[name]
unknown

[dist]
# distance from previous block
# <min> <max>
0	0

[block]
# block no. 0 follows, 22 sequences, length 20
# corresponding to MSA columns:
# 0-19
name=unknown_A
#
# <colnr> <probs for GDERKNQSTAVLIFYWHMCP>
#	G	D	E	R	K	N	Q	S	T	A	V	L	I	F	Y	W	H	M	C	P
0	0.01339	0.00956	0.01339	0.01530	0.01721	0.00956	0.01339	0.01721	0.01912	0.02486	0.04399	0.09371	0.04781	0.02295	0.01147	0.00382	0.00765	0.60031	0.00765	0.00765
1	0.01143	0.00848	0.01065	0.01011	0.01221	0.00770	0.00758	0.01504	0.02274	0.03147	0.55532	0.06510	0.17606	0.01767	0.00980	0.00265	0.00397	0.01545	0.00890	0.00770
2	0.01424	0.01160	0.01404	0.01200	0.01648	0.00926	0.00895	0.01699	0.01667	0.02461	0.02779	0.30488	0.03020	0.01449	0.00802	0.00213	0.00559	0.01277	0.00609	0.44319
3	0.02324	0.01314	0.01608	0.01327	0.01795	0.01236	0.01056	0.08109	0.08574	0.24514	0.21754	0.04198	0.09954	0.01306	0.00875	0.00251	0.00592	0.01097	0.00890	0.07228
4	0.00988	0.00818	0.00866	0.00904	0.01138	0.00696	0.00659	0.01185	0.01834	0.02220	0.07659	0.20271	0.53497	0.02202	0.00997	0.00292	0.00433	0.01873	0.00771	0.00696
5	0.02617	0.01591	0.01849	0.01573	0.02089	0.01679	0.01248	0.04105	0.37781	0.26337	0.07172	0.03193	0.02690	0.01126	0.00850	0.00271	0.00659	0.00936	0.00916	0.01318
6	0.01569	0.01477	0.02492	0.68808	0.05722	0.01846	0.02307	0.02123	0.01661	0.02123	0.01477	0.02215	0.01107	0.00831	0.00831	0.00277	0.01107	0.00738	0.00369	0.00923
7	0.02114	0.02129	0.03061	0.04401	0.52536	0.10009	0.02288	0.02565	0.01987	0.02680	0.06723	0.02326	0.01818	0.00833	0.00826	0.00244	0.01002	0.00777	0.00454	0.01229
8	0.01079	0.00810	0.00964	0.00992	0.01151	0.00734	0.00697	0.01301	0.01870	0.02466	0.24235	0.22653	0.24451	0.11106	0.01426	0.00358	0.00478	0.01756	0.00780	0.00694
9	0.01208	0.00805	0.00906	0.00906	0.00906	0.00805	0.00503	0.01208	0.01208	0.01611	0.02618	0.05436	0.03020	0.70804	0.04228	0.00805	0.00805	0.01208	0.00503	0.00503
10	0.02074	0.01380	0.01582	0.01322	0.01741	0.01379	0.01051	0.20893	0.02730	0.11714	0.24040	0.04887	0.18785	0.01491	0.00915	0.00262	0.00602	0.01242	0.00869	0.01041
11	0.02191	0.01949	0.02768	0.03820	0.43375	0.08213	0.02047	0.02608	0.02013	0.09331	0.05666	0.02845	0.07596	0.00958	0.00839	0.00248	0.00925	0.00863	0.00537	0.01207
12	0.03107	0.03848	0.02364	0.02125	0.02569	0.63039	0.01603	0.07382	0.02460	0.02252	0.01333	0.01532	0.01093	0.00866	0.00755	0.00216	0.01458	0.00550	0.00456	0.00994
13	0.02008	0.01925	0.03285	0.11420	0.59679	0.01961	0.02526	0.02507	0.01869	0.02655	0.01554	0.02072	0.01295	0.00749	0.00823	0.00250	0.00999	0.00740	0.00407	0.01277
14	0.01378	0.01044	0.01193	0.01172	0.01413	0.01014	0.00862	0.11687	0.02138	0.02774	0.09566	0.33364	0.25046	0.02100	0.00989	0.00298	0.00529	0.01824	0.00791	0.00817
15	0.02850	0.03213	0.02630	0.02844	0.18312	0.41142	0.01837	0.12277	0.02477	0.02695	0.01463	0.01714	0.01184	0.00849	0.00780	0.00228	0.01281	0.00619	0.00486	0.01120
16	0.05684	0.44824	0.03723	0.02075	0.12198	0.02888	0.01604	0.13384	0.02108	0.02745	0.01371	0.01567	0.01161	0.00770	0.00632	0.00205	0.00898	0.00546	0.00457	0.01161
17	0.02604	0.03087	0.02575	0.02653	0.13192	0.40124	0.01819	0.02858	0.02005	0.02140	0.01283	0.01673	0.01117	0.00986	0.01255	0.00257	0.18335	0.00618	0.00409	0.01010
18	0.01689	0.00960	0.01243	0.01109	0.01384	0.00870	0.00839	0.02021	0.02227	0.15989	0.43457	0.05557	0.09787	0.07693	0.01237	0.00310	0.00495	0.01355	0.00893	0.00883
19	0.12833	0.05381	0.01816	0.01497	0.01946	0.05891	0.01183	0.03457	0.34202	0.06625	0.13316	0.03169	0.03008	0.01129	0.00797	0.00264	0.00677	0.00908	0.00767	0.01135

[dist]
# distance from previous block
# <min> <max>
0	2

[block]
# block no. 1 follows, 22 sequences, length 80
# corresponding to MSA columns:
# 22-101
name=unknown_B
#
# <colnr> <probs for GDERKNQSTAVLIFYWHMCP>
#	G	D	E	R	K	N	Q	S	T	A	V	L	I	F	Y	W	H	M	C	P
0	0.01036	0.00849	0.00916	0.00914	0.01175	0.00730	0.00696	0.01288	0.01977	0.02453	0.18451	0.07744	0.51743	0.02041	0.00990	0.00282	0.00434	0.04765	0.00797	0.00720
1	0.02378	0.02584	0.03059	0.04190	0.46253	0.22093	0.02259	0.02785	0.02034	0.02505	0.01477	0.01885	0.01240	0.00776	0.00800	0.00237	0.01144	0.00677	0.00416	0.01208
2	0.01143	0.00801	0.01028	0.01088	0.01138	0.00822	0.00716	0.01259	0.01357	0.01845	0.03124	0.24821	0.03551	0.34129	0.18665	0.00791	0.01052	0.01485	0.00571	0.00614
3	0.01320	0.00950	0.01312	0.01493	0.01689	0.00943	0.01301	0.01693	0.01911	0.02473	0.04614	0.09297	0.08023	0.02285	0.01139	0.00377	0.00747	0.56908	0.00765	0.00762
4	0.01526	0.00781	0.00809	0.00809	0.00999	0.00790	0.00609	0.01908	0.01717	0.03026	0.02680	0.03107	0.02126	0.01289	0.04670	0.00263	0.00499	0.00781	0.70836	0.00772
5	0.02151	0.02285	0.03038	0.19895	0.34084	0.15670	0.05962	0.02613	0.01937	0.02424	0.01491	0.01989	0.01210	0.00784	0.00819	0.00249	0.01149	0.00711	0.00405	0.01134
6	0.02022	0.02014	0.03319	0.14764	0.47936	0.05095	0.07683	0.02529	0.01884	0.02585	0.01546	0.02070	0.01267	0.00756	0.00834	0.00253	0.01066	0.00751	0.00406	0.01221
7	0.02719	0.03246	0.02672	0.03037	0.21619	0.44248	0.01902	0.03016	0.02157	0.02237	0.01358	0.01684	0.01146	0.00852	0.00875	0.00232	0.04906	0.00607	0.00420	0.01067
8	0.01208	0.00805	0.00906	0.00906	0.00906	0.00805	0.00503	0.01208	0.01208	0.01611	0.02618	0.05436	0.03020	0.70804	0.04228	0.00805	0.00805	0.01208	0.00503	0.00503
9	0.57799	0.01630	0.01449	0.01227	0.01776	0.01807	0.01011	0.07596	0.01786	0.14938	0.01601	0.01664	0.01146	0.00835	0.00597	0.00256	0.00676	0.00542	0.00631	0.01032
10	0.76672	0.01607	0.01221	0.01092	0.01607	0.01864	0.00900	0.02442	0.01414	0.03727	0.01157	0.01350	0.00900	0.00771	0.00514	0.00257	0.00643	0.00450	0.00514	0.00900
11	0.01176	0.00849	0.01110	0.01045	0.01241	0.00784	0.00784	0.01568	0.02352	0.03331	0.65184	0.06206	0.07839	0.01698	0.00980	0.00261	0.00392	0.01502	0.00914	0.00784
12	0.02056	0.01974	0.03372	0.05099	0.65622	0.01974	0.02550	0.02550	0.01892	0.02714	0.01563	0.02056	0.01316	0.00740	0.00822	0.00247	0.00987	0.00740	0.00411	0.01316
13	0.01208	0.00805	0.00906	0.00906	0.00906	0.00805	0.00503	0.01208	0.01208	0.01611	0.02618	0.05436	0.03020	0.70804	0.04228	0.00805	0.00805	0.01208	0.00503	0.00503
14	0.01012	0.00723	0.00964	0.01157	0.01205	0.00675	0.00771	0.01157	0.01591	0.02121	0.04579	0.70262	0.05495	0.02603	0.01060	0.00337	0.00482	0.02362	0.00771	0.00675
15	0.02221	0.71304	0.04353	0.01421	0.02132	0.03287	0.01421	0.02488	0.01688	0.01955	0.01155	0.01333	0.01066	0.00711	0.00533	0.00178	0.00888	0.00444	0.00355	0.01066
16	0.24525	0.02079	0.01858	0.01568	0.02111	0.12964	0.01254	0.10974	0.12538	0.18963	0.02176	0.02111	0.01550	0.00937	0.00728	0.00253	0.00841	0.00678	0.00721	0.01171
17	0.03106	0.03872	0.02362	0.02128	0.02569	0.63992	0.01604	0.06507	0.02437	0.02205	0.01322	0.01525	0.01088	0.00864	0.00753	0.00216	0.01467	0.00546	0.00450	0.00987
18	0.01592	0.01500	0.02534	0.65761	0.08587	0.01852	0.02319	0.02143	0.01672	0.02151	0.01481	0.02207	0.01117	0.00826	0.00830	0.00275	0.01102	0.00738	0.00371	0.00942
19	0.02063	0.01846	0.02366	0.02804	0.22886	0.02036	0.01718	0.03805	0.43798	0.03227	0.02787	0.02759	0.02137	0.01001	0.00838	0.00270	0.00765	0.00874	0.00704	0.01315
20	0.03322	0.01583	0.01974	0.01566	0.02175	0.01534	0.01277	0.10024	0.15465	0.46944	0.03170	0.02801	0.02092	0.01046	0.00837	0.00261	0.00717	0.00848	0.00970	0.01393
21	0.02129	0.60179	0.14672	0.01579	0.02375	0.03062	0.01695	0.02511	0.01699	0.02067	0.01211	0.01403	0.01064	0.00724	0.00576	0.00192	0.00945	0.00472	0.00355	0.01093
22	0.01666	0.04297	0.66500	0.02368	0.03596	0.01929	0.03069	0.02631	0.01754	0.02631	0.01491	0.01754	0.01052	0.00789	0.00789	0.00263	0.01228	0.00614	0.00351	0.01228
23	0.03064	0.02217	0.02394	0.01864	0.02505	0.02447	0.01530	0.53130	0.10664	0.08235	0.02219	0.02164	0.01574	0.01014	0.00833	0.00253	0.00874	0.00774	0.00843	0.01402
24	0.01034	0.00838	0.00917	0.00909	0.01157	0.00722	0.00677	0.01289	0.02000	0.02523	0.23094	0.10352	0.47542	0.02020	0.00985	0.00278	0.00416	0.01715	0.00809	0.00722
25	0.01295	0.01049	0.01543	0.01480	0.01603	0.01297	0.01172	0.01572	0.01324	0.01941	0.02030	0.03015	0.01908	0.05411	0.56394	0.01168	0.13734	0.00862	0.00431	0.00770
26	0.01208	0.00805	0.00906	0.00906	0.00906	0.00805	0.00503	0.01208	0.01208	0.01611	0.02618	0.05436	0.03020	0.70804	0.04228	0.00805	0.00805	0.01208	0.00503	0.00503
27	0.02056	0.01974	0.03372	0.05099	0.65622	0.01974	0.02550	0.02550	0.01892	0.02714	0.01563	0.02056	0.01316	0.00740	0.00822	0.00247	0.00987	0.00740	0.00411	0.01316
28	0.02056	0.01974	0.03372	0.05099	0.65622	0.01974	0.02550	0.02550	0.01892	0.02714	0.01563	0.02056	0.01316	0.00740	0.00822	0.00247	0.00987	0.00740	0.00411	0.01316
29	0.01666	0.04297	0.66500	0.02368	0.03596	0.01929	0.03069	0.02631	0.01754	0.02631	0.01491	0.01754	0.01052	0.00789	0.00789	0.00263	0.01228	0.00614	0.00351	0.01228
30	0.02196	0.68288	0.07151	0.01464	0.02198	0.03226	0.01496	0.02494	0.01691	0.01985	0.01170	0.01352	0.01065	0.00714	0.00545	0.00182	0.00904	0.00452	0.00355	0.01073
31	0.01666	0.04297	0.66500	0.02368	0.03596	0.01929	0.03069	0.02631	0.01754	0.02631	0.01491	0.01754	0.01052	0.00789	0.00789	0.00263	0.01228	0.00614	0.00351	0.01228
32	0.03482	0.01469	0.01921	0.01509	0.02127	0.01346	0.01235	0.04103	0.11499	0.56931	0.03293	0.02868	0.02127	0.01043	0.00837	0.00261	0.00700	0.00851	0.01001	0.01399
33	0.01012	0.00723	0.00964	0.01157	0.01205	0.00675	0.00771	0.01157	0.01591	0.02121	0.04579	0.70262	0.05495	0.02603	0.01060	0.00337	0.00482	0.02362	0.00771	0.00675
34	0.01012	0.00723	0.00964	0.01157	0.01205	0.00675	0.00771	0.01157	0.01591	0.02121	0.04579	0.70262	0.05495	0.02603	0.01060	0.00337	0.00482	0.02362	0.00771	0.00675
35	0.01696	0.01606	0.02722	0.52162	0.21373	0.01879	0.02370	0.02234	0.01721	0.02277	0.01499	0.02173	0.01162	0.00807	0.00828	0.00269	0.01076	0.00739	0.00380	0.01026
36	0.03103	0.03959	0.02354	0.02140	0.02568	0.67469	0.01605	0.03317	0.02354	0.02033	0.01284	0.01498	0.01070	0.00856	0.00749	0.00214	0.01498	0.00535	0.00428	0.00963
37	0.01012	0.00723	0.00964	0.01157	0.01205	0.00675	0.00771	0.01157	0.01591	0.02121	0.04579	0.70262	0.05495	0.02603	0.01060	0.00337	0.00482	0.02362	0.00771	0.00675
38	0.01012	0.00723	0.00964	0.01157	0.01205	0.00675	0.00771	0.01157	0.01591	0.02121	0.04579	0.70262	0.05495	0.02603	0.01060	0.00337	0.00482	0.02362	0.00771	0.00675
39	0.02036	0.02093	0.06599	0.04959	0.62452	0.01972	0.02576	0.02554	0.01885	0.02710	0.01559	0.02041	0.01302	0.00743	0.00821	0.00248	0.00999	0.00734	0.00408	0.01311
40	0.03147	0.03334	0.02357	0.02164	0.05520	0.48177	0.01593	0.09617	0.02498	0.11474	0.01654	0.01765	0.01257	0.00890	0.00773	0.00225	0.01301	0.00610	0.00554	0.01091
41	0.03103	0.03959	0.02354	0.02140	0.02568	0.67469	0.01605	0.03317	0.02354	0.02033	0.01284	0.01498	0.01070	0.00856	0.00749	0.00214	0.01498	0.00535	0.00428	0.00963
42	0.01723	0.01477	0.01723	0.01230	0.01969	0.01107	0.00984	0.02092	0.01723	0.02707	0.01477	0.01723	0.01230	0.00615	0.00615	0.00123	0.00615	0.00492	0.00492	0.75883
43	0.02408	0.57033	0.03930	0.01574	0.02225	0.16888	0.01460	0.02663	0.01829	0.01971	0.01182	0.01368	0.01067	0.00742	0.00579	0.00185	0.01018	0.00463	0.00371	0.01044
44	0.00997	0.00783	0.00902	0.00997	0.01163	0.00688	0.00700	0.01175	0.01744	0.02183	0.06528	0.38628	0.35871	0.02349	0.01020	0.00308	0.00451	0.02053	0.00771	0.00688
45	0.03103	0.03959	0.02354	0.02140	0.02568	0.67469	0.01605	0.03317	0.02354	0.02033	0.01284	0.01498	0.01070	0.00856	0.00749	0.00214	0.01498	0.00535	0.00428	0.00963
46	0.01723	0.01477	0.01723	0.01230	0.01969	0.01107	0.00984	0.02092	0.01723	0.02707	0.01477	0.01723	0.01230	0.00615	0.00615	0.00123	0.00615	0.00492	0.00492	0.75883
47	0.02099	0.47408	0.23134	0.01747	0.02600	0.06242	0.01932	0.02575	0.01743	0.02164	0.01264	0.01469	0.01062	0.00742	0.00622	0.00206	0.01024	0.00501	0.00358	0.01110
48	0.01192	0.00869	0.01231	0.01231	0.01343	0.00982	0.00908	0.01416	0.01304	0.01851	0.02321	0.03793	0.02307	0.21955	0.52102	0.01206	0.01879	0.00968	0.00459	0.00684
49	0.02737	0.20544	0.06777	0.01978	0.02505	0.44565	0.01659	0.03009	0.02102	0.02049	0.01256	0.01488	0.01069	0.00844	0.00790	0.00215	0.04482	0.00526	0.00402	0.01002
50	0.01161	0.00826	0.01044	0.01106	0.01191	0.00832	0.00769	0.01310	0.01454	0.01934	0.03661	0.18746	0.08967	0.30868	0.14582	0.00712	0.00964	0.08641	0.00602	0.00631
51	0.02392	0.01946	0.02062	0.01757	0.02284	0.02219	0.01394	0.21862	0.46143	0.04001	0.02967	0.02770	0.02201	0.01088	0.00841	0.00272	0.00734	0.00882	0.00841	0.01344
52	0.02452	0.54329	0.03895	0.01542	0.02241	0.03112	0.01460	0.17343	0.02234	0.02762	0.01362	0.01496	0.01151	0.00781	0.00606	0.00195	0.00895	0.00519	0.00472	0.01151
53	0.01853	0.01036	0.01273	0.01102	0.01481	0.00893	0.00862	0.02158	0.02163	0.20683	0.24012	0.05686	0.26756	0.01604	0.00922	0.00260	0.00502	0.01357	0.00874	0.04522
54	0.01666	0.04297	0.66500	0.02368	0.03596	0.01929	0.03069	0.02631	0.01754	0.02631	0.01491	0.01754	0.01052	0.00789	0.00789	0.00263	0.01228	0.00614	0.00351	0.01228
55	0.39723	0.02021	0.01825	0.01504	0.02074	0.05302	0.01230	0.27237	0.05348	0.04250	0.01607	0.01700	0.01192	0.00884	0.00670	0.00253	0.00795	0.00598	0.00655	0.01131
56	0.72730	0.01748	0.04652	0.01160	0.01711	0.01867	0.01014	0.02452	0.01432	0.03670	0.01174	0.01371	0.00908	0.00772	0.00529	0.00257	0.00673	0.00458	0.00506	0.00917
57	0.01319	0.00924	0.01172	0.01250	0.01488	0.00861	0.01035	0.01629	0.01941	0.05781	0.09391	0.11575	0.24863	0.02145	0.01062	0.00332	0.00611	0.31059	0.00790	0.00774
58	0.10096	0.15227	0.11193	0.01857	0.02451	0.33911	0.01645	0.06048	0.02112	0.02495	0.01389	0.01599	0.01123	0.00826	0.00689	0.00219	0.01180	0.00545	0.04370	0.01024
59	0.02846	0.23685	0.02948	0.01919	0.02440	0.45883	0.01550	0.05570	0.02223	0.02144	0.01276	0.01470	0.01083	0.00819	0.00689	0.00205	0.01294	0.00517	0.00424	0.01012
60	0.01012	0.00723	0.00964	0.01157	0.01205	0.00675	0.00771	0.01157	0.01591	0.02121	0.04579	0.70262	0.05495	0.02603	0.01060	0.00337	0.00482	0.02362	0.00771	0.00675
61	0.03184	0.02284	0.02467	0.01891	0.02555	0.02513	0.01562	0.60118	0.03835	0.08070	0.02054	0.02033	0.01443	0.00999	0.00831	0.00250	0.00905	0.00752	0.00840	0.01413
62	0.02182	0.02527	0.02315	0.01999	0.02306	0.28709	0.06774	0.02428	0.01905	0.02122	0.02756	0.03018	0.14544	0.01280	0.01399	0.00278	0.21188	0.00885	0.00480	0.00906
63	0.02221	0.71304	0.04353	0.01421	0.02132	0.03287	0.01421	0.02488	0.01688	0.01955	0.01155	0.01333	0.01066	0.00711	0.00533	0.00178	0.00888	0.00444	0.00355	0.01066
64	0.01012	0.00723	0.00964	0.01157	0.01205	0.00675	0.00771	0.01157	0.01591	0.02121	0.04579	0.70262	0.05495	0.02603	0.01060	0.00337	0.00482	0.02362	0.00771	0.00675
65	0.02817	0.01868	0.02024	0.01596	0.02144	0.02017	0.01304	0.42794	0.03243	0.10131	0.02283	0.02337	0.01644	0.00993	0.00770	0.00236	0.00767	0.00762	0.19011	0.01257
66	0.01107	0.00791	0.01073	0.01265	0.01355	0.00757	0.00937	0.01321	0.01684	0.02227	0.04526	0.52522	0.05287	0.02513	0.01086	0.00351	0.00564	0.19163	0.00769	0.00701
67	0.01176	0.00849	0.01110	0.01045	0.01241	0.00784	0.00784	0.01568	0.02352	0.03331	0.65184	0.06206	0.07839	0.01698	0.00980	0.00261	0.00392	0.01502	0.00914	0.00784
68	0.01208	0.00805	0.00906	0.00906	0.00906	0.00805	0.00503	0.01208	0.01208	0.01611	0.02618	0.05436	0.03020	0.70804	0.04228	0.00805	0.00805	0.01208	0.00503	0.00503
69	0.03158	0.02327	0.02493	0.01911	0.02576	0.02576	0.01579	0.62852	0.03906	0.05236	0.01995	0.01995	0.01413	0.00997	0.00831	0.00249	0.00914	0.00748	0.00831	0.01413
70	0.02056	0.01974	0.03372	0.05099	0.65622	0.01974	0.02550	0.02550	0.01892	0.02714	0.01563	0.02056	0.01316	0.00740	0.00822	0.00247	0.00987	0.00740	0.00411	0.01316
71	0.01600	0.01498	0.02128	0.01890	0.01941	0.02026	0.01549	0.01822	0.01294	0.01975	0.01481	0.02316	0.01430	0.03100	0.25047	0.00698	0.46180	0.00783	0.00392	0.00851
72	0.76672	0.01607	0.01221	0.01092	0.01607	0.01864	0.00900	0.02442	0.01414	0.03727	0.01157	0.01350	0.00900	0.00771	0.00514	0.00257	0.00643	0.00450	0.00514	0.00900
73	0.01037	0.00833	0.00925	0.00924	0.01162	0.00721	0.00685	0.01291	0.01991	0.02528	0.23441	0.12932	0.44537	0.02038	0.00988	0.00280	0.00418	0.01738	0.00810	0.00721
74	0.02056	0.01974	0.03372	0.05099	0.65622	0.01974	0.02550	0.02550	0.01892	0.02714	0.01563	0.02056	0.01316	0.00740	0.00822	0.00247	0.00987	0.00740	0.00411	0.01316
75	0.61077	0.16206	0.01877	0.01161	0.01717	0.02162	0.01009	0.02452	0.01471	0.03356	0.01156	0.01346	0.00935	0.00759	0.00518	0.00240	0.00694	0.00449	0.00481	0.00935
76	0.01039	0.00743	0.00993	0.01170	0.01234	0.00696	0.00802	0.01211	0.01654	0.02214	0.08272	0.63153	0.05600	0.02531	0.01060	0.00335	0.00491	0.05335	0.00780	0.00686
77	0.02581	0.43967	0.03550	0.01703	0.02309	0.26513	0.01495	0.05356	0.02024	0.02123	0.01237	0.01421	0.01082	0.00776	0.00624	0.00194	0.01110	0.00490	0.00402	0.01044
78	0.02904	0.03452	0.02269	0.02041	0.02489	0.51400	0.01547	0.06574	0.14477	0.02478	0.01729	0.01836	0.01373	0.00916	0.00772	0.00229	0.01304	0.00625	0.00530	0.01055
79	0.27629	0.02700	0.02017	0.01724	0.02250	0.26706	0.01362	0.20370	0.02493	0.03531	0.01449	0.01593	0.01113	0.00869	0.00695	0.00239	0.01043	0.00569	0.00574	0.01073

[dist]
# distance from previous block
# <min> <max>
0	1

[block]
# block no. 2 follows, 22 sequences, length 19
# corresponding to MSA columns:
# 103-121
name=unknown_C
#
# <colnr> <probs for GDERKNQSTAVLIFYWHMCP>
#	G	D	E	R	K	N	Q	S	T	A	V	L	I	F	Y	W	H	M	C	P
0	0.02573	0.01137	0.01501	0.01268	0.01652	0.01017	0.00964	0.02813	0.02032	0.37564	0.10433	0.11812	0.03338	0.16140	0.01601	0.00384	0.00665	0.01174	0.00873	0.01059
1	0.01047	0.00851	0.00933	0.00932	0.01188	0.00736	0.00712	0.01308	0.01992	0.02492	0.20221	0.07708	0.48944	0.02031	0.00993	0.00283	0.00438	0.05666	0.00801	0.00723
2	0.01801	0.01714	0.02911	0.38446	0.34269	0.01907	0.02423	0.02326	0.01771	0.02404	0.01518	0.02139	0.01207	0.00787	0.00827	0.00262	0.01050	0.00739	0.00389	0.01110
3	0.02221	0.71304	0.04353	0.01421	0.02132	0.03287	0.01421	0.02488	0.01688	0.01955	0.01155	0.01333	0.01066	0.00711	0.00533	0.00178	0.00888	0.00444	0.00355	0.01066
4	0.01038	0.00830	0.00929	0.00935	0.01164	0.00721	0.00689	0.01290	0.01982	0.02525	0.23413	0.14932	0.42518	0.02053	0.00991	0.00282	0.00420	0.01758	0.00810	0.00721
5	0.00982	0.00842	0.00842	0.00842	0.01122	0.00701	0.00631	0.01192	0.01894	0.02244	0.08416	0.07995	0.65285	0.02104	0.00982	0.00281	0.00421	0.01753	0.00771	0.00701
6	0.02022	0.01939	0.03310	0.09583	0.61406	0.01965	0.02532	0.02519	0.01875	0.02672	0.01557	0.02067	0.01301	0.00747	0.00823	0.00249	0.00995	0.00740	0.00408	0.01288
7	0.01176	0.00849	0.01110	0.01045	0.01241	0.00784	0.00784	0.01568	0.02352	0.03331	0.65184	0.06206	0.07839	0.01698	0.00980	0.00261	0.00392	0.01502	0.00914	0.00784
8	0.01208	0.00805	0.00906	0.00906	0.00906	0.00805	0.00503	0.01208	0.01208	0.01611	0.02618	0.05436	0.03020	0.70804	0.04228	0.00805	0.00805	0.01208	0.00503	0.00503
9	0.01666	0.04297	0.66500	0.02368	0.03596	0.01929	0.03069	0.02631	0.01754	0.02631	0.01491	0.01754	0.01052	0.00789	0.00789	0.00263	0.01228	0.00614	0.00351	0.01228
10	0.01012	0.00723	0.00964	0.01157	0.01205	0.00675	0.00771	0.01157	0.01591	0.02121	0.04579	0.70262	0.05495	0.02603	0.01060	0.00337	0.00482	0.02362	0.00771	0.00675
11	0.03103	0.03959	0.02354	0.02140	0.02568	0.67469	0.01605	0.03317	0.02354	0.02033	0.01284	0.01498	0.01070	0.00856	0.00749	0.00214	0.01498	0.00535	0.00428	0.00963
12	0.76672	0.01607	0.01221	0.01092	0.01607	0.01864	0.00900	0.02442	0.01414	0.03727	0.01157	0.01350	0.00900	0.00771	0.00514	0.00257	0.00643	0.00450	0.00514	0.00900
13	0.01187	0.00890	0.01335	0.01335	0.01483	0.01038	0.01038	0.01483	0.01335	0.01928	0.02225	0.03264	0.02077	0.06231	0.67512	0.01335	0.02225	0.00890	0.00445	0.00742
14	0.01569	0.01477	0.02492	0.68808	0.05722	0.01846	0.02307	0.02123	0.01661	0.02123	0.01477	0.02215	0.01107	0.00831	0.00831	0.00277	0.01107	0.00738	0.00369	0.00923
15	0.02056	0.01974	0.03372	0.05099	0.65622	0.01974	0.02550	0.02550	0.01892	0.02714	0.01563	0.02056	0.01316	0.00740	0.00822	0.00247	0.00987	0.00740	0.00411	0.01316
16	0.01785	0.01229	0.01542	0.01476	0.01788	0.01253	0.01235	0.14208	0.02457	0.06477	0.19945	0.06706	0.04769	0.01810	0.01023	0.00317	0.00694	0.29520	0.00831	0.00934
17	0.01010	0.00731	0.00956	0.01136	0.01200	0.00676	0.00762	0.01159	0.01610	0.02129	0.04826	0.66248	0.09349	0.02571	0.01055	0.00334	0.00478	0.02322	0.00771	0.00676
18	0.02221	0.71304	0.04353	0.01421	0.02132	0.03287	0.01421	0.02488	0.01688	0.01955	0.01155	0.01333	0.01066	0.00711	0.00533	0.00178	0.00888	0.00444	0.00355	0.01066

[dist]
# distance from previous block
# <min> <max>
0	1

# created by:
# /home/cegg/simao/soft/augustus-3.2.1/scripts/msa2prfl.pl ./align_prep/14727.fa
