[name]
unknown

[dist]
# distance from previous block
# <min> <max>
0	0

[block]
# block no. 0 follows, 21 sequences, length 13
# corresponding to MSA columns:
# 0-12
name=unknown_A
#
# <colnr> <probs for GDERKNQSTAVLIFYWHMCP>
#	G	D	E	R	K	N	Q	S	T	A	V	L	I	F	Y	W	H	M	C	P
0	0.01371	0.00980	0.01371	0.01567	0.01763	0.00980	0.01371	0.01763	0.01959	0.02547	0.04506	0.09599	0.04898	0.02351	0.01175	0.00392	0.00784	0.59056	0.00784	0.00784
1	0.03026	0.08539	0.02642	0.02394	0.07798	0.56842	0.01712	0.03273	0.02324	0.02135	0.01330	0.01571	0.01117	0.00857	0.00758	0.00219	0.01447	0.00559	0.00432	0.01024
2	0.01783	0.01305	0.01656	0.13946	0.02346	0.01482	0.01245	0.10485	0.01946	0.02890	0.02261	0.05878	0.01989	0.09544	0.03921	0.00365	0.08000	0.00896	0.24314	0.03751
3	0.01220	0.00907	0.01113	0.01110	0.01307	0.00847	0.00811	0.04456	0.02170	0.02935	0.33066	0.25179	0.17591	0.02056	0.01021	0.00294	0.00461	0.01809	0.00861	0.00787
4	0.01930	0.01842	0.03135	0.27448	0.43939	0.01976	0.02524	0.02457	0.01854	0.02566	0.01570	0.02164	0.01272	0.00791	0.00845	0.00264	0.01055	0.00758	0.00406	0.01206
5	0.02100	0.01370	0.01532	0.01349	0.01799	0.01379	0.01058	0.03178	0.25441	0.17815	0.05399	0.05015	0.25994	0.01511	0.00917	0.00282	0.00593	0.01254	0.00882	0.01132
6	0.01341	0.01011	0.01229	0.05819	0.01693	0.00992	0.00941	0.01846	0.09165	0.05408	0.12574	0.26109	0.24636	0.02008	0.00997	0.00302	0.00539	0.01748	0.00800	0.00843
7	0.01204	0.00816	0.00955	0.00980	0.01004	0.00802	0.00582	0.01260	0.01396	0.01878	0.08149	0.15540	0.03899	0.53935	0.03551	0.00704	0.00738	0.01446	0.00593	0.00567
8	0.01418	0.00889	0.01140	0.08869	0.01705	0.00952	0.00924	0.01771	0.01670	0.02651	0.02899	0.15601	0.02698	0.02265	0.12671	0.00447	0.00842	0.01117	0.38686	0.00786
9	0.02441	0.02525	0.03143	0.04271	0.45618	0.17197	0.02311	0.07209	0.02202	0.02809	0.01567	0.01968	0.01296	0.00806	0.00826	0.00245	0.01128	0.00710	0.00457	0.01271
10	0.22849	0.02182	0.02081	0.02392	0.16285	0.18467	0.01527	0.02529	0.01790	0.02702	0.01570	0.02046	0.01346	0.02114	0.16150	0.00508	0.01345	0.00657	0.00463	0.00998
11	0.01604	0.01437	0.02341	0.25288	0.03440	0.01731	0.08069	0.02034	0.01591	0.02280	0.01788	0.02553	0.01503	0.02268	0.16617	0.00544	0.14046	0.00821	0.09143	0.00903
12	0.01966	0.02226	0.08430	0.11191	0.18331	0.02096	0.27232	0.02790	0.08421	0.02728	0.01810	0.02284	0.01401	0.00833	0.01006	0.00282	0.04450	0.00873	0.00460	0.01190

[dist]
# distance from previous block
# <min> <max>
0	3

[block]
# block no. 1 follows, 21 sequences, length 7
# corresponding to MSA columns:
# 16-22
name=unknown_B
#
# <colnr> <probs for GDERKNQSTAVLIFYWHMCP>
#	G	D	E	R	K	N	Q	S	T	A	V	L	I	F	Y	W	H	M	C	P
0	0.21226	0.02116	0.02277	0.27121	0.09288	0.13045	0.01817	0.08605	0.02014	0.02962	0.01457	0.01878	0.01125	0.00849	0.00753	0.00262	0.01049	0.00646	0.00479	0.01034
1	0.08515	0.01997	0.07138	0.20483	0.31788	0.01987	0.02274	0.02736	0.09581	0.02808	0.01772	0.02198	0.01394	0.00839	0.00817	0.00267	0.00986	0.00748	0.00471	0.01200
2	0.02852	0.03169	0.02217	0.01982	0.02411	0.42371	0.01503	0.15710	0.02631	0.02806	0.02008	0.12420	0.01890	0.01192	0.00836	0.00247	0.01240	0.00892	0.00583	0.01039
3	0.02206	0.01681	0.01782	0.01561	0.01990	0.06015	0.01231	0.15707	0.14570	0.09007	0.13338	0.10731	0.06039	0.01460	0.00920	0.00278	0.00728	0.05688	0.00829	0.04239
4	0.01774	0.01130	0.01380	0.01186	0.01547	0.00964	0.00853	0.01982	0.01685	0.12228	0.02847	0.17913	0.02895	0.21736	0.01863	0.00403	0.00673	0.01197	0.00657	0.25088
5	0.01722	0.01203	0.01323	0.01178	0.01343	0.01265	0.00783	0.15971	0.01908	0.02551	0.02526	0.04713	0.02694	0.53330	0.03487	0.00687	0.00852	0.01123	0.00597	0.00742
6	0.01626	0.01414	0.02106	0.01748	0.02136	0.01390	0.11394	0.07910	0.02011	0.02782	0.08034	0.25237	0.07627	0.01631	0.01115	0.00284	0.06745	0.01445	0.00664	0.12699

[dist]
# distance from previous block
# <min> <max>
5	11

[block]
# block no. 2 follows, 21 sequences, length 19
# corresponding to MSA columns:
# 35-53
name=unknown_C
#
# <colnr> <probs for GDERKNQSTAVLIFYWHMCP>
#	G	D	E	R	K	N	Q	S	T	A	V	L	I	F	Y	W	H	M	C	P
0	0.03186	0.03832	0.02431	0.02161	0.02632	0.58086	0.01641	0.11252	0.02625	0.02523	0.01413	0.01603	0.01143	0.00896	0.00779	0.00224	0.01454	0.00577	0.00494	0.01048
1	0.02038	0.02237	0.02034	0.01868	0.02046	0.22911	0.01447	0.02237	0.01817	0.02158	0.05040	0.16971	0.05870	0.01592	0.01588	0.00308	0.25293	0.01135	0.00531	0.00880
2	0.01673	0.01117	0.01587	0.01507	0.01816	0.01065	0.05203	0.02135	0.05411	0.11070	0.12159	0.15708	0.11650	0.01944	0.01050	0.00327	0.00683	0.22163	0.00821	0.00910
3	0.31779	0.01906	0.04321	0.01359	0.01750	0.12285	0.01077	0.04592	0.01745	0.02900	0.02359	0.12523	0.05070	0.11484	0.01265	0.00353	0.00832	0.00966	0.00568	0.00864
4	0.08625	0.01697	0.02737	0.40694	0.25357	0.01937	0.02315	0.02352	0.01758	0.02530	0.01512	0.02132	0.01187	0.00814	0.00818	0.00271	0.01049	0.00730	0.00406	0.01079
5	0.01607	0.01513	0.02552	0.68047	0.05861	0.01891	0.02363	0.02174	0.01702	0.02174	0.01513	0.02269	0.01134	0.00851	0.00851	0.00284	0.01134	0.00756	0.00378	0.00945
6	0.02460	0.17936	0.02636	0.01795	0.02233	0.23679	0.01465	0.02966	0.09127	0.06754	0.01821	0.02107	0.01511	0.01829	0.11515	0.00421	0.07514	0.00674	0.00513	0.01044
7	0.01653	0.01004	0.01220	0.01188	0.01504	0.00899	0.00958	0.01928	0.02000	0.14255	0.06137	0.07444	0.32464	0.05732	0.01208	0.00342	0.00608	0.17768	0.00823	0.00864
8	0.03213	0.03043	0.02498	0.02050	0.02636	0.27885	0.01628	0.38864	0.03375	0.04070	0.01756	0.01843	0.01309	0.00965	0.00818	0.00241	0.01172	0.00680	0.00689	0.01266
9	0.01837	0.01488	0.01671	0.01592	0.01976	0.01631	0.01291	0.07884	0.31714	0.03233	0.04307	0.05715	0.10788	0.01642	0.00979	0.00318	0.00700	0.19302	0.00830	0.01101
10	0.35547	0.07192	0.14019	0.01655	0.02360	0.07402	0.01585	0.15347	0.02158	0.03674	0.01444	0.01613	0.01089	0.00846	0.00670	0.00254	0.00919	0.00565	0.00546	0.01115
11	0.01893	0.01847	0.02007	0.02185	0.11291	0.13696	0.01532	0.02250	0.02018	0.02592	0.10819	0.04859	0.03280	0.01464	0.01108	0.00288	0.07118	0.19108	0.00613	0.10032
12	0.01783	0.01684	0.02740	0.15337	0.40792	0.01720	0.02147	0.02237	0.01897	0.02571	0.03089	0.03438	0.14825	0.01074	0.00879	0.00266	0.00908	0.00980	0.00493	0.01142
13	0.02599	0.07781	0.07079	0.05941	0.18853	0.34922	0.02027	0.02961	0.02109	0.02301	0.01393	0.01740	0.01163	0.00864	0.00890	0.00240	0.04999	0.00622	0.00417	0.01100
14	0.01752	0.02009	0.10049	0.01549	0.01875	0.13521	0.01275	0.06719	0.01907	0.02371	0.02984	0.28450	0.03281	0.16389	0.01665	0.00407	0.00900	0.01439	0.00612	0.00846
15	0.02560	0.06034	0.05703	0.03204	0.20470	0.28019	0.10902	0.05471	0.04796	0.02594	0.01580	0.01903	0.01273	0.00828	0.00823	0.00244	0.01272	0.00701	0.00461	0.01162
16	0.02029	0.12680	0.15528	0.03751	0.32403	0.02263	0.10425	0.02602	0.01855	0.02601	0.01514	0.01950	0.01239	0.00798	0.00921	0.00257	0.04820	0.00721	0.00400	0.01243
17	0.05083	0.17504	0.03130	0.10917	0.03064	0.19569	0.12897	0.02643	0.01931	0.02346	0.01568	0.01988	0.01288	0.01189	0.05221	0.00310	0.01249	0.00683	0.06418	0.01001
18	0.08957	0.17411	0.07196	0.02435	0.14218	0.19682	0.01774	0.07619	0.02144	0.05026	0.01489	0.01715	0.01201	0.00815	0.00718	0.00224	0.01079	0.00592	0.00481	0.05224

[dist]
# distance from previous block
# <min> <max>
2	6

[block]
# block no. 3 follows, 21 sequences, length 53
# corresponding to MSA columns:
# 60-112
name=unknown_D
#
# <colnr> <probs for GDERKNQSTAVLIFYWHMCP>
#	G	D	E	R	K	N	Q	S	T	A	V	L	I	F	Y	W	H	M	C	P
0	0.02317	0.02519	0.02469	0.02390	0.11242	0.25892	0.07387	0.05443	0.02297	0.02768	0.14753	0.02761	0.02652	0.01002	0.00837	0.00231	0.01067	0.00836	0.00568	0.10570
1	0.01624	0.01522	0.01548	0.01535	0.01756	0.13011	0.01195	0.02013	0.04429	0.02237	0.06090	0.07907	0.02887	0.04104	0.35044	0.00852	0.01653	0.09202	0.00563	0.00829
2	0.12982	0.01889	0.05596	0.02366	0.15405	0.01848	0.01627	0.03643	0.23396	0.18488	0.02618	0.02554	0.01895	0.00976	0.00807	0.00270	0.00786	0.00804	0.00743	0.01307
3	0.02929	0.05290	0.06361	0.01828	0.02429	0.16569	0.01537	0.13916	0.14815	0.19109	0.04847	0.02495	0.01983	0.01026	0.00827	0.00254	0.00964	0.00787	0.00764	0.01271
4	0.03182	0.03972	0.02419	0.02181	0.02631	0.63478	0.01643	0.06322	0.02491	0.02247	0.01352	0.01560	0.01114	0.00884	0.00772	0.00221	0.01505	0.00559	0.00459	0.01010
5	0.01589	0.01373	0.02369	0.01972	0.02370	0.01309	0.19614	0.04910	0.01935	0.02699	0.03259	0.26271	0.03390	0.01656	0.00984	0.00303	0.00840	0.09646	0.09508	0.04004
6	0.01765	0.01513	0.01765	0.01260	0.02017	0.01134	0.01008	0.02143	0.01765	0.02773	0.01513	0.01765	0.01260	0.00630	0.00630	0.00126	0.00630	0.00504	0.00504	0.75295
7	0.02106	0.02022	0.03454	0.05223	0.64784	0.02022	0.02612	0.02612	0.01938	0.02780	0.01601	0.02106	0.01348	0.00758	0.00842	0.00253	0.01011	0.00758	0.00421	0.01348
8	0.27323	0.01512	0.01739	0.01386	0.02001	0.01465	0.01144	0.03612	0.02115	0.45358	0.02651	0.02404	0.01721	0.00968	0.00749	0.00263	0.00703	0.00727	0.00882	0.01277
9	0.01181	0.00951	0.01062	0.01019	0.01291	0.00875	0.00769	0.01662	0.07558	0.02839	0.29563	0.07041	0.37287	0.01907	0.00993	0.00280	0.00441	0.01623	0.00853	0.00807
10	0.01607	0.01513	0.02552	0.68047	0.05861	0.01891	0.02363	0.02174	0.01702	0.02174	0.01513	0.02269	0.01134	0.00851	0.00851	0.00284	0.01134	0.00756	0.00378	0.00945
11	0.01099	0.00866	0.00991	0.00960	0.01207	0.00758	0.00720	0.01402	0.02160	0.02821	0.34723	0.07331	0.38011	0.01961	0.01005	0.00278	0.00417	0.01676	0.00859	0.00758
12	0.01765	0.01513	0.01765	0.01260	0.02017	0.01134	0.01008	0.02143	0.01765	0.02773	0.01513	0.01765	0.01260	0.00630	0.00630	0.00126	0.00630	0.00504	0.00504	0.75295
13	0.01006	0.00862	0.00862	0.00862	0.01149	0.00718	0.00647	0.01221	0.01940	0.02299	0.08621	0.08190	0.64438	0.02155	0.01006	0.00287	0.00431	0.01796	0.00790	0.00718
14	0.01371	0.00980	0.01371	0.01567	0.01763	0.00980	0.01371	0.01763	0.01959	0.02547	0.04506	0.09599	0.04898	0.02351	0.01175	0.00392	0.00784	0.59056	0.00784	0.00784
15	0.01724	0.01685	0.02597	0.60705	0.09103	0.05530	0.02338	0.02268	0.01755	0.02204	0.01507	0.02218	0.01145	0.00847	0.00846	0.00278	0.01150	0.00745	0.00384	0.00971
16	0.01229	0.00859	0.01100	0.01100	0.01159	0.00918	0.00729	0.01348	0.01288	0.01777	0.02525	0.04701	0.02717	0.45250	0.28658	0.01037	0.01392	0.01111	0.00492	0.00611
17	0.01215	0.00815	0.00935	0.00957	0.00963	0.00810	0.00547	0.01232	0.01282	0.01710	0.02911	0.12871	0.03383	0.62395	0.03961	0.00770	0.00787	0.01372	0.00547	0.00536
18	0.01216	0.00912	0.01368	0.01368	0.01520	0.01064	0.01064	0.01520	0.01368	0.01976	0.02279	0.03343	0.02127	0.06382	0.66720	0.01368	0.02279	0.00912	0.00456	0.00760
19	0.76103	0.01646	0.01251	0.01119	0.01646	0.01909	0.00922	0.02502	0.01448	0.03818	0.01185	0.01382	0.00922	0.00790	0.00527	0.00263	0.00658	0.00461	0.00527	0.00922
20	0.04678	0.00932	0.01051	0.01055	0.01289	0.00875	0.00777	0.01580	0.05552	0.02749	0.23740	0.19976	0.28635	0.02017	0.00991	0.00293	0.00460	0.01740	0.00826	0.00784
21	0.01006	0.00862	0.00862	0.00862	0.01149	0.00718	0.00647	0.01221	0.01940	0.02299	0.08621	0.08190	0.64438	0.02155	0.01006	0.00287	0.00431	0.01796	0.00790	0.00718
22	0.01765	0.00978	0.01166	0.01056	0.01287	0.00895	0.00734	0.01920	0.01760	0.16335	0.08936	0.05630	0.17391	0.33583	0.02524	0.00531	0.00679	0.01303	0.00733	0.00795
23	0.01069	0.00762	0.01004	0.01156	0.01223	0.00713	0.00777	0.01242	0.01708	0.02303	0.12234	0.57988	0.05800	0.06176	0.01250	0.00361	0.00500	0.02243	0.00794	0.00696
24	0.01371	0.00980	0.01371	0.01567	0.01763	0.00980	0.01371	0.01763	0.01959	0.02547	0.04506	0.09599	0.04898	0.02351	0.01175	0.00392	0.00784	0.59056	0.00784	0.00784
25	0.03708	0.01473	0.01972	0.01528	0.02175	0.01307	0.01257	0.04172	0.06374	0.61370	0.03364	0.02915	0.02138	0.01060	0.00856	0.00265	0.00721	0.00863	0.01041	0.01442
26	0.01765	0.00985	0.01198	0.01078	0.01337	0.00893	0.00776	0.01978	0.01928	0.16687	0.17822	0.05728	0.17824	0.23903	0.02053	0.00452	0.00619	0.01344	0.00793	0.00837
27	0.01192	0.00869	0.01120	0.01057	0.01263	0.00797	0.00793	0.01581	0.02379	0.03340	0.60726	0.06476	0.11683	0.01767	0.01004	0.00269	0.00403	0.01556	0.00927	0.00797
28	0.01765	0.01513	0.01765	0.01260	0.02017	0.01134	0.01008	0.02143	0.01765	0.02773	0.01513	0.01765	0.01260	0.00630	0.00630	0.00126	0.00630	0.00504	0.00504	0.75295
29	0.01006	0.00862	0.00862	0.00862	0.01149	0.00718	0.00647	0.01221	0.01940	0.02299	0.08621	0.08190	0.64438	0.02155	0.01006	0.00287	0.00431	0.01796	0.00790	0.00718
30	0.01733	0.01079	0.01105	0.01052	0.01328	0.01158	0.00802	0.02683	0.18734	0.03279	0.02966	0.03173	0.02296	0.01036	0.00670	0.00223	0.00473	0.00840	0.54423	0.00946
31	0.02009	0.02296	0.05022	0.03587	0.04448	0.02152	0.61693	0.02726	0.02009	0.02726	0.01722	0.02296	0.01291	0.00717	0.01004	0.00287	0.01435	0.01004	0.00430	0.01148
32	0.02891	0.02213	0.02360	0.01889	0.02508	0.02479	0.01534	0.44300	0.22207	0.04809	0.02480	0.02391	0.01801	0.01062	0.00856	0.00266	0.00856	0.00826	0.00856	0.01416
33	0.01037	0.00741	0.00987	0.01185	0.01234	0.00691	0.00790	0.01185	0.01629	0.02172	0.04690	0.69537	0.05629	0.02666	0.01086	0.00346	0.00494	0.02419	0.00790	0.00691
34	0.01216	0.00912	0.01368	0.01368	0.01520	0.01064	0.01064	0.01520	0.01368	0.01976	0.02279	0.03343	0.02127	0.06382	0.66720	0.01368	0.02279	0.00912	0.00456	0.00760
35	0.01707	0.04402	0.65683	0.02426	0.03683	0.01976	0.03144	0.02695	0.01797	0.02695	0.01527	0.01797	0.01078	0.00809	0.00809	0.00270	0.01258	0.00629	0.00359	0.01258
36	0.02117	0.01828	0.01924	0.01732	0.02213	0.02117	0.01347	0.04522	0.63246	0.03560	0.03464	0.03175	0.02598	0.01155	0.00866	0.00289	0.00673	0.00962	0.00866	0.01347
37	0.02847	0.28515	0.03164	0.01922	0.02467	0.43407	0.01575	0.03086	0.02161	0.02053	0.01267	0.01472	0.01095	0.00822	0.00686	0.00206	0.01305	0.00514	0.00411	0.01025
38	0.02106	0.02022	0.03454	0.05223	0.64784	0.02022	0.02612	0.02612	0.01938	0.02780	0.01601	0.02106	0.01348	0.00758	0.00842	0.00253	0.01011	0.00758	0.00421	0.01348
39	0.01216	0.00912	0.01368	0.01368	0.01520	0.01064	0.01064	0.01520	0.01368	0.01976	0.02279	0.03343	0.02127	0.06382	0.66720	0.01368	0.02279	0.00912	0.00456	0.00760
40	0.01216	0.00912	0.01368	0.01368	0.01520	0.01064	0.01064	0.01520	0.01368	0.01976	0.02279	0.03343	0.02127	0.06382	0.66720	0.01368	0.02279	0.00912	0.00456	0.00760
41	0.02074	0.05649	0.19866	0.04132	0.42333	0.02104	0.02644	0.06078	0.02011	0.02874	0.01589	0.01989	0.01271	0.00785	0.00821	0.00254	0.01067	0.00711	0.00427	0.01319
42	0.01707	0.04402	0.65683	0.02426	0.03683	0.01976	0.03144	0.02695	0.01797	0.02695	0.01527	0.01797	0.01078	0.00809	0.00809	0.00270	0.01258	0.00629	0.00359	0.01258
43	0.03001	0.03769	0.02297	0.02091	0.02508	0.60746	0.01569	0.03237	0.02411	0.02202	0.06988	0.01969	0.01720	0.00955	0.00789	0.00224	0.01433	0.00637	0.00483	0.00970
44	0.01923	0.02420	0.16352	0.04241	0.46163	0.01895	0.02547	0.02504	0.01908	0.02719	0.02217	0.02589	0.06970	0.00895	0.00850	0.00259	0.01011	0.00824	0.00441	0.01272
45	0.01847	0.01854	0.02732	0.08231	0.02680	0.02518	0.05127	0.02096	0.01377	0.02096	0.01185	0.01922	0.01128	0.01390	0.02522	0.00360	0.58856	0.00760	0.00376	0.00944
46	0.01096	0.01076	0.06804	0.01280	0.01450	0.00808	0.00994	0.01323	0.01660	0.02226	0.04608	0.60277	0.08251	0.02473	0.01057	0.00336	0.00559	0.02226	0.00751	0.00744
47	0.01251	0.00966	0.01474	0.07370	0.01910	0.01138	0.01181	0.01579	0.01398	0.01993	0.02210	0.03247	0.02038	0.05885	0.60791	0.01270	0.02176	0.00898	0.00449	0.00777
48	0.05897	0.04111	0.58142	0.02428	0.03619	0.01984	0.06812	0.02686	0.01791	0.02760	0.01521	0.01806	0.01083	0.00802	0.00805	0.00270	0.01236	0.00644	0.00373	0.01232
49	0.08738	0.01978	0.03294	0.07732	0.53211	0.02012	0.05494	0.02587	0.01886	0.02842	0.01565	0.02059	0.01297	0.00763	0.00823	0.00257	0.01007	0.00744	0.00429	0.01280
50	0.53384	0.02229	0.15358	0.01439	0.02137	0.01864	0.01436	0.02692	0.01613	0.09114	0.01455	0.01609	0.01062	0.00818	0.00618	0.00265	0.00795	0.00533	0.00538	0.01042
51	0.05148	0.02211	0.09612	0.03601	0.26524	0.01938	0.20484	0.05285	0.02081	0.05599	0.07354	0.02517	0.01924	0.00864	0.00891	0.00267	0.01080	0.00884	0.00515	0.01220
52	0.03024	0.02325	0.02268	0.01866	0.02373	0.15044	0.01500	0.22175	0.08047	0.17808	0.02242	0.02262	0.01620	0.01066	0.01059	0.00264	0.09070	0.00759	0.03970	0.01256

[dist]
# distance from previous block
# <min> <max>
0	95

# created by:
# /home/cegg/simao/soft/augustus-3.2.1/scripts/msa2prfl.pl ./align_prep/14739.fa
