[name]
unknown

[dist]
# distance from previous block
# <min> <max>
0	1

[block]
# block no. 0 follows, 21 sequences, length 11
# corresponding to MSA columns:
# 1-11
name=unknown_A
#
# <colnr> <probs for GDERKNQSTAVLIFYWHMCP>
#	G	D	E	R	K	N	Q	S	T	A	V	L	I	F	Y	W	H	M	C	P
0	0.15451	0.03341	0.40274	0.02465	0.08371	0.01928	0.07278	0.02604	0.01770	0.02904	0.01647	0.02209	0.01296	0.00877	0.00795	0.00275	0.01115	0.03806	0.00424	0.01169
1	0.13262	0.02757	0.05418	0.01782	0.02257	0.29125	0.01449	0.12150	0.02296	0.02964	0.01678	0.01992	0.01358	0.01648	0.09776	0.00390	0.01305	0.00645	0.06730	0.01018
2	0.02227	0.14826	0.03552	0.04276	0.48058	0.07672	0.02318	0.02666	0.01939	0.02579	0.01500	0.01922	0.01280	0.00763	0.00782	0.00237	0.01036	0.00685	0.00412	0.01271
3	0.01176	0.00925	0.01080	0.01167	0.01344	0.00895	0.00825	0.01653	0.10167	0.02399	0.05660	0.42687	0.22231	0.02311	0.01033	0.00321	0.00500	0.02039	0.00800	0.00789
4	0.02029	0.01482	0.01610	0.01357	0.01701	0.01560	0.01017	0.26483	0.02588	0.03434	0.08270	0.04574	0.12319	0.25396	0.02104	0.00460	0.00776	0.01152	0.00731	0.00957
5	0.01495	0.01282	0.02056	0.46358	0.04360	0.01543	0.01855	0.01965	0.01673	0.02263	0.02144	0.11674	0.01942	0.01567	0.06240	0.00372	0.01063	0.01001	0.08269	0.00879
6	0.01179	0.00912	0.01092	0.01200	0.01353	0.00892	0.00840	0.01649	0.10135	0.02386	0.05257	0.48974	0.16204	0.02363	0.01041	0.00327	0.00507	0.02103	0.00800	0.00786
7	0.01165	0.00813	0.01030	0.01097	0.01143	0.00824	0.00711	0.01272	0.01395	0.01888	0.03288	0.26858	0.03773	0.35308	0.14890	0.00764	0.00984	0.01578	0.00598	0.00621
8	0.01765	0.01513	0.01765	0.01260	0.02017	0.01134	0.01008	0.02143	0.01765	0.02773	0.01513	0.01765	0.01260	0.00630	0.00630	0.00126	0.00630	0.00504	0.00504	0.75295
9	0.02468	0.02335	0.02213	0.02104	0.06921	0.14247	0.01532	0.12045	0.39275	0.03474	0.02731	0.02635	0.02068	0.01055	0.00844	0.00268	0.00895	0.00843	0.00752	0.01293
10	0.01774	0.04005	0.55293	0.02893	0.13885	0.01984	0.03055	0.02681	0.01820	0.02709	0.01539	0.01848	0.01123	0.00800	0.00814	0.00267	0.01217	0.00650	0.00370	0.01273

[dist]
# distance from previous block
# <min> <max>
0	2

[block]
# block no. 1 follows, 21 sequences, length 73
# corresponding to MSA columns:
# 14-86
name=unknown_B
#
# <colnr> <probs for GDERKNQSTAVLIFYWHMCP>
#	G	D	E	R	K	N	Q	S	T	A	V	L	I	F	Y	W	H	M	C	P
0	0.67147	0.01664	0.01408	0.06610	0.02029	0.01936	0.01067	0.04826	0.01570	0.03745	0.01246	0.01481	0.00960	0.00804	0.00566	0.00265	0.00708	0.00497	0.00527	0.00944
1	0.02089	0.01278	0.01330	0.01148	0.01494	0.01356	0.00907	0.20259	0.02460	0.03840	0.02553	0.02828	0.01958	0.01001	0.00673	0.00216	0.00561	0.00785	0.52272	0.00993
2	0.01035	0.00750	0.00978	0.01161	0.01228	0.00693	0.00779	0.01188	0.01652	0.02182	0.04981	0.65005	0.09973	0.02628	0.01080	0.00341	0.00489	0.02373	0.00790	0.00693
3	0.01085	0.00856	0.00978	0.00967	0.01203	0.00749	0.00718	0.01369	0.02100	0.02724	0.30062	0.11868	0.38234	0.02030	0.01011	0.00284	0.00424	0.01740	0.00847	0.00749
4	0.01971	0.01884	0.03210	0.22271	0.48795	0.01986	0.02544	0.02493	0.01874	0.02616	0.01577	0.02150	0.01290	0.00783	0.00845	0.00261	0.01044	0.00758	0.00410	0.01239
5	0.01045	0.00869	0.00917	0.00920	0.01194	0.00741	0.00701	0.01289	0.01989	0.02426	0.14132	0.08075	0.55521	0.02123	0.01014	0.00291	0.00446	0.04770	0.00805	0.00731
6	0.02106	0.02022	0.03454	0.05223	0.64784	0.02022	0.02612	0.02612	0.01938	0.02780	0.01601	0.02106	0.01348	0.00758	0.00842	0.00253	0.01011	0.00758	0.00421	0.01348
7	0.03179	0.04056	0.02412	0.02192	0.02631	0.66676	0.01644	0.03398	0.02412	0.02083	0.01315	0.01535	0.01096	0.00877	0.00767	0.00219	0.01535	0.00548	0.00438	0.00987
8	0.01034	0.00863	0.00902	0.00892	0.01167	0.00731	0.00669	0.01277	0.02007	0.02459	0.16648	0.07926	0.56311	0.02095	0.01005	0.00285	0.00427	0.01759	0.00811	0.00731
9	0.02808	0.01797	0.02022	0.01833	0.06734	0.06267	0.01352	0.17116	0.06644	0.24691	0.03715	0.06222	0.12459	0.01270	0.00883	0.00267	0.00792	0.01035	0.00847	0.01247
10	0.01417	0.00949	0.01145	0.01085	0.01341	0.00897	0.00803	0.01716	0.01631	0.02559	0.02796	0.16016	0.02722	0.06869	0.14267	0.00490	0.00869	0.01107	0.26037	0.15284
11	0.01238	0.00825	0.00928	0.00928	0.00928	0.00825	0.00516	0.01238	0.01238	0.01650	0.02681	0.05569	0.03094	0.70092	0.04331	0.00825	0.00825	0.01238	0.00516	0.00516
12	0.01819	0.17475	0.53593	0.02234	0.03387	0.02251	0.02811	0.02666	0.01783	0.02558	0.01459	0.01711	0.01081	0.00793	0.00757	0.00252	0.01189	0.00595	0.00360	0.01225
13	0.23431	0.02064	0.02745	0.03821	0.42064	0.06766	0.02055	0.02638	0.01832	0.03027	0.01460	0.01856	0.01207	0.00776	0.00746	0.00253	0.00948	0.00657	0.00453	0.01199
14	0.01910	0.08156	0.46744	0.02877	0.15588	0.02047	0.02850	0.02729	0.01847	0.05255	0.01595	0.01875	0.01175	0.00803	0.00800	0.00260	0.01164	0.00652	0.00401	0.01273
15	0.01479	0.01129	0.01265	0.01196	0.01483	0.01100	0.00898	0.13249	0.02314	0.03002	0.12890	0.24369	0.28334	0.02028	0.00998	0.00295	0.00545	0.01741	0.00820	0.00865
16	0.01826	0.10782	0.47167	0.02560	0.03683	0.02155	0.14769	0.02686	0.01832	0.02630	0.01531	0.01853	0.01122	0.00782	0.00821	0.00264	0.01258	0.00687	0.00374	0.01219
17	0.01045	0.00864	0.00916	0.00903	0.01174	0.00735	0.00677	0.01297	0.02032	0.02519	0.19623	0.07828	0.53299	0.02073	0.01005	0.00283	0.00425	0.01745	0.00819	0.00735
18	0.01866	0.01858	0.03317	0.03971	0.37788	0.01796	0.16353	0.02364	0.01955	0.02672	0.03016	0.03353	0.13793	0.01024	0.00913	0.00268	0.00998	0.01022	0.00496	0.01176
19	0.02500	0.02925	0.02512	0.02214	0.02426	0.33654	0.01756	0.02702	0.01840	0.02065	0.01213	0.01703	0.01107	0.01193	0.01811	0.00298	0.36067	0.00649	0.00404	0.00958
20	0.01238	0.00825	0.00928	0.00928	0.00928	0.00825	0.00516	0.01238	0.01238	0.01650	0.02681	0.05569	0.03094	0.70092	0.04331	0.00825	0.00825	0.01238	0.00516	0.00516
21	0.01099	0.00778	0.01008	0.01125	0.01197	0.00733	0.00753	0.01276	0.01726	0.02341	0.16176	0.47754	0.05734	0.12293	0.01542	0.00400	0.00524	0.02074	0.00779	0.00688
22	0.37758	0.03066	0.34460	0.01792	0.02696	0.01944	0.02067	0.02601	0.01628	0.03239	0.01361	0.01596	0.01002	0.00800	0.00672	0.00267	0.00967	0.00547	0.00440	0.01095
23	0.01862	0.01862	0.02607	0.02234	0.02234	0.02607	0.01862	0.02048	0.01303	0.02048	0.01117	0.01862	0.01117	0.01489	0.02793	0.00372	0.68535	0.00745	0.00372	0.00931
24	0.01138	0.00830	0.01092	0.01252	0.01379	0.00783	0.00941	0.01378	0.01802	0.02362	0.08343	0.41896	0.12242	0.02467	0.01098	0.00348	0.00565	0.18561	0.00796	0.00727
25	0.01204	0.00870	0.01138	0.01071	0.01271	0.00803	0.00803	0.01606	0.02409	0.03413	0.64335	0.06357	0.08030	0.01740	0.01004	0.00268	0.00401	0.01539	0.00937	0.00803
26	0.02156	0.54772	0.15820	0.01747	0.02580	0.03046	0.04925	0.02585	0.01756	0.02168	0.01275	0.01494	0.01100	0.00742	0.00619	0.00204	0.01002	0.00516	0.00367	0.01126
27	0.01136	0.00867	0.01043	0.00999	0.01230	0.00774	0.00749	0.01474	0.02248	0.03031	0.45227	0.06986	0.27376	0.01882	0.01004	0.00274	0.00412	0.01627	0.00887	0.00774
28	0.01586	0.00793	0.00793	0.00793	0.00991	0.00793	0.00595	0.01983	0.01785	0.03173	0.02776	0.03173	0.02181	0.00991	0.00595	0.00198	0.00397	0.00793	0.74817	0.00793
29	0.01035	0.00749	0.00979	0.01164	0.01229	0.00693	0.00781	0.01187	0.01650	0.02181	0.04948	0.65510	0.09489	0.02633	0.01081	0.00342	0.00490	0.02378	0.00790	0.00693
30	0.01148	0.00908	0.01061	0.01137	0.01389	0.00820	0.00929	0.01433	0.01947	0.02396	0.07017	0.08739	0.41224	0.02232	0.01072	0.00328	0.00569	0.24121	0.00788	0.00744
31	0.01805	0.01842	0.03218	0.18299	0.03689	0.02180	0.20099	0.02231	0.01609	0.02258	0.01498	0.02335	0.01304	0.05605	0.01885	0.00355	0.27554	0.00859	0.00401	0.00973
32	0.01939	0.01419	0.01625	0.01420	0.01810	0.01495	0.01109	0.11420	0.21132	0.07755	0.30075	0.04622	0.07736	0.01432	0.00930	0.00273	0.00585	0.01219	0.00903	0.01101
33	0.02550	0.50355	0.03836	0.01680	0.02320	0.22631	0.01513	0.02807	0.01937	0.02027	0.01223	0.01417	0.01093	0.00773	0.00613	0.00193	0.01100	0.00483	0.00387	0.01060
34	0.01474	0.01195	0.01713	0.17335	0.02562	0.01406	0.01357	0.05596	0.01636	0.02234	0.02408	0.13317	0.02435	0.13110	0.21888	0.00713	0.07158	0.01129	0.00516	0.00818
35	0.02073	0.02036	0.17029	0.01658	0.02245	0.01449	0.01581	0.05154	0.12343	0.16103	0.12017	0.16308	0.03472	0.01428	0.00913	0.00286	0.00760	0.01224	0.00778	0.01142
36	0.02049	0.02136	0.06151	0.08032	0.49608	0.02035	0.12162	0.02611	0.01932	0.02737	0.01613	0.02133	0.01317	0.00758	0.00868	0.00261	0.01096	0.00793	0.00418	0.01292
37	0.03179	0.04056	0.02412	0.02192	0.02631	0.66676	0.01644	0.03398	0.02412	0.02083	0.01315	0.01535	0.01096	0.00877	0.00767	0.00219	0.01535	0.00548	0.00438	0.00987
38	0.01707	0.04402	0.65683	0.02426	0.03683	0.01976	0.03144	0.02695	0.01797	0.02695	0.01527	0.01797	0.01078	0.00809	0.00809	0.00270	0.01258	0.00629	0.00359	0.01258
39	0.12616	0.01472	0.01887	0.01466	0.02108	0.01331	0.01211	0.03947	0.02316	0.57881	0.03093	0.02712	0.01962	0.01021	0.00816	0.00263	0.00716	0.00808	0.00989	0.01384
40	0.01364	0.01086	0.01568	0.01496	0.01622	0.01342	0.01186	0.01651	0.01383	0.02068	0.02089	0.03048	0.01937	0.05090	0.50118	0.01100	0.14864	0.00872	0.05321	0.00795
41	0.03033	0.01275	0.01723	0.01381	0.01902	0.01116	0.01116	0.03384	0.02428	0.46769	0.21666	0.03936	0.03885	0.01259	0.00900	0.00265	0.00627	0.01061	0.01018	0.01255
42	0.01037	0.00741	0.00987	0.01185	0.01234	0.00691	0.00790	0.01185	0.01629	0.02172	0.04690	0.69537	0.05629	0.02666	0.01086	0.00346	0.00494	0.02419	0.00790	0.00691
43	0.01118	0.00801	0.01070	0.01204	0.01308	0.00753	0.00864	0.01356	0.01856	0.02515	0.18932	0.47124	0.06114	0.02406	0.01077	0.00333	0.00507	0.09109	0.00824	0.00729
44	0.01862	0.01862	0.02607	0.02234	0.02234	0.02607	0.01862	0.02048	0.01303	0.02048	0.01117	0.01862	0.01117	0.01489	0.02793	0.00372	0.68535	0.00745	0.00372	0.00931
45	0.03235	0.02384	0.02554	0.01958	0.02639	0.02639	0.01618	0.61946	0.04001	0.05363	0.02043	0.02043	0.01447	0.01022	0.00851	0.00255	0.00936	0.00766	0.00851	0.01447
46	0.02164	0.05556	0.02802	0.20472	0.24937	0.17407	0.02132	0.02594	0.01981	0.02393	0.01788	0.02747	0.01584	0.00973	0.00847	0.00264	0.01141	0.06685	0.00449	0.01085
47	0.01729	0.04246	0.61201	0.02511	0.03740	0.01989	0.07470	0.02697	0.01812	0.02697	0.01542	0.01834	0.01094	0.00802	0.00823	0.00271	0.01271	0.00657	0.00365	0.01250
48	0.01707	0.04402	0.65683	0.02426	0.03683	0.01976	0.03144	0.02695	0.01797	0.02695	0.01527	0.01797	0.01078	0.00809	0.00809	0.00270	0.01258	0.00629	0.00359	0.01258
49	0.02299	0.01112	0.01488	0.01256	0.01649	0.00990	0.00990	0.02670	0.02420	0.29354	0.38805	0.04908	0.05550	0.01452	0.00942	0.00266	0.00537	0.01253	0.00986	0.01073
50	0.01894	0.01381	0.01598	0.01486	0.01782	0.01451	0.01113	0.24875	0.02554	0.03417	0.03658	0.43221	0.03998	0.02025	0.00995	0.00310	0.00666	0.01775	0.00814	0.00986
51	0.01816	0.01794	0.02518	0.02172	0.02183	0.02496	0.01805	0.02010	0.01308	0.02043	0.01200	0.01968	0.01189	0.01840	0.07370	0.00444	0.63790	0.00757	0.00378	0.00919
52	0.01146	0.00787	0.00955	0.01045	0.01068	0.00764	0.00641	0.01214	0.01416	0.01888	0.03597	0.34709	0.04249	0.39377	0.02853	0.00607	0.00674	0.01776	0.00641	0.00596
53	0.01267	0.00905	0.01249	0.01433	0.01587	0.00888	0.01176	0.01589	0.01887	0.02482	0.07534	0.26647	0.05263	0.02411	0.01141	0.00372	0.00681	0.39935	0.00793	0.00758
54	0.04894	0.01853	0.03094	0.24047	0.44469	0.01978	0.02470	0.02475	0.01847	0.02638	0.01558	0.02127	0.01267	0.00787	0.00832	0.00262	0.01034	0.00746	0.00412	0.01209
55	0.01083	0.00772	0.01031	0.01200	0.01261	0.00744	0.00821	0.01244	0.01600	0.02140	0.04359	0.56797	0.05151	0.07896	0.06031	0.00457	0.00662	0.05318	0.00745	0.00688
56	0.01262	0.00980	0.01456	0.01430	0.01571	0.01174	0.01121	0.01557	0.01363	0.01981	0.02196	0.03237	0.02055	0.06032	0.62142	0.01296	0.07024	0.00900	0.00450	0.00772
57	0.01871	0.01759	0.02924	0.03720	0.36903	0.01793	0.06452	0.02316	0.01767	0.02564	0.01700	0.02312	0.01472	0.01905	0.13981	0.00471	0.06089	0.00780	0.00434	0.08787
58	0.01595	0.01166	0.01581	0.01386	0.01716	0.01133	0.05409	0.02297	0.12001	0.08337	0.34910	0.09973	0.11797	0.01623	0.00976	0.00280	0.00558	0.01440	0.00872	0.00952
59	0.01006	0.00862	0.00862	0.00862	0.01149	0.00718	0.00647	0.01221	0.01940	0.02299	0.08621	0.08190	0.64438	0.02155	0.01006	0.00287	0.00431	0.01796	0.00790	0.00718
60	0.01414	0.00938	0.01098	0.01133	0.01266	0.00940	0.00779	0.07599	0.01821	0.02588	0.03616	0.35989	0.03983	0.16402	0.01650	0.00408	0.00590	0.01679	0.15357	0.00752
61	0.02296	0.02401	0.03209	0.07392	0.49915	0.14784	0.02410	0.02748	0.02021	0.02616	0.01541	0.02001	0.01289	0.00786	0.00828	0.00247	0.01120	0.00717	0.00423	0.01259
62	0.03179	0.04056	0.02412	0.02192	0.02631	0.66676	0.01644	0.03398	0.02412	0.02083	0.01315	0.01535	0.01096	0.00877	0.00767	0.00219	0.01535	0.00548	0.00438	0.00987
63	0.01354	0.00974	0.01347	0.01533	0.01734	0.00967	0.01337	0.01737	0.01958	0.02535	0.04703	0.09532	0.07753	0.02341	0.01167	0.00387	0.00767	0.56310	0.00784	0.00780
64	0.01608	0.01236	0.01662	0.01820	0.10704	0.01263	0.01212	0.01890	0.01894	0.08883	0.09949	0.07826	0.29590	0.01942	0.04563	0.00348	0.10635	0.01353	0.00697	0.00924
65	0.01238	0.00825	0.00928	0.00928	0.00928	0.00825	0.00516	0.01238	0.01238	0.01650	0.02681	0.05569	0.03094	0.70092	0.04331	0.00825	0.00825	0.01238	0.00516	0.00516
66	0.01484	0.01114	0.01262	0.01227	0.01472	0.01101	0.00896	0.13443	0.02175	0.02819	0.05205	0.33318	0.22277	0.06607	0.01228	0.00341	0.00586	0.01821	0.00784	0.00840
67	0.01823	0.15485	0.11631	0.01710	0.02141	0.02080	0.01609	0.06038	0.01709	0.02468	0.01728	0.02278	0.01498	0.02322	0.16991	0.00530	0.16901	0.00718	0.09352	0.00987
68	0.02744	0.02125	0.02525	0.05715	0.11789	0.02329	0.01721	0.41606	0.07649	0.04458	0.02249	0.07131	0.01808	0.01105	0.00868	0.00265	0.00906	0.00901	0.00761	0.01344
69	0.02548	0.06863	0.11720	0.05211	0.08237	0.27564	0.01887	0.10601	0.08295	0.02805	0.02037	0.02201	0.04457	0.00956	0.00804	0.00245	0.01182	0.00712	0.00530	0.01142
70	0.24126	0.02546	0.17994	0.02603	0.18827	0.06626	0.01969	0.02626	0.01814	0.05739	0.02018	0.02242	0.05686	0.00902	0.00747	0.00261	0.00952	0.00700	0.00493	0.01131
71	0.02055	0.09230	0.03324	0.31682	0.09696	0.12488	0.14702	0.02563	0.01903	0.02310	0.01499	0.02050	0.01175	0.00806	0.00838	0.00261	0.01228	0.00745	0.00401	0.01044
72	0.06035	0.16905	0.02785	0.01974	0.02503	0.43696	0.01574	0.10305	0.02430	0.02537	0.01372	0.01557	0.01131	0.00861	0.00724	0.00218	0.01302	0.00553	0.00478	0.01061

[dist]
# distance from previous block
# <min> <max>
0	4

[block]
# block no. 2 follows, 21 sequences, length 28
# corresponding to MSA columns:
# 91-118
name=unknown_C
#
# <colnr> <probs for GDERKNQSTAVLIFYWHMCP>
#	G	D	E	R	K	N	Q	S	T	A	V	L	I	F	Y	W	H	M	C	P
0	0.01059	0.00871	0.00936	0.00940	0.01209	0.00748	0.00719	0.01312	0.02005	0.02469	0.15956	0.08038	0.52524	0.02112	0.01017	0.00292	0.00452	0.05795	0.00810	0.00735
1	0.01862	0.22486	0.48959	0.02161	0.03274	0.02356	0.02683	0.02655	0.01778	0.02506	0.01433	0.01679	0.01082	0.00787	0.00737	0.00246	0.01163	0.00581	0.00361	0.01212
2	0.01029	0.00869	0.00894	0.00906	0.01188	0.00735	0.00692	0.01255	0.01941	0.02314	0.08363	0.08278	0.60700	0.02168	0.01016	0.00294	0.00453	0.05391	0.00790	0.00723
3	0.01707	0.04402	0.65683	0.02426	0.03683	0.01976	0.03144	0.02695	0.01797	0.02695	0.01527	0.01797	0.01078	0.00809	0.00809	0.00270	0.01258	0.00629	0.00359	0.01258
4	0.01026	0.00863	0.00890	0.00883	0.01162	0.00727	0.00662	0.01260	0.01987	0.02410	0.14200	0.08006	0.58790	0.02114	0.01006	0.00285	0.00428	0.01770	0.00805	0.00727
5	0.01161	0.00805	0.01007	0.01080	0.01118	0.00806	0.00688	0.01255	0.01399	0.01885	0.03372	0.28920	0.03906	0.36935	0.11201	0.00718	0.00891	0.01632	0.00609	0.00612
6	0.02893	0.25123	0.03060	0.01959	0.02489	0.46634	0.01585	0.03129	0.02196	0.02057	0.01274	0.01481	0.01095	0.00830	0.00697	0.00207	0.01337	0.00519	0.00415	0.01020
7	0.02063	0.02644	0.17283	0.03640	0.30251	0.05056	0.10329	0.05109	0.02005	0.02828	0.01595	0.01993	0.01262	0.00766	0.00829	0.00245	0.01101	0.00723	0.00437	0.09844
8	0.02088	0.33884	0.32909	0.01973	0.02924	0.08201	0.02262	0.02691	0.01820	0.02333	0.01355	0.01582	0.01086	0.00779	0.00688	0.00226	0.01127	0.00544	0.00368	0.01160
9	0.01746	0.04154	0.58918	0.02647	0.07228	0.01988	0.06198	0.02692	0.01816	0.02702	0.01542	0.01841	0.01105	0.00801	0.00821	0.00269	0.01253	0.00656	0.00367	0.01257
10	0.01707	0.04402	0.65683	0.02426	0.03683	0.01976	0.03144	0.02695	0.01797	0.02695	0.01527	0.01797	0.01078	0.00809	0.00809	0.00270	0.01258	0.00629	0.00359	0.01258
11	0.01788	0.01756	0.02303	0.34435	0.11440	0.10031	0.01998	0.02246	0.01889	0.02319	0.02521	0.04000	0.05560	0.01226	0.00915	0.00294	0.01059	0.12770	0.00498	0.00953
12	0.01699	0.01418	0.04227	0.04526	0.01934	0.01344	0.01139	0.05645	0.18269	0.07467	0.10621	0.08954	0.26108	0.01623	0.00938	0.00285	0.00613	0.01366	0.00807	0.01016
13	0.01238	0.00825	0.00928	0.00928	0.00928	0.00825	0.00516	0.01238	0.01238	0.01650	0.02681	0.05569	0.03094	0.70092	0.04331	0.00825	0.00825	0.01238	0.00516	0.00516
14	0.01478	0.00739	0.01109	0.01109	0.01109	0.00739	0.00739	0.01109	0.01109	0.01478	0.01478	0.02587	0.01478	0.02956	0.03326	0.75240	0.00739	0.00739	0.00370	0.00370
15	0.02231	0.02144	0.02690	0.27220	0.19743	0.11782	0.02114	0.12893	0.02269	0.02875	0.01748	0.05249	0.01450	0.00946	0.00847	0.00264	0.01098	0.00806	0.00501	0.01131
16	0.01953	0.28911	0.14675	0.01669	0.02290	0.10015	0.01648	0.02372	0.01818	0.02277	0.07813	0.02373	0.01997	0.02024	0.14266	0.00455	0.01281	0.00701	0.00448	0.01013
17	0.03186	0.01511	0.01890	0.01487	0.02073	0.01414	0.01215	0.14406	0.02666	0.42195	0.08043	0.03620	0.09921	0.01229	0.00883	0.00265	0.00706	0.01001	0.00976	0.01315
18	0.01943	0.01856	0.03160	0.25713	0.45566	0.01979	0.02531	0.02469	0.01861	0.02583	0.01572	0.02159	0.01278	0.00788	0.00845	0.00263	0.01051	0.00758	0.00407	0.01217
19	0.01731	0.01610	0.02699	0.38233	0.25753	0.01809	0.02294	0.02241	0.01794	0.02406	0.01916	0.06766	0.01707	0.01019	0.00882	0.00283	0.01032	0.04323	0.00442	0.01060
20	0.02957	0.03656	0.02551	0.02561	0.10101	0.54362	0.01776	0.03208	0.02276	0.02164	0.01336	0.01627	0.01128	0.00906	0.00919	0.00234	0.06192	0.00587	0.00432	0.01026
21	0.02514	0.02789	0.02477	0.02947	0.22621	0.33302	0.01786	0.02855	0.02120	0.02457	0.01658	0.02035	0.01378	0.01116	0.03901	0.00282	0.01241	0.00668	0.10786	0.01067
22	0.01606	0.01114	0.01332	0.01327	0.01587	0.01124	0.00985	0.02368	0.17088	0.08962	0.08869	0.32769	0.10980	0.01996	0.00998	0.00314	0.00561	0.04231	0.00845	0.00944
23	0.01991	0.08994	0.02893	0.07371	0.31272	0.08446	0.02000	0.02387	0.01790	0.02377	0.01648	0.02243	0.01443	0.02051	0.15433	0.00496	0.04897	0.00739	0.00420	0.01109
24	0.01238	0.00825	0.00928	0.00928	0.00928	0.00825	0.00516	0.01238	0.01238	0.01650	0.02681	0.05569	0.03094	0.70092	0.04331	0.00825	0.00825	0.01238	0.00516	0.00516
25	0.02122	0.02253	0.01857	0.01732	0.02031	0.27216	0.01329	0.06059	0.01948	0.02231	0.01882	0.02543	0.01675	0.03860	0.36396	0.00842	0.01899	0.00758	0.00474	0.00893
26	0.01058	0.00864	0.00934	0.00916	0.01181	0.00740	0.00687	0.01321	0.02062	0.02589	0.23128	0.07713	0.49750	0.02047	0.01005	0.00282	0.00423	0.01729	0.00828	0.00740
27	0.01577	0.00788	0.00821	0.00821	0.01002	0.00788	0.00608	0.01906	0.01725	0.03023	0.02662	0.03121	0.02119	0.01165	0.00835	0.06807	0.00427	0.00788	0.68260	0.00756

[dist]
# distance from previous block
# <min> <max>
0	10

# created by:
# /home/cegg/simao/soft/augustus-3.2.1/scripts/msa2prfl.pl ./align_prep/14742.fa
