[name]
unknown

[dist]
# distance from previous block
# <min> <max>
0	0

[block]
# block no. 0 follows, 22 sequences, length 36
# corresponding to MSA columns:
# 0-35
name=unknown_A
#
# <colnr> <probs for GDERKNQSTAVLIFYWHMCP>
#	G	D	E	R	K	N	Q	S	T	A	V	L	I	F	Y	W	H	M	C	P
0	0.01339	0.00956	0.01339	0.01530	0.01721	0.00956	0.01339	0.01721	0.01912	0.02486	0.04399	0.09371	0.04781	0.02295	0.01147	0.00382	0.00765	0.60031	0.00765	0.00765
1	0.02126	0.01513	0.01652	0.01435	0.01898	0.01595	0.01130	0.09914	0.29806	0.12940	0.04679	0.04362	0.20634	0.01382	0.00882	0.00274	0.00625	0.01139	0.00850	0.01162
2	0.02352	0.02345	0.02007	0.01801	0.02126	0.23791	0.01381	0.17538	0.02392	0.02862	0.02401	0.21713	0.02449	0.01473	0.01099	0.00277	0.09241	0.01145	0.00622	0.00986
3	0.01711	0.01622	0.02748	0.50231	0.23188	0.01883	0.02378	0.02247	0.01728	0.02295	0.01502	0.02169	0.01168	0.00804	0.00828	0.00268	0.01072	0.00739	0.00381	0.01037
4	0.02640	0.02729	0.02001	0.01746	0.02201	0.34020	0.01347	0.15770	0.02582	0.06063	0.03246	0.03228	0.16556	0.01194	0.00827	0.00240	0.01073	0.00888	0.00628	0.01021
5	0.02687	0.01533	0.04993	0.13864	0.02732	0.01409	0.01459	0.05690	0.06251	0.34605	0.12871	0.03195	0.02777	0.01094	0.00856	0.00263	0.00760	0.00918	0.00836	0.01206
6	0.01606	0.01453	0.02327	0.03375	0.38064	0.01422	0.01772	0.01958	0.01799	0.02475	0.03316	0.23704	0.10324	0.01476	0.00915	0.00279	0.00764	0.01360	0.00565	0.01045
7	0.01569	0.01477	0.02492	0.68808	0.05722	0.01846	0.02307	0.02123	0.01661	0.02123	0.01477	0.02215	0.01107	0.00831	0.00831	0.00277	0.01107	0.00738	0.00369	0.00923
8	0.02084	0.07431	0.43465	0.02411	0.06649	0.18838	0.02582	0.02796	0.01912	0.02448	0.01425	0.01684	0.01072	0.00800	0.00768	0.00245	0.01267	0.00592	0.00374	0.01156
9	0.01028	0.00837	0.00909	0.00904	0.01154	0.00719	0.00673	0.01276	0.01983	0.02486	0.21188	0.10773	0.49101	0.02037	0.00985	0.00279	0.00417	0.01727	0.00804	0.00719
10	0.01484	0.00917	0.01209	0.01097	0.01347	0.00837	0.00837	0.01867	0.02355	0.10924	0.57707	0.05798	0.07140	0.01617	0.00962	0.00261	0.00430	0.01422	0.00928	0.00860
11	0.01143	0.00800	0.01026	0.01086	0.01136	0.00821	0.00714	0.01258	0.01356	0.01843	0.03126	0.24810	0.03554	0.34428	0.18395	0.00788	0.01046	0.01486	0.00572	0.00613
12	0.03194	0.02340	0.02218	0.01831	0.02323	0.20926	0.01468	0.11625	0.02423	0.29908	0.02206	0.02181	0.01542	0.01035	0.01080	0.00259	0.10781	0.00720	0.00731	0.01210
13	0.02221	0.71304	0.04353	0.01421	0.02132	0.03287	0.01421	0.02488	0.01688	0.01955	0.01155	0.01333	0.01066	0.00711	0.00533	0.00178	0.00888	0.00444	0.00355	0.01066
14	0.01012	0.00723	0.00964	0.01157	0.01205	0.00675	0.00771	0.01157	0.01591	0.02121	0.04579	0.70262	0.05495	0.02603	0.01060	0.00337	0.00482	0.02362	0.00771	0.00675
15	0.03072	0.03085	0.02475	0.02195	0.06019	0.33442	0.01644	0.31209	0.03057	0.03573	0.01633	0.01762	0.01244	0.00916	0.00792	0.00232	0.01196	0.00646	0.00616	0.01193
16	0.02074	0.02123	0.02989	0.21888	0.40440	0.11288	0.02349	0.02544	0.01895	0.02457	0.01500	0.02019	0.01224	0.00781	0.00814	0.00250	0.01092	0.00710	0.00402	0.01159
17	0.01927	0.02082	0.02034	0.01851	0.02067	0.21759	0.04353	0.02163	0.01711	0.02048	0.02080	0.14658	0.02128	0.02536	0.16528	0.00531	0.17191	0.01018	0.00480	0.00855
18	0.01208	0.00805	0.00906	0.00906	0.00906	0.00805	0.00503	0.01208	0.01208	0.01611	0.02618	0.05436	0.03020	0.70804	0.04228	0.00805	0.00805	0.01208	0.00503	0.00503
19	0.01420	0.01244	0.01258	0.01196	0.01497	0.04720	0.00902	0.02208	0.17697	0.02795	0.20089	0.09986	0.28357	0.01724	0.00939	0.00276	0.00536	0.01460	0.00805	0.00888
20	0.01698	0.01153	0.01388	0.01249	0.01573	0.01155	0.00962	0.02564	0.17903	0.10901	0.39017	0.05112	0.08949	0.01496	0.00929	0.00267	0.00498	0.01294	0.00903	0.00989
21	0.01731	0.01296	0.01464	0.01267	0.01621	0.01310	0.00991	0.20268	0.02688	0.03606	0.29740	0.07954	0.19513	0.01617	0.00938	0.00265	0.00563	0.01366	0.00849	0.00953
22	0.02432	0.55194	0.03875	0.01593	0.02237	0.18641	0.01465	0.02686	0.01847	0.01973	0.01186	0.01372	0.01067	0.00746	0.00585	0.00186	0.01034	0.00466	0.00373	0.01041
23	0.58862	0.18280	0.01970	0.01171	0.01732	0.02204	0.01025	0.02453	0.01479	0.03303	0.01156	0.01345	0.00939	0.00757	0.00519	0.00238	0.00701	0.00448	0.00476	0.00939
24	0.01115	0.00837	0.00944	0.00973	0.01130	0.00771	0.00687	0.01279	0.01666	0.02103	0.08595	0.10295	0.30527	0.25926	0.02130	0.00476	0.00597	0.08621	0.00685	0.00643
25	0.02056	0.01974	0.03372	0.05099	0.65622	0.01974	0.02550	0.02550	0.01892	0.02714	0.01563	0.02056	0.01316	0.00740	0.00822	0.00247	0.00987	0.00740	0.00411	0.01316
26	0.01187	0.00890	0.01335	0.01335	0.01483	0.01038	0.01038	0.01483	0.01335	0.01928	0.02225	0.03264	0.02077	0.06231	0.67512	0.01335	0.02225	0.00890	0.00445	0.00742
27	0.76672	0.01607	0.01221	0.01092	0.01607	0.01864	0.00900	0.02442	0.01414	0.03727	0.01157	0.01350	0.00900	0.00771	0.00514	0.00257	0.00643	0.00450	0.00514	0.00900
28	0.03591	0.01632	0.02063	0.01582	0.02230	0.01545	0.01307	0.18116	0.02743	0.51614	0.02971	0.02628	0.01902	0.01021	0.00834	0.00255	0.00756	0.00814	0.00981	0.01414
29	0.02221	0.71304	0.04353	0.01421	0.02132	0.03287	0.01421	0.02488	0.01688	0.01955	0.01155	0.01333	0.01066	0.00711	0.00533	0.00178	0.00888	0.00444	0.00355	0.01066
30	0.01207	0.00810	0.00929	0.00929	0.00937	0.00818	0.00532	0.01223	0.01215	0.01628	0.02597	0.05321	0.02970	0.67381	0.07584	0.00833	0.00881	0.01191	0.00500	0.00516
31	0.01510	0.00929	0.01184	0.01074	0.01348	0.00833	0.00822	0.01862	0.02281	0.12163	0.47091	0.06012	0.16342	0.01668	0.00959	0.00264	0.00442	0.01448	0.00908	0.00861
32	0.01054	0.00755	0.01001	0.01128	0.01214	0.00703	0.00774	0.01262	0.01785	0.02430	0.20075	0.53883	0.06094	0.02371	0.01040	0.00318	0.00459	0.02142	0.00808	0.00703
33	0.01187	0.00890	0.01335	0.01335	0.01483	0.01038	0.01038	0.01483	0.01335	0.01928	0.02225	0.03264	0.02077	0.06231	0.67512	0.01335	0.02225	0.00890	0.00445	0.00742
34	0.01874	0.01788	0.03044	0.28855	0.43286	0.01926	0.02459	0.02390	0.01806	0.02493	0.01531	0.02115	0.01238	0.00774	0.00825	0.00258	0.01032	0.00739	0.00396	0.01169
35	0.37722	0.08230	0.14265	0.01629	0.02274	0.18657	0.01536	0.02704	0.01740	0.02947	0.01253	0.01463	0.00985	0.00791	0.00628	0.00241	0.00992	0.00502	0.00448	0.00992

[dist]
# distance from previous block
# <min> <max>
0	27

[block]
# block no. 1 follows, 22 sequences, length 15
# corresponding to MSA columns:
# 63-77
name=unknown_B
#
# <colnr> <probs for GDERKNQSTAVLIFYWHMCP>
#	G	D	E	R	K	N	Q	S	T	A	V	L	I	F	Y	W	H	M	C	P
0	0.02789	0.23389	0.02965	0.01820	0.02414	0.22631	0.01522	0.22705	0.06773	0.03158	0.01618	0.01718	0.01279	0.00877	0.00718	0.00219	0.01068	0.00605	0.00567	0.01165
1	0.01206	0.00929	0.01122	0.01116	0.01355	0.00876	0.00876	0.01672	0.06239	0.02854	0.32549	0.07130	0.24350	0.01894	0.01003	0.00291	0.00488	0.12420	0.00839	0.00791
2	0.05917	0.42164	0.07123	0.01683	0.02297	0.14595	0.01567	0.05797	0.01879	0.02270	0.01236	0.01466	0.01079	0.00826	0.00798	0.00213	0.07124	0.00512	0.00402	0.01053
3	0.02315	0.06125	0.14029	0.01914	0.02418	0.02071	0.01788	0.03076	0.13204	0.17717	0.02111	0.02255	0.01579	0.01129	0.01451	0.00294	0.23991	0.00755	0.00608	0.01171
4	0.01666	0.04297	0.66500	0.02368	0.03596	0.01929	0.03069	0.02631	0.01754	0.02631	0.01491	0.01754	0.01052	0.00789	0.00789	0.00263	0.01228	0.00614	0.00351	0.01228
5	0.01818	0.01818	0.02545	0.02181	0.02181	0.02545	0.01818	0.01999	0.01272	0.01999	0.01091	0.01818	0.01091	0.01454	0.02726	0.00364	0.69284	0.00727	0.00364	0.00909
6	0.60342	0.01563	0.01379	0.01179	0.01722	0.01720	0.00972	0.02802	0.01630	0.17713	0.01632	0.01680	0.01159	0.00829	0.00586	0.00257	0.00657	0.00536	0.00629	0.01015
7	0.01208	0.00805	0.00906	0.00906	0.00906	0.00805	0.00503	0.01208	0.01208	0.01611	0.02618	0.05436	0.03020	0.70804	0.04228	0.00805	0.00805	0.01208	0.00503	0.00503
8	0.03596	0.01624	0.02058	0.01578	0.02225	0.01533	0.01303	0.17577	0.02729	0.52173	0.02982	0.02636	0.01908	0.01021	0.00834	0.00255	0.00755	0.00815	0.00983	0.01414
9	0.01012	0.00723	0.00964	0.01157	0.01205	0.00675	0.00771	0.01157	0.01591	0.02121	0.04579	0.70262	0.05495	0.02603	0.01060	0.00337	0.00482	0.02362	0.00771	0.00675
10	0.01136	0.00854	0.01056	0.01022	0.01239	0.00773	0.00778	0.01481	0.02209	0.03005	0.47173	0.06847	0.22252	0.01837	0.00990	0.00273	0.00421	0.05022	0.00869	0.00762
11	0.01208	0.00805	0.00906	0.00906	0.00906	0.00805	0.00503	0.01208	0.01208	0.01611	0.02618	0.05436	0.03020	0.70804	0.04228	0.00805	0.00805	0.01208	0.00503	0.00503
12	0.01051	0.00844	0.00938	0.00914	0.01165	0.00731	0.00686	0.01326	0.02057	0.02632	0.28670	0.07357	0.44789	0.01959	0.00981	0.00274	0.00410	0.01664	0.00822	0.00731
13	0.02056	0.01974	0.03372	0.05099	0.65622	0.01974	0.02550	0.02550	0.01892	0.02714	0.01563	0.02056	0.01316	0.00740	0.00822	0.00247	0.00987	0.00740	0.00411	0.01316
14	0.01940	0.22326	0.45760	0.02058	0.03110	0.02256	0.02511	0.02677	0.01773	0.06246	0.01506	0.01704	0.01116	0.00782	0.00722	0.00240	0.01104	0.00581	0.00393	0.01195

[dist]
# distance from previous block
# <min> <max>
0	1

[block]
# block no. 2 follows, 22 sequences, length 43
# corresponding to MSA columns:
# 79-121
name=unknown_C
#
# <colnr> <probs for GDERKNQSTAVLIFYWHMCP>
#	G	D	E	R	K	N	Q	S	T	A	V	L	I	F	Y	W	H	M	C	P
0	0.03116	0.03590	0.02386	0.02088	0.02570	0.52779	0.01599	0.16794	0.02705	0.02758	0.01445	0.01610	0.01148	0.00888	0.00768	0.00222	0.01366	0.00583	0.00519	0.01065
1	0.02039	0.01650	0.07557	0.01448	0.01940	0.01448	0.01251	0.13507	0.11646	0.12484	0.15723	0.07277	0.15681	0.01425	0.00898	0.00269	0.00659	0.01191	0.00819	0.01088
2	0.01525	0.01202	0.01379	0.01336	0.05616	0.01110	0.00943	0.02161	0.11255	0.02801	0.06874	0.04221	0.20128	0.01245	0.00777	0.00221	0.00533	0.01038	0.16071	0.19564
3	0.01012	0.00723	0.00964	0.01157	0.01205	0.00675	0.00771	0.01157	0.01591	0.02121	0.04579	0.70262	0.05495	0.02603	0.01060	0.00337	0.00482	0.02362	0.00771	0.00675
4	0.02840	0.02933	0.02264	0.01957	0.02461	0.32313	0.01520	0.19746	0.19368	0.03288	0.02040	0.02063	0.01557	0.00967	0.00797	0.00242	0.01114	0.00701	0.00649	0.01179
5	0.02122	0.40320	0.22566	0.01822	0.02616	0.09412	0.01955	0.02586	0.01751	0.02167	0.01264	0.01504	0.01064	0.00793	0.00761	0.00218	0.05101	0.00521	0.00362	0.01094
6	0.02056	0.01974	0.03372	0.05099	0.65622	0.01974	0.02550	0.02550	0.01892	0.02714	0.01563	0.02056	0.01316	0.00740	0.00822	0.00247	0.00987	0.00740	0.00411	0.01316
7	0.01804	0.20974	0.51032	0.02132	0.03231	0.02267	0.02659	0.02595	0.01738	0.02463	0.01407	0.01649	0.01056	0.00770	0.00725	0.00242	0.01143	0.00572	0.00352	0.01188
8	0.02056	0.01974	0.03372	0.05099	0.65622	0.01974	0.02550	0.02550	0.01892	0.02714	0.01563	0.02056	0.01316	0.00740	0.00822	0.00247	0.00987	0.00740	0.00411	0.01316
9	0.01858	0.01866	0.01573	0.01453	0.01841	0.15007	0.01109	0.02936	0.27213	0.02700	0.04906	0.04672	0.26622	0.01451	0.00879	0.00267	0.00739	0.01172	0.00731	0.01004
10	0.01000	0.00832	0.00874	0.00885	0.01139	0.00706	0.00656	0.01220	0.01905	0.02323	0.12729	0.13197	0.55451	0.02114	0.00988	0.00284	0.00424	0.01785	0.00783	0.00706
11	0.00982	0.00842	0.00842	0.00842	0.01122	0.00701	0.00631	0.01192	0.01894	0.02244	0.08416	0.07995	0.65285	0.02104	0.00982	0.00281	0.00421	0.01753	0.00771	0.00701
12	0.01893	0.01241	0.01369	0.01183	0.01512	0.01292	0.00929	0.19218	0.02548	0.03780	0.21814	0.03743	0.03689	0.01202	0.00776	0.00230	0.00539	0.00992	0.31091	0.00960
13	0.01569	0.01477	0.02492	0.68808	0.05722	0.01846	0.02307	0.02123	0.01661	0.02123	0.01477	0.02215	0.01107	0.00831	0.00831	0.00277	0.01107	0.00738	0.00369	0.00923
14	0.00982	0.00842	0.00842	0.00842	0.01122	0.00701	0.00631	0.01192	0.01894	0.02244	0.08416	0.07995	0.65285	0.02104	0.00982	0.00281	0.00421	0.01753	0.00771	0.00701
15	0.01549	0.00774	0.00774	0.00774	0.00968	0.00774	0.00581	0.01936	0.01742	0.03097	0.02710	0.03097	0.02129	0.00968	0.00581	0.00194	0.00387	0.00774	0.75416	0.00774
16	0.01666	0.04297	0.66500	0.02368	0.03596	0.01929	0.03069	0.02631	0.01754	0.02631	0.01491	0.01754	0.01052	0.00789	0.00789	0.00263	0.01228	0.00614	0.00351	0.01228
17	0.07891	0.02281	0.02411	0.01859	0.02514	0.02530	0.01535	0.58963	0.03745	0.05138	0.01941	0.01953	0.01380	0.00983	0.00811	0.00250	0.00897	0.00729	0.00811	0.01380
18	0.01176	0.00849	0.01110	0.01045	0.01241	0.00784	0.00784	0.01568	0.02352	0.03331	0.65184	0.06206	0.07839	0.01698	0.00980	0.00261	0.00392	0.01502	0.00914	0.00784
19	0.02026	0.01943	0.03318	0.09002	0.61953	0.01966	0.02535	0.02523	0.01877	0.02678	0.01557	0.02066	0.01303	0.00746	0.00823	0.00249	0.00994	0.00740	0.00409	0.01292
20	0.02056	0.01974	0.03372	0.05099	0.65622	0.01974	0.02550	0.02550	0.01892	0.02714	0.01563	0.02056	0.01316	0.00740	0.00822	0.00247	0.00987	0.00740	0.00411	0.01316
21	0.01922	0.02004	0.07040	0.19353	0.48263	0.01942	0.02527	0.02458	0.01831	0.02575	0.01539	0.02074	0.01253	0.00764	0.00822	0.00255	0.01029	0.00732	0.00398	0.01222
22	0.58597	0.01559	0.01396	0.01188	0.01734	0.01704	0.00979	0.02840	0.01653	0.19207	0.01682	0.01716	0.01186	0.00835	0.00594	0.00257	0.00659	0.00545	0.00641	0.01027
23	0.00982	0.00842	0.00842	0.00842	0.01122	0.00701	0.00631	0.01192	0.01894	0.02244	0.08416	0.07995	0.65285	0.02104	0.00982	0.00281	0.00421	0.01753	0.00771	0.00701
24	0.00982	0.00842	0.00842	0.00842	0.01122	0.00701	0.00631	0.01192	0.01894	0.02244	0.08416	0.07995	0.65285	0.02104	0.00982	0.00281	0.00421	0.01753	0.00771	0.00701
25	0.03727	0.01414	0.01928	0.01478	0.02121	0.01221	0.01221	0.04049	0.02378	0.66198	0.03277	0.02828	0.02056	0.01028	0.00835	0.00257	0.00707	0.00835	0.01028	0.01414
26	0.01187	0.00890	0.01335	0.01335	0.01483	0.01038	0.01038	0.01483	0.01335	0.01928	0.02225	0.03264	0.02077	0.06231	0.67512	0.01335	0.02225	0.00890	0.00445	0.00742
27	0.01126	0.00845	0.01027	0.00983	0.01189	0.00763	0.00726	0.01446	0.02161	0.02939	0.46309	0.06638	0.22905	0.05898	0.01173	0.00299	0.00424	0.01552	0.00852	0.00745
28	0.02904	0.19204	0.02807	0.01977	0.02470	0.52940	0.01564	0.03129	0.02203	0.02015	0.01255	0.01461	0.01069	0.00823	0.00700	0.00206	0.01360	0.00514	0.00412	0.00986
29	0.13982	0.15584	0.38786	0.04898	0.03004	0.02116	0.02290	0.02498	0.01663	0.02633	0.01410	0.01704	0.01081	0.01030	0.03843	0.00298	0.01113	0.00575	0.00384	0.01109
30	0.02086	0.14025	0.12278	0.02345	0.08284	0.12729	0.01970	0.02431	0.01639	0.02156	0.01234	0.01700	0.01098	0.01074	0.01593	0.00284	0.31038	0.00635	0.00375	0.01028
31	0.02320	0.02132	0.01930	0.01755	0.02201	0.15381	0.01371	0.03917	0.41694	0.07125	0.03036	0.03330	0.02410	0.01172	0.00853	0.00275	0.00844	0.06291	0.00764	0.01198
32	0.01987	0.02211	0.08914	0.04147	0.44050	0.05743	0.07923	0.02504	0.01902	0.02623	0.01850	0.05313	0.01660	0.00921	0.00860	0.00261	0.01042	0.04439	0.00444	0.01209
33	0.02255	0.02835	0.23641	0.01972	0.02732	0.06273	0.01959	0.13149	0.26594	0.06399	0.02385	0.02355	0.01741	0.00971	0.00818	0.00265	0.00946	0.00768	0.00659	0.01284
34	0.01011	0.00843	0.00882	0.00872	0.01140	0.00714	0.00654	0.01249	0.01963	0.02409	0.17022	0.07724	0.56576	0.02042	0.00982	0.00278	0.00416	0.01715	0.00793	0.00714
35	0.01907	0.01821	0.03102	0.24658	0.47233	0.01935	0.02475	0.02418	0.01821	0.02532	0.01536	0.02105	0.01252	0.00768	0.00825	0.00256	0.01024	0.00740	0.00398	0.01195
36	0.01187	0.00890	0.01335	0.01335	0.01483	0.01038	0.01038	0.01483	0.01335	0.01928	0.02225	0.03264	0.02077	0.06231	0.67512	0.01335	0.02225	0.00890	0.00445	0.00742
37	0.01622	0.03989	0.60664	0.02250	0.03385	0.01827	0.02865	0.02536	0.01807	0.02693	0.07175	0.02151	0.01658	0.00870	0.00806	0.00263	0.01153	0.00693	0.00401	0.01188
38	0.01666	0.04297	0.66500	0.02368	0.03596	0.01929	0.03069	0.02631	0.01754	0.02631	0.01491	0.01754	0.01052	0.00789	0.00789	0.00263	0.01228	0.00614	0.00351	0.01228
39	0.01031	0.00805	0.00936	0.00984	0.01173	0.00710	0.00707	0.01258	0.01891	0.02429	0.18887	0.27456	0.34411	0.02179	0.01006	0.00295	0.00434	0.01895	0.00801	0.00710
40	0.01204	0.00860	0.00989	0.00989	0.01096	0.00856	0.00650	0.01420	0.04237	0.02012	0.06588	0.09348	0.14556	0.38468	0.09524	0.00663	0.00820	0.01326	0.03763	0.00634
41	0.01569	0.01477	0.02492	0.68808	0.05722	0.01846	0.02307	0.02123	0.01661	0.02123	0.01477	0.02215	0.01107	0.00831	0.00831	0.00277	0.01107	0.00738	0.00369	0.00923
42	0.02145	0.02211	0.03253	0.10467	0.47712	0.10745	0.06267	0.02620	0.01937	0.02565	0.01525	0.02008	0.01260	0.00761	0.00824	0.00247	0.01093	0.00728	0.00410	0.01220

[dist]
# distance from previous block
# <min> <max>
0	14

# created by:
# /home/cegg/simao/soft/augustus-3.2.1/scripts/msa2prfl.pl ./align_prep/14788.fa
