[name]
unknown

[dist]
# distance from previous block
# <min> <max>
0	0

[block]
# block no. 0 follows, 19 sequences, length 17
# corresponding to MSA columns:
# 0-16
name=unknown_A
#
# <colnr> <probs for GDERKNQSTAVLIFYWHMCP>
#	G	D	E	R	K	N	Q	S	T	A	V	L	I	F	Y	W	H	M	C	P
0	0.01442	0.01030	0.01442	0.01648	0.01854	0.01030	0.01442	0.01854	0.02060	0.02677	0.04737	0.10092	0.05149	0.02471	0.01236	0.00412	0.00824	0.56956	0.00824	0.00824
1	0.03342	0.04264	0.02535	0.02305	0.02766	0.64967	0.01729	0.03572	0.02535	0.02190	0.01383	0.01613	0.01152	0.00922	0.00807	0.00230	0.01613	0.00576	0.00461	0.01037
2	0.01301	0.00867	0.00976	0.00976	0.00976	0.00867	0.00542	0.01301	0.01301	0.01735	0.02819	0.05855	0.03253	0.68559	0.04554	0.00867	0.00867	0.01301	0.00542	0.00542
3	0.02392	0.69097	0.04688	0.01531	0.02296	0.03540	0.01531	0.02679	0.01818	0.02105	0.01244	0.01435	0.01148	0.00765	0.00574	0.00191	0.00957	0.00478	0.00383	0.01148
4	0.02670	0.50122	0.04058	0.01757	0.02434	0.21518	0.01589	0.02940	0.02028	0.02130	0.01284	0.01487	0.01149	0.00811	0.00642	0.00203	0.01149	0.00507	0.00406	0.01116
5	0.01301	0.00867	0.00976	0.00976	0.00976	0.00867	0.00542	0.01301	0.01301	0.01735	0.02819	0.05855	0.03253	0.68559	0.04554	0.00867	0.00867	0.01301	0.00542	0.00542
6	0.01266	0.00914	0.01196	0.01126	0.01337	0.00844	0.00844	0.01688	0.02532	0.03588	0.62506	0.06683	0.08441	0.01829	0.01055	0.00281	0.00422	0.01618	0.00985	0.00844
7	0.03059	0.03775	0.02640	0.02528	0.06790	0.51414	0.01832	0.03304	0.02328	0.02234	0.01372	0.01705	0.01174	0.01010	0.01130	0.00257	0.11323	0.00622	0.00449	0.01054
8	0.01958	0.01991	0.01649	0.01526	0.01900	0.17000	0.01157	0.02802	0.17115	0.02937	0.16967	0.05160	0.21135	0.01579	0.00958	0.00280	0.00797	0.01288	0.00792	0.01009
9	0.01081	0.00815	0.01000	0.01149	0.01272	0.00735	0.00787	0.01257	0.01806	0.02322	0.06110	0.51038	0.22093	0.02650	0.01118	0.00346	0.00500	0.02356	0.00831	0.00735
10	0.01278	0.00959	0.01438	0.01438	0.01598	0.01118	0.01118	0.01598	0.01438	0.02077	0.02396	0.03515	0.02237	0.06710	0.65013	0.01438	0.02396	0.00959	0.00479	0.00799
11	0.55645	0.02493	0.17791	0.01538	0.02294	0.02026	0.01584	0.02683	0.01619	0.03703	0.01340	0.01568	0.01012	0.00836	0.00632	0.00279	0.00858	0.00531	0.00507	0.01062
12	0.02214	0.02126	0.03631	0.05491	0.62978	0.02126	0.02746	0.02746	0.02037	0.02923	0.01683	0.02214	0.01417	0.00797	0.00886	0.00266	0.01063	0.00797	0.00443	0.01417
13	0.02739	0.45395	0.03901	0.01814	0.02468	0.25996	0.01603	0.03006	0.02080	0.02136	0.01295	0.01500	0.01150	0.00823	0.00659	0.00206	0.01197	0.00514	0.00411	0.01108
14	0.01262	0.00921	0.01191	0.01143	0.01360	0.00850	0.00871	0.01669	0.02466	0.03444	0.54912	0.07042	0.12171	0.01902	0.01067	0.00291	0.00450	0.05188	0.00963	0.00836
15	0.01301	0.00867	0.00976	0.00976	0.00976	0.00867	0.00542	0.01301	0.01301	0.01735	0.02819	0.05855	0.03253	0.68559	0.04554	0.00867	0.00867	0.01301	0.00542	0.00542
16	0.02421	0.59678	0.04397	0.01645	0.02331	0.07535	0.01577	0.02698	0.01831	0.02114	0.01248	0.01487	0.01150	0.00837	0.00770	0.00209	0.06048	0.00508	0.00389	0.01128

[dist]
# distance from previous block
# <min> <max>
0	1

[block]
# block no. 1 follows, 19 sequences, length 18
# corresponding to MSA columns:
# 18-35
name=unknown_B
#
# <colnr> <probs for GDERKNQSTAVLIFYWHMCP>
#	G	D	E	R	K	N	Q	S	T	A	V	L	I	F	Y	W	H	M	C	P
0	0.02392	0.69097	0.04688	0.01531	0.02296	0.03540	0.01531	0.02679	0.01818	0.02105	0.01244	0.01435	0.01148	0.00765	0.00574	0.00191	0.00957	0.00478	0.00383	0.01148
1	0.08752	0.04352	0.57963	0.02419	0.03668	0.02071	0.03083	0.02814	0.01854	0.02946	0.01571	0.01847	0.01118	0.00848	0.00822	0.00283	0.01262	0.00644	0.00395	0.01289
2	0.03342	0.04264	0.02535	0.02305	0.02766	0.64967	0.01729	0.03572	0.02535	0.02190	0.01383	0.01613	0.01152	0.00922	0.00807	0.00230	0.01613	0.00576	0.00461	0.01037
3	0.03045	0.02245	0.02395	0.01881	0.02521	0.02469	0.01539	0.48480	0.07575	0.05137	0.02785	0.02760	0.05981	0.01165	0.00890	0.00269	0.00892	0.00897	0.05657	0.01415
4	0.02030	0.02830	0.21347	0.03890	0.31375	0.02254	0.02730	0.02635	0.01839	0.02718	0.01542	0.02058	0.01277	0.00991	0.01350	0.00300	0.16384	0.00753	0.00412	0.01287
5	0.01278	0.00959	0.01438	0.01438	0.01598	0.01118	0.01118	0.01598	0.01438	0.02077	0.02396	0.03515	0.02237	0.06710	0.65013	0.01438	0.02396	0.00959	0.00479	0.00799
6	0.01106	0.00908	0.00973	0.00957	0.01238	0.00776	0.00718	0.01378	0.02153	0.02688	0.21433	0.08164	0.50076	0.02165	0.01057	0.00297	0.00446	0.01826	0.00866	0.00776
7	0.02020	0.01927	0.03280	0.28040	0.41947	0.02075	0.02649	0.02575	0.01945	0.02687	0.01649	0.02278	0.01334	0.00833	0.00889	0.00278	0.01111	0.00796	0.00426	0.01260
8	0.02386	0.30607	0.26081	0.02082	0.02985	0.16905	0.02231	0.02938	0.02006	0.02393	0.01409	0.01643	0.01144	0.00832	0.00729	0.00234	0.01240	0.00568	0.00399	0.01187
9	0.02417	0.02196	0.02130	0.01877	0.02337	0.09642	0.01456	0.10814	0.39837	0.03550	0.02994	0.03090	0.02346	0.05957	0.01272	0.00336	0.04710	0.00943	0.00799	0.01296
10	0.01077	0.00907	0.00934	0.00927	0.01221	0.00764	0.00695	0.01322	0.02086	0.02528	0.14151	0.08426	0.57458	0.02224	0.01057	0.00300	0.00450	0.01862	0.00845	0.00764
11	0.01301	0.00867	0.00976	0.00976	0.00976	0.00867	0.00542	0.01301	0.01301	0.01735	0.02819	0.05855	0.03253	0.68559	0.04554	0.00867	0.00867	0.01301	0.00542	0.00542
12	0.01855	0.01590	0.01855	0.01325	0.02120	0.01193	0.01060	0.02253	0.01855	0.02915	0.01590	0.01855	0.01325	0.00663	0.00663	0.00133	0.00663	0.00530	0.00530	0.74028
13	0.01375	0.00897	0.01134	0.01134	0.01247	0.00963	0.00798	0.01601	0.01488	0.02239	0.02668	0.04320	0.02617	0.27785	0.28531	0.00952	0.01394	0.01054	0.17091	0.00714
14	0.01090	0.00779	0.01038	0.01246	0.01298	0.00727	0.00830	0.01246	0.01713	0.02284	0.04931	0.67975	0.05917	0.02803	0.01142	0.00363	0.00519	0.02543	0.00830	0.00727
15	0.01116	0.00826	0.01043	0.01162	0.01288	0.00753	0.00806	0.01332	0.01920	0.02542	0.16037	0.46164	0.16673	0.02530	0.01111	0.00337	0.00490	0.02258	0.00858	0.00753
16	0.01855	0.01590	0.01855	0.01325	0.02120	0.01193	0.01060	0.02253	0.01855	0.02915	0.01590	0.01855	0.01325	0.00663	0.00663	0.00133	0.00663	0.00530	0.00530	0.74028
17	0.01399	0.00857	0.01148	0.01282	0.01402	0.00789	0.00882	0.01574	0.01802	0.08755	0.04783	0.61122	0.05526	0.02624	0.01116	0.00354	0.00545	0.02370	0.00860	0.00811

[dist]
# distance from previous block
# <min> <max>
0	4

[block]
# block no. 2 follows, 19 sequences, length 24
# corresponding to MSA columns:
# 40-63
name=unknown_C
#
# <colnr> <probs for GDERKNQSTAVLIFYWHMCP>
#	G	D	E	R	K	N	Q	S	T	A	V	L	I	F	Y	W	H	M	C	P
0	0.01533	0.00982	0.01231	0.01129	0.01416	0.00878	0.00861	0.01902	0.02424	0.10170	0.43722	0.06703	0.19951	0.01845	0.01038	0.00286	0.00468	0.01597	0.00964	0.00901
1	0.01745	0.01604	0.02385	0.27587	0.17243	0.01771	0.01962	0.02539	0.11086	0.02684	0.03653	0.03931	0.15661	0.01238	0.00933	0.00293	0.00918	0.01081	0.00587	0.01099
2	0.01356	0.00977	0.01227	0.01339	0.01467	0.00962	0.00931	0.08002	0.02000	0.02670	0.04611	0.60404	0.05412	0.02604	0.01114	0.00352	0.00573	0.02343	0.00838	0.00818
3	0.01266	0.00914	0.01196	0.01126	0.01337	0.00844	0.00844	0.01688	0.02532	0.03588	0.62506	0.06683	0.08441	0.01829	0.01055	0.00281	0.00422	0.01618	0.00985	0.00844
4	0.03342	0.04264	0.02535	0.02305	0.02766	0.64967	0.01729	0.03572	0.02535	0.02190	0.01383	0.01613	0.01152	0.00922	0.00807	0.00230	0.01613	0.00576	0.00461	0.01037
5	0.02992	0.18501	0.03351	0.02274	0.02880	0.37723	0.08352	0.08892	0.02491	0.02591	0.01477	0.01718	0.01212	0.00882	0.00792	0.00234	0.01391	0.00632	0.00485	0.01130
6	0.01814	0.04493	0.60346	0.02624	0.03921	0.02089	0.06747	0.02835	0.01902	0.02835	0.01618	0.01921	0.01147	0.00844	0.00863	0.00284	0.01334	0.00685	0.00382	0.01315
7	0.02214	0.02126	0.03631	0.05491	0.62978	0.02126	0.02746	0.02746	0.02037	0.02923	0.01683	0.02214	0.01417	0.00797	0.00886	0.00266	0.01063	0.00797	0.00443	0.01417
8	0.01794	0.04628	0.63923	0.02550	0.03872	0.02078	0.03305	0.02833	0.01889	0.02833	0.01606	0.01889	0.01133	0.00850	0.00850	0.00283	0.01322	0.00661	0.00378	0.01322
9	0.02214	0.02126	0.03631	0.05491	0.62978	0.02126	0.02746	0.02746	0.02037	0.02923	0.01683	0.02214	0.01417	0.00797	0.00886	0.00266	0.01063	0.00797	0.00443	0.01417
10	0.01957	0.01957	0.02740	0.02349	0.02349	0.02740	0.01957	0.02153	0.01370	0.02153	0.01174	0.01957	0.01174	0.01566	0.02936	0.00391	0.66921	0.00783	0.00391	0.00979
11	0.02215	0.02113	0.03535	0.05271	0.59344	0.02132	0.02666	0.02866	0.05591	0.02972	0.01800	0.02282	0.01496	0.00822	0.00887	0.00268	0.01042	0.00810	0.00471	0.01417
12	0.01278	0.00959	0.01438	0.01438	0.01598	0.01118	0.01118	0.01598	0.01438	0.02077	0.02396	0.03515	0.02237	0.06710	0.65013	0.01438	0.02396	0.00959	0.00479	0.00799
13	0.01300	0.00873	0.01003	0.01003	0.01013	0.00882	0.00576	0.01319	0.01309	0.01755	0.02794	0.05715	0.03192	0.64868	0.08161	0.00901	0.00959	0.01281	0.00538	0.00557
14	0.03100	0.03806	0.02770	0.02988	0.15670	0.51500	0.01947	0.03395	0.02429	0.02347	0.01447	0.01742	0.01209	0.00895	0.00824	0.00238	0.01495	0.00624	0.00457	0.01119
15	0.01133	0.00888	0.01026	0.01036	0.01266	0.00780	0.00760	0.01414	0.02151	0.02789	0.26374	0.17810	0.34965	0.02208	0.01071	0.00305	0.00454	0.01906	0.00883	0.00780
16	0.01323	0.00879	0.00975	0.00959	0.01121	0.00829	0.00657	0.01561	0.01864	0.02655	0.17042	0.06072	0.17534	0.23716	0.02108	0.00462	0.00575	0.01394	0.17552	0.00722
17	0.01584	0.13690	0.05197	0.01612	0.01921	0.01792	0.01395	0.01918	0.01521	0.02127	0.02008	0.02879	0.01863	0.04755	0.43067	0.01035	0.09443	0.00836	0.00447	0.00908
18	0.02375	0.24948	0.09996	0.01877	0.02467	0.22770	0.01702	0.02737	0.01971	0.02209	0.01596	0.02025	0.01399	0.02198	0.15558	0.00502	0.01544	0.00642	0.00430	0.01051
19	0.12931	0.07281	0.02235	0.02297	0.15582	0.05671	0.01479	0.08130	0.02059	0.03206	0.02003	0.02451	0.01650	0.01802	0.10633	0.00427	0.01082	0.00745	0.17248	0.01087
20	0.11475	0.10410	0.02609	0.02098	0.02600	0.51626	0.01622	0.03375	0.02348	0.02391	0.01353	0.01577	0.01131	0.00896	0.00754	0.00232	0.01442	0.00556	0.00464	0.01040
21	0.01853	0.11740	0.51030	0.08774	0.03918	0.02237	0.03020	0.02761	0.01871	0.02695	0.01562	0.01886	0.01141	0.00845	0.00823	0.00274	0.01267	0.00653	0.00380	0.01270
22	0.02132	0.02042	0.03483	0.15046	0.54066	0.02104	0.02705	0.02674	0.01998	0.02823	0.01668	0.02241	0.01382	0.00812	0.00887	0.00271	0.01083	0.00797	0.00436	0.01351
23	0.02092	0.26310	0.30409	0.02464	0.09973	0.02602	0.02441	0.02961	0.07787	0.02683	0.01692	0.01914	0.01330	0.00851	0.00765	0.00252	0.01105	0.00649	0.00440	0.01282

[dist]
# distance from previous block
# <min> <max>
0	2

[block]
# block no. 3 follows, 19 sequences, length 63
# corresponding to MSA columns:
# 66-128
name=unknown_D
#
# <colnr> <probs for GDERKNQSTAVLIFYWHMCP>
#	G	D	E	R	K	N	Q	S	T	A	V	L	I	F	Y	W	H	M	C	P
0	0.01194	0.00960	0.01217	0.07643	0.01813	0.00895	0.00962	0.01434	0.01838	0.02373	0.05721	0.37115	0.23814	0.02282	0.01055	0.00320	0.00575	0.02009	0.00766	0.06013
1	0.02568	0.02064	0.02031	0.01755	0.02275	0.08752	0.01392	0.16183	0.24360	0.09713	0.03934	0.04008	0.11457	0.01365	0.00934	0.00291	0.00840	0.03937	0.00861	0.01278
2	0.03267	0.03859	0.02566	0.05536	0.02940	0.52264	0.01763	0.12118	0.02752	0.02721	0.01510	0.01734	0.01211	0.00944	0.00825	0.00240	0.01496	0.00622	0.00524	0.01109
3	0.01220	0.00900	0.01157	0.01277	0.01419	0.00861	0.00929	0.01577	0.04716	0.02666	0.16339	0.41299	0.10221	0.02458	0.01120	0.00347	0.00544	0.09291	0.00863	0.00796
4	0.01640	0.01275	0.01764	0.01601	0.01744	0.01514	0.04386	0.01942	0.01671	0.02640	0.02721	0.17211	0.02685	0.01839	0.04381	0.00362	0.21948	0.01215	0.26587	0.00876
5	0.14829	0.27678	0.16596	0.01698	0.02471	0.05735	0.01752	0.06791	0.01997	0.02987	0.01577	0.01805	0.01265	0.00855	0.00672	0.00236	0.00969	0.00587	0.08357	0.01143
6	0.01880	0.04118	0.51648	0.03149	0.15906	0.02087	0.03191	0.02815	0.01919	0.02851	0.01621	0.01955	0.01191	0.00839	0.00857	0.00280	0.01269	0.00689	0.00391	0.01342
7	0.02060	0.01968	0.03352	0.23445	0.46233	0.02085	0.02669	0.02610	0.01964	0.02735	0.01656	0.02265	0.01351	0.00826	0.00888	0.00275	0.01101	0.00797	0.00429	0.01292
8	0.08162	0.02979	0.02735	0.09278	0.16408	0.27460	0.01969	0.14679	0.02616	0.03197	0.01616	0.01921	0.01277	0.00916	0.00832	0.00256	0.01254	0.00687	0.00546	0.01211
9	0.06146	0.29766	0.19943	0.01850	0.02670	0.02654	0.01940	0.03129	0.15005	0.02771	0.01927	0.02077	0.01535	0.01162	0.03660	0.00303	0.01052	0.00669	0.00512	0.01229
10	0.02351	0.05501	0.11304	0.01658	0.02268	0.01806	0.01516	0.03696	0.25981	0.13690	0.03029	0.02969	0.02221	0.01079	0.00819	0.00269	0.00759	0.00872	0.16935	0.01277
11	0.03273	0.08998	0.02692	0.02248	0.02731	0.60481	0.01714	0.03507	0.02483	0.02183	0.01373	0.01600	0.01152	0.00910	0.00790	0.00228	0.01565	0.00569	0.00455	0.01045
12	0.01168	0.00935	0.01061	0.01098	0.01367	0.00827	0.00869	0.01460	0.02105	0.02620	0.14731	0.08699	0.43156	0.02257	0.01097	0.00324	0.00531	0.14064	0.00848	0.00781
13	0.01859	0.11595	0.57521	0.02440	0.03702	0.02236	0.03114	0.02817	0.01881	0.02755	0.01566	0.01840	0.01135	0.00841	0.00820	0.00273	0.01283	0.00641	0.00378	0.01303
14	0.02095	0.02364	0.05005	0.03617	0.04424	0.02314	0.53485	0.02789	0.02031	0.02789	0.01741	0.02364	0.01338	0.00842	0.01259	0.00311	0.08578	0.01026	0.00446	0.01182
15	0.01290	0.00986	0.01192	0.01128	0.01380	0.00925	0.00849	0.01823	0.06719	0.03339	0.46359	0.06866	0.20035	0.01881	0.01045	0.00288	0.00450	0.01634	0.00945	0.00866
16	0.02563	0.57446	0.04301	0.01670	0.02381	0.14578	0.01566	0.02839	0.01947	0.02120	0.01269	0.01467	0.01149	0.00794	0.00616	0.00198	0.01075	0.00496	0.00397	0.01128
17	0.01057	0.00906	0.00906	0.00906	0.01208	0.00755	0.00680	0.01284	0.02039	0.02417	0.09063	0.08610	0.62615	0.02266	0.01057	0.00302	0.00453	0.01888	0.00831	0.00755
18	0.01301	0.00867	0.00976	0.00976	0.00976	0.00867	0.00542	0.01301	0.01301	0.01735	0.02819	0.05855	0.03253	0.68559	0.04554	0.00867	0.00867	0.01301	0.00542	0.00542
19	0.03104	0.14248	0.02857	0.01864	0.02551	0.02633	0.01573	0.33363	0.13030	0.12173	0.02411	0.02333	0.01744	0.01046	0.00840	0.00261	0.00905	0.00793	0.00833	0.01437
20	0.02225	0.01922	0.02023	0.01821	0.02326	0.02225	0.01416	0.04754	0.61361	0.03742	0.03641	0.03338	0.02731	0.01214	0.00910	0.00303	0.00708	0.01011	0.00910	0.01416
21	0.02603	0.54723	0.04211	0.01702	0.02400	0.17159	0.01575	0.02877	0.01977	0.02124	0.01275	0.01475	0.01149	0.00800	0.00626	0.00200	0.01102	0.00500	0.00400	0.01124
22	0.02214	0.02126	0.03631	0.05491	0.62978	0.02126	0.02746	0.02746	0.02037	0.02923	0.01683	0.02214	0.01417	0.00797	0.00886	0.00266	0.01063	0.00797	0.00443	0.01417
23	0.01137	0.00798	0.01024	0.01186	0.01226	0.00758	0.00766	0.01258	0.01621	0.02162	0.04462	0.54173	0.05325	0.17412	0.01900	0.00475	0.00596	0.02267	0.00766	0.00686
24	0.02231	0.02524	0.09823	0.08892	0.41215	0.07602	0.02566	0.02995	0.07968	0.02885	0.01837	0.02251	0.01478	0.00862	0.00878	0.00271	0.01113	0.00784	0.00481	0.01343
25	0.03017	0.02125	0.13114	0.01781	0.02510	0.01620	0.01661	0.03978	0.15502	0.34998	0.07515	0.03168	0.02590	0.01137	0.00904	0.00284	0.00825	0.00934	0.00924	0.01413
26	0.08361	0.09961	0.02810	0.02439	0.09152	0.34785	0.01758	0.14813	0.02676	0.03096	0.01547	0.01758	0.01242	0.00917	0.00792	0.00242	0.01293	0.00630	0.00546	0.01183
27	0.02780	0.02138	0.02351	0.01764	0.02512	0.02139	0.01443	0.36790	0.03262	0.04544	0.01924	0.02030	0.01443	0.00909	0.00802	0.00214	0.00855	0.00695	0.00748	0.30659
28	0.02435	0.01959	0.02092	0.01833	0.02369	0.02233	0.01439	0.10247	0.52612	0.07031	0.03486	0.03204	0.02584	0.01194	0.00908	0.00299	0.00738	0.00985	0.00919	0.01432
29	0.01737	0.04226	0.57144	0.02396	0.03598	0.01944	0.03039	0.02710	0.01958	0.02915	0.08187	0.02407	0.01923	0.00956	0.00872	0.00283	0.01225	0.00765	0.00443	0.01271
30	0.01090	0.00779	0.01038	0.01246	0.01298	0.00727	0.00830	0.01246	0.01713	0.02284	0.04931	0.67975	0.05917	0.02803	0.01142	0.00363	0.00519	0.02543	0.00830	0.00727
31	0.01228	0.00836	0.00997	0.01070	0.01088	0.00818	0.00643	0.01282	0.01444	0.01926	0.03554	0.27487	0.04180	0.45660	0.03365	0.00692	0.00746	0.01734	0.00643	0.00606
32	0.01927	0.18951	0.50763	0.02324	0.03522	0.02403	0.02911	0.02799	0.01873	0.02671	0.01525	0.01788	0.01137	0.00831	0.00789	0.00263	0.01241	0.00621	0.00379	0.01284
33	0.01057	0.00906	0.00906	0.00906	0.01208	0.00755	0.00680	0.01284	0.02039	0.02417	0.09063	0.08610	0.62615	0.02266	0.01057	0.00302	0.00453	0.01888	0.00831	0.00755
34	0.02112	0.02413	0.05279	0.03771	0.04676	0.02262	0.59729	0.02866	0.02112	0.02866	0.01810	0.02413	0.01357	0.00754	0.01056	0.00302	0.01508	0.01056	0.00452	0.01207
35	0.02134	0.02349	0.04913	0.04153	0.17629	0.02232	0.47069	0.02839	0.02095	0.02878	0.01782	0.02369	0.01371	0.00764	0.01018	0.00294	0.01409	0.00998	0.00450	0.01253
36	0.01794	0.04628	0.63923	0.02550	0.03872	0.02078	0.03305	0.02833	0.01889	0.02833	0.01606	0.01889	0.01133	0.00850	0.00850	0.00283	0.01322	0.00661	0.00378	0.01322
37	0.01244	0.00914	0.01165	0.01102	0.01323	0.00835	0.00826	0.01645	0.02479	0.03461	0.56730	0.06891	0.14296	0.01876	0.01055	0.00284	0.00425	0.01647	0.00968	0.00835
38	0.01083	0.00807	0.01009	0.01170	0.01278	0.00733	0.00797	0.01254	0.01785	0.02313	0.05849	0.54786	0.18514	0.02684	0.01123	0.00350	0.00504	0.02398	0.00831	0.00733
39	0.02178	0.02065	0.03390	0.09458	0.52354	0.02127	0.02583	0.02930	0.08431	0.02966	0.01888	0.02348	0.01543	0.00849	0.00889	0.00272	0.01034	0.00820	0.00490	0.01387
40	0.02037	0.01943	0.03278	0.18785	0.47122	0.02023	0.02580	0.02567	0.01982	0.02755	0.02049	0.02587	0.04571	0.00896	0.00897	0.00275	0.01060	0.00854	0.00453	0.01288
41	0.01557	0.01405	0.01586	0.01555	0.01755	0.09741	0.01201	0.01864	0.01586	0.02092	0.02259	0.03258	0.02090	0.05928	0.56342	0.01275	0.02291	0.00907	0.00477	0.00831
42	0.01177	0.00916	0.01073	0.01049	0.01302	0.00812	0.00796	0.01508	0.02279	0.02997	0.34746	0.07748	0.33571	0.02064	0.01065	0.00297	0.00456	0.04438	0.00905	0.00802
43	0.02583	0.24249	0.03668	0.03337	0.26812	0.19964	0.02074	0.02953	0.02104	0.02457	0.01459	0.01798	0.01257	0.00821	0.00764	0.00232	0.01181	0.00634	0.00429	0.01226
44	0.01199	0.01017	0.01048	0.01021	0.01339	0.00921	0.00771	0.01688	0.08486	0.02646	0.12380	0.07899	0.52187	0.02120	0.01041	0.00301	0.00478	0.01774	0.00851	0.00833
45	0.03342	0.04264	0.02535	0.02305	0.02766	0.64967	0.01729	0.03572	0.02535	0.02190	0.01383	0.01613	0.01152	0.00922	0.00807	0.00230	0.01613	0.00576	0.00461	0.01037
46	0.01855	0.01590	0.01855	0.01325	0.02120	0.01193	0.01060	0.02253	0.01855	0.02915	0.01590	0.01855	0.01325	0.00663	0.00663	0.00133	0.00663	0.00530	0.00530	0.74028
47	0.01057	0.00906	0.00906	0.00906	0.01208	0.00755	0.00680	0.01284	0.02039	0.02417	0.09063	0.08610	0.62615	0.02266	0.01057	0.00302	0.00453	0.01888	0.00831	0.00755
48	0.01218	0.00874	0.01129	0.01291	0.01379	0.00840	0.00879	0.04492	0.01851	0.02469	0.04777	0.64338	0.05674	0.02707	0.01128	0.00358	0.00545	0.02447	0.00834	0.00771
49	0.01408	0.00869	0.01161	0.01269	0.01403	0.00799	0.00882	0.01610	0.01883	0.08716	0.10592	0.55122	0.05791	0.02530	0.01108	0.00346	0.00534	0.02281	0.00874	0.00820
50	0.01090	0.00779	0.01038	0.01246	0.01298	0.00727	0.00830	0.01246	0.01713	0.02284	0.04931	0.67975	0.05917	0.02803	0.01142	0.00363	0.00519	0.02543	0.00830	0.00727
51	0.03021	0.02303	0.02685	0.16325	0.03525	0.02600	0.01874	0.47200	0.03670	0.04895	0.02024	0.02201	0.01449	0.01034	0.00895	0.00275	0.01031	0.00803	0.00785	0.01404
52	0.01851	0.04230	0.53385	0.02769	0.04017	0.02111	0.13445	0.02839	0.01929	0.02839	0.01642	0.01983	0.01174	0.00833	0.00887	0.00287	0.01356	0.00732	0.00391	0.01301
53	0.01278	0.00959	0.01438	0.01438	0.01598	0.01118	0.01118	0.01598	0.01438	0.02077	0.02396	0.03515	0.02237	0.06710	0.65013	0.01438	0.02396	0.00959	0.00479	0.00799
54	0.01085	0.00800	0.01016	0.01189	0.01283	0.00731	0.00806	0.01252	0.01767	0.02306	0.05616	0.58138	0.15312	0.02714	0.01128	0.00353	0.00508	0.02435	0.00831	0.00731
55	0.01326	0.01398	0.07947	0.01333	0.01716	0.01066	0.01186	0.01868	0.06346	0.02799	0.16153	0.10173	0.29587	0.02023	0.01059	0.00319	0.00628	0.11370	0.00813	0.00890
56	0.01794	0.04628	0.63923	0.02550	0.03872	0.02078	0.03305	0.02833	0.01889	0.02833	0.01606	0.01889	0.01133	0.00850	0.00850	0.00283	0.01322	0.00661	0.00378	0.01322
57	0.01794	0.04628	0.63923	0.02550	0.03872	0.02078	0.03305	0.02833	0.01889	0.02833	0.01606	0.01889	0.01133	0.00850	0.00850	0.00283	0.01322	0.00661	0.00378	0.01322
58	0.01384	0.00925	0.01273	0.01273	0.01446	0.01041	0.00984	0.01730	0.01557	0.02420	0.02539	0.03466	0.02252	0.05167	0.47481	0.01103	0.01857	0.00925	0.20368	0.00808
59	0.02674	0.03113	0.02816	0.19213	0.17001	0.35089	0.02146	0.03064	0.02236	0.02377	0.01502	0.01942	0.01221	0.00887	0.00846	0.00255	0.01385	0.00681	0.00441	0.01111
60	0.02415	0.02868	0.16613	0.09924	0.26431	0.06834	0.02537	0.15499	0.02498	0.03389	0.01738	0.02101	0.01336	0.00889	0.00875	0.00271	0.01156	0.00752	0.00526	0.01349
61	0.02221	0.02223	0.03188	0.18390	0.39530	0.08894	0.02483	0.02877	0.06285	0.02761	0.01770	0.02268	0.01433	0.00862	0.00881	0.00272	0.01126	0.00788	0.00468	0.01282
62	0.03087	0.03650	0.02687	0.02632	0.09232	0.46575	0.01859	0.08231	0.02510	0.02564	0.01461	0.01759	0.01215	0.00986	0.01035	0.00254	0.08017	0.00641	0.00490	0.01114

[dist]
# distance from previous block
# <min> <max>
0	15

# created by:
# /home/cegg/simao/soft/augustus-3.2.1/scripts/msa2prfl.pl ./align_prep/14793.fa
