[name]
unknown

[dist]
# distance from previous block
# <min> <max>
0	40

[block]
# block no. 0 follows, 21 sequences, length 77
# corresponding to MSA columns:
# 42-118
name=unknown_A
#
# <colnr> <probs for GDERKNQSTAVLIFYWHMCP>
#	G	D	E	R	K	N	Q	S	T	A	V	L	I	F	Y	W	H	M	C	P
0	0.01115	0.00882	0.01022	0.01089	0.01325	0.00789	0.00859	0.01379	0.01937	0.02406	0.09866	0.14430	0.40321	0.02236	0.01058	0.00320	0.00528	0.16907	0.00796	0.00737
1	0.01786	0.01884	0.03596	0.02762	0.03232	0.02005	0.33690	0.02249	0.01742	0.02434	0.02110	0.14770	0.02055	0.01297	0.01516	0.00322	0.19871	0.01197	0.00482	0.01002
2	0.03126	0.08286	0.02200	0.01578	0.02186	0.01733	0.01301	0.04112	0.21761	0.39504	0.03180	0.02837	0.02165	0.01054	0.00829	0.00264	0.00726	0.00851	0.00927	0.01381
3	0.02371	0.02224	0.08283	0.01859	0.02468	0.02240	0.01593	0.19450	0.41693	0.03950	0.02902	0.02743	0.02148	0.01086	0.00857	0.00278	0.00799	0.00878	0.00813	0.01365
4	0.01549	0.01449	0.02388	0.61521	0.05404	0.01777	0.02197	0.02082	0.01725	0.02186	0.02203	0.02844	0.07283	0.00978	0.00866	0.00284	0.01066	0.00857	0.00418	0.00923
5	0.02549	0.27849	0.03372	0.02519	0.15810	0.18864	0.01760	0.08678	0.06296	0.02621	0.01543	0.01755	0.01284	0.00829	0.00717	0.00221	0.01076	0.00608	0.00476	0.01172
6	0.01217	0.01172	0.01013	0.00991	0.01293	0.07125	0.00743	0.01433	0.01986	0.02278	0.07911	0.07544	0.58286	0.02031	0.00983	0.00281	0.00538	0.01675	0.00756	0.00744
7	0.01044	0.00864	0.00915	0.00902	0.01173	0.00735	0.00676	0.01295	0.02029	0.02511	0.19225	0.07841	0.53703	0.02076	0.01005	0.00284	0.00425	0.01747	0.00818	0.00735
8	0.03126	0.02330	0.02493	0.01936	0.02598	0.02588	0.01591	0.56369	0.09756	0.05188	0.02181	0.02153	0.01559	0.01034	0.00853	0.00259	0.00911	0.00785	0.00853	0.01438
9	0.02119	0.16761	0.03588	0.04123	0.45241	0.02368	0.02290	0.02543	0.01831	0.02542	0.01464	0.01923	0.01271	0.00823	0.00968	0.00249	0.07548	0.00692	0.00404	0.01252
10	0.03292	0.02293	0.02498	0.01915	0.02594	0.02504	0.01582	0.56332	0.03849	0.11192	0.02171	0.02126	0.01511	0.01025	0.00852	0.00256	0.00916	0.00775	0.00871	0.01447
11	0.01964	0.01506	0.01785	0.01285	0.02032	0.01146	0.01032	0.02338	0.01830	0.08853	0.01692	0.01875	0.01343	0.00671	0.00652	0.00139	0.00639	0.00538	0.00558	0.68122
12	0.02371	0.49555	0.07384	0.01655	0.02344	0.13239	0.01572	0.02884	0.07817	0.02206	0.01445	0.01593	0.01238	0.00798	0.00627	0.00203	0.01006	0.00529	0.00424	0.01110
13	0.02036	0.06678	0.06434	0.12703	0.50231	0.02094	0.02529	0.02557	0.01887	0.02648	0.01558	0.02062	0.01291	0.00770	0.00822	0.00253	0.01032	0.00731	0.00409	0.01276
14	0.02055	0.01764	0.01871	0.01687	0.02150	0.02029	0.01310	0.04326	0.59162	0.03550	0.07550	0.03389	0.02962	0.01194	0.00875	0.00287	0.00655	0.01001	0.00871	0.01310
15	0.01607	0.01513	0.02552	0.68047	0.05861	0.01891	0.02363	0.02174	0.01702	0.02174	0.01513	0.02269	0.01134	0.00851	0.00851	0.00284	0.01134	0.00756	0.00378	0.00945
16	0.01216	0.00912	0.01368	0.01368	0.01520	0.01064	0.01064	0.01520	0.01368	0.01976	0.02279	0.03343	0.02127	0.06382	0.66720	0.01368	0.02279	0.00912	0.00456	0.00760
17	0.01204	0.00870	0.01138	0.01071	0.01271	0.00803	0.00803	0.01606	0.02409	0.03413	0.64335	0.06357	0.08030	0.01740	0.01004	0.00268	0.00401	0.01539	0.00937	0.00803
18	0.01006	0.00862	0.00862	0.00862	0.01149	0.00718	0.00647	0.01221	0.01940	0.02299	0.08621	0.08190	0.64438	0.02155	0.01006	0.00287	0.00431	0.01796	0.00790	0.00718
19	0.02106	0.02022	0.03454	0.05223	0.64784	0.02022	0.02612	0.02612	0.01938	0.02780	0.01601	0.02106	0.01348	0.00758	0.00842	0.00253	0.01011	0.00758	0.00421	0.01348
20	0.01037	0.00741	0.00987	0.01185	0.01234	0.00691	0.00790	0.01185	0.01629	0.02172	0.04690	0.69537	0.05629	0.02666	0.01086	0.00346	0.00494	0.02419	0.00790	0.00691
21	0.01862	0.01862	0.02607	0.02234	0.02234	0.02607	0.01862	0.02048	0.01303	0.02048	0.01117	0.01862	0.01117	0.01489	0.02793	0.00372	0.68535	0.00745	0.00372	0.00931
22	0.01714	0.01622	0.02746	0.54531	0.18538	0.01919	0.02417	0.02268	0.01752	0.02305	0.01532	0.02234	0.01180	0.00831	0.00849	0.00277	0.01108	0.00757	0.00387	0.01032
23	0.01765	0.01513	0.01765	0.01260	0.02017	0.01134	0.01008	0.02143	0.01765	0.02773	0.01513	0.01765	0.01260	0.00630	0.00630	0.00126	0.00630	0.00504	0.00504	0.75295
24	0.02503	0.02020	0.02142	0.01810	0.02360	0.02297	0.01441	0.24372	0.42767	0.04183	0.02973	0.02784	0.02200	0.01109	0.00861	0.00277	0.00764	0.00894	0.00861	0.01382
25	0.01867	0.23089	0.48402	0.02152	0.03260	0.02369	0.02668	0.02654	0.01778	0.02499	0.01430	0.01675	0.01082	0.00786	0.00734	0.00245	0.01160	0.00580	0.00361	0.01211
26	0.18104	0.02304	0.15572	0.05024	0.02608	0.01935	0.01695	0.06807	0.21535	0.12473	0.02367	0.02346	0.01703	0.00965	0.00778	0.00273	0.00841	0.00747	0.00687	0.01238
27	0.01006	0.00862	0.00862	0.00862	0.01149	0.00718	0.00647	0.01221	0.01940	0.02299	0.08621	0.08190	0.64438	0.02155	0.01006	0.00287	0.00431	0.01796	0.00790	0.00718
28	0.01006	0.00862	0.00862	0.00862	0.01149	0.00718	0.00647	0.01221	0.01940	0.02299	0.08621	0.08190	0.64438	0.02155	0.01006	0.00287	0.00431	0.01796	0.00790	0.00718
29	0.01071	0.00767	0.01018	0.01162	0.01242	0.00714	0.00793	0.01270	0.01786	0.02422	0.16694	0.56822	0.06112	0.02480	0.01070	0.00330	0.00475	0.02242	0.00820	0.00714
30	0.02106	0.02022	0.03454	0.05223	0.64784	0.02022	0.02612	0.02612	0.01938	0.02780	0.01601	0.02106	0.01348	0.00758	0.00842	0.00253	0.01011	0.00758	0.00421	0.01348
31	0.01204	0.00870	0.01138	0.01071	0.01271	0.00803	0.00803	0.01606	0.02409	0.03413	0.64335	0.06357	0.08030	0.01740	0.01004	0.00268	0.00401	0.01539	0.00937	0.00803
32	0.02117	0.01828	0.01924	0.01732	0.02213	0.02117	0.01347	0.04522	0.63246	0.03560	0.03464	0.03175	0.02598	0.01155	0.00866	0.00289	0.00673	0.00962	0.00866	0.01347
33	0.02275	0.70604	0.04459	0.01456	0.02184	0.03367	0.01456	0.02548	0.01729	0.02002	0.01183	0.01365	0.01092	0.00728	0.00546	0.00182	0.00910	0.00455	0.00364	0.01092
34	0.03186	0.03859	0.02428	0.02165	0.02632	0.59140	0.01641	0.10288	0.02599	0.02469	0.01401	0.01595	0.01138	0.00894	0.00777	0.00223	0.01464	0.00574	0.00487	0.01041
35	0.02631	0.03027	0.02763	0.07018	0.25230	0.35296	0.02015	0.03120	0.06284	0.02439	0.01574	0.01893	0.01290	0.00851	0.00806	0.00240	0.01265	0.00664	0.00458	0.01139
36	0.03118	0.03954	0.02421	0.02194	0.02612	0.63709	0.01654	0.03336	0.02360	0.02081	0.01306	0.01550	0.01097	0.00905	0.00861	0.00226	0.04637	0.00557	0.00435	0.00984
37	0.03040	0.02287	0.02444	0.01919	0.02565	0.02548	0.01570	0.51939	0.14326	0.05049	0.02291	0.02240	0.01648	0.01045	0.00854	0.00261	0.00891	0.00800	0.00854	0.01430
38	0.01006	0.00862	0.00862	0.00862	0.01149	0.00718	0.00647	0.01221	0.01940	0.02299	0.08621	0.08190	0.64438	0.02155	0.01006	0.00287	0.00431	0.01796	0.00790	0.00718
39	0.01371	0.00980	0.01371	0.01567	0.01763	0.00980	0.01371	0.01763	0.01959	0.02547	0.04506	0.09599	0.04898	0.02351	0.01175	0.00392	0.00784	0.59056	0.00784	0.00784
40	0.01248	0.00960	0.01430	0.01412	0.01556	0.01142	0.01104	0.01546	0.01364	0.01979	0.02221	0.03268	0.02076	0.06135	0.63482	0.01317	0.05635	0.00903	0.00452	0.00768
41	0.01647	0.01553	0.02624	0.63048	0.10550	0.01901	0.02383	0.02209	0.01720	0.02223	0.01520	0.02256	0.01151	0.00843	0.00850	0.00281	0.01125	0.00756	0.00382	0.00977
42	0.01035	0.00748	0.00980	0.01167	0.01229	0.00693	0.00782	0.01187	0.01647	0.02180	0.04915	0.66033	0.08988	0.02637	0.01082	0.00342	0.00490	0.02384	0.00790	0.00693
43	0.03039	0.16187	0.02931	0.01867	0.02547	0.05599	0.01586	0.47419	0.03474	0.04543	0.01838	0.01884	0.01360	0.00956	0.00786	0.00239	0.00957	0.00694	0.00735	0.01356
44	0.02106	0.02022	0.03454	0.05223	0.64784	0.02022	0.02612	0.02612	0.01938	0.02780	0.01601	0.02106	0.01348	0.00758	0.00842	0.00253	0.01011	0.00758	0.00421	0.01348
45	0.03085	0.03767	0.02374	0.02138	0.02593	0.57530	0.01616	0.06461	0.08059	0.02384	0.01549	0.01710	0.01251	0.00910	0.00781	0.00227	0.01426	0.00597	0.00498	0.01043
46	0.18126	0.51987	0.07266	0.01439	0.02154	0.02974	0.01438	0.02547	0.01673	0.02432	0.01203	0.01394	0.01055	0.00746	0.00557	0.00205	0.00876	0.00466	0.00399	0.01065
47	0.03179	0.04056	0.02412	0.02192	0.02631	0.66676	0.01644	0.03398	0.02412	0.02083	0.01315	0.01535	0.01096	0.00877	0.00767	0.00219	0.01535	0.00548	0.00438	0.00987
48	0.01207	0.00875	0.01170	0.01351	0.01473	0.00859	0.01031	0.01540	0.04313	0.02370	0.04570	0.44312	0.05229	0.02485	0.01110	0.00361	0.00610	0.23589	0.00791	0.00753
49	0.02106	0.02022	0.03454	0.05223	0.64784	0.02022	0.02612	0.02612	0.01938	0.02780	0.01601	0.02106	0.01348	0.00758	0.00842	0.00253	0.01011	0.00758	0.00421	0.01348
50	0.01976	0.01889	0.03218	0.21665	0.49363	0.01988	0.02547	0.02497	0.01876	0.02622	0.01578	0.02149	0.01292	0.00782	0.00845	0.00261	0.01043	0.00758	0.00410	0.01243
51	0.01045	0.00846	0.00928	0.00945	0.01183	0.00729	0.00694	0.01283	0.01977	0.02474	0.17745	0.16689	0.46175	0.02156	0.01017	0.00292	0.00435	0.01841	0.00816	0.00729
52	0.01707	0.04402	0.65683	0.02426	0.03683	0.01976	0.03144	0.02695	0.01797	0.02695	0.01527	0.01797	0.01078	0.00809	0.00809	0.00270	0.01258	0.00629	0.00359	0.01258
53	0.01998	0.03995	0.56903	0.02300	0.03475	0.01876	0.02883	0.02895	0.01885	0.11333	0.01779	0.01948	0.01220	0.00842	0.00815	0.00269	0.01184	0.00660	0.00455	0.01284
54	0.01080	0.00759	0.00975	0.01130	0.01168	0.00720	0.00731	0.01196	0.01545	0.02060	0.04258	0.55775	0.05083	0.17172	0.01784	0.00449	0.00565	0.02165	0.00731	0.00653
55	0.03179	0.04056	0.02412	0.02192	0.02631	0.66676	0.01644	0.03398	0.02412	0.02083	0.01315	0.01535	0.01096	0.00877	0.00767	0.00219	0.01535	0.00548	0.00438	0.00987
56	0.03148	0.02320	0.02503	0.01933	0.02591	0.02571	0.01594	0.59339	0.03888	0.05217	0.02053	0.02099	0.01477	0.01253	0.03694	0.00303	0.00994	0.00772	0.00834	0.01418
57	0.01037	0.00741	0.00987	0.01185	0.01234	0.00691	0.00790	0.01185	0.01629	0.02172	0.04690	0.69537	0.05629	0.02666	0.01086	0.00346	0.00494	0.02419	0.00790	0.00691
58	0.01238	0.00825	0.00928	0.00928	0.00928	0.00825	0.00516	0.01238	0.01238	0.01650	0.02681	0.05569	0.03094	0.70092	0.04331	0.00825	0.00825	0.01238	0.00516	0.00516
59	0.01037	0.00741	0.00987	0.01185	0.01234	0.00691	0.00790	0.01185	0.01629	0.02172	0.04690	0.69537	0.05629	0.02666	0.01086	0.00346	0.00494	0.02419	0.00790	0.00691
60	0.01499	0.01170	0.01426	0.01485	0.01759	0.01223	0.01224	0.02385	0.17985	0.02805	0.07573	0.10576	0.11488	0.02002	0.01062	0.00344	0.00681	0.31581	0.00814	0.00920
61	0.01478	0.00739	0.01109	0.01109	0.01109	0.00739	0.00739	0.01109	0.01109	0.01478	0.01478	0.02587	0.01478	0.02956	0.03326	0.75240	0.00739	0.00739	0.00370	0.00370
62	0.69026	0.01717	0.01377	0.01201	0.01742	0.01980	0.00989	0.08275	0.01696	0.03968	0.01268	0.01447	0.00973	0.00812	0.00558	0.00263	0.00685	0.00490	0.00558	0.00973
63	0.02520	0.02028	0.02151	0.01813	0.02366	0.02305	0.01444	0.25205	0.41907	0.04209	0.02952	0.02767	0.02183	0.01107	0.00861	0.00277	0.00768	0.00892	0.00861	0.01383
64	0.03229	0.02562	0.02539	0.01983	0.02638	0.09476	0.01620	0.55695	0.03831	0.05013	0.01965	0.01989	0.01410	0.01006	0.00842	0.00252	0.01000	0.00743	0.00807	0.01398
65	0.01707	0.04402	0.65683	0.02426	0.03683	0.01976	0.03144	0.02695	0.01797	0.02695	0.01527	0.01797	0.01078	0.00809	0.00809	0.00270	0.01258	0.00629	0.00359	0.01258
66	0.06651	0.03860	0.02363	0.02130	0.02584	0.60481	0.01609	0.06202	0.02443	0.02325	0.01345	0.01552	0.01105	0.00880	0.00760	0.00223	0.01464	0.00555	0.00463	0.01006
67	0.02538	0.01628	0.02141	0.01824	0.06426	0.01497	0.04333	0.06092	0.12071	0.22495	0.05562	0.02635	0.02092	0.00933	0.00801	0.00225	0.00736	0.00794	0.00762	0.24414
68	0.03054	0.13227	0.02694	0.02091	0.02569	0.57951	0.01618	0.03281	0.02318	0.02072	0.01297	0.01511	0.01096	0.00856	0.00737	0.00214	0.01449	0.00535	0.00428	0.01001
69	0.01707	0.04402	0.65683	0.02426	0.03683	0.01976	0.03144	0.02695	0.01797	0.02695	0.01527	0.01797	0.01078	0.00809	0.00809	0.00270	0.01258	0.00629	0.00359	0.01258
70	0.02578	0.01601	0.01906	0.01476	0.02139	0.01452	0.01188	0.06261	0.14955	0.23397	0.02546	0.02441	0.01824	0.00897	0.00764	0.00211	0.00685	0.00727	0.00775	0.32176
71	0.01214	0.00815	0.00935	0.00958	0.00964	0.00809	0.00548	0.01231	0.01284	0.01712	0.02918	0.13097	0.03392	0.62158	0.03950	0.00769	0.00786	0.01377	0.00548	0.00536
72	0.01781	0.01565	0.01983	0.01417	0.02180	0.01203	0.05082	0.02182	0.01781	0.02770	0.01527	0.01800	0.01263	0.00636	0.00655	0.00137	0.00684	0.00538	0.00499	0.70317
73	0.01037	0.00741	0.00987	0.01185	0.01234	0.00691	0.00790	0.01185	0.01629	0.02172	0.04690	0.69537	0.05629	0.02666	0.01086	0.00346	0.00494	0.02419	0.00790	0.00691
74	0.02106	0.02022	0.03454	0.05223	0.64784	0.02022	0.02612	0.02612	0.01938	0.02780	0.01601	0.02106	0.01348	0.00758	0.00842	0.00253	0.01011	0.00758	0.00421	0.01348
75	0.01156	0.00854	0.01107	0.01265	0.01416	0.00805	0.00980	0.01409	0.01814	0.02338	0.05393	0.34989	0.16897	0.02447	0.01104	0.00352	0.00590	0.23565	0.00788	0.00731
76	0.03206	0.03237	0.02481	0.02078	0.02635	0.35305	0.01631	0.32080	0.03190	0.03690	0.01672	0.01784	0.01268	0.00948	0.00808	0.00237	0.01242	0.00655	0.00641	0.01212

[dist]
# distance from previous block
# <min> <max>
0	4

[block]
# block no. 1 follows, 21 sequences, length 11
# corresponding to MSA columns:
# 123-133
name=unknown_B
#
# <colnr> <probs for GDERKNQSTAVLIFYWHMCP>
#	G	D	E	R	K	N	Q	S	T	A	V	L	I	F	Y	W	H	M	C	P
0	0.02106	0.02022	0.03454	0.05223	0.64784	0.02022	0.02612	0.02612	0.01938	0.02780	0.01601	0.02106	0.01348	0.00758	0.00842	0.00253	0.01011	0.00758	0.00421	0.01348
1	0.25000	0.01501	0.01452	0.01292	0.01747	0.01630	0.01024	0.07055	0.18369	0.06180	0.06687	0.03966	0.18274	0.01313	0.00801	0.00276	0.00615	0.01029	0.00751	0.01039
2	0.02382	0.01462	0.01637	0.01391	0.01837	0.01521	0.01089	0.10360	0.20434	0.16150	0.02948	0.03091	0.02226	0.06053	0.01033	0.00288	0.00653	0.00872	0.20069	0.04505
3	0.02413	0.02422	0.02221	0.19044	0.03246	0.22666	0.01671	0.09445	0.13684	0.05157	0.02562	0.02720	0.07003	0.01056	0.00841	0.00260	0.01079	0.00824	0.00601	0.01087
4	0.01760	0.30872	0.23517	0.01618	0.02405	0.02225	0.01797	0.02252	0.01806	0.02306	0.03227	0.03279	0.17541	0.01125	0.00751	0.00238	0.00899	0.00860	0.00473	0.01049
5	0.01908	0.01898	0.03279	0.02477	0.03149	0.01832	0.29776	0.02954	0.17838	0.02903	0.02394	0.08260	0.02001	0.00984	0.00908	0.00263	0.01010	0.01026	0.00588	0.14552
6	0.01847	0.01705	0.02862	0.07703	0.45087	0.01766	0.02196	0.02304	0.01777	0.02538	0.01772	0.02437	0.01539	0.02224	0.17954	0.00544	0.01347	0.00798	0.00428	0.01173
7	0.01983	0.01200	0.01559	0.01373	0.01819	0.01044	0.01133	0.02359	0.02107	0.16751	0.15818	0.05405	0.03979	0.01489	0.00927	0.00269	0.00652	0.19041	0.00803	0.20289
8	0.02018	0.01890	0.03015	0.04194	0.48481	0.01791	0.02195	0.02490	0.01893	0.02778	0.01578	0.02018	0.01325	0.00725	0.00787	0.00220	0.00912	0.00692	0.00443	0.20555
9	0.02081	0.02093	0.03861	0.04798	0.49112	0.02056	0.17958	0.02641	0.01956	0.02766	0.01632	0.02155	0.01333	0.00748	0.00885	0.00262	0.01121	0.00822	0.00424	0.01296
10	0.14970	0.01325	0.01470	0.01482	0.06153	0.01364	0.01051	0.05167	0.10941	0.05747	0.19771	0.04828	0.19585	0.01460	0.00874	0.00273	0.00577	0.01208	0.00778	0.00977

[dist]
# distance from previous block
# <min> <max>
0	6

# created by:
# /home/cegg/simao/soft/augustus-3.2.1/scripts/msa2prfl.pl ./align_prep/14829.fa
