[name]
unknown

[dist]
# distance from previous block
# <min> <max>
0	11

[block]
# block no. 0 follows, 20 sequences, length 6
# corresponding to MSA columns:
# 11-16
name=unknown_A
#
# <colnr> <probs for GDERKNQSTAVLIFYWHMCP>
#	G	D	E	R	K	N	Q	S	T	A	V	L	I	F	Y	W	H	M	C	P
0	0.01929	0.01747	0.02890	0.04211	0.44970	0.01747	0.02289	0.02412	0.01993	0.02777	0.02549	0.04501	0.02491	0.01275	0.00968	0.00303	0.00965	0.18235	0.00545	0.01205
1	0.02831	0.03043	0.02803	0.08632	0.19651	0.31120	0.02014	0.13965	0.02583	0.02970	0.01586	0.01895	0.01265	0.00891	0.00831	0.00247	0.01276	0.00681	0.00519	0.01197
2	0.02114	0.01970	0.03094	0.07253	0.27469	0.02041	0.11234	0.07878	0.14933	0.03154	0.02734	0.02977	0.07139	0.01012	0.00911	0.00278	0.00980	0.00956	0.00598	0.01277
3	0.01539	0.01096	0.01399	0.05399	0.06909	0.01002	0.01042	0.01856	0.02123	0.09874	0.17420	0.06513	0.36948	0.01795	0.00989	0.00285	0.00565	0.01524	0.00812	0.00909
4	0.01788	0.01243	0.01406	0.01271	0.01653	0.01229	0.00983	0.02691	0.18934	0.11490	0.18859	0.05802	0.25823	0.01674	0.00970	0.00287	0.00545	0.01412	0.00902	0.01037
5	0.02159	0.02073	0.03541	0.05354	0.63903	0.02073	0.02677	0.02677	0.01986	0.02850	0.01641	0.02159	0.01382	0.00777	0.00864	0.00259	0.01036	0.00777	0.00432	0.01382

[dist]
# distance from previous block
# <min> <max>
0	2

[block]
# block no. 1 follows, 20 sequences, length 13
# corresponding to MSA columns:
# 19-31
name=unknown_B
#
# <colnr> <probs for GDERKNQSTAVLIFYWHMCP>
#	G	D	E	R	K	N	Q	S	T	A	V	L	I	F	Y	W	H	M	C	P
0	0.02514	0.01969	0.03330	0.04467	0.47490	0.01918	0.06037	0.03008	0.02096	0.15528	0.02019	0.02338	0.01538	0.00837	0.00877	0.00263	0.01003	0.00814	0.00566	0.01390
1	0.05601	0.13594	0.02635	0.01958	0.05028	0.21307	0.01515	0.16885	0.02517	0.03101	0.01789	0.05485	0.01555	0.01375	0.05338	0.00312	0.01175	0.00733	0.00569	0.07528
2	0.02329	0.02048	0.03282	0.03050	0.16620	0.02063	0.16661	0.11689	0.02252	0.07061	0.01778	0.02154	0.01386	0.00897	0.01117	0.00261	0.09342	0.00799	0.00553	0.14658
3	0.02405	0.02723	0.03067	0.03440	0.25425	0.24998	0.10596	0.02813	0.02173	0.02523	0.02428	0.02734	0.08838	0.00989	0.00880	0.00256	0.01222	0.00866	0.00486	0.01139
4	0.11512	0.03310	0.02143	0.02004	0.02420	0.46857	0.01548	0.03079	0.02273	0.02430	0.01907	0.03008	0.01787	0.01154	0.00831	0.00261	0.01331	0.10655	0.00522	0.00967
5	0.25897	0.06190	0.01660	0.01286	0.01739	0.01600	0.01041	0.02735	0.09213	0.12179	0.23289	0.03614	0.03848	0.01224	0.00799	0.00269	0.00613	0.00972	0.00791	0.01043
6	0.02207	0.01976	0.02026	0.06300	0.02506	0.07004	0.01407	0.09525	0.34586	0.03413	0.03154	0.03075	0.06218	0.01116	0.00852	0.00262	0.00798	0.00907	0.00757	0.11910
7	0.02503	0.02258	0.02309	0.02279	0.09677	0.10693	0.01601	0.16983	0.29683	0.03681	0.02779	0.07046	0.02243	0.01170	0.00883	0.00278	0.00899	0.00959	0.00766	0.01310
8	0.01945	0.01810	0.03043	0.11781	0.40637	0.01832	0.04848	0.02453	0.01956	0.02731	0.02155	0.03521	0.01989	0.01067	0.00921	0.00283	0.01011	0.10842	0.00496	0.04679
9	0.02160	0.02055	0.03404	0.05043	0.58545	0.02081	0.02564	0.02847	0.07232	0.02919	0.01807	0.02254	0.01493	0.00813	0.00866	0.00262	0.01006	0.00795	0.00471	0.01382
10	0.02194	0.02248	0.03161	0.19927	0.40982	0.11280	0.02472	0.02685	0.01998	0.02595	0.01576	0.02114	0.01291	0.00818	0.00854	0.00262	0.01145	0.00746	0.00424	0.01228
11	0.02715	0.02878	0.10385	0.03171	0.20738	0.13525	0.05366	0.23817	0.02819	0.03663	0.01750	0.02005	0.01337	0.00900	0.00858	0.00258	0.01157	0.00740	0.00586	0.01331
12	0.02023	0.01934	0.06059	0.16876	0.26552	0.01925	0.02142	0.10303	0.06005	0.03106	0.06247	0.08544	0.02272	0.01106	0.00900	0.00279	0.00955	0.00991	0.00576	0.01205

[dist]
# distance from previous block
# <min> <max>
3	9

[block]
# block no. 2 follows, 20 sequences, length 28
# corresponding to MSA columns:
# 41-68
name=unknown_C
#
# <colnr> <probs for GDERKNQSTAVLIFYWHMCP>
#	G	D	E	R	K	N	Q	S	T	A	V	L	I	F	Y	W	H	M	C	P
0	0.02104	0.03261	0.29642	0.03441	0.25606	0.07428	0.02694	0.06288	0.02095	0.02900	0.01780	0.02404	0.01453	0.00919	0.00862	0.00272	0.01173	0.03944	0.00454	0.01284
1	0.06561	0.27158	0.17523	0.02423	0.13148	0.05714	0.02040	0.02569	0.01813	0.02485	0.01637	0.06661	0.01497	0.00969	0.00842	0.00249	0.04402	0.00730	0.00429	0.01149
2	0.05264	0.03738	0.41754	0.03139	0.18915	0.06764	0.02868	0.02785	0.01909	0.02790	0.01553	0.01884	0.01170	0.00820	0.00822	0.00268	0.01218	0.00665	0.00398	0.01277
3	0.02137	0.39736	0.03293	0.01549	0.02084	0.12006	0.01378	0.02413	0.01800	0.02075	0.01933	0.02305	0.04908	0.02236	0.16222	0.00489	0.01335	0.00670	0.00432	0.01000
4	0.02606	0.14380	0.05874	0.09018	0.03216	0.21214	0.10279	0.14280	0.02474	0.02918	0.01719	0.04895	0.01436	0.00956	0.00825	0.00250	0.01225	0.00770	0.00525	0.01140
5	0.01055	0.00789	0.00981	0.01136	0.01244	0.00715	0.00775	0.01223	0.01746	0.02258	0.05770	0.54355	0.19568	0.02608	0.01094	0.00340	0.00491	0.02327	0.00810	0.00715
6	0.02893	0.02644	0.02137	0.01804	0.02299	0.23977	0.01417	0.27125	0.02998	0.03804	0.02017	0.02191	0.01539	0.00989	0.00780	0.00235	0.01039	0.00715	0.18236	0.01161
7	0.01911	0.09907	0.01915	0.01383	0.01700	0.01680	0.01077	0.15835	0.02086	0.02851	0.02296	0.03507	0.02174	0.22411	0.19406	0.00726	0.01254	0.00929	0.06034	0.00919
8	0.03258	0.04157	0.02472	0.02247	0.02697	0.65843	0.01685	0.03483	0.02472	0.02135	0.01348	0.01573	0.01124	0.00899	0.00787	0.00225	0.01573	0.00562	0.00449	0.01011
9	0.01809	0.01550	0.01809	0.01292	0.02067	0.01163	0.01034	0.02196	0.01809	0.02842	0.01550	0.01809	0.01292	0.00646	0.00646	0.00129	0.00646	0.00517	0.00517	0.74677
10	0.01268	0.00846	0.00951	0.00951	0.00951	0.00846	0.00529	0.01268	0.01268	0.01691	0.02748	0.05708	0.03171	0.69345	0.04440	0.00846	0.00846	0.01268	0.00529	0.00529
11	0.01715	0.01453	0.02062	0.02644	0.19893	0.01507	0.01629	0.02555	0.15470	0.02822	0.03555	0.20195	0.03608	0.01735	0.01012	0.00325	0.00775	0.15252	0.00715	0.01079
12	0.02199	0.02098	0.03285	0.02747	0.07698	0.02209	0.23114	0.07302	0.32304	0.03393	0.02668	0.02773	0.02007	0.00982	0.00937	0.00290	0.01017	0.00974	0.00690	0.01313
13	0.02127	0.02040	0.03483	0.09179	0.60326	0.02064	0.02661	0.02649	0.01971	0.02811	0.01635	0.02169	0.01368	0.00783	0.00864	0.00261	0.01044	0.00777	0.00429	0.01356
14	0.01750	0.04512	0.64825	0.02486	0.03775	0.02026	0.03223	0.02762	0.01842	0.02762	0.01565	0.01842	0.01105	0.00829	0.00829	0.00276	0.01289	0.00645	0.00368	0.01289
15	0.02152	0.18861	0.18778	0.02346	0.03199	0.02412	0.16645	0.03218	0.15494	0.05422	0.02056	0.02229	0.01558	0.00876	0.00830	0.00263	0.01092	0.00785	0.00534	0.01249
16	0.01031	0.00884	0.00884	0.00884	0.01178	0.00736	0.00663	0.01252	0.01988	0.02356	0.08837	0.08395	0.63549	0.02209	0.01031	0.00295	0.00442	0.01841	0.00810	0.00736
17	0.02159	0.02073	0.03541	0.05354	0.63903	0.02073	0.02677	0.02677	0.01986	0.02850	0.01641	0.02159	0.01382	0.00777	0.00864	0.00259	0.01036	0.00777	0.00432	0.01382
18	0.01809	0.01550	0.01809	0.01292	0.02067	0.01163	0.01034	0.02196	0.01809	0.02842	0.01550	0.01809	0.01292	0.00646	0.00646	0.00129	0.00646	0.00517	0.00517	0.74677
19	0.01268	0.00846	0.00951	0.00951	0.00951	0.00846	0.00529	0.01268	0.01268	0.01691	0.02748	0.05708	0.03171	0.69345	0.04440	0.00846	0.00846	0.01268	0.00529	0.00529
20	0.02176	0.36790	0.22217	0.01842	0.02681	0.10647	0.01977	0.02666	0.01897	0.02299	0.01901	0.02073	0.05743	0.00899	0.00704	0.00226	0.01084	0.00634	0.00414	0.01129
21	0.01055	0.00789	0.00981	0.01136	0.01244	0.00715	0.00775	0.01223	0.01746	0.02258	0.05770	0.54355	0.19568	0.02608	0.01094	0.00340	0.00491	0.02327	0.00810	0.00715
22	0.03014	0.17747	0.03101	0.02133	0.06546	0.09543	0.01689	0.38007	0.03269	0.04195	0.01788	0.01887	0.01357	0.00946	0.00793	0.00241	0.01024	0.00689	0.00687	0.01345
23	0.01587	0.01663	0.01280	0.01223	0.01532	0.16296	0.00905	0.01803	0.02078	0.02311	0.09063	0.06508	0.42271	0.06245	0.01194	0.00313	0.00737	0.01487	0.00712	0.00792
24	0.01621	0.03438	0.45519	0.02172	0.03136	0.01698	0.02622	0.02436	0.01891	0.02700	0.02768	0.04178	0.06103	0.01296	0.00932	0.00307	0.01118	0.14428	0.00501	0.01137
25	0.02403	0.20051	0.25471	0.02153	0.02948	0.23657	0.02207	0.02923	0.02002	0.02339	0.01381	0.01649	0.01117	0.00877	0.00881	0.00244	0.05583	0.00582	0.00397	0.01134
26	0.01787	0.10307	0.39471	0.02110	0.03019	0.06100	0.02437	0.02506	0.01771	0.02473	0.01699	0.02158	0.01365	0.02189	0.16336	0.00533	0.01521	0.00690	0.00398	0.01132
27	0.02038	0.18269	0.09667	0.07120	0.13885	0.04788	0.01783	0.02597	0.05661	0.06552	0.06442	0.03335	0.12140	0.01128	0.00824	0.00254	0.00897	0.00921	0.00571	0.01130

[dist]
# distance from previous block
# <min> <max>
4	18

[block]
# block no. 3 follows, 20 sequences, length 23
# corresponding to MSA columns:
# 87-109
name=unknown_D
#
# <colnr> <probs for GDERKNQSTAVLIFYWHMCP>
#	G	D	E	R	K	N	Q	S	T	A	V	L	I	F	Y	W	H	M	C	P
0	0.01971	0.02355	0.08128	0.02373	0.02883	0.13082	0.18924	0.02445	0.02025	0.02598	0.10926	0.03466	0.06292	0.01498	0.04533	0.00351	0.11008	0.03587	0.00542	0.01010
1	0.02085	0.13357	0.07595	0.15537	0.14506	0.05113	0.18445	0.02821	0.07111	0.02616	0.01734	0.02169	0.01362	0.00822	0.00858	0.00266	0.01174	0.00796	0.00452	0.01180
2	0.02100	0.07746	0.02988	0.03668	0.36248	0.02128	0.02058	0.03149	0.19683	0.02982	0.02655	0.02840	0.05971	0.00991	0.00856	0.00266	0.00885	0.00884	0.00586	0.01315
3	0.08796	0.49973	0.03767	0.01476	0.02190	0.02876	0.01403	0.02948	0.01898	0.15157	0.01675	0.01726	0.01320	0.00821	0.00624	0.00211	0.00872	0.00552	0.00534	0.01180
4	0.02667	0.02310	0.07017	0.02081	0.06765	0.02200	0.01671	0.34021	0.08128	0.04329	0.02017	0.02109	0.01502	0.00929	0.00816	0.00234	0.00892	0.00727	0.00722	0.18862
5	0.01268	0.00846	0.00951	0.00951	0.00951	0.00846	0.00529	0.01268	0.01268	0.01691	0.02748	0.05708	0.03171	0.69345	0.04440	0.00846	0.00846	0.01268	0.00529	0.00529
6	0.02438	0.02737	0.08390	0.04223	0.41662	0.15337	0.02442	0.07148	0.02231	0.02889	0.01607	0.02006	0.01312	0.00827	0.00845	0.00254	0.01163	0.00722	0.00463	0.01305
7	0.01706	0.06323	0.39212	0.02624	0.12659	0.01830	0.02559	0.02441	0.01862	0.02691	0.04916	0.12900	0.02229	0.01168	0.00877	0.00282	0.01066	0.00997	0.00477	0.01181
8	0.01063	0.00759	0.01012	0.01215	0.01265	0.00709	0.00810	0.01215	0.01670	0.02227	0.04808	0.68775	0.05769	0.02733	0.01113	0.00354	0.00506	0.02480	0.00810	0.00709
9	0.01063	0.00759	0.01012	0.01215	0.01265	0.00709	0.00810	0.01215	0.01670	0.02227	0.04808	0.68775	0.05769	0.02733	0.01113	0.00354	0.00506	0.02480	0.00810	0.00709
10	0.02115	0.02028	0.03461	0.10661	0.58939	0.02061	0.02655	0.02639	0.01965	0.02796	0.01633	0.02173	0.01363	0.00785	0.00864	0.00262	0.01047	0.00777	0.00428	0.01346
11	0.01918	0.01827	0.03105	0.34504	0.36636	0.02009	0.02557	0.02466	0.01872	0.02557	0.01598	0.02237	0.01279	0.00822	0.00868	0.00274	0.01096	0.00776	0.00411	0.01187
12	0.01647	0.01550	0.02616	0.67248	0.06008	0.01938	0.02422	0.02229	0.01744	0.02229	0.01550	0.02326	0.01163	0.00872	0.00872	0.00291	0.01163	0.00775	0.00388	0.00969
13	0.01031	0.00884	0.00884	0.00884	0.01178	0.00736	0.00663	0.01252	0.01988	0.02356	0.08837	0.08395	0.63549	0.02209	0.01031	0.00295	0.00442	0.01841	0.00810	0.00736
14	0.02113	0.02312	0.08969	0.04926	0.52314	0.02083	0.09019	0.02697	0.01982	0.02836	0.01648	0.02153	0.01352	0.00777	0.00879	0.00264	0.01105	0.00793	0.00427	0.01352
15	0.02031	0.02570	0.11518	0.03651	0.08153	0.02178	0.50901	0.02783	0.02031	0.02794	0.01735	0.02285	0.01303	0.00748	0.00997	0.00290	0.01424	0.00972	0.00433	0.01201
16	0.01352	0.00987	0.01332	0.01504	0.01718	0.00966	0.01300	0.01728	0.02005	0.02574	0.05217	0.09635	0.13320	0.02381	0.01180	0.00386	0.00752	0.50064	0.00804	0.00794
17	0.03258	0.04157	0.02472	0.02247	0.02697	0.65843	0.01685	0.03483	0.02472	0.02135	0.01348	0.01573	0.01124	0.00899	0.00787	0.00225	0.01573	0.00562	0.00449	0.01011
18	0.06787	0.02157	0.03341	0.06196	0.29679	0.07294	0.14139	0.03028	0.02095	0.13899	0.01937	0.02258	0.01454	0.00839	0.00875	0.00267	0.01101	0.00811	0.00556	0.01286
19	0.01978	0.01962	0.03497	0.04372	0.42705	0.01911	0.14429	0.02499	0.02002	0.02768	0.02687	0.03083	0.10185	0.00972	0.00922	0.00271	0.01042	0.00980	0.00487	0.01248
20	0.01663	0.01248	0.01733	0.02018	0.11417	0.01248	0.01361	0.02318	0.09640	0.06163	0.22640	0.11357	0.05093	0.01762	0.01032	0.00315	0.00673	0.16502	0.00820	0.00999
21	0.04982	0.09675	0.28056	0.07202	0.19646	0.05417	0.07623	0.02723	0.01903	0.02701	0.01542	0.01926	0.01197	0.00805	0.00818	0.00263	0.01185	0.00693	0.00404	0.01240
22	0.02166	0.03324	0.24887	0.11532	0.16179	0.15275	0.08925	0.02829	0.02013	0.02584	0.01555	0.01969	0.01196	0.00828	0.00854	0.00266	0.01300	0.00713	0.00408	0.01197

[dist]
# distance from previous block
# <min> <max>
4	6

[block]
# block no. 4 follows, 20 sequences, length 34
# corresponding to MSA columns:
# 116-149
name=unknown_E
#
# <colnr> <probs for GDERKNQSTAVLIFYWHMCP>
#	G	D	E	R	K	N	Q	S	T	A	V	L	I	F	Y	W	H	M	C	P
0	0.02244	0.06085	0.16235	0.06496	0.06520	0.01933	0.07373	0.07988	0.10630	0.10751	0.02264	0.02712	0.01772	0.08593	0.01253	0.00331	0.01004	0.00841	0.00612	0.04364
1	0.02172	0.32109	0.17633	0.01986	0.02641	0.08297	0.02009	0.02591	0.01738	0.02233	0.01288	0.01644	0.01123	0.00976	0.01224	0.00260	0.18000	0.00590	0.00381	0.01107
2	0.01743	0.17085	0.19277	0.01606	0.02227	0.01887	0.01624	0.05178	0.05576	0.02504	0.03052	0.09144	0.09878	0.13839	0.01493	0.00371	0.00902	0.01058	0.00550	0.01007
3	0.01968	0.01845	0.02619	0.50012	0.08184	0.05983	0.02256	0.08327	0.05359	0.02658	0.01706	0.02299	0.01286	0.00904	0.00867	0.00282	0.01136	0.00775	0.00469	0.01066
4	0.01730	0.02414	0.19605	0.02685	0.11814	0.01917	0.07948	0.02271	0.01672	0.02449	0.01839	0.05671	0.01646	0.02306	0.15532	0.00548	0.15560	0.00883	0.00432	0.01080
5	0.02147	0.01885	0.02276	0.08021	0.12907	0.04816	0.01731	0.08722	0.28784	0.03318	0.03008	0.03926	0.02542	0.01271	0.00930	0.00301	0.00872	0.10568	0.00733	0.01240
6	0.01314	0.00975	0.01290	0.01257	0.01323	0.01106	0.00885	0.01462	0.01331	0.01868	0.02436	0.04416	0.02578	0.36948	0.30294	0.01041	0.07232	0.01084	0.00490	0.00671
7	0.09793	0.03190	0.29844	0.02905	0.03922	0.02103	0.30134	0.02756	0.01906	0.02901	0.01622	0.02038	0.01191	0.00783	0.00893	0.00284	0.01309	0.00808	0.00421	0.01199
8	0.02141	0.43771	0.19431	0.01752	0.02573	0.06285	0.01884	0.02615	0.01888	0.02361	0.06663	0.01961	0.01728	0.00865	0.00681	0.00219	0.01013	0.00612	0.00427	0.01131
9	0.08341	0.31912	0.33874	0.01951	0.02946	0.02623	0.02295	0.02682	0.01782	0.02561	0.01386	0.01618	0.01097	0.00792	0.00690	0.00238	0.01086	0.00554	0.00385	0.01188
10	0.01112	0.00910	0.00997	0.01041	0.01315	0.00795	0.00824	0.01373	0.01993	0.02412	0.07919	0.08709	0.50823	0.02253	0.01069	0.00318	0.00520	0.14059	0.00809	0.00751
11	0.11805	0.03877	0.50988	0.02228	0.03364	0.01953	0.02753	0.02862	0.01849	0.08160	0.01678	0.01881	0.01173	0.00847	0.00794	0.00275	0.01160	0.00641	0.00452	0.01260
12	0.02378	0.17330	0.03267	0.03337	0.29508	0.18418	0.01993	0.02744	0.02063	0.02452	0.02092	0.02381	0.06607	0.00924	0.00792	0.00238	0.01099	0.00746	0.00456	0.01175
13	0.02626	0.01910	0.02070	0.01673	0.02143	0.02082	0.01300	0.41223	0.03187	0.04268	0.02429	0.06911	0.02191	0.19829	0.01862	0.00427	0.00903	0.01015	0.00775	0.01178
14	0.71304	0.01731	0.01360	0.01197	0.01746	0.02000	0.00986	0.05965	0.01637	0.04006	0.01266	0.01456	0.00976	0.00824	0.00559	0.00269	0.00691	0.00491	0.00559	0.00976
15	0.02125	0.02038	0.03480	0.09434	0.60087	0.02064	0.02660	0.02647	0.01970	0.02809	0.01635	0.02170	0.01367	0.00783	0.00864	0.00261	0.01045	0.00777	0.00429	0.01354
16	0.02809	0.02976	0.15606	0.05984	0.03237	0.08477	0.05922	0.36314	0.03210	0.04248	0.01861	0.02023	0.01342	0.00957	0.00866	0.00265	0.01131	0.00751	0.00672	0.01349
17	0.01515	0.00758	0.01136	0.01136	0.01136	0.00758	0.00758	0.01136	0.01136	0.01515	0.01515	0.02652	0.01515	0.03030	0.03409	0.74621	0.00758	0.00758	0.00379	0.00379
18	0.01254	0.00904	0.01249	0.01249	0.01352	0.01007	0.00900	0.01459	0.01357	0.01912	0.02476	0.04201	0.02517	0.27859	0.45031	0.01213	0.01830	0.01048	0.00488	0.00694
19	0.05598	0.04088	0.54567	0.02744	0.10519	0.02028	0.03043	0.02742	0.01840	0.02832	0.01556	0.01856	0.01128	0.00822	0.00818	0.00274	0.01229	0.00651	0.00384	0.01282
20	0.02420	0.07400	0.20108	0.02884	0.10234	0.13257	0.15033	0.12616	0.02387	0.03085	0.01646	0.01957	0.01251	0.00846	0.00860	0.00261	0.01272	0.00741	0.00490	0.01249
21	0.02458	0.02640	0.03250	0.04508	0.47239	0.19435	0.02407	0.02897	0.02118	0.02655	0.01561	0.01999	0.01311	0.00810	0.00843	0.00250	0.01182	0.00719	0.00437	0.01281
22	0.01063	0.00759	0.01012	0.01215	0.01265	0.00709	0.00810	0.01215	0.01670	0.02227	0.04808	0.68775	0.05769	0.02733	0.01113	0.00354	0.00506	0.02480	0.00810	0.00709
23	0.01176	0.00847	0.01114	0.01137	0.01290	0.00784	0.00819	0.01500	0.02198	0.03066	0.43541	0.27648	0.07395	0.02106	0.01058	0.00301	0.00444	0.01884	0.00909	0.00784
24	0.03258	0.04157	0.02472	0.02247	0.02697	0.65843	0.01685	0.03483	0.02472	0.02135	0.01348	0.01573	0.01124	0.00899	0.00787	0.00225	0.01573	0.00562	0.00449	0.01011
25	0.02332	0.69869	0.04571	0.01493	0.02239	0.03451	0.01493	0.02612	0.01772	0.02052	0.01213	0.01399	0.01119	0.00746	0.00560	0.00187	0.00933	0.00466	0.00373	0.01119
26	0.01190	0.00890	0.01104	0.01051	0.01276	0.00804	0.00788	0.01560	0.02364	0.03248	0.51497	0.06927	0.20332	0.01876	0.01029	0.00279	0.00418	0.01635	0.00927	0.00804
27	0.01809	0.01550	0.01809	0.01292	0.02067	0.01163	0.01034	0.02196	0.01809	0.02842	0.01550	0.01809	0.01292	0.00646	0.00646	0.00129	0.00646	0.00517	0.00517	0.74677
28	0.01647	0.01550	0.02616	0.67248	0.06008	0.01938	0.02422	0.02229	0.01744	0.02229	0.01550	0.02326	0.01163	0.00872	0.00872	0.00291	0.01163	0.00775	0.00388	0.00969
29	0.02159	0.02073	0.03541	0.05354	0.63903	0.02073	0.02677	0.02677	0.01986	0.02850	0.01641	0.02159	0.01382	0.00777	0.00864	0.00259	0.01036	0.00777	0.00432	0.01382
30	0.01063	0.00759	0.01012	0.01215	0.01265	0.00709	0.00810	0.01215	0.01670	0.02227	0.04808	0.68775	0.05769	0.02733	0.01113	0.00354	0.00506	0.02480	0.00810	0.00709
31	0.02170	0.01874	0.01972	0.01775	0.02268	0.02170	0.01381	0.04635	0.62327	0.03649	0.03550	0.03254	0.02663	0.01183	0.00888	0.00296	0.00690	0.00986	0.00888	0.01381
32	0.01319	0.01135	0.01160	0.01110	0.01454	0.01100	0.00845	0.02109	0.17278	0.02684	0.07497	0.07092	0.48121	0.01949	0.00995	0.00295	0.00505	0.01624	0.00830	0.00900
33	0.01413	0.00880	0.01024	0.01079	0.01220	0.00871	0.00803	0.01673	0.01705	0.02512	0.03667	0.06165	0.07088	0.23780	0.02048	0.00473	0.00660	0.16604	0.25622	0.00713

[dist]
# distance from previous block
# <min> <max>
0	0

# created by:
# /home/cegg/simao/soft/augustus-3.2.1/scripts/msa2prfl.pl ./align_prep/14830.fa
