[name]
unknown

[dist]
# distance from previous block
# <min> <max>
0	276

[block]
# block no. 0 follows, 21 sequences, length 40
# corresponding to MSA columns:
# 276-315
name=unknown_A
#
# <colnr> <probs for GDERKNQSTAVLIFYWHMCP>
#	G	D	E	R	K	N	Q	S	T	A	V	L	I	F	Y	W	H	M	C	P
0	0.01371	0.00980	0.01371	0.01567	0.01763	0.00980	0.01371	0.01763	0.01959	0.02547	0.04506	0.09599	0.04898	0.02351	0.01175	0.00392	0.00784	0.59056	0.00784	0.00784
1	0.02561	0.02842	0.02065	0.01861	0.02287	0.35109	0.01416	0.06523	0.18570	0.02824	0.10043	0.02885	0.05151	0.01121	0.00838	0.00249	0.01086	0.00847	0.00651	0.01072
2	0.02258	0.50791	0.16176	0.01722	0.02523	0.09674	0.01805	0.02665	0.01813	0.02146	0.01264	0.01467	0.01090	0.00759	0.00620	0.00203	0.01043	0.00499	0.00371	0.01113
3	0.03124	0.03392	0.02469	0.02119	0.02612	0.42346	0.01648	0.22336	0.02867	0.03146	0.01541	0.01718	0.01211	0.00958	0.00906	0.00239	0.05037	0.00630	0.00569	0.01133
4	0.02122	0.01310	0.01365	0.01171	0.01526	0.01393	0.00927	0.21454	0.02504	0.03884	0.02538	0.02806	0.01943	0.01001	0.00678	0.00217	0.00572	0.00784	0.50798	0.01006
5	0.01024	0.00793	0.00934	0.01047	0.01198	0.00703	0.00729	0.01201	0.01762	0.02227	0.06375	0.43243	0.30835	0.02447	0.01052	0.00321	0.00467	0.02152	0.00790	0.00703
6	0.01270	0.00957	0.01405	0.01385	0.01531	0.01134	0.01083	0.01572	0.01386	0.02042	0.02242	0.03254	0.02075	0.05836	0.59806	0.01253	0.05794	0.00897	0.04307	0.00771
7	0.01127	0.00867	0.01030	0.00989	0.01224	0.00770	0.00742	0.01455	0.02225	0.02976	0.42501	0.07075	0.30136	0.01903	0.01005	0.00275	0.00413	0.01640	0.00879	0.00770
8	0.01253	0.00959	0.01412	0.01392	0.01527	0.01136	0.01078	0.01533	0.01357	0.01962	0.02237	0.03383	0.02124	0.09586	0.59791	0.01283	0.05856	0.00920	0.00455	0.00756
9	0.03179	0.04056	0.02412	0.02192	0.02631	0.66676	0.01644	0.03398	0.02412	0.02083	0.01315	0.01535	0.01096	0.00877	0.00767	0.00219	0.01535	0.00548	0.00438	0.00987
10	0.01037	0.00741	0.00987	0.01185	0.01234	0.00691	0.00790	0.01185	0.01629	0.02172	0.04690	0.69537	0.05629	0.02666	0.01086	0.00346	0.00494	0.02419	0.00790	0.00691
11	0.02117	0.01828	0.01924	0.01732	0.02213	0.02117	0.01347	0.04522	0.63246	0.03560	0.03464	0.03175	0.02598	0.01155	0.00866	0.00289	0.00673	0.00962	0.00866	0.01347
12	0.01963	0.01876	0.03196	0.23228	0.47897	0.01984	0.02541	0.02486	0.01870	0.02607	0.01575	0.02153	0.01287	0.00785	0.00845	0.00262	0.01046	0.00758	0.00409	0.01233
13	0.03179	0.04056	0.02412	0.02192	0.02631	0.66676	0.01644	0.03398	0.02412	0.02083	0.01315	0.01535	0.01096	0.00877	0.00767	0.00219	0.01535	0.00548	0.00438	0.00987
14	0.01401	0.01076	0.01307	0.01213	0.01474	0.01086	0.00920	0.02234	0.15514	0.03444	0.51222	0.05671	0.06860	0.01614	0.00974	0.00272	0.00460	0.01415	0.00922	0.00920
15	0.03145	0.02336	0.02554	0.05609	0.02817	0.02598	0.01659	0.58645	0.03874	0.05187	0.02014	0.02056	0.01430	0.01012	0.00851	0.00257	0.00947	0.00766	0.00825	0.01420
16	0.01816	0.01446	0.08375	0.01291	0.01747	0.01089	0.01144	0.05205	0.02294	0.15197	0.26394	0.05486	0.21940	0.01586	0.00946	0.00272	0.00594	0.01340	0.00850	0.00987
17	0.02362	0.31108	0.22692	0.01954	0.02773	0.17958	0.02027	0.05695	0.02023	0.02398	0.01362	0.01571	0.01106	0.00803	0.00694	0.00221	0.01167	0.00546	0.00404	0.01135
18	0.01862	0.01862	0.02607	0.02234	0.02234	0.02607	0.01862	0.02048	0.01303	0.02048	0.01117	0.01862	0.01117	0.01489	0.02793	0.00372	0.68535	0.00745	0.00372	0.00931
19	0.01037	0.00741	0.00987	0.01185	0.01234	0.00691	0.00790	0.01185	0.01629	0.02172	0.04690	0.69537	0.05629	0.02666	0.01086	0.00346	0.00494	0.02419	0.00790	0.00691
20	0.02114	0.02074	0.03325	0.10601	0.56636	0.05099	0.02544	0.02611	0.01940	0.02694	0.01579	0.02093	0.01317	0.00772	0.00840	0.00254	0.01047	0.00748	0.00418	0.01295
21	0.01707	0.04402	0.65683	0.02426	0.03683	0.01976	0.03144	0.02695	0.01797	0.02695	0.01527	0.01797	0.01078	0.00809	0.00809	0.00270	0.01258	0.00629	0.00359	0.01258
22	0.01006	0.00862	0.00862	0.00862	0.01149	0.00718	0.00647	0.01221	0.01940	0.02299	0.08621	0.08190	0.64438	0.02155	0.01006	0.00287	0.00431	0.01796	0.00790	0.00718
23	0.01238	0.00825	0.00928	0.00928	0.00928	0.00825	0.00516	0.01238	0.01238	0.01650	0.02681	0.05569	0.03094	0.70092	0.04331	0.00825	0.00825	0.01238	0.00516	0.00516
24	0.01399	0.01035	0.01372	0.01524	0.01742	0.01050	0.01300	0.01946	0.07327	0.02602	0.04638	0.12272	0.07823	0.02253	0.01135	0.00375	0.00740	0.47852	0.00792	0.00825
25	0.02809	0.03439	0.02466	0.02204	0.02519	0.48659	0.01705	0.03019	0.02100	0.02073	0.01260	0.01627	0.01102	0.01049	0.01337	0.00262	0.20376	0.00603	0.00420	0.00971
26	0.01238	0.00825	0.00928	0.00928	0.00928	0.00825	0.00516	0.01238	0.01238	0.01650	0.02681	0.05569	0.03094	0.70092	0.04331	0.00825	0.00825	0.01238	0.00516	0.00516
27	0.76103	0.01646	0.01251	0.01119	0.01646	0.01909	0.00922	0.02502	0.01448	0.03818	0.01185	0.01382	0.00922	0.00790	0.00527	0.00263	0.00658	0.00461	0.00527	0.00922
28	0.02595	0.06554	0.02607	0.02674	0.15876	0.30846	0.01757	0.03505	0.19707	0.02652	0.01985	0.02119	0.01581	0.00923	0.00800	0.00244	0.01142	0.00707	0.00553	0.01173
29	0.01037	0.00741	0.00987	0.01185	0.01234	0.00691	0.00790	0.01185	0.01629	0.02172	0.04690	0.69537	0.05629	0.02666	0.01086	0.00346	0.00494	0.02419	0.00790	0.00691
30	0.01869	0.01748	0.02885	0.07462	0.48134	0.01745	0.02195	0.02338	0.01984	0.02784	0.10004	0.03198	0.07947	0.01012	0.00878	0.00259	0.00889	0.00950	0.00517	0.01203
31	0.02246	0.67210	0.07599	0.01506	0.02261	0.03296	0.01543	0.02556	0.01733	0.02038	0.01201	0.01387	0.01091	0.00732	0.00560	0.00187	0.00928	0.00464	0.00364	0.01101
32	0.01090	0.00859	0.00983	0.00965	0.01204	0.00752	0.00719	0.01379	0.02119	0.02755	0.31548	0.10524	0.38058	0.02009	0.01009	0.00282	0.00422	0.01721	0.00851	0.00752
33	0.02405	0.02929	0.06017	0.02346	0.02666	0.28721	0.07086	0.02693	0.01844	0.02155	0.01272	0.01763	0.01122	0.01136	0.01705	0.00297	0.31769	0.00681	0.00404	0.00990
34	0.01176	0.00877	0.01134	0.01134	0.01273	0.00922	0.00819	0.01376	0.01455	0.01954	0.03767	0.05020	0.15908	0.23382	0.34930	0.00981	0.01470	0.01195	0.00545	0.00682
35	0.01611	0.01185	0.01410	0.01283	0.01575	0.01187	0.00991	0.14601	0.02582	0.03520	0.34568	0.14307	0.11458	0.01779	0.00990	0.00283	0.00551	0.04322	0.00877	0.00919
36	0.01592	0.01239	0.01482	0.04884	0.01878	0.01329	0.01105	0.09539	0.16383	0.02893	0.03910	0.42119	0.04166	0.02014	0.00993	0.00318	0.00624	0.01786	0.00794	0.00952
37	0.02376	0.20824	0.02656	0.01761	0.02194	0.31064	0.01428	0.02634	0.01931	0.02031	0.01557	0.02008	0.01391	0.02415	0.19610	0.00538	0.01582	0.00628	0.00424	0.00950
38	0.05720	0.26977	0.22117	0.01739	0.02489	0.08967	0.01841	0.02502	0.01934	0.02577	0.13132	0.02450	0.02379	0.00961	0.00734	0.00233	0.00973	0.00721	0.00486	0.01069
39	0.01848	0.18550	0.49528	0.02350	0.06273	0.02278	0.02755	0.02659	0.01789	0.02550	0.01457	0.01718	0.01094	0.00789	0.00754	0.00250	0.01171	0.00598	0.00363	0.01226

[dist]
# distance from previous block
# <min> <max>
2	82

[block]
# block no. 1 follows, 21 sequences, length 48
# corresponding to MSA columns:
# 398-445
name=unknown_B
#
# <colnr> <probs for GDERKNQSTAVLIFYWHMCP>
#	G	D	E	R	K	N	Q	S	T	A	V	L	I	F	Y	W	H	M	C	P
0	0.17883	0.09842	0.19381	0.02114	0.05809	0.26530	0.01927	0.02902	0.01957	0.02637	0.01347	0.01586	0.01067	0.00820	0.00711	0.00240	0.01192	0.00553	0.00428	0.01074
1	0.18038	0.15039	0.08707	0.01782	0.02366	0.28655	0.01557	0.02927	0.01973	0.05711	0.01442	0.01667	0.01165	0.01134	0.04278	0.00292	0.01213	0.00557	0.00468	0.01030
2	0.21413	0.42981	0.03389	0.01642	0.05495	0.08703	0.01398	0.02617	0.01730	0.02521	0.01218	0.01425	0.01062	0.00759	0.00577	0.00210	0.00908	0.00482	0.00416	0.01052
3	0.03012	0.07382	0.02593	0.02297	0.05763	0.53501	0.01693	0.06213	0.02376	0.02279	0.01350	0.01597	0.01128	0.00900	0.00864	0.00228	0.04766	0.00575	0.00451	0.01031
4	0.01369	0.01123	0.01287	0.01279	0.01331	0.04632	0.00880	0.01474	0.01428	0.01897	0.02903	0.21842	0.03315	0.33143	0.08969	0.00655	0.09822	0.01422	0.00561	0.00666
5	0.01109	0.00906	0.00988	0.00987	0.01251	0.00807	0.00746	0.01460	0.04782	0.02553	0.17621	0.10952	0.46036	0.02074	0.01011	0.00292	0.00456	0.04385	0.00819	0.00763
6	0.01677	0.00987	0.01107	0.01044	0.01283	0.01048	0.00807	0.08202	0.01925	0.03136	0.02588	0.03092	0.02092	0.02199	0.15398	0.00466	0.00874	0.00817	0.50401	0.00855
7	0.03227	0.01317	0.01785	0.01414	0.01969	0.01149	0.01149	0.03572	0.02430	0.51354	0.17154	0.03679	0.03447	0.01209	0.00889	0.00264	0.00651	0.01010	0.01027	0.01302
8	0.02012	0.01940	0.03086	0.07513	0.40712	0.02184	0.02319	0.02534	0.05079	0.02585	0.01562	0.02104	0.01340	0.00990	0.01392	0.00290	0.19954	0.00765	0.00429	0.01210
9	0.01019	0.00851	0.00888	0.00904	0.01164	0.00720	0.00668	0.01238	0.01934	0.02344	0.11094	0.13941	0.55953	0.02183	0.01013	0.00292	0.00436	0.01842	0.00798	0.00720
10	0.02119	0.02748	0.17260	0.04310	0.45210	0.08171	0.02639	0.02705	0.01951	0.02695	0.01557	0.01983	0.01264	0.00781	0.00828	0.00253	0.01116	0.00709	0.00409	0.01293
11	0.01231	0.00849	0.01052	0.01052	0.01094	0.00892	0.00670	0.01317	0.01274	0.01741	0.02569	0.04944	0.02823	0.52208	0.21845	0.00977	0.01233	0.01146	0.00499	0.00584
12	0.01707	0.04402	0.65683	0.02426	0.03683	0.01976	0.03144	0.02695	0.01797	0.02695	0.01527	0.01797	0.01078	0.00809	0.00809	0.00270	0.01258	0.00629	0.00359	0.01258
13	0.03179	0.04056	0.02412	0.02192	0.02631	0.66676	0.01644	0.03398	0.02412	0.02083	0.01315	0.01535	0.01096	0.00877	0.00767	0.00219	0.01535	0.00548	0.00438	0.00987
14	0.09030	0.12618	0.18839	0.01773	0.02612	0.02172	0.01788	0.19165	0.02367	0.03463	0.01587	0.01758	0.01210	0.00815	0.00717	0.00220	0.00922	0.00599	0.00546	0.17800
15	0.01816	0.10549	0.02391	0.02526	0.19471	0.07702	0.01620	0.02198	0.02033	0.02641	0.14137	0.08121	0.03673	0.01457	0.00926	0.00284	0.00848	0.15984	0.00624	0.01000
16	0.02062	0.48469	0.21488	0.01724	0.02571	0.02859	0.01910	0.02537	0.01730	0.02195	0.01336	0.01587	0.01141	0.01039	0.03991	0.00267	0.01077	0.00527	0.00367	0.01122
17	0.03818	0.01448	0.01975	0.01514	0.02172	0.01251	0.01251	0.04147	0.02436	0.65373	0.03357	0.02897	0.02107	0.01053	0.00856	0.00263	0.00724	0.00856	0.01053	0.01448
18	0.02027	0.02035	0.03719	0.11178	0.38352	0.02050	0.19104	0.02699	0.05171	0.02743	0.01724	0.02233	0.01376	0.00777	0.00890	0.00267	0.01125	0.00838	0.00443	0.01249
19	0.01803	0.01344	0.01476	0.01325	0.01722	0.01386	0.01029	0.05760	0.24586	0.08685	0.14640	0.05295	0.24352	0.01570	0.00933	0.00281	0.00566	0.01316	0.00867	0.01062
20	0.03818	0.01448	0.01975	0.01514	0.02172	0.01251	0.01251	0.04147	0.02436	0.65373	0.03357	0.02897	0.02107	0.01053	0.00856	0.00263	0.00724	0.00856	0.01053	0.01448
21	0.01788	0.01689	0.02745	0.13329	0.42048	0.01712	0.02137	0.02238	0.01904	0.02585	0.03157	0.03489	0.15415	0.01084	0.00880	0.00265	0.00899	0.00990	0.00497	0.01149
22	0.01707	0.04402	0.65683	0.02426	0.03683	0.01976	0.03144	0.02695	0.01797	0.02695	0.01527	0.01797	0.01078	0.00809	0.00809	0.00270	0.01258	0.00629	0.00359	0.01258
23	0.01227	0.00867	0.01140	0.01140	0.01213	0.00940	0.00780	0.01373	0.01300	0.01807	0.02488	0.04497	0.02628	0.39404	0.34383	0.01086	0.01526	0.01081	0.00487	0.00633
24	0.01371	0.00980	0.01371	0.01567	0.01763	0.00980	0.01371	0.01763	0.01959	0.02547	0.04506	0.09599	0.04898	0.02351	0.01175	0.00392	0.00784	0.59056	0.00784	0.00784
25	0.02723	0.37608	0.03444	0.01821	0.02406	0.34758	0.01549	0.02970	0.02068	0.02042	0.01249	0.01449	0.01094	0.00802	0.00656	0.00200	0.01220	0.00501	0.00401	0.01040
26	0.76103	0.01646	0.01251	0.01119	0.01646	0.01909	0.00922	0.02502	0.01448	0.03818	0.01185	0.01382	0.00922	0.00790	0.00527	0.00263	0.00658	0.00461	0.00527	0.00922
27	0.76103	0.01646	0.01251	0.01119	0.01646	0.01909	0.00922	0.02502	0.01448	0.03818	0.01185	0.01382	0.00922	0.00790	0.00527	0.00263	0.00658	0.00461	0.00527	0.00922
28	0.02009	0.02296	0.05022	0.03587	0.04448	0.02152	0.61693	0.02726	0.02009	0.02726	0.01722	0.02296	0.01291	0.00717	0.01004	0.00287	0.01435	0.01004	0.00430	0.01148
29	0.01006	0.00862	0.00862	0.00862	0.01149	0.00718	0.00647	0.01221	0.01940	0.02299	0.08621	0.08190	0.64438	0.02155	0.01006	0.00287	0.00431	0.01796	0.00790	0.00718
30	0.02275	0.70604	0.04459	0.01456	0.02184	0.03367	0.01456	0.02548	0.01729	0.02002	0.01183	0.01365	0.01092	0.00728	0.00546	0.00182	0.00910	0.00455	0.00364	0.01092
31	0.76103	0.01646	0.01251	0.01119	0.01646	0.01909	0.00922	0.02502	0.01448	0.03818	0.01185	0.01382	0.00922	0.00790	0.00527	0.00263	0.00658	0.00461	0.00527	0.00922
32	0.02106	0.02022	0.03454	0.05223	0.64784	0.02022	0.02612	0.02612	0.01938	0.02780	0.01601	0.02106	0.01348	0.00758	0.00842	0.00253	0.01011	0.00758	0.00421	0.01348
33	0.01703	0.01469	0.01529	0.01408	0.01817	0.01596	0.01086	0.03294	0.40434	0.03091	0.05383	0.05041	0.25608	0.01527	0.00918	0.00288	0.00583	0.01272	0.00838	0.01113
34	0.01094	0.00866	0.00985	0.00955	0.01204	0.00756	0.00716	0.01392	0.02148	0.02794	0.33398	0.07375	0.39352	0.01970	0.01005	0.00279	0.00418	0.01682	0.00855	0.00756
35	0.03235	0.02384	0.02554	0.01958	0.02639	0.02639	0.01618	0.61946	0.04001	0.05363	0.02043	0.02043	0.01447	0.01022	0.00851	0.00255	0.00936	0.00766	0.00851	0.01447
36	0.01085	0.00865	0.00973	0.00946	0.01198	0.00752	0.00709	0.01376	0.02128	0.02746	0.30969	0.07455	0.41812	0.01989	0.01005	0.00279	0.00419	0.01693	0.00849	0.00752
37	0.02106	0.02022	0.03454	0.05223	0.64784	0.02022	0.02612	0.02612	0.01938	0.02780	0.01601	0.02106	0.01348	0.00758	0.00842	0.00253	0.01011	0.00758	0.00421	0.01348
38	0.01360	0.01124	0.01645	0.01561	0.01679	0.01409	0.01242	0.01638	0.01353	0.01992	0.02020	0.03012	0.01902	0.05289	0.52435	0.01145	0.17084	0.00874	0.00437	0.00798
39	0.01792	0.03542	0.44707	0.03137	0.20704	0.01925	0.02868	0.02612	0.01870	0.02758	0.04961	0.02131	0.01532	0.00845	0.00829	0.00265	0.01142	0.00715	0.00408	0.01258
40	0.01589	0.01533	0.02054	0.01805	0.01893	0.01998	0.01480	0.01789	0.01485	0.02115	0.03282	0.03713	0.18944	0.01924	0.05532	0.00399	0.46058	0.01048	0.00494	0.00863
41	0.09105	0.06167	0.23535	0.02113	0.05972	0.20004	0.01996	0.02874	0.02040	0.08587	0.05056	0.02338	0.04753	0.00958	0.00786	0.00250	0.01117	0.00716	0.00517	0.01117
42	0.17006	0.01364	0.01575	0.01532	0.04446	0.01569	0.01169	0.01810	0.01659	0.02580	0.04443	0.04787	0.27624	0.01630	0.01408	0.00310	0.19640	0.03997	0.00601	0.00852
43	0.02096	0.02088	0.02667	0.06696	0.32972	0.11077	0.01996	0.02858	0.12537	0.02685	0.02298	0.02643	0.04784	0.01455	0.07120	0.00364	0.01125	0.00831	0.00520	0.01189
44	0.12829	0.05145	0.08563	0.02082	0.05618	0.01964	0.09346	0.14241	0.02077	0.03139	0.01785	0.02284	0.01468	0.02429	0.19391	0.00576	0.04702	0.00764	0.00523	0.01074
45	0.01797	0.01696	0.02727	0.03999	0.46921	0.01656	0.02060	0.02221	0.01938	0.02645	0.03571	0.03814	0.19058	0.01150	0.00888	0.00262	0.00848	0.01050	0.00525	0.01171
46	0.17555	0.02817	0.20748	0.03279	0.28227	0.08056	0.02320	0.02686	0.01839	0.02907	0.01466	0.01813	0.01158	0.00790	0.00760	0.00257	0.01057	0.00639	0.00427	0.01199
47	0.02348	0.02433	0.02875	0.03756	0.36738	0.16491	0.02109	0.03220	0.15915	0.02801	0.01959	0.02220	0.01575	0.00874	0.00831	0.00253	0.01052	0.00757	0.00526	0.01267

[dist]
# distance from previous block
# <min> <max>
0	87

# created by:
# /home/cegg/simao/soft/augustus-3.2.1/scripts/msa2prfl.pl ./align_prep/14831.fa
