[name]
unknown

[dist]
# distance from previous block
# <min> <max>
3	5

[block]
# block no. 0 follows, 19 sequences, length 21
# corresponding to MSA columns:
# 5-25
name=unknown_A
#
# <colnr> <probs for GDERKNQSTAVLIFYWHMCP>
#	G	D	E	R	K	N	Q	S	T	A	V	L	I	F	Y	W	H	M	C	P
0	0.01214	0.00945	0.01134	0.01107	0.01350	0.00858	0.00812	0.01484	0.01965	0.02613	0.19011	0.14978	0.25831	0.07485	0.09405	0.00478	0.00747	0.01655	0.00779	0.06147
1	0.01392	0.00947	0.01204	0.01209	0.01443	0.00884	0.00920	0.01691	0.02063	0.07093	0.19853	0.18341	0.21317	0.02757	0.09190	0.00461	0.00761	0.06791	0.00844	0.00839
2	0.01450	0.01262	0.01196	0.01258	0.01361	0.08928	0.00829	0.01564	0.01692	0.02083	0.04017	0.32803	0.08456	0.26295	0.02327	0.00524	0.00779	0.01797	0.00679	0.00701
3	0.01739	0.01073	0.01307	0.01261	0.01469	0.01037	0.00886	0.07064	0.02020	0.10326	0.08430	0.28828	0.08144	0.19885	0.01988	0.00468	0.00674	0.01734	0.00806	0.00861
4	0.01545	0.01019	0.01121	0.01051	0.01334	0.00919	0.00757	0.01829	0.04490	0.10061	0.06531	0.06972	0.37193	0.19007	0.01924	0.00443	0.00609	0.01575	0.00796	0.00827
5	0.01240	0.00879	0.01044	0.01040	0.01152	0.00833	0.00684	0.01420	0.01832	0.02473	0.23187	0.12155	0.12711	0.32466	0.02662	0.00559	0.00638	0.01592	0.00749	0.00684
6	0.01175	0.00814	0.01013	0.01138	0.01169	0.00783	0.00715	0.01268	0.01548	0.02064	0.04085	0.43090	0.04850	0.29144	0.02509	0.00565	0.00659	0.02046	0.00715	0.00653
7	0.01270	0.00880	0.01030	0.01045	0.01151	0.00874	0.00691	0.01414	0.01545	0.02105	0.04084	0.10324	0.14316	0.35038	0.13156	0.00757	0.00972	0.01404	0.07282	0.00664
8	0.01185	0.00819	0.01010	0.01124	0.01153	0.00790	0.00701	0.01271	0.01527	0.02036	0.03979	0.39987	0.04717	0.32428	0.02679	0.00590	0.00676	0.01984	0.00701	0.00644
9	0.01335	0.00988	0.01231	0.01248	0.01447	0.00891	0.00885	0.01532	0.01683	0.02317	0.03744	0.31930	0.04278	0.18980	0.01928	0.00454	0.00676	0.09328	0.00700	0.14426
10	0.02519	0.01748	0.02115	0.04430	0.09854	0.01855	0.01423	0.25195	0.02745	0.08239	0.02429	0.03214	0.02038	0.15760	0.01653	0.00392	0.00877	0.00923	0.11416	0.01174
11	0.01756	0.01053	0.01406	0.09448	0.01949	0.01052	0.01003	0.01954	0.01754	0.12415	0.07627	0.18492	0.03777	0.29504	0.02480	0.00544	0.00783	0.01463	0.00714	0.00826
12	0.02141	0.03087	0.21113	0.03382	0.20566	0.10764	0.07774	0.02736	0.01962	0.02653	0.01739	0.05578	0.01503	0.01037	0.01167	0.00291	0.10000	0.00843	0.00441	0.01222
13	0.01660	0.01294	0.01654	0.01880	0.09383	0.01293	0.01211	0.12449	0.02276	0.03016	0.04689	0.37364	0.14013	0.02135	0.01049	0.00323	0.00664	0.01887	0.00793	0.00968
14	0.02579	0.01911	0.02263	0.02231	0.10572	0.02061	0.01589	0.29904	0.07339	0.04321	0.02665	0.03473	0.02199	0.01217	0.00888	0.00278	0.00849	0.07947	0.14432	0.01282
15	0.01600	0.02024	0.13707	0.02046	0.02381	0.01802	0.05470	0.01986	0.01633	0.02364	0.02627	0.23932	0.02825	0.02162	0.06327	0.00432	0.23804	0.01373	0.00544	0.00961
16	0.06196	0.01661	0.01926	0.01661	0.02199	0.01745	0.01330	0.04164	0.30966	0.24630	0.06744	0.03759	0.02930	0.01272	0.00918	0.00299	0.00718	0.04557	0.00961	0.01363
17	0.01109	0.00787	0.01032	0.01221	0.01268	0.00740	0.00804	0.01251	0.01675	0.02234	0.04738	0.62293	0.05673	0.08817	0.01454	0.00409	0.00551	0.02430	0.00804	0.00710
18	0.07578	0.01626	0.02353	0.18275	0.22542	0.01732	0.01875	0.02429	0.07464	0.02800	0.03746	0.03978	0.17516	0.01248	0.00909	0.00287	0.00871	0.01078	0.00586	0.01106
19	0.02328	0.02439	0.03133	0.04379	0.44468	0.14816	0.02330	0.02767	0.02139	0.02722	0.02365	0.02735	0.07524	0.00970	0.00887	0.00262	0.01114	0.00862	0.00486	0.01273
20	0.23263	0.02531	0.21733	0.01816	0.02568	0.01769	0.06024	0.05083	0.02030	0.03407	0.12821	0.03251	0.07927	0.01146	0.00834	0.00283	0.00900	0.00922	0.00606	0.01085

[dist]
# distance from previous block
# <min> <max>
0	2

[block]
# block no. 1 follows, 19 sequences, length 81
# corresponding to MSA columns:
# 28-108
name=unknown_B
#
# <colnr> <probs for GDERKNQSTAVLIFYWHMCP>
#	G	D	E	R	K	N	Q	S	T	A	V	L	I	F	Y	W	H	M	C	P
0	0.02028	0.13794	0.38760	0.02433	0.07111	0.05956	0.02609	0.05722	0.02033	0.02791	0.01856	0.07512	0.01586	0.01017	0.00835	0.00271	0.01180	0.00806	0.00454	0.01244
1	0.02080	0.02170	0.01676	0.01559	0.01892	0.21139	0.01141	0.02769	0.15151	0.02495	0.04149	0.04679	0.17661	0.15617	0.01685	0.00399	0.00959	0.01161	0.00672	0.00944
2	0.05360	0.02338	0.14227	0.10868	0.15593	0.05059	0.08496	0.02397	0.01989	0.02713	0.03362	0.03915	0.14427	0.01226	0.00934	0.00292	0.01047	0.04115	0.00535	0.01108
3	0.02406	0.06097	0.02684	0.10555	0.15680	0.22493	0.01854	0.02796	0.02116	0.02548	0.01677	0.02295	0.01448	0.00898	0.00809	0.00230	0.01147	0.03373	0.00479	0.18415
4	0.02157	0.02447	0.11784	0.04633	0.47333	0.02131	0.02660	0.03005	0.09311	0.03011	0.01913	0.02307	0.01539	0.00856	0.00884	0.00273	0.01055	0.00805	0.00491	0.01404
5	0.02797	0.18020	0.03121	0.02348	0.06477	0.35560	0.01794	0.03053	0.02124	0.02211	0.01332	0.01678	0.01173	0.01001	0.01163	0.00255	0.13780	0.00608	0.00429	0.01075
6	0.47593	0.02109	0.01743	0.01486	0.02051	0.08124	0.01205	0.15994	0.02295	0.04195	0.04686	0.01905	0.01507	0.00948	0.00683	0.00271	0.00834	0.00627	0.00647	0.01097
7	0.01542	0.01237	0.01609	0.10453	0.02355	0.01317	0.01366	0.02360	0.13331	0.02986	0.16804	0.06854	0.11574	0.01855	0.01068	0.00335	0.00725	0.20457	0.00816	0.00956
8	0.01301	0.00867	0.00976	0.00976	0.00976	0.00867	0.00542	0.01301	0.01301	0.01735	0.02819	0.05855	0.03253	0.68559	0.04554	0.00867	0.00867	0.01301	0.00542	0.00542
9	0.01223	0.00878	0.01100	0.01131	0.01267	0.00824	0.00794	0.01476	0.02012	0.02741	0.28722	0.21281	0.11229	0.16225	0.01824	0.00433	0.00563	0.04698	0.00833	0.00744
10	0.02112	0.02413	0.05279	0.03771	0.04676	0.02262	0.59729	0.02866	0.02112	0.02866	0.01810	0.02413	0.01357	0.00754	0.01056	0.00302	0.01508	0.01056	0.00452	0.01207
11	0.01057	0.00906	0.00906	0.00906	0.01208	0.00755	0.00680	0.01284	0.02039	0.02417	0.09063	0.08610	0.62615	0.02266	0.01057	0.00302	0.00453	0.01888	0.00831	0.00755
12	0.02473	0.63531	0.04503	0.01597	0.02337	0.08813	0.01548	0.02756	0.01879	0.02112	0.01256	0.01450	0.01148	0.00779	0.00594	0.00195	0.01013	0.00487	0.00389	0.01139
13	0.01690	0.01590	0.02683	0.66408	0.06162	0.01988	0.02485	0.02286	0.01789	0.02286	0.01590	0.02385	0.01193	0.00894	0.00894	0.00298	0.01193	0.00795	0.00398	0.00994
14	0.02392	0.69097	0.04688	0.01531	0.02296	0.03540	0.01531	0.02679	0.01818	0.02105	0.01244	0.01435	0.01148	0.00765	0.00574	0.00191	0.00957	0.00478	0.00383	0.01148
15	0.01494	0.01104	0.01590	0.01907	0.05983	0.01104	0.01530	0.01914	0.02058	0.02694	0.04531	0.09559	0.04897	0.02358	0.01212	0.00402	0.00840	0.53162	0.00798	0.00864
16	0.03342	0.04264	0.02535	0.02305	0.02766	0.64967	0.01729	0.03572	0.02535	0.02190	0.01383	0.01613	0.01152	0.00922	0.00807	0.00230	0.01613	0.00576	0.00461	0.01037
17	0.01794	0.04628	0.63923	0.02550	0.03872	0.02078	0.03305	0.02833	0.01889	0.02833	0.01606	0.01889	0.01133	0.00850	0.00850	0.00283	0.01322	0.00661	0.00378	0.01322
18	0.01855	0.01590	0.01855	0.01325	0.02120	0.01193	0.01060	0.02253	0.01855	0.02915	0.01590	0.01855	0.01325	0.00663	0.00663	0.00133	0.00663	0.00530	0.00530	0.74028
19	0.01855	0.01590	0.01855	0.01325	0.02120	0.01193	0.01060	0.02253	0.01855	0.02915	0.01590	0.01855	0.01325	0.00663	0.00663	0.00133	0.00663	0.00530	0.00530	0.74028
20	0.01280	0.00951	0.01398	0.01398	0.01544	0.01097	0.01069	0.01572	0.01426	0.02047	0.02433	0.03716	0.02324	0.12019	0.59823	0.01389	0.02265	0.00988	0.00485	0.00777
21	0.02819	0.02161	0.02372	0.01782	0.02528	0.02179	0.01459	0.38243	0.03321	0.04613	0.01938	0.02038	0.01447	0.00919	0.00807	0.00217	0.00863	0.00702	0.00758	0.28835
22	0.01308	0.00979	0.01221	0.01149	0.01388	0.00925	0.00865	0.01847	0.06288	0.03482	0.53408	0.06657	0.13435	0.01832	0.01046	0.00285	0.00444	0.01605	0.00965	0.00872
23	0.01057	0.00906	0.00906	0.00906	0.01208	0.00755	0.00680	0.01284	0.02039	0.02417	0.09063	0.08610	0.62615	0.02266	0.01057	0.00302	0.00453	0.01888	0.00831	0.00755
24	0.03342	0.04264	0.02535	0.02305	0.02766	0.64967	0.01729	0.03572	0.02535	0.02190	0.01383	0.01613	0.01152	0.00922	0.00807	0.00230	0.01613	0.00576	0.00461	0.01037
25	0.01241	0.00913	0.01160	0.01099	0.01321	0.00833	0.00824	0.01639	0.02472	0.03444	0.55934	0.06920	0.15103	0.01883	0.01055	0.00284	0.00426	0.01651	0.00966	0.00833
26	0.01496	0.01246	0.01722	0.01600	0.01668	0.01558	0.01228	0.01693	0.01381	0.02010	0.02127	0.03646	0.02173	0.21418	0.29697	0.00961	0.22126	0.00994	0.00468	0.00787
27	0.01278	0.00959	0.01438	0.01438	0.01598	0.01118	0.01118	0.01598	0.01438	0.02077	0.02396	0.03515	0.02237	0.06710	0.65013	0.01438	0.02396	0.00959	0.00479	0.00799
28	0.02225	0.01922	0.02023	0.01821	0.02326	0.02225	0.01416	0.04754	0.61361	0.03742	0.03641	0.03338	0.02731	0.01214	0.00910	0.00303	0.00708	0.01011	0.00910	0.01416
29	0.01794	0.04628	0.63923	0.02550	0.03872	0.02078	0.03305	0.02833	0.01889	0.02833	0.01606	0.01889	0.01133	0.00850	0.00850	0.00283	0.01322	0.00661	0.00378	0.01322
30	0.03331	0.02471	0.02646	0.02044	0.02748	0.02742	0.01684	0.56716	0.07599	0.05526	0.02237	0.02219	0.01593	0.01082	0.00896	0.00271	0.00968	0.00818	0.00896	0.01515
31	0.01257	0.00957	0.01170	0.01190	0.01404	0.00835	0.00822	0.01447	0.01725	0.02350	0.04498	0.41245	0.11016	0.10424	0.01461	0.00375	0.00582	0.01937	0.00738	0.14566
32	0.01148	0.00837	0.01095	0.01280	0.01386	0.00783	0.00922	0.01357	0.01810	0.02368	0.05348	0.51275	0.11979	0.02686	0.01149	0.00365	0.00566	0.12070	0.00829	0.00747
33	0.03102	0.21041	0.03132	0.02054	0.02643	0.36998	0.01671	0.14004	0.02662	0.02819	0.01491	0.01667	0.01221	0.00909	0.00762	0.00227	0.01321	0.00594	0.00522	0.01158
34	0.15769	0.21084	0.36463	0.02021	0.03052	0.02450	0.02396	0.02754	0.01801	0.02864	0.01442	0.01687	0.01106	0.00824	0.00721	0.00258	0.01107	0.00580	0.00412	0.01209
35	0.02593	0.55402	0.04233	0.01694	0.02395	0.16516	0.01573	0.02868	0.01969	0.02123	0.01273	0.01473	0.01149	0.00798	0.00623	0.00200	0.01095	0.00499	0.00399	0.01125
36	0.01090	0.00779	0.01038	0.01246	0.01298	0.00727	0.00830	0.01246	0.01713	0.02284	0.04931	0.67975	0.05917	0.02803	0.01142	0.00363	0.00519	0.02543	0.00830	0.00727
37	0.01219	0.01039	0.03924	0.01206	0.01427	0.00856	0.00936	0.01573	0.02217	0.03064	0.38007	0.24937	0.12012	0.02114	0.01072	0.00308	0.00494	0.01875	0.00898	0.00823
38	0.02609	0.02874	0.03248	0.04377	0.41919	0.24104	0.02390	0.03035	0.02211	0.02666	0.01578	0.02004	0.01325	0.00841	0.00858	0.00253	0.01255	0.00720	0.00449	0.01284
39	0.01921	0.03741	0.40448	0.03039	0.04194	0.02152	0.25892	0.02846	0.01978	0.02846	0.01687	0.02099	0.01223	0.00812	0.00932	0.00291	0.01397	0.00819	0.00408	0.01276
40	0.01059	0.00899	0.00914	0.00925	0.01213	0.00754	0.00688	0.01282	0.02021	0.02410	0.08837	0.11857	0.59514	0.02295	0.01062	0.00305	0.00457	0.01924	0.00831	0.00754
41	0.01833	0.04355	0.56712	0.02700	0.03971	0.02100	0.10243	0.02837	0.01916	0.02837	0.01631	0.01953	0.01161	0.00838	0.00875	0.00286	0.01345	0.00710	0.00387	0.01308
42	0.03104	0.03812	0.02767	0.02978	0.15485	0.51693	0.01943	0.03398	0.02430	0.02344	0.01446	0.01740	0.01208	0.00896	0.00823	0.00238	0.01497	0.00623	0.00457	0.01117
43	0.03032	0.03966	0.11890	0.02314	0.02910	0.44074	0.01978	0.10314	0.02573	0.02709	0.01498	0.01741	0.01196	0.00968	0.00950	0.00253	0.05368	0.00630	0.00498	0.01137
44	0.01690	0.01590	0.02683	0.66408	0.06162	0.01988	0.02485	0.02286	0.01789	0.02286	0.01590	0.02385	0.01193	0.00894	0.00894	0.00298	0.01193	0.00795	0.00398	0.00994
45	0.02138	0.02066	0.03413	0.08105	0.48523	0.02235	0.02583	0.02609	0.01898	0.02744	0.01582	0.02175	0.01359	0.00948	0.01274	0.00291	0.13521	0.00794	0.00431	0.01312
46	0.01318	0.00990	0.01270	0.01410	0.01646	0.00942	0.01197	0.01671	0.02053	0.02594	0.06126	0.09616	0.23600	0.02405	0.01178	0.00377	0.00705	0.39275	0.00826	0.00802
47	0.09357	0.04328	0.57444	0.02408	0.03650	0.02070	0.03064	0.02812	0.01851	0.02955	0.01568	0.01844	0.01116	0.00848	0.00819	0.00283	0.01257	0.00643	0.00396	0.01286
48	0.02185	0.02208	0.04102	0.05000	0.46320	0.02165	0.19026	0.02780	0.02058	0.02907	0.01719	0.02271	0.01400	0.00785	0.00934	0.00276	0.01190	0.00871	0.00446	0.01357
49	0.02341	0.11824	0.02531	0.02110	0.06337	0.26733	0.01566	0.02629	0.01960	0.02186	0.01730	0.02315	0.01552	0.02960	0.23477	0.00660	0.04922	0.00722	0.00452	0.00991
50	0.02202	0.02726	0.14965	0.04746	0.48229	0.05846	0.02791	0.02811	0.02039	0.02862	0.01650	0.02117	0.01348	0.00815	0.00874	0.00267	0.01145	0.00758	0.00432	0.01377
51	0.01497	0.01231	0.01370	0.01351	0.01686	0.01251	0.01074	0.02450	0.19407	0.02937	0.09979	0.07273	0.28913	0.01976	0.01054	0.00325	0.00608	0.13787	0.00862	0.00969
52	0.02072	0.02189	0.04293	0.12837	0.21078	0.02217	0.32086	0.02706	0.01998	0.02755	0.01703	0.02324	0.01340	0.00838	0.01107	0.00297	0.05570	0.00930	0.00438	0.01221
53	0.03245	0.04080	0.02629	0.02578	0.07935	0.59572	0.01816	0.03501	0.02493	0.02253	0.01409	0.01665	0.01175	0.00911	0.00813	0.00234	0.01566	0.00595	0.00459	0.01070
54	0.01278	0.00959	0.01438	0.01438	0.01598	0.01118	0.01118	0.01598	0.01438	0.02077	0.02396	0.03515	0.02237	0.06710	0.65013	0.01438	0.02396	0.00959	0.00479	0.00799
55	0.01301	0.00867	0.00976	0.00976	0.00976	0.00867	0.00542	0.01301	0.01301	0.01735	0.02819	0.05855	0.03253	0.68559	0.04554	0.00867	0.00867	0.01301	0.00542	0.00542
56	0.01690	0.01590	0.02683	0.66408	0.06162	0.01988	0.02485	0.02286	0.01789	0.02286	0.01590	0.02385	0.01193	0.00894	0.00894	0.00298	0.01193	0.00795	0.00398	0.00994
57	0.02162	0.02099	0.03661	0.10605	0.54161	0.02123	0.06573	0.02714	0.02021	0.02864	0.01683	0.02242	0.01394	0.00803	0.00898	0.00271	0.01104	0.00814	0.00440	0.01367
58	0.16778	0.03251	0.02271	0.01982	0.02502	0.36811	0.01536	0.15221	0.02697	0.03331	0.04488	0.01942	0.01550	0.00981	0.00790	0.00250	0.01248	0.00658	0.00596	0.01117
59	0.01090	0.00779	0.01038	0.01246	0.01298	0.00727	0.00830	0.01246	0.01713	0.02284	0.04931	0.67975	0.05917	0.02803	0.01142	0.00363	0.00519	0.02543	0.00830	0.00727
60	0.02318	0.16729	0.11333	0.01665	0.02337	0.02079	0.01571	0.06176	0.15311	0.12643	0.07457	0.03562	0.10691	0.01227	0.00856	0.00268	0.00819	0.00979	0.00743	0.01236
61	0.18832	0.02656	0.05830	0.06175	0.02886	0.15494	0.05560	0.16973	0.07654	0.06872	0.01899	0.02050	0.01408	0.00956	0.00811	0.00271	0.01085	0.00717	0.00650	0.01222
62	0.03342	0.04264	0.02535	0.02305	0.02766	0.64967	0.01729	0.03572	0.02535	0.02190	0.01383	0.01613	0.01152	0.00922	0.00807	0.00230	0.01613	0.00576	0.00461	0.01037
63	0.02311	0.02309	0.03537	0.05218	0.57809	0.07520	0.02658	0.02817	0.02080	0.02860	0.01657	0.02163	0.01394	0.00808	0.00879	0.00263	0.01110	0.00778	0.00444	0.01385
64	0.01278	0.00959	0.01438	0.01438	0.01598	0.01118	0.01118	0.01598	0.01438	0.02077	0.02396	0.03515	0.02237	0.06710	0.65013	0.01438	0.02396	0.00959	0.00479	0.00799
65	0.01301	0.00867	0.00976	0.00976	0.00976	0.00867	0.00542	0.01301	0.01301	0.01735	0.02819	0.05855	0.03253	0.68559	0.04554	0.00867	0.00867	0.01301	0.00542	0.00542
66	0.01509	0.01106	0.01492	0.01662	0.01894	0.01132	0.01439	0.02103	0.07150	0.02769	0.04643	0.09512	0.04941	0.02363	0.01208	0.00403	0.00814	0.52153	0.00831	0.00875
67	0.02183	0.46549	0.25405	0.01887	0.02847	0.03029	0.02151	0.02733	0.01843	0.02360	0.01370	0.01594	0.01143	0.00795	0.00671	0.00224	0.01085	0.00542	0.00381	0.01209
68	0.01278	0.00959	0.01438	0.01438	0.01598	0.01118	0.01118	0.01598	0.01438	0.02077	0.02396	0.03515	0.02237	0.06710	0.65013	0.01438	0.02396	0.00959	0.00479	0.00799
69	0.03476	0.02385	0.02610	0.02001	0.02714	0.02595	0.01653	0.53154	0.04004	0.12765	0.02318	0.02258	0.01607	0.01078	0.00896	0.00270	0.00957	0.00817	0.00921	0.01522
70	0.02085	0.02056	0.03658	0.17841	0.36768	0.02128	0.13394	0.02777	0.05114	0.02821	0.01790	0.02347	0.01427	0.00831	0.00921	0.00281	0.01156	0.00857	0.00460	0.01288
71	0.02427	0.02530	0.03424	0.04889	0.51594	0.14007	0.02553	0.02902	0.02131	0.02784	0.01626	0.02101	0.01367	0.00821	0.00871	0.00259	0.01167	0.00755	0.00446	0.01345
72	0.02112	0.02413	0.05279	0.03771	0.04676	0.02262	0.59729	0.02866	0.02112	0.02866	0.01810	0.02413	0.01357	0.00754	0.01056	0.00302	0.01508	0.01056	0.00452	0.01207
73	0.02098	0.02007	0.03422	0.18956	0.50419	0.02095	0.02688	0.02644	0.01982	0.02782	0.01662	0.02252	0.01367	0.00819	0.00888	0.00273	0.01092	0.00797	0.00433	0.01324
74	0.02098	0.04227	0.52345	0.02457	0.03665	0.02209	0.03002	0.13640	0.02327	0.03364	0.01708	0.01938	0.01207	0.00892	0.00858	0.00281	0.01258	0.00688	0.00476	0.01360
75	0.02112	0.02413	0.05279	0.03771	0.04676	0.02262	0.59729	0.02866	0.02112	0.02866	0.01810	0.02413	0.01357	0.00754	0.01056	0.00302	0.01508	0.01056	0.00452	0.01207
76	0.01254	0.00905	0.01220	0.01413	0.01554	0.00871	0.01109	0.01535	0.01897	0.02478	0.05107	0.36859	0.09222	0.02612	0.01181	0.00382	0.00658	0.28142	0.00827	0.00774
77	0.01794	0.04628	0.63923	0.02550	0.03872	0.02078	0.03305	0.02833	0.01889	0.02833	0.01606	0.01889	0.01133	0.00850	0.00850	0.00283	0.01322	0.00661	0.00378	0.01322
78	0.02366	0.01665	0.01852	0.01581	0.01985	0.01773	0.01203	0.26954	0.06791	0.07113	0.03314	0.15806	0.05669	0.15723	0.01723	0.00417	0.00816	0.01308	0.00818	0.01122
79	0.01090	0.00779	0.01038	0.01246	0.01298	0.00727	0.00830	0.01246	0.01713	0.02284	0.04931	0.67975	0.05917	0.02803	0.01142	0.00363	0.00519	0.02543	0.00830	0.00727
80	0.01107	0.00863	0.00995	0.01088	0.01273	0.00767	0.00780	0.01307	0.01879	0.02350	0.06894	0.31349	0.34260	0.05706	0.01271	0.00360	0.00523	0.05673	0.00816	0.00738

[dist]
# distance from previous block
# <min> <max>
0	6

# created by:
# /home/cegg/simao/soft/augustus-3.2.1/scripts/msa2prfl.pl ./align_prep/14840.fa
