[name]
unknown

[dist]
# distance from previous block
# <min> <max>
0	21

[block]
# block no. 0 follows, 22 sequences, length 89
# corresponding to MSA columns:
# 21-109
name=unknown_A
#
# <colnr> <probs for GDERKNQSTAVLIFYWHMCP>
#	G	D	E	R	K	N	Q	S	T	A	V	L	I	F	Y	W	H	M	C	P
0	0.01902	0.02798	0.22635	0.02401	0.05401	0.09356	0.15623	0.02844	0.12611	0.02675	0.02611	0.03024	0.07383	0.01028	0.00874	0.00271	0.01094	0.03826	0.00521	0.01121
1	0.01711	0.02176	0.16059	0.01926	0.02675	0.01556	0.13755	0.04873	0.07759	0.02771	0.03022	0.03150	0.13342	0.01012	0.00825	0.00234	0.00883	0.00905	0.00547	0.20819
2	0.02066	0.02733	0.19727	0.02468	0.15292	0.16196	0.01907	0.02495	0.01816	0.05737	0.01834	0.02721	0.01648	0.17986	0.01633	0.00382	0.01107	0.00780	0.00455	0.01019
3	0.01993	0.02220	0.04935	0.01675	0.02017	0.22985	0.01315	0.02717	0.15809	0.02500	0.06052	0.22580	0.03236	0.01548	0.00898	0.00280	0.00904	0.04726	0.00661	0.00950
4	0.02054	0.05050	0.01747	0.01488	0.01892	0.21617	0.01143	0.02668	0.13415	0.05521	0.04196	0.08028	0.21738	0.01392	0.00847	0.00251	0.00842	0.01109	0.00661	0.04342
5	0.02002	0.23489	0.11842	0.01599	0.02105	0.16573	0.01462	0.02305	0.01703	0.01994	0.01667	0.02528	0.01598	0.16341	0.09095	0.00465	0.01209	0.00703	0.00413	0.00909
6	0.01694	0.03505	0.47606	0.02144	0.03233	0.01736	0.05457	0.02500	0.01756	0.02651	0.01497	0.01770	0.01106	0.00742	0.00756	0.00230	0.01086	0.00602	0.00389	0.19540
7	0.03165	0.03706	0.02312	0.02074	0.02524	0.60888	0.01567	0.03390	0.02357	0.08408	0.01482	0.01630	0.01168	0.00873	0.00758	0.00218	0.01420	0.00565	0.00488	0.01008
8	0.01198	0.00906	0.01132	0.01242	0.01458	0.00853	0.01034	0.01498	0.01873	0.02355	0.05831	0.08673	0.27500	0.05355	0.01226	0.00363	0.00637	0.35382	0.00755	0.00729
9	0.02088	0.01704	0.01863	0.01559	0.02122	0.01778	0.01228	0.06342	0.40870	0.06025	0.02768	0.02643	0.02090	0.00970	0.00778	0.00234	0.00659	0.00798	0.00751	0.22729
10	0.01714	0.03270	0.41695	0.16625	0.07552	0.01930	0.02675	0.02722	0.08901	0.02624	0.01709	0.02025	0.01250	0.00834	0.00806	0.00267	0.01122	0.00685	0.00415	0.01178
11	0.01790	0.19195	0.52682	0.02157	0.03270	0.02231	0.02703	0.02599	0.01739	0.02481	0.01416	0.01660	0.01055	0.00772	0.00732	0.00244	0.01152	0.00576	0.00352	0.01192
12	0.01666	0.04297	0.66500	0.02368	0.03596	0.01929	0.03069	0.02631	0.01754	0.02631	0.01491	0.01754	0.01052	0.00789	0.00789	0.00263	0.01228	0.00614	0.00351	0.01228
13	0.01979	0.01977	0.03612	0.11990	0.45184	0.01988	0.15875	0.02526	0.01881	0.02635	0.01579	0.02115	0.01280	0.00742	0.00858	0.00258	0.01093	0.00793	0.00408	0.01228
14	0.02170	0.02629	0.27186	0.02678	0.18558	0.01666	0.02216	0.02854	0.04416	0.16780	0.02669	0.02742	0.07782	0.00974	0.00829	0.00260	0.00949	0.00821	0.00578	0.01242
15	0.01133	0.00847	0.01051	0.01000	0.01215	0.00766	0.00750	0.01484	0.02250	0.03090	0.52562	0.06603	0.20611	0.01789	0.00980	0.00266	0.00398	0.01558	0.00883	0.00766
16	0.01012	0.00723	0.00964	0.01157	0.01205	0.00675	0.00771	0.01157	0.01591	0.02121	0.04579	0.70262	0.05495	0.02603	0.01060	0.00337	0.00482	0.02362	0.00771	0.00675
17	0.01362	0.00969	0.01279	0.07841	0.01769	0.00954	0.00972	0.01801	0.05448	0.06629	0.32874	0.19288	0.12055	0.01776	0.00966	0.00282	0.00519	0.01565	0.00818	0.00833
18	0.01883	0.30458	0.42236	0.01998	0.03024	0.02459	0.02426	0.02575	0.01728	0.02367	0.01360	0.01589	0.01058	0.00759	0.00689	0.00230	0.01095	0.00548	0.00353	0.01165
19	0.03727	0.01414	0.01928	0.01478	0.02121	0.01221	0.01221	0.04049	0.02378	0.66198	0.03277	0.02828	0.02056	0.01028	0.00835	0.00257	0.00707	0.00835	0.01028	0.01414
20	0.03017	0.03980	0.06214	0.02154	0.02630	0.63526	0.01693	0.03276	0.02318	0.02069	0.01297	0.01514	0.01069	0.00852	0.00751	0.00217	0.01482	0.00540	0.00423	0.00979
21	0.02066	0.01785	0.01878	0.01691	0.02160	0.02066	0.01315	0.04414	0.64121	0.03475	0.03381	0.03099	0.02536	0.01127	0.00845	0.00282	0.00657	0.00939	0.00845	0.01315
22	0.01758	0.01669	0.02833	0.44138	0.28917	0.01895	0.02401	0.02288	0.01750	0.02352	0.01510	0.02153	0.01188	0.00796	0.00827	0.00265	0.01061	0.00739	0.00385	0.01075
23	0.01788	0.01700	0.02887	0.40168	0.32650	0.01903	0.02416	0.02315	0.01765	0.02388	0.01515	0.02143	0.01201	0.00790	0.00827	0.00263	0.01053	0.00739	0.00388	0.01100
24	0.01666	0.04297	0.66500	0.02368	0.03596	0.01929	0.03069	0.02631	0.01754	0.02631	0.01491	0.01754	0.01052	0.00789	0.00789	0.00263	0.01228	0.00614	0.00351	0.01228
25	0.01443	0.00722	0.01082	0.01082	0.01082	0.00722	0.00722	0.01082	0.01082	0.01443	0.01443	0.02525	0.01443	0.02886	0.03247	0.75830	0.00722	0.00722	0.00361	0.00361
26	0.01666	0.04297	0.66500	0.02368	0.03596	0.01929	0.03069	0.02631	0.01754	0.02631	0.01491	0.01754	0.01052	0.00789	0.00789	0.00263	0.01228	0.00614	0.00351	0.01228
27	0.03158	0.02327	0.02493	0.01911	0.02576	0.02576	0.01579	0.62852	0.03906	0.05236	0.01995	0.01995	0.01413	0.00997	0.00831	0.00249	0.00914	0.00748	0.00831	0.01413
28	0.01967	0.08987	0.02197	0.01718	0.02046	0.12372	0.01386	0.02736	0.17348	0.02400	0.02314	0.02622	0.05130	0.02024	0.12669	0.00453	0.16327	0.00796	0.00535	0.03971
29	0.76672	0.01607	0.01221	0.01092	0.01607	0.01864	0.00900	0.02442	0.01414	0.03727	0.01157	0.01350	0.00900	0.00771	0.00514	0.00257	0.00643	0.00450	0.00514	0.00900
30	0.01961	0.02241	0.04902	0.03501	0.04342	0.02101	0.62605	0.02661	0.01961	0.02661	0.01681	0.02241	0.01261	0.00700	0.00980	0.00280	0.01401	0.00980	0.00420	0.01120
31	0.01443	0.00722	0.01082	0.01082	0.01082	0.00722	0.00722	0.01082	0.01082	0.01443	0.01443	0.02525	0.01443	0.02886	0.03247	0.75830	0.00722	0.00722	0.00361	0.00361
32	0.01212	0.00896	0.01164	0.01318	0.01450	0.00895	0.00990	0.01645	0.07897	0.02362	0.04407	0.45866	0.04993	0.02366	0.01064	0.00345	0.00582	0.19007	0.00777	0.00765
33	0.02056	0.01974	0.03372	0.05099	0.65622	0.01974	0.02550	0.02550	0.01892	0.02714	0.01563	0.02056	0.01316	0.00740	0.00822	0.00247	0.00987	0.00740	0.00411	0.01316
34	0.01569	0.01477	0.02492	0.68808	0.05722	0.01846	0.02307	0.02123	0.01661	0.02123	0.01477	0.02215	0.01107	0.00831	0.00831	0.00277	0.01107	0.00738	0.00369	0.00923
35	0.02027	0.01944	0.03319	0.08932	0.62018	0.01966	0.02535	0.02524	0.01878	0.02678	0.01557	0.02066	0.01303	0.00746	0.00823	0.00249	0.00994	0.00740	0.00409	0.01292
36	0.01692	0.12583	0.52399	0.02149	0.03209	0.02020	0.02667	0.02505	0.01706	0.02478	0.01517	0.01842	0.01150	0.01290	0.07023	0.00353	0.01278	0.00618	0.00360	0.01161
37	0.01208	0.00805	0.00906	0.00906	0.00906	0.00805	0.00503	0.01208	0.01208	0.01611	0.02618	0.05436	0.03020	0.70804	0.04228	0.00805	0.00805	0.01208	0.00503	0.00503
38	0.01012	0.00723	0.00964	0.01157	0.01205	0.00675	0.00771	0.01157	0.01591	0.02121	0.04579	0.70262	0.05495	0.02603	0.01060	0.00337	0.00482	0.02362	0.00771	0.00675
39	0.01012	0.00723	0.00964	0.01157	0.01205	0.00675	0.00771	0.01157	0.01591	0.02121	0.04579	0.70262	0.05495	0.02603	0.01060	0.00337	0.00482	0.02362	0.00771	0.00675
40	0.02056	0.01974	0.03372	0.05099	0.65622	0.01974	0.02550	0.02550	0.01892	0.02714	0.01563	0.02056	0.01316	0.00740	0.00822	0.00247	0.00987	0.00740	0.00411	0.01316
41	0.01339	0.00956	0.01339	0.01530	0.01721	0.00956	0.01339	0.01721	0.01912	0.02486	0.04399	0.09371	0.04781	0.02295	0.01147	0.00382	0.00765	0.60031	0.00765	0.00765
42	0.01012	0.00723	0.00964	0.01157	0.01205	0.00675	0.00771	0.01157	0.01591	0.02121	0.04579	0.70262	0.05495	0.02603	0.01060	0.00337	0.00482	0.02362	0.00771	0.00675
43	0.03055	0.03437	0.02449	0.02258	0.06298	0.47481	0.01654	0.18058	0.02712	0.02869	0.01477	0.01654	0.01170	0.00884	0.00774	0.00225	0.01323	0.00600	0.00527	0.01096
44	0.01187	0.00890	0.01335	0.01335	0.01483	0.01038	0.01038	0.01483	0.01335	0.01928	0.02225	0.03264	0.02077	0.06231	0.67512	0.01335	0.02225	0.00890	0.00445	0.00742
45	0.01788	0.01774	0.02488	0.02141	0.02148	0.02474	0.01781	0.01975	0.01275	0.01996	0.01144	0.01886	0.01137	0.01679	0.05775	0.00409	0.66129	0.00735	0.00367	0.00901
46	0.02056	0.01974	0.03372	0.05099	0.65622	0.01974	0.02550	0.02550	0.01892	0.02714	0.01563	0.02056	0.01316	0.00740	0.00822	0.00247	0.00987	0.00740	0.00411	0.01316
47	0.01807	0.02408	0.17075	0.07406	0.21202	0.01871	0.23230	0.02441	0.01842	0.02583	0.01883	0.08841	0.01643	0.00927	0.00894	0.00273	0.01138	0.00957	0.00435	0.01142
48	0.02829	0.03502	0.02395	0.02149	0.02486	0.53619	0.01650	0.03036	0.02123	0.02026	0.01243	0.01566	0.01074	0.00984	0.01171	0.00246	0.15958	0.00576	0.00414	0.00951
49	0.03103	0.03959	0.02354	0.02140	0.02568	0.67469	0.01605	0.03317	0.02354	0.02033	0.01284	0.01498	0.01070	0.00856	0.00749	0.00214	0.01498	0.00535	0.00428	0.00963
50	0.01007	0.00788	0.00914	0.00998	0.01167	0.00694	0.00704	0.01198	0.01782	0.02252	0.10011	0.36461	0.34454	0.02309	0.01018	0.00305	0.00447	0.02018	0.00780	0.00694
51	0.02036	0.02031	0.03698	0.04758	0.52550	0.02001	0.15361	0.02573	0.01906	0.02703	0.01588	0.02096	0.01304	0.00732	0.00856	0.00254	0.01075	0.00791	0.00413	0.01274
52	0.00989	0.00815	0.00869	0.00912	0.01141	0.00695	0.00662	0.01184	0.01826	0.02217	0.07563	0.21839	0.51991	0.02215	0.00999	0.00293	0.00434	0.01889	0.00771	0.00695
53	0.02417	0.56331	0.03909	0.01581	0.02229	0.17557	0.01462	0.02672	0.01836	0.01972	0.01184	0.01369	0.01067	0.00743	0.00581	0.00186	0.01024	0.00464	0.00372	0.01043
54	0.01176	0.00849	0.01110	0.01045	0.01241	0.00784	0.00784	0.01568	0.02352	0.03331	0.65184	0.06206	0.07839	0.01698	0.00980	0.00261	0.00392	0.01502	0.00914	0.00784
55	0.02103	0.57010	0.17610	0.01623	0.02444	0.02997	0.01773	0.02518	0.01702	0.02099	0.01227	0.01422	0.01063	0.00727	0.00588	0.00196	0.00961	0.00480	0.00354	0.01101
56	0.02056	0.01974	0.03372	0.05099	0.65622	0.01974	0.02550	0.02550	0.01892	0.02714	0.01563	0.02056	0.01316	0.00740	0.00822	0.00247	0.00987	0.00740	0.00411	0.01316
57	0.01208	0.00805	0.00906	0.00906	0.00906	0.00805	0.00503	0.01208	0.01208	0.01611	0.02618	0.05436	0.03020	0.70804	0.04228	0.00805	0.00805	0.01208	0.00503	0.00503
58	0.02849	0.01748	0.01954	0.01545	0.02085	0.01841	0.01260	0.35327	0.03068	0.17147	0.05012	0.02573	0.01962	0.01026	0.00785	0.00239	0.00738	0.00803	0.16785	0.01251
59	0.02034	0.01951	0.03332	0.08001	0.62894	0.01968	0.02539	0.02530	0.01881	0.02687	0.01559	0.02063	0.01306	0.00744	0.00823	0.00248	0.00992	0.00740	0.00409	0.01298
60	0.01339	0.00956	0.01339	0.01530	0.01721	0.00956	0.01339	0.01721	0.01912	0.02486	0.04399	0.09371	0.04781	0.02295	0.01147	0.00382	0.00765	0.60031	0.00765	0.00765
61	0.76672	0.01607	0.01221	0.01092	0.01607	0.01864	0.00900	0.02442	0.01414	0.03727	0.01157	0.01350	0.00900	0.00771	0.00514	0.00257	0.00643	0.00450	0.00514	0.00900
62	0.01818	0.01818	0.02545	0.02181	0.02181	0.02545	0.01818	0.01999	0.01272	0.01999	0.01091	0.01818	0.01091	0.01454	0.02726	0.00364	0.69284	0.00727	0.00364	0.00909
63	0.01277	0.00936	0.01252	0.01410	0.01617	0.00912	0.01216	0.01629	0.01909	0.02444	0.05097	0.09132	0.15303	0.02262	0.01119	0.00365	0.00705	0.49895	0.00766	0.00754
64	0.01193	0.00867	0.01218	0.01218	0.01326	0.00975	0.00892	0.01408	0.01300	0.01842	0.02332	0.03857	0.02335	0.23876	0.50219	0.01190	0.01837	0.00977	0.00461	0.00677
65	0.01188	0.00885	0.01312	0.01312	0.01452	0.01026	0.01009	0.01468	0.01328	0.01911	0.02247	0.03382	0.02128	0.09758	0.64055	0.01306	0.02148	0.00907	0.00448	0.00729
66	0.03103	0.03959	0.02354	0.02140	0.02568	0.67469	0.01605	0.03317	0.02354	0.02033	0.01284	0.01498	0.01070	0.00856	0.00749	0.00214	0.01498	0.00535	0.00428	0.00963
67	0.01263	0.00920	0.01233	0.01347	0.01550	0.00890	0.01139	0.01628	0.02004	0.02639	0.17827	0.08538	0.12379	0.02146	0.01093	0.00345	0.00646	0.40856	0.00798	0.00762
68	0.02056	0.01974	0.03372	0.05099	0.65622	0.01974	0.02550	0.02550	0.01892	0.02714	0.01563	0.02056	0.01316	0.00740	0.00822	0.00247	0.00987	0.00740	0.00411	0.01316
69	0.01188	0.00886	0.01317	0.01317	0.01459	0.01028	0.01015	0.01472	0.01330	0.01915	0.02242	0.03357	0.02117	0.09006	0.64792	0.01312	0.02164	0.00904	0.00448	0.00731
70	0.01012	0.00723	0.00964	0.01157	0.01205	0.00675	0.00771	0.01157	0.01591	0.02121	0.04579	0.70262	0.05495	0.02603	0.01060	0.00337	0.00482	0.02362	0.00771	0.00675
71	0.03049	0.02292	0.02580	0.02228	0.08840	0.02516	0.01675	0.56861	0.03706	0.04985	0.01952	0.02001	0.01403	0.00972	0.00830	0.00249	0.00921	0.00747	0.00789	0.01403
72	0.01549	0.00774	0.00774	0.00774	0.00968	0.00774	0.00581	0.01936	0.01742	0.03097	0.02710	0.03097	0.02129	0.00968	0.00581	0.00194	0.00387	0.00774	0.75416	0.00774
73	0.02299	0.01900	0.02010	0.01738	0.02249	0.02175	0.01371	0.16880	0.51276	0.03851	0.03085	0.02864	0.02296	0.01099	0.00842	0.00275	0.00712	0.00898	0.00842	0.01336
74	0.01187	0.00890	0.01335	0.01335	0.01483	0.01038	0.01038	0.01483	0.01335	0.01928	0.02225	0.03264	0.02077	0.06231	0.67512	0.01335	0.02225	0.00890	0.00445	0.00742
75	0.03143	0.02764	0.02456	0.01973	0.02574	0.19964	0.01586	0.46900	0.03490	0.04378	0.01804	0.01862	0.01321	0.00959	0.00809	0.00240	0.01071	0.00691	0.00723	0.01292
76	0.02649	0.24678	0.10884	0.01799	0.02524	0.06556	0.01688	0.27897	0.05261	0.05949	0.01728	0.01801	0.01308	0.00878	0.00726	0.00228	0.00961	0.00633	0.00604	0.01248
77	0.02015	0.02386	0.10231	0.03309	0.04174	0.02046	0.54528	0.02722	0.01961	0.05552	0.01737	0.02224	0.01278	0.00723	0.00957	0.00278	0.01354	0.00941	0.00442	0.01143
78	0.01105	0.00846	0.01012	0.00970	0.01197	0.00754	0.00728	0.01430	0.02183	0.02932	0.44354	0.06862	0.28917	0.01847	0.00981	0.00268	0.00403	0.01594	0.00862	0.00754
79	0.01517	0.02118	0.22394	0.01726	0.02214	0.01438	0.01743	0.02015	0.01822	0.05036	0.16503	0.15334	0.03711	0.01552	0.01212	0.00301	0.11398	0.06401	0.00614	0.00950
80	0.01883	0.22150	0.35822	0.02361	0.03362	0.02338	0.15856	0.02598	0.01782	0.02453	0.01441	0.01747	0.01102	0.00748	0.00762	0.00244	0.01173	0.00649	0.00367	0.01160
81	0.01680	0.04203	0.63684	0.02420	0.03630	0.01937	0.05791	0.02632	0.01763	0.02632	0.01500	0.01776	0.01062	0.00785	0.00798	0.00264	0.01236	0.00631	0.00354	0.01223
82	0.01183	0.00906	0.01122	0.01229	0.01460	0.00845	0.01030	0.01490	0.01904	0.02381	0.06152	0.08770	0.31190	0.02212	0.01075	0.00338	0.00615	0.34594	0.00768	0.00737
83	0.01928	0.01897	0.02968	0.29798	0.38507	0.05796	0.02399	0.02428	0.01829	0.02443	0.01513	0.02085	0.01220	0.00782	0.00821	0.00257	0.01064	0.00727	0.00396	0.01142
84	0.01552	0.01330	0.02036	0.02788	0.26358	0.01304	0.01680	0.01946	0.01901	0.02531	0.04026	0.06290	0.14369	0.01658	0.00992	0.00311	0.00789	0.26544	0.00629	0.00967
85	0.01187	0.00890	0.01335	0.01335	0.01483	0.01038	0.01038	0.01483	0.01335	0.01928	0.02225	0.03264	0.02077	0.06231	0.67512	0.01335	0.02225	0.00890	0.00445	0.00742
86	0.01619	0.03820	0.56347	0.02315	0.03402	0.01815	0.06361	0.02486	0.01750	0.02582	0.01809	0.08589	0.01506	0.00964	0.00827	0.00271	0.01164	0.00809	0.00397	0.01166
87	0.01977	0.09920	0.24507	0.02465	0.03318	0.01939	0.22841	0.02642	0.01897	0.08521	0.02062	0.02955	0.01698	0.00966	0.00878	0.00275	0.01143	0.08373	0.00492	0.01132
88	0.32662	0.11079	0.08228	0.01560	0.02222	0.02318	0.01424	0.24985	0.02410	0.03959	0.01500	0.01626	0.01127	0.00849	0.00661	0.00245	0.00830	0.00576	0.00597	0.01143

[dist]
# distance from previous block
# <min> <max>
0	4

# created by:
# /home/cegg/simao/soft/augustus-3.2.1/scripts/msa2prfl.pl ./align_prep/14882.fa
