[name]
unknown

[dist]
# distance from previous block
# <min> <max>
0	0

[block]
# block no. 0 follows, 21 sequences, length 9
# corresponding to MSA columns:
# 0-8
name=unknown_A
#
# <colnr> <probs for GDERKNQSTAVLIFYWHMCP>
#	G	D	E	R	K	N	Q	S	T	A	V	L	I	F	Y	W	H	M	C	P
0	0.01371	0.00980	0.01371	0.01567	0.01763	0.00980	0.01371	0.01763	0.01959	0.02547	0.04506	0.09599	0.04898	0.02351	0.01175	0.00392	0.00784	0.59056	0.00784	0.00784
1	0.03127	0.08839	0.02635	0.02040	0.02598	0.36196	0.01618	0.26461	0.02984	0.03372	0.01592	0.01722	0.01235	0.00922	0.00782	0.00230	0.01247	0.00627	0.00596	0.01177
2	0.02502	0.09449	0.02190	0.01565	0.02115	0.05135	0.01282	0.19480	0.15470	0.10348	0.03080	0.03002	0.08330	0.01110	0.00799	0.00245	0.00768	0.00869	0.07348	0.04914
3	0.01884	0.01453	0.01667	0.01556	0.01903	0.01571	0.01222	0.15069	0.19989	0.03442	0.10348	0.19313	0.04022	0.01731	0.00979	0.00309	0.00676	0.10960	0.00840	0.01067
4	0.06349	0.02317	0.02260	0.04964	0.09250	0.16168	0.01559	0.19739	0.05849	0.11713	0.02747	0.02768	0.08436	0.01079	0.00835	0.00255	0.00973	0.00838	0.00698	0.01202
5	0.05979	0.40939	0.14021	0.01770	0.02470	0.11430	0.01772	0.02637	0.01778	0.02224	0.01252	0.01506	0.01084	0.00835	0.00825	0.00223	0.07268	0.00523	0.00382	0.01082
6	0.08426	0.16651	0.02278	0.01415	0.01948	0.01908	0.01193	0.08643	0.10940	0.16287	0.13155	0.03409	0.07974	0.01178	0.00799	0.00251	0.00695	0.00934	0.00771	0.01144
7	0.02080	0.06287	0.23996	0.02223	0.03045	0.01791	0.15450	0.02855	0.05868	0.12700	0.12391	0.02902	0.02538	0.00998	0.00882	0.00269	0.01016	0.00912	0.00612	0.01184
8	0.02739	0.03159	0.08012	0.02413	0.09851	0.34153	0.01795	0.03549	0.15663	0.07432	0.01997	0.02090	0.01532	0.00932	0.00808	0.00246	0.01197	0.00694	0.00571	0.01168

[dist]
# distance from previous block
# <min> <max>
1	4

[block]
# block no. 1 follows, 21 sequences, length 38
# corresponding to MSA columns:
# 13-50
name=unknown_B
#
# <colnr> <probs for GDERKNQSTAVLIFYWHMCP>
#	G	D	E	R	K	N	Q	S	T	A	V	L	I	F	Y	W	H	M	C	P
0	0.15060	0.06314	0.15663	0.01676	0.02341	0.11659	0.01606	0.11013	0.02209	0.07050	0.03013	0.03034	0.13733	0.01124	0.00787	0.00257	0.00933	0.00843	0.00600	0.01082
1	0.02538	0.23185	0.08002	0.02061	0.07455	0.15258	0.01695	0.15500	0.02381	0.02959	0.01497	0.01689	0.01210	0.00817	0.00711	0.00211	0.01039	0.00585	0.00506	0.10700
2	0.01574	0.01379	0.01490	0.01295	0.01724	0.06079	0.00981	0.01881	0.01889	0.02649	0.12450	0.21148	0.03649	0.01445	0.00845	0.00226	0.00634	0.03503	0.00656	0.34505
3	0.02811	0.08529	0.02475	0.04303	0.02568	0.38021	0.01575	0.14848	0.02519	0.02727	0.01582	0.01882	0.01300	0.01600	0.09230	0.00373	0.01446	0.00639	0.00516	0.01057
4	0.02398	0.02747	0.06912	0.03706	0.34596	0.21038	0.02199	0.03093	0.09933	0.02670	0.01751	0.02056	0.01417	0.00847	0.00821	0.00249	0.01137	0.00714	0.00479	0.01236
5	0.11468	0.18471	0.29805	0.01889	0.02765	0.02313	0.02089	0.03031	0.14999	0.02869	0.01823	0.01943	0.01389	0.00863	0.00725	0.00253	0.00976	0.00640	0.00491	0.01196
6	0.01771	0.03161	0.39078	0.02720	0.16642	0.01752	0.02521	0.02535	0.01825	0.02809	0.01791	0.02138	0.01356	0.00834	0.00774	0.00252	0.01033	0.00690	0.15133	0.01186
7	0.17637	0.01142	0.01325	0.05559	0.06530	0.01253	0.01027	0.02064	0.01636	0.02981	0.02163	0.02680	0.01768	0.01990	0.13724	0.00454	0.00921	0.00740	0.33540	0.00867
8	0.01824	0.11498	0.49606	0.02632	0.08847	0.02148	0.06595	0.02673	0.01815	0.02627	0.01507	0.01806	0.01116	0.00789	0.00794	0.00259	0.01208	0.00644	0.00370	0.01240
9	0.01928	0.01801	0.03035	0.10877	0.48958	0.01851	0.02367	0.02415	0.01871	0.02638	0.01877	0.02816	0.01671	0.01334	0.06019	0.00354	0.01104	0.05416	0.00449	0.01217
10	0.01037	0.00741	0.00987	0.01185	0.01234	0.00691	0.00790	0.01185	0.01629	0.02172	0.04690	0.69537	0.05629	0.02666	0.01086	0.00346	0.00494	0.02419	0.00790	0.00691
11	0.01090	0.00865	0.00978	0.00950	0.01201	0.00754	0.00713	0.01384	0.02138	0.02769	0.32147	0.07416	0.40619	0.01980	0.01005	0.00279	0.00419	0.01688	0.00852	0.00754
12	0.02034	0.01956	0.03383	0.04881	0.57531	0.01945	0.05681	0.02528	0.01922	0.02739	0.01802	0.06362	0.01614	0.00876	0.00867	0.00260	0.01001	0.00876	0.00445	0.01296
13	0.02879	0.02040	0.02174	0.01707	0.02284	0.02241	0.01397	0.49005	0.03523	0.04891	0.02201	0.02287	0.01606	0.01015	0.00796	0.00243	0.00820	0.00772	0.16814	0.01306
14	0.02573	0.01790	0.01985	0.01703	0.02238	0.01971	0.01348	0.09017	0.45401	0.17044	0.03328	0.03025	0.02400	0.01122	0.00863	0.00281	0.00705	0.00924	0.00905	0.01377
15	0.02117	0.01828	0.01924	0.01732	0.02213	0.02117	0.01347	0.04522	0.63246	0.03560	0.03464	0.03175	0.02598	0.01155	0.00866	0.00289	0.00673	0.00962	0.00866	0.01347
16	0.01233	0.00844	0.01023	0.01023	0.01056	0.00877	0.00634	0.01298	0.01266	0.01720	0.02595	0.05089	0.02885	0.56343	0.17796	0.00942	0.01139	0.01167	0.00503	0.00568
17	0.01048	0.00854	0.00927	0.00929	0.01180	0.00733	0.00689	0.01295	0.02008	0.02510	0.19358	0.12622	0.48659	0.02113	0.01012	0.00288	0.00430	0.01794	0.00819	0.00733
18	0.03179	0.04056	0.02412	0.02192	0.02631	0.66676	0.01644	0.03398	0.02412	0.02083	0.01315	0.01535	0.01096	0.00877	0.00767	0.00219	0.01535	0.00548	0.00438	0.00987
19	0.30509	0.19146	0.07934	0.01629	0.02241	0.21305	0.01455	0.02793	0.01829	0.02775	0.01252	0.01459	0.01027	0.00802	0.00626	0.00231	0.01028	0.00500	0.00447	0.01011
20	0.02107	0.03193	0.38188	0.02723	0.15373	0.01780	0.02552	0.02836	0.01944	0.13542	0.02310	0.02455	0.05342	0.00927	0.00836	0.00266	0.01064	0.00768	0.00519	0.01274
21	0.02069	0.01984	0.03388	0.09848	0.60446	0.02012	0.02593	0.02580	0.01920	0.02736	0.01594	0.02118	0.01332	0.00765	0.00843	0.00255	0.01020	0.00758	0.00418	0.01318
22	0.01909	0.01360	0.01548	0.01386	0.01779	0.01420	0.01075	0.03146	0.28815	0.11268	0.22166	0.04787	0.12868	0.01456	0.00925	0.00279	0.00565	0.01237	0.00900	0.01111
23	0.01233	0.00844	0.01023	0.01023	0.01056	0.00877	0.00634	0.01298	0.01266	0.01720	0.02595	0.05089	0.02885	0.56343	0.17796	0.00942	0.01139	0.01167	0.00503	0.00568
24	0.01773	0.09107	0.56342	0.02447	0.03634	0.02093	0.07686	0.02687	0.01809	0.02647	0.01517	0.01805	0.01096	0.00795	0.00805	0.00264	0.01246	0.00646	0.00365	0.01237
25	0.01586	0.00793	0.00793	0.00793	0.00991	0.00793	0.00595	0.01983	0.01785	0.03173	0.02776	0.03173	0.02181	0.00991	0.00595	0.00198	0.00397	0.00793	0.74817	0.00793
26	0.03235	0.02384	0.02554	0.01958	0.02639	0.02639	0.01618	0.61946	0.04001	0.05363	0.02043	0.02043	0.01447	0.01022	0.00851	0.00255	0.00936	0.00766	0.00851	0.01447
27	0.03235	0.02384	0.02554	0.01958	0.02639	0.02639	0.01618	0.61946	0.04001	0.05363	0.02043	0.02043	0.01447	0.01022	0.00851	0.00255	0.00936	0.00766	0.00851	0.01447
28	0.48635	0.01505	0.01444	0.05011	0.06730	0.01656	0.01090	0.02302	0.01636	0.05717	0.02793	0.02895	0.13604	0.01072	0.00676	0.00268	0.00669	0.00780	0.00583	0.00936
29	0.01129	0.00897	0.01033	0.01085	0.01339	0.00802	0.00871	0.01410	0.01983	0.02460	0.11857	0.08456	0.42529	0.02179	0.01055	0.00316	0.00532	0.18523	0.00800	0.00744
30	0.26168	0.02046	0.01930	0.01574	0.02168	0.10149	0.01278	0.16012	0.02462	0.25093	0.02134	0.02065	0.01465	0.00942	0.00741	0.00256	0.00853	0.00674	0.00766	0.01224
31	0.02459	0.01868	0.02074	0.01616	0.02276	0.01866	0.01303	0.22378	0.17093	0.07790	0.02265	0.02262	0.01692	0.00909	0.00773	0.00216	0.00747	0.00721	0.00738	0.28954
32	0.01376	0.00912	0.01146	0.01063	0.01305	0.00825	0.00798	0.01722	0.02278	0.07986	0.47266	0.06364	0.16984	0.04840	0.01143	0.00296	0.00451	0.01516	0.00902	0.00826
33	0.02484	0.43293	0.08735	0.01881	0.05261	0.12790	0.01692	0.10313	0.02140	0.02536	0.01360	0.01546	0.01149	0.00796	0.00653	0.00207	0.01041	0.00537	0.00440	0.01146
34	0.13467	0.18091	0.03038	0.02675	0.20637	0.06498	0.01757	0.16004	0.02329	0.05698	0.01591	0.01807	0.01261	0.00834	0.00725	0.00237	0.00941	0.00636	0.00545	0.01229
35	0.01161	0.00987	0.01016	0.00987	0.01294	0.00903	0.00746	0.01669	0.09834	0.02532	0.11505	0.07430	0.52915	0.02000	0.00988	0.00286	0.00460	0.01673	0.00809	0.00804
36	0.02307	0.02548	0.03725	0.04051	0.32272	0.16017	0.21104	0.02818	0.02062	0.02613	0.01577	0.02043	0.01276	0.00771	0.00877	0.00256	0.01258	0.00791	0.00428	0.01207
37	0.02712	0.07125	0.02391	0.02055	0.06317	0.29878	0.01522	0.19245	0.02704	0.03071	0.02731	0.02798	0.11639	0.01111	0.00821	0.00240	0.01114	0.00822	0.00606	0.01100

[dist]
# distance from previous block
# <min> <max>
0	1

[block]
# block no. 2 follows, 21 sequences, length 36
# corresponding to MSA columns:
# 52-87
name=unknown_C
#
# <colnr> <probs for GDERKNQSTAVLIFYWHMCP>
#	G	D	E	R	K	N	Q	S	T	A	V	L	I	F	Y	W	H	M	C	P
0	0.15932	0.02734	0.02286	0.01879	0.02463	0.20849	0.01504	0.34809	0.03101	0.04154	0.01685	0.01782	0.01255	0.00940	0.00771	0.00246	0.01059	0.00650	0.00676	0.01224
1	0.02650	0.21121	0.02898	0.01969	0.06191	0.20254	0.01525	0.19125	0.02542	0.03000	0.01967	0.02262	0.04665	0.05156	0.00965	0.00262	0.01066	0.00704	0.00555	0.01123
2	0.01889	0.22633	0.44895	0.02327	0.06992	0.02365	0.02643	0.02649	0.01787	0.02508	0.01436	0.01696	0.01098	0.00783	0.00738	0.00244	0.01146	0.00588	0.00364	0.01217
3	0.27552	0.01987	0.02108	0.15913	0.02970	0.05027	0.01558	0.22696	0.02406	0.03808	0.01549	0.01834	0.01166	0.00928	0.00855	0.00270	0.05024	0.00649	0.00592	0.01109
4	0.01165	0.00868	0.01083	0.01029	0.01247	0.00786	0.00772	0.01529	0.02315	0.03190	0.53221	0.06723	0.19282	0.01823	0.01004	0.00272	0.00407	0.01590	0.00908	0.00786
5	0.01829	0.18639	0.52517	0.02217	0.03361	0.02275	0.02781	0.02663	0.01782	0.02546	0.01453	0.01704	0.01081	0.00791	0.00752	0.00251	0.01183	0.00591	0.00360	0.01222
6	0.01006	0.00862	0.00862	0.00862	0.01149	0.00718	0.00647	0.01221	0.01940	0.02299	0.08621	0.08190	0.64438	0.02155	0.01006	0.00287	0.00431	0.01796	0.00790	0.00718
7	0.01243	0.00825	0.00962	0.00976	0.01006	0.00834	0.00588	0.01305	0.01311	0.01810	0.02795	0.09787	0.03134	0.55428	0.09317	0.00799	0.00902	0.01266	0.05145	0.00567
8	0.01270	0.00904	0.01237	0.01421	0.01564	0.00890	0.01157	0.01570	0.01823	0.02387	0.04444	0.25986	0.04988	0.06646	0.01347	0.00406	0.00706	0.39743	0.00769	0.00741
9	0.03025	0.16542	0.02887	0.01935	0.02546	0.23824	0.01594	0.30861	0.03026	0.03615	0.01632	0.01741	0.01261	0.00916	0.00763	0.00229	0.01128	0.00632	0.00618	0.01225
10	0.02479	0.02581	0.02542	0.02174	0.02418	0.20959	0.01757	0.12885	0.02091	0.02636	0.01335	0.01800	0.01169	0.01232	0.01874	0.00308	0.37555	0.00692	0.00475	0.01037
11	0.02897	0.03549	0.02283	0.02006	0.02508	0.53602	0.01517	0.03148	0.02283	0.02220	0.01355	0.01581	0.01129	0.00828	0.00740	0.00201	0.01354	0.00539	0.00452	0.15809
12	0.02760	0.03243	0.02686	0.03073	0.21480	0.41392	0.01912	0.03257	0.07581	0.02424	0.01590	0.01852	0.01304	0.00865	0.00799	0.00235	0.01300	0.00648	0.00471	0.01128
13	0.01037	0.00741	0.00987	0.01185	0.01234	0.00691	0.00790	0.01185	0.01629	0.02172	0.04690	0.69537	0.05629	0.02666	0.01086	0.00346	0.00494	0.02419	0.00790	0.00691
14	0.02915	0.02225	0.02374	0.01893	0.02517	0.02489	0.01540	0.45502	0.20967	0.04847	0.02450	0.02367	0.01777	0.01060	0.00856	0.00265	0.00861	0.00822	0.00856	0.01419
15	0.11525	0.47614	0.17218	0.01622	0.02438	0.02883	0.01751	0.02574	0.01708	0.02382	0.01257	0.01460	0.01067	0.00753	0.00600	0.00211	0.00953	0.00493	0.00384	0.01106
16	0.01862	0.01862	0.02607	0.02234	0.02234	0.02607	0.01862	0.02048	0.01303	0.02048	0.01117	0.01862	0.01117	0.01489	0.02793	0.00372	0.68535	0.00745	0.00372	0.00931
17	0.01056	0.00864	0.00932	0.00915	0.01180	0.00740	0.00686	0.01318	0.02058	0.02580	0.22681	0.07727	0.50203	0.02050	0.01005	0.00282	0.00424	0.01731	0.00827	0.00740
18	0.02121	0.02117	0.03178	0.04648	0.54818	0.07576	0.02387	0.02581	0.01979	0.02685	0.02076	0.02490	0.05825	0.00868	0.00848	0.00252	0.01015	0.00814	0.00449	0.01272
19	0.18887	0.02150	0.02190	0.01723	0.02352	0.02388	0.01420	0.46131	0.03349	0.04880	0.02178	0.02200	0.04402	0.01027	0.00789	0.00259	0.00852	0.00750	0.00778	0.01298
20	0.01129	0.00867	0.01033	0.00991	0.01225	0.00771	0.00744	0.01460	0.02231	0.02990	0.43183	0.07053	0.29445	0.01898	0.01004	0.00275	0.00413	0.01637	0.00881	0.00771
21	0.01371	0.00980	0.01371	0.01567	0.01763	0.00980	0.01371	0.01763	0.01959	0.02547	0.04506	0.09599	0.04898	0.02351	0.01175	0.00392	0.00784	0.59056	0.00784	0.00784
22	0.67017	0.01642	0.01323	0.01167	0.01683	0.01885	0.00957	0.06063	0.01663	0.03887	0.05160	0.01732	0.01395	0.00863	0.00576	0.00263	0.00659	0.00546	0.00572	0.00946
23	0.01886	0.01934	0.03011	0.02461	0.02605	0.02531	0.11877	0.02162	0.01421	0.02162	0.01218	0.01934	0.01146	0.01360	0.02493	0.00358	0.57303	0.00788	0.00382	0.00967
24	0.01238	0.00892	0.01184	0.01170	0.01369	0.00838	0.00916	0.01637	0.02319	0.03240	0.52400	0.07004	0.07405	0.01862	0.01038	0.00292	0.00478	0.13012	0.00906	0.00799
25	0.03179	0.04056	0.02412	0.02192	0.02631	0.66676	0.01644	0.03398	0.02412	0.02083	0.01315	0.01535	0.01096	0.00877	0.00767	0.00219	0.01535	0.00548	0.00438	0.00987
26	0.02199	0.58178	0.11235	0.01586	0.02357	0.03120	0.01640	0.02706	0.06124	0.02192	0.01385	0.01543	0.01198	0.00768	0.00599	0.00200	0.00933	0.00511	0.00399	0.01129
27	0.01466	0.01286	0.01647	0.01559	0.01688	0.05347	0.01219	0.01719	0.01409	0.01973	0.02018	0.03096	0.01932	0.09614	0.45506	0.01061	0.15347	0.00880	0.00442	0.00790
28	0.01238	0.00825	0.00928	0.00928	0.00928	0.00825	0.00516	0.01238	0.01238	0.01650	0.02681	0.05569	0.03094	0.70092	0.04331	0.00825	0.00825	0.01238	0.00516	0.00516
29	0.02117	0.01828	0.01924	0.01732	0.02213	0.02117	0.01347	0.04522	0.63246	0.03560	0.03464	0.03175	0.02598	0.01155	0.00866	0.00289	0.00673	0.00962	0.00866	0.01347
30	0.02106	0.02022	0.03454	0.05223	0.64784	0.02022	0.02612	0.02612	0.01938	0.02780	0.01601	0.02106	0.01348	0.00758	0.00842	0.00253	0.01011	0.00758	0.00421	0.01348
31	0.02083	0.01980	0.03277	0.07985	0.56443	0.02024	0.02489	0.02757	0.07281	0.02819	0.01759	0.02208	0.01447	0.00797	0.00845	0.00257	0.00988	0.00776	0.00458	0.01328
32	0.01028	0.00863	0.00893	0.00886	0.01163	0.00728	0.00664	0.01265	0.01993	0.02425	0.14951	0.07982	0.58029	0.02108	0.01006	0.00285	0.00428	0.01767	0.00807	0.00728
33	0.02658	0.03342	0.08319	0.03322	0.25469	0.37364	0.02129	0.03049	0.02184	0.02391	0.01438	0.01767	0.01187	0.00828	0.00798	0.00236	0.01319	0.00632	0.00425	0.01143
34	0.01848	0.20880	0.50444	0.02184	0.03310	0.02323	0.02724	0.02659	0.01780	0.02523	0.01442	0.01689	0.01082	0.00788	0.00743	0.00248	0.01171	0.00586	0.00361	0.01216
35	0.02013	0.03764	0.39382	0.02585	0.07743	0.14825	0.07769	0.02742	0.01957	0.02558	0.01939	0.02199	0.04975	0.00893	0.00832	0.00261	0.01261	0.00726	0.00412	0.01168

[dist]
# distance from previous block
# <min> <max>
0	8

# created by:
# /home/cegg/simao/soft/augustus-3.2.1/scripts/msa2prfl.pl ./align_prep/14887.fa
