[name]
unknown

[dist]
# distance from previous block
# <min> <max>
0	0

[block]
# block no. 0 follows, 22 sequences, length 13
# corresponding to MSA columns:
# 0-12
name=unknown_A
#
# <colnr> <probs for GDERKNQSTAVLIFYWHMCP>
#	G	D	E	R	K	N	Q	S	T	A	V	L	I	F	Y	W	H	M	C	P
0	0.01339	0.00956	0.01339	0.01530	0.01721	0.00956	0.01339	0.01721	0.01912	0.02486	0.04399	0.09371	0.04781	0.02295	0.01147	0.00382	0.00765	0.60031	0.00765	0.00765
1	0.02955	0.02207	0.02384	0.01815	0.02490	0.02369	0.01495	0.54269	0.03597	0.04878	0.01921	0.01956	0.01387	0.00943	0.00801	0.00231	0.00872	0.00712	0.00783	0.11933
2	0.02056	0.01974	0.03372	0.05099	0.65622	0.01974	0.02550	0.02550	0.01892	0.02714	0.01563	0.02056	0.01316	0.00740	0.00822	0.00247	0.00987	0.00740	0.00411	0.01316
3	0.02056	0.01974	0.03372	0.05099	0.65622	0.01974	0.02550	0.02550	0.01892	0.02714	0.01563	0.02056	0.01316	0.00740	0.00822	0.00247	0.00987	0.00740	0.00411	0.01316
4	0.02056	0.01974	0.03372	0.05099	0.65622	0.01974	0.02550	0.02550	0.01892	0.02714	0.01563	0.02056	0.01316	0.00740	0.00822	0.00247	0.00987	0.00740	0.00411	0.01316
5	0.02013	0.01930	0.03294	0.10766	0.60294	0.01962	0.02528	0.02512	0.01871	0.02661	0.01555	0.02070	0.01297	0.00748	0.00823	0.00249	0.00998	0.00740	0.00407	0.01281
6	0.03029	0.10173	0.02581	0.02018	0.02527	0.46582	0.01581	0.16644	0.02639	0.02747	0.01431	0.01594	0.01147	0.00874	0.00746	0.00218	0.01307	0.00574	0.00512	0.01074
7	0.03217	0.02002	0.02264	0.01761	0.02400	0.02123	0.01446	0.39566	0.09490	0.23126	0.02514	0.02352	0.01716	0.01019	0.00834	0.00255	0.00827	0.00793	0.00891	0.01403
8	0.02161	0.02173	0.03270	0.04802	0.59300	0.08540	0.02455	0.02627	0.01938	0.02646	0.01535	0.02000	0.01291	0.00752	0.00815	0.00243	0.01038	0.00720	0.00413	0.01281
9	0.02259	0.02506	0.02706	0.26105	0.22515	0.25165	0.02131	0.02674	0.01976	0.02268	0.01434	0.01913	0.01157	0.00813	0.00799	0.00246	0.01210	0.00667	0.00403	0.01055
10	0.02131	0.02117	0.03299	0.04886	0.61083	0.06689	0.02482	0.02605	0.01925	0.02665	0.01543	0.02016	0.01298	0.00749	0.00817	0.00244	0.01024	0.00725	0.00412	0.01291
11	0.03103	0.03959	0.02354	0.02140	0.02568	0.67469	0.01605	0.03317	0.02354	0.02033	0.01284	0.01498	0.01070	0.00856	0.00749	0.00214	0.01498	0.00535	0.00428	0.00963
12	0.34481	0.01209	0.01126	0.01032	0.01413	0.01258	0.00815	0.01973	0.01814	0.06357	0.18255	0.04392	0.20325	0.01368	0.00768	0.00265	0.00526	0.01075	0.00705	0.00844

[dist]
# distance from previous block
# <min> <max>
0	2

[block]
# block no. 1 follows, 22 sequences, length 46
# corresponding to MSA columns:
# 15-60
name=unknown_B
#
# <colnr> <probs for GDERKNQSTAVLIFYWHMCP>
#	G	D	E	R	K	N	Q	S	T	A	V	L	I	F	Y	W	H	M	C	P
0	0.02153	0.02073	0.02099	0.01753	0.02227	0.14742	0.07597	0.15366	0.12407	0.03150	0.07980	0.03929	0.18391	0.01292	0.00881	0.00260	0.00877	0.01070	0.00701	0.01051
1	0.01749	0.01629	0.02739	0.03641	0.39841	0.01591	0.06698	0.02213	0.02016	0.02837	0.18419	0.03542	0.07328	0.01076	0.00886	0.00255	0.00828	0.01024	0.00566	0.01122
2	0.01188	0.00886	0.01315	0.01315	0.01456	0.01027	0.01013	0.01470	0.01329	0.01913	0.02244	0.03368	0.02122	0.09327	0.64478	0.01310	0.02157	0.00905	0.00448	0.00730
3	0.01722	0.01239	0.01412	0.01271	0.01498	0.01315	0.00913	0.18710	0.02072	0.02773	0.02941	0.12200	0.06084	0.31113	0.10491	0.00628	0.00951	0.01208	0.00636	0.00822
4	0.02498	0.17524	0.02839	0.02001	0.02350	0.32758	0.01635	0.02713	0.01861	0.02005	0.01194	0.01567	0.01076	0.01020	0.01346	0.00255	0.23419	0.00578	0.00392	0.00967
5	0.01723	0.01477	0.01723	0.01230	0.01969	0.01107	0.00984	0.02092	0.01723	0.02707	0.01477	0.01723	0.01230	0.00615	0.00615	0.00123	0.00615	0.00492	0.00492	0.75883
6	0.02056	0.01974	0.03372	0.05099	0.65622	0.01974	0.02550	0.02550	0.01892	0.02714	0.01563	0.02056	0.01316	0.00740	0.00822	0.00247	0.00987	0.00740	0.00411	0.01316
7	0.01036	0.00889	0.00893	0.00884	0.01174	0.00769	0.00665	0.01353	0.04992	0.02305	0.08165	0.07751	0.62161	0.02055	0.00975	0.00281	0.00433	0.01713	0.00775	0.00732
8	0.01551	0.01129	0.01275	0.01173	0.01484	0.01126	0.00886	0.02354	0.18029	0.07858	0.22269	0.05614	0.22870	0.07232	0.01198	0.00316	0.00527	0.01356	0.00829	0.00923
9	0.02421	0.01961	0.02078	0.01762	0.02296	0.02232	0.01401	0.23424	0.44534	0.04048	0.02930	0.02740	0.02171	0.01085	0.00841	0.00271	0.00741	0.00877	0.00841	0.01347
10	0.07318	0.01355	0.01522	0.01313	0.01782	0.01348	0.01040	0.03145	0.20261	0.23373	0.04787	0.04439	0.22091	0.01380	0.00863	0.00272	0.00598	0.01130	0.00859	0.01125
11	0.00997	0.00842	0.00863	0.00858	0.01131	0.00708	0.00643	0.01222	0.01930	0.02330	0.12890	0.07854	0.60757	0.02072	0.00982	0.00279	0.00419	0.01734	0.00783	0.00708
12	0.01012	0.00723	0.00964	0.01157	0.01205	0.00675	0.00771	0.01157	0.01591	0.02121	0.04579	0.70262	0.05495	0.02603	0.01060	0.00337	0.00482	0.02362	0.00771	0.00675
13	0.01012	0.00723	0.00964	0.01157	0.01205	0.00675	0.00771	0.01157	0.01591	0.02121	0.04579	0.70262	0.05495	0.02603	0.01060	0.00337	0.00482	0.02362	0.00771	0.00675
14	0.01412	0.00766	0.00823	0.00864	0.01014	0.00755	0.00616	0.01721	0.01674	0.02790	0.03099	0.17479	0.02902	0.06048	0.00930	0.00266	0.00436	0.01140	0.54531	0.00735
15	0.03158	0.02327	0.02493	0.01911	0.02576	0.02576	0.01579	0.62852	0.03906	0.05236	0.01995	0.01995	0.01413	0.00997	0.00831	0.00249	0.00914	0.00748	0.00831	0.01413
16	0.01549	0.00774	0.00774	0.00774	0.00968	0.00774	0.00581	0.01936	0.01742	0.03097	0.02710	0.03097	0.02129	0.00968	0.00581	0.00194	0.00387	0.00774	0.75416	0.00774
17	0.01187	0.00890	0.01335	0.01335	0.01483	0.01038	0.01038	0.01483	0.01335	0.01928	0.02225	0.03264	0.02077	0.06231	0.67512	0.01335	0.02225	0.00890	0.00445	0.00742
18	0.01234	0.00847	0.00964	0.00940	0.00992	0.00820	0.00548	0.01266	0.01261	0.01709	0.02632	0.08205	0.03014	0.62868	0.03836	0.00737	0.00777	0.01213	0.00515	0.05621
19	0.01241	0.00782	0.00890	0.00928	0.00979	0.00773	0.00573	0.01352	0.01397	0.02027	0.03027	0.17829	0.03323	0.42456	0.02826	0.00583	0.00653	0.01346	0.16420	0.00595
20	0.01236	0.00963	0.01430	0.01402	0.01538	0.01157	0.01100	0.01524	0.01330	0.01934	0.02136	0.03150	0.01999	0.05854	0.62406	0.01259	0.07511	0.00877	0.00439	0.00755
21	0.08662	0.02524	0.02460	0.06605	0.02641	0.22094	0.04141	0.12209	0.02088	0.02707	0.01349	0.01754	0.01128	0.01070	0.01440	0.00282	0.24697	0.00660	0.00473	0.01015
22	0.01306	0.01106	0.01160	0.01101	0.01425	0.01092	0.00839	0.02134	0.19366	0.02702	0.12916	0.06438	0.41734	0.01788	0.00943	0.00279	0.00484	0.01499	0.00807	0.00882
23	0.01208	0.00805	0.00906	0.00906	0.00906	0.00805	0.00503	0.01208	0.01208	0.01611	0.02618	0.05436	0.03020	0.70804	0.04228	0.00805	0.00805	0.01208	0.00503	0.00503
24	0.76672	0.01607	0.01221	0.01092	0.01607	0.01864	0.00900	0.02442	0.01414	0.03727	0.01157	0.01350	0.00900	0.00771	0.00514	0.00257	0.00643	0.00450	0.00514	0.00900
25	0.01589	0.01188	0.01385	0.01218	0.01534	0.01190	0.00945	0.14171	0.05075	0.03567	0.41450	0.05482	0.14737	0.01591	0.00944	0.00262	0.00514	0.01362	0.00874	0.00922
26	0.01716	0.00969	0.01284	0.01137	0.01427	0.00876	0.00876	0.02093	0.02357	0.16644	0.52074	0.05490	0.06614	0.01556	0.00949	0.00260	0.00459	0.01361	0.00939	0.00917
27	0.01187	0.00890	0.01335	0.01335	0.01483	0.01038	0.01038	0.01483	0.01335	0.01928	0.02225	0.03264	0.02077	0.06231	0.67512	0.01335	0.02225	0.00890	0.00445	0.00742
28	0.01047	0.00844	0.00932	0.00910	0.01162	0.00729	0.00683	0.01319	0.02048	0.02610	0.27508	0.07393	0.45964	0.01968	0.00981	0.00274	0.00411	0.01669	0.00820	0.00729
29	0.00982	0.00842	0.00842	0.00842	0.01122	0.00701	0.00631	0.01192	0.01894	0.02244	0.08416	0.07995	0.65285	0.02104	0.00982	0.00281	0.00421	0.01753	0.00771	0.00701
30	0.01005	0.00812	0.00894	0.00939	0.01153	0.00701	0.00679	0.01213	0.01852	0.02298	0.11902	0.23888	0.45361	0.02200	0.01002	0.00294	0.00434	0.01890	0.00783	0.00701
31	0.01147	0.00848	0.01071	0.01015	0.01223	0.00772	0.00761	0.01512	0.02284	0.03170	0.56775	0.06471	0.16348	0.01758	0.00980	0.00264	0.00396	0.01540	0.00893	0.00772
32	0.01012	0.00723	0.00964	0.01157	0.01205	0.00675	0.00771	0.01157	0.01591	0.02121	0.04579	0.70262	0.05495	0.02603	0.01060	0.00337	0.00482	0.02362	0.00771	0.00675
33	0.00982	0.00842	0.00842	0.00842	0.01122	0.00701	0.00631	0.01192	0.01894	0.02244	0.08416	0.07995	0.65285	0.02104	0.00982	0.00281	0.00421	0.01753	0.00771	0.00701
34	0.02653	0.01264	0.01611	0.01378	0.01835	0.01173	0.01082	0.03210	0.10828	0.37614	0.04067	0.17648	0.08994	0.01480	0.00899	0.00280	0.00625	0.01262	0.00923	0.01174
35	0.01150	0.00967	0.00981	0.00941	0.01251	0.00869	0.00716	0.04482	0.05328	0.02461	0.07822	0.07429	0.58696	0.01996	0.00967	0.00279	0.00458	0.01659	0.00778	0.00770
36	0.00982	0.00842	0.00842	0.00842	0.01122	0.00701	0.00631	0.01192	0.01894	0.02244	0.08416	0.07995	0.65285	0.02104	0.00982	0.00281	0.00421	0.01753	0.00771	0.00701
37	0.01208	0.00805	0.00906	0.00906	0.00906	0.00805	0.00503	0.01208	0.01208	0.01611	0.02618	0.05436	0.03020	0.70804	0.04228	0.00805	0.00805	0.01208	0.00503	0.00503
38	0.01023	0.00743	0.00966	0.01121	0.01201	0.00686	0.00760	0.01193	0.01678	0.02229	0.09822	0.59839	0.10699	0.02487	0.01047	0.00326	0.00470	0.02241	0.00783	0.00686
39	0.03103	0.03959	0.02354	0.02140	0.02568	0.67469	0.01605	0.03317	0.02354	0.02033	0.01284	0.01498	0.01070	0.00856	0.00749	0.00214	0.01498	0.00535	0.00428	0.00963
40	0.01012	0.00723	0.00964	0.01157	0.01205	0.00675	0.00771	0.01157	0.01591	0.02121	0.04579	0.70262	0.05495	0.02603	0.01060	0.00337	0.00482	0.02362	0.00771	0.00675
41	0.09837	0.47771	0.19124	0.01617	0.02433	0.02809	0.01767	0.02518	0.01675	0.02303	0.01237	0.01437	0.01045	0.00736	0.00593	0.00207	0.00945	0.00486	0.00371	0.01088
42	0.02181	0.02313	0.02230	0.01971	0.02184	0.21899	0.01571	0.07087	0.01821	0.02250	0.01458	0.02037	0.01316	0.02236	0.15525	0.00512	0.29339	0.00705	0.00437	0.00930
43	0.02750	0.02821	0.02330	0.04908	0.05743	0.29376	0.01605	0.18427	0.17625	0.03223	0.01991	0.02068	0.01524	0.00950	0.00800	0.00244	0.01107	0.00705	0.00627	0.01177
44	0.02808	0.03109	0.02673	0.02962	0.20892	0.37552	0.01875	0.13081	0.02480	0.02768	0.01484	0.01744	0.01199	0.00846	0.00784	0.00229	0.01252	0.00630	0.00491	0.01141
45	0.02420	0.52378	0.03773	0.01602	0.02235	0.18228	0.01459	0.02770	0.04709	0.02043	0.01287	0.01452	0.01134	0.00764	0.00598	0.00191	0.01020	0.00488	0.00395	0.01053

[dist]
# distance from previous block
# <min> <max>
0	9

[block]
# block no. 2 follows, 22 sequences, length 35
# corresponding to MSA columns:
# 70-104
name=unknown_C
#
# <colnr> <probs for GDERKNQSTAVLIFYWHMCP>
#	G	D	E	R	K	N	Q	S	T	A	V	L	I	F	Y	W	H	M	C	P
0	0.02854	0.03088	0.02986	0.02390	0.02982	0.33500	0.15763	0.20403	0.02712	0.03106	0.01582	0.01814	0.01214	0.00861	0.00827	0.00240	0.01306	0.00700	0.00543	0.01130
1	0.10054	0.01938	0.02053	0.01637	0.02234	0.05275	0.01330	0.26519	0.08937	0.18446	0.02276	0.02241	0.01619	0.01185	0.03717	0.00290	0.00876	0.00731	0.00780	0.07862
2	0.01038	0.00844	0.00920	0.00901	0.01157	0.00725	0.00676	0.01302	0.02027	0.02561	0.24949	0.07474	0.48554	0.01986	0.00981	0.00275	0.00412	0.01680	0.00813	0.00725
3	0.03158	0.02327	0.02493	0.01911	0.02576	0.02576	0.01579	0.62852	0.03906	0.05236	0.01995	0.01995	0.01413	0.00997	0.00831	0.00249	0.00914	0.00748	0.00831	0.01413
4	0.03727	0.01414	0.01928	0.01478	0.02121	0.01221	0.01221	0.04049	0.02378	0.66198	0.03277	0.02828	0.02056	0.01028	0.00835	0.00257	0.00707	0.00835	0.01028	0.01414
5	0.01187	0.00890	0.01335	0.01335	0.01483	0.01038	0.01038	0.01483	0.01335	0.01928	0.02225	0.03264	0.02077	0.06231	0.67512	0.01335	0.02225	0.00890	0.00445	0.00742
6	0.03158	0.02327	0.02493	0.01911	0.02576	0.02576	0.01579	0.62852	0.03906	0.05236	0.01995	0.01995	0.01413	0.00997	0.00831	0.00249	0.00914	0.00748	0.00831	0.01413
7	0.01011	0.00843	0.00882	0.00872	0.01140	0.00714	0.00654	0.01249	0.01962	0.02408	0.16948	0.07726	0.56651	0.02043	0.00982	0.00278	0.00416	0.01716	0.00793	0.00714
8	0.01208	0.00805	0.00906	0.00906	0.00906	0.00805	0.00503	0.01208	0.01208	0.01611	0.02618	0.05436	0.03020	0.70804	0.04228	0.00805	0.00805	0.01208	0.00503	0.00503
9	0.03103	0.03959	0.02354	0.02140	0.02568	0.67469	0.01605	0.03317	0.02354	0.02033	0.01284	0.01498	0.01070	0.00856	0.00749	0.00214	0.01498	0.00535	0.00428	0.00963
10	0.02056	0.01974	0.03372	0.05099	0.65622	0.01974	0.02550	0.02550	0.01892	0.02714	0.01563	0.02056	0.01316	0.00740	0.00822	0.00247	0.00987	0.00740	0.00411	0.01316
11	0.59383	0.17792	0.01948	0.01169	0.01729	0.02194	0.01021	0.02453	0.01477	0.03316	0.01156	0.01346	0.00938	0.00757	0.00519	0.00239	0.00700	0.00449	0.00477	0.00938
12	0.01895	0.01810	0.03081	0.26140	0.45839	0.01932	0.02469	0.02409	0.01815	0.02519	0.01534	0.02109	0.01247	0.00770	0.00825	0.00257	0.01027	0.00740	0.00397	0.01186
13	0.01823	0.01736	0.02950	0.35616	0.36930	0.01912	0.02433	0.02345	0.01781	0.02431	0.01521	0.02132	0.01216	0.00783	0.00826	0.00261	0.01045	0.00739	0.00391	0.01128
14	0.01187	0.00890	0.01335	0.01335	0.01483	0.01038	0.01038	0.01483	0.01335	0.01928	0.02225	0.03264	0.02077	0.06231	0.67512	0.01335	0.02225	0.00890	0.00445	0.00742
15	0.01011	0.00729	0.00957	0.01140	0.01200	0.00676	0.00764	0.01159	0.01607	0.02127	0.04786	0.66898	0.08725	0.02576	0.01056	0.00334	0.00479	0.02329	0.00771	0.00676
16	0.01019	0.00843	0.00893	0.00880	0.01145	0.00717	0.00660	0.01264	0.01981	0.02452	0.19245	0.07654	0.54326	0.02027	0.00981	0.00277	0.00415	0.01705	0.00799	0.00717
17	0.76672	0.01607	0.01221	0.01092	0.01607	0.01864	0.00900	0.02442	0.01414	0.03727	0.01157	0.01350	0.00900	0.00771	0.00514	0.00257	0.00643	0.00450	0.00514	0.00900
18	0.02221	0.71304	0.04353	0.01421	0.02132	0.03287	0.01421	0.02488	0.01688	0.01955	0.01155	0.01333	0.01066	0.00711	0.00533	0.00178	0.00888	0.00444	0.00355	0.01066
19	0.01012	0.00723	0.00964	0.01157	0.01205	0.00675	0.00771	0.01157	0.01591	0.02121	0.04579	0.70262	0.05495	0.02603	0.01060	0.00337	0.00482	0.02362	0.00771	0.00675
20	0.01569	0.01477	0.02492	0.68808	0.05722	0.01846	0.02307	0.02123	0.01661	0.02123	0.01477	0.02215	0.01107	0.00831	0.00831	0.00277	0.01107	0.00738	0.00369	0.00923
21	0.01339	0.00956	0.01339	0.01530	0.01721	0.00956	0.01339	0.01721	0.01912	0.02486	0.04399	0.09371	0.04781	0.02295	0.01147	0.00382	0.00765	0.60031	0.00765	0.00765
22	0.03103	0.03959	0.02354	0.02140	0.02568	0.67469	0.01605	0.03317	0.02354	0.02033	0.01284	0.01498	0.01070	0.00856	0.00749	0.00214	0.01498	0.00535	0.00428	0.00963
23	0.01961	0.02241	0.04902	0.03501	0.04342	0.02101	0.62605	0.02661	0.01961	0.02661	0.01681	0.02241	0.01261	0.00700	0.00980	0.00280	0.01401	0.00980	0.00420	0.01120
24	0.00982	0.00842	0.00842	0.00842	0.01122	0.00701	0.00631	0.01192	0.01894	0.02244	0.08416	0.07995	0.65285	0.02104	0.00982	0.00281	0.00421	0.01753	0.00771	0.00701
25	0.01666	0.04297	0.66500	0.02368	0.03596	0.01929	0.03069	0.02631	0.01754	0.02631	0.01491	0.01754	0.01052	0.00789	0.00789	0.00263	0.01228	0.00614	0.00351	0.01228
26	0.02601	0.02728	0.02236	0.02214	0.08647	0.30390	0.01559	0.03734	0.27951	0.06006	0.02285	0.02287	0.01754	0.00966	0.00801	0.00248	0.01058	0.00739	0.00631	0.01167
27	0.01666	0.04297	0.66500	0.02368	0.03596	0.01929	0.03069	0.02631	0.01754	0.02631	0.01491	0.01754	0.01052	0.00789	0.00789	0.00263	0.01228	0.00614	0.00351	0.01228
28	0.01040	0.00735	0.00956	0.01121	0.01162	0.00694	0.00733	0.01164	0.01535	0.02047	0.04296	0.60919	0.05138	0.12433	0.01517	0.00405	0.00529	0.02195	0.00733	0.00650
29	0.01569	0.01477	0.02492	0.68808	0.05722	0.01846	0.02307	0.02123	0.01661	0.02123	0.01477	0.02215	0.01107	0.00831	0.00831	0.00277	0.01107	0.00738	0.00369	0.00923
30	0.02805	0.03462	0.02398	0.02150	0.02478	0.52392	0.01654	0.03011	0.02103	0.02025	0.01239	0.01572	0.01075	0.00995	0.01208	0.00249	0.17240	0.00580	0.00413	0.00950
31	0.01924	0.01665	0.02161	0.29854	0.03653	0.01964	0.01733	0.09131	0.29017	0.03076	0.05344	0.02764	0.02073	0.01017	0.00844	0.00276	0.00859	0.00862	0.00647	0.01135
32	0.02008	0.01922	0.02961	0.04281	0.50350	0.05208	0.02272	0.02555	0.04730	0.02681	0.02037	0.03123	0.01855	0.00986	0.00866	0.00266	0.00967	0.09234	0.00482	0.01219
33	0.01595	0.00976	0.01240	0.01129	0.01333	0.00948	0.00794	0.01767	0.01504	0.10708	0.05522	0.04222	0.02716	0.35173	0.18993	0.00771	0.01107	0.01024	0.00579	0.07900
34	0.02139	0.02128	0.03090	0.03893	0.39337	0.07651	0.08175	0.03060	0.16390	0.02827	0.01973	0.02269	0.01573	0.00836	0.00837	0.00255	0.00996	0.00793	0.00514	0.01266

[dist]
# distance from previous block
# <min> <max>
0	1

[block]
# block no. 3 follows, 22 sequences, length 52
# corresponding to MSA columns:
# 106-157
name=unknown_D
#
# <colnr> <probs for GDERKNQSTAVLIFYWHMCP>
#	G	D	E	R	K	N	Q	S	T	A	V	L	I	F	Y	W	H	M	C	P
0	0.02325	0.38323	0.06698	0.01678	0.02259	0.22330	0.01516	0.02617	0.01848	0.02011	0.01349	0.01653	0.01196	0.01466	0.09196	0.00342	0.01262	0.00538	0.00389	0.01002
1	0.02204	0.61217	0.10754	0.01553	0.02305	0.06088	0.01602	0.02541	0.01725	0.02029	0.01196	0.01384	0.01065	0.00726	0.00570	0.00188	0.00952	0.00466	0.00358	0.01078
2	0.02942	0.18252	0.02923	0.01798	0.02474	0.02740	0.01543	0.48916	0.03394	0.04478	0.01801	0.01842	0.01333	0.00931	0.00762	0.00233	0.00908	0.00678	0.00721	0.01333
3	0.02327	0.42003	0.16330	0.01723	0.02527	0.02852	0.01787	0.16452	0.02213	0.02847	0.01416	0.01570	0.01143	0.00793	0.00653	0.00211	0.00962	0.00548	0.00464	0.01178
4	0.02192	0.67817	0.07588	0.01471	0.02208	0.03216	0.01507	0.02495	0.01691	0.01990	0.01172	0.01355	0.01065	0.00715	0.00546	0.00182	0.00906	0.00453	0.00355	0.01075
5	0.03103	0.03959	0.02354	0.02140	0.02568	0.67469	0.01605	0.03317	0.02354	0.02033	0.01284	0.01498	0.01070	0.00856	0.00749	0.00214	0.01498	0.00535	0.00428	0.00963
6	0.01173	0.00811	0.00896	0.00896	0.00940	0.00789	0.00523	0.01206	0.01315	0.01710	0.03525	0.05837	0.12765	0.60052	0.03720	0.00723	0.00745	0.01293	0.00545	0.00534
7	0.01054	0.00763	0.00996	0.01110	0.01210	0.00705	0.00767	0.01268	0.01809	0.02450	0.20920	0.49866	0.09328	0.02335	0.01035	0.00314	0.00455	0.02100	0.00809	0.00705
8	0.01569	0.01477	0.02492	0.68808	0.05722	0.01846	0.02307	0.02123	0.01661	0.02123	0.01477	0.02215	0.01107	0.00831	0.00831	0.00277	0.01107	0.00738	0.00369	0.00923
9	0.01191	0.00873	0.01250	0.01250	0.01369	0.00992	0.00933	0.01429	0.01310	0.01866	0.02303	0.03693	0.02263	0.18987	0.55010	0.01230	0.01945	0.00953	0.00457	0.00695
10	0.02224	0.61609	0.06684	0.01535	0.02217	0.06535	0.01518	0.02512	0.01705	0.01988	0.01172	0.01383	0.01067	0.00759	0.00664	0.00192	0.04346	0.00470	0.00359	0.01059
11	0.02221	0.71304	0.04353	0.01421	0.02132	0.03287	0.01421	0.02488	0.01688	0.01955	0.01155	0.01333	0.01066	0.00711	0.00533	0.00178	0.00888	0.00444	0.00355	0.01066
12	0.00995	0.00842	0.00859	0.00855	0.01130	0.00707	0.00641	0.01217	0.01924	0.02317	0.12199	0.07876	0.61456	0.02077	0.00982	0.00279	0.00419	0.01737	0.00781	0.00707
13	0.02359	0.40221	0.04031	0.02063	0.02740	0.17441	0.15588	0.02714	0.01901	0.02135	0.01305	0.01580	0.01112	0.00741	0.00685	0.00209	0.01144	0.00588	0.00387	0.01055
14	0.01925	0.01840	0.03134	0.22297	0.49453	0.01939	0.02484	0.02434	0.01829	0.02554	0.01539	0.02099	0.01260	0.00765	0.00825	0.00255	0.01019	0.00740	0.00400	0.01210
15	0.03018	0.03817	0.02367	0.02143	0.02542	0.63142	0.01619	0.03229	0.02282	0.02031	0.01271	0.01519	0.01071	0.00896	0.00881	0.00224	0.06016	0.00548	0.00424	0.00959
16	0.01998	0.01957	0.03130	0.19001	0.49475	0.05006	0.02452	0.02491	0.01862	0.02552	0.01531	0.02065	0.01258	0.00766	0.00821	0.00252	0.01037	0.00730	0.00403	0.01213
17	0.01139	0.00825	0.00950	0.00988	0.01098	0.00779	0.00668	0.01269	0.01559	0.02004	0.07289	0.13358	0.20564	0.34702	0.02546	0.00545	0.00645	0.07808	0.00650	0.00615
18	0.01252	0.00985	0.01459	0.01422	0.01555	0.01193	0.01118	0.01536	0.01329	0.01936	0.02109	0.03115	0.01976	0.05740	0.60858	0.01235	0.09112	0.00873	0.00437	0.00759
19	0.01055	0.00844	0.00943	0.00919	0.01167	0.00733	0.00689	0.01334	0.02067	0.02656	0.29904	0.07318	0.43540	0.01950	0.00981	0.00273	0.00410	0.01658	0.00826	0.00733
20	0.02056	0.01974	0.03372	0.05099	0.65622	0.01974	0.02550	0.02550	0.01892	0.02714	0.01563	0.02056	0.01316	0.00740	0.00822	0.00247	0.00987	0.00740	0.00411	0.01316
21	0.76672	0.01607	0.01221	0.01092	0.01607	0.01864	0.00900	0.02442	0.01414	0.03727	0.01157	0.01350	0.00900	0.00771	0.00514	0.00257	0.00643	0.00450	0.00514	0.00900
22	0.02859	0.02319	0.02283	0.01835	0.02386	0.10654	0.01477	0.46093	0.03319	0.04319	0.01956	0.02222	0.01512	0.04813	0.07730	0.00381	0.01117	0.00757	0.00725	0.01244
23	0.03158	0.02327	0.02493	0.01911	0.02576	0.02576	0.01579	0.62852	0.03906	0.05236	0.01995	0.01995	0.01413	0.00997	0.00831	0.00249	0.00914	0.00748	0.00831	0.01413
24	0.02056	0.01974	0.03372	0.05099	0.65622	0.01974	0.02550	0.02550	0.01892	0.02714	0.01563	0.02056	0.01316	0.00740	0.00822	0.00247	0.00987	0.00740	0.00411	0.01316
25	0.01187	0.00890	0.01335	0.01335	0.01483	0.01038	0.01038	0.01483	0.01335	0.01928	0.02225	0.03264	0.02077	0.06231	0.67512	0.01335	0.02225	0.00890	0.00445	0.00742
26	0.03103	0.03959	0.02354	0.02140	0.02568	0.67469	0.01605	0.03317	0.02354	0.02033	0.01284	0.01498	0.01070	0.00856	0.00749	0.00214	0.01498	0.00535	0.00428	0.00963
27	0.03103	0.03959	0.02354	0.02140	0.02568	0.67469	0.01605	0.03317	0.02354	0.02033	0.01284	0.01498	0.01070	0.00856	0.00749	0.00214	0.01498	0.00535	0.00428	0.00963
28	0.02056	0.01974	0.03372	0.05099	0.65622	0.01974	0.02550	0.02550	0.01892	0.02714	0.01563	0.02056	0.01316	0.00740	0.00822	0.00247	0.00987	0.00740	0.00411	0.01316
29	0.01044	0.00757	0.00998	0.01160	0.01239	0.00694	0.00781	0.01199	0.01596	0.02147	0.04438	0.67161	0.05302	0.02513	0.01040	0.00328	0.00488	0.02277	0.00759	0.04077
30	0.01549	0.00774	0.00774	0.00774	0.00968	0.00774	0.00581	0.01936	0.01742	0.03097	0.02710	0.03097	0.02129	0.00968	0.00581	0.00194	0.00387	0.00774	0.75416	0.00774
31	0.02066	0.01785	0.01878	0.01691	0.02160	0.02066	0.01315	0.04414	0.64121	0.03475	0.03381	0.03099	0.02536	0.01127	0.00845	0.00282	0.00657	0.00939	0.00845	0.01315
32	0.01549	0.00774	0.00774	0.00774	0.00968	0.00774	0.00581	0.01936	0.01742	0.03097	0.02710	0.03097	0.02129	0.00968	0.00581	0.00194	0.00387	0.00774	0.75416	0.00774
33	0.76672	0.01607	0.01221	0.01092	0.01607	0.01864	0.00900	0.02442	0.01414	0.03727	0.01157	0.01350	0.00900	0.00771	0.00514	0.00257	0.00643	0.00450	0.00514	0.00900
34	0.03158	0.02327	0.02493	0.01911	0.02576	0.02576	0.01579	0.62852	0.03906	0.05236	0.01995	0.01995	0.01413	0.00997	0.00831	0.00249	0.00914	0.00748	0.00831	0.01413
35	0.02772	0.03353	0.02608	0.06185	0.18037	0.48291	0.01869	0.03071	0.02207	0.02203	0.01361	0.01669	0.01132	0.00827	0.00771	0.00225	0.01355	0.00595	0.00421	0.01047
36	0.02003	0.01920	0.03277	0.11984	0.59149	0.01960	0.02523	0.02503	0.01867	0.02650	0.01553	0.02073	0.01293	0.00750	0.00823	0.00250	0.01000	0.00740	0.00407	0.01273
37	0.02056	0.01974	0.03372	0.05099	0.65622	0.01974	0.02550	0.02550	0.01892	0.02714	0.01563	0.02056	0.01316	0.00740	0.00822	0.00247	0.00987	0.00740	0.00411	0.01316
38	0.01208	0.00805	0.00906	0.00906	0.00906	0.00805	0.00503	0.01208	0.01208	0.01611	0.02618	0.05436	0.03020	0.70804	0.04228	0.00805	0.00805	0.01208	0.00503	0.00503
39	0.02056	0.01974	0.03372	0.05099	0.65622	0.01974	0.02550	0.02550	0.01892	0.02714	0.01563	0.02056	0.01316	0.00740	0.00822	0.00247	0.00987	0.00740	0.00411	0.01316
40	0.02056	0.01974	0.03372	0.05099	0.65622	0.01974	0.02550	0.02550	0.01892	0.02714	0.01563	0.02056	0.01316	0.00740	0.00822	0.00247	0.00987	0.00740	0.00411	0.01316
41	0.01549	0.00774	0.00774	0.00774	0.00968	0.00774	0.00581	0.01936	0.01742	0.03097	0.02710	0.03097	0.02129	0.00968	0.00581	0.00194	0.00387	0.00774	0.75416	0.00774
42	0.01549	0.00774	0.00774	0.00774	0.00968	0.00774	0.00581	0.01936	0.01742	0.03097	0.02710	0.03097	0.02129	0.00968	0.00581	0.00194	0.00387	0.00774	0.75416	0.00774
43	0.76672	0.01607	0.01221	0.01092	0.01607	0.01864	0.00900	0.02442	0.01414	0.03727	0.01157	0.01350	0.00900	0.00771	0.00514	0.00257	0.00643	0.00450	0.00514	0.00900
44	0.02006	0.01271	0.01780	0.20487	0.05705	0.01289	0.01392	0.02458	0.04671	0.19866	0.07345	0.04370	0.21290	0.01324	0.00886	0.00271	0.00728	0.01120	0.00722	0.01018
45	0.01100	0.00874	0.01006	0.01051	0.01299	0.00780	0.00841	0.01376	0.01947	0.02424	0.13245	0.08185	0.42702	0.02114	0.01027	0.00306	0.00512	0.17699	0.00785	0.00727
46	0.02057	0.01961	0.03272	0.04872	0.61392	0.01980	0.02467	0.02674	0.06039	0.02765	0.01684	0.02126	0.01397	0.00766	0.00824	0.00249	0.00965	0.00753	0.00440	0.01316
47	0.02964	0.14609	0.02670	0.02027	0.02499	0.57319	0.01576	0.03186	0.02249	0.02021	0.01264	0.01472	0.01069	0.00833	0.00715	0.00208	0.01402	0.00521	0.00417	0.00979
48	0.02516	0.48929	0.03697	0.01650	0.02277	0.21849	0.01481	0.05238	0.01973	0.02114	0.01227	0.01408	0.01082	0.00765	0.00608	0.00191	0.01066	0.00483	0.00396	0.01051
49	0.02685	0.01973	0.02156	0.01745	0.02274	0.02157	0.01401	0.49255	0.03396	0.04549	0.02564	0.17040	0.02312	0.01351	0.00882	0.00269	0.00819	0.01104	0.00818	0.01250
50	0.03158	0.02327	0.02493	0.01911	0.02576	0.02576	0.01579	0.62852	0.03906	0.05236	0.01995	0.01995	0.01413	0.00997	0.00831	0.00249	0.00914	0.00748	0.00831	0.01413
51	0.06343	0.67445	0.04180	0.01403	0.02103	0.03208	0.01393	0.02485	0.01673	0.02053	0.01155	0.01334	0.01057	0.00714	0.00532	0.00182	0.00875	0.00445	0.00364	0.01057

[dist]
# distance from previous block
# <min> <max>
0	1

# created by:
# /home/cegg/simao/soft/augustus-3.2.1/scripts/msa2prfl.pl ./align_prep/14895.fa
