[name]
unknown

[dist]
# distance from previous block
# <min> <max>
0	66

[block]
# block no. 0 follows, 20 sequences, length 90
# corresponding to MSA columns:
# 66-155
name=unknown_A
#
# <colnr> <probs for GDERKNQSTAVLIFYWHMCP>
#	G	D	E	R	K	N	Q	S	T	A	V	L	I	F	Y	W	H	M	C	P
0	0.01313	0.00971	0.01329	0.01404	0.04506	0.00919	0.01024	0.01728	0.02359	0.03299	0.49332	0.06923	0.07288	0.01851	0.01054	0.00297	0.00516	0.12135	0.00905	0.00847
1	0.03192	0.04018	0.02441	0.02218	0.02670	0.61958	0.01667	0.03553	0.06123	0.02227	0.01483	0.01676	0.01217	0.00916	0.00793	0.00229	0.01519	0.00588	0.00476	0.01034
2	0.02026	0.01723	0.01962	0.01962	0.05942	0.01945	0.01464	0.03985	0.47324	0.03405	0.03634	0.04424	0.03027	0.01389	0.00946	0.00313	0.00733	0.11681	0.00844	0.01272
3	0.01113	0.00827	0.00950	0.01024	0.01142	0.00759	0.00676	0.01243	0.01658	0.02111	0.05557	0.29486	0.24561	0.22455	0.02079	0.00481	0.00586	0.01902	0.00726	0.00664
4	0.02001	0.01522	0.01696	0.01544	0.01967	0.01650	0.01211	0.03579	0.37203	0.08695	0.13089	0.04759	0.10375	0.01466	0.00946	0.00298	0.00634	0.05271	0.00900	0.01194
5	0.03881	0.01537	0.02057	0.01577	0.02253	0.01360	0.01303	0.07370	0.02585	0.61264	0.03367	0.02921	0.02122	0.01078	0.00877	0.00269	0.00754	0.00872	0.01068	0.01484
6	0.01663	0.01572	0.02620	0.63285	0.05781	0.01983	0.02391	0.02221	0.01719	0.02221	0.01526	0.02300	0.01162	0.00912	0.00994	0.00296	0.05225	0.00774	0.00387	0.00968
7	0.02428	0.02584	0.03279	0.04593	0.48900	0.17704	0.02434	0.02875	0.02105	0.02675	0.01569	0.02015	0.01318	0.00807	0.00845	0.00251	0.01168	0.00724	0.00436	0.01291
8	0.02399	0.65133	0.04420	0.01547	0.02272	0.07948	0.01506	0.02675	0.01823	0.02058	0.01222	0.01412	0.01120	0.00757	0.00576	0.00189	0.00979	0.00473	0.00379	0.01112
9	0.01256	0.00896	0.01207	0.01207	0.01295	0.00984	0.00847	0.01432	0.01344	0.01881	0.02515	0.04414	0.02609	0.33724	0.39292	0.01161	0.01691	0.01079	0.00494	0.00670
10	0.03262	0.04061	0.02480	0.02234	0.02697	0.62302	0.01684	0.06708	0.02563	0.02323	0.01390	0.01602	0.01144	0.00907	0.00791	0.00227	0.01539	0.00574	0.00473	0.01038
11	0.02269	0.62789	0.11099	0.01600	0.02405	0.03297	0.01680	0.02628	0.01780	0.02129	0.01251	0.01447	0.01118	0.00755	0.00589	0.00196	0.00971	0.00486	0.00373	0.01138
12	0.01246	0.00935	0.01402	0.01402	0.01558	0.01090	0.01090	0.01558	0.01402	0.02025	0.02336	0.03427	0.02181	0.06542	0.65888	0.01402	0.02336	0.00935	0.00467	0.00779
13	0.02122	0.02021	0.03437	0.05172	0.60889	0.02021	0.02615	0.02635	0.01987	0.02838	0.01785	0.02532	0.01558	0.00856	0.00880	0.00266	0.01025	0.03556	0.00450	0.01354
14	0.01406	0.01162	0.01701	0.02259	0.16730	0.01118	0.01380	0.01720	0.01887	0.02494	0.04743	0.27219	0.15363	0.02079	0.01058	0.00331	0.00694	0.15038	0.00716	0.00901
15	0.01626	0.00813	0.00813	0.00813	0.01016	0.00813	0.00610	0.02033	0.01829	0.03252	0.02846	0.03252	0.02236	0.01016	0.00610	0.00203	0.00407	0.00813	0.74187	0.00813
16	0.01292	0.00950	0.01306	0.01409	0.01601	0.00963	0.01160	0.01640	0.01886	0.02511	0.10535	0.11086	0.10583	0.03356	0.17019	0.00620	0.01086	0.29471	0.00738	0.00787
17	0.01993	0.02854	0.19616	0.03551	0.10254	0.02149	0.40878	0.02775	0.01998	0.02792	0.01704	0.02208	0.01276	0.00762	0.00964	0.00286	0.01383	0.00910	0.00422	0.01224
18	0.03179	0.02257	0.05800	0.01891	0.02571	0.02259	0.01613	0.42937	0.03504	0.16092	0.02511	0.07049	0.01897	0.01163	0.00888	0.00271	0.00905	0.00917	0.00879	0.01417
19	0.02940	0.03627	0.02519	0.02257	0.02601	0.50958	0.01738	0.03157	0.02204	0.02126	0.01300	0.01652	0.01129	0.01047	0.01276	0.00262	0.17165	0.00609	0.00433	0.00998
20	0.01612	0.01380	0.02208	0.09067	0.27473	0.01391	0.01716	0.01906	0.01772	0.02420	0.03094	0.25275	0.06276	0.01755	0.01211	0.07673	0.00807	0.01414	0.00572	0.00979
21	0.02235	0.02685	0.09235	0.17411	0.03346	0.22618	0.01920	0.06788	0.02070	0.02445	0.01662	0.02210	0.01371	0.02068	0.14065	0.00495	0.05180	0.00724	0.00456	0.01016
22	0.02907	0.02758	0.02652	0.02666	0.14123	0.19869	0.01814	0.25597	0.12176	0.03792	0.02027	0.02141	0.01546	0.00977	0.00850	0.00256	0.01102	0.00753	0.00676	0.01319
23	0.08039	0.15314	0.03084	0.02719	0.17543	0.15910	0.01831	0.19439	0.02615	0.03381	0.01597	0.01821	0.01276	0.00876	0.00770	0.00240	0.01082	0.00654	0.00558	0.01252
24	0.02774	0.08279	0.02325	0.01937	0.02379	0.49125	0.01480	0.03002	0.02331	0.02170	0.02744	0.02841	0.12841	0.01134	0.00816	0.00235	0.01315	0.00795	0.00512	0.00967
25	0.03041	0.01509	0.01825	0.01480	0.02002	0.04843	0.01188	0.06545	0.02575	0.39470	0.21245	0.03906	0.03885	0.01279	0.00917	0.00268	0.00702	0.01064	0.00997	0.01260
26	0.02444	0.02638	0.03343	0.04444	0.44592	0.18930	0.05485	0.02896	0.02118	0.02658	0.01570	0.02014	0.01310	0.00807	0.00852	0.00252	0.01201	0.00734	0.00437	0.01273
27	0.02013	0.16327	0.49205	0.02236	0.03381	0.02235	0.02764	0.02842	0.01876	0.07082	0.01636	0.01841	0.01184	0.00832	0.00783	0.00259	0.01184	0.00629	0.00420	0.01272
28	0.01832	0.01651	0.02701	0.07012	0.39524	0.01654	0.02084	0.02316	0.02095	0.02954	0.17080	0.03997	0.03411	0.01190	0.00938	0.00279	0.00866	0.06653	0.00596	0.01167
29	0.01626	0.00813	0.00813	0.00813	0.01016	0.00813	0.00610	0.02033	0.01829	0.03252	0.02846	0.03252	0.02236	0.01016	0.00610	0.00203	0.00407	0.00813	0.74187	0.00813
30	0.03077	0.02719	0.17562	0.02016	0.02852	0.02205	0.01949	0.33498	0.03175	0.18745	0.02284	0.02239	0.01551	0.01002	0.00863	0.00267	0.00988	0.00773	0.00799	0.01437
31	0.06695	0.02555	0.02423	0.02441	0.11801	0.19650	0.01675	0.21863	0.02714	0.03460	0.02107	0.11273	0.01925	0.01211	0.00957	0.00270	0.04224	0.00942	0.00638	0.01175
32	0.02002	0.18339	0.13214	0.03186	0.20621	0.02268	0.14069	0.02551	0.01907	0.02581	0.01924	0.07140	0.01756	0.00988	0.00855	0.00265	0.01089	0.03601	0.00455	0.01188
33	0.01078	0.00765	0.01008	0.01196	0.01243	0.00718	0.00789	0.01218	0.01641	0.02188	0.04659	0.64230	0.05582	0.07534	0.01353	0.00390	0.00531	0.02392	0.00789	0.00696
34	0.02394	0.24002	0.15225	0.01943	0.02608	0.25006	0.01845	0.02803	0.01983	0.02217	0.01488	0.01833	0.01267	0.01630	0.09862	0.00388	0.01427	0.00601	0.00413	0.01067
35	0.02062	0.01974	0.03366	0.17078	0.52937	0.02047	0.02629	0.02592	0.01940	0.02732	0.01624	0.02190	0.01340	0.00795	0.00865	0.00265	0.01060	0.00777	0.00423	0.01304
36	0.03914	0.01484	0.02024	0.01552	0.02227	0.01282	0.01282	0.04251	0.02497	0.64507	0.03441	0.02969	0.02159	0.01080	0.00877	0.00270	0.00742	0.00877	0.01080	0.01484
37	0.01031	0.00884	0.00884	0.00884	0.01178	0.00736	0.00663	0.01252	0.01988	0.02356	0.08837	0.08395	0.63549	0.02209	0.01031	0.00295	0.00442	0.01841	0.00810	0.00736
38	0.20881	0.09699	0.02377	0.01907	0.02406	0.44347	0.01486	0.03176	0.02164	0.02563	0.01303	0.01519	0.01079	0.00863	0.00705	0.00232	0.01293	0.00531	0.00464	0.01005
39	0.02512	0.02044	0.02165	0.01844	0.02399	0.02330	0.01464	0.21472	0.44933	0.04201	0.03115	0.02908	0.02310	0.01143	0.00883	0.00286	0.00771	0.00926	0.00883	0.01411
40	0.02363	0.01831	0.01978	0.01750	0.02264	0.02071	0.01370	0.04592	0.55684	0.10406	0.03538	0.03223	0.02607	0.01172	0.00886	0.00293	0.00696	0.00974	0.00909	0.01392
41	0.02575	0.02075	0.02201	0.01857	0.02423	0.02359	0.01479	0.24560	0.41743	0.04302	0.03036	0.02844	0.02246	0.01135	0.00882	0.00284	0.00786	0.00915	0.00882	0.01417
42	0.02314	0.02218	0.03652	0.02777	0.03302	0.02493	0.25458	0.16814	0.02304	0.03211	0.01626	0.02132	0.01300	0.01092	0.01639	0.00317	0.24776	0.00876	0.00526	0.01173
43	0.01101	0.00906	0.00981	0.01018	0.01295	0.00786	0.00801	0.01355	0.01992	0.02404	0.08052	0.08664	0.52658	0.02246	0.01063	0.00314	0.00509	0.12297	0.00809	0.00749
44	0.01031	0.00884	0.00884	0.00884	0.01178	0.00736	0.00663	0.01252	0.01988	0.02356	0.08837	0.08395	0.63549	0.02209	0.01031	0.00295	0.00442	0.01841	0.00810	0.00736
45	0.03316	0.02443	0.02618	0.02007	0.02705	0.02705	0.01658	0.60995	0.04101	0.05497	0.02094	0.02094	0.01483	0.01047	0.00873	0.00262	0.00960	0.00785	0.00873	0.01483
46	0.01647	0.01550	0.02616	0.67248	0.06008	0.01938	0.02422	0.02229	0.01744	0.02229	0.01550	0.02326	0.01163	0.00872	0.00872	0.00291	0.01163	0.00775	0.00388	0.00969
47	0.01750	0.04512	0.64825	0.02486	0.03775	0.02026	0.03223	0.02762	0.01842	0.02762	0.01565	0.01842	0.01105	0.00829	0.00829	0.00276	0.01289	0.00645	0.00368	0.01289
48	0.01626	0.00813	0.00813	0.00813	0.01016	0.00813	0.00610	0.02033	0.01829	0.03252	0.02846	0.03252	0.02236	0.01016	0.00610	0.00203	0.00407	0.00813	0.74187	0.00813
49	0.01142	0.00838	0.01090	0.01262	0.01385	0.00785	0.00934	0.01365	0.01800	0.02340	0.05359	0.45373	0.14156	0.02576	0.01124	0.00357	0.00569	0.16002	0.00808	0.00736
50	0.02746	0.01589	0.01952	0.01446	0.02176	0.01321	0.01176	0.07243	0.02245	0.27296	0.02334	0.02286	0.01647	0.00846	0.00753	0.00194	0.00706	0.00678	0.00764	0.40604
51	0.01747	0.01726	0.02899	0.02365	0.02627	0.02085	0.16083	0.02108	0.01533	0.02247	0.01653	0.02471	0.01498	0.02831	0.21241	0.00665	0.31961	0.00880	0.00422	0.00956
52	0.02170	0.01874	0.01972	0.01775	0.02268	0.02170	0.01381	0.04635	0.62327	0.03649	0.03550	0.03254	0.02663	0.01183	0.00888	0.00296	0.00690	0.00986	0.00888	0.01381
53	0.01750	0.04512	0.64825	0.02486	0.03775	0.02026	0.03223	0.02762	0.01842	0.02762	0.01565	0.01842	0.01105	0.00829	0.00829	0.00276	0.01289	0.00645	0.00368	0.01289
54	0.02380	0.33644	0.22603	0.01983	0.02824	0.18306	0.02072	0.02872	0.01965	0.02291	0.01354	0.01578	0.01116	0.00809	0.00698	0.00224	0.01199	0.00545	0.00390	0.01145
55	0.01063	0.00759	0.01012	0.01215	0.01265	0.00709	0.00810	0.01215	0.01670	0.02227	0.04808	0.68775	0.05769	0.02733	0.01113	0.00354	0.00506	0.02480	0.00810	0.00709
56	0.01399	0.01201	0.02105	0.01829	0.02121	0.01300	0.12286	0.01790	0.01525	0.02169	0.02229	0.03225	0.02020	0.05452	0.53714	0.01194	0.02174	0.00952	0.00462	0.00853
57	0.02159	0.02073	0.03541	0.05354	0.63903	0.02073	0.02677	0.02677	0.01986	0.02850	0.01641	0.02159	0.01382	0.00777	0.00864	0.00259	0.01036	0.00777	0.00432	0.01382
58	0.01626	0.00813	0.00813	0.00813	0.01016	0.00813	0.00610	0.02033	0.01829	0.03252	0.02846	0.03252	0.02236	0.01016	0.00610	0.00203	0.00407	0.00813	0.74187	0.00813
59	0.01268	0.00846	0.00951	0.00951	0.00951	0.00846	0.00529	0.01268	0.01268	0.01691	0.02748	0.05708	0.03171	0.69345	0.04440	0.00846	0.00846	0.01268	0.00529	0.00529
60	0.02159	0.02073	0.03541	0.05354	0.63903	0.02073	0.02677	0.02677	0.01986	0.02850	0.01641	0.02159	0.01382	0.00777	0.00864	0.00259	0.01036	0.00777	0.00432	0.01382
61	0.01908	0.01908	0.02672	0.02290	0.02290	0.02672	0.01908	0.02099	0.01336	0.02099	0.01145	0.01908	0.01145	0.01527	0.02863	0.00382	0.67748	0.00763	0.00382	0.00954
62	0.03316	0.02443	0.02618	0.02007	0.02705	0.02705	0.01658	0.60995	0.04101	0.05497	0.02094	0.02094	0.01483	0.01047	0.00873	0.00262	0.00960	0.00785	0.00873	0.01483
63	0.01268	0.00846	0.00951	0.00951	0.00951	0.00846	0.00529	0.01268	0.01268	0.01691	0.02748	0.05708	0.03171	0.69345	0.04440	0.00846	0.00846	0.01268	0.00529	0.00529
64	0.01647	0.01550	0.02616	0.67248	0.06008	0.01938	0.02422	0.02229	0.01744	0.02229	0.01550	0.02326	0.01163	0.00872	0.00872	0.00291	0.01163	0.00775	0.00388	0.00969
65	0.01063	0.00759	0.01012	0.01215	0.01265	0.00709	0.00810	0.01215	0.01670	0.02227	0.04808	0.68775	0.05769	0.02733	0.01113	0.00354	0.00506	0.02480	0.00810	0.00709
66	0.03316	0.02443	0.02618	0.02007	0.02705	0.02705	0.01658	0.60995	0.04101	0.05497	0.02094	0.02094	0.01483	0.01047	0.00873	0.00262	0.00960	0.00785	0.00873	0.01483
67	0.01268	0.00846	0.00951	0.00951	0.00951	0.00846	0.00529	0.01268	0.01268	0.01691	0.02748	0.05708	0.03171	0.69345	0.04440	0.00846	0.00846	0.01268	0.00529	0.00529
68	0.01626	0.00813	0.00813	0.00813	0.01016	0.00813	0.00610	0.02033	0.01829	0.03252	0.02846	0.03252	0.02236	0.01016	0.00610	0.00203	0.00407	0.00813	0.74187	0.00813
69	0.02332	0.69869	0.04571	0.01493	0.02239	0.03451	0.01493	0.02612	0.01772	0.02052	0.01213	0.01399	0.01119	0.00746	0.00560	0.00187	0.00933	0.00466	0.00373	0.01119
70	0.02323	0.02383	0.03382	0.04892	0.54792	0.11566	0.02529	0.02797	0.02058	0.02743	0.01597	0.02072	0.01343	0.00795	0.00852	0.00254	0.01116	0.00745	0.00434	0.01327
71	0.19279	0.19866	0.35076	0.01927	0.02906	0.02359	0.02262	0.02679	0.01740	0.02860	0.01396	0.01633	0.01071	0.00804	0.00695	0.00253	0.01057	0.00560	0.00410	0.01166
72	0.01106	0.00887	0.00988	0.00962	0.01224	0.00768	0.00722	0.01397	0.02166	0.02777	0.28976	0.07702	0.43147	0.02052	0.01030	0.00287	0.00431	0.01744	0.00865	0.00768
73	0.01254	0.01017	0.01138	0.01145	0.01433	0.00957	0.00902	0.01782	0.08753	0.02692	0.14385	0.07857	0.38785	0.02079	0.01047	0.00312	0.00533	0.12260	0.00836	0.00831
74	0.01859	0.16780	0.53515	0.02300	0.03487	0.02293	0.02898	0.02734	0.01829	0.02629	0.01499	0.01759	0.01108	0.00813	0.00778	0.00259	0.01222	0.00611	0.00369	0.01257
75	0.02001	0.01912	0.03256	0.24406	0.46082	0.02031	0.02599	0.02539	0.01912	0.02659	0.01613	0.02210	0.01314	0.00806	0.00866	0.00269	0.01075	0.00777	0.00418	0.01255
76	0.01063	0.00759	0.01012	0.01215	0.01265	0.00709	0.00810	0.01215	0.01670	0.02227	0.04808	0.68775	0.05769	0.02733	0.01113	0.00354	0.00506	0.02480	0.00810	0.00709
77	0.02126	0.02165	0.04073	0.04798	0.44234	0.02117	0.21920	0.02716	0.02010	0.02831	0.01682	0.02223	0.01362	0.00763	0.00919	0.00271	0.01180	0.00861	0.00435	0.01314
78	0.02842	0.03183	0.02287	0.02052	0.02532	0.37840	0.01566	0.07078	0.25633	0.02903	0.02238	0.02250	0.01737	0.01017	0.00830	0.00254	0.01199	0.00738	0.00642	0.01180
79	0.01626	0.00813	0.00813	0.00813	0.01016	0.00813	0.00610	0.02033	0.01829	0.03252	0.02846	0.03252	0.02236	0.01016	0.00610	0.00203	0.00407	0.00813	0.74187	0.00813
80	0.02009	0.02206	0.04327	0.03217	0.03807	0.02360	0.41238	0.02564	0.01819	0.02564	0.01559	0.02206	0.01264	0.00998	0.01637	0.00323	0.23438	0.00941	0.00421	0.01103
81	0.03316	0.02443	0.02618	0.02007	0.02705	0.02705	0.01658	0.60995	0.04101	0.05497	0.02094	0.02094	0.01483	0.01047	0.00873	0.00262	0.00960	0.00785	0.00873	0.01483
82	0.02677	0.45426	0.03790	0.01773	0.02409	0.26660	0.01564	0.02936	0.02033	0.02083	0.01263	0.01464	0.01121	0.00803	0.00644	0.00201	0.01171	0.00502	0.00402	0.01079
83	0.01176	0.00889	0.01085	0.01036	0.01267	0.00798	0.00777	0.01533	0.02331	0.03170	0.47741	0.07056	0.24138	0.01906	0.01029	0.00280	0.00420	0.01653	0.00917	0.00798
84	0.01229	0.00918	0.01365	0.01384	0.01530	0.01055	0.01064	0.01526	0.01427	0.02044	0.02568	0.09540	0.02516	0.06186	0.59828	0.01304	0.02165	0.01079	0.00499	0.00772
85	0.02365	0.02464	0.03340	0.04771	0.52415	0.14042	0.02491	0.02828	0.02077	0.02716	0.01586	0.02049	0.01333	0.00800	0.00849	0.00253	0.01137	0.00737	0.00435	0.01312
86	0.01143	0.00819	0.01072	0.01244	0.01330	0.00777	0.00885	0.01330	0.01711	0.02254	0.04794	0.48906	0.08445	0.08877	0.01437	0.00406	0.00589	0.12491	0.00782	0.00710
87	0.01031	0.00884	0.00884	0.00884	0.01178	0.00736	0.00663	0.01252	0.01988	0.02356	0.08837	0.08395	0.63549	0.02209	0.01031	0.00295	0.00442	0.01841	0.00810	0.00736
88	0.02170	0.01874	0.01972	0.01775	0.02268	0.02170	0.01381	0.04635	0.62327	0.03649	0.03550	0.03254	0.02663	0.01183	0.00888	0.00296	0.00690	0.00986	0.00888	0.01381
89	0.03316	0.02443	0.02618	0.02007	0.02705	0.02705	0.01658	0.60995	0.04101	0.05497	0.02094	0.02094	0.01483	0.01047	0.00873	0.00262	0.00960	0.00785	0.00873	0.01483

[dist]
# distance from previous block
# <min> <max>
0	0

# created by:
# /home/cegg/simao/soft/augustus-3.2.1/scripts/msa2prfl.pl ./align_prep/14907.fa
