[name]
unknown

[dist]
# distance from previous block
# <min> <max>
0	22

[block]
# block no. 0 follows, 20 sequences, length 76
# corresponding to MSA columns:
# 23-98
name=unknown_A
#
# <colnr> <probs for GDERKNQSTAVLIFYWHMCP>
#	G	D	E	R	K	N	Q	S	T	A	V	L	I	F	Y	W	H	M	C	P
0	0.01719	0.01714	0.03388	0.02800	0.06832	0.01670	0.31261	0.02256	0.01872	0.02558	0.02510	0.08684	0.02366	0.02409	0.15432	0.00557	0.01471	0.08962	0.00524	0.01013
1	0.02075	0.05986	0.07608	0.03772	0.13801	0.02242	0.45752	0.02764	0.02022	0.02762	0.01707	0.02248	0.01312	0.00747	0.00969	0.00282	0.01365	0.00942	0.00433	0.01211
2	0.01043	0.00837	0.00932	0.01008	0.01211	0.00726	0.00718	0.01238	0.01869	0.02308	0.07325	0.31055	0.41865	0.02406	0.01062	0.00317	0.00466	0.02081	0.00810	0.00726
3	0.01221	0.00875	0.01236	0.01290	0.01412	0.00957	0.00954	0.01477	0.01492	0.02134	0.03056	0.21151	0.03207	0.08776	0.40996	0.01016	0.01642	0.01363	0.04998	0.00748
4	0.17204	0.01231	0.01329	0.01282	0.01525	0.01327	0.00971	0.07879	0.01782	0.02785	0.02740	0.05168	0.02860	0.28133	0.07220	0.00607	0.00926	0.13612	0.00623	0.00796
5	0.02205	0.01171	0.01509	0.01283	0.01674	0.01073	0.01009	0.05857	0.02542	0.23212	0.37304	0.05232	0.09215	0.01540	0.00971	0.00273	0.00551	0.01322	0.00985	0.01069
6	0.01959	0.01496	0.01948	0.10539	0.02523	0.01608	0.03868	0.21360	0.02481	0.03307	0.03167	0.31383	0.03313	0.01847	0.01111	0.04012	0.00800	0.01535	0.00736	0.01006
7	0.03075	0.02263	0.02446	0.01922	0.02551	0.02492	0.01567	0.54609	0.03842	0.05148	0.02384	0.09217	0.01941	0.01227	0.00898	0.00272	0.00911	0.00966	0.00866	0.01401
8	0.03117	0.08137	0.02636	0.02003	0.02597	0.25326	0.01610	0.33200	0.03243	0.03886	0.02064	0.02139	0.04134	0.01024	0.00825	0.00244	0.01154	0.00729	0.00680	0.01252
9	0.02216	0.02069	0.02760	0.31192	0.18556	0.08510	0.02222	0.12902	0.02308	0.02967	0.01800	0.02542	0.01459	0.00960	0.00878	0.00277	0.01120	0.03597	0.00511	0.01154
10	0.02481	0.01233	0.01673	0.01616	0.06483	0.01098	0.01148	0.02794	0.02240	0.31220	0.12791	0.14716	0.13581	0.01602	0.00960	0.00287	0.00632	0.01379	0.00927	0.01139
11	0.01843	0.02355	0.16083	0.32440	0.25289	0.02002	0.02679	0.02494	0.01847	0.02553	0.01584	0.02166	0.01225	0.00831	0.00860	0.00277	0.01146	0.00748	0.00399	0.01177
12	0.02159	0.02073	0.03541	0.05354	0.63903	0.02073	0.02677	0.02677	0.01986	0.02850	0.01641	0.02159	0.01382	0.00777	0.00864	0.00259	0.01036	0.00777	0.00432	0.01382
13	0.02035	0.18968	0.44996	0.02241	0.03323	0.08961	0.02680	0.02804	0.01892	0.02540	0.01465	0.01716	0.01110	0.00818	0.00765	0.00251	0.01240	0.00596	0.00378	0.01223
14	0.01773	0.04372	0.61319	0.02650	0.07215	0.02028	0.03192	0.02758	0.01850	0.02767	0.01570	0.01860	0.01121	0.00826	0.00831	0.00275	0.01275	0.00652	0.00372	0.01294
15	0.09820	0.01167	0.01448	0.01571	0.01839	0.01226	0.01351	0.02172	0.07913	0.02860	0.04130	0.08240	0.04328	0.02108	0.01099	0.00376	0.00778	0.45914	0.00782	0.00876
16	0.07611	0.03831	0.02415	0.02156	0.02637	0.55451	0.01638	0.09393	0.02582	0.02591	0.01418	0.01618	0.01150	0.00909	0.00781	0.00231	0.01455	0.00580	0.00499	0.01056
17	0.01374	0.01106	0.01254	0.01106	0.01486	0.00927	0.00833	0.01621	0.01780	0.02401	0.04732	0.05826	0.24381	0.15912	0.01644	0.00368	0.00631	0.07116	0.00654	0.24848
18	0.01278	0.00913	0.01257	0.01444	0.01593	0.00892	0.01168	0.01594	0.01916	0.02526	0.07853	0.30038	0.05452	0.02488	0.01164	0.00378	0.00679	0.35783	0.00814	0.00772
19	0.02806	0.36272	0.03498	0.01878	0.02473	0.35351	0.01591	0.03057	0.02130	0.02094	0.01282	0.01488	0.01122	0.00824	0.00676	0.00206	0.01260	0.00515	0.00412	0.01064
20	0.01255	0.00845	0.00979	0.00991	0.01002	0.00850	0.00575	0.01281	0.01300	0.01741	0.02850	0.09381	0.03275	0.62009	0.07496	0.00846	0.00904	0.01324	0.00542	0.00553
21	0.01137	0.00795	0.01015	0.01161	0.01205	0.00761	0.00761	0.01259	0.01575	0.02096	0.04224	0.48258	0.05007	0.21299	0.02046	0.00494	0.00616	0.04898	0.00731	0.00663
22	0.01809	0.01550	0.01809	0.01292	0.02067	0.01163	0.01034	0.02196	0.01809	0.02842	0.01550	0.01809	0.01292	0.00646	0.00646	0.00129	0.00646	0.00517	0.00517	0.74677
23	0.03316	0.02443	0.02618	0.02007	0.02705	0.02705	0.01658	0.60995	0.04101	0.05497	0.02094	0.02094	0.01483	0.01047	0.00873	0.00262	0.00960	0.00785	0.00873	0.01483
24	0.03277	0.03598	0.02520	0.02169	0.02699	0.45222	0.01676	0.22267	0.03004	0.03233	0.01592	0.01743	0.01241	0.00947	0.00815	0.00237	0.01373	0.00635	0.00588	0.01165
25	0.03316	0.02443	0.02618	0.02007	0.02705	0.02705	0.01658	0.60995	0.04101	0.05497	0.02094	0.02094	0.01483	0.01047	0.00873	0.00262	0.00960	0.00785	0.00873	0.01483
26	0.01063	0.00759	0.01012	0.01215	0.01265	0.00709	0.00810	0.01215	0.01670	0.02227	0.04808	0.68775	0.05769	0.02733	0.01113	0.00354	0.00506	0.02480	0.00810	0.00709
27	0.01063	0.00759	0.01012	0.01215	0.01265	0.00709	0.00810	0.01215	0.01670	0.02227	0.04808	0.68775	0.05769	0.02733	0.01113	0.00354	0.00506	0.02480	0.00810	0.00709
28	0.01246	0.00935	0.01402	0.01402	0.01558	0.01090	0.01090	0.01558	0.01402	0.02025	0.02336	0.03427	0.02181	0.06542	0.65888	0.01402	0.02336	0.00935	0.00467	0.00779
29	0.01809	0.01550	0.01809	0.01292	0.02067	0.01163	0.01034	0.02196	0.01809	0.02842	0.01550	0.01809	0.01292	0.00646	0.00646	0.00129	0.00646	0.00517	0.00517	0.74677
30	0.01063	0.00759	0.01012	0.01215	0.01265	0.00709	0.00810	0.01215	0.01670	0.02227	0.04808	0.68775	0.05769	0.02733	0.01113	0.00354	0.00506	0.02480	0.00810	0.00709
31	0.02332	0.69869	0.04571	0.01493	0.02239	0.03451	0.01493	0.02612	0.01772	0.02052	0.01213	0.01399	0.01119	0.00746	0.00560	0.00187	0.00933	0.00466	0.00373	0.01119
32	0.01268	0.00846	0.00951	0.00951	0.00951	0.00846	0.00529	0.01268	0.01268	0.01691	0.02748	0.05708	0.03171	0.69345	0.04440	0.00846	0.00846	0.01268	0.00529	0.00529
33	0.02059	0.02353	0.05147	0.03676	0.04559	0.02206	0.60735	0.02794	0.02059	0.02794	0.01765	0.02353	0.01324	0.00735	0.01029	0.00294	0.01471	0.01029	0.00441	0.01176
34	0.02094	0.02253	0.04576	0.04273	0.25645	0.02159	0.40106	0.02753	0.02033	0.02814	0.01721	0.02284	0.01344	0.00750	0.00970	0.00282	0.01316	0.00940	0.00438	0.01249
35	0.03258	0.04157	0.02472	0.02247	0.02697	0.65843	0.01685	0.03483	0.02472	0.02135	0.01348	0.01573	0.01124	0.00899	0.00787	0.00225	0.01573	0.00562	0.00449	0.01011
36	0.01515	0.00758	0.01136	0.01136	0.01136	0.00758	0.00758	0.01136	0.01136	0.01515	0.01515	0.02652	0.01515	0.03030	0.03409	0.74621	0.00758	0.00758	0.00379	0.00379
37	0.02059	0.02353	0.05147	0.03676	0.04559	0.02206	0.60735	0.02794	0.02059	0.02794	0.01765	0.02353	0.01324	0.00735	0.01029	0.00294	0.01471	0.01029	0.00441	0.01176
38	0.03914	0.01484	0.02024	0.01552	0.02227	0.01282	0.01282	0.04251	0.02497	0.64507	0.03441	0.02969	0.02159	0.01080	0.00877	0.00270	0.00742	0.00877	0.01080	0.01484
39	0.03316	0.02443	0.02618	0.02007	0.02705	0.02705	0.01658	0.60995	0.04101	0.05497	0.02094	0.02094	0.01483	0.01047	0.00873	0.00262	0.00960	0.00785	0.00873	0.01483
40	0.01750	0.04512	0.64825	0.02486	0.03775	0.02026	0.03223	0.02762	0.01842	0.02762	0.01565	0.01842	0.01105	0.00829	0.00829	0.00276	0.01289	0.00645	0.00368	0.01289
41	0.01809	0.01550	0.01809	0.01292	0.02067	0.01163	0.01034	0.02196	0.01809	0.02842	0.01550	0.01809	0.01292	0.00646	0.00646	0.00129	0.00646	0.00517	0.00517	0.74677
42	0.01186	0.01018	0.01032	0.01005	0.01327	0.00932	0.00761	0.01713	0.10205	0.02532	0.08117	0.07695	0.55258	0.02069	0.01011	0.00295	0.00476	0.01725	0.00821	0.00824
43	0.01809	0.01550	0.01809	0.01292	0.02067	0.01163	0.01034	0.02196	0.01809	0.02842	0.01550	0.01809	0.01292	0.00646	0.00646	0.00129	0.00646	0.00517	0.00517	0.74677
44	0.01122	0.00805	0.01065	0.01174	0.01278	0.00748	0.00814	0.01363	0.01946	0.02665	0.25036	0.47297	0.06618	0.02405	0.01084	0.00327	0.00473	0.02168	0.00862	0.00748
45	0.02551	0.07241	0.16515	0.02090	0.02763	0.26747	0.01917	0.07826	0.15068	0.02908	0.04623	0.02235	0.01782	0.00984	0.00822	0.00254	0.01188	0.00726	0.00574	0.01186
46	0.01046	0.00884	0.00905	0.00900	0.01188	0.00743	0.00675	0.01282	0.02025	0.02444	0.13006	0.08251	0.59325	0.02177	0.01031	0.00293	0.00440	0.01821	0.00821	0.00743
47	0.01908	0.01908	0.02672	0.02290	0.02290	0.02672	0.01908	0.02099	0.01336	0.02099	0.01145	0.01908	0.01145	0.01527	0.02863	0.00382	0.67748	0.00763	0.00382	0.00954
48	0.01248	0.00925	0.01355	0.01355	0.01495	0.01065	0.01032	0.01528	0.01388	0.01990	0.02379	0.03663	0.02283	0.13056	0.59514	0.01344	0.02182	0.00969	0.00474	0.00753
49	0.02642	0.42331	0.03703	0.01713	0.02396	0.10209	0.01542	0.15811	0.06992	0.02947	0.01602	0.01715	0.01318	0.00864	0.00680	0.00216	0.00992	0.00588	0.00532	0.01208
50	0.01212	0.00891	0.01134	0.01073	0.01289	0.00813	0.00805	0.01602	0.02415	0.03369	0.57298	0.06727	0.14456	0.01831	0.01029	0.00277	0.00415	0.01607	0.00943	0.00813
51	0.01809	0.01550	0.01809	0.01292	0.02067	0.01163	0.01034	0.02196	0.01809	0.02842	0.01550	0.01809	0.01292	0.00646	0.00646	0.00129	0.00646	0.00517	0.00517	0.74677
52	0.03689	0.01844	0.02247	0.01723	0.02406	0.01816	0.01423	0.25546	0.03099	0.42362	0.02936	0.02641	0.01906	0.01067	0.00875	0.00267	0.00824	0.00843	0.01002	0.01484
53	0.01246	0.00935	0.01402	0.01402	0.01558	0.01090	0.01090	0.01558	0.01402	0.02025	0.02336	0.03427	0.02181	0.06542	0.65888	0.01402	0.02336	0.00935	0.00467	0.00779
54	0.75506	0.01687	0.01282	0.01147	0.01687	0.01957	0.00945	0.02564	0.01484	0.03914	0.01215	0.01417	0.00945	0.00810	0.00540	0.00270	0.00675	0.00472	0.00540	0.00945
55	0.01811	0.16712	0.02570	0.01753	0.02006	0.05744	0.01474	0.02072	0.01523	0.02061	0.01652	0.02389	0.01555	0.03340	0.27633	0.00741	0.22869	0.00755	0.00418	0.00923
56	0.02159	0.02073	0.03541	0.05354	0.63903	0.02073	0.02677	0.02677	0.01986	0.02850	0.01641	0.02159	0.01382	0.00777	0.00864	0.00259	0.01036	0.00777	0.00432	0.01382
57	0.02332	0.69869	0.04571	0.01493	0.02239	0.03451	0.01493	0.02612	0.01772	0.02052	0.01213	0.01399	0.01119	0.00746	0.00560	0.00187	0.00933	0.00466	0.00373	0.01119
58	0.01139	0.00813	0.01099	0.01301	0.01385	0.00774	0.00942	0.01346	0.01745	0.02312	0.04766	0.55706	0.05603	0.02661	0.01134	0.00365	0.00572	0.14798	0.00808	0.00730
59	0.01060	0.00769	0.01002	0.01189	0.01259	0.00711	0.00798	0.01217	0.01694	0.02237	0.05115	0.64164	0.10182	0.02693	0.01107	0.00350	0.00501	0.02431	0.00810	0.00711
60	0.02149	0.02073	0.06583	0.01820	0.02226	0.15559	0.01592	0.02675	0.05778	0.08999	0.03474	0.06287	0.03419	0.01742	0.01030	0.00333	0.00998	0.31546	0.00725	0.00992
61	0.03636	0.01728	0.02151	0.01671	0.02336	0.01670	0.01373	0.16777	0.07851	0.46427	0.03154	0.02800	0.02053	0.01081	0.00877	0.00270	0.00786	0.00866	0.01018	0.01476
62	0.01063	0.00759	0.01012	0.01215	0.01265	0.00709	0.00810	0.01215	0.01670	0.02227	0.04808	0.68775	0.05769	0.02733	0.01113	0.00354	0.00506	0.02480	0.00810	0.00709
63	0.01750	0.04512	0.64825	0.02486	0.03775	0.02026	0.03223	0.02762	0.01842	0.02762	0.01565	0.01842	0.01105	0.00829	0.00829	0.00276	0.01289	0.00645	0.00368	0.01289
64	0.01680	0.01349	0.01651	0.01543	0.01800	0.04966	0.01212	0.10903	0.01881	0.02571	0.02243	0.03116	0.02013	0.05372	0.52138	0.01159	0.02080	0.00891	0.00529	0.00901
65	0.01849	0.01855	0.02621	0.02228	0.02364	0.05441	0.07137	0.02118	0.01473	0.02149	0.01464	0.02254	0.01379	0.02483	0.15914	0.00581	0.44525	0.00814	0.00409	0.00940
66	0.03197	0.04028	0.02444	0.02220	0.02672	0.62242	0.01668	0.03548	0.05857	0.02220	0.01473	0.01668	0.01211	0.00915	0.00792	0.00229	0.01523	0.00586	0.00474	0.01032
67	0.02332	0.69869	0.04571	0.01493	0.02239	0.03451	0.01493	0.02612	0.01772	0.02052	0.01213	0.01399	0.01119	0.00746	0.00560	0.00187	0.00933	0.00466	0.00373	0.01119
68	0.01063	0.00759	0.01012	0.01215	0.01265	0.00709	0.00810	0.01215	0.01670	0.02227	0.04808	0.68775	0.05769	0.02733	0.01113	0.00354	0.00506	0.02480	0.00810	0.00709
69	0.01750	0.04512	0.64825	0.02486	0.03775	0.02026	0.03223	0.02762	0.01842	0.02762	0.01565	0.01842	0.01105	0.00829	0.00829	0.00276	0.01289	0.00645	0.00368	0.01289
70	0.02401	0.02826	0.02174	0.01956	0.02250	0.34388	0.01519	0.02616	0.02059	0.02174	0.02954	0.03176	0.14972	0.01359	0.01400	0.00282	0.19149	0.00900	0.00511	0.00935
71	0.01297	0.01009	0.01499	0.01470	0.01614	0.01211	0.01153	0.01599	0.01397	0.02031	0.02245	0.03311	0.02102	0.06159	0.61075	0.01324	0.07331	0.00922	0.00461	0.00792
72	0.02330	0.24783	0.07473	0.02561	0.09245	0.16585	0.14234	0.02753	0.02007	0.02366	0.01700	0.06890	0.01545	0.00938	0.00799	0.00243	0.01188	0.00803	0.00444	0.01114
73	0.02377	0.02509	0.03258	0.07748	0.47447	0.16207	0.02444	0.02833	0.02082	0.02660	0.01571	0.02037	0.01314	0.00809	0.00847	0.00253	0.01162	0.00729	0.00433	0.01279
74	0.01750	0.04512	0.64825	0.02486	0.03775	0.02026	0.03223	0.02762	0.01842	0.02762	0.01565	0.01842	0.01105	0.00829	0.00829	0.00276	0.01289	0.00645	0.00368	0.01289
75	0.02287	0.01948	0.02822	0.32964	0.17805	0.02210	0.02238	0.20847	0.02541	0.03396	0.01742	0.02216	0.01312	0.00906	0.00870	0.00275	0.01071	0.00779	0.00550	0.01223

[dist]
# distance from previous block
# <min> <max>
0	16

[block]
# block no. 1 follows, 20 sequences, length 39
# corresponding to MSA columns:
# 115-153
name=unknown_B
#
# <colnr> <probs for GDERKNQSTAVLIFYWHMCP>
#	G	D	E	R	K	N	Q	S	T	A	V	L	I	F	Y	W	H	M	C	P
0	0.21913	0.11482	0.37379	0.04989	0.03124	0.02175	0.02357	0.02666	0.01731	0.02966	0.01427	0.01695	0.01066	0.00816	0.00720	0.00264	0.01073	0.00582	0.00417	0.01160
1	0.01750	0.04512	0.64825	0.02486	0.03775	0.02026	0.03223	0.02762	0.01842	0.02762	0.01565	0.01842	0.01105	0.00829	0.00829	0.00276	0.01289	0.00645	0.00368	0.01289
2	0.01652	0.01523	0.01300	0.01217	0.01544	0.12756	0.00920	0.01919	0.02204	0.06216	0.18139	0.06442	0.37305	0.01816	0.00976	0.00276	0.00661	0.01496	0.00790	0.00849
3	0.02128	0.02259	0.08228	0.05135	0.59304	0.02069	0.02719	0.02684	0.01975	0.02843	0.01635	0.02135	0.01361	0.00781	0.00861	0.00260	0.01056	0.00767	0.00427	0.01375
4	0.01647	0.01550	0.02616	0.67248	0.06008	0.01938	0.02422	0.02229	0.01744	0.02229	0.01550	0.02326	0.01163	0.00872	0.00872	0.00291	0.01163	0.00775	0.00388	0.00969
5	0.01684	0.01587	0.02682	0.62858	0.10114	0.01948	0.02441	0.02260	0.01761	0.02273	0.01557	0.02314	0.01178	0.00865	0.00871	0.00288	0.01154	0.00775	0.00391	0.00998
6	0.01031	0.00884	0.00884	0.00884	0.01178	0.00736	0.00663	0.01252	0.01988	0.02356	0.08837	0.08395	0.63549	0.02209	0.01031	0.00295	0.00442	0.01841	0.00810	0.00736
7	0.01043	0.00884	0.00900	0.00896	0.01186	0.00741	0.00672	0.01275	0.02017	0.02424	0.12062	0.08284	0.60282	0.02184	0.01031	0.00293	0.00440	0.01825	0.00819	0.00741
8	0.02567	0.14531	0.27666	0.02094	0.03019	0.06130	0.02229	0.20709	0.02605	0.07824	0.01789	0.01910	0.01299	0.00904	0.00798	0.00253	0.01107	0.00670	0.00579	0.01318
9	0.01750	0.04512	0.64825	0.02486	0.03775	0.02026	0.03223	0.02762	0.01842	0.02762	0.01565	0.01842	0.01105	0.00829	0.00829	0.00276	0.01289	0.00645	0.00368	0.01289
10	0.02039	0.02494	0.09045	0.03599	0.04508	0.02194	0.56978	0.02792	0.02045	0.02792	0.01752	0.02320	0.01309	0.00741	0.01016	0.00293	0.01459	0.01004	0.00436	0.01184
11	0.02837	0.03357	0.02882	0.03439	0.26182	0.41374	0.02066	0.03174	0.02286	0.02409	0.01461	0.01798	0.01223	0.00852	0.00816	0.00238	0.01367	0.00644	0.00443	0.01153
12	0.01647	0.01550	0.02616	0.67248	0.06008	0.01938	0.02422	0.02229	0.01744	0.02229	0.01550	0.02326	0.01163	0.00872	0.00872	0.00291	0.01163	0.00775	0.00388	0.00969
13	0.01161	0.00830	0.01125	0.01327	0.01421	0.00794	0.00981	0.01385	0.01767	0.02337	0.04753	0.51816	0.05554	0.02640	0.01140	0.00368	0.00592	0.18465	0.00808	0.00736
14	0.01820	0.12388	0.57564	0.02366	0.03590	0.02198	0.03014	0.02744	0.01833	0.02677	0.01523	0.01788	0.01107	0.00819	0.00796	0.00265	0.01246	0.00623	0.00369	0.01269
15	0.02035	0.36534	0.35304	0.01999	0.03023	0.02724	0.02375	0.02689	0.01808	0.02414	0.01393	0.01625	0.01112	0.00788	0.00697	0.00232	0.01115	0.00557	0.00371	0.01206
16	0.02401	0.02836	0.01941	0.01886	0.04785	0.38641	0.01343	0.02631	0.02242	0.02258	0.06417	0.03876	0.17567	0.06126	0.01123	0.00291	0.01152	0.00998	0.00571	0.00914
17	0.01083	0.00775	0.01031	0.01200	0.01270	0.00722	0.00811	0.01267	0.01766	0.02380	0.11874	0.61272	0.06066	0.02618	0.01103	0.00345	0.00495	0.02371	0.00828	0.00722
18	0.01515	0.00758	0.01136	0.01136	0.01136	0.00758	0.00758	0.01136	0.01136	0.01515	0.01515	0.02652	0.01515	0.03030	0.03409	0.74621	0.00758	0.00758	0.00379	0.00379
19	0.02745	0.03327	0.02518	0.22958	0.03752	0.45481	0.01920	0.03083	0.02240	0.02165	0.01413	0.01813	0.01136	0.00890	0.00814	0.00246	0.01442	0.00630	0.00430	0.00998
20	0.02159	0.02073	0.03541	0.05354	0.63903	0.02073	0.02677	0.02677	0.01986	0.02850	0.01641	0.02159	0.01382	0.00777	0.00864	0.00259	0.01036	0.00777	0.00432	0.01382
21	0.01084	0.00886	0.00957	0.00939	0.01211	0.00759	0.00704	0.01354	0.02113	0.02652	0.22999	0.07907	0.49202	0.02099	0.01030	0.00289	0.00434	0.01773	0.00849	0.00759
22	0.02024	0.02467	0.09165	0.03472	0.04306	0.02234	0.51549	0.02732	0.01981	0.02732	0.01697	0.02278	0.01293	0.00811	0.01174	0.00300	0.07212	0.00979	0.00431	0.01165
23	0.01212	0.00942	0.01287	0.09178	0.01846	0.00994	0.01019	0.01399	0.01619	0.02148	0.04130	0.44010	0.07918	0.12226	0.01673	0.00417	0.04603	0.01957	0.00692	0.00729
24	0.01088	0.00806	0.01016	0.01133	0.01256	0.00734	0.00785	0.01299	0.01871	0.02478	0.16024	0.46551	0.16832	0.02467	0.01083	0.00329	0.00477	0.02201	0.00837	0.00734
25	0.02159	0.02073	0.03541	0.05354	0.63903	0.02073	0.02677	0.02677	0.01986	0.02850	0.01641	0.02159	0.01382	0.00777	0.00864	0.00259	0.01036	0.00777	0.00432	0.01382
26	0.01289	0.00984	0.01222	0.01328	0.01545	0.00955	0.01062	0.01751	0.06570	0.02587	0.08401	0.20716	0.20438	0.02300	0.01108	0.00350	0.00622	0.25141	0.00820	0.00812
27	0.02159	0.02073	0.03541	0.05354	0.63903	0.02073	0.02677	0.02677	0.01986	0.02850	0.01641	0.02159	0.01382	0.00777	0.00864	0.00259	0.01036	0.00777	0.00432	0.01382
28	0.01972	0.21032	0.35436	0.02501	0.03555	0.02438	0.15978	0.02731	0.01873	0.02585	0.01519	0.01844	0.01159	0.00786	0.00805	0.00257	0.01238	0.00687	0.00386	0.01219
29	0.02016	0.02248	0.10697	0.09111	0.47802	0.01976	0.02628	0.02589	0.01953	0.02777	0.01853	0.02720	0.01611	0.00915	0.00886	0.00274	0.01058	0.05140	0.00449	0.01297
30	0.02340	0.02581	0.02546	0.17712	0.16111	0.26699	0.02014	0.02739	0.02124	0.02388	0.02017	0.03287	0.01855	0.01127	0.00894	0.00277	0.01234	0.10518	0.00492	0.01043
31	0.01109	0.00842	0.01070	0.04954	0.01491	0.00799	0.00843	0.01287	0.01709	0.02206	0.05347	0.45049	0.18521	0.08840	0.01397	0.00384	0.00562	0.02119	0.00758	0.00713
32	0.02000	0.02816	0.18661	0.03600	0.11330	0.02149	0.40730	0.02773	0.02000	0.02793	0.01704	0.02213	0.01280	0.00762	0.00964	0.00286	0.01378	0.00912	0.00423	0.01226
33	0.02734	0.11378	0.03144	0.08501	0.11792	0.37557	0.07485	0.03087	0.02215	0.02297	0.01431	0.01776	0.01182	0.00845	0.00801	0.00237	0.01374	0.00644	0.00431	0.01089
34	0.15690	0.02145	0.03550	0.07910	0.08248	0.02241	0.27466	0.13370	0.02269	0.03427	0.01672	0.02098	0.01268	0.00854	0.00964	0.00285	0.04000	0.00832	0.00531	0.01181
35	0.02860	0.03402	0.02859	0.03373	0.24885	0.42725	0.02045	0.03191	0.02296	0.02394	0.01454	0.01785	0.01217	0.00855	0.00814	0.00237	0.01378	0.00640	0.00443	0.01146
36	0.01524	0.01186	0.01495	0.01378	0.01484	0.01373	0.01005	0.06055	0.01570	0.02173	0.02663	0.04366	0.05953	0.33328	0.17787	0.00811	0.13473	0.01095	0.00530	0.00749
37	0.01076	0.00765	0.01008	0.01197	0.01245	0.00717	0.00791	0.01218	0.01644	0.02192	0.04673	0.64655	0.05600	0.07084	0.01331	0.00386	0.00528	0.02401	0.00791	0.00697
38	0.01647	0.01550	0.02616	0.67248	0.06008	0.01938	0.02422	0.02229	0.01744	0.02229	0.01550	0.02326	0.01163	0.00872	0.00872	0.00291	0.01163	0.00775	0.00388	0.00969

[dist]
# distance from previous block
# <min> <max>
0	7

# created by:
# /home/cegg/simao/soft/augustus-3.2.1/scripts/msa2prfl.pl ./align_prep/14913.fa
