[name]
unknown

[dist]
# distance from previous block
# <min> <max>
0	0

[block]
# block no. 0 follows, 22 sequences, length 43
# corresponding to MSA columns:
# 0-42
name=unknown_A
#
# <colnr> <probs for GDERKNQSTAVLIFYWHMCP>
#	G	D	E	R	K	N	Q	S	T	A	V	L	I	F	Y	W	H	M	C	P
0	0.01339	0.00956	0.01339	0.01530	0.01721	0.00956	0.01339	0.01721	0.01912	0.02486	0.04399	0.09371	0.04781	0.02295	0.01147	0.00382	0.00765	0.60031	0.00765	0.00765
1	0.01666	0.04297	0.66500	0.02368	0.03596	0.01929	0.03069	0.02631	0.01754	0.02631	0.01491	0.01754	0.01052	0.00789	0.00789	0.00263	0.01228	0.00614	0.00351	0.01228
2	0.02185	0.44633	0.10597	0.02371	0.16161	0.07096	0.01854	0.02571	0.01783	0.02197	0.01288	0.01546	0.01119	0.00735	0.00638	0.00204	0.00986	0.00533	0.00372	0.01131
3	0.03476	0.01358	0.01847	0.01435	0.02034	0.01178	0.01178	0.03804	0.02375	0.60009	0.09371	0.03160	0.02626	0.01094	0.00850	0.00257	0.00676	0.00901	0.01017	0.01352
4	0.01201	0.00832	0.01039	0.01039	0.01086	0.00878	0.00670	0.01294	0.01248	0.01710	0.02496	0.04761	0.02727	0.50737	0.23895	0.00970	0.01247	0.01109	0.00485	0.00577
5	0.03727	0.01414	0.01928	0.01478	0.02121	0.01221	0.01221	0.04049	0.02378	0.66198	0.03277	0.02828	0.02056	0.01028	0.00835	0.00257	0.00707	0.00835	0.01028	0.01414
6	0.76672	0.01607	0.01221	0.01092	0.01607	0.01864	0.00900	0.02442	0.01414	0.03727	0.01157	0.01350	0.00900	0.00771	0.00514	0.00257	0.00643	0.00450	0.00514	0.00900
7	0.02741	0.01702	0.01948	0.01591	0.02095	0.01778	0.01273	0.33557	0.02962	0.17756	0.02848	0.16222	0.02434	0.01331	0.00863	0.00266	0.00747	0.01099	0.05565	0.01222
8	0.01549	0.00774	0.00774	0.00774	0.00968	0.00774	0.00581	0.01936	0.01742	0.03097	0.02710	0.03097	0.02129	0.00968	0.00581	0.00194	0.00387	0.00774	0.75416	0.00774
9	0.01571	0.01144	0.01384	0.01230	0.01512	0.01144	0.00946	0.14089	0.02622	0.03645	0.48425	0.09383	0.06375	0.01612	0.00954	0.00264	0.00505	0.01402	0.00888	0.00906
10	0.01961	0.02241	0.04902	0.03501	0.04342	0.02101	0.62605	0.02661	0.01961	0.02661	0.01681	0.02241	0.01261	0.00700	0.00980	0.00280	0.01401	0.00980	0.00420	0.01120
11	0.03155	0.02414	0.02486	0.01924	0.02576	0.06044	0.01580	0.59671	0.03823	0.05064	0.01957	0.01968	0.01394	0.00990	0.00827	0.00247	0.00945	0.00737	0.00810	0.01389
12	0.01057	0.00753	0.00991	0.01120	0.01195	0.00704	0.00759	0.01244	0.01725	0.02340	0.16876	0.53488	0.05835	0.06267	0.01223	0.00348	0.00482	0.02121	0.00785	0.00687
13	0.01208	0.00805	0.00906	0.00906	0.00906	0.00805	0.00503	0.01208	0.01208	0.01611	0.02618	0.05436	0.03020	0.70804	0.04228	0.00805	0.00805	0.01208	0.00503	0.00503
14	0.01666	0.04297	0.66500	0.02368	0.03596	0.01929	0.03069	0.02631	0.01754	0.02631	0.01491	0.01754	0.01052	0.00789	0.00789	0.00263	0.01228	0.00614	0.00351	0.01228
15	0.01723	0.01477	0.01723	0.01230	0.01969	0.01107	0.00984	0.02092	0.01723	0.02707	0.01477	0.01723	0.01230	0.00615	0.00615	0.00123	0.00615	0.00492	0.00492	0.75883
16	0.02056	0.01974	0.03372	0.05099	0.65622	0.01974	0.02550	0.02550	0.01892	0.02714	0.01563	0.02056	0.01316	0.00740	0.00822	0.00247	0.00987	0.00740	0.00411	0.01316
17	0.02528	0.01791	0.01713	0.01512	0.01936	0.15569	0.01198	0.02963	0.06165	0.24368	0.14079	0.04357	0.08651	0.01355	0.00892	0.00267	0.00804	0.07976	0.00813	0.01063
18	0.02100	0.56693	0.17905	0.01628	0.02451	0.02991	0.01781	0.02519	0.01702	0.02102	0.01228	0.01424	0.01063	0.00728	0.00589	0.00196	0.00962	0.00481	0.00354	0.01101
19	0.01147	0.00782	0.00933	0.00989	0.01013	0.00764	0.00598	0.01208	0.01376	0.01843	0.05987	0.25352	0.03992	0.46830	0.03113	0.00638	0.00688	0.01575	0.00604	0.00568
20	0.02972	0.02156	0.02330	0.01838	0.02461	0.02382	0.01501	0.47004	0.16133	0.08902	0.02363	0.02276	0.01685	0.01026	0.00834	0.00256	0.00848	0.00793	0.00847	0.01393
21	0.01099	0.00852	0.01116	0.01217	0.01295	0.00869	0.00860	0.01271	0.01642	0.02202	0.08645	0.52691	0.11556	0.02377	0.01211	0.00329	0.07242	0.02079	0.00741	0.00708
22	0.01531	0.00780	0.00802	0.00802	0.00993	0.00787	0.00603	0.01914	0.01722	0.03040	0.02686	0.03105	0.02127	0.01225	0.03845	0.00249	0.00477	0.00780	0.71760	0.00773
23	0.01163	0.00944	0.01043	0.01001	0.01273	0.00874	0.00756	0.01662	0.08649	0.02747	0.27301	0.06864	0.38981	0.01862	0.00967	0.00274	0.00436	0.01581	0.00828	0.00795
24	0.03103	0.03959	0.02354	0.02140	0.02568	0.67469	0.01605	0.03317	0.02354	0.02033	0.01284	0.01498	0.01070	0.00856	0.00749	0.00214	0.01498	0.00535	0.00428	0.00963
25	0.02056	0.01974	0.03372	0.05099	0.65622	0.01974	0.02550	0.02550	0.01892	0.02714	0.01563	0.02056	0.01316	0.00740	0.00822	0.00247	0.00987	0.00740	0.00411	0.01316
26	0.03158	0.02327	0.02493	0.01911	0.02576	0.02576	0.01579	0.62852	0.03906	0.05236	0.01995	0.01995	0.01413	0.00997	0.00831	0.00249	0.00914	0.00748	0.00831	0.01413
27	0.00982	0.00842	0.00842	0.00842	0.01122	0.00701	0.00631	0.01192	0.01894	0.02244	0.08416	0.07995	0.65285	0.02104	0.00982	0.00281	0.00421	0.01753	0.00771	0.00701
28	0.02102	0.02081	0.03263	0.07944	0.58600	0.06293	0.02476	0.02580	0.01911	0.02641	0.01540	0.02027	0.01290	0.00752	0.00818	0.00246	0.01026	0.00727	0.00410	0.01274
29	0.01012	0.00723	0.00964	0.01157	0.01205	0.00675	0.00771	0.01157	0.01591	0.02121	0.04579	0.70262	0.05495	0.02603	0.01060	0.00337	0.00482	0.02362	0.00771	0.00675
30	0.01143	0.00791	0.00913	0.00955	0.00993	0.00767	0.00575	0.01195	0.01359	0.01784	0.03610	0.19914	0.09603	0.49171	0.03218	0.00652	0.00697	0.01514	0.00588	0.00560
31	0.01067	0.00765	0.01013	0.01119	0.01217	0.00711	0.00775	0.01295	0.01846	0.02528	0.24945	0.48737	0.06282	0.02299	0.01033	0.00312	0.00452	0.02073	0.00819	0.00711
32	0.02056	0.01974	0.03372	0.05099	0.65622	0.01974	0.02550	0.02550	0.01892	0.02714	0.01563	0.02056	0.01316	0.00740	0.00822	0.00247	0.00987	0.00740	0.00411	0.01316
33	0.02278	0.40294	0.19059	0.01809	0.02584	0.16952	0.01863	0.02703	0.01849	0.02136	0.01265	0.01471	0.01064	0.00762	0.00643	0.00206	0.01104	0.00505	0.00370	0.01083
34	0.01303	0.01258	0.07537	0.01222	0.01555	0.00956	0.01024	0.01751	0.05987	0.05046	0.15457	0.25479	0.21314	0.01888	0.00956	0.00285	0.00549	0.01642	0.00758	0.04032
35	0.02372	0.03111	0.16162	0.01888	0.02609	0.26437	0.01731	0.08652	0.02182	0.02685	0.01458	0.01672	0.01149	0.00782	0.00725	0.00200	0.01111	0.00560	0.00471	0.24042
36	0.05122	0.02291	0.13055	0.01582	0.02163	0.11710	0.01448	0.09470	0.08692	0.05888	0.03976	0.03890	0.21615	0.01278	0.00838	0.00255	0.00843	0.01010	0.00648	0.04228
37	0.02398	0.02045	0.01872	0.01587	0.02038	0.15876	0.01214	0.18541	0.02425	0.08177	0.02365	0.13996	0.02221	0.08055	0.01152	0.00292	0.00891	0.00990	0.00662	0.13202
38	0.02420	0.02461	0.02549	0.02969	0.25675	0.22942	0.01778	0.02781	0.02031	0.06495	0.01560	0.01843	0.01262	0.00765	0.00749	0.00207	0.01044	0.00619	0.00475	0.19375
39	0.02443	0.13286	0.02240	0.01546	0.02018	0.13190	0.01268	0.09065	0.02088	0.14990	0.02055	0.02335	0.01622	0.02279	0.18162	0.00508	0.01273	0.00704	0.04303	0.04624
40	0.01889	0.36206	0.14205	0.01525	0.02194	0.02312	0.01546	0.05234	0.01888	0.02472	0.09877	0.08875	0.02400	0.01047	0.00707	0.00220	0.00829	0.00817	0.00499	0.05260
41	0.05466	0.21865	0.03181	0.06486	0.21602	0.08881	0.01826	0.11992	0.06081	0.02877	0.01579	0.01831	0.01283	0.00814	0.00723	0.00229	0.00970	0.00637	0.00491	0.01185
42	0.02647	0.03037	0.11957	0.02236	0.05486	0.28650	0.07425	0.06897	0.04916	0.10411	0.04095	0.02074	0.01556	0.00889	0.00802	0.00237	0.01180	0.00698	0.00552	0.04254

[dist]
# distance from previous block
# <min> <max>
3	103

[block]
# block no. 1 follows, 22 sequences, length 151
# corresponding to MSA columns:
# 146-296
name=unknown_B
#
# <colnr> <probs for GDERKNQSTAVLIFYWHMCP>
#	G	D	E	R	K	N	Q	S	T	A	V	L	I	F	Y	W	H	M	C	P
0	0.02260	0.01867	0.02359	0.02369	0.13150	0.04882	0.06327	0.08687	0.28321	0.09425	0.03012	0.06100	0.05241	0.01112	0.00862	0.00270	0.00818	0.00971	0.00728	0.01241
1	0.05157	0.05958	0.12151	0.02266	0.05742	0.16299	0.13828	0.08683	0.02105	0.02770	0.01811	0.05272	0.01510	0.01179	0.04164	0.00300	0.01171	0.00787	0.07791	0.01055
2	0.02402	0.01901	0.04650	0.02098	0.11464	0.04880	0.01495	0.20639	0.08632	0.12119	0.03463	0.07094	0.13018	0.01246	0.00866	0.00262	0.00801	0.01030	0.00746	0.01194
3	0.01809	0.13167	0.17774	0.01852	0.07773	0.01666	0.01664	0.02383	0.05067	0.08894	0.11311	0.06402	0.12133	0.01259	0.00837	0.00258	0.00794	0.03282	0.00619	0.01056
4	0.02099	0.06599	0.11910	0.05743	0.17330	0.22355	0.01872	0.02508	0.01994	0.02323	0.02805	0.02988	0.13938	0.01059	0.00810	0.00243	0.01070	0.00842	0.00474	0.01037
5	0.01501	0.03130	0.43633	0.05213	0.03018	0.01634	0.02385	0.02199	0.01685	0.02446	0.02261	0.19308	0.02193	0.01287	0.00953	0.00288	0.04277	0.01072	0.00460	0.01057
6	0.02168	0.02489	0.06028	0.06855	0.29426	0.18711	0.09758	0.02611	0.01987	0.02447	0.01974	0.05470	0.04519	0.00927	0.00841	0.00251	0.01137	0.00838	0.00446	0.01116
7	0.05859	0.02822	0.17026	0.11685	0.12240	0.18039	0.04789	0.05435	0.02018	0.02567	0.02154	0.02433	0.07525	0.00940	0.00806	0.00252	0.01126	0.00758	0.00457	0.01068
8	0.01985	0.02659	0.17920	0.03798	0.29849	0.05242	0.18300	0.02612	0.01875	0.02618	0.01544	0.01999	0.01220	0.00776	0.00932	0.00262	0.04036	0.00764	0.00399	0.01210
9	0.02421	0.05946	0.11107	0.02677	0.15285	0.12123	0.02013	0.18920	0.02356	0.03106	0.01515	0.01834	0.01214	0.00975	0.01175	0.00265	0.14697	0.00678	0.00508	0.01185
10	0.01262	0.00813	0.01070	0.01160	0.01294	0.00800	0.00841	0.01492	0.01631	0.05344	0.03998	0.39194	0.07136	0.02971	0.13770	0.00506	0.00827	0.04680	0.10469	0.00742
11	0.01202	0.00798	0.01061	0.01208	0.01302	0.00755	0.00858	0.01380	0.01644	0.05002	0.04324	0.52075	0.05016	0.08339	0.01336	0.00381	0.00564	0.11291	0.00759	0.00707
12	0.02406	0.25208	0.12917	0.02455	0.15162	0.02592	0.01945	0.21928	0.02452	0.03263	0.01557	0.01753	0.01225	0.00821	0.00725	0.00227	0.00967	0.00626	0.00519	0.01252
13	0.01739	0.13048	0.58384	0.02244	0.03404	0.02107	0.02854	0.02612	0.01745	0.02543	0.01447	0.01699	0.01054	0.00779	0.00756	0.00252	0.01183	0.00592	0.00351	0.01207
14	0.03103	0.03959	0.02354	0.02140	0.02568	0.67469	0.01605	0.03317	0.02354	0.02033	0.01284	0.01498	0.01070	0.00856	0.00749	0.00214	0.01498	0.00535	0.00428	0.00963
15	0.01173	0.04255	0.11437	0.01339	0.01619	0.00989	0.01155	0.01467	0.01671	0.02259	0.07102	0.50617	0.07421	0.02171	0.00988	0.00313	0.00609	0.01936	0.00695	0.00785
16	0.03299	0.02101	0.02353	0.01804	0.02464	0.02241	0.01491	0.48320	0.03528	0.20302	0.02312	0.02200	0.01572	0.01005	0.00832	0.00251	0.00863	0.00770	0.00880	0.01413
17	0.01045	0.00766	0.00925	0.01037	0.01127	0.00707	0.00687	0.01175	0.01581	0.02046	0.05038	0.43532	0.18249	0.16099	0.01675	0.00418	0.00533	0.01997	0.00718	0.00646
18	0.01038	0.00734	0.00956	0.01124	0.01166	0.00692	0.00736	0.01163	0.01541	0.02054	0.04323	0.61796	0.05171	0.11510	0.01474	0.00399	0.00524	0.02211	0.00736	0.00652
19	0.03103	0.03959	0.02354	0.02140	0.02568	0.67469	0.01605	0.03317	0.02354	0.02033	0.01284	0.01498	0.01070	0.00856	0.00749	0.00214	0.01498	0.00535	0.00428	0.00963
20	0.76672	0.01607	0.01221	0.01092	0.01607	0.01864	0.00900	0.02442	0.01414	0.03727	0.01157	0.01350	0.00900	0.00771	0.00514	0.00257	0.00643	0.00450	0.00514	0.00900
21	0.01187	0.00890	0.01335	0.01335	0.01483	0.01038	0.01038	0.01483	0.01335	0.01928	0.02225	0.03264	0.02077	0.06231	0.67512	0.01335	0.02225	0.00890	0.00445	0.00742
22	0.02019	0.01123	0.01424	0.01346	0.01638	0.01081	0.01001	0.08255	0.05063	0.19994	0.03908	0.41790	0.04006	0.01941	0.00966	0.00304	0.00595	0.01715	0.00851	0.00981
23	0.01187	0.00890	0.01335	0.01335	0.01483	0.01038	0.01038	0.01483	0.01335	0.01928	0.02225	0.03264	0.02077	0.06231	0.67512	0.01335	0.02225	0.00890	0.00445	0.00742
24	0.01206	0.00808	0.00916	0.00913	0.00923	0.00804	0.00518	0.01226	0.01266	0.01698	0.05804	0.05476	0.03266	0.67285	0.04063	0.00778	0.00784	0.01223	0.00524	0.00518
25	0.03122	0.03388	0.02403	0.02060	0.02571	0.44752	0.01596	0.24159	0.02897	0.03154	0.01533	0.01672	0.01190	0.00905	0.00778	0.00226	0.01294	0.00610	0.00569	0.01121
26	0.01610	0.01536	0.02647	0.62770	0.08404	0.01864	0.05194	0.02168	0.01686	0.02175	0.01490	0.02209	0.01124	0.00820	0.00837	0.00276	0.01116	0.00750	0.00374	0.00950
27	0.00982	0.00842	0.00842	0.00842	0.01122	0.00701	0.00631	0.01192	0.01894	0.02244	0.08416	0.07995	0.65285	0.02104	0.00982	0.00281	0.00421	0.01753	0.00771	0.00701
28	0.44621	0.02541	0.23261	0.01893	0.08242	0.01896	0.01779	0.02515	0.01572	0.03266	0.01306	0.01551	0.00990	0.00774	0.00635	0.00258	0.00870	0.00532	0.00450	0.01048
29	0.02664	0.02673	0.02467	0.02081	0.02433	0.23523	0.01672	0.21988	0.02468	0.03051	0.01444	0.01771	0.01188	0.01114	0.01478	0.00279	0.25412	0.00672	0.00535	0.01088
30	0.03118	0.03515	0.02392	0.02078	0.02570	0.49786	0.01598	0.19540	0.02777	0.02906	0.01478	0.01633	0.01163	0.00895	0.00771	0.00224	0.01339	0.00593	0.00538	0.01086
31	0.00982	0.00842	0.00842	0.00842	0.01122	0.00701	0.00631	0.01192	0.01894	0.02244	0.08416	0.07995	0.65285	0.02104	0.00982	0.00281	0.00421	0.01753	0.00771	0.00701
32	0.03103	0.03959	0.02354	0.02140	0.02568	0.67469	0.01605	0.03317	0.02354	0.02033	0.01284	0.01498	0.01070	0.00856	0.00749	0.00214	0.01498	0.00535	0.00428	0.00963
33	0.01084	0.00775	0.01047	0.01239	0.01319	0.00737	0.00897	0.01282	0.01662	0.02202	0.04539	0.56770	0.05336	0.02534	0.01080	0.00347	0.00545	0.15140	0.00770	0.00695
34	0.01012	0.00723	0.00964	0.01157	0.01205	0.00675	0.00771	0.01157	0.01591	0.02121	0.04579	0.70262	0.05495	0.02603	0.01060	0.00337	0.00482	0.02362	0.00771	0.00675
35	0.01664	0.01638	0.02000	0.01829	0.01896	0.07820	0.01451	0.01851	0.01458	0.02026	0.02116	0.19448	0.02315	0.02178	0.08688	0.00442	0.38714	0.01144	0.00482	0.00837
36	0.02273	0.02218	0.01973	0.01780	0.02242	0.15115	0.01373	0.04196	0.51798	0.03187	0.02963	0.02780	0.02243	0.01073	0.00826	0.00268	0.00825	0.00859	0.00762	0.01245
37	0.01666	0.04297	0.66500	0.02368	0.03596	0.01929	0.03069	0.02631	0.01754	0.02631	0.01491	0.01754	0.01052	0.00789	0.00789	0.00263	0.01228	0.00614	0.00351	0.01228
38	0.01012	0.00723	0.00964	0.01157	0.01205	0.00675	0.00771	0.01157	0.01591	0.02121	0.04579	0.70262	0.05495	0.02603	0.01060	0.00337	0.00482	0.02362	0.00771	0.00675
39	0.02529	0.02009	0.02349	0.01896	0.02280	0.02387	0.01547	0.37039	0.02786	0.03828	0.01767	0.02287	0.01472	0.08221	0.01785	0.00342	0.22883	0.00788	0.00648	0.01159
40	0.26600	0.02000	0.01976	0.01609	0.02191	0.02258	0.01314	0.33164	0.13684	0.04441	0.01969	0.01981	0.01445	0.00947	0.00732	0.00258	0.00782	0.00686	0.00732	0.01231
41	0.01059	0.00841	0.00961	0.01011	0.01235	0.00743	0.00772	0.01304	0.01900	0.02377	0.13320	0.17332	0.41342	0.02163	0.01018	0.00302	0.00477	0.10340	0.00786	0.00715
42	0.02014	0.01931	0.03295	0.10637	0.60415	0.01963	0.02528	0.02512	0.01872	0.02663	0.01555	0.02070	0.01298	0.00748	0.00823	0.00249	0.00997	0.00740	0.00408	0.01282
43	0.02186	0.01936	0.02971	0.19304	0.37633	0.02077	0.02278	0.15811	0.02284	0.03134	0.01638	0.02080	0.01289	0.00818	0.00826	0.00254	0.00999	0.00741	0.00494	0.01245
44	0.02221	0.71304	0.04353	0.01421	0.02132	0.03287	0.01421	0.02488	0.01688	0.01955	0.01155	0.01333	0.01066	0.00711	0.00533	0.00178	0.00888	0.00444	0.00355	0.01066
45	0.01208	0.00805	0.00906	0.00906	0.00906	0.00805	0.00503	0.01208	0.01208	0.01611	0.02618	0.05436	0.03020	0.70804	0.04228	0.00805	0.00805	0.01208	0.00503	0.00503
46	0.01357	0.01154	0.01351	0.04082	0.04260	0.06154	0.01116	0.01682	0.04357	0.02276	0.03988	0.43168	0.04527	0.02192	0.01028	0.00329	0.00676	0.14808	0.00716	0.00780
47	0.01207	0.00809	0.00924	0.00924	0.00930	0.00815	0.00525	0.01219	0.01213	0.01624	0.02602	0.05348	0.02982	0.68177	0.06803	0.00827	0.00863	0.01195	0.00501	0.00513
48	0.01271	0.01137	0.02039	0.01797	0.02062	0.01064	0.17656	0.01568	0.01692	0.02268	0.03787	0.51687	0.04338	0.02083	0.01039	0.00322	0.00733	0.01984	0.00675	0.00796
49	0.03086	0.02859	0.02489	0.02143	0.05631	0.24389	0.01635	0.39889	0.03286	0.04035	0.01734	0.01830	0.01293	0.00937	0.00803	0.00237	0.01114	0.00676	0.00675	0.01257
50	0.02056	0.01974	0.03372	0.05099	0.65622	0.01974	0.02550	0.02550	0.01892	0.02714	0.01563	0.02056	0.01316	0.00740	0.00822	0.00247	0.00987	0.00740	0.00411	0.01316
51	0.09394	0.02405	0.16210	0.17579	0.07188	0.01980	0.28203	0.02508	0.01794	0.02646	0.01539	0.02039	0.01151	0.00756	0.00854	0.00272	0.01204	0.00788	0.00404	0.01085
52	0.02066	0.01785	0.01878	0.01691	0.02160	0.02066	0.01315	0.04414	0.64121	0.03475	0.03381	0.03099	0.02536	0.01127	0.00845	0.00282	0.00657	0.00939	0.00845	0.01315
53	0.01645	0.01546	0.02498	0.26808	0.30032	0.01646	0.02038	0.02097	0.01810	0.02400	0.03051	0.03428	0.15416	0.01074	0.00861	0.00265	0.00904	0.00964	0.00476	0.01040
54	0.01852	0.01658	0.02458	0.06291	0.38237	0.04904	0.01863	0.02287	0.01912	0.02757	0.08616	0.06103	0.02339	0.00986	0.00805	0.00243	0.00823	0.00898	0.13873	0.01096
55	0.02594	0.18287	0.03102	0.02866	0.21338	0.33651	0.01847	0.02904	0.02068	0.02219	0.01339	0.01628	0.01143	0.00789	0.00723	0.00216	0.01210	0.00576	0.00407	0.01091
56	0.01055	0.00844	0.00943	0.00918	0.01167	0.00732	0.00689	0.01334	0.02066	0.02655	0.29853	0.07319	0.43592	0.01951	0.00981	0.00273	0.00410	0.01659	0.00825	0.00732
57	0.02002	0.01936	0.03357	0.11480	0.56577	0.01967	0.05438	0.02512	0.01872	0.02652	0.01560	0.02081	0.01292	0.00747	0.00831	0.00251	0.01019	0.00752	0.00407	0.01267
58	0.05668	0.01956	0.03268	0.04905	0.62523	0.01969	0.02470	0.02544	0.01868	0.02763	0.01543	0.02022	0.01296	0.00742	0.00808	0.00247	0.00970	0.00726	0.00416	0.01296
59	0.01060	0.00747	0.00961	0.01100	0.01147	0.00707	0.00718	0.01190	0.01557	0.02087	0.07603	0.53719	0.05133	0.16159	0.01688	0.00426	0.00541	0.02083	0.00726	0.00647
60	0.02029	0.01946	0.03322	0.08689	0.62247	0.01967	0.02536	0.02525	0.01879	0.02681	0.01558	0.02065	0.01304	0.00745	0.00823	0.00248	0.00994	0.00740	0.00409	0.01294
61	0.01875	0.01802	0.02697	0.14565	0.15733	0.08134	0.13828	0.02332	0.01997	0.05782	0.11155	0.03470	0.10826	0.01089	0.00892	0.00263	0.00971	0.01012	0.00555	0.01021
62	0.01099	0.00846	0.01004	0.00964	0.01194	0.00751	0.00723	0.01419	0.02170	0.02900	0.42657	0.06916	0.30634	0.01859	0.00981	0.00269	0.00403	0.01602	0.00858	0.00751
63	0.01923	0.01838	0.03132	0.22496	0.49265	0.01939	0.02483	0.02433	0.01829	0.02553	0.01539	0.02099	0.01259	0.00765	0.00825	0.00255	0.01020	0.00740	0.00400	0.01209
64	0.02245	0.02488	0.06384	0.04370	0.49883	0.15039	0.02388	0.02707	0.01977	0.02574	0.01503	0.01929	0.01253	0.00766	0.00806	0.00241	0.01101	0.00693	0.00411	0.01241
65	0.01964	0.02509	0.17623	0.04408	0.48721	0.01970	0.05579	0.02573	0.01864	0.02693	0.01552	0.01997	0.01254	0.00749	0.00823	0.00252	0.01061	0.00723	0.00398	0.01287
66	0.03103	0.03959	0.02354	0.02140	0.02568	0.67469	0.01605	0.03317	0.02354	0.02033	0.01284	0.01498	0.01070	0.00856	0.00749	0.00214	0.01498	0.00535	0.00428	0.00963
67	0.01735	0.01635	0.02615	0.03825	0.46323	0.01593	0.01976	0.02143	0.01892	0.02573	0.03613	0.03833	0.20456	0.01148	0.00870	0.00257	0.00818	0.01043	0.00519	0.01132
68	0.01025	0.00843	0.00901	0.00887	0.01148	0.00720	0.00665	0.01275	0.01995	0.02485	0.20994	0.07598	0.52556	0.02014	0.00981	0.00276	0.00414	0.01698	0.00803	0.00720
69	0.01187	0.00890	0.01335	0.01335	0.01483	0.01038	0.01038	0.01483	0.01335	0.01928	0.02225	0.03264	0.02077	0.06231	0.67512	0.01335	0.02225	0.00890	0.00445	0.00742
70	0.01984	0.01991	0.03588	0.08049	0.42339	0.02050	0.16005	0.02498	0.01835	0.02600	0.01539	0.02084	0.01270	0.00805	0.01041	0.00267	0.07646	0.00793	0.00406	0.01211
71	0.13089	0.15753	0.02690	0.22686	0.11952	0.08778	0.01755	0.05316	0.01854	0.02557	0.01774	0.02131	0.04725	0.00868	0.00723	0.00242	0.00970	0.00674	0.00445	0.01018
72	0.01018	0.00736	0.00964	0.01134	0.01202	0.00682	0.00764	0.01179	0.01645	0.02186	0.07734	0.63647	0.08977	0.02531	0.01052	0.00330	0.00474	0.02286	0.00778	0.00682
73	0.01012	0.00723	0.00964	0.01157	0.01205	0.00675	0.00771	0.01157	0.01591	0.02121	0.04579	0.70262	0.05495	0.02603	0.01060	0.00337	0.00482	0.02362	0.00771	0.00675
74	0.01974	0.06503	0.27698	0.02830	0.06078	0.08738	0.25515	0.02670	0.01872	0.02520	0.01509	0.01909	0.01147	0.00790	0.00946	0.00265	0.04761	0.00749	0.00388	0.01139
75	0.01898	0.24004	0.34152	0.02334	0.03321	0.02376	0.15765	0.02594	0.01780	0.02434	0.01432	0.01735	0.01103	0.00746	0.00755	0.00241	0.01164	0.00644	0.00368	0.01155
76	0.01071	0.00893	0.00943	0.00937	0.01214	0.00788	0.00715	0.01410	0.04908	0.02424	0.13631	0.07653	0.53484	0.02027	0.00984	0.00284	0.00447	0.04657	0.00789	0.00742
77	0.02056	0.01974	0.03372	0.05099	0.65622	0.01974	0.02550	0.02550	0.01892	0.02714	0.01563	0.02056	0.01316	0.00740	0.00822	0.00247	0.00987	0.00740	0.00411	0.01316
78	0.01929	0.02574	0.19425	0.03826	0.37609	0.04988	0.05032	0.02528	0.01883	0.02635	0.01823	0.02701	0.01585	0.00914	0.00850	0.00265	0.01068	0.06719	0.00433	0.01212
79	0.01931	0.38485	0.06628	0.02184	0.14729	0.02458	0.01645	0.02285	0.01654	0.02134	0.01490	0.01926	0.01339	0.01944	0.15445	0.00452	0.01221	0.00611	0.00386	0.01052
80	0.01569	0.01477	0.02492	0.68808	0.05722	0.01846	0.02307	0.02123	0.01661	0.02123	0.01477	0.02215	0.01107	0.00831	0.00831	0.00277	0.01107	0.00738	0.00369	0.00923
81	0.01923	0.01838	0.03132	0.22496	0.49265	0.01939	0.02483	0.02433	0.01829	0.02553	0.01539	0.02099	0.01259	0.00765	0.00825	0.00255	0.01020	0.00740	0.00400	0.01209
82	0.01632	0.01542	0.02607	0.60487	0.13545	0.01862	0.02339	0.02178	0.01691	0.02200	0.01488	0.02194	0.01135	0.00819	0.00830	0.00273	0.01092	0.00739	0.00375	0.00974
83	0.02056	0.01974	0.03372	0.05099	0.65622	0.01974	0.02550	0.02550	0.01892	0.02714	0.01563	0.02056	0.01316	0.00740	0.00822	0.00247	0.00987	0.00740	0.00411	0.01316
84	0.01666	0.04297	0.66500	0.02368	0.03596	0.01929	0.03069	0.02631	0.01754	0.02631	0.01491	0.01754	0.01052	0.00789	0.00789	0.00263	0.01228	0.00614	0.00351	0.01228
85	0.01301	0.01085	0.01171	0.01162	0.01450	0.01082	0.00877	0.02093	0.18836	0.02572	0.06186	0.17303	0.34939	0.01932	0.00966	0.00296	0.00513	0.04578	0.00791	0.00868
86	0.01187	0.00890	0.01335	0.01335	0.01483	0.01038	0.01038	0.01483	0.01335	0.01928	0.02225	0.03264	0.02077	0.06231	0.67512	0.01335	0.02225	0.00890	0.00445	0.00742
87	0.01666	0.04297	0.66500	0.02368	0.03596	0.01929	0.03069	0.02631	0.01754	0.02631	0.01491	0.01754	0.01052	0.00789	0.00789	0.00263	0.01228	0.00614	0.00351	0.01228
88	0.01480	0.01302	0.01841	0.02375	0.20629	0.01317	0.01402	0.01985	0.08105	0.02484	0.04415	0.19543	0.19837	0.01689	0.01030	0.00293	0.03927	0.04740	0.00651	0.00955
89	0.01009	0.00735	0.00952	0.01125	0.01197	0.00677	0.00757	0.01160	0.01621	0.02133	0.04968	0.63949	0.11556	0.02552	0.01052	0.00332	0.00476	0.02300	0.00771	0.00677
90	0.02477	0.01670	0.01766	0.01431	0.01896	0.01814	0.01157	0.37093	0.02991	0.04331	0.02297	0.02461	0.01716	0.00985	0.00725	0.00226	0.00691	0.00759	0.32371	0.01143
91	0.01553	0.01313	0.01581	0.01728	0.09921	0.01341	0.01144	0.05286	0.19032	0.02935	0.13752	0.08844	0.25104	0.01575	0.00921	0.00275	0.00583	0.01348	0.00768	0.00994
92	0.01696	0.04089	0.60255	0.02483	0.03671	0.01947	0.09105	0.02634	0.01775	0.02634	0.01510	0.01803	0.01073	0.00780	0.00809	0.00265	0.01245	0.00651	0.00358	0.01217
93	0.17773	0.01012	0.00953	0.00918	0.01242	0.00967	0.00706	0.01507	0.01834	0.02683	0.12563	0.06341	0.45195	0.01768	0.00878	0.00273	0.00467	0.01439	0.00729	0.00754
94	0.01999	0.02134	0.04288	0.04142	0.28915	0.02050	0.38523	0.02616	0.01933	0.02682	0.01633	0.02167	0.01283	0.00716	0.00917	0.00267	0.01235	0.00884	0.00417	0.01199
95	0.02058	0.01948	0.03165	0.04628	0.56842	0.01987	0.02379	0.02808	0.10502	0.02819	0.01814	0.02200	0.01485	0.00794	0.00826	0.00252	0.00941	0.00768	0.00471	0.01316
96	0.01012	0.00723	0.00964	0.01157	0.01205	0.00675	0.00771	0.01157	0.01591	0.02121	0.04579	0.70262	0.05495	0.02603	0.01060	0.00337	0.00482	0.02362	0.00771	0.00675
97	0.01915	0.34331	0.38645	0.01944	0.02940	0.02538	0.02331	0.02567	0.01724	0.02328	0.01340	0.01565	0.01059	0.00754	0.00674	0.00225	0.01076	0.00538	0.00353	0.01155
98	0.02181	0.27911	0.30316	0.01983	0.02851	0.16931	0.02162	0.02732	0.01864	0.02259	0.01326	0.01548	0.01061	0.00776	0.00690	0.00222	0.01168	0.00536	0.00370	0.01112
99	0.01176	0.00849	0.01110	0.01045	0.01241	0.00784	0.00784	0.01568	0.02352	0.03331	0.65184	0.06206	0.07839	0.01698	0.00980	0.00261	0.00392	0.01502	0.00914	0.00784
100	0.02579	0.02652	0.02919	0.09629	0.19198	0.22538	0.08095	0.16700	0.02486	0.03020	0.01579	0.01902	0.01235	0.00841	0.00818	0.00244	0.01183	0.00702	0.00510	0.01169
101	0.02005	0.05081	0.02470	0.02848	0.25168	0.04437	0.01722	0.10423	0.11153	0.02893	0.02319	0.02689	0.04592	0.02134	0.15848	0.00494	0.01198	0.00828	0.00552	0.01145
102	0.01051	0.00760	0.00994	0.01113	0.01210	0.00703	0.00767	0.01261	0.01795	0.02428	0.19845	0.51186	0.09098	0.02353	0.01036	0.00316	0.00456	0.02117	0.00807	0.00703
103	0.02212	0.02623	0.07173	0.03042	0.03802	0.13519	0.43050	0.05923	0.05083	0.02720	0.01699	0.02116	0.01286	0.00767	0.00917	0.00266	0.01349	0.00871	0.00459	0.01122
104	0.02225	0.10728	0.05595	0.03498	0.32671	0.16606	0.05168	0.02628	0.01927	0.02407	0.01588	0.05270	0.01420	0.00886	0.00870	0.00243	0.03955	0.00748	0.00423	0.01145
105	0.01951	0.01825	0.03074	0.04576	0.56262	0.01825	0.02372	0.02428	0.01895	0.02681	0.01978	0.03128	0.01823	0.00968	0.00870	0.00267	0.00954	0.09425	0.00463	0.01235
106	0.01970	0.02214	0.04747	0.03663	0.10554	0.02088	0.56517	0.02650	0.01954	0.02666	0.01669	0.02222	0.01266	0.00704	0.00964	0.00277	0.01359	0.00956	0.00419	0.01140
107	0.02358	0.07164	0.17364	0.03035	0.19159	0.26372	0.07681	0.02860	0.02027	0.02395	0.01431	0.01757	0.01146	0.00789	0.00786	0.00237	0.01263	0.00641	0.00402	0.01133
108	0.01844	0.01464	0.01817	0.02106	0.14186	0.04376	0.01394	0.02559	0.13600	0.08986	0.04407	0.05415	0.18397	0.01533	0.00937	0.00291	0.00730	0.14203	0.00723	0.01033
109	0.01666	0.04297	0.66500	0.02368	0.03596	0.01929	0.03069	0.02631	0.01754	0.02631	0.01491	0.01754	0.01052	0.00789	0.00789	0.00263	0.01228	0.00614	0.00351	0.01228
110	0.02056	0.01974	0.03372	0.05099	0.65622	0.01974	0.02550	0.02550	0.01892	0.02714	0.01563	0.02056	0.01316	0.00740	0.00822	0.00247	0.00987	0.00740	0.00411	0.01316
111	0.01979	0.16040	0.09647	0.20360	0.03644	0.08101	0.13232	0.05355	0.01892	0.02423	0.01559	0.02017	0.01233	0.01061	0.04055	0.00297	0.01176	0.00704	0.04196	0.01030
112	0.02033	0.25407	0.33740	0.02295	0.09312	0.02435	0.02338	0.08580	0.01961	0.02682	0.01440	0.01673	0.01119	0.00780	0.00714	0.00233	0.01063	0.00586	0.00406	0.01203
113	0.00982	0.00842	0.00842	0.00842	0.01122	0.00701	0.00631	0.01192	0.01894	0.02244	0.08416	0.07995	0.65285	0.02104	0.00982	0.00281	0.00421	0.01753	0.00771	0.00701
114	0.02120	0.03612	0.32164	0.02639	0.03550	0.18749	0.20018	0.02815	0.01968	0.02487	0.01493	0.01830	0.01117	0.00780	0.00835	0.00255	0.01347	0.00700	0.00391	0.01129
115	0.09540	0.15287	0.09076	0.02100	0.08118	0.31361	0.01661	0.02777	0.02022	0.02368	0.04350	0.02024	0.04237	0.00897	0.00719	0.00225	0.01139	0.00633	0.00450	0.01015
116	0.01059	0.00758	0.01017	0.01160	0.01219	0.00745	0.00787	0.01213	0.01512	0.02040	0.04012	0.53232	0.04709	0.09974	0.11858	0.00541	0.00789	0.02015	0.00693	0.00668
117	0.01850	0.03105	0.32221	0.03346	0.17585	0.01996	0.22567	0.02623	0.01853	0.02659	0.01569	0.01981	0.01179	0.00749	0.00860	0.00265	0.01231	0.00763	0.00387	0.01212
118	0.01981	0.02316	0.09859	0.03667	0.28801	0.05744	0.16381	0.02497	0.01799	0.02509	0.01518	0.02047	0.01256	0.01073	0.03784	0.00316	0.12121	0.00776	0.00402	0.01154
119	0.02056	0.01974	0.03372	0.05099	0.65622	0.01974	0.02550	0.02550	0.01892	0.02714	0.01563	0.02056	0.01316	0.00740	0.00822	0.00247	0.00987	0.00740	0.00411	0.01316
120	0.01079	0.00873	0.00977	0.01030	0.01286	0.00771	0.00824	0.01337	0.01899	0.02310	0.07319	0.08371	0.48763	0.02156	0.01027	0.00308	0.00515	0.17667	0.00770	0.00719
121	0.01807	0.01838	0.03546	0.03629	0.26559	0.01769	0.27882	0.02319	0.01861	0.02573	0.02215	0.15743	0.02126	0.01095	0.00937	0.00279	0.01063	0.01166	0.00487	0.01104
122	0.02635	0.21803	0.02800	0.01835	0.02359	0.32897	0.01490	0.05677	0.15919	0.02457	0.01741	0.01827	0.01407	0.00882	0.00715	0.00220	0.01122	0.00608	0.00517	0.01087
123	0.00982	0.00842	0.00842	0.00842	0.01122	0.00701	0.00631	0.01192	0.01894	0.02244	0.08416	0.07995	0.65285	0.02104	0.00982	0.00281	0.00421	0.01753	0.00771	0.00701
124	0.01666	0.04297	0.66500	0.02368	0.03596	0.01929	0.03069	0.02631	0.01754	0.02631	0.01491	0.01754	0.01052	0.00789	0.00789	0.00263	0.01228	0.00614	0.00351	0.01228
125	0.02969	0.07135	0.02552	0.02351	0.08060	0.55283	0.01677	0.06136	0.02356	0.02246	0.01337	0.01563	0.01108	0.00845	0.00749	0.00217	0.01394	0.00559	0.00443	0.01021
126	0.01964	0.01723	0.01659	0.01504	0.01930	0.07626	0.01162	0.03472	0.39585	0.06071	0.04474	0.04193	0.18435	0.01348	0.00871	0.00274	0.00676	0.01106	0.00797	0.01131
127	0.00982	0.00842	0.00842	0.00842	0.01122	0.00701	0.00631	0.01192	0.01894	0.02244	0.08416	0.07995	0.65285	0.02104	0.00982	0.00281	0.00421	0.01753	0.00771	0.00701
128	0.01939	0.01829	0.03057	0.19524	0.42851	0.01914	0.04739	0.05352	0.01940	0.02674	0.01915	0.02397	0.04501	0.00841	0.00839	0.00257	0.00999	0.00801	0.00441	0.01190
129	0.01842	0.01404	0.01755	0.01840	0.08627	0.01450	0.01303	0.19916	0.02473	0.03307	0.09206	0.19466	0.09176	0.01738	0.00969	0.00298	0.00707	0.12768	0.00762	0.00994
130	0.03103	0.03959	0.02354	0.02140	0.02568	0.67469	0.01605	0.03317	0.02354	0.02033	0.01284	0.01498	0.01070	0.00856	0.00749	0.00214	0.01498	0.00535	0.00428	0.00963
131	0.02598	0.37340	0.06400	0.01795	0.02401	0.32550	0.01584	0.02874	0.01996	0.02023	0.01230	0.01428	0.01067	0.00781	0.00644	0.00198	0.01183	0.00494	0.00388	0.01027
132	0.01967	0.21519	0.41027	0.02155	0.03150	0.08823	0.05379	0.02664	0.01807	0.02398	0.01392	0.01643	0.01068	0.00771	0.00728	0.00237	0.01175	0.00580	0.00363	0.01154
133	0.02847	0.03532	0.02392	0.02148	0.02491	0.54516	0.01648	0.03054	0.02138	0.02026	0.01245	0.01562	0.01074	0.00975	0.01144	0.00244	0.15022	0.00573	0.00415	0.00952
134	0.01021	0.00849	0.00896	0.00901	0.01168	0.00724	0.00686	0.01259	0.01940	0.02366	0.13849	0.07894	0.56148	0.02074	0.00991	0.00284	0.00437	0.05012	0.00785	0.00713
135	0.01921	0.02131	0.04054	0.03133	0.06633	0.05681	0.43976	0.02476	0.01873	0.02507	0.01882	0.08929	0.01657	0.00977	0.01145	0.00289	0.08177	0.01056	0.00449	0.01055
136	0.01822	0.02278	0.15684	0.25035	0.33990	0.01924	0.02575	0.02429	0.01790	0.02507	0.01521	0.02047	0.01196	0.00779	0.00818	0.00260	0.01074	0.00714	0.00386	0.01172
137	0.02515	0.01684	0.01892	0.01633	0.02150	0.01838	0.01290	0.04316	0.47451	0.20409	0.03353	0.03026	0.02406	0.01100	0.00843	0.00275	0.00671	0.00911	0.00895	0.01342
138	0.00982	0.00842	0.00842	0.00842	0.01122	0.00701	0.00631	0.01192	0.01894	0.02244	0.08416	0.07995	0.65285	0.02104	0.00982	0.00281	0.00421	0.01753	0.00771	0.00701
139	0.02070	0.02575	0.09681	0.15052	0.06290	0.15139	0.22012	0.02588	0.01859	0.02338	0.01453	0.01970	0.01151	0.00877	0.01138	0.00276	0.11333	0.00763	0.00397	0.01040
140	0.01969	0.02217	0.04763	0.03647	0.09917	0.02089	0.57141	0.02651	0.01954	0.02666	0.01670	0.02224	0.01266	0.00704	0.00966	0.00277	0.01363	0.00959	0.00419	0.01138
141	0.00982	0.00842	0.00842	0.00842	0.01122	0.00701	0.00631	0.01192	0.01894	0.02244	0.08416	0.07995	0.65285	0.02104	0.00982	0.00281	0.00421	0.01753	0.00771	0.00701
142	0.02784	0.29058	0.03150	0.01805	0.02405	0.25404	0.01528	0.19260	0.02525	0.02878	0.01429	0.01571	0.01162	0.00839	0.00690	0.00210	0.01107	0.00559	0.00511	0.01125
143	0.01991	0.24898	0.19636	0.02871	0.15673	0.02415	0.16247	0.02576	0.01808	0.02437	0.01441	0.01792	0.01158	0.00734	0.00758	0.00236	0.01111	0.00670	0.00380	0.01168
144	0.01898	0.01033	0.01233	0.01094	0.01482	0.00887	0.00866	0.02163	0.02077	0.22972	0.09751	0.06295	0.38547	0.01743	0.00943	0.00277	0.00529	0.04410	0.00862	0.00939
145	0.01111	0.00813	0.01043	0.01056	0.01219	0.00745	0.00765	0.01416	0.02094	0.02887	0.42681	0.24187	0.12914	0.01990	0.01002	0.00284	0.00420	0.01766	0.00860	0.00745
146	0.02683	0.01972	0.02154	0.01744	0.02272	0.02155	0.01400	0.49182	0.03393	0.04545	0.02567	0.17121	0.02317	0.01353	0.00882	0.00269	0.00818	0.01106	0.00818	0.01249
147	0.02278	0.02174	0.14755	0.01776	0.02418	0.01820	0.01648	0.03859	0.36598	0.15569	0.03032	0.03076	0.02253	0.01096	0.00847	0.00278	0.00786	0.03668	0.00779	0.01291
148	0.02761	0.03400	0.02286	0.02072	0.02419	0.52947	0.01581	0.02978	0.02120	0.02019	0.01344	0.01700	0.01164	0.01423	0.07081	0.00336	0.10417	0.00592	0.00421	0.00936
149	0.01027	0.00763	0.00959	0.01079	0.01193	0.00694	0.00745	0.01217	0.01750	0.02303	0.13259	0.49473	0.17730	0.02385	0.01034	0.00316	0.00458	0.02128	0.00790	0.00694
150	0.09630	0.02103	0.05965	0.02593	0.03304	0.02003	0.34052	0.10374	0.02080	0.03092	0.01659	0.02070	0.01266	0.00797	0.00952	0.00259	0.04958	0.00813	0.04115	0.07913

[dist]
# distance from previous block
# <min> <max>
0	4

# created by:
# /home/cegg/simao/soft/augustus-3.2.1/scripts/msa2prfl.pl ./align_prep/14918.fa
