[name]
unknown

[dist]
# distance from previous block
# <min> <max>
0	1

[block]
# block no. 0 follows, 21 sequences, length 36
# corresponding to MSA columns:
# 1-36
name=unknown_A
#
# <colnr> <probs for GDERKNQSTAVLIFYWHMCP>
#	G	D	E	R	K	N	Q	S	T	A	V	L	I	F	Y	W	H	M	C	P
0	0.01515	0.01225	0.01454	0.01617	0.01832	0.06213	0.01393	0.01893	0.01995	0.02510	0.04252	0.08957	0.04595	0.02233	0.01143	0.00378	0.00843	0.54395	0.00756	0.00800
1	0.03020	0.09319	0.02540	0.02096	0.02561	0.56357	0.01605	0.03418	0.07202	0.02194	0.01476	0.01651	0.01215	0.00887	0.00757	0.00222	0.01415	0.00573	0.00466	0.01024
2	0.02651	0.03115	0.03080	0.03238	0.20416	0.35759	0.11028	0.03124	0.04931	0.02443	0.01553	0.01885	0.01264	0.00832	0.00829	0.00242	0.01333	0.00695	0.00451	0.01129
3	0.02034	0.01930	0.03270	0.04893	0.59724	0.01925	0.02468	0.02532	0.01975	0.02831	0.06598	0.02445	0.01880	0.00836	0.00855	0.00254	0.00962	0.00820	0.00462	0.01305
4	0.01306	0.01096	0.01167	0.01149	0.01342	0.06020	0.00835	0.01605	0.02152	0.02856	0.38377	0.18063	0.13950	0.04849	0.01144	0.00305	0.00531	0.01645	0.00833	0.00773
5	0.03221	0.02793	0.02519	0.02015	0.02637	0.18316	0.01624	0.47613	0.03612	0.04560	0.01865	0.01919	0.01361	0.00986	0.00831	0.00247	0.01083	0.00713	0.00750	0.01334
6	0.01285	0.00923	0.01116	0.01132	0.01271	0.00897	0.00780	0.05904	0.01917	0.02579	0.17575	0.30584	0.10065	0.17896	0.01794	0.00428	0.00578	0.01774	0.00764	0.00735
7	0.01876	0.01579	0.01825	0.01313	0.02064	0.01249	0.01055	0.06681	0.01934	0.02970	0.01553	0.01786	0.01275	0.00660	0.00647	0.00136	0.00653	0.00524	0.00531	0.69691
8	0.01216	0.00912	0.01368	0.01368	0.01520	0.01064	0.01064	0.01520	0.01368	0.01976	0.02279	0.03343	0.02127	0.06382	0.66720	0.01368	0.02279	0.00912	0.00456	0.00760
9	0.01762	0.04048	0.55992	0.02742	0.08737	0.01993	0.07544	0.02691	0.01824	0.02704	0.01548	0.01860	0.01116	0.00797	0.00826	0.00269	0.01251	0.00668	0.00370	0.01257
10	0.01841	0.01566	0.01675	0.01539	0.01955	0.01747	0.01197	0.03662	0.46286	0.03313	0.09340	0.04475	0.12471	0.01406	0.00912	0.00291	0.00619	0.03664	0.00857	0.01183
11	0.01442	0.00839	0.01017	0.01017	0.01197	0.00898	0.00777	0.01803	0.01622	0.02707	0.02583	0.03239	0.02160	0.03089	0.26320	0.00653	0.01129	0.00839	0.45888	0.00780
12	0.01753	0.09814	0.60678	0.02346	0.03561	0.02090	0.03006	0.02683	0.01791	0.02638	0.01499	0.01761	0.01079	0.00802	0.00787	0.00262	0.01229	0.00615	0.00360	0.01244
13	0.01063	0.00873	0.00947	0.00989	0.01248	0.00756	0.00765	0.01301	0.01924	0.02329	0.07759	0.12096	0.51853	0.02216	0.01036	0.00307	0.00488	0.10534	0.00789	0.00727
14	0.01961	0.01874	0.03192	0.23509	0.47633	0.01984	0.02539	0.02484	0.01869	0.02604	0.01575	0.02154	0.01286	0.00785	0.00845	0.00262	0.01047	0.00758	0.00409	0.01231
15	0.02143	0.02158	0.03208	0.14451	0.49312	0.08783	0.02473	0.02628	0.01952	0.02615	0.01557	0.02071	0.01289	0.00785	0.00836	0.00254	0.01085	0.00736	0.00417	0.01249
16	0.12578	0.00975	0.01076	0.01023	0.01226	0.00970	0.00731	0.01612	0.01911	0.02911	0.33674	0.05541	0.10256	0.19918	0.01822	0.00418	0.00556	0.01316	0.00750	0.00737
17	0.14647	0.01946	0.01948	0.04529	0.02326	0.11417	0.01300	0.05750	0.05884	0.29669	0.02357	0.02271	0.01625	0.00930	0.00764	0.00242	0.00849	0.00703	0.00762	0.10081
18	0.01238	0.00825	0.00928	0.00928	0.00928	0.00825	0.00516	0.01238	0.01238	0.01650	0.02681	0.05569	0.03094	0.70092	0.04331	0.00825	0.00825	0.01238	0.00516	0.00516
19	0.01790	0.03820	0.48927	0.02746	0.03894	0.02025	0.19317	0.02704	0.01855	0.02704	0.01581	0.01934	0.01137	0.00783	0.00863	0.00274	0.01307	0.00733	0.00379	0.01227
20	0.01068	0.00771	0.01019	0.01206	0.01282	0.00721	0.00840	0.01244	0.01678	0.02216	0.04880	0.60355	0.08671	0.02608	0.01091	0.00347	0.00519	0.07992	0.00789	0.00702
21	0.01765	0.01513	0.01765	0.01260	0.02017	0.01134	0.01008	0.02143	0.01765	0.02773	0.01513	0.01765	0.01260	0.00630	0.00630	0.00126	0.00630	0.00504	0.00504	0.75295
22	0.02106	0.02022	0.03454	0.05223	0.64784	0.02022	0.02612	0.02612	0.01938	0.02780	0.01601	0.02106	0.01348	0.00758	0.00842	0.00253	0.01011	0.00758	0.00421	0.01348
23	0.01838	0.19721	0.51516	0.02201	0.03336	0.02298	0.02754	0.02661	0.01781	0.02535	0.01448	0.01697	0.01081	0.00790	0.00748	0.00249	0.01177	0.00589	0.00360	0.01219
24	0.01226	0.00870	0.01154	0.01154	0.01232	0.00948	0.00797	0.01382	0.01304	0.01817	0.02475	0.04426	0.02598	0.37379	0.36366	0.01104	0.01572	0.01070	0.00485	0.00641
25	0.01885	0.01930	0.02987	0.02447	0.02583	0.02535	0.11294	0.02155	0.01414	0.02155	0.01212	0.01930	0.01145	0.01368	0.02511	0.00359	0.57957	0.00786	0.00382	0.00965
26	0.01765	0.01513	0.01765	0.01260	0.02017	0.01134	0.01008	0.02143	0.01765	0.02773	0.01513	0.01765	0.01260	0.00630	0.00630	0.00126	0.00630	0.00504	0.00504	0.75295
27	0.03179	0.04056	0.02412	0.02192	0.02631	0.66676	0.01644	0.03398	0.02412	0.02083	0.01315	0.01535	0.01096	0.00877	0.00767	0.00219	0.01535	0.00548	0.00438	0.00987
28	0.01204	0.00870	0.01138	0.01071	0.01271	0.00803	0.00803	0.01606	0.02409	0.03413	0.64335	0.06357	0.08030	0.01740	0.01004	0.00268	0.00401	0.01539	0.00937	0.00803
29	0.02106	0.02022	0.03454	0.05223	0.64784	0.02022	0.02612	0.02612	0.01938	0.02780	0.01601	0.02106	0.01348	0.00758	0.00842	0.00253	0.01011	0.00758	0.00421	0.01348
30	0.01216	0.00912	0.01368	0.01368	0.01520	0.01064	0.01064	0.01520	0.01368	0.01976	0.02279	0.03343	0.02127	0.06382	0.66720	0.01368	0.02279	0.00912	0.00456	0.00760
31	0.76103	0.01646	0.01251	0.01119	0.01646	0.01909	0.00922	0.02502	0.01448	0.03818	0.01185	0.01382	0.00922	0.00790	0.00527	0.00263	0.00658	0.00461	0.00527	0.00922
32	0.01238	0.00825	0.00928	0.00928	0.00928	0.00825	0.00516	0.01238	0.01238	0.01650	0.02681	0.05569	0.03094	0.70092	0.04331	0.00825	0.00825	0.01238	0.00516	0.00516
33	0.01192	0.00814	0.00934	0.00965	0.00990	0.00798	0.00567	0.01228	0.01341	0.01771	0.03355	0.15780	0.07184	0.55407	0.03621	0.00717	0.00749	0.01457	0.00575	0.00555
34	0.01607	0.01513	0.02552	0.68047	0.05861	0.01891	0.02363	0.02174	0.01702	0.02174	0.01513	0.02269	0.01134	0.00851	0.00851	0.00284	0.01134	0.00756	0.00378	0.00945
35	0.03179	0.04056	0.02412	0.02192	0.02631	0.66676	0.01644	0.03398	0.02412	0.02083	0.01315	0.01535	0.01096	0.00877	0.00767	0.00219	0.01535	0.00548	0.00438	0.00987

[dist]
# distance from previous block
# <min> <max>
0	1

[block]
# block no. 1 follows, 21 sequences, length 17
# corresponding to MSA columns:
# 38-54
name=unknown_B
#
# <colnr> <probs for GDERKNQSTAVLIFYWHMCP>
#	G	D	E	R	K	N	Q	S	T	A	V	L	I	F	Y	W	H	M	C	P
0	0.01049	0.00746	0.00984	0.01170	0.01216	0.00699	0.00774	0.01188	0.01606	0.02142	0.04572	0.65780	0.05480	0.06627	0.01277	0.00374	0.00513	0.02350	0.00774	0.00681
1	0.01216	0.00816	0.00934	0.00956	0.00961	0.00811	0.00545	0.01232	0.01279	0.01706	0.02896	0.12389	0.03364	0.62904	0.03985	0.00774	0.00790	0.01364	0.00545	0.00534
2	0.76103	0.01646	0.01251	0.01119	0.01646	0.01909	0.00922	0.02502	0.01448	0.03818	0.01185	0.01382	0.00922	0.00790	0.00527	0.00263	0.00658	0.00461	0.00527	0.00922
3	0.02181	0.10376	0.03623	0.03972	0.37262	0.09039	0.12500	0.02660	0.01998	0.02634	0.04535	0.02193	0.01600	0.00807	0.00835	0.00247	0.01099	0.00780	0.00442	0.01218
4	0.01419	0.01210	0.01757	0.01640	0.01744	0.01548	0.01314	0.01686	0.01347	0.01998	0.01915	0.02878	0.01810	0.04846	0.46648	0.01055	0.23083	0.00859	0.00430	0.00814
5	0.02250	0.01894	0.01999	0.01759	0.02264	0.02179	0.01379	0.11341	0.56211	0.03774	0.03295	0.03041	0.02461	0.01139	0.00864	0.00285	0.00705	0.00939	0.00864	0.01359
6	0.01852	0.01341	0.01482	0.01253	0.01538	0.01361	0.00881	0.17934	0.02061	0.02811	0.02354	0.04107	0.02404	0.42124	0.02896	0.00578	0.00830	0.01013	0.00606	0.10574
7	0.01216	0.00912	0.01368	0.01368	0.01520	0.01064	0.01064	0.01520	0.01368	0.01976	0.02279	0.03343	0.02127	0.06382	0.66720	0.01368	0.02279	0.00912	0.00456	0.00760
8	0.01216	0.00912	0.01368	0.01368	0.01520	0.01064	0.01064	0.01520	0.01368	0.01976	0.02279	0.03343	0.02127	0.06382	0.66720	0.01368	0.02279	0.00912	0.00456	0.00760
9	0.01209	0.01376	0.11184	0.01222	0.01494	0.00949	0.01034	0.01451	0.01578	0.02092	0.04272	0.22980	0.16115	0.26702	0.02202	0.00495	0.00722	0.01579	0.00622	0.00723
10	0.02276	0.02344	0.03289	0.04744	0.54943	0.12259	0.02459	0.02736	0.02013	0.02670	0.01556	0.02016	0.01308	0.00777	0.00831	0.00247	0.01094	0.00725	0.00424	0.01291
11	0.06654	0.02290	0.02632	0.02434	0.12430	0.02505	0.01741	0.49617	0.03548	0.04878	0.01931	0.02021	0.01406	0.00968	0.00834	0.00255	0.00935	0.00750	0.00767	0.01406
12	0.01136	0.00841	0.00899	0.00899	0.01025	0.00778	0.00573	0.01230	0.01545	0.01934	0.05280	0.06716	0.29931	0.40371	0.02877	0.00590	0.00653	0.01482	0.00636	0.00604
13	0.01131	0.00780	0.00960	0.01065	0.01091	0.00754	0.00661	0.01210	0.01446	0.01927	0.03748	0.39535	0.04440	0.34290	0.02608	0.00570	0.00649	0.01865	0.00661	0.00609
14	0.01884	0.01635	0.02693	0.11521	0.39441	0.01657	0.02078	0.02323	0.01924	0.05646	0.07400	0.13195	0.02594	0.01167	0.00896	0.00273	0.00879	0.01091	0.00548	0.01155
15	0.01293	0.00972	0.01237	0.01101	0.01389	0.00855	0.00835	0.01691	0.02307	0.03311	0.54388	0.05630	0.06958	0.01564	0.00945	0.00245	0.00438	0.01375	0.00868	0.12597
16	0.02882	0.02143	0.02286	0.01785	0.02403	0.02335	0.01464	0.52331	0.03675	0.04878	0.03085	0.03016	0.11421	0.01201	0.00876	0.00260	0.00856	0.00929	0.00842	0.01332

[dist]
# distance from previous block
# <min> <max>
0	9

[block]
# block no. 2 follows, 21 sequences, length 30
# corresponding to MSA columns:
# 64-93
name=unknown_C
#
# <colnr> <probs for GDERKNQSTAVLIFYWHMCP>
#	G	D	E	R	K	N	Q	S	T	A	V	L	I	F	Y	W	H	M	C	P
0	0.11357	0.01879	0.02454	0.02879	0.24189	0.01992	0.01755	0.09500	0.19641	0.12127	0.02373	0.02428	0.01769	0.00943	0.00814	0.00266	0.00825	0.00795	0.00693	0.01321
1	0.01719	0.01614	0.02543	0.03690	0.42404	0.01564	0.01921	0.02123	0.01938	0.02611	0.04070	0.04246	0.23537	0.01250	0.00900	0.00265	0.00807	0.01123	0.00551	0.01127
2	0.01188	0.00869	0.01114	0.01053	0.01261	0.00796	0.00790	0.01573	0.02369	0.03318	0.59594	0.06513	0.12829	0.01775	0.01004	0.00269	0.00404	0.01561	0.00924	0.00796
3	0.01817	0.01407	0.01775	0.01586	0.01734	0.01688	0.01230	0.10157	0.01824	0.04606	0.02475	0.16163	0.02540	0.12956	0.02129	0.00403	0.24537	0.01172	0.08915	0.00887
4	0.12300	0.01801	0.02092	0.01623	0.02273	0.01818	0.01340	0.24277	0.02868	0.36871	0.02634	0.02414	0.01732	0.01010	0.00815	0.00261	0.00791	0.00777	0.00919	0.01385
5	0.50138	0.25898	0.02379	0.01238	0.01835	0.02422	0.01110	0.02518	0.01547	0.03179	0.01184	0.01376	0.00982	0.00768	0.00533	0.00235	0.00747	0.00459	0.00469	0.00982
6	0.01230	0.00856	0.01083	0.01083	0.01136	0.00909	0.00708	0.01337	0.01283	0.01765	0.02540	0.04786	0.02754	0.47686	0.26273	0.01016	0.01337	0.01123	0.00495	0.00602
7	0.01107	0.00770	0.00967	0.01095	0.01127	0.00738	0.00693	0.01203	0.01492	0.01989	0.03984	0.47039	0.04737	0.26380	0.02228	0.00514	0.00610	0.02004	0.00693	0.00629
8	0.01100	0.00801	0.01121	0.01249	0.01335	0.00822	0.00886	0.01303	0.01537	0.02103	0.03842	0.46257	0.04397	0.03973	0.24170	0.00705	0.01122	0.01889	0.00672	0.00715
9	0.01238	0.00825	0.00928	0.00928	0.00928	0.00825	0.00516	0.01238	0.01238	0.01650	0.02681	0.05569	0.03094	0.70092	0.04331	0.00825	0.00825	0.01238	0.00516	0.00516
10	0.01216	0.00912	0.01368	0.01368	0.01520	0.01064	0.01064	0.01520	0.01368	0.01976	0.02279	0.03343	0.02127	0.06382	0.66720	0.01368	0.02279	0.00912	0.00456	0.00760
11	0.01153	0.00852	0.01234	0.01303	0.01419	0.00933	0.00967	0.01402	0.01460	0.02045	0.03127	0.26624	0.03359	0.05075	0.43636	0.01008	0.01651	0.01442	0.00573	0.00736
12	0.01509	0.01241	0.01491	0.01234	0.01742	0.00979	0.00932	0.01806	0.01717	0.02562	0.02630	0.25600	0.02797	0.01346	0.00791	0.00203	0.00582	0.01178	0.00605	0.49057
13	0.01037	0.00741	0.00987	0.01185	0.01234	0.00691	0.00790	0.01185	0.01629	0.02172	0.04690	0.69537	0.05629	0.02666	0.01086	0.00346	0.00494	0.02419	0.00790	0.00691
14	0.01840	0.46033	0.03238	0.01361	0.01850	0.02426	0.01222	0.02069	0.01694	0.02062	0.02417	0.25341	0.02688	0.01410	0.00736	0.00240	0.00764	0.01146	0.00514	0.00951
15	0.02174	0.01992	0.03335	0.04939	0.59836	0.01995	0.02508	0.02748	0.04381	0.05285	0.01744	0.02180	0.01427	0.00786	0.00844	0.00255	0.00986	0.00770	0.00464	0.01352
16	0.01500	0.01285	0.01921	0.02549	0.23621	0.01248	0.01437	0.01942	0.04180	0.02845	0.23050	0.15983	0.11850	0.01585	0.00957	0.00279	0.00645	0.01429	0.00710	0.00984
17	0.01948	0.01918	0.02905	0.03286	0.24233	0.02401	0.02126	0.02246	0.01526	0.02306	0.01287	0.01948	0.01198	0.01232	0.02107	0.00330	0.44787	0.00749	0.00390	0.01078
18	0.01769	0.01225	0.01729	0.02351	0.23427	0.01225	0.01304	0.02204	0.01838	0.03035	0.02363	0.02798	0.01888	0.00909	0.00682	0.00217	0.00613	0.00781	0.48652	0.00988
19	0.28827	0.03208	0.02003	0.01815	0.02284	0.43897	0.01390	0.03083	0.02073	0.02693	0.01270	0.01481	0.01035	0.00846	0.00683	0.00235	0.01226	0.00517	0.00469	0.00964
20	0.01252	0.02107	0.23660	0.01412	0.02041	0.01161	0.01525	0.01740	0.01889	0.02438	0.06126	0.05941	0.42155	0.01682	0.00936	0.00281	0.00722	0.01386	0.00639	0.00908
21	0.01607	0.01513	0.02552	0.68047	0.05861	0.01891	0.02363	0.02174	0.01702	0.02174	0.01513	0.02269	0.01134	0.00851	0.00851	0.00284	0.01134	0.00756	0.00378	0.00945
22	0.01396	0.01284	0.01958	0.44418	0.04204	0.01478	0.01760	0.01839	0.01785	0.02218	0.04013	0.04351	0.23398	0.01310	0.00905	0.00285	0.00887	0.01122	0.00523	0.00866
23	0.01285	0.00879	0.01084	0.01153	0.01222	0.00879	0.00817	0.01422	0.01491	0.01965	0.03323	0.06986	0.03728	0.46268	0.03221	0.00673	0.00810	0.21572	0.00610	0.00610
24	0.02110	0.01954	0.02916	0.03995	0.42778	0.02055	0.02167	0.03284	0.23500	0.03054	0.02256	0.02482	0.01788	0.00898	0.00851	0.00265	0.00892	0.00830	0.00578	0.01348
25	0.02333	0.02398	0.02292	0.21953	0.03462	0.20376	0.01756	0.07063	0.23691	0.02834	0.02176	0.02365	0.01658	0.00976	0.00833	0.00265	0.01073	0.00770	0.00596	0.01129
26	0.28827	0.03208	0.02003	0.01815	0.02284	0.43897	0.01390	0.03083	0.02073	0.02693	0.01270	0.01481	0.01035	0.00846	0.00683	0.00235	0.01226	0.00517	0.00469	0.00964
27	0.01486	0.25321	0.02224	0.01295	0.01589	0.01644	0.01047	0.01687	0.01677	0.02127	0.03450	0.43192	0.04004	0.01972	0.00900	0.00290	0.00652	0.03967	0.00640	0.00836
28	0.02464	0.02792	0.03400	0.03831	0.30904	0.24787	0.14042	0.02911	0.02119	0.02524	0.01524	0.01943	0.01248	0.00792	0.00848	0.00248	0.01280	0.00733	0.00429	0.01181
29	0.02072	0.02118	0.04005	0.04648	0.43563	0.02068	0.23391	0.02652	0.01963	0.02761	0.01643	0.02173	0.01328	0.00744	0.00899	0.00265	0.01160	0.00845	0.00424	0.01278

[dist]
# distance from previous block
# <min> <max>
0	7

# created by:
# /home/cegg/simao/soft/augustus-3.2.1/scripts/msa2prfl.pl ./align_prep/14921.fa
