[name]
unknown

[dist]
# distance from previous block
# <min> <max>
0	80

[block]
# block no. 0 follows, 22 sequences, length 18
# corresponding to MSA columns:
# 80-97
name=unknown_A
#
# <colnr> <probs for GDERKNQSTAVLIFYWHMCP>
#	G	D	E	R	K	N	Q	S	T	A	V	L	I	F	Y	W	H	M	C	P
0	0.12072	0.06549	0.02354	0.04513	0.19720	0.05873	0.01603	0.02703	0.12341	0.02811	0.02167	0.02607	0.04294	0.00960	0.00826	0.00244	0.03334	0.03536	0.00536	0.10957
1	0.01838	0.01487	0.02066	0.08885	0.10941	0.01616	0.04059	0.05461	0.18621	0.06619	0.03026	0.03298	0.08303	0.02356	0.17092	0.00530	0.01152	0.00949	0.00626	0.01076
2	0.01446	0.18008	0.01929	0.01215	0.01452	0.01509	0.00956	0.01637	0.01379	0.01830	0.02094	0.03507	0.02141	0.26104	0.30409	0.00879	0.01433	0.00886	0.00442	0.00742
3	0.01919	0.54147	0.03498	0.01280	0.01886	0.02657	0.01229	0.02172	0.01738	0.02025	0.02923	0.02955	0.16703	0.01050	0.00642	0.00203	0.00775	0.00763	0.00457	0.00977
4	0.01037	0.00833	0.00857	0.00857	0.01069	0.00727	0.00600	0.01196	0.01727	0.02090	0.07004	0.07372	0.50124	0.18832	0.01772	0.00408	0.00514	0.01621	0.00706	0.00653
5	0.01212	0.00918	0.01141	0.01141	0.01351	0.00798	0.00787	0.01391	0.01571	0.02195	0.03558	0.44811	0.04122	0.11337	0.01380	0.00348	0.00558	0.01751	0.00667	0.18965
6	0.01723	0.01477	0.01723	0.01230	0.01969	0.01107	0.00984	0.02092	0.01723	0.02707	0.01477	0.01723	0.01230	0.00615	0.00615	0.00123	0.00615	0.00492	0.00492	0.75883
7	0.01723	0.01477	0.01723	0.01230	0.01969	0.01107	0.00984	0.02092	0.01723	0.02707	0.01477	0.01723	0.01230	0.00615	0.00615	0.00123	0.00615	0.00492	0.00492	0.75883
8	0.01626	0.01338	0.01579	0.01249	0.01815	0.01080	0.00964	0.05094	0.01807	0.02699	0.02259	0.18426	0.02278	0.01119	0.00735	0.00182	0.00599	0.00961	0.00578	0.53611
9	0.01171	0.01593	0.16922	0.01452	0.01787	0.00980	0.01331	0.01516	0.01630	0.02245	0.03827	0.53581	0.04413	0.02161	0.00994	0.00319	0.00664	0.01936	0.00669	0.00809
10	0.01761	0.03731	0.51128	0.03033	0.18699	0.01940	0.02943	0.02611	0.01787	0.02651	0.01508	0.01828	0.01117	0.00777	0.00797	0.00259	0.01169	0.00645	0.00366	0.01249
11	0.01726	0.01629	0.02633	0.12978	0.41534	0.01646	0.02049	0.02159	0.01860	0.02517	0.03219	0.03524	0.16863	0.01085	0.00862	0.00259	0.00866	0.00987	0.00493	0.01111
12	0.01498	0.01601	0.01210	0.01158	0.01474	0.16959	0.00868	0.01710	0.02006	0.02193	0.06679	0.06413	0.49649	0.01800	0.00925	0.00264	0.00683	0.01457	0.00688	0.00765
13	0.02656	0.02912	0.02508	0.02635	0.15005	0.33104	0.01757	0.09617	0.12133	0.02737	0.01735	0.01935	0.01389	0.00929	0.00912	0.00244	0.05454	0.00675	0.00530	0.01133
14	0.02374	0.02645	0.02844	0.14264	0.32075	0.26754	0.02153	0.02771	0.02030	0.02361	0.01443	0.01870	0.01189	0.00799	0.00796	0.00239	0.01200	0.00662	0.00411	0.01119
15	0.02500	0.06484	0.10676	0.02224	0.07364	0.34884	0.01773	0.03194	0.12168	0.02440	0.01789	0.02124	0.01467	0.00917	0.00774	0.00234	0.01192	0.02802	0.00496	0.04499
16	0.02038	0.18919	0.03051	0.07059	0.28036	0.09735	0.01846	0.02430	0.01961	0.02519	0.12339	0.02536	0.02332	0.00916	0.00771	0.00230	0.00928	0.00775	0.00483	0.01098
17	0.02060	0.02481	0.15574	0.06717	0.25233	0.04682	0.05103	0.06725	0.17150	0.02975	0.02007	0.02240	0.01542	0.00868	0.00827	0.00261	0.00997	0.00767	0.00529	0.01259

[dist]
# distance from previous block
# <min> <max>
35	142

[block]
# block no. 1 follows, 22 sequences, length 97
# corresponding to MSA columns:
# 248-344
name=unknown_B
#
# <colnr> <probs for GDERKNQSTAVLIFYWHMCP>
#	G	D	E	R	K	N	Q	S	T	A	V	L	I	F	Y	W	H	M	C	P
0	0.05153	0.02148	0.06887	0.02401	0.11479	0.13504	0.14856	0.02281	0.02001	0.02551	0.08799	0.03828	0.18212	0.01191	0.00882	0.00260	0.00975	0.01060	0.00553	0.00980
1	0.08742	0.02521	0.01948	0.02008	0.08981	0.30429	0.01379	0.02795	0.10032	0.02489	0.03260	0.03289	0.16466	0.01166	0.00804	0.00246	0.01005	0.00890	0.00568	0.00979
2	0.01949	0.02124	0.07092	0.03396	0.34192	0.09992	0.01993	0.02539	0.07309	0.02582	0.02557	0.10677	0.06089	0.01143	0.00860	0.00263	0.00938	0.02647	0.00522	0.01134
3	0.08172	0.01667	0.03895	0.05228	0.22016	0.07075	0.01527	0.02092	0.01995	0.02789	0.19080	0.04092	0.14578	0.01253	0.00858	0.00256	0.00757	0.01074	0.00613	0.00982
4	0.02325	0.19898	0.15243	0.01590	0.02240	0.04567	0.01560	0.02737	0.01962	0.20486	0.07218	0.11938	0.02488	0.01165	0.00788	0.00248	0.00835	0.00944	0.00650	0.01116
5	0.02515	0.05065	0.02282	0.02054	0.08063	0.28053	0.01470	0.05714	0.10260	0.05245	0.01742	0.01887	0.01381	0.00827	0.00733	0.00205	0.01035	0.00614	0.00538	0.20317
6	0.02756	0.03224	0.02237	0.01932	0.02424	0.46016	0.01480	0.07059	0.02277	0.02394	0.01365	0.01594	0.01129	0.00841	0.00814	0.00204	0.04273	0.00549	0.00466	0.16965
7	0.01855	0.02029	0.01653	0.01556	0.01819	0.24454	0.01188	0.02084	0.01843	0.02061	0.03491	0.06702	0.18018	0.02713	0.18493	0.00543	0.07108	0.01038	0.00530	0.00820
8	0.01053	0.00814	0.00960	0.00989	0.01182	0.00721	0.00717	0.01305	0.01965	0.02566	0.25871	0.23400	0.31275	0.02100	0.01001	0.00289	0.00427	0.01828	0.00818	0.00721
9	0.03100	0.02273	0.02189	0.01797	0.02339	0.18569	0.03268	0.19391	0.02696	0.25212	0.02495	0.08684	0.01934	0.01116	0.00838	0.00252	0.00966	0.00885	0.00778	0.01218
10	0.02108	0.12531	0.16281	0.03222	0.19391	0.10463	0.19090	0.02685	0.01913	0.02490	0.01489	0.01875	0.01182	0.00749	0.00810	0.00245	0.01200	0.00714	0.00396	0.01164
11	0.01833	0.01696	0.02849	0.04133	0.49156	0.01734	0.02162	0.02276	0.01749	0.02512	0.01733	0.02366	0.01511	0.02150	0.17944	0.00526	0.01305	0.00779	0.00420	0.01168
12	0.01679	0.01678	0.01597	0.01542	0.01762	0.18093	0.01184	0.01954	0.01597	0.01955	0.01984	0.02810	0.01818	0.04851	0.50372	0.01047	0.02039	0.00799	0.00441	0.00799
13	0.02986	0.02809	0.02551	0.02543	0.14027	0.27210	0.01735	0.23944	0.02812	0.08843	0.01755	0.01888	0.01320	0.00899	0.00798	0.00236	0.01133	0.00673	0.00617	0.01223
14	0.02566	0.03128	0.01997	0.01888	0.02218	0.50321	0.01391	0.02763	0.02158	0.02056	0.02130	0.19152	0.02206	0.01304	0.00829	0.00246	0.01237	0.01004	0.00516	0.00889
15	0.01063	0.00830	0.00965	0.00963	0.01180	0.00731	0.00710	0.01338	0.02039	0.02665	0.30696	0.15147	0.34691	0.02004	0.00991	0.00280	0.00417	0.01730	0.00829	0.00731
16	0.00990	0.00811	0.00873	0.00922	0.01143	0.00694	0.00667	0.01183	0.01816	0.02212	0.07431	0.23981	0.49935	0.02232	0.01002	0.00295	0.00436	0.01909	0.00771	0.00694
17	0.01549	0.01554	0.01321	0.01409	0.01555	0.17823	0.00985	0.01711	0.01787	0.02098	0.03733	0.52608	0.04359	0.02154	0.00980	0.00306	0.00743	0.01893	0.00683	0.00749
18	0.02803	0.06118	0.02320	0.01986	0.02446	0.45346	0.01522	0.06023	0.18248	0.02532	0.01846	0.01923	0.01460	0.00925	0.00768	0.00231	0.01233	0.00644	0.00549	0.01076
19	0.02382	0.02235	0.01933	0.01751	0.04322	0.18630	0.01315	0.18937	0.13159	0.03293	0.03266	0.03247	0.13219	0.01173	0.00818	0.00247	0.00887	0.00911	0.07181	0.01092
20	0.02255	0.21709	0.30454	0.02050	0.02896	0.22515	0.02187	0.02805	0.01922	0.02270	0.01339	0.01565	0.01061	0.00789	0.00710	0.00226	0.01223	0.00545	0.00376	0.01104
21	0.01491	0.03410	0.49644	0.01976	0.02961	0.01614	0.02443	0.02262	0.01790	0.02532	0.03269	0.03356	0.17543	0.01127	0.00839	0.00268	0.01021	0.00906	0.00459	0.01093
22	0.01526	0.01642	0.01230	0.01175	0.01493	0.17843	0.00881	0.01738	0.02012	0.02190	0.06585	0.06327	0.48799	0.01784	0.00922	0.00263	0.00697	0.01441	0.00683	0.00769
23	0.02579	0.02744	0.02030	0.01834	0.02220	0.35057	0.01385	0.16767	0.02523	0.02809	0.02297	0.19269	0.02287	0.01338	0.00848	0.00254	0.01100	0.01054	0.00611	0.00995
24	0.01958	0.01327	0.01600	0.01439	0.01840	0.01337	0.02786	0.07846	0.16304	0.13427	0.04744	0.10345	0.19019	0.01638	0.00946	0.00295	0.00651	0.10632	0.00825	0.01040
25	0.00988	0.00842	0.00850	0.00848	0.01126	0.00704	0.00636	0.01204	0.01908	0.02278	0.10199	0.07939	0.63481	0.02091	0.00982	0.00280	0.00420	0.01745	0.00776	0.00704
26	0.01605	0.01640	0.01356	0.01380	0.01631	0.17888	0.01053	0.01836	0.01951	0.02212	0.04959	0.19910	0.23887	0.01928	0.00972	0.00296	0.00779	0.13258	0.00682	0.00776
27	0.02678	0.22364	0.03162	0.02394	0.13941	0.14503	0.01715	0.23672	0.02619	0.03250	0.01545	0.01725	0.01233	0.00842	0.00729	0.00222	0.01027	0.00621	0.00544	0.01214
28	0.02533	0.21206	0.05843	0.09062	0.08288	0.21937	0.01762	0.13043	0.04137	0.02695	0.01486	0.01720	0.01195	0.00834	0.00725	0.00224	0.01114	0.00601	0.00479	0.01116
29	0.03029	0.02915	0.02279	0.01978	0.02383	0.38626	0.01545	0.03265	0.02163	0.18500	0.01761	0.01898	0.01327	0.01009	0.01132	0.00252	0.13652	0.00647	0.00570	0.01069
30	0.02815	0.02530	0.02180	0.01756	0.02361	0.23122	0.01389	0.20828	0.02650	0.10072	0.01762	0.01850	0.01322	0.00852	0.00747	0.00205	0.01001	0.00619	0.00630	0.21309
31	0.02068	0.05142	0.02233	0.07649	0.02370	0.22527	0.03949	0.02270	0.01677	0.01946	0.01604	0.02677	0.01587	0.18953	0.02159	0.00411	0.18726	0.00790	0.00422	0.00838
32	0.01426	0.01105	0.01539	0.01983	0.17521	0.01105	0.01029	0.01552	0.01384	0.01894	0.02347	0.04569	0.02583	0.52817	0.03354	0.00662	0.00852	0.01088	0.00480	0.00712
33	0.02047	0.02743	0.19490	0.04141	0.44223	0.07650	0.02601	0.02637	0.01896	0.02634	0.01520	0.01930	0.01227	0.00763	0.00808	0.00248	0.01093	0.00690	0.00397	0.01263
34	0.01756	0.06686	0.10467	0.02015	0.05002	0.04606	0.10095	0.05051	0.13871	0.02647	0.02731	0.19784	0.02625	0.01784	0.06674	0.00372	0.01003	0.01197	0.00599	0.01034
35	0.01033	0.00753	0.00979	0.01150	0.01234	0.00699	0.00798	0.01203	0.01647	0.02161	0.04979	0.59013	0.11893	0.02526	0.01058	0.00335	0.00496	0.06587	0.00771	0.00684
36	0.01669	0.01243	0.01439	0.01297	0.01604	0.01269	0.00992	0.17300	0.05278	0.03454	0.27297	0.18572	0.11799	0.01727	0.00953	0.00277	0.00560	0.01491	0.00844	0.00937
37	0.08737	0.03728	0.36274	0.02141	0.03030	0.18831	0.02317	0.10401	0.02150	0.02902	0.01472	0.01684	0.01089	0.00831	0.00760	0.00248	0.01207	0.00596	0.00445	0.01155
38	0.02990	0.06167	0.02429	0.02017	0.02517	0.43725	0.01566	0.17517	0.08059	0.02916	0.01630	0.01748	0.01279	0.00907	0.00768	0.00227	0.01261	0.00617	0.00557	0.01105
39	0.01874	0.05820	0.27505	0.03271	0.18506	0.02013	0.20654	0.02591	0.01845	0.02635	0.01550	0.01953	0.01186	0.00740	0.00836	0.00255	0.01181	0.00742	0.00392	0.04452
40	0.01968	0.02106	0.05035	0.03318	0.30063	0.11865	0.08866	0.02433	0.02085	0.02758	0.17864	0.03045	0.02937	0.01001	0.00868	0.00250	0.00970	0.00927	0.00542	0.01099
41	0.01677	0.01228	0.01454	0.01259	0.01579	0.01241	0.00982	0.17286	0.02732	0.03775	0.46617	0.05198	0.08561	0.01535	0.00942	0.00259	0.00527	0.01319	0.00887	0.00942
42	0.02622	0.02535	0.02087	0.01779	0.02275	0.23282	0.01394	0.24667	0.12190	0.03444	0.03014	0.02973	0.11824	0.01150	0.00831	0.00248	0.00985	0.00871	0.00693	0.01137
43	0.02102	0.07139	0.11961	0.01823	0.02319	0.15031	0.06154	0.05132	0.09356	0.05060	0.02037	0.02876	0.01815	0.18852	0.01752	0.00393	0.03870	0.00826	0.00520	0.00982
44	0.01242	0.00844	0.01017	0.01066	0.01115	0.00844	0.00718	0.01340	0.01389	0.01836	0.03075	0.06446	0.03472	0.53216	0.03437	0.00697	0.00795	0.16310	0.00571	0.00571
45	0.01792	0.01727	0.01599	0.01687	0.01939	0.18032	0.01407	0.02131	0.02026	0.02370	0.03599	0.07350	0.03828	0.01926	0.01045	0.00339	0.00953	0.44756	0.00678	0.00816
46	0.16787	0.15799	0.18966	0.01866	0.02567	0.26335	0.01811	0.02822	0.01898	0.02500	0.01289	0.01505	0.01032	0.00796	0.00675	0.00228	0.01153	0.00522	0.00412	0.01037
47	0.01899	0.20667	0.15888	0.02107	0.11177	0.01958	0.01777	0.02349	0.01696	0.07780	0.01882	0.04996	0.01627	0.02254	0.17870	0.00516	0.01283	0.00749	0.00461	0.01065
48	0.01142	0.00847	0.01240	0.01289	0.01412	0.00945	0.00970	0.01400	0.01401	0.01978	0.02829	0.20464	0.02954	0.05299	0.50452	0.01079	0.01778	0.01268	0.00529	0.00725
49	0.01283	0.00995	0.01199	0.01294	0.01450	0.01032	0.00911	0.01993	0.17644	0.02468	0.04271	0.53020	0.04735	0.02224	0.01005	0.00323	0.00527	0.01996	0.00790	0.00839
50	0.02442	0.01697	0.04617	0.02026	0.11671	0.03782	0.01429	0.03310	0.17975	0.24011	0.03837	0.03632	0.13518	0.01190	0.00858	0.00265	0.00734	0.00995	0.00792	0.01220
51	0.02717	0.03096	0.02188	0.01870	0.02401	0.42213	0.01433	0.08457	0.04521	0.02549	0.01472	0.01658	0.01194	0.00817	0.00726	0.00196	0.01189	0.00558	0.00496	0.20251
52	0.01540	0.01283	0.01528	0.01212	0.01773	0.00996	0.00930	0.01852	0.01689	0.02556	0.02273	0.19319	0.02325	0.01125	0.00730	0.00178	0.00581	0.00972	0.00564	0.56575
53	0.01175	0.01662	0.17767	0.01410	0.01804	0.01002	0.01336	0.01542	0.01688	0.02274	0.04485	0.41323	0.15254	0.02046	0.00976	0.00308	0.00662	0.01802	0.00663	0.00822
54	0.02263	0.15078	0.20107	0.01609	0.02320	0.01693	0.01663	0.02755	0.02031	0.21731	0.13146	0.05013	0.04910	0.01102	0.00803	0.00248	0.00815	0.00892	0.00679	0.01143
55	0.03022	0.01267	0.01649	0.01315	0.01864	0.01088	0.01070	0.03315	0.02253	0.49779	0.04597	0.04154	0.18289	0.01304	0.00873	0.00263	0.00633	0.01071	0.00962	0.01231
56	0.01687	0.00988	0.01120	0.01005	0.01378	0.00835	0.00783	0.01926	0.02018	0.18663	0.07097	0.06668	0.49052	0.01828	0.00944	0.00274	0.00494	0.01518	0.00837	0.00884
57	0.02223	0.03967	0.02714	0.03288	0.32779	0.04702	0.04012	0.10271	0.02216	0.09000	0.02879	0.03210	0.11037	0.01059	0.00853	0.00255	0.00893	0.02855	0.00589	0.01198
58	0.01833	0.01696	0.02849	0.04133	0.49156	0.01734	0.02162	0.02276	0.01749	0.02512	0.01733	0.02366	0.01511	0.02150	0.17944	0.00526	0.01305	0.00779	0.00420	0.01168
59	0.01490	0.01286	0.02011	0.02408	0.18038	0.01469	0.01525	0.01822	0.01470	0.02139	0.01912	0.02771	0.01757	0.04217	0.42195	0.00933	0.10391	0.00831	0.00426	0.00910
60	0.05341	0.02652	0.06846	0.03395	0.23042	0.18857	0.17306	0.02732	0.01953	0.02508	0.01464	0.01895	0.01190	0.00819	0.00976	0.00257	0.06501	0.00728	0.00415	0.01123
61	0.02474	0.20311	0.03278	0.03088	0.27066	0.18962	0.01924	0.08739	0.02157	0.02598	0.01430	0.01723	0.01199	0.00788	0.00730	0.00221	0.01084	0.00613	0.00443	0.01172
62	0.02156	0.50735	0.06670	0.02405	0.18492	0.02894	0.01779	0.02509	0.01743	0.02177	0.01273	0.01536	0.01130	0.00722	0.00618	0.00199	0.00928	0.00527	0.00370	0.01137
63	0.01950	0.10468	0.22873	0.02856	0.18900	0.02140	0.06143	0.03054	0.17806	0.02795	0.01969	0.02160	0.01515	0.00849	0.00796	0.00255	0.00993	0.00734	0.00498	0.01247
64	0.01781	0.04690	0.04818	0.01865	0.06319	0.01865	0.01435	0.02955	0.27142	0.03015	0.18527	0.03457	0.03422	0.01274	0.01205	0.00284	0.13157	0.00996	0.00703	0.01090
65	0.01016	0.00843	0.00889	0.00877	0.01143	0.00716	0.00658	0.01258	0.01974	0.02436	0.18428	0.07679	0.55153	0.02032	0.00981	0.00277	0.00416	0.01709	0.00797	0.00716
66	0.07028	0.02008	0.01742	0.01514	0.01962	0.18282	0.01187	0.10432	0.02361	0.17016	0.06416	0.06054	0.15882	0.01325	0.00850	0.00257	0.00851	0.03056	0.00739	0.01036
67	0.02025	0.05160	0.11418	0.09993	0.09706	0.12889	0.06359	0.04987	0.01854	0.05064	0.01851	0.02820	0.01672	0.18784	0.01682	0.00391	0.01088	0.00818	0.00468	0.00972
68	0.01158	0.00784	0.00921	0.00970	0.00983	0.00772	0.00572	0.01195	0.01306	0.01742	0.03121	0.22079	0.03655	0.53295	0.03415	0.00685	0.00722	0.01504	0.00572	0.00547
69	0.01180	0.01641	0.17789	0.01468	0.01819	0.00997	0.01361	0.01535	0.01632	0.02252	0.03786	0.52674	0.04354	0.02137	0.00991	0.00318	0.00673	0.01913	0.00663	0.00817
70	0.01956	0.27898	0.15181	0.01588	0.02237	0.14059	0.01573	0.02334	0.01875	0.02175	0.03108	0.03155	0.17551	0.01110	0.00738	0.00227	0.00946	0.00830	0.00475	0.00985
71	0.01422	0.01045	0.01165	0.01172	0.01419	0.01062	0.00885	0.04562	0.13401	0.02752	0.04777	0.21995	0.18170	0.01802	0.00907	0.00286	0.00524	0.06588	0.15207	0.00858
72	0.01062	0.00744	0.00949	0.01092	0.01128	0.00708	0.00702	0.01170	0.01492	0.01990	0.04075	0.53620	0.04859	0.20112	0.01874	0.00458	0.00565	0.02066	0.00702	0.00631
73	0.01426	0.01105	0.01539	0.01983	0.17521	0.01105	0.01029	0.01552	0.01384	0.01894	0.02347	0.04569	0.02583	0.52817	0.03354	0.00662	0.00852	0.01088	0.00480	0.00712
74	0.06512	0.01740	0.03181	0.05982	0.22408	0.01763	0.21860	0.02288	0.01732	0.02535	0.01742	0.02389	0.01458	0.02142	0.17977	0.00539	0.01424	0.00839	0.00428	0.01061
75	0.01226	0.00907	0.01336	0.01385	0.01544	0.01017	0.01116	0.01544	0.01483	0.02072	0.02783	0.04832	0.02771	0.05220	0.50474	0.01091	0.01850	0.16073	0.00527	0.00748
76	0.01792	0.01727	0.01599	0.01687	0.01939	0.18032	0.01407	0.02131	0.02026	0.02370	0.03599	0.07350	0.03828	0.01926	0.01045	0.00339	0.00953	0.44756	0.00678	0.00816
77	0.03180	0.02978	0.02217	0.01912	0.02419	0.39229	0.01480	0.08820	0.07729	0.18909	0.02036	0.02019	0.01478	0.00936	0.00787	0.00234	0.01173	0.00665	0.00653	0.01148
78	0.02938	0.01848	0.06778	0.02727	0.18805	0.01573	0.09646	0.03394	0.02159	0.37623	0.02517	0.02485	0.01699	0.00897	0.00848	0.00258	0.00902	0.00816	0.00748	0.01339
79	0.02032	0.02042	0.03765	0.04689	0.49890	0.02006	0.17968	0.02578	0.01909	0.02700	0.01593	0.02104	0.01302	0.00730	0.00863	0.00255	0.01093	0.00802	0.00414	0.01266
80	0.02365	0.02033	0.03023	0.18030	0.19695	0.02197	0.09705	0.26056	0.02636	0.03560	0.01727	0.02091	0.01300	0.00856	0.00848	0.00259	0.01038	0.00773	0.00567	0.01240
81	0.02194	0.07094	0.02720	0.15467	0.13793	0.19816	0.01932	0.02607	0.04415	0.02213	0.01398	0.01870	0.01186	0.00986	0.01274	0.00270	0.18661	0.00669	0.00410	0.01023
82	0.01793	0.01834	0.01848	0.01664	0.01873	0.14390	0.01320	0.04466	0.01762	0.02189	0.03253	0.03612	0.17760	0.02357	0.13627	0.00486	0.23411	0.00984	0.00515	0.00856
83	0.01309	0.01178	0.01395	0.01290	0.01509	0.01305	0.01025	0.01710	0.07153	0.02331	0.07740	0.05976	0.39424	0.01846	0.01424	0.00305	0.18132	0.03460	0.00677	0.00813
84	0.01611	0.01537	0.02139	0.01918	0.01930	0.02065	0.01549	0.01783	0.01354	0.02030	0.01986	0.19389	0.02221	0.01749	0.02299	0.00357	0.51620	0.01147	0.00468	0.00849
85	0.01545	0.01571	0.01304	0.01365	0.01543	0.17827	0.00966	0.01716	0.01829	0.02116	0.04274	0.43831	0.12787	0.02084	0.00969	0.00298	0.00734	0.01807	0.00683	0.00753
86	0.03003	0.09282	0.04792	0.02183	0.06798	0.44654	0.01645	0.03284	0.02247	0.12227	0.01614	0.01741	0.01242	0.00860	0.00750	0.00222	0.01276	0.00591	0.00513	0.01077
87	0.02516	0.03069	0.01946	0.01788	0.02180	0.47628	0.01343	0.02817	0.04786	0.02147	0.03202	0.03232	0.17616	0.01188	0.00813	0.00234	0.01187	0.00864	0.00533	0.00910
88	0.01558	0.01155	0.01336	0.01298	0.01543	0.01167	0.00955	0.17002	0.02236	0.02941	0.04559	0.42296	0.14471	0.02107	0.00988	0.00305	0.00583	0.01845	0.00787	0.00869
89	0.02337	0.02706	0.21668	0.02068	0.02896	0.02047	0.07219	0.23923	0.04700	0.06388	0.01814	0.01973	0.01321	0.00875	0.00867	0.00243	0.03391	0.00700	0.00595	0.12269
90	0.02117	0.12319	0.17762	0.02415	0.07285	0.02136	0.15142	0.03193	0.17865	0.08284	0.02130	0.02259	0.01586	0.00863	0.00815	0.00258	0.01009	0.00781	0.00556	0.01226
91	0.02284	0.01939	0.01898	0.01627	0.02011	0.09081	0.01241	0.21300	0.20088	0.03317	0.02434	0.03131	0.02094	0.18960	0.01778	0.00402	0.03751	0.00896	0.00687	0.01081
92	0.01428	0.01057	0.01156	0.01107	0.01228	0.01129	0.00712	0.02031	0.17360	0.02089	0.02814	0.04836	0.02896	0.52916	0.03360	0.00671	0.00767	0.01139	0.00591	0.00712
93	0.01928	0.01574	0.01675	0.01506	0.01869	0.01781	0.01126	0.07965	0.43462	0.03128	0.03081	0.03617	0.02576	0.19006	0.01713	0.00414	0.00715	0.00994	0.00756	0.01114
94	0.20521	0.01013	0.00988	0.00967	0.01165	0.01046	0.00663	0.01533	0.01472	0.02389	0.06149	0.10065	0.14904	0.31229	0.02259	0.00503	0.00646	0.01223	0.00596	0.00669
95	0.09197	0.01827	0.02346	0.07800	0.05441	0.03879	0.07554	0.05379	0.17781	0.02927	0.01917	0.02168	0.01512	0.00944	0.01060	0.00256	0.11166	0.00731	0.00556	0.15559
96	0.01875	0.01760	0.02881	0.25181	0.38295	0.01905	0.02316	0.02552	0.07479	0.02585	0.01801	0.02461	0.01482	0.00860	0.00839	0.00264	0.00988	0.02857	0.00450	0.01170

[dist]
# distance from previous block
# <min> <max>
0	2

# created by:
# /home/cegg/simao/soft/augustus-3.2.1/scripts/msa2prfl.pl ./align_prep/14936.fa
