[name]
unknown

[dist]
# distance from previous block
# <min> <max>
0	7

[block]
# block no. 0 follows, 18 sequences, length 62
# corresponding to MSA columns:
# 23-84
name=unknown_A
#
# <colnr> <probs for GDERKNQSTAVLIFYWHMCP>
#	G	D	E	R	K	N	Q	S	T	A	V	L	I	F	Y	W	H	M	C	P
0	0.20680	0.02879	0.27058	0.01858	0.02750	0.01780	0.02031	0.02572	0.01833	0.03197	0.01955	0.06304	0.01713	0.01054	0.00797	0.00271	0.00971	0.04146	0.00523	0.15627
1	0.12636	0.02336	0.10145	0.02233	0.11911	0.10561	0.01653	0.02625	0.01986	0.03094	0.02075	0.06174	0.01774	0.01011	0.00770	0.00247	0.00919	0.00801	0.16353	0.10698
2	0.01836	0.09066	0.16530	0.01953	0.02581	0.01954	0.04538	0.02621	0.09542	0.02688	0.02351	0.08825	0.02149	0.05136	0.09748	0.00474	0.07381	0.00982	0.00550	0.09096
3	0.02615	0.02629	0.02542	0.02753	0.15403	0.21820	0.01799	0.10906	0.02492	0.03129	0.05477	0.02532	0.01952	0.01435	0.04965	0.00342	0.06676	0.00811	0.08554	0.01166
4	0.02350	0.01954	0.02159	0.01839	0.02334	0.05770	0.04379	0.22397	0.11236	0.03835	0.04051	0.09614	0.13028	0.01910	0.04842	0.00377	0.00978	0.04930	0.00821	0.01197
5	0.05554	0.00965	0.00993	0.01008	0.01294	0.00855	0.00748	0.01424	0.02050	0.02642	0.11735	0.16005	0.47022	0.02279	0.01065	0.00315	0.00487	0.01921	0.00846	0.00791
6	0.02189	0.01872	0.02320	0.02592	0.15271	0.02104	0.01678	0.03901	0.36236	0.03502	0.03044	0.03087	0.02351	0.01151	0.01016	0.00295	0.04741	0.00951	0.10352	0.01347
7	0.02165	0.02016	0.02695	0.02285	0.02383	0.02700	0.01885	0.09696	0.01789	0.02659	0.01441	0.02278	0.01382	0.05563	0.02836	0.00415	0.53442	0.00839	0.00480	0.01051
8	0.01473	0.01260	0.01306	0.01249	0.01614	0.01260	0.00948	0.02463	0.20838	0.02912	0.07306	0.09895	0.40014	0.02004	0.01041	0.00314	0.00553	0.01680	0.00879	0.00992
9	0.01085	0.00930	0.00930	0.00930	0.01240	0.00775	0.00698	0.01318	0.02093	0.02480	0.09302	0.08837	0.61631	0.02325	0.01085	0.00310	0.00465	0.01938	0.00853	0.00775
10	0.01885	0.04447	0.55324	0.02784	0.04084	0.02158	0.10739	0.02912	0.01969	0.02912	0.01676	0.02010	0.01194	0.00859	0.00900	0.00293	0.01382	0.00732	0.00398	0.01341
11	0.01225	0.00936	0.01124	0.01077	0.01326	0.00835	0.00808	0.01588	0.02423	0.03264	0.43355	0.07547	0.27089	0.02033	0.01084	0.00296	0.00444	0.01757	0.00956	0.00835
12	0.03228	0.04034	0.02586	0.02478	0.05865	0.56599	0.01787	0.03487	0.02500	0.02279	0.01505	0.01818	0.01271	0.01336	0.05055	0.00321	0.01680	0.00629	0.00473	0.01069
13	0.01712	0.00856	0.00856	0.00856	0.01070	0.00856	0.00642	0.02139	0.01926	0.03423	0.02995	0.03423	0.02353	0.01070	0.00642	0.00214	0.00428	0.00856	0.72828	0.00856
14	0.01890	0.01376	0.01615	0.01550	0.01825	0.01430	0.01143	0.20039	0.02591	0.03464	0.04131	0.46008	0.04605	0.02299	0.01090	0.00341	0.00688	0.02030	0.00874	0.01011
15	0.03334	0.02508	0.02771	0.02315	0.06490	0.02768	0.01792	0.51849	0.07919	0.05484	0.02277	0.02290	0.01638	0.01094	0.00919	0.00278	0.00996	0.00840	0.00891	0.01548
16	0.01883	0.09044	0.59042	0.02546	0.03865	0.02234	0.03269	0.02897	0.01934	0.02857	0.01623	0.01907	0.01164	0.00866	0.00853	0.00284	0.01332	0.00666	0.00388	0.01345
17	0.02673	0.02994	0.03172	0.10951	0.32325	0.26767	0.02373	0.03103	0.02266	0.02628	0.01594	0.02047	0.01321	0.00880	0.00878	0.00262	0.01330	0.00728	0.00457	0.01251
18	0.02091	0.02191	0.02328	0.02094	0.02251	0.15678	0.01675	0.02342	0.01691	0.02192	0.01664	0.02456	0.01558	0.03195	0.22577	0.00718	0.31080	0.00816	0.00447	0.00957
19	0.03490	0.02572	0.02756	0.02113	0.02847	0.02847	0.01745	0.58942	0.04317	0.05787	0.02204	0.02204	0.01561	0.01102	0.00919	0.00276	0.01010	0.00827	0.00919	0.01561
20	0.03429	0.03903	0.02514	0.02251	0.02753	0.52944	0.01706	0.03838	0.06508	0.09027	0.01819	0.01938	0.01413	0.00987	0.00846	0.00247	0.01496	0.00658	0.00578	0.01146
21	0.01085	0.00930	0.00930	0.00930	0.01240	0.00775	0.00698	0.01318	0.02093	0.02480	0.09302	0.08837	0.61631	0.02325	0.01085	0.00310	0.00465	0.01938	0.00853	0.00775
22	0.01119	0.00799	0.01065	0.01278	0.01332	0.00746	0.00852	0.01278	0.01758	0.02344	0.05061	0.67132	0.06073	0.02877	0.01172	0.00373	0.00533	0.02610	0.00852	0.00746
23	0.01470	0.01082	0.01503	0.01474	0.01650	0.01245	0.01141	0.04442	0.01683	0.02459	0.02720	0.10456	0.02626	0.05330	0.44811	0.01119	0.05321	0.01134	0.07475	0.00861
24	0.02273	0.02182	0.03727	0.05636	0.62003	0.02182	0.02818	0.02818	0.02091	0.03000	0.01727	0.02273	0.01454	0.00818	0.00909	0.00273	0.01091	0.00818	0.00455	0.01454
25	0.01712	0.00856	0.00856	0.00856	0.01070	0.00856	0.00642	0.02139	0.01926	0.03423	0.02995	0.03423	0.02353	0.01070	0.00642	0.00214	0.00428	0.00856	0.72828	0.00856
26	0.01119	0.00799	0.01065	0.01278	0.01332	0.00746	0.00852	0.01278	0.01758	0.02344	0.05061	0.67132	0.06073	0.02877	0.01172	0.00373	0.00533	0.02610	0.00852	0.00746
27	0.02789	0.02424	0.09038	0.01986	0.02640	0.02308	0.01732	0.40122	0.03494	0.04715	0.02769	0.16396	0.02506	0.01465	0.00969	0.00299	0.00944	0.01201	0.00845	0.01360
28	0.03490	0.02572	0.02756	0.02113	0.02847	0.02847	0.01745	0.58942	0.04317	0.05787	0.02204	0.02204	0.01561	0.01102	0.00919	0.00276	0.01010	0.00827	0.00919	0.01561
29	0.02455	0.68284	0.04811	0.01571	0.02357	0.03633	0.01571	0.02749	0.01866	0.02160	0.01277	0.01473	0.01178	0.00786	0.00589	0.00196	0.00982	0.00491	0.00393	0.01178
30	0.01976	0.18665	0.50235	0.02388	0.03620	0.02461	0.02994	0.02873	0.01923	0.02744	0.01566	0.01837	0.01166	0.00853	0.00810	0.00270	0.01275	0.00637	0.00389	0.01318
31	0.03490	0.02572	0.02756	0.02113	0.02847	0.02847	0.01745	0.58942	0.04317	0.05787	0.02204	0.02204	0.01561	0.01102	0.00919	0.00276	0.01010	0.00827	0.00919	0.01561
32	0.01119	0.00799	0.01065	0.01278	0.01332	0.00746	0.00852	0.01278	0.01758	0.02344	0.05061	0.67132	0.06073	0.02877	0.01172	0.00373	0.00533	0.02610	0.00852	0.00746
33	0.02273	0.02182	0.03727	0.05636	0.62003	0.02182	0.02818	0.02818	0.02091	0.03000	0.01727	0.02273	0.01454	0.00818	0.00909	0.00273	0.01091	0.00818	0.00455	0.01454
34	0.02156	0.02445	0.05242	0.03771	0.04637	0.02355	0.54839	0.02892	0.02116	0.02892	0.01813	0.02445	0.01380	0.00830	0.01214	0.00316	0.05908	0.01065	0.00460	0.01223
35	0.03430	0.04376	0.02602	0.02365	0.02839	0.64045	0.01774	0.03666	0.02602	0.02247	0.01419	0.01656	0.01183	0.00946	0.00828	0.00237	0.01656	0.00591	0.00473	0.01064
36	0.18582	0.03349	0.32724	0.08623	0.06598	0.02134	0.09853	0.02806	0.01879	0.03142	0.01592	0.01970	0.01174	0.00857	0.00836	0.00292	0.01207	0.00709	0.00444	0.01231
37	0.01428	0.01020	0.01420	0.01632	0.01820	0.01012	0.01389	0.01813	0.02062	0.02690	0.04890	0.18533	0.05398	0.02585	0.01254	0.00416	0.00800	0.48160	0.00846	0.00831
38	0.01320	0.00951	0.01311	0.01311	0.01418	0.01058	0.00942	0.01534	0.01427	0.02009	0.02610	0.04443	0.02658	0.28052	0.43423	0.01272	0.01914	0.01106	0.00514	0.00728
39	0.02275	0.02136	0.03365	0.04811	0.48946	0.02204	0.02519	0.03269	0.14850	0.03184	0.02167	0.02525	0.01750	0.00912	0.00915	0.00281	0.01011	0.00866	0.00560	0.01454
40	0.02093	0.02147	0.02610	0.18595	0.03383	0.11256	0.02009	0.02422	0.01716	0.02300	0.01492	0.02218	0.01315	0.01587	0.05259	0.00401	0.33771	0.00788	0.03636	0.01001
41	0.02238	0.01154	0.01483	0.01277	0.01684	0.01017	0.01001	0.02605	0.02510	0.23955	0.31118	0.05949	0.16849	0.01708	0.01028	0.00291	0.00561	0.01459	0.01023	0.01091
42	0.03141	0.03933	0.02422	0.02216	0.02658	0.55865	0.01665	0.03384	0.02494	0.02254	0.01979	0.02234	0.05011	0.01433	0.05120	0.00325	0.01636	0.00701	0.00498	0.01030
43	0.01334	0.01050	0.01219	0.01157	0.01439	0.00992	0.00873	0.01937	0.08804	0.03286	0.37157	0.07160	0.26253	0.01962	0.01067	0.00299	0.00477	0.01687	0.00948	0.00900
44	0.03210	0.02367	0.02591	0.02031	0.02692	0.02628	0.01668	0.51559	0.03951	0.05316	0.02237	0.02385	0.01656	0.01847	0.09058	0.00430	0.01197	0.00847	0.00864	0.01466
45	0.74217	0.01776	0.01350	0.01207	0.01776	0.02060	0.00994	0.02699	0.01563	0.04120	0.01278	0.01492	0.00994	0.00852	0.00568	0.00284	0.00710	0.00497	0.00568	0.00994
46	0.03243	0.03196	0.11401	0.02229	0.03008	0.13265	0.01987	0.41370	0.03680	0.04764	0.01989	0.02072	0.01439	0.01042	0.00896	0.00271	0.01171	0.00765	0.00766	0.01447
47	0.01681	0.01444	0.01793	0.02002	0.09504	0.01541	0.01314	0.02650	0.19820	0.02886	0.04826	0.19872	0.16229	0.04689	0.01308	0.00351	0.04651	0.01585	0.00786	0.01068
48	0.01093	0.00901	0.00960	0.01006	0.01260	0.00769	0.00732	0.01309	0.02020	0.02451	0.08373	0.21605	0.49462	0.02446	0.01104	0.00324	0.00480	0.02085	0.00853	0.00769
49	0.02273	0.02182	0.03727	0.05636	0.62003	0.02182	0.02818	0.02818	0.02091	0.03000	0.01727	0.02273	0.01454	0.00818	0.00909	0.00273	0.01091	0.00818	0.00455	0.01454
50	0.01085	0.00930	0.00930	0.00930	0.01240	0.00775	0.00698	0.01318	0.02093	0.02480	0.09302	0.08837	0.61631	0.02325	0.01085	0.00310	0.00465	0.01938	0.00853	0.00775
51	0.01741	0.04242	0.54728	0.02393	0.03611	0.01952	0.03034	0.02696	0.01959	0.02851	0.02665	0.02855	0.09199	0.01065	0.00901	0.00293	0.01238	0.00846	0.00450	0.01280
52	0.01270	0.00969	0.01185	0.01318	0.01462	0.00953	0.00915	0.01761	0.09581	0.02558	0.05353	0.52225	0.11776	0.02599	0.01131	0.00358	0.00551	0.02327	0.00863	0.00843
53	0.02183	0.02410	0.04974	0.03604	0.04478	0.02317	0.51065	0.03199	0.09899	0.03061	0.02107	0.02603	0.01581	0.00837	0.01064	0.00310	0.01439	0.01078	0.00527	0.01267
54	0.03238	0.02336	0.02548	0.01991	0.02628	0.02575	0.01619	0.51267	0.03902	0.05230	0.02123	0.02282	0.01566	0.01380	0.01273	0.09979	0.00982	0.00823	0.00849	0.01407
55	0.03291	0.03639	0.02789	0.02738	0.10704	0.40720	0.01906	0.17195	0.02957	0.03221	0.01654	0.01873	0.01312	0.00968	0.00861	0.00251	0.01421	0.00680	0.00581	0.01239
56	0.02258	0.01900	0.01999	0.01771	0.02286	0.02146	0.01385	0.10378	0.46413	0.03875	0.04307	0.04010	0.10484	0.01373	0.00953	0.00307	0.00723	0.01134	0.00922	0.01375
57	0.01584	0.01008	0.01233	0.01160	0.01435	0.01017	0.00895	0.01971	0.01750	0.02871	0.02609	0.03292	0.02199	0.03248	0.24969	0.00687	0.01240	0.00863	0.35494	0.10476
58	0.02061	0.04460	0.54971	0.02550	0.03824	0.02227	0.03174	0.10355	0.02255	0.03290	0.01722	0.01974	0.01216	0.00903	0.00878	0.00289	0.01311	0.00698	0.00458	0.01384
59	0.02432	0.59471	0.04448	0.01611	0.02361	0.03454	0.01555	0.03032	0.09638	0.02384	0.01604	0.01732	0.01394	0.00847	0.00635	0.00212	0.00948	0.00564	0.00465	0.01215
60	0.01171	0.00912	0.00929	0.00944	0.01224	0.00784	0.00701	0.01424	0.02048	0.02597	0.08180	0.12008	0.50044	0.02195	0.01032	0.00301	0.00465	0.01839	0.10418	0.00784
61	0.01757	0.01632	0.02641	0.56997	0.05773	0.01932	0.02356	0.02341	0.01845	0.02432	0.01632	0.02376	0.01242	0.00886	0.00886	0.00283	0.01152	0.00780	0.00426	0.10632

[dist]
# distance from previous block
# <min> <max>
0	5

[block]
# block no. 1 follows, 18 sequences, length 12
# corresponding to MSA columns:
# 90-101
name=unknown_B
#
# <colnr> <probs for GDERKNQSTAVLIFYWHMCP>
#	G	D	E	R	K	N	Q	S	T	A	V	L	I	F	Y	W	H	M	C	P
0	0.01175	0.00916	0.00956	0.00956	0.01154	0.00817	0.00647	0.01324	0.01820	0.02228	0.06990	0.07817	0.40608	0.25914	0.02379	0.00519	0.00618	0.01721	0.00746	0.00696
1	0.01312	0.00984	0.01476	0.01476	0.01640	0.01148	0.01148	0.01640	0.01476	0.02131	0.02459	0.03607	0.02295	0.06886	0.64092	0.01476	0.02459	0.00984	0.00492	0.00820
2	0.02195	0.44246	0.04069	0.24636	0.03787	0.03059	0.01924	0.02604	0.01855	0.02227	0.01405	0.01825	0.01195	0.00833	0.00708	0.00236	0.01069	0.00608	0.00398	0.01121
3	0.02076	0.02207	0.01882	0.01797	0.02072	0.23831	0.01374	0.02371	0.01882	0.02173	0.02084	0.02903	0.01894	0.04744	0.41276	0.01029	0.02170	0.00842	0.00485	0.00908
4	0.01974	0.01438	0.01675	0.01579	0.01878	0.01504	0.01174	0.22075	0.02681	0.03586	0.04031	0.43716	0.04446	0.02237	0.01081	0.00338	0.00705	0.01967	0.00876	0.01040
5	0.01911	0.01622	0.02266	0.01939	0.02073	0.02077	0.04980	0.02229	0.01640	0.02692	0.01891	0.02548	0.01631	0.01362	0.02040	0.00328	0.38440	0.00840	0.26526	0.00965
6	0.01335	0.00890	0.01001	0.01001	0.01001	0.00890	0.00556	0.01335	0.01335	0.01780	0.02893	0.06009	0.03338	0.67731	0.04673	0.00890	0.00890	0.01335	0.00556	0.00556
7	0.01245	0.00905	0.00976	0.00976	0.01088	0.00849	0.00607	0.01329	0.01608	0.02033	0.05204	0.07029	0.24361	0.44143	0.03379	0.00681	0.00737	0.01553	0.00663	0.00635
8	0.01257	0.00857	0.01025	0.01101	0.01121	0.00838	0.00663	0.01315	0.01488	0.01984	0.03675	0.28053	0.04324	0.44341	0.03411	0.00704	0.00761	0.01795	0.00663	0.00625
9	0.02078	0.01983	0.03376	0.27235	0.41923	0.02131	0.02721	0.02648	0.01999	0.02764	0.01693	0.02336	0.01371	0.00854	0.00912	0.00285	0.01139	0.00817	0.00438	0.01298
10	0.02041	0.01574	0.01773	0.01597	0.02019	0.01715	0.01235	0.03720	0.35990	0.07378	0.24569	0.04645	0.04884	0.01467	0.00987	0.00302	0.00624	0.01256	0.00974	0.01248
11	0.01228	0.00936	0.01128	0.01080	0.01328	0.00836	0.00810	0.01595	0.02431	0.03282	0.44138	0.07517	0.26294	0.02026	0.01084	0.00296	0.00444	0.01753	0.00958	0.00836

[dist]
# distance from previous block
# <min> <max>
0	4

# created by:
# /home/cegg/simao/soft/augustus-3.2.1/scripts/msa2prfl.pl ./align_prep/14989.fa
