[name]
unknown

[dist]
# distance from previous block
# <min> <max>
0	1

[block]
# block no. 0 follows, 20 sequences, length 17
# corresponding to MSA columns:
# 1-17
name=unknown_A
#
# <colnr> <probs for GDERKNQSTAVLIFYWHMCP>
#	G	D	E	R	K	N	Q	S	T	A	V	L	I	F	Y	W	H	M	C	P
0	0.01597	0.01276	0.01948	0.02559	0.17595	0.01276	0.01729	0.02028	0.02002	0.02671	0.03861	0.07887	0.04095	0.01995	0.01118	0.00365	0.00862	0.43475	0.00709	0.00950
1	0.01872	0.01770	0.02865	0.04217	0.47956	0.01733	0.02165	0.02315	0.01987	0.02724	0.03470	0.03744	0.17188	0.01141	0.00906	0.00268	0.00885	0.01048	0.00528	0.01218
2	0.02467	0.02032	0.03661	0.04205	0.37100	0.01956	0.17173	0.03006	0.02102	0.14547	0.02014	0.02362	0.01515	0.00824	0.00908	0.00270	0.01091	0.00860	0.00557	0.01349
3	0.01704	0.01651	0.02142	0.01906	0.02096	0.08307	0.05471	0.02000	0.01538	0.02111	0.01845	0.02715	0.01708	0.04086	0.36178	0.00904	0.21465	0.00852	0.00438	0.00882
4	0.01756	0.01140	0.01638	0.01600	0.01884	0.01100	0.04636	0.04884	0.02110	0.10719	0.07792	0.24226	0.04665	0.02126	0.01100	0.00351	0.00736	0.25785	0.00833	0.00921
5	0.01122	0.00880	0.01015	0.00997	0.01238	0.00773	0.00742	0.01422	0.02180	0.02849	0.32527	0.11175	0.35858	0.02054	0.01035	0.00289	0.00432	0.01764	0.00876	0.00773
6	0.01040	0.00849	0.00920	0.00977	0.01203	0.00729	0.00704	0.01241	0.01899	0.02320	0.07702	0.25395	0.47282	0.02357	0.01054	0.00311	0.00460	0.02021	0.00810	0.00729
7	0.01078	0.00801	0.00973	0.01101	0.01208	0.00731	0.00740	0.01230	0.01705	0.02199	0.05599	0.46278	0.20165	0.10147	0.01469	0.00395	0.00528	0.02180	0.00778	0.00695
8	0.01354	0.00900	0.01235	0.01235	0.01404	0.01012	0.00954	0.01692	0.01523	0.02372	0.02481	0.03377	0.02196	0.04977	0.47404	0.01062	0.01790	0.00900	0.21341	0.00788
9	0.01168	0.00803	0.00981	0.01080	0.01105	0.00779	0.00666	0.01242	0.01465	0.01953	0.03755	0.36541	0.04441	0.36778	0.02813	0.00605	0.00680	0.01861	0.00666	0.00617
10	0.01157	0.00821	0.00921	0.01001	0.01182	0.00740	0.00711	0.01385	0.01832	0.02475	0.06108	0.31259	0.29089	0.02189	0.00983	0.00301	0.00460	0.01898	0.14747	0.00740
11	0.01236	0.00898	0.01009	0.01011	0.01273	0.00774	0.00746	0.01472	0.02012	0.06267	0.13741	0.19325	0.42733	0.02193	0.01037	0.00302	0.00469	0.01874	0.00843	0.00786
12	0.01129	0.00829	0.00951	0.01017	0.01123	0.00768	0.00661	0.01246	0.01618	0.02068	0.05269	0.27168	0.22331	0.27180	0.02317	0.00518	0.00612	0.01839	0.00706	0.00650
13	0.01731	0.01352	0.01477	0.01331	0.01717	0.01366	0.01060	0.15480	0.08245	0.03369	0.12918	0.06381	0.30488	0.01814	0.00999	0.00296	0.00620	0.07518	0.00849	0.00988
14	0.02397	0.01367	0.01631	0.01384	0.01765	0.01412	0.01077	0.15976	0.02334	0.16883	0.02694	0.03353	0.02187	0.13174	0.13338	0.00556	0.01035	0.00917	0.15456	0.01065
15	0.48790	0.19107	0.02268	0.01332	0.01942	0.02421	0.01164	0.09142	0.01852	0.03618	0.01313	0.01489	0.01050	0.00820	0.00582	0.00248	0.00772	0.00506	0.00535	0.01050
16	0.02290	0.02602	0.03064	0.20108	0.03854	0.22216	0.13151	0.02701	0.01940	0.02277	0.01436	0.02000	0.01177	0.01002	0.01324	0.00291	0.16376	0.00754	0.00416	0.01018

[dist]
# distance from previous block
# <min> <max>
0	1

[block]
# block no. 1 follows, 20 sequences, length 7
# corresponding to MSA columns:
# 19-25
name=unknown_B
#
# <colnr> <probs for GDERKNQSTAVLIFYWHMCP>
#	G	D	E	R	K	N	Q	S	T	A	V	L	I	F	Y	W	H	M	C	P
0	0.01096	0.00773	0.01002	0.01172	0.01214	0.00731	0.00764	0.01223	0.01604	0.02139	0.04471	0.58464	0.05344	0.13623	0.01657	0.00435	0.00562	0.02282	0.00764	0.00679
1	0.02283	0.01967	0.01905	0.01695	0.02142	0.09797	0.01355	0.20692	0.13497	0.03566	0.03988	0.07759	0.13346	0.01560	0.00958	0.00296	0.00850	0.10418	0.00797	0.01127
2	0.01373	0.01037	0.01285	0.01197	0.01446	0.01022	0.00905	0.02087	0.11308	0.03520	0.54600	0.06034	0.07408	0.01695	0.01008	0.00278	0.00453	0.01490	0.00949	0.00905
3	0.02771	0.14305	0.06213	0.02867	0.17388	0.32961	0.01968	0.06889	0.02316	0.02546	0.01456	0.01733	0.01208	0.00851	0.00776	0.00232	0.01285	0.00617	0.00456	0.01163
4	0.03677	0.01537	0.02017	0.01582	0.02232	0.01402	0.01295	0.04303	0.10598	0.56267	0.03456	0.03008	0.02227	0.01094	0.00879	0.00273	0.00735	0.00892	0.01054	0.01470
5	0.01110	0.00878	0.01000	0.00988	0.01232	0.00767	0.00734	0.01398	0.02147	0.02779	0.29188	0.12007	0.38504	0.02086	0.01036	0.00291	0.00435	0.01787	0.00867	0.00767
6	0.06705	0.01738	0.03000	0.46105	0.12767	0.01994	0.10586	0.02387	0.01802	0.02499	0.01570	0.02248	0.01198	0.00837	0.00871	0.00286	0.01158	0.00791	0.00411	0.01048

[dist]
# distance from previous block
# <min> <max>
9	16

[block]
# block no. 2 follows, 20 sequences, length 48
# corresponding to MSA columns:
# 42-89
name=unknown_C
#
# <colnr> <probs for GDERKNQSTAVLIFYWHMCP>
#	G	D	E	R	K	N	Q	S	T	A	V	L	I	F	Y	W	H	M	C	P
0	0.03263	0.04029	0.02483	0.02229	0.02697	0.61100	0.01683	0.07803	0.02594	0.02387	0.01404	0.01612	0.01151	0.00910	0.00793	0.00228	0.01527	0.00579	0.00481	0.01047
1	0.02893	0.03552	0.02521	0.05388	0.02769	0.49298	0.01768	0.03128	0.02195	0.02132	0.01315	0.01681	0.01130	0.01031	0.01233	0.00261	0.15660	0.00615	0.00432	0.00997
2	0.01789	0.03240	0.36356	0.05898	0.03269	0.01998	0.02491	0.02486	0.01722	0.02606	0.01472	0.01877	0.01151	0.00946	0.01231	0.00272	0.15329	0.00654	0.00400	0.14814
3	0.02251	0.46715	0.17138	0.01811	0.02604	0.07785	0.01902	0.02677	0.01812	0.02213	0.01294	0.01539	0.01118	0.00825	0.00779	0.00221	0.05272	0.00530	0.00378	0.01137
4	0.02357	0.01861	0.02228	0.14365	0.08789	0.09522	0.01654	0.05738	0.04954	0.14165	0.06267	0.10475	0.02449	0.01245	0.01041	0.00280	0.06016	0.01018	0.00668	0.04910
5	0.01680	0.01724	0.03261	0.02503	0.03017	0.01745	0.29877	0.02170	0.01856	0.02524	0.05630	0.03707	0.12370	0.02203	0.13279	0.00509	0.09291	0.01142	0.00524	0.00986
6	0.09186	0.02193	0.03534	0.03670	0.25693	0.06742	0.21040	0.02631	0.01948	0.02795	0.02028	0.02476	0.05148	0.00921	0.01041	0.00280	0.06155	0.00879	0.00466	0.01174
7	0.23278	0.02193	0.13614	0.20669	0.11875	0.01905	0.02051	0.02707	0.01803	0.09772	0.01677	0.02024	0.01229	0.00856	0.00768	0.00275	0.00981	0.00676	0.00510	0.01134
8	0.02345	0.02807	0.10600	0.04351	0.43707	0.15661	0.02531	0.02859	0.02073	0.02687	0.01569	0.01996	0.01294	0.00809	0.00843	0.00254	0.01181	0.00716	0.00428	0.01292
9	0.16190	0.02829	0.02017	0.01842	0.02283	0.32719	0.01412	0.03329	0.14921	0.02774	0.01910	0.02123	0.01544	0.01614	0.08503	0.00388	0.01309	0.00680	0.00562	0.01050
10	0.01136	0.00842	0.01080	0.01203	0.01340	0.00766	0.00851	0.01345	0.01796	0.02395	0.09369	0.49669	0.12042	0.02474	0.01081	0.00334	0.00522	0.06414	0.00805	0.04537
11	0.06296	0.01217	0.01437	0.01444	0.01688	0.01262	0.01098	0.14141	0.02233	0.03094	0.03971	0.40553	0.04427	0.02199	0.01041	0.00337	0.00663	0.11191	0.00805	0.00904
12	0.03258	0.04157	0.02472	0.02247	0.02697	0.65843	0.01685	0.03483	0.02472	0.02135	0.01348	0.01573	0.01124	0.00899	0.00787	0.00225	0.01573	0.00562	0.00449	0.01011
13	0.01268	0.00846	0.00951	0.00951	0.00951	0.00846	0.00529	0.01268	0.01268	0.01691	0.02748	0.05708	0.03171	0.69345	0.04440	0.00846	0.00846	0.01268	0.00529	0.00529
14	0.01750	0.04512	0.64825	0.02486	0.03775	0.02026	0.03223	0.02762	0.01842	0.02762	0.01565	0.01842	0.01105	0.00829	0.00829	0.00276	0.01289	0.00645	0.00368	0.01289
15	0.01031	0.00884	0.00884	0.00884	0.01178	0.00736	0.00663	0.01252	0.01988	0.02356	0.08837	0.08395	0.63549	0.02209	0.01031	0.00295	0.00442	0.01841	0.00810	0.00736
16	0.01397	0.00998	0.01393	0.01580	0.01782	0.00995	0.01376	0.01799	0.02032	0.02656	0.07615	0.09670	0.05184	0.02378	0.01196	0.00395	0.00783	0.55157	0.00811	0.00804
17	0.02034	0.01961	0.03388	0.19866	0.47847	0.02046	0.04982	0.02576	0.01932	0.02701	0.01625	0.02206	0.01328	0.00798	0.00872	0.00268	0.01084	0.00787	0.00422	0.01276
18	0.02253	0.52772	0.17314	0.01741	0.02588	0.06153	0.01871	0.02686	0.01821	0.02208	0.01294	0.01502	0.01117	0.00771	0.00628	0.00208	0.01040	0.00509	0.00376	0.01150
19	0.02353	0.02486	0.03497	0.04616	0.46831	0.13915	0.08087	0.02838	0.02083	0.02712	0.01598	0.02069	0.01328	0.00796	0.00865	0.00256	0.01178	0.00762	0.00436	0.01293
20	0.02953	0.02964	0.02315	0.01969	0.02500	0.29556	0.01539	0.25474	0.07542	0.03568	0.02628	0.02653	0.08270	0.01122	0.00854	0.00252	0.01146	0.00821	0.00685	0.01190
21	0.03188	0.09935	0.02721	0.02097	0.02655	0.39438	0.01658	0.21975	0.02931	0.03213	0.01576	0.01725	0.01239	0.00932	0.00792	0.00233	0.01313	0.00625	0.00579	0.01174
22	0.01175	0.00856	0.01051	0.01059	0.01211	0.00791	0.00740	0.01429	0.02014	0.02733	0.32062	0.18778	0.15641	0.14569	0.01678	0.00399	0.00515	0.01738	0.00827	0.00732
23	0.03316	0.02443	0.02618	0.02007	0.02705	0.02705	0.01658	0.60995	0.04101	0.05497	0.02094	0.02094	0.01483	0.01047	0.00873	0.00262	0.00960	0.00785	0.00873	0.01483
24	0.03019	0.03774	0.02345	0.02147	0.02561	0.58144	0.01615	0.03254	0.02345	0.02122	0.01466	0.01793	0.01249	0.01570	0.08527	0.00365	0.01664	0.00606	0.00452	0.00984
25	0.01075	0.00898	0.00946	0.00970	0.01253	0.00768	0.00751	0.01318	0.01991	0.02387	0.08335	0.08566	0.56590	0.02233	0.01052	0.00307	0.00485	0.08522	0.00809	0.00744
26	0.01927	0.03271	0.30510	0.03171	0.04226	0.02129	0.36293	0.02781	0.01967	0.02781	0.01680	0.02136	0.01231	0.00775	0.00944	0.00287	0.01393	0.00866	0.00410	0.01224
27	0.01063	0.00759	0.01012	0.01215	0.01265	0.00709	0.00810	0.01215	0.01670	0.02227	0.04808	0.68775	0.05769	0.02733	0.01113	0.00354	0.00506	0.02480	0.00810	0.00709
28	0.02822	0.07523	0.02971	0.03272	0.23781	0.39968	0.02015	0.03151	0.02261	0.02376	0.01441	0.01764	0.01212	0.00847	0.00799	0.00234	0.01348	0.00630	0.00439	0.01146
29	0.03427	0.02265	0.02508	0.01923	0.02616	0.02441	0.01588	0.50468	0.03804	0.16444	0.02344	0.02257	0.01609	0.01053	0.00873	0.00263	0.00919	0.00802	0.00911	0.01484
30	0.03316	0.02443	0.02618	0.02007	0.02705	0.02705	0.01658	0.60995	0.04101	0.05497	0.02094	0.02094	0.01483	0.01047	0.00873	0.00262	0.00960	0.00785	0.00873	0.01483
31	0.02255	0.01933	0.02600	0.03190	0.26838	0.02085	0.01892	0.03835	0.35189	0.06465	0.02783	0.02803	0.02126	0.01016	0.00877	0.00280	0.00831	0.00897	0.00716	0.01386
32	0.01212	0.00822	0.00968	0.01024	0.01038	0.00808	0.00606	0.01254	0.01379	0.01839	0.03317	0.23134	0.03889	0.50939	0.03521	0.00710	0.00752	0.01603	0.00606	0.00578
33	0.01298	0.00895	0.01032	0.01014	0.01014	0.00931	0.00593	0.01307	0.01272	0.01710	0.02674	0.05531	0.03077	0.66179	0.04366	0.00824	0.03969	0.01245	0.00522	0.00548
34	0.02889	0.30355	0.03309	0.01946	0.02514	0.40969	0.01609	0.03136	0.02193	0.02102	0.01294	0.01504	0.01122	0.00838	0.00696	0.00210	0.01318	0.00524	0.00419	0.01054
35	0.01031	0.00884	0.00884	0.00884	0.01178	0.00736	0.00663	0.01252	0.01988	0.02356	0.08837	0.08395	0.63549	0.02209	0.01031	0.00295	0.00442	0.01841	0.00810	0.00736
36	0.01063	0.00759	0.01012	0.01215	0.01265	0.00709	0.00810	0.01215	0.01670	0.02227	0.04808	0.68775	0.05769	0.02733	0.01113	0.00354	0.00506	0.02480	0.00810	0.00709
37	0.17120	0.01642	0.01961	0.01534	0.02186	0.01585	0.01266	0.11021	0.02509	0.45901	0.02860	0.02572	0.01850	0.01025	0.00814	0.00269	0.00757	0.00791	0.00954	0.01384
38	0.03224	0.02437	0.02803	0.02129	0.02841	0.02668	0.05989	0.56728	0.03951	0.05299	0.02070	0.02113	0.01472	0.01024	0.00884	0.00264	0.00997	0.00803	0.00841	0.01461
39	0.02170	0.01874	0.01972	0.01775	0.02268	0.02170	0.01381	0.04635	0.62327	0.03649	0.03550	0.03254	0.02663	0.01183	0.00888	0.00296	0.00690	0.00986	0.00888	0.01381
40	0.02144	0.01835	0.02684	0.44748	0.09343	0.02159	0.02231	0.18441	0.02411	0.03174	0.01707	0.02250	0.01267	0.00913	0.00872	0.00280	0.01098	0.00778	0.00524	0.01141
41	0.01063	0.00759	0.01012	0.01215	0.01265	0.00709	0.00810	0.01215	0.01670	0.02227	0.04808	0.68775	0.05769	0.02733	0.01113	0.00354	0.00506	0.02480	0.00810	0.00709
42	0.01406	0.01004	0.01406	0.01606	0.01807	0.01004	0.01406	0.01807	0.02008	0.02610	0.04618	0.09839	0.05020	0.02410	0.01205	0.00402	0.00803	0.58032	0.00803	0.00803
43	0.01930	0.02066	0.04189	0.24910	0.09391	0.02107	0.37115	0.02598	0.01949	0.02610	0.01684	0.02330	0.01274	0.00784	0.00965	0.00290	0.01337	0.00927	0.00423	0.01123
44	0.03262	0.04049	0.02481	0.02232	0.02697	0.61860	0.01684	0.07111	0.02575	0.02347	0.01395	0.01606	0.01146	0.00908	0.00792	0.00227	0.01534	0.00576	0.00476	0.01041
45	0.02419	0.01805	0.01999	0.01699	0.02160	0.01961	0.01334	0.34064	0.09742	0.04239	0.06895	0.21419	0.03255	0.01587	0.00952	0.00293	0.00767	0.01338	0.00862	0.01211
46	0.54057	0.02122	0.01586	0.01397	0.01935	0.13732	0.01120	0.02924	0.01781	0.10394	0.01490	0.01620	0.01114	0.00857	0.00623	0.00262	0.00849	0.00534	0.00584	0.01018
47	0.45534	0.01866	0.01876	0.01552	0.02140	0.02085	0.04908	0.12518	0.09872	0.07476	0.01821	0.01912	0.01347	0.00907	0.00689	0.00273	0.00778	0.00648	0.00663	0.01134

[dist]
# distance from previous block
# <min> <max>
0	1

[block]
# block no. 3 follows, 20 sequences, length 57
# corresponding to MSA columns:
# 91-147
name=unknown_D
#
# <colnr> <probs for GDERKNQSTAVLIFYWHMCP>
#	G	D	E	R	K	N	Q	S	T	A	V	L	I	F	Y	W	H	M	C	P
0	0.05388	0.01740	0.01700	0.01657	0.02028	0.11880	0.01358	0.02731	0.11136	0.07932	0.03773	0.06106	0.06740	0.01706	0.00997	0.00322	0.00874	0.26974	0.00757	0.04202
1	0.02950	0.02276	0.02554	0.01990	0.02580	0.02562	0.01643	0.46076	0.03443	0.04702	0.01890	0.02038	0.01411	0.01090	0.01179	0.00270	0.11894	0.00758	0.00760	0.07934
2	0.17415	0.05463	0.07880	0.02784	0.03560	0.02181	0.35772	0.02670	0.01859	0.02955	0.01566	0.02030	0.01209	0.00798	0.00978	0.00281	0.04967	0.00824	0.00454	0.04354
3	0.20112	0.02100	0.07706	0.01594	0.02302	0.01920	0.01402	0.15652	0.10881	0.03796	0.01876	0.01986	0.01428	0.00868	0.00722	0.00230	0.00788	0.00644	0.00640	0.23354
4	0.01701	0.01430	0.01715	0.01329	0.01958	0.01178	0.01049	0.02163	0.04577	0.02719	0.01915	0.05059	0.01697	0.01730	0.11386	0.00356	0.00919	0.00693	0.00539	0.55884
5	0.01101	0.00886	0.00981	0.00957	0.01221	0.00766	0.00718	0.01387	0.02153	0.02749	0.27600	0.07749	0.44542	0.02063	0.01030	0.00288	0.00431	0.01750	0.00862	0.00766
6	0.01246	0.00935	0.01402	0.01402	0.01558	0.01090	0.01090	0.01558	0.01402	0.02025	0.02336	0.03427	0.02181	0.06542	0.65888	0.01402	0.02336	0.00935	0.00467	0.00779
7	0.01647	0.01550	0.02616	0.67248	0.06008	0.01938	0.02422	0.02229	0.01744	0.02229	0.01550	0.02326	0.01163	0.00872	0.00872	0.00291	0.01163	0.00775	0.00388	0.00969
8	0.01234	0.00917	0.01337	0.01334	0.01494	0.01019	0.01025	0.01557	0.01620	0.02318	0.14169	0.07395	0.03525	0.05434	0.50117	0.01132	0.01873	0.01138	0.00579	0.00784
9	0.01172	0.00889	0.01080	0.01032	0.01265	0.00797	0.00774	0.01526	0.02322	0.03149	0.46752	0.07090	0.25139	0.01913	0.01029	0.00281	0.00421	0.01658	0.00914	0.00797
10	0.01933	0.01973	0.03169	0.02506	0.02815	0.02376	0.16111	0.02280	0.01569	0.02358	0.01345	0.02004	0.01206	0.01227	0.02148	0.00330	0.43494	0.00798	0.00413	0.09944
11	0.03258	0.04157	0.02472	0.02247	0.02697	0.65843	0.01685	0.03483	0.02472	0.02135	0.01348	0.01573	0.01124	0.00899	0.00787	0.00225	0.01573	0.00562	0.00449	0.01011
12	0.01095	0.00879	0.00977	0.00968	0.01221	0.00761	0.00720	0.01369	0.02116	0.02695	0.25174	0.11369	0.43367	0.02111	0.01035	0.00292	0.00436	0.01798	0.00856	0.00761
13	0.01908	0.01908	0.02672	0.02290	0.02290	0.02672	0.01908	0.02099	0.01336	0.02099	0.01145	0.01908	0.01145	0.01527	0.02863	0.00382	0.67748	0.00763	0.00382	0.00954
14	0.02278	0.63829	0.10140	0.01584	0.02381	0.03320	0.01652	0.02626	0.01779	0.02118	0.01245	0.01440	0.01118	0.00754	0.00585	0.00195	0.00966	0.00483	0.00373	0.01135
15	0.02321	0.02596	0.02611	0.02277	0.02414	0.21985	0.01840	0.02522	0.01683	0.02110	0.01207	0.01806	0.01138	0.01335	0.02228	0.00334	0.47516	0.00702	0.00402	0.00972
16	0.03201	0.08264	0.02603	0.02200	0.02668	0.61943	0.01673	0.03429	0.02428	0.02130	0.01340	0.01562	0.01123	0.00889	0.00772	0.00222	0.01533	0.00556	0.00445	0.01018
17	0.01750	0.04512	0.64825	0.02486	0.03775	0.02026	0.03223	0.02762	0.01842	0.02762	0.01565	0.01842	0.01105	0.00829	0.00829	0.00276	0.01289	0.00645	0.00368	0.01289
18	0.03258	0.04157	0.02472	0.02247	0.02697	0.65843	0.01685	0.03483	0.02472	0.02135	0.01348	0.01573	0.01124	0.00899	0.00787	0.00225	0.01573	0.00562	0.00449	0.01011
19	0.02447	0.02964	0.01893	0.01750	0.02143	0.42116	0.01313	0.02670	0.02296	0.02216	0.04077	0.04059	0.23874	0.01376	0.00876	0.00250	0.01161	0.01028	0.00581	0.00911
20	0.70881	0.01674	0.01330	0.01173	0.01722	0.01913	0.00966	0.02673	0.01550	0.07828	0.01358	0.01517	0.01023	0.00827	0.00562	0.00270	0.00679	0.00498	0.00575	0.00980
21	0.03914	0.01484	0.02024	0.01552	0.02227	0.01282	0.01282	0.04251	0.02497	0.64507	0.03441	0.02969	0.02159	0.01080	0.00877	0.00270	0.00742	0.00877	0.01080	0.01484
22	0.01907	0.01413	0.01721	0.05562	0.02075	0.01481	0.01238	0.19619	0.02867	0.03926	0.34682	0.05279	0.05404	0.01572	0.00991	0.00285	0.00666	0.07401	0.00881	0.01029
23	0.01063	0.00759	0.01012	0.01215	0.01265	0.00709	0.00810	0.01215	0.01670	0.02227	0.04808	0.68775	0.05769	0.02733	0.01113	0.00354	0.00506	0.02480	0.00810	0.00709
24	0.01235	0.00892	0.01166	0.01097	0.01303	0.00823	0.00823	0.01646	0.02469	0.03498	0.63443	0.06516	0.08230	0.01783	0.01029	0.00274	0.00412	0.01578	0.00960	0.00823
25	0.01268	0.00846	0.00951	0.00951	0.00951	0.00846	0.00529	0.01268	0.01268	0.01691	0.02748	0.05708	0.03171	0.69345	0.04440	0.00846	0.00846	0.01268	0.00529	0.00529
26	0.01175	0.00856	0.01054	0.01063	0.01214	0.00791	0.00744	0.01433	0.02023	0.02750	0.32661	0.19152	0.15215	0.14002	0.01650	0.00395	0.00512	0.01744	0.00831	0.00735
27	0.01075	0.00804	0.01004	0.01157	0.01276	0.00733	0.00809	0.01258	0.01767	0.02281	0.05777	0.50629	0.19779	0.02586	0.01099	0.00343	0.00508	0.05586	0.00809	0.00721
28	0.01268	0.00846	0.00951	0.00951	0.00951	0.00846	0.00529	0.01268	0.01268	0.01691	0.02748	0.05708	0.03171	0.69345	0.04440	0.00846	0.00846	0.01268	0.00529	0.00529
29	0.25406	0.01169	0.01207	0.01176	0.01467	0.01212	0.00877	0.02001	0.01705	0.08541	0.06730	0.19866	0.07159	0.12788	0.01448	0.00394	0.00646	0.04656	0.00710	0.00841
30	0.01039	0.00853	0.00915	0.00964	0.01199	0.00730	0.00698	0.01243	0.01911	0.02325	0.07857	0.23081	0.49496	0.02336	0.01051	0.00309	0.00457	0.01996	0.00810	0.00730
31	0.01109	0.00779	0.00998	0.01155	0.01194	0.00740	0.00746	0.01227	0.01579	0.02105	0.04341	0.54482	0.05180	0.17830	0.01867	0.00466	0.00583	0.02205	0.00746	0.00668
32	0.01080	0.00886	0.00952	0.00936	0.01209	0.00757	0.00702	0.01348	0.02105	0.02634	0.22118	0.07938	0.50094	0.02106	0.01030	0.00290	0.00434	0.01777	0.00847	0.00757
33	0.01260	0.00857	0.01004	0.00987	0.01037	0.00840	0.00600	0.01360	0.01561	0.02131	0.17511	0.05905	0.04402	0.52912	0.03610	0.00707	0.00740	0.01344	0.00634	0.00600
34	0.02834	0.01438	0.01748	0.01421	0.01855	0.01399	0.01080	0.14178	0.02360	0.30161	0.02927	0.03797	0.02397	0.25952	0.02175	0.00478	0.00822	0.01002	0.00839	0.01136
35	0.01152	0.00888	0.01051	0.01010	0.01252	0.00788	0.00758	0.01485	0.02273	0.03033	0.41198	0.07281	0.30765	0.01957	0.01030	0.00283	0.00424	0.01685	0.00899	0.00788
36	0.01084	0.00775	0.01031	0.01200	0.01270	0.00722	0.00811	0.01267	0.01767	0.02381	0.11915	0.61229	0.06068	0.02618	0.01103	0.00345	0.00495	0.02370	0.00828	0.00722
37	0.01268	0.00846	0.00951	0.00951	0.00951	0.00846	0.00529	0.01268	0.01268	0.01691	0.02748	0.05708	0.03171	0.69345	0.04440	0.00846	0.00846	0.01268	0.00529	0.00529
38	0.01268	0.00846	0.00951	0.00951	0.00951	0.00846	0.00529	0.01268	0.01268	0.01691	0.02748	0.05708	0.03171	0.69345	0.04440	0.00846	0.00846	0.01268	0.00529	0.00529
39	0.01031	0.00884	0.00884	0.00884	0.01178	0.00736	0.00663	0.01252	0.01988	0.02356	0.08837	0.08395	0.63549	0.02209	0.01031	0.00295	0.00442	0.01841	0.00810	0.00736
40	0.01268	0.00846	0.00951	0.00951	0.00951	0.00846	0.00529	0.01268	0.01268	0.01691	0.02748	0.05708	0.03171	0.69345	0.04440	0.00846	0.00846	0.01268	0.00529	0.00529
41	0.01246	0.00935	0.01402	0.01402	0.01558	0.01090	0.01090	0.01558	0.01402	0.02025	0.02336	0.03427	0.02181	0.06542	0.65888	0.01402	0.02336	0.00935	0.00467	0.00779
42	0.01292	0.00844	0.00942	0.00942	0.00956	0.00844	0.00534	0.01318	0.01305	0.01792	0.02755	0.05550	0.03111	0.64930	0.04192	0.00804	0.00817	0.01239	0.05287	0.00547
43	0.01031	0.00884	0.00884	0.00884	0.01178	0.00736	0.00663	0.01252	0.01988	0.02356	0.08837	0.08395	0.63549	0.02209	0.01031	0.00295	0.00442	0.01841	0.00810	0.00736
44	0.01268	0.00846	0.00951	0.00951	0.00951	0.00846	0.00529	0.01268	0.01268	0.01691	0.02748	0.05708	0.03171	0.69345	0.04440	0.00846	0.00846	0.01268	0.00529	0.00529
45	0.01918	0.01826	0.03105	0.34533	0.36610	0.02009	0.02557	0.02466	0.01872	0.02557	0.01598	0.02237	0.01278	0.00822	0.00868	0.00274	0.01096	0.00776	0.00411	0.01187
46	0.02194	0.02397	0.02614	0.12942	0.02999	0.17916	0.01939	0.02457	0.01679	0.02129	0.01261	0.01895	0.01143	0.01267	0.02031	0.00329	0.40723	0.00716	0.00399	0.00970
47	0.01908	0.01908	0.02672	0.02290	0.02290	0.02672	0.01908	0.02099	0.01336	0.02099	0.01145	0.01908	0.01145	0.01527	0.02863	0.00382	0.67748	0.00763	0.00382	0.00954
48	0.01235	0.00892	0.01166	0.01097	0.01303	0.00823	0.00823	0.01646	0.02469	0.03498	0.63443	0.06516	0.08230	0.01783	0.01029	0.00274	0.00412	0.01578	0.00960	0.00823
49	0.02460	0.02644	0.03248	0.04503	0.47130	0.19549	0.02405	0.02898	0.02119	0.02654	0.01561	0.01998	0.01311	0.00811	0.00842	0.00250	0.01183	0.00718	0.00437	0.01280
50	0.01908	0.01908	0.02672	0.02290	0.02290	0.02672	0.01908	0.02099	0.01336	0.02099	0.01145	0.01908	0.01145	0.01527	0.02863	0.00382	0.67748	0.00763	0.00382	0.00954
51	0.01123	0.00887	0.01012	0.00981	0.01235	0.00776	0.00736	0.01431	0.02207	0.02875	0.33656	0.07541	0.38406	0.02016	0.01030	0.00285	0.00428	0.01721	0.00878	0.00776
52	0.02052	0.02124	0.06844	0.15352	0.51011	0.02048	0.02666	0.02608	0.01938	0.02743	0.01622	0.02168	0.01330	0.00796	0.00863	0.00265	0.01071	0.00769	0.00421	0.01309
53	0.01265	0.00860	0.01025	0.01025	0.01050	0.00886	0.00620	0.01316	0.01290	0.01746	0.02681	0.05337	0.03010	0.59117	0.14446	0.00936	0.01088	0.01214	0.00519	0.00569
54	0.01363	0.00990	0.01347	0.01525	0.01736	0.00974	0.01322	0.01744	0.02006	0.02582	0.05096	0.09676	0.11643	0.02387	0.01185	0.00389	0.00762	0.51674	0.00804	0.00796
55	0.03258	0.04157	0.02472	0.02247	0.02697	0.65843	0.01685	0.03483	0.02472	0.02135	0.01348	0.01573	0.01124	0.00899	0.00787	0.00225	0.01573	0.00562	0.00449	0.01011
56	0.03177	0.02374	0.02540	0.01979	0.02652	0.02640	0.01624	0.54176	0.11145	0.05274	0.02270	0.02235	0.01626	0.01064	0.00874	0.00266	0.00927	0.00810	0.00874	0.01471

[dist]
# distance from previous block
# <min> <max>
0	2

# created by:
# /home/cegg/simao/soft/augustus-3.2.1/scripts/msa2prfl.pl ./align_prep/14994.fa
