[name]
unknown

[dist]
# distance from previous block
# <min> <max>
0	0

[block]
# block no. 0 follows, 19 sequences, length 17
# corresponding to MSA columns:
# 0-16
name=unknown_A
#
# <colnr> <probs for GDERKNQSTAVLIFYWHMCP>
#	G	D	E	R	K	N	Q	S	T	A	V	L	I	F	Y	W	H	M	C	P
0	0.01442	0.01030	0.01442	0.01648	0.01854	0.01030	0.01442	0.01854	0.02060	0.02677	0.04737	0.10092	0.05149	0.02471	0.01236	0.00412	0.00824	0.56956	0.00824	0.00824
1	0.02051	0.01536	0.01783	0.01704	0.02110	0.01664	0.01395	0.06458	0.28762	0.07390	0.04258	0.06082	0.06775	0.01729	0.01039	0.00341	0.00757	0.22110	0.00886	0.01170
2	0.01087	0.00789	0.01027	0.01217	0.01290	0.00729	0.00818	0.01249	0.01740	0.02295	0.05280	0.62963	0.10704	0.02758	0.01135	0.00358	0.00513	0.02488	0.00831	0.00729
3	0.02214	0.02126	0.03631	0.05491	0.62978	0.02126	0.02746	0.02746	0.02037	0.02923	0.01683	0.02214	0.01417	0.00797	0.00886	0.00266	0.01063	0.00797	0.00443	0.01417
4	0.02214	0.02126	0.03631	0.05491	0.62978	0.02126	0.02746	0.02746	0.02037	0.02923	0.01683	0.02214	0.01417	0.00797	0.00886	0.00266	0.01063	0.00797	0.00443	0.01417
5	0.01068	0.00865	0.00949	0.01015	0.01237	0.00746	0.00728	0.01272	0.01934	0.02374	0.07737	0.27657	0.44423	0.02438	0.01084	0.00322	0.00474	0.02098	0.00831	0.00746
6	0.01278	0.00959	0.01438	0.01438	0.01598	0.01118	0.01118	0.01598	0.01438	0.02077	0.02396	0.03515	0.02237	0.06710	0.65013	0.01438	0.02396	0.00959	0.00479	0.00799
7	0.03342	0.04264	0.02535	0.02305	0.02766	0.64967	0.01729	0.03572	0.02535	0.02190	0.01383	0.01613	0.01152	0.00922	0.00807	0.00230	0.01613	0.00576	0.00461	0.01037
8	0.74878	0.01730	0.01315	0.01177	0.01730	0.02007	0.00969	0.02630	0.01523	0.04014	0.01246	0.01453	0.00969	0.00830	0.00554	0.00277	0.00692	0.00484	0.00554	0.00969
9	0.01957	0.01957	0.02740	0.02349	0.02349	0.02740	0.01957	0.02153	0.01370	0.02153	0.01174	0.01957	0.01174	0.01566	0.02936	0.00391	0.66921	0.00783	0.00391	0.00979
10	0.01301	0.00867	0.00976	0.00976	0.00976	0.00867	0.00542	0.01301	0.01301	0.01735	0.02819	0.05855	0.03253	0.68559	0.04554	0.00867	0.00867	0.01301	0.00542	0.00542
11	0.01690	0.01590	0.02683	0.66408	0.06162	0.01988	0.02485	0.02286	0.01789	0.02286	0.01590	0.02385	0.01193	0.00894	0.00894	0.00298	0.01193	0.00795	0.00398	0.00994
12	0.01690	0.01590	0.02683	0.66408	0.06162	0.01988	0.02485	0.02286	0.01789	0.02286	0.01590	0.02385	0.01193	0.00894	0.00894	0.00298	0.01193	0.00795	0.00398	0.00994
13	0.01183	0.00919	0.01081	0.01062	0.01314	0.00816	0.00811	0.01515	0.02275	0.02991	0.34168	0.07796	0.32894	0.02072	0.01069	0.00300	0.00464	0.05564	0.00904	0.00802
14	0.02280	0.01842	0.02083	0.01527	0.02300	0.01627	0.01236	0.18120	0.02501	0.03664	0.01743	0.01936	0.01379	0.00776	0.00726	0.00170	0.00751	0.00606	0.00630	0.54103
15	0.02733	0.01941	0.02159	0.01794	0.02314	0.02096	0.01423	0.37452	0.06736	0.07941	0.03079	0.20358	0.02839	0.01559	0.00964	0.00297	0.00828	0.01300	0.00890	0.01297
16	0.28581	0.02040	0.02073	0.07095	0.02572	0.02305	0.01434	0.30819	0.02891	0.04623	0.01831	0.02000	0.01349	0.00970	0.00755	0.00270	0.00860	0.00692	0.05605	0.01234

[dist]
# distance from previous block
# <min> <max>
0	1

[block]
# block no. 1 follows, 19 sequences, length 14
# corresponding to MSA columns:
# 18-31
name=unknown_B
#
# <colnr> <probs for GDERKNQSTAVLIFYWHMCP>
#	G	D	E	R	K	N	Q	S	T	A	V	L	I	F	Y	W	H	M	C	P
0	0.02183	0.46551	0.25403	0.01887	0.02847	0.03029	0.02151	0.02733	0.01843	0.02360	0.01370	0.01594	0.01143	0.00795	0.00671	0.00224	0.01085	0.00542	0.00381	0.01209
1	0.02140	0.02087	0.03617	0.04541	0.43643	0.01999	0.11839	0.02686	0.02020	0.02912	0.01689	0.02189	0.01393	0.00768	0.00878	0.00250	0.01072	0.00797	0.00458	0.13021
2	0.06322	0.21869	0.02753	0.01591	0.02217	0.12143	0.01357	0.03306	0.02230	0.25870	0.03038	0.02903	0.08578	0.01096	0.00791	0.00247	0.00917	0.00817	0.00733	0.01221
3	0.01912	0.17331	0.52251	0.02349	0.03562	0.02366	0.02956	0.02803	0.01875	0.02690	0.01534	0.01799	0.01136	0.00833	0.00796	0.00265	0.01250	0.00625	0.00379	0.01288
4	0.02341	0.06325	0.02625	0.02827	0.21038	0.06752	0.01726	0.15543	0.07478	0.03265	0.02646	0.03279	0.06418	0.12147	0.01480	0.00364	0.00971	0.00945	0.00628	0.01202
5	0.02694	0.13172	0.02819	0.09259	0.02951	0.02649	0.01679	0.27740	0.20338	0.04117	0.02375	0.02408	0.01778	0.01044	0.00847	0.00269	0.00922	0.00811	0.00758	0.01369
6	0.01608	0.06061	0.01385	0.01095	0.01246	0.01103	0.00732	0.01729	0.01649	0.07332	0.12569	0.05419	0.03859	0.46756	0.03369	0.00670	0.00792	0.01257	0.00651	0.00721
7	0.02842	0.02154	0.02192	0.01786	0.02351	0.05272	0.01438	0.35811	0.14085	0.04674	0.02535	0.02573	0.01876	0.01086	0.00840	0.00261	0.00852	0.00838	0.15188	0.01344
8	0.02839	0.02227	0.02368	0.01945	0.02560	0.02512	0.01564	0.33570	0.31546	0.04731	0.02862	0.02717	0.02100	0.01141	0.00902	0.00285	0.00852	0.00904	0.00902	0.01471
9	0.01999	0.11186	0.37579	0.03388	0.22878	0.02260	0.02921	0.02787	0.01929	0.02779	0.01589	0.01943	0.01227	0.00823	0.00830	0.00267	0.01196	0.00684	0.00399	0.01333
10	0.02214	0.02126	0.03631	0.05491	0.62978	0.02126	0.02746	0.02746	0.02037	0.02923	0.01683	0.02214	0.01417	0.00797	0.00886	0.00266	0.01063	0.00797	0.00443	0.01417
11	0.03247	0.02597	0.02563	0.02035	0.02679	0.09754	0.01648	0.49798	0.03856	0.05030	0.02238	0.06283	0.01759	0.01167	0.00901	0.00270	0.01027	0.00890	0.00841	0.01415
12	0.02162	0.01473	0.01652	0.01419	0.01875	0.01487	0.01119	0.13102	0.13404	0.12370	0.14848	0.05343	0.22819	0.01616	0.00978	0.00289	0.00636	0.01343	0.00923	0.01142
13	0.41503	0.12501	0.21304	0.01656	0.02480	0.02254	0.01779	0.02700	0.01680	0.03367	0.01357	0.01586	0.01046	0.00827	0.00649	0.00266	0.00927	0.00539	0.00474	0.01105

[dist]
# distance from previous block
# <min> <max>
0	1

[block]
# block no. 2 follows, 19 sequences, length 6
# corresponding to MSA columns:
# 33-38
name=unknown_C
#
# <colnr> <probs for GDERKNQSTAVLIFYWHMCP>
#	G	D	E	R	K	N	Q	S	T	A	V	L	I	F	Y	W	H	M	C	P
0	0.02571	0.02222	0.11524	0.02465	0.13442	0.01835	0.01883	0.16658	0.02673	0.14913	0.08000	0.03450	0.05670	0.01184	0.00918	0.00276	0.00906	0.03954	0.00760	0.04697
1	0.02232	0.01608	0.01779	0.01530	0.01871	0.01723	0.01135	0.28459	0.02726	0.03649	0.02921	0.16283	0.02972	0.24465	0.02193	0.00492	0.00853	0.01315	0.00762	0.01032
2	0.03273	0.03384	0.02551	0.02169	0.02733	0.35514	0.01692	0.25695	0.08039	0.03664	0.01868	0.01964	0.01427	0.01005	0.00850	0.00251	0.01293	0.00702	0.00667	0.01257
3	0.01889	0.14791	0.54585	0.02389	0.03624	0.02308	0.03026	0.02809	0.01878	0.02718	0.01548	0.01817	0.01136	0.00837	0.00806	0.00269	0.01265	0.00632	0.00379	0.01295
4	0.03106	0.21607	0.03223	0.01954	0.02638	0.14236	0.01658	0.33625	0.03230	0.04018	0.01755	0.01850	0.01349	0.00959	0.00788	0.00240	0.01090	0.00672	0.00672	0.01329
5	0.02196	0.02178	0.03929	0.05180	0.52435	0.02150	0.13050	0.02767	0.02051	0.02912	0.01706	0.02250	0.01406	0.00789	0.00916	0.00272	0.01143	0.00844	0.00445	0.01379

[dist]
# distance from previous block
# <min> <max>
1	6

[block]
# block no. 3 follows, 19 sequences, length 58
# corresponding to MSA columns:
# 45-102
name=unknown_D
#
# <colnr> <probs for GDERKNQSTAVLIFYWHMCP>
#	G	D	E	R	K	N	Q	S	T	A	V	L	I	F	Y	W	H	M	C	P
0	0.10257	0.28882	0.27330	0.01951	0.02906	0.02711	0.02184	0.09189	0.02082	0.02999	0.01488	0.01695	0.01165	0.00841	0.00716	0.00246	0.01074	0.00588	0.00457	0.01239
1	0.01545	0.01153	0.01595	0.01516	0.01746	0.01327	0.01192	0.08942	0.01786	0.02525	0.02365	0.03343	0.02147	0.06001	0.56950	0.01291	0.02219	0.00939	0.00532	0.00890
2	0.74878	0.01730	0.01315	0.01177	0.01730	0.02007	0.00969	0.02630	0.01523	0.04014	0.01246	0.01453	0.00969	0.00830	0.00554	0.00277	0.00692	0.00484	0.00554	0.00969
3	0.01065	0.00875	0.00938	0.00988	0.01230	0.00748	0.00716	0.01275	0.01960	0.02385	0.08066	0.22937	0.48932	0.02395	0.01078	0.00317	0.00469	0.02046	0.00831	0.00748
4	0.01266	0.00914	0.01196	0.01126	0.01337	0.00844	0.00844	0.01688	0.02532	0.03588	0.62506	0.06683	0.08441	0.01829	0.01055	0.00281	0.00422	0.01618	0.00985	0.00844
5	0.10876	0.35307	0.03466	0.01770	0.02423	0.19976	0.01544	0.10348	0.02290	0.02799	0.01399	0.01578	0.01178	0.00855	0.00677	0.00222	0.01109	0.00548	0.00489	0.01146
6	0.03342	0.04264	0.02535	0.02305	0.02766	0.64967	0.01729	0.03572	0.02535	0.02190	0.01383	0.01613	0.01152	0.00922	0.00807	0.00230	0.01613	0.00576	0.00461	0.01037
7	0.01057	0.00906	0.00906	0.00906	0.01208	0.00755	0.00680	0.01284	0.02039	0.02417	0.09063	0.08610	0.62615	0.02266	0.01057	0.00302	0.00453	0.01888	0.00831	0.00755
8	0.01065	0.00878	0.00936	0.00982	0.01228	0.00749	0.00713	0.01275	0.01966	0.02387	0.08142	0.21836	0.49983	0.02385	0.01076	0.00316	0.00468	0.02034	0.00831	0.00749
9	0.01278	0.00959	0.01438	0.01438	0.01598	0.01118	0.01118	0.01598	0.01438	0.02077	0.02396	0.03515	0.02237	0.06710	0.65013	0.01438	0.02396	0.00959	0.00479	0.00799
10	0.74878	0.01730	0.01315	0.01177	0.01730	0.02007	0.00969	0.02630	0.01523	0.04014	0.01246	0.01453	0.00969	0.00830	0.00554	0.00277	0.00692	0.00484	0.00554	0.00969
11	0.04014	0.01523	0.02076	0.01592	0.02284	0.01315	0.01315	0.04360	0.02561	0.63597	0.03530	0.03045	0.02215	0.01107	0.00900	0.00277	0.00761	0.00900	0.01107	0.01523
12	0.70586	0.01777	0.01397	0.01229	0.01793	0.02053	0.01013	0.06075	0.01684	0.04112	0.01300	0.01495	0.01002	0.00845	0.00574	0.00276	0.00710	0.00504	0.00574	0.01002
13	0.01209	0.00893	0.01157	0.01324	0.01479	0.00840	0.01020	0.01470	0.01899	0.02450	0.05656	0.35904	0.16539	0.02581	0.01159	0.00369	0.00615	0.21840	0.00828	0.00767
14	0.74878	0.01730	0.01315	0.01177	0.01730	0.02007	0.00969	0.02630	0.01523	0.04014	0.01246	0.01453	0.00969	0.00830	0.00554	0.00277	0.00692	0.00484	0.00554	0.00969
15	0.01240	0.00913	0.01159	0.01098	0.01320	0.00833	0.00823	0.01637	0.02470	0.03440	0.55785	0.06925	0.15254	0.01884	0.01055	0.00284	0.00426	0.01652	0.00965	0.00833
16	0.74878	0.01730	0.01315	0.01177	0.01730	0.02007	0.00969	0.02630	0.01523	0.04014	0.01246	0.01453	0.00969	0.00830	0.00554	0.00277	0.00692	0.00484	0.00554	0.00969
17	0.04014	0.01523	0.02076	0.01592	0.02284	0.01315	0.01315	0.04360	0.02561	0.63597	0.03530	0.03045	0.02215	0.01107	0.00900	0.00277	0.00761	0.00900	0.01107	0.01523
18	0.01222	0.00913	0.01134	0.01079	0.01309	0.00825	0.00809	0.01602	0.02427	0.03338	0.51099	0.07094	0.20004	0.01922	0.01056	0.00286	0.00429	0.01676	0.00952	0.00825
19	0.74878	0.01730	0.01315	0.01177	0.01730	0.02007	0.00969	0.02630	0.01523	0.04014	0.01246	0.01453	0.00969	0.00830	0.00554	0.00277	0.00692	0.00484	0.00554	0.00969
20	0.01198	0.00824	0.01006	0.01107	0.01132	0.00799	0.00682	0.01274	0.01501	0.02002	0.03847	0.36088	0.04549	0.36556	0.02893	0.00622	0.00698	0.01906	0.00682	0.00632
21	0.03448	0.02430	0.02638	0.02023	0.02737	0.02662	0.01671	0.55715	0.04080	0.10097	0.02254	0.02217	0.01575	0.01077	0.00895	0.00269	0.00967	0.00813	0.00911	0.01522
22	0.01090	0.00779	0.01038	0.01246	0.01298	0.00727	0.00830	0.01246	0.01713	0.02284	0.04931	0.67975	0.05917	0.02803	0.01142	0.00363	0.00519	0.02543	0.00830	0.00727
23	0.04014	0.01523	0.02076	0.01592	0.02284	0.01315	0.01315	0.04360	0.02561	0.63597	0.03530	0.03045	0.02215	0.01107	0.00900	0.00277	0.00761	0.00900	0.01107	0.01523
24	0.01207	0.00905	0.01118	0.01079	0.01304	0.00817	0.00804	0.01568	0.02371	0.03239	0.46691	0.10345	0.21294	0.01985	0.01060	0.00291	0.00435	0.01731	0.00940	0.00817
25	0.01077	0.00828	0.00987	0.01115	0.01263	0.00738	0.00773	0.01260	0.01838	0.02335	0.06519	0.45162	0.27705	0.02596	0.01109	0.00340	0.00494	0.02292	0.00831	0.00738
26	0.03401	0.02506	0.02685	0.02058	0.02774	0.02774	0.01700	0.59995	0.04206	0.05638	0.02148	0.02148	0.01521	0.01074	0.00895	0.00268	0.00984	0.00805	0.00895	0.01521
27	0.03401	0.02506	0.02685	0.02058	0.02774	0.02774	0.01700	0.59995	0.04206	0.05638	0.02148	0.02148	0.01521	0.01074	0.00895	0.00268	0.00984	0.00805	0.00895	0.01521
28	0.02225	0.01922	0.02023	0.01821	0.02326	0.02225	0.01416	0.04754	0.61361	0.03742	0.03641	0.03338	0.02731	0.01214	0.00910	0.00303	0.00708	0.01011	0.00910	0.01416
29	0.01161	0.00903	0.01055	0.01033	0.01276	0.00797	0.00768	0.01479	0.02260	0.02979	0.34835	0.11092	0.32983	0.02084	0.01061	0.00296	0.00442	0.01794	0.00906	0.00797
30	0.01070	0.00856	0.00958	0.01040	0.01244	0.00744	0.00739	0.01269	0.01910	0.02364	0.07431	0.32061	0.40218	0.02478	0.01091	0.00326	0.00479	0.02147	0.00831	0.00744
31	0.04014	0.01523	0.02076	0.01592	0.02284	0.01315	0.01315	0.04360	0.02561	0.63597	0.03530	0.03045	0.02215	0.01107	0.00900	0.00277	0.00761	0.00900	0.01107	0.01523
32	0.03401	0.02506	0.02685	0.02058	0.02774	0.02774	0.01700	0.59995	0.04206	0.05638	0.02148	0.02148	0.01521	0.01074	0.00895	0.00268	0.00984	0.00805	0.00895	0.01521
33	0.02622	0.02119	0.02246	0.01901	0.02478	0.02411	0.01512	0.23395	0.42074	0.04382	0.03137	0.02936	0.02323	0.01167	0.00905	0.00292	0.00801	0.00942	0.00905	0.01452
34	0.01129	0.00809	0.01073	0.01219	0.01306	0.00753	0.00834	0.01344	0.01895	0.02574	0.17759	0.54319	0.06480	0.02586	0.01123	0.00345	0.00497	0.02337	0.00865	0.00753
35	0.01141	0.00818	0.01084	0.01211	0.01309	0.00761	0.00834	0.01374	0.01951	0.02663	0.21657	0.50169	0.06650	0.02520	0.01117	0.00340	0.00491	0.02275	0.00875	0.00761
36	0.01301	0.00867	0.00976	0.00976	0.00976	0.00867	0.00542	0.01301	0.01301	0.01735	0.02819	0.05855	0.03253	0.68559	0.04554	0.00867	0.00867	0.01301	0.00542	0.00542
37	0.03401	0.02506	0.02685	0.02058	0.02774	0.02774	0.01700	0.59995	0.04206	0.05638	0.02148	0.02148	0.01521	0.01074	0.00895	0.00268	0.00984	0.00805	0.00895	0.01521
38	0.02377	0.01829	0.02008	0.01751	0.02211	0.02015	0.01362	0.26370	0.20613	0.04096	0.03404	0.21628	0.03161	0.01618	0.00971	0.00307	0.00766	0.01372	0.00881	0.01259
39	0.01278	0.00959	0.01438	0.01438	0.01598	0.01118	0.01118	0.01598	0.01438	0.02077	0.02396	0.03515	0.02237	0.06710	0.65013	0.01438	0.02396	0.00959	0.00479	0.00799
40	0.01288	0.00862	0.00980	0.00993	0.00996	0.00859	0.00560	0.01298	0.01327	0.01769	0.02951	0.09734	0.03419	0.64452	0.04341	0.00836	0.00846	0.01379	0.00560	0.00554
41	0.01668	0.00834	0.00834	0.00834	0.01042	0.00834	0.00625	0.02085	0.01876	0.03335	0.02918	0.03335	0.02293	0.01042	0.00625	0.00208	0.00417	0.00834	0.73525	0.00834
42	0.03708	0.01497	0.02006	0.01568	0.02213	0.01327	0.01284	0.04175	0.05664	0.55820	0.08073	0.03340	0.02721	0.01168	0.00912	0.00279	0.00732	0.00961	0.01087	0.01465
43	0.03342	0.04264	0.02535	0.02305	0.02766	0.64967	0.01729	0.03572	0.02535	0.02190	0.01383	0.01613	0.01152	0.00922	0.00807	0.00230	0.01613	0.00576	0.00461	0.01037
44	0.02225	0.01922	0.02023	0.01821	0.02326	0.02225	0.01416	0.04754	0.61361	0.03742	0.03641	0.03338	0.02731	0.01214	0.00910	0.00303	0.00708	0.01011	0.00910	0.01416
45	0.01668	0.00834	0.00834	0.00834	0.01042	0.00834	0.00625	0.02085	0.01876	0.03335	0.02918	0.03335	0.02293	0.01042	0.00625	0.00208	0.00417	0.00834	0.73525	0.00834
46	0.03346	0.04146	0.02545	0.02288	0.02766	0.60787	0.01727	0.07364	0.02648	0.02421	0.01434	0.01649	0.01177	0.00932	0.00813	0.00233	0.01571	0.00592	0.00490	0.01070
47	0.01417	0.00959	0.01179	0.01098	0.01372	0.00855	0.00833	0.01776	0.02391	0.07864	0.42443	0.06963	0.23700	0.01900	0.01044	0.00287	0.00457	0.01641	0.00950	0.00871
48	0.03269	0.03682	0.02655	0.02491	0.07400	0.45369	0.01800	0.16902	0.02894	0.03065	0.01588	0.01786	0.01260	0.00948	0.00834	0.00242	0.01422	0.00648	0.00563	0.01181
49	0.01936	0.19931	0.49862	0.02308	0.03498	0.02425	0.02884	0.02797	0.01872	0.02660	0.01520	0.01781	0.01137	0.00830	0.00784	0.00261	0.01235	0.00618	0.00379	0.01281
50	0.01928	0.18991	0.50726	0.02323	0.03521	0.02404	0.02910	0.02799	0.01873	0.02671	0.01525	0.01788	0.01137	0.00831	0.00789	0.00263	0.01241	0.00620	0.00379	0.01283
51	0.02085	0.27080	0.40015	0.02182	0.03264	0.05929	0.02603	0.02819	0.01898	0.02545	0.01468	0.01716	0.01139	0.00824	0.00752	0.00248	0.01210	0.00593	0.00384	0.01246
52	0.01388	0.02037	0.20263	0.01653	0.02172	0.01219	0.01677	0.01875	0.01884	0.02535	0.04554	0.20285	0.15010	0.05504	0.01238	0.00365	0.00837	0.13902	0.00676	0.00926
53	0.01935	0.19995	0.16083	0.01699	0.02329	0.02093	0.04158	0.08233	0.01964	0.02585	0.02502	0.03488	0.06533	0.20626	0.01883	0.00429	0.00999	0.00926	0.00519	0.01022
54	0.01790	0.26183	0.23877	0.01793	0.02532	0.02182	0.01926	0.02295	0.01810	0.02409	0.02491	0.21868	0.02596	0.01415	0.00842	0.00275	0.00949	0.01170	0.00517	0.01079
55	0.07966	0.21450	0.24057	0.01983	0.02880	0.02605	0.02119	0.17298	0.02410	0.03401	0.01656	0.01877	0.01278	0.01173	0.03946	0.00311	0.01140	0.00649	0.00530	0.01272
56	0.01554	0.02021	0.20205	0.01502	0.01995	0.01274	0.01517	0.02052	0.01673	0.02599	0.02398	0.03472	0.02136	0.16610	0.13722	0.00606	0.01164	0.00906	0.21682	0.00913
57	0.01406	0.05259	0.14974	0.01630	0.02243	0.01355	0.08373	0.01872	0.02005	0.02544	0.06223	0.06085	0.39177	0.01710	0.00989	0.00293	0.00789	0.01458	0.00667	0.00949

[dist]
# distance from previous block
# <min> <max>
0	2

# created by:
# /home/cegg/simao/soft/augustus-3.2.1/scripts/msa2prfl.pl ./align_prep/15018.fa
