[name]
unknown

[dist]
# distance from previous block
# <min> <max>
0	0

[block]
# block no. 0 follows, 21 sequences, length 275
# corresponding to MSA columns:
# 0-274
name=unknown_A
#
# <colnr> <probs for GDERKNQSTAVLIFYWHMCP>
#	G	D	E	R	K	N	Q	S	T	A	V	L	I	F	Y	W	H	M	C	P
0	0.01371	0.00980	0.01371	0.01567	0.01763	0.00980	0.01371	0.01763	0.01959	0.02547	0.04506	0.09599	0.04898	0.02351	0.01175	0.00392	0.00784	0.59056	0.00784	0.00784
1	0.01761	0.10680	0.59877	0.02334	0.03541	0.02108	0.02984	0.02681	0.01790	0.02629	0.01495	0.01756	0.01079	0.00801	0.00784	0.00261	0.01225	0.00612	0.00360	0.01242
2	0.02322	0.20755	0.30294	0.02077	0.02974	0.14262	0.02242	0.10647	0.02185	0.02762	0.01470	0.01673	0.01134	0.00829	0.00741	0.00236	0.01178	0.00588	0.00440	0.01191
3	0.02330	0.02570	0.03635	0.04073	0.33951	0.17137	0.18383	0.02826	0.02067	0.02603	0.01567	0.02024	0.01274	0.00775	0.00869	0.00254	0.01248	0.00776	0.00428	0.01209
4	0.01073	0.00818	0.00988	0.01044	0.01216	0.00732	0.00745	0.01315	0.01952	0.02563	0.22749	0.31214	0.26042	0.02235	0.01036	0.00304	0.00447	0.01963	0.00831	0.00732
5	0.01707	0.04402	0.65683	0.02426	0.03683	0.01976	0.03144	0.02695	0.01797	0.02695	0.01527	0.01797	0.01078	0.00809	0.00809	0.00270	0.01258	0.00629	0.00359	0.01258
6	0.02403	0.02422	0.09023	0.06678	0.36642	0.05348	0.02336	0.18606	0.02493	0.03407	0.01695	0.02039	0.01327	0.00844	0.00838	0.00255	0.01045	0.00738	0.00530	0.01331
7	0.02209	0.52034	0.12150	0.01694	0.02407	0.06378	0.01724	0.02564	0.01733	0.02101	0.01228	0.01477	0.01093	0.00818	0.00805	0.00213	0.07401	0.00510	0.00368	0.01093
8	0.01106	0.00793	0.01048	0.01226	0.01310	0.00751	0.00874	0.01292	0.01681	0.02218	0.04720	0.52955	0.07853	0.06046	0.01265	0.00376	0.00560	0.12452	0.00775	0.00700
9	0.01030	0.00767	0.00960	0.01114	0.01216	0.00697	0.00758	0.01193	0.01698	0.02200	0.05559	0.55984	0.18621	0.02553	0.01068	0.00333	0.00480	0.02282	0.00790	0.00697
10	0.02203	0.01983	0.06876	0.08753	0.02668	0.02001	0.01574	0.20923	0.23131	0.03865	0.13757	0.03212	0.02969	0.01163	0.00881	0.00273	0.00796	0.00961	0.00784	0.01229
11	0.01056	0.00864	0.00932	0.00915	0.01180	0.00740	0.00686	0.01319	0.02059	0.02582	0.22793	0.07724	0.50089	0.02050	0.01005	0.00282	0.00424	0.01731	0.00828	0.00740
12	0.01238	0.00825	0.00928	0.00928	0.00928	0.00825	0.00516	0.01238	0.01238	0.01650	0.02681	0.05569	0.03094	0.70092	0.04331	0.00825	0.00825	0.01238	0.00516	0.00516
13	0.02512	0.01689	0.01910	0.01668	0.02180	0.01840	0.01324	0.04289	0.44723	0.19233	0.03489	0.03424	0.02587	0.01188	0.00879	0.00287	0.00692	0.03830	0.00909	0.01345
14	0.01944	0.02146	0.04516	0.14865	0.07652	0.02100	0.48489	0.02625	0.01952	0.02633	0.01679	0.02282	0.01267	0.00743	0.00970	0.00285	0.01362	0.00949	0.00421	0.01122
15	0.03235	0.02384	0.02554	0.01958	0.02639	0.02639	0.01618	0.61946	0.04001	0.05363	0.02043	0.02043	0.01447	0.01022	0.00851	0.00255	0.00936	0.00766	0.00851	0.01447
16	0.01194	0.00869	0.01123	0.01060	0.01265	0.00799	0.00795	0.01586	0.02385	0.03355	0.61462	0.06451	0.10938	0.01761	0.01004	0.00269	0.00403	0.01552	0.00929	0.00799
17	0.03235	0.02384	0.02554	0.01958	0.02639	0.02639	0.01618	0.61946	0.04001	0.05363	0.02043	0.02043	0.01447	0.01022	0.00851	0.00255	0.00936	0.00766	0.00851	0.01447
18	0.03208	0.03186	0.02486	0.02070	0.02635	0.33357	0.01630	0.33861	0.03239	0.03790	0.01694	0.01799	0.01279	0.00952	0.00811	0.00238	0.01223	0.00662	0.00653	0.01226
19	0.03181	0.03985	0.02418	0.02182	0.02631	0.63970	0.01643	0.05872	0.02479	0.02221	0.01346	0.01556	0.01111	0.00883	0.00771	0.00221	0.01509	0.00557	0.00456	0.01006
20	0.01238	0.00825	0.00928	0.00928	0.00928	0.00825	0.00516	0.01238	0.01238	0.01650	0.02681	0.05569	0.03094	0.70092	0.04331	0.00825	0.00825	0.01238	0.00516	0.00516
21	0.06129	0.12840	0.53965	0.02223	0.03369	0.02153	0.02795	0.02665	0.01768	0.02671	0.01463	0.01716	0.01071	0.00797	0.00758	0.00258	0.01178	0.00596	0.00370	0.01217
22	0.02053	0.44761	0.28359	0.01835	0.02769	0.02824	0.02115	0.02606	0.01756	0.02273	0.01317	0.01534	0.01087	0.00759	0.00649	0.00216	0.01046	0.00523	0.00362	0.01157
23	0.01084	0.00865	0.00970	0.00944	0.01197	0.00752	0.00708	0.01372	0.02123	0.02735	0.30441	0.07472	0.42346	0.01993	0.01005	0.00280	0.00419	0.01695	0.00848	0.00752
24	0.02055	0.01970	0.03361	0.11684	0.58724	0.02008	0.02586	0.02567	0.01913	0.02718	0.01592	0.02123	0.01326	0.00768	0.00843	0.00256	0.01024	0.00758	0.00417	0.01307
25	0.02102	0.01761	0.06230	0.02027	0.02569	0.01642	0.16648	0.13186	0.02207	0.09013	0.02345	0.06079	0.01915	0.02199	0.15417	0.00507	0.01261	0.00948	0.10865	0.01079
26	0.03235	0.02384	0.02554	0.01958	0.02639	0.02639	0.01618	0.61946	0.04001	0.05363	0.02043	0.02043	0.01447	0.01022	0.00851	0.00255	0.00936	0.00766	0.00851	0.01447
27	0.01707	0.04402	0.65683	0.02426	0.03683	0.01976	0.03144	0.02695	0.01797	0.02695	0.01527	0.01797	0.01078	0.00809	0.00809	0.00270	0.01258	0.00629	0.00359	0.01258
28	0.12709	0.05579	0.20037	0.02214	0.03069	0.01924	0.15847	0.06501	0.02086	0.18927	0.02006	0.02131	0.01390	0.00856	0.00818	0.00266	0.01046	0.00751	0.00605	0.01238
29	0.02106	0.02022	0.03454	0.05223	0.64784	0.02022	0.02612	0.02612	0.01938	0.02780	0.01601	0.02106	0.01348	0.00758	0.00842	0.00253	0.01011	0.00758	0.00421	0.01348
30	0.01006	0.00862	0.00862	0.00862	0.01149	0.00718	0.00647	0.01221	0.01940	0.02299	0.08621	0.08190	0.64438	0.02155	0.01006	0.00287	0.00431	0.01796	0.00790	0.00718
31	0.03016	0.02558	0.02276	0.01901	0.02464	0.19344	0.01505	0.23782	0.18433	0.12324	0.02393	0.02314	0.01738	0.01021	0.00833	0.00255	0.00999	0.00770	0.00773	0.01299
32	0.03622	0.02113	0.02126	0.01706	0.02318	0.15837	0.01372	0.09463	0.02579	0.45699	0.02782	0.02515	0.01821	0.01011	0.00836	0.00253	0.00923	0.00779	0.00898	0.01346
33	0.01030	0.00769	0.00958	0.01110	0.01215	0.00698	0.00757	0.01193	0.01702	0.02202	0.05607	0.55229	0.19345	0.02547	0.01067	0.00332	0.00479	0.02274	0.00790	0.00698
34	0.01216	0.00912	0.01368	0.01368	0.01520	0.01064	0.01064	0.01520	0.01368	0.01976	0.02279	0.03343	0.02127	0.06382	0.66720	0.01368	0.02279	0.00912	0.00456	0.00760
35	0.02561	0.03497	0.18404	0.02127	0.02802	0.30301	0.01954	0.07924	0.16564	0.02832	0.01926	0.02023	0.01468	0.00935	0.00807	0.00251	0.01218	0.00682	0.00549	0.01175
36	0.02256	0.67344	0.04372	0.01493	0.02187	0.03331	0.01475	0.02525	0.01709	0.02004	0.01180	0.01389	0.01093	0.00764	0.00653	0.00191	0.04117	0.00469	0.00364	0.01084
37	0.02528	0.01971	0.02173	0.01640	0.02343	0.01952	0.01336	0.32496	0.06488	0.04128	0.01895	0.01988	0.01433	0.00859	0.00756	0.00201	0.00787	0.00663	0.00701	0.33663
38	0.03126	0.03956	0.02463	0.02341	0.05679	0.63505	0.01692	0.03360	0.02388	0.02117	0.01329	0.01563	0.01109	0.00871	0.00771	0.00221	0.01509	0.00558	0.00438	0.01004
39	0.01912	0.01824	0.03104	0.29643	0.41880	0.01971	0.02515	0.02442	0.01846	0.02545	0.01566	0.02169	0.01265	0.00794	0.00846	0.00265	0.01059	0.00757	0.00404	0.01191
40	0.01707	0.04402	0.65683	0.02426	0.03683	0.01976	0.03144	0.02695	0.01797	0.02695	0.01527	0.01797	0.01078	0.00809	0.00809	0.00270	0.01258	0.00629	0.00359	0.01258
41	0.02818	0.07088	0.16504	0.02181	0.02843	0.41720	0.01964	0.10205	0.02434	0.02607	0.01443	0.01645	0.01134	0.00872	0.00776	0.00233	0.01372	0.00588	0.00467	0.01107
42	0.01216	0.00912	0.01368	0.01368	0.01520	0.01064	0.01064	0.01520	0.01368	0.01976	0.02279	0.03343	0.02127	0.06382	0.66720	0.01368	0.02279	0.00912	0.00456	0.00760
43	0.01006	0.00862	0.00862	0.00862	0.01149	0.00718	0.00647	0.01221	0.01940	0.02299	0.08621	0.08190	0.64438	0.02155	0.01006	0.00287	0.00431	0.01796	0.00790	0.00718
44	0.01928	0.01840	0.03132	0.27652	0.43747	0.01975	0.02523	0.02456	0.01853	0.02564	0.01569	0.02164	0.01272	0.00791	0.00845	0.00264	0.01055	0.00758	0.00406	0.01204
45	0.01018	0.00815	0.00911	0.00988	0.01182	0.00708	0.00702	0.01207	0.01819	0.02250	0.07093	0.32036	0.41579	0.02354	0.01037	0.00310	0.00455	0.02038	0.00790	0.00708
46	0.01053	0.00752	0.01006	0.01204	0.01260	0.00705	0.00818	0.01213	0.01645	0.02191	0.04681	0.66598	0.05593	0.02651	0.01091	0.00348	0.00508	0.05197	0.00790	0.00696
47	0.01084	0.00760	0.00974	0.01125	0.01163	0.00722	0.00726	0.01197	0.01538	0.02051	0.04222	0.54617	0.05037	0.18392	0.01843	0.00457	0.00571	0.02144	0.00726	0.00650
48	0.02106	0.02022	0.03454	0.05223	0.64784	0.02022	0.02612	0.02612	0.01938	0.02780	0.01601	0.02106	0.01348	0.00758	0.00842	0.00253	0.01011	0.00758	0.00421	0.01348
49	0.01146	0.00787	0.00955	0.01045	0.01067	0.00764	0.00640	0.01214	0.01415	0.01887	0.03594	0.34621	0.04245	0.39470	0.02858	0.00607	0.00675	0.01774	0.00640	0.00595
50	0.01056	0.00864	0.00932	0.00915	0.01180	0.00740	0.00686	0.01319	0.02059	0.02582	0.22793	0.07724	0.50089	0.02050	0.01005	0.00282	0.00424	0.01731	0.00828	0.00740
51	0.01340	0.00966	0.01327	0.01495	0.01697	0.00953	0.01294	0.01722	0.01986	0.02586	0.08474	0.09315	0.08572	0.02301	0.01155	0.00378	0.00739	0.52126	0.00794	0.00781
52	0.01216	0.00912	0.01368	0.01368	0.01520	0.01064	0.01064	0.01520	0.01368	0.01976	0.02279	0.03343	0.02127	0.06382	0.66720	0.01368	0.02279	0.00912	0.00456	0.00760
53	0.01765	0.01513	0.01765	0.01260	0.02017	0.01134	0.01008	0.02143	0.01765	0.02773	0.01513	0.01765	0.01260	0.00630	0.00630	0.00126	0.00630	0.00504	0.00504	0.75295
54	0.01248	0.00959	0.01429	0.01411	0.01555	0.01141	0.01104	0.01546	0.01364	0.01979	0.02222	0.03269	0.02077	0.06139	0.63534	0.01318	0.05581	0.00903	0.00452	0.00768
55	0.02392	0.20261	0.06319	0.01746	0.02255	0.31422	0.01480	0.02703	0.02177	0.02351	0.13120	0.02726	0.05620	0.01058	0.00769	0.00225	0.01097	0.00774	0.00524	0.00982
56	0.01707	0.04402	0.65683	0.02426	0.03683	0.01976	0.03144	0.02695	0.01797	0.02695	0.01527	0.01797	0.01078	0.00809	0.00809	0.00270	0.01258	0.00629	0.00359	0.01258
57	0.02079	0.02348	0.09646	0.03826	0.34657	0.07453	0.10032	0.05456	0.02026	0.02750	0.01871	0.07218	0.01655	0.01174	0.03776	0.00312	0.01149	0.00892	0.00468	0.01211
58	0.03183	0.03929	0.02422	0.02175	0.02631	0.61817	0.01642	0.07841	0.02532	0.02332	0.01371	0.01573	0.01123	0.00888	0.00774	0.00222	0.01489	0.00565	0.00470	0.01022
59	0.01762	0.07456	0.57151	0.02484	0.03679	0.02061	0.08398	0.02691	0.01813	0.02664	0.01528	0.01821	0.01098	0.00796	0.00813	0.00267	0.01257	0.00655	0.00366	0.01240
60	0.02194	0.02211	0.03442	0.04880	0.56404	0.07618	0.05472	0.02685	0.01982	0.02717	0.01582	0.02066	0.01323	0.00766	0.00844	0.00252	0.01077	0.00752	0.00423	0.01307
61	0.02068	0.01983	0.03386	0.09991	0.60312	0.02012	0.02593	0.02579	0.01920	0.02734	0.01594	0.02119	0.01332	0.00765	0.00843	0.00255	0.01020	0.00758	0.00418	0.01317
62	0.03179	0.04056	0.02412	0.02192	0.02631	0.66676	0.01644	0.03398	0.02412	0.02083	0.01315	0.01535	0.01096	0.00877	0.00767	0.00219	0.01535	0.00548	0.00438	0.00987
63	0.01136	0.00844	0.01055	0.01117	0.01274	0.00792	0.00819	0.01381	0.01859	0.02458	0.18422	0.24006	0.19331	0.08931	0.05456	0.00429	0.00636	0.08558	0.00775	0.00721
64	0.01216	0.00912	0.01368	0.01368	0.01520	0.01064	0.01064	0.01520	0.01368	0.01976	0.02279	0.03343	0.02127	0.06382	0.66720	0.01368	0.02279	0.00912	0.00456	0.00760
65	0.02275	0.70604	0.04459	0.01456	0.02184	0.03367	0.01456	0.02548	0.01729	0.02002	0.01183	0.01365	0.01092	0.00728	0.00546	0.00182	0.00910	0.00455	0.00364	0.01092
66	0.18386	0.03025	0.05062	0.02216	0.08365	0.30854	0.01644	0.15189	0.02465	0.03218	0.01474	0.01673	0.01155	0.00874	0.00743	0.00241	0.01165	0.00598	0.00537	0.01114
67	0.01527	0.01184	0.01448	0.01381	0.01631	0.01296	0.01052	0.04820	0.17477	0.02827	0.15698	0.08245	0.03868	0.09498	0.20712	0.00661	0.01112	0.03925	0.00717	0.00921
68	0.01037	0.00741	0.00987	0.01185	0.01234	0.00691	0.00790	0.01185	0.01629	0.02172	0.04690	0.69537	0.05629	0.02666	0.01086	0.00346	0.00494	0.02419	0.00790	0.00691
69	0.03179	0.04056	0.02412	0.02192	0.02631	0.66676	0.01644	0.03398	0.02412	0.02083	0.01315	0.01535	0.01096	0.00877	0.00767	0.00219	0.01535	0.00548	0.00438	0.00987
70	0.01679	0.01578	0.02542	0.25618	0.29860	0.01673	0.02069	0.02138	0.01858	0.02461	0.03208	0.03581	0.15990	0.01116	0.00883	0.00271	0.00918	0.01000	0.00493	0.01064
71	0.03179	0.04056	0.02412	0.02192	0.02631	0.66676	0.01644	0.03398	0.02412	0.02083	0.01315	0.01535	0.01096	0.00877	0.00767	0.00219	0.01535	0.00548	0.00438	0.00987
72	0.01204	0.00870	0.01138	0.01071	0.01271	0.00803	0.00803	0.01606	0.02409	0.03413	0.64335	0.06357	0.08030	0.01740	0.01004	0.00268	0.00401	0.01539	0.00937	0.00803
73	0.02106	0.02022	0.03454	0.05223	0.64784	0.02022	0.02612	0.02612	0.01938	0.02780	0.01601	0.02106	0.01348	0.00758	0.00842	0.00253	0.01011	0.00758	0.00421	0.01348
74	0.01370	0.01149	0.01225	0.01157	0.01486	0.01147	0.00882	0.02266	0.20142	0.02872	0.17101	0.06379	0.36034	0.01785	0.00964	0.00284	0.00497	0.01503	0.00839	0.00919
75	0.07642	0.02103	0.02330	0.01796	0.02462	0.02243	0.01484	0.43769	0.03454	0.20538	0.02327	0.02222	0.01584	0.01016	0.00833	0.00258	0.00866	0.00771	0.00884	0.01417
76	0.01129	0.00890	0.01034	0.01063	0.01311	0.00794	0.00840	0.01423	0.02044	0.02592	0.19633	0.08109	0.39215	0.02110	0.01043	0.00306	0.00503	0.14391	0.00820	0.00751
77	0.01107	0.00791	0.01068	0.01265	0.01346	0.00752	0.00912	0.01307	0.01699	0.02251	0.04652	0.56911	0.05475	0.02600	0.01105	0.00355	0.00555	0.14350	0.00789	0.00711
78	0.01006	0.00862	0.00862	0.00862	0.01149	0.00718	0.00647	0.01221	0.01940	0.02299	0.08621	0.08190	0.64438	0.02155	0.01006	0.00287	0.00431	0.01796	0.00790	0.00718
79	0.03235	0.02384	0.02554	0.01958	0.02639	0.02639	0.01618	0.61946	0.04001	0.05363	0.02043	0.02043	0.01447	0.01022	0.00851	0.00255	0.00936	0.00766	0.00851	0.01447
80	0.01006	0.00862	0.00862	0.00862	0.01149	0.00718	0.00647	0.01221	0.01940	0.02299	0.08621	0.08190	0.64438	0.02155	0.01006	0.00287	0.00431	0.01796	0.00790	0.00718
81	0.02106	0.02022	0.03454	0.05223	0.64784	0.02022	0.02612	0.02612	0.01938	0.02780	0.01601	0.02106	0.01348	0.00758	0.00842	0.00253	0.01011	0.00758	0.00421	0.01348
82	0.03179	0.04056	0.02412	0.02192	0.02631	0.66676	0.01644	0.03398	0.02412	0.02083	0.01315	0.01535	0.01096	0.00877	0.00767	0.00219	0.01535	0.00548	0.00438	0.00987
83	0.01232	0.00849	0.01050	0.01050	0.01092	0.00891	0.00667	0.01316	0.01274	0.01740	0.02570	0.04953	0.02826	0.52458	0.21600	0.00975	0.01228	0.01147	0.00499	0.00583
84	0.01048	0.00864	0.00921	0.00906	0.01175	0.00736	0.00680	0.01303	0.02039	0.02535	0.20445	0.07801	0.52467	0.02067	0.01005	0.00283	0.00425	0.01741	0.00821	0.00736
85	0.02106	0.02022	0.03454	0.05223	0.64784	0.02022	0.02612	0.02612	0.01938	0.02780	0.01601	0.02106	0.01348	0.00758	0.00842	0.00253	0.01011	0.00758	0.00421	0.01348
86	0.02106	0.02022	0.03454	0.05223	0.64784	0.02022	0.02612	0.02612	0.01938	0.02780	0.01601	0.02106	0.01348	0.00758	0.00842	0.00253	0.01011	0.00758	0.00421	0.01348
87	0.03230	0.02541	0.02541	0.01980	0.02638	0.08654	0.01620	0.56446	0.03852	0.05055	0.01975	0.01995	0.01414	0.01008	0.00843	0.00252	0.00993	0.00746	0.00813	0.01404
88	0.01130	0.00867	0.01035	0.00993	0.01226	0.00771	0.00745	0.01463	0.02234	0.02998	0.43595	0.07039	0.29029	0.01894	0.01004	0.00275	0.00412	0.01635	0.00882	0.00771
89	0.01862	0.01862	0.02607	0.02234	0.02234	0.02607	0.01862	0.02048	0.01303	0.02048	0.01117	0.01862	0.01117	0.01489	0.02793	0.00372	0.68535	0.00745	0.00372	0.00931
90	0.03235	0.02384	0.02554	0.01958	0.02639	0.02639	0.01618	0.61946	0.04001	0.05363	0.02043	0.02043	0.01447	0.01022	0.00851	0.00255	0.00936	0.00766	0.00851	0.01447
91	0.03182	0.03952	0.02420	0.02178	0.02631	0.62686	0.01643	0.07046	0.02511	0.02287	0.01361	0.01566	0.01118	0.00886	0.00773	0.00221	0.01497	0.00562	0.00464	0.01015
92	0.01051	0.00751	0.01003	0.01201	0.01256	0.00703	0.00814	0.01209	0.01643	0.02188	0.04683	0.67043	0.05598	0.02653	0.01090	0.00348	0.00506	0.04775	0.00790	0.00695
93	0.01742	0.08526	0.61869	0.02365	0.03590	0.02063	0.03039	0.02686	0.01792	0.02652	0.01506	0.01770	0.01079	0.00804	0.00792	0.00264	0.01236	0.00618	0.00360	0.01247
94	0.03150	0.07229	0.02592	0.02049	0.02608	0.35539	0.01622	0.28434	0.03053	0.03484	0.01620	0.01743	0.01246	0.00930	0.00790	0.00233	0.01242	0.00636	0.00611	0.01190
95	0.01137	0.00814	0.01096	0.01251	0.01357	0.00772	0.00920	0.01379	0.01825	0.02450	0.14022	0.46367	0.05844	0.02451	0.01093	0.00344	0.00543	0.14794	0.00812	0.00729
96	0.01727	0.04280	0.62492	0.02569	0.06817	0.01979	0.03117	0.02691	0.01804	0.02699	0.01531	0.01813	0.01092	0.00806	0.00810	0.00269	0.01245	0.00635	0.00363	0.01262
97	0.01030	0.00769	0.00958	0.01110	0.01215	0.00698	0.00757	0.01193	0.01702	0.02202	0.05607	0.55229	0.19345	0.02547	0.01067	0.00332	0.00479	0.02274	0.00790	0.00698
98	0.03235	0.02384	0.02554	0.01958	0.02639	0.02639	0.01618	0.61946	0.04001	0.05363	0.02043	0.02043	0.01447	0.01022	0.00851	0.00255	0.00936	0.00766	0.00851	0.01447
99	0.02562	0.02646	0.02145	0.01789	0.02368	0.26227	0.01391	0.11289	0.12886	0.03006	0.01847	0.01959	0.01454	0.00867	0.00753	0.00207	0.01021	0.00636	0.00590	0.24357
100	0.02275	0.70604	0.04459	0.01456	0.02184	0.03367	0.01456	0.02548	0.01729	0.02002	0.01183	0.01365	0.01092	0.00728	0.00546	0.00182	0.00910	0.00455	0.00364	0.01092
101	0.01126	0.00814	0.01082	0.01254	0.01362	0.00770	0.00926	0.01351	0.01769	0.02334	0.07814	0.47766	0.09229	0.02511	0.01099	0.00350	0.00557	0.16370	0.00796	0.00721
102	0.02006	0.01198	0.01241	0.01089	0.01411	0.01263	0.00855	0.17236	0.02348	0.03730	0.02590	0.02885	0.01995	0.00999	0.00660	0.00213	0.00534	0.00786	0.56001	0.00960
103	0.01006	0.00862	0.00862	0.00862	0.01149	0.00718	0.00647	0.01221	0.01940	0.02299	0.08621	0.08190	0.64438	0.02155	0.01006	0.00287	0.00431	0.01796	0.00790	0.00718
104	0.01400	0.01301	0.02203	0.01749	0.02128	0.01204	0.19718	0.01726	0.01798	0.02333	0.09008	0.05465	0.23030	0.20916	0.01947	0.00438	0.00854	0.01371	0.00611	0.00802
105	0.01007	0.00857	0.00868	0.00876	0.01153	0.00717	0.00653	0.01220	0.01926	0.02293	0.08448	0.10894	0.61846	0.02178	0.01009	0.00290	0.00434	0.01824	0.00790	0.00717
106	0.02106	0.02022	0.03454	0.05223	0.64784	0.02022	0.02612	0.02612	0.01938	0.02780	0.01601	0.02106	0.01348	0.00758	0.00842	0.00253	0.01011	0.00758	0.00421	0.01348
107	0.01862	0.01862	0.02607	0.02234	0.02234	0.02607	0.01862	0.02048	0.01303	0.02048	0.01117	0.01862	0.01117	0.01489	0.02793	0.00372	0.68535	0.00745	0.00372	0.00931
108	0.01072	0.00824	0.00908	0.00954	0.01113	0.00739	0.00647	0.01217	0.01689	0.02104	0.06193	0.21831	0.35117	0.19556	0.01871	0.00438	0.00546	0.01799	0.00720	0.00660
109	0.01586	0.00793	0.00793	0.00793	0.00991	0.00793	0.00595	0.01983	0.01785	0.03173	0.02776	0.03173	0.02181	0.00991	0.00595	0.00198	0.00397	0.00793	0.74817	0.00793
110	0.01244	0.00896	0.01221	0.01407	0.01561	0.00873	0.01146	0.01548	0.01852	0.02413	0.04778	0.28895	0.08204	0.02443	0.01138	0.00371	0.00672	0.37802	0.00786	0.00750
111	0.01862	0.01862	0.02607	0.02234	0.02234	0.02607	0.01862	0.02048	0.01303	0.02048	0.01117	0.01862	0.01117	0.01489	0.02793	0.00372	0.68535	0.00745	0.00372	0.00931
112	0.01160	0.00825	0.01036	0.01088	0.01196	0.00780	0.00752	0.01369	0.01815	0.02462	0.23231	0.25996	0.09133	0.19476	0.01887	0.00442	0.00563	0.05333	0.00766	0.00689
113	0.01037	0.00741	0.00987	0.01185	0.01234	0.00691	0.00790	0.01185	0.01629	0.02172	0.04690	0.69537	0.05629	0.02666	0.01086	0.00346	0.00494	0.02419	0.00790	0.00691
114	0.01037	0.00741	0.00987	0.01185	0.01234	0.00691	0.00790	0.01185	0.01629	0.02172	0.04690	0.69537	0.05629	0.02666	0.01086	0.00346	0.00494	0.02419	0.00790	0.00691
115	0.02275	0.70604	0.04459	0.01456	0.02184	0.03367	0.01456	0.02548	0.01729	0.02002	0.01183	0.01365	0.01092	0.00728	0.00546	0.00182	0.00910	0.00455	0.00364	0.01092
116	0.01209	0.00987	0.01083	0.01038	0.01323	0.00923	0.00785	0.01761	0.09883	0.02808	0.25394	0.06979	0.38928	0.01898	0.00987	0.00281	0.00453	0.01610	0.00846	0.00825
117	0.02878	0.07444	0.02563	0.02373	0.08441	0.47924	0.01684	0.03429	0.10733	0.02348	0.01632	0.01806	0.01327	0.00895	0.00775	0.00230	0.01330	0.00620	0.00492	0.01077
118	0.03179	0.04056	0.02412	0.02192	0.02631	0.66676	0.01644	0.03398	0.02412	0.02083	0.01315	0.01535	0.01096	0.00877	0.00767	0.00219	0.01535	0.00548	0.00438	0.00987
119	0.02050	0.04321	0.50926	0.02371	0.03438	0.17066	0.02794	0.02859	0.01940	0.02552	0.01478	0.01736	0.01082	0.00824	0.00799	0.00258	0.01322	0.00610	0.00378	0.01194
120	0.02147	0.55694	0.18248	0.01674	0.02522	0.03054	0.01836	0.02581	0.01744	0.02158	0.01261	0.01462	0.01089	0.00746	0.00605	0.00202	0.00988	0.00494	0.00363	0.01129
121	0.01015	0.00862	0.00875	0.00872	0.01155	0.00722	0.00654	0.01240	0.01962	0.02352	0.11263	0.08103	0.61763	0.02136	0.01006	0.00286	0.00430	0.01784	0.00797	0.00722
122	0.02007	0.01963	0.03482	0.07369	0.40822	0.01969	0.14654	0.02669	0.05762	0.02771	0.01958	0.02788	0.01673	0.00900	0.00903	0.00274	0.01066	0.05246	0.00476	0.01245
123	0.02876	0.02426	0.03082	0.02338	0.03034	0.06235	0.15614	0.41135	0.07135	0.04444	0.02014	0.02143	0.01462	0.00950	0.00883	0.00263	0.01071	0.00821	0.00730	0.01344
124	0.01062	0.00759	0.01017	0.01214	0.01274	0.00713	0.00834	0.01229	0.01654	0.02201	0.04676	0.64989	0.05573	0.02642	0.01093	0.00349	0.00516	0.06717	0.00789	0.00698
125	0.02083	0.32814	0.23608	0.02154	0.03018	0.05976	0.10977	0.02640	0.01806	0.02334	0.01375	0.01672	0.01119	0.00797	0.00818	0.00236	0.04446	0.00610	0.00377	0.01139
126	0.02061	0.01976	0.03372	0.10950	0.59413	0.02010	0.02589	0.02572	0.01916	0.02725	0.01593	0.02121	0.01329	0.00767	0.00843	0.00256	0.01022	0.00758	0.00417	0.01311
127	0.01216	0.00912	0.01368	0.01368	0.01520	0.01064	0.01064	0.01520	0.01368	0.01976	0.02279	0.03343	0.02127	0.06382	0.66720	0.01368	0.02279	0.00912	0.00456	0.00760
128	0.01177	0.00807	0.00979	0.01037	0.01064	0.00804	0.00638	0.01243	0.01363	0.01829	0.03245	0.24305	0.03770	0.45331	0.08107	0.00725	0.00837	0.01562	0.00592	0.00586
129	0.01231	0.00852	0.01066	0.01066	0.01113	0.00900	0.00687	0.01326	0.01278	0.01752	0.02556	0.04873	0.02792	0.50163	0.23848	0.00995	0.01280	0.01136	0.00497	0.00592
130	0.01707	0.04402	0.65683	0.02426	0.03683	0.01976	0.03144	0.02695	0.01797	0.02695	0.01527	0.01797	0.01078	0.00809	0.00809	0.00270	0.01258	0.00629	0.00359	0.01258
131	0.01006	0.00862	0.00862	0.00862	0.01149	0.00718	0.00647	0.01221	0.01940	0.02299	0.08621	0.08190	0.64438	0.02155	0.01006	0.00287	0.00431	0.01796	0.00790	0.00718
132	0.01037	0.00741	0.00987	0.01185	0.01234	0.00691	0.00790	0.01185	0.01629	0.02172	0.04690	0.69537	0.05629	0.02666	0.01086	0.00346	0.00494	0.02419	0.00790	0.00691
133	0.01244	0.00903	0.01152	0.01217	0.01359	0.00885	0.00895	0.01632	0.05705	0.02623	0.22129	0.26399	0.05660	0.11938	0.01531	0.00396	0.00578	0.12200	0.00798	0.00757
134	0.02076	0.02257	0.02157	0.01950	0.02136	0.22355	0.01543	0.02309	0.01673	0.02036	0.01543	0.02222	0.01427	0.02827	0.22151	0.00635	0.26653	0.00735	0.00419	0.00895
135	0.01037	0.00741	0.00987	0.01185	0.01234	0.00691	0.00790	0.01185	0.01629	0.02172	0.04690	0.69537	0.05629	0.02666	0.01086	0.00346	0.00494	0.02419	0.00790	0.00691
136	0.01220	0.00818	0.00933	0.00950	0.00955	0.00813	0.00539	0.01233	0.01271	0.01695	0.02855	0.11099	0.03313	0.64264	0.04051	0.00784	0.00796	0.01340	0.00539	0.00531
137	0.02089	0.02127	0.06204	0.05100	0.62083	0.02020	0.02635	0.02615	0.01932	0.02776	0.01597	0.02093	0.01336	0.00760	0.00841	0.00253	0.01022	0.00753	0.00419	0.01344
138	0.01229	0.00859	0.01100	0.01100	0.01159	0.00918	0.00730	0.01348	0.01288	0.01777	0.02524	0.04700	0.02717	0.45222	0.28686	0.01037	0.01393	0.01110	0.00492	0.00611
139	0.03196	0.03533	0.02456	0.02119	0.02633	0.46644	0.01636	0.21713	0.02909	0.03109	0.01543	0.01694	0.01206	0.00922	0.00794	0.00231	0.01348	0.00616	0.00568	0.01131
140	0.01006	0.00862	0.00862	0.00862	0.01149	0.00718	0.00647	0.01221	0.01940	0.02299	0.08621	0.08190	0.64438	0.02155	0.01006	0.00287	0.00431	0.01796	0.00790	0.00718
141	0.01971	0.01164	0.01204	0.01065	0.01376	0.01224	0.00833	0.15968	0.02302	0.03684	0.02605	0.02909	0.02010	0.00998	0.00655	0.00212	0.00523	0.00787	0.57565	0.00946
142	0.02275	0.70604	0.04459	0.01456	0.02184	0.03367	0.01456	0.02548	0.01729	0.02002	0.01183	0.01365	0.01092	0.00728	0.00546	0.00182	0.00910	0.00455	0.00364	0.01092
143	0.02143	0.55164	0.18739	0.01682	0.02534	0.03043	0.01850	0.02582	0.01745	0.02164	0.01263	0.01466	0.01089	0.00747	0.00607	0.00202	0.00991	0.00496	0.00363	0.01131
144	0.01216	0.00912	0.01368	0.01368	0.01520	0.01064	0.01064	0.01520	0.01368	0.01976	0.02279	0.03343	0.02127	0.06382	0.66720	0.01368	0.02279	0.00912	0.00456	0.00760
145	0.02275	0.70604	0.04459	0.01456	0.02184	0.03367	0.01456	0.02548	0.01729	0.02002	0.01183	0.01365	0.01092	0.00728	0.00546	0.00182	0.00910	0.00455	0.00364	0.01092
146	0.01217	0.00905	0.01334	0.01334	0.01475	0.01046	0.01022	0.01498	0.01358	0.01951	0.02310	0.03512	0.02201	0.11217	0.61986	0.01327	0.02169	0.00937	0.00460	0.00741
147	0.01028	0.00774	0.00953	0.01096	0.01211	0.00699	0.00751	0.01195	0.01715	0.02207	0.05770	0.52691	0.21778	0.02526	0.01064	0.00330	0.00477	0.02248	0.00790	0.00699
148	0.01035	0.00747	0.00981	0.01168	0.01230	0.00693	0.00783	0.01187	0.01645	0.02179	0.04893	0.66374	0.08661	0.02640	0.01082	0.00343	0.00490	0.02387	0.00790	0.00693
149	0.01227	0.00828	0.00964	0.00973	0.00986	0.00837	0.00569	0.01257	0.01265	0.01698	0.02739	0.08200	0.03132	0.62306	0.08924	0.00845	0.00921	0.01265	0.00523	0.00542
150	0.01216	0.00912	0.01368	0.01368	0.01520	0.01064	0.01064	0.01520	0.01368	0.01976	0.02279	0.03343	0.02127	0.06382	0.66720	0.01368	0.02279	0.00912	0.00456	0.00760
151	0.01036	0.00807	0.00945	0.01051	0.01217	0.00716	0.00748	0.01226	0.01787	0.02247	0.06506	0.38601	0.32878	0.02416	0.01053	0.00321	0.00477	0.04473	0.00790	0.00708
152	0.01055	0.00905	0.00909	0.00900	0.01196	0.00780	0.00677	0.01366	0.04635	0.02354	0.08394	0.07969	0.61719	0.02111	0.01000	0.00287	0.00442	0.01759	0.00794	0.00746
153	0.01290	0.01100	0.01140	0.01103	0.01425	0.01072	0.00834	0.02059	0.17516	0.02612	0.07064	0.10736	0.45044	0.01933	0.00975	0.00291	0.00497	0.01623	0.00809	0.00877
154	0.01037	0.00741	0.00987	0.01185	0.01234	0.00691	0.00790	0.01185	0.01629	0.02172	0.04690	0.69537	0.05629	0.02666	0.01086	0.00346	0.00494	0.02419	0.00790	0.00691
155	0.01216	0.00912	0.01368	0.01368	0.01520	0.01064	0.01064	0.01520	0.01368	0.01976	0.02279	0.03343	0.02127	0.06382	0.66720	0.01368	0.02279	0.00912	0.00456	0.00760
156	0.01010	0.00847	0.00878	0.00903	0.01160	0.00715	0.00665	0.01217	0.01900	0.02283	0.08121	0.15991	0.56960	0.02220	0.01016	0.00295	0.00439	0.01875	0.00790	0.00715
157	0.03197	0.03504	0.02459	0.02115	0.02634	0.45527	0.01635	0.22734	0.02937	0.03166	0.01556	0.01703	0.01212	0.00925	0.00795	0.00231	0.01337	0.00620	0.00575	0.01139
158	0.02275	0.70604	0.04459	0.01456	0.02184	0.03367	0.01456	0.02548	0.01729	0.02002	0.01183	0.01365	0.01092	0.00728	0.00546	0.00182	0.00910	0.00455	0.00364	0.01092
159	0.42218	0.01434	0.01303	0.01222	0.01594	0.04219	0.00975	0.02169	0.01487	0.03077	0.01680	0.02185	0.01430	0.02692	0.22829	0.00628	0.01221	0.00641	0.06137	0.00860
160	0.25834	0.15198	0.02439	0.01693	0.02242	0.26753	0.01381	0.10409	0.02188	0.03028	0.01343	0.01521	0.01085	0.00841	0.00662	0.00231	0.01071	0.00532	0.00505	0.01044
161	0.05251	0.01006	0.01303	0.01238	0.01491	0.00993	0.00928	0.01989	0.01748	0.15305	0.07217	0.17676	0.09142	0.10128	0.19923	0.00653	0.01078	0.01344	0.00718	0.00869
162	0.02204	0.16698	0.04971	0.01545	0.02035	0.16896	0.01319	0.05931	0.02232	0.07355	0.12808	0.03940	0.13356	0.01292	0.00832	0.00247	0.00889	0.03807	0.00646	0.00997
163	0.02354	0.17190	0.02757	0.04777	0.02413	0.07334	0.01557	0.20908	0.02355	0.03070	0.01666	0.02072	0.01398	0.01990	0.13079	0.00459	0.12276	0.00703	0.00541	0.01102
164	0.01082	0.00809	0.01005	0.01074	0.01226	0.00733	0.00761	0.01325	0.01946	0.02590	0.24265	0.35465	0.20096	0.02257	0.01042	0.00308	0.00450	0.01999	0.00836	0.00733
165	0.01124	0.00831	0.01050	0.01071	0.01241	0.00757	0.00775	0.01423	0.02108	0.02876	0.38183	0.25073	0.16193	0.02075	0.01028	0.00293	0.00433	0.01836	0.00871	0.00757
166	0.02519	0.02921	0.06186	0.05404	0.03435	0.23907	0.23485	0.10591	0.02321	0.02771	0.01558	0.01947	0.01215	0.00887	0.01044	0.00267	0.07184	0.00771	0.00478	0.01110
167	0.01024	0.00828	0.00899	0.00952	0.01163	0.00716	0.00680	0.01212	0.01826	0.02237	0.07307	0.24684	0.45935	0.05157	0.01168	0.00326	0.00465	0.01941	0.00779	0.00703
168	0.01131	0.00793	0.00981	0.01094	0.01145	0.00760	0.00713	0.01240	0.01516	0.02003	0.04122	0.38704	0.07644	0.28113	0.02314	0.00527	0.00633	0.05250	0.00686	0.00632
169	0.02715	0.07389	0.02611	0.02142	0.02480	0.37830	0.01699	0.07366	0.02143	0.02316	0.01300	0.01665	0.01129	0.01070	0.01394	0.00268	0.22409	0.00620	0.00444	0.01011
170	0.03208	0.03181	0.02486	0.02070	0.02635	0.33188	0.01630	0.34016	0.03243	0.03798	0.01696	0.01801	0.01280	0.00953	0.00811	0.00238	0.01222	0.00662	0.00654	0.01227
171	0.02019	0.40807	0.32015	0.01892	0.02859	0.02741	0.02216	0.02614	0.01760	0.02314	0.01338	0.01559	0.01086	0.00764	0.00664	0.00221	0.01067	0.00533	0.00362	0.01167
172	0.01837	0.16785	0.49480	0.02330	0.03457	0.02253	0.07267	0.02670	0.01800	0.02566	0.01477	0.01753	0.01097	0.00786	0.00774	0.00254	0.01205	0.00624	0.00366	0.01218
173	0.01979	0.01892	0.03225	0.21204	0.49795	0.01989	0.02549	0.02500	0.01878	0.02626	0.01578	0.02148	0.01294	0.00782	0.00845	0.00261	0.01042	0.00758	0.00410	0.01246
174	0.02106	0.02022	0.03454	0.05223	0.64784	0.02022	0.02612	0.02612	0.01938	0.02780	0.01601	0.02106	0.01348	0.00758	0.00842	0.00253	0.01011	0.00758	0.00421	0.01348
175	0.02612	0.02812	0.02982	0.03788	0.35806	0.26094	0.02158	0.08531	0.02309	0.02766	0.01537	0.01888	0.01264	0.00827	0.00815	0.00241	0.01198	0.00681	0.00468	0.01223
176	0.02554	0.02932	0.02008	0.01812	0.02199	0.41205	0.01370	0.07258	0.02504	0.02683	0.17828	0.03189	0.06588	0.01182	0.00848	0.00238	0.01137	0.00890	0.00617	0.00959
177	0.02158	0.19394	0.11751	0.01639	0.02324	0.01832	0.04180	0.02591	0.01940	0.14209	0.02845	0.03607	0.07423	0.01148	0.00806	0.00247	0.00850	0.09230	0.00613	0.11214
178	0.02486	0.55083	0.03982	0.01628	0.02288	0.18133	0.01500	0.02746	0.01888	0.02021	0.01214	0.01405	0.01093	0.00763	0.00598	0.00191	0.01056	0.00477	0.00381	0.01067
179	0.02966	0.01659	0.01945	0.01596	0.02160	0.01710	0.01284	0.11889	0.24189	0.30635	0.03174	0.02902	0.02198	0.01080	0.00839	0.00266	0.00710	0.00877	0.06557	0.01362
180	0.01933	0.01084	0.01374	0.01319	0.01614	0.01026	0.01036	0.02312	0.05502	0.18362	0.04415	0.11951	0.12027	0.13932	0.01603	0.00411	0.00695	0.17673	0.00811	0.00921
181	0.02250	0.02295	0.03314	0.04816	0.56435	0.10707	0.02482	0.02717	0.02001	0.02687	0.01562	0.02029	0.01314	0.00774	0.00832	0.00248	0.01081	0.00730	0.00424	0.01299
182	0.01513	0.01607	0.01223	0.01172	0.01495	0.16102	0.00879	0.01729	0.02050	0.02249	0.06917	0.06638	0.49665	0.01857	0.00950	0.00271	0.00688	0.01505	0.00708	0.00781
183	0.01018	0.00863	0.00879	0.00875	0.01157	0.00724	0.00656	0.01245	0.01969	0.02368	0.12092	0.08076	0.60924	0.02129	0.01006	0.00286	0.00429	0.01780	0.00799	0.00724
184	0.01869	0.21119	0.46564	0.02247	0.03347	0.02340	0.06136	0.02660	0.01792	0.02521	0.01451	0.01716	0.01094	0.00783	0.00753	0.00248	0.01180	0.00607	0.00365	0.01209
185	0.01586	0.00793	0.00793	0.00793	0.00991	0.00793	0.00595	0.01983	0.01785	0.03173	0.02776	0.03173	0.02181	0.00991	0.00595	0.00198	0.00397	0.00793	0.74817	0.00793
186	0.01018	0.00863	0.00879	0.00875	0.01157	0.00724	0.00656	0.01245	0.01969	0.02368	0.12092	0.08076	0.60924	0.02129	0.01006	0.00286	0.00429	0.01780	0.00799	0.00724
187	0.01334	0.00967	0.01319	0.01495	0.01700	0.00953	0.01297	0.01707	0.01957	0.02521	0.04929	0.09454	0.11021	0.02331	0.01158	0.00381	0.00747	0.53167	0.00784	0.00777
188	0.01037	0.00741	0.00987	0.01185	0.01234	0.00691	0.00790	0.01185	0.01629	0.02172	0.04690	0.69537	0.05629	0.02666	0.01086	0.00346	0.00494	0.02419	0.00790	0.00691
189	0.01216	0.00912	0.01368	0.01368	0.01520	0.01064	0.01064	0.01520	0.01368	0.01976	0.02279	0.03343	0.02127	0.06382	0.66720	0.01368	0.02279	0.00912	0.00456	0.00760
190	0.01758	0.01003	0.01255	0.01115	0.01447	0.00883	0.00863	0.02090	0.02282	0.17548	0.34333	0.06069	0.22625	0.01697	0.00970	0.00272	0.00485	0.01452	0.00922	0.00930
191	0.01789	0.01868	0.03674	0.38772	0.05219	0.02009	0.29309	0.02425	0.01841	0.02425	0.01608	0.02281	0.01206	0.00790	0.00921	0.00285	0.01271	0.00869	0.00402	0.01037
192	0.03179	0.04056	0.02412	0.02192	0.02631	0.66676	0.01644	0.03398	0.02412	0.02083	0.01315	0.01535	0.01096	0.00877	0.00767	0.00219	0.01535	0.00548	0.00438	0.00987
193	0.02068	0.01983	0.03386	0.09991	0.60312	0.02012	0.02593	0.02579	0.01920	0.02734	0.01594	0.02119	0.01332	0.00765	0.00843	0.00255	0.01020	0.00758	0.00418	0.01317
194	0.01707	0.07598	0.43693	0.02016	0.02927	0.01839	0.02379	0.05266	0.01777	0.02556	0.01780	0.02547	0.01517	0.13689	0.04833	0.00421	0.01194	0.00750	0.00417	0.01096
195	0.01022	0.00867	0.00885	0.00893	0.01177	0.00730	0.00679	0.01245	0.01941	0.02310	0.08440	0.08252	0.61814	0.02164	0.01013	0.00292	0.00447	0.04320	0.00790	0.00721
196	0.01133	0.00823	0.01071	0.01207	0.01328	0.00774	0.00887	0.01364	0.01807	0.02389	0.12025	0.39939	0.11966	0.05415	0.01230	0.00361	0.00552	0.14216	0.00794	0.00719
197	0.01906	0.03041	0.26875	0.03269	0.07930	0.02080	0.36826	0.02708	0.01928	0.02718	0.01644	0.02103	0.01218	0.00753	0.00923	0.00279	0.01344	0.00853	0.00404	0.01200
198	0.12840	0.03749	0.04814	0.02059	0.02542	0.55428	0.01609	0.03250	0.02258	0.02339	0.01307	0.01525	0.01072	0.00863	0.00737	0.00227	0.01407	0.00540	0.00447	0.00989
199	0.01031	0.00825	0.00922	0.00979	0.01185	0.00716	0.00703	0.01239	0.01878	0.02344	0.11619	0.27241	0.41761	0.02284	0.01031	0.00304	0.00448	0.01971	0.00801	0.00716
200	0.02728	0.06637	0.02448	0.02245	0.07197	0.38883	0.01618	0.03637	0.20847	0.02581	0.01984	0.02068	0.01572	0.00945	0.00792	0.00241	0.01201	0.00685	0.00563	0.01129
201	0.02009	0.02296	0.05022	0.03587	0.04448	0.02152	0.61693	0.02726	0.02009	0.02726	0.01722	0.02296	0.01291	0.00717	0.01004	0.00287	0.01435	0.01004	0.00430	0.01148
202	0.02341	0.33618	0.09379	0.01892	0.02442	0.17833	0.01750	0.02650	0.01801	0.02097	0.01232	0.01555	0.01097	0.00939	0.01119	0.00241	0.16029	0.00557	0.00383	0.01048
203	0.03098	0.03887	0.02375	0.02157	0.02599	0.61777	0.01622	0.03483	0.07028	0.02195	0.01478	0.01659	0.01210	0.00898	0.00775	0.00225	0.01469	0.00580	0.00471	0.01014
204	0.01232	0.00845	0.01031	0.01031	0.01066	0.00881	0.00643	0.01303	0.01268	0.01726	0.02588	0.05050	0.02869	0.55233	0.18883	0.00952	0.01164	0.01162	0.00502	0.00573
205	0.01517	0.01299	0.01333	0.01262	0.01318	0.07848	0.00849	0.01587	0.01377	0.01771	0.02306	0.04502	0.02557	0.49194	0.08499	0.00745	0.09837	0.01078	0.00484	0.00637
206	0.06913	0.00940	0.01074	0.01051	0.01310	0.00870	0.00797	0.01599	0.02059	0.05437	0.27343	0.13684	0.27471	0.01921	0.00979	0.00289	0.00472	0.04163	0.00834	0.00795
207	0.01781	0.03825	0.49482	0.02677	0.03793	0.02042	0.16161	0.02675	0.01823	0.02675	0.01553	0.01911	0.01127	0.00817	0.00936	0.00278	0.04133	0.00718	0.00376	0.01219
208	0.01221	0.00892	0.01265	0.01265	0.01382	0.01008	0.00936	0.01454	0.01337	0.01900	0.02373	0.03862	0.02353	0.21242	0.52169	0.01241	0.01940	0.00988	0.00470	0.00703
209	0.05745	0.06407	0.02253	0.01824	0.02364	0.35243	0.01418	0.03284	0.09499	0.07928	0.01774	0.01877	0.01387	0.00868	0.00740	0.00214	0.01126	0.00608	0.00555	0.14888
210	0.02106	0.02022	0.03454	0.05223	0.64784	0.02022	0.02612	0.02612	0.01938	0.02780	0.01601	0.02106	0.01348	0.00758	0.00842	0.00253	0.01011	0.00758	0.00421	0.01348
211	0.01111	0.00837	0.00920	0.00933	0.01084	0.00762	0.00623	0.01253	0.01682	0.02128	0.10248	0.12885	0.31569	0.27657	0.02261	0.00493	0.00583	0.01626	0.00698	0.00646
212	0.01199	0.00887	0.01148	0.01260	0.01444	0.00836	0.01006	0.01505	0.01962	0.02567	0.15645	0.21487	0.17456	0.02274	0.01093	0.00340	0.00586	0.25738	0.00813	0.00754
213	0.02466	0.08080	0.23878	0.02375	0.03285	0.02187	0.15330	0.17335	0.02460	0.11522	0.01910	0.02079	0.01351	0.00866	0.00848	0.00262	0.01122	0.00762	0.00586	0.01292
214	0.03179	0.04056	0.02412	0.02192	0.02631	0.66676	0.01644	0.03398	0.02412	0.02083	0.01315	0.01535	0.01096	0.00877	0.00767	0.00219	0.01535	0.00548	0.00438	0.00987
215	0.01037	0.00808	0.00946	0.01051	0.01218	0.00717	0.00749	0.01227	0.01788	0.02248	0.06515	0.38313	0.33017	0.02414	0.01053	0.00320	0.00477	0.04605	0.00790	0.00708
216	0.02086	0.08446	0.47112	0.02311	0.03344	0.17153	0.02689	0.02850	0.01936	0.02509	0.01456	0.01709	0.01083	0.00819	0.00783	0.00252	0.01301	0.00599	0.00378	0.01184
217	0.02639	0.07512	0.18550	0.02102	0.02796	0.30898	0.01956	0.07002	0.10558	0.05428	0.01788	0.01905	0.01361	0.00905	0.00787	0.00243	0.01238	0.00646	0.00525	0.01160
218	0.01006	0.00862	0.00862	0.00862	0.01149	0.00718	0.00647	0.01221	0.01940	0.02299	0.08621	0.08190	0.64438	0.02155	0.01006	0.00287	0.00431	0.01796	0.00790	0.00718
219	0.02106	0.02022	0.03454	0.05223	0.64784	0.02022	0.02612	0.02612	0.01938	0.02780	0.01601	0.02106	0.01348	0.00758	0.00842	0.00253	0.01011	0.00758	0.00421	0.01348
220	0.09863	0.03443	0.02247	0.07049	0.02729	0.51525	0.01613	0.03118	0.02238	0.02283	0.01517	0.02078	0.01319	0.00959	0.00776	0.00239	0.01374	0.04201	0.00464	0.00965
221	0.01078	0.00865	0.00962	0.00938	0.01194	0.00749	0.00704	0.01361	0.02111	0.02704	0.28907	0.07523	0.43900	0.02004	0.01005	0.00280	0.00420	0.01702	0.00844	0.00749
222	0.01006	0.00862	0.00862	0.00862	0.01149	0.00718	0.00647	0.01221	0.01940	0.02299	0.08621	0.08190	0.64438	0.02155	0.01006	0.00287	0.00431	0.01796	0.00790	0.00718
223	0.02297	0.02423	0.01666	0.01529	0.01887	0.31602	0.01155	0.05979	0.02241	0.02600	0.03344	0.03451	0.15387	0.01197	0.00781	0.00231	0.00966	0.00899	0.19461	0.00905
224	0.02685	0.02908	0.01916	0.01737	0.02119	0.41207	0.01314	0.07398	0.02336	0.02673	0.01828	0.02086	0.01462	0.00924	0.00720	0.00215	0.01133	0.00641	0.23737	0.00961
225	0.01607	0.01513	0.02552	0.68047	0.05861	0.01891	0.02363	0.02174	0.01702	0.02174	0.01513	0.02269	0.01134	0.00851	0.00851	0.00284	0.01134	0.00756	0.00378	0.00945
226	0.03179	0.04056	0.02412	0.02192	0.02631	0.66676	0.01644	0.03398	0.02412	0.02083	0.01315	0.01535	0.01096	0.00877	0.00767	0.00219	0.01535	0.00548	0.00438	0.00987
227	0.02654	0.02887	0.02660	0.03039	0.21998	0.29845	0.01891	0.07799	0.13453	0.02819	0.01851	0.02051	0.01475	0.00901	0.00815	0.00245	0.01169	0.00706	0.00542	0.01200
228	0.02974	0.02254	0.02407	0.01905	0.02540	0.02517	0.01554	0.48553	0.17819	0.04943	0.02374	0.02307	0.01716	0.01053	0.00855	0.00263	0.00875	0.00812	0.00855	0.01424
229	0.01189	0.00914	0.01383	0.01456	0.01601	0.00869	0.05547	0.01437	0.01735	0.02302	0.04422	0.50455	0.05129	0.02445	0.01101	0.00352	0.00633	0.15521	0.00761	0.00747
230	0.03182	0.03958	0.02420	0.02179	0.02631	0.62933	0.01643	0.06820	0.02505	0.02274	0.01358	0.01564	0.01117	0.00885	0.00772	0.00221	0.01500	0.00561	0.00463	0.01013
231	0.02275	0.70604	0.04459	0.01456	0.02184	0.03367	0.01456	0.02548	0.01729	0.02002	0.01183	0.01365	0.01092	0.00728	0.00546	0.00182	0.00910	0.00455	0.00364	0.01092
232	0.02275	0.70604	0.04459	0.01456	0.02184	0.03367	0.01456	0.02548	0.01729	0.02002	0.01183	0.01365	0.01092	0.00728	0.00546	0.00182	0.00910	0.00455	0.00364	0.01092
233	0.01006	0.00862	0.00862	0.00862	0.01149	0.00718	0.00647	0.01221	0.01940	0.02299	0.08621	0.08190	0.64438	0.02155	0.01006	0.00287	0.00431	0.01796	0.00790	0.00718
234	0.01141	0.00860	0.01055	0.01022	0.01237	0.00774	0.00761	0.01477	0.02236	0.03039	0.45803	0.10780	0.22881	0.01908	0.01009	0.00278	0.00415	0.01662	0.00889	0.00774
235	0.03179	0.04056	0.02412	0.02192	0.02631	0.66676	0.01644	0.03398	0.02412	0.02083	0.01315	0.01535	0.01096	0.00877	0.00767	0.00219	0.01535	0.00548	0.00438	0.00987
236	0.01387	0.00966	0.01324	0.01294	0.01481	0.01096	0.01007	0.04719	0.01579	0.02368	0.02358	0.03245	0.02102	0.05127	0.51311	0.01098	0.01868	0.00883	0.13986	0.00801
237	0.01006	0.00862	0.00862	0.00862	0.01149	0.00718	0.00647	0.01221	0.01940	0.02299	0.08621	0.08190	0.64438	0.02155	0.01006	0.00287	0.00431	0.01796	0.00790	0.00718
238	0.03179	0.04056	0.02412	0.02192	0.02631	0.66676	0.01644	0.03398	0.02412	0.02083	0.01315	0.01535	0.01096	0.00877	0.00767	0.00219	0.01535	0.00548	0.00438	0.00987
239	0.03015	0.16146	0.02784	0.02059	0.02550	0.55174	0.01610	0.03244	0.02288	0.02068	0.01291	0.01504	0.01095	0.00850	0.00727	0.00212	0.01421	0.00531	0.00425	0.01006
240	0.02117	0.01828	0.01924	0.01732	0.02213	0.02117	0.01347	0.04522	0.63246	0.03560	0.03464	0.03175	0.02598	0.01155	0.00866	0.00289	0.00673	0.00962	0.00866	0.01347
241	0.02106	0.02022	0.03454	0.05223	0.64784	0.02022	0.02612	0.02612	0.01938	0.02780	0.01601	0.02106	0.01348	0.00758	0.00842	0.00253	0.01011	0.00758	0.00421	0.01348
