[name]
unknown

[dist]
# distance from previous block
# <min> <max>
0	2

[block]
# block no. 0 follows, 20 sequences, length 141
# corresponding to MSA columns:
# 2-142
name=unknown_A
#
# <colnr> <probs for GDERKNQSTAVLIFYWHMCP>
#	G	D	E	R	K	N	Q	S	T	A	V	L	I	F	Y	W	H	M	C	P
0	0.01794	0.20004	0.02341	0.01602	0.04896	0.01736	0.01273	0.02105	0.01737	0.06050	0.02642	0.07723	0.02592	0.06365	0.18834	0.00610	0.01229	0.10646	0.04887	0.00935
1	0.02888	0.18738	0.09775	0.02106	0.02714	0.45037	0.01811	0.03211	0.02248	0.02185	0.01342	0.01564	0.01121	0.00857	0.00741	0.00222	0.01400	0.00550	0.00424	0.01066
2	0.01100	0.00909	0.00980	0.00966	0.01251	0.00767	0.00717	0.01342	0.01992	0.02486	0.13532	0.14537	0.47929	0.02134	0.01018	0.00290	0.00458	0.01809	0.00808	0.04976
3	0.01296	0.00871	0.01049	0.01067	0.01209	0.00806	0.00723	0.01472	0.01796	0.05515	0.15472	0.23357	0.16373	0.22620	0.02081	0.00473	0.00592	0.01743	0.00765	0.00720
4	0.01632	0.01543	0.01709	0.01632	0.01816	0.11321	0.01274	0.01917	0.01561	0.02050	0.02051	0.02970	0.01901	0.05108	0.48774	0.01106	0.09488	0.00858	0.00455	0.00834
5	0.02306	0.66991	0.07225	0.01536	0.02306	0.03389	0.01569	0.02619	0.01775	0.02084	0.01228	0.01419	0.01119	0.00750	0.00572	0.00191	0.00949	0.00474	0.00373	0.01127
6	0.01297	0.00770	0.01063	0.01143	0.01178	0.00742	0.00760	0.01181	0.01399	0.01850	0.03268	0.29164	0.06539	0.06765	0.02441	0.37155	0.00647	0.01522	0.00580	0.00536
7	0.01246	0.00935	0.01402	0.01402	0.01558	0.01090	0.01090	0.01558	0.01402	0.02025	0.02336	0.03427	0.02181	0.06542	0.65888	0.01402	0.02336	0.00935	0.00467	0.00779
8	0.02323	0.02475	0.03263	0.13484	0.38623	0.16173	0.05745	0.02798	0.02063	0.02599	0.01570	0.02064	0.01290	0.00815	0.00857	0.00258	0.01198	0.00744	0.00430	0.01229
9	0.02712	0.02015	0.02183	0.01826	0.02403	0.02250	0.01459	0.22532	0.37705	0.10435	0.03076	0.02856	0.02236	0.01129	0.00882	0.00282	0.00781	0.00911	0.00902	0.01424
10	0.01241	0.00802	0.00954	0.01042	0.01099	0.00781	0.00665	0.01378	0.01540	0.02195	0.03658	0.32637	0.04136	0.28589	0.02332	0.00521	0.00622	0.01715	0.13439	0.00656
11	0.02259	0.01477	0.01547	0.01318	0.01720	0.01596	0.01046	0.22476	0.08655	0.04060	0.02659	0.02856	0.02021	0.01044	0.00728	0.00233	0.00624	0.00821	0.41763	0.01099
12	0.02173	0.01648	0.01383	0.01248	0.01572	0.12399	0.00960	0.11490	0.02296	0.03409	0.02468	0.02780	0.01925	0.01001	0.00681	0.00216	0.00695	0.00765	0.49939	0.00952
13	0.01248	0.00915	0.01209	0.01223	0.01339	0.00990	0.00885	0.01457	0.01485	0.02073	0.03402	0.13337	0.09002	0.19715	0.30630	0.00920	0.03870	0.01302	0.04283	0.00715
14	0.06079	0.02052	0.03420	0.05129	0.60578	0.02066	0.02584	0.02671	0.01959	0.02907	0.01618	0.02119	0.01358	0.00779	0.00846	0.00260	0.01017	0.00761	0.00438	0.01358
15	0.02172	0.01850	0.01948	0.01737	0.02231	0.02118	0.01355	0.07872	0.55225	0.03686	0.03773	0.03486	0.06176	0.01236	0.00895	0.00294	0.00692	0.01024	0.00882	0.01349
16	0.01031	0.00884	0.00884	0.00884	0.01178	0.00736	0.00663	0.01252	0.01988	0.02356	0.08837	0.08395	0.63549	0.02209	0.01031	0.00295	0.00442	0.01841	0.00810	0.00736
17	0.01802	0.01777	0.02798	0.31104	0.04073	0.02319	0.05722	0.02199	0.01561	0.02199	0.01362	0.02120	0.01164	0.01189	0.01870	0.00336	0.34258	0.00785	0.00388	0.00974
18	0.02350	0.02434	0.03355	0.04815	0.53277	0.13144	0.02505	0.02817	0.02071	0.02726	0.01590	0.02057	0.01337	0.00798	0.00850	0.00253	0.01129	0.00740	0.00435	0.01317
19	0.01051	0.00884	0.00911	0.00905	0.01190	0.00745	0.00678	0.01291	0.02035	0.02468	0.14193	0.08210	0.58123	0.02167	0.01031	0.00293	0.00439	0.01815	0.00825	0.00745
20	0.03258	0.04157	0.02472	0.02247	0.02697	0.65843	0.01685	0.03483	0.02472	0.02135	0.01348	0.01573	0.01124	0.00899	0.00787	0.00225	0.01573	0.00562	0.00449	0.01011
21	0.02769	0.02694	0.02257	0.02091	0.05248	0.26646	0.01553	0.06201	0.19855	0.10101	0.02670	0.02662	0.05059	0.01112	0.00974	0.00267	0.05141	0.00823	0.00684	0.01194
22	0.01264	0.00865	0.01051	0.01051	0.01086	0.00900	0.00653	0.01332	0.01298	0.01765	0.02657	0.05203	0.02952	0.55446	0.18038	0.00969	0.01176	0.01195	0.00515	0.00584
23	0.01235	0.00892	0.01166	0.01097	0.01303	0.00823	0.00823	0.01646	0.02469	0.03498	0.63443	0.06516	0.08230	0.01783	0.01029	0.00274	0.00412	0.01578	0.00960	0.00823
24	0.02244	0.01945	0.02902	0.06521	0.34140	0.02087	0.02139	0.15852	0.02335	0.03260	0.01826	0.02340	0.01510	0.01800	0.11316	0.00449	0.04728	0.00803	0.00534	0.01269
25	0.02338	0.06106	0.02563	0.02279	0.08575	0.13073	0.04755	0.02906	0.08676	0.09581	0.12429	0.02922	0.02663	0.01210	0.01314	0.00286	0.15674	0.00903	0.00633	0.01113
26	0.03258	0.04157	0.02472	0.02247	0.02697	0.65843	0.01685	0.03483	0.02472	0.02135	0.01348	0.01573	0.01124	0.00899	0.00787	0.00225	0.01573	0.00562	0.00449	0.01011
27	0.02040	0.01973	0.03430	0.18953	0.47606	0.02051	0.06030	0.02585	0.01937	0.02709	0.01628	0.02207	0.01330	0.00796	0.00875	0.00268	0.01090	0.00792	0.00423	0.01278
28	0.01851	0.15859	0.54364	0.02314	0.03509	0.02273	0.02922	0.02736	0.01830	0.02639	0.01504	0.01765	0.01107	0.00814	0.00782	0.00261	0.01227	0.00614	0.00369	0.01260
29	0.01909	0.01809	0.02953	0.04365	0.50022	0.01777	0.02231	0.02362	0.01987	0.02741	0.03233	0.03539	0.15139	0.01094	0.00901	0.00267	0.00905	0.01013	0.00515	0.01239
30	0.02006	0.01022	0.01327	0.01270	0.01570	0.00904	0.00942	0.02231	0.01999	0.22964	0.05041	0.36584	0.14428	0.02094	0.01021	0.00316	0.00574	0.01838	0.00900	0.00971
31	0.03264	0.03981	0.02487	0.02223	0.02697	0.59354	0.01683	0.09394	0.02639	0.02480	0.01425	0.01627	0.01161	0.00914	0.00795	0.00229	0.01510	0.00585	0.00493	0.01060
32	0.02450	0.06120	0.02148	0.01673	0.02164	0.16294	0.01330	0.21305	0.02889	0.03646	0.19040	0.03500	0.06862	0.01242	0.00873	0.00246	0.00897	0.00979	0.00747	0.05594
33	0.01854	0.08019	0.47945	0.02689	0.03855	0.02153	0.15845	0.02760	0.01885	0.02726	0.01588	0.01928	0.01154	0.00803	0.00857	0.00275	0.01308	0.00719	0.00385	0.01254
34	0.01750	0.04512	0.64825	0.02486	0.03775	0.02026	0.03223	0.02762	0.01842	0.02762	0.01565	0.01842	0.01105	0.00829	0.00829	0.00276	0.01289	0.00645	0.00368	0.01289
35	0.01455	0.01155	0.01657	0.02149	0.15177	0.01139	0.01243	0.04967	0.01838	0.02497	0.03742	0.43793	0.04288	0.08987	0.01383	0.00378	0.00684	0.01883	0.00701	0.00884
36	0.02057	0.06622	0.20374	0.04348	0.43915	0.02139	0.02759	0.02697	0.01934	0.02780	0.01596	0.02029	0.01291	0.00790	0.00837	0.00260	0.01100	0.00723	0.00411	0.01341
37	0.01064	0.00885	0.00930	0.00919	0.01199	0.00751	0.00689	0.01316	0.02067	0.02544	0.17790	0.08087	0.54479	0.02139	0.01031	0.00291	0.00437	0.01798	0.00835	0.00751
38	0.01095	0.00850	0.00998	0.01038	0.01237	0.00752	0.00749	0.01348	0.02027	0.02629	0.22512	0.25371	0.31780	0.02245	0.01054	0.00306	0.00452	0.01954	0.00851	0.00752
39	0.02685	0.03176	0.02176	0.02005	0.02394	0.44025	0.01518	0.03192	0.09274	0.02289	0.01826	0.02181	0.01539	0.02181	0.15205	0.00494	0.01638	0.00694	0.00505	0.01003
40	0.01750	0.04512	0.64825	0.02486	0.03775	0.02026	0.03223	0.02762	0.01842	0.02762	0.01565	0.01842	0.01105	0.00829	0.00829	0.00276	0.01289	0.00645	0.00368	0.01289
41	0.03194	0.04035	0.02535	0.02430	0.06291	0.62098	0.01744	0.03436	0.02443	0.02177	0.01365	0.01607	0.01139	0.00892	0.00791	0.00227	0.01542	0.00574	0.00448	0.01033
42	0.02328	0.02392	0.03377	0.04877	0.54513	0.11856	0.02525	0.02801	0.02061	0.02740	0.01596	0.02069	0.01342	0.00796	0.00852	0.00254	0.01119	0.00744	0.00434	0.01325
43	0.01247	0.00929	0.01374	0.01374	0.01521	0.01075	0.01056	0.01540	0.01394	0.02005	0.02362	0.03566	0.02241	0.10371	0.62141	0.01368	0.02246	0.00955	0.00471	0.00764
44	0.01498	0.00977	0.01232	0.01185	0.01429	0.00910	0.00880	0.01938	0.05659	0.09295	0.34088	0.20647	0.12994	0.01946	0.01025	0.00296	0.00487	0.01712	0.00916	0.00886
45	0.02982	0.02246	0.02439	0.01849	0.02564	0.02364	0.01520	0.47983	0.03594	0.04910	0.01974	0.02031	0.01441	0.00958	0.00822	0.00232	0.00890	0.00726	0.00794	0.17681
46	0.01908	0.01908	0.02672	0.02290	0.02290	0.02672	0.01908	0.02099	0.01336	0.02099	0.01145	0.01908	0.01145	0.01527	0.02863	0.00382	0.67748	0.00763	0.00382	0.00954
47	0.02992	0.02060	0.02281	0.01849	0.02461	0.02245	0.01506	0.32973	0.20538	0.14219	0.02845	0.02927	0.02095	0.01155	0.00893	0.00279	0.00840	0.03511	0.00907	0.01422
48	0.01094	0.00888	0.00964	0.00991	0.01244	0.00772	0.00750	0.01331	0.01970	0.02415	0.11247	0.11469	0.48429	0.05298	0.01209	0.00333	0.00499	0.07555	0.00806	0.00738
49	0.03810	0.01651	0.02127	0.01631	0.02310	0.01529	0.01347	0.14103	0.02775	0.54262	0.03207	0.02817	0.02042	0.01074	0.00876	0.00268	0.00780	0.00861	0.01044	0.01484
50	0.01069	0.00883	0.00922	0.00914	0.01182	0.00753	0.00676	0.01302	0.02010	0.02464	0.15314	0.08020	0.53499	0.05675	0.01209	0.00321	0.00459	0.01778	0.00814	0.00736
51	0.01087	0.00802	0.01018	0.01141	0.01258	0.00733	0.00788	0.01295	0.01860	0.02468	0.15635	0.48271	0.15473	0.02484	0.01085	0.00331	0.00479	0.02221	0.00836	0.00733
52	0.02103	0.01415	0.01673	0.01538	0.01932	0.01489	0.01209	0.03354	0.27967	0.13923	0.14581	0.11106	0.04168	0.01573	0.00971	0.00306	0.00644	0.07967	0.00916	0.01163
53	0.03914	0.01484	0.02024	0.01552	0.02227	0.01282	0.01282	0.04251	0.02497	0.64507	0.03441	0.02969	0.02159	0.01080	0.00877	0.00270	0.00742	0.00877	0.01080	0.01484
54	0.01068	0.00781	0.01005	0.01168	0.01257	0.00718	0.00793	0.01242	0.01752	0.02311	0.08476	0.58122	0.12863	0.02618	0.01099	0.00343	0.00493	0.02354	0.00818	0.00718
55	0.62973	0.01818	0.01514	0.01296	0.01864	0.02087	0.01069	0.12709	0.01939	0.04189	0.01367	0.01535	0.01038	0.00851	0.00598	0.00268	0.00724	0.00527	0.00598	0.01038
56	0.01031	0.00884	0.00884	0.00884	0.01178	0.00736	0.00663	0.01252	0.01988	0.02356	0.08837	0.08395	0.63549	0.02209	0.01031	0.00295	0.00442	0.01841	0.00810	0.00736
57	0.01777	0.01890	0.03869	0.02921	0.03524	0.01823	0.40868	0.02321	0.01910	0.02598	0.02562	0.20518	0.02531	0.01329	0.01160	0.00316	0.05099	0.01411	0.00539	0.01035
58	0.02510	0.01880	0.02057	0.01782	0.02313	0.02099	0.01420	0.14213	0.42295	0.10400	0.03349	0.03409	0.02543	0.01221	0.00902	0.00293	0.00749	0.04290	0.00901	0.01376
59	0.02945	0.01933	0.02169	0.01754	0.02338	0.02074	0.01411	0.27643	0.19497	0.17715	0.05913	0.02975	0.02365	0.03916	0.01031	0.00297	0.00806	0.00920	0.00913	0.01383
60	0.01268	0.00846	0.00951	0.00951	0.00951	0.00846	0.00529	0.01268	0.01268	0.01691	0.02748	0.05708	0.03171	0.69345	0.04440	0.00846	0.00846	0.01268	0.00529	0.00529
61	0.01595	0.01449	0.02189	0.23562	0.03237	0.01868	0.01764	0.01938	0.01486	0.02096	0.01715	0.02709	0.01568	0.06865	0.20151	0.00669	0.22992	0.00847	0.00417	0.00883
62	0.02322	0.02593	0.06388	0.11430	0.37147	0.16172	0.02387	0.02915	0.05334	0.02659	0.01665	0.02091	0.01354	0.00840	0.00847	0.00258	0.01164	0.00734	0.00452	0.01247
63	0.01139	0.00813	0.01099	0.01301	0.01385	0.00774	0.00942	0.01346	0.01745	0.02312	0.04766	0.55733	0.05603	0.02661	0.01134	0.00365	0.00572	0.14773	0.00808	0.00729
64	0.13871	0.01776	0.02759	0.32366	0.27866	0.01993	0.02281	0.02458	0.01796	0.02745	0.01531	0.02113	0.01213	0.00825	0.00815	0.00275	0.01034	0.00727	0.00430	0.01126
65	0.01678	0.01582	0.02673	0.63474	0.09538	0.01946	0.02438	0.02256	0.01759	0.02267	0.01556	0.02315	0.01176	0.00866	0.00872	0.00289	0.01155	0.00775	0.00390	0.00994
66	0.01386	0.00941	0.01204	0.01273	0.01418	0.00912	0.00916	0.04971	0.01949	0.04883	0.12525	0.40086	0.05357	0.09709	0.01454	0.00394	0.00600	0.08419	0.00813	0.00790
67	0.02216	0.02158	0.03327	0.04833	0.54536	0.05302	0.02495	0.02917	0.08156	0.02895	0.01820	0.02241	0.01499	0.00825	0.00862	0.00261	0.01028	0.00788	0.00479	0.01363
68	0.01288	0.00951	0.01114	0.01139	0.01283	0.00939	0.00778	0.04068	0.04545	0.02340	0.07037	0.25550	0.15666	0.22832	0.06029	0.00545	0.00733	0.01715	0.00716	0.00734
69	0.01268	0.00846	0.00951	0.00951	0.00951	0.00846	0.00529	0.01268	0.01268	0.01691	0.02748	0.05708	0.03171	0.69345	0.04440	0.00846	0.00846	0.01268	0.00529	0.00529
70	0.01824	0.01256	0.01778	0.16161	0.05973	0.01296	0.01478	0.02319	0.05434	0.12056	0.04301	0.13006	0.13769	0.01710	0.01003	0.00319	0.00781	0.13812	0.00741	0.00986
71	0.01264	0.00865	0.01050	0.01050	0.01085	0.00899	0.00652	0.01332	0.01298	0.01765	0.02658	0.05206	0.02953	0.55530	0.17956	0.00968	0.01174	0.01195	0.00515	0.00584
72	0.01647	0.01550	0.02616	0.67248	0.06008	0.01938	0.02422	0.02229	0.01744	0.02229	0.01550	0.02326	0.01163	0.00872	0.00872	0.00291	0.01163	0.00775	0.00388	0.00969
73	0.01870	0.01641	0.02109	0.01997	0.12803	0.01321	0.01319	0.02280	0.01840	0.02844	0.01566	0.01870	0.01308	0.00669	0.00684	0.00152	0.00714	0.00562	0.00502	0.61952
74	0.01367	0.01027	0.01239	0.01247	0.01390	0.01096	0.00866	0.01905	0.12012	0.02245	0.03474	0.18263	0.05797	0.26832	0.16581	0.00747	0.01061	0.01425	0.00648	0.00778
75	0.01069	0.00781	0.01006	0.01170	0.01257	0.00718	0.00794	0.01244	0.01754	0.02316	0.08722	0.58182	0.12544	0.02617	0.01099	0.00343	0.00493	0.02353	0.00819	0.00718
76	0.01779	0.01519	0.01777	0.01289	0.02036	0.01145	0.01025	0.02158	0.01803	0.02818	0.01679	0.04451	0.01469	0.00728	0.00664	0.00138	0.00640	0.00594	0.00528	0.71759
77	0.02104	0.20981	0.03023	0.02137	0.08508	0.09607	0.04932	0.05416	0.02005	0.02490	0.05354	0.03144	0.12638	0.01223	0.01164	0.00265	0.12539	0.00902	0.00522	0.01046
78	0.01653	0.01220	0.01388	0.01237	0.01527	0.01221	0.00925	0.14619	0.02495	0.03351	0.26141	0.08513	0.16693	0.13275	0.01580	0.00377	0.00617	0.01441	0.00831	0.00897
79	0.01263	0.00819	0.00940	0.00994	0.01058	0.00798	0.00625	0.01386	0.01511	0.02140	0.03638	0.22188	0.06926	0.36188	0.02708	0.00574	0.00658	0.01542	0.13407	0.00637
80	0.75506	0.01687	0.01282	0.01147	0.01687	0.01957	0.00945	0.02564	0.01484	0.03914	0.01215	0.01417	0.00945	0.00810	0.00540	0.00270	0.00675	0.00472	0.00540	0.00945
81	0.01073	0.00809	0.00993	0.01108	0.01245	0.00729	0.00770	0.01272	0.01847	0.02403	0.12376	0.44904	0.22349	0.02481	0.01081	0.00329	0.00478	0.02200	0.00826	0.00729
82	0.01346	0.01103	0.01224	0.01243	0.01520	0.01097	0.00941	0.02102	0.16214	0.02659	0.06252	0.20856	0.30215	0.02104	0.01033	0.00319	0.00552	0.07504	0.00828	0.00890
83	0.02436	0.02006	0.02122	0.01829	0.02370	0.02294	0.01445	0.17730	0.48799	0.04078	0.03212	0.02985	0.02389	0.01152	0.00884	0.00288	0.00753	0.00940	0.00884	0.01405
84	0.03316	0.02443	0.02618	0.02007	0.02705	0.02705	0.01658	0.60995	0.04101	0.05497	0.02094	0.02094	0.01483	0.01047	0.00873	0.00262	0.00960	0.00785	0.00873	0.01483
85	0.01790	0.00971	0.00988	0.00929	0.01180	0.00996	0.00711	0.07742	0.02049	0.03469	0.02773	0.03140	0.02163	0.01019	0.00635	0.00209	0.00460	0.00810	0.67088	0.00878
86	0.02898	0.02135	0.02293	0.01811	0.02377	0.02353	0.01447	0.47566	0.06770	0.04736	0.02287	0.02785	0.01840	0.12912	0.01493	0.00365	0.00925	0.00880	0.00814	0.01312
87	0.01265	0.00861	0.01030	0.01030	0.01057	0.00888	0.00626	0.01319	0.01292	0.01749	0.02677	0.05312	0.02999	0.58441	0.15108	0.00942	0.01104	0.01211	0.00518	0.00572
88	0.01063	0.00759	0.01012	0.01215	0.01265	0.00709	0.00810	0.01215	0.01670	0.02227	0.04808	0.68775	0.05769	0.02733	0.01113	0.00354	0.00506	0.02480	0.00810	0.00709
89	0.01246	0.00935	0.01402	0.01402	0.01558	0.01090	0.01090	0.01558	0.01402	0.02025	0.02336	0.03427	0.02181	0.06542	0.65888	0.01402	0.02336	0.00935	0.00467	0.00779
90	0.01118	0.00818	0.01053	0.01159	0.01285	0.00753	0.00818	0.01356	0.01933	0.02596	0.20932	0.42836	0.13230	0.02405	0.01084	0.00328	0.00484	0.04217	0.00850	0.00746
91	0.01908	0.01908	0.02672	0.02290	0.02290	0.02672	0.01908	0.02099	0.01336	0.02099	0.01145	0.01908	0.01145	0.01527	0.02863	0.00382	0.67748	0.00763	0.00382	0.00954
92	0.03246	0.02785	0.02217	0.01916	0.02450	0.30902	0.01487	0.03982	0.15140	0.23201	0.02510	0.02393	0.01794	0.01019	0.00838	0.00255	0.01110	0.00756	0.00752	0.01247
93	0.01115	0.00797	0.01073	0.01275	0.01348	0.00754	0.00901	0.01306	0.01722	0.02286	0.04779	0.59733	0.05654	0.02683	0.01127	0.00362	0.00552	0.11003	0.00809	0.00723
94	0.01285	0.00992	0.01476	0.01454	0.01601	0.01183	0.01138	0.01589	0.01398	0.02029	0.02266	0.03338	0.02120	0.06248	0.62186	0.01342	0.06178	0.00925	0.00462	0.00789
95	0.01133	0.00835	0.01077	0.01244	0.01370	0.00779	0.00916	0.01352	0.01800	0.02334	0.05465	0.45250	0.15635	0.02570	0.01119	0.00354	0.00561	0.14663	0.00808	0.00734
96	0.03316	0.02443	0.02618	0.02007	0.02705	0.02705	0.01658	0.60995	0.04101	0.05497	0.02094	0.02094	0.01483	0.01047	0.00873	0.00262	0.00960	0.00785	0.00873	0.01483
97	0.01647	0.01550	0.02616	0.67248	0.06008	0.01938	0.02422	0.02229	0.01744	0.02229	0.01550	0.02326	0.01163	0.00872	0.00872	0.00291	0.01163	0.00775	0.00388	0.00969
98	0.02846	0.03754	0.11906	0.02813	0.13565	0.41855	0.02085	0.06309	0.02381	0.02533	0.01472	0.01743	0.01185	0.00875	0.00811	0.00240	0.01404	0.00624	0.00457	0.01142
99	0.02533	0.02637	0.02139	0.01933	0.02411	0.23448	0.01483	0.04250	0.42325	0.03143	0.02814	0.02693	0.02148	0.01088	0.00854	0.00272	0.00985	0.00844	0.00741	0.01257
100	0.01031	0.00884	0.00884	0.00884	0.01178	0.00736	0.00663	0.01252	0.01988	0.02356	0.08837	0.08395	0.63549	0.02209	0.01031	0.00295	0.00442	0.01841	0.00810	0.00736
101	0.07447	0.02487	0.02534	0.01970	0.02646	0.05850	0.01618	0.54745	0.03869	0.05237	0.02006	0.02029	0.01434	0.01026	0.00849	0.00260	0.00974	0.00756	0.00832	0.01429
102	0.02154	0.02108	0.03401	0.11525	0.55397	0.04778	0.02609	0.02666	0.01982	0.02756	0.01619	0.02151	0.01348	0.00792	0.00861	0.00261	0.01072	0.00768	0.00428	0.01324
103	0.01075	0.00764	0.01009	0.01199	0.01247	0.00717	0.00793	0.01218	0.01646	0.02195	0.04687	0.65071	0.05617	0.06645	0.01309	0.00383	0.00526	0.02409	0.00793	0.00698
104	0.01051	0.00890	0.00912	0.00923	0.01212	0.00751	0.00703	0.01282	0.01989	0.02370	0.08608	0.08473	0.60372	0.02220	0.01040	0.00300	0.00461	0.04891	0.00810	0.00740
105	0.01847	0.01999	0.03859	0.02885	0.03470	0.02054	0.37287	0.02373	0.01887	0.02564	0.02855	0.03304	0.12088	0.01166	0.01435	0.00314	0.15959	0.01111	0.00492	0.01051
106	0.01063	0.00759	0.01012	0.01215	0.01265	0.00709	0.00810	0.01215	0.01670	0.02227	0.04808	0.68775	0.05769	0.02733	0.01113	0.00354	0.00506	0.02480	0.00810	0.00709
107	0.02637	0.06513	0.06078	0.02270	0.08662	0.30467	0.01688	0.02973	0.02113	0.09372	0.01842	0.02209	0.01501	0.02144	0.15202	0.00495	0.01541	0.00702	0.00515	0.01074
108	0.01282	0.01580	0.12505	0.01667	0.02031	0.01091	0.07323	0.01646	0.01758	0.02385	0.04166	0.46933	0.07815	0.02169	0.01051	0.00331	0.00737	0.01977	0.00696	0.00859
109	0.01970	0.01966	0.06344	0.04371	0.46948	0.01834	0.02425	0.02489	0.01983	0.02792	0.02296	0.03842	0.02172	0.01141	0.00937	0.00292	0.00998	0.13441	0.00511	0.01249
110	0.02278	0.14771	0.24101	0.02535	0.06457	0.02494	0.11617	0.15583	0.02341	0.03214	0.01631	0.01923	0.01243	0.00888	0.00949	0.00266	0.05222	0.00720	0.00496	0.01269
111	0.02495	0.02100	0.02252	0.02145	0.09097	0.08240	0.01544	0.26005	0.06206	0.03764	0.02687	0.03547	0.05255	0.05355	0.01106	0.00300	0.00929	0.07563	0.00714	0.08696
112	0.02852	0.17266	0.02974	0.02159	0.05972	0.23771	0.01685	0.08309	0.02247	0.10513	0.01638	0.01855	0.01308	0.01005	0.01122	0.00255	0.12731	0.00650	0.00540	0.01150
113	0.02532	0.03941	0.22947	0.02187	0.02899	0.38091	0.02090	0.03017	0.02214	0.02365	0.02183	0.02357	0.07475	0.01009	0.00825	0.00249	0.01364	0.00719	0.00459	0.01075
114	0.02164	0.03023	0.26642	0.11409	0.19652	0.05254	0.02589	0.06320	0.05459	0.06531	0.01825	0.02134	0.01358	0.00872	0.00850	0.00271	0.01135	0.00733	0.00492	0.01287
115	0.75506	0.01687	0.01282	0.01147	0.01687	0.01957	0.00945	0.02564	0.01484	0.03914	0.01215	0.01417	0.00945	0.00810	0.00540	0.00270	0.00675	0.00472	0.00540	0.00945
116	0.01067	0.00879	0.00938	0.00937	0.01204	0.00750	0.00698	0.01317	0.02054	0.02545	0.17960	0.11122	0.51183	0.02163	0.01035	0.00294	0.00440	0.01828	0.00836	0.00750
117	0.27708	0.01439	0.01354	0.01176	0.01607	0.01570	0.00944	0.12858	0.02146	0.06682	0.02172	0.02394	0.01649	0.00953	0.00645	0.00240	0.00614	0.00693	0.32148	0.01009
118	0.02505	0.02795	0.02344	0.05921	0.05898	0.31067	0.01664	0.06380	0.04916	0.02595	0.08199	0.02673	0.05229	0.01180	0.01203	0.00272	0.12756	0.00824	0.00549	0.01031
119	0.01682	0.01543	0.01883	0.02250	0.15368	0.07764	0.01377	0.02096	0.05261	0.02298	0.02969	0.03893	0.09139	0.14114	0.23717	0.00749	0.01415	0.01024	0.00532	0.00925
120	0.01142	0.00888	0.01038	0.01001	0.01247	0.00784	0.00751	0.01468	0.02252	0.02982	0.38751	0.07365	0.33244	0.01976	0.01030	0.00283	0.00425	0.01697	0.00892	0.00784
121	0.08472	0.36317	0.03503	0.02163	0.12883	0.05546	0.01604	0.02873	0.01957	0.11984	0.04090	0.01983	0.01591	0.00856	0.00689	0.00224	0.00910	0.00632	0.00532	0.01190
122	0.01918	0.13530	0.40046	0.02658	0.03759	0.02283	0.18324	0.02749	0.01889	0.02667	0.01567	0.01913	0.01165	0.00792	0.00843	0.00268	0.01285	0.00721	0.00388	0.01234
123	0.01282	0.00964	0.01233	0.01367	0.01599	0.00915	0.01160	0.01623	0.02001	0.02526	0.06015	0.09361	0.24392	0.02343	0.01147	0.00366	0.00684	0.39434	0.00805	0.00781
124	0.01246	0.00935	0.01402	0.01402	0.01558	0.01090	0.01090	0.01558	0.01402	0.02025	0.02336	0.03427	0.02181	0.06542	0.65888	0.01402	0.02336	0.00935	0.00467	0.00779
125	0.02140	0.02184	0.06340	0.05223	0.61156	0.02070	0.02702	0.02681	0.01980	0.02846	0.01637	0.02144	0.01369	0.00780	0.00862	0.00260	0.01048	0.00771	0.00429	0.01377
126	0.02018	0.02657	0.19928	0.07341	0.26642	0.02079	0.02451	0.03219	0.18740	0.03010	0.02146	0.02387	0.01649	0.00910	0.00861	0.00276	0.01017	0.00799	0.00539	0.01331
127	0.01869	0.18887	0.30071	0.06074	0.03318	0.02306	0.09069	0.02534	0.01771	0.02454	0.01567	0.02002	0.01256	0.01461	0.08002	0.00386	0.04745	0.00692	0.00390	0.01145
128	0.01873	0.15727	0.51037	0.02469	0.06773	0.02276	0.02893	0.02732	0.01837	0.02644	0.01508	0.01782	0.01122	0.00812	0.00784	0.00260	0.01214	0.00621	0.00373	0.01265
129	0.01929	0.01712	0.05352	0.01374	0.02172	0.01218	0.01171	0.02349	0.01851	0.06459	0.01662	0.01879	0.01332	0.00682	0.00670	0.00146	0.00688	0.00545	0.00542	0.66268
130	0.02420	0.18044	0.12755	0.05640	0.13750	0.10176	0.02106	0.12895	0.02266	0.02929	0.01522	0.01839	0.01233	0.00921	0.00986	0.00256	0.07902	0.00661	0.00481	0.01219
131	0.02332	0.69869	0.04571	0.01493	0.02239	0.03451	0.01493	0.02612	0.01772	0.02052	0.01213	0.01399	0.01119	0.00746	0.00560	0.00187	0.00933	0.00466	0.00373	0.01119
132	0.01247	0.00930	0.01378	0.01378	0.01525	0.01077	0.01060	0.01542	0.01395	0.02007	0.02358	0.03549	0.02234	0.09899	0.62604	0.01372	0.02257	0.00952	0.00471	0.00765
133	0.01194	0.00900	0.01081	0.01143	0.01319	0.00835	0.00813	0.04310	0.02007	0.02626	0.14917	0.38635	0.22304	0.02352	0.01065	0.00320	0.00496	0.02073	0.00836	0.00773
134	0.02103	0.02321	0.01782	0.01718	0.01976	0.29575	0.01274	0.02332	0.01913	0.02090	0.02352	0.14079	0.02391	0.06801	0.22588	0.00671	0.01601	0.01057	0.00522	0.00856
135	0.01063	0.00759	0.01012	0.01215	0.01265	0.00709	0.00810	0.01215	0.01670	0.02227	0.04808	0.68775	0.05769	0.02733	0.01113	0.00354	0.00506	0.02480	0.00810	0.00709
136	0.01681	0.01418	0.01924	0.13302	0.09311	0.01548	0.01524	0.02699	0.19095	0.03087	0.19578	0.07949	0.04204	0.01463	0.00967	0.00300	0.00737	0.07397	0.00757	0.01059
137	0.02161	0.02292	0.02854	0.34484	0.22164	0.16422	0.02330	0.02643	0.01979	0.02389	0.01531	0.02107	0.01218	0.00850	0.00850	0.00267	0.01219	0.00728	0.00414	0.01099
138	0.02402	0.02534	0.03304	0.04667	0.50358	0.16185	0.02458	0.02855	0.02094	0.02692	0.01576	0.02029	0.01325	0.00804	0.00847	0.00251	0.01155	0.00730	0.00436	0.01300
139	0.06129	0.01519	0.01913	0.02039	0.12595	0.01502	0.01341	0.06211	0.11814	0.13398	0.10842	0.04279	0.16226	0.01334	0.00897	0.00270	0.00685	0.01123	0.00792	0.05092
140	0.02148	0.01404	0.01610	0.01413	0.01718	0.01456	0.01034	0.20748	0.02397	0.09436	0.03088	0.18940	0.03130	0.24955	0.02157	0.00485	0.00793	0.01355	0.00761	0.00975

[dist]
# distance from previous block
# <min> <max>
0	3

# created by:
# /home/cegg/simao/soft/augustus-3.2.1/scripts/msa2prfl.pl ./align_prep/15024.fa
