[name]
unknown

[dist]
# distance from previous block
# <min> <max>
0	0

[block]
# block no. 0 follows, 23 sequences, length 25
# corresponding to MSA columns:
# 0-24
name=unknown_A
#
# <colnr> <probs for GDERKNQSTAVLIFYWHMCP>
#	G	D	E	R	K	N	Q	S	T	A	V	L	I	F	Y	W	H	M	C	P
0	0.01308	0.00934	0.01308	0.01494	0.01681	0.00934	0.01308	0.01681	0.01868	0.02428	0.04296	0.09153	0.04670	0.02242	0.01121	0.00374	0.00747	0.60960	0.00747	0.00747
1	0.03031	0.03867	0.02299	0.02090	0.02508	0.68226	0.01568	0.03240	0.02299	0.01986	0.01254	0.01463	0.01045	0.00836	0.00732	0.00209	0.01463	0.00523	0.00418	0.00941
2	0.00963	0.00806	0.00838	0.00864	0.01107	0.00681	0.00635	0.01160	0.01809	0.02176	0.07708	0.16430	0.57801	0.02122	0.00969	0.00282	0.00419	0.01794	0.00753	0.00681
3	0.01797	0.01454	0.01579	0.01448	0.01814	0.01591	0.01107	0.12514	0.31581	0.03187	0.04038	0.19681	0.11677	0.01554	0.00892	0.00283	0.00609	0.01327	0.00796	0.01069
4	0.02520	0.02897	0.02797	0.03536	0.34472	0.35070	0.02029	0.02865	0.02073	0.02318	0.01390	0.01736	0.01165	0.00780	0.00767	0.00225	0.01214	0.00623	0.00410	0.01113
5	0.01156	0.00841	0.01111	0.01125	0.01203	0.00894	0.00786	0.01328	0.01445	0.02007	0.11424	0.17617	0.03724	0.26340	0.21808	0.00758	0.03879	0.01332	0.00576	0.00646
6	0.01104	0.00768	0.00927	0.00979	0.01032	0.00738	0.00618	0.01210	0.01480	0.01986	0.11924	0.26594	0.07222	0.36853	0.02568	0.00545	0.00614	0.01604	0.00641	0.00591
7	0.00988	0.00739	0.00919	0.01052	0.01159	0.00670	0.00721	0.01155	0.01656	0.02150	0.07985	0.53157	0.19922	0.02389	0.01014	0.00313	0.00453	0.02130	0.00759	0.00670
8	0.01091	0.00806	0.00806	0.00806	0.01060	0.00702	0.00605	0.01337	0.01814	0.02390	0.06893	0.06670	0.50852	0.01791	0.00866	0.00254	0.00403	0.01485	0.18665	0.00702
9	0.01256	0.00836	0.00890	0.00880	0.01006	0.00821	0.00576	0.01506	0.04706	0.02142	0.03802	0.05172	0.15933	0.36561	0.02449	0.00511	0.00603	0.01177	0.18538	0.00636
10	0.01030	0.00736	0.00917	0.01043	0.01102	0.00691	0.00680	0.01145	0.01497	0.01969	0.04404	0.49660	0.10823	0.18294	0.01737	0.00429	0.00537	0.01990	0.00693	0.00623
11	0.02007	0.01617	0.01789	0.01377	0.01993	0.01515	0.01107	0.19362	0.08163	0.03342	0.02681	0.02718	0.10229	0.00950	0.00730	0.00190	0.00660	0.00759	0.00642	0.38167
12	0.01312	0.01188	0.01166	0.01216	0.01368	0.09941	0.00864	0.01514	0.01763	0.02214	0.13460	0.35501	0.11613	0.05294	0.07330	0.00405	0.00757	0.01689	0.00688	0.00716
13	0.01251	0.01028	0.01099	0.01033	0.01336	0.00985	0.00788	0.04428	0.11757	0.02708	0.18293	0.06482	0.42246	0.01785	0.00932	0.00269	0.00462	0.01500	0.00794	0.00823
14	0.01032	0.00725	0.00929	0.01074	0.01110	0.00688	0.00693	0.01141	0.01468	0.01957	0.04033	0.55909	0.04813	0.18342	0.01745	0.00434	0.00543	0.02049	0.00693	0.00621
15	0.01100	0.00779	0.00990	0.01120	0.01183	0.00751	0.00742	0.03558	0.01582	0.02110	0.04072	0.57909	0.04831	0.13379	0.01516	0.00398	0.00537	0.02068	0.00714	0.00660
16	0.02148	0.02193	0.03158	0.04586	0.57695	0.10980	0.02364	0.02593	0.01909	0.02560	0.01489	0.01934	0.01253	0.00738	0.00794	0.00237	0.01032	0.00696	0.00404	0.01238
17	0.01498	0.01360	0.01540	0.01668	0.07500	0.10230	0.01121	0.01736	0.01465	0.01906	0.02065	0.03270	0.02011	0.18025	0.39897	0.00952	0.01686	0.00871	0.00441	0.00759
18	0.01579	0.01162	0.01305	0.01075	0.01542	0.00978	0.00844	0.05747	0.01988	0.08573	0.07853	0.04968	0.33037	0.01415	0.00824	0.00221	0.00526	0.01170	0.00702	0.24490
19	0.02258	0.02277	0.17452	0.01762	0.02437	0.01820	0.01674	0.11440	0.26491	0.13383	0.02663	0.05957	0.02017	0.01047	0.00812	0.00260	0.00805	0.00857	0.00721	0.03867
20	0.01728	0.01545	0.01880	0.25277	0.07368	0.11841	0.01505	0.01857	0.01530	0.01850	0.01561	0.05673	0.01432	0.01650	0.01694	0.28778	0.00961	0.00765	0.00389	0.00716
21	0.02065	0.08912	0.10185	0.03274	0.31868	0.14960	0.02063	0.02499	0.01829	0.02337	0.01516	0.01963	0.01288	0.01480	0.09970	0.00375	0.01245	0.00663	0.00398	0.01109
22	0.20030	0.05981	0.16295	0.02153	0.02871	0.17145	0.16419	0.02737	0.01839	0.05325	0.01434	0.01700	0.01086	0.00767	0.00733	0.00245	0.01128	0.00631	0.00441	0.01039
23	0.01061	0.00778	0.01032	0.01111	0.01219	0.00769	0.00786	0.01267	0.01597	0.02165	0.12540	0.35589	0.10344	0.07968	0.17237	0.00578	0.00880	0.01717	0.00679	0.00680
24	0.02004	0.02224	0.01604	0.01485	0.01828	0.29652	0.01120	0.05381	0.04312	0.02314	0.06360	0.07077	0.25605	0.01618	0.03591	0.00288	0.00966	0.01110	0.00608	0.00854

[dist]
# distance from previous block
# <min> <max>
0	1

[block]
# block no. 1 follows, 23 sequences, length 8
# corresponding to MSA columns:
# 26-33
name=unknown_B
#
# <colnr> <probs for GDERKNQSTAVLIFYWHMCP>
#	G	D	E	R	K	N	Q	S	T	A	V	L	I	F	Y	W	H	M	C	P
0	0.01593	0.17293	0.02365	0.01598	0.01819	0.02002	0.01352	0.01839	0.01362	0.01912	0.01568	0.02290	0.01484	0.03311	0.31084	0.00732	0.24438	0.00718	0.00388	0.00851
1	0.11070	0.21388	0.05396	0.01488	0.01976	0.24403	0.01279	0.02583	0.01852	0.02422	0.01531	0.01768	0.01258	0.00810	0.00612	0.00202	0.00945	0.00545	0.17541	0.00931
2	0.02034	0.02015	0.01692	0.05951	0.02072	0.23086	0.01200	0.05031	0.06645	0.05853	0.24367	0.03936	0.10272	0.01275	0.00852	0.00244	0.00840	0.01033	0.00685	0.00916
3	0.01086	0.00795	0.00987	0.01007	0.01142	0.00746	0.00705	0.01312	0.01797	0.02430	0.27372	0.21114	0.15524	0.14373	0.05558	0.00431	0.00585	0.01617	0.00740	0.00677
4	0.01402	0.00934	0.01290	0.01504	0.08058	0.00877	0.00943	0.01618	0.01742	0.08645	0.13305	0.36482	0.07505	0.10206	0.01341	0.00353	0.00565	0.01706	0.00731	0.00793
5	0.01161	0.00942	0.01310	0.01681	0.11832	0.00881	0.01007	0.01392	0.01727	0.02286	0.09677	0.40257	0.18649	0.02065	0.00974	0.00297	0.00531	0.01847	0.00707	0.00776
6	0.06082	0.02579	0.02125	0.16276	0.02947	0.32901	0.01587	0.08983	0.02105	0.02397	0.01511	0.01938	0.01241	0.01700	0.11791	0.00407	0.01397	0.00639	0.00454	0.00940
7	0.02320	0.13561	0.02615	0.02362	0.16672	0.12681	0.01582	0.15772	0.06036	0.02984	0.01777	0.02042	0.01434	0.01211	0.05433	0.00296	0.01017	0.00671	0.08420	0.01116

[dist]
# distance from previous block
# <min> <max>
1	2

[block]
# block no. 2 follows, 23 sequences, length 11
# corresponding to MSA columns:
# 36-46
name=unknown_C
#
# <colnr> <probs for GDERKNQSTAVLIFYWHMCP>
#	G	D	E	R	K	N	Q	S	T	A	V	L	I	F	Y	W	H	M	C	P
0	0.02184	0.02060	0.02662	0.17950	0.29682	0.10818	0.02031	0.12487	0.02171	0.02863	0.01615	0.02027	0.01277	0.00813	0.00781	0.00240	0.01006	0.00699	0.05496	0.01135
1	0.41353	0.16014	0.01747	0.01081	0.01557	0.01813	0.00924	0.02093	0.01589	0.02961	0.06605	0.02931	0.14612	0.01062	0.00627	0.00240	0.00618	0.00761	0.00545	0.00866
2	0.01521	0.01071	0.04406	0.01172	0.01474	0.00851	0.00924	0.01782	0.01839	0.13307	0.11348	0.32471	0.16691	0.01892	0.00937	0.00282	0.00530	0.01658	0.00776	0.05070
3	0.01340	0.01097	0.01649	0.06031	0.18711	0.01095	0.01247	0.01579	0.01600	0.02188	0.06563	0.31386	0.03661	0.16248	0.01600	0.00394	0.00698	0.01513	0.00591	0.00811
4	0.02068	0.02181	0.02251	0.06133	0.22684	0.21800	0.01665	0.05421	0.02007	0.02390	0.02456	0.17707	0.05325	0.01251	0.00842	0.00255	0.00980	0.01069	0.00522	0.00995
5	0.13718	0.01798	0.08842	0.41325	0.07905	0.01811	0.02032	0.04696	0.01735	0.06557	0.01528	0.02004	0.01125	0.00811	0.00758	0.00262	0.00984	0.00671	0.00441	0.00998
6	0.01505	0.01454	0.01887	0.38164	0.03688	0.07977	0.01626	0.01916	0.01825	0.02266	0.12651	0.07171	0.12221	0.01226	0.00860	0.00266	0.00877	0.01052	0.00529	0.00839
7	0.01019	0.00822	0.00916	0.00961	0.01189	0.00719	0.00733	0.01248	0.01839	0.02268	0.10527	0.16018	0.46932	0.02119	0.00990	0.00293	0.00461	0.09492	0.00761	0.00694
8	0.01441	0.01115	0.01804	0.01553	0.01882	0.01010	0.13805	0.01731	0.01788	0.08780	0.04786	0.32377	0.20879	0.01866	0.00976	0.00295	0.00663	0.01712	0.00707	0.00830
9	0.06850	0.16724	0.29336	0.02714	0.20293	0.02099	0.02283	0.02455	0.01745	0.02567	0.04684	0.01908	0.01430	0.00787	0.00722	0.00235	0.00989	0.00634	0.00399	0.01148
10	0.01799	0.03094	0.34623	0.03276	0.19499	0.01940	0.18928	0.02558	0.01801	0.02598	0.01523	0.01914	0.01146	0.00736	0.00829	0.00257	0.01185	0.00726	0.00375	0.01193

[dist]
# distance from previous block
# <min> <max>
7	126

[block]
# block no. 3 follows, 23 sequences, length 134
# corresponding to MSA columns:
# 173-306
name=unknown_D
#
# <colnr> <probs for GDERKNQSTAVLIFYWHMCP>
#	G	D	E	R	K	N	Q	S	T	A	V	L	I	F	Y	W	H	M	C	P
0	0.07910	0.24599	0.25814	0.02143	0.08628	0.13491	0.02050	0.02618	0.01779	0.02358	0.01302	0.01541	0.01047	0.00752	0.00669	0.00221	0.01076	0.00535	0.00375	0.01090
1	0.06303	0.09963	0.44334	0.02479	0.09159	0.04398	0.07298	0.02565	0.01736	0.02561	0.01420	0.01707	0.01061	0.00754	0.00748	0.00247	0.01135	0.00611	0.00366	0.01156
2	0.04460	0.15946	0.39208	0.02277	0.08902	0.02170	0.02378	0.05771	0.06698	0.02687	0.01560	0.01766	0.01179	0.00788	0.00725	0.00241	0.01039	0.00607	0.00416	0.01183
3	0.01865	0.29768	0.11582	0.24732	0.12634	0.02388	0.02040	0.02337	0.01677	0.02154	0.01332	0.01743	0.01088	0.00747	0.00690	0.00226	0.00995	0.00592	0.00359	0.01050
4	0.01650	0.04042	0.62448	0.02398	0.03568	0.01897	0.07673	0.02572	0.01729	0.02572	0.01470	0.01750	0.01044	0.00764	0.00785	0.00258	0.01212	0.00627	0.00348	0.01191
5	0.01212	0.04474	0.01421	0.01276	0.01438	0.01108	0.00993	0.01478	0.01312	0.01861	0.02150	0.03256	0.02050	0.10868	0.59869	0.01207	0.02000	0.00871	0.00435	0.00723
6	0.01785	0.03299	0.43943	0.06784	0.06432	0.01843	0.02497	0.09196	0.01925	0.02798	0.01544	0.01847	0.01143	0.01014	0.03755	0.00290	0.01137	0.00630	0.00415	0.07724
7	0.01956	0.17734	0.38588	0.01984	0.02893	0.11249	0.02265	0.05258	0.01882	0.02444	0.01787	0.01969	0.04936	0.00850	0.00727	0.00234	0.01107	0.00627	0.00399	0.01109
8	0.01254	0.01022	0.01355	0.01344	0.01503	0.04428	0.01042	0.01540	0.01355	0.01889	0.02127	0.03100	0.01979	0.05819	0.64838	0.01248	0.02137	0.00852	0.00434	0.00735
9	0.00982	0.00733	0.00914	0.01059	0.01158	0.00665	0.00722	0.01138	0.01622	0.02099	0.05336	0.56402	0.19361	0.02430	0.01018	0.00317	0.00457	0.02170	0.00753	0.00665
10	0.01744	0.14152	0.19400	0.05443	0.15105	0.01944	0.12874	0.02307	0.01802	0.02484	0.07707	0.07562	0.02072	0.00955	0.00807	0.00249	0.00991	0.00876	0.00451	0.01076
11	0.02728	0.17498	0.02719	0.07797	0.02690	0.45219	0.01589	0.06586	0.02198	0.02165	0.01286	0.01520	0.01068	0.00813	0.00700	0.00209	0.01274	0.00534	0.00422	0.00984
12	0.01908	0.01830	0.03089	0.16560	0.51507	0.01938	0.02404	0.02382	0.01770	0.02504	0.01483	0.02023	0.01235	0.00781	0.00916	0.00253	0.05110	0.00722	0.00391	0.01192
13	0.77215	0.01569	0.01193	0.01067	0.01569	0.01820	0.00879	0.02385	0.01381	0.03641	0.01130	0.01318	0.00879	0.00753	0.00502	0.00251	0.00628	0.00439	0.00502	0.00879
14	0.02536	0.02000	0.02126	0.01756	0.02307	0.02260	0.01410	0.33171	0.35253	0.04230	0.02645	0.02503	0.01944	0.01039	0.00819	0.00260	0.00764	0.00827	0.00819	0.01331
15	0.02847	0.13077	0.02531	0.01967	0.02413	0.56950	0.01524	0.03066	0.02175	0.01972	0.01270	0.01502	0.01080	0.01003	0.03097	0.00243	0.01407	0.00523	0.00409	0.00947
16	0.01627	0.04197	0.67279	0.02313	0.03512	0.01884	0.02998	0.02570	0.01713	0.02570	0.01456	0.01713	0.01028	0.00771	0.00771	0.00257	0.01199	0.00600	0.00343	0.01199
17	0.01180	0.00787	0.00885	0.00885	0.00885	0.00787	0.00492	0.01180	0.01180	0.01573	0.02557	0.05310	0.02950	0.71483	0.04130	0.00787	0.00787	0.01180	0.00492	0.00492
18	0.02023	0.46000	0.25572	0.01733	0.02586	0.05581	0.01943	0.02512	0.01699	0.02137	0.01245	0.01448	0.01037	0.00726	0.00615	0.00203	0.01006	0.00494	0.00349	0.01091
19	0.01989	0.01981	0.03599	0.04661	0.53697	0.01953	0.14970	0.02513	0.01861	0.02640	0.01550	0.02045	0.01274	0.00715	0.00835	0.00248	0.01047	0.00771	0.00403	0.01246
20	0.01121	0.00808	0.01060	0.01039	0.01206	0.00747	0.00764	0.01463	0.02170	0.03052	0.55492	0.17139	0.07265	0.01810	0.00970	0.00268	0.00398	0.01611	0.00869	0.00747
21	0.02306	0.02526	0.03113	0.03999	0.42566	0.21697	0.06930	0.02722	0.01988	0.02449	0.01454	0.01860	0.01210	0.00754	0.00794	0.00234	0.01144	0.00681	0.00407	0.01168
22	0.01196	0.00924	0.01375	0.01353	0.01490	0.01102	0.01060	0.01479	0.01300	0.01888	0.02107	0.03103	0.01971	0.05807	0.64348	0.01247	0.06226	0.00860	0.00430	0.00734
23	0.01954	0.01873	0.03196	0.12321	0.59504	0.01914	0.02463	0.02443	0.01822	0.02585	0.01517	0.02026	0.01262	0.00733	0.00804	0.00244	0.00977	0.00723	0.00397	0.01242
24	0.01159	0.00869	0.01304	0.01304	0.01449	0.01014	0.01014	0.01449	0.01304	0.01884	0.02173	0.03188	0.02029	0.06086	0.68268	0.01304	0.02173	0.00869	0.00435	0.00724
25	0.05063	0.01058	0.01377	0.01402	0.01679	0.01041	0.01151	0.02227	0.06124	0.15266	0.03910	0.19779	0.03972	0.01916	0.00996	0.00328	0.00667	0.30353	0.00794	0.00897
26	0.02103	0.63730	0.11916	0.01501	0.02256	0.03049	0.01584	0.02447	0.01657	0.01989	0.01168	0.01352	0.01040	0.00704	0.00551	0.00184	0.00908	0.00454	0.00347	0.01061
27	0.01252	0.01018	0.01353	0.01343	0.01502	0.04348	0.01042	0.01538	0.01353	0.01889	0.02128	0.03102	0.01980	0.05825	0.64918	0.01250	0.02138	0.00852	0.00434	0.00735
28	0.01148	0.00829	0.01085	0.01021	0.01212	0.00766	0.00766	0.01531	0.02297	0.03254	0.65994	0.06061	0.07656	0.01659	0.00957	0.00255	0.00383	0.01467	0.00893	0.00766
29	0.02604	0.02871	0.02320	0.18329	0.03226	0.36821	0.01709	0.12759	0.06903	0.02612	0.01559	0.01823	0.01211	0.00871	0.00771	0.00234	0.01220	0.00633	0.00497	0.01027
30	0.01180	0.00787	0.00885	0.00885	0.00885	0.00787	0.00492	0.01180	0.01180	0.01573	0.02557	0.05310	0.02950	0.71483	0.04130	0.00787	0.00787	0.01180	0.00492	0.00492
31	0.02500	0.02042	0.02102	0.01757	0.02294	0.04659	0.01402	0.29048	0.37154	0.04060	0.02662	0.02520	0.01967	0.01038	0.00816	0.00260	0.00777	0.00825	0.00805	0.01312
32	0.00959	0.00822	0.00822	0.00822	0.01096	0.00685	0.00617	0.01165	0.01850	0.02192	0.08220	0.07809	0.66092	0.02055	0.00959	0.00274	0.00411	0.01713	0.00754	0.00685
33	0.01398	0.01258	0.01310	0.01256	0.01393	0.08543	0.00914	0.01583	0.01647	0.02123	0.13954	0.12351	0.11553	0.19086	0.09679	0.00522	0.08865	0.01265	0.00594	0.00706
34	0.02008	0.01928	0.03294	0.04981	0.66422	0.01928	0.02490	0.02490	0.01848	0.02651	0.01526	0.02008	0.01285	0.00723	0.00803	0.00241	0.00964	0.00723	0.00402	0.01285
35	0.03085	0.02273	0.02435	0.01867	0.02516	0.02516	0.01542	0.63716	0.03815	0.05114	0.01948	0.01948	0.01380	0.00974	0.00812	0.00244	0.00893	0.00731	0.00812	0.01380
36	0.02211	0.02018	0.03250	0.07082	0.35899	0.02078	0.12511	0.16298	0.04913	0.03197	0.01710	0.02075	0.01337	0.00793	0.00833	0.00250	0.01009	0.00772	0.00511	0.01255
37	0.02650	0.02798	0.02708	0.03151	0.26981	0.29395	0.01916	0.15329	0.02437	0.02881	0.01500	0.01771	0.01206	0.00821	0.00775	0.00228	0.01155	0.00642	0.00492	0.01163
38	0.01732	0.01544	0.02125	0.02730	0.27211	0.01590	0.01563	0.04647	0.18396	0.02763	0.03758	0.06111	0.17463	0.03597	0.00967	0.00279	0.00721	0.01082	0.00627	0.01095
39	0.01179	0.00845	0.01180	0.01180	0.01292	0.00949	0.00870	0.01402	0.01291	0.01856	0.02286	0.03693	0.02253	0.21660	0.49970	0.01133	0.01764	0.00940	0.03589	0.00670
40	0.01992	0.01937	0.03247	0.03856	0.38148	0.01975	0.14679	0.02953	0.17119	0.02820	0.01979	0.02292	0.01562	0.00806	0.00840	0.00256	0.00969	0.00818	0.00506	0.01246
41	0.01775	0.01775	0.02485	0.02130	0.02130	0.02485	0.01775	0.01953	0.01243	0.01953	0.01065	0.01775	0.01065	0.01420	0.02663	0.00355	0.69998	0.00710	0.00355	0.00888
42	0.01981	0.00999	0.01255	0.01142	0.01477	0.00872	0.00866	0.02203	0.01922	0.26457	0.05109	0.23169	0.23160	0.04216	0.01037	0.00299	0.00545	0.01521	0.00838	0.00932
43	0.01062	0.00746	0.00952	0.01052	0.01112	0.00708	0.00692	0.01210	0.01589	0.02151	0.14395	0.44128	0.05169	0.19061	0.01771	0.00428	0.00532	0.01893	0.00714	0.00637
44	0.03031	0.03867	0.02299	0.02090	0.02508	0.68226	0.01568	0.03240	0.02299	0.01986	0.01254	0.01463	0.01045	0.00836	0.00732	0.00209	0.01463	0.00523	0.00418	0.00941
45	0.01627	0.04197	0.67279	0.02313	0.03512	0.01884	0.02998	0.02570	0.01713	0.02570	0.01456	0.01713	0.01028	0.00771	0.00771	0.00257	0.01199	0.00600	0.00343	0.01199
46	0.01481	0.01064	0.01235	0.01206	0.01366	0.01099	0.00834	0.12899	0.04292	0.02524	0.03327	0.33902	0.03719	0.24895	0.02005	0.00462	0.00660	0.01589	0.00681	0.00762
47	0.01028	0.00723	0.00930	0.01080	0.01117	0.00685	0.00700	0.01140	0.01477	0.01969	0.04080	0.57520	0.04872	0.16651	0.01669	0.00423	0.00535	0.02076	0.00700	0.00625
48	0.01148	0.00829	0.01085	0.01021	0.01212	0.00766	0.00766	0.01531	0.02297	0.03254	0.65994	0.06061	0.07656	0.01659	0.00957	0.00255	0.00383	0.01467	0.00893	0.00766
49	0.01180	0.00787	0.00885	0.00885	0.00885	0.00787	0.00492	0.01180	0.01180	0.01573	0.02557	0.05310	0.02950	0.71483	0.04130	0.00787	0.00787	0.01180	0.00492	0.00492
50	0.00989	0.00706	0.00942	0.01130	0.01177	0.00659	0.00753	0.01130	0.01554	0.02071	0.04472	0.70954	0.05367	0.02542	0.01036	0.00330	0.00471	0.02307	0.00753	0.00659
51	0.77215	0.01569	0.01193	0.01067	0.01569	0.01820	0.00879	0.02385	0.01381	0.03641	0.01130	0.01318	0.00879	0.00753	0.00502	0.00251	0.00628	0.00439	0.00502	0.00879
52	0.03232	0.02036	0.02288	0.01754	0.02398	0.02165	0.01449	0.47832	0.03418	0.21558	0.02281	0.02164	0.01547	0.00982	0.00813	0.00246	0.00839	0.00753	0.00863	0.01380
53	0.01915	0.02189	0.04788	0.03420	0.04241	0.02052	0.63475	0.02599	0.01915	0.02599	0.01642	0.02189	0.01231	0.00684	0.00958	0.00274	0.01368	0.00958	0.00410	0.01094
54	0.01159	0.00869	0.01304	0.01304	0.01449	0.01014	0.01014	0.01449	0.01304	0.01884	0.02173	0.03188	0.02029	0.06086	0.68268	0.01304	0.02173	0.00869	0.00435	0.00724
55	0.20824	0.02044	0.02281	0.02205	0.13196	0.02248	0.01544	0.38436	0.02891	0.04337	0.01678	0.01806	0.01243	0.00878	0.00735	0.00245	0.00841	0.00659	0.00667	0.01243
56	0.02002	0.08492	0.07120	0.01678	0.02216	0.02119	0.01427	0.04001	0.54154	0.03192	0.02957	0.02765	0.02231	0.01037	0.00793	0.00264	0.00706	0.00848	0.00744	0.01255
57	0.02016	0.52768	0.22110	0.01650	0.02488	0.02835	0.01844	0.02469	0.01667	0.02096	0.01221	0.01418	0.01038	0.00716	0.00592	0.00197	0.00962	0.00481	0.00346	0.01086
58	0.01627	0.04197	0.67279	0.02313	0.03512	0.01884	0.02998	0.02570	0.01713	0.02570	0.01456	0.01713	0.01028	0.00771	0.00771	0.00257	0.01199	0.00600	0.00343	0.01199
59	0.01916	0.02477	0.18764	0.04336	0.51212	0.01917	0.02613	0.02509	0.01815	0.02631	0.01509	0.01937	0.01223	0.00735	0.00795	0.00245	0.01021	0.00693	0.00387	0.01264
60	0.00973	0.00796	0.00859	0.00900	0.01119	0.00682	0.00653	0.01171	0.01799	0.02205	0.09592	0.22100	0.50034	0.02151	0.00976	0.00286	0.00424	0.01838	0.00759	0.00682
61	0.01329	0.01034	0.01233	0.01147	0.01405	0.01040	0.00870	0.02127	0.16318	0.03203	0.47464	0.05516	0.11012	0.01564	0.00928	0.00261	0.00443	0.01363	0.00867	0.00876
62	0.01130	0.00813	0.00997	0.00966	0.01111	0.00758	0.00676	0.01383	0.01923	0.02646	0.40480	0.08381	0.12838	0.20300	0.01804	0.00401	0.00496	0.01448	0.00766	0.00680
63	0.01803	0.01836	0.02358	0.05393	0.02267	0.07396	0.01712	0.02011	0.01349	0.01955	0.01202	0.01902	0.01154	0.01781	0.08549	0.00428	0.54947	0.00711	0.00368	0.00877
64	0.01148	0.00829	0.01085	0.01021	0.01212	0.00766	0.00766	0.01531	0.02297	0.03254	0.65994	0.06061	0.07656	0.01659	0.00957	0.00255	0.00383	0.01467	0.00893	0.00766
65	0.01964	0.01883	0.03213	0.11009	0.60740	0.01916	0.02468	0.02451	0.01827	0.02597	0.01518	0.02023	0.01266	0.00731	0.00804	0.00244	0.00975	0.00723	0.00398	0.01249
66	0.00989	0.00706	0.00942	0.01130	0.01177	0.00659	0.00753	0.01130	0.01554	0.02071	0.04472	0.70954	0.05367	0.02542	0.01036	0.00330	0.00471	0.02307	0.00753	0.00659
67	0.00959	0.00822	0.00822	0.00822	0.01096	0.00685	0.00617	0.01165	0.01850	0.02192	0.08220	0.07809	0.66092	0.02055	0.00959	0.00274	0.00411	0.01713	0.00754	0.00685
68	0.02169	0.71972	0.04252	0.01388	0.02083	0.03211	0.01388	0.02430	0.01649	0.01909	0.01128	0.01302	0.01041	0.00694	0.00521	0.00174	0.00868	0.00434	0.00347	0.01041
69	0.00980	0.00811	0.00859	0.00872	0.01115	0.00690	0.00645	0.01195	0.01861	0.02279	0.13229	0.14155	0.54375	0.02068	0.00967	0.00278	0.00415	0.01751	0.00767	0.00690
70	0.00989	0.00706	0.00942	0.01130	0.01177	0.00659	0.00753	0.01130	0.01554	0.02071	0.04472	0.70954	0.05367	0.02542	0.01036	0.00330	0.00471	0.02307	0.00753	0.00659
71	0.03085	0.02273	0.02435	0.01867	0.02516	0.02516	0.01542	0.63716	0.03815	0.05114	0.01948	0.01948	0.01380	0.00974	0.00812	0.00244	0.00893	0.00731	0.00812	0.01380
72	0.00989	0.00706	0.00942	0.01130	0.01177	0.00659	0.00753	0.01130	0.01554	0.02071	0.04472	0.70954	0.05367	0.02542	0.01036	0.00330	0.00471	0.02307	0.00753	0.00659
73	0.00989	0.00706	0.00942	0.01130	0.01177	0.00659	0.00753	0.01130	0.01554	0.02071	0.04472	0.70954	0.05367	0.02542	0.01036	0.00330	0.00471	0.02307	0.00753	0.00659
74	0.01180	0.00787	0.00885	0.00885	0.00885	0.00787	0.00492	0.01180	0.01180	0.01573	0.02557	0.05310	0.02950	0.71483	0.04130	0.00787	0.00787	0.01180	0.00492	0.00492
75	0.01480	0.01045	0.01252	0.01145	0.01433	0.01026	0.00876	0.02197	0.14202	0.08054	0.40836	0.05479	0.14656	0.01559	0.00921	0.00261	0.00460	0.01347	0.00869	0.00901
76	0.01752	0.01740	0.02440	0.02098	0.02104	0.02429	0.01746	0.01933	0.01245	0.01950	0.01108	0.01830	0.01102	0.01600	0.05189	0.00392	0.67387	0.00716	0.00358	0.00881
77	0.01161	0.00862	0.01265	0.01265	0.01396	0.00993	0.00965	0.01424	0.01292	0.01855	0.02209	0.03386	0.02115	0.12194	0.62278	0.01256	0.02044	0.00898	0.00440	0.00703
78	0.01692	0.01605	0.02722	0.47888	0.25986	0.01845	0.02333	0.02213	0.01698	0.02267	0.01470	0.02111	0.01150	0.00782	0.00809	0.00261	0.01042	0.00722	0.00374	0.01030
79	0.02169	0.71972	0.04252	0.01388	0.02083	0.03211	0.01388	0.02430	0.01649	0.01909	0.01128	0.01302	0.01041	0.00694	0.00521	0.00174	0.00868	0.00434	0.00347	0.01041
80	0.02981	0.03762	0.02276	0.02069	0.02489	0.64942	0.01554	0.03293	0.05407	0.02056	0.01356	0.01541	0.01116	0.00849	0.00736	0.00212	0.01423	0.00542	0.00438	0.00958
81	0.00989	0.00706	0.00942	0.01130	0.01177	0.00659	0.00753	0.01130	0.01554	0.02071	0.04472	0.70954	0.05367	0.02542	0.01036	0.00330	0.00471	0.02307	0.00753	0.00659
82	0.03085	0.02273	0.02435	0.01867	0.02516	0.02516	0.01542	0.63716	0.03815	0.05114	0.01948	0.01948	0.01380	0.00974	0.00812	0.00244	0.00893	0.00731	0.00812	0.01380
83	0.02559	0.02856	0.02441	0.02681	0.17872	0.34613	0.01726	0.05813	0.16308	0.02593	0.01808	0.01966	0.01438	0.00874	0.00773	0.00233	0.01135	0.00668	0.00522	0.01119
84	0.01180	0.00787	0.00885	0.00885	0.00885	0.00787	0.00492	0.01180	0.01180	0.01573	0.02557	0.05310	0.02950	0.71483	0.04130	0.00787	0.00787	0.01180	0.00492	0.00492
85	0.09328	0.41184	0.16593	0.01617	0.02390	0.02705	0.01692	0.11445	0.01954	0.02679	0.01316	0.01482	0.01073	0.00757	0.00613	0.00208	0.00916	0.00512	0.00429	0.01108
86	0.01775	0.01775	0.02485	0.02130	0.02130	0.02485	0.01775	0.01953	0.01243	0.01953	0.01065	0.01775	0.01065	0.01420	0.02663	0.00355	0.69998	0.00710	0.00355	0.00888
87	0.01163	0.00841	0.00953	0.00917	0.01134	0.00747	0.00663	0.01390	0.01885	0.05089	0.23898	0.06663	0.35603	0.13747	0.01494	0.00355	0.00479	0.01513	0.00760	0.00704
88	0.00977	0.00790	0.00868	0.00917	0.01124	0.00682	0.00662	0.01173	0.01790	0.02211	0.10047	0.25221	0.46365	0.02170	0.00980	0.00288	0.00426	0.01865	0.00760	0.00682
89	0.03037	0.03683	0.02315	0.02065	0.02509	0.60637	0.01565	0.10224	0.02474	0.02347	0.01334	0.01519	0.01084	0.00852	0.00741	0.00213	0.01397	0.00547	0.00464	0.00991
90	0.03085	0.02273	0.02435	0.01867	0.02516	0.02516	0.01542	0.63716	0.03815	0.05114	0.01948	0.01948	0.01380	0.00974	0.00812	0.00244	0.00893	0.00731	0.00812	0.01380
91	0.01172	0.00783	0.00887	0.00896	0.00898	0.00781	0.00503	0.01178	0.01196	0.01595	0.02640	0.08158	0.03055	0.68492	0.03996	0.00767	0.00773	0.01229	0.00503	0.00499
92	0.01915	0.02189	0.04788	0.03420	0.04241	0.02052	0.63475	0.02599	0.01915	0.02599	0.01642	0.02189	0.01231	0.00684	0.00958	0.00274	0.01368	0.00958	0.00410	0.01094
93	0.02169	0.71972	0.04252	0.01388	0.02083	0.03211	0.01388	0.02430	0.01649	0.01909	0.01128	0.01302	0.01041	0.00694	0.00521	0.00174	0.00868	0.00434	0.00347	0.01041
94	0.01532	0.01442	0.02434	0.69533	0.05589	0.01803	0.02253	0.02073	0.01622	0.02073	0.01442	0.02163	0.01082	0.00811	0.00811	0.00270	0.01082	0.00721	0.00361	0.00901
95	0.03044	0.03482	0.02332	0.02036	0.02510	0.52339	0.01562	0.17862	0.02666	0.02742	0.01422	0.01581	0.01126	0.00870	0.00751	0.00217	0.01325	0.00573	0.00513	0.01047
96	0.02008	0.01928	0.03294	0.04981	0.66422	0.01928	0.02490	0.02490	0.01848	0.02651	0.01526	0.02008	0.01285	0.00723	0.00803	0.00241	0.00964	0.00723	0.00402	0.01285
97	0.01021	0.00720	0.00932	0.01088	0.01127	0.00681	0.00709	0.01138	0.01490	0.01986	0.04145	0.59748	0.04954	0.14311	0.01564	0.00408	0.00525	0.02114	0.00709	0.00630
98	0.01269	0.00912	0.01231	0.01385	0.01562	0.00901	0.01178	0.01594	0.01802	0.02330	0.04437	0.08690	0.09258	0.08694	0.01389	0.00404	0.00725	0.50797	0.00724	0.00719
99	0.03031	0.03867	0.02299	0.02090	0.02508	0.68226	0.01568	0.03240	0.02299	0.01986	0.01254	0.01463	0.01045	0.00836	0.00732	0.00209	0.01463	0.00523	0.00418	0.00941
100	0.02889	0.02126	0.02296	0.01798	0.02391	0.02343	0.01469	0.57871	0.03604	0.04830	0.02184	0.08393	0.01752	0.01121	0.00833	0.00252	0.00853	0.00878	0.00806	0.01313
101	0.01058	0.00826	0.00960	0.00926	0.01157	0.00727	0.00695	0.01357	0.02084	0.02748	0.38478	0.06894	0.35488	0.01848	0.00958	0.00264	0.00396	0.01584	0.00827	0.00727
102	0.01627	0.04197	0.67279	0.02313	0.03512	0.01884	0.02998	0.02570	0.01713	0.02570	0.01456	0.01713	0.01028	0.00771	0.00771	0.00257	0.01199	0.00600	0.00343	0.01199
103	0.21363	0.02811	0.02006	0.01755	0.02240	0.33703	0.01366	0.14038	0.08197	0.03092	0.01540	0.01661	0.01198	0.00865	0.00698	0.00232	0.01076	0.00576	0.00548	0.01037
104	0.01627	0.04197	0.67279	0.02313	0.03512	0.01884	0.02998	0.02570	0.01713	0.02570	0.01456	0.01713	0.01028	0.00771	0.00771	0.00257	0.01199	0.00600	0.00343	0.01199
105	0.01171	0.00821	0.01060	0.01060	0.01120	0.00882	0.00710	0.01292	0.01232	0.01703	0.02397	0.04425	0.02566	0.44218	0.30870	0.01002	0.01365	0.01050	0.00468	0.00589
106	0.01211	0.00822	0.00987	0.01032	0.01077	0.00822	0.00689	0.01301	0.01346	0.01780	0.02977	0.06239	0.03366	0.54742	0.03402	0.00687	0.00777	0.15633	0.00553	0.00553
107	0.01924	0.02013	0.02599	0.42355	0.18474	0.14517	0.02175	0.02388	0.01802	0.02184	0.01425	0.01995	0.01120	0.00796	0.00794	0.00252	0.01128	0.00684	0.00381	0.00994
108	0.01627	0.04197	0.67279	0.02313	0.03512	0.01884	0.02998	0.02570	0.01713	0.02570	0.01456	0.01713	0.01028	0.00771	0.00771	0.00257	0.01199	0.00600	0.00343	0.01199
109	0.01180	0.00787	0.00885	0.00885	0.00885	0.00787	0.00492	0.01180	0.01180	0.01573	0.02557	0.05310	0.02950	0.71483	0.04130	0.00787	0.00787	0.01180	0.00492	0.00492
110	0.00987	0.00809	0.00870	0.00883	0.01120	0.00692	0.00652	0.01207	0.01872	0.02314	0.15182	0.14972	0.51503	0.02061	0.00968	0.00278	0.00414	0.01751	0.00771	0.00692
111	0.02378	0.55506	0.03780	0.01558	0.02186	0.18930	0.01432	0.02626	0.01806	0.01928	0.01159	0.01341	0.01042	0.00729	0.00572	0.00182	0.01012	0.00455	0.00364	0.01017
112	0.01627	0.04197	0.67279	0.02313	0.03512	0.01884	0.02998	0.02570	0.01713	0.02570	0.01456	0.01713	0.01028	0.00771	0.00771	0.00257	0.01199	0.00600	0.00343	0.01199
113	0.01577	0.01488	0.02514	0.63504	0.11270	0.01814	0.02276	0.02112	0.01644	0.02127	0.01450	0.02149	0.01101	0.00803	0.00811	0.00268	0.01071	0.00721	0.00364	0.00937
114	0.02301	0.61541	0.03953	0.01496	0.02148	0.13168	0.01416	0.02554	0.01748	0.01921	0.01147	0.01326	0.01042	0.00716	0.00553	0.00179	0.00959	0.00447	0.00358	0.01026
115	0.02856	0.03587	0.02206	0.02017	0.02410	0.61948	0.01516	0.03073	0.02206	0.01976	0.01340	0.01624	0.01137	0.01326	0.07039	0.00311	0.01530	0.00555	0.00420	0.00920
116	0.01161	0.00862	0.01265	0.01265	0.01396	0.00993	0.00965	0.01424	0.01292	0.01855	0.02209	0.03386	0.02115	0.12194	0.62278	0.01256	0.02044	0.00898	0.00440	0.00703
117	0.00977	0.00823	0.00847	0.00841	0.01107	0.00693	0.00630	0.01199	0.01891	0.02291	0.13616	0.07646	0.60635	0.02018	0.00959	0.00272	0.00408	0.01690	0.00767	0.00693
118	0.01165	0.00803	0.00989	0.00998	0.01036	0.00835	0.00631	0.01243	0.01229	0.01673	0.02559	0.08053	0.02847	0.52253	0.19483	0.00889	0.01106	0.01161	0.00491	0.00556
119	0.01912	0.20691	0.40464	0.01986	0.02948	0.02276	0.02325	0.07425	0.07766	0.02679	0.01585	0.01752	0.01194	0.00798	0.00717	0.00237	0.01041	0.00598	0.00425	0.01182
120	0.01112	0.00823	0.01041	0.01027	0.01218	0.00752	0.00772	0.01442	0.02128	0.02920	0.47072	0.12594	0.16862	0.01841	0.00974	0.00272	0.00417	0.05141	0.00848	0.00741
121	0.02008	0.01928	0.03294	0.04981	0.66422	0.01928	0.02490	0.02490	0.01848	0.02651	0.01526	0.02008	0.01285	0.00723	0.00803	0.00241	0.00964	0.00723	0.00402	0.01285
122	0.02942	0.03699	0.02386	0.02342	0.08065	0.62462	0.01648	0.03175	0.02260	0.02044	0.01278	0.01511	0.01066	0.00826	0.00738	0.00212	0.01420	0.00540	0.00417	0.00971
123	0.02283	0.01355	0.01670	0.01515	0.01928	0.01383	0.01243	0.07764	0.17798	0.21731	0.05823	0.07667	0.03234	0.01491	0.00925	0.00297	0.00691	0.19238	0.00852	0.01111
124	0.01196	0.00924	0.01375	0.01353	0.01490	0.01102	0.01060	0.01479	0.01300	0.01888	0.02107	0.03103	0.01971	0.05807	0.64348	0.01247	0.06226	0.00860	0.00430	0.00734
125	0.01619	0.01485	0.01481	0.01409	0.01609	0.13299	0.01057	0.05450	0.01614	0.02042	0.02058	0.03162	0.01968	0.15988	0.40995	0.00953	0.01731	0.00851	0.00464	0.00763
126	0.02352	0.02592	0.06010	0.09719	0.32509	0.21171	0.02128	0.09001	0.02154	0.02655	0.01480	0.01844	0.01194	0.00792	0.00783	0.00236	0.01124	0.00659	0.00442	0.01155
127	0.01966	0.01472	0.01623	0.01349	0.01766	0.01527	0.01075	0.29201	0.02864	0.03822	0.23124	0.04657	0.19297	0.01451	0.00893	0.00255	0.00617	0.01199	0.00822	0.01020
128	0.02277	0.40294	0.06682	0.01993	0.02677	0.16717	0.14202	0.02642	0.01844	0.02095	0.01274	0.01535	0.01080	0.00726	0.00666	0.00205	0.01111	0.00567	0.00375	0.01038
129	0.02089	0.05601	0.02310	0.01872	0.02200	0.17260	0.06365	0.08005	0.01861	0.04582	0.01673	0.02217	0.01445	0.02633	0.22831	0.00596	0.14330	0.00729	0.00465	0.00935
130	0.01765	0.01709	0.02402	0.03149	0.33661	0.07793	0.03900	0.02177	0.02027	0.02730	0.21236	0.03619	0.08169	0.01114	0.00860	0.00246	0.00810	0.01011	0.00577	0.01044
131	0.02586	0.39013	0.03307	0.01728	0.02289	0.34674	0.01475	0.02822	0.01964	0.01946	0.01189	0.01380	0.01043	0.00763	0.00623	0.00191	0.01156	0.00477	0.00381	0.00993
132	0.12995	0.09648	0.29255	0.02700	0.18992	0.08208	0.02271	0.02572	0.01747	0.02630	0.01376	0.01668	0.01074	0.00755	0.00712	0.00240	0.01049	0.00585	0.00389	0.01135
133	0.01669	0.09437	0.62407	0.02241	0.03401	0.01987	0.02874	0.02559	0.01708	0.02519	0.01431	0.01681	0.01029	0.00765	0.00752	0.00251	0.01174	0.00587	0.00343	0.01187

[dist]
# distance from previous block
# <min> <max>
0	1

[block]
# block no. 4 follows, 23 sequences, length 48
# corresponding to MSA columns:
# 308-355
name=unknown_E
#
# <colnr> <probs for GDERKNQSTAVLIFYWHMCP>
#	G	D	E	R	K	N	Q	S	T	A	V	L	I	F	Y	W	H	M	C	P
0	0.01728	0.01633	0.02643	0.06400	0.47770	0.01612	0.02013	0.02143	0.01840	0.02514	0.03197	0.03465	0.17482	0.01059	0.00843	0.00250	0.00830	0.00970	0.00488	0.01121
1	0.01660	0.04005	0.61869	0.02538	0.08831	0.01888	0.02955	0.02563	0.01725	0.02577	0.01462	0.01738	0.01050	0.00767	0.00774	0.00256	0.01179	0.00610	0.00348	0.01206
2	0.01935	0.01726	0.02670	0.23118	0.11160	0.01905	0.11747	0.03115	0.24684	0.06027	0.02249	0.02493	0.01683	0.00895	0.00839	0.00268	0.00935	0.00835	0.00575	0.01141
3	0.01022	0.00824	0.00909	0.00888	0.01134	0.00712	0.00666	0.01286	0.01997	0.02543	0.27330	0.07231	0.46763	0.01924	0.00958	0.00268	0.00402	0.01631	0.00800	0.00712
4	0.01039	0.00743	0.00993	0.01147	0.01226	0.00698	0.00804	0.01233	0.01683	0.02265	0.12881	0.56614	0.05619	0.02395	0.01032	0.00323	0.00483	0.07368	0.00772	0.00681
5	0.02883	0.03101	0.02357	0.09443	0.02850	0.40330	0.01635	0.22057	0.02700	0.02975	0.01492	0.01692	0.01154	0.00877	0.00765	0.00227	0.01243	0.00610	0.00535	0.01074
6	0.02008	0.01928	0.03294	0.04981	0.66422	0.01928	0.02490	0.02490	0.01848	0.02651	0.01526	0.02008	0.01285	0.00723	0.00803	0.00241	0.00964	0.00723	0.00402	0.01285
7	0.02008	0.01928	0.03294	0.04981	0.66422	0.01928	0.02490	0.02490	0.01848	0.02651	0.01526	0.02008	0.01285	0.00723	0.00803	0.00241	0.00964	0.00723	0.00402	0.01285
8	0.02246	0.02394	0.03012	0.06723	0.48118	0.18501	0.02251	0.02662	0.01952	0.02463	0.01455	0.01878	0.01217	0.00755	0.00786	0.00234	0.01093	0.00673	0.00404	0.01184
9	0.01835	0.01587	0.02044	0.02212	0.12448	0.01734	0.03714	0.03299	0.36746	0.03004	0.03205	0.04365	0.02788	0.01310	0.00901	0.00294	0.00746	0.15901	0.00723	0.01143
10	0.00966	0.00793	0.00852	0.00899	0.01116	0.00679	0.00651	0.01156	0.01775	0.02162	0.07283	0.23598	0.50908	0.02177	0.00978	0.00288	0.00426	0.01861	0.00753	0.00679
11	0.01159	0.00869	0.01304	0.01304	0.01449	0.01014	0.01014	0.01449	0.01304	0.01884	0.02173	0.03188	0.02029	0.06086	0.68268	0.01304	0.02173	0.00869	0.00435	0.00724
12	0.01791	0.24686	0.48226	0.02033	0.03080	0.02285	0.02511	0.02527	0.01694	0.02370	0.01357	0.01589	0.01032	0.00748	0.00695	0.00232	0.01099	0.00549	0.00344	0.01151
13	0.01221	0.01099	0.01440	0.01862	0.17430	0.00996	0.01085	0.01496	0.01849	0.02307	0.06546	0.06359	0.49888	0.01722	0.00920	0.00266	0.00549	0.01465	0.00666	0.00835
14	0.01180	0.00787	0.00885	0.00885	0.00885	0.00787	0.00492	0.01180	0.01180	0.01573	0.02557	0.05310	0.02950	0.71483	0.04130	0.00787	0.00787	0.01180	0.00492	0.00492
15	0.01169	0.00995	0.01692	0.01577	0.01775	0.00931	0.12993	0.01417	0.01624	0.02174	0.03920	0.57535	0.04560	0.02180	0.01020	0.00319	0.00646	0.02043	0.00686	0.00744
16	0.02152	0.01997	0.03306	0.06778	0.46120	0.02033	0.09832	0.12359	0.02164	0.03019	0.01605	0.02027	0.01286	0.00762	0.00824	0.00247	0.01007	0.00753	0.00467	0.01262
17	0.02680	0.03950	0.18547	0.02146	0.02759	0.51637	0.01925	0.03072	0.02153	0.02132	0.01305	0.01526	0.01041	0.00820	0.00741	0.00221	0.01397	0.00542	0.00399	0.01005
18	0.01409	0.00705	0.01057	0.01057	0.01057	0.00705	0.00705	0.01057	0.01057	0.01409	0.01409	0.02467	0.01409	0.02819	0.03171	0.76392	0.00705	0.00705	0.00352	0.00352
19	0.01912	0.01830	0.03120	0.17979	0.54172	0.01903	0.02443	0.02406	0.01802	0.02535	0.01509	0.02039	0.01244	0.00741	0.00805	0.00247	0.00988	0.00723	0.00393	0.01208
20	0.02610	0.03109	0.02057	0.01873	0.02278	0.47671	0.01414	0.03236	0.14501	0.02346	0.05816	0.02384	0.05269	0.01003	0.00776	0.00228	0.01182	0.00720	0.00544	0.00984
21	0.02169	0.71972	0.04252	0.01388	0.02083	0.03211	0.01388	0.02430	0.01649	0.01909	0.01128	0.01302	0.01041	0.00694	0.00521	0.00174	0.00868	0.00434	0.00347	0.01041
22	0.77215	0.01569	0.01193	0.01067	0.01569	0.01820	0.00879	0.02385	0.01381	0.03641	0.01130	0.01318	0.00879	0.00753	0.00502	0.00251	0.00628	0.00439	0.00502	0.00879
23	0.01669	0.01175	0.01559	0.01423	0.01693	0.01322	0.01128	0.13961	0.01856	0.05857	0.02181	0.02919	0.01899	0.04809	0.51401	0.01039	0.01843	0.00839	0.00539	0.00888
24	0.01589	0.01431	0.02090	0.50770	0.04430	0.05222	0.01872	0.02071	0.01654	0.02211	0.01669	0.02324	0.01296	0.01142	0.04708	0.00314	0.01053	0.00725	0.12561	0.00870
25	0.01180	0.00787	0.00885	0.00885	0.00885	0.00787	0.00492	0.01180	0.01180	0.01573	0.02557	0.05310	0.02950	0.71483	0.04130	0.00787	0.00787	0.01180	0.00492	0.00492
26	0.01206	0.00939	0.01395	0.01367	0.01501	0.01127	0.01073	0.01488	0.01299	0.01889	0.02088	0.03079	0.01955	0.05728	0.63238	0.01231	0.07374	0.00857	0.00429	0.00737
27	0.02937	0.13510	0.02728	0.01790	0.02446	0.02628	0.01517	0.53835	0.03466	0.04597	0.01816	0.01844	0.01325	0.00929	0.00765	0.00232	0.00889	0.00683	0.00737	0.01325
28	0.01082	0.00840	0.00993	0.00993	0.01222	0.00751	0.00770	0.01381	0.02029	0.02644	0.30514	0.07303	0.34549	0.01924	0.00980	0.00280	0.00446	0.09765	0.00808	0.00725
29	0.02453	0.02865	0.02524	0.02579	0.12892	0.35848	0.01787	0.02696	0.01880	0.02084	0.01237	0.01655	0.01091	0.01008	0.01374	0.00262	0.23773	0.00617	0.00395	0.00980
30	0.02851	0.09651	0.07447	0.02048	0.02549	0.57642	0.01662	0.03120	0.02199	0.02024	0.01259	0.01469	0.01044	0.00819	0.00717	0.00210	0.01393	0.00521	0.00406	0.00969
31	0.02008	0.01928	0.03294	0.04981	0.66422	0.01928	0.02490	0.02490	0.01848	0.02651	0.01526	0.02008	0.01285	0.00723	0.00803	0.00241	0.00964	0.00723	0.00402	0.01285
32	0.01941	0.01860	0.03173	0.14051	0.57874	0.01910	0.02457	0.02432	0.01816	0.02570	0.01514	0.02030	0.01257	0.00735	0.00804	0.00245	0.00981	0.00723	0.00396	0.01231
33	0.02162	0.01963	0.03119	0.07158	0.53593	0.02018	0.02328	0.12344	0.02155	0.03024	0.01591	0.02005	0.01292	0.00767	0.00805	0.00243	0.00957	0.00724	0.00466	0.01285
34	0.02347	0.04086	0.01803	0.01439	0.01873	0.01473	0.01163	0.12611	0.09366	0.22248	0.11496	0.03173	0.02721	0.02347	0.17512	0.00511	0.01048	0.00904	0.00771	0.01108
35	0.01159	0.00869	0.01304	0.01304	0.01449	0.01014	0.01014	0.01449	0.01304	0.01884	0.02173	0.03188	0.02029	0.06086	0.68268	0.01304	0.02173	0.00869	0.00435	0.00724
36	0.01060	0.00838	0.01005	0.01045	0.01235	0.00802	0.00767	0.01360	0.04304	0.02204	0.08827	0.23941	0.31237	0.02915	0.14109	0.00489	0.00779	0.01665	0.00702	0.00715
37	0.01683	0.01442	0.01683	0.01202	0.01923	0.01082	0.00961	0.02043	0.01683	0.02644	0.01442	0.01683	0.01202	0.00601	0.00601	0.00120	0.00601	0.00481	0.00481	0.76444
38	0.01879	0.01796	0.03060	0.22527	0.49886	0.01894	0.02426	0.02377	0.01786	0.02494	0.01503	0.02050	0.01230	0.00747	0.00805	0.00249	0.00996	0.00722	0.00390	0.01181
39	0.01920	0.01834	0.03085	0.04629	0.60898	0.01823	0.02332	0.02378	0.01848	0.02612	0.02092	0.02499	0.06765	0.00836	0.00816	0.00244	0.00917	0.00807	0.00431	0.01235
40	0.01024	0.00818	0.00916	0.00905	0.01139	0.00711	0.00674	0.01285	0.01984	0.02541	0.27355	0.10524	0.43366	0.01948	0.00962	0.00271	0.00405	0.01662	0.00800	0.00711
41	0.02086	0.22637	0.02409	0.01449	0.01808	0.14899	0.01173	0.04892	0.01736	0.04948	0.01751	0.02635	0.01674	0.18796	0.05197	0.00414	0.06305	0.00725	0.03591	0.00874
42	0.01516	0.01463	0.02234	0.01895	0.02154	0.03826	0.13549	0.01796	0.01578	0.02190	0.02619	0.30287	0.02878	0.01645	0.01413	0.00303	0.19495	0.01390	0.00543	0.07225
43	0.02588	0.16494	0.02877	0.02532	0.16137	0.32386	0.01713	0.07620	0.05851	0.02436	0.01461	0.01677	0.01205	0.00810	0.00718	0.00215	0.01148	0.00587	0.00455	0.01088
44	0.01957	0.02674	0.20540	0.08625	0.39570	0.07513	0.02533	0.02545	0.01833	0.02531	0.01478	0.01893	0.01180	0.00752	0.00789	0.00245	0.01079	0.00672	0.00384	0.01205
45	0.12544	0.01833	0.02856	0.02745	0.18821	0.01752	0.17012	0.07072	0.01904	0.02964	0.01508	0.01861	0.01199	0.00703	0.00744	0.00217	0.00911	0.00675	0.00472	0.22209
46	0.05426	0.02133	0.02256	0.17741	0.18003	0.20784	0.01748	0.02435	0.01872	0.02372	0.04352	0.02207	0.01552	0.01247	0.05930	0.00317	0.01137	0.00698	0.06817	0.00971
47	0.01735	0.01566	0.02545	0.03580	0.41101	0.01616	0.01954	0.02254	0.05011	0.02478	0.02025	0.02987	0.01832	0.02218	0.17702	0.00520	0.01230	0.06086	0.00463	0.01098

[dist]
# distance from previous block
# <min> <max>
0	5

[block]
# block no. 5 follows, 23 sequences, length 22
# corresponding to MSA columns:
# 361-382
name=unknown_F
#
# <colnr> <probs for GDERKNQSTAVLIFYWHMCP>
#	G	D	E	R	K	N	Q	S	T	A	V	L	I	F	Y	W	H	M	C	P
0	0.01976	0.02405	0.08351	0.02697	0.21857	0.20730	0.04007	0.02354	0.01969	0.02323	0.03285	0.03424	0.18995	0.01125	0.00828	0.00244	0.00993	0.00934	0.00498	0.01006
1	0.14530	0.02794	0.31341	0.02412	0.15122	0.01732	0.02158	0.02424	0.01677	0.02781	0.01412	0.01698	0.01085	0.00727	0.00700	0.00227	0.00944	0.00574	0.00407	0.15253
2	0.02363	0.15744	0.08406	0.02404	0.14824	0.22249	0.01748	0.03007	0.11152	0.05529	0.01920	0.02058	0.03456	0.00868	0.00735	0.00227	0.01040	0.00662	0.00494	0.01112
3	0.06522	0.08108	0.11540	0.02165	0.02746	0.01796	0.25115	0.02201	0.01634	0.02405	0.01761	0.02623	0.01549	0.14028	0.01532	0.00355	0.05311	0.00841	0.06832	0.00935
4	0.01644	0.02036	0.14635	0.02935	0.24337	0.01716	0.04922	0.02120	0.01622	0.02338	0.02018	0.02557	0.05386	0.02122	0.16366	0.00504	0.10482	0.00804	0.00414	0.01043
5	0.02609	0.02817	0.02053	0.01779	0.02248	0.36489	0.01371	0.16404	0.05248	0.02817	0.02533	0.02585	0.10743	0.01042	0.00779	0.00223	0.01091	0.00758	0.00577	0.05832
6	0.01085	0.00786	0.00987	0.01102	0.01207	0.00742	0.00789	0.01263	0.01620	0.02113	0.07080	0.35164	0.14328	0.14836	0.01596	0.00409	0.00567	0.12962	0.00710	0.00654
7	0.01869	0.02374	0.15574	0.10108	0.33255	0.01939	0.17971	0.02494	0.01819	0.02569	0.01534	0.02013	0.01204	0.00730	0.00837	0.00255	0.01121	0.00759	0.00389	0.01185
8	0.01691	0.01211	0.01211	0.01127	0.01300	0.06810	0.00878	0.02017	0.01666	0.02736	0.02232	0.02658	0.01802	0.01025	0.00974	0.00222	0.13508	0.00728	0.55406	0.00797
9	0.01329	0.01117	0.01718	0.33187	0.03267	0.01253	0.01464	0.01786	0.01980	0.02700	0.35687	0.04231	0.04570	0.01261	0.00889	0.00262	0.00711	0.01117	0.00643	0.00829
