[name]
unknown

[dist]
# distance from previous block
# <min> <max>
0	2

[block]
# block no. 0 follows, 22 sequences, length 81
# corresponding to MSA columns:
# 2-82
name=unknown_A
#
# <colnr> <probs for GDERKNQSTAVLIFYWHMCP>
#	G	D	E	R	K	N	Q	S	T	A	V	L	I	F	Y	W	H	M	C	P
0	0.01770	0.01757	0.01470	0.01446	0.01658	0.20095	0.01085	0.02011	0.01967	0.02331	0.16421	0.08262	0.04022	0.16838	0.01670	0.00398	0.00891	0.14500	0.00643	0.00765
1	0.02531	0.21116	0.13597	0.02298	0.09126	0.33370	0.01898	0.02911	0.02036	0.02182	0.01314	0.01555	0.01091	0.00796	0.00708	0.00216	0.01244	0.00546	0.00395	0.01070
2	0.07800	0.00909	0.01069	0.01020	0.01252	0.00861	0.00768	0.01564	0.02160	0.03133	0.47445	0.08767	0.16785	0.01723	0.00942	0.00267	0.00423	0.01488	0.00849	0.00776
3	0.02056	0.01974	0.03372	0.05099	0.65622	0.01974	0.02550	0.02550	0.01892	0.02714	0.01563	0.02056	0.01316	0.00740	0.00822	0.00247	0.00987	0.00740	0.00411	0.01316
4	0.01037	0.00819	0.00935	0.00959	0.01169	0.00716	0.00699	0.01279	0.01945	0.02491	0.21825	0.20585	0.38383	0.02107	0.00998	0.00288	0.00426	0.01818	0.00807	0.00716
5	0.01723	0.01477	0.01723	0.01230	0.01969	0.01107	0.00984	0.02092	0.01723	0.02707	0.01477	0.01723	0.01230	0.00615	0.00615	0.00123	0.00615	0.00492	0.00492	0.75883
6	0.01691	0.07229	0.63780	0.02326	0.03532	0.01989	0.02997	0.02625	0.01751	0.02601	0.01476	0.01735	0.01053	0.00786	0.00778	0.00259	0.01213	0.00606	0.00351	0.01221
7	0.01208	0.00805	0.00906	0.00906	0.00906	0.00805	0.00503	0.01208	0.01208	0.01611	0.02618	0.05436	0.03020	0.70804	0.04228	0.00805	0.00805	0.01208	0.00503	0.00503
8	0.01138	0.00833	0.01077	0.01108	0.01279	0.00771	0.00832	0.01454	0.02078	0.02842	0.38220	0.21332	0.12858	0.02018	0.01019	0.00295	0.00460	0.08787	0.00849	0.00748
9	0.01835	0.01542	0.01679	0.01523	0.01922	0.01733	0.01177	0.03675	0.48080	0.03438	0.19431	0.03906	0.03913	0.01275	0.00880	0.00276	0.00589	0.01085	0.00863	0.01177
10	0.02221	0.71304	0.04353	0.01421	0.02132	0.03287	0.01421	0.02488	0.01688	0.01955	0.01155	0.01333	0.01066	0.00711	0.00533	0.00178	0.00888	0.00444	0.00355	0.01066
11	0.01666	0.04297	0.66500	0.02368	0.03596	0.01929	0.03069	0.02631	0.01754	0.02631	0.01491	0.01754	0.01052	0.00789	0.00789	0.00263	0.01228	0.00614	0.00351	0.01228
12	0.02694	0.03889	0.20906	0.02182	0.02866	0.41839	0.02026	0.09256	0.02341	0.02536	0.01417	0.01623	0.01100	0.00851	0.00769	0.00232	0.01360	0.00580	0.00447	0.01086
13	0.01818	0.01818	0.02545	0.02181	0.02181	0.02545	0.01818	0.01999	0.01272	0.01999	0.01091	0.01818	0.01091	0.01454	0.02726	0.00364	0.69284	0.00727	0.00364	0.00909
14	0.01723	0.01477	0.01723	0.01230	0.01969	0.01107	0.00984	0.02092	0.01723	0.02707	0.01477	0.01723	0.01230	0.00615	0.00615	0.00123	0.00615	0.00492	0.00492	0.75883
15	0.01051	0.00844	0.00937	0.00914	0.01165	0.00731	0.00686	0.01326	0.02057	0.02632	0.28656	0.07357	0.44803	0.01959	0.00981	0.00274	0.00410	0.01664	0.00822	0.00731
16	0.76672	0.01607	0.01221	0.01092	0.01607	0.01864	0.00900	0.02442	0.01414	0.03727	0.01157	0.01350	0.00900	0.00771	0.00514	0.00257	0.00643	0.00450	0.00514	0.00900
17	0.01219	0.00880	0.01286	0.01286	0.01438	0.01015	0.00998	0.01523	0.01371	0.02032	0.02268	0.03249	0.02081	0.05766	0.61605	0.01234	0.02063	0.00880	0.07062	0.00745
18	0.01224	0.00769	0.00860	0.00933	0.01090	0.00721	0.00663	0.01482	0.01718	0.02545	0.04645	0.29448	0.17029	0.01829	0.00848	0.00266	0.00430	0.01583	0.31193	0.00721
19	0.01117	0.00847	0.01029	0.00983	0.01205	0.00759	0.00737	0.01453	0.02212	0.03000	0.47895	0.06750	0.25334	0.01822	0.00980	0.00267	0.00401	0.01579	0.00871	0.00759
20	0.02712	0.02634	0.02364	0.02246	0.08952	0.22240	0.01611	0.21515	0.20625	0.03486	0.02133	0.02168	0.01622	0.00965	0.00809	0.00248	0.01026	0.00737	0.00668	0.01237
21	0.49379	0.01874	0.01693	0.01397	0.01967	0.02128	0.01152	0.24870	0.02339	0.04287	0.01468	0.01589	0.01090	0.00855	0.00632	0.00254	0.00743	0.00561	0.00632	0.01090
22	0.00998	0.00847	0.00864	0.00872	0.01149	0.00713	0.00663	0.01216	0.01894	0.02255	0.08238	0.08056	0.62604	0.02112	0.00989	0.00285	0.00436	0.04336	0.00771	0.00704
23	0.01903	0.02233	0.07663	0.03056	0.03676	0.02219	0.41710	0.02468	0.01750	0.02468	0.01500	0.02091	0.01200	0.00923	0.01474	0.00303	0.21009	0.00887	0.00400	0.01065
24	0.02238	0.08789	0.15148	0.01879	0.02537	0.10109	0.01738	0.09777	0.32415	0.03178	0.02409	0.02366	0.01815	0.00976	0.00793	0.00257	0.00920	0.00762	0.00651	0.01243
25	0.01208	0.00805	0.00906	0.00906	0.00906	0.00805	0.00503	0.01208	0.01208	0.01611	0.02618	0.05436	0.03020	0.70804	0.04228	0.00805	0.00805	0.01208	0.00503	0.00503
26	0.01176	0.00849	0.01110	0.01045	0.01241	0.00784	0.00784	0.01568	0.02352	0.03331	0.65184	0.06206	0.07839	0.01698	0.00980	0.00261	0.00392	0.01502	0.00914	0.00784
27	0.02518	0.03032	0.14328	0.02132	0.02660	0.21202	0.01925	0.18683	0.02375	0.02987	0.01461	0.01761	0.01163	0.01037	0.01292	0.00271	0.18896	0.00656	0.00504	0.01118
28	0.02221	0.71304	0.04353	0.01421	0.02132	0.03287	0.01421	0.02488	0.01688	0.01955	0.01155	0.01333	0.01066	0.00711	0.00533	0.00178	0.00888	0.00444	0.00355	0.01066
29	0.03158	0.02327	0.02493	0.01911	0.02576	0.02576	0.01579	0.62852	0.03906	0.05236	0.01995	0.01995	0.01413	0.00997	0.00831	0.00249	0.00914	0.00748	0.00831	0.01413
30	0.01165	0.00849	0.01095	0.01034	0.01234	0.00779	0.00775	0.01547	0.02326	0.03271	0.62011	0.06306	0.11049	0.01721	0.00980	0.00262	0.00394	0.01516	0.00906	0.00779
31	0.01569	0.01477	0.02492	0.68808	0.05722	0.01846	0.02307	0.02123	0.01661	0.02123	0.01477	0.02215	0.01107	0.00831	0.00831	0.00277	0.01107	0.00738	0.00369	0.00923
32	0.01012	0.00723	0.00964	0.01157	0.01205	0.00675	0.00771	0.01157	0.01591	0.02121	0.04579	0.70262	0.05495	0.02603	0.01060	0.00337	0.00482	0.02362	0.00771	0.00675
33	0.01038	0.00844	0.00919	0.00900	0.01156	0.00725	0.00675	0.01301	0.02026	0.02558	0.24821	0.07478	0.48683	0.01987	0.00981	0.00275	0.00412	0.01681	0.00813	0.00725
34	0.01569	0.01477	0.02492	0.68808	0.05722	0.01846	0.02307	0.02123	0.01661	0.02123	0.01477	0.02215	0.01107	0.00831	0.00831	0.00277	0.01107	0.00738	0.00369	0.00923
35	0.02056	0.01974	0.03372	0.05099	0.65622	0.01974	0.02550	0.02550	0.01892	0.02714	0.01563	0.02056	0.01316	0.00740	0.00822	0.00247	0.00987	0.00740	0.00411	0.01316
36	0.01549	0.00774	0.00774	0.00774	0.00968	0.00774	0.00581	0.01936	0.01742	0.03097	0.02710	0.03097	0.02129	0.00968	0.00581	0.00194	0.00387	0.00774	0.75416	0.00774
37	0.02066	0.01785	0.01878	0.01691	0.02160	0.02066	0.01315	0.04414	0.64121	0.03475	0.03381	0.03099	0.02536	0.01127	0.00845	0.00282	0.00657	0.00939	0.00845	0.01315
38	0.02056	0.01974	0.03372	0.05099	0.65622	0.01974	0.02550	0.02550	0.01892	0.02714	0.01563	0.02056	0.01316	0.00740	0.00822	0.00247	0.00987	0.00740	0.00411	0.01316
39	0.01723	0.01477	0.01723	0.01230	0.01969	0.01107	0.00984	0.02092	0.01723	0.02707	0.01477	0.01723	0.01230	0.00615	0.00615	0.00123	0.00615	0.00492	0.00492	0.75883
40	0.03121	0.03426	0.02400	0.02065	0.02571	0.46253	0.01597	0.22782	0.02862	0.03080	0.01516	0.01660	0.01182	0.00902	0.00776	0.00226	0.01307	0.00605	0.00560	0.01110
41	0.02056	0.01974	0.03372	0.05099	0.65622	0.01974	0.02550	0.02550	0.01892	0.02714	0.01563	0.02056	0.01316	0.00740	0.00822	0.00247	0.00987	0.00740	0.00411	0.01316
42	0.02056	0.01974	0.03372	0.05099	0.65622	0.01974	0.02550	0.02550	0.01892	0.02714	0.01563	0.02056	0.01316	0.00740	0.00822	0.00247	0.00987	0.00740	0.00411	0.01316
43	0.01666	0.04297	0.66500	0.02368	0.03596	0.01929	0.03069	0.02631	0.01754	0.02631	0.01491	0.01754	0.01052	0.00789	0.00789	0.00263	0.01228	0.00614	0.00351	0.01228
44	0.01187	0.00890	0.01335	0.01335	0.01483	0.01038	0.01038	0.01483	0.01335	0.01928	0.02225	0.03264	0.02077	0.06231	0.67512	0.01335	0.02225	0.00890	0.00445	0.00742
45	0.02066	0.01785	0.01878	0.01691	0.02160	0.02066	0.01315	0.04414	0.64121	0.03475	0.03381	0.03099	0.02536	0.01127	0.00845	0.00282	0.00657	0.00939	0.00845	0.01315
46	0.03103	0.03959	0.02354	0.02140	0.02568	0.67469	0.01605	0.03317	0.02354	0.02033	0.01284	0.01498	0.01070	0.00856	0.00749	0.00214	0.01498	0.00535	0.00428	0.00963
47	0.00982	0.00842	0.00842	0.00842	0.01122	0.00701	0.00631	0.01192	0.01894	0.02244	0.08416	0.07995	0.65285	0.02104	0.00982	0.00281	0.00421	0.01753	0.00771	0.00701
48	0.01176	0.00849	0.01110	0.01045	0.01241	0.00784	0.00784	0.01568	0.02352	0.03331	0.65184	0.06206	0.07839	0.01698	0.00980	0.00261	0.00392	0.01502	0.00914	0.00784
49	0.01291	0.00857	0.01173	0.01173	0.01334	0.00962	0.00906	0.01614	0.01453	0.02266	0.02365	0.03216	0.02092	0.04710	0.48169	0.01005	0.01694	0.00857	0.22111	0.00751
50	0.03727	0.01414	0.01928	0.01478	0.02121	0.01221	0.01221	0.04049	0.02378	0.66198	0.03277	0.02828	0.02056	0.01028	0.00835	0.00257	0.00707	0.00835	0.01028	0.01414
51	0.01549	0.00774	0.00774	0.00774	0.00968	0.00774	0.00581	0.01936	0.01742	0.03097	0.02710	0.03097	0.02129	0.00968	0.00581	0.00194	0.00387	0.00774	0.75416	0.00774
52	0.02842	0.02170	0.02316	0.01848	0.02456	0.02429	0.01503	0.45964	0.21308	0.04727	0.02395	0.02314	0.01737	0.01035	0.00835	0.00259	0.00840	0.00803	0.00835	0.01385
53	0.01143	0.00816	0.00887	0.00887	0.00969	0.00775	0.00540	0.01204	0.01406	0.01794	0.04293	0.06176	0.21014	0.50950	0.03290	0.00654	0.00694	0.01366	0.00581	0.00561
54	0.76672	0.01607	0.01221	0.01092	0.01607	0.01864	0.00900	0.02442	0.01414	0.03727	0.01157	0.01350	0.00900	0.00771	0.00514	0.00257	0.00643	0.00450	0.00514	0.00900
55	0.01208	0.00805	0.00906	0.00906	0.00906	0.00805	0.00503	0.01208	0.01208	0.01611	0.02618	0.05436	0.03020	0.70804	0.04228	0.00805	0.00805	0.01208	0.00503	0.00503
56	0.01012	0.00723	0.00964	0.01157	0.01205	0.00675	0.00771	0.01157	0.01591	0.02121	0.04579	0.70262	0.05495	0.02603	0.01060	0.00337	0.00482	0.02362	0.00771	0.00675
57	0.00982	0.00842	0.00842	0.00842	0.01122	0.00701	0.00631	0.01192	0.01894	0.02244	0.08416	0.07995	0.65285	0.02104	0.00982	0.00281	0.00421	0.01753	0.00771	0.00701
58	0.01339	0.00956	0.01339	0.01530	0.01721	0.00956	0.01339	0.01721	0.01912	0.02486	0.04399	0.09371	0.04781	0.02295	0.01147	0.00382	0.00765	0.60031	0.00765	0.00765
59	0.76672	0.01607	0.01221	0.01092	0.01607	0.01864	0.00900	0.02442	0.01414	0.03727	0.01157	0.01350	0.00900	0.00771	0.00514	0.00257	0.00643	0.00450	0.00514	0.00900
60	0.01151	0.00782	0.00923	0.00979	0.00992	0.00768	0.00581	0.01193	0.01319	0.01758	0.03184	0.24171	0.03735	0.51095	0.03313	0.00670	0.00712	0.01541	0.00581	0.00553
61	0.00982	0.00842	0.00842	0.00842	0.01122	0.00701	0.00631	0.01192	0.01894	0.02244	0.08416	0.07995	0.65285	0.02104	0.00982	0.00281	0.00421	0.01753	0.00771	0.00701
62	0.76672	0.01607	0.01221	0.01092	0.01607	0.01864	0.00900	0.02442	0.01414	0.03727	0.01157	0.01350	0.00900	0.00771	0.00514	0.00257	0.00643	0.00450	0.00514	0.00900
63	0.01187	0.00890	0.01335	0.01335	0.01483	0.01038	0.01038	0.01483	0.01335	0.01928	0.02225	0.03264	0.02077	0.06231	0.67512	0.01335	0.02225	0.00890	0.00445	0.00742
64	0.01697	0.01443	0.01541	0.01443	0.01833	0.01581	0.01132	0.03262	0.40806	0.03039	0.04854	0.05076	0.19811	0.01513	0.00914	0.00292	0.00604	0.07252	0.00817	0.01092
65	0.00982	0.00842	0.00842	0.00842	0.01122	0.00701	0.00631	0.01192	0.01894	0.02244	0.08416	0.07995	0.65285	0.02104	0.00982	0.00281	0.00421	0.01753	0.00771	0.00701
66	0.02056	0.01974	0.03372	0.05099	0.65622	0.01974	0.02550	0.02550	0.01892	0.02714	0.01563	0.02056	0.01316	0.00740	0.00822	0.00247	0.00987	0.00740	0.00411	0.01316
67	0.01012	0.00723	0.00964	0.01157	0.01205	0.00675	0.00771	0.01157	0.01591	0.02121	0.04579	0.70262	0.05495	0.02603	0.01060	0.00337	0.00482	0.02362	0.00771	0.00675
68	0.01158	0.00835	0.01094	0.01058	0.01237	0.00772	0.00782	0.01522	0.02267	0.03197	0.58457	0.13316	0.07578	0.01799	0.00989	0.00270	0.00402	0.01598	0.00899	0.00772
69	0.01248	0.00880	0.01082	0.08443	0.01441	0.00921	0.00704	0.01310	0.01258	0.01668	0.02491	0.05079	0.02808	0.63037	0.03851	0.00747	0.00839	0.01156	0.00488	0.00550
70	0.01045	0.00834	0.00834	0.00834	0.01105	0.00709	0.00626	0.01275	0.01877	0.02339	0.07782	0.07451	0.58275	0.01978	0.00937	0.00271	0.00417	0.01645	0.09057	0.00709
71	0.01876	0.01752	0.01793	0.01331	0.02035	0.08474	0.01053	0.02228	0.01793	0.02632	0.01455	0.01698	0.01213	0.00642	0.00630	0.00133	0.00713	0.00497	0.00485	0.67567
72	0.01101	0.00967	0.01122	0.01314	0.08282	0.00843	0.00844	0.01343	0.01893	0.02296	0.07655	0.07336	0.58185	0.01953	0.00964	0.00277	0.00484	0.01641	0.00731	0.00770
73	0.02933	0.03684	0.02369	0.09540	0.02918	0.60185	0.01683	0.03185	0.02277	0.02043	0.01305	0.01578	0.01074	0.00853	0.00758	0.00221	0.01455	0.00558	0.00421	0.00959
74	0.03173	0.03677	0.02307	0.02067	0.02519	0.60116	0.01562	0.03398	0.02357	0.09155	0.01505	0.01646	0.01180	0.00875	0.00759	0.00219	0.01410	0.00568	0.00495	0.01013
75	0.01223	0.01006	0.01025	0.00960	0.01284	0.00909	0.00736	0.08036	0.02117	0.02576	0.07703	0.07329	0.58195	0.01981	0.00965	0.00277	0.00476	0.01642	0.00778	0.00780
76	0.01468	0.00864	0.01025	0.00995	0.01072	0.00838	0.00611	0.01518	0.01377	0.08832	0.02893	0.11829	0.03168	0.56029	0.03525	0.00696	0.00761	0.01286	0.00589	0.00622
77	0.01247	0.00957	0.01270	0.01171	0.01345	0.00979	0.00899	0.01616	0.02232	0.03184	0.58070	0.05718	0.07089	0.01671	0.01174	0.00273	0.08039	0.01416	0.00853	0.00798
78	0.64762	0.05373	0.01504	0.01225	0.01740	0.09217	0.01004	0.02541	0.01532	0.03450	0.01171	0.01365	0.00927	0.00778	0.00541	0.00248	0.00750	0.00459	0.00497	0.00915
79	0.03145	0.02113	0.02337	0.01802	0.02439	0.02279	0.01484	0.50774	0.03594	0.14466	0.05369	0.02334	0.01834	0.01037	0.00839	0.00251	0.00856	0.00799	0.00865	0.01381
80	0.01368	0.01295	0.08598	0.01457	0.01750	0.01146	0.01273	0.01740	0.01434	0.05239	0.02197	0.03074	0.01962	0.05365	0.56752	0.01162	0.02038	0.00857	0.00464	0.00829

[dist]
# distance from previous block
# <min> <max>
0	8

# created by:
# /home/cegg/simao/soft/augustus-3.2.1/scripts/msa2prfl.pl ./align_prep/15040.fa
