[name]
unknown

[dist]
# distance from previous block
# <min> <max>
0	2

[block]
# block no. 0 follows, 21 sequences, length 17
# corresponding to MSA columns:
# 2-18
name=unknown_A
#
# <colnr> <probs for GDERKNQSTAVLIFYWHMCP>
#	G	D	E	R	K	N	Q	S	T	A	V	L	I	F	Y	W	H	M	C	P
0	0.09343	0.01093	0.01457	0.05361	0.01969	0.01158	0.01324	0.01943	0.01814	0.05697	0.03547	0.06913	0.03651	0.02718	0.12180	0.00531	0.01041	0.36734	0.00691	0.00837
1	0.05919	0.01903	0.02195	0.24662	0.08749	0.11778	0.01720	0.10377	0.02037	0.02672	0.01613	0.02171	0.01298	0.01232	0.01225	0.12964	0.01024	0.00710	0.04803	0.00948
2	0.02235	0.02368	0.01948	0.05273	0.05551	0.26141	0.01373	0.02835	0.12335	0.02404	0.02403	0.03025	0.04944	0.12339	0.01477	0.00345	0.04516	0.00846	0.06686	0.00956
3	0.01199	0.00916	0.01216	0.01225	0.01341	0.00996	0.00894	0.01397	0.01462	0.01991	0.03604	0.14695	0.12002	0.17972	0.30314	0.00880	0.05295	0.01333	0.00564	0.00703
4	0.01034	0.00810	0.00918	0.01000	0.01170	0.00714	0.00697	0.01207	0.01765	0.02203	0.06604	0.33309	0.36096	0.06901	0.01261	0.00347	0.00483	0.02016	0.00772	0.00694
5	0.01327	0.00995	0.01279	0.12396	0.01898	0.01071	0.00927	0.01607	0.05516	0.01948	0.02850	0.14865	0.03126	0.43200	0.03002	0.00622	0.00815	0.01323	0.00559	0.00671
6	0.01171	0.00867	0.01061	0.01134	0.01277	0.00801	0.00779	0.03258	0.01759	0.02335	0.07876	0.44914	0.13805	0.09467	0.01380	0.00369	0.00536	0.02008	0.00756	0.04448
7	0.01120	0.00786	0.00997	0.01095	0.01157	0.00747	0.00717	0.01271	0.01654	0.02240	0.14249	0.41344	0.05343	0.20941	0.01959	0.00463	0.00569	0.01947	0.00740	0.00662
8	0.01259	0.00883	0.01073	0.01145	0.01219	0.00872	0.00747	0.05341	0.01649	0.02201	0.03783	0.41790	0.04426	0.26958	0.02245	0.00513	0.00644	0.01879	0.00695	0.00679
9	0.02488	0.01282	0.01720	0.12596	0.02374	0.01278	0.01195	0.05883	0.01980	0.28387	0.02732	0.03631	0.02233	0.23673	0.01986	0.00448	0.00827	0.00957	0.03294	0.01034
10	0.01227	0.00911	0.01225	0.12396	0.01876	0.00957	0.00929	0.01377	0.01459	0.01929	0.03216	0.28332	0.03686	0.33775	0.02558	0.00558	0.00757	0.01587	0.00592	0.00652
11	0.01536	0.01094	0.01301	0.01235	0.01426	0.01110	0.00891	0.11648	0.02143	0.02911	0.19424	0.18317	0.04752	0.22204	0.01997	0.00456	0.00662	0.05334	0.00757	0.00803
12	0.01711	0.01112	0.01332	0.01231	0.01492	0.01219	0.00964	0.11951	0.01986	0.03043	0.02444	0.03053	0.02034	0.03251	0.28294	0.00697	0.01276	0.00838	0.31182	0.00890
13	0.01672	0.01359	0.01548	0.01461	0.01792	0.01482	0.01128	0.03079	0.33524	0.03309	0.22952	0.10496	0.04774	0.01571	0.00954	0.00295	0.00581	0.06077	0.00875	0.01071
14	0.01897	0.01023	0.01359	0.01188	0.01510	0.00922	0.00922	0.02279	0.02416	0.19819	0.48189	0.05441	0.06461	0.01558	0.00965	0.00267	0.00487	0.01358	0.00968	0.00974
15	0.01278	0.00942	0.01327	0.01306	0.01427	0.01092	0.00986	0.01529	0.01367	0.01997	0.02314	0.03628	0.02239	0.16582	0.48610	0.01150	0.05567	0.00951	0.04979	0.00730
16	0.13299	0.01486	0.01974	0.12735	0.02726	0.01449	0.01394	0.03589	0.02177	0.46270	0.02749	0.02584	0.01780	0.00983	0.00810	0.00267	0.00785	0.00785	0.00867	0.01291

[dist]
# distance from previous block
# <min> <max>
0	4

[block]
# block no. 1 follows, 21 sequences, length 87
# corresponding to MSA columns:
# 23-109
name=unknown_B
#
# <colnr> <probs for GDERKNQSTAVLIFYWHMCP>
#	G	D	E	R	K	N	Q	S	T	A	V	L	I	F	Y	W	H	M	C	P
0	0.02017	0.02272	0.04887	0.03727	0.09607	0.02141	0.56640	0.02716	0.02003	0.02731	0.01711	0.02279	0.01296	0.00721	0.00990	0.00284	0.01398	0.00983	0.00430	0.01165
1	0.01201	0.01100	0.01031	0.01070	0.01301	0.06351	0.00774	0.01397	0.01890	0.02244	0.06850	0.25511	0.41871	0.02195	0.01009	0.00299	0.00544	0.01871	0.00760	0.00733
2	0.01717	0.01458	0.01711	0.01244	0.01953	0.01106	0.00991	0.02097	0.01820	0.02828	0.06885	0.02157	0.01839	0.00725	0.00662	0.00138	0.00611	0.00593	0.00541	0.68924
3	0.01200	0.00897	0.01335	0.01352	0.01495	0.01032	0.01040	0.01491	0.01390	0.01992	0.02486	0.09004	0.02427	0.06065	0.61107	0.01280	0.02127	0.01041	0.00484	0.00754
4	0.01969	0.41290	0.25747	0.01775	0.02631	0.02648	0.01994	0.02483	0.01744	0.02261	0.01604	0.07347	0.01475	0.00922	0.00685	0.00227	0.00997	0.00684	0.00399	0.01116
5	0.01185	0.00873	0.01129	0.01075	0.01280	0.00817	0.00809	0.01559	0.02272	0.03176	0.53361	0.06286	0.13262	0.02179	0.06624	0.00364	0.00565	0.01512	0.00881	0.00791
6	0.01680	0.01740	0.03547	0.02695	0.03259	0.01637	0.39306	0.02184	0.01847	0.02491	0.02635	0.19472	0.02643	0.07189	0.01315	0.00351	0.01127	0.03376	0.00539	0.00968
7	0.02585	0.03182	0.09608	0.16459	0.03417	0.33216	0.01943	0.09104	0.07552	0.02632	0.01640	0.01916	0.01267	0.00902	0.00807	0.00249	0.01282	0.00660	0.00495	0.01086
8	0.01026	0.00859	0.00868	0.00868	0.01131	0.00728	0.00635	0.01223	0.01880	0.02243	0.08113	0.07966	0.59192	0.07965	0.01290	0.00333	0.00465	0.01748	0.00767	0.00701
9	0.01263	0.00963	0.01402	0.01359	0.01562	0.01070	0.01059	0.01573	0.01402	0.02044	0.02214	0.03208	0.02053	0.05891	0.61068	0.01261	0.02138	0.00877	0.00460	0.07134
10	0.02098	0.02045	0.03588	0.05084	0.59624	0.02033	0.07664	0.02622	0.01944	0.02776	0.01611	0.02122	0.01343	0.00755	0.00856	0.00256	0.01047	0.00779	0.00422	0.01331
11	0.01765	0.01513	0.01765	0.01260	0.02017	0.01134	0.01008	0.02143	0.01765	0.02773	0.01513	0.01765	0.01260	0.00630	0.00630	0.00126	0.00630	0.00504	0.00504	0.75295
12	0.01585	0.01257	0.01754	0.04937	0.02053	0.01288	0.06698	0.12092	0.04745	0.02839	0.03741	0.45286	0.04140	0.02042	0.01016	0.00319	0.00698	0.01853	0.00750	0.00906
13	0.03015	0.03787	0.02431	0.05953	0.02793	0.59352	0.01698	0.03252	0.02308	0.02086	0.01315	0.01595	0.01100	0.00910	0.00887	0.00232	0.05305	0.00571	0.00431	0.00981
14	0.02636	0.02029	0.02232	0.01674	0.02386	0.02026	0.01369	0.37578	0.03090	0.04308	0.01827	0.01930	0.01371	0.00862	0.00761	0.00203	0.00812	0.00659	0.00710	0.31538
15	0.01956	0.02141	0.04158	0.03103	0.03657	0.02315	0.40308	0.02484	0.01757	0.02484	0.01506	0.02141	0.01229	0.00993	0.01644	0.00317	0.25418	0.00912	0.00410	0.01070
16	0.03235	0.02384	0.02554	0.01958	0.02639	0.02639	0.01618	0.61946	0.04001	0.05363	0.02043	0.02043	0.01447	0.01022	0.00851	0.00255	0.00936	0.00766	0.00851	0.01447
17	0.01204	0.00870	0.01138	0.01071	0.01271	0.00803	0.00803	0.01606	0.02409	0.03413	0.64335	0.06357	0.08030	0.01740	0.01004	0.00268	0.00401	0.01539	0.00937	0.00803
18	0.02833	0.03466	0.02512	0.02371	0.06020	0.49146	0.01746	0.03061	0.02144	0.02114	0.01288	0.01638	0.01115	0.01003	0.01211	0.00254	0.16057	0.00603	0.00423	0.00995
19	0.03501	0.01378	0.01873	0.01460	0.02063	0.01196	0.01196	0.03839	0.02432	0.57849	0.10762	0.03317	0.02826	0.01137	0.00874	0.00264	0.00685	0.00939	0.01039	0.01370
20	0.01171	0.00869	0.01091	0.01217	0.01378	0.00818	0.00941	0.01413	0.01796	0.02295	0.05466	0.25217	0.20588	0.08780	0.01404	0.00393	0.00616	0.23069	0.00762	0.00716
21	0.01765	0.01513	0.01765	0.01260	0.02017	0.01134	0.01008	0.02143	0.01765	0.02773	0.01513	0.01765	0.01260	0.00630	0.00630	0.00126	0.00630	0.00504	0.00504	0.75295
22	0.76103	0.01646	0.01251	0.01119	0.01646	0.01909	0.00922	0.02502	0.01448	0.03818	0.01185	0.01382	0.00922	0.00790	0.00527	0.00263	0.00658	0.00461	0.00527	0.00922
23	0.02275	0.70604	0.04459	0.01456	0.02184	0.03367	0.01456	0.02548	0.01729	0.02002	0.01183	0.01365	0.01092	0.00728	0.00546	0.00182	0.00910	0.00455	0.00364	0.01092
24	0.02117	0.02075	0.03277	0.04832	0.57655	0.05657	0.02469	0.02595	0.01933	0.02695	0.01623	0.02144	0.01378	0.01083	0.04568	0.00314	0.01113	0.00755	0.00424	0.01294
25	0.01652	0.01200	0.01382	0.01336	0.01627	0.04209	0.01069	0.02207	0.08157	0.08758	0.27139	0.06568	0.12679	0.01789	0.01010	0.00302	0.00617	0.16531	0.00858	0.00909
26	0.03227	0.02214	0.02497	0.01914	0.02591	0.05350	0.04327	0.40754	0.03378	0.17983	0.02251	0.02202	0.01557	0.00987	0.00844	0.00250	0.00927	0.00773	0.00838	0.05134
27	0.02765	0.02524	0.19613	0.01935	0.02740	0.01868	0.04130	0.18754	0.06071	0.23034	0.02749	0.02660	0.05134	0.01033	0.00856	0.00267	0.00934	0.00834	0.00761	0.01338
28	0.02028	0.45405	0.23320	0.01733	0.02592	0.02766	0.01939	0.02532	0.01795	0.02311	0.05428	0.01827	0.01542	0.00819	0.00658	0.00215	0.00985	0.00580	0.00400	0.01125
29	0.01218	0.00902	0.01318	0.01318	0.01452	0.01037	0.01001	0.01488	0.01353	0.01939	0.02325	0.03596	0.02237	0.13625	0.59628	0.01306	0.02114	0.00949	0.00463	0.00732
30	0.01793	0.03544	0.44495	0.03178	0.21524	0.01933	0.02876	0.02605	0.01845	0.02702	0.01866	0.02174	0.03995	0.00854	0.00827	0.00265	0.01148	0.00719	0.00397	0.01260
31	0.01167	0.00831	0.01043	0.01065	0.01171	0.00805	0.00724	0.01366	0.01745	0.02385	0.22678	0.19556	0.09106	0.23852	0.08221	0.00564	0.00732	0.01592	0.00718	0.00679
32	0.02100	0.02040	0.03557	0.05116	0.60831	0.02031	0.06482	0.02619	0.01942	0.02777	0.01609	0.02119	0.01344	0.00756	0.00853	0.00255	0.01039	0.00774	0.00422	0.01335
33	0.05925	0.53981	0.13496	0.01621	0.02386	0.03048	0.01703	0.02546	0.01706	0.02202	0.01232	0.01454	0.01082	0.00778	0.00685	0.00208	0.03978	0.00495	0.00372	0.01101
34	0.01403	0.01285	0.01213	0.01164	0.01500	0.05353	0.00891	0.02101	0.15287	0.02568	0.06872	0.06716	0.44684	0.01861	0.00966	0.00287	0.00569	0.03623	0.00783	0.00875
35	0.02029	0.01999	0.03601	0.04640	0.49142	0.01967	0.13735	0.02568	0.01982	0.02811	0.05734	0.02421	0.01775	0.00815	0.00884	0.00260	0.01052	0.00856	0.00457	0.01274
36	0.02342	0.24096	0.02879	0.05518	0.02461	0.15402	0.01574	0.11302	0.02228	0.02647	0.02074	0.03368	0.01976	0.01204	0.00918	0.00263	0.04884	0.13281	0.00544	0.01039
37	0.05624	0.10405	0.37063	0.02106	0.03034	0.09495	0.02354	0.03098	0.13535	0.02775	0.01820	0.01966	0.01363	0.00873	0.00775	0.00258	0.01114	0.00657	0.00473	0.01211
38	0.08620	0.01257	0.04355	0.01220	0.01551	0.01152	0.00988	0.02114	0.11639	0.03189	0.33247	0.09574	0.14603	0.01635	0.00932	0.00279	0.00521	0.01397	0.00826	0.00901
39	0.05892	0.04068	0.56893	0.02452	0.03635	0.01988	0.08027	0.02687	0.01795	0.02760	0.01525	0.01816	0.01088	0.00800	0.00809	0.00271	0.01239	0.00652	0.00375	0.01230
40	0.02161	0.02125	0.03401	0.05069	0.61623	0.05310	0.02563	0.02652	0.01962	0.02745	0.01586	0.02077	0.01335	0.00764	0.00839	0.00251	0.01038	0.00748	0.00422	0.01330
41	0.01966	0.12770	0.51335	0.02238	0.03357	0.05012	0.02752	0.02790	0.01852	0.06127	0.01577	0.01791	0.01139	0.00815	0.00775	0.00256	0.01195	0.00616	0.00403	0.01235
42	0.01565	0.01467	0.01597	0.01543	0.01734	0.11757	0.01196	0.01849	0.01534	0.01996	0.02067	0.02979	0.01911	0.05254	0.52940	0.01133	0.05378	0.00845	0.00449	0.00805
43	0.09894	0.02335	0.05537	0.01831	0.02518	0.04732	0.01562	0.41912	0.03312	0.11664	0.02035	0.02035	0.01433	0.00970	0.00806	0.00250	0.00912	0.00721	0.00788	0.04754
44	0.01794	0.03885	0.52167	0.03033	0.16954	0.01986	0.03029	0.02677	0.01827	0.02714	0.01543	0.01864	0.01137	0.00798	0.00816	0.00266	0.01204	0.00657	0.00373	0.01277
45	0.03179	0.04056	0.02412	0.02192	0.02631	0.66676	0.01644	0.03398	0.02412	0.02083	0.01315	0.01535	0.01096	0.00877	0.00767	0.00219	0.01535	0.00548	0.00438	0.00987
46	0.03187	0.02360	0.02527	0.01948	0.02621	0.02616	0.01606	0.59463	0.06563	0.05285	0.02105	0.02092	0.01497	0.01027	0.00852	0.00257	0.00925	0.00775	0.00852	0.01443
47	0.01037	0.00741	0.00987	0.01185	0.01234	0.00691	0.00790	0.01185	0.01629	0.02172	0.04690	0.69537	0.05629	0.02666	0.01086	0.00346	0.00494	0.02419	0.00790	0.00691
48	0.02078	0.01993	0.03403	0.08808	0.61421	0.02014	0.02598	0.02587	0.01924	0.02746	0.01596	0.02116	0.01336	0.00764	0.00843	0.00255	0.01018	0.00758	0.00419	0.01325
49	0.01829	0.01598	0.02660	0.14827	0.37694	0.01655	0.02064	0.02141	0.01717	0.02370	0.01913	0.02545	0.04520	0.01322	0.01392	0.16546	0.00944	0.00806	0.00421	0.01035
50	0.01037	0.00741	0.00987	0.01185	0.01234	0.00691	0.00790	0.01185	0.01629	0.02172	0.04690	0.69537	0.05629	0.02666	0.01086	0.00346	0.00494	0.02419	0.00790	0.00691
51	0.03707	0.01626	0.02085	0.01599	0.02261	0.01515	0.01321	0.15145	0.02734	0.53954	0.03107	0.02734	0.01981	0.01047	0.00855	0.00262	0.00765	0.00839	0.01015	0.01448
52	0.01772	0.03944	0.52508	0.02678	0.03849	0.02015	0.15861	0.02702	0.01843	0.02702	0.01569	0.01905	0.01124	0.00789	0.00851	0.00273	0.01296	0.00710	0.00375	0.01234
53	0.01743	0.01652	0.02799	0.50890	0.21953	0.01927	0.02431	0.02294	0.01766	0.02340	0.01537	0.02224	0.01193	0.00826	0.00849	0.00275	0.01101	0.00757	0.00390	0.01055
54	0.01217	0.00909	0.01351	0.01351	0.01498	0.01055	0.01043	0.01509	0.01363	0.01963	0.02294	0.03426	0.02163	0.08742	0.64409	0.01348	0.02226	0.00924	0.00458	0.00751
55	0.01491	0.01316	0.01895	0.01736	0.01824	0.01720	0.01403	0.01744	0.01340	0.02006	0.01785	0.02713	0.01698	0.04301	0.39532	0.00944	0.30458	0.00841	0.00420	0.00833
56	0.02100	0.02040	0.03557	0.05116	0.60831	0.02031	0.06482	0.02619	0.01942	0.02777	0.01609	0.02119	0.01344	0.00756	0.00853	0.00255	0.01039	0.00774	0.00422	0.01335
57	0.02173	0.58741	0.15430	0.01630	0.02453	0.03118	0.01759	0.02575	0.01741	0.02126	0.01245	0.01442	0.01090	0.00742	0.00593	0.00198	0.00972	0.00486	0.00363	0.01122
58	0.01144	0.00868	0.01054	0.01007	0.01234	0.00777	0.00755	0.01489	0.02266	0.03074	0.47376	0.06915	0.25200	0.01866	0.01004	0.00274	0.00410	0.01617	0.00892	0.00777
59	0.21715	0.30655	0.17319	0.01594	0.02383	0.02461	0.01680	0.02725	0.01739	0.08806	0.01474	0.01617	0.01143	0.00794	0.00631	0.00231	0.00905	0.00535	0.00473	0.01120
60	0.16045	0.03629	0.46975	0.02109	0.03168	0.01967	0.02549	0.06038	0.01883	0.05929	0.01575	0.01782	0.01116	0.00828	0.00759	0.00267	0.01101	0.00615	0.00450	0.01213
61	0.19010	0.02106	0.01819	0.01671	0.02120	0.14195	0.01335	0.08268	0.21649	0.03310	0.02605	0.03512	0.02247	0.01222	0.00825	0.00285	0.00876	0.11163	0.00692	0.01090
62	0.02752	0.25881	0.05498	0.01961	0.02502	0.39809	0.01651	0.03017	0.02102	0.02078	0.01269	0.01507	0.01095	0.00859	0.00808	0.00217	0.05027	0.00531	0.00407	0.01029
63	0.02029	0.02322	0.08357	0.04178	0.28983	0.02088	0.33783	0.02677	0.01966	0.02746	0.01660	0.02186	0.01300	0.00740	0.00926	0.00272	0.01250	0.00879	0.00422	0.01237
64	0.03083	0.03506	0.02386	0.02094	0.02571	0.48651	0.01606	0.16453	0.02711	0.02814	0.01532	0.01749	0.01232	0.01214	0.04437	0.00291	0.01441	0.00617	0.00532	0.01078
65	0.01006	0.00862	0.00862	0.00862	0.01149	0.00718	0.00647	0.01221	0.01940	0.02299	0.08621	0.08190	0.64438	0.02155	0.01006	0.00287	0.00431	0.01796	0.00790	0.00718
66	0.01075	0.00757	0.00976	0.01136	0.01176	0.00717	0.00738	0.01195	0.01555	0.02073	0.04308	0.57365	0.05146	0.15496	0.01704	0.00437	0.00557	0.02194	0.00738	0.00658
67	0.01707	0.04402	0.65683	0.02426	0.03683	0.01976	0.03144	0.02695	0.01797	0.02695	0.01527	0.01797	0.01078	0.00809	0.00809	0.00270	0.01258	0.00629	0.00359	0.01258
68	0.01707	0.04402	0.65683	0.02426	0.03683	0.01976	0.03144	0.02695	0.01797	0.02695	0.01527	0.01797	0.01078	0.00809	0.00809	0.00270	0.01258	0.00629	0.00359	0.01258
69	0.01037	0.00741	0.00987	0.01185	0.01234	0.00691	0.00790	0.01185	0.01629	0.02172	0.04690	0.69537	0.05629	0.02666	0.01086	0.00346	0.00494	0.02419	0.00790	0.00691
70	0.02275	0.70604	0.04459	0.01456	0.02184	0.03367	0.01456	0.02548	0.01729	0.02002	0.01183	0.01365	0.01092	0.00728	0.00546	0.00182	0.00910	0.00455	0.00364	0.01092
71	0.02000	0.02272	0.04888	0.03512	0.04325	0.02177	0.58381	0.02688	0.01970	0.02688	0.01688	0.02272	0.01282	0.00760	0.01103	0.00292	0.05149	0.00990	0.00427	0.01136
72	0.01029	0.00772	0.00955	0.01102	0.01213	0.00698	0.00753	0.01194	0.01709	0.02205	0.05696	0.53845	0.20672	0.02535	0.01066	0.00331	0.00478	0.02260	0.00790	0.00698
73	0.02360	0.02484	0.02043	0.02033	0.08481	0.26114	0.01419	0.12194	0.05845	0.02832	0.03802	0.03789	0.20515	0.01292	0.00867	0.00253	0.01001	0.01007	0.00634	0.01036
74	0.02244	0.66940	0.07848	0.01510	0.02267	0.03290	0.01550	0.02556	0.01733	0.02041	0.01202	0.01389	0.01091	0.00733	0.00561	0.00187	0.00929	0.00465	0.00364	0.01101
75	0.01009	0.00850	0.00875	0.00895	0.01158	0.00716	0.00661	0.01218	0.01908	0.02286	0.08221	0.14430	0.58457	0.02207	0.01014	0.00293	0.00437	0.01859	0.00790	0.00716
76	0.01091	0.00865	0.00989	0.01018	0.01253	0.00763	0.00776	0.01358	0.02007	0.02542	0.19171	0.14214	0.40128	0.02144	0.01033	0.00301	0.00471	0.08316	0.00820	0.00740
77	0.67711	0.09485	0.01616	0.01157	0.01707	0.02075	0.00982	0.02507	0.01480	0.03612	0.01185	0.01380	0.00941	0.00783	0.00529	0.00254	0.00687	0.00460	0.00508	0.00941
78	0.01843	0.20216	0.51059	0.02194	0.03325	0.02309	0.02741	0.02660	0.01781	0.02530	0.01445	0.01694	0.01081	0.00789	0.00746	0.00249	0.01175	0.00587	0.00360	0.01218
79	0.01730	0.01638	0.02774	0.52580	0.20367	0.01923	0.02425	0.02282	0.01760	0.02323	0.01534	0.02229	0.01187	0.00828	0.00849	0.00276	0.01104	0.00757	0.00389	0.01044
80	0.02561	0.02018	0.02142	0.01774	0.02335	0.02259	0.01422	0.31334	0.30768	0.04316	0.03178	0.03015	0.06659	0.01166	0.00869	0.00273	0.00779	0.00932	0.00853	0.01347
81	0.01037	0.00741	0.00987	0.01185	0.01234	0.00691	0.00790	0.01185	0.01629	0.02172	0.04690	0.69537	0.05629	0.02666	0.01086	0.00346	0.00494	0.02419	0.00790	0.00691
82	0.01407	0.01181	0.01702	0.04787	0.01853	0.01483	0.01276	0.01659	0.01352	0.01968	0.01981	0.03149	0.01921	0.11915	0.39763	0.00993	0.19489	0.00897	0.00437	0.00787
83	0.01164	0.00794	0.00950	0.01022	0.01040	0.00776	0.00616	0.01218	0.01381	0.01841	0.03416	0.28973	0.04021	0.45423	0.03144	0.00650	0.00704	0.01670	0.00616	0.00580
84	0.02396	0.02487	0.02099	0.01999	0.05230	0.22166	0.01467	0.03931	0.38604	0.03005	0.02943	0.02843	0.04904	0.01095	0.00841	0.00265	0.00947	0.00862	0.00708	0.01206
85	0.01075	0.00884	0.00959	0.00996	0.01266	0.00768	0.00784	0.01324	0.01943	0.02346	0.07838	0.08458	0.53109	0.02192	0.01038	0.00307	0.00498	0.12691	0.00789	0.00731
86	0.01238	0.00825	0.00928	0.00928	0.00928	0.00825	0.00516	0.01238	0.01238	0.01650	0.02681	0.05569	0.03094	0.70092	0.04331	0.00825	0.00825	0.01238	0.00516	0.00516

[dist]
# distance from previous block
# <min> <max>
0	1

# created by:
# /home/cegg/simao/soft/augustus-3.2.1/scripts/msa2prfl.pl ./align_prep/15057.fa
