[name]
unknown

[dist]
# distance from previous block
# <min> <max>
0	0

[block]
# block no. 0 follows, 19 sequences, length 73
# corresponding to MSA columns:
# 0-72
name=unknown_A
#
# <colnr> <probs for GDERKNQSTAVLIFYWHMCP>
#	G	D	E	R	K	N	Q	S	T	A	V	L	I	F	Y	W	H	M	C	P
0	0.01442	0.01030	0.01442	0.01648	0.01854	0.01030	0.01442	0.01854	0.02060	0.02677	0.04737	0.10092	0.05149	0.02471	0.01236	0.00412	0.00824	0.56956	0.00824	0.00824
1	0.03401	0.02506	0.02685	0.02058	0.02774	0.02774	0.01700	0.59995	0.04206	0.05638	0.02148	0.02148	0.01521	0.01074	0.00895	0.00268	0.00984	0.00805	0.00895	0.01521
2	0.02153	0.02746	0.13756	0.03474	0.04428	0.02270	0.47456	0.06747	0.02221	0.03050	0.01803	0.02318	0.01336	0.00790	0.01014	0.00297	0.01445	0.00981	0.00472	0.01245
3	0.02706	0.02025	0.02233	0.01784	0.02384	0.02125	0.01430	0.39404	0.03348	0.04554	0.02599	0.14879	0.02343	0.01344	0.00906	0.00265	0.00843	0.01099	0.00824	0.12904
4	0.03347	0.04125	0.02547	0.02285	0.02766	0.60064	0.01726	0.08020	0.02667	0.02461	0.01443	0.01656	0.01181	0.00934	0.00814	0.00233	0.01564	0.00594	0.00495	0.01075
5	0.03009	0.03479	0.02876	0.03238	0.20781	0.41032	0.02031	0.07983	0.02524	0.02694	0.01536	0.01837	0.01262	0.00897	0.00838	0.00244	0.01397	0.00661	0.00491	0.01191
6	0.02214	0.02126	0.03631	0.05491	0.62978	0.02126	0.02746	0.02746	0.02037	0.02923	0.01683	0.02214	0.01417	0.00797	0.00886	0.00266	0.01063	0.00797	0.00443	0.01417
7	0.01057	0.00906	0.00906	0.00906	0.01208	0.00755	0.00680	0.01284	0.02039	0.02417	0.09063	0.08610	0.62615	0.02266	0.01057	0.00302	0.00453	0.01888	0.00831	0.00755
8	0.01666	0.01359	0.01538	0.01538	0.01820	0.01488	0.01128	0.03027	0.32001	0.03024	0.04276	0.35154	0.04299	0.01996	0.01024	0.00333	0.00615	0.01766	0.00871	0.01077
9	0.02105	0.02014	0.03434	0.18198	0.51127	0.02097	0.02691	0.02650	0.01985	0.02790	0.01663	0.02250	0.01370	0.00817	0.00888	0.00272	0.01090	0.00797	0.00433	0.01329
10	0.03821	0.01480	0.02015	0.01559	0.02217	0.01282	0.01282	0.04173	0.02559	0.59394	0.07661	0.03300	0.02651	0.01158	0.00911	0.00277	0.00738	0.00950	0.01099	0.01475
11	0.02022	0.02444	0.12675	0.17351	0.30295	0.02118	0.14660	0.02688	0.01979	0.02765	0.01679	0.02243	0.01316	0.00816	0.00918	0.00283	0.01221	0.00831	0.00426	0.01271
12	0.01085	0.00907	0.00944	0.00935	0.01225	0.00767	0.00701	0.01337	0.02104	0.02570	0.16037	0.08358	0.55545	0.02209	0.01057	0.00299	0.00449	0.01853	0.00851	0.00767
13	0.18753	0.11970	0.39466	0.02096	0.03135	0.04986	0.02478	0.02799	0.01824	0.02986	0.01468	0.01720	0.01098	0.00838	0.00746	0.00268	0.01144	0.00594	0.00422	0.01207
14	0.64065	0.01692	0.01442	0.01452	0.05898	0.01916	0.01068	0.02532	0.01599	0.03813	0.01892	0.02070	0.05859	0.00941	0.00616	0.00278	0.00699	0.00617	0.00568	0.00983
15	0.01109	0.00908	0.00977	0.00960	0.01240	0.00777	0.00720	0.01383	0.02160	0.02704	0.22166	0.08137	0.49333	0.02159	0.01057	0.00297	0.00446	0.01822	0.00869	0.00777
16	0.02214	0.02126	0.03631	0.05491	0.62978	0.02126	0.02746	0.02746	0.02037	0.02923	0.01683	0.02214	0.01417	0.00797	0.00886	0.00266	0.01063	0.00797	0.00443	0.01417
17	0.06642	0.02548	0.02685	0.02467	0.10472	0.08466	0.01785	0.41056	0.07209	0.04766	0.02065	0.02147	0.01522	0.01021	0.00870	0.00267	0.01022	0.00780	0.00780	0.01429
18	0.08216	0.13695	0.02669	0.01715	0.02382	0.02339	0.01456	0.27540	0.03060	0.19169	0.07029	0.02556	0.02136	0.01071	0.00829	0.00259	0.00859	0.00813	0.00842	0.01365
19	0.02267	0.55650	0.17043	0.01743	0.02625	0.03235	0.01901	0.02711	0.01833	0.02257	0.01319	0.01530	0.01145	0.00783	0.00632	0.00211	0.01033	0.00516	0.00382	0.01184
20	0.01090	0.00779	0.01038	0.01246	0.01298	0.00727	0.00830	0.01246	0.01713	0.02284	0.04931	0.67975	0.05917	0.02803	0.01142	0.00363	0.00519	0.02543	0.00830	0.00727
21	0.02030	0.30095	0.40524	0.02147	0.03250	0.02655	0.02604	0.02772	0.01861	0.02546	0.01463	0.01710	0.01139	0.00817	0.00741	0.00247	0.01178	0.00589	0.00380	0.01253
22	0.01154	0.00844	0.01090	0.01205	0.01335	0.00780	0.00858	0.01401	0.01977	0.02649	0.19673	0.42089	0.12928	0.02478	0.01117	0.00339	0.00508	0.05941	0.00868	0.00766
23	0.01301	0.00867	0.00976	0.00976	0.00976	0.00867	0.00542	0.01301	0.01301	0.01735	0.02819	0.05855	0.03253	0.68559	0.04554	0.00867	0.00867	0.01301	0.00542	0.00542
24	0.02214	0.02126	0.03631	0.05491	0.62978	0.02126	0.02746	0.02746	0.02037	0.02923	0.01683	0.02214	0.01417	0.00797	0.00886	0.00266	0.01063	0.00797	0.00443	0.01417
25	0.03386	0.02955	0.02647	0.02121	0.02772	0.18671	0.01708	0.45573	0.03779	0.04757	0.01952	0.02011	0.01427	0.01035	0.00872	0.00259	0.01145	0.00747	0.00784	0.01398
26	0.02245	0.01676	0.01901	0.01686	0.02119	0.01791	0.01364	0.26561	0.07846	0.04006	0.07889	0.13813	0.08276	0.01762	0.01025	0.00318	0.00783	0.12916	0.00874	0.01151
27	0.01078	0.00824	0.00991	0.01125	0.01266	0.00737	0.00777	0.01259	0.01829	0.02331	0.06400	0.46874	0.26069	0.02612	0.01112	0.00342	0.00496	0.02310	0.00831	0.00737
28	0.01084	0.00893	0.00958	0.01003	0.01259	0.00766	0.00747	0.01310	0.01988	0.02410	0.08154	0.18273	0.50242	0.02364	0.01081	0.00318	0.00485	0.05083	0.00830	0.00754
29	0.01855	0.01590	0.01855	0.01325	0.02120	0.01193	0.01060	0.02253	0.01855	0.02915	0.01590	0.01855	0.01325	0.00663	0.00663	0.00133	0.00663	0.00530	0.00530	0.74028
30	0.01301	0.00867	0.00976	0.00976	0.00976	0.00867	0.00542	0.01301	0.01301	0.01735	0.02819	0.05855	0.03253	0.68559	0.04554	0.00867	0.00867	0.01301	0.00542	0.00542
31	0.03158	0.16848	0.02953	0.02155	0.02675	0.53044	0.01690	0.03399	0.02396	0.02173	0.01356	0.01579	0.01152	0.00892	0.00762	0.00223	0.01486	0.00557	0.00446	0.01059
32	0.14470	0.01553	0.01964	0.01530	0.02202	0.01417	0.01264	0.04105	0.02407	0.54805	0.03193	0.02810	0.02031	0.01066	0.00849	0.00277	0.00751	0.00838	0.01026	0.01441
33	0.02080	0.01753	0.01861	0.01685	0.02146	0.01973	0.01304	0.07869	0.45813	0.03603	0.04273	0.08966	0.09882	0.01452	0.00945	0.00306	0.00682	0.01220	0.00894	0.01292
34	0.01273	0.00905	0.01153	0.01096	0.01267	0.00849	0.00786	0.01613	0.02293	0.03228	0.50920	0.06522	0.07434	0.14782	0.01734	0.00395	0.00509	0.01556	0.00899	0.00786
35	0.01794	0.04628	0.63923	0.02550	0.03872	0.02078	0.03305	0.02833	0.01889	0.02833	0.01606	0.01889	0.01133	0.00850	0.00850	0.00283	0.01322	0.00661	0.00378	0.01322
36	0.02049	0.07697	0.25592	0.03698	0.21670	0.02244	0.18623	0.02805	0.01990	0.02819	0.01660	0.02100	0.01281	0.00802	0.00899	0.00277	0.01271	0.00798	0.00418	0.01307
37	0.01305	0.00950	0.01396	0.01396	0.01559	0.01098	0.01084	0.01632	0.01469	0.02165	0.02433	0.03502	0.02241	0.06313	0.60503	0.01352	0.02258	0.00950	0.05596	0.00801
38	0.03039	0.03598	0.02623	0.05867	0.09406	0.46200	0.01848	0.06364	0.07806	0.02587	0.01667	0.01899	0.01343	0.00941	0.00833	0.00246	0.01420	0.00662	0.00518	0.01134
39	0.02052	0.13397	0.20797	0.03206	0.24509	0.02156	0.02386	0.02665	0.01924	0.02765	0.01573	0.01927	0.01275	0.00781	0.00783	0.00233	0.01043	0.00655	0.00431	0.15441
40	0.02151	0.22756	0.28584	0.02973	0.18065	0.05682	0.02570	0.02804	0.01938	0.02611	0.01508	0.01824	0.01209	0.00816	0.00776	0.00250	0.01166	0.00637	0.00400	0.01281
41	0.02321	0.36759	0.25293	0.02005	0.02922	0.12087	0.02187	0.02865	0.01949	0.02375	0.01392	0.01622	0.01144	0.00818	0.00706	0.00230	0.01183	0.00557	0.00393	0.01193
42	0.10317	0.04290	0.56622	0.02390	0.03622	0.02069	0.03033	0.02810	0.01846	0.02971	0.01564	0.01838	0.01114	0.00848	0.00815	0.00283	0.01249	0.00640	0.00398	0.01281
43	0.02988	0.02110	0.02295	0.01830	0.02458	0.02282	0.01489	0.37639	0.13403	0.11195	0.03377	0.03220	0.09119	0.01244	0.00918	0.00279	0.00850	0.00980	0.00913	0.01412
44	0.03440	0.01403	0.01849	0.01459	0.02075	0.01206	0.01192	0.03763	0.02459	0.51722	0.04604	0.04125	0.13939	0.01332	0.00930	0.00282	0.00701	0.01092	0.01054	0.01374
45	0.01210	0.01027	0.01058	0.01030	0.01350	0.00935	0.00778	0.01722	0.09095	0.02654	0.12094	0.07853	0.51803	0.02111	0.01040	0.00301	0.00481	0.01766	0.00851	0.00840
46	0.01253	0.00914	0.01178	0.01112	0.01329	0.00839	0.00834	0.01663	0.02502	0.03516	0.59215	0.06802	0.11778	0.01856	0.01055	0.00283	0.00424	0.01635	0.00975	0.00839
47	0.02017	0.02125	0.04025	0.03014	0.03705	0.02132	0.38285	0.03025	0.13702	0.02937	0.02661	0.06187	0.05028	0.01082	0.01159	0.00311	0.05696	0.01147	0.00577	0.01185
48	0.01301	0.00867	0.00976	0.00976	0.00976	0.00867	0.00542	0.01301	0.01301	0.01735	0.02819	0.05855	0.03253	0.68559	0.04554	0.00867	0.00867	0.01301	0.00542	0.00542
49	0.02303	0.02294	0.03545	0.05240	0.58231	0.07079	0.02665	0.02811	0.02076	0.02865	0.01659	0.02167	0.01396	0.00807	0.00879	0.00263	0.01106	0.00780	0.00444	0.01387
50	0.06479	0.02332	0.02303	0.02332	0.11554	0.16219	0.01592	0.09631	0.10276	0.15210	0.05953	0.03076	0.06859	0.01142	0.00880	0.00269	0.00974	0.00908	0.00753	0.01259
51	0.57196	0.01687	0.01477	0.01248	0.01848	0.01823	0.01025	0.02816	0.01698	0.11785	0.01587	0.01710	0.01174	0.00848	0.00612	0.00260	0.00698	0.00545	0.00624	0.09338
52	0.01131	0.00909	0.01009	0.00984	0.01254	0.00787	0.00738	0.01427	0.02214	0.02831	0.27960	0.07929	0.43459	0.02111	0.01057	0.00295	0.00442	0.01793	0.00885	0.00787
53	0.01835	0.09013	0.59894	0.02481	0.03765	0.02177	0.03185	0.02823	0.01884	0.02784	0.01581	0.01858	0.01134	0.00844	0.00831	0.00277	0.01297	0.00649	0.00378	0.01310
54	0.02214	0.02126	0.03631	0.05491	0.62978	0.02126	0.02746	0.02746	0.02037	0.02923	0.01683	0.02214	0.01417	0.00797	0.00886	0.00266	0.01063	0.00797	0.00443	0.01417
55	0.02194	0.02182	0.03951	0.05157	0.51661	0.02152	0.13806	0.02769	0.02052	0.02912	0.01708	0.02253	0.01406	0.00789	0.00919	0.00273	0.01149	0.00847	0.00445	0.01376
56	0.01957	0.01957	0.02740	0.02349	0.02349	0.02740	0.01957	0.02153	0.01370	0.02153	0.01174	0.01957	0.01174	0.01566	0.02936	0.00391	0.66921	0.00783	0.00391	0.00979
57	0.01083	0.00805	0.01011	0.01175	0.01279	0.00733	0.00799	0.01254	0.01781	0.02312	0.05793	0.55592	0.17743	0.02691	0.01124	0.00351	0.00505	0.02407	0.00831	0.00733
58	0.02103	0.41499	0.25546	0.01866	0.02792	0.02836	0.02116	0.02666	0.01892	0.02465	0.05540	0.01954	0.01639	0.00868	0.00705	0.00230	0.01051	0.00621	0.00422	0.01189
59	0.45670	0.01725	0.01568	0.01358	0.01869	0.01934	0.01096	0.14385	0.02227	0.04189	0.09728	0.06442	0.02377	0.01136	0.00728	0.00281	0.00707	0.00829	0.00699	0.01053
60	0.01080	0.00817	0.00999	0.01144	0.01271	0.00735	0.00785	0.01257	0.01810	0.02324	0.06167	0.50214	0.22880	0.02642	0.01117	0.00345	0.00499	0.02347	0.00831	0.00735
61	0.74878	0.01730	0.01315	0.01177	0.01730	0.02007	0.00969	0.02630	0.01523	0.04014	0.01246	0.01453	0.00969	0.00830	0.00554	0.00277	0.00692	0.00484	0.00554	0.00969
62	0.03121	0.03206	0.02821	0.02902	0.15644	0.30292	0.01936	0.22663	0.02999	0.03524	0.01708	0.01924	0.01335	0.00947	0.00854	0.00251	0.01281	0.00702	0.00605	0.01284
63	0.01278	0.00959	0.01438	0.01438	0.01598	0.01118	0.01118	0.01598	0.01438	0.02077	0.02396	0.03515	0.02237	0.06710	0.65013	0.01438	0.02396	0.00959	0.00479	0.00799
64	0.02101	0.01954	0.02203	0.02463	0.14816	0.06347	0.01589	0.03656	0.34678	0.03235	0.04006	0.03888	0.12631	0.01287	0.00923	0.00290	0.00802	0.01087	0.00768	0.01276
65	0.01129	0.00909	0.01006	0.00982	0.01253	0.00786	0.00736	0.01423	0.02209	0.02820	0.27470	0.07946	0.43956	0.02115	0.01057	0.00295	0.00442	0.01795	0.00884	0.00786
66	0.02161	0.02058	0.03495	0.05246	0.59520	0.02054	0.02639	0.02686	0.02065	0.02960	0.05094	0.02465	0.01811	0.00855	0.00895	0.00267	0.01027	0.00843	0.00473	0.01385
67	0.01855	0.01590	0.01855	0.01325	0.02120	0.01193	0.01060	0.02253	0.01855	0.02915	0.01590	0.01855	0.01325	0.00663	0.00663	0.00133	0.00663	0.00530	0.00530	0.74028
68	0.01251	0.00940	0.01194	0.01338	0.01541	0.00883	0.01082	0.01553	0.01981	0.02516	0.06096	0.21713	0.22830	0.02478	0.01162	0.00368	0.00647	0.28817	0.00827	0.00783
69	0.02325	0.02926	0.21161	0.02376	0.03229	0.02301	0.10645	0.15423	0.22904	0.03737	0.02451	0.02520	0.01798	0.01008	0.00911	0.00290	0.01068	0.00870	0.00680	0.01379
70	0.01277	0.00905	0.01198	0.01210	0.01289	0.00977	0.00832	0.01438	0.01391	0.01930	0.02750	0.08576	0.02937	0.35318	0.32879	0.01106	0.01568	0.01216	0.00530	0.00675
71	0.02007	0.27588	0.42827	0.02187	0.03311	0.02598	0.02673	0.02778	0.01864	0.02574	0.01477	0.01727	0.01139	0.00820	0.00752	0.00251	0.01192	0.00596	0.00380	0.01260
72	0.16872	0.05586	0.05516	0.01979	0.06145	0.02284	0.01569	0.30600	0.02934	0.04329	0.02278	0.11679	0.02016	0.01237	0.00845	0.00281	0.00879	0.00974	0.00737	0.01260

[dist]
# distance from previous block
# <min> <max>
0	1

[block]
# block no. 1 follows, 19 sequences, length 53
# corresponding to MSA columns:
# 74-126
name=unknown_B
#
# <colnr> <probs for GDERKNQSTAVLIFYWHMCP>
#	G	D	E	R	K	N	Q	S	T	A	V	L	I	F	Y	W	H	M	C	P
0	0.02052	0.32427	0.38381	0.02110	0.03193	0.02708	0.02540	0.02767	0.01858	0.02519	0.01450	0.01693	0.01140	0.00814	0.00731	0.00244	0.01165	0.00582	0.00380	0.01247
1	0.02417	0.14376	0.02942	0.02555	0.15369	0.02385	0.01761	0.15725	0.15304	0.03528	0.02393	0.02972	0.02000	0.01081	0.00850	0.00264	0.00898	0.05755	0.00673	0.06753
2	0.14221	0.02798	0.02526	0.02472	0.11243	0.20304	0.01728	0.23431	0.06428	0.03897	0.01812	0.01968	0.01388	0.00961	0.00816	0.00261	0.01114	0.00701	0.00654	0.01276
3	0.02466	0.56222	0.08838	0.01703	0.02472	0.11073	0.01688	0.02802	0.01912	0.02170	0.01288	0.01491	0.01148	0.00791	0.00624	0.00203	0.01066	0.00504	0.00392	0.01147
4	0.02120	0.02390	0.05144	0.03912	0.09458	0.02251	0.55054	0.02856	0.02106	0.02870	0.01800	0.02397	0.01362	0.00758	0.01042	0.00299	0.01472	0.01035	0.00452	0.01224
5	0.02842	0.03165	0.06906	0.02924	0.12754	0.25236	0.09003	0.15494	0.07109	0.03286	0.01830	0.02068	0.01416	0.00931	0.00879	0.00262	0.01291	0.00757	0.00578	0.01269
6	0.01116	0.00797	0.01067	0.01275	0.01338	0.00749	0.00875	0.01290	0.01738	0.02312	0.04917	0.63774	0.05861	0.02779	0.01149	0.00367	0.00541	0.06492	0.00830	0.00734
7	0.01690	0.01590	0.02683	0.66408	0.06162	0.01988	0.02485	0.02286	0.01789	0.02286	0.01590	0.02385	0.01193	0.00894	0.00894	0.00298	0.01193	0.00795	0.00398	0.00994
8	0.02214	0.02126	0.03631	0.05491	0.62978	0.02126	0.02746	0.02746	0.02037	0.02923	0.01683	0.02214	0.01417	0.00797	0.00886	0.00266	0.01063	0.00797	0.00443	0.01417
9	0.01690	0.01590	0.02683	0.66408	0.06162	0.01988	0.02485	0.02286	0.01789	0.02286	0.01590	0.02385	0.01193	0.00894	0.00894	0.00298	0.01193	0.00795	0.00398	0.00994
10	0.03134	0.03870	0.02737	0.02892	0.13867	0.53381	0.01916	0.03420	0.02443	0.02325	0.01438	0.01724	0.01201	0.00899	0.00821	0.00237	0.01512	0.00617	0.00458	0.01107
11	0.02170	0.01587	0.01785	0.01535	0.01982	0.01668	0.01219	0.18324	0.14620	0.07296	0.20947	0.04994	0.12725	0.01550	0.00982	0.00290	0.00673	0.03564	0.00923	0.01167
12	0.03342	0.04264	0.02535	0.02305	0.02766	0.64967	0.01729	0.03572	0.02535	0.02190	0.01383	0.01613	0.01152	0.00922	0.00807	0.00230	0.01613	0.00576	0.00461	0.01037
13	0.01214	0.00839	0.00994	0.01066	0.01101	0.00812	0.00650	0.01281	0.01485	0.01963	0.03899	0.27611	0.07466	0.42020	0.03173	0.00661	0.00723	0.01766	0.00658	0.00618
14	0.01057	0.00906	0.00906	0.00906	0.01208	0.00755	0.00680	0.01284	0.02039	0.02417	0.09063	0.08610	0.62615	0.02266	0.01057	0.00302	0.00453	0.01888	0.00831	0.00755
15	0.01612	0.00852	0.00921	0.00921	0.01122	0.00875	0.00696	0.02015	0.01813	0.03154	0.02843	0.03361	0.02285	0.01858	0.09887	0.00385	0.00702	0.00852	0.63018	0.00829
16	0.02392	0.69097	0.04688	0.01531	0.02296	0.03540	0.01531	0.02679	0.01818	0.02105	0.01244	0.01435	0.01148	0.00765	0.00574	0.00191	0.00957	0.00478	0.00383	0.01148
17	0.01690	0.01590	0.02683	0.66408	0.06162	0.01988	0.02485	0.02286	0.01789	0.02286	0.01590	0.02385	0.01193	0.00894	0.00894	0.00298	0.01193	0.00795	0.00398	0.00994
18	0.01074	0.00907	0.00930	0.00924	0.01219	0.00763	0.00693	0.01317	0.02080	0.02513	0.13447	0.08452	0.58171	0.02230	0.01057	0.00300	0.00451	0.01866	0.00843	0.00763
19	0.01198	0.00912	0.01101	0.01054	0.01295	0.00815	0.00790	0.01556	0.02371	0.03203	0.44965	0.07315	0.26222	0.01972	0.01056	0.00288	0.00432	0.01707	0.00934	0.00815
20	0.01191	0.00912	0.01092	0.01047	0.01291	0.00812	0.00785	0.01543	0.02356	0.03168	0.43358	0.07373	0.27851	0.01985	0.01056	0.00289	0.00433	0.01715	0.00930	0.00812
21	0.02392	0.69097	0.04688	0.01531	0.02296	0.03540	0.01531	0.02679	0.01818	0.02105	0.01244	0.01435	0.01148	0.00765	0.00574	0.00191	0.00957	0.00478	0.00383	0.01148
22	0.01922	0.18374	0.51292	0.02333	0.03536	0.02390	0.02927	0.02800	0.01874	0.02678	0.01528	0.01792	0.01136	0.00832	0.00791	0.00264	0.01244	0.00622	0.00379	0.01285
23	0.01957	0.01957	0.02740	0.02349	0.02349	0.02740	0.01957	0.02153	0.01370	0.02153	0.01174	0.01957	0.01174	0.01566	0.02936	0.00391	0.66921	0.00783	0.00391	0.00979
24	0.02392	0.69097	0.04688	0.01531	0.02296	0.03540	0.01531	0.02679	0.01818	0.02105	0.01244	0.01435	0.01148	0.00765	0.00574	0.00191	0.00957	0.00478	0.00383	0.01148
25	0.01057	0.00906	0.00906	0.00906	0.01208	0.00755	0.00680	0.01284	0.02039	0.02417	0.09063	0.08610	0.62615	0.02266	0.01057	0.00302	0.00453	0.01888	0.00831	0.00755
26	0.01078	0.00913	0.00936	0.00947	0.01244	0.00770	0.00721	0.01315	0.02040	0.02431	0.08826	0.08691	0.59468	0.02277	0.01067	0.00308	0.00473	0.04903	0.00830	0.00759
27	0.02705	0.02903	0.03171	0.04098	0.37036	0.24099	0.02305	0.07730	0.02389	0.02890	0.01616	0.01999	0.01333	0.00863	0.00859	0.00254	0.01248	0.00721	0.00486	0.01293
28	0.01214	0.00881	0.00951	0.00951	0.01059	0.00827	0.00591	0.01295	0.01566	0.01979	0.05056	0.06842	0.24521	0.44807	0.03301	0.00665	0.00719	0.01511	0.00646	0.00618
29	0.01301	0.00867	0.00976	0.00976	0.00976	0.00867	0.00542	0.01301	0.01301	0.01735	0.02819	0.05855	0.03253	0.68559	0.04554	0.00867	0.00867	0.01301	0.00542	0.00542
30	0.01155	0.00825	0.01113	0.01320	0.01400	0.00783	0.00943	0.01358	0.01777	0.02356	0.04895	0.57303	0.05775	0.02742	0.01159	0.00372	0.00575	0.12575	0.00829	0.00745
31	0.03134	0.03870	0.02737	0.02892	0.13867	0.53381	0.01916	0.03420	0.02443	0.02325	0.01438	0.01724	0.01201	0.00899	0.00821	0.00237	0.01512	0.00617	0.00458	0.01107
32	0.02294	0.01522	0.01703	0.01477	0.01962	0.01557	0.01163	0.07585	0.23595	0.16305	0.07849	0.04958	0.21180	0.01532	0.00959	0.00294	0.00649	0.01269	0.00930	0.01218
33	0.02225	0.01933	0.02112	0.02024	0.05685	0.02220	0.01490	0.04643	0.58076	0.03697	0.03533	0.03276	0.02658	0.01191	0.00909	0.00301	0.00728	0.01000	0.00884	0.01416
34	0.01097	0.00812	0.01026	0.01174	0.01284	0.00741	0.00804	0.01286	0.01834	0.02406	0.09987	0.52458	0.16559	0.02631	0.01120	0.00346	0.00500	0.02354	0.00842	0.00741
35	0.01059	0.00898	0.00914	0.00927	0.01214	0.00753	0.00689	0.01282	0.02019	0.02409	0.08808	0.12280	0.59110	0.02299	0.01063	0.00306	0.00457	0.01929	0.00831	0.00753
36	0.03469	0.01409	0.01861	0.01465	0.02086	0.01212	0.01198	0.03793	0.02465	0.52318	0.04550	0.04071	0.13351	0.01321	0.00929	0.00281	0.00704	0.01082	0.01056	0.01381
37	0.01855	0.01590	0.01855	0.01325	0.02120	0.01193	0.01060	0.02253	0.01855	0.02915	0.01590	0.01855	0.01325	0.00663	0.00663	0.00133	0.00663	0.00530	0.00530	0.74028
38	0.01251	0.00914	0.01174	0.01109	0.01327	0.00838	0.00832	0.01658	0.02496	0.03500	0.58520	0.06827	0.12482	0.01862	0.01055	0.00283	0.00424	0.01638	0.00973	0.00838
39	0.01158	0.00981	0.01009	0.00989	0.01299	0.00869	0.00745	0.01566	0.06381	0.02600	0.12656	0.08084	0.54228	0.02157	0.01047	0.00301	0.00469	0.01804	0.00848	0.00810
40	0.01328	0.00865	0.00965	0.00965	0.00981	0.00865	0.00548	0.01358	0.01343	0.01851	0.02826	0.05672	0.03183	0.63659	0.04269	0.00820	0.00835	0.01267	0.05838	0.00563
41	0.01266	0.00914	0.01196	0.01126	0.01337	0.00844	0.00844	0.01688	0.02532	0.03588	0.62506	0.06683	0.08441	0.01829	0.01055	0.00281	0.00422	0.01618	0.00985	0.00844
42	0.01090	0.00779	0.01038	0.01246	0.01298	0.00727	0.00830	0.01246	0.01713	0.02284	0.04931	0.67975	0.05917	0.02803	0.01142	0.00363	0.00519	0.02543	0.00830	0.00727
43	0.01090	0.00779	0.01038	0.01246	0.01298	0.00727	0.00830	0.01246	0.01713	0.02284	0.04931	0.67975	0.05917	0.02803	0.01142	0.00363	0.00519	0.02543	0.00830	0.00727
44	0.03401	0.02506	0.02685	0.02058	0.02774	0.02774	0.01700	0.59995	0.04206	0.05638	0.02148	0.02148	0.01521	0.01074	0.00895	0.00268	0.00984	0.00805	0.00895	0.01521
45	0.01107	0.00803	0.01049	0.01240	0.01321	0.00746	0.00852	0.01282	0.01759	0.02316	0.05259	0.59936	0.10526	0.02741	0.01140	0.00361	0.00530	0.05469	0.00830	0.00734
46	0.01090	0.00779	0.01038	0.01246	0.01298	0.00727	0.00830	0.01246	0.01713	0.02284	0.04931	0.67975	0.05917	0.02803	0.01142	0.00363	0.00519	0.02543	0.00830	0.00727
47	0.01096	0.00908	0.00960	0.00947	0.01232	0.00772	0.00710	0.01358	0.02130	0.02633	0.18916	0.08255	0.52627	0.02185	0.01057	0.00298	0.00447	0.01838	0.00859	0.00772
48	0.01223	0.00834	0.00999	0.01076	0.01095	0.00815	0.00649	0.01280	0.01454	0.01939	0.03604	0.28935	0.04243	0.44128	0.03286	0.00680	0.00738	0.01763	0.00649	0.00611
49	0.01603	0.01103	0.01222	0.01132	0.01235	0.01142	0.00709	0.09744	0.01719	0.02296	0.02722	0.05321	0.03004	0.58851	0.04027	0.00781	0.00884	0.01230	0.00593	0.00683
50	0.03430	0.02459	0.02656	0.02036	0.02751	0.02705	0.01682	0.57360	0.04128	0.08383	0.02213	0.02190	0.01554	0.01076	0.00895	0.00269	0.00974	0.00810	0.00905	0.01522
51	0.01073	0.00907	0.00927	0.00922	0.01218	0.00762	0.00692	0.01313	0.02075	0.02502	0.12941	0.08470	0.58683	0.02234	0.01057	0.00301	0.00451	0.01869	0.00842	0.00762
52	0.01301	0.00867	0.00976	0.00976	0.00976	0.00867	0.00542	0.01301	0.01301	0.01735	0.02819	0.05855	0.03253	0.68559	0.04554	0.00867	0.00867	0.01301	0.00542	0.00542

[dist]
# distance from previous block
# <min> <max>
0	0

# created by:
# /home/cegg/simao/soft/augustus-3.2.1/scripts/msa2prfl.pl ./align_prep/15071.fa
