[name]
unknown

[dist]
# distance from previous block
# <min> <max>
0	0

[block]
# block no. 0 follows, 22 sequences, length 33
# corresponding to MSA columns:
# 0-32
name=unknown_A
#
# <colnr> <probs for GDERKNQSTAVLIFYWHMCP>
#	G	D	E	R	K	N	Q	S	T	A	V	L	I	F	Y	W	H	M	C	P
0	0.01339	0.00956	0.01339	0.01530	0.01721	0.00956	0.01339	0.01721	0.01912	0.02486	0.04399	0.09371	0.04781	0.02295	0.01147	0.00382	0.00765	0.60031	0.00765	0.00765
1	0.48722	0.02609	0.25547	0.01568	0.02348	0.01888	0.01708	0.02512	0.01541	0.03319	0.01281	0.01500	0.00957	0.00778	0.00617	0.00259	0.00861	0.00511	0.00453	0.01022
2	0.02332	0.13723	0.02785	0.18921	0.03225	0.14248	0.01789	0.14956	0.02181	0.02700	0.01422	0.01817	0.01154	0.00970	0.01131	0.00260	0.14210	0.00653	0.00472	0.01053
3	0.02172	0.02244	0.03100	0.12097	0.48147	0.12797	0.02365	0.02626	0.01941	0.02532	0.01506	0.01982	0.01251	0.00770	0.00811	0.00245	0.01086	0.00706	0.00409	0.01211
4	0.02157	0.02534	0.09343	0.03685	0.34850	0.13943	0.02279	0.02583	0.01833	0.02434	0.01407	0.01875	0.01198	0.00914	0.01200	0.00267	0.15252	0.00688	0.00398	0.01159
5	0.01286	0.00821	0.00991	0.00991	0.01079	0.00861	0.00668	0.01461	0.01373	0.02061	0.02533	0.04271	0.02545	0.36095	0.20597	0.00800	0.01090	0.01015	0.18827	0.00635
6	0.01862	0.21827	0.29627	0.01873	0.02656	0.08684	0.02053	0.02423	0.01709	0.02241	0.01531	0.01926	0.01270	0.01902	0.14538	0.00457	0.01369	0.00617	0.00379	0.01056
7	0.17647	0.22117	0.22936	0.01797	0.02574	0.15504	0.01871	0.02691	0.01786	0.02551	0.01287	0.01503	0.01028	0.00777	0.00654	0.00228	0.01068	0.00517	0.00401	0.01062
8	0.01928	0.15958	0.02227	0.01490	0.01886	0.04311	0.01216	0.11491	0.13184	0.02683	0.02183	0.02797	0.01909	0.09653	0.22773	0.00648	0.01299	0.00804	0.00562	0.00998
9	0.01745	0.01789	0.02201	0.01911	0.02114	0.11002	0.06668	0.02012	0.01564	0.02065	0.02230	0.02845	0.07820	0.02747	0.20796	0.00607	0.27706	0.00872	0.00442	0.00866
10	0.01424	0.01111	0.01229	0.01170	0.01492	0.01068	0.00941	0.11522	0.02250	0.02836	0.08961	0.07210	0.39712	0.01943	0.00991	0.00296	0.00572	0.13649	0.00786	0.00836
11	0.02182	0.01828	0.01948	0.01675	0.02198	0.02041	0.01318	0.12242	0.49562	0.03641	0.02999	0.02809	0.02250	0.01058	0.00820	0.00261	0.00689	0.00868	0.00808	0.08802
12	0.01818	0.01781	0.03007	0.27891	0.25087	0.02056	0.07469	0.02287	0.01684	0.02343	0.01443	0.02081	0.01187	0.00918	0.01233	0.00285	0.15215	0.00757	0.00387	0.01070
13	0.02236	0.44282	0.18748	0.01765	0.02551	0.13587	0.01842	0.02659	0.01814	0.02128	0.01256	0.01460	0.01064	0.00753	0.00630	0.00204	0.01070	0.00499	0.00366	0.01087
14	0.01992	0.02069	0.02990	0.13591	0.21182	0.08816	0.08175	0.02376	0.01690	0.02293	0.01365	0.01958	0.01173	0.01015	0.01508	0.00293	0.25331	0.00738	0.00390	0.01054
15	0.01052	0.00848	0.00938	0.00927	0.01180	0.00735	0.00703	0.01321	0.02026	0.02566	0.24533	0.07537	0.46409	0.01995	0.00988	0.00279	0.00426	0.03998	0.00812	0.00728
16	0.02485	0.15178	0.02783	0.15942	0.06949	0.26564	0.01749	0.08927	0.07132	0.02515	0.01556	0.01828	0.01243	0.00853	0.00747	0.00231	0.01150	0.00627	0.00475	0.01068
17	0.02061	0.03811	0.48487	0.02441	0.07589	0.09226	0.02684	0.02845	0.01893	0.08940	0.01652	0.01854	0.01173	0.00817	0.00792	0.00256	0.01189	0.00636	0.00432	0.01223
18	0.01032	0.00731	0.00958	0.01132	0.01175	0.00688	0.00744	0.01162	0.01552	0.02070	0.04382	0.63765	0.05247	0.09438	0.01378	0.00384	0.00514	0.02246	0.00744	0.00658
19	0.01012	0.00723	0.00964	0.01157	0.01205	0.00675	0.00771	0.01157	0.01591	0.02121	0.04579	0.70262	0.05495	0.02603	0.01060	0.00337	0.00482	0.02362	0.00771	0.00675
20	0.02747	0.17582	0.02937	0.02481	0.12913	0.43335	0.01723	0.03018	0.02140	0.02130	0.01303	0.01556	0.01110	0.00807	0.00716	0.00212	0.01287	0.00550	0.00410	0.01043
21	0.03158	0.02327	0.02493	0.01911	0.02576	0.02576	0.01579	0.62852	0.03906	0.05236	0.01995	0.01995	0.01413	0.00997	0.00831	0.00249	0.00914	0.00748	0.00831	0.01413
22	0.02166	0.01739	0.01961	0.01441	0.02156	0.01561	0.01168	0.20858	0.02397	0.03488	0.01637	0.01807	0.01287	0.00733	0.00682	0.00162	0.00708	0.00571	0.00597	0.52883
23	0.02669	0.03265	0.02124	0.01958	0.02323	0.52433	0.01477	0.02902	0.02124	0.02009	0.01497	0.01898	0.01298	0.02073	0.15861	0.00468	0.01663	0.00615	0.00432	0.00913
24	0.01054	0.00844	0.00942	0.00917	0.01166	0.00732	0.00688	0.01332	0.02064	0.02649	0.29570	0.07328	0.43878	0.01953	0.00981	0.00273	0.00410	0.01660	0.00825	0.00732
25	0.01410	0.01225	0.01511	0.01749	0.12027	0.01206	0.01110	0.02134	0.14845	0.02720	0.13716	0.05762	0.34134	0.01622	0.00927	0.00273	0.00560	0.01384	0.00746	0.00941
26	0.01187	0.00890	0.01335	0.01335	0.01483	0.01038	0.01038	0.01483	0.01335	0.01928	0.02225	0.03264	0.02077	0.06231	0.67512	0.01335	0.02225	0.00890	0.00445	0.00742
27	0.14165	0.10383	0.44461	0.02279	0.08040	0.02058	0.02504	0.02579	0.01702	0.02751	0.01408	0.01669	0.01049	0.00775	0.00721	0.00252	0.01078	0.00580	0.00383	0.01164
28	0.02369	0.02854	0.12660	0.02023	0.02637	0.20090	0.04471	0.08380	0.29432	0.03044	0.02311	0.02314	0.01745	0.00968	0.00815	0.00257	0.01035	0.00762	0.00630	0.01203
29	0.02225	0.02017	0.07533	0.01635	0.02303	0.01817	0.01410	0.23339	0.12903	0.03662	0.02163	0.06221	0.01756	0.00968	0.00770	0.00218	0.00769	0.00779	0.00672	0.26842
30	0.04911	0.30809	0.08135	0.01596	0.02314	0.08064	0.01488	0.13413	0.02150	0.02827	0.01411	0.01582	0.01156	0.00764	0.00642	0.00192	0.00907	0.00531	0.00481	0.16626
31	0.02221	0.01622	0.01776	0.01474	0.01862	0.01751	0.01132	0.34113	0.02726	0.03637	0.02807	0.06458	0.07165	0.21230	0.05873	0.00479	0.00905	0.01036	0.00707	0.01026
32	0.01377	0.00880	0.01040	0.01005	0.01045	0.00895	0.00616	0.04933	0.01345	0.01795	0.02328	0.04603	0.02584	0.51993	0.03811	0.16858	0.00794	0.01076	0.00493	0.00528

[dist]
# distance from previous block
# <min> <max>
0	2

[block]
# block no. 1 follows, 22 sequences, length 44
# corresponding to MSA columns:
# 35-78
name=unknown_B
#
# <colnr> <probs for GDERKNQSTAVLIFYWHMCP>
#	G	D	E	R	K	N	Q	S	T	A	V	L	I	F	Y	W	H	M	C	P
0	0.16276	0.53080	0.03612	0.01414	0.02067	0.07908	0.01337	0.02542	0.01687	0.02294	0.01165	0.01348	0.01035	0.00733	0.00546	0.00195	0.00889	0.00452	0.00391	0.01027
1	0.02656	0.06828	0.09348	0.02571	0.13132	0.28728	0.04388	0.07511	0.07027	0.07461	0.01726	0.01900	0.01330	0.00860	0.00783	0.00236	0.01180	0.00660	0.00520	0.01155
2	0.02642	0.01964	0.02095	0.01655	0.02211	0.02126	0.01342	0.47867	0.03379	0.04474	0.03235	0.03312	0.13502	0.05056	0.01047	0.00286	0.00815	0.00962	0.00802	0.01229
3	0.01063	0.00852	0.00959	0.00994	0.01234	0.00749	0.00768	0.01318	0.01933	0.02409	0.14623	0.12188	0.44817	0.02116	0.01012	0.00298	0.00474	0.10685	0.00788	0.00720
4	0.01302	0.01016	0.01383	0.01416	0.01527	0.01142	0.01120	0.01541	0.01559	0.02117	0.03459	0.14560	0.06728	0.12951	0.14288	0.00609	0.11479	0.20468	0.00606	0.00729
5	0.02688	0.05554	0.02251	0.01903	0.02296	0.38260	0.01460	0.14056	0.02402	0.02604	0.01755	0.07196	0.01625	0.06380	0.01179	0.00284	0.05813	0.00776	0.00529	0.00991
6	0.11668	0.07232	0.09809	0.01826	0.02469	0.01709	0.10527	0.03036	0.08448	0.20633	0.06692	0.03116	0.02268	0.01056	0.00825	0.00268	0.00854	0.05718	0.00695	0.01151
7	0.02013	0.02011	0.03649	0.07114	0.45279	0.02004	0.17320	0.02642	0.04644	0.02711	0.01669	0.02154	0.01348	0.00751	0.00863	0.00258	0.01079	0.00808	0.00431	0.01252
8	0.01739	0.01528	0.01937	0.01384	0.02129	0.01175	0.05147	0.02130	0.01739	0.02704	0.01490	0.01758	0.01232	0.00621	0.00640	0.00134	0.00668	0.00525	0.00487	0.70833
9	0.02621	0.02060	0.02191	0.01803	0.02372	0.02326	0.01449	0.34133	0.33499	0.04370	0.02676	0.02538	0.01965	0.01061	0.00838	0.00265	0.00788	0.00842	0.00838	0.01365
10	0.13028	0.01660	0.02569	0.36635	0.23066	0.01916	0.02149	0.02295	0.01678	0.02538	0.01439	0.02020	0.01138	0.00820	0.00858	0.00268	0.03788	0.00695	0.00403	0.01038
11	0.01949	0.02225	0.12527	0.10350	0.32140	0.01980	0.02258	0.03040	0.19262	0.02853	0.02052	0.02318	0.01595	0.00865	0.00825	0.00262	0.00944	0.00776	0.00519	0.01261
12	0.02106	0.57350	0.17295	0.01619	0.02437	0.03004	0.01765	0.02517	0.01702	0.02095	0.01225	0.01420	0.01063	0.00727	0.00586	0.00195	0.00959	0.00480	0.00354	0.01100
13	0.02105	0.02266	0.02692	0.34080	0.20989	0.19208	0.02187	0.02553	0.01906	0.02258	0.01449	0.01983	0.01154	0.00813	0.00807	0.00252	0.01178	0.00685	0.00396	0.01039
14	0.01140	0.01099	0.06182	0.01534	0.06291	0.00872	0.01076	0.01378	0.01642	0.02211	0.04309	0.56599	0.07906	0.02296	0.01017	0.00322	0.00575	0.02072	0.00711	0.00767
15	0.01467	0.01281	0.02028	0.12683	0.23871	0.01310	0.01630	0.01808	0.01736	0.02349	0.03276	0.30365	0.06517	0.01659	0.00945	0.00297	0.00760	0.04495	0.00588	0.00937
16	0.01187	0.00890	0.01335	0.01335	0.01483	0.01038	0.01038	0.01483	0.01335	0.01928	0.02225	0.03264	0.02077	0.06231	0.67512	0.01335	0.02225	0.00890	0.00445	0.00742
17	0.01607	0.01529	0.02500	0.58608	0.05180	0.01953	0.02232	0.02104	0.01602	0.02104	0.01417	0.02154	0.01105	0.00926	0.01121	0.00290	0.11544	0.00737	0.00368	0.00921
18	0.00982	0.00842	0.00842	0.00842	0.01122	0.00701	0.00631	0.01192	0.01894	0.02244	0.08416	0.07995	0.65285	0.02104	0.00982	0.00281	0.00421	0.01753	0.00771	0.00701
19	0.01666	0.04297	0.66500	0.02368	0.03596	0.01929	0.03069	0.02631	0.01754	0.02631	0.01491	0.01754	0.01052	0.00789	0.00789	0.00263	0.01228	0.00614	0.00351	0.01228
20	0.01187	0.00890	0.01335	0.01335	0.01483	0.01038	0.01038	0.01483	0.01335	0.01928	0.02225	0.03264	0.02077	0.06231	0.67512	0.01335	0.02225	0.00890	0.00445	0.00742
21	0.01091	0.00779	0.01055	0.01247	0.01330	0.00743	0.00909	0.01293	0.01668	0.02209	0.04535	0.55514	0.05322	0.02528	0.01081	0.00348	0.00551	0.16330	0.00770	0.00697
22	0.01832	0.01805	0.03212	0.26498	0.25469	0.01866	0.14775	0.02377	0.01808	0.02497	0.01548	0.02115	0.01223	0.00750	0.00837	0.00251	0.01076	0.00764	0.00407	0.08890
23	0.02221	0.71304	0.04353	0.01421	0.02132	0.03287	0.01421	0.02488	0.01688	0.01955	0.01155	0.01333	0.01066	0.00711	0.00533	0.00178	0.00888	0.00444	0.00355	0.01066
24	0.76672	0.01607	0.01221	0.01092	0.01607	0.01864	0.00900	0.02442	0.01414	0.03727	0.01157	0.01350	0.00900	0.00771	0.00514	0.00257	0.00643	0.00450	0.00514	0.00900
25	0.02066	0.01785	0.01878	0.01691	0.02160	0.02066	0.01315	0.04414	0.64121	0.03475	0.03381	0.03099	0.02536	0.01127	0.00845	0.00282	0.00657	0.00939	0.00845	0.01315
26	0.03511	0.01732	0.06366	0.01597	0.02282	0.01453	0.01394	0.11934	0.02543	0.53629	0.02983	0.02642	0.01901	0.01008	0.00832	0.00256	0.00770	0.00809	0.00956	0.01401
27	0.00982	0.00842	0.00842	0.00842	0.01122	0.00701	0.00631	0.01192	0.01894	0.02244	0.08416	0.07995	0.65285	0.02104	0.00982	0.00281	0.00421	0.01753	0.00771	0.00701
28	0.01187	0.00890	0.01335	0.01335	0.01483	0.01038	0.01038	0.01483	0.01335	0.01928	0.02225	0.03264	0.02077	0.06231	0.67512	0.01335	0.02225	0.00890	0.00445	0.00742
29	0.01187	0.00890	0.01335	0.01335	0.01483	0.01038	0.01038	0.01483	0.01335	0.01928	0.02225	0.03264	0.02077	0.06231	0.67512	0.01335	0.02225	0.00890	0.00445	0.00742
30	0.01980	0.01861	0.02966	0.14678	0.44793	0.01970	0.02292	0.02812	0.12890	0.02754	0.01871	0.02266	0.01499	0.00823	0.00828	0.00258	0.00948	0.00775	0.00481	0.01253
31	0.01569	0.01477	0.02492	0.68808	0.05722	0.01846	0.02307	0.02123	0.01661	0.02123	0.01477	0.02215	0.01107	0.00831	0.00831	0.00277	0.01107	0.00738	0.00369	0.00923
32	0.01909	0.01768	0.02684	0.23691	0.29485	0.01960	0.02130	0.02940	0.19236	0.02746	0.02045	0.02397	0.01593	0.00876	0.00831	0.00266	0.00932	0.00795	0.00520	0.01195
33	0.01172	0.00896	0.01109	0.01145	0.01360	0.00791	0.00839	0.01395	0.01716	0.02302	0.07028	0.36103	0.14989	0.05170	0.01127	0.00318	0.00538	0.09080	0.00721	0.12201
34	0.55717	0.01764	0.01582	0.05015	0.02055	0.02026	0.01133	0.16240	0.01997	0.03984	0.01366	0.01545	0.01028	0.00826	0.00604	0.00256	0.00730	0.00534	0.00579	0.01018
35	0.02063	0.60525	0.03891	0.01408	0.02033	0.02943	0.01363	0.02334	0.01634	0.01951	0.01319	0.01628	0.01221	0.01556	0.10787	0.00355	0.01093	0.00512	0.00369	0.01016
36	0.01122	0.00819	0.00881	0.00881	0.00989	0.00766	0.00552	0.01202	0.01470	0.01853	0.04831	0.06413	0.26792	0.44576	0.02989	0.00605	0.00659	0.01416	0.00606	0.00579
37	0.02115	0.02104	0.03255	0.07703	0.58110	0.07006	0.02466	0.02590	0.01917	0.02635	0.01537	0.02020	0.01288	0.00753	0.00817	0.00246	0.01032	0.00724	0.00411	0.01271
38	0.02300	0.02436	0.03135	0.04411	0.50949	0.17215	0.02330	0.02728	0.01999	0.02556	0.01498	0.01926	0.01259	0.00767	0.00805	0.00239	0.01106	0.00692	0.00415	0.01234
39	0.01160	0.00853	0.01036	0.01105	0.01247	0.00819	0.00820	0.01352	0.01628	0.02086	0.04848	0.13255	0.20845	0.22938	0.06494	0.00540	0.00753	0.16893	0.00668	0.00659
40	0.01208	0.00805	0.00906	0.00906	0.00906	0.00805	0.00503	0.01208	0.01208	0.01611	0.02618	0.05436	0.03020	0.70804	0.04228	0.00805	0.00805	0.01208	0.00503	0.00503
41	0.01549	0.00774	0.00774	0.00774	0.00968	0.00774	0.00581	0.01936	0.01742	0.03097	0.02710	0.03097	0.02129	0.00968	0.00581	0.00194	0.00387	0.00774	0.75416	0.00774
42	0.01549	0.00774	0.00774	0.00774	0.00968	0.00774	0.00581	0.01936	0.01742	0.03097	0.02710	0.03097	0.02129	0.00968	0.00581	0.00194	0.00387	0.00774	0.75416	0.00774
43	0.01202	0.00831	0.01037	0.01037	0.01082	0.00876	0.00666	0.01292	0.01247	0.01708	0.02498	0.04774	0.02733	0.51118	0.23522	0.00967	0.01238	0.01111	0.00486	0.00576

[dist]
# distance from previous block
# <min> <max>
0	0

# created by:
# /home/cegg/simao/soft/augustus-3.2.1/scripts/msa2prfl.pl ./align_prep/15075.fa
