[name]
unknown

[dist]
# distance from previous block
# <min> <max>
0	36

[block]
# block no. 0 follows, 22 sequences, length 22
# corresponding to MSA columns:
# 37-58
name=unknown_A
#
# <colnr> <probs for GDERKNQSTAVLIFYWHMCP>
#	G	D	E	R	K	N	Q	S	T	A	V	L	I	F	Y	W	H	M	C	P
0	0.09868	0.01235	0.01711	0.01509	0.01898	0.01152	0.07631	0.01968	0.01741	0.06810	0.03044	0.19856	0.03166	0.05516	0.01090	0.00312	0.00723	0.14639	0.00651	0.15479
1	0.06680	0.03279	0.02335	0.02194	0.06691	0.46453	0.01590	0.09095	0.02431	0.09383	0.01580	0.01720	0.01218	0.00876	0.00760	0.00226	0.01280	0.00598	0.00535	0.01076
2	0.02866	0.03209	0.02328	0.02001	0.02475	0.42672	0.01550	0.14697	0.02506	0.02728	0.01429	0.01644	0.01156	0.00904	0.00903	0.00223	0.06500	0.00587	0.00509	0.09116
3	0.01172	0.00854	0.01127	0.01127	0.01236	0.00918	0.00801	0.01353	0.01349	0.01848	0.03034	0.04557	0.09225	0.29090	0.37509	0.01030	0.01518	0.01098	0.00501	0.00651
4	0.01685	0.01010	0.01179	0.01326	0.08034	0.01026	0.00854	0.06020	0.01862	0.03085	0.02531	0.03091	0.02062	0.06314	0.00904	0.00250	0.00519	0.00802	0.56591	0.00855
5	0.02276	0.07536	0.02763	0.02670	0.18704	0.11915	0.05748	0.09344	0.11136	0.02929	0.01790	0.02008	0.01426	0.00812	0.00763	0.00220	0.00956	0.00684	0.00534	0.15786
6	0.10639	0.01930	0.02079	0.01582	0.02253	0.01958	0.01296	0.33821	0.02857	0.07216	0.01799	0.01878	0.01330	0.00851	0.00727	0.00210	0.00778	0.00637	0.00697	0.25463
7	0.01311	0.08425	0.01410	0.01095	0.01217	0.01145	0.00768	0.01431	0.01299	0.01746	0.02338	0.04321	0.02517	0.43242	0.23444	0.00902	0.01254	0.01027	0.00469	0.00638
8	0.02559	0.02884	0.02424	0.22303	0.03498	0.36098	0.01829	0.09436	0.02243	0.02411	0.01408	0.01791	0.01121	0.00904	0.00915	0.00247	0.05849	0.00633	0.00450	0.00997
9	0.02799	0.03000	0.02171	0.01888	0.02355	0.38174	0.01455	0.20589	0.02732	0.03007	0.02429	0.04994	0.08629	0.01106	0.00812	0.00237	0.01165	0.00806	0.00599	0.01055
10	0.03197	0.02322	0.02295	0.01829	0.02438	0.12056	0.01480	0.35792	0.07948	0.18661	0.02289	0.02196	0.01595	0.00993	0.00821	0.00248	0.00935	0.00751	0.00817	0.01337
11	0.10913	0.02015	0.02508	0.01921	0.02556	0.02133	0.10627	0.36352	0.03017	0.09065	0.02598	0.02628	0.07800	0.01041	0.00834	0.00259	0.00892	0.00858	0.00743	0.01240
12	0.09832	0.01495	0.01344	0.01304	0.01652	0.11059	0.01048	0.01895	0.01899	0.02492	0.04679	0.06044	0.24568	0.01673	0.00906	0.00281	0.00727	0.18105	0.00661	0.08335
13	0.02997	0.01964	0.02206	0.01730	0.02331	0.02079	0.01409	0.43466	0.03309	0.16244	0.02476	0.09000	0.01937	0.01151	0.00847	0.00255	0.00821	0.00917	0.00850	0.04010
14	0.01153	0.01145	0.07624	0.01303	0.01529	0.00864	0.01087	0.01460	0.01791	0.02421	0.13641	0.40319	0.08723	0.02205	0.01030	0.00322	0.00585	0.11283	0.00750	0.00763
15	0.02336	0.28733	0.18188	0.02225	0.08983	0.21845	0.01974	0.02773	0.01921	0.02212	0.01313	0.01553	0.01089	0.00775	0.00686	0.00215	0.01158	0.00541	0.00381	0.01098
16	0.02421	0.01781	0.01776	0.01503	0.01993	0.08206	0.01187	0.13194	0.18922	0.14494	0.03530	0.03379	0.11522	0.01169	0.00818	0.00249	0.00732	0.00935	0.07346	0.04841
17	0.02445	0.02486	0.01985	0.01997	0.08426	0.28977	0.01388	0.07614	0.11201	0.02835	0.02043	0.02243	0.01611	0.00924	0.00733	0.00224	0.00989	0.00693	0.20152	0.01035
18	0.02056	0.01974	0.03372	0.05099	0.65622	0.01974	0.02550	0.02550	0.01892	0.02714	0.01563	0.02056	0.01316	0.00740	0.00822	0.00247	0.00987	0.00740	0.00411	0.01316
19	0.17339	0.02159	0.02614	0.14672	0.06158	0.08720	0.10455	0.21903	0.02456	0.03540	0.01593	0.01895	0.01192	0.00852	0.00781	0.00257	0.01028	0.00698	0.00562	0.01126
20	0.02954	0.03559	0.02291	0.02063	0.02509	0.54663	0.01561	0.06407	0.11510	0.02403	0.01627	0.01758	0.01302	0.00903	0.00767	0.00226	0.01346	0.00605	0.00509	0.01037
21	0.02438	0.01750	0.01724	0.01498	0.01954	0.10941	0.01171	0.03362	0.21420	0.21156	0.10607	0.03852	0.11994	0.01266	0.00863	0.00262	0.00729	0.01033	0.00834	0.01144

[dist]
# distance from previous block
# <min> <max>
7	41

[block]
# block no. 1 follows, 22 sequences, length 58
# corresponding to MSA columns:
# 101-158
name=unknown_B
#
# <colnr> <probs for GDERKNQSTAVLIFYWHMCP>
#	G	D	E	R	K	N	Q	S	T	A	V	L	I	F	Y	W	H	M	C	P
0	0.01387	0.01101	0.01633	0.02140	0.16471	0.01084	0.01304	0.01673	0.01742	0.02364	0.07619	0.23664	0.04103	0.12307	0.01500	0.00394	0.00720	0.17308	0.00654	0.00832
1	0.07230	0.02421	0.01991	0.01789	0.02053	0.28782	0.01393	0.02450	0.01984	0.02441	0.16313	0.02745	0.02698	0.01410	0.03937	0.00309	0.17807	0.00818	0.00533	0.00894
2	0.01866	0.02099	0.16941	0.01725	0.02287	0.01603	0.01676	0.17631	0.05223	0.03399	0.13965	0.08174	0.03529	0.01466	0.00934	0.00292	0.00825	0.14589	0.00715	0.01063
3	0.05308	0.23431	0.15997	0.01622	0.02394	0.04607	0.01622	0.02768	0.09648	0.05447	0.01683	0.01810	0.01325	0.00780	0.00666	0.00204	0.00869	0.00575	0.00489	0.18754
4	0.02787	0.02276	0.02627	0.02646	0.17363	0.06735	0.01780	0.41272	0.03186	0.04244	0.01857	0.02045	0.01403	0.01213	0.04471	0.00306	0.01042	0.00740	0.00684	0.01323
5	0.02345	0.01735	0.02843	0.17951	0.37782	0.01769	0.02185	0.02811	0.01957	0.17537	0.01948	0.02272	0.01445	0.00827	0.00827	0.00256	0.00947	0.00762	0.00547	0.01254
6	0.26305	0.01923	0.02164	0.02295	0.15753	0.02127	0.01523	0.20023	0.13472	0.03894	0.01882	0.01999	0.01429	0.00893	0.00730	0.00257	0.00797	0.00685	0.00642	0.01210
7	0.02027	0.47902	0.26058	0.01752	0.02643	0.02813	0.01997	0.02538	0.01711	0.02191	0.01272	0.01480	0.01061	0.00738	0.00623	0.00208	0.01007	0.00503	0.00354	0.01123
8	0.02338	0.30629	0.18425	0.02001	0.02757	0.22166	0.05999	0.02782	0.01922	0.02185	0.01308	0.01543	0.01077	0.00772	0.00689	0.00216	0.01186	0.00548	0.00380	0.01077
9	0.01057	0.00798	0.00977	0.01031	0.01193	0.00718	0.00735	0.01301	0.01926	0.02552	0.25482	0.31590	0.23288	0.02165	0.01012	0.00296	0.00435	0.01908	0.00818	0.00718
10	0.01666	0.04297	0.66500	0.02368	0.03596	0.01929	0.03069	0.02631	0.01754	0.02631	0.01491	0.01754	0.01052	0.00789	0.00789	0.00263	0.01228	0.00614	0.00351	0.01228
11	0.01245	0.01039	0.01142	0.01221	0.01467	0.03903	0.01005	0.01536	0.01924	0.02347	0.06222	0.08333	0.34237	0.02135	0.01048	0.00325	0.00630	0.28745	0.00753	0.00743
12	0.01188	0.00884	0.01306	0.01306	0.01444	0.01023	0.01002	0.01465	0.01327	0.01907	0.02252	0.03410	0.02141	0.10594	0.63236	0.01299	0.02129	0.00912	0.00449	0.00726
13	0.01176	0.00849	0.01110	0.01045	0.01241	0.00784	0.00784	0.01568	0.02352	0.03331	0.65184	0.06206	0.07839	0.01698	0.00980	0.00261	0.00392	0.01502	0.00914	0.00784
14	0.01666	0.04297	0.66500	0.02368	0.03596	0.01929	0.03069	0.02631	0.01754	0.02631	0.01491	0.01754	0.01052	0.00789	0.00789	0.00263	0.01228	0.00614	0.00351	0.01228
15	0.03103	0.03959	0.02354	0.02140	0.02568	0.67469	0.01605	0.03317	0.02354	0.02033	0.01284	0.01498	0.01070	0.00856	0.00749	0.00214	0.01498	0.00535	0.00428	0.00963
16	0.01339	0.00956	0.01339	0.01530	0.01721	0.00956	0.01339	0.01721	0.01912	0.02486	0.04399	0.09371	0.04781	0.02295	0.01147	0.00382	0.00765	0.60031	0.00765	0.00765
17	0.01012	0.00723	0.00964	0.01157	0.01205	0.00675	0.00771	0.01157	0.01591	0.02121	0.04579	0.70262	0.05495	0.02603	0.01060	0.00337	0.00482	0.02362	0.00771	0.00675
18	0.03110	0.03746	0.02372	0.02110	0.02569	0.58971	0.01602	0.11114	0.02557	0.02453	0.01377	0.01563	0.01115	0.00875	0.00760	0.00219	0.01422	0.00563	0.00481	0.01022
19	0.01666	0.04297	0.66500	0.02368	0.03596	0.01929	0.03069	0.02631	0.01754	0.02631	0.01491	0.01754	0.01052	0.00789	0.00789	0.00263	0.01228	0.00614	0.00351	0.01228
20	0.01012	0.00723	0.00964	0.01157	0.01205	0.00675	0.00771	0.01157	0.01591	0.02121	0.04579	0.70262	0.05495	0.02603	0.01060	0.00337	0.00482	0.02362	0.00771	0.00675
21	0.02056	0.01974	0.03372	0.05099	0.65622	0.01974	0.02550	0.02550	0.01892	0.02714	0.01563	0.02056	0.01316	0.00740	0.00822	0.00247	0.00987	0.00740	0.00411	0.01316
22	0.32039	0.02334	0.01808	0.01594	0.02092	0.18887	0.01254	0.09801	0.16698	0.03398	0.01806	0.01871	0.01386	0.00902	0.00688	0.00251	0.00896	0.00620	0.00605	0.01070
23	0.02056	0.01974	0.03372	0.05099	0.65622	0.01974	0.02550	0.02550	0.01892	0.02714	0.01563	0.02056	0.01316	0.00740	0.00822	0.00247	0.00987	0.00740	0.00411	0.01316
24	0.01339	0.00956	0.01339	0.01530	0.01721	0.00956	0.01339	0.01721	0.01912	0.02486	0.04399	0.09371	0.04781	0.02295	0.01147	0.00382	0.00765	0.60031	0.00765	0.00765
25	0.01961	0.02241	0.04902	0.03501	0.04342	0.02101	0.62605	0.02661	0.01961	0.02661	0.01681	0.02241	0.01261	0.00700	0.00980	0.00280	0.01401	0.00980	0.00420	0.01120
26	0.03116	0.03575	0.02387	0.02086	0.02570	0.52188	0.01599	0.17337	0.02720	0.02787	0.01451	0.01615	0.01151	0.00889	0.00768	0.00222	0.01361	0.00585	0.00523	0.01069
27	0.01012	0.00723	0.00964	0.01157	0.01205	0.00675	0.00771	0.01157	0.01591	0.02121	0.04579	0.70262	0.05495	0.02603	0.01060	0.00337	0.00482	0.02362	0.00771	0.00675
28	0.03158	0.02327	0.02493	0.01911	0.02576	0.02576	0.01579	0.62852	0.03906	0.05236	0.01995	0.01995	0.01413	0.00997	0.00831	0.00249	0.00914	0.00748	0.00831	0.01413
29	0.02896	0.19818	0.02825	0.01971	0.02466	0.52355	0.01562	0.03122	0.02197	0.02015	0.01254	0.01459	0.01069	0.00822	0.00698	0.00205	0.01355	0.00514	0.00411	0.00987
30	0.03107	0.03861	0.02363	0.02126	0.02569	0.63576	0.01604	0.06889	0.02447	0.02225	0.01327	0.01528	0.01091	0.00865	0.00754	0.00216	0.01463	0.00548	0.00452	0.00990
31	0.01012	0.00723	0.00964	0.01157	0.01205	0.00675	0.00771	0.01157	0.01591	0.02121	0.04579	0.70262	0.05495	0.02603	0.01060	0.00337	0.00482	0.02362	0.00771	0.00675
32	0.01012	0.00723	0.00964	0.01157	0.01205	0.00675	0.00771	0.01157	0.01591	0.02121	0.04579	0.70262	0.05495	0.02603	0.01060	0.00337	0.00482	0.02362	0.00771	0.00675
33	0.03137	0.02965	0.02439	0.02001	0.02573	0.27933	0.01589	0.39589	0.03300	0.03984	0.01717	0.01801	0.01279	0.00942	0.00799	0.00236	0.01142	0.00665	0.00674	0.01237
34	0.02056	0.01974	0.03372	0.05099	0.65622	0.01974	0.02550	0.02550	0.01892	0.02714	0.01563	0.02056	0.01316	0.00740	0.00822	0.00247	0.00987	0.00740	0.00411	0.01316
35	0.01176	0.00849	0.01110	0.01045	0.01241	0.00784	0.00784	0.01568	0.02352	0.03331	0.65184	0.06206	0.07839	0.01698	0.00980	0.00261	0.00392	0.01502	0.00914	0.00784
36	0.02191	0.67639	0.07753	0.01473	0.02212	0.03213	0.01512	0.02495	0.01692	0.01992	0.01173	0.01356	0.01065	0.00715	0.00547	0.00182	0.00907	0.00453	0.00355	0.01075
37	0.03113	0.03667	0.02379	0.02099	0.02570	0.55831	0.01600	0.13994	0.02632	0.02607	0.01412	0.01587	0.01132	0.00881	0.00764	0.00220	0.01393	0.00573	0.00500	0.01044
38	0.01339	0.00956	0.01339	0.01530	0.01721	0.00956	0.01339	0.01721	0.01912	0.02486	0.04399	0.09371	0.04781	0.02295	0.01147	0.00382	0.00765	0.60031	0.00765	0.00765
39	0.01666	0.04297	0.66500	0.02368	0.03596	0.01929	0.03069	0.02631	0.01754	0.02631	0.01491	0.01754	0.01052	0.00789	0.00789	0.00263	0.01228	0.00614	0.00351	0.01228
40	0.02056	0.01974	0.03372	0.05099	0.65622	0.01974	0.02550	0.02550	0.01892	0.02714	0.01563	0.02056	0.01316	0.00740	0.00822	0.00247	0.00987	0.00740	0.00411	0.01316
41	0.02694	0.01989	0.02220	0.01776	0.02319	0.02214	0.01452	0.48400	0.03301	0.04457	0.02049	0.02293	0.01569	0.02230	0.16534	0.00505	0.01223	0.00781	0.00740	0.01255
42	0.01012	0.00723	0.00964	0.01157	0.01205	0.00675	0.00771	0.01157	0.01591	0.02121	0.04579	0.70262	0.05495	0.02603	0.01060	0.00337	0.00482	0.02362	0.00771	0.00675
43	0.02024	0.47511	0.26420	0.01757	0.02652	0.02805	0.02007	0.02538	0.01711	0.02195	0.01274	0.01482	0.01061	0.00739	0.00624	0.00208	0.01009	0.00504	0.00354	0.01123
44	0.02162	0.25342	0.32881	0.01978	0.02909	0.05434	0.02224	0.12850	0.02126	0.02831	0.01460	0.01649	0.01119	0.00803	0.00713	0.00231	0.01078	0.00579	0.00437	0.01196
45	0.01012	0.00723	0.00964	0.01157	0.01205	0.00675	0.00771	0.01157	0.01591	0.02121	0.04579	0.70262	0.05495	0.02603	0.01060	0.00337	0.00482	0.02362	0.00771	0.00675
46	0.01666	0.04297	0.66500	0.02368	0.03596	0.01929	0.03069	0.02631	0.01754	0.02631	0.01491	0.01754	0.01052	0.00789	0.00789	0.00263	0.01228	0.00614	0.00351	0.01228
47	0.02769	0.03379	0.02615	0.02255	0.02702	0.48399	0.08626	0.03250	0.08395	0.02247	0.01524	0.01768	0.01240	0.00911	0.00938	0.00240	0.06623	0.00642	0.00464	0.01012
48	0.01837	0.01193	0.01345	0.01200	0.01595	0.01151	0.00935	0.02609	0.17271	0.15983	0.10909	0.05567	0.31869	0.01606	0.00918	0.00274	0.00536	0.01341	0.00855	0.01007
49	0.01302	0.00930	0.01297	0.01488	0.01663	0.00925	0.01275	0.01658	0.01876	0.02445	0.04419	0.16176	0.04861	0.02329	0.01138	0.00377	0.00733	0.53585	0.00766	0.00755
50	0.01849	0.01218	0.01470	0.01395	0.01711	0.01215	0.01107	0.14890	0.02299	0.10057	0.04421	0.24184	0.13202	0.01933	0.00994	0.00311	0.00657	0.15331	0.00811	0.00941
51	0.02805	0.13495	0.02612	0.01900	0.02434	0.31133	0.01522	0.17517	0.13117	0.03027	0.01789	0.01863	0.01400	0.00913	0.00752	0.00228	0.01123	0.00640	0.00584	0.01145
52	0.01203	0.00825	0.01007	0.01007	0.01042	0.00860	0.00629	0.01273	0.01238	0.01686	0.02525	0.04925	0.02798	0.55598	0.19131	0.00930	0.01140	0.01133	0.00490	0.00560
53	0.02808	0.02153	0.02296	0.01841	0.02443	0.02413	0.01494	0.44108	0.23220	0.04671	0.02439	0.02349	0.01773	0.01039	0.00836	0.00260	0.00832	0.00809	0.00836	0.01381
54	0.02875	0.03169	0.02392	0.02356	0.09537	0.42184	0.01649	0.08516	0.11152	0.05670	0.01768	0.01893	0.01381	0.00902	0.00782	0.00232	0.01234	0.00648	0.00548	0.01112
55	0.10368	0.02010	0.03576	0.04188	0.40685	0.01998	0.19793	0.02570	0.01858	0.02812	0.01552	0.02031	0.01253	0.00732	0.00834	0.00258	0.01068	0.00777	0.00425	0.01213
56	0.02867	0.02782	0.09433	0.06451	0.02771	0.22893	0.01708	0.15867	0.08706	0.15260	0.02061	0.02094	0.01478	0.00936	0.00802	0.00246	0.01084	0.00700	0.00657	0.01206
57	0.10702	0.22843	0.16605	0.01869	0.02539	0.24569	0.01799	0.02771	0.01877	0.02327	0.01268	0.01505	0.01047	0.00820	0.00767	0.00226	0.04502	0.00526	0.00397	0.01040

[dist]
# distance from previous block
# <min> <max>
0	2

# created by:
# /home/cegg/simao/soft/augustus-3.2.1/scripts/msa2prfl.pl ./align_prep/15095.fa
