[name]
unknown

[dist]
# distance from previous block
# <min> <max>
0	11

[block]
# block no. 0 follows, 23 sequences, length 27
# corresponding to MSA columns:
# 11-37
name=unknown_A
#
# <colnr> <probs for GDERKNQSTAVLIFYWHMCP>
#	G	D	E	R	K	N	Q	S	T	A	V	L	I	F	Y	W	H	M	C	P
0	0.01271	0.00905	0.01217	0.01365	0.01526	0.00899	0.01144	0.01577	0.01755	0.02279	0.04186	0.08467	0.07101	0.13515	0.01604	0.00436	0.00739	0.48605	0.00706	0.00703
1	0.01474	0.01117	0.01264	0.01213	0.01422	0.01169	0.00863	0.08159	0.14650	0.02638	0.09679	0.21954	0.08297	0.20297	0.01780	0.00420	0.00619	0.01442	0.00718	0.00827
2	0.01141	0.00868	0.01005	0.01003	0.01191	0.00815	0.00734	0.01466	0.04856	0.02426	0.21829	0.08756	0.26377	0.16313	0.01627	0.00387	0.00527	0.07238	0.00740	0.00701
3	0.02271	0.02548	0.02256	0.02508	0.16786	0.31634	0.01580	0.02496	0.01845	0.02049	0.01565	0.02420	0.01497	0.15505	0.01670	0.00352	0.08948	0.00726	0.00422	0.00921
4	0.01241	0.00844	0.01201	0.06005	0.01493	0.00925	0.00881	0.01320	0.01248	0.01714	0.02146	0.06241	0.02206	0.22619	0.28732	0.17871	0.01321	0.00964	0.00439	0.00588
5	0.01669	0.01070	0.01360	0.01360	0.04069	0.01051	0.00989	0.02179	0.09310	0.11897	0.19421	0.05564	0.07901	0.16047	0.01601	0.00389	0.00631	0.11856	0.00764	0.00872
6	0.02203	0.01886	0.01850	0.04847	0.02143	0.12553	0.01288	0.24991	0.02493	0.03227	0.02401	0.09111	0.04469	0.02195	0.14777	0.00464	0.01164	0.00918	0.06014	0.01007
7	0.01057	0.00824	0.00973	0.01041	0.01245	0.00740	0.00801	0.01304	0.01845	0.02331	0.12869	0.19887	0.35603	0.02144	0.01007	0.00303	0.00489	0.14068	0.00767	0.00702
8	0.01121	0.00796	0.00868	0.00868	0.00942	0.00759	0.00525	0.01176	0.01360	0.01740	0.04078	0.05981	0.19910	0.52835	0.03278	0.00649	0.00686	0.01323	0.00562	0.00544
9	0.00988	0.00745	0.00902	0.01025	0.01140	0.00672	0.00700	0.01143	0.01629	0.02088	0.05549	0.48702	0.24014	0.05286	0.01142	0.00332	0.00466	0.02076	0.00742	0.00660
10	0.01285	0.01076	0.01125	0.01079	0.01388	0.01055	0.00817	0.04415	0.15988	0.02568	0.06505	0.12600	0.43389	0.01845	0.00931	0.00278	0.00488	0.01552	0.00772	0.00845
11	0.01425	0.01116	0.01205	0.01096	0.01428	0.01072	0.00861	0.13575	0.02299	0.02927	0.14643	0.06497	0.41604	0.01799	0.00940	0.00271	0.00523	0.05097	0.00784	0.00837
12	0.01305	0.03972	0.01251	0.01181	0.01304	0.00953	0.00851	0.04935	0.01551	0.02115	0.03067	0.35135	0.03407	0.02932	0.12387	0.16656	0.00836	0.01486	0.04007	0.00668
13	0.17384	0.01256	0.01357	0.01253	0.01535	0.01352	0.00944	0.16144	0.01958	0.03036	0.02453	0.22253	0.02496	0.01762	0.01278	0.15729	0.00644	0.01129	0.05220	0.00818
14	0.01068	0.00764	0.00903	0.00972	0.01044	0.00720	0.00623	0.01171	0.01477	0.01930	0.06557	0.30759	0.14823	0.30842	0.02295	0.00506	0.00588	0.01710	0.00651	0.00598
15	0.02303	0.18663	0.02362	0.01496	0.01946	0.10073	0.01242	0.10811	0.02012	0.12932	0.01968	0.02410	0.01633	0.06596	0.19454	0.00548	0.01269	0.00713	0.00559	0.01010
16	0.02052	0.01344	0.01567	0.01358	0.01763	0.01384	0.01066	0.07348	0.23141	0.15913	0.23800	0.04246	0.08891	0.01327	0.00875	0.00262	0.00568	0.01123	0.00876	0.01096
17	0.01374	0.01045	0.01242	0.01131	0.01413	0.00940	0.00809	0.05895	0.01758	0.02461	0.09194	0.26185	0.05979	0.15403	0.01504	0.00349	0.00587	0.01387	0.00647	0.20697
18	0.02108	0.02128	0.02295	0.14145	0.15345	0.15621	0.01748	0.03220	0.25643	0.02682	0.02257	0.02649	0.01811	0.00977	0.00814	0.00259	0.00956	0.03649	0.00574	0.01121
19	0.05272	0.01197	0.01273	0.01178	0.01419	0.04338	0.00880	0.11317	0.01861	0.02557	0.03320	0.07802	0.15188	0.04931	0.08164	0.18233	0.00807	0.01034	0.08489	0.00741
20	0.01990	0.01730	0.02626	0.30074	0.27911	0.05637	0.02139	0.02456	0.01831	0.08578	0.01818	0.02574	0.01479	0.00891	0.00824	0.00260	0.01000	0.04627	0.00467	0.01086
21	0.07586	0.03097	0.02406	0.02552	0.15022	0.42264	0.01686	0.07423	0.05940	0.02531	0.01470	0.01688	0.01190	0.00834	0.00742	0.00224	0.01222	0.00595	0.00472	0.01056
22	0.06605	0.03579	0.50381	0.02758	0.15786	0.01889	0.02760	0.02542	0.01718	0.02655	0.01449	0.01746	0.01069	0.00760	0.00760	0.00253	0.01116	0.00614	0.00365	0.01195
23	0.02059	0.02245	0.06410	0.03456	0.36643	0.15453	0.02001	0.02481	0.01859	0.02451	0.01632	0.02097	0.01371	0.01385	0.08533	0.00353	0.01172	0.00694	0.06603	0.01101
24	0.05289	0.02858	0.12597	0.20375	0.14180	0.26469	0.02099	0.02666	0.01916	0.02280	0.01376	0.01773	0.01086	0.00797	0.00761	0.00240	0.01203	0.00617	0.00392	0.01026
25	0.02016	0.12677	0.21540	0.01952	0.05095	0.15323	0.01856	0.06213	0.04808	0.02457	0.02487	0.02620	0.11013	0.01036	0.00885	0.00244	0.05495	0.00764	0.00474	0.01045
26	0.16930	0.01397	0.01408	0.01264	0.01562	0.05442	0.01009	0.01902	0.01690	0.07056	0.04515	0.04494	0.30839	0.01510	0.01195	0.00281	0.14949	0.01110	0.00617	0.00832

[dist]
# distance from previous block
# <min> <max>
14	23

[block]
# block no. 1 follows, 23 sequences, length 8
# corresponding to MSA columns:
# 62-69
name=unknown_B
#
# <colnr> <probs for GDERKNQSTAVLIFYWHMCP>
#	G	D	E	R	K	N	Q	S	T	A	V	L	I	F	Y	W	H	M	C	P
0	0.01646	0.01562	0.02695	0.27938	0.23450	0.01655	0.08937	0.02113	0.01718	0.02340	0.01966	0.12874	0.01839	0.01030	0.00850	0.00263	0.00958	0.00985	0.00446	0.04735
1	0.27116	0.01857	0.09160	0.11972	0.08051	0.01740	0.01559	0.09314	0.01857	0.11093	0.01621	0.01896	0.01202	0.00991	0.00902	0.06644	0.00833	0.00626	0.00539	0.01027
2	0.01894	0.10660	0.09055	0.18323	0.22481	0.06609	0.02045	0.02456	0.04674	0.02395	0.01634	0.02237	0.01370	0.00829	0.00761	0.00236	0.00982	0.03415	0.00423	0.07523
3	0.01537	0.01247	0.01416	0.01204	0.01629	0.01137	0.00911	0.05919	0.10329	0.02683	0.06146	0.14126	0.11864	0.07302	0.01082	0.00267	0.00583	0.01123	0.00650	0.28846
4	0.01010	0.00787	0.00863	0.00908	0.01074	0.00699	0.00625	0.01159	0.01647	0.02041	0.06205	0.22466	0.39077	0.15857	0.01602	0.00388	0.00499	0.01750	0.00702	0.00641
5	0.25916	0.01898	0.02427	0.03003	0.30697	0.02035	0.01756	0.17146	0.02173	0.03553	0.01503	0.01777	0.01180	0.00793	0.00711	0.00245	0.00841	0.00636	0.00532	0.01180
6	0.05533	0.08092	0.02263	0.01918	0.08025	0.17919	0.01407	0.17372	0.02484	0.12407	0.05466	0.02720	0.08856	0.01042	0.00779	0.00234	0.00918	0.00799	0.00653	0.01111
7	0.15909	0.02395	0.02106	0.01975	0.07581	0.19805	0.01435	0.25403	0.02592	0.03511	0.01826	0.08407	0.01580	0.01029	0.00756	0.00244	0.00964	0.00775	0.00611	0.01095

[dist]
# distance from previous block
# <min> <max>
20	103

[block]
# block no. 2 follows, 23 sequences, length 12
# corresponding to MSA columns:
# 181-192
name=unknown_C
#
# <colnr> <probs for GDERKNQSTAVLIFYWHMCP>
#	G	D	E	R	K	N	Q	S	T	A	V	L	I	F	Y	W	H	M	C	P
0	0.16164	0.01593	0.02357	0.23484	0.06324	0.01730	0.11115	0.05120	0.05973	0.02756	0.01851	0.08505	0.01597	0.00949	0.00779	0.00258	0.00898	0.00847	0.00496	0.07203
1	0.01913	0.02043	0.02060	0.13969	0.02740	0.20220	0.05828	0.02437	0.08323	0.02327	0.05923	0.11475	0.07490	0.01214	0.00900	0.00254	0.03359	0.01009	0.00546	0.05969
2	0.01603	0.01344	0.01684	0.01758	0.09864	0.01383	0.01136	0.02303	0.16518	0.02421	0.02469	0.09614	0.02391	0.20924	0.01853	0.00395	0.05345	0.01000	0.00573	0.15424
3	0.01757	0.01131	0.01460	0.01385	0.01629	0.01186	0.01094	0.02193	0.07754	0.14479	0.06783	0.18721	0.10166	0.05006	0.01330	0.00333	0.09472	0.12474	0.00750	0.00899
4	0.01597	0.01836	0.14012	0.01410	0.01832	0.04892	0.01252	0.07596	0.01692	0.02318	0.02171	0.07849	0.02191	0.28296	0.07619	0.00529	0.00982	0.00951	0.00501	0.10476
5	0.02511	0.01982	0.02406	0.02462	0.17465	0.02121	0.01637	0.38602	0.05779	0.04081	0.02709	0.02759	0.09678	0.01058	0.00829	0.00248	0.00837	0.00862	0.00708	0.01264
6	0.01176	0.00802	0.00961	0.00961	0.00987	0.00828	0.00586	0.01229	0.01202	0.01629	0.02487	0.04926	0.02783	0.59665	0.15721	0.00880	0.01037	0.01124	0.00481	0.00534
7	0.02330	0.01239	0.01503	0.01301	0.01736	0.01178	0.01020	0.03012	0.15248	0.30103	0.04566	0.12722	0.17617	0.01468	0.00880	0.00272	0.00586	0.01239	0.00876	0.01105
8	0.05721	0.02398	0.13551	0.06695	0.07214	0.01996	0.45105	0.02551	0.01839	0.02623	0.01572	0.02064	0.01178	0.00709	0.00891	0.00268	0.01270	0.00854	0.00402	0.01098
9	0.02039	0.01875	0.02409	0.05496	0.26147	0.07830	0.01760	0.10381	0.09593	0.02823	0.01887	0.02291	0.01551	0.01852	0.13933	0.00444	0.01182	0.00744	0.00516	0.05246
10	0.08392	0.01711	0.01918	0.20402	0.02864	0.11260	0.01521	0.02183	0.06121	0.02271	0.02169	0.18284	0.02170	0.01352	0.01164	0.00290	0.13494	0.01055	0.00507	0.00872
11	0.01522	0.01483	0.01273	0.01307	0.01454	0.16707	0.00909	0.01689	0.01770	0.02128	0.11288	0.36401	0.04275	0.12302	0.01415	0.00360	0.00742	0.01609	0.00653	0.00714

[dist]
# distance from previous block
# <min> <max>
1	6

[block]
# block no. 3 follows, 23 sequences, length 38
# corresponding to MSA columns:
# 199-236
name=unknown_D
#
# <colnr> <probs for GDERKNQSTAVLIFYWHMCP>
#	G	D	E	R	K	N	Q	S	T	A	V	L	I	F	Y	W	H	M	C	P
0	0.01710	0.05270	0.07066	0.01715	0.05450	0.08911	0.01333	0.02416	0.14756	0.02258	0.02183	0.02996	0.01963	0.14663	0.20284	0.00639	0.04126	0.00837	0.00507	0.00917
1	0.02352	0.02369	0.02066	0.01754	0.02184	0.27012	0.04322	0.06090	0.05046	0.07734	0.10468	0.02763	0.06323	0.01070	0.00943	0.00233	0.06536	0.00808	0.00591	0.09339
2	0.01993	0.13790	0.02383	0.05401	0.12495	0.12961	0.01438	0.08920	0.02092	0.02599	0.11011	0.03112	0.08353	0.04059	0.05701	0.00327	0.00977	0.00865	0.00545	0.00979
3	0.01746	0.01527	0.01922	0.21436	0.08040	0.05827	0.01528	0.12598	0.02129	0.02739	0.06561	0.15182	0.09954	0.01391	0.00884	0.00274	0.00826	0.03892	0.00607	0.00936
4	0.01878	0.19865	0.16572	0.07533	0.03058	0.08821	0.15250	0.02388	0.01769	0.02233	0.01890	0.02240	0.05389	0.01254	0.06191	0.00321	0.01198	0.00732	0.00402	0.01015
5	0.01014	0.00724	0.00971	0.01159	0.01217	0.00681	0.00798	0.01174	0.01579	0.02100	0.04458	0.65980	0.05311	0.02518	0.01043	0.00333	0.00493	0.07027	0.00753	0.00666
6	0.01570	0.04875	0.01726	0.06012	0.05596	0.11411	0.01206	0.01831	0.01506	0.01912	0.01954	0.03010	0.01862	0.13970	0.36990	0.00878	0.01657	0.00823	0.00430	0.00783
7	0.03024	0.02243	0.02401	0.01855	0.02493	0.02488	0.01528	0.60362	0.07267	0.05017	0.02025	0.02009	0.01442	0.00981	0.00813	0.00245	0.00879	0.00741	0.00813	0.01375
8	0.03150	0.01778	0.02082	0.01639	0.02245	0.01833	0.01340	0.26431	0.13787	0.32708	0.02749	0.02503	0.01854	0.01010	0.00816	0.00252	0.00758	0.00802	0.00901	0.01364
9	0.00989	0.00706	0.00942	0.01130	0.01177	0.00659	0.00753	0.01130	0.01554	0.02071	0.04472	0.70954	0.05367	0.02542	0.01036	0.00330	0.00471	0.02307	0.00753	0.00659
10	0.01896	0.02132	0.04471	0.03242	0.03950	0.02112	0.54982	0.02510	0.01823	0.02510	0.01562	0.02132	0.01208	0.00785	0.01192	0.00285	0.10814	0.00924	0.00403	0.01066
11	0.01240	0.01195	0.01041	0.01006	0.01285	0.08943	0.00754	0.01471	0.01970	0.02321	0.15772	0.06780	0.49652	0.01849	0.00931	0.00263	0.00535	0.01532	0.00733	0.00728
12	0.01415	0.01044	0.01387	0.01563	0.05708	0.01061	0.01126	0.07709	0.01856	0.02472	0.03614	0.25161	0.03986	0.11513	0.04163	0.00432	0.00759	0.23560	0.00686	0.00785
13	0.01008	0.00750	0.00944	0.01091	0.01200	0.00687	0.00767	0.01182	0.01645	0.02127	0.05291	0.51945	0.18808	0.02410	0.01025	0.00321	0.00480	0.06895	0.00753	0.00672
14	0.02426	0.36003	0.03185	0.01814	0.05815	0.23190	0.01464	0.02848	0.07034	0.04409	0.01693	0.01816	0.03529	0.00833	0.00653	0.00203	0.01018	0.00576	0.00449	0.01043
15	0.01891	0.02244	0.07717	0.06128	0.07770	0.02027	0.54547	0.02570	0.01889	0.02579	0.01618	0.02154	0.01218	0.00696	0.00934	0.00271	0.01325	0.00917	0.00405	0.01103
16	0.01166	0.00843	0.01170	0.01170	0.01269	0.00942	0.00847	0.01363	0.01264	0.01784	0.02296	0.03866	0.02323	0.26981	0.47775	0.01139	0.01730	0.00969	0.00453	0.00650
17	0.01513	0.00756	0.00756	0.00756	0.00945	0.00756	0.00567	0.01891	0.01702	0.03025	0.02647	0.03025	0.02080	0.00945	0.00567	0.00189	0.00378	0.00756	0.75988	0.00756
18	0.01464	0.01318	0.01889	0.01713	0.01786	0.01743	0.01391	0.01698	0.01274	0.01918	0.01625	0.02488	0.01551	0.03775	0.35774	0.00834	0.35766	0.00790	0.00395	0.00805
19	0.01683	0.01442	0.01683	0.01202	0.01923	0.01082	0.00961	0.02043	0.01683	0.02644	0.01442	0.01683	0.01202	0.00601	0.00601	0.00120	0.00601	0.00481	0.00481	0.76444
20	0.32055	0.01828	0.02343	0.10273	0.05529	0.05764	0.12811	0.05151	0.01677	0.02935	0.01377	0.01795	0.01100	0.01118	0.04633	0.00322	0.07228	0.00648	0.00456	0.00958
21	0.01063	0.01010	0.04974	0.01027	0.01293	0.00778	0.00831	0.01356	0.01926	0.02518	0.24765	0.17898	0.33741	0.01941	0.00960	0.00277	0.00461	0.01673	0.00771	0.00736
22	0.22190	0.01716	0.01885	0.01484	0.02087	0.01778	0.01225	0.22779	0.02563	0.30957	0.02271	0.02133	0.01519	0.00931	0.00735	0.00249	0.00740	0.00693	0.00815	0.01253
23	0.06146	0.01450	0.02358	0.65359	0.05344	0.01804	0.02170	0.02092	0.01608	0.02169	0.01423	0.02112	0.01069	0.00808	0.00792	0.00269	0.01054	0.00704	0.00369	0.00900
24	0.01476	0.00764	0.00794	0.00794	0.00972	0.00773	0.00589	0.01830	0.01653	0.02888	0.02615	0.03146	0.02119	0.04680	0.04668	0.00283	0.00502	0.00783	0.67927	0.00742
25	0.01700	0.07108	0.01594	0.05683	0.01805	0.09706	0.01028	0.04854	0.01887	0.07421	0.04229	0.22638	0.19421	0.05938	0.01081	0.00301	0.00711	0.01404	0.00659	0.00832
26	0.15802	0.06868	0.13963	0.05991	0.05234	0.04625	0.04734	0.15193	0.02115	0.03216	0.01479	0.01711	0.01130	0.00774	0.00696	0.00223	0.00908	0.00593	0.00504	0.14239
27	0.12485	0.07271	0.02320	0.06700	0.22781	0.04656	0.01650	0.02365	0.06758	0.02572	0.01945	0.02820	0.01739	0.01847	0.12514	0.00438	0.01101	0.06536	0.00483	0.01020
28	0.01904	0.01427	0.01698	0.01613	0.04798	0.01495	0.01215	0.11096	0.20418	0.07292	0.08350	0.09433	0.06351	0.01652	0.04633	0.00329	0.00743	0.08370	0.00756	0.06427
29	0.18255	0.02746	0.02256	0.02424	0.15322	0.31872	0.01594	0.07836	0.05627	0.02797	0.01454	0.01670	0.01166	0.00822	0.00710	0.00231	0.01095	0.00585	0.00487	0.01053
30	0.08043	0.01996	0.02732	0.07167	0.25424	0.07287	0.08419	0.08559	0.10172	0.02910	0.01879	0.05485	0.01573	0.00928	0.00883	0.00258	0.03808	0.00814	0.00519	0.01143
31	0.01528	0.00815	0.00857	0.00836	0.01014	0.00857	0.00637	0.01894	0.01675	0.02963	0.02555	0.02953	0.02021	0.00973	0.00689	0.00199	0.04417	0.00754	0.71600	0.00764
32	0.01366	0.00942	0.01354	0.05788	0.04523	0.01005	0.01008	0.01482	0.01431	0.04522	0.05214	0.16201	0.05309	0.10673	0.15988	0.16447	0.04365	0.01174	0.00528	0.00680
33	0.01513	0.00756	0.00756	0.00756	0.00945	0.00756	0.00567	0.01891	0.01702	0.03025	0.02647	0.03025	0.02080	0.00945	0.00567	0.00189	0.00378	0.00756	0.75988	0.00756
34	0.01224	0.00952	0.01462	0.01345	0.01514	0.01018	0.05890	0.01485	0.01424	0.02006	0.08692	0.03908	0.02756	0.20909	0.40624	0.00991	0.01594	0.01012	0.00493	0.00703
35	0.02437	0.27659	0.03175	0.06644	0.13018	0.18191	0.01687	0.07596	0.02026	0.05556	0.01410	0.01656	0.01161	0.00808	0.00763	0.00216	0.03890	0.00575	0.00444	0.01086
36	0.07287	0.09221	0.06216	0.03099	0.33754	0.01797	0.01828	0.04367	0.01832	0.02606	0.02774	0.03024	0.13637	0.01223	0.03727	0.00288	0.00887	0.00861	0.00483	0.01089
37	0.05307	0.01924	0.07407	0.01941	0.06171	0.01863	0.05065	0.28477	0.06042	0.03554	0.02204	0.11016	0.01937	0.01606	0.05405	0.06457	0.00938	0.00942	0.00644	0.01099

[dist]
# distance from previous block
# <min> <max>
4	7

[block]
# block no. 4 follows, 23 sequences, length 20
# corresponding to MSA columns:
# 244-263
name=unknown_E
#
# <colnr> <probs for GDERKNQSTAVLIFYWHMCP>
#	G	D	E	R	K	N	Q	S	T	A	V	L	I	F	Y	W	H	M	C	P
0	0.08634	0.01740	0.01952	0.01996	0.11781	0.07484	0.01343	0.16685	0.02264	0.11726	0.05497	0.03127	0.02146	0.12546	0.04391	0.00384	0.00912	0.03696	0.00647	0.01050
1	0.05016	0.01792	0.01972	0.02064	0.12395	0.13138	0.01388	0.02252	0.01698	0.05666	0.01708	0.02210	0.01465	0.02432	0.21719	0.00547	0.05154	0.00676	0.00464	0.16246
2	0.02322	0.01799	0.02198	0.13317	0.06312	0.05513	0.03883	0.22338	0.07661	0.09427	0.05807	0.07003	0.02153	0.05351	0.01038	0.00290	0.00877	0.00919	0.00676	0.01116
3	0.01513	0.00756	0.00756	0.00756	0.00945	0.00756	0.00567	0.01891	0.01702	0.03025	0.02647	0.03025	0.02080	0.00945	0.00567	0.00189	0.00378	0.00756	0.75988	0.00756
4	0.01038	0.00744	0.00986	0.01096	0.01188	0.00692	0.00757	0.01255	0.01784	0.02439	0.23584	0.50795	0.06078	0.02268	0.01011	0.00306	0.00443	0.02046	0.00797	0.00692
5	0.02378	0.41901	0.11371	0.01726	0.02394	0.23807	0.01643	0.02706	0.01864	0.02015	0.01209	0.01404	0.01041	0.00749	0.00619	0.00195	0.01099	0.00483	0.00369	0.01029
6	0.03031	0.03867	0.02299	0.02090	0.02508	0.68226	0.01568	0.03240	0.02299	0.01986	0.01254	0.01463	0.01045	0.00836	0.00732	0.00209	0.01463	0.00523	0.00418	0.00941
7	0.01513	0.00756	0.00756	0.00756	0.00945	0.00756	0.00567	0.01891	0.01702	0.03025	0.02647	0.03025	0.02080	0.00945	0.00567	0.00189	0.00378	0.00756	0.75988	0.00756
8	0.77215	0.01569	0.01193	0.01067	0.01569	0.01820	0.00879	0.02385	0.01381	0.03641	0.01130	0.01318	0.00879	0.00753	0.00502	0.00251	0.00628	0.00439	0.00502	0.00879
9	0.02236	0.06112	0.02533	0.02613	0.19262	0.17887	0.04580	0.12532	0.02329	0.02915	0.12198	0.06686	0.02513	0.01051	0.00818	0.00239	0.00962	0.00888	0.00572	0.01072
10	0.01138	0.00884	0.01025	0.04041	0.01332	0.00814	0.00730	0.01337	0.01682	0.02170	0.12671	0.06291	0.29550	0.22902	0.01900	0.00423	0.00582	0.04700	0.00657	0.05171
11	0.01752	0.01375	0.01486	0.01290	0.01680	0.01429	0.01013	0.18307	0.14045	0.03397	0.17280	0.05034	0.25601	0.01515	0.00895	0.00262	0.00575	0.01258	0.00810	0.00994
12	0.01921	0.01877	0.08627	0.11409	0.10273	0.05550	0.01647	0.09918	0.08244	0.06338	0.02769	0.13966	0.05602	0.01264	0.00854	0.00266	0.00844	0.03876	0.00612	0.04144
13	0.01513	0.00756	0.00756	0.00756	0.00945	0.00756	0.00567	0.01891	0.01702	0.03025	0.02647	0.03025	0.02080	0.00945	0.00567	0.00189	0.00378	0.00756	0.75988	0.00756
14	0.01865	0.01513	0.02017	0.05850	0.14022	0.01607	0.01407	0.15339	0.01990	0.02778	0.01885	0.02801	0.01723	0.15973	0.11965	0.00510	0.05181	0.00809	0.00519	0.10246
15	0.49896	0.01604	0.01443	0.01247	0.01713	0.01824	0.01004	0.13742	0.05356	0.03627	0.01438	0.01672	0.01127	0.01068	0.00906	0.09604	0.00687	0.00553	0.00559	0.00930
16	0.01497	0.01323	0.01532	0.01343	0.01654	0.05241	0.01046	0.01753	0.01532	0.02144	0.02441	0.03419	0.07375	0.10622	0.19171	0.00571	0.09605	0.03969	0.00488	0.23274
17	0.01875	0.01393	0.01624	0.01312	0.01830	0.01246	0.01033	0.13179	0.02088	0.06839	0.02630	0.13199	0.05258	0.04142	0.00914	0.00232	0.00647	0.04301	0.00643	0.35615
18	0.04917	0.01731	0.02335	0.02217	0.11060	0.05620	0.10386	0.10100	0.09866	0.08809	0.02521	0.02954	0.05653	0.07562	0.10199	0.00441	0.01080	0.00886	0.00600	0.01063
19	0.22043	0.01656	0.01535	0.01587	0.05553	0.11074	0.01126	0.02408	0.11861	0.02707	0.02460	0.18746	0.02413	0.01908	0.09059	0.00397	0.00923	0.01051	0.00589	0.00905

[dist]
# distance from previous block
# <min> <max>
0	1

[block]
# block no. 5 follows, 23 sequences, length 78
# corresponding to MSA columns:
# 265-342
name=unknown_F
#
# <colnr> <probs for GDERKNQSTAVLIFYWHMCP>
#	G	D	E	R	K	N	Q	S	T	A	V	L	I	F	Y	W	H	M	C	P
0	0.26450	0.01430	0.01491	0.01254	0.01724	0.01465	0.00998	0.05695	0.05530	0.05632	0.08517	0.08730	0.02272	0.01054	0.00788	0.00230	0.04213	0.00808	0.00609	0.21109
1	0.01447	0.01274	0.01915	0.01780	0.05659	0.01414	0.07334	0.04072	0.01722	0.02400	0.13498	0.03930	0.11880	0.05368	0.18883	0.00571	0.14387	0.01067	0.00555	0.00843
2	0.01970	0.02314	0.12132	0.04250	0.50891	0.05820	0.02425	0.02488	0.01856	0.02580	0.01794	0.02189	0.04078	0.00795	0.00801	0.00243	0.01003	0.00737	0.00410	0.01226
3	0.01708	0.04615	0.02189	0.01742	0.04710	0.01426	0.13034	0.10829	0.02156	0.05264	0.07763	0.07856	0.26088	0.01394	0.00888	0.00255	0.00732	0.01235	0.00664	0.05452
4	0.00991	0.00823	0.00867	0.00856	0.01116	0.00699	0.00642	0.01227	0.01926	0.02373	0.18075	0.07511	0.56125	0.01987	0.00959	0.00271	0.00406	0.01671	0.00777	0.00699
5	0.01683	0.01442	0.01683	0.01202	0.01923	0.01082	0.00961	0.02043	0.01683	0.02644	0.01442	0.01683	0.01202	0.00601	0.00601	0.00120	0.00601	0.00481	0.00481	0.76444
6	0.08161	0.11050	0.02851	0.10676	0.09681	0.05923	0.12227	0.02214	0.01662	0.02345	0.04053	0.06184	0.01673	0.01344	0.05577	0.00335	0.11830	0.00820	0.00435	0.00961
7	0.06571	0.13044	0.35704	0.01997	0.02886	0.10434	0.02215	0.09664	0.05292	0.02801	0.01518	0.01697	0.01139	0.00808	0.00723	0.00238	0.01088	0.00589	0.00441	0.01151
8	0.01167	0.00813	0.01013	0.00994	0.01076	0.00817	0.00659	0.01331	0.01542	0.02138	0.21924	0.05200	0.04244	0.39624	0.13431	0.00707	0.00885	0.01218	0.00606	0.00613
9	0.01032	0.00820	0.00927	0.00911	0.01144	0.00714	0.00679	0.01302	0.02006	0.02590	0.29996	0.10004	0.41146	0.01927	0.00962	0.00269	0.00403	0.01646	0.00807	0.00714
10	0.02187	0.05738	0.02128	0.01889	0.04290	0.32366	0.05437	0.05316	0.02062	0.02231	0.02606	0.21976	0.05676	0.01378	0.00843	0.00253	0.01044	0.01142	0.00547	0.00894
11	0.02686	0.03195	0.02378	0.15879	0.05937	0.47930	0.01746	0.06577	0.02233	0.02219	0.01346	0.01658	0.01083	0.00834	0.00756	0.00225	0.01330	0.00584	0.00429	0.00974
12	0.01802	0.01835	0.02217	0.15600	0.22478	0.14292	0.01735	0.02138	0.01802	0.02235	0.02360	0.23049	0.02450	0.01319	0.00862	0.00268	0.00932	0.01169	0.00505	0.00954
13	0.01765	0.01648	0.02740	0.18023	0.42446	0.01715	0.02192	0.02229	0.01802	0.02475	0.02243	0.03170	0.05919	0.00988	0.00848	0.00263	0.00929	0.07043	0.00452	0.01108
14	0.01230	0.00907	0.01100	0.01140	0.03832	0.00807	0.00827	0.01523	0.02018	0.05944	0.25722	0.06873	0.36432	0.01837	0.00958	0.00274	0.00467	0.06537	0.00796	0.00776
15	0.01565	0.01326	0.01890	0.05866	0.21516	0.01322	0.01417	0.08162	0.02060	0.02772	0.13350	0.15287	0.17210	0.01490	0.00901	0.00267	0.00671	0.01317	0.00653	0.00960
16	0.02234	0.01850	0.01956	0.01695	0.02192	0.02119	0.01336	0.16316	0.52601	0.03742	0.03029	0.02809	0.02255	0.01075	0.00823	0.00269	0.00693	0.00880	0.00823	0.01304
17	0.01513	0.00756	0.00756	0.00756	0.00945	0.00756	0.00567	0.01891	0.01702	0.03025	0.02647	0.03025	0.02080	0.00945	0.00567	0.00189	0.00378	0.00756	0.75988	0.00756
18	0.01114	0.00828	0.01037	0.00985	0.01191	0.00751	0.00739	0.01465	0.02216	0.03062	0.55564	0.06377	0.18206	0.01730	0.00957	0.00259	0.00388	0.01512	0.00868	0.00751
19	0.01191	0.00895	0.01081	0.01010	0.01244	0.00827	0.00764	0.04355	0.02254	0.03071	0.48304	0.06312	0.22215	0.01727	0.00951	0.00259	0.00414	0.01495	0.00854	0.00774
20	0.03085	0.02273	0.02435	0.01867	0.02516	0.02516	0.01542	0.63716	0.03815	0.05114	0.01948	0.01948	0.01380	0.00974	0.00812	0.00244	0.00893	0.00731	0.00812	0.01380
21	0.02759	0.02149	0.02564	0.08715	0.15638	0.05622	0.01777	0.38606	0.03039	0.08307	0.01865	0.02009	0.01358	0.00903	0.00806	0.00244	0.00940	0.00723	0.00680	0.01294
22	0.01349	0.01209	0.01592	0.02083	0.18245	0.04064	0.01205	0.01617	0.01798	0.02332	0.08732	0.27496	0.21555	0.01792	0.00934	0.00280	0.00622	0.01587	0.00656	0.00850
23	0.01915	0.02189	0.04788	0.03420	0.04241	0.02052	0.63475	0.02599	0.01915	0.02599	0.01642	0.02189	0.01231	0.00684	0.00958	0.00274	0.01368	0.00958	0.00410	0.01094
24	0.01863	0.01951	0.02487	0.50698	0.10584	0.14529	0.02144	0.02335	0.01773	0.02110	0.01414	0.02015	0.01093	0.00808	0.00795	0.00256	0.01144	0.00683	0.00375	0.00944
25	0.01943	0.01861	0.03176	0.13832	0.58080	0.01911	0.02458	0.02433	0.01817	0.02572	0.01515	0.02030	0.01257	0.00735	0.00804	0.00245	0.00980	0.00723	0.00396	0.01233
26	0.00989	0.00706	0.00942	0.01130	0.01177	0.00659	0.00753	0.01130	0.01554	0.02071	0.04472	0.70954	0.05367	0.02542	0.01036	0.00330	0.00471	0.02307	0.00753	0.00659
27	0.02513	0.44832	0.03474	0.01668	0.02252	0.29119	0.01460	0.02753	0.01908	0.01940	0.01178	0.01366	0.01043	0.00751	0.00605	0.00188	0.01105	0.00469	0.00375	0.01001
28	0.02607	0.03074	0.04239	0.08580	0.09394	0.41766	0.01740	0.07485	0.04706	0.02394	0.01619	0.02148	0.01370	0.00925	0.00780	0.00234	0.01251	0.04199	0.00474	0.01015
29	0.04959	0.01108	0.01341	0.04040	0.03610	0.01157	0.01010	0.08154	0.09530	0.02646	0.03895	0.44209	0.07220	0.01972	0.00942	0.00302	0.00579	0.01745	0.00730	0.00850
30	0.01513	0.00756	0.00756	0.00756	0.00945	0.00756	0.00567	0.01891	0.01702	0.03025	0.02647	0.03025	0.02080	0.00945	0.00567	0.00189	0.00378	0.00756	0.75988	0.00756
31	0.77215	0.01569	0.01193	0.01067	0.01569	0.01820	0.00879	0.02385	0.01381	0.03641	0.01130	0.01318	0.00879	0.00753	0.00502	0.00251	0.00628	0.00439	0.00502	0.00879
32	0.01640	0.02782	0.33379	0.06323	0.20860	0.01726	0.02438	0.02307	0.01668	0.02436	0.01612	0.02101	0.01294	0.01777	0.13702	0.00454	0.01314	0.00692	0.00378	0.01117
33	0.03031	0.03867	0.02299	0.02090	0.02508	0.68226	0.01568	0.03240	0.02299	0.01986	0.01254	0.01463	0.01045	0.00836	0.00732	0.00209	0.01463	0.00523	0.00418	0.00941
34	0.02071	0.02072	0.03311	0.04700	0.58652	0.06360	0.05865	0.02546	0.01882	0.02604	0.01515	0.01982	0.01266	0.00728	0.00807	0.00241	0.01020	0.00723	0.00403	0.01252
35	0.01273	0.01008	0.01476	0.01839	0.13710	0.00965	0.01123	0.01601	0.01961	0.02732	0.31463	0.25200	0.05572	0.01781	0.00961	0.00282	0.00541	0.04932	0.00748	0.00832
36	0.01159	0.00791	0.00949	0.00978	0.01005	0.00800	0.00604	0.01219	0.01260	0.01693	0.02803	0.13017	0.03199	0.54182	0.10320	0.00772	0.00892	0.03286	0.00525	0.00544
37	0.01532	0.01442	0.02434	0.69533	0.05589	0.01803	0.02253	0.02073	0.01622	0.02073	0.01442	0.02163	0.01082	0.00811	0.00811	0.00270	0.01082	0.00721	0.00361	0.00901
38	0.01119	0.00816	0.00983	0.01000	0.01113	0.00806	0.00688	0.01265	0.01463	0.01916	0.06467	0.09024	0.18377	0.32425	0.15278	0.00698	0.00930	0.04431	0.00586	0.00615
39	0.02464	0.02822	0.02440	0.02228	0.05659	0.36755	0.06489	0.06769	0.02087	0.02282	0.01543	0.02129	0.01352	0.01483	0.07656	0.00352	0.10783	0.03292	0.00450	0.00963
40	0.21387	0.02732	0.20307	0.08062	0.13107	0.13123	0.01980	0.02648	0.01771	0.05803	0.01432	0.01706	0.01086	0.00784	0.00706	0.00246	0.01025	0.00586	0.00439	0.01070
41	0.02704	0.05626	0.02527	0.05250	0.05162	0.30263	0.04741	0.20688	0.02584	0.03029	0.01511	0.01713	0.01180	0.00833	0.00751	0.00216	0.01140	0.00615	0.00533	0.08932
42	0.01879	0.01759	0.02740	0.03901	0.47449	0.01788	0.02053	0.02631	0.12455	0.02719	0.02661	0.02904	0.09584	0.00953	0.00827	0.00251	0.00841	0.00879	0.00517	0.01210
43	0.09037	0.01504	0.02379	0.02055	0.06090	0.01598	0.16528	0.06042	0.01734	0.02536	0.02707	0.03245	0.11329	0.05023	0.16907	0.00537	0.08384	0.00955	0.00501	0.00910
44	0.01159	0.00869	0.01304	0.01304	0.01449	0.01014	0.01014	0.01449	0.01304	0.01884	0.02173	0.03188	0.02029	0.06086	0.68268	0.01304	0.02173	0.00869	0.00435	0.00724
45	0.01513	0.00756	0.00756	0.00756	0.00945	0.00756	0.00567	0.01891	0.01702	0.03025	0.02647	0.03025	0.02080	0.00945	0.00567	0.00189	0.00378	0.00756	0.75988	0.00756
46	0.00979	0.00828	0.00849	0.00860	0.01129	0.00699	0.00655	0.01194	0.01851	0.02205	0.07999	0.07885	0.62632	0.02066	0.00968	0.00280	0.00430	0.05051	0.00753	0.00689
47	0.01683	0.01442	0.01683	0.01202	0.01923	0.01082	0.00961	0.02043	0.01683	0.02644	0.01442	0.01683	0.01202	0.00601	0.00601	0.00120	0.00601	0.00481	0.00481	0.76444
48	0.01785	0.01847	0.01898	0.01741	0.01905	0.17153	0.01377	0.02021	0.01518	0.01929	0.01619	0.02353	0.01504	0.03431	0.32411	0.00758	0.22780	0.00740	0.00406	0.00825
49	0.02397	0.45479	0.03441	0.01615	0.02188	0.24553	0.01427	0.02642	0.01844	0.01933	0.01229	0.01461	0.01098	0.01045	0.04408	0.00249	0.01138	0.00488	0.00375	0.00990
50	0.01514	0.01046	0.01182	0.01187	0.01387	0.04348	0.00850	0.01829	0.05359	0.10379	0.11975	0.35993	0.10986	0.06622	0.01169	0.00326	0.00564	0.01708	0.00771	0.00804
51	0.00979	0.00745	0.00901	0.01026	0.01150	0.00668	0.00707	0.01142	0.01653	0.02112	0.05736	0.49659	0.25846	0.02378	0.01010	0.00311	0.00451	0.02106	0.00753	0.00668
52	0.02221	0.67911	0.04136	0.01430	0.02108	0.07087	0.01399	0.02478	0.01688	0.01914	0.01136	0.01311	0.01042	0.00703	0.00533	0.00176	0.00903	0.00439	0.00351	0.01035
53	0.01299	0.00961	0.01218	0.01314	0.01530	0.00939	0.01098	0.04705	0.01919	0.02457	0.05011	0.10806	0.18695	0.05394	0.01205	0.00361	0.00667	0.38929	0.00740	0.00750
54	0.06340	0.31674	0.07501	0.02057	0.09162	0.22826	0.01650	0.05982	0.01976	0.02318	0.01275	0.01490	0.01077	0.00764	0.00647	0.00205	0.01072	0.00519	0.00407	0.01057
55	0.01566	0.01421	0.02237	0.08702	0.33647	0.01415	0.01754	0.01956	0.01835	0.02473	0.06545	0.08264	0.16682	0.01323	0.00890	0.00269	0.00772	0.06688	0.00554	0.01006
56	0.01894	0.01444	0.01624	0.01362	0.01744	0.01524	0.01087	0.25838	0.02724	0.03648	0.22967	0.04656	0.19444	0.01477	0.00992	0.00261	0.04327	0.01199	0.00797	0.00993
57	0.58686	0.01560	0.01327	0.01164	0.01641	0.01772	0.00946	0.09833	0.01765	0.03729	0.06830	0.04507	0.01687	0.00926	0.00599	0.00254	0.00634	0.00635	0.00583	0.00923
58	0.02035	0.01884	0.02182	0.05300	0.22073	0.11573	0.01589	0.08755	0.06294	0.05225	0.03156	0.03382	0.14806	0.03519	0.04398	0.00318	0.00947	0.00936	0.00574	0.01055
59	0.01635	0.01210	0.01555	0.01415	0.01675	0.01370	0.01110	0.16789	0.01915	0.02660	0.02143	0.03024	0.01930	0.09190	0.47349	0.01008	0.01765	0.00856	0.00531	0.00871
60	0.01513	0.00756	0.00756	0.00756	0.00945	0.00756	0.00567	0.01891	0.01702	0.03025	0.02647	0.03025	0.02080	0.00945	0.00567	0.00189	0.00378	0.00756	0.75988	0.00756
61	0.01087	0.00808	0.00969	0.00972	0.01120	0.00763	0.00681	0.01290	0.01711	0.02268	0.20705	0.12805	0.22303	0.19557	0.08920	0.00511	0.00690	0.01490	0.00691	0.00660
62	0.03011	0.06753	0.02470	0.01945	0.02489	0.32995	0.01546	0.32409	0.02997	0.03493	0.01583	0.01689	0.01207	0.00895	0.00759	0.00224	0.01156	0.00618	0.00604	0.01158
63	0.02292	0.23794	0.22305	0.02144	0.06949	0.24975	0.02003	0.02753	0.01904	0.02182	0.01296	0.01527	0.01055	0.00768	0.00686	0.00215	0.01177	0.00533	0.00374	0.01070
64	0.02116	0.09280	0.02063	0.01699	0.05724	0.17518	0.01258	0.11129	0.02131	0.04845	0.03250	0.03529	0.17102	0.06958	0.04113	0.00331	0.04507	0.00931	0.00573	0.00942
65	0.06635	0.02038	0.02667	0.09138	0.30440	0.06442	0.01948	0.17773	0.05370	0.07090	0.01767	0.02026	0.01352	0.00837	0.00786	0.00245	0.00939	0.00710	0.00562	0.01234
66	0.02085	0.02329	0.17793	0.02603	0.18785	0.01848	0.01970	0.08446	0.18826	0.08530	0.02610	0.02656	0.05937	0.00970	0.00814	0.00257	0.00868	0.00820	0.00612	0.01241
67	0.01317	0.01327	0.08100	0.01425	0.05366	0.01051	0.01114	0.04838	0.04143	0.02789	0.26674	0.15182	0.17338	0.04397	0.01053	0.00290	0.00572	0.01442	0.00736	0.00847
68	0.01249	0.01198	0.04521	0.04169	0.01616	0.01043	0.00944	0.04138	0.09962	0.02544	0.10553	0.06287	0.45296	0.01743	0.00920	0.00271	0.00528	0.01455	0.00735	0.00830
69	0.01615	0.01506	0.07060	0.01375	0.01785	0.01272	0.03588	0.10528	0.05140	0.02603	0.02800	0.12412	0.06676	0.21977	0.01794	0.00398	0.00751	0.01097	0.00588	0.15034
70	0.01513	0.00756	0.00756	0.00756	0.00945	0.00756	0.00567	0.01891	0.01702	0.03025	0.02647	0.03025	0.02080	0.00945	0.00567	0.00189	0.00378	0.00756	0.75988	0.00756
71	0.02473	0.01687	0.02124	0.02214	0.14273	0.08694	0.01479	0.02724	0.01838	0.23685	0.02049	0.02325	0.01558	0.01674	0.08261	0.07848	0.09639	0.00734	0.00600	0.04119
72	0.77215	0.01569	0.01193	0.01067	0.01569	0.01820	0.00879	0.02385	0.01381	0.03641	0.01130	0.01318	0.00879	0.00753	0.00502	0.00251	0.00628	0.00439	0.00502	0.00879
73	0.01177	0.00799	0.00947	0.00947	0.00969	0.00820	0.00569	0.01220	0.01198	0.01619	0.02500	0.04995	0.02813	0.61774	0.13652	0.00863	0.00993	0.01134	0.00483	0.00526
74	0.01032	0.00754	0.00899	0.00994	0.01082	0.00699	0.00653	0.01151	0.01525	0.01969	0.04846	0.39031	0.18909	0.20475	0.01828	0.00436	0.00540	0.01873	0.00685	0.00621
75	0.05768	0.02394	0.18505	0.19012	0.16596	0.05030	0.04681	0.05533	0.05207	0.02607	0.01638	0.02167	0.01305	0.05014	0.00984	0.00287	0.01042	0.00715	0.00432	0.01083
76	0.05157	0.32703	0.03276	0.01786	0.02349	0.16721	0.08925	0.05424	0.01867	0.02227	0.01404	0.01741	0.01214	0.01495	0.10127	0.00358	0.01232	0.00592	0.00411	0.00992
77	0.02236	0.09771	0.02058	0.01513	0.02006	0.07811	0.01224	0.14707	0.22408	0.08147	0.03632	0.03463	0.15217	0.01198	0.00807	0.00250	0.00745	0.00950	0.00731	0.01127

[dist]
# distance from previous block
# <min> <max>
0	1

[block]
# block no. 6 follows, 23 sequences, length 7
# corresponding to MSA columns:
# 344-350
name=unknown_G
#
# <colnr> <probs for GDERKNQSTAVLIFYWHMCP>
#	G	D	E	R	K	N	Q	S	T	A	V	L	I	F	Y	W	H	M	C	P
0	0.01833	0.05282	0.13042	0.01547	0.02019	0.05810	0.04037	0.05070	0.01814	0.10179	0.02760	0.11998	0.06043	0.07045	0.11794	0.00459	0.01051	0.01025	0.06253	0.00938
1	0.01990	0.01943	0.05539	0.05208	0.23385	0.06742	0.01735	0.11805	0.09885	0.02997	0.07236	0.03114	0.09736	0.01269	0.03592	0.00294	0.00909	0.00906	0.00592	0.01122
2	0.02324	0.17701	0.02341	0.01628	0.02017	0.36229	0.01267	0.02512	0.01933	0.01935	0.02107	0.06590	0.06345	0.10390	0.01173	0.00290	0.01108	0.00786	0.00457	0.00867
3	0.01022	0.00781	0.00906	0.00958	0.01113	0.00700	0.00667	0.01207	0.01736	0.02229	0.14539	0.27736	0.30443	0.10558	0.01367	0.00351	0.00472	0.01806	0.00742	0.00665
4	0.02291	0.11067	0.23004	0.02448	0.15555	0.01889	0.02060	0.07150	0.01991	0.16934	0.01901	0.02071	0.01392	0.01174	0.05282	0.00311	0.01041	0.00680	0.00542	0.01219
5	0.01908	0.19204	0.35713	0.02326	0.10054	0.08719	0.02325	0.02535	0.01750	0.02333	0.01408	0.01707	0.01115	0.01039	0.04333	0.00288	0.01175	0.00582	0.00363	0.01122
6	0.01172	0.00820	0.01054	0.01054	0.01112	0.00878	0.00702	0.01288	0.01230	0.01698	0.02402	0.04455	0.02579	0.45130	0.29976	0.00995	0.01346	0.01055	0.00469	0.00585

[dist]
# distance from previous block
# <min> <max>
0	2

[block]
# block no. 7 follows, 23 sequences, length 21
# corresponding to MSA columns:
# 353-373
name=unknown_H
#
# <colnr> <probs for GDERKNQSTAVLIFYWHMCP>
#	G	D	E	R	K	N	Q	S	T	A	V	L	I	F	Y	W	H	M	C	P
0	0.05130	0.01954	0.05399	0.01460	0.01803	0.17826	0.01172	0.02239	0.09594	0.02343	0.04133	0.15943	0.21192	0.01555	0.00954	0.00270	0.04293	0.01251	0.00623	0.00867
1	0.01850	0.30694	0.02590	0.01375	0.01760	0.11536	0.01153	0.02063	0.01567	0.01852	0.01679	0.02547	0.01647	0.15029	0.18848	0.00585	0.01278	0.00696	0.00406	0.00844
2	0.02211	0.10805	0.02948	0.08939	0.25627	0.14144	0.05306	0.09568	0.02117	0.02634	0.01991	0.02285	0.06187	0.00877	0.00778	0.00234	0.01025	0.00741	0.00469	0.01113
3	0.02275	0.02985	0.26167	0.02143	0.07726	0.17543	0.01990	0.02799	0.01995	0.13906	0.04674	0.05448	0.04805	0.01000	0.00800	0.00247	0.01051	0.00793	0.00543	0.01111
4	0.05246	0.01672	0.01961	0.01880	0.07470	0.05714	0.01376	0.18607	0.02176	0.06064	0.02345	0.06082	0.05520	0.02473	0.18711	0.00540	0.09680	0.00881	0.00588	0.01015
5	0.01257	0.00994	0.01254	0.01227	0.01326	0.01088	0.00922	0.01431	0.01548	0.02077	0.09563	0.09488	0.14270	0.24940	0.02344	0.00477	0.13000	0.11514	0.00608	0.00674
6	0.02158	0.19579	0.02459	0.04493	0.02152	0.24693	0.01349	0.02495	0.04639	0.02045	0.01606	0.02120	0.01432	0.05887	0.11583	0.00419	0.05093	0.00643	0.04248	0.00906
7	0.02305	0.14952	0.02246	0.01477	0.01919	0.05907	0.01184	0.22935	0.06340	0.06890	0.02198	0.06555	0.01999	0.17787	0.01555	0.00365	0.00845	0.00874	0.00634	0.01033
8	0.01284	0.01105	0.01133	0.01077	0.01407	0.01094	0.00821	0.02130	0.21217	0.02561	0.06711	0.06342	0.46569	0.01762	0.00918	0.00274	0.00482	0.01468	0.00776	0.00869
9	0.01163	0.00890	0.01093	0.01204	0.01362	0.00876	0.00888	0.01618	0.09436	0.02313	0.04915	0.41945	0.14867	0.02235	0.01011	0.00321	0.00528	0.11817	0.00761	0.00755
10	0.05781	0.02444	0.02192	0.02034	0.05145	0.31041	0.06592	0.02461	0.01821	0.02112	0.01576	0.02112	0.01380	0.02529	0.22471	0.00577	0.05730	0.00686	0.00422	0.00894
11	0.05981	0.17508	0.05235	0.01900	0.02422	0.45670	0.01557	0.06588	0.02194	0.02249	0.01272	0.01463	0.01056	0.00809	0.00685	0.00208	0.01262	0.00516	0.00428	0.00995
12	0.01841	0.01684	0.01843	0.05858	0.08611	0.09533	0.01301	0.08565	0.04863	0.02727	0.05764	0.14415	0.05125	0.01238	0.00814	0.00233	0.00771	0.03887	0.00599	0.20327
13	0.01513	0.00756	0.00756	0.00756	0.00945	0.00756	0.00567	0.01891	0.01702	0.03025	0.02647	0.03025	0.02080	0.00945	0.00567	0.00189	0.00378	0.00756	0.75988	0.00756
14	0.02836	0.19555	0.02767	0.01905	0.02410	0.46661	0.01524	0.08979	0.02297	0.02275	0.01293	0.01473	0.01077	0.00817	0.00690	0.00204	0.01269	0.00522	0.00440	0.01007
15	0.01627	0.04197	0.67279	0.02313	0.03512	0.01884	0.02998	0.02570	0.01713	0.02570	0.01456	0.01713	0.01028	0.00771	0.00771	0.00257	0.01199	0.00600	0.00343	0.01199
16	0.05148	0.14137	0.17549	0.01867	0.02383	0.02195	0.03695	0.02397	0.08343	0.02351	0.01930	0.02253	0.05354	0.01312	0.04383	0.00324	0.22201	0.00726	0.00439	0.01014
17	0.01149	0.00821	0.00943	0.00972	0.01190	0.00714	0.00706	0.01352	0.01811	0.06311	0.10144	0.27593	0.39130	0.02121	0.00974	0.00289	0.00446	0.01831	0.00778	0.00725
18	0.01541	0.02321	0.25570	0.11646	0.05434	0.01604	0.02001	0.05718	0.01715	0.02414	0.02241	0.02721	0.06927	0.02333	0.18757	0.00540	0.04292	0.00802	0.00436	0.00987
19	0.41390	0.09681	0.13017	0.01577	0.02259	0.02005	0.06557	0.06209	0.01712	0.07021	0.01398	0.01578	0.01047	0.00772	0.00624	0.00245	0.00831	0.00549	0.00499	0.01028
20	0.02754	0.15828	0.02559	0.01890	0.02348	0.52606	0.01479	0.02972	0.02157	0.01984	0.01647	0.01813	0.04924	0.00884	0.00708	0.00207	0.01294	0.00578	0.00425	0.00943

[dist]
# distance from previous block
# <min> <max>
0	1

[block]
# block no. 8 follows, 23 sequences, length 31
# corresponding to MSA columns:
# 375-405
name=unknown_I
#
# <colnr> <probs for GDERKNQSTAVLIFYWHMCP>
#	G	D	E	R	K	N	Q	S	T	A	V	L	I	F	Y	W	H	M	C	P
0	0.77215	0.01569	0.01193	0.01067	0.01569	0.01820	0.00879	0.02385	0.01381	0.03641	0.01130	0.01318	0.00879	0.00753	0.00502	0.00251	0.00628	0.00439	0.00502	0.00879
1	0.02021	0.02900	0.32953	0.01998	0.02811	0.05171	0.04977	0.03031	0.14622	0.11682	0.02327	0.07991	0.01836	0.01019	0.00817	0.00264	0.00975	0.00851	0.00575	0.01178
2	0.02162	0.08732	0.02110	0.04269	0.02196	0.24393	0.01390	0.07609	0.07176	0.02407	0.02253	0.10013	0.02169	0.01740	0.07517	0.00362	0.04085	0.07932	0.00548	0.00937
3	0.01159	0.00869	0.01304	0.01304	0.01449	0.01014	0.01014	0.01449	0.01304	0.01884	0.02173	0.03188	0.02029	0.06086	0.68268	0.01304	0.02173	0.00869	0.00435	0.00724
4	0.01699	0.01714	0.07494	0.02186	0.14268	0.04219	0.04680	0.09666	0.04518	0.02913	0.15059	0.15614	0.09751	0.01410	0.00894	0.00266	0.00751	0.01247	0.00656	0.00995
5	0.77215	0.01569	0.01193	0.01067	0.01569	0.01820	0.00879	0.02385	0.01381	0.03641	0.01130	0.01318	0.00879	0.00753	0.00502	0.00251	0.00628	0.00439	0.00502	0.00879
6	0.01513	0.00756	0.00756	0.00756	0.00945	0.00756	0.00567	0.01891	0.01702	0.03025	0.02647	0.03025	0.02080	0.00945	0.00567	0.00189	0.00378	0.00756	0.75988	0.00756
7	0.01915	0.02189	0.04788	0.03420	0.04241	0.02052	0.63475	0.02599	0.01915	0.02599	0.01642	0.02189	0.01231	0.00684	0.00958	0.00274	0.01368	0.00958	0.00410	0.01094
8	0.02524	0.43946	0.03449	0.01677	0.02258	0.29965	0.01462	0.02763	0.01917	0.01941	0.01180	0.01368	0.01043	0.00753	0.00607	0.00188	0.01113	0.00470	0.00376	0.01000
9	0.01620	0.01436	0.01987	0.22476	0.07435	0.01671	0.01633	0.02529	0.18464	0.02562	0.05636	0.03975	0.07749	0.01282	0.01049	0.00292	0.07241	0.09385	0.00597	0.00982
10	0.03085	0.02273	0.02435	0.01867	0.02516	0.02516	0.01542	0.63716	0.03815	0.05114	0.01948	0.01948	0.01380	0.00974	0.00812	0.00244	0.00893	0.00731	0.00812	0.01380
11	0.00959	0.00822	0.00822	0.00822	0.01096	0.00685	0.00617	0.01165	0.01850	0.02192	0.08220	0.07809	0.66092	0.02055	0.00959	0.00274	0.00411	0.01713	0.00754	0.00685
12	0.02996	0.02229	0.02385	0.01849	0.02482	0.02475	0.01521	0.58769	0.08907	0.04971	0.02061	0.02038	0.01471	0.00985	0.00813	0.00246	0.00872	0.00746	0.00813	0.01372
13	0.63292	0.01744	0.01663	0.01535	0.05580	0.04806	0.06216	0.02447	0.01493	0.03423	0.01201	0.01437	0.00939	0.00749	0.00568	0.00250	0.00746	0.00503	0.00485	0.00923
14	0.01789	0.01730	0.02931	0.30245	0.32081	0.01947	0.05182	0.02269	0.01693	0.02340	0.01446	0.02052	0.01177	0.00835	0.01023	0.00267	0.08801	0.00732	0.00380	0.01079
15	0.01871	0.01784	0.02562	0.09574	0.37007	0.04598	0.01947	0.02660	0.14053	0.02652	0.02740	0.02967	0.10094	0.00986	0.00826	0.00253	0.00860	0.00883	0.00527	0.01156
16	0.01513	0.00756	0.00756	0.00756	0.00945	0.00756	0.00567	0.01891	0.01702	0.03025	0.02647	0.03025	0.02080	0.00945	0.00567	0.00189	0.00378	0.00756	0.75988	0.00756
17	0.00986	0.00716	0.00932	0.01104	0.01170	0.00661	0.00742	0.01133	0.01578	0.02081	0.04784	0.65695	0.10424	0.02502	0.01029	0.00325	0.00466	0.02257	0.00753	0.00661
18	0.01860	0.01630	0.01904	0.01497	0.01990	0.05304	0.01209	0.02161	0.01626	0.05814	0.01471	0.01828	0.01245	0.01121	0.04642	0.00251	0.17607	0.00577	0.00472	0.45790
19	0.01409	0.00705	0.01057	0.01057	0.01057	0.00705	0.00705	0.01057	0.01057	0.01409	0.01409	0.02467	0.01409	0.02819	0.03171	0.76392	0.00705	0.00705	0.00352	0.00352
