[name]
unknown

[dist]
# distance from previous block
# <min> <max>
0	7

[block]
# block no. 0 follows, 20 sequences, length 61
# corresponding to MSA columns:
# 7-67
name=unknown_A
#
# <colnr> <probs for GDERKNQSTAVLIFYWHMCP>
#	G	D	E	R	K	N	Q	S	T	A	V	L	I	F	Y	W	H	M	C	P
0	0.01406	0.01004	0.01406	0.01606	0.01807	0.01004	0.01406	0.01807	0.02008	0.02610	0.04618	0.09839	0.05020	0.02410	0.01205	0.00402	0.00803	0.58032	0.00803	0.00803
1	0.02159	0.02073	0.03541	0.05354	0.63903	0.02073	0.02677	0.02677	0.01986	0.02850	0.01641	0.02159	0.01382	0.00777	0.00864	0.00259	0.01036	0.00777	0.00432	0.01382
2	0.01809	0.01550	0.01809	0.01292	0.02067	0.01163	0.01034	0.02196	0.01809	0.02842	0.01550	0.01809	0.01292	0.00646	0.00646	0.00129	0.00646	0.00517	0.00517	0.74677
3	0.01249	0.00923	0.01344	0.01344	0.01479	0.01059	0.01018	0.01520	0.01385	0.01982	0.02390	0.03722	0.02309	0.14677	0.57928	0.01330	0.02143	0.00978	0.00475	0.00746
4	0.01268	0.00846	0.00951	0.00951	0.00951	0.00846	0.00529	0.01268	0.01268	0.01691	0.02748	0.05708	0.03171	0.69345	0.04440	0.00846	0.00846	0.01268	0.00529	0.00529
5	0.01809	0.01550	0.01809	0.01292	0.02067	0.01163	0.01034	0.02196	0.01809	0.02842	0.01550	0.01809	0.01292	0.00646	0.00646	0.00129	0.00646	0.00517	0.00517	0.74677
6	0.03731	0.01444	0.01966	0.01521	0.02164	0.01251	0.01251	0.04074	0.02495	0.60356	0.07524	0.03210	0.02572	0.01128	0.00888	0.00270	0.00720	0.00925	0.01071	0.01439
7	0.01769	0.01347	0.01546	0.01356	0.01713	0.01389	0.01055	0.14045	0.11404	0.03800	0.36415	0.05354	0.12089	0.01594	0.00977	0.00277	0.00566	0.01360	0.00916	0.01028
8	0.01081	0.00804	0.01008	0.01129	0.01253	0.00731	0.00781	0.01285	0.01851	0.02437	0.14119	0.47310	0.18049	0.02487	0.01084	0.00330	0.00479	0.02217	0.00832	0.00731
9	0.02610	0.03261	0.11998	0.03395	0.23918	0.26320	0.05111	0.07945	0.02332	0.02788	0.01563	0.01895	0.01250	0.00852	0.00838	0.00250	0.01291	0.00689	0.00467	0.01226
10	0.75506	0.01687	0.01282	0.01147	0.01687	0.01957	0.00945	0.02564	0.01484	0.03914	0.01215	0.01417	0.00945	0.00810	0.00540	0.00270	0.00675	0.00472	0.00540	0.00945
11	0.01626	0.00813	0.00813	0.00813	0.01016	0.00813	0.00610	0.02033	0.01829	0.03252	0.02846	0.03252	0.02236	0.01016	0.00610	0.00203	0.00407	0.00813	0.74187	0.00813
12	0.01951	0.17250	0.49421	0.02278	0.03412	0.06031	0.02795	0.02775	0.01865	0.02587	0.01484	0.01740	0.01109	0.00817	0.00774	0.00256	0.01236	0.00605	0.00374	0.01240
13	0.03192	0.02252	0.02452	0.01922	0.02585	0.02471	0.01574	0.46005	0.13360	0.11300	0.02469	0.02372	0.01744	0.01073	0.00875	0.00268	0.00894	0.00827	0.00896	0.01467
14	0.02453	0.01197	0.01563	0.01314	0.01747	0.01080	0.01040	0.02907	0.05053	0.30553	0.30444	0.04925	0.09053	0.01473	0.00955	0.00275	0.00573	0.01258	0.01000	0.01135
15	0.03385	0.02121	0.02380	0.01834	0.02502	0.02252	0.01512	0.43743	0.03584	0.20354	0.02472	0.02372	0.01691	0.01054	0.00861	0.00261	0.00878	0.00810	0.04483	0.01451
16	0.02437	0.48575	0.11966	0.01769	0.02527	0.15446	0.01754	0.02802	0.01918	0.02160	0.01285	0.01490	0.01118	0.00787	0.00639	0.00206	0.01104	0.00508	0.00387	0.01120
17	0.02308	0.06419	0.15777	0.03948	0.36190	0.15080	0.02526	0.02855	0.02045	0.02647	0.01544	0.01937	0.01260	0.00811	0.00825	0.00252	0.01191	0.00691	0.00420	0.01274
18	0.01268	0.00846	0.00951	0.00951	0.00951	0.00846	0.00529	0.01268	0.01268	0.01691	0.02748	0.05708	0.03171	0.69345	0.04440	0.00846	0.00846	0.01268	0.00529	0.00529
19	0.01268	0.00846	0.00951	0.00951	0.00951	0.00846	0.00529	0.01268	0.01268	0.01691	0.02748	0.05708	0.03171	0.69345	0.04440	0.00846	0.00846	0.01268	0.00529	0.00529
20	0.02296	0.06726	0.03511	0.04729	0.53088	0.02235	0.02486	0.08980	0.02200	0.03082	0.01661	0.02100	0.01375	0.00804	0.00844	0.00254	0.01021	0.00757	0.00475	0.01375
21	0.01626	0.00813	0.00813	0.00813	0.01016	0.00813	0.00610	0.02033	0.01829	0.03252	0.02846	0.03252	0.02236	0.01016	0.00610	0.00203	0.00407	0.00813	0.74187	0.00813
22	0.01053	0.00799	0.00971	0.01108	0.01237	0.00717	0.00762	0.01227	0.01772	0.02268	0.06104	0.49353	0.24355	0.02564	0.01087	0.00335	0.00485	0.02274	0.00810	0.00717
23	0.03258	0.04157	0.02472	0.02247	0.02697	0.65843	0.01685	0.03483	0.02472	0.02135	0.01348	0.01573	0.01124	0.00899	0.00787	0.00225	0.01573	0.00562	0.00449	0.01011
24	0.01878	0.03556	0.41462	0.06864	0.23575	0.02036	0.03002	0.02706	0.01884	0.02763	0.01589	0.01971	0.01199	0.00814	0.00842	0.00271	0.01200	0.00695	0.00390	0.01302
25	0.03239	0.03496	0.02352	0.02085	0.02563	0.49530	0.01591	0.06391	0.02495	0.11319	0.01746	0.01910	0.01353	0.01262	0.04606	0.00302	0.01466	0.00640	0.00563	0.01090
26	0.01073	0.00772	0.01001	0.01179	0.01242	0.00718	0.00785	0.01220	0.01667	0.02204	0.04938	0.61455	0.09173	0.06511	0.01299	0.00379	0.00522	0.02371	0.00794	0.00700
27	0.01836	0.02161	0.07210	0.03053	0.03836	0.01900	0.45760	0.02480	0.02034	0.02704	0.03186	0.03550	0.13905	0.01038	0.01020	0.00293	0.01254	0.01175	0.00512	0.01093
28	0.01809	0.01550	0.01809	0.01292	0.02067	0.01163	0.01034	0.02196	0.01809	0.02842	0.01550	0.01809	0.01292	0.00646	0.00646	0.00129	0.00646	0.00517	0.00517	0.74677
29	0.01421	0.01188	0.01850	0.01654	0.01828	0.01366	0.06897	0.01694	0.01430	0.02043	0.02201	0.03576	0.02156	0.17998	0.38495	0.01042	0.10920	0.00988	0.00465	0.00791
30	0.75506	0.01687	0.01282	0.01147	0.01687	0.01957	0.00945	0.02564	0.01484	0.03914	0.01215	0.01417	0.00945	0.00810	0.00540	0.00270	0.00675	0.00472	0.00540	0.00945
31	0.02638	0.48203	0.03879	0.01741	0.02390	0.24023	0.01556	0.02899	0.02003	0.02079	0.01257	0.01457	0.01121	0.00797	0.00634	0.00199	0.01144	0.00498	0.00398	0.01084
32	0.02277	0.20648	0.34053	0.02179	0.03120	0.18564	0.02403	0.02908	0.01984	0.02427	0.01423	0.01664	0.01113	0.00826	0.00751	0.00241	0.01273	0.00579	0.00390	0.01177
33	0.02542	0.02284	0.03211	0.03468	0.25267	0.10501	0.12933	0.03368	0.12425	0.11798	0.02211	0.02421	0.01667	0.00899	0.00890	0.00269	0.01087	0.00846	0.00607	0.01309
34	0.02703	0.01592	0.01897	0.01580	0.02072	0.01617	0.01254	0.20062	0.08249	0.22096	0.12921	0.13614	0.03548	0.01452	0.00938	0.00284	0.00711	0.01224	0.00940	0.01247
35	0.02071	0.01170	0.01366	0.01193	0.01623	0.01051	0.00937	0.02552	0.07906	0.22395	0.09393	0.06077	0.35333	0.01729	0.00968	0.00286	0.00560	0.01438	0.00911	0.01041
36	0.02374	0.02314	0.07561	0.12226	0.26303	0.02249	0.10791	0.19038	0.02549	0.03497	0.01769	0.02169	0.01354	0.00863	0.00889	0.00270	0.01112	0.00807	0.00547	0.01319
37	0.06750	0.15713	0.05736	0.02013	0.02613	0.34849	0.01678	0.15363	0.02607	0.02949	0.01484	0.01656	0.01189	0.00894	0.00752	0.00230	0.01267	0.00591	0.00526	0.01140
38	0.54481	0.01683	0.01457	0.01275	0.01784	0.01906	0.01034	0.11136	0.01968	0.04025	0.06813	0.05527	0.01899	0.01030	0.00661	0.00274	0.00686	0.00719	0.00639	0.01002
39	0.01571	0.01425	0.02141	0.04930	0.02399	0.01428	0.13155	0.02394	0.14382	0.02751	0.07275	0.08444	0.20442	0.04545	0.01166	0.00334	0.00801	0.08721	0.00724	0.00971
40	0.02956	0.07643	0.03015	0.02388	0.02916	0.43089	0.10255	0.08776	0.02460	0.02546	0.01460	0.01745	0.01188	0.00916	0.00935	0.00245	0.05245	0.00657	0.00480	0.01084
41	0.02100	0.15964	0.04834	0.06284	0.07066	0.02439	0.43179	0.02725	0.01983	0.02620	0.01637	0.02149	0.01278	0.00746	0.00919	0.00270	0.01326	0.00891	0.00424	0.01165
42	0.01626	0.00813	0.00813	0.00813	0.01016	0.00813	0.00610	0.02033	0.01829	0.03252	0.02846	0.03252	0.02236	0.01016	0.00610	0.00203	0.00407	0.00813	0.74187	0.00813
43	0.01741	0.01817	0.03621	0.02774	0.03312	0.01804	0.35987	0.02248	0.01848	0.02533	0.02510	0.19220	0.02486	0.01678	0.05222	0.00386	0.07907	0.01365	0.00530	0.01011
44	0.01849	0.01585	0.01852	0.01520	0.02071	0.01562	0.01204	0.02883	0.21189	0.02941	0.02285	0.02514	0.01853	0.01725	0.10321	0.00382	0.04744	0.00743	0.00621	0.36157
45	0.01104	0.00777	0.01000	0.01161	0.01202	0.00736	0.00753	0.01225	0.01589	0.02118	0.04391	0.56013	0.05244	0.16212	0.01786	0.00454	0.00575	0.02235	0.00753	0.00672
46	0.02159	0.02073	0.03541	0.05354	0.63903	0.02073	0.02677	0.02677	0.01986	0.02850	0.01641	0.02159	0.01382	0.00777	0.00864	0.00259	0.01036	0.00777	0.00432	0.01382
47	0.01949	0.02047	0.02027	0.02419	0.16971	0.17651	0.01494	0.02355	0.04708	0.02541	0.07383	0.07709	0.21690	0.01495	0.00934	0.00275	0.00903	0.03816	0.00637	0.00998
48	0.03262	0.04057	0.02480	0.02233	0.02697	0.62156	0.01684	0.06842	0.02567	0.02331	0.01392	0.01603	0.01145	0.00908	0.00792	0.00227	0.01537	0.00575	0.00474	0.01039
49	0.01246	0.00935	0.01402	0.01402	0.01558	0.01090	0.01090	0.01558	0.01402	0.02025	0.02336	0.03427	0.02181	0.06542	0.65888	0.01402	0.02336	0.00935	0.00467	0.00779
50	0.01750	0.04512	0.64825	0.02486	0.03775	0.02026	0.03223	0.02762	0.01842	0.02762	0.01565	0.01842	0.01105	0.00829	0.00829	0.00276	0.01289	0.00645	0.00368	0.01289
51	0.02159	0.02073	0.03541	0.05354	0.63903	0.02073	0.02677	0.02677	0.01986	0.02850	0.01641	0.02159	0.01382	0.00777	0.00864	0.00259	0.01036	0.00777	0.00432	0.01382
52	0.01626	0.00813	0.00813	0.00813	0.01016	0.00813	0.00610	0.02033	0.01829	0.03252	0.02846	0.03252	0.02236	0.01016	0.00610	0.00203	0.00407	0.00813	0.74187	0.00813
53	0.01955	0.01629	0.01813	0.01728	0.02139	0.01842	0.01388	0.03840	0.45366	0.03357	0.03851	0.05106	0.03326	0.01528	0.00977	0.00326	0.00722	0.17027	0.00864	0.01218
54	0.01834	0.13999	0.56079	0.02342	0.03552	0.02233	0.02972	0.02741	0.01832	0.02659	0.01514	0.01777	0.01107	0.00817	0.00790	0.00263	0.01237	0.00619	0.00369	0.01264
55	0.02222	0.12453	0.41244	0.02236	0.03305	0.02383	0.02602	0.17511	0.02406	0.03364	0.01654	0.01848	0.01203	0.00873	0.00805	0.00261	0.01159	0.00657	0.00497	0.01316
56	0.02419	0.02119	0.03211	0.04338	0.45613	0.02185	0.02362	0.17428	0.02524	0.03511	0.01889	0.02485	0.01570	0.00918	0.00881	0.00266	0.01006	0.03333	0.00560	0.01382
57	0.01063	0.00759	0.01012	0.01215	0.01265	0.00709	0.00810	0.01215	0.01670	0.02227	0.04808	0.68775	0.05769	0.02733	0.01113	0.00354	0.00506	0.02480	0.00810	0.00709
58	0.02119	0.02310	0.09509	0.05075	0.58048	0.02068	0.02730	0.02685	0.01972	0.02841	0.01633	0.02128	0.01355	0.00782	0.00860	0.00261	0.01061	0.00764	0.00426	0.01373
59	0.02268	0.02329	0.06855	0.04636	0.50308	0.05212	0.02527	0.06785	0.05103	0.03029	0.01747	0.02162	0.01423	0.00824	0.00860	0.00260	0.01055	0.00770	0.00481	0.01365
60	0.01244	0.00891	0.01208	0.01333	0.01486	0.00855	0.01044	0.01565	0.02026	0.02733	0.21222	0.28465	0.06171	0.02341	0.01125	0.00350	0.00594	0.23720	0.00850	0.00777

[dist]
# distance from previous block
# <min> <max>
0	1

[block]
# block no. 1 follows, 20 sequences, length 13
# corresponding to MSA columns:
# 69-81
name=unknown_B
#
# <colnr> <probs for GDERKNQSTAVLIFYWHMCP>
#	G	D	E	R	K	N	Q	S	T	A	V	L	I	F	Y	W	H	M	C	P
0	0.02071	0.02596	0.16684	0.04739	0.51008	0.02063	0.02794	0.02695	0.01955	0.02831	0.01625	0.02091	0.01322	0.00788	0.00856	0.00263	0.01091	0.00749	0.00418	0.01362
1	0.07304	0.08525	0.02565	0.02055	0.02584	0.41706	0.01607	0.14802	0.05741	0.02974	0.01590	0.01740	0.01263	0.00926	0.00777	0.00235	0.01307	0.00615	0.00555	0.01128
2	0.02695	0.02099	0.02278	0.01779	0.02453	0.02206	0.01443	0.34272	0.16018	0.04440	0.02271	0.02272	0.01689	0.00977	0.00819	0.00236	0.00824	0.00762	0.00787	0.19680
3	0.01089	0.00778	0.01042	0.01244	0.01306	0.00731	0.00855	0.01260	0.01696	0.02256	0.04793	0.64298	0.05712	0.02708	0.01120	0.00358	0.00529	0.06700	0.00809	0.00716
4	0.01679	0.01260	0.01593	0.01665	0.01953	0.01330	0.01420	0.06758	0.12360	0.03004	0.04247	0.08141	0.04354	0.02099	0.01126	0.00373	0.00796	0.44066	0.00823	0.00952
5	0.01268	0.00846	0.00951	0.00951	0.00951	0.00846	0.00529	0.01268	0.01268	0.01691	0.02748	0.05708	0.03171	0.69345	0.04440	0.00846	0.00846	0.01268	0.00529	0.00529
6	0.01063	0.00759	0.01012	0.01215	0.01265	0.00709	0.00810	0.01215	0.01670	0.02227	0.04808	0.68775	0.05769	0.02733	0.01113	0.00354	0.00506	0.02480	0.00810	0.00709
7	0.02170	0.01874	0.01972	0.01775	0.02268	0.02170	0.01381	0.04635	0.62327	0.03649	0.03550	0.03254	0.02663	0.01183	0.00888	0.00296	0.00690	0.00986	0.00888	0.01381
8	0.02637	0.03327	0.31397	0.02194	0.03164	0.02280	0.02354	0.29598	0.02929	0.08819	0.01954	0.02045	0.01361	0.00948	0.00853	0.00269	0.01096	0.00727	0.00655	0.01393
9	0.01246	0.00935	0.01402	0.01402	0.01558	0.01090	0.01090	0.01558	0.01402	0.02025	0.02336	0.03427	0.02181	0.06542	0.65888	0.01402	0.02336	0.00935	0.00467	0.00779
10	0.02305	0.02349	0.03399	0.04942	0.55778	0.10538	0.02545	0.02784	0.02051	0.02755	0.01602	0.02081	0.01347	0.00793	0.00853	0.00255	0.01108	0.00749	0.00434	0.01333
11	0.22914	0.07726	0.42914	0.02041	0.03083	0.02094	0.02464	0.02696	0.01735	0.03048	0.01443	0.01693	0.01060	0.00818	0.00729	0.00269	0.01091	0.00584	0.00418	0.01180
12	0.09884	0.02008	0.02494	0.11349	0.18140	0.07331	0.01860	0.14228	0.02232	0.03170	0.01742	0.02243	0.01429	0.01882	0.12007	0.00464	0.05107	0.00755	0.00531	0.01144

[dist]
# distance from previous block
# <min> <max>
0	5

# created by:
# /home/cegg/simao/soft/augustus-3.2.1/scripts/msa2prfl.pl ./align_prep/15108.fa
