[name]
unknown

[dist]
# distance from previous block
# <min> <max>
0	1

[block]
# block no. 0 follows, 22 sequences, length 66
# corresponding to MSA columns:
# 1-66
name=unknown_A
#
# <colnr> <probs for GDERKNQSTAVLIFYWHMCP>
#	G	D	E	R	K	N	Q	S	T	A	V	L	I	F	Y	W	H	M	C	P
0	0.01378	0.01012	0.01451	0.01727	0.05255	0.01012	0.01406	0.01767	0.01911	0.02499	0.04242	0.08966	0.04589	0.02209	0.01129	0.00375	0.00777	0.56752	0.00745	0.00795
1	0.02219	0.02282	0.03214	0.04640	0.55835	0.12140	0.02403	0.02669	0.01963	0.02608	0.01519	0.01969	0.01278	0.00758	0.00811	0.00242	0.01066	0.00708	0.00414	0.01261
2	0.02160	0.02089	0.03172	0.09983	0.52191	0.06396	0.02401	0.06605	0.02038	0.02788	0.01566	0.02028	0.01289	0.00773	0.00819	0.00247	0.01026	0.00727	0.00437	0.01266
3	0.26436	0.01273	0.01394	0.01372	0.05741	0.01315	0.00930	0.02305	0.01610	0.15834	0.04759	0.03365	0.02210	0.25947	0.01951	0.00453	0.00727	0.00864	0.00626	0.00887
4	0.01042	0.00763	0.01046	0.04784	0.01447	0.00738	0.00854	0.01209	0.01594	0.02121	0.04412	0.66613	0.05259	0.02508	0.01048	0.00334	0.00516	0.02275	0.00750	0.00688
5	0.01323	0.00753	0.01020	0.01020	0.01093	0.00716	0.00698	0.01111	0.01293	0.01651	0.03254	0.03946	0.18020	0.02683	0.02659	0.56212	0.00643	0.00989	0.00467	0.00449
6	0.01666	0.04297	0.66500	0.02368	0.03596	0.01929	0.03069	0.02631	0.01754	0.02631	0.01491	0.01754	0.01052	0.00789	0.00789	0.00263	0.01228	0.00614	0.00351	0.01228
7	0.02694	0.03128	0.02367	0.02420	0.10915	0.41707	0.01656	0.03499	0.18331	0.02499	0.01866	0.01989	0.01484	0.00911	0.00784	0.00236	0.01211	0.00667	0.00534	0.01102
8	0.76672	0.01607	0.01221	0.01092	0.01607	0.01864	0.00900	0.02442	0.01414	0.03727	0.01157	0.01350	0.00900	0.00771	0.00514	0.00257	0.00643	0.00450	0.00514	0.00900
9	0.01176	0.00849	0.01110	0.01045	0.01241	0.00784	0.00784	0.01568	0.02352	0.03331	0.65184	0.06206	0.07839	0.01698	0.00980	0.00261	0.00392	0.01502	0.00914	0.00784
10	0.02056	0.01974	0.03372	0.05099	0.65622	0.01974	0.02550	0.02550	0.01892	0.02714	0.01563	0.02056	0.01316	0.00740	0.00822	0.00247	0.00987	0.00740	0.00411	0.01316
11	0.01105	0.00840	0.00980	0.00948	0.01150	0.00755	0.00688	0.01375	0.02022	0.02682	0.34951	0.06791	0.29299	0.11118	0.01416	0.00342	0.00458	0.01559	0.00804	0.00714
12	0.03158	0.02327	0.02493	0.01911	0.02576	0.02576	0.01579	0.62852	0.03906	0.05236	0.01995	0.01995	0.01413	0.00997	0.00831	0.00249	0.00914	0.00748	0.00831	0.01413
13	0.01208	0.00805	0.00906	0.00906	0.00906	0.00805	0.00503	0.01208	0.01208	0.01611	0.02618	0.05436	0.03020	0.70804	0.04228	0.00805	0.00805	0.01208	0.00503	0.00503
14	0.76672	0.01607	0.01221	0.01092	0.01607	0.01864	0.00900	0.02442	0.01414	0.03727	0.01157	0.01350	0.00900	0.00771	0.00514	0.00257	0.00643	0.00450	0.00514	0.00900
15	0.01683	0.00963	0.01235	0.01102	0.01390	0.00866	0.00840	0.02016	0.02236	0.16132	0.41869	0.05681	0.13392	0.05520	0.01134	0.00294	0.00484	0.01378	0.00897	0.00888
16	0.01012	0.00723	0.00964	0.01157	0.01205	0.00675	0.00771	0.01157	0.01591	0.02121	0.04579	0.70262	0.05495	0.02603	0.01060	0.00337	0.00482	0.02362	0.00771	0.00675
17	0.76672	0.01607	0.01221	0.01092	0.01607	0.01864	0.00900	0.02442	0.01414	0.03727	0.01157	0.01350	0.00900	0.00771	0.00514	0.00257	0.00643	0.00450	0.00514	0.00900
18	0.01032	0.00844	0.00911	0.00894	0.01153	0.00723	0.00671	0.01290	0.02012	0.02526	0.23156	0.07530	0.50368	0.01999	0.00981	0.00276	0.00413	0.01688	0.00809	0.00723
19	0.00990	0.00811	0.00873	0.00923	0.01144	0.00694	0.00668	0.01183	0.01815	0.02212	0.07419	0.24163	0.49760	0.02233	0.01002	0.00295	0.00437	0.01911	0.00771	0.00694
20	0.01187	0.00890	0.01335	0.01335	0.01483	0.01038	0.01038	0.01483	0.01335	0.01928	0.02225	0.03264	0.02077	0.06231	0.67512	0.01335	0.02225	0.00890	0.00445	0.00742
21	0.01203	0.00812	0.00939	0.00928	0.00960	0.00802	0.00548	0.01266	0.01391	0.01886	0.12619	0.05559	0.03790	0.59757	0.03709	0.00718	0.00739	0.01255	0.00569	0.00548
22	0.01063	0.00744	0.00949	0.01092	0.01127	0.00709	0.00702	0.01170	0.01491	0.01988	0.04070	0.53429	0.04852	0.20312	0.01883	0.00459	0.00566	0.02062	0.00702	0.00630
23	0.01187	0.00890	0.01335	0.01335	0.01483	0.01038	0.01038	0.01483	0.01335	0.01928	0.02225	0.03264	0.02077	0.06231	0.67512	0.01335	0.02225	0.00890	0.00445	0.00742
24	0.01012	0.00723	0.00964	0.01157	0.01205	0.00675	0.00771	0.01157	0.01591	0.02121	0.04579	0.70262	0.05495	0.02603	0.01060	0.00337	0.00482	0.02362	0.00771	0.00675
25	0.02056	0.01974	0.03372	0.05099	0.65622	0.01974	0.02550	0.02550	0.01892	0.02714	0.01563	0.02056	0.01316	0.00740	0.00822	0.00247	0.00987	0.00740	0.00411	0.01316
26	0.01569	0.01477	0.02492	0.68808	0.05722	0.01846	0.02307	0.02123	0.01661	0.02123	0.01477	0.02215	0.01107	0.00831	0.00831	0.00277	0.01107	0.00738	0.00369	0.00923
27	0.01280	0.00939	0.01160	0.01116	0.01134	0.01047	0.00731	0.01339	0.01232	0.01698	0.02382	0.04721	0.02666	0.54203	0.12028	0.00818	0.09334	0.01109	0.00479	0.00583
28	0.01100	0.00803	0.01038	0.01091	0.01236	0.00740	0.00788	0.01377	0.01991	0.02719	0.33564	0.31852	0.11978	0.02117	0.01019	0.00298	0.00446	0.04273	0.00839	0.00732
29	0.01052	0.00895	0.00913	0.00899	0.01187	0.00783	0.00677	0.01393	0.05438	0.02366	0.10847	0.07632	0.58985	0.02029	0.00974	0.00280	0.00433	0.01695	0.00782	0.00740
30	0.01961	0.02241	0.04902	0.03501	0.04342	0.02101	0.62605	0.02661	0.01961	0.02661	0.01681	0.02241	0.01261	0.00700	0.00980	0.00280	0.01401	0.00980	0.00420	0.01120
31	0.01666	0.04297	0.66500	0.02368	0.03596	0.01929	0.03069	0.02631	0.01754	0.02631	0.01491	0.01754	0.01052	0.00789	0.00789	0.00263	0.01228	0.00614	0.00351	0.01228
32	0.01443	0.00722	0.01082	0.01082	0.01082	0.00722	0.00722	0.01082	0.01082	0.01443	0.01443	0.02525	0.01443	0.02886	0.03247	0.75830	0.00722	0.00722	0.00361	0.00361
33	0.36884	0.34332	0.07056	0.01332	0.01985	0.02533	0.01289	0.02476	0.01565	0.02826	0.01178	0.01369	0.00988	0.00744	0.00541	0.00220	0.00797	0.00458	0.00429	0.00999
34	0.00982	0.00842	0.00842	0.00842	0.01122	0.00701	0.00631	0.01192	0.01894	0.02244	0.08416	0.07995	0.65285	0.02104	0.00982	0.00281	0.00421	0.01753	0.00771	0.00701
35	0.01187	0.00890	0.01335	0.01335	0.01483	0.01038	0.01038	0.01483	0.01335	0.01928	0.02225	0.03264	0.02077	0.06231	0.67512	0.01335	0.02225	0.00890	0.00445	0.00742
36	0.01970	0.02214	0.04749	0.03661	0.10465	0.02088	0.56604	0.02650	0.01954	0.02666	0.01669	0.02222	0.01266	0.00704	0.00965	0.00277	0.01359	0.00956	0.00419	0.01140
37	0.01656	0.01186	0.01467	0.01445	0.01744	0.01234	0.01180	0.02576	0.19120	0.07250	0.19828	0.06390	0.04776	0.01735	0.01000	0.00315	0.00635	0.24656	0.00843	0.00964
38	0.02056	0.01974	0.03372	0.05099	0.65622	0.01974	0.02550	0.02550	0.01892	0.02714	0.01563	0.02056	0.01316	0.00740	0.00822	0.00247	0.00987	0.00740	0.00411	0.01316
39	0.02056	0.01974	0.03372	0.05099	0.65622	0.01974	0.02550	0.02550	0.01892	0.02714	0.01563	0.02056	0.01316	0.00740	0.00822	0.00247	0.00987	0.00740	0.00411	0.01316
40	0.01876	0.01790	0.03046	0.28662	0.43467	0.01926	0.02460	0.02392	0.01806	0.02495	0.01531	0.02115	0.01239	0.00774	0.00825	0.00258	0.01031	0.00739	0.00396	0.01171
41	0.01694	0.07620	0.63418	0.02321	0.03523	0.01997	0.02988	0.02624	0.01751	0.02597	0.01474	0.01733	0.01053	0.00785	0.00777	0.00259	0.01211	0.00605	0.00351	0.01220
42	0.01627	0.01536	0.02596	0.61241	0.12836	0.01861	0.02336	0.02173	0.01689	0.02193	0.01487	0.02196	0.01132	0.00820	0.00830	0.00273	0.01093	0.00739	0.00374	0.00970
43	0.02221	0.71304	0.04353	0.01421	0.02132	0.03287	0.01421	0.02488	0.01688	0.01955	0.01155	0.01333	0.01066	0.00711	0.00533	0.00178	0.00888	0.00444	0.00355	0.01066
44	0.01008	0.00843	0.00878	0.00869	0.01138	0.00712	0.00652	0.01243	0.01955	0.02391	0.16077	0.07753	0.57533	0.02049	0.00982	0.00278	0.00417	0.01719	0.00791	0.00712
45	0.02662	0.02935	0.02158	0.01935	0.02394	0.35768	0.01479	0.07157	0.28912	0.02832	0.02223	0.02212	0.01718	0.00980	0.00795	0.00245	0.01105	0.00720	0.00630	0.01139
46	0.01698	0.01414	0.01567	0.01509	0.01875	0.01553	0.01208	0.03183	0.37698	0.03015	0.04476	0.05536	0.13475	0.01592	0.00946	0.00308	0.00646	0.16417	0.00812	0.01071
47	0.03103	0.03959	0.02354	0.02140	0.02568	0.67469	0.01605	0.03317	0.02354	0.02033	0.01284	0.01498	0.01070	0.00856	0.00749	0.00214	0.01498	0.00535	0.00428	0.00963
48	0.02056	0.01974	0.03372	0.05099	0.65622	0.01974	0.02550	0.02550	0.01892	0.02714	0.01563	0.02056	0.01316	0.00740	0.00822	0.00247	0.00987	0.00740	0.00411	0.01316
49	0.01099	0.00891	0.00981	0.00950	0.01213	0.00796	0.00715	0.01475	0.05130	0.02662	0.26784	0.07165	0.43332	0.01922	0.00974	0.00274	0.00423	0.01631	0.00822	0.00759
50	0.01867	0.02162	0.08216	0.11599	0.17287	0.01964	0.35579	0.02499	0.01893	0.02585	0.01940	0.02441	0.04303	0.00798	0.00916	0.00272	0.01219	0.00912	0.00424	0.01125
51	0.01038	0.00833	0.00858	0.00858	0.01069	0.00727	0.00599	0.01196	0.01723	0.02087	0.06977	0.07360	0.49839	0.19147	0.01787	0.00411	0.00516	0.01618	0.00705	0.00652
52	0.01904	0.01622	0.01851	0.01641	0.01882	0.06132	0.01284	0.14576	0.06133	0.02711	0.02143	0.06639	0.02013	0.11270	0.19988	0.00645	0.15142	0.00930	0.00560	0.00935
53	0.01666	0.04297	0.66500	0.02368	0.03596	0.01929	0.03069	0.02631	0.01754	0.02631	0.01491	0.01754	0.01052	0.00789	0.00789	0.00263	0.01228	0.00614	0.00351	0.01228
54	0.02239	0.61954	0.03989	0.01411	0.02084	0.03071	0.01376	0.06499	0.01840	0.02251	0.01315	0.01495	0.01161	0.00747	0.00556	0.00184	0.00857	0.00487	0.05415	0.01070
55	0.02642	0.07690	0.02558	0.02090	0.02417	0.38310	0.01658	0.06833	0.02072	0.02232	0.01262	0.01621	0.01099	0.01045	0.01365	0.00261	0.22830	0.00604	0.00430	0.00983
56	0.01707	0.04054	0.59895	0.02654	0.10085	0.01934	0.03015	0.02622	0.01768	0.02640	0.01498	0.01786	0.01080	0.00784	0.00793	0.00261	0.01203	0.00627	0.00357	0.01237
57	0.03103	0.03959	0.02354	0.02140	0.02568	0.67469	0.01605	0.03317	0.02354	0.02033	0.01284	0.01498	0.01070	0.00856	0.00749	0.00214	0.01498	0.00535	0.00428	0.00963
58	0.01136	0.00848	0.01055	0.01003	0.01216	0.00767	0.00752	0.01490	0.02257	0.03106	0.53417	0.06576	0.19746	0.01782	0.00980	0.00265	0.00398	0.01554	0.00885	0.00767
59	0.01991	0.01907	0.03254	0.13639	0.57592	0.01957	0.02517	0.02492	0.01861	0.02635	0.01551	0.02077	0.01288	0.00752	0.00824	0.00251	0.01003	0.00740	0.00406	0.01263
60	0.01665	0.06263	0.06384	0.07214	0.02265	0.01780	0.01488	0.04557	0.01572	0.02303	0.01673	0.02388	0.01500	0.05252	0.17693	0.00549	0.20006	0.00736	0.04672	0.10039
61	0.00982	0.00842	0.00842	0.00842	0.01122	0.00701	0.00631	0.01192	0.01894	0.02244	0.08416	0.07995	0.65285	0.02104	0.00982	0.00281	0.00421	0.01753	0.00771	0.00701
62	0.01012	0.00723	0.00964	0.01157	0.01205	0.00675	0.00771	0.01157	0.01591	0.02121	0.04579	0.70262	0.05495	0.02603	0.01060	0.00337	0.00482	0.02362	0.00771	0.00675
63	0.06230	0.52812	0.15106	0.01656	0.02452	0.02921	0.04236	0.02517	0.01696	0.02201	0.01236	0.01445	0.01063	0.00727	0.00596	0.00201	0.00956	0.00497	0.00366	0.01088
64	0.01666	0.04297	0.66500	0.02368	0.03596	0.01929	0.03069	0.02631	0.01754	0.02631	0.01491	0.01754	0.01052	0.00789	0.00789	0.00263	0.01228	0.00614	0.00351	0.01228
65	0.01689	0.07050	0.63947	0.02329	0.03535	0.01985	0.03002	0.02625	0.01751	0.02603	0.01477	0.01737	0.01053	0.00786	0.00779	0.00260	0.01214	0.00607	0.00351	0.01221

[dist]
# distance from previous block
# <min> <max>
0	1

[block]
# block no. 1 follows, 22 sequences, length 15
# corresponding to MSA columns:
# 68-82
name=unknown_B
#
# <colnr> <probs for GDERKNQSTAVLIFYWHMCP>
#	G	D	E	R	K	N	Q	S	T	A	V	L	I	F	Y	W	H	M	C	P
0	0.02321	0.02476	0.03115	0.04351	0.49675	0.18539	0.02311	0.02744	0.02009	0.02542	0.01492	0.01915	0.01254	0.00770	0.00804	0.00238	0.01116	0.00688	0.00415	0.01227
1	0.02769	0.03031	0.02598	0.02818	0.18486	0.35551	0.01818	0.12779	0.07131	0.02829	0.01626	0.01839	0.01298	0.00870	0.00788	0.00233	0.01212	0.00652	0.00520	0.01151
2	0.02056	0.01974	0.03372	0.05099	0.65622	0.01974	0.02550	0.02550	0.01892	0.02714	0.01563	0.02056	0.01316	0.00740	0.00822	0.00247	0.00987	0.00740	0.00411	0.01316
3	0.01906	0.01742	0.02474	0.08156	0.30456	0.01860	0.01862	0.03063	0.25036	0.02902	0.02981	0.03105	0.08739	0.01040	0.00849	0.00266	0.00812	0.00925	0.00609	0.01219
4	0.01377	0.01170	0.01701	0.01591	0.01694	0.01494	0.01274	0.01639	0.01316	0.01950	0.01882	0.02827	0.01779	0.04787	0.47933	0.01041	0.22491	0.00841	0.00420	0.00792
5	0.01593	0.01481	0.02382	0.30484	0.24447	0.01604	0.01973	0.02051	0.01823	0.02413	0.06582	0.03519	0.14047	0.01099	0.00866	0.00267	0.00892	0.00981	0.00493	0.01002
6	0.01628	0.01537	0.02598	0.61120	0.12950	0.01861	0.02336	0.02174	0.01689	0.02194	0.01487	0.02196	0.01133	0.00820	0.00830	0.00273	0.01093	0.00739	0.00374	0.00970
7	0.02297	0.02075	0.13182	0.02502	0.17431	0.01690	0.01832	0.03288	0.17769	0.17938	0.08920	0.02875	0.02421	0.01012	0.00842	0.00262	0.00818	0.00869	0.00708	0.01269
8	0.01175	0.00805	0.00902	0.00912	0.00943	0.00788	0.00530	0.01204	0.01297	0.01701	0.03307	0.08870	0.09512	0.60439	0.03741	0.00729	0.00750	0.01320	0.00544	0.00532
9	0.02436	0.48788	0.03654	0.01626	0.02246	0.19672	0.01461	0.02845	0.06553	0.02089	0.01355	0.01508	0.01178	0.00779	0.00612	0.00195	0.01028	0.00505	0.00411	0.01058
10	0.01187	0.00890	0.01335	0.01335	0.01483	0.01038	0.01038	0.01483	0.01335	0.01928	0.02225	0.03264	0.02077	0.06231	0.67512	0.01335	0.02225	0.00890	0.00445	0.00742
11	0.19865	0.02330	0.02453	0.07283	0.23192	0.18318	0.01821	0.02621	0.01804	0.02658	0.01335	0.01732	0.01115	0.00868	0.00962	0.00257	0.09282	0.00619	0.00431	0.01055
12	0.01965	0.12889	0.09544	0.14506	0.40075	0.02153	0.02386	0.02479	0.01809	0.02493	0.01478	0.01940	0.01218	0.00755	0.00776	0.00242	0.01015	0.00682	0.00390	0.01205
13	0.05820	0.10234	0.07593	0.14884	0.26386	0.01903	0.02011	0.02510	0.01887	0.08822	0.08290	0.02448	0.01962	0.00886	0.00789	0.00248	0.00908	0.00769	0.00510	0.01142
14	0.05390	0.07554	0.23390	0.19337	0.11235	0.14505	0.02327	0.02605	0.01842	0.02403	0.01419	0.01812	0.01095	0.00801	0.00767	0.00249	0.01171	0.00627	0.00385	0.01085

[dist]
# distance from previous block
# <min> <max>
0	1

# created by:
# /home/cegg/simao/soft/augustus-3.2.1/scripts/msa2prfl.pl ./align_prep/15119.fa
