[name]
unknown

[dist]
# distance from previous block
# <min> <max>
0	22

[block]
# block no. 0 follows, 22 sequences, length 12
# corresponding to MSA columns:
# 22-33
name=unknown_A
#
# <colnr> <probs for GDERKNQSTAVLIFYWHMCP>
#	G	D	E	R	K	N	Q	S	T	A	V	L	I	F	Y	W	H	M	C	P
0	0.01339	0.00956	0.01339	0.01530	0.01721	0.00956	0.01339	0.01721	0.01912	0.02486	0.04399	0.09371	0.04781	0.02295	0.01147	0.00382	0.00765	0.60031	0.00765	0.00765
1	0.01666	0.04297	0.66500	0.02368	0.03596	0.01929	0.03069	0.02631	0.01754	0.02631	0.01491	0.01754	0.01052	0.00789	0.00789	0.00263	0.01228	0.00614	0.00351	0.01228
2	0.01846	0.01769	0.02950	0.28793	0.36143	0.01988	0.02379	0.02329	0.01737	0.02413	0.01479	0.02090	0.01213	0.00852	0.01033	0.00271	0.08464	0.00738	0.00390	0.01123
3	0.01793	0.19634	0.52276	0.02151	0.03261	0.02240	0.02692	0.02598	0.01739	0.02476	0.01414	0.01657	0.01056	0.00771	0.00731	0.00244	0.01150	0.00575	0.00352	0.01191
4	0.01728	0.00977	0.01254	0.01111	0.01423	0.00870	0.00859	0.02075	0.02283	0.17544	0.41790	0.05723	0.15850	0.01611	0.00947	0.00263	0.00469	0.01390	0.00917	0.00915
5	0.02249	0.25101	0.14013	0.02260	0.02978	0.17441	0.15744	0.02712	0.01889	0.02247	0.01355	0.01675	0.01111	0.00798	0.00856	0.00234	0.05245	0.00632	0.00387	0.01072
6	0.01549	0.00774	0.00774	0.00774	0.00968	0.00774	0.00581	0.01936	0.01742	0.03097	0.02710	0.03097	0.02129	0.00968	0.00581	0.00194	0.00387	0.00774	0.75416	0.00774
7	0.01961	0.02241	0.04902	0.03501	0.04342	0.02101	0.62605	0.02661	0.01961	0.02661	0.01681	0.02241	0.01261	0.00700	0.00980	0.00280	0.01401	0.00980	0.00420	0.01120
8	0.01869	0.01613	0.01690	0.01536	0.01971	0.01818	0.01191	0.03828	0.52798	0.03251	0.04297	0.03990	0.13954	0.01305	0.00870	0.00282	0.00614	0.01087	0.00832	0.01203
9	0.01968	0.40780	0.32663	0.01853	0.02799	0.02669	0.02172	0.02553	0.01718	0.02263	0.01308	0.01525	0.01060	0.00747	0.00650	0.00217	0.01043	0.00521	0.00353	0.01140
10	0.10509	0.02250	0.16609	0.01707	0.02378	0.01792	0.01635	0.13672	0.13627	0.15230	0.05837	0.02498	0.01967	0.01106	0.00942	0.04732	0.00829	0.00778	0.00703	0.01199
11	0.02365	0.05311	0.13716	0.01665	0.02290	0.01740	0.01556	0.16613	0.09251	0.16088	0.13568	0.06863	0.02950	0.01182	0.00851	0.00261	0.00784	0.00973	0.00774	0.01199

[dist]
# distance from previous block
# <min> <max>
0	1

[block]
# block no. 1 follows, 22 sequences, length 33
# corresponding to MSA columns:
# 35-67
name=unknown_B
#
# <colnr> <probs for GDERKNQSTAVLIFYWHMCP>
#	G	D	E	R	K	N	Q	S	T	A	V	L	I	F	Y	W	H	M	C	P
0	0.02602	0.42193	0.03489	0.01732	0.02321	0.31031	0.01501	0.02846	0.01976	0.01989	0.01211	0.01404	0.01068	0.00774	0.00626	0.00193	0.01152	0.00483	0.00387	0.01022
1	0.01077	0.00852	0.00997	0.01039	0.01255	0.00732	0.00738	0.01272	0.01726	0.02234	0.05776	0.37933	0.28929	0.02188	0.00981	0.00291	0.00472	0.01916	0.00741	0.08851
2	0.02746	0.02026	0.02251	0.01791	0.02348	0.02254	0.01466	0.50011	0.03368	0.04544	0.02043	0.02260	0.01552	0.02092	0.14784	0.00477	0.01188	0.00778	0.00750	0.01272
3	0.01871	0.03967	0.51574	0.02688	0.11306	0.09051	0.02845	0.02695	0.01836	0.02576	0.01477	0.01764	0.01088	0.00790	0.00789	0.00256	0.01227	0.00621	0.00367	0.01210
4	0.06206	0.03706	0.49714	0.02529	0.03633	0.01961	0.15397	0.02626	0.01777	0.02703	0.01511	0.01832	0.01087	0.00770	0.00813	0.00266	0.01229	0.00681	0.00375	0.01186
5	0.00995	0.00842	0.00859	0.00855	0.01130	0.00707	0.00641	0.01217	0.01924	0.02316	0.12186	0.07876	0.61470	0.02077	0.00982	0.00279	0.00419	0.01737	0.00781	0.00707
6	0.02273	0.02400	0.02579	0.02903	0.20736	0.18766	0.01857	0.03068	0.16659	0.02567	0.01821	0.02110	0.01494	0.01017	0.01223	0.00272	0.15877	0.00732	0.00508	0.01138
7	0.01046	0.00853	0.00931	0.00937	0.01195	0.00738	0.00720	0.01303	0.01973	0.02450	0.17663	0.07814	0.50192	0.02052	0.00996	0.00286	0.00446	0.06886	0.00795	0.00721
8	0.02858	0.02149	0.02332	0.01769	0.02449	0.02269	0.01455	0.50138	0.03449	0.04707	0.01886	0.01938	0.01375	0.00917	0.00786	0.00223	0.00852	0.00694	0.00760	0.16995
9	0.01787	0.18855	0.52998	0.02162	0.03278	0.02224	0.02711	0.02600	0.01740	0.02484	0.01418	0.01662	0.01055	0.00772	0.00734	0.00245	0.01154	0.00577	0.00352	0.01193
10	0.02133	0.02190	0.03230	0.11547	0.47592	0.10403	0.05739	0.02608	0.01930	0.02559	0.01524	0.02012	0.01259	0.00763	0.00823	0.00248	0.01089	0.00727	0.00409	0.01217
11	0.01010	0.00773	0.00928	0.01036	0.01177	0.00691	0.00721	0.01193	0.01743	0.02234	0.09384	0.44068	0.27315	0.02371	0.01027	0.00312	0.00455	0.02093	0.00779	0.00691
12	0.03103	0.03959	0.02354	0.02140	0.02568	0.67469	0.01605	0.03317	0.02354	0.02033	0.01284	0.01498	0.01070	0.00856	0.00749	0.00214	0.01498	0.00535	0.00428	0.00963
13	0.09808	0.31017	0.03061	0.01559	0.02225	0.02588	0.01391	0.22348	0.02494	0.13563	0.01771	0.01791	0.01323	0.00861	0.00677	0.00221	0.00844	0.00607	0.00634	0.01219
14	0.01009	0.00818	0.00900	0.00960	0.01176	0.00709	0.00706	0.01213	0.01818	0.02226	0.07217	0.23897	0.46726	0.02241	0.01011	0.00301	0.00455	0.05147	0.00771	0.00698
15	0.01012	0.00723	0.00964	0.01157	0.01205	0.00675	0.00771	0.01157	0.01591	0.02121	0.04579	0.70262	0.05495	0.02603	0.01060	0.00337	0.00482	0.02362	0.00771	0.00675
16	0.01151	0.00848	0.01077	0.01019	0.01226	0.00773	0.00765	0.01520	0.02294	0.03194	0.58025	0.06431	0.15083	0.01749	0.00980	0.00264	0.00396	0.01534	0.00896	0.00773
17	0.10718	0.02201	0.15396	0.01700	0.02383	0.01741	0.01614	0.19300	0.02461	0.21355	0.02486	0.10718	0.01978	0.01140	0.00818	0.00266	0.00837	0.00916	0.00744	0.01226
18	0.01187	0.00890	0.01335	0.01335	0.01483	0.01038	0.01038	0.01483	0.01335	0.01928	0.02225	0.03264	0.02077	0.06231	0.67512	0.01335	0.02225	0.00890	0.00445	0.00742
19	0.03312	0.01506	0.01916	0.01531	0.02131	0.01432	0.01244	0.04140	0.17798	0.50533	0.03303	0.02895	0.02176	0.01053	0.00838	0.00263	0.00695	0.00861	0.00983	0.01389
20	0.02056	0.01974	0.03372	0.05099	0.65622	0.01974	0.02550	0.02550	0.01892	0.02714	0.01563	0.02056	0.01316	0.00740	0.00822	0.00247	0.00987	0.00740	0.00411	0.01316
21	0.03060	0.03611	0.02426	0.02251	0.05679	0.54279	0.01648	0.12417	0.02570	0.02558	0.01407	0.01602	0.01135	0.00872	0.00765	0.00221	0.01383	0.00578	0.00489	0.01050
22	0.01174	0.00884	0.01114	0.01190	0.01402	0.00824	0.00967	0.01492	0.01984	0.02574	0.18859	0.11686	0.24225	0.02123	0.01055	0.00322	0.00561	0.26017	0.00800	0.00744
23	0.00982	0.00842	0.00842	0.00842	0.01122	0.00701	0.00631	0.01192	0.01894	0.02244	0.08416	0.07995	0.65285	0.02104	0.00982	0.00281	0.00421	0.01753	0.00771	0.00701
24	0.01012	0.00723	0.00964	0.01157	0.01205	0.00675	0.00771	0.01157	0.01591	0.02121	0.04579	0.70262	0.05495	0.02603	0.01060	0.00337	0.00482	0.02362	0.00771	0.00675
25	0.01808	0.01802	0.02170	0.01900	0.01941	0.08353	0.01512	0.01953	0.01361	0.01918	0.01441	0.02573	0.01508	0.16464	0.02864	0.00445	0.47947	0.00813	0.00400	0.00826
26	0.03103	0.03959	0.02354	0.02140	0.02568	0.67469	0.01605	0.03317	0.02354	0.02033	0.01284	0.01498	0.01070	0.00856	0.00749	0.00214	0.01498	0.00535	0.00428	0.00963
27	0.01723	0.01477	0.01723	0.01230	0.01969	0.01107	0.00984	0.02092	0.01723	0.02707	0.01477	0.01723	0.01230	0.00615	0.00615	0.00123	0.00615	0.00492	0.00492	0.75883
28	0.18812	0.01565	0.01715	0.01394	0.01916	0.01612	0.01134	0.18709	0.02538	0.21610	0.13235	0.03197	0.06806	0.01148	0.00798	0.00257	0.00676	0.00902	0.00828	0.01149
29	0.01893	0.02364	0.15884	0.15214	0.40834	0.01948	0.04892	0.02498	0.01828	0.02596	0.01538	0.02029	0.01226	0.00764	0.00823	0.00256	0.01071	0.00724	0.00392	0.01225
30	0.19517	0.24779	0.09748	0.01625	0.02321	0.05488	0.01536	0.20271	0.02314	0.03402	0.01444	0.01584	0.01129	0.00824	0.00654	0.00228	0.00904	0.00557	0.00534	0.01143
31	0.02007	0.04353	0.01475	0.01184	0.01518	0.01364	0.00938	0.16071	0.02194	0.06816	0.02440	0.02901	0.01955	0.05563	0.09297	0.00388	0.00805	0.00796	0.36984	0.00951
32	0.02159	0.03716	0.43137	0.02285	0.03293	0.07888	0.04997	0.16988	0.02326	0.03198	0.01600	0.01808	0.01148	0.00841	0.00803	0.00256	0.01184	0.00654	0.00474	0.01244

[dist]
# distance from previous block
# <min> <max>
0	2

[block]
# block no. 2 follows, 22 sequences, length 31
# corresponding to MSA columns:
# 70-100
name=unknown_C
#
# <colnr> <probs for GDERKNQSTAVLIFYWHMCP>
#	G	D	E	R	K	N	Q	S	T	A	V	L	I	F	Y	W	H	M	C	P
0	0.02702	0.34602	0.03264	0.01813	0.02370	0.38266	0.01522	0.02940	0.02051	0.01997	0.01225	0.01423	0.01068	0.00790	0.00651	0.00197	0.01221	0.00494	0.00395	0.01010
1	0.01626	0.06841	0.55000	0.02149	0.03216	0.01838	0.02691	0.02483	0.01831	0.02694	0.09964	0.02328	0.01957	0.00907	0.00803	0.00259	0.01101	0.00725	0.00426	0.01161
2	0.02456	0.17114	0.02823	0.02124	0.05747	0.31438	0.01645	0.02692	0.01875	0.02040	0.01268	0.01656	0.01135	0.01218	0.04310	0.00298	0.18193	0.00592	0.00397	0.00980
3	0.01630	0.05933	0.21437	0.01591	0.02214	0.01539	0.01622	0.02567	0.14853	0.05130	0.19415	0.04066	0.12044	0.01281	0.00865	0.00264	0.00744	0.01068	0.00682	0.01056
4	0.01546	0.01227	0.01270	0.01119	0.01499	0.01187	0.00877	0.17174	0.02415	0.03020	0.06751	0.06440	0.48730	0.01817	0.00943	0.00272	0.00549	0.01493	0.00787	0.00886
5	0.02056	0.01974	0.03372	0.05099	0.65622	0.01974	0.02550	0.02550	0.01892	0.02714	0.01563	0.02056	0.01316	0.00740	0.00822	0.00247	0.00987	0.00740	0.00411	0.01316
6	0.01939	0.01830	0.02866	0.04160	0.48367	0.04615	0.02234	0.02395	0.01917	0.02633	0.02194	0.03690	0.02091	0.01098	0.00893	0.00276	0.00959	0.14176	0.00492	0.01175
7	0.02203	0.02411	0.02592	0.12380	0.27907	0.23437	0.01957	0.02585	0.02039	0.02408	0.05673	0.02581	0.06390	0.00949	0.00820	0.00243	0.01095	0.00793	0.00467	0.01068
8	0.01331	0.00971	0.01057	0.01025	0.01325	0.00882	0.00770	0.01761	0.08287	0.07793	0.06950	0.15351	0.45494	0.01979	0.00966	0.00286	0.00478	0.01673	0.00801	0.00821
9	0.01187	0.00890	0.01335	0.01335	0.01483	0.01038	0.01038	0.01483	0.01335	0.01928	0.02225	0.03264	0.02077	0.06231	0.67512	0.01335	0.02225	0.00890	0.00445	0.00742
10	0.01774	0.03030	0.38066	0.02657	0.14641	0.01701	0.02522	0.02499	0.01844	0.05803	0.02195	0.03440	0.01923	0.01104	0.00872	0.00284	0.01061	0.12945	0.00482	0.01158
11	0.01443	0.00722	0.01082	0.01082	0.01082	0.00722	0.00722	0.01082	0.01082	0.01443	0.01443	0.02525	0.01443	0.02886	0.03247	0.75830	0.00722	0.00722	0.00361	0.00361
12	0.03158	0.02327	0.02493	0.01911	0.02576	0.02576	0.01579	0.62852	0.03906	0.05236	0.01995	0.01995	0.01413	0.00997	0.00831	0.00249	0.00914	0.00748	0.00831	0.01413
13	0.01826	0.01739	0.02956	0.35198	0.37322	0.01913	0.02435	0.02348	0.01783	0.02435	0.01522	0.02131	0.01217	0.00783	0.00826	0.00261	0.01044	0.00739	0.00391	0.01130
14	0.01854	0.16109	0.49247	0.02321	0.06295	0.05357	0.02679	0.02635	0.01778	0.02485	0.01424	0.01681	0.01068	0.00776	0.00743	0.00245	0.01169	0.00586	0.00358	0.01190
15	0.01187	0.00890	0.01335	0.01335	0.01483	0.01038	0.01038	0.01483	0.01335	0.01928	0.02225	0.03264	0.02077	0.06231	0.67512	0.01335	0.02225	0.00890	0.00445	0.00742
16	0.01208	0.00805	0.00906	0.00906	0.00906	0.00805	0.00503	0.01208	0.01208	0.01611	0.02618	0.05436	0.03020	0.70804	0.04228	0.00805	0.00805	0.01208	0.00503	0.00503
17	0.01981	0.02002	0.03727	0.10891	0.42077	0.01998	0.19838	0.02540	0.01889	0.02641	0.01588	0.02125	0.01279	0.00738	0.00869	0.00259	0.01118	0.00809	0.00410	0.01221
18	0.02109	0.02075	0.03320	0.04949	0.62423	0.05297	0.02502	0.02589	0.01915	0.02679	0.01548	0.02028	0.01303	0.00746	0.00819	0.00245	0.01013	0.00730	0.00412	0.01298
19	0.01249	0.01007	0.01510	0.02051	0.15813	0.00969	0.01174	0.01473	0.01659	0.02255	0.03895	0.54795	0.04547	0.02180	0.01006	0.00317	0.00596	0.01994	0.00690	0.00820
20	0.01178	0.00820	0.01140	0.01202	0.01324	0.00885	0.00891	0.01438	0.01472	0.02147	0.03055	0.25010	0.03194	0.04350	0.37001	0.00859	0.01414	0.01353	0.10542	0.00724
21	0.01853	0.35201	0.18993	0.01634	0.02309	0.05573	0.01694	0.02263	0.01716	0.02165	0.02022	0.17077	0.02067	0.01167	0.00727	0.00237	0.00911	0.00926	0.00452	0.01013
22	0.07301	0.04095	0.61596	0.02272	0.03446	0.01924	0.02906	0.02617	0.01728	0.02713	0.01466	0.01724	0.01041	0.00788	0.00769	0.00263	0.01184	0.00602	0.00363	0.01203
23	0.02548	0.18365	0.02747	0.01961	0.04993	0.27496	0.01535	0.12438	0.02245	0.02548	0.01498	0.01816	0.01270	0.01587	0.09713	0.00370	0.04739	0.00615	0.00475	0.01042
24	0.23695	0.02964	0.20071	0.02514	0.15625	0.16782	0.02004	0.02715	0.01820	0.02829	0.01363	0.01642	0.01067	0.00789	0.00708	0.00247	0.01071	0.00575	0.00428	0.01091
25	0.21012	0.16377	0.10819	0.01646	0.04666	0.02119	0.01462	0.02920	0.18309	0.03068	0.08093	0.02370	0.02087	0.00946	0.00701	0.00248	0.00765	0.00716	0.00583	0.01094
26	0.02390	0.37897	0.03305	0.01781	0.05172	0.13989	0.01474	0.03132	0.15998	0.04870	0.01784	0.01854	0.01451	0.00844	0.00667	0.00214	0.00939	0.00601	0.00508	0.01130
27	0.05937	0.02896	0.05809	0.02753	0.15888	0.31127	0.07613	0.03138	0.02154	0.12407	0.01698	0.01901	0.01286	0.00837	0.00792	0.00238	0.01208	0.00668	0.00518	0.01133
28	0.02540	0.02837	0.02118	0.02055	0.07262	0.36751	0.01462	0.10802	0.05307	0.02625	0.02975	0.03028	0.14493	0.01137	0.00818	0.00238	0.01118	0.00851	0.00571	0.01013
29	0.02628	0.02623	0.02217	0.02093	0.08045	0.26573	0.01503	0.23112	0.02775	0.03282	0.05891	0.02875	0.10570	0.01113	0.00828	0.00241	0.01044	0.00848	0.00637	0.01102
30	0.01707	0.01200	0.04751	0.01447	0.04556	0.00973	0.01117	0.02003	0.01888	0.15065	0.04715	0.24536	0.17641	0.01858	0.00963	0.00296	0.00619	0.09348	0.00770	0.04548

[dist]
# distance from previous block
# <min> <max>
0	3

[block]
# block no. 3 follows, 22 sequences, length 32
# corresponding to MSA columns:
# 104-135
name=unknown_D
#
# <colnr> <probs for GDERKNQSTAVLIFYWHMCP>
#	G	D	E	R	K	N	Q	S	T	A	V	L	I	F	Y	W	H	M	C	P
0	0.14199	0.11541	0.05429	0.02251	0.14559	0.09556	0.01594	0.14798	0.02251	0.06378	0.01696	0.01900	0.01314	0.00846	0.00703	0.00232	0.00900	0.00635	0.08078	0.01142
1	0.11324	0.24196	0.02810	0.07387	0.02545	0.27751	0.01491	0.02945	0.05002	0.05460	0.01446	0.01634	0.01173	0.00820	0.00670	0.00219	0.01094	0.00549	0.00461	0.01024
2	0.02226	0.01578	0.01850	0.01515	0.02001	0.01616	0.03870	0.24029	0.07965	0.10794	0.08400	0.06932	0.20801	0.01432	0.00902	0.00268	0.00695	0.01192	0.00822	0.01113
3	0.02193	0.02688	0.09184	0.03572	0.20849	0.15244	0.28660	0.02760	0.02004	0.02546	0.01552	0.01999	0.01220	0.00750	0.00874	0.00256	0.01291	0.00793	0.00413	0.01152
4	0.13838	0.01118	0.01234	0.01162	0.01451	0.01174	0.00888	0.02202	0.11354	0.05570	0.22280	0.09684	0.07134	0.01803	0.05331	0.03172	0.00628	0.01163	0.07938	0.00876
5	0.02082	0.38711	0.22047	0.01795	0.02589	0.06592	0.01919	0.02730	0.07288	0.02293	0.01456	0.01642	0.01194	0.00810	0.00738	0.00222	0.03810	0.00555	0.00402	0.01123
6	0.02868	0.02206	0.02102	0.01732	0.02275	0.14675	0.01372	0.24433	0.08029	0.16296	0.02446	0.08708	0.01951	0.01116	0.00825	0.00247	0.00903	0.00878	0.00765	0.06171
7	0.02123	0.01772	0.01675	0.01422	0.01814	0.09064	0.01088	0.25635	0.02597	0.03266	0.03913	0.04384	0.20338	0.15392	0.01551	0.00367	0.00815	0.01110	0.00702	0.00970
8	0.02732	0.31342	0.02947	0.01469	0.02097	0.02238	0.01309	0.08845	0.05223	0.24508	0.07497	0.02408	0.02084	0.00951	0.00718	0.00224	0.00775	0.00721	0.00703	0.01207
9	0.02635	0.02195	0.02032	0.01762	0.02269	0.14766	0.01379	0.09091	0.36789	0.13650	0.02836	0.02648	0.02075	0.01047	0.00824	0.00262	0.00852	0.00827	0.00793	0.01271
10	0.08839	0.01904	0.02322	0.18004	0.03115	0.02259	0.01699	0.29459	0.02583	0.03680	0.01662	0.02005	0.01265	0.01019	0.01136	0.00275	0.13285	0.00717	0.03640	0.01133
11	0.01959	0.01395	0.01554	0.01395	0.01765	0.04524	0.01085	0.02912	0.21603	0.13555	0.16749	0.04194	0.10306	0.02076	0.10692	0.00425	0.00855	0.01103	0.00804	0.01050
12	0.05084	0.27533	0.27504	0.01936	0.02771	0.17481	0.02073	0.02731	0.01856	0.02299	0.01313	0.01532	0.01055	0.00776	0.00680	0.00222	0.01149	0.00530	0.00376	0.01098
13	0.31635	0.01669	0.01590	0.01328	0.01826	0.01841	0.01080	0.23839	0.02435	0.04025	0.05582	0.02726	0.08865	0.01066	0.00710	0.00252	0.00681	0.00785	0.07023	0.01044
14	0.02456	0.02589	0.02158	0.01872	0.02236	0.28957	0.01470	0.11447	0.02179	0.02608	0.01551	0.01930	0.01306	0.01535	0.08034	0.00355	0.14368	0.00651	0.04968	0.07332
15	0.02624	0.01990	0.02706	0.02044	0.02710	0.02028	0.13725	0.29162	0.08117	0.11005	0.05319	0.02412	0.01852	0.00944	0.00846	0.00245	0.00907	0.00830	0.00737	0.09797
16	0.01045	0.00844	0.00929	0.00908	0.01161	0.00728	0.00681	0.01315	0.02043	0.02599	0.26939	0.07411	0.46540	0.01972	0.00981	0.00274	0.00411	0.01671	0.00818	0.00728
17	0.02056	0.01974	0.03372	0.05099	0.65622	0.01974	0.02550	0.02550	0.01892	0.02714	0.01563	0.02056	0.01316	0.00740	0.00822	0.00247	0.00987	0.00740	0.00411	0.01316
18	0.02394	0.58129	0.03962	0.01562	0.02218	0.15844	0.01457	0.02650	0.01818	0.01970	0.01180	0.01365	0.01067	0.00739	0.00575	0.00185	0.01008	0.00462	0.00370	0.01046
19	0.02015	0.02090	0.04035	0.04407	0.39082	0.02029	0.28560	0.02598	0.01922	0.02691	0.01614	0.02136	0.01292	0.00723	0.00891	0.00261	0.01166	0.00844	0.00415	0.01231
20	0.01004	0.00842	0.00872	0.00865	0.01136	0.00711	0.00649	0.01235	0.01946	0.02368	0.14882	0.07791	0.58741	0.02058	0.00982	0.00278	0.00417	0.01725	0.00788	0.00711
21	0.01908	0.02473	0.18049	0.04182	0.45263	0.01907	0.05249	0.02507	0.01863	0.02669	0.01887	0.02284	0.04383	0.00817	0.00830	0.00254	0.01034	0.00771	0.00415	0.01257
22	0.02056	0.01974	0.03372	0.05099	0.65622	0.01974	0.02550	0.02550	0.01892	0.02714	0.01563	0.02056	0.01316	0.00740	0.00822	0.00247	0.00987	0.00740	0.00411	0.01316
23	0.01666	0.04297	0.66500	0.02368	0.03596	0.01929	0.03069	0.02631	0.01754	0.02631	0.01491	0.01754	0.01052	0.00789	0.00789	0.00263	0.01228	0.00614	0.00351	0.01228
24	0.01287	0.00940	0.01267	0.01430	0.01634	0.00919	0.01236	0.01645	0.01910	0.02451	0.04980	0.09172	0.13536	0.02267	0.01123	0.00368	0.00715	0.51598	0.00766	0.00756
25	0.01693	0.04131	0.62226	0.02323	0.03501	0.01938	0.02953	0.02749	0.05879	0.02687	0.01616	0.01843	0.01150	0.00812	0.00793	0.00264	0.01190	0.00635	0.00383	0.01234
26	0.01667	0.01577	0.02669	0.55950	0.17811	0.01872	0.02356	0.02209	0.01708	0.02242	0.01494	0.02183	0.01149	0.00812	0.00829	0.00271	0.01083	0.00739	0.00378	0.01002
27	0.01138	0.00848	0.01058	0.01005	0.01218	0.00768	0.00754	0.01494	0.02262	0.03119	0.54078	0.06556	0.19077	0.01778	0.00980	0.00265	0.00398	0.01551	0.00887	0.00768
28	0.02894	0.03520	0.02258	0.02049	0.02486	0.54270	0.01547	0.03539	0.14820	0.02324	0.01707	0.01821	0.01366	0.00911	0.00768	0.00228	0.01328	0.00617	0.00512	0.01034
29	0.01208	0.00805	0.00906	0.00906	0.00906	0.00805	0.00503	0.01208	0.01208	0.01611	0.02618	0.05436	0.03020	0.70804	0.04228	0.00805	0.00805	0.01208	0.00503	0.00503
30	0.02308	0.19160	0.03020	0.02502	0.14674	0.18598	0.01755	0.02826	0.08920	0.02305	0.01507	0.01814	0.01288	0.00950	0.01121	0.00250	0.14835	0.00638	0.00442	0.01086
31	0.01134	0.00913	0.01108	0.05533	0.01590	0.00851	0.00937	0.01433	0.01941	0.02434	0.14172	0.07727	0.38735	0.02016	0.01013	0.00303	0.00548	0.16110	0.00761	0.00742

[dist]
# distance from previous block
# <min> <max>
0	3

# created by:
# /home/cegg/simao/soft/augustus-3.2.1/scripts/msa2prfl.pl ./align_prep/15111.fa
