[name]
unknown

[dist]
# distance from previous block
# <min> <max>
7	139

[block]
# block no. 0 follows, 22 sequences, length 6
# corresponding to MSA columns:
# 139-144
name=unknown_A
#
# <colnr> <probs for GDERKNQSTAVLIFYWHMCP>
#	G	D	E	R	K	N	Q	S	T	A	V	L	I	F	Y	W	H	M	C	P
0	0.13835	0.29776	0.02706	0.05684	0.02170	0.13812	0.01290	0.02358	0.01773	0.02301	0.02340	0.02517	0.10695	0.01249	0.04145	0.00279	0.00971	0.00699	0.00461	0.00941
1	0.18482	0.02455	0.15500	0.02101	0.11514	0.13226	0.01680	0.02474	0.01893	0.02928	0.11025	0.02455	0.02176	0.00942	0.00735	0.00244	0.00907	0.00730	0.07519	0.01013
2	0.02077	0.13013	0.12857	0.02090	0.08628	0.22590	0.01674	0.02424	0.01886	0.02186	0.02120	0.16970	0.02164	0.04580	0.00968	0.00276	0.01053	0.00991	0.00482	0.00971
3	0.01763	0.12998	0.02149	0.01862	0.09884	0.12122	0.01274	0.02039	0.01787	0.02243	0.11443	0.08274	0.02869	0.09297	0.15897	0.00536	0.01181	0.00977	0.00524	0.00881
4	0.02143	0.13913	0.02629	0.02288	0.16245	0.01846	0.04301	0.02830	0.12082	0.12121	0.03051	0.03066	0.10995	0.01029	0.00788	0.00237	0.00775	0.00872	0.00626	0.08165
5	0.10278	0.11065	0.08012	0.05724	0.02163	0.10260	0.01343	0.02471	0.01740	0.11865	0.01801	0.02149	0.01418	0.01429	0.03843	0.13430	0.00932	0.00651	0.08500	0.00925

[dist]
# distance from previous block
# <min> <max>
2	7

[block]
# block no. 1 follows, 22 sequences, length 16
# corresponding to MSA columns:
# 152-167
name=unknown_B
#
# <colnr> <probs for GDERKNQSTAVLIFYWHMCP>
#	G	D	E	R	K	N	Q	S	T	A	V	L	I	F	Y	W	H	M	C	P
0	0.01735	0.11436	0.52940	0.06294	0.03596	0.02082	0.05608	0.02586	0.01751	0.02527	0.01462	0.01758	0.01067	0.00779	0.00772	0.00255	0.01191	0.00620	0.00356	0.01187
1	0.02223	0.59080	0.11076	0.01577	0.02325	0.07732	0.01617	0.02563	0.01743	0.02035	0.01201	0.01391	0.01065	0.00730	0.00577	0.00190	0.00970	0.00469	0.00360	0.01077
2	0.17493	0.18047	0.02764	0.03959	0.02368	0.13836	0.04475	0.06823	0.01819	0.02615	0.01258	0.01602	0.01074	0.00952	0.01149	0.00258	0.17481	0.00587	0.00440	0.00999
3	0.01918	0.01700	0.02059	0.08412	0.13442	0.06372	0.01526	0.09553	0.16456	0.03008	0.09471	0.11614	0.02888	0.01633	0.05866	0.00350	0.00912	0.01077	0.00661	0.01081
4	0.01621	0.01641	0.04884	0.13220	0.12956	0.05407	0.01544	0.02358	0.13371	0.02519	0.03949	0.12498	0.17838	0.01414	0.00892	0.00277	0.00783	0.01218	0.00618	0.00990
5	0.06687	0.01132	0.07060	0.01228	0.01413	0.00898	0.00955	0.01396	0.01537	0.02212	0.03752	0.49319	0.04380	0.12288	0.01459	0.00393	0.00610	0.01889	0.00674	0.00718
6	0.01141	0.00842	0.01085	0.01172	0.01341	0.00786	0.00904	0.01430	0.01942	0.02577	0.22001	0.25028	0.16455	0.02181	0.01048	0.00319	0.00523	0.17682	0.00809	0.00734
7	0.01857	0.08234	0.20645	0.03353	0.25026	0.01973	0.13788	0.02478	0.01842	0.02582	0.01846	0.04809	0.01614	0.00923	0.00852	0.00265	0.01089	0.05222	0.00431	0.01172
8	0.02909	0.03368	0.02166	0.01939	0.02363	0.51694	0.01470	0.09716	0.02447	0.02524	0.01547	0.01759	0.01245	0.00886	0.00736	0.00215	0.01290	0.00589	0.10149	0.00988
9	0.01739	0.01471	0.01585	0.01470	0.01860	0.01625	0.01147	0.03385	0.42860	0.03173	0.10080	0.04711	0.14219	0.01438	0.00904	0.00287	0.00599	0.05497	0.00833	0.01117
10	0.09513	0.00851	0.00991	0.01083	0.01227	0.00870	0.00772	0.01514	0.01576	0.02499	0.03506	0.39672	0.03829	0.02442	0.08481	0.00410	0.00677	0.01620	0.17736	0.00730
11	0.02333	0.14790	0.02540	0.01863	0.02206	0.31087	0.01501	0.02566	0.01836	0.01992	0.01411	0.01876	0.01271	0.02000	0.14226	0.00456	0.14086	0.00625	0.00407	0.00928
12	0.01159	0.00838	0.01092	0.01248	0.01346	0.00821	0.00907	0.01454	0.04690	0.02226	0.04296	0.46588	0.04952	0.08791	0.01365	0.00389	0.00587	0.15794	0.00748	0.00711
13	0.01201	0.00789	0.00906	0.00938	0.00961	0.00781	0.00554	0.01254	0.01312	0.01807	0.02951	0.16066	0.03366	0.54207	0.03427	0.00682	0.00720	0.01368	0.06157	0.00552
14	0.05568	0.40274	0.16588	0.02180	0.11731	0.06596	0.01909	0.02573	0.01758	0.02290	0.01291	0.01535	0.01092	0.00743	0.00640	0.00211	0.00997	0.00528	0.00374	0.01122
15	0.02009	0.12743	0.15105	0.02475	0.13547	0.12594	0.01974	0.02417	0.01771	0.02271	0.02042	0.02359	0.07698	0.01063	0.01202	0.00264	0.16254	0.00741	0.00420	0.01052

[dist]
# distance from previous block
# <min> <max>
3	4

[block]
# block no. 2 follows, 22 sequences, length 40
# corresponding to MSA columns:
# 172-211
name=unknown_C
#
# <colnr> <probs for GDERKNQSTAVLIFYWHMCP>
#	G	D	E	R	K	N	Q	S	T	A	V	L	I	F	Y	W	H	M	C	P
0	0.01992	0.02354	0.11692	0.04088	0.45955	0.07331	0.02366	0.02501	0.01912	0.02603	0.02157	0.02512	0.07116	0.00881	0.00826	0.00249	0.01011	0.00799	0.00437	0.01218
1	0.02458	0.20970	0.02797	0.01826	0.02309	0.25615	0.03324	0.03055	0.12003	0.04994	0.01751	0.01956	0.01438	0.01340	0.06300	0.00320	0.05351	0.00643	0.00499	0.01050
2	0.01850	0.01008	0.01269	0.01112	0.01459	0.00886	0.00866	0.02171	0.02233	0.20956	0.31877	0.05736	0.22034	0.01619	0.00939	0.00265	0.00490	0.01381	0.00907	0.00941
3	0.01208	0.00805	0.00906	0.00906	0.00906	0.00805	0.00503	0.01208	0.01208	0.01611	0.02618	0.05436	0.03020	0.70804	0.04228	0.00805	0.00805	0.01208	0.00503	0.00503
4	0.02241	0.01541	0.01731	0.01451	0.01910	0.01638	0.01157	0.19366	0.15083	0.08663	0.02516	0.02669	0.01919	0.01701	0.09884	0.00382	0.00886	0.00796	0.16482	0.07985
5	0.02094	0.02759	0.15991	0.03598	0.33172	0.14235	0.05657	0.02622	0.01955	0.02533	0.01980	0.02314	0.05676	0.00865	0.00822	0.00248	0.01116	0.00760	0.00428	0.01178
6	0.00982	0.00842	0.00842	0.00842	0.01122	0.00701	0.00631	0.01192	0.01894	0.02244	0.08416	0.07995	0.65285	0.02104	0.00982	0.00281	0.00421	0.01753	0.00771	0.00701
7	0.00997	0.00842	0.00863	0.00858	0.01132	0.00708	0.00644	0.01223	0.01931	0.02332	0.12999	0.07850	0.60647	0.02071	0.00982	0.00279	0.00418	0.01733	0.00783	0.00708
8	0.01839	0.03264	0.38595	0.03405	0.27829	0.01953	0.02780	0.02686	0.04867	0.02705	0.01612	0.01938	0.01228	0.00787	0.00805	0.00258	0.01105	0.00679	0.00399	0.01267
9	0.03052	0.03863	0.02404	0.02284	0.05642	0.64276	0.01651	0.03280	0.02332	0.02066	0.01298	0.01525	0.01082	0.00850	0.00753	0.00216	0.01473	0.00545	0.00427	0.00980
10	0.01075	0.00845	0.00971	0.00940	0.01179	0.00741	0.00705	0.01373	0.02114	0.02768	0.35749	0.07133	0.37625	0.01909	0.00981	0.00271	0.00407	0.01632	0.00840	0.00741
11	0.02216	0.02220	0.01995	0.01756	0.02090	0.19904	0.01401	0.14594	0.02302	0.02765	0.03269	0.03787	0.16113	0.01412	0.01268	0.00282	0.15357	0.05700	0.00602	0.00968
12	0.01456	0.01203	0.01300	0.01262	0.01548	0.01269	0.00930	0.02516	0.27444	0.02669	0.05023	0.18468	0.21473	0.08093	0.01239	0.00341	0.00566	0.01492	0.00777	0.00931
13	0.01608	0.01169	0.01461	0.01338	0.01554	0.01298	0.01005	0.14339	0.01842	0.02538	0.02285	0.03595	0.02197	0.22937	0.36008	0.00960	0.01557	0.00948	0.00542	0.00817
14	0.01008	0.00739	0.00947	0.01114	0.01194	0.00678	0.00752	0.01162	0.01632	0.02138	0.05104	0.61743	0.13674	0.02534	0.01050	0.00330	0.00474	0.02278	0.00771	0.00678
15	0.02783	0.22731	0.02921	0.05097	0.02595	0.46359	0.01587	0.03028	0.02135	0.02015	0.01257	0.01486	0.01071	0.00814	0.00692	0.00207	0.01309	0.00519	0.00405	0.00990
16	0.02668	0.03179	0.02602	0.03012	0.22435	0.43485	0.01856	0.02970	0.02185	0.02259	0.01722	0.01993	0.04297	0.00881	0.00784	0.00228	0.01284	0.00660	0.00440	0.01062
17	0.01012	0.00723	0.00964	0.01157	0.01205	0.00675	0.00771	0.01157	0.01591	0.02121	0.04579	0.70262	0.05495	0.02603	0.01060	0.00337	0.00482	0.02362	0.00771	0.00675
18	0.02036	0.02030	0.03694	0.04762	0.52710	0.02001	0.15204	0.02573	0.01906	0.02703	0.01588	0.02095	0.01304	0.00732	0.00856	0.00254	0.01074	0.00791	0.00413	0.01275
19	0.01844	0.02526	0.20679	0.17288	0.33213	0.01942	0.05641	0.02490	0.01810	0.02568	0.01531	0.02014	0.01198	0.00770	0.00823	0.00259	0.01099	0.00717	0.00386	0.01201
20	0.01622	0.03342	0.44843	0.02323	0.08055	0.04480	0.02480	0.02343	0.01756	0.02504	0.02138	0.16203	0.02010	0.01170	0.00847	0.00275	0.01063	0.00989	0.00448	0.01107
21	0.02979	0.03723	0.02475	0.02492	0.10060	0.59687	0.01717	0.03226	0.02299	0.02114	0.01317	0.01564	0.01099	0.00842	0.00758	0.00218	0.01437	0.00559	0.00426	0.01005
22	0.01993	0.02107	0.07609	0.09182	0.54771	0.01968	0.05133	0.02531	0.01870	0.02666	0.01557	0.02055	0.01282	0.00748	0.00828	0.00251	0.01029	0.00742	0.00405	0.01275
23	0.01190	0.00878	0.01276	0.01276	0.01404	0.01007	0.00965	0.01446	0.01318	0.01885	0.02279	0.03561	0.02206	0.15065	0.58854	0.01263	0.02031	0.00934	0.00453	0.00709
24	0.01229	0.00952	0.01416	0.01392	0.01530	0.01139	0.01091	0.01518	0.01331	0.01933	0.02149	0.03167	0.02011	0.05910	0.63169	0.01270	0.06721	0.00879	0.00440	0.00753
25	0.02165	0.22391	0.34104	0.02056	0.02950	0.18173	0.02268	0.02758	0.01881	0.02303	0.01350	0.01578	0.01060	0.00784	0.00710	0.00228	0.01201	0.00549	0.00371	0.01120
26	0.01174	0.00791	0.00916	0.00949	0.00958	0.00783	0.00550	0.01199	0.01274	0.01699	0.02956	0.16611	0.03447	0.59048	0.03682	0.00725	0.00750	0.01407	0.00550	0.00533
27	0.01014	0.00759	0.00942	0.01074	0.01187	0.00687	0.00738	0.01188	0.01706	0.02217	0.08851	0.51651	0.20102	0.02432	0.01037	0.00319	0.00462	0.02167	0.00779	0.00687
28	0.01316	0.00889	0.00994	0.00962	0.00998	0.00903	0.00563	0.04609	0.01357	0.01811	0.02583	0.05247	0.02932	0.66954	0.04041	0.00775	0.00811	0.01183	0.00521	0.00554
29	0.02832	0.02140	0.02363	0.07438	0.02735	0.02382	0.01572	0.50186	0.08262	0.04690	0.02379	0.02398	0.04662	0.01049	0.00840	0.00256	0.00886	0.00812	0.00791	0.01329
30	0.01754	0.01798	0.01637	0.01573	0.01804	0.20699	0.01206	0.02026	0.01637	0.01959	0.01947	0.02741	0.01779	0.04640	0.47754	0.01003	0.02010	0.00785	0.00440	0.00807
31	0.06689	0.02732	0.01999	0.01790	0.02222	0.34366	0.01374	0.07855	0.12414	0.05244	0.02431	0.02532	0.06822	0.01452	0.06171	0.00328	0.01203	0.00756	0.00588	0.01031
32	0.28084	0.02064	0.01739	0.06926	0.02276	0.15192	0.01254	0.02953	0.15987	0.03024	0.01908	0.05148	0.01573	0.00947	0.00698	0.00247	0.00848	0.00697	0.00571	0.07864
33	0.01110	0.00776	0.00983	0.01071	0.01120	0.00760	0.00695	0.01231	0.01483	0.02002	0.07897	0.36570	0.04473	0.27887	0.07583	0.00585	0.00735	0.01759	0.00656	0.00625
34	0.01582	0.09822	0.01636	0.01214	0.01499	0.04508	0.00954	0.01852	0.01834	0.07487	0.18391	0.06656	0.12145	0.08982	0.17215	0.00562	0.01020	0.01157	0.00655	0.00828
35	0.11476	0.16992	0.17453	0.02611	0.19875	0.02156	0.01993	0.02639	0.06789	0.02746	0.03723	0.01956	0.01467	0.00808	0.00713	0.00235	0.00914	0.00643	0.00454	0.04356
36	0.01763	0.02024	0.11451	0.06871	0.40717	0.01696	0.02219	0.02269	0.01867	0.02616	0.05255	0.06304	0.09281	0.01046	0.00856	0.00260	0.00908	0.00956	0.00483	0.01158
37	0.01245	0.00975	0.01446	0.01413	0.01547	0.01176	0.01110	0.01531	0.01329	0.01935	0.02121	0.03131	0.01987	0.05793	0.61581	0.01246	0.08365	0.00875	0.00438	0.00757
38	0.22774	0.20013	0.05480	0.12282	0.02594	0.09774	0.01466	0.02382	0.01640	0.02513	0.01385	0.01783	0.01165	0.01523	0.09776	0.00382	0.01125	0.00573	0.00422	0.00948
39	0.02213	0.16256	0.02330	0.01468	0.02047	0.01904	0.01218	0.07210	0.18876	0.11013	0.02477	0.08450	0.02059	0.01036	0.00744	0.00223	0.00705	0.00836	0.00677	0.18257

[dist]
# distance from previous block
# <min> <max>
5	10

[block]
# block no. 3 follows, 22 sequences, length 21
# corresponding to MSA columns:
# 222-242
name=unknown_D
#
# <colnr> <probs for GDERKNQSTAVLIFYWHMCP>
#	G	D	E	R	K	N	Q	S	T	A	V	L	I	F	Y	W	H	M	C	P
0	0.02331	0.02643	0.06141	0.04138	0.44952	0.20326	0.02310	0.02769	0.02015	0.02519	0.01481	0.01885	0.01234	0.00775	0.00800	0.00238	0.01142	0.00677	0.00413	0.01213
1	0.06495	0.00969	0.01047	0.00986	0.01270	0.00904	0.00752	0.04369	0.02126	0.02894	0.28611	0.06577	0.36425	0.01807	0.00941	0.00270	0.00449	0.01520	0.00809	0.00780
2	0.00994	0.00840	0.00845	0.00845	0.01110	0.00707	0.00624	0.01193	0.01856	0.02210	0.08098	0.07855	0.61876	0.05866	0.01160	0.00309	0.00442	0.01723	0.00757	0.00690
3	0.01787	0.18843	0.53009	0.02162	0.03278	0.02224	0.02712	0.02600	0.01740	0.02484	0.01418	0.01662	0.01055	0.00772	0.00734	0.00245	0.01154	0.00577	0.00352	0.01193
4	0.02045	0.02153	0.05743	0.10706	0.35268	0.10014	0.02177	0.02717	0.08520	0.02620	0.01995	0.02839	0.01730	0.00965	0.00848	0.00264	0.01017	0.06720	0.00488	0.01170
5	0.01029	0.00829	0.00918	0.00927	0.01159	0.00717	0.00683	0.01273	0.01959	0.02475	0.20785	0.15338	0.44845	0.02074	0.00991	0.00283	0.00422	0.01772	0.00804	0.00717
6	0.03037	0.03834	0.02418	0.02327	0.06550	0.63333	0.01665	0.03269	0.02325	0.02076	0.01302	0.01533	0.01086	0.00849	0.00754	0.00216	0.01466	0.00548	0.00427	0.00985
7	0.02460	0.02277	0.09957	0.04311	0.06742	0.02140	0.05264	0.35359	0.06013	0.04107	0.06834	0.02723	0.05890	0.01060	0.00855	0.00258	0.00910	0.00871	0.00712	0.01257
8	0.01007	0.00779	0.00919	0.01018	0.01171	0.00691	0.00712	0.01190	0.01753	0.02227	0.08913	0.41014	0.30936	0.02351	0.01023	0.00310	0.00452	0.02065	0.00778	0.00691
9	0.02272	0.67383	0.04237	0.01463	0.02158	0.07024	0.01432	0.02536	0.01727	0.01959	0.01162	0.01342	0.01066	0.00719	0.00546	0.00180	0.00924	0.00449	0.00360	0.01060
10	0.00996	0.00842	0.00861	0.00856	0.01130	0.00707	0.00642	0.01219	0.01926	0.02321	0.12418	0.07869	0.61235	0.02075	0.00982	0.00279	0.00419	0.01736	0.00782	0.00707
11	0.00982	0.00842	0.00842	0.00842	0.01122	0.00701	0.00631	0.01192	0.01894	0.02244	0.08416	0.07995	0.65285	0.02104	0.00982	0.00281	0.00421	0.01753	0.00771	0.00701
12	0.01799	0.05211	0.26455	0.02359	0.03020	0.05472	0.12693	0.02376	0.01646	0.02339	0.01475	0.01990	0.01210	0.01536	0.08503	0.00402	0.19353	0.00727	0.00380	0.01053
13	0.01085	0.00805	0.00954	0.00989	0.01129	0.00736	0.00680	0.01279	0.01785	0.02350	0.20289	0.23536	0.22302	0.16334	0.01673	0.00399	0.00509	0.01740	0.00751	0.00674
14	0.01377	0.00762	0.00835	0.00889	0.01030	0.00748	0.00629	0.01673	0.01667	0.02732	0.03227	0.22042	0.03126	0.05726	0.00940	0.00272	0.00439	0.01245	0.49908	0.00730
15	0.00992	0.00802	0.00883	0.00947	0.01150	0.00692	0.00678	0.01180	0.01792	0.02203	0.07129	0.28881	0.45230	0.02271	0.01008	0.00300	0.00441	0.01957	0.00771	0.00692
16	0.02726	0.02127	0.02533	0.02489	0.15489	0.02303	0.01704	0.42915	0.07071	0.04418	0.02394	0.02452	0.05476	0.01022	0.00840	0.00253	0.00882	0.00821	0.00741	0.01342
17	0.01322	0.01009	0.01248	0.01185	0.01188	0.01157	0.00792	0.01368	0.01245	0.01723	0.02425	0.08762	0.02777	0.52185	0.03719	0.00685	0.14938	0.01181	0.00491	0.00598
18	0.02469	0.17085	0.02653	0.01799	0.02302	0.32115	0.01458	0.02724	0.01951	0.02159	0.01276	0.01550	0.01106	0.00845	0.00909	0.00204	0.09202	0.00530	0.00419	0.17242
19	0.01631	0.01136	0.01251	0.01124	0.01269	0.01190	0.00737	0.14590	0.01794	0.02398	0.02482	0.04689	0.02671	0.55651	0.03491	0.00685	0.00829	0.01108	0.00575	0.00701
20	0.02493	0.14042	0.02640	0.01911	0.02319	0.24597	0.01556	0.10870	0.08545	0.02584	0.01583	0.01860	0.01323	0.01281	0.04606	0.00309	0.15280	0.00648	0.00500	0.01054

[dist]
# distance from previous block
# <min> <max>
0	1

[block]
# block no. 4 follows, 22 sequences, length 10
# corresponding to MSA columns:
# 244-253
name=unknown_E
#
# <colnr> <probs for GDERKNQSTAVLIFYWHMCP>
#	G	D	E	R	K	N	Q	S	T	A	V	L	I	F	Y	W	H	M	C	P
0	0.02309	0.21148	0.07790	0.03050	0.26675	0.10585	0.02002	0.08464	0.05549	0.02700	0.01555	0.01822	0.01276	0.00796	0.00735	0.00227	0.01016	0.00637	0.00458	0.01207
1	0.02350	0.04499	0.02208	0.05556	0.05936	0.04509	0.01473	0.31665	0.02711	0.03658	0.01979	0.02368	0.01581	0.02400	0.19202	0.00544	0.01287	0.00768	0.04171	0.01134
2	0.00997	0.00783	0.00902	0.00996	0.01163	0.00688	0.00700	0.01175	0.01745	0.02184	0.06534	0.38530	0.35965	0.02349	0.01020	0.00308	0.00451	0.02052	0.00771	0.00688
3	0.01228	0.00820	0.00984	0.00984	0.01028	0.00851	0.00618	0.01317	0.01273	0.01783	0.02544	0.04825	0.02764	0.52607	0.16838	0.00869	0.01064	0.01112	0.05921	0.00571
4	0.02429	0.23297	0.08037	0.02219	0.02874	0.20541	0.14829	0.08003	0.02106	0.02465	0.01397	0.01688	0.01140	0.00820	0.00853	0.00232	0.04917	0.00639	0.00431	0.01082
5	0.01902	0.01472	0.01633	0.01470	0.01874	0.01597	0.01156	0.07455	0.34238	0.06787	0.15292	0.04524	0.10572	0.01401	0.00903	0.00281	0.00610	0.04854	0.00854	0.01126
6	0.01012	0.00723	0.00964	0.01157	0.01205	0.00675	0.00771	0.01157	0.01591	0.02121	0.04579	0.70262	0.05495	0.02603	0.01060	0.00337	0.00482	0.02362	0.00771	0.00675
7	0.01521	0.01103	0.01326	0.01336	0.01530	0.01125	0.00963	0.15773	0.02139	0.02859	0.03967	0.54088	0.04527	0.02222	0.01006	0.00317	0.00584	0.01979	0.00785	0.00850
8	0.02287	0.01684	0.01860	0.01578	0.01988	0.01825	0.01221	0.35704	0.06291	0.03873	0.02854	0.21276	0.02781	0.09260	0.01275	0.00338	0.00769	0.01255	0.00779	0.01102
9	0.02637	0.02162	0.02050	0.01687	0.02178	0.13952	0.01342	0.31254	0.03094	0.07978	0.19379	0.03118	0.03163	0.01167	0.00857	0.00247	0.00865	0.00922	0.00792	0.01156

[dist]
# distance from previous block
# <min> <max>
0	1

[block]
# block no. 5 follows, 22 sequences, length 10
# corresponding to MSA columns:
# 255-264
name=unknown_F
#
# <colnr> <probs for GDERKNQSTAVLIFYWHMCP>
#	G	D	E	R	K	N	Q	S	T	A	V	L	I	F	Y	W	H	M	C	P
0	0.01187	0.00890	0.01335	0.01335	0.01483	0.01038	0.01038	0.01483	0.01335	0.01928	0.02225	0.03264	0.02077	0.06231	0.67512	0.01335	0.02225	0.00890	0.00445	0.00742
1	0.01809	0.10195	0.06792	0.01682	0.04970	0.18122	0.01326	0.02082	0.01885	0.02172	0.03794	0.17601	0.18340	0.01537	0.00939	0.00264	0.03794	0.01241	0.00569	0.00883
2	0.01840	0.25318	0.47004	0.02071	0.03136	0.02355	0.02552	0.02586	0.01733	0.02419	0.01385	0.01622	0.01057	0.00765	0.00709	0.00236	0.01121	0.00561	0.00352	0.01177
3	0.01009	0.00736	0.00951	0.01123	0.01196	0.00678	0.00756	0.01161	0.01623	0.02134	0.04987	0.63636	0.11857	0.02550	0.01052	0.00331	0.00475	0.02297	0.00771	0.00678
4	0.02200	0.02436	0.01985	0.01801	0.02012	0.30187	0.01373	0.02391	0.01764	0.02006	0.01618	0.02461	0.01540	0.12432	0.08717	0.00459	0.18520	0.00738	0.04514	0.00845
5	0.01012	0.00723	0.00964	0.01157	0.01205	0.00675	0.00771	0.01157	0.01591	0.02121	0.04579	0.70262	0.05495	0.02603	0.01060	0.00337	0.00482	0.02362	0.00771	0.00675
6	0.01819	0.01667	0.01354	0.01257	0.01525	0.17626	0.00907	0.02003	0.01917	0.07424	0.09795	0.05117	0.22869	0.19136	0.01736	0.00394	0.00812	0.01209	0.00651	0.00783
7	0.07919	0.08957	0.56565	0.02193	0.03324	0.02023	0.02770	0.02605	0.01721	0.02672	0.01439	0.01690	0.01041	0.00782	0.00748	0.00256	0.01155	0.00588	0.00365	0.01189
8	0.02071	0.01070	0.01381	0.01275	0.01644	0.00956	0.01040	0.02372	0.02082	0.25307	0.08704	0.09923	0.20405	0.01771	0.00976	0.00300	0.00613	0.16265	0.00870	0.00976
9	0.02415	0.02472	0.02925	0.03812	0.39388	0.17833	0.02132	0.08671	0.07075	0.02852	0.01680	0.01997	0.01362	0.00823	0.00807	0.00242	0.01077	0.00707	0.00490	0.01240

[dist]
# distance from previous block
# <min> <max>
0	1

[block]
# block no. 6 follows, 22 sequences, length 22
# corresponding to MSA columns:
# 266-287
name=unknown_G
#
# <colnr> <probs for GDERKNQSTAVLIFYWHMCP>
#	G	D	E	R	K	N	Q	S	T	A	V	L	I	F	Y	W	H	M	C	P
0	0.02763	0.03340	0.02603	0.06874	0.17642	0.48038	0.01871	0.03064	0.02203	0.02199	0.01361	0.01673	0.01130	0.00827	0.00771	0.00226	0.01354	0.00596	0.00421	0.01044
1	0.01163	0.00876	0.00932	0.00899	0.01193	0.00740	0.00681	0.01398	0.01966	0.06147	0.13499	0.07518	0.56076	0.02002	0.00973	0.00277	0.00435	0.01675	0.00800	0.00751
2	0.01187	0.00890	0.01335	0.01335	0.01483	0.01038	0.01038	0.01483	0.01335	0.01928	0.02225	0.03264	0.02077	0.06231	0.67512	0.01335	0.02225	0.00890	0.00445	0.00742
3	0.02286	0.07976	0.14900	0.02021	0.02520	0.30690	0.01826	0.02658	0.01879	0.02124	0.01426	0.01845	0.01218	0.01717	0.10921	0.00409	0.11576	0.00625	0.00401	0.00981
4	0.01524	0.01141	0.01327	0.01190	0.01498	0.01123	0.00930	0.13454	0.02522	0.03397	0.36002	0.05978	0.20335	0.01690	0.00960	0.00270	0.00520	0.04398	0.00856	0.00886
5	0.01012	0.00723	0.00964	0.01157	0.01205	0.00675	0.00771	0.01157	0.01591	0.02121	0.04579	0.70262	0.05495	0.02603	0.01060	0.00337	0.00482	0.02362	0.00771	0.00675
6	0.01155	0.00783	0.00922	0.00974	0.00987	0.00770	0.00576	0.01194	0.01311	0.01749	0.03148	0.22965	0.03689	0.52363	0.03372	0.00679	0.00718	0.01520	0.00576	0.00550
7	0.01708	0.09353	0.61811	0.02296	0.03485	0.02032	0.02945	0.02620	0.01749	0.02580	0.01465	0.01722	0.01053	0.00783	0.00770	0.00257	0.01202	0.00601	0.00351	0.01216
8	0.01012	0.00723	0.00964	0.01157	0.01205	0.00675	0.00771	0.01157	0.01591	0.02121	0.04579	0.70262	0.05495	0.02603	0.01060	0.00337	0.00482	0.02362	0.00771	0.00675
9	0.01845	0.01495	0.01626	0.01517	0.01897	0.01663	0.01156	0.03530	0.45043	0.05506	0.03977	0.16562	0.07652	0.01482	0.00897	0.00292	0.00608	0.01272	0.00832	0.01149
10	0.02710	0.05615	0.02305	0.05352	0.02555	0.40614	0.01545	0.12207	0.04525	0.02565	0.01596	0.01895	0.01309	0.01596	0.09650	0.00373	0.01433	0.00636	0.00501	0.01017
11	0.01121	0.00836	0.00973	0.00945	0.01121	0.00762	0.00666	0.01358	0.01925	0.02560	0.31535	0.06600	0.25329	0.18628	0.01770	0.00400	0.00502	0.01512	0.00768	0.00689
12	0.01072	0.00775	0.01004	0.01119	0.01221	0.00721	0.00782	0.01281	0.01777	0.02389	0.17945	0.45788	0.10048	0.05462	0.01186	0.00341	0.00488	0.05116	0.00790	0.00697
13	0.01040	0.00860	0.00922	0.00954	0.01220	0.00743	0.00746	0.01278	0.01897	0.02284	0.07762	0.08219	0.55446	0.02135	0.01009	0.00297	0.00477	0.11230	0.00770	0.00712
14	0.02180	0.51104	0.17418	0.01686	0.02482	0.08644	0.01789	0.02591	0.01761	0.02106	0.01238	0.01437	0.01064	0.00740	0.00607	0.00199	0.01014	0.00488	0.00361	0.01091
15	0.34209	0.02300	0.01778	0.12768	0.02576	0.23321	0.01347	0.02582	0.01800	0.02790	0.01800	0.02045	0.05849	0.00910	0.00680	0.00248	0.00985	0.00625	0.00481	0.00909
16	0.01125	0.00852	0.01159	0.01185	0.01335	0.00908	0.00886	0.01364	0.01469	0.01993	0.03775	0.13260	0.14943	0.09470	0.41233	0.00959	0.01541	0.01277	0.00556	0.00708
17	0.02574	0.43206	0.03402	0.01498	0.02160	0.02646	0.01374	0.06660	0.10277	0.15906	0.01949	0.01923	0.01491	0.00850	0.00656	0.00213	0.00821	0.00611	0.00591	0.01193
18	0.01167	0.00976	0.01054	0.01047	0.01334	0.00923	0.00811	0.01673	0.09827	0.02400	0.06968	0.07145	0.47334	0.02295	0.05810	0.00366	0.00612	0.06713	0.00757	0.00788
19	0.01219	0.00823	0.01108	0.01108	0.01220	0.00853	0.00795	0.01278	0.01357	0.01813	0.03280	0.04304	0.14388	0.13921	0.27928	0.21194	0.01259	0.01059	0.00494	0.00596
20	0.08899	0.02300	0.13837	0.03024	0.25843	0.06241	0.02070	0.02715	0.09919	0.02810	0.02184	0.03208	0.01928	0.01059	0.00838	0.00275	0.00954	0.10223	0.00524	0.01149
21	0.07382	0.18650	0.33435	0.02019	0.02898	0.17472	0.02217	0.02746	0.01855	0.02421	0.01346	0.01574	0.01049	0.00786	0.00705	0.00233	0.01176	0.00547	0.00381	0.01108

[dist]
# distance from previous block
# <min> <max>
0	2

[block]
# block no. 7 follows, 22 sequences, length 61
# corresponding to MSA columns:
# 290-350
name=unknown_H
#
# <colnr> <probs for GDERKNQSTAVLIFYWHMCP>
#	G	D	E	R	K	N	Q	S	T	A	V	L	I	F	Y	W	H	M	C	P
0	0.05637	0.03027	0.02029	0.01936	0.05010	0.44629	0.01405	0.05240	0.02258	0.02311	0.02874	0.02953	0.15080	0.01125	0.00797	0.00233	0.01181	0.00815	0.00522	0.00938
1	0.05199	0.02132	0.11257	0.02567	0.17967	0.01903	0.01822	0.19472	0.08973	0.03426	0.02406	0.14634	0.02188	0.01205	0.00854	0.00271	0.00858	0.01032	0.00638	0.01196
2	0.13018	0.01615	0.01374	0.04416	0.01707	0.13348	0.00964	0.04567	0.01766	0.02371	0.03428	0.06872	0.16169	0.19668	0.04946	0.00454	0.00897	0.01080	0.00567	0.00771
3	0.02671	0.38104	0.03451	0.01667	0.02346	0.05466	0.01498	0.29284	0.02697	0.03412	0.01532	0.01633	0.01220	0.00843	0.00674	0.00211	0.00924	0.00582	0.00569	0.01216
4	0.07552	0.01875	0.02015	0.01622	0.02170	0.02005	0.01305	0.35937	0.08122	0.04125	0.02260	0.05901	0.01908	0.06329	0.01063	0.00288	0.00801	0.03270	0.00737	0.10714
5	0.01907	0.14493	0.32669	0.02539	0.03484	0.04736	0.20670	0.02617	0.01809	0.02481	0.01469	0.01825	0.01120	0.00780	0.00884	0.00257	0.04042	0.00699	0.00376	0.01146
6	0.01275	0.00942	0.01081	0.01111	0.01218	0.00966	0.00728	0.01718	0.11711	0.02112	0.03672	0.25649	0.07050	0.34148	0.02499	0.00544	0.00658	0.01557	0.00658	0.00701
7	0.01087	0.00786	0.00975	0.01040	0.01148	0.00731	0.00707	0.01277	0.01757	0.02356	0.20390	0.33579	0.13509	0.14858	0.01612	0.00396	0.00510	0.01847	0.00759	0.00675
8	0.01920	0.44276	0.06225	0.01540	0.02062	0.02644	0.01461	0.02214	0.01562	0.01984	0.01395	0.01833	0.01289	0.02010	0.15414	0.00457	0.09772	0.00584	0.00376	0.00983
9	0.02051	0.02218	0.02183	0.02648	0.22002	0.21376	0.01587	0.02528	0.07170	0.02430	0.03684	0.03755	0.20525	0.01216	0.00850	0.00250	0.00944	0.00998	0.00560	0.01025
10	0.01357	0.01057	0.01516	0.01970	0.15196	0.01044	0.01132	0.01554	0.01553	0.02105	0.03153	0.22787	0.03551	0.28042	0.02222	0.00501	0.00752	0.09156	0.00590	0.00761
11	0.01093	0.00824	0.00873	0.00873	0.01016	0.00752	0.00568	0.01200	0.01557	0.01933	0.05571	0.06740	0.34733	0.35814	0.02575	0.00538	0.00610	0.01486	0.00640	0.00604
12	0.01797	0.01310	0.01528	0.01405	0.01695	0.01365	0.01059	0.23023	0.02534	0.03420	0.13631	0.35608	0.04438	0.01887	0.00966	0.00294	0.00620	0.01650	0.00816	0.00953
13	0.02506	0.02800	0.02887	0.06596	0.03111	0.28774	0.16387	0.07366	0.15779	0.02723	0.01898	0.02107	0.01461	0.00885	0.00837	0.00251	0.01227	0.00759	0.00541	0.01106
14	0.01628	0.01314	0.01329	0.01276	0.01488	0.09749	0.00972	0.04375	0.01689	0.02407	0.02256	0.03046	0.01983	0.07207	0.32848	0.00778	0.01457	0.00820	0.22582	0.00795
15	0.01794	0.12782	0.49409	0.02629	0.12165	0.02114	0.02779	0.02601	0.01765	0.02554	0.01457	0.01741	0.01091	0.00772	0.00760	0.00250	0.01149	0.00609	0.00360	0.01219
16	0.01012	0.00723	0.00964	0.01157	0.01205	0.00675	0.00771	0.01157	0.01591	0.02121	0.04579	0.70262	0.05495	0.02603	0.01060	0.00337	0.00482	0.02362	0.00771	0.00675
17	0.02129	0.02228	0.05659	0.04748	0.57991	0.07477	0.02490	0.02617	0.01925	0.02654	0.01537	0.01998	0.01285	0.00752	0.00815	0.00245	0.01039	0.00718	0.00410	0.01283
18	0.01209	0.00924	0.01401	0.05195	0.01726	0.01085	0.01111	0.01520	0.01354	0.01940	0.02182	0.03204	0.02021	0.05922	0.63698	0.01275	0.02161	0.00881	0.00441	0.00752
19	0.01000	0.00842	0.00866	0.00860	0.01133	0.00709	0.00645	0.01227	0.01935	0.02344	0.13603	0.07831	0.60036	0.02067	0.00982	0.00279	0.00418	0.01730	0.00785	0.00709
20	0.03004	0.02767	0.02300	0.01896	0.02438	0.25100	0.01504	0.36929	0.03182	0.03937	0.01806	0.01914	0.01353	0.00945	0.00781	0.00232	0.01074	0.00676	0.06959	0.01202
21	0.02048	0.02307	0.08048	0.20437	0.27978	0.13895	0.02194	0.02537	0.01893	0.02460	0.01578	0.02055	0.01262	0.00808	0.00788	0.00245	0.01083	0.00694	0.06591	0.01097
22	0.01770	0.17825	0.29006	0.02434	0.14550	0.02023	0.02191	0.02389	0.01876	0.02628	0.13156	0.02539	0.02354	0.00930	0.00775	0.00241	0.00954	0.00764	0.00467	0.01127
23	0.01945	0.02382	0.09677	0.03545	0.09433	0.02077	0.52818	0.02649	0.01939	0.02663	0.01656	0.02187	0.01249	0.00711	0.00952	0.00276	0.01352	0.00931	0.00414	0.01145
24	0.00988	0.00816	0.00868	0.00910	0.01140	0.00696	0.00662	0.01184	0.01828	0.02217	0.07580	0.21563	0.52257	0.02213	0.00999	0.00293	0.00434	0.01886	0.00771	0.00696
25	0.02762	0.03221	0.02507	0.02437	0.09070	0.43237	0.01740	0.07999	0.02237	0.02367	0.01337	0.01657	0.01128	0.00966	0.01128	0.00248	0.13874	0.00610	0.00448	0.01028
26	0.02302	0.12670	0.05655	0.03273	0.26585	0.14541	0.09522	0.07714	0.02110	0.02652	0.01620	0.04604	0.01393	0.00851	0.00795	0.00239	0.01103	0.00749	0.00455	0.01167
27	0.01105	0.00813	0.00915	0.00912	0.01119	0.00711	0.00662	0.01187	0.01723	0.02112	0.09971	0.06565	0.46507	0.02271	0.01531	0.18612	0.00492	0.01489	0.00680	0.00623
28	0.01372	0.01084	0.01373	0.01320	0.01473	0.01241	0.00978	0.01909	0.11662	0.02131	0.02850	0.06700	0.05834	0.21312	0.28440	0.00846	0.07068	0.01074	0.00550	0.00783
29	0.01886	0.02128	0.13864	0.11375	0.08083	0.04420	0.01784	0.14413	0.06421	0.02988	0.02829	0.17298	0.06308	0.01337	0.00880	0.00277	0.00886	0.01141	0.00610	0.01071
30	0.01243	0.00951	0.01356	0.01326	0.01435	0.01120	0.01004	0.01475	0.01307	0.01876	0.02204	0.03544	0.02169	0.17723	0.50513	0.01157	0.07501	0.00935	0.00449	0.00712
31	0.01067	0.00831	0.00938	0.00933	0.01141	0.00735	0.00674	0.01304	0.01933	0.02492	0.24519	0.11865	0.36783	0.09497	0.01340	0.00336	0.00459	0.01664	0.00785	0.00703
32	0.02150	0.02212	0.02330	0.09589	0.24004	0.21184	0.01752	0.02528	0.01958	0.02471	0.01986	0.02385	0.04042	0.01090	0.03305	0.00273	0.01067	0.00733	0.13914	0.01026
33	0.01961	0.08631	0.21247	0.03199	0.12799	0.04660	0.30218	0.02647	0.01887	0.02577	0.01552	0.01977	0.01188	0.00737	0.00859	0.00259	0.01254	0.00784	0.00395	0.01167
34	0.02396	0.21679	0.03122	0.02463	0.13258	0.24182	0.01765	0.02666	0.01853	0.02122	0.01254	0.01619	0.01116	0.00928	0.01138	0.00243	0.16179	0.00588	0.00391	0.01040
35	0.02378	0.03236	0.18381	0.03147	0.21865	0.23738	0.05732	0.06928	0.02152	0.02636	0.01489	0.01804	0.01174	0.00806	0.00800	0.00242	0.01234	0.00656	0.00431	0.01173
36	0.08481	0.20968	0.14398	0.01708	0.02354	0.18895	0.01631	0.07723	0.02041	0.02672	0.01525	0.01742	0.01220	0.00825	0.00665	0.00217	0.01022	0.00568	0.10299	0.01047
37	0.02987	0.12817	0.02617	0.02046	0.02511	0.59027	0.01581	0.03208	0.02267	0.02023	0.01267	0.01476	0.01070	0.00837	0.00721	0.00209	0.01418	0.00523	0.00418	0.00977
38	0.01187	0.00890	0.01335	0.01335	0.01483	0.01038	0.01038	0.01483	0.01335	0.01928	0.02225	0.03264	0.02077	0.06231	0.67512	0.01335	0.02225	0.00890	0.00445	0.00742
39	0.01664	0.01261	0.01443	0.01360	0.01683	0.01289	0.01083	0.16466	0.05920	0.03130	0.08113	0.16697	0.20340	0.01881	0.00986	0.00303	0.00636	0.14026	0.00796	0.00923
40	0.02339	0.08891	0.02226	0.01842	0.04452	0.29490	0.01397	0.07686	0.05748	0.02448	0.03087	0.03157	0.15964	0.01201	0.00955	0.00246	0.06469	0.00871	0.00552	0.00979
41	0.01265	0.00887	0.01117	0.01152	0.01373	0.00814	0.00909	0.01571	0.02015	0.05611	0.22826	0.15161	0.22487	0.02049	0.01028	0.00308	0.00526	0.17305	0.00823	0.00772
42	0.01020	0.00739	0.00965	0.01128	0.01202	0.00684	0.00762	0.01185	0.01659	0.02206	0.08693	0.61958	0.09706	0.02511	0.01050	0.00329	0.00472	0.02266	0.00780	0.00684
43	0.01588	0.01445	0.01666	0.07456	0.13055	0.09369	0.01202	0.01775	0.01580	0.01995	0.02531	0.16014	0.02773	0.31330	0.02327	0.00503	0.00889	0.01215	0.00516	0.00771
44	0.02499	0.01721	0.01876	0.01561	0.02045	0.01871	0.01245	0.29174	0.16319	0.09241	0.02748	0.08239	0.02182	0.01158	0.00809	0.00254	0.00710	0.00937	0.14196	0.01215
45	0.01023	0.00727	0.00961	0.01143	0.01189	0.00682	0.00757	0.01159	0.01570	0.02093	0.04474	0.66797	0.05362	0.06249	0.01230	0.00362	0.00499	0.02300	0.00757	0.00666
46	0.01180	0.00990	0.01279	0.01303	0.01398	0.01089	0.00965	0.01349	0.01595	0.02124	0.04750	0.40238	0.19044	0.02231	0.01404	0.00329	0.15459	0.01858	0.00682	0.00732
47	0.02186	0.31698	0.11373	0.01649	0.02276	0.20659	0.01556	0.02520	0.01918	0.02115	0.02463	0.02561	0.11928	0.00997	0.00703	0.00216	0.01025	0.00713	0.00446	0.00997
48	0.01194	0.00821	0.01008	0.01017	0.01054	0.00853	0.00640	0.01269	0.01255	0.01708	0.02619	0.07982	0.02918	0.52648	0.18730	0.00906	0.01119	0.01189	0.00502	0.00567
49	0.01489	0.00781	0.00788	0.00788	0.00973	0.00772	0.00579	0.01839	0.01715	0.02942	0.03067	0.03568	0.06206	0.05785	0.00854	0.00241	0.00418	0.00866	0.65580	0.00751
50	0.01049	0.00747	0.00993	0.01176	0.01234	0.00705	0.00806	0.01207	0.01599	0.02127	0.04468	0.61984	0.05314	0.05902	0.01222	0.00364	0.00522	0.07152	0.00758	0.00674
51	0.02873	0.22086	0.02931	0.01896	0.02450	0.36612	0.01549	0.15259	0.02489	0.02666	0.01394	0.01554	0.01139	0.00845	0.00707	0.00211	0.01212	0.00554	0.00490	0.01083
52	0.01006	0.00749	0.00937	0.01088	0.01187	0.00681	0.00741	0.01164	0.01657	0.02148	0.05415	0.56694	0.18523	0.02494	0.01043	0.00325	0.00469	0.02229	0.00771	0.00681
53	0.01570	0.01345	0.01296	0.01205	0.01569	0.05374	0.00923	0.02416	0.20275	0.05711	0.06229	0.05888	0.39637	0.01684	0.00920	0.00276	0.00573	0.01391	0.00784	0.00933
54	0.02260	0.31526	0.24775	0.01924	0.02737	0.19230	0.02023	0.02748	0.01880	0.02202	0.01301	0.01517	0.01062	0.00774	0.00675	0.00216	0.01159	0.00525	0.00372	0.01094
55	0.02363	0.07584	0.05047	0.02382	0.10658	0.28042	0.01744	0.04936	0.01983	0.02273	0.01889	0.02203	0.06422	0.01082	0.01247	0.00261	0.17715	0.00714	0.00446	0.01010
56	0.01029	0.00843	0.00907	0.00891	0.01151	0.00721	0.00668	0.01283	0.02005	0.02508	0.22191	0.07561	0.51345	0.02006	0.00981	0.00276	0.00414	0.01692	0.00806	0.00721
57	0.01757	0.01762	0.01916	0.01775	0.01930	0.13751	0.01421	0.02009	0.01551	0.02018	0.01866	0.02982	0.01798	0.03357	0.28574	0.00733	0.23778	0.05742	0.00442	0.00839
58	0.02874	0.06943	0.02519	0.02459	0.16034	0.18599	0.01643	0.03193	0.02111	0.24298	0.02062	0.02151	0.01505	0.00929	0.00922	0.00244	0.06131	0.00701	0.03490	0.01191
59	0.01900	0.01739	0.01556	0.01443	0.01683	0.15626	0.01048	0.11707	0.02040	0.02514	0.06074	0.14355	0.02890	0.20675	0.10541	0.00549	0.01084	0.01150	0.00600	0.00826
60	0.01082	0.00795	0.00922	0.00974	0.01085	0.00735	0.00643	0.01218	0.01613	0.02087	0.10029	0.25670	0.21958	0.25010	0.02082	0.00470	0.00564	0.01734	0.00694	0.00635

[dist]
# distance from previous block
# <min> <max>
9	30

[block]
# block no. 8 follows, 22 sequences, length 13
# corresponding to MSA columns:
# 381-393
name=unknown_I
#
# <colnr> <probs for GDERKNQSTAVLIFYWHMCP>
#	G	D	E	R	K	N	Q	S	T	A	V	L	I	F	Y	W	H	M	C	P
0	0.01415	0.11817	0.01786	0.01359	0.01591	0.04771	0.01080	0.01676	0.01487	0.01971	0.02422	0.14545	0.02465	0.04473	0.42200	0.00926	0.01679	0.01060	0.00487	0.00791
1	0.01487	0.01122	0.01295	0.01198	0.01473	0.01135	0.00905	0.07770	0.12371	0.03001	0.24899	0.09278	0.18896	0.01819	0.01199	0.08604	0.00535	0.01363	0.00792	0.00859
2	0.02766	0.10589	0.14185	0.02048	0.02711	0.32282	0.01844	0.18417	0.02576	0.02957	0.01491	0.01655	0.01155	0.00865	0.00755	0.00228	0.01236	0.00595	0.00510	0.01137
3	0.01869	0.12980	0.31820	0.02708	0.03700	0.02195	0.27797	0.02623	0.01831	0.02547	0.01523	0.01898	0.01142	0.00741	0.00833	0.00258	0.01252	0.00743	0.00381	0.01160
4	0.01091	0.00768	0.00991	0.01116	0.01180	0.00731	0.00753	0.01248	0.01616	0.02172	0.10846	0.46111	0.05201	0.16485	0.01707	0.00428	0.00556	0.05611	0.00732	0.00657
5	0.01433	0.00919	0.01114	0.01024	0.01310	0.00809	0.00782	0.01746	0.02181	0.11060	0.35612	0.06448	0.28903	0.01766	0.00962	0.00268	0.00444	0.01511	0.00875	0.00834
6	0.01082	0.00836	0.00929	0.00911	0.01111	0.00745	0.00647	0.01299	0.01879	0.02414	0.22860	0.06977	0.36681	0.16096	0.01648	0.00383	0.00492	0.01572	0.00756	0.00683
7	0.01113	0.00891	0.01200	0.01151	0.01369	0.00802	0.04248	0.01396	0.01972	0.02610	0.26642	0.24277	0.25194	0.02022	0.01003	0.00290	0.00483	0.01791	0.00801	0.00746
8	0.07182	0.01845	0.03039	0.17983	0.48760	0.01940	0.02384	0.02454	0.01811	0.02663	0.01516	0.02039	0.01244	0.00761	0.00803	0.00254	0.00988	0.00719	0.00410	0.01206
9	0.01951	0.01816	0.02994	0.28065	0.39699	0.01967	0.02398	0.06348	0.01940	0.02664	0.01560	0.02110	0.01246	0.00790	0.00826	0.00258	0.01026	0.00740	0.00423	0.01179
10	0.06365	0.18280	0.13675	0.01626	0.02254	0.02225	0.01544	0.22384	0.02326	0.03195	0.01794	0.02470	0.01571	0.15213	0.01435	0.00350	0.00925	0.00732	0.00552	0.01085
11	0.01580	0.01149	0.01314	0.01178	0.01532	0.01078	0.00899	0.05531	0.07391	0.07114	0.04635	0.08913	0.23360	0.10687	0.05019	0.00388	0.00694	0.04603	0.00705	0.12232
12	0.01647	0.01201	0.01541	0.01337	0.01674	0.01204	0.01035	0.10054	0.01736	0.02482	0.01845	0.02550	0.01643	0.03412	0.28318	0.16174	0.01331	0.00736	0.00493	0.19588

[dist]
# distance from previous block
# <min> <max>
0	2

[block]
# block no. 9 follows, 22 sequences, length 8
# corresponding to MSA columns:
# 396-403
name=unknown_J
#
# <colnr> <probs for GDERKNQSTAVLIFYWHMCP>
#	G	D	E	R	K	N	Q	S	T	A	V	L	I	F	Y	W	H	M	C	P
0	0.08834	0.01390	0.01531	0.01315	0.01727	0.01422	0.01037	0.17567	0.05478	0.10421	0.16428	0.09954	0.16552	0.01496	0.00884	0.00269	0.00609	0.01239	0.00824	0.01023
1	0.10937	0.13337	0.02130	0.06126	0.09919	0.07646	0.01292	0.02313	0.01780	0.07015	0.02281	0.14253	0.02134	0.01150	0.00730	0.00243	0.00765	0.00939	0.14049	0.00960
2	0.02172	0.08173	0.12557	0.16118	0.18969	0.07546	0.02116	0.02922	0.09691	0.08987	0.01878	0.02142	0.01419	0.00851	0.00792	0.00252	0.01014	0.00713	0.00507	0.01182
3	0.02000	0.09495	0.07692	0.01406	0.01873	0.12520	0.01230	0.02358	0.01991	0.09980	0.11483	0.03578	0.11688	0.01529	0.05405	0.00308	0.00886	0.00930	0.09997	0.03652
4	0.07098	0.02278	0.11126	0.09849	0.13571	0.07600	0.02013	0.02342	0.01625	0.02403	0.01321	0.01826	0.01123	0.01005	0.01433	0.00280	0.24660	0.00660	0.00397	0.07389
5	0.15238	0.01895	0.02150	0.06534	0.02397	0.12878	0.07615	0.02208	0.01619	0.02389	0.01745	0.08253	0.01651	0.02076	0.13219	0.00477	0.15459	0.00850	0.00459	0.00887
6	0.10595	0.09960	0.15147	0.07114	0.16376	0.06222	0.01927	0.06687	0.01958	0.07247	0.01686	0.01957	0.01291	0.00822	0.00725	0.00240	0.00947	0.00647	0.07314	0.01138
7	0.02192	0.02383	0.07360	0.08759	0.18117	0.10962	0.17510	0.11037	0.02181	0.02842	0.01658	0.02111	0.01309	0.01243	0.06320	0.00344	0.01280	0.00778	0.00470	0.01145

[dist]
# distance from previous block
# <min> <max>
5	126

[block]
# block no. 10 follows, 22 sequences, length 8
# corresponding to MSA columns:
# 530-537
name=unknown_K
#
# <colnr> <probs for GDERKNQSTAVLIFYWHMCP>
#	G	D	E	R	K	N	Q	S	T	A	V	L	I	F	Y	W	H	M	C	P
0	0.06741	0.02227	0.09522	0.03471	0.34293	0.02062	0.02138	0.19200	0.02364	0.03397	0.01644	0.01990	0.01297	0.00935	0.00934	0.04336	0.00957	0.00711	0.00525	0.01257
1	0.07137	0.10696	0.43705	0.02303	0.07889	0.02034	0.02512	0.02764	0.04623	0.06533	0.01632	0.01831	0.01192	0.00806	0.00751	0.00253	0.01075	0.00623	0.00431	0.01210
2	0.02035	0.06092	0.02421	0.02871	0.26721	0.10607	0.01662	0.02351	0.01807	0.07206	0.02128	0.09291	0.02017	0.09040	0.09712	0.00446	0.01118	0.00931	0.00508	0.01037
3	0.01743	0.02073	0.10442	0.06253	0.02205	0.14764	0.01393	0.06646	0.01969	0.02399	0.03436	0.24859	0.10859	0.05817	0.01108	0.00312	0.00881	0.01362	0.00604	0.00877
4	0.02010	0.01691	0.02212	0.01970	0.06002	0.01805	0.09091	0.15154	0.22823	0.03250	0.03069	0.08515	0.06235	0.10753	0.01347	0.00349	0.00817	0.01090	0.00705	0.01112
5	0.01908	0.01626	0.05572	0.01428	0.01880	0.04919	0.01193	0.08829	0.11187	0.09275	0.13230	0.04078	0.14207	0.01951	0.09395	0.00391	0.00884	0.01064	0.00730	0.06253
6	0.02060	0.33703	0.27805	0.02203	0.09040	0.07545	0.02176	0.02612	0.01784	0.02294	0.01333	0.01578	0.01086	0.00755	0.00676	0.00220	0.01074	0.00545	0.00365	0.01145
7	0.01927	0.06466	0.20884	0.07992	0.10024	0.06787	0.17467	0.05947	0.01991	0.02637	0.02230	0.02538	0.07550	0.00908	0.00849	0.00259	0.01140	0.00836	0.00452	0.01116

[dist]
# distance from previous block
# <min> <max>
0	17

[block]
# block no. 11 follows, 22 sequences, length 18
# corresponding to MSA columns:
# 555-572
name=unknown_L
#
# <colnr> <probs for GDERKNQSTAVLIFYWHMCP>
#	G	D	E	R	K	N	Q	S	T	A	V	L	I	F	Y	W	H	M	C	P
0	0.01634	0.08011	0.01796	0.05060	0.01829	0.01418	0.01165	0.01928	0.01692	0.08467	0.11844	0.12444	0.03131	0.02768	0.19180	0.00565	0.10147	0.01099	0.04953	0.00870
1	0.02098	0.01529	0.01799	0.01551	0.01930	0.01695	0.01234	0.29794	0.02571	0.03539	0.02396	0.09816	0.02138	0.03141	0.25990	0.00665	0.01334	0.00975	0.04760	0.01046
2	0.02084	0.29696	0.08836	0.05729	0.06804	0.11541	0.01606	0.02451	0.01802	0.02240	0.01507	0.05511	0.01369	0.00838	0.00670	0.00200	0.00951	0.00629	0.00419	0.15119
3	0.02623	0.21105	0.14288	0.01998	0.02641	0.39511	0.01819	0.02985	0.02078	0.02120	0.01288	0.01502	0.01066	0.00807	0.00701	0.00214	0.01295	0.00526	0.00396	0.01036
4	0.01929	0.28855	0.02579	0.01322	0.01752	0.02108	0.01114	0.12476	0.01926	0.02452	0.02288	0.03179	0.06107	0.19989	0.08208	0.00478	0.00971	0.00833	0.00515	0.00920
5	0.01290	0.00999	0.01121	0.01068	0.01282	0.00992	0.00763	0.01872	0.12690	0.02620	0.23223	0.05921	0.20415	0.20030	0.01818	0.00414	0.00555	0.01391	0.00757	0.00781
6	0.01625	0.02373	0.23269	0.02001	0.08617	0.01594	0.01821	0.02648	0.17096	0.02748	0.03794	0.03764	0.18461	0.01205	0.00847	0.00263	0.00815	0.01001	0.00598	0.05460
7	0.02684	0.02750	0.02137	0.01841	0.02314	0.30265	0.01412	0.17845	0.13354	0.03071	0.01956	0.02269	0.01595	0.07261	0.01093	0.00283	0.01094	0.00716	0.00610	0.05450
8	0.05273	0.01862	0.17950	0.01535	0.02058	0.01286	0.06924	0.02128	0.01681	0.02776	0.02150	0.02620	0.01708	0.01766	0.11820	0.00412	0.01011	0.00755	0.33364	0.00922
9	0.02106	0.01612	0.01927	0.06138	0.07873	0.01737	0.01334	0.25247	0.06705	0.03359	0.02881	0.03790	0.08272	0.15905	0.01661	0.03028	0.00830	0.03888	0.00670	0.01035
10	0.02365	0.38868	0.03449	0.01883	0.07944	0.02748	0.01530	0.19201	0.02289	0.02934	0.01531	0.01773	0.01285	0.01338	0.07254	0.00318	0.01036	0.00600	0.00502	0.01153
11	0.02012	0.01589	0.01900	0.02015	0.12897	0.04083	0.01330	0.14417	0.08584	0.07395	0.16781	0.04315	0.16507	0.01345	0.00892	0.00260	0.00696	0.01136	0.00761	0.01085
