[name]
unknown

[dist]
# distance from previous block
# <min> <max>
0	8

[block]
# block no. 0 follows, 22 sequences, length 14
# corresponding to MSA columns:
# 8-21
name=unknown_A
#
# <colnr> <probs for GDERKNQSTAVLIFYWHMCP>
#	G	D	E	R	K	N	Q	S	T	A	V	L	I	F	Y	W	H	M	C	P
0	0.01706	0.11640	0.04745	0.01784	0.05436	0.01676	0.01483	0.02605	0.17785	0.02680	0.03389	0.05878	0.03321	0.01618	0.00948	0.00314	0.00787	0.30518	0.00689	0.00999
1	0.02239	0.06522	0.14785	0.02955	0.21978	0.17445	0.02099	0.03146	0.15436	0.02663	0.01856	0.02055	0.01459	0.00859	0.00789	0.00246	0.01076	0.00695	0.00495	0.01203
2	0.01914	0.02705	0.18945	0.02686	0.06651	0.08485	0.25282	0.02745	0.08667	0.02636	0.02501	0.02752	0.08262	0.00938	0.00887	0.00268	0.01159	0.00912	0.00487	0.01117
3	0.01767	0.01802	0.08201	0.02461	0.16862	0.01590	0.04826	0.06148	0.13592	0.02839	0.02735	0.20598	0.02642	0.01320	0.00875	0.00268	0.00790	0.01191	0.00619	0.08874
4	0.01888	0.09289	0.16369	0.01628	0.02190	0.12784	0.01554	0.02515	0.07190	0.05340	0.23747	0.03601	0.06155	0.01195	0.00836	0.00248	0.00853	0.00970	0.00643	0.01008
5	0.01765	0.01395	0.02156	0.01743	0.02157	0.01434	0.14330	0.11049	0.01976	0.02913	0.02161	0.02739	0.01775	0.02659	0.23104	0.00599	0.01311	0.00841	0.19482	0.04410
6	0.01668	0.01219	0.01522	0.01382	0.01623	0.01360	0.01053	0.16276	0.01930	0.02660	0.02254	0.03427	0.02120	0.18944	0.37674	0.00958	0.01601	0.00925	0.00551	0.00853
7	0.01796	0.03182	0.36935	0.03007	0.18734	0.02074	0.02669	0.02474	0.01684	0.02515	0.01422	0.01843	0.01126	0.00921	0.01217	0.00281	0.15902	0.00670	0.00369	0.01181
8	0.01032	0.00829	0.00972	0.01010	0.01217	0.00769	0.00747	0.01248	0.01713	0.02152	0.06325	0.19155	0.39901	0.03095	0.15401	0.00520	0.00823	0.01685	0.00701	0.00705
9	0.01075	0.00792	0.01006	0.01064	0.01208	0.00724	0.00756	0.01331	0.01949	0.02638	0.30120	0.34719	0.15240	0.02157	0.01016	0.00298	0.00436	0.01918	0.00830	0.00724
10	0.01276	0.01020	0.01167	0.01153	0.01398	0.01013	0.00853	0.01983	0.15419	0.02776	0.21791	0.20880	0.22308	0.01898	0.00970	0.00289	0.00478	0.01650	0.00826	0.00850
11	0.02211	0.15431	0.02689	0.02364	0.16288	0.04484	0.01579	0.19314	0.05268	0.03157	0.02332	0.16692	0.02247	0.01232	0.00818	0.00254	0.00841	0.01037	0.00617	0.01143
12	0.01682	0.01482	0.01502	0.01382	0.01747	0.04921	0.01060	0.03009	0.33366	0.03089	0.17794	0.04799	0.17857	0.01458	0.00900	0.00273	0.00590	0.01225	0.00822	0.01042
13	0.01734	0.02247	0.16614	0.03499	0.34922	0.01695	0.05449	0.02279	0.01866	0.02591	0.03037	0.03286	0.15105	0.01044	0.00858	0.00259	0.00939	0.00945	0.00477	0.01153

[dist]
# distance from previous block
# <min> <max>
0	1

[block]
# block no. 1 follows, 22 sequences, length 75
# corresponding to MSA columns:
# 23-97
name=unknown_B
#
# <colnr> <probs for GDERKNQSTAVLIFYWHMCP>
#	G	D	E	R	K	N	Q	S	T	A	V	L	I	F	Y	W	H	M	C	P
0	0.02520	0.01980	0.02381	0.15184	0.05697	0.02123	0.01649	0.36582	0.02956	0.04026	0.01774	0.01988	0.01313	0.00880	0.00789	0.00230	0.00898	0.00696	0.00657	0.15677
1	0.06538	0.18667	0.20894	0.02145	0.02936	0.02444	0.11332	0.14153	0.02123	0.02991	0.01485	0.01760	0.01152	0.00855	0.00922	0.00252	0.07067	0.00657	0.00466	0.01162
2	0.02526	0.07143	0.02750	0.12985	0.17747	0.22226	0.01903	0.14427	0.05304	0.02886	0.01606	0.01899	0.01268	0.00855	0.00785	0.00239	0.01126	0.00668	0.00508	0.01149
3	0.01052	0.00817	0.00941	0.00963	0.01158	0.00724	0.00693	0.01285	0.01913	0.02469	0.22289	0.20051	0.34287	0.06126	0.01188	0.00318	0.00448	0.01779	0.00793	0.00706
4	0.01953	0.02135	0.04303	0.03544	0.13445	0.02150	0.43992	0.02542	0.01844	0.02567	0.01572	0.02147	0.01243	0.00823	0.01225	0.00288	0.11795	0.00904	0.00410	0.01118
5	0.02025	0.01980	0.03194	0.14785	0.53760	0.04695	0.02473	0.02516	0.01875	0.02594	0.01538	0.02057	0.01274	0.00759	0.00821	0.00250	0.01027	0.00731	0.00405	0.01241
6	0.01363	0.01150	0.01674	0.01572	0.01679	0.01460	0.01257	0.01628	0.01318	0.01948	0.01907	0.02859	0.01801	0.04893	0.49367	0.01063	0.21007	0.00844	0.00422	0.00789
7	0.01102	0.00828	0.01021	0.01011	0.01206	0.00746	0.00744	0.01411	0.02120	0.02873	0.41670	0.16516	0.21829	0.01939	0.00993	0.00278	0.00413	0.01697	0.00857	0.00746
8	0.02391	0.09743	0.14499	0.01639	0.02293	0.14250	0.01548	0.02799	0.02061	0.18166	0.05525	0.03067	0.11486	0.01081	0.00792	0.00236	0.00916	0.00839	0.00631	0.06037
9	0.11019	0.26830	0.28862	0.01792	0.02603	0.02345	0.02007	0.02424	0.01650	0.02460	0.01514	0.06086	0.01334	0.00919	0.00798	0.00244	0.04979	0.00657	0.00401	0.01076
10	0.01549	0.00774	0.00774	0.00774	0.00968	0.00774	0.00581	0.01936	0.01742	0.03097	0.02710	0.03097	0.02129	0.00968	0.00581	0.00194	0.00387	0.00774	0.75416	0.00774
11	0.01114	0.00863	0.01210	0.11568	0.01923	0.00874	0.01029	0.01342	0.01647	0.02153	0.04428	0.50738	0.10036	0.02268	0.01023	0.00326	0.00589	0.05439	0.00709	0.00721
12	0.01755	0.03461	0.44451	0.02752	0.12874	0.02055	0.02748	0.02497	0.01682	0.02522	0.01425	0.01813	0.01100	0.00910	0.01168	0.00280	0.14309	0.00655	0.00363	0.01180
13	0.02185	0.02317	0.02936	0.19039	0.37355	0.17026	0.02276	0.02628	0.01945	0.02422	0.01479	0.01964	0.01211	0.00788	0.00807	0.00246	0.01132	0.00693	0.00405	0.01144
14	0.01260	0.00901	0.01244	0.01410	0.01574	0.00885	0.01174	0.01597	0.01894	0.02500	0.10472	0.20794	0.05222	0.02295	0.01114	0.00362	0.00673	0.43100	0.00781	0.00749
15	0.01971	0.01884	0.03171	0.04761	0.60507	0.01873	0.02397	0.02442	0.01892	0.02677	0.02106	0.02527	0.06389	0.00848	0.00835	0.00249	0.00942	0.00821	0.00440	0.01267
16	0.01511	0.01679	0.11403	0.01521	0.01961	0.01369	0.01383	0.02544	0.21287	0.02795	0.08358	0.11853	0.14201	0.01657	0.00950	0.00303	0.00691	0.12808	0.00738	0.00989
17	0.65183	0.01663	0.01552	0.01709	0.11464	0.01881	0.01154	0.02459	0.01487	0.03571	0.01219	0.01458	0.00964	0.00766	0.00562	0.00255	0.00696	0.00495	0.00498	0.00964
18	0.02425	0.03228	0.14642	0.02429	0.12230	0.34470	0.01875	0.02854	0.02073	0.02417	0.01586	0.01880	0.01268	0.00843	0.00742	0.00225	0.01196	0.00619	0.11957	0.01039
19	0.01166	0.00849	0.01097	0.01035	0.01235	0.00780	0.00776	0.01549	0.02329	0.03277	0.62366	0.06294	0.10690	0.01718	0.00980	0.00262	0.00393	0.01515	0.00907	0.00780
20	0.01981	0.02422	0.15550	0.04572	0.53657	0.01965	0.02650	0.02565	0.01865	0.02698	0.01549	0.01998	0.01265	0.00750	0.00816	0.00250	0.01033	0.00716	0.00400	0.01299
21	0.00982	0.00842	0.00842	0.00842	0.01122	0.00701	0.00631	0.01192	0.01894	0.02244	0.08416	0.07995	0.65285	0.02104	0.00982	0.00281	0.00421	0.01753	0.00771	0.00701
22	0.01128	0.00890	0.01022	0.00982	0.01229	0.00806	0.00738	0.01528	0.05049	0.02836	0.36050	0.06886	0.34126	0.01859	0.00974	0.00271	0.00418	0.01592	0.00845	0.00771
23	0.51368	0.01540	0.01466	0.01226	0.01785	0.01641	0.01011	0.02999	0.01748	0.25398	0.01892	0.01862	0.01301	0.00860	0.00626	0.00257	0.00665	0.00584	0.00692	0.01078
24	0.01648	0.01558	0.02636	0.58395	0.15512	0.01867	0.02347	0.02192	0.01699	0.02219	0.01491	0.02189	0.01141	0.00816	0.00829	0.00272	0.01088	0.00739	0.00376	0.00987
25	0.02216	0.13191	0.04237	0.02869	0.03578	0.14910	0.39117	0.02736	0.01969	0.02406	0.01501	0.01942	0.01187	0.00760	0.00933	0.00255	0.03908	0.00802	0.00410	0.01074
26	0.01482	0.01324	0.01901	0.01731	0.01810	0.01743	0.01403	0.01725	0.01306	0.01962	0.01694	0.02587	0.01615	0.03996	0.37208	0.00881	0.33592	0.00814	0.00407	0.00820
27	0.26615	0.01474	0.01706	0.01357	0.01959	0.01423	0.01120	0.03544	0.02075	0.46596	0.02612	0.02364	0.01693	0.00948	0.00735	0.00257	0.00687	0.00714	0.00867	0.01252
28	0.00982	0.00842	0.00842	0.00842	0.01122	0.00701	0.00631	0.01192	0.01894	0.02244	0.08416	0.07995	0.65285	0.02104	0.00982	0.00281	0.00421	0.01753	0.00771	0.00701
29	0.02296	0.01622	0.01848	0.01561	0.02068	0.01676	0.01271	0.19548	0.16378	0.10926	0.06316	0.04027	0.06763	0.01289	0.00875	0.00266	0.00717	0.09844	0.00808	0.09900
30	0.01978	0.01789	0.02972	0.04433	0.55666	0.01789	0.02246	0.02455	0.01869	0.02773	0.01739	0.02216	0.01441	0.00775	0.00785	0.00239	0.00895	0.00745	0.11961	0.01232
31	0.03727	0.01414	0.01928	0.01478	0.02121	0.01221	0.01221	0.04049	0.02378	0.66198	0.03277	0.02828	0.02056	0.01028	0.00835	0.00257	0.00707	0.00835	0.01028	0.01414
32	0.01187	0.00797	0.00912	0.00933	0.00938	0.00791	0.00532	0.01203	0.01249	0.01666	0.02828	0.12405	0.03286	0.63473	0.03888	0.00755	0.00771	0.01332	0.00532	0.00522
33	0.02644	0.02169	0.02197	0.01822	0.02381	0.06142	0.01457	0.32027	0.31981	0.04224	0.02602	0.02482	0.01918	0.01050	0.00833	0.00262	0.00828	0.00825	0.00814	0.01341
34	0.01062	0.00789	0.00990	0.01058	0.01201	0.00717	0.00748	0.01303	0.01907	0.02556	0.25893	0.36513	0.17816	0.02200	0.01018	0.00301	0.00440	0.01953	0.00820	0.00717
35	0.01012	0.00723	0.00964	0.01157	0.01205	0.00675	0.00771	0.01157	0.01591	0.02121	0.04579	0.70262	0.05495	0.02603	0.01060	0.00337	0.00482	0.02362	0.00771	0.00675
36	0.01666	0.04297	0.66500	0.02368	0.03596	0.01929	0.03069	0.02631	0.01754	0.02631	0.01491	0.01754	0.01052	0.00789	0.00789	0.00263	0.01228	0.00614	0.00351	0.01228
37	0.01571	0.00992	0.01401	0.11580	0.02053	0.00979	0.01081	0.01900	0.02010	0.12277	0.26991	0.25179	0.05192	0.01747	0.00960	0.00287	0.00578	0.01553	0.00803	0.00866
38	0.01062	0.00759	0.01022	0.01214	0.01284	0.00718	0.00859	0.01244	0.01640	0.02177	0.04551	0.60886	0.05385	0.02555	0.01074	0.00344	0.00526	0.11242	0.00770	0.00689
39	0.01981	0.01897	0.03236	0.14909	0.56399	0.01954	0.02512	0.02484	0.01856	0.02623	0.01549	0.02081	0.01284	0.00754	0.00824	0.00251	0.01005	0.00740	0.00405	0.01255
40	0.01935	0.02629	0.20609	0.13311	0.23048	0.05799	0.02365	0.02911	0.13849	0.02707	0.01864	0.02164	0.01431	0.00849	0.00814	0.00261	0.01039	0.00731	0.00473	0.01210
41	0.01923	0.03050	0.30064	0.03698	0.31787	0.04410	0.07976	0.02622	0.01857	0.02649	0.01532	0.01924	0.01191	0.00762	0.00820	0.00255	0.01144	0.00700	0.00387	0.01249
42	0.07009	0.01721	0.01559	0.01402	0.01736	0.13985	0.01051	0.02701	0.12598	0.10734	0.20770	0.03909	0.03710	0.11935	0.01364	0.00339	0.00770	0.01022	0.00733	0.00952
43	0.02015	0.02374	0.15263	0.03068	0.21484	0.01901	0.11449	0.09667	0.06203	0.03021	0.01894	0.02478	0.01542	0.00876	0.00838	0.00251	0.01010	0.04214	0.00509	0.09944
44	0.02107	0.11345	0.11949	0.02809	0.12575	0.12189	0.13860	0.02558	0.01782	0.02322	0.01369	0.01819	0.01147	0.00924	0.01258	0.00270	0.17546	0.00698	0.00389	0.01083
45	0.01108	0.00798	0.01008	0.01139	0.01234	0.00756	0.00809	0.01278	0.01615	0.02107	0.04647	0.38488	0.12366	0.15629	0.01678	0.00429	0.00590	0.12941	0.00718	0.00662
46	0.02561	0.16685	0.12298	0.02491	0.12344	0.35406	0.01930	0.02939	0.02067	0.02210	0.01332	0.01590	0.01105	0.00800	0.00725	0.00219	0.01262	0.00561	0.00400	0.01076
47	0.01542	0.01413	0.02017	0.01812	0.01877	0.01887	0.01478	0.01774	0.01300	0.01968	0.01586	0.02448	0.01521	0.03538	0.30993	0.00787	0.40026	0.00798	0.00399	0.00836
48	0.02005	0.01745	0.01648	0.01447	0.01802	0.10847	0.01106	0.18782	0.05418	0.02960	0.03573	0.04078	0.16493	0.12755	0.11152	0.00498	0.01046	0.01051	0.00654	0.00942
49	0.00982	0.00842	0.00842	0.00842	0.01122	0.00701	0.00631	0.01192	0.01894	0.02244	0.08416	0.07995	0.65285	0.02104	0.00982	0.00281	0.00421	0.01753	0.00771	0.00701
50	0.01843	0.02171	0.12643	0.16805	0.33407	0.01891	0.06386	0.02525	0.05463	0.02596	0.01799	0.05501	0.01510	0.00878	0.00843	0.00264	0.01030	0.00829	0.00438	0.01180
51	0.01188	0.00886	0.01315	0.01315	0.01457	0.01028	0.01014	0.01471	0.01329	0.01914	0.02243	0.03365	0.02121	0.09230	0.64573	0.01311	0.02159	0.00905	0.00448	0.00731
52	0.02447	0.03004	0.06999	0.13248	0.19397	0.32977	0.05080	0.02858	0.02070	0.02292	0.01419	0.01805	0.01147	0.00810	0.00795	0.00239	0.01284	0.00646	0.00409	0.01073
53	0.03103	0.03959	0.02354	0.02140	0.02568	0.67469	0.01605	0.03317	0.02354	0.02033	0.01284	0.01498	0.01070	0.00856	0.00749	0.00214	0.01498	0.00535	0.00428	0.00963
54	0.01012	0.00723	0.00964	0.01157	0.01205	0.00675	0.00771	0.01157	0.01591	0.02121	0.04579	0.70262	0.05495	0.02603	0.01060	0.00337	0.00482	0.02362	0.00771	0.00675
55	0.01853	0.02661	0.24760	0.06897	0.22739	0.01924	0.02343	0.02952	0.16891	0.02817	0.02238	0.02443	0.03983	0.00909	0.00823	0.00264	0.00976	0.00784	0.00507	0.01238
56	0.03271	0.12126	0.02229	0.01431	0.02045	0.01501	0.01213	0.03590	0.02269	0.50776	0.08395	0.02894	0.02412	0.01038	0.00802	0.00245	0.00707	0.00834	0.00915	0.01305
57	0.02014	0.01770	0.02060	0.02176	0.11884	0.01989	0.01473	0.03978	0.51649	0.03301	0.03335	0.03166	0.05262	0.01113	0.00848	0.00276	0.00697	0.00946	0.00775	0.01287
58	0.68252	0.01615	0.01319	0.03779	0.01808	0.01878	0.00985	0.02575	0.06038	0.03646	0.01333	0.01512	0.01028	0.00800	0.00551	0.00260	0.00662	0.00497	0.00533	0.00931
59	0.02160	0.01616	0.01866	0.01390	0.02062	0.01424	0.01122	0.15971	0.02316	0.08216	0.06638	0.02214	0.01844	0.00817	0.00709	0.00173	0.00673	0.00654	0.00643	0.47492
60	0.02257	0.68522	0.04271	0.01451	0.02150	0.05939	0.01429	0.02522	0.01716	0.01958	0.01160	0.01339	0.01066	0.00717	0.00542	0.00179	0.00914	0.00448	0.00358	0.01062
61	0.01569	0.01477	0.02492	0.68808	0.05722	0.01846	0.02307	0.02123	0.01661	0.02123	0.01477	0.02215	0.01107	0.00831	0.00831	0.00277	0.01107	0.00738	0.00369	0.00923
62	0.01569	0.01477	0.02492	0.68808	0.05722	0.01846	0.02307	0.02123	0.01661	0.02123	0.01477	0.02215	0.01107	0.00831	0.00831	0.00277	0.01107	0.00738	0.00369	0.00923
63	0.01957	0.01943	0.03521	0.15358	0.43865	0.01977	0.14095	0.02500	0.01867	0.02606	0.01571	0.02118	0.01271	0.00747	0.00854	0.00258	0.01087	0.00786	0.00406	0.01213
64	0.01685	0.01165	0.01234	0.01186	0.01474	0.05266	0.00881	0.04315	0.01985	0.13130	0.05511	0.27586	0.27448	0.01964	0.00962	0.00290	0.00581	0.01683	0.00795	0.00859
65	0.01012	0.00723	0.00964	0.01157	0.01205	0.00675	0.00771	0.01157	0.01591	0.02121	0.04579	0.70262	0.05495	0.02603	0.01060	0.00337	0.00482	0.02362	0.00771	0.00675
66	0.01666	0.04297	0.66500	0.02368	0.03596	0.01929	0.03069	0.02631	0.01754	0.02631	0.01491	0.01754	0.01052	0.00789	0.00789	0.00263	0.01228	0.00614	0.00351	0.01228
67	0.01036	0.00844	0.00916	0.00898	0.01155	0.00724	0.00674	0.01297	0.02021	0.02547	0.24234	0.07496	0.49278	0.01991	0.00981	0.00275	0.00413	0.01683	0.00811	0.00724
68	0.02835	0.03400	0.02337	0.02084	0.02445	0.50601	0.01593	0.06964	0.02246	0.02223	0.01353	0.01733	0.01171	0.03664	0.01194	0.00262	0.11876	0.00605	0.00448	0.00967
69	0.00982	0.00842	0.00842	0.00842	0.01122	0.00701	0.00631	0.01192	0.01894	0.02244	0.08416	0.07995	0.65285	0.02104	0.00982	0.00281	0.00421	0.01753	0.00771	0.00701
70	0.01561	0.01135	0.01428	0.01328	0.01533	0.01253	0.00993	0.13232	0.01816	0.02500	0.02433	0.07982	0.02408	0.20978	0.34583	0.00929	0.01505	0.01039	0.00555	0.00808
71	0.01057	0.00770	0.00996	0.01096	0.01208	0.00709	0.00762	0.01280	0.01840	0.02486	0.22639	0.46019	0.11475	0.02294	0.01030	0.00310	0.00450	0.02057	0.00813	0.00709
72	0.02615	0.02012	0.02427	0.02410	0.14518	0.02167	0.01642	0.41728	0.03161	0.04270	0.02309	0.12518	0.02023	0.01195	0.00865	0.00262	0.00862	0.00995	0.00741	0.01280
73	0.01352	0.01056	0.01489	0.01904	0.13629	0.01040	0.01100	0.04341	0.01684	0.02283	0.03497	0.41394	0.04019	0.15325	0.01615	0.00406	0.00662	0.01751	0.00653	0.00800
74	0.01789	0.01860	0.07066	0.17616	0.36721	0.01766	0.04525	0.02318	0.01908	0.02677	0.11341	0.02715	0.02257	0.00908	0.00852	0.00258	0.00952	0.00858	0.00476	0.01138

[dist]
# distance from previous block
# <min> <max>
0	1

# created by:
# /home/cegg/simao/soft/augustus-3.2.1/scripts/msa2prfl.pl ./align_prep/15142.fa
