[name]
unknown

[dist]
# distance from previous block
# <min> <max>
0	2

[block]
# block no. 0 follows, 23 sequences, length 69
# corresponding to MSA columns:
# 2-70
name=unknown_A
#
# <colnr> <probs for GDERKNQSTAVLIFYWHMCP>
#	G	D	E	R	K	N	Q	S	T	A	V	L	I	F	Y	W	H	M	C	P
0	0.01483	0.01550	0.10313	0.02264	0.14219	0.01247	0.01753	0.01951	0.01844	0.02489	0.03399	0.06823	0.03551	0.01761	0.01015	0.00333	0.00847	0.41623	0.00629	0.00909
1	0.01716	0.03443	0.46409	0.07084	0.16031	0.01899	0.07008	0.02525	0.01748	0.02557	0.01482	0.01832	0.01096	0.00758	0.00793	0.00256	0.01157	0.00656	0.00360	0.01190
2	0.05493	0.00980	0.01399	0.14625	0.02170	0.01107	0.01160	0.01500	0.01479	0.02106	0.02950	0.32784	0.03221	0.03026	0.19275	0.00579	0.03395	0.01446	0.00562	0.00745
3	0.01786	0.00973	0.01271	0.01114	0.01427	0.00871	0.00864	0.02135	0.02264	0.19882	0.44395	0.05350	0.11355	0.01522	0.00920	0.00256	0.00466	0.01318	0.00910	0.00920
4	0.01919	0.01389	0.01597	0.01339	0.01709	0.01448	0.01060	0.25788	0.02862	0.03969	0.38211	0.04323	0.04962	0.01360	0.00883	0.00248	0.00581	0.01149	0.04200	0.01005
5	0.02008	0.01928	0.03294	0.04981	0.66422	0.01928	0.02490	0.02490	0.01848	0.02651	0.01526	0.02008	0.01285	0.00723	0.00803	0.00241	0.00964	0.00723	0.00402	0.01285
6	0.02869	0.01887	0.02107	0.01695	0.02277	0.02037	0.01374	0.30025	0.23448	0.19325	0.02690	0.02495	0.01889	0.01023	0.00817	0.00256	0.00763	0.00812	0.00862	0.01349
7	0.02659	0.11704	0.15277	0.02043	0.02657	0.44804	0.01827	0.05704	0.02177	0.02231	0.01310	0.01515	0.01056	0.00813	0.00719	0.00216	0.01318	0.00537	0.00413	0.01023
8	0.02257	0.19753	0.16165	0.02315	0.03058	0.22325	0.18049	0.02747	0.01928	0.02243	0.01365	0.01664	0.01090	0.00750	0.00748	0.00227	0.01244	0.00631	0.00384	0.01056
9	0.01398	0.00891	0.01125	0.01031	0.01288	0.00799	0.00786	0.01738	0.02212	0.10385	0.47429	0.06024	0.18469	0.01661	0.00941	0.00258	0.00424	0.01440	0.00879	0.00821
10	0.01161	0.00862	0.01267	0.01267	0.01399	0.00994	0.00968	0.01425	0.01293	0.01856	0.02207	0.03376	0.02110	0.11884	0.62581	0.01258	0.02050	0.00897	0.00440	0.00704
11	0.01219	0.00839	0.01063	0.01164	0.01345	0.00772	0.00894	0.01452	0.01765	0.05886	0.05379	0.32720	0.21626	0.02238	0.01026	0.00322	0.00543	0.18250	0.00766	0.00731
12	0.00989	0.00706	0.00942	0.01130	0.01177	0.00659	0.00753	0.01130	0.01554	0.02071	0.04472	0.70954	0.05367	0.02542	0.01036	0.00330	0.00471	0.02307	0.00753	0.00659
13	0.01159	0.00940	0.01043	0.01006	0.01269	0.00884	0.00757	0.01692	0.10234	0.02684	0.25871	0.09024	0.36818	0.01822	0.00944	0.00270	0.00435	0.01553	0.00808	0.00788
14	0.02008	0.01928	0.03294	0.04981	0.66422	0.01928	0.02490	0.02490	0.01848	0.02651	0.01526	0.02008	0.01285	0.00723	0.00803	0.00241	0.00964	0.00723	0.00402	0.01285
15	0.01005	0.00837	0.00886	0.00910	0.01173	0.00718	0.00707	0.01232	0.01852	0.02223	0.07707	0.07985	0.58060	0.02079	0.00980	0.00287	0.00455	0.09461	0.00753	0.00693
16	0.15089	0.01627	0.13986	0.01209	0.01686	0.01184	0.01184	0.02037	0.01731	0.05441	0.05791	0.03792	0.13703	0.01183	0.00724	0.00245	0.00624	0.04289	0.23599	0.00877
17	0.03035	0.03758	0.02309	0.02075	0.02509	0.63710	0.01566	0.07396	0.02404	0.02201	0.01302	0.01497	0.01068	0.00846	0.00737	0.00211	0.01424	0.00537	0.00445	0.00971
18	0.00997	0.00757	0.00923	0.01050	0.01179	0.00683	0.00740	0.01172	0.01668	0.02131	0.05688	0.46803	0.25181	0.02366	0.01015	0.00314	0.00467	0.05440	0.00753	0.00673
19	0.01461	0.01180	0.03902	0.01297	0.01540	0.01096	0.01000	0.13554	0.02169	0.02951	0.17555	0.40218	0.04922	0.01967	0.00964	0.00293	0.00563	0.01743	0.00780	0.00846
20	0.02395	0.54102	0.03740	0.01573	0.02194	0.20270	0.01435	0.02642	0.01819	0.01929	0.01161	0.01344	0.01042	0.00731	0.00576	0.00183	0.01024	0.00457	0.00366	0.01015
21	0.01035	0.00816	0.00918	0.00908	0.01127	0.00715	0.00666	0.01282	0.01939	0.02494	0.26425	0.10800	0.40003	0.05882	0.01142	0.00300	0.00427	0.01638	0.00784	0.00699
22	0.03031	0.03867	0.02299	0.02090	0.02508	0.68226	0.01568	0.03240	0.02299	0.01986	0.01254	0.01463	0.01045	0.00836	0.00732	0.00209	0.01463	0.00523	0.00418	0.00941
23	0.03641	0.01381	0.01883	0.01444	0.02071	0.01193	0.01193	0.03954	0.02322	0.66984	0.03201	0.02762	0.02009	0.01004	0.00816	0.00251	0.00690	0.00816	0.01004	0.01381
24	0.01128	0.00829	0.01056	0.00999	0.01200	0.00757	0.00750	0.01492	0.02249	0.03140	0.59788	0.06249	0.13933	0.01701	0.00957	0.00257	0.00386	0.01494	0.00878	0.00757
25	0.02794	0.02623	0.02393	0.13881	0.03056	0.22847	0.01676	0.34008	0.02956	0.03603	0.01643	0.01835	0.01223	0.00902	0.00787	0.00238	0.01104	0.00664	0.00610	0.01159
26	0.01926	0.02030	0.02458	0.05938	0.02375	0.11044	0.01775	0.02128	0.01402	0.01964	0.01111	0.01756	0.01063	0.01309	0.02306	0.00331	0.57137	0.00686	0.00364	0.00895
27	0.01262	0.00949	0.01183	0.01103	0.01330	0.00929	0.00833	0.01895	0.10491	0.03272	0.57795	0.05664	0.06979	0.01586	0.00940	0.00258	0.00417	0.01396	0.00884	0.00833
28	0.02008	0.01928	0.03294	0.04981	0.66422	0.01928	0.02490	0.02490	0.01848	0.02651	0.01526	0.02008	0.01285	0.00723	0.00803	0.00241	0.00964	0.00723	0.00402	0.01285
29	0.01786	0.01374	0.01812	0.02134	0.16034	0.01409	0.01326	0.02681	0.20961	0.09030	0.03828	0.20040	0.11193	0.01485	0.00889	0.00278	0.00646	0.01309	0.00722	0.01063
30	0.03641	0.01381	0.01883	0.01444	0.02071	0.01193	0.01193	0.03954	0.02322	0.66984	0.03201	0.02762	0.02009	0.01004	0.00816	0.00251	0.00690	0.00816	0.01004	0.01381
31	0.01010	0.00785	0.00866	0.00915	0.01076	0.00698	0.00628	0.01158	0.01641	0.02039	0.06126	0.23887	0.37773	0.15802	0.01601	0.00389	0.00500	0.01764	0.00702	0.00640
32	0.02008	0.01928	0.03294	0.04981	0.66422	0.01928	0.02490	0.02490	0.01848	0.02651	0.01526	0.02008	0.01285	0.00723	0.00803	0.00241	0.00964	0.00723	0.00402	0.01285
33	0.02012	0.01814	0.02065	0.02116	0.10370	0.09408	0.01463	0.16656	0.02157	0.02841	0.02445	0.23887	0.02540	0.01513	0.01236	0.00289	0.14389	0.01205	0.00605	0.00990
34	0.00959	0.00822	0.00822	0.00822	0.01096	0.00685	0.00617	0.01165	0.01850	0.02192	0.08220	0.07809	0.66092	0.02055	0.00959	0.00274	0.00411	0.01713	0.00754	0.00685
35	0.00970	0.00822	0.00837	0.00833	0.01102	0.00689	0.00625	0.01185	0.01874	0.02251	0.11442	0.07712	0.62834	0.02033	0.00959	0.00273	0.00409	0.01699	0.00761	0.00689
36	0.01050	0.00732	0.00923	0.01052	0.01084	0.00700	0.00670	0.01146	0.01434	0.01912	0.03861	0.50005	0.04595	0.24543	0.02023	0.00475	0.00572	0.01947	0.00670	0.00606
37	0.02081	0.60859	0.14587	0.01540	0.02317	0.02993	0.01652	0.02453	0.01659	0.02017	0.01182	0.01369	0.01039	0.00707	0.00562	0.00187	0.00922	0.00461	0.00346	0.01067
38	0.01029	0.00782	0.01013	0.01146	0.01220	0.00766	0.00793	0.01181	0.01575	0.02080	0.04769	0.58771	0.13064	0.02415	0.01118	0.00324	0.04408	0.02138	0.00731	0.00675
39	0.01180	0.00787	0.00885	0.00885	0.00885	0.00787	0.00492	0.01180	0.01180	0.01573	0.02557	0.05310	0.02950	0.71483	0.04130	0.00787	0.00787	0.01180	0.00492	0.00492
40	0.77215	0.01569	0.01193	0.01067	0.01569	0.01820	0.00879	0.02385	0.01381	0.03641	0.01130	0.01318	0.00879	0.00753	0.00502	0.00251	0.00628	0.00439	0.00502	0.00879
41	0.00983	0.00728	0.00919	0.01071	0.01162	0.00664	0.00727	0.01136	0.01610	0.02094	0.05184	0.58958	0.16903	0.02450	0.01021	0.00319	0.00459	0.02194	0.00753	0.00664
42	0.02658	0.01836	0.02042	0.01646	0.02188	0.01987	0.01331	0.33668	0.17330	0.12931	0.11028	0.02857	0.02558	0.01099	0.00835	0.00253	0.00740	0.00884	0.00852	0.01276
43	0.01308	0.00934	0.01308	0.01494	0.01681	0.00934	0.01308	0.01681	0.01868	0.02428	0.04296	0.09153	0.04670	0.02242	0.01121	0.00374	0.00747	0.60960	0.00747	0.00747
44	0.00989	0.00706	0.00942	0.01130	0.01177	0.00659	0.00753	0.01130	0.01554	0.02071	0.04472	0.70954	0.05367	0.02542	0.01036	0.00330	0.00471	0.02307	0.00753	0.00659
45	0.00989	0.00706	0.00942	0.01130	0.01177	0.00659	0.00753	0.01130	0.01554	0.02071	0.04472	0.70954	0.05367	0.02542	0.01036	0.00330	0.00471	0.02307	0.00753	0.00659
46	0.01808	0.01670	0.02795	0.13446	0.45522	0.01721	0.02232	0.02278	0.01820	0.02527	0.02041	0.03387	0.01899	0.01024	0.00865	0.00270	0.00939	0.12166	0.00461	0.01129
47	0.01577	0.00924	0.01222	0.01094	0.01360	0.00839	0.00839	0.01948	0.02301	0.14209	0.55200	0.05494	0.06685	0.01546	0.00933	0.00254	0.00436	0.01355	0.00912	0.00871
48	0.02290	0.44417	0.03639	0.01959	0.09579	0.02867	0.01579	0.14037	0.02047	0.02607	0.01324	0.01548	0.01136	0.00815	0.00799	0.00211	0.07037	0.00548	0.00442	0.01120
49	0.01172	0.00816	0.01036	0.01036	0.01088	0.00869	0.00680	0.01277	0.01225	0.01685	0.02419	0.04546	0.02618	0.47931	0.27228	0.00973	0.01286	0.01068	0.00471	0.00576
50	0.02067	0.02027	0.03152	0.04622	0.59038	0.05683	0.02367	0.02639	0.05571	0.02657	0.01615	0.02037	0.01342	0.00752	0.00801	0.00241	0.00973	0.00723	0.00427	0.01266
51	0.01042	0.00818	0.00956	0.01042	0.01242	0.00733	0.00799	0.01268	0.01782	0.02214	0.06463	0.23375	0.38096	0.02213	0.01013	0.00309	0.00498	0.14692	0.00752	0.00692
52	0.01001	0.00742	0.00908	0.01032	0.01128	0.00678	0.00694	0.01143	0.01585	0.02049	0.05160	0.49360	0.19433	0.09475	0.01334	0.00363	0.00489	0.02052	0.00727	0.00648
53	0.02055	0.02017	0.03248	0.04848	0.63499	0.04960	0.02448	0.02525	0.01868	0.02621	0.01514	0.01983	0.01274	0.00728	0.00800	0.00240	0.00987	0.00714	0.00402	0.01270
54	0.01058	0.00790	0.00948	0.00976	0.01129	0.00718	0.00686	0.01279	0.01837	0.02435	0.25728	0.23297	0.22920	0.10842	0.01380	0.00347	0.00465	0.01718	0.00767	0.00681
55	0.05688	0.01169	0.01474	0.01233	0.01688	0.01026	0.00987	0.02584	0.02071	0.29288	0.15478	0.07944	0.10148	0.01334	0.00845	0.00249	0.00578	0.04472	0.00836	0.10906
56	0.12053	0.23709	0.03554	0.02169	0.02790	0.15377	0.21189	0.02614	0.01807	0.02373	0.01314	0.01642	0.01083	0.00762	0.00804	0.00231	0.04487	0.00633	0.00402	0.01010
57	0.02620	0.19297	0.02743	0.02016	0.10552	0.09291	0.01489	0.18823	0.02449	0.12786	0.04758	0.02114	0.01667	0.00892	0.00724	0.00221	0.00875	0.00682	0.04826	0.01174
58	0.02858	0.03216	0.02239	0.01974	0.02438	0.45203	0.01513	0.13679	0.13809	0.02769	0.01740	0.01826	0.01359	0.00907	0.00762	0.00227	0.01219	0.00629	0.00558	0.01077
59	0.08853	0.02196	0.02016	0.10976	0.02625	0.23351	0.04487	0.02628	0.09058	0.02430	0.02517	0.03596	0.05991	0.01207	0.00900	0.00272	0.03540	0.11892	0.00544	0.00922
60	0.01142	0.00787	0.00880	0.00889	0.00927	0.00767	0.00521	0.01176	0.01286	0.01679	0.03391	0.08841	0.11326	0.59038	0.03564	0.00697	0.00722	0.01305	0.00539	0.00525
61	0.01151	0.00791	0.00877	0.00877	0.00913	0.00773	0.00508	0.01178	0.01268	0.01654	0.03297	0.05637	0.11208	0.62404	0.03715	0.00720	0.00738	0.01250	0.00526	0.00517
62	0.01053	0.00826	0.00953	0.00921	0.01154	0.00725	0.00691	0.01347	0.02073	0.02722	0.37039	0.06937	0.36943	0.01857	0.00958	0.00265	0.00397	0.01590	0.00823	0.00725
63	0.00998	0.00713	0.00950	0.01124	0.01179	0.00665	0.00754	0.01152	0.01595	0.02137	0.07903	0.67335	0.05494	0.02493	0.01031	0.00325	0.00466	0.02260	0.00761	0.00665
64	0.01797	0.01758	0.03082	0.30084	0.31699	0.01924	0.09380	0.02308	0.01733	0.02378	0.01481	0.02077	0.01187	0.00792	0.00928	0.00263	0.04907	0.00749	0.00384	0.01090
65	0.02018	0.01743	0.01835	0.01651	0.02110	0.02018	0.01284	0.04312	0.64956	0.03394	0.03303	0.03027	0.02477	0.01101	0.00826	0.00275	0.00642	0.00917	0.00826	0.01284
66	0.14270	0.46621	0.07184	0.04564	0.02287	0.05613	0.01457	0.05867	0.01757	0.02416	0.01213	0.01411	0.01035	0.00735	0.00571	0.00201	0.00885	0.00478	0.00401	0.01033
67	0.01013	0.00793	0.00918	0.00952	0.01146	0.00698	0.00689	0.01246	0.01882	0.02422	0.21455	0.23947	0.35777	0.02085	0.00979	0.00284	0.00420	0.01808	0.00788	0.00698
68	0.01532	0.01442	0.02434	0.69533	0.05589	0.01803	0.02253	0.02073	0.01622	0.02073	0.01442	0.02163	0.01082	0.00811	0.00811	0.00270	0.01082	0.00721	0.00361	0.00901

[dist]
# distance from previous block
# <min> <max>
0	12

[block]
# block no. 1 follows, 23 sequences, length 43
# corresponding to MSA columns:
# 83-125
name=unknown_B
#
# <colnr> <probs for GDERKNQSTAVLIFYWHMCP>
#	G	D	E	R	K	N	Q	S	T	A	V	L	I	F	Y	W	H	M	C	P
0	0.01270	0.00946	0.01272	0.01213	0.01292	0.00980	0.04217	0.01386	0.01354	0.01816	0.02785	0.08505	0.03129	0.48789	0.03231	0.00643	0.05058	0.10982	0.00532	0.00599
1	0.01002	0.00716	0.00953	0.01121	0.01180	0.00668	0.00754	0.01163	0.01614	0.02168	0.09505	0.65645	0.05554	0.02470	0.01029	0.00323	0.00464	0.02238	0.00765	0.00668
2	0.03043	0.03507	0.02330	0.02040	0.02510	0.53396	0.01562	0.16889	0.02642	0.02692	0.01411	0.01573	0.01121	0.00867	0.00750	0.00217	0.01335	0.00570	0.00507	0.01040
3	0.00989	0.00706	0.00942	0.01130	0.01177	0.00659	0.00753	0.01130	0.01554	0.02071	0.04472	0.70954	0.05367	0.02542	0.01036	0.00330	0.00471	0.02307	0.00753	0.00659
4	0.01122	0.00762	0.00902	0.00959	0.00974	0.00748	0.00571	0.01165	0.01293	0.01724	0.03138	0.25228	0.03683	0.50565	0.03191	0.00648	0.00691	0.01522	0.00571	0.00542
5	0.00989	0.00706	0.00942	0.01130	0.01177	0.00659	0.00753	0.01130	0.01554	0.02071	0.04472	0.70954	0.05367	0.02542	0.01036	0.00330	0.00471	0.02307	0.00753	0.00659
6	0.01159	0.00869	0.01304	0.01304	0.01449	0.01014	0.01014	0.01449	0.01304	0.01884	0.02173	0.03188	0.02029	0.06086	0.68268	0.01304	0.02173	0.00869	0.00435	0.00724
7	0.01981	0.01012	0.01277	0.01103	0.01463	0.00893	0.00865	0.02298	0.02164	0.24834	0.27061	0.05152	0.19044	0.01483	0.00885	0.00254	0.00495	0.01258	0.05521	0.00957
8	0.01185	0.00894	0.01136	0.01257	0.01475	0.00846	0.01064	0.01499	0.01861	0.02345	0.05680	0.08679	0.26329	0.02176	0.01064	0.00338	0.00629	0.40068	0.00749	0.00725
9	0.01915	0.02189	0.04788	0.03420	0.04241	0.02052	0.63475	0.02599	0.01915	0.02599	0.01642	0.02189	0.01231	0.00684	0.00958	0.00274	0.01368	0.00958	0.00410	0.01094
10	0.01683	0.01442	0.01683	0.01202	0.01923	0.01082	0.00961	0.02043	0.01683	0.02644	0.01442	0.01683	0.01202	0.00601	0.00601	0.00120	0.00601	0.00481	0.00481	0.76444
11	0.02807	0.22518	0.02900	0.01811	0.02391	0.25883	0.01508	0.25084	0.02669	0.03106	0.01472	0.01595	0.01166	0.00846	0.00701	0.00212	0.01087	0.00573	0.00542	0.01129
12	0.02179	0.02528	0.03462	0.02695	0.03174	0.20147	0.29238	0.02591	0.01830	0.02250	0.01374	0.01875	0.01134	0.00933	0.01378	0.00279	0.20775	0.00770	0.00397	0.00994
13	0.02018	0.01743	0.01835	0.01651	0.02110	0.02018	0.01284	0.04312	0.64956	0.03394	0.03303	0.03027	0.02477	0.01101	0.00826	0.00275	0.00642	0.00917	0.00826	0.01284
14	0.01998	0.01848	0.02425	0.05395	0.10360	0.05973	0.08870	0.07937	0.23322	0.02943	0.02574	0.03494	0.02203	0.01175	0.01009	0.00286	0.05788	0.10653	0.00632	0.01115
15	0.05327	0.01805	0.02934	0.12071	0.49785	0.01823	0.02235	0.02391	0.01783	0.02627	0.01490	0.01963	0.01234	0.00723	0.00770	0.00233	0.00926	0.00686	0.00409	0.08783
16	0.01383	0.01193	0.01712	0.01583	0.01669	0.01536	0.01265	0.01619	0.01276	0.01894	0.01791	0.02776	0.01723	0.07460	0.41537	0.00937	0.26640	0.00826	0.00409	0.00773
17	0.01747	0.09158	0.45648	0.02531	0.03589	0.02036	0.18859	0.02566	0.01761	0.02524	0.01479	0.01806	0.01083	0.00742	0.00800	0.00255	0.01217	0.00681	0.00361	0.01159
18	0.01180	0.00787	0.00885	0.00885	0.00885	0.00787	0.00492	0.01180	0.01180	0.01573	0.02557	0.05310	0.02950	0.71483	0.04130	0.00787	0.00787	0.01180	0.00492	0.00492
19	0.02927	0.02568	0.02358	0.01912	0.02464	0.17339	0.01538	0.42419	0.08310	0.04123	0.01861	0.01918	0.01379	0.00973	0.00879	0.00243	0.04138	0.00698	0.00703	0.01250
20	0.00989	0.00706	0.00942	0.01130	0.01177	0.00659	0.00753	0.01130	0.01554	0.02071	0.04472	0.70954	0.05367	0.02542	0.01036	0.00330	0.00471	0.02307	0.00753	0.00659
21	0.01901	0.02569	0.21363	0.04227	0.48656	0.01916	0.02634	0.02513	0.01810	0.02628	0.01506	0.01925	0.01213	0.00737	0.00794	0.00246	0.01030	0.00688	0.00385	0.01261
22	0.01118	0.00806	0.01058	0.01041	0.01206	0.00746	0.00763	0.01456	0.02157	0.03031	0.54397	0.18293	0.07225	0.01825	0.00972	0.00269	0.00399	0.01626	0.00867	0.00746
23	0.01016	0.00754	0.00897	0.00997	0.01099	0.00690	0.00665	0.01149	0.01567	0.02012	0.05170	0.40749	0.22060	0.15400	0.01597	0.00400	0.00513	0.01927	0.00704	0.00635
24	0.02008	0.01928	0.03294	0.04981	0.66422	0.01928	0.02490	0.02490	0.01848	0.02651	0.01526	0.02008	0.01285	0.00723	0.00803	0.00241	0.00964	0.00723	0.00402	0.01285
25	0.01008	0.00824	0.00889	0.00873	0.01126	0.00706	0.00655	0.01259	0.01964	0.02465	0.23057	0.07360	0.51086	0.01953	0.00958	0.00269	0.00404	0.01650	0.00789	0.00706
26	0.02935	0.02184	0.02355	0.01796	0.02453	0.02363	0.01480	0.57140	0.03588	0.04851	0.01894	0.01920	0.01361	0.00934	0.00789	0.00230	0.00862	0.00704	0.00776	0.09383
27	0.02582	0.03045	0.02048	0.01888	0.02275	0.45890	0.01416	0.03260	0.16540	0.02317	0.02066	0.09230	0.01833	0.01079	0.00786	0.00237	0.01170	0.00803	0.00547	0.00989
28	0.01344	0.00942	0.01048	0.01003	0.01105	0.00950	0.00639	0.07842	0.01563	0.02057	0.03249	0.10646	0.09661	0.50919	0.03185	0.00637	0.00732	0.01282	0.00575	0.00621
29	0.01025	0.00733	0.00979	0.01141	0.01212	0.00687	0.00789	0.01207	0.01652	0.02219	0.11021	0.60231	0.05568	0.02429	0.01033	0.00324	0.00478	0.05828	0.00768	0.00676
30	0.02001	0.01642	0.01966	0.01791	0.08905	0.01548	0.01269	0.07902	0.18956	0.05562	0.02063	0.02144	0.01601	0.00795	0.00709	0.00190	0.00679	0.00658	0.00613	0.39007
31	0.02922	0.03660	0.02405	0.02399	0.09323	0.61157	0.01666	0.03160	0.02251	0.02057	0.01283	0.01521	0.01071	0.00824	0.00739	0.00212	0.01410	0.00544	0.00416	0.00977
32	0.01092	0.00857	0.01171	0.01486	0.08119	0.00799	0.00914	0.01281	0.01637	0.02154	0.04817	0.52503	0.15605	0.02263	0.00997	0.00310	0.00513	0.02033	0.00716	0.00730
33	0.02372	0.01615	0.01804	0.01565	0.02058	0.01759	0.01234	0.04091	0.46901	0.18961	0.03486	0.03165	0.05055	0.01118	0.00829	0.00269	0.00644	0.00926	0.00866	0.01283
34	0.01756	0.01451	0.01561	0.01399	0.01670	0.08433	0.04455	0.02451	0.13592	0.02673	0.02376	0.02828	0.01946	0.04601	0.09243	0.00387	0.06477	0.00801	0.31012	0.00890
35	0.01760	0.01370	0.01688	0.05455	0.08802	0.01375	0.01211	0.04926	0.18074	0.08082	0.04172	0.09596	0.19440	0.01355	0.00851	0.00256	0.00634	0.01153	0.00707	0.09094
36	0.02417	0.01936	0.02222	0.02015	0.09108	0.02048	0.01464	0.29501	0.19735	0.03921	0.02174	0.02196	0.01633	0.00911	0.00775	0.00229	0.00778	0.00733	0.00709	0.15493
37	0.28531	0.02429	0.01937	0.05812	0.02357	0.21782	0.01352	0.17939	0.05250	0.03405	0.01491	0.01650	0.01140	0.00853	0.00682	0.00239	0.00971	0.00576	0.00560	0.01042
38	0.09573	0.01516	0.01614	0.01378	0.01767	0.04043	0.01100	0.20127	0.02417	0.06260	0.14593	0.03872	0.14728	0.01840	0.08108	0.00369	0.03969	0.01029	0.00717	0.00979
39	0.02250	0.13366	0.11426	0.02159	0.09286	0.13735	0.05128	0.16367	0.02330	0.02899	0.02478	0.02599	0.10564	0.00993	0.00776	0.00234	0.00995	0.00784	0.00533	0.01099
40	0.01347	0.01167	0.05392	0.01650	0.09753	0.00965	0.01130	0.01640	0.01799	0.05967	0.13167	0.27969	0.15248	0.05018	0.01097	0.00312	0.00595	0.04250	0.00705	0.00829
41	0.02192	0.09610	0.02796	0.02327	0.10279	0.18325	0.14707	0.02489	0.01867	0.05821	0.01886	0.02259	0.03996	0.01098	0.01081	0.10014	0.01047	0.00739	0.06518	0.00950
42	0.01419	0.01263	0.01795	0.01749	0.08590	0.01252	0.08445	0.05069	0.01877	0.02457	0.05168	0.05262	0.35622	0.04273	0.01187	0.00291	0.06874	0.01293	0.05263	0.00851

[dist]
# distance from previous block
# <min> <max>
0	63

# created by:
# /home/cegg/simao/soft/augustus-3.2.1/scripts/msa2prfl.pl ./align_prep/15147.fa
