[name]
unknown

[dist]
# distance from previous block
# <min> <max>
0	0

[block]
# block no. 0 follows, 21 sequences, length 30
# corresponding to MSA columns:
# 0-29
name=unknown_A
#
# <colnr> <probs for GDERKNQSTAVLIFYWHMCP>
#	G	D	E	R	K	N	Q	S	T	A	V	L	I	F	Y	W	H	M	C	P
0	0.01371	0.00980	0.01371	0.01567	0.01763	0.00980	0.01371	0.01763	0.01959	0.02547	0.04506	0.09599	0.04898	0.02351	0.01175	0.00392	0.00784	0.59056	0.00784	0.00784
1	0.02593	0.28093	0.20413	0.01798	0.02649	0.02412	0.01892	0.10472	0.02196	0.17051	0.01881	0.01918	0.01364	0.00861	0.00727	0.00234	0.00966	0.00633	0.00581	0.01264
2	0.02651	0.02979	0.02831	0.08365	0.26702	0.32996	0.02068	0.06617	0.02274	0.02560	0.01485	0.01841	0.01217	0.00838	0.00808	0.00239	0.01266	0.00658	0.00453	0.01150
3	0.02448	0.01913	0.02052	0.01762	0.02294	0.02164	0.01394	0.15838	0.47602	0.07926	0.03176	0.02933	0.02339	0.01122	0.00862	0.00280	0.00729	0.00917	0.00875	0.01373
4	0.01478	0.00739	0.01109	0.01109	0.01109	0.00739	0.00739	0.01109	0.01109	0.01478	0.01478	0.02587	0.01478	0.02956	0.03326	0.75240	0.00739	0.00739	0.00370	0.00370
5	0.01607	0.01513	0.02552	0.68047	0.05861	0.01891	0.02363	0.02174	0.01702	0.02174	0.01513	0.02269	0.01134	0.00851	0.00851	0.00284	0.01134	0.00756	0.00378	0.00945
6	0.01586	0.00793	0.00793	0.00793	0.00991	0.00793	0.00595	0.01983	0.01785	0.03173	0.02776	0.03173	0.02181	0.00991	0.00595	0.00198	0.00397	0.00793	0.74817	0.00793
7	0.02518	0.19171	0.22670	0.02076	0.02859	0.26260	0.02068	0.08261	0.02207	0.02551	0.01417	0.01624	0.01121	0.00835	0.00737	0.00230	0.01252	0.00572	0.00434	0.01137
8	0.19935	0.02050	0.02155	0.01689	0.02330	0.02228	0.01394	0.38197	0.03143	0.15612	0.02080	0.02043	0.01444	0.00974	0.00778	0.00259	0.00836	0.00712	0.00813	0.01328
9	0.01586	0.00793	0.00793	0.00793	0.00991	0.00793	0.00595	0.01983	0.01785	0.03173	0.02776	0.03173	0.02181	0.00991	0.00595	0.00198	0.00397	0.00793	0.74817	0.00793
10	0.01037	0.00741	0.00987	0.01185	0.01234	0.00691	0.00790	0.01185	0.01629	0.02172	0.04690	0.69537	0.05629	0.02666	0.01086	0.00346	0.00494	0.02419	0.00790	0.00691
11	0.01204	0.00870	0.01138	0.01071	0.01271	0.00803	0.00803	0.01606	0.02409	0.03413	0.64335	0.06357	0.08030	0.01740	0.01004	0.00268	0.00401	0.01539	0.00937	0.00803
12	0.01264	0.01212	0.07282	0.01268	0.01560	0.00931	0.01096	0.01706	0.02252	0.03168	0.47573	0.09755	0.06844	0.01779	0.01011	0.00288	0.00536	0.08782	0.00855	0.00838
13	0.03179	0.04056	0.02412	0.02192	0.02631	0.66676	0.01644	0.03398	0.02412	0.02083	0.01315	0.01535	0.01096	0.00877	0.00767	0.00219	0.01535	0.00548	0.00438	0.00987
14	0.03091	0.02148	0.02351	0.01854	0.02492	0.02349	0.01515	0.42805	0.15553	0.13043	0.02501	0.02382	0.01764	0.01052	0.00855	0.00263	0.00856	0.00817	0.00881	0.01427
15	0.01973	0.18870	0.34215	0.02078	0.02956	0.05181	0.02323	0.02894	0.10524	0.02576	0.01679	0.01889	0.01302	0.00904	0.00934	0.00259	0.07170	0.00644	0.00437	0.01191
16	0.02269	0.35431	0.24257	0.01923	0.02768	0.15582	0.02051	0.02767	0.01888	0.02247	0.01323	0.01542	0.01088	0.00784	0.00677	0.00218	0.01150	0.00531	0.00377	0.01126
17	0.03573	0.01503	0.01968	0.01545	0.02178	0.01375	0.01265	0.04201	0.11194	0.56470	0.03373	0.02937	0.02177	0.01068	0.00857	0.00267	0.00717	0.00871	0.01026	0.01434
18	0.01592	0.02302	0.22882	0.01763	0.02377	0.01559	0.01787	0.02668	0.18267	0.02757	0.03537	0.12460	0.09079	0.01797	0.05192	0.00370	0.00935	0.06959	0.00644	0.01073
19	0.01707	0.04402	0.65683	0.02426	0.03683	0.01976	0.03144	0.02695	0.01797	0.02695	0.01527	0.01797	0.01078	0.00809	0.00809	0.00270	0.01258	0.00629	0.00359	0.01258
20	0.01586	0.00793	0.00793	0.00793	0.00991	0.00793	0.00595	0.01983	0.01785	0.03173	0.02776	0.03173	0.02181	0.00991	0.00595	0.00198	0.00397	0.00793	0.74817	0.00793
21	0.02309	0.02059	0.19270	0.01609	0.02270	0.01292	0.01615	0.02846	0.02250	0.26109	0.24460	0.03819	0.03921	0.01229	0.00895	0.00267	0.00757	0.01035	0.00820	0.01167
22	0.01586	0.00793	0.00793	0.00793	0.00991	0.00793	0.00595	0.01983	0.01785	0.03173	0.02776	0.03173	0.02181	0.00991	0.00595	0.00198	0.00397	0.00793	0.74817	0.00793
23	0.01586	0.00793	0.00793	0.00793	0.00991	0.00793	0.00595	0.01983	0.01785	0.03173	0.02776	0.03173	0.02181	0.00991	0.00595	0.00198	0.00397	0.00793	0.74817	0.00793
24	0.01371	0.00980	0.01371	0.01567	0.01763	0.00980	0.01371	0.01763	0.01959	0.02547	0.04506	0.09599	0.04898	0.02351	0.01175	0.00392	0.00784	0.59056	0.00784	0.00784
25	0.01968	0.02578	0.13146	0.03431	0.04345	0.02129	0.53851	0.02722	0.01980	0.02722	0.01696	0.02229	0.01263	0.00730	0.00978	0.00285	0.01411	0.00954	0.00421	0.01162
26	0.02068	0.01983	0.03385	0.10018	0.60287	0.02012	0.02593	0.02578	0.01920	0.02734	0.01594	0.02119	0.01332	0.00765	0.00843	0.00255	0.01020	0.00758	0.00418	0.01317
27	0.01607	0.01513	0.02552	0.68047	0.05861	0.01891	0.02363	0.02174	0.01702	0.02174	0.01513	0.02269	0.01134	0.00851	0.00851	0.00284	0.01134	0.00756	0.00378	0.00945
28	0.10163	0.02449	0.02348	0.01874	0.02497	0.10581	0.01522	0.42828	0.06896	0.07510	0.02012	0.02021	0.01450	0.00990	0.00811	0.00254	0.00960	0.00725	0.00778	0.01333
29	0.02111	0.08701	0.02120	0.01845	0.06766	0.14438	0.01329	0.10974	0.10437	0.02847	0.03585	0.15435	0.13052	0.01458	0.00876	0.00267	0.00854	0.01198	0.00670	0.01038

[dist]
# distance from previous block
# <min> <max>
5	15

[block]
# block no. 1 follows, 21 sequences, length 6
# corresponding to MSA columns:
# 45-50
name=unknown_B
#
# <colnr> <probs for GDERKNQSTAVLIFYWHMCP>
#	G	D	E	R	K	N	Q	S	T	A	V	L	I	F	Y	W	H	M	C	P
0	0.02952	0.03516	0.02261	0.02022	0.02472	0.52073	0.01534	0.10021	0.02547	0.02490	0.02187	0.02311	0.07958	0.01032	0.00803	0.00231	0.01346	0.00708	0.00525	0.01012
1	0.02132	0.08707	0.01791	0.01302	0.01730	0.01434	0.01038	0.02818	0.13915	0.18823	0.14087	0.04598	0.15069	0.07380	0.01180	0.00314	0.00634	0.01158	0.00827	0.01064
2	0.02279	0.01935	0.01813	0.01690	0.02070	0.14987	0.01372	0.12177	0.08303	0.07024	0.05981	0.05034	0.03101	0.01503	0.00937	0.00296	0.00902	0.21177	0.06392	0.01030
3	0.03052	0.03565	0.02563	0.02541	0.10458	0.49546	0.01762	0.11518	0.02575	0.02631	0.01454	0.01678	0.01177	0.00882	0.00789	0.00229	0.01385	0.00605	0.00494	0.01097
4	0.02568	0.31323	0.08043	0.01852	0.02478	0.28000	0.01647	0.03125	0.09207	0.02269	0.01529	0.01677	0.01269	0.00843	0.00691	0.00216	0.01154	0.00564	0.00452	0.01093
5	0.23560	0.06352	0.05020	0.02228	0.11067	0.25737	0.01601	0.05652	0.02084	0.07275	0.01497	0.01693	0.01168	0.00844	0.00710	0.00241	0.01085	0.00583	0.00515	0.01089

[dist]
# distance from previous block
# <min> <max>
5	55

[block]
# block no. 2 follows, 21 sequences, length 10
# corresponding to MSA columns:
# 110-119
name=unknown_C
#
# <colnr> <probs for GDERKNQSTAVLIFYWHMCP>
#	G	D	E	R	K	N	Q	S	T	A	V	L	I	F	Y	W	H	M	C	P
0	0.03020	0.11013	0.02752	0.02250	0.06753	0.37989	0.01681	0.18950	0.02729	0.03000	0.01515	0.01690	0.01207	0.00891	0.00770	0.00227	0.01268	0.00610	0.00540	0.01146
1	0.02309	0.03333	0.30203	0.02507	0.10049	0.11457	0.02342	0.08829	0.10822	0.07069	0.01946	0.02083	0.01428	0.00898	0.00822	0.00261	0.01122	0.00707	0.00542	0.01272
2	0.02176	0.02394	0.02658	0.02413	0.07199	0.21366	0.12117	0.02717	0.07889	0.02511	0.07492	0.10048	0.02418	0.01238	0.01187	0.00282	0.11313	0.01012	0.00550	0.01018
3	0.02300	0.06936	0.15554	0.02617	0.15648	0.21113	0.01991	0.02892	0.06174	0.05287	0.02502	0.02649	0.08715	0.01006	0.00817	0.00249	0.01108	0.00791	0.00511	0.01138
4	0.26007	0.02322	0.17165	0.01626	0.02362	0.01799	0.01611	0.11375	0.02156	0.13897	0.06470	0.02220	0.01779	0.00934	0.00738	0.00257	0.00834	0.00694	0.00650	0.05103
5	0.02373	0.02628	0.02878	0.18518	0.29226	0.24960	0.02211	0.02791	0.02052	0.02394	0.01479	0.01940	0.01210	0.00822	0.00818	0.00248	0.01225	0.00683	0.00418	0.01127
6	0.10384	0.01350	0.01687	0.08205	0.12719	0.01371	0.01280	0.07037	0.02079	0.02915	0.10161	0.05072	0.29549	0.01493	0.00892	0.00274	0.00667	0.01247	0.00674	0.00943
7	0.11484	0.19933	0.13625	0.01777	0.02523	0.02551	0.01717	0.21610	0.10761	0.03617	0.01823	0.01901	0.01385	0.00900	0.00729	0.00245	0.00915	0.00653	0.00605	0.01246
8	0.01666	0.01508	0.01631	0.01776	0.07282	0.07541	0.01285	0.02434	0.14899	0.02747	0.09535	0.06226	0.17991	0.01723	0.00988	0.00307	0.00739	0.18014	0.00750	0.00957
9	0.11291	0.00933	0.00983	0.00997	0.01158	0.00921	0.00672	0.01423	0.01586	0.02319	0.08795	0.17409	0.17665	0.27688	0.02211	0.00496	0.00620	0.01500	0.00662	0.00671

[dist]
# distance from previous block
# <min> <max>
0	1

[block]
# block no. 3 follows, 21 sequences, length 13
# corresponding to MSA columns:
# 121-133
name=unknown_D
#
# <colnr> <probs for GDERKNQSTAVLIFYWHMCP>
#	G	D	E	R	K	N	Q	S	T	A	V	L	I	F	Y	W	H	M	C	P
0	0.70596	0.01850	0.06021	0.01216	0.01797	0.01914	0.01086	0.02516	0.01474	0.03735	0.01210	0.01413	0.00933	0.00791	0.00548	0.00264	0.00703	0.00473	0.00514	0.00947
1	0.57719	0.12574	0.01877	0.01250	0.01823	0.02206	0.01070	0.08022	0.01729	0.03675	0.01264	0.01441	0.00997	0.00802	0.00560	0.00250	0.00724	0.00488	0.00531	0.00997
2	0.76103	0.01646	0.01251	0.01119	0.01646	0.01909	0.00922	0.02502	0.01448	0.03818	0.01185	0.01382	0.00922	0.00790	0.00527	0.00263	0.00658	0.00461	0.00527	0.00922
3	0.01238	0.00825	0.00928	0.00928	0.00928	0.00825	0.00516	0.01238	0.01238	0.01650	0.02681	0.05569	0.03094	0.70092	0.04331	0.00825	0.00825	0.01238	0.00516	0.00516
4	0.01230	0.00934	0.01174	0.01294	0.01525	0.00878	0.01090	0.01553	0.01952	0.02451	0.06101	0.09053	0.27982	0.02275	0.01110	0.00351	0.00647	0.36856	0.00786	0.00758
5	0.01765	0.01513	0.01765	0.01260	0.02017	0.01134	0.01008	0.02143	0.01765	0.02773	0.01513	0.01765	0.01260	0.00630	0.00630	0.00126	0.00630	0.00504	0.00504	0.75295
6	0.03235	0.02384	0.02554	0.01958	0.02639	0.02639	0.01618	0.61946	0.04001	0.05363	0.02043	0.02043	0.01447	0.01022	0.00851	0.00255	0.00936	0.00766	0.00851	0.01447
7	0.01116	0.00817	0.01004	0.01052	0.01184	0.00753	0.00727	0.01335	0.01874	0.02512	0.24226	0.28570	0.16339	0.12713	0.01548	0.00385	0.00504	0.01844	0.00795	0.00705
8	0.02141	0.02598	0.13480	0.04487	0.49081	0.08011	0.02609	0.02698	0.01959	0.02702	0.01562	0.02003	0.01281	0.00777	0.00830	0.00252	0.01100	0.00718	0.00413	0.01300
9	0.02345	0.01811	0.02849	0.08254	0.03114	0.01743	0.18344	0.13528	0.02350	0.13240	0.02500	0.05744	0.05036	0.00994	0.00875	0.00251	0.00958	0.00933	0.00653	0.14479
10	0.02877	0.02301	0.02286	0.01876	0.02462	0.08742	0.01504	0.32718	0.24305	0.08026	0.02543	0.02437	0.01851	0.01055	0.00848	0.00264	0.00892	0.00818	0.00827	0.01367
11	0.02525	0.10074	0.02364	0.01772	0.02327	0.35476	0.01389	0.02806	0.02076	0.02290	0.01416	0.01687	0.01203	0.01075	0.04215	0.00247	0.01218	0.00544	0.00453	0.24842
12	0.02778	0.33742	0.03338	0.01847	0.02431	0.33913	0.01558	0.07052	0.02216	0.02273	0.01306	0.01494	0.01119	0.00820	0.00674	0.00205	0.01214	0.00521	0.00434	0.01066

[dist]
# distance from previous block
# <min> <max>
1	3

[block]
# block no. 4 follows, 21 sequences, length 19
# corresponding to MSA columns:
# 137-155
name=unknown_E
#
# <colnr> <probs for GDERKNQSTAVLIFYWHMCP>
#	G	D	E	R	K	N	Q	S	T	A	V	L	I	F	Y	W	H	M	C	P
0	0.02906	0.02725	0.10728	0.01939	0.02587	0.15517	0.01702	0.28390	0.02947	0.12414	0.02241	0.08016	0.01788	0.01113	0.00850	0.00259	0.01035	0.00862	0.00722	0.01259
1	0.02664	0.05782	0.12437	0.02625	0.15635	0.02271	0.01993	0.27009	0.08618	0.09409	0.02082	0.02169	0.01521	0.00935	0.00830	0.00257	0.00956	0.00755	0.00682	0.01371
2	0.03211	0.03112	0.02492	0.02060	0.02636	0.30530	0.01629	0.36445	0.03309	0.03934	0.01726	0.01822	0.01294	0.00959	0.00815	0.00240	0.01197	0.00671	0.00672	0.01247
3	0.02028	0.01932	0.03234	0.14922	0.52330	0.02006	0.02508	0.02640	0.05027	0.02725	0.01682	0.02186	0.01378	0.00793	0.00845	0.00259	0.01013	0.00768	0.00437	0.01285
4	0.03235	0.02384	0.02554	0.01958	0.02639	0.02639	0.01618	0.61946	0.04001	0.05363	0.02043	0.02043	0.01447	0.01022	0.00851	0.00255	0.00936	0.00766	0.00851	0.01447
5	0.01064	0.00864	0.00942	0.00923	0.01185	0.00743	0.00692	0.01333	0.02076	0.02623	0.24836	0.07656	0.48021	0.02034	0.01005	0.00282	0.00422	0.01721	0.00833	0.00743
6	0.01238	0.00825	0.00928	0.00928	0.00928	0.00825	0.00516	0.01238	0.01238	0.01650	0.02681	0.05569	0.03094	0.70092	0.04331	0.00825	0.00825	0.01238	0.00516	0.00516
7	0.01033	0.00755	0.00973	0.01147	0.01224	0.00694	0.00773	0.01189	0.01666	0.02187	0.05153	0.62318	0.12549	0.02606	0.01077	0.00339	0.00486	0.02346	0.00790	0.00694
8	0.02437	0.02341	0.02082	0.01848	0.02338	0.15605	0.01433	0.09387	0.45320	0.03412	0.02890	0.02733	0.02183	0.01085	0.00844	0.00271	0.00876	0.00859	0.00776	0.01281
9	0.41177	0.08671	0.01925	0.01444	0.01995	0.15417	0.01181	0.02982	0.01849	0.14118	0.01594	0.01679	0.01183	0.00849	0.00637	0.00246	0.00876	0.00548	0.00586	0.01044
10	0.01547	0.01020	0.01190	0.01093	0.01390	0.00945	0.00821	0.02005	0.07422	0.10769	0.24367	0.06253	0.27590	0.08258	0.01290	0.00329	0.00518	0.01470	0.00850	0.00874
11	0.02476	0.19668	0.02638	0.01583	0.02194	0.02222	0.01338	0.16759	0.13646	0.10334	0.02382	0.07757	0.01965	0.01061	0.00767	0.00234	0.00781	0.00836	0.00701	0.10659
12	0.03231	0.03754	0.02388	0.02126	0.02597	0.57709	0.01613	0.07127	0.02513	0.07077	0.01516	0.01670	0.01195	0.00899	0.00779	0.00225	0.01436	0.00585	0.00511	0.01050
13	0.03064	0.02955	0.02415	0.02018	0.02579	0.27296	0.01592	0.31676	0.11293	0.03856	0.01952	0.01998	0.01465	0.00983	0.00821	0.00246	0.01132	0.00708	0.00694	0.01256
14	0.02788	0.09570	0.02929	0.02973	0.20678	0.33293	0.01904	0.10901	0.02421	0.02716	0.01483	0.01753	0.01216	0.00848	0.00779	0.00230	0.01243	0.00630	0.00481	0.01163
15	0.02515	0.05197	0.12612	0.01781	0.02436	0.02003	0.01623	0.15435	0.23073	0.14449	0.02680	0.02773	0.02000	0.06250	0.01100	0.00310	0.00854	0.00848	0.00764	0.01296
16	0.01965	0.01486	0.01657	0.01480	0.01911	0.01581	0.01145	0.03440	0.36114	0.09173	0.12369	0.08118	0.08913	0.01380	0.00897	0.00277	0.00605	0.01171	0.00861	0.05456
17	0.01839	0.07411	0.15538	0.02425	0.15015	0.01841	0.01894	0.02834	0.16568	0.02824	0.02903	0.03474	0.07606	0.01128	0.00846	0.00265	0.00866	0.06373	0.00586	0.07765
18	0.07146	0.08588	0.02118	0.01618	0.02113	0.14905	0.01291	0.03476	0.19561	0.16112	0.11571	0.02968	0.02740	0.01100	0.00813	0.00254	0.00840	0.00861	0.00761	0.01165

[dist]
# distance from previous block
# <min> <max>
3	30

[block]
# block no. 5 follows, 21 sequences, length 17
# corresponding to MSA columns:
# 186-202
name=unknown_F
#
# <colnr> <probs for GDERKNQSTAVLIFYWHMCP>
#	G	D	E	R	K	N	Q	S	T	A	V	L	I	F	Y	W	H	M	C	P
0	0.09639	0.02320	0.02225	0.01793	0.02387	0.11828	0.01448	0.33148	0.05977	0.13853	0.05335	0.02315	0.01843	0.01027	0.00819	0.00254	0.00929	0.00769	0.00797	0.01294
1	0.02161	0.01831	0.01970	0.01882	0.06731	0.06627	0.01351	0.17446	0.17879	0.03540	0.10348	0.13868	0.03183	0.01357	0.00891	0.00269	0.00763	0.01147	0.00770	0.05987
2	0.33290	0.16663	0.10001	0.04583	0.02269	0.02066	0.03978	0.02364	0.01672	0.03014	0.06241	0.06998	0.01887	0.00990	0.00679	0.00255	0.00810	0.00745	0.00511	0.00984
3	0.06876	0.15061	0.35772	0.02032	0.02977	0.02246	0.02326	0.12300	0.02136	0.03075	0.01752	0.02318	0.01416	0.00943	0.00779	0.00261	0.01071	0.04971	0.00483	0.01203
4	0.02199	0.02404	0.12565	0.08361	0.41611	0.02108	0.02512	0.12322	0.02239	0.03151	0.01657	0.02060	0.01310	0.00815	0.00839	0.00258	0.01044	0.00740	0.00480	0.01325
5	0.11340	0.02281	0.02685	0.02575	0.11966	0.12666	0.11947	0.03494	0.25952	0.03089	0.02253	0.02375	0.01734	0.00930	0.00829	0.00268	0.00995	0.00810	0.00613	0.01202
6	0.02239	0.02258	0.03211	0.04588	0.52438	0.09985	0.02398	0.02852	0.06599	0.02753	0.01706	0.02116	0.01411	0.00803	0.00835	0.00251	0.01050	0.00748	0.00457	0.01303
7	0.02433	0.02672	0.03042	0.08475	0.39863	0.23769	0.02269	0.02847	0.02081	0.02504	0.01499	0.01925	0.01249	0.00804	0.00818	0.00244	0.01196	0.00687	0.00424	0.01199
8	0.11882	0.01816	0.01851	0.01552	0.02024	0.04840	0.01237	0.24990	0.10986	0.04161	0.21625	0.03438	0.03581	0.01228	0.00855	0.00263	0.00725	0.00985	0.00819	0.01143
9	0.02143	0.01347	0.01605	0.01474	0.04901	0.01291	0.01093	0.12105	0.05084	0.17465	0.12590	0.05222	0.27076	0.01553	0.00932	0.00273	0.00617	0.01292	0.00863	0.01074
10	0.14001	0.02477	0.14102	0.01732	0.02342	0.12852	0.01588	0.06803	0.06707	0.13874	0.04671	0.10751	0.02209	0.01170	0.00815	0.00269	0.00925	0.00923	0.00666	0.01122
11	0.02069	0.01984	0.03387	0.09928	0.60371	0.02012	0.02593	0.02579	0.01920	0.02735	0.01594	0.02118	0.01332	0.00765	0.00843	0.00255	0.01020	0.00758	0.00418	0.01318
12	0.17856	0.02728	0.02210	0.05055	0.02569	0.24037	0.01508	0.24344	0.05827	0.03698	0.01670	0.01806	0.01265	0.00924	0.00758	0.00248	0.01078	0.00640	0.00624	0.01156
13	0.01972	0.01885	0.03211	0.22162	0.48897	0.01987	0.02545	0.02494	0.01874	0.02617	0.01577	0.02150	0.01290	0.00783	0.00845	0.00261	0.01044	0.00758	0.00410	0.01239
14	0.05672	0.08639	0.42131	0.02849	0.13550	0.02100	0.08076	0.02663	0.01816	0.02718	0.01513	0.01839	0.01134	0.00785	0.00798	0.00261	0.01176	0.00662	0.00385	0.01233
15	0.01881	0.01792	0.03047	0.33617	0.38153	0.01963	0.02499	0.02414	0.01831	0.02506	0.01561	0.02180	0.01251	0.00800	0.00846	0.00267	0.01067	0.00757	0.00402	0.01166
16	0.02045	0.01960	0.03344	0.12925	0.57561	0.02006	0.02581	0.02558	0.01909	0.02706	0.01590	0.02126	0.01322	0.00770	0.00844	0.00257	0.01026	0.00758	0.00416	0.01299

[dist]
# distance from previous block
# <min> <max>
0	1

[block]
# block no. 6 follows, 21 sequences, length 28
# corresponding to MSA columns:
# 204-231
name=unknown_G
#
# <colnr> <probs for GDERKNQSTAVLIFYWHMCP>
#	G	D	E	R	K	N	Q	S	T	A	V	L	I	F	Y	W	H	M	C	P
0	0.01999	0.01768	0.02931	0.15844	0.43259	0.01816	0.02298	0.02481	0.01924	0.06064	0.02297	0.02971	0.05713	0.00966	0.00873	0.00268	0.00967	0.03859	0.00491	0.01210
1	0.15374	0.01218	0.01442	0.01282	0.01670	0.01246	0.01019	0.02502	0.05171	0.18744	0.11113	0.03824	0.10012	0.02649	0.18381	0.00562	0.01048	0.01003	0.00743	0.00996
2	0.02045	0.35707	0.33807	0.01945	0.02925	0.02666	0.02275	0.05293	0.01864	0.02487	0.01387	0.01603	0.01101	0.00780	0.00686	0.00227	0.01078	0.00553	0.00384	0.01188
3	0.02212	0.02136	0.03289	0.08211	0.54140	0.05827	0.02480	0.06317	0.02081	0.02867	0.01607	0.02078	0.01328	0.00786	0.00839	0.00253	0.01044	0.00746	0.00447	0.01311
4	0.02243	0.02525	0.02548	0.39084	0.07882	0.26961	0.02099	0.02672	0.01989	0.02173	0.01441	0.01976	0.01131	0.00856	0.00818	0.00257	0.01282	0.00676	0.00404	0.00984
5	0.01816	0.14940	0.49180	0.02248	0.03289	0.02268	0.02736	0.02604	0.01735	0.02515	0.01429	0.01733	0.01084	0.00866	0.00971	0.00266	0.08149	0.00612	0.00361	0.01197
6	0.01800	0.01710	0.02901	0.43743	0.28656	0.01942	0.02459	0.02344	0.01793	0.02409	0.01547	0.02206	0.01217	0.00815	0.00848	0.00272	0.01087	0.00757	0.00395	0.01101
7	0.27032	0.01690	0.02271	0.01755	0.02402	0.01669	0.12009	0.03260	0.05257	0.27094	0.02253	0.02243	0.01550	0.00888	0.00762	0.00261	0.00822	0.00739	0.00728	0.05314
8	0.01752	0.01440	0.01597	0.01242	0.01834	0.01239	0.00988	0.11362	0.02177	0.03031	0.03906	0.03896	0.21810	0.01188	0.00787	0.00199	0.00614	0.00965	0.00652	0.39319
9	0.03166	0.02455	0.02508	0.01959	0.02614	0.06583	0.01603	0.54960	0.07360	0.05054	0.02081	0.02078	0.01493	0.01020	0.00847	0.00255	0.00958	0.00764	0.00827	0.01413
10	0.02314	0.02003	0.02629	0.03123	0.26496	0.02174	0.01885	0.14115	0.28869	0.03583	0.02487	0.02558	0.01907	0.00977	0.00854	0.00269	0.00851	0.00848	0.00691	0.01365
11	0.01607	0.01513	0.02552	0.68047	0.05861	0.01891	0.02363	0.02174	0.01702	0.02174	0.01513	0.02269	0.01134	0.00851	0.00851	0.00284	0.01134	0.00756	0.00378	0.00945
12	0.01059	0.00864	0.00935	0.00918	0.01182	0.00741	0.00688	0.01324	0.02065	0.02596	0.23464	0.07702	0.49410	0.02045	0.01005	0.00282	0.00423	0.01728	0.00829	0.00741
13	0.02009	0.02296	0.05022	0.03587	0.04448	0.02152	0.61693	0.02726	0.02009	0.02726	0.01722	0.02296	0.01291	0.00717	0.01004	0.00287	0.01435	0.01004	0.00430	0.01148
14	0.01765	0.01513	0.01765	0.01260	0.02017	0.01134	0.01008	0.02143	0.01765	0.02773	0.01513	0.01765	0.01260	0.00630	0.00630	0.00126	0.00630	0.00504	0.00504	0.75295
15	0.02418	0.01574	0.01790	0.01541	0.02027	0.01656	0.01215	0.08981	0.29732	0.18865	0.07265	0.07037	0.09464	0.01333	0.00896	0.00281	0.00660	0.01112	0.00903	0.01251
16	0.01607	0.01513	0.02552	0.68047	0.05861	0.01891	0.02363	0.02174	0.01702	0.02174	0.01513	0.02269	0.01134	0.00851	0.00851	0.00284	0.01134	0.00756	0.00378	0.00945
17	0.02271	0.02396	0.03098	0.13428	0.42845	0.16171	0.02365	0.02722	0.02008	0.02542	0.01526	0.02004	0.01263	0.00797	0.00827	0.00250	0.01143	0.00712	0.00419	0.01212
18	0.01586	0.00793	0.00793	0.00793	0.00991	0.00793	0.00595	0.01983	0.01785	0.03173	0.02776	0.03173	0.02181	0.00991	0.00595	0.00198	0.00397	0.00793	0.74817	0.00793
19	0.02117	0.01828	0.01924	0.01732	0.02213	0.02117	0.01347	0.04522	0.63246	0.03560	0.03464	0.03175	0.02598	0.01155	0.00866	0.00289	0.00673	0.00962	0.00866	0.01347
20	0.02035	0.02223	0.04604	0.04023	0.20522	0.02117	0.45952	0.02696	0.01990	0.02740	0.01689	0.02245	0.01306	0.00728	0.00961	0.00278	0.01322	0.00939	0.00428	0.01201
21	0.02106	0.02022	0.03454	0.05223	0.64784	0.02022	0.02612	0.02612	0.01938	0.02780	0.01601	0.02106	0.01348	0.00758	0.00842	0.00253	0.01011	0.00758	0.00421	0.01348
22	0.02106	0.02022	0.03454	0.05223	0.64784	0.02022	0.02612	0.02612	0.01938	0.02780	0.01601	0.02106	0.01348	0.00758	0.00842	0.00253	0.01011	0.00758	0.00421	0.01348
23	0.01006	0.00862	0.00862	0.00862	0.01149	0.00718	0.00647	0.01221	0.01940	0.02299	0.08621	0.08190	0.64438	0.02155	0.01006	0.00287	0.00431	0.01796	0.00790	0.00718
24	0.02185	0.01900	0.01407	0.01300	0.01604	0.21145	0.00985	0.06387	0.02124	0.02983	0.02279	0.02595	0.01799	0.00958	0.00665	0.00209	0.00782	0.00716	0.47082	0.00896
25	0.01216	0.00912	0.01368	0.01368	0.01520	0.01064	0.01064	0.01520	0.01368	0.01976	0.02279	0.03343	0.02127	0.06382	0.66720	0.01368	0.02279	0.00912	0.00456	0.00760
26	0.02053	0.01968	0.03358	0.11935	0.58489	0.02008	0.02585	0.02565	0.01913	0.02716	0.01591	0.02124	0.01325	0.00768	0.00843	0.00256	0.01024	0.00758	0.00417	0.01305
27	0.02117	0.01828	0.01924	0.01732	0.02213	0.02117	0.01347	0.04522	0.63246	0.03560	0.03464	0.03175	0.02598	0.01155	0.00866	0.00289	0.00673	0.00962	0.00866	0.01347

[dist]
# distance from previous block
# <min> <max>
0	0

# created by:
# /home/cegg/simao/soft/augustus-3.2.1/scripts/msa2prfl.pl ./align_prep/15151.fa
