[name]
unknown

[dist]
# distance from previous block
# <min> <max>
0	0

[block]
# block no. 0 follows, 20 sequences, length 14
# corresponding to MSA columns:
# 0-13
name=unknown_A
#
# <colnr> <probs for GDERKNQSTAVLIFYWHMCP>
#	G	D	E	R	K	N	Q	S	T	A	V	L	I	F	Y	W	H	M	C	P
0	0.01406	0.01004	0.01406	0.01606	0.01807	0.01004	0.01406	0.01807	0.02008	0.02610	0.04618	0.09839	0.05020	0.02410	0.01205	0.00402	0.00803	0.58032	0.00803	0.00803
1	0.02365	0.01733	0.01940	0.01673	0.02098	0.01863	0.01300	0.35776	0.03076	0.04118	0.03239	0.30224	0.03291	0.01758	0.00974	0.00301	0.00768	0.01500	0.00846	0.01157
2	0.33101	0.01910	0.02588	0.03579	0.37657	0.02024	0.01946	0.02629	0.01775	0.03299	0.01461	0.01846	0.01197	0.00791	0.00727	0.00264	0.00884	0.00649	0.00477	0.01197
3	0.03001	0.02762	0.28518	0.01946	0.02880	0.01596	0.02101	0.03623	0.02220	0.38460	0.02650	0.02493	0.01714	0.00974	0.00857	0.00273	0.00973	0.00779	0.00780	0.01402
4	0.01698	0.29991	0.02602	0.01264	0.01698	0.01932	0.01105	0.02054	0.02175	0.02888	0.37190	0.04357	0.05231	0.01346	0.00831	0.00237	0.00631	0.01109	0.00713	0.00948
5	0.01313	0.00964	0.01403	0.01488	0.01663	0.01054	0.01223	0.01663	0.01658	0.02272	0.03299	0.06132	0.03379	0.04799	0.38601	0.00980	0.01690	0.25022	0.00609	0.00789
6	0.03136	0.30510	0.03208	0.01611	0.02320	0.02460	0.01440	0.14035	0.02487	0.27266	0.02252	0.02145	0.01596	0.00933	0.00742	0.00233	0.00863	0.00687	0.00743	0.01330
7	0.02899	0.01824	0.02901	0.03750	0.37884	0.01739	0.02089	0.03341	0.02202	0.28861	0.02400	0.02501	0.01710	0.00905	0.00869	0.00264	0.00912	0.00819	0.00705	0.01425
8	0.01122	0.00905	0.01102	0.01102	0.01338	0.00886	0.00843	0.01381	0.01741	0.02217	0.06094	0.06299	0.37660	0.04037	0.28392	0.00762	0.01241	0.01459	0.00665	0.00754
9	0.01787	0.01312	0.02151	0.02916	0.27615	0.01312	0.01567	0.01786	0.01495	0.02078	0.01568	0.02444	0.01459	0.02080	0.02335	0.43251	0.00875	0.00766	0.00401	0.00802
10	0.01261	0.00901	0.01240	0.01441	0.01579	0.00879	0.01154	0.01557	0.01865	0.02449	0.04698	0.34702	0.05336	0.02546	0.01166	0.00382	0.00678	0.34597	0.00806	0.00763
11	0.33770	0.02124	0.02054	0.01644	0.02276	0.02389	0.01357	0.36345	0.02997	0.04829	0.01723	0.01809	0.01256	0.00947	0.00732	0.00265	0.00840	0.00653	0.00732	0.01256
12	0.02165	0.01958	0.02634	0.03285	0.28270	0.02129	0.01928	0.03809	0.36872	0.03312	0.02745	0.02792	0.02122	0.01012	0.00877	0.00280	0.00836	0.00898	0.00695	0.01381
13	0.02025	0.02145	0.02629	0.47814	0.07682	0.15603	0.02254	0.02510	0.01892	0.02230	0.01493	0.02139	0.01163	0.00902	0.00941	0.00279	0.04170	0.00729	0.00402	0.00995

[dist]
# distance from previous block
# <min> <max>
0	2

[block]
# block no. 1 follows, 20 sequences, length 10
# corresponding to MSA columns:
# 16-25
name=unknown_B
#
# <colnr> <probs for GDERKNQSTAVLIFYWHMCP>
#	G	D	E	R	K	N	Q	S	T	A	V	L	I	F	Y	W	H	M	C	P
0	0.02407	0.02584	0.01739	0.01630	0.01933	0.35132	0.01201	0.02659	0.02084	0.02398	0.02114	0.05711	0.01908	0.08222	0.04191	0.00343	0.01162	0.00811	0.20887	0.00882
1	0.01819	0.01762	0.01372	0.01310	0.01434	0.18838	0.00849	0.01882	0.01602	0.01814	0.02361	0.04564	0.02604	0.50398	0.03428	0.00674	0.01047	0.01073	0.00507	0.00662
2	0.02810	0.03402	0.02702	0.02346	0.02733	0.43618	0.06417	0.03186	0.05320	0.02259	0.01452	0.01796	0.01225	0.01038	0.01266	0.00268	0.16008	0.00665	0.00457	0.01031
3	0.01815	0.01426	0.01990	0.02492	0.18890	0.01449	0.01479	0.02592	0.15114	0.07269	0.03743	0.28367	0.06300	0.01707	0.00974	0.00306	0.00707	0.01535	0.00742	0.01100
4	0.01647	0.01550	0.02616	0.67248	0.06008	0.01938	0.02422	0.02229	0.01744	0.02229	0.01550	0.02326	0.01163	0.00872	0.00872	0.00291	0.01163	0.00775	0.00388	0.00969
5	0.01533	0.01368	0.02215	0.48936	0.04705	0.01629	0.01980	0.02067	0.01945	0.02580	0.18683	0.03486	0.03119	0.01124	0.00915	0.00286	0.00955	0.00997	0.00546	0.00929
6	0.01817	0.01724	0.02923	0.46710	0.25219	0.01983	0.02507	0.02377	0.01824	0.02435	0.01580	0.02270	0.01235	0.00841	0.00869	0.00280	0.01121	0.00776	0.00402	0.01106
7	0.01195	0.00886	0.01294	0.01350	0.01477	0.00985	0.01013	0.01463	0.01476	0.02081	0.03021	0.21516	0.03174	0.05488	0.47957	0.01112	0.01830	0.01362	0.00562	0.00759
8	0.55133	0.01748	0.01667	0.01463	0.01854	0.02155	0.01211	0.02435	0.01443	0.03411	0.01195	0.01553	0.01000	0.01008	0.01183	0.00301	0.19242	0.00553	0.00496	0.00947
9	0.01587	0.00794	0.00926	0.00926	0.01058	0.00794	0.00662	0.01718	0.01586	0.02643	0.02379	0.03041	0.01983	0.01723	0.01592	0.26310	0.00530	0.00794	0.48294	0.00661

[dist]
# distance from previous block
# <min> <max>
0	4

[block]
# block no. 2 follows, 20 sequences, length 51
# corresponding to MSA columns:
# 30-80
name=unknown_C
#
# <colnr> <probs for GDERKNQSTAVLIFYWHMCP>
#	G	D	E	R	K	N	Q	S	T	A	V	L	I	F	Y	W	H	M	C	P
0	0.21149	0.02107	0.02149	0.01733	0.02338	0.02367	0.01419	0.37551	0.08494	0.04715	0.02020	0.02113	0.01498	0.01348	0.04914	0.00339	0.00952	0.00734	0.00765	0.01295
1	0.01647	0.01550	0.02616	0.67248	0.06008	0.01938	0.02422	0.02229	0.01744	0.02229	0.01550	0.02326	0.01163	0.00872	0.00872	0.00291	0.01163	0.00775	0.00388	0.00969
2	0.01075	0.00764	0.01009	0.01199	0.01247	0.00717	0.00793	0.01218	0.01647	0.02195	0.04687	0.65091	0.05617	0.06625	0.01308	0.00383	0.00526	0.02409	0.00793	0.00698
3	0.03191	0.02381	0.02547	0.01982	0.02657	0.02647	0.01628	0.54835	0.10465	0.05295	0.02253	0.02221	0.01612	0.01062	0.00874	0.00266	0.00930	0.00807	0.00874	0.01472
4	0.01809	0.01550	0.01809	0.01292	0.02067	0.01163	0.01034	0.02196	0.01809	0.02842	0.01550	0.01809	0.01292	0.00646	0.00646	0.00129	0.00646	0.00517	0.00517	0.74677
5	0.01515	0.00758	0.01136	0.01136	0.01136	0.00758	0.00758	0.01136	0.01136	0.01515	0.01515	0.02652	0.01515	0.03030	0.03409	0.74621	0.00758	0.00758	0.00379	0.00379
6	0.01113	0.00798	0.01057	0.01180	0.01276	0.00742	0.00814	0.01341	0.01904	0.02600	0.22009	0.50511	0.06491	0.02454	0.01089	0.00331	0.00478	0.02215	0.00854	0.00742
7	0.01330	0.00866	0.01141	0.01173	0.01316	0.00935	0.00871	0.01624	0.01560	0.02393	0.02896	0.13692	0.02818	0.08322	0.32887	0.00854	0.01395	0.01161	0.22005	0.00762
8	0.01235	0.00892	0.01166	0.01097	0.01303	0.00823	0.00823	0.01646	0.02469	0.03498	0.63443	0.06516	0.08230	0.01783	0.01029	0.00274	0.00412	0.01578	0.00960	0.00823
9	0.01489	0.00758	0.01129	0.01141	0.01144	0.00755	0.00761	0.01141	0.01167	0.01557	0.01707	0.06496	0.01763	0.03013	0.03276	0.70303	0.00743	0.00858	0.00404	0.00398
10	0.22347	0.01964	0.02095	0.01649	0.02299	0.02092	0.01361	0.29086	0.02947	0.22395	0.02260	0.02174	0.01541	0.00995	0.00787	0.00266	0.00822	0.00731	0.00846	0.01343
11	0.01251	0.00869	0.01061	0.01026	0.01132	0.00834	0.00679	0.01462	0.01884	0.02617	0.33850	0.06122	0.05764	0.34724	0.02692	0.00553	0.00623	0.01427	0.00750	0.00679
12	0.01248	0.00925	0.01354	0.01354	0.01494	0.01065	0.01031	0.01527	0.01388	0.01990	0.02380	0.03668	0.02285	0.13170	0.59403	0.01343	0.02179	0.00970	0.00474	0.00752
13	0.02297	0.01010	0.01168	0.01030	0.01371	0.00951	0.00807	0.02683	0.02025	0.21222	0.03020	0.03169	0.02213	0.01035	0.00688	0.00223	0.00505	0.00832	0.52740	0.01010
14	0.01216	0.00885	0.01145	0.01093	0.01295	0.00813	0.00815	0.01606	0.02407	0.03381	0.57931	0.09628	0.10813	0.01850	0.01033	0.00279	0.00418	0.01634	0.00946	0.00813
15	0.03316	0.02443	0.02618	0.02007	0.02705	0.02705	0.01658	0.60995	0.04101	0.05497	0.02094	0.02094	0.01483	0.01047	0.00873	0.00262	0.00960	0.00785	0.00873	0.01483
16	0.01053	0.00796	0.00974	0.01117	0.01240	0.00717	0.00767	0.01226	0.01763	0.02265	0.05990	0.51062	0.22720	0.02579	0.01089	0.00337	0.00487	0.02292	0.00810	0.00717
17	0.01216	0.00878	0.01150	0.01110	0.01299	0.00811	0.00822	0.01601	0.02385	0.03364	0.57255	0.13087	0.07971	0.01883	0.01038	0.00283	0.00422	0.01673	0.00944	0.00811
18	0.01268	0.00846	0.00951	0.00951	0.00951	0.00846	0.00529	0.01268	0.01268	0.01691	0.02748	0.05708	0.03171	0.69345	0.04440	0.00846	0.00846	0.01268	0.00529	0.00529
19	0.01809	0.01550	0.01809	0.01292	0.02067	0.01163	0.01034	0.02196	0.01809	0.02842	0.01550	0.01809	0.01292	0.00646	0.00646	0.00129	0.00646	0.00517	0.00517	0.74677
20	0.03463	0.01391	0.01846	0.01447	0.02063	0.01197	0.01185	0.03782	0.02417	0.54793	0.04285	0.03817	0.11755	0.01256	0.00901	0.00274	0.00695	0.01028	0.01037	0.01368
21	0.01132	0.00788	0.00992	0.01126	0.01160	0.00755	0.00715	0.01233	0.01535	0.02047	0.04117	0.47617	0.04898	0.25080	0.02229	0.00519	0.00620	0.02073	0.00715	0.00648
22	0.02759	0.40170	0.03672	0.01769	0.02445	0.15441	0.01572	0.17394	0.02492	0.02931	0.01460	0.01607	0.01211	0.00851	0.00682	0.00213	0.01065	0.00565	0.00513	0.01189
23	0.02651	0.22730	0.02933	0.01880	0.02430	0.27884	0.01535	0.03583	0.20744	0.02578	0.01988	0.02041	0.01597	0.00942	0.00751	0.00235	0.01113	0.00665	0.00562	0.01157
24	0.01813	0.11655	0.58240	0.02378	0.03607	0.02182	0.03034	0.02746	0.01834	0.02685	0.01527	0.01793	0.01107	0.00820	0.00799	0.00266	0.01250	0.00625	0.00369	0.01271
25	0.01820	0.01844	0.01804	0.01707	0.01920	0.17463	0.01326	0.02097	0.01663	0.02060	0.01963	0.02803	0.01807	0.04600	0.42943	0.01000	0.09049	0.00823	0.00454	0.00855
26	0.02159	0.02073	0.03541	0.05354	0.63903	0.02073	0.02677	0.02677	0.01986	0.02850	0.01641	0.02159	0.01382	0.00777	0.00864	0.00259	0.01036	0.00777	0.00432	0.01382
27	0.02159	0.02073	0.03541	0.05354	0.63903	0.02073	0.02677	0.02677	0.01986	0.02850	0.01641	0.02159	0.01382	0.00777	0.00864	0.00259	0.01036	0.00777	0.00432	0.01382
28	0.01244	0.00869	0.01121	0.01256	0.01339	0.00852	0.00912	0.01428	0.01647	0.02174	0.04058	0.28311	0.04655	0.24865	0.02254	0.00534	0.00717	0.20370	0.00714	0.00680
29	0.01063	0.00759	0.01012	0.01215	0.01265	0.00709	0.00810	0.01215	0.01670	0.02227	0.04808	0.68775	0.05769	0.02733	0.01113	0.00354	0.00506	0.02480	0.00810	0.00709
30	0.02421	0.01999	0.02114	0.01826	0.02364	0.02287	0.01441	0.16982	0.49572	0.04054	0.03231	0.03000	0.02404	0.01154	0.00884	0.00288	0.00749	0.00942	0.00884	0.01403
31	0.01268	0.00846	0.00951	0.00951	0.00951	0.00846	0.00529	0.01268	0.01268	0.01691	0.02748	0.05708	0.03171	0.69345	0.04440	0.00846	0.00846	0.01268	0.00529	0.00529
32	0.75506	0.01687	0.01282	0.01147	0.01687	0.01957	0.00945	0.02564	0.01484	0.03914	0.01215	0.01417	0.00945	0.00810	0.00540	0.00270	0.00675	0.00472	0.00540	0.00945
33	0.01033	0.00877	0.00890	0.00901	0.01183	0.00735	0.00670	0.01250	0.01972	0.02350	0.08627	0.11541	0.60538	0.02236	0.01035	0.00298	0.00445	0.01874	0.00810	0.00735
34	0.01515	0.00758	0.01136	0.01136	0.01136	0.00758	0.00758	0.01136	0.01136	0.01515	0.01515	0.02652	0.01515	0.03030	0.03409	0.74621	0.00758	0.00758	0.00379	0.00379
35	0.02159	0.02073	0.03541	0.05354	0.63903	0.02073	0.02677	0.02677	0.01986	0.02850	0.01641	0.02159	0.01382	0.00777	0.00864	0.00259	0.01036	0.00777	0.00432	0.01382
36	0.01775	0.04357	0.60939	0.02668	0.07588	0.02029	0.03188	0.02757	0.01851	0.02768	0.01570	0.01862	0.01123	0.00825	0.00831	0.00275	0.01273	0.00653	0.00372	0.01295
37	0.03093	0.03350	0.02426	0.02109	0.02628	0.39473	0.01628	0.18131	0.12749	0.03230	0.01899	0.01981	0.01468	0.00983	0.00825	0.00246	0.01273	0.00688	0.00628	0.01191
38	0.02332	0.69869	0.04571	0.01493	0.02239	0.03451	0.01493	0.02612	0.01772	0.02052	0.01213	0.01399	0.01119	0.00746	0.00560	0.00187	0.00933	0.00466	0.00373	0.01119
39	0.01235	0.00892	0.01166	0.01097	0.01303	0.00823	0.00823	0.01646	0.02469	0.03498	0.63443	0.06516	0.08230	0.01783	0.01029	0.00274	0.00412	0.01578	0.00960	0.00823
40	0.75506	0.01687	0.01282	0.01147	0.01687	0.01957	0.00945	0.02564	0.01484	0.03914	0.01215	0.01417	0.00945	0.00810	0.00540	0.00270	0.00675	0.00472	0.00540	0.00945
41	0.01246	0.00935	0.01402	0.01402	0.01558	0.01090	0.01090	0.01558	0.01402	0.02025	0.02336	0.03427	0.02181	0.06542	0.65888	0.01402	0.02336	0.00935	0.00467	0.00779
42	0.02890	0.03458	0.02830	0.03290	0.23231	0.44449	0.02018	0.03213	0.02309	0.02375	0.01446	0.01770	0.01210	0.00858	0.00812	0.00236	0.01393	0.00634	0.00444	0.01136
43	0.02159	0.02073	0.03541	0.05354	0.63903	0.02073	0.02677	0.02677	0.01986	0.02850	0.01641	0.02159	0.01382	0.00777	0.00864	0.00259	0.01036	0.00777	0.00432	0.01382
44	0.02336	0.01642	0.01727	0.01470	0.01916	0.01809	0.01167	0.22437	0.18791	0.04109	0.02783	0.02866	0.02099	0.01071	0.00772	0.00248	0.00667	0.00850	0.30051	0.01189
45	0.03914	0.01484	0.02024	0.01552	0.02227	0.01282	0.01282	0.04251	0.02497	0.64507	0.03441	0.02969	0.02159	0.01080	0.00877	0.00270	0.00742	0.00877	0.01080	0.01484
46	0.01809	0.01550	0.01809	0.01292	0.02067	0.01163	0.01034	0.02196	0.01809	0.02842	0.01550	0.01809	0.01292	0.00646	0.00646	0.00129	0.00646	0.00517	0.00517	0.74677
47	0.01934	0.01951	0.03477	0.02484	0.03312	0.01684	0.30867	0.02495	0.01934	0.02818	0.01657	0.02081	0.01308	0.00691	0.00838	0.00212	0.01058	0.00773	0.00479	0.37948
48	0.01809	0.01550	0.01809	0.01292	0.02067	0.01163	0.01034	0.02196	0.01809	0.02842	0.01550	0.01809	0.01292	0.00646	0.00646	0.00129	0.00646	0.00517	0.00517	0.74677
49	0.01246	0.00935	0.01402	0.01402	0.01558	0.01090	0.01090	0.01558	0.01402	0.02025	0.02336	0.03427	0.02181	0.06542	0.65888	0.01402	0.02336	0.00935	0.00467	0.00779
50	0.02283	0.04288	0.42916	0.02388	0.03397	0.20787	0.02681	0.06360	0.02158	0.02737	0.01532	0.01778	0.01132	0.00862	0.00819	0.00260	0.01353	0.00628	0.00421	0.01219

[dist]
# distance from previous block
# <min> <max>
0	0

# created by:
# /home/cegg/simao/soft/augustus-3.2.1/scripts/msa2prfl.pl ./align_prep/15154.fa
