[name]
unknown

[dist]
# distance from previous block
# <min> <max>
0	65

[block]
# block no. 0 follows, 20 sequences, length 7
# corresponding to MSA columns:
# 65-71
name=unknown_A
#
# <colnr> <probs for GDERKNQSTAVLIFYWHMCP>
#	G	D	E	R	K	N	Q	S	T	A	V	L	I	F	Y	W	H	M	C	P
0	0.01662	0.11015	0.02572	0.01987	0.02396	0.01581	0.12800	0.02111	0.01984	0.02567	0.03589	0.07208	0.03759	0.01853	0.01080	0.00351	0.00950	0.38945	0.00673	0.00920
1	0.02725	0.02850	0.11649	0.03406	0.27553	0.18589	0.02227	0.03202	0.02191	0.14479	0.01899	0.02116	0.01424	0.00874	0.00841	0.00255	0.01156	0.00721	0.00552	0.01291
2	0.01921	0.01602	0.02268	0.14346	0.02934	0.01753	0.09746	0.09053	0.15901	0.02979	0.02502	0.03370	0.02126	0.16251	0.01668	0.00404	0.00926	0.00975	0.08240	0.01035
3	0.01989	0.01400	0.02033	0.11171	0.02649	0.01323	0.07378	0.02477	0.05404	0.14420	0.03758	0.11684	0.12963	0.03954	0.01046	0.00290	0.00783	0.01201	0.00706	0.13370
4	0.12002	0.01147	0.01336	0.05423	0.01718	0.01177	0.00946	0.05208	0.01887	0.05354	0.14501	0.18717	0.04064	0.17733	0.01748	0.00422	0.00676	0.01380	0.00709	0.03850
5	0.02396	0.01947	0.13869	0.13316	0.02885	0.01501	0.01690	0.06716	0.02150	0.20005	0.02483	0.02661	0.01756	0.00974	0.00790	0.00255	0.00840	0.00790	0.21814	0.01162
6	0.02306	0.15414	0.02494	0.08856	0.02533	0.24083	0.01452	0.05900	0.02053	0.02267	0.02105	0.02788	0.05094	0.10706	0.08005	0.00436	0.01287	0.00786	0.00486	0.00950

[dist]
# distance from previous block
# <min> <max>
1	5

[block]
# block no. 1 follows, 20 sequences, length 21
# corresponding to MSA columns:
# 77-97
name=unknown_B
#
# <colnr> <probs for GDERKNQSTAVLIFYWHMCP>
#	G	D	E	R	K	N	Q	S	T	A	V	L	I	F	Y	W	H	M	C	P
0	0.01189	0.00836	0.01076	0.01143	0.01206	0.00844	0.00759	0.01333	0.01523	0.02076	0.07786	0.27536	0.04259	0.28715	0.15032	0.00740	0.00986	0.01652	0.00647	0.00662
1	0.02062	0.01416	0.01615	0.01420	0.01808	0.01464	0.01101	0.11433	0.16009	0.10693	0.15417	0.05039	0.12393	0.09603	0.01372	0.00354	0.00673	0.04187	0.00864	0.01078
2	0.01229	0.00913	0.01165	0.01220	0.01355	0.00926	0.00863	0.01603	0.06095	0.02420	0.13028	0.30074	0.08354	0.11838	0.14172	0.00603	0.00903	0.01738	0.00735	0.00766
3	0.01391	0.01075	0.01288	0.01312	0.01528	0.01105	0.00960	0.06043	0.09738	0.02642	0.04820	0.34470	0.15181	0.02886	0.10794	0.00487	0.00826	0.01813	0.00773	0.00868
4	0.07670	0.01327	0.01587	0.01344	0.01755	0.01329	0.01048	0.09498	0.02084	0.19444	0.02598	0.03215	0.02100	0.12355	0.14046	0.00559	0.01041	0.00875	0.10267	0.05859
5	0.01989	0.02202	0.14011	0.01710	0.02197	0.06234	0.01529	0.17672	0.02351	0.03119	0.02888	0.23515	0.02985	0.11796	0.01470	0.00379	0.00909	0.01347	0.00672	0.01024
6	0.01296	0.00919	0.01075	0.01050	0.01161	0.00858	0.00652	0.01378	0.01422	0.01952	0.03020	0.18267	0.03466	0.46627	0.03258	0.00651	0.00749	0.01422	0.00585	0.10191
7	0.01142	0.00810	0.00971	0.01065	0.01127	0.00768	0.00677	0.01241	0.01549	0.02027	0.04499	0.35453	0.12220	0.29582	0.02447	0.00545	0.00635	0.01907	0.00696	0.00639
8	0.01645	0.01099	0.01191	0.01115	0.01338	0.01114	0.00796	0.11478	0.02054	0.02917	0.03848	0.13035	0.12056	0.20848	0.01871	0.00429	0.00642	0.01309	0.20394	0.00819
9	0.01584	0.01446	0.01426	0.01509	0.01773	0.10684	0.01249	0.01911	0.02072	0.02471	0.05256	0.08209	0.20110	0.02129	0.01095	0.00346	0.00822	0.34338	0.00752	0.00817
10	0.02639	0.02528	0.02488	0.02320	0.07648	0.18225	0.01712	0.12413	0.13623	0.06235	0.01973	0.02178	0.01556	0.01108	0.01299	0.00281	0.16318	0.00755	0.00617	0.04083
11	0.01921	0.01384	0.01576	0.01427	0.01696	0.01465	0.01041	0.22301	0.02403	0.03221	0.03177	0.25033	0.03390	0.20955	0.04519	0.00501	0.00833	0.01482	0.00740	0.00934
12	0.02207	0.01615	0.01928	0.01545	0.02061	0.01611	0.04703	0.22390	0.02605	0.03793	0.02487	0.10312	0.02147	0.01138	0.00793	0.00232	0.00723	0.00954	0.20402	0.16356
13	0.52375	0.02177	0.10244	0.01788	0.02488	0.02012	0.12277	0.02632	0.01637	0.03558	0.01362	0.01645	0.01035	0.00798	0.00668	0.00275	0.00901	0.00598	0.00499	0.01032
14	0.02529	0.01776	0.02039	0.01684	0.02121	0.01963	0.01330	0.29483	0.06732	0.08964	0.02410	0.03091	0.02012	0.14195	0.11746	0.00553	0.04548	0.00915	0.00741	0.01168
15	0.02924	0.03699	0.06309	0.02556	0.03155	0.45546	0.14500	0.06251	0.02434	0.02482	0.01488	0.01782	0.01184	0.00868	0.00846	0.00244	0.01505	0.00678	0.00465	0.01086
16	0.01151	0.00812	0.01041	0.01130	0.01211	0.00767	0.00756	0.01341	0.01802	0.02458	0.20093	0.39250	0.05899	0.16050	0.01768	0.00433	0.00550	0.01991	0.00793	0.00703
17	0.02239	0.02085	0.01995	0.01807	0.02273	0.09691	0.01398	0.04297	0.51209	0.03362	0.03208	0.03065	0.02448	0.01500	0.05123	0.00360	0.00903	0.00932	0.00808	0.01297
18	0.01957	0.01574	0.01782	0.01366	0.01969	0.01397	0.01055	0.11016	0.05697	0.03078	0.01974	0.02659	0.01750	0.13419	0.01395	0.00291	0.00733	0.00724	0.00595	0.45569
19	0.08548	0.01311	0.01524	0.01297	0.01779	0.01239	0.01032	0.02993	0.09761	0.27069	0.10039	0.04884	0.21969	0.01485	0.00912	0.00281	0.00608	0.01220	0.00915	0.01135
20	0.10141	0.11016	0.13401	0.02739	0.15486	0.14152	0.02097	0.02701	0.01837	0.02565	0.01373	0.01773	0.01159	0.00963	0.01186	0.00273	0.14947	0.00642	0.00418	0.01130

[dist]
# distance from previous block
# <min> <max>
0	4

[block]
# block no. 2 follows, 20 sequences, length 9
# corresponding to MSA columns:
# 102-110
name=unknown_C
#
# <colnr> <probs for GDERKNQSTAVLIFYWHMCP>
#	G	D	E	R	K	N	Q	S	T	A	V	L	I	F	Y	W	H	M	C	P
0	0.02219	0.01741	0.02270	0.06320	0.14375	0.01845	0.01651	0.23965	0.02829	0.03849	0.14189	0.08935	0.03433	0.01396	0.00954	0.00287	0.00831	0.06973	0.00762	0.01176
1	0.02060	0.01866	0.01739	0.01596	0.01980	0.13257	0.01255	0.13318	0.02392	0.02972	0.03670	0.12740	0.10607	0.05222	0.01143	0.00318	0.00880	0.13714	0.00709	0.08559
2	0.02295	0.09778	0.07306	0.01800	0.02417	0.02209	0.01588	0.17094	0.19716	0.03557	0.02501	0.03048	0.02058	0.01141	0.00941	0.00267	0.04214	0.06422	0.00702	0.10946
3	0.02302	0.01878	0.01993	0.14128	0.02830	0.12573	0.01445	0.02770	0.05064	0.13912	0.02767	0.02972	0.07717	0.01603	0.07538	0.00359	0.01080	0.00838	0.00627	0.15601
4	0.20737	0.02631	0.26203	0.09292	0.03066	0.01764	0.05302	0.02366	0.01718	0.02903	0.02083	0.14191	0.01945	0.01176	0.00823	0.00292	0.00981	0.00976	0.00501	0.01050
5	0.17206	0.02296	0.13979	0.02603	0.09322	0.01840	0.20934	0.02462	0.01902	0.03001	0.05480	0.03075	0.10113	0.01024	0.00874	0.00281	0.01035	0.00956	0.00523	0.01092
6	0.09337	0.02519	0.09016	0.01786	0.02355	0.14598	0.01532	0.08357	0.24467	0.03254	0.03269	0.03194	0.10309	0.01181	0.00846	0.00274	0.00920	0.00915	0.00697	0.01175
7	0.02260	0.06081	0.03271	0.15510	0.27764	0.05559	0.09888	0.02747	0.02005	0.09575	0.01978	0.05942	0.01636	0.00937	0.00880	0.00270	0.01078	0.00885	0.00517	0.01216
8	0.07433	0.01579	0.08376	0.14548	0.12440	0.01414	0.01655	0.01877	0.01530	0.02237	0.01779	0.07456	0.01669	0.01834	0.01849	0.29303	0.00908	0.00864	0.00434	0.00816

[dist]
# distance from previous block
# <min> <max>
2	3

[block]
# block no. 3 follows, 20 sequences, length 35
# corresponding to MSA columns:
# 114-148
name=unknown_D
#
# <colnr> <probs for GDERKNQSTAVLIFYWHMCP>
#	G	D	E	R	K	N	Q	S	T	A	V	L	I	F	Y	W	H	M	C	P
0	0.01868	0.02889	0.25419	0.18860	0.07104	0.07721	0.02356	0.02783	0.09795	0.02650	0.02521	0.02788	0.07489	0.01026	0.00865	0.00279	0.01107	0.00840	0.00495	0.01145
1	0.01955	0.02037	0.03980	0.23764	0.19169	0.02091	0.28822	0.02591	0.01944	0.02632	0.01669	0.02298	0.01288	0.00788	0.00941	0.00285	0.01272	0.00890	0.00422	0.01161
2	0.05880	0.12252	0.02754	0.05899	0.18066	0.19318	0.01773	0.02602	0.01916	0.02372	0.01633	0.02151	0.01424	0.02132	0.15676	0.00503	0.01453	0.00694	0.00439	0.01063
3	0.07327	0.15674	0.02412	0.01749	0.02154	0.23201	0.01451	0.02574	0.02093	0.02495	0.08250	0.04136	0.02803	0.01365	0.00956	0.00278	0.04274	0.15279	0.00578	0.00954
4	0.09755	0.13958	0.03067	0.02932	0.21479	0.17629	0.01883	0.13786	0.02414	0.03145	0.01543	0.01808	0.01253	0.00855	0.00765	0.00240	0.01098	0.00646	0.00519	0.01226
5	0.29497	0.02328	0.02021	0.02174	0.11937	0.18164	0.01453	0.02989	0.09457	0.03220	0.07285	0.02269	0.01938	0.00962	0.00742	0.00260	0.00939	0.00709	0.00581	0.01075
6	0.01626	0.00813	0.00813	0.00813	0.01016	0.00813	0.00610	0.02033	0.01829	0.03252	0.02846	0.03252	0.02236	0.01016	0.00610	0.00203	0.00407	0.00813	0.74187	0.00813
7	0.02634	0.02991	0.02140	0.02009	0.04692	0.39106	0.01468	0.08156	0.02574	0.02794	0.16063	0.03151	0.06233	0.01182	0.00866	0.00245	0.01168	0.00894	0.00624	0.01011
8	0.03264	0.03989	0.02486	0.02224	0.02697	0.59626	0.01683	0.09146	0.02632	0.02466	0.01422	0.01624	0.01159	0.00913	0.00795	0.00228	0.01513	0.00584	0.00491	0.01058
9	0.02635	0.02727	0.03344	0.02838	0.08738	0.18509	0.18346	0.16193	0.02542	0.03184	0.01652	0.02009	0.01295	0.00927	0.01081	0.00267	0.07867	0.00782	0.00539	0.04526
10	0.01516	0.18571	0.02333	0.01427	0.01828	0.01587	0.06888	0.01831	0.01985	0.02551	0.17569	0.17351	0.17927	0.01698	0.00926	0.00274	0.00674	0.01476	0.00696	0.00891
11	0.01068	0.00819	0.00979	0.01079	0.01236	0.00730	0.00756	0.01271	0.01869	0.02401	0.12127	0.39944	0.27702	0.02442	0.01074	0.00324	0.00473	0.02151	0.00825	0.00730
12	0.01083	0.00768	0.01006	0.01189	0.01234	0.00722	0.00782	0.01220	0.01631	0.02174	0.04605	0.62565	0.05513	0.09292	0.01441	0.00403	0.00540	0.02360	0.00782	0.00691
13	0.02199	0.17601	0.03777	0.04470	0.49779	0.02388	0.02406	0.02662	0.01937	0.02667	0.01543	0.01985	0.01322	0.00770	0.00794	0.00242	0.01013	0.00706	0.00418	0.01322
14	0.01083	0.00886	0.00956	0.00938	0.01210	0.00758	0.00704	0.01352	0.02111	0.02647	0.22740	0.07916	0.49465	0.02101	0.01030	0.00289	0.00434	0.01774	0.00848	0.00758
15	0.01059	0.00853	0.00945	0.00989	0.01213	0.00738	0.00716	0.01282	0.01955	0.02438	0.13288	0.23579	0.43289	0.02300	0.01052	0.00308	0.00455	0.01977	0.00825	0.00738
16	0.02364	0.02502	0.03211	0.10290	0.44602	0.16666	0.02427	0.02821	0.02075	0.02629	0.01566	0.02040	0.01303	0.00814	0.00847	0.00254	0.01171	0.00728	0.00432	0.01259
17	0.02805	0.02805	0.02247	0.02007	0.02473	0.29112	0.01605	0.21477	0.02876	0.03333	0.02420	0.03845	0.02231	0.01331	0.00921	0.00282	0.01181	0.15266	0.00675	0.01110
18	0.02095	0.04431	0.50544	0.02431	0.03528	0.16643	0.02871	0.02928	0.01986	0.02619	0.01516	0.01780	0.01109	0.00845	0.00819	0.00264	0.01354	0.00626	0.00387	0.01225
19	0.01447	0.01176	0.01336	0.01354	0.01667	0.01191	0.01095	0.02300	0.17357	0.02771	0.06072	0.07572	0.28366	0.02015	0.01053	0.00331	0.00627	0.20518	0.00827	0.00923
20	0.13420	0.02026	0.02079	0.01704	0.02278	0.02272	0.01379	0.32256	0.18318	0.04573	0.02411	0.02405	0.01779	0.01044	0.00802	0.00266	0.00795	0.00793	0.08089	0.01312
21	0.01234	0.00950	0.01244	0.01226	0.01371	0.01031	0.00907	0.01449	0.01503	0.02030	0.03859	0.04999	0.16407	0.19290	0.34305	0.00975	0.04733	0.01208	0.00555	0.00722
22	0.02288	0.03188	0.19915	0.03899	0.34260	0.15968	0.02609	0.02876	0.02053	0.02670	0.01557	0.01945	0.01250	0.00818	0.00837	0.00256	0.01222	0.00694	0.00418	0.01276
23	0.02033	0.25346	0.28749	0.02624	0.08490	0.02531	0.13342	0.02712	0.01872	0.02543	0.01493	0.01819	0.01174	0.00780	0.00781	0.00249	0.01185	0.00669	0.00389	0.01220
24	0.01082	0.00767	0.01007	0.01191	0.01237	0.00721	0.00784	0.01219	0.01633	0.02178	0.04620	0.63021	0.05532	0.08811	0.01417	0.00399	0.00537	0.02369	0.00784	0.00692
25	0.01809	0.01550	0.01809	0.01292	0.02067	0.01163	0.01034	0.02196	0.01809	0.02842	0.01550	0.01809	0.01292	0.00646	0.00646	0.00129	0.00646	0.00517	0.00517	0.74677
26	0.03468	0.02199	0.02467	0.01891	0.02583	0.02343	0.01562	0.46548	0.03693	0.20522	0.02437	0.02317	0.01655	0.01055	0.00874	0.00264	0.00904	0.00809	0.00925	0.01484
27	0.02088	0.02103	0.02549	0.11116	0.17806	0.13278	0.01924	0.05043	0.01889	0.02443	0.01670	0.02320	0.01454	0.02275	0.16095	0.00540	0.13130	0.00773	0.00449	0.01055
28	0.02916	0.02686	0.02284	0.01889	0.02447	0.20924	0.01499	0.34093	0.03269	0.03983	0.03004	0.02996	0.11773	0.01198	0.00874	0.00256	0.01053	0.00896	0.00738	0.01220
29	0.01063	0.00759	0.01012	0.01215	0.01265	0.00709	0.00810	0.01215	0.01670	0.02227	0.04808	0.68775	0.05769	0.02733	0.01113	0.00354	0.00506	0.02480	0.00810	0.00709
30	0.01063	0.00759	0.01012	0.01215	0.01265	0.00709	0.00810	0.01215	0.01670	0.02227	0.04808	0.68775	0.05769	0.02733	0.01113	0.00354	0.00506	0.02480	0.00810	0.00709
31	0.01303	0.00971	0.01263	0.01409	0.01635	0.00931	0.01203	0.01656	0.02003	0.02541	0.05770	0.09445	0.21005	0.02355	0.01157	0.00372	0.00705	0.42686	0.00805	0.00785
32	0.02461	0.02019	0.02137	0.01834	0.02379	0.02306	0.01451	0.18984	0.47503	0.04120	0.03180	0.02959	0.02362	0.01149	0.00884	0.00287	0.00759	0.00935	0.00884	0.01407
33	0.03316	0.02443	0.02618	0.02007	0.02705	0.02705	0.01658	0.60995	0.04101	0.05497	0.02094	0.02094	0.01483	0.01047	0.00873	0.00262	0.00960	0.00785	0.00873	0.01483
34	0.02088	0.02000	0.03413	0.13899	0.55910	0.02054	0.02642	0.02615	0.01953	0.02764	0.01628	0.02182	0.01351	0.00790	0.00865	0.00263	0.01054	0.00777	0.00426	0.01325

[dist]
# distance from previous block
# <min> <max>
0	1

[block]
# block no. 4 follows, 20 sequences, length 70
# corresponding to MSA columns:
# 150-219
name=unknown_E
#
# <colnr> <probs for GDERKNQSTAVLIFYWHMCP>
#	G	D	E	R	K	N	Q	S	T	A	V	L	I	F	Y	W	H	M	C	P
0	0.02431	0.02664	0.02091	0.01908	0.02245	0.32286	0.01469	0.07879	0.02154	0.02395	0.01779	0.02340	0.01557	0.03082	0.25547	0.00682	0.05305	0.00734	0.00491	0.00963
1	0.02974	0.24314	0.03116	0.02016	0.02556	0.46704	0.01626	0.03216	0.02257	0.02109	0.01307	0.01520	0.01122	0.00852	0.00717	0.00213	0.01377	0.00533	0.00426	0.01044
2	0.01031	0.00884	0.00884	0.00884	0.01178	0.00736	0.00663	0.01252	0.01988	0.02356	0.08837	0.08395	0.63549	0.02209	0.01031	0.00295	0.00442	0.01841	0.00810	0.00736
3	0.02738	0.03087	0.02987	0.03715	0.31822	0.32630	0.02156	0.05712	0.02315	0.02628	0.01521	0.01875	0.01263	0.00848	0.00827	0.00243	0.01290	0.00674	0.00460	0.01209
4	0.02143	0.07008	0.27576	0.07776	0.15132	0.12844	0.09903	0.02825	0.01991	0.02601	0.01548	0.01932	0.01193	0.00818	0.00842	0.00263	0.01283	0.00704	0.00405	0.01214
5	0.01068	0.00785	0.00987	0.01145	0.01234	0.00720	0.00770	0.01224	0.01702	0.02220	0.05376	0.55310	0.15335	0.06157	0.01275	0.00370	0.00513	0.02309	0.00795	0.00704
6	0.01268	0.00846	0.00951	0.00951	0.00951	0.00846	0.00529	0.01268	0.01268	0.01691	0.02748	0.05708	0.03171	0.69345	0.04440	0.00846	0.00846	0.01268	0.00529	0.00529
7	0.01983	0.45454	0.03621	0.01541	0.02127	0.02602	0.05382	0.02307	0.01916	0.02397	0.13511	0.08830	0.02936	0.01132	0.00734	0.00227	0.00830	0.00909	0.00532	0.01028
8	0.05654	0.12712	0.05473	0.02417	0.12639	0.24690	0.01718	0.02686	0.01959	0.02325	0.01616	0.02092	0.01409	0.02191	0.16240	0.00509	0.01516	0.00672	0.00440	0.01044
9	0.01137	0.00846	0.00934	0.00969	0.01097	0.00778	0.00631	0.01253	0.01629	0.02052	0.05569	0.17525	0.28112	0.30774	0.02491	0.00538	0.00624	0.01707	0.00691	0.00643
10	0.01947	0.01852	0.01567	0.01480	0.01755	0.16523	0.01075	0.10654	0.02212	0.02627	0.03930	0.22696	0.13316	0.12569	0.01516	0.00378	0.00871	0.01472	0.00689	0.00872
11	0.12758	0.02724	0.25680	0.02984	0.21733	0.01852	0.02341	0.02485	0.01774	0.02848	0.01803	0.05763	0.01546	0.01558	0.08133	0.00401	0.01194	0.00794	0.00449	0.01177
12	0.02552	0.54241	0.04072	0.01672	0.02348	0.18290	0.01538	0.02819	0.01939	0.02072	0.01245	0.01441	0.01120	0.00783	0.00614	0.00196	0.01085	0.00489	0.00391	0.01094
13	0.02060	0.08090	0.18255	0.04093	0.34936	0.02194	0.12460	0.02712	0.01947	0.02756	0.01610	0.02057	0.01286	0.00780	0.00859	0.00263	0.01160	0.00764	0.00414	0.01305
14	0.02087	0.14683	0.30623	0.03218	0.22635	0.06905	0.02647	0.02762	0.01922	0.02626	0.01514	0.01849	0.01197	0.00804	0.00792	0.00252	0.01169	0.00651	0.00395	0.01270
15	0.01081	0.00772	0.01033	0.01235	0.01294	0.00724	0.00841	0.01246	0.01688	0.02247	0.04798	0.65660	0.05730	0.02716	0.01118	0.00357	0.00522	0.05417	0.00809	0.00714
16	0.03165	0.02376	0.02666	0.05679	0.06109	0.02631	0.01753	0.54771	0.03863	0.05183	0.02041	0.02110	0.01461	0.01024	0.00872	0.00263	0.00975	0.00784	0.00823	0.01450
17	0.01937	0.02032	0.06505	0.04273	0.43883	0.01860	0.08539	0.02455	0.01987	0.02756	0.02858	0.03210	0.11800	0.01016	0.00907	0.00270	0.00996	0.00976	0.00493	0.01247
18	0.01100	0.00874	0.00999	0.01080	0.01301	0.00773	0.00819	0.01333	0.01916	0.02367	0.07191	0.22990	0.40276	0.02366	0.01079	0.00326	0.00516	0.11143	0.00809	0.00741
19	0.01215	0.00916	0.01140	0.01156	0.01386	0.00841	0.00914	0.01568	0.02218	0.02951	0.33376	0.07859	0.23753	0.02058	0.01071	0.00311	0.00514	0.15082	0.00879	0.00793
20	0.08055	0.03033	0.10690	0.03655	0.31548	0.22988	0.02288	0.02944	0.02089	0.02685	0.01503	0.01870	0.01229	0.00826	0.00809	0.00251	0.01217	0.00667	0.00438	0.01215
21	0.03026	0.13422	0.13839	0.02041	0.06256	0.02153	0.01833	0.17122	0.02614	0.25684	0.02318	0.02257	0.01596	0.00955	0.00815	0.00255	0.00940	0.00741	0.00751	0.01384
22	0.01910	0.01087	0.01116	0.01014	0.01300	0.01131	0.00786	0.11934	0.02211	0.03629	0.02719	0.03058	0.02109	0.01021	0.00654	0.00213	0.00499	0.00808	0.61876	0.00926
23	0.75506	0.01687	0.01282	0.01147	0.01687	0.01957	0.00945	0.02564	0.01484	0.03914	0.01215	0.01417	0.00945	0.00810	0.00540	0.00270	0.00675	0.00472	0.00540	0.00945
24	0.02640	0.22165	0.07276	0.01895	0.02539	0.17835	0.01659	0.13116	0.16737	0.03079	0.01973	0.02029	0.01548	0.00943	0.00763	0.00240	0.01057	0.00679	0.00597	0.01229
25	0.01246	0.00935	0.01402	0.01402	0.01558	0.01090	0.01090	0.01558	0.01402	0.02025	0.02336	0.03427	0.02181	0.06542	0.65888	0.01402	0.02336	0.00935	0.00467	0.00779
26	0.01217	0.00956	0.01108	0.01058	0.01320	0.00881	0.00797	0.01694	0.06402	0.03051	0.37436	0.07044	0.30011	0.01913	0.01020	0.00284	0.00443	0.01642	0.00895	0.00827
27	0.01246	0.00935	0.01402	0.01402	0.01558	0.01090	0.01090	0.01558	0.01402	0.02025	0.02336	0.03427	0.02181	0.06542	0.65888	0.01402	0.02336	0.00935	0.00467	0.00779
28	0.01063	0.00759	0.01012	0.01215	0.01265	0.00709	0.00810	0.01215	0.01670	0.02227	0.04808	0.68775	0.05769	0.02733	0.01113	0.00354	0.00506	0.02480	0.00810	0.00709
29	0.02344	0.02423	0.03361	0.04832	0.53625	0.12781	0.02511	0.02812	0.02068	0.02730	0.01592	0.02061	0.01338	0.00798	0.00851	0.00253	0.01126	0.00741	0.00435	0.01319
30	0.01868	0.01924	0.01796	0.01705	0.01934	0.19739	0.01317	0.02146	0.01704	0.02062	0.01971	0.02791	0.01807	0.04581	0.42905	0.00995	0.06626	0.00816	0.00456	0.00857
31	0.01073	0.00778	0.01014	0.01181	0.01261	0.00719	0.00799	0.01249	0.01752	0.02329	0.09364	0.59665	0.10348	0.02624	0.01101	0.00344	0.00494	0.02366	0.00821	0.00719
32	0.19465	0.02094	0.07650	0.15734	0.27811	0.02029	0.07850	0.02583	0.01817	0.02973	0.01528	0.02009	0.01209	0.00803	0.00802	0.00272	0.01035	0.00719	0.00445	0.01173
33	0.01676	0.01331	0.01579	0.01554	0.01875	0.01435	0.01257	0.02920	0.26664	0.03244	0.18174	0.06369	0.04824	0.01762	0.01034	0.00328	0.00664	0.21391	0.00875	0.01043
34	0.01204	0.00890	0.01124	0.01066	0.01285	0.00810	0.00799	0.01587	0.02398	0.03328	0.55327	0.06795	0.16452	0.01847	0.01029	0.00277	0.00416	0.01617	0.00938	0.00810
35	0.01031	0.00884	0.00884	0.00884	0.01178	0.00736	0.00663	0.01252	0.01988	0.02356	0.08837	0.08395	0.63549	0.02209	0.01031	0.00295	0.00442	0.01841	0.00810	0.00736
36	0.01268	0.00846	0.00951	0.00951	0.00951	0.00846	0.00529	0.01268	0.01268	0.01691	0.02748	0.05708	0.03171	0.69345	0.04440	0.00846	0.00846	0.01268	0.00529	0.00529
37	0.02568	0.02273	0.02184	0.01885	0.02422	0.09663	0.01482	0.17906	0.41555	0.03913	0.02949	0.02784	0.02204	0.01118	0.00872	0.00280	0.00857	0.00889	0.00833	0.01362
38	0.01036	0.00865	0.00903	0.00933	0.01191	0.00732	0.00685	0.01246	0.01941	0.02337	0.08238	0.17369	0.54962	0.02287	0.01043	0.00303	0.00451	0.01936	0.00810	0.00732
39	0.02579	0.02893	0.03047	0.03879	0.34747	0.27606	0.02222	0.02955	0.02131	0.02507	0.01486	0.01906	0.01261	0.00883	0.00985	0.00255	0.06332	0.00690	0.00435	0.01201
40	0.01781	0.08014	0.61597	0.02433	0.03693	0.02102	0.03130	0.02754	0.01838	0.02724	0.01546	0.01818	0.01106	0.00824	0.00814	0.00271	0.01270	0.00635	0.00369	0.01280
41	0.03258	0.04157	0.02472	0.02247	0.02697	0.65843	0.01685	0.03483	0.02472	0.02135	0.01348	0.01573	0.01124	0.00899	0.00787	0.00225	0.01573	0.00562	0.00449	0.01011
42	0.01392	0.01057	0.01301	0.01211	0.01465	0.01049	0.00917	0.02148	0.12521	0.03523	0.53386	0.05968	0.07295	0.01683	0.01005	0.00278	0.00458	0.01478	0.00948	0.00917
43	0.02655	0.12853	0.03694	0.02628	0.03248	0.32333	0.21806	0.03061	0.02179	0.02346	0.01462	0.01829	0.01192	0.00850	0.00931	0.00250	0.04452	0.00717	0.00433	0.01080
44	0.01249	0.01021	0.01187	0.03990	0.01644	0.00972	0.01001	0.01707	0.06579	0.02521	0.06937	0.08150	0.39794	0.02130	0.01062	0.00325	0.00593	0.17526	0.00796	0.00814
45	0.02317	0.17787	0.03013	0.02349	0.12643	0.05561	0.05648	0.14005	0.02462	0.05706	0.12219	0.07537	0.02813	0.01148	0.00848	0.00253	0.00901	0.00973	0.00648	0.01169
46	0.01808	0.10185	0.02059	0.01571	0.01772	0.11227	0.01217	0.01991	0.01557	0.01963	0.01951	0.03275	0.01986	0.22049	0.18997	0.00730	0.13506	0.00885	0.00455	0.00816
47	0.01063	0.00759	0.01012	0.01215	0.01265	0.00709	0.00810	0.01215	0.01670	0.02227	0.04808	0.68775	0.05769	0.02733	0.01113	0.00354	0.00506	0.02480	0.00810	0.00709
48	0.02272	0.02056	0.03312	0.22012	0.23318	0.02206	0.11610	0.16437	0.02431	0.03293	0.01742	0.02222	0.01334	0.00862	0.00895	0.00274	0.01124	0.00819	0.00525	0.01255
49	0.02354	0.03006	0.17373	0.17820	0.08109	0.16076	0.02249	0.13838	0.02405	0.03009	0.01931	0.02249	0.03883	0.00951	0.00849	0.00265	0.01204	0.00745	0.00510	0.01173
50	0.01220	0.00848	0.00943	0.00951	0.01003	0.00821	0.00563	0.01263	0.01407	0.01826	0.03860	0.08885	0.13423	0.55192	0.03724	0.00732	0.00763	0.01417	0.00588	0.00571
51	0.01128	0.00819	0.00960	0.01042	0.01133	0.00764	0.00675	0.01243	0.01603	0.02067	0.05034	0.32011	0.18588	0.26271	0.02275	0.00515	0.00611	0.01898	0.00710	0.00651
52	0.07019	0.02030	0.03886	0.21985	0.14741	0.02090	0.30169	0.02597	0.01917	0.02719	0.01645	0.02248	0.01261	0.00787	0.00923	0.00286	0.01255	0.00876	0.00431	0.01136
53	0.01182	0.00870	0.01166	0.01183	0.01346	0.00853	0.00872	0.01495	0.01991	0.02765	0.31132	0.20791	0.10016	0.03171	0.16475	0.00563	0.00894	0.01658	0.00797	0.00779
54	0.01063	0.00759	0.01012	0.01215	0.01265	0.00709	0.00810	0.01215	0.01670	0.02227	0.04808	0.68775	0.05769	0.02733	0.01113	0.00354	0.00506	0.02480	0.00810	0.00709
55	0.01057	0.00855	0.00940	0.00982	0.01210	0.00738	0.00712	0.01279	0.01956	0.02429	0.12814	0.22585	0.44808	0.02295	0.01050	0.00307	0.00454	0.01969	0.00824	0.00738
56	0.03107	0.15062	0.02835	0.02102	0.02620	0.50557	0.01651	0.07717	0.02479	0.02377	0.01382	0.01584	0.01150	0.00885	0.00755	0.00221	0.01419	0.00563	0.00469	0.01065
57	0.02842	0.03096	0.02907	0.03412	0.26352	0.31780	0.02065	0.11751	0.02527	0.02913	0.01573	0.01877	0.01277	0.00874	0.00829	0.00244	0.01274	0.00678	0.00506	0.01225
58	0.06869	0.50219	0.03878	0.01652	0.02315	0.18202	0.01506	0.02816	0.01922	0.02182	0.01245	0.01442	0.01110	0.00786	0.00612	0.00201	0.01070	0.00489	0.00401	0.01083
59	0.01221	0.00891	0.01147	0.01083	0.01295	0.00817	0.00812	0.01619	0.02436	0.03419	0.59680	0.06645	0.12043	0.01813	0.01029	0.00276	0.00414	0.01596	0.00950	0.00817
60	0.01626	0.00813	0.00813	0.00813	0.01016	0.00813	0.00610	0.02033	0.01829	0.03252	0.02846	0.03252	0.02236	0.01016	0.00610	0.00203	0.00407	0.00813	0.74187	0.00813
61	0.01103	0.00886	0.00984	0.00960	0.01223	0.00767	0.00720	0.01392	0.02159	0.02762	0.28235	0.07727	0.43898	0.02058	0.01030	0.00287	0.00431	0.01747	0.00863	0.00767
62	0.01750	0.04512	0.64825	0.02486	0.03775	0.02026	0.03223	0.02762	0.01842	0.02762	0.01565	0.01842	0.01105	0.00829	0.00829	0.00276	0.01289	0.00645	0.00368	0.01289
63	0.01268	0.00846	0.00951	0.00951	0.00951	0.00846	0.00529	0.01268	0.01268	0.01691	0.02748	0.05708	0.03171	0.69345	0.04440	0.00846	0.00846	0.01268	0.00529	0.00529
64	0.03016	0.21364	0.03022	0.02050	0.02577	0.49506	0.01635	0.03255	0.02289	0.02113	0.01313	0.01528	0.01122	0.00859	0.00727	0.00215	0.01405	0.00537	0.00429	0.01040
65	0.02150	0.02359	0.04964	0.03555	0.04424	0.02242	0.56454	0.07012	0.02207	0.02990	0.01789	0.02334	0.01335	0.00758	0.01018	0.00292	0.01434	0.01012	0.00472	0.01199
66	0.09246	0.18574	0.02924	0.25368	0.03686	0.17553	0.01833	0.06700	0.02062	0.02548	0.01428	0.01824	0.01145	0.00855	0.00746	0.00246	0.01146	0.00623	0.00447	0.01048
67	0.02503	0.01255	0.01632	0.01355	0.01792	0.01157	0.01077	0.07245	0.02605	0.28922	0.33917	0.04710	0.05202	0.01436	0.00954	0.00272	0.00590	0.01227	0.01003	0.01147
68	0.11689	0.01712	0.05310	0.05126	0.02325	0.01656	0.01460	0.16670	0.02560	0.11868	0.11822	0.04622	0.03311	0.01433	0.00930	0.00301	0.00805	0.14482	0.00800	0.01116
69	0.01247	0.01276	0.06205	0.01389	0.01742	0.00969	0.05309	0.01551	0.01828	0.02409	0.05353	0.32817	0.23578	0.02076	0.01015	0.00303	0.00628	0.01841	0.00722	0.07743

[dist]
# distance from previous block
# <min> <max>
0	3

# created by:
# /home/cegg/simao/soft/augustus-3.2.1/scripts/msa2prfl.pl ./align_prep/15179.fa
