[name]
unknown

[dist]
# distance from previous block
# <min> <max>
0	24

[block]
# block no. 0 follows, 22 sequences, length 55
# corresponding to MSA columns:
# 24-78
name=unknown_A
#
# <colnr> <probs for GDERKNQSTAVLIFYWHMCP>
#	G	D	E	R	K	N	Q	S	T	A	V	L	I	F	Y	W	H	M	C	P
0	0.01175	0.00894	0.01110	0.01185	0.01411	0.00830	0.00974	0.01494	0.01981	0.02541	0.16441	0.08301	0.28279	0.02119	0.01056	0.00323	0.00570	0.27780	0.00793	0.00744
1	0.01054	0.00904	0.00910	0.00898	0.01191	0.00792	0.00677	0.01406	0.06029	0.02326	0.08081	0.07670	0.61115	0.02039	0.00973	0.00281	0.00437	0.01699	0.00776	0.00742
2	0.01315	0.00949	0.01306	0.01484	0.01681	0.00939	0.01292	0.01686	0.01911	0.02470	0.04666	0.09279	0.08802	0.02282	0.01136	0.00376	0.00742	0.56158	0.00765	0.00761
3	0.01012	0.00723	0.00964	0.01157	0.01205	0.00675	0.00771	0.01157	0.01591	0.02121	0.04579	0.70262	0.05495	0.02603	0.01060	0.00337	0.00482	0.02362	0.00771	0.00675
4	0.01053	0.00864	0.00941	0.00979	0.01241	0.00752	0.00772	0.01298	0.01897	0.02292	0.07616	0.08269	0.53240	0.02142	0.01015	0.00301	0.00489	0.13355	0.00770	0.00714
5	0.01961	0.02241	0.04902	0.03501	0.04342	0.02101	0.62605	0.02661	0.01961	0.02661	0.01681	0.02241	0.01261	0.00700	0.00980	0.00280	0.01401	0.00980	0.00420	0.01120
6	0.02056	0.01974	0.03372	0.05099	0.65622	0.01974	0.02550	0.02550	0.01892	0.02714	0.01563	0.02056	0.01316	0.00740	0.00822	0.00247	0.00987	0.00740	0.00411	0.01316
7	0.01187	0.00890	0.01335	0.01335	0.01483	0.01038	0.01038	0.01483	0.01335	0.01928	0.02225	0.03264	0.02077	0.06231	0.67512	0.01335	0.02225	0.00890	0.00445	0.00742
8	0.01686	0.04162	0.62448	0.02442	0.03645	0.01941	0.06986	0.02633	0.01768	0.02633	0.01503	0.01786	0.01066	0.00783	0.00802	0.00264	0.01239	0.00638	0.00355	0.01221
9	0.02056	0.01974	0.03372	0.05099	0.65622	0.01974	0.02550	0.02550	0.01892	0.02714	0.01563	0.02056	0.01316	0.00740	0.00822	0.00247	0.00987	0.00740	0.00411	0.01316
10	0.09213	0.03246	0.02295	0.07880	0.02766	0.44388	0.01602	0.13911	0.02494	0.02764	0.01419	0.01638	0.01121	0.00872	0.00751	0.00230	0.01286	0.00584	0.00503	0.01036
11	0.00997	0.00781	0.00904	0.01003	0.01165	0.00688	0.00703	0.01174	0.01738	0.02181	0.06452	0.39868	0.34679	0.02359	0.01022	0.00310	0.00452	0.02065	0.00771	0.00688
12	0.00982	0.00842	0.00842	0.00842	0.01122	0.00701	0.00631	0.01192	0.01894	0.02244	0.08416	0.07995	0.65285	0.02104	0.00982	0.00281	0.00421	0.01753	0.00771	0.00701
13	0.02670	0.16346	0.02982	0.05230	0.15213	0.26394	0.01781	0.14659	0.02408	0.02787	0.01462	0.01704	0.01187	0.00831	0.00741	0.00223	0.01146	0.00608	0.00487	0.01141
14	0.01777	0.17688	0.54080	0.02179	0.03303	0.02201	0.02740	0.02602	0.01741	0.02496	0.01424	0.01670	0.01055	0.00774	0.00738	0.00246	0.01160	0.00580	0.00352	0.01195
15	0.01784	0.05301	0.13483	0.01631	0.02211	0.01826	0.01501	0.03358	0.37478	0.03005	0.03941	0.03752	0.14739	0.01242	0.00848	0.00273	0.00724	0.01020	0.00718	0.01165
16	0.02074	0.52472	0.18414	0.01676	0.02468	0.02940	0.01817	0.02495	0.01682	0.02111	0.01228	0.01453	0.01064	0.00767	0.00704	0.00207	0.04480	0.00497	0.00355	0.01095
17	0.01101	0.00769	0.00929	0.01020	0.01061	0.00737	0.00638	0.01183	0.01432	0.01892	0.03913	0.36172	0.08161	0.34255	0.02527	0.00551	0.00628	0.01787	0.00647	0.00597
18	0.02056	0.01974	0.03372	0.05099	0.65622	0.01974	0.02550	0.02550	0.01892	0.02714	0.01563	0.02056	0.01316	0.00740	0.00822	0.00247	0.00987	0.00740	0.00411	0.01316
19	0.02056	0.01974	0.03372	0.05099	0.65622	0.01974	0.02550	0.02550	0.01892	0.02714	0.01563	0.02056	0.01316	0.00740	0.00822	0.00247	0.00987	0.00740	0.00411	0.01316
20	0.01569	0.01477	0.02492	0.68808	0.05722	0.01846	0.02307	0.02123	0.01661	0.02123	0.01477	0.02215	0.01107	0.00831	0.00831	0.00277	0.01107	0.00738	0.00369	0.00923
21	0.03082	0.07985	0.02474	0.02041	0.02520	0.54217	0.01573	0.08775	0.02456	0.05410	0.01437	0.01597	0.01149	0.00868	0.00747	0.00217	0.01367	0.00563	0.00489	0.01033
22	0.01635	0.01287	0.01564	0.01449	0.01694	0.04381	0.01128	0.12683	0.01840	0.02512	0.02166	0.03095	0.01972	0.09280	0.48158	0.01051	0.01860	0.00869	0.00518	0.00858
23	0.01208	0.00805	0.00906	0.00906	0.00906	0.00805	0.00503	0.01208	0.01208	0.01611	0.02618	0.05436	0.03020	0.70804	0.04228	0.00805	0.00805	0.01208	0.00503	0.00503
24	0.01203	0.00825	0.01004	0.01004	0.01038	0.00858	0.00625	0.01271	0.01237	0.01683	0.02528	0.04942	0.02805	0.56097	0.18641	0.00926	0.01129	0.01136	0.00490	0.00558
25	0.01567	0.21162	0.02077	0.01232	0.01553	0.01627	0.01045	0.01876	0.01530	0.02202	0.02027	0.02669	0.01797	0.03441	0.32960	0.00741	0.01421	0.00735	0.17494	0.00843
26	0.01078	0.00838	0.00994	0.01070	0.01272	0.00754	0.00819	0.01325	0.01872	0.02367	0.12117	0.22282	0.34134	0.02217	0.01033	0.00312	0.00501	0.13515	0.00784	0.00716
27	0.00982	0.00842	0.00842	0.00842	0.01122	0.00701	0.00631	0.01192	0.01894	0.02244	0.08416	0.07995	0.65285	0.02104	0.00982	0.00281	0.00421	0.01753	0.00771	0.00701
28	0.01012	0.00723	0.00964	0.01157	0.01205	0.00675	0.00771	0.01157	0.01591	0.02121	0.04579	0.70262	0.05495	0.02603	0.01060	0.00337	0.00482	0.02362	0.00771	0.00675
29	0.01724	0.01689	0.02525	0.27254	0.03513	0.02282	0.02002	0.02046	0.01419	0.02046	0.01236	0.01967	0.01097	0.01219	0.02013	0.00331	0.43628	0.00731	0.00366	0.00914
30	0.01187	0.00890	0.01335	0.01335	0.01483	0.01038	0.01038	0.01483	0.01335	0.01928	0.02225	0.03264	0.02077	0.06231	0.67512	0.01335	0.02225	0.00890	0.00445	0.00742
31	0.00982	0.00842	0.00842	0.00842	0.01122	0.00701	0.00631	0.01192	0.01894	0.02244	0.08416	0.07995	0.65285	0.02104	0.00982	0.00281	0.00421	0.01753	0.00771	0.00701
32	0.03103	0.03959	0.02354	0.02140	0.02568	0.67469	0.01605	0.03317	0.02354	0.02033	0.01284	0.01498	0.01070	0.00856	0.00749	0.00214	0.01498	0.00535	0.00428	0.00963
33	0.02221	0.71304	0.04353	0.01421	0.02132	0.03287	0.01421	0.02488	0.01688	0.01955	0.01155	0.01333	0.01066	0.00711	0.00533	0.00178	0.00888	0.00444	0.00355	0.01066
34	0.01569	0.01477	0.02492	0.68808	0.05722	0.01846	0.02307	0.02123	0.01661	0.02123	0.01477	0.02215	0.01107	0.00831	0.00831	0.00277	0.01107	0.00738	0.00369	0.00923
35	0.03103	0.03959	0.02354	0.02140	0.02568	0.67469	0.01605	0.03317	0.02354	0.02033	0.01284	0.01498	0.01070	0.00856	0.00749	0.00214	0.01498	0.00535	0.00428	0.00963
36	0.03189	0.02065	0.02292	0.01766	0.02403	0.02213	0.01456	0.47970	0.03489	0.17309	0.02288	0.02218	0.01578	0.01002	0.00819	0.00248	0.00846	0.00767	0.04703	0.01380
37	0.01746	0.01246	0.01426	0.01280	0.01496	0.01332	0.00913	0.19008	0.02045	0.02754	0.02605	0.11357	0.02709	0.34698	0.11142	0.00662	0.00986	0.01162	0.00620	0.00816
38	0.00982	0.00842	0.00842	0.00842	0.01122	0.00701	0.00631	0.01192	0.01894	0.02244	0.08416	0.07995	0.65285	0.02104	0.00982	0.00281	0.00421	0.01753	0.00771	0.00701
39	0.02197	0.01757	0.01977	0.01455	0.02169	0.01592	0.01181	0.22151	0.02443	0.03542	0.01648	0.01812	0.01291	0.00741	0.00686	0.00165	0.00714	0.00577	0.00604	0.51297
40	0.01012	0.00723	0.00964	0.01157	0.01205	0.00675	0.00771	0.01157	0.01591	0.02121	0.04579	0.70262	0.05495	0.02603	0.01060	0.00337	0.00482	0.02362	0.00771	0.00675
41	0.02056	0.01974	0.03372	0.05099	0.65622	0.01974	0.02550	0.02550	0.01892	0.02714	0.01563	0.02056	0.01316	0.00740	0.00822	0.00247	0.00987	0.00740	0.00411	0.01316
42	0.03085	0.05770	0.02395	0.01944	0.02430	0.34568	0.01536	0.13931	0.02513	0.15141	0.01778	0.01868	0.01326	0.00962	0.00946	0.00240	0.07183	0.00645	0.00609	0.01131
43	0.01012	0.00723	0.00964	0.01157	0.01205	0.00675	0.00771	0.01157	0.01591	0.02121	0.04579	0.70262	0.05495	0.02603	0.01060	0.00337	0.00482	0.02362	0.00771	0.00675
44	0.04531	0.01376	0.02238	0.16860	0.02988	0.01404	0.15210	0.01960	0.04492	0.02408	0.04122	0.07612	0.21648	0.04461	0.01079	0.00311	0.00860	0.04982	0.00581	0.00876
45	0.08787	0.36396	0.03487	0.01812	0.02332	0.11274	0.06437	0.02504	0.01687	0.02187	0.01201	0.01530	0.01073	0.00888	0.01050	0.00236	0.15165	0.00559	0.00386	0.01010
46	0.01056	0.00844	0.00945	0.00920	0.01168	0.00733	0.00690	0.01336	0.02069	0.02661	0.30195	0.07308	0.43246	0.01948	0.00981	0.00273	0.00410	0.01657	0.00826	0.00733
47	0.01038	0.00734	0.00956	0.01124	0.01166	0.00692	0.00736	0.01163	0.01541	0.02054	0.04323	0.61816	0.05172	0.11488	0.01473	0.00398	0.00524	0.02211	0.00736	0.00652
48	0.02355	0.18270	0.02542	0.01614	0.02139	0.02294	0.01343	0.28075	0.11314	0.03590	0.02505	0.15635	0.02303	0.01268	0.00808	0.00254	0.00786	0.01025	0.00708	0.01170
49	0.01208	0.00805	0.00906	0.00906	0.00906	0.00805	0.00503	0.01208	0.01208	0.01611	0.02618	0.05436	0.03020	0.70804	0.04228	0.00805	0.00805	0.01208	0.00503	0.00503
50	0.01131	0.00823	0.01064	0.01054	0.01226	0.00757	0.00772	0.01462	0.02170	0.03020	0.49448	0.19121	0.11037	0.01905	0.00996	0.00278	0.00412	0.01690	0.00877	0.00757
51	0.01606	0.01529	0.02462	0.40123	0.04213	0.01926	0.04822	0.02031	0.01578	0.02132	0.01727	0.06930	0.01575	0.01180	0.01379	0.00309	0.19452	0.03706	0.00415	0.00904
52	0.02217	0.02009	0.01701	0.10810	0.02310	0.20736	0.01252	0.10304	0.02192	0.02928	0.02026	0.02361	0.01583	0.00920	0.00698	0.00218	0.00882	0.00696	0.33222	0.00934
53	0.00982	0.00842	0.00842	0.00842	0.01122	0.00701	0.00631	0.01192	0.01894	0.02244	0.08416	0.07995	0.65285	0.02104	0.00982	0.00281	0.00421	0.01753	0.00771	0.00701
54	0.01053	0.00904	0.00910	0.00897	0.01190	0.00791	0.00676	0.01404	0.05987	0.02325	0.08085	0.07673	0.61157	0.02040	0.00973	0.00281	0.00436	0.01700	0.00776	0.00742

[dist]
# distance from previous block
# <min> <max>
0	1

[block]
# block no. 1 follows, 22 sequences, length 43
# corresponding to MSA columns:
# 80-122
name=unknown_B
#
# <colnr> <probs for GDERKNQSTAVLIFYWHMCP>
#	G	D	E	R	K	N	Q	S	T	A	V	L	I	F	Y	W	H	M	C	P
0	0.02145	0.02130	0.03194	0.04640	0.56410	0.07502	0.02394	0.02729	0.05750	0.02703	0.01651	0.02073	0.01370	0.00774	0.00818	0.00246	0.01010	0.00735	0.00439	0.01286
1	0.02221	0.71304	0.04353	0.01421	0.02132	0.03287	0.01421	0.02488	0.01688	0.01955	0.01155	0.01333	0.01066	0.00711	0.00533	0.00178	0.00888	0.00444	0.00355	0.01066
2	0.01733	0.08366	0.55891	0.02429	0.03582	0.02035	0.09372	0.02625	0.01772	0.02591	0.01490	0.01779	0.01076	0.00775	0.00793	0.00259	0.01225	0.00642	0.00359	0.01206
3	0.01843	0.22548	0.39822	0.02077	0.02981	0.02397	0.02427	0.02498	0.01665	0.02350	0.01339	0.01646	0.01062	0.00865	0.01003	0.00254	0.11149	0.00583	0.00354	0.01136
4	0.01030	0.00843	0.00909	0.00892	0.01152	0.00722	0.00669	0.01286	0.02008	0.02515	0.22578	0.07549	0.50953	0.02003	0.00981	0.00276	0.00414	0.01691	0.00807	0.00722
5	0.02056	0.01974	0.03372	0.05099	0.65622	0.01974	0.02550	0.02550	0.01892	0.02714	0.01563	0.02056	0.01316	0.00740	0.00822	0.00247	0.00987	0.00740	0.00411	0.01316
6	0.02227	0.02108	0.03235	0.07036	0.31672	0.05852	0.13118	0.13934	0.02330	0.03151	0.05719	0.02319	0.01717	0.00854	0.00859	0.00254	0.01046	0.00822	0.00523	0.01224
7	0.02056	0.01974	0.03372	0.05099	0.65622	0.01974	0.02550	0.02550	0.01892	0.02714	0.01563	0.02056	0.01316	0.00740	0.00822	0.00247	0.00987	0.00740	0.00411	0.01316
8	0.01208	0.00805	0.00906	0.00906	0.00906	0.00805	0.00503	0.01208	0.01208	0.01611	0.02618	0.05436	0.03020	0.70804	0.04228	0.00805	0.00805	0.01208	0.00503	0.00503
9	0.01666	0.04297	0.66500	0.02368	0.03596	0.01929	0.03069	0.02631	0.01754	0.02631	0.01491	0.01754	0.01052	0.00789	0.00789	0.00263	0.01228	0.00614	0.00351	0.01228
10	0.01888	0.08948	0.30462	0.02589	0.03438	0.05111	0.20463	0.02564	0.01765	0.02462	0.01450	0.01862	0.01122	0.00858	0.01112	0.00274	0.11410	0.00722	0.00377	0.01123
11	0.01079	0.00766	0.00929	0.01030	0.01088	0.00725	0.00659	0.01179	0.01488	0.01951	0.04317	0.39708	0.11527	0.27104	0.02192	0.00499	0.00591	0.01876	0.00675	0.00616
12	0.28843	0.33388	0.02676	0.01287	0.01825	0.02365	0.01164	0.02288	0.01525	0.02588	0.01350	0.01690	0.01190	0.01737	0.12719	0.00417	0.01043	0.00527	0.00429	0.00947
13	0.00982	0.00842	0.00842	0.00842	0.01122	0.00701	0.00631	0.01192	0.01894	0.02244	0.08416	0.07995	0.65285	0.02104	0.00982	0.00281	0.00421	0.01753	0.00771	0.00701
14	0.02171	0.02068	0.02099	0.01824	0.02113	0.14654	0.01460	0.16029	0.02143	0.02748	0.02100	0.02554	0.05793	0.02382	0.16763	0.00527	0.20256	0.00803	0.00530	0.00982
15	0.02142	0.01887	0.02837	0.03861	0.42768	0.01966	0.02100	0.03203	0.21260	0.06077	0.02212	0.02418	0.01732	0.00875	0.00830	0.00258	0.00871	0.00807	0.00577	0.01320
16	0.01207	0.00811	0.00936	0.00936	0.00946	0.00821	0.00540	0.01227	0.01217	0.01633	0.02591	0.05287	0.02956	0.66373	0.08571	0.00842	0.00903	0.01186	0.00499	0.00520
17	0.01437	0.01166	0.01325	0.01322	0.01596	0.01223	0.01007	0.02437	0.24268	0.02777	0.09980	0.21563	0.16126	0.01863	0.00971	0.00305	0.00558	0.08337	0.00809	0.00930
18	0.02380	0.02588	0.03057	0.04183	0.46106	0.22245	0.02257	0.02787	0.02035	0.02503	0.01476	0.01883	0.01240	0.00776	0.00800	0.00237	0.01145	0.00677	0.00416	0.01207
19	0.01787	0.04129	0.62730	0.02316	0.03509	0.01888	0.02961	0.02714	0.01790	0.06342	0.01595	0.01817	0.01111	0.00803	0.00792	0.00263	0.01197	0.00627	0.00390	0.01239
20	0.01208	0.00805	0.00906	0.00906	0.00906	0.00805	0.00503	0.01208	0.01208	0.01611	0.02618	0.05436	0.03020	0.70804	0.04228	0.00805	0.00805	0.01208	0.00503	0.00503
21	0.01012	0.00723	0.00964	0.01157	0.01205	0.00675	0.00771	0.01157	0.01591	0.02121	0.04579	0.70262	0.05495	0.02603	0.01060	0.00337	0.00482	0.02362	0.00771	0.00675
22	0.01916	0.01489	0.01622	0.01445	0.01863	0.01612	0.01126	0.06986	0.36303	0.07361	0.13390	0.04339	0.14278	0.01370	0.00888	0.00275	0.00595	0.01148	0.00853	0.01140
23	0.01818	0.01818	0.02545	0.02181	0.02181	0.02545	0.01818	0.01999	0.01272	0.01999	0.01091	0.01818	0.01091	0.01454	0.02726	0.00364	0.69284	0.00727	0.00364	0.00909
24	0.01198	0.00801	0.00909	0.00920	0.00922	0.00798	0.00518	0.01205	0.01229	0.01638	0.02723	0.08913	0.03153	0.67146	0.04058	0.00780	0.00788	0.01270	0.00518	0.00513
25	0.01911	0.01825	0.03109	0.24130	0.47729	0.01936	0.02477	0.02422	0.01823	0.02537	0.01537	0.02104	0.01254	0.00767	0.00825	0.00256	0.01023	0.00740	0.00399	0.01198
26	0.06661	0.16760	0.02846	0.02375	0.11599	0.38643	0.01679	0.02932	0.02053	0.02206	0.01283	0.01554	0.01097	0.00834	0.00798	0.00221	0.04466	0.00551	0.00413	0.01029
27	0.03103	0.03959	0.02354	0.02140	0.02568	0.67469	0.01605	0.03317	0.02354	0.02033	0.01284	0.01498	0.01070	0.00856	0.00749	0.00214	0.01498	0.00535	0.00428	0.00963
28	0.01752	0.03769	0.51853	0.02923	0.14925	0.01946	0.06024	0.02618	0.01790	0.02648	0.01514	0.01834	0.01111	0.00776	0.00805	0.00261	0.01193	0.00656	0.00365	0.01238
29	0.01810	0.21706	0.50354	0.02122	0.03215	0.02282	0.02641	0.02594	0.01737	0.02455	0.01404	0.01644	0.01056	0.00769	0.00723	0.00241	0.01140	0.00570	0.00352	0.01186
30	0.01937	0.01852	0.03156	0.20713	0.50941	0.01942	0.02490	0.02445	0.01835	0.02569	0.01542	0.02095	0.01265	0.00762	0.00824	0.00254	0.01016	0.00740	0.00401	0.01220
31	0.01187	0.00890	0.01335	0.01335	0.01483	0.01038	0.01038	0.01483	0.01335	0.01928	0.02225	0.03264	0.02077	0.06231	0.67512	0.01335	0.02225	0.00890	0.00445	0.00742
32	0.02056	0.01974	0.03372	0.05099	0.65622	0.01974	0.02550	0.02550	0.01892	0.02714	0.01563	0.02056	0.01316	0.00740	0.00822	0.00247	0.00987	0.00740	0.00411	0.01316
33	0.02709	0.02128	0.02658	0.02802	0.21307	0.02288	0.01803	0.41055	0.03139	0.04260	0.01904	0.02224	0.01483	0.05205	0.01037	0.00283	0.00929	0.00774	0.00686	0.01328
34	0.03107	0.03855	0.02363	0.02126	0.02569	0.63314	0.01603	0.07129	0.02454	0.02238	0.01330	0.01530	0.01092	0.00865	0.00754	0.00216	0.01461	0.00549	0.00454	0.00992
35	0.02887	0.02920	0.02634	0.02723	0.16767	0.29183	0.01808	0.24741	0.02813	0.03348	0.01605	0.01804	0.01250	0.00881	0.00795	0.00234	0.01171	0.00658	0.00570	0.01206
36	0.02531	0.01884	0.09173	0.01807	0.02391	0.01656	0.05974	0.14388	0.02275	0.22849	0.02388	0.05632	0.01825	0.01832	0.10911	0.00423	0.05771	0.00862	0.00702	0.04727
37	0.02245	0.01497	0.01653	0.05498	0.02054	0.05824	0.01146	0.06633	0.10653	0.20045	0.11602	0.04293	0.17852	0.01340	0.00875	0.00259	0.00682	0.01106	0.00813	0.03931
38	0.02049	0.02095	0.03265	0.03522	0.28298	0.07684	0.17495	0.06148	0.02027	0.02687	0.02353	0.02720	0.08676	0.00968	0.01019	0.00265	0.06209	0.00900	0.00479	0.01139
39	0.02320	0.02191	0.02912	0.03870	0.41973	0.09600	0.02129	0.11721	0.06223	0.03077	0.01762	0.02096	0.01416	0.00827	0.00806	0.00243	0.00987	0.00732	0.03850	0.01265
40	0.01661	0.01288	0.01662	0.14440	0.02447	0.01367	0.01268	0.15550	0.02144	0.02875	0.03173	0.36729	0.03416	0.01755	0.00933	0.00291	0.00711	0.01549	0.00688	0.06053
41	0.02423	0.07653	0.05529	0.02528	0.14604	0.35193	0.01741	0.02745	0.02005	0.02169	0.01510	0.01928	0.01300	0.01799	0.12904	0.00424	0.01477	0.00637	0.00419	0.01011
42	0.01565	0.05550	0.01510	0.01262	0.01535	0.06042	0.00963	0.08973	0.02279	0.03002	0.29891	0.20302	0.10444	0.01739	0.00937	0.00271	0.00590	0.01499	0.00788	0.00857

[dist]
# distance from previous block
# <min> <max>
4	12

[block]
# block no. 2 follows, 22 sequences, length 13
# corresponding to MSA columns:
# 135-147
name=unknown_C
#
# <colnr> <probs for GDERKNQSTAVLIFYWHMCP>
#	G	D	E	R	K	N	Q	S	T	A	V	L	I	F	Y	W	H	M	C	P
0	0.02175	0.45420	0.14357	0.02140	0.11145	0.07880	0.01864	0.02584	0.01779	0.02177	0.01277	0.01515	0.01099	0.00739	0.00632	0.00204	0.01006	0.00520	0.00368	0.01119
1	0.01900	0.17791	0.02286	0.01675	0.05393	0.12393	0.01285	0.02518	0.12301	0.02453	0.07068	0.10690	0.10384	0.01389	0.00834	0.00259	0.00812	0.06975	0.00621	0.00973
2	0.08629	0.00953	0.00959	0.00933	0.01187	0.00977	0.00707	0.01934	0.06247	0.02848	0.03885	0.04155	0.16614	0.04166	0.05757	0.00333	0.00590	0.01005	0.37323	0.00797
3	0.01457	0.01948	0.20966	0.01537	0.02086	0.01159	0.01563	0.01923	0.01809	0.06327	0.04198	0.19290	0.16371	0.01703	0.00939	0.00294	0.00759	0.10339	0.00645	0.04688
4	0.01658	0.01584	0.02717	0.08704	0.30043	0.01561	0.10978	0.02095	0.01872	0.02542	0.06268	0.11073	0.12861	0.01231	0.00909	0.00271	0.00876	0.01170	0.00536	0.01051
5	0.02993	0.02704	0.02371	0.01944	0.02517	0.20445	0.01550	0.38389	0.11726	0.04109	0.01988	0.02009	0.01472	0.00976	0.00810	0.00244	0.01040	0.00715	0.00722	0.01275
6	0.01603	0.01326	0.01442	0.01384	0.01620	0.07290	0.01053	0.10032	0.01901	0.02522	0.03090	0.17634	0.07240	0.03643	0.29350	0.00728	0.01370	0.01210	0.04723	0.00839
7	0.01862	0.24344	0.27781	0.08192	0.03040	0.02473	0.02223	0.02406	0.01623	0.02241	0.01301	0.01679	0.01070	0.00909	0.01121	0.00259	0.15441	0.00596	0.00357	0.01082
8	0.02100	0.02263	0.03629	0.03690	0.26073	0.09579	0.22809	0.02576	0.01856	0.02489	0.01486	0.02013	0.01228	0.00869	0.01212	0.00275	0.13514	0.00796	0.00408	0.01136
9	0.09188	0.01683	0.01879	0.01623	0.02077	0.01845	0.01347	0.32055	0.02775	0.03878	0.02772	0.04072	0.04873	0.02044	0.10057	0.00432	0.01014	0.14563	0.00731	0.01093
10	0.06258	0.01743	0.02584	0.02025	0.02549	0.01786	0.17974	0.22101	0.02524	0.03500	0.08459	0.13570	0.05820	0.01477	0.03448	0.00316	0.00940	0.01176	0.00681	0.01068
11	0.01638	0.01125	0.01299	0.01239	0.01571	0.01099	0.00972	0.02349	0.15305	0.11035	0.08628	0.11804	0.27126	0.01801	0.00962	0.00296	0.00560	0.09424	0.00828	0.00938
12	0.13071	0.02925	0.28059	0.02766	0.10493	0.02019	0.18874	0.06996	0.01933	0.03002	0.01538	0.01879	0.01143	0.00772	0.00807	0.00264	0.01138	0.00714	0.00436	0.01173

[dist]
# distance from previous block
# <min> <max>
0	2

[block]
# block no. 3 follows, 22 sequences, length 23
# corresponding to MSA columns:
# 150-172
name=unknown_D
#
# <colnr> <probs for GDERKNQSTAVLIFYWHMCP>
#	G	D	E	R	K	N	Q	S	T	A	V	L	I	F	Y	W	H	M	C	P
0	0.02515	0.14620	0.02686	0.02061	0.05009	0.33648	0.01595	0.05183	0.02035	0.02187	0.01715	0.01990	0.05163	0.01033	0.01137	0.00245	0.15099	0.00653	0.00440	0.00986
1	0.02699	0.12512	0.02901	0.02848	0.19669	0.40979	0.01837	0.02996	0.02138	0.02208	0.01342	0.01628	0.01136	0.00805	0.00740	0.00218	0.01277	0.00579	0.00414	0.01073
2	0.01666	0.04297	0.66500	0.02368	0.03596	0.01929	0.03069	0.02631	0.01754	0.02631	0.01491	0.01754	0.01052	0.00789	0.00789	0.00263	0.01228	0.00614	0.00351	0.01228
3	0.01235	0.00870	0.01235	0.01235	0.01380	0.00989	0.00945	0.01525	0.01380	0.02061	0.02313	0.03379	0.02143	0.09633	0.54792	0.01153	0.01896	0.00895	0.10210	0.00731
4	0.02431	0.02671	0.01989	0.01803	0.02218	0.32618	0.01376	0.06126	0.21265	0.02640	0.02719	0.02776	0.07762	0.01495	0.06138	0.00332	0.01167	0.00814	0.00609	0.01050
5	0.02139	0.02872	0.16621	0.03175	0.12833	0.12166	0.27067	0.05401	0.02029	0.02655	0.01554	0.01972	0.01197	0.00791	0.00944	0.00263	0.03966	0.00781	0.00422	0.01152
6	0.01127	0.00847	0.01043	0.00994	0.01211	0.00763	0.00746	0.01474	0.02237	0.03060	0.51001	0.06653	0.22191	0.01800	0.00980	0.00266	0.00399	0.01565	0.00879	0.00763
7	0.05256	0.00888	0.00997	0.00957	0.01208	0.00807	0.00722	0.01449	0.02097	0.02871	0.36457	0.06732	0.32950	0.01827	0.00955	0.00270	0.00419	0.01556	0.00829	0.00754
8	0.01945	0.01886	0.03040	0.10923	0.30394	0.02103	0.08296	0.02678	0.10968	0.02610	0.01738	0.02199	0.01422	0.00949	0.01231	0.00282	0.14916	0.00791	0.00462	0.01169
9	0.00982	0.00842	0.00842	0.00842	0.01122	0.00701	0.00631	0.01192	0.01894	0.02244	0.08416	0.07995	0.65285	0.02104	0.00982	0.00281	0.00421	0.01753	0.00771	0.00701
10	0.01012	0.00723	0.00964	0.01157	0.01205	0.00675	0.00771	0.01157	0.01591	0.02121	0.04579	0.70262	0.05495	0.02603	0.01060	0.00337	0.00482	0.02362	0.00771	0.00675
11	0.07857	0.01833	0.01345	0.01270	0.01579	0.21129	0.00961	0.02181	0.01912	0.02533	0.03531	0.03695	0.17332	0.01559	0.05297	0.00304	0.00879	0.00926	0.23056	0.00821
12	0.01749	0.03575	0.45901	0.02612	0.03629	0.02030	0.16754	0.02576	0.01754	0.02576	0.01495	0.01873	0.01104	0.00834	0.01025	0.00277	0.07986	0.00710	0.00368	0.01171
13	0.01012	0.00723	0.00964	0.01157	0.01205	0.00675	0.00771	0.01157	0.01591	0.02121	0.04579	0.70262	0.05495	0.02603	0.01060	0.00337	0.00482	0.02362	0.00771	0.00675
14	0.01414	0.01477	0.01150	0.01106	0.01417	0.14312	0.00830	0.01625	0.01987	0.02201	0.06962	0.06671	0.52195	0.01850	0.00934	0.00267	0.00640	0.01505	0.00701	0.00755
15	0.02414	0.02844	0.02416	0.32082	0.03985	0.37996	0.01920	0.02781	0.02043	0.02073	0.01371	0.01820	0.01087	0.00845	0.00786	0.00242	0.01323	0.00626	0.00402	0.00945
16	0.01903	0.01070	0.01282	0.01172	0.01528	0.00970	0.00897	0.02319	0.07394	0.21430	0.05631	0.19193	0.28288	0.01803	0.00943	0.00286	0.00540	0.01537	0.00855	0.00962
17	0.01187	0.00890	0.01335	0.01335	0.01483	0.01038	0.01038	0.01483	0.01335	0.01928	0.02225	0.03264	0.02077	0.06231	0.67512	0.01335	0.02225	0.00890	0.00445	0.00742
18	0.02583	0.02643	0.02203	0.01875	0.02319	0.31081	0.06230	0.15129	0.02451	0.02947	0.01810	0.02098	0.01435	0.01262	0.05311	0.00299	0.01199	0.00686	0.15423	0.01016
19	0.24444	0.01982	0.01676	0.01425	0.01928	0.14955	0.01126	0.07335	0.01932	0.06524	0.01637	0.01892	0.01303	0.01357	0.07441	0.00327	0.00982	0.00586	0.05280	0.15869
20	0.01977	0.35853	0.13002	0.01960	0.08796	0.06027	0.01696	0.02462	0.05033	0.02246	0.01890	0.11991	0.01837	0.01042	0.00710	0.00229	0.00911	0.00822	0.00453	0.01065
21	0.02251	0.07040	0.25339	0.02505	0.11147	0.22269	0.02197	0.03094	0.11379	0.02549	0.01704	0.01896	0.01317	0.00850	0.00776	0.00244	0.01175	0.00646	0.00458	0.01162
22	0.02409	0.02837	0.13194	0.02118	0.07617	0.19352	0.01754	0.15270	0.02367	0.03044	0.01543	0.01752	0.01202	0.00799	0.00742	0.00207	0.01047	0.00598	0.00516	0.21630

[dist]
# distance from previous block
# <min> <max>
1	4

[block]
# block no. 4 follows, 22 sequences, length 11
# corresponding to MSA columns:
# 177-187
name=unknown_E
#
# <colnr> <probs for GDERKNQSTAVLIFYWHMCP>
#	G	D	E	R	K	N	Q	S	T	A	V	L	I	F	Y	W	H	M	C	P
0	0.01390	0.01059	0.01195	0.01175	0.01423	0.01030	0.00865	0.12369	0.02125	0.02733	0.05558	0.34369	0.27320	0.02123	0.00989	0.00300	0.00537	0.01839	0.00782	0.00819
1	0.01856	0.15255	0.17508	0.03114	0.27499	0.02092	0.02191	0.02350	0.01742	0.02432	0.01801	0.10060	0.01698	0.01021	0.00924	0.00257	0.05781	0.00851	0.00427	0.01143
2	0.11296	0.05266	0.01371	0.01141	0.01352	0.05871	0.00831	0.04803	0.01546	0.02337	0.01973	0.03125	0.01897	0.20371	0.06566	0.15621	0.00856	0.00809	0.12276	0.00695
3	0.02499	0.31860	0.03449	0.02478	0.16669	0.17600	0.01738	0.09970	0.02154	0.02540	0.01378	0.01614	0.01165	0.00785	0.00684	0.00210	0.01053	0.00569	0.00442	0.01141
4	0.02245	0.17815	0.03035	0.02335	0.11199	0.08784	0.08316	0.10025	0.16899	0.02903	0.02151	0.06910	0.01825	0.00994	0.00790	0.00247	0.00939	0.00842	0.00579	0.01169
5	0.02437	0.06546	0.03584	0.05740	0.03448	0.20454	0.28350	0.10731	0.05401	0.02797	0.01657	0.01992	0.01273	0.00810	0.00858	0.00252	0.01285	0.00783	0.00491	0.01112
6	0.06938	0.02911	0.26080	0.02772	0.18534	0.08381	0.02246	0.02888	0.12133	0.02780	0.01931	0.05379	0.01574	0.00928	0.00798	0.00260	0.01024	0.00767	0.00487	0.01189
7	0.01861	0.02523	0.18444	0.05584	0.02570	0.13120	0.01784	0.02578	0.09248	0.02438	0.01891	0.02313	0.01539	0.02075	0.15412	0.00487	0.05871	0.00719	0.05176	0.04368
8	0.02032	0.01464	0.01831	0.12152	0.05152	0.01560	0.01376	0.08367	0.18537	0.12156	0.06926	0.04241	0.14666	0.01323	0.00890	0.00278	0.00720	0.04467	0.00762	0.01100
9	0.02604	0.02528	0.02120	0.01744	0.02287	0.24096	0.01369	0.22699	0.02741	0.03396	0.09265	0.02278	0.02034	0.00955	0.00777	0.00213	0.00988	0.00714	0.00634	0.16559
10	0.01862	0.01888	0.02317	0.03107	0.31562	0.12176	0.01752	0.02221	0.01969	0.02452	0.03679	0.04291	0.19313	0.01281	0.00885	0.00263	0.00893	0.06504	0.00547	0.01037

[dist]
# distance from previous block
# <min> <max>
29	86

[block]
# block no. 5 follows, 22 sequences, length 18
# corresponding to MSA columns:
# 274-291
name=unknown_F
#
# <colnr> <probs for GDERKNQSTAVLIFYWHMCP>
#	G	D	E	R	K	N	Q	S	T	A	V	L	I	F	Y	W	H	M	C	P
0	0.04948	0.16353	0.02610	0.09587	0.16912	0.06673	0.01650	0.04580	0.01920	0.02478	0.02863	0.03836	0.10816	0.01200	0.00818	0.00260	0.00884	0.10081	0.00523	0.01008
1	0.01551	0.01434	0.05150	0.01798	0.02188	0.01293	0.12298	0.08401	0.02074	0.02749	0.06120	0.19758	0.10256	0.01817	0.01023	0.00319	0.00808	0.19368	0.00697	0.00897
2	0.15687	0.21377	0.08938	0.01942	0.05717	0.29003	0.01623	0.02835	0.01928	0.02406	0.01262	0.01482	0.01050	0.00790	0.00658	0.00218	0.01132	0.00514	0.00416	0.01023
3	0.01188	0.00918	0.01101	0.01127	0.01353	0.00821	0.00822	0.03531	0.01814	0.02393	0.07012	0.37369	0.21029	0.02134	0.00982	0.00295	0.00511	0.05437	0.00745	0.09420
4	0.02328	0.03279	0.17783	0.03091	0.16718	0.25751	0.13885	0.02868	0.02041	0.02438	0.01468	0.01820	0.01156	0.00786	0.00819	0.00245	0.01307	0.00683	0.00405	0.01130
5	0.02485	0.08305	0.21731	0.02634	0.14518	0.23920	0.02161	0.02990	0.02044	0.09310	0.01605	0.01811	0.01217	0.00823	0.00768	0.00237	0.01192	0.00623	0.00462	0.01164
6	0.04785	0.08477	0.34951	0.02415	0.11774	0.01915	0.02332	0.02392	0.01676	0.02539	0.01585	0.01996	0.01262	0.01452	0.08556	0.00380	0.05390	0.00659	0.04349	0.01114
7	0.09074	0.03261	0.38575	0.02250	0.06861	0.02019	0.02374	0.09457	0.12447	0.03166	0.01836	0.01986	0.01343	0.00864	0.00779	0.00263	0.01027	0.00675	0.00505	0.01237
8	0.19544	0.04334	0.02036	0.01688	0.02117	0.19362	0.01350	0.13400	0.02145	0.03064	0.03710	0.01921	0.01431	0.01421	0.06804	0.00343	0.09499	0.00638	0.00532	0.04661
9	0.02028	0.02271	0.05382	0.03255	0.24762	0.14359	0.14639	0.02484	0.01992	0.02491	0.02623	0.03348	0.09421	0.01060	0.00888	0.00264	0.01092	0.06071	0.00489	0.01080
10	0.02239	0.17975	0.02810	0.09454	0.11603	0.11422	0.01664	0.14005	0.02169	0.02719	0.01627	0.02041	0.01361	0.01830	0.13149	0.00432	0.01266	0.00673	0.00483	0.01078
11	0.02271	0.07171	0.09698	0.03011	0.26324	0.13641	0.01961	0.02713	0.01949	0.07140	0.01585	0.01865	0.01263	0.00761	0.00747	0.00215	0.01007	0.00629	0.00464	0.15585
12	0.01864	0.01535	0.07414	0.02002	0.12267	0.01280	0.01459	0.06567	0.02127	0.12198	0.10141	0.09569	0.15234	0.01551	0.00939	0.00287	0.00722	0.11091	0.00731	0.01022
13	0.02559	0.02213	0.02435	0.02468	0.14564	0.07973	0.01676	0.25594	0.24434	0.03854	0.02334	0.02349	0.01757	0.00981	0.00827	0.00257	0.00890	0.00795	0.00720	0.01320
14	0.10088	0.01942	0.02217	0.14825	0.17259	0.11946	0.01674	0.02505	0.06345	0.02605	0.02030	0.06809	0.03847	0.00965	0.00773	0.00241	0.00920	0.00802	0.00498	0.11711
15	0.02369	0.02585	0.11757	0.02825	0.18913	0.10639	0.02036	0.18752	0.05671	0.03218	0.01703	0.02003	0.01343	0.01153	0.03735	0.00304	0.08529	0.00713	0.00536	0.01216
16	0.02068	0.01965	0.06852	0.02454	0.18200	0.04954	0.01646	0.19614	0.02401	0.03184	0.03104	0.03424	0.13785	0.05415	0.06886	0.00380	0.00998	0.00957	0.00606	0.01107
17	0.02128	0.01854	0.01905	0.08909	0.02446	0.07971	0.01363	0.18299	0.20819	0.03334	0.03515	0.09226	0.12044	0.01318	0.00871	0.00271	0.00799	0.01083	0.00733	0.01112

[dist]
# distance from previous block
# <min> <max>
18	45

[block]
# block no. 6 follows, 22 sequences, length 85
# corresponding to MSA columns:
# 339-423
name=unknown_G
#
# <colnr> <probs for GDERKNQSTAVLIFYWHMCP>
#	G	D	E	R	K	N	Q	S	T	A	V	L	I	F	Y	W	H	M	C	P
0	0.02220	0.01962	0.02547	0.15810	0.21367	0.05726	0.01911	0.17555	0.11103	0.03248	0.02104	0.06976	0.01750	0.01013	0.00842	0.00263	0.00940	0.00872	0.00594	0.01198
1	0.02206	0.17165	0.02687	0.02378	0.17245	0.18102	0.01563	0.05890	0.02100	0.02554	0.07009	0.02716	0.07870	0.00996	0.00753	0.00225	0.00946	0.00783	0.05767	0.01043
2	0.02456	0.02056	0.01999	0.05500	0.02319	0.16751	0.01399	0.14402	0.04642	0.12097	0.02335	0.02621	0.04324	0.02335	0.17511	0.00522	0.04253	0.00796	0.00623	0.01059
3	0.01915	0.01633	0.01950	0.02097	0.11283	0.01807	0.01403	0.06484	0.39754	0.03189	0.03278	0.15985	0.02877	0.01352	0.00883	0.00286	0.00685	0.01178	0.00767	0.01195
4	0.02296	0.02201	0.04359	0.01582	0.02030	0.20643	0.01270	0.07766	0.10204	0.10238	0.12600	0.03864	0.14910	0.01286	0.00859	0.00252	0.00868	0.01021	0.00720	0.01031
5	0.02895	0.02097	0.02438	0.01913	0.02520	0.02303	0.04608	0.39566	0.15094	0.11367	0.02349	0.02304	0.01679	0.01029	0.00920	0.00263	0.03677	0.00805	0.00815	0.01358
6	0.02331	0.01723	0.01952	0.04492	0.02225	0.01872	0.01324	0.38422	0.02991	0.04000	0.02887	0.26175	0.02845	0.01559	0.00912	0.00282	0.00769	0.01319	0.00790	0.01131
7	0.04975	0.01795	0.02406	0.10606	0.05950	0.02038	0.06627	0.23953	0.02433	0.03416	0.02076	0.10733	0.01846	0.01204	0.01144	0.00282	0.11623	0.00958	0.04845	0.01093
8	0.02300	0.05352	0.02013	0.01714	0.02137	0.25929	0.01309	0.07520	0.15935	0.02675	0.02459	0.15313	0.02299	0.01238	0.00815	0.00246	0.00959	0.00989	0.00621	0.08179
9	0.02167	0.02312	0.01781	0.04680	0.02075	0.30132	0.01248	0.05748	0.01951	0.02183	0.01964	0.05761	0.01873	0.13930	0.14374	0.00543	0.01369	0.00835	0.04231	0.00843
10	0.02558	0.02147	0.06202	0.02719	0.13715	0.04806	0.13644	0.13041	0.08471	0.15631	0.02124	0.02280	0.01547	0.00932	0.01000	0.00268	0.06202	0.00811	0.00641	0.01262
11	0.02219	0.27424	0.02692	0.01555	0.02037	0.26132	0.01297	0.02455	0.01957	0.02044	0.02830	0.02940	0.14983	0.01377	0.04499	0.00279	0.01087	0.00785	0.00477	0.00931
12	0.05899	0.09821	0.02541	0.01987	0.02462	0.41189	0.01569	0.14993	0.02486	0.02731	0.01395	0.01598	0.01133	0.00909	0.00874	0.00230	0.06049	0.00579	0.00500	0.01056
13	0.02141	0.02204	0.01933	0.01803	0.05695	0.19420	0.01309	0.03120	0.22849	0.02726	0.02909	0.02902	0.09391	0.01040	0.00785	0.00227	0.00866	0.00821	0.00622	0.17237
14	0.01057	0.00818	0.00977	0.01083	0.01261	0.00737	0.00811	0.01275	0.01785	0.02242	0.06269	0.31322	0.32204	0.02323	0.01041	0.00320	0.00506	0.12497	0.00770	0.00703
15	0.06407	0.13442	0.02492	0.01637	0.02236	0.02347	0.01375	0.38948	0.03017	0.04149	0.02009	0.06695	0.01647	0.01030	0.00757	0.00234	0.00821	0.00784	0.04936	0.05036
16	0.01737	0.03804	0.51727	0.02640	0.03774	0.01970	0.17347	0.02638	0.01804	0.02638	0.01536	0.01871	0.01102	0.00768	0.00835	0.00267	0.01269	0.00702	0.00367	0.01202
17	0.02056	0.01974	0.03372	0.05099	0.65622	0.01974	0.02550	0.02550	0.01892	0.02714	0.01563	0.02056	0.01316	0.00740	0.00822	0.00247	0.00987	0.00740	0.00411	0.01316
18	0.02196	0.68278	0.07160	0.01464	0.02198	0.03226	0.01496	0.02494	0.01691	0.01985	0.01170	0.01352	0.01065	0.00714	0.00545	0.00182	0.00904	0.00452	0.00355	0.01073
19	0.01147	0.00936	0.01313	0.17446	0.02281	0.00968	0.01113	0.01415	0.01704	0.02198	0.07148	0.37734	0.17432	0.02029	0.00985	0.00307	0.00616	0.01802	0.00680	0.00745
20	0.01475	0.01722	0.15326	0.01538	0.01965	0.01215	0.01431	0.02167	0.11019	0.05456	0.03921	0.30260	0.08045	0.01845	0.00965	0.00311	0.00711	0.08989	0.00703	0.00937
21	0.02658	0.08370	0.02440	0.02003	0.02403	0.40961	0.01564	0.03288	0.14198	0.02304	0.01657	0.01841	0.01358	0.00980	0.01021	0.00245	0.10548	0.00633	0.00495	0.01032
22	0.00995	0.00825	0.00872	0.00897	0.01140	0.00701	0.00659	0.01204	0.01870	0.02276	0.10485	0.17025	0.53873	0.02158	0.00993	0.00288	0.00428	0.01831	0.00778	0.00701
23	0.03117	0.03550	0.02389	0.02083	0.02570	0.51202	0.01599	0.18241	0.02743	0.02836	0.01462	0.01623	0.01156	0.00891	0.00770	0.00223	0.01352	0.00588	0.00529	0.01076
24	0.01946	0.02345	0.08018	0.03444	0.04304	0.02092	0.59593	0.02660	0.01950	0.02660	0.01671	0.02216	0.01250	0.00705	0.00971	0.00279	0.01392	0.00962	0.00417	0.01126
25	0.01051	0.00864	0.00938	0.00976	0.01239	0.00751	0.00769	0.01295	0.01897	0.02291	0.07633	0.08263	0.53489	0.02141	0.01014	0.00300	0.00488	0.13116	0.00770	0.00714
26	0.01209	0.00912	0.01157	0.01270	0.01492	0.00860	0.01069	0.01533	0.01928	0.02446	0.08845	0.08741	0.25587	0.02200	0.01082	0.00342	0.00629	0.37178	0.00775	0.00744
27	0.02008	0.02261	0.11186	0.04761	0.57945	0.01968	0.02614	0.02560	0.01875	0.02704	0.01554	0.02019	0.01283	0.00746	0.00818	0.00249	0.01017	0.00725	0.00404	0.01305
28	0.02056	0.01974	0.03372	0.05099	0.65622	0.01974	0.02550	0.02550	0.01892	0.02714	0.01563	0.02056	0.01316	0.00740	0.00822	0.00247	0.00987	0.00740	0.00411	0.01316
29	0.03103	0.03959	0.02354	0.02140	0.02568	0.67469	0.01605	0.03317	0.02354	0.02033	0.01284	0.01498	0.01070	0.00856	0.00749	0.00214	0.01498	0.00535	0.00428	0.00963
30	0.03103	0.03959	0.02354	0.02140	0.02568	0.67469	0.01605	0.03317	0.02354	0.02033	0.01284	0.01498	0.01070	0.00856	0.00749	0.00214	0.01498	0.00535	0.00428	0.00963
31	0.01304	0.00848	0.01121	0.01121	0.01291	0.00933	0.00864	0.01628	0.01498	0.02346	0.02641	0.03396	0.04630	0.04244	0.41681	0.00898	0.01517	0.00885	0.26404	0.00751
32	0.00992	0.00842	0.00855	0.00852	0.01128	0.00706	0.00639	0.01211	0.01917	0.02300	0.11308	0.07904	0.62358	0.02083	0.00982	0.00280	0.00419	0.01740	0.00779	0.00706
33	0.03103	0.03959	0.02354	0.02140	0.02568	0.67469	0.01605	0.03317	0.02354	0.02033	0.01284	0.01498	0.01070	0.00856	0.00749	0.00214	0.01498	0.00535	0.00428	0.00963
34	0.00982	0.00842	0.00842	0.00842	0.01122	0.00701	0.00631	0.01192	0.01894	0.02244	0.08416	0.07995	0.65285	0.02104	0.00982	0.00281	0.00421	0.01753	0.00771	0.00701
35	0.01208	0.00805	0.00906	0.00906	0.00906	0.00805	0.00503	0.01208	0.01208	0.01611	0.02618	0.05436	0.03020	0.70804	0.04228	0.00805	0.00805	0.01208	0.00503	0.00503
36	0.02066	0.01785	0.01878	0.01691	0.02160	0.02066	0.01315	0.04414	0.64121	0.03475	0.03381	0.03099	0.02536	0.01127	0.00845	0.00282	0.00657	0.00939	0.00845	0.01315
37	0.02056	0.01974	0.03372	0.05099	0.65622	0.01974	0.02550	0.02550	0.01892	0.02714	0.01563	0.02056	0.01316	0.00740	0.00822	0.00247	0.00987	0.00740	0.00411	0.01316
38	0.03010	0.06412	0.02439	0.02115	0.02534	0.62029	0.01608	0.03225	0.02279	0.02029	0.01270	0.01507	0.01071	0.00878	0.00832	0.00220	0.04616	0.00540	0.00422	0.00964
39	0.02804	0.03475	0.02381	0.15138	0.03183	0.54675	0.01742	0.03084	0.02219	0.02051	0.01322	0.01638	0.01077	0.00851	0.00765	0.00226	0.01422	0.00575	0.00417	0.00955
40	0.01316	0.00826	0.01019	0.01019	0.01140	0.00881	0.00727	0.01558	0.01437	0.02235	0.02505	0.03839	0.02369	0.23211	0.26265	0.00791	0.01185	0.00943	0.26052	0.00684
41	0.02146	0.01592	0.01787	0.01556	0.01946	0.01712	0.01206	0.31402	0.07529	0.03822	0.07488	0.27490	0.03451	0.01647	0.00927	0.00285	0.00699	0.01409	0.00816	0.01090
42	0.02029	0.01811	0.02300	0.02950	0.28435	0.06728	0.01694	0.03017	0.19971	0.02966	0.02317	0.02541	0.01827	0.00911	0.00771	0.00243	0.00801	0.00790	0.16724	0.01172
43	0.02480	0.02032	0.02022	0.01654	0.02195	0.07003	0.01326	0.33594	0.13906	0.03998	0.03416	0.03310	0.14030	0.01210	0.00848	0.00253	0.00805	0.00951	0.00778	0.04187
44	0.02177	0.39975	0.23880	0.01812	0.02663	0.07691	0.01972	0.06835	0.01915	0.02406	0.01331	0.01526	0.01086	0.00767	0.00652	0.00213	0.01045	0.00527	0.00393	0.01134
45	0.02096	0.56255	0.18311	0.01634	0.02461	0.02982	0.01792	0.02520	0.01703	0.02106	0.01230	0.01427	0.01063	0.00728	0.00591	0.00197	0.00965	0.00482	0.00354	0.01102
46	0.01208	0.00805	0.00906	0.00906	0.00906	0.00805	0.00503	0.01208	0.01208	0.01611	0.02618	0.05436	0.03020	0.70804	0.04228	0.00805	0.00805	0.01208	0.00503	0.00503
47	0.01839	0.03760	0.51891	0.02582	0.06109	0.01914	0.11077	0.02712	0.01823	0.06236	0.01621	0.01893	0.01148	0.00789	0.00819	0.00264	0.01212	0.00682	0.00401	0.01227
48	0.01247	0.00979	0.01451	0.01416	0.01550	0.01182	0.01113	0.01533	0.01329	0.01935	0.02117	0.03125	0.01983	0.05774	0.61325	0.01242	0.08630	0.00875	0.00437	0.00758
49	0.01187	0.00890	0.01335	0.01335	0.01483	0.01038	0.01038	0.01483	0.01335	0.01928	0.02225	0.03264	0.02077	0.06231	0.67512	0.01335	0.02225	0.00890	0.00445	0.00742
50	0.03103	0.03959	0.02354	0.02140	0.02568	0.67469	0.01605	0.03317	0.02354	0.02033	0.01284	0.01498	0.01070	0.00856	0.00749	0.00214	0.01498	0.00535	0.00428	0.00963
51	0.02488	0.01933	0.02004	0.01691	0.02204	0.04846	0.01337	0.22018	0.32866	0.08598	0.03060	0.02991	0.05018	0.03907	0.00978	0.00288	0.00771	0.00904	0.00820	0.01276
52	0.01012	0.00723	0.00964	0.01157	0.01205	0.00675	0.00771	0.01157	0.01591	0.02121	0.04579	0.70262	0.05495	0.02603	0.01060	0.00337	0.00482	0.02362	0.00771	0.00675
53	0.01240	0.00918	0.01341	0.01326	0.01472	0.01078	0.01035	0.01539	0.01364	0.02020	0.02217	0.03193	0.02041	0.05639	0.59828	0.01209	0.04764	0.00875	0.06150	0.00751
54	0.01831	0.02017	0.16982	0.01458	0.02023	0.01480	0.01430	0.16882	0.02280	0.03243	0.03468	0.03693	0.15374	0.05129	0.00985	0.00277	0.00749	0.00965	0.18724	0.01009
55	0.01659	0.00948	0.01150	0.01090	0.01390	0.00824	0.00819	0.01889	0.01955	0.17610	0.09372	0.23264	0.30921	0.01956	0.00968	0.00289	0.00504	0.01681	0.00841	0.00870
56	0.02056	0.01974	0.03372	0.05099	0.65622	0.01974	0.02550	0.02550	0.01892	0.02714	0.01563	0.02056	0.01316	0.00740	0.00822	0.00247	0.00987	0.00740	0.00411	0.01316
57	0.03107	0.03845	0.02364	0.02124	0.02569	0.62912	0.01603	0.07498	0.02463	0.02258	0.01334	0.01533	0.01094	0.00866	0.00755	0.00216	0.01457	0.00550	0.00456	0.00995
58	0.01857	0.02712	0.22273	0.09733	0.16693	0.02001	0.27346	0.02578	0.01858	0.02612	0.01582	0.02059	0.01197	0.00747	0.00878	0.00268	0.01238	0.00802	0.00393	0.01172
59	0.01088	0.00822	0.01005	0.01009	0.01200	0.00739	0.00738	0.01380	0.02072	0.02784	0.37131	0.19207	0.23812	0.01991	0.00996	0.00282	0.00418	0.01742	0.00846	0.00739
60	0.02690	0.03297	0.02134	0.01966	0.02334	0.53134	0.01483	0.02922	0.02134	0.02011	0.01487	0.01879	0.01287	0.02016	0.15156	0.00456	0.01655	0.00612	0.00432	0.00915
61	0.01901	0.02777	0.22841	0.03628	0.21938	0.02013	0.27374	0.02620	0.01879	0.02667	0.01590	0.02042	0.01214	0.00738	0.00877	0.00265	0.01229	0.00801	0.00397	0.01209
62	0.01920	0.01957	0.02421	0.18810	0.21926	0.14460	0.01921	0.02325	0.01807	0.02259	0.01773	0.02612	0.01556	0.02047	0.15218	0.00489	0.01372	0.03698	0.00429	0.01001
63	0.02995	0.02205	0.02377	0.01854	0.02472	0.02431	0.01517	0.58155	0.03730	0.04998	0.02191	0.07192	0.01724	0.01119	0.00849	0.00256	0.00881	0.00871	0.00826	0.01357
64	0.01139	0.01007	0.01212	0.01465	0.10562	0.00888	0.00912	0.01391	0.01893	0.02313	0.07413	0.07126	0.55923	0.01904	0.00959	0.00276	0.00504	0.01605	0.00719	0.00791
65	0.01651	0.15017	0.02294	0.01616	0.01848	0.05198	0.01347	0.01907	0.01438	0.01958	0.01670	0.02417	0.01569	0.03624	0.34001	0.00797	0.19642	0.00742	0.00405	0.00860
66	0.01012	0.00723	0.00964	0.01157	0.01205	0.00675	0.00771	0.01157	0.01591	0.02121	0.04579	0.70262	0.05495	0.02603	0.01060	0.00337	0.00482	0.02362	0.00771	0.00675
67	0.01012	0.00723	0.00964	0.01157	0.01205	0.00675	0.00771	0.01157	0.01591	0.02121	0.04579	0.70262	0.05495	0.02603	0.01060	0.00337	0.00482	0.02362	0.00771	0.00675
68	0.01029	0.00730	0.00959	0.01135	0.01180	0.00686	0.00748	0.01161	0.01558	0.02077	0.04412	0.64754	0.05284	0.08398	0.01330	0.00377	0.00509	0.02264	0.00748	0.00660
69	0.02492	0.02689	0.02316	0.15207	0.07491	0.31026	0.01720	0.03336	0.17806	0.04896	0.01947	0.02132	0.01503	0.00918	0.00798	0.00247	0.01143	0.00703	0.00544	0.01086
70	0.01187	0.00890	0.01335	0.01335	0.01483	0.01038	0.01038	0.01483	0.01335	0.01928	0.02225	0.03264	0.02077	0.06231	0.67512	0.01335	0.02225	0.00890	0.00445	0.00742
