[name]
unknown

[dist]
# distance from previous block
# <min> <max>
0	0

[block]
# block no. 0 follows, 23 sequences, length 35
# corresponding to MSA columns:
# 0-34
name=unknown_A
#
# <colnr> <probs for GDERKNQSTAVLIFYWHMCP>
#	G	D	E	R	K	N	Q	S	T	A	V	L	I	F	Y	W	H	M	C	P
0	0.01308	0.00934	0.01308	0.01494	0.01681	0.00934	0.01308	0.01681	0.01868	0.02428	0.04296	0.09153	0.04670	0.02242	0.01121	0.00374	0.00747	0.60960	0.00747	0.00747
1	0.01148	0.00829	0.01085	0.01021	0.01212	0.00766	0.00766	0.01531	0.02297	0.03254	0.65994	0.06061	0.07656	0.01659	0.00957	0.00255	0.00383	0.01467	0.00893	0.00766
2	0.00989	0.00706	0.00942	0.01130	0.01177	0.00659	0.00753	0.01130	0.01554	0.02071	0.04472	0.70954	0.05367	0.02542	0.01036	0.00330	0.00471	0.02307	0.00753	0.00659
3	0.00989	0.00706	0.00942	0.01130	0.01177	0.00659	0.00753	0.01130	0.01554	0.02071	0.04472	0.70954	0.05367	0.02542	0.01036	0.00330	0.00471	0.02307	0.00753	0.00659
4	0.03072	0.02650	0.02403	0.01920	0.02514	0.18073	0.01548	0.49398	0.03456	0.04373	0.01784	0.01833	0.01301	0.00941	0.00793	0.00235	0.01028	0.00681	0.00719	0.01276
5	0.03031	0.03867	0.02299	0.02090	0.02508	0.68226	0.01568	0.03240	0.02299	0.01986	0.01254	0.01463	0.01045	0.00836	0.00732	0.00209	0.01463	0.00523	0.00418	0.00941
6	0.07764	0.16183	0.02591	0.01658	0.02276	0.07891	0.01401	0.29884	0.05315	0.14454	0.01938	0.01917	0.01401	0.00902	0.00728	0.00230	0.00874	0.00657	0.00698	0.01239
7	0.02261	0.01219	0.01781	0.11049	0.08608	0.01173	0.01312	0.02593	0.02004	0.28594	0.11515	0.18296	0.03319	0.01382	0.00882	0.00271	0.00681	0.01215	0.00785	0.01061
8	0.01180	0.00787	0.00885	0.00885	0.00885	0.00787	0.00492	0.01180	0.01180	0.01573	0.02557	0.05310	0.02950	0.71483	0.04130	0.00787	0.00787	0.01180	0.00492	0.00492
9	0.00971	0.00822	0.00839	0.00835	0.01104	0.00690	0.00626	0.01188	0.01879	0.02261	0.11974	0.07695	0.62295	0.02029	0.00959	0.00273	0.00409	0.01697	0.00763	0.00690
10	0.01710	0.06862	0.51880	0.02493	0.03594	0.01978	0.15067	0.02569	0.01751	0.02546	0.01479	0.01790	0.01069	0.00750	0.00797	0.00257	0.01218	0.00664	0.00356	0.01171
11	0.01642	0.04094	0.64053	0.02370	0.03550	0.01893	0.06120	0.02571	0.01724	0.02571	0.01466	0.01738	0.01038	0.00766	0.00781	0.00258	0.01208	0.00618	0.00346	0.01194
12	0.01009	0.00715	0.00936	0.01104	0.01146	0.00673	0.00726	0.01135	0.01514	0.02019	0.04269	0.64000	0.05111	0.09845	0.01363	0.00378	0.00504	0.02187	0.00726	0.00641
13	0.02380	0.02613	0.02307	0.16929	0.08459	0.30040	0.01727	0.05434	0.17004	0.02511	0.01829	0.02050	0.01425	0.00889	0.00780	0.00242	0.01122	0.00684	0.00515	0.01059
14	0.02008	0.01928	0.03294	0.04981	0.66422	0.01928	0.02490	0.02490	0.01848	0.02651	0.01526	0.02008	0.01285	0.00723	0.00803	0.00241	0.00964	0.00723	0.00402	0.01285
15	0.00989	0.00706	0.00942	0.01130	0.01177	0.00659	0.00753	0.01130	0.01554	0.02071	0.04472	0.70954	0.05367	0.02542	0.01036	0.00330	0.00471	0.02307	0.00753	0.00659
16	0.01513	0.00756	0.00756	0.00756	0.00945	0.00756	0.00567	0.01891	0.01702	0.03025	0.02647	0.03025	0.02080	0.00945	0.00567	0.00189	0.00378	0.00756	0.75988	0.00756
17	0.43427	0.02034	0.01607	0.01404	0.01906	0.14247	0.01119	0.05962	0.08903	0.10086	0.01657	0.01721	0.01234	0.00845	0.00630	0.00246	0.00806	0.00563	0.00591	0.01014
18	0.01780	0.02552	0.22683	0.10043	0.12327	0.04806	0.08615	0.02477	0.04740	0.02578	0.03773	0.02049	0.01423	0.00774	0.00773	0.00229	0.01008	0.00686	0.00433	0.16251
19	0.01784	0.09761	0.14999	0.01557	0.02065	0.17215	0.01459	0.02211	0.02076	0.02590	0.26240	0.03732	0.08686	0.01215	0.00820	0.00237	0.00856	0.00979	0.00601	0.00917
20	0.01818	0.25532	0.36872	0.02247	0.09611	0.02270	0.02325	0.02459	0.01686	0.02331	0.01395	0.01688	0.01111	0.01016	0.04178	0.00283	0.01118	0.00573	0.00355	0.01133
21	0.23157	0.03449	0.48456	0.01958	0.02959	0.01866	0.02394	0.02517	0.01619	0.02875	0.01363	0.01601	0.00985	0.00766	0.00694	0.00255	0.01036	0.00554	0.00388	0.01108
22	0.02054	0.02427	0.10200	0.03941	0.37764	0.09410	0.13826	0.02577	0.01867	0.02524	0.01487	0.01938	0.01210	0.00768	0.00913	0.00251	0.04536	0.00731	0.00397	0.01182
23	0.10181	0.02313	0.02771	0.08704	0.39876	0.17603	0.02083	0.02626	0.01888	0.02555	0.01414	0.01818	0.01170	0.00760	0.00755	0.00237	0.01055	0.00645	0.00413	0.01132
24	0.01896	0.01813	0.03090	0.20263	0.52019	0.01898	0.02434	0.02392	0.01794	0.02514	0.01506	0.02045	0.01237	0.00744	0.00805	0.00248	0.00992	0.00723	0.00392	0.01194
25	0.02584	0.01617	0.01852	0.01579	0.02097	0.01730	0.01252	0.04187	0.43103	0.25581	0.03267	0.02935	0.02314	0.01067	0.00822	0.00267	0.00659	0.00882	0.00888	0.01318
26	0.03085	0.02273	0.02435	0.01867	0.02516	0.02516	0.01542	0.63716	0.03815	0.05114	0.01948	0.01948	0.01380	0.00974	0.00812	0.00244	0.00893	0.00731	0.00812	0.01380
27	0.00980	0.00823	0.00851	0.00844	0.01109	0.00694	0.00633	0.01206	0.01900	0.02311	0.14700	0.07613	0.59539	0.02011	0.00959	0.00272	0.00408	0.01685	0.00769	0.00694
28	0.01409	0.00705	0.01057	0.01057	0.01057	0.00705	0.00705	0.01057	0.01057	0.01409	0.01409	0.02467	0.01409	0.02819	0.03171	0.76392	0.00705	0.00705	0.00352	0.00352
29	0.00962	0.00810	0.00835	0.00855	0.01105	0.00682	0.00631	0.01161	0.01818	0.02179	0.07823	0.14498	0.59660	0.02107	0.00967	0.00280	0.00417	0.01775	0.00753	0.00682
30	0.02018	0.01743	0.01835	0.01651	0.02110	0.02018	0.01284	0.04312	0.64956	0.03394	0.03303	0.03027	0.02477	0.01101	0.00826	0.00275	0.00642	0.00917	0.00826	0.01284
31	0.01225	0.00907	0.01193	0.01335	0.01543	0.00875	0.01144	0.01559	0.01864	0.02372	0.05225	0.08835	0.19212	0.02197	0.01082	0.00350	0.00668	0.46933	0.00749	0.00732
32	0.02008	0.01928	0.03294	0.04981	0.66422	0.01928	0.02490	0.02490	0.01848	0.02651	0.01526	0.02008	0.01285	0.00723	0.00803	0.00241	0.00964	0.00723	0.00402	0.01285
33	0.01791	0.01706	0.02901	0.34416	0.38682	0.01871	0.02382	0.02300	0.01745	0.02387	0.01488	0.02079	0.01192	0.00763	0.00807	0.00254	0.01018	0.00722	0.00383	0.01110
34	0.09206	0.00908	0.01096	0.01026	0.01250	0.00877	0.00778	0.01622	0.02200	0.03295	0.59123	0.05559	0.06938	0.01563	0.00909	0.00255	0.00409	0.01359	0.00852	0.00778

[dist]
# distance from previous block
# <min> <max>
0	9

[block]
# block no. 1 follows, 23 sequences, length 19
# corresponding to MSA columns:
# 44-62
name=unknown_B
#
# <colnr> <probs for GDERKNQSTAVLIFYWHMCP>
#	G	D	E	R	K	N	Q	S	T	A	V	L	I	F	Y	W	H	M	C	P
0	0.02008	0.01928	0.03294	0.04981	0.66422	0.01928	0.02490	0.02490	0.01848	0.02651	0.01526	0.02008	0.01285	0.00723	0.00803	0.00241	0.00964	0.00723	0.00402	0.01285
1	0.01532	0.01442	0.02434	0.69533	0.05589	0.01803	0.02253	0.02073	0.01622	0.02073	0.01442	0.02163	0.01082	0.00811	0.00811	0.00270	0.01082	0.00721	0.00361	0.00901
2	0.03016	0.02722	0.02365	0.01923	0.02494	0.22087	0.01537	0.42752	0.06378	0.04096	0.01808	0.01857	0.01334	0.00939	0.00789	0.00235	0.01051	0.00678	0.00695	0.01244
3	0.02069	0.41101	0.03067	0.01414	0.01970	0.05735	0.01283	0.02632	0.11053	0.05660	0.02577	0.02977	0.08507	0.01049	0.00688	0.00221	0.00797	0.05640	0.00532	0.01028
4	0.01020	0.00818	0.00911	0.00901	0.01137	0.00709	0.00671	0.01278	0.01974	0.02520	0.26210	0.10709	0.44370	0.01957	0.00963	0.00271	0.00405	0.01668	0.00797	0.00709
5	0.02008	0.01928	0.03294	0.04981	0.66422	0.01928	0.02490	0.02490	0.01848	0.02651	0.01526	0.02008	0.01285	0.00723	0.00803	0.00241	0.00964	0.00723	0.00402	0.01285
6	0.02182	0.02415	0.01907	0.01923	0.07325	0.29466	0.01359	0.02914	0.17010	0.02439	0.03404	0.03594	0.15630	0.01216	0.00826	0.00249	0.00968	0.03585	0.00601	0.00987
7	0.01491	0.00995	0.01236	0.06589	0.01672	0.01001	0.00952	0.06945	0.02038	0.05512	0.17646	0.15864	0.10714	0.01588	0.00870	0.00265	0.00542	0.06220	0.17034	0.00824
8	0.06390	0.01301	0.04564	0.01189	0.01587	0.01171	0.00984	0.04502	0.12398	0.09254	0.17394	0.05238	0.27827	0.01528	0.00879	0.00265	0.00542	0.01271	0.00784	0.00933
9	0.02147	0.01686	0.01928	0.01492	0.02101	0.01640	0.01204	0.15412	0.13224	0.06763	0.01946	0.02039	0.01498	0.00840	0.00827	0.00195	0.05079	0.00642	0.00631	0.38705
10	0.02193	0.02204	0.03142	0.07038	0.47788	0.10865	0.05407	0.06703	0.02035	0.02700	0.01521	0.01947	0.01248	0.00757	0.00802	0.00240	0.01052	0.00709	0.00430	0.01219
11	0.02210	0.02310	0.03098	0.04411	0.53819	0.15001	0.02308	0.02638	0.01937	0.02520	0.01473	0.01901	0.01238	0.00745	0.00789	0.00235	0.01062	0.00683	0.00405	0.01217
12	0.09296	0.21782	0.40745	0.02080	0.06153	0.02232	0.02335	0.02510	0.01670	0.02505	0.01340	0.01580	0.01030	0.00746	0.00680	0.00233	0.01043	0.00546	0.00363	0.01130
13	0.11505	0.02193	0.01849	0.01558	0.02078	0.21853	0.01225	0.06160	0.06154	0.20959	0.02535	0.02470	0.06644	0.00972	0.00744	0.00228	0.00895	0.00723	0.00673	0.08579
14	0.26778	0.02028	0.01927	0.01571	0.02138	0.06314	0.01279	0.29785	0.08897	0.08968	0.01871	0.01884	0.01355	0.00909	0.00709	0.00247	0.00804	0.00649	0.00704	0.01182
15	0.01939	0.43141	0.31063	0.01782	0.02691	0.02647	0.02073	0.02489	0.01676	0.02190	0.01268	0.01477	0.01036	0.00727	0.00627	0.00209	0.01009	0.00504	0.00345	0.01108
16	0.02008	0.01928	0.03294	0.04981	0.66422	0.01928	0.02490	0.02490	0.01848	0.02651	0.01526	0.02008	0.01285	0.00723	0.00803	0.00241	0.00964	0.00723	0.00402	0.01285
17	0.01771	0.01682	0.02808	0.22603	0.42939	0.01770	0.02238	0.02242	0.01785	0.02444	0.02167	0.02628	0.07664	0.00880	0.00821	0.00252	0.00942	0.00821	0.00425	0.01118
18	0.02932	0.03590	0.02405	0.02366	0.08855	0.58152	0.01658	0.06378	0.02335	0.02218	0.01318	0.01543	0.01087	0.00832	0.00743	0.00214	0.01383	0.00554	0.00437	0.00998

[dist]
# distance from previous block
# <min> <max>
0	4

[block]
# block no. 2 follows, 23 sequences, length 25
# corresponding to MSA columns:
# 67-91
name=unknown_C
#
# <colnr> <probs for GDERKNQSTAVLIFYWHMCP>
#	G	D	E	R	K	N	Q	S	T	A	V	L	I	F	Y	W	H	M	C	P
0	0.02008	0.01928	0.03294	0.04981	0.66422	0.01928	0.02490	0.02490	0.01848	0.02651	0.01526	0.02008	0.01285	0.00723	0.00803	0.00241	0.00964	0.00723	0.00402	0.01285
1	0.01869	0.01786	0.03042	0.23861	0.48630	0.01891	0.02421	0.02368	0.01782	0.02482	0.01502	0.02054	0.01226	0.00749	0.00806	0.00250	0.00998	0.00722	0.00390	0.01173
2	0.02023	0.01806	0.01669	0.01499	0.01880	0.13355	0.01170	0.10134	0.18347	0.05522	0.17124	0.04267	0.11099	0.01350	0.00872	0.00261	0.00743	0.05105	0.00759	0.01016
3	0.02701	0.03325	0.02271	0.02049	0.02379	0.52840	0.01570	0.02910	0.02057	0.01974	0.01278	0.01622	0.01108	0.01256	0.05168	0.00301	0.13288	0.00576	0.00408	0.00918
4	0.01952	0.01870	0.03191	0.12665	0.59180	0.01913	0.02462	0.02441	0.01821	0.02582	0.01516	0.02027	0.01261	0.00733	0.00804	0.00244	0.00978	0.00723	0.00397	0.01240
5	0.05374	0.49635	0.07926	0.01581	0.02251	0.14483	0.01514	0.05171	0.01848	0.02173	0.01207	0.01386	0.01049	0.00739	0.00586	0.00191	0.00986	0.00473	0.00385	0.01042
6	0.02167	0.59852	0.11152	0.01539	0.02271	0.07415	0.01580	0.02500	0.01699	0.01988	0.01173	0.01358	0.01040	0.00712	0.00563	0.00185	0.00945	0.00458	0.00351	0.01052
7	0.11641	0.03188	0.02141	0.02084	0.06186	0.48944	0.01512	0.03035	0.04846	0.02314	0.01548	0.02061	0.01345	0.00925	0.00739	0.00230	0.01250	0.04588	0.00467	0.00956
8	0.02003	0.01944	0.03384	0.04886	0.62664	0.01935	0.06176	0.02497	0.01852	0.02648	0.01533	0.02019	0.01282	0.00721	0.00813	0.00243	0.00988	0.00737	0.00402	0.01274
9	0.21273	0.02204	0.01765	0.01530	0.01981	0.19477	0.01203	0.16373	0.06560	0.03424	0.09323	0.02300	0.02036	0.00970	0.00713	0.00236	0.00864	0.00704	0.06052	0.01013
10	0.02934	0.03473	0.02211	0.01974	0.02404	0.56101	0.01497	0.10101	0.02433	0.02416	0.01428	0.01625	0.01154	0.00859	0.00730	0.00212	0.01324	0.00562	0.05583	0.00979
11	0.02008	0.01928	0.03294	0.04981	0.66422	0.01928	0.02490	0.02490	0.01848	0.02651	0.01526	0.02008	0.01285	0.00723	0.00803	0.00241	0.00964	0.00723	0.00402	0.01285
12	0.02217	0.02551	0.07921	0.04105	0.46774	0.17351	0.02314	0.02671	0.01943	0.02490	0.01458	0.01859	0.01210	0.00753	0.00784	0.00235	0.01098	0.00667	0.00401	0.01199
13	0.01160	0.00865	0.01282	0.01282	0.01419	0.01002	0.00987	0.01435	0.01298	0.01867	0.02193	0.03299	0.02077	0.09504	0.64915	0.01277	0.02101	0.00886	0.00438	0.00712
14	0.01171	0.00839	0.01059	0.01092	0.01237	0.00801	0.00820	0.01428	0.01831	0.02465	0.25923	0.09571	0.11498	0.19410	0.01799	0.00424	0.00584	0.16635	0.00735	0.00680
15	0.01513	0.00756	0.00756	0.00756	0.00945	0.00756	0.00567	0.01891	0.01702	0.03025	0.02647	0.03025	0.02080	0.00945	0.00567	0.00189	0.00378	0.00756	0.75988	0.00756
16	0.00985	0.00719	0.00928	0.01095	0.01168	0.00662	0.00738	0.01134	0.01587	0.02085	0.04890	0.63910	0.12141	0.02488	0.01027	0.00323	0.00464	0.02240	0.00753	0.00662
17	0.01014	0.00824	0.00899	0.00880	0.01130	0.00709	0.00660	0.01272	0.01980	0.02503	0.25117	0.07298	0.49001	0.01939	0.00958	0.00269	0.00403	0.01641	0.00794	0.00709
18	0.01532	0.01442	0.02434	0.69533	0.05589	0.01803	0.02253	0.02073	0.01622	0.02073	0.01442	0.02163	0.01082	0.00811	0.00811	0.00270	0.01082	0.00721	0.00361	0.00901
19	0.03641	0.01381	0.01883	0.01444	0.02071	0.01193	0.01193	0.03954	0.02322	0.66984	0.03201	0.02762	0.02009	0.01004	0.00816	0.00251	0.00690	0.00816	0.01004	0.01381
20	0.02018	0.01743	0.01835	0.01651	0.02110	0.02018	0.01284	0.04312	0.64956	0.03394	0.03303	0.03027	0.02477	0.01101	0.00826	0.00275	0.00642	0.00917	0.00826	0.01284
21	0.02169	0.71972	0.04252	0.01388	0.02083	0.03211	0.01388	0.02430	0.01649	0.01909	0.01128	0.01302	0.01041	0.00694	0.00521	0.00174	0.00868	0.00434	0.00347	0.01041
22	0.77215	0.01569	0.01193	0.01067	0.01569	0.01820	0.00879	0.02385	0.01381	0.03641	0.01130	0.01318	0.00879	0.00753	0.00502	0.00251	0.00628	0.00439	0.00502	0.00879
23	0.02008	0.01928	0.03294	0.04981	0.66422	0.01928	0.02490	0.02490	0.01848	0.02651	0.01526	0.02008	0.01285	0.00723	0.00803	0.00241	0.00964	0.00723	0.00402	0.01285
24	0.02107	0.02220	0.02782	0.03854	0.44690	0.16256	0.02066	0.02496	0.01946	0.02451	0.02264	0.02580	0.08948	0.00906	0.00806	0.00238	0.01007	0.00797	0.00447	0.01139

[dist]
# distance from previous block
# <min> <max>
0	1

[block]
# block no. 3 follows, 23 sequences, length 23
# corresponding to MSA columns:
# 93-115
name=unknown_D
#
# <colnr> <probs for GDERKNQSTAVLIFYWHMCP>
#	G	D	E	R	K	N	Q	S	T	A	V	L	I	F	Y	W	H	M	C	P
0	0.02008	0.01928	0.03294	0.04981	0.66422	0.01928	0.02490	0.02490	0.01848	0.02651	0.01526	0.02008	0.01285	0.00723	0.00803	0.00241	0.00964	0.00723	0.00402	0.01285
1	0.00980	0.00796	0.00850	0.00888	0.01098	0.00687	0.00635	0.01159	0.01744	0.02126	0.07081	0.20335	0.49581	0.06883	0.01190	0.00320	0.00449	0.01796	0.00736	0.00667
2	0.03085	0.02273	0.02435	0.01867	0.02516	0.02516	0.01542	0.63716	0.03815	0.05114	0.01948	0.01948	0.01380	0.00974	0.00812	0.00244	0.00893	0.00731	0.00812	0.01380
3	0.02018	0.01743	0.01835	0.01651	0.02110	0.02018	0.01284	0.04312	0.64956	0.03394	0.03303	0.03027	0.02477	0.01101	0.00826	0.00275	0.00642	0.00917	0.00826	0.01284
4	0.01775	0.01775	0.02485	0.02130	0.02130	0.02485	0.01775	0.01953	0.01243	0.01953	0.01065	0.01775	0.01065	0.01420	0.02663	0.00355	0.69998	0.00710	0.00355	0.00888
5	0.01148	0.00829	0.01085	0.01021	0.01212	0.00766	0.00766	0.01531	0.02297	0.03254	0.65994	0.06061	0.07656	0.01659	0.00957	0.00255	0.00383	0.01467	0.00893	0.00766
6	0.01534	0.01133	0.01474	0.01375	0.01603	0.01272	0.01064	0.13925	0.01820	0.02527	0.02338	0.08489	0.02227	0.09255	0.44949	0.00978	0.01685	0.00977	0.00540	0.00835
7	0.02169	0.71972	0.04252	0.01388	0.02083	0.03211	0.01388	0.02430	0.01649	0.01909	0.01128	0.01302	0.01041	0.00694	0.00521	0.00174	0.00868	0.00434	0.00347	0.01041
8	0.02858	0.17560	0.02692	0.01949	0.02423	0.55154	0.01532	0.03077	0.02169	0.01970	0.01229	0.01431	0.01044	0.00808	0.00689	0.00202	0.01344	0.00505	0.00404	0.00961
9	0.01453	0.00902	0.01149	0.01045	0.01309	0.00810	0.00799	0.01798	0.02227	0.11664	0.48101	0.05902	0.16439	0.01635	0.00938	0.00258	0.00429	0.01420	0.00885	0.00835
10	0.00971	0.00816	0.00843	0.00849	0.01107	0.00688	0.00632	0.01183	0.01859	0.02244	0.11199	0.10995	0.59726	0.02059	0.00963	0.00276	0.00413	0.01730	0.00761	0.00688
11	0.03009	0.06469	0.02435	0.01983	0.02492	0.43066	0.01551	0.23600	0.02781	0.03037	0.01482	0.01619	0.01158	0.00876	0.00749	0.00219	0.01243	0.00589	0.00548	0.01093
12	0.01180	0.00787	0.00885	0.00885	0.00885	0.00787	0.00492	0.01180	0.01180	0.01573	0.02557	0.05310	0.02950	0.71483	0.04130	0.00787	0.00787	0.01180	0.00492	0.00492
13	0.02856	0.02159	0.02306	0.01821	0.02429	0.02410	0.01487	0.50978	0.16925	0.04745	0.02239	0.02180	0.01615	0.01001	0.00815	0.00250	0.00839	0.00771	0.00815	0.01359
14	0.01907	0.02164	0.04650	0.03343	0.04115	0.02078	0.59786	0.02561	0.01875	0.02561	0.01607	0.02164	0.01221	0.00728	0.01060	0.00278	0.05471	0.00943	0.00407	0.01082
15	0.01948	0.03990	0.49089	0.02340	0.03346	0.16121	0.06811	0.02715	0.01853	0.02447	0.01426	0.01692	0.01045	0.00779	0.00775	0.00248	0.01267	0.00607	0.00363	0.01137
16	0.00971	0.00773	0.00872	0.00952	0.01130	0.00674	0.00674	0.01150	0.01725	0.02141	0.06639	0.34441	0.40481	0.02260	0.00991	0.00297	0.00436	0.01963	0.00753	0.00674
17	0.03046	0.03408	0.02339	0.02026	0.02511	0.49303	0.01560	0.20656	0.02736	0.02887	0.01454	0.01603	0.01142	0.00876	0.00755	0.00219	0.01299	0.00582	0.00531	0.01067
18	0.02937	0.03060	0.02296	0.01961	0.02467	0.37320	0.01527	0.25018	0.09820	0.03263	0.01731	0.01811	0.01325	0.00915	0.00771	0.00229	0.01168	0.00641	0.00604	0.01136
19	0.00972	0.00823	0.00840	0.00836	0.01104	0.00691	0.00627	0.01190	0.01880	0.02265	0.12177	0.07689	0.62090	0.02028	0.00959	0.00273	0.00409	0.01696	0.00763	0.00691
20	0.01116	0.00872	0.01040	0.01124	0.01359	0.00797	0.00927	0.01397	0.01858	0.02298	0.06456	0.08413	0.38481	0.02139	0.01032	0.00319	0.00562	0.28347	0.00751	0.00713
21	0.01861	0.01777	0.03027	0.24991	0.47564	0.01889	0.02417	0.02361	0.01778	0.02472	0.01500	0.02056	0.01222	0.00750	0.00806	0.00250	0.01000	0.00722	0.00389	0.01166
22	0.06242	0.01753	0.02089	0.02154	0.14889	0.01873	0.01429	0.31086	0.02699	0.03862	0.02344	0.02595	0.05387	0.03574	0.00881	0.00256	0.00768	0.00794	0.14176	0.01149

[dist]
# distance from previous block
# <min> <max>
0	0

# created by:
# /home/cegg/simao/soft/augustus-3.2.1/scripts/msa2prfl.pl ./align_prep/15212.fa
