[name]
unknown

[dist]
# distance from previous block
# <min> <max>
0	6

[block]
# block no. 0 follows, 20 sequences, length 19
# corresponding to MSA columns:
# 6-24
name=unknown_A
#
# <colnr> <probs for GDERKNQSTAVLIFYWHMCP>
#	G	D	E	R	K	N	Q	S	T	A	V	L	I	F	Y	W	H	M	C	P
0	0.01548	0.01115	0.01468	0.01537	0.01785	0.01125	0.01307	0.07298	0.02300	0.03066	0.16725	0.08419	0.05364	0.02151	0.01137	0.00362	0.00736	0.40845	0.00843	0.00871
1	0.02727	0.02639	0.15442	0.02005	0.02769	0.02293	0.01878	0.28516	0.19327	0.09547	0.02496	0.02433	0.01784	0.01041	0.00868	0.00275	0.00937	0.00818	0.00789	0.01415
2	0.02288	0.02412	0.02028	0.01608	0.02275	0.22529	0.01249	0.02621	0.02028	0.02609	0.01484	0.01731	0.01236	0.00730	0.00692	0.00161	0.00952	0.00532	0.00495	0.50343
3	0.01414	0.01303	0.02398	0.02013	0.02358	0.01218	0.20607	0.01792	0.01901	0.02577	0.11308	0.38864	0.04616	0.01951	0.01075	0.00324	0.00813	0.01885	0.00707	0.00878
4	0.01242	0.00914	0.01177	0.01175	0.01391	0.00849	0.00923	0.01626	0.02307	0.03156	0.43675	0.07468	0.15132	0.01972	0.01066	0.00304	0.00498	0.13411	0.00907	0.00807
5	0.01142	0.00828	0.01131	0.01226	0.01336	0.00816	0.00872	0.01389	0.01804	0.02488	0.18275	0.40215	0.05603	0.03306	0.14683	0.00555	0.00868	0.01940	0.00774	0.00751
6	0.02140	0.48280	0.24475	0.01821	0.02746	0.02981	0.02064	0.02662	0.01795	0.02287	0.01329	0.01545	0.01115	0.00774	0.00649	0.00216	0.01051	0.00525	0.00372	0.01175
7	0.02378	0.01964	0.02093	0.01781	0.02342	0.02192	0.01408	0.16241	0.44689	0.03964	0.03066	0.02882	0.02292	0.01107	0.00863	0.00274	0.00743	0.00902	0.00851	0.07969
8	0.01229	0.00918	0.01365	0.01384	0.01530	0.01054	0.01064	0.01525	0.01427	0.02044	0.02572	0.09668	0.02523	0.06178	0.59702	0.01302	0.02162	0.01082	0.00500	0.00772
9	0.02017	0.34567	0.37117	0.02029	0.03069	0.02681	0.02427	0.02693	0.01810	0.02436	0.01403	0.01638	0.01112	0.00791	0.00705	0.00235	0.01125	0.00563	0.00371	0.01211
10	0.01478	0.00860	0.01042	0.01042	0.01227	0.00921	0.00796	0.01848	0.01663	0.02775	0.02648	0.03320	0.02214	0.03162	0.25963	0.00669	0.01156	0.00860	0.45555	0.00800
11	0.02009	0.01496	0.01721	0.01461	0.01856	0.01570	0.01151	0.21530	0.08595	0.04173	0.37587	0.04751	0.05482	0.01484	0.00964	0.00272	0.00619	0.01261	0.00924	0.01093
12	0.01181	0.00896	0.01254	0.01289	0.01448	0.00968	0.00975	0.01450	0.01539	0.02111	0.03768	0.15797	0.12186	0.05204	0.44478	0.01047	0.01722	0.01347	0.00580	0.00760
13	0.01063	0.00759	0.01012	0.01215	0.01265	0.00709	0.00810	0.01215	0.01670	0.02227	0.04808	0.68775	0.05769	0.02733	0.01113	0.00354	0.00506	0.02480	0.00810	0.00709
14	0.01966	0.01803	0.02923	0.40906	0.24885	0.02051	0.02438	0.07642	0.02035	0.02727	0.01629	0.02250	0.01264	0.00856	0.00869	0.00278	0.01103	0.00777	0.00446	0.01152
15	0.01809	0.01550	0.01809	0.01292	0.02067	0.01163	0.01034	0.02196	0.01809	0.02842	0.01550	0.01809	0.01292	0.00646	0.00646	0.00129	0.00646	0.00517	0.00517	0.74677
16	0.01988	0.02525	0.13500	0.09180	0.16871	0.02157	0.31141	0.02673	0.01938	0.02709	0.01651	0.02204	0.01278	0.00820	0.01066	0.00289	0.05505	0.00880	0.00420	0.01205
17	0.02072	0.01554	0.02116	0.02203	0.14990	0.01328	0.01432	0.02468	0.01945	0.10729	0.02289	0.06686	0.02032	0.01016	0.00801	0.00213	0.00747	0.06100	0.00615	0.38664
18	0.02417	0.01258	0.01619	0.01396	0.01802	0.01213	0.01088	0.03040	0.10597	0.27287	0.19538	0.06987	0.04083	0.06020	0.07214	0.00419	0.00791	0.01179	0.00919	0.01135

[dist]
# distance from previous block
# <min> <max>
0	2

[block]
# block no. 1 follows, 20 sequences, length 36
# corresponding to MSA columns:
# 27-62
name=unknown_B
#
# <colnr> <probs for GDERKNQSTAVLIFYWHMCP>
#	G	D	E	R	K	N	Q	S	T	A	V	L	I	F	Y	W	H	M	C	P
0	0.03222	0.02884	0.02577	0.05131	0.02857	0.20430	0.01701	0.42063	0.03532	0.04398	0.01859	0.01958	0.01367	0.00997	0.00848	0.00253	0.01142	0.00722	0.00731	0.01326
1	0.02589	0.01746	0.01972	0.01677	0.02241	0.01856	0.01326	0.04331	0.41792	0.19282	0.03354	0.03059	0.02417	0.01111	0.00865	0.00275	0.00700	0.00919	0.00906	0.07583
2	0.01174	0.00863	0.01171	0.01209	0.01358	0.00860	0.00887	0.01466	0.01890	0.02620	0.24815	0.24771	0.08886	0.03468	0.19724	0.00624	0.00996	0.01683	0.00764	0.00770
3	0.01246	0.00935	0.01402	0.01402	0.01558	0.01090	0.01090	0.01558	0.01402	0.02025	0.02336	0.03427	0.02181	0.06542	0.65888	0.01402	0.02336	0.00935	0.00467	0.00779
4	0.01246	0.00935	0.01402	0.01402	0.01558	0.01090	0.01090	0.01558	0.01402	0.02025	0.02336	0.03427	0.02181	0.06542	0.65888	0.01402	0.02336	0.00935	0.00467	0.00779
5	0.01809	0.01550	0.01809	0.01292	0.02067	0.01163	0.01034	0.02196	0.01809	0.02842	0.01550	0.01809	0.01292	0.00646	0.00646	0.00129	0.00646	0.00517	0.00517	0.74677
6	0.01898	0.00961	0.01305	0.01301	0.01521	0.00873	0.00936	0.02053	0.01851	0.19504	0.04126	0.44404	0.04375	0.02300	0.01258	0.07122	0.00595	0.01876	0.00845	0.00894
7	0.36650	0.09952	0.02142	0.01658	0.02180	0.29640	0.01322	0.02965	0.01940	0.02951	0.01272	0.01482	0.01040	0.00841	0.00648	0.00242	0.01089	0.00510	0.00483	0.00992
8	0.01159	0.00908	0.01069	0.01140	0.01378	0.00818	0.00904	0.01442	0.02005	0.02514	0.11855	0.14174	0.36758	0.02279	0.01088	0.00329	0.00549	0.18052	0.00821	0.00760
9	0.02568	0.01998	0.02142	0.01822	0.02378	0.02255	0.01446	0.19153	0.43774	0.07718	0.03168	0.02938	0.02329	0.01142	0.00883	0.00286	0.00763	0.00928	0.00895	0.01413
10	0.01515	0.00758	0.01136	0.01136	0.01136	0.00758	0.00758	0.01136	0.01136	0.01515	0.01515	0.02652	0.01515	0.03030	0.03409	0.74621	0.00758	0.00758	0.00379	0.00379
11	0.02159	0.02073	0.03541	0.05354	0.63903	0.02073	0.02677	0.02677	0.01986	0.02850	0.01641	0.02159	0.01382	0.00777	0.00864	0.00259	0.01036	0.00777	0.00432	0.01382
12	0.01246	0.00935	0.01402	0.01402	0.01558	0.01090	0.01090	0.01558	0.01402	0.02025	0.02336	0.03427	0.02181	0.06542	0.65888	0.01402	0.02336	0.00935	0.00467	0.00779
13	0.01235	0.00892	0.01166	0.01097	0.01303	0.00823	0.00823	0.01646	0.02469	0.03498	0.63443	0.06516	0.08230	0.01783	0.01029	0.00274	0.00412	0.01578	0.00960	0.00823
14	0.01910	0.01045	0.01372	0.01291	0.01576	0.00967	0.00964	0.02310	0.05161	0.18785	0.23718	0.28021	0.05495	0.01916	0.01013	0.00303	0.00545	0.01695	0.00933	0.00980
15	0.02915	0.02396	0.02847	0.06735	0.18689	0.06232	0.01968	0.39077	0.03320	0.04422	0.01901	0.02094	0.01417	0.00958	0.00865	0.00261	0.01028	0.00769	0.00705	0.01399
16	0.03017	0.02348	0.02856	0.02871	0.18494	0.02542	0.01921	0.45949	0.03556	0.04814	0.01977	0.02111	0.01457	0.00977	0.00870	0.00261	0.00980	0.00783	0.00759	0.01457
17	0.02129	0.02042	0.03487	0.08928	0.60560	0.02065	0.02662	0.02651	0.01972	0.02814	0.01636	0.02169	0.01369	0.00783	0.00864	0.00261	0.01044	0.00777	0.00429	0.01358
18	0.02896	0.02195	0.02393	0.01808	0.02527	0.02276	0.01484	0.44622	0.03463	0.04758	0.01943	0.02015	0.01430	0.00935	0.00810	0.00225	0.00872	0.00711	0.00774	0.21865
19	0.02305	0.01807	0.01976	0.01676	0.02163	0.01998	0.01328	0.22359	0.27777	0.04217	0.18525	0.03715	0.03712	0.01293	0.00919	0.00279	0.00707	0.01073	0.00901	0.01271
20	0.75506	0.01687	0.01282	0.01147	0.01687	0.01957	0.00945	0.02564	0.01484	0.03914	0.01215	0.01417	0.00945	0.00810	0.00540	0.00270	0.00675	0.00472	0.00540	0.00945
21	0.01626	0.00813	0.00813	0.00813	0.01016	0.00813	0.00610	0.02033	0.01829	0.03252	0.02846	0.03252	0.02236	0.01016	0.00610	0.00203	0.00407	0.00813	0.74187	0.00813
22	0.01268	0.00846	0.00951	0.00951	0.00951	0.00846	0.00529	0.01268	0.01268	0.01691	0.02748	0.05708	0.03171	0.69345	0.04440	0.00846	0.00846	0.01268	0.00529	0.00529
23	0.75506	0.01687	0.01282	0.01147	0.01687	0.01957	0.00945	0.02564	0.01484	0.03914	0.01215	0.01417	0.00945	0.00810	0.00540	0.00270	0.00675	0.00472	0.00540	0.00945
24	0.03043	0.02308	0.02464	0.01952	0.02601	0.02578	0.01592	0.47573	0.17968	0.05057	0.02441	0.02371	0.01764	0.01080	0.00876	0.00270	0.00896	0.00833	0.00876	0.01459
25	0.02131	0.01838	0.02193	0.18687	0.03270	0.02155	0.01673	0.08763	0.41791	0.03438	0.02912	0.02917	0.02176	0.01092	0.00882	0.00292	0.00835	0.00915	0.00757	0.01283
26	0.02212	0.02200	0.03579	0.05089	0.57128	0.05481	0.06059	0.02727	0.02016	0.02808	0.01632	0.02139	0.01364	0.00781	0.00869	0.00259	0.01091	0.00781	0.00433	0.01350
27	0.02159	0.02073	0.03541	0.05354	0.63903	0.02073	0.02677	0.02677	0.01986	0.02850	0.01641	0.02159	0.01382	0.00777	0.00864	0.00259	0.01036	0.00777	0.00432	0.01382
28	0.01246	0.00935	0.01402	0.01402	0.01558	0.01090	0.01090	0.01558	0.01402	0.02025	0.02336	0.03427	0.02181	0.06542	0.65888	0.01402	0.02336	0.00935	0.00467	0.00779
29	0.01909	0.01600	0.01748	0.01586	0.02000	0.01795	0.01225	0.03803	0.45659	0.03607	0.20228	0.04163	0.04213	0.01350	0.00927	0.00290	0.00613	0.01151	0.00908	0.01225
30	0.02132	0.01039	0.01400	0.01330	0.01624	0.00930	0.00986	0.02374	0.02043	0.25372	0.09242	0.39188	0.04641	0.02041	0.01019	0.00316	0.00585	0.01811	0.00922	0.01005
31	0.01734	0.01427	0.01591	0.01456	0.01823	0.01553	0.01119	0.03256	0.35116	0.03518	0.27767	0.04838	0.08215	0.01479	0.00952	0.00287	0.00565	0.01269	0.00912	0.01123
32	0.01809	0.01550	0.01809	0.01292	0.02067	0.01163	0.01034	0.02196	0.01809	0.02842	0.01550	0.01809	0.01292	0.00646	0.00646	0.00129	0.00646	0.00517	0.00517	0.74677
33	0.01932	0.04257	0.59534	0.02407	0.03645	0.01963	0.03059	0.02888	0.01897	0.07965	0.01723	0.01937	0.01194	0.00850	0.00833	0.00276	0.01243	0.00664	0.00428	0.01306
34	0.02997	0.01719	0.02013	0.01660	0.02245	0.01773	0.01333	0.10589	0.26883	0.30185	0.03603	0.03257	0.05339	0.01174	0.00889	0.00281	0.00731	0.00959	0.00965	0.01405
35	0.01284	0.00991	0.01475	0.01453	0.01600	0.01182	0.01138	0.01589	0.01398	0.02029	0.02268	0.03339	0.02121	0.06252	0.62248	0.01343	0.06114	0.00925	0.00462	0.00789

[dist]
# distance from previous block
# <min> <max>
0	2

[block]
# block no. 2 follows, 20 sequences, length 6
# corresponding to MSA columns:
# 65-70
name=unknown_C
#
# <colnr> <probs for GDERKNQSTAVLIFYWHMCP>
#	G	D	E	R	K	N	Q	S	T	A	V	L	I	F	Y	W	H	M	C	P
0	0.01792	0.01402	0.01846	0.01659	0.01912	0.01666	0.01329	0.14640	0.01983	0.02795	0.02116	0.02922	0.01883	0.04635	0.42806	0.01009	0.11225	0.00878	0.00544	0.00958
1	0.01485	0.01109	0.01542	0.01472	0.01690	0.01277	0.01156	0.08427	0.01714	0.02426	0.02308	0.03273	0.02100	0.05907	0.58374	0.01270	0.02177	0.00917	0.00514	0.00860
2	0.01809	0.01550	0.01809	0.01292	0.02067	0.01163	0.01034	0.02196	0.01809	0.02842	0.01550	0.01809	0.01292	0.00646	0.00646	0.00129	0.00646	0.00517	0.00517	0.74677
3	0.01783	0.01541	0.01704	0.01590	0.01858	0.09234	0.01243	0.10144	0.01912	0.02526	0.02182	0.03013	0.01953	0.05080	0.48794	0.01098	0.02050	0.00868	0.00522	0.00906
4	0.01246	0.00935	0.01402	0.01402	0.01558	0.01090	0.01090	0.01558	0.01402	0.02025	0.02336	0.03427	0.02181	0.06542	0.65888	0.01402	0.02336	0.00935	0.00467	0.00779
5	0.01246	0.00935	0.01402	0.01402	0.01558	0.01090	0.01090	0.01558	0.01402	0.02025	0.02336	0.03427	0.02181	0.06542	0.65888	0.01402	0.02336	0.00935	0.00467	0.00779

[dist]
# distance from previous block
# <min> <max>
0	1

[block]
# block no. 3 follows, 20 sequences, length 20
# corresponding to MSA columns:
# 72-91
name=unknown_D
#
# <colnr> <probs for GDERKNQSTAVLIFYWHMCP>
#	G	D	E	R	K	N	Q	S	T	A	V	L	I	F	Y	W	H	M	C	P
0	0.01246	0.00935	0.01402	0.01402	0.01558	0.01090	0.01090	0.01558	0.01402	0.02025	0.02336	0.03427	0.02181	0.06542	0.65888	0.01402	0.02336	0.00935	0.00467	0.00779
1	0.01235	0.00892	0.01166	0.01097	0.01303	0.00823	0.00823	0.01646	0.02469	0.03498	0.63443	0.06516	0.08230	0.01783	0.01029	0.00274	0.00412	0.01578	0.00960	0.00823
2	0.01246	0.00935	0.01402	0.01402	0.01558	0.01090	0.01090	0.01558	0.01402	0.02025	0.02336	0.03427	0.02181	0.06542	0.65888	0.01402	0.02336	0.00935	0.00467	0.00779
3	0.01246	0.00935	0.01402	0.01402	0.01558	0.01090	0.01090	0.01558	0.01402	0.02025	0.02336	0.03427	0.02181	0.06542	0.65888	0.01402	0.02336	0.00935	0.00467	0.00779
4	0.01639	0.01390	0.01902	0.19066	0.02964	0.01651	0.01535	0.02690	0.20374	0.02583	0.02503	0.03080	0.02059	0.03370	0.28417	0.00763	0.01514	0.00908	0.00576	0.01016
5	0.01809	0.01550	0.01809	0.01292	0.02067	0.01163	0.01034	0.02196	0.01809	0.02842	0.01550	0.01809	0.01292	0.00646	0.00646	0.00129	0.00646	0.00517	0.00517	0.74677
6	0.02667	0.01564	0.01901	0.01572	0.02050	0.01635	0.01271	0.21906	0.02670	0.19842	0.05408	0.02993	0.02229	0.02551	0.18183	0.00563	0.01192	0.00888	0.07716	0.01203
7	0.02193	0.03092	0.35280	0.01994	0.02977	0.01681	0.02254	0.03015	0.05230	0.15373	0.05262	0.02383	0.01802	0.00919	0.00823	0.00252	0.00997	0.00738	0.00595	0.13140
8	0.02174	0.01322	0.01614	0.01441	0.01802	0.01316	0.01104	0.13599	0.05906	0.15837	0.16894	0.25178	0.04583	0.01777	0.00988	0.00298	0.00631	0.01546	0.00914	0.01078
9	0.10241	0.01605	0.02013	0.14825	0.02877	0.01647	0.01450	0.12984	0.02322	0.18898	0.02505	0.10717	0.02052	0.01155	0.00839	0.00264	0.00816	0.00952	0.00736	0.11103
10	0.02171	0.02154	0.01949	0.02014	0.07844	0.18626	0.01400	0.09950	0.08803	0.02869	0.03686	0.16956	0.11636	0.01585	0.00941	0.00287	0.00925	0.04477	0.00694	0.01032
11	0.01447	0.01119	0.01306	0.01149	0.01497	0.01019	0.00884	0.07187	0.02406	0.03288	0.34749	0.06021	0.21982	0.01687	0.00966	0.00260	0.00501	0.01441	0.00854	0.10235
12	0.02018	0.01450	0.01761	0.14714	0.02625	0.01606	0.01341	0.08378	0.18248	0.07210	0.06951	0.03460	0.06195	0.01160	0.00831	0.00266	0.00711	0.00965	0.19013	0.01098
13	0.02046	0.01490	0.01663	0.01491	0.01881	0.01559	0.01146	0.19101	0.12435	0.06940	0.04504	0.23804	0.14707	0.01803	0.00978	0.00302	0.00668	0.01538	0.00856	0.01090
14	0.02831	0.02261	0.02285	0.01872	0.02457	0.06282	0.01504	0.35276	0.23051	0.04544	0.02575	0.02516	0.01896	0.01081	0.00856	0.00267	0.00875	0.00840	0.05353	0.01379
15	0.02088	0.12970	0.10475	0.05171	0.12178	0.13079	0.01766	0.06748	0.02166	0.02628	0.03461	0.03563	0.17826	0.01206	0.00844	0.00255	0.00987	0.00959	0.00549	0.01082
16	0.02324	0.02385	0.03381	0.04889	0.54738	0.11621	0.02529	0.02798	0.02059	0.02743	0.01597	0.02071	0.01343	0.00795	0.00852	0.00254	0.01117	0.00745	0.00434	0.01326
17	0.02538	0.02877	0.15436	0.03167	0.21798	0.12400	0.02286	0.10313	0.02283	0.08771	0.01753	0.02042	0.01345	0.00949	0.01057	0.00271	0.08174	0.00725	0.00533	0.01281
18	0.02027	0.02181	0.12203	0.10520	0.11657	0.09110	0.01833	0.02542	0.02209	0.09386	0.22941	0.03637	0.03706	0.01188	0.00908	0.00268	0.00912	0.01015	0.00667	0.01090
19	0.01937	0.16400	0.08452	0.01864	0.07857	0.09957	0.01492	0.05834	0.02197	0.02727	0.13309	0.04143	0.17829	0.01326	0.00855	0.00253	0.00854	0.01066	0.00622	0.01026

[dist]
# distance from previous block
# <min> <max>
0	13

[block]
# block no. 4 follows, 20 sequences, length 7
# corresponding to MSA columns:
# 105-111
name=unknown_E
#
# <colnr> <probs for GDERKNQSTAVLIFYWHMCP>
#	G	D	E	R	K	N	Q	S	T	A	V	L	I	F	Y	W	H	M	C	P
0	0.02119	0.01457	0.01999	0.02302	0.15305	0.01459	0.01439	0.08499	0.08415	0.13066	0.06726	0.26564	0.03605	0.01654	0.00968	0.00300	0.00720	0.01472	0.00794	0.01136
1	0.02159	0.02073	0.03541	0.05354	0.63903	0.02073	0.02677	0.02677	0.01986	0.02850	0.01641	0.02159	0.01382	0.00777	0.00864	0.00259	0.01036	0.00777	0.00432	0.01382
2	0.01939	0.25817	0.45183	0.02162	0.03274	0.02491	0.02659	0.02713	0.01819	0.02531	0.01450	0.01697	0.01110	0.00802	0.00741	0.00247	0.01173	0.00586	0.00370	0.01234
3	0.02078	0.04196	0.46708	0.02733	0.09701	0.14178	0.02875	0.02891	0.01976	0.02652	0.01532	0.01823	0.01137	0.00837	0.00824	0.00265	0.01317	0.00642	0.00390	0.01246
4	0.02215	0.02303	0.08358	0.01736	0.02227	0.13812	0.01463	0.17646	0.02618	0.03367	0.12473	0.17546	0.03421	0.01469	0.00918	0.00271	0.00902	0.01220	0.00720	0.05317
5	0.03023	0.02555	0.02280	0.01877	0.02425	0.19334	0.01491	0.29913	0.03229	0.10342	0.12033	0.02764	0.02556	0.01130	0.00875	0.00255	0.01014	0.00863	0.00794	0.01248
6	0.02376	0.17166	0.03591	0.04007	0.40506	0.12769	0.02258	0.02794	0.02019	0.02560	0.01500	0.01898	0.01283	0.00790	0.00785	0.00238	0.01101	0.00674	0.00422	0.01264

[dist]
# distance from previous block
# <min> <max>
3	10

[block]
# block no. 5 follows, 20 sequences, length 32
# corresponding to MSA columns:
# 122-153
name=unknown_F
#
# <colnr> <probs for GDERKNQSTAVLIFYWHMCP>
#	G	D	E	R	K	N	Q	S	T	A	V	L	I	F	Y	W	H	M	C	P
0	0.02292	0.01973	0.02648	0.03233	0.28558	0.04397	0.01894	0.17572	0.05861	0.03690	0.15673	0.03153	0.02998	0.01098	0.00901	0.00264	0.00879	0.00961	0.00688	0.01269
1	0.18787	0.02581	0.15288	0.02950	0.21676	0.02203	0.02134	0.17964	0.02399	0.03764	0.01649	0.01911	0.01254	0.00866	0.00786	0.00266	0.00987	0.00684	0.00559	0.01292
2	0.02375	0.02022	0.02021	0.01739	0.02223	0.07591	0.01366	0.18706	0.29631	0.03971	0.15187	0.03468	0.03354	0.01245	0.00904	0.00276	0.00781	0.01017	0.00860	0.01262
3	0.22020	0.02512	0.16062	0.01796	0.02580	0.02067	0.01744	0.21075	0.02582	0.16501	0.02020	0.02038	0.01395	0.00943	0.00776	0.00269	0.00914	0.00690	0.00715	0.01299
4	0.02159	0.02073	0.03541	0.05354	0.63903	0.02073	0.02677	0.02677	0.01986	0.02850	0.01641	0.02159	0.01382	0.00777	0.00864	0.00259	0.01036	0.00777	0.00432	0.01382
5	0.02103	0.02016	0.03440	0.12114	0.57580	0.02058	0.02649	0.02628	0.01960	0.02782	0.01631	0.02177	0.01358	0.00788	0.00864	0.00263	0.01050	0.00777	0.00427	0.01337
6	0.02325	0.03762	0.29413	0.03164	0.19210	0.21831	0.02603	0.02964	0.02075	0.02591	0.01518	0.01842	0.01183	0.00837	0.00825	0.00256	0.01311	0.00654	0.00410	0.01227
7	0.01937	0.09181	0.01874	0.01485	0.01787	0.16976	0.01171	0.02245	0.01797	0.02329	0.02089	0.02718	0.01822	0.03309	0.28409	0.00716	0.01567	0.00766	0.16944	0.00880
8	0.01824	0.18737	0.44393	0.02112	0.03162	0.02213	0.02574	0.02607	0.01895	0.02684	0.08245	0.02253	0.01886	0.00915	0.00790	0.00256	0.01114	0.00707	0.00434	0.01200
9	0.01609	0.01008	0.01225	0.01171	0.01397	0.01098	0.00909	0.06972	0.01843	0.02918	0.02560	0.03226	0.02146	0.03404	0.28813	0.00726	0.01288	0.00863	0.35966	0.00857
10	0.02621	0.02162	0.02060	0.01702	0.02207	0.12044	0.01353	0.29876	0.03185	0.06588	0.16350	0.03714	0.09727	0.01315	0.00911	0.00263	0.00870	0.01044	0.00826	0.01181
11	0.02094	0.43194	0.29163	0.01898	0.02866	0.02870	0.02199	0.02673	0.01801	0.02342	0.01357	0.01580	0.01114	0.00780	0.00670	0.00223	0.01078	0.00539	0.00371	0.01189
12	0.13037	0.01769	0.02764	0.33776	0.27289	0.01992	0.02295	0.02449	0.01797	0.02719	0.01534	0.02125	0.01213	0.00827	0.00818	0.00276	0.01041	0.00730	0.00427	0.01122
13	0.09805	0.04203	0.57885	0.02340	0.03547	0.02018	0.02974	0.02741	0.01803	0.02888	0.01527	0.01795	0.01087	0.00827	0.00797	0.00276	0.01222	0.00626	0.00387	0.01252
14	0.02392	0.02332	0.02957	0.18413	0.29196	0.12271	0.02256	0.11604	0.04719	0.03026	0.01718	0.02138	0.01357	0.00875	0.00856	0.00263	0.01125	0.00752	0.00509	0.01244
15	0.01922	0.01887	0.01618	0.01530	0.01758	0.21036	0.01137	0.02092	0.01960	0.02341	0.17889	0.03504	0.03304	0.02828	0.15948	0.15669	0.01273	0.00951	0.00573	0.00781
16	0.01457	0.01194	0.01322	0.01236	0.01561	0.01212	0.00943	0.02442	0.20874	0.03165	0.26687	0.06130	0.24920	0.01739	0.00986	0.00288	0.00508	0.01482	0.00888	0.00967
17	0.01840	0.01732	0.02864	0.39610	0.25813	0.01913	0.02383	0.02382	0.01834	0.02502	0.01582	0.02220	0.01251	0.00818	0.00848	0.00265	0.01071	0.00752	0.00415	0.07905
18	0.02123	0.01809	0.02342	0.02777	0.21264	0.01942	0.01700	0.03641	0.34254	0.06076	0.03530	0.03463	0.08892	0.01165	0.00895	0.00283	0.00773	0.01010	0.00747	0.01315
19	0.01246	0.00935	0.01402	0.01402	0.01558	0.01090	0.01090	0.01558	0.01402	0.02025	0.02336	0.03427	0.02181	0.06542	0.65888	0.01402	0.02336	0.00935	0.00467	0.00779
20	0.01437	0.00919	0.01213	0.01158	0.01377	0.00842	0.00861	0.01795	0.02326	0.08589	0.47517	0.17558	0.07252	0.01895	0.01031	0.00289	0.00458	0.01681	0.00943	0.00860
21	0.02270	0.02151	0.08942	0.01644	0.02452	0.01735	0.01466	0.20495	0.02523	0.03657	0.01721	0.01901	0.01331	0.00790	0.00736	0.00186	0.00814	0.00614	0.00611	0.43960
22	0.01649	0.00964	0.01265	0.01190	0.01448	0.00872	0.00891	0.01979	0.02268	0.13722	0.36894	0.19933	0.09703	0.01897	0.01022	0.00293	0.00492	0.01673	0.00939	0.00907
23	0.01457	0.01168	0.01357	0.01251	0.01579	0.01136	0.00945	0.02268	0.15628	0.03149	0.28650	0.12323	0.14330	0.01693	0.00965	0.00275	0.00514	0.01467	0.00856	0.08989
24	0.01992	0.09909	0.39660	0.02183	0.03184	0.02232	0.02502	0.06156	0.17675	0.03063	0.02075	0.02180	0.01530	0.00924	0.00821	0.00272	0.01083	0.00724	0.00529	0.01307
25	0.02169	0.01771	0.02000	0.01483	0.02223	0.01572	0.01195	0.15506	0.06199	0.03488	0.01800	0.01965	0.01423	0.00770	0.00712	0.00170	0.00719	0.00607	0.00620	0.53608
26	0.01425	0.01109	0.01447	0.01286	0.01606	0.01069	0.00971	0.01703	0.01504	0.02218	0.02167	0.03338	0.02084	0.16075	0.34536	0.00907	0.01542	0.00865	0.00494	0.23653
27	0.01248	0.00927	0.01363	0.01363	0.01505	0.01069	0.01041	0.01532	0.01390	0.01996	0.02372	0.03626	0.02267	0.12021	0.60527	0.01353	0.02206	0.00964	0.00473	0.00757
28	0.01259	0.00902	0.01224	0.01224	0.01344	0.00992	0.00889	0.01480	0.01408	0.01995	0.02773	0.04302	0.05268	0.24156	0.42551	0.01142	0.01741	0.01067	0.03577	0.00706
29	0.02104	0.01415	0.01627	0.01359	0.01885	0.01324	0.01071	0.02987	0.17907	0.15549	0.08219	0.04347	0.17594	0.01333	0.00876	0.00252	0.00612	0.01107	0.00829	0.17604
30	0.25296	0.01993	0.02051	0.06973	0.02551	0.02242	0.01420	0.25365	0.13193	0.04288	0.02006	0.02093	0.01488	0.00964	0.00761	0.00266	0.00826	0.00710	0.00715	0.04800
31	0.03207	0.02389	0.02557	0.01985	0.02664	0.02654	0.01632	0.55660	0.09613	0.05322	0.02232	0.02204	0.01595	0.01060	0.00874	0.00265	0.00934	0.00804	0.00874	0.01474

[dist]
# distance from previous block
# <min> <max>
0	1

[block]
# block no. 6 follows, 20 sequences, length 10
# corresponding to MSA columns:
# 155-164
name=unknown_G
#
# <colnr> <probs for GDERKNQSTAVLIFYWHMCP>
#	G	D	E	R	K	N	Q	S	T	A	V	L	I	F	Y	W	H	M	C	P
0	0.01129	0.00818	0.01124	0.01243	0.01339	0.00814	0.00877	0.01353	0.01715	0.02351	0.12125	0.45048	0.05258	0.03499	0.16310	0.00589	0.00923	0.01995	0.00750	0.00740
1	0.01251	0.00915	0.01302	0.01302	0.01424	0.01036	0.00966	0.01494	0.01372	0.01951	0.02427	0.03930	0.02399	0.20404	0.52325	0.01279	0.02007	0.01008	0.00481	0.00724
2	0.01238	0.00903	0.01230	0.01180	0.01372	0.00895	0.00895	0.01622	0.02180	0.03099	0.46906	0.05680	0.06593	0.03071	0.18582	0.00579	0.00932	0.01404	0.00827	0.00811
3	0.01809	0.01550	0.01809	0.01292	0.02067	0.01163	0.01034	0.02196	0.01809	0.02842	0.01550	0.01809	0.01292	0.00646	0.00646	0.00129	0.00646	0.00517	0.00517	0.74677
4	0.01691	0.01485	0.02094	0.25893	0.03445	0.01806	0.01718	0.02676	0.18012	0.02545	0.02291	0.02867	0.01862	0.02646	0.19859	0.00621	0.06042	0.00878	0.00546	0.01024
5	0.03036	0.01371	0.01851	0.01531	0.02050	0.01310	0.01239	0.03557	0.07555	0.42165	0.03152	0.03118	0.02210	0.02566	0.18458	0.00578	0.01169	0.00902	0.00897	0.01284
6	0.01671	0.01300	0.01409	0.01260	0.01632	0.01298	0.00982	0.17432	0.02482	0.03166	0.06114	0.11009	0.36716	0.02324	0.06799	0.00389	0.00757	0.01525	0.00796	0.00940
7	0.01177	0.00845	0.01025	0.01051	0.01169	0.00791	0.00707	0.01375	0.01845	0.02487	0.23540	0.21136	0.13537	0.22970	0.02104	0.00473	0.00572	0.01729	0.00771	0.00693
8	0.01181	0.00826	0.01052	0.01134	0.01181	0.00831	0.00737	0.01295	0.01454	0.01964	0.03513	0.30872	0.04057	0.31780	0.13444	0.00740	0.00959	0.01703	0.00632	0.00644
9	0.01654	0.01372	0.01635	0.01239	0.01861	0.01071	0.00977	0.02048	0.01987	0.03020	0.18287	0.03082	0.03168	0.00954	0.00750	0.00168	0.00583	0.00804	0.00637	0.54705

[dist]
# distance from previous block
# <min> <max>
0	1

# created by:
# /home/cegg/simao/soft/augustus-3.2.1/scripts/msa2prfl.pl ./align_prep/15244.fa
