[name]
unknown

[dist]
# distance from previous block
# <min> <max>
0	2

[block]
# block no. 0 follows, 22 sequences, length 9
# corresponding to MSA columns:
# 2-10
name=unknown_A
#
# <colnr> <probs for GDERKNQSTAVLIFYWHMCP>
#	G	D	E	R	K	N	Q	S	T	A	V	L	I	F	Y	W	H	M	C	P
0	0.01339	0.00956	0.01339	0.01530	0.01721	0.00956	0.01339	0.01721	0.01912	0.02486	0.04399	0.09371	0.04781	0.02295	0.01147	0.00382	0.00765	0.60031	0.00765	0.00765
1	0.01176	0.00849	0.01110	0.01045	0.01241	0.00784	0.00784	0.01568	0.02352	0.03331	0.65184	0.06206	0.07839	0.01698	0.00980	0.00261	0.00392	0.01502	0.00914	0.00784
2	0.01012	0.00723	0.00964	0.01157	0.01205	0.00675	0.00771	0.01157	0.01591	0.02121	0.04579	0.70262	0.05495	0.02603	0.01060	0.00337	0.00482	0.02362	0.00771	0.00675
3	0.02056	0.01974	0.03372	0.05099	0.65622	0.01974	0.02550	0.02550	0.01892	0.02714	0.01563	0.02056	0.01316	0.00740	0.00822	0.00247	0.00987	0.00740	0.00411	0.01316
4	0.02254	0.59452	0.09608	0.01547	0.02298	0.03107	0.01579	0.07761	0.01887	0.02299	0.01257	0.01427	0.01095	0.00743	0.00581	0.00191	0.00920	0.00485	0.00396	0.01110
5	0.02056	0.01974	0.03372	0.05099	0.65622	0.01974	0.02550	0.02550	0.01892	0.02714	0.01563	0.02056	0.01316	0.00740	0.00822	0.00247	0.00987	0.00740	0.00411	0.01316
6	0.01915	0.01830	0.03117	0.23535	0.48288	0.01937	0.02479	0.02426	0.01825	0.02543	0.01538	0.02102	0.01256	0.00766	0.00825	0.00255	0.01022	0.00740	0.00399	0.01202
7	0.02010	0.02035	0.02659	0.03593	0.37753	0.13144	0.01987	0.02403	0.01826	0.02389	0.01688	0.02277	0.01473	0.02205	0.18359	0.00527	0.01402	0.00744	0.00423	0.01103
8	0.02281	0.02445	0.03013	0.10943	0.42803	0.19196	0.02276	0.02707	0.01989	0.02473	0.01480	0.01926	0.01230	0.00780	0.00804	0.00241	0.01134	0.00686	0.00411	0.01182

[dist]
# distance from previous block
# <min> <max>
0	4

[block]
# block no. 1 follows, 22 sequences, length 8
# corresponding to MSA columns:
# 15-22
name=unknown_B
#
# <colnr> <probs for GDERKNQSTAVLIFYWHMCP>
#	G	D	E	R	K	N	Q	S	T	A	V	L	I	F	Y	W	H	M	C	P
0	0.01983	0.01384	0.01779	0.13929	0.02533	0.01456	0.01318	0.13434	0.07186	0.10728	0.08237	0.21858	0.03213	0.01470	0.00897	0.00276	0.00720	0.01277	0.00740	0.05582
1	0.01915	0.01830	0.03117	0.23576	0.48250	0.01937	0.02479	0.02426	0.01825	0.02542	0.01538	0.02102	0.01255	0.00766	0.00825	0.00255	0.01022	0.00740	0.00399	0.01202
2	0.01187	0.00890	0.01335	0.01335	0.01483	0.01038	0.01038	0.01483	0.01335	0.01928	0.02225	0.03264	0.02077	0.06231	0.67512	0.01335	0.02225	0.00890	0.00445	0.00742
3	0.01460	0.01268	0.01440	0.01641	0.06348	0.05885	0.01124	0.02039	0.12085	0.02443	0.04163	0.36079	0.08516	0.02014	0.00991	0.00315	0.00658	0.09935	0.00731	0.00864
4	0.07867	0.02248	0.02836	0.12143	0.35979	0.12806	0.02135	0.09097	0.02119	0.02873	0.01522	0.01925	0.01228	0.00801	0.00789	0.00246	0.01053	0.00685	0.00461	0.01187
5	0.02245	0.02332	0.03188	0.04566	0.54255	0.13782	0.02379	0.02688	0.01975	0.02591	0.01512	0.01955	0.01272	0.00761	0.00809	0.00241	0.01079	0.00703	0.00414	0.01252
6	0.01972	0.01891	0.02696	0.08948	0.39828	0.06421	0.02037	0.06689	0.02052	0.02714	0.02839	0.03127	0.13162	0.01027	0.00848	0.00253	0.00922	0.00914	0.00506	0.01152
7	0.02723	0.03239	0.02724	0.03214	0.25449	0.43703	0.01948	0.03039	0.02186	0.02280	0.01385	0.01701	0.01159	0.00814	0.00776	0.00226	0.01313	0.00609	0.00422	0.01091

[dist]
# distance from previous block
# <min> <max>
0	6

[block]
# block no. 2 follows, 22 sequences, length 8
# corresponding to MSA columns:
# 29-36
name=unknown_C
#
# <colnr> <probs for GDERKNQSTAVLIFYWHMCP>
#	G	D	E	R	K	N	Q	S	T	A	V	L	I	F	Y	W	H	M	C	P
0	0.10624	0.01526	0.01772	0.01551	0.04360	0.01565	0.01155	0.19484	0.02423	0.20288	0.06500	0.07257	0.02473	0.13633	0.01430	0.00358	0.00753	0.00969	0.00776	0.01105
1	0.02469	0.07321	0.02713	0.02899	0.23203	0.18953	0.01809	0.13662	0.08683	0.02986	0.02149	0.02324	0.05335	0.00938	0.00797	0.00240	0.01030	0.00751	0.00553	0.01187
2	0.02218	0.07565	0.02828	0.07568	0.33737	0.11484	0.01965	0.07711	0.02081	0.02784	0.01673	0.02060	0.01363	0.00812	0.00758	0.00232	0.00976	0.00692	0.10336	0.01157
3	0.01352	0.00990	0.01160	0.01107	0.01281	0.01007	0.00782	0.07955	0.01769	0.02344	0.07968	0.09799	0.16189	0.27740	0.14286	0.00663	0.00946	0.01315	0.00630	0.00717
4	0.01714	0.01463	0.01916	0.06810	0.02346	0.01433	0.05512	0.04630	0.16490	0.02910	0.07967	0.08673	0.02817	0.01200	0.00843	0.00244	0.00716	0.07342	0.00659	0.24316
5	0.01848	0.03733	0.50961	0.02222	0.03282	0.02002	0.02667	0.07606	0.12113	0.02971	0.01839	0.01993	0.01323	0.00861	0.00802	0.00265	0.01110	0.00677	0.00469	0.01256
6	0.01920	0.01864	0.03260	0.21798	0.44975	0.01950	0.07217	0.02446	0.01836	0.02554	0.01549	0.02113	0.01256	0.00761	0.00837	0.00257	0.01051	0.00759	0.00401	0.01197
7	0.01774	0.17294	0.54446	0.02184	0.03312	0.02193	0.02750	0.02603	0.01741	0.02500	0.01426	0.01672	0.01055	0.00774	0.00740	0.00247	0.01162	0.00581	0.00352	0.01196

[dist]
# distance from previous block
# <min> <max>
7	15

[block]
# block no. 3 follows, 22 sequences, length 38
# corresponding to MSA columns:
# 52-89
name=unknown_D
#
# <colnr> <probs for GDERKNQSTAVLIFYWHMCP>
#	G	D	E	R	K	N	Q	S	T	A	V	L	I	F	Y	W	H	M	C	P
0	0.06226	0.02422	0.02897	0.02502	0.09343	0.12401	0.13319	0.29938	0.02888	0.03818	0.04789	0.02143	0.01606	0.00915	0.00838	0.00250	0.01068	0.00781	0.00635	0.01222
1	0.05617	0.03393	0.32749	0.02186	0.02898	0.14651	0.02302	0.02689	0.04721	0.02459	0.01430	0.01765	0.01128	0.00975	0.01231	0.00278	0.17404	0.00633	0.00400	0.01089
2	0.01206	0.00889	0.01211	0.01233	0.01349	0.00981	0.00895	0.01515	0.04378	0.01965	0.02733	0.14211	0.02836	0.19237	0.40345	0.01015	0.01573	0.01191	0.00528	0.00708
3	0.01609	0.01588	0.01506	0.01492	0.01688	0.16762	0.01122	0.01857	0.01626	0.01990	0.02453	0.15696	0.02493	0.04257	0.38893	0.00877	0.01718	0.01088	0.00504	0.00782
4	0.01972	0.42397	0.06297	0.01501	0.02053	0.07882	0.01406	0.02276	0.01645	0.01986	0.01488	0.01919	0.01355	0.02305	0.19719	0.00516	0.01337	0.00587	0.00387	0.00973
5	0.01880	0.30087	0.42581	0.02004	0.03032	0.02452	0.02435	0.02576	0.01729	0.02371	0.01362	0.01592	0.01058	0.00759	0.00691	0.00230	0.01097	0.00549	0.00353	0.01166
6	0.02507	0.13920	0.24131	0.02018	0.02846	0.10999	0.02055	0.25543	0.02639	0.03435	0.01603	0.01746	0.01194	0.00865	0.00760	0.00238	0.01092	0.00628	0.00544	0.01238
7	0.09952	0.57150	0.07569	0.01475	0.02183	0.05928	0.01472	0.02528	0.01693	0.02181	0.01181	0.01366	0.01048	0.00728	0.00556	0.00193	0.00910	0.00459	0.00375	0.01054
8	0.01012	0.00723	0.00964	0.01157	0.01205	0.00675	0.00771	0.01157	0.01591	0.02121	0.04579	0.70262	0.05495	0.02603	0.01060	0.00337	0.00482	0.02362	0.00771	0.00675
9	0.01649	0.01398	0.01644	0.01223	0.01890	0.01063	0.00962	0.01995	0.01709	0.02646	0.01798	0.08833	0.01673	0.00821	0.00661	0.00145	0.00601	0.00686	0.00521	0.68081
10	0.02082	0.01959	0.05245	0.01941	0.02396	0.08551	0.13143	0.13882	0.02165	0.03033	0.01952	0.02393	0.01559	0.01641	0.09735	0.00393	0.07699	0.00788	0.18433	0.01012
11	0.01187	0.00890	0.01335	0.01335	0.01483	0.01038	0.01038	0.01483	0.01335	0.01928	0.02225	0.03264	0.02077	0.06231	0.67512	0.01335	0.02225	0.00890	0.00445	0.00742
12	0.02364	0.55232	0.06895	0.01604	0.02285	0.15535	0.01534	0.02653	0.01819	0.02001	0.01196	0.01384	0.01066	0.00742	0.00587	0.00189	0.01021	0.00470	0.00369	0.01054
13	0.02999	0.02533	0.02341	0.01883	0.02459	0.15627	0.01517	0.45636	0.03395	0.04364	0.01893	0.01992	0.01401	0.01155	0.03196	0.00278	0.01055	0.00711	0.04298	0.01267
14	0.02948	0.03711	0.02272	0.02075	0.02480	0.62095	0.01559	0.03169	0.02272	0.02025	0.01360	0.01641	0.01152	0.01291	0.06150	0.00305	0.01557	0.00564	0.00429	0.00945
15	0.02294	0.65740	0.04188	0.01481	0.02168	0.08590	0.01437	0.02556	0.01743	0.01961	0.01166	0.01346	0.01066	0.00723	0.00551	0.00181	0.00939	0.00452	0.00361	0.01058
16	0.02221	0.71304	0.04353	0.01421	0.02132	0.03287	0.01421	0.02488	0.01688	0.01955	0.01155	0.01333	0.01066	0.00711	0.00533	0.00178	0.00888	0.00444	0.00355	0.01066
17	0.01633	0.00939	0.01127	0.01034	0.01251	0.00868	0.00725	0.01799	0.01721	0.14345	0.10604	0.05531	0.18186	0.30932	0.05292	0.00542	0.00715	0.01283	0.00708	0.00765
18	0.01028	0.00730	0.00959	0.01136	0.01180	0.00686	0.00749	0.01161	0.01559	0.02079	0.04417	0.64906	0.05290	0.08237	0.01322	0.00376	0.00509	0.02266	0.00749	0.00661
19	0.00982	0.00842	0.00842	0.00842	0.01122	0.00701	0.00631	0.01192	0.01894	0.02244	0.08416	0.07995	0.65285	0.02104	0.00982	0.00281	0.00421	0.01753	0.00771	0.00701
20	0.01906	0.01828	0.03004	0.12613	0.42751	0.02021	0.02307	0.02339	0.01718	0.02464	0.01493	0.02089	0.01282	0.01150	0.04371	0.00325	0.14036	0.00745	0.00398	0.01160
21	0.02428	0.55468	0.03883	0.01590	0.02235	0.18380	0.01465	0.02683	0.01845	0.01973	0.01185	0.01372	0.01067	0.00745	0.00584	0.00186	0.01032	0.00466	0.00372	0.01042
22	0.02191	0.02547	0.09751	0.04321	0.48638	0.12928	0.02445	0.02686	0.01955	0.02591	0.01509	0.01931	0.01247	0.00765	0.00807	0.00243	0.01097	0.00693	0.00408	0.01248
23	0.06361	0.29972	0.29751	0.02178	0.08827	0.05209	0.02190	0.02585	0.01747	0.02415	0.01339	0.01585	0.01075	0.00756	0.00675	0.00226	0.01050	0.00547	0.00371	0.01143
24	0.01242	0.01034	0.01629	0.01584	0.04327	0.00977	0.10007	0.01456	0.01596	0.02117	0.03917	0.35717	0.09838	0.18505	0.01789	0.00431	0.00712	0.01752	0.00639	0.00730
25	0.01191	0.00780	0.00908	0.00959	0.00992	0.00767	0.00583	0.01270	0.01365	0.01901	0.03150	0.22474	0.03587	0.45379	0.03005	0.00617	0.00676	0.01471	0.08346	0.00577
26	0.02712	0.02023	0.02264	0.01804	0.02324	0.02287	0.01481	0.46893	0.03249	0.04433	0.01984	0.02199	0.01507	0.01721	0.09739	0.00399	0.06710	0.00766	0.04252	0.01253
27	0.01600	0.10571	0.02035	0.01560	0.01779	0.07096	0.01271	0.01869	0.01502	0.02021	0.04799	0.02730	0.01949	0.03937	0.37709	0.00855	0.14641	0.00800	0.00439	0.00836
28	0.01020	0.00849	0.00898	0.00924	0.01187	0.00727	0.00710	0.01246	0.01884	0.02265	0.07859	0.10413	0.56824	0.02142	0.01002	0.00293	0.00459	0.07821	0.00771	0.00707
29	0.01026	0.00729	0.00960	0.01138	0.01183	0.00684	0.00752	0.01160	0.01563	0.02083	0.04436	0.65530	0.05314	0.07582	0.01292	0.00372	0.00506	0.02277	0.00752	0.00662
30	0.02466	0.05238	0.03172	0.03627	0.32164	0.25061	0.08366	0.05359	0.02138	0.02548	0.01480	0.01850	0.01219	0.00786	0.00803	0.00236	0.01203	0.00683	0.00434	0.01167
31	0.03014	0.02222	0.02409	0.01869	0.02496	0.02464	0.01540	0.58372	0.03718	0.04994	0.02011	0.02087	0.01461	0.01379	0.05699	0.00329	0.01010	0.00758	0.00803	0.01364
32	0.09932	0.45485	0.14938	0.01627	0.02382	0.09201	0.01680	0.02590	0.01737	0.02267	0.01228	0.01426	0.01047	0.00745	0.00598	0.00205	0.00983	0.00484	0.00378	0.01068
33	0.02150	0.41916	0.15723	0.01665	0.02415	0.02712	0.01724	0.11046	0.01984	0.02551	0.01441	0.01691	0.01209	0.01290	0.06977	0.00314	0.01084	0.00562	0.00431	0.01116
34	0.01666	0.04297	0.66500	0.02368	0.03596	0.01929	0.03069	0.02631	0.01754	0.02631	0.01491	0.01754	0.01052	0.00789	0.00789	0.00263	0.01228	0.00614	0.00351	0.01228
35	0.01659	0.01249	0.01473	0.01350	0.01677	0.01210	0.01004	0.16003	0.02166	0.02974	0.03369	0.40885	0.03706	0.01840	0.00920	0.00275	0.00610	0.01619	0.00732	0.15277
36	0.02345	0.09150	0.02475	0.02188	0.11950	0.06851	0.01545	0.26091	0.02630	0.03480	0.07054	0.02490	0.01995	0.01979	0.13596	0.00448	0.01174	0.00789	0.00620	0.01148
37	0.01811	0.03143	0.34675	0.06774	0.10232	0.01985	0.18482	0.02748	0.06970	0.02688	0.01704	0.02051	0.01260	0.00791	0.00850	0.00268	0.01194	0.00758	0.00417	0.01198

[dist]
# distance from previous block
# <min> <max>
8	13

[block]
# block no. 4 follows, 22 sequences, length 24
# corresponding to MSA columns:
# 103-126
name=unknown_E
#
# <colnr> <probs for GDERKNQSTAVLIFYWHMCP>
#	G	D	E	R	K	N	Q	S	T	A	V	L	I	F	Y	W	H	M	C	P
0	0.20314	0.02580	0.05974	0.02428	0.14786	0.22951	0.01687	0.02634	0.01835	0.02619	0.01653	0.01955	0.04296	0.00949	0.00980	0.00257	0.09995	0.00646	0.00450	0.01013
1	0.02158	0.01971	0.06264	0.03686	0.38446	0.01797	0.05524	0.02819	0.07472	0.09236	0.01891	0.02179	0.01472	0.00788	0.00806	0.00237	0.00916	0.00742	0.00521	0.11073
2	0.06223	0.02923	0.19380	0.15287	0.03911	0.14968	0.20395	0.02668	0.01898	0.02486	0.01485	0.01915	0.01120	0.00783	0.00831	0.00261	0.01278	0.00723	0.00400	0.01066
3	0.02034	0.02104	0.06908	0.04946	0.62148	0.01971	0.02579	0.02554	0.01884	0.02709	0.01559	0.02039	0.01301	0.00743	0.00821	0.00248	0.01000	0.00733	0.00408	0.01311
4	0.19956	0.12220	0.38760	0.01847	0.02780	0.02022	0.02188	0.02485	0.01670	0.02787	0.01757	0.01953	0.04651	0.00849	0.00700	0.00251	0.00995	0.00616	0.00415	0.01097
5	0.01634	0.01465	0.02414	0.24803	0.11128	0.01631	0.09023	0.04466	0.01721	0.02357	0.02055	0.09609	0.01927	0.08788	0.05772	0.00406	0.05043	0.00996	0.03837	0.00926
6	0.01879	0.01836	0.02655	0.08612	0.02652	0.02457	0.04918	0.05594	0.01498	0.02233	0.01210	0.01887	0.01120	0.01330	0.02346	0.00344	0.55341	0.00742	0.00394	0.00950
7	0.01808	0.01199	0.01533	0.01629	0.09888	0.01085	0.01080	0.05070	0.02081	0.14753	0.08784	0.10049	0.30660	0.01600	0.00912	0.00265	0.00587	0.01359	0.00770	0.04888
8	0.02390	0.58408	0.03970	0.01559	0.02216	0.15578	0.01457	0.02646	0.01816	0.01970	0.01180	0.01364	0.01067	0.00739	0.00574	0.00185	0.01005	0.00462	0.00369	0.01046
9	0.01447	0.00998	0.01119	0.01059	0.01150	0.01026	0.00667	0.09274	0.01594	0.02129	0.02704	0.10550	0.03022	0.55811	0.03512	0.00692	0.00792	0.01247	0.00569	0.00637
10	0.01206	0.00834	0.01065	0.01070	0.01251	0.00758	0.00778	0.01498	0.02065	0.05416	0.37056	0.25479	0.14420	0.01995	0.00998	0.00286	0.00436	0.01765	0.00858	0.00766
11	0.01117	0.00848	0.01001	0.01078	0.01217	0.00806	0.00742	0.01434	0.06227	0.02252	0.08617	0.37768	0.19948	0.11249	0.01435	0.00376	0.00517	0.01907	0.00750	0.00712
12	0.02590	0.01581	0.01856	0.01589	0.02074	0.01651	0.01270	0.15279	0.20919	0.22390	0.03306	0.12050	0.02721	0.01350	0.00890	0.00283	0.00708	0.05373	0.00882	0.01240
13	0.03297	0.02105	0.02356	0.01806	0.02465	0.02246	0.01492	0.48540	0.03534	0.20073	0.02307	0.02197	0.01569	0.01005	0.00832	0.00251	0.00864	0.00769	0.00879	0.01413
14	0.01083	0.00822	0.00998	0.01004	0.01197	0.00737	0.00734	0.01370	0.02059	0.02754	0.35554	0.19473	0.25186	0.02004	0.00996	0.00282	0.00419	0.01751	0.00842	0.00737
15	0.03727	0.01414	0.01928	0.01478	0.02121	0.01221	0.01221	0.04049	0.02378	0.66198	0.03277	0.02828	0.02056	0.01028	0.00835	0.00257	0.00707	0.00835	0.01028	0.01414
16	0.01171	0.00790	0.00917	0.00954	0.00963	0.00780	0.00555	0.01198	0.01281	0.01708	0.02993	0.17850	0.03494	0.57744	0.03622	0.00716	0.00743	0.01429	0.00555	0.00536
17	0.03120	0.03470	0.02396	0.02072	0.02571	0.48003	0.01597	0.21176	0.02820	0.02994	0.01497	0.01647	0.01173	0.00898	0.00774	0.00225	0.01323	0.00599	0.00549	0.01098
18	0.00996	0.00842	0.00861	0.00856	0.01131	0.00707	0.00642	0.01220	0.01927	0.02324	0.12563	0.07864	0.61088	0.02074	0.00982	0.00279	0.00419	0.01735	0.00782	0.00707
19	0.01723	0.01477	0.01723	0.01230	0.01969	0.01107	0.00984	0.02092	0.01723	0.02707	0.01477	0.01723	0.01230	0.00615	0.00615	0.00123	0.00615	0.00492	0.00492	0.75883
20	0.01334	0.01080	0.01296	0.01147	0.01538	0.00877	0.00850	0.01599	0.01723	0.02458	0.06682	0.29102	0.10767	0.01611	0.00848	0.00231	0.00530	0.01412	0.00654	0.34261
21	0.71282	0.06653	0.01448	0.01116	0.01645	0.01967	0.00937	0.02445	0.01434	0.03599	0.01157	0.01348	0.00912	0.00767	0.00515	0.00251	0.00660	0.00449	0.00503	0.00912
22	0.01315	0.00939	0.01312	0.01503	0.01684	0.00936	0.01298	0.01680	0.01889	0.02460	0.04412	0.13779	0.04833	0.02317	0.01141	0.00379	0.00744	0.55855	0.00765	0.00758
23	0.01082	0.00859	0.00981	0.00988	0.01233	0.00757	0.00766	0.01365	0.02023	0.02576	0.23574	0.07681	0.41492	0.02017	0.01003	0.00289	0.00458	0.09314	0.00810	0.00732

[dist]
# distance from previous block
# <min> <max>
0	0

# created by:
# /home/cegg/simao/soft/augustus-3.2.1/scripts/msa2prfl.pl ./align_prep/15241.fa
