[name]
unknown

[dist]
# distance from previous block
# <min> <max>
0	0

[block]
# block no. 0 follows, 19 sequences, length 13
# corresponding to MSA columns:
# 0-12
name=unknown_A
#
# <colnr> <probs for GDERKNQSTAVLIFYWHMCP>
#	G	D	E	R	K	N	Q	S	T	A	V	L	I	F	Y	W	H	M	C	P
0	0.01442	0.01030	0.01442	0.01648	0.01854	0.01030	0.01442	0.01854	0.02060	0.02677	0.04737	0.10092	0.05149	0.02471	0.01236	0.00412	0.00824	0.56956	0.00824	0.00824
1	0.02214	0.02126	0.03631	0.05491	0.62978	0.02126	0.02746	0.02746	0.02037	0.02923	0.01683	0.02214	0.01417	0.00797	0.00886	0.00266	0.01063	0.00797	0.00443	0.01417
2	0.01135	0.00797	0.01025	0.01189	0.01230	0.00756	0.00769	0.01257	0.01626	0.02168	0.04484	0.54828	0.05353	0.16719	0.01864	0.00470	0.00593	0.02280	0.00769	0.00688
3	0.02214	0.02126	0.03631	0.05491	0.62978	0.02126	0.02746	0.02746	0.02037	0.02923	0.01683	0.02214	0.01417	0.00797	0.00886	0.00266	0.01063	0.00797	0.00443	0.01417
4	0.01090	0.00779	0.01038	0.01246	0.01298	0.00727	0.00830	0.01246	0.01713	0.02284	0.04931	0.67975	0.05917	0.02803	0.01142	0.00363	0.00519	0.02543	0.00830	0.00727
5	0.03232	0.03819	0.02501	0.02195	0.02716	0.51679	0.01672	0.10940	0.02703	0.02704	0.01501	0.01703	0.01215	0.00922	0.00807	0.00228	0.01455	0.00603	0.00524	0.06883
6	0.01136	0.00841	0.00982	0.01072	0.01186	0.00772	0.00709	0.01272	0.01703	0.02179	0.05623	0.33628	0.22359	0.19996	0.02017	0.00478	0.00591	0.02017	0.00754	0.00687
7	0.31774	0.01626	0.01692	0.01418	0.02003	0.01691	0.01153	0.03538	0.10844	0.27181	0.02982	0.02802	0.05558	0.01085	0.00773	0.00282	0.00707	0.00813	0.00840	0.01239
8	0.02214	0.02126	0.03631	0.05491	0.62978	0.02126	0.02746	0.02746	0.02037	0.02923	0.01683	0.02214	0.01417	0.00797	0.00886	0.00266	0.01063	0.00797	0.00443	0.01417
9	0.02214	0.02126	0.03631	0.05491	0.62978	0.02126	0.02746	0.02746	0.02037	0.02923	0.01683	0.02214	0.01417	0.00797	0.00886	0.00266	0.01063	0.00797	0.00443	0.01417
10	0.02214	0.02126	0.03631	0.05491	0.62978	0.02126	0.02746	0.02746	0.02037	0.02923	0.01683	0.02214	0.01417	0.00797	0.00886	0.00266	0.01063	0.00797	0.00443	0.01417
11	0.02125	0.02034	0.03469	0.15904	0.53266	0.02102	0.02701	0.02667	0.01995	0.02814	0.01667	0.02243	0.01379	0.00814	0.00887	0.00271	0.01085	0.00797	0.00435	0.01345
12	0.74878	0.01730	0.01315	0.01177	0.01730	0.02007	0.00969	0.02630	0.01523	0.04014	0.01246	0.01453	0.00969	0.00830	0.00554	0.00277	0.00692	0.00484	0.00554	0.00969

[dist]
# distance from previous block
# <min> <max>
0	1

[block]
# block no. 1 follows, 19 sequences, length 89
# corresponding to MSA columns:
# 14-102
name=unknown_B
#
# <colnr> <probs for GDERKNQSTAVLIFYWHMCP>
#	G	D	E	R	K	N	Q	S	T	A	V	L	I	F	Y	W	H	M	C	P
0	0.01274	0.00856	0.00984	0.01010	0.01017	0.00849	0.00579	0.01294	0.01354	0.01805	0.03089	0.13804	0.03594	0.60144	0.04117	0.00803	0.00823	0.01460	0.00579	0.00566
1	0.19686	0.32555	0.22521	0.01766	0.02656	0.02710	0.01954	0.02716	0.01769	0.02795	0.01358	0.01582	0.01100	0.00808	0.00656	0.00241	0.01008	0.00537	0.00422	0.01160
2	0.01493	0.01767	0.16212	0.01417	0.01843	0.01142	0.01366	0.01940	0.01867	0.02816	0.14452	0.10462	0.03647	0.08618	0.05259	0.04655	0.00832	0.01173	0.18154	0.00885
3	0.03007	0.02376	0.02467	0.01887	0.02609	0.05965	0.01540	0.42154	0.03516	0.04751	0.01963	0.02043	0.01451	0.00961	0.00831	0.00232	0.00939	0.00723	0.00778	0.19806
4	0.19702	0.01114	0.01010	0.00975	0.01340	0.01071	0.00753	0.01624	0.01909	0.02820	0.07089	0.06802	0.47045	0.01903	0.00930	0.00296	0.00513	0.01534	0.00761	0.00809
5	0.01735	0.01147	0.01331	0.01242	0.01551	0.01085	0.00927	0.09175	0.02293	0.09788	0.11113	0.21795	0.24884	0.06202	0.01257	0.00344	0.00596	0.01741	0.00867	0.00928
6	0.06505	0.24762	0.37976	0.02083	0.03121	0.02489	0.02483	0.02708	0.01820	0.02636	0.01509	0.01801	0.01185	0.01123	0.04043	0.00313	0.01222	0.00607	0.00395	0.01218
7	0.62339	0.01866	0.01555	0.01331	0.01913	0.02142	0.01097	0.12693	0.01993	0.04299	0.01404	0.01575	0.01066	0.00873	0.00614	0.00275	0.00743	0.00541	0.00614	0.01066
8	0.10452	0.00960	0.00963	0.00946	0.01094	0.00994	0.00626	0.01764	0.01549	0.02628	0.02664	0.04349	0.02605	0.34352	0.02556	0.00542	0.00673	0.01022	0.28553	0.00706
9	0.02214	0.02126	0.03631	0.05491	0.62978	0.02126	0.02746	0.02746	0.02037	0.02923	0.01683	0.02214	0.01417	0.00797	0.00886	0.00266	0.01063	0.00797	0.00443	0.01417
10	0.03382	0.03056	0.02638	0.02136	0.02772	0.22229	0.01709	0.42345	0.03684	0.04560	0.01909	0.01981	0.01406	0.01026	0.00867	0.00257	0.01181	0.00734	0.00759	0.01370
11	0.01316	0.00889	0.01123	0.01157	0.01333	0.00810	0.00822	0.01571	0.02055	0.06080	0.24235	0.31547	0.15220	0.06040	0.01281	0.00351	0.00510	0.01977	0.00880	0.00803
12	0.01789	0.01294	0.01549	0.01426	0.01717	0.01325	0.01105	0.15680	0.02638	0.03595	0.26171	0.13510	0.05437	0.08831	0.01419	0.00369	0.00675	0.09636	0.00874	0.00959
13	0.23967	0.03424	0.02193	0.01964	0.02468	0.42948	0.01508	0.06811	0.02347	0.02930	0.01391	0.01600	0.01122	0.00905	0.00739	0.00246	0.01309	0.00564	0.00515	0.01048
14	0.02215	0.02105	0.03469	0.05120	0.56846	0.02136	0.02611	0.02949	0.08035	0.03006	0.01881	0.02328	0.01550	0.00839	0.00888	0.00270	0.01027	0.00819	0.00490	0.01417
15	0.01101	0.00829	0.01003	0.01122	0.01254	0.00749	0.00769	0.01283	0.01829	0.02359	0.08994	0.43365	0.22982	0.06387	0.01309	0.00370	0.00514	0.02227	0.00822	0.00731
16	0.01248	0.00845	0.00992	0.01044	0.01057	0.00832	0.00615	0.01287	0.01405	0.01873	0.03352	0.21544	0.03926	0.51951	0.03692	0.00740	0.00779	0.01615	0.00615	0.00589
17	0.74878	0.01730	0.01315	0.01177	0.01730	0.02007	0.00969	0.02630	0.01523	0.04014	0.01246	0.01453	0.00969	0.00830	0.00554	0.00277	0.00692	0.00484	0.00554	0.00969
18	0.02691	0.02153	0.02285	0.01915	0.02504	0.02443	0.01529	0.26627	0.38731	0.04493	0.03050	0.02867	0.02252	0.01158	0.00904	0.00290	0.00817	0.00930	0.00904	0.01458
19	0.74878	0.01730	0.01315	0.01177	0.01730	0.02007	0.00969	0.02630	0.01523	0.04014	0.01246	0.01453	0.00969	0.00830	0.00554	0.00277	0.00692	0.00484	0.00554	0.00969
20	0.01244	0.00914	0.01166	0.01103	0.01323	0.00835	0.00827	0.01646	0.02481	0.03465	0.56916	0.06884	0.14108	0.01875	0.01055	0.00284	0.00425	0.01646	0.00969	0.00835
21	0.02233	0.51953	0.20440	0.01802	0.02715	0.03151	0.02003	0.02720	0.01837	0.02299	0.01340	0.01556	0.01144	0.00788	0.00647	0.00216	0.01054	0.00527	0.00381	0.01194
22	0.02082	0.01990	0.03392	0.20877	0.48628	0.02091	0.02680	0.02630	0.01974	0.02762	0.01659	0.02257	0.01360	0.00822	0.00888	0.00274	0.01096	0.00797	0.00431	0.01310
23	0.01418	0.01183	0.01512	0.01497	0.01677	0.05451	0.01160	0.01732	0.01512	0.02084	0.02328	0.03386	0.02163	0.06317	0.60656	0.01356	0.02343	0.00933	0.00478	0.00815
24	0.01301	0.00867	0.00976	0.00976	0.00976	0.00867	0.00542	0.01301	0.01301	0.01735	0.02819	0.05855	0.03253	0.68559	0.04554	0.00867	0.00867	0.01301	0.00542	0.00542
25	0.02134	0.02067	0.03596	0.14003	0.51438	0.02114	0.06134	0.02688	0.02006	0.02829	0.01677	0.02250	0.01382	0.00808	0.00897	0.00272	0.01108	0.00812	0.00437	0.01345
26	0.02237	0.01152	0.01373	0.01180	0.01637	0.00979	0.00933	0.02511	0.02247	0.26823	0.06856	0.06390	0.38520	0.01804	0.00994	0.00292	0.00576	0.01494	0.00941	0.01061
27	0.01228	0.00913	0.01142	0.01085	0.01313	0.00828	0.00814	0.01614	0.02441	0.03372	0.52650	0.07038	0.18432	0.01910	0.01056	0.00285	0.00428	0.01668	0.00956	0.00828
28	0.03342	0.04264	0.02535	0.02305	0.02766	0.64967	0.01729	0.03572	0.02535	0.02190	0.01383	0.01613	0.01152	0.00922	0.00807	0.00230	0.01613	0.00576	0.00461	0.01037
29	0.10849	0.01042	0.01132	0.01123	0.01424	0.00970	0.00835	0.01793	0.01932	0.09506	0.06163	0.25360	0.30414	0.02116	0.01001	0.00315	0.00539	0.01799	0.00827	0.00861
30	0.03706	0.01690	0.02145	0.01671	0.02330	0.01594	0.01369	0.16160	0.02864	0.47415	0.03316	0.06764	0.02288	0.01202	0.00913	0.00280	0.00795	0.00978	0.01045	0.01474
31	0.01070	0.00907	0.00924	0.00920	0.01216	0.00761	0.00690	0.01308	0.02069	0.02487	0.12283	0.08494	0.59351	0.02239	0.01057	0.00301	0.00451	0.01872	0.00840	0.00761
32	0.01140	0.00910	0.01020	0.00993	0.01259	0.00790	0.00745	0.01443	0.02234	0.02878	0.30119	0.07851	0.41271	0.02094	0.01057	0.00294	0.00441	0.01782	0.00891	0.00790
33	0.02096	0.01092	0.01397	0.01297	0.01566	0.01021	0.00933	0.02406	0.04731	0.20841	0.09414	0.23815	0.04219	0.18732	0.01911	0.00454	0.00680	0.01574	0.00860	0.00964
34	0.01097	0.00851	0.01005	0.01120	0.01293	0.00758	0.00802	0.01301	0.01879	0.02367	0.06754	0.38013	0.31045	0.02544	0.01110	0.00339	0.00509	0.05638	0.00830	0.00745
35	0.01301	0.00867	0.00976	0.00976	0.00976	0.00867	0.00542	0.01301	0.01301	0.01735	0.02819	0.05855	0.03253	0.68559	0.04554	0.00867	0.00867	0.01301	0.00542	0.00542
36	0.01173	0.00878	0.01089	0.01105	0.01297	0.00794	0.00803	0.01483	0.02211	0.02988	0.35613	0.22609	0.20324	0.02176	0.01078	0.00307	0.00454	0.01914	0.00910	0.00794
37	0.02225	0.01922	0.02023	0.01821	0.02326	0.02225	0.01416	0.04754	0.61361	0.03742	0.03641	0.03338	0.02731	0.01214	0.00910	0.00303	0.00708	0.01011	0.00910	0.01416
38	0.01177	0.00911	0.01072	0.01032	0.01282	0.00806	0.00774	0.01515	0.02321	0.03087	0.39636	0.07507	0.31623	0.02016	0.01056	0.00290	0.00435	0.01734	0.00919	0.00806
39	0.01082	0.00811	0.01005	0.01160	0.01275	0.00734	0.00792	0.01255	0.01795	0.02317	0.05975	0.52981	0.20237	0.02667	0.01121	0.00348	0.00502	0.02378	0.00831	0.00734
40	0.02294	0.02524	0.02446	0.02432	0.08441	0.23626	0.01756	0.02566	0.01853	0.02225	0.01592	0.02241	0.01448	0.02508	0.16970	0.00576	0.22305	0.00756	0.00442	0.01000
41	0.01278	0.00959	0.01438	0.01438	0.01598	0.01118	0.01118	0.01598	0.01438	0.02077	0.02396	0.03515	0.02237	0.06710	0.65013	0.01438	0.02396	0.00959	0.00479	0.00799
42	0.01057	0.00906	0.00906	0.00906	0.01208	0.00755	0.00680	0.01284	0.02039	0.02417	0.09063	0.08610	0.62615	0.02266	0.01057	0.00302	0.00453	0.01888	0.00831	0.00755
43	0.01546	0.01359	0.02067	0.18067	0.02932	0.01729	0.01666	0.01905	0.01510	0.02148	0.01898	0.02854	0.01717	0.04000	0.33847	0.00898	0.17654	0.00875	0.00437	0.00891
44	0.03230	0.02189	0.02701	0.02754	0.17133	0.05113	0.01830	0.25027	0.05896	0.21218	0.02465	0.02451	0.01734	0.01016	0.00891	0.00270	0.00956	0.00829	0.00827	0.01469
45	0.01296	0.00885	0.01067	0.01067	0.01099	0.00917	0.00656	0.01360	0.01328	0.01802	0.02735	0.05393	0.03052	0.56347	0.16491	0.00980	0.01169	0.01233	0.00530	0.00593
46	0.02648	0.32536	0.03756	0.02730	0.17079	0.22535	0.01886	0.02976	0.02097	0.02329	0.01393	0.01679	0.01214	0.00822	0.00722	0.00222	0.01189	0.00586	0.00422	0.01178
47	0.02052	0.01705	0.02208	0.02552	0.17384	0.01779	0.01621	0.13206	0.13500	0.03476	0.07497	0.07722	0.12929	0.01500	0.00979	0.00300	0.00791	0.06833	0.00768	0.01198
48	0.02308	0.02021	0.03056	0.26949	0.27672	0.02232	0.02398	0.16385	0.02469	0.03345	0.01761	0.02261	0.01360	0.00900	0.00891	0.00278	0.01091	0.00798	0.00535	0.01287
49	0.20644	0.02233	0.02002	0.02044	0.07930	0.15917	0.01444	0.03169	0.16213	0.03074	0.02112	0.02404	0.01716	0.02046	0.12857	0.00490	0.01257	0.00751	0.00594	0.01103
50	0.06408	0.01872	0.02134	0.01713	0.02290	0.01954	0.01385	0.31124	0.03240	0.18990	0.10097	0.09175	0.02930	0.01328	0.00923	0.00282	0.00804	0.01079	0.00935	0.01337
51	0.01872	0.01776	0.03013	0.45245	0.25901	0.02036	0.02575	0.02446	0.01875	0.02507	0.01622	0.02326	0.01271	0.00861	0.00891	0.00287	0.01148	0.00796	0.00413	0.01141
52	0.01905	0.01862	0.02331	0.05834	0.20518	0.11534	0.01770	0.02288	0.01808	0.02360	0.01983	0.02770	0.01769	0.03741	0.32537	0.00840	0.01814	0.00842	0.00462	0.01032
53	0.02082	0.01990	0.03392	0.20877	0.48628	0.02091	0.02680	0.02630	0.01974	0.02762	0.01659	0.02257	0.01360	0.00822	0.00888	0.00274	0.01096	0.00797	0.00431	0.01310
54	0.02914	0.33793	0.03547	0.01912	0.02551	0.27453	0.01634	0.11587	0.02455	0.02666	0.01433	0.01611	0.01206	0.00873	0.00713	0.00218	0.01218	0.00565	0.00490	0.01160
55	0.01952	0.01814	0.02984	0.08270	0.44628	0.01822	0.02329	0.02437	0.02025	0.02794	0.02903	0.03957	0.08809	0.01184	0.00950	0.00291	0.00971	0.08107	0.00533	0.01240
56	0.06948	0.03485	0.02796	0.03195	0.20706	0.42713	0.01991	0.03273	0.02331	0.02509	0.01465	0.01784	0.01221	0.00880	0.00816	0.00244	0.01398	0.00637	0.00461	0.01147
57	0.01789	0.01045	0.01309	0.01294	0.01557	0.00961	0.00945	0.05106	0.02080	0.14600	0.05287	0.40235	0.15727	0.02271	0.01064	0.00329	0.00580	0.01998	0.00889	0.00933
58	0.01087	0.00791	0.01025	0.01211	0.01289	0.00730	0.00815	0.01250	0.01746	0.02297	0.05349	0.61973	0.11650	0.02749	0.01133	0.00357	0.00512	0.02477	0.00831	0.00730
59	0.01278	0.00959	0.01438	0.01438	0.01598	0.01118	0.01118	0.01598	0.01438	0.02077	0.02396	0.03515	0.02237	0.06710	0.65013	0.01438	0.02396	0.00959	0.00479	0.00799
60	0.01442	0.01030	0.01442	0.01648	0.01854	0.01030	0.01442	0.01854	0.02060	0.02677	0.04737	0.10092	0.05149	0.02471	0.01236	0.00412	0.00824	0.56956	0.00824	0.00824
61	0.01302	0.00951	0.01401	0.01401	0.01564	0.01101	0.01089	0.01627	0.01464	0.02153	0.02428	0.03504	0.02240	0.06368	0.61134	0.01364	0.02277	0.00951	0.04880	0.00801
62	0.01278	0.00959	0.01438	0.01438	0.01598	0.01118	0.01118	0.01598	0.01438	0.02077	0.02396	0.03515	0.02237	0.06710	0.65013	0.01438	0.02396	0.00959	0.00479	0.00799
63	0.74878	0.01730	0.01315	0.01177	0.01730	0.02007	0.00969	0.02630	0.01523	0.04014	0.01246	0.01453	0.00969	0.00830	0.00554	0.00277	0.00692	0.00484	0.00554	0.00969
64	0.01301	0.00867	0.00976	0.00976	0.00976	0.00867	0.00542	0.01301	0.01301	0.01735	0.02819	0.05855	0.03253	0.68559	0.04554	0.00867	0.00867	0.01301	0.00542	0.00542
65	0.01090	0.00779	0.01038	0.01246	0.01298	0.00727	0.00830	0.01246	0.01713	0.02284	0.04931	0.67975	0.05917	0.02803	0.01142	0.00363	0.00519	0.02543	0.00830	0.00727
66	0.01529	0.00973	0.01280	0.01170	0.01427	0.00889	0.00889	0.01944	0.02535	0.09320	0.56872	0.06335	0.07847	0.01760	0.01040	0.00281	0.00454	0.01549	0.00997	0.00909
67	0.01668	0.00834	0.00834	0.00834	0.01042	0.00834	0.00625	0.02085	0.01876	0.03335	0.02918	0.03335	0.02293	0.01042	0.00625	0.00208	0.00417	0.00834	0.73525	0.00834
68	0.01090	0.00779	0.01038	0.01246	0.01298	0.00727	0.00830	0.01246	0.01713	0.02284	0.04931	0.67975	0.05917	0.02803	0.01142	0.00363	0.00519	0.02543	0.00830	0.00727
69	0.01445	0.01155	0.01322	0.01238	0.01543	0.01155	0.00941	0.02326	0.16596	0.03329	0.34811	0.06363	0.20747	0.01791	0.01021	0.00292	0.00499	0.01540	0.00928	0.00960
70	0.74878	0.01730	0.01315	0.01177	0.01730	0.02007	0.00969	0.02630	0.01523	0.04014	0.01246	0.01453	0.00969	0.00830	0.00554	0.00277	0.00692	0.00484	0.00554	0.00969
71	0.01250	0.00846	0.00991	0.01041	0.01053	0.00833	0.00612	0.01288	0.01400	0.01867	0.03328	0.20837	0.03895	0.52700	0.03731	0.00746	0.00783	0.01601	0.00612	0.00587
72	0.07673	0.01631	0.02019	0.01623	0.02262	0.01574	0.01319	0.04355	0.16682	0.45722	0.03425	0.03024	0.02267	0.01117	0.00882	0.00283	0.00744	0.00903	0.01028	0.01465
73	0.01110	0.00908	0.00979	0.00962	0.01241	0.00778	0.00721	0.01386	0.02164	0.02713	0.22561	0.08123	0.48932	0.02155	0.01057	0.00297	0.00445	0.01820	0.00870	0.00778
74	0.03401	0.02506	0.02685	0.02058	0.02774	0.02774	0.01700	0.59995	0.04206	0.05638	0.02148	0.02148	0.01521	0.01074	0.00895	0.00268	0.00984	0.00805	0.00895	0.01521
75	0.01057	0.00906	0.00906	0.00906	0.01208	0.00755	0.00680	0.01284	0.02039	0.02417	0.09063	0.08610	0.62615	0.02266	0.01057	0.00302	0.00453	0.01888	0.00831	0.00755
76	0.03342	0.04264	0.02535	0.02305	0.02766	0.64967	0.01729	0.03572	0.02535	0.02190	0.01383	0.01613	0.01152	0.00922	0.00807	0.00230	0.01613	0.00576	0.00461	0.01037
77	0.01554	0.00777	0.01166	0.01166	0.01166	0.00777	0.00777	0.01166	0.01166	0.01554	0.01554	0.02720	0.01554	0.03108	0.03497	0.73970	0.00777	0.00777	0.00389	0.00389
78	0.01150	0.00936	0.01035	0.01085	0.01364	0.00821	0.00863	0.01421	0.02044	0.02480	0.08020	0.08967	0.48755	0.02315	0.01100	0.00329	0.00543	0.15169	0.00829	0.00772
79	0.01278	0.00959	0.01438	0.01438	0.01598	0.01118	0.01118	0.01598	0.01438	0.02077	0.02396	0.03515	0.02237	0.06710	0.65013	0.01438	0.02396	0.00959	0.00479	0.00799
80	0.01237	0.00889	0.01017	0.01017	0.01114	0.00871	0.00651	0.01335	0.01505	0.01951	0.04342	0.06251	0.18116	0.43900	0.11408	0.00798	0.00958	0.01405	0.00607	0.00629
81	0.01794	0.04628	0.63923	0.02550	0.03872	0.02078	0.03305	0.02833	0.01889	0.02833	0.01606	0.01889	0.01133	0.00850	0.00850	0.00283	0.01322	0.00661	0.00378	0.01322
82	0.01442	0.01199	0.01752	0.01658	0.01779	0.01509	0.01321	0.01732	0.01421	0.02095	0.02102	0.03139	0.01980	0.05469	0.50041	0.01185	0.17958	0.00916	0.00458	0.00842
83	0.02034	0.01499	0.01673	0.01441	0.01846	0.01582	0.01135	0.19554	0.09506	0.03969	0.21364	0.04665	0.11668	0.01747	0.04145	0.00333	0.00726	0.01221	0.08795	0.01098
84	0.02214	0.02126	0.03631	0.05491	0.62978	0.02126	0.02746	0.02746	0.02037	0.02923	0.01683	0.02214	0.01417	0.00797	0.00886	0.00266	0.01063	0.00797	0.00443	0.01417
85	0.03349	0.04065	0.02552	0.02277	0.02767	0.57926	0.01725	0.09960	0.02724	0.02580	0.01469	0.01674	0.01194	0.00939	0.00817	0.00235	0.01542	0.00602	0.00510	0.01092
86	0.02214	0.02126	0.03631	0.05491	0.62978	0.02126	0.02746	0.02746	0.02037	0.02923	0.01683	0.02214	0.01417	0.00797	0.00886	0.00266	0.01063	0.00797	0.00443	0.01417
87	0.02179	0.02089	0.03567	0.09625	0.59122	0.02116	0.02728	0.02714	0.02020	0.02880	0.01677	0.02226	0.01402	0.00804	0.00886	0.00268	0.01072	0.00797	0.00440	0.01388
88	0.02279	0.02249	0.03568	0.05307	0.59502	0.05753	0.02687	0.02793	0.02066	0.02880	0.01666	0.02180	0.01402	0.00804	0.00881	0.00264	0.01095	0.00784	0.00444	0.01395

[dist]
# distance from previous block
# <min> <max>
0	1

[block]
# block no. 2 follows, 19 sequences, length 10
# corresponding to MSA columns:
# 104-106,110-116
name=unknown_C
#
# <colnr> <probs for GDERKNQSTAVLIFYWHMCP>
#	G	D	E	R	K	N	Q	S	T	A	V	L	I	F	Y	W	H	M	C	P
0	0.12499	0.01986	0.02693	0.25992	0.16534	0.02246	0.02103	0.19013	0.02499	0.03624	0.01722	0.02151	0.01303	0.00917	0.00845	0.00280	0.01036	0.00755	0.00572	0.01231
1	0.17543	0.02128	0.01676	0.01487	0.01932	0.16283	0.01149	0.12038	0.02372	0.03208	0.04119	0.04232	0.21746	0.05099	0.01058	0.00306	0.00886	0.01072	0.00681	0.00984
2	0.03401	0.02506	0.02685	0.02058	0.02774	0.02774	0.01700	0.59995	0.04206	0.05638	0.02148	0.02148	0.01521	0.01074	0.00895	0.00268	0.00984	0.00805	0.00895	0.01521
3	0.02240	0.01818	0.02062	0.01508	0.02283	0.01587	0.01220	0.16639	0.02441	0.03594	0.01729	0.01928	0.01374	0.00765	0.00720	0.00166	0.00743	0.00599	0.00621	0.55963
4	0.01119	0.00791	0.01029	0.01208	0.01253	0.00746	0.00790	0.01253	0.01655	0.02207	0.04636	0.59311	0.05546	0.11974	0.01618	0.00434	0.00568	0.02370	0.00790	0.00701
5	0.02209	0.49334	0.22846	0.01843	0.02779	0.03092	0.02075	0.02726	0.01840	0.02328	0.01355	0.01574	0.01144	0.00791	0.00659	0.00220	0.01069	0.00534	0.00381	0.01201
6	0.01246	0.00914	0.01168	0.01104	0.01324	0.00836	0.00828	0.01649	0.02485	0.03475	0.57377	0.06868	0.13640	0.01871	0.01055	0.00283	0.00425	0.01644	0.00970	0.00836
7	0.02214	0.02126	0.03631	0.05491	0.62978	0.02126	0.02746	0.02746	0.02037	0.02923	0.01683	0.02214	0.01417	0.00797	0.00886	0.00266	0.01063	0.00797	0.00443	0.01417
8	0.06472	0.01369	0.01657	0.01617	0.01954	0.01432	0.01366	0.14256	0.02563	0.03546	0.13732	0.07278	0.04669	0.01961	0.01090	0.00351	0.00782	0.32072	0.00849	0.00985
9	0.31838	0.02017	0.01854	0.01885	0.08631	0.12187	0.01315	0.02862	0.02074	0.11630	0.12867	0.02740	0.02589	0.01063	0.00771	0.00269	0.00846	0.00799	0.00681	0.01082

[dist]
# distance from previous block
# <min> <max>
0	5

# created by:
# /home/cegg/simao/soft/augustus-3.2.1/scripts/msa2prfl.pl ./align_prep/15287.fa
