[name]
unknown

[dist]
# distance from previous block
# <min> <max>
9	16

[block]
# block no. 0 follows, 22 sequences, length 62
# corresponding to MSA columns:
# 16-77
name=unknown_A
#
# <colnr> <probs for GDERKNQSTAVLIFYWHMCP>
#	G	D	E	R	K	N	Q	S	T	A	V	L	I	F	Y	W	H	M	C	P
0	0.01219	0.00968	0.01379	0.16166	0.02219	0.01052	0.01116	0.01498	0.01596	0.02128	0.09335	0.16248	0.10508	0.13735	0.16532	0.00610	0.01051	0.01330	0.00579	0.00731
1	0.01585	0.01240	0.01465	0.01259	0.01645	0.01184	0.00971	0.07421	0.10868	0.03306	0.33225	0.08294	0.04928	0.01372	0.00872	0.00237	0.00530	0.01186	0.00795	0.17619
2	0.01082	0.00785	0.01037	0.01212	0.01313	0.00740	0.00885	0.01285	0.01689	0.02213	0.04875	0.51258	0.10572	0.02490	0.01073	0.00342	0.00540	0.15143	0.00770	0.00697
3	0.01168	0.00849	0.01099	0.01037	0.01236	0.00780	0.00777	0.01552	0.02332	0.03285	0.62777	0.06281	0.10274	0.01716	0.00980	0.00262	0.00393	0.01513	0.00908	0.00780
4	0.02676	0.01643	0.02009	0.01635	0.02135	0.01690	0.03786	0.22740	0.09835	0.21640	0.02923	0.12141	0.02428	0.07345	0.01170	0.00318	0.00776	0.01069	0.00835	0.01207
5	0.11975	0.01483	0.07043	0.01409	0.01751	0.01343	0.01154	0.11743	0.05652	0.02977	0.03341	0.39578	0.03626	0.01840	0.00911	0.00302	0.00651	0.01596	0.00713	0.00913
6	0.21047	0.01673	0.02416	0.19959	0.27212	0.01817	0.01910	0.02484	0.01762	0.07319	0.03830	0.02119	0.01442	0.00826	0.00752	0.00258	0.00889	0.00700	0.00488	0.01097
7	0.02096	0.01922	0.02498	0.35036	0.11367	0.07152	0.02014	0.13356	0.10802	0.02924	0.01828	0.02224	0.01381	0.00893	0.00825	0.00264	0.01027	0.00752	0.00527	0.01113
8	0.24412	0.01801	0.01991	0.02025	0.11355	0.01989	0.01401	0.11449	0.22958	0.09099	0.02260	0.02256	0.01680	0.00939	0.00741	0.00263	0.00740	0.00730	0.00698	0.01214
9	0.01017	0.00770	0.00940	0.01051	0.01183	0.00692	0.00730	0.01204	0.01749	0.02264	0.11052	0.45726	0.23873	0.02372	0.01029	0.00313	0.00455	0.02102	0.00784	0.00692
10	0.02856	0.03597	0.02178	0.01989	0.02400	0.59701	0.01492	0.03070	0.02301	0.02058	0.02114	0.02254	0.08541	0.01001	0.00776	0.00222	0.01373	0.00677	0.00468	0.00933
11	0.01988	0.01905	0.03250	0.13945	0.57305	0.01956	0.02516	0.02490	0.01860	0.02632	0.01551	0.02078	0.01287	0.00753	0.00824	0.00251	0.01004	0.00740	0.00405	0.01261
12	0.02703	0.02517	0.02596	0.02461	0.11232	0.16379	0.01771	0.28572	0.02724	0.03500	0.01587	0.01858	0.01256	0.01030	0.01223	0.00266	0.15848	0.00697	0.00585	0.01194
13	0.02991	0.03772	0.02371	0.02144	0.02534	0.61784	0.01624	0.03202	0.02259	0.02030	0.01267	0.01526	0.01072	0.00908	0.00922	0.00227	0.07434	0.00552	0.00422	0.00958
14	0.01249	0.00893	0.00974	0.00926	0.01226	0.00758	0.00704	0.01494	0.01999	0.07996	0.15839	0.07294	0.51781	0.01953	0.00969	0.00276	0.00442	0.01638	0.00814	0.00775
15	0.02880	0.03249	0.02268	0.02008	0.02479	0.43914	0.01537	0.11818	0.16316	0.02798	0.01849	0.01923	0.01444	0.00936	0.00782	0.00234	0.01230	0.00655	0.00577	0.01104
16	0.01208	0.00805	0.00906	0.00906	0.00906	0.00805	0.00503	0.01208	0.01208	0.01611	0.02618	0.05436	0.03020	0.70804	0.04228	0.00805	0.00805	0.01208	0.00503	0.00503
17	0.01088	0.00855	0.00989	0.00980	0.01220	0.00755	0.00752	0.01383	0.02072	0.02684	0.29919	0.07427	0.37870	0.01965	0.00996	0.00282	0.00440	0.06760	0.00826	0.00739
18	0.02004	0.45101	0.28656	0.01792	0.02704	0.02756	0.02066	0.02544	0.01714	0.02219	0.01286	0.01497	0.01061	0.00741	0.00633	0.00211	0.01021	0.00511	0.00354	0.01129
19	0.02289	0.27779	0.07533	0.01732	0.02264	0.25916	0.01530	0.02593	0.01862	0.02027	0.01444	0.01816	0.01272	0.01892	0.14259	0.00433	0.01405	0.00580	0.00400	0.00975
20	0.01792	0.19496	0.52404	0.02153	0.03264	0.02237	0.02696	0.02598	0.01739	0.02477	0.01415	0.01658	0.01055	0.00771	0.00731	0.00244	0.01151	0.00575	0.00352	0.01191
21	0.02347	0.42052	0.15010	0.01775	0.02507	0.19446	0.01765	0.02725	0.01870	0.02096	0.01248	0.01451	0.01065	0.00762	0.00634	0.00202	0.01105	0.00498	0.00373	0.01069
22	0.02222	0.02008	0.02312	0.02538	0.17133	0.06057	0.01646	0.09027	0.40480	0.03363	0.02705	0.02660	0.02062	0.01008	0.00833	0.00267	0.00808	0.00851	0.00717	0.01302
23	0.01277	0.07056	0.01599	0.01343	0.01540	0.01235	0.01072	0.01571	0.01366	0.01931	0.02131	0.03095	0.01988	0.05747	0.61647	0.01234	0.02108	0.00851	0.00437	0.00770
24	0.02965	0.14684	0.02683	0.02012	0.02499	0.53442	0.01574	0.06595	0.02336	0.02204	0.01304	0.01500	0.01089	0.00841	0.00719	0.00210	0.01367	0.00533	0.00439	0.01005
25	0.02911	0.01596	0.01920	0.01562	0.02090	0.01623	0.01251	0.17508	0.12811	0.31320	0.02947	0.05661	0.02182	0.05274	0.05078	0.00358	0.00836	0.00920	0.00876	0.01275
26	0.01779	0.08343	0.59186	0.02298	0.03450	0.05633	0.02888	0.02660	0.01783	0.02557	0.01459	0.01714	0.01054	0.00788	0.00772	0.00255	0.01222	0.00599	0.00355	0.01203
27	0.01177	0.00941	0.01038	0.01041	0.01314	0.00854	0.00817	0.04831	0.02025	0.02510	0.10361	0.10378	0.45958	0.02070	0.01004	0.00297	0.00507	0.11338	0.00782	0.00756
28	0.01021	0.00727	0.00961	0.01146	0.01192	0.00681	0.00759	0.01159	0.01573	0.02098	0.04491	0.67363	0.05384	0.05653	0.01202	0.00358	0.00496	0.02310	0.00759	0.00667
29	0.01989	0.01905	0.03250	0.13934	0.57315	0.01956	0.02516	0.02490	0.01860	0.02632	0.01551	0.02078	0.01287	0.00753	0.00824	0.00251	0.01004	0.00740	0.00405	0.01261
30	0.07320	0.12037	0.02598	0.06376	0.09767	0.18507	0.01618	0.12051	0.16081	0.03011	0.01874	0.02004	0.01466	0.00897	0.00751	0.00240	0.01001	0.00675	0.00571	0.01156
31	0.01818	0.01818	0.02545	0.02181	0.02181	0.02545	0.01818	0.01999	0.01272	0.01999	0.01091	0.01818	0.01091	0.01454	0.02726	0.00364	0.69284	0.00727	0.00364	0.00909
32	0.01039	0.00734	0.00956	0.01122	0.01163	0.00693	0.00734	0.01164	0.01537	0.02050	0.04307	0.61272	0.05151	0.12061	0.01500	0.00402	0.00527	0.02202	0.00734	0.00651
33	0.01957	0.01916	0.03392	0.16362	0.47728	0.01966	0.09493	0.02486	0.01858	0.02602	0.01561	0.02106	0.01272	0.00752	0.00842	0.00256	0.01057	0.00768	0.00405	0.01223
34	0.02540	0.46977	0.03631	0.01681	0.02290	0.26472	0.01488	0.02787	0.01929	0.01983	0.01202	0.01392	0.01068	0.00763	0.00611	0.00191	0.01109	0.00477	0.00382	0.01029
35	0.01057	0.00755	0.01016	0.01208	0.01277	0.00714	0.00850	0.01235	0.01635	0.02171	0.04554	0.61818	0.05396	0.02560	0.01072	0.00344	0.00521	0.10359	0.00770	0.00687
36	0.02056	0.01974	0.03372	0.05099	0.65622	0.01974	0.02550	0.02550	0.01892	0.02714	0.01563	0.02056	0.01316	0.00740	0.00822	0.00247	0.00987	0.00740	0.00411	0.01316
37	0.01711	0.01641	0.02985	0.06138	0.26082	0.01611	0.17501	0.02178	0.01845	0.02530	0.02561	0.16203	0.02575	0.01306	0.00954	0.00293	0.00971	0.09335	0.00530	0.01050
38	0.01012	0.00723	0.00964	0.01157	0.01205	0.00675	0.00771	0.01157	0.01591	0.02121	0.04579	0.70262	0.05495	0.02603	0.01060	0.00337	0.00482	0.02362	0.00771	0.00675
39	0.02056	0.01974	0.03372	0.05099	0.65622	0.01974	0.02550	0.02550	0.01892	0.02714	0.01563	0.02056	0.01316	0.00740	0.00822	0.00247	0.00987	0.00740	0.00411	0.01316
40	0.01666	0.04297	0.66500	0.02368	0.03596	0.01929	0.03069	0.02631	0.01754	0.02631	0.01491	0.01754	0.01052	0.00789	0.00789	0.00263	0.01228	0.00614	0.00351	0.01228
41	0.02301	0.50494	0.03929	0.02171	0.13596	0.11010	0.01647	0.02602	0.01807	0.02101	0.01244	0.01483	0.01111	0.00734	0.00612	0.00195	0.00982	0.00509	0.00374	0.01098
42	0.01056	0.00844	0.00945	0.00920	0.01168	0.00733	0.00690	0.01336	0.02069	0.02661	0.30169	0.07309	0.43272	0.01949	0.00981	0.00273	0.00410	0.01657	0.00826	0.00733
43	0.01031	0.00857	0.00911	0.00937	0.01205	0.00737	0.00729	0.01266	0.01896	0.02278	0.07859	0.08186	0.56894	0.02130	0.01005	0.00295	0.00469	0.09835	0.00771	0.00710
44	0.06234	0.01717	0.02807	0.28725	0.36548	0.01866	0.02281	0.02325	0.01776	0.02531	0.01792	0.02322	0.03882	0.00833	0.00814	0.00260	0.00988	0.00765	0.00416	0.01117
45	0.02159	0.02127	0.03066	0.04363	0.51794	0.08611	0.02283	0.05878	0.02050	0.02755	0.01974	0.02356	0.05177	0.00849	0.00825	0.00246	0.01001	0.00781	0.00458	0.01248
46	0.01625	0.01534	0.02594	0.61423	0.12665	0.01861	0.02335	0.02172	0.01688	0.02191	0.01487	0.02196	0.01132	0.00820	0.00830	0.00273	0.01093	0.00739	0.00374	0.00968
47	0.03103	0.03959	0.02354	0.02140	0.02568	0.67469	0.01605	0.03317	0.02354	0.02033	0.01284	0.01498	0.01070	0.00856	0.00749	0.00214	0.01498	0.00535	0.00428	0.00963
48	0.02383	0.02737	0.25013	0.02502	0.03414	0.01847	0.22937	0.06656	0.02115	0.19010	0.02042	0.02209	0.01402	0.00832	0.00869	0.00267	0.01135	0.00804	0.00576	0.01250
49	0.03181	0.02290	0.02470	0.01894	0.02558	0.02521	0.01565	0.60473	0.03844	0.07702	0.02046	0.02028	0.01439	0.00999	0.00831	0.00250	0.00906	0.00751	0.00839	0.01413
50	0.02056	0.01974	0.03372	0.05099	0.65622	0.01974	0.02550	0.02550	0.01892	0.02714	0.01563	0.02056	0.01316	0.00740	0.00822	0.00247	0.00987	0.00740	0.00411	0.01316
51	0.06662	0.09203	0.19823	0.01929	0.02630	0.20566	0.05864	0.02730	0.01987	0.07979	0.02511	0.02611	0.10060	0.00998	0.00782	0.00244	0.01094	0.00768	0.00505	0.01054
52	0.01717	0.01107	0.01291	0.01193	0.01524	0.01058	0.00908	0.04579	0.10682	0.13618	0.12469	0.17664	0.25329	0.01787	0.00946	0.00284	0.00530	0.01528	0.00845	0.00941
53	0.00986	0.00825	0.00859	0.00885	0.01134	0.00698	0.00651	0.01187	0.01852	0.02227	0.07884	0.16630	0.56993	0.02173	0.00993	0.00288	0.00429	0.01838	0.00771	0.00698
54	0.01894	0.01809	0.03079	0.26282	0.45705	0.01931	0.02469	0.02408	0.01815	0.02517	0.01534	0.02109	0.01247	0.00770	0.00825	0.00257	0.01027	0.00740	0.00397	0.01185
55	0.02468	0.16061	0.10176	0.11266	0.03009	0.30284	0.01812	0.05420	0.07535	0.02356	0.01523	0.01757	0.01215	0.00847	0.00736	0.00229	0.01200	0.00599	0.00450	0.01057
56	0.01926	0.18545	0.03170	0.09427	0.10079	0.05878	0.10104	0.02254	0.01632	0.02127	0.01496	0.02291	0.01390	0.10163	0.01624	0.00335	0.15438	0.00750	0.00398	0.00974
57	0.01008	0.00739	0.00947	0.01113	0.01193	0.00678	0.00752	0.01162	0.01633	0.02138	0.05111	0.61627	0.13786	0.02533	0.01049	0.00329	0.00473	0.02277	0.00771	0.00678
58	0.02105	0.37052	0.28622	0.01878	0.02760	0.10219	0.02093	0.02641	0.01791	0.02230	0.01302	0.01518	0.01061	0.00759	0.00659	0.00216	0.01093	0.00522	0.00362	0.01118
59	0.02536	0.14432	0.02677	0.02046	0.09553	0.02341	0.01506	0.35083	0.02862	0.03800	0.02010	0.06265	0.01744	0.08131	0.01137	0.00298	0.00881	0.00835	0.00660	0.01203
60	0.01148	0.00802	0.00902	0.00924	0.00977	0.00773	0.00556	0.01199	0.01367	0.01776	0.03813	0.13405	0.13698	0.51406	0.03318	0.00663	0.00704	0.01433	0.00579	0.00556
61	0.01412	0.00993	0.01141	0.01117	0.01234	0.01008	0.00737	0.09741	0.01722	0.02289	0.03338	0.24223	0.05965	0.38274	0.02694	0.00569	0.00710	0.01507	0.00638	0.00688

[dist]
# distance from previous block
# <min> <max>
1	2

[block]
# block no. 1 follows, 22 sequences, length 39
# corresponding to MSA columns:
# 80-118
name=unknown_B
#
# <colnr> <probs for GDERKNQSTAVLIFYWHMCP>
#	G	D	E	R	K	N	Q	S	T	A	V	L	I	F	Y	W	H	M	C	P
0	0.02199	0.18266	0.14848	0.01978	0.02498	0.20835	0.01852	0.02564	0.01765	0.02113	0.01312	0.01706	0.01140	0.01321	0.05744	0.00327	0.17540	0.00600	0.00383	0.01008
1	0.23199	0.01609	0.01642	0.01578	0.05581	0.06077	0.01162	0.12632	0.02150	0.03405	0.16803	0.03007	0.02887	0.01988	0.12397	0.00441	0.00985	0.00853	0.00641	0.00963
2	0.08771	0.21573	0.23457	0.01778	0.02540	0.09064	0.04440	0.02430	0.01819	0.02468	0.04858	0.02538	0.09118	0.00967	0.00730	0.00237	0.00985	0.00735	0.00453	0.01039
3	0.02120	0.01889	0.02302	0.18448	0.10772	0.04799	0.01749	0.10666	0.31544	0.03208	0.02443	0.02558	0.01844	0.00981	0.00833	0.00270	0.00873	0.00826	0.00658	0.01217
4	0.02992	0.03254	0.02517	0.02434	0.10209	0.41062	0.01712	0.20172	0.02740	0.03027	0.01520	0.01707	0.01197	0.00882	0.00781	0.00228	0.01270	0.00621	0.00541	0.01134
5	0.01527	0.00781	0.00808	0.00808	0.00999	0.00790	0.00608	0.01909	0.01718	0.03027	0.02681	0.03107	0.02126	0.01284	0.04605	0.00262	0.00498	0.00781	0.70908	0.00772
6	0.03010	0.11112	0.02567	0.02064	0.02522	0.60652	0.01586	0.03229	0.02283	0.02025	0.01270	0.01481	0.01070	0.00841	0.00726	0.00210	0.01433	0.00525	0.00420	0.00974
7	0.01208	0.00805	0.00906	0.00906	0.00906	0.00805	0.00503	0.01208	0.01208	0.01611	0.02618	0.05436	0.03020	0.70804	0.04228	0.00805	0.00805	0.01208	0.00503	0.00503
8	0.02221	0.71304	0.04353	0.01421	0.02132	0.03287	0.01421	0.02488	0.01688	0.01955	0.01155	0.01333	0.01066	0.00711	0.00533	0.00178	0.00888	0.00444	0.00355	0.01066
9	0.01821	0.01443	0.01455	0.01307	0.01610	0.10069	0.01009	0.02199	0.04378	0.11479	0.30399	0.05075	0.17031	0.01537	0.01034	0.00265	0.04925	0.01261	0.00798	0.00905
10	0.01193	0.00799	0.00911	0.00925	0.00929	0.00795	0.00524	0.01204	0.01237	0.01650	0.02768	0.10406	0.03210	0.65576	0.03985	0.00770	0.00781	0.01297	0.00524	0.00517
11	0.01188	0.00885	0.01308	0.01308	0.01447	0.01024	0.01005	0.01466	0.01327	0.01909	0.02250	0.03400	0.02136	0.10284	0.63540	0.01302	0.02136	0.00910	0.00449	0.00727
12	0.02221	0.71304	0.04353	0.01421	0.02132	0.03287	0.01421	0.02488	0.01688	0.01955	0.01155	0.01333	0.01066	0.00711	0.00533	0.00178	0.00888	0.00444	0.00355	0.01066
13	0.02306	0.02448	0.03129	0.04393	0.50573	0.17606	0.02324	0.02733	0.02002	0.02552	0.01496	0.01923	0.01257	0.00768	0.00805	0.00239	0.01109	0.00691	0.00415	0.01232
14	0.01549	0.00774	0.00774	0.00774	0.00968	0.00774	0.00581	0.01936	0.01742	0.03097	0.02710	0.03097	0.02129	0.00968	0.00581	0.00194	0.00387	0.00774	0.75416	0.00774
15	0.01012	0.00723	0.00964	0.01157	0.01205	0.00675	0.00771	0.01157	0.01591	0.02121	0.04579	0.70262	0.05495	0.02603	0.01060	0.00337	0.00482	0.02362	0.00771	0.00675
16	0.02046	0.03385	0.29392	0.02507	0.03321	0.17433	0.16942	0.02682	0.01913	0.02436	0.01654	0.05934	0.01376	0.00925	0.00935	0.00265	0.04559	0.00795	0.00412	0.01091
17	0.00982	0.00842	0.00842	0.00842	0.01122	0.00701	0.00631	0.01192	0.01894	0.02244	0.08416	0.07995	0.65285	0.02104	0.00982	0.00281	0.00421	0.01753	0.00771	0.00701
18	0.00983	0.00836	0.00847	0.00857	0.01126	0.00700	0.00638	0.01191	0.01879	0.02238	0.08230	0.11008	0.62391	0.02128	0.00986	0.00283	0.00424	0.01783	0.00771	0.00700
19	0.02036	0.02704	0.18754	0.02296	0.06588	0.09903	0.08314	0.03390	0.27469	0.02880	0.02302	0.02418	0.01751	0.01185	0.04036	0.00317	0.01078	0.00798	0.00579	0.01202
20	0.01569	0.01477	0.02492	0.68808	0.05722	0.01846	0.02307	0.02123	0.01661	0.02123	0.01477	0.02215	0.01107	0.00831	0.00831	0.00277	0.01107	0.00738	0.00369	0.00923
21	0.01187	0.00890	0.01335	0.01335	0.01483	0.01038	0.01038	0.01483	0.01335	0.01928	0.02225	0.03264	0.02077	0.06231	0.67512	0.01335	0.02225	0.00890	0.00445	0.00742
22	0.01012	0.00723	0.00964	0.01157	0.01205	0.00675	0.00771	0.01157	0.01591	0.02121	0.04579	0.70262	0.05495	0.02603	0.01060	0.00337	0.00482	0.02362	0.00771	0.00675
23	0.01105	0.00825	0.01095	0.01128	0.01283	0.00815	0.00831	0.01375	0.01784	0.02436	0.22084	0.23126	0.14117	0.03307	0.20102	0.00593	0.00947	0.01599	0.00719	0.00730
24	0.01983	0.01195	0.01438	0.01301	0.01687	0.01150	0.01047	0.04792	0.11173	0.18543	0.12798	0.05780	0.20858	0.01634	0.00947	0.00288	0.00597	0.10908	0.00865	0.01014
25	0.01187	0.00890	0.01335	0.01335	0.01483	0.01038	0.01038	0.01483	0.01335	0.01928	0.02225	0.03264	0.02077	0.06231	0.67512	0.01335	0.02225	0.00890	0.00445	0.00742
26	0.02056	0.01974	0.03372	0.05099	0.65622	0.01974	0.02550	0.02550	0.01892	0.02714	0.01563	0.02056	0.01316	0.00740	0.00822	0.00247	0.00987	0.00740	0.00411	0.01316
27	0.01854	0.16063	0.51542	0.02187	0.03274	0.06282	0.02688	0.02649	0.01780	0.02474	0.01419	0.01664	0.01056	0.00780	0.00742	0.00245	0.01185	0.00579	0.00356	0.01183
28	0.01031	0.00820	0.00930	0.00978	0.01188	0.00718	0.00720	0.01257	0.01878	0.02359	0.14166	0.22712	0.40869	0.02184	0.01009	0.00297	0.00450	0.04937	0.00788	0.00708
29	0.02871	0.03588	0.02231	0.02043	0.02437	0.59421	0.01536	0.03095	0.02231	0.02020	0.01398	0.01712	0.01192	0.01507	0.08837	0.00350	0.01586	0.00578	0.00430	0.00936
30	0.02199	0.59788	0.11773	0.01572	0.02331	0.06371	0.01630	0.02547	0.01730	0.02040	0.01202	0.01392	0.01065	0.00728	0.00575	0.00190	0.00960	0.00469	0.00358	0.01080
31	0.01007	0.00834	0.00883	0.00888	0.01142	0.00709	0.00659	0.01235	0.01928	0.02367	0.15031	0.12034	0.54239	0.02089	0.00987	0.00282	0.00421	0.01764	0.00789	0.00709
32	0.01103	0.00784	0.01049	0.01229	0.01308	0.00751	0.00888	0.01295	0.01641	0.02173	0.04402	0.51298	0.05155	0.07191	0.01298	0.00380	0.00572	0.16047	0.00751	0.00685
33	0.01399	0.00884	0.01135	0.01194	0.01400	0.00814	0.00904	0.01630	0.01802	0.09967	0.05192	0.33394	0.19060	0.02414	0.04223	0.00370	0.00628	0.12016	0.00786	0.00790
34	0.23522	0.02492	0.06552	0.03078	0.28385	0.17572	0.01888	0.02707	0.01857	0.02835	0.01376	0.01702	0.01122	0.00780	0.00715	0.00243	0.01026	0.00601	0.00441	0.01108
35	0.16706	0.08667	0.02541	0.26987	0.13895	0.13450	0.01864	0.02499	0.01774	0.02503	0.01364	0.01810	0.01091	0.00797	0.00725	0.00248	0.01044	0.00619	0.00413	0.01004
36	0.02395	0.07237	0.03359	0.03381	0.25390	0.16774	0.13410	0.09511	0.02190	0.02749	0.01520	0.01898	0.01233	0.00822	0.00913	0.00247	0.04620	0.00720	0.00458	0.01174
37	0.06798	0.01392	0.01725	0.02117	0.16753	0.04722	0.01275	0.05477	0.02009	0.02781	0.14075	0.19904	0.14515	0.01604	0.00908	0.00276	0.00667	0.01399	0.00677	0.00926
38	0.05411	0.05583	0.03149	0.03195	0.24906	0.09662	0.12456	0.11423	0.02202	0.02999	0.01567	0.01909	0.01252	0.00769	0.00791	0.00231	0.01044	0.00703	0.00488	0.10259

[dist]
# distance from previous block
# <min> <max>
16	61

[block]
# block no. 2 follows, 22 sequences, length 62
# corresponding to MSA columns:
# 180-241
name=unknown_C
#
# <colnr> <probs for GDERKNQSTAVLIFYWHMCP>
#	G	D	E	R	K	N	Q	S	T	A	V	L	I	F	Y	W	H	M	C	P
0	0.08243	0.21401	0.03081	0.02665	0.19415	0.27417	0.01757	0.02819	0.01977	0.02326	0.01315	0.01593	0.01122	0.00779	0.00693	0.00216	0.01130	0.00559	0.00411	0.01081
1	0.13701	0.02465	0.02057	0.01901	0.06206	0.26429	0.01397	0.07980	0.02319	0.18921	0.07013	0.02269	0.01886	0.00959	0.00767	0.00240	0.01005	0.00707	0.00663	0.01112
2	0.01592	0.02275	0.19151	0.01874	0.05638	0.08515	0.01685	0.02003	0.01692	0.02231	0.03067	0.11401	0.12222	0.07180	0.07356	0.00419	0.09191	0.01090	0.00503	0.00915
3	0.02228	0.17787	0.20582	0.02384	0.07010	0.09726	0.11752	0.10954	0.02145	0.02790	0.01499	0.01763	0.01164	0.00784	0.00761	0.00233	0.01130	0.00649	0.00447	0.04210
4	0.02424	0.05273	0.08254	0.02236	0.06162	0.13506	0.10437	0.22770	0.02613	0.03330	0.02258	0.06582	0.05419	0.01040	0.00838	0.00248	0.01047	0.00874	0.00597	0.04091
5	0.01895	0.10538	0.13313	0.02368	0.08026	0.06917	0.15459	0.05678	0.02051	0.02730	0.12606	0.03021	0.02534	0.01338	0.05082	0.00324	0.01110	0.03429	0.00525	0.01055
6	0.18518	0.02454	0.06186	0.01805	0.02300	0.14591	0.01530	0.21809	0.02408	0.03463	0.01784	0.01986	0.04022	0.01035	0.01069	0.00266	0.12432	0.00677	0.00575	0.01089
7	0.18938	0.02319	0.05271	0.01760	0.05985	0.23468	0.01334	0.02458	0.01828	0.02579	0.02105	0.02433	0.06239	0.01801	0.11508	0.00413	0.01200	0.00704	0.06743	0.00914
8	0.01943	0.10605	0.17592	0.01877	0.02525	0.05462	0.07666	0.09296	0.02048	0.05473	0.05111	0.02992	0.09978	0.01699	0.08902	0.00385	0.03982	0.00873	0.00537	0.01055
9	0.16379	0.17345	0.02503	0.01977	0.09563	0.25729	0.01423	0.02720	0.01908	0.02541	0.01435	0.01691	0.01193	0.00809	0.00647	0.00216	0.01014	0.00552	0.09363	0.00993
10	0.02561	0.19495	0.02839	0.02087	0.08937	0.20430	0.01555	0.17917	0.02535	0.03052	0.09077	0.02203	0.01988	0.00944	0.00752	0.00223	0.01015	0.00704	0.00569	0.01118
11	0.11682	0.09861	0.02528	0.02232	0.08886	0.41729	0.01598	0.07635	0.02250	0.02544	0.01340	0.01560	0.01101	0.00831	0.00714	0.00222	0.01240	0.00554	0.00461	0.01036
12	0.08469	0.13939	0.02807	0.02342	0.12625	0.19000	0.01665	0.23452	0.02631	0.03361	0.01542	0.01720	0.01214	0.00855	0.00736	0.00229	0.01049	0.00620	0.00559	0.01187
13	0.01196	0.01149	0.04311	0.01504	0.01788	0.00968	0.10662	0.01497	0.01780	0.02348	0.09477	0.38294	0.17657	0.02048	0.01013	0.00307	0.00639	0.01872	0.00709	0.00783
14	0.01012	0.00723	0.00964	0.01157	0.01205	0.00675	0.00771	0.01157	0.01591	0.02121	0.04579	0.70262	0.05495	0.02603	0.01060	0.00337	0.00482	0.02362	0.00771	0.00675
15	0.01308	0.01085	0.01400	0.01386	0.01552	0.05250	0.01074	0.01600	0.01400	0.01935	0.02166	0.03152	0.02013	0.05890	0.63280	0.01264	0.02179	0.00868	0.00444	0.00756
16	0.02653	0.21761	0.12794	0.01957	0.02611	0.32529	0.01779	0.10085	0.02269	0.02486	0.01366	0.01553	0.01107	0.00824	0.00707	0.00216	0.01224	0.00548	0.00445	0.01085
17	0.01078	0.00770	0.01039	0.01232	0.01309	0.00731	0.00885	0.01270	0.01655	0.02194	0.04543	0.58046	0.05351	0.02541	0.01078	0.00346	0.00539	0.13932	0.00770	0.00693
18	0.01357	0.00925	0.01038	0.01010	0.01321	0.00797	0.00796	0.01603	0.01954	0.09898	0.07266	0.07563	0.49650	0.02001	0.00987	0.00291	0.00501	0.09446	0.00801	0.00795
19	0.02429	0.42386	0.11138	0.01758	0.02442	0.23076	0.01675	0.02763	0.01903	0.02060	0.01235	0.01434	0.01066	0.00765	0.00631	0.00199	0.01118	0.00493	0.00377	0.01053
20	0.02577	0.12202	0.03018	0.03196	0.27062	0.33374	0.01948	0.02907	0.02085	0.02288	0.01375	0.01693	0.01165	0.00791	0.00749	0.00222	0.01217	0.00603	0.00412	0.01114
21	0.02642	0.03085	0.02802	0.03443	0.30322	0.38640	0.02021	0.02979	0.02151	0.02333	0.01407	0.01744	0.01178	0.00805	0.00781	0.00228	0.01273	0.00625	0.00421	0.01118
22	0.01469	0.01270	0.02041	0.02316	0.15505	0.01230	0.08590	0.04204	0.01879	0.02541	0.07037	0.32593	0.07791	0.01806	0.00988	0.00303	0.00730	0.06135	0.00662	0.00910
23	0.01051	0.00740	0.00952	0.01106	0.01145	0.00701	0.00717	0.01167	0.01514	0.02018	0.04185	0.57256	0.04998	0.16286	0.01696	0.00431	0.00547	0.02130	0.00717	0.00640
24	0.01023	0.00843	0.00899	0.00885	0.01148	0.00719	0.00664	0.01273	0.01992	0.02478	0.20607	0.07611	0.52948	0.02017	0.00981	0.00276	0.00415	0.01699	0.00802	0.00719
25	0.01512	0.01368	0.01958	0.01771	0.01843	0.01814	0.01440	0.01749	0.01303	0.01965	0.01641	0.02519	0.01569	0.03770	0.34145	0.00835	0.36763	0.00806	0.00403	0.00828
26	0.02807	0.03450	0.02463	0.04964	0.07650	0.51989	0.01733	0.03053	0.02162	0.02087	0.01291	0.01608	0.01093	0.00917	0.00994	0.00237	0.09520	0.00582	0.00417	0.00983
27	0.03103	0.03959	0.02354	0.02140	0.02568	0.67469	0.01605	0.03317	0.02354	0.02033	0.01284	0.01498	0.01070	0.00856	0.00749	0.00214	0.01498	0.00535	0.00428	0.00963
28	0.01961	0.01876	0.03199	0.17593	0.53875	0.01949	0.02502	0.02466	0.01846	0.02598	0.01546	0.02087	0.01275	0.00758	0.00824	0.00253	0.01011	0.00740	0.00403	0.01239
29	0.01193	0.00799	0.00911	0.00925	0.00929	0.00795	0.00524	0.01204	0.01238	0.01650	0.02768	0.10424	0.03211	0.65557	0.03985	0.00769	0.00781	0.01297	0.00524	0.00517
30	0.01006	0.00747	0.00939	0.01094	0.01188	0.00680	0.00743	0.01164	0.01651	0.02145	0.05349	0.57770	0.17490	0.02503	0.01045	0.00326	0.00470	0.02240	0.00771	0.00680
31	0.01208	0.00805	0.00906	0.00906	0.00906	0.00805	0.00503	0.01208	0.01208	0.01611	0.02618	0.05436	0.03020	0.70804	0.04228	0.00805	0.00805	0.01208	0.00503	0.00503
32	0.02221	0.71304	0.04353	0.01421	0.02132	0.03287	0.01421	0.02488	0.01688	0.01955	0.01155	0.01333	0.01066	0.00711	0.00533	0.00178	0.00888	0.00444	0.00355	0.01066
33	0.01187	0.00890	0.01335	0.01335	0.01483	0.01038	0.01038	0.01483	0.01335	0.01928	0.02225	0.03264	0.02077	0.06231	0.67512	0.01335	0.02225	0.00890	0.00445	0.00742
34	0.02221	0.71304	0.04353	0.01421	0.02132	0.03287	0.01421	0.02488	0.01688	0.01955	0.01155	0.01333	0.01066	0.00711	0.00533	0.00178	0.00888	0.00444	0.00355	0.01066
35	0.02114	0.57260	0.06318	0.01446	0.02103	0.05811	0.01418	0.02421	0.01800	0.02149	0.08804	0.01937	0.01873	0.00838	0.00606	0.00193	0.00870	0.00581	0.00425	0.01034
36	0.02221	0.71304	0.04353	0.01421	0.02132	0.03287	0.01421	0.02488	0.01688	0.01955	0.01155	0.01333	0.01066	0.00711	0.00533	0.00178	0.00888	0.00444	0.00355	0.01066
37	0.02870	0.02218	0.02504	0.01969	0.02491	0.02569	0.01630	0.49784	0.03340	0.04541	0.01800	0.01957	0.01344	0.01095	0.01238	0.00274	0.15597	0.00743	0.00731	0.01305
38	0.01666	0.04297	0.66500	0.02368	0.03596	0.01929	0.03069	0.02631	0.01754	0.02631	0.01491	0.01754	0.01052	0.00789	0.00789	0.00263	0.01228	0.00614	0.00351	0.01228
39	0.00982	0.00842	0.00842	0.00842	0.01122	0.00701	0.00631	0.01192	0.01894	0.02244	0.08416	0.07995	0.65285	0.02104	0.00982	0.00281	0.00421	0.01753	0.00771	0.00701
40	0.01187	0.00890	0.01335	0.01335	0.01483	0.01038	0.01038	0.01483	0.01335	0.01928	0.02225	0.03264	0.02077	0.06231	0.67512	0.01335	0.02225	0.00890	0.00445	0.00742
41	0.02066	0.01785	0.01878	0.01691	0.02160	0.02066	0.01315	0.04414	0.64121	0.03475	0.03381	0.03099	0.02536	0.01127	0.00845	0.00282	0.00657	0.00939	0.00845	0.01315
42	0.03158	0.02327	0.02493	0.01911	0.02576	0.02576	0.01579	0.62852	0.03906	0.05236	0.01995	0.01995	0.01413	0.00997	0.00831	0.00249	0.00914	0.00748	0.00831	0.01413
43	0.03158	0.02327	0.02493	0.01911	0.02576	0.02576	0.01579	0.62852	0.03906	0.05236	0.01995	0.01995	0.01413	0.00997	0.00831	0.00249	0.00914	0.00748	0.00831	0.01413
44	0.01666	0.04297	0.66500	0.02368	0.03596	0.01929	0.03069	0.02631	0.01754	0.02631	0.01491	0.01754	0.01052	0.00789	0.00789	0.00263	0.01228	0.00614	0.00351	0.01228
45	0.01715	0.10184	0.61040	0.02285	0.03467	0.02049	0.02925	0.02618	0.01748	0.02571	0.01461	0.01717	0.01054	0.00782	0.00767	0.00256	0.01198	0.00599	0.00351	0.01214
46	0.01666	0.04297	0.66500	0.02368	0.03596	0.01929	0.03069	0.02631	0.01754	0.02631	0.01491	0.01754	0.01052	0.00789	0.00789	0.00263	0.01228	0.00614	0.00351	0.01228
47	0.00982	0.00842	0.00842	0.00842	0.01122	0.00701	0.00631	0.01192	0.01894	0.02244	0.08416	0.07995	0.65285	0.02104	0.00982	0.00281	0.00421	0.01753	0.00771	0.00701
48	0.01058	0.00818	0.00966	0.00986	0.01184	0.00725	0.00718	0.01319	0.01990	0.02607	0.27942	0.21388	0.31173	0.02071	0.00999	0.00286	0.00424	0.01800	0.00823	0.00725
49	0.00982	0.00842	0.00842	0.00842	0.01122	0.00701	0.00631	0.01192	0.01894	0.02244	0.08416	0.07995	0.65285	0.02104	0.00982	0.00281	0.00421	0.01753	0.00771	0.00701
50	0.01844	0.25726	0.46626	0.02065	0.03128	0.02364	0.02542	0.02585	0.01733	0.02415	0.01383	0.01619	0.01057	0.00764	0.00707	0.00236	0.01119	0.00560	0.00352	0.01176
51	0.47219	0.01779	0.02005	0.02433	0.22097	0.01954	0.01478	0.07125	0.01758	0.03520	0.01351	0.01624	0.01072	0.00779	0.00637	0.00253	0.00773	0.00565	0.00506	0.01072
52	0.02387	0.02105	0.02650	0.20860	0.20873	0.09776	0.02011	0.15675	0.05975	0.06923	0.01810	0.02128	0.01368	0.00874	0.00820	0.00254	0.01028	0.00734	0.00555	0.01195
53	0.01791	0.01203	0.01395	0.01189	0.01644	0.01060	0.00959	0.06679	0.02045	0.10354	0.04222	0.04827	0.19956	0.01380	0.00828	0.00236	0.00587	0.08912	0.09560	0.21173
54	0.01354	0.01135	0.01766	0.37280	0.03583	0.01316	0.01561	0.01720	0.01607	0.02136	0.02667	0.25212	0.02774	0.06813	0.01155	0.00333	0.00836	0.01318	0.04633	0.00800
55	0.02246	0.02351	0.03131	0.07168	0.50468	0.15109	0.02350	0.02686	0.01975	0.02553	0.01503	0.01951	0.01258	0.00767	0.00808	0.00241	0.01095	0.00699	0.00413	0.01229
56	0.05665	0.02357	0.02818	0.11377	0.32251	0.15197	0.02093	0.12957	0.02280	0.02982	0.01553	0.01922	0.01240	0.00820	0.00797	0.00245	0.01076	0.00687	0.00486	0.01197
57	0.01645	0.01451	0.02049	0.02711	0.27188	0.01467	0.01494	0.02292	0.12394	0.02516	0.03636	0.04257	0.16347	0.15172	0.01546	0.00372	0.00766	0.01097	0.00585	0.01014
58	0.02281	0.02473	0.02239	0.10302	0.13588	0.26870	0.01645	0.07897	0.04404	0.02537	0.02922	0.03084	0.14082	0.01105	0.00829	0.00246	0.01066	0.00872	0.00537	0.01019
59	0.02042	0.01891	0.02341	0.15114	0.20712	0.10506	0.01777	0.10444	0.02069	0.02711	0.01924	0.06122	0.01706	0.05809	0.06423	0.00374	0.01092	0.00846	0.05055	0.01042
60	0.14849	0.08761	0.02382	0.04693	0.09841	0.23302	0.01531	0.13910	0.02311	0.03004	0.01973	0.02145	0.06077	0.00937	0.00736	0.00236	0.01034	0.00678	0.00533	0.01066
61	0.02540	0.15833	0.05388	0.03031	0.25068	0.23509	0.01942	0.05680	0.02115	0.05308	0.01489	0.01758	0.01217	0.00799	0.00744	0.00224	0.01127	0.00617	0.00451	0.01160

[dist]
# distance from previous block
# <min> <max>
24	48

[block]
# block no. 3 follows, 22 sequences, length 7
# corresponding to MSA columns:
# 296-302
name=unknown_D
#
# <colnr> <probs for GDERKNQSTAVLIFYWHMCP>
#	G	D	E	R	K	N	Q	S	T	A	V	L	I	F	Y	W	H	M	C	P
0	0.01851	0.17487	0.02097	0.01296	0.01700	0.05931	0.01074	0.08044	0.02319	0.06141	0.32654	0.04323	0.09219	0.01343	0.00840	0.00239	0.00648	0.01106	0.00740	0.00948
1	0.01938	0.02250	0.07393	0.08271	0.02402	0.20920	0.01446	0.02590	0.10369	0.02725	0.23206	0.06818	0.03759	0.01254	0.00866	0.00255	0.00903	0.01031	0.00651	0.00954
2	0.02045	0.02241	0.02456	0.43255	0.04479	0.21323	0.02057	0.02465	0.01832	0.02085	0.01386	0.01968	0.01095	0.00893	0.00972	0.00266	0.07186	0.00677	0.00386	0.00934
3	0.02046	0.02073	0.02116	0.13541	0.13175	0.17297	0.01590	0.09999	0.02222	0.02635	0.03568	0.03702	0.20197	0.01220	0.00855	0.00254	0.00952	0.00992	0.00569	0.00995
4	0.01297	0.00832	0.01050	0.01050	0.01169	0.00895	0.00753	0.01534	0.01416	0.02173	0.02478	0.03841	0.02364	0.23305	0.30037	0.00854	0.01288	0.00948	0.22033	0.00682
5	0.01844	0.03239	0.37753	0.03612	0.31841	0.01950	0.02833	0.02594	0.01817	0.02669	0.01524	0.01892	0.01172	0.00767	0.00804	0.00256	0.01118	0.00671	0.00378	0.01268
6	0.02123	0.02234	0.03733	0.04355	0.41702	0.07989	0.20266	0.02653	0.01954	0.02636	0.01572	0.02060	0.01277	0.00739	0.00863	0.00254	0.01156	0.00793	0.00415	0.01226

[dist]
# distance from previous block
# <min> <max>
0	2

[block]
# block no. 4 follows, 22 sequences, length 103
# corresponding to MSA columns:
# 305-407
name=unknown_E
#
# <colnr> <probs for GDERKNQSTAVLIFYWHMCP>
#	G	D	E	R	K	N	Q	S	T	A	V	L	I	F	Y	W	H	M	C	P
0	0.01867	0.01767	0.02923	0.29648	0.37800	0.01931	0.02367	0.02516	0.06227	0.02538	0.01658	0.02192	0.01322	0.00803	0.00827	0.00261	0.01010	0.00754	0.00426	0.01163
1	0.01934	0.01850	0.03152	0.21017	0.50656	0.01942	0.02489	0.02443	0.01834	0.02566	0.01541	0.02096	0.01264	0.00763	0.00824	0.00254	0.01017	0.00740	0.00401	0.01218
2	0.00982	0.00842	0.00842	0.00842	0.01122	0.00701	0.00631	0.01192	0.01894	0.02244	0.08416	0.07995	0.65285	0.02104	0.00982	0.00281	0.00421	0.01753	0.00771	0.00701
3	0.02726	0.12588	0.08126	0.01999	0.02502	0.47015	0.01667	0.03019	0.02134	0.02127	0.01348	0.01593	0.01122	0.00864	0.00806	0.00219	0.04444	0.00551	0.04163	0.00988
4	0.01024	0.00728	0.00960	0.01141	0.01186	0.00683	0.00754	0.01160	0.01567	0.02089	0.04456	0.66204	0.05340	0.06872	0.01259	0.00367	0.00502	0.02289	0.00754	0.00664
5	0.01026	0.00733	0.00980	0.01172	0.01226	0.00686	0.00795	0.01180	0.01604	0.02136	0.04571	0.67729	0.05465	0.02590	0.01064	0.00339	0.00494	0.04761	0.00771	0.00679
6	0.03062	0.03720	0.02412	0.02249	0.05338	0.58528	0.01644	0.08848	0.02479	0.02362	0.01363	0.01569	0.01113	0.00864	0.00760	0.00219	0.01421	0.00564	0.00465	0.01021
7	0.01569	0.01477	0.02492	0.68808	0.05722	0.01846	0.02307	0.02123	0.01661	0.02123	0.01477	0.02215	0.01107	0.00831	0.00831	0.00277	0.01107	0.00738	0.00369	0.00923
8	0.01187	0.00890	0.01335	0.01335	0.01483	0.01038	0.01038	0.01483	0.01335	0.01928	0.02225	0.03264	0.02077	0.06231	0.67512	0.01335	0.02225	0.00890	0.00445	0.00742
9	0.01723	0.01477	0.01723	0.01230	0.01969	0.01107	0.00984	0.02092	0.01723	0.02707	0.01477	0.01723	0.01230	0.00615	0.00615	0.00123	0.00615	0.00492	0.00492	0.75883
10	0.02039	0.01928	0.15079	0.01524	0.02132	0.01382	0.01463	0.09754	0.05056	0.15457	0.06670	0.06809	0.18466	0.01384	0.00883	0.00268	0.00742	0.03853	0.00738	0.04373
11	0.01187	0.00890	0.01335	0.01335	0.01483	0.01038	0.01038	0.01483	0.01335	0.01928	0.02225	0.03264	0.02077	0.06231	0.67512	0.01335	0.02225	0.00890	0.00445	0.00742
12	0.01012	0.00723	0.00964	0.01157	0.01205	0.00675	0.00771	0.01157	0.01591	0.02121	0.04579	0.70262	0.05495	0.02603	0.01060	0.00337	0.00482	0.02362	0.00771	0.00675
13	0.01569	0.01477	0.02492	0.68808	0.05722	0.01846	0.02307	0.02123	0.01661	0.02123	0.01477	0.02215	0.01107	0.00831	0.00831	0.00277	0.01107	0.00738	0.00369	0.00923
14	0.02100	0.56664	0.17931	0.01628	0.02452	0.02990	0.01782	0.02519	0.01702	0.02102	0.01228	0.01425	0.01063	0.00728	0.00589	0.00196	0.00963	0.00481	0.00354	0.01101
15	0.01012	0.00723	0.00964	0.01157	0.01205	0.00675	0.00771	0.01157	0.01591	0.02121	0.04579	0.70262	0.05495	0.02603	0.01060	0.00337	0.00482	0.02362	0.00771	0.00675
16	0.00982	0.00842	0.00842	0.00842	0.01122	0.00701	0.00631	0.01192	0.01894	0.02244	0.08416	0.07995	0.65285	0.02104	0.00982	0.00281	0.00421	0.01753	0.00771	0.00701
17	0.01962	0.01894	0.03279	0.16820	0.51726	0.01956	0.05256	0.02476	0.01852	0.02602	0.01552	0.02094	0.01275	0.00755	0.00831	0.00254	0.01028	0.00751	0.00404	0.01234
18	0.00982	0.00842	0.00842	0.00842	0.01122	0.00701	0.00631	0.01192	0.01894	0.02244	0.08416	0.07995	0.65285	0.02104	0.00982	0.00281	0.00421	0.01753	0.00771	0.00701
19	0.01181	0.00863	0.01117	0.01092	0.01294	0.00799	0.00844	0.01556	0.02254	0.03126	0.52250	0.06778	0.12400	0.01812	0.01002	0.00279	0.00444	0.09253	0.00882	0.00774
20	0.01954	0.01870	0.03188	0.18389	0.53126	0.01947	0.02499	0.02460	0.01844	0.02591	0.01545	0.02089	0.01272	0.00759	0.00824	0.00253	0.01012	0.00740	0.00402	0.01234
21	0.01644	0.01468	0.01459	0.01347	0.01698	0.06052	0.01031	0.02813	0.28618	0.03027	0.19942	0.04995	0.19566	0.01497	0.00906	0.00272	0.00591	0.01256	0.00814	0.01003
22	0.03527	0.01735	0.02127	0.01631	0.02281	0.01698	0.01347	0.24759	0.02916	0.44727	0.02826	0.02534	0.01830	0.01017	0.00834	0.00254	0.00780	0.00805	0.00959	0.01413
23	0.02056	0.01974	0.03372	0.05099	0.65622	0.01974	0.02550	0.02550	0.01892	0.02714	0.01563	0.02056	0.01316	0.00740	0.00822	0.00247	0.00987	0.00740	0.00411	0.01316
24	0.02602	0.03035	0.02708	0.03268	0.27347	0.38594	0.01951	0.02930	0.02125	0.02296	0.01437	0.01800	0.01214	0.01060	0.03877	0.00279	0.01331	0.00632	0.00422	0.01092
25	0.05229	0.01521	0.02551	0.62256	0.05453	0.01859	0.05258	0.02165	0.01664	0.02227	0.01471	0.02174	0.01105	0.00821	0.00823	0.00276	0.01100	0.00736	0.00379	0.00932
26	0.01666	0.04297	0.66500	0.02368	0.03596	0.01929	0.03069	0.02631	0.01754	0.02631	0.01491	0.01754	0.01052	0.00789	0.00789	0.00263	0.01228	0.00614	0.00351	0.01228
27	0.02056	0.01974	0.03372	0.05099	0.65622	0.01974	0.02550	0.02550	0.01892	0.02714	0.01563	0.02056	0.01316	0.00740	0.00822	0.00247	0.00987	0.00740	0.00411	0.01316
28	0.01915	0.01830	0.03117	0.23548	0.48276	0.01937	0.02479	0.02426	0.01825	0.02543	0.01538	0.02102	0.01256	0.00766	0.00825	0.00255	0.01022	0.00740	0.00399	0.01202
29	0.01521	0.01634	0.01226	0.01172	0.01490	0.17665	0.00879	0.01732	0.02011	0.02191	0.06604	0.06344	0.48970	0.01787	0.00923	0.00264	0.00695	0.01444	0.00684	0.00768
30	0.01012	0.00723	0.00964	0.01157	0.01205	0.00675	0.00771	0.01157	0.01591	0.02121	0.04579	0.70262	0.05495	0.02603	0.01060	0.00337	0.00482	0.02362	0.00771	0.00675
31	0.01872	0.02099	0.04534	0.03282	0.04049	0.01968	0.56826	0.02520	0.01926	0.02611	0.01952	0.08598	0.01656	0.00878	0.00988	0.00285	0.01315	0.01109	0.00453	0.01079
32	0.00982	0.00842	0.00842	0.00842	0.01122	0.00701	0.00631	0.01192	0.01894	0.02244	0.08416	0.07995	0.65285	0.02104	0.00982	0.00281	0.00421	0.01753	0.00771	0.00701
33	0.02879	0.03094	0.02621	0.02754	0.16894	0.36103	0.01813	0.18269	0.02643	0.03002	0.01528	0.01751	0.01213	0.00866	0.00787	0.00230	0.01234	0.00636	0.00527	0.01157
34	0.01182	0.00794	0.00914	0.00940	0.00946	0.00788	0.00539	0.01201	0.01259	0.01679	0.02880	0.14104	0.03351	0.61686	0.03805	0.00743	0.00762	0.01362	0.00539	0.00526
35	0.01049	0.00766	0.00926	0.01036	0.01122	0.00709	0.00683	0.01175	0.01570	0.02035	0.04951	0.43109	0.17427	0.17400	0.01736	0.00428	0.00540	0.01983	0.00713	0.00643
36	0.02785	0.03274	0.02673	0.03037	0.21906	0.44353	0.01894	0.05862	0.02285	0.02392	0.01403	0.01692	0.01161	0.00827	0.00775	0.00226	0.01314	0.00608	0.00442	0.01092
37	0.01975	0.02459	0.16541	0.04529	0.52683	0.01965	0.02658	0.02567	0.01863	0.02697	0.01548	0.01993	0.01261	0.00750	0.00816	0.00250	0.01037	0.00714	0.00399	0.01298
38	0.01749	0.01771	0.01833	0.01703	0.01879	0.15895	0.01339	0.02001	0.01543	0.01967	0.01762	0.02549	0.01633	0.03971	0.38208	0.00869	0.17300	0.00775	0.00423	0.00828
39	0.23664	0.01144	0.01208	0.01241	0.01522	0.01223	0.01001	0.04906	0.01775	0.02996	0.03132	0.18494	0.03259	0.01666	0.00850	0.00304	0.00627	0.19493	0.10677	0.00820
40	0.01901	0.23686	0.36625	0.02586	0.14462	0.02339	0.02487	0.02574	0.01760	0.02446	0.01405	0.01684	0.01104	0.00757	0.00720	0.00235	0.01084	0.00587	0.00363	0.01196
41	0.02203	0.33289	0.03140	0.04460	0.02282	0.07235	0.01475	0.12357	0.02023	0.02533	0.01658	0.07610	0.01562	0.01312	0.04299	0.00293	0.10009	0.00739	0.00482	0.01040
42	0.02134	0.01090	0.01478	0.01380	0.01735	0.01003	0.01150	0.02489	0.02169	0.25181	0.17085	0.06328	0.06984	0.01712	0.00995	0.00308	0.00651	0.24242	0.00890	0.00996
43	0.02226	0.63168	0.08672	0.01525	0.02258	0.06404	0.01548	0.02539	0.01726	0.02007	0.01185	0.01371	0.01065	0.00724	0.00562	0.00186	0.00943	0.00461	0.00359	0.01072
44	0.01489	0.01358	0.02146	0.31662	0.17249	0.01485	0.01808	0.01918	0.01794	0.02351	0.07100	0.09314	0.14468	0.01264	0.00887	0.00275	0.00849	0.01122	0.00525	0.00936
45	0.12527	0.02818	0.01974	0.01783	0.02177	0.38108	0.01360	0.08352	0.02145	0.02522	0.01557	0.02008	0.01342	0.04944	0.12459	0.00444	0.01424	0.00635	0.00484	0.00938
46	0.02286	0.02390	0.03010	0.04134	0.45914	0.16292	0.02228	0.02892	0.07809	0.02636	0.01672	0.02032	0.01376	0.00802	0.00809	0.00243	0.01068	0.00714	0.00455	0.01239
47	0.01105	0.00808	0.01058	0.01225	0.01346	0.00762	0.00920	0.01328	0.01726	0.02245	0.05038	0.43933	0.13278	0.02445	0.01076	0.00343	0.00557	0.19331	0.00769	0.00705
48	0.02963	0.07051	0.02498	0.02220	0.04934	0.58939	0.01642	0.03188	0.02256	0.02054	0.01280	0.01526	0.01080	0.00872	0.00830	0.00220	0.04499	0.00547	0.00421	0.00979
49	0.02155	0.01751	0.02161	0.02378	0.15975	0.01912	0.01545	0.03828	0.42450	0.08560	0.03206	0.03073	0.05103	0.01079	0.00846	0.00272	0.00723	0.00924	0.00763	0.01295
50	0.01012	0.00723	0.00964	0.01157	0.01205	0.00675	0.00771	0.01157	0.01591	0.02121	0.04579	0.70262	0.05495	0.02603	0.01060	0.00337	0.00482	0.02362	0.00771	0.00675
51	0.01208	0.00805	0.00906	0.00906	0.00906	0.00805	0.00503	0.01208	0.01208	0.01611	0.02618	0.05436	0.03020	0.70804	0.04228	0.00805	0.00805	0.01208	0.00503	0.00503
52	0.02566	0.03081	0.02260	0.02041	0.02339	0.44402	0.01576	0.02784	0.01982	0.02012	0.01368	0.01804	0.01209	0.01705	0.10108	0.00397	0.16405	0.00624	0.00416	0.00922
53	0.01975	0.02459	0.16541	0.04529	0.52683	0.01965	0.02658	0.02567	0.01863	0.02697	0.01548	0.01993	0.01261	0.00750	0.00816	0.00250	0.01037	0.00714	0.00399	0.01298
54	0.01085	0.00802	0.01010	0.01157	0.01245	0.00770	0.00783	0.01365	0.05509	0.02191	0.04689	0.58727	0.09450	0.05530	0.01183	0.00351	0.00503	0.02178	0.00764	0.00709
55	0.01187	0.00890	0.01335	0.01335	0.01483	0.01038	0.01038	0.01483	0.01335	0.01928	0.02225	0.03264	0.02077	0.06231	0.67512	0.01335	0.02225	0.00890	0.00445	0.00742
56	0.01024	0.00765	0.00939	0.01057	0.01172	0.00694	0.00723	0.01194	0.01699	0.02205	0.09275	0.47175	0.20994	0.05541	0.01180	0.00339	0.00475	0.02098	0.00768	0.00681
57	0.01943	0.01414	0.01742	0.01711	0.07663	0.01484	0.01193	0.21743	0.02291	0.03040	0.03180	0.03530	0.14811	0.02274	0.08990	0.19581	0.00917	0.00966	0.00616	0.00912
58	0.02538	0.02997	0.02339	0.10509	0.08422	0.42173	0.01750	0.02839	0.02124	0.02161	0.01726	0.02665	0.01576	0.01055	0.00904	0.00253	0.04287	0.08262	0.00460	0.00961
59	0.02236	0.01437	0.01508	0.01260	0.01655	0.01544	0.01007	0.27953	0.02666	0.04010	0.02404	0.02626	0.01823	0.00980	0.00688	0.00217	0.00612	0.00763	0.43561	0.01047
60	0.01187	0.00890	0.01335	0.01335	0.01483	0.01038	0.01038	0.01483	0.01335	0.01928	0.02225	0.03264	0.02077	0.06231	0.67512	0.01335	0.02225	0.00890	0.00445	0.00742
61	0.01312	0.01542	0.12758	0.01625	0.04556	0.01085	0.01473	0.01740	0.01856	0.02433	0.04812	0.11695	0.19583	0.01937	0.01022	0.00326	0.00747	0.27972	0.00679	0.00847
62	0.02887	0.03607	0.02294	0.02085	0.02467	0.58681	0.01578	0.03104	0.02214	0.02024	0.01339	0.01644	0.01143	0.01276	0.05620	0.00303	0.05793	0.00572	0.00425	0.00944
63	0.02994	0.12311	0.02602	0.02051	0.02514	0.59509	0.01582	0.03214	0.02272	0.02023	0.01268	0.01478	0.01070	0.00838	0.00722	0.00210	0.01423	0.00524	0.00419	0.00976
64	0.02035	0.01952	0.03333	0.07897	0.62992	0.01968	0.02539	0.02531	0.01881	0.02688	0.01559	0.02063	0.01307	0.00744	0.00823	0.00248	0.00992	0.00740	0.00409	0.01299
65	0.23880	0.02017	0.02067	0.02133	0.13218	0.07663	0.01444	0.20507	0.05245	0.03685	0.02354	0.02458	0.07984	0.00997	0.00748	0.00253	0.00836	0.00757	0.00625	0.01130
66	0.01187	0.00890	0.01335	0.01335	0.01483	0.01038	0.01038	0.01483	0.01335	0.01928	0.02225	0.03264	0.02077	0.06231	0.67512	0.01335	0.02225	0.00890	0.00445	0.00742
