[name]
unknown

[dist]
# distance from previous block
# <min> <max>
0	0

[block]
# block no. 0 follows, 20 sequences, length 77
# corresponding to MSA columns:
# 0-76
name=unknown_A
#
# <colnr> <probs for GDERKNQSTAVLIFYWHMCP>
#	G	D	E	R	K	N	Q	S	T	A	V	L	I	F	Y	W	H	M	C	P
0	0.01406	0.01004	0.01406	0.01606	0.01807	0.01004	0.01406	0.01807	0.02008	0.02610	0.04618	0.09839	0.05020	0.02410	0.01205	0.00402	0.00803	0.58032	0.00803	0.00803
1	0.02332	0.69869	0.04571	0.01493	0.02239	0.03451	0.01493	0.02612	0.01772	0.02052	0.01213	0.01399	0.01119	0.00746	0.00560	0.00187	0.00933	0.00466	0.00373	0.01119
2	0.09915	0.02899	0.15505	0.01995	0.02767	0.10532	0.01872	0.27814	0.02942	0.12497	0.01988	0.02030	0.01399	0.00964	0.00821	0.00262	0.01052	0.00709	0.00708	0.01330
3	0.02636	0.03227	0.02035	0.01871	0.02271	0.47344	0.01403	0.02869	0.02359	0.02256	0.06255	0.03416	0.16050	0.01250	0.00856	0.00244	0.01250	0.00912	0.00560	0.00938
4	0.01031	0.00884	0.00884	0.00884	0.01178	0.00736	0.00663	0.01252	0.01988	0.02356	0.08837	0.08395	0.63549	0.02209	0.01031	0.00295	0.00442	0.01841	0.00810	0.00736
5	0.02556	0.01909	0.02077	0.01702	0.02225	0.02064	0.01362	0.39145	0.06837	0.04472	0.07409	0.11956	0.09522	0.01457	0.00933	0.00280	0.00789	0.01192	0.00864	0.01247
6	0.02198	0.02166	0.01896	0.01746	0.02184	0.15327	0.01352	0.03756	0.37704	0.03090	0.03855	0.04020	0.10524	0.01341	0.00906	0.00288	0.00851	0.04838	0.00779	0.01179
7	0.75506	0.01687	0.01282	0.01147	0.01687	0.01957	0.00945	0.02564	0.01484	0.03914	0.01215	0.01417	0.00945	0.00810	0.00540	0.00270	0.00675	0.00472	0.00540	0.00945
8	0.02664	0.02120	0.02251	0.01875	0.02457	0.02401	0.01500	0.28966	0.37191	0.04447	0.02922	0.02754	0.02154	0.01125	0.00881	0.00281	0.00807	0.00899	0.00881	0.01425
9	0.01218	0.00847	0.01071	0.01134	0.01185	0.00862	0.00747	0.01334	0.01435	0.01937	0.03305	0.21897	0.03763	0.37362	0.14416	0.00795	0.01022	0.04430	0.00605	0.00634
10	0.01245	0.01061	0.01093	0.01054	0.01380	0.00997	0.00799	0.01878	0.12820	0.02645	0.10634	0.07380	0.49863	0.02004	0.01005	0.00294	0.00485	0.01675	0.00831	0.00856
11	0.01250	0.00919	0.01321	0.01321	0.01449	0.01047	0.00990	0.01506	0.01378	0.01965	0.02410	0.03835	0.02358	0.17791	0.54882	0.01302	0.02069	0.00994	0.00478	0.00734
12	0.01061	0.00768	0.01003	0.01192	0.01259	0.00710	0.00800	0.01217	0.01692	0.02236	0.05084	0.64640	0.09726	0.02697	0.01108	0.00350	0.00502	0.02436	0.00810	0.00710
13	0.01051	0.00884	0.00911	0.00904	0.01190	0.00745	0.00678	0.01290	0.02035	0.02467	0.14118	0.08213	0.58199	0.02168	0.01031	0.00293	0.00439	0.01815	0.00825	0.00745
14	0.01031	0.00884	0.00884	0.00884	0.01178	0.00736	0.00663	0.01252	0.01988	0.02356	0.08837	0.08395	0.63549	0.02209	0.01031	0.00295	0.00442	0.01841	0.00810	0.00736
15	0.01515	0.00758	0.01136	0.01136	0.01136	0.00758	0.00758	0.01136	0.01136	0.01515	0.01515	0.02652	0.01515	0.03030	0.03409	0.74621	0.00758	0.00758	0.00379	0.00379
16	0.01241	0.00834	0.00959	0.00986	0.00993	0.00828	0.00566	0.01261	0.01321	0.01762	0.03020	0.14024	0.03514	0.60562	0.04001	0.00781	0.00801	0.01428	0.00566	0.00552
17	0.01198	0.00883	0.01120	0.01076	0.01284	0.00805	0.00801	0.01569	0.02359	0.03274	0.52840	0.10377	0.15381	0.01895	0.01034	0.00282	0.00421	0.01665	0.00932	0.00805
18	0.03316	0.02443	0.02618	0.02007	0.02705	0.02705	0.01658	0.60995	0.04101	0.05497	0.02094	0.02094	0.01483	0.01047	0.00873	0.00262	0.00960	0.00785	0.00873	0.01483
19	0.01626	0.00813	0.00813	0.00813	0.01016	0.00813	0.00610	0.02033	0.01829	0.03252	0.02846	0.03252	0.02236	0.01016	0.00610	0.00203	0.00407	0.00813	0.74187	0.00813
20	0.01043	0.00882	0.00887	0.00887	0.01167	0.00742	0.00656	0.01253	0.01951	0.02322	0.08525	0.08257	0.60458	0.05646	0.01205	0.00323	0.00463	0.01812	0.00796	0.00726
21	0.01134	0.00829	0.01048	0.01113	0.01249	0.00762	0.00779	0.01381	0.01982	0.02679	0.26739	0.34279	0.14139	0.06208	0.01266	0.00346	0.00483	0.01994	0.00849	0.00744
22	0.01268	0.00846	0.00951	0.00951	0.00951	0.00846	0.00529	0.01268	0.01268	0.01691	0.02748	0.05708	0.03171	0.69345	0.04440	0.00846	0.00846	0.01268	0.00529	0.00529
23	0.01626	0.00813	0.00813	0.00813	0.01016	0.00813	0.00610	0.02033	0.01829	0.03252	0.02846	0.03252	0.02236	0.01016	0.00610	0.00203	0.00407	0.00813	0.74187	0.00813
24	0.01073	0.00809	0.00994	0.01109	0.01245	0.00729	0.00770	0.01273	0.01848	0.02405	0.12495	0.45020	0.22104	0.02481	0.01081	0.00329	0.00478	0.02201	0.00827	0.00729
25	0.01167	0.00821	0.00963	0.01033	0.01089	0.00784	0.00643	0.01248	0.01501	0.01962	0.04257	0.27671	0.12022	0.37669	0.02851	0.00605	0.00676	0.01759	0.00662	0.00618
26	0.01268	0.00846	0.00951	0.00951	0.00951	0.00846	0.00529	0.01268	0.01268	0.01691	0.02748	0.05708	0.03171	0.69345	0.04440	0.00846	0.00846	0.01268	0.00529	0.00529
27	0.13353	0.01511	0.01926	0.01499	0.02156	0.01371	0.01238	0.04029	0.02363	0.56518	0.03148	0.02764	0.01999	0.01044	0.00833	0.00270	0.00733	0.00824	0.01008	0.01413
28	0.01715	0.01619	0.02738	0.59087	0.13641	0.01956	0.02456	0.02288	0.01776	0.02311	0.01562	0.02304	0.01192	0.00860	0.00871	0.00287	0.01146	0.00775	0.00393	0.01023
29	0.02298	0.35706	0.24840	0.01968	0.02847	0.14138	0.02120	0.02820	0.01921	0.02310	0.01358	0.01582	0.01115	0.00802	0.00693	0.00224	0.01170	0.00545	0.00385	0.01158
30	0.75506	0.01687	0.01282	0.01147	0.01687	0.01957	0.00945	0.02564	0.01484	0.03914	0.01215	0.01417	0.00945	0.00810	0.00540	0.00270	0.00675	0.00472	0.00540	0.00945
31	0.02159	0.02073	0.03541	0.05354	0.63903	0.02073	0.02677	0.02677	0.01986	0.02850	0.01641	0.02159	0.01382	0.00777	0.00864	0.00259	0.01036	0.00777	0.00432	0.01382
32	0.01031	0.00884	0.00884	0.00884	0.01178	0.00736	0.00663	0.01252	0.01988	0.02356	0.08837	0.08395	0.63549	0.02209	0.01031	0.00295	0.00442	0.01841	0.00810	0.00736
33	0.03249	0.02108	0.02352	0.01807	0.02480	0.02219	0.01487	0.42639	0.03509	0.17071	0.02367	0.02310	0.01645	0.01025	0.00845	0.00252	0.00867	0.00787	0.04620	0.06361
34	0.01610	0.01478	0.02451	0.47260	0.12792	0.01736	0.02167	0.02106	0.01763	0.02310	0.02146	0.14206	0.02017	0.01193	0.00914	0.00298	0.01028	0.01081	0.00469	0.00977
35	0.01767	0.01518	0.01998	0.06579	0.17309	0.07028	0.01589	0.02000	0.01808	0.02315	0.02901	0.04934	0.06123	0.05002	0.01667	0.16006	0.00924	0.17113	0.00552	0.00869
36	0.02527	0.56015	0.04128	0.01652	0.02335	0.16606	0.01533	0.02796	0.01920	0.02070	0.01241	0.01436	0.01120	0.00778	0.00608	0.00195	0.01068	0.00487	0.00389	0.01097
37	0.01386	0.00990	0.01383	0.01584	0.01776	0.00987	0.01371	0.01773	0.01988	0.02588	0.04630	0.13283	0.05064	0.02429	0.01199	0.00399	0.00786	0.54786	0.00804	0.00798
38	0.01143	0.00880	0.00993	0.00969	0.01180	0.00786	0.00694	0.01390	0.02024	0.02628	0.26456	0.07270	0.33781	0.14088	0.01641	0.00386	0.00504	0.01648	0.00811	0.00729
39	0.02159	0.02073	0.03541	0.05354	0.63903	0.02073	0.02677	0.02677	0.01986	0.02850	0.01641	0.02159	0.01382	0.00777	0.00864	0.00259	0.01036	0.00777	0.00432	0.01382
40	0.01063	0.00759	0.01012	0.01215	0.01265	0.00709	0.00810	0.01215	0.01670	0.02227	0.04808	0.68775	0.05769	0.02733	0.01113	0.00354	0.00506	0.02480	0.00810	0.00709
41	0.01031	0.00884	0.00884	0.00884	0.01178	0.00736	0.00663	0.01252	0.01988	0.02356	0.08837	0.08395	0.63549	0.02209	0.01031	0.00295	0.00442	0.01841	0.00810	0.00736
42	0.01057	0.00885	0.00919	0.00911	0.01194	0.00747	0.00683	0.01302	0.02049	0.02501	0.15767	0.08156	0.56528	0.02155	0.01031	0.00292	0.00438	0.01808	0.00829	0.00747
43	0.02170	0.01874	0.01972	0.01775	0.02268	0.02170	0.01381	0.04635	0.62327	0.03649	0.03550	0.03254	0.02663	0.01183	0.00888	0.00296	0.00690	0.00986	0.00888	0.01381
44	0.01063	0.00759	0.01012	0.01215	0.01265	0.00709	0.00810	0.01215	0.01670	0.02227	0.04808	0.68775	0.05769	0.02733	0.01113	0.00354	0.00506	0.02480	0.00810	0.00709
45	0.01235	0.00892	0.01166	0.01097	0.01303	0.00823	0.00823	0.01646	0.02469	0.03498	0.63443	0.06516	0.08230	0.01783	0.01029	0.00274	0.00412	0.01578	0.00960	0.00823
46	0.03214	0.02393	0.02560	0.01986	0.02666	0.02657	0.01633	0.55975	0.09288	0.05333	0.02224	0.02198	0.01588	0.01059	0.00874	0.00265	0.00936	0.00803	0.00874	0.01474
47	0.01057	0.00781	0.00989	0.01155	0.01250	0.00713	0.00783	0.01221	0.01727	0.02250	0.05529	0.57960	0.16118	0.02639	0.01099	0.00344	0.00495	0.02365	0.00810	0.00713
48	0.03914	0.01484	0.02024	0.01552	0.02227	0.01282	0.01282	0.04251	0.02497	0.64507	0.03441	0.02969	0.02159	0.01080	0.00877	0.00270	0.00742	0.00877	0.01080	0.01484
49	0.01235	0.00892	0.01166	0.01097	0.01303	0.00823	0.00823	0.01646	0.02469	0.03498	0.63443	0.06516	0.08230	0.01783	0.01029	0.00274	0.00412	0.01578	0.00960	0.00823
50	0.01268	0.00846	0.00951	0.00951	0.00951	0.00846	0.00529	0.01268	0.01268	0.01691	0.02748	0.05708	0.03171	0.69345	0.04440	0.00846	0.00846	0.01268	0.00529	0.00529
51	0.01626	0.00813	0.00813	0.00813	0.01016	0.00813	0.00610	0.02033	0.01829	0.03252	0.02846	0.03252	0.02236	0.01016	0.00610	0.00203	0.00407	0.00813	0.74187	0.00813
52	0.01063	0.00759	0.01012	0.01215	0.01265	0.00709	0.00810	0.01215	0.01670	0.02227	0.04808	0.68775	0.05769	0.02733	0.01113	0.00354	0.00506	0.02480	0.00810	0.00709
53	0.01515	0.00758	0.01136	0.01136	0.01136	0.00758	0.00758	0.01136	0.01136	0.01515	0.01515	0.02652	0.01515	0.03030	0.03409	0.74621	0.00758	0.00758	0.00379	0.00379
54	0.01031	0.00884	0.00884	0.00884	0.01178	0.00736	0.00663	0.01252	0.01988	0.02356	0.08837	0.08395	0.63549	0.02209	0.01031	0.00295	0.00442	0.01841	0.00810	0.00736
55	0.01268	0.00846	0.00951	0.00951	0.00951	0.00846	0.00529	0.01268	0.01268	0.01691	0.02748	0.05708	0.03171	0.69345	0.04440	0.00846	0.00846	0.01268	0.00529	0.00529
56	0.01515	0.00758	0.01136	0.01136	0.01136	0.00758	0.00758	0.01136	0.01136	0.01515	0.01515	0.02652	0.01515	0.03030	0.03409	0.74621	0.00758	0.00758	0.00379	0.00379
57	0.01068	0.00778	0.00994	0.01162	0.01240	0.00718	0.00779	0.01222	0.01690	0.02218	0.05203	0.58488	0.12686	0.05766	0.01258	0.00370	0.00514	0.02346	0.00797	0.00704
58	0.01626	0.00813	0.00813	0.00813	0.01016	0.00813	0.00610	0.02033	0.01829	0.03252	0.02846	0.03252	0.02236	0.01016	0.00610	0.00203	0.00407	0.00813	0.74187	0.00813
59	0.01235	0.00892	0.01166	0.01097	0.01303	0.00823	0.00823	0.01646	0.02469	0.03498	0.63443	0.06516	0.08230	0.01783	0.01029	0.00274	0.00412	0.01578	0.00960	0.00823
60	0.01246	0.00935	0.01402	0.01402	0.01558	0.01090	0.01090	0.01558	0.01402	0.02025	0.02336	0.03427	0.02181	0.06542	0.65888	0.01402	0.02336	0.00935	0.00467	0.00779
61	0.01043	0.00837	0.00932	0.01007	0.01211	0.00726	0.00718	0.01238	0.01869	0.02308	0.07333	0.30933	0.41982	0.02405	0.01062	0.00317	0.00466	0.02079	0.00810	0.00726
62	0.03316	0.02443	0.02618	0.02007	0.02705	0.02705	0.01658	0.60995	0.04101	0.05497	0.02094	0.02094	0.01483	0.01047	0.00873	0.00262	0.00960	0.00785	0.00873	0.01483
63	0.02059	0.02353	0.05147	0.03676	0.04559	0.02206	0.60735	0.02794	0.02059	0.02794	0.01765	0.02353	0.01324	0.00735	0.01029	0.00294	0.01471	0.01029	0.00441	0.01176
64	0.01063	0.00759	0.01012	0.01215	0.01265	0.00709	0.00810	0.01215	0.01670	0.02227	0.04808	0.68775	0.05769	0.02733	0.01113	0.00354	0.00506	0.02480	0.00810	0.00709
65	0.03258	0.04157	0.02472	0.02247	0.02697	0.65843	0.01685	0.03483	0.02472	0.02135	0.01348	0.01573	0.01124	0.00899	0.00787	0.00225	0.01573	0.00562	0.00449	0.01011
66	0.01809	0.01550	0.01809	0.01292	0.02067	0.01163	0.01034	0.02196	0.01809	0.02842	0.01550	0.01809	0.01292	0.00646	0.00646	0.00129	0.00646	0.00517	0.00517	0.74677
67	0.01327	0.00979	0.01296	0.01454	0.01675	0.00948	0.01249	0.01690	0.02004	0.02557	0.05508	0.09535	0.17360	0.02367	0.01168	0.00379	0.00727	0.46185	0.00805	0.00789
68	0.01141	0.00888	0.01037	0.00999	0.01246	0.00783	0.00750	0.01465	0.02249	0.02975	0.38408	0.07377	0.33592	0.01979	0.01030	0.00284	0.00425	0.01698	0.00891	0.00783
69	0.01265	0.00884	0.01083	0.01169	0.01237	0.00870	0.00770	0.04045	0.01644	0.02190	0.03869	0.38083	0.04519	0.28613	0.02404	0.00544	0.00675	0.04755	0.00703	0.00679
70	0.01809	0.01550	0.01809	0.01292	0.02067	0.01163	0.01034	0.02196	0.01809	0.02842	0.01550	0.01809	0.01292	0.00646	0.00646	0.00129	0.00646	0.00517	0.00517	0.74677
71	0.01726	0.01850	0.03713	0.02740	0.03412	0.01711	0.40168	0.02303	0.02080	0.02751	0.09321	0.04246	0.17444	0.01200	0.01030	0.00292	0.01115	0.01283	0.00582	0.01034
72	0.01647	0.01550	0.02616	0.67248	0.06008	0.01938	0.02422	0.02229	0.01744	0.02229	0.01550	0.02326	0.01163	0.00872	0.00872	0.00291	0.01163	0.00775	0.00388	0.00969
73	0.01852	0.01759	0.02986	0.42488	0.29168	0.01992	0.02524	0.02408	0.01841	0.02477	0.01587	0.02259	0.01250	0.00834	0.00869	0.00278	0.01112	0.00776	0.00405	0.01134
74	0.02035	0.01562	0.01725	0.01470	0.01901	0.01649	0.01161	0.21433	0.13028	0.03971	0.23539	0.04860	0.14998	0.01518	0.00954	0.00278	0.00643	0.01266	0.00892	0.01117
75	0.01155	0.00880	0.01061	0.01034	0.01259	0.00786	0.00768	0.01485	0.02254	0.03030	0.41211	0.11323	0.26602	0.01990	0.01035	0.00286	0.00428	0.01726	0.00900	0.00786
76	0.02410	0.02570	0.03222	0.04391	0.44843	0.17663	0.02384	0.02835	0.02061	0.02625	0.01536	0.01999	0.01303	0.00857	0.00979	0.00259	0.05644	0.00724	0.00433	0.01263

[dist]
# distance from previous block
# <min> <max>
0	1

# created by:
# /home/cegg/simao/soft/augustus-3.2.1/scripts/msa2prfl.pl ./align_prep/15309.fa
