[name]
unknown

[dist]
# distance from previous block
# <min> <max>
0	1

[block]
# block no. 0 follows, 20 sequences, length 34
# corresponding to MSA columns:
# 1-34
name=unknown_A
#
# <colnr> <probs for GDERKNQSTAVLIFYWHMCP>
#	G	D	E	R	K	N	Q	S	T	A	V	L	I	F	Y	W	H	M	C	P
0	0.01406	0.01004	0.01406	0.01606	0.01807	0.01004	0.01406	0.01807	0.02008	0.02610	0.04618	0.09839	0.05020	0.02410	0.01205	0.00402	0.00803	0.58032	0.00803	0.00803
1	0.18541	0.45057	0.03534	0.01530	0.02186	0.12465	0.01401	0.02732	0.01814	0.02473	0.01233	0.01429	0.01082	0.00783	0.00589	0.00211	0.00972	0.00482	0.00421	0.01065
2	0.01105	0.00802	0.00974	0.01092	0.01176	0.00745	0.00717	0.01234	0.01636	0.02127	0.05074	0.42999	0.15841	0.18080	0.01869	0.00457	0.00573	0.02081	0.00745	0.00672
3	0.08053	0.07430	0.02176	0.01586	0.02204	0.01776	0.01307	0.04113	0.20170	0.37031	0.03135	0.02816	0.02139	0.01064	0.00831	0.00271	0.00738	0.00848	0.00926	0.01386
4	0.01105	0.00887	0.00987	0.00962	0.01224	0.00768	0.00721	0.01396	0.02164	0.02774	0.28808	0.07708	0.43318	0.02053	0.01030	0.00287	0.00431	0.01745	0.00865	0.00768
5	0.01248	0.00852	0.01025	0.01041	0.01069	0.00872	0.00637	0.01308	0.01321	0.01786	0.02854	0.10498	0.03232	0.54374	0.13509	0.00890	0.01045	0.01316	0.00542	0.00581
6	0.01927	0.09306	0.40501	0.03300	0.22482	0.02162	0.02905	0.02723	0.01881	0.02729	0.01559	0.01903	0.01193	0.00806	0.00817	0.00263	0.01180	0.00671	0.00389	0.01304
7	0.03216	0.07328	0.02586	0.02194	0.02674	0.58577	0.01674	0.07218	0.02544	0.02352	0.01391	0.01599	0.01147	0.00901	0.00781	0.00225	0.01501	0.00572	0.00473	0.01048
8	0.02283	0.64311	0.09695	0.01577	0.02369	0.03330	0.01640	0.02625	0.01778	0.02113	0.01243	0.01437	0.01118	0.00753	0.00583	0.00194	0.00963	0.00482	0.00373	0.01134
9	0.02159	0.02073	0.03541	0.05354	0.63903	0.02073	0.02677	0.02677	0.01986	0.02850	0.01641	0.02159	0.01382	0.00777	0.00864	0.00259	0.01036	0.00777	0.00432	0.01382
10	0.03127	0.03647	0.02350	0.02094	0.02555	0.52001	0.01590	0.10930	0.02632	0.02672	0.01574	0.01784	0.01266	0.00928	0.00783	0.00228	0.01393	0.00613	0.06776	0.01057
11	0.01061	0.00767	0.01004	0.01192	0.01259	0.00710	0.00800	0.01217	0.01691	0.02235	0.05077	0.64733	0.09638	0.02698	0.01108	0.00350	0.00502	0.02437	0.00810	0.00710
12	0.03316	0.02443	0.02618	0.02007	0.02705	0.02705	0.01658	0.60995	0.04101	0.05497	0.02094	0.02094	0.01483	0.01047	0.00873	0.00262	0.00960	0.00785	0.00873	0.01483
13	0.01125	0.00785	0.00994	0.01135	0.01171	0.00750	0.00725	0.01231	0.01549	0.02066	0.04188	0.49789	0.04987	0.22786	0.02115	0.00502	0.00608	0.02115	0.00725	0.00654
14	0.03266	0.03929	0.02491	0.02215	0.02698	0.57428	0.01682	0.11148	0.02689	0.02583	0.01448	0.01643	0.01172	0.00919	0.00798	0.00230	0.01491	0.00592	0.00506	0.01074
15	0.69627	0.01749	0.01391	0.01217	0.01770	0.02018	0.01003	0.07323	0.01698	0.04043	0.01286	0.01472	0.00989	0.00829	0.00567	0.00269	0.00698	0.00498	0.00567	0.00989
16	0.01105	0.00887	0.00986	0.00961	0.01223	0.00768	0.00721	0.01395	0.02162	0.02770	0.28608	0.07714	0.43520	0.02055	0.01030	0.00287	0.00431	0.01746	0.00864	0.00768
17	0.03055	0.18588	0.02933	0.02081	0.02596	0.52141	0.01643	0.03292	0.02318	0.02117	0.01319	0.01535	0.01123	0.00865	0.00737	0.00216	0.01432	0.00541	0.00433	0.01035
18	0.02159	0.02073	0.03541	0.05354	0.63903	0.02073	0.02677	0.02677	0.01986	0.02850	0.01641	0.02159	0.01382	0.00777	0.00864	0.00259	0.01036	0.00777	0.00432	0.01382
19	0.01107	0.00879	0.01005	0.01068	0.01298	0.00778	0.00813	0.01355	0.01964	0.02445	0.10983	0.19647	0.40402	0.02309	0.01072	0.00321	0.00507	0.10483	0.00819	0.00747
20	0.01223	0.00883	0.01156	0.01105	0.01301	0.00816	0.00822	0.01618	0.02417	0.03416	0.59651	0.10543	0.08071	0.01845	0.01034	0.00280	0.00418	0.01636	0.00950	0.00816
21	0.19151	0.37694	0.18898	0.01661	0.02496	0.02748	0.01799	0.02639	0.01723	0.02662	0.01301	0.01514	0.01075	0.00782	0.00622	0.00228	0.00962	0.00512	0.00411	0.01121
22	0.02436	0.65377	0.04404	0.01496	0.02238	0.03309	0.01479	0.02720	0.01820	0.06155	0.01359	0.01502	0.01188	0.00768	0.00581	0.00192	0.00920	0.00493	0.00420	0.01143
23	0.01218	0.00891	0.01143	0.01080	0.01293	0.00816	0.00810	0.01614	0.02430	0.03405	0.58996	0.06669	0.12736	0.01818	0.01029	0.00276	0.00414	0.01599	0.00948	0.00816
24	0.01246	0.00935	0.01402	0.01402	0.01558	0.01090	0.01090	0.01558	0.01402	0.02025	0.02336	0.03427	0.02181	0.06542	0.65888	0.01402	0.02336	0.00935	0.00467	0.00779
25	0.02762	0.03216	0.02954	0.03650	0.30329	0.37053	0.02133	0.03119	0.02253	0.02458	0.01480	0.01838	0.01240	0.00844	0.00821	0.00240	0.01331	0.00659	0.00441	0.01178
26	0.02332	0.69869	0.04571	0.01493	0.02239	0.03451	0.01493	0.02612	0.01772	0.02052	0.01213	0.01399	0.01119	0.00746	0.00560	0.00187	0.00933	0.00466	0.00373	0.01119
27	0.03258	0.04157	0.02472	0.02247	0.02697	0.65843	0.01685	0.03483	0.02472	0.02135	0.01348	0.01573	0.01124	0.00899	0.00787	0.00225	0.01573	0.00562	0.00449	0.01011
28	0.01063	0.00759	0.01012	0.01215	0.01265	0.00709	0.00810	0.01215	0.01670	0.02227	0.04808	0.68775	0.05769	0.02733	0.01113	0.00354	0.00506	0.02480	0.00810	0.00709
29	0.03044	0.19392	0.02959	0.02072	0.02590	0.51378	0.01641	0.03281	0.02310	0.02116	0.01317	0.01533	0.01123	0.00863	0.00734	0.00216	0.01425	0.00540	0.00432	0.01036
30	0.01263	0.00866	0.01056	0.01056	0.01092	0.00902	0.00659	0.01336	0.01299	0.01769	0.02653	0.05179	0.02942	0.54784	0.18686	0.00975	0.01191	0.01191	0.00514	0.00587
31	0.01063	0.00759	0.01012	0.01215	0.01265	0.00709	0.00810	0.01215	0.01670	0.02227	0.04808	0.68775	0.05769	0.02733	0.01113	0.00354	0.00506	0.02480	0.00810	0.00709
32	0.01187	0.00900	0.01291	0.01401	0.01542	0.00850	0.03785	0.01429	0.01788	0.02351	0.04884	0.47989	0.09180	0.02529	0.01125	0.00358	0.00617	0.15249	0.00791	0.00755
33	0.02040	0.01951	0.03326	0.19704	0.50480	0.02041	0.02618	0.02573	0.01930	0.02706	0.01620	0.02198	0.01331	0.00799	0.00866	0.00266	0.01066	0.00777	0.00422	0.01286

[dist]
# distance from previous block
# <min> <max>
0	1

[block]
# block no. 1 follows, 20 sequences, length 66
# corresponding to MSA columns:
# 36-101
name=unknown_B
#
# <colnr> <probs for GDERKNQSTAVLIFYWHMCP>
#	G	D	E	R	K	N	Q	S	T	A	V	L	I	F	Y	W	H	M	C	P
0	0.03261	0.04069	0.02479	0.02235	0.02697	0.62587	0.01684	0.06449	0.02556	0.02308	0.01387	0.01600	0.01142	0.00907	0.00791	0.00227	0.01541	0.00573	0.00471	0.01036
1	0.02188	0.02339	0.07134	0.04936	0.54101	0.05449	0.05655	0.02731	0.02007	0.02804	0.01627	0.02119	0.01349	0.00784	0.00866	0.00260	0.01102	0.00771	0.00430	0.01346
2	0.03228	0.06993	0.02618	0.02143	0.02676	0.45191	0.01668	0.19387	0.02888	0.03063	0.01548	0.01709	0.01223	0.00932	0.00799	0.00233	0.01371	0.00619	0.00563	0.01148
3	0.01750	0.04512	0.64825	0.02486	0.03775	0.02026	0.03223	0.02762	0.01842	0.02762	0.01565	0.01842	0.01105	0.00829	0.00829	0.00276	0.01289	0.00645	0.00368	0.01289
4	0.01063	0.00759	0.01012	0.01215	0.01265	0.00709	0.00810	0.01215	0.01670	0.02227	0.04808	0.68775	0.05769	0.02733	0.01113	0.00354	0.00506	0.02480	0.00810	0.00709
5	0.01750	0.04512	0.64825	0.02486	0.03775	0.02026	0.03223	0.02762	0.01842	0.02762	0.01565	0.01842	0.01105	0.00829	0.00829	0.00276	0.01289	0.00645	0.00368	0.01289
6	0.01830	0.01736	0.02946	0.45191	0.26640	0.01986	0.02513	0.02388	0.01830	0.02450	0.01583	0.02266	0.01241	0.00838	0.00869	0.00279	0.01118	0.00776	0.00403	0.01116
7	0.02273	0.01990	0.03009	0.25022	0.29773	0.02183	0.02344	0.16791	0.02423	0.03292	0.01722	0.02198	0.01334	0.00875	0.00869	0.00270	0.01059	0.00779	0.00525	0.01270
8	0.01626	0.03637	0.49314	0.02221	0.03233	0.01797	0.02701	0.02468	0.01734	0.02582	0.01754	0.02229	0.01368	0.02226	0.16740	0.00552	0.01545	0.00715	0.00393	0.01164
9	0.01644	0.01416	0.01470	0.01363	0.01765	0.01508	0.01049	0.03073	0.34459	0.03052	0.05992	0.05629	0.30784	0.01657	0.00954	0.00295	0.00576	0.01381	0.00852	0.01083
10	0.02332	0.69869	0.04571	0.01493	0.02239	0.03451	0.01493	0.02612	0.01772	0.02052	0.01213	0.01399	0.01119	0.00746	0.00560	0.00187	0.00933	0.00466	0.00373	0.01119
11	0.02020	0.02093	0.03968	0.03472	0.17346	0.01921	0.33028	0.02621	0.01981	0.02818	0.01684	0.02176	0.01329	0.00723	0.00898	0.00246	0.01171	0.00847	0.00458	0.19199
12	0.01258	0.00841	0.00954	0.00965	0.00967	0.00839	0.00543	0.01266	0.01289	0.01719	0.02854	0.08930	0.03304	0.65942	0.04270	0.00821	0.00828	0.01330	0.00543	0.00538
13	0.03316	0.02443	0.02618	0.02007	0.02705	0.02705	0.01658	0.60995	0.04101	0.05497	0.02094	0.02094	0.01483	0.01047	0.00873	0.00262	0.00960	0.00785	0.00873	0.01483
14	0.01761	0.01271	0.01532	0.01383	0.01613	0.01394	0.01021	0.15987	0.02013	0.02750	0.02430	0.03948	0.02378	0.28518	0.27170	0.00917	0.01446	0.01022	0.00589	0.00858
15	0.02418	0.02898	0.17077	0.03697	0.31456	0.08151	0.02489	0.15312	0.02454	0.03333	0.01694	0.02019	0.01317	0.00858	0.00850	0.00260	0.01127	0.00729	0.00514	0.01348
16	0.01031	0.00884	0.00884	0.00884	0.01178	0.00736	0.00663	0.01252	0.01988	0.02356	0.08837	0.08395	0.63549	0.02209	0.01031	0.00295	0.00442	0.01841	0.00810	0.00736
17	0.01901	0.21474	0.49188	0.02228	0.03377	0.02396	0.02774	0.02723	0.01824	0.02578	0.01474	0.01727	0.01109	0.00807	0.00759	0.00253	0.01197	0.00598	0.00370	0.01245
18	0.02943	0.08799	0.02209	0.01666	0.02164	0.21473	0.01324	0.03244	0.02373	0.25215	0.13245	0.06234	0.02986	0.01196	0.00857	0.00253	0.00949	0.00942	0.00781	0.01147
19	0.01109	0.00779	0.00998	0.01155	0.01194	0.00739	0.00746	0.01227	0.01579	0.02106	0.04343	0.54539	0.05183	0.17770	0.01864	0.00465	0.00583	0.02206	0.00746	0.00668
20	0.01076	0.00805	0.01005	0.01158	0.01277	0.00733	0.00810	0.01260	0.01768	0.02282	0.05781	0.50415	0.19855	0.02585	0.01099	0.00343	0.00508	0.05711	0.00809	0.00721
21	0.02456	0.02523	0.01932	0.01693	0.02141	0.26230	0.01307	0.16740	0.02716	0.03098	0.07120	0.04137	0.21547	0.01400	0.00898	0.00259	0.01001	0.01078	0.00695	0.01029
22	0.02731	0.02006	0.02201	0.01801	0.02331	0.02187	0.01438	0.45480	0.03470	0.04649	0.02798	0.19400	0.02596	0.01485	0.00935	0.00286	0.00842	0.01225	0.00856	0.01282
23	0.01103	0.00798	0.01043	0.01169	0.01270	0.00738	0.00805	0.01322	0.01881	0.02543	0.19289	0.50432	0.09424	0.02474	0.01088	0.00332	0.00480	0.02226	0.00846	0.00738
24	0.02081	0.41675	0.30563	0.01921	0.02902	0.02836	0.02239	0.02677	0.01802	0.02359	0.01365	0.01590	0.01113	0.00782	0.00676	0.00225	0.01087	0.00543	0.00371	0.01193
25	0.19127	0.03748	0.46871	0.02149	0.03233	0.02043	0.02612	0.05570	0.01869	0.03167	0.01509	0.01754	0.01086	0.00835	0.00763	0.00274	0.01129	0.00611	0.00433	0.01218
26	0.01750	0.04512	0.64825	0.02486	0.03775	0.02026	0.03223	0.02762	0.01842	0.02762	0.01565	0.01842	0.01105	0.00829	0.00829	0.00276	0.01289	0.00645	0.00368	0.01289
27	0.13892	0.03189	0.35697	0.02016	0.02979	0.01888	0.02284	0.03226	0.08673	0.14880	0.02091	0.02148	0.01456	0.00913	0.00799	0.00276	0.01020	0.00700	0.00590	0.01282
28	0.02241	0.02410	0.02951	0.02689	0.09702	0.17516	0.16914	0.03140	0.15741	0.02816	0.05926	0.09262	0.02430	0.01143	0.00928	0.00279	0.01113	0.01055	0.00610	0.01138
29	0.01580	0.01474	0.02374	0.47922	0.11045	0.01718	0.02106	0.02085	0.01817	0.02318	0.02980	0.03491	0.13345	0.01123	0.00902	0.00288	0.01009	0.00983	0.00474	0.00966
30	0.01245	0.01005	0.01511	0.21763	0.02741	0.01091	0.01312	0.01530	0.01693	0.02227	0.03794	0.48098	0.04336	0.02154	0.01038	0.00334	0.00710	0.01949	0.00678	0.00790
31	0.01500	0.01321	0.02022	0.01814	0.01966	0.01646	0.04979	0.01800	0.01422	0.02095	0.01934	0.02893	0.01809	0.04641	0.42498	0.01020	0.22455	0.00888	0.00439	0.00857
32	0.14111	0.02988	0.26943	0.03040	0.21181	0.02101	0.02442	0.08386	0.05167	0.03285	0.01684	0.01964	0.01278	0.00850	0.00799	0.00270	0.01051	0.00687	0.00490	0.01284
33	0.01750	0.04512	0.64825	0.02486	0.03775	0.02026	0.03223	0.02762	0.01842	0.02762	0.01565	0.01842	0.01105	0.00829	0.00829	0.00276	0.01289	0.00645	0.00368	0.01289
34	0.01962	0.01856	0.03145	0.24248	0.42841	0.01976	0.02533	0.02494	0.01913	0.02646	0.01767	0.02607	0.01502	0.00891	0.00884	0.00276	0.01063	0.03734	0.00437	0.01225
35	0.02348	0.63337	0.07530	0.01580	0.02339	0.06428	0.01590	0.02662	0.01810	0.02092	0.01237	0.01430	0.01119	0.00758	0.00584	0.00193	0.00982	0.00480	0.00377	0.01123
36	0.02013	0.02942	0.25381	0.04332	0.42475	0.02056	0.02872	0.02707	0.01935	0.02819	0.01614	0.02046	0.01283	0.00796	0.00851	0.00265	0.01126	0.00730	0.00409	0.01349
37	0.01301	0.00970	0.01260	0.01405	0.01632	0.00929	0.01198	0.01652	0.02002	0.02539	0.05797	0.09436	0.21369	0.02354	0.01156	0.00372	0.00702	0.42336	0.00805	0.00785
38	0.02159	0.02073	0.03541	0.05354	0.63903	0.02073	0.02677	0.02677	0.01986	0.02850	0.01641	0.02159	0.01382	0.00777	0.00864	0.00259	0.01036	0.00777	0.00432	0.01382
39	0.02056	0.17424	0.30785	0.02710	0.06807	0.06083	0.16810	0.02776	0.01925	0.02591	0.01532	0.01876	0.01177	0.00790	0.00821	0.00258	0.01262	0.00704	0.00395	0.01215
40	0.02876	0.02601	0.02216	0.01900	0.02434	0.21401	0.01487	0.16788	0.21686	0.09785	0.02827	0.02730	0.05142	0.01111	0.00860	0.00264	0.01010	0.00847	0.00767	0.01268
41	0.01268	0.00846	0.00951	0.00951	0.00951	0.00846	0.00529	0.01268	0.01268	0.01691	0.02748	0.05708	0.03171	0.69345	0.04440	0.00846	0.00846	0.01268	0.00529	0.00529
42	0.02059	0.02353	0.05147	0.03676	0.04559	0.02206	0.60735	0.02794	0.02059	0.02794	0.01765	0.02353	0.01324	0.00735	0.01029	0.00294	0.01471	0.01029	0.00441	0.01176
43	0.02843	0.03192	0.02288	0.02054	0.02533	0.38138	0.01567	0.06884	0.25547	0.02889	0.02232	0.02246	0.01733	0.01016	0.00830	0.00254	0.01202	0.00736	0.00639	0.01177
44	0.01031	0.00884	0.00884	0.00884	0.01178	0.00736	0.00663	0.01252	0.01988	0.02356	0.08837	0.08395	0.63549	0.02209	0.01031	0.00295	0.00442	0.01841	0.00810	0.00736
45	0.03914	0.01484	0.02024	0.01552	0.02227	0.01282	0.01282	0.04251	0.02497	0.64507	0.03441	0.02969	0.02159	0.01080	0.00877	0.00270	0.00742	0.00877	0.01080	0.01484
46	0.01192	0.00911	0.01296	0.01394	0.01549	0.00857	0.03868	0.01441	0.01807	0.02363	0.05063	0.44364	0.11829	0.02498	0.01122	0.00356	0.00619	0.15924	0.00790	0.00758
47	0.02065	0.02325	0.04962	0.03566	0.04425	0.02204	0.57280	0.02901	0.05567	0.02844	0.01869	0.02405	0.01401	0.00761	0.01021	0.00294	0.01425	0.01027	0.00467	0.01188
48	0.01063	0.00759	0.01012	0.01215	0.01265	0.00709	0.00810	0.01215	0.01670	0.02227	0.04808	0.68775	0.05769	0.02733	0.01113	0.00354	0.00506	0.02480	0.00810	0.00709
49	0.02159	0.02073	0.03541	0.05354	0.63903	0.02073	0.02677	0.02677	0.01986	0.02850	0.01641	0.02159	0.01382	0.00777	0.00864	0.00259	0.01036	0.00777	0.00432	0.01382
50	0.03262	0.04053	0.02481	0.02233	0.02697	0.61993	0.01684	0.06990	0.02571	0.02340	0.01394	0.01605	0.01146	0.00908	0.00792	0.00227	0.01536	0.00575	0.00475	0.01040
51	0.01235	0.00892	0.01166	0.01097	0.01303	0.00823	0.00823	0.01646	0.02469	0.03498	0.63443	0.06516	0.08230	0.01783	0.01029	0.00274	0.00412	0.01578	0.00960	0.00823
52	0.02159	0.02073	0.03541	0.05354	0.63903	0.02073	0.02677	0.02677	0.01986	0.02850	0.01641	0.02159	0.01382	0.00777	0.00864	0.00259	0.01036	0.00777	0.00432	0.01382
53	0.02043	0.01955	0.03332	0.19326	0.50834	0.02042	0.02620	0.02576	0.01932	0.02710	0.01620	0.02197	0.01332	0.00799	0.00865	0.00266	0.01065	0.00777	0.00422	0.01289
54	0.03316	0.02443	0.02618	0.02007	0.02705	0.02705	0.01658	0.60995	0.04101	0.05497	0.02094	0.02094	0.01483	0.01047	0.00873	0.00262	0.00960	0.00785	0.00873	0.01483
55	0.01084	0.00886	0.00957	0.00939	0.01211	0.00759	0.00704	0.01354	0.02113	0.02653	0.23008	0.07907	0.49193	0.02099	0.01030	0.00289	0.00434	0.01773	0.00849	0.00759
56	0.01898	0.01820	0.03034	0.04248	0.46311	0.01779	0.05580	0.02362	0.01991	0.02735	0.03272	0.03578	0.15412	0.01098	0.00911	0.00269	0.00927	0.01032	0.00518	0.01224
57	0.02159	0.02073	0.03541	0.05354	0.63903	0.02073	0.02677	0.02677	0.01986	0.02850	0.01641	0.02159	0.01382	0.00777	0.00864	0.00259	0.01036	0.00777	0.00432	0.01382
58	0.02907	0.01709	0.01994	0.01681	0.02251	0.01794	0.01339	0.04473	0.37020	0.29391	0.03504	0.03134	0.02450	0.01140	0.00883	0.00285	0.00712	0.00940	0.00969	0.01425
59	0.01828	0.13272	0.56749	0.02353	0.03569	0.02217	0.02991	0.02742	0.01832	0.02667	0.01518	0.01782	0.01107	0.00818	0.00793	0.00264	0.01241	0.00621	0.00369	0.01266
60	0.02232	0.09306	0.17689	0.03472	0.22350	0.02318	0.15222	0.11330	0.02261	0.03132	0.01676	0.02047	0.01296	0.00817	0.00864	0.00264	0.01167	0.00773	0.00479	0.01306
61	0.01246	0.00935	0.01402	0.01402	0.01558	0.01090	0.01090	0.01558	0.01402	0.02025	0.02336	0.03427	0.02181	0.06542	0.65888	0.01402	0.02336	0.00935	0.00467	0.00779
62	0.01110	0.00853	0.01019	0.01076	0.01269	0.00763	0.00787	0.01364	0.02005	0.02603	0.20413	0.26812	0.29207	0.02281	0.01065	0.00314	0.00474	0.04988	0.00845	0.00752
63	0.28052	0.03380	0.38728	0.02078	0.03076	0.02012	0.05738	0.02694	0.01727	0.03175	0.01452	0.01720	0.01060	0.00817	0.00737	0.00275	0.01081	0.00605	0.00434	0.01160
64	0.11175	0.02574	0.02922	0.07572	0.36175	0.19726	0.02181	0.02861	0.02047	0.02742	0.01504	0.01918	0.01245	0.00820	0.00804	0.00253	0.01149	0.00681	0.00447	0.01203
65	0.02545	0.02832	0.03253	0.04150	0.38658	0.24806	0.05682	0.02971	0.02163	0.02592	0.01544	0.01961	0.01286	0.00818	0.00846	0.00249	0.01253	0.00715	0.00439	0.01238

[dist]
# distance from previous block
# <min> <max>
0	1

[block]
# block no. 2 follows, 20 sequences, length 23
# corresponding to MSA columns:
# 103-125
name=unknown_C
#
# <colnr> <probs for GDERKNQSTAVLIFYWHMCP>
#	G	D	E	R	K	N	Q	S	T	A	V	L	I	F	Y	W	H	M	C	P
0	0.01434	0.02224	0.24530	0.01698	0.02285	0.01282	0.01793	0.02040	0.02091	0.02969	0.25976	0.11226	0.04881	0.01621	0.00991	0.00303	0.00804	0.10170	0.00704	0.00980
1	0.03041	0.03488	0.02712	0.02852	0.15270	0.43858	0.01885	0.11412	0.02601	0.02755	0.01513	0.01767	0.01227	0.00895	0.00814	0.00237	0.01376	0.00638	0.00505	0.01154
2	0.60263	0.02041	0.07459	0.01372	0.02001	0.02049	0.01242	0.09261	0.01817	0.03985	0.01348	0.01535	0.01021	0.00839	0.00605	0.00270	0.00766	0.00524	0.00562	0.01039
3	0.08637	0.03500	0.45725	0.02074	0.03070	0.01772	0.02514	0.02514	0.01937	0.03023	0.14242	0.02761	0.02553	0.01023	0.00842	0.00275	0.01051	0.00820	0.00506	0.01161
4	0.01263	0.00950	0.01212	0.01348	0.01570	0.00899	0.01128	0.01590	0.01981	0.02504	0.05997	0.13031	0.24032	0.02365	0.01143	0.00364	0.00668	0.36375	0.00806	0.00776
5	0.01398	0.00925	0.01067	0.01049	0.01312	0.00807	0.00768	0.01619	0.01974	0.09481	0.11309	0.19862	0.36565	0.06323	0.01242	0.00337	0.00512	0.01806	0.00835	0.00810
6	0.02455	0.02736	0.22248	0.03118	0.22472	0.01968	0.02376	0.07781	0.08162	0.14779	0.02182	0.02316	0.01577	0.00912	0.00858	0.00270	0.01020	0.00776	0.00614	0.01380
7	0.26083	0.18106	0.02563	0.01727	0.02272	0.31485	0.01406	0.02995	0.02000	0.02683	0.01275	0.01484	0.01066	0.00836	0.00657	0.00231	0.01143	0.00512	0.00461	0.01014
8	0.03185	0.02378	0.02544	0.01980	0.02655	0.02644	0.01626	0.54553	0.10756	0.05286	0.02261	0.02227	0.01618	0.01063	0.00874	0.00266	0.00929	0.00808	0.00874	0.01472
9	0.01854	0.01699	0.02703	0.02213	0.02532	0.01993	0.13659	0.08772	0.01825	0.02603	0.01823	0.02585	0.01605	0.03171	0.25653	0.00729	0.22221	0.00884	0.00482	0.00995
10	0.02152	0.02093	0.03658	0.05232	0.59568	0.02082	0.06918	0.02686	0.01991	0.02846	0.01650	0.02173	0.01377	0.00774	0.00876	0.00262	0.01068	0.00796	0.00432	0.01367
11	0.01942	0.01321	0.01477	0.01326	0.01711	0.01340	0.01010	0.02946	0.22864	0.13063	0.09533	0.05276	0.21336	0.09309	0.01345	0.00352	0.00621	0.01302	0.00860	0.01065
12	0.01177	0.00807	0.00978	0.01068	0.01091	0.00785	0.00654	0.01245	0.01447	0.01929	0.03664	0.33758	0.04327	0.39719	0.02960	0.00627	0.00695	0.01807	0.00654	0.00609
13	0.01750	0.04512	0.64825	0.02486	0.03775	0.02026	0.03223	0.02762	0.01842	0.02762	0.01565	0.01842	0.01105	0.00829	0.00829	0.00276	0.01289	0.00645	0.00368	0.01289
14	0.06524	0.18649	0.02706	0.01666	0.02281	0.12165	0.01405	0.13107	0.02540	0.21415	0.07322	0.02446	0.02085	0.01011	0.00782	0.00242	0.00925	0.00752	0.00738	0.01239
15	0.01080	0.00876	0.00898	0.00898	0.01132	0.00759	0.00635	0.01255	0.01840	0.02220	0.07586	0.07843	0.51147	0.15999	0.01731	0.00408	0.00525	0.01723	0.00752	0.00694
16	0.02151	0.02094	0.03661	0.05228	0.59439	0.02083	0.07044	0.02686	0.01992	0.02846	0.01650	0.02173	0.01377	0.00774	0.00876	0.00262	0.01069	0.00796	0.00432	0.01366
17	0.02100	0.02013	0.03435	0.12428	0.57286	0.02057	0.02648	0.02626	0.01959	0.02779	0.01630	0.02178	0.01357	0.00788	0.00865	0.00263	0.01051	0.00777	0.00427	0.01335
18	0.02212	0.44890	0.03854	0.20472	0.03361	0.02957	0.01773	0.07093	0.01947	0.02374	0.01379	0.01721	0.01161	0.00806	0.00674	0.00222	0.01001	0.00580	0.00417	0.01105
19	0.01031	0.00884	0.00884	0.00884	0.01178	0.00736	0.00663	0.01252	0.01988	0.02356	0.08837	0.08395	0.63549	0.02209	0.01031	0.00295	0.00442	0.01841	0.00810	0.00736
20	0.02585	0.42556	0.06863	0.01763	0.02414	0.15965	0.01635	0.02889	0.01944	0.07021	0.01429	0.01619	0.01203	0.00867	0.00818	0.00220	0.06094	0.00550	0.00445	0.01122
21	0.02876	0.23477	0.07643	0.02043	0.02641	0.42862	0.01741	0.03175	0.02220	0.02156	0.01324	0.01542	0.01121	0.00849	0.00723	0.00217	0.01364	0.00540	0.00421	0.01063
22	0.01063	0.00759	0.01012	0.01215	0.01265	0.00709	0.00810	0.01215	0.01670	0.02227	0.04808	0.68775	0.05769	0.02733	0.01113	0.00354	0.00506	0.02480	0.00810	0.00709

[dist]
# distance from previous block
# <min> <max>
0	0

# created by:
# /home/cegg/simao/soft/augustus-3.2.1/scripts/msa2prfl.pl ./align_prep/15314.fa
