[name]
unknown

[dist]
# distance from previous block
# <min> <max>
0	0

[block]
# block no. 0 follows, 19 sequences, length 67
# corresponding to MSA columns:
# 0-66
name=unknown_A
#
# <colnr> <probs for GDERKNQSTAVLIFYWHMCP>
#	G	D	E	R	K	N	Q	S	T	A	V	L	I	F	Y	W	H	M	C	P
0	0.01442	0.01030	0.01442	0.01648	0.01854	0.01030	0.01442	0.01854	0.02060	0.02677	0.04737	0.10092	0.05149	0.02471	0.01236	0.00412	0.00824	0.56956	0.00824	0.00824
1	0.58877	0.01754	0.01474	0.01308	0.01860	0.02012	0.01063	0.03082	0.11992	0.06783	0.01771	0.01857	0.01335	0.00910	0.00632	0.00281	0.00698	0.00596	0.00642	0.01073
2	0.02214	0.02126	0.03631	0.05491	0.62978	0.02126	0.02746	0.02746	0.02037	0.02923	0.01683	0.02214	0.01417	0.00797	0.00886	0.00266	0.01063	0.00797	0.00443	0.01417
3	0.01278	0.00959	0.01438	0.01438	0.01598	0.01118	0.01118	0.01598	0.01438	0.02077	0.02396	0.03515	0.02237	0.06710	0.65013	0.01438	0.02396	0.00959	0.00479	0.00799
4	0.03342	0.04264	0.02535	0.02305	0.02766	0.64967	0.01729	0.03572	0.02535	0.02190	0.01383	0.01613	0.01152	0.00922	0.00807	0.00230	0.01613	0.00576	0.00461	0.01037
5	0.01090	0.00779	0.01038	0.01246	0.01298	0.00727	0.00830	0.01246	0.01713	0.02284	0.04931	0.67975	0.05917	0.02803	0.01142	0.00363	0.00519	0.02543	0.00830	0.00727
6	0.01057	0.00906	0.00906	0.00906	0.01208	0.00755	0.00680	0.01284	0.02039	0.02417	0.09063	0.08610	0.62615	0.02266	0.01057	0.00302	0.00453	0.01888	0.00831	0.00755
7	0.01301	0.00867	0.00976	0.00976	0.00976	0.00867	0.00542	0.01301	0.01301	0.01735	0.02819	0.05855	0.03253	0.68559	0.04554	0.00867	0.00867	0.01301	0.00542	0.00542
8	0.02214	0.02126	0.03631	0.05491	0.62978	0.02126	0.02746	0.02746	0.02037	0.02923	0.01683	0.02214	0.01417	0.00797	0.00886	0.00266	0.01063	0.00797	0.00443	0.01417
9	0.02214	0.02126	0.03631	0.05491	0.62978	0.02126	0.02746	0.02746	0.02037	0.02923	0.01683	0.02214	0.01417	0.00797	0.00886	0.00266	0.01063	0.00797	0.00443	0.01417
10	0.03342	0.04264	0.02535	0.02305	0.02766	0.64967	0.01729	0.03572	0.02535	0.02190	0.01383	0.01613	0.01152	0.00922	0.00807	0.00230	0.01613	0.00576	0.00461	0.01037
11	0.01554	0.00777	0.01166	0.01166	0.01166	0.00777	0.00777	0.01166	0.01166	0.01554	0.01554	0.02720	0.01554	0.03108	0.03497	0.73970	0.00777	0.00777	0.00389	0.00389
12	0.01301	0.00867	0.00976	0.00976	0.00976	0.00867	0.00542	0.01301	0.01301	0.01735	0.02819	0.05855	0.03253	0.68559	0.04554	0.00867	0.00867	0.01301	0.00542	0.00542
13	0.03798	0.01628	0.02112	0.01645	0.02321	0.01502	0.01351	0.08126	0.08433	0.53849	0.03448	0.03014	0.02219	0.01116	0.00900	0.00279	0.00771	0.00904	0.01074	0.01512
14	0.02181	0.02092	0.03571	0.09359	0.59370	0.02117	0.02729	0.02716	0.02021	0.02882	0.01677	0.02225	0.01403	0.00803	0.00886	0.00268	0.01071	0.00797	0.00440	0.01390
15	0.03401	0.02506	0.02685	0.02058	0.02774	0.02774	0.01700	0.59995	0.04206	0.05638	0.02148	0.02148	0.01521	0.01074	0.00895	0.00268	0.00984	0.00805	0.00895	0.01521
16	0.01069	0.00907	0.00922	0.00918	0.01215	0.00760	0.00689	0.01306	0.02066	0.02482	0.12018	0.08503	0.59619	0.02242	0.01057	0.00301	0.00451	0.01873	0.00839	0.00760
17	0.01301	0.00867	0.00976	0.00976	0.00976	0.00867	0.00542	0.01301	0.01301	0.01735	0.02819	0.05855	0.03253	0.68559	0.04554	0.00867	0.00867	0.01301	0.00542	0.00542
18	0.74878	0.01730	0.01315	0.01177	0.01730	0.02007	0.00969	0.02630	0.01523	0.04014	0.01246	0.01453	0.00969	0.00830	0.00554	0.00277	0.00692	0.00484	0.00554	0.00969
19	0.02225	0.01922	0.02023	0.01821	0.02326	0.02225	0.01416	0.04754	0.61361	0.03742	0.03641	0.03338	0.02731	0.01214	0.00910	0.00303	0.00708	0.01011	0.00910	0.01416
20	0.01252	0.00914	0.01176	0.01111	0.01328	0.00838	0.00833	0.01661	0.02499	0.03509	0.58925	0.06812	0.12071	0.01858	0.01055	0.00283	0.00424	0.01636	0.00975	0.00838
21	0.74878	0.01730	0.01315	0.01177	0.01730	0.02007	0.00969	0.02630	0.01523	0.04014	0.01246	0.01453	0.00969	0.00830	0.00554	0.00277	0.00692	0.00484	0.00554	0.00969
22	0.01195	0.00889	0.00971	0.00963	0.01114	0.00818	0.00634	0.01338	0.01751	0.02231	0.12186	0.07108	0.28830	0.33116	0.02687	0.00563	0.00643	0.01584	0.00714	0.00666
23	0.01282	0.00882	0.00997	0.01009	0.01056	0.00865	0.00613	0.01333	0.01431	0.01870	0.03642	0.06426	0.10071	0.57008	0.03955	0.00776	0.00818	0.04792	0.00592	0.00583
24	0.01266	0.00914	0.01196	0.01126	0.01337	0.00844	0.00844	0.01688	0.02532	0.03588	0.62506	0.06683	0.08441	0.01829	0.01055	0.00281	0.00422	0.01618	0.00985	0.00844
25	0.01213	0.00956	0.01104	0.01114	0.01349	0.00885	0.00816	0.01654	0.06545	0.02831	0.23465	0.20792	0.29650	0.02178	0.01064	0.00310	0.00478	0.01888	0.00882	0.00824
26	0.01113	0.00811	0.01049	0.01196	0.01295	0.00747	0.00818	0.01316	0.01867	0.02492	0.13979	0.53158	0.11644	0.02606	0.01121	0.00345	0.00498	0.02342	0.00854	0.00747
27	0.02392	0.69097	0.04688	0.01531	0.02296	0.03540	0.01531	0.02679	0.01818	0.02105	0.01244	0.01435	0.01148	0.00765	0.00574	0.00191	0.00957	0.00478	0.00383	0.01148
28	0.02112	0.02413	0.05279	0.03771	0.04676	0.02262	0.59729	0.02866	0.02112	0.02866	0.01810	0.02413	0.01357	0.00754	0.01056	0.00302	0.01508	0.01056	0.00452	0.01207
29	0.01090	0.00779	0.01038	0.01246	0.01298	0.00727	0.00830	0.01246	0.01713	0.02284	0.04931	0.67975	0.05917	0.02803	0.01142	0.00363	0.00519	0.02543	0.00830	0.00727
30	0.04014	0.01523	0.02076	0.01592	0.02284	0.01315	0.01315	0.04360	0.02561	0.63597	0.03530	0.03045	0.02215	0.01107	0.00900	0.00277	0.00761	0.00900	0.01107	0.01523
31	0.01723	0.01624	0.02744	0.62540	0.09769	0.01996	0.02501	0.02315	0.01805	0.02326	0.01596	0.02374	0.01207	0.00888	0.00894	0.00296	0.01184	0.00795	0.00400	0.01021
32	0.01278	0.00959	0.01438	0.01438	0.01598	0.01118	0.01118	0.01598	0.01438	0.02077	0.02396	0.03515	0.02237	0.06710	0.65013	0.01438	0.02396	0.00959	0.00479	0.00799
33	0.02090	0.02562	0.09208	0.03689	0.04622	0.02250	0.55948	0.02864	0.02097	0.02864	0.01796	0.02378	0.01342	0.00761	0.01042	0.00300	0.01496	0.01029	0.00447	0.01214
34	0.01278	0.00959	0.01438	0.01438	0.01598	0.01118	0.01118	0.01598	0.01438	0.02077	0.02396	0.03515	0.02237	0.06710	0.65013	0.01438	0.02396	0.00959	0.00479	0.00799
35	0.03016	0.26482	0.03273	0.02040	0.02605	0.43916	0.01661	0.03266	0.02289	0.02161	0.01335	0.01552	0.01151	0.00868	0.00727	0.00217	0.01388	0.00543	0.00434	0.01075
36	0.01057	0.00906	0.00906	0.00906	0.01208	0.00755	0.00680	0.01284	0.02039	0.02417	0.09063	0.08610	0.62615	0.02266	0.01057	0.00302	0.00453	0.01888	0.00831	0.00755
37	0.01855	0.01590	0.01855	0.01325	0.02120	0.01193	0.01060	0.02253	0.01855	0.02915	0.01590	0.01855	0.01325	0.00663	0.00663	0.00133	0.00663	0.00530	0.00530	0.74028
38	0.01794	0.04628	0.63923	0.02550	0.03872	0.02078	0.03305	0.02833	0.01889	0.02833	0.01606	0.01889	0.01133	0.00850	0.00850	0.00283	0.01322	0.00661	0.00378	0.01322
39	0.01200	0.00931	0.01141	0.01162	0.01369	0.00914	0.00881	0.01445	0.01752	0.02245	0.05661	0.06772	0.29541	0.12461	0.21964	0.00751	0.01167	0.07216	0.00680	0.00748
40	0.01690	0.01590	0.02683	0.66408	0.06162	0.01988	0.02485	0.02286	0.01789	0.02286	0.01590	0.02385	0.01193	0.00894	0.00894	0.00298	0.01193	0.00795	0.00398	0.00994
41	0.02991	0.28181	0.03329	0.02019	0.02593	0.42306	0.01656	0.03243	0.02271	0.02158	0.01332	0.01548	0.01151	0.00864	0.00721	0.00216	0.01371	0.00540	0.00432	0.01078
42	0.01855	0.01590	0.01855	0.01325	0.02120	0.01193	0.01060	0.02253	0.01855	0.02915	0.01590	0.01855	0.01325	0.00663	0.00663	0.00133	0.00663	0.00530	0.00530	0.74028
43	0.03342	0.04264	0.02535	0.02305	0.02766	0.64967	0.01729	0.03572	0.02535	0.02190	0.01383	0.01613	0.01152	0.00922	0.00807	0.00230	0.01613	0.00576	0.00461	0.01037
44	0.01090	0.00779	0.01038	0.01246	0.01298	0.00727	0.00830	0.01246	0.01713	0.02284	0.04931	0.67975	0.05917	0.02803	0.01142	0.00363	0.00519	0.02543	0.00830	0.00727
45	0.02402	0.02010	0.02123	0.01856	0.02394	0.02308	0.01459	0.13062	0.52766	0.04028	0.03417	0.03159	0.02549	0.01193	0.00908	0.00298	0.00750	0.00980	0.00908	0.01432
46	0.01520	0.01191	0.01888	0.01894	0.02182	0.01173	0.08217	0.01971	0.02066	0.02699	0.04397	0.09199	0.04708	0.02272	0.01215	0.00399	0.00903	0.50458	0.00781	0.00868
47	0.01554	0.00777	0.01166	0.01166	0.01166	0.00777	0.00777	0.01166	0.01166	0.01554	0.01554	0.02720	0.01554	0.03108	0.03497	0.73970	0.00777	0.00777	0.00389	0.00389
48	0.02495	0.01975	0.02197	0.01646	0.02394	0.01883	0.01336	0.25535	0.06053	0.04052	0.01926	0.02054	0.01481	0.00858	0.00769	0.00196	0.00794	0.00667	0.00697	0.40992
49	0.01554	0.00777	0.01166	0.01166	0.01166	0.00777	0.00777	0.01166	0.01166	0.01554	0.01554	0.02720	0.01554	0.03108	0.03497	0.73970	0.00777	0.00777	0.00389	0.00389
50	0.01554	0.00777	0.01166	0.01166	0.01166	0.00777	0.00777	0.01166	0.01166	0.01554	0.01554	0.02720	0.01554	0.03108	0.03497	0.73970	0.00777	0.00777	0.00389	0.00389
51	0.01090	0.00779	0.01038	0.01246	0.01298	0.00727	0.00830	0.01246	0.01713	0.02284	0.04931	0.67975	0.05917	0.02803	0.01142	0.00363	0.00519	0.02543	0.00830	0.00727
52	0.01831	0.08595	0.60278	0.02487	0.03775	0.02168	0.03196	0.02824	0.01884	0.02788	0.01583	0.01861	0.01134	0.00845	0.00833	0.00278	0.01300	0.00650	0.00378	0.01311
53	0.02214	0.02126	0.03631	0.05491	0.62978	0.02126	0.02746	0.02746	0.02037	0.02923	0.01683	0.02214	0.01417	0.00797	0.00886	0.00266	0.01063	0.00797	0.00443	0.01417
54	0.01266	0.00914	0.01196	0.01126	0.01337	0.00844	0.00844	0.01688	0.02532	0.03588	0.62506	0.06683	0.08441	0.01829	0.01055	0.00281	0.00422	0.01618	0.00985	0.00844
55	0.03540	0.03457	0.02400	0.02095	0.02624	0.46241	0.01607	0.03804	0.02543	0.20255	0.02014	0.02035	0.01465	0.00976	0.00834	0.00244	0.01363	0.00671	0.00651	0.01180
56	0.02279	0.01355	0.06140	0.01478	0.01873	0.01056	0.01204	0.02574	0.02055	0.26146	0.04138	0.37811	0.04121	0.01998	0.01026	0.00324	0.00673	0.01764	0.00904	0.01080
57	0.02214	0.02126	0.03631	0.05491	0.62978	0.02126	0.02746	0.02746	0.02037	0.02923	0.01683	0.02214	0.01417	0.00797	0.00886	0.00266	0.01063	0.00797	0.00443	0.01417
58	0.01817	0.01659	0.02683	0.61600	0.05909	0.02046	0.02426	0.06598	0.01970	0.02536	0.01632	0.02367	0.01217	0.00908	0.00894	0.00296	0.01177	0.00796	0.00435	0.01033
59	0.06616	0.00861	0.01085	0.01253	0.01349	0.00848	0.00860	0.01372	0.01681	0.02400	0.04491	0.58810	0.05308	0.02910	0.05253	0.00427	0.00654	0.02286	0.00787	0.00749
60	0.48009	0.02309	0.15689	0.01523	0.02225	0.01883	0.01516	0.02686	0.01688	0.07491	0.01752	0.06627	0.01457	0.01000	0.00688	0.00285	0.00828	0.00706	0.00570	0.01068
61	0.01944	0.08081	0.02066	0.01849	0.05914	0.11035	0.01405	0.06509	0.02329	0.02935	0.16364	0.05623	0.07116	0.01995	0.05284	0.00378	0.00980	0.16494	0.00721	0.00977
62	0.10575	0.32670	0.18227	0.01779	0.02559	0.05787	0.01873	0.02622	0.01825	0.02544	0.01653	0.02276	0.01465	0.01357	0.05509	0.00333	0.01148	0.04239	0.00441	0.01117
63	0.07177	0.02737	0.03862	0.03753	0.21281	0.17549	0.24839	0.02988	0.02155	0.02792	0.01631	0.02096	0.01300	0.00813	0.00912	0.00272	0.01349	0.00825	0.00458	0.01212
64	0.19368	0.02521	0.15678	0.02005	0.06551	0.07899	0.01778	0.03241	0.02134	0.21926	0.06653	0.02500	0.01998	0.01002	0.00811	0.00273	0.00948	0.00767	0.00702	0.01246
65	0.12482	0.28594	0.02796	0.01475	0.02030	0.11939	0.01274	0.02621	0.05837	0.02628	0.05905	0.03252	0.13662	0.01174	0.00747	0.00243	0.00879	0.00861	0.00570	0.01031
66	0.02109	0.06446	0.01956	0.01673	0.01975	0.19737	0.01265	0.07851	0.02107	0.02485	0.02657	0.18646	0.02760	0.07767	0.15874	0.00588	0.01365	0.01215	0.00599	0.00924

[dist]
# distance from previous block
# <min> <max>
0	16

# created by:
# /home/cegg/simao/soft/augustus-3.2.1/scripts/msa2prfl.pl ./align_prep/15317.fa
