[name]
unknown

[dist]
# distance from previous block
# <min> <max>
0	1

[block]
# block no. 0 follows, 20 sequences, length 59
# corresponding to MSA columns:
# 1-59
name=unknown_A
#
# <colnr> <probs for GDERKNQSTAVLIFYWHMCP>
#	G	D	E	R	K	N	Q	S	T	A	V	L	I	F	Y	W	H	M	C	P
0	0.01406	0.01004	0.01406	0.01606	0.01807	0.01004	0.01406	0.01807	0.02008	0.02610	0.04618	0.09839	0.05020	0.02410	0.01205	0.00402	0.00803	0.58032	0.00803	0.00803
1	0.02577	0.52475	0.04015	0.01692	0.02360	0.19967	0.01544	0.02843	0.01958	0.02074	0.01249	0.01445	0.01121	0.00787	0.00620	0.00197	0.01102	0.00492	0.00393	0.01091
2	0.02159	0.02073	0.03541	0.05354	0.63903	0.02073	0.02677	0.02677	0.01986	0.02850	0.01641	0.02159	0.01382	0.00777	0.00864	0.00259	0.01036	0.00777	0.00432	0.01382
3	0.01063	0.00759	0.01012	0.01215	0.01265	0.00709	0.00810	0.01215	0.01670	0.02227	0.04808	0.68775	0.05769	0.02733	0.01113	0.00354	0.00506	0.02480	0.00810	0.00709
4	0.02036	0.01947	0.03319	0.20177	0.50038	0.02040	0.02616	0.02570	0.01928	0.02701	0.01619	0.02199	0.01329	0.00800	0.00866	0.00267	0.01067	0.00777	0.00421	0.01283
5	0.03129	0.03912	0.02598	0.02613	0.09908	0.58329	0.01802	0.03388	0.02415	0.02219	0.01383	0.01642	0.01154	0.00885	0.00796	0.00229	0.01510	0.00587	0.00447	0.01055
6	0.01110	0.00812	0.00965	0.01066	0.01161	0.00751	0.00700	0.01238	0.01640	0.02116	0.05227	0.37620	0.18919	0.20240	0.01974	0.00470	0.00581	0.02006	0.00735	0.00668
7	0.01061	0.00767	0.01004	0.01194	0.01260	0.00710	0.00801	0.01217	0.01690	0.02235	0.05060	0.64994	0.09387	0.02700	0.01108	0.00351	0.00502	0.02440	0.00810	0.00710
8	0.01268	0.00846	0.00951	0.00951	0.00951	0.00846	0.00529	0.01268	0.01268	0.01691	0.02748	0.05708	0.03171	0.69345	0.04440	0.00846	0.00846	0.01268	0.00529	0.00529
9	0.01181	0.00890	0.01091	0.01041	0.01270	0.00800	0.00781	0.01542	0.02342	0.03196	0.48988	0.07013	0.22874	0.01896	0.01029	0.00280	0.00420	0.01647	0.00920	0.00800
10	0.02050	0.01961	0.03343	0.18585	0.51527	0.02044	0.02623	0.02581	0.01934	0.02717	0.01621	0.02195	0.01335	0.00797	0.00865	0.00266	0.01063	0.00777	0.00422	0.01293
11	0.03258	0.04157	0.02472	0.02247	0.02697	0.65843	0.01685	0.03483	0.02472	0.02135	0.01348	0.01573	0.01124	0.00899	0.00787	0.00225	0.01573	0.00562	0.00449	0.01011
12	0.75506	0.01687	0.01282	0.01147	0.01687	0.01957	0.00945	0.02564	0.01484	0.03914	0.01215	0.01417	0.00945	0.00810	0.00540	0.00270	0.00675	0.00472	0.00540	0.00945
13	0.02704	0.03106	0.03011	0.03814	0.33557	0.33690	0.02185	0.03077	0.02227	0.02495	0.01496	0.01868	0.01254	0.00838	0.00825	0.00242	0.01302	0.00670	0.00441	0.01198
14	0.01268	0.00846	0.00951	0.00951	0.00951	0.00846	0.00529	0.01268	0.01268	0.01691	0.02748	0.05708	0.03171	0.69345	0.04440	0.00846	0.00846	0.01268	0.00529	0.00529
15	0.03316	0.02443	0.02618	0.02007	0.02705	0.02705	0.01658	0.60995	0.04101	0.05497	0.02094	0.02094	0.01483	0.01047	0.00873	0.00262	0.00960	0.00785	0.00873	0.01483
16	0.02779	0.29339	0.03239	0.01872	0.02468	0.31919	0.01563	0.06291	0.05272	0.02396	0.01457	0.01630	0.01227	0.00850	0.00702	0.00211	0.01203	0.00556	0.00468	0.04558
17	0.07573	0.01749	0.02142	0.01651	0.02325	0.01695	0.01364	0.19181	0.02867	0.45656	0.02966	0.02655	0.01916	0.01057	0.00858	0.00268	0.00796	0.00831	0.00996	0.01455
18	0.02059	0.02353	0.05147	0.03676	0.04559	0.02206	0.60735	0.02794	0.02059	0.02794	0.01765	0.02353	0.01324	0.00735	0.01029	0.00294	0.01471	0.01029	0.00441	0.01176
19	0.01042	0.00884	0.00899	0.00895	0.01185	0.00741	0.00671	0.01273	0.02014	0.02417	0.11714	0.08296	0.60634	0.02187	0.01031	0.00293	0.00440	0.01827	0.00818	0.00741
20	0.02132	0.02045	0.03491	0.08653	0.60818	0.02065	0.02663	0.02653	0.01973	0.02817	0.01636	0.02168	0.01370	0.00782	0.00864	0.00261	0.01043	0.00777	0.00429	0.01360
21	0.01182	0.00823	0.00990	0.01052	0.01106	0.00791	0.00661	0.01288	0.01567	0.02094	0.09991	0.27300	0.07874	0.36192	0.02777	0.00591	0.00664	0.01742	0.00683	0.00631
22	0.01063	0.00759	0.01012	0.01215	0.01265	0.00709	0.00810	0.01215	0.01670	0.02227	0.04808	0.68775	0.05769	0.02733	0.01113	0.00354	0.00506	0.02480	0.00810	0.00709
23	0.03914	0.01484	0.02024	0.01552	0.02227	0.01282	0.01282	0.04251	0.02497	0.64507	0.03441	0.02969	0.02159	0.01080	0.00877	0.00270	0.00742	0.00877	0.01080	0.01484
24	0.01268	0.00846	0.00951	0.00951	0.00951	0.00846	0.00529	0.01268	0.01268	0.01691	0.02748	0.05708	0.03171	0.69345	0.04440	0.00846	0.00846	0.01268	0.00529	0.00529
25	0.02170	0.01874	0.01972	0.01775	0.02268	0.02170	0.01381	0.04635	0.62327	0.03649	0.03550	0.03254	0.02663	0.01183	0.00888	0.00296	0.00690	0.00986	0.00888	0.01381
26	0.03316	0.02443	0.02618	0.02007	0.02705	0.02705	0.01658	0.60995	0.04101	0.05497	0.02094	0.02094	0.01483	0.01047	0.00873	0.00262	0.00960	0.00785	0.00873	0.01483
27	0.01125	0.00799	0.00980	0.01097	0.01156	0.00755	0.00705	0.01236	0.01575	0.02070	0.04565	0.42547	0.10848	0.23864	0.02163	0.00504	0.00608	0.02029	0.00720	0.00654
28	0.03316	0.02443	0.02618	0.02007	0.02705	0.02705	0.01658	0.60995	0.04101	0.05497	0.02094	0.02094	0.01483	0.01047	0.00873	0.00262	0.00960	0.00785	0.00873	0.01483
29	0.01406	0.01004	0.01406	0.01606	0.01807	0.01004	0.01406	0.01807	0.02008	0.02610	0.04618	0.09839	0.05020	0.02410	0.01205	0.00402	0.00803	0.58032	0.00803	0.00803
30	0.01063	0.00759	0.01012	0.01215	0.01265	0.00709	0.00810	0.01215	0.01670	0.02227	0.04808	0.68775	0.05769	0.02733	0.01113	0.00354	0.00506	0.02480	0.00810	0.00709
31	0.01203	0.00890	0.01122	0.01064	0.01284	0.00810	0.00798	0.01585	0.02395	0.03322	0.55014	0.06806	0.16769	0.01849	0.01029	0.00277	0.00416	0.01618	0.00937	0.00810
32	0.01063	0.00759	0.01012	0.01215	0.01265	0.00709	0.00810	0.01215	0.01670	0.02227	0.04808	0.68775	0.05769	0.02733	0.01113	0.00354	0.00506	0.02480	0.00810	0.00709
33	0.01406	0.01004	0.01406	0.01606	0.01807	0.01004	0.01406	0.01807	0.02008	0.02610	0.04618	0.09839	0.05020	0.02410	0.01205	0.00402	0.00803	0.58032	0.00803	0.00803
34	0.01205	0.00890	0.01125	0.01066	0.01285	0.00810	0.00800	0.01589	0.02400	0.03333	0.55537	0.06788	0.16240	0.01845	0.01029	0.00277	0.00416	0.01616	0.00938	0.00810
35	0.02170	0.01874	0.01972	0.01775	0.02268	0.02170	0.01381	0.04635	0.62327	0.03649	0.03550	0.03254	0.02663	0.01183	0.00888	0.00296	0.00690	0.00986	0.00888	0.01381
36	0.75506	0.01687	0.01282	0.01147	0.01687	0.01957	0.00945	0.02564	0.01484	0.03914	0.01215	0.01417	0.00945	0.00810	0.00540	0.00270	0.00675	0.00472	0.00540	0.00945
37	0.02332	0.69869	0.04571	0.01493	0.02239	0.03451	0.01493	0.02612	0.01772	0.02052	0.01213	0.01399	0.01119	0.00746	0.00560	0.00187	0.00933	0.00466	0.00373	0.01119
38	0.75506	0.01687	0.01282	0.01147	0.01687	0.01957	0.00945	0.02564	0.01484	0.03914	0.01215	0.01417	0.00945	0.00810	0.00540	0.00270	0.00675	0.00472	0.00540	0.00945
39	0.01042	0.00841	0.00928	0.00998	0.01208	0.00727	0.00714	0.01239	0.01878	0.02311	0.07441	0.29306	0.43538	0.02390	0.01059	0.00315	0.00464	0.02062	0.00810	0.00727
40	0.01985	0.02870	0.19439	0.03391	0.04371	0.02163	0.46962	0.02787	0.02007	0.02787	0.01717	0.02230	0.01271	0.00758	0.00981	0.00290	0.01427	0.00937	0.00424	0.01203
41	0.02170	0.01874	0.01972	0.01775	0.02268	0.02170	0.01381	0.04635	0.62327	0.03649	0.03550	0.03254	0.02663	0.01183	0.00888	0.00296	0.00690	0.00986	0.00888	0.01381
42	0.01809	0.01550	0.01809	0.01292	0.02067	0.01163	0.01034	0.02196	0.01809	0.02842	0.01550	0.01809	0.01292	0.00646	0.00646	0.00129	0.00646	0.00517	0.00517	0.74677
43	0.01236	0.00883	0.01211	0.01412	0.01538	0.00857	0.01110	0.01513	0.01840	0.02420	0.04712	0.39060	0.05392	0.02570	0.01159	0.00378	0.00656	0.30489	0.00806	0.00756
44	0.67001	0.01776	0.01439	0.01248	0.01807	0.02045	0.01029	0.09448	0.01793	0.04100	0.01318	0.01497	0.01008	0.00838	0.00579	0.00269	0.00708	0.00509	0.00579	0.01008
45	0.01246	0.00935	0.01402	0.01402	0.01558	0.01090	0.01090	0.01558	0.01402	0.02025	0.02336	0.03427	0.02181	0.06542	0.65888	0.01402	0.02336	0.00935	0.00467	0.00779
46	0.01103	0.00886	0.00984	0.00960	0.01223	0.00767	0.00720	0.01392	0.02159	0.02763	0.28284	0.07726	0.43849	0.02057	0.01030	0.00287	0.00431	0.01747	0.00864	0.00767
47	0.01965	0.01912	0.03367	0.27484	0.37179	0.02037	0.08327	0.02527	0.01906	0.02621	0.01620	0.02238	0.01297	0.00807	0.00883	0.00274	0.01125	0.00801	0.00417	0.01213
48	0.03191	0.03953	0.02490	0.02237	0.02676	0.59332	0.01696	0.06341	0.02496	0.02304	0.01376	0.01617	0.01143	0.00939	0.00899	0.00235	0.04993	0.00584	0.00467	0.01032
49	0.01243	0.00881	0.01115	0.01062	0.01219	0.00828	0.00753	0.01556	0.02182	0.03065	0.48907	0.06322	0.07019	0.17964	0.01846	0.00411	0.00515	0.01503	0.00857	0.00753
50	0.02159	0.02073	0.03541	0.05354	0.63903	0.02073	0.02677	0.02677	0.01986	0.02850	0.01641	0.02159	0.01382	0.00777	0.00864	0.00259	0.01036	0.00777	0.00432	0.01382
51	0.01980	0.01909	0.03305	0.26359	0.41231	0.02033	0.05473	0.02530	0.01907	0.02635	0.01616	0.02225	0.01304	0.00807	0.00875	0.00272	0.01101	0.00789	0.00417	0.01231
52	0.01919	0.23538	0.47285	0.02197	0.03328	0.02441	0.02719	0.02719	0.01821	0.02556	0.01463	0.01713	0.01109	0.00805	0.00750	0.00250	0.01185	0.00593	0.00370	0.01240
53	0.01159	0.00860	0.01102	0.01259	0.01409	0.00804	0.00956	0.01401	0.01842	0.02371	0.05641	0.37714	0.18305	0.02520	0.01123	0.00355	0.00581	0.19046	0.00808	0.00743
54	0.02031	0.02208	0.07093	0.13883	0.33914	0.02091	0.20526	0.02651	0.01965	0.02736	0.01662	0.02227	0.01317	0.00781	0.00914	0.00275	0.01202	0.00848	0.00425	0.01252
55	0.02305	0.02585	0.06467	0.07648	0.38159	0.15789	0.05512	0.02795	0.02075	0.02642	0.01720	0.02410	0.01474	0.00889	0.00871	0.00263	0.01184	0.03528	0.00448	0.01235
56	0.02111	0.04427	0.49892	0.02429	0.03517	0.17309	0.02855	0.02935	0.01993	0.02612	0.01513	0.01777	0.01109	0.00846	0.00819	0.00264	0.01357	0.00625	0.00388	0.01223
57	0.02437	0.06291	0.27042	0.03117	0.22372	0.01931	0.02489	0.03091	0.02044	0.17828	0.02029	0.02195	0.01451	0.00870	0.00838	0.00265	0.01058	0.00734	0.00562	0.01358
58	0.01847	0.03856	0.47030	0.02928	0.07132	0.02072	0.17234	0.02766	0.01902	0.02775	0.01618	0.01983	0.01173	0.00803	0.00880	0.00280	0.01320	0.00745	0.00389	0.01267

[dist]
# distance from previous block
# <min> <max>
1	2

[block]
# block no. 1 follows, 20 sequences, length 33
# corresponding to MSA columns:
# 62-94
name=unknown_B
#
# <colnr> <probs for GDERKNQSTAVLIFYWHMCP>
#	G	D	E	R	K	N	Q	S	T	A	V	L	I	F	Y	W	H	M	C	P
0	0.02202	0.02948	0.17239	0.03525	0.28567	0.15699	0.02422	0.02757	0.02060	0.02644	0.01952	0.02969	0.01740	0.01030	0.00884	0.00274	0.01180	0.08233	0.00470	0.01204
1	0.01873	0.03401	0.41483	0.02213	0.03164	0.01871	0.02583	0.10196	0.02179	0.03086	0.02365	0.03786	0.02090	0.01235	0.00924	0.00304	0.01130	0.14378	0.00539	0.01199
2	0.02878	0.02627	0.02345	0.01976	0.02541	0.17049	0.01562	0.26863	0.25303	0.04038	0.02462	0.02404	0.01838	0.01063	0.00858	0.00266	0.01001	0.00808	0.00781	0.01337
3	0.01281	0.00941	0.01246	0.01411	0.01603	0.00906	0.01172	0.01608	0.01948	0.02501	0.05409	0.19436	0.15676	0.02428	0.01158	0.00374	0.00688	0.38632	0.00806	0.00775
4	0.01750	0.04512	0.64825	0.02486	0.03775	0.02026	0.03223	0.02762	0.01842	0.02762	0.01565	0.01842	0.01105	0.00829	0.00829	0.00276	0.01289	0.00645	0.00368	0.01289
5	0.02101	0.18271	0.18425	0.03779	0.35330	0.02379	0.02535	0.02682	0.01902	0.02645	0.01524	0.01908	0.01255	0.00782	0.00785	0.00246	0.01073	0.00674	0.00403	0.01299
6	0.02118	0.02031	0.03466	0.10315	0.59263	0.02062	0.02657	0.02641	0.01967	0.02800	0.01634	0.02172	0.01364	0.00785	0.00864	0.00262	0.01046	0.00777	0.00428	0.01349
7	0.01063	0.00759	0.01012	0.01215	0.01265	0.00709	0.00810	0.01215	0.01670	0.02227	0.04808	0.68775	0.05769	0.02733	0.01113	0.00354	0.00506	0.02480	0.00810	0.00709
8	0.01057	0.00824	0.00960	0.01053	0.01226	0.00727	0.00741	0.01254	0.01860	0.02352	0.09683	0.37269	0.33012	0.02439	0.01070	0.00322	0.00471	0.02134	0.00818	0.00727
9	0.02212	0.02258	0.03217	0.16774	0.44435	0.10787	0.02492	0.02702	0.02006	0.02633	0.01583	0.02111	0.01304	0.00812	0.00855	0.00260	0.01134	0.00747	0.00426	0.01252
10	0.01750	0.04512	0.64825	0.02486	0.03775	0.02026	0.03223	0.02762	0.01842	0.02762	0.01565	0.01842	0.01105	0.00829	0.00829	0.00276	0.01289	0.00645	0.00368	0.01289
11	0.01063	0.00759	0.01012	0.01215	0.01265	0.00709	0.00810	0.01215	0.01670	0.02227	0.04808	0.68775	0.05769	0.02733	0.01113	0.00354	0.00506	0.02480	0.00810	0.00709
12	0.75506	0.01687	0.01282	0.01147	0.01687	0.01957	0.00945	0.02564	0.01484	0.03914	0.01215	0.01417	0.00945	0.00810	0.00540	0.00270	0.00675	0.00472	0.00540	0.00945
13	0.01314	0.01053	0.01474	0.01406	0.01565	0.01213	0.01102	0.01623	0.01686	0.02395	0.16434	0.04377	0.09162	0.04387	0.36701	0.00907	0.10655	0.01140	0.00598	0.00809
14	0.02170	0.01874	0.01972	0.01775	0.02268	0.02170	0.01381	0.04635	0.62327	0.03649	0.03550	0.03254	0.02663	0.01183	0.00888	0.00296	0.00690	0.00986	0.00888	0.01381
15	0.02170	0.01874	0.01972	0.01775	0.02268	0.02170	0.01381	0.04635	0.62327	0.03649	0.03550	0.03254	0.02663	0.01183	0.00888	0.00296	0.00690	0.00986	0.00888	0.01381
16	0.01246	0.00935	0.01402	0.01402	0.01558	0.01090	0.01090	0.01558	0.01402	0.02025	0.02336	0.03427	0.02181	0.06542	0.65888	0.01402	0.02336	0.00935	0.00467	0.00779
17	0.02338	0.02686	0.03401	0.02718	0.03125	0.20396	0.20517	0.02711	0.01887	0.02330	0.01399	0.01955	0.01196	0.01098	0.01693	0.00309	0.27989	0.00791	0.00420	0.01041
18	0.01750	0.04512	0.64825	0.02486	0.03775	0.02026	0.03223	0.02762	0.01842	0.02762	0.01565	0.01842	0.01105	0.00829	0.00829	0.00276	0.01289	0.00645	0.00368	0.01289
19	0.01515	0.00758	0.01136	0.01136	0.01136	0.00758	0.00758	0.01136	0.01136	0.01515	0.01515	0.02652	0.01515	0.03030	0.03409	0.74621	0.00758	0.00758	0.00379	0.00379
20	0.02159	0.02073	0.03541	0.05354	0.63903	0.02073	0.02677	0.02677	0.01986	0.02850	0.01641	0.02159	0.01382	0.00777	0.00864	0.00259	0.01036	0.00777	0.00432	0.01382
21	0.02118	0.02031	0.03466	0.10315	0.59263	0.02062	0.02657	0.02641	0.01967	0.02800	0.01634	0.02172	0.01364	0.00785	0.00864	0.00262	0.01046	0.00777	0.00428	0.01349
22	0.03914	0.01484	0.02024	0.01552	0.02227	0.01282	0.01282	0.04251	0.02497	0.64507	0.03441	0.02969	0.02159	0.01080	0.00877	0.00270	0.00742	0.00877	0.01080	0.01484
23	0.75506	0.01687	0.01282	0.01147	0.01687	0.01957	0.00945	0.02564	0.01484	0.03914	0.01215	0.01417	0.00945	0.00810	0.00540	0.00270	0.00675	0.00472	0.00540	0.00945
24	0.01031	0.00884	0.00884	0.00884	0.01178	0.00736	0.00663	0.01252	0.01988	0.02356	0.08837	0.08395	0.63549	0.02209	0.01031	0.00295	0.00442	0.01841	0.00810	0.00736
25	0.01047	0.00822	0.00947	0.01047	0.01221	0.00723	0.00735	0.01233	0.01831	0.02293	0.06852	0.38142	0.35084	0.02467	0.01072	0.00324	0.00473	0.02156	0.00810	0.00723
26	0.01809	0.01550	0.01809	0.01292	0.02067	0.01163	0.01034	0.02196	0.01809	0.02842	0.01550	0.01809	0.01292	0.00646	0.00646	0.00129	0.00646	0.00517	0.00517	0.74677
27	0.02997	0.02254	0.02447	0.01856	0.02570	0.02379	0.01526	0.48545	0.03616	0.04935	0.01979	0.02034	0.01443	0.00962	0.00825	0.00234	0.00893	0.00728	0.00797	0.16981
28	0.09845	0.59381	0.07421	0.01510	0.02263	0.03222	0.01528	0.02615	0.01746	0.02282	0.01232	0.01424	0.01101	0.00757	0.00572	0.00200	0.00925	0.00476	0.00390	0.01110
29	0.02116	0.45650	0.26899	0.01861	0.02808	0.02923	0.02134	0.02668	0.01798	0.02315	0.01343	0.01563	0.01114	0.00777	0.00659	0.00220	0.01065	0.00532	0.00371	0.01182
30	0.02276	0.06710	0.17609	0.03906	0.35309	0.13909	0.02556	0.02842	0.02031	0.02654	0.01546	0.01936	0.01256	0.00810	0.00825	0.00253	0.01188	0.00690	0.00417	0.01278
31	0.06794	0.18905	0.22860	0.07925	0.17229	0.02287	0.02311	0.02577	0.01869	0.02694	0.05545	0.02128	0.01635	0.00862	0.00770	0.00251	0.01037	0.00693	0.00436	0.01191
32	0.07696	0.07835	0.02780	0.02846	0.16792	0.42749	0.01854	0.03178	0.02248	0.02412	0.01398	0.01687	0.01171	0.00855	0.00773	0.00233	0.01347	0.00600	0.00446	0.01100

[dist]
# distance from previous block
# <min> <max>
0	1

# created by:
# /home/cegg/simao/soft/augustus-3.2.1/scripts/msa2prfl.pl ./align_prep/15339.fa
