[name]
unknown

[dist]
# distance from previous block
# <min> <max>
0	19

[block]
# block no. 0 follows, 22 sequences, length 26
# corresponding to MSA columns:
# 19-44
name=unknown_A
#
# <colnr> <probs for GDERKNQSTAVLIFYWHMCP>
#	G	D	E	R	K	N	Q	S	T	A	V	L	I	F	Y	W	H	M	C	P
0	0.01906	0.01471	0.01586	0.01356	0.01746	0.05193	0.01059	0.14892	0.02155	0.03032	0.05699	0.03257	0.02256	0.07538	0.09717	0.04042	0.00924	0.04707	0.10932	0.16531
1	0.03042	0.03844	0.02414	0.02313	0.06245	0.63650	0.01660	0.03273	0.02327	0.02073	0.01300	0.01531	0.01084	0.00849	0.00753	0.00216	0.01468	0.00547	0.00427	0.00984
2	0.01943	0.07809	0.49062	0.02461	0.07463	0.12033	0.02720	0.02723	0.01851	0.02507	0.01445	0.01711	0.01073	0.00792	0.00771	0.00250	0.01234	0.00601	0.00367	0.01184
3	0.31495	0.29663	0.02702	0.01447	0.02020	0.16466	0.01257	0.02647	0.01723	0.02664	0.01183	0.01375	0.01002	0.00765	0.00572	0.00216	0.00923	0.00466	0.00433	0.00979
4	0.08291	0.21390	0.02835	0.01821	0.02383	0.31173	0.01498	0.16196	0.02450	0.02845	0.01397	0.01553	0.01132	0.00842	0.00692	0.00215	0.01143	0.00552	0.00504	0.01085
5	0.01006	0.00748	0.00938	0.01089	0.01187	0.00680	0.00741	0.01164	0.01655	0.02147	0.05400	0.56937	0.18290	0.02496	0.01044	0.00325	0.00469	0.02231	0.00771	0.00680
6	0.01894	0.01763	0.02844	0.08917	0.46149	0.01816	0.02174	0.02559	0.08890	0.02684	0.02131	0.10524	0.01950	0.01018	0.00855	0.00264	0.00897	0.00961	0.00501	0.01209
7	0.01202	0.00830	0.01029	0.01029	0.01072	0.00872	0.00657	0.01287	0.01245	0.01702	0.02505	0.04812	0.02749	0.52236	0.22426	0.00958	0.01214	0.01117	0.00487	0.00572
8	0.01012	0.00723	0.00964	0.01157	0.01205	0.00675	0.00771	0.01157	0.01591	0.02121	0.04579	0.70262	0.05495	0.02603	0.01060	0.00337	0.00482	0.02362	0.00771	0.00675
9	0.02175	0.02199	0.03257	0.04764	0.58476	0.09397	0.02443	0.02637	0.01944	0.02637	0.01531	0.01993	0.01288	0.00753	0.00814	0.00243	0.01045	0.00717	0.00413	0.01276
10	0.01494	0.00909	0.01168	0.01069	0.01279	0.00842	0.00779	0.01796	0.02116	0.10658	0.44575	0.05632	0.06127	0.16021	0.01639	0.00374	0.00517	0.01360	0.00843	0.00802
11	0.01187	0.00890	0.01335	0.01335	0.01483	0.01038	0.01038	0.01483	0.01335	0.01928	0.02225	0.03264	0.02077	0.06231	0.67512	0.01335	0.02225	0.00890	0.00445	0.00742
12	0.03094	0.02150	0.02349	0.01832	0.02470	0.02349	0.01503	0.48556	0.11081	0.12436	0.02320	0.02231	0.01628	0.01017	0.00833	0.00254	0.00858	0.00782	0.00857	0.01401
13	0.02890	0.14415	0.02750	0.02231	0.07049	0.49974	0.01643	0.05521	0.02278	0.02198	0.01312	0.01532	0.01101	0.00830	0.00723	0.00212	0.01341	0.00544	0.00431	0.01023
14	0.01484	0.00990	0.01130	0.01039	0.01363	0.00891	0.00798	0.01907	0.06564	0.11390	0.20853	0.06505	0.38384	0.01789	0.00951	0.00273	0.00470	0.01509	0.00846	0.00863
15	0.01012	0.00723	0.00964	0.01157	0.01205	0.00675	0.00771	0.01157	0.01591	0.02121	0.04579	0.70262	0.05495	0.02603	0.01060	0.00337	0.00482	0.02362	0.00771	0.00675
16	0.01208	0.00805	0.00906	0.00906	0.00906	0.00805	0.00503	0.01208	0.01208	0.01611	0.02618	0.05436	0.03020	0.70804	0.04228	0.00805	0.00805	0.01208	0.00503	0.00503
17	0.02056	0.01974	0.03372	0.05099	0.65622	0.01974	0.02550	0.02550	0.01892	0.02714	0.01563	0.02056	0.01316	0.00740	0.00822	0.00247	0.00987	0.00740	0.00411	0.01316
18	0.01187	0.00890	0.01335	0.01335	0.01483	0.01038	0.01038	0.01483	0.01335	0.01928	0.02225	0.03264	0.02077	0.06231	0.67512	0.01335	0.02225	0.00890	0.00445	0.00742
19	0.02434	0.01651	0.01856	0.01609	0.02109	0.01801	0.01268	0.04196	0.46168	0.18881	0.06139	0.03173	0.02657	0.01129	0.00849	0.00275	0.00658	0.00939	0.00893	0.01315
20	0.01630	0.04044	0.61691	0.02271	0.03422	0.01845	0.02901	0.02553	0.01798	0.02682	0.06176	0.02081	0.01551	0.00856	0.00803	0.00263	0.01166	0.00679	0.00392	0.01195
21	0.02095	0.07281	0.45270	0.02362	0.06677	0.01891	0.05487	0.02870	0.01878	0.13796	0.01800	0.01960	0.01254	0.00820	0.00794	0.00257	0.01112	0.00668	0.00477	0.01251
22	0.01861	0.03553	0.41833	0.02931	0.11277	0.05821	0.15661	0.02668	0.01850	0.02612	0.01528	0.01880	0.01130	0.00768	0.00832	0.00262	0.01251	0.00703	0.00378	0.01200
23	0.01973	0.02471	0.16882	0.04515	0.52348	0.01964	0.02661	0.02567	0.01862	0.02696	0.01547	0.01991	0.01259	0.00751	0.00815	0.00250	0.01038	0.00713	0.00398	0.01297
24	0.11112	0.21194	0.21174	0.02852	0.23263	0.02300	0.02192	0.02543	0.01740	0.02611	0.01383	0.01690	0.01124	0.00750	0.00698	0.00234	0.00986	0.00590	0.00392	0.01173
25	0.02160	0.02261	0.03255	0.04142	0.42760	0.12214	0.09018	0.02608	0.01914	0.02530	0.01533	0.02026	0.01290	0.01019	0.03674	0.00297	0.04953	0.00740	0.00414	0.01193

[dist]
# distance from previous block
# <min> <max>
0	3

[block]
# block no. 1 follows, 22 sequences, length 18
# corresponding to MSA columns:
# 48-65
name=unknown_B
#
# <colnr> <probs for GDERKNQSTAVLIFYWHMCP>
#	G	D	E	R	K	N	Q	S	T	A	V	L	I	F	Y	W	H	M	C	P
0	0.02267	0.01799	0.02048	0.07138	0.05381	0.01973	0.01425	0.28303	0.17382	0.03860	0.05886	0.03482	0.12972	0.01222	0.00866	0.00265	0.00766	0.00996	0.00771	0.01198
1	0.01834	0.21204	0.46351	0.02314	0.07469	0.02278	0.02614	0.02589	0.01747	0.02464	0.01410	0.01667	0.01074	0.00766	0.00726	0.00240	0.01125	0.00579	0.00356	0.01193
2	0.01132	0.00844	0.01060	0.01116	0.01267	0.00800	0.00794	0.01504	0.05572	0.02663	0.27452	0.36509	0.11908	0.02132	0.01010	0.00300	0.00453	0.01900	0.00829	0.00755
3	0.08297	0.01024	0.01270	0.01184	0.01430	0.01002	0.00860	0.02078	0.01675	0.18485	0.05789	0.18604	0.03234	0.20582	0.10235	0.00558	0.00857	0.01277	0.00708	0.00850
4	0.12779	0.00876	0.01022	0.01133	0.01272	0.00873	0.00793	0.01408	0.01660	0.02524	0.11746	0.51427	0.05079	0.02203	0.00965	0.00315	0.00495	0.01956	0.00749	0.00724
5	0.01043	0.00736	0.00955	0.01118	0.01159	0.00695	0.00730	0.01165	0.01531	0.02042	0.04274	0.60199	0.05110	0.13190	0.01552	0.00410	0.00532	0.02183	0.00730	0.00648
6	0.18927	0.01867	0.02089	0.09020	0.02610	0.02029	0.01430	0.29548	0.02768	0.18673	0.02054	0.02073	0.01418	0.00937	0.00764	0.00256	0.00829	0.00703	0.00757	0.01249
7	0.14783	0.21452	0.32467	0.01901	0.02808	0.02294	0.04510	0.02666	0.05339	0.02690	0.01462	0.01670	0.01125	0.00781	0.00684	0.00241	0.01010	0.00574	0.00412	0.01129
8	0.02281	0.02401	0.03153	0.04463	0.52059	0.16062	0.02346	0.02715	0.01991	0.02568	0.01503	0.01936	0.01263	0.00765	0.00807	0.00240	0.01097	0.00696	0.00415	0.01240
9	0.00990	0.00808	0.00876	0.00931	0.01145	0.00694	0.00671	0.01182	0.01808	0.02209	0.07333	0.25571	0.48408	0.02245	0.01004	0.00297	0.00438	0.01925	0.00771	0.00694
10	0.01755	0.03394	0.43343	0.10399	0.19641	0.01931	0.02853	0.02554	0.01779	0.02596	0.01508	0.01882	0.01126	0.00781	0.00802	0.00260	0.01153	0.00660	0.00368	0.01217
11	0.02686	0.13116	0.16482	0.02013	0.02730	0.23438	0.01886	0.22114	0.02627	0.03176	0.01538	0.01688	0.01175	0.00866	0.00753	0.00231	0.01166	0.00607	0.00530	0.01179
12	0.21936	0.02777	0.26904	0.02875	0.20621	0.01936	0.06448	0.02559	0.01716	0.02951	0.01434	0.01764	0.01100	0.00764	0.00738	0.00258	0.01015	0.00631	0.00416	0.01157
13	0.02030	0.01947	0.03324	0.08545	0.62382	0.01967	0.02536	0.02526	0.01879	0.02682	0.01558	0.02065	0.01305	0.00745	0.00823	0.00248	0.00993	0.00740	0.00409	0.01295
14	0.01882	0.01796	0.03058	0.27820	0.44260	0.01928	0.02463	0.02397	0.01809	0.02503	0.01532	0.02113	0.01242	0.00772	0.00825	0.00257	0.01030	0.00740	0.00396	0.01176
15	0.01173	0.00750	0.00974	0.01055	0.01099	0.00718	0.00687	0.01150	0.01391	0.01830	0.03602	0.31839	0.08964	0.17310	0.02352	0.21742	0.00614	0.01598	0.00598	0.00552
16	0.01042	0.00790	0.00901	0.00972	0.01106	0.00714	0.00655	0.01183	0.01634	0.02062	0.05755	0.30379	0.29869	0.17065	0.01709	0.00414	0.00526	0.01860	0.00714	0.00649
17	0.02056	0.01974	0.03372	0.05099	0.65622	0.01974	0.02550	0.02550	0.01892	0.02714	0.01563	0.02056	0.01316	0.00740	0.00822	0.00247	0.00987	0.00740	0.00411	0.01316

[dist]
# distance from previous block
# <min> <max>
0	1

[block]
# block no. 2 follows, 22 sequences, length 17
# corresponding to MSA columns:
# 67-83
name=unknown_C
#
# <colnr> <probs for GDERKNQSTAVLIFYWHMCP>
#	G	D	E	R	K	N	Q	S	T	A	V	L	I	F	Y	W	H	M	C	P
0	0.00982	0.00842	0.00842	0.00842	0.01122	0.00701	0.00631	0.01192	0.01894	0.02244	0.08416	0.07995	0.65285	0.02104	0.00982	0.00281	0.00421	0.01753	0.00771	0.00701
1	0.03115	0.03607	0.02384	0.02091	0.02570	0.53458	0.01599	0.16172	0.02689	0.02725	0.01437	0.01605	0.01144	0.00887	0.00767	0.00222	0.01372	0.00581	0.00515	0.01060
2	0.01180	0.01085	0.01004	0.00995	0.01277	0.05113	0.00741	0.01499	0.05205	0.02287	0.07399	0.11958	0.53318	0.02008	0.00965	0.00281	0.00508	0.01676	0.00753	0.00749
3	0.02101	0.56836	0.17772	0.01626	0.02448	0.02994	0.01777	0.02519	0.01702	0.02101	0.01227	0.01424	0.01063	0.00728	0.00588	0.00196	0.00962	0.00481	0.00354	0.01101
4	0.01001	0.00816	0.00886	0.00923	0.01148	0.00701	0.00671	0.01209	0.01858	0.02288	0.11276	0.21358	0.48607	0.02186	0.00999	0.00292	0.00432	0.01869	0.00781	0.00701
5	0.01021	0.00835	0.00901	0.00901	0.01150	0.00715	0.00670	0.01261	0.01960	0.02443	0.18947	0.11822	0.50367	0.02060	0.00987	0.00281	0.00419	0.01746	0.00799	0.00715
6	0.01024	0.00732	0.00975	0.01148	0.01208	0.00683	0.00772	0.01188	0.01648	0.02212	0.09127	0.65455	0.05670	0.02535	0.01054	0.00332	0.00475	0.02297	0.00782	0.00683
7	0.00982	0.00842	0.00842	0.00842	0.01122	0.00701	0.00631	0.01192	0.01894	0.02244	0.08416	0.07995	0.65285	0.02104	0.00982	0.00281	0.00421	0.01753	0.00771	0.00701
8	0.00982	0.00842	0.00842	0.00842	0.01122	0.00701	0.00631	0.01192	0.01894	0.02244	0.08416	0.07995	0.65285	0.02104	0.00982	0.00281	0.00421	0.01753	0.00771	0.00701
9	0.01049	0.00746	0.00979	0.01123	0.01187	0.00699	0.00753	0.01216	0.01665	0.02246	0.12630	0.56732	0.05626	0.07599	0.01287	0.00362	0.00494	0.02159	0.00770	0.00677
10	0.01235	0.00775	0.00954	0.00980	0.00987	0.00769	0.00589	0.01173	0.01231	0.01642	0.02616	0.13543	0.02996	0.46121	0.03576	0.17817	0.00743	0.01253	0.00507	0.00494
11	0.01194	0.00800	0.00910	0.00924	0.00927	0.00796	0.00522	0.01204	0.01235	0.01647	0.02757	0.10034	0.03196	0.65967	0.04004	0.00772	0.00782	0.01290	0.00522	0.00516
12	0.01044	0.00824	0.00867	0.00880	0.01070	0.00727	0.00607	0.01194	0.01691	0.02068	0.06617	0.11482	0.44730	0.20402	0.01850	0.00424	0.00527	0.01649	0.00700	0.00647
13	0.01158	0.00853	0.01089	0.01097	0.01265	0.00804	0.00797	0.01555	0.04810	0.02935	0.42234	0.24924	0.09432	0.01956	0.00998	0.00285	0.00431	0.01741	0.00863	0.00771
14	0.01006	0.00781	0.00916	0.01011	0.01170	0.00692	0.00709	0.01191	0.01760	0.02231	0.09046	0.39648	0.32196	0.02340	0.01022	0.00309	0.00451	0.02052	0.00778	0.00692
15	0.01236	0.00874	0.01259	0.01259	0.01414	0.01003	0.00977	0.01545	0.01390	0.02087	0.02291	0.03241	0.02084	0.05519	0.58458	0.01181	0.01977	0.00874	0.10587	0.00746
16	0.02472	0.01917	0.02049	0.01717	0.02255	0.02145	0.01371	0.25435	0.36515	0.06563	0.03139	0.02946	0.05418	0.01128	0.00847	0.00269	0.00740	0.00909	0.00844	0.01322

[dist]
# distance from previous block
# <min> <max>
0	1

[block]
# block no. 3 follows, 22 sequences, length 103
# corresponding to MSA columns:
# 85-187
name=unknown_D
#
# <colnr> <probs for GDERKNQSTAVLIFYWHMCP>
#	G	D	E	R	K	N	Q	S	T	A	V	L	I	F	Y	W	H	M	C	P
0	0.03158	0.02327	0.02493	0.01911	0.02576	0.02576	0.01579	0.62852	0.03906	0.05236	0.01995	0.01995	0.01413	0.00997	0.00831	0.00249	0.00914	0.00748	0.00831	0.01413
1	0.02573	0.03059	0.02080	0.01916	0.02286	0.46163	0.01450	0.03018	0.08279	0.02153	0.01703	0.02051	0.01440	0.02080	0.15625	0.00470	0.01576	0.00654	0.00473	0.00949
2	0.02870	0.22622	0.02974	0.01855	0.02446	0.26352	0.01543	0.23984	0.02709	0.03135	0.01497	0.01625	0.01189	0.00864	0.00716	0.00216	0.01119	0.00584	0.00549	0.01150
3	0.01062	0.00806	0.00979	0.01018	0.01192	0.00723	0.00732	0.01317	0.01961	0.02599	0.27789	0.27683	0.24883	0.02119	0.01007	0.00292	0.00430	0.01861	0.00823	0.00723
4	0.04883	0.01000	0.01321	0.01443	0.07858	0.00950	0.00956	0.01673	0.02214	0.03179	0.49913	0.05724	0.12556	0.01596	0.00941	0.00262	0.00468	0.01398	0.00829	0.00836
5	0.02118	0.02353	0.08669	0.04596	0.54569	0.07950	0.02508	0.02627	0.01922	0.02645	0.01531	0.01979	0.01271	0.00755	0.00813	0.00245	0.01054	0.00711	0.00408	0.01276
6	0.01119	0.00893	0.01008	0.00971	0.01225	0.00806	0.00730	0.01515	0.05276	0.02764	0.31991	0.06993	0.37950	0.01884	0.00974	0.00273	0.00421	0.01606	0.00835	0.00767
7	0.01923	0.01838	0.03131	0.22536	0.49228	0.01939	0.02483	0.02433	0.01829	0.02552	0.01539	0.02100	0.01259	0.00765	0.00825	0.00255	0.01020	0.00740	0.00400	0.01208
8	0.02913	0.03625	0.02410	0.02399	0.08800	0.57982	0.01674	0.03159	0.02263	0.02096	0.01354	0.01632	0.01139	0.01084	0.03735	0.00267	0.01480	0.00571	0.00427	0.00988
9	0.01144	0.00778	0.00925	0.00988	0.01004	0.00763	0.00591	0.01191	0.01333	0.01777	0.03258	0.26610	0.03828	0.48528	0.03194	0.00653	0.00700	0.01585	0.00591	0.00559
10	0.01876	0.02830	0.22554	0.03177	0.04128	0.02052	0.45544	0.02652	0.01902	0.02652	0.01626	0.02101	0.01201	0.00726	0.00926	0.00275	0.01351	0.00875	0.00400	0.01151
11	0.03103	0.03959	0.02354	0.02140	0.02568	0.67469	0.01605	0.03317	0.02354	0.02033	0.01284	0.01498	0.01070	0.00856	0.00749	0.00214	0.01498	0.00535	0.00428	0.00963
12	0.01650	0.13788	0.02133	0.01492	0.01695	0.01796	0.01212	0.01854	0.01402	0.04653	0.01860	0.02950	0.01824	0.16503	0.23266	0.00723	0.19099	0.00828	0.00444	0.00825
13	0.00995	0.00792	0.00893	0.00974	0.01157	0.00690	0.00690	0.01177	0.01766	0.02192	0.06805	0.34137	0.40183	0.02313	0.01015	0.00304	0.00446	0.02009	0.00771	0.00690
14	0.01602	0.01237	0.01658	0.01519	0.01746	0.01458	0.01209	0.12596	0.01793	0.02531	0.02077	0.02898	0.01864	0.04836	0.49379	0.01048	0.08314	0.00849	0.00507	0.00878
15	0.02906	0.03644	0.02250	0.02058	0.02457	0.60647	0.01547	0.03129	0.02250	0.02022	0.01381	0.01679	0.01173	0.01408	0.07605	0.00329	0.01573	0.00572	0.00430	0.00940
16	0.02929	0.17237	0.02748	0.01998	0.02482	0.54815	0.01569	0.03154	0.02223	0.02018	0.01259	0.01465	0.01069	0.00827	0.00706	0.00207	0.01378	0.00517	0.00414	0.00983
17	0.00998	0.00830	0.00872	0.00886	0.01138	0.00704	0.00655	0.01214	0.01894	0.02304	0.11795	0.14078	0.55524	0.02127	0.00990	0.00285	0.00425	0.01797	0.00781	0.00704
18	0.03107	0.03851	0.02363	0.02125	0.02569	0.63169	0.01603	0.07262	0.02457	0.02245	0.01331	0.01531	0.01093	0.00865	0.00754	0.00216	0.01459	0.00549	0.00455	0.00993
19	0.01666	0.04297	0.66500	0.02368	0.03596	0.01929	0.03069	0.02631	0.01754	0.02631	0.01491	0.01754	0.01052	0.00789	0.00789	0.00263	0.01228	0.00614	0.00351	0.01228
20	0.03158	0.02327	0.02493	0.01911	0.02576	0.02576	0.01579	0.62852	0.03906	0.05236	0.01995	0.01995	0.01413	0.00997	0.00831	0.00249	0.00914	0.00748	0.00831	0.01413
21	0.01980	0.01852	0.02903	0.14613	0.42066	0.01973	0.02240	0.02889	0.15493	0.02786	0.01947	0.02310	0.01550	0.00840	0.00829	0.00259	0.00934	0.00784	0.00500	0.01252
22	0.02036	0.01531	0.01667	0.01495	0.01877	0.01704	0.01125	0.03665	0.44139	0.09128	0.03201	0.03594	0.02597	0.16633	0.01598	0.00396	0.00695	0.00989	0.00787	0.01144
23	0.01192	0.00869	0.01230	0.01230	0.01342	0.00981	0.00907	0.01416	0.01304	0.01851	0.02321	0.03797	0.02308	0.22072	0.51987	0.01205	0.01877	0.00968	0.00459	0.00683
24	0.03158	0.02327	0.02493	0.01911	0.02576	0.02576	0.01579	0.62852	0.03906	0.05236	0.01995	0.01995	0.01413	0.00997	0.00831	0.00249	0.00914	0.00748	0.00831	0.01413
25	0.01666	0.04297	0.66500	0.02368	0.03596	0.01929	0.03069	0.02631	0.01754	0.02631	0.01491	0.01754	0.01052	0.00789	0.00789	0.00263	0.01228	0.00614	0.00351	0.01228
26	0.02373	0.02338	0.02033	0.01786	0.02224	0.19063	0.01393	0.12454	0.28401	0.03141	0.02991	0.02934	0.08333	0.01159	0.00957	0.00265	0.05438	0.00875	0.00695	0.01148
27	0.01208	0.00805	0.00906	0.00906	0.00906	0.00805	0.00503	0.01208	0.01208	0.01611	0.02618	0.05436	0.03020	0.70804	0.04228	0.00805	0.00805	0.01208	0.00503	0.00503
28	0.01187	0.00890	0.01335	0.01335	0.01483	0.01038	0.01038	0.01483	0.01335	0.01928	0.02225	0.03264	0.02077	0.06231	0.67512	0.01335	0.02225	0.00890	0.00445	0.00742
29	0.02056	0.01974	0.03372	0.05099	0.65622	0.01974	0.02550	0.02550	0.01892	0.02714	0.01563	0.02056	0.01316	0.00740	0.00822	0.00247	0.00987	0.00740	0.00411	0.01316
30	0.03092	0.02385	0.02382	0.01870	0.02480	0.09099	0.01517	0.51286	0.03556	0.07560	0.02008	0.02135	0.01479	0.04084	0.00974	0.00271	0.00960	0.00751	0.00784	0.01326
31	0.00993	0.00797	0.00887	0.00959	0.01153	0.00691	0.00683	0.01179	0.01780	0.02198	0.06983	0.31254	0.42951	0.02290	0.01011	0.00302	0.00444	0.01981	0.00771	0.00691
32	0.03158	0.02327	0.02493	0.01911	0.02576	0.02576	0.01579	0.62852	0.03906	0.05236	0.01995	0.01995	0.01413	0.00997	0.00831	0.00249	0.00914	0.00748	0.00831	0.01413
33	0.02184	0.66864	0.08471	0.01484	0.02229	0.03197	0.01531	0.02497	0.01692	0.01999	0.01177	0.01361	0.01065	0.00716	0.00550	0.00183	0.00911	0.00455	0.00355	0.01077
34	0.02353	0.20472	0.22847	0.02037	0.02756	0.26972	0.02030	0.02812	0.01932	0.02198	0.01304	0.01558	0.01065	0.00839	0.00840	0.00230	0.05756	0.00550	0.00382	0.01067
35	0.00982	0.00842	0.00842	0.00842	0.01122	0.00701	0.00631	0.01192	0.01894	0.02244	0.08416	0.07995	0.65285	0.02104	0.00982	0.00281	0.00421	0.01753	0.00771	0.00701
36	0.01987	0.01903	0.03247	0.14120	0.57141	0.01956	0.02515	0.02489	0.01859	0.02630	0.01550	0.02079	0.01286	0.00753	0.00824	0.00251	0.01004	0.00740	0.00405	0.01260
37	0.02108	0.02072	0.03321	0.04952	0.62490	0.05227	0.02503	0.02588	0.01915	0.02680	0.01549	0.02028	0.01304	0.00746	0.00819	0.00245	0.01012	0.00730	0.00412	0.01298
38	0.04562	0.00951	0.01007	0.00960	0.01263	0.00860	0.00731	0.01608	0.05064	0.05634	0.17121	0.06908	0.46625	0.01876	0.00947	0.00275	0.00451	0.01569	0.00800	0.00789
39	0.03067	0.06720	0.02436	0.02111	0.02550	0.64839	0.01598	0.03283	0.02327	0.02030	0.01279	0.01491	0.01070	0.00850	0.00740	0.00213	0.01473	0.00531	0.00425	0.00967
40	0.02846	0.10103	0.02682	0.05092	0.11052	0.43420	0.01722	0.06075	0.02276	0.05241	0.01443	0.01671	0.01167	0.00840	0.00749	0.00221	0.01288	0.00586	0.00464	0.01062
41	0.02486	0.51111	0.03754	0.01637	0.02263	0.22532	0.01477	0.02736	0.01888	0.01978	0.01194	0.01382	0.01067	0.00754	0.00598	0.00189	0.01071	0.00471	0.00377	0.01035
42	0.01203	0.00824	0.01002	0.01002	0.01035	0.00857	0.00623	0.01269	0.01236	0.01682	0.02530	0.04953	0.02810	0.56425	0.18320	0.00923	0.01122	0.01137	0.00490	0.00556
43	0.03070	0.02263	0.02441	0.01886	0.02527	0.02508	0.01555	0.60111	0.03791	0.05088	0.02005	0.02051	0.01442	0.01231	0.03809	0.00298	0.00973	0.00754	0.00814	0.01383
44	0.01187	0.00890	0.01335	0.01335	0.01483	0.01038	0.01038	0.01483	0.01335	0.01928	0.02225	0.03264	0.02077	0.06231	0.67512	0.01335	0.02225	0.00890	0.00445	0.00742
45	0.02093	0.03845	0.43860	0.02504	0.07458	0.14825	0.05068	0.02835	0.01922	0.05778	0.01554	0.01798	0.01133	0.00808	0.00794	0.00253	0.01245	0.00633	0.00408	0.01187
46	0.02060	0.01682	0.01902	0.01406	0.02114	0.01484	0.01134	0.15741	0.05408	0.03309	0.01690	0.01854	0.01338	0.00727	0.00675	0.00159	0.00684	0.00572	0.00586	0.55478
47	0.01743	0.01726	0.03141	0.43310	0.17317	0.01921	0.14243	0.02313	0.01766	0.02346	0.01534	0.02189	0.01179	0.00787	0.00858	0.00272	0.01141	0.00786	0.00388	0.01040
48	0.02120	0.02273	0.06461	0.07724	0.53083	0.08691	0.02468	0.02612	0.01921	0.02611	0.01526	0.01991	0.01267	0.00759	0.00814	0.00246	0.01058	0.00713	0.00408	0.01256
49	0.02100	0.02058	0.03329	0.04974	0.62963	0.04736	0.02510	0.02582	0.01911	0.02685	0.01551	0.02033	0.01306	0.00745	0.00819	0.00245	0.01008	0.00732	0.00412	0.01301
50	0.02221	0.71304	0.04353	0.01421	0.02132	0.03287	0.01421	0.02488	0.01688	0.01955	0.01155	0.01333	0.01066	0.00711	0.00533	0.00178	0.00888	0.00444	0.00355	0.01066
51	0.01191	0.00873	0.01251	0.01251	0.01370	0.00992	0.00933	0.01429	0.01310	0.01866	0.02303	0.03692	0.02263	0.18962	0.55035	0.01231	0.01945	0.00953	0.00457	0.00695
52	0.01659	0.01412	0.01470	0.01343	0.01742	0.01515	0.01039	0.05668	0.35248	0.03036	0.05438	0.05110	0.28889	0.01532	0.00902	0.00280	0.00569	0.01273	0.00814	0.01061
53	0.01455	0.01095	0.01240	0.01179	0.01450	0.01104	0.00872	0.02235	0.18016	0.05569	0.18690	0.13149	0.19814	0.08825	0.01282	0.00336	0.00535	0.01461	0.00807	0.00887
54	0.01208	0.00805	0.00906	0.00906	0.00906	0.00805	0.00503	0.01208	0.01208	0.01611	0.02618	0.05436	0.03020	0.70804	0.04228	0.00805	0.00805	0.01208	0.00503	0.00503
55	0.02056	0.01974	0.03372	0.05099	0.65622	0.01974	0.02550	0.02550	0.01892	0.02714	0.01563	0.02056	0.01316	0.00740	0.00822	0.00247	0.00987	0.00740	0.00411	0.01316
56	0.03103	0.03959	0.02354	0.02140	0.02568	0.67469	0.01605	0.03317	0.02354	0.02033	0.01284	0.01498	0.01070	0.00856	0.00749	0.00214	0.01498	0.00535	0.00428	0.00963
57	0.00992	0.00803	0.00882	0.00945	0.01149	0.00693	0.00677	0.01181	0.01795	0.02204	0.07162	0.28333	0.45756	0.02267	0.01007	0.00299	0.00441	0.01952	0.00771	0.00693
58	0.02130	0.02210	0.02598	0.33030	0.04059	0.16658	0.05197	0.08445	0.01992	0.02421	0.01434	0.01970	0.01135	0.00947	0.01128	0.00274	0.12248	0.00705	0.00430	0.00989
59	0.03062	0.02985	0.02393	0.01994	0.02545	0.30119	0.01573	0.33680	0.07236	0.03758	0.01785	0.01857	0.01342	0.00946	0.00797	0.00236	0.01145	0.00670	0.00661	0.01215
60	0.02056	0.01974	0.03372	0.05099	0.65622	0.01974	0.02550	0.02550	0.01892	0.02714	0.01563	0.02056	0.01316	0.00740	0.00822	0.00247	0.00987	0.00740	0.00411	0.01316
61	0.01208	0.00805	0.00906	0.00906	0.00906	0.00805	0.00503	0.01208	0.01208	0.01611	0.02618	0.05436	0.03020	0.70804	0.04228	0.00805	0.00805	0.01208	0.00503	0.00503
62	0.01904	0.33064	0.39820	0.01962	0.02967	0.02512	0.02362	0.02569	0.01726	0.02341	0.01347	0.01573	0.01058	0.00756	0.00679	0.00226	0.01082	0.00541	0.00353	0.01158
63	0.01012	0.00723	0.00964	0.01157	0.01205	0.00675	0.00771	0.01157	0.01591	0.02121	0.04579	0.70262	0.05495	0.02603	0.01060	0.00337	0.00482	0.02362	0.00771	0.00675
64	0.03314	0.02077	0.02338	0.01793	0.02452	0.02205	0.01481	0.46758	0.03488	0.21920	0.02346	0.02223	0.01589	0.01006	0.00832	0.00251	0.00857	0.00772	0.00885	0.01413
65	0.03158	0.02327	0.02493	0.01911	0.02576	0.02576	0.01579	0.62852	0.03906	0.05236	0.01995	0.01995	0.01413	0.00997	0.00831	0.00249	0.00914	0.00748	0.00831	0.01413
66	0.01443	0.00722	0.01082	0.01082	0.01082	0.00722	0.00722	0.01082	0.01082	0.01443	0.01443	0.02525	0.01443	0.02886	0.03247	0.75830	0.00722	0.00722	0.00361	0.00361
67	0.01029	0.00835	0.00912	0.00909	0.01155	0.00719	0.00676	0.01277	0.01979	0.02487	0.21274	0.11707	0.48054	0.02043	0.00987	0.00280	0.00418	0.01736	0.00804	0.00719
68	0.02056	0.01974	0.03372	0.05099	0.65622	0.01974	0.02550	0.02550	0.01892	0.02714	0.01563	0.02056	0.01316	0.00740	0.00822	0.00247	0.00987	0.00740	0.00411	0.01316
69	0.03103	0.03959	0.02354	0.02140	0.02568	0.67469	0.01605	0.03317	0.02354	0.02033	0.01284	0.01498	0.01070	0.00856	0.00749	0.00214	0.01498	0.00535	0.00428	0.00963
70	0.02549	0.02096	0.16194	0.01677	0.02362	0.01554	0.01604	0.03552	0.18688	0.28706	0.06338	0.03107	0.05610	0.01093	0.00843	0.00266	0.00778	0.00897	0.00809	0.01276
71	0.01157	0.00784	0.00921	0.00971	0.00984	0.00771	0.00573	0.01195	0.01308	0.01744	0.03128	0.22315	0.03664	0.53047	0.03404	0.00684	0.00721	0.01508	0.00573	0.00548
72	0.02033	0.01517	0.01689	0.01492	0.01918	0.01650	0.01165	0.06477	0.37927	0.09781	0.17263	0.03965	0.06935	0.01289	0.00881	0.00273	0.00604	0.01087	0.00874	0.01180
73	0.01791	0.06790	0.47074	0.02978	0.17370	0.02009	0.05294	0.02607	0.01790	0.02619	0.01499	0.01822	0.01120	0.00771	0.00793	0.00256	0.01165	0.00649	0.00367	0.01236
74	0.02162	0.02286	0.02916	0.21027	0.35986	0.16525	0.02276	0.02609	0.01935	0.02408	0.01478	0.01973	0.01207	0.00790	0.00808	0.00247	0.01132	0.00694	0.00404	0.01135
75	0.01265	0.00876	0.01096	0.01025	0.01261	0.00789	0.00774	0.01616	0.02257	0.06311	0.50161	0.06407	0.19550	0.01749	0.00973	0.00265	0.00414	0.01521	0.00890	0.00799
76	0.03270	0.02147	0.02382	0.01826	0.02486	0.02309	0.01508	0.51259	0.03605	0.17255	0.02247	0.02159	0.01540	0.01003	0.00832	0.00251	0.00873	0.00765	0.00870	0.01413
77	0.01751	0.01822	0.03647	0.02997	0.09547	0.01821	0.36534	0.02292	0.01746	0.02431	0.01787	0.02480	0.01481	0.02259	0.19283	0.00570	0.05186	0.00918	0.00423	0.01025
78	0.02024	0.38347	0.28265	0.01815	0.02714	0.05834	0.02048	0.02564	0.01748	0.02260	0.01308	0.01525	0.01069	0.00744	0.00648	0.00210	0.01037	0.00517	0.00364	0.04959
79	0.02505	0.02825	0.02935	0.03830	0.38578	0.30065	0.02144	0.02879	0.02090	0.02422	0.01443	0.01817	0.01210	0.00790	0.00791	0.00233	0.01206	0.00652	0.00418	0.01165
80	0.01203	0.00824	0.01002	0.01002	0.01035	0.00857	0.00623	0.01269	0.01236	0.01682	0.02530	0.04953	0.02810	0.56425	0.18320	0.00923	0.01122	0.01137	0.00490	0.00556
81	0.01056	0.00741	0.00951	0.01101	0.01138	0.00704	0.00712	0.01168	0.01505	0.02007	0.04142	0.55827	0.04944	0.17789	0.01766	0.00442	0.00554	0.02105	0.00712	0.00637
82	0.03109	0.03792	0.02368	0.02117	0.02569	0.60805	0.01602	0.09431	0.02514	0.02362	0.01357	0.01549	0.01105	0.00871	0.00757	0.00218	0.01438	0.00557	0.00469	0.01009
83	0.03124	0.03342	0.02407	0.02054	0.02571	0.42947	0.01595	0.25815	0.02941	0.03243	0.01553	0.01686	0.01200	0.00909	0.00780	0.00227	0.01277	0.00615	0.00580	0.01133
84	0.03103	0.03959	0.02354	0.02140	0.02568	0.67469	0.01605	0.03317	0.02354	0.02033	0.01284	0.01498	0.01070	0.00856	0.00749	0.00214	0.01498	0.00535	0.00428	0.00963
85	0.01017	0.00843	0.00890	0.00878	0.01143	0.00716	0.00659	0.01260	0.01976	0.02439	0.18596	0.07674	0.54983	0.02031	0.00981	0.00277	0.00416	0.01708	0.00797	0.00716
86	0.01000	0.00769	0.00916	0.01033	0.01172	0.00685	0.00716	0.01171	0.01709	0.02169	0.06081	0.45877	0.28910	0.02407	0.01030	0.00315	0.00458	0.02123	0.00771	0.00685
87	0.01193	0.00808	0.00902	0.00902	0.00920	0.00798	0.00512	0.01207	0.01254	0.01653	0.03002	0.05606	0.07146	0.66252	0.04013	0.00771	0.00780	0.01244	0.00521	0.00516
88	0.76672	0.01607	0.01221	0.01092	0.01607	0.01864	0.00900	0.02442	0.01414	0.03727	0.01157	0.01350	0.00900	0.00771	0.00514	0.00257	0.00643	0.00450	0.00514	0.00900
89	0.02504	0.02823	0.02937	0.03834	0.38658	0.29983	0.02146	0.02878	0.02089	0.02423	0.01444	0.01817	0.01211	0.00790	0.00791	0.00233	0.01206	0.00652	0.00418	0.01165
90	0.01549	0.00774	0.00774	0.00774	0.00968	0.00774	0.00581	0.01936	0.01742	0.03097	0.02710	0.03097	0.02129	0.00968	0.00581	0.00194	0.00387	0.00774	0.75416	0.00774
91	0.01443	0.00722	0.01082	0.01082	0.01082	0.00722	0.00722	0.01082	0.01082	0.01443	0.01443	0.02525	0.01443	0.02886	0.03247	0.75830	0.00722	0.00722	0.00361	0.00361
92	0.01569	0.01477	0.02492	0.68808	0.05722	0.01846	0.02307	0.02123	0.01661	0.02123	0.01477	0.02215	0.01107	0.00831	0.00831	0.00277	0.01107	0.00738	0.00369	0.00923
93	0.01012	0.00843	0.00883	0.00873	0.01140	0.00714	0.00655	0.01250	0.01964	0.02412	0.17185	0.07719	0.56411	0.02041	0.00982	0.00278	0.00416	0.01715	0.00794	0.00714
94	0.02119	0.01811	0.01908	0.01701	0.02180	0.02091	0.01328	0.07253	0.61196	0.03561	0.03314	0.03046	0.02481	0.01121	0.00845	0.00280	0.00670	0.00930	0.00845	0.01320
95	0.01339	0.00956	0.01339	0.01530	0.01721	0.00956	0.01339	0.01721	0.01912	0.02486	0.04399	0.09371	0.04781	0.02295	0.01147	0.00382	0.00765	0.60031	0.00765	0.00765
96	0.01569	0.01477	0.02492	0.68808	0.05722	0.01846	0.02307	0.02123	0.01661	0.02123	0.01477	0.02215	0.01107	0.00831	0.00831	0.00277	0.01107	0.00738	0.00369	0.00923
97	0.01012	0.00723	0.00964	0.01157	0.01205	0.00675	0.00771	0.01157	0.01591	0.02121	0.04579	0.70262	0.05495	0.02603	0.01060	0.00337	0.00482	0.02362	0.00771	0.00675
98	0.01187	0.00890	0.01335	0.01335	0.01483	0.01038	0.01038	0.01483	0.01335	0.01928	0.02225	0.03264	0.02077	0.06231	0.67512	0.01335	0.02225	0.00890	0.00445	0.00742
99	0.02289	0.02416	0.03145	0.04440	0.51582	0.16558	0.02339	0.02721	0.01995	0.02562	0.01501	0.01932	0.01261	0.00766	0.00806	0.00239	0.01101	0.00695	0.00415	0.01237
100	0.02289	0.02416	0.03145	0.04440	0.51582	0.16558	0.02339	0.02721	0.01995	0.02562	0.01501	0.01932	0.01261	0.00766	0.00806	0.00239	0.01101	0.00695	0.00415	0.01237
101	0.02566	0.25521	0.03125	0.05512	0.08842	0.33281	0.01685	0.02841	0.01999	0.02078	0.01269	0.01552	0.01096	0.00828	0.00795	0.00216	0.04824	0.00546	0.00396	0.01027
102	0.06481	0.03736	0.15287	0.02136	0.02696	0.45667	0.01882	0.03028	0.02098	0.02238	0.01304	0.01568	0.01059	0.00886	0.00903	0.00238	0.06809	0.00562	0.00412	0.01009

[dist]
# distance from previous block
# <min> <max>
0	9

[block]
# block no. 4 follows, 22 sequences, length 77
# corresponding to MSA columns:
# 197-273
name=unknown_E
#
# <colnr> <probs for GDERKNQSTAVLIFYWHMCP>
#	G	D	E	R	K	N	Q	S	T	A	V	L	I	F	Y	W	H	M	C	P
0	0.02942	0.17383	0.02837	0.01886	0.02480	0.24790	0.01555	0.29919	0.02912	0.03457	0.01576	0.01687	0.01223	0.00889	0.00741	0.00222	0.01107	0.00612	0.00594	0.01187
1	0.01403	0.04938	0.12497	0.01466	0.01877	0.05305	0.01381	0.01788	0.01850	0.02339	0.04663	0.15755	0.20154	0.01867	0.00975	0.00308	0.00762	0.19176	0.00656	0.00840
2	0.01869	0.01430	0.01651	0.01440	0.01888	0.01397	0.01175	0.19467	0.02419	0.03265	0.03668	0.11007	0.11965	0.01552	0.00907	0.00268	0.00699	0.15915	0.00726	0.17291
3	0.01925	0.10123	0.18826	0.05326	0.17066	0.09155	0.02034	0.02672	0.09438	0.02539	0.02619	0.02780	0.10033	0.00998	0.00799	0.00250	0.00982	0.00815	0.00492	0.01128
4	0.02740	0.07679	0.02429	0.02210	0.06936	0.50657	0.01593	0.02987	0.02155	0.02064	0.01410	0.01742	0.01210	0.01492	0.08854	0.00350	0.01511	0.00587	0.00424	0.00968
5	0.01144	0.00931	0.00953	0.00916	0.01190	0.00831	0.00677	0.05072	0.01944	0.02362	0.07367	0.07333	0.54347	0.09670	0.01333	0.00337	0.00495	0.01629	0.00745	0.00724
6	0.01177	0.00875	0.01291	0.01303	0.01437	0.01004	0.00995	0.01449	0.01345	0.01925	0.02393	0.07585	0.02338	0.09189	0.60210	0.01246	0.02045	0.00998	0.00468	0.00726
7	0.02017	0.02032	0.02507	0.03367	0.32998	0.14603	0.01946	0.02405	0.01969	0.02485	0.02411	0.08077	0.02402	0.01272	0.00905	0.00280	0.01000	0.15729	0.00526	0.01067
8	0.01929	0.17884	0.02630	0.02279	0.15254	0.12903	0.01539	0.02246	0.01704	0.02117	0.01681	0.02269	0.01515	0.02904	0.26876	0.00652	0.01535	0.00696	0.00414	0.00974
9	0.01968	0.01964	0.03135	0.24127	0.39745	0.06062	0.06095	0.02475	0.01855	0.02489	0.01526	0.02080	0.01234	0.00772	0.00830	0.00256	0.01081	0.00741	0.00400	0.01163
10	0.02003	0.01900	0.03217	0.04835	0.61552	0.01900	0.02421	0.02465	0.01849	0.02645	0.01629	0.02269	0.01423	0.05147	0.01037	0.00282	0.00976	0.00770	0.00417	0.01265
11	0.01059	0.00814	0.00964	0.01068	0.01210	0.00753	0.00740	0.01321	0.04570	0.02203	0.05698	0.44116	0.24813	0.05179	0.01155	0.00335	0.00483	0.02049	0.00764	0.00706
12	0.01196	0.00854	0.01153	0.01153	0.01238	0.00939	0.00811	0.01367	0.01281	0.01794	0.02392	0.04186	0.02477	0.33652	0.40638	0.01110	0.01622	0.01025	0.00470	0.00641
13	0.17346	0.03651	0.50120	0.02082	0.03137	0.01944	0.02553	0.05217	0.01777	0.02973	0.01443	0.01680	0.01036	0.00795	0.00734	0.00261	0.01092	0.00586	0.00406	0.01168
14	0.01026	0.00831	0.00911	0.00916	0.01155	0.00716	0.00677	0.01268	0.01960	0.02461	0.19986	0.13879	0.47174	0.02069	0.00989	0.00282	0.00421	0.01762	0.00802	0.00716
15	0.01187	0.00890	0.01335	0.01335	0.01483	0.01038	0.01038	0.01483	0.01335	0.01928	0.02225	0.03264	0.02077	0.06231	0.67512	0.01335	0.02225	0.00890	0.00445	0.00742
16	0.02133	0.01732	0.01939	0.01461	0.02148	0.01601	0.01177	0.17978	0.09866	0.03450	0.01841	0.01960	0.01436	0.00776	0.00699	0.00175	0.00697	0.00612	0.00622	0.47697
17	0.02221	0.71304	0.04353	0.01421	0.02132	0.03287	0.01421	0.02488	0.01688	0.01955	0.01155	0.01333	0.01066	0.00711	0.00533	0.00178	0.00888	0.00444	0.00355	0.01066
18	0.02713	0.17604	0.02738	0.01811	0.02391	0.17433	0.01495	0.23880	0.15685	0.03422	0.01940	0.01969	0.01494	0.00930	0.00750	0.00232	0.00988	0.00673	0.00639	0.01214
19	0.02366	0.02100	0.01958	0.01698	0.02110	0.15529	0.01329	0.26966	0.02656	0.03342	0.02476	0.10711	0.04627	0.02348	0.15366	0.00490	0.01249	0.00972	0.00653	0.01053
20	0.01199	0.00802	0.00909	0.00918	0.00920	0.00799	0.00516	0.01206	0.01226	0.01635	0.02709	0.08465	0.03136	0.67618	0.04080	0.00784	0.00790	0.01262	0.00516	0.00511
21	0.02037	0.01489	0.01694	0.01517	0.01860	0.01582	0.01157	0.30608	0.02696	0.03608	0.03345	0.37673	0.03546	0.01836	0.00951	0.00295	0.00688	0.01591	0.00800	0.01027
22	0.05946	0.08460	0.11093	0.02730	0.15884	0.21629	0.07205	0.02793	0.04864	0.02445	0.01534	0.01884	0.01257	0.01148	0.04805	0.00308	0.03829	0.00663	0.00430	0.01092
23	0.14619	0.13616	0.32414	0.02026	0.02901	0.13458	0.04932	0.02698	0.01800	0.02613	0.01358	0.01602	0.01041	0.00782	0.00707	0.00242	0.01134	0.00564	0.00395	0.01098
24	0.01024	0.00788	0.00923	0.01002	0.01158	0.00702	0.00700	0.01211	0.01766	0.02255	0.11504	0.35072	0.30674	0.05816	0.01183	0.00331	0.00465	0.01970	0.00770	0.00687
25	0.01666	0.04297	0.66500	0.02368	0.03596	0.01929	0.03069	0.02631	0.01754	0.02631	0.01491	0.01754	0.01052	0.00789	0.00789	0.00263	0.01228	0.00614	0.00351	0.01228
26	0.02658	0.24652	0.10762	0.01947	0.02559	0.39823	0.01727	0.02979	0.02077	0.02082	0.01270	0.01478	0.01067	0.00803	0.00688	0.00209	0.01278	0.00517	0.00396	0.01027
27	0.02447	0.02033	0.02350	0.06548	0.15771	0.08534	0.01674	0.13443	0.21742	0.09701	0.05351	0.02599	0.02058	0.00996	0.00833	0.00258	0.00874	0.00829	0.00702	0.01257
28	0.01830	0.02146	0.09026	0.23258	0.12143	0.01995	0.32293	0.02483	0.01845	0.02503	0.01589	0.02171	0.01204	0.00752	0.00900	0.00274	0.01248	0.00848	0.00398	0.01094
29	0.02943	0.16198	0.02717	0.02010	0.02489	0.55805	0.01572	0.03166	0.02233	0.02019	0.01261	0.01468	0.01069	0.00830	0.00710	0.00207	0.01387	0.00519	0.00415	0.00982
30	0.01079	0.00831	0.00939	0.00931	0.01125	0.00742	0.00663	0.01303	0.01894	0.02449	0.23853	0.10737	0.34380	0.13612	0.01534	0.00367	0.00481	0.01624	0.00768	0.00691
31	0.05903	0.05538	0.02445	0.01947	0.02443	0.22230	0.01566	0.28951	0.06497	0.03569	0.01682	0.01834	0.01301	0.00997	0.01012	0.00252	0.09372	0.00667	0.00620	0.01174
32	0.02745	0.02026	0.02251	0.01791	0.02347	0.02254	0.01466	0.49994	0.03367	0.04543	0.02043	0.02260	0.01552	0.02094	0.14802	0.00477	0.01189	0.00778	0.00750	0.01272
33	0.02076	0.01625	0.01779	0.01489	0.01956	0.01698	0.01152	0.20859	0.18237	0.03455	0.02899	0.09814	0.05295	0.09662	0.01241	0.00314	0.00717	0.01019	0.00728	0.13986
34	0.01190	0.00875	0.01261	0.01261	0.01384	0.00998	0.00946	0.01436	0.01313	0.01874	0.02293	0.03639	0.02240	0.17394	0.56571	0.01244	0.01980	0.00945	0.00455	0.00701
35	0.01208	0.00805	0.00906	0.00906	0.00906	0.00805	0.00503	0.01208	0.01208	0.01611	0.02618	0.05436	0.03020	0.70804	0.04228	0.00805	0.00805	0.01208	0.00503	0.00503
36	0.18583	0.44487	0.03326	0.01474	0.02093	0.14073	0.01340	0.02621	0.01743	0.02354	0.01178	0.01365	0.01031	0.00749	0.00566	0.00201	0.00940	0.00461	0.00402	0.01012
37	0.02077	0.01788	0.02418	0.02976	0.26902	0.01920	0.01762	0.03502	0.33632	0.05713	0.06337	0.02865	0.02355	0.01006	0.00844	0.00266	0.00772	0.00891	0.00687	0.01288
38	0.02153	0.08364	0.03235	0.11187	0.45465	0.10491	0.02302	0.02597	0.01908	0.02496	0.01481	0.01937	0.01240	0.00762	0.00788	0.00240	0.01057	0.00687	0.00404	0.01206
39	0.01443	0.00722	0.01082	0.01082	0.01082	0.00722	0.00722	0.01082	0.01082	0.01443	0.01443	0.02525	0.01443	0.02886	0.03247	0.75830	0.00722	0.00722	0.00361	0.00361
40	0.02780	0.03053	0.02390	0.06145	0.05650	0.38616	0.01665	0.15751	0.02495	0.02747	0.01505	0.01799	0.01219	0.01240	0.04920	0.00304	0.05522	0.00636	0.00507	0.01057
41	0.01187	0.00890	0.01335	0.01335	0.01483	0.01038	0.01038	0.01483	0.01335	0.01928	0.02225	0.03264	0.02077	0.06231	0.67512	0.01335	0.02225	0.00890	0.00445	0.00742
42	0.01744	0.01754	0.01520	0.01617	0.04065	0.19442	0.01112	0.04980	0.01934	0.02278	0.03415	0.45033	0.03895	0.01964	0.00953	0.00295	0.00806	0.01709	0.00665	0.00817
43	0.01207	0.00810	0.00928	0.00928	0.00936	0.00817	0.00531	0.01222	0.01215	0.01627	0.02597	0.05325	0.02972	0.67488	0.07479	0.00833	0.00878	0.01192	0.00500	0.00516
44	0.03158	0.02327	0.02493	0.01911	0.02576	0.02576	0.01579	0.62852	0.03906	0.05236	0.01995	0.01995	0.01413	0.00997	0.00831	0.00249	0.00914	0.00748	0.00831	0.01413
45	0.01419	0.01222	0.01937	0.05415	0.08768	0.01430	0.04186	0.01753	0.01431	0.02065	0.01939	0.02840	0.01776	0.04474	0.45241	0.00986	0.10991	0.00849	0.00425	0.00852
46	0.11437	0.24340	0.30573	0.01825	0.02704	0.02350	0.02063	0.07429	0.01846	0.02739	0.01422	0.01667	0.01117	0.01048	0.03971	0.00288	0.01072	0.00565	0.00417	0.01127
47	0.01990	0.01927	0.03071	0.04550	0.56001	0.04690	0.02319	0.02434	0.01880	0.02621	0.01872	0.09308	0.01751	0.00944	0.00845	0.00255	0.00955	0.00904	0.00450	0.01232
48	0.03158	0.02327	0.02493	0.01911	0.02576	0.02576	0.01579	0.62852	0.03906	0.05236	0.01995	0.01995	0.01413	0.00997	0.00831	0.00249	0.00914	0.00748	0.00831	0.01413
49	0.01187	0.00890	0.01335	0.01335	0.01483	0.01038	0.01038	0.01483	0.01335	0.01928	0.02225	0.03264	0.02077	0.06231	0.67512	0.01335	0.02225	0.00890	0.00445	0.00742
50	0.01997	0.01913	0.03265	0.12841	0.58343	0.01958	0.02520	0.02498	0.01864	0.02642	0.01552	0.02075	0.01291	0.00751	0.00823	0.00250	0.01002	0.00740	0.00406	0.01268
51	0.02148	0.02196	0.03264	0.08672	0.51354	0.09931	0.05201	0.02621	0.01937	0.02592	0.01529	0.02007	0.01270	0.00758	0.00821	0.00246	0.01076	0.00726	0.00411	0.01239
52	0.00992	0.00801	0.00883	0.00948	0.01150	0.00692	0.00679	0.01180	0.01791	0.02202	0.07114	0.29119	0.45002	0.02273	0.01008	0.00300	0.00442	0.01960	0.00771	0.00692
53	0.76672	0.01607	0.01221	0.01092	0.01607	0.01864	0.00900	0.02442	0.01414	0.03727	0.01157	0.01350	0.00900	0.00771	0.00514	0.00257	0.00643	0.00450	0.00514	0.00900
54	0.76672	0.01607	0.01221	0.01092	0.01607	0.01864	0.00900	0.02442	0.01414	0.03727	0.01157	0.01350	0.00900	0.00771	0.00514	0.00257	0.00643	0.00450	0.00514	0.00900
55	0.01012	0.00723	0.00964	0.01157	0.01205	0.00675	0.00771	0.01157	0.01591	0.02121	0.04579	0.70262	0.05495	0.02603	0.01060	0.00337	0.00482	0.02362	0.00771	0.00675
56	0.01187	0.00890	0.01335	0.01335	0.01483	0.01038	0.01038	0.01483	0.01335	0.01928	0.02225	0.03264	0.02077	0.06231	0.67512	0.01335	0.02225	0.00890	0.00445	0.00742
57	0.01961	0.02241	0.04902	0.03501	0.04342	0.02101	0.62605	0.02661	0.01961	0.02661	0.01681	0.02241	0.01261	0.00700	0.00980	0.00280	0.01401	0.00980	0.00420	0.01120
58	0.01022	0.00843	0.00897	0.00884	0.01147	0.00718	0.00663	0.01270	0.01988	0.02468	0.20111	0.07626	0.53450	0.02020	0.00981	0.00277	0.00415	0.01702	0.00801	0.00718
59	0.00982	0.00842	0.00842	0.00842	0.01122	0.00701	0.00631	0.01192	0.01894	0.02244	0.08416	0.07995	0.65285	0.02104	0.00982	0.00281	0.00421	0.01753	0.00771	0.00701
60	0.01549	0.00774	0.00774	0.00774	0.00968	0.00774	0.00581	0.01936	0.01742	0.03097	0.02710	0.03097	0.02129	0.00968	0.00581	0.00194	0.00387	0.00774	0.75416	0.00774
61	0.05367	0.04164	0.63279	0.02305	0.03497	0.01926	0.02962	0.02622	0.01737	0.02685	0.01474	0.01734	0.01045	0.00788	0.00776	0.00263	0.01199	0.00606	0.00359	0.01212
62	0.02269	0.02841	0.14805	0.03784	0.37172	0.15724	0.02390	0.06307	0.02083	0.02706	0.01517	0.01880	0.01221	0.00789	0.00801	0.00243	0.01134	0.00674	0.00428	0.01231
63	0.02398	0.54008	0.03849	0.01607	0.02229	0.17233	0.01476	0.02650	0.01817	0.01973	0.01181	0.01387	0.01068	0.00771	0.00663	0.00193	0.03614	0.00475	0.00371	0.01038
64	0.01420	0.01155	0.01720	0.02075	0.15314	0.01261	0.01252	0.01663	0.01414	0.02007	0.02132	0.03573	0.02139	0.24326	0.29961	0.00880	0.05508	0.00944	0.00451	0.00804
65	0.02695	0.06373	0.16438	0.05163	0.02920	0.34170	0.01943	0.15344	0.02484	0.02824	0.01479	0.01682	0.01138	0.00863	0.00769	0.00233	0.01276	0.00602	0.00489	0.01116
66	0.02012	0.01929	0.03293	0.10812	0.60251	0.01962	0.02528	0.02511	0.01871	0.02661	0.01555	0.02070	0.01297	0.00748	0.00823	0.00249	0.00998	0.00740	0.00407	0.01281
67	0.01014	0.00852	0.00886	0.00903	0.01176	0.00724	0.00694	0.01239	0.01895	0.02266	0.08057	0.08118	0.59885	0.02121	0.00997	0.00290	0.00452	0.06955	0.00771	0.00707
68	0.01963	0.02738	0.17402	0.02887	0.03611	0.07495	0.32897	0.02578	0.01813	0.02473	0.01491	0.01993	0.01167	0.00881	0.01265	0.00288	0.14760	0.00816	0.00395	0.01089
69	0.01666	0.04297	0.66500	0.02368	0.03596	0.01929	0.03069	0.02631	0.01754	0.02631	0.01491	0.01754	0.01052	0.00789	0.00789	0.00263	0.01228	0.00614	0.00351	0.01228
70	0.05583	0.01713	0.03088	0.16599	0.14046	0.01786	0.21343	0.02273	0.01817	0.02538	0.02285	0.03582	0.04213	0.01099	0.01008	0.00294	0.04192	0.11043	0.00483	0.01014
71	0.01008	0.00737	0.00949	0.01118	0.01195	0.00678	0.00754	0.01161	0.01627	0.02136	0.05045	0.62695	0.12760	0.02542	0.01051	0.00330	0.00475	0.02288	0.00771	0.00678
72	0.03042	0.02269	0.02428	0.01888	0.02532	0.02522	0.01551	0.56618	0.10330	0.05048	0.02142	0.02112	0.01533	0.01011	0.00833	0.00253	0.00887	0.00768	0.00833	0.01402
