[name]
unknown

[dist]
# distance from previous block
# <min> <max>
0	11

[block]
# block no. 0 follows, 20 sequences, length 24
# corresponding to MSA columns:
# 11-34
name=unknown_A
#
# <colnr> <probs for GDERKNQSTAVLIFYWHMCP>
#	G	D	E	R	K	N	Q	S	T	A	V	L	I	F	Y	W	H	M	C	P
0	0.01704	0.01567	0.01545	0.01646	0.01902	0.12825	0.01377	0.02054	0.02091	0.02496	0.04472	0.08174	0.10574	0.02112	0.01110	0.00358	0.00905	0.41514	0.00739	0.00834
1	0.08037	0.03683	0.02420	0.02131	0.02632	0.50177	0.01632	0.13852	0.02702	0.02862	0.01475	0.01657	0.01177	0.00920	0.00786	0.00234	0.01403	0.00596	0.00532	0.01092
2	0.23023	0.01911	0.01910	0.01587	0.02175	0.06081	0.01281	0.10489	0.14947	0.24121	0.02558	0.02409	0.01785	0.01012	0.00781	0.00271	0.00793	0.00758	0.00826	0.01284
3	0.02911	0.01802	0.02089	0.01664	0.02306	0.01809	0.01343	0.15199	0.20677	0.24018	0.02885	0.02684	0.02029	0.01030	0.00840	0.00252	0.00753	0.00830	0.00885	0.13996
4	0.01970	0.01646	0.01895	0.01369	0.02135	0.01328	0.01100	0.08491	0.02054	0.03127	0.01609	0.01839	0.01312	0.00689	0.00670	0.00143	0.00680	0.00546	0.00555	0.66842
5	0.01201	0.00877	0.01129	0.01094	0.01290	0.00804	0.00810	0.01571	0.02348	0.03277	0.53109	0.13320	0.12077	0.01917	0.01038	0.00284	0.00424	0.01694	0.00933	0.00804
6	0.01031	0.00884	0.00884	0.00884	0.01178	0.00736	0.00663	0.01252	0.01988	0.02356	0.08837	0.08395	0.63549	0.02209	0.01031	0.00295	0.00442	0.01841	0.00810	0.00736
7	0.01235	0.00892	0.01166	0.01097	0.01303	0.00823	0.00823	0.01646	0.02469	0.03498	0.63443	0.06516	0.08230	0.01783	0.01029	0.00274	0.00412	0.01578	0.00960	0.00823
8	0.75506	0.01687	0.01282	0.01147	0.01687	0.01957	0.00945	0.02564	0.01484	0.03914	0.01215	0.01417	0.00945	0.00810	0.00540	0.00270	0.00675	0.00472	0.00540	0.00945
9	0.75506	0.01687	0.01282	0.01147	0.01687	0.01957	0.00945	0.02564	0.01484	0.03914	0.01215	0.01417	0.00945	0.00810	0.00540	0.00270	0.00675	0.00472	0.00540	0.00945
10	0.01359	0.00974	0.01341	0.01469	0.01671	0.00955	0.01248	0.01764	0.02133	0.02850	0.20529	0.08940	0.05888	0.02240	0.01157	0.00367	0.00697	0.42763	0.00846	0.00809
11	0.01647	0.01550	0.02616	0.67248	0.06008	0.01938	0.02422	0.02229	0.01744	0.02229	0.01550	0.02326	0.01163	0.00872	0.00872	0.00291	0.01163	0.00775	0.00388	0.00969
12	0.02170	0.01874	0.01972	0.01775	0.02268	0.02170	0.01381	0.04635	0.62327	0.03649	0.03550	0.03254	0.02663	0.01183	0.00888	0.00296	0.00690	0.00986	0.00888	0.01381
13	0.01997	0.01670	0.01908	0.01404	0.02150	0.01403	0.01126	0.08672	0.06550	0.03187	0.01757	0.01947	0.01414	0.00729	0.00688	0.00156	0.00683	0.00580	0.00582	0.61396
14	0.03914	0.01484	0.02024	0.01552	0.02227	0.01282	0.01282	0.04251	0.02497	0.64507	0.03441	0.02969	0.02159	0.01080	0.00877	0.00270	0.00742	0.00877	0.01080	0.01484
15	0.01647	0.01550	0.02616	0.67248	0.06008	0.01938	0.02422	0.02229	0.01744	0.02229	0.01550	0.02326	0.01163	0.00872	0.00872	0.00291	0.01163	0.00775	0.00388	0.00969
16	0.01647	0.01550	0.02616	0.67248	0.06008	0.01938	0.02422	0.02229	0.01744	0.02229	0.01550	0.02326	0.01163	0.00872	0.00872	0.00291	0.01163	0.00775	0.00388	0.00969
17	0.01647	0.01550	0.02616	0.67248	0.06008	0.01938	0.02422	0.02229	0.01744	0.02229	0.01550	0.02326	0.01163	0.00872	0.00872	0.00291	0.01163	0.00775	0.00388	0.00969
18	0.01991	0.02136	0.04244	0.03032	0.03885	0.01924	0.44588	0.02632	0.01991	0.02807	0.01707	0.02206	0.01315	0.00711	0.00926	0.00250	0.01248	0.00891	0.00462	0.21056
19	0.03101	0.02893	0.02461	0.02044	0.02628	0.22786	0.01619	0.32961	0.13559	0.04106	0.02105	0.02127	0.01571	0.01023	0.00848	0.00256	0.01110	0.00748	0.00740	0.01315
20	0.02282	0.02227	0.02024	0.01735	0.02296	0.14175	0.01346	0.03753	0.34418	0.03139	0.02585	0.02539	0.01995	0.00983	0.00803	0.00237	0.00849	0.00777	0.00703	0.21134
21	0.39335	0.01844	0.01816	0.01474	0.02088	0.02002	0.01216	0.18760	0.02428	0.18431	0.01970	0.01961	0.01373	0.00937	0.00708	0.00268	0.00768	0.00651	0.00755	0.01216
22	0.22873	0.02188	0.02225	0.01750	0.02404	0.02427	0.01445	0.42172	0.03308	0.08209	0.01928	0.01958	0.01374	0.00985	0.00783	0.00264	0.00871	0.00706	0.00794	0.01338
23	0.19361	0.01895	0.02364	0.01820	0.02494	0.01935	0.07696	0.19843	0.02682	0.27732	0.02387	0.02311	0.01609	0.00974	0.00818	0.00270	0.00867	0.00778	0.00833	0.01332

[dist]
# distance from previous block
# <min> <max>
0	2

[block]
# block no. 1 follows, 20 sequences, length 44
# corresponding to MSA columns:
# 37-80
name=unknown_B
#
# <colnr> <probs for GDERKNQSTAVLIFYWHMCP>
#	G	D	E	R	K	N	Q	S	T	A	V	L	I	F	Y	W	H	M	C	P
0	0.03101	0.03058	0.02391	0.02055	0.02564	0.32900	0.01603	0.15886	0.12008	0.09376	0.02048	0.02101	0.01543	0.01024	0.00934	0.00256	0.04554	0.00717	0.00667	0.01213
1	0.03178	0.03445	0.02470	0.02134	0.02661	0.41437	0.01650	0.20622	0.08316	0.03267	0.01766	0.01878	0.01368	0.00968	0.00821	0.00242	0.01312	0.00666	0.00614	0.01184
2	0.06996	0.02554	0.02397	0.01924	0.02554	0.14677	0.01553	0.35103	0.05614	0.14688	0.02189	0.02151	0.01546	0.01017	0.00840	0.00258	0.01017	0.00749	0.00809	0.01361
3	0.02309	0.02353	0.03180	0.07041	0.45865	0.11926	0.02383	0.02981	0.08141	0.02795	0.01785	0.02186	0.01462	0.00841	0.00854	0.00259	0.01089	0.00765	0.00479	0.01308
4	0.02190	0.02316	0.02880	0.02174	0.02898	0.14526	0.17804	0.02754	0.05286	0.02730	0.01678	0.01991	0.01341	0.00751	0.00794	0.00203	0.01065	0.00694	0.00502	0.35423
5	0.01752	0.01755	0.03263	0.51014	0.05638	0.02006	0.17314	0.02373	0.01825	0.02373	0.01605	0.02333	0.01204	0.00837	0.00912	0.00292	0.01241	0.00840	0.00401	0.01022
6	0.51774	0.01643	0.01711	0.22386	0.03075	0.01951	0.01420	0.02456	0.01568	0.03372	0.01322	0.01709	0.01015	0.00830	0.00647	0.00277	0.00832	0.00570	0.00491	0.00952
7	0.02874	0.02692	0.02577	0.18735	0.03546	0.20086	0.01861	0.29977	0.03046	0.03727	0.01748	0.02008	0.01301	0.00961	0.00849	0.00259	0.01182	0.00721	0.00631	0.01221
8	0.17371	0.02922	0.02120	0.01854	0.02350	0.32436	0.01437	0.14014	0.02550	0.06129	0.04497	0.04937	0.01731	0.01040	0.00784	0.00251	0.01141	0.00733	0.00616	0.01088
9	0.06939	0.02729	0.02523	0.02009	0.02652	0.14589	0.01627	0.47194	0.03662	0.04783	0.01909	0.01962	0.01388	0.01007	0.00840	0.00255	0.01061	0.00727	0.00776	0.01367
10	0.64035	0.01564	0.01264	0.01139	0.01628	0.01782	0.00926	0.02422	0.01637	0.03849	0.10826	0.02205	0.02070	0.00960	0.00615	0.00271	0.00634	0.00643	0.00605	0.00926
11	0.06593	0.03442	0.02399	0.02088	0.02606	0.43485	0.01610	0.15315	0.05781	0.06130	0.01712	0.01828	0.01319	0.00949	0.00802	0.00240	0.01319	0.00641	0.00594	0.01147
12	0.13869	0.02030	0.02075	0.01753	0.02320	0.02311	0.01403	0.22620	0.34019	0.04290	0.02717	0.02594	0.02014	0.01081	0.00829	0.00281	0.00775	0.00842	0.00829	0.01347
13	0.03258	0.04157	0.02472	0.02247	0.02697	0.65843	0.01685	0.03483	0.02472	0.02135	0.01348	0.01573	0.01124	0.00899	0.00787	0.00225	0.01573	0.00562	0.00449	0.01011
14	0.03023	0.02298	0.02453	0.01948	0.02594	0.02568	0.01587	0.46602	0.18971	0.05025	0.02466	0.02391	0.01785	0.01082	0.00876	0.00270	0.00891	0.00837	0.00876	0.01457
15	0.01031	0.00884	0.00884	0.00884	0.01178	0.00736	0.00663	0.01252	0.01988	0.02356	0.08837	0.08395	0.63549	0.02209	0.01031	0.00295	0.00442	0.01841	0.00810	0.00736
16	0.01182	0.00857	0.01115	0.01118	0.01288	0.00790	0.00813	0.01519	0.02244	0.03124	0.46125	0.22496	0.09976	0.02044	0.01050	0.00296	0.00437	0.01819	0.00915	0.00790
17	0.02159	0.02073	0.03541	0.05354	0.63903	0.02073	0.02677	0.02677	0.01986	0.02850	0.01641	0.02159	0.01382	0.00777	0.00864	0.00259	0.01036	0.00777	0.00432	0.01382
18	0.01206	0.00858	0.00944	0.00941	0.01026	0.00817	0.00577	0.01282	0.01509	0.01946	0.07167	0.06432	0.18829	0.49012	0.03408	0.00678	0.00722	0.01429	0.00621	0.00596
19	0.01246	0.00935	0.01402	0.01402	0.01558	0.01090	0.01090	0.01558	0.01402	0.02025	0.02336	0.03427	0.02181	0.06542	0.65888	0.01402	0.02336	0.00935	0.00467	0.00779
20	0.75506	0.01687	0.01282	0.01147	0.01687	0.01957	0.00945	0.02564	0.01484	0.03914	0.01215	0.01417	0.00945	0.00810	0.00540	0.00270	0.00675	0.00472	0.00540	0.00945
21	0.02332	0.69869	0.04571	0.01493	0.02239	0.03451	0.01493	0.02612	0.01772	0.02052	0.01213	0.01399	0.01119	0.00746	0.00560	0.00187	0.00933	0.00466	0.00373	0.01119
22	0.02332	0.69869	0.04571	0.01493	0.02239	0.03451	0.01493	0.02612	0.01772	0.02052	0.01213	0.01399	0.01119	0.00746	0.00560	0.00187	0.00933	0.00466	0.00373	0.01119
23	0.03316	0.02443	0.02618	0.02007	0.02705	0.02705	0.01658	0.60995	0.04101	0.05497	0.02094	0.02094	0.01483	0.01047	0.00873	0.00262	0.00960	0.00785	0.00873	0.01483
24	0.01809	0.01550	0.01809	0.01292	0.02067	0.01163	0.01034	0.02196	0.01809	0.02842	0.01550	0.01809	0.01292	0.00646	0.00646	0.00129	0.00646	0.00517	0.00517	0.74677
25	0.75506	0.01687	0.01282	0.01147	0.01687	0.01957	0.00945	0.02564	0.01484	0.03914	0.01215	0.01417	0.00945	0.00810	0.00540	0.00270	0.00675	0.00472	0.00540	0.00945
26	0.01268	0.00846	0.00951	0.00951	0.00951	0.00846	0.00529	0.01268	0.01268	0.01691	0.02748	0.05708	0.03171	0.69345	0.04440	0.00846	0.00846	0.01268	0.00529	0.00529
27	0.02159	0.02073	0.03541	0.05354	0.63903	0.02073	0.02677	0.02677	0.01986	0.02850	0.01641	0.02159	0.01382	0.00777	0.00864	0.00259	0.01036	0.00777	0.00432	0.01382
28	0.01063	0.00759	0.01012	0.01215	0.01265	0.00709	0.00810	0.01215	0.01670	0.02227	0.04808	0.68775	0.05769	0.02733	0.01113	0.00354	0.00506	0.02480	0.00810	0.00709
29	0.01987	0.01690	0.01814	0.01683	0.02102	0.01928	0.01286	0.04070	0.52304	0.03414	0.03758	0.14082	0.03176	0.01439	0.00925	0.00306	0.00660	0.01233	0.00875	0.01270
30	0.01809	0.01550	0.01809	0.01292	0.02067	0.01163	0.01034	0.02196	0.01809	0.02842	0.01550	0.01809	0.01292	0.00646	0.00646	0.00129	0.00646	0.00517	0.00517	0.74677
31	0.02267	0.02368	0.04729	0.03401	0.04252	0.02288	0.50973	0.12412	0.02396	0.03241	0.01819	0.02310	0.01350	0.00787	0.01003	0.00289	0.01386	0.00989	0.00512	0.01227
32	0.02277	0.13092	0.02404	0.01718	0.02261	0.02340	0.01395	0.04283	0.49551	0.06202	0.03159	0.02935	0.02384	0.01106	0.00833	0.00277	0.00733	0.00895	0.00811	0.01342
33	0.01389	0.01054	0.01299	0.01209	0.01463	0.01046	0.00915	0.02140	0.12361	0.03523	0.53546	0.05977	0.07310	0.01684	0.01005	0.00278	0.00458	0.01480	0.00948	0.00915
34	0.01227	0.01022	0.01695	0.01621	0.01809	0.00956	0.10712	0.01476	0.01734	0.02320	0.04305	0.57799	0.05035	0.02403	0.01099	0.00344	0.00665	0.02240	0.00749	0.00786
35	0.01201	0.01126	0.01588	0.01345	0.01737	0.00979	0.10590	0.01507	0.02000	0.02429	0.07668	0.07396	0.53267	0.01966	0.01031	0.00294	0.00612	0.01707	0.00749	0.00809
36	0.02997	0.02079	0.02299	0.01835	0.02424	0.02248	0.01484	0.46034	0.03556	0.10242	0.02663	0.13192	0.02252	0.01329	0.00913	0.00278	0.00865	0.01074	0.00881	0.01355
37	0.01987	0.01690	0.01814	0.01683	0.02102	0.01928	0.01286	0.04070	0.52304	0.03414	0.03758	0.14082	0.03176	0.01439	0.00925	0.00306	0.00660	0.01233	0.00875	0.01270
38	0.01534	0.00879	0.01179	0.01270	0.01424	0.00803	0.00888	0.01716	0.01807	0.12519	0.04582	0.57901	0.05173	0.02460	0.01074	0.00340	0.00545	0.02215	0.00854	0.00837
39	0.01217	0.01080	0.01323	0.01622	0.11543	0.00957	0.00996	0.01487	0.01988	0.02438	0.07647	0.07364	0.53276	0.01973	0.01003	0.00289	0.00540	0.01665	0.00748	0.00843
40	0.01268	0.00846	0.00951	0.00951	0.00951	0.00846	0.00529	0.01268	0.01268	0.01691	0.02748	0.05708	0.03171	0.69345	0.04440	0.00846	0.00846	0.01268	0.00529	0.00529
41	0.01530	0.01181	0.01758	0.02226	0.12069	0.01181	0.01616	0.01951	0.02004	0.02650	0.04126	0.08570	0.04419	0.02140	0.01148	0.00378	0.00842	0.48571	0.00742	0.00899
42	0.03624	0.01582	0.02275	0.02180	0.12419	0.01413	0.01513	0.03991	0.02412	0.54319	0.03144	0.02835	0.02031	0.01030	0.00875	0.00268	0.00791	0.00861	0.00973	0.01467
43	0.02218	0.01931	0.02260	0.02377	0.12472	0.02177	0.01607	0.06763	0.49824	0.03597	0.03171	0.03023	0.02400	0.01110	0.00883	0.00288	0.00759	0.00943	0.00812	0.01385

[dist]
# distance from previous block
# <min> <max>
0	9

[block]
# block no. 2 follows, 20 sequences, length 10
# corresponding to MSA columns:
# 90-99
name=unknown_C
#
# <colnr> <probs for GDERKNQSTAVLIFYWHMCP>
#	G	D	E	R	K	N	Q	S	T	A	V	L	I	F	Y	W	H	M	C	P
0	0.01509	0.01306	0.01780	0.01584	0.01706	0.01577	0.01266	0.01831	0.02007	0.02928	0.38039	0.04637	0.05341	0.01679	0.01777	0.00318	0.27870	0.01246	0.00724	0.00877
1	0.01616	0.01292	0.01495	0.01374	0.01697	0.01372	0.01050	0.02865	0.26878	0.03560	0.39020	0.05186	0.05960	0.01539	0.00971	0.00283	0.00525	0.01336	0.00931	0.01050
2	0.01119	0.00904	0.01095	0.01095	0.01333	0.00881	0.00837	0.01377	0.01749	0.02221	0.06186	0.06369	0.38525	0.03976	0.27478	0.00746	0.01214	0.01471	0.00670	0.00754
3	0.01133	0.00813	0.01075	0.01167	0.01281	0.00755	0.00815	0.01391	0.01996	0.02745	0.28718	0.43387	0.06773	0.02346	0.01079	0.00322	0.00468	0.02112	0.00871	0.00755
4	0.01908	0.01908	0.02672	0.02290	0.02290	0.02672	0.01908	0.02099	0.01336	0.02099	0.01145	0.01908	0.01145	0.01527	0.02863	0.00382	0.67748	0.00763	0.00382	0.00954
5	0.01495	0.01287	0.01328	0.01247	0.01623	0.01321	0.00955	0.02631	0.26593	0.02883	0.06681	0.06299	0.38721	0.01791	0.00972	0.00295	0.00543	0.01492	0.00842	0.00999
6	0.01119	0.00904	0.01095	0.01095	0.01333	0.00881	0.00837	0.01377	0.01749	0.02221	0.06186	0.06369	0.38525	0.03976	0.27478	0.00746	0.01214	0.01471	0.00670	0.00754
7	0.03310	0.02618	0.02603	0.02032	0.02704	0.09152	0.01661	0.55123	0.03935	0.05154	0.02018	0.02041	0.01447	0.01032	0.00864	0.00258	0.01022	0.00763	0.00829	0.01435
8	0.01950	0.01860	0.03164	0.30593	0.40295	0.02018	0.02573	0.02494	0.01888	0.02596	0.01604	0.02227	0.01292	0.00816	0.00867	0.00272	0.01088	0.00776	0.00414	0.01213
9	0.01184	0.00933	0.01097	0.01178	0.01435	0.00846	0.00966	0.01478	0.01996	0.02460	0.07116	0.08984	0.39682	0.02291	0.01102	0.00338	0.00589	0.24754	0.00807	0.00764

[dist]
# distance from previous block
# <min> <max>
0	33

# created by:
# /home/cegg/simao/soft/augustus-3.2.1/scripts/msa2prfl.pl ./align_prep/15346.fa
