[name]
unknown

[dist]
# distance from previous block
# <min> <max>
0	3

[block]
# block no. 0 follows, 19 sequences, length 94
# corresponding to MSA columns:
# 3-96
name=unknown_A
#
# <colnr> <probs for GDERKNQSTAVLIFYWHMCP>
#	G	D	E	R	K	N	Q	S	T	A	V	L	I	F	Y	W	H	M	C	P
0	0.02356	0.01742	0.03028	0.03157	0.19278	0.01664	0.14696	0.02862	0.02173	0.15916	0.02993	0.04717	0.02656	0.01339	0.01028	0.00318	0.01027	0.17130	0.00698	0.01221
1	0.02126	0.13995	0.02895	0.11971	0.19852	0.13483	0.01864	0.02503	0.02054	0.02445	0.03128	0.03371	0.14479	0.01145	0.00855	0.00259	0.01031	0.00936	0.00513	0.01097
2	0.02384	0.02503	0.03492	0.18218	0.20537	0.14077	0.15041	0.07630	0.02273	0.02853	0.01672	0.02178	0.01311	0.00857	0.00911	0.00275	0.01289	0.00813	0.00476	0.01210
3	0.02371	0.02735	0.07614	0.03629	0.16950	0.11989	0.26376	0.06365	0.02213	0.02881	0.01671	0.02160	0.01320	0.00883	0.01115	0.00287	0.06876	0.00863	0.00469	0.01234
4	0.02866	0.27093	0.03218	0.01837	0.02454	0.20823	0.01557	0.15286	0.02635	0.05893	0.06730	0.02156	0.01892	0.00983	0.00766	0.00231	0.01099	0.00693	0.00600	0.01188
5	0.01918	0.01866	0.03371	0.03943	0.32589	0.01857	0.15365	0.02437	0.01925	0.02697	0.02315	0.02930	0.05306	0.02151	0.14757	0.00529	0.01416	0.00958	0.00477	0.01195
6	0.02214	0.02126	0.03631	0.05491	0.62978	0.02126	0.02746	0.02746	0.02037	0.02923	0.01683	0.02214	0.01417	0.00797	0.00886	0.00266	0.01063	0.00797	0.00443	0.01417
7	0.01712	0.02245	0.15882	0.52645	0.05668	0.02007	0.02662	0.02404	0.01810	0.02404	0.01593	0.02278	0.01180	0.00885	0.00885	0.00295	0.01221	0.00766	0.00393	0.01065
8	0.03008	0.04342	0.15766	0.02358	0.03004	0.51412	0.02068	0.03413	0.02396	0.02328	0.01431	0.01673	0.01148	0.00906	0.00816	0.00242	0.01551	0.00594	0.00443	0.01099
9	0.01288	0.00862	0.00979	0.00992	0.00995	0.00859	0.00559	0.01298	0.01326	0.01767	0.02945	0.09557	0.03411	0.64639	0.04350	0.00837	0.00847	0.01375	0.00559	0.00553
10	0.02214	0.02126	0.03631	0.05491	0.62978	0.02126	0.02746	0.02746	0.02037	0.02923	0.01683	0.02214	0.01417	0.00797	0.00886	0.00266	0.01063	0.00797	0.00443	0.01417
11	0.01550	0.01630	0.01257	0.01208	0.01544	0.14595	0.00906	0.01777	0.02146	0.02368	0.07408	0.07102	0.49368	0.01976	0.01003	0.00287	0.00703	0.01605	0.00751	0.00816
12	0.01083	0.00806	0.01010	0.01173	0.01278	0.00733	0.00798	0.01254	0.01783	0.02312	0.05822	0.55180	0.18137	0.02687	0.01124	0.00350	0.00505	0.02402	0.00831	0.00733
13	0.01269	0.00854	0.00985	0.01017	0.01025	0.00846	0.00586	0.01293	0.01364	0.01818	0.03140	0.15294	0.03657	0.58567	0.04035	0.00791	0.00814	0.01490	0.00586	0.00570
14	0.01794	0.04628	0.63923	0.02550	0.03872	0.02078	0.03305	0.02833	0.01889	0.02833	0.01606	0.01889	0.01133	0.00850	0.00850	0.00283	0.01322	0.00661	0.00378	0.01322
15	0.01721	0.01623	0.02741	0.62699	0.09621	0.01996	0.02500	0.02314	0.01804	0.02325	0.01596	0.02375	0.01206	0.00889	0.00894	0.00296	0.01185	0.00795	0.00400	0.01020
16	0.01803	0.01706	0.02888	0.53279	0.18407	0.02017	0.02541	0.02385	0.01842	0.02423	0.01610	0.02348	0.01241	0.00873	0.00893	0.00291	0.01165	0.00796	0.00407	0.01085
17	0.01057	0.00906	0.00906	0.00906	0.01208	0.00755	0.00680	0.01284	0.02039	0.02417	0.09063	0.08610	0.62615	0.02266	0.01057	0.00302	0.00453	0.01888	0.00831	0.00755
18	0.01550	0.01630	0.01257	0.01208	0.01544	0.14595	0.00906	0.01777	0.02146	0.02368	0.07408	0.07102	0.49368	0.01976	0.01003	0.00287	0.00703	0.01605	0.00751	0.00816
19	0.01090	0.00779	0.01038	0.01246	0.01298	0.00727	0.00830	0.01246	0.01713	0.02284	0.04931	0.67975	0.05917	0.02803	0.01142	0.00363	0.00519	0.02543	0.00830	0.00727
20	0.03401	0.02506	0.02685	0.02058	0.02774	0.02774	0.01700	0.59995	0.04206	0.05638	0.02148	0.02148	0.01521	0.01074	0.00895	0.00268	0.00984	0.00805	0.00895	0.01521
21	0.02243	0.02401	0.02665	0.02201	0.02544	0.15764	0.05629	0.02530	0.01783	0.02385	0.01358	0.01891	0.01217	0.01164	0.01827	0.00291	0.33171	0.00699	0.00442	0.17795
22	0.02161	0.24019	0.21713	0.06336	0.03549	0.06328	0.15018	0.02903	0.05053	0.02588	0.01629	0.01952	0.01276	0.00828	0.00812	0.00257	0.01226	0.00713	0.00430	0.01210
23	0.29891	0.20926	0.02690	0.01637	0.02250	0.16488	0.01386	0.10221	0.02173	0.03293	0.01391	0.01573	0.01130	0.00864	0.00659	0.00242	0.01007	0.00544	0.00530	0.01104
24	0.01794	0.04628	0.63923	0.02550	0.03872	0.02078	0.03305	0.02833	0.01889	0.02833	0.01606	0.01889	0.01133	0.00850	0.00850	0.00283	0.01322	0.00661	0.00378	0.01322
25	0.02144	0.02051	0.03465	0.05212	0.59217	0.02042	0.02620	0.02657	0.02037	0.02892	0.02132	0.02604	0.05143	0.00887	0.00896	0.00268	0.01026	0.00864	0.00466	0.01377
26	0.01973	0.01908	0.02360	0.02076	0.02202	0.07519	0.01691	0.05616	0.01658	0.02346	0.01589	0.02370	0.01487	0.02904	0.19792	0.00660	0.39615	0.00815	0.00452	0.00967
27	0.01804	0.01548	0.01979	0.02289	0.14953	0.01626	0.01428	0.02985	0.24254	0.03239	0.16919	0.04668	0.11438	0.05496	0.01178	0.00325	0.00698	0.01230	0.00793	0.01151
28	0.02392	0.69097	0.04688	0.01531	0.02296	0.03540	0.01531	0.02679	0.01818	0.02105	0.01244	0.01435	0.01148	0.00765	0.00574	0.00191	0.00957	0.00478	0.00383	0.01148
29	0.02226	0.02222	0.03574	0.11053	0.50296	0.05947	0.06128	0.02759	0.02048	0.02813	0.01663	0.02206	0.01376	0.00811	0.00892	0.00269	0.01136	0.00799	0.00440	0.01340
30	0.03401	0.02506	0.02685	0.02058	0.02774	0.02774	0.01700	0.59995	0.04206	0.05638	0.02148	0.02148	0.01521	0.01074	0.00895	0.00268	0.00984	0.00805	0.00895	0.01521
31	0.01165	0.00941	0.01057	0.01115	0.01390	0.00832	0.00894	0.01444	0.02045	0.02490	0.07846	0.09027	0.46447	0.02324	0.01108	0.00333	0.00557	0.17381	0.00829	0.00775
32	0.08626	0.02894	0.02048	0.01906	0.02270	0.37320	0.01451	0.02802	0.02066	0.02303	0.01726	0.02266	0.01517	0.02941	0.23271	0.00657	0.01810	0.00702	0.00475	0.00948
33	0.19541	0.01465	0.01645	0.01364	0.01928	0.01415	0.01105	0.03326	0.06207	0.32649	0.04205	0.03899	0.14981	0.01301	0.00855	0.00284	0.00675	0.01025	0.00907	0.01223
34	0.01301	0.00867	0.00976	0.00976	0.00976	0.00867	0.00542	0.01301	0.01301	0.01735	0.02819	0.05855	0.03253	0.68559	0.04554	0.00867	0.00867	0.01301	0.00542	0.00542
35	0.01278	0.00959	0.01438	0.01438	0.01598	0.01118	0.01118	0.01598	0.01438	0.02077	0.02396	0.03515	0.02237	0.06710	0.65013	0.01438	0.02396	0.00959	0.00479	0.00799
36	0.74878	0.01730	0.01315	0.01177	0.01730	0.02007	0.00969	0.02630	0.01523	0.04014	0.01246	0.01453	0.00969	0.00830	0.00554	0.00277	0.00692	0.00484	0.00554	0.00969
37	0.01108	0.00897	0.00984	0.00985	0.01245	0.00773	0.00730	0.01374	0.02125	0.02675	0.20998	0.13152	0.45404	0.02210	0.01064	0.00302	0.00452	0.01881	0.00866	0.00773
38	0.01668	0.00834	0.00834	0.00834	0.01042	0.00834	0.00625	0.02085	0.01876	0.03335	0.02918	0.03335	0.02293	0.01042	0.00625	0.00208	0.00417	0.00834	0.73525	0.00834
39	0.01103	0.00784	0.01034	0.01230	0.01278	0.00735	0.00813	0.01249	0.01688	0.02251	0.04805	0.64272	0.05758	0.06722	0.01345	0.00393	0.00540	0.02469	0.00813	0.00716
40	0.01057	0.00906	0.00906	0.00906	0.01208	0.00755	0.00680	0.01284	0.02039	0.02417	0.09063	0.08610	0.62615	0.02266	0.01057	0.00302	0.00453	0.01888	0.00831	0.00755
41	0.01419	0.01069	0.01167	0.01146	0.01421	0.01013	0.00850	0.08882	0.02209	0.02869	0.06463	0.24518	0.33292	0.02165	0.01025	0.00308	0.00537	0.01850	0.06943	0.00852
42	0.01149	0.00804	0.01021	0.01170	0.01207	0.00766	0.00749	0.01261	0.01597	0.02129	0.04337	0.50497	0.05167	0.21303	0.02102	0.00505	0.00617	0.02194	0.00749	0.00675
43	0.03401	0.02506	0.02685	0.02058	0.02774	0.02774	0.01700	0.59995	0.04206	0.05638	0.02148	0.02148	0.01521	0.01074	0.00895	0.00268	0.00984	0.00805	0.00895	0.01521
44	0.01298	0.01027	0.01189	0.01221	0.01447	0.01001	0.00886	0.01909	0.11730	0.02789	0.15981	0.29575	0.22149	0.02217	0.01064	0.00322	0.00514	0.01942	0.00871	0.00868
45	0.01745	0.01241	0.01327	0.01230	0.01520	0.01287	0.00920	0.09550	0.10711	0.03098	0.04335	0.05281	0.15641	0.16392	0.01702	0.00408	0.00664	0.04532	0.17493	0.00924
46	0.01871	0.01302	0.01520	0.01462	0.01842	0.01313	0.01185	0.02803	0.18509	0.10717	0.05602	0.06867	0.21672	0.01886	0.01048	0.00331	0.00670	0.17457	0.00886	0.01056
47	0.01216	0.00915	0.01092	0.01077	0.01291	0.00833	0.00801	0.01518	0.02170	0.02883	0.32165	0.07505	0.25565	0.10600	0.01520	0.00375	0.00523	0.06314	0.00863	0.00774
48	0.01274	0.00867	0.00960	0.01023	0.01234	0.00795	0.00761	0.01555	0.01921	0.02675	0.06005	0.20372	0.27758	0.02048	0.00966	0.00298	0.00488	0.06352	0.21869	0.00777
49	0.01235	0.00840	0.00995	0.01060	0.01077	0.00823	0.00632	0.01284	0.01430	0.01907	0.03480	0.25311	0.04087	0.47963	0.03485	0.00709	0.00758	0.01690	0.00632	0.00600
50	0.03271	0.02429	0.02615	0.01997	0.02719	0.02642	0.01647	0.55146	0.04009	0.05410	0.02101	0.02123	0.01505	0.01039	0.00875	0.00257	0.00957	0.00782	0.00864	0.07610
51	0.03070	0.02342	0.02499	0.01992	0.02648	0.02620	0.01620	0.44453	0.20287	0.05105	0.02568	0.02483	0.01862	0.01113	0.00899	0.00278	0.00907	0.00863	0.00899	0.01492
52	0.01319	0.00924	0.01193	0.01274	0.01398	0.00903	0.00955	0.01572	0.01879	0.02527	0.16596	0.14611	0.05339	0.23524	0.02248	0.00524	0.00716	0.21002	0.00769	0.00727
53	0.01301	0.00867	0.00976	0.00976	0.00976	0.00867	0.00542	0.01301	0.01301	0.01735	0.02819	0.05855	0.03253	0.68559	0.04554	0.00867	0.00867	0.01301	0.00542	0.00542
54	0.01301	0.00867	0.00976	0.00976	0.00976	0.00867	0.00542	0.01301	0.01301	0.01735	0.02819	0.05855	0.03253	0.68559	0.04554	0.00867	0.00867	0.01301	0.00542	0.00542
55	0.01301	0.00867	0.00976	0.00976	0.00976	0.00867	0.00542	0.01301	0.01301	0.01735	0.02819	0.05855	0.03253	0.68559	0.04554	0.00867	0.00867	0.01301	0.00542	0.00542
56	0.01288	0.00862	0.00980	0.00992	0.00995	0.00859	0.00560	0.01298	0.01326	0.01768	0.02947	0.09637	0.03415	0.64555	0.04346	0.00837	0.00846	0.01377	0.00560	0.00553
57	0.02773	0.03237	0.02532	0.02492	0.10327	0.38529	0.01719	0.03078	0.02246	0.02448	0.01457	0.01767	0.01227	0.00885	0.00911	0.00222	0.05217	0.00606	0.00470	0.17857
58	0.01442	0.01030	0.01442	0.01648	0.01854	0.01030	0.01442	0.01854	0.02060	0.02677	0.04737	0.10092	0.05149	0.02471	0.01236	0.00412	0.00824	0.56956	0.00824	0.00824
59	0.01957	0.01957	0.02740	0.02349	0.02349	0.02740	0.01957	0.02153	0.01370	0.02153	0.01174	0.01957	0.01174	0.01566	0.02936	0.00391	0.66921	0.00783	0.00391	0.00979
60	0.01855	0.01590	0.01855	0.01325	0.02120	0.01193	0.01060	0.02253	0.01855	0.02915	0.01590	0.01855	0.01325	0.00663	0.00663	0.00133	0.00663	0.00530	0.00530	0.74028
61	0.01278	0.00959	0.01438	0.01438	0.01598	0.01118	0.01118	0.01598	0.01438	0.02077	0.02396	0.03515	0.02237	0.06710	0.65013	0.01438	0.02396	0.00959	0.00479	0.00799
62	0.03864	0.01556	0.02072	0.01611	0.02287	0.01391	0.01323	0.04393	0.07498	0.58571	0.03539	0.03070	0.02258	0.01116	0.00901	0.00279	0.00757	0.00909	0.01091	0.01514
63	0.02056	0.01174	0.01461	0.01377	0.01669	0.01122	0.01012	0.09047	0.02196	0.16742	0.04377	0.35870	0.08167	0.07690	0.01337	0.00370	0.00656	0.01807	0.00878	0.00992
64	0.01278	0.00959	0.01438	0.01438	0.01598	0.01118	0.01118	0.01598	0.01438	0.02077	0.02396	0.03515	0.02237	0.06710	0.65013	0.01438	0.02396	0.00959	0.00479	0.00799
65	0.01278	0.00959	0.01438	0.01438	0.01598	0.01118	0.01118	0.01598	0.01438	0.02077	0.02396	0.03515	0.02237	0.06710	0.65013	0.01438	0.02396	0.00959	0.00479	0.00799
66	0.01280	0.00952	0.01406	0.01406	0.01555	0.01101	0.01079	0.01577	0.01429	0.02054	0.02425	0.03674	0.02306	0.10915	0.60903	0.01399	0.02292	0.00982	0.00484	0.00781
67	0.01559	0.01630	0.01271	0.01218	0.01550	0.14599	0.00913	0.01796	0.02169	0.02422	0.09864	0.07013	0.46878	0.01956	0.01003	0.00286	0.00702	0.01593	0.00758	0.00820
68	0.01220	0.00913	0.01132	0.01077	0.01308	0.00824	0.00808	0.01599	0.02423	0.03328	0.50655	0.07110	0.20454	0.01926	0.01056	0.00286	0.00429	0.01678	0.00951	0.00824
69	0.02550	0.02289	0.02184	0.01919	0.02444	0.10330	0.01510	0.14696	0.40445	0.03844	0.03126	0.03212	0.02417	0.01209	0.00909	0.00293	0.00881	0.03536	0.00846	0.01359
70	0.01266	0.00914	0.01196	0.01126	0.01337	0.00844	0.00844	0.01688	0.02532	0.03588	0.62506	0.06683	0.08441	0.01829	0.01055	0.00281	0.00422	0.01618	0.00985	0.00844
71	0.64554	0.01842	0.01513	0.01304	0.01881	0.02118	0.01075	0.10916	0.01910	0.04249	0.01376	0.01554	0.01049	0.00866	0.00603	0.00276	0.00734	0.00531	0.00603	0.01049
72	0.02543	0.01955	0.02128	0.01811	0.02319	0.02165	0.01426	0.30444	0.21142	0.04336	0.03204	0.16699	0.02839	0.01489	0.00953	0.00300	0.00800	0.01243	0.00886	0.01318
73	0.01075	0.00907	0.00931	0.00925	0.01219	0.00763	0.00694	0.01318	0.02081	0.02515	0.13551	0.08448	0.58066	0.02229	0.01057	0.00300	0.00451	0.01865	0.00844	0.00763
74	0.01949	0.01646	0.01905	0.01369	0.02160	0.01288	0.01099	0.05744	0.01997	0.03080	0.01624	0.01873	0.01337	0.00687	0.00677	0.00141	0.00682	0.00547	0.00552	0.69643
75	0.01221	0.00941	0.01134	0.01166	0.01416	0.00854	0.00928	0.01556	0.02195	0.02842	0.24253	0.08408	0.31104	0.02186	0.01103	0.00324	0.00540	0.16152	0.00876	0.00800
76	0.01278	0.00959	0.01438	0.01438	0.01598	0.01118	0.01118	0.01598	0.01438	0.02077	0.02396	0.03515	0.02237	0.06710	0.65013	0.01438	0.02396	0.00959	0.00479	0.00799
77	0.01057	0.00906	0.00906	0.00906	0.01208	0.00755	0.00680	0.01284	0.02039	0.02417	0.09063	0.08610	0.62615	0.02266	0.01057	0.00302	0.00453	0.01888	0.00831	0.00755
78	0.01147	0.00819	0.01101	0.01293	0.01374	0.00774	0.00913	0.01351	0.01803	0.02406	0.07975	0.56950	0.05949	0.02707	0.01150	0.00365	0.00555	0.09785	0.00838	0.00746
79	0.01278	0.00959	0.01438	0.01438	0.01598	0.01118	0.01118	0.01598	0.01438	0.02077	0.02396	0.03515	0.02237	0.06710	0.65013	0.01438	0.02396	0.00959	0.00479	0.00799
80	0.02132	0.02069	0.03608	0.14067	0.50907	0.02115	0.06582	0.02688	0.02007	0.02828	0.01678	0.02252	0.01381	0.00808	0.00899	0.00273	0.01112	0.00814	0.00437	0.01342
81	0.01278	0.00959	0.01438	0.01438	0.01598	0.01118	0.01118	0.01598	0.01438	0.02077	0.02396	0.03515	0.02237	0.06710	0.65013	0.01438	0.02396	0.00959	0.00479	0.00799
82	0.01301	0.00867	0.00976	0.00976	0.00976	0.00867	0.00542	0.01301	0.01301	0.01735	0.02819	0.05855	0.03253	0.68559	0.04554	0.00867	0.00867	0.01301	0.00542	0.00542
83	0.02055	0.01756	0.02104	0.02255	0.10015	0.01955	0.01592	0.03871	0.40960	0.03408	0.03626	0.04649	0.03083	0.01431	0.00977	0.00322	0.00779	0.13042	0.00832	0.01289
84	0.01554	0.00777	0.01166	0.01166	0.01166	0.00777	0.00777	0.01166	0.01166	0.01554	0.01554	0.02720	0.01554	0.03108	0.03497	0.73970	0.00777	0.00777	0.00389	0.00389
85	0.01057	0.00906	0.00906	0.00906	0.01208	0.00755	0.00680	0.01284	0.02039	0.02417	0.09063	0.08610	0.62615	0.02266	0.01057	0.00302	0.00453	0.01888	0.00831	0.00755
86	0.02483	0.01789	0.01938	0.01585	0.01988	0.01941	0.01194	0.34329	0.02936	0.03931	0.02441	0.03769	0.02278	0.30583	0.02495	0.00530	0.00933	0.01022	0.00741	0.01093
87	0.01090	0.00779	0.01038	0.01246	0.01298	0.00727	0.00830	0.01246	0.01713	0.02284	0.04931	0.67975	0.05917	0.02803	0.01142	0.00363	0.00519	0.02543	0.00830	0.00727
88	0.02052	0.02833	0.16382	0.03540	0.04524	0.02227	0.49046	0.02860	0.02069	0.02860	0.01771	0.02314	0.01315	0.00772	0.01017	0.00298	0.01473	0.00981	0.00438	0.01229
89	0.01090	0.00779	0.01038	0.01246	0.01298	0.00727	0.00830	0.01246	0.01713	0.02284	0.04931	0.67975	0.05917	0.02803	0.01142	0.00363	0.00519	0.02543	0.00830	0.00727
90	0.01301	0.00867	0.00976	0.00976	0.00976	0.00867	0.00542	0.01301	0.01301	0.01735	0.02819	0.05855	0.03253	0.68559	0.04554	0.00867	0.00867	0.01301	0.00542	0.00542
91	0.02191	0.02192	0.04010	0.05096	0.49579	0.02157	0.15841	0.02773	0.02054	0.02910	0.01712	0.02260	0.01403	0.00787	0.00925	0.00274	0.01165	0.00857	0.00445	0.01369
92	0.01278	0.00959	0.01438	0.01438	0.01598	0.01118	0.01118	0.01598	0.01438	0.02077	0.02396	0.03515	0.02237	0.06710	0.65013	0.01438	0.02396	0.00959	0.00479	0.00799
93	0.03434	0.02453	0.02652	0.02034	0.02748	0.02697	0.01680	0.57028	0.04119	0.08729	0.02222	0.02196	0.01558	0.01076	0.00895	0.00269	0.00973	0.00811	0.00906	0.01522

[dist]
# distance from previous block
# <min> <max>
0	0

# created by:
# /home/cegg/simao/soft/augustus-3.2.1/scripts/msa2prfl.pl ./align_prep/15340.fa
