[name]
unknown

[dist]
# distance from previous block
# <min> <max>
0	5

[block]
# block no. 0 follows, 18 sequences, length 96
# corresponding to MSA columns:
# 8-103
name=unknown_A
#
# <colnr> <probs for GDERKNQSTAVLIFYWHMCP>
#	G	D	E	R	K	N	Q	S	T	A	V	L	I	F	Y	W	H	M	C	P
0	0.01409	0.01006	0.01398	0.01610	0.01791	0.00996	0.01357	0.01780	0.02044	0.02669	0.04901	0.21478	0.05439	0.02603	0.01249	0.00413	0.00784	0.45400	0.00847	0.00826
1	0.02273	0.02182	0.03727	0.05636	0.62003	0.02182	0.02818	0.02818	0.02091	0.03000	0.01727	0.02273	0.01454	0.00818	0.00909	0.00273	0.01091	0.00818	0.00455	0.01454
2	0.02391	0.02288	0.05975	0.11364	0.03243	0.06130	0.04656	0.13674	0.26737	0.03678	0.02891	0.03422	0.02298	0.01220	0.00955	0.00308	0.00997	0.05694	0.00763	0.01316
3	0.02261	0.23241	0.12762	0.03822	0.31544	0.02637	0.05820	0.02817	0.02003	0.02720	0.01582	0.01986	0.01322	0.00813	0.00814	0.00254	0.01122	0.00711	0.00426	0.01341
4	0.01085	0.00930	0.00930	0.00930	0.01240	0.00775	0.00698	0.01318	0.02093	0.02480	0.09302	0.08837	0.61631	0.02325	0.01085	0.00310	0.00465	0.01938	0.00853	0.00775
5	0.01085	0.00930	0.00930	0.00930	0.01240	0.00775	0.00698	0.01318	0.02093	0.02480	0.09302	0.08837	0.61631	0.02325	0.01085	0.00310	0.00465	0.01938	0.00853	0.00775
6	0.03336	0.10541	0.02815	0.02289	0.02792	0.58217	0.01755	0.03578	0.02531	0.02239	0.01406	0.01638	0.01182	0.00931	0.00805	0.00233	0.01591	0.00582	0.00465	0.01075
7	0.03418	0.06781	0.02848	0.02128	0.02817	0.14322	0.01740	0.45309	0.03852	0.04912	0.02003	0.02059	0.01468	0.01054	0.00882	0.00264	0.01129	0.00763	0.00804	0.01446
8	0.01119	0.00799	0.01065	0.01278	0.01332	0.00746	0.00852	0.01278	0.01758	0.02344	0.05061	0.67132	0.06073	0.02877	0.01172	0.00373	0.00533	0.02610	0.00852	0.00746
9	0.02178	0.02034	0.03359	0.04938	0.51236	0.02053	0.02576	0.02832	0.05578	0.03020	0.02223	0.03310	0.01994	0.01050	0.00954	0.00293	0.01040	0.07422	0.00530	0.01381
10	0.02314	0.01856	0.02006	0.01792	0.02296	0.02101	0.01396	0.04579	0.51674	0.07535	0.08764	0.03706	0.03280	0.01294	0.00947	0.00308	0.00705	0.01085	0.00954	0.01409
11	0.01117	0.00807	0.01057	0.01258	0.01326	0.00748	0.00843	0.01281	0.01778	0.02352	0.05311	0.63697	0.09347	0.02844	0.01167	0.00369	0.00529	0.02571	0.00852	0.00748
12	0.01305	0.00933	0.01169	0.01135	0.01304	0.00877	0.00816	0.01620	0.02233	0.03091	0.40746	0.06979	0.10484	0.17925	0.01965	0.00444	0.00570	0.04738	0.00881	0.00784
13	0.03165	0.03874	0.02859	0.03113	0.16367	0.49900	0.02013	0.03472	0.02485	0.02419	0.01490	0.01797	0.01245	0.00917	0.00846	0.00245	0.01527	0.00643	0.00469	0.01154
14	0.11247	0.06745	0.02882	0.03131	0.20188	0.32147	0.01965	0.03313	0.05171	0.02764	0.01602	0.01898	0.01322	0.00904	0.00814	0.00254	0.01295	0.00664	0.00497	0.01197
15	0.02526	0.40515	0.14609	0.02158	0.06350	0.15113	0.02009	0.02961	0.02036	0.02360	0.01397	0.01640	0.01193	0.00834	0.00705	0.00226	0.01187	0.00564	0.00411	0.01204
16	0.01108	0.00843	0.01020	0.01163	0.01301	0.00756	0.00801	0.01292	0.01869	0.02389	0.06472	0.47732	0.24562	0.02693	0.01143	0.00352	0.00510	0.02386	0.00852	0.00756
17	0.02140	0.02047	0.03488	0.20348	0.48325	0.02147	0.02752	0.02702	0.02028	0.02839	0.01704	0.02316	0.01398	0.00843	0.00911	0.00281	0.01124	0.00818	0.00443	0.01348
18	0.09731	0.12938	0.13641	0.02178	0.02876	0.35638	0.01961	0.06070	0.02368	0.02708	0.01466	0.01693	0.01180	0.00910	0.00783	0.00247	0.01387	0.00596	0.00478	0.01151
19	0.02987	0.03216	0.02430	0.02127	0.02606	0.33927	0.01649	0.15349	0.08428	0.03171	0.02355	0.02525	0.05295	0.01454	0.04409	0.00333	0.05127	0.00804	0.00635	0.01174
20	0.01210	0.00854	0.01094	0.01190	0.01275	0.00806	0.00796	0.01408	0.01890	0.02576	0.19238	0.39090	0.06187	0.15813	0.01861	0.00456	0.00580	0.02105	0.00833	0.00738
21	0.01620	0.01318	0.01630	0.02058	0.13326	0.04754	0.01182	0.01860	0.01803	0.02481	0.03537	0.22905	0.06270	0.18868	0.01928	0.00454	0.00783	0.01528	0.10823	0.00873
22	0.03066	0.03691	0.02783	0.02924	0.13413	0.45430	0.01955	0.03505	0.06081	0.02481	0.01608	0.01899	0.01335	0.00981	0.00978	0.00257	0.05290	0.00673	0.00495	0.01155
23	0.02158	0.01605	0.01844	0.01757	0.04910	0.01784	0.01302	0.13135	0.20578	0.03701	0.02917	0.03185	0.02296	0.02276	0.13420	0.00509	0.01063	0.00931	0.19435	0.01192
24	0.02433	0.40132	0.03793	0.13175	0.03097	0.14785	0.01735	0.02770	0.02015	0.02229	0.01833	0.02110	0.04691	0.00929	0.00723	0.00230	0.01125	0.00652	0.00438	0.01105
25	0.03088	0.27188	0.03433	0.02028	0.02666	0.30160	0.01695	0.14161	0.02671	0.02909	0.01521	0.01697	0.01255	0.00919	0.00759	0.00230	0.01285	0.00601	0.00531	0.01203
26	0.02273	0.02182	0.03727	0.05636	0.62003	0.02182	0.02818	0.02818	0.02091	0.03000	0.01727	0.02273	0.01454	0.00818	0.00909	0.00273	0.01091	0.00818	0.00455	0.01454
27	0.02145	0.02943	0.21291	0.04741	0.44801	0.02167	0.02988	0.02845	0.02046	0.02972	0.01704	0.02174	0.01368	0.00834	0.00898	0.00278	0.01170	0.00777	0.00435	0.01426
28	0.01895	0.10285	0.57906	0.02526	0.03833	0.02263	0.03234	0.02894	0.01932	0.02843	0.01615	0.01898	0.01164	0.00865	0.00848	0.00283	0.01324	0.00662	0.00388	0.01341
29	0.01093	0.00898	0.00963	0.01016	0.01263	0.00768	0.00736	0.01308	0.02011	0.02447	0.08260	0.23158	0.47982	0.02461	0.01107	0.00325	0.00482	0.02103	0.00853	0.00768
30	0.02860	0.02259	0.02401	0.01985	0.02607	0.02553	0.01593	0.30715	0.33570	0.04771	0.03005	0.02842	0.02210	0.01177	0.00927	0.00294	0.00862	0.00937	0.00927	0.01505
31	0.02291	0.15412	0.02630	0.02140	0.09129	0.22408	0.01522	0.02584	0.02147	0.02362	0.03480	0.03674	0.16188	0.01903	0.07929	0.00390	0.01255	0.00973	0.00551	0.01034
32	0.02703	0.08675	0.02927	0.02943	0.17156	0.25552	0.01922	0.06274	0.09280	0.02817	0.02266	0.02487	0.05125	0.01067	0.00987	0.00267	0.04973	0.00798	0.00559	0.01222
33	0.01141	0.00866	0.01052	0.01146	0.01310	0.00777	0.00806	0.01372	0.02015	0.02627	0.16542	0.37897	0.24082	0.02523	0.01129	0.00338	0.00493	0.02227	0.00881	0.00777
34	0.03283	0.02371	0.02534	0.01966	0.02640	0.02615	0.01616	0.52306	0.04038	0.05511	0.02297	0.02347	0.01654	0.01098	0.00886	0.00268	0.00942	0.00830	0.09319	0.01479
35	0.03437	0.04165	0.02620	0.02336	0.02840	0.56896	0.01771	0.10124	0.02802	0.02661	0.01511	0.01720	0.01227	0.00964	0.00838	0.00241	0.01580	0.00619	0.00525	0.01123
36	0.01110	0.00831	0.01032	0.01193	0.01309	0.00753	0.00814	0.01288	0.01840	0.02377	0.06103	0.52811	0.19722	0.02741	0.01151	0.00357	0.00516	0.02445	0.00852	0.00753
37	0.01085	0.00930	0.00930	0.00930	0.01240	0.00775	0.00698	0.01318	0.02093	0.02480	0.09302	0.08837	0.61631	0.02325	0.01085	0.00310	0.00465	0.01938	0.00853	0.00775
38	0.02273	0.02182	0.03727	0.05636	0.62003	0.02182	0.02818	0.02818	0.02091	0.03000	0.01727	0.02273	0.01454	0.00818	0.00909	0.00273	0.01091	0.00818	0.00455	0.01454
39	0.03242	0.16790	0.03044	0.02195	0.02745	0.48665	0.01733	0.06690	0.02557	0.02435	0.01437	0.01652	0.01204	0.00924	0.00786	0.00231	0.01486	0.00585	0.00483	0.01116
40	0.02232	0.02390	0.02768	0.09775	0.02945	0.13722	0.02030	0.02487	0.01671	0.02232	0.01294	0.01997	0.01203	0.01408	0.02376	0.00361	0.46910	0.00767	0.00415	0.01017
41	0.01101	0.00869	0.00993	0.01091	0.01283	0.00762	0.00769	0.01300	0.01938	0.02417	0.07339	0.35820	0.35915	0.02581	0.01125	0.00339	0.00496	0.02249	0.00853	0.00762
42	0.02273	0.02182	0.03727	0.05636	0.62003	0.02182	0.02818	0.02818	0.02091	0.03000	0.01727	0.02273	0.01454	0.00818	0.00909	0.00273	0.01091	0.00818	0.00455	0.01454
43	0.15852	0.02063	0.02108	0.05175	0.02523	0.05101	0.01454	0.19765	0.17060	0.07772	0.09356	0.02959	0.02598	0.01167	0.00873	0.00288	0.00847	0.00910	0.00833	0.01297
44	0.01113	0.00823	0.01041	0.01216	0.01315	0.00751	0.00825	0.01286	0.01818	0.02368	0.05823	0.56660	0.16053	0.02778	0.01156	0.00362	0.00521	0.02489	0.00852	0.00751
45	0.02284	0.01972	0.02076	0.01869	0.02388	0.02284	0.01453	0.04879	0.60345	0.03841	0.03737	0.03426	0.02803	0.01246	0.00934	0.00311	0.00727	0.01038	0.00934	0.01453
46	0.03471	0.02251	0.02519	0.01961	0.02647	0.02404	0.01607	0.44003	0.03805	0.17367	0.02679	0.06489	0.01994	0.01221	0.00936	0.00283	0.00933	0.00959	0.00960	0.01510
47	0.03316	0.11842	0.02860	0.02273	0.02782	0.56988	0.01750	0.03559	0.02516	0.02237	0.01403	0.01634	0.01182	0.00927	0.00800	0.00232	0.01577	0.00580	0.00464	0.01078
48	0.02238	0.03162	0.21635	0.07433	0.26996	0.09089	0.02698	0.03161	0.09099	0.02950	0.01905	0.02250	0.01483	0.00907	0.00892	0.00281	0.01200	0.00776	0.00491	0.01355
49	0.01312	0.00984	0.01476	0.01476	0.01640	0.01148	0.01148	0.01640	0.01476	0.02131	0.02459	0.03607	0.02295	0.06886	0.64092	0.01476	0.02459	0.00984	0.00492	0.00820
50	0.02273	0.02182	0.03727	0.05636	0.62003	0.02182	0.02818	0.02818	0.02091	0.03000	0.01727	0.02273	0.01454	0.00818	0.00909	0.00273	0.01091	0.00818	0.00455	0.01454
51	0.01124	0.00932	0.00984	0.00971	0.01264	0.00792	0.00728	0.01392	0.02184	0.02696	0.18682	0.08481	0.52116	0.02245	0.01085	0.00306	0.00459	0.01888	0.00881	0.00792
52	0.01155	0.00933	0.01027	0.01003	0.01283	0.00805	0.00752	0.01452	0.02257	0.02870	0.26243	0.08195	0.44446	0.02180	0.01084	0.00303	0.00455	0.01848	0.00904	0.00805
53	0.01261	0.00937	0.01174	0.01115	0.01348	0.00850	0.00836	0.01658	0.02508	0.03466	0.52139	0.07214	0.18178	0.01958	0.01083	0.00293	0.00439	0.01710	0.00982	0.00850
54	0.01842	0.04749	0.62974	0.02617	0.03974	0.02132	0.03392	0.02908	0.01939	0.02908	0.01648	0.01939	0.01163	0.00872	0.00872	0.00291	0.01357	0.00678	0.00388	0.01357
55	0.01110	0.00931	0.00965	0.00956	0.01256	0.00786	0.00717	0.01366	0.02152	0.02621	0.15401	0.08605	0.55443	0.02273	0.01085	0.00308	0.00461	0.01905	0.00871	0.00786
56	0.01172	0.00821	0.01050	0.01210	0.01251	0.00781	0.00780	0.01292	0.01654	0.02205	0.04528	0.52116	0.05401	0.18809	0.02032	0.00500	0.00621	0.02297	0.00780	0.00699
57	0.01119	0.00799	0.01065	0.01278	0.01332	0.00746	0.00852	0.01278	0.01758	0.02344	0.05061	0.67132	0.06073	0.02877	0.01172	0.00373	0.00533	0.02610	0.00852	0.00746
58	0.03430	0.04376	0.02602	0.02365	0.02839	0.64045	0.01774	0.03666	0.02602	0.02247	0.01419	0.01656	0.01183	0.00946	0.00828	0.00237	0.01656	0.00591	0.00473	0.01064
59	0.01992	0.20358	0.48685	0.02360	0.03577	0.02501	0.02945	0.02869	0.01921	0.02724	0.01557	0.01824	0.01167	0.00851	0.00803	0.00268	0.01265	0.00632	0.00389	0.01313
60	0.03439	0.04115	0.02624	0.02329	0.02840	0.55183	0.01770	0.11671	0.02850	0.02760	0.01533	0.01735	0.01238	0.00969	0.00841	0.00242	0.01562	0.00625	0.00538	0.01136
61	0.02374	0.02399	0.03551	0.08329	0.52543	0.09093	0.02688	0.02889	0.02135	0.02882	0.01688	0.02213	0.01412	0.00838	0.00900	0.00270	0.01161	0.00793	0.00454	0.01389
62	0.23448	0.19476	0.30417	0.01942	0.02925	0.02480	0.02234	0.02807	0.01809	0.03083	0.01447	0.01692	0.01117	0.00845	0.00713	0.00266	0.01073	0.00579	0.00442	0.01206
63	0.02167	0.02477	0.05418	0.03870	0.04799	0.02322	0.58669	0.02941	0.02167	0.02941	0.01858	0.02477	0.01393	0.00774	0.01084	0.00310	0.01548	0.01084	0.00464	0.01238
64	0.74217	0.01776	0.01350	0.01207	0.01776	0.02060	0.00994	0.02699	0.01563	0.04120	0.01278	0.01492	0.00994	0.00852	0.00568	0.00284	0.00710	0.00497	0.00568	0.00994
65	0.01140	0.00925	0.01010	0.01004	0.01277	0.00796	0.00747	0.01418	0.02199	0.02768	0.21901	0.11491	0.45626	0.02245	0.01089	0.00308	0.00461	0.01906	0.00891	0.00796
66	0.03430	0.04376	0.02602	0.02365	0.02839	0.64045	0.01774	0.03666	0.02602	0.02247	0.01419	0.01656	0.01183	0.00946	0.00828	0.00237	0.01656	0.00591	0.00473	0.01064
67	0.01223	0.00936	0.01121	0.01075	0.01325	0.00834	0.00806	0.01584	0.02418	0.03252	0.42851	0.07566	0.27599	0.02037	0.01084	0.00296	0.00445	0.01760	0.00954	0.00834
68	0.03483	0.02789	0.02737	0.02143	0.02846	0.10215	0.01749	0.52287	0.04111	0.05361	0.02110	0.02138	0.01516	0.01083	0.00908	0.00271	0.01088	0.00798	0.00865	0.01502
69	0.02284	0.01972	0.02076	0.01869	0.02388	0.02284	0.01453	0.04879	0.60345	0.03841	0.03737	0.03426	0.02803	0.01246	0.00934	0.00311	0.00727	0.01038	0.00934	0.01453
70	0.01734	0.01632	0.02754	0.65524	0.06324	0.02040	0.02550	0.02346	0.01836	0.02346	0.01632	0.02448	0.01224	0.00918	0.00918	0.00306	0.01224	0.00816	0.00408	0.01020
71	0.01119	0.00799	0.01065	0.01278	0.01332	0.00746	0.00852	0.01278	0.01758	0.02344	0.05061	0.67132	0.06073	0.02877	0.01172	0.00373	0.00533	0.02610	0.00852	0.00746
72	0.01335	0.00890	0.01001	0.01001	0.01001	0.00890	0.00556	0.01335	0.01335	0.01780	0.02893	0.06009	0.03338	0.67731	0.04673	0.00890	0.00890	0.01335	0.00556	0.00556
73	0.01330	0.00959	0.01340	0.01340	0.01490	0.01073	0.01007	0.01611	0.01513	0.02177	0.02883	0.04200	0.05273	0.15331	0.48282	0.01254	0.02004	0.01073	0.05080	0.00781
74	0.03177	0.20924	0.03174	0.02160	0.02714	0.48403	0.01722	0.03429	0.02411	0.02225	0.01382	0.01608	0.01182	0.00905	0.00766	0.00226	0.01481	0.00565	0.00452	0.01094
75	0.02480	0.02576	0.03525	0.05048	0.51375	0.13294	0.02630	0.02970	0.02183	0.02865	0.01672	0.02162	0.01406	0.00841	0.00894	0.00266	0.01192	0.00777	0.00458	0.01384
76	0.02108	0.02505	0.08407	0.03432	0.04160	0.02431	0.41264	0.02759	0.01966	0.02759	0.01684	0.02328	0.01333	0.00985	0.01544	0.00331	0.17382	0.00989	0.00444	0.01188
77	0.03194	0.02425	0.02589	0.02053	0.02734	0.02709	0.01674	0.45661	0.18081	0.05309	0.02581	0.02504	0.01866	0.01137	0.00922	0.00284	0.00941	0.00879	0.00922	0.01535
78	0.02455	0.68284	0.04811	0.01571	0.02357	0.03633	0.01571	0.02749	0.01866	0.02160	0.01277	0.01473	0.01178	0.00786	0.00589	0.00196	0.00982	0.00491	0.00393	0.01178
79	0.01335	0.00890	0.01001	0.01001	0.01001	0.00890	0.00556	0.01335	0.01335	0.01780	0.02893	0.06009	0.03338	0.67731	0.04673	0.00890	0.00890	0.01335	0.00556	0.00556
80	0.01316	0.00882	0.01007	0.01026	0.01030	0.00878	0.00582	0.01330	0.01372	0.01829	0.03082	0.11334	0.03576	0.62081	0.04368	0.00845	0.00859	0.01446	0.00582	0.00573
81	0.01320	0.00893	0.00997	0.00997	0.01016	0.00883	0.00565	0.01334	0.01383	0.01824	0.03293	0.06185	0.06979	0.63646	0.04449	0.00854	0.00864	0.01373	0.00575	0.00570
82	0.02273	0.02182	0.03727	0.05636	0.62003	0.02182	0.02818	0.02818	0.02091	0.03000	0.01727	0.02273	0.01454	0.00818	0.00909	0.00273	0.01091	0.00818	0.00455	0.01454
83	0.01919	0.04288	0.52331	0.03159	0.14398	0.02141	0.03289	0.02892	0.01966	0.02924	0.01662	0.01999	0.01215	0.00863	0.00879	0.00288	0.01309	0.00704	0.00400	0.01374
84	0.02420	0.01875	0.02140	0.08861	0.02663	0.02094	0.01473	0.23999	0.17118	0.04021	0.07808	0.03621	0.02767	0.13153	0.01611	0.00399	0.00893	0.01041	0.00808	0.01233
85	0.01090	0.00912	0.00949	0.00979	0.01253	0.00771	0.00719	0.01312	0.02046	0.02461	0.08710	0.16964	0.53885	0.02402	0.01097	0.00319	0.00475	0.02032	0.00853	0.00771
86	0.02120	0.16245	0.13317	0.01749	0.02381	0.17990	0.01649	0.02528	0.02180	0.02502	0.07326	0.04120	0.19667	0.01367	0.00879	0.00263	0.01037	0.01052	0.00586	0.01042
87	0.02929	0.03453	0.02320	0.02112	0.02583	0.42541	0.01597	0.03776	0.17509	0.02680	0.02706	0.02740	0.06869	0.01144	0.00878	0.00262	0.01311	0.00824	0.00626	0.01140
88	0.02154	0.43581	0.21716	0.01825	0.02739	0.02939	0.02035	0.02672	0.01907	0.02410	0.02086	0.02252	0.06441	0.00945	0.00716	0.00234	0.01048	0.00673	0.00431	0.01196
89	0.02287	0.02030	0.02016	0.01804	0.02309	0.05782	0.01402	0.07800	0.46605	0.03711	0.04154	0.03877	0.09501	0.01345	0.00945	0.00305	0.00769	0.01104	0.00897	0.01358
90	0.02049	0.01532	0.01793	0.01541	0.01839	0.01721	0.01195	0.12747	0.05575	0.03230	0.02397	0.03327	0.02128	0.14573	0.05931	0.00470	0.12583	0.00927	0.17138	0.07304
91	0.01710	0.01727	0.07326	0.01903	0.02156	0.01853	0.01646	0.05539	0.01674	0.02454	0.01987	0.02882	0.01815	0.04373	0.35807	0.00966	0.21840	0.00892	0.00482	0.00970
92	0.01760	0.00971	0.01106	0.01272	0.06378	0.00971	0.00831	0.02199	0.01940	0.03386	0.02885	0.03323	0.02275	0.01048	0.00665	0.00219	0.00486	0.00853	0.66523	0.00908
93	0.01322	0.00894	0.01046	0.01057	0.01074	0.00905	0.00623	0.01359	0.01369	0.01840	0.02966	0.08921	0.03387	0.59118	0.09671	0.00915	0.01009	0.01370	0.00566	0.00589
94	0.01185	0.00938	0.01089	0.01062	0.01324	0.00842	0.00800	0.01502	0.02229	0.02902	0.28326	0.07638	0.36559	0.02554	0.06574	0.00404	0.00627	0.01751	0.00881	0.00813
95	0.01384	0.01047	0.01445	0.01546	0.06654	0.00981	0.01036	0.01827	0.02555	0.03623	0.56310	0.06459	0.08036	0.01785	0.01068	0.00287	0.00490	0.01587	0.00962	0.00918

[dist]
# distance from previous block
# <min> <max>
0	1

[block]
# block no. 1 follows, 18 sequences, length 6
# corresponding to MSA columns:
# 105-110
name=unknown_B
#
# <colnr> <probs for GDERKNQSTAVLIFYWHMCP>
#	G	D	E	R	K	N	Q	S	T	A	V	L	I	F	Y	W	H	M	C	P
0	0.01303	0.00951	0.01296	0.01243	0.01445	0.00944	0.00944	0.01707	0.02290	0.03256	0.45282	0.05965	0.06913	0.03254	0.18406	0.00615	0.00990	0.01474	0.00868	0.00854
1	0.01312	0.00984	0.01476	0.01476	0.01640	0.01148	0.01148	0.01640	0.01476	0.02131	0.02459	0.03607	0.02295	0.06886	0.64092	0.01476	0.02459	0.00984	0.00492	0.00820
2	0.01771	0.01286	0.01530	0.01508	0.01748	0.01324	0.01098	0.17132	0.02462	0.03290	0.04275	0.49281	0.04833	0.02389	0.01102	0.00346	0.00664	0.02120	0.00871	0.00970
3	0.01085	0.00930	0.00930	0.00930	0.01240	0.00775	0.00698	0.01318	0.02093	0.02480	0.09302	0.08837	0.61631	0.02325	0.01085	0.00310	0.00465	0.01938	0.00853	0.00775
4	0.02400	0.02660	0.02755	0.02398	0.02528	0.19647	0.01944	0.02610	0.01735	0.02220	0.01264	0.01912	0.01199	0.01425	0.02412	0.00356	0.48347	0.00745	0.00421	0.01021
5	0.01246	0.00936	0.01153	0.01099	0.01339	0.00844	0.00824	0.01629	0.02473	0.03382	0.48493	0.07352	0.21877	0.01989	0.01084	0.00294	0.00441	0.01730	0.00971	0.00844

[dist]
# distance from previous block
# <min> <max>
0	2

# created by:
# /home/cegg/simao/soft/augustus-3.2.1/scripts/msa2prfl.pl ./align_prep/15348.fa
