[name]
unknown

[dist]
# distance from previous block
# <min> <max>
0	9

[block]
# block no. 0 follows, 21 sequences, length 94
# corresponding to MSA columns:
# 9-102
name=unknown_A
#
# <colnr> <probs for GDERKNQSTAVLIFYWHMCP>
#	G	D	E	R	K	N	Q	S	T	A	V	L	I	F	Y	W	H	M	C	P
0	0.01338	0.00950	0.01304	0.01479	0.01647	0.00947	0.01250	0.01676	0.01866	0.02433	0.04329	0.12667	0.04755	0.09318	0.01494	0.00434	0.00771	0.49836	0.00757	0.00751
1	0.01634	0.06938	0.52415	0.02157	0.03217	0.01843	0.02680	0.02472	0.01828	0.02657	0.05687	0.05811	0.04997	0.01023	0.00832	0.00270	0.01110	0.00825	0.00437	0.01167
2	0.01853	0.01965	0.03837	0.02864	0.03399	0.02038	0.38799	0.02339	0.01731	0.02405	0.01744	0.02727	0.01543	0.12031	0.01929	0.00392	0.15989	0.00985	0.00431	0.00999
3	0.01329	0.01283	0.07838	0.01267	0.01456	0.01037	0.04376	0.01493	0.01349	0.01842	0.02479	0.04838	0.02716	0.54551	0.08091	0.00774	0.01005	0.01139	0.00491	0.00645
4	0.01243	0.01173	0.04203	0.01098	0.01459	0.00971	0.00896	0.01783	0.08698	0.02722	0.19454	0.06605	0.39131	0.01812	0.00961	0.00274	0.00501	0.01526	0.00795	0.04696
5	0.03550	0.01389	0.01889	0.01469	0.02080	0.01205	0.01205	0.03887	0.02433	0.59018	0.09612	0.03251	0.02714	0.01124	0.00871	0.00264	0.00691	0.00926	0.01041	0.01382
6	0.01739	0.01513	0.01891	0.11990	0.02634	0.01256	0.01226	0.02148	0.01755	0.02677	0.01513	0.01846	0.01240	0.00666	0.00666	0.00151	0.00711	0.00545	0.00484	0.63350
7	0.01607	0.01513	0.02552	0.68047	0.05861	0.01891	0.02363	0.02174	0.01702	0.02174	0.01513	0.02269	0.01134	0.00851	0.00851	0.00284	0.01134	0.00756	0.00378	0.00945
8	0.01204	0.00870	0.01138	0.01071	0.01271	0.00803	0.00803	0.01606	0.02409	0.03413	0.64335	0.06357	0.08030	0.01740	0.01004	0.00268	0.00401	0.01539	0.00937	0.00803
9	0.03179	0.04056	0.02412	0.02192	0.02631	0.66676	0.01644	0.03398	0.02412	0.02083	0.01315	0.01535	0.01096	0.00877	0.00767	0.00219	0.01535	0.00548	0.00438	0.00987
10	0.02106	0.02022	0.03454	0.05223	0.64784	0.02022	0.02612	0.02612	0.01938	0.02780	0.01601	0.02106	0.01348	0.00758	0.00842	0.00253	0.01011	0.00758	0.00421	0.01348
11	0.02106	0.02022	0.03454	0.05223	0.64784	0.02022	0.02612	0.02612	0.01938	0.02780	0.01601	0.02106	0.01348	0.00758	0.00842	0.00253	0.01011	0.00758	0.00421	0.01348
12	0.01361	0.01126	0.01647	0.01563	0.01680	0.01411	0.01243	0.01639	0.01353	0.01992	0.02018	0.03010	0.01900	0.05281	0.52330	0.01144	0.17194	0.00874	0.00437	0.00798
13	0.01037	0.00741	0.00987	0.01185	0.01234	0.00691	0.00790	0.01185	0.01629	0.02172	0.04690	0.69537	0.05629	0.02666	0.01086	0.00346	0.00494	0.02419	0.00790	0.00691
14	0.03005	0.03152	0.02579	0.02512	0.11103	0.34744	0.01755	0.21967	0.05424	0.03284	0.01677	0.01844	0.01306	0.00918	0.00808	0.00238	0.01236	0.00664	0.00586	0.01198
15	0.02253	0.02300	0.03312	0.04810	0.56297	0.10850	0.02480	0.02719	0.02002	0.02685	0.01562	0.02028	0.01314	0.00774	0.00832	0.00248	0.01083	0.00730	0.00424	0.01299
16	0.01238	0.00825	0.00928	0.00928	0.00928	0.00825	0.00516	0.01238	0.01238	0.01650	0.02681	0.05569	0.03094	0.70092	0.04331	0.00825	0.00825	0.01238	0.00516	0.00516
17	0.01261	0.00970	0.01421	0.01396	0.01527	0.01151	0.01080	0.01536	0.01354	0.01958	0.02229	0.03397	0.02126	0.10459	0.58097	0.01263	0.06644	0.00923	0.00454	0.00754
18	0.03149	0.06838	0.02541	0.02105	0.02612	0.49257	0.01629	0.16537	0.02737	0.02817	0.01473	0.01641	0.01175	0.00902	0.00776	0.00226	0.01370	0.00593	0.00528	0.01095
19	0.02106	0.02022	0.03454	0.05223	0.64784	0.02022	0.02612	0.02612	0.01938	0.02780	0.01601	0.02106	0.01348	0.00758	0.00842	0.00253	0.01011	0.00758	0.00421	0.01348
20	0.03179	0.04056	0.02412	0.02192	0.02631	0.66676	0.01644	0.03398	0.02412	0.02083	0.01315	0.01535	0.01096	0.00877	0.00767	0.00219	0.01535	0.00548	0.00438	0.00987
21	0.01204	0.00870	0.01138	0.01071	0.01271	0.00803	0.00803	0.01606	0.02409	0.03413	0.64335	0.06357	0.08030	0.01740	0.01004	0.00268	0.00401	0.01539	0.00937	0.00803
22	0.01607	0.01513	0.02552	0.68047	0.05861	0.01891	0.02363	0.02174	0.01702	0.02174	0.01513	0.02269	0.01134	0.00851	0.00851	0.00284	0.01134	0.00756	0.00378	0.00945
23	0.01030	0.00836	0.00914	0.00951	0.01179	0.00720	0.00692	0.01247	0.01913	0.02370	0.12685	0.21424	0.46612	0.02230	0.01023	0.00298	0.00442	0.01909	0.00803	0.00720
24	0.01128	0.00850	0.01043	0.01029	0.01233	0.00765	0.00759	0.01445	0.02177	0.02944	0.41201	0.15303	0.23057	0.01977	0.01015	0.00283	0.00422	0.01727	0.00877	0.00765
25	0.76103	0.01646	0.01251	0.01119	0.01646	0.01909	0.00922	0.02502	0.01448	0.03818	0.01185	0.01382	0.00922	0.00790	0.00527	0.00263	0.00658	0.00461	0.00527	0.00922
26	0.02106	0.02022	0.03454	0.05223	0.64784	0.02022	0.02612	0.02612	0.01938	0.02780	0.01601	0.02106	0.01348	0.00758	0.00842	0.00253	0.01011	0.00758	0.00421	0.01348
27	0.01177	0.00869	0.01100	0.01042	0.01255	0.00791	0.00782	0.01553	0.02345	0.03261	0.56727	0.06607	0.15732	0.01797	0.01004	0.00270	0.00406	0.01574	0.00917	0.00791
28	0.01045	0.00747	0.00994	0.01180	0.01236	0.00696	0.00791	0.01204	0.01665	0.02230	0.07439	0.66625	0.05739	0.02623	0.01082	0.00342	0.00489	0.02379	0.00797	0.00696
29	0.02106	0.02022	0.03454	0.05223	0.64784	0.02022	0.02612	0.02612	0.01938	0.02780	0.01601	0.02106	0.01348	0.00758	0.00842	0.00253	0.01011	0.00758	0.00421	0.01348
30	0.02073	0.01988	0.03393	0.09457	0.60813	0.02013	0.02595	0.02582	0.01922	0.02739	0.01595	0.02117	0.01334	0.00764	0.00843	0.00255	0.01019	0.00758	0.00418	0.01321
31	0.02063	0.45912	0.27295	0.01818	0.02743	0.02849	0.02086	0.02603	0.01754	0.02261	0.01311	0.01526	0.01087	0.00758	0.00644	0.00215	0.01040	0.00520	0.00362	0.01154
32	0.66911	0.01793	0.05042	0.01222	0.01800	0.01869	0.01073	0.02624	0.01535	0.07901	0.01351	0.01509	0.01011	0.00809	0.00565	0.00264	0.00698	0.00497	0.00552	0.00977
33	0.19363	0.06108	0.02229	0.01877	0.02373	0.42596	0.01456	0.06865	0.02270	0.05587	0.01421	0.01588	0.01126	0.00869	0.00714	0.00232	0.01239	0.00553	0.00509	0.01027
34	0.01724	0.04280	0.62160	0.02493	0.03728	0.01987	0.06545	0.02697	0.01809	0.02697	0.01538	0.01826	0.01090	0.00803	0.00820	0.00271	0.01268	0.00651	0.00363	0.01251
35	0.01037	0.00741	0.00987	0.01185	0.01234	0.00691	0.00790	0.01185	0.01629	0.02172	0.04690	0.69537	0.05629	0.02666	0.01086	0.00346	0.00494	0.02419	0.00790	0.00691
36	0.02040	0.01761	0.01851	0.01672	0.02139	0.02020	0.01299	0.04294	0.59007	0.03473	0.03820	0.03522	0.06874	0.01224	0.00876	0.00289	0.00657	0.01020	0.00861	0.01304
37	0.01037	0.00741	0.00987	0.01185	0.01234	0.00691	0.00790	0.01185	0.01629	0.02172	0.04690	0.69537	0.05629	0.02666	0.01086	0.00346	0.00494	0.02419	0.00790	0.00691
38	0.01471	0.01436	0.02790	0.02258	0.02670	0.01344	0.28007	0.01874	0.01799	0.02420	0.03364	0.39487	0.03690	0.01795	0.01050	0.00319	0.00914	0.01787	0.00629	0.00895
39	0.02500	0.01743	0.01936	0.01683	0.02204	0.01922	0.01325	0.04438	0.49558	0.17474	0.03440	0.03112	0.02487	0.01132	0.00864	0.00283	0.00685	0.00938	0.00908	0.01370
40	0.01908	0.01178	0.01244	0.01067	0.01429	0.01173	0.00836	0.12828	0.02182	0.03514	0.02471	0.02777	0.01923	0.00948	0.00646	0.00199	0.00526	0.00749	0.51319	0.11084
41	0.02275	0.70604	0.04459	0.01456	0.02184	0.03367	0.01456	0.02548	0.01729	0.02002	0.01183	0.01365	0.01092	0.00728	0.00546	0.00182	0.00910	0.00455	0.00364	0.01092
42	0.03179	0.04056	0.02412	0.02192	0.02631	0.66676	0.01644	0.03398	0.02412	0.02083	0.01315	0.01535	0.01096	0.00877	0.00767	0.00219	0.01535	0.00548	0.00438	0.00987
43	0.12327	0.03381	0.42973	0.02048	0.03075	0.01809	0.02427	0.02986	0.01889	0.16535	0.01880	0.01980	0.01281	0.00859	0.00780	0.00267	0.01059	0.00655	0.00534	0.01253
44	0.01707	0.04402	0.65683	0.02426	0.03683	0.01976	0.03144	0.02695	0.01797	0.02695	0.01527	0.01797	0.01078	0.00809	0.00809	0.00270	0.01258	0.00629	0.00359	0.01258
45	0.01057	0.00864	0.00932	0.00915	0.01181	0.00740	0.00687	0.01320	0.02060	0.02583	0.22846	0.07722	0.50036	0.02049	0.01005	0.00282	0.00424	0.01730	0.00828	0.00740
46	0.02106	0.02022	0.03454	0.05223	0.64784	0.02022	0.02612	0.02612	0.01938	0.02780	0.01601	0.02106	0.01348	0.00758	0.00842	0.00253	0.01011	0.00758	0.00421	0.01348
47	0.01586	0.00793	0.00793	0.00793	0.00991	0.00793	0.00595	0.01983	0.01785	0.03173	0.02776	0.03173	0.02181	0.00991	0.00595	0.00198	0.00397	0.00793	0.74817	0.00793
48	0.01158	0.00845	0.00993	0.01006	0.01113	0.00830	0.00667	0.01280	0.01475	0.01917	0.04333	0.10185	0.19494	0.36059	0.14315	0.00745	0.00956	0.01409	0.00597	0.00625
49	0.01037	0.00741	0.00987	0.01185	0.01234	0.00691	0.00790	0.01185	0.01629	0.02172	0.04690	0.69537	0.05629	0.02666	0.01086	0.00346	0.00494	0.02419	0.00790	0.00691
50	0.02955	0.03106	0.02340	0.02026	0.02539	0.34976	0.01570	0.19347	0.16532	0.03295	0.01994	0.02040	0.01528	0.00978	0.00812	0.00245	0.01180	0.00700	0.00645	0.01191
51	0.01887	0.25350	0.46310	0.02119	0.03209	0.02417	0.02610	0.02649	0.01775	0.02476	0.01418	0.01660	0.01082	0.00783	0.00725	0.00242	0.01148	0.00574	0.00361	0.01205
52	0.02761	0.11362	0.16458	0.02154	0.02812	0.43126	0.01950	0.05420	0.02264	0.02335	0.01375	0.01593	0.01105	0.00851	0.00755	0.00228	0.01383	0.00564	0.00429	0.01075
53	0.02009	0.02296	0.05022	0.03587	0.04448	0.02152	0.61693	0.02726	0.02009	0.02726	0.01722	0.02296	0.01291	0.00717	0.01004	0.00287	0.01435	0.01004	0.00430	0.01148
54	0.21414	0.01135	0.01231	0.01221	0.01541	0.01159	0.01003	0.01940	0.01940	0.05689	0.17688	0.06161	0.13869	0.01709	0.00922	0.00307	0.00606	0.18861	0.00762	0.00843
55	0.01921	0.25182	0.34084	0.01884	0.02798	0.02232	0.02190	0.02567	0.01888	0.05514	0.10078	0.02332	0.02080	0.00921	0.00753	0.00241	0.01003	0.00708	0.00472	0.01151
56	0.19136	0.35718	0.17377	0.01643	0.02426	0.06685	0.01725	0.02624	0.01723	0.02580	0.01269	0.01477	0.01050	0.00770	0.00615	0.00223	0.00970	0.00501	0.00405	0.01084
57	0.02485	0.02024	0.02482	0.02494	0.16277	0.02084	0.01661	0.26640	0.11940	0.03934	0.02039	0.02165	0.01556	0.00895	0.00802	0.00231	0.00845	0.00735	0.00680	0.18033
58	0.01090	0.00763	0.00972	0.01117	0.01153	0.00727	0.00717	0.01199	0.01525	0.02034	0.04157	0.52562	0.04956	0.20558	0.01947	0.00473	0.00582	0.02106	0.00717	0.00645
59	0.02065	0.46092	0.27128	0.01815	0.02739	0.02852	0.02081	0.02603	0.01754	0.02259	0.01311	0.01525	0.01087	0.00758	0.00643	0.00214	0.01039	0.00519	0.00362	0.01153
60	0.02032	0.02154	0.04123	0.03231	0.08028	0.02157	0.41618	0.03078	0.15343	0.02880	0.02065	0.02454	0.01572	0.00852	0.01047	0.00289	0.04392	0.00966	0.00522	0.01195
61	0.01216	0.00912	0.01368	0.01368	0.01520	0.01064	0.01064	0.01520	0.01368	0.01976	0.02279	0.03343	0.02127	0.06382	0.66720	0.01368	0.02279	0.00912	0.00456	0.00760
62	0.01177	0.00869	0.01100	0.01042	0.01255	0.00791	0.00782	0.01553	0.02345	0.03261	0.56727	0.06607	0.15732	0.01797	0.01004	0.00270	0.00406	0.01574	0.00917	0.00791
63	0.01707	0.04402	0.65683	0.02426	0.03683	0.01976	0.03144	0.02695	0.01797	0.02695	0.01527	0.01797	0.01078	0.00809	0.00809	0.00270	0.01258	0.00629	0.00359	0.01258
64	0.01204	0.00870	0.01138	0.01071	0.01271	0.00803	0.00803	0.01606	0.02409	0.03413	0.64335	0.06357	0.08030	0.01740	0.01004	0.00268	0.00401	0.01539	0.00937	0.00803
65	0.01037	0.00741	0.00987	0.01185	0.01234	0.00691	0.00790	0.01185	0.01629	0.02172	0.04690	0.69537	0.05629	0.02666	0.01086	0.00346	0.00494	0.02419	0.00790	0.00691
66	0.76103	0.01646	0.01251	0.01119	0.01646	0.01909	0.00922	0.02502	0.01448	0.03818	0.01185	0.01382	0.00922	0.00790	0.00527	0.00263	0.00658	0.00461	0.00527	0.00922
67	0.01919	0.01818	0.03082	0.24573	0.43689	0.01935	0.02480	0.02438	0.01865	0.02582	0.01702	0.02489	0.01439	0.00858	0.00860	0.00268	0.01039	0.03342	0.00424	0.01198
68	0.01204	0.00870	0.01138	0.01071	0.01271	0.00803	0.00803	0.01606	0.02409	0.03413	0.64335	0.06357	0.08030	0.01740	0.01004	0.00268	0.00401	0.01539	0.00937	0.00803
69	0.03179	0.04056	0.02412	0.02192	0.02631	0.66676	0.01644	0.03398	0.02412	0.02083	0.01315	0.01535	0.01096	0.00877	0.00767	0.00219	0.01535	0.00548	0.00438	0.00987
70	0.01780	0.03966	0.54279	0.02938	0.14881	0.01985	0.03047	0.02680	0.01823	0.02711	0.01541	0.01853	0.01127	0.00799	0.00815	0.00266	0.01212	0.00653	0.00371	0.01274
71	0.02275	0.70604	0.04459	0.01456	0.02184	0.03367	0.01456	0.02548	0.01729	0.02002	0.01183	0.01365	0.01092	0.00728	0.00546	0.00182	0.00910	0.00455	0.00364	0.01092
72	0.02214	0.55296	0.15599	0.01669	0.02481	0.06116	0.01775	0.02616	0.01774	0.02133	0.01253	0.01452	0.01090	0.00750	0.00605	0.00200	0.01004	0.00491	0.00367	0.01117
73	0.02117	0.01828	0.01924	0.01732	0.02213	0.02117	0.01347	0.04522	0.63246	0.03560	0.03464	0.03175	0.02598	0.01155	0.00866	0.00289	0.00673	0.00962	0.00866	0.01347
74	0.01027	0.00779	0.00948	0.01084	0.01208	0.00700	0.00745	0.01196	0.01726	0.02212	0.05920	0.50353	0.24019	0.02506	0.01061	0.00327	0.00474	0.02224	0.00790	0.00700
75	0.03235	0.02384	0.02554	0.01958	0.02639	0.02639	0.01618	0.61946	0.04001	0.05363	0.02043	0.02043	0.01447	0.01022	0.00851	0.00255	0.00936	0.00766	0.00851	0.01447
76	0.02473	0.56072	0.04012	0.01617	0.02282	0.17192	0.01497	0.02734	0.01878	0.02020	0.01212	0.01402	0.01093	0.00761	0.00594	0.00190	0.01046	0.00475	0.00380	0.01069
77	0.01007	0.00856	0.00868	0.00878	0.01154	0.00717	0.00653	0.01220	0.01925	0.02293	0.08432	0.11141	0.61609	0.02180	0.01010	0.00290	0.00434	0.01826	0.00790	0.00717
78	0.01204	0.00870	0.01138	0.01071	0.01271	0.00803	0.00803	0.01606	0.02409	0.03413	0.64335	0.06357	0.08030	0.01740	0.01004	0.00268	0.00401	0.01539	0.00937	0.00803
79	0.01216	0.00912	0.01368	0.01368	0.01520	0.01064	0.01064	0.01520	0.01368	0.01976	0.02279	0.03343	0.02127	0.06382	0.66720	0.01368	0.02279	0.00912	0.00456	0.00760
80	0.01169	0.00868	0.01088	0.01033	0.01250	0.00788	0.00775	0.01537	0.02325	0.03214	0.54397	0.06684	0.18092	0.01814	0.01004	0.00271	0.00407	0.01585	0.00911	0.00788
81	0.02009	0.02296	0.05022	0.03587	0.04448	0.02152	0.61693	0.02726	0.02009	0.02726	0.01722	0.02296	0.01291	0.00717	0.01004	0.00287	0.01435	0.01004	0.00430	0.01148
82	0.03179	0.04056	0.02412	0.02192	0.02631	0.66676	0.01644	0.03398	0.02412	0.02083	0.01315	0.01535	0.01096	0.00877	0.00767	0.00219	0.01535	0.00548	0.00438	0.00987
83	0.76103	0.01646	0.01251	0.01119	0.01646	0.01909	0.00922	0.02502	0.01448	0.03818	0.01185	0.01382	0.00922	0.00790	0.00527	0.00263	0.00658	0.00461	0.00527	0.00922
84	0.76103	0.01646	0.01251	0.01119	0.01646	0.01909	0.00922	0.02502	0.01448	0.03818	0.01185	0.01382	0.00922	0.00790	0.00527	0.00263	0.00658	0.00461	0.00527	0.00922
85	0.03192	0.03679	0.02444	0.02140	0.02633	0.52261	0.01638	0.16577	0.02769	0.02821	0.01479	0.01649	0.01175	0.00910	0.00786	0.00227	0.01400	0.00597	0.00531	0.01090
86	0.03227	0.02612	0.02535	0.01990	0.02638	0.11383	0.01621	0.53952	0.03784	0.04915	0.01944	0.01974	0.01399	0.01002	0.00840	0.00250	0.01018	0.00736	0.00795	0.01384
87	0.01101	0.00829	0.01034	0.01173	0.01325	0.00762	0.00875	0.01322	0.01793	0.02291	0.05807	0.38397	0.22774	0.02447	0.01082	0.00339	0.00539	0.14604	0.00789	0.00719
88	0.03182	0.03951	0.02421	0.02178	0.02631	0.62665	0.01643	0.07066	0.02511	0.02288	0.01361	0.01567	0.01118	0.00886	0.00773	0.00222	0.01497	0.00562	0.00464	0.01015
89	0.01136	0.00841	0.01166	0.01453	0.05238	0.00800	0.00932	0.01317	0.01655	0.02214	0.04397	0.58404	0.05200	0.05439	0.01217	0.00364	0.00560	0.06181	0.00755	0.00731
90	0.03179	0.04056	0.02412	0.02192	0.02631	0.66676	0.01644	0.03398	0.02412	0.02083	0.01315	0.01535	0.01096	0.00877	0.00767	0.00219	0.01535	0.00548	0.00438	0.00987
91	0.01663	0.04180	0.61623	0.02328	0.03525	0.01898	0.02988	0.02603	0.01806	0.02670	0.01972	0.02197	0.05047	0.00893	0.00821	0.00271	0.01206	0.00702	0.00386	0.01224
92	0.01146	0.01077	0.05080	0.01221	0.01479	0.00852	0.01017	0.01433	0.01846	0.02347	0.06064	0.25765	0.29344	0.02264	0.01057	0.00328	0.00585	0.15574	0.00762	0.00760
93	0.03080	0.03897	0.02420	0.06317	0.02833	0.62618	0.01689	0.03322	0.02367	0.02088	0.01328	0.01581	0.01099	0.00875	0.00773	0.00223	0.01510	0.00561	0.00435	0.00984

[dist]
# distance from previous block
# <min> <max>
0	2

[block]
# block no. 1 follows, 21 sequences, length 15
# corresponding to MSA columns:
# 105-119
name=unknown_B
#
# <colnr> <probs for GDERKNQSTAVLIFYWHMCP>
#	G	D	E	R	K	N	Q	S	T	A	V	L	I	F	Y	W	H	M	C	P
0	0.03179	0.04056	0.02412	0.02192	0.02631	0.66676	0.01644	0.03398	0.02412	0.02083	0.01315	0.01535	0.01096	0.00877	0.00767	0.00219	0.01535	0.00548	0.00438	0.00987
1	0.01217	0.00758	0.00924	0.01056	0.01155	0.00725	0.00726	0.01447	0.01680	0.02501	0.04061	0.47732	0.04496	0.02116	0.00925	0.00297	0.00462	0.01885	0.25113	0.00725
2	0.01276	0.02027	0.22216	0.01418	0.02006	0.01149	0.01499	0.01783	0.01987	0.02653	0.17473	0.05721	0.32298	0.01629	0.00941	0.00278	0.00697	0.01361	0.00678	0.00913
3	0.02882	0.25922	0.03084	0.01950	0.02484	0.45874	0.01582	0.03119	0.02187	0.02056	0.01272	0.01479	0.01095	0.00828	0.00695	0.00207	0.01329	0.00518	0.00414	0.01021
4	0.01156	0.00840	0.01115	0.01293	0.01419	0.00799	0.00988	0.01400	0.01781	0.02322	0.05016	0.41464	0.11242	0.02500	0.01111	0.00357	0.00594	0.23087	0.00788	0.00728
5	0.02033	0.01839	0.02148	0.01897	0.02220	0.02278	0.01516	0.03709	0.42894	0.03063	0.02693	0.02744	0.02111	0.01265	0.01499	0.00316	0.22971	0.00891	0.00704	0.01210
6	0.01238	0.00825	0.00928	0.00928	0.00928	0.00825	0.00516	0.01238	0.01238	0.01650	0.02681	0.05569	0.03094	0.70092	0.04331	0.00825	0.00825	0.01238	0.00516	0.00516
7	0.01784	0.01298	0.01531	0.01468	0.01736	0.01353	0.01105	0.21193	0.02433	0.03249	0.03807	0.42864	0.04200	0.02102	0.01016	0.00319	0.00661	0.06125	0.00810	0.00947
8	0.01570	0.03103	0.40858	0.02001	0.02823	0.01608	0.05705	0.02218	0.01625	0.02354	0.01918	0.03065	0.01753	0.23568	0.01978	0.00453	0.01126	0.00851	0.00415	0.01007
9	0.02209	0.03739	0.44941	0.02272	0.03340	0.02194	0.02643	0.22163	0.02521	0.03572	0.01697	0.01878	0.01199	0.00879	0.00823	0.00265	0.01152	0.00674	0.00521	0.01320
10	0.01165	0.00826	0.01092	0.01156	0.01222	0.00860	0.00785	0.01313	0.01407	0.01926	0.03201	0.25592	0.03599	0.27283	0.23778	0.00848	0.01195	0.01514	0.00585	0.00653
11	0.11688	0.02726	0.33129	0.01748	0.02517	0.01535	0.01979	0.02268	0.01974	0.03113	0.24591	0.03418	0.03615	0.01149	0.00842	0.00268	0.00861	0.00941	0.00595	0.01044
12	0.13676	0.03008	0.34545	0.23776	0.04070	0.01937	0.02529	0.02493	0.01709	0.02705	0.01467	0.01885	0.01071	0.00819	0.00777	0.00273	0.01120	0.00644	0.00393	0.01101
13	0.01075	0.00824	0.00985	0.01030	0.01214	0.00735	0.00740	0.01324	0.01977	0.02588	0.23891	0.27802	0.28347	0.02200	0.01032	0.00301	0.00443	0.01924	0.00834	0.00735
14	0.01230	0.00854	0.01073	0.01073	0.01123	0.00903	0.00696	0.01330	0.01280	0.01757	0.02549	0.04838	0.02776	0.49159	0.24831	0.01003	0.01303	0.01131	0.00496	0.00596

[dist]
# distance from previous block
# <min> <max>
0	13

# created by:
# /home/cegg/simao/soft/augustus-3.2.1/scripts/msa2prfl.pl ./align_prep/15383.fa
