[name]
unknown

[dist]
# distance from previous block
# <min> <max>
0	0

[block]
# block no. 0 follows, 20 sequences, length 41
# corresponding to MSA columns:
# 0-40
name=unknown_A
#
# <colnr> <probs for GDERKNQSTAVLIFYWHMCP>
#	G	D	E	R	K	N	Q	S	T	A	V	L	I	F	Y	W	H	M	C	P
0	0.01406	0.01004	0.01406	0.01606	0.01807	0.01004	0.01406	0.01807	0.02008	0.02610	0.04618	0.09839	0.05020	0.02410	0.01205	0.00402	0.00803	0.58032	0.00803	0.00803
1	0.02329	0.01304	0.01654	0.01337	0.01851	0.01139	0.01061	0.02835	0.05974	0.23935	0.25186	0.04028	0.04233	0.01245	0.00880	0.00240	0.00595	0.01059	0.00893	0.18224
2	0.02376	0.02697	0.02500	0.02207	0.02391	0.26738	0.01762	0.02589	0.01776	0.02107	0.01312	0.01894	0.01214	0.01662	0.06783	0.00398	0.37520	0.00699	0.00414	0.00963
3	0.02577	0.01990	0.02163	0.01759	0.02378	0.02133	0.01409	0.23052	0.29545	0.07116	0.02715	0.02605	0.02009	0.01041	0.00841	0.00255	0.00775	0.00833	0.00828	0.13978
4	0.03308	0.03319	0.02315	0.02008	0.02536	0.45464	0.01540	0.03572	0.02428	0.17201	0.01867	0.01927	0.01385	0.00923	0.00798	0.00228	0.01304	0.00634	0.00606	0.06636
5	0.02159	0.02073	0.03541	0.05354	0.63903	0.02073	0.02677	0.02677	0.01986	0.02850	0.01641	0.02159	0.01382	0.00777	0.00864	0.00259	0.01036	0.00777	0.00432	0.01382
6	0.02289	0.64980	0.09079	0.01567	0.02354	0.03345	0.01622	0.02623	0.01778	0.02105	0.01239	0.01432	0.01118	0.00752	0.00580	0.00193	0.00959	0.00480	0.00373	0.01132
7	0.02159	0.02073	0.03541	0.05354	0.63903	0.02073	0.02677	0.02677	0.01986	0.02850	0.01641	0.02159	0.01382	0.00777	0.00864	0.00259	0.01036	0.00777	0.00432	0.01382
8	0.03183	0.04032	0.02483	0.02250	0.02674	0.62326	0.01698	0.03406	0.02409	0.02133	0.01337	0.01592	0.01125	0.00934	0.00902	0.00233	0.05257	0.00573	0.00446	0.01008
9	0.01101	0.00886	0.00981	0.00958	0.01221	0.00766	0.00718	0.01388	0.02155	0.02752	0.27739	0.07744	0.44400	0.02062	0.01030	0.00288	0.00431	0.01750	0.00862	0.00766
10	0.01647	0.01550	0.02616	0.67248	0.06008	0.01938	0.02422	0.02229	0.01744	0.02229	0.01550	0.02326	0.01163	0.00872	0.00872	0.00291	0.01163	0.00775	0.00388	0.00969
11	0.01063	0.00759	0.01012	0.01215	0.01265	0.00709	0.00810	0.01215	0.01670	0.02227	0.04808	0.68775	0.05769	0.02733	0.01113	0.00354	0.00506	0.02480	0.00810	0.00709
12	0.01750	0.04512	0.64825	0.02486	0.03775	0.02026	0.03223	0.02762	0.01842	0.02762	0.01565	0.01842	0.01105	0.00829	0.00829	0.00276	0.01289	0.00645	0.00368	0.01289
13	0.01647	0.01550	0.02616	0.67248	0.06008	0.01938	0.02422	0.02229	0.01744	0.02229	0.01550	0.02326	0.01163	0.00872	0.00872	0.00291	0.01163	0.00775	0.00388	0.00969
14	0.01908	0.01908	0.02672	0.02290	0.02290	0.02672	0.01908	0.02099	0.01336	0.02099	0.01145	0.01908	0.01145	0.01527	0.02863	0.00382	0.67748	0.00763	0.00382	0.00954
15	0.03316	0.02443	0.02618	0.02007	0.02705	0.02705	0.01658	0.60995	0.04101	0.05497	0.02094	0.02094	0.01483	0.01047	0.00873	0.00262	0.00960	0.00785	0.00873	0.01483
16	0.03914	0.01484	0.02024	0.01552	0.02227	0.01282	0.01282	0.04251	0.02497	0.64507	0.03441	0.02969	0.02159	0.01080	0.00877	0.00270	0.00742	0.00877	0.01080	0.01484
17	0.75506	0.01687	0.01282	0.01147	0.01687	0.01957	0.00945	0.02564	0.01484	0.03914	0.01215	0.01417	0.00945	0.00810	0.00540	0.00270	0.00675	0.00472	0.00540	0.00945
18	0.02159	0.02073	0.03541	0.05354	0.63903	0.02073	0.02677	0.02677	0.01986	0.02850	0.01641	0.02159	0.01382	0.00777	0.00864	0.00259	0.01036	0.00777	0.00432	0.01382
19	0.02140	0.01855	0.02009	0.05500	0.02481	0.02156	0.01440	0.04498	0.58881	0.03568	0.03437	0.03202	0.02577	0.01166	0.00887	0.00296	0.00717	0.00974	0.00859	0.01357
20	0.01954	0.01849	0.02955	0.06286	0.03137	0.01620	0.19990	0.05379	0.02000	0.02923	0.01646	0.02028	0.01303	0.00709	0.00793	0.00198	0.00955	0.00709	0.00503	0.43063
21	0.03914	0.01484	0.02024	0.01552	0.02227	0.01282	0.01282	0.04251	0.02497	0.64507	0.03441	0.02969	0.02159	0.01080	0.00877	0.00270	0.00742	0.00877	0.01080	0.01484
22	0.01246	0.00935	0.01402	0.01402	0.01558	0.01090	0.01090	0.01558	0.01402	0.02025	0.02336	0.03427	0.02181	0.06542	0.65888	0.01402	0.02336	0.00935	0.00467	0.00779
23	0.75506	0.01687	0.01282	0.01147	0.01687	0.01957	0.00945	0.02564	0.01484	0.03914	0.01215	0.01417	0.00945	0.00810	0.00540	0.00270	0.00675	0.00472	0.00540	0.00945
24	0.02433	0.65510	0.04409	0.01496	0.02238	0.03313	0.01479	0.02716	0.01819	0.06034	0.01355	0.01499	0.01186	0.00768	0.00580	0.00192	0.00921	0.00493	0.00418	0.01143
25	0.02466	0.01916	0.02333	0.04891	0.02563	0.02105	0.05076	0.33808	0.06443	0.04099	0.02772	0.18972	0.02590	0.01474	0.01035	0.00296	0.03923	0.01237	0.00787	0.01216
26	0.03125	0.02455	0.02503	0.01984	0.02633	0.06466	0.01614	0.48274	0.13523	0.04990	0.02287	0.02252	0.01654	0.01060	0.00870	0.00265	0.00953	0.00805	0.00849	0.01438
27	0.01235	0.00892	0.01166	0.01097	0.01303	0.00823	0.00823	0.01646	0.02469	0.03498	0.63443	0.06516	0.08230	0.01783	0.01029	0.00274	0.00412	0.01578	0.00960	0.00823
28	0.01647	0.01550	0.02616	0.67248	0.06008	0.01938	0.02422	0.02229	0.01744	0.02229	0.01550	0.02326	0.01163	0.00872	0.00872	0.00291	0.01163	0.00775	0.00388	0.00969
29	0.03554	0.02018	0.08251	0.01756	0.02497	0.01711	0.01564	0.18336	0.02836	0.43734	0.02922	0.02641	0.01888	0.01047	0.00871	0.00268	0.00850	0.00832	0.00959	0.01465
30	0.75506	0.01687	0.01282	0.01147	0.01687	0.01957	0.00945	0.02564	0.01484	0.03914	0.01215	0.01417	0.00945	0.00810	0.00540	0.00270	0.00675	0.00472	0.00540	0.00945
31	0.06240	0.01930	0.02055	0.01765	0.02312	0.02175	0.01399	0.14393	0.43799	0.09297	0.03167	0.02933	0.02325	0.01132	0.00866	0.00286	0.00741	0.00915	0.00884	0.01386
32	0.75506	0.01687	0.01282	0.01147	0.01687	0.01957	0.00945	0.02564	0.01484	0.03914	0.01215	0.01417	0.00945	0.00810	0.00540	0.00270	0.00675	0.00472	0.00540	0.00945
33	0.02159	0.02073	0.03541	0.05354	0.63903	0.02073	0.02677	0.02677	0.01986	0.02850	0.01641	0.02159	0.01382	0.00777	0.00864	0.00259	0.01036	0.00777	0.00432	0.01382
34	0.01256	0.00894	0.01195	0.01195	0.01279	0.00978	0.00832	0.01425	0.01340	0.01871	0.02526	0.04477	0.02637	0.35445	0.37609	0.01146	0.01650	0.01088	0.00495	0.00664
35	0.03258	0.04157	0.02472	0.02247	0.02697	0.65843	0.01685	0.03483	0.02472	0.02135	0.01348	0.01573	0.01124	0.00899	0.00787	0.00225	0.01573	0.00562	0.00449	0.01011
36	0.01515	0.00758	0.01136	0.01136	0.01136	0.00758	0.00758	0.01136	0.01136	0.01515	0.01515	0.02652	0.01515	0.03030	0.03409	0.74621	0.00758	0.00758	0.00379	0.00379
37	0.75506	0.01687	0.01282	0.01147	0.01687	0.01957	0.00945	0.02564	0.01484	0.03914	0.01215	0.01417	0.00945	0.00810	0.00540	0.00270	0.00675	0.00472	0.00540	0.00945
38	0.03201	0.04036	0.02445	0.02222	0.02674	0.62462	0.01669	0.03544	0.05650	0.02215	0.01465	0.01662	0.01205	0.00914	0.00792	0.00228	0.01526	0.00584	0.00473	0.01031
39	0.02435	0.02021	0.02240	0.02097	0.06981	0.02287	0.01542	0.17571	0.44297	0.04018	0.03069	0.02903	0.02293	0.01121	0.00882	0.00285	0.00779	0.00924	0.00850	0.01405
40	0.01905	0.01644	0.01720	0.01568	0.02015	0.01837	0.01214	0.03850	0.48321	0.03349	0.04777	0.04448	0.16796	0.01422	0.00921	0.00296	0.00633	0.01185	0.00870	0.01231

[dist]
# distance from previous block
# <min> <max>
0	1

[block]
# block no. 1 follows, 20 sequences, length 26
# corresponding to MSA columns:
# 42-67
name=unknown_B
#
# <colnr> <probs for GDERKNQSTAVLIFYWHMCP>
#	G	D	E	R	K	N	Q	S	T	A	V	L	I	F	Y	W	H	M	C	P
0	0.02178	0.52606	0.20487	0.01755	0.02645	0.03075	0.01950	0.02652	0.01791	0.02240	0.01306	0.01516	0.01116	0.00768	0.00631	0.00210	0.01027	0.00513	0.00372	0.01164
1	0.01691	0.01163	0.01363	0.01268	0.01571	0.01126	0.00956	0.11850	0.02397	0.07720	0.17359	0.24123	0.20021	0.01990	0.01016	0.00300	0.00566	0.01719	0.00872	0.00931
2	0.01987	0.01645	0.01967	0.13400	0.02763	0.01868	0.01470	0.10743	0.29642	0.03489	0.12264	0.08988	0.03355	0.01333	0.00924	0.00292	0.00752	0.01139	0.00800	0.01178
3	0.02235	0.01205	0.01455	0.01308	0.01672	0.03489	0.01000	0.02519	0.02212	0.25596	0.16234	0.20540	0.13368	0.01784	0.00984	0.00293	0.00607	0.01538	0.00925	0.01035
4	0.02684	0.01613	0.01920	0.01660	0.02153	0.01667	0.01337	0.15353	0.16341	0.21980	0.03523	0.12403	0.02989	0.01490	0.00953	0.00303	0.00752	0.08689	0.00921	0.01268
5	0.02083	0.29905	0.36956	0.02083	0.03101	0.07120	0.02441	0.02755	0.01860	0.02442	0.01413	0.01650	0.01112	0.00802	0.00721	0.00238	0.01171	0.00569	0.00376	0.01203
6	0.02667	0.01999	0.02363	0.01864	0.02438	0.02168	0.05899	0.38616	0.05847	0.04476	0.02582	0.02736	0.04740	0.01548	0.06368	0.00356	0.01007	0.00881	0.10171	0.01273
7	0.02334	0.08121	0.03472	0.04575	0.49770	0.11471	0.02432	0.02789	0.02039	0.02678	0.01562	0.02009	0.01322	0.00792	0.00827	0.00248	0.01106	0.00720	0.00429	0.01306
8	0.01710	0.01434	0.01679	0.01258	0.01916	0.01104	0.00975	0.02048	0.01753	0.02701	0.01884	0.06903	0.01770	0.06616	0.01001	0.00206	0.00653	0.00720	0.00539	0.63132
9	0.01355	0.01150	0.01206	0.01169	0.01509	0.01129	0.00905	0.02174	0.17692	0.02712	0.07147	0.07165	0.43350	0.01957	0.01007	0.00303	0.00533	0.05800	0.00830	0.00909
10	0.02332	0.69869	0.04571	0.01493	0.02239	0.03451	0.01493	0.02612	0.01772	0.02052	0.01213	0.01399	0.01119	0.00746	0.00560	0.00187	0.00933	0.00466	0.00373	0.01119
11	0.01913	0.03486	0.38182	0.03480	0.20810	0.02067	0.12134	0.02743	0.01917	0.02792	0.01618	0.02011	0.01217	0.00800	0.00870	0.00274	0.01247	0.00743	0.00398	0.01297
12	0.21719	0.02359	0.02647	0.08658	0.30078	0.15222	0.01994	0.02777	0.01934	0.02932	0.01460	0.01855	0.01195	0.00819	0.00763	0.00257	0.01062	0.00652	0.00460	0.01156
13	0.02332	0.69869	0.04571	0.01493	0.02239	0.03451	0.01493	0.02612	0.01772	0.02052	0.01213	0.01399	0.01119	0.00746	0.00560	0.00187	0.00933	0.00466	0.00373	0.01119
14	0.01809	0.01550	0.01809	0.01292	0.02067	0.01163	0.01034	0.02196	0.01809	0.02842	0.01550	0.01809	0.01292	0.00646	0.00646	0.00129	0.00646	0.00517	0.00517	0.74677
15	0.01406	0.01004	0.01406	0.01606	0.01807	0.01004	0.01406	0.01807	0.02008	0.02610	0.04618	0.09839	0.05020	0.02410	0.01205	0.00402	0.00803	0.58032	0.00803	0.00803
16	0.01246	0.00935	0.01402	0.01402	0.01558	0.01090	0.01090	0.01558	0.01402	0.02025	0.02336	0.03427	0.02181	0.06542	0.65888	0.01402	0.02336	0.00935	0.00467	0.00779
17	0.02332	0.69869	0.04571	0.01493	0.02239	0.03451	0.01493	0.02612	0.01772	0.02052	0.01213	0.01399	0.01119	0.00746	0.00560	0.00187	0.00933	0.00466	0.00373	0.01119
18	0.03316	0.02443	0.02618	0.02007	0.02705	0.02705	0.01658	0.60995	0.04101	0.05497	0.02094	0.02094	0.01483	0.01047	0.00873	0.00262	0.00960	0.00785	0.00873	0.01483
19	0.01841	0.14813	0.55328	0.02330	0.03533	0.02250	0.02950	0.02739	0.01831	0.02650	0.01510	0.01772	0.01107	0.00816	0.00786	0.00262	0.01233	0.00616	0.00369	0.01262
20	0.01754	0.01893	0.01524	0.01458	0.01729	0.19528	0.01094	0.01961	0.02013	0.02248	0.05310	0.16025	0.30233	0.01860	0.01143	0.00293	0.06951	0.01484	0.00668	0.00830
21	0.01750	0.04512	0.64825	0.02486	0.03775	0.02026	0.03223	0.02762	0.01842	0.02762	0.01565	0.01842	0.01105	0.00829	0.00829	0.00276	0.01289	0.00645	0.00368	0.01289
22	0.01966	0.01938	0.03453	0.15878	0.38579	0.01972	0.12490	0.02510	0.01955	0.02692	0.02181	0.02686	0.05958	0.00894	0.00906	0.00273	0.01090	0.00899	0.00454	0.01224
23	0.01628	0.01391	0.01497	0.01531	0.06653	0.05975	0.01054	0.02101	0.06626	0.05825	0.17919	0.05763	0.29231	0.01638	0.00947	0.00267	0.00620	0.01378	0.00778	0.07178
24	0.06911	0.02914	0.02359	0.02001	0.02557	0.25714	0.01573	0.25122	0.15408	0.03797	0.02075	0.02107	0.01567	0.01008	0.00826	0.00256	0.01114	0.00728	0.00703	0.01260
25	0.02215	0.02063	0.03395	0.09778	0.54508	0.02114	0.02574	0.07408	0.02141	0.03019	0.01671	0.02166	0.01373	0.00806	0.00865	0.00262	0.01040	0.00778	0.00464	0.01359

[dist]
# distance from previous block
# <min> <max>
0	6

# created by:
# /home/cegg/simao/soft/augustus-3.2.1/scripts/msa2prfl.pl ./align_prep/15462.fa
