[name]
unknown

[dist]
# distance from previous block
# <min> <max>
40	188

[block]
# block no. 0 follows, 23 sequences, length 49
# corresponding to MSA columns:
# 233-281
name=unknown_A
#
# <colnr> <probs for GDERKNQSTAVLIFYWHMCP>
#	G	D	E	R	K	N	Q	S	T	A	V	L	I	F	Y	W	H	M	C	P
0	0.01667	0.13241	0.26768	0.01890	0.06615	0.04967	0.01869	0.02367	0.07169	0.02488	0.07434	0.03302	0.14754	0.01108	0.00789	0.00246	0.00883	0.00891	0.00513	0.01042
1	0.12380	0.13604	0.15583	0.02649	0.21364	0.11116	0.01935	0.02491	0.01787	0.02530	0.01834	0.02081	0.05719	0.00842	0.00712	0.00233	0.00978	0.00657	0.00422	0.01084
2	0.02324	0.03529	0.29261	0.02158	0.02949	0.23279	0.04322	0.11319	0.08067	0.02808	0.01637	0.01804	0.01223	0.00847	0.00776	0.00242	0.01196	0.00635	0.00478	0.01145
3	0.01567	0.06152	0.01561	0.01316	0.01597	0.01270	0.01054	0.13022	0.02255	0.03019	0.20524	0.20716	0.07201	0.01802	0.00950	0.00289	0.00607	0.13458	0.00772	0.00867
4	0.02294	0.48810	0.08281	0.01832	0.06500	0.16142	0.01612	0.02607	0.01798	0.02020	0.01203	0.01410	0.01057	0.00730	0.00600	0.00191	0.01018	0.00483	0.00365	0.01048
5	0.01772	0.02332	0.15140	0.02373	0.16864	0.13303	0.01735	0.02174	0.01821	0.02310	0.06178	0.03490	0.13331	0.09508	0.01290	0.00315	0.03678	0.00933	0.00491	0.00961
6	0.02032	0.03004	0.34105	0.08312	0.03159	0.02023	0.02274	0.19646	0.02263	0.03226	0.01644	0.01912	0.01204	0.00889	0.00905	0.00257	0.05858	0.00666	0.05451	0.01172
7	0.02057	0.28231	0.24747	0.02532	0.17489	0.02330	0.02164	0.02599	0.01764	0.06931	0.01477	0.01706	0.01162	0.00748	0.00690	0.00222	0.00987	0.00583	0.00405	0.01174
8	0.01163	0.00853	0.01220	0.01220	0.01335	0.00968	0.00909	0.01395	0.01279	0.01821	0.02251	0.03616	0.02214	0.19273	0.55335	0.01200	0.01894	0.00932	0.00446	0.00678
9	0.01003	0.00742	0.00938	0.01062	0.01167	0.00677	0.00730	0.01186	0.01699	0.02240	0.12795	0.51665	0.16434	0.02346	0.01012	0.00310	0.00449	0.02097	0.00771	0.00677
10	0.01192	0.00917	0.01367	0.01348	0.01485	0.01092	0.01055	0.01476	0.01301	0.01887	0.02115	0.03113	0.01978	0.05839	0.64797	0.01254	0.05761	0.00861	0.00430	0.00733
11	0.01070	0.00785	0.01014	0.01121	0.01253	0.00729	0.00825	0.01309	0.01807	0.02402	0.18338	0.38147	0.14321	0.02234	0.01021	0.00313	0.00487	0.11342	0.00783	0.00700
12	0.03085	0.02273	0.02435	0.01867	0.02516	0.02516	0.01542	0.63716	0.03815	0.05114	0.01948	0.01948	0.01380	0.00974	0.00812	0.00244	0.00893	0.00731	0.00812	0.01380
13	0.01627	0.04197	0.67279	0.02313	0.03512	0.01884	0.02998	0.02570	0.01713	0.02570	0.01456	0.01713	0.01028	0.00771	0.00771	0.00257	0.01199	0.00600	0.00343	0.01199
14	0.01775	0.01775	0.02485	0.02130	0.02130	0.02485	0.01775	0.01953	0.01243	0.01953	0.01065	0.01775	0.01065	0.01420	0.02663	0.00355	0.69998	0.00710	0.00355	0.00888
15	0.00989	0.00706	0.00942	0.01130	0.01177	0.00659	0.00753	0.01130	0.01554	0.02071	0.04472	0.70954	0.05367	0.02542	0.01036	0.00330	0.00471	0.02307	0.00753	0.00659
16	0.01789	0.01800	0.03346	0.30955	0.24746	0.01910	0.18871	0.02349	0.01774	0.02401	0.01523	0.02120	0.01187	0.00749	0.00848	0.00262	0.01121	0.00786	0.00387	0.01077
17	0.00959	0.00822	0.00822	0.00822	0.01096	0.00685	0.00617	0.01165	0.01850	0.02192	0.08220	0.07809	0.66092	0.02055	0.00959	0.00274	0.00411	0.01713	0.00754	0.00685
18	0.01691	0.01623	0.02811	0.47296	0.23060	0.01853	0.05673	0.02222	0.01703	0.02269	0.01477	0.02120	0.01149	0.00779	0.00817	0.00262	0.01063	0.00735	0.00375	0.01023
19	0.01884	0.01829	0.02760	0.03983	0.49062	0.06043	0.02072	0.02308	0.01912	0.02617	0.08543	0.05178	0.06328	0.00976	0.00832	0.00246	0.00885	0.00905	0.00488	0.01149
20	0.02231	0.67125	0.04113	0.01438	0.02113	0.07838	0.01401	0.02487	0.01695	0.01915	0.01137	0.01313	0.01042	0.00704	0.00536	0.00176	0.00910	0.00440	0.00352	0.01034
21	0.02504	0.02868	0.02812	0.03579	0.35430	0.34076	0.02043	0.02854	0.02067	0.02328	0.01394	0.01744	0.01169	0.00778	0.00769	0.00225	0.01206	0.00626	0.00410	0.01118
22	0.01809	0.02857	0.27265	0.03093	0.11212	0.02012	0.28887	0.02521	0.01777	0.02540	0.01511	0.01958	0.01149	0.00782	0.01015	0.00270	0.07044	0.00778	0.00380	0.01138
23	0.00959	0.00822	0.00822	0.00822	0.01096	0.00685	0.00617	0.01165	0.01850	0.02192	0.08220	0.07809	0.66092	0.02055	0.00959	0.00274	0.00411	0.01713	0.00754	0.00685
24	0.01509	0.01052	0.01157	0.01057	0.01183	0.01089	0.00683	0.12271	0.01673	0.02225	0.02670	0.04811	0.05135	0.56270	0.03418	0.00670	0.00791	0.01121	0.00559	0.00657
25	0.01192	0.00870	0.01146	0.01189	0.01387	0.00824	0.00966	0.01552	0.02078	0.02812	0.35258	0.07480	0.12671	0.01933	0.01023	0.00304	0.00531	0.25215	0.00820	0.00750
26	0.02957	0.02210	0.02364	0.01841	0.02468	0.02457	0.01512	0.56631	0.11107	0.04909	0.02110	0.02077	0.01511	0.00989	0.00813	0.00247	0.00863	0.00753	0.00813	0.01369
27	0.02412	0.02173	0.02723	0.10370	0.07253	0.14120	0.14064	0.10578	0.10152	0.10863	0.05501	0.02398	0.01805	0.00911	0.00836	0.00252	0.01037	0.00811	0.00607	0.01132
28	0.02828	0.02360	0.18792	0.01769	0.02556	0.01737	0.01738	0.20378	0.02543	0.28378	0.02274	0.02186	0.01522	0.00907	0.00788	0.00241	0.00872	0.00712	0.00743	0.06676
29	0.00989	0.00706	0.00942	0.01130	0.01177	0.00659	0.00753	0.01130	0.01554	0.02071	0.04472	0.70954	0.05367	0.02542	0.01036	0.00330	0.00471	0.02307	0.00753	0.00659
30	0.03031	0.03867	0.02299	0.02090	0.02508	0.68226	0.01568	0.03240	0.02299	0.01986	0.01254	0.01463	0.01045	0.00836	0.00732	0.00209	0.01463	0.00523	0.00418	0.00941
31	0.02176	0.44936	0.07992	0.02348	0.17150	0.08861	0.01767	0.02528	0.01760	0.02132	0.01254	0.01508	0.01097	0.00719	0.00622	0.00198	0.00967	0.00520	0.00366	0.01099
32	0.01159	0.00869	0.01304	0.01304	0.01449	0.01014	0.01014	0.01449	0.01304	0.01884	0.02173	0.03188	0.02029	0.06086	0.68268	0.01304	0.02173	0.00869	0.00435	0.00724
33	0.00959	0.00822	0.00822	0.00822	0.01096	0.00685	0.00617	0.01165	0.01850	0.02192	0.08220	0.07809	0.66092	0.02055	0.00959	0.00274	0.00411	0.01713	0.00754	0.00685
34	0.03031	0.03867	0.02299	0.02090	0.02508	0.68226	0.01568	0.03240	0.02299	0.01986	0.01254	0.01463	0.01045	0.00836	0.00732	0.00209	0.01463	0.00523	0.00418	0.00941
35	0.01916	0.30218	0.29753	0.02490	0.15639	0.02411	0.02267	0.02499	0.01715	0.02328	0.01342	0.01612	0.01085	0.00731	0.00680	0.00221	0.01022	0.00560	0.00356	0.01155
36	0.02001	0.02165	0.02317	0.02033	0.02146	0.17588	0.01646	0.02198	0.01494	0.01953	0.01227	0.01853	0.01163	0.01780	0.09183	0.00422	0.46886	0.00683	0.00378	0.00883
37	0.00985	0.00789	0.00881	0.00929	0.01130	0.00685	0.00670	0.01189	0.01806	0.02256	0.12502	0.25858	0.43154	0.02159	0.00981	0.00288	0.00426	0.01861	0.00766	0.00685
38	0.02786	0.17444	0.06266	0.01937	0.02478	0.44292	0.01607	0.09659	0.02302	0.02345	0.01316	0.01497	0.01080	0.00819	0.00700	0.00208	0.01266	0.00532	0.00443	0.01023
39	0.01081	0.00801	0.00907	0.00942	0.01069	0.00741	0.00639	0.01218	0.01574	0.02005	0.08122	0.15301	0.26628	0.28954	0.02206	0.00485	0.00585	0.05469	0.00659	0.00615
40	0.01023	0.00812	0.00840	0.00840	0.01035	0.00714	0.00580	0.01169	0.01656	0.02014	0.06587	0.07088	0.47882	0.22079	0.01874	0.00422	0.00519	0.01559	0.00678	0.00629
41	0.04463	0.01254	0.01572	0.13476	0.05728	0.01367	0.01211	0.13007	0.02035	0.03008	0.02723	0.09218	0.06546	0.01494	0.05470	0.00315	0.00774	0.00952	0.24473	0.00912
42	0.02469	0.02586	0.15328	0.01916	0.02562	0.07708	0.01783	0.34329	0.05026	0.03813	0.02091	0.05799	0.01733	0.01110	0.00904	0.00262	0.03738	0.04981	0.00659	0.01204
43	0.01475	0.00820	0.00997	0.01004	0.01159	0.00808	0.00713	0.01708	0.01581	0.08324	0.03094	0.20842	0.03064	0.14484	0.09416	0.00470	0.00717	0.01248	0.27337	0.00739
44	0.10255	0.25425	0.07493	0.01701	0.02213	0.08658	0.01542	0.06933	0.09634	0.02568	0.01479	0.01704	0.01230	0.00936	0.01047	0.00245	0.14834	0.00591	0.00464	0.01049
45	0.01924	0.16936	0.24949	0.01995	0.07144	0.13713	0.01877	0.02374	0.01707	0.02138	0.01581	0.02333	0.01440	0.15022	0.01393	0.00337	0.01079	0.00679	0.00391	0.00985
46	0.02300	0.06982	0.02655	0.02941	0.26932	0.07713	0.01786	0.14599	0.09210	0.06121	0.02014	0.05515	0.01674	0.01218	0.04487	0.00301	0.00980	0.00799	0.00574	0.01199
47	0.02062	0.02270	0.01572	0.01483	0.01688	0.33358	0.01029	0.02172	0.01745	0.01805	0.02053	0.07768	0.02189	0.32821	0.02285	0.00478	0.01093	0.00936	0.00473	0.00720
48	0.01357	0.01054	0.01440	0.01831	0.16111	0.01044	0.00964	0.01483	0.01382	0.01867	0.02713	0.04718	0.06978	0.50205	0.03136	0.00624	0.00802	0.01111	0.00489	0.00689

[dist]
# distance from previous block
# <min> <max>
1	5

[block]
# block no. 1 follows, 23 sequences, length 38
# corresponding to MSA columns:
# 287-324
name=unknown_B
#
# <colnr> <probs for GDERKNQSTAVLIFYWHMCP>
#	G	D	E	R	K	N	Q	S	T	A	V	L	I	F	Y	W	H	M	C	P
0	0.01804	0.02239	0.16138	0.07633	0.37638	0.01731	0.02285	0.02351	0.01769	0.02568	0.01648	0.05478	0.01419	0.00816	0.00782	0.00234	0.00945	0.00747	0.00416	0.11360
1	0.02507	0.06876	0.02602	0.06729	0.17715	0.31121	0.01766	0.07515	0.07977	0.02532	0.01570	0.01814	0.01267	0.00825	0.00751	0.00223	0.01136	0.00627	0.00476	0.03972
2	0.22058	0.06009	0.02183	0.01932	0.05873	0.26862	0.01456	0.02705	0.01785	0.05774	0.01292	0.01580	0.01069	0.00929	0.01066	0.00252	0.15197	0.00562	0.00453	0.00961
3	0.01432	0.01975	0.19837	0.02132	0.12957	0.01301	0.01788	0.01952	0.01866	0.02553	0.10601	0.05290	0.14857	0.01478	0.00922	0.00287	0.00806	0.16420	0.00594	0.00954
4	0.02506	0.01837	0.09284	0.02245	0.15324	0.01542	0.01622	0.12674	0.02317	0.24656	0.06148	0.06888	0.07058	0.01120	0.00839	0.00255	0.00785	0.00948	0.00737	0.01214
5	0.02175	0.10931	0.24585	0.06736	0.15349	0.21910	0.02249	0.02710	0.01902	0.02308	0.01372	0.01677	0.01088	0.00775	0.00740	0.00231	0.01189	0.00590	0.00378	0.01103
6	0.01779	0.01560	0.02620	0.20315	0.06631	0.01686	0.15221	0.02465	0.08828	0.07032	0.15021	0.03066	0.02689	0.01044	0.01017	0.00272	0.06213	0.00954	0.00578	0.01010
7	0.01149	0.00774	0.00894	0.00925	0.00932	0.00766	0.00534	0.01172	0.01240	0.01654	0.02866	0.15910	0.03340	0.60351	0.03630	0.00713	0.00736	0.01362	0.00534	0.00519
8	0.01150	0.00858	0.01071	0.01133	0.01326	0.00803	0.00902	0.01440	0.01896	0.02469	0.19323	0.10036	0.22922	0.07384	0.01265	0.00348	0.00560	0.23639	0.00763	0.00711
9	0.02074	0.49815	0.21045	0.01677	0.02491	0.06651	0.01831	0.02515	0.01704	0.02091	0.01223	0.01421	0.01038	0.00723	0.00600	0.00198	0.00991	0.00484	0.00350	0.01078
10	0.00970	0.00778	0.00868	0.00940	0.01127	0.00675	0.00669	0.01151	0.01736	0.02146	0.06783	0.32021	0.42808	0.02242	0.00988	0.00295	0.00434	0.01940	0.00753	0.00675
11	0.61798	0.01605	0.01324	0.01187	0.01680	0.01861	0.00962	0.02780	0.14415	0.03590	0.01575	0.01669	0.01206	0.00824	0.00568	0.00256	0.00631	0.00537	0.00568	0.00962
12	0.01025	0.00758	0.00964	0.01091	0.01205	0.00696	0.00773	0.01222	0.01712	0.02249	0.11797	0.47804	0.16501	0.02336	0.01020	0.00315	0.00472	0.06613	0.00768	0.00682
13	0.02194	0.02305	0.03035	0.08187	0.49458	0.15791	0.02283	0.02623	0.01929	0.02478	0.01464	0.01903	0.01223	0.00752	0.00789	0.00236	0.01075	0.00681	0.00403	0.01191
14	0.00980	0.00741	0.00906	0.01038	0.01153	0.00667	0.00713	0.01140	0.01641	0.02107	0.05585	0.52204	0.23398	0.02397	0.01013	0.00313	0.00453	0.02130	0.00753	0.00667
15	0.01867	0.01784	0.03038	0.24148	0.48358	0.01891	0.02420	0.02366	0.01781	0.02479	0.01501	0.02054	0.01225	0.00749	0.00806	0.00250	0.00999	0.00722	0.00389	0.01171
16	0.01162	0.00839	0.01163	0.01190	0.01291	0.00920	0.00872	0.01367	0.01328	0.01851	0.02599	0.09377	0.02716	0.23329	0.41081	0.01025	0.01568	0.05170	0.00496	0.00658
17	0.00989	0.00706	0.00942	0.01130	0.01177	0.00659	0.00753	0.01130	0.01554	0.02071	0.04472	0.70954	0.05367	0.02542	0.01036	0.00330	0.00471	0.02307	0.00753	0.00659
18	0.01371	0.01224	0.01991	0.49222	0.04279	0.01463	0.01808	0.01793	0.01602	0.02073	0.02342	0.22589	0.02354	0.01325	0.00878	0.00288	0.00900	0.01192	0.00477	0.00829
19	0.01368	0.01178	0.01736	0.06785	0.01966	0.01504	0.01331	0.01644	0.01311	0.01918	0.01794	0.02697	0.01675	0.04319	0.43944	0.00948	0.21881	0.00812	0.00406	0.00786
20	0.01501	0.01373	0.02273	0.44613	0.14953	0.01589	0.01986	0.01950	0.01646	0.02170	0.02078	0.16240	0.01995	0.01151	0.00856	0.00278	0.00937	0.01047	0.00448	0.00917
21	0.02030	0.54572	0.20433	0.01626	0.02450	0.02870	0.01802	0.02466	0.01665	0.02079	0.01212	0.01407	0.01038	0.00714	0.00585	0.00195	0.00953	0.00476	0.00346	0.01082
22	0.01762	0.01735	0.02443	0.28975	0.22465	0.08969	0.01994	0.02197	0.01698	0.02196	0.01596	0.02250	0.01332	0.01869	0.14630	0.00467	0.01312	0.00730	0.00394	0.00983
23	0.01106	0.00885	0.01146	0.01187	0.01410	0.00807	0.03305	0.01367	0.01797	0.02253	0.06027	0.20935	0.32835	0.02157	0.01023	0.00315	0.00561	0.19432	0.00738	0.00714
24	0.02008	0.01928	0.03294	0.04981	0.66422	0.01928	0.02490	0.02490	0.01848	0.02651	0.01526	0.02008	0.01285	0.00723	0.00803	0.00241	0.00964	0.00723	0.00402	0.01285
25	0.01726	0.01640	0.02783	0.43280	0.30329	0.01854	0.02350	0.02243	0.01714	0.02308	0.01476	0.02100	0.01164	0.00775	0.00808	0.00258	0.01034	0.00722	0.00377	0.01058
26	0.01753	0.01694	0.02978	0.16487	0.31364	0.01810	0.11016	0.02227	0.01690	0.02367	0.01602	0.02238	0.01343	0.01632	0.11701	0.00428	0.05423	0.00779	0.00397	0.01070
27	0.01959	0.01878	0.03205	0.11624	0.60161	0.01915	0.02466	0.02447	0.01824	0.02591	0.01518	0.02024	0.01264	0.00732	0.00804	0.00244	0.00976	0.00723	0.00397	0.01246
28	0.01881	0.01798	0.03063	0.22297	0.50103	0.01894	0.02427	0.02378	0.01787	0.02496	0.01504	0.02050	0.01231	0.00747	0.00805	0.00249	0.00996	0.00722	0.00391	0.01182
29	0.01745	0.01568	0.02539	0.23926	0.29579	0.01717	0.02053	0.05710	0.01806	0.02479	0.01793	0.02665	0.01548	0.01723	0.11748	0.00430	0.01179	0.04303	0.00439	0.01050
30	0.01854	0.13241	0.09667	0.02622	0.23361	0.05653	0.01740	0.02248	0.01838	0.05729	0.06588	0.12590	0.07218	0.01171	0.00806	0.00247	0.00838	0.01009	0.00528	0.01051
31	0.01938	0.04909	0.07751	0.10972	0.38473	0.01755	0.02126	0.02427	0.01900	0.07399	0.10327	0.02575	0.02147	0.00882	0.00811	0.00245	0.00892	0.00808	0.00501	0.01162
32	0.01889	0.02096	0.13011	0.09508	0.30467	0.01784	0.02129	0.08890	0.04245	0.02851	0.02226	0.02817	0.05291	0.00958	0.00816	0.00255	0.00919	0.04327	0.04371	0.01151
33	0.12605	0.02356	0.04840	0.09079	0.11717	0.24794	0.01553	0.02523	0.01894	0.02532	0.05276	0.02134	0.01610	0.01126	0.04097	0.00283	0.01075	0.00662	0.08897	0.00948
34	0.28589	0.02356	0.16540	0.06692	0.23219	0.04759	0.01977	0.02479	0.01659	0.02921	0.01354	0.01684	0.01062	0.00754	0.00687	0.00248	0.00925	0.00586	0.00423	0.01085
35	0.12686	0.02164	0.15326	0.05547	0.11043	0.04212	0.01705	0.11812	0.02093	0.06390	0.06068	0.06563	0.06277	0.01060	0.00778	0.00253	0.00843	0.00861	0.03250	0.01069
36	0.04704	0.02056	0.06868	0.05534	0.30794	0.08476	0.01911	0.08688	0.02042	0.05263	0.02240	0.11479	0.04285	0.01076	0.00822	0.00254	0.00917	0.00940	0.00528	0.01122
37	0.02574	0.04405	0.04801	0.02598	0.20164	0.11136	0.01712	0.18246	0.02440	0.11516	0.01859	0.02020	0.01395	0.00845	0.00758	0.00225	0.00924	0.00680	0.05170	0.06531

[dist]
# distance from previous block
# <min> <max>
13	189

[block]
# block no. 2 follows, 23 sequences, length 17
# corresponding to MSA columns:
# 555-571
name=unknown_C
#
# <colnr> <probs for GDERKNQSTAVLIFYWHMCP>
#	G	D	E	R	K	N	Q	S	T	A	V	L	I	F	Y	W	H	M	C	P
0	0.05343	0.02089	0.08026	0.08598	0.05094	0.07586	0.07352	0.11292	0.11985	0.05693	0.02062	0.05766	0.01686	0.01437	0.06439	0.00352	0.06717	0.00833	0.00567	0.01083
1	0.05405	0.11932	0.07507	0.02062	0.08002	0.11600	0.01649	0.26776	0.05358	0.03481	0.01688	0.01843	0.01299	0.00893	0.00810	0.00234	0.03748	0.00648	0.03886	0.01180
2	0.12709	0.02224	0.06396	0.01848	0.05389	0.07466	0.01498	0.30586	0.05519	0.09548	0.04464	0.02085	0.01607	0.00928	0.00758	0.00240	0.00866	0.00700	0.00694	0.04477
3	0.06141	0.04610	0.02015	0.01765	0.06223	0.15753	0.01312	0.13147	0.04548	0.12318	0.02002	0.02139	0.01508	0.00918	0.00809	0.00226	0.04430	0.00673	0.15122	0.04341
4	0.02613	0.18062	0.02568	0.01584	0.02157	0.05420	0.01347	0.36665	0.02900	0.03890	0.01844	0.01956	0.01403	0.00899	0.00701	0.00217	0.00828	0.00657	0.13111	0.01179
5	0.02908	0.15681	0.02785	0.01775	0.02433	0.02650	0.01513	0.51926	0.03398	0.04497	0.01790	0.01824	0.01315	0.00920	0.00756	0.00230	0.00888	0.00673	0.00722	0.01315
6	0.02182	0.51157	0.09599	0.01772	0.02496	0.09627	0.08606	0.02544	0.01751	0.02053	0.01228	0.01455	0.01062	0.00714	0.00614	0.00196	0.01015	0.00517	0.00361	0.01051
7	0.03085	0.02273	0.02435	0.01867	0.02516	0.02516	0.01542	0.63716	0.03815	0.05114	0.01948	0.01948	0.01380	0.00974	0.00812	0.00244	0.00893	0.00731	0.00812	0.01380
8	0.03085	0.02273	0.02435	0.01867	0.02516	0.02516	0.01542	0.63716	0.03815	0.05114	0.01948	0.01948	0.01380	0.00974	0.00812	0.00244	0.00893	0.00731	0.00812	0.01380
9	0.01938	0.01337	0.01505	0.01298	0.01603	0.01455	0.00993	0.24134	0.02272	0.03226	0.02278	0.03189	0.02014	0.18133	0.14882	0.00567	0.01015	0.00866	0.16377	0.00916
10	0.01020	0.00709	0.00930	0.01107	0.01163	0.00665	0.00742	0.01176	0.01562	0.02129	0.04362	0.66838	0.05168	0.02445	0.01007	0.00321	0.00465	0.02213	0.05311	0.00665
11	0.01125	0.00772	0.00893	0.00933	0.00961	0.00753	0.00555	0.01168	0.01303	0.01719	0.03334	0.19355	0.07608	0.52346	0.03267	0.00656	0.00695	0.01453	0.00564	0.00540
12	0.03085	0.02273	0.02435	0.01867	0.02516	0.02516	0.01542	0.63716	0.03815	0.05114	0.01948	0.01948	0.01380	0.00974	0.00812	0.00244	0.00893	0.00731	0.00812	0.01380
13	0.02239	0.30064	0.05745	0.01505	0.02031	0.17087	0.01339	0.07842	0.01980	0.02452	0.01590	0.01843	0.01322	0.01081	0.04119	0.00253	0.00992	0.00572	0.14960	0.00985
14	0.02901	0.02135	0.02304	0.01802	0.02399	0.02353	0.01473	0.58223	0.03617	0.04847	0.02170	0.08004	0.01730	0.01112	0.00831	0.00251	0.00856	0.00869	0.00807	0.01317
15	0.03085	0.02273	0.02435	0.01867	0.02516	0.02516	0.01542	0.63716	0.03815	0.05114	0.01948	0.01948	0.01380	0.00974	0.00812	0.00244	0.00893	0.00731	0.00812	0.01380
16	0.02279	0.23994	0.06010	0.01588	0.02145	0.12829	0.01394	0.18881	0.02358	0.02870	0.02525	0.08411	0.09254	0.01121	0.00743	0.00228	0.00898	0.00853	0.00568	0.01049

[dist]
# distance from previous block
# <min> <max>
9	16

[block]
# block no. 3 follows, 23 sequences, length 54
# corresponding to MSA columns:
# 588-641
name=unknown_D
#
# <colnr> <probs for GDERKNQSTAVLIFYWHMCP>
#	G	D	E	R	K	N	Q	S	T	A	V	L	I	F	Y	W	H	M	C	P
0	0.01199	0.05665	0.01158	0.00966	0.01245	0.05498	0.00729	0.01389	0.01800	0.02105	0.06650	0.09901	0.49429	0.07320	0.01166	0.00306	0.00545	0.01535	0.00684	0.00709
1	0.01093	0.00798	0.00995	0.01082	0.01232	0.00712	0.00749	0.01279	0.01607	0.02206	0.04419	0.52797	0.10927	0.02185	0.00952	0.00293	0.00472	0.01953	0.05633	0.08617
2	0.02149	0.02724	0.20104	0.03289	0.27724	0.06554	0.06319	0.13342	0.02188	0.03014	0.01568	0.01882	0.01211	0.00781	0.00794	0.00241	0.01062	0.00685	0.00463	0.03906
3	0.02256	0.02723	0.10760	0.05783	0.16043	0.20276	0.06812	0.06012	0.12224	0.02630	0.01730	0.01991	0.01358	0.00875	0.00902	0.00250	0.05059	0.00702	0.00484	0.01129
4	0.01095	0.00821	0.00974	0.01060	0.01187	0.00781	0.00738	0.01353	0.04803	0.02100	0.04971	0.34071	0.19976	0.15686	0.01612	0.00405	0.00547	0.06441	0.00706	0.00672
5	0.05369	0.06547	0.10788	0.02543	0.13488	0.06041	0.04406	0.08540	0.06156	0.02661	0.01475	0.01861	0.01222	0.01017	0.01393	0.00279	0.23987	0.00685	0.00451	0.01091
6	0.01217	0.00860	0.00987	0.00976	0.01040	0.00884	0.00608	0.01412	0.05400	0.01768	0.02953	0.05106	0.07159	0.55122	0.10560	0.00773	0.00900	0.01166	0.00525	0.00582
7	0.02215	0.56402	0.08105	0.01728	0.05899	0.09870	0.01575	0.02527	0.01733	0.02003	0.01185	0.01386	0.01055	0.00716	0.00575	0.00187	0.00957	0.00471	0.00357	0.01055
8	0.01840	0.02928	0.31498	0.03805	0.38691	0.01909	0.02714	0.02525	0.01788	0.02615	0.01495	0.01878	0.01172	0.00744	0.00789	0.00248	0.01068	0.00669	0.00376	0.01247
9	0.02009	0.08025	0.32374	0.06136	0.16310	0.10386	0.04680	0.06100	0.01933	0.02589	0.01457	0.01767	0.01114	0.00774	0.00767	0.00242	0.01144	0.00630	0.00395	0.01165
10	0.02048	0.16192	0.41438	0.02045	0.03031	0.02267	0.02382	0.16021	0.02165	0.03009	0.01504	0.01690	0.01108	0.00802	0.00734	0.00239	0.01071	0.00598	0.00447	0.01210
11	0.01056	0.00754	0.01019	0.01207	0.01284	0.00717	0.00871	0.01247	0.01620	0.02147	0.04435	0.57875	0.05219	0.02479	0.01054	0.00339	0.00529	0.14720	0.00752	0.00678
12	0.06472	0.01973	0.02366	0.23983	0.03389	0.06754	0.01785	0.23692	0.02346	0.03194	0.01513	0.01915	0.01169	0.00988	0.01157	0.00273	0.14743	0.00693	0.00529	0.01067
13	0.02028	0.06723	0.08093	0.04690	0.02384	0.09534	0.01495	0.03629	0.41495	0.02929	0.02740	0.06388	0.02187	0.01082	0.00801	0.00262	0.00812	0.00881	0.00679	0.01170
14	0.01095	0.00801	0.01028	0.01156	0.01285	0.00755	0.00867	0.01316	0.01709	0.02228	0.08658	0.34895	0.15257	0.07062	0.01254	0.00359	0.00554	0.18297	0.00742	0.00683
15	0.02008	0.01928	0.03294	0.04981	0.66422	0.01928	0.02490	0.02490	0.01848	0.02651	0.01526	0.02008	0.01285	0.00723	0.00803	0.00241	0.00964	0.00723	0.00402	0.01285
16	0.05064	0.02017	0.02701	0.16954	0.26768	0.06410	0.02033	0.17837	0.02267	0.03098	0.01551	0.01947	0.01221	0.00861	0.00919	0.00254	0.05734	0.00700	0.00498	0.01165
17	0.00989	0.00706	0.00942	0.01130	0.01177	0.00659	0.00753	0.01130	0.01554	0.02071	0.04472	0.70954	0.05367	0.02542	0.01036	0.00330	0.00471	0.02307	0.00753	0.00659
18	0.01627	0.04197	0.67279	0.02313	0.03512	0.01884	0.02998	0.02570	0.01713	0.02570	0.01456	0.01713	0.01028	0.00771	0.00771	0.00257	0.01199	0.00600	0.00343	0.01199
19	0.01901	0.01818	0.03100	0.19548	0.52693	0.01900	0.02437	0.02396	0.01797	0.02521	0.01507	0.02043	0.01239	0.00743	0.00805	0.00248	0.00991	0.00723	0.00392	0.01199
20	0.03338	0.02314	0.02128	0.01728	0.02299	0.21328	0.01381	0.16915	0.02645	0.34106	0.02349	0.02198	0.01585	0.00948	0.00790	0.00237	0.00964	0.00710	0.00788	0.01250
21	0.02008	0.01928	0.03294	0.04981	0.66422	0.01928	0.02490	0.02490	0.01848	0.02651	0.01526	0.02008	0.01285	0.00723	0.00803	0.00241	0.00964	0.00723	0.00402	0.01285
22	0.03031	0.03867	0.02299	0.02090	0.02508	0.68226	0.01568	0.03240	0.02299	0.01986	0.01254	0.01463	0.01045	0.00836	0.00732	0.00209	0.01463	0.00523	0.00418	0.00941
23	0.01856	0.03547	0.01711	0.01757	0.11991	0.01126	0.01152	0.02227	0.02185	0.16950	0.36715	0.04612	0.08138	0.01352	0.00887	0.00250	0.00562	0.01182	0.00812	0.00989
24	0.01159	0.00869	0.01304	0.01304	0.01449	0.01014	0.01014	0.01449	0.01304	0.01884	0.02173	0.03188	0.02029	0.06086	0.68268	0.01304	0.02173	0.00869	0.00435	0.00724
25	0.01168	0.00782	0.00888	0.00900	0.00903	0.00779	0.00508	0.01177	0.01203	0.01604	0.02673	0.09303	0.03097	0.67290	0.03942	0.00759	0.00767	0.01249	0.00508	0.00502
26	0.12265	0.02020	0.12885	0.18116	0.19928	0.01722	0.02027	0.02703	0.01812	0.16252	0.01797	0.02063	0.01295	0.00815	0.00762	0.00254	0.00926	0.00684	0.00524	0.01149
27	0.01212	0.00947	0.01405	0.01375	0.01507	0.01140	0.01079	0.01492	0.01299	0.01890	0.02079	0.03067	0.01946	0.05687	0.62664	0.01223	0.07967	0.00856	0.00428	0.00738
28	0.01011	0.00786	0.00920	0.00966	0.01148	0.00695	0.00694	0.01237	0.01856	0.02394	0.20119	0.27723	0.33305	0.02122	0.00983	0.00288	0.00424	0.01848	0.00785	0.00695
29	0.02762	0.22742	0.02869	0.01821	0.02375	0.31580	0.01500	0.17527	0.04803	0.02765	0.01461	0.01592	0.01177	0.00839	0.00694	0.00210	0.01127	0.00562	0.00507	0.01087
30	0.02410	0.18144	0.11145	0.02511	0.13041	0.16307	0.07592	0.14357	0.02265	0.02803	0.01464	0.01707	0.01162	0.00791	0.00738	0.00225	0.01101	0.00625	0.00465	0.01149
31	0.01266	0.01046	0.01487	0.01941	0.15073	0.00995	0.01205	0.01547	0.01765	0.02305	0.04829	0.25715	0.20859	0.01959	0.00984	0.00305	0.00619	0.14606	0.00678	0.00818
32	0.01245	0.00801	0.01003	0.01019	0.01124	0.00848	0.00718	0.01459	0.01394	0.02111	0.02609	0.09554	0.02601	0.23848	0.25504	0.00771	0.01140	0.01054	0.20539	0.00658
33	0.01383	0.01185	0.01568	0.01911	0.15125	0.01159	0.01187	0.01968	0.10369	0.02644	0.15486	0.08093	0.26915	0.01611	0.00923	0.00274	0.00583	0.05996	0.00712	0.00910
34	0.02017	0.02027	0.03303	0.10637	0.50678	0.05961	0.08505	0.02508	0.01861	0.02552	0.01513	0.02008	0.01246	0.00734	0.00815	0.00245	0.01046	0.00734	0.00400	0.01210
35	0.01207	0.00940	0.01396	0.01368	0.01502	0.01129	0.01074	0.01488	0.01299	0.01889	0.02087	0.03078	0.01953	0.05722	0.63154	0.01230	0.07460	0.00857	0.00428	0.00737
36	0.07024	0.34290	0.03030	0.01556	0.02156	0.18683	0.01357	0.02991	0.01955	0.17570	0.01654	0.01691	0.01264	0.00807	0.00642	0.00205	0.00959	0.00547	0.00530	0.01088
37	0.01183	0.00887	0.01137	0.01257	0.01465	0.00841	0.01054	0.01498	0.01870	0.02380	0.08194	0.10856	0.23421	0.02170	0.01062	0.00337	0.00619	0.38286	0.00756	0.00726
38	0.01135	0.00826	0.01082	0.01234	0.01370	0.00790	0.00962	0.01378	0.01709	0.02215	0.04790	0.31852	0.13062	0.06213	0.01236	0.00367	0.00601	0.27751	0.00736	0.00692
39	0.02800	0.17363	0.02778	0.01970	0.05968	0.20145	0.01541	0.25581	0.05329	0.06532	0.01686	0.01771	0.01291	0.00871	0.00729	0.00221	0.01024	0.00624	0.00595	0.01181
40	0.02258	0.02562	0.02295	0.16892	0.02992	0.31074	0.01722	0.02541	0.01816	0.02054	0.01320	0.01794	0.01117	0.01003	0.01290	0.00263	0.20841	0.00633	0.04627	0.00907
41	0.01218	0.00830	0.01010	0.01065	0.01121	0.00830	0.00733	0.01328	0.01384	0.01826	0.03072	0.06448	0.03459	0.50986	0.03239	0.00664	0.00775	0.18876	0.00567	0.00567
42	0.02846	0.03362	0.02222	0.01993	0.02435	0.51378	0.01513	0.07595	0.14075	0.02463	0.01683	0.01788	0.01335	0.00895	0.00755	0.00224	0.01271	0.00610	0.00521	0.01035
43	0.01034	0.00789	0.00960	0.01068	0.01225	0.00715	0.00788	0.01246	0.01745	0.02228	0.08874	0.35471	0.27433	0.02276	0.01017	0.00312	0.00486	0.10887	0.00759	0.00687
44	0.05550	0.05738	0.02447	0.02270	0.13747	0.11589	0.01568	0.20581	0.02389	0.03239	0.01525	0.01759	0.01216	0.00833	0.00849	0.00215	0.05555	0.00615	0.00541	0.17773
45	0.01168	0.00834	0.01125	0.01125	0.01208	0.00917	0.00791	0.01334	0.01251	0.01751	0.02337	0.04095	0.02422	0.34041	0.40851	0.01083	0.01581	0.01002	0.00459	0.00625
46	0.01126	0.00764	0.00901	0.00954	0.00967	0.00751	0.00565	0.01166	0.01285	0.01713	0.03094	0.23740	0.03629	0.52127	0.03261	0.00658	0.00698	0.01496	0.00565	0.00539
47	0.01713	0.03603	0.48780	0.02640	0.03728	0.01934	0.20900	0.02578	0.01773	0.02578	0.01511	0.01854	0.01088	0.00745	0.00826	0.00262	0.01249	0.00706	0.00363	0.01168
48	0.02116	0.02367	0.02329	0.28120	0.11411	0.27522	0.01857	0.02478	0.01906	0.02110	0.01700	0.09160	0.01547	0.00993	0.00803	0.00249	0.01151	0.00812	0.00430	0.00938
49	0.01039	0.00786	0.00959	0.00998	0.01166	0.00706	0.00717	0.01289	0.01917	0.02546	0.28434	0.28157	0.24193	0.02070	0.00984	0.00285	0.00420	0.01819	0.00805	0.00706
50	0.02101	0.02307	0.03302	0.03537	0.28433	0.15879	0.20181	0.02556	0.01948	0.02446	0.01933	0.05694	0.04144	0.00884	0.00852	0.00250	0.01141	0.00872	0.00440	0.01099
51	0.07473	0.02526	0.02095	0.12216	0.06272	0.32680	0.01558	0.05311	0.01966	0.02270	0.01515	0.01977	0.01276	0.01937	0.15028	0.00456	0.01444	0.00641	0.00436	0.00924
52	0.01803	0.01253	0.01382	0.01266	0.01617	0.04449	0.00993	0.02424	0.12995	0.14405	0.06921	0.04975	0.24240	0.02279	0.11795	0.00438	0.00857	0.04214	0.00749	0.00945
53	0.01446	0.00930	0.01067	0.01010	0.01286	0.00834	0.00749	0.01749	0.04705	0.11906	0.10998	0.13854	0.35827	0.08447	0.01240	0.00324	0.00503	0.01542	0.00781	0.00801

[dist]
# distance from previous block
# <min> <max>
6	7

[block]
# block no. 4 follows, 23 sequences, length 69
# corresponding to MSA columns:
# 649-717
name=unknown_E
#
# <colnr> <probs for GDERKNQSTAVLIFYWHMCP>
#	G	D	E	R	K	N	Q	S	T	A	V	L	I	F	Y	W	H	M	C	P
0	0.01962	0.08918	0.02538	0.08227	0.23069	0.14395	0.01730	0.02376	0.04599	0.02293	0.02575	0.06223	0.10649	0.01096	0.00928	0.00249	0.05788	0.00885	0.00479	0.01019
1	0.05653	0.02565	0.02287	0.08844	0.12322	0.31678	0.04194	0.04979	0.02030	0.02295	0.02042	0.02351	0.07463	0.01081	0.00960	0.06006	0.01127	0.00725	0.00457	0.00941
2	0.01817	0.01890	0.01705	0.10126	0.04879	0.18671	0.01261	0.05209	0.05229	0.02357	0.04130	0.04179	0.25972	0.01527	0.03737	0.00291	0.00913	0.01052	0.00582	0.04472
3	0.01692	0.01538	0.02063	0.14914	0.17391	0.03916	0.01610	0.02609	0.19889	0.02587	0.02900	0.18248	0.04597	0.01310	0.00867	0.00276	0.00780	0.01165	0.00608	0.01039
4	0.02191	0.29204	0.13807	0.05039	0.10689	0.14332	0.01823	0.05350	0.01903	0.02345	0.01395	0.01656	0.01149	0.00769	0.00664	0.00211	0.01024	0.00559	0.04818	0.01073
5	0.01811	0.05821	0.03001	0.16811	0.34731	0.01858	0.07814	0.02365	0.04476	0.02537	0.06225	0.05305	0.01899	0.00895	0.00824	0.00252	0.00944	0.00856	0.00459	0.01114
6	0.01627	0.01190	0.01404	0.01295	0.01582	0.01249	0.01010	0.15236	0.06085	0.03142	0.16222	0.14026	0.09070	0.02241	0.10360	0.00416	0.00802	0.05451	0.06688	0.00902
7	0.02131	0.23816	0.22972	0.02487	0.13470	0.14923	0.04561	0.02644	0.01836	0.02277	0.01339	0.01612	0.01086	0.00749	0.00702	0.00221	0.01118	0.00571	0.00371	0.01113
8	0.05418	0.17632	0.17697	0.01765	0.02466	0.15239	0.01724	0.06076	0.06052	0.12755	0.04472	0.02005	0.01573	0.00873	0.00720	0.00229	0.00992	0.00640	0.00547	0.01127
9	0.01877	0.02241	0.18236	0.01818	0.02367	0.01846	0.01746	0.15537	0.05716	0.02929	0.01929	0.06944	0.01672	0.01897	0.11790	0.00432	0.12799	0.00819	0.00529	0.06876
10	0.01348	0.01215	0.03829	0.01727	0.04122	0.01106	0.08924	0.01806	0.04534	0.02416	0.04399	0.15693	0.13980	0.01911	0.01028	0.00327	0.00750	0.29377	0.00686	0.00824
11	0.02177	0.05498	0.20273	0.02664	0.12015	0.22258	0.10609	0.02820	0.05650	0.02425	0.01672	0.02187	0.01369	0.00864	0.00802	0.00246	0.01203	0.03740	0.00433	0.01094
12	0.02353	0.06538	0.05494	0.14586	0.02832	0.14091	0.01558	0.08824	0.09634	0.13280	0.06657	0.06438	0.02129	0.01049	0.00802	0.00249	0.00925	0.00845	0.00635	0.01080
13	0.01085	0.00857	0.00997	0.01049	0.01288	0.00770	0.00844	0.01360	0.01899	0.02368	0.12619	0.08054	0.41449	0.02074	0.01009	0.00303	0.00512	0.19985	0.00765	0.00712
14	0.01783	0.01798	0.03356	0.31576	0.23348	0.01911	0.19647	0.02346	0.01772	0.02394	0.01524	0.02124	0.01185	0.00749	0.00850	0.00263	0.01128	0.00789	0.00387	0.01070
15	0.02093	0.02381	0.14653	0.02065	0.05329	0.13470	0.10395	0.02676	0.06001	0.11336	0.07690	0.08697	0.07349	0.01144	0.00854	0.00258	0.00966	0.00994	0.00601	0.01051
16	0.01164	0.00789	0.00881	0.00881	0.00900	0.00780	0.00500	0.01179	0.01227	0.01617	0.02954	0.05485	0.07383	0.66608	0.03907	0.00751	0.00760	0.01217	0.00510	0.00505
17	0.01078	0.00744	0.00915	0.01015	0.01040	0.00719	0.00631	0.01153	0.01379	0.01838	0.03576	0.40228	0.04236	0.34812	0.02484	0.00544	0.00619	0.01779	0.00631	0.00581
18	0.02539	0.02718	0.20689	0.01946	0.02713	0.02219	0.01904	0.42435	0.03077	0.04201	0.01969	0.06269	0.01534	0.01016	0.00814	0.00253	0.00953	0.00794	0.00675	0.01283
19	0.02900	0.14207	0.02596	0.01984	0.02444	0.58355	0.01541	0.03117	0.02201	0.01974	0.01235	0.01439	0.01045	0.00815	0.00700	0.00204	0.01373	0.00509	0.00407	0.00956
20	0.01728	0.03539	0.47525	0.02831	0.10560	0.01923	0.15269	0.02567	0.01769	0.02585	0.01502	0.01842	0.01098	0.00748	0.00813	0.00259	0.01208	0.00686	0.00363	0.01187
21	0.01830	0.12077	0.46740	0.02566	0.12215	0.05937	0.02647	0.02581	0.01759	0.02467	0.01414	0.01690	0.01067	0.00759	0.00743	0.00242	0.01141	0.00593	0.00356	0.01177
22	0.02860	0.03557	0.02207	0.02027	0.02431	0.60241	0.01536	0.03183	0.05355	0.02086	0.01569	0.02080	0.01370	0.00948	0.00764	0.00224	0.01373	0.04786	0.00461	0.00944
23	0.02159	0.01101	0.01398	0.01191	0.01572	0.01003	0.00930	0.02589	0.06163	0.28086	0.25502	0.04771	0.13011	0.05511	0.01079	0.00289	0.00548	0.01194	0.00890	0.01013
24	0.01923	0.01841	0.03139	0.16586	0.55485	0.01905	0.02448	0.02415	0.01807	0.02547	0.01511	0.02036	0.01249	0.00739	0.00805	0.00246	0.00985	0.00723	0.00394	0.01216
25	0.02116	0.01888	0.02514	0.19098	0.26744	0.11094	0.01996	0.02540	0.01912	0.09292	0.02040	0.03062	0.01760	0.01006	0.00841	0.00263	0.01003	0.09245	0.00508	0.01079
26	0.00977	0.00823	0.00848	0.00841	0.01107	0.00693	0.00631	0.01200	0.01893	0.02295	0.13848	0.07639	0.60400	0.02016	0.00959	0.00272	0.00408	0.01689	0.00767	0.00693
27	0.01717	0.04072	0.64377	0.02274	0.03448	0.01854	0.02918	0.02631	0.01740	0.05428	0.01534	0.01760	0.01071	0.00781	0.00773	0.00257	0.01177	0.00609	0.00372	0.01207
28	0.01266	0.01073	0.01702	0.17654	0.09687	0.01123	0.03684	0.01560	0.01617	0.02157	0.03323	0.44469	0.03747	0.01861	0.00954	0.00304	0.00703	0.01706	0.00609	0.00803
29	0.02841	0.03151	0.02265	0.02136	0.06865	0.44828	0.01542	0.15037	0.02517	0.02740	0.01529	0.01730	0.01216	0.00865	0.00739	0.00216	0.01223	0.00598	0.06928	0.01036
30	0.01915	0.02189	0.04788	0.03420	0.04241	0.02052	0.63475	0.02599	0.01915	0.02599	0.01642	0.02189	0.01231	0.00684	0.00958	0.00274	0.01368	0.00958	0.00410	0.01094
31	0.02378	0.02351	0.03005	0.06390	0.35941	0.14359	0.06006	0.14276	0.02301	0.02969	0.01560	0.01913	0.01247	0.00793	0.00802	0.00239	0.01074	0.00702	0.00482	0.01211
32	0.01647	0.01520	0.02486	0.22288	0.32979	0.01605	0.02029	0.02090	0.01773	0.02390	0.02622	0.06503	0.08696	0.01120	0.00863	0.00270	0.00895	0.06713	0.00477	0.01032
33	0.00989	0.00706	0.00942	0.01130	0.01177	0.00659	0.00753	0.01130	0.01554	0.02071	0.04472	0.70954	0.05367	0.02542	0.01036	0.00330	0.00471	0.02307	0.00753	0.00659
34	0.01532	0.01442	0.02434	0.69533	0.05589	0.01803	0.02253	0.02073	0.01622	0.02073	0.01442	0.02163	0.01082	0.00811	0.00811	0.00270	0.01082	0.00721	0.00361	0.00901
35	0.02868	0.02186	0.02246	0.01800	0.02388	0.06483	0.01458	0.41604	0.18096	0.08852	0.02313	0.02230	0.01663	0.00997	0.00810	0.00249	0.00856	0.00768	0.00804	0.01329
36	0.02169	0.71972	0.04252	0.01388	0.02083	0.03211	0.01388	0.02430	0.01649	0.01909	0.01128	0.01302	0.01041	0.00694	0.00521	0.00174	0.00868	0.00434	0.00347	0.01041
37	0.01077	0.00827	0.00986	0.00946	0.01169	0.00735	0.00710	0.01393	0.02129	0.02854	0.44261	0.06719	0.29638	0.01808	0.00958	0.00262	0.00393	0.01560	0.00841	0.00735
38	0.01126	0.00875	0.01035	0.01061	0.01255	0.00829	0.00769	0.01563	0.08025	0.02569	0.22843	0.27839	0.23174	0.02012	0.00971	0.00287	0.00445	0.01763	0.00800	0.00758
39	0.03031	0.03867	0.02299	0.02090	0.02508	0.68226	0.01568	0.03240	0.02299	0.01986	0.01254	0.01463	0.01045	0.00836	0.00732	0.00209	0.01463	0.00523	0.00418	0.00941
40	0.03242	0.02020	0.02279	0.01747	0.02390	0.02141	0.01443	0.46792	0.03392	0.22635	0.02303	0.02179	0.01558	0.00983	0.00813	0.00246	0.00836	0.00755	0.00866	0.01380
41	0.01285	0.00918	0.01282	0.01469	0.01646	0.00915	0.01269	0.01642	0.01846	0.02403	0.04309	0.13492	0.04719	0.02263	0.01115	0.00370	0.00728	0.56842	0.00748	0.00741
42	0.01180	0.00787	0.00885	0.00885	0.00885	0.00787	0.00492	0.01180	0.01180	0.01573	0.02557	0.05310	0.02950	0.71483	0.04130	0.00787	0.00787	0.01180	0.00492	0.00492
43	0.77215	0.01569	0.01193	0.01067	0.01569	0.01820	0.00879	0.02385	0.01381	0.03641	0.01130	0.01318	0.00879	0.00753	0.00502	0.00251	0.00628	0.00439	0.00502	0.00879
44	0.01180	0.00787	0.00885	0.00885	0.00885	0.00787	0.00492	0.01180	0.01180	0.01573	0.02557	0.05310	0.02950	0.71483	0.04130	0.00787	0.00787	0.01180	0.00492	0.00492
45	0.02052	0.02244	0.02370	0.02072	0.02185	0.18792	0.01679	0.02244	0.01510	0.01957	0.01177	0.01780	0.01117	0.01548	0.06024	0.00374	0.48936	0.00673	0.00375	0.00891
46	0.00977	0.00823	0.00848	0.00841	0.01107	0.00693	0.00631	0.01200	0.01893	0.02295	0.13848	0.07639	0.60400	0.02016	0.00959	0.00272	0.00408	0.01689	0.00767	0.00693
47	0.00959	0.00822	0.00822	0.00822	0.01096	0.00685	0.00617	0.01165	0.01850	0.02192	0.08220	0.07809	0.66092	0.02055	0.00959	0.00274	0.00411	0.01713	0.00754	0.00685
48	0.03066	0.02820	0.02389	0.01944	0.02514	0.25057	0.01551	0.42970	0.03295	0.04041	0.01710	0.01782	0.01265	0.00927	0.00784	0.00232	0.01089	0.00659	0.00677	0.01229
49	0.02007	0.51635	0.23164	0.01666	0.02511	0.02813	0.01871	0.02472	0.01668	0.02107	0.01227	0.01425	0.01037	0.00717	0.00596	0.00199	0.00967	0.00484	0.00346	0.01089
50	0.02225	0.01906	0.01994	0.08310	0.02520	0.06667	0.01423	0.10519	0.45121	0.05955	0.02825	0.02704	0.02101	0.01036	0.00816	0.00266	0.00772	0.00846	0.00758	0.01237
51	0.01849	0.01993	0.03698	0.02810	0.03242	0.02257	0.34269	0.02293	0.01597	0.02293	0.01369	0.01993	0.01153	0.01032	0.01765	0.00312	0.33854	0.00840	0.00384	0.00997
52	0.01640	0.01271	0.01452	0.01091	0.01679	0.01001	0.00863	0.02005	0.01687	0.02739	0.01743	0.02017	0.01421	0.00687	0.00593	0.00137	0.00545	0.00549	0.19309	0.57571
53	0.01285	0.00927	0.01277	0.01452	0.01644	0.00918	0.01264	0.01648	0.01867	0.02413	0.04546	0.09067	0.08575	0.02230	0.01110	0.00367	0.00726	0.57193	0.00748	0.00743
54	0.02008	0.01928	0.03294	0.04981	0.66422	0.01928	0.02490	0.02490	0.01848	0.02651	0.01526	0.02008	0.01285	0.00723	0.00803	0.00241	0.00964	0.00723	0.00402	0.01285
55	0.01048	0.00797	0.00967	0.01008	0.01186	0.00716	0.00738	0.01302	0.01917	0.02526	0.26382	0.25219	0.26309	0.02069	0.00988	0.00288	0.00434	0.04598	0.00800	0.00708
56	0.01683	0.01442	0.01683	0.01202	0.01923	0.01082	0.00961	0.02043	0.01683	0.02644	0.01442	0.01683	0.01202	0.00601	0.00601	0.00120	0.00601	0.00481	0.00481	0.76444
57	0.00959	0.00822	0.00822	0.00822	0.01096	0.00685	0.00617	0.01165	0.01850	0.02192	0.08220	0.07809	0.66092	0.02055	0.00959	0.00274	0.00411	0.01713	0.00754	0.00685
58	0.02008	0.01928	0.03294	0.04981	0.66422	0.01928	0.02490	0.02490	0.01848	0.02651	0.01526	0.02008	0.01285	0.00723	0.00803	0.00241	0.00964	0.00723	0.00402	0.01285
59	0.21084	0.01685	0.01486	0.01345	0.01660	0.12117	0.01061	0.06825	0.01770	0.02895	0.01766	0.02171	0.01455	0.01730	0.11390	0.00402	0.07394	0.00650	0.20243	0.00871
60	0.01145	0.00855	0.01087	0.01156	0.01353	0.00798	0.00927	0.01457	0.01956	0.02570	0.22811	0.13669	0.21135	0.02057	0.01025	0.00311	0.00533	0.23636	0.00791	0.00728
61	0.03031	0.03867	0.02299	0.02090	0.02508	0.68226	0.01568	0.03240	0.02299	0.01986	0.01254	0.01463	0.01045	0.00836	0.00732	0.00209	0.01463	0.00523	0.00418	0.00941
62	0.02151	0.02178	0.02401	0.42022	0.04335	0.18453	0.01970	0.12130	0.02138	0.02533	0.01476	0.01955	0.01120	0.00843	0.00792	0.00251	0.01147	0.00673	0.00446	0.00987
63	0.01404	0.05086	0.14543	0.01460	0.01836	0.01234	0.01320	0.08346	0.01838	0.02497	0.03427	0.46100	0.03848	0.01925	0.00933	0.00298	0.00682	0.01700	0.00657	0.00865
64	0.19979	0.01695	0.01813	0.06426	0.05426	0.05685	0.01318	0.14051	0.08124	0.03177	0.01824	0.02185	0.01471	0.01962	0.14557	0.00467	0.04240	0.00695	0.03902	0.01003
65	0.10361	0.01603	0.10882	0.01747	0.08751	0.01314	0.01395	0.02326	0.01669	0.13544	0.02139	0.02541	0.01682	0.02428	0.20971	0.00556	0.01178	0.00739	0.13187	0.00987
66	0.16718	0.02045	0.12801	0.11890	0.14157	0.01776	0.13617	0.02297	0.01638	0.02636	0.01539	0.02048	0.01231	0.01503	0.10350	0.00407	0.01199	0.00712	0.00413	0.01022
67	0.02461	0.03495	0.18058	0.02662	0.14606	0.37143	0.02070	0.02986	0.04768	0.02310	0.01441	0.01692	0.01147	0.00811	0.00758	0.00229	0.01272	0.00595	0.00414	0.01082
68	0.04607	0.02048	0.09709	0.06823	0.11871	0.01947	0.12945	0.05234	0.12330	0.08227	0.02026	0.02494	0.01596	0.00987	0.01100	0.00279	0.10774	0.03320	0.00544	0.01136

[dist]
# distance from previous block
# <min> <max>
4	49

[block]
# block no. 5 follows, 23 sequences, length 7
# corresponding to MSA columns:
# 767-773
name=unknown_F
#
# <colnr> <probs for GDERKNQSTAVLIFYWHMCP>
#	G	D	E	R	K	N	Q	S	T	A	V	L	I	F	Y	W	H	M	C	P
0	0.01891	0.01536	0.01762	0.01715	0.05976	0.01670	0.01257	0.03471	0.41718	0.06069	0.09320	0.03823	0.06372	0.01226	0.00851	0.00269	0.00633	0.04841	0.00788	0.04811
1	0.01849	0.01556	0.05988	0.02292	0.19827	0.01380	0.01461	0.04805	0.07669	0.11007	0.06525	0.04229	0.20340	0.06177	0.01089	0.00295	0.00717	0.01090	0.00658	0.01048
2	0.01997	0.02106	0.02037	0.02373	0.18056	0.22355	0.01432	0.02249	0.01822	0.02181	0.02085	0.14003	0.02142	0.11637	0.01295	0.00314	0.00970	0.00970	0.00489	0.09488
3	0.04289	0.25420	0.03268	0.01901	0.02476	0.05938	0.16598	0.05059	0.01879	0.06555	0.05764	0.05296	0.01882	0.01490	0.08417	0.00351	0.01108	0.00804	0.00496	0.01010
4	0.09800	0.02064	0.09057	0.02143	0.08010	0.01913	0.09638	0.19943	0.09620	0.03382	0.01803	0.02065	0.01385	0.01072	0.01051	0.08894	0.00896	0.00719	0.00573	0.05972
5	0.18098	0.06017	0.01316	0.01157	0.01424	0.01253	0.00870	0.01865	0.08757	0.02573	0.03801	0.35544	0.10827	0.01795	0.00848	0.00289	0.00546	0.01534	0.00677	0.00809
6	0.04931	0.04853	0.01728	0.01498	0.01722	0.14964	0.01176	0.01973	0.01637	0.02172	0.08992	0.02785	0.02230	0.03123	0.27414	0.03641	0.10084	0.00798	0.03478	0.00801

[dist]
# distance from previous block
# <min> <max>
21	145

[block]
# block no. 6 follows, 23 sequences, length 22
# corresponding to MSA columns:
# 926-947
name=unknown_G
#
# <colnr> <probs for GDERKNQSTAVLIFYWHMCP>
#	G	D	E	R	K	N	Q	S	T	A	V	L	I	F	Y	W	H	M	C	P
