[name]
unknown

[dist]
# distance from previous block
# <min> <max>
0	34

[block]
# block no. 0 follows, 21 sequences, length 64
# corresponding to MSA columns:
# 34-97
name=unknown_A
#
# <colnr> <probs for GDERKNQSTAVLIFYWHMCP>
#	G	D	E	R	K	N	Q	S	T	A	V	L	I	F	Y	W	H	M	C	P
0	0.01371	0.00980	0.01371	0.01567	0.01763	0.00980	0.01371	0.01763	0.01959	0.02547	0.04506	0.09599	0.04898	0.02351	0.01175	0.00392	0.00784	0.59056	0.00784	0.00784
1	0.01765	0.01513	0.01765	0.01260	0.02017	0.01134	0.01008	0.02143	0.01765	0.02773	0.01513	0.01765	0.01260	0.00630	0.00630	0.00126	0.00630	0.00504	0.00504	0.75295
2	0.01037	0.00741	0.00987	0.01185	0.01234	0.00691	0.00790	0.01185	0.01629	0.02172	0.04690	0.69537	0.05629	0.02666	0.01086	0.00346	0.00494	0.02419	0.00790	0.00691
3	0.76103	0.01646	0.01251	0.01119	0.01646	0.01909	0.00922	0.02502	0.01448	0.03818	0.01185	0.01382	0.00922	0.00790	0.00527	0.00263	0.00658	0.00461	0.00527	0.00922
4	0.01204	0.00870	0.01138	0.01071	0.01271	0.00803	0.00803	0.01606	0.02409	0.03413	0.64335	0.06357	0.08030	0.01740	0.01004	0.00268	0.00401	0.01539	0.00937	0.00803
5	0.02185	0.01762	0.01991	0.01460	0.02195	0.01565	0.01183	0.19256	0.02405	0.03514	0.01664	0.01844	0.01314	0.00742	0.00694	0.00163	0.00718	0.00579	0.00604	0.54162
6	0.01151	0.00820	0.01105	0.01293	0.01386	0.00788	0.00959	0.01369	0.01714	0.02265	0.04537	0.47692	0.05278	0.05782	0.01269	0.00383	0.00600	0.20122	0.00775	0.00712
7	0.01691	0.01598	0.02703	0.57540	0.15716	0.01913	0.02405	0.02247	0.01741	0.02276	0.01527	0.02242	0.01170	0.00835	0.00849	0.00278	0.01114	0.00757	0.00385	0.01013
8	0.02016	0.02562	0.17574	0.04589	0.50920	0.02012	0.02733	0.02631	0.01906	0.02761	0.01584	0.02036	0.01287	0.00770	0.00835	0.00257	0.01067	0.00729	0.00407	0.01328
9	0.01216	0.00912	0.01368	0.01368	0.01520	0.01064	0.01064	0.01520	0.01368	0.01976	0.02279	0.03343	0.02127	0.06382	0.66720	0.01368	0.02279	0.00912	0.00456	0.00760
10	0.01037	0.00741	0.00987	0.01185	0.01234	0.00691	0.00790	0.01185	0.01629	0.02172	0.04690	0.69537	0.05629	0.02666	0.01086	0.00346	0.00494	0.02419	0.00790	0.00691
11	0.01238	0.00825	0.00928	0.00928	0.00928	0.00825	0.00516	0.01238	0.01238	0.01650	0.02681	0.05569	0.03094	0.70092	0.04331	0.00825	0.00825	0.01238	0.00516	0.00516
12	0.01006	0.00862	0.00862	0.00862	0.01149	0.00718	0.00647	0.01221	0.01940	0.02299	0.08621	0.08190	0.64438	0.02155	0.01006	0.00287	0.00431	0.01796	0.00790	0.00718
13	0.01204	0.00870	0.01138	0.01071	0.01271	0.00803	0.00803	0.01606	0.02409	0.03413	0.64335	0.06357	0.08030	0.01740	0.01004	0.00268	0.00401	0.01539	0.00937	0.00803
14	0.03235	0.02384	0.02554	0.01958	0.02639	0.02639	0.01618	0.61946	0.04001	0.05363	0.02043	0.02043	0.01447	0.01022	0.00851	0.00255	0.00936	0.00766	0.00851	0.01447
15	0.02096	0.01809	0.01915	0.01704	0.02201	0.02058	0.01327	0.04381	0.59603	0.03513	0.03348	0.03091	0.02519	0.01123	0.00852	0.00279	0.00671	0.00935	0.00844	0.05729
16	0.03148	0.02332	0.02507	0.01917	0.02602	0.02550	0.01581	0.58402	0.03869	0.05210	0.02012	0.02027	0.01436	0.00998	0.00838	0.00248	0.00918	0.00751	0.00831	0.05823
17	0.01238	0.00825	0.00928	0.00928	0.00928	0.00825	0.00516	0.01238	0.01238	0.01650	0.02681	0.05569	0.03094	0.70092	0.04331	0.00825	0.00825	0.01238	0.00516	0.00516
18	0.01030	0.00769	0.00958	0.01110	0.01215	0.00698	0.00757	0.01193	0.01701	0.02202	0.05599	0.55357	0.19222	0.02548	0.01068	0.00332	0.00479	0.02275	0.00790	0.00698
19	0.01552	0.00796	0.00807	0.00807	0.00985	0.00796	0.00587	0.01908	0.01730	0.03021	0.02767	0.03412	0.02272	0.07897	0.00968	0.00261	0.00439	0.00838	0.67391	0.00765
20	0.01371	0.00980	0.01371	0.01567	0.01763	0.00980	0.01371	0.01763	0.01959	0.02547	0.04506	0.09599	0.04898	0.02351	0.01175	0.00392	0.00784	0.59056	0.00784	0.00784
21	0.03818	0.01448	0.01975	0.01514	0.02172	0.01251	0.01251	0.04147	0.02436	0.65373	0.03357	0.02897	0.02107	0.01053	0.00856	0.00263	0.00724	0.00856	0.01053	0.01448
22	0.01371	0.00980	0.01371	0.01567	0.01763	0.00980	0.01371	0.01763	0.01959	0.02547	0.04506	0.09599	0.04898	0.02351	0.01175	0.00392	0.00784	0.59056	0.00784	0.00784
23	0.76103	0.01646	0.01251	0.01119	0.01646	0.01909	0.00922	0.02502	0.01448	0.03818	0.01185	0.01382	0.00922	0.00790	0.00527	0.00263	0.00658	0.00461	0.00527	0.00922
24	0.03235	0.02384	0.02554	0.01958	0.02639	0.02639	0.01618	0.61946	0.04001	0.05363	0.02043	0.02043	0.01447	0.01022	0.00851	0.00255	0.00936	0.00766	0.00851	0.01447
25	0.01586	0.00793	0.00793	0.00793	0.00991	0.00793	0.00595	0.01983	0.01785	0.03173	0.02776	0.03173	0.02181	0.00991	0.00595	0.00198	0.00397	0.00793	0.74817	0.00793
26	0.01586	0.00793	0.00793	0.00793	0.00991	0.00793	0.00595	0.01983	0.01785	0.03173	0.02776	0.03173	0.02181	0.00991	0.00595	0.00198	0.00397	0.00793	0.74817	0.00793
27	0.01204	0.00870	0.01138	0.01071	0.01271	0.00803	0.00803	0.01606	0.02409	0.03413	0.64335	0.06357	0.08030	0.01740	0.01004	0.00268	0.00401	0.01539	0.00937	0.00803
28	0.01862	0.01862	0.02607	0.02234	0.02234	0.02607	0.01862	0.02048	0.01303	0.02048	0.01117	0.01862	0.01117	0.01489	0.02793	0.00372	0.68535	0.00745	0.00372	0.00931
29	0.01037	0.00741	0.00987	0.01185	0.01234	0.00691	0.00790	0.01185	0.01629	0.02172	0.04690	0.69537	0.05629	0.02666	0.01086	0.00346	0.00494	0.02419	0.00790	0.00691
30	0.01044	0.00864	0.00915	0.00902	0.01173	0.00735	0.00677	0.01295	0.02030	0.02512	0.19285	0.07839	0.53641	0.02076	0.01005	0.00284	0.00425	0.01747	0.00818	0.00735
31	0.01350	0.00964	0.01347	0.01543	0.01729	0.00961	0.01334	0.01726	0.01938	0.02523	0.04518	0.13474	0.04945	0.02371	0.01170	0.00389	0.00765	0.55394	0.00784	0.00778
32	0.02106	0.02022	0.03454	0.05223	0.64784	0.02022	0.02612	0.02612	0.01938	0.02780	0.01601	0.02106	0.01348	0.00758	0.00842	0.00253	0.01011	0.00758	0.00421	0.01348
33	0.01765	0.01513	0.01765	0.01260	0.02017	0.01134	0.01008	0.02143	0.01765	0.02773	0.01513	0.01765	0.01260	0.00630	0.00630	0.00126	0.00630	0.00504	0.00504	0.75295
34	0.01707	0.04402	0.65683	0.02426	0.03683	0.01976	0.03144	0.02695	0.01797	0.02695	0.01527	0.01797	0.01078	0.00809	0.00809	0.00270	0.01258	0.00629	0.00359	0.01258
35	0.01352	0.00973	0.01344	0.01529	0.01730	0.00966	0.01332	0.01734	0.01958	0.02533	0.04727	0.09524	0.08094	0.02340	0.01166	0.00386	0.00765	0.55982	0.00784	0.00780
36	0.01901	0.01812	0.03083	0.31086	0.40527	0.01968	0.02510	0.02432	0.01841	0.02531	0.01564	0.02173	0.01260	0.00796	0.00846	0.00265	0.01062	0.00757	0.00404	0.01182
37	0.01894	0.03680	0.44281	0.03244	0.21754	0.05004	0.02916	0.02703	0.01867	0.02692	0.01539	0.01876	0.01159	0.00797	0.00817	0.00262	0.01197	0.00663	0.00381	0.01272
38	0.01342	0.01084	0.01602	0.01446	0.01652	0.01174	0.04437	0.01665	0.01703	0.02444	0.19900	0.04126	0.03719	0.09287	0.30340	0.00802	0.07516	0.01090	0.00592	0.04082
39	0.02327	0.66812	0.04343	0.01498	0.02210	0.06975	0.01467	0.02597	0.01768	0.02007	0.01191	0.01375	0.01092	0.00737	0.00559	0.00184	0.00946	0.00460	0.00368	0.01086
40	0.01024	0.00834	0.00907	0.00948	0.01176	0.00717	0.00689	0.01235	0.01894	0.02333	0.10858	0.22267	0.47660	0.02250	0.01024	0.00300	0.00444	0.01926	0.00798	0.00717
41	0.03235	0.02384	0.02554	0.01958	0.02639	0.02639	0.01618	0.61946	0.04001	0.05363	0.02043	0.02043	0.01447	0.01022	0.00851	0.00255	0.00936	0.00766	0.00851	0.01447
42	0.02106	0.02022	0.03454	0.05223	0.64784	0.02022	0.02612	0.02612	0.01938	0.02780	0.01601	0.02106	0.01348	0.00758	0.00842	0.00253	0.01011	0.00758	0.00421	0.01348
43	0.02003	0.02097	0.02586	0.02230	0.02277	0.09484	0.01838	0.02193	0.01422	0.02052	0.01138	0.01827	0.01115	0.01424	0.02575	0.00356	0.61343	0.00724	0.00379	0.00937
44	0.01077	0.00772	0.01023	0.01158	0.01243	0.00718	0.00793	0.01286	0.01816	0.02470	0.18980	0.54400	0.06204	0.02444	0.01066	0.00327	0.00472	0.02208	0.00825	0.00718
45	0.02134	0.07253	0.36364	0.02545	0.03511	0.17035	0.13919	0.02856	0.01976	0.02525	0.01498	0.01810	0.01124	0.00803	0.00823	0.00257	0.01338	0.00673	0.00391	0.01166
46	0.02601	0.18577	0.02961	0.02002	0.02415	0.24781	0.01659	0.10977	0.02158	0.02512	0.01330	0.01660	0.01150	0.01038	0.01307	0.00259	0.20480	0.00613	0.00460	0.01059
47	0.01607	0.01513	0.02552	0.68047	0.05861	0.01891	0.02363	0.02174	0.01702	0.02174	0.01513	0.02269	0.01134	0.00851	0.00851	0.00284	0.01134	0.00756	0.00378	0.00945
48	0.03179	0.04056	0.02412	0.02192	0.02631	0.66676	0.01644	0.03398	0.02412	0.02083	0.01315	0.01535	0.01096	0.00877	0.00767	0.00219	0.01535	0.00548	0.00438	0.00987
49	0.02435	0.03124	0.20878	0.03154	0.22423	0.12820	0.02371	0.16726	0.02461	0.03249	0.01637	0.01909	0.01253	0.00854	0.00822	0.00253	0.01150	0.00688	0.00508	0.01286
50	0.03818	0.01448	0.01975	0.01514	0.02172	0.01251	0.01251	0.04147	0.02436	0.65373	0.03357	0.02897	0.02107	0.01053	0.00856	0.00263	0.00724	0.00856	0.01053	0.01448
51	0.01006	0.00862	0.00862	0.00862	0.01149	0.00718	0.00647	0.01221	0.01940	0.02299	0.08621	0.08190	0.64438	0.02155	0.01006	0.00287	0.00431	0.01796	0.00790	0.00718
52	0.01942	0.02878	0.23595	0.03691	0.21474	0.02060	0.26427	0.02684	0.01922	0.02732	0.01626	0.02085	0.01241	0.00758	0.00897	0.00272	0.01258	0.00816	0.00406	0.01240
53	0.01801	0.03741	0.46661	0.02790	0.03923	0.02031	0.21503	0.02705	0.01863	0.02705	0.01588	0.01953	0.01145	0.00780	0.00870	0.00275	0.01313	0.00747	0.00382	0.01223
54	0.01204	0.00870	0.01138	0.01071	0.01271	0.00803	0.00803	0.01606	0.02409	0.03413	0.64335	0.06357	0.08030	0.01740	0.01004	0.00268	0.00401	0.01539	0.00937	0.00803
55	0.01986	0.02251	0.04882	0.07226	0.04527	0.02137	0.58343	0.02695	0.01991	0.02695	0.01710	0.02294	0.01282	0.00725	0.00996	0.00287	0.01418	0.00990	0.00427	0.01136
56	0.02249	0.02422	0.03199	0.16382	0.33053	0.16955	0.08300	0.02721	0.02009	0.02498	0.01530	0.02024	0.01243	0.00799	0.00843	0.00254	0.01198	0.00734	0.00418	0.01167
57	0.06704	0.26038	0.41344	0.02022	0.03058	0.02430	0.02444	0.02634	0.01752	0.02539	0.01392	0.01628	0.01073	0.00781	0.00704	0.00240	0.01104	0.00561	0.00372	0.01181
58	0.01006	0.00862	0.00862	0.00862	0.01149	0.00718	0.00647	0.01221	0.01940	0.02299	0.08621	0.08190	0.64438	0.02155	0.01006	0.00287	0.00431	0.01796	0.00790	0.00718
59	0.01095	0.00856	0.01001	0.01100	0.01266	0.00794	0.00772	0.01414	0.05729	0.02309	0.06079	0.42340	0.27392	0.02378	0.01042	0.00320	0.00482	0.02092	0.00795	0.00744
60	0.01956	0.02049	0.07253	0.20647	0.46198	0.01986	0.02584	0.02508	0.01870	0.02624	0.01574	0.02127	0.01277	0.00784	0.00842	0.00261	0.01058	0.00749	0.00407	0.01242
61	0.02271	0.02066	0.02589	0.38443	0.07948	0.09109	0.02086	0.19436	0.02450	0.03112	0.01648	0.02116	0.01232	0.00897	0.00841	0.00267	0.01114	0.00737	0.00523	0.01116
62	0.02106	0.02022	0.03454	0.05223	0.64784	0.02022	0.02612	0.02612	0.01938	0.02780	0.01601	0.02106	0.01348	0.00758	0.00842	0.00253	0.01011	0.00758	0.00421	0.01348
63	0.01926	0.01635	0.01730	0.01573	0.02014	0.01828	0.01230	0.06304	0.46476	0.03359	0.04405	0.04349	0.14121	0.01389	0.00905	0.00292	0.00645	0.03763	0.00847	0.01209

[dist]
# distance from previous block
# <min> <max>
0	7

# created by:
# /home/cegg/simao/soft/augustus-3.2.1/scripts/msa2prfl.pl ./align_prep/15473.fa
