[name]
unknown

[dist]
# distance from previous block
# <min> <max>
0	18

[block]
# block no. 0 follows, 22 sequences, length 58
# corresponding to MSA columns:
# 18-75
name=unknown_A
#
# <colnr> <probs for GDERKNQSTAVLIFYWHMCP>
#	G	D	E	R	K	N	Q	S	T	A	V	L	I	F	Y	W	H	M	C	P
0	0.05136	0.02029	0.21629	0.01769	0.02299	0.01304	0.01856	0.02040	0.01839	0.02592	0.03334	0.06605	0.03429	0.01751	0.01005	0.00339	0.00903	0.38601	0.00624	0.00916
1	0.01683	0.04195	0.63731	0.02488	0.06316	0.01931	0.03047	0.02627	0.01760	0.02635	0.01494	0.01767	0.01064	0.00787	0.00791	0.00262	0.01217	0.00619	0.00353	0.01232
2	0.02392	0.16206	0.03296	0.03500	0.35092	0.13269	0.02054	0.09633	0.02161	0.02740	0.01484	0.01811	0.01236	0.00783	0.00753	0.00228	0.01044	0.00648	0.00451	0.01218
3	0.02592	0.39805	0.03422	0.01710	0.02318	0.22918	0.01491	0.09657	0.04798	0.02415	0.01384	0.01534	0.01169	0.00806	0.00647	0.00201	0.01069	0.00528	0.00452	0.01084
4	0.01137	0.00776	0.00927	0.00996	0.01014	0.00758	0.00600	0.01190	0.01346	0.01795	0.03325	0.28808	0.03912	0.46216	0.03086	0.00637	0.00689	0.01624	0.00600	0.00565
5	0.02965	0.14501	0.02667	0.02028	0.02500	0.57423	0.01576	0.03187	0.02250	0.02021	0.01264	0.01472	0.01069	0.00833	0.00715	0.00208	0.01403	0.00521	0.00417	0.00979
6	0.01012	0.00723	0.00964	0.01157	0.01205	0.00675	0.00771	0.01157	0.01591	0.02121	0.04579	0.70262	0.05495	0.02603	0.01060	0.00337	0.00482	0.02362	0.00771	0.00675
7	0.00982	0.00842	0.00842	0.00842	0.01122	0.00701	0.00631	0.01192	0.01894	0.02244	0.08416	0.07995	0.65285	0.02104	0.00982	0.00281	0.00421	0.01753	0.00771	0.00701
8	0.01799	0.20352	0.51610	0.02141	0.03245	0.02255	0.02675	0.02597	0.01738	0.02469	0.01410	0.01653	0.01056	0.00770	0.00728	0.00243	0.01146	0.00573	0.00352	0.01189
9	0.02056	0.01974	0.03372	0.05099	0.65622	0.01974	0.02550	0.02550	0.01892	0.02714	0.01563	0.02056	0.01316	0.00740	0.00822	0.00247	0.00987	0.00740	0.00411	0.01316
10	0.02512	0.49056	0.03693	0.01659	0.02276	0.24491	0.01482	0.02762	0.01908	0.01980	0.01198	0.01387	0.01067	0.00759	0.00604	0.00190	0.01090	0.00474	0.00379	0.01032
11	0.03055	0.03693	0.02421	0.02270	0.05825	0.57559	0.01651	0.09267	0.02486	0.02391	0.01370	0.01577	0.01117	0.00864	0.00761	0.00219	0.01413	0.00567	0.00468	0.01027
12	0.01012	0.00723	0.00964	0.01157	0.01205	0.00675	0.00771	0.01157	0.01591	0.02121	0.04579	0.70262	0.05495	0.02603	0.01060	0.00337	0.00482	0.02362	0.00771	0.00675
13	0.02305	0.64921	0.04164	0.01490	0.02174	0.09370	0.01439	0.02566	0.01751	0.01962	0.01167	0.01348	0.01066	0.00725	0.00554	0.00181	0.00946	0.00453	0.00362	0.01056
14	0.01590	0.02770	0.33816	0.02489	0.14963	0.01581	0.02256	0.02284	0.01967	0.02865	0.21344	0.03199	0.03218	0.01063	0.00855	0.00259	0.00920	0.00915	0.00538	0.01107
15	0.01629	0.04036	0.61552	0.02268	0.03417	0.01843	0.02896	0.02550	0.01799	0.02684	0.06310	0.02091	0.01566	0.00858	0.00804	0.00263	0.01165	0.00681	0.00393	0.01194
16	0.01848	0.01559	0.01782	0.01787	0.05200	0.01743	0.01352	0.03550	0.43747	0.03152	0.03751	0.04725	0.05792	0.01423	0.00921	0.00303	0.00688	0.14716	0.00802	0.01160
17	0.05570	0.18740	0.02626	0.01809	0.02305	0.37105	0.01448	0.03176	0.11867	0.02318	0.01883	0.01983	0.04022	0.00915	0.00716	0.00221	0.01147	0.00626	0.00495	0.01028
18	0.02997	0.03748	0.02383	0.02270	0.05804	0.60802	0.01639	0.03333	0.05433	0.02141	0.01404	0.01607	0.01156	0.00864	0.00758	0.00219	0.01430	0.00566	0.00448	0.00999
19	0.01006	0.00747	0.00939	0.01094	0.01188	0.00680	0.00743	0.01164	0.01651	0.02145	0.05346	0.57816	0.17446	0.02503	0.01045	0.00326	0.00470	0.02240	0.00771	0.00680
20	0.02056	0.01974	0.03372	0.05099	0.65622	0.01974	0.02550	0.02550	0.01892	0.02714	0.01563	0.02056	0.01316	0.00740	0.00822	0.00247	0.00987	0.00740	0.00411	0.01316
21	0.03009	0.05789	0.02547	0.02266	0.07297	0.40131	0.01661	0.21619	0.02774	0.03071	0.01520	0.01687	0.01194	0.00886	0.00772	0.00226	0.01257	0.00613	0.00549	0.01132
22	0.01666	0.04297	0.66500	0.02368	0.03596	0.01929	0.03069	0.02631	0.01754	0.02631	0.01491	0.01754	0.01052	0.00789	0.00789	0.00263	0.01228	0.00614	0.00351	0.01228
23	0.03103	0.03959	0.02354	0.02140	0.02568	0.67469	0.01605	0.03317	0.02354	0.02033	0.01284	0.01498	0.01070	0.00856	0.00749	0.00214	0.01498	0.00535	0.00428	0.00963
24	0.02263	0.01279	0.01599	0.01379	0.01797	0.01263	0.01116	0.12126	0.02240	0.22591	0.04034	0.04422	0.15982	0.02565	0.16407	0.00521	0.01036	0.05542	0.00785	0.01052
25	0.02056	0.01974	0.03372	0.05099	0.65622	0.01974	0.02550	0.02550	0.01892	0.02714	0.01563	0.02056	0.01316	0.00740	0.00822	0.00247	0.00987	0.00740	0.00411	0.01316
26	0.01187	0.00890	0.01335	0.01335	0.01483	0.01038	0.01038	0.01483	0.01335	0.01928	0.02225	0.03264	0.02077	0.06231	0.67512	0.01335	0.02225	0.00890	0.00445	0.00742
27	0.01339	0.00956	0.01339	0.01530	0.01721	0.00956	0.01339	0.01721	0.01912	0.02486	0.04399	0.09371	0.04781	0.02295	0.01147	0.00382	0.00765	0.60031	0.00765	0.00765
28	0.01683	0.04194	0.63709	0.02489	0.06337	0.01931	0.03046	0.02627	0.01760	0.02635	0.01494	0.01767	0.01064	0.00787	0.00791	0.00262	0.01217	0.00619	0.00353	0.01232
29	0.02518	0.18269	0.02700	0.01841	0.04718	0.08053	0.01471	0.17621	0.25095	0.05973	0.02281	0.02238	0.01735	0.00957	0.00760	0.00242	0.00859	0.00732	0.00683	0.01254
30	0.01818	0.01818	0.02545	0.02181	0.02181	0.02545	0.01818	0.01999	0.01272	0.01999	0.01091	0.01818	0.01091	0.01454	0.02726	0.00364	0.69284	0.00727	0.00364	0.00909
31	0.01745	0.01549	0.02024	0.01446	0.02194	0.01202	0.06825	0.02146	0.01745	0.02703	0.01496	0.01772	0.01233	0.00623	0.00650	0.00138	0.00690	0.00538	0.00485	0.68797
32	0.01666	0.04297	0.66500	0.02368	0.03596	0.01929	0.03069	0.02631	0.01754	0.02631	0.01491	0.01754	0.01052	0.00789	0.00789	0.00263	0.01228	0.00614	0.00351	0.01228
33	0.01003	0.00759	0.00926	0.01060	0.01179	0.00683	0.00728	0.01168	0.01684	0.02159	0.05760	0.51089	0.23905	0.02449	0.01036	0.00320	0.00463	0.02174	0.00771	0.00683
34	0.01904	0.01819	0.03098	0.24943	0.46964	0.01934	0.02474	0.02417	0.01820	0.02530	0.01536	0.02106	0.01251	0.00768	0.00825	0.00256	0.01024	0.00740	0.00398	0.01193
35	0.02430	0.55535	0.03896	0.01575	0.02234	0.14334	0.01463	0.06248	0.01936	0.02165	0.01228	0.01401	0.01088	0.00753	0.00588	0.00188	0.00995	0.00478	0.00396	0.01069
36	0.01012	0.00723	0.00964	0.01157	0.01205	0.00675	0.00771	0.01157	0.01591	0.02121	0.04579	0.70262	0.05495	0.02603	0.01060	0.00337	0.00482	0.02362	0.00771	0.00675
37	0.01012	0.00723	0.00964	0.01157	0.01205	0.00675	0.00771	0.01157	0.01591	0.02121	0.04579	0.70262	0.05495	0.02603	0.01060	0.00337	0.00482	0.02362	0.00771	0.00675
38	0.03103	0.03959	0.02354	0.02140	0.02568	0.67469	0.01605	0.03317	0.02354	0.02033	0.01284	0.01498	0.01070	0.00856	0.00749	0.00214	0.01498	0.00535	0.00428	0.00963
39	0.02221	0.71304	0.04353	0.01421	0.02132	0.03287	0.01421	0.02488	0.01688	0.01955	0.01155	0.01333	0.01066	0.00711	0.00533	0.00178	0.00888	0.00444	0.00355	0.01066
40	0.01208	0.00805	0.00906	0.00906	0.00906	0.00805	0.00503	0.01208	0.01208	0.01611	0.02618	0.05436	0.03020	0.70804	0.04228	0.00805	0.00805	0.01208	0.00503	0.00503
41	0.00999	0.00847	0.00866	0.00875	0.01151	0.00714	0.00666	0.01218	0.01894	0.02256	0.08219	0.08062	0.62317	0.02113	0.00990	0.00286	0.00438	0.04612	0.00771	0.00704
42	0.03158	0.02327	0.02493	0.01911	0.02576	0.02576	0.01579	0.62852	0.03906	0.05236	0.01995	0.01995	0.01413	0.00997	0.00831	0.00249	0.00914	0.00748	0.00831	0.01413
43	0.03158	0.02327	0.02493	0.01911	0.02576	0.02576	0.01579	0.62852	0.03906	0.05236	0.01995	0.01995	0.01413	0.00997	0.00831	0.00249	0.00914	0.00748	0.00831	0.01413
44	0.01184	0.00873	0.00981	0.00937	0.01210	0.00754	0.00709	0.01456	0.02060	0.05883	0.25685	0.07175	0.44275	0.01923	0.00974	0.00273	0.00427	0.01628	0.00829	0.00764
45	0.01012	0.00723	0.00964	0.01157	0.01205	0.00675	0.00771	0.01157	0.01591	0.02121	0.04579	0.70262	0.05495	0.02603	0.01060	0.00337	0.00482	0.02362	0.00771	0.00675
46	0.01012	0.00723	0.00964	0.01157	0.01205	0.00675	0.00771	0.01157	0.01591	0.02121	0.04579	0.70262	0.05495	0.02603	0.01060	0.00337	0.00482	0.02362	0.00771	0.00675
47	0.01818	0.01818	0.02545	0.02181	0.02181	0.02545	0.01818	0.01999	0.01272	0.01999	0.01091	0.01818	0.01091	0.01454	0.02726	0.00364	0.69284	0.00727	0.00364	0.00909
48	0.02453	0.01698	0.01890	0.01641	0.02151	0.01870	0.01293	0.04329	0.49753	0.18071	0.03357	0.03036	0.02424	0.01104	0.00843	0.00276	0.00669	0.00915	0.00888	0.01338
49	0.01723	0.01477	0.01723	0.01230	0.01969	0.01107	0.00984	0.02092	0.01723	0.02707	0.01477	0.01723	0.01230	0.00615	0.00615	0.00123	0.00615	0.00492	0.00492	0.75883
50	0.01885	0.26750	0.28699	0.01774	0.02600	0.02248	0.01986	0.06952	0.01998	0.02716	0.12552	0.02405	0.02271	0.00937	0.00737	0.00232	0.00940	0.00721	0.00487	0.01108
51	0.02027	0.53773	0.03763	0.05632	0.07032	0.02803	0.01468	0.02321	0.01726	0.02055	0.02044	0.02210	0.08508	0.00881	0.00624	0.00201	0.00855	0.00635	0.00408	0.01034
52	0.01071	0.00902	0.01053	0.06082	0.01547	0.00842	0.00847	0.01328	0.01813	0.02213	0.06937	0.07093	0.49535	0.02496	0.08668	0.00408	0.00702	0.05035	0.00703	0.00727
53	0.01566	0.01243	0.01397	0.01540	0.08609	0.05030	0.00887	0.06152	0.01559	0.02038	0.02369	0.04552	0.02586	0.53276	0.03371	0.00664	0.00876	0.01079	0.00513	0.00693
54	0.02121	0.02052	0.03600	0.04551	0.49063	0.02044	0.14029	0.07134	0.02057	0.02895	0.01618	0.02087	0.01313	0.00752	0.00853	0.00253	0.01061	0.00787	0.00445	0.01286
55	0.01418	0.01230	0.01696	0.01579	0.01816	0.05152	0.05764	0.01860	0.04970	0.02109	0.02321	0.03434	0.02141	0.04973	0.50831	0.01073	0.01945	0.04388	0.00483	0.00817
56	0.03408	0.01521	0.02204	0.02170	0.14263	0.01365	0.01475	0.03762	0.02285	0.54059	0.02950	0.02680	0.01915	0.00973	0.00833	0.00255	0.00760	0.00817	0.00910	0.01395
57	0.02805	0.03413	0.02454	0.07500	0.10068	0.51055	0.01750	0.03203	0.05914	0.02204	0.01455	0.01712	0.01188	0.00857	0.00769	0.00227	0.01360	0.00598	0.00446	0.01022

[dist]
# distance from previous block
# <min> <max>
1	27

# created by:
# /home/cegg/simao/soft/augustus-3.2.1/scripts/msa2prfl.pl ./align_prep/15483.fa
