[name]
unknown

[dist]
# distance from previous block
# <min> <max>
6	61

[block]
# block no. 0 follows, 23 sequences, length 11
# corresponding to MSA columns:
# 63-73
name=unknown_A
#
# <colnr> <probs for GDERKNQSTAVLIFYWHMCP>
#	G	D	E	R	K	N	Q	S	T	A	V	L	I	F	Y	W	H	M	C	P
0	0.16913	0.02202	0.06077	0.02327	0.17132	0.13936	0.01565	0.09554	0.05071	0.03010	0.02287	0.02457	0.07988	0.00951	0.00734	0.00240	0.00889	0.00738	0.04874	0.01055
1	0.02055	0.03166	0.33128	0.02388	0.10209	0.08291	0.02275	0.12825	0.08031	0.03059	0.05411	0.02134	0.01633	0.00887	0.00793	0.00250	0.01048	0.00707	0.00511	0.01197
2	0.05848	0.02600	0.02466	0.02691	0.19789	0.27341	0.01719	0.10388	0.02326	0.14526	0.01764	0.01902	0.01321	0.00849	0.00767	0.00231	0.01084	0.00653	0.00572	0.01165
3	0.02344	0.07608	0.02057	0.01618	0.02080	0.27679	0.01267	0.10477	0.02211	0.04775	0.02470	0.06423	0.08918	0.01380	0.04923	0.00282	0.01068	0.00808	0.00552	0.11060
4	0.02186	0.07350	0.14195	0.02138	0.08935	0.20527	0.01749	0.06633	0.14437	0.02645	0.02533	0.02599	0.08632	0.01000	0.00781	0.00241	0.01012	0.00774	0.00539	0.01095
5	0.02152	0.02103	0.03449	0.08254	0.34705	0.05208	0.17772	0.11036	0.02145	0.02910	0.01596	0.02030	0.01260	0.00759	0.00841	0.00250	0.01088	0.00774	0.00459	0.01208
6	0.18243	0.02590	0.02094	0.04528	0.09671	0.30237	0.01485	0.03125	0.08859	0.09312	0.01692	0.01826	0.01295	0.00851	0.00714	0.00235	0.01049	0.00609	0.00537	0.01049
7	0.01523	0.09804	0.13764	0.01491	0.01935	0.03979	0.01414	0.04534	0.01621	0.02241	0.02278	0.02858	0.05624	0.03526	0.34569	0.00767	0.01550	0.00796	0.04842	0.00884
8	0.01545	0.00928	0.01147	0.01035	0.01333	0.00818	0.00796	0.01858	0.02158	0.14599	0.35987	0.06016	0.25326	0.01666	0.00932	0.00260	0.00448	0.01426	0.00869	0.00853
9	0.02327	0.59484	0.03894	0.01517	0.02161	0.15131	0.01421	0.02578	0.01768	0.01923	0.01151	0.01331	0.01042	0.00720	0.00559	0.00180	0.00977	0.00450	0.00360	0.01023
10	0.01672	0.01947	0.13710	0.01406	0.02214	0.01229	0.01335	0.02140	0.01688	0.02630	0.01445	0.01688	0.01170	0.00632	0.00632	0.00145	0.00711	0.00503	0.00455	0.62647

[dist]
# distance from previous block
# <min> <max>
0	1

[block]
# block no. 1 follows, 23 sequences, length 38
# corresponding to MSA columns:
# 75-112
name=unknown_B
#
# <colnr> <probs for GDERKNQSTAVLIFYWHMCP>
#	G	D	E	R	K	N	Q	S	T	A	V	L	I	F	Y	W	H	M	C	P
0	0.01628	0.01353	0.01952	0.02489	0.19715	0.01402	0.01632	0.02371	0.13031	0.02661	0.03352	0.06087	0.03343	0.01618	0.00980	0.00319	0.00789	0.33622	0.00665	0.00992
1	0.01492	0.01402	0.01481	0.01444	0.01637	0.12948	0.01113	0.01767	0.01481	0.01902	0.02010	0.02882	0.01854	0.05154	0.56277	0.01110	0.02047	0.00808	0.00432	0.00763
2	0.02782	0.03926	0.13837	0.02130	0.02687	0.56447	0.01822	0.03121	0.02195	0.02090	0.01290	0.01508	0.01042	0.00825	0.00739	0.00218	0.01416	0.00536	0.00405	0.00987
3	0.02298	0.01831	0.03043	0.04353	0.54996	0.01797	0.02260	0.02750	0.01932	0.14073	0.01824	0.02142	0.01414	0.00773	0.00806	0.00243	0.00915	0.00739	0.00509	0.01302
4	0.01509	0.01334	0.01136	0.01099	0.01173	0.12761	0.00683	0.01546	0.01379	0.01647	0.02325	0.04627	0.02612	0.58940	0.03527	0.00684	0.00907	0.01063	0.00479	0.00571
5	0.01936	0.02343	0.14722	0.04436	0.52440	0.01926	0.05338	0.02509	0.01827	0.02634	0.01519	0.01964	0.01237	0.00730	0.00805	0.00245	0.01024	0.00712	0.00392	0.01261
6	0.02792	0.06812	0.02834	0.02293	0.02796	0.53381	0.12551	0.03088	0.02200	0.02091	0.01317	0.01584	0.01078	0.00802	0.00762	0.00219	0.01418	0.00596	0.00413	0.00973
7	0.02322	0.59879	0.03905	0.01513	0.02158	0.14754	0.01420	0.02574	0.01764	0.01923	0.01150	0.01330	0.01042	0.00719	0.00558	0.00180	0.00973	0.00450	0.00360	0.01023
8	0.63794	0.02036	0.12926	0.01288	0.01914	0.01832	0.01255	0.02418	0.01440	0.03450	0.01188	0.01388	0.00905	0.00756	0.00550	0.00252	0.00729	0.00468	0.00474	0.00936
9	0.02656	0.01990	0.02120	0.01671	0.02245	0.02167	0.01366	0.49782	0.06377	0.04513	0.03126	0.03040	0.12922	0.01172	0.00839	0.00250	0.00795	0.00914	0.00802	0.01252
10	0.01329	0.00956	0.01054	0.01021	0.01103	0.01005	0.00632	0.01736	0.12504	0.01897	0.02689	0.04905	0.02866	0.58987	0.03543	0.00696	0.00761	0.01133	0.00551	0.00632
11	0.01198	0.13359	0.01529	0.01176	0.01338	0.01112	0.00866	0.01361	0.01570	0.02043	0.03879	0.58587	0.04599	0.02214	0.00944	0.00302	0.00541	0.01974	0.00681	0.00727
12	0.02154	0.08144	0.27950	0.02467	0.03385	0.01913	0.23865	0.02833	0.01896	0.14799	0.01829	0.02049	0.01287	0.00779	0.00826	0.00255	0.01136	0.00754	0.00493	0.01185
13	0.01791	0.02077	0.07631	0.03017	0.03746	0.01844	0.49088	0.02435	0.01896	0.02567	0.02103	0.03399	0.01830	0.00965	0.00976	0.00290	0.01248	0.11591	0.00466	0.01039
14	0.01148	0.00829	0.01085	0.01021	0.01212	0.00766	0.00766	0.01531	0.02297	0.03254	0.65994	0.06061	0.07656	0.01659	0.00957	0.00255	0.00383	0.01467	0.00893	0.00766
15	0.00989	0.00706	0.00942	0.01130	0.01177	0.00659	0.00753	0.01130	0.01554	0.02071	0.04472	0.70954	0.05367	0.02542	0.01036	0.00330	0.00471	0.02307	0.00753	0.00659
16	0.03641	0.01381	0.01883	0.01444	0.02071	0.01193	0.01193	0.03954	0.02322	0.66984	0.03201	0.02762	0.02009	0.01004	0.00816	0.00251	0.00690	0.00816	0.01004	0.01381
17	0.01078	0.00770	0.01045	0.01232	0.01319	0.00736	0.00909	0.01285	0.01642	0.02172	0.04423	0.53551	0.05170	0.02457	0.01060	0.00342	0.00549	0.18823	0.00752	0.00684
18	0.01915	0.02189	0.04788	0.03420	0.04241	0.02052	0.63475	0.02599	0.01915	0.02599	0.01642	0.02189	0.01231	0.00684	0.00958	0.00274	0.01368	0.00958	0.00410	0.01094
19	0.02008	0.01928	0.03294	0.04981	0.66422	0.01928	0.02490	0.02490	0.01848	0.02651	0.01526	0.02008	0.01285	0.00723	0.00803	0.00241	0.00964	0.00723	0.00402	0.01285
20	0.01963	0.02199	0.10939	0.04662	0.58905	0.01923	0.02551	0.02500	0.01832	0.02641	0.01518	0.01973	0.01255	0.00729	0.00799	0.00243	0.00992	0.00708	0.00395	0.01275
21	0.02341	0.02559	0.02970	0.04040	0.45629	0.23496	0.02190	0.02734	0.01995	0.02435	0.01438	0.01831	0.01207	0.00760	0.00780	0.00231	0.01126	0.00658	0.00407	0.01173
22	0.02008	0.01928	0.03294	0.04981	0.66422	0.01928	0.02490	0.02490	0.01848	0.02651	0.01526	0.02008	0.01285	0.00723	0.00803	0.00241	0.00964	0.00723	0.00402	0.01285
23	0.01524	0.01249	0.01395	0.01284	0.01610	0.01332	0.00984	0.02762	0.31100	0.03175	0.29304	0.04900	0.13171	0.01455	0.00897	0.00267	0.00506	0.01247	0.00843	0.00994
24	0.01532	0.01442	0.02434	0.69533	0.05589	0.01803	0.02253	0.02073	0.01622	0.02073	0.01442	0.02163	0.01082	0.00811	0.00811	0.00270	0.01082	0.00721	0.00361	0.00901
25	0.02008	0.01928	0.03294	0.04981	0.66422	0.01928	0.02490	0.02490	0.01848	0.02651	0.01526	0.02008	0.01285	0.00723	0.00803	0.00241	0.00964	0.00723	0.00402	0.01285
26	0.01269	0.00967	0.01073	0.01039	0.01262	0.00921	0.00750	0.08667	0.01963	0.02519	0.11040	0.19776	0.30961	0.12379	0.01432	0.00357	0.00535	0.01618	0.00734	0.00741
27	0.02065	0.02035	0.03239	0.04820	0.62882	0.05599	0.02439	0.02532	0.01873	0.02614	0.01511	0.01978	0.01272	0.00729	0.00799	0.00239	0.00992	0.00712	0.00403	0.01266
28	0.01605	0.03844	0.59393	0.02179	0.03278	0.01813	0.02749	0.02572	0.05134	0.02589	0.01999	0.02184	0.05370	0.00873	0.00786	0.00259	0.01117	0.00690	0.00396	0.01170
29	0.02413	0.16042	0.02366	0.01464	0.02051	0.01924	0.01233	0.19967	0.04572	0.13300	0.07003	0.06770	0.02157	0.01015	0.00742	0.00216	0.00729	0.00805	0.00691	0.14541
30	0.06671	0.09205	0.55874	0.02153	0.03240	0.04276	0.02686	0.02570	0.01707	0.02569	0.01403	0.01647	0.01020	0.00766	0.00733	0.00249	0.01145	0.00574	0.00356	0.01157
31	0.25050	0.01892	0.05380	0.04070	0.06345	0.05425	0.01360	0.03256	0.27117	0.06276	0.04467	0.02346	0.01866	0.00943	0.00721	0.00259	0.00742	0.00728	0.00645	0.01110
32	0.15807	0.02170	0.01919	0.04717	0.02299	0.15541	0.01338	0.10719	0.25857	0.08166	0.02243	0.02215	0.01670	0.00949	0.00746	0.00252	0.00861	0.00713	0.00676	0.01143
33	0.02281	0.49913	0.11383	0.01643	0.02341	0.16380	0.01618	0.02613	0.01790	0.02004	0.01193	0.01384	0.01041	0.00732	0.00594	0.00191	0.01029	0.00472	0.00361	0.01040
34	0.13960	0.02039	0.03997	0.01529	0.02001	0.13465	0.01237	0.17734	0.02212	0.03132	0.03974	0.02310	0.01648	0.07044	0.10950	0.00423	0.01091	0.00695	0.00561	0.10000
35	0.02008	0.01928	0.03294	0.04981	0.66422	0.01928	0.02490	0.02490	0.01848	0.02651	0.01526	0.02008	0.01285	0.00723	0.00803	0.00241	0.00964	0.00723	0.00402	0.01285
36	0.01667	0.01568	0.02489	0.03628	0.45169	0.01524	0.01881	0.02059	0.01848	0.02502	0.03704	0.03895	0.22369	0.01156	0.00854	0.00252	0.00784	0.01045	0.00516	0.01090
37	0.02008	0.01928	0.03294	0.04981	0.66422	0.01928	0.02490	0.02490	0.01848	0.02651	0.01526	0.02008	0.01285	0.00723	0.00803	0.00241	0.00964	0.00723	0.00402	0.01285

[dist]
# distance from previous block
# <min> <max>
15	33

[block]
# block no. 2 follows, 23 sequences, length 39
# corresponding to MSA columns:
# 146-184
name=unknown_C
#
# <colnr> <probs for GDERKNQSTAVLIFYWHMCP>
#	G	D	E	R	K	N	Q	S	T	A	V	L	I	F	Y	W	H	M	C	P
0	0.20915	0.04987	0.12972	0.01686	0.04661	0.01533	0.06878	0.04445	0.01704	0.02756	0.02845	0.20267	0.08544	0.01348	0.00798	0.00273	0.00764	0.01146	0.00558	0.00920
1	0.12392	0.33244	0.05982	0.01638	0.02244	0.22079	0.01461	0.08170	0.02003	0.02478	0.01254	0.01428	0.01051	0.00772	0.00618	0.00204	0.01029	0.00495	0.00430	0.01028
2	0.01728	0.02176	0.20419	0.01556	0.02208	0.01490	0.01567	0.15596	0.02311	0.03185	0.14643	0.03840	0.16122	0.01232	0.00837	0.00244	0.00758	0.01010	0.00647	0.08434
3	0.01627	0.04197	0.67279	0.02313	0.03512	0.01884	0.02998	0.02570	0.01713	0.02570	0.01456	0.01713	0.01028	0.00771	0.00771	0.00257	0.01199	0.00600	0.00343	0.01199
4	0.02169	0.71972	0.04252	0.01388	0.02083	0.03211	0.01388	0.02430	0.01649	0.01909	0.01128	0.01302	0.01041	0.00694	0.00521	0.00174	0.00868	0.00434	0.00347	0.01041
5	0.01627	0.04197	0.67279	0.02313	0.03512	0.01884	0.02998	0.02570	0.01713	0.02570	0.01456	0.01713	0.01028	0.00771	0.00771	0.00257	0.01199	0.00600	0.00343	0.01199
6	0.01532	0.01442	0.02434	0.69533	0.05589	0.01803	0.02253	0.02073	0.01622	0.02073	0.01442	0.02163	0.01082	0.00811	0.00811	0.00270	0.01082	0.00721	0.00361	0.00901
7	0.01627	0.04197	0.67279	0.02313	0.03512	0.01884	0.02998	0.02570	0.01713	0.02570	0.01456	0.01713	0.01028	0.00771	0.00771	0.00257	0.01199	0.00600	0.00343	0.01199
8	0.01249	0.01663	0.15784	0.01424	0.04610	0.01086	0.01295	0.01768	0.04771	0.02615	0.20597	0.05548	0.31355	0.01569	0.00904	0.00264	0.00614	0.01325	0.00685	0.00873
9	0.02329	0.02561	0.23322	0.02635	0.08533	0.01742	0.21659	0.02971	0.01964	0.21105	0.02023	0.02190	0.01396	0.00806	0.00846	0.00259	0.01087	0.00786	0.00559	0.01225
10	0.00959	0.00822	0.00822	0.00822	0.01096	0.00685	0.00617	0.01165	0.01850	0.02192	0.08220	0.07809	0.66092	0.02055	0.00959	0.00274	0.00411	0.01713	0.00754	0.00685
11	0.01971	0.02151	0.09571	0.04719	0.60250	0.01924	0.02540	0.02498	0.01834	0.02643	0.01519	0.01979	0.01260	0.00728	0.00800	0.00243	0.00987	0.00711	0.00396	0.01277
12	0.02884	0.03589	0.02442	0.02506	0.11691	0.58700	0.01700	0.03132	0.02235	0.02081	0.01293	0.01542	0.01080	0.00820	0.00742	0.00214	0.01392	0.00551	0.00416	0.00990
13	0.01627	0.04197	0.67279	0.02313	0.03512	0.01884	0.02998	0.02570	0.01713	0.02570	0.01456	0.01713	0.01028	0.00771	0.00771	0.00257	0.01199	0.00600	0.00343	0.01199
14	0.01159	0.00869	0.01304	0.01304	0.01449	0.01014	0.01014	0.01449	0.01304	0.01884	0.02173	0.03188	0.02029	0.06086	0.68268	0.01304	0.02173	0.00869	0.00435	0.00724
15	0.00967	0.00792	0.00853	0.00902	0.01117	0.00678	0.00652	0.01155	0.01773	0.02161	0.07245	0.24235	0.50295	0.02182	0.00979	0.00288	0.00427	0.01867	0.00753	0.00678
16	0.01655	0.07656	0.64063	0.02266	0.03439	0.01952	0.02916	0.02563	0.01710	0.02536	0.01439	0.01692	0.01029	0.00767	0.00758	0.00253	0.01182	0.00591	0.00343	0.01191
17	0.01984	0.01995	0.03677	0.04580	0.50466	0.01960	0.18139	0.02518	0.01865	0.02638	0.01556	0.02055	0.01271	0.00713	0.00843	0.00249	0.01068	0.00783	0.00404	0.01236
18	0.00959	0.00822	0.00822	0.00822	0.01096	0.00685	0.00617	0.01165	0.01850	0.02192	0.08220	0.07809	0.66092	0.02055	0.00959	0.00274	0.00411	0.01713	0.00754	0.00685
19	0.02804	0.03437	0.02520	0.02731	0.16685	0.53520	0.01772	0.03074	0.02199	0.02133	0.01315	0.01584	0.01098	0.00811	0.00748	0.00216	0.01353	0.00567	0.00414	0.01017
20	0.01984	0.01904	0.03251	0.08213	0.63375	0.01922	0.02478	0.02469	0.01836	0.02622	0.01522	0.02016	0.01275	0.00727	0.00804	0.00242	0.00970	0.00723	0.00400	0.01266
21	0.01308	0.00934	0.01308	0.01494	0.01681	0.00934	0.01308	0.01681	0.01868	0.02428	0.04296	0.09153	0.04670	0.02242	0.01121	0.00374	0.00747	0.60960	0.00747	0.00747
22	0.02008	0.01928	0.03294	0.04981	0.66422	0.01928	0.02490	0.02490	0.01848	0.02651	0.01526	0.02008	0.01285	0.00723	0.00803	0.00241	0.00964	0.00723	0.00402	0.01285
23	0.01627	0.04197	0.67279	0.02313	0.03512	0.01884	0.02998	0.02570	0.01713	0.02570	0.01456	0.01713	0.01028	0.00771	0.00771	0.00257	0.01199	0.00600	0.00343	0.01199
24	0.01729	0.03489	0.45243	0.02703	0.03769	0.01944	0.24324	0.02580	0.01784	0.02580	0.01522	0.01881	0.01100	0.00740	0.00837	0.00263	0.01259	0.00726	0.00367	0.01162
25	0.77215	0.01569	0.01193	0.01067	0.01569	0.01820	0.00879	0.02385	0.01381	0.03641	0.01130	0.01318	0.00879	0.00753	0.00502	0.00251	0.00628	0.00439	0.00502	0.00879
26	0.01105	0.00755	0.00907	0.00982	0.01000	0.00736	0.00595	0.01160	0.01327	0.01770	0.03312	0.31201	0.03903	0.44292	0.02910	0.00606	0.00662	0.01624	0.00595	0.00558
27	0.01180	0.00787	0.00885	0.00885	0.00885	0.00787	0.00492	0.01180	0.01180	0.01573	0.02557	0.05310	0.02950	0.71483	0.04130	0.00787	0.00787	0.01180	0.00492	0.00492
28	0.02018	0.01743	0.01835	0.01651	0.02110	0.02018	0.01284	0.04312	0.64956	0.03394	0.03303	0.03027	0.02477	0.01101	0.00826	0.00275	0.00642	0.00917	0.00826	0.01284
29	0.02142	0.68494	0.07486	0.01436	0.02156	0.03143	0.01471	0.02437	0.01652	0.01943	0.01145	0.01323	0.01041	0.00698	0.00533	0.00178	0.00885	0.00442	0.00347	0.01049
30	0.02008	0.01928	0.03294	0.04981	0.66422	0.01928	0.02490	0.02490	0.01848	0.02651	0.01526	0.02008	0.01285	0.00723	0.00803	0.00241	0.00964	0.00723	0.00402	0.01285
31	0.77215	0.01569	0.01193	0.01067	0.01569	0.01820	0.00879	0.02385	0.01381	0.03641	0.01130	0.01318	0.00879	0.00753	0.00502	0.00251	0.00628	0.00439	0.00502	0.00879
32	0.00966	0.00796	0.00849	0.00890	0.01114	0.00679	0.00647	0.01157	0.01784	0.02165	0.07389	0.21815	0.52623	0.02163	0.00976	0.00286	0.00424	0.01844	0.00753	0.00679
33	0.77215	0.01569	0.01193	0.01067	0.01569	0.01820	0.00879	0.02385	0.01381	0.03641	0.01130	0.01318	0.00879	0.00753	0.00502	0.00251	0.00628	0.00439	0.00502	0.00879
34	0.03641	0.01381	0.01883	0.01444	0.02071	0.01193	0.01193	0.03954	0.02322	0.66984	0.03201	0.02762	0.02009	0.01004	0.00816	0.00251	0.00690	0.00816	0.01004	0.01381
35	0.77215	0.01569	0.01193	0.01067	0.01569	0.01820	0.00879	0.02385	0.01381	0.03641	0.01130	0.01318	0.00879	0.00753	0.00502	0.00251	0.00628	0.00439	0.00502	0.00879
36	0.01124	0.00803	0.01097	0.01285	0.01391	0.00776	0.00989	0.01364	0.01687	0.02223	0.04397	0.44654	0.05070	0.02414	0.01072	0.00348	0.00588	0.27267	0.00751	0.00697
37	0.01148	0.00829	0.01085	0.01021	0.01212	0.00766	0.00766	0.01531	0.02297	0.03254	0.65994	0.06061	0.07656	0.01659	0.00957	0.00255	0.00383	0.01467	0.00893	0.00766
38	0.02008	0.01928	0.03294	0.04981	0.66422	0.01928	0.02490	0.02490	0.01848	0.02651	0.01526	0.02008	0.01285	0.00723	0.00803	0.00241	0.00964	0.00723	0.00402	0.01285

[dist]
# distance from previous block
# <min> <max>
0	0

# created by:
# /home/cegg/simao/soft/augustus-3.2.1/scripts/msa2prfl.pl ./align_prep/15499.fa
