[name]
unknown

[dist]
# distance from previous block
# <min> <max>
0	69

[block]
# block no. 0 follows, 21 sequences, length 65
# corresponding to MSA columns:
# 69-133
name=unknown_A
#
# <colnr> <probs for GDERKNQSTAVLIFYWHMCP>
#	G	D	E	R	K	N	Q	S	T	A	V	L	I	F	Y	W	H	M	C	P
0	0.29406	0.01676	0.02210	0.02896	0.27551	0.01763	0.01707	0.02501	0.01785	0.06210	0.02032	0.03164	0.01837	0.01058	0.00784	0.00281	0.00828	0.10659	0.00554	0.01099
1	0.21613	0.02432	0.15412	0.06624	0.25953	0.05266	0.02113	0.02549	0.01791	0.02945	0.01799	0.02128	0.04240	0.00856	0.00756	0.00261	0.00974	0.00693	0.00453	0.01145
2	0.26732	0.01921	0.01932	0.02042	0.11502	0.11132	0.01389	0.05881	0.01897	0.10046	0.01783	0.02124	0.01422	0.01988	0.14250	0.00482	0.01195	0.00673	0.00560	0.01051
3	0.02326	0.14298	0.02953	0.06421	0.15349	0.18210	0.01841	0.06037	0.01995	0.02413	0.01761	0.02124	0.04615	0.01029	0.01183	0.00261	0.14952	0.00708	0.00448	0.01078
4	0.05718	0.05058	0.02063	0.01914	0.08522	0.11201	0.01349	0.19304	0.02483	0.03199	0.03363	0.07369	0.14642	0.05307	0.04460	0.00347	0.00951	0.01046	0.00654	0.01049
5	0.18626	0.02772	0.02232	0.01857	0.02426	0.23318	0.01479	0.30328	0.02944	0.03969	0.01625	0.01738	0.01222	0.00926	0.00755	0.00245	0.01072	0.00631	0.00648	0.01186
6	0.02457	0.01718	0.02043	0.01958	0.09123	0.01782	0.01390	0.22081	0.11948	0.13222	0.03898	0.07115	0.14857	0.01335	0.00897	0.00273	0.00746	0.01106	0.00820	0.01232
7	0.01437	0.22961	0.02092	0.01248	0.01534	0.01549	0.00995	0.01642	0.01718	0.02190	0.06884	0.41239	0.07525	0.01974	0.00906	0.00286	0.00618	0.01715	0.00662	0.00826
8	0.02650	0.01853	0.02063	0.01725	0.02268	0.02022	0.01389	0.22840	0.28114	0.13511	0.06629	0.03266	0.02582	0.01189	0.00883	0.00278	0.00756	0.03757	0.00890	0.01335
9	0.02500	0.02098	0.03135	0.04141	0.44545	0.02160	0.02272	0.19312	0.02539	0.06323	0.01804	0.02124	0.01410	0.00845	0.00846	0.00254	0.00977	0.00765	0.00570	0.01380
10	0.02048	0.01962	0.03349	0.12567	0.57897	0.02007	0.02583	0.02561	0.01910	0.02709	0.01590	0.02125	0.01323	0.00769	0.00843	0.00256	0.01025	0.00758	0.00416	0.01301
11	0.01079	0.00836	0.00956	0.01031	0.01209	0.00750	0.00745	0.01268	0.01773	0.02213	0.06416	0.25101	0.34867	0.10258	0.01434	0.00377	0.00530	0.07706	0.00757	0.00694
12	0.01560	0.01376	0.01318	0.01306	0.01556	0.08674	0.01002	0.04642	0.04857	0.02409	0.04932	0.06710	0.23182	0.15899	0.01690	0.00415	0.00767	0.16218	0.00698	0.00789
13	0.02569	0.48954	0.03793	0.01696	0.02330	0.23964	0.01517	0.02825	0.01951	0.02028	0.01226	0.01420	0.01093	0.00777	0.00618	0.00194	0.01113	0.00485	0.00388	0.01058
14	0.01844	0.01708	0.02894	0.17276	0.36848	0.01780	0.04762	0.02347	0.01897	0.02604	0.02202	0.03732	0.02052	0.01112	0.00921	0.00290	0.01006	0.13096	0.00489	0.01138
15	0.02358	0.01623	0.01846	0.01642	0.02120	0.01766	0.01307	0.04043	0.41816	0.16349	0.06081	0.03900	0.02954	0.01279	0.00901	0.00293	0.00684	0.06850	0.00900	0.01288
16	0.01216	0.00912	0.01368	0.01368	0.01520	0.01064	0.01064	0.01520	0.01368	0.01976	0.02279	0.03343	0.02127	0.06382	0.66720	0.01368	0.02279	0.00912	0.00456	0.00760
17	0.06005	0.01537	0.07486	0.01385	0.01824	0.01294	0.01170	0.05558	0.07416	0.19034	0.18113	0.04127	0.03648	0.15794	0.01607	0.00386	0.00717	0.01070	0.00792	0.01036
18	0.01082	0.00810	0.01011	0.01128	0.01269	0.00739	0.00813	0.01300	0.01830	0.02386	0.12626	0.40940	0.20529	0.02399	0.01065	0.00326	0.00496	0.07723	0.00807	0.00720
19	0.03358	0.02186	0.02432	0.01864	0.02540	0.02346	0.01540	0.49724	0.03670	0.18053	0.02321	0.02224	0.01587	0.01028	0.00852	0.00257	0.00892	0.00785	0.00894	0.01447
20	0.01167	0.00887	0.01120	0.01136	0.01294	0.00856	0.00837	0.01439	0.01987	0.02688	0.29381	0.22464	0.17298	0.05617	0.01293	0.00332	0.03743	0.04897	0.00815	0.00749
21	0.02014	0.02020	0.03092	0.14322	0.32249	0.05698	0.04949	0.02437	0.01757	0.02444	0.01445	0.02044	0.01235	0.00976	0.01375	0.00290	0.19357	0.00754	0.00402	0.01141
22	0.01425	0.00906	0.01217	0.01325	0.01506	0.00853	0.01030	0.01695	0.01885	0.08361	0.08247	0.34934	0.08584	0.02319	0.01086	0.00346	0.00608	0.22047	0.00821	0.00803
23	0.01586	0.00793	0.00793	0.00793	0.00991	0.00793	0.00595	0.01983	0.01785	0.03173	0.02776	0.03173	0.02181	0.00991	0.00595	0.00198	0.00397	0.00793	0.74817	0.00793
24	0.02319	0.67411	0.04361	0.01491	0.02206	0.06405	0.01465	0.02589	0.01762	0.02006	0.01189	0.01373	0.01092	0.00735	0.00557	0.00184	0.00940	0.00460	0.00368	0.01087
25	0.01470	0.01235	0.01978	0.06256	0.18193	0.01361	0.01541	0.01841	0.01535	0.02196	0.02059	0.02960	0.01867	0.04600	0.45781	0.01015	0.01883	0.00863	0.00442	0.00923
26	0.01087	0.00856	0.00922	0.00911	0.01124	0.00754	0.00646	0.01289	0.01874	0.02352	0.16721	0.07345	0.42413	0.16029	0.01688	0.00394	0.00507	0.01638	0.00758	0.00691
27	0.01006	0.00862	0.00862	0.00862	0.01149	0.00718	0.00647	0.01221	0.01940	0.02299	0.08621	0.08190	0.64438	0.02155	0.01006	0.00287	0.00431	0.01796	0.00790	0.00718
28	0.01607	0.01513	0.02552	0.68047	0.05861	0.01891	0.02363	0.02174	0.01702	0.02174	0.01513	0.02269	0.01134	0.00851	0.00851	0.00284	0.01134	0.00756	0.00378	0.00945
29	0.01765	0.01513	0.01765	0.01260	0.02017	0.01134	0.01008	0.02143	0.01765	0.02773	0.01513	0.01765	0.01260	0.00630	0.00630	0.00126	0.00630	0.00504	0.00504	0.75295
30	0.01162	0.00793	0.00951	0.01025	0.01044	0.00775	0.00619	0.01218	0.01385	0.01847	0.03439	0.29698	0.04050	0.44658	0.03107	0.00644	0.00700	0.01683	0.00619	0.00582
31	0.01052	0.00751	0.01005	0.01202	0.01258	0.00704	0.00816	0.01211	0.01644	0.02189	0.04682	0.66815	0.05595	0.02652	0.01090	0.00348	0.00507	0.04992	0.00790	0.00695
32	0.01307	0.00836	0.00990	0.00990	0.01063	0.00867	0.00645	0.01453	0.01380	0.02039	0.02619	0.04605	0.02703	0.42404	0.16346	0.00804	0.01033	0.01077	0.16215	0.00624
33	0.01216	0.00912	0.01368	0.01368	0.01520	0.01064	0.01064	0.01520	0.01368	0.01976	0.02279	0.03343	0.02127	0.06382	0.66720	0.01368	0.02279	0.00912	0.00456	0.00760
34	0.36503	0.01193	0.01008	0.00946	0.01298	0.01316	0.00748	0.02226	0.01627	0.03475	0.02031	0.02334	0.01591	0.00897	0.00563	0.00229	0.00519	0.00637	0.40006	0.00853
35	0.01238	0.00825	0.00928	0.00928	0.00928	0.00825	0.00516	0.01238	0.01238	0.01650	0.02681	0.05569	0.03094	0.70092	0.04331	0.00825	0.00825	0.01238	0.00516	0.00516
36	0.02117	0.01828	0.01924	0.01732	0.02213	0.02117	0.01347	0.04522	0.63246	0.03560	0.03464	0.03175	0.02598	0.01155	0.00866	0.00289	0.00673	0.00962	0.00866	0.01347
37	0.01765	0.01513	0.01765	0.01260	0.02017	0.01134	0.01008	0.02143	0.01765	0.02773	0.01513	0.01765	0.01260	0.00630	0.00630	0.00126	0.00630	0.00504	0.00504	0.75295
38	0.01170	0.00817	0.01047	0.01181	0.01244	0.00794	0.00821	0.01321	0.01571	0.02081	0.04004	0.36601	0.04661	0.24351	0.02151	0.00510	0.00660	0.13662	0.00700	0.00654
39	0.01006	0.00862	0.00862	0.00862	0.01149	0.00718	0.00647	0.01221	0.01940	0.02299	0.08621	0.08190	0.64438	0.02155	0.01006	0.00287	0.00431	0.01796	0.00790	0.00718
40	0.01238	0.00825	0.00928	0.00928	0.00928	0.00825	0.00516	0.01238	0.01238	0.01650	0.02681	0.05569	0.03094	0.70092	0.04331	0.00825	0.00825	0.01238	0.00516	0.00516
41	0.76103	0.01646	0.01251	0.01119	0.01646	0.01909	0.00922	0.02502	0.01448	0.03818	0.01185	0.01382	0.00922	0.00790	0.00527	0.00263	0.00658	0.00461	0.00527	0.00922
42	0.01216	0.00912	0.01368	0.01368	0.01520	0.01064	0.01064	0.01520	0.01368	0.01976	0.02279	0.03343	0.02127	0.06382	0.66720	0.01368	0.02279	0.00912	0.00456	0.00760
43	0.76103	0.01646	0.01251	0.01119	0.01646	0.01909	0.00922	0.02502	0.01448	0.03818	0.01185	0.01382	0.00922	0.00790	0.00527	0.00263	0.00658	0.00461	0.00527	0.00922
44	0.01037	0.00741	0.00987	0.01185	0.01234	0.00691	0.00790	0.01185	0.01629	0.02172	0.04690	0.69537	0.05629	0.02666	0.01086	0.00346	0.00494	0.02419	0.00790	0.00691
45	0.01282	0.01004	0.01470	0.01433	0.01561	0.01208	0.01116	0.01559	0.01354	0.01966	0.02183	0.03309	0.02075	0.09192	0.57006	0.01239	0.08917	0.00912	0.00451	0.00764
46	0.01352	0.01113	0.01630	0.01551	0.01671	0.01390	0.01233	0.01631	0.01354	0.01991	0.02034	0.03030	0.01914	0.05348	0.53202	0.01157	0.16290	0.00876	0.00438	0.00796
47	0.03182	0.03969	0.02419	0.02180	0.02631	0.63345	0.01643	0.06443	0.02494	0.02253	0.01353	0.01561	0.01114	0.00884	0.00772	0.00221	0.01504	0.00559	0.00460	0.01011
48	0.02885	0.25707	0.03078	0.01953	0.02486	0.46079	0.01583	0.03122	0.02190	0.02057	0.01272	0.01480	0.01095	0.00829	0.00695	0.00207	0.01331	0.00518	0.00414	0.01021
49	0.01707	0.04402	0.65683	0.02426	0.03683	0.01976	0.03144	0.02695	0.01797	0.02695	0.01527	0.01797	0.01078	0.00809	0.00809	0.00270	0.01258	0.00629	0.00359	0.01258
50	0.01238	0.00825	0.00928	0.00928	0.00928	0.00825	0.00516	0.01238	0.01238	0.01650	0.02681	0.05569	0.03094	0.70092	0.04331	0.00825	0.00825	0.01238	0.00516	0.00516
51	0.02117	0.01828	0.01924	0.01732	0.02213	0.02117	0.01347	0.04522	0.63246	0.03560	0.03464	0.03175	0.02598	0.01155	0.00866	0.00289	0.00673	0.00962	0.00866	0.01347
52	0.01514	0.00981	0.01242	0.01282	0.01498	0.00928	0.00932	0.01920	0.07459	0.09745	0.04474	0.45590	0.07882	0.02196	0.01018	0.00320	0.00557	0.05279	0.00814	0.04370
53	0.03179	0.04056	0.02412	0.02192	0.02631	0.66676	0.01644	0.03398	0.02412	0.02083	0.01315	0.01535	0.01096	0.00877	0.00767	0.00219	0.01535	0.00548	0.00438	0.00987
54	0.01765	0.01513	0.01765	0.01260	0.02017	0.01134	0.01008	0.02143	0.01765	0.02773	0.01513	0.01765	0.01260	0.00630	0.00630	0.00126	0.00630	0.00504	0.00504	0.75295
55	0.01212	0.00817	0.00921	0.00944	0.00987	0.00798	0.00563	0.01271	0.01377	0.01853	0.03468	0.12887	0.09064	0.52373	0.03451	0.00687	0.00727	0.01399	0.04632	0.00570
56	0.02106	0.02022	0.03454	0.05223	0.64784	0.02022	0.02612	0.02612	0.01938	0.02780	0.01601	0.02106	0.01348	0.00758	0.00842	0.00253	0.01011	0.00758	0.00421	0.01348
57	0.01060	0.00750	0.00981	0.01155	0.01199	0.00707	0.00758	0.01191	0.01584	0.02111	0.04456	0.62060	0.05332	0.10547	0.01466	0.00402	0.00532	0.02281	0.00758	0.00671
58	0.01006	0.00862	0.00862	0.00862	0.01149	0.00718	0.00647	0.01221	0.01940	0.02299	0.08621	0.08190	0.64438	0.02155	0.01006	0.00287	0.00431	0.01796	0.00790	0.00718
59	0.01765	0.01513	0.01765	0.01260	0.02017	0.01134	0.01008	0.02143	0.01765	0.02773	0.01513	0.01765	0.01260	0.00630	0.00630	0.00126	0.00630	0.00504	0.00504	0.75295
60	0.02106	0.02022	0.03454	0.05223	0.64784	0.02022	0.02612	0.02612	0.01938	0.02780	0.01601	0.02106	0.01348	0.00758	0.00842	0.00253	0.01011	0.00758	0.00421	0.01348
61	0.01028	0.00863	0.00893	0.00886	0.01163	0.00728	0.00664	0.01265	0.01993	0.02424	0.14895	0.07984	0.58086	0.02108	0.01006	0.00285	0.00428	0.01767	0.00807	0.00728
62	0.01059	0.00750	0.00981	0.01156	0.01200	0.00706	0.00759	0.01191	0.01585	0.02114	0.04464	0.62333	0.05343	0.10259	0.01452	0.00400	0.00531	0.02286	0.00759	0.00671
63	0.01024	0.00863	0.00888	0.00882	0.01161	0.00726	0.00661	0.01257	0.01984	0.02403	0.13829	0.08019	0.59166	0.02116	0.01006	0.00286	0.00428	0.01772	0.00804	0.00726
64	0.76103	0.01646	0.01251	0.01119	0.01646	0.01909	0.00922	0.02502	0.01448	0.03818	0.01185	0.01382	0.00922	0.00790	0.00527	0.00263	0.00658	0.00461	0.00527	0.00922

[dist]
# distance from previous block
# <min> <max>
0	0

# created by:
# /home/cegg/simao/soft/augustus-3.2.1/scripts/msa2prfl.pl ./align_prep/15512.fa
