[name]
unknown

[dist]
# distance from previous block
# <min> <max>
0	1

[block]
# block no. 0 follows, 21 sequences, length 55
# corresponding to MSA columns:
# 1-55
name=unknown_A
#
# <colnr> <probs for GDERKNQSTAVLIFYWHMCP>
#	G	D	E	R	K	N	Q	S	T	A	V	L	I	F	Y	W	H	M	C	P
0	0.01692	0.01221	0.01575	0.01634	0.01914	0.01265	0.01414	0.12119	0.02310	0.03031	0.04082	0.08299	0.04304	0.02122	0.01120	0.00368	0.00810	0.49026	0.00795	0.00898
1	0.03143	0.02329	0.02505	0.01915	0.02600	0.02545	0.01580	0.58216	0.03862	0.05202	0.02010	0.02026	0.01436	0.00997	0.00838	0.00247	0.00917	0.00750	0.00830	0.06054
2	0.02980	0.01756	0.02046	0.01662	0.02261	0.01813	0.01340	0.14146	0.25772	0.28786	0.03090	0.02805	0.02142	0.01067	0.00849	0.00265	0.00737	0.00865	0.00923	0.04693
3	0.01142	0.00831	0.00911	0.00927	0.01030	0.00777	0.00584	0.01228	0.01510	0.01916	0.04878	0.11869	0.24241	0.41212	0.02922	0.00601	0.00663	0.01528	0.00633	0.00600
4	0.08587	0.01989	0.03261	0.04864	0.59254	0.02012	0.02464	0.02602	0.01895	0.02871	0.01564	0.02043	0.01311	0.00761	0.00815	0.00254	0.00980	0.00732	0.00430	0.01311
5	0.02194	0.02301	0.03011	0.20852	0.37011	0.15033	0.02352	0.02657	0.01972	0.02483	0.01520	0.02033	0.01242	0.00806	0.00829	0.00254	0.01149	0.00715	0.00414	0.01171
6	0.03368	0.01349	0.01831	0.01438	0.02017	0.01174	0.01174	0.03710	0.02431	0.54711	0.13850	0.03492	0.03126	0.01171	0.00881	0.00264	0.00669	0.00973	0.01033	0.01337
7	0.01317	0.00913	0.01067	0.01002	0.01283	0.00797	0.00761	0.01619	0.02174	0.07901	0.31237	0.07000	0.36025	0.01894	0.00993	0.00277	0.00443	0.01613	0.00872	0.00813
8	0.02023	0.01746	0.01835	0.01658	0.02123	0.01999	0.01288	0.04243	0.58066	0.03453	0.03899	0.03599	0.07823	0.01239	0.00878	0.00289	0.00653	0.01033	0.00860	0.01294
9	0.01216	0.00912	0.01368	0.01368	0.01520	0.01064	0.01064	0.01520	0.01368	0.01976	0.02279	0.03343	0.02127	0.06382	0.66720	0.01368	0.02279	0.00912	0.00456	0.00760
10	0.01216	0.00912	0.01368	0.01368	0.01520	0.01064	0.01064	0.01520	0.01368	0.01976	0.02279	0.03343	0.02127	0.06382	0.66720	0.01368	0.02279	0.00912	0.00456	0.00760
11	0.01238	0.00825	0.00928	0.00928	0.00928	0.00825	0.00516	0.01238	0.01238	0.01650	0.02681	0.05569	0.03094	0.70092	0.04331	0.00825	0.00825	0.01238	0.00516	0.00516
12	0.03143	0.01299	0.01758	0.01399	0.01939	0.01135	0.01135	0.03490	0.02429	0.49356	0.19120	0.03791	0.03638	0.01231	0.00894	0.00264	0.00641	0.01032	0.01023	0.01281
13	0.01006	0.00862	0.00862	0.00862	0.01149	0.00718	0.00647	0.01221	0.01940	0.02299	0.08621	0.08190	0.64438	0.02155	0.01006	0.00287	0.00431	0.01796	0.00790	0.00718
14	0.01204	0.00870	0.01138	0.01071	0.01271	0.00803	0.00803	0.01606	0.02409	0.03413	0.64335	0.06357	0.08030	0.01740	0.01004	0.00268	0.00401	0.01539	0.00937	0.00803
15	0.03235	0.02384	0.02554	0.01958	0.02639	0.02639	0.01618	0.61946	0.04001	0.05363	0.02043	0.02043	0.01447	0.01022	0.00851	0.00255	0.00936	0.00766	0.00851	0.01447
16	0.01071	0.00755	0.00977	0.01141	0.01182	0.00714	0.00743	0.01194	0.01562	0.02083	0.04345	0.58530	0.05192	0.14269	0.01645	0.00428	0.00551	0.02216	0.00743	0.00661
17	0.01238	0.00825	0.00928	0.00928	0.00928	0.00825	0.00516	0.01238	0.01238	0.01650	0.02681	0.05569	0.03094	0.70092	0.04331	0.00825	0.00825	0.01238	0.00516	0.00516
18	0.02855	0.02158	0.02350	0.01778	0.02478	0.02250	0.01460	0.46486	0.03423	0.04694	0.01906	0.01971	0.01399	0.00920	0.00794	0.00222	0.00857	0.00698	0.00762	0.20537
19	0.03818	0.01448	0.01975	0.01514	0.02172	0.01251	0.01251	0.04147	0.02436	0.65373	0.03357	0.02897	0.02107	0.01053	0.00856	0.00263	0.00724	0.00856	0.01053	0.01448
20	0.01440	0.01118	0.01341	0.01242	0.01515	0.01143	0.00944	0.02360	0.18136	0.03451	0.48599	0.05534	0.06626	0.01588	0.00968	0.00273	0.00472	0.01390	0.00918	0.00944
21	0.01238	0.00825	0.00928	0.00928	0.00928	0.00825	0.00516	0.01238	0.01238	0.01650	0.02681	0.05569	0.03094	0.70092	0.04331	0.00825	0.00825	0.01238	0.00516	0.00516
22	0.01037	0.00741	0.00987	0.01185	0.01234	0.00691	0.00790	0.01185	0.01629	0.02172	0.04690	0.69537	0.05629	0.02666	0.01086	0.00346	0.00494	0.02419	0.00790	0.00691
23	0.22387	0.01688	0.01905	0.01502	0.02130	0.01701	0.01240	0.15384	0.02496	0.37353	0.02531	0.02333	0.01667	0.00979	0.00770	0.00262	0.00750	0.00736	0.00876	0.01312
24	0.01015	0.00827	0.00898	0.00954	0.01174	0.00711	0.00688	0.01211	0.01851	0.02263	0.07496	0.25743	0.47611	0.02301	0.01029	0.00304	0.00449	0.01974	0.00790	0.00711
25	0.01068	0.00865	0.00948	0.00927	0.01187	0.00745	0.00695	0.01341	0.02086	0.02646	0.25979	0.07619	0.46864	0.02026	0.01005	0.00281	0.00422	0.01716	0.00836	0.00745
26	0.76103	0.01646	0.01251	0.01119	0.01646	0.01909	0.00922	0.02502	0.01448	0.03818	0.01185	0.01382	0.00922	0.00790	0.00527	0.00263	0.00658	0.00461	0.00527	0.00922
27	0.01037	0.00741	0.00987	0.01185	0.01234	0.00691	0.00790	0.01185	0.01629	0.02172	0.04690	0.69537	0.05629	0.02666	0.01086	0.00346	0.00494	0.02419	0.00790	0.00691
28	0.01276	0.00911	0.01261	0.01458	0.01612	0.00897	0.01205	0.01598	0.01865	0.02440	0.04559	0.26749	0.05107	0.02441	0.01150	0.00379	0.00701	0.42850	0.00785	0.00757
29	0.01037	0.00741	0.00987	0.01185	0.01234	0.00691	0.00790	0.01185	0.01629	0.02172	0.04690	0.69537	0.05629	0.02666	0.01086	0.00346	0.00494	0.02419	0.00790	0.00691
30	0.01037	0.00741	0.00987	0.01185	0.01234	0.00691	0.00790	0.01185	0.01629	0.02172	0.04690	0.69537	0.05629	0.02666	0.01086	0.00346	0.00494	0.02419	0.00790	0.00691
31	0.01283	0.01015	0.01572	0.12842	0.02267	0.01206	0.01287	0.01632	0.01425	0.02010	0.02147	0.03158	0.01957	0.05431	0.55385	0.01181	0.02082	0.00885	0.00443	0.00792
32	0.02275	0.70604	0.04459	0.01456	0.02184	0.03367	0.01456	0.02548	0.01729	0.02002	0.01183	0.01365	0.01092	0.00728	0.00546	0.00182	0.00910	0.00455	0.00364	0.01092
33	0.03235	0.02384	0.02554	0.01958	0.02639	0.02639	0.01618	0.61946	0.04001	0.05363	0.02043	0.02043	0.01447	0.01022	0.00851	0.00255	0.00936	0.00766	0.00851	0.01447
34	0.02234	0.55061	0.14867	0.01669	0.02470	0.07077	0.01758	0.02627	0.01783	0.02126	0.01251	0.01450	0.01090	0.00751	0.00605	0.00199	0.01009	0.00491	0.00368	0.01114
35	0.03235	0.02384	0.02554	0.01958	0.02639	0.02639	0.01618	0.61946	0.04001	0.05363	0.02043	0.02043	0.01447	0.01022	0.00851	0.00255	0.00936	0.00766	0.00851	0.01447
36	0.01031	0.00762	0.00966	0.01129	0.01220	0.00696	0.00765	0.01191	0.01683	0.02194	0.05367	0.58981	0.15748	0.02578	0.01072	0.00336	0.00483	0.02312	0.00790	0.00696
37	0.01707	0.04402	0.65683	0.02426	0.03683	0.01976	0.03144	0.02695	0.01797	0.02695	0.01527	0.01797	0.01078	0.00809	0.00809	0.00270	0.01258	0.00629	0.00359	0.01258
38	0.01037	0.00741	0.00987	0.01185	0.01234	0.00691	0.00790	0.01185	0.01629	0.02172	0.04690	0.69537	0.05629	0.02666	0.01086	0.00346	0.00494	0.02419	0.00790	0.00691
39	0.01862	0.01862	0.02607	0.02234	0.02234	0.02607	0.01862	0.02048	0.01303	0.02048	0.01117	0.01862	0.01117	0.01489	0.02793	0.00372	0.68535	0.00745	0.00372	0.00931
40	0.76103	0.01646	0.01251	0.01119	0.01646	0.01909	0.00922	0.02502	0.01448	0.03818	0.01185	0.01382	0.00922	0.00790	0.00527	0.00263	0.00658	0.00461	0.00527	0.00922
41	0.02472	0.16566	0.03055	0.02576	0.13133	0.26215	0.01829	0.02742	0.01906	0.02178	0.01287	0.01683	0.01144	0.00985	0.01259	0.00257	0.18639	0.00616	0.00403	0.01056
42	0.02010	0.01920	0.03227	0.04842	0.59211	0.01908	0.02440	0.02490	0.01938	0.02738	0.02216	0.02639	0.06873	0.00881	0.00857	0.00256	0.00960	0.00849	0.00454	0.01293
43	0.03379	0.02153	0.02411	0.01849	0.02524	0.02297	0.01527	0.47708	0.03616	0.20146	0.02367	0.02253	0.01610	0.01029	0.00852	0.00257	0.00884	0.00788	0.00901	0.01447
44	0.01707	0.04402	0.65683	0.02426	0.03683	0.01976	0.03144	0.02695	0.01797	0.02695	0.01527	0.01797	0.01078	0.00809	0.00809	0.00270	0.01258	0.00629	0.00359	0.01258
45	0.02106	0.02022	0.03454	0.05223	0.64784	0.02022	0.02612	0.02612	0.01938	0.02780	0.01601	0.02106	0.01348	0.00758	0.00842	0.00253	0.01011	0.00758	0.00421	0.01348
46	0.01353	0.00903	0.01185	0.01096	0.01322	0.00828	0.00828	0.01750	0.02410	0.06923	0.60880	0.06161	0.07694	0.01701	0.00995	0.00267	0.00420	0.01500	0.00943	0.00840
47	0.01849	0.01713	0.02833	0.04185	0.48384	0.01698	0.02169	0.02281	0.01896	0.02654	0.02611	0.12323	0.05741	0.01203	0.00907	0.00276	0.00892	0.04685	0.00516	0.01186
48	0.01765	0.01513	0.01765	0.01260	0.02017	0.01134	0.01008	0.02143	0.01765	0.02773	0.01513	0.01765	0.01260	0.00630	0.00630	0.00126	0.00630	0.00504	0.00504	0.75295
49	0.03235	0.02384	0.02554	0.01958	0.02639	0.02639	0.01618	0.61946	0.04001	0.05363	0.02043	0.02043	0.01447	0.01022	0.00851	0.00255	0.00936	0.00766	0.00851	0.01447
50	0.01238	0.00825	0.00928	0.00928	0.00928	0.00825	0.00516	0.01238	0.01238	0.01650	0.02681	0.05569	0.03094	0.70092	0.04331	0.00825	0.00825	0.01238	0.00516	0.00516
51	0.01006	0.00862	0.00862	0.00862	0.01149	0.00718	0.00647	0.01221	0.01940	0.02299	0.08621	0.08190	0.64438	0.02155	0.01006	0.00287	0.00431	0.01796	0.00790	0.00718
52	0.14409	0.00940	0.00872	0.00849	0.01104	0.00985	0.00651	0.02072	0.01727	0.03284	0.02502	0.02865	0.01964	0.00957	0.00583	0.00209	0.00442	0.00736	0.62033	0.00815
53	0.03818	0.01448	0.01975	0.01514	0.02172	0.01251	0.01251	0.04147	0.02436	0.65373	0.03357	0.02897	0.02107	0.01053	0.00856	0.00263	0.00724	0.00856	0.01053	0.01448
54	0.76103	0.01646	0.01251	0.01119	0.01646	0.01909	0.00922	0.02502	0.01448	0.03818	0.01185	0.01382	0.00922	0.00790	0.00527	0.00263	0.00658	0.00461	0.00527	0.00922

[dist]
# distance from previous block
# <min> <max>
0	5

[block]
# block no. 1 follows, 21 sequences, length 19
# corresponding to MSA columns:
# 61-79
name=unknown_B
#
# <colnr> <probs for GDERKNQSTAVLIFYWHMCP>
#	G	D	E	R	K	N	Q	S	T	A	V	L	I	F	Y	W	H	M	C	P
0	0.01053	0.00864	0.00928	0.00912	0.01179	0.00739	0.00684	0.01313	0.02052	0.02566	0.21967	0.07751	0.50926	0.02056	0.01005	0.00283	0.00424	0.01734	0.00825	0.00739
1	0.01216	0.00912	0.01368	0.01368	0.01520	0.01064	0.01064	0.01520	0.01368	0.01976	0.02279	0.03343	0.02127	0.06382	0.66720	0.01368	0.02279	0.00912	0.00456	0.00760
2	0.01238	0.00825	0.00928	0.00928	0.00928	0.00825	0.00516	0.01238	0.01238	0.01650	0.02681	0.05569	0.03094	0.70092	0.04331	0.00825	0.00825	0.01238	0.00516	0.00516
3	0.20343	0.01018	0.00946	0.00913	0.01140	0.01084	0.00656	0.01908	0.01548	0.02915	0.02347	0.03382	0.02115	0.20048	0.01611	0.00388	0.00581	0.00832	0.35475	0.00749
4	0.01006	0.00862	0.00862	0.00862	0.01149	0.00718	0.00647	0.01221	0.01940	0.02299	0.08621	0.08190	0.64438	0.02155	0.01006	0.00287	0.00431	0.01796	0.00790	0.00718
5	0.01106	0.00808	0.01048	0.01209	0.01291	0.00777	0.00822	0.01394	0.05101	0.02319	0.07970	0.62298	0.05595	0.02530	0.01069	0.00338	0.00499	0.02289	0.00802	0.00734
6	0.01053	0.00864	0.00928	0.00912	0.01179	0.00739	0.00684	0.01313	0.02052	0.02566	0.21967	0.07751	0.50926	0.02056	0.01005	0.00283	0.00424	0.01734	0.00825	0.00739
7	0.01267	0.00895	0.01058	0.01011	0.01270	0.00787	0.00760	0.01568	0.02162	0.06635	0.32755	0.10248	0.32606	0.01931	0.01000	0.00280	0.00439	0.01657	0.00871	0.00799
8	0.03235	0.02384	0.02554	0.01958	0.02639	0.02639	0.01618	0.61946	0.04001	0.05363	0.02043	0.02043	0.01447	0.01022	0.00851	0.00255	0.00936	0.00766	0.00851	0.01447
9	0.02767	0.02077	0.02213	0.01748	0.02347	0.02264	0.01427	0.47499	0.07374	0.04703	0.03305	0.03210	0.12745	0.01232	0.00880	0.00263	0.00830	0.00962	0.00841	0.01311
10	0.01025	0.00863	0.00889	0.00882	0.01161	0.00727	0.00662	0.01258	0.01985	0.02406	0.13969	0.08014	0.59024	0.02115	0.01006	0.00285	0.00428	0.01771	0.00804	0.00727
11	0.01959	0.01284	0.05516	0.01506	0.01881	0.01065	0.01330	0.02350	0.02091	0.18500	0.09941	0.10787	0.06909	0.01878	0.01042	0.00332	0.00728	0.29087	0.00840	0.00975
12	0.01024	0.00792	0.00935	0.01049	0.01199	0.00703	0.00730	0.01200	0.01760	0.02226	0.06341	0.43781	0.30319	0.02452	0.01052	0.00321	0.00467	0.02158	0.00790	0.00703
13	0.01092	0.00848	0.00887	0.00887	0.01067	0.00758	0.00598	0.01227	0.01679	0.02058	0.06413	0.07216	0.41631	0.27413	0.02242	0.00487	0.00578	0.01588	0.00688	0.00643
14	0.01798	0.01615	0.02553	0.60304	0.05484	0.01978	0.02276	0.09177	0.01971	0.02548	0.01575	0.02242	0.01171	0.00871	0.00851	0.00280	0.01111	0.00757	0.00434	0.01004
15	0.21645	0.02997	0.02156	0.01858	0.02384	0.33077	0.01454	0.18908	0.02595	0.03404	0.01478	0.01633	0.01146	0.00894	0.00729	0.00240	0.01152	0.00585	0.00572	0.01094
16	0.03197	0.03527	0.02457	0.02118	0.02633	0.46431	0.01636	0.21908	0.02914	0.03120	0.01545	0.01695	0.01207	0.00923	0.00794	0.00231	0.01346	0.00617	0.00569	0.01132
17	0.01842	0.01774	0.02880	0.30399	0.25516	0.02108	0.02330	0.02296	0.01688	0.02355	0.01449	0.02115	0.01205	0.00972	0.01313	0.00294	0.17237	0.00754	0.00392	0.01082
18	0.02106	0.02022	0.03454	0.05223	0.64784	0.02022	0.02612	0.02612	0.01938	0.02780	0.01601	0.02106	0.01348	0.00758	0.00842	0.00253	0.01011	0.00758	0.00421	0.01348

[dist]
# distance from previous block
# <min> <max>
0	9

# created by:
# /home/cegg/simao/soft/augustus-3.2.1/scripts/msa2prfl.pl ./align_prep/15544.fa
