[name]
unknown

[dist]
# distance from previous block
# <min> <max>
0	33

[block]
# block no. 0 follows, 22 sequences, length 38
# corresponding to MSA columns:
# 33-70
name=unknown_A
#
# <colnr> <probs for GDERKNQSTAVLIFYWHMCP>
#	G	D	E	R	K	N	Q	S	T	A	V	L	I	F	Y	W	H	M	C	P
0	0.01339	0.00956	0.01339	0.01530	0.01721	0.00956	0.01339	0.01721	0.01912	0.02486	0.04399	0.09371	0.04781	0.02295	0.01147	0.00382	0.00765	0.60031	0.00765	0.00765
1	0.02072	0.08821	0.03469	0.04736	0.59351	0.02104	0.02438	0.02543	0.01871	0.02639	0.01522	0.01985	0.01291	0.00737	0.00794	0.00240	0.00977	0.00711	0.00406	0.01291
2	0.01386	0.01127	0.01536	0.01399	0.01642	0.01226	0.01098	0.01669	0.01447	0.02161	0.02152	0.09341	0.02095	0.03822	0.35250	0.00803	0.11337	0.00924	0.02961	0.16624
3	0.01911	0.01649	0.01911	0.18531	0.02868	0.06065	0.01461	0.15914	0.08953	0.03023	0.06053	0.05940	0.12486	0.01750	0.07453	0.00374	0.00983	0.01025	0.00642	0.01009
4	0.01847	0.01466	0.01680	0.04278	0.01932	0.01638	0.01186	0.16851	0.09118	0.03155	0.04079	0.04136	0.21380	0.01615	0.03749	0.00316	0.10309	0.01086	0.09188	0.00991
5	0.01176	0.00799	0.00975	0.01015	0.01054	0.00810	0.00639	0.01263	0.01327	0.01819	0.02979	0.18726	0.03375	0.44618	0.12455	0.00760	0.00924	0.01390	0.03313	0.00584
6	0.02534	0.03140	0.10047	0.03310	0.27318	0.31182	0.02139	0.05925	0.02183	0.02528	0.01452	0.01770	0.01181	0.00810	0.00786	0.00234	0.01238	0.00635	0.00433	0.01154
7	0.02162	0.26441	0.32183	0.01975	0.02890	0.08179	0.02206	0.10105	0.02051	0.02675	0.01423	0.01620	0.01103	0.00795	0.00705	0.00229	0.01099	0.00567	0.00419	0.01174
8	0.02276	0.02301	0.01806	0.01641	0.02057	0.24260	0.01254	0.03325	0.26045	0.05466	0.03532	0.03419	0.13319	0.01198	0.00824	0.00253	0.00894	0.00935	0.04132	0.01062
9	0.01401	0.01158	0.01454	0.01414	0.01604	0.05550	0.01100	0.04275	0.01515	0.02079	0.02152	0.03090	0.01981	0.05643	0.60146	0.01213	0.02120	0.00860	0.00461	0.00786
10	0.02767	0.02060	0.02197	0.01719	0.02315	0.02240	0.01409	0.51782	0.03545	0.04699	0.03147	0.03072	0.12880	0.01196	0.00858	0.00255	0.00826	0.00928	0.00820	0.01285
11	0.01686	0.04182	0.63378	0.02503	0.06663	0.01932	0.03044	0.02627	0.01761	0.02635	0.01494	0.01769	0.01065	0.00787	0.00791	0.00262	0.01216	0.00620	0.00354	0.01232
12	0.01660	0.01053	0.01179	0.01076	0.01318	0.01079	0.00799	0.10520	0.01967	0.05066	0.06354	0.04162	0.09777	0.16484	0.09067	0.00476	0.00776	0.01027	0.25340	0.00820
13	0.07835	0.02717	0.02375	0.01920	0.02512	0.19850	0.01543	0.43108	0.03333	0.04285	0.01751	0.01821	0.01289	0.00945	0.00789	0.00240	0.01053	0.00672	0.00703	0.01260
14	0.01209	0.00942	0.01053	0.01070	0.01298	0.00876	0.00779	0.07268	0.01974	0.02491	0.06283	0.31728	0.35619	0.02189	0.00998	0.00300	0.00493	0.01892	0.00777	0.00761
15	0.02660	0.03386	0.08257	0.03058	0.21792	0.41879	0.02019	0.03024	0.02161	0.02292	0.01387	0.01690	0.01143	0.00815	0.00775	0.00228	0.01319	0.00604	0.00416	0.01093
16	0.01666	0.04297	0.66500	0.02368	0.03596	0.01929	0.03069	0.02631	0.01754	0.02631	0.01491	0.01754	0.01052	0.00789	0.00789	0.00263	0.01228	0.00614	0.00351	0.01228
17	0.11213	0.10021	0.23085	0.02574	0.03458	0.05397	0.27399	0.02639	0.01821	0.02680	0.01484	0.01851	0.01123	0.00745	0.00806	0.00258	0.01206	0.00725	0.00404	0.01112
18	0.01768	0.01320	0.07466	0.01279	0.01672	0.01023	0.01106	0.02265	0.04382	0.15975	0.44586	0.04999	0.05852	0.01458	0.00928	0.00261	0.00543	0.01265	0.00882	0.00971
19	0.02457	0.01680	0.01886	0.01610	0.02112	0.01825	0.01275	0.10708	0.38421	0.16904	0.09028	0.03209	0.02807	0.01145	0.00854	0.00271	0.00672	0.00949	0.00889	0.01297
20	0.01316	0.00793	0.00876	0.00876	0.00931	0.00793	0.00535	0.01412	0.01356	0.02031	0.02594	0.04640	0.02697	0.47836	0.03137	0.03811	0.00682	0.01063	0.22046	0.00575
21	0.03158	0.02327	0.02493	0.01911	0.02576	0.02576	0.01579	0.62852	0.03906	0.05236	0.01995	0.01995	0.01413	0.00997	0.00831	0.00249	0.00914	0.00748	0.00831	0.01413
22	0.03158	0.02327	0.02493	0.01911	0.02576	0.02576	0.01579	0.62852	0.03906	0.05236	0.01995	0.01995	0.01413	0.00997	0.00831	0.00249	0.00914	0.00748	0.00831	0.01413
23	0.02304	0.64955	0.04165	0.01489	0.02173	0.09338	0.01439	0.02566	0.01751	0.01962	0.01167	0.01348	0.01066	0.00724	0.00553	0.00181	0.00946	0.00453	0.00362	0.01056
24	0.01783	0.18444	0.53380	0.02168	0.03287	0.02216	0.02721	0.02601	0.01740	0.02488	0.01420	0.01665	0.01055	0.00773	0.00735	0.00245	0.01156	0.00578	0.00352	0.01194
25	0.02169	0.01836	0.01936	0.01711	0.02199	0.02114	0.01340	0.09924	0.58445	0.03641	0.03251	0.02995	0.02430	0.01115	0.00844	0.00279	0.00682	0.00921	0.00844	0.01324
26	0.02353	0.01471	0.01701	0.01468	0.01939	0.01529	0.01157	0.03654	0.32268	0.22128	0.11060	0.03864	0.09209	0.01261	0.00872	0.00272	0.00618	0.01054	0.00901	0.01222
27	0.02169	0.64987	0.10212	0.01511	0.02270	0.03159	0.01577	0.02501	0.01694	0.02018	0.01187	0.01372	0.01065	0.00718	0.00557	0.00186	0.00920	0.00460	0.00355	0.01081
28	0.02043	0.01764	0.01868	0.01660	0.02147	0.02002	0.01293	0.04259	0.59947	0.03424	0.03254	0.03007	0.02449	0.01093	0.00830	0.00271	0.00655	0.00909	0.00822	0.06304
29	0.02271	0.02034	0.01867	0.01671	0.02117	0.13586	0.01291	0.03837	0.40792	0.08098	0.08500	0.03220	0.04757	0.01152	0.00843	0.00266	0.00782	0.00934	0.00788	0.01193
30	0.01045	0.00773	0.00918	0.01018	0.01119	0.00710	0.00676	0.01177	0.01593	0.02047	0.05215	0.39527	0.21343	0.16865	0.01708	0.00421	0.00534	0.01952	0.00715	0.00646
31	0.02101	0.01240	0.01500	0.01317	0.01711	0.01219	0.01026	0.02933	0.17984	0.21179	0.21215	0.08743	0.11386	0.01466	0.00910	0.00272	0.00559	0.01252	0.00904	0.01083
32	0.02109	0.02073	0.03321	0.04951	0.62460	0.05258	0.02502	0.02588	0.01915	0.02680	0.01549	0.02028	0.01304	0.00746	0.00819	0.00245	0.01013	0.00730	0.00412	0.01298
33	0.15114	0.01396	0.01727	0.26566	0.03116	0.01572	0.01426	0.07708	0.04366	0.02797	0.03693	0.03864	0.21043	0.01242	0.00821	0.00272	0.00775	0.01010	0.00582	0.00912
34	0.01903	0.01911	0.06881	0.24901	0.33397	0.01903	0.02306	0.05387	0.04538	0.02692	0.01686	0.02182	0.01329	0.00813	0.00812	0.00256	0.00993	0.00742	0.04207	0.01161
35	0.02108	0.01954	0.02368	0.01959	0.02293	0.08231	0.05404	0.14930	0.02030	0.02785	0.01579	0.02102	0.01358	0.02028	0.13451	0.00471	0.25306	0.00736	0.00499	0.08409
36	0.02134	0.05535	0.02276	0.02421	0.16982	0.16356	0.01557	0.07830	0.07917	0.02668	0.02340	0.02669	0.05841	0.01915	0.12763	0.00434	0.01205	0.00796	0.05306	0.01054
37	0.02146	0.01428	0.01939	0.02179	0.15270	0.01427	0.01405	0.02956	0.16329	0.17709	0.09665	0.10185	0.07316	0.01358	0.00900	0.00278	0.00687	0.04889	0.00786	0.01149

[dist]
# distance from previous block
# <min> <max>
2	6

[block]
# block no. 1 follows, 22 sequences, length 7
# corresponding to MSA columns:
# 77-83
name=unknown_B
#
# <colnr> <probs for GDERKNQSTAVLIFYWHMCP>
#	G	D	E	R	K	N	Q	S	T	A	V	L	I	F	Y	W	H	M	C	P
0	0.02113	0.02288	0.06309	0.11363	0.34938	0.10585	0.05672	0.02869	0.10511	0.02654	0.01770	0.02140	0.01411	0.00820	0.00824	0.00253	0.01059	0.00748	0.00466	0.01208
1	0.14002	0.01247	0.01733	0.02108	0.16828	0.01258	0.01256	0.02011	0.01566	0.09711	0.02164	0.13639	0.02076	0.01764	0.01574	0.23966	0.00731	0.00971	0.00544	0.00852
2	0.02274	0.03177	0.19373	0.03494	0.30441	0.21860	0.02397	0.02804	0.01997	0.02486	0.01459	0.01809	0.01173	0.00788	0.00792	0.00241	0.01204	0.00645	0.00401	0.01186
3	0.02531	0.03017	0.20145	0.02031	0.02780	0.12005	0.01948	0.26263	0.14359	0.03703	0.02008	0.02060	0.01472	0.00943	0.00810	0.00254	0.01041	0.00715	0.00640	0.01276
4	0.02270	0.03418	0.23818	0.07018	0.19037	0.25265	0.02370	0.02824	0.01997	0.02408	0.01435	0.01767	0.01129	0.00803	0.00786	0.00242	0.01256	0.00625	0.00395	0.01137
5	0.01789	0.17840	0.09890	0.02261	0.15659	0.07381	0.01607	0.02120	0.01717	0.02203	0.02285	0.18601	0.02409	0.09288	0.01197	0.00316	0.00893	0.01085	0.00490	0.00971
6	0.01674	0.01094	0.01449	0.09283	0.01961	0.01157	0.01071	0.06967	0.01779	0.09693	0.03071	0.13296	0.06669	0.15701	0.17539	0.00632	0.01091	0.01176	0.03854	0.00842

[dist]
# distance from previous block
# <min> <max>
3	15

[block]
# block no. 2 follows, 22 sequences, length 39
# corresponding to MSA columns:
# 99-137
name=unknown_C
#
# <colnr> <probs for GDERKNQSTAVLIFYWHMCP>
#	G	D	E	R	K	N	Q	S	T	A	V	L	I	F	Y	W	H	M	C	P
0	0.01567	0.01107	0.01550	0.01905	0.14465	0.01046	0.01135	0.01811	0.01774	0.09040	0.07071	0.19528	0.15286	0.14400	0.01554	0.00384	0.00666	0.04162	0.00682	0.00868
1	0.10080	0.02249	0.02534	0.07498	0.19226	0.15551	0.01870	0.02639	0.06079	0.02490	0.01449	0.01883	0.01228	0.01003	0.01318	0.00279	0.20453	0.00677	0.00439	0.01056
2	0.01092	0.00898	0.01044	0.01107	0.04229	0.00787	0.00769	0.01372	0.02034	0.02600	0.25477	0.07164	0.44644	0.01915	0.00974	0.00273	0.00439	0.01628	0.00798	0.00756
3	0.02378	0.02603	0.03123	0.04109	0.43320	0.22352	0.04891	0.02793	0.02039	0.02500	0.01481	0.01891	0.01237	0.00774	0.00807	0.00238	0.01164	0.00687	0.00417	0.01198
4	0.07414	0.02235	0.01997	0.01887	0.05353	0.20407	0.01402	0.02921	0.14600	0.02669	0.01910	0.02162	0.01545	0.01021	0.01105	0.00254	0.14067	0.00694	0.12029	0.04329
5	0.02045	0.05280	0.07376	0.16989	0.31835	0.09405	0.02260	0.02658	0.06242	0.02499	0.01597	0.02035	0.01292	0.00834	0.00890	0.00255	0.04212	0.00708	0.00426	0.01160
6	0.18415	0.01770	0.01999	0.17587	0.07352	0.07346	0.01491	0.02683	0.06124	0.09518	0.01720	0.01975	0.01300	0.00809	0.00710	0.00231	0.00853	0.00630	0.00538	0.16950
7	0.05501	0.11673	0.19735	0.03112	0.25355	0.12397	0.02272	0.05817	0.01986	0.02666	0.01453	0.01764	0.01163	0.00782	0.00752	0.00238	0.01098	0.00625	0.00417	0.01193
8	0.05760	0.02839	0.09461	0.13526	0.24052	0.25491	0.02151	0.02762	0.01985	0.02415	0.01423	0.01816	0.01148	0.00803	0.00780	0.00242	0.01199	0.00639	0.00409	0.01099
9	0.01328	0.01213	0.01285	0.06720	0.04409	0.06366	0.00973	0.01642	0.04655	0.02203	0.05396	0.18222	0.31135	0.09175	0.01297	0.00340	0.00652	0.01550	0.00670	0.00769
10	0.02126	0.02354	0.02345	0.02033	0.02245	0.23640	0.05756	0.02341	0.01675	0.02003	0.01477	0.02306	0.01414	0.10154	0.07423	0.00442	0.28220	0.00754	0.00413	0.00878
11	0.05773	0.08242	0.28418	0.10936	0.16794	0.02007	0.07490	0.02611	0.01801	0.06064	0.01574	0.01920	0.01180	0.00782	0.00786	0.00255	0.01091	0.00677	0.00417	0.01181
12	0.19616	0.16808	0.20867	0.02264	0.05805	0.02235	0.16297	0.02560	0.01715	0.02763	0.01391	0.01701	0.01080	0.00746	0.00718	0.00247	0.01050	0.00633	0.00410	0.01096
13	0.01012	0.00723	0.00964	0.01157	0.01205	0.00675	0.00771	0.01157	0.01591	0.02121	0.04579	0.70262	0.05495	0.02603	0.01060	0.00337	0.00482	0.02362	0.00771	0.00675
14	0.03158	0.02327	0.02493	0.01911	0.02576	0.02576	0.01579	0.62852	0.03906	0.05236	0.01995	0.01995	0.01413	0.00997	0.00831	0.00249	0.00914	0.00748	0.00831	0.01413
15	0.01085	0.00833	0.00993	0.00980	0.01192	0.00741	0.00725	0.01382	0.02098	0.02792	0.37312	0.13672	0.29293	0.01947	0.00989	0.00277	0.00412	0.01688	0.00845	0.00741
16	0.17107	0.00921	0.01011	0.01112	0.01254	0.00943	0.00766	0.01436	0.01506	0.02399	0.03611	0.47674	0.04215	0.10578	0.01333	0.00378	0.00556	0.01814	0.00684	0.00702
17	0.02182	0.66574	0.08740	0.01488	0.02235	0.03191	0.01538	0.02498	0.01693	0.02002	0.01179	0.01362	0.01065	0.00716	0.00551	0.00184	0.00912	0.00456	0.00355	0.01078
18	0.07664	0.52080	0.03708	0.01551	0.02188	0.16819	0.01424	0.02661	0.01810	0.02096	0.01183	0.01369	0.01055	0.00746	0.00578	0.00191	0.01001	0.00464	0.00382	0.01032
19	0.01208	0.00805	0.00906	0.00906	0.00906	0.00805	0.00503	0.01208	0.01208	0.01611	0.02618	0.05436	0.03020	0.70804	0.04228	0.00805	0.00805	0.01208	0.00503	0.00503
20	0.02056	0.01974	0.03372	0.05099	0.65622	0.01974	0.02550	0.02550	0.01892	0.02714	0.01563	0.02056	0.01316	0.00740	0.00822	0.00247	0.00987	0.00740	0.00411	0.01316
21	0.01009	0.00818	0.00895	0.00928	0.01152	0.00705	0.00676	0.01225	0.01880	0.02334	0.13647	0.20573	0.46935	0.02163	0.00998	0.00290	0.00430	0.01851	0.00787	0.00705
22	0.00988	0.00816	0.00868	0.00909	0.01140	0.00696	0.00661	0.01185	0.01829	0.02218	0.07601	0.21221	0.52585	0.02210	0.00999	0.00293	0.00434	0.01883	0.00771	0.00696
23	0.00997	0.00782	0.00903	0.01000	0.01164	0.00688	0.00702	0.01174	0.01741	0.02182	0.06484	0.39338	0.35189	0.02355	0.01021	0.00309	0.00452	0.02060	0.00771	0.00688
24	0.01201	0.00834	0.01050	0.01050	0.01100	0.00883	0.00683	0.01300	0.01251	0.01717	0.02486	0.04708	0.02704	0.49169	0.25432	0.00983	0.01281	0.01102	0.00484	0.00583
25	0.76672	0.01607	0.01221	0.01092	0.01607	0.01864	0.00900	0.02442	0.01414	0.03727	0.01157	0.01350	0.00900	0.00771	0.00514	0.00257	0.00643	0.00450	0.00514	0.00900
26	0.01549	0.00774	0.00774	0.00774	0.00968	0.00774	0.00581	0.01936	0.01742	0.03097	0.02710	0.03097	0.02129	0.00968	0.00581	0.00194	0.00387	0.00774	0.75416	0.00774
27	0.01295	0.00942	0.01278	0.01446	0.01648	0.00925	0.01253	0.01657	0.01910	0.02457	0.04888	0.09203	0.12145	0.02272	0.01127	0.00370	0.00723	0.52937	0.00766	0.00757
28	0.76672	0.01607	0.01221	0.01092	0.01607	0.01864	0.00900	0.02442	0.01414	0.03727	0.01157	0.01350	0.00900	0.00771	0.00514	0.00257	0.00643	0.00450	0.00514	0.00900
29	0.01165	0.00901	0.01097	0.01196	0.01430	0.00832	0.00995	0.01464	0.01903	0.02369	0.06348	0.08703	0.34150	0.02202	0.01067	0.00333	0.00598	0.31743	0.00768	0.00734
30	0.01569	0.01477	0.02492	0.68808	0.05722	0.01846	0.02307	0.02123	0.01661	0.02123	0.01477	0.02215	0.01107	0.00831	0.00831	0.00277	0.01107	0.00738	0.00369	0.00923
31	0.02066	0.01785	0.01878	0.01691	0.02160	0.02066	0.01315	0.04414	0.64121	0.03475	0.03381	0.03099	0.02536	0.01127	0.00845	0.00282	0.00657	0.00939	0.00845	0.01315
32	0.01187	0.00890	0.01335	0.01335	0.01483	0.01038	0.01038	0.01483	0.01335	0.01928	0.02225	0.03264	0.02077	0.06231	0.67512	0.01335	0.02225	0.00890	0.00445	0.00742
33	0.02056	0.01974	0.03372	0.05099	0.65622	0.01974	0.02550	0.02550	0.01892	0.02714	0.01563	0.02056	0.01316	0.00740	0.00822	0.00247	0.00987	0.00740	0.00411	0.01316
34	0.01230	0.00906	0.01190	0.01303	0.01505	0.00867	0.01087	0.01571	0.01968	0.02565	0.15312	0.11349	0.16690	0.02173	0.01084	0.00341	0.00625	0.36690	0.00791	0.00752
35	0.01197	0.00832	0.01039	0.01026	0.01097	0.00850	0.00675	0.01340	0.01470	0.02031	0.15363	0.05133	0.03808	0.42919	0.17004	0.00806	0.01022	0.01201	0.00575	0.00612
36	0.01587	0.00906	0.01009	0.00969	0.01186	0.00954	0.00744	0.06087	0.01809	0.03007	0.02561	0.03054	0.02069	0.02049	0.14322	0.00432	0.00801	0.00796	0.54848	0.00812
37	0.01312	0.00850	0.01142	0.01142	0.01306	0.00947	0.00880	0.01640	0.01476	0.02332	0.02393	0.03206	0.02095	0.04414	0.44415	0.00941	0.01591	0.00850	0.26317	0.00753
38	0.01765	0.01095	0.01257	0.01106	0.01442	0.01010	0.00827	0.04922	0.05364	0.14720	0.09305	0.05521	0.27051	0.15783	0.01588	0.00374	0.00598	0.01299	0.00770	0.04201

[dist]
# distance from previous block
# <min> <max>
0	1

# created by:
# /home/cegg/simao/soft/augustus-3.2.1/scripts/msa2prfl.pl ./align_prep/15608.fa
