[name]
unknown

[dist]
# distance from previous block
# <min> <max>
0	1

[block]
# block no. 0 follows, 22 sequences, length 59
# corresponding to MSA columns:
# 1-59
name=unknown_A
#
# <colnr> <probs for GDERKNQSTAVLIFYWHMCP>
#	G	D	E	R	K	N	Q	S	T	A	V	L	I	F	Y	W	H	M	C	P
0	0.01724	0.18393	0.40029	0.01995	0.02905	0.02037	0.02367	0.02421	0.01771	0.02454	0.01988	0.03156	0.01787	0.01067	0.00803	0.00268	0.01062	0.12239	0.00433	0.01101
1	0.02414	0.03030	0.15517	0.03134	0.20970	0.19175	0.08382	0.12112	0.02304	0.02905	0.01555	0.01860	0.01209	0.00816	0.00814	0.00245	0.01199	0.00688	0.00470	0.01202
2	0.01993	0.17790	0.19686	0.02584	0.16962	0.02278	0.02079	0.03099	0.19892	0.02746	0.01982	0.02121	0.01546	0.00859	0.00757	0.00246	0.00933	0.00700	0.00509	0.01238
3	0.02875	0.03449	0.06517	0.02061	0.02581	0.44865	0.01658	0.12011	0.10985	0.02732	0.01687	0.01805	0.01319	0.00909	0.00777	0.00232	0.01281	0.00626	0.00538	0.01093
4	0.02297	0.10127	0.20736	0.01906	0.02684	0.17592	0.01869	0.10885	0.05392	0.02829	0.01570	0.01746	0.01217	0.00810	0.00729	0.00215	0.01070	0.00590	0.00487	0.15250
5	0.01208	0.00805	0.00906	0.00906	0.00906	0.00805	0.00503	0.01208	0.01208	0.01611	0.02618	0.05436	0.03020	0.70804	0.04228	0.00805	0.00805	0.01208	0.00503	0.00503
6	0.01917	0.03747	0.52662	0.02513	0.07551	0.01869	0.05851	0.02772	0.01837	0.09123	0.01687	0.01908	0.01183	0.00806	0.00806	0.00262	0.01168	0.00663	0.00427	0.01247
7	0.01208	0.00805	0.00906	0.00906	0.00906	0.00805	0.00503	0.01208	0.01208	0.01611	0.02618	0.05436	0.03020	0.70804	0.04228	0.00805	0.00805	0.01208	0.00503	0.00503
8	0.02058	0.01932	0.03043	0.04349	0.51651	0.01994	0.02278	0.02960	0.15592	0.02882	0.01963	0.02286	0.01584	0.00825	0.00827	0.00254	0.00914	0.00784	0.00507	0.01316
9	0.02056	0.01974	0.03372	0.05099	0.65622	0.01974	0.02550	0.02550	0.01892	0.02714	0.01563	0.02056	0.01316	0.00740	0.00822	0.00247	0.00987	0.00740	0.00411	0.01316
10	0.01247	0.05637	0.03866	0.01107	0.01401	0.01021	0.00902	0.01679	0.04682	0.02906	0.39680	0.09331	0.20032	0.01715	0.00942	0.00265	0.00480	0.01477	0.00812	0.00817
11	0.01827	0.23767	0.48442	0.02093	0.03170	0.02324	0.02591	0.02589	0.01735	0.02434	0.01393	0.01632	0.01056	0.00766	0.00715	0.00238	0.01129	0.00565	0.00352	0.01181
12	0.02257	0.02391	0.03044	0.04082	0.43786	0.16464	0.02250	0.02650	0.01916	0.02475	0.01442	0.01903	0.01234	0.00855	0.01045	0.00254	0.09663	0.00693	0.00409	0.01187
13	0.01017	0.00794	0.00928	0.01027	0.01196	0.00705	0.00738	0.01208	0.01756	0.02202	0.06417	0.36582	0.34272	0.02344	0.01028	0.00313	0.00470	0.05540	0.00771	0.00693
14	0.03049	0.03846	0.02329	0.02117	0.02547	0.64073	0.01590	0.03374	0.05561	0.02108	0.01393	0.01581	0.01146	0.00870	0.00754	0.00218	0.01454	0.00556	0.00450	0.00981
15	0.01012	0.00723	0.00964	0.01157	0.01205	0.00675	0.00771	0.01157	0.01591	0.02121	0.04579	0.70262	0.05495	0.02603	0.01060	0.00337	0.00482	0.02362	0.00771	0.00675
16	0.02281	0.59624	0.08187	0.01561	0.02275	0.10167	0.01549	0.02587	0.01765	0.02007	0.01191	0.01378	0.01066	0.00732	0.00573	0.00187	0.00977	0.00465	0.00363	0.01065
17	0.02636	0.02030	0.02533	0.02695	0.20694	0.02175	0.01736	0.37693	0.03049	0.04235	0.01959	0.02151	0.01474	0.00919	0.00797	0.00242	0.00869	0.00749	0.10061	0.01305
18	0.01189	0.00879	0.01281	0.01281	0.01411	0.01009	0.00971	0.01449	0.01319	0.01889	0.02274	0.03536	0.02195	0.14327	0.59578	0.01269	0.02047	0.00930	0.00452	0.00712
19	0.02100	0.03682	0.35657	0.02557	0.10920	0.20903	0.02429	0.02750	0.01985	0.02514	0.05618	0.02009	0.01536	0.00862	0.00794	0.00247	0.01221	0.00665	0.00418	0.01133
20	0.01058	0.00845	0.00947	0.00921	0.01169	0.00734	0.00691	0.01340	0.02073	0.02671	0.30703	0.07292	0.42732	0.01945	0.00981	0.00273	0.00409	0.01655	0.00828	0.00734
21	0.01723	0.01477	0.01723	0.01230	0.01969	0.01107	0.00984	0.02092	0.01723	0.02707	0.01477	0.01723	0.01230	0.00615	0.00615	0.00123	0.00615	0.00492	0.00492	0.75883
22	0.01849	0.01722	0.02660	0.03198	0.32408	0.01559	0.05749	0.02289	0.01830	0.02677	0.01983	0.02324	0.05448	0.00777	0.00762	0.00203	0.00831	0.00725	0.00467	0.30537
23	0.01264	0.00985	0.01408	0.01365	0.01472	0.01178	0.01043	0.01499	0.01307	0.01885	0.02155	0.03446	0.02114	0.16153	0.49613	0.01135	0.09886	0.00923	0.00445	0.00723
24	0.01198	0.00801	0.00909	0.00919	0.00921	0.00799	0.00517	0.01206	0.01227	0.01637	0.02717	0.08708	0.03145	0.67362	0.04068	0.00782	0.00789	0.01266	0.00517	0.00512
25	0.01666	0.04297	0.66500	0.02368	0.03596	0.01929	0.03069	0.02631	0.01754	0.02631	0.01491	0.01754	0.01052	0.00789	0.00789	0.00263	0.01228	0.00614	0.00351	0.01228
26	0.01717	0.10446	0.60797	0.02281	0.03461	0.02054	0.02918	0.02618	0.01748	0.02569	0.01460	0.01715	0.01054	0.00782	0.00766	0.00255	0.01197	0.00598	0.00351	0.01213
27	0.01054	0.00844	0.00941	0.00917	0.01166	0.00732	0.00688	0.01331	0.02063	0.02646	0.29398	0.07334	0.44052	0.01954	0.00981	0.00273	0.00410	0.01661	0.00824	0.00732
28	0.01021	0.00729	0.00972	0.01151	0.01207	0.00680	0.00772	0.01178	0.01630	0.02183	0.07706	0.66957	0.05615	0.02556	0.01056	0.00333	0.00477	0.02317	0.00779	0.00680
29	0.03158	0.02327	0.02493	0.01911	0.02576	0.02576	0.01579	0.62852	0.03906	0.05236	0.01995	0.01995	0.01413	0.00997	0.00831	0.00249	0.00914	0.00748	0.00831	0.01413
30	0.01666	0.04297	0.66500	0.02368	0.03596	0.01929	0.03069	0.02631	0.01754	0.02631	0.01491	0.01754	0.01052	0.00789	0.00789	0.00263	0.01228	0.00614	0.00351	0.01228
31	0.01208	0.00805	0.00906	0.00906	0.00906	0.00805	0.00503	0.01208	0.01208	0.01611	0.02618	0.05436	0.03020	0.70804	0.04228	0.00805	0.00805	0.01208	0.00503	0.00503
32	0.01109	0.00938	0.00970	0.00945	0.01238	0.00847	0.00714	0.01552	0.08281	0.02461	0.12645	0.07346	0.54083	0.01970	0.00968	0.00279	0.00443	0.01649	0.00791	0.00771
33	0.03727	0.01414	0.01928	0.01478	0.02121	0.01221	0.01221	0.04049	0.02378	0.66198	0.03277	0.02828	0.02056	0.01028	0.00835	0.00257	0.00707	0.00835	0.01028	0.01414
34	0.02050	0.01983	0.03404	0.04841	0.58766	0.01986	0.06408	0.02641	0.04702	0.02745	0.01652	0.02115	0.01367	0.00755	0.00834	0.00250	0.00999	0.00765	0.00431	0.01303
35	0.01012	0.00723	0.00964	0.01157	0.01205	0.00675	0.00771	0.01157	0.01591	0.02121	0.04579	0.70262	0.05495	0.02603	0.01060	0.00337	0.00482	0.02362	0.00771	0.00675
36	0.01046	0.00813	0.00951	0.00982	0.01178	0.00718	0.00711	0.01292	0.01949	0.02528	0.23926	0.23445	0.33258	0.02114	0.01001	0.00290	0.00428	0.01836	0.00813	0.00718
37	0.01934	0.02081	0.04234	0.12071	0.19159	0.02039	0.40693	0.02567	0.01907	0.02606	0.01627	0.02193	0.01255	0.00726	0.00924	0.00272	0.01265	0.00893	0.00412	0.01142
38	0.02408	0.01992	0.02143	0.01929	0.05453	0.08130	0.01465	0.20066	0.17308	0.06764	0.05390	0.02571	0.02029	0.01410	0.05078	0.00332	0.09617	0.00823	0.03913	0.01179
39	0.02050	0.02152	0.02700	0.02818	0.16202	0.11521	0.01949	0.02305	0.01560	0.02161	0.01222	0.01825	0.01137	0.01213	0.02030	0.00317	0.44745	0.00703	0.00383	0.01006
40	0.01723	0.01477	0.01723	0.01230	0.01969	0.01107	0.00984	0.02092	0.01723	0.02707	0.01477	0.01723	0.01230	0.00615	0.00615	0.00123	0.00615	0.00492	0.00492	0.75883
41	0.02153	0.41272	0.24125	0.01816	0.02658	0.10897	0.01975	0.02638	0.01793	0.02182	0.01279	0.01489	0.01062	0.00754	0.00643	0.00210	0.01074	0.00510	0.00363	0.01105
42	0.03103	0.03959	0.02354	0.02140	0.02568	0.67469	0.01605	0.03317	0.02354	0.02033	0.01284	0.01498	0.01070	0.00856	0.00749	0.00214	0.01498	0.00535	0.00428	0.00963
43	0.01826	0.01058	0.01375	0.01167	0.01535	0.00925	0.00909	0.02199	0.02276	0.17520	0.42903	0.04860	0.05672	0.01406	0.00900	0.00242	0.00492	0.01220	0.00886	0.10629
44	0.01265	0.00942	0.01338	0.01288	0.01499	0.01028	0.01003	0.01575	0.01401	0.02085	0.02181	0.03095	0.01994	0.05312	0.56296	0.01137	0.01940	0.00842	0.05368	0.08410
45	0.01217	0.00968	0.01437	0.01931	0.13849	0.00930	0.01120	0.01430	0.01650	0.02237	0.03987	0.56875	0.04674	0.02237	0.01014	0.00320	0.00581	0.02043	0.00701	0.00801
46	0.01208	0.00805	0.00906	0.00906	0.00906	0.00805	0.00503	0.01208	0.01208	0.01611	0.02618	0.05436	0.03020	0.70804	0.04228	0.00805	0.00805	0.01208	0.00503	0.00503
47	0.03568	0.01670	0.02086	0.01600	0.02248	0.01601	0.01321	0.20534	0.02806	0.49107	0.02918	0.02594	0.01876	0.01020	0.00834	0.00255	0.00765	0.00811	0.00973	0.01414
48	0.01096	0.00806	0.00937	0.00966	0.01092	0.00744	0.00647	0.01257	0.01691	0.02209	0.15924	0.20118	0.22205	0.24235	0.02042	0.00458	0.00552	0.01663	0.00711	0.00647
49	0.03103	0.03959	0.02354	0.02140	0.02568	0.67469	0.01605	0.03317	0.02354	0.02033	0.01284	0.01498	0.01070	0.00856	0.00749	0.00214	0.01498	0.00535	0.00428	0.00963
50	0.01187	0.00890	0.01335	0.01335	0.01483	0.01038	0.01038	0.01483	0.01335	0.01928	0.02225	0.03264	0.02077	0.06231	0.67512	0.01335	0.02225	0.00890	0.00445	0.00742
51	0.01208	0.00805	0.00906	0.00906	0.00906	0.00805	0.00503	0.01208	0.01208	0.01611	0.02618	0.05436	0.03020	0.70804	0.04228	0.00805	0.00805	0.01208	0.00503	0.00503
52	0.05893	0.33142	0.25712	0.01840	0.02692	0.08997	0.02003	0.06577	0.01908	0.02504	0.01341	0.01541	0.01076	0.00774	0.00663	0.00220	0.01057	0.00533	0.00400	0.01127
53	0.01857	0.24170	0.42716	0.02180	0.03221	0.02350	0.07594	0.02591	0.01752	0.02431	0.01406	0.01669	0.01074	0.00758	0.00729	0.00239	0.01141	0.00594	0.00358	0.01170
54	0.02056	0.01974	0.03372	0.05099	0.65622	0.01974	0.02550	0.02550	0.01892	0.02714	0.01563	0.02056	0.01316	0.00740	0.00822	0.00247	0.00987	0.00740	0.00411	0.01316
55	0.01433	0.01038	0.01264	0.01305	0.01474	0.01048	0.00930	0.13266	0.02045	0.02732	0.04072	0.56863	0.04693	0.02288	0.01015	0.00320	0.00567	0.02045	0.00783	0.00820
56	0.02350	0.02530	0.03087	0.04270	0.47945	0.20335	0.02285	0.02765	0.02021	0.02523	0.01485	0.01900	0.01247	0.00773	0.00802	0.00238	0.01130	0.00683	0.00416	0.01217
57	0.02344	0.03129	0.22064	0.02549	0.12432	0.15809	0.02145	0.13186	0.12486	0.03095	0.01853	0.02007	0.01400	0.00886	0.00802	0.00251	0.01101	0.00692	0.00538	0.01231
58	0.01933	0.01592	0.02159	0.01774	0.02129	0.01766	0.07521	0.15317	0.02083	0.03016	0.02167	0.12020	0.02018	0.01531	0.04716	0.00327	0.17205	0.00982	0.10365	0.09378

[dist]
# distance from previous block
# <min> <max>
0	3

# created by:
# /home/cegg/simao/soft/augustus-3.2.1/scripts/msa2prfl.pl ./align_prep/15665.fa
