[name]
unknown

[dist]
# distance from previous block
# <min> <max>
0	3

[block]
# block no. 0 follows, 18 sequences, length 8
# corresponding to MSA columns:
# 3-10
name=unknown_A
#
# <colnr> <probs for GDERKNQSTAVLIFYWHMCP>
#	G	D	E	R	K	N	Q	S	T	A	V	L	I	F	Y	W	H	M	C	P
0	0.01480	0.01057	0.01480	0.01691	0.01902	0.01057	0.01480	0.01902	0.02114	0.02748	0.04862	0.10357	0.05284	0.02536	0.01268	0.00423	0.00845	0.55823	0.00845	0.00845
1	0.01887	0.01470	0.01628	0.01382	0.01852	0.01404	0.01078	0.16662	0.02655	0.03546	0.10934	0.12759	0.23034	0.01735	0.00980	0.00276	0.00651	0.01454	0.00832	0.13782
2	0.03450	0.03766	0.02654	0.02280	0.02842	0.43339	0.01764	0.22369	0.03182	0.03445	0.01685	0.01841	0.01311	0.00999	0.00859	0.00250	0.01437	0.00671	0.00624	0.01233
3	0.02315	0.01841	0.02849	0.03754	0.35655	0.01726	0.02053	0.02782	0.02159	0.10997	0.05948	0.03051	0.06228	0.01004	0.00893	0.00254	0.00895	0.00912	0.00622	0.14062
4	0.02900	0.02905	0.02155	0.01916	0.02334	0.31726	0.01425	0.07942	0.09490	0.08292	0.02296	0.03011	0.01987	0.15689	0.01702	0.00397	0.01239	0.00860	0.00646	0.01088
5	0.02247	0.16637	0.03776	0.03954	0.35907	0.02356	0.05620	0.02729	0.02016	0.02811	0.01621	0.02050	0.01375	0.00786	0.00813	0.00236	0.01029	0.00718	0.00456	0.12863
6	0.02204	0.01857	0.02630	0.02154	0.02671	0.01994	0.12354	0.16722	0.15281	0.03592	0.02878	0.10729	0.02512	0.02558	0.14867	0.00566	0.01311	0.01174	0.00733	0.01214
7	0.02239	0.01946	0.02415	0.02692	0.17877	0.04927	0.01682	0.12258	0.09559	0.03530	0.08552	0.10367	0.02887	0.01250	0.00918	0.00265	0.00856	0.01083	0.00712	0.13985

[dist]
# distance from previous block
# <min> <max>
2	4

[block]
# block no. 1 follows, 18 sequences, length 56
# corresponding to MSA columns:
# 15-70
name=unknown_B
#
# <colnr> <probs for GDERKNQSTAVLIFYWHMCP>
#	G	D	E	R	K	N	Q	S	T	A	V	L	I	F	Y	W	H	M	C	P
0	0.01987	0.08361	0.44758	0.03278	0.17912	0.02244	0.03132	0.02876	0.01971	0.02880	0.01642	0.01988	0.01235	0.00853	0.00862	0.00280	0.01268	0.00700	0.00404	0.01369
1	0.03205	0.03289	0.22209	0.02133	0.02999	0.16782	0.02123	0.03765	0.02395	0.28422	0.02441	0.02380	0.01645	0.01004	0.00884	0.00275	0.01182	0.00763	0.00730	0.01375
2	0.02455	0.68284	0.04811	0.01571	0.02357	0.03633	0.01571	0.02749	0.01866	0.02160	0.01277	0.01473	0.01178	0.00786	0.00589	0.00196	0.00982	0.00491	0.00393	0.01178
3	0.01096	0.00889	0.00973	0.01040	0.01269	0.00766	0.00747	0.01305	0.01987	0.02437	0.07958	0.27300	0.44034	0.02500	0.01113	0.00330	0.00486	0.02151	0.00853	0.00766
4	0.07195	0.01394	0.01529	0.01332	0.01725	0.01411	0.01045	0.15544	0.02806	0.03911	0.29088	0.05848	0.20165	0.01730	0.01005	0.00291	0.00602	0.01444	0.00914	0.01020
5	0.02297	0.39655	0.14982	0.02817	0.18177	0.02986	0.02223	0.02796	0.01937	0.02513	0.01461	0.01765	0.01247	0.00810	0.00723	0.00233	0.01078	0.00610	0.00408	0.01282
6	0.02273	0.02182	0.03727	0.05636	0.62003	0.02182	0.02818	0.02818	0.02091	0.03000	0.01727	0.02273	0.01454	0.00818	0.00909	0.00273	0.01091	0.00818	0.00455	0.01454
7	0.01119	0.00799	0.01065	0.01278	0.01332	0.00746	0.00852	0.01278	0.01758	0.02344	0.05061	0.67132	0.06073	0.02877	0.01172	0.00373	0.00533	0.02610	0.00852	0.00746
8	0.03430	0.04376	0.02602	0.02365	0.02839	0.64045	0.01774	0.03666	0.02602	0.02247	0.01419	0.01656	0.01183	0.00946	0.00828	0.00237	0.01656	0.00591	0.00473	0.01064
9	0.01312	0.00984	0.01476	0.01476	0.01640	0.01148	0.01148	0.01640	0.01476	0.02131	0.02459	0.03607	0.02295	0.06886	0.64092	0.01476	0.02459	0.00984	0.00492	0.00820
10	0.02273	0.02182	0.03727	0.05636	0.62003	0.02182	0.02818	0.02818	0.02091	0.03000	0.01727	0.02273	0.01454	0.00818	0.00909	0.00273	0.01091	0.00818	0.00455	0.01454
11	0.03430	0.04376	0.02602	0.02365	0.02839	0.64045	0.01774	0.03666	0.02602	0.02247	0.01419	0.01656	0.01183	0.00946	0.00828	0.00237	0.01656	0.00591	0.00473	0.01064
12	0.01120	0.00889	0.01007	0.01066	0.01284	0.00776	0.00766	0.01352	0.02044	0.02573	0.13859	0.27143	0.37980	0.02450	0.01113	0.00328	0.00483	0.02120	0.00870	0.00776
13	0.03445	0.03925	0.02640	0.02302	0.02841	0.48739	0.01767	0.17491	0.03031	0.03132	0.01616	0.01793	0.01277	0.00985	0.00851	0.00246	0.01494	0.00650	0.00584	0.01189
14	0.02455	0.68284	0.04811	0.01571	0.02357	0.03633	0.01571	0.02749	0.01866	0.02160	0.01277	0.01473	0.01178	0.00786	0.00589	0.00196	0.00982	0.00491	0.00393	0.01178
15	0.01300	0.00939	0.01227	0.01155	0.01372	0.00866	0.00866	0.01733	0.02599	0.03682	0.61519	0.06859	0.08664	0.01877	0.01083	0.00289	0.00433	0.01661	0.01011	0.00866
16	0.02441	0.01900	0.02385	0.18499	0.03481	0.02140	0.01869	0.26251	0.06405	0.03989	0.02834	0.04451	0.02511	0.01434	0.01010	0.00324	0.01007	0.15075	0.00768	0.01229
17	0.01107	0.00889	0.00989	0.01053	0.01276	0.00771	0.00756	0.01327	0.02013	0.02500	0.10674	0.27264	0.41211	0.02477	0.01113	0.00329	0.00485	0.02137	0.00861	0.00771
18	0.02009	0.02009	0.02812	0.02411	0.02411	0.02812	0.02009	0.02210	0.01406	0.02210	0.01205	0.02009	0.01205	0.01607	0.03013	0.00402	0.66051	0.00804	0.00402	0.01004
19	0.01842	0.04749	0.62974	0.02617	0.03974	0.02132	0.03392	0.02908	0.01939	0.02908	0.01648	0.01939	0.01163	0.00872	0.00872	0.00291	0.01357	0.00678	0.00388	0.01357
20	0.01119	0.00799	0.01065	0.01278	0.01332	0.00746	0.00852	0.01278	0.01758	0.02344	0.05061	0.67132	0.06073	0.02877	0.01172	0.00373	0.00533	0.02610	0.00852	0.00746
21	0.03083	0.03707	0.02426	0.02228	0.02690	0.48507	0.01696	0.03748	0.12715	0.02565	0.02083	0.02614	0.01772	0.01117	0.00879	0.00264	0.01432	0.04776	0.00582	0.01117
22	0.02276	0.01400	0.01459	0.01255	0.01634	0.01488	0.00992	0.20162	0.02684	0.04173	0.02744	0.03037	0.02102	0.01080	0.00730	0.00233	0.00613	0.00847	0.50013	0.01080
23	0.01162	0.00850	0.01092	0.01207	0.01332	0.00781	0.00838	0.01401	0.02015	0.02708	0.20240	0.44846	0.13031	0.02554	0.01139	0.00344	0.00499	0.02287	0.00894	0.00781
24	0.02273	0.02182	0.03727	0.05636	0.62003	0.02182	0.02818	0.02818	0.02091	0.03000	0.01727	0.02273	0.01454	0.00818	0.00909	0.00273	0.01091	0.00818	0.00455	0.01454
25	0.11521	0.02723	0.02335	0.01917	0.02552	0.21164	0.01526	0.18059	0.02890	0.18535	0.02173	0.02164	0.01545	0.01006	0.00836	0.00257	0.01096	0.00722	0.00771	0.06208
26	0.03265	0.04064	0.02762	0.02830	0.11246	0.55254	0.01922	0.03546	0.02529	0.02354	0.01463	0.01743	0.01221	0.00928	0.00839	0.00242	0.01576	0.00624	0.00470	0.01120
27	0.01734	0.01632	0.02754	0.65524	0.06324	0.02040	0.02550	0.02346	0.01836	0.02346	0.01632	0.02448	0.01224	0.00918	0.00918	0.00306	0.01224	0.00816	0.00408	0.01020
28	0.02571	0.02121	0.04197	0.13173	0.04448	0.02042	0.35835	0.03217	0.02226	0.17296	0.02249	0.02629	0.01579	0.00885	0.01018	0.00303	0.01311	0.01002	0.00618	0.01282
29	0.01244	0.00936	0.01150	0.01097	0.01337	0.00843	0.00822	0.01625	0.02467	0.03369	0.47924	0.07374	0.22454	0.01994	0.01084	0.00294	0.00441	0.01733	0.00970	0.00843
30	0.01312	0.00984	0.01476	0.01476	0.01640	0.01148	0.01148	0.01640	0.01476	0.02131	0.02459	0.03607	0.02295	0.06886	0.64092	0.01476	0.02459	0.00984	0.00492	0.00820
31	0.01116	0.00808	0.01056	0.01255	0.01326	0.00748	0.00842	0.01281	0.01781	0.02353	0.05348	0.63182	0.09838	0.02839	0.01166	0.00369	0.00528	0.02565	0.00852	0.00748
32	0.02273	0.02182	0.03727	0.05636	0.62003	0.02182	0.02818	0.02818	0.02091	0.03000	0.01727	0.02273	0.01454	0.00818	0.00909	0.00273	0.01091	0.00818	0.00455	0.01454
33	0.01972	0.01874	0.03183	0.39100	0.30891	0.02102	0.02668	0.02554	0.01948	0.02634	0.01674	0.02371	0.01326	0.00874	0.00914	0.00291	0.01165	0.00817	0.00429	0.01212
34	0.74217	0.01776	0.01350	0.01207	0.01776	0.02060	0.00994	0.02699	0.01563	0.04120	0.01278	0.01492	0.00994	0.00852	0.00568	0.00284	0.00710	0.00497	0.00568	0.00994
35	0.33957	0.02665	0.02112	0.01784	0.02383	0.17321	0.01429	0.21323	0.02715	0.04211	0.01615	0.01764	0.01225	0.00957	0.00746	0.00270	0.01037	0.00628	0.00660	0.01197
36	0.01735	0.01348	0.01669	0.01747	0.02057	0.01447	0.01471	0.02849	0.20624	0.03095	0.04504	0.08154	0.04496	0.02126	0.01162	0.00387	0.00808	0.38409	0.00874	0.01039
37	0.01334	0.00897	0.01037	0.01037	0.01049	0.00909	0.00600	0.01358	0.01346	0.01806	0.02861	0.05830	0.03261	0.63208	0.09091	0.00934	0.01007	0.01309	0.00552	0.00576
38	0.01335	0.00890	0.01001	0.01001	0.01001	0.00890	0.00556	0.01335	0.01335	0.01780	0.02893	0.06009	0.03338	0.67731	0.04673	0.00890	0.00890	0.01335	0.00556	0.00556
39	0.01111	0.00831	0.01033	0.01194	0.01310	0.00753	0.00815	0.01288	0.01839	0.02377	0.06087	0.53021	0.19521	0.02743	0.01151	0.00358	0.00516	0.02448	0.00852	0.00753
40	0.03490	0.02572	0.02756	0.02113	0.02847	0.02847	0.01745	0.58942	0.04317	0.05787	0.02204	0.02204	0.01561	0.01102	0.00919	0.00276	0.01010	0.00827	0.00919	0.01561
41	0.03410	0.02532	0.02710	0.02096	0.02817	0.02810	0.01726	0.55340	0.08050	0.05657	0.02307	0.02286	0.01644	0.01112	0.00920	0.00278	0.00991	0.00841	0.00920	0.01554
42	0.02141	0.02048	0.03490	0.20220	0.48444	0.02147	0.02753	0.02703	0.02029	0.02841	0.01704	0.02315	0.01398	0.00842	0.00911	0.00281	0.01123	0.00818	0.00443	0.01349
43	0.01842	0.04749	0.62974	0.02617	0.03974	0.02132	0.03392	0.02908	0.01939	0.02908	0.01648	0.01939	0.01163	0.00872	0.00872	0.00291	0.01357	0.00678	0.00388	0.01357
44	0.01842	0.04749	0.62974	0.02617	0.03974	0.02132	0.03392	0.02908	0.01939	0.02908	0.01648	0.01939	0.01163	0.00872	0.00872	0.00291	0.01357	0.00678	0.00388	0.01357
45	0.04120	0.01563	0.02131	0.01634	0.02344	0.01350	0.01350	0.04475	0.02628	0.62639	0.03622	0.03125	0.02273	0.01136	0.00923	0.00284	0.00781	0.00923	0.01136	0.01563
46	0.01119	0.00799	0.01065	0.01278	0.01332	0.00746	0.00852	0.01278	0.01758	0.02344	0.05061	0.67132	0.06073	0.02877	0.01172	0.00373	0.00533	0.02610	0.00852	0.00746
47	0.02507	0.03204	0.24350	0.03193	0.18619	0.02383	0.02590	0.20827	0.06625	0.03909	0.01985	0.02209	0.01475	0.00956	0.00901	0.00283	0.01136	0.00786	0.00610	0.01454
48	0.02189	0.01434	0.01727	0.01459	0.01866	0.01437	0.01150	0.16938	0.03050	0.10898	0.39528	0.05225	0.06092	0.01592	0.01022	0.00285	0.00623	0.01360	0.01001	0.01126
49	0.01119	0.00799	0.01065	0.01278	0.01332	0.00746	0.00852	0.01278	0.01758	0.02344	0.05061	0.67132	0.06073	0.02877	0.01172	0.00373	0.00533	0.02610	0.00852	0.00746
50	0.02574	0.02753	0.03434	0.04784	0.46599	0.18288	0.02546	0.03039	0.02224	0.02804	0.01647	0.02112	0.01384	0.00851	0.00888	0.00263	0.01238	0.00759	0.00459	0.01353
51	0.07077	0.20305	0.10918	0.01954	0.02663	0.21572	0.01786	0.09411	0.02422	0.06400	0.02157	0.02271	0.05371	0.01011	0.00789	0.00248	0.01179	0.00708	0.00562	0.01194
52	0.02499	0.01886	0.03085	0.15399	0.36346	0.01912	0.02360	0.03011	0.02183	0.15129	0.05425	0.02734	0.01981	0.00960	0.00923	0.00282	0.01015	0.00886	0.00617	0.01365
53	0.03271	0.03054	0.02684	0.02360	0.06154	0.23035	0.01780	0.33957	0.03451	0.04234	0.01932	0.02110	0.01473	0.01379	0.04655	0.00334	0.01316	0.00757	0.00719	0.01346
54	0.02447	0.02147	0.03131	0.02552	0.05875	0.02275	0.16457	0.21005	0.11277	0.03930	0.05880	0.03384	0.08496	0.01227	0.01129	0.00302	0.05359	0.01083	0.00743	0.01301
55	0.21319	0.02339	0.03177	0.02834	0.11010	0.09443	0.18663	0.03265	0.06428	0.09992	0.01977	0.02239	0.01477	0.00897	0.00866	0.00287	0.01133	0.00815	0.00602	0.01236

[dist]
# distance from previous block
# <min> <max>
0	15

# created by:
# /home/cegg/simao/soft/augustus-3.2.1/scripts/msa2prfl.pl ./align_prep/15673.fa
