[name]
unknown

[dist]
# distance from previous block
# <min> <max>
0	5

[block]
# block no. 0 follows, 22 sequences, length 40
# corresponding to MSA columns:
# 5-44
name=unknown_A
#
# <colnr> <probs for GDERKNQSTAVLIFYWHMCP>
#	G	D	E	R	K	N	Q	S	T	A	V	L	I	F	Y	W	H	M	C	P
0	0.01339	0.00956	0.01339	0.01530	0.01721	0.00956	0.01339	0.01721	0.01912	0.02486	0.04399	0.09371	0.04781	0.02295	0.01147	0.00382	0.00765	0.60031	0.00765	0.00765
1	0.01416	0.00722	0.01075	0.01087	0.01090	0.00719	0.00725	0.01087	0.01115	0.01486	0.01643	0.06837	0.01701	0.02868	0.03108	0.71024	0.00706	0.00826	0.00387	0.00381
2	0.06441	0.04126	0.62345	0.02287	0.03469	0.01925	0.02931	0.02619	0.01732	0.02701	0.01470	0.01728	0.01043	0.00788	0.00772	0.00263	0.01191	0.00603	0.00361	0.01207
3	0.01810	0.09881	0.42364	0.05848	0.18802	0.02064	0.02754	0.02575	0.01778	0.02566	0.01476	0.01809	0.01121	0.00772	0.00775	0.00252	0.01131	0.00634	0.00367	0.01221
4	0.01443	0.00722	0.01082	0.01082	0.01082	0.00722	0.00722	0.01082	0.01082	0.01443	0.01443	0.02525	0.01443	0.02886	0.03247	0.75830	0.00722	0.00722	0.00361	0.00361
5	0.02271	0.62660	0.04072	0.01486	0.02163	0.07501	0.01427	0.02658	0.05457	0.02050	0.01296	0.01449	0.01154	0.00745	0.00566	0.00186	0.00915	0.00480	0.00389	0.01074
6	0.02186	0.67085	0.08266	0.01481	0.02224	0.03202	0.01525	0.02497	0.01692	0.01997	0.01176	0.01359	0.01065	0.00716	0.00549	0.00183	0.00910	0.00455	0.00355	0.01076
7	0.01666	0.04297	0.66500	0.02368	0.03596	0.01929	0.03069	0.02631	0.01754	0.02631	0.01491	0.01754	0.01052	0.00789	0.00789	0.00263	0.01228	0.00614	0.00351	0.01228
8	0.01491	0.01219	0.01689	0.01552	0.01653	0.01559	0.01249	0.01761	0.01386	0.02169	0.01886	0.02687	0.01714	0.03465	0.30815	0.00760	0.27204	0.00807	0.14125	0.00811
9	0.01196	0.00800	0.00910	0.00922	0.00925	0.00797	0.00520	0.01205	0.01232	0.01643	0.02741	0.09518	0.03176	0.66510	0.04029	0.00776	0.00785	0.01281	0.00520	0.00514
10	0.01219	0.00950	0.01119	0.01059	0.01309	0.00902	0.00799	0.01775	0.09031	0.03040	0.42344	0.06368	0.23473	0.01750	0.00966	0.00269	0.00429	0.01511	0.00866	0.00819
11	0.01872	0.01786	0.03039	0.29224	0.42939	0.01925	0.02458	0.02388	0.01804	0.02490	0.01530	0.02116	0.01237	0.00774	0.00826	0.00258	0.01033	0.00739	0.00395	0.01167
12	0.01508	0.01534	0.01255	0.01188	0.01477	0.15503	0.00891	0.01772	0.02129	0.02514	0.23382	0.06036	0.34331	0.01710	0.00930	0.00260	0.00651	0.01411	0.00737	0.00783
13	0.01208	0.00805	0.00906	0.00906	0.00906	0.00805	0.00503	0.01208	0.01208	0.01611	0.02618	0.05436	0.03020	0.70804	0.04228	0.00805	0.00805	0.01208	0.00503	0.00503
14	0.01208	0.00805	0.00906	0.00906	0.00906	0.00805	0.00503	0.01208	0.01208	0.01611	0.02618	0.05436	0.03020	0.70804	0.04228	0.00805	0.00805	0.01208	0.00503	0.00503
15	0.02547	0.46426	0.03615	0.01687	0.02293	0.26997	0.01489	0.02794	0.01934	0.01984	0.01203	0.01394	0.01068	0.00764	0.00613	0.00191	0.01114	0.00478	0.00382	0.01028
16	0.01443	0.00722	0.01082	0.01082	0.01082	0.00722	0.00722	0.01082	0.01082	0.01443	0.01443	0.02525	0.01443	0.02886	0.03247	0.75830	0.00722	0.00722	0.00361	0.00361
17	0.06050	0.21692	0.03033	0.02451	0.14200	0.34847	0.01700	0.02909	0.02044	0.02217	0.01295	0.01551	0.01107	0.00791	0.00694	0.00212	0.01198	0.00545	0.00409	0.01054
18	0.00982	0.00842	0.00842	0.00842	0.01122	0.00701	0.00631	0.01192	0.01894	0.02244	0.08416	0.07995	0.65285	0.02104	0.00982	0.00281	0.00421	0.01753	0.00771	0.00701
19	0.01190	0.00798	0.00911	0.00930	0.00934	0.00793	0.00528	0.01203	0.01244	0.01659	0.02801	0.11511	0.03252	0.64414	0.03931	0.00762	0.00775	0.01316	0.00528	0.00519
20	0.02371	0.01642	0.06041	0.01536	0.02036	0.01499	0.01298	0.15224	0.10704	0.19932	0.03733	0.14933	0.09365	0.01468	0.00903	0.00282	0.00712	0.04335	0.00833	0.01152
21	0.02056	0.01974	0.03372	0.05099	0.65622	0.01974	0.02550	0.02550	0.01892	0.02714	0.01563	0.02056	0.01316	0.00740	0.00822	0.00247	0.00987	0.00740	0.00411	0.01316
22	0.01187	0.00890	0.01335	0.01335	0.01483	0.01038	0.01038	0.01483	0.01335	0.01928	0.02225	0.03264	0.02077	0.06231	0.67512	0.01335	0.02225	0.00890	0.00445	0.00742
23	0.02825	0.01687	0.01843	0.01493	0.01952	0.05932	0.01155	0.20598	0.02506	0.26150	0.02584	0.03209	0.02065	0.20178	0.01761	0.00403	0.00848	0.00892	0.00786	0.01133
24	0.02019	0.02486	0.14632	0.04353	0.46486	0.04505	0.08232	0.02604	0.01892	0.02668	0.01550	0.01998	0.01255	0.00750	0.00829	0.00251	0.01088	0.00732	0.00402	0.01268
25	0.02268	0.67706	0.04246	0.01460	0.02155	0.06716	0.01431	0.02532	0.01724	0.01959	0.01162	0.01341	0.01066	0.00718	0.00545	0.00180	0.00921	0.00449	0.00359	0.01061
26	0.03103	0.03959	0.02354	0.02140	0.02568	0.67469	0.01605	0.03317	0.02354	0.02033	0.01284	0.01498	0.01070	0.00856	0.00749	0.00214	0.01498	0.00535	0.00428	0.00963
27	0.01666	0.04297	0.66500	0.02368	0.03596	0.01929	0.03069	0.02631	0.01754	0.02631	0.01491	0.01754	0.01052	0.00789	0.00789	0.00263	0.01228	0.00614	0.00351	0.01228
28	0.01208	0.00805	0.00906	0.00906	0.00906	0.00805	0.00503	0.01208	0.01208	0.01611	0.02618	0.05436	0.03020	0.70804	0.04228	0.00805	0.00805	0.01208	0.00503	0.00503
29	0.01962	0.01977	0.03490	0.06750	0.35436	0.02124	0.15668	0.02434	0.01759	0.02519	0.01480	0.02050	0.01245	0.00894	0.01282	0.00281	0.16293	0.00790	0.00401	0.01166
30	0.01753	0.15445	0.51553	0.02101	0.03171	0.02083	0.02623	0.02560	0.01742	0.02547	0.01515	0.01772	0.01127	0.00788	0.00732	0.00244	0.01114	0.00596	0.05365	0.01170
31	0.01012	0.00723	0.00964	0.01157	0.01205	0.00675	0.00771	0.01157	0.01591	0.02121	0.04579	0.70262	0.05495	0.02603	0.01060	0.00337	0.00482	0.02362	0.00771	0.00675
32	0.01666	0.04297	0.66500	0.02368	0.03596	0.01929	0.03069	0.02631	0.01754	0.02631	0.01491	0.01754	0.01052	0.00789	0.00789	0.00263	0.01228	0.00614	0.00351	0.01228
33	0.01666	0.04297	0.66500	0.02368	0.03596	0.01929	0.03069	0.02631	0.01754	0.02631	0.01491	0.01754	0.01052	0.00789	0.00789	0.00263	0.01228	0.00614	0.00351	0.01228
34	0.19475	0.02846	0.02336	0.02539	0.16307	0.32503	0.01653	0.08150	0.02175	0.02846	0.01379	0.01631	0.01116	0.00824	0.00719	0.00234	0.01141	0.00580	0.00479	0.01066
35	0.01002	0.00842	0.00870	0.00863	0.01135	0.00710	0.00647	0.01232	0.01942	0.02360	0.14446	0.07805	0.59183	0.02061	0.00982	0.00278	0.00418	0.01727	0.00787	0.00710
36	0.02038	0.02079	0.06230	0.04975	0.62814	0.01972	0.02573	0.02553	0.01885	0.02710	0.01559	0.02042	0.01304	0.00742	0.00821	0.00247	0.00998	0.00734	0.00408	0.01312
37	0.02429	0.03037	0.12102	0.03347	0.25926	0.24679	0.06942	0.06863	0.02172	0.02631	0.01494	0.01830	0.01195	0.00801	0.00805	0.00241	0.01226	0.00671	0.00437	0.01172
38	0.01864	0.03608	0.44486	0.03141	0.21405	0.05852	0.02832	0.02648	0.01829	0.02619	0.01499	0.01826	0.01129	0.00779	0.00796	0.00255	0.01174	0.00646	0.00373	0.01237
39	0.08953	0.01428	0.01395	0.01335	0.01565	0.09358	0.01014	0.01850	0.04235	0.02269	0.03754	0.11147	0.17840	0.07271	0.16014	0.00552	0.07470	0.01181	0.00578	0.00791

[dist]
# distance from previous block
# <min> <max>
0	5

[block]
# block no. 1 follows, 22 sequences, length 6
# corresponding to MSA columns:
# 50-55
name=unknown_B
#
# <colnr> <probs for GDERKNQSTAVLIFYWHMCP>
#	G	D	E	R	K	N	Q	S	T	A	V	L	I	F	Y	W	H	M	C	P
0	0.01429	0.19334	0.01857	0.01124	0.01365	0.01448	0.00866	0.01576	0.01503	0.01901	0.03190	0.13790	0.09422	0.28821	0.05425	0.00524	0.00809	0.04353	0.00541	0.00722
1	0.02313	0.28064	0.19958	0.01922	0.02652	0.16046	0.01937	0.08260	0.02017	0.02456	0.01343	0.01576	0.01097	0.00845	0.00841	0.00229	0.06364	0.00557	0.00414	0.01107
2	0.01007	0.00742	0.00944	0.01106	0.01192	0.00679	0.00748	0.01162	0.01640	0.02141	0.05201	0.60168	0.15187	0.02522	0.01048	0.00328	0.00472	0.02263	0.00771	0.00679
3	0.02667	0.03244	0.02304	0.02078	0.02392	0.48116	0.01599	0.02882	0.02039	0.02017	0.01327	0.01720	0.01163	0.01454	0.07042	0.00344	0.15657	0.00606	0.00416	0.00932
4	0.01936	0.11844	0.26408	0.03629	0.34846	0.02129	0.02591	0.02571	0.01815	0.02585	0.01483	0.01852	0.01188	0.00754	0.00773	0.00244	0.01061	0.00656	0.00382	0.01251
5	0.01906	0.20321	0.34485	0.02851	0.19530	0.02278	0.02524	0.02574	0.01774	0.02485	0.01426	0.01729	0.01125	0.00757	0.00734	0.00238	0.01080	0.00605	0.00368	0.01211

[dist]
# distance from previous block
# <min> <max>
0	11

[block]
# block no. 2 follows, 22 sequences, length 21
# corresponding to MSA columns:
# 67-87
name=unknown_C
#
# <colnr> <probs for GDERKNQSTAVLIFYWHMCP>
#	G	D	E	R	K	N	Q	S	T	A	V	L	I	F	Y	W	H	M	C	P
0	0.05220	0.16903	0.02401	0.01916	0.10655	0.01857	0.01374	0.01995	0.01737	0.02485	0.17166	0.03095	0.02969	0.02193	0.14691	0.00474	0.10530	0.00877	0.00528	0.00936
1	0.01941	0.29778	0.29874	0.02234	0.03183	0.02489	0.14614	0.02582	0.01771	0.02376	0.01400	0.01691	0.01100	0.00741	0.00729	0.00234	0.01132	0.00623	0.00367	0.01143
2	0.02280	0.02827	0.11943	0.03929	0.40159	0.19393	0.02371	0.02765	0.01995	0.02521	0.01478	0.01865	0.01214	0.00778	0.00798	0.00240	0.01157	0.00668	0.00407	0.01210
3	0.07400	0.08658	0.29709	0.02577	0.13745	0.02081	0.04964	0.02957	0.14517	0.02844	0.01846	0.02038	0.01400	0.00838	0.00773	0.00257	0.01006	0.00692	0.00478	0.01218
4	0.02353	0.02294	0.01858	0.01686	0.02098	0.22768	0.01292	0.03597	0.31155	0.05117	0.02570	0.02583	0.01976	0.01199	0.03184	0.00285	0.00947	0.00781	0.11148	0.01109
5	0.02554	0.12584	0.08121	0.02563	0.15426	0.25284	0.01843	0.13135	0.02362	0.02772	0.01802	0.02005	0.04236	0.00890	0.00762	0.00229	0.01134	0.00666	0.00494	0.01137
6	0.02402	0.57525	0.03944	0.01569	0.02221	0.16419	0.01459	0.02657	0.01824	0.01971	0.01181	0.01366	0.01067	0.00740	0.00577	0.00185	0.01013	0.00463	0.00370	0.01045
7	0.02405	0.07958	0.08714	0.01841	0.02329	0.37489	0.01550	0.04710	0.02156	0.02238	0.02770	0.02873	0.14220	0.01126	0.00878	0.00238	0.04252	0.00802	0.00496	0.00956
8	0.01157	0.00909	0.01080	0.01029	0.01298	0.00781	0.00761	0.01437	0.01962	0.02649	0.25756	0.19255	0.24754	0.01861	0.00946	0.00264	0.00451	0.01617	0.00780	0.11254
9	0.01228	0.00940	0.01151	0.01266	0.01400	0.00959	0.00882	0.01823	0.14385	0.02398	0.04334	0.56520	0.04889	0.02301	0.01016	0.00326	0.00518	0.02071	0.00786	0.00806
10	0.01012	0.00723	0.00964	0.01157	0.01205	0.00675	0.00771	0.01157	0.01591	0.02121	0.04579	0.70262	0.05495	0.02603	0.01060	0.00337	0.00482	0.02362	0.00771	0.00675
11	0.00982	0.00842	0.00842	0.00842	0.01122	0.00701	0.00631	0.01192	0.01894	0.02244	0.08416	0.07995	0.65285	0.02104	0.00982	0.00281	0.00421	0.01753	0.00771	0.00701
12	0.01126	0.00877	0.01277	0.14999	0.02129	0.00914	0.01085	0.01354	0.01605	0.02121	0.03944	0.56339	0.04597	0.02240	0.01013	0.00325	0.00610	0.02030	0.00689	0.00726
13	0.01847	0.01945	0.03247	0.21751	0.03882	0.05085	0.20672	0.02297	0.01644	0.02240	0.01392	0.02048	0.01147	0.01016	0.01556	0.00306	0.25759	0.00800	0.00385	0.00980
14	0.02935	0.02216	0.02367	0.01866	0.02491	0.02472	0.01525	0.50895	0.16227	0.04875	0.02278	0.02221	0.01643	0.01024	0.00834	0.00256	0.00862	0.00787	0.00834	0.01393
15	0.01177	0.00808	0.00988	0.01015	0.01047	0.00827	0.00633	0.01248	0.01284	0.01737	0.02825	0.14142	0.03204	0.50135	0.14679	0.00831	0.01005	0.01315	0.00531	0.00568
16	0.00986	0.00825	0.00859	0.00886	0.01134	0.00698	0.00651	0.01187	0.01851	0.02227	0.07878	0.16716	0.56911	0.02174	0.00993	0.00288	0.00429	0.01838	0.00771	0.00698
17	0.01313	0.01855	0.18350	0.01828	0.09140	0.01176	0.01554	0.01753	0.01811	0.02422	0.06797	0.18434	0.24148	0.01703	0.00937	0.00288	0.00724	0.04232	0.00625	0.00909
18	0.01666	0.04297	0.66500	0.02368	0.03596	0.01929	0.03069	0.02631	0.01754	0.02631	0.01491	0.01754	0.01052	0.00789	0.00789	0.00263	0.01228	0.00614	0.00351	0.01228
19	0.02056	0.01974	0.03372	0.05099	0.65622	0.01974	0.02550	0.02550	0.01892	0.02714	0.01563	0.02056	0.01316	0.00740	0.00822	0.00247	0.00987	0.00740	0.00411	0.01316
20	0.17323	0.01899	0.02932	0.04279	0.52524	0.01951	0.02212	0.02528	0.01794	0.02921	0.01480	0.01912	0.01231	0.00747	0.00759	0.00249	0.00916	0.00681	0.00432	0.01231

[dist]
# distance from previous block
# <min> <max>
0	2

[block]
# block no. 3 follows, 22 sequences, length 44
# corresponding to MSA columns:
# 90-133
name=unknown_D
#
# <colnr> <probs for GDERKNQSTAVLIFYWHMCP>
#	G	D	E	R	K	N	Q	S	T	A	V	L	I	F	Y	W	H	M	C	P
0	0.01187	0.00890	0.01335	0.01335	0.01483	0.01038	0.01038	0.01483	0.01335	0.01928	0.02225	0.03264	0.02077	0.06231	0.67512	0.01335	0.02225	0.00890	0.00445	0.00742
1	0.01323	0.01073	0.01177	0.01113	0.01391	0.01070	0.00830	0.02091	0.17306	0.02787	0.22174	0.06061	0.28324	0.08107	0.01248	0.00324	0.00507	0.01433	0.00804	0.00857
2	0.02221	0.71304	0.04353	0.01421	0.02132	0.03287	0.01421	0.02488	0.01688	0.01955	0.01155	0.01333	0.01066	0.00711	0.00533	0.00178	0.00888	0.00444	0.00355	0.01066
3	0.01723	0.00970	0.01286	0.01138	0.01430	0.00878	0.00878	0.02099	0.02357	0.16807	0.51914	0.05481	0.06599	0.01555	0.00949	0.00260	0.00459	0.01359	0.00939	0.00919
4	0.03158	0.02327	0.02493	0.01911	0.02576	0.02576	0.01579	0.62852	0.03906	0.05236	0.01995	0.01995	0.01413	0.00997	0.00831	0.00249	0.00914	0.00748	0.00831	0.01413
5	0.02019	0.50537	0.07714	0.01680	0.02358	0.02775	0.07749	0.02376	0.01671	0.02064	0.01376	0.01716	0.01224	0.01472	0.09790	0.00352	0.01145	0.00571	0.00374	0.01037
6	0.01193	0.00864	0.01203	0.01203	0.01306	0.00967	0.00874	0.01399	0.01296	0.01831	0.02346	0.03930	0.02366	0.26046	0.48093	0.01173	0.01790	0.00988	0.00463	0.00669
7	0.01046	0.00747	0.01002	0.01195	0.01258	0.00704	0.00829	0.01215	0.01624	0.02158	0.04560	0.64011	0.05421	0.02571	0.01069	0.00342	0.00511	0.08282	0.00771	0.00684
8	0.01117	0.00847	0.01029	0.00983	0.01205	0.00759	0.00737	0.01453	0.02212	0.03000	0.47896	0.06750	0.25333	0.01822	0.00980	0.00267	0.00401	0.01579	0.00871	0.00759
9	0.02892	0.09803	0.02565	0.07910	0.02806	0.49102	0.01647	0.09247	0.02391	0.02363	0.01362	0.01597	0.01108	0.00855	0.00745	0.00220	0.01347	0.00566	0.00458	0.01015
10	0.00982	0.00842	0.00842	0.00842	0.01122	0.00701	0.00631	0.01192	0.01894	0.02244	0.08416	0.07995	0.65285	0.02104	0.00982	0.00281	0.00421	0.01753	0.00771	0.00701
11	0.00982	0.00842	0.00842	0.00842	0.01122	0.00701	0.00631	0.01192	0.01894	0.02244	0.08416	0.07995	0.65285	0.02104	0.00982	0.00281	0.00421	0.01753	0.00771	0.00701
12	0.01012	0.00723	0.00964	0.01157	0.01205	0.00675	0.00771	0.01157	0.01591	0.02121	0.04579	0.70262	0.05495	0.02603	0.01060	0.00337	0.00482	0.02362	0.00771	0.00675
13	0.01569	0.01477	0.02492	0.68808	0.05722	0.01846	0.02307	0.02123	0.01661	0.02123	0.01477	0.02215	0.01107	0.00831	0.00831	0.00277	0.01107	0.00738	0.00369	0.00923
14	0.01443	0.00722	0.01082	0.01082	0.01082	0.00722	0.00722	0.01082	0.01082	0.01443	0.01443	0.02525	0.01443	0.02886	0.03247	0.75830	0.00722	0.00722	0.00361	0.00361
15	0.03103	0.03959	0.02354	0.02140	0.02568	0.67469	0.01605	0.03317	0.02354	0.02033	0.01284	0.01498	0.01070	0.00856	0.00749	0.00214	0.01498	0.00535	0.00428	0.00963
16	0.01187	0.00890	0.01335	0.01335	0.01483	0.01038	0.01038	0.01483	0.01335	0.01928	0.02225	0.03264	0.02077	0.06231	0.67512	0.01335	0.02225	0.00890	0.00445	0.00742
17	0.01187	0.00890	0.01335	0.01335	0.01483	0.01038	0.01038	0.01483	0.01335	0.01928	0.02225	0.03264	0.02077	0.06231	0.67512	0.01335	0.02225	0.00890	0.00445	0.00742
18	0.01966	0.01697	0.01783	0.01612	0.02064	0.01940	0.01252	0.04116	0.58365	0.03361	0.03847	0.03552	0.08340	0.01217	0.00858	0.00282	0.00636	0.01015	0.00838	0.01258
19	0.03081	0.02253	0.02411	0.01857	0.02500	0.02490	0.01531	0.59952	0.03803	0.05134	0.02029	0.02047	0.01447	0.00996	0.00819	0.00247	0.00889	0.00749	0.04382	0.01382
20	0.01024	0.00728	0.00961	0.01142	0.01187	0.00682	0.00755	0.01160	0.01568	0.02091	0.04463	0.66427	0.05348	0.06638	0.01248	0.00365	0.00501	0.02293	0.00755	0.00665
21	0.01593	0.01501	0.02535	0.65652	0.08688	0.01852	0.02319	0.02144	0.01673	0.02152	0.01481	0.02207	0.01118	0.00826	0.00830	0.00275	0.01101	0.00738	0.00371	0.00942
22	0.03147	0.02646	0.02466	0.01956	0.02575	0.15241	0.01584	0.51233	0.03603	0.04611	0.01856	0.01898	0.01346	0.00970	0.00815	0.00242	0.01028	0.00706	0.00752	0.01325
23	0.01666	0.04297	0.66500	0.02368	0.03596	0.01929	0.03069	0.02631	0.01754	0.02631	0.01491	0.01754	0.01052	0.00789	0.00789	0.00263	0.01228	0.00614	0.00351	0.01228
24	0.02219	0.02323	0.03088	0.10403	0.47530	0.14999	0.02339	0.02663	0.01962	0.02524	0.01499	0.01960	0.01248	0.00772	0.00809	0.00243	0.01100	0.00699	0.00411	0.01209
25	0.05312	0.04109	0.50808	0.02265	0.03302	0.14972	0.02681	0.02759	0.01858	0.02561	0.01435	0.01685	0.01049	0.00802	0.00769	0.00253	0.01255	0.00591	0.00373	0.01160
26	0.01009	0.00734	0.00953	0.01128	0.01197	0.00677	0.00758	0.01160	0.01619	0.02132	0.04934	0.64502	0.11025	0.02557	0.01053	0.00332	0.00476	0.02305	0.00771	0.00677
27	0.02758	0.30320	0.03137	0.01859	0.02398	0.42346	0.01533	0.02993	0.02093	0.02002	0.01234	0.01433	0.01069	0.00799	0.00665	0.00200	0.01259	0.00499	0.00400	0.01003
28	0.01642	0.01242	0.01384	0.01284	0.01599	0.01251	0.00984	0.19177	0.02386	0.03088	0.05156	0.25880	0.25128	0.01947	0.00970	0.00294	0.00599	0.04297	0.00788	0.00903
29	0.02194	0.02215	0.02039	0.02397	0.17835	0.24738	0.01481	0.02538	0.01959	0.02516	0.01871	0.02284	0.01545	0.01358	0.06893	0.00320	0.01102	0.00692	0.23050	0.00974
30	0.21428	0.01914	0.04754	0.01577	0.02221	0.01896	0.01350	0.24676	0.02661	0.26174	0.02217	0.02118	0.01497	0.00943	0.00753	0.00255	0.00788	0.00699	0.00801	0.01279
31	0.01149	0.00837	0.01081	0.01043	0.01231	0.00769	0.00774	0.01507	0.02254	0.03154	0.56181	0.12238	0.11059	0.01806	0.00987	0.00269	0.00402	0.01597	0.00893	0.00769
32	0.01942	0.01855	0.03130	0.11385	0.55613	0.01885	0.02410	0.02424	0.01868	0.02625	0.01964	0.02428	0.05122	0.00831	0.00833	0.00252	0.00965	0.00801	0.00428	0.01239
33	0.03103	0.03959	0.02354	0.02140	0.02568	0.67469	0.01605	0.03317	0.02354	0.02033	0.01284	0.01498	0.01070	0.00856	0.00749	0.00214	0.01498	0.00535	0.00428	0.00963
34	0.01569	0.01477	0.02492	0.68808	0.05722	0.01846	0.02307	0.02123	0.01661	0.02123	0.01477	0.02215	0.01107	0.00831	0.00831	0.00277	0.01107	0.00738	0.00369	0.00923
35	0.01012	0.00723	0.00964	0.01157	0.01205	0.00675	0.00771	0.01157	0.01591	0.02121	0.04579	0.70262	0.05495	0.02603	0.01060	0.00337	0.00482	0.02362	0.00771	0.00675
36	0.02056	0.01974	0.03372	0.05099	0.65622	0.01974	0.02550	0.02550	0.01892	0.02714	0.01563	0.02056	0.01316	0.00740	0.00822	0.00247	0.00987	0.00740	0.00411	0.01316
37	0.01070	0.00867	0.00964	0.01001	0.01258	0.00761	0.00792	0.01328	0.01925	0.02360	0.10913	0.08184	0.48917	0.02121	0.01017	0.00301	0.00493	0.14230	0.00779	0.00720
38	0.02643	0.39113	0.03398	0.01765	0.02341	0.33967	0.01509	0.02884	0.02006	0.01992	0.01217	0.01412	0.01068	0.00780	0.00636	0.00195	0.01180	0.00488	0.00390	0.01017
39	0.01082	0.00805	0.01007	0.01043	0.01205	0.00730	0.00749	0.01353	0.02002	0.02703	0.33284	0.28336	0.18476	0.02086	0.01008	0.00291	0.00428	0.01844	0.00837	0.00730
40	0.02596	0.37861	0.03424	0.01952	0.06079	0.31172	0.01568	0.02853	0.01990	0.02034	0.01235	0.01448	0.01083	0.00776	0.00644	0.00198	0.01160	0.00501	0.00390	0.01036
41	0.00982	0.00842	0.00842	0.00842	0.01122	0.00701	0.00631	0.01192	0.01894	0.02244	0.08416	0.07995	0.65285	0.02104	0.00982	0.00281	0.00421	0.01753	0.00771	0.00701
42	0.01707	0.01454	0.01498	0.04177	0.04405	0.11505	0.01124	0.02035	0.01674	0.02411	0.02126	0.02747	0.01808	0.02759	0.23579	0.00602	0.05365	0.00771	0.27422	0.00830
43	0.02012	0.01705	0.01808	0.01582	0.02071	0.01884	0.01238	0.08472	0.47630	0.03422	0.03614	0.03387	0.08677	0.01171	0.00838	0.00265	0.00650	0.00967	0.00806	0.07802

[dist]
# distance from previous block
# <min> <max>
0	1

[block]
# block no. 4 follows, 22 sequences, length 46
# corresponding to MSA columns:
# 135-180
name=unknown_E
#
# <colnr> <probs for GDERKNQSTAVLIFYWHMCP>
#	G	D	E	R	K	N	Q	S	T	A	V	L	I	F	Y	W	H	M	C	P
0	0.01051	0.00764	0.01006	0.01161	0.01247	0.00698	0.00783	0.01208	0.01598	0.02153	0.04409	0.66503	0.05261	0.02494	0.01036	0.00326	0.00489	0.02259	0.00756	0.04799
1	0.01723	0.01477	0.01723	0.01230	0.01969	0.01107	0.00984	0.02092	0.01723	0.02707	0.01477	0.01723	0.01230	0.00615	0.00615	0.00123	0.00615	0.00492	0.00492	0.75883
2	0.02413	0.57151	0.03972	0.01522	0.02223	0.03141	0.01454	0.14873	0.02143	0.02628	0.01327	0.01468	0.01137	0.00770	0.00594	0.00192	0.00894	0.00507	0.00453	0.01137
3	0.01118	0.00826	0.01044	0.01033	0.01217	0.00752	0.00758	0.01439	0.02149	0.02955	0.45961	0.17564	0.16274	0.01917	0.00994	0.00277	0.00412	0.01690	0.00868	0.00752
4	0.01190	0.00877	0.01269	0.01269	0.01395	0.01003	0.00956	0.01441	0.01316	0.01880	0.02286	0.03598	0.02222	0.16169	0.57772	0.01254	0.02007	0.00939	0.00454	0.00705
5	0.02245	0.02415	0.02925	0.16714	0.36865	0.19694	0.02246	0.02674	0.01972	0.02414	0.01470	0.01936	0.01209	0.00789	0.00804	0.00244	0.01149	0.00684	0.00408	0.01144
6	0.03079	0.06516	0.02481	0.02046	0.02551	0.46886	0.01590	0.19539	0.02748	0.02904	0.01472	0.01626	0.01164	0.00888	0.00762	0.00222	0.01311	0.00589	0.00535	0.01090
7	0.01208	0.00805	0.00906	0.00906	0.00906	0.00805	0.00503	0.01208	0.01208	0.01611	0.02618	0.05436	0.03020	0.70804	0.04228	0.00805	0.00805	0.01208	0.00503	0.00503
8	0.01680	0.04200	0.63603	0.02421	0.03631	0.01937	0.05869	0.02632	0.01764	0.02632	0.01500	0.01777	0.01062	0.00785	0.00798	0.00264	0.01236	0.00631	0.00354	0.01223
9	0.01666	0.04297	0.66500	0.02368	0.03596	0.01929	0.03069	0.02631	0.01754	0.02631	0.01491	0.01754	0.01052	0.00789	0.00789	0.00263	0.01228	0.00614	0.00351	0.01228
10	0.01187	0.00890	0.01335	0.01335	0.01483	0.01038	0.01038	0.01483	0.01335	0.01928	0.02225	0.03264	0.02077	0.06231	0.67512	0.01335	0.02225	0.00890	0.00445	0.00742
11	0.01208	0.00805	0.00906	0.00906	0.00906	0.00805	0.00503	0.01208	0.01208	0.01611	0.02618	0.05436	0.03020	0.70804	0.04228	0.00805	0.00805	0.01208	0.00503	0.00503
12	0.01284	0.01033	0.01521	0.01465	0.01591	0.01270	0.01158	0.01563	0.01325	0.01939	0.02051	0.03041	0.01925	0.05495	0.57541	0.01186	0.12546	0.00865	0.00432	0.00767
13	0.03213	0.02117	0.02348	0.01814	0.02464	0.02280	0.01494	0.48064	0.06814	0.17242	0.02323	0.02219	0.01600	0.01010	0.00833	0.00253	0.00859	0.00776	0.00871	0.01408
14	0.01187	0.00890	0.01335	0.01335	0.01483	0.01038	0.01038	0.01483	0.01335	0.01928	0.02225	0.03264	0.02077	0.06231	0.67512	0.01335	0.02225	0.00890	0.00445	0.00742
15	0.01208	0.00805	0.00906	0.00906	0.00906	0.00805	0.00503	0.01208	0.01208	0.01611	0.02618	0.05436	0.03020	0.70804	0.04228	0.00805	0.00805	0.01208	0.00503	0.00503
16	0.01723	0.01477	0.01723	0.01230	0.01969	0.01107	0.00984	0.02092	0.01723	0.02707	0.01477	0.01723	0.01230	0.00615	0.00615	0.00123	0.00615	0.00492	0.00492	0.75883
17	0.01012	0.00723	0.00964	0.01157	0.01205	0.00675	0.00771	0.01157	0.01591	0.02121	0.04579	0.70262	0.05495	0.02603	0.01060	0.00337	0.00482	0.02362	0.00771	0.00675
18	0.01208	0.00805	0.00906	0.00906	0.00906	0.00805	0.00503	0.01208	0.01208	0.01611	0.02618	0.05436	0.03020	0.70804	0.04228	0.00805	0.00805	0.01208	0.00503	0.00503
19	0.01012	0.00723	0.00964	0.01157	0.01205	0.00675	0.00771	0.01157	0.01591	0.02121	0.04579	0.70262	0.05495	0.02603	0.01060	0.00337	0.00482	0.02362	0.00771	0.00675
20	0.00982	0.00842	0.00842	0.00842	0.01122	0.00701	0.00631	0.01192	0.01894	0.02244	0.08416	0.07995	0.65285	0.02104	0.00982	0.00281	0.00421	0.01753	0.00771	0.00701
21	0.01666	0.04297	0.66500	0.02368	0.03596	0.01929	0.03069	0.02631	0.01754	0.02631	0.01491	0.01754	0.01052	0.00789	0.00789	0.00263	0.01228	0.00614	0.00351	0.01228
22	0.02066	0.01785	0.01878	0.01691	0.02160	0.02066	0.01315	0.04414	0.64121	0.03475	0.03381	0.03099	0.02536	0.01127	0.00845	0.00282	0.00657	0.00939	0.00845	0.01315
23	0.01961	0.02241	0.04902	0.03501	0.04342	0.02101	0.62605	0.02661	0.01961	0.02661	0.01681	0.02241	0.01261	0.00700	0.00980	0.00280	0.01401	0.00980	0.00420	0.01120
24	0.01961	0.02241	0.04902	0.03501	0.04342	0.02101	0.62605	0.02661	0.01961	0.02661	0.01681	0.02241	0.01261	0.00700	0.00980	0.00280	0.01401	0.00980	0.00420	0.01120
25	0.01062	0.00759	0.01022	0.01214	0.01284	0.00718	0.00859	0.01244	0.01640	0.02177	0.04551	0.60891	0.05385	0.02555	0.01074	0.00344	0.00526	0.11237	0.00770	0.00689
26	0.00983	0.00835	0.00848	0.00859	0.01127	0.00700	0.00639	0.01190	0.01877	0.02237	0.08205	0.11410	0.62006	0.02131	0.00986	0.00284	0.00424	0.01787	0.00771	0.00700
27	0.03103	0.03959	0.02354	0.02140	0.02568	0.67469	0.01605	0.03317	0.02354	0.02033	0.01284	0.01498	0.01070	0.00856	0.00749	0.00214	0.01498	0.00535	0.00428	0.00963
28	0.02867	0.03577	0.02375	0.12401	0.03054	0.57369	0.01713	0.03133	0.02248	0.02047	0.01314	0.01608	0.01076	0.00852	0.00762	0.00224	0.01438	0.00566	0.00419	0.00957
29	0.02217	0.02279	0.03215	0.04644	0.55918	0.12054	0.02404	0.02668	0.01963	0.02609	0.01520	0.01970	0.01278	0.00758	0.00811	0.00242	0.01066	0.00709	0.00414	0.01262
30	0.02056	0.01974	0.03372	0.05099	0.65622	0.01974	0.02550	0.02550	0.01892	0.02714	0.01563	0.02056	0.01316	0.00740	0.00822	0.00247	0.00987	0.00740	0.00411	0.01316
31	0.01983	0.03853	0.56562	0.02231	0.03369	0.01820	0.02785	0.02849	0.01850	0.12414	0.01766	0.01919	0.01207	0.00826	0.00796	0.00262	0.01148	0.00648	0.00455	0.01256
32	0.02967	0.14324	0.02662	0.02030	0.02501	0.57591	0.01577	0.03190	0.02252	0.02021	0.01264	0.01473	0.01069	0.00834	0.00716	0.00208	0.01404	0.00521	0.00417	0.00979
33	0.13240	0.07457	0.53138	0.02121	0.03211	0.01992	0.02648	0.02594	0.01698	0.02764	0.01421	0.01669	0.01030	0.00782	0.00733	0.00258	0.01120	0.00580	0.00376	0.01169
34	0.02807	0.27114	0.03080	0.01843	0.02418	0.31768	0.01536	0.15243	0.02440	0.02663	0.01385	0.01542	0.01139	0.00834	0.00691	0.00209	0.01166	0.00547	0.00485	0.01091
35	0.01031	0.00822	0.00911	0.00931	0.01147	0.00716	0.00675	0.01253	0.01895	0.02388	0.17521	0.17603	0.42810	0.05137	0.01137	0.00309	0.00443	0.01783	0.00785	0.00703
36	0.01884	0.01672	0.02722	0.13975	0.41856	0.01694	0.02109	0.02329	0.01882	0.05928	0.02827	0.03149	0.12391	0.01005	0.00852	0.00258	0.00893	0.00920	0.00500	0.01154
37	0.01666	0.04297	0.66500	0.02368	0.03596	0.01929	0.03069	0.02631	0.01754	0.02631	0.01491	0.01754	0.01052	0.00789	0.00789	0.00263	0.01228	0.00614	0.00351	0.01228
38	0.01191	0.00873	0.01247	0.01247	0.01365	0.00991	0.00929	0.01427	0.01309	0.01863	0.02306	0.03709	0.02270	0.19480	0.54528	0.01226	0.01934	0.00955	0.00457	0.00693
39	0.02350	0.44655	0.13433	0.01741	0.02463	0.18647	0.01720	0.02711	0.01860	0.02078	0.01238	0.01438	0.01065	0.00758	0.00625	0.00200	0.01089	0.00492	0.00372	0.01066
40	0.01111	0.00828	0.01033	0.01021	0.01211	0.00750	0.00751	0.01427	0.02140	0.02922	0.44209	0.16432	0.19265	0.01921	0.00993	0.00277	0.00412	0.01686	0.00863	0.00750
41	0.02444	0.13316	0.02388	0.01797	0.02253	0.29653	0.01411	0.03403	0.23665	0.02529	0.02250	0.07384	0.01924	0.01064	0.00774	0.00242	0.01033	0.00804	0.00589	0.01079
42	0.00995	0.00789	0.00896	0.00982	0.01159	0.00689	0.00694	0.01176	0.01758	0.02189	0.06704	0.35767	0.38617	0.02326	0.01017	0.00306	0.00448	0.02025	0.00771	0.00689
43	0.01444	0.01135	0.01243	0.01141	0.01459	0.01111	0.00874	0.11008	0.07119	0.03017	0.18541	0.11574	0.33550	0.01815	0.00954	0.00277	0.00514	0.01534	0.00816	0.00874
44	0.02842	0.03451	0.02399	0.02139	0.02489	0.51398	0.01648	0.05570	0.02198	0.02162	0.01274	0.01585	0.01089	0.00985	0.01158	0.00246	0.15382	0.00583	0.00432	0.00971
45	0.02353	0.40391	0.03364	0.01567	0.02219	0.02805	0.01413	0.14725	0.15237	0.02948	0.01800	0.01849	0.01449	0.00851	0.00660	0.00211	0.00834	0.00610	0.00557	0.04158

[dist]
# distance from previous block
# <min> <max>
0	3

[block]
# block no. 5 follows, 22 sequences, length 17
# corresponding to MSA columns:
# 184-200
name=unknown_F
#
# <colnr> <probs for GDERKNQSTAVLIFYWHMCP>
#	G	D	E	R	K	N	Q	S	T	A	V	L	I	F	Y	W	H	M	C	P
0	0.01223	0.00999	0.01154	0.01084	0.01430	0.00832	0.00833	0.01483	0.01792	0.02370	0.05390	0.18525	0.29937	0.01832	0.00920	0.00262	0.00523	0.08290	0.00697	0.20425
1	0.01977	0.01893	0.03229	0.15440	0.55899	0.01953	0.02510	0.02480	0.01854	0.02618	0.01549	0.02082	0.01282	0.00755	0.00824	0.00252	0.01006	0.00740	0.00404	0.01252
2	0.01588	0.03744	0.55923	0.02200	0.03253	0.01785	0.02740	0.02445	0.01686	0.02517	0.01610	0.01999	0.01219	0.01672	0.11619	0.00437	0.01390	0.00659	0.00366	0.01149
3	0.01292	0.01038	0.01197	0.01238	0.01516	0.01019	0.01008	0.01916	0.12052	0.02536	0.06090	0.07712	0.32383	0.02016	0.01022	0.00319	0.00588	0.23452	0.00781	0.00825
4	0.01233	0.00943	0.01363	0.01338	0.01456	0.01112	0.01022	0.01483	0.01314	0.01892	0.02198	0.03447	0.02132	0.14333	0.54770	0.01199	0.06675	0.00920	0.00447	0.00722
5	0.02960	0.14890	0.02679	0.02024	0.02497	0.57052	0.01575	0.03183	0.02246	0.02020	0.01263	0.01471	0.01069	0.00832	0.00714	0.00208	0.01399	0.00520	0.00416	0.00980
6	0.01529	0.01093	0.01341	0.01263	0.01436	0.01182	0.00925	0.11348	0.01750	0.02380	0.02547	0.04523	0.02610	0.32502	0.23884	0.00849	0.01279	0.06246	0.00561	0.00751
7	0.01739	0.13048	0.58384	0.02244	0.03404	0.02107	0.02854	0.02612	0.01745	0.02543	0.01447	0.01699	0.01054	0.00779	0.00756	0.00252	0.01183	0.00592	0.00351	0.01207
8	0.01208	0.00805	0.00906	0.00906	0.00906	0.00805	0.00503	0.01208	0.01208	0.01611	0.02618	0.05436	0.03020	0.70804	0.04228	0.00805	0.00805	0.01208	0.00503	0.00503
9	0.01870	0.12935	0.02232	0.01595	0.01840	0.07296	0.01292	0.05194	0.05478	0.02252	0.01813	0.02669	0.01706	0.13147	0.10582	0.00498	0.20315	0.00783	0.05613	0.00892
10	0.01031	0.00849	0.00910	0.00909	0.01172	0.00728	0.00692	0.01280	0.01969	0.02434	0.17474	0.07772	0.52870	0.02047	0.00990	0.00283	0.00433	0.04644	0.00794	0.00718
11	0.02892	0.03283	0.02329	0.02051	0.02491	0.44640	0.01579	0.12614	0.10322	0.02710	0.01646	0.01800	0.01310	0.00954	0.00911	0.00238	0.05987	0.00632	0.00539	0.01074
12	0.01012	0.00812	0.00904	0.00946	0.01157	0.00704	0.00685	0.01226	0.01868	0.02337	0.13923	0.23842	0.43297	0.02186	0.01002	0.00293	0.00433	0.01881	0.00788	0.00704
13	0.03248	0.01575	0.01980	0.01501	0.02166	0.01420	0.01234	0.13264	0.02501	0.44000	0.02721	0.02478	0.01792	0.00943	0.00792	0.00230	0.00723	0.00755	0.00893	0.15785
14	0.01192	0.00868	0.01223	0.01223	0.01332	0.00977	0.00898	0.01411	0.01302	0.01845	0.02328	0.03832	0.02324	0.23130	0.50950	0.01196	0.01854	0.00973	0.00460	0.00679
15	0.02373	0.60108	0.04051	0.01501	0.02204	0.03172	0.01447	0.12286	0.02048	0.02487	0.01291	0.01440	0.01122	0.00757	0.00581	0.00189	0.00893	0.00494	0.00433	0.01122
16	0.02780	0.09036	0.14992	0.01986	0.02733	0.10989	0.01856	0.38103	0.03091	0.04024	0.01730	0.01825	0.01268	0.00913	0.00786	0.00241	0.01049	0.00667	0.00644	0.01288

[dist]
# distance from previous block
# <min> <max>
0	3

[block]
# block no. 6 follows, 22 sequences, length 26
# corresponding to MSA columns:
# 204-229
name=unknown_G
#
# <colnr> <probs for GDERKNQSTAVLIFYWHMCP>
#	G	D	E	R	K	N	Q	S	T	A	V	L	I	F	Y	W	H	M	C	P
0	0.01128	0.00936	0.01380	0.01320	0.01525	0.00854	0.07690	0.01358	0.01734	0.02252	0.08195	0.39955	0.20956	0.05233	0.01167	0.00333	0.00579	0.01950	0.00727	0.00730
1	0.01172	0.00987	0.01045	0.01043	0.01258	0.04219	0.00765	0.01440	0.02039	0.02626	0.28999	0.17934	0.29513	0.01972	0.00983	0.00280	0.00477	0.01701	0.00808	0.00742
2	0.01355	0.01082	0.01507	0.01423	0.01513	0.01329	0.01098	0.01576	0.01319	0.01949	0.02060	0.03312	0.02022	0.16430	0.37769	0.00957	0.17298	0.00904	0.04357	0.00739
3	0.03308	0.09689	0.02449	0.01662	0.02322	0.02049	0.01401	0.29680	0.02971	0.32204	0.02475	0.02294	0.01662	0.00979	0.00799	0.00245	0.00818	0.00753	0.00866	0.01374
4	0.03103	0.03959	0.02354	0.02140	0.02568	0.67469	0.01605	0.03317	0.02354	0.02033	0.01284	0.01498	0.01070	0.00856	0.00749	0.00214	0.01498	0.00535	0.00428	0.00963
5	0.00991	0.00804	0.00880	0.00942	0.01148	0.00693	0.00676	0.01181	0.01797	0.02205	0.07198	0.27762	0.46305	0.02262	0.01007	0.00299	0.00440	0.01946	0.00771	0.00693
6	0.01277	0.00919	0.01091	0.01050	0.01050	0.01001	0.00651	0.01297	0.01215	0.01655	0.02445	0.05029	0.02803	0.62990	0.04059	0.00756	0.08521	0.01154	0.00488	0.00549
7	0.01169	0.00865	0.01181	0.01181	0.01310	0.00947	0.00869	0.01387	0.01369	0.01891	0.03013	0.04296	0.09416	0.20617	0.45461	0.01094	0.01695	0.01060	0.00495	0.00682
8	0.76672	0.01607	0.01221	0.01092	0.01607	0.01864	0.00900	0.02442	0.01414	0.03727	0.01157	0.01350	0.00900	0.00771	0.00514	0.00257	0.00643	0.00450	0.00514	0.00900
9	0.02221	0.71304	0.04353	0.01421	0.02132	0.03287	0.01421	0.02488	0.01688	0.01955	0.01155	0.01333	0.01066	0.00711	0.00533	0.00178	0.00888	0.00444	0.00355	0.01066
10	0.01012	0.00723	0.00964	0.01157	0.01205	0.00675	0.00771	0.01157	0.01591	0.02121	0.04579	0.70262	0.05495	0.02603	0.01060	0.00337	0.00482	0.02362	0.00771	0.00675
11	0.01042	0.00844	0.00925	0.00904	0.01159	0.00727	0.00678	0.01308	0.02035	0.02580	0.25932	0.07443	0.47559	0.01979	0.00981	0.00275	0.00412	0.01676	0.00816	0.00727
12	0.01010	0.00730	0.00956	0.01137	0.01200	0.00676	0.00762	0.01159	0.01610	0.02129	0.04822	0.66318	0.09282	0.02571	0.01055	0.00334	0.00478	0.02323	0.00771	0.00676
13	0.01012	0.00723	0.00964	0.01157	0.01205	0.00675	0.00771	0.01157	0.01591	0.02121	0.04579	0.70262	0.05495	0.02603	0.01060	0.00337	0.00482	0.02362	0.00771	0.00675
14	0.01681	0.01591	0.02694	0.54155	0.19499	0.01875	0.02363	0.02221	0.01714	0.02259	0.01496	0.02178	0.01155	0.00810	0.00829	0.00270	0.01080	0.00739	0.00379	0.01013
15	0.01208	0.00805	0.00906	0.00906	0.00906	0.00805	0.00503	0.01208	0.01208	0.01611	0.02618	0.05436	0.03020	0.70804	0.04228	0.00805	0.00805	0.01208	0.00503	0.00503
16	0.01055	0.00844	0.00943	0.00918	0.01167	0.00732	0.00689	0.01334	0.02066	0.02654	0.29814	0.07320	0.43631	0.01951	0.00981	0.00273	0.00410	0.01659	0.00825	0.00732
17	0.01723	0.01477	0.01723	0.01230	0.01969	0.01107	0.00984	0.02092	0.01723	0.02707	0.01477	0.01723	0.01230	0.00615	0.00615	0.00123	0.00615	0.00492	0.00492	0.75883
18	0.02056	0.01974	0.03372	0.05099	0.65622	0.01974	0.02550	0.02550	0.01892	0.02714	0.01563	0.02056	0.01316	0.00740	0.00822	0.00247	0.00987	0.00740	0.00411	0.01316
19	0.06515	0.02180	0.14573	0.13553	0.33632	0.01796	0.02289	0.02340	0.01801	0.02620	0.02283	0.02648	0.08416	0.00919	0.00816	0.00259	0.00965	0.00812	0.00441	0.01144
20	0.02066	0.01785	0.01878	0.01691	0.02160	0.02066	0.01315	0.04414	0.64121	0.03475	0.03381	0.03099	0.02536	0.01127	0.00845	0.00282	0.00657	0.00939	0.00845	0.01315
21	0.02970	0.02273	0.20765	0.01738	0.02530	0.01474	0.01757	0.06459	0.02271	0.41466	0.05764	0.02640	0.02018	0.00990	0.00829	0.00259	0.00854	0.00799	0.00815	0.01328
22	0.02156	0.02163	0.03275	0.04817	0.59618	0.08210	0.02460	0.02623	0.01936	0.02649	0.01536	0.02003	0.01292	0.00751	0.00815	0.00244	0.01036	0.00721	0.00413	0.01282
23	0.02645	0.02920	0.02362	0.07543	0.02710	0.35388	0.01675	0.12024	0.04749	0.02596	0.01578	0.02062	0.01332	0.01050	0.01142	0.00261	0.13465	0.02972	0.00503	0.01025
24	0.02159	0.63754	0.11356	0.01528	0.02297	0.03134	0.01607	0.02504	0.01695	0.02031	0.01193	0.01380	0.01065	0.00720	0.00562	0.00187	0.00927	0.00463	0.00355	0.01084
25	0.02700	0.01689	0.01949	0.01613	0.02113	0.01767	0.01283	0.29321	0.08352	0.18932	0.03023	0.18097	0.02611	0.01388	0.00886	0.00274	0.00742	0.01159	0.00866	0.01233

[dist]
# distance from previous block
# <min> <max>
0	2

[block]
# block no. 7 follows, 22 sequences, length 13
# corresponding to MSA columns:
# 232-244
name=unknown_H
#
# <colnr> <probs for GDERKNQSTAVLIFYWHMCP>
#	G	D	E	R	K	N	Q	S	T	A	V	L	I	F	Y	W	H	M	C	P
0	0.01155	0.00902	0.01101	0.01220	0.04880	0.00829	0.00817	0.01384	0.01822	0.02356	0.16416	0.11821	0.29489	0.15128	0.01613	0.00389	0.00557	0.06678	0.00724	0.00717
1	0.01282	0.00842	0.01096	0.01096	0.01221	0.00919	0.00800	0.01531	0.01406	0.02144	0.02437	0.03729	0.02310	0.19985	0.36146	0.00928	0.01438	0.00936	0.19060	0.00694
2	0.02270	0.01886	0.01993	0.01732	0.02238	0.02161	0.01364	0.15306	0.52899	0.03803	0.03123	0.02894	0.02327	0.01103	0.00843	0.00276	0.00705	0.00904	0.00843	0.01333
3	0.01891	0.01554	0.01757	0.01306	0.01979	0.01320	0.01049	0.12736	0.02129	0.03101	0.02368	0.02494	0.08648	0.00854	0.00696	0.00164	0.00646	0.00683	0.00584	0.54041
4	0.01668	0.01205	0.01445	0.01341	0.01685	0.01175	0.01059	0.08449	0.08710	0.06536	0.13407	0.16823	0.10186	0.01714	0.00946	0.00284	0.00608	0.12403	0.00789	0.09570
5	0.01317	0.01028	0.01298	0.01245	0.01253	0.01189	0.00855	0.01384	0.01287	0.01787	0.02590	0.15438	0.02984	0.43220	0.03348	0.00624	0.16722	0.01289	0.00516	0.00627
6	0.06637	0.07906	0.02294	0.01931	0.09401	0.04331	0.01406	0.27518	0.02690	0.07370	0.01976	0.02125	0.01488	0.00901	0.00727	0.00225	0.00802	0.00693	0.14317	0.05261
7	0.02767	0.02132	0.02476	0.02323	0.12130	0.02333	0.01641	0.44046	0.09796	0.04464	0.02108	0.02309	0.01604	0.04798	0.01017	0.00283	0.00892	0.00792	0.00750	0.01338
8	0.02106	0.01531	0.01945	0.02016	0.11636	0.01579	0.01350	0.22638	0.02634	0.07508	0.15916	0.18864	0.03743	0.01482	0.00915	0.00272	0.00702	0.01287	0.00782	0.01093
9	0.02062	0.02415	0.10240	0.03914	0.41990	0.11897	0.02277	0.02530	0.01915	0.02537	0.01830	0.09126	0.01688	0.00960	0.00832	0.00253	0.01040	0.00865	0.00445	0.01184
10	0.02221	0.01896	0.02781	0.09072	0.35835	0.02009	0.02069	0.09386	0.16681	0.06410	0.02116	0.02347	0.01633	0.00880	0.00830	0.00258	0.00898	0.00792	0.00586	0.01298
11	0.02042	0.06900	0.12689	0.03505	0.35032	0.11870	0.02193	0.02518	0.01928	0.02495	0.02274	0.02564	0.08598	0.00921	0.00806	0.00244	0.01030	0.00788	0.00442	0.01162
12	0.01894	0.06611	0.35250	0.02292	0.09499	0.01929	0.02292	0.13040	0.02167	0.03006	0.02634	0.02766	0.11016	0.01019	0.00817	0.00257	0.01005	0.00817	0.00507	0.01181

[dist]
# distance from previous block
# <min> <max>
7	14

[block]
# block no. 8 follows, 22 sequences, length 8
# corresponding to MSA columns:
# 259-266
name=unknown_I
#
# <colnr> <probs for GDERKNQSTAVLIFYWHMCP>
#	G	D	E	R	K	N	Q	S	T	A	V	L	I	F	Y	W	H	M	C	P
0	0.02627	0.02460	0.02184	0.07340	0.02576	0.21590	0.01493	0.28178	0.02956	0.03652	0.13946	0.02678	0.02526	0.01077	0.00835	0.00243	0.01004	0.00829	0.00688	0.01116
1	0.01734	0.08665	0.56051	0.02417	0.03571	0.02039	0.08955	0.02624	0.01770	0.02588	0.01487	0.01774	0.01074	0.00775	0.00791	0.00259	0.01222	0.00639	0.00358	0.01206
2	0.06453	0.15006	0.02708	0.02145	0.06453	0.46158	0.01599	0.05969	0.02242	0.02300	0.01308	0.01522	0.01093	0.00827	0.00710	0.00214	0.01293	0.00539	0.00438	0.01022
3	0.02127	0.59995	0.14842	0.01581	0.02379	0.03058	0.01700	0.02512	0.01699	0.02069	0.01212	0.01404	0.01064	0.00724	0.00576	0.00192	0.00946	0.00473	0.00355	0.01093
4	0.02020	0.02523	0.13602	0.03748	0.39077	0.11130	0.02291	0.02523	0.01934	0.02551	0.02267	0.02581	0.08297	0.00915	0.00824	0.00249	0.01038	0.00802	0.00443	0.01183
5	0.01499	0.09237	0.07719	0.02127	0.09429	0.01479	0.11698	0.01882	0.01765	0.02342	0.03485	0.27183	0.09419	0.01638	0.00937	0.00291	0.00815	0.05546	0.00590	0.00921
6	0.02621	0.08237	0.14212	0.02266	0.07900	0.20535	0.01903	0.20975	0.07737	0.03270	0.01721	0.01859	0.01311	0.00888	0.00779	0.00239	0.01117	0.00657	0.00562	0.01212
7	0.04718	0.03954	0.01710	0.06935	0.02067	0.01465	0.01177	0.12472	0.08564	0.09338	0.17340	0.13888	0.07772	0.01497	0.00899	0.00276	0.00654	0.03478	0.00787	0.01009

[dist]
# distance from previous block
# <min> <max>
0	7

[block]
# block no. 9 follows, 22 sequences, length 9
# corresponding to MSA columns:
# 274-282
name=unknown_J
#
# <colnr> <probs for GDERKNQSTAVLIFYWHMCP>
#	G	D	E	R	K	N	Q	S	T	A	V	L	I	F	Y	W	H	M	C	P
0	0.11795	0.05386	0.22899	0.01744	0.02493	0.01909	0.01783	0.18190	0.02273	0.07229	0.04104	0.02336	0.01638	0.07777	0.01094	0.00301	0.00923	0.00719	0.00581	0.04825
1	0.05840	0.09516	0.13155	0.01650	0.02317	0.01988	0.01559	0.24526	0.02645	0.03726	0.14896	0.02703	0.02611	0.01029	0.00787	0.00235	0.00813	0.00811	0.00668	0.08527
2	0.06498	0.01267	0.01371	0.01205	0.01538	0.01377	0.00955	0.18363	0.02232	0.03497	0.02332	0.02723	0.01851	0.01940	0.13056	0.00424	0.00886	0.00769	0.36768	0.00949
3	0.06205	0.12582	0.02309	0.01627	0.02149	0.02250	0.01330	0.20052	0.28149	0.03612	0.02650	0.09043	0.02200	0.01153	0.00797	0.00261	0.00747	0.00924	0.00741	0.01219
4	0.02663	0.17188	0.02841	0.01949	0.02398	0.26340	0.01605	0.15906	0.02329	0.02711	0.01372	0.01639	0.01149	0.00981	0.01134	0.00245	0.15384	0.00603	0.00488	0.01072
5	0.02742	0.02390	0.02177	0.01796	0.02311	0.16417	0.01414	0.37006	0.03072	0.03889	0.02138	0.09800	0.01869	0.04434	0.00990	0.00272	0.00974	0.00895	0.00704	0.04712
6	0.06879	0.03526	0.42585	0.02229	0.03163	0.08750	0.08568	0.02553	0.01762	0.02545	0.01577	0.02112	0.01259	0.07686	0.01125	0.00313	0.01193	0.00690	0.00392	0.01095
7	0.15926	0.11187	0.12246	0.02371	0.15021	0.06963	0.01801	0.08948	0.09215	0.03054	0.01690	0.01915	0.01335	0.01072	0.03662	0.00292	0.00994	0.00645	0.00510	0.01153
8	0.05869	0.12635	0.03005	0.02008	0.02656	0.06691	0.14120	0.25586	0.02651	0.03506	0.02374	0.02506	0.08017	0.00975	0.00805	0.00241	0.00975	0.00819	0.00613	0.03949

[dist]
