[name]
unknown

[dist]
# distance from previous block
# <min> <max>
7	10

[block]
# block no. 0 follows, 21 sequences, length 19
# corresponding to MSA columns:
# 10-28
name=unknown_A
#
# <colnr> <probs for GDERKNQSTAVLIFYWHMCP>
#	G	D	E	R	K	N	Q	S	T	A	V	L	I	F	Y	W	H	M	C	P
0	0.06661	0.01444	0.01475	0.01293	0.01715	0.04449	0.00990	0.02636	0.17202	0.07960	0.09603	0.04450	0.17434	0.07357	0.01154	0.00304	0.00643	0.01111	0.00746	0.11375
1	0.01110	0.00780	0.01004	0.01127	0.01172	0.00762	0.00735	0.01229	0.01494	0.02006	0.03905	0.45442	0.04597	0.22285	0.07756	0.00572	0.00745	0.01949	0.00682	0.00647
2	0.01067	0.00753	0.00979	0.01147	0.01189	0.00711	0.00749	0.01193	0.01571	0.02095	0.04391	0.60010	0.05251	0.12708	0.01570	0.00417	0.00543	0.02243	0.00749	0.00665
3	0.01503	0.00899	0.01195	0.01178	0.01382	0.00821	0.00860	0.01793	0.02101	0.11577	0.31954	0.31145	0.06241	0.02014	0.01016	0.00298	0.00483	0.01796	0.00894	0.00848
4	0.01648	0.01183	0.01327	0.01187	0.01488	0.01177	0.00886	0.10240	0.07592	0.06129	0.19301	0.05673	0.21494	0.15019	0.01613	0.00382	0.00607	0.01361	0.00800	0.00893
5	0.01060	0.00796	0.00957	0.01055	0.01184	0.00721	0.00723	0.01236	0.01753	0.02268	0.10748	0.39951	0.23251	0.08563	0.01350	0.00365	0.00497	0.02050	0.00778	0.00693
6	0.01488	0.01075	0.01303	0.01322	0.01502	0.01087	0.00944	0.13230	0.02123	0.02846	0.07067	0.50592	0.04825	0.04863	0.01159	0.00342	0.00589	0.02003	0.00799	0.00840
7	0.01300	0.04889	0.13334	0.01265	0.01613	0.01124	0.01136	0.01582	0.01617	0.02148	0.06608	0.14166	0.15766	0.27267	0.02200	0.00487	0.00765	0.01378	0.00592	0.00763
8	0.02701	0.03139	0.02603	0.05767	0.17793	0.39110	0.01869	0.03311	0.10769	0.02462	0.01694	0.01935	0.01369	0.00886	0.00803	0.00240	0.01270	0.00666	0.00491	0.01123
9	0.01190	0.00851	0.01080	0.01077	0.01192	0.00846	0.00745	0.01402	0.01709	0.02352	0.22402	0.11147	0.08669	0.25997	0.14974	0.00680	0.00922	0.01408	0.00677	0.00682
10	0.01696	0.01202	0.01379	0.01250	0.01436	0.01281	0.00871	0.15689	0.01937	0.02610	0.02600	0.08436	0.02727	0.40553	0.12022	0.00736	0.01034	0.01154	0.00604	0.00782
11	0.02227	0.01634	0.01720	0.01439	0.01904	0.01750	0.01149	0.27792	0.11360	0.03956	0.03947	0.03882	0.16709	0.01303	0.00840	0.00256	0.00674	0.01043	0.15281	0.01132
12	0.01460	0.01083	0.01349	0.01256	0.01305	0.01278	0.00902	0.01603	0.01369	0.02068	0.02284	0.04032	0.02360	0.35352	0.07289	0.00625	0.17706	0.01007	0.14983	0.00689
13	0.03664	0.01483	0.01970	0.01534	0.02176	0.01329	0.01260	0.04181	0.07963	0.59754	0.03367	0.02922	0.02151	0.01062	0.00857	0.00266	0.00720	0.00865	0.01036	0.01439
14	0.01030	0.00768	0.00959	0.01112	0.01215	0.00697	0.00757	0.01193	0.01700	0.02201	0.05584	0.55596	0.18993	0.02550	0.01068	0.00332	0.00479	0.02278	0.00790	0.00697
15	0.01726	0.01634	0.02767	0.53129	0.19853	0.01922	0.02422	0.02278	0.01758	0.02318	0.01534	0.02230	0.01185	0.00829	0.00849	0.00276	0.01105	0.00757	0.00388	0.01041
16	0.02506	0.02567	0.01834	0.01637	0.02036	0.31545	0.01251	0.12145	0.02452	0.02898	0.02800	0.02935	0.10264	0.01106	0.00773	0.00230	0.01014	0.00816	0.18216	0.00977
17	0.01307	0.00954	0.01364	0.01341	0.01490	0.01121	0.01047	0.01617	0.01422	0.02147	0.02277	0.03228	0.02073	0.05328	0.53548	0.01143	0.06089	0.00885	0.10845	0.00775
18	0.02391	0.02563	0.03177	0.04417	0.48257	0.19214	0.02354	0.02821	0.02064	0.02595	0.01525	0.01954	0.01281	0.00790	0.00823	0.00244	0.01150	0.00702	0.00426	0.01252

[dist]
# distance from previous block
# <min> <max>
0	1

[block]
# block no. 1 follows, 21 sequences, length 23
# corresponding to MSA columns:
# 30-52
name=unknown_B
#
# <colnr> <probs for GDERKNQSTAVLIFYWHMCP>
#	G	D	E	R	K	N	Q	S	T	A	V	L	I	F	Y	W	H	M	C	P
0	0.01415	0.03803	0.01531	0.01349	0.01500	0.04038	0.01025	0.01664	0.01637	0.02262	0.16648	0.04161	0.03498	0.16698	0.26685	0.00799	0.08887	0.01070	0.00566	0.00764
1	0.02067	0.02021	0.02810	0.08839	0.36708	0.07611	0.02051	0.02515	0.01913	0.02667	0.01543	0.01971	0.01283	0.00740	0.00776	0.00216	0.00961	0.00667	0.00443	0.22196
2	0.01175	0.00869	0.01097	0.01040	0.01253	0.00790	0.00780	0.01549	0.02339	0.03248	0.56091	0.06628	0.16377	0.01801	0.01004	0.00271	0.00406	0.01577	0.00915	0.00790
3	0.01929	0.01798	0.02808	0.27046	0.30441	0.01995	0.02256	0.02857	0.14772	0.02727	0.01962	0.02390	0.01535	0.00875	0.00850	0.00271	0.00984	0.00801	0.00499	0.01203
4	0.02179	0.01822	0.01970	0.01639	0.02220	0.01930	0.01295	0.11865	0.38779	0.03602	0.02751	0.02645	0.02085	0.00998	0.00802	0.00241	0.00699	0.00814	0.00768	0.20898
5	0.01220	0.00894	0.01275	0.01275	0.01395	0.01013	0.00948	0.01460	0.01340	0.01907	0.02364	0.03812	0.02331	0.19808	0.53573	0.01253	0.01973	0.00980	0.00468	0.00708
6	0.01006	0.00862	0.00862	0.00862	0.01149	0.00718	0.00647	0.01221	0.01940	0.02299	0.08621	0.08190	0.64438	0.02155	0.01006	0.00287	0.00431	0.01796	0.00790	0.00718
7	0.26253	0.01746	0.05208	0.01910	0.02502	0.01641	0.17405	0.02628	0.01881	0.13577	0.07457	0.09702	0.02341	0.01099	0.00824	0.00279	0.00865	0.00984	0.00645	0.01051
8	0.01829	0.01519	0.01548	0.01373	0.01702	0.07766	0.01056	0.15353	0.02666	0.03524	0.34334	0.09998	0.10714	0.01601	0.00952	0.00268	0.00645	0.01357	0.00843	0.00951
9	0.02181	0.01918	0.01810	0.01635	0.01962	0.14154	0.01240	0.10777	0.18440	0.02747	0.02163	0.02569	0.01787	0.02268	0.10325	0.20586	0.01108	0.00789	0.00593	0.00949
10	0.01919	0.01239	0.01594	0.06645	0.02050	0.01158	0.01113	0.07449	0.02102	0.13512	0.10240	0.25915	0.03700	0.01585	0.00907	0.00266	0.00640	0.01388	0.00768	0.15810
11	0.02065	0.02284	0.06864	0.04145	0.34464	0.05735	0.22178	0.02637	0.01949	0.02672	0.01660	0.02192	0.01346	0.01076	0.04663	0.00327	0.01267	0.00831	0.00424	0.01222
12	0.16298	0.02093	0.09826	0.23436	0.22231	0.02003	0.02190	0.07196	0.01918	0.02988	0.01520	0.01976	0.01176	0.00820	0.00781	0.00267	0.01004	0.00686	0.00455	0.01138
13	0.07849	0.02050	0.07081	0.05506	0.13045	0.01862	0.13289	0.11283	0.04471	0.03193	0.01879	0.05919	0.01566	0.00898	0.00819	0.00243	0.00954	0.00825	0.00544	0.16724
14	0.02350	0.02523	0.02151	0.01872	0.02204	0.26971	0.01466	0.07848	0.02244	0.02702	0.14629	0.02691	0.02606	0.01196	0.01287	0.00261	0.16832	0.00819	0.00570	0.06777
15	0.02142	0.02161	0.02324	0.07366	0.07394	0.14402	0.01610	0.05789	0.01882	0.02504	0.01450	0.01973	0.01267	0.03595	0.01424	0.00267	0.19123	0.00660	0.00460	0.22205
16	0.02025	0.02064	0.01784	0.09038	0.02342	0.22207	0.01327	0.07752	0.02107	0.02466	0.02892	0.24244	0.05003	0.01950	0.06039	0.00362	0.01074	0.01283	0.03145	0.00895
17	0.01311	0.01035	0.01196	0.01214	0.01307	0.04747	0.00839	0.01466	0.01418	0.01884	0.02755	0.14369	0.02991	0.30658	0.28049	0.00928	0.01385	0.01253	0.00530	0.00666
18	0.02085	0.01966	0.01910	0.01961	0.09104	0.15198	0.01325	0.11230	0.07603	0.03078	0.17492	0.08887	0.06151	0.06830	0.01173	0.00307	0.00855	0.01132	0.00703	0.01011
19	0.15858	0.01312	0.01543	0.01855	0.14299	0.01304	0.01132	0.04303	0.01876	0.02769	0.05009	0.05168	0.31831	0.06861	0.01133	0.00316	0.00646	0.01239	0.00645	0.00901
20	0.02057	0.02193	0.02895	0.37300	0.16477	0.15181	0.06997	0.02553	0.01917	0.02317	0.01506	0.02089	0.01180	0.00828	0.00844	0.00265	0.01216	0.00734	0.00403	0.01048
21	0.01890	0.01661	0.02022	0.26276	0.03357	0.07437	0.01613	0.13540	0.02303	0.02970	0.11778	0.15784	0.03110	0.01372	0.00912	0.00282	0.00897	0.01180	0.00640	0.00975
22	0.01948	0.02380	0.16715	0.07021	0.02578	0.09068	0.01696	0.13286	0.02335	0.03094	0.15205	0.08908	0.03186	0.07416	0.01195	0.00318	0.00936	0.01054	0.00634	0.01027

[dist]
# distance from previous block
# <min> <max>
0	10

[block]
# block no. 2 follows, 21 sequences, length 9
# corresponding to MSA columns:
# 63-71
name=unknown_C
#
# <colnr> <probs for GDERKNQSTAVLIFYWHMCP>
#	G	D	E	R	K	N	Q	S	T	A	V	L	I	F	Y	W	H	M	C	P
0	0.01959	0.02157	0.06911	0.18928	0.23457	0.12235	0.02016	0.02366	0.01808	0.02290	0.01743	0.02719	0.01583	0.14572	0.01523	0.00370	0.01106	0.00810	0.00428	0.01020
1	0.01366	0.01483	0.12835	0.01301	0.01657	0.01057	0.01203	0.01773	0.01644	0.02479	0.03227	0.12709	0.08286	0.06835	0.17223	0.00566	0.01060	0.01136	0.21328	0.00832
2	0.01189	0.00806	0.01042	0.01122	0.01190	0.00793	0.00762	0.01263	0.01469	0.01948	0.03755	0.27443	0.08686	0.21199	0.09275	0.10889	0.00820	0.05112	0.00622	0.00615
3	0.02069	0.01588	0.01919	0.01651	0.01958	0.01832	0.01304	0.24584	0.02365	0.03252	0.02238	0.07487	0.02083	0.11165	0.20214	0.00663	0.11016	0.00976	0.00625	0.01012
4	0.01744	0.01469	0.01478	0.01295	0.01720	0.08005	0.00983	0.02152	0.05644	0.06975	0.09572	0.15992	0.15356	0.01496	0.00867	0.00241	0.00650	0.01264	0.00707	0.22389
5	0.12063	0.02442	0.18028	0.07611	0.33581	0.01904	0.02368	0.02501	0.01822	0.02834	0.01967	0.02329	0.05226	0.00869	0.00802	0.00262	0.00993	0.00752	0.00441	0.01202
6	0.01897	0.01809	0.03076	0.31540	0.40101	0.01967	0.02508	0.02429	0.01839	0.02526	0.01564	0.02174	0.01259	0.00797	0.00846	0.00266	0.01063	0.00757	0.00403	0.01179
7	0.02209	0.02209	0.02931	0.09161	0.39032	0.10540	0.02205	0.03072	0.14556	0.02800	0.01938	0.02263	0.01554	0.00863	0.00838	0.00258	0.01021	0.00772	0.00511	0.01268
8	0.12499	0.01831	0.02341	0.11437	0.11406	0.02021	0.04337	0.09670	0.23002	0.09198	0.02382	0.02469	0.01764	0.00964	0.00818	0.00274	0.00849	0.00808	0.00686	0.01244

[dist]
# distance from previous block
# <min> <max>
11	46

[block]
# block no. 3 follows, 21 sequences, length 21
# corresponding to MSA columns:
# 121-141
name=unknown_D
#
# <colnr> <probs for GDERKNQSTAVLIFYWHMCP>
#	G	D	E	R	K	N	Q	S	T	A	V	L	I	F	Y	W	H	M	C	P
0	0.02153	0.22721	0.05872	0.14880	0.14644	0.13284	0.05107	0.02559	0.01889	0.02270	0.01620	0.06284	0.01459	0.00913	0.00766	0.00240	0.01091	0.00750	0.00421	0.01077
1	0.01926	0.25860	0.40476	0.02341	0.08279	0.02435	0.02548	0.02640	0.01786	0.02475	0.01421	0.01681	0.01105	0.00778	0.00725	0.00239	0.01123	0.00583	0.00366	0.01211
2	0.02282	0.56133	0.07358	0.01942	0.08809	0.06910	0.01674	0.02613	0.01795	0.02123	0.01252	0.01474	0.01118	0.00744	0.00603	0.00196	0.00975	0.00501	0.00374	0.01121
3	0.02078	0.47590	0.25743	0.01793	0.02705	0.02884	0.02043	0.02599	0.01753	0.02243	0.01303	0.01515	0.01087	0.00756	0.00637	0.00212	0.01031	0.00515	0.00362	0.01150
4	0.01041	0.00865	0.00919	0.00919	0.01175	0.00761	0.00682	0.01253	0.01838	0.02227	0.07608	0.07530	0.54309	0.06624	0.08050	0.00432	0.00647	0.01671	0.00739	0.00711
5	0.02505	0.02021	0.02143	0.01810	0.02361	0.02298	0.01441	0.24485	0.42650	0.04187	0.02970	0.02782	0.02198	0.01108	0.00861	0.00277	0.00765	0.00894	0.00861	0.01382
6	0.01216	0.00912	0.01368	0.01368	0.01520	0.01064	0.01064	0.01520	0.01368	0.01976	0.02279	0.03343	0.02127	0.06382	0.66720	0.01368	0.02279	0.00912	0.00456	0.00760
7	0.01745	0.08788	0.61627	0.02361	0.03584	0.02069	0.03032	0.02685	0.01792	0.02649	0.01504	0.01768	0.01079	0.00803	0.00791	0.00264	0.01235	0.00617	0.00360	0.01247
8	0.02113	0.51668	0.21971	0.01733	0.02613	0.02969	0.01939	0.02590	0.01748	0.02200	0.01282	0.01489	0.01088	0.00751	0.00621	0.00207	0.01010	0.00505	0.00363	0.01139
9	0.01067	0.00864	0.00947	0.00926	0.01187	0.00744	0.00695	0.01339	0.02084	0.02641	0.25712	0.07628	0.47134	0.02028	0.01005	0.00281	0.00422	0.01717	0.00835	0.00744
10	0.01740	0.04204	0.60503	0.02658	0.08770	0.01980	0.03100	0.02688	0.01808	0.02702	0.01533	0.01822	0.01100	0.00804	0.00811	0.00268	0.01237	0.00640	0.00364	0.01265
11	0.01748	0.04154	0.59200	0.02717	0.10049	0.01981	0.03089	0.02686	0.01811	0.02704	0.01535	0.01829	0.01106	0.00803	0.00812	0.00268	0.01232	0.00642	0.00366	0.01267
12	0.01216	0.00912	0.01368	0.01368	0.01520	0.01064	0.01064	0.01520	0.01368	0.01976	0.02279	0.03343	0.02127	0.06382	0.66720	0.01368	0.02279	0.00912	0.00456	0.00760
13	0.01037	0.00741	0.00987	0.01185	0.01234	0.00691	0.00790	0.01185	0.01629	0.02172	0.04690	0.69537	0.05629	0.02666	0.01086	0.00346	0.00494	0.02419	0.00790	0.00691
14	0.02018	0.02365	0.13067	0.08085	0.52208	0.02008	0.02681	0.02602	0.01903	0.02735	0.01585	0.02067	0.01295	0.00771	0.00838	0.00257	0.01056	0.00738	0.00409	0.01313
15	0.02282	0.02375	0.03221	0.07503	0.50626	0.13972	0.02422	0.02737	0.02015	0.02624	0.01544	0.02008	0.01292	0.00784	0.00829	0.00248	0.01113	0.00719	0.00422	0.01263
16	0.02769	0.03891	0.14133	0.02240	0.02784	0.48036	0.01944	0.03127	0.02182	0.02192	0.01334	0.01617	0.01095	0.00928	0.00986	0.00244	0.08464	0.00584	0.00417	0.01031
17	0.02480	0.19425	0.03447	0.03271	0.27035	0.22704	0.04864	0.02849	0.02039	0.02368	0.01415	0.01754	0.01204	0.00786	0.00754	0.00227	0.01172	0.00630	0.00413	0.01162
18	0.01137	0.00831	0.00996	0.01012	0.01151	0.00769	0.00694	0.01347	0.01858	0.02483	0.25026	0.18964	0.18360	0.19393	0.01867	0.00429	0.00534	0.01690	0.00770	0.00690
19	0.02102	0.09831	0.45656	0.02290	0.03310	0.17360	0.02650	0.02849	0.01936	0.02493	0.01449	0.01699	0.01083	0.00818	0.00777	0.00250	0.01294	0.00595	0.00378	0.01180
20	0.02720	0.36356	0.03366	0.01774	0.02368	0.29116	0.01517	0.03077	0.05010	0.05488	0.01463	0.01603	0.01220	0.00827	0.00669	0.00207	0.01145	0.00539	0.00455	0.01080

[dist]
# distance from previous block
# <min> <max>
1	4

[block]
# block no. 4 follows, 21 sequences, length 31
# corresponding to MSA columns:
# 146-176
name=unknown_E
#
# <colnr> <probs for GDERKNQSTAVLIFYWHMCP>
#	G	D	E	R	K	N	Q	S	T	A	V	L	I	F	Y	W	H	M	C	P
0	0.02386	0.57506	0.07114	0.01586	0.02322	0.05765	0.01562	0.08900	0.02001	0.02396	0.01296	0.01465	0.01129	0.00769	0.00600	0.00196	0.00955	0.00500	0.00419	0.01134
1	0.01999	0.36139	0.33337	0.02089	0.05803	0.02648	0.02307	0.02621	0.01771	0.02366	0.01365	0.01603	0.01097	0.00767	0.00684	0.00227	0.01079	0.00551	0.00364	0.01182
2	0.65311	0.01655	0.01383	0.04863	0.01929	0.01927	0.01040	0.02666	0.07047	0.03704	0.01409	0.01593	0.01085	0.00826	0.00575	0.00267	0.00686	0.00522	0.00549	0.00961
3	0.02040	0.01954	0.03334	0.13614	0.56915	0.02004	0.02579	0.02553	0.01906	0.02699	0.01589	0.02128	0.01319	0.00771	0.00844	0.00257	0.01027	0.00758	0.00415	0.01294
4	0.02492	0.02391	0.03120	0.04119	0.43113	0.11554	0.02269	0.14783	0.02426	0.03204	0.01649	0.02010	0.01332	0.00829	0.00833	0.00248	0.01072	0.00729	0.00511	0.01316
5	0.01707	0.04402	0.65683	0.02426	0.03683	0.01976	0.03144	0.02695	0.01797	0.02695	0.01527	0.01797	0.01078	0.00809	0.00809	0.00270	0.01258	0.00629	0.00359	0.01258
6	0.01006	0.00862	0.00862	0.00862	0.01149	0.00718	0.00647	0.01221	0.01940	0.02299	0.08621	0.08190	0.64438	0.02155	0.01006	0.00287	0.00431	0.01796	0.00790	0.00718
7	0.01169	0.00910	0.01194	0.07223	0.01768	0.00884	0.01045	0.01439	0.01815	0.02310	0.05510	0.29424	0.22310	0.02268	0.01065	0.00335	0.00611	0.17222	0.00751	0.00747
8	0.02080	0.02056	0.03149	0.04623	0.54797	0.06323	0.02368	0.02540	0.01970	0.02689	0.02214	0.02616	0.07021	0.00892	0.00852	0.00254	0.00994	0.00837	0.00456	0.01267
9	0.01035	0.00748	0.00980	0.01165	0.01229	0.00693	0.00781	0.01187	0.01649	0.02180	0.04934	0.65731	0.09277	0.02634	0.01081	0.00342	0.00490	0.02381	0.00790	0.00693
10	0.01009	0.00851	0.00873	0.00891	0.01157	0.00716	0.00660	0.01218	0.01912	0.02288	0.08266	0.13723	0.59134	0.02201	0.01013	0.00293	0.00437	0.01852	0.00790	0.00716
11	0.03179	0.04056	0.02412	0.02192	0.02631	0.66676	0.01644	0.03398	0.02412	0.02083	0.01315	0.01535	0.01096	0.00877	0.00767	0.00219	0.01535	0.00548	0.00438	0.00987
12	0.01216	0.00912	0.01368	0.01368	0.01520	0.01064	0.01064	0.01520	0.01368	0.01976	0.02279	0.03343	0.02127	0.06382	0.66720	0.01368	0.02279	0.00912	0.00456	0.00760
13	0.01016	0.00824	0.00902	0.00964	0.01176	0.00710	0.00692	0.01210	0.01842	0.02259	0.07380	0.27559	0.45871	0.02317	0.01031	0.00306	0.00451	0.01993	0.00790	0.00710
14	0.01979	0.01639	0.01880	0.01362	0.02107	0.01353	0.01097	0.10844	0.02090	0.03150	0.01590	0.01805	0.01288	0.00687	0.00662	0.00145	0.00675	0.00542	0.00555	0.64551
15	0.02117	0.01828	0.01924	0.01732	0.02213	0.02117	0.01347	0.04522	0.63246	0.03560	0.03464	0.03175	0.02598	0.01155	0.00866	0.00289	0.00673	0.00962	0.00866	0.01347
16	0.01037	0.00741	0.00987	0.01185	0.01234	0.00691	0.00790	0.01185	0.01629	0.02172	0.04690	0.69537	0.05629	0.02666	0.01086	0.00346	0.00494	0.02419	0.00790	0.00691
17	0.02336	0.02095	0.03271	0.04560	0.52155	0.02147	0.02410	0.14669	0.02357	0.03305	0.01691	0.02093	0.01368	0.00812	0.00844	0.00253	0.00996	0.00760	0.00509	0.01368
18	0.03097	0.10070	0.02597	0.02126	0.02590	0.60954	0.01627	0.03321	0.02350	0.02075	0.01303	0.01519	0.01096	0.00863	0.00747	0.00216	0.01478	0.00540	0.00432	0.00996
19	0.01779	0.10229	0.56015	0.02417	0.03600	0.02114	0.06993	0.02684	0.01805	0.02635	0.01509	0.01792	0.01094	0.00795	0.00798	0.00263	0.01238	0.00639	0.00365	0.01235
20	0.01864	0.08715	0.52102	0.02450	0.03584	0.06101	0.08217	0.02731	0.01849	0.02613	0.01508	0.01796	0.01099	0.00799	0.00806	0.00262	0.01267	0.00646	0.00371	0.01220
21	0.01931	0.11731	0.49136	0.02361	0.03484	0.02109	0.08111	0.02771	0.01848	0.06506	0.01618	0.01860	0.01163	0.00806	0.00799	0.00261	0.01200	0.00657	0.00409	0.01240
22	0.01238	0.00825	0.00928	0.00928	0.00928	0.00825	0.00516	0.01238	0.01238	0.01650	0.02681	0.05569	0.03094	0.70092	0.04331	0.00825	0.00825	0.01238	0.00516	0.00516
23	0.01238	0.00825	0.00928	0.00928	0.00928	0.00825	0.00516	0.01238	0.01238	0.01650	0.02681	0.05569	0.03094	0.70092	0.04331	0.00825	0.00825	0.01238	0.00516	0.00516
24	0.03267	0.02332	0.02522	0.01934	0.02614	0.02563	0.01597	0.58783	0.03916	0.08648	0.02115	0.02090	0.01483	0.01023	0.00852	0.00256	0.00925	0.00771	0.00862	0.01447
25	0.02085	0.01968	0.03173	0.07602	0.52239	0.02031	0.02402	0.02891	0.11530	0.02874	0.01888	0.02281	0.01534	0.00825	0.00847	0.00260	0.00964	0.00790	0.00489	0.01329
26	0.01233	0.00843	0.01018	0.01018	0.01050	0.00874	0.00628	0.01295	0.01264	0.01717	0.02599	0.05112	0.02896	0.57019	0.17134	0.00936	0.01123	0.01171	0.00503	0.00566
27	0.76103	0.01646	0.01251	0.01119	0.01646	0.01909	0.00922	0.02502	0.01448	0.03818	0.01185	0.01382	0.00922	0.00790	0.00527	0.00263	0.00658	0.00461	0.00527	0.00922
28	0.01393	0.01196	0.01462	0.01442	0.01620	0.06993	0.01116	0.01689	0.01462	0.01985	0.02192	0.03180	0.02034	0.05885	0.60760	0.01264	0.02212	0.00879	0.00454	0.00780
29	0.01771	0.01414	0.01839	0.02066	0.14533	0.01433	0.01288	0.12566	0.05307	0.03266	0.22240	0.04720	0.12345	0.09879	0.01348	0.00335	0.00691	0.01212	0.00740	0.01008
30	0.08378	0.02669	0.02373	0.02192	0.08088	0.22823	0.01597	0.21699	0.07157	0.11852	0.01985	0.02033	0.01458	0.00948	0.00802	0.00248	0.01068	0.00700	0.00685	0.01246

[dist]
# distance from previous block
# <min> <max>
0	5

[block]
# block no. 5 follows, 21 sequences, length 39
# corresponding to MSA columns:
# 182-220
name=unknown_F
#
# <colnr> <probs for GDERKNQSTAVLIFYWHMCP>
#	G	D	E	R	K	N	Q	S	T	A	V	L	I	F	Y	W	H	M	C	P
0	0.25751	0.01800	0.02206	0.26368	0.08178	0.02084	0.01746	0.16469	0.02183	0.03499	0.01541	0.01921	0.01157	0.00865	0.00747	0.00268	0.00927	0.00665	0.00541	0.01087
1	0.07925	0.04094	0.43846	0.02261	0.03244	0.19140	0.02572	0.02866	0.01933	0.02621	0.01444	0.01695	0.01071	0.00825	0.00776	0.00256	0.01284	0.00594	0.00393	0.01159
2	0.02236	0.02267	0.03328	0.04858	0.57285	0.09823	0.02495	0.02707	0.01995	0.02696	0.01566	0.02037	0.01318	0.00773	0.00833	0.00249	0.01074	0.00733	0.00423	0.01304
3	0.02275	0.02444	0.02968	0.18996	0.34618	0.19148	0.02297	0.02719	0.02009	0.02455	0.01505	0.01992	0.01232	0.00811	0.00824	0.00251	0.01179	0.00702	0.00416	0.01159
4	0.03000	0.02267	0.02422	0.01911	0.02550	0.02530	0.01561	0.49904	0.16425	0.04985	0.02341	0.02281	0.01689	0.01049	0.00854	0.00262	0.00881	0.00807	0.00854	0.01426
5	0.01250	0.00932	0.01202	0.01307	0.01528	0.00884	0.01096	0.01596	0.02020	0.02608	0.14365	0.08750	0.21157	0.02209	0.01105	0.00346	0.00634	0.35432	0.00808	0.00769
6	0.01707	0.04402	0.65683	0.02426	0.03683	0.01976	0.03144	0.02695	0.01797	0.02695	0.01527	0.01797	0.01078	0.00809	0.00809	0.00270	0.01258	0.00629	0.00359	0.01258
7	0.01216	0.00912	0.01368	0.01368	0.01520	0.01064	0.01064	0.01520	0.01368	0.01976	0.02279	0.03343	0.02127	0.06382	0.66720	0.01368	0.02279	0.00912	0.00456	0.00760
8	0.01216	0.00912	0.01368	0.01368	0.01520	0.01064	0.01064	0.01520	0.01368	0.01976	0.02279	0.03343	0.02127	0.06382	0.66720	0.01368	0.02279	0.00912	0.00456	0.00760
9	0.01184	0.00803	0.00944	0.00996	0.01009	0.00790	0.00588	0.01224	0.01342	0.01789	0.03215	0.22544	0.03767	0.52200	0.03470	0.00698	0.00737	0.01551	0.00588	0.00562
10	0.03179	0.04056	0.02412	0.02192	0.02631	0.66676	0.01644	0.03398	0.02412	0.02083	0.01315	0.01535	0.01096	0.00877	0.00767	0.00219	0.01535	0.00548	0.00438	0.00987
11	0.01807	0.03702	0.45533	0.02811	0.03937	0.02035	0.22592	0.02705	0.01867	0.02705	0.01592	0.01962	0.01149	0.00778	0.00874	0.00275	0.01316	0.00754	0.00383	0.01221
12	0.01371	0.00980	0.01371	0.01567	0.01763	0.00980	0.01371	0.01763	0.01959	0.02547	0.04506	0.09599	0.04898	0.02351	0.01175	0.00392	0.00784	0.59056	0.00784	0.00784
13	0.02106	0.02022	0.03454	0.05223	0.64784	0.02022	0.02612	0.02612	0.01938	0.02780	0.01601	0.02106	0.01348	0.00758	0.00842	0.00253	0.01011	0.00758	0.00421	0.01348
14	0.02322	0.13475	0.02458	0.02111	0.10129	0.30876	0.01474	0.02585	0.02118	0.02217	0.03270	0.03347	0.17937	0.01177	0.00805	0.00236	0.01076	0.00891	0.00518	0.00978
15	0.01259	0.01957	0.22477	0.01597	0.02048	0.01118	0.01572	0.01687	0.01685	0.02346	0.03640	0.47036	0.04117	0.02049	0.00994	0.00320	0.00747	0.01825	0.00647	0.00879
16	0.02106	0.02022	0.03454	0.05223	0.64784	0.02022	0.02612	0.02612	0.01938	0.02780	0.01601	0.02106	0.01348	0.00758	0.00842	0.00253	0.01011	0.00758	0.00421	0.01348
17	0.01707	0.04402	0.65683	0.02426	0.03683	0.01976	0.03144	0.02695	0.01797	0.02695	0.01527	0.01797	0.01078	0.00809	0.00809	0.00270	0.01258	0.00629	0.00359	0.01258
18	0.01925	0.02055	0.06242	0.35132	0.28474	0.06809	0.02448	0.02464	0.01852	0.02431	0.01533	0.02125	0.01212	0.00814	0.00839	0.00266	0.01123	0.00735	0.00398	0.01122
19	0.02106	0.02022	0.03454	0.05223	0.64784	0.02022	0.02612	0.02612	0.01938	0.02780	0.01601	0.02106	0.01348	0.00758	0.00842	0.00253	0.01011	0.00758	0.00421	0.01348
20	0.01929	0.02855	0.21119	0.03279	0.04245	0.02105	0.46156	0.02718	0.01952	0.02718	0.01670	0.02163	0.01235	0.00742	0.00952	0.00282	0.01388	0.00905	0.00412	0.01177
21	0.02067	0.01982	0.03384	0.10144	0.60169	0.02012	0.02592	0.02577	0.01919	0.02733	0.01594	0.02119	0.01331	0.00765	0.00843	0.00255	0.01021	0.00758	0.00418	0.01316
22	0.02106	0.02022	0.03454	0.05223	0.64784	0.02022	0.02612	0.02612	0.01938	0.02780	0.01601	0.02106	0.01348	0.00758	0.00842	0.00253	0.01011	0.00758	0.00421	0.01348
23	0.03179	0.04056	0.02412	0.02192	0.02631	0.66676	0.01644	0.03398	0.02412	0.02083	0.01315	0.01535	0.01096	0.00877	0.00767	0.00219	0.01535	0.00548	0.00438	0.00987
24	0.01452	0.01271	0.01699	0.01604	0.01734	0.04378	0.01273	0.01726	0.01400	0.01997	0.01970	0.02922	0.01849	0.05012	0.49089	0.01088	0.17435	0.00857	0.00436	0.00809
25	0.03179	0.04056	0.02412	0.02192	0.02631	0.66676	0.01644	0.03398	0.02412	0.02083	0.01315	0.01535	0.01096	0.00877	0.00767	0.00219	0.01535	0.00548	0.00438	0.00987
26	0.01006	0.00862	0.00862	0.00862	0.01149	0.00718	0.00647	0.01221	0.01940	0.02299	0.08621	0.08190	0.64438	0.02155	0.01006	0.00287	0.00431	0.01796	0.00790	0.00718
27	0.01051	0.00746	0.00983	0.01167	0.01213	0.00700	0.00771	0.01189	0.01603	0.02137	0.04553	0.65173	0.05456	0.07266	0.01308	0.00378	0.00516	0.02339	0.00771	0.00679
28	0.03179	0.04056	0.02412	0.02192	0.02631	0.66676	0.01644	0.03398	0.02412	0.02083	0.01315	0.01535	0.01096	0.00877	0.00767	0.00219	0.01535	0.00548	0.00438	0.00987
29	0.01235	0.00802	0.00958	0.00988	0.00995	0.00795	0.00583	0.01215	0.01282	0.01709	0.02847	0.14887	0.03292	0.52233	0.03726	0.09263	0.00765	0.01359	0.00540	0.00525
30	0.01008	0.00853	0.00872	0.00886	0.01156	0.00716	0.00657	0.01219	0.01916	0.02289	0.08326	0.12794	0.60024	0.02194	0.01012	0.00292	0.00436	0.01843	0.00790	0.00716
31	0.01037	0.00741	0.00987	0.01185	0.01234	0.00691	0.00790	0.01185	0.01629	0.02172	0.04690	0.69537	0.05629	0.02666	0.01086	0.00346	0.00494	0.02419	0.00790	0.00691
32	0.03235	0.02384	0.02554	0.01958	0.02639	0.02639	0.01618	0.61946	0.04001	0.05363	0.02043	0.02043	0.01447	0.01022	0.00851	0.00255	0.00936	0.00766	0.00851	0.01447
33	0.01211	0.00880	0.01278	0.01307	0.01447	0.00993	0.00996	0.01498	0.01430	0.02075	0.02662	0.13034	0.02644	0.05521	0.53220	0.01149	0.01907	0.01126	0.04870	0.00752
34	0.01219	0.00901	0.01311	0.01311	0.01444	0.01033	0.00994	0.01484	0.01351	0.01934	0.02331	0.03628	0.02251	0.14544	0.58728	0.01298	0.02093	0.00954	0.00464	0.00729
35	0.01037	0.00741	0.00987	0.01185	0.01234	0.00691	0.00790	0.01185	0.01629	0.02172	0.04690	0.69537	0.05629	0.02666	0.01086	0.00346	0.00494	0.02419	0.00790	0.00691
36	0.02062	0.01983	0.03346	0.08516	0.57237	0.02055	0.02547	0.02549	0.01881	0.02697	0.01563	0.02099	0.01320	0.00813	0.00976	0.00263	0.05624	0.00757	0.00416	0.01297
37	0.01921	0.02126	0.07804	0.32524	0.25832	0.06844	0.02431	0.02453	0.01824	0.02413	0.01509	0.02098	0.01201	0.00851	0.00942	0.00272	0.04717	0.00731	0.00396	0.01113
38	0.05986	0.02101	0.07348	0.08690	0.31593	0.01923	0.08587	0.06969	0.02019	0.02969	0.01599	0.02021	0.01278	0.00766	0.00809	0.00241	0.00999	0.00721	0.00466	0.12917

[dist]
# distance from previous block
# <min> <max>
0	1

[block]
# block no. 6 follows, 21 sequences, length 200
# corresponding to MSA columns:
# 222-421
name=unknown_G
#
# <colnr> <probs for GDERKNQSTAVLIFYWHMCP>
#	G	D	E	R	K	N	Q	S	T	A	V	L	I	F	Y	W	H	M	C	P
0	0.02492	0.16919	0.02505	0.01722	0.02214	0.30824	0.01383	0.07835	0.06009	0.02479	0.02960	0.02990	0.14045	0.01134	0.00783	0.00233	0.01078	0.00825	0.00555	0.01015
1	0.07856	0.02234	0.14792	0.01557	0.02059	0.09865	0.01420	0.07236	0.01990	0.07536	0.07771	0.03665	0.06328	0.20058	0.01785	0.00414	0.00934	0.00953	0.00597	0.00950
2	0.03124	0.08102	0.02536	0.02148	0.02604	0.62826	0.01633	0.03347	0.02370	0.02078	0.01307	0.01524	0.01096	0.00868	0.00754	0.00217	0.01497	0.00542	0.00434	0.00993
3	0.16959	0.16043	0.02322	0.01530	0.02062	0.15452	0.01265	0.07530	0.05872	0.09596	0.06273	0.02627	0.07120	0.01040	0.00733	0.00241	0.00885	0.00756	0.00626	0.01068
4	0.01629	0.01482	0.02208	0.01865	0.02216	0.05246	0.15542	0.06211	0.02095	0.02774	0.15521	0.23420	0.04286	0.06022	0.01225	0.00335	0.00837	0.05495	0.00699	0.00891
5	0.05454	0.05081	0.02387	0.01786	0.02356	0.02288	0.01476	0.30959	0.07194	0.03962	0.01818	0.01983	0.01403	0.01002	0.01087	0.00247	0.11530	0.00697	0.00670	0.16622
6	0.02728	0.01821	0.02270	0.01828	0.02356	0.05831	0.06482	0.20783	0.02578	0.20338	0.02393	0.02624	0.01779	0.02475	0.19045	0.00565	0.01330	0.00837	0.00735	0.01203
7	0.02290	0.02549	0.01969	0.02036	0.07397	0.32509	0.01396	0.06207	0.02202	0.02392	0.02929	0.22550	0.07083	0.01507	0.00892	0.00267	0.01059	0.01233	0.00594	0.00938
8	0.02083	0.02066	0.03196	0.17736	0.48349	0.06670	0.02491	0.02580	0.01924	0.02607	0.01562	0.02098	0.01287	0.00786	0.00839	0.00257	0.01074	0.00743	0.00414	0.01240
9	0.02695	0.03257	0.02271	0.02241	0.06894	0.48407	0.01594	0.02952	0.02161	0.02111	0.01536	0.01951	0.01328	0.02009	0.14437	0.00460	0.01651	0.00639	0.00441	0.00966
10	0.01216	0.00912	0.01368	0.01368	0.01520	0.01064	0.01064	0.01520	0.01368	0.01976	0.02279	0.03343	0.02127	0.06382	0.66720	0.01368	0.02279	0.00912	0.00456	0.00760
11	0.02097	0.16034	0.04359	0.03729	0.25127	0.02353	0.28796	0.02650	0.01927	0.02598	0.01570	0.02041	0.01271	0.00734	0.00855	0.00254	0.01180	0.00807	0.00414	0.01207
12	0.03140	0.07727	0.02586	0.02071	0.02605	0.42239	0.01624	0.22029	0.02876	0.03125	0.01539	0.01686	0.01208	0.00914	0.00780	0.00228	0.01304	0.00612	0.00566	0.01140
13	0.01056	0.00854	0.00939	0.00940	0.01186	0.00736	0.00696	0.01311	0.02026	0.02555	0.21656	0.12974	0.45895	0.02099	0.01012	0.00288	0.00429	0.01787	0.00825	0.00736
14	0.02000	0.02269	0.04875	0.03505	0.04313	0.02180	0.58055	0.02685	0.01966	0.02685	0.01685	0.02269	0.01281	0.00764	0.01113	0.00292	0.05515	0.00989	0.00427	0.01135
15	0.03235	0.02384	0.02554	0.01958	0.02639	0.02639	0.01618	0.61946	0.04001	0.05363	0.02043	0.02043	0.01447	0.01022	0.00851	0.00255	0.00936	0.00766	0.00851	0.01447
16	0.01216	0.00912	0.01368	0.01368	0.01520	0.01064	0.01064	0.01520	0.01368	0.01976	0.02279	0.03343	0.02127	0.06382	0.66720	0.01368	0.02279	0.00912	0.00456	0.00760
17	0.01291	0.00888	0.01251	0.01251	0.01413	0.01009	0.00969	0.01613	0.01452	0.02218	0.02380	0.03309	0.02138	0.05291	0.53328	0.01131	0.01898	0.00888	0.15515	0.00767
18	0.01801	0.23955	0.02501	0.01497	0.01872	0.09848	0.01262	0.02084	0.01613	0.01997	0.01805	0.02479	0.01665	0.03870	0.37129	0.00842	0.01743	0.00719	0.00424	0.00896
19	0.01216	0.00912	0.01368	0.01368	0.01520	0.01064	0.01064	0.01520	0.01368	0.01976	0.02279	0.03343	0.02127	0.06382	0.66720	0.01368	0.02279	0.00912	0.00456	0.00760
20	0.01021	0.00855	0.00889	0.00896	0.01163	0.00723	0.00666	0.01246	0.01953	0.02368	0.12220	0.11794	0.56976	0.02158	0.01011	0.00290	0.00433	0.01816	0.00800	0.00723
21	0.03179	0.04056	0.02412	0.02192	0.02631	0.66676	0.01644	0.03398	0.02412	0.02083	0.01315	0.01535	0.01096	0.00877	0.00767	0.00219	0.01535	0.00548	0.00438	0.00987
22	0.02842	0.23564	0.03022	0.01889	0.02468	0.29700	0.01561	0.15354	0.06934	0.02845	0.01582	0.01708	0.01276	0.00882	0.00725	0.00221	0.01161	0.00595	0.00533	0.01140
23	0.01085	0.00790	0.01022	0.01123	0.01238	0.00727	0.00782	0.01315	0.01890	0.02556	0.22964	0.45311	0.11358	0.02344	0.01055	0.00317	0.00461	0.02101	0.00834	0.00727
24	0.01094	0.00890	0.00984	0.01031	0.01297	0.00781	0.00820	0.01351	0.01944	0.02358	0.07634	0.08528	0.50151	0.02202	0.01046	0.00312	0.00516	0.15536	0.00789	0.00734
25	0.02875	0.03183	0.02488	0.02154	0.02537	0.38034	0.01691	0.15204	0.02475	0.02754	0.01419	0.01719	0.01174	0.01054	0.01271	0.00263	0.17488	0.00640	0.00508	0.01069
26	0.02452	0.02717	0.02404	0.13088	0.02984	0.30092	0.01763	0.07709	0.02085	0.02360	0.01446	0.01929	0.01224	0.01492	0.06833	0.00365	0.16942	0.00677	0.00450	0.00987
27	0.01857	0.01845	0.03366	0.33671	0.25284	0.01989	0.14739	0.02435	0.01844	0.02491	0.01585	0.02220	0.01238	0.00792	0.00880	0.00274	0.01155	0.00808	0.00403	0.01122
28	0.29071	0.33837	0.07425	0.03852	0.02170	0.02519	0.01368	0.02447	0.01643	0.02739	0.01673	0.01851	0.04882	0.00848	0.00597	0.00228	0.00823	0.00562	0.00449	0.01014
29	0.14716	0.01880	0.04778	0.01598	0.02193	0.01877	0.01349	0.20104	0.12629	0.18585	0.06970	0.02847	0.04586	0.01097	0.00817	0.00267	0.00756	0.00857	0.00830	0.01265
30	0.02938	0.02051	0.02236	0.01751	0.02315	0.02231	0.01404	0.47455	0.03419	0.09071	0.02247	0.02704	0.01775	0.12757	0.01443	0.00353	0.00902	0.00853	0.00809	0.01289
31	0.01262	0.00925	0.01158	0.01229	0.01379	0.00871	0.00849	0.05456	0.01780	0.02412	0.04115	0.55227	0.04814	0.06479	0.01229	0.00350	0.00556	0.02070	0.00753	0.07085
32	0.02418	0.02496	0.15018	0.01871	0.02599	0.02143	0.01752	0.29403	0.15352	0.04036	0.02757	0.02731	0.06960	0.01078	0.00845	0.00260	0.00886	0.00850	0.00728	0.05816
33	0.08122	0.01288	0.01494	0.01328	0.01632	0.01355	0.01026	0.14273	0.06220	0.03435	0.27124	0.04202	0.04268	0.01744	0.01400	0.15454	0.00635	0.03350	0.00759	0.00892
34	0.02084	0.01519	0.02253	0.15141	0.02942	0.01539	0.09293	0.06179	0.07178	0.12716	0.04638	0.03217	0.02134	0.15256	0.01575	0.00373	0.00908	0.00924	0.00628	0.09504
35	0.02832	0.02930	0.02272	0.01976	0.02466	0.31813	0.01534	0.18803	0.15356	0.03239	0.02020	0.02138	0.01574	0.01370	0.05578	0.00326	0.01254	0.00717	0.00636	0.01165
36	0.39066	0.15873	0.02133	0.01308	0.01916	0.02013	0.01131	0.03006	0.01803	0.21956	0.01838	0.01834	0.01313	0.00856	0.00630	0.00246	0.00730	0.00578	0.00651	0.01115
37	0.02208	0.02829	0.11642	0.08544	0.11623	0.17862	0.16478	0.02710	0.01925	0.02413	0.01462	0.01944	0.01181	0.00914	0.01185	0.00278	0.12551	0.00747	0.00408	0.01096
38	0.01345	0.01067	0.01316	0.01217	0.01565	0.00879	0.00882	0.01590	0.01687	0.02427	0.03345	0.40853	0.03780	0.01804	0.00893	0.00253	0.00552	0.01609	0.00669	0.32266
39	0.02844	0.25361	0.03076	0.01685	0.02386	0.02621	0.01475	0.30985	0.02886	0.10013	0.01838	0.01875	0.01377	0.00892	0.00730	0.00220	0.00881	0.00648	0.00677	0.07530
40	0.02048	0.01999	0.03232	0.17763	0.50468	0.04537	0.02524	0.02555	0.01909	0.02631	0.01572	0.02117	0.01295	0.00782	0.00841	0.00258	0.01056	0.00750	0.00413	0.01253
41	0.02163	0.02160	0.03303	0.09293	0.55432	0.07518	0.02512	0.02649	0.01962	0.02679	0.01570	0.02069	0.01312	0.00775	0.00837	0.00252	0.01064	0.00740	0.00420	0.01289
42	0.02339	0.43225	0.16901	0.01809	0.02589	0.15897	0.01849	0.02751	0.01882	0.02164	0.01282	0.01490	0.01090	0.00775	0.00646	0.00208	0.01110	0.00510	0.00378	0.01106
43	0.03179	0.04056	0.02412	0.02192	0.02631	0.66676	0.01644	0.03398	0.02412	0.02083	0.01315	0.01535	0.01096	0.00877	0.00767	0.00219	0.01535	0.00548	0.00438	0.00987
44	0.01010	0.00845	0.00880	0.00908	0.01161	0.00715	0.00667	0.01216	0.01896	0.02281	0.08066	0.16852	0.56135	0.02227	0.01017	0.00296	0.00440	0.01884	0.00790	0.00715
45	0.01238	0.00825	0.00928	0.00928	0.00928	0.00825	0.00516	0.01238	0.01238	0.01650	0.02681	0.05569	0.03094	0.70092	0.04331	0.00825	0.00825	0.01238	0.00516	0.00516
46	0.02817	0.02079	0.02308	0.01836	0.02407	0.02313	0.01503	0.49427	0.03456	0.04661	0.02092	0.02313	0.01588	0.02132	0.14498	0.00486	0.01215	0.00796	0.00769	0.01305
47	0.02113	0.02287	0.02648	0.40630	0.13714	0.19715	0.02203	0.02576	0.01932	0.02239	0.01471	0.02043	0.01156	0.00844	0.00827	0.00261	0.01226	0.00699	0.00401	0.01016
48	0.02066	0.01939	0.03061	0.09812	0.46838	0.02031	0.02329	0.02971	0.14620	0.02891	0.01979	0.02341	0.01589	0.00848	0.00848	0.00263	0.00952	0.00800	0.00510	0.01314
49	0.17608	0.01598	0.01881	0.01934	0.10167	0.01726	0.01315	0.08006	0.17641	0.10434	0.02210	0.02415	0.01704	0.01368	0.01288	0.15452	0.00756	0.00757	0.00657	0.01081
50	0.01036	0.00746	0.00982	0.01172	0.01231	0.00692	0.00784	0.01186	0.01642	0.02178	0.04850	0.67052	0.08011	0.02645	0.01083	0.00343	0.00491	0.02394	0.00790	0.00692
51	0.01586	0.00793	0.00793	0.00793	0.00991	0.00793	0.00595	0.01983	0.01785	0.03173	0.02776	0.03173	0.02181	0.00991	0.00595	0.00198	0.00397	0.00793	0.74817	0.00793
52	0.02918	0.03146	0.02627	0.02615	0.12387	0.35541	0.01808	0.17601	0.02640	0.02999	0.01524	0.01776	0.01224	0.00943	0.00963	0.00246	0.06707	0.00651	0.00532	0.01153
53	0.01238	0.00825	0.00928	0.00928	0.00928	0.00825	0.00516	0.01238	0.01238	0.01650	0.02681	0.05569	0.03094	0.70092	0.04331	0.00825	0.00825	0.01238	0.00516	0.00516
54	0.01015	0.00827	0.00899	0.00956	0.01174	0.00710	0.00688	0.01211	0.01849	0.02262	0.07472	0.26124	0.47246	0.02305	0.01029	0.00304	0.00449	0.01978	0.00790	0.00710
55	0.03259	0.02345	0.02530	0.01939	0.02620	0.02581	0.01602	0.59528	0.03936	0.07874	0.02098	0.02079	0.01475	0.01023	0.00852	0.00256	0.00928	0.00770	0.00860	0.01447
56	0.01225	0.00820	0.00932	0.00944	0.00947	0.00817	0.00532	0.01234	0.01261	0.01682	0.02804	0.09459	0.03248	0.65993	0.04134	0.00796	0.00805	0.01309	0.00532	0.00526
57	0.01216	0.00912	0.01368	0.01368	0.01520	0.01064	0.01064	0.01520	0.01368	0.01976	0.02279	0.03343	0.02127	0.06382	0.66720	0.01368	0.02279	0.00912	0.00456	0.00760
58	0.01037	0.00741	0.00987	0.01185	0.01234	0.00691	0.00790	0.01185	0.01629	0.02172	0.04690	0.69537	0.05629	0.02666	0.01086	0.00346	0.00494	0.02419	0.00790	0.00691
59	0.02064	0.01979	0.03377	0.10573	0.59766	0.02011	0.02591	0.02574	0.01918	0.02729	0.01593	0.02120	0.01330	0.00766	0.00843	0.00255	0.01022	0.00758	0.00418	0.01314
60	0.03179	0.04056	0.02412	0.02192	0.02631	0.66676	0.01644	0.03398	0.02412	0.02083	0.01315	0.01535	0.01096	0.00877	0.00767	0.00219	0.01535	0.00548	0.00438	0.00987
61	0.01832	0.01009	0.01338	0.01177	0.01488	0.00910	0.00910	0.02216	0.02415	0.18281	0.49702	0.05527	0.06608	0.01575	0.00968	0.00267	0.00479	0.01375	0.00965	0.00958
62	0.02963	0.09420	0.02517	0.02060	0.02513	0.53663	0.01585	0.05822	0.02349	0.02216	0.01407	0.01674	0.01186	0.01269	0.05521	0.00301	0.01508	0.00576	0.00452	0.01000
63	0.01536	0.00948	0.01136	0.01098	0.01389	0.00832	0.00842	0.01769	0.01988	0.12689	0.11145	0.15179	0.34364	0.02056	0.01096	0.03206	0.00527	0.06538	0.00828	0.00833
64	0.01024	0.00791	0.00936	0.01051	0.01199	0.00702	0.00731	0.01200	0.01758	0.02225	0.06318	0.44128	0.29986	0.02455	0.01053	0.00321	0.00468	0.02161	0.00790	0.00702
65	0.02106	0.02022	0.03454	0.05223	0.64784	0.02022	0.02612	0.02612	0.01938	0.02780	0.01601	0.02106	0.01348	0.00758	0.00842	0.00253	0.01011	0.00758	0.00421	0.01348
66	0.01216	0.00912	0.01368	0.01368	0.01520	0.01064	0.01064	0.01520	0.01368	0.01976	0.02279	0.03343	0.02127	0.06382	0.66720	0.01368	0.02279	0.00912	0.00456	0.00760
67	0.17306	0.01160	0.01258	0.01111	0.01476	0.01122	0.00847	0.02243	0.01898	0.17786	0.12210	0.04814	0.18248	0.13254	0.01443	0.00367	0.00612	0.01163	0.00771	0.00912
68	0.02985	0.02143	0.02287	0.01782	0.02390	0.02360	0.01463	0.52869	0.03666	0.05032	0.02154	0.02214	0.01558	0.01017	0.00812	0.00247	0.00855	0.00770	0.12048	0.01348
69	0.01224	0.00819	0.00932	0.00946	0.00949	0.00816	0.00535	0.01234	0.01265	0.01686	0.02820	0.09976	0.03269	0.65447	0.04108	0.00792	0.00802	0.01319	0.00535	0.00528
70	0.16538	0.01016	0.01083	0.01071	0.01237	0.01043	0.00717	0.01691	0.01461	0.06822	0.02909	0.19878	0.03191	0.34886	0.02531	0.00556	0.00704	0.01336	0.00623	0.00707
71	0.01572	0.00795	0.00799	0.00799	0.00989	0.00795	0.00592	0.01952	0.01762	0.03109	0.02772	0.03273	0.02219	0.03877	0.00751	0.00224	0.00414	0.00812	0.71714	0.00782
72	0.01104	0.00802	0.01041	0.01116	0.01244	0.00739	0.00785	0.01361	0.01972	0.02692	0.29514	0.39302	0.10668	0.02250	0.01047	0.00310	0.00451	0.02014	0.00850	0.00739
73	0.03235	0.02384	0.02554	0.01958	0.02639	0.02639	0.01618	0.61946	0.04001	0.05363	0.02043	0.02043	0.01447	0.01022	0.00851	0.00255	0.00936	0.00766	0.00851	0.01447
74	0.64674	0.01615	0.01365	0.01182	0.01729	0.01805	0.00974	0.02762	0.01604	0.13551	0.01528	0.01622	0.01109	0.00832	0.00579	0.00263	0.00669	0.00523	0.00610	0.01005
75	0.13019	0.01029	0.01080	0.01095	0.01341	0.01028	0.00806	0.01709	0.06201	0.02648	0.10148	0.21151	0.23452	0.07747	0.01229	0.00346	0.00545	0.03902	0.00743	0.00782
76	0.01077	0.00765	0.00968	0.01112	0.01166	0.00721	0.00724	0.01198	0.01567	0.02072	0.04513	0.52554	0.08679	0.16605	0.01754	0.00441	0.00559	0.02137	0.00733	0.00656
77	0.02450	0.01789	0.01961	0.01706	0.02225	0.01996	0.01343	0.07009	0.50480	0.13942	0.03383	0.03078	0.02465	0.01132	0.00864	0.00283	0.00694	0.00936	0.00897	0.01368
78	0.01212	0.00834	0.01024	0.01045	0.01081	0.00860	0.00656	0.01290	0.01305	0.01771	0.02810	0.11821	0.03162	0.50002	0.16742	0.00886	0.01088	0.01295	0.00532	0.00584
79	0.02240	0.01536	0.01782	0.01579	0.01962	0.01616	0.01241	0.27773	0.02738	0.08146	0.03336	0.25250	0.03361	0.04792	0.01123	0.00328	0.00753	0.08544	0.00823	0.01077
80	0.01077	0.00790	0.01017	0.01156	0.01266	0.00729	0.00815	0.01283	0.01790	0.02368	0.12501	0.49363	0.13637	0.02462	0.01072	0.00332	0.00495	0.06324	0.00808	0.00715
81	0.02109	0.01926	0.03147	0.10068	0.51455	0.01976	0.02395	0.06622	0.02050	0.02931	0.01698	0.02183	0.01389	0.00799	0.00828	0.00252	0.00978	0.00761	0.05148	0.01285
82	0.17279	0.01559	0.06672	0.01430	0.01889	0.01444	0.01242	0.02644	0.10837	0.12134	0.06791	0.03748	0.07714	0.02298	0.14168	0.00502	0.01021	0.04914	0.00691	0.01022
83	0.01081	0.00813	0.01012	0.01152	0.01293	0.00744	0.00840	0.01286	0.01770	0.02268	0.05790	0.42478	0.22406	0.02470	0.01077	0.00336	0.00521	0.11158	0.00789	0.00714
84	0.01017	0.00819	0.00906	0.00975	0.01179	0.00709	0.00697	0.01209	0.01831	0.02255	0.07242	0.29714	0.43805	0.02334	0.01034	0.00308	0.00453	0.02015	0.00790	0.00709
85	0.01695	0.01602	0.02712	0.56960	0.16260	0.01914	0.02407	0.02252	0.01743	0.02281	0.01528	0.02240	0.01172	0.00834	0.00849	0.00278	0.01113	0.00757	0.00386	0.01016
86	0.02556	0.03009	0.02377	0.20032	0.05880	0.40857	0.01808	0.02892	0.02127	0.02176	0.01485	0.01906	0.01208	0.01117	0.03750	0.00289	0.01391	0.00639	0.03529	0.00972
87	0.01006	0.00862	0.00862	0.00862	0.01149	0.00718	0.00647	0.01221	0.01940	0.02299	0.08621	0.08190	0.64438	0.02155	0.01006	0.00287	0.00431	0.01796	0.00790	0.00718
88	0.02038	0.02017	0.03126	0.22911	0.43717	0.06439	0.02474	0.02541	0.01903	0.02560	0.01556	0.02113	0.01270	0.00793	0.00840	0.00259	0.01082	0.00743	0.00410	0.01208
89	0.01081	0.00781	0.00952	0.01069	0.01145	0.00729	0.00699	0.01204	0.01583	0.02064	0.04832	0.43755	0.14550	0.19260	0.01876	0.00455	0.00565	0.02026	0.00722	0.00652
90	0.01822	0.17809	0.53284	0.02229	0.03380	0.02258	0.02802	0.02665	0.01783	0.02555	0.01458	0.01709	0.01081	0.00792	0.00755	0.00252	0.01187	0.00594	0.00360	0.01224
91	0.02605	0.34921	0.06097	0.02117	0.07759	0.28955	0.01702	0.02906	0.02027	0.02130	0.01287	0.01515	0.01115	0.00795	0.00672	0.00207	0.01187	0.00526	0.00399	0.01078
