[name]
unknown

[dist]
# distance from previous block
# <min> <max>
0	0

[block]
# block no. 0 follows, 21 sequences, length 24
# corresponding to MSA columns:
# 0-23
name=unknown_A
#
# <colnr> <probs for GDERKNQSTAVLIFYWHMCP>
#	G	D	E	R	K	N	Q	S	T	A	V	L	I	F	Y	W	H	M	C	P
0	0.01371	0.00980	0.01371	0.01567	0.01763	0.00980	0.01371	0.01763	0.01959	0.02547	0.04506	0.09599	0.04898	0.02351	0.01175	0.00392	0.00784	0.59056	0.00784	0.00784
1	0.01868	0.01417	0.01585	0.01440	0.01753	0.01510	0.01063	0.16648	0.15196	0.03160	0.03260	0.23646	0.03291	0.15245	0.01608	0.00398	0.00710	0.01397	0.00755	0.04050
2	0.01057	0.00753	0.00994	0.01166	0.01223	0.00705	0.00778	0.01214	0.01661	0.02228	0.08413	0.62532	0.05665	0.05730	0.01231	0.00363	0.00503	0.02308	0.00787	0.00690
3	0.03235	0.02384	0.02554	0.01958	0.02639	0.02639	0.01618	0.61946	0.04001	0.05363	0.02043	0.02043	0.01447	0.01022	0.00851	0.00255	0.00936	0.00766	0.00851	0.01447
4	0.03107	0.02320	0.02482	0.01932	0.02590	0.02579	0.01587	0.55367	0.10789	0.05157	0.02206	0.02173	0.01579	0.01037	0.00853	0.00259	0.00906	0.00789	0.00853	0.01436
5	0.03126	0.02330	0.02493	0.01936	0.02598	0.02588	0.01591	0.56359	0.09766	0.05188	0.02181	0.02153	0.01559	0.01035	0.00853	0.00259	0.00911	0.00785	0.00853	0.01437
6	0.01866	0.22886	0.48589	0.02155	0.03265	0.02365	0.02673	0.02654	0.01778	0.02502	0.01431	0.01676	0.01082	0.00786	0.00735	0.00245	0.01161	0.00580	0.00361	0.01211
7	0.03235	0.02384	0.02554	0.01958	0.02639	0.02639	0.01618	0.61946	0.04001	0.05363	0.02043	0.02043	0.01447	0.01022	0.00851	0.00255	0.00936	0.00766	0.00851	0.01447
8	0.03162	0.02347	0.02513	0.01943	0.02611	0.02605	0.01600	0.58203	0.07863	0.05246	0.02136	0.02117	0.01522	0.01030	0.00852	0.00258	0.00919	0.00779	0.00852	0.01441
9	0.01006	0.00862	0.00862	0.00862	0.01149	0.00718	0.00647	0.01221	0.01940	0.02299	0.08621	0.08190	0.64438	0.02155	0.01006	0.00287	0.00431	0.01796	0.00790	0.00718
10	0.01238	0.00825	0.00928	0.00928	0.00928	0.00825	0.00516	0.01238	0.01238	0.01650	0.02681	0.05569	0.03094	0.70092	0.04331	0.00825	0.00825	0.01238	0.00516	0.00516
11	0.03235	0.02384	0.02554	0.01958	0.02639	0.02639	0.01618	0.61946	0.04001	0.05363	0.02043	0.02043	0.01447	0.01022	0.00851	0.00255	0.00936	0.00766	0.00851	0.01447
12	0.02008	0.39474	0.33249	0.01912	0.02889	0.02713	0.02250	0.02617	0.01761	0.02328	0.01345	0.01568	0.01085	0.00766	0.00669	0.00223	0.01074	0.00537	0.00362	0.01170
13	0.02224	0.02053	0.01974	0.01778	0.02255	0.08647	0.01377	0.04408	0.57093	0.03411	0.03246	0.03009	0.02446	0.01126	0.00856	0.00282	0.00761	0.00920	0.00823	0.01311
14	0.09459	0.63895	0.04147	0.01423	0.02132	0.03225	0.01404	0.02544	0.01702	0.02179	0.01183	0.01367	0.01076	0.00734	0.00544	0.00190	0.00886	0.00456	0.00380	0.01076
15	0.01841	0.15981	0.02259	0.01504	0.01883	0.01865	0.01257	0.13729	0.01967	0.02653	0.02000	0.02666	0.01773	0.04120	0.39617	0.00896	0.01723	0.00786	0.00515	0.00967
16	0.28646	0.35526	0.06242	0.01414	0.02072	0.02647	0.01342	0.02739	0.07855	0.02846	0.01432	0.01577	0.01183	0.00798	0.00585	0.00226	0.00814	0.00517	0.00473	0.01066
17	0.22051	0.09687	0.02130	0.01492	0.02037	0.02144	0.01244	0.26720	0.02730	0.04159	0.14760	0.02693	0.02645	0.01077	0.00762	0.00252	0.00748	0.00811	0.00727	0.01132
18	0.02467	0.01821	0.02034	0.01661	0.02138	0.02003	0.01330	0.39269	0.03040	0.04084	0.02584	0.03063	0.05857	0.08953	0.15166	0.00549	0.01177	0.00910	0.00731	0.01163
19	0.03116	0.02715	0.02608	0.02318	0.08520	0.16574	0.01717	0.43536	0.03459	0.04402	0.01842	0.01938	0.01361	0.00965	0.00832	0.00247	0.01074	0.00718	0.00720	0.01337
20	0.01747	0.04161	0.59389	0.02709	0.09864	0.01981	0.03090	0.02687	0.01811	0.02704	0.01535	0.01828	0.01105	0.00803	0.00812	0.00268	0.01233	0.00642	0.00366	0.01267
21	0.02118	0.18195	0.40307	0.02176	0.03161	0.15107	0.02493	0.02804	0.01905	0.02428	0.01413	0.01654	0.01085	0.00805	0.00745	0.00241	0.01240	0.00576	0.00376	0.01169
22	0.01966	0.34541	0.37810	0.01984	0.03001	0.02610	0.02376	0.02628	0.01766	0.02380	0.01371	0.01600	0.01084	0.00772	0.00689	0.00230	0.01099	0.00550	0.00361	0.01182
23	0.19712	0.01433	0.01372	0.01315	0.01598	0.08746	0.01025	0.02043	0.01570	0.02616	0.01977	0.02633	0.01724	0.03580	0.33116	0.00792	0.01517	0.00743	0.11656	0.00830

[dist]
# distance from previous block
# <min> <max>
0	1

[block]
# block no. 1 follows, 21 sequences, length 55
# corresponding to MSA columns:
# 25-79
name=unknown_B
#
# <colnr> <probs for GDERKNQSTAVLIFYWHMCP>
#	G	D	E	R	K	N	Q	S	T	A	V	L	I	F	Y	W	H	M	C	P
0	0.01858	0.04979	0.01669	0.01372	0.01761	0.01508	0.01080	0.06569	0.19867	0.08728	0.04385	0.04486	0.19016	0.05917	0.12459	0.00493	0.00928	0.01143	0.00746	0.01035
1	0.02070	0.01602	0.01801	0.01581	0.01975	0.01784	0.01239	0.19971	0.20425	0.03436	0.03028	0.03741	0.05303	0.10474	0.14077	0.00558	0.01074	0.04026	0.00732	0.01103
2	0.03079	0.11413	0.02638	0.02111	0.02581	0.59676	0.01623	0.03304	0.02336	0.02074	0.01301	0.01516	0.01096	0.00860	0.00743	0.00215	0.01466	0.00538	0.00430	0.00998
3	0.06022	0.01520	0.02074	0.29804	0.03624	0.01666	0.01657	0.06081	0.08790	0.14061	0.02860	0.03046	0.08485	0.01058	0.00840	0.00268	0.00864	0.00881	0.00642	0.05757
4	0.02067	0.36715	0.32247	0.01939	0.02892	0.06271	0.02236	0.02663	0.01798	0.02322	0.01347	0.01571	0.01086	0.00773	0.00678	0.00224	0.01103	0.00539	0.00366	0.01162
5	0.01707	0.04402	0.65683	0.02426	0.03683	0.01976	0.03144	0.02695	0.01797	0.02695	0.01527	0.01797	0.01078	0.00809	0.00809	0.00270	0.01258	0.00629	0.00359	0.01258
6	0.02880	0.03126	0.02384	0.02220	0.06140	0.36663	0.01627	0.13929	0.16781	0.03044	0.01959	0.02038	0.01521	0.00960	0.00809	0.00244	0.01199	0.00695	0.00609	0.01172
7	0.01028	0.00855	0.00898	0.00905	0.01167	0.00725	0.00672	0.01258	0.01967	0.02404	0.14041	0.12029	0.54830	0.02146	0.01011	0.00289	0.00432	0.01811	0.00805	0.00725
8	0.02014	0.02574	0.17895	0.04574	0.50605	0.02011	0.02735	0.02631	0.01905	0.02760	0.01584	0.02034	0.01285	0.00770	0.00835	0.00257	0.01068	0.00728	0.00407	0.01327
9	0.03179	0.04056	0.02412	0.02192	0.02631	0.66676	0.01644	0.03398	0.02412	0.02083	0.01315	0.01535	0.01096	0.00877	0.00767	0.00219	0.01535	0.00548	0.00438	0.00987
10	0.01166	0.00868	0.01084	0.01030	0.01248	0.00787	0.00773	0.01531	0.02318	0.03197	0.53524	0.06713	0.18975	0.01820	0.01004	0.00271	0.00407	0.01589	0.00908	0.00787
11	0.02106	0.02022	0.03454	0.05223	0.64784	0.02022	0.02612	0.02612	0.01938	0.02780	0.01601	0.02106	0.01348	0.00758	0.00842	0.00253	0.01011	0.00758	0.00421	0.01348
12	0.01307	0.01009	0.01177	0.01254	0.05166	0.00972	0.00796	0.04767	0.01739	0.02221	0.05037	0.06118	0.28474	0.29738	0.06143	0.00564	0.00763	0.01395	0.00640	0.00720
13	0.01226	0.00873	0.01169	0.01169	0.01252	0.00956	0.00816	0.01392	0.01309	0.01828	0.02461	0.04350	0.02565	0.35205	0.38495	0.01122	0.01621	0.01059	0.00483	0.00649
14	0.03033	0.03813	0.02433	0.02197	0.02587	0.59588	0.01668	0.03249	0.02289	0.02079	0.01293	0.01571	0.01099	0.00945	0.00991	0.00236	0.08947	0.00570	0.00431	0.00980
15	0.02164	0.02132	0.03398	0.05059	0.61416	0.05525	0.02559	0.02654	0.01963	0.02742	0.01585	0.02075	0.01334	0.00765	0.00838	0.00251	0.01039	0.00747	0.00422	0.01328
16	0.01070	0.00929	0.01012	0.01115	0.04840	0.00794	0.00761	0.01302	0.01940	0.02327	0.08214	0.07837	0.60780	0.02074	0.00996	0.00285	0.00465	0.01736	0.00769	0.00755
17	0.01013	0.00834	0.00891	0.00937	0.01169	0.00712	0.00680	0.01213	0.01868	0.02270	0.07709	0.22426	0.50791	0.02274	0.01024	0.00301	0.00446	0.01941	0.00790	0.00712
18	0.01006	0.00862	0.00862	0.00862	0.01149	0.00718	0.00647	0.01221	0.01940	0.02299	0.08621	0.08190	0.64438	0.02155	0.01006	0.00287	0.00431	0.01796	0.00790	0.00718
19	0.02106	0.02022	0.03454	0.05223	0.64784	0.02022	0.02612	0.02612	0.01938	0.02780	0.01601	0.02106	0.01348	0.00758	0.00842	0.00253	0.01011	0.00758	0.00421	0.01348
20	0.01037	0.00741	0.00987	0.01185	0.01234	0.00691	0.00790	0.01185	0.01629	0.02172	0.04690	0.69537	0.05629	0.02666	0.01086	0.00346	0.00494	0.02419	0.00790	0.00691
21	0.01238	0.00825	0.00928	0.00928	0.00928	0.00825	0.00516	0.01238	0.01238	0.01650	0.02681	0.05569	0.03094	0.70092	0.04331	0.00825	0.00825	0.01238	0.00516	0.00516
22	0.01037	0.00741	0.00987	0.01185	0.01234	0.00691	0.00790	0.01185	0.01629	0.02172	0.04690	0.69537	0.05629	0.02666	0.01086	0.00346	0.00494	0.02419	0.00790	0.00691
23	0.02106	0.02022	0.03454	0.05223	0.64784	0.02022	0.02612	0.02612	0.01938	0.02780	0.01601	0.02106	0.01348	0.00758	0.00842	0.00253	0.01011	0.00758	0.00421	0.01348
24	0.03179	0.04056	0.02412	0.02192	0.02631	0.66676	0.01644	0.03398	0.02412	0.02083	0.01315	0.01535	0.01096	0.00877	0.00767	0.00219	0.01535	0.00548	0.00438	0.00987
25	0.01749	0.01658	0.02809	0.50159	0.22638	0.01928	0.02434	0.02299	0.01769	0.02347	0.01538	0.02223	0.01195	0.00824	0.00848	0.00275	0.01099	0.00757	0.00390	0.01060
26	0.02106	0.02022	0.03454	0.05223	0.64784	0.02022	0.02612	0.02612	0.01938	0.02780	0.01601	0.02106	0.01348	0.00758	0.00842	0.00253	0.01011	0.00758	0.00421	0.01348
27	0.01216	0.00912	0.01368	0.01368	0.01520	0.01064	0.01064	0.01520	0.01368	0.01976	0.02279	0.03343	0.02127	0.06382	0.66720	0.01368	0.02279	0.00912	0.00456	0.00760
28	0.01216	0.00912	0.01368	0.01368	0.01520	0.01064	0.01064	0.01520	0.01368	0.01976	0.02279	0.03343	0.02127	0.06382	0.66720	0.01368	0.02279	0.00912	0.00456	0.00760
29	0.01707	0.04402	0.65683	0.02426	0.03683	0.01976	0.03144	0.02695	0.01797	0.02695	0.01527	0.01797	0.01078	0.00809	0.00809	0.00270	0.01258	0.00629	0.00359	0.01258
30	0.02009	0.02296	0.05022	0.03587	0.04448	0.02152	0.61693	0.02726	0.02009	0.02726	0.01722	0.02296	0.01291	0.00717	0.01004	0.00287	0.01435	0.01004	0.00430	0.01148
31	0.01077	0.00865	0.00961	0.00937	0.01193	0.00749	0.00703	0.01359	0.02108	0.02698	0.28599	0.07533	0.44211	0.02006	0.01005	0.00280	0.00420	0.01704	0.00843	0.00749
32	0.02073	0.01989	0.03395	0.09346	0.60917	0.02013	0.02595	0.02583	0.01922	0.02740	0.01595	0.02117	0.01334	0.00764	0.00843	0.00255	0.01019	0.00758	0.00418	0.01322
33	0.05539	0.02159	0.02511	0.10230	0.20057	0.13326	0.01860	0.05294	0.10170	0.08960	0.01977	0.02275	0.01542	0.01278	0.05073	0.00334	0.04925	0.00754	0.00562	0.01174
34	0.01006	0.00862	0.00862	0.00862	0.01149	0.00718	0.00647	0.01221	0.01940	0.02299	0.08621	0.08190	0.64438	0.02155	0.01006	0.00287	0.00431	0.01796	0.00790	0.00718
35	0.03818	0.01448	0.01975	0.01514	0.02172	0.01251	0.01251	0.04147	0.02436	0.65373	0.03357	0.02897	0.02107	0.01053	0.00856	0.00263	0.00724	0.00856	0.01053	0.01448
36	0.01033	0.00754	0.00974	0.01149	0.01225	0.00694	0.00774	0.01189	0.01664	0.02186	0.05125	0.62754	0.12130	0.02610	0.01077	0.00339	0.00487	0.02350	0.00790	0.00694
37	0.17218	0.02857	0.02168	0.01864	0.02392	0.28577	0.01461	0.19652	0.09932	0.03509	0.01749	0.01843	0.01339	0.00933	0.00756	0.00246	0.01095	0.00641	0.00622	0.01145
38	0.01216	0.00912	0.01368	0.01368	0.01520	0.01064	0.01064	0.01520	0.01368	0.01976	0.02279	0.03343	0.02127	0.06382	0.66720	0.01368	0.02279	0.00912	0.00456	0.00760
39	0.01009	0.00848	0.00877	0.00901	0.01160	0.00715	0.00664	0.01217	0.01903	0.02284	0.08152	0.15516	0.57415	0.02216	0.01015	0.00294	0.00439	0.01870	0.00790	0.00715
40	0.12002	0.02295	0.02397	0.01857	0.02520	0.02551	0.01534	0.54794	0.03694	0.05177	0.01940	0.01964	0.01384	0.00994	0.00812	0.00256	0.00903	0.00729	0.00812	0.01384
41	0.02106	0.02022	0.03454	0.05223	0.64784	0.02022	0.02612	0.02612	0.01938	0.02780	0.01601	0.02106	0.01348	0.00758	0.00842	0.00253	0.01011	0.00758	0.00421	0.01348
42	0.01013	0.00834	0.00891	0.00937	0.01169	0.00712	0.00680	0.01213	0.01868	0.02270	0.07709	0.22426	0.50791	0.02274	0.01024	0.00301	0.00446	0.01941	0.00790	0.00712
43	0.01707	0.04402	0.65683	0.02426	0.03683	0.01976	0.03144	0.02695	0.01797	0.02695	0.01527	0.01797	0.01078	0.00809	0.00809	0.00270	0.01258	0.00629	0.00359	0.01258
44	0.02275	0.70604	0.04459	0.01456	0.02184	0.03367	0.01456	0.02548	0.01729	0.02002	0.01183	0.01365	0.01092	0.00728	0.00546	0.00182	0.00910	0.00455	0.00364	0.01092
45	0.01099	0.00914	0.00967	0.00945	0.01227	0.00807	0.00711	0.01463	0.05249	0.02562	0.18165	0.07603	0.51245	0.02029	0.00998	0.00284	0.00439	0.01707	0.00820	0.00766
46	0.01801	0.03649	0.44662	0.02736	0.03801	0.02067	0.19354	0.02661	0.01823	0.02661	0.01554	0.01940	0.01140	0.00828	0.00993	0.00281	0.05722	0.00741	0.00380	0.01206
47	0.01238	0.00825	0.00928	0.00928	0.00928	0.00825	0.00516	0.01238	0.01238	0.01650	0.02681	0.05569	0.03094	0.70092	0.04331	0.00825	0.00825	0.01238	0.00516	0.00516
48	0.02277	0.05919	0.01888	0.01428	0.01830	0.01817	0.01122	0.29071	0.02638	0.03674	0.02293	0.03111	0.01988	0.17329	0.05315	0.00435	0.00880	0.00869	0.15073	0.01043
49	0.02917	0.06994	0.02569	0.02133	0.02542	0.44954	0.01668	0.10119	0.02380	0.02464	0.01362	0.01641	0.01141	0.00989	0.01105	0.00247	0.12662	0.00602	0.00473	0.01038
50	0.01324	0.00904	0.01128	0.01051	0.01301	0.00812	0.00796	0.01679	0.02305	0.07056	0.47929	0.06553	0.20387	0.01790	0.00995	0.00272	0.00428	0.01554	0.00911	0.00824
51	0.01894	0.03096	0.28085	0.03145	0.04157	0.02085	0.39432	0.02714	0.01928	0.02714	0.01648	0.02106	0.01210	0.00752	0.00930	0.00280	0.01367	0.00862	0.00403	0.01190
52	0.02567	0.02903	0.02627	0.03136	0.24322	0.33926	0.01889	0.05373	0.02226	0.02478	0.01820	0.09275	0.01701	0.01039	0.00833	0.00247	0.01210	0.00838	0.00489	0.01101
53	0.02526	0.02321	0.02024	0.01691	0.02190	0.18156	0.01332	0.26564	0.02949	0.03661	0.10981	0.03436	0.12188	0.01238	0.00863	0.00246	0.00921	0.00961	0.00730	0.05022
54	0.01822	0.18858	0.29270	0.01923	0.02743	0.06101	0.05191	0.02437	0.01952	0.02613	0.13505	0.02847	0.05252	0.01024	0.00801	0.00247	0.01006	0.00826	0.00497	0.01087

[dist]
# distance from previous block
# <min> <max>
0	1

[block]
# block no. 2 follows, 21 sequences, length 71
# corresponding to MSA columns:
# 81-151
name=unknown_C
#
# <colnr> <probs for GDERKNQSTAVLIFYWHMCP>
#	G	D	E	R	K	N	Q	S	T	A	V	L	I	F	Y	W	H	M	C	P
0	0.01907	0.03054	0.27589	0.03338	0.11032	0.02071	0.33012	0.02701	0.01921	0.02721	0.01635	0.02087	0.01218	0.00756	0.00912	0.00277	0.01320	0.00836	0.00403	0.01212
1	0.37135	0.20609	0.16024	0.01489	0.02214	0.02266	0.01539	0.02518	0.01639	0.03074	0.03952	0.01679	0.01304	0.00818	0.00613	0.00243	0.00844	0.00542	0.00465	0.01035
2	0.01999	0.10700	0.02595	0.30676	0.06387	0.02123	0.01831	0.13249	0.08473	0.02913	0.02531	0.02830	0.08126	0.01033	0.00829	0.00265	0.00941	0.00851	0.00558	0.01090
3	0.02999	0.03551	0.02347	0.02085	0.02527	0.51563	0.01591	0.10874	0.02543	0.02524	0.01835	0.02010	0.04898	0.00999	0.00882	0.00235	0.04339	0.00659	0.00510	0.01029
4	0.01897	0.26521	0.45228	0.02102	0.03182	0.02441	0.02580	0.02646	0.01774	0.02464	0.01412	0.01653	0.01083	0.00782	0.00721	0.00240	0.01142	0.00571	0.00361	0.01202
5	0.01925	0.01967	0.02597	0.02232	0.02253	0.05671	0.01851	0.02113	0.01356	0.02050	0.01127	0.01846	0.01116	0.01460	0.02696	0.00365	0.65330	0.00735	0.00376	0.00934
6	0.01006	0.00862	0.00862	0.00862	0.01149	0.00718	0.00647	0.01221	0.01940	0.02299	0.08621	0.08190	0.64438	0.02155	0.01006	0.00287	0.00431	0.01796	0.00790	0.00718
7	0.01251	0.00963	0.01434	0.01414	0.01558	0.01147	0.01107	0.01548	0.01364	0.01979	0.02217	0.03263	0.02073	0.06119	0.63273	0.01314	0.05852	0.00903	0.00451	0.00769
8	0.03121	0.08460	0.02559	0.02129	0.02601	0.58552	0.01630	0.06851	0.02461	0.02274	0.01350	0.01554	0.01117	0.00876	0.00757	0.00219	0.01457	0.00555	0.00458	0.01021
9	0.01211	0.00814	0.00936	0.00962	0.00968	0.00808	0.00552	0.01231	0.01289	0.01718	0.02944	0.13943	0.03426	0.61265	0.03907	0.00762	0.00782	0.01392	0.00552	0.00539
10	0.01248	0.00965	0.01427	0.01415	0.01550	0.01145	0.01100	0.01534	0.01380	0.01993	0.02353	0.07429	0.02280	0.05816	0.58243	0.01236	0.06651	0.00996	0.00471	0.00767
11	0.01238	0.00825	0.00928	0.00928	0.00928	0.00825	0.00516	0.01238	0.01238	0.01650	0.02681	0.05569	0.03094	0.70092	0.04331	0.00825	0.00825	0.01238	0.00516	0.00516
12	0.02275	0.70604	0.04459	0.01456	0.02184	0.03367	0.01456	0.02548	0.01729	0.02002	0.01183	0.01365	0.01092	0.00728	0.00546	0.00182	0.00910	0.00455	0.00364	0.01092
13	0.02443	0.01693	0.01904	0.01655	0.02175	0.01831	0.01312	0.04210	0.44364	0.17104	0.03398	0.03333	0.02530	0.01161	0.00867	0.00280	0.00688	0.03475	0.00887	0.04690
14	0.01358	0.01121	0.01641	0.01559	0.01677	0.01404	0.01240	0.01636	0.01353	0.01992	0.02023	0.03017	0.01905	0.05304	0.52629	0.01148	0.16883	0.00875	0.00437	0.00798
15	0.02275	0.70604	0.04459	0.01456	0.02184	0.03367	0.01456	0.02548	0.01729	0.02002	0.01183	0.01365	0.01092	0.00728	0.00546	0.00182	0.00910	0.00455	0.00364	0.01092
16	0.03651	0.01414	0.01909	0.01475	0.02112	0.01219	0.01215	0.03974	0.02406	0.61634	0.03669	0.03210	0.05802	0.01119	0.00865	0.00265	0.00707	0.00912	0.01038	0.01405
17	0.01006	0.00862	0.00862	0.00862	0.01149	0.00718	0.00647	0.01221	0.01940	0.02299	0.08621	0.08190	0.64438	0.02155	0.01006	0.00287	0.00431	0.01796	0.00790	0.00718
18	0.01757	0.03894	0.51954	0.05590	0.03919	0.02004	0.13615	0.02677	0.01830	0.02677	0.01561	0.01907	0.01119	0.00794	0.00846	0.00273	0.01284	0.00702	0.00373	0.01224
19	0.01445	0.01249	0.01808	0.01676	0.01774	0.01612	0.01347	0.01707	0.01345	0.02001	0.01866	0.02817	0.01768	0.04644	0.44000	0.01014	0.25827	0.00852	0.00426	0.00821
20	0.76103	0.01646	0.01251	0.01119	0.01646	0.01909	0.00922	0.02502	0.01448	0.03818	0.01185	0.01382	0.00922	0.00790	0.00527	0.00263	0.00658	0.00461	0.00527	0.00922
21	0.01707	0.04402	0.65683	0.02426	0.03683	0.01976	0.03144	0.02695	0.01797	0.02695	0.01527	0.01797	0.01078	0.00809	0.00809	0.00270	0.01258	0.00629	0.00359	0.01258
22	0.03179	0.04056	0.02412	0.02192	0.02631	0.66676	0.01644	0.03398	0.02412	0.02083	0.01315	0.01535	0.01096	0.00877	0.00767	0.00219	0.01535	0.00548	0.00438	0.00987
23	0.02037	0.02269	0.10497	0.07908	0.55010	0.02011	0.02661	0.02600	0.01910	0.02742	0.01588	0.02079	0.01307	0.00768	0.00839	0.00256	0.01045	0.00743	0.00412	0.01318
24	0.01037	0.00741	0.00987	0.01185	0.01234	0.00691	0.00790	0.01185	0.01629	0.02172	0.04690	0.69537	0.05629	0.02666	0.01086	0.00346	0.00494	0.02419	0.00790	0.00691
25	0.01006	0.00862	0.00862	0.00862	0.01149	0.00718	0.00647	0.01221	0.01940	0.02299	0.08621	0.08190	0.64438	0.02155	0.01006	0.00287	0.00431	0.01796	0.00790	0.00718
26	0.01216	0.00912	0.01368	0.01368	0.01520	0.01064	0.01064	0.01520	0.01368	0.01976	0.02279	0.03343	0.02127	0.06382	0.66720	0.01368	0.02279	0.00912	0.00456	0.00760
27	0.01216	0.00912	0.01368	0.01368	0.01520	0.01064	0.01064	0.01520	0.01368	0.01976	0.02279	0.03343	0.02127	0.06382	0.66720	0.01368	0.02279	0.00912	0.00456	0.00760
28	0.01223	0.00903	0.01183	0.01340	0.01522	0.00863	0.01096	0.01526	0.01882	0.02414	0.05383	0.22524	0.17157	0.02381	0.01121	0.00360	0.00648	0.34937	0.00786	0.00750
29	0.02009	0.02296	0.05022	0.03587	0.04448	0.02152	0.61693	0.02726	0.02009	0.02726	0.01722	0.02296	0.01291	0.00717	0.01004	0.00287	0.01435	0.01004	0.00430	0.01148
30	0.03182	0.03976	0.02418	0.02181	0.02631	0.63632	0.01643	0.06181	0.02487	0.02239	0.01350	0.01559	0.01113	0.00884	0.00771	0.00221	0.01506	0.00558	0.00458	0.01008
31	0.03100	0.10942	0.02711	0.02002	0.02583	0.30490	0.01611	0.29739	0.03051	0.03555	0.01629	0.01745	0.01254	0.00925	0.00780	0.00231	0.01193	0.00636	0.00616	0.01207
32	0.01233	0.00844	0.01025	0.01025	0.01059	0.00878	0.00636	0.01300	0.01266	0.01722	0.02593	0.05078	0.02881	0.56049	0.18083	0.00945	0.01146	0.01166	0.00502	0.00569
33	0.01862	0.01862	0.02607	0.02234	0.02234	0.02607	0.01862	0.02048	0.01303	0.02048	0.01117	0.01862	0.01117	0.01489	0.02793	0.00372	0.68535	0.00745	0.00372	0.00931
34	0.02106	0.02022	0.03454	0.05223	0.64784	0.02022	0.02612	0.02612	0.01938	0.02780	0.01601	0.02106	0.01348	0.00758	0.00842	0.00253	0.01011	0.00758	0.00421	0.01348
35	0.01238	0.00825	0.00928	0.00928	0.00928	0.00825	0.00516	0.01238	0.01238	0.01650	0.02681	0.05569	0.03094	0.70092	0.04331	0.00825	0.00825	0.01238	0.00516	0.00516
36	0.01134	0.00903	0.01041	0.01110	0.01365	0.00810	0.00901	0.01412	0.01947	0.02386	0.07175	0.08685	0.43520	0.02224	0.01065	0.00324	0.00555	0.21913	0.00788	0.00741
37	0.02275	0.70604	0.04459	0.01456	0.02184	0.03367	0.01456	0.02548	0.01729	0.02002	0.01183	0.01365	0.01092	0.00728	0.00546	0.00182	0.00910	0.00455	0.00364	0.01092
38	0.01178	0.00869	0.01101	0.01043	0.01255	0.00792	0.00782	0.01556	0.02347	0.03267	0.57041	0.06597	0.15414	0.01794	0.01004	0.00270	0.00405	0.01573	0.00918	0.00792
39	0.01153	0.00909	0.01067	0.01146	0.01397	0.00824	0.00939	0.01440	0.01948	0.02399	0.06962	0.08758	0.40430	0.02234	0.01074	0.00329	0.00573	0.24885	0.00788	0.00745
40	0.03125	0.08001	0.02533	0.02149	0.02604	0.62923	0.01633	0.03348	0.02371	0.02078	0.01308	0.01525	0.01096	0.00868	0.00754	0.00217	0.01498	0.00543	0.00434	0.00993
41	0.03179	0.04056	0.02412	0.02192	0.02631	0.66676	0.01644	0.03398	0.02412	0.02083	0.01315	0.01535	0.01096	0.00877	0.00767	0.00219	0.01535	0.00548	0.00438	0.00987
42	0.01216	0.00912	0.01368	0.01368	0.01520	0.01064	0.01064	0.01520	0.01368	0.01976	0.02279	0.03343	0.02127	0.06382	0.66720	0.01368	0.02279	0.00912	0.00456	0.00760
43	0.03235	0.02384	0.02554	0.01958	0.02639	0.02639	0.01618	0.61946	0.04001	0.05363	0.02043	0.02043	0.01447	0.01022	0.00851	0.00255	0.00936	0.00766	0.00851	0.01447
44	0.01057	0.00907	0.00911	0.00902	0.01199	0.00783	0.00679	0.01375	0.04785	0.02357	0.08382	0.07957	0.61568	0.02109	0.00999	0.00287	0.00442	0.01757	0.00794	0.00748
45	0.01765	0.01513	0.01765	0.01260	0.02017	0.01134	0.01008	0.02143	0.01765	0.02773	0.01513	0.01765	0.01260	0.00630	0.00630	0.00126	0.00630	0.00504	0.00504	0.75295
46	0.01193	0.00806	0.00941	0.00985	0.00996	0.00796	0.00576	0.01226	0.01324	0.01765	0.03124	0.19669	0.03653	0.55230	0.03616	0.00719	0.00752	0.01498	0.00576	0.00554
47	0.01235	0.00836	0.00986	0.00986	0.01006	0.00856	0.00587	0.01274	0.01255	0.01693	0.02629	0.05278	0.02967	0.61752	0.12499	0.00896	0.01015	0.01195	0.00508	0.00548
48	0.01238	0.00825	0.00928	0.00928	0.00928	0.00825	0.00516	0.01238	0.01238	0.01650	0.02681	0.05569	0.03094	0.70092	0.04331	0.00825	0.00825	0.01238	0.00516	0.00516
49	0.01607	0.01513	0.02552	0.68047	0.05861	0.01891	0.02363	0.02174	0.01702	0.02174	0.01513	0.02269	0.01134	0.00851	0.00851	0.00284	0.01134	0.00756	0.00378	0.00945
50	0.01030	0.00767	0.00960	0.01114	0.01216	0.00697	0.00758	0.01193	0.01698	0.02200	0.05557	0.56015	0.18591	0.02554	0.01068	0.00333	0.00480	0.02282	0.00790	0.00697
51	0.01033	0.00863	0.00900	0.00890	0.01166	0.00730	0.00668	0.01274	0.02003	0.02450	0.16193	0.07941	0.56772	0.02099	0.01006	0.00285	0.00427	0.01761	0.00810	0.00730
52	0.01238	0.00825	0.00928	0.00928	0.00928	0.00825	0.00516	0.01238	0.01238	0.01650	0.02681	0.05569	0.03094	0.70092	0.04331	0.00825	0.00825	0.01238	0.00516	0.00516
53	0.01033	0.00754	0.00973	0.01148	0.01225	0.00694	0.00774	0.01189	0.01665	0.02187	0.05138	0.62551	0.12325	0.02608	0.01077	0.00339	0.00487	0.02348	0.00790	0.00694
54	0.03229	0.02574	0.02538	0.01985	0.02638	0.09931	0.01621	0.55279	0.03820	0.04990	0.01960	0.01985	0.01407	0.01005	0.00842	0.00251	0.01005	0.00741	0.00804	0.01395
55	0.01586	0.00793	0.00793	0.00793	0.00991	0.00793	0.00595	0.01983	0.01785	0.03173	0.02776	0.03173	0.02181	0.00991	0.00595	0.00198	0.00397	0.00793	0.74817	0.00793
56	0.01216	0.00912	0.01368	0.01368	0.01520	0.01064	0.01064	0.01520	0.01368	0.01976	0.02279	0.03343	0.02127	0.06382	0.66720	0.01368	0.02279	0.00912	0.00456	0.00760
57	0.01254	0.00824	0.00922	0.00922	0.00931	0.00824	0.00519	0.01273	0.01263	0.01722	0.02686	0.05456	0.03051	0.66826	0.04155	0.00795	0.00805	0.01217	0.04027	0.00529
58	0.01707	0.04402	0.65683	0.02426	0.03683	0.01976	0.03144	0.02695	0.01797	0.02695	0.01527	0.01797	0.01078	0.00809	0.00809	0.00270	0.01258	0.00629	0.00359	0.01258
59	0.01228	0.00846	0.01028	0.01015	0.01075	0.00852	0.00646	0.01349	0.01493	0.02051	0.15156	0.05438	0.03970	0.47863	0.11823	0.00783	0.00929	0.01256	0.00593	0.00606
60	0.01049	0.00746	0.00984	0.01170	0.01216	0.00699	0.00774	0.01188	0.01606	0.02141	0.04570	0.65702	0.05477	0.06708	0.01281	0.00374	0.00514	0.02348	0.00774	0.00681
61	0.02017	0.02083	0.02321	0.24045	0.03425	0.16214	0.01827	0.05158	0.01821	0.02243	0.01546	0.02200	0.01315	0.01997	0.13075	0.00482	0.16126	0.00736	0.00427	0.00942
62	0.02910	0.03208	0.02232	0.04933	0.02563	0.43397	0.01534	0.13887	0.02589	0.02831	0.01649	0.01875	0.01304	0.00917	0.00764	0.00226	0.01258	0.00630	0.10249	0.01044
63	0.01941	0.03475	0.36601	0.14746	0.13092	0.10438	0.02726	0.02680	0.01881	0.02533	0.01508	0.01895	0.01131	0.00818	0.00816	0.00263	0.01235	0.00661	0.00382	0.01179
64	0.01781	0.13069	0.57668	0.02299	0.03487	0.02158	0.02923	0.02676	0.01788	0.02604	0.01482	0.01740	0.01080	0.00798	0.00774	0.00258	0.01212	0.00606	0.00360	0.01236
65	0.11888	0.01770	0.01511	0.01372	0.01762	0.15521	0.01051	0.02472	0.02082	0.14889	0.09455	0.11619	0.18297	0.01501	0.00870	0.00269	0.00766	0.01210	0.00743	0.00951
66	0.01830	0.02307	0.16703	0.03820	0.38450	0.01767	0.02410	0.02391	0.01873	0.02671	0.02196	0.10443	0.02094	0.01129	0.00892	0.00279	0.00986	0.06072	0.00482	0.01203
67	0.02244	0.02597	0.08782	0.19564	0.24498	0.16223	0.05001	0.06207	0.02096	0.02620	0.01541	0.01997	0.01218	0.00826	0.00833	0.00256	0.01194	0.00711	0.00435	0.01158
68	0.11837	0.23671	0.06164	0.15825	0.15598	0.09081	0.01904	0.02574	0.01803	0.02473	0.01365	0.01739	0.01130	0.00786	0.00701	0.00236	0.01024	0.00596	0.00407	0.01089
69	0.02108	0.05672	0.10636	0.02240	0.09118	0.23145	0.05229	0.02536	0.02147	0.02576	0.15941	0.03167	0.05774	0.01391	0.04406	0.00308	0.01142	0.00906	0.00552	0.01009
70	0.05834	0.02450	0.02309	0.02328	0.10830	0.19682	0.01615	0.13678	0.14791	0.03143	0.02146	0.06161	0.01806	0.01324	0.03847	0.00314	0.05129	0.00835	0.00619	0.01158

[dist]
# distance from previous block
# <min> <max>
27	231

[block]
# block no. 3 follows, 21 sequences, length 100
# corresponding to MSA columns:
# 402-501
name=unknown_D
#
# <colnr> <probs for GDERKNQSTAVLIFYWHMCP>
#	G	D	E	R	K	N	Q	S	T	A	V	L	I	F	Y	W	H	M	C	P
0	0.05610	0.09276	0.02440	0.02428	0.18644	0.01896	0.01555	0.13191	0.02339	0.03260	0.15759	0.03599	0.10322	0.01222	0.00957	0.00260	0.04486	0.01002	0.00651	0.01103
1	0.14313	0.02009	0.13126	0.04686	0.02467	0.01621	0.06214	0.10543	0.02145	0.06293	0.09980	0.12120	0.05609	0.01268	0.00851	0.00274	0.00823	0.01074	0.00651	0.03932
2	0.02089	0.08749	0.13438	0.07864	0.32754	0.08916	0.02343	0.02689	0.04281	0.02569	0.01624	0.02047	0.01331	0.01104	0.04390	0.00310	0.01162	0.00703	0.00424	0.01213
3	0.12243	0.11190	0.06904	0.02708	0.17282	0.02192	0.09753	0.13519	0.02202	0.03260	0.01700	0.04586	0.01416	0.00872	0.00775	0.00245	0.00958	0.00751	0.00526	0.06918
4	0.14795	0.15351	0.02728	0.08110	0.15445	0.04964	0.01623	0.07228	0.01975	0.06365	0.01545	0.01811	0.01231	0.00787	0.00696	0.00222	0.00882	0.00604	0.00507	0.13130
5	0.10457	0.02236	0.16447	0.05625	0.05946	0.01791	0.01748	0.09919	0.12769	0.06012	0.15302	0.03074	0.02903	0.01099	0.00839	0.00270	0.00826	0.00901	0.00681	0.01156
6	0.05410	0.08745	0.19912	0.03361	0.28676	0.02238	0.02395	0.13651	0.02244	0.03214	0.01609	0.01915	0.01253	0.00819	0.00795	0.00252	0.01039	0.00686	0.00484	0.01301
7	0.05945	0.16149	0.16422	0.08473	0.12901	0.02124	0.07672	0.02535	0.05797	0.02580	0.01975	0.10075	0.01788	0.01025	0.00805	0.00262	0.00991	0.00890	0.00473	0.01119
8	0.05871	0.08167	0.14072	0.15023	0.17707	0.15861	0.02217	0.06583	0.02064	0.02663	0.01487	0.01862	0.01172	0.00826	0.00784	0.00249	0.01159	0.00652	0.00435	0.01146
9	0.11150	0.20599	0.13266	0.02770	0.21957	0.02297	0.02002	0.02827	0.04954	0.08233	0.01676	0.01895	0.01315	0.00808	0.00722	0.00241	0.00939	0.00640	0.00487	0.01223
10	0.01956	0.10488	0.25072	0.02672	0.15304	0.09720	0.02293	0.02549	0.01926	0.02530	0.02111	0.03437	0.01947	0.01125	0.00859	0.00276	0.01102	0.13035	0.00472	0.01124
11	0.17028	0.42537	0.09656	0.01660	0.05614	0.02717	0.01536	0.02485	0.01702	0.02496	0.01646	0.01824	0.04519	0.00828	0.00610	0.00217	0.00873	0.00563	0.00423	0.01068
12	0.01618	0.01155	0.01378	0.01225	0.01551	0.01118	0.00927	0.08829	0.01921	0.05731	0.03961	0.07661	0.18256	0.10907	0.15418	0.04683	0.00993	0.01168	0.00645	0.10855
13	0.01983	0.01504	0.01782	0.01535	0.01747	0.01730	0.01156	0.20088	0.02115	0.02892	0.02201	0.07061	0.02222	0.26883	0.02705	0.05399	0.14489	0.01025	0.00596	0.00886
14	0.01211	0.00840	0.00996	0.01017	0.01078	0.00805	0.00626	0.01290	0.01431	0.01941	0.06786	0.21477	0.03933	0.45730	0.03139	0.00638	0.00707	0.01516	0.00609	0.04228
15	0.01682	0.01564	0.01513	0.01466	0.01685	0.14963	0.01124	0.01980	0.01645	0.02158	0.02141	0.02936	0.01916	0.04494	0.43888	0.00968	0.01870	0.00819	0.10375	0.00812
16	0.02511	0.53221	0.03924	0.01648	0.02301	0.19905	0.01505	0.02770	0.01907	0.02023	0.01218	0.01409	0.01093	0.00767	0.00604	0.00192	0.01073	0.00479	0.00383	0.01065
17	0.01238	0.00825	0.00928	0.00928	0.00928	0.00825	0.00516	0.01238	0.01238	0.01650	0.02681	0.05569	0.03094	0.70092	0.04331	0.00825	0.00825	0.01238	0.00516	0.00516
18	0.01030	0.00863	0.00895	0.00887	0.01164	0.00729	0.00665	0.01268	0.01996	0.02433	0.15331	0.07969	0.57645	0.02105	0.01006	0.00285	0.00427	0.01765	0.00808	0.00729
19	0.01804	0.28589	0.27427	0.01742	0.02552	0.02227	0.01958	0.02384	0.01915	0.02601	0.16112	0.02702	0.02712	0.00996	0.00755	0.00236	0.00926	0.00776	0.00496	0.01089
20	0.01216	0.00912	0.01368	0.01368	0.01520	0.01064	0.01064	0.01520	0.01368	0.01976	0.02279	0.03343	0.02127	0.06382	0.66720	0.01368	0.02279	0.00912	0.00456	0.00760
21	0.02531	0.29985	0.15966	0.01953	0.02670	0.29028	0.01874	0.02926	0.02022	0.02175	0.01307	0.01522	0.01091	0.00805	0.00690	0.00215	0.01236	0.00528	0.00394	0.01082
22	0.01238	0.00825	0.00928	0.00928	0.00928	0.00825	0.00516	0.01238	0.01238	0.01650	0.02681	0.05569	0.03094	0.70092	0.04331	0.00825	0.00825	0.01238	0.00516	0.00516
23	0.19039	0.02515	0.01843	0.01619	0.02062	0.26283	0.01252	0.13845	0.02337	0.03245	0.01729	0.02055	0.01396	0.04103	0.00866	0.00260	0.01006	0.00642	0.12898	0.01005
24	0.02127	0.10282	0.03575	0.04770	0.57244	0.02184	0.02473	0.02604	0.01913	0.02687	0.01550	0.02017	0.01317	0.00755	0.00807	0.00244	0.00999	0.00722	0.00414	0.01317
25	0.02238	0.66274	0.08464	0.01520	0.02282	0.03276	0.01567	0.02558	0.01734	0.02048	0.01206	0.01393	0.01091	0.00733	0.00563	0.00188	0.00933	0.00466	0.00364	0.01103
26	0.02278	0.02397	0.03132	0.11624	0.44976	0.15739	0.02378	0.02730	0.02012	0.02564	0.01530	0.02003	0.01271	0.00794	0.00827	0.00249	0.01136	0.00713	0.00420	0.01226
27	0.02063	0.10442	0.05967	0.03822	0.35638	0.05030	0.09289	0.02546	0.01909	0.02588	0.01815	0.02735	0.01631	0.00949	0.00944	0.00267	0.04181	0.06539	0.00448	0.01198
28	0.01462	0.00909	0.01162	0.01115	0.01339	0.00825	0.00820	0.01758	0.02128	0.10385	0.34436	0.19341	0.13303	0.05662	0.01187	0.00316	0.00487	0.01655	0.00879	0.00831
29	0.01352	0.00966	0.01350	0.01546	0.01733	0.00963	0.01339	0.01731	0.01940	0.02526	0.04516	0.12977	0.04939	0.02369	0.01170	0.00389	0.00767	0.55864	0.00784	0.00778
30	0.01707	0.04402	0.65683	0.02426	0.03683	0.01976	0.03144	0.02695	0.01797	0.02695	0.01527	0.01797	0.01078	0.00809	0.00809	0.00270	0.01258	0.00629	0.00359	0.01258
31	0.01763	0.04024	0.55046	0.02695	0.06286	0.02002	0.10930	0.02696	0.01831	0.02703	0.01556	0.01876	0.01118	0.00794	0.00836	0.00271	0.01271	0.00684	0.00371	0.01247
32	0.01006	0.00862	0.00862	0.00862	0.01149	0.00718	0.00647	0.01221	0.01940	0.02299	0.08621	0.08190	0.64438	0.02155	0.01006	0.00287	0.00431	0.01796	0.00790	0.00718
33	0.02275	0.70604	0.04459	0.01456	0.02184	0.03367	0.01456	0.02548	0.01729	0.02002	0.01183	0.01365	0.01092	0.00728	0.00546	0.00182	0.00910	0.00455	0.00364	0.01092
34	0.01245	0.00830	0.01088	0.01195	0.01321	0.00774	0.00853	0.01458	0.01805	0.05562	0.12744	0.44479	0.08759	0.06109	0.01247	0.00359	0.00538	0.08079	0.00807	0.00746
35	0.01216	0.00912	0.01368	0.01368	0.01520	0.01064	0.01064	0.01520	0.01368	0.01976	0.02279	0.03343	0.02127	0.06382	0.66720	0.01368	0.02279	0.00912	0.00456	0.00760
36	0.03235	0.02384	0.02554	0.01958	0.02639	0.02639	0.01618	0.61946	0.04001	0.05363	0.02043	0.02043	0.01447	0.01022	0.00851	0.00255	0.00936	0.00766	0.00851	0.01447
37	0.03639	0.01736	0.02153	0.01651	0.02316	0.01678	0.01364	0.21946	0.02918	0.46893	0.02953	0.02634	0.01904	0.01044	0.00854	0.00261	0.00790	0.00828	0.00991	0.01448
38	0.01567	0.00795	0.00801	0.00801	0.00988	0.00795	0.00591	0.01942	0.01755	0.03090	0.02771	0.03303	0.02231	0.04754	0.00798	0.00232	0.00420	0.00817	0.70771	0.00778
39	0.01037	0.00741	0.00987	0.01185	0.01234	0.00691	0.00790	0.01185	0.01629	0.02172	0.04690	0.69537	0.05629	0.02666	0.01086	0.00346	0.00494	0.02419	0.00790	0.00691
40	0.01099	0.00892	0.00993	0.01043	0.01307	0.00785	0.00832	0.01360	0.01945	0.02362	0.07567	0.08551	0.49190	0.02205	0.01049	0.00314	0.00521	0.16460	0.00789	0.00735
41	0.02084	0.01999	0.03414	0.08049	0.62134	0.02016	0.02601	0.02592	0.01927	0.02753	0.01597	0.02114	0.01338	0.00762	0.00843	0.00254	0.01017	0.00758	0.00419	0.01330
42	0.76103	0.01646	0.01251	0.01119	0.01646	0.01909	0.00922	0.02502	0.01448	0.03818	0.01185	0.01382	0.00922	0.00790	0.00527	0.00263	0.00658	0.00461	0.00527	0.00922
43	0.01015	0.00828	0.00897	0.00953	0.01173	0.00711	0.00687	0.01211	0.01852	0.02263	0.07513	0.25487	0.47857	0.02299	0.01028	0.00304	0.00449	0.01972	0.00790	0.00711
44	0.01046	0.00750	0.00979	0.01158	0.01215	0.00699	0.00770	0.01189	0.01623	0.02151	0.04762	0.63592	0.08089	0.06063	0.01247	0.00367	0.00508	0.02332	0.00776	0.00684
45	0.01271	0.00988	0.01454	0.01422	0.01555	0.01184	0.01108	0.01552	0.01357	0.01968	0.02198	0.03312	0.02083	0.08656	0.58694	0.01261	0.07810	0.00911	0.00451	0.00764
46	0.03124	0.02300	0.02475	0.01919	0.02568	0.02540	0.01576	0.58865	0.03881	0.05201	0.02177	0.05466	0.01659	0.01105	0.00863	0.00260	0.00914	0.00850	0.00848	0.01409
47	0.01216	0.00912	0.01368	0.01368	0.01520	0.01064	0.01064	0.01520	0.01368	0.01976	0.02279	0.03343	0.02127	0.06382	0.66720	0.01368	0.02279	0.00912	0.00456	0.00760
48	0.02053	0.01811	0.02844	0.08163	0.40061	0.01866	0.02212	0.09549	0.02175	0.03002	0.02265	0.03701	0.02100	0.01134	0.00915	0.00285	0.00962	0.13141	0.00547	0.01214
49	0.02424	0.15352	0.03089	0.14890	0.16326	0.12336	0.01954	0.14572	0.02307	0.02892	0.01523	0.01881	0.01228	0.00882	0.00888	0.00247	0.04885	0.00669	0.00489	0.01166
50	0.01465	0.01064	0.01443	0.01377	0.01585	0.01211	0.01072	0.08233	0.01681	0.02416	0.02302	0.03280	0.02096	0.08069	0.52518	0.01146	0.01947	0.00901	0.05366	0.00828
51	0.02722	0.05508	0.15133	0.01889	0.02654	0.02157	0.01786	0.25721	0.13020	0.13865	0.02325	0.02277	0.01647	0.00975	0.00822	0.00256	0.00908	0.00760	0.00749	0.04828
52	0.01238	0.00825	0.00928	0.00928	0.00928	0.00825	0.00516	0.01238	0.01238	0.01650	0.02681	0.05569	0.03094	0.70092	0.04331	0.00825	0.00825	0.01238	0.00516	0.00516
53	0.01048	0.00745	0.00984	0.01171	0.01217	0.00699	0.00775	0.01188	0.01608	0.02144	0.04580	0.66016	0.05489	0.06377	0.01265	0.00372	0.00512	0.02354	0.00775	0.00682
54	0.01967	0.01871	0.03137	0.22603	0.45648	0.01989	0.02488	0.02572	0.04512	0.02645	0.01656	0.02198	0.01342	0.00801	0.00846	0.00263	0.01031	0.00766	0.00428	0.01236
55	0.02239	0.56038	0.04246	0.02256	0.15479	0.03082	0.01702	0.02562	0.01773	0.02167	0.01272	0.01523	0.01146	0.00734	0.00609	0.00197	0.00932	0.00519	0.00376	0.01146
56	0.01985	0.02541	0.24416	0.01770	0.02468	0.04366	0.01822	0.11778	0.02303	0.08761	0.10535	0.10749	0.10203	0.01348	0.00896	0.00275	0.00883	0.01116	0.00673	0.01111
57	0.02876	0.03850	0.15873	0.02203	0.02856	0.42230	0.01958	0.13036	0.02547	0.02761	0.01482	0.01675	0.01151	0.00887	0.00790	0.00236	0.01376	0.00602	0.00491	0.01121
58	0.01363	0.01153	0.01214	0.01148	0.01483	0.01148	0.00875	0.02257	0.20369	0.02811	0.13786	0.06466	0.39111	0.01805	0.00964	0.00285	0.00500	0.01515	0.00831	0.00917
59	0.02106	0.02022	0.03454	0.05223	0.64784	0.02022	0.02612	0.02612	0.01938	0.02780	0.01601	0.02106	0.01348	0.00758	0.00842	0.00253	0.01011	0.00758	0.00421	0.01348
60	0.02142	0.01369	0.01734	0.09480	0.02320	0.01415	0.01281	0.14302	0.05019	0.14933	0.03713	0.24913	0.07247	0.01692	0.00957	0.00301	0.00724	0.04600	0.00806	0.01054
61	0.02106	0.02022	0.03454	0.05223	0.64784	0.02022	0.02612	0.02612	0.01938	0.02780	0.01601	0.02106	0.01348	0.00758	0.00842	0.00253	0.01011	0.00758	0.00421	0.01348
62	0.01017	0.00863	0.00878	0.00874	0.01156	0.00723	0.00655	0.01243	0.01966	0.02362	0.11760	0.08087	0.61260	0.02132	0.01006	0.00286	0.00429	0.01782	0.00799	0.00723
63	0.03182	0.03965	0.02419	0.02180	0.02631	0.63189	0.01643	0.06586	0.02498	0.02261	0.01355	0.01562	0.01115	0.00885	0.00772	0.00221	0.01502	0.00560	0.00461	0.01012
64	0.03179	0.04056	0.02412	0.02192	0.02631	0.66676	0.01644	0.03398	0.02412	0.02083	0.01315	0.01535	0.01096	0.00877	0.00767	0.00219	0.01535	0.00548	0.00438	0.00987
65	0.01663	0.00867	0.00875	0.00847	0.01068	0.00878	0.00642	0.04754	0.01887	0.03274	0.02742	0.03121	0.02147	0.00993	0.00607	0.00201	0.00422	0.00792	0.71398	0.00823
66	0.01050	0.00746	0.00984	0.01168	0.01214	0.00700	0.00772	0.01188	0.01604	0.02138	0.04559	0.65353	0.05463	0.07076	0.01298	0.00377	0.00515	0.02342	0.00772	0.00680
67	0.02106	0.02022	0.03454	0.05223	0.64784	0.02022	0.02612	0.02612	0.01938	0.02780	0.01601	0.02106	0.01348	0.00758	0.00842	0.00253	0.01011	0.00758	0.00421	0.01348
68	0.01277	0.00949	0.01240	0.01385	0.01605	0.00912	0.01184	0.01623	0.01954	0.02483	0.05568	0.09236	0.20259	0.02300	0.01132	0.00365	0.00693	0.44283	0.00785	0.00767
69	0.01006	0.00862	0.00862	0.00862	0.01149	0.00718	0.00647	0.01221	0.01940	0.02299	0.08621	0.08190	0.64438	0.02155	0.01006	0.00287	0.00431	0.01796	0.00790	0.00718
70	0.01238	0.00825	0.00928	0.00928	0.00928	0.00825	0.00516	0.01238	0.01238	0.01650	0.02681	0.05569	0.03094	0.70092	0.04331	0.00825	0.00825	0.01238	0.00516	0.00516
71	0.05436	0.45329	0.10301	0.01465	0.02129	0.02602	0.01477	0.02362	0.01868	0.02462	0.14633	0.02473	0.02556	0.00955	0.00671	0.00214	0.00828	0.00705	0.00493	0.01041
72	0.02000	0.01914	0.03263	0.18566	0.52269	0.01994	0.02559	0.02519	0.01888	0.02652	0.01582	0.02141	0.01303	0.00778	0.00844	0.00259	0.01037	0.00758	0.00412	0.01262
73	0.01906	0.01992	0.03330	0.02640	0.02898	0.02470	0.19793	0.02251	0.01515	0.02251	0.01298	0.01992	0.01169	0.01258	0.02257	0.00347	0.48425	0.00823	0.00390	0.00996
74	0.03020	0.03792	0.02435	0.02197	0.02583	0.58959	0.01670	0.03236	0.02278	0.02079	0.01292	0.01574	0.01099	0.00951	0.01011	0.00238	0.09604	0.00572	0.00431	0.00980
75	0.01006	0.00862	0.00862	0.00862	0.01149	0.00718	0.00647	0.01221	0.01940	0.02299	0.08621	0.08190	0.64438	0.02155	0.01006	0.00287	0.00431	0.01796	0.00790	0.00718
76	0.02046	0.01961	0.03346	0.12790	0.57687	0.02006	0.02582	0.02559	0.01909	0.02707	0.01590	0.02126	0.01322	0.00769	0.00843	0.00256	0.01026	0.00758	0.00416	0.01299
77	0.01012	0.00838	0.00887	0.00927	0.01167	0.00713	0.00675	0.01214	0.01877	0.02273	0.07828	0.20561	0.52579	0.02258	0.01022	0.00299	0.00444	0.01922	0.00790	0.00713
78	0.01868	0.01704	0.02805	0.04093	0.45867	0.01697	0.02205	0.02331	0.01943	0.02698	0.02672	0.04283	0.05319	0.01226	0.00934	0.00289	0.00926	0.15434	0.00530	0.01176
79	0.01586	0.00793	0.00793	0.00793	0.00991	0.00793	0.00595	0.01983	0.01785	0.03173	0.02776	0.03173	0.02181	0.00991	0.00595	0.00198	0.00397	0.00793	0.74817	0.00793
80	0.01607	0.01513	0.02552	0.68047	0.05861	0.01891	0.02363	0.02174	0.01702	0.02174	0.01513	0.02269	0.01134	0.00851	0.00851	0.00284	0.01134	0.00756	0.00378	0.00945
81	0.01094	0.00839	0.01002	0.01016	0.01218	0.00747	0.00741	0.01371	0.02066	0.02729	0.30656	0.20467	0.28793	0.02093	0.01022	0.00292	0.00432	0.01823	0.00850	0.00747
82	0.01452	0.01314	0.07569	0.01197	0.01589	0.00989	0.01042	0.01929	0.05016	0.08380	0.28799	0.06143	0.27897	0.01716	0.00966	0.00276	0.00539	0.01459	0.00831	0.00898
83	0.03179	0.04056	0.02412	0.02192	0.02631	0.66676	0.01644	0.03398	0.02412	0.02083	0.01315	0.01535	0.01096	0.00877	0.00767	0.00219	0.01535	0.00548	0.00438	0.00987
84	0.01140	0.00867	0.01049	0.01003	0.01232	0.00776	0.00752	0.01482	0.02257	0.03053	0.46329	0.06949	0.26260	0.01874	0.01004	0.00274	0.00411	0.01622	0.00889	0.00776
85	0.01765	0.01513	0.01765	0.01260	0.02017	0.01134	0.01008	0.02143	0.01765	0.02773	0.01513	0.01765	0.01260	0.00630	0.00630	0.00126	0.00630	0.00504	0.00504	0.75295
86	0.01223	0.00884	0.01226	0.01226	0.01329	0.00987	0.00887	0.01429	0.01326	0.01871	0.02409	0.04060	0.02439	0.26903	0.46625	0.01193	0.01811	0.01017	0.00475	0.00681
87	0.01074	0.00783	0.01020	0.01195	0.01289	0.00729	0.00844	0.01259	0.01703	0.02232	0.05104	0.55521	0.12056	0.02572	0.01088	0.00345	0.00522	0.09172	0.00789	0.00705
88	0.01832	0.01832	0.02689	0.02270	0.02335	0.02483	0.05726	0.02060	0.01353	0.02088	0.01228	0.01981	0.01190	0.01738	0.06582	0.00428	0.60097	0.00772	0.00381	0.00935
