[name]
unknown

[dist]
# distance from previous block
# <min> <max>
0	35

[block]
# block no. 0 follows, 22 sequences, length 20
# corresponding to MSA columns:
# 36-55
name=unknown_A
#
# <colnr> <probs for GDERKNQSTAVLIFYWHMCP>
#	G	D	E	R	K	N	Q	S	T	A	V	L	I	F	Y	W	H	M	C	P
0	0.01743	0.01567	0.02605	0.03522	0.36011	0.01554	0.05369	0.02196	0.01903	0.02609	0.02884	0.05010	0.05037	0.01368	0.00958	0.00300	0.00906	0.22822	0.00557	0.01077
1	0.03193	0.02108	0.02338	0.01810	0.02457	0.02273	0.01490	0.47114	0.07880	0.17126	0.02346	0.02237	0.01619	0.01013	0.00833	0.00253	0.00855	0.00779	0.00871	0.01406
2	0.01032	0.00789	0.00948	0.01024	0.01182	0.00705	0.00724	0.01246	0.01841	0.02391	0.17267	0.36118	0.27228	0.02256	0.01017	0.00303	0.00443	0.01984	0.00798	0.00705
3	0.02009	0.46697	0.19873	0.09048	0.02896	0.02786	0.01935	0.02484	0.01702	0.02144	0.01275	0.01536	0.01067	0.00744	0.00630	0.00210	0.00998	0.00519	0.00356	0.01091
4	0.01059	0.00771	0.00998	0.01096	0.01209	0.00710	0.00763	0.01284	0.01847	0.02498	0.23250	0.45467	0.11402	0.02286	0.01029	0.00309	0.00449	0.02049	0.00815	0.00710
5	0.01053	0.00844	0.00941	0.00917	0.01166	0.00732	0.00687	0.01331	0.02062	0.02645	0.29335	0.07336	0.44116	0.01954	0.00981	0.00273	0.00410	0.01661	0.00824	0.00732
6	0.02862	0.03350	0.02510	0.02153	0.02637	0.49414	0.08202	0.05640	0.02345	0.05561	0.01967	0.02130	0.05715	0.00942	0.00799	0.00230	0.01346	0.00695	0.00499	0.01004
7	0.01340	0.01078	0.01189	0.01154	0.01214	0.04561	0.00773	0.01425	0.01352	0.01774	0.02804	0.08381	0.06413	0.44926	0.11143	0.00739	0.07422	0.01185	0.00510	0.00616
8	0.01187	0.00890	0.01335	0.01335	0.01483	0.01038	0.01038	0.01483	0.01335	0.01928	0.02225	0.03264	0.02077	0.06231	0.67512	0.01335	0.02225	0.00890	0.00445	0.00742
9	0.01773	0.17222	0.54513	0.02185	0.03313	0.02191	0.02752	0.02603	0.01741	0.02500	0.01426	0.01673	0.01055	0.00774	0.00740	0.00247	0.01162	0.00581	0.00352	0.01197
10	0.19442	0.14499	0.37245	0.01827	0.02749	0.02070	0.02152	0.02484	0.01670	0.02757	0.01737	0.01932	0.04545	0.00844	0.00693	0.00249	0.00989	0.00610	0.00413	0.01095
11	0.01070	0.00808	0.00988	0.01022	0.01196	0.00726	0.00736	0.01333	0.01985	0.02646	0.30205	0.26587	0.23484	0.02094	0.01005	0.00290	0.00428	0.01840	0.00829	0.00726
12	0.01034	0.00844	0.00914	0.00896	0.01154	0.00723	0.00672	0.01293	0.02016	0.02536	0.23635	0.07515	0.49884	0.01995	0.00981	0.00275	0.00413	0.01686	0.00810	0.00723
13	0.02002	0.02195	0.15098	0.25351	0.26787	0.01840	0.02424	0.02588	0.01842	0.09460	0.01708	0.02135	0.01277	0.00811	0.00820	0.00261	0.01043	0.00726	0.00453	0.01179
14	0.01782	0.01749	0.02702	0.49024	0.20375	0.05812	0.02325	0.02300	0.01760	0.02264	0.01486	0.02133	0.01157	0.00810	0.00824	0.00266	0.01101	0.00727	0.00383	0.01023
15	0.02410	0.02787	0.02579	0.24744	0.14723	0.34192	0.02004	0.02786	0.02043	0.02183	0.01397	0.01834	0.01126	0.00827	0.00789	0.00241	0.01279	0.00639	0.00406	0.01012
16	0.12510	0.11797	0.01603	0.01096	0.01435	0.04197	0.00887	0.05325	0.01818	0.02950	0.06555	0.02813	0.02161	0.05099	0.04826	0.00311	0.00708	0.00749	0.32298	0.00862
17	0.02200	0.20077	0.09202	0.05992	0.15689	0.17222	0.01923	0.02576	0.01822	0.02207	0.01369	0.01765	0.01178	0.01148	0.04600	0.00297	0.08662	0.00613	0.00390	0.01068
18	0.01932	0.21801	0.19169	0.01700	0.02348	0.04899	0.01705	0.11242	0.02040	0.02669	0.02291	0.20027	0.02302	0.01287	0.00795	0.00255	0.00897	0.01052	0.00540	0.01050
19	0.14399	0.02365	0.01866	0.01783	0.05750	0.25118	0.01249	0.11718	0.02106	0.02726	0.01747	0.02640	0.01633	0.19609	0.01661	0.00387	0.01054	0.00747	0.00523	0.00920

[dist]
# distance from previous block
# <min> <max>
3	6

[block]
# block no. 1 follows, 22 sequences, length 13
# corresponding to MSA columns:
# 62-74
name=unknown_B
#
# <colnr> <probs for GDERKNQSTAVLIFYWHMCP>
#	G	D	E	R	K	N	Q	S	T	A	V	L	I	F	Y	W	H	M	C	P
0	0.01008	0.00738	0.00948	0.01116	0.01194	0.00678	0.00753	0.01161	0.01630	0.02137	0.05073	0.62238	0.13200	0.02538	0.01050	0.00330	0.00474	0.02283	0.00771	0.00678
1	0.01468	0.01972	0.20025	0.01609	0.02112	0.01277	0.04322	0.06784	0.01894	0.02648	0.06757	0.26339	0.07711	0.05700	0.01110	0.00317	0.00778	0.01417	0.04842	0.00918
2	0.01832	0.14440	0.44419	0.10767	0.03574	0.06289	0.02619	0.02586	0.01770	0.02421	0.01423	0.01731	0.01063	0.00786	0.00752	0.00248	0.01176	0.00598	0.00359	0.01146
3	0.26782	0.01326	0.01114	0.01054	0.01387	0.05432	0.00809	0.02154	0.05340	0.03022	0.03173	0.06028	0.12512	0.03888	0.00814	0.00266	0.00585	0.00906	0.22575	0.00833
4	0.01351	0.01127	0.01825	0.02109	0.13400	0.01188	0.04682	0.01672	0.01530	0.02157	0.02602	0.18050	0.02660	0.04095	0.36578	0.00851	0.01559	0.01198	0.00511	0.00854
5	0.02140	0.02079	0.03044	0.12702	0.45751	0.07272	0.02319	0.06061	0.05461	0.02767	0.01654	0.02086	0.01342	0.00797	0.00819	0.00250	0.01021	0.00735	0.00455	0.01242
6	0.01864	0.01778	0.03025	0.30222	0.42001	0.01923	0.02454	0.02381	0.01801	0.02481	0.01529	0.02119	0.01234	0.00776	0.00826	0.00259	0.01034	0.00739	0.00395	0.01161
7	0.01885	0.01799	0.03063	0.27472	0.44587	0.01929	0.02464	0.02400	0.01811	0.02506	0.01532	0.02112	0.01243	0.00772	0.00825	0.00257	0.01029	0.00740	0.00396	0.01178
8	0.01706	0.01616	0.02739	0.50937	0.22524	0.01882	0.02375	0.02242	0.01726	0.02288	0.01501	0.02170	0.01166	0.00805	0.00828	0.00268	0.01074	0.00739	0.00381	0.01033
9	0.01861	0.02020	0.04142	0.02989	0.03761	0.01850	0.48825	0.02472	0.01899	0.02633	0.01839	0.06642	0.01535	0.00812	0.00928	0.00259	0.01216	0.00995	0.00455	0.12867
10	0.01305	0.00760	0.00906	0.00958	0.01035	0.00747	0.00636	0.01416	0.01469	0.02215	0.02993	0.21707	0.03145	0.18546	0.02009	0.12293	0.00566	0.01299	0.25381	0.00617
11	0.02069	0.04202	0.48507	0.02304	0.03307	0.20314	0.02659	0.02823	0.01922	0.02463	0.01433	0.01682	0.01057	0.00808	0.00778	0.00249	0.01304	0.00592	0.00372	0.01154
12	0.23344	0.21246	0.20164	0.01664	0.02369	0.05297	0.01736	0.02462	0.01611	0.02653	0.01313	0.01605	0.01076	0.01128	0.04689	0.00305	0.05357	0.00541	0.00409	0.01029

[dist]
# distance from previous block
# <min> <max>
0	1

[block]
# block no. 2 follows, 22 sequences, length 21
# corresponding to MSA columns:
# 76-96
name=unknown_C
#
# <colnr> <probs for GDERKNQSTAVLIFYWHMCP>
#	G	D	E	R	K	N	Q	S	T	A	V	L	I	F	Y	W	H	M	C	P
0	0.01265	0.01076	0.01119	0.01085	0.01397	0.01052	0.00819	0.02022	0.17956	0.02553	0.06819	0.11517	0.44467	0.01890	0.00953	0.00285	0.00487	0.01590	0.00791	0.00858
1	0.01157	0.00749	0.00975	0.01061	0.01122	0.00708	0.00705	0.01146	0.01438	0.01878	0.03954	0.34093	0.12236	0.10862	0.02071	0.22418	0.00583	0.01660	0.00619	0.00566
2	0.01800	0.13147	0.47564	0.02569	0.09006	0.02133	0.07374	0.02606	0.01773	0.02548	0.01466	0.01760	0.01094	0.00767	0.00772	0.00251	0.01173	0.00630	0.00362	0.01205
3	0.01704	0.08818	0.62307	0.02304	0.03497	0.02021	0.02958	0.02621	0.01749	0.02585	0.01468	0.01726	0.01053	0.00784	0.00772	0.00257	0.01205	0.00602	0.00351	0.01217
4	0.01666	0.04297	0.66500	0.02368	0.03596	0.01929	0.03069	0.02631	0.01754	0.02631	0.01491	0.01754	0.01052	0.00789	0.00789	0.00263	0.01228	0.00614	0.00351	0.01228
5	0.01265	0.01049	0.01438	0.05708	0.10521	0.01005	0.01165	0.01590	0.01927	0.02506	0.14847	0.12368	0.27077	0.01854	0.00988	0.00296	0.00605	0.12251	0.00718	0.00822
6	0.01273	0.01768	0.18505	0.01394	0.01862	0.01083	0.01391	0.01739	0.01936	0.02654	0.23107	0.08983	0.17619	0.06382	0.01171	0.00318	0.00688	0.06585	0.00684	0.00858
7	0.01006	0.00816	0.00897	0.00956	0.01171	0.00706	0.00701	0.01207	0.01814	0.02223	0.07219	0.24492	0.46733	0.02244	0.01010	0.00300	0.00453	0.04584	0.00771	0.00697
8	0.01569	0.01477	0.02492	0.68808	0.05722	0.01846	0.02307	0.02123	0.01661	0.02123	0.01477	0.02215	0.01107	0.00831	0.00831	0.00277	0.01107	0.00738	0.00369	0.00923
9	0.02056	0.01974	0.03372	0.05099	0.65622	0.01974	0.02550	0.02550	0.01892	0.02714	0.01563	0.02056	0.01316	0.00740	0.00822	0.00247	0.00987	0.00740	0.00411	0.01316
10	0.01923	0.02080	0.08812	0.08967	0.52083	0.01885	0.02464	0.02446	0.01864	0.02638	0.01962	0.02397	0.05124	0.00833	0.00830	0.00252	0.00983	0.00790	0.00425	0.01244
11	0.01080	0.00739	0.00963	0.01101	0.01151	0.00697	0.00726	0.01157	0.01508	0.01994	0.04226	0.51732	0.08145	0.10849	0.01670	0.08388	0.00543	0.02014	0.00695	0.00622
12	0.02073	0.08647	0.06186	0.07867	0.45377	0.06064	0.02348	0.02532	0.01839	0.02516	0.01468	0.01934	0.01239	0.00800	0.00918	0.00249	0.05634	0.00693	0.00399	0.01218
13	0.02116	0.02359	0.01910	0.08148	0.05300	0.30395	0.01491	0.02418	0.02080	0.02225	0.03252	0.04677	0.12141	0.01422	0.00901	0.00276	0.01077	0.16368	0.00564	0.00882
14	0.06710	0.02978	0.15702	0.02862	0.20978	0.23790	0.02047	0.02695	0.02016	0.02541	0.05374	0.02292	0.04674	0.00913	0.00789	0.00242	0.01126	0.00721	0.00457	0.01094
15	0.01419	0.01170	0.01694	0.02222	0.18455	0.01168	0.01267	0.01857	0.07288	0.02439	0.08119	0.34251	0.04032	0.09129	0.01307	0.00352	0.00660	0.01613	0.00664	0.00893
16	0.01879	0.19974	0.02299	0.01527	0.07398	0.01757	0.01137	0.06765	0.01875	0.02697	0.02180	0.02587	0.04901	0.05657	0.00887	0.00231	0.00692	0.00705	0.18731	0.16122
17	0.04998	0.02342	0.02378	0.15974	0.03114	0.22789	0.06338	0.08876	0.02074	0.02506	0.01684	0.02377	0.01432	0.01697	0.10120	0.00410	0.06029	0.03419	0.00474	0.00969
18	0.02521	0.14154	0.02674	0.02289	0.10321	0.37447	0.01624	0.02789	0.02011	0.02091	0.01421	0.01795	0.01240	0.01577	0.09972	0.00371	0.03694	0.00602	0.00414	0.00992
19	0.09536	0.04875	0.27509	0.02345	0.14950	0.01654	0.02039	0.02227	0.01806	0.02699	0.06515	0.03321	0.14987	0.01103	0.00809	0.00260	0.00890	0.00906	0.00501	0.01069
20	0.15929	0.01354	0.01533	0.01364	0.01805	0.01374	0.01121	0.07331	0.07694	0.19760	0.07821	0.04674	0.10415	0.01415	0.00867	0.00287	0.00662	0.12730	0.00811	0.01053

[dist]
# distance from previous block
# <min> <max>
0	1

[block]
# block no. 3 follows, 22 sequences, length 11
# corresponding to MSA columns:
# 98-108
name=unknown_D
#
# <colnr> <probs for GDERKNQSTAVLIFYWHMCP>
#	G	D	E	R	K	N	Q	S	T	A	V	L	I	F	Y	W	H	M	C	P
0	0.01531	0.04372	0.09698	0.01401	0.01809	0.05948	0.01214	0.02289	0.15076	0.02576	0.10061	0.14753	0.18728	0.05498	0.01090	0.00307	0.00696	0.01340	0.00692	0.00923
1	0.02126	0.27763	0.11379	0.07106	0.05842	0.13051	0.01781	0.02506	0.01760	0.02201	0.01376	0.01722	0.01166	0.00877	0.00943	0.00233	0.10389	0.00583	0.06166	0.01028
2	0.01685	0.01315	0.01526	0.01386	0.01712	0.01418	0.01072	0.11689	0.18300	0.03251	0.19821	0.09666	0.08843	0.02284	0.11725	0.00447	0.00848	0.01231	0.00785	0.00996
3	0.01877	0.02055	0.11970	0.02257	0.12738	0.01806	0.01726	0.06563	0.28264	0.03092	0.03392	0.03753	0.09688	0.01215	0.00873	0.00279	0.00795	0.05786	0.00681	0.01189
4	0.01866	0.01662	0.02507	0.02769	0.22985	0.01543	0.07216	0.07143	0.01973	0.02830	0.02092	0.10597	0.01975	0.01022	0.00816	0.00228	0.00825	0.03919	0.00535	0.25499
5	0.01544	0.12392	0.01722	0.06348	0.01761	0.01400	0.01021	0.05245	0.01783	0.02511	0.03313	0.08707	0.12528	0.02272	0.13951	0.00452	0.00931	0.01024	0.20250	0.00843
6	0.27957	0.08189	0.02252	0.02265	0.17378	0.01999	0.01478	0.11644	0.01928	0.03256	0.01558	0.01930	0.01287	0.01679	0.11511	0.00421	0.01048	0.00637	0.00512	0.01070
7	0.20051	0.02482	0.01848	0.01881	0.07904	0.29280	0.01313	0.02647	0.04579	0.02604	0.02833	0.02917	0.14306	0.01093	0.00752	0.00244	0.00990	0.00801	0.00535	0.00942
8	0.01481	0.07074	0.01466	0.01170	0.01527	0.07381	0.00915	0.02080	0.12796	0.02477	0.09476	0.05889	0.39855	0.01680	0.00899	0.00265	0.00599	0.01376	0.00726	0.00867
9	0.20755	0.02266	0.12394	0.01695	0.04724	0.09663	0.01473	0.07224	0.06880	0.03233	0.11192	0.02476	0.02246	0.00963	0.00731	0.00242	0.00830	0.00734	0.03461	0.06817
10	0.01775	0.02117	0.13384	0.01800	0.02302	0.09256	0.06772	0.02550	0.12252	0.04785	0.11603	0.14129	0.05433	0.01442	0.00920	0.00285	0.00863	0.06667	0.00665	0.01001

[dist]
# distance from previous block
# <min> <max>
25	72

[block]
# block no. 4 follows, 22 sequences, length 41
# corresponding to MSA columns:
# 182-222
name=unknown_E
#
# <colnr> <probs for GDERKNQSTAVLIFYWHMCP>
#	G	D	E	R	K	N	Q	S	T	A	V	L	I	F	Y	W	H	M	C	P
0	0.16539	0.01587	0.05192	0.01469	0.01953	0.01511	0.01270	0.08038	0.10845	0.08785	0.08852	0.04243	0.02931	0.01308	0.00840	0.00278	0.00710	0.14992	0.00723	0.07935
1	0.02408	0.02576	0.17795	0.02339	0.11333	0.02112	0.01947	0.31809	0.02771	0.03823	0.01847	0.02244	0.01450	0.07201	0.01117	0.00297	0.00976	0.00745	0.00613	0.04597
2	0.09214	0.01828	0.01724	0.01480	0.01904	0.08657	0.01163	0.25948	0.05072	0.03763	0.02415	0.11402	0.02094	0.01176	0.00765	0.00246	0.00758	0.00930	0.18395	0.01063
3	0.01931	0.02627	0.17274	0.01874	0.05800	0.17639	0.01657	0.07427	0.02187	0.02667	0.09305	0.03894	0.19789	0.01274	0.00857	0.00254	0.00950	0.01015	0.00584	0.00994
4	0.02104	0.28189	0.02526	0.01289	0.01786	0.01876	0.01124	0.02481	0.04415	0.15346	0.17638	0.06547	0.09042	0.01237	0.00777	0.00234	0.00664	0.00999	0.00699	0.01028
5	0.08857	0.24302	0.05699	0.01405	0.01942	0.02060	0.01282	0.05724	0.01902	0.11745	0.03268	0.03257	0.16669	0.01186	0.00915	0.00247	0.07050	0.00868	0.00595	0.01027
6	0.01334	0.01171	0.01558	0.01988	0.16715	0.01105	0.01201	0.01745	0.05348	0.02442	0.05946	0.09260	0.38139	0.01763	0.00955	0.00284	0.00604	0.06864	0.00689	0.00888
7	0.02358	0.15644	0.02629	0.01849	0.02217	0.23675	0.01515	0.08565	0.02072	0.02446	0.07221	0.02115	0.01783	0.01332	0.04540	0.00307	0.17569	0.00692	0.00485	0.00987
8	0.02011	0.04216	0.51109	0.02313	0.03349	0.17655	0.02718	0.02796	0.01898	0.02487	0.01441	0.01693	0.01057	0.00805	0.00780	0.00251	0.01293	0.00595	0.00369	0.01164
9	0.01984	0.01865	0.03111	0.20924	0.47727	0.01969	0.02444	0.05197	0.01926	0.02681	0.01561	0.02093	0.01268	0.00775	0.00825	0.00254	0.01014	0.00740	0.00420	0.01222
10	0.02984	0.03784	0.02269	0.02067	0.02487	0.63707	0.01550	0.03198	0.02328	0.02045	0.01686	0.01864	0.04688	0.00926	0.00762	0.00218	0.01437	0.00604	0.00447	0.00948
11	0.02059	0.01928	0.03014	0.04281	0.50395	0.01996	0.02253	0.02997	0.16823	0.02897	0.01999	0.02306	0.01609	0.00833	0.00828	0.00255	0.00908	0.00788	0.00515	0.01316
12	0.03158	0.02327	0.02493	0.01911	0.02576	0.02576	0.01579	0.62852	0.03906	0.05236	0.01995	0.01995	0.01413	0.00997	0.00831	0.00249	0.00914	0.00748	0.00831	0.01413
13	0.02730	0.32431	0.03199	0.01836	0.02384	0.40334	0.01527	0.02966	0.02073	0.02000	0.01229	0.01428	0.01068	0.00795	0.00658	0.00199	0.01240	0.00497	0.00397	0.01007
14	0.01187	0.00890	0.01335	0.01335	0.01483	0.01038	0.01038	0.01483	0.01335	0.01928	0.02225	0.03264	0.02077	0.06231	0.67512	0.01335	0.02225	0.00890	0.00445	0.00742
15	0.01148	0.00848	0.01072	0.01016	0.01224	0.00772	0.00762	0.01514	0.02286	0.03175	0.57009	0.06463	0.16111	0.01757	0.00980	0.00264	0.00396	0.01539	0.00894	0.00772
16	0.02913	0.19348	0.02873	0.01894	0.02468	0.30735	0.01553	0.22893	0.02712	0.03078	0.01489	0.01624	0.01183	0.00869	0.00725	0.00217	0.01160	0.00584	0.00545	0.01137
17	0.01012	0.00723	0.00964	0.01157	0.01205	0.00675	0.00771	0.01157	0.01591	0.02121	0.04579	0.70262	0.05495	0.02603	0.01060	0.00337	0.00482	0.02362	0.00771	0.00675
18	0.76672	0.01607	0.01221	0.01092	0.01607	0.01864	0.00900	0.02442	0.01414	0.03727	0.01157	0.01350	0.00900	0.00771	0.00514	0.00257	0.00643	0.00450	0.00514	0.00900
19	0.03151	0.01585	0.01942	0.01571	0.02158	0.01571	0.01271	0.07324	0.22729	0.42336	0.03243	0.02872	0.02179	0.01059	0.00838	0.00265	0.00702	0.00865	0.00958	0.01381
20	0.01012	0.00723	0.00964	0.01157	0.01205	0.00675	0.00771	0.01157	0.01591	0.02121	0.04579	0.70262	0.05495	0.02603	0.01060	0.00337	0.00482	0.02362	0.00771	0.00675
21	0.02221	0.71304	0.04353	0.01421	0.02132	0.03287	0.01421	0.02488	0.01688	0.01955	0.01155	0.01333	0.01066	0.00711	0.00533	0.00178	0.00888	0.00444	0.00355	0.01066
22	0.01208	0.00805	0.00906	0.00906	0.00906	0.00805	0.00503	0.01208	0.01208	0.01611	0.02618	0.05436	0.03020	0.70804	0.04228	0.00805	0.00805	0.01208	0.00503	0.00503
23	0.03158	0.02327	0.02493	0.01911	0.02576	0.02576	0.01579	0.62852	0.03906	0.05236	0.01995	0.01995	0.01413	0.00997	0.00831	0.00249	0.00914	0.00748	0.00831	0.01413
24	0.03727	0.01414	0.01928	0.01478	0.02121	0.01221	0.01221	0.04049	0.02378	0.66198	0.03277	0.02828	0.02056	0.01028	0.00835	0.00257	0.00707	0.00835	0.01028	0.01414
25	0.01187	0.00890	0.01335	0.01335	0.01483	0.01038	0.01038	0.01483	0.01335	0.01928	0.02225	0.03264	0.02077	0.06231	0.67512	0.01335	0.02225	0.00890	0.00445	0.00742
26	0.02007	0.01923	0.03283	0.11551	0.59556	0.01961	0.02525	0.02506	0.01868	0.02654	0.01554	0.02072	0.01295	0.00749	0.00823	0.00250	0.00999	0.00740	0.00407	0.01276
27	0.01666	0.04297	0.66500	0.02368	0.03596	0.01929	0.03069	0.02631	0.01754	0.02631	0.01491	0.01754	0.01052	0.00789	0.00789	0.00263	0.01228	0.00614	0.00351	0.01228
28	0.02221	0.71304	0.04353	0.01421	0.02132	0.03287	0.01421	0.02488	0.01688	0.01955	0.01155	0.01333	0.01066	0.00711	0.00533	0.00178	0.00888	0.00444	0.00355	0.01066
29	0.03297	0.02104	0.02355	0.01806	0.02465	0.02246	0.01492	0.48517	0.03533	0.20097	0.02307	0.02198	0.01570	0.01005	0.00832	0.00251	0.00864	0.00769	0.00879	0.01413
30	0.01829	0.20168	0.45382	0.02255	0.03320	0.02272	0.08672	0.02600	0.01759	0.02472	0.01429	0.01702	0.01077	0.00761	0.00747	0.00244	0.01164	0.00610	0.00359	0.01178
31	0.76672	0.01607	0.01221	0.01092	0.01607	0.01864	0.00900	0.02442	0.01414	0.03727	0.01157	0.01350	0.00900	0.00771	0.00514	0.00257	0.00643	0.00450	0.00514	0.00900
32	0.01487	0.01065	0.01395	0.01307	0.01439	0.01291	0.01037	0.01793	0.01487	0.02426	0.02152	0.02848	0.01862	0.02920	0.24445	0.00633	0.17560	0.00803	0.31254	0.00795
33	0.01039	0.00844	0.00920	0.00901	0.01157	0.00726	0.00676	0.01302	0.02028	0.02563	0.25060	0.07470	0.48442	0.01985	0.00981	0.00275	0.00412	0.01680	0.00813	0.00726
34	0.02034	0.02037	0.03734	0.04721	0.51126	0.02004	0.16756	0.02576	0.01908	0.02702	0.01591	0.02100	0.01303	0.00731	0.00860	0.00255	0.01085	0.00797	0.00413	0.01270
35	0.01187	0.00890	0.01335	0.01335	0.01483	0.01038	0.01038	0.01483	0.01335	0.01928	0.02225	0.03264	0.02077	0.06231	0.67512	0.01335	0.02225	0.00890	0.00445	0.00742
36	0.01346	0.00817	0.00975	0.00975	0.01100	0.00860	0.00692	0.01596	0.01471	0.02332	0.02543	0.03815	0.02369	0.22489	0.21068	0.00700	0.01041	0.00932	0.32192	0.00687
37	0.05880	0.04146	0.62833	0.02296	0.03484	0.01926	0.02947	0.02620	0.01735	0.02692	0.01472	0.01731	0.01044	0.00788	0.00774	0.00263	0.01195	0.00605	0.00360	0.01209
38	0.02304	0.02444	0.03131	0.04399	0.50706	0.17467	0.02326	0.02731	0.02001	0.02553	0.01497	0.01924	0.01258	0.00768	0.00805	0.00239	0.01108	0.00692	0.00415	0.01232
39	0.02272	0.02660	0.08831	0.04142	0.44889	0.17685	0.02370	0.02741	0.01990	0.02543	0.01489	0.01895	0.01233	0.00772	0.00802	0.00240	0.01131	0.00680	0.00410	0.01223
40	0.01964	0.02523	0.18305	0.04453	0.50950	0.01963	0.02673	0.02569	0.01859	0.02694	0.01546	0.01985	0.01254	0.00752	0.00815	0.00251	0.01044	0.00710	0.00397	0.01295

[dist]
# distance from previous block
# <min> <max>
0	1

[block]
# block no. 5 follows, 22 sequences, length 10
# corresponding to MSA columns:
# 224-233
name=unknown_F
#
# <colnr> <probs for GDERKNQSTAVLIFYWHMCP>
#	G	D	E	R	K	N	Q	S	T	A	V	L	I	F	Y	W	H	M	C	P
0	0.02022	0.01602	0.01641	0.01455	0.01854	0.06811	0.01129	0.06718	0.25985	0.09424	0.20944	0.04231	0.09983	0.01344	0.00887	0.00266	0.00648	0.01123	0.00841	0.01093
1	0.01912	0.11592	0.19493	0.02957	0.12314	0.02097	0.25476	0.02560	0.01841	0.02574	0.01529	0.01926	0.01189	0.00721	0.00817	0.00243	0.01156	0.00739	0.00400	0.08462
2	0.01360	0.01785	0.16263	0.01439	0.01920	0.01229	0.01378	0.02116	0.12352	0.02615	0.09472	0.16332	0.22426	0.01698	0.00935	0.00290	0.00671	0.04091	0.00697	0.00931
3	0.04979	0.02532	0.07919	0.02907	0.15936	0.12590	0.15637	0.16774	0.02427	0.03185	0.02042	0.02306	0.05132	0.00898	0.00845	0.00253	0.01118	0.00805	0.00535	0.01179
4	0.02461	0.02671	0.02590	0.03101	0.26301	0.28741	0.01855	0.07616	0.02304	0.02719	0.09734	0.02360	0.02069	0.00933	0.00813	0.00235	0.01114	0.00755	0.00517	0.01110
5	0.01991	0.38446	0.10251	0.02060	0.02807	0.02575	0.18675	0.02459	0.01836	0.02355	0.07655	0.02109	0.01788	0.00813	0.00728	0.00223	0.01016	0.00716	0.00428	0.01069
6	0.11437	0.07018	0.02746	0.20509	0.32120	0.01936	0.02040	0.02374	0.01744	0.02661	0.01544	0.02031	0.01251	0.00783	0.00745	0.00247	0.00921	0.00683	0.06111	0.01100
7	0.11087	0.01552	0.01928	0.13670	0.10924	0.01714	0.01474	0.06965	0.18300	0.03106	0.08882	0.03491	0.11215	0.01162	0.00829	0.00269	0.00738	0.00971	0.00658	0.01066
8	0.02617	0.02707	0.02377	0.02413	0.12078	0.26546	0.01652	0.12554	0.22445	0.03087	0.02111	0.02175	0.01632	0.00947	0.00804	0.00246	0.01060	0.00729	0.00621	0.01199
9	0.01835	0.02042	0.09348	0.13884	0.22392	0.01871	0.14459	0.02672	0.10436	0.02765	0.08023	0.02637	0.02049	0.00898	0.00871	0.00266	0.01011	0.00878	0.00509	0.01152

[dist]
# distance from previous block
# <min> <max>
2	9

[block]
# block no. 6 follows, 22 sequences, length 24
# corresponding to MSA columns:
# 243-266
name=unknown_G
#
# <colnr> <probs for GDERKNQSTAVLIFYWHMCP>
#	G	D	E	R	K	N	Q	S	T	A	V	L	I	F	Y	W	H	M	C	P
0	0.02438	0.05296	0.02030	0.01703	0.02130	0.31408	0.01318	0.12794	0.05717	0.02849	0.11099	0.03295	0.12110	0.01194	0.00826	0.00239	0.01018	0.00907	0.00633	0.00996
1	0.02729	0.03358	0.02175	0.01976	0.02361	0.52346	0.01497	0.03051	0.05430	0.02129	0.02168	0.02321	0.08247	0.01048	0.00912	0.00235	0.05881	0.00704	0.00483	0.00949
2	0.02394	0.01575	0.01960	0.01605	0.02064	0.01622	0.04710	0.21629	0.08673	0.15371	0.12360	0.10736	0.03196	0.06803	0.01159	0.00311	0.00742	0.01127	0.00826	0.01137
3	0.17080	0.01931	0.02000	0.01651	0.02193	0.02150	0.01345	0.36627	0.09795	0.04362	0.02311	0.07380	0.01928	0.01159	0.00806	0.00268	0.00793	0.04248	0.00763	0.01211
4	0.01840	0.01753	0.02981	0.33391	0.39021	0.01917	0.02442	0.02360	0.01789	0.02451	0.01524	0.02127	0.01223	0.00780	0.00826	0.00260	0.01040	0.00739	0.00393	0.01141
5	0.01751	0.01576	0.02588	0.02097	0.02465	0.01759	0.16768	0.10163	0.01830	0.02572	0.01872	0.02599	0.01621	0.03352	0.31195	0.00764	0.12727	0.00867	0.00478	0.00955
6	0.10092	0.01433	0.09835	0.01323	0.01680	0.01128	0.01173	0.01907	0.05543	0.02991	0.29090	0.17582	0.05124	0.01660	0.00921	0.00287	0.00594	0.06024	0.00749	0.00864
7	0.02226	0.02315	0.02712	0.02235	0.02577	0.17035	0.11462	0.10412	0.01988	0.02534	0.01503	0.02032	0.01290	0.01781	0.10504	0.00432	0.24753	0.00749	0.00460	0.01000
8	0.02115	0.02473	0.04557	0.03317	0.04102	0.10940	0.54356	0.02750	0.02014	0.02576	0.01627	0.02140	0.01235	0.00721	0.00949	0.00271	0.01414	0.00920	0.00421	0.01099
9	0.02377	0.01908	0.02133	0.01772	0.02162	0.05341	0.01428	0.32611	0.02666	0.03594	0.01909	0.02444	0.01596	0.06611	0.16427	0.00546	0.11948	0.00795	0.00630	0.01103
10	0.15431	0.17020	0.37734	0.01857	0.02781	0.02113	0.02190	0.02496	0.01719	0.02742	0.05634	0.01894	0.01482	0.00831	0.00700	0.00245	0.00997	0.00609	0.00419	0.01106
11	0.01092	0.00816	0.00929	0.00942	0.01090	0.00745	0.00640	0.01263	0.01731	0.02241	0.16899	0.15298	0.27376	0.22982	0.01979	0.00444	0.00541	0.01622	0.00717	0.00653
12	0.01908	0.01823	0.03104	0.24469	0.47410	0.01935	0.02476	0.02420	0.01822	0.02534	0.01536	0.02104	0.01253	0.00768	0.00825	0.00256	0.01024	0.00740	0.00398	0.01196
13	0.02179	0.02328	0.02867	0.22500	0.32834	0.18280	0.02245	0.02620	0.01941	0.02376	0.01469	0.01962	0.01195	0.00795	0.00806	0.00247	0.01149	0.00688	0.00403	0.01116
14	0.01733	0.01644	0.02787	0.47409	0.25841	0.01889	0.02389	0.02266	0.01739	0.02321	0.01505	0.02162	0.01177	0.00800	0.00828	0.00267	0.01067	0.00739	0.00383	0.01055
15	0.02351	0.02396	0.02024	0.01612	0.02240	0.23092	0.01261	0.09882	0.02196	0.02793	0.01476	0.01682	0.01200	0.00741	0.00685	0.00168	0.00942	0.00537	0.00512	0.42210
16	0.04448	0.00812	0.00968	0.01058	0.01208	0.00752	0.00744	0.01288	0.01776	0.02412	0.14804	0.41652	0.20570	0.02255	0.01004	0.00308	0.00460	0.01990	0.00782	0.00709
17	0.01109	0.00786	0.01035	0.01127	0.01185	0.00797	0.00758	0.01248	0.01422	0.01931	0.03468	0.36085	0.03988	0.22844	0.17581	0.00705	0.00984	0.01688	0.00618	0.00642
18	0.02842	0.03464	0.02608	0.02878	0.18302	0.51127	0.01841	0.03126	0.02239	0.02203	0.01354	0.01637	0.01131	0.00827	0.00767	0.00222	0.01371	0.00586	0.00424	0.01051
19	0.01961	0.02241	0.04902	0.03501	0.04342	0.02101	0.62605	0.02661	0.01961	0.02661	0.01681	0.02241	0.01261	0.00700	0.00980	0.00280	0.01401	0.00980	0.00420	0.01120
20	0.03158	0.02327	0.02493	0.01911	0.02576	0.02576	0.01579	0.62852	0.03906	0.05236	0.01995	0.01995	0.01413	0.00997	0.00831	0.00249	0.00914	0.00748	0.00831	0.01413
21	0.01141	0.00906	0.01037	0.01037	0.01276	0.00836	0.00781	0.01562	0.06518	0.02650	0.23874	0.14083	0.33946	0.01981	0.00990	0.00287	0.00456	0.05050	0.00818	0.00771
22	0.01187	0.00890	0.01335	0.01335	0.01483	0.01038	0.01038	0.01483	0.01335	0.01928	0.02225	0.03264	0.02077	0.06231	0.67512	0.01335	0.02225	0.00890	0.00445	0.00742
23	0.20469	0.01253	0.01354	0.01324	0.01641	0.01347	0.01063	0.06196	0.08835	0.03198	0.14423	0.13816	0.03982	0.01627	0.00891	0.00303	0.00626	0.16016	0.00743	0.00894

[dist]
# distance from previous block
# <min> <max>
3	8

[block]
# block no. 7 follows, 22 sequences, length 9
# corresponding to MSA columns:
# 275-283
name=unknown_H
#
# <colnr> <probs for GDERKNQSTAVLIFYWHMCP>
#	G	D	E	R	K	N	Q	S	T	A	V	L	I	F	Y	W	H	M	C	P
0	0.03182	0.02744	0.02413	0.01949	0.02542	0.21612	0.01562	0.41190	0.03342	0.08554	0.01875	0.01906	0.01357	0.00958	0.00807	0.00239	0.01072	0.00691	0.00726	0.01280
1	0.02080	0.02333	0.02881	0.02297	0.02772	0.21021	0.22425	0.02439	0.01889	0.02258	0.01940	0.09852	0.01862	0.09030	0.01375	0.00321	0.05423	0.00977	0.00473	0.06351
2	0.01836	0.01853	0.01530	0.01484	0.01807	0.19538	0.01180	0.06403	0.02173	0.02473	0.04777	0.06154	0.24913	0.01732	0.00955	0.00290	0.00858	0.18521	0.00678	0.00845
3	0.01765	0.01656	0.02687	0.42974	0.23006	0.01907	0.02274	0.02489	0.08293	0.02439	0.01702	0.02261	0.01319	0.00835	0.00830	0.00268	0.01025	0.00760	0.00432	0.01080
4	0.02118	0.04877	0.09360	0.01748	0.04514	0.05579	0.01469	0.16949	0.14114	0.05738	0.09723	0.07033	0.10696	0.01272	0.00859	0.00262	0.00788	0.01042	0.00726	0.01132
5	0.01069	0.00767	0.01015	0.01118	0.01218	0.00713	0.00776	0.01300	0.01856	0.02543	0.25722	0.47914	0.06312	0.02287	0.01032	0.00311	0.00451	0.02062	0.00821	0.00713
6	0.02197	0.01767	0.01975	0.01483	0.02174	0.01648	0.01198	0.21078	0.08068	0.03558	0.01810	0.01932	0.01405	0.00780	0.00703	0.00176	0.00711	0.00612	0.00629	0.46095
7	0.13692	0.01687	0.01701	0.01497	0.01782	0.07663	0.01149	0.15176	0.01974	0.02885	0.01973	0.05851	0.01903	0.18088	0.10256	0.00533	0.09862	0.00877	0.00556	0.00896
8	0.06630	0.02013	0.02074	0.01717	0.02247	0.05583	0.01415	0.40634	0.03174	0.04253	0.02906	0.03699	0.07915	0.01293	0.00875	0.00272	0.00860	0.10475	0.00776	0.01188

[dist]
# distance from previous block
# <min> <max>
0	4

[block]
# block no. 8 follows, 22 sequences, length 7
# corresponding to MSA columns:
# 288-294
name=unknown_I
#
# <colnr> <probs for GDERKNQSTAVLIFYWHMCP>
#	G	D	E	R	K	N	Q	S	T	A	V	L	I	F	Y	W	H	M	C	P
0	0.08916	0.02489	0.02185	0.01958	0.02171	0.26776	0.01543	0.02446	0.01727	0.02180	0.01543	0.08993	0.01538	0.01290	0.01604	0.00295	0.30193	0.00805	0.00445	0.00903
1	0.02056	0.01974	0.03372	0.05099	0.65622	0.01974	0.02550	0.02550	0.01892	0.02714	0.01563	0.02056	0.01316	0.00740	0.00822	0.00247	0.00987	0.00740	0.00411	0.01316
2	0.03033	0.02528	0.02471	0.06850	0.02805	0.12990	0.01637	0.48800	0.03491	0.04491	0.01842	0.01931	0.01335	0.00962	0.00818	0.00246	0.01023	0.00713	0.00732	0.01304
3	0.01064	0.00845	0.00955	0.00927	0.01172	0.00736	0.00696	0.01351	0.02087	0.02703	0.32357	0.07240	0.41058	0.01933	0.00981	0.00272	0.00409	0.01647	0.00832	0.00736
4	0.01134	0.00877	0.01207	0.01207	0.01390	0.00951	0.00933	0.01408	0.01480	0.02011	0.03834	0.04493	0.18503	0.05158	0.50223	0.01061	0.01756	0.01114	0.00530	0.00731
5	0.06316	0.02368	0.01803	0.01691	0.02071	0.28001	0.01328	0.06824	0.08867	0.02630	0.03303	0.04370	0.11810	0.01388	0.00873	0.00272	0.01000	0.13508	0.00630	0.00946
6	0.02099	0.38179	0.02914	0.01268	0.01858	0.02170	0.01159	0.02365	0.01849	0.11868	0.03385	0.03315	0.17916	0.01115	0.00701	0.00213	0.00723	0.00847	0.00574	0.05481

[dist]
# distance from previous block
# <min> <max>
0	2

[block]
# block no. 9 follows, 22 sequences, length 15
# corresponding to MSA columns:
# 297-311
name=unknown_J
#
# <colnr> <probs for GDERKNQSTAVLIFYWHMCP>
#	G	D	E	R	K	N	Q	S	T	A	V	L	I	F	Y	W	H	M	C	P
0	0.02267	0.02022	0.03133	0.07995	0.48643	0.02097	0.02326	0.15543	0.02313	0.03225	0.01651	0.02052	0.01325	0.00801	0.00825	0.00249	0.00978	0.00742	0.00499	0.01315
1	0.01895	0.01556	0.02092	0.01753	0.02016	0.01815	0.05899	0.17021	0.01984	0.02761	0.01939	0.02991	0.01816	0.17296	0.16582	0.00636	0.17596	0.00891	0.00533	0.00927
2	0.02285	0.01731	0.01924	0.01518	0.02003	0.01799	0.01186	0.30944	0.02618	0.03610	0.01993	0.02788	0.01760	0.18432	0.01719	0.00365	0.03900	0.00805	0.00651	0.17969
3	0.02024	0.01941	0.03313	0.09344	0.61631	0.01965	0.02533	0.02521	0.01876	0.02675	0.01557	0.02067	0.01302	0.00746	0.00823	0.00249	0.00995	0.00740	0.00408	0.01290
4	0.01221	0.00816	0.00994	0.01043	0.01172	0.00752	0.00706	0.01376	0.01670	0.05737	0.10225	0.32974	0.16594	0.18728	0.01787	0.00427	0.00552	0.01803	0.00734	0.00690
5	0.02493	0.02875	0.02857	0.02356	0.02868	0.31535	0.16161	0.03356	0.17680	0.02543	0.01893	0.02097	0.01484	0.00922	0.00947	0.00256	0.05311	0.00755	0.00527	0.01086
6	0.24871	0.02086	0.02198	0.01794	0.02269	0.08112	0.04722	0.19709	0.02281	0.08327	0.01582	0.01798	0.01205	0.00993	0.01109	0.00273	0.14312	0.00655	0.00600	0.01104
7	0.03201	0.02549	0.02209	0.01834	0.02391	0.24261	0.01451	0.18517	0.09096	0.22629	0.02287	0.02194	0.01608	0.00972	0.00806	0.00243	0.01024	0.00722	0.00755	0.01250
8	0.01912	0.01827	0.03112	0.23902	0.47943	0.01936	0.02478	0.02424	0.01824	0.02539	0.01537	0.02103	0.01254	0.00767	0.00825	0.00256	0.01022	0.00740	0.00399	0.01200
9	0.02398	0.02622	0.03040	0.04134	0.45049	0.23344	0.02241	0.02800	0.02043	0.02492	0.01472	0.01874	0.01236	0.00778	0.00798	0.00236	0.01154	0.00673	0.00417	0.01201
10	0.01539	0.02069	0.20882	0.01628	0.02193	0.01376	0.01648	0.08074	0.01987	0.02776	0.10795	0.06861	0.08796	0.02339	0.13969	0.00483	0.01108	0.06993	0.00594	0.03891
11	0.02352	0.33862	0.19320	0.01879	0.02633	0.22621	0.01891	0.02778	0.01909	0.02148	0.01279	0.01489	0.01064	0.00775	0.00663	0.00210	0.01160	0.00515	0.00376	0.01075
12	0.01880	0.01689	0.01465	0.01378	0.01687	0.17541	0.01062	0.02171	0.02178	0.08799	0.21964	0.08260	0.17012	0.01611	0.00930	0.00270	0.00751	0.07734	0.00751	0.00867
13	0.01171	0.00857	0.01066	0.01179	0.01299	0.00821	0.00817	0.05824	0.01799	0.02370	0.04806	0.58240	0.11774	0.02426	0.01034	0.00324	0.00508	0.02173	0.00776	0.00733
14	0.02805	0.02949	0.02242	0.01955	0.02448	0.33615	0.01513	0.16745	0.21183	0.03169	0.02068	0.02087	0.01584	0.00968	0.00796	0.00242	0.01118	0.00703	0.00642	0.01167

[dist]
# distance from previous block
# <min> <max>
0	2

[block]
# block no. 10 follows, 22 sequences, length 6
# corresponding to MSA columns:
# 314-319
name=unknown_K
#
# <colnr> <probs for GDERKNQSTAVLIFYWHMCP>
#	G	D	E	R	K	N	Q	S	T	A	V	L	I	F	Y	W	H	M	C	P
0	0.01911	0.01825	0.03109	0.24129	0.47729	0.01936	0.02477	0.02422	0.01823	0.02537	0.01537	0.02104	0.01254	0.00767	0.00825	0.00256	0.01023	0.00740	0.00399	0.01198
1	0.02754	0.02051	0.02186	0.01713	0.02306	0.02228	0.01403	0.51396	0.03532	0.04680	0.03188	0.03109	0.13280	0.01203	0.00859	0.00255	0.00822	0.00935	0.00820	0.01281
2	0.01149	0.00845	0.01054	0.01004	0.01197	0.00773	0.00739	0.01483	0.02194	0.03035	0.51808	0.06416	0.16126	0.07083	0.01230	0.00306	0.00428	0.01518	0.00861	0.00750
3	0.01304	0.01062	0.01560	0.01492	0.01613	0.01318	0.01183	0.01579	0.01323	0.01942	0.02014	0.02995	0.01894	0.05343	0.55476	0.01155	0.14684	0.00860	0.00430	0.00773
4	0.01884	0.02092	0.01794	0.01584	0.01942	0.25113	0.06101	0.02183	0.02185	0.02484	0.20015	0.04697	0.21774	0.01430	0.00897	0.00251	0.00885	0.01182	0.00655	0.00852
5	0.03024	0.03374	0.02345	0.02045	0.02534	0.46073	0.01573	0.17705	0.08223	0.02930	0.01641	0.01760	0.01283	0.00914	0.00777	0.00229	0.01283	0.00622	0.00562	0.01102

[dist]
# distance from previous block
# <min> <max>
1	40

[block]
# block no. 11 follows, 22 sequences, length 6
# corresponding to MSA columns:
# 362-367
name=unknown_L
#
# <colnr> <probs for GDERKNQSTAVLIFYWHMCP>
#	G	D	E	R	K	N	Q	S	T	A	V	L	I	F	Y	W	H	M	C	P
0	0.01501	0.00910	0.01161	0.01150	0.01379	0.00828	0.00868	0.01762	0.01958	0.12021	0.19094	0.22744	0.16380	0.05937	0.01185	0.00329	0.00535	0.08614	0.00827	0.00817
1	0.02244	0.12641	0.02320	0.01631	0.02125	0.21608	0.01318	0.02525	0.01852	0.05475	0.01547	0.01890	0.01316	0.01623	0.10809	0.00364	0.06105	0.00592	0.00463	0.21551
2	0.01889	0.01835	0.03219	0.25728	0.40726	0.01943	0.07732	0.02420	0.01823	0.02517	0.01545	0.02124	0.01243	0.00766	0.00839	0.00259	0.01062	0.00761	0.00398	0.01171
3	0.02093	0.02108	0.03133	0.14314	0.50035	0.08842	0.02414	0.02566	0.01906	0.02554	0.01520	0.02021	0.01259	0.00766	0.00816	0.00248	0.01059	0.00718	0.00407	0.01220
4	0.06937	0.01451	0.01268	0.01176	0.01468	0.10913	0.00878	0.05437	0.02091	0.02701	0.19788	0.05473	0.26509	0.08879	0.01245	0.00317	0.00661	0.01297	0.00712	0.00797
5	0.23568	0.01118	0.01191	0.01106	0.01434	0.01127	0.00852	0.02017	0.01922	0.10528	0.24603	0.14062	0.10409	0.01522	0.00838	0.00273	0.00519	0.01268	0.00775	0.00867

[dist]
# distance from previous block
# <min> <max>
0	2

[block]
# block no. 12 follows, 22 sequences, length 8
# corresponding to MSA columns:
# 370-377
name=unknown_M
#
# <colnr> <probs for GDERKNQSTAVLIFYWHMCP>
#	G	D	E	R	K	N	Q	S	T	A	V	L	I	F	Y	W	H	M	C	P
0	0.02008	0.01925	0.03285	0.11362	0.59734	0.01961	0.02526	0.02508	0.01869	0.02656	0.01554	0.02072	0.01295	0.00749	0.00823	0.00250	0.00999	0.00740	0.00407	0.01277
1	0.02693	0.02591	0.02135	0.01842	0.02323	0.25447	0.01468	0.27606	0.02896	0.03442	0.02661	0.03359	0.07728	0.01223	0.00858	0.00257	0.01057	0.08642	0.00672	0.01099
2	0.01866	0.28447	0.44102	0.02027	0.03068	0.02419	0.02475	0.02579	0.01730	0.02387	0.01370	0.01602	0.01057	0.00761	0.00697	0.00232	0.01105	0.00553	0.00352	0.01169
3	0.01081	0.00810	0.01020	0.01095	0.01247	0.00725	0.00766	0.01294	0.01778	0.02390	0.15687	0.45399	0.14479	0.02244	0.01006	0.00302	0.00465	0.02002	0.00779	0.05430
4	0.02169	0.02377	0.02324	0.02046	0.02198	0.22549	0.01642	0.02378	0.01637	0.02065	0.01300	0.01866	0.01194	0.01500	0.05500	0.00360	0.40860	0.00679	0.04447	0.00909
5	0.01991	0.01907	0.03254	0.13621	0.57610	0.01957	0.02517	0.02492	0.01861	0.02635	0.01551	0.02077	0.01288	0.00752	0.00824	0.00251	0.01003	0.00740	0.00406	0.01263
6	0.19721	0.02454	0.02182	0.01767	0.02356	0.13907	0.01430	0.38691	0.03069	0.04328	0.01680	0.01761	0.01236	0.00921	0.00745	0.00245	0.00956	0.00643	0.00688	0.01217
7	0.10892	0.05208	0.10298	0.01594	0.02180	0.01909	0.01429	0.08876	0.28970	0.06085	0.03307	0.03174	0.10348	0.01136	0.00801	0.00267	0.00736	0.00902	0.00716	0.01174

[dist]
# distance from previous block
# <min> <max>
4	7

[block]
# block no. 13 follows, 22 sequences, length 16
# corresponding to MSA columns:
# 385-400
name=unknown_N
#
# <colnr> <probs for GDERKNQSTAVLIFYWHMCP>
#	G	D	E	R	K	N	Q	S	T	A	V	L	I	F	Y	W	H	M	C	P
0	0.02025	0.02129	0.02720	0.36630	0.22504	0.15312	0.02234	0.02491	0.01870	0.02276	0.01462	0.02022	0.01160	0.00809	0.00812	0.00255	0.01152	0.00697	0.00393	0.01045
1	0.01899	0.01970	0.02113	0.01802	0.02132	0.15062	0.04885	0.02156	0.01711	0.02245	0.01981	0.15889	0.02040	0.01317	0.01353	0.00263	0.20242	0.00982	0.00496	0.19462
2	0.01158	0.00899	0.01102	0.01145	0.01374	0.00787	0.00852	0.01388	0.01733	0.02292	0.05041	0.35674	0.19570	0.02138	0.00987	0.00298	0.00528	0.10415	0.00729	0.11890
3	0.02435	0.02262	0.02380	0.02450	0.15282	0.12785	0.01631	0.16721	0.19287	0.03376	0.02096	0.02189	0.01617	0.00905	0.00791	0.00235	0.00915	0.00729	0.00637	0.11277
4	0.17782	0.02790	0.02270	0.02345	0.11685	0.32427	0.01611	0.02924	0.05549	0.02561	0.01397	0.01684	0.01160	0.00911	0.00963	0.00250	0.09620	0.00595	0.00459	0.01016
5	0.01080	0.00771	0.01041	0.01234	0.01312	0.00733	0.00888	0.01273	0.01657	0.02196	0.04542	0.57686	0.05347	0.02539	0.01078	0.00347	0.00540	0.14272	0.00770	0.00693
6	0.03103	0.03959	0.02354	0.02140	0.02568	0.67469	0.01605	0.03317	0.02354	0.02033	0.01284	0.01498	0.01070	0.00856	0.00749	0.00214	0.01498	0.00535	0.00428	0.00963
7	0.01896	0.01810	0.03082	0.26079	0.45896	0.01932	0.02470	0.02409	0.01816	0.02519	0.01534	0.02108	0.01247	0.00770	0.00825	0.00257	0.01027	0.00740	0.00397	0.01186
8	0.03150	0.02570	0.02472	0.01945	0.02575	0.12236	0.01583	0.53990	0.03675	0.04759	0.01889	0.01921	0.01362	0.00976	0.00819	0.00244	0.01001	0.00716	0.00771	0.01346
9	0.01070	0.00845	0.00963	0.00934	0.01176	0.00739	0.00700	0.01362	0.02101	0.02736	0.34099	0.07185	0.39295	0.01920	0.00981	0.00272	0.00408	0.01640	0.00836	0.00739
10	0.01241	0.00873	0.01252	0.01252	0.01407	0.00999	0.00970	0.01551	0.01396	0.02102	0.02297	0.03239	0.02085	0.05447	0.57549	0.01165	0.01952	0.00873	0.11605	0.00747
11	0.01184	0.00984	0.01052	0.01010	0.01301	0.00922	0.00765	0.01750	0.11252	0.02654	0.19502	0.06893	0.43968	0.01874	0.00961	0.00277	0.00450	0.01580	0.00812	0.00810
12	0.32788	0.37300	0.08025	0.01362	0.02033	0.02593	0.01338	0.02480	0.01581	0.02737	0.01182	0.01373	0.00997	0.00742	0.00546	0.00217	0.00814	0.00460	0.00420	0.01011
13	0.02519	0.01750	0.02133	0.15424	0.02962	0.01945	0.01550	0.15205	0.26908	0.16494	0.02701	0.02648	0.01927	0.01021	0.00837	0.00269	0.00810	0.00840	0.00783	0.01274
14	0.01956	0.01872	0.03192	0.18136	0.53365	0.01948	0.02500	0.02462	0.01844	0.02593	0.01545	0.02089	0.01273	0.00759	0.00824	0.00253	0.01012	0.00740	0.00403	0.01235
15	0.20831	0.02795	0.15430	0.02505	0.15564	0.14730	0.01921	0.11558	0.02131	0.03187	0.01457	0.01702	0.01125	0.00818	0.00726	0.00247	0.01039	0.00604	0.00489	0.01141

[dist]
# distance from previous block
# <min> <max>
5	36

[block]
# block no. 14 follows, 22 sequences, length 19
# corresponding to MSA columns:
# 437-455
name=unknown_O
#
# <colnr> <probs for GDERKNQSTAVLIFYWHMCP>
#	G	D	E	R	K	N	Q	S	T	A	V	L	I	F	Y	W	H	M	C	P
0	0.02552	0.21116	0.02786	0.01800	0.02326	0.35036	0.01466	0.02804	0.02000	0.02124	0.01270	0.01514	0.01098	0.00817	0.00801	0.00199	0.05687	0.00517	0.00415	0.13672
1	0.01590	0.01637	0.01332	0.01343	0.01582	0.18287	0.00994	0.01807	0.01957	0.02241	0.08738	0.24529	0.22401	0.01911	0.00957	0.00287	0.00748	0.06199	0.00690	0.00773
2	0.02979	0.03118	0.02312	0.01973	0.02471	0.38303	0.01534	0.25338	0.02931	0.03323	0.06359	0.02037	0.01707	0.00972	0.00797	0.00231	0.01198	0.00687	0.00615	0.01117
3	0.01561	0.03348	0.46486	0.02066	0.03038	0.01691	0.05170	0.02436	0.05330	0.02600	0.03036	0.03140	0.14403	0.01076	0.00841	0.00269	0.01037	0.00884	0.00469	0.01119
4	0.30356	0.02102	0.02134	0.02062	0.10974	0.05896	0.01463	0.28630	0.02611	0.04143	0.01583	0.01735	0.01189	0.00869	0.00707	0.00250	0.00856	0.00624	0.00632	0.01183
5	0.01213	0.00890	0.01128	0.01203	0.01352	0.00836	0.00839	0.05181	0.01798	0.02443	0.08203	0.56506	0.05069	0.02291	0.01007	0.00311	0.00514	0.02061	0.00763	0.06390
6	0.21159	0.01121	0.01160	0.01166	0.01410	0.01177	0.00849	0.07256	0.01755	0.02806	0.03593	0.35909	0.08469	0.07065	0.01127	0.00339	0.00584	0.01572	0.00689	0.00792
7	0.13059	0.01759	0.01881	0.01549	0.02026	0.01940	0.01250	0.33060	0.02792	0.07559	0.02313	0.10505	0.01954	0.01182	0.00870	0.00260	0.03883	0.00912	0.10099	0.01146
8	0.02423	0.01802	0.01961	0.01689	0.02206	0.02016	0.01335	0.11548	0.48450	0.12093	0.03197	0.02927	0.02334	0.01098	0.00842	0.00274	0.00696	0.00902	0.00868	0.01340
9	0.02614	0.02964	0.02276	0.02010	0.02345	0.38754	0.01564	0.09535	0.02247	0.02464	0.05441	0.02016	0.01598	0.01340	0.04786	0.00313	0.15582	0.00680	0.00492	0.00979
10	0.01949	0.01833	0.03096	0.08247	0.55165	0.01853	0.02401	0.02433	0.01881	0.02656	0.01874	0.02880	0.01691	0.00919	0.00859	0.00264	0.00969	0.07349	0.00448	0.01233
11	0.06967	0.02841	0.02037	0.01808	0.02222	0.39163	0.01390	0.03161	0.04739	0.12007	0.04667	0.02114	0.01662	0.00969	0.00862	0.00235	0.04991	0.00666	0.06483	0.01016
12	0.02346	0.01796	0.01946	0.01654	0.02168	0.01984	0.01302	0.15199	0.41399	0.08636	0.02967	0.02898	0.02233	0.04263	0.00984	0.00289	0.00714	0.00882	0.00821	0.05520
13	0.05180	0.00864	0.01110	0.01215	0.01317	0.00876	0.00872	0.01368	0.01697	0.02404	0.13309	0.49522	0.05312	0.02286	0.01117	0.00326	0.04323	0.05425	0.00756	0.00722
14	0.05615	0.00997	0.01089	0.01063	0.01347	0.00931	0.00789	0.01670	0.07613	0.02574	0.12390	0.21239	0.30013	0.01890	0.00931	0.00278	0.00482	0.01618	0.00757	0.06713
