[name]
unknown

[dist]
# distance from previous block
# <min> <max>
1	35

[block]
# block no. 0 follows, 20 sequences, length 14
# corresponding to MSA columns:
# 35-48
name=unknown_A
#
# <colnr> <probs for GDERKNQSTAVLIFYWHMCP>
#	G	D	E	R	K	N	Q	S	T	A	V	L	I	F	Y	W	H	M	C	P
0	0.02160	0.02146	0.02792	0.19240	0.29587	0.11960	0.02152	0.05470	0.02025	0.02582	0.01728	0.02527	0.01506	0.09003	0.01280	0.00331	0.01125	0.00802	0.00458	0.01126
1	0.01163	0.00986	0.01173	0.01164	0.01366	0.00996	0.00882	0.01379	0.01789	0.02265	0.06489	0.17372	0.39191	0.02736	0.08984	0.00447	0.08417	0.01718	0.00720	0.00762
2	0.01107	0.00785	0.01023	0.01170	0.01232	0.00738	0.00778	0.01271	0.01714	0.02309	0.11304	0.54102	0.05743	0.10561	0.01500	0.00404	0.00536	0.02232	0.00794	0.00700
3	0.02185	0.02190	0.03167	0.04529	0.49442	0.09558	0.02376	0.02644	0.01977	0.02670	0.01686	0.02235	0.01443	0.01455	0.08331	0.00386	0.01250	0.00770	0.00438	0.01268
4	0.19794	0.01748	0.02520	0.14905	0.31171	0.01867	0.01978	0.02405	0.01821	0.02941	0.02348	0.02725	0.08384	0.00967	0.00806	0.00271	0.00903	0.00825	0.00494	0.01127
5	0.01754	0.00936	0.00949	0.00903	0.01144	0.00956	0.00689	0.06484	0.02001	0.03422	0.02789	0.03165	0.02179	0.01019	0.00630	0.00208	0.00448	0.00811	0.68652	0.00864
6	0.03288	0.03267	0.02548	0.02122	0.02701	0.33039	0.01671	0.33364	0.03318	0.03882	0.01736	0.01844	0.01311	0.00976	0.00831	0.00244	0.01254	0.00678	0.00669	0.01257
7	0.03291	0.03180	0.02555	0.02110	0.02701	0.29827	0.01670	0.36290	0.03401	0.04053	0.01774	0.01870	0.01329	0.00983	0.00836	0.00246	0.01223	0.00689	0.00691	0.01281
8	0.01050	0.00810	0.00959	0.01079	0.01229	0.00720	0.00749	0.01230	0.01801	0.02280	0.06462	0.43976	0.29501	0.02518	0.01080	0.00330	0.00480	0.02217	0.00810	0.00720
9	0.01750	0.04512	0.64825	0.02486	0.03775	0.02026	0.03223	0.02762	0.01842	0.02762	0.01565	0.01842	0.01105	0.00829	0.00829	0.00276	0.01289	0.00645	0.00368	0.01289
10	0.01867	0.01775	0.03013	0.40661	0.30878	0.01996	0.02532	0.02421	0.01848	0.02495	0.01589	0.02254	0.01257	0.00831	0.00868	0.00277	0.01108	0.00776	0.00407	0.01146
11	0.01886	0.01292	0.01528	0.01367	0.01735	0.01320	0.01057	0.02948	0.22016	0.11641	0.32555	0.05088	0.08917	0.01519	0.00962	0.00282	0.00549	0.01306	0.00943	0.01089
12	0.01246	0.00935	0.01402	0.01402	0.01558	0.01090	0.01090	0.01558	0.01402	0.02025	0.02336	0.03427	0.02181	0.06542	0.65888	0.01402	0.02336	0.00935	0.00467	0.00779
13	0.01647	0.01550	0.02616	0.67248	0.06008	0.01938	0.02422	0.02229	0.01744	0.02229	0.01550	0.02326	0.01163	0.00872	0.00872	0.00291	0.01163	0.00775	0.00388	0.00969

[dist]
# distance from previous block
# <min> <max>
0	22

[block]
# block no. 1 follows, 20 sequences, length 19
# corresponding to MSA columns:
# 71-89
name=unknown_B
#
# <colnr> <probs for GDERKNQSTAVLIFYWHMCP>
#	G	D	E	R	K	N	Q	S	T	A	V	L	I	F	Y	W	H	M	C	P
0	0.01773	0.04370	0.61268	0.02653	0.07265	0.02028	0.03191	0.02757	0.01850	0.02767	0.01570	0.01860	0.01121	0.00826	0.00831	0.00275	0.01274	0.00652	0.00372	0.01295
1	0.02128	0.02256	0.08156	0.05138	0.59375	0.02069	0.02718	0.02683	0.01975	0.02843	0.01635	0.02135	0.01361	0.00781	0.00861	0.00260	0.01055	0.00767	0.00427	0.01375
2	0.02159	0.02073	0.03541	0.05354	0.63903	0.02073	0.02677	0.02677	0.01986	0.02850	0.01641	0.02159	0.01382	0.00777	0.00864	0.00259	0.01036	0.00777	0.00432	0.01382
3	0.02159	0.02073	0.03541	0.05354	0.63903	0.02073	0.02677	0.02677	0.01986	0.02850	0.01641	0.02159	0.01382	0.00777	0.00864	0.00259	0.01036	0.00777	0.00432	0.01382
4	0.02399	0.03145	0.29287	0.02097	0.02974	0.06018	0.02204	0.07901	0.19201	0.12277	0.02427	0.02408	0.01729	0.00986	0.00853	0.00277	0.01033	0.00780	0.00662	0.01341
5	0.01248	0.00926	0.01360	0.01360	0.01501	0.01068	0.01038	0.01531	0.01390	0.01994	0.02375	0.03638	0.02273	0.12366	0.60189	0.01350	0.02198	0.00966	0.00473	0.00756
6	0.01147	0.00824	0.01088	0.01157	0.01284	0.00765	0.00816	0.01427	0.02064	0.02853	0.33704	0.38093	0.06982	0.02265	0.01072	0.00315	0.00459	0.02035	0.00884	0.00765
7	0.03272	0.03759	0.02506	0.02191	0.02699	0.51171	0.01679	0.16848	0.02851	0.02916	0.01522	0.01694	0.01207	0.00933	0.00807	0.00233	0.01431	0.00614	0.00548	0.01121
8	0.07898	0.02750	0.02459	0.02148	0.02462	0.29592	0.05422	0.02698	0.01893	0.02284	0.01449	0.01974	0.01281	0.01871	0.10723	0.00446	0.20547	0.00697	0.00439	0.00967
9	0.01068	0.00784	0.01002	0.01161	0.01255	0.00719	0.00790	0.01244	0.01760	0.02316	0.08658	0.56717	0.14114	0.02605	0.01097	0.00341	0.00492	0.02339	0.00818	0.00719
10	0.01034	0.00870	0.00898	0.00920	0.01188	0.00733	0.00679	0.01248	0.01953	0.02342	0.08391	0.15066	0.57165	0.02267	0.01040	0.00301	0.00449	0.01912	0.00810	0.00733
11	0.01904	0.01306	0.01631	0.07475	0.02006	0.01425	0.01134	0.16821	0.02068	0.02813	0.02182	0.05656	0.02055	0.15013	0.09584	0.19934	0.01016	0.00950	0.04201	0.00826
12	0.08659	0.03835	0.48517	0.02849	0.13801	0.02027	0.02919	0.02730	0.01833	0.02884	0.01546	0.01856	0.01137	0.00818	0.00808	0.00273	0.01189	0.00651	0.00395	0.01273
13	0.02478	0.02771	0.03533	0.04060	0.33153	0.21761	0.13993	0.02949	0.02150	0.02618	0.01575	0.02017	0.01290	0.00806	0.00873	0.00255	0.01289	0.00761	0.00439	0.01226
14	0.02351	0.01989	0.05216	0.01781	0.02299	0.02056	0.01459	0.25355	0.24083	0.04008	0.03160	0.16681	0.02794	0.01443	0.00927	0.00294	0.00785	0.01210	0.00839	0.01272
15	0.07729	0.03102	0.20031	0.03426	0.27025	0.14155	0.02427	0.02972	0.05898	0.02821	0.01656	0.01975	0.01306	0.00843	0.00817	0.00260	0.01159	0.00690	0.00455	0.01253
16	0.01998	0.16293	0.34803	0.02471	0.07061	0.07049	0.06906	0.02689	0.01884	0.02541	0.01798	0.02083	0.03849	0.00900	0.00893	0.00261	0.04223	0.00699	0.00404	0.01194
17	0.02149	0.02050	0.02986	0.13860	0.30052	0.06779	0.05449	0.06215	0.02043	0.02824	0.01686	0.02198	0.01373	0.00898	0.01023	0.00265	0.07132	0.00767	0.06245	0.04005
18	0.02034	0.02051	0.07071	0.12001	0.22107	0.04823	0.02046	0.08111	0.10339	0.02915	0.02053	0.02531	0.01665	0.02034	0.13879	0.00497	0.01302	0.00819	0.00533	0.01190

[dist]
# distance from previous block
# <min> <max>
5	24

[block]
# block no. 2 follows, 20 sequences, length 73
# corresponding to MSA columns:
# 115-187
name=unknown_C
#
# <colnr> <probs for GDERKNQSTAVLIFYWHMCP>
#	G	D	E	R	K	N	Q	S	T	A	V	L	I	F	Y	W	H	M	C	P
0	0.05356	0.02813	0.27177	0.02198	0.06383	0.05985	0.05123	0.05986	0.01993	0.02797	0.02797	0.19250	0.05691	0.01397	0.00910	0.00292	0.01007	0.01199	0.00557	0.01088
1	0.06026	0.21096	0.15337	0.01948	0.02605	0.25326	0.01847	0.02883	0.02002	0.02398	0.01438	0.01707	0.01187	0.00886	0.00836	0.00235	0.05196	0.00578	0.05396	0.01075
2	0.01639	0.01538	0.01365	0.01287	0.01614	0.11029	0.00986	0.07270	0.02304	0.02765	0.13288	0.09866	0.34658	0.01885	0.00993	0.00288	0.00687	0.04898	0.00778	0.00862
3	0.01813	0.02290	0.17360	0.01677	0.02262	0.05321	0.01585	0.05803	0.01815	0.02557	0.01983	0.06676	0.01896	0.14860	0.01804	0.04379	0.05453	0.00867	0.00502	0.19097
4	0.02427	0.02874	0.07441	0.03196	0.12067	0.19062	0.22669	0.06345	0.02178	0.02703	0.01569	0.02018	0.01253	0.00905	0.01143	0.00278	0.09454	0.00799	0.00456	0.01160
5	0.01362	0.00987	0.01224	0.01244	0.01376	0.01029	0.00878	0.04728	0.04355	0.02275	0.03561	0.20766	0.06376	0.25539	0.16130	0.00736	0.01061	0.04982	0.00649	0.00743
6	0.01078	0.00835	0.00938	0.01008	0.01174	0.00743	0.00693	0.01241	0.01768	0.02210	0.06513	0.28876	0.34343	0.12637	0.01580	0.00399	0.00526	0.01975	0.00767	0.00695
7	0.23445	0.01127	0.01073	0.01016	0.01362	0.01124	0.00787	0.01744	0.01956	0.03108	0.20117	0.05833	0.31004	0.01683	0.00883	0.00282	0.00504	0.01365	0.00766	0.00820
8	0.02086	0.02359	0.15142	0.19936	0.03823	0.02021	0.08335	0.09593	0.14410	0.06152	0.02531	0.02753	0.04929	0.01014	0.00892	0.00285	0.01042	0.00883	0.00603	0.01210
9	0.01779	0.01495	0.01595	0.01486	0.01876	0.01632	0.01134	0.05636	0.36476	0.03205	0.04969	0.13783	0.18025	0.01650	0.00954	0.00302	0.00614	0.01400	0.00857	0.01131
10	0.08172	0.01202	0.01341	0.01220	0.01531	0.01236	0.00931	0.08726	0.05778	0.06271	0.16150	0.07510	0.11493	0.05520	0.05198	0.03978	0.00697	0.01196	0.10934	0.00917
11	0.15950	0.01847	0.09667	0.05369	0.02165	0.05238	0.01376	0.05088	0.01998	0.02891	0.04571	0.05289	0.24206	0.01566	0.00901	0.00296	0.00787	0.09210	0.00655	0.00928
12	0.01883	0.02111	0.06950	0.05802	0.20522	0.06077	0.19587	0.02395	0.01978	0.02614	0.02866	0.12297	0.08557	0.01210	0.00960	0.00287	0.01084	0.01185	0.00524	0.01109
13	0.01031	0.00884	0.00884	0.00884	0.01178	0.00736	0.00663	0.01252	0.01988	0.02356	0.08837	0.08395	0.63549	0.02209	0.01031	0.00295	0.00442	0.01841	0.00810	0.00736
14	0.02039	0.01946	0.03259	0.04880	0.57246	0.01931	0.02463	0.02526	0.01986	0.02797	0.02405	0.02821	0.07980	0.00929	0.00881	0.00263	0.00973	0.00890	0.00472	0.01313
15	0.02430	0.02608	0.03210	0.07449	0.44719	0.19199	0.02399	0.02872	0.02105	0.02628	0.01558	0.02009	0.01302	0.00814	0.00843	0.00251	0.01186	0.00719	0.00434	0.01263
16	0.01570	0.00986	0.01320	0.01264	0.01388	0.01060	0.00911	0.06909	0.01547	0.02153	0.02055	0.03275	0.01975	0.12531	0.23218	0.31136	0.01278	0.00886	0.03889	0.00650
17	0.01153	0.00892	0.01059	0.01065	0.01300	0.00797	0.00814	0.01464	0.02161	0.02827	0.29738	0.11603	0.31839	0.02095	0.01054	0.00302	0.00472	0.07723	0.00869	0.00776
18	0.01496	0.01362	0.02489	0.08810	0.02789	0.01464	0.16536	0.01945	0.01606	0.02243	0.02108	0.03037	0.01855	0.04464	0.42504	0.01002	0.01993	0.00942	0.00452	0.00901
19	0.02276	0.02579	0.01864	0.01872	0.05652	0.33485	0.01272	0.02458	0.02033	0.02102	0.02897	0.07534	0.10070	0.18180	0.01750	0.00398	0.01149	0.01032	0.00537	0.00860
20	0.02272	0.02230	0.03093	0.04286	0.45286	0.08823	0.02293	0.05699	0.07790	0.02950	0.02197	0.02531	0.04818	0.00918	0.00867	0.00261	0.01025	0.00831	0.00518	0.01312
21	0.01777	0.01081	0.01324	0.01266	0.01551	0.01011	0.00941	0.07384	0.02179	0.13481	0.10295	0.32709	0.17372	0.02093	0.01025	0.00311	0.00567	0.01827	0.00876	0.00932
22	0.01226	0.00759	0.01057	0.01186	0.01219	0.00726	0.00791	0.01186	0.01478	0.01970	0.03621	0.44951	0.04237	0.02840	0.01940	0.27112	0.00597	0.01859	0.00654	0.00590
23	0.02096	0.02279	0.03432	0.15025	0.07519	0.10600	0.19688	0.02548	0.01818	0.02383	0.01464	0.02092	0.01214	0.01039	0.01546	0.00310	0.22658	0.00820	0.00413	0.01058
24	0.01097	0.00838	0.00965	0.01048	0.01204	0.00756	0.00730	0.01267	0.01761	0.02217	0.06228	0.29792	0.30468	0.12971	0.01605	0.00408	0.00546	0.04636	0.00765	0.00697
25	0.01268	0.00846	0.00951	0.00951	0.00951	0.00846	0.00529	0.01268	0.01268	0.01691	0.02748	0.05708	0.03171	0.69345	0.04440	0.00846	0.00846	0.01268	0.00529	0.00529
26	0.01252	0.00848	0.00947	0.00947	0.00967	0.00838	0.00538	0.01267	0.01317	0.01736	0.03160	0.05890	0.07251	0.64808	0.04209	0.00808	0.00818	0.01307	0.00548	0.00543
27	0.01238	0.00833	0.00960	0.00991	0.00998	0.00825	0.00571	0.01260	0.01329	0.01771	0.03057	0.15151	0.03560	0.59372	0.03942	0.00772	0.00795	0.01450	0.00571	0.00555
28	0.01045	0.00875	0.00894	0.00905	0.01171	0.00741	0.00663	0.01251	0.01933	0.02314	0.08300	0.11397	0.57296	0.05842	0.01218	0.00327	0.00467	0.01843	0.00795	0.00724
29	0.01111	0.00887	0.00994	0.00967	0.01227	0.00770	0.00725	0.01406	0.02176	0.02803	0.30200	0.07660	0.41908	0.02043	0.01030	0.00287	0.00430	0.01738	0.00869	0.00770
30	0.01750	0.04512	0.64825	0.02486	0.03775	0.02026	0.03223	0.02762	0.01842	0.02762	0.01565	0.01842	0.01105	0.00829	0.00829	0.00276	0.01289	0.00645	0.00368	0.01289
31	0.01246	0.00935	0.01402	0.01402	0.01558	0.01090	0.01090	0.01558	0.01402	0.02025	0.02336	0.03427	0.02181	0.06542	0.65888	0.01402	0.02336	0.00935	0.00467	0.00779
32	0.02315	0.01911	0.02034	0.01784	0.02288	0.02180	0.01397	0.14953	0.47709	0.03907	0.03356	0.07079	0.02634	0.01254	0.00899	0.00293	0.00729	0.01041	0.00880	0.01358
33	0.02684	0.03396	0.06257	0.21780	0.03756	0.42824	0.01999	0.03063	0.02216	0.02201	0.01422	0.01815	0.01134	0.00887	0.00815	0.00248	0.01433	0.00631	0.00426	0.01015
34	0.01084	0.00880	0.00961	0.00953	0.01214	0.00757	0.00710	0.01350	0.02095	0.02639	0.22464	0.10772	0.46822	0.02126	0.01034	0.00292	0.00437	0.01804	0.00848	0.00757
35	0.01246	0.00935	0.01402	0.01402	0.01558	0.01090	0.01090	0.01558	0.01402	0.02025	0.02336	0.03427	0.02181	0.06542	0.65888	0.01402	0.02336	0.00935	0.00467	0.00779
36	0.06168	0.04214	0.57454	0.02478	0.03698	0.02032	0.06538	0.02753	0.01833	0.02833	0.01556	0.01847	0.01109	0.00822	0.00824	0.00277	0.01263	0.00657	0.00383	0.01262
37	0.03258	0.04157	0.02472	0.02247	0.02697	0.65843	0.01685	0.03483	0.02472	0.02135	0.01348	0.01573	0.01124	0.00899	0.00787	0.00225	0.01573	0.00562	0.00449	0.01011
38	0.01050	0.00890	0.00910	0.00920	0.01209	0.00750	0.00700	0.01279	0.01989	0.02369	0.08627	0.08466	0.60646	0.02219	0.01040	0.00300	0.00460	0.04629	0.00810	0.00740
39	0.02670	0.02952	0.01874	0.01730	0.02091	0.42413	0.01298	0.02960	0.02240	0.02537	0.01888	0.02178	0.01524	0.00941	0.00723	0.00217	0.01153	0.00652	0.27016	0.00940
40	0.01090	0.00770	0.01004	0.01180	0.01224	0.00726	0.00773	0.01222	0.01618	0.02157	0.04539	0.60547	0.05430	0.11424	0.01547	0.00418	0.00550	0.02322	0.00773	0.00685
41	0.02470	0.02750	0.03123	0.03648	0.28439	0.23337	0.05785	0.02844	0.02030	0.02469	0.01459	0.01930	0.01248	0.00955	0.01222	0.00273	0.13704	0.00719	0.00429	0.01166
42	0.06884	0.01603	0.01674	0.01377	0.01830	0.01707	0.01094	0.26955	0.02730	0.04112	0.02343	0.02729	0.01845	0.05611	0.00978	0.00271	0.00701	0.00793	0.29247	0.05518
43	0.01993	0.02081	0.02153	0.02201	0.08315	0.18259	0.01571	0.02279	0.01724	0.02152	0.01769	0.02511	0.01616	0.03482	0.29686	0.00775	0.15269	0.00788	0.00442	0.00936
44	0.01031	0.00884	0.00884	0.00884	0.01178	0.00736	0.00663	0.01252	0.01988	0.02356	0.08837	0.08395	0.63549	0.02209	0.01031	0.00295	0.00442	0.01841	0.00810	0.00736
45	0.03258	0.04157	0.02472	0.02247	0.02697	0.65843	0.01685	0.03483	0.02472	0.02135	0.01348	0.01573	0.01124	0.00899	0.00787	0.00225	0.01573	0.00562	0.00449	0.01011
46	0.02170	0.01874	0.01972	0.01775	0.02268	0.02170	0.01381	0.04635	0.62327	0.03649	0.03550	0.03254	0.02663	0.01183	0.00888	0.00296	0.00690	0.00986	0.00888	0.01381
47	0.01647	0.01550	0.02616	0.67248	0.06008	0.01938	0.02422	0.02229	0.01744	0.02229	0.01550	0.02326	0.01163	0.00872	0.00872	0.00291	0.01163	0.00775	0.00388	0.00969
48	0.01750	0.04512	0.64825	0.02486	0.03775	0.02026	0.03223	0.02762	0.01842	0.02762	0.01565	0.01842	0.01105	0.00829	0.00829	0.00276	0.01289	0.00645	0.00368	0.01289
49	0.01235	0.00892	0.01166	0.01097	0.01303	0.00823	0.00823	0.01646	0.02469	0.03498	0.63443	0.06516	0.08230	0.01783	0.01029	0.00274	0.00412	0.01578	0.00960	0.00823
50	0.01063	0.00759	0.01012	0.01215	0.01265	0.00709	0.00810	0.01215	0.01670	0.02227	0.04808	0.68775	0.05769	0.02733	0.01113	0.00354	0.00506	0.02480	0.00810	0.00709
51	0.03264	0.03991	0.02486	0.02224	0.02697	0.59700	0.01683	0.09078	0.02630	0.02462	0.01421	0.01624	0.01159	0.00913	0.00795	0.00228	0.01513	0.00584	0.00491	0.01057
52	0.03258	0.04157	0.02472	0.02247	0.02697	0.65843	0.01685	0.03483	0.02472	0.02135	0.01348	0.01573	0.01124	0.00899	0.00787	0.00225	0.01573	0.00562	0.00449	0.01011
53	0.03258	0.04157	0.02472	0.02247	0.02697	0.65843	0.01685	0.03483	0.02472	0.02135	0.01348	0.01573	0.01124	0.00899	0.00787	0.00225	0.01573	0.00562	0.00449	0.01011
54	0.03265	0.03947	0.02490	0.02218	0.02698	0.58105	0.01682	0.10532	0.02672	0.02547	0.01440	0.01637	0.01168	0.00917	0.00797	0.00229	0.01498	0.00589	0.00501	0.01069
55	0.01268	0.00846	0.00951	0.00951	0.00951	0.00846	0.00529	0.01268	0.01268	0.01691	0.02748	0.05708	0.03171	0.69345	0.04440	0.00846	0.00846	0.01268	0.00529	0.00529
56	0.75506	0.01687	0.01282	0.01147	0.01687	0.01957	0.00945	0.02564	0.01484	0.03914	0.01215	0.01417	0.00945	0.00810	0.00540	0.00270	0.00675	0.00472	0.00540	0.00945
57	0.01357	0.01020	0.01271	0.01186	0.01429	0.00999	0.00896	0.02036	0.10279	0.03518	0.55629	0.06090	0.07504	0.01705	0.01010	0.00277	0.00448	0.01500	0.00951	0.00896
58	0.01222	0.00891	0.01148	0.01084	0.01295	0.00818	0.00813	0.01621	0.02439	0.03426	0.60008	0.06634	0.11710	0.01810	0.01029	0.00276	0.00413	0.01594	0.00951	0.00818
59	0.01031	0.00884	0.00884	0.00884	0.01178	0.00736	0.00663	0.01252	0.01988	0.02356	0.08837	0.08395	0.63549	0.02209	0.01031	0.00295	0.00442	0.01841	0.00810	0.00736
60	0.01106	0.00879	0.00993	0.00981	0.01229	0.00766	0.00730	0.01392	0.02142	0.02760	0.28262	0.11442	0.40055	0.02088	0.01035	0.00291	0.00435	0.01785	0.00864	0.00766
61	0.02332	0.69869	0.04571	0.01493	0.02239	0.03451	0.01493	0.02612	0.01772	0.02052	0.01213	0.01399	0.01119	0.00746	0.00560	0.00187	0.00933	0.00466	0.00373	0.01119
62	0.01246	0.00935	0.01402	0.01402	0.01558	0.01090	0.01090	0.01558	0.01402	0.02025	0.02336	0.03427	0.02181	0.06542	0.65888	0.01402	0.02336	0.00935	0.00467	0.00779
63	0.01246	0.00935	0.01402	0.01402	0.01558	0.01090	0.01090	0.01558	0.01402	0.02025	0.02336	0.03427	0.02181	0.06542	0.65888	0.01402	0.02336	0.00935	0.00467	0.00779
64	0.01063	0.00759	0.01012	0.01215	0.01265	0.00709	0.00810	0.01215	0.01670	0.02227	0.04808	0.68775	0.05769	0.02733	0.01113	0.00354	0.00506	0.02480	0.00810	0.00709
65	0.01809	0.01550	0.01809	0.01292	0.02067	0.01163	0.01034	0.02196	0.01809	0.02842	0.01550	0.01809	0.01292	0.00646	0.00646	0.00129	0.00646	0.00517	0.00517	0.74677
66	0.03258	0.04157	0.02472	0.02247	0.02697	0.65843	0.01685	0.03483	0.02472	0.02135	0.01348	0.01573	0.01124	0.00899	0.00787	0.00225	0.01573	0.00562	0.00449	0.01011
67	0.02602	0.01281	0.01505	0.01287	0.01727	0.01264	0.01020	0.03397	0.14248	0.26545	0.03213	0.03145	0.02293	0.01074	0.00767	0.00247	0.00591	0.00872	0.31742	0.01182
68	0.02504	0.01965	0.02105	0.01808	0.02354	0.02224	0.01431	0.15946	0.47050	0.07651	0.03251	0.03004	0.02396	0.01150	0.00884	0.00287	0.00748	0.00939	0.00896	0.01408
69	0.01210	0.00955	0.01099	0.01051	0.01315	0.00877	0.00792	0.01679	0.06307	0.03017	0.35915	0.07103	0.31642	0.01926	0.01020	0.00284	0.00443	0.01651	0.00891	0.00823
70	0.02159	0.02073	0.03541	0.05354	0.63903	0.02073	0.02677	0.02677	0.01986	0.02850	0.01641	0.02159	0.01382	0.00777	0.00864	0.00259	0.01036	0.00777	0.00432	0.01382
71	0.02210	0.02169	0.03491	0.05211	0.61084	0.05009	0.02631	0.02714	0.02009	0.02817	0.01627	0.02132	0.01370	0.00783	0.00860	0.00257	0.01061	0.00767	0.00433	0.01365
72	0.02159	0.02073	0.03541	0.05354	0.63903	0.02073	0.02677	0.02677	0.01986	0.02850	0.01641	0.02159	0.01382	0.00777	0.00864	0.00259	0.01036	0.00777	0.00432	0.01382

[dist]
# distance from previous block
# <min> <max>
3	16

[block]
# block no. 3 follows, 20 sequences, length 45
# corresponding to MSA columns:
# 204-248
name=unknown_D
#
# <colnr> <probs for GDERKNQSTAVLIFYWHMCP>
#	G	D	E	R	K	N	Q	S	T	A	V	L	I	F	Y	W	H	M	C	P
0	0.01932	0.10636	0.17846	0.01752	0.02337	0.07813	0.01698	0.09500	0.02091	0.02792	0.02540	0.18863	0.02501	0.01843	0.06529	0.00371	0.01065	0.01131	0.05718	0.01043
1	0.02934	0.11233	0.07895	0.02049	0.02665	0.29271	0.01739	0.22045	0.02831	0.03283	0.01764	0.05039	0.01467	0.01013	0.00807	0.00243	0.01221	0.00725	0.00590	0.01187
2	0.02409	0.15293	0.02685	0.02186	0.10600	0.14424	0.01553	0.12249	0.02371	0.05561	0.07174	0.08860	0.02398	0.01629	0.06502	0.00350	0.01105	0.00927	0.00609	0.01116
3	0.01632	0.01423	0.01988	0.02498	0.20593	0.01435	0.01476	0.06728	0.02054	0.02720	0.04756	0.13593	0.24821	0.01918	0.04262	0.00348	0.04683	0.01408	0.00658	0.01007
4	0.02982	0.03633	0.02741	0.03028	0.18086	0.49809	0.01935	0.03280	0.02350	0.02315	0.01422	0.01720	0.01188	0.00868	0.00806	0.00233	0.01438	0.00616	0.00445	0.01104
5	0.02344	0.35652	0.19129	0.01893	0.02712	0.11478	0.01952	0.05650	0.07042	0.02535	0.01556	0.01721	0.01262	0.00838	0.00700	0.00227	0.01091	0.00582	0.00448	0.01186
6	0.03160	0.03283	0.02444	0.02075	0.02617	0.36681	0.01618	0.26691	0.03106	0.03511	0.02059	0.02156	0.04674	0.01030	0.00835	0.00244	0.01263	0.00722	0.00641	0.01188
7	0.02008	0.24725	0.16651	0.01703	0.02368	0.04859	0.01724	0.07253	0.01931	0.02608	0.01781	0.02201	0.01495	0.02146	0.15593	0.00494	0.01312	0.00676	0.07395	0.01076
8	0.01878	0.06115	0.18261	0.03019	0.24546	0.01853	0.02158	0.07198	0.02115	0.02881	0.03446	0.03600	0.16940	0.01171	0.00881	0.00269	0.00938	0.00995	0.00544	0.01190
9	0.01031	0.00884	0.00884	0.00884	0.01178	0.00736	0.00663	0.01252	0.01988	0.02356	0.08837	0.08395	0.63549	0.02209	0.01031	0.00295	0.00442	0.01841	0.00810	0.00736
10	0.02332	0.69869	0.04571	0.01493	0.02239	0.03451	0.01493	0.02612	0.01772	0.02052	0.01213	0.01399	0.01119	0.00746	0.00560	0.00187	0.00933	0.00466	0.00373	0.01119
11	0.01063	0.00759	0.01012	0.01215	0.01265	0.00709	0.00810	0.01215	0.01670	0.02227	0.04808	0.68775	0.05769	0.02733	0.01113	0.00354	0.00506	0.02480	0.00810	0.00709
12	0.01246	0.00935	0.01402	0.01402	0.01558	0.01090	0.01090	0.01558	0.01402	0.02025	0.02336	0.03427	0.02181	0.06542	0.65888	0.01402	0.02336	0.00935	0.00467	0.00779
13	0.02332	0.69869	0.04571	0.01493	0.02239	0.03451	0.01493	0.02612	0.01772	0.02052	0.01213	0.01399	0.01119	0.00746	0.00560	0.00187	0.00933	0.00466	0.00373	0.01119
14	0.01080	0.00766	0.01007	0.01193	0.01239	0.00720	0.00786	0.01219	0.01637	0.02182	0.04636	0.63518	0.05553	0.08286	0.01391	0.00395	0.00534	0.02379	0.00786	0.00693
15	0.01223	0.00891	0.01150	0.01085	0.01296	0.00818	0.00814	0.01623	0.02441	0.03432	0.60267	0.06625	0.11448	0.01808	0.01029	0.00276	0.00413	0.01593	0.00951	0.00818
16	0.03258	0.04157	0.02472	0.02247	0.02697	0.65843	0.01685	0.03483	0.02472	0.02135	0.01348	0.01573	0.01124	0.00899	0.00787	0.00225	0.01573	0.00562	0.00449	0.01011
17	0.01031	0.00884	0.00884	0.00884	0.01178	0.00736	0.00663	0.01252	0.01988	0.02356	0.08837	0.08395	0.63549	0.02209	0.01031	0.00295	0.00442	0.01841	0.00810	0.00736
18	0.02309	0.02357	0.03395	0.04929	0.55538	0.10788	0.02542	0.02787	0.02053	0.02752	0.01601	0.02079	0.01346	0.00794	0.00853	0.00254	0.01110	0.00748	0.00434	0.01331
19	0.02038	0.02280	0.04866	0.08039	0.08803	0.02179	0.52784	0.02748	0.02033	0.02760	0.01742	0.02338	0.01317	0.00747	0.01007	0.00291	0.01420	0.00995	0.00437	0.01177
20	0.01792	0.04217	0.56669	0.02649	0.03882	0.02050	0.11083	0.02767	0.01871	0.02767	0.01593	0.01912	0.01135	0.00816	0.00856	0.00279	0.01314	0.00697	0.00378	0.01274
21	0.02107	0.02116	0.03897	0.08121	0.45997	0.02099	0.17264	0.02683	0.01992	0.02804	0.01667	0.02216	0.01356	0.00772	0.00906	0.00270	0.01152	0.00841	0.00432	0.01309
22	0.02159	0.02073	0.03541	0.05354	0.63903	0.02073	0.02677	0.02677	0.01986	0.02850	0.01641	0.02159	0.01382	0.00777	0.00864	0.00259	0.01036	0.00777	0.00432	0.01382
23	0.01031	0.00884	0.00884	0.00884	0.01178	0.00736	0.00663	0.01252	0.01988	0.02356	0.08837	0.08395	0.63549	0.02209	0.01031	0.00295	0.00442	0.01841	0.00810	0.00736
24	0.02309	0.02357	0.03395	0.04929	0.55538	0.10788	0.02542	0.02787	0.02053	0.02752	0.01601	0.02079	0.01346	0.00794	0.00853	0.00254	0.01110	0.00748	0.00434	0.01331
25	0.01120	0.00783	0.00995	0.01141	0.01178	0.00747	0.00731	0.01230	0.01558	0.02077	0.04233	0.51182	0.05044	0.21315	0.02041	0.00491	0.00601	0.02142	0.00731	0.00658
26	0.01076	0.00885	0.00946	0.00931	0.01206	0.00756	0.00698	0.01340	0.02095	0.02610	0.20988	0.07977	0.51240	0.02114	0.01030	0.00290	0.00435	0.01782	0.00843	0.00756
27	0.01063	0.00759	0.01012	0.01215	0.01265	0.00709	0.00810	0.01215	0.01670	0.02227	0.04808	0.68775	0.05769	0.02733	0.01113	0.00354	0.00506	0.02480	0.00810	0.00709
28	0.01060	0.00885	0.00924	0.00914	0.01196	0.00749	0.00686	0.01309	0.02058	0.02521	0.16717	0.08124	0.55566	0.02148	0.01031	0.00292	0.00437	0.01803	0.00832	0.00749
29	0.02332	0.69869	0.04571	0.01493	0.02239	0.03451	0.01493	0.02612	0.01772	0.02052	0.01213	0.01399	0.01119	0.00746	0.00560	0.00187	0.00933	0.00466	0.00373	0.01119
30	0.02446	0.02761	0.03723	0.03942	0.28039	0.20562	0.20154	0.02946	0.02149	0.02626	0.01594	0.02049	0.01289	0.00800	0.00892	0.00260	0.01324	0.00792	0.00440	0.01212
31	0.02159	0.02073	0.03541	0.05354	0.63903	0.02073	0.02677	0.02677	0.01986	0.02850	0.01641	0.02159	0.01382	0.00777	0.00864	0.00259	0.01036	0.00777	0.00432	0.01382
32	0.01490	0.00758	0.01129	0.01141	0.01144	0.00755	0.00761	0.01141	0.01166	0.01555	0.01701	0.06384	0.01755	0.03014	0.03280	0.70429	0.00743	0.00855	0.00403	0.00397
33	0.02159	0.02073	0.03541	0.05354	0.63903	0.02073	0.02677	0.02677	0.01986	0.02850	0.01641	0.02159	0.01382	0.00777	0.00864	0.00259	0.01036	0.00777	0.00432	0.01382
34	0.02490	0.02251	0.03081	0.11326	0.03445	0.10442	0.16573	0.07992	0.10298	0.10592	0.02072	0.02363	0.01549	0.01014	0.01179	0.00291	0.10400	0.00852	0.00603	0.01187
35	0.02002	0.01091	0.01357	0.01246	0.01631	0.00962	0.01009	0.02310	0.02188	0.21517	0.10923	0.06857	0.28839	0.01867	0.01017	0.00306	0.00601	0.12387	0.00904	0.00985
36	0.01063	0.00759	0.01012	0.01215	0.01265	0.00709	0.00810	0.01215	0.01670	0.02227	0.04808	0.68775	0.05769	0.02733	0.01113	0.00354	0.00506	0.02480	0.00810	0.00709
37	0.19335	0.03608	0.02207	0.02002	0.02472	0.51627	0.01521	0.03279	0.02252	0.02531	0.01319	0.01538	0.01084	0.00879	0.00732	0.00235	0.01373	0.00542	0.00470	0.00996
38	0.01037	0.00861	0.00907	0.00944	0.01194	0.00731	0.00689	0.01245	0.01930	0.02333	0.08105	0.19365	0.53052	0.02304	0.01046	0.00305	0.00453	0.01957	0.00810	0.00731
39	0.38113	0.02342	0.13101	0.02511	0.17784	0.02060	0.01839	0.07498	0.01891	0.03576	0.01457	0.01734	0.01128	0.00825	0.00700	0.00268	0.00897	0.00605	0.00510	0.01160
40	0.02324	0.02438	0.02677	0.03097	0.24464	0.17927	0.01877	0.02798	0.04811	0.02643	0.01591	0.01951	0.01333	0.00855	0.00955	0.00229	0.06615	0.00664	0.00475	0.20274
41	0.01303	0.01055	0.01178	0.01118	0.01412	0.01014	0.00847	0.01980	0.12429	0.03019	0.29133	0.06792	0.31730	0.01870	0.01006	0.00287	0.00472	0.01593	0.00881	0.00880
42	0.02014	0.21918	0.32750	0.02221	0.03094	0.05267	0.04907	0.02643	0.01775	0.02432	0.01398	0.01741	0.01126	0.00921	0.01099	0.00268	0.12250	0.00628	0.00378	0.01170
43	0.02374	0.48119	0.03770	0.05252	0.02413	0.07405	0.01488	0.08466	0.02033	0.02453	0.01479	0.01828	0.01310	0.04168	0.00817	0.00236	0.00965	0.00578	0.03749	0.01097
44	0.02898	0.01500	0.01938	0.01477	0.02123	0.01295	0.01205	0.03249	0.02182	0.35494	0.05904	0.02686	0.02121	0.00989	0.00918	0.00226	0.04587	0.00780	0.00831	0.27598

[dist]
# distance from previous block
# <min> <max>
0	1

[block]
# block no. 4 follows, 20 sequences, length 33
# corresponding to MSA columns:
# 250-282
name=unknown_E
#
# <colnr> <probs for GDERKNQSTAVLIFYWHMCP>
#	G	D	E	R	K	N	Q	S	T	A	V	L	I	F	Y	W	H	M	C	P
0	0.02607	0.26797	0.03273	0.01975	0.02437	0.24449	0.01669	0.06483	0.02052	0.02310	0.01298	0.01626	0.01150	0.01006	0.01214	0.00252	0.17312	0.00591	0.00433	0.01066
1	0.01235	0.00892	0.01166	0.01097	0.01303	0.00823	0.00823	0.01646	0.02469	0.03498	0.63443	0.06516	0.08230	0.01783	0.01029	0.00274	0.00412	0.01578	0.00960	0.00823
2	0.01984	0.02158	0.04185	0.07255	0.03915	0.02340	0.37979	0.02533	0.01805	0.02533	0.01550	0.02207	0.01256	0.01000	0.01613	0.00322	0.22928	0.00927	0.00419	0.01091
3	0.01780	0.01616	0.01725	0.01580	0.01726	0.09849	0.01183	0.05587	0.01655	0.02164	0.02088	0.03549	0.02118	0.25218	0.20255	0.00787	0.14867	0.00953	0.00494	0.00806
4	0.01063	0.00759	0.01012	0.01215	0.01265	0.00709	0.00810	0.01215	0.01670	0.02227	0.04808	0.68775	0.05769	0.02733	0.01113	0.00354	0.00506	0.02480	0.00810	0.00709
5	0.01246	0.00935	0.01402	0.01402	0.01558	0.01090	0.01090	0.01558	0.01402	0.02025	0.02336	0.03427	0.02181	0.06542	0.65888	0.01402	0.02336	0.00935	0.00467	0.00779
6	0.01058	0.00776	0.00995	0.01170	0.01253	0.00712	0.00790	0.01220	0.01713	0.02244	0.05354	0.60588	0.13604	0.02662	0.01102	0.00346	0.00497	0.02393	0.00810	0.00712
7	0.02059	0.02353	0.05147	0.03676	0.04559	0.02206	0.60735	0.02794	0.02059	0.02794	0.01765	0.02353	0.01324	0.00735	0.01029	0.00294	0.01471	0.01029	0.00441	0.01176
8	0.02332	0.69869	0.04571	0.01493	0.02239	0.03451	0.01493	0.02612	0.01772	0.02052	0.01213	0.01399	0.01119	0.00746	0.00560	0.00187	0.00933	0.00466	0.00373	0.01119
9	0.02362	0.01970	0.02081	0.01814	0.02342	0.02260	0.01427	0.14113	0.52536	0.03960	0.03305	0.03059	0.02464	0.01161	0.00885	0.00290	0.00736	0.00952	0.00885	0.01398
10	0.01235	0.00892	0.01166	0.01097	0.01303	0.00823	0.00823	0.01646	0.02469	0.03498	0.63443	0.06516	0.08230	0.01783	0.01029	0.00274	0.00412	0.01578	0.00960	0.00823
11	0.01060	0.00769	0.01002	0.01188	0.01258	0.00711	0.00798	0.01218	0.01695	0.02237	0.05127	0.63987	0.10351	0.02691	0.01107	0.00350	0.00501	0.02429	0.00810	0.00711
12	0.01031	0.00884	0.00884	0.00884	0.01178	0.00736	0.00663	0.01252	0.01988	0.02356	0.08837	0.08395	0.63549	0.02209	0.01031	0.00295	0.00442	0.01841	0.00810	0.00736
13	0.02059	0.02353	0.05147	0.03676	0.04559	0.02206	0.60735	0.02794	0.02059	0.02794	0.01765	0.02353	0.01324	0.00735	0.01029	0.00294	0.01471	0.01029	0.00441	0.01176
14	0.01342	0.01076	0.01586	0.01531	0.01664	0.01320	0.01209	0.01636	0.01392	0.02036	0.02164	0.03206	0.02030	0.05814	0.56739	0.01254	0.11832	0.00910	0.00455	0.00804
15	0.01139	0.00796	0.01006	0.01125	0.01172	0.00759	0.00725	0.01265	0.01611	0.02164	0.08829	0.44589	0.05171	0.22988	0.02122	0.00498	0.00602	0.02039	0.00736	0.00663
16	0.02059	0.02353	0.05147	0.03676	0.04559	0.02206	0.60735	0.02794	0.02059	0.02794	0.01765	0.02353	0.01324	0.00735	0.01029	0.00294	0.01471	0.01029	0.00441	0.01176
17	0.01268	0.00846	0.00951	0.00951	0.00951	0.00846	0.00529	0.01268	0.01268	0.01691	0.02748	0.05708	0.03171	0.69345	0.04440	0.00846	0.00846	0.01268	0.00529	0.00529
18	0.02900	0.01703	0.02010	0.01658	0.02177	0.01740	0.01318	0.27799	0.02966	0.22639	0.03226	0.20071	0.02828	0.01505	0.00938	0.00289	0.00773	0.01263	0.00919	0.01278
19	0.01611	0.01057	0.01501	0.23833	0.02765	0.01191	0.01266	0.01919	0.01660	0.02548	0.02129	0.02811	0.01719	0.01373	0.01266	0.15262	0.00739	0.00789	0.33782	0.00779
20	0.01031	0.00884	0.00884	0.00884	0.01178	0.00736	0.00663	0.01252	0.01988	0.02356	0.08837	0.08395	0.63549	0.02209	0.01031	0.00295	0.00442	0.01841	0.00810	0.00736
21	0.01240	0.00834	0.00960	0.00988	0.00995	0.00827	0.00567	0.01261	0.01324	0.01765	0.03033	0.14435	0.03531	0.60127	0.03979	0.00778	0.00799	0.01436	0.00567	0.00553
22	0.02238	0.02264	0.03598	0.04957	0.53737	0.07182	0.07757	0.02752	0.02031	0.02788	0.01628	0.02129	0.01356	0.00783	0.00872	0.00259	0.01118	0.00782	0.00434	0.01334
23	0.09218	0.04046	0.21397	0.02222	0.02936	0.40688	0.02089	0.03182	0.02192	0.02484	0.01403	0.01641	0.01102	0.00870	0.00777	0.00244	0.01407	0.00579	0.00433	0.01090
24	0.06268	0.14159	0.22051	0.02920	0.19029	0.02330	0.02348	0.02543	0.01748	0.02596	0.01477	0.01913	0.01229	0.01181	0.04201	0.00326	0.11418	0.00672	0.00403	0.01189
25	0.01175	0.00852	0.00982	0.01010	0.01109	0.00819	0.00653	0.01282	0.01527	0.01972	0.04614	0.14946	0.19479	0.36715	0.08535	0.00681	0.00824	0.01558	0.00637	0.00631
26	0.01332	0.00949	0.01123	0.01166	0.01276	0.00936	0.00775	0.06549	0.01771	0.02340	0.04168	0.35959	0.09098	0.25846	0.02249	0.00513	0.00660	0.01854	0.00717	0.00717
27	0.02451	0.02626	0.03257	0.04529	0.47647	0.19010	0.02414	0.02891	0.02115	0.02660	0.01563	0.02003	0.01313	0.00810	0.00843	0.00250	0.01179	0.00720	0.00436	0.01283
28	0.02313	0.02552	0.07873	0.03329	0.26858	0.12758	0.02097	0.03513	0.23444	0.03006	0.02263	0.02423	0.01770	0.00946	0.00856	0.00268	0.01024	0.00804	0.00591	0.01312
29	0.02479	0.01840	0.02025	0.01679	0.02180	0.01959	0.01330	0.38032	0.03197	0.04276	0.03315	0.19949	0.07552	0.01561	0.00938	0.00283	0.00786	0.01299	0.00835	0.04485
30	0.07065	0.02152	0.01993	0.01737	0.02170	0.13461	0.01351	0.19103	0.13692	0.03406	0.02282	0.02764	0.01895	0.08210	0.14286	0.00544	0.01270	0.00836	0.00666	0.01118
31	0.02670	0.13358	0.21793	0.02216	0.02963	0.37732	0.02128	0.03143	0.02183	0.02315	0.01396	0.01631	0.01117	0.00856	0.00768	0.00235	0.01398	0.00574	0.00414	0.01111
32	0.02023	0.12201	0.02289	0.10526	0.02557	0.04903	0.01351	0.13501	0.02319	0.02989	0.03530	0.03611	0.17812	0.01198	0.00817	0.00235	0.00813	0.00951	0.00621	0.15756

[dist]
# distance from previous block
# <min> <max>
0	2

[block]
# block no. 5 follows, 20 sequences, length 7
# corresponding to MSA columns:
# 285-291
name=unknown_F
#
# <colnr> <probs for GDERKNQSTAVLIFYWHMCP>
#	G	D	E	R	K	N	Q	S	T	A	V	L	I	F	Y	W	H	M	C	P
0	0.02212	0.28632	0.03334	0.02126	0.08486	0.14938	0.07059	0.02559	0.02067	0.02428	0.09859	0.02898	0.07924	0.01046	0.00782	0.00233	0.01009	0.00838	0.00515	0.01056
1	0.25267	0.01826	0.02267	0.07729	0.18922	0.02019	0.01686	0.12243	0.05333	0.03519	0.01760	0.02137	0.01407	0.01543	0.08451	0.00402	0.01055	0.00712	0.00564	0.01157
2	0.10233	0.02296	0.07697	0.06582	0.31931	0.06362	0.02167	0.03134	0.15182	0.03058	0.01983	0.02261	0.01565	0.00887	0.00826	0.00269	0.00983	0.00764	0.00538	0.01282
3	0.01977	0.37346	0.03379	0.06947	0.02385	0.02692	0.01531	0.02270	0.01760	0.02244	0.08007	0.02620	0.06499	0.01141	0.01173	0.00255	0.15525	0.00770	0.00467	0.01013
4	0.02267	0.08892	0.07685	0.01950	0.02538	0.15997	0.05983	0.07306	0.04816	0.02852	0.08897	0.02414	0.02106	0.01010	0.01007	0.00240	0.07688	0.00762	0.00554	0.15034
5	0.01946	0.08559	0.09428	0.01527	0.02142	0.01550	0.01388	0.06211	0.01935	0.08485	0.02446	0.05317	0.05109	0.02328	0.16392	0.00498	0.01170	0.00829	0.00577	0.22163
6	0.01446	0.07404	0.14665	0.01710	0.02254	0.01455	0.08008	0.01902	0.01790	0.02377	0.04161	0.10423	0.20082	0.02649	0.15192	0.00531	0.01188	0.01259	0.00569	0.00934

[dist]
# distance from previous block
# <min> <max>
31	91

[block]
# block no. 6 follows, 20 sequences, length 12
# corresponding to MSA columns:
# 399-410
name=unknown_G
#
# <colnr> <probs for GDERKNQSTAVLIFYWHMCP>
#	G	D	E	R	K	N	Q	S	T	A	V	L	I	F	Y	W	H	M	C	P
0	0.07771	0.02467	0.11871	0.02997	0.09908	0.06139	0.29565	0.02582	0.01994	0.02778	0.02676	0.03011	0.10248	0.00982	0.00930	0.00282	0.01195	0.00993	0.00492	0.01120
1	0.01981	0.02342	0.14252	0.01971	0.06436	0.06740	0.01708	0.10375	0.09901	0.03104	0.03689	0.04176	0.14903	0.01326	0.00901	0.00273	0.00891	0.06301	0.00660	0.08070
2	0.01855	0.02455	0.20848	0.09261	0.07075	0.01787	0.04091	0.02971	0.17440	0.05826	0.03526	0.03567	0.13185	0.01186	0.00898	0.00285	0.00928	0.01002	0.00627	0.01187
3	0.02716	0.02422	0.02327	0.02242	0.08927	0.15820	0.01597	0.15348	0.23641	0.08364	0.02830	0.02771	0.04887	0.01093	0.00866	0.00268	0.00963	0.00865	0.00753	0.01299
4	0.14145	0.01368	0.01388	0.01347	0.01593	0.05520	0.01013	0.05146	0.01951	0.02872	0.11883	0.27280	0.11854	0.01891	0.01103	0.00310	0.06187	0.01567	0.00728	0.00852
5	0.02002	0.06778	0.11760	0.15482	0.36173	0.02183	0.02564	0.02557	0.01855	0.02612	0.01545	0.02074	0.01268	0.00861	0.01006	0.00272	0.06620	0.00737	0.00407	0.01243
6	0.08614	0.26943	0.03316	0.17540	0.11073	0.10429	0.01850	0.06284	0.02000	0.02582	0.01419	0.01781	0.01172	0.00823	0.00718	0.00237	0.01059	0.00611	0.00439	0.01112
7	0.08418	0.08111	0.02539	0.02565	0.17146	0.16522	0.01644	0.10533	0.02243	0.02926	0.06437	0.02306	0.01840	0.01247	0.01176	0.10992	0.01020	0.00738	0.00534	0.01064
8	0.01907	0.01972	0.02474	0.02254	0.07457	0.10953	0.09489	0.02232	0.01851	0.02424	0.02827	0.11457	0.09834	0.01377	0.01348	0.00284	0.16058	0.01096	0.00535	0.12174
9	0.01391	0.01239	0.01220	0.01178	0.01454	0.06296	0.00879	0.01878	0.07785	0.02819	0.25144	0.11928	0.29727	0.01911	0.01004	0.00287	0.00554	0.01624	0.00836	0.00845
10	0.02276	0.02021	0.02782	0.07794	0.03045	0.10911	0.17742	0.02979	0.09069	0.11823	0.14242	0.03490	0.05589	0.01136	0.00943	0.00277	0.01017	0.01053	0.00697	0.01116
11	0.26930	0.02782	0.19894	0.02258	0.11348	0.10091	0.01917	0.02683	0.01851	0.03145	0.04321	0.02003	0.01482	0.00878	0.00727	0.00261	0.00991	0.00647	0.04690	0.01102

[dist]
# distance from previous block
# <min> <max>
30	91

[block]
# block no. 7 follows, 20 sequences, length 112
# corresponding to MSA columns:
# 507-552,554-619
name=unknown_H
#
# <colnr> <probs for GDERKNQSTAVLIFYWHMCP>
#	G	D	E	R	K	N	Q	S	T	A	V	L	I	F	Y	W	H	M	C	P
0	0.02374	0.15173	0.06262	0.02186	0.09392	0.17572	0.01662	0.10480	0.02214	0.02738	0.01761	0.02170	0.01481	0.02016	0.13872	0.00465	0.01374	0.00694	0.05017	0.01095
1	0.22174	0.01791	0.02247	0.08470	0.25897	0.05109	0.01719	0.02362	0.01853	0.02953	0.02950	0.03194	0.13754	0.01089	0.00805	0.00270	0.00856	0.00896	0.00535	0.01076
2	0.02509	0.02370	0.02573	0.10014	0.17886	0.15532	0.01904	0.16270	0.06326	0.03291	0.02113	0.02827	0.01765	0.01055	0.00868	0.00268	0.01071	0.05688	0.04467	0.01201
3	0.16585	0.02551	0.02220	0.02187	0.09517	0.21610	0.01535	0.13542	0.05952	0.06520	0.07775	0.02355	0.02018	0.01006	0.00798	0.00255	0.01024	0.00750	0.00648	0.01154
4	0.01791	0.04249	0.57927	0.02725	0.07509	0.02038	0.06210	0.02759	0.01862	0.02769	0.01580	0.01888	0.01133	0.00821	0.00841	0.00276	0.01283	0.00673	0.00376	0.01289
5	0.03116	0.03787	0.02408	0.02170	0.02625	0.55624	0.01641	0.07000	0.05956	0.02423	0.01561	0.01778	0.01278	0.01159	0.03507	0.00280	0.01517	0.00615	0.00501	0.01052
6	0.02300	0.01483	0.02232	0.02762	0.23166	0.01405	0.01685	0.02702	0.02158	0.19781	0.07020	0.04942	0.10419	0.01422	0.00966	0.00296	0.00800	0.12516	0.00761	0.01183
7	0.01149	0.00870	0.01069	0.01129	0.01322	0.00791	0.00848	0.01431	0.02047	0.02685	0.22881	0.23603	0.24804	0.02249	0.01075	0.00319	0.00499	0.09612	0.00852	0.00763
8	0.01786	0.02655	0.23781	0.32796	0.17054	0.01995	0.02744	0.02500	0.01826	0.02535	0.01574	0.02128	0.01188	0.00838	0.00856	0.00279	0.01180	0.00732	0.00390	0.01161
9	0.02282	0.64230	0.09770	0.01578	0.02371	0.03328	0.01642	0.02625	0.01778	0.02114	0.01243	0.01437	0.01118	0.00753	0.00583	0.00194	0.00964	0.00482	0.00373	0.01134
10	0.02124	0.02283	0.08828	0.05107	0.58716	0.02069	0.02724	0.02684	0.01974	0.02842	0.01634	0.02132	0.01358	0.00782	0.00861	0.00261	0.01058	0.00766	0.00426	0.01374
11	0.01070	0.00809	0.00964	0.01080	0.01209	0.00730	0.00736	0.01232	0.01743	0.02224	0.05989	0.42974	0.25028	0.08303	0.01373	0.00377	0.00514	0.02160	0.00786	0.00702
12	0.01881	0.01848	0.02553	0.24842	0.21132	0.09269	0.02066	0.02332	0.01811	0.02344	0.01755	0.02473	0.01483	0.02308	0.17603	0.00560	0.01477	0.00792	0.00428	0.01044
13	0.02329	0.01586	0.05327	0.01615	0.02109	0.01457	0.01389	0.03336	0.19888	0.20634	0.04237	0.05322	0.09462	0.01556	0.00978	0.00314	0.00742	0.15647	0.00883	0.01189
14	0.02171	0.06342	0.02789	0.02190	0.02514	0.12225	0.08685	0.08276	0.01920	0.02513	0.01594	0.02206	0.01407	0.02260	0.14821	0.00530	0.25290	0.00783	0.00466	0.01018
15	0.01220	0.00859	0.01133	0.01294	0.01385	0.00836	0.00954	0.01425	0.01704	0.02249	0.04332	0.36273	0.04996	0.15963	0.01810	0.00469	0.00674	0.20969	0.00751	0.00704
16	0.02980	0.03473	0.02760	0.03027	0.18460	0.43972	0.01938	0.08238	0.02487	0.02609	0.01488	0.01769	0.01221	0.00880	0.00814	0.00237	0.01382	0.00637	0.00481	0.01147
17	0.02036	0.01976	0.03407	0.17551	0.45140	0.02087	0.06223	0.02562	0.01906	0.02680	0.01603	0.02191	0.01321	0.00835	0.00985	0.00274	0.04748	0.00792	0.00421	0.01262
18	0.01472	0.00778	0.01067	0.01091	0.01147	0.00780	0.00749	0.01353	0.01357	0.01986	0.02220	0.10586	0.02198	0.02747	0.05607	0.46786	0.00732	0.00980	0.15836	0.00528
19	0.02053	0.02701	0.19323	0.04615	0.48418	0.02060	0.02818	0.02699	0.01949	0.02827	0.01621	0.02077	0.01310	0.00790	0.00855	0.00263	0.01101	0.00743	0.00415	0.01358
20	0.01247	0.00930	0.01379	0.01379	0.01528	0.01078	0.01062	0.01543	0.01395	0.02008	0.02357	0.03540	0.02230	0.09662	0.62835	0.01374	0.02262	0.00951	0.00470	0.00766
21	0.02159	0.02073	0.03541	0.05354	0.63903	0.02073	0.02677	0.02677	0.01986	0.02850	0.01641	0.02159	0.01382	0.00777	0.00864	0.00259	0.01036	0.00777	0.00432	0.01382
22	0.03258	0.04157	0.02472	0.02247	0.02697	0.65843	0.01685	0.03483	0.02472	0.02135	0.01348	0.01573	0.01124	0.00899	0.00787	0.00225	0.01573	0.00562	0.00449	0.01011
23	0.01105	0.00887	0.00986	0.00961	0.01223	0.00768	0.00721	0.01395	0.02162	0.02770	0.28608	0.07714	0.43520	0.02055	0.01030	0.00287	0.00431	0.01746	0.00864	0.00768
24	0.02159	0.02073	0.03541	0.05354	0.63903	0.02073	0.02677	0.02677	0.01986	0.02850	0.01641	0.02159	0.01382	0.00777	0.00864	0.00259	0.01036	0.00777	0.00432	0.01382
25	0.75506	0.01687	0.01282	0.01147	0.01687	0.01957	0.00945	0.02564	0.01484	0.03914	0.01215	0.01417	0.00945	0.00810	0.00540	0.00270	0.00675	0.00472	0.00540	0.00945
26	0.01031	0.00884	0.00884	0.00884	0.01178	0.00736	0.00663	0.01252	0.01988	0.02356	0.08837	0.08395	0.63549	0.02209	0.01031	0.00295	0.00442	0.01841	0.00810	0.00736
27	0.01031	0.00884	0.00884	0.00884	0.01178	0.00736	0.00663	0.01252	0.01988	0.02356	0.08837	0.08395	0.63549	0.02209	0.01031	0.00295	0.00442	0.01841	0.00810	0.00736
28	0.01161	0.00889	0.01064	0.01020	0.01258	0.00792	0.00765	0.01503	0.02295	0.03085	0.43673	0.07196	0.28259	0.01937	0.01030	0.00282	0.00422	0.01673	0.00906	0.00792
29	0.01031	0.00884	0.00884	0.00884	0.01178	0.00736	0.00663	0.01252	0.01988	0.02356	0.08837	0.08395	0.63549	0.02209	0.01031	0.00295	0.00442	0.01841	0.00810	0.00736
