[name]
unknown

[dist]
# distance from previous block
# <min> <max>
0	6

[block]
# block no. 0 follows, 21 sequences, length 24
# corresponding to MSA columns:
# 6-29
name=unknown_A
#
# <colnr> <probs for GDERKNQSTAVLIFYWHMCP>
#	G	D	E	R	K	N	Q	S	T	A	V	L	I	F	Y	W	H	M	C	P
0	0.01456	0.01130	0.01689	0.11734	0.06647	0.01186	0.01603	0.01882	0.01919	0.02507	0.03862	0.07998	0.04096	0.02019	0.01104	0.00366	0.00851	0.46405	0.00699	0.00846
1	0.01230	0.00856	0.01085	0.01085	0.01139	0.00910	0.00711	0.01338	0.01284	0.01766	0.02538	0.04777	0.02750	0.47428	0.26526	0.01018	0.01342	0.01122	0.00494	0.00603
2	0.01383	0.01096	0.01437	0.01347	0.01383	0.01311	0.00970	0.01500	0.01284	0.01823	0.02209	0.04147	0.02388	0.38437	0.18753	0.00845	0.17503	0.01041	0.00467	0.00674
3	0.01997	0.07886	0.35381	0.03144	0.18854	0.02062	0.09618	0.02748	0.01887	0.06146	0.01646	0.01964	0.01228	0.00793	0.00825	0.00261	0.01164	0.00706	0.00422	0.01267
4	0.01521	0.01388	0.02303	0.55487	0.05024	0.01709	0.02100	0.02028	0.01657	0.02151	0.01825	0.07074	0.01565	0.01633	0.08681	0.00417	0.01226	0.00890	0.00416	0.00906
5	0.01586	0.00793	0.00793	0.00793	0.00991	0.00793	0.00595	0.01983	0.01785	0.03173	0.02776	0.03173	0.02181	0.00991	0.00595	0.00198	0.00397	0.00793	0.74817	0.00793
6	0.01915	0.02254	0.10920	0.19345	0.27132	0.02021	0.18833	0.02549	0.01885	0.02612	0.01604	0.02161	0.01250	0.00775	0.00885	0.00271	0.01185	0.00810	0.00406	0.01187
7	0.03114	0.02267	0.02425	0.01873	0.02519	0.02504	0.01543	0.57561	0.03839	0.05203	0.02097	0.02126	0.01501	0.01019	0.00833	0.00251	0.00897	0.00768	0.06261	0.01399
8	0.03235	0.02384	0.02554	0.01958	0.02639	0.02639	0.01618	0.61946	0.04001	0.05363	0.02043	0.02043	0.01447	0.01022	0.00851	0.00255	0.00936	0.00766	0.00851	0.01447
9	0.01707	0.04402	0.65683	0.02426	0.03683	0.01976	0.03144	0.02695	0.01797	0.02695	0.01527	0.01797	0.01078	0.00809	0.00809	0.00270	0.01258	0.00629	0.00359	0.01258
10	0.01225	0.00826	0.00962	0.00973	0.00986	0.00834	0.00569	0.01254	0.01268	0.01702	0.02765	0.08959	0.03167	0.61926	0.08490	0.00836	0.00908	0.01280	0.00527	0.00542
11	0.01077	0.00771	0.01023	0.01158	0.01243	0.00718	0.00793	0.01285	0.01814	0.02466	0.18833	0.54556	0.06198	0.02446	0.01067	0.00327	0.00472	0.02211	0.00825	0.00718
12	0.01037	0.00741	0.00987	0.01185	0.01234	0.00691	0.00790	0.01185	0.01629	0.02172	0.04690	0.69537	0.05629	0.02666	0.01086	0.00346	0.00494	0.02419	0.00790	0.00691
13	0.76103	0.01646	0.01251	0.01119	0.01646	0.01909	0.00922	0.02502	0.01448	0.03818	0.01185	0.01382	0.00922	0.00790	0.00527	0.00263	0.00658	0.00461	0.00527	0.00922
14	0.01098	0.00862	0.00972	0.00946	0.01180	0.00758	0.00697	0.01369	0.02067	0.02676	0.29412	0.07300	0.38462	0.06965	0.01248	0.00319	0.00449	0.01657	0.00826	0.00736
15	0.02009	0.02296	0.05022	0.03587	0.04448	0.02152	0.61693	0.02726	0.02009	0.02726	0.01722	0.02296	0.01291	0.00717	0.01004	0.00287	0.01435	0.01004	0.00430	0.01148
16	0.02618	0.02176	0.02630	0.02921	0.23167	0.06287	0.01826	0.30924	0.02944	0.03972	0.02261	0.02447	0.04895	0.00985	0.00834	0.00250	0.00934	0.00808	0.05822	0.01299
17	0.01216	0.00912	0.01368	0.01368	0.01520	0.01064	0.01064	0.01520	0.01368	0.01976	0.02279	0.03343	0.02127	0.06382	0.66720	0.01368	0.02279	0.00912	0.00456	0.00760
18	0.03154	0.02343	0.02508	0.01942	0.02608	0.02601	0.01598	0.57777	0.08303	0.05232	0.02146	0.02125	0.01531	0.01031	0.00852	0.00258	0.00917	0.00780	0.00852	0.01440
19	0.01037	0.00741	0.00987	0.01185	0.01234	0.00691	0.00790	0.01185	0.01629	0.02172	0.04690	0.69537	0.05629	0.02666	0.01086	0.00346	0.00494	0.02419	0.00790	0.00691
20	0.02228	0.18495	0.02653	0.17322	0.02971	0.09852	0.01568	0.13456	0.02210	0.02851	0.01749	0.02129	0.01401	0.01252	0.05194	0.00307	0.01058	0.00677	0.11582	0.01044
21	0.06908	0.03208	0.35158	0.02486	0.07186	0.02028	0.09354	0.03113	0.16377	0.02985	0.01991	0.02173	0.01470	0.00875	0.00828	0.00275	0.01083	0.00748	0.00503	0.01249
22	0.23295	0.02119	0.02637	0.08255	0.35131	0.09650	0.01997	0.02642	0.01837	0.02949	0.01442	0.01844	0.01181	0.00788	0.00744	0.00254	0.00982	0.00648	0.00450	0.01154
23	0.12876	0.02520	0.21671	0.18500	0.20134	0.01915	0.02408	0.02480	0.01767	0.02755	0.01622	0.02270	0.01307	0.00870	0.00802	0.00273	0.01052	0.03218	0.00424	0.01137

[dist]
# distance from previous block
# <min> <max>
12	54

[block]
# block no. 1 follows, 21 sequences, length 74
# corresponding to MSA columns:
# 89-162
name=unknown_B
#
# <colnr> <probs for GDERKNQSTAVLIFYWHMCP>
#	G	D	E	R	K	N	Q	S	T	A	V	L	I	F	Y	W	H	M	C	P
0	0.02010	0.01978	0.02306	0.08106	0.21802	0.13809	0.01741	0.02611	0.08614	0.02537	0.02125	0.06148	0.01860	0.01969	0.12709	0.00455	0.01236	0.00863	0.06057	0.01064
1	0.19439	0.01519	0.01543	0.04387	0.01888	0.06366	0.01128	0.09618	0.01848	0.02959	0.01953	0.02632	0.01690	0.06590	0.24968	0.00687	0.01356	0.00758	0.07772	0.00901
2	0.02185	0.10583	0.02261	0.01767	0.05672	0.05221	0.01348	0.19146	0.09257	0.03486	0.13777	0.03099	0.02867	0.01829	0.09675	0.00397	0.00992	0.00902	0.04419	0.01116
3	0.01671	0.09054	0.02430	0.07648	0.13918	0.01900	0.01632	0.01970	0.01577	0.02184	0.02309	0.06847	0.06442	0.05662	0.13396	0.00516	0.18489	0.00950	0.00459	0.00946
4	0.01832	0.03206	0.33527	0.02997	0.07430	0.01994	0.27356	0.02630	0.01865	0.02660	0.01671	0.02213	0.01284	0.04263	0.01070	0.00304	0.01295	0.00823	0.00400	0.01180
5	0.03190	0.03737	0.02439	0.02148	0.02632	0.54456	0.01639	0.14571	0.02715	0.02709	0.01454	0.01632	0.01163	0.00905	0.00783	0.00226	0.01421	0.00590	0.00517	0.01074
6	0.01871	0.02827	0.27279	0.03740	0.34240	0.01890	0.02681	0.02551	0.01886	0.02722	0.01892	0.02810	0.01634	0.00953	0.00866	0.00275	0.01081	0.07116	0.00437	0.01251
7	0.01217	0.00905	0.01335	0.01335	0.01475	0.01046	0.01023	0.01499	0.01358	0.01951	0.02310	0.03510	0.02200	0.11144	0.62057	0.01327	0.02171	0.00936	0.00460	0.00742
8	0.03208	0.03183	0.02486	0.02070	0.02635	0.33231	0.01630	0.33976	0.03242	0.03796	0.01696	0.01800	0.01280	0.00952	0.00811	0.00238	0.01222	0.00662	0.00654	0.01227
9	0.02305	0.02117	0.05425	0.01726	0.02175	0.11155	0.01410	0.26577	0.02741	0.03510	0.02994	0.21350	0.05047	0.01730	0.03250	0.00322	0.00940	0.03415	0.00728	0.01083
10	0.01028	0.00863	0.00892	0.00885	0.01163	0.00728	0.00664	0.01264	0.01991	0.02421	0.14744	0.07988	0.58239	0.02110	0.01006	0.00285	0.00428	0.01768	0.00806	0.00728
11	0.03786	0.01500	0.02007	0.01539	0.02198	0.01327	0.01271	0.07332	0.02522	0.62067	0.03285	0.02850	0.02070	0.01052	0.00856	0.00263	0.00736	0.00851	0.01042	0.01448
12	0.06493	0.02091	0.02383	0.14050	0.03086	0.02354	0.01659	0.44351	0.03316	0.04566	0.01946	0.02119	0.01407	0.00977	0.00820	0.00258	0.00927	0.00751	0.05157	0.01289
13	0.02066	0.01981	0.03381	0.10307	0.60016	0.02011	0.02592	0.02576	0.01919	0.02731	0.01594	0.02119	0.01331	0.00766	0.00843	0.00255	0.01021	0.00758	0.00418	0.01315
14	0.01238	0.00825	0.00928	0.00928	0.00928	0.00825	0.00516	0.01238	0.01238	0.01650	0.02681	0.05569	0.03094	0.70092	0.04331	0.00825	0.00825	0.01238	0.00516	0.00516
15	0.01707	0.04402	0.65683	0.02426	0.03683	0.01976	0.03144	0.02695	0.01797	0.02695	0.01527	0.01797	0.01078	0.00809	0.00809	0.00270	0.01258	0.00629	0.00359	0.01258
16	0.02106	0.02022	0.03454	0.05223	0.64784	0.02022	0.02612	0.02612	0.01938	0.02780	0.01601	0.02106	0.01348	0.00758	0.00842	0.00253	0.01011	0.00758	0.00421	0.01348
17	0.01079	0.00865	0.00963	0.00939	0.01194	0.00749	0.00704	0.01362	0.02112	0.02708	0.29072	0.07517	0.43733	0.02003	0.01005	0.00280	0.00420	0.01702	0.00844	0.00749
18	0.02106	0.02022	0.03454	0.05223	0.64784	0.02022	0.02612	0.02612	0.01938	0.02780	0.01601	0.02106	0.01348	0.00758	0.00842	0.00253	0.01011	0.00758	0.00421	0.01348
19	0.02165	0.02253	0.07705	0.16246	0.35818	0.05918	0.02382	0.08919	0.05038	0.02926	0.01697	0.02124	0.01342	0.00833	0.00839	0.00260	0.01060	0.00746	0.00476	0.01254
20	0.01037	0.00741	0.00987	0.01185	0.01234	0.00691	0.00790	0.01185	0.01629	0.02172	0.04690	0.69537	0.05629	0.02666	0.01086	0.00346	0.00494	0.02419	0.00790	0.00691
21	0.02920	0.08340	0.09581	0.02074	0.02701	0.27730	0.01793	0.25723	0.02862	0.03404	0.01601	0.01759	0.01230	0.00938	0.00866	0.00242	0.03815	0.00641	0.00580	0.01199
22	0.01862	0.01862	0.02607	0.02234	0.02234	0.02607	0.01862	0.02048	0.01303	0.02048	0.01117	0.01862	0.01117	0.01489	0.02793	0.00372	0.68535	0.00745	0.00372	0.00931
23	0.01765	0.01513	0.01765	0.01260	0.02017	0.01134	0.01008	0.02143	0.01765	0.02773	0.01513	0.01765	0.01260	0.00630	0.00630	0.00126	0.00630	0.00504	0.00504	0.75295
24	0.03179	0.04056	0.02412	0.02192	0.02631	0.66676	0.01644	0.03398	0.02412	0.02083	0.01315	0.01535	0.01096	0.00877	0.00767	0.00219	0.01535	0.00548	0.00438	0.00987
25	0.01095	0.00866	0.00985	0.00955	0.01204	0.00756	0.00717	0.01393	0.02150	0.02797	0.33555	0.07370	0.39194	0.01969	0.01005	0.00279	0.00418	0.01681	0.00856	0.00756
26	0.01586	0.00793	0.00793	0.00793	0.00991	0.00793	0.00595	0.01983	0.01785	0.03173	0.02776	0.03173	0.02181	0.00991	0.00595	0.00198	0.00397	0.00793	0.74817	0.00793
27	0.02286	0.01902	0.02507	0.29076	0.08519	0.02194	0.01947	0.22811	0.13597	0.03546	0.02050	0.02344	0.01520	0.00956	0.00853	0.00273	0.00975	0.00797	0.00629	0.01217
28	0.01216	0.00912	0.01368	0.01368	0.01520	0.01064	0.01064	0.01520	0.01368	0.01976	0.02279	0.03343	0.02127	0.06382	0.66720	0.01368	0.02279	0.00912	0.00456	0.00760
29	0.01130	0.00827	0.00935	0.00967	0.01073	0.00779	0.00624	0.01235	0.01531	0.01955	0.04887	0.16755	0.23024	0.34861	0.05257	0.00597	0.00704	0.01595	0.00646	0.00619
30	0.02957	0.03193	0.02487	0.02134	0.02562	0.37238	0.01676	0.19503	0.02656	0.02993	0.01483	0.01736	0.01198	0.01028	0.01156	0.00257	0.13453	0.00644	0.00542	0.01105
31	0.01062	0.00812	0.00984	0.01108	0.01261	0.00733	0.00801	0.01262	0.01780	0.02260	0.06115	0.40379	0.27170	0.02444	0.01066	0.00329	0.00503	0.08429	0.00789	0.00711
32	0.02717	0.02605	0.02182	0.05311	0.06154	0.26008	0.01508	0.20942	0.02703	0.03365	0.01874	0.02108	0.01450	0.00937	0.00765	0.00231	0.01059	0.00690	0.16285	0.01106
33	0.01607	0.01513	0.02552	0.68047	0.05861	0.01891	0.02363	0.02174	0.01702	0.02174	0.01513	0.02269	0.01134	0.00851	0.00851	0.00284	0.01134	0.00756	0.00378	0.00945
34	0.01996	0.01769	0.02602	0.25135	0.22027	0.01971	0.02055	0.09255	0.13179	0.03047	0.06644	0.02665	0.02012	0.00963	0.00863	0.00271	0.00938	0.00854	0.00573	0.01182
35	0.16283	0.03410	0.12009	0.02409	0.10375	0.36742	0.01861	0.03027	0.02080	0.02584	0.01359	0.01618	0.01093	0.00836	0.00739	0.00239	0.01265	0.00571	0.00440	0.01061
36	0.08848	0.20944	0.02843	0.01917	0.02436	0.45183	0.01538	0.03107	0.02158	0.02203	0.01271	0.01479	0.01081	0.00832	0.00691	0.00213	0.01303	0.00517	0.00427	0.01008
37	0.02587	0.47627	0.03752	0.01710	0.02338	0.25226	0.01521	0.02842	0.01965	0.02030	0.01229	0.01424	0.01094	0.00779	0.00622	0.00195	0.01126	0.00487	0.00390	0.01056
38	0.01223	0.00882	0.01219	0.01219	0.01320	0.00983	0.00879	0.01424	0.01324	0.01866	0.02415	0.04095	0.02454	0.27893	0.45656	0.01184	0.01788	0.01022	0.00476	0.00677
39	0.01252	0.00977	0.01171	0.01128	0.01360	0.00973	0.00845	0.01771	0.08670	0.02704	0.25232	0.05916	0.22332	0.07776	0.13563	0.00524	0.00824	0.01410	0.00765	0.00809
40	0.01022	0.00799	0.00927	0.01029	0.01193	0.00704	0.00721	0.01202	0.01779	0.02233	0.06585	0.39968	0.33975	0.02420	0.01047	0.00318	0.00464	0.02119	0.00790	0.00704
41	0.01633	0.01107	0.01223	0.01118	0.01306	0.01152	0.00775	0.10309	0.05512	0.02808	0.11039	0.04599	0.03336	0.34413	0.02504	0.00523	0.00697	0.01115	0.14044	0.00787
42	0.03235	0.02384	0.02554	0.01958	0.02639	0.02639	0.01618	0.61946	0.04001	0.05363	0.02043	0.02043	0.01447	0.01022	0.00851	0.00255	0.00936	0.00766	0.00851	0.01447
43	0.01707	0.04402	0.65683	0.02426	0.03683	0.01976	0.03144	0.02695	0.01797	0.02695	0.01527	0.01797	0.01078	0.00809	0.00809	0.00270	0.01258	0.00629	0.00359	0.01258
44	0.01237	0.00898	0.01347	0.01347	0.01486	0.01037	0.01037	0.01486	0.01347	0.01935	0.02215	0.03282	0.02075	0.06105	0.61590	0.07346	0.02155	0.00898	0.00449	0.00728
45	0.01216	0.00912	0.01368	0.01368	0.01520	0.01064	0.01064	0.01520	0.01368	0.01976	0.02279	0.03343	0.02127	0.06382	0.66720	0.01368	0.02279	0.00912	0.00456	0.00760
46	0.02987	0.02261	0.02415	0.01908	0.02545	0.02523	0.01558	0.49233	0.17117	0.04964	0.02358	0.02294	0.01702	0.01051	0.00855	0.00263	0.00878	0.00810	0.00855	0.01425
47	0.01035	0.00748	0.00980	0.01166	0.01229	0.00693	0.00781	0.01187	0.01648	0.02180	0.04925	0.65879	0.09135	0.02636	0.01081	0.00342	0.00490	0.02382	0.00790	0.00693
48	0.03235	0.02384	0.02554	0.01958	0.02639	0.02639	0.01618	0.61946	0.04001	0.05363	0.02043	0.02043	0.01447	0.01022	0.00851	0.00255	0.00936	0.00766	0.00851	0.01447
49	0.01056	0.00755	0.01005	0.01172	0.01239	0.00704	0.00791	0.01233	0.01719	0.02315	0.11543	0.62278	0.05904	0.02560	0.01077	0.00337	0.00483	0.02318	0.00807	0.00704
50	0.01410	0.01197	0.01740	0.01628	0.01734	0.01527	0.01304	0.01678	0.01348	0.01997	0.01930	0.02898	0.01824	0.04913	0.47515	0.01069	0.22184	0.00862	0.00431	0.00811
51	0.02275	0.70604	0.04459	0.01456	0.02184	0.03367	0.01456	0.02548	0.01729	0.02002	0.01183	0.01365	0.01092	0.00728	0.00546	0.00182	0.00910	0.00455	0.00364	0.01092
52	0.01025	0.00785	0.00941	0.01066	0.01203	0.00701	0.00737	0.01198	0.01744	0.02219	0.06142	0.46885	0.27343	0.02478	0.01057	0.00324	0.00471	0.02189	0.00790	0.00701
53	0.01037	0.00741	0.00987	0.01185	0.01234	0.00691	0.00790	0.01185	0.01629	0.02172	0.04690	0.69537	0.05629	0.02666	0.01086	0.00346	0.00494	0.02419	0.00790	0.00691
54	0.10305	0.02725	0.02409	0.21035	0.06942	0.29690	0.01837	0.07218	0.02144	0.02575	0.01418	0.01815	0.01130	0.00895	0.00878	0.00255	0.04616	0.00636	0.00457	0.01020
55	0.13117	0.24543	0.34569	0.01910	0.02871	0.02424	0.02227	0.04832	0.01806	0.02747	0.01388	0.01609	0.01073	0.00789	0.00686	0.00241	0.01047	0.00555	0.00404	0.01163
56	0.01756	0.04073	0.56464	0.02668	0.06273	0.01998	0.09557	0.02695	0.01826	0.02702	0.01552	0.01864	0.01113	0.00796	0.00831	0.00271	0.01267	0.00675	0.00370	0.01249
57	0.01962	0.05707	0.24701	0.03225	0.16927	0.04594	0.15936	0.02614	0.01827	0.02579	0.01508	0.01959	0.01192	0.00872	0.01126	0.00279	0.10662	0.00748	0.00394	0.01190
58	0.01504	0.01273	0.01771	0.07434	0.13770	0.01294	0.01454	0.02109	0.08699	0.02673	0.09127	0.06293	0.19112	0.01704	0.00997	0.00310	0.00724	0.18101	0.00705	0.00949
59	0.08848	0.20944	0.02843	0.01917	0.02436	0.45183	0.01538	0.03107	0.02158	0.02203	0.01271	0.01479	0.01081	0.00832	0.00691	0.00213	0.01303	0.00517	0.00427	0.01008
60	0.01496	0.01071	0.01346	0.03854	0.01666	0.01155	0.01028	0.06676	0.06673	0.02755	0.06824	0.16137	0.05538	0.03050	0.20275	0.00601	0.01082	0.03862	0.14047	0.00864
61	0.02062	0.01130	0.01438	0.01232	0.01621	0.01023	0.00965	0.02540	0.05968	0.22277	0.33552	0.05111	0.11566	0.01493	0.00935	0.00264	0.00529	0.01280	0.00935	0.04079
62	0.02579	0.06232	0.02498	0.07570	0.06380	0.37634	0.01714	0.02853	0.02039	0.02203	0.01414	0.01804	0.01199	0.00984	0.01135	0.00252	0.13922	0.00628	0.05976	0.00985
63	0.01219	0.00817	0.00934	0.00952	0.00957	0.00813	0.00541	0.01233	0.01274	0.01699	0.02868	0.11503	0.03329	0.63837	0.04030	0.00781	0.00794	0.01347	0.00541	0.00532
64	0.02308	0.02404	0.03258	0.04654	0.53114	0.14162	0.02430	0.02759	0.02027	0.02649	0.01547	0.01999	0.01301	0.00781	0.00828	0.00246	0.01109	0.00719	0.00424	0.01280
65	0.01530	0.00805	0.00847	0.00847	0.01026	0.00816	0.00624	0.01888	0.01709	0.02960	0.02731	0.03379	0.02251	0.06986	0.05839	0.00336	0.00572	0.00838	0.63246	0.00768
66	0.01101	0.00802	0.00985	0.01062	0.01172	0.00742	0.00719	0.01284	0.01765	0.02345	0.16818	0.35145	0.15545	0.14558	0.01642	0.00407	0.00525	0.01927	0.00770	0.00686
67	0.01798	0.01698	0.02836	0.41222	0.27139	0.01894	0.02375	0.02332	0.01791	0.02430	0.01545	0.02180	0.01220	0.00804	0.00835	0.00263	0.01060	0.00742	0.00401	0.05434
68	0.08026	0.01878	0.02991	0.21113	0.40868	0.02013	0.02355	0.05758	0.01950	0.02848	0.01568	0.02087	0.01263	0.00799	0.00820	0.00262	0.01011	0.00734	0.00442	0.01214
69	0.01753	0.00977	0.01207	0.01141	0.01447	0.00854	0.00857	0.01993	0.02014	0.18543	0.10621	0.24747	0.26556	0.01989	0.00991	0.00297	0.00522	0.01717	0.00870	0.00905
70	0.01664	0.01176	0.01614	0.04411	0.01826	0.01171	0.05819	0.08291	0.01917	0.07199	0.06940	0.20960	0.06630	0.24088	0.02078	0.00471	0.00764	0.01462	0.00688	0.00830
71	0.27684	0.02504	0.02253	0.04954	0.15013	0.20547	0.01619	0.10681	0.02173	0.03254	0.01433	0.01695	0.01136	0.00842	0.00715	0.00248	0.01036	0.00598	0.00518	0.01097
72	0.19069	0.01694	0.02049	0.05836	0.21440	0.04898	0.01556	0.05758	0.01961	0.02980	0.03368	0.03803	0.16634	0.01219	0.00825	0.00271	0.00805	0.04223	0.00579	0.01033
73	0.19272	0.02182	0.02662	0.06782	0.34379	0.11651	0.01988	0.02772	0.01914	0.06537	0.01561	0.01909	0.01246	0.00805	0.00760	0.00252	0.00998	0.00664	0.00483	0.01182

[dist]
# distance from previous block
# <min> <max>
8	60

[block]
# block no. 2 follows, 21 sequences, length 66
# corresponding to MSA columns:
# 224-289
name=unknown_C
#
# <colnr> <probs for GDERKNQSTAVLIFYWHMCP>
#	G	D	E	R	K	N	Q	S	T	A	V	L	I	F	Y	W	H	M	C	P
0	0.02178	0.02143	0.03049	0.25715	0.17563	0.09216	0.10665	0.09952	0.05886	0.02850	0.01723	0.02183	0.01326	0.00854	0.00863	0.00267	0.01142	0.00783	0.00489	0.01153
1	0.01955	0.01915	0.02656	0.29705	0.22619	0.07945	0.02154	0.02719	0.10617	0.02536	0.01843	0.02341	0.01460	0.01178	0.04531	0.00330	0.01133	0.00776	0.00471	0.01118
2	0.01941	0.01849	0.03082	0.08495	0.53415	0.01854	0.02356	0.02415	0.01924	0.02685	0.02456	0.02862	0.09068	0.00935	0.00863	0.00259	0.00947	0.00885	0.00464	0.01246
3	0.01029	0.00821	0.00922	0.00986	0.01186	0.00714	0.00706	0.01232	0.01861	0.02323	0.10640	0.29242	0.40733	0.02306	0.01033	0.00306	0.00451	0.01995	0.00799	0.00714
4	0.01053	0.00868	0.00934	0.00972	0.01231	0.00748	0.00746	0.01285	0.01920	0.02320	0.07833	0.12785	0.52901	0.02216	0.01032	0.00304	0.00479	0.08859	0.00789	0.00724
5	0.02605	0.46335	0.03713	0.01725	0.02347	0.26455	0.01525	0.02858	0.01978	0.02032	0.01231	0.01427	0.01094	0.00782	0.00627	0.00196	0.01138	0.00489	0.00391	0.01054
6	0.02857	0.01866	0.02033	0.01676	0.02098	0.09074	0.01346	0.13472	0.02352	0.24598	0.02374	0.02599	0.01765	0.05282	0.01375	0.00303	0.13130	0.00800	0.09832	0.01165
7	0.01540	0.01414	0.02039	0.02043	0.08821	0.01586	0.04384	0.01842	0.01676	0.02314	0.03652	0.04520	0.17986	0.02179	0.09565	0.00442	0.20953	0.07094	0.00549	0.05402
8	0.01464	0.01153	0.01254	0.01162	0.01483	0.01156	0.00890	0.05402	0.15559	0.03096	0.21339	0.05917	0.28207	0.01682	0.00937	0.00274	0.00501	0.01418	0.06185	0.00923
9	0.01274	0.00962	0.01210	0.01344	0.01490	0.00977	0.00987	0.01835	0.11759	0.02467	0.04456	0.47810	0.05001	0.02362	0.01066	0.00345	0.00576	0.12463	0.00801	0.00815
10	0.02422	0.02673	0.02978	0.11860	0.35751	0.24694	0.02242	0.02834	0.02075	0.02461	0.01490	0.01926	0.01233	0.00811	0.00817	0.00245	0.01210	0.00684	0.00422	0.01172
11	0.02239	0.02697	0.10452	0.04102	0.37052	0.13670	0.12037	0.02781	0.02019	0.02636	0.01561	0.01999	0.01263	0.00779	0.00851	0.00254	0.01201	0.00746	0.00419	0.01241
12	0.01030	0.00863	0.00896	0.00888	0.01164	0.00729	0.00666	0.01268	0.01997	0.02435	0.15450	0.07965	0.57525	0.02104	0.01006	0.00285	0.00427	0.01765	0.00808	0.00729
13	0.01193	0.00896	0.00969	0.00932	0.01226	0.00762	0.00706	0.01446	0.02044	0.05955	0.17487	0.07597	0.51737	0.02026	0.00997	0.00283	0.00442	0.01702	0.00829	0.00772
14	0.01455	0.01271	0.02177	0.09498	0.09453	0.01395	0.08745	0.01862	0.01547	0.02179	0.02050	0.02958	0.01828	0.04448	0.44015	0.00991	0.01907	0.00888	0.00440	0.00894
15	0.01855	0.03265	0.33669	0.02938	0.03925	0.02101	0.29562	0.02662	0.01857	0.02662	0.01586	0.02027	0.01177	0.00816	0.01040	0.00285	0.06188	0.00807	0.00392	0.01184
16	0.01021	0.00848	0.00893	0.00913	0.01167	0.00720	0.00673	0.01238	0.01928	0.02346	0.11259	0.15606	0.54072	0.02195	0.01016	0.00293	0.00437	0.01858	0.00798	0.00720
17	0.01069	0.00754	0.00978	0.01144	0.01185	0.00713	0.00746	0.01193	0.01566	0.02088	0.04367	0.59226	0.05220	0.13534	0.01609	0.00423	0.00547	0.02229	0.00746	0.00663
18	0.03023	0.02523	0.02700	0.02580	0.13920	0.10376	0.01801	0.43998	0.03432	0.04492	0.01874	0.01992	0.01386	0.00956	0.00839	0.00250	0.01023	0.00738	0.00723	0.01373
19	0.09431	0.01464	0.01919	0.01483	0.02132	0.01302	0.01225	0.04020	0.02359	0.60593	0.03189	0.02779	0.02015	0.01033	0.00830	0.00263	0.00719	0.00825	0.01012	0.01407
20	0.01192	0.00876	0.01120	0.01078	0.01288	0.00804	0.00821	0.01571	0.02326	0.03228	0.54065	0.06776	0.14378	0.01827	0.01015	0.00278	0.00429	0.05225	0.00910	0.00792
21	0.02010	0.11654	0.19105	0.02736	0.03514	0.05850	0.26813	0.02623	0.01829	0.02481	0.01485	0.01943	0.01175	0.00874	0.01174	0.00279	0.12161	0.00776	0.00396	0.01123
22	0.01216	0.00912	0.01368	0.01368	0.01520	0.01064	0.01064	0.01520	0.01368	0.01976	0.02279	0.03343	0.02127	0.06382	0.66720	0.01368	0.02279	0.00912	0.00456	0.00760
23	0.01037	0.00741	0.00987	0.01185	0.01234	0.00691	0.00790	0.01185	0.01629	0.02172	0.04690	0.69537	0.05629	0.02666	0.01086	0.00346	0.00494	0.02419	0.00790	0.00691
24	0.01862	0.01862	0.02607	0.02234	0.02234	0.02607	0.01862	0.02048	0.01303	0.02048	0.01117	0.01862	0.01117	0.01489	0.02793	0.00372	0.68535	0.00745	0.00372	0.00931
25	0.03140	0.06142	0.06151	0.01925	0.02639	0.02541	0.01668	0.51188	0.03640	0.09399	0.02063	0.02055	0.01455	0.00996	0.00833	0.00253	0.00938	0.00748	0.00812	0.01417
26	0.01991	0.01940	0.03267	0.12931	0.42429	0.02117	0.05660	0.02459	0.01796	0.02565	0.01509	0.02094	0.01275	0.00900	0.01203	0.00280	0.13199	0.00769	0.00407	0.01209
27	0.20900	0.03307	0.16062	0.02311	0.09479	0.29270	0.01899	0.02934	0.01985	0.02726	0.01361	0.01617	0.01077	0.00827	0.00725	0.00245	0.01198	0.00567	0.00441	0.01070
28	0.01017	0.00863	0.00878	0.00874	0.01156	0.00723	0.00655	0.01243	0.01966	0.02362	0.11797	0.08085	0.61223	0.02132	0.01006	0.00286	0.00429	0.01781	0.00799	0.00723
29	0.02118	0.02043	0.02816	0.03308	0.27299	0.05990	0.06251	0.03274	0.23948	0.02932	0.02251	0.02497	0.01790	0.01163	0.03403	0.00315	0.05921	0.00841	0.00581	0.01259
30	0.01293	0.00971	0.01023	0.01081	0.01134	0.04401	0.00680	0.01380	0.01473	0.01946	0.03326	0.27945	0.03833	0.38374	0.02769	0.00586	0.00722	0.01594	0.04849	0.00620
31	0.01051	0.00747	0.00983	0.01166	0.01212	0.00701	0.00770	0.01189	0.01601	0.02135	0.04546	0.64926	0.05446	0.07527	0.01320	0.00380	0.00518	0.02334	0.00770	0.00679
32	0.03179	0.04056	0.02412	0.02192	0.02631	0.66676	0.01644	0.03398	0.02412	0.02083	0.01315	0.01535	0.01096	0.00877	0.00767	0.00219	0.01535	0.00548	0.00438	0.00987
33	0.01026	0.00785	0.00942	0.01067	0.01203	0.00701	0.00738	0.01198	0.01743	0.02219	0.06124	0.47164	0.27076	0.02480	0.01057	0.00324	0.00471	0.02192	0.00790	0.00701
34	0.02366	0.02253	0.02045	0.01826	0.02310	0.13572	0.01415	0.07485	0.49217	0.03398	0.03005	0.02822	0.02269	0.01098	0.00848	0.00275	0.00840	0.00878	0.00789	0.01289
35	0.01596	0.01320	0.01534	0.01344	0.01793	0.01210	0.01012	0.02367	0.16043	0.02749	0.03063	0.25473	0.03079	0.01455	0.00842	0.00240	0.00593	0.01272	0.00687	0.32330
36	0.02054	0.02093	0.02881	0.10998	0.28509	0.09297	0.02174	0.02424	0.01736	0.02366	0.01430	0.02031	0.01252	0.01237	0.04035	0.00335	0.22904	0.00736	0.00404	0.01104
37	0.02867	0.27013	0.03118	0.01938	0.02477	0.44836	0.01579	0.03105	0.02176	0.02055	0.01270	0.01476	0.01095	0.00826	0.00691	0.00206	0.01319	0.00516	0.00413	0.01023
38	0.01040	0.00856	0.00914	0.00914	0.01174	0.00731	0.00680	0.01281	0.01998	0.02471	0.17390	0.11395	0.51977	0.02117	0.01010	0.00288	0.00430	0.01790	0.00814	0.00731
39	0.01037	0.00741	0.00987	0.01185	0.01234	0.00691	0.00790	0.01185	0.01629	0.02172	0.04690	0.69537	0.05629	0.02666	0.01086	0.00346	0.00494	0.02419	0.00790	0.00691
40	0.01072	0.00865	0.00954	0.00932	0.01190	0.00747	0.00699	0.01350	0.02096	0.02670	0.27200	0.07579	0.45628	0.02017	0.01005	0.00281	0.00421	0.01710	0.00839	0.00747
41	0.02117	0.01828	0.01924	0.01732	0.02213	0.02117	0.01347	0.04522	0.63246	0.03560	0.03464	0.03175	0.02598	0.01155	0.00866	0.00289	0.00673	0.00962	0.00866	0.01347
42	0.02213	0.14154	0.02441	0.01465	0.02198	0.01900	0.01236	0.16696	0.02300	0.03262	0.01582	0.01760	0.01275	0.00743	0.00669	0.00167	0.00755	0.00559	0.00563	0.44064
43	0.02133	0.02447	0.10269	0.04584	0.49365	0.06687	0.06793	0.02686	0.01962	0.02717	0.01581	0.02045	0.01296	0.00769	0.00845	0.00255	0.01106	0.00746	0.00416	0.01298
44	0.76103	0.01646	0.01251	0.01119	0.01646	0.01909	0.00922	0.02502	0.01448	0.03818	0.01185	0.01382	0.00922	0.00790	0.00527	0.00263	0.00658	0.00461	0.00527	0.00922
45	0.11398	0.02359	0.13310	0.07481	0.32622	0.02035	0.10565	0.02578	0.01822	0.02826	0.01527	0.01989	0.01221	0.00801	0.00902	0.00268	0.03930	0.00733	0.00421	0.01211
46	0.01053	0.00864	0.00927	0.00912	0.01178	0.00738	0.00684	0.01312	0.02051	0.02563	0.21820	0.07756	0.51075	0.02057	0.01005	0.00283	0.00424	0.01735	0.00825	0.00738
47	0.02106	0.02022	0.03454	0.05223	0.64784	0.02022	0.02612	0.02612	0.01938	0.02780	0.01601	0.02106	0.01348	0.00758	0.00842	0.00253	0.01011	0.00758	0.00421	0.01348
48	0.01052	0.00784	0.00980	0.01100	0.01221	0.00712	0.00761	0.01249	0.01800	0.02364	0.13452	0.47911	0.18643	0.02433	0.01058	0.00323	0.00468	0.02168	0.00810	0.00712
49	0.01862	0.01862	0.02607	0.02234	0.02234	0.02607	0.01862	0.02048	0.01303	0.02048	0.01117	0.01862	0.01117	0.01489	0.02793	0.00372	0.68535	0.00745	0.00372	0.00931
50	0.03185	0.03871	0.02427	0.02167	0.02632	0.59604	0.01641	0.09863	0.02587	0.02445	0.01396	0.01591	0.01135	0.00893	0.00777	0.00223	0.01469	0.00572	0.00484	0.01037
51	0.01216	0.00912	0.01368	0.01368	0.01520	0.01064	0.01064	0.01520	0.01368	0.01976	0.02279	0.03343	0.02127	0.06382	0.66720	0.01368	0.02279	0.00912	0.00456	0.00760
52	0.01586	0.00793	0.00793	0.00793	0.00991	0.00793	0.00595	0.01983	0.01785	0.03173	0.02776	0.03173	0.02181	0.00991	0.00595	0.00198	0.00397	0.00793	0.74817	0.00793
53	0.01367	0.00941	0.01215	0.01308	0.01536	0.00883	0.01075	0.01681	0.01967	0.06069	0.08940	0.15880	0.20391	0.02229	0.01093	0.00345	0.00632	0.30845	0.00810	0.00795
54	0.03162	0.02157	0.02366	0.01829	0.02459	0.02338	0.01493	0.50486	0.03610	0.12451	0.02250	0.02402	0.01647	0.06004	0.01103	0.00297	0.00902	0.00811	0.00852	0.01380
55	0.01216	0.00912	0.01368	0.01368	0.01520	0.01064	0.01064	0.01520	0.01368	0.01976	0.02279	0.03343	0.02127	0.06382	0.66720	0.01368	0.02279	0.00912	0.00456	0.00760
56	0.01037	0.00741	0.00987	0.01185	0.01234	0.00691	0.00790	0.01185	0.01629	0.02172	0.04690	0.69537	0.05629	0.02666	0.01086	0.00346	0.00494	0.02419	0.00790	0.00691
57	0.01238	0.00825	0.00928	0.00928	0.00928	0.00825	0.00516	0.01238	0.01238	0.01650	0.02681	0.05569	0.03094	0.70092	0.04331	0.00825	0.00825	0.01238	0.00516	0.00516
58	0.27735	0.22937	0.02499	0.01487	0.01986	0.13342	0.01267	0.02515	0.01681	0.02641	0.01354	0.01693	0.01177	0.01585	0.09776	0.00388	0.03981	0.00548	0.00446	0.00963
59	0.07125	0.20133	0.02898	0.01882	0.02465	0.29505	0.01549	0.19240	0.02623	0.03064	0.01475	0.01623	0.01182	0.00874	0.00721	0.00222	0.01164	0.00580	0.00538	0.01136
60	0.04518	0.01092	0.01506	0.01428	0.01579	0.01310	0.01129	0.01693	0.01530	0.02340	0.10603	0.03411	0.02719	0.04328	0.39741	0.00925	0.13163	0.00943	0.05237	0.00804
61	0.02175	0.04894	0.13345	0.01533	0.02096	0.01652	0.01441	0.18605	0.02418	0.07916	0.06009	0.03053	0.05449	0.04587	0.01106	0.04553	0.00789	0.00861	0.16443	0.01076
62	0.01978	0.01348	0.01589	0.04972	0.01909	0.01490	0.01137	0.19996	0.02329	0.03431	0.02341	0.02832	0.01887	0.02567	0.19993	0.00562	0.01150	0.00818	0.26684	0.00990
63	0.10365	0.15452	0.06262	0.04939	0.02368	0.13795	0.01479	0.05950	0.04560	0.06201	0.02010	0.11100	0.01852	0.01132	0.00875	0.00252	0.04927	0.00850	0.00550	0.05082
64	0.06780	0.02289	0.05586	0.01712	0.02369	0.09090	0.01438	0.28196	0.02750	0.03797	0.01701	0.01890	0.01307	0.00987	0.00908	0.04759	0.00905	0.00641	0.00633	0.22262
65	0.01884	0.02152	0.11671	0.18594	0.16329	0.02034	0.02161	0.02874	0.16139	0.02714	0.01942	0.02304	0.01518	0.00964	0.01074	0.00279	0.09255	0.00773	0.00504	0.04836

[dist]
# distance from previous block
# <min> <max>
1	6

[block]
# block no. 3 follows, 21 sequences, length 8
# corresponding to MSA columns:
# 296-303
name=unknown_D
#
# <colnr> <probs for GDERKNQSTAVLIFYWHMCP>
#	G	D	E	R	K	N	Q	S	T	A	V	L	I	F	Y	W	H	M	C	P
0	0.06842	0.18474	0.02780	0.02466	0.18567	0.13595	0.01596	0.02475	0.02061	0.02696	0.17314	0.02857	0.02907	0.01023	0.00779	0.00234	0.00904	0.00827	0.00548	0.01057
1	0.02203	0.07861	0.13767	0.02454	0.09175	0.19966	0.02013	0.02577	0.01812	0.02253	0.01514	0.05801	0.01397	0.01139	0.01415	0.00284	0.22153	0.00751	0.00418	0.01045
2	0.01232	0.00847	0.01039	0.01039	0.01078	0.00886	0.00654	0.01309	0.01271	0.01733	0.02580	0.05005	0.02849	0.53955	0.20134	0.00962	0.01193	0.01155	0.00501	0.00577
3	0.01213	0.00838	0.00971	0.00956	0.01023	0.00812	0.00591	0.01321	0.01559	0.02103	0.17296	0.05943	0.08753	0.49364	0.03321	0.00657	0.00699	0.01348	0.00633	0.00597
4	0.02224	0.02202	0.03008	0.13731	0.39516	0.10163	0.02291	0.05791	0.07517	0.02801	0.01740	0.02151	0.01401	0.00835	0.00837	0.00256	0.01061	0.00750	0.00478	0.01247
5	0.02746	0.02865	0.02545	0.06118	0.13631	0.30027	0.01795	0.17641	0.02594	0.03020	0.01643	0.01962	0.01322	0.01380	0.06670	0.00340	0.01338	0.00683	0.00537	0.01143
6	0.02018	0.01871	0.02911	0.04119	0.45734	0.01929	0.02181	0.02907	0.15279	0.02899	0.02270	0.08077	0.01985	0.01007	0.00868	0.00268	0.00893	0.00944	0.00550	0.01292
7	0.01058	0.00750	0.00981	0.01158	0.01202	0.00705	0.00761	0.01191	0.01588	0.02117	0.04477	0.62746	0.05359	0.09824	0.01431	0.00397	0.00529	0.02294	0.00761	0.00673

[dist]
# distance from previous block
# <min> <max>
0	1

[block]
# block no. 4 follows, 21 sequences, length 6
# corresponding to MSA columns:
# 305-310
name=unknown_E
#
# <colnr> <probs for GDERKNQSTAVLIFYWHMCP>
#	G	D	E	R	K	N	Q	S	T	A	V	L	I	F	Y	W	H	M	C	P
0	0.16685	0.01452	0.01709	0.10688	0.07896	0.04821	0.01364	0.02232	0.01829	0.08798	0.03406	0.06983	0.12335	0.01771	0.05800	0.00371	0.00903	0.09382	0.00630	0.00943
1	0.01757	0.19723	0.11594	0.09636	0.02507	0.06567	0.01574	0.02058	0.01650	0.02084	0.02030	0.13718	0.02029	0.01918	0.07055	0.10751	0.01060	0.00945	0.00453	0.00891
2	0.01884	0.01854	0.07453	0.02239	0.02761	0.01709	0.20370	0.02364	0.01938	0.08327	0.14442	0.07030	0.02923	0.01214	0.01288	0.00287	0.13603	0.01069	0.00599	0.06646
3	0.01508	0.01186	0.01394	0.01251	0.01645	0.01061	0.00983	0.07527	0.02097	0.02858	0.10588	0.15329	0.17643	0.01695	0.00926	0.00263	0.00592	0.09701	0.00733	0.21020
4	0.01414	0.01147	0.01340	0.01135	0.01572	0.00943	0.00878	0.01722	0.01866	0.02622	0.12691	0.05067	0.17795	0.08115	0.01187	0.00278	0.00583	0.06541	0.00662	0.32441
5	0.02796	0.02049	0.02821	0.02115	0.02788	0.02085	0.14348	0.31782	0.02972	0.13010	0.02168	0.02452	0.01613	0.05893	0.01117	0.00294	0.00981	0.00844	0.00739	0.07135

[dist]
# distance from previous block
# <min> <max>
17	58

[block]
# block no. 5 follows, 21 sequences, length 11
# corresponding to MSA columns:
# 378-388
name=unknown_F
#
# <colnr> <probs for GDERKNQSTAVLIFYWHMCP>
#	G	D	E	R	K	N	Q	S	T	A	V	L	I	F	Y	W	H	M	C	P
0	0.08631	0.01884	0.04586	0.02214	0.13514	0.04623	0.01527	0.14494	0.02208	0.03140	0.02840	0.03164	0.11896	0.04352	0.04568	0.00340	0.06727	0.00896	0.00589	0.07807
1	0.02413	0.02360	0.02517	0.02895	0.22101	0.15620	0.01792	0.12238	0.16640	0.03172	0.02646	0.02748	0.07024	0.01036	0.00848	0.00257	0.00981	0.00852	0.00626	0.01233
2	0.02122	0.02228	0.03109	0.17791	0.25599	0.12668	0.10620	0.02608	0.01955	0.02523	0.01541	0.02034	0.01241	0.00778	0.00830	0.00244	0.01141	0.00728	0.00426	0.09816
3	0.02071	0.10532	0.02624	0.08059	0.14044	0.02077	0.01755	0.14462	0.02286	0.03087	0.07774	0.03755	0.02551	0.01287	0.01115	0.00288	0.08935	0.11593	0.00607	0.01098
4	0.08558	0.01909	0.02112	0.02294	0.13644	0.09487	0.01542	0.16370	0.02316	0.03165	0.02295	0.03660	0.02142	0.07924	0.08875	0.00455	0.01119	0.10472	0.00607	0.01055
5	0.01195	0.00949	0.01056	0.01035	0.01255	0.00920	0.00747	0.01583	0.07264	0.02281	0.08629	0.06408	0.34263	0.17265	0.10898	0.00553	0.00795	0.01465	0.00698	0.00741
6	0.01628	0.01280	0.01469	0.01279	0.01698	0.01163	0.00971	0.11757	0.02130	0.02921	0.03988	0.25788	0.14472	0.01664	0.00891	0.00252	0.00599	0.01432	0.00712	0.23908
7	0.01743	0.01393	0.01907	0.22044	0.02947	0.01643	0.01479	0.11443	0.01881	0.02578	0.02016	0.03156	0.01839	0.17264	0.12747	0.00583	0.07178	0.00892	0.04376	0.00890
8	0.02144	0.01094	0.01347	0.01154	0.01572	0.00942	0.00911	0.02437	0.02216	0.27249	0.16296	0.05792	0.30112	0.01650	0.00947	0.00274	0.00541	0.01382	0.00919	0.01020
9	0.08808	0.46633	0.17311	0.01826	0.05637	0.02868	0.01830	0.02579	0.01729	0.02355	0.01279	0.01497	0.01087	0.00753	0.00616	0.00212	0.00967	0.00508	0.00381	0.01125
10	0.02423	0.08819	0.03102	0.02930	0.17427	0.27286	0.11719	0.02772	0.02034	0.02297	0.01599	0.02253	0.01422	0.08901	0.01222	0.00306	0.01255	0.00746	0.00435	0.01053

[dist]
# distance from previous block
# <min> <max>
0	5

[block]
# block no. 6 follows, 21 sequences, length 19
# corresponding to MSA columns:
# 394-412
name=unknown_G
#
# <colnr> <probs for GDERKNQSTAVLIFYWHMCP>
#	G	D	E	R	K	N	Q	S	T	A	V	L	I	F	Y	W	H	M	C	P
0	0.02556	0.12990	0.02734	0.19886	0.03413	0.31653	0.01779	0.07426	0.02211	0.02383	0.01415	0.01759	0.01141	0.00847	0.00757	0.00230	0.01244	0.00606	0.00446	0.04523
1	0.01240	0.00812	0.00925	0.00949	0.00971	0.00806	0.00556	0.01289	0.01328	0.01832	0.02936	0.13244	0.03335	0.56442	0.03643	0.00717	0.00751	0.01348	0.06318	0.00559
2	0.02173	0.01499	0.01713	0.01466	0.01903	0.01569	0.01156	0.13786	0.20140	0.12027	0.22968	0.04333	0.08852	0.01381	0.00917	0.00272	0.00623	0.01160	0.00905	0.01157
3	0.10625	0.08440	0.12099	0.02116	0.02699	0.19716	0.05889	0.11665	0.02180	0.02890	0.01425	0.01728	0.01144	0.00962	0.01108	0.00265	0.12829	0.00641	0.00481	0.01099
4	0.02719	0.37918	0.03454	0.01818	0.02404	0.34462	0.01549	0.02966	0.02064	0.02042	0.01248	0.01448	0.01094	0.00801	0.00655	0.00200	0.01217	0.00501	0.00401	0.01040
5	0.01775	0.01046	0.01300	0.01220	0.01570	0.00910	0.00955	0.02044	0.01974	0.16700	0.05333	0.19594	0.23211	0.01903	0.00980	0.00295	0.00582	0.10120	0.00823	0.07664
6	0.01048	0.00749	0.00998	0.01177	0.01237	0.00699	0.00791	0.01214	0.01682	0.02257	0.08746	0.65241	0.05792	0.02603	0.01081	0.00340	0.00487	0.02359	0.00800	0.00699
7	0.01219	0.00900	0.01309	0.01309	0.01440	0.01032	0.00990	0.01482	0.01350	0.01932	0.02333	0.03641	0.02257	0.14919	0.58360	0.01295	0.02085	0.00955	0.00464	0.00727
8	0.01343	0.01021	0.01340	0.01289	0.01345	0.01190	0.00925	0.01490	0.01339	0.01920	0.02438	0.08514	0.02607	0.32343	0.21281	0.00837	0.12894	0.01119	0.04084	0.00682
9	0.12886	0.01298	0.01473	0.01215	0.01729	0.01136	0.00949	0.02203	0.01865	0.11259	0.09090	0.12838	0.07140	0.01234	0.00777	0.00223	0.00589	0.01026	0.00688	0.30381
10	0.01765	0.01513	0.01765	0.01260	0.02017	0.01134	0.01008	0.02143	0.01765	0.02773	0.01513	0.01765	0.01260	0.00630	0.00630	0.00126	0.00630	0.00504	0.00504	0.75295
11	0.01586	0.00895	0.01087	0.01041	0.01134	0.00865	0.00654	0.01613	0.01420	0.10217	0.02840	0.10121	0.03040	0.50210	0.03527	0.06488	0.00778	0.01243	0.00598	0.00643
12	0.01193	0.00806	0.00941	0.00985	0.00996	0.00795	0.00576	0.01226	0.01324	0.01766	0.03126	0.19716	0.03654	0.55180	0.03614	0.00719	0.00752	0.01499	0.00576	0.00554
13	0.01033	0.00807	0.00920	0.01006	0.01174	0.00713	0.00701	0.01206	0.01765	0.02207	0.06575	0.34641	0.35407	0.06286	0.01232	0.00344	0.00481	0.02034	0.00774	0.00695
14	0.01195	0.00807	0.00941	0.00983	0.00993	0.00797	0.00574	0.01226	0.01321	0.01761	0.03108	0.19160	0.03632	0.55767	0.03642	0.00723	0.00755	0.01489	0.00574	0.00553
15	0.01884	0.02019	0.01971	0.01783	0.02057	0.21915	0.09175	0.02105	0.01861	0.02128	0.02871	0.27824	0.03166	0.13488	0.01535	0.00380	0.01008	0.01430	0.00582	0.00816
16	0.02871	0.20364	0.02957	0.01979	0.02493	0.37890	0.01608	0.10939	0.02379	0.02500	0.01366	0.01582	0.01144	0.00900	0.00860	0.00225	0.05833	0.00567	0.00471	0.01071
17	0.01034	0.00750	0.00977	0.01159	0.01228	0.00693	0.00778	0.01188	0.01654	0.02183	0.05006	0.64606	0.10355	0.02625	0.01080	0.00341	0.00489	0.02369	0.00790	0.00693
18	0.02080	0.01061	0.01374	0.01282	0.01563	0.00986	0.00937	0.02407	0.05291	0.23705	0.07303	0.30086	0.04026	0.12018	0.01474	0.00381	0.00626	0.01581	0.00851	0.00965

[dist]
# distance from previous block
# <min> <max>
1	4

[block]
# block no. 7 follows, 21 sequences, length 49
# corresponding to MSA columns:
# 417-465
name=unknown_H
#
# <colnr> <probs for GDERKNQSTAVLIFYWHMCP>
#	G	D	E	R	K	N	Q	S	T	A	V	L	I	F	Y	W	H	M	C	P
0	0.02586	0.03017	0.02717	0.15889	0.19796	0.36796	0.02042	0.02949	0.02147	0.02286	0.01430	0.01830	0.01171	0.00840	0.00804	0.00241	0.01317	0.00645	0.00422	0.01075
1	0.01870	0.03007	0.28884	0.09781	0.17762	0.02027	0.19091	0.02634	0.01877	0.02672	0.01596	0.02050	0.01203	0.00776	0.00874	0.00272	0.01239	0.00774	0.00395	0.01217
2	0.02220	0.02300	0.03066	0.09042	0.45379	0.13986	0.02314	0.02671	0.02035	0.02641	0.05002	0.02246	0.01654	0.00841	0.00838	0.00250	0.01084	0.00762	0.00450	0.01221
3	0.15863	0.01214	0.01434	0.01624	0.10290	0.01182	0.01053	0.01937	0.01939	0.07460	0.14449	0.08728	0.26556	0.01577	0.00884	0.00276	0.00577	0.01318	0.00730	0.00912
4	0.02209	0.01916	0.02464	0.11004	0.11785	0.04680	0.01783	0.19144	0.02301	0.03157	0.01702	0.02190	0.01398	0.01767	0.10452	0.00426	0.13753	0.00752	0.00540	0.06577
5	0.01968	0.01708	0.01599	0.01418	0.01764	0.10512	0.01054	0.16637	0.02320	0.02920	0.03663	0.15285	0.13786	0.14323	0.01540	0.00368	0.00810	0.01273	0.00684	0.06369
6	0.02177	0.02443	0.08163	0.02307	0.13183	0.18207	0.01649	0.11146	0.02415	0.02973	0.11712	0.03652	0.13962	0.01230	0.00874	0.00255	0.00964	0.00996	0.00624	0.01068
7	0.01286	0.00889	0.01259	0.01259	0.01419	0.01012	0.00975	0.01608	0.01447	0.02203	0.02374	0.03311	0.02138	0.05358	0.54157	0.01146	0.01922	0.00889	0.14584	0.00766
8	0.05972	0.55767	0.03951	0.01568	0.02236	0.14266	0.01463	0.02693	0.01834	0.02103	0.01206	0.01395	0.01085	0.00757	0.00583	0.00192	0.01006	0.00471	0.00385	0.01066
9	0.01122	0.00839	0.01044	0.01075	0.01257	0.00762	0.00790	0.01412	0.02072	0.02783	0.32688	0.23521	0.20542	0.02110	0.01034	0.00299	0.00451	0.04589	0.00856	0.00753
10	0.01243	0.00875	0.01218	0.01232	0.01358	0.00974	0.00916	0.01499	0.01409	0.02060	0.02565	0.08517	0.02534	0.15054	0.46075	0.01096	0.01746	0.01059	0.07850	0.00722
11	0.02050	0.02229	0.09336	0.07316	0.56763	0.02013	0.02653	0.02603	0.01915	0.02749	0.01590	0.02083	0.01314	0.00767	0.00840	0.00256	0.01039	0.00746	0.00414	0.01324
12	0.01882	0.01923	0.02946	0.02424	0.02545	0.02543	0.10273	0.02143	0.01402	0.02143	0.01202	0.01923	0.01142	0.01381	0.02541	0.00360	0.59102	0.00781	0.00381	0.00961
13	0.01104	0.00876	0.00999	0.00996	0.01247	0.00770	0.00766	0.01396	0.02092	0.02680	0.26123	0.07735	0.40661	0.02040	0.01021	0.00291	0.00455	0.07157	0.00837	0.00752
14	0.02275	0.70604	0.04459	0.01456	0.02184	0.03367	0.01456	0.02548	0.01729	0.02002	0.01183	0.01365	0.01092	0.00728	0.00546	0.00182	0.00910	0.00455	0.00364	0.01092
15	0.01044	0.00840	0.00931	0.00959	0.01186	0.00727	0.00700	0.01277	0.01956	0.02456	0.16945	0.19797	0.43825	0.02187	0.01021	0.00295	0.00438	0.01875	0.00814	0.00727
16	0.01238	0.00825	0.00928	0.00928	0.00928	0.00825	0.00516	0.01238	0.01238	0.01650	0.02681	0.05569	0.03094	0.70092	0.04331	0.00825	0.00825	0.01238	0.00516	0.00516
17	0.03126	0.03132	0.02441	0.02052	0.02604	0.32804	0.01610	0.30116	0.07601	0.03684	0.01804	0.01886	0.01366	0.00963	0.00813	0.00241	0.01199	0.00678	0.00658	0.01223
18	0.01527	0.00949	0.01193	0.01086	0.01370	0.00847	0.00831	0.01876	0.02307	0.11871	0.43154	0.06285	0.19963	0.01737	0.00983	0.00272	0.00454	0.01501	0.00920	0.00875
19	0.76103	0.01646	0.01251	0.01119	0.01646	0.01909	0.00922	0.02502	0.01448	0.03818	0.01185	0.01382	0.00922	0.00790	0.00527	0.00263	0.00658	0.00461	0.00527	0.00922
20	0.01068	0.00874	0.00949	0.00958	0.01225	0.00755	0.00737	0.01327	0.02008	0.02479	0.16062	0.08066	0.50848	0.02115	0.01022	0.00295	0.00460	0.07204	0.00810	0.00737
21	0.01088	0.00865	0.00977	0.00949	0.01200	0.00754	0.00712	0.01381	0.02135	0.02763	0.31814	0.07427	0.40956	0.01982	0.01005	0.00279	0.00419	0.01689	0.00851	0.00754
22	0.01041	0.00873	0.00911	0.00929	0.01208	0.00743	0.00715	0.01273	0.01942	0.02322	0.08230	0.08324	0.58778	0.02174	0.01022	0.00297	0.00465	0.07240	0.00790	0.00725
23	0.01193	0.00950	0.01087	0.01133	0.01344	0.00912	0.00817	0.01707	0.10479	0.02532	0.11630	0.31695	0.27007	0.02178	0.01018	0.00309	0.00487	0.01902	0.00815	0.00804
24	0.01983	0.02474	0.10173	0.03488	0.04383	0.02137	0.56721	0.02723	0.01991	0.02723	0.01705	0.02253	0.01273	0.00725	0.00988	0.00285	0.01420	0.00972	0.00424	0.01157
