[name]
unknown

[dist]
# distance from previous block
# <min> <max>
0	5

[block]
# block no. 0 follows, 22 sequences, length 6
# corresponding to MSA columns:
# 5-10
name=unknown_A
#
# <colnr> <probs for GDERKNQSTAVLIFYWHMCP>
#	G	D	E	R	K	N	Q	S	T	A	V	L	I	F	Y	W	H	M	C	P
0	0.01222	0.00856	0.01110	0.01140	0.01217	0.00903	0.00804	0.01376	0.01358	0.01848	0.02769	0.05355	0.02993	0.39574	0.23925	0.00909	0.01252	0.10245	0.00525	0.00620
1	0.01100	0.00857	0.00981	0.00997	0.01219	0.00768	0.00761	0.01354	0.01925	0.02447	0.19086	0.07585	0.37814	0.08747	0.01324	0.00344	0.00506	0.10702	0.00774	0.00709
2	0.01669	0.01116	0.01520	0.01756	0.12071	0.01029	0.01112	0.01950	0.01910	0.13496	0.07867	0.15159	0.27114	0.02060	0.05993	0.00359	0.00710	0.01440	0.00738	0.00931
3	0.35174	0.04630	0.02065	0.12212	0.12313	0.06010	0.01512	0.02465	0.01623	0.05531	0.01404	0.01769	0.01122	0.01059	0.03564	0.00304	0.05180	0.00595	0.00473	0.00994
4	0.02898	0.03340	0.02579	0.02709	0.15346	0.45568	0.01793	0.11079	0.02467	0.02597	0.01435	0.01677	0.01165	0.00851	0.00775	0.00225	0.01317	0.00605	0.00478	0.01094
5	0.11439	0.01005	0.01123	0.01108	0.01356	0.00981	0.00807	0.01829	0.04535	0.09363	0.09136	0.26728	0.16721	0.08600	0.01240	0.00344	0.00547	0.01575	0.00753	0.00810

[dist]
# distance from previous block
# <min> <max>
7	12

[block]
# block no. 1 follows, 22 sequences, length 6
# corresponding to MSA columns:
# 23-28
name=unknown_B
#
# <colnr> <probs for GDERKNQSTAVLIFYWHMCP>
#	G	D	E	R	K	N	Q	S	T	A	V	L	I	F	Y	W	H	M	C	P
0	0.02056	0.01782	0.01985	0.12899	0.05595	0.06826	0.01455	0.17548	0.13687	0.03338	0.11286	0.03642	0.11928	0.01227	0.00869	0.00263	0.00807	0.01013	0.00708	0.01086
1	0.26063	0.01775	0.02307	0.11345	0.22727	0.01916	0.01728	0.10124	0.02013	0.10132	0.01661	0.01928	0.01248	0.00825	0.00728	0.00255	0.00854	0.00659	0.00557	0.01155
2	0.39094	0.01646	0.06529	0.17547	0.02683	0.01665	0.01378	0.02201	0.01643	0.03122	0.09631	0.02566	0.05429	0.00977	0.00696	0.00264	0.00757	0.00736	0.00531	0.00905
3	0.08791	0.00978	0.01105	0.01041	0.01341	0.00901	0.00791	0.01779	0.01990	0.10994	0.21113	0.13959	0.28579	0.01791	0.00926	0.00277	0.00480	0.01518	0.00816	0.00831
4	0.01846	0.06485	0.24885	0.09724	0.24927	0.02108	0.02526	0.02445	0.01712	0.02473	0.01432	0.01890	0.01156	0.00878	0.01098	0.00270	0.11922	0.00678	0.00376	0.01169
5	0.24502	0.02018	0.01891	0.11121	0.09077	0.16164	0.01417	0.02710	0.01853	0.09692	0.01703	0.01964	0.01295	0.00848	0.00686	0.00241	0.00906	0.00623	0.10289	0.01000

[dist]
# distance from previous block
# <min> <max>
3	20

[block]
# block no. 2 follows, 22 sequences, length 7
# corresponding to MSA columns:
# 49-55
name=unknown_C
#
# <colnr> <probs for GDERKNQSTAVLIFYWHMCP>
#	G	D	E	R	K	N	Q	S	T	A	V	L	I	F	Y	W	H	M	C	P
0	0.05140	0.01391	0.01505	0.01329	0.01714	0.01454	0.01035	0.17843	0.10998	0.06049	0.08008	0.14280	0.17562	0.01550	0.00881	0.00272	0.00608	0.01294	0.06070	0.01015
1	0.02516	0.01877	0.02091	0.01684	0.02200	0.02057	0.01355	0.40589	0.06350	0.04131	0.02126	0.02516	0.01699	0.06873	0.13376	0.00484	0.01118	0.00802	0.00718	0.05439
2	0.01510	0.01300	0.01346	0.01255	0.01627	0.01366	0.00964	0.02760	0.32174	0.02843	0.05966	0.05613	0.34751	0.01629	0.00915	0.00281	0.00536	0.01357	0.00807	0.01000
3	0.02467	0.09072	0.02552	0.18364	0.06323	0.28938	0.01748	0.11011	0.02265	0.02530	0.01646	0.06249	0.01428	0.00964	0.00784	0.00241	0.01174	0.00735	0.00484	0.01024
4	0.20688	0.02359	0.05466	0.08850	0.22144	0.17598	0.01809	0.02612	0.01885	0.02781	0.05270	0.02000	0.01520	0.00845	0.00737	0.00246	0.01011	0.00659	0.00465	0.01055
5	0.10395	0.03496	0.43454	0.02258	0.03282	0.02038	0.08121	0.11979	0.02069	0.03163	0.01549	0.01791	0.01111	0.00811	0.00782	0.00262	0.01129	0.00650	0.00450	0.01210
6	0.02256	0.10968	0.18194	0.02416	0.13307	0.12153	0.01964	0.05664	0.06981	0.08517	0.02054	0.08210	0.01737	0.01007	0.00794	0.00250	0.01011	0.00816	0.00537	0.01165

[dist]
# distance from previous block
# <min> <max>
13	55

[block]
# block no. 3 follows, 22 sequences, length 24
# corresponding to MSA columns:
# 115-138
name=unknown_D
#
# <colnr> <probs for GDERKNQSTAVLIFYWHMCP>
#	G	D	E	R	K	N	Q	S	T	A	V	L	I	F	Y	W	H	M	C	P
0	0.01956	0.09781	0.02134	0.04692	0.02110	0.07642	0.01323	0.11697	0.09317	0.02933	0.14482	0.03227	0.05253	0.01926	0.10446	0.00412	0.08116	0.00920	0.00631	0.01001
1	0.01994	0.18182	0.17848	0.01602	0.02311	0.01908	0.01620	0.02776	0.11545	0.09764	0.09422	0.02869	0.06201	0.01018	0.00762	0.00234	0.00805	0.00810	0.00606	0.07722
2	0.05896	0.05095	0.06378	0.02010	0.02641	0.05257	0.12433	0.29776	0.02845	0.03918	0.09184	0.02496	0.02098	0.00982	0.00827	0.00250	0.00943	0.00834	0.04957	0.01180
3	0.02492	0.44683	0.07052	0.01718	0.02361	0.25110	0.01574	0.02778	0.01919	0.02018	0.01217	0.01412	0.01067	0.00765	0.00621	0.00195	0.01115	0.00484	0.00380	0.01040
4	0.02431	0.32658	0.14684	0.01727	0.02470	0.06592	0.01714	0.16204	0.02260	0.06485	0.01595	0.01825	0.01280	0.03746	0.00831	0.00242	0.00979	0.00603	0.00511	0.01163
5	0.01031	0.00818	0.00900	0.00926	0.01130	0.00716	0.00661	0.01231	0.01830	0.02289	0.13770	0.18424	0.42391	0.08552	0.01298	0.00337	0.00464	0.01780	0.00763	0.00688
6	0.01416	0.05165	0.01805	0.01540	0.01672	0.01555	0.01236	0.01662	0.01331	0.01929	0.01885	0.02900	0.01813	0.08594	0.42492	0.00977	0.19977	0.00840	0.00422	0.00790
7	0.01163	0.00926	0.01264	0.13197	0.02011	0.00928	0.01023	0.01480	0.01930	0.02568	0.25912	0.23017	0.17740	0.01868	0.00975	0.00288	0.00550	0.01647	0.00749	0.00763
8	0.01984	0.12035	0.15229	0.14115	0.03977	0.08364	0.27465	0.02601	0.01872	0.02408	0.01503	0.01955	0.01152	0.00755	0.00838	0.00256	0.01259	0.00758	0.00391	0.01083
9	0.02028	0.01945	0.03321	0.08781	0.62160	0.01966	0.02536	0.02525	0.01878	0.02680	0.01558	0.02065	0.01304	0.00745	0.00823	0.00248	0.00994	0.00740	0.00409	0.01293
10	0.01961	0.02241	0.04902	0.03501	0.04342	0.02101	0.62605	0.02661	0.01961	0.02661	0.01681	0.02241	0.01261	0.00700	0.00980	0.00280	0.01401	0.00980	0.00420	0.01120
11	0.02141	0.02225	0.03002	0.18089	0.41591	0.13703	0.02329	0.02597	0.01926	0.02466	0.01494	0.01990	0.01228	0.00780	0.00811	0.00247	0.01104	0.00703	0.00405	0.01169
12	0.01928	0.35854	0.37232	0.01922	0.02906	0.02569	0.02293	0.02563	0.01723	0.02312	0.01333	0.01556	0.01059	0.00752	0.00669	0.00223	0.01068	0.00534	0.00353	0.01152
13	0.01208	0.00805	0.00906	0.00906	0.00906	0.00805	0.00503	0.01208	0.01208	0.01611	0.02618	0.05436	0.03020	0.70804	0.04228	0.00805	0.00805	0.01208	0.00503	0.00503
14	0.01210	0.00929	0.01130	0.01226	0.01374	0.00933	0.00861	0.01769	0.12881	0.02447	0.08404	0.50370	0.08773	0.02250	0.01012	0.00319	0.00504	0.02015	0.00793	0.00798
15	0.02290	0.02229	0.02943	0.05980	0.16591	0.09833	0.09983	0.13488	0.07977	0.02970	0.01688	0.02059	0.01353	0.00987	0.01246	0.00277	0.15661	0.00765	0.00518	0.01161
16	0.02003	0.02078	0.02611	0.03590	0.39441	0.13634	0.01941	0.02381	0.01976	0.02483	0.03071	0.03306	0.15827	0.01072	0.00845	0.00248	0.00951	0.00933	0.00496	0.01112
17	0.01148	0.00815	0.00889	0.00889	0.00964	0.00778	0.00537	0.01204	0.01391	0.01780	0.04163	0.06119	0.19622	0.52487	0.03363	0.00665	0.00703	0.01353	0.00575	0.00556
18	0.02157	0.63519	0.11574	0.01531	0.02302	0.03129	0.01613	0.02504	0.01696	0.02033	0.01194	0.01382	0.01065	0.00720	0.00563	0.00188	0.00928	0.00464	0.00355	0.01085
19	0.01997	0.04219	0.51714	0.02315	0.03359	0.17036	0.02732	0.02789	0.01892	0.02493	0.01443	0.01695	0.01056	0.00805	0.00780	0.00252	0.01290	0.00596	0.00369	0.01167
20	0.02212	0.32547	0.26343	0.01919	0.02755	0.16694	0.02056	0.02719	0.01856	0.02216	0.01304	0.01520	0.01062	0.00771	0.00672	0.00216	0.01143	0.00525	0.00369	0.01102
21	0.02349	0.21637	0.17856	0.02532	0.14007	0.23493	0.02063	0.02800	0.01955	0.02272	0.01347	0.01613	0.01109	0.00781	0.00714	0.00222	0.01181	0.00566	0.00388	0.01115
22	0.01559	0.01024	0.01155	0.01109	0.01305	0.01084	0.00803	0.07641	0.07262	0.02744	0.02877	0.12603	0.02739	0.16966	0.09261	0.00491	0.00778	0.01109	0.26683	0.00807
23	0.02242	0.10969	0.17706	0.01862	0.02565	0.05335	0.07061	0.08871	0.04537	0.13764	0.02795	0.08941	0.07485	0.01137	0.00829	0.00258	0.00929	0.00950	0.00624	0.01140

[dist]
# distance from previous block
# <min> <max>
0	3

[block]
# block no. 4 follows, 22 sequences, length 15
# corresponding to MSA columns:
# 142-156
name=unknown_E
#
# <colnr> <probs for GDERKNQSTAVLIFYWHMCP>
#	G	D	E	R	K	N	Q	S	T	A	V	L	I	F	Y	W	H	M	C	P
0	0.06470	0.02139	0.09859	0.09746	0.30976	0.02000	0.09380	0.02431	0.01745	0.02611	0.01470	0.01970	0.01203	0.00839	0.01061	0.00265	0.10033	0.00724	0.00406	0.04672
1	0.01742	0.03792	0.51792	0.02743	0.07853	0.01962	0.13187	0.02631	0.01798	0.02642	0.01528	0.01857	0.01105	0.00771	0.00824	0.00265	0.01241	0.00685	0.00367	0.01215
2	0.01932	0.27192	0.29717	0.02315	0.03267	0.02445	0.17070	0.02588	0.01782	0.02402	0.01420	0.01726	0.01108	0.00740	0.00747	0.00237	0.01152	0.00644	0.00369	0.01145
3	0.01716	0.01741	0.02639	0.02175	0.02473	0.07231	0.16382	0.02071	0.01555	0.02137	0.01689	0.02453	0.01511	0.03063	0.27130	0.00706	0.21179	0.00836	0.00414	0.00901
4	0.02902	0.02200	0.02349	0.01860	0.02479	0.02457	0.01517	0.49151	0.18024	0.04823	0.02320	0.02254	0.01676	0.01028	0.00834	0.00257	0.00854	0.00793	0.00834	0.01390
5	0.02215	0.01858	0.01962	0.01721	0.02217	0.02136	0.01351	0.12353	0.55941	0.03714	0.03193	0.02949	0.02383	0.01109	0.00843	0.00277	0.00692	0.00913	0.00843	0.01328
6	0.01176	0.00849	0.01110	0.01045	0.01241	0.00784	0.00784	0.01568	0.02352	0.03331	0.65184	0.06206	0.07839	0.01698	0.00980	0.00261	0.00392	0.01502	0.00914	0.00784
7	0.01833	0.01798	0.03210	0.32237	0.31239	0.01937	0.10927	0.02382	0.01802	0.02453	0.01542	0.02150	0.01219	0.00773	0.00848	0.00264	0.01097	0.00773	0.00394	0.01119
8	0.00982	0.00842	0.00842	0.00842	0.01122	0.00701	0.00631	0.01192	0.01894	0.02244	0.08416	0.07995	0.65285	0.02104	0.00982	0.00281	0.00421	0.01753	0.00771	0.00701
9	0.01181	0.01017	0.04960	0.01059	0.01203	0.00841	0.00770	0.01359	0.01587	0.02153	0.16072	0.15892	0.08919	0.36420	0.02608	0.00547	0.00667	0.01456	0.00641	0.00647
10	0.02835	0.03451	0.02615	0.02897	0.18703	0.50710	0.01847	0.03121	0.02236	0.02207	0.01355	0.01641	0.01133	0.00826	0.00768	0.00222	0.01367	0.00588	0.00424	0.01053
11	0.02136	0.02524	0.09644	0.03877	0.34488	0.11571	0.14812	0.02671	0.01952	0.02595	0.01535	0.01966	0.01238	0.00748	0.00831	0.00244	0.01153	0.00735	0.00414	0.04866
12	0.02400	0.02781	0.02511	0.19709	0.15552	0.34577	0.01919	0.02755	0.02064	0.02199	0.01748	0.02118	0.04374	0.00890	0.00796	0.00240	0.01244	0.00688	0.00427	0.01008
13	0.02314	0.50853	0.06713	0.01652	0.02279	0.14237	0.01562	0.02597	0.01772	0.02003	0.01187	0.01421	0.01068	0.00801	0.00764	0.00203	0.06672	0.00491	0.00368	0.01043
14	0.02162	0.01402	0.01900	0.01788	0.06231	0.01392	0.04990	0.03030	0.17583	0.19141	0.11340	0.04689	0.09382	0.01387	0.00924	0.00285	0.00698	0.09728	0.00827	0.01122

[dist]
# distance from previous block
# <min> <max>
1	4

[block]
# block no. 5 follows, 22 sequences, length 23
# corresponding to MSA columns:
# 161-183
name=unknown_F
#
# <colnr> <probs for GDERKNQSTAVLIFYWHMCP>
#	G	D	E	R	K	N	Q	S	T	A	V	L	I	F	Y	W	H	M	C	P
0	0.03030	0.02832	0.02386	0.01940	0.02528	0.25082	0.01543	0.37509	0.03200	0.03928	0.01708	0.01801	0.01280	0.00919	0.00786	0.00227	0.01095	0.00654	0.00665	0.06886
1	0.01999	0.34625	0.34702	0.01926	0.02874	0.06276	0.02240	0.02605	0.01758	0.02291	0.01327	0.01549	0.01060	0.00758	0.00671	0.00222	0.01089	0.00533	0.00357	0.01139
2	0.01167	0.00788	0.00918	0.00959	0.00969	0.00778	0.00560	0.01197	0.01289	0.01718	0.03031	0.19115	0.03542	0.56413	0.03560	0.00707	0.00737	0.01452	0.00560	0.00540
3	0.01032	0.00737	0.00987	0.01180	0.01237	0.00692	0.00806	0.01192	0.01610	0.02143	0.04568	0.66489	0.05450	0.02584	0.01066	0.00340	0.00500	0.05935	0.00771	0.00680
4	0.01223	0.00947	0.01189	0.01179	0.01432	0.00803	0.00835	0.01435	0.01630	0.02295	0.03657	0.49897	0.04228	0.02012	0.00928	0.00274	0.00522	0.01806	0.00688	0.23021
5	0.02497	0.02401	0.01851	0.01627	0.01994	0.27428	0.01261	0.14613	0.02383	0.03035	0.01904	0.02168	0.01504	0.00961	0.00835	0.00224	0.05360	0.00672	0.26299	0.00984
6	0.02988	0.12741	0.02615	0.02046	0.02511	0.59100	0.01581	0.03209	0.02267	0.02023	0.01267	0.01477	0.01070	0.00837	0.00721	0.00209	0.01419	0.00523	0.00419	0.00977
7	0.01913	0.23717	0.34714	0.02663	0.16249	0.02342	0.02470	0.02571	0.01763	0.02447	0.01406	0.01693	0.01112	0.00756	0.00720	0.00234	0.01076	0.00590	0.00365	0.01198
8	0.02233	0.02290	0.02891	0.06606	0.40576	0.14174	0.02153	0.02993	0.12587	0.02693	0.01818	0.02137	0.01470	0.00832	0.00813	0.00248	0.01031	0.00736	0.00487	0.01234
9	0.01188	0.00884	0.01303	0.01303	0.01440	0.01021	0.00998	0.01463	0.01326	0.01904	0.02255	0.03428	0.02148	0.11112	0.62728	0.01295	0.02118	0.00914	0.00449	0.00724
10	0.02106	0.02400	0.01693	0.01615	0.01900	0.34639	0.01189	0.02341	0.02152	0.02331	0.15512	0.18497	0.07318	0.01501	0.00881	0.00256	0.00976	0.01221	0.00626	0.00845
11	0.02824	0.03381	0.02829	0.02679	0.10734	0.46547	0.09807	0.06823	0.02340	0.02400	0.01416	0.01698	0.01147	0.00830	0.00794	0.00229	0.01385	0.00633	0.00450	0.01056
12	0.01150	0.00781	0.00923	0.00981	0.00995	0.00767	0.00583	0.01193	0.01322	0.01762	0.03200	0.24698	0.03755	0.50540	0.03287	0.00666	0.00709	0.01551	0.00583	0.00554
13	0.01039	0.00844	0.00921	0.00902	0.01157	0.00726	0.00677	0.01304	0.02030	0.02567	0.25283	0.07463	0.48216	0.01983	0.00981	0.00275	0.00412	0.01679	0.00814	0.00726
14	0.02217	0.05578	0.12293	0.03792	0.38501	0.11889	0.02331	0.05646	0.04913	0.02723	0.01598	0.01943	0.01291	0.00794	0.00796	0.00243	0.01076	0.00688	0.00443	0.01244
15	0.01987	0.02023	0.03470	0.17453	0.37675	0.05044	0.15129	0.02523	0.01881	0.02552	0.01557	0.02101	0.01251	0.00755	0.00854	0.00258	0.01122	0.00781	0.00405	0.01179
16	0.01187	0.00890	0.01335	0.01335	0.01483	0.01038	0.01038	0.01483	0.01335	0.01928	0.02225	0.03264	0.02077	0.06231	0.67512	0.01335	0.02225	0.00890	0.00445	0.00742
17	0.03103	0.03959	0.02354	0.02140	0.02568	0.67469	0.01605	0.03317	0.02354	0.02033	0.01284	0.01498	0.01070	0.00856	0.00749	0.00214	0.01498	0.00535	0.00428	0.00963
18	0.02234	0.17991	0.24944	0.02106	0.02878	0.23185	0.05959	0.02754	0.01921	0.02256	0.01410	0.01705	0.01136	0.01115	0.04744	0.00295	0.01314	0.00593	0.00387	0.01073
19	0.01956	0.02294	0.06690	0.02369	0.05757	0.15527	0.22107	0.04710	0.02126	0.02603	0.08921	0.03619	0.15338	0.01141	0.00907	0.00261	0.01072	0.01055	0.00553	0.00994
20	0.02226	0.02130	0.03141	0.08621	0.50035	0.06954	0.02355	0.09272	0.02135	0.02905	0.01584	0.02018	0.01295	0.00783	0.00818	0.00246	0.01025	0.00726	0.00456	0.01275
21	0.21146	0.01682	0.04048	0.05733	0.02042	0.07120	0.01212	0.10970	0.02065	0.03148	0.08500	0.17279	0.05525	0.01436	0.00828	0.00280	0.00749	0.04662	0.00655	0.00920
22	0.01829	0.01581	0.02236	0.06882	0.26967	0.04103	0.01702	0.08632	0.02051	0.02818	0.05006	0.19063	0.02809	0.01365	0.00887	0.00274	0.00811	0.04530	0.05405	0.01048

[dist]
# distance from previous block
# <min> <max>
0	10

[block]
# block no. 6 follows, 22 sequences, length 7
# corresponding to MSA columns:
# 194-200
name=unknown_G
#
# <colnr> <probs for GDERKNQSTAVLIFYWHMCP>
#	G	D	E	R	K	N	Q	S	T	A	V	L	I	F	Y	W	H	M	C	P
0	0.17671	0.01976	0.02039	0.02058	0.12026	0.07556	0.01411	0.23886	0.02554	0.03674	0.02935	0.02990	0.13617	0.01112	0.00787	0.00253	0.00825	0.00862	0.00654	0.01116
1	0.02470	0.02572	0.01933	0.01744	0.02097	0.31755	0.01299	0.15787	0.02405	0.02706	0.02254	0.15636	0.02258	0.09855	0.01257	0.00319	0.01084	0.01025	0.00594	0.00949
2	0.01569	0.01477	0.02492	0.68808	0.05722	0.01846	0.02307	0.02123	0.01661	0.02123	0.01477	0.02215	0.01107	0.00831	0.00831	0.00277	0.01107	0.00738	0.00369	0.00923
3	0.01208	0.00805	0.00906	0.00906	0.00906	0.00805	0.00503	0.01208	0.01208	0.01611	0.02618	0.05436	0.03020	0.70804	0.04228	0.00805	0.00805	0.01208	0.00503	0.00503
4	0.26700	0.02096	0.02086	0.01649	0.02266	0.02348	0.01361	0.43506	0.03108	0.04753	0.01726	0.01788	0.01248	0.00925	0.00730	0.00252	0.00827	0.00652	0.00730	0.01248
5	0.02216	0.02476	0.03854	0.03818	0.26249	0.14698	0.29001	0.02747	0.02012	0.02559	0.01561	0.02030	0.01244	0.00745	0.00878	0.00255	0.01269	0.00807	0.00418	0.01161
6	0.02718	0.02939	0.02185	0.01934	0.02391	0.36101	0.01488	0.13004	0.17816	0.02896	0.01985	0.02101	0.01560	0.01332	0.05586	0.00317	0.01249	0.00695	0.00597	0.01106

[dist]
# distance from previous block
# <min> <max>
0	3

[block]
# block no. 7 follows, 22 sequences, length 60
# corresponding to MSA columns:
# 204-263
name=unknown_H
#
# <colnr> <probs for GDERKNQSTAVLIFYWHMCP>
#	G	D	E	R	K	N	Q	S	T	A	V	L	I	F	Y	W	H	M	C	P
0	0.02010	0.02055	0.05010	0.01998	0.02645	0.08463	0.15862	0.07143	0.10201	0.02983	0.09062	0.02535	0.02152	0.00886	0.00810	0.00221	0.00919	0.00810	0.00582	0.23652
1	0.01036	0.00788	0.00965	0.01076	0.01217	0.00701	0.00744	0.01208	0.01677	0.02180	0.05459	0.50645	0.21188	0.02381	0.01020	0.00313	0.00472	0.02116	0.00759	0.04056
2	0.01787	0.03121	0.33690	0.02653	0.03481	0.02123	0.20025	0.02492	0.01701	0.02492	0.01452	0.01910	0.01122	0.00919	0.01298	0.00292	0.17201	0.00747	0.00374	0.01122
3	0.02141	0.53070	0.18108	0.01668	0.02480	0.06128	0.01798	0.02560	0.01735	0.02109	0.01236	0.01435	0.01063	0.00735	0.00601	0.00198	0.00994	0.00486	0.00358	0.01097
4	0.05613	0.19488	0.22331	0.02049	0.06252	0.07214	0.01969	0.07537	0.14443	0.02845	0.01800	0.01920	0.01390	0.00855	0.00728	0.00240	0.00987	0.00642	0.00504	0.01190
5	0.01702	0.08662	0.62452	0.02306	0.03500	0.02018	0.02962	0.02622	0.01750	0.02587	0.01469	0.01726	0.01053	0.00784	0.00773	0.00258	0.01206	0.00603	0.00351	0.01217
6	0.02013	0.01930	0.03295	0.10677	0.60378	0.01963	0.02528	0.02512	0.01871	0.02662	0.01555	0.02070	0.01298	0.00748	0.00823	0.00249	0.00997	0.00740	0.00408	0.01281
7	0.03158	0.02327	0.02493	0.01911	0.02576	0.02576	0.01579	0.62852	0.03906	0.05236	0.01995	0.01995	0.01413	0.00997	0.00831	0.00249	0.00914	0.00748	0.00831	0.01413
8	0.01012	0.00723	0.00964	0.01157	0.01205	0.00675	0.00771	0.01157	0.01591	0.02121	0.04579	0.70262	0.05495	0.02603	0.01060	0.00337	0.00482	0.02362	0.00771	0.00675
9	0.01443	0.00722	0.01082	0.01082	0.01082	0.00722	0.00722	0.01082	0.01082	0.01443	0.01443	0.02525	0.01443	0.02886	0.03247	0.75830	0.00722	0.00722	0.00361	0.00361
10	0.01698	0.04076	0.59889	0.02489	0.03676	0.01948	0.09459	0.02634	0.01776	0.02634	0.01511	0.01806	0.01075	0.00780	0.00810	0.00265	0.01246	0.00653	0.00358	0.01216
11	0.00982	0.00842	0.00842	0.00842	0.01122	0.00701	0.00631	0.01192	0.01894	0.02244	0.08416	0.07995	0.65285	0.02104	0.00982	0.00281	0.00421	0.01753	0.00771	0.00701
12	0.01012	0.00723	0.00964	0.01157	0.01205	0.00675	0.00771	0.01157	0.01591	0.02121	0.04579	0.70262	0.05495	0.02603	0.01060	0.00337	0.00482	0.02362	0.00771	0.00675
13	0.02056	0.01974	0.03372	0.05099	0.65622	0.01974	0.02550	0.02550	0.01892	0.02714	0.01563	0.02056	0.01316	0.00740	0.00822	0.00247	0.00987	0.00740	0.00411	0.01316
14	0.01666	0.04297	0.66500	0.02368	0.03596	0.01929	0.03069	0.02631	0.01754	0.02631	0.01491	0.01754	0.01052	0.00789	0.00789	0.00263	0.01228	0.00614	0.00351	0.01228
15	0.02056	0.01974	0.03372	0.05099	0.65622	0.01974	0.02550	0.02550	0.01892	0.02714	0.01563	0.02056	0.01316	0.00740	0.00822	0.00247	0.00987	0.00740	0.00411	0.01316
16	0.01666	0.04297	0.66500	0.02368	0.03596	0.01929	0.03069	0.02631	0.01754	0.02631	0.01491	0.01754	0.01052	0.00789	0.00789	0.00263	0.01228	0.00614	0.00351	0.01228
17	0.02110	0.57868	0.16815	0.01611	0.02426	0.03015	0.01752	0.02516	0.01701	0.02090	0.01222	0.01417	0.01063	0.00726	0.00584	0.00195	0.00956	0.00478	0.00354	0.01099
18	0.01305	0.01182	0.04371	0.01511	0.01683	0.01309	0.01247	0.01613	0.01344	0.01970	0.02018	0.02975	0.01880	0.05257	0.54615	0.01139	0.12511	0.00853	0.00428	0.00789
19	0.01509	0.01117	0.01302	0.01284	0.01513	0.01124	0.00938	0.15597	0.02180	0.02869	0.04580	0.44463	0.13975	0.02148	0.00994	0.00308	0.00573	0.01888	0.00785	0.00852
20	0.01885	0.01800	0.03064	0.27423	0.44633	0.01929	0.02465	0.02400	0.01811	0.02507	0.01532	0.02112	0.01243	0.00772	0.00825	0.00257	0.01029	0.00740	0.00396	0.01178
21	0.02659	0.03234	0.02080	0.01961	0.02320	0.51880	0.01488	0.02889	0.02220	0.02104	0.02030	0.09242	0.02007	0.01223	0.00834	0.00249	0.01299	0.08866	0.00507	0.00908
22	0.02056	0.01974	0.03372	0.05099	0.65622	0.01974	0.02550	0.02550	0.01892	0.02714	0.01563	0.02056	0.01316	0.00740	0.00822	0.00247	0.00987	0.00740	0.00411	0.01316
23	0.02028	0.01945	0.03322	0.08738	0.62201	0.01967	0.02536	0.02525	0.01878	0.02680	0.01558	0.02065	0.01304	0.00745	0.00823	0.00248	0.00994	0.00740	0.00409	0.01293
24	0.02056	0.01974	0.03372	0.05099	0.65622	0.01974	0.02550	0.02550	0.01892	0.02714	0.01563	0.02056	0.01316	0.00740	0.00822	0.00247	0.00987	0.00740	0.00411	0.01316
25	0.01386	0.00929	0.01208	0.01310	0.01508	0.00891	0.01034	0.01743	0.04583	0.07113	0.04857	0.30167	0.12607	0.02234	0.01058	0.00339	0.00610	0.24832	0.00791	0.00797
26	0.01976	0.01890	0.03184	0.04782	0.60818	0.01879	0.02407	0.02448	0.01892	0.02679	0.02073	0.02498	0.06081	0.00842	0.00834	0.00249	0.00945	0.00816	0.00438	0.01270
27	0.02426	0.02288	0.01897	0.01726	0.02126	0.23281	0.01310	0.07172	0.21418	0.08835	0.02830	0.15942	0.02527	0.01316	0.00855	0.00266	0.00921	0.01069	0.00710	0.01086
28	0.01192	0.00870	0.01235	0.01235	0.01348	0.00984	0.00913	0.01419	0.01305	0.01854	0.02317	0.03772	0.02298	0.21339	0.52706	0.01211	0.01893	0.00964	0.00459	0.00686
29	0.01946	0.02088	0.04044	0.03513	0.16124	0.02179	0.36340	0.02484	0.01786	0.02517	0.01519	0.02105	0.01232	0.00885	0.01357	0.00293	0.17200	0.00873	0.00405	0.01110
30	0.02056	0.01974	0.03372	0.05099	0.65622	0.01974	0.02550	0.02550	0.01892	0.02714	0.01563	0.02056	0.01316	0.00740	0.00822	0.00247	0.00987	0.00740	0.00411	0.01316
31	0.01875	0.25807	0.41688	0.02265	0.07742	0.02372	0.02497	0.02578	0.01743	0.02418	0.01387	0.01640	0.01076	0.00760	0.00709	0.00234	0.01100	0.00568	0.00357	0.01182
32	0.01086	0.00789	0.01040	0.01214	0.01318	0.00743	0.00891	0.01292	0.01695	0.02218	0.04903	0.50067	0.11039	0.02483	0.01073	0.00343	0.00542	0.15796	0.00770	0.00698
33	0.02357	0.60930	0.04045	0.01532	0.02199	0.13174	0.01450	0.02615	0.01791	0.01967	0.01175	0.01358	0.01067	0.00733	0.00566	0.00183	0.00982	0.00458	0.00367	0.01050
34	0.01969	0.06052	0.14552	0.02368	0.05464	0.12398	0.09508	0.02395	0.01671	0.02224	0.01420	0.01958	0.01221	0.01614	0.08952	0.00406	0.23718	0.00712	0.00389	0.01009
35	0.02056	0.01974	0.03372	0.05099	0.65622	0.01974	0.02550	0.02550	0.01892	0.02714	0.01563	0.02056	0.01316	0.00740	0.00822	0.00247	0.00987	0.00740	0.00411	0.01316
36	0.01722	0.01013	0.01324	0.01322	0.01625	0.00937	0.01108	0.02053	0.02034	0.15268	0.09641	0.07501	0.18619	0.01952	0.01034	0.00324	0.00645	0.30166	0.00830	0.00882
37	0.02902	0.11746	0.07479	0.02005	0.02595	0.36468	0.01686	0.19881	0.02663	0.02968	0.01483	0.01637	0.01164	0.00873	0.00749	0.00223	0.01239	0.00590	0.00526	0.01122
38	0.01689	0.01599	0.02709	0.53067	0.20521	0.01877	0.02367	0.02228	0.01718	0.02269	0.01498	0.02176	0.01159	0.00808	0.00829	0.00269	0.01078	0.00739	0.00380	0.01020
39	0.01666	0.04297	0.66500	0.02368	0.03596	0.01929	0.03069	0.02631	0.01754	0.02631	0.01491	0.01754	0.01052	0.00789	0.00789	0.00263	0.01228	0.00614	0.00351	0.01228
40	0.01375	0.01027	0.01446	0.01390	0.01588	0.01185	0.01090	0.07346	0.01581	0.02244	0.02203	0.03142	0.02013	0.05731	0.61143	0.01231	0.02100	0.00876	0.00482	0.00806
41	0.01729	0.03737	0.50598	0.02544	0.03601	0.02011	0.13046	0.02582	0.01748	0.02582	0.01489	0.01842	0.01091	0.00831	0.00987	0.00275	0.07076	0.00686	0.00364	0.01182
42	0.02056	0.01974	0.03372	0.05099	0.65622	0.01974	0.02550	0.02550	0.01892	0.02714	0.01563	0.02056	0.01316	0.00740	0.00822	0.00247	0.00987	0.00740	0.00411	0.01316
43	0.01033	0.00836	0.00918	0.00914	0.01158	0.00721	0.00679	0.01286	0.01991	0.02513	0.22635	0.11595	0.46748	0.02033	0.00986	0.00279	0.00417	0.01729	0.00808	0.00721
44	0.01864	0.01772	0.03021	0.04172	0.48159	0.01746	0.06681	0.02337	0.01932	0.02708	0.07011	0.03188	0.07168	0.00989	0.00873	0.00259	0.00917	0.03522	0.00495	0.01187
45	0.02056	0.01974	0.03372	0.05099	0.65622	0.01974	0.02550	0.02550	0.01892	0.02714	0.01563	0.02056	0.01316	0.00740	0.00822	0.00247	0.00987	0.00740	0.00411	0.01316
46	0.01796	0.19975	0.51959	0.02146	0.03253	0.02247	0.02684	0.02597	0.01738	0.02473	0.01412	0.01655	0.01056	0.00771	0.00729	0.00243	0.01148	0.00574	0.00352	0.01190
47	0.01693	0.07485	0.63544	0.02323	0.03526	0.01994	0.02991	0.02624	0.01751	0.02599	0.01475	0.01734	0.01053	0.00786	0.00777	0.00259	0.01212	0.00606	0.00351	0.01220
48	0.02052	0.02213	0.06182	0.04188	0.41050	0.06876	0.15165	0.02581	0.01937	0.02633	0.01748	0.02517	0.01500	0.00844	0.00870	0.00261	0.01109	0.04633	0.00435	0.01208
49	0.01190	0.00876	0.01266	0.01266	0.01391	0.01001	0.00952	0.01439	0.01315	0.01877	0.02288	0.03613	0.02228	0.16605	0.57345	0.01250	0.01997	0.00941	0.00454	0.00703
50	0.01114	0.00837	0.01050	0.01147	0.01321	0.00773	0.00881	0.01378	0.01880	0.02441	0.15149	0.26697	0.22630	0.02239	0.01048	0.00321	0.00524	0.17055	0.00792	0.00723
51	0.02291	0.19077	0.11487	0.02215	0.07230	0.24114	0.04089	0.02648	0.01887	0.02170	0.01508	0.06081	0.01383	0.00985	0.00979	0.00243	0.09468	0.00699	0.00414	0.01029
52	0.02412	0.02245	0.02599	0.02088	0.02607	0.14190	0.13631	0.25092	0.02728	0.03463	0.06357	0.13899	0.02435	0.01231	0.00895	0.00265	0.01013	0.01080	0.00668	0.01103
53	0.02367	0.18363	0.03763	0.02444	0.05421	0.02258	0.25696	0.09751	0.04682	0.11205	0.04577	0.02272	0.01671	0.00841	0.00827	0.00247	0.01044	0.00820	0.00570	0.01181
54	0.14516	0.02182	0.02526	0.05400	0.07366	0.17052	0.15788	0.02520	0.04422	0.02620	0.02901	0.03091	0.14042	0.01056	0.00824	0.00258	0.01026	0.00911	0.00522	0.00976
55	0.18145	0.09462	0.02244	0.01791	0.02265	0.37455	0.01420	0.07900	0.02193	0.02678	0.01537	0.02079	0.01339	0.00944	0.00716	0.00235	0.01160	0.04958	0.00498	0.00982
56	0.14905	0.16330	0.05741	0.07403	0.14461	0.17440	0.01746	0.02719	0.04354	0.02524	0.01389	0.01691	0.01149	0.00825	0.00784	0.00237	0.04225	0.00585	0.00431	0.01061
57	0.05029	0.01929	0.12095	0.02028	0.08364	0.01554	0.05560	0.02978	0.14438	0.16105	0.03550	0.03864	0.11785	0.01219	0.00873	0.00277	0.00808	0.05680	0.00707	0.01155
58	0.02502	0.15647	0.02960	0.02418	0.13141	0.09367	0.01748	0.15517	0.02220	0.07591	0.01561	0.01843	0.01263	0.00995	0.01219	0.00259	0.17394	0.00667	0.00527	0.01160
59	0.07465	0.02813	0.02716	0.05540	0.17745	0.29307	0.06341	0.10505	0.04798	0.02816	0.01553	0.01832	0.01235	0.00839	0.00786	0.00239	0.01191	0.00663	0.00494	0.01124

[dist]
# distance from previous block
# <min> <max>
11	46

[block]
# block no. 8 follows, 22 sequences, length 46
# corresponding to MSA columns:
# 311-356
name=unknown_I
#
# <colnr> <probs for GDERKNQSTAVLIFYWHMCP>
#	G	D	E	R	K	N	Q	S	T	A	V	L	I	F	Y	W	H	M	C	P
0	0.02013	0.02084	0.02700	0.06848	0.29223	0.13645	0.06622	0.02419	0.01950	0.02514	0.04957	0.07938	0.04466	0.01002	0.00835	0.00243	0.00993	0.00906	0.00487	0.08156
1	0.02269	0.02262	0.02242	0.02517	0.18416	0.18872	0.01580	0.13282	0.05692	0.02883	0.03117	0.03322	0.14531	0.04191	0.00988	0.00272	0.00966	0.00927	0.00592	0.01079
2	0.02009	0.17154	0.02219	0.07245	0.02161	0.10553	0.01233	0.07615	0.02070	0.07410	0.03772	0.12077	0.18510	0.01395	0.00822	0.00251	0.00804	0.01125	0.00623	0.00953
3	0.02087	0.15581	0.13093	0.01986	0.07847	0.12474	0.01689	0.02490	0.01846	0.05133	0.02068	0.02267	0.06941	0.00929	0.00876	0.00221	0.06313	0.00678	0.00464	0.15015
4	0.04890	0.01315	0.01617	0.09818	0.09716	0.03935	0.01225	0.05126	0.01892	0.05282	0.06861	0.09528	0.19256	0.11756	0.01392	0.00355	0.00741	0.03791	0.00635	0.00868
5	0.05414	0.11478	0.25619	0.02263	0.05724	0.07780	0.06891	0.19300	0.02399	0.03270	0.01576	0.01782	0.01177	0.00833	0.00771	0.00245	0.01101	0.00651	0.00505	0.01219
6	0.02584	0.14712	0.07627	0.01821	0.02460	0.27527	0.01565	0.13047	0.02337	0.02743	0.01437	0.01618	0.01157	0.00804	0.00704	0.00200	0.01103	0.00554	0.00491	0.15509
7	0.01533	0.01140	0.01310	0.01142	0.01507	0.01065	0.00893	0.05091	0.04593	0.07709	0.16227	0.05616	0.32517	0.01623	0.01004	0.00258	0.04238	0.01333	0.00765	0.10435
8	0.01873	0.01946	0.02167	0.01934	0.02054	0.13975	0.01558	0.02094	0.01488	0.01985	0.01448	0.02169	0.01366	0.02699	0.20735	0.00612	0.37889	0.00738	0.00398	0.00871
9	0.02301	0.45252	0.15294	0.01742	0.02489	0.16205	0.01760	0.02684	0.01837	0.02094	0.01243	0.01444	0.01064	0.00755	0.00624	0.00201	0.01075	0.00494	0.00369	0.01074
10	0.02221	0.71304	0.04353	0.01421	0.02132	0.03287	0.01421	0.02488	0.01688	0.01955	0.01155	0.01333	0.01066	0.00711	0.00533	0.00178	0.00888	0.00444	0.00355	0.01066
11	0.00982	0.00842	0.00842	0.00842	0.01122	0.00701	0.00631	0.01192	0.01894	0.02244	0.08416	0.07995	0.65285	0.02104	0.00982	0.00281	0.00421	0.01753	0.00771	0.00701
12	0.02221	0.71304	0.04353	0.01421	0.02132	0.03287	0.01421	0.02488	0.01688	0.01955	0.01155	0.01333	0.01066	0.00711	0.00533	0.00178	0.00888	0.00444	0.00355	0.01066
13	0.01921	0.01528	0.02105	0.22431	0.03260	0.01726	0.04412	0.03118	0.25988	0.08482	0.02884	0.06461	0.02400	0.01216	0.00893	0.00293	0.00841	0.08262	0.00682	0.01098
14	0.01206	0.00813	0.00945	0.00945	0.00958	0.00826	0.00552	0.01233	0.01220	0.01639	0.02582	0.05241	0.02935	0.64994	0.09923	0.00853	0.00933	0.01179	0.00498	0.00525
15	0.01012	0.00723	0.00964	0.01157	0.01205	0.00675	0.00771	0.01157	0.01591	0.02121	0.04579	0.70262	0.05495	0.02603	0.01060	0.00337	0.00482	0.02362	0.00771	0.00675
16	0.02226	0.02528	0.16101	0.08708	0.16638	0.02145	0.10751	0.19352	0.07290	0.03394	0.01819	0.02099	0.01358	0.00854	0.00843	0.00261	0.01059	0.00766	0.00546	0.01263
17	0.38452	0.08108	0.01965	0.01579	0.02071	0.30852	0.01251	0.02831	0.01849	0.02843	0.01213	0.01414	0.00988	0.00804	0.00619	0.00232	0.01038	0.00487	0.00464	0.00941
18	0.02145	0.60019	0.12026	0.01696	0.05031	0.03062	0.01674	0.02508	0.01705	0.02071	0.01214	0.01416	0.01075	0.00722	0.00577	0.00191	0.00935	0.00478	0.00357	0.01097
19	0.01994	0.02941	0.23360	0.03447	0.22128	0.07910	0.18126	0.02650	0.01883	0.02584	0.01526	0.01950	0.01188	0.00785	0.00924	0.00262	0.04014	0.00744	0.00394	0.01189
20	0.02303	0.08373	0.02698	0.02958	0.26761	0.02031	0.01791	0.03460	0.25707	0.11557	0.02452	0.02491	0.01859	0.00924	0.00806	0.00255	0.00814	0.00801	0.00656	0.01305
21	0.01189	0.00882	0.01297	0.01297	0.01432	0.01017	0.00990	0.01459	0.01324	0.01900	0.02260	0.03459	0.02162	0.12041	0.61818	0.01287	0.02097	0.00919	0.00450	0.00720
22	0.01362	0.01105	0.01239	0.01160	0.01458	0.01113	0.00883	0.02238	0.19276	0.03033	0.30478	0.05903	0.24214	0.01666	0.00943	0.00273	0.00474	0.01425	0.00851	0.00905
23	0.03020	0.03785	0.02316	0.02104	0.02536	0.62228	0.01582	0.03405	0.07304	0.02149	0.01452	0.01626	0.01188	0.00878	0.00757	0.00219	0.01431	0.00567	0.00461	0.00991
24	0.02066	0.50980	0.18007	0.01691	0.02461	0.02927	0.01818	0.02481	0.01670	0.02108	0.01224	0.01464	0.01065	0.00786	0.00762	0.00211	0.06327	0.00504	0.00355	0.01090
25	0.00982	0.00842	0.00842	0.00842	0.01122	0.00701	0.00631	0.01192	0.01894	0.02244	0.08416	0.07995	0.65285	0.02104	0.00982	0.00281	0.00421	0.01753	0.00771	0.00701
26	0.02056	0.01974	0.03372	0.05099	0.65622	0.01974	0.02550	0.02550	0.01892	0.02714	0.01563	0.02056	0.01316	0.00740	0.00822	0.00247	0.00987	0.00740	0.00411	0.01316
27	0.03158	0.02327	0.02493	0.01911	0.02576	0.02576	0.01579	0.62852	0.03906	0.05236	0.01995	0.01995	0.01413	0.00997	0.00831	0.00249	0.00914	0.00748	0.00831	0.01413
28	0.01187	0.00890	0.01335	0.01335	0.01483	0.01038	0.01038	0.01483	0.01335	0.01928	0.02225	0.03264	0.02077	0.06231	0.67512	0.01335	0.02225	0.00890	0.00445	0.00742
29	0.02277	0.62373	0.06837	0.01527	0.02234	0.09004	0.01509	0.02568	0.01751	0.01991	0.01181	0.01366	0.01066	0.00727	0.00563	0.00185	0.00958	0.00460	0.00362	0.01064
30	0.01666	0.04297	0.66500	0.02368	0.03596	0.01929	0.03069	0.02631	0.01754	0.02631	0.01491	0.01754	0.01052	0.00789	0.00789	0.00263	0.01228	0.00614	0.00351	0.01228
31	0.00982	0.00842	0.00842	0.00842	0.01122	0.00701	0.00631	0.01192	0.01894	0.02244	0.08416	0.07995	0.65285	0.02104	0.00982	0.00281	0.00421	0.01753	0.00771	0.00701
32	0.01187	0.00890	0.01335	0.01335	0.01483	0.01038	0.01038	0.01483	0.01335	0.01928	0.02225	0.03264	0.02077	0.06231	0.67512	0.01335	0.02225	0.00890	0.00445	0.00742
33	0.02104	0.22451	0.10677	0.05724	0.03028	0.02358	0.16301	0.03086	0.17192	0.06073	0.02001	0.02163	0.01530	0.00843	0.00779	0.00247	0.00995	0.00751	0.00528	0.01170
34	0.01846	0.23965	0.44810	0.02150	0.03204	0.02339	0.05815	0.02590	0.01746	0.02433	0.01402	0.01656	0.01068	0.00761	0.00724	0.00239	0.01137	0.00584	0.00356	0.01174
35	0.16453	0.02484	0.02237	0.01833	0.02362	0.15755	0.01482	0.34131	0.02895	0.04012	0.01614	0.01759	0.01220	0.00968	0.00927	0.00254	0.07136	0.00648	0.00648	0.01181
36	0.02209	0.01565	0.01869	0.07363	0.02303	0.01609	0.01280	0.25075	0.02590	0.08825	0.05104	0.20818	0.02773	0.01397	0.00870	0.00259	0.00735	0.01188	0.00748	0.11420
37	0.01747	0.01390	0.01911	0.02329	0.17692	0.03989	0.01420	0.04171	0.04176	0.07417	0.02953	0.27282	0.03047	0.02316	0.10856	0.00447	0.03891	0.01363	0.00626	0.00975
38	0.04353	0.01609	0.02134	0.07694	0.15141	0.05262	0.01597	0.02067	0.01750	0.02532	0.11485	0.03179	0.07992	0.01253	0.01398	0.00283	0.21370	0.00921	0.07031	0.00947
39	0.09038	0.01681	0.02094	0.11044	0.05109	0.06842	0.06895	0.02225	0.07157	0.02475	0.03529	0.03725	0.19561	0.01315	0.01197	0.00286	0.13330	0.01021	0.00550	0.00926
40	0.19028	0.02792	0.07895	0.05670	0.07585	0.27378	0.01647	0.07936	0.02071	0.02792	0.01442	0.01753	0.01161	0.01254	0.05953	0.00325	0.01228	0.00597	0.00472	0.01020
41	0.02342	0.03408	0.23065	0.02920	0.18575	0.24580	0.02294	0.05579	0.04767	0.02596	0.01541	0.01809	0.01204	0.00824	0.00788	0.00242	0.01223	0.00638	0.00435	0.01170
42	0.09303	0.02054	0.05749	0.02383	0.15225	0.07118	0.01668	0.13817	0.02346	0.17133	0.07649	0.02444	0.01995	0.01007	0.00955	0.00259	0.06238	0.00781	0.00672	0.01205
43	0.02576	0.11202	0.02955	0.08154	0.23198	0.16009	0.01917	0.15121	0.02385	0.06392	0.01627	0.01888	0.01276	0.00836	0.00773	0.00235	0.01061	0.00666	0.00524	0.01204
44	0.10988	0.08238	0.14045	0.19734	0.11694	0.01806	0.01957	0.02244	0.01787	0.02659	0.09567	0.02997	0.02229	0.01019	0.00800	0.00266	0.00919	0.05550	0.00488	0.01011
45	0.12807	0.25230	0.02942	0.10190	0.09788	0.14861	0.01622	0.05338	0.01910	0.02506	0.01479	0.02020	0.01293	0.00863	0.00688	0.00230	0.01003	0.03753	0.00444	0.01034

[dist]
# distance from previous block
# <min> <max>
0	96

[block]
# block no. 9 follows, 22 sequences, length 14
# corresponding to MSA columns:
# 453-466
name=unknown_J
#
# <colnr> <probs for GDERKNQSTAVLIFYWHMCP>
#	G	D	E	R	K	N	Q	S	T	A	V	L	I	F	Y	W	H	M	C	P
0	0.02079	0.02311	0.13881	0.02576	0.14767	0.08787	0.11195	0.02612	0.01986	0.08579	0.07507	0.02522	0.01981	0.00888	0.00805	0.00239	0.00973	0.00799	0.09903	0.05611
1	0.02312	0.02561	0.12206	0.02230	0.08325	0.17971	0.05032	0.09922	0.02159	0.08319	0.02005	0.06534	0.01692	0.01920	0.12597	0.00442	0.01326	0.00823	0.00542	0.01082
2	0.02273	0.20405	0.22217	0.02530	0.13897	0.14484	0.02161	0.08078	0.02065	0.02598	0.01426	0.01676	0.01138	0.00792	0.00727	0.00229	0.01123	0.00591	0.00420	0.01170
3	0.08798	0.21668	0.31265	0.01892	0.02714	0.06254	0.02110	0.02493	0.01682	0.02424	0.01391	0.01707	0.01124	0.01226	0.05938	0.00325	0.04948	0.00576	0.00380	0.01083
4	0.01861	0.01552	0.04675	0.02490	0.22752	0.01404	0.01524	0.05884	0.04662	0.09982	0.06984	0.04551	0.25541	0.01353	0.00890	0.00263	0.00712	0.01163	0.00677	0.01079
5	0.06553	0.01509	0.01973	0.02011	0.10926	0.04912	0.06672	0.04274	0.05674	0.05315	0.10066	0.17412	0.06962	0.03950	0.00999	0.00283	0.00746	0.01233	0.00651	0.07879
6	0.02628	0.03063	0.02909	0.02911	0.15652	0.36819	0.09534	0.05702	0.02182	0.02396	0.01406	0.01759	0.01162	0.00874	0.00980	0.00244	0.07611	0.00661	0.00436	0.01071
7	0.02092	0.15808	0.09970	0.08105	0.02794	0.17770	0.07567	0.05697	0.01964	0.02335	0.01927	0.12036	0.01830	0.01399	0.04867	0.00314	0.01166	0.00894	0.00473	0.00992
8	0.01995	0.41432	0.11280	0.01895	0.06344	0.02738	0.01732	0.02348	0.01611	0.02091	0.01293	0.01662	0.01162	0.01274	0.06116	0.00313	0.12731	0.00566	0.00367	0.01050
9	0.02340	0.08074	0.06858	0.03060	0.26490	0.13145	0.01949	0.03062	0.11605	0.08495	0.02070	0.02510	0.01681	0.00931	0.00806	0.00250	0.00993	0.03924	0.00549	0.01208
10	0.02479	0.35464	0.12765	0.01838	0.02516	0.27809	0.01736	0.02828	0.01954	0.02085	0.01254	0.01459	0.01066	0.00778	0.00654	0.00204	0.01173	0.00504	0.00383	0.01050
11	0.01936	0.34041	0.34023	0.02033	0.03000	0.02548	0.06919	0.02569	0.01740	0.02331	0.01356	0.01603	0.01075	0.00747	0.00690	0.00226	0.01090	0.00566	0.00358	0.01147
12	0.01051	0.00772	0.00920	0.01019	0.01114	0.00712	0.00673	0.01178	0.01575	0.02031	0.05066	0.39479	0.19734	0.18621	0.01791	0.00434	0.00543	0.01938	0.00708	0.00641
13	0.02615	0.19950	0.02583	0.01700	0.02178	0.33996	0.01376	0.08176	0.02219	0.02487	0.01567	0.01784	0.01287	0.00852	0.00673	0.00205	0.01099	0.00574	0.13683	0.00995

[dist]
# distance from previous block
# <min> <max>
0	3

[block]
# block no. 10 follows, 22 sequences, length 17
# corresponding to MSA columns:
# 470-486
name=unknown_K
#
# <colnr> <probs for GDERKNQSTAVLIFYWHMCP>
#	G	D	E	R	K	N	Q	S	T	A	V	L	I	F	Y	W	H	M	C	P
0	0.01103	0.00839	0.01036	0.01158	0.01335	0.00772	0.00897	0.01345	0.01801	0.02279	0.05921	0.28630	0.27059	0.02325	0.01059	0.00331	0.00548	0.20081	0.00769	0.00712
1	0.00982	0.00842	0.00842	0.00842	0.01122	0.00701	0.00631	0.01192	0.01894	0.02244	0.08416	0.07995	0.65285	0.02104	0.00982	0.00281	0.00421	0.01753	0.00771	0.00701
2	0.02096	0.02377	0.11070	0.02596	0.03208	0.04542	0.25919	0.11906	0.02084	0.02913	0.01621	0.02073	0.01267	0.00952	0.01300	0.00285	0.16761	0.00813	0.05115	0.01104
3	0.01666	0.04297	0.66500	0.02368	0.03596	0.01929	0.03069	0.02631	0.01754	0.02631	0.01491	0.01754	0.01052	0.00789	0.00789	0.00263	0.01228	0.00614	0.00351	0.01228
4	0.02068	0.52817	0.21499	0.01683	0.02536	0.02913	0.01876	0.02527	0.01706	0.02141	0.01248	0.01449	0.01062	0.00732	0.00604	0.00201	0.00982	0.00491	0.00354	0.01111
5	0.01178	0.00836	0.01121	0.01278	0.01388	0.00812	0.00978	0.01419	0.01724	0.02283	0.07640	0.34397	0.05057	0.09901	0.01439	0.00403	0.00630	0.26070	0.00747	0.00699
6	0.01975	0.02015	0.06840	0.11837	0.40042	0.01977	0.02270	0.02929	0.16079	0.02811	0.01963	0.02295	0.01553	0.00843	0.00827	0.00259	0.00941	0.00778	0.00502	0.01263
7	0.01528	0.01689	0.09620	0.31515	0.03798	0.01643	0.04593	0.02226	0.07409	0.02273	0.01891	0.02563	0.01535	0.02483	0.21024	0.00596	0.01431	0.00799	0.00437	0.00949
8	0.02174	0.02085	0.03015	0.06175	0.08790	0.05326	0.13570	0.13510	0.05912	0.02884	0.01585	0.02040	0.01293	0.01078	0.01557	0.00299	0.26317	0.00786	0.00497	0.01108
9	0.02774	0.01684	0.01876	0.01574	0.02095	0.05297	0.01251	0.06304	0.26516	0.29545	0.09153	0.03152	0.02722	0.01121	0.00848	0.00264	0.00710	0.00920	0.00904	0.01289
10	0.20924	0.06129	0.01440	0.04900	0.01723	0.01406	0.00973	0.02039	0.09161	0.02715	0.03909	0.22981	0.15515	0.01616	0.00827	0.00284	0.00596	0.01344	0.00662	0.00857
11	0.02360	0.02011	0.01864	0.01586	0.01978	0.14337	0.01206	0.22108	0.04732	0.05468	0.02114	0.02956	0.01878	0.18931	0.08962	0.00496	0.01112	0.00836	0.00622	0.04443
12	0.01845	0.08938	0.01839	0.01372	0.01681	0.01646	0.01124	0.13628	0.01983	0.02916	0.02098	0.02624	0.01761	0.02640	0.21801	0.00576	0.07543	0.00765	0.22288	0.00932
13	0.06950	0.22571	0.10288	0.02008	0.02717	0.07210	0.10706	0.15554	0.02264	0.06825	0.01584	0.01780	0.01219	0.00846	0.00822	0.00238	0.04084	0.00650	0.00522	0.01162
14	0.01187	0.09317	0.01370	0.01106	0.01348	0.01036	0.00863	0.01403	0.01767	0.02197	0.05721	0.28665	0.29467	0.02130	0.00975	0.00300	0.00541	0.09140	0.00720	0.00744
15	0.09961	0.03740	0.02249	0.02043	0.02479	0.61353	0.01539	0.03236	0.02267	0.02191	0.01272	0.01484	0.01054	0.00848	0.00727	0.00218	0.01418	0.00527	0.00436	0.00957
16	0.11056	0.05149	0.17086	0.02389	0.15311	0.01698	0.04562	0.02592	0.01834	0.09948	0.04086	0.02055	0.01506	0.00795	0.00737	0.00226	0.00883	0.00662	0.00514	0.16911

[dist]
# distance from previous block
# <min> <max>
3	5

[block]
# block no. 11 follows, 22 sequences, length 22
# corresponding to MSA columns:
# 492-513
name=unknown_L
#
# <colnr> <probs for GDERKNQSTAVLIFYWHMCP>
#	G	D	E	R	K	N	Q	S	T	A	V	L	I	F	Y	W	H	M	C	P
0	0.01792	0.02417	0.19604	0.25579	0.29457	0.01920	0.02605	0.02429	0.01779	0.02495	0.01515	0.02030	0.01178	0.00783	0.00816	0.00261	0.01090	0.00706	0.00381	0.01162
