[name]
unknown

[dist]
# distance from previous block
# <min> <max>
0	0

[block]
# block no. 0 follows, 20 sequences, length 31
# corresponding to MSA columns:
# 0-30
name=unknown_A
#
# <colnr> <probs for GDERKNQSTAVLIFYWHMCP>
#	G	D	E	R	K	N	Q	S	T	A	V	L	I	F	Y	W	H	M	C	P
0	0.01406	0.01004	0.01406	0.01606	0.01807	0.01004	0.01406	0.01807	0.02008	0.02610	0.04618	0.09839	0.05020	0.02410	0.01205	0.00402	0.00803	0.58032	0.00803	0.00803
1	0.02637	0.38800	0.10583	0.01834	0.02548	0.21808	0.01733	0.02987	0.02032	0.05869	0.01425	0.01594	0.01181	0.00821	0.00677	0.00213	0.01153	0.00539	0.00437	0.01128
2	0.02335	0.03361	0.20224	0.07437	0.19154	0.22094	0.02441	0.02878	0.02030	0.02500	0.01483	0.01878	0.01190	0.00896	0.00989	0.00265	0.06582	0.00671	0.00413	0.01178
3	0.02449	0.01842	0.02045	0.01574	0.02212	0.01830	0.01277	0.29235	0.02843	0.04063	0.01994	0.02200	0.01540	0.01227	0.04671	0.00275	0.00865	0.00699	0.08980	0.28179
4	0.01458	0.00968	0.01183	0.01224	0.01386	0.00929	0.00850	0.06176	0.01892	0.06548	0.04633	0.42958	0.11140	0.12498	0.01572	0.00409	0.00602	0.01986	0.00790	0.00797
5	0.02388	0.02730	0.02468	0.05450	0.15474	0.29545	0.01788	0.02685	0.02092	0.02322	0.02641	0.02918	0.11616	0.01182	0.01150	0.00269	0.10895	0.00860	0.00493	0.01034
6	0.01958	0.01264	0.04119	0.01366	0.01726	0.01102	0.01089	0.02527	0.08961	0.17962	0.20284	0.22598	0.07873	0.01790	0.00991	0.00299	0.00589	0.01566	0.00906	0.01031
7	0.02659	0.01930	0.02410	0.02191	0.09349	0.01983	0.03924	0.20641	0.15746	0.12833	0.06118	0.02717	0.02196	0.01031	0.00862	0.00255	0.00827	0.00864	0.00799	0.10664
8	0.02159	0.02073	0.03541	0.05354	0.63903	0.02073	0.02677	0.02677	0.01986	0.02850	0.01641	0.02159	0.01382	0.00777	0.00864	0.00259	0.01036	0.00777	0.00432	0.01382
9	0.13280	0.23390	0.02699	0.01571	0.02144	0.12905	0.01332	0.03150	0.08858	0.12811	0.07982	0.02398	0.02137	0.00986	0.00729	0.00240	0.00893	0.00718	0.00641	0.01136
10	0.01688	0.01586	0.02596	0.41101	0.20385	0.01792	0.02224	0.02198	0.01844	0.02410	0.02672	0.03196	0.10619	0.01049	0.00894	0.00283	0.01021	0.00936	0.00463	0.01042
11	0.01063	0.00759	0.01012	0.01215	0.01265	0.00709	0.00810	0.01215	0.01670	0.02227	0.04808	0.68775	0.05769	0.02733	0.01113	0.00354	0.00506	0.02480	0.00810	0.00709
12	0.02328	0.02054	0.02809	0.03266	0.26071	0.02212	0.04561	0.12014	0.28019	0.03574	0.02526	0.02625	0.01940	0.00988	0.00882	0.00277	0.00897	0.00879	0.00691	0.01387
13	0.02846	0.03415	0.02634	0.02835	0.14906	0.45386	0.01881	0.03138	0.02279	0.02305	0.01592	0.02208	0.01411	0.01003	0.00951	0.00252	0.05352	0.04074	0.00463	0.01070
14	0.01063	0.00759	0.01012	0.01215	0.01265	0.00709	0.00810	0.01215	0.01670	0.02227	0.04808	0.68775	0.05769	0.02733	0.01113	0.00354	0.00506	0.02480	0.00810	0.00709
15	0.03258	0.04157	0.02472	0.02247	0.02697	0.65843	0.01685	0.03483	0.02472	0.02135	0.01348	0.01573	0.01124	0.00899	0.00787	0.00225	0.01573	0.00562	0.00449	0.01011
16	0.02018	0.22733	0.27301	0.02013	0.02892	0.02234	0.08685	0.02657	0.01869	0.05000	0.01770	0.02048	0.01363	0.00835	0.00738	0.00239	0.01037	0.00673	0.12742	0.01154
17	0.02652	0.01355	0.01715	0.01493	0.01918	0.01294	0.01155	0.12784	0.02437	0.29026	0.03765	0.29576	0.03511	0.01746	0.00972	0.00303	0.00684	0.01513	0.00934	0.01169
18	0.01268	0.00846	0.00951	0.00951	0.00951	0.00846	0.00529	0.01268	0.01268	0.01691	0.02748	0.05708	0.03171	0.69345	0.04440	0.00846	0.00846	0.01268	0.00529	0.00529
19	0.01098	0.00833	0.01012	0.01080	0.01248	0.00747	0.00767	0.01339	0.01978	0.02599	0.21369	0.33599	0.24529	0.02321	0.01065	0.00315	0.00461	0.02044	0.00849	0.00747
20	0.03168	0.02928	0.02498	0.02058	0.02653	0.22870	0.01635	0.36220	0.10141	0.04212	0.02019	0.02058	0.01501	0.01015	0.00847	0.00254	0.01126	0.00736	0.00739	0.01321
21	0.02625	0.01772	0.01986	0.01717	0.02257	0.01938	0.01355	0.04535	0.46718	0.19527	0.03522	0.03180	0.02531	0.01156	0.00885	0.00289	0.00704	0.00958	0.00938	0.01408
22	0.01727	0.01489	0.01550	0.01429	0.01845	0.01613	0.01102	0.03321	0.38897	0.03147	0.05603	0.05250	0.26305	0.01582	0.00943	0.00295	0.00594	0.01318	0.00857	0.01130
23	0.02097	0.13738	0.39897	0.02439	0.03477	0.11898	0.09220	0.02853	0.01951	0.02568	0.01504	0.01794	0.01135	0.00817	0.00806	0.00257	0.01301	0.00649	0.00389	0.01210
24	0.02137	0.09755	0.02220	0.01721	0.01993	0.18575	0.01386	0.02413	0.01799	0.02340	0.01772	0.02308	0.01545	0.02003	0.12108	0.00451	0.17464	0.00717	0.16367	0.00928
25	0.17987	0.01426	0.01539	0.03670	0.01885	0.01547	0.01097	0.02764	0.14475	0.08182	0.12130	0.03556	0.07823	0.01231	0.00917	0.00270	0.04597	0.00960	0.09025	0.04920
26	0.02214	0.43156	0.24220	0.01879	0.02780	0.07938	0.02077	0.02731	0.01851	0.02292	0.01339	0.01559	0.01115	0.00786	0.00666	0.00219	0.01101	0.00533	0.00378	0.01167
27	0.02141	0.12897	0.02132	0.01437	0.01929	0.01833	0.01182	0.09431	0.16879	0.10223	0.13487	0.04363	0.15761	0.01391	0.00882	0.00267	0.00672	0.01135	0.00817	0.01139
28	0.02691	0.02417	0.02243	0.02247	0.11179	0.18821	0.01540	0.21901	0.02769	0.03636	0.02027	0.02268	0.01570	0.00961	0.00780	0.00236	0.00989	0.00732	0.19824	0.01169
29	0.01924	0.01357	0.01745	0.01581	0.01811	0.01508	0.01226	0.10531	0.02179	0.09907	0.13266	0.26783	0.04150	0.01881	0.01416	0.00324	0.15119	0.01530	0.00782	0.00981
30	0.02827	0.13377	0.02678	0.02081	0.05152	0.37070	0.01581	0.11445	0.02528	0.02669	0.02293	0.02417	0.08222	0.01040	0.00796	0.00234	0.01236	0.00734	0.00539	0.01082

[dist]
# distance from previous block
# <min> <max>
7	11

[block]
# block no. 1 follows, 20 sequences, length 32
# corresponding to MSA columns:
# 42-73
name=unknown_B
#
# <colnr> <probs for GDERKNQSTAVLIFYWHMCP>
#	G	D	E	R	K	N	Q	S	T	A	V	L	I	F	Y	W	H	M	C	P
0	0.02431	0.02569	0.01987	0.01785	0.02197	0.27981	0.01367	0.09403	0.12346	0.02956	0.11183	0.03394	0.08479	0.01662	0.06080	0.00348	0.01152	0.00949	0.00675	0.01053
1	0.01704	0.01491	0.01886	0.02206	0.15353	0.01541	0.01378	0.02798	0.23077	0.03073	0.12971	0.04974	0.21025	0.01478	0.00944	0.00284	0.00655	0.01273	0.00775	0.01115
2	0.02085	0.02235	0.02188	0.06927	0.16683	0.20722	0.01615	0.02533	0.05001	0.02615	0.11725	0.03980	0.15570	0.01284	0.00901	0.00262	0.00976	0.01060	0.00609	0.01027
3	0.01512	0.01217	0.01535	0.01517	0.06542	0.01041	0.00988	0.01757	0.01660	0.02410	0.02705	0.20585	0.02931	0.17260	0.01674	0.00367	0.00687	0.01236	0.00591	0.31787
4	0.05604	0.19834	0.21610	0.02093	0.02869	0.29166	0.02069	0.03021	0.02075	0.02378	0.01375	0.01606	0.01110	0.00838	0.00735	0.00233	0.01298	0.00560	0.00411	0.01118
5	0.02295	0.22676	0.29239	0.02336	0.06975	0.17432	0.02339	0.02884	0.01980	0.02421	0.01420	0.01674	0.01131	0.00819	0.00745	0.00238	0.01239	0.00584	0.00393	0.01182
6	0.02675	0.20624	0.10286	0.02184	0.02803	0.33959	0.05912	0.03036	0.02115	0.02228	0.01353	0.01637	0.01136	0.00884	0.00894	0.00237	0.05950	0.00593	0.00416	0.01078
7	0.02464	0.01790	0.01984	0.01635	0.02168	0.01902	0.01307	0.23852	0.18856	0.09167	0.13663	0.03655	0.07239	0.01271	0.00903	0.00269	0.00723	0.01041	0.00885	0.05225
8	0.02077	0.02029	0.02660	0.03548	0.34451	0.07910	0.01969	0.02933	0.14916	0.02870	0.03225	0.03381	0.12032	0.01115	0.00889	0.00270	0.00914	0.00979	0.00594	0.01238
9	0.12626	0.05683	0.03277	0.03333	0.22285	0.21256	0.13781	0.02924	0.02068	0.02736	0.01500	0.01886	0.01221	0.00808	0.00816	0.00254	0.01230	0.00708	0.00451	0.01157
10	0.01253	0.00862	0.01060	0.01070	0.01108	0.00896	0.00674	0.01333	0.01319	0.01796	0.02754	0.08287	0.03068	0.51387	0.18630	0.00951	0.01177	0.01250	0.00528	0.00596
11	0.01457	0.01031	0.01393	0.01340	0.01489	0.01222	0.01053	0.01782	0.01527	0.02420	0.02331	0.03162	0.02055	0.04115	0.36692	0.00885	0.10783	0.00873	0.23577	0.00814
12	0.02321	0.05557	0.08309	0.04429	0.46003	0.12984	0.02501	0.02818	0.02048	0.02687	0.01566	0.02001	0.01304	0.00801	0.00835	0.00251	0.01143	0.00716	0.00427	0.01300
13	0.15074	0.08116	0.02046	0.01650	0.02112	0.31971	0.01287	0.02767	0.02135	0.05112	0.03152	0.03185	0.15719	0.01185	0.00787	0.00248	0.01069	0.00851	0.00570	0.00964
14	0.27414	0.03008	0.33873	0.01833	0.02683	0.01826	0.02088	0.02468	0.01620	0.02991	0.01436	0.01806	0.01106	0.01127	0.01085	0.10562	0.01002	0.00600	0.00430	0.01043
15	0.02812	0.12238	0.02744	0.02211	0.07409	0.26158	0.01645	0.16776	0.10362	0.03170	0.02159	0.02252	0.04340	0.01000	0.00806	0.00243	0.01132	0.00732	0.00609	0.01201
16	0.02663	0.04007	0.21586	0.02705	0.10617	0.38506	0.02276	0.03164	0.02220	0.02415	0.01451	0.01727	0.01150	0.00862	0.00809	0.00245	0.01420	0.00614	0.00423	0.01142
17	0.01246	0.00935	0.01402	0.01402	0.01558	0.01090	0.01090	0.01558	0.01402	0.02025	0.02336	0.03427	0.02181	0.06542	0.65888	0.01402	0.02336	0.00935	0.00467	0.00779
18	0.01375	0.00968	0.01164	0.01197	0.01479	0.00873	0.00976	0.01680	0.02064	0.06824	0.10772	0.08393	0.35082	0.02171	0.01081	0.00329	0.00586	0.21333	0.00837	0.00817
19	0.02151	0.02298	0.03368	0.03254	0.16355	0.09693	0.14612	0.02533	0.01763	0.02417	0.01410	0.02020	0.01233	0.01121	0.01794	0.00318	0.31346	0.00800	0.00413	0.01102
20	0.02197	0.02403	0.08377	0.04924	0.55135	0.06190	0.02657	0.02736	0.02006	0.02797	0.01616	0.02096	0.01343	0.00789	0.00856	0.00258	0.01091	0.00753	0.00428	0.01350
21	0.01189	0.00861	0.00941	0.00937	0.01044	0.00809	0.00588	0.01283	0.01568	0.02006	0.08002	0.06630	0.23191	0.43755	0.03141	0.00635	0.00690	0.01472	0.00644	0.00612
22	0.02196	0.54602	0.18646	0.01725	0.02598	0.03118	0.01897	0.02647	0.01789	0.02218	0.01295	0.01503	0.01116	0.00766	0.00623	0.00208	0.01016	0.00508	0.00372	0.01159
23	0.03258	0.04157	0.02472	0.02247	0.02697	0.65843	0.01685	0.03483	0.02472	0.02135	0.01348	0.01573	0.01124	0.00899	0.00787	0.00225	0.01573	0.00562	0.00449	0.01011
24	0.01042	0.00839	0.00930	0.01002	0.01209	0.00726	0.00716	0.01238	0.01874	0.02310	0.07390	0.30076	0.42802	0.02397	0.01061	0.00316	0.00465	0.02070	0.00810	0.00726
25	0.01809	0.04100	0.53443	0.02713	0.03925	0.02060	0.14192	0.02768	0.01883	0.02768	0.01603	0.01939	0.01147	0.00811	0.00867	0.00280	0.01324	0.00718	0.00382	0.01268
26	0.02313	0.03051	0.16391	0.04059	0.37621	0.16070	0.02576	0.02872	0.02062	0.02674	0.01560	0.01962	0.01266	0.00815	0.00839	0.00255	0.01208	0.00702	0.00422	0.01281
27	0.02306	0.02383	0.03300	0.09054	0.49806	0.12644	0.02495	0.02780	0.02050	0.02689	0.01586	0.02073	0.01324	0.00804	0.00851	0.00256	0.01134	0.00741	0.00432	0.01292
28	0.13987	0.04043	0.54283	0.02264	0.03429	0.02014	0.02845	0.02730	0.01782	0.02953	0.01507	0.01771	0.01078	0.00826	0.00781	0.00275	0.01187	0.00616	0.00397	0.01232
29	0.02048	0.02377	0.06659	0.02655	0.15692	0.15559	0.01845	0.02380	0.01898	0.02372	0.03015	0.03312	0.14897	0.01331	0.01442	0.00295	0.19737	0.00952	0.00500	0.01035
30	0.02076	0.23391	0.24052	0.03240	0.25426	0.02474	0.02499	0.02685	0.01874	0.02580	0.01486	0.01824	0.01211	0.00785	0.00760	0.00243	0.01088	0.00639	0.00393	0.01272
31	0.02518	0.31989	0.03569	0.02534	0.15825	0.20483	0.01774	0.02842	0.02018	0.02303	0.01367	0.01642	0.01190	0.00789	0.00696	0.00209	0.01115	0.00564	0.00417	0.06156

[dist]
# distance from previous block
# <min> <max>
0	2

[block]
# block no. 2 follows, 20 sequences, length 28
# corresponding to MSA columns:
# 76-103
name=unknown_C
#
# <colnr> <probs for GDERKNQSTAVLIFYWHMCP>
#	G	D	E	R	K	N	Q	S	T	A	V	L	I	F	Y	W	H	M	C	P
0	0.08214	0.27956	0.22875	0.01961	0.02791	0.17865	0.02043	0.02865	0.01939	0.02446	0.01357	0.01582	0.01102	0.00814	0.00698	0.00231	0.01179	0.00546	0.00403	0.01133
1	0.01063	0.00759	0.01012	0.01215	0.01265	0.00709	0.00810	0.01215	0.01670	0.02227	0.04808	0.68775	0.05769	0.02733	0.01113	0.00354	0.00506	0.02480	0.00810	0.00709
2	0.02252	0.02087	0.03344	0.04806	0.54178	0.02131	0.02494	0.07488	0.06891	0.03124	0.01827	0.02240	0.01490	0.00831	0.00866	0.00262	0.01003	0.00794	0.00503	0.01390
3	0.01154	0.00811	0.01003	0.01101	0.01152	0.00787	0.00705	0.01258	0.01512	0.02008	0.04070	0.36346	0.07804	0.29549	0.06197	0.00608	0.00744	0.01870	0.00677	0.00642
4	0.01186	0.00890	0.01098	0.01046	0.01273	0.00802	0.00785	0.01551	0.02354	0.03224	0.50329	0.06967	0.21516	0.01886	0.01029	0.00279	0.00419	0.01641	0.00924	0.00802
5	0.02917	0.01787	0.02054	0.01716	0.02295	0.01898	0.01372	0.09962	0.34851	0.26032	0.03369	0.03038	0.02365	0.01132	0.00882	0.00283	0.00735	0.00927	0.00956	0.01429
6	0.02296	0.08742	0.02666	0.02512	0.17089	0.09750	0.01641	0.08408	0.06985	0.03003	0.01727	0.01967	0.01404	0.00800	0.00748	0.00204	0.00915	0.00643	0.00538	0.27961
7	0.02022	0.03252	0.28656	0.17861	0.17336	0.10737	0.02710	0.02720	0.01937	0.02574	0.01549	0.01985	0.01181	0.00837	0.00841	0.00269	0.01244	0.00692	0.00398	0.01198
8	0.02540	0.18731	0.02715	0.01780	0.02323	0.19064	0.01461	0.12195	0.15610	0.02982	0.02548	0.02601	0.06464	0.01307	0.03742	0.00296	0.01077	0.00784	0.00622	0.01159
9	0.02301	0.06536	0.23273	0.03081	0.12843	0.18812	0.15284	0.02938	0.02073	0.02587	0.01548	0.01912	0.01201	0.00815	0.00855	0.00260	0.01348	0.00720	0.00415	0.01198
10	0.15706	0.02787	0.05889	0.01813	0.02346	0.25158	0.01495	0.15529	0.02482	0.03242	0.02307	0.02486	0.07309	0.01489	0.05987	0.00345	0.01212	0.00754	0.00590	0.01075
11	0.01445	0.01227	0.01692	0.22415	0.03009	0.01336	0.01507	0.02051	0.07768	0.02513	0.04790	0.06366	0.20999	0.01739	0.01016	0.00324	0.00800	0.17430	0.00680	0.00892
12	0.02413	0.01932	0.02085	0.01686	0.02299	0.02033	0.01350	0.23808	0.23985	0.04031	0.02985	0.02904	0.06424	0.01093	0.00840	0.00247	0.00758	0.00875	0.00795	0.17459
13	0.01097	0.00839	0.00937	0.00994	0.01149	0.00755	0.00672	0.01245	0.01725	0.02160	0.06226	0.24956	0.32583	0.18482	0.01873	0.00444	0.00557	0.01886	0.00742	0.00679
14	0.01078	0.00855	0.00969	0.01004	0.01223	0.00746	0.00729	0.01319	0.02004	0.02544	0.18356	0.22535	0.39049	0.02253	0.01050	0.00305	0.00451	0.01944	0.00839	0.00746
15	0.02241	0.44955	0.03862	0.01784	0.02277	0.06207	0.01635	0.02490	0.01666	0.02071	0.01198	0.01571	0.01128	0.01003	0.01308	0.00251	0.22346	0.00566	0.00380	0.01061
16	0.01809	0.01550	0.01809	0.01292	0.02067	0.01163	0.01034	0.02196	0.01809	0.02842	0.01550	0.01809	0.01292	0.00646	0.00646	0.00129	0.00646	0.00517	0.00517	0.74677
17	0.02873	0.02907	0.17520	0.02109	0.02937	0.02511	0.02018	0.43740	0.06937	0.04733	0.02052	0.02101	0.01461	0.01003	0.00863	0.00267	0.01023	0.00763	0.00752	0.01431
18	0.01405	0.01168	0.01707	0.01615	0.01734	0.01470	0.01287	0.01688	0.01386	0.02043	0.02050	0.03062	0.01932	0.05338	0.50752	0.01157	0.18046	0.00893	0.00447	0.00821
19	0.01033	0.00874	0.00894	0.00910	0.01185	0.00734	0.00674	0.01249	0.01963	0.02346	0.08520	0.13134	0.59014	0.02250	0.01037	0.00299	0.00447	0.01891	0.00810	0.00734
20	0.01647	0.01550	0.02616	0.67248	0.06008	0.01938	0.02422	0.02229	0.01744	0.02229	0.01550	0.02326	0.01163	0.00872	0.00872	0.00291	0.01163	0.00775	0.00388	0.00969
21	0.01824	0.03993	0.50493	0.02772	0.03963	0.02069	0.17035	0.02770	0.01894	0.02770	0.01613	0.01964	0.01157	0.00806	0.00877	0.00281	0.01333	0.00737	0.00386	0.01262
22	0.01881	0.01796	0.03005	0.36334	0.29775	0.02053	0.02487	0.02405	0.01812	0.02476	0.01556	0.02223	0.01252	0.00885	0.01028	0.00285	0.06428	0.00775	0.00405	0.01139
23	0.02994	0.22884	0.03070	0.02032	0.02566	0.48063	0.01630	0.03235	0.02273	0.02111	0.01310	0.01524	0.01122	0.00855	0.00722	0.00214	0.01391	0.00535	0.00428	0.01042
24	0.01219	0.00825	0.00966	0.01015	0.01027	0.00813	0.00596	0.01256	0.01365	0.01820	0.03243	0.20854	0.03795	0.53347	0.03641	0.00728	0.00764	0.01559	0.00596	0.00572
25	0.26113	0.06898	0.23179	0.01906	0.02680	0.10002	0.01961	0.08392	0.01987	0.03244	0.01430	0.01674	0.01095	0.00891	0.00846	0.00268	0.05229	0.00589	0.00484	0.01131
26	0.36605	0.06633	0.15737	0.01745	0.02403	0.13412	0.01683	0.02736	0.01742	0.03098	0.01310	0.01575	0.01037	0.00882	0.00830	0.00267	0.06248	0.00548	0.00464	0.01043
27	0.05021	0.27016	0.03143	0.02340	0.15593	0.02347	0.01627	0.06902	0.01883	0.02565	0.01701	0.02207	0.01505	0.02454	0.19525	0.00563	0.01353	0.00695	0.00459	0.01100

[dist]
# distance from previous block
# <min> <max>
0	1

[block]
# block no. 3 follows, 20 sequences, length 40
# corresponding to MSA columns:
# 105-144
name=unknown_D
#
# <colnr> <probs for GDERKNQSTAVLIFYWHMCP>
#	G	D	E	R	K	N	Q	S	T	A	V	L	I	F	Y	W	H	M	C	P
0	0.05097	0.11443	0.18345	0.03187	0.22832	0.19432	0.02336	0.02903	0.02037	0.02578	0.01476	0.01803	0.01196	0.00820	0.00785	0.00246	0.01217	0.00637	0.00418	0.01211
1	0.02131	0.16907	0.12736	0.04030	0.39036	0.02367	0.05421	0.02681	0.01923	0.02664	0.01545	0.01961	0.01283	0.00776	0.00802	0.00248	0.01073	0.00704	0.00411	0.01302
2	0.01246	0.00935	0.01402	0.01402	0.01558	0.01090	0.01090	0.01558	0.01402	0.02025	0.02336	0.03427	0.02181	0.06542	0.65888	0.01402	0.02336	0.00935	0.00467	0.00779
3	0.01116	0.00887	0.01002	0.00973	0.01230	0.00773	0.00730	0.01417	0.02189	0.02833	0.31650	0.07610	0.40439	0.02031	0.01030	0.00286	0.00429	0.01731	0.00873	0.00773
4	0.02946	0.26405	0.03191	0.01981	0.02541	0.42096	0.01619	0.05517	0.02300	0.02243	0.01332	0.01535	0.01137	0.00853	0.00713	0.00213	0.01331	0.00538	0.00441	0.01067
5	0.01475	0.01147	0.01373	0.01288	0.01561	0.01178	0.00973	0.02423	0.18566	0.03450	0.43190	0.09980	0.06556	0.01688	0.00997	0.00286	0.00493	0.01481	0.00930	0.00966
6	0.03316	0.02443	0.02618	0.02007	0.02705	0.02705	0.01658	0.60995	0.04101	0.05497	0.02094	0.02094	0.01483	0.01047	0.00873	0.00262	0.00960	0.00785	0.00873	0.01483
7	0.01268	0.00846	0.00951	0.00951	0.00951	0.00846	0.00529	0.01268	0.01268	0.01691	0.02748	0.05708	0.03171	0.69345	0.04440	0.00846	0.00846	0.01268	0.00529	0.00529
8	0.01201	0.00866	0.01136	0.01120	0.01296	0.00801	0.00820	0.01562	0.02313	0.03250	0.51987	0.18680	0.07750	0.01969	0.01045	0.00290	0.00430	0.01754	0.00931	0.00801
9	0.03150	0.03977	0.02488	0.02251	0.02664	0.60782	0.01703	0.03372	0.02381	0.02132	0.01332	0.01600	0.01125	0.00949	0.00953	0.00237	0.06874	0.00578	0.00444	0.01007
10	0.02531	0.43894	0.03774	0.01793	0.02369	0.20193	0.01595	0.02785	0.01908	0.02080	0.01241	0.01508	0.01124	0.00882	0.00900	0.00221	0.09210	0.00528	0.00395	0.01070
11	0.01123	0.00785	0.00994	0.01137	0.01173	0.00749	0.00727	0.01230	0.01552	0.02070	0.04203	0.50266	0.05007	0.22283	0.02090	0.00498	0.00606	0.02124	0.00727	0.00656
12	0.01607	0.15847	0.01870	0.01159	0.01596	0.01523	0.00962	0.02120	0.09288	0.05877	0.06261	0.05970	0.39375	0.01708	0.00904	0.00270	0.00594	0.01389	0.00741	0.00938
13	0.02380	0.02492	0.03325	0.04728	0.51576	0.14916	0.02477	0.02839	0.02084	0.02706	0.01582	0.02041	0.01330	0.00802	0.00848	0.00252	0.01144	0.00734	0.00435	0.01307
14	0.01492	0.01080	0.01427	0.01578	0.08927	0.00982	0.01030	0.01846	0.02249	0.07919	0.32595	0.06341	0.25701	0.01750	0.00997	0.00279	0.00524	0.01514	0.00855	0.00914
15	0.02484	0.01950	0.02171	0.01612	0.02353	0.01853	0.01313	0.28528	0.02835	0.04031	0.01794	0.01937	0.01378	0.00826	0.00747	0.00189	0.00787	0.00637	0.00676	0.41899
16	0.02317	0.02375	0.02852	0.03735	0.35255	0.14484	0.02096	0.03187	0.15219	0.02858	0.02374	0.02608	0.04850	0.00964	0.00862	0.00262	0.01035	0.00836	0.00554	0.01275
17	0.02218	0.57099	0.16344	0.01687	0.02539	0.03173	0.01831	0.02641	0.01786	0.02191	0.01282	0.01486	0.01117	0.00762	0.00612	0.00204	0.01002	0.00501	0.00372	0.01153
18	0.02021	0.34919	0.36793	0.02024	0.03060	0.02689	0.02418	0.02692	0.01809	0.02432	0.01401	0.01636	0.01112	0.00790	0.00704	0.00235	0.01123	0.00562	0.00371	0.01210
19	0.01242	0.01058	0.01187	0.06333	0.01712	0.01016	0.00909	0.01786	0.09342	0.02634	0.13866	0.07070	0.44830	0.01929	0.01001	0.00292	0.00526	0.01622	0.00803	0.00843
20	0.17561	0.05214	0.02169	0.36105	0.03943	0.01830	0.01713	0.02203	0.01637	0.02566	0.01605	0.02448	0.01367	0.09139	0.01198	0.00335	0.00965	0.00732	0.00447	0.06823
21	0.05016	0.01444	0.01681	0.01480	0.01849	0.01479	0.01121	0.19964	0.02498	0.14213	0.03354	0.26589	0.03330	0.10133	0.01391	0.00369	0.00734	0.01458	0.00832	0.01067
22	0.27477	0.02010	0.02144	0.26948	0.03631	0.08474	0.01711	0.12443	0.02128	0.03353	0.01507	0.01899	0.01138	0.00883	0.00749	0.00272	0.01002	0.00651	0.00528	0.01052
23	0.02086	0.02337	0.04289	0.07258	0.04049	0.06726	0.40773	0.02663	0.01918	0.02569	0.01594	0.02205	0.01263	0.00919	0.01383	0.00307	0.15206	0.00926	0.00426	0.01106
24	0.01927	0.01849	0.02704	0.11538	0.35135	0.06829	0.02128	0.02358	0.01947	0.02591	0.02440	0.13648	0.02436	0.01291	0.00936	0.00291	0.00984	0.07309	0.00529	0.01131
25	0.02721	0.42288	0.03690	0.01809	0.02431	0.29639	0.01573	0.02978	0.02066	0.02087	0.01270	0.01472	0.01121	0.00810	0.00655	0.00203	0.01202	0.00506	0.00405	0.01074
26	0.02138	0.02009	0.01672	0.01509	0.01737	0.18736	0.01079	0.09678	0.02008	0.02452	0.02194	0.03694	0.02200	0.32382	0.02589	0.00523	0.05180	0.00948	0.06443	0.00831
27	0.01819	0.01459	0.01877	0.01661	0.01849	0.01764	0.01302	0.12998	0.01874	0.02643	0.02060	0.03222	0.01971	0.16455	0.25021	0.00809	0.18843	0.00927	0.00534	0.00910
28	0.36019	0.07073	0.18683	0.01622	0.02312	0.01894	0.01688	0.02473	0.01703	0.03218	0.01974	0.03176	0.01796	0.01123	0.00749	0.00292	0.00884	0.11765	0.00533	0.01022
29	0.18921	0.01867	0.02813	0.18285	0.36587	0.02016	0.02221	0.02550	0.01816	0.02955	0.01522	0.02026	0.01232	0.00806	0.00791	0.00269	0.00982	0.00707	0.00447	0.01188
30	0.02365	0.02110	0.03270	0.09598	0.46207	0.02197	0.02439	0.15085	0.02418	0.03365	0.01730	0.02158	0.01386	0.00842	0.00866	0.00262	0.01030	0.00779	0.00522	0.01370
31	0.01246	0.00935	0.01402	0.01402	0.01558	0.01090	0.01090	0.01558	0.01402	0.02025	0.02336	0.03427	0.02181	0.06542	0.65888	0.01402	0.02336	0.00935	0.00467	0.00779
32	0.02744	0.24613	0.03019	0.01916	0.02427	0.38987	0.01559	0.02996	0.02133	0.02097	0.01414	0.01721	0.01238	0.01469	0.07851	0.00342	0.01454	0.00572	0.00427	0.01020
33	0.01925	0.01383	0.01573	0.01411	0.01675	0.01472	0.01026	0.21908	0.02353	0.03158	0.02990	0.19504	0.03145	0.25311	0.06693	0.00564	0.00907	0.01370	0.00711	0.00919
34	0.02008	0.01771	0.01810	0.01689	0.02094	0.05081	0.01284	0.03909	0.47470	0.03295	0.03685	0.15972	0.03192	0.01472	0.00927	0.00304	0.00699	0.01257	0.00850	0.01231
35	0.01376	0.01125	0.01650	0.01575	0.01701	0.01399	0.01250	0.01663	0.01389	0.02039	0.02104	0.03130	0.01978	0.05562	0.53574	0.01203	0.15117	0.00901	0.00451	0.00813
36	0.02326	0.02590	0.07179	0.04631	0.49430	0.13239	0.02537	0.02824	0.02062	0.02719	0.01585	0.02036	0.01319	0.00802	0.00848	0.00254	0.01146	0.00731	0.00431	0.01311
37	0.02630	0.28011	0.15425	0.02008	0.02742	0.27539	0.01914	0.05914	0.02176	0.02396	0.01379	0.01589	0.01137	0.00837	0.00717	0.00223	0.01254	0.00555	0.00427	0.01129
38	0.34305	0.02570	0.18931	0.02048	0.06857	0.02059	0.04771	0.05800	0.09155	0.03519	0.01694	0.01887	0.01273	0.00866	0.00724	0.00275	0.00922	0.00646	0.00540	0.01159
39	0.13489	0.26113	0.15466	0.05868	0.02739	0.14633	0.01818	0.02730	0.01908	0.02577	0.04393	0.01834	0.01443	0.00861	0.00697	0.00235	0.01076	0.00595	0.00442	0.01082

[dist]
# distance from previous block
# <min> <max>
0	2

[block]
# block no. 4 follows, 20 sequences, length 64
# corresponding to MSA columns:
# 147-210
name=unknown_E
#
# <colnr> <probs for GDERKNQSTAVLIFYWHMCP>
#	G	D	E	R	K	N	Q	S	T	A	V	L	I	F	Y	W	H	M	C	P
0	0.02716	0.03174	0.02857	0.09835	0.24243	0.37338	0.02103	0.03078	0.02231	0.02392	0.01470	0.01851	0.01217	0.00854	0.00822	0.00243	0.01346	0.00658	0.00437	0.01135
1	0.01782	0.01637	0.02738	0.22681	0.31353	0.01790	0.02209	0.02267	0.01770	0.02462	0.01786	0.02522	0.01515	0.02232	0.16957	0.00551	0.01395	0.00816	0.00428	0.01110
2	0.02914	0.02861	0.02866	0.03258	0.24430	0.24385	0.02011	0.17466	0.02704	0.06282	0.01740	0.01979	0.01355	0.00901	0.00840	0.00248	0.01190	0.00709	0.00579	0.01283
3	0.03258	0.04157	0.02472	0.02247	0.02697	0.65843	0.01685	0.03483	0.02472	0.02135	0.01348	0.01573	0.01124	0.00899	0.00787	0.00225	0.01573	0.00562	0.00449	0.01011
4	0.01744	0.01732	0.01667	0.01611	0.01839	0.17114	0.01238	0.02034	0.01667	0.02052	0.02092	0.02968	0.01919	0.05146	0.49778	0.01111	0.02148	0.00842	0.00463	0.00836
5	0.01826	0.03978	0.50057	0.02781	0.03969	0.02070	0.17455	0.02770	0.01895	0.02770	0.01615	0.01968	0.01159	0.00806	0.00878	0.00281	0.01334	0.00740	0.00386	0.01261
6	0.01249	0.00924	0.01347	0.01347	0.01483	0.01060	0.01021	0.01522	0.01385	0.01984	0.02387	0.03707	0.02302	0.14252	0.58344	0.01334	0.02153	0.00976	0.00475	0.00748
7	0.01031	0.00884	0.00884	0.00884	0.01178	0.00736	0.00663	0.01252	0.01988	0.02356	0.08837	0.08395	0.63549	0.02209	0.01031	0.00295	0.00442	0.01841	0.00810	0.00736
8	0.03264	0.03986	0.02487	0.02223	0.02697	0.59518	0.01683	0.09244	0.02635	0.02472	0.01423	0.01625	0.01160	0.00914	0.00795	0.00228	0.01512	0.00584	0.00492	0.01059
9	0.03460	0.01675	0.02632	0.01979	0.02685	0.01509	0.12914	0.03986	0.05540	0.49256	0.03119	0.02863	0.02022	0.01018	0.00908	0.00276	0.00882	0.00913	0.00945	0.01419
10	0.02170	0.01874	0.01972	0.01775	0.02268	0.02170	0.01381	0.04635	0.62327	0.03649	0.03550	0.03254	0.02663	0.01183	0.00888	0.00296	0.00690	0.00986	0.00888	0.01381
11	0.03258	0.04157	0.02472	0.02247	0.02697	0.65843	0.01685	0.03483	0.02472	0.02135	0.01348	0.01573	0.01124	0.00899	0.00787	0.00225	0.01573	0.00562	0.00449	0.01011
12	0.01750	0.04512	0.64825	0.02486	0.03775	0.02026	0.03223	0.02762	0.01842	0.02762	0.01565	0.01842	0.01105	0.00829	0.00829	0.00276	0.01289	0.00645	0.00368	0.01289
13	0.01246	0.00935	0.01402	0.01402	0.01558	0.01090	0.01090	0.01558	0.01402	0.02025	0.02336	0.03427	0.02181	0.06542	0.65888	0.01402	0.02336	0.00935	0.00467	0.00779
14	0.01247	0.00930	0.01380	0.01380	0.01528	0.01078	0.01063	0.01543	0.01395	0.02008	0.02357	0.03540	0.02230	0.09649	0.62847	0.01374	0.02263	0.00951	0.00470	0.00766
15	0.01042	0.00884	0.00900	0.00896	0.01185	0.00741	0.00672	0.01274	0.02015	0.02421	0.11911	0.08289	0.60434	0.02185	0.01031	0.00293	0.00440	0.01826	0.00818	0.00741
16	0.02453	0.01889	0.02039	0.01775	0.02306	0.02132	0.01397	0.09945	0.50808	0.09921	0.03401	0.03116	0.02500	0.01160	0.00885	0.00290	0.00721	0.00956	0.00905	0.01401
17	0.02375	0.02460	0.03174	0.04388	0.45759	0.14554	0.02353	0.03031	0.08126	0.02790	0.01775	0.02154	0.01460	0.00842	0.00851	0.00256	0.01107	0.00756	0.00481	0.01309
18	0.03273	0.03733	0.02508	0.02188	0.02699	0.50219	0.01679	0.17715	0.02875	0.02967	0.01533	0.01702	0.01213	0.00936	0.00808	0.00234	0.01421	0.00617	0.00554	0.01128
19	0.01235	0.00892	0.01166	0.01097	0.01303	0.00823	0.00823	0.01646	0.02469	0.03498	0.63443	0.06516	0.08230	0.01783	0.01029	0.00274	0.00412	0.01578	0.00960	0.00823
20	0.01772	0.04353	0.60428	0.02574	0.03833	0.02039	0.07461	0.02765	0.01858	0.02765	0.01580	0.01879	0.01121	0.00822	0.00844	0.00278	0.01303	0.00673	0.00374	0.01281
21	0.01750	0.04512	0.64825	0.02486	0.03775	0.02026	0.03223	0.02762	0.01842	0.02762	0.01565	0.01842	0.01105	0.00829	0.00829	0.00276	0.01289	0.00645	0.00368	0.01289
22	0.02159	0.02073	0.03541	0.05354	0.63903	0.02073	0.02677	0.02677	0.01986	0.02850	0.01641	0.02159	0.01382	0.00777	0.00864	0.00259	0.01036	0.00777	0.00432	0.01382
23	0.01295	0.00968	0.01251	0.01393	0.01621	0.00925	0.01186	0.01643	0.02002	0.02535	0.05864	0.09413	0.22303	0.02350	0.01153	0.00370	0.00697	0.41440	0.00805	0.00783
24	0.02179	0.01774	0.02112	0.01936	0.08568	0.01709	0.01376	0.07487	0.22064	0.06332	0.02355	0.02401	0.01812	0.00888	0.00776	0.00214	0.00729	0.00737	0.00685	0.33866
25	0.03258	0.04157	0.02472	0.02247	0.02697	0.65843	0.01685	0.03483	0.02472	0.02135	0.01348	0.01573	0.01124	0.00899	0.00787	0.00225	0.01573	0.00562	0.00449	0.01011
26	0.02170	0.01874	0.01972	0.01775	0.02268	0.02170	0.01381	0.04635	0.62327	0.03649	0.03550	0.03254	0.02663	0.01183	0.00888	0.00296	0.00690	0.00986	0.00888	0.01381
27	0.75506	0.01687	0.01282	0.01147	0.01687	0.01957	0.00945	0.02564	0.01484	0.03914	0.01215	0.01417	0.00945	0.00810	0.00540	0.00270	0.00675	0.00472	0.00540	0.00945
28	0.01137	0.00918	0.01031	0.01088	0.01356	0.00812	0.00873	0.01409	0.01994	0.02428	0.07643	0.08803	0.46989	0.02266	0.01080	0.00325	0.00544	0.17739	0.00808	0.00755
29	0.02029	0.01801	0.02069	0.01756	0.02223	0.02019	0.01398	0.03536	0.35424	0.03146	0.02585	0.02633	0.02027	0.01118	0.01214	0.00271	0.13794	0.00826	0.00697	0.19435
30	0.02661	0.02271	0.02138	0.05190	0.02556	0.14503	0.01491	0.06637	0.36267	0.12282	0.02939	0.02787	0.02161	0.01091	0.00865	0.00276	0.00906	0.00868	0.00804	0.01307
31	0.16174	0.03959	0.52398	0.02224	0.03367	0.02012	0.02777	0.02724	0.01772	0.02988	0.01497	0.01759	0.01074	0.00825	0.00772	0.00275	0.01169	0.00611	0.00402	0.01222
32	0.02903	0.03539	0.02616	0.02568	0.08784	0.47963	0.01826	0.03151	0.02217	0.02200	0.01341	0.01693	0.01153	0.01001	0.01171	0.00257	0.13524	0.00620	0.00435	0.01038
33	0.01268	0.00846	0.00951	0.00951	0.00951	0.00846	0.00529	0.01268	0.01268	0.01691	0.02748	0.05708	0.03171	0.69345	0.04440	0.00846	0.00846	0.01268	0.00529	0.00529
34	0.01279	0.00855	0.00997	0.00980	0.01042	0.00838	0.00606	0.01402	0.01595	0.02220	0.17773	0.05780	0.04374	0.49052	0.03395	0.00671	0.00715	0.01321	0.04487	0.00616
35	0.02605	0.01522	0.01995	0.01671	0.02054	0.01680	0.01363	0.11311	0.02185	0.23684	0.02478	0.02768	0.01873	0.02509	0.17333	0.00566	0.14248	0.00851	0.06148	0.01157
36	0.02561	0.53608	0.04051	0.01679	0.02352	0.18891	0.01540	0.02828	0.01945	0.02073	0.01246	0.01442	0.01120	0.00784	0.00616	0.00196	0.01091	0.00490	0.00392	0.01093
37	0.03269	0.03835	0.02499	0.02202	0.02698	0.53977	0.01680	0.14292	0.02778	0.02767	0.01489	0.01671	0.01191	0.00927	0.00803	0.00232	0.01458	0.00604	0.00529	0.01100
38	0.06364	0.20812	0.03355	0.02990	0.22968	0.15337	0.01923	0.11212	0.02305	0.02927	0.01510	0.01789	0.01251	0.00834	0.00751	0.00234	0.01087	0.00636	0.00489	0.01229
39	0.01299	0.00946	0.01263	0.01377	0.01578	0.00910	0.01141	0.01666	0.02095	0.02776	0.19625	0.13210	0.11922	0.02258	0.01137	0.00356	0.00647	0.34158	0.00843	0.00794
40	0.01063	0.00759	0.01012	0.01215	0.01265	0.00709	0.00810	0.01215	0.01670	0.02227	0.04808	0.68775	0.05769	0.02733	0.01113	0.00354	0.00506	0.02480	0.00810	0.00709
41	0.01601	0.01634	0.03249	0.02527	0.03048	0.01524	0.33351	0.02075	0.01905	0.02544	0.03452	0.28245	0.07612	0.01609	0.01062	0.00317	0.01025	0.01645	0.00610	0.00965
42	0.01246	0.00935	0.01402	0.01402	0.01558	0.01090	0.01090	0.01558	0.01402	0.02025	0.02336	0.03427	0.02181	0.06542	0.65888	0.01402	0.02336	0.00935	0.00467	0.00779
43	0.01811	0.11420	0.58456	0.02381	0.03613	0.02176	0.03040	0.02747	0.01834	0.02687	0.01528	0.01795	0.01106	0.00820	0.00800	0.00267	0.01251	0.00626	0.00369	0.01271
44	0.02332	0.69869	0.04571	0.01493	0.02239	0.03451	0.01493	0.02612	0.01772	0.02052	0.01213	0.01399	0.01119	0.00746	0.00560	0.00187	0.00933	0.00466	0.00373	0.01119
45	0.27165	0.20345	0.02697	0.01581	0.02239	0.02656	0.01375	0.25757	0.02600	0.04041	0.01563	0.01681	0.01205	0.00887	0.00677	0.00244	0.00857	0.00595	0.00627	0.01205
46	0.01386	0.00998	0.01379	0.01569	0.01775	0.00990	0.01368	0.01779	0.02007	0.02597	0.04834	0.09766	0.08011	0.02399	0.01196	0.00396	0.00785	0.55161	0.00804	0.00800
47	0.02580	0.02871	0.03131	0.04164	0.40454	0.26504	0.02297	0.02986	0.02172	0.02576	0.01529	0.01934	0.01283	0.00824	0.00834	0.00246	0.01242	0.00695	0.00439	0.01240
48	0.02459	0.02353	0.03263	0.04592	0.49857	0.11914	0.02420	0.02918	0.02099	0.07282	0.01728	0.02128	0.01399	0.00818	0.00853	0.00255	0.01098	0.00751	0.00482	0.01332
49	0.01515	0.00758	0.01136	0.01136	0.01136	0.00758	0.00758	0.01136	0.01136	0.01515	0.01515	0.02652	0.01515	0.03030	0.03409	0.74621	0.00758	0.00758	0.00379	0.00379
50	0.02804	0.02317	0.02321	0.01922	0.02511	0.07120	0.01537	0.31788	0.29777	0.04431	0.02684	0.02570	0.01979	0.01097	0.00873	0.00274	0.00886	0.00858	0.00848	0.01403
51	0.02757	0.40333	0.03677	0.01767	0.02444	0.15468	0.01571	0.17230	0.02485	0.02921	0.01457	0.01605	0.01210	0.00851	0.00681	0.00213	0.01065	0.00564	0.00512	0.01188
52	0.02385	0.02696	0.06535	0.07295	0.42838	0.17844	0.02449	0.02860	0.02087	0.02639	0.01560	0.02005	0.01293	0.00814	0.00843	0.00253	0.01189	0.00717	0.00431	0.01266
53	0.03316	0.02443	0.02618	0.02007	0.02705	0.02705	0.01658	0.60995	0.04101	0.05497	0.02094	0.02094	0.01483	0.01047	0.00873	0.00262	0.00960	0.00785	0.00873	0.01483
54	0.01673	0.01577	0.02663	0.64100	0.08953	0.01945	0.02435	0.02251	0.01756	0.02260	0.01555	0.02317	0.01174	0.00867	0.00872	0.00289	0.01156	0.00775	0.00390	0.00990
55	0.01246	0.00935	0.01402	0.01402	0.01558	0.01090	0.01090	0.01558	0.01402	0.02025	0.02336	0.03427	0.02181	0.06542	0.65888	0.01402	0.02336	0.00935	0.00467	0.00779
56	0.01063	0.00759	0.01012	0.01215	0.01265	0.00709	0.00810	0.01215	0.01670	0.02227	0.04808	0.68775	0.05769	0.02733	0.01113	0.00354	0.00506	0.02480	0.00810	0.00709
57	0.01246	0.00935	0.01402	0.01402	0.01558	0.01090	0.01090	0.01558	0.01402	0.02025	0.02336	0.03427	0.02181	0.06542	0.65888	0.01402	0.02336	0.00935	0.00467	0.00779
58	0.01268	0.00846	0.00951	0.00951	0.00951	0.00846	0.00529	0.01268	0.01268	0.01691	0.02748	0.05708	0.03171	0.69345	0.04440	0.00846	0.00846	0.01268	0.00529	0.00529
59	0.01119	0.00887	0.01006	0.00976	0.01232	0.00774	0.00732	0.01423	0.02197	0.02852	0.32547	0.07579	0.39529	0.02024	0.01030	0.00286	0.00429	0.01727	0.00875	0.00774
60	0.02016	0.34367	0.37301	0.02032	0.03073	0.02677	0.02432	0.02694	0.01810	0.02438	0.01404	0.01640	0.01112	0.00791	0.00706	0.00235	0.01126	0.00563	0.00371	0.01212
61	0.02159	0.02073	0.03541	0.05354	0.63903	0.02073	0.02677	0.02677	0.01986	0.02850	0.01641	0.02159	0.01382	0.00777	0.00864	0.00259	0.01036	0.00777	0.00432	0.01382
62	0.01750	0.04512	0.64825	0.02486	0.03775	0.02026	0.03223	0.02762	0.01842	0.02762	0.01565	0.01842	0.01105	0.00829	0.00829	0.00276	0.01289	0.00645	0.00368	0.01289
63	0.02043	0.02763	0.20880	0.04543	0.46891	0.02059	0.02831	0.02701	0.01945	0.02825	0.01619	0.02069	0.01303	0.00792	0.00854	0.00264	0.01108	0.00740	0.00414	0.01356

[dist]
# distance from previous block
# <min> <max>
6	8

[block]
# block no. 5 follows, 20 sequences, length 24
# corresponding to MSA columns:
# 219-242
name=unknown_F
#
# <colnr> <probs for GDERKNQSTAVLIFYWHMCP>
#	G	D	E	R	K	N	Q	S	T	A	V	L	I	F	Y	W	H	M	C	P
0	0.06039	0.02147	0.02425	0.02675	0.17311	0.07036	0.01727	0.09914	0.33909	0.03548	0.02648	0.02646	0.02024	0.01030	0.00855	0.00277	0.00869	0.00856	0.00724	0.01342
1	0.02159	0.02073	0.03541	0.05354	0.63903	0.02073	0.02677	0.02677	0.01986	0.02850	0.01641	0.02159	0.01382	0.00777	0.00864	0.00259	0.01036	0.00777	0.00432	0.01382
2	0.01221	0.00831	0.00989	0.01034	0.01054	0.00828	0.00622	0.01272	0.01366	0.01830	0.03191	0.19816	0.03705	0.51012	0.06923	0.00764	0.00848	0.01524	0.00589	0.00582
3	0.02159	0.02073	0.03541	0.05354	0.63903	0.02073	0.02677	0.02677	0.01986	0.02850	0.01641	0.02159	0.01382	0.00777	0.00864	0.00259	0.01036	0.00777	0.00432	0.01382
4	0.02876	0.31262	0.03338	0.01936	0.02508	0.40107	0.01606	0.03124	0.02183	0.02101	0.01292	0.01501	0.01122	0.00836	0.00693	0.00209	0.01309	0.00522	0.00418	0.01056
5	0.01054	0.00885	0.00915	0.00908	0.01192	0.00746	0.00681	0.01296	0.02042	0.02484	0.14951	0.08184	0.57355	0.02161	0.01031	0.00292	0.00438	0.01811	0.00827	0.00746
6	0.02473	0.02217	0.02579	0.22904	0.03664	0.09088	0.01935	0.23002	0.05656	0.03411	0.01750	0.02140	0.01344	0.01066	0.01212	0.00290	0.12747	0.00765	0.00588	0.01172
7	0.01124	0.00785	0.00994	0.01136	0.01171	0.00750	0.00725	0.01231	0.01550	0.02066	0.04191	0.49885	0.04991	0.22685	0.02110	0.00501	0.00608	0.02117	0.00725	0.00655
8	0.02734	0.06906	0.03048	0.03542	0.29010	0.34939	0.02101	0.03088	0.02224	0.02438	0.01467	0.01816	0.01234	0.00838	0.00807	0.00237	0.01307	0.00649	0.00438	0.01177
9	0.02506	0.57544	0.04177	0.01634	0.02325	0.15154	0.01529	0.02775	0.01904	0.02068	0.01238	0.01432	0.01120	0.00775	0.00602	0.00194	0.01053	0.00484	0.00387	0.01099
10	0.03382	0.02193	0.02446	0.01891	0.02571	0.02353	0.01557	0.44857	0.07222	0.18664	0.02484	0.02360	0.01706	0.01063	0.00875	0.00266	0.00895	0.00818	0.00920	0.01478
11	0.01072	0.00814	0.00988	0.01096	0.01242	0.00730	0.00764	0.01275	0.01861	0.02410	0.12656	0.42582	0.24439	0.02460	0.01078	0.00326	0.00475	0.02175	0.00827	0.00730
12	0.01052	0.00864	0.00926	0.00953	0.01202	0.00739	0.00698	0.01276	0.01974	0.02423	0.12347	0.17893	0.50115	0.02260	0.01044	0.00303	0.00450	0.01923	0.00821	0.00739
13	0.01337	0.01020	0.01287	0.01160	0.01470	0.00882	0.00868	0.01703	0.02196	0.03152	0.40360	0.15137	0.06282	0.01674	0.00956	0.00254	0.00479	0.01479	0.00837	0.17467
14	0.02332	0.69869	0.04571	0.01493	0.02239	0.03451	0.01493	0.02612	0.01772	0.02052	0.01213	0.01399	0.01119	0.00746	0.00560	0.00187	0.00933	0.00466	0.00373	0.01119
15	0.02478	0.02705	0.03141	0.08248	0.40723	0.22428	0.02344	0.02906	0.02126	0.02582	0.01542	0.01982	0.01286	0.00822	0.00839	0.00250	0.01216	0.00708	0.00435	0.01237
16	0.01248	0.00928	0.01368	0.01368	0.01512	0.01072	0.01048	0.01536	0.01392	0.02000	0.02368	0.03600	0.02256	0.11320	0.61213	0.01360	0.02223	0.00960	0.00472	0.00760
17	0.01750	0.04512	0.64825	0.02486	0.03775	0.02026	0.03223	0.02762	0.01842	0.02762	0.01565	0.01842	0.01105	0.00829	0.00829	0.00276	0.01289	0.00645	0.00368	0.01289
18	0.02102	0.02014	0.03437	0.12284	0.57421	0.02057	0.02649	0.02627	0.01959	0.02780	0.01631	0.02178	0.01357	0.00788	0.00865	0.00263	0.01050	0.00777	0.00427	0.01335
19	0.02026	0.01732	0.01824	0.05986	0.07842	0.13272	0.01393	0.02379	0.02210	0.09598	0.16728	0.08994	0.09626	0.01592	0.00977	0.00293	0.00847	0.10961	0.00743	0.00975
20	0.01761	0.00981	0.01306	0.01228	0.01491	0.00889	0.00918	0.02082	0.02247	0.16234	0.33826	0.23523	0.06225	0.01903	0.01020	0.00296	0.00510	0.01685	0.00943	0.00932
21	0.01205	0.00895	0.01314	0.01360	0.01492	0.01004	0.01027	0.01480	0.01462	0.02070	0.02894	0.18170	0.02990	0.05683	0.51275	0.01166	0.01924	0.01283	0.00545	0.00763
22	0.02159	0.02073	0.03541	0.05354	0.63903	0.02073	0.02677	0.02677	0.01986	0.02850	0.01641	0.02159	0.01382	0.00777	0.00864	0.00259	0.01036	0.00777	0.00432	0.01382
23	0.01948	0.02237	0.06875	0.02542	0.02989	0.09196	0.20737	0.02394	0.01741	0.02350	0.01664	0.02356	0.01434	0.02302	0.16272	0.00562	0.20104	0.00858	0.00427	0.01012

[dist]
# distance from previous block
# <min> <max>
0	1

[block]
# block no. 6 follows, 20 sequences, length 21
# corresponding to MSA columns:
# 244-264
name=unknown_G
#
# <colnr> <probs for GDERKNQSTAVLIFYWHMCP>
#	G	D	E	R	K	N	Q	S	T	A	V	L	I	F	Y	W	H	M	C	P
0	0.01463	0.01131	0.01356	0.01134	0.01504	0.00959	0.00827	0.01758	0.01904	0.02777	0.23991	0.04507	0.04262	0.18931	0.01770	0.00368	0.00614	0.01092	0.00678	0.28974
1	0.02025	0.01512	0.01656	0.01446	0.01832	0.01573	0.01112	0.26595	0.02757	0.03611	0.04562	0.20381	0.18807	0.06513	0.01221	0.00334	0.00706	0.01510	0.00817	0.01032
2	0.02906	0.02224	0.02617	0.18048	0.03517	0.02516	0.01846	0.46545	0.03522	0.04694	0.01961	0.02151	0.01405	0.01004	0.00872	0.00269	0.01010	0.00783	0.00753	0.01357
3	0.02332	0.69869	0.04571	0.01493	0.02239	0.03451	0.01493	0.02612	0.01772	0.02052	0.01213	0.01399	0.01119	0.00746	0.00560	0.00187	0.00933	0.00466	0.00373	0.01119
4	0.02080	0.02543	0.15372	0.04800	0.52295	0.02064	0.02782	0.02694	0.01958	0.02833	0.01626	0.02098	0.01328	0.00787	0.00857	0.00262	0.01085	0.00752	0.00420	0.01364
5	0.01667	0.01387	0.01517	0.01397	0.01766	0.01487	0.01073	0.03079	0.32667	0.03343	0.22068	0.05246	0.16618	0.01566	0.00958	0.00289	0.00559	0.01332	0.00893	0.01088
6	0.02159	0.02073	0.03541	0.05354	0.63903	0.02073	0.02677	0.02677	0.01986	0.02850	0.01641	0.02159	0.01382	0.00777	0.00864	0.00259	0.01036	0.00777	0.00432	0.01382
7	0.01346	0.01135	0.01203	0.01177	0.01509	0.01110	0.00917	0.02126	0.16486	0.02695	0.07103	0.07318	0.42495	0.01985	0.01016	0.00307	0.00541	0.07806	0.00828	0.00898
8	0.01901	0.21521	0.49144	0.02228	0.03375	0.02397	0.02773	0.02723	0.01824	0.02578	0.01474	0.01726	0.01109	0.00807	0.00759	0.00253	0.01196	0.00598	0.00370	0.01245
9	0.03258	0.04157	0.02472	0.02247	0.02697	0.65843	0.01685	0.03483	0.02472	0.02135	0.01348	0.01573	0.01124	0.00899	0.00787	0.00225	0.01573	0.00562	0.00449	0.01011
10	0.01063	0.00759	0.01012	0.01215	0.01265	0.00709	0.00810	0.01215	0.01670	0.02227	0.04808	0.68775	0.05769	0.02733	0.01113	0.00354	0.00506	0.02480	0.00810	0.00709
11	0.01031	0.00884	0.00884	0.00884	0.01178	0.00736	0.00663	0.01252	0.01988	0.02356	0.08837	0.08395	0.63549	0.02209	0.01031	0.00295	0.00442	0.01841	0.00810	0.00736
12	0.01063	0.00759	0.01012	0.01215	0.01265	0.00709	0.00810	0.01215	0.01670	0.02227	0.04808	0.68775	0.05769	0.02733	0.01113	0.00354	0.00506	0.02480	0.00810	0.00709
13	0.02332	0.69869	0.04571	0.01493	0.02239	0.03451	0.01493	0.02612	0.01772	0.02052	0.01213	0.01399	0.01119	0.00746	0.00560	0.00187	0.00933	0.00466	0.00373	0.01119
14	0.01290	0.00964	0.01206	0.01133	0.01366	0.00917	0.00853	0.01841	0.06886	0.03430	0.55193	0.06404	0.11663	0.01768	0.01018	0.00277	0.00434	0.01552	0.00944	0.00858
