[name]
unknown

[dist]
# distance from previous block
# <min> <max>
0	53

[block]
# block no. 0 follows, 21 sequences, length 12
# corresponding to MSA columns:
# 53-64
name=unknown_A
#
# <colnr> <probs for GDERKNQSTAVLIFYWHMCP>
#	G	D	E	R	K	N	Q	S	T	A	V	L	I	F	Y	W	H	M	C	P
0	0.01371	0.00980	0.01371	0.01567	0.01763	0.00980	0.01371	0.01763	0.01959	0.02547	0.04506	0.09599	0.04898	0.02351	0.01175	0.00392	0.00784	0.59056	0.00784	0.00784
1	0.01448	0.01399	0.02695	0.02202	0.02594	0.01310	0.26568	0.01837	0.01790	0.02407	0.03434	0.41076	0.03793	0.01841	0.01052	0.00321	0.00892	0.01820	0.00638	0.00884
2	0.02246	0.02288	0.03318	0.04827	0.56663	0.10469	0.02485	0.02714	0.02000	0.02689	0.01563	0.02032	0.01315	0.00774	0.00833	0.00248	0.01079	0.00731	0.00423	0.01301
3	0.01181	0.00801	0.00945	0.01001	0.01015	0.00787	0.00593	0.01223	0.01348	0.01798	0.03249	0.23638	0.03810	0.51047	0.03415	0.00690	0.00731	0.01571	0.00593	0.00565
4	0.02948	0.02169	0.02349	0.01857	0.02456	0.02385	0.01509	0.54008	0.03691	0.04946	0.02389	0.10861	0.01994	0.01236	0.00882	0.00267	0.00879	0.00982	0.00843	0.01348
5	0.02106	0.02022	0.03454	0.05223	0.64784	0.02022	0.02612	0.02612	0.01938	0.02780	0.01601	0.02106	0.01348	0.00758	0.00842	0.00253	0.01011	0.00758	0.00421	0.01348
6	0.01659	0.01601	0.01828	0.01703	0.01858	0.10860	0.01347	0.01921	0.01501	0.02009	0.01850	0.02713	0.01727	0.04368	0.41253	0.00954	0.18764	0.00818	0.00432	0.00835
7	0.02513	0.01153	0.01529	0.01274	0.01678	0.01029	0.00991	0.02829	0.02276	0.34124	0.26198	0.04531	0.04457	0.09929	0.01345	0.00335	0.00615	0.01160	0.00942	0.01089
8	0.05585	0.01109	0.01267	0.01173	0.01443	0.01211	0.00918	0.10604	0.01951	0.03124	0.02420	0.02972	0.01990	0.02794	0.22816	0.00602	0.01121	0.00812	0.35203	0.00884
9	0.02014	0.02054	0.02455	0.14108	0.02949	0.12406	0.04338	0.06128	0.01802	0.02339	0.01774	0.10756	0.01735	0.01366	0.01690	0.00317	0.29396	0.00947	0.00472	0.00954
10	0.02152	0.02187	0.03212	0.04400	0.47968	0.10010	0.05442	0.02614	0.01947	0.02615	0.01635	0.02160	0.01386	0.01295	0.06981	0.00354	0.01217	0.00759	0.00427	0.01238
11	0.01076	0.00865	0.00960	0.00936	0.01193	0.00748	0.00702	0.01357	0.02106	0.02693	0.28334	0.07541	0.44480	0.02008	0.01005	0.00280	0.00421	0.01705	0.00842	0.00748

[dist]
# distance from previous block
# <min> <max>
2	8

[block]
# block no. 1 follows, 21 sequences, length 8
# corresponding to MSA columns:
# 73-80
name=unknown_B
#
# <colnr> <probs for GDERKNQSTAVLIFYWHMCP>
#	G	D	E	R	K	N	Q	S	T	A	V	L	I	F	Y	W	H	M	C	P
0	0.15295	0.08631	0.31790	0.01862	0.02801	0.01994	0.02084	0.08239	0.01934	0.03110	0.01484	0.01705	0.01119	0.00788	0.00709	0.00235	0.00980	0.00576	0.00462	0.14201
1	0.02466	0.02722	0.02441	0.02744	0.17865	0.31433	0.01751	0.06523	0.02156	0.02442	0.01654	0.02124	0.01418	0.02118	0.15897	0.00493	0.01536	0.00698	0.00465	0.01054
2	0.01689	0.01510	0.02199	0.37021	0.04017	0.01832	0.01857	0.05301	0.10560	0.02507	0.02437	0.02946	0.06505	0.01685	0.08480	0.00413	0.06656	0.00886	0.00512	0.00987
3	0.02264	0.02400	0.02152	0.02423	0.15907	0.25831	0.01495	0.06085	0.02106	0.02422	0.05484	0.03274	0.05843	0.16835	0.01632	0.00374	0.01093	0.00894	0.00525	0.00961
4	0.18720	0.01841	0.01719	0.01550	0.02002	0.08503	0.01253	0.12284	0.14188	0.06082	0.02928	0.03810	0.05554	0.01275	0.00826	0.00283	0.00797	0.11008	0.04301	0.01076
5	0.02079	0.02404	0.09189	0.02847	0.19586	0.11187	0.01975	0.02485	0.01793	0.02488	0.01412	0.01853	0.01206	0.00933	0.01266	0.00251	0.17851	0.00653	0.00424	0.18119
6	0.01700	0.01644	0.02998	0.26743	0.15519	0.01784	0.15311	0.02229	0.01737	0.02364	0.01751	0.02491	0.01437	0.02071	0.15970	0.00527	0.01441	0.00847	0.00416	0.01023
7	0.01304	0.01068	0.01061	0.01034	0.01313	0.04617	0.00772	0.01547	0.02034	0.05536	0.16029	0.13048	0.43557	0.02011	0.00992	0.00285	0.00511	0.01697	0.00805	0.00780

[dist]
# distance from previous block
# <min> <max>
0	1

[block]
# block no. 2 follows, 21 sequences, length 7
# corresponding to MSA columns:
# 82-88
name=unknown_C
#
# <colnr> <probs for GDERKNQSTAVLIFYWHMCP>
#	G	D	E	R	K	N	Q	S	T	A	V	L	I	F	Y	W	H	M	C	P
0	0.08851	0.03095	0.02204	0.01937	0.02415	0.38185	0.01491	0.13897	0.09523	0.03071	0.05852	0.02119	0.01775	0.00985	0.00790	0.00240	0.01183	0.00693	0.00602	0.01093
1	0.01939	0.01914	0.01778	0.08496	0.02370	0.12986	0.01309	0.03158	0.29044	0.02804	0.04326	0.04196	0.19473	0.01354	0.00886	0.00276	0.00804	0.01101	0.00719	0.01066
2	0.02144	0.01328	0.01618	0.01389	0.01821	0.01294	0.01091	0.10026	0.07171	0.17149	0.07289	0.11548	0.10880	0.02202	0.10938	0.00432	0.00890	0.01173	0.00792	0.08826
3	0.01826	0.01408	0.01550	0.01563	0.06268	0.06641	0.01076	0.02403	0.10125	0.09950	0.24622	0.05024	0.13620	0.08643	0.01285	0.00326	0.00663	0.01253	0.00794	0.00960
4	0.35150	0.02658	0.01929	0.01725	0.02136	0.28327	0.01359	0.02797	0.01818	0.02843	0.01228	0.01517	0.01022	0.00932	0.00970	0.00262	0.11371	0.00540	0.00467	0.00949
5	0.02102	0.02116	0.01913	0.04570	0.02199	0.19897	0.01331	0.07276	0.02030	0.02535	0.02190	0.15119	0.02163	0.01671	0.05913	0.00334	0.08113	0.00990	0.03789	0.13748
6	0.01902	0.01269	0.01464	0.01335	0.01675	0.01256	0.01015	0.16935	0.02402	0.10185	0.04879	0.29079	0.19301	0.01935	0.00980	0.00298	0.00616	0.01662	0.00835	0.00976

[dist]
# distance from previous block
# <min> <max>
10	40

[block]
# block no. 3 follows, 21 sequences, length 31
# corresponding to MSA columns:
# 129-159
name=unknown_D
#
# <colnr> <probs for GDERKNQSTAVLIFYWHMCP>
#	G	D	E	R	K	N	Q	S	T	A	V	L	I	F	Y	W	H	M	C	P
0	0.02133	0.02273	0.09422	0.04763	0.55253	0.02054	0.02605	0.06076	0.02044	0.02922	0.01619	0.02073	0.01328	0.00778	0.00840	0.00255	0.01031	0.00746	0.00440	0.01345
1	0.01904	0.01164	0.01302	0.01166	0.01445	0.01240	0.00902	0.15495	0.02159	0.03326	0.02395	0.02866	0.01924	0.01886	0.09003	0.09260	0.00789	0.00795	0.40091	0.00888
2	0.19288	0.02523	0.02651	0.03413	0.32460	0.20646	0.01947	0.02813	0.01963	0.02816	0.01424	0.01776	0.01178	0.00800	0.00749	0.00245	0.01082	0.00630	0.00450	0.01147
3	0.01410	0.01053	0.01283	0.01167	0.01404	0.01002	0.00818	0.03945	0.01542	0.02185	0.02543	0.11655	0.02709	0.30297	0.15894	0.00699	0.01047	0.01123	0.00547	0.17675
4	0.02350	0.01606	0.01728	0.01525	0.01931	0.06783	0.01195	0.08784	0.16104	0.15970	0.02872	0.06769	0.02291	0.02249	0.14468	0.00490	0.01068	0.00941	0.09754	0.01121
5	0.04757	0.01238	0.01783	0.10871	0.07343	0.01210	0.06972	0.01711	0.01780	0.02366	0.04797	0.08962	0.27888	0.09868	0.01341	0.00345	0.00744	0.01342	0.00610	0.04074
6	0.01536	0.01312	0.01518	0.09383	0.02148	0.01410	0.01148	0.02663	0.25462	0.02946	0.14756	0.05256	0.23991	0.01547	0.00933	0.00284	0.00604	0.01309	0.00793	0.01000
7	0.02202	0.45830	0.03777	0.01736	0.02225	0.06824	0.01590	0.02446	0.01639	0.02021	0.01171	0.01526	0.01100	0.00968	0.01242	0.00242	0.21505	0.00549	0.00371	0.01037
8	0.01402	0.01050	0.01497	0.21764	0.02582	0.01197	0.01209	0.01699	0.01492	0.02113	0.02254	0.03734	0.02154	0.25284	0.15090	0.00668	0.01144	0.00955	0.11971	0.00740
9	0.02106	0.02022	0.03454	0.05223	0.64784	0.02022	0.02612	0.02612	0.01938	0.02780	0.01601	0.02106	0.01348	0.00758	0.00842	0.00253	0.01011	0.00758	0.00421	0.01348
10	0.02712	0.02509	0.02951	0.02325	0.02929	0.22973	0.19689	0.03112	0.02193	0.16757	0.02191	0.07627	0.01764	0.01000	0.00877	0.00255	0.01182	0.00907	0.00609	0.05439
11	0.01216	0.00838	0.01033	0.01049	0.01088	0.00869	0.00663	0.01298	0.01299	0.01767	0.02753	0.10270	0.03080	0.50075	0.18292	0.00910	0.01130	0.01260	0.00524	0.00586
12	0.02765	0.02980	0.02409	0.02093	0.02491	0.32542	0.01642	0.13963	0.11127	0.02884	0.01713	0.01929	0.01378	0.01070	0.01216	0.00267	0.15173	0.00688	0.00561	0.01110
13	0.01095	0.00807	0.01000	0.01069	0.01201	0.00739	0.00742	0.01313	0.01870	0.02493	0.21756	0.34655	0.17330	0.08284	0.01335	0.00355	0.00486	0.01952	0.00806	0.00712
14	0.01037	0.00741	0.00987	0.01185	0.01234	0.00691	0.00790	0.01185	0.01629	0.02172	0.04690	0.69537	0.05629	0.02666	0.01086	0.00346	0.00494	0.02419	0.00790	0.00691
15	0.01932	0.01921	0.03500	0.24325	0.34060	0.02008	0.14766	0.02500	0.01879	0.02582	0.01598	0.02196	0.01270	0.00778	0.00879	0.00269	0.01137	0.00809	0.00410	0.01182
16	0.02275	0.70604	0.04459	0.01456	0.02184	0.03367	0.01456	0.02548	0.01729	0.02002	0.01183	0.01365	0.01092	0.00728	0.00546	0.00182	0.00910	0.00455	0.00364	0.01092
17	0.01216	0.00912	0.01368	0.01368	0.01520	0.01064	0.01064	0.01520	0.01368	0.01976	0.02279	0.03343	0.02127	0.06382	0.66720	0.01368	0.02279	0.00912	0.00456	0.00760
18	0.01171	0.00911	0.01092	0.01167	0.01410	0.00832	0.00955	0.01474	0.01986	0.02491	0.11478	0.08616	0.35543	0.02201	0.01075	0.00328	0.00573	0.25147	0.00799	0.00752
19	0.02159	0.01645	0.01550	0.01378	0.01698	0.14551	0.01035	0.02459	0.02273	0.15750	0.31167	0.04545	0.04767	0.09715	0.01328	0.00324	0.00755	0.01156	0.00807	0.00940
20	0.01724	0.04285	0.62303	0.02490	0.03726	0.01986	0.06406	0.02697	0.01809	0.02697	0.01538	0.01824	0.01090	0.00803	0.00819	0.00270	0.01268	0.00650	0.00363	0.01252
21	0.01921	0.01897	0.02918	0.37479	0.30126	0.06336	0.02418	0.02439	0.01848	0.02420	0.01536	0.02152	0.01221	0.00814	0.00842	0.00266	0.01110	0.00743	0.00400	0.01115
22	0.06202	0.20310	0.17759	0.07036	0.15816	0.07987	0.02116	0.02689	0.04658	0.02516	0.01537	0.01867	0.01251	0.01044	0.03605	0.00288	0.01117	0.00631	0.00419	0.01153
23	0.07967	0.05183	0.02545	0.02531	0.15109	0.07449	0.01735	0.09609	0.01991	0.05364	0.02172	0.02502	0.07353	0.01188	0.01456	0.00291	0.23129	0.00805	0.00526	0.01092
24	0.05080	0.11107	0.19311	0.01783	0.02505	0.12962	0.01762	0.07154	0.07508	0.02775	0.02744	0.02811	0.11069	0.01051	0.00783	0.00242	0.00984	0.00798	0.00541	0.07030
25	0.05893	0.05678	0.02127	0.01690	0.02129	0.09757	0.01337	0.17707	0.11665	0.10373	0.02457	0.08489	0.02115	0.07867	0.01325	0.00326	0.06279	0.00940	0.00710	0.01136
26	0.18979	0.02449	0.15979	0.10444	0.10823	0.05722	0.01942	0.03049	0.14519	0.05359	0.01913	0.02111	0.01438	0.00888	0.00765	0.00269	0.00950	0.00696	0.00543	0.01163
27	0.09121	0.16244	0.06666	0.02117	0.05775	0.06517	0.12740	0.02314	0.01662	0.02334	0.01638	0.02550	0.01544	0.15218	0.01734	0.00377	0.09265	0.00789	0.00433	0.00963
28	0.02126	0.02212	0.02472	0.08373	0.25392	0.16228	0.01846	0.02839	0.12134	0.02625	0.02987	0.03164	0.11810	0.01086	0.00857	0.00259	0.00987	0.00915	0.00555	0.01131
29	0.10074	0.02822	0.08473	0.02154	0.06763	0.19054	0.01720	0.27524	0.02814	0.03696	0.01656	0.01857	0.01263	0.01035	0.00937	0.04610	0.01090	0.00664	0.00607	0.01188
30	0.02116	0.01645	0.04878	0.02174	0.11848	0.01482	0.06255	0.07262	0.02173	0.14391	0.06091	0.04217	0.16760	0.01310	0.00993	0.00270	0.03914	0.04291	0.00702	0.07226

[dist]
# distance from previous block
# <min> <max>
5	82

[block]
# block no. 4 follows, 21 sequences, length 53
# corresponding to MSA columns:
# 245-297
name=unknown_E
#
# <colnr> <probs for GDERKNQSTAVLIFYWHMCP>
#	G	D	E	R	K	N	Q	S	T	A	V	L	I	F	Y	W	H	M	C	P
0	0.02181	0.08654	0.02092	0.01542	0.02073	0.11719	0.01210	0.03100	0.20646	0.05753	0.02268	0.02603	0.01874	0.08633	0.01140	0.00281	0.00836	0.00745	0.00619	0.22030
1	0.18908	0.02761	0.01974	0.05757	0.02382	0.34975	0.01419	0.02793	0.01962	0.02526	0.01470	0.01835	0.01226	0.01429	0.07234	0.00351	0.04581	0.00601	0.04884	0.00933
2	0.01802	0.01676	0.02783	0.22120	0.34422	0.01835	0.02217	0.02262	0.01739	0.02424	0.01689	0.02451	0.01454	0.04545	0.09602	0.00436	0.04227	0.00798	0.00415	0.01104
3	0.02085	0.02185	0.02887	0.27483	0.07147	0.13104	0.12866	0.03017	0.15270	0.02590	0.01945	0.02337	0.01485	0.00892	0.00867	0.00273	0.01152	0.00811	0.00506	0.01096
4	0.02387	0.03356	0.27737	0.02749	0.12262	0.11206	0.05891	0.18206	0.02490	0.03318	0.01654	0.01899	0.01229	0.00861	0.00830	0.00257	0.01187	0.00694	0.00512	0.01276
5	0.01412	0.01127	0.01193	0.01086	0.01430	0.01070	0.00842	0.11738	0.02298	0.02880	0.10521	0.06803	0.47415	0.02124	0.03923	0.00329	0.00599	0.01563	0.00795	0.00851
6	0.01209	0.00890	0.01114	0.01158	0.01295	0.00915	0.00821	0.01530	0.05207	0.02167	0.04055	0.23107	0.12451	0.15797	0.20305	0.00705	0.01059	0.01524	0.03966	0.00726
7	0.01596	0.01319	0.01811	0.01648	0.01801	0.01641	0.01316	0.07543	0.01600	0.02310	0.01948	0.02908	0.01824	0.07607	0.39214	0.00952	0.20760	0.00866	0.00474	0.00863
8	0.02097	0.02162	0.02494	0.02658	0.15806	0.16851	0.05309	0.02434	0.01804	0.02371	0.01673	0.02245	0.01451	0.01855	0.11584	0.00443	0.16264	0.00749	0.08746	0.01005
9	0.02065	0.02289	0.05897	0.21740	0.21851	0.11678	0.09961	0.02573	0.01908	0.02462	0.01520	0.02046	0.01215	0.00823	0.00924	0.00259	0.04056	0.00736	0.00413	0.05584
10	0.02047	0.02788	0.20832	0.04292	0.44647	0.05155	0.02714	0.02673	0.01921	0.02722	0.01566	0.01992	0.01260	0.00778	0.00829	0.00256	0.01106	0.00712	0.00405	0.01305
11	0.05645	0.11888	0.02803	0.02556	0.13672	0.35610	0.01748	0.08123	0.05541	0.02620	0.01519	0.01739	0.01243	0.00860	0.00755	0.00229	0.01231	0.00611	0.00487	0.01120
12	0.02487	0.06028	0.02171	0.10802	0.02628	0.22183	0.01457	0.10591	0.02320	0.08991	0.07475	0.03097	0.02269	0.10126	0.01292	0.00326	0.01062	0.03077	0.00611	0.01009
13	0.01392	0.01193	0.01233	0.01176	0.01467	0.04012	0.00893	0.02068	0.13490	0.02825	0.22649	0.06398	0.29223	0.04375	0.01102	0.00304	0.00548	0.03968	0.00819	0.00867
14	0.02226	0.39990	0.03298	0.01596	0.02127	0.16596	0.01406	0.02495	0.01794	0.02014	0.01466	0.01860	0.01333	0.02071	0.15926	0.00465	0.01363	0.00581	0.00401	0.00992
15	0.02436	0.08496	0.02173	0.01731	0.02158	0.32650	0.01354	0.09204	0.02348	0.02502	0.03437	0.03469	0.18997	0.01269	0.00917	0.00246	0.04144	0.00925	0.00575	0.00969
16	0.01119	0.00852	0.00986	0.00971	0.01168	0.00766	0.00695	0.01370	0.01996	0.02622	0.28975	0.10681	0.29911	0.12352	0.01515	0.00365	0.00483	0.01649	0.00805	0.00719
17	0.01567	0.01299	0.01616	0.01500	0.01628	0.01530	0.01137	0.05399	0.07210	0.02346	0.03218	0.14876	0.08314	0.19917	0.02392	0.00467	0.19820	0.04332	0.00610	0.00824
18	0.01234	0.00903	0.01051	0.01078	0.01336	0.00800	0.00843	0.01499	0.01980	0.05528	0.12121	0.13826	0.39417	0.02150	0.01038	0.00310	0.00516	0.12783	0.00815	0.00772
19	0.02975	0.19232	0.02890	0.02009	0.02529	0.48329	0.01600	0.06691	0.02350	0.02260	0.01328	0.01526	0.01116	0.00851	0.00722	0.00213	0.01356	0.00540	0.00446	0.01038
20	0.02036	0.02444	0.09413	0.20579	0.03455	0.15921	0.01902	0.02472	0.01819	0.02332	0.01409	0.01876	0.01146	0.00901	0.01082	0.00245	0.11702	0.00637	0.00417	0.18213
21	0.06502	0.23937	0.09002	0.01691	0.02301	0.21855	0.01527	0.02804	0.02044	0.08261	0.04875	0.02464	0.07459	0.00994	0.00731	0.00228	0.01036	0.00712	0.00525	0.01053
22	0.01099	0.00881	0.00989	0.01023	0.01244	0.00796	0.00743	0.01436	0.05134	0.02481	0.14799	0.24179	0.37780	0.02184	0.01020	0.00300	0.00457	0.01885	0.00814	0.00755
23	0.01226	0.00872	0.01166	0.01166	0.01248	0.00954	0.00812	0.01390	0.01308	0.01826	0.02464	0.04364	0.02571	0.35607	0.38102	0.01119	0.01612	0.01061	0.00483	0.00648
24	0.02920	0.02277	0.05720	0.01862	0.02500	0.05648	0.01567	0.30092	0.20497	0.13950	0.02589	0.02460	0.01841	0.01045	0.00849	0.00265	0.00877	0.00817	0.00838	0.01384
25	0.02867	0.02422	0.03121	0.02364	0.03034	0.05937	0.15552	0.41594	0.03297	0.04383	0.01876	0.02064	0.01373	0.00971	0.00996	0.00268	0.05046	0.00808	0.00704	0.01323
26	0.01047	0.00748	0.00996	0.01178	0.01237	0.00698	0.00791	0.01210	0.01676	0.02247	0.08281	0.65734	0.05773	0.02610	0.01081	0.00341	0.00488	0.02366	0.00799	0.00698
27	0.02085	0.02081	0.03795	0.04868	0.51667	0.02050	0.15455	0.02637	0.01953	0.02768	0.01627	0.02147	0.01336	0.00749	0.00878	0.00260	0.01103	0.00812	0.00423	0.01304
28	0.03051	0.03776	0.02326	0.02100	0.02542	0.59348	0.01583	0.06337	0.02467	0.02268	0.01793	0.01962	0.04927	0.00961	0.00786	0.00225	0.01437	0.00635	0.00481	0.00995
29	0.01080	0.00859	0.00970	0.00956	0.01199	0.00748	0.00711	0.01360	0.02096	0.02701	0.28849	0.10735	0.40665	0.02030	0.01009	0.00283	0.00423	0.01734	0.00844	0.00748
30	0.01173	0.00798	0.00947	0.01011	0.01027	0.00782	0.00605	0.01221	0.01364	0.01819	0.03332	0.26294	0.03915	0.48247	0.03280	0.00670	0.00718	0.01620	0.00605	0.00573
31	0.01849	0.01459	0.01932	0.10482	0.02454	0.01587	0.04056	0.18638	0.02442	0.03304	0.13425	0.24065	0.03826	0.01651	0.01061	0.00297	0.04316	0.01428	0.00739	0.00991
32	0.01223	0.00985	0.01219	0.01285	0.01418	0.01031	0.00926	0.01622	0.08040	0.02327	0.04933	0.44862	0.15615	0.02302	0.01215	0.00332	0.07131	0.01991	0.00757	0.00788
33	0.01006	0.00862	0.00862	0.00862	0.01149	0.00718	0.00647	0.01221	0.01940	0.02299	0.08621	0.08190	0.64438	0.02155	0.01006	0.00287	0.00431	0.01796	0.00790	0.00718
34	0.02464	0.33725	0.03385	0.01868	0.02336	0.23123	0.01609	0.02700	0.01845	0.02038	0.01209	0.01534	0.01099	0.00951	0.01136	0.00238	0.16775	0.00551	0.00389	0.01022
35	0.02182	0.01996	0.03226	0.16329	0.41298	0.02099	0.05348	0.11632	0.02214	0.03061	0.01658	0.02136	0.01321	0.00814	0.00853	0.00261	0.01044	0.00771	0.00480	0.01278
36	0.01209	0.01039	0.01056	0.01021	0.01344	0.00974	0.00774	0.01824	0.13136	0.02529	0.07679	0.07274	0.53145	0.01973	0.00980	0.00288	0.00475	0.01644	0.00804	0.00833
37	0.03179	0.04056	0.02412	0.02192	0.02631	0.66676	0.01644	0.03398	0.02412	0.02083	0.01315	0.01535	0.01096	0.00877	0.00767	0.00219	0.01535	0.00548	0.00438	0.00987
38	0.02089	0.01998	0.02444	0.10182	0.19268	0.07935	0.01826	0.03342	0.27460	0.02964	0.05734	0.02735	0.02172	0.01041	0.00969	0.00276	0.04857	0.00865	0.00628	0.01215
39	0.02398	0.02141	0.02389	0.14295	0.03065	0.15852	0.07276	0.13204	0.02300	0.08883	0.02087	0.05993	0.01756	0.05734	0.08439	0.00420	0.01251	0.00880	0.00585	0.01053
40	0.01129	0.00830	0.00994	0.01016	0.01158	0.00764	0.00700	0.01342	0.01867	0.02488	0.24529	0.20515	0.19469	0.17302	0.01765	0.00414	0.00523	0.01725	0.00776	0.00695
41	0.01159	0.00865	0.01072	0.01109	0.01271	0.00813	0.00790	0.01520	0.04912	0.02729	0.28897	0.29709	0.14690	0.05037	0.01170	0.00324	0.00471	0.01859	0.00840	0.00763
42	0.01895	0.02309	0.10328	0.03389	0.10779	0.01968	0.42759	0.02568	0.01985	0.02743	0.05565	0.05767	0.01891	0.00887	0.00971	0.00283	0.01262	0.01041	0.00470	0.01138
43	0.02572	0.02987	0.02631	0.13368	0.03296	0.35690	0.08427	0.03340	0.14340	0.02464	0.01821	0.02070	0.01423	0.00910	0.00828	0.00251	0.01285	0.00717	0.00512	0.01069
44	0.18511	0.01590	0.01291	0.01205	0.01550	0.12323	0.00923	0.01990	0.02036	0.02910	0.20828	0.05002	0.23791	0.01513	0.00855	0.00265	0.00664	0.01208	0.00710	0.00834
45	0.01800	0.01491	0.02258	0.01901	0.02285	0.01498	0.14237	0.16772	0.02307	0.03094	0.03381	0.37977	0.03636	0.01830	0.01009	0.00310	0.00809	0.01697	0.00727	0.00980
46	0.02245	0.01543	0.01915	0.01608	0.02068	0.01577	0.04755	0.13226	0.16524	0.13729	0.07095	0.13427	0.06367	0.05425	0.01112	0.00310	0.00724	0.01209	0.00821	0.04319
47	0.02443	0.01887	0.03023	0.04175	0.47113	0.01859	0.02223	0.06079	0.02143	0.14591	0.02238	0.02498	0.04060	0.00885	0.00852	0.00256	0.00930	0.00819	0.00578	0.01347
48	0.01880	0.01407	0.01576	0.01404	0.01661	0.04099	0.01070	0.16217	0.02079	0.02918	0.02287	0.03335	0.02087	0.17611	0.20829	0.00699	0.04804	0.00905	0.12236	0.00896
49	0.05918	0.14006	0.09064	0.14018	0.20825	0.02198	0.02042	0.02815	0.12524	0.02690	0.01839	0.02177	0.01470	0.01088	0.03627	0.00302	0.01016	0.00719	0.00483	0.01178
50	0.18717	0.06762	0.02865	0.02236	0.02806	0.34468	0.15133	0.03004	0.02073	0.02602	0.01372	0.01665	0.01102	0.00814	0.00757	0.00242	0.01287	0.00628	0.00452	0.01015
51	0.01999	0.01882	0.01699	0.04962	0.02046	0.15513	0.01193	0.13640	0.02543	0.03142	0.20578	0.07964	0.16425	0.01501	0.00919	0.00264	0.00801	0.01232	0.00745	0.00952
52	0.14799	0.05814	0.07412	0.03879	0.02157	0.01604	0.06416	0.08764	0.01959	0.02900	0.03579	0.10159	0.16406	0.05331	0.04890	0.00369	0.00876	0.01135	0.00608	0.00941

[dist]
# distance from previous block
# <min> <max>
0	6

[block]
# block no. 5 follows, 21 sequences, length 29
# corresponding to MSA columns:
# 304-332
name=unknown_F
#
# <colnr> <probs for GDERKNQSTAVLIFYWHMCP>
#	G	D	E	R	K	N	Q	S	T	A	V	L	I	F	Y	W	H	M	C	P
0	0.02504	0.02039	0.02523	0.05754	0.16977	0.05184	0.01721	0.20977	0.02551	0.07685	0.01794	0.02024	0.01375	0.00872	0.00879	0.00228	0.03967	0.00693	0.00614	0.19641
1	0.02099	0.04931	0.07637	0.02315	0.05837	0.11632	0.10927	0.05707	0.01883	0.02581	0.01644	0.02140	0.01369	0.01319	0.04790	0.00336	0.20181	0.00753	0.10892	0.01026
2	0.24333	0.01840	0.07268	0.07044	0.10069	0.01698	0.13059	0.02253	0.01774	0.02924	0.03110	0.03318	0.15774	0.01094	0.00813	0.00274	0.00879	0.00945	0.00533	0.00997
3	0.01062	0.00880	0.00941	0.00971	0.01244	0.00759	0.00758	0.01305	0.01943	0.02337	0.07986	0.08407	0.55255	0.02185	0.01032	0.00303	0.00485	0.10628	0.00789	0.00728
4	0.01152	0.00914	0.01044	0.01052	0.01282	0.00844	0.00772	0.01573	0.06759	0.02670	0.22366	0.19921	0.32410	0.02071	0.01011	0.00294	0.00455	0.01790	0.00835	0.00784
5	0.02023	0.13102	0.15136	0.03498	0.20284	0.02273	0.26190	0.02662	0.01909	0.02624	0.01572	0.02014	0.01239	0.00746	0.00856	0.00258	0.01208	0.00787	0.00405	0.01213
6	0.02676	0.02873	0.02287	0.02180	0.06608	0.32024	0.01581	0.10506	0.19310	0.02922	0.02086	0.02220	0.01646	0.01368	0.05655	0.00329	0.01245	0.00729	0.00606	0.01149
7	0.02215	0.02498	0.02162	0.23175	0.03358	0.30530	0.01682	0.02589	0.02182	0.02420	0.15966	0.02888	0.02713	0.01068	0.00849	0.00251	0.01143	0.00845	0.00534	0.00931
8	0.01834	0.01016	0.01298	0.01144	0.01478	0.00901	0.00887	0.02181	0.02325	0.19024	0.38015	0.05827	0.17396	0.01645	0.00966	0.00270	0.00490	0.01414	0.00938	0.00951
9	0.01640	0.01345	0.01600	0.01470	0.01686	0.04777	0.01154	0.08244	0.01936	0.02707	0.12099	0.06822	0.06210	0.03232	0.24524	0.00668	0.11052	0.01059	0.06901	0.00875
10	0.01006	0.00862	0.00862	0.00862	0.01149	0.00718	0.00647	0.01221	0.01940	0.02299	0.08621	0.08190	0.64438	0.02155	0.01006	0.00287	0.00431	0.01796	0.00790	0.00718
11	0.02870	0.03552	0.02344	0.02127	0.02494	0.54188	0.01619	0.03093	0.02203	0.02070	0.01376	0.01723	0.01186	0.01410	0.06580	0.00333	0.08837	0.00600	0.00433	0.00961
12	0.01981	0.03071	0.27926	0.10267	0.29750	0.07030	0.02722	0.02662	0.01895	0.02631	0.01540	0.01956	0.01200	0.00797	0.00824	0.00260	0.01162	0.00690	0.00394	0.01243
13	0.02353	0.02623	0.02960	0.08058	0.21831	0.23058	0.06074	0.02711	0.01931	0.02337	0.01398	0.01890	0.01194	0.00970	0.01281	0.00274	0.16848	0.00704	0.00413	0.01092
14	0.01576	0.02628	0.29368	0.01940	0.02743	0.01471	0.07020	0.02188	0.01765	0.02583	0.02341	0.18976	0.02290	0.01230	0.00854	0.00257	0.00934	0.01085	0.00508	0.18243
15	0.01217	0.00905	0.01334	0.01334	0.01474	0.01045	0.01021	0.01498	0.01358	0.01950	0.02311	0.03516	0.02202	0.11326	0.61879	0.01326	0.02167	0.00937	0.00461	0.00741
16	0.01132	0.00845	0.01063	0.01193	0.01307	0.00813	0.00823	0.01482	0.06519	0.02391	0.09721	0.54497	0.10150	0.02434	0.01056	0.00330	0.00495	0.02186	0.00808	0.00753
17	0.01180	0.00801	0.00945	0.01002	0.01016	0.00787	0.00594	0.01222	0.01350	0.01800	0.03257	0.23893	0.03820	0.50778	0.03402	0.00688	0.00730	0.01576	0.00594	0.00566
18	0.01512	0.01085	0.01427	0.01341	0.01476	0.01314	0.01063	0.01825	0.01518	0.02466	0.02207	0.02933	0.01915	0.03115	0.25734	0.00674	0.16870	0.00826	0.29886	0.00813
19	0.01081	0.00829	0.00991	0.01026	0.01215	0.00739	0.00741	0.01339	0.02005	0.02633	0.26042	0.25552	0.28405	0.02166	0.01029	0.00298	0.00440	0.01893	0.00839	0.00739
20	0.01621	0.02962	0.34374	0.02348	0.03157	0.01759	0.13797	0.02304	0.01763	0.02532	0.02267	0.17578	0.02175	0.01271	0.01056	0.00298	0.06058	0.01124	0.00474	0.01081
21	0.01127	0.00856	0.01048	0.01138	0.01296	0.00801	0.00816	0.01456	0.04898	0.02487	0.14996	0.38658	0.19655	0.02308	0.01048	0.00319	0.00488	0.05033	0.00817	0.00753
22	0.20831	0.01665	0.02025	0.02142	0.16451	0.01538	0.01357	0.02343	0.01724	0.03042	0.01449	0.01746	0.01194	0.00701	0.00653	0.00190	0.00726	0.00552	0.00491	0.39182
23	0.02675	0.08599	0.18818	0.02360	0.07042	0.29746	0.02074	0.13537	0.02456	0.02865	0.01509	0.01718	0.01171	0.00866	0.00782	0.00238	0.01276	0.00615	0.00485	0.01170
24	0.02181	0.17104	0.20400	0.02763	0.17541	0.15383	0.02203	0.02697	0.01908	0.02392	0.01489	0.01848	0.01230	0.01226	0.05869	0.00323	0.01263	0.00629	0.00399	0.01151
25	0.02205	0.01998	0.01863	0.01660	0.01992	0.16614	0.01277	0.17340	0.02255	0.02808	0.01972	0.02705	0.01742	0.08190	0.25789	0.05738	0.01554	0.00803	0.00551	0.00944
26	0.01413	0.01336	0.04758	0.05091	0.04945	0.01219	0.01157	0.02198	0.14351	0.02929	0.23469	0.05666	0.24932	0.01617	0.00950	0.00279	0.00581	0.01381	0.00787	0.00942
27	0.06630	0.06782	0.05863	0.02001	0.02528	0.43609	0.01617	0.09178	0.02459	0.05919	0.04564	0.01891	0.01513	0.00927	0.00771	0.00231	0.01286	0.00630	0.00533	0.01066
28	0.17017	0.06640	0.09599	0.01749	0.08279	0.09277	0.01383	0.02156	0.01863	0.02664	0.04135	0.04133	0.25361	0.01319	0.00807	0.00262	0.00802	0.01033	0.00575	0.00948

[dist]
# distance from previous block
# <min> <max>
0	7

[block]
# block no. 6 follows, 21 sequences, length 43
# corresponding to MSA columns:
# 340-382
name=unknown_G
#
# <colnr> <probs for GDERKNQSTAVLIFYWHMCP>
#	G	D	E	R	K	N	Q	S	T	A	V	L	I	F	Y	W	H	M	C	P
0	0.01628	0.01303	0.01351	0.01193	0.01590	0.01289	0.00935	0.16019	0.07297	0.03132	0.06637	0.06321	0.44454	0.01804	0.00958	0.00280	0.00571	0.01483	0.00811	0.00943
1	0.01710	0.01179	0.01408	0.01330	0.01584	0.01260	0.01010	0.15731	0.02157	0.03082	0.03093	0.24051	0.03092	0.02829	0.16730	0.00540	0.01008	0.01332	0.15967	0.00907
2	0.01834	0.01597	0.02242	0.02198	0.12335	0.01551	0.06003	0.07114	0.04470	0.02765	0.02172	0.11084	0.02095	0.08447	0.01347	0.00299	0.06173	0.00969	0.00557	0.24748
3	0.11126	0.21556	0.41475	0.02007	0.03033	0.02336	0.02421	0.02632	0.01735	0.02652	0.01394	0.01631	0.01062	0.00785	0.00704	0.00246	0.01091	0.00562	0.00381	0.01172
4	0.01317	0.01190	0.01596	0.02096	0.19160	0.01087	0.01203	0.01615	0.01939	0.02435	0.06634	0.06468	0.46582	0.01760	0.00960	0.00278	0.00595	0.01502	0.00686	0.00897
5	0.01796	0.13765	0.22868	0.05071	0.11354	0.01994	0.10475	0.02344	0.01716	0.02362	0.01745	0.02634	0.01564	0.15043	0.01525	0.00370	0.01098	0.00801	0.00411	0.01062
6	0.01635	0.01548	0.01978	0.02190	0.14544	0.06277	0.04905	0.02046	0.04554	0.02507	0.03907	0.19471	0.16017	0.01519	0.00906	0.00263	0.00752	0.01345	0.00624	0.13013
7	0.01460	0.01398	0.01813	0.04409	0.02072	0.04978	0.08640	0.01769	0.01852	0.02378	0.04811	0.15452	0.26711	0.01642	0.01033	0.00271	0.04356	0.01413	0.00637	0.12905
8	0.01192	0.00781	0.00955	0.01055	0.01118	0.00763	0.00690	0.01344	0.01529	0.02174	0.03690	0.37261	0.04179	0.22182	0.04816	0.00506	0.00652	0.01746	0.12706	0.00660
9	0.02358	0.16142	0.03289	0.07829	0.14074	0.06011	0.09492	0.04918	0.01971	0.10467	0.01687	0.02003	0.01325	0.00876	0.00992	0.00247	0.08215	0.00707	0.00505	0.06891
10	0.02310	0.37700	0.03669	0.02431	0.17147	0.02749	0.01728	0.12203	0.02123	0.02736	0.01508	0.01805	0.01291	0.01219	0.05770	0.00302	0.01044	0.00614	0.00465	0.01186
11	0.01859	0.16100	0.42810	0.06172	0.11576	0.02233	0.02721	0.02629	0.01798	0.02551	0.01473	0.01784	0.01119	0.00789	0.00767	0.00252	0.01155	0.00621	0.00369	0.01222
12	0.02166	0.31094	0.11450	0.02025	0.05845	0.13984	0.05233	0.02565	0.01828	0.02186	0.01484	0.01869	0.01286	0.01691	0.11489	0.00404	0.01327	0.00617	0.00399	0.01057
13	0.01354	0.00989	0.01111	0.01117	0.01238	0.01023	0.00732	0.01845	0.12546	0.02196	0.03587	0.18374	0.07086	0.37260	0.02706	0.00575	0.00691	0.01448	0.03400	0.00724
14	0.02388	0.01893	0.01925	0.01634	0.02096	0.07610	0.01279	0.27535	0.07569	0.06092	0.07933	0.16122	0.06255	0.01447	0.00903	0.00270	0.00792	0.01198	0.00800	0.04260
15	0.05850	0.12719	0.27590	0.02138	0.02765	0.02431	0.02257	0.02399	0.01566	0.02391	0.01291	0.01739	0.01088	0.01075	0.01569	0.00299	0.28736	0.00642	0.00374	0.01082
16	0.01033	0.00754	0.00973	0.01149	0.01225	0.00694	0.00774	0.01189	0.01664	0.02187	0.05132	0.62647	0.12234	0.02609	0.01077	0.00339	0.00487	0.02349	0.00790	0.00694
17	0.01650	0.01201	0.01598	0.01911	0.14262	0.01268	0.01118	0.04142	0.01663	0.02530	0.02343	0.03689	0.02235	0.26372	0.02198	0.00455	0.05956	0.00944	0.23623	0.00841
18	0.07782	0.02115	0.02740	0.30421	0.25350	0.12538	0.02220	0.02551	0.01880	0.02495	0.01485	0.02024	0.01185	0.00818	0.00809	0.00261	0.01121	0.00700	0.00414	0.01089
19	0.02071	0.03536	0.32841	0.03025	0.11561	0.12610	0.16803	0.02807	0.01966	0.02613	0.01548	0.01913	0.01167	0.00791	0.00853	0.00263	0.01313	0.00722	0.00397	0.01199
20	0.01051	0.00872	0.00925	0.00935	0.01207	0.00746	0.00716	0.01297	0.01982	0.02415	0.13160	0.08139	0.54929	0.02134	0.01019	0.00294	0.00456	0.06189	0.00803	0.00731
21	0.02561	0.02705	0.03525	0.03393	0.19396	0.22371	0.22111	0.03032	0.02154	0.07999	0.01705	0.02059	0.01316	0.00808	0.00875	0.00255	0.01294	0.00784	0.00485	0.01175
22	0.18081	0.12041	0.02444	0.01864	0.02371	0.41832	0.01470	0.06173	0.02209	0.02602	0.01310	0.01508	0.01078	0.00847	0.00694	0.00225	0.01242	0.00530	0.00469	0.01011
23	0.01069	0.00772	0.01011	0.01147	0.01238	0.00715	0.00786	0.01270	0.01799	0.02425	0.16719	0.54081	0.08897	0.02458	0.01066	0.00327	0.00472	0.02215	0.00819	0.00715
24	0.02347	0.65324	0.04297	0.01515	0.02220	0.08390	0.01471	0.02616	0.01783	0.02009	0.01194	0.01379	0.01092	0.00740	0.00564	0.00185	0.00960	0.00462	0.00370	0.01084
25	0.01168	0.00823	0.00936	0.00958	0.01028	0.00787	0.00591	0.01249	0.01483	0.01937	0.07621	0.14324	0.14756	0.45173	0.03120	0.00634	0.00687	0.01508	0.00625	0.00592
26	0.01381	0.01123	0.01254	0.01237	0.01344	0.06163	0.00865	0.01543	0.01392	0.01839	0.02382	0.04194	0.02477	0.34401	0.33622	0.01034	0.01571	0.01028	0.00481	0.00669
27	0.03218	0.01951	0.07149	0.01708	0.02400	0.01737	0.01489	0.17407	0.10553	0.36126	0.02850	0.02604	0.01903	0.01023	0.00844	0.00260	0.00806	0.00817	0.00906	0.04250
28	0.01188	0.00854	0.01095	0.01238	0.01331	0.00825	0.00847	0.05365	0.01792	0.02392	0.04508	0.64893	0.05341	0.02553	0.01070	0.00339	0.00524	0.02306	0.00794	0.00743
29	0.02106	0.01518	0.01683	0.01428	0.01873	0.01578	0.01131	0.19327	0.13880	0.08642	0.17434	0.04717	0.18165	0.01474	0.00924	0.00272	0.00635	0.01222	0.00874	0.01116
30	0.02964	0.01971	0.02206	0.01766	0.02347	0.02114	0.01428	0.39933	0.08000	0.14948	0.02716	0.10965	0.02186	0.01249	0.00883	0.00271	0.00823	0.01009	0.00879	0.01342
31	0.01111	0.00772	0.00965	0.01090	0.01121	0.00741	0.00688	0.01204	0.01484	0.01979	0.03945	0.45815	0.04689	0.27671	0.02290	0.00523	0.00617	0.01981	0.00688	0.00626
32	0.01184	0.00802	0.00944	0.00997	0.01010	0.00789	0.00589	0.01223	0.01343	0.01790	0.03220	0.22734	0.03774	0.51999	0.03461	0.00696	0.00736	0.01555	0.00589	0.00563
33	0.01858	0.01890	0.02191	0.20565	0.03064	0.12651	0.01688	0.02165	0.01736	0.02223	0.09569	0.02897	0.02219	0.08552	0.01840	0.00357	0.22311	0.00870	0.00473	0.00884
34	0.01040	0.00827	0.00934	0.00984	0.01190	0.00721	0.00709	0.01259	0.01907	0.02402	0.14503	0.26155	0.39859	0.02254	0.01029	0.00302	0.00446	0.01948	0.00809	0.00721
35	0.01373	0.01127	0.01607	0.01518	0.01614	0.01401	0.01184	0.01609	0.01336	0.01951	0.02054	0.03276	0.02011	0.13418	0.43430	0.01060	0.17904	0.00914	0.00444	0.00769
36	0.01921	0.01933	0.02707	0.02782	0.17135	0.06988	0.11849	0.02713	0.13849	0.02685	0.03364	0.03537	0.14635	0.01210	0.01123	0.00284	0.08560	0.01037	0.00582	0.01107
37	0.02379	0.02621	0.03048	0.03400	0.26980	0.22453	0.09649	0.02800	0.02069	0.02550	0.01511	0.01893	0.01246	0.00770	0.00805	0.00226	0.01170	0.00682	0.00441	0.13306
38	0.01565	0.01120	0.01465	0.01699	0.11709	0.01007	0.01070	0.01860	0.02038	0.10464	0.12852	0.09644	0.36719	0.01768	0.00964	0.00280	0.00563	0.01512	0.00780	0.00922
39	0.11142	0.01295	0.01625	0.01877	0.11888	0.01303	0.01255	0.06484	0.02136	0.03088	0.16658	0.05748	0.17586	0.01617	0.00939	0.00293	0.00658	0.12745	0.00729	0.00934
40	0.07871	0.02084	0.06341	0.22368	0.36529	0.05362	0.02385	0.02525	0.01849	0.02650	0.01524	0.02048	0.01226	0.00796	0.00814	0.00261	0.01059	0.00716	0.00415	0.01176
41	0.02238	0.02375	0.02934	0.12225	0.35659	0.17416	0.02227	0.02655	0.01956	0.02454	0.01531	0.02042	0.01289	0.01133	0.04384	0.00314	0.04877	0.00715	0.00419	0.01156
42	0.01776	0.01604	0.02633	0.03736	0.41480	0.01608	0.01981	0.02231	0.01977	0.02828	0.16660	0.03280	0.03043	0.01717	0.09364	0.00400	0.01029	0.00964	0.00549	0.01142

[dist]
# distance from previous block
# <min> <max>
0	37

[block]
# block no. 7 follows, 21 sequences, length 35
# corresponding to MSA columns:
# 420-454
name=unknown_H
#
# <colnr> <probs for GDERKNQSTAVLIFYWHMCP>
#	G	D	E	R	K	N	Q	S	T	A	V	L	I	F	Y	W	H	M	C	P
0	0.17326	0.05475	0.02181	0.01731	0.04717	0.01581	0.11112	0.05024	0.01796	0.08019	0.01920	0.02407	0.01547	0.04199	0.01212	0.10016	0.00804	0.00744	0.14258	0.03931
1	0.02427	0.11047	0.13240	0.02081	0.02661	0.24646	0.04354	0.09525	0.02168	0.02563	0.01536	0.01899	0.01269	0.01584	0.08985	0.00384	0.07445	0.00657	0.00460	0.01071
2	0.14745	0.02342	0.07473	0.02253	0.10350	0.13979	0.01682	0.05805	0.01871	0.02741	0.01772	0.10080	0.01687	0.01185	0.01195	0.00280	0.14918	0.00849	0.00501	0.04290
3	0.01591	0.01119	0.01305	0.01247	0.01445	0.01144	0.00888	0.13834	0.02140	0.02933	0.11325	0.28827	0.04293	0.17480	0.01737	0.00417	0.00643	0.01597	0.05207	0.00828
4	0.01970	0.02092	0.02184	0.15938	0.13725	0.19522	0.01689	0.02338	0.01989	0.02355	0.08076	0.03265	0.09622	0.01800	0.09422	0.00400	0.01221	0.00916	0.00513	0.00963
5	0.01845	0.01383	0.01534	0.01355	0.01740	0.01427	0.01054	0.14891	0.14121	0.05934	0.17334	0.10326	0.20323	0.01636	0.00947	0.00281	0.00595	0.01379	0.00859	0.01037
6	0.01727	0.01140	0.01352	0.01178	0.01573	0.01017	0.00913	0.02200	0.07044	0.12485	0.17971	0.05442	0.21131	0.05522	0.01111	0.00289	0.00560	0.03761	0.00808	0.12776
7	0.01858	0.01376	0.01547	0.01308	0.01655	0.01359	0.00950	0.17714	0.02141	0.02950	0.02527	0.12142	0.02598	0.28251	0.02201	0.00464	0.00771	0.01111	0.00639	0.16440
8	0.01348	0.00999	0.01168	0.01063	0.01279	0.00887	0.00697	0.01477	0.01449	0.02047	0.02703	0.15423	0.03023	0.39562	0.02764	0.00552	0.00715	0.01238	0.00559	0.21047
9	0.01742	0.01368	0.01914	0.04463	0.02052	0.01421	0.08864	0.14326	0.02016	0.02707	0.02678	0.14730	0.02782	0.27946	0.06707	0.00568	0.00985	0.01261	0.00611	0.00859
10	0.02271	0.36190	0.11734	0.05636	0.02772	0.15954	0.05241	0.02670	0.01872	0.02159	0.01371	0.01680	0.01167	0.01115	0.04645	0.00284	0.01210	0.00573	0.00389	0.01067
11	0.01658	0.09210	0.23255	0.15981	0.13084	0.01840	0.02210	0.02252	0.01823	0.02450	0.02987	0.03239	0.14395	0.01083	0.00838	0.00265	0.00986	0.00903	0.00464	0.01078
12	0.01158	0.00870	0.01092	0.01175	0.01366	0.00804	0.00915	0.01450	0.01981	0.02586	0.18898	0.21489	0.22608	0.02229	0.01070	0.00325	0.00537	0.17875	0.00821	0.00749
13	0.01974	0.07129	0.27569	0.02744	0.15873	0.06468	0.02348	0.02930	0.12310	0.02724	0.02107	0.02320	0.04009	0.00951	0.00928	0.00267	0.04893	0.00751	0.00483	0.01223
14	0.02593	0.02825	0.02686	0.03200	0.25061	0.30151	0.01962	0.08184	0.02332	0.02682	0.01841	0.02689	0.01644	0.01012	0.00848	0.00254	0.01207	0.07186	0.00508	0.01136
15	0.01311	0.00818	0.00900	0.00900	0.00941	0.00818	0.00532	0.01394	0.01352	0.01969	0.02701	0.05067	0.02903	0.55629	0.03549	0.00694	0.00735	0.01145	0.16067	0.00574
16	0.01019	0.00863	0.00881	0.00876	0.01158	0.00724	0.00657	0.01247	0.01972	0.02375	0.12402	0.08066	0.60610	0.02127	0.01006	0.00286	0.00429	0.01779	0.00800	0.00724
17	0.01037	0.00741	0.00987	0.01185	0.01234	0.00691	0.00790	0.01185	0.01629	0.02172	0.04690	0.69537	0.05629	0.02666	0.01086	0.00346	0.00494	0.02419	0.00790	0.00691
18	0.02287	0.02581	0.03972	0.03811	0.23202	0.15762	0.30248	0.02832	0.02071	0.02607	0.01597	0.02075	0.01268	0.00764	0.00903	0.00262	0.01321	0.00830	0.00429	0.01177
19	0.02814	0.03371	0.02214	0.02029	0.02450	0.48880	0.01525	0.03480	0.14908	0.02394	0.01988	0.06488	0.01714	0.01056	0.00809	0.00242	0.01286	0.00761	0.00551	0.01041
20	0.01059	0.00789	0.00987	0.01097	0.01223	0.00716	0.00762	0.01266	0.01830	0.02415	0.15888	0.45707	0.18355	0.02398	0.01055	0.00320	0.00465	0.02136	0.00816	0.00716
21	0.01589	0.00887	0.01022	0.09536	0.01625	0.00936	0.00825	0.02008	0.01774	0.03043	0.02612	0.03055	0.02045	0.00973	0.00628	0.00209	0.00493	0.00788	0.65140	0.00813
22	0.01669	0.01304	0.01431	0.01263	0.01631	0.01322	0.00984	0.14292	0.10474	0.03426	0.23139	0.05726	0.26652	0.01668	0.00955	0.00275	0.00558	0.01399	0.00856	0.00976
23	0.01882	0.01869	0.03018	0.02433	0.02694	0.02271	0.16669	0.05595	0.01674	0.02424	0.01740	0.09892	0.01707	0.01407	0.02034	0.00341	0.39893	0.01007	0.00464	0.00987
24	0.01006	0.00862	0.00862	0.00862	0.01149	0.00718	0.00647	0.01221	0.01940	0.02299	0.08621	0.08190	0.64438	0.02155	0.01006	0.00287	0.00431	0.01796	0.00790	0.00718
25	0.02625	0.35948	0.03481	0.01937	0.05065	0.21099	0.01604	0.10484	0.02202	0.02498	0.01347	0.01562	0.01152	0.00854	0.00792	0.00216	0.05022	0.00552	0.00451	0.01110
26	0.02689	0.02980	0.02793	0.02871	0.15793	0.31735	0.04443	0.10139	0.02304	0.02653	0.01449	0.01805	0.01204	0.00965	0.01141	0.00259	0.12512	0.00671	0.00474	0.01117
27	0.01058	0.00805	0.00926	0.01008	0.01147	0.00725	0.00684	0.01209	0.01691	0.02135	0.05971	0.33237	0.29498	0.13996	0.01608	0.00404	0.00525	0.01959	0.00743	0.00672
28	0.01237	0.00948	0.01170	0.05176	0.01592	0.00940	0.00943	0.01575	0.05200	0.02252	0.04972	0.19945	0.19549	0.16540	0.01744	0.00435	0.00657	0.13681	0.00710	0.00733
29	0.02492	0.02104	0.02792	0.02143	0.02817	0.02203	0.13859	0.26601	0.19140	0.04000	0.02288	0.02362	0.01698	0.00944	0.00858	0.00254	0.00929	0.00834	0.00723	0.10959
30	0.02715	0.03267	0.02576	0.16172	0.11377	0.44906	0.01918	0.03043	0.02204	0.02192	0.01393	0.01760	0.01137	0.00856	0.00794	0.00237	0.01384	0.00618	0.00424	0.01025
31	0.16437	0.01424	0.01699	0.01997	0.14503	0.04108	0.01217	0.02093	0.01713	0.06268	0.07616	0.03730	0.07716	0.16313	0.09244	0.00510	0.00956	0.00968	0.00577	0.00911
32	0.02491	0.02804	0.02728	0.03417	0.30217	0.30758	0.01969	0.02833	0.02129	0.02431	0.04483	0.02259	0.01654	0.05023	0.01026	0.00273	0.01205	0.00730	0.00459	0.01111
33	0.02728	0.03201	0.06119	0.02644	0.13617	0.35407	0.01848	0.08077	0.12832	0.02755	0.01804	0.01972	0.01425	0.00911	0.00807	0.00243	0.01231	0.00678	0.00537	0.01164
34	0.02446	0.02741	0.02888	0.14715	0.30135	0.27610	0.02186	0.02849	0.02085	0.02401	0.01473	0.01908	0.01212	0.00821	0.00814	0.00245	0.01239	0.00675	0.00421	0.01136

[dist]
# distance from previous block
# <min> <max>
2	13

[block]
# block no. 8 follows, 21 sequences, length 25
# corresponding to MSA columns:
# 468-492
name=unknown_I
#
# <colnr> <probs for GDERKNQSTAVLIFYWHMCP>
#	G	D	E	R	K	N	Q	S	T	A	V	L	I	F	Y	W	H	M	C	P
0	0.05492	0.03138	0.10590	0.02083	0.02657	0.31007	0.05278	0.10850	0.06053	0.02857	0.05005	0.02167	0.01681	0.01353	0.05796	0.00330	0.01323	0.00716	0.00540	0.01085
1	0.06642	0.01978	0.02210	0.02399	0.15793	0.07123	0.01561	0.14514	0.19091	0.03477	0.06328	0.03260	0.09671	0.01151	0.00854	0.00266	0.00823	0.00948	0.00706	0.01207
2	0.02057	0.01799	0.02326	0.10403	0.15501	0.01884	0.01673	0.07643	0.24613	0.03188	0.02290	0.02437	0.01770	0.00906	0.00804	0.00241	0.00809	0.00776	0.00631	0.18250
3	0.06682	0.01983	0.02533	0.05099	0.12720	0.05444	0.06515	0.21824	0.02574	0.03519	0.02503	0.03626	0.04601	0.01239	0.01012	0.00290	0.04740	0.11297	0.00646	0.01153
4	0.06660	0.03155	0.02598	0.02710	0.15355	0.36287	0.01801	0.15833	0.02609	0.03022	0.01525	0.01754	0.01215	0.00879	0.00789	0.00236	0.01254	0.00634	0.00529	0.01157
5	0.02058	0.02139	0.07118	0.08112	0.58278	0.02013	0.02631	0.02595	0.01918	0.02746	0.01592	0.02096	0.01322	0.00766	0.00841	0.00255	0.01032	0.00750	0.00415	0.01323
6	0.01899	0.01083	0.01375	0.01264	0.01567	0.01011	0.00955	0.06876	0.02261	0.17290	0.22288	0.25327	0.09651	0.01849	0.00984	0.00292	0.00550	0.01618	0.00899	0.00961
7	0.05050	0.20973	0.02671	0.01577	0.02187	0.07123	0.01335	0.06571	0.14538	0.02828	0.01804	0.01935	0.01466	0.00865	0.00803	0.00210	0.04815	0.00617	0.00549	0.22082
8	0.01226	0.00820	0.00931	0.00943	0.00945	0.00818	0.00531	0.01235	0.01259	0.01679	0.02794	0.09144	0.03236	0.66324	0.04150	0.00798	0.00807	0.01304	0.00531	0.00525
9	0.01738	0.01686	0.02469	0.17226	0.02993	0.02287	0.01896	0.02024	0.01401	0.02070	0.01325	0.02105	0.01223	0.01837	0.08800	0.00452	0.46404	0.00764	0.00382	0.00917
10	0.02565	0.15974	0.03511	0.07804	0.16848	0.02099	0.14648	0.03023	0.02033	0.20226	0.02030	0.02230	0.01481	0.00834	0.00821	0.00251	0.01010	0.00776	0.00587	0.01250
11	0.01174	0.01141	0.04836	0.01094	0.01430	0.00912	0.00916	0.01614	0.05822	0.02590	0.16085	0.07327	0.43722	0.01965	0.00998	0.00291	0.00517	0.05967	0.00791	0.00807
12	0.01216	0.00912	0.01368	0.01368	0.01520	0.01064	0.01064	0.01520	0.01368	0.01976	0.02279	0.03343	0.02127	0.06382	0.66720	0.01368	0.02279	0.00912	0.00456	0.00760
