[name]
unknown

[dist]
# distance from previous block
# <min> <max>
138	499

[block]
# block no. 0 follows, 23 sequences, length 8
# corresponding to MSA columns:
# 602-609
name=unknown_A
#
# <colnr> <probs for GDERKNQSTAVLIFYWHMCP>
#	G	D	E	R	K	N	Q	S	T	A	V	L	I	F	Y	W	H	M	C	P
0	0.02031	0.13036	0.25065	0.03192	0.27723	0.10433	0.02388	0.02603	0.01830	0.02433	0.01411	0.01738	0.01132	0.00749	0.00743	0.00233	0.01093	0.00614	0.00376	0.01178
1	0.11857	0.11355	0.30735	0.02580	0.10933	0.02074	0.14362	0.02524	0.01717	0.02648	0.01418	0.01741	0.01081	0.00736	0.00746	0.00247	0.01088	0.00644	0.00385	0.01127
2	0.22091	0.02818	0.02136	0.02081	0.08716	0.33655	0.01479	0.12823	0.02264	0.02991	0.01363	0.01560	0.01081	0.00826	0.00693	0.00229	0.01104	0.00555	0.00502	0.01031
3	0.01738	0.01054	0.01298	0.01217	0.01514	0.00983	0.00909	0.05924	0.05109	0.15238	0.08769	0.32574	0.12903	0.01836	0.00929	0.00282	0.00541	0.01605	0.00806	0.04771
4	0.01819	0.01888	0.01887	0.02144	0.15105	0.16787	0.01364	0.02295	0.07743	0.02480	0.12177	0.04166	0.20712	0.01325	0.00947	0.00254	0.04278	0.01077	0.00608	0.00944
5	0.02018	0.09611	0.20249	0.03274	0.23076	0.02026	0.18079	0.02637	0.01844	0.07130	0.01617	0.01961	0.01232	0.00743	0.00807	0.00247	0.01099	0.00729	0.00426	0.01196
6	0.02113	0.02167	0.05146	0.07083	0.18496	0.14959	0.01761	0.02566	0.04605	0.04999	0.01627	0.01995	0.01323	0.00904	0.01054	0.00241	0.12343	0.00667	0.07342	0.08608
7	0.01304	0.01039	0.01052	0.01084	0.01154	0.06634	0.00702	0.01401	0.01411	0.01835	0.02923	0.22075	0.03306	0.38302	0.08247	0.00631	0.00860	0.01375	0.04059	0.00607

[dist]
# distance from previous block
# <min> <max>
0	2

[block]
# block no. 1 follows, 23 sequences, length 13
# corresponding to MSA columns:
# 612-624
name=unknown_B
#
# <colnr> <probs for GDERKNQSTAVLIFYWHMCP>
#	G	D	E	R	K	N	Q	S	T	A	V	L	I	F	Y	W	H	M	C	P
0	0.02500	0.02178	0.01948	0.01631	0.02148	0.20079	0.01279	0.09892	0.10350	0.12502	0.02036	0.02156	0.01557	0.01441	0.08200	0.00330	0.01067	0.00671	0.00620	0.17416
1	0.01654	0.01599	0.02282	0.03215	0.37721	0.04888	0.01714	0.02014	0.01872	0.02438	0.04113	0.04234	0.26453	0.01246	0.00860	0.00252	0.00775	0.01097	0.00539	0.01034
2	0.01042	0.00812	0.00896	0.00891	0.01086	0.00720	0.00632	0.01245	0.01809	0.02302	0.19506	0.09941	0.38993	0.14745	0.01545	0.00367	0.00477	0.01590	0.00736	0.00666
3	0.02893	0.03606	0.02434	0.02480	0.11131	0.59282	0.01692	0.03139	0.02238	0.02076	0.01291	0.01537	0.01078	0.00821	0.00741	0.00213	0.01396	0.00550	0.00416	0.00987
4	0.02476	0.19946	0.19259	0.01955	0.02663	0.28502	0.01885	0.09740	0.02168	0.02471	0.01354	0.01543	0.01078	0.00802	0.00701	0.00217	0.01190	0.00545	0.00427	0.01080
5	0.01627	0.04197	0.67279	0.02313	0.03512	0.01884	0.02998	0.02570	0.01713	0.02570	0.01456	0.01713	0.01028	0.00771	0.00771	0.00257	0.01199	0.00600	0.00343	0.01199
6	0.01003	0.00752	0.00931	0.01037	0.01161	0.00680	0.00720	0.01193	0.01729	0.02261	0.13722	0.46184	0.21077	0.02299	0.01006	0.00305	0.00444	0.02043	0.00772	0.00680
7	0.03065	0.02853	0.02386	0.01948	0.02513	0.26442	0.01552	0.41696	0.03263	0.03975	0.01695	0.01772	0.01258	0.00924	0.00783	0.00231	0.01101	0.00655	0.00668	0.01220
8	0.01638	0.01320	0.01400	0.01235	0.01562	0.04593	0.00957	0.14289	0.05632	0.03340	0.33884	0.05226	0.18639	0.01537	0.00910	0.00256	0.00560	0.01296	0.00818	0.00907
9	0.01370	0.01237	0.01912	0.01698	0.01893	0.01345	0.09491	0.01611	0.01534	0.02159	0.02979	0.38486	0.03378	0.01849	0.01402	0.00311	0.18236	0.01571	0.00584	0.06951
10	0.05522	0.36094	0.18610	0.01766	0.02504	0.18790	0.01793	0.02660	0.01812	0.02160	0.01237	0.01440	0.01032	0.00750	0.00631	0.00205	0.01082	0.00495	0.00370	0.01047
11	0.01126	0.00805	0.01029	0.01161	0.01242	0.00778	0.00787	0.04926	0.01671	0.02229	0.04217	0.63260	0.04996	0.06135	0.01188	0.00349	0.00513	0.02151	0.00743	0.00694
12	0.01623	0.01535	0.02598	0.57216	0.17196	0.01827	0.02299	0.02153	0.01665	0.02183	0.01458	0.02134	0.01121	0.00794	0.00810	0.00265	0.01059	0.00721	0.00368	0.00975

[dist]
# distance from previous block
# <min> <max>
0	1

[block]
# block no. 2 follows, 23 sequences, length 18
# corresponding to MSA columns:
# 626-643
name=unknown_C
#
# <colnr> <probs for GDERKNQSTAVLIFYWHMCP>
#	G	D	E	R	K	N	Q	S	T	A	V	L	I	F	Y	W	H	M	C	P
0	0.07765	0.02830	0.31997	0.16714	0.20169	0.01874	0.02543	0.02432	0.01703	0.02575	0.01445	0.01851	0.01094	0.00765	0.00766	0.00255	0.01068	0.00644	0.00374	0.01135
1	0.02261	0.02407	0.03048	0.04267	0.50633	0.18305	0.02262	0.02676	0.01959	0.02487	0.01459	0.01874	0.01226	0.00751	0.00786	0.00233	0.01087	0.00673	0.00406	0.01200
2	0.02956	0.03724	0.02373	0.02304	0.07223	0.63335	0.01636	0.03185	0.02266	0.02035	0.01274	0.01503	0.01063	0.00828	0.00737	0.00211	0.01426	0.00537	0.00417	0.00966
3	0.02223	0.01906	0.02718	0.18127	0.28196	0.02083	0.02049	0.20748	0.07976	0.03320	0.01790	0.02115	0.01374	0.00851	0.00810	0.00251	0.00941	0.00742	0.00552	0.01228
4	0.01782	0.23549	0.49283	0.02049	0.03104	0.02263	0.02538	0.02530	0.01695	0.02381	0.01362	0.01596	0.01032	0.00749	0.00699	0.00233	0.01105	0.00552	0.00344	0.01154
5	0.00987	0.00831	0.00861	0.00876	0.01143	0.00705	0.00672	0.01206	0.01851	0.02211	0.07906	0.07917	0.61170	0.02070	0.00972	0.00282	0.00438	0.06461	0.00753	0.00690
6	0.01375	0.01261	0.01812	0.05355	0.25617	0.01196	0.01385	0.01698	0.01839	0.02358	0.05433	0.05404	0.39136	0.01505	0.00895	0.00262	0.00646	0.01301	0.00605	0.00918
7	0.02490	0.01875	0.07268	0.01976	0.08453	0.01782	0.01522	0.06148	0.33563	0.21478	0.02902	0.02706	0.02070	0.01005	0.00816	0.00262	0.00741	0.00837	0.00796	0.01309
8	0.02588	0.02759	0.02760	0.03332	0.30739	0.28584	0.01971	0.12444	0.02339	0.02773	0.01484	0.01780	0.01204	0.00808	0.00776	0.00229	0.01153	0.00644	0.00473	0.01162
9	0.01270	0.00916	0.00992	0.00946	0.01076	0.00897	0.00612	0.06198	0.01583	0.02034	0.04125	0.05754	0.20853	0.45997	0.02958	0.00597	0.00688	0.01296	0.00592	0.00618
10	0.01657	0.04022	0.62329	0.02519	0.08378	0.01888	0.02959	0.02564	0.01724	0.02576	0.01462	0.01736	0.01048	0.00767	0.00773	0.00256	0.01181	0.00609	0.00347	0.01206
11	0.02196	0.02284	0.03111	0.04450	0.54691	0.14096	0.02321	0.02628	0.01931	0.02529	0.01476	0.01908	0.01241	0.00744	0.00790	0.00235	0.01056	0.00686	0.00405	0.01222
12	0.01665	0.01212	0.01373	0.01240	0.01482	0.01272	0.00903	0.19055	0.02086	0.02770	0.03336	0.14562	0.10558	0.25213	0.09124	0.00553	0.00869	0.01258	0.00650	0.00820
13	0.03085	0.02273	0.02435	0.01867	0.02516	0.02516	0.01542	0.63716	0.03815	0.05114	0.01948	0.01948	0.01380	0.00974	0.00812	0.00244	0.00893	0.00731	0.00812	0.01380
14	0.01594	0.01380	0.02124	0.13392	0.20556	0.01428	0.03639	0.06418	0.01906	0.02544	0.03246	0.16872	0.09438	0.01476	0.00920	0.00288	0.00805	0.10432	0.00583	0.00958
15	0.02296	0.02631	0.01980	0.01822	0.02136	0.37156	0.01395	0.02748	0.08590	0.02104	0.01720	0.02145	0.01479	0.02406	0.20168	0.00540	0.06634	0.00677	0.00461	0.00912
16	0.02622	0.01731	0.02025	0.01639	0.02141	0.01879	0.01336	0.36514	0.02863	0.13946	0.02210	0.02430	0.01664	0.02438	0.20073	0.00548	0.01227	0.00784	0.00734	0.01193
17	0.01885	0.01955	0.03464	0.10857	0.31211	0.04599	0.22737	0.02407	0.01865	0.02508	0.02082	0.02529	0.06440	0.00831	0.00865	0.00256	0.01088	0.00873	0.00429	0.01118

[dist]
# distance from previous block
# <min> <max>
1	3

[block]
# block no. 3 follows, 23 sequences, length 9
# corresponding to MSA columns:
# 647-655
name=unknown_D
#
# <colnr> <probs for GDERKNQSTAVLIFYWHMCP>
#	G	D	E	R	K	N	Q	S	T	A	V	L	I	F	Y	W	H	M	C	P
0	0.02359	0.14505	0.10128	0.02581	0.07831	0.27428	0.18797	0.02804	0.01992	0.02253	0.01382	0.01703	0.01112	0.00756	0.00769	0.00228	0.01274	0.00651	0.00395	0.01052
1	0.02587	0.02526	0.02495	0.02302	0.08526	0.20204	0.01708	0.23602	0.02471	0.03116	0.01464	0.01773	0.01189	0.01042	0.01326	0.00266	0.21090	0.00668	0.00534	0.01109
2	0.01593	0.06784	0.01510	0.01224	0.01518	0.08214	0.00910	0.02279	0.17730	0.02289	0.04200	0.04777	0.21416	0.20108	0.01714	0.00397	0.00713	0.01148	0.00636	0.00839
3	0.01361	0.00988	0.01187	0.01143	0.01314	0.00974	0.00788	0.07748	0.01644	0.02250	0.03002	0.26973	0.03352	0.26957	0.08508	0.00555	0.00803	0.01420	0.00608	0.08426
4	0.23487	0.02467	0.01868	0.01639	0.02047	0.26825	0.01289	0.11143	0.02084	0.02988	0.01441	0.01684	0.01154	0.00903	0.00859	0.00238	0.08042	0.00572	0.08310	0.00960
5	0.02100	0.01948	0.02317	0.02768	0.24941	0.08678	0.01665	0.12512	0.14868	0.03044	0.03123	0.03187	0.13143	0.01090	0.00830	0.00251	0.00840	0.00920	0.00617	0.01157
6	0.01454	0.06143	0.08356	0.13605	0.02421	0.07652	0.01367	0.01781	0.01697	0.02145	0.03336	0.30452	0.09541	0.01622	0.00877	0.00274	0.00776	0.01405	0.00569	0.04528
7	0.02274	0.02324	0.03047	0.04224	0.50013	0.14737	0.02252	0.06560	0.02061	0.02681	0.01501	0.01899	0.01245	0.00761	0.00790	0.00235	0.01056	0.00685	0.00431	0.01225
8	0.12835	0.02161	0.01807	0.01866	0.08534	0.22810	0.01281	0.09219	0.02096	0.02689	0.02903	0.14963	0.11016	0.01307	0.00802	0.00253	0.00901	0.01044	0.00581	0.00930

[dist]
# distance from previous block
# <min> <max>
7	18

[block]
# block no. 4 follows, 23 sequences, length 56
# corresponding to MSA columns:
# 675-730
name=unknown_E
#
# <colnr> <probs for GDERKNQSTAVLIFYWHMCP>
#	G	D	E	R	K	N	Q	S	T	A	V	L	I	F	Y	W	H	M	C	P
0	0.01630	0.01589	0.04500	0.07678	0.02793	0.01487	0.21431	0.09221	0.01997	0.02662	0.03297	0.20794	0.11310	0.01402	0.00928	0.00277	0.00883	0.01335	0.00592	0.04194
1	0.02201	0.02494	0.05832	0.03756	0.37644	0.19177	0.07654	0.02638	0.01934	0.02424	0.01500	0.01938	0.01250	0.01065	0.04740	0.00298	0.01211	0.00695	0.00406	0.01142
2	0.02001	0.02845	0.21220	0.03532	0.26693	0.09710	0.17092	0.02626	0.01880	0.02538	0.01503	0.01906	0.01173	0.00740	0.00823	0.00249	0.01184	0.00721	0.00389	0.01176
3	0.02820	0.02102	0.02215	0.02101	0.10830	0.12276	0.01486	0.24748	0.02736	0.18538	0.02792	0.02739	0.08836	0.01049	0.00816	0.00243	0.00890	0.00829	0.00733	0.01219
4	0.02248	0.04454	0.02354	0.02389	0.17227	0.01980	0.01576	0.29575	0.02653	0.03567	0.02744	0.08439	0.09386	0.01352	0.03143	0.00291	0.03838	0.00970	0.00654	0.01159
5	0.02148	0.21929	0.25519	0.01984	0.02830	0.02373	0.07149	0.17976	0.02270	0.03066	0.04310	0.01889	0.01426	0.00833	0.00737	0.00232	0.01010	0.00655	0.00492	0.01174
6	0.01650	0.06969	0.64702	0.02275	0.03453	0.01939	0.02932	0.02564	0.01711	0.02543	0.01443	0.01696	0.01028	0.00768	0.00761	0.00254	0.01186	0.00593	0.00343	0.01193
7	0.01761	0.11780	0.44816	0.02468	0.03516	0.02082	0.17288	0.02560	0.01754	0.02498	0.01462	0.01778	0.01078	0.00741	0.00786	0.00251	0.01200	0.00666	0.00359	0.01155
8	0.00959	0.00822	0.00822	0.00822	0.01096	0.00685	0.00617	0.01165	0.01850	0.02192	0.08220	0.07809	0.66092	0.02055	0.00959	0.00274	0.00411	0.01713	0.00754	0.00685
9	0.01362	0.01043	0.01503	0.01853	0.09335	0.01031	0.01390	0.01734	0.01864	0.02435	0.04295	0.08190	0.09403	0.02045	0.01069	0.00349	0.00745	0.48838	0.00707	0.00806
10	0.00988	0.00823	0.00862	0.00853	0.01114	0.00697	0.00639	0.01221	0.01918	0.02356	0.17123	0.07540	0.57088	0.01994	0.00959	0.00271	0.00407	0.01675	0.00775	0.00697
11	0.01881	0.02428	0.12224	0.03288	0.04154	0.02032	0.56279	0.02596	0.01891	0.02596	0.01620	0.02132	0.01207	0.00694	0.00935	0.00272	0.01348	0.00915	0.00402	0.01107
12	0.01893	0.01776	0.02824	0.20232	0.40096	0.01913	0.02218	0.02711	0.12976	0.02641	0.01820	0.02227	0.01447	0.00812	0.00809	0.00254	0.00936	0.00757	0.00467	0.01191
13	0.01010	0.00823	0.00887	0.00887	0.01112	0.00737	0.00648	0.01200	0.01702	0.02079	0.06798	0.06949	0.50633	0.11151	0.09361	0.00460	0.00667	0.01546	0.00683	0.00666
14	0.01240	0.00856	0.01008	0.00978	0.01060	0.00846	0.00626	0.03905	0.01616	0.02208	0.19872	0.09209	0.04303	0.45522	0.02948	0.00593	0.00663	0.01305	0.00629	0.00613
15	0.00963	0.00808	0.00837	0.00859	0.01106	0.00682	0.00633	0.01160	0.01814	0.02177	0.07765	0.15476	0.58719	0.02114	0.00968	0.00281	0.00418	0.01785	0.00753	0.00682
16	0.01997	0.02888	0.19181	0.02980	0.03836	0.10899	0.40909	0.02678	0.01919	0.02510	0.01546	0.01979	0.01158	0.00725	0.00883	0.00261	0.01341	0.00815	0.00395	0.01098
17	0.01853	0.02491	0.15004	0.05848	0.04174	0.02015	0.51080	0.02574	0.01870	0.02574	0.01603	0.02109	0.01192	0.00703	0.00921	0.00271	0.01329	0.00889	0.00397	0.01104
18	0.03067	0.02782	0.02392	0.01938	0.02514	0.23497	0.01550	0.44407	0.03331	0.04115	0.01727	0.01793	0.01273	0.00930	0.00786	0.00233	0.01075	0.00664	0.00686	0.01240
19	0.02220	0.67991	0.04138	0.01429	0.02108	0.07011	0.01399	0.02477	0.01687	0.01914	0.01135	0.01311	0.01042	0.00703	0.00533	0.00176	0.00903	0.00439	0.00351	0.01035
20	0.02243	0.02199	0.01926	0.01751	0.02186	0.17552	0.01364	0.06400	0.42278	0.03056	0.02845	0.03124	0.02276	0.01128	0.00828	0.00266	0.00855	0.05837	0.00722	0.01163
21	0.02549	0.39224	0.06033	0.01707	0.02311	0.28759	0.01519	0.02820	0.01937	0.04719	0.01279	0.01445	0.01083	0.00767	0.00627	0.00194	0.01110	0.00492	0.00403	0.01023
22	0.05172	0.57434	0.03573	0.01290	0.01876	0.02754	0.01227	0.02224	0.01590	0.01955	0.01606	0.02062	0.04087	0.09179	0.00968	0.00254	0.00828	0.00578	0.00389	0.00954
23	0.01814	0.01913	0.02021	0.02536	0.23445	0.17026	0.01482	0.02125	0.01986	0.02371	0.08279	0.04240	0.24928	0.01292	0.00853	0.00246	0.00843	0.01082	0.00565	0.00953
24	0.01148	0.00829	0.01085	0.01021	0.01212	0.00766	0.00766	0.01531	0.02297	0.03254	0.65994	0.06061	0.07656	0.01659	0.00957	0.00255	0.00383	0.01467	0.00893	0.00766
25	0.01857	0.02088	0.04502	0.07196	0.04201	0.01984	0.57477	0.02512	0.01884	0.02548	0.01739	0.04840	0.01382	0.00763	0.00952	0.00276	0.01317	0.00996	0.00421	0.01066
26	0.02178	0.02312	0.02931	0.13961	0.42255	0.17533	0.02237	0.02605	0.01920	0.02408	0.01450	0.01903	0.01198	0.00763	0.00788	0.00238	0.01099	0.00675	0.00399	0.01147
27	0.02009	0.01912	0.03172	0.04702	0.61044	0.01935	0.02389	0.02643	0.07125	0.02713	0.01675	0.02093	0.01385	0.00755	0.00805	0.00244	0.00937	0.00739	0.00437	0.01285
28	0.01070	0.00826	0.00976	0.00939	0.01164	0.00732	0.00704	0.01380	0.02112	0.02815	0.42110	0.06784	0.31814	0.01823	0.00958	0.00263	0.00394	0.01569	0.00835	0.00732
29	0.02321	0.27346	0.03052	0.01854	0.02236	0.23982	0.01571	0.02538	0.01728	0.01948	0.01149	0.01506	0.01050	0.00974	0.01279	0.00244	0.23339	0.00552	0.00373	0.00959
30	0.02636	0.02007	0.02212	0.05874	0.02527	0.02243	0.01479	0.44202	0.15009	0.04382	0.02358	0.07248	0.01862	0.01104	0.00831	0.00257	0.00826	0.00881	0.00783	0.01280
31	0.00959	0.00822	0.00822	0.00822	0.01096	0.00685	0.00617	0.01165	0.01850	0.02192	0.08220	0.07809	0.66092	0.02055	0.00959	0.00274	0.00411	0.01713	0.00754	0.00685
32	0.01627	0.04197	0.67279	0.02313	0.03512	0.01884	0.02998	0.02570	0.01713	0.02570	0.01456	0.01713	0.01028	0.00771	0.00771	0.00257	0.01199	0.00600	0.00343	0.01199
33	0.02220	0.02582	0.03074	0.02477	0.02877	0.24902	0.20751	0.02564	0.01826	0.02169	0.01440	0.04464	0.01276	0.01035	0.01408	0.00279	0.22503	0.00784	0.00409	0.00961
34	0.01766	0.14833	0.01976	0.01374	0.01773	0.10575	0.01122	0.02510	0.16799	0.02541	0.11339	0.04511	0.18048	0.01379	0.00828	0.00253	0.00717	0.06050	0.00665	0.00942
35	0.01019	0.00786	0.00940	0.01048	0.01210	0.00707	0.00770	0.01219	0.01721	0.02170	0.06036	0.35903	0.30999	0.02295	0.01015	0.00312	0.00483	0.09932	0.00753	0.00682
36	0.10751	0.09433	0.51393	0.02051	0.03101	0.01959	0.02535	0.02594	0.01694	0.05353	0.01463	0.01676	0.01053	0.00772	0.00720	0.00249	0.01082	0.00576	0.00390	0.01156
37	0.01656	0.04030	0.62565	0.02509	0.08147	0.01888	0.02961	0.02564	0.01723	0.02576	0.01461	0.01735	0.01047	0.00767	0.00773	0.00256	0.01182	0.00609	0.00347	0.01206
38	0.02648	0.02134	0.02121	0.02120	0.10792	0.17338	0.01467	0.03602	0.22488	0.19787	0.05205	0.02580	0.02075	0.00986	0.00803	0.00248	0.00881	0.00795	0.00723	0.01207
39	0.01671	0.03615	0.52116	0.09264	0.12380	0.01882	0.02855	0.02510	0.01723	0.02532	0.01464	0.01798	0.01069	0.00768	0.00779	0.00256	0.01155	0.00628	0.00353	0.01182
40	0.02194	0.07531	0.02836	0.21397	0.26219	0.21631	0.02071	0.02595	0.01906	0.02242	0.01394	0.01837	0.01141	0.00778	0.00763	0.00235	0.01137	0.00642	0.00391	0.01061
41	0.01701	0.01724	0.06505	0.14885	0.36875	0.01630	0.02074	0.02198	0.01907	0.02690	0.16701	0.02972	0.02736	0.00961	0.00839	0.00250	0.00861	0.00891	0.00507	0.01092
42	0.02327	0.02908	0.10118	0.02672	0.17546	0.30077	0.01870	0.02975	0.10452	0.02392	0.01696	0.01979	0.01376	0.01286	0.06533	0.00325	0.01265	0.00662	0.00461	0.01080
43	0.01757	0.01077	0.01402	0.01341	0.01648	0.01069	0.01105	0.06508	0.01957	0.14047	0.04164	0.05816	0.14873	0.02797	0.16837	0.00543	0.01021	0.20422	0.00726	0.00891
44	0.03037	0.03678	0.02316	0.02064	0.02509	0.60407	0.01565	0.10436	0.02480	0.02358	0.01337	0.01521	0.01085	0.00853	0.00741	0.00213	0.01395	0.00547	0.00465	0.00993
45	0.02604	0.02977	0.02096	0.02017	0.05999	0.43833	0.01451	0.03135	0.11297	0.05056	0.02480	0.02533	0.09048	0.01020	0.00780	0.00230	0.01157	0.00746	0.00541	0.00999
46	0.02513	0.06074	0.02090	0.01660	0.02138	0.06728	0.01378	0.29049	0.02763	0.11186	0.02742	0.08923	0.02488	0.01369	0.00879	0.00275	0.00843	0.15022	0.00758	0.01123
47	0.01361	0.00918	0.01188	0.01249	0.01461	0.00851	0.00956	0.01667	0.03740	0.07205	0.04326	0.37137	0.08977	0.02109	0.00994	0.00313	0.00572	0.17398	0.00751	0.06828
48	0.02196	0.02040	0.03431	0.09215	0.29161	0.02090	0.19031	0.16914	0.02311	0.03169	0.01650	0.02057	0.01276	0.00779	0.00848	0.00253	0.01068	0.00789	0.00497	0.01223
49	0.02219	0.02506	0.02388	0.15863	0.18655	0.29828	0.01810	0.02570	0.02022	0.02259	0.05795	0.02481	0.06305	0.00943	0.00795	0.00237	0.01123	0.00756	0.00456	0.00988
50	0.01905	0.01633	0.02438	0.03253	0.35757	0.01652	0.01815	0.07531	0.07795	0.04802	0.09779	0.03573	0.08754	0.01114	0.00858	0.00257	0.00788	0.04547	0.00602	0.01146
51	0.07929	0.15424	0.02589	0.06072	0.07798	0.14968	0.01531	0.13240	0.17050	0.03008	0.01854	0.01960	0.01448	0.00878	0.00721	0.00233	0.00936	0.00656	0.00568	0.01136
52	0.20006	0.01921	0.01943	0.01919	0.10607	0.07424	0.01341	0.24225	0.02481	0.03625	0.02820	0.02869	0.13386	0.01080	0.00759	0.00248	0.00797	0.00828	0.00640	0.01082
53	0.01662	0.01688	0.01522	0.01442	0.01586	0.16961	0.01054	0.01799	0.01617	0.01921	0.03098	0.16706	0.11091	0.19075	0.02032	0.00413	0.13845	0.01225	0.00534	0.00730
54	0.01706	0.01681	0.02296	0.03200	0.36909	0.07012	0.01720	0.02062	0.01886	0.02426	0.03980	0.04109	0.25241	0.01225	0.00855	0.00251	0.00801	0.01072	0.00533	0.01034
55	0.02050	0.01957	0.02049	0.10140	0.10605	0.14173	0.01516	0.10840	0.14471	0.02797	0.02564	0.18364	0.02424	0.01291	0.00851	0.00266	0.00883	0.01097	0.00621	0.01040

[dist]
# distance from previous block
# <min> <max>
38	116

[block]
# block no. 5 follows, 23 sequences, length 7
# corresponding to MSA columns:
# 894-900
name=unknown_F
#
# <colnr> <probs for GDERKNQSTAVLIFYWHMCP>
#	G	D	E	R	K	N	Q	S	T	A	V	L	I	F	Y	W	H	M	C	P
0	0.12333	0.02028	0.11400	0.01703	0.02323	0.01773	0.07146	0.15765	0.12158	0.07184	0.03246	0.03210	0.14048	0.01120	0.00808	0.00261	0.00799	0.00918	0.00667	0.01109
1	0.05029	0.26241	0.03084	0.01774	0.02322	0.07861	0.13304	0.02227	0.01698	0.02207	0.01788	0.10035	0.01716	0.01544	0.08550	0.00344	0.01087	0.00822	0.00443	0.07926
2	0.02061	0.09724	0.30382	0.02382	0.10245	0.14942	0.02224	0.02971	0.12472	0.02543	0.01705	0.01882	0.01306	0.00826	0.00753	0.00241	0.01099	0.00637	0.00446	0.01159
3	0.01657	0.16122	0.02232	0.01480	0.01857	0.01597	0.06517	0.02200	0.09079	0.06288	0.12996	0.14358	0.03281	0.02273	0.13950	0.00458	0.00983	0.01124	0.00622	0.00924
4	0.02265	0.07061	0.11198	0.03040	0.23353	0.06342	0.08081	0.16257	0.08761	0.03164	0.01761	0.01999	0.01359	0.00825	0.00795	0.00244	0.01010	0.00720	0.00526	0.01239
5	0.11028	0.01666	0.02231	0.12059	0.19451	0.01814	0.01714	0.09053	0.14273	0.07117	0.02283	0.03016	0.01888	0.01032	0.00811	0.00269	0.00828	0.07720	0.00610	0.01136
6	0.10691	0.02797	0.30912	0.07146	0.14613	0.01821	0.10205	0.02430	0.01759	0.02731	0.06062	0.02120	0.01559	0.00815	0.00785	0.00256	0.01045	0.00719	0.00421	0.01112

[dist]
# distance from previous block
# <min> <max>
1	11

[block]
# block no. 6 follows, 23 sequences, length 11
# corresponding to MSA columns:
# 912-922
name=unknown_G
#
# <colnr> <probs for GDERKNQSTAVLIFYWHMCP>
#	G	D	E	R	K	N	Q	S	T	A	V	L	I	F	Y	W	H	M	C	P
0	0.09644	0.02120	0.09386	0.02414	0.18193	0.11495	0.01666	0.02296	0.01704	0.02472	0.01568	0.02034	0.01331	0.01928	0.15811	0.00457	0.01242	0.00644	0.00428	0.13167
1	0.07960	0.27441	0.07622	0.01801	0.02277	0.04596	0.04560	0.02517	0.08079	0.02295	0.01385	0.01703	0.01192	0.00972	0.01251	0.00258	0.22048	0.00608	0.00416	0.01017
2	0.01555	0.05693	0.12025	0.01735	0.08773	0.01419	0.01411	0.08463	0.04528	0.02813	0.13766	0.04838	0.24557	0.01428	0.00873	0.00260	0.00690	0.03552	0.00658	0.00962
3	0.01816	0.01919	0.06393	0.02583	0.03198	0.01753	0.37674	0.09068	0.01986	0.02691	0.02189	0.12766	0.02041	0.08543	0.01282	0.00333	0.01111	0.01141	0.00512	0.01002
4	0.01894	0.01352	0.01711	0.01814	0.11318	0.01338	0.01202	0.15674	0.02340	0.09706	0.11161	0.15088	0.18976	0.01540	0.00900	0.00267	0.00637	0.01321	0.00755	0.01007
5	0.02624	0.02512	0.02466	0.02567	0.16655	0.21421	0.01705	0.25756	0.02666	0.03306	0.01675	0.01952	0.01330	0.01422	0.07975	0.00346	0.01212	0.00683	0.00565	0.01161
6	0.01809	0.16386	0.40474	0.02597	0.11193	0.02157	0.09403	0.02537	0.01741	0.02459	0.01424	0.01726	0.01085	0.00741	0.00749	0.00241	0.01127	0.00624	0.00358	0.01169
7	0.02109	0.33918	0.03355	0.02093	0.08999	0.09546	0.01654	0.02360	0.01601	0.02011	0.01162	0.01553	0.01076	0.00956	0.01291	0.00245	0.24137	0.00567	0.00363	0.01005
8	0.01853	0.01366	0.01564	0.08342	0.02022	0.01472	0.01104	0.20987	0.06095	0.03172	0.03306	0.10837	0.11220	0.11377	0.01299	0.00332	0.00700	0.01114	0.10899	0.00939
9	0.01891	0.10025	0.02097	0.01888	0.08500	0.14716	0.01342	0.07235	0.01957	0.02381	0.02935	0.21862	0.07162	0.01531	0.00990	0.00273	0.05792	0.05934	0.00579	0.00910
10	0.01999	0.02263	0.12381	0.02063	0.11710	0.15346	0.01578	0.02465	0.04224	0.09367	0.08639	0.03775	0.18402	0.01214	0.00837	0.00249	0.00877	0.00991	0.00605	0.01014

[dist]
# distance from previous block
# <min> <max>
0	6

[block]
# block no. 7 follows, 23 sequences, length 22
# corresponding to MSA columns:
# 929-950
name=unknown_H
#
# <colnr> <probs for GDERKNQSTAVLIFYWHMCP>
#	G	D	E	R	K	N	Q	S	T	A	V	L	I	F	Y	W	H	M	C	P
0	0.01708	0.05253	0.15458	0.16069	0.16940	0.01656	0.01967	0.04999	0.01876	0.04914	0.03058	0.03452	0.14830	0.01106	0.00831	0.00259	0.00894	0.03182	0.00507	0.01041
1	0.02226	0.03014	0.19585	0.03389	0.30518	0.18270	0.02338	0.06397	0.02043	0.02615	0.01467	0.01794	0.01165	0.00778	0.00778	0.00237	0.01144	0.00642	0.00415	0.01184
2	0.06327	0.03298	0.32150	0.03010	0.22308	0.14072	0.02460	0.02658	0.01843	0.02548	0.01422	0.01734	0.01101	0.00767	0.00758	0.00243	0.01144	0.00614	0.00384	0.01160
3	0.02259	0.01673	0.01826	0.01519	0.01929	0.01824	0.01175	0.34503	0.09865	0.03786	0.06105	0.09392	0.02560	0.16040	0.01542	0.00370	0.00774	0.01034	0.00745	0.01080
4	0.10615	0.13100	0.09513	0.09473	0.34280	0.02058	0.02093	0.02401	0.01745	0.02610	0.03888	0.01957	0.01401	0.00771	0.00727	0.00236	0.00922	0.00661	0.00414	0.01136
5	0.10123	0.02512	0.02187	0.19595	0.08984	0.31125	0.01677	0.02606	0.01986	0.02372	0.07872	0.02145	0.01729	0.00894	0.00758	0.00237	0.01121	0.00679	0.00459	0.00938
6	0.02156	0.01962	0.01814	0.01583	0.01992	0.13891	0.01231	0.15405	0.21818	0.03444	0.21802	0.03447	0.03572	0.01197	0.00846	0.00250	0.00765	0.00975	0.00769	0.01082
7	0.06266	0.02609	0.02302	0.12962	0.02952	0.24216	0.01623	0.27727	0.05796	0.03422	0.01661	0.01844	0.01249	0.00897	0.00771	0.00238	0.01089	0.00655	0.00593	0.01127
8	0.03141	0.02182	0.02379	0.01824	0.02471	0.02382	0.01507	0.57663	0.03664	0.11380	0.02075	0.02031	0.01444	0.00977	0.00812	0.00244	0.00872	0.00739	0.00831	0.01380
9	0.13367	0.06071	0.06344	0.06316	0.14323	0.35761	0.01755	0.02836	0.01981	0.02384	0.01304	0.01590	0.01066	0.00792	0.00709	0.00226	0.01187	0.00559	0.00416	0.01013
10	0.01947	0.01440	0.01725	0.01530	0.01887	0.01581	0.01239	0.26848	0.02445	0.03302	0.02767	0.07574	0.05029	0.03086	0.24598	0.00641	0.01278	0.09427	0.00664	0.00990
11	0.07114	0.02052	0.02256	0.01737	0.02374	0.02206	0.01435	0.48140	0.03378	0.17809	0.02164	0.02083	0.01483	0.00969	0.00796	0.00245	0.00837	0.00733	0.00835	0.01354
12	0.01747	0.17855	0.44293	0.02306	0.08906	0.02111	0.02497	0.02466	0.01687	0.02399	0.01438	0.01744	0.01115	0.01072	0.04802	0.00301	0.01168	0.00593	0.00355	0.01146
13	0.09627	0.27298	0.28850	0.01996	0.06300	0.08688	0.02059	0.02562	0.01721	0.02398	0.01294	0.01523	0.01034	0.00746	0.00655	0.00222	0.01038	0.00525	0.00371	0.01092
14	0.01038	0.00727	0.00927	0.01066	0.01101	0.00692	0.00685	0.01143	0.01457	0.01942	0.03976	0.53935	0.04740	0.20415	0.01838	0.00448	0.00553	0.02015	0.00685	0.00616
15	0.01672	0.01355	0.07991	0.01338	0.01732	0.01066	0.01199	0.05520	0.02160	0.12063	0.23614	0.05896	0.14242	0.01632	0.00948	0.00284	0.00627	0.14952	0.00793	0.00916
16	0.02464	0.48699	0.03585	0.01628	0.02228	0.25428	0.01450	0.02707	0.01871	0.01935	0.01171	0.01357	0.01043	0.00743	0.00593	0.00186	0.01071	0.00464	0.00371	0.01007
17	0.00959	0.00822	0.00822	0.00822	0.01096	0.00685	0.00617	0.01165	0.01850	0.02192	0.08220	0.07809	0.66092	0.02055	0.00959	0.00274	0.00411	0.01713	0.00754	0.00685
18	0.02008	0.01928	0.03294	0.04981	0.66422	0.01928	0.02490	0.02490	0.01848	0.02651	0.01526	0.02008	0.01285	0.00723	0.00803	0.00241	0.00964	0.00723	0.00402	0.01285
19	0.00959	0.00822	0.00822	0.00822	0.01096	0.00685	0.00617	0.01165	0.01850	0.02192	0.08220	0.07809	0.66092	0.02055	0.00959	0.00274	0.00411	0.01713	0.00754	0.00685
20	0.01159	0.00869	0.01304	0.01304	0.01449	0.01014	0.01014	0.01449	0.01304	0.01884	0.02173	0.03188	0.02029	0.06086	0.68268	0.01304	0.02173	0.00869	0.00435	0.00724
21	0.02169	0.71972	0.04252	0.01388	0.02083	0.03211	0.01388	0.02430	0.01649	0.01909	0.01128	0.01302	0.01041	0.00694	0.00521	0.00174	0.00868	0.00434	0.00347	0.01041

[dist]
# distance from previous block
# <min> <max>
0	1

[block]
# block no. 8 follows, 23 sequences, length 32
# corresponding to MSA columns:
# 952-983
name=unknown_I
#
# <colnr> <probs for GDERKNQSTAVLIFYWHMCP>
#	G	D	E	R	K	N	Q	S	T	A	V	L	I	F	Y	W	H	M	C	P
0	0.02169	0.71972	0.04252	0.01388	0.02083	0.03211	0.01388	0.02430	0.01649	0.01909	0.01128	0.01302	0.01041	0.00694	0.00521	0.00174	0.00868	0.00434	0.00347	0.01041
1	0.03085	0.02273	0.02435	0.01867	0.02516	0.02516	0.01542	0.63716	0.03815	0.05114	0.01948	0.01948	0.01380	0.00974	0.00812	0.00244	0.00893	0.00731	0.00812	0.01380
2	0.01627	0.04197	0.67279	0.02313	0.03512	0.01884	0.02998	0.02570	0.01713	0.02570	0.01456	0.01713	0.01028	0.00771	0.00771	0.00257	0.01199	0.00600	0.00343	0.01199
3	0.00975	0.00827	0.00844	0.00853	0.01123	0.00696	0.00648	0.01188	0.01850	0.02203	0.08041	0.07870	0.63284	0.02064	0.00966	0.00279	0.00426	0.04422	0.00753	0.00688
4	0.02020	0.53326	0.21591	0.01643	0.02476	0.02846	0.01831	0.02468	0.01666	0.02091	0.01218	0.01415	0.01038	0.00715	0.00590	0.00197	0.00959	0.00479	0.00346	0.01085
5	0.01746	0.19044	0.53472	0.02110	0.03199	0.02175	0.02645	0.02539	0.01699	0.02425	0.01384	0.01623	0.01031	0.00754	0.00716	0.00239	0.01127	0.00563	0.00344	0.01165
6	0.01950	0.01217	0.01418	0.01237	0.01632	0.01191	0.00970	0.05129	0.16098	0.18011	0.18412	0.04945	0.21508	0.01467	0.00890	0.00264	0.00541	0.01233	0.00861	0.01027
7	0.02003	0.08688	0.03713	0.04295	0.46643	0.02078	0.15744	0.02508	0.01843	0.02569	0.01513	0.01980	0.01250	0.00712	0.00810	0.00242	0.01043	0.00747	0.00398	0.01220
8	0.02144	0.10573	0.39734	0.02151	0.03043	0.23977	0.02370	0.02778	0.01901	0.02313	0.01358	0.01591	0.01035	0.00785	0.00734	0.00233	0.01255	0.00558	0.00368	0.01098
9	0.03050	0.03306	0.02347	0.02012	0.02511	0.45095	0.01559	0.24528	0.02833	0.03087	0.01499	0.01634	0.01163	0.00885	0.00760	0.00221	0.01263	0.00596	0.00557	0.01095
10	0.01662	0.08575	0.63208	0.02253	0.03420	0.01970	0.02894	0.02561	0.01709	0.02527	0.01435	0.01687	0.01029	0.00766	0.00755	0.00252	0.01178	0.00589	0.00343	0.01189
11	0.01189	0.00856	0.01084	0.01200	0.01305	0.00837	0.00829	0.07119	0.01770	0.02363	0.04231	0.64351	0.04985	0.02392	0.01014	0.00321	0.00511	0.02156	0.00759	0.00728
12	0.01840	0.30803	0.42537	0.01950	0.02951	0.02405	0.02366	0.02515	0.01688	0.02310	0.01327	0.01552	0.01033	0.00741	0.00673	0.00224	0.01069	0.00535	0.00344	0.01137
13	0.01971	0.01582	0.02025	0.01799	0.07058	0.01567	0.03781	0.20076	0.02242	0.03167	0.01962	0.06611	0.01712	0.02051	0.15545	0.00445	0.01082	0.00796	0.00577	0.23954
14	0.01180	0.00787	0.00885	0.00885	0.00885	0.00787	0.00492	0.01180	0.01180	0.01573	0.02557	0.05310	0.02950	0.71483	0.04130	0.00787	0.00787	0.01180	0.00492	0.00492
15	0.01409	0.00705	0.01057	0.01057	0.01057	0.00705	0.00705	0.01057	0.01057	0.01409	0.01409	0.02467	0.01409	0.02819	0.03171	0.76392	0.00705	0.00705	0.00352	0.00352
16	0.01683	0.01760	0.01386	0.01424	0.01590	0.23042	0.00998	0.01833	0.01765	0.01995	0.03223	0.41664	0.03705	0.08574	0.01231	0.00333	0.00830	0.01608	0.00617	0.00736
17	0.03031	0.03867	0.02299	0.02090	0.02508	0.68226	0.01568	0.03240	0.02299	0.01986	0.01254	0.01463	0.01045	0.00836	0.00732	0.00209	0.01463	0.00523	0.00418	0.00941
18	0.01926	0.01886	0.03010	0.22602	0.46655	0.05038	0.02381	0.02411	0.01807	0.02460	0.01490	0.02025	0.01218	0.00753	0.00802	0.00248	0.01020	0.00713	0.00391	0.01163
19	0.01768	0.18891	0.48692	0.02195	0.03255	0.02188	0.07271	0.02541	0.01714	0.02427	0.01398	0.01659	0.01046	0.00747	0.00730	0.00240	0.01139	0.00591	0.00349	0.01157
20	0.01174	0.00856	0.01121	0.01127	0.01324	0.00803	0.00894	0.01540	0.02150	0.02954	0.45352	0.07003	0.11598	0.01842	0.01000	0.00287	0.00479	0.16896	0.00844	0.00754
21	0.03085	0.02273	0.02435	0.01867	0.02516	0.02516	0.01542	0.63716	0.03815	0.05114	0.01948	0.01948	0.01380	0.00974	0.00812	0.00244	0.00893	0.00731	0.00812	0.01380
22	0.02898	0.02423	0.02224	0.01829	0.02385	0.16678	0.01459	0.32045	0.16415	0.09981	0.02206	0.02151	0.01601	0.00974	0.00798	0.00243	0.00945	0.00733	0.00747	0.01263
23	0.01318	0.01005	0.01125	0.01086	0.01326	0.00966	0.00798	0.10527	0.02056	0.02652	0.11374	0.23959	0.29593	0.06985	0.01186	0.00320	0.00524	0.01668	0.00757	0.00775
24	0.01164	0.00946	0.01031	0.01162	0.01229	0.05540	0.00773	0.01289	0.01551	0.01991	0.03955	0.56156	0.04695	0.12709	0.01476	0.00389	0.00589	0.02010	0.00690	0.00654
25	0.02900	0.03348	0.02351	0.02212	0.06610	0.49230	0.01603	0.12426	0.07008	0.02604	0.01524	0.01684	0.01214	0.00869	0.00755	0.00221	0.01286	0.00595	0.00506	0.01054
26	0.01858	0.02023	0.09955	0.08750	0.38054	0.01839	0.02180	0.02708	0.13518	0.02694	0.02054	0.07137	0.01756	0.00936	0.00821	0.00258	0.00904	0.00859	0.00496	0.01201
27	0.02279	0.02490	0.16405	0.02056	0.07070	0.07029	0.01777	0.28974	0.02687	0.03596	0.05171	0.12358	0.02163	0.01167	0.00836	0.00257	0.00922	0.00956	0.00644	0.01163
28	0.01994	0.02087	0.09093	0.16042	0.30746	0.01982	0.06195	0.09248	0.09175	0.02882	0.01758	0.02130	0.01364	0.00812	0.00815	0.00254	0.00990	0.00749	0.00481	0.01203
29	0.04848	0.02015	0.01637	0.01545	0.01838	0.23481	0.01151	0.02462	0.11183	0.02247	0.02352	0.13114	0.02279	0.07651	0.15068	0.00508	0.01216	0.00975	0.00546	0.03886
30	0.01837	0.14958	0.02125	0.01491	0.01842	0.11688	0.01208	0.04666	0.10753	0.02256	0.02397	0.02861	0.06341	0.05384	0.23272	0.00608	0.04086	0.00803	0.00508	0.00916
31	0.02140	0.01712	0.01747	0.01432	0.01896	0.06377	0.01140	0.27933	0.02788	0.03722	0.16845	0.03708	0.12401	0.01239	0.00829	0.00234	0.00701	0.01001	0.03887	0.08267

[dist]
# distance from previous block
# <min> <max>
5	7

[block]
# block no. 9 follows, 23 sequences, length 15
# corresponding to MSA columns:
# 991-1005
name=unknown_J
#
# <colnr> <probs for GDERKNQSTAVLIFYWHMCP>
#	G	D	E	R	K	N	Q	S	T	A	V	L	I	F	Y	W	H	M	C	P
0	0.01941	0.03210	0.29575	0.02210	0.02978	0.18317	0.11895	0.02562	0.01993	0.02547	0.12628	0.02481	0.02214	0.00927	0.00823	0.00247	0.01151	0.00788	0.00468	0.01043
1	0.04257	0.02078	0.17998	0.01866	0.08793	0.05837	0.01524	0.01990	0.01509	0.04273	0.01961	0.03349	0.01939	0.32173	0.02375	0.00493	0.05411	0.00874	0.00449	0.00852
2	0.02475	0.03476	0.18488	0.02045	0.02646	0.37069	0.01874	0.08584	0.02203	0.02439	0.01808	0.02000	0.05271	0.00947	0.00881	0.00237	0.05425	0.00650	0.00454	0.01027
3	0.02209	0.17434	0.15532	0.01965	0.02708	0.06940	0.10164	0.18514	0.02332	0.03030	0.02108	0.02258	0.06759	0.00905	0.00761	0.00231	0.01000	0.00734	0.00522	0.03894
4	0.07213	0.09802	0.23154	0.05885	0.02907	0.19347	0.01997	0.15215	0.02263	0.02917	0.01452	0.01658	0.01099	0.00823	0.00730	0.00234	0.01130	0.00587	0.00470	0.01116
5	0.02071	0.02058	0.08426	0.03527	0.35349	0.01913	0.06406	0.03086	0.18944	0.06737	0.02110	0.02317	0.01626	0.00844	0.00818	0.00255	0.00909	0.00787	0.00548	0.01270
6	0.01922	0.01227	0.01330	0.01154	0.01566	0.04054	0.00903	0.02358	0.07450	0.19837	0.09687	0.05274	0.32628	0.01523	0.00878	0.00255	0.00563	0.01260	0.00806	0.05324
7	0.05793	0.01026	0.01325	0.11951	0.04912	0.01034	0.01116	0.01560	0.01806	0.02406	0.10450	0.10840	0.29012	0.01754	0.00934	0.00290	0.00614	0.11732	0.00672	0.00774
8	0.01710	0.01104	0.01444	0.01475	0.05588	0.01144	0.00993	0.13889	0.01792	0.02441	0.02176	0.15640	0.02193	0.02171	0.02008	0.37848	0.00699	0.01024	0.03960	0.00698
9	0.02881	0.02872	0.02352	0.02215	0.08487	0.33153	0.01593	0.19218	0.09348	0.07353	0.01811	0.01896	0.01373	0.00901	0.00775	0.00231	0.01127	0.00658	0.00603	0.01155
10	0.23751	0.01714	0.02045	0.16282	0.08816	0.01956	0.01536	0.19014	0.02215	0.03507	0.07038	0.02165	0.01689	0.00931	0.00818	0.00257	0.03934	0.00707	0.00574	0.01050
11	0.28017	0.03119	0.39681	0.02068	0.07307	0.01865	0.02223	0.02500	0.01607	0.02949	0.01347	0.01596	0.00994	0.00761	0.00679	0.00254	0.00983	0.00552	0.00402	0.01094
12	0.07884	0.28045	0.05417	0.01941	0.06024	0.33847	0.01561	0.02820	0.01952	0.02136	0.01223	0.01436	0.01045	0.00770	0.00645	0.00203	0.01151	0.00499	0.00395	0.01002
13	0.01566	0.01240	0.01399	0.01327	0.01551	0.06895	0.01032	0.07575	0.01699	0.02403	0.02158	0.02893	0.01892	0.04229	0.43944	0.00910	0.01670	0.00806	0.14003	0.00811
14	0.05375	0.02064	0.01808	0.02012	0.12958	0.22218	0.01299	0.04919	0.02046	0.02400	0.04119	0.06749	0.26150	0.01353	0.00836	0.00248	0.00871	0.01089	0.00578	0.00908

[dist]
# distance from previous block
# <min> <max>
0	1

[block]
# block no. 10 follows, 23 sequences, length 10
# corresponding to MSA columns:
# 1007-1016
name=unknown_K
#
# <colnr> <probs for GDERKNQSTAVLIFYWHMCP>
#	G	D	E	R	K	N	Q	S	T	A	V	L	I	F	Y	W	H	M	C	P
0	0.40304	0.04634	0.01429	0.07669	0.01909	0.01590	0.01023	0.02172	0.06378	0.02979	0.02465	0.16022	0.06196	0.01229	0.00695	0.00269	0.00638	0.00963	0.00573	0.00863
1	0.07600	0.01129	0.01339	0.05602	0.01717	0.01149	0.00971	0.10412	0.02102	0.06192	0.18736	0.16968	0.14773	0.01709	0.01038	0.05054	0.00577	0.01352	0.00737	0.00842
2	0.14409	0.01760	0.10917	0.09372	0.02315	0.01602	0.01417	0.04236	0.09310	0.02609	0.02359	0.08266	0.05162	0.12053	0.01465	0.00353	0.07404	0.00919	0.00529	0.03544
3	0.01247	0.01008	0.01160	0.01106	0.01316	0.01015	0.00828	0.06263	0.01890	0.02435	0.11478	0.16915	0.34123	0.07350	0.01369	0.00327	0.07138	0.01572	0.00713	0.00748
4	0.17183	0.01654	0.01727	0.01430	0.01948	0.01734	0.01137	0.21844	0.10012	0.03631	0.02238	0.12606	0.01996	0.01112	0.00743	0.00237	0.00684	0.00889	0.00675	0.16521
5	0.02247	0.12936	0.02371	0.07088	0.02454	0.11562	0.01413	0.12613	0.24288	0.03015	0.02215	0.04825	0.01781	0.00974	0.00752	0.00235	0.00858	0.00761	0.00624	0.06986
6	0.10709	0.01771	0.02014	0.20553	0.07150	0.06893	0.01542	0.18362	0.02287	0.03114	0.02888	0.03075	0.14163	0.01093	0.00799	0.00255	0.00867	0.00874	0.00582	0.01010
7	0.01946	0.23134	0.16586	0.02631	0.16875	0.06169	0.09501	0.02455	0.01840	0.02427	0.07555	0.02116	0.01749	0.00816	0.00742	0.00228	0.01007	0.00700	0.00422	0.01102
8	0.08818	0.02012	0.14757	0.01451	0.01818	0.11538	0.01286	0.01874	0.01540	0.02116	0.02228	0.16101	0.02348	0.17397	0.01845	0.09687	0.00889	0.01051	0.00485	0.00759
9	0.01737	0.01382	0.01643	0.01408	0.01835	0.01408	0.01104	0.11842	0.12842	0.02878	0.02352	0.09011	0.02096	0.02578	0.21034	0.00542	0.01114	0.00886	0.00604	0.21703

[dist]
# distance from previous block
# <min> <max>
0	16

[block]
# block no. 11 follows, 23 sequences, length 16
# corresponding to MSA columns:
# 1033-1048
name=unknown_L
#
# <colnr> <probs for GDERKNQSTAVLIFYWHMCP>
#	G	D	E	R	K	N	Q	S	T	A	V	L	I	F	Y	W	H	M	C	P
0	0.01599	0.01256	0.01715	0.04235	0.02009	0.01122	0.06322	0.02074	0.06987	0.07115	0.03212	0.22951	0.08093	0.01385	0.00833	0.00237	0.00642	0.01237	0.00640	0.26335
1	0.02133	0.02387	0.03660	0.09203	0.21886	0.15268	0.28336	0.02652	0.01948	0.02446	0.01514	0.01989	0.01197	0.00737	0.00856	0.00251	0.01247	0.00783	0.00405	0.01102
2	0.01218	0.00896	0.01182	0.01293	0.01497	0.00861	0.01092	0.01562	0.01937	0.02524	0.15367	0.08391	0.16286	0.02110	0.01064	0.00336	0.00625	0.40249	0.00773	0.00739
3	0.01912	0.01830	0.03120	0.17992	0.54160	0.01903	0.02443	0.02406	0.01802	0.02534	0.01509	0.02040	0.01244	0.00741	0.00805	0.00247	0.00988	0.00723	0.00393	0.01208
4	0.01691	0.01604	0.02720	0.48058	0.25826	0.01844	0.02332	0.02212	0.01697	0.02265	0.01470	0.02112	0.01149	0.00782	0.00809	0.00261	0.01043	0.00722	0.00374	0.01029
5	0.02057	0.01394	0.01568	0.01339	0.01703	0.01528	0.01071	0.26643	0.02453	0.03581	0.02248	0.02633	0.01786	0.02237	0.17522	0.00489	0.01032	0.00774	0.26945	0.00999
6	0.01832	0.03173	0.33987	0.11462	0.09093	0.07597	0.16297	0.02563	0.01808	0.02469	0.01484	0.01881	0.01103	0.00758	0.00817	0.00257	0.01225	0.00699	0.00372	0.01122
7	0.03085	0.02273	0.02435	0.01867	0.02516	0.02516	0.01542	0.63716	0.03815	0.05114	0.01948	0.01948	0.01380	0.00974	0.00812	0.00244	0.00893	0.00731	0.00812	0.01380
8	0.02107	0.67630	0.04059	0.01366	0.02029	0.03061	0.01350	0.02375	0.01688	0.01991	0.05086	0.01592	0.01445	0.00753	0.00547	0.00179	0.00838	0.00497	0.00380	0.01024
9	0.02085	0.02196	0.01642	0.01469	0.01859	0.26074	0.01125	0.12439	0.02347	0.02606	0.04580	0.04468	0.31070	0.01421	0.00850	0.00245	0.00883	0.01106	0.00639	0.00897
10	0.01152	0.00962	0.01009	0.01000	0.01264	0.00911	0.00738	0.01690	0.12377	0.02347	0.06665	0.14056	0.45123	0.05665	0.01115	0.00308	0.00477	0.01618	0.00752	0.00772
11	0.02233	0.01944	0.01880	0.01642	0.02078	0.13525	0.01304	0.15492	0.14291	0.05997	0.02343	0.02949	0.01956	0.02081	0.14405	0.00458	0.01157	0.05898	0.00642	0.07727
12	0.02155	0.01894	0.01997	0.02181	0.14871	0.14818	0.01417	0.08101	0.04245	0.07942	0.02496	0.02770	0.07095	0.01836	0.12103	0.00408	0.01109	0.00801	0.07750	0.04012
13	0.05243	0.01626	0.07713	0.26245	0.14017	0.01576	0.01848	0.02150	0.01840	0.05669	0.17581	0.03039	0.02782	0.01039	0.00914	0.00263	0.04054	0.00887	0.00536	0.00979
14	0.01811	0.02260	0.15910	0.20814	0.38377	0.01887	0.02532	0.02400	0.01764	0.02488	0.01491	0.01988	0.01182	0.00755	0.00799	0.00252	0.01041	0.00698	0.00379	0.01171
15	0.08543	0.02092	0.02292	0.05277	0.23897	0.17091	0.01757	0.05704	0.02032	0.02668	0.04595	0.03517	0.02170	0.01131	0.00836	0.00265	0.00982	0.13597	0.00528	0.01025

[dist]
# distance from previous block
# <min> <max>
0	4

[block]
# block no. 12 follows, 23 sequences, length 25
# corresponding to MSA columns:
# 1053-1077
name=unknown_M
#
# <colnr> <probs for GDERKNQSTAVLIFYWHMCP>
#	G	D	E	R	K	N	Q	S	T	A	V	L	I	F	Y	W	H	M	C	P
0	0.04766	0.01835	0.06398	0.02223	0.17839	0.10955	0.01449	0.02136	0.01897	0.06914	0.04147	0.09273	0.24194	0.01369	0.00852	0.00257	0.00789	0.01148	0.00596	0.00962
1	0.03017	0.12209	0.02402	0.01636	0.02225	0.11277	0.01357	0.19539	0.05977	0.26193	0.04546	0.02283	0.01792	0.00956	0.00766	0.00233	0.00865	0.00725	0.00762	0.01242
2	0.02226	0.02500	0.02465	0.02344	0.09857	0.27298	0.08350	0.05752	0.02038	0.02330	0.02568	0.02805	0.12619	0.01122	0.01116	0.00256	0.12055	0.00845	0.00486	0.00968
3	0.01703	0.01613	0.01452	0.01361	0.01627	0.14193	0.00997	0.06282	0.06000	0.02437	0.08235	0.21420	0.10509	0.09942	0.01313	0.00325	0.02523	0.01321	0.00647	0.06102
4	0.01115	0.00780	0.00884	0.00914	0.00964	0.00750	0.00553	0.01170	0.01345	0.01750	0.03757	0.16052	0.13352	0.49600	0.03139	0.00633	0.00677	0.01442	0.00574	0.00549
5	0.01888	0.06582	0.24664	0.07780	0.15107	0.12336	0.04602	0.02471	0.01911	0.02516	0.10484	0.02371	0.02023	0.00892	0.00794	0.00243	0.01062	0.00747	0.00447	0.01078
6	0.02031	0.02056	0.03001	0.17870	0.46465	0.09672	0.02334	0.02493	0.01854	0.02455	0.01477	0.01976	0.01215	0.00754	0.00797	0.00243	0.01047	0.00699	0.00395	0.01166
7	0.01922	0.01697	0.02605	0.43839	0.17090	0.01963	0.02165	0.13880	0.02084	0.02766	0.01555	0.02092	0.01179	0.00825	0.00810	0.00259	0.01022	0.00723	0.00455	0.01069
