[name]
unknown

[dist]
# distance from previous block
# <min> <max>
0	0

[block]
# block no. 0 follows, 22 sequences, length 27
# corresponding to MSA columns:
# 0-26
name=unknown_A
#
# <colnr> <probs for GDERKNQSTAVLIFYWHMCP>
#	G	D	E	R	K	N	Q	S	T	A	V	L	I	F	Y	W	H	M	C	P
0	0.01339	0.00956	0.01339	0.01530	0.01721	0.00956	0.01339	0.01721	0.01912	0.02486	0.04399	0.09371	0.04781	0.02295	0.01147	0.00382	0.00765	0.60031	0.00765	0.00765
1	0.01039	0.00844	0.00921	0.00902	0.01157	0.00726	0.00676	0.01303	0.02029	0.02566	0.25223	0.07465	0.48277	0.01984	0.00981	0.00275	0.00412	0.01679	0.00814	0.00726
2	0.02989	0.03414	0.02501	0.02448	0.10046	0.47379	0.01712	0.14534	0.02594	0.02722	0.01452	0.01659	0.01164	0.00869	0.00773	0.00225	0.01327	0.00600	0.00503	0.01090
3	0.24097	0.01646	0.01522	0.01321	0.01702	0.05899	0.01026	0.15459	0.02077	0.03212	0.02979	0.03497	0.13631	0.13236	0.01451	0.00358	0.04443	0.00915	0.00618	0.00912
4	0.01137	0.00775	0.00927	0.00997	0.01015	0.00758	0.00601	0.01189	0.01347	0.01796	0.03330	0.28990	0.03919	0.46024	0.03077	0.00635	0.00688	0.01627	0.00601	0.00566
5	0.01473	0.01155	0.01323	0.01329	0.01556	0.01220	0.00961	0.06164	0.20255	0.02706	0.04208	0.38228	0.08240	0.05702	0.01147	0.00337	0.00576	0.01732	0.00783	0.00905
6	0.24694	0.01942	0.01953	0.01588	0.02143	0.02162	0.01292	0.38375	0.02921	0.04456	0.02023	0.09098	0.01697	0.01102	0.00762	0.00261	0.00788	0.00832	0.00731	0.01182
7	0.01819	0.00969	0.01225	0.01156	0.01455	0.00851	0.00866	0.02050	0.01960	0.21208	0.09343	0.28578	0.21352	0.01936	0.00966	0.00293	0.00525	0.01682	0.00857	0.00908
8	0.01087	0.00754	0.00942	0.01061	0.01091	0.00724	0.00669	0.01176	0.01445	0.01927	0.03834	0.45632	0.04554	0.28516	0.02264	0.00515	0.00605	0.01923	0.00669	0.00610
9	0.01647	0.01198	0.01417	0.01380	0.01611	0.01238	0.01010	0.19423	0.02276	0.03043	0.03814	0.50050	0.04286	0.02127	0.00992	0.00311	0.00610	0.01884	0.00789	0.00893
10	0.01137	0.00775	0.00927	0.00997	0.01015	0.00758	0.00601	0.01189	0.01347	0.01796	0.03330	0.28990	0.03919	0.46024	0.03077	0.00635	0.00688	0.01627	0.00601	0.00566
11	0.01176	0.00849	0.01110	0.01045	0.01241	0.00784	0.00784	0.01568	0.02352	0.03331	0.65184	0.06206	0.07839	0.01698	0.00980	0.00261	0.00392	0.01502	0.00914	0.00784
12	0.01012	0.00723	0.00964	0.01157	0.01205	0.00675	0.00771	0.01157	0.01591	0.02121	0.04579	0.70262	0.05495	0.02603	0.01060	0.00337	0.00482	0.02362	0.00771	0.00675
13	0.01030	0.00800	0.00889	0.00946	0.01109	0.00711	0.00651	0.01184	0.01685	0.02098	0.06276	0.25987	0.36808	0.14140	0.01567	0.00388	0.00505	0.01839	0.00725	0.00659
14	0.01160	0.00789	0.00939	0.00985	0.01003	0.00784	0.00591	0.01208	0.01305	0.01747	0.03071	0.20890	0.03572	0.51613	0.06245	0.00716	0.00790	0.01471	0.00565	0.00555
15	0.01780	0.03532	0.44017	0.02887	0.07989	0.01983	0.20661	0.02634	0.01824	0.02645	0.01552	0.01918	0.01132	0.00760	0.00848	0.00267	0.01263	0.00731	0.00375	0.01202
16	0.03036	0.03831	0.02420	0.02332	0.06647	0.63233	0.01666	0.03268	0.02324	0.02077	0.01302	0.01534	0.01086	0.00849	0.00754	0.00216	0.01465	0.00548	0.00427	0.00986
17	0.01168	0.00875	0.01102	0.01144	0.01318	0.00771	0.00783	0.01340	0.01575	0.02178	0.03781	0.50357	0.04422	0.09472	0.01312	0.00346	0.00542	0.01884	0.00690	0.14941
18	0.01512	0.01064	0.01310	0.01196	0.01473	0.01056	0.00913	0.02271	0.14085	0.07473	0.49394	0.05395	0.06453	0.01546	0.00945	0.00265	0.00463	0.01352	0.00909	0.00926
19	0.01655	0.03259	0.43195	0.02658	0.14969	0.01740	0.02575	0.02431	0.01883	0.02768	0.12526	0.02582	0.02277	0.00937	0.00829	0.00260	0.01037	0.00792	0.00460	0.01168
20	0.02446	0.01834	0.02009	0.01529	0.02165	0.01829	0.01245	0.33553	0.02856	0.04063	0.01891	0.02026	0.01431	0.00855	0.00723	0.00197	0.00743	0.00658	0.09551	0.28394
21	0.00999	0.00842	0.00866	0.00860	0.01133	0.00709	0.00645	0.01226	0.01935	0.02342	0.13507	0.07834	0.60133	0.02068	0.00982	0.00279	0.00418	0.01731	0.00784	0.00709
22	0.02056	0.01974	0.03372	0.05099	0.65622	0.01974	0.02550	0.02550	0.01892	0.02714	0.01563	0.02056	0.01316	0.00740	0.00822	0.00247	0.00987	0.00740	0.00411	0.01316
23	0.01957	0.02003	0.01891	0.01698	0.01953	0.18166	0.01339	0.07516	0.01913	0.02328	0.02872	0.03258	0.13533	0.02481	0.16580	0.00523	0.17667	0.00913	0.00518	0.00890
24	0.01946	0.01862	0.02822	0.36255	0.28306	0.05631	0.02313	0.06328	0.01935	0.02548	0.01533	0.02099	0.01205	0.00808	0.00823	0.00260	0.01071	0.00728	0.00419	0.01108
25	0.03109	0.03791	0.02369	0.02117	0.02569	0.60770	0.01602	0.09464	0.02514	0.02364	0.01357	0.01549	0.01105	0.00871	0.00758	0.00218	0.01438	0.00557	0.00470	0.01010
26	0.01994	0.01879	0.01799	0.01756	0.06221	0.10978	0.01263	0.08435	0.27634	0.03018	0.04305	0.04131	0.20444	0.01336	0.00869	0.00267	0.00753	0.01089	0.00734	0.01095

[dist]
# distance from previous block
# <min> <max>
0	1

[block]
# block no. 1 follows, 22 sequences, length 22
# corresponding to MSA columns:
# 28-49
name=unknown_B
#
# <colnr> <probs for GDERKNQSTAVLIFYWHMCP>
#	G	D	E	R	K	N	Q	S	T	A	V	L	I	F	Y	W	H	M	C	P
0	0.01685	0.01462	0.01800	0.01599	0.01747	0.05113	0.01290	0.01954	0.01487	0.02304	0.01755	0.02404	0.01555	0.02214	0.15055	0.00495	0.30736	0.00747	0.18953	0.05648
1	0.01187	0.00890	0.01335	0.01335	0.01483	0.01038	0.01038	0.01483	0.01335	0.01928	0.02225	0.03264	0.02077	0.06231	0.67512	0.01335	0.02225	0.00890	0.00445	0.00742
2	0.01099	0.00846	0.01018	0.01077	0.01282	0.00765	0.00830	0.01370	0.01938	0.02493	0.18504	0.18667	0.31020	0.02146	0.01028	0.00307	0.00495	0.13590	0.00799	0.00726
3	0.01818	0.01818	0.02545	0.02181	0.02181	0.02545	0.01818	0.01999	0.01272	0.01999	0.01091	0.01818	0.01091	0.01454	0.02726	0.00364	0.69284	0.00727	0.00364	0.00909
4	0.01339	0.00956	0.01339	0.01530	0.01721	0.00956	0.01339	0.01721	0.01912	0.02486	0.04399	0.09371	0.04781	0.02295	0.01147	0.00382	0.00765	0.60031	0.00765	0.00765
5	0.01671	0.01562	0.02137	0.01821	0.01998	0.01954	0.01494	0.01913	0.01375	0.02126	0.01397	0.02091	0.01318	0.02253	0.15405	0.00512	0.42071	0.00713	0.00406	0.15784
6	0.03103	0.03959	0.02354	0.02140	0.02568	0.67469	0.01605	0.03317	0.02354	0.02033	0.01284	0.01498	0.01070	0.00856	0.00749	0.00214	0.01498	0.00535	0.00428	0.00963
7	0.03103	0.03959	0.02354	0.02140	0.02568	0.67469	0.01605	0.03317	0.02354	0.02033	0.01284	0.01498	0.01070	0.00856	0.00749	0.00214	0.01498	0.00535	0.00428	0.00963
8	0.01925	0.01018	0.01335	0.01159	0.01495	0.00908	0.00903	0.02282	0.02324	0.22089	0.42206	0.05333	0.10582	0.01529	0.00937	0.00262	0.00489	0.01322	0.00937	0.00966
9	0.02666	0.10917	0.02673	0.02222	0.07345	0.35054	0.01653	0.09288	0.02216	0.02451	0.01349	0.01634	0.01137	0.00920	0.01021	0.00233	0.11207	0.00589	0.00456	0.04969
10	0.02145	0.04911	0.02619	0.18288	0.23944	0.14863	0.01944	0.04773	0.02036	0.05060	0.04683	0.02629	0.06679	0.00953	0.00818	0.00248	0.01029	0.00804	0.00493	0.01081
11	0.02899	0.03460	0.02566	0.02714	0.15108	0.50287	0.01791	0.06979	0.02362	0.02374	0.01385	0.01641	0.01141	0.00842	0.00769	0.00223	0.01359	0.00589	0.00451	0.01062
12	0.03103	0.03959	0.02354	0.02140	0.02568	0.67469	0.01605	0.03317	0.02354	0.02033	0.01284	0.01498	0.01070	0.00856	0.00749	0.00214	0.01498	0.00535	0.00428	0.00963
13	0.01150	0.00804	0.00900	0.00917	0.00972	0.00775	0.00550	0.01201	0.01365	0.01770	0.03831	0.11736	0.14380	0.52370	0.03362	0.00669	0.00707	0.01410	0.00575	0.00554
14	0.02306	0.02057	0.01624	0.01451	0.01847	0.24355	0.01111	0.02561	0.02205	0.15221	0.11194	0.04460	0.23455	0.01401	0.00870	0.00250	0.00855	0.01110	0.00718	0.00947
15	0.02157	0.09414	0.41684	0.02223	0.03162	0.22443	0.02485	0.02833	0.01936	0.02392	0.01400	0.01641	0.01059	0.00804	0.00757	0.00241	0.01285	0.00576	0.00375	0.01133
16	0.01934	0.01796	0.02731	0.11966	0.38082	0.01907	0.02090	0.02893	0.17781	0.02807	0.02420	0.02692	0.05366	0.00931	0.00839	0.00261	0.00884	0.00850	0.00538	0.01230
17	0.01761	0.15789	0.55842	0.02205	0.03345	0.02162	0.02787	0.02606	0.01743	0.02515	0.01433	0.01682	0.01055	0.00776	0.00745	0.00248	0.01170	0.00585	0.00352	0.01200
18	0.02346	0.02182	0.02003	0.04695	0.02394	0.15014	0.01411	0.04075	0.45580	0.06719	0.02875	0.02727	0.02155	0.01055	0.00825	0.00267	0.00847	0.00844	0.00752	0.01234
19	0.01674	0.01573	0.02596	0.54903	0.14979	0.01879	0.02289	0.02321	0.05273	0.02293	0.01599	0.02240	0.01222	0.00833	0.00830	0.00272	0.01063	0.00750	0.00403	0.01007
20	0.07874	0.15431	0.43007	0.02023	0.03016	0.02176	0.02406	0.02795	0.08875	0.02699	0.01622	0.01803	0.01213	0.00813	0.00729	0.00250	0.01056	0.00608	0.00422	0.01183
21	0.02097	0.01372	0.02205	0.09393	0.02614	0.01280	0.13545	0.02495	0.02067	0.21818	0.09569	0.04446	0.20854	0.01313	0.00920	0.00271	0.00782	0.01180	0.00744	0.01035

[dist]
# distance from previous block
# <min> <max>
1	3

[block]
# block no. 2 follows, 22 sequences, length 36
# corresponding to MSA columns:
# 53-88
name=unknown_C
#
# <colnr> <probs for GDERKNQSTAVLIFYWHMCP>
#	G	D	E	R	K	N	Q	S	T	A	V	L	I	F	Y	W	H	M	C	P
0	0.13036	0.02248	0.01999	0.01667	0.02177	0.16874	0.01325	0.17879	0.04507	0.03253	0.01642	0.01896	0.01317	0.01418	0.07564	0.00335	0.04532	0.00629	0.00568	0.15134
1	0.08645	0.02333	0.01928	0.12434	0.02609	0.26606	0.01415	0.08135	0.02275	0.02842	0.16066	0.02805	0.02696	0.01056	0.00794	0.00241	0.00998	0.00814	0.04364	0.00943
2	0.01608	0.01664	0.01548	0.13969	0.02342	0.16205	0.01204	0.01904	0.01992	0.02316	0.13204	0.10970	0.24779	0.01568	0.00907	0.00267	0.00798	0.01305	0.00638	0.00812
3	0.01712	0.01802	0.06709	0.12955	0.35810	0.01667	0.04673	0.02188	0.01854	0.02515	0.03119	0.03427	0.15906	0.01067	0.00865	0.00261	0.00907	0.00974	0.00484	0.01105
4	0.49157	0.01753	0.01693	0.10920	0.02414	0.02024	0.01256	0.16221	0.02019	0.03844	0.01394	0.01620	0.01047	0.00831	0.00632	0.00258	0.00771	0.00559	0.00566	0.01020
5	0.22538	0.01968	0.01890	0.01610	0.02074	0.08609	0.01292	0.08991	0.16986	0.05914	0.01903	0.02019	0.01473	0.00981	0.00988	0.00259	0.10532	0.00667	0.00615	0.08690
6	0.12699	0.02410	0.02443	0.02627	0.17883	0.17717	0.01719	0.16517	0.02360	0.03228	0.04461	0.01982	0.01504	0.00948	0.00965	0.00253	0.07922	0.00688	0.00545	0.01131
7	0.03064	0.06957	0.02443	0.02108	0.02549	0.64612	0.01597	0.03280	0.02325	0.02030	0.01278	0.01491	0.01070	0.00850	0.00739	0.00212	0.01471	0.00531	0.00425	0.00968
8	0.01371	0.01037	0.01176	0.01109	0.01401	0.01001	0.00841	0.02035	0.13465	0.05729	0.25821	0.09323	0.28999	0.01766	0.00953	0.00276	0.00471	0.01509	0.00844	0.00872
9	0.01062	0.00813	0.01045	0.06098	0.01498	0.00779	0.00832	0.01241	0.01634	0.02108	0.05068	0.45716	0.18651	0.07863	0.01281	0.00358	0.00541	0.02009	0.00720	0.00685
10	0.01658	0.01463	0.01837	0.01642	0.01835	0.04945	0.01310	0.06552	0.01590	0.02252	0.01795	0.02641	0.01669	0.06487	0.32897	0.00807	0.21420	0.00800	0.00456	0.05942
11	0.05544	0.16442	0.45631	0.02108	0.03134	0.02130	0.05078	0.02542	0.01763	0.02596	0.04643	0.01901	0.01400	0.00816	0.00745	0.00247	0.01100	0.00634	0.00391	0.01154
12	0.05445	0.06441	0.17104	0.02077	0.02751	0.34166	0.01901	0.15213	0.02470	0.02881	0.01466	0.01645	0.01129	0.00860	0.00757	0.00232	0.01260	0.00589	0.00493	0.01117
13	0.01607	0.01410	0.01784	0.01606	0.01818	0.04865	0.01284	0.05619	0.01568	0.02228	0.01824	0.02611	0.01673	0.03987	0.38475	0.00870	0.18071	0.00789	0.00453	0.07459
14	0.01767	0.01679	0.02849	0.42922	0.30060	0.01898	0.02406	0.02296	0.01755	0.02363	0.01512	0.02150	0.01192	0.00794	0.00827	0.00265	0.01058	0.00739	0.00386	0.01083
15	0.02958	0.03574	0.02508	0.02547	0.11546	0.54058	0.01738	0.06958	0.02386	0.02332	0.01369	0.01609	0.01127	0.00848	0.00765	0.00221	0.01389	0.00578	0.00451	0.01042
16	0.01890	0.01804	0.03072	0.26844	0.45177	0.01930	0.02467	0.02404	0.01813	0.02512	0.01533	0.02110	0.01245	0.00771	0.00825	0.00257	0.01028	0.00740	0.00397	0.01182
17	0.01273	0.00994	0.01532	0.01391	0.01553	0.01057	0.07059	0.01498	0.01350	0.01882	0.02320	0.03988	0.02354	0.30263	0.36686	0.01027	0.01601	0.01020	0.00465	0.00689
18	0.01166	0.00882	0.01097	0.01138	0.01360	0.00814	0.00917	0.01495	0.02055	0.02693	0.26377	0.07841	0.25783	0.02029	0.01036	0.00308	0.00525	0.20916	0.00818	0.00750
19	0.01801	0.01547	0.01758	0.01336	0.02013	0.01327	0.01060	0.02623	0.16002	0.02883	0.01912	0.02038	0.01529	0.00732	0.00668	0.00159	0.00625	0.00594	0.00573	0.58818
20	0.01012	0.00723	0.00964	0.01157	0.01205	0.00675	0.00771	0.01157	0.01591	0.02121	0.04579	0.70262	0.05495	0.02603	0.01060	0.00337	0.00482	0.02362	0.00771	0.00675
21	0.01205	0.00817	0.00967	0.00967	0.00988	0.00839	0.00580	0.01247	0.01226	0.01656	0.02562	0.05127	0.02886	0.61611	0.13238	0.00881	0.01008	0.01163	0.00495	0.00537
22	0.01106	0.00802	0.01043	0.01077	0.01222	0.00739	0.00772	0.01397	0.02047	0.02829	0.39904	0.30072	0.09784	0.02054	0.01010	0.00290	0.00427	0.01834	0.00854	0.00739
23	0.03158	0.02327	0.02493	0.01911	0.02576	0.02576	0.01579	0.62852	0.03906	0.05236	0.01995	0.01995	0.01413	0.00997	0.00831	0.00249	0.00914	0.00748	0.00831	0.01413
24	0.02298	0.02349	0.03146	0.04411	0.51193	0.13808	0.02332	0.05619	0.02073	0.02714	0.01533	0.01953	0.01276	0.00774	0.00810	0.00241	0.01076	0.00704	0.00435	0.01257
25	0.76672	0.01607	0.01221	0.01092	0.01607	0.01864	0.00900	0.02442	0.01414	0.03727	0.01157	0.01350	0.00900	0.00771	0.00514	0.00257	0.00643	0.00450	0.00514	0.00900
26	0.02064	0.01828	0.02220	0.02471	0.16683	0.02045	0.01597	0.03988	0.49880	0.03301	0.02965	0.02861	0.02257	0.01039	0.00840	0.00274	0.00733	0.00894	0.00746	0.01315
27	0.02144	0.13007	0.24770	0.03091	0.23659	0.14453	0.02388	0.02713	0.01903	0.02450	0.01428	0.01746	0.01145	0.00774	0.00756	0.00236	0.01151	0.00617	0.00386	0.01184
28	0.01546	0.00978	0.01133	0.01087	0.01388	0.00879	0.00815	0.01905	0.06128	0.13554	0.06248	0.21711	0.35536	0.01968	0.00966	0.00290	0.00502	0.01683	0.00822	0.00862
29	0.01150	0.00816	0.01033	0.01157	0.01229	0.00790	0.00772	0.04282	0.01650	0.02202	0.04154	0.57081	0.04917	0.12759	0.01524	0.00403	0.00552	0.02107	0.00734	0.00686
30	0.02685	0.03085	0.02431	0.02130	0.02441	0.39376	0.01673	0.09004	0.02157	0.02351	0.01293	0.01655	0.01112	0.01068	0.01410	0.00267	0.23803	0.00620	0.00448	0.00991
31	0.02954	0.02206	0.02383	0.01814	0.02490	0.02367	0.01494	0.54202	0.03595	0.04876	0.01921	0.01956	0.01387	0.00943	0.00800	0.00231	0.00872	0.00712	0.00783	0.12015
32	0.01082	0.00826	0.00870	0.00870	0.01027	0.00747	0.00575	0.01199	0.01591	0.01965	0.05859	0.06867	0.37834	0.32392	0.02413	0.00512	0.00590	0.01513	0.00653	0.00614
33	0.01226	0.00788	0.00896	0.00926	0.00961	0.00781	0.00556	0.01304	0.01343	0.01901	0.02934	0.15142	0.03277	0.50300	0.03218	0.00646	0.00696	0.01325	0.11210	0.00568
34	0.01891	0.01786	0.03015	0.19414	0.47838	0.01871	0.02365	0.02367	0.01796	0.02509	0.01609	0.02305	0.01376	0.05174	0.01039	0.00289	0.01003	0.00769	0.00407	0.01175
35	0.02940	0.03368	0.02368	0.02218	0.06468	0.47704	0.01610	0.14415	0.02595	0.02692	0.01796	0.01955	0.04396	0.00939	0.00781	0.00226	0.01301	0.00650	0.00521	0.01057

[dist]
# distance from previous block
# <min> <max>
8	35

[block]
# block no. 3 follows, 22 sequences, length 24
# corresponding to MSA columns:
# 124-147
name=unknown_D
#
# <colnr> <probs for GDERKNQSTAVLIFYWHMCP>
#	G	D	E	R	K	N	Q	S	T	A	V	L	I	F	Y	W	H	M	C	P
0	0.02968	0.02214	0.02391	0.01821	0.02496	0.02382	0.01500	0.54801	0.03617	0.04901	0.01926	0.01958	0.01389	0.00947	0.00802	0.00233	0.00875	0.00714	0.00786	0.11281
1	0.02086	0.01880	0.03182	0.12927	0.54590	0.01916	0.02446	0.02578	0.01889	0.06124	0.01646	0.02118	0.01330	0.00767	0.00824	0.00251	0.00987	0.00745	0.00440	0.01272
2	0.02894	0.07999	0.06432	0.02053	0.02565	0.49573	0.01660	0.09852	0.02412	0.02422	0.01403	0.01624	0.01144	0.01055	0.03185	0.00260	0.01403	0.00571	0.00465	0.01029
3	0.20060	0.15670	0.05146	0.01566	0.02056	0.22864	0.01326	0.02523	0.01801	0.02449	0.01828	0.02108	0.05284	0.01643	0.10081	0.00382	0.01198	0.00629	0.00456	0.00932
4	0.02764	0.02187	0.02698	0.02803	0.20496	0.02367	0.01836	0.41395	0.07750	0.04388	0.01973	0.02093	0.01468	0.00934	0.00830	0.00251	0.00916	0.00760	0.00713	0.01378
5	0.02026	0.02224	0.07744	0.16898	0.43961	0.07745	0.02457	0.02541	0.01878	0.02534	0.01516	0.02015	0.01235	0.00771	0.00815	0.00251	0.01073	0.00712	0.00400	0.01203
6	0.19632	0.02218	0.01968	0.05570	0.02355	0.13815	0.01351	0.26942	0.02670	0.03753	0.02453	0.02526	0.09262	0.01050	0.00763	0.00250	0.00906	0.00767	0.00651	0.01096
7	0.02837	0.01886	0.02131	0.01659	0.02287	0.01934	0.01350	0.33531	0.08012	0.16392	0.02393	0.05444	0.01792	0.01026	0.00808	0.00236	0.00782	0.00814	0.00811	0.13875
8	0.02709	0.01813	0.02072	0.01584	0.02233	0.01778	0.01289	0.30251	0.02836	0.15486	0.02216	0.05833	0.01701	0.00976	0.00779	0.00217	0.00762	0.00776	0.00761	0.23929
9	0.02251	0.01632	0.01811	0.01499	0.01874	0.01784	0.01147	0.34289	0.02670	0.03594	0.02234	0.03318	0.02040	0.25247	0.10380	0.00574	0.01043	0.00921	0.00672	0.01021
10	0.02432	0.01751	0.01914	0.01563	0.02053	0.01865	0.01246	0.38483	0.03016	0.04177	0.02532	0.14659	0.02250	0.01260	0.00822	0.00248	0.00739	0.01029	0.11311	0.06651
11	0.01201	0.00915	0.01215	0.01247	0.01294	0.01014	0.00876	0.01337	0.01395	0.01925	0.03149	0.30886	0.03608	0.22542	0.14368	0.00657	0.09562	0.01557	0.00584	0.00668
12	0.02863	0.03465	0.02316	0.02200	0.05523	0.52319	0.01597	0.03482	0.13668	0.02331	0.01682	0.01819	0.01351	0.00900	0.00770	0.00228	0.01319	0.00619	0.00504	0.01045
13	0.01307	0.02241	0.28267	0.01584	0.02151	0.01219	0.01674	0.01783	0.01651	0.02283	0.03572	0.24326	0.11744	0.10814	0.01356	0.00360	0.00827	0.01394	0.00560	0.00886
14	0.02293	0.02426	0.02938	0.02385	0.02720	0.16556	0.13129	0.10113	0.01969	0.02540	0.01358	0.01850	0.01159	0.01125	0.01730	0.00301	0.33200	0.00735	0.00447	0.01024
15	0.20207	0.02502	0.02364	0.06368	0.20647	0.23031	0.01730	0.05379	0.05433	0.02852	0.01490	0.01772	0.01198	0.00822	0.00727	0.00242	0.01055	0.00616	0.00480	0.01086
16	0.01930	0.01459	0.01776	0.01533	0.01844	0.01649	0.01214	0.22969	0.02361	0.03263	0.10956	0.03288	0.02650	0.08589	0.24188	0.00679	0.07092	0.00939	0.00644	0.00977
17	0.02811	0.01858	0.02110	0.01631	0.02258	0.01891	0.01331	0.32723	0.06657	0.16595	0.06875	0.02486	0.02046	0.00996	0.00806	0.00232	0.00768	0.00787	0.00818	0.14322
18	0.02469	0.03134	0.07555	0.21087	0.03514	0.39565	0.01887	0.02849	0.02071	0.02147	0.01367	0.01736	0.01089	0.00829	0.00768	0.00231	0.01313	0.00597	0.00409	0.05386
19	0.06368	0.08816	0.01868	0.01409	0.01850	0.06862	0.01123	0.02959	0.15076	0.17997	0.08409	0.11836	0.09325	0.01350	0.00836	0.00263	0.00693	0.01111	0.00775	0.01075
20	0.01408	0.01166	0.01283	0.01303	0.01490	0.04119	0.00933	0.02089	0.16514	0.02353	0.03777	0.29363	0.07297	0.11690	0.10779	0.00518	0.00855	0.01542	0.00692	0.00829
21	0.09338	0.20979	0.05843	0.13687	0.02677	0.02127	0.01503	0.10965	0.01955	0.02701	0.02252	0.02571	0.07861	0.01706	0.10131	0.00392	0.01065	0.00749	0.00498	0.00999
22	0.02624	0.12159	0.02618	0.07720	0.07723	0.17024	0.01600	0.24587	0.02666	0.03361	0.01710	0.01926	0.01327	0.00887	0.00744	0.00228	0.01010	0.00658	0.08278	0.01147
23	0.05095	0.01831	0.02614	0.15305	0.15416	0.02057	0.05608	0.14313	0.07209	0.06338	0.02118	0.02432	0.04420	0.01015	0.01095	0.00276	0.10326	0.00812	0.00567	0.01151

[dist]
# distance from previous block
# <min> <max>
0	1

[block]
# block no. 4 follows, 22 sequences, length 14
# corresponding to MSA columns:
# 149-162
name=unknown_E
#
# <colnr> <probs for GDERKNQSTAVLIFYWHMCP>
#	G	D	E	R	K	N	Q	S	T	A	V	L	I	F	Y	W	H	M	C	P
0	0.02432	0.01879	0.02221	0.10614	0.05790	0.02004	0.01497	0.34859	0.02840	0.03863	0.01901	0.02406	0.01536	0.09454	0.01213	0.00301	0.00883	0.00763	0.00657	0.12887
1	0.02442	0.02421	0.02722	0.14987	0.21648	0.17627	0.02018	0.15865	0.02359	0.02951	0.01543	0.01923	0.01226	0.00890	0.00940	0.00253	0.05843	0.00692	0.00497	0.01155
2	0.19765	0.13090	0.07017	0.01514	0.02093	0.10797	0.01340	0.15553	0.02239	0.03202	0.02691	0.02737	0.12685	0.01064	0.00723	0.00242	0.00859	0.00773	0.00581	0.01035
3	0.01944	0.01872	0.03184	0.18576	0.43163	0.01963	0.06952	0.02606	0.06545	0.02639	0.01690	0.02183	0.01358	0.00786	0.00838	0.00258	0.01020	0.00773	0.00436	0.01216
4	0.02297	0.02051	0.03180	0.04403	0.51849	0.02105	0.02338	0.15724	0.02332	0.03265	0.01657	0.02043	0.01337	0.00796	0.00824	0.00247	0.00971	0.00742	0.00503	0.01337
5	0.06357	0.13775	0.06194	0.01195	0.01442	0.01360	0.00975	0.01558	0.01287	0.01801	0.01633	0.02817	0.01658	0.17051	0.02626	0.35705	0.00800	0.00753	0.00400	0.00614
6	0.02180	0.21360	0.08016	0.02131	0.05108	0.18808	0.12526	0.02667	0.05017	0.02295	0.02386	0.02559	0.09607	0.00956	0.00773	0.00233	0.01092	0.00784	0.00466	0.01036
7	0.18234	0.01572	0.01935	0.01818	0.06825	0.01636	0.05893	0.12286	0.06134	0.03374	0.07842	0.04020	0.06917	0.01256	0.00838	0.00274	0.00756	0.11518	0.00667	0.06204
8	0.02710	0.17891	0.03175	0.04841	0.02842	0.24156	0.09731	0.19392	0.02555	0.02985	0.01512	0.01727	0.01191	0.00841	0.00759	0.00227	0.01175	0.00642	0.00520	0.01129
9	0.02149	0.19434	0.13415	0.03454	0.33581	0.09393	0.02254	0.02631	0.01871	0.02442	0.01422	0.01772	0.01187	0.00753	0.00739	0.00229	0.01056	0.00626	0.00390	0.01203
10	0.08803	0.06474	0.01870	0.06855	0.11137	0.06081	0.01263	0.06559	0.01906	0.02624	0.03466	0.04085	0.17067	0.09758	0.01219	0.00321	0.00778	0.03077	0.05751	0.00907
11	0.01503	0.12539	0.05470	0.01281	0.01639	0.01488	0.01064	0.02189	0.14509	0.02511	0.11888	0.14765	0.13173	0.10801	0.01316	0.00340	0.00648	0.01300	0.00678	0.00896
12	0.02319	0.07909	0.11705	0.02194	0.10843	0.06450	0.03889	0.13486	0.06620	0.11045	0.03025	0.03035	0.11718	0.01080	0.00825	0.00252	0.00902	0.00882	0.00640	0.01182
13	0.01721	0.03260	0.40230	0.07468	0.13088	0.01882	0.11030	0.02502	0.01787	0.02583	0.01705	0.05852	0.01381	0.00877	0.00839	0.00268	0.01164	0.00793	0.00395	0.01173

[dist]
# distance from previous block
# <min> <max>
7	60

[block]
# block no. 5 follows, 22 sequences, length 39
# corresponding to MSA columns:
# 223-261
name=unknown_F
#
# <colnr> <probs for GDERKNQSTAVLIFYWHMCP>
#	G	D	E	R	K	N	Q	S	T	A	V	L	I	F	Y	W	H	M	C	P
0	0.02263	0.03106	0.15138	0.02103	0.02626	0.28743	0.04661	0.02831	0.07260	0.02308	0.01959	0.02235	0.05052	0.01270	0.04140	0.00311	0.11792	0.00724	0.00459	0.01019
1	0.01628	0.07900	0.11958	0.05145	0.02119	0.10522	0.01384	0.02027	0.04997	0.02210	0.03658	0.16897	0.16110	0.01654	0.01089	0.07227	0.00828	0.01220	0.00565	0.00860
2	0.24620	0.01570	0.01818	0.05414	0.12082	0.01699	0.01334	0.08018	0.10522	0.03255	0.04538	0.13255	0.02272	0.01164	0.00766	0.00265	0.00712	0.00959	0.00621	0.05116
3	0.02324	0.04614	0.02414	0.06260	0.12467	0.08621	0.01656	0.21008	0.07730	0.03281	0.01900	0.02233	0.01518	0.01624	0.09305	0.00390	0.06694	0.00747	0.04065	0.01147
4	0.02775	0.08446	0.02618	0.08226	0.06062	0.16693	0.01668	0.31288	0.07865	0.03697	0.01808	0.01941	0.01365	0.00924	0.00788	0.00240	0.01041	0.00689	0.00639	0.01227
5	0.01882	0.07585	0.02062	0.01998	0.10664	0.11788	0.03912	0.02140	0.01866	0.08104	0.03298	0.31605	0.06435	0.01652	0.00905	0.00279	0.00805	0.01451	0.00640	0.00932
6	0.02622	0.05261	0.02435	0.06082	0.07605	0.19916	0.01620	0.25024	0.05327	0.03354	0.02264	0.02402	0.06776	0.01041	0.00908	0.00248	0.04581	0.00770	0.00613	0.01149
7	0.02466	0.16285	0.16722	0.01935	0.02646	0.17479	0.01839	0.15074	0.12203	0.03017	0.01779	0.01875	0.01366	0.00885	0.00748	0.00236	0.01072	0.00641	0.00544	0.01186
8	0.01723	0.20279	0.20796	0.01836	0.02382	0.02197	0.01868	0.02147	0.01569	0.02182	0.01826	0.12597	0.01817	0.01474	0.04302	0.00327	0.18368	0.00889	0.00426	0.00995
9	0.02061	0.01953	0.01814	0.01594	0.02068	0.12094	0.01227	0.05546	0.32087	0.02992	0.03045	0.08197	0.05976	0.01162	0.00813	0.00245	0.00765	0.00948	0.00704	0.14709
10	0.02276	0.26512	0.17272	0.02547	0.15453	0.18020	0.02055	0.02729	0.01903	0.02276	0.01342	0.01611	0.01115	0.00769	0.00699	0.00219	0.01128	0.00563	0.00383	0.01128
11	0.01807	0.09476	0.46110	0.02939	0.18280	0.02056	0.02804	0.02599	0.01781	0.02593	0.01479	0.01790	0.01116	0.00771	0.00775	0.00252	0.01141	0.00630	0.00366	0.01235
12	0.18151	0.04878	0.02242	0.12827	0.06183	0.02161	0.01538	0.29351	0.02682	0.03975	0.06709	0.02205	0.01746	0.00952	0.00763	0.00253	0.00850	0.00730	0.00652	0.01154
13	0.01428	0.00988	0.01091	0.01022	0.01116	0.01010	0.00638	0.08537	0.01566	0.02076	0.02858	0.05166	0.06206	0.58778	0.03648	0.00711	0.00797	0.01183	0.00557	0.00622
14	0.01235	0.00968	0.01082	0.01103	0.01307	0.00950	0.00804	0.01724	0.10823	0.02297	0.05417	0.15525	0.27236	0.17080	0.01702	0.00415	0.00588	0.08271	0.00723	0.00752
15	0.03154	0.02457	0.02482	0.01930	0.02576	0.07748	0.01581	0.58107	0.03782	0.04980	0.01938	0.01955	0.01385	0.00986	0.00825	0.00247	0.00961	0.00731	0.00799	0.01377
16	0.01210	0.00897	0.01033	0.00983	0.01171	0.00840	0.00696	0.03922	0.01973	0.02625	0.28820	0.06355	0.23366	0.20379	0.01848	0.00413	0.00534	0.01466	0.00758	0.00710
17	0.01829	0.01443	0.01593	0.01495	0.01874	0.01581	0.01162	0.03355	0.39798	0.06485	0.04230	0.12455	0.10744	0.01529	0.00916	0.00296	0.00620	0.06647	0.00830	0.01117
18	0.03158	0.02327	0.02493	0.01911	0.02576	0.02576	0.01579	0.62852	0.03906	0.05236	0.01995	0.01995	0.01413	0.00997	0.00831	0.00249	0.00914	0.00748	0.00831	0.01413
19	0.02953	0.03658	0.02342	0.02226	0.05771	0.58818	0.01608	0.05162	0.02361	0.02185	0.01653	0.01845	0.04069	0.00913	0.00766	0.00220	0.01402	0.00609	0.00456	0.00984
20	0.02021	0.52350	0.07256	0.13114	0.02787	0.02846	0.01629	0.02373	0.01696	0.02034	0.01560	0.01812	0.04002	0.00799	0.00619	0.00204	0.00923	0.00564	0.00376	0.01033
21	0.02480	0.15696	0.05743	0.05275	0.06020	0.32589	0.01766	0.02762	0.01922	0.02080	0.01254	0.01609	0.01088	0.00943	0.01130	0.00245	0.15420	0.00582	0.00394	0.01000
22	0.01667	0.08224	0.07283	0.01731	0.02067	0.04785	0.04084	0.05594	0.01621	0.02235	0.01798	0.02521	0.01616	0.03687	0.35234	0.00818	0.12915	0.00778	0.00437	0.00906
23	0.02166	0.02133	0.14309	0.01725	0.04869	0.09235	0.01506	0.05798	0.02110	0.16510	0.08309	0.09741	0.11656	0.04919	0.01045	0.00292	0.00845	0.01093	0.00689	0.01050
24	0.05875	0.01860	0.03580	0.16343	0.11604	0.01872	0.32361	0.02394	0.01856	0.02588	0.02076	0.02985	0.03862	0.00923	0.00920	0.00283	0.01160	0.05955	0.00456	0.01047
25	0.02674	0.12622	0.02875	0.02602	0.16763	0.20360	0.01761	0.21451	0.02592	0.03167	0.01589	0.01829	0.01274	0.01079	0.03567	0.00274	0.01143	0.00650	0.00540	0.01188
26	0.06211	0.13378	0.02669	0.02239	0.12215	0.09345	0.04830	0.12677	0.02061	0.02750	0.01698	0.02306	0.01495	0.07683	0.11648	0.00459	0.04070	0.00730	0.00493	0.01042
27	0.01886	0.12506	0.01915	0.01288	0.01666	0.04063	0.01017	0.17352	0.02264	0.02891	0.08465	0.04393	0.16584	0.18268	0.01655	0.00380	0.00753	0.01090	0.00654	0.00910
28	0.01724	0.01680	0.01953	0.23296	0.05625	0.10510	0.01518	0.02110	0.01846	0.02385	0.06668	0.08639	0.05861	0.01107	0.00813	0.00235	0.00878	0.02683	0.00518	0.19952
29	0.17930	0.10090	0.30649	0.04730	0.02907	0.09896	0.02111	0.07789	0.01927	0.02926	0.01404	0.01636	0.01057	0.00805	0.00706	0.00247	0.01070	0.00569	0.00437	0.01114
30	0.04690	0.23822	0.13309	0.04888	0.14415	0.14908	0.01958	0.08223	0.02058	0.02582	0.01398	0.01659	0.01139	0.00789	0.00706	0.00224	0.01079	0.00582	0.00428	0.01140
31	0.02485	0.01968	0.02190	0.02005	0.07629	0.05873	0.01483	0.34688	0.05745	0.03894	0.02064	0.02363	0.01621	0.02181	0.16217	0.00497	0.01223	0.00778	0.03906	0.01191
32	0.02210	0.02269	0.02117	0.01878	0.02146	0.22060	0.01486	0.10703	0.01990	0.02438	0.01615	0.02177	0.01424	0.02637	0.21253	0.00593	0.18867	0.00720	0.00473	0.00945
33	0.02014	0.01706	0.01865	0.04055	0.02017	0.07890	0.01314	0.15758	0.02192	0.03033	0.07269	0.02938	0.05787	0.01810	0.09041	0.00393	0.16189	0.00864	0.12901	0.00965
34	0.02141	0.11563	0.02302	0.07558	0.02424	0.10553	0.01382	0.13626	0.07472	0.02848	0.01915	0.04977	0.01635	0.01768	0.11331	0.00395	0.01122	0.00740	0.00551	0.13699
35	0.02247	0.01843	0.02188	0.19012	0.08444	0.11101	0.01661	0.09868	0.02085	0.11420	0.01933	0.02368	0.01506	0.02048	0.15398	0.00485	0.01301	0.00748	0.00550	0.03795
36	0.08571	0.02501	0.01700	0.01538	0.01954	0.33725	0.01166	0.02429	0.02064	0.02310	0.03643	0.03649	0.22249	0.01238	0.00793	0.00231	0.00988	0.00926	0.00555	0.07769
37	0.02224	0.11802	0.02185	0.01726	0.02129	0.21612	0.01422	0.02884	0.13041	0.05115	0.02779	0.04489	0.02631	0.01380	0.00875	0.00280	0.00982	0.20822	0.00631	0.00991
38	0.01754	0.11436	0.02085	0.12610	0.05781	0.04675	0.01318	0.02279	0.08962	0.05682	0.02879	0.03545	0.09602	0.12861	0.10606	0.00489	0.01037	0.00935	0.00545	0.00920

[dist]
# distance from previous block
# <min> <max>
1	9

[block]
# block no. 6 follows, 22 sequences, length 13
# corresponding to MSA columns:
# 271-283
name=unknown_G
#
# <colnr> <probs for GDERKNQSTAVLIFYWHMCP>
#	G	D	E	R	K	N	Q	S	T	A	V	L	I	F	Y	W	H	M	C	P
0	0.12952	0.13175	0.02314	0.01677	0.02136	0.24438	0.01345	0.10762	0.02136	0.02723	0.01719	0.08419	0.01590	0.01318	0.04419	0.00294	0.03568	0.00743	0.00519	0.03753
1	0.02631	0.09987	0.02456	0.02166	0.07167	0.42976	0.01573	0.03062	0.07537	0.02233	0.01832	0.05851	0.01669	0.01034	0.00781	0.00235	0.01228	0.04086	0.00494	0.01004
2	0.02654	0.02158	0.02185	0.01734	0.02323	0.08531	0.01397	0.38796	0.03071	0.04085	0.01981	0.05558	0.01603	0.01336	0.05102	0.00298	0.00980	0.00774	0.00702	0.14731
3	0.01538	0.01629	0.08656	0.01454	0.01775	0.06912	0.01237	0.06392	0.01924	0.02581	0.11627	0.19396	0.08442	0.02543	0.13719	0.00483	0.03766	0.01306	0.03760	0.00861
4	0.02264	0.05446	0.10744	0.02084	0.06442	0.30084	0.01701	0.02749	0.05312	0.02377	0.02211	0.05777	0.02067	0.01184	0.00831	0.00259	0.01126	0.11546	0.04809	0.00986
5	0.02639	0.03591	0.13486	0.02565	0.11589	0.42582	0.01970	0.03165	0.06353	0.02329	0.01500	0.01729	0.01201	0.00847	0.00773	0.00232	0.01323	0.00605	0.00441	0.01082
6	0.10941	0.02215	0.02625	0.13599	0.27717	0.13256	0.01983	0.08410	0.06267	0.02911	0.01617	0.01968	0.01284	0.00828	0.00778	0.00250	0.01025	0.00685	0.00488	0.01154
7	0.14406	0.02166	0.15593	0.01556	0.02202	0.05297	0.01497	0.06068	0.06071	0.17742	0.05742	0.03275	0.12686	0.01141	0.00800	0.00261	0.00801	0.00894	0.00693	0.01110
8	0.08694	0.02106	0.06316	0.02173	0.10402	0.06307	0.06411	0.23186	0.02577	0.03512	0.03233	0.03292	0.15933	0.01152	0.00841	0.00258	0.00885	0.00947	0.00646	0.01128
9	0.01595	0.01342	0.01827	0.02058	0.12452	0.04469	0.01367	0.07066	0.01700	0.02352	0.02049	0.02866	0.01843	0.04597	0.47327	0.01004	0.01868	0.00836	0.00472	0.00907
10	0.01988	0.01727	0.01720	0.01474	0.01861	0.10906	0.01141	0.15934	0.02335	0.03088	0.15564	0.03309	0.02981	0.07428	0.14303	0.00487	0.01097	0.00909	0.00644	0.11104
11	0.01385	0.01122	0.01318	0.01241	0.01571	0.01034	0.00911	0.01975	0.12396	0.02524	0.03858	0.34604	0.09001	0.01763	0.00895	0.00264	0.00543	0.01554	0.00708	0.21334
12	0.19712	0.02877	0.30032	0.08944	0.07347	0.01938	0.12670	0.02536	0.01707	0.02854	0.01446	0.01805	0.01073	0.00771	0.00762	0.00265	0.01090	0.00658	0.00407	0.01106

[dist]
# distance from previous block
# <min> <max>
2	3

[block]
# block no. 7 follows, 22 sequences, length 12
# corresponding to MSA columns:
# 287-298
name=unknown_H
#
# <colnr> <probs for GDERKNQSTAVLIFYWHMCP>
#	G	D	E	R	K	N	Q	S	T	A	V	L	I	F	Y	W	H	M	C	P
0	0.02477	0.05517	0.02021	0.01557	0.02061	0.11558	0.01255	0.30074	0.02845	0.03730	0.02861	0.02914	0.10568	0.01101	0.00777	0.00231	0.00832	0.00840	0.12862	0.03919
1	0.02038	0.60921	0.03836	0.01336	0.01983	0.02906	0.01305	0.02297	0.01718	0.01997	0.02225	0.02314	0.10529	0.00916	0.00599	0.00193	0.00820	0.00637	0.00417	0.01012
2	0.01729	0.01788	0.01493	0.01414	0.01668	0.20804	0.01061	0.01994	0.01947	0.02309	0.17224	0.04221	0.12454	0.06482	0.19130	0.00571	0.01247	0.01068	0.00598	0.00799
3	0.01846	0.01901	0.01410	0.01344	0.01511	0.23999	0.00907	0.01939	0.01662	0.01816	0.02558	0.07368	0.05774	0.39470	0.02690	0.00549	0.01010	0.01059	0.00504	0.00682
4	0.09775	0.02375	0.11226	0.01822	0.02507	0.02214	0.01648	0.41307	0.03125	0.07574	0.02094	0.06824	0.01638	0.01063	0.00812	0.00259	0.00891	0.00821	0.00739	0.01286
5	0.02650	0.02872	0.02668	0.02879	0.18888	0.30726	0.01878	0.12251	0.02318	0.02707	0.01439	0.01768	0.01191	0.00936	0.01072	0.00250	0.11263	0.00650	0.00477	0.01117
6	0.05071	0.00810	0.01061	0.01082	0.01155	0.00840	0.00745	0.01317	0.01287	0.01898	0.02284	0.12728	0.02387	0.13126	0.13121	0.31728	0.00911	0.01045	0.06852	0.00550
7	0.02548	0.27102	0.03294	0.02584	0.17235	0.29575	0.01763	0.02846	0.02012	0.02166	0.01304	0.01571	0.01126	0.00778	0.00691	0.00209	0.01164	0.00551	0.00399	0.01082
8	0.02139	0.01555	0.01572	0.01362	0.01720	0.08718	0.01042	0.13937	0.02378	0.12332	0.15774	0.06450	0.13369	0.07763	0.01339	0.04965	0.00730	0.01142	0.00761	0.00951
9	0.08737	0.01658	0.05193	0.01819	0.06516	0.01671	0.01401	0.09134	0.01982	0.20342	0.04779	0.02855	0.01989	0.11536	0.03929	0.00393	0.13488	0.00840	0.00660	0.01077
10	0.02264	0.02688	0.10027	0.02465	0.14554	0.26223	0.01775	0.02666	0.02085	0.05650	0.10265	0.02770	0.02296	0.01483	0.06852	0.00342	0.01218	0.02818	0.00524	0.01035
11	0.13469	0.26865	0.06064	0.01839	0.06732	0.15307	0.01515	0.02812	0.01896	0.10362	0.01664	0.02055	0.01381	0.00878	0.00677	0.00227	0.00968	0.03711	0.00503	0.01074

[dist]
# distance from previous block
# <min> <max>
22	58

[block]
# block no. 8 follows, 22 sequences, length 7
# corresponding to MSA columns:
# 357-363
name=unknown_I
#
# <colnr> <probs for GDERKNQSTAVLIFYWHMCP>
#	G	D	E	R	K	N	Q	S	T	A	V	L	I	F	Y	W	H	M	C	P
0	0.01546	0.07921	0.02159	0.01937	0.08014	0.01420	0.08682	0.01986	0.04889	0.02362	0.03555	0.05953	0.09366	0.12804	0.01504	0.00391	0.00841	0.23190	0.00613	0.00868
1	0.01350	0.01081	0.01208	0.01107	0.01459	0.00966	0.00856	0.07285	0.02048	0.02667	0.09021	0.13959	0.33972	0.01810	0.00930	0.00265	0.00531	0.05812	0.00739	0.12934
2	0.01264	0.00985	0.01259	0.05360	0.01659	0.00881	0.00894	0.01478	0.01586	0.02221	0.03309	0.39721	0.03768	0.09956	0.01297	0.00330	0.00595	0.01615	0.00639	0.21183
3	0.01535	0.01435	0.02433	0.02003	0.02259	0.01633	0.16094	0.01854	0.01451	0.02074	0.01873	0.03000	0.01783	0.13909	0.25284	0.00754	0.18438	0.00922	0.00428	0.00837
4	0.02070	0.36127	0.13454	0.01602	0.02253	0.06164	0.01601	0.02457	0.01712	0.06802	0.01605	0.01939	0.01356	0.01952	0.15129	0.00450	0.01255	0.00602	0.00428	0.01042
5	0.02063	0.02091	0.02267	0.20235	0.03226	0.18581	0.05346	0.09406	0.02026	0.02441	0.01718	0.02311	0.01425	0.02418	0.20193	0.00565	0.01528	0.00746	0.00464	0.00950
6	0.03158	0.02327	0.02493	0.01911	0.02576	0.02576	0.01579	0.62852	0.03906	0.05236	0.01995	0.01995	0.01413	0.00997	0.00831	0.00249	0.00914	0.00748	0.00831	0.01413

[dist]
# distance from previous block
# <min> <max>
0	1

[block]
# block no. 9 follows, 22 sequences, length 13
# corresponding to MSA columns:
# 365-377
name=unknown_J
#
# <colnr> <probs for GDERKNQSTAVLIFYWHMCP>
#	G	D	E	R	K	N	Q	S	T	A	V	L	I	F	Y	W	H	M	C	P
0	0.18509	0.35783	0.11150	0.06636	0.08725	0.02572	0.01686	0.02475	0.01654	0.02516	0.01260	0.01523	0.01055	0.00745	0.00610	0.00220	0.00902	0.00517	0.00396	0.01064
1	0.09534	0.23872	0.10866	0.01825	0.02476	0.25684	0.01663	0.10373	0.02186	0.02644	0.01348	0.01529	0.01094	0.00814	0.00677	0.00218	0.01127	0.00536	0.00455	0.01078
2	0.01178	0.00878	0.00993	0.00973	0.01243	0.00764	0.00750	0.01449	0.02024	0.05350	0.21129	0.07459	0.44171	0.01977	0.00988	0.00283	0.00455	0.06364	0.00816	0.00757
3	0.01289	0.00930	0.01163	0.01245	0.01378	0.00918	0.00873	0.08871	0.01920	0.02574	0.07527	0.58293	0.05112	0.02354	0.01027	0.00322	0.00531	0.02114	0.00786	0.00773
4	0.01968	0.05744	0.13136	0.10548	0.09907	0.08043	0.01893	0.06822	0.15130	0.02792	0.02406	0.07116	0.02115	0.01155	0.00853	0.00275	0.00956	0.07453	0.00576	0.01112
5	0.02135	0.26981	0.03174	0.13095	0.02921	0.10869	0.04925	0.02810	0.12353	0.02295	0.01625	0.01911	0.01337	0.00910	0.00954	0.00245	0.09299	0.00653	0.00455	0.01055
6	0.38160	0.01715	0.01588	0.01559	0.05639	0.06111	0.01134	0.12501	0.01968	0.03457	0.02081	0.16596	0.02029	0.01214	0.00722	0.00270	0.00732	0.00942	0.00612	0.00967
7	0.23860	0.05486	0.09871	0.20111	0.02967	0.01714	0.01591	0.02120	0.01566	0.02632	0.02050	0.02492	0.06383	0.01795	0.11726	0.00439	0.01101	0.00728	0.00454	0.00914
8	0.01848	0.01549	0.02093	0.20629	0.11530	0.01691	0.01625	0.15353	0.06159	0.03066	0.07145	0.07639	0.13676	0.01267	0.00881	0.00270	0.00813	0.01085	0.00637	0.01044
9	0.01108	0.00813	0.00974	0.01034	0.01146	0.00779	0.00710	0.01253	0.01542	0.01992	0.04700	0.22032	0.19930	0.25366	0.08299	0.00574	0.00756	0.05704	0.00652	0.00638
10	0.02565	0.02882	0.02771	0.02855	0.16398	0.31643	0.05353	0.07670	0.02148	0.02471	0.01388	0.01764	0.01166	0.00948	0.01165	0.00257	0.14376	0.00660	0.00444	0.01075
11	0.02056	0.01974	0.03372	0.05099	0.65622	0.01974	0.02550	0.02550	0.01892	0.02714	0.01563	0.02056	0.01316	0.00740	0.00822	0.00247	0.00987	0.00740	0.00411	0.01316
12	0.18274	0.01660	0.01500	0.06815	0.01978	0.12561	0.01144	0.02216	0.05304	0.02575	0.06528	0.04252	0.02687	0.16485	0.01560	0.00396	0.00868	0.11802	0.00578	0.00817

[dist]
# distance from previous block
# <min> <max>
3	5

[block]
# block no. 10 follows, 22 sequences, length 25
# corresponding to MSA columns:
# 383-407
name=unknown_K
#
# <colnr> <probs for GDERKNQSTAVLIFYWHMCP>
#	G	D	E	R	K	N	Q	S	T	A	V	L	I	F	Y	W	H	M	C	P
0	0.02036	0.02053	0.03203	0.18047	0.43866	0.07418	0.06333	0.02532	0.01887	0.02530	0.01529	0.02055	0.01248	0.00766	0.00828	0.00252	0.01082	0.00738	0.00404	0.01192
1	0.01884	0.01798	0.03062	0.27567	0.44497	0.01929	0.02464	0.02399	0.01810	0.02505	0.01532	0.02112	0.01242	0.00772	0.00825	0.00257	0.01029	0.00740	0.00396	0.01177
2	0.02056	0.01974	0.03372	0.05099	0.65622	0.01974	0.02550	0.02550	0.01892	0.02714	0.01563	0.02056	0.01316	0.00740	0.00822	0.00247	0.00987	0.00740	0.00411	0.01316
3	0.02056	0.01974	0.03372	0.05099	0.65622	0.01974	0.02550	0.02550	0.01892	0.02714	0.01563	0.02056	0.01316	0.00740	0.00822	0.00247	0.00987	0.00740	0.00411	0.01316
4	0.02582	0.03105	0.02292	0.02064	0.02357	0.44411	0.01597	0.02797	0.01979	0.02014	0.01337	0.01765	0.01183	0.01578	0.08373	0.00371	0.18235	0.00620	0.00414	0.00926
5	0.01024	0.00728	0.00960	0.01141	0.01186	0.00683	0.00754	0.01160	0.01566	0.02089	0.04455	0.66184	0.05339	0.06893	0.01260	0.00367	0.00502	0.02289	0.00754	0.00664
6	0.03017	0.03778	0.02315	0.02103	0.02534	0.62014	0.01581	0.03409	0.07506	0.02153	0.01459	0.01632	0.01192	0.00879	0.00757	0.00220	0.01428	0.00569	0.00463	0.00992
7	0.01783	0.01695	0.02878	0.40866	0.31993	0.01902	0.02413	0.02310	0.01762	0.02382	0.01514	0.02145	0.01199	0.00791	0.00827	0.00264	0.01055	0.00739	0.00388	0.01095
8	0.01012	0.00723	0.00964	0.01157	0.01205	0.00675	0.00771	0.01157	0.01591	0.02121	0.04579	0.70262	0.05495	0.02603	0.01060	0.00337	0.00482	0.02362	0.00771	0.00675
9	0.01201	0.00835	0.01057	0.01057	0.01110	0.00888	0.00692	0.01305	0.01253	0.01723	0.02479	0.04670	0.02688	0.48031	0.26547	0.00992	0.01306	0.01096	0.00483	0.00587
10	0.01187	0.00890	0.01335	0.01335	0.01483	0.01038	0.01038	0.01483	0.01335	0.01928	0.02225	0.03264	0.02077	0.06231	0.67512	0.01335	0.02225	0.00890	0.00445	0.00742
11	0.02930	0.02214	0.02365	0.01865	0.02489	0.02470	0.01524	0.50653	0.16476	0.04868	0.02284	0.02225	0.01647	0.01024	0.00834	0.00256	0.00861	0.00788	0.00834	0.01392
12	0.01167	0.00788	0.00918	0.00958	0.00968	0.00778	0.00559	0.01197	0.01288	0.01717	0.03027	0.18969	0.03537	0.56567	0.03567	0.00708	0.00738	0.01449	0.00559	0.00539
13	0.01925	0.01840	0.03135	0.22253	0.49493	0.01939	0.02484	0.02435	0.01830	0.02555	0.01539	0.02099	0.01260	0.00765	0.00825	0.00255	0.01019	0.00740	0.00400	0.01210
14	0.24697	0.04303	0.01413	0.01174	0.01599	0.01343	0.00911	0.02030	0.05399	0.02838	0.02864	0.21302	0.07164	0.01365	0.00746	0.00248	0.00586	0.01121	0.00613	0.18282
15	0.01813	0.01632	0.02384	0.02157	0.07599	0.01703	0.11428	0.07008	0.14887	0.02839	0.02634	0.18083	0.02505	0.01324	0.01081	0.00277	0.07941	0.01165	0.00624	0.10917
16	0.02706	0.03917	0.17325	0.02373	0.06644	0.48251	0.02003	0.03111	0.02187	0.02214	0.01349	0.01592	0.01081	0.00833	0.00763	0.00227	0.01404	0.00566	0.00409	0.01046
17	0.02825	0.23020	0.02871	0.01862	0.02388	0.40585	0.01509	0.03195	0.06050	0.06282	0.01509	0.01638	0.01225	0.00843	0.00699	0.00211	0.01218	0.00554	0.00472	0.01044
18	0.01452	0.01041	0.01182	0.01087	0.01262	0.01055	0.00750	0.10173	0.01888	0.02523	0.13699	0.05307	0.12074	0.36516	0.06005	0.00590	0.00773	0.01249	0.00653	0.00721
19	0.01820	0.01443	0.01798	0.04264	0.02009	0.01632	0.01300	0.18069	0.02184	0.02987	0.02949	0.28900	0.03149	0.01777	0.01299	0.00311	0.13917	0.05555	0.00681	0.03956
20	0.02232	0.01578	0.01772	0.01526	0.01923	0.01711	0.01173	0.22547	0.16880	0.08718	0.02909	0.12847	0.02608	0.12517	0.04829	0.00414	0.00825	0.01114	0.00771	0.01105
