[name]
unknown

[dist]
# distance from previous block
# <min> <max>
0	3

[block]
# block no. 0 follows, 22 sequences, length 7
# corresponding to MSA columns:
# 3-9
name=unknown_A
#
# <colnr> <probs for GDERKNQSTAVLIFYWHMCP>
#	G	D	E	R	K	N	Q	S	T	A	V	L	I	F	Y	W	H	M	C	P
0	0.01292	0.00941	0.01274	0.01440	0.01643	0.00923	0.01246	0.01652	0.01910	0.02455	0.04923	0.09191	0.12673	0.02270	0.01126	0.00369	0.00720	0.52429	0.00766	0.00757
1	0.48412	0.01477	0.01491	0.01633	0.10333	0.01622	0.01099	0.02248	0.01703	0.03493	0.16468	0.02604	0.02610	0.00988	0.00668	0.00257	0.00630	0.00741	0.00595	0.00929
2	0.01771	0.00983	0.01287	0.01135	0.01443	0.00883	0.00878	0.02134	0.02327	0.18238	0.46649	0.05520	0.10291	0.01566	0.00946	0.00262	0.00469	0.01360	0.00932	0.00928
3	0.32035	0.02926	0.31625	0.02008	0.02894	0.01926	0.10388	0.02559	0.01645	0.03078	0.01382	0.01657	0.01019	0.00770	0.00704	0.00263	0.01015	0.00598	0.00426	0.01080
4	0.02016	0.02212	0.09846	0.04819	0.59261	0.01969	0.02603	0.02558	0.01877	0.02706	0.01555	0.02025	0.01289	0.00745	0.00819	0.00248	0.01012	0.00727	0.00405	0.01307
5	0.10574	0.12462	0.02686	0.02360	0.12194	0.33095	0.01649	0.10758	0.02294	0.02724	0.01389	0.01611	0.01134	0.00828	0.00717	0.00223	0.01169	0.00573	0.00477	0.01084
6	0.01926	0.01453	0.01654	0.01332	0.01863	0.01328	0.01047	0.16366	0.02278	0.06094	0.03269	0.14188	0.11896	0.01285	0.00807	0.00219	0.00639	0.01074	0.00687	0.30595

[dist]
# distance from previous block
# <min> <max>
0	1

[block]
# block no. 1 follows, 22 sequences, length 21
# corresponding to MSA columns:
# 11-31
name=unknown_B
#
# <colnr> <probs for GDERKNQSTAVLIFYWHMCP>
#	G	D	E	R	K	N	Q	S	T	A	V	L	I	F	Y	W	H	M	C	P
0	0.01975	0.01554	0.01894	0.05876	0.02136	0.01720	0.01295	0.13955	0.02039	0.03085	0.01788	0.02173	0.01447	0.01001	0.01191	0.00235	0.17811	0.00687	0.19127	0.19010
1	0.01379	0.01010	0.01286	0.01326	0.01557	0.00994	0.01087	0.06679	0.02159	0.02867	0.19885	0.13044	0.12554	0.02041	0.01052	0.00325	0.00619	0.28519	0.00809	0.00808
2	0.05712	0.01603	0.01863	0.01382	0.02079	0.01394	0.01122	0.12018	0.02185	0.16175	0.01913	0.01975	0.01414	0.00767	0.00690	0.00176	0.00682	0.00601	0.00656	0.45594
3	0.01012	0.00723	0.00964	0.01157	0.01205	0.00675	0.00771	0.01157	0.01591	0.02121	0.04579	0.70262	0.05495	0.02603	0.01060	0.00337	0.00482	0.02362	0.00771	0.00675
4	0.02056	0.01974	0.03372	0.05099	0.65622	0.01974	0.02550	0.02550	0.01892	0.02714	0.01563	0.02056	0.01316	0.00740	0.00822	0.00247	0.00987	0.00740	0.00411	0.01316
5	0.01012	0.00723	0.00964	0.01157	0.01205	0.00675	0.00771	0.01157	0.01591	0.02121	0.04579	0.70262	0.05495	0.02603	0.01060	0.00337	0.00482	0.02362	0.00771	0.00675
6	0.03100	0.06456	0.02592	0.01899	0.02550	0.07215	0.01572	0.55122	0.03667	0.04818	0.01895	0.01921	0.01368	0.00971	0.00808	0.00243	0.00954	0.00715	0.00775	0.01361
7	0.02107	0.57589	0.17074	0.01615	0.02432	0.03009	0.01759	0.02517	0.01701	0.02093	0.01224	0.01419	0.01063	0.00727	0.00585	0.00195	0.00958	0.00479	0.00354	0.01099
8	0.01162	0.00849	0.01091	0.01031	0.01233	0.00778	0.00773	0.01541	0.02319	0.03254	0.61162	0.06332	0.11908	0.01727	0.00980	0.00263	0.00394	0.01520	0.00904	0.00778
9	0.01208	0.00805	0.00906	0.00906	0.00906	0.00805	0.00503	0.01208	0.01208	0.01611	0.02618	0.05436	0.03020	0.70804	0.04228	0.00805	0.00805	0.01208	0.00503	0.00503
10	0.09137	0.01487	0.01771	0.01451	0.01915	0.01560	0.01183	0.10329	0.07060	0.29333	0.02603	0.02566	0.01828	0.01044	0.00963	0.00257	0.08083	0.00776	0.15472	0.01182
11	0.02584	0.02256	0.09790	0.02208	0.02951	0.02027	0.16296	0.21588	0.10479	0.13860	0.02220	0.02288	0.01574	0.00904	0.00853	0.00257	0.00983	0.00814	0.00696	0.05372
12	0.01836	0.24842	0.47445	0.02078	0.03147	0.02346	0.02564	0.02587	0.01734	0.02424	0.01388	0.01625	0.01057	0.00765	0.00711	0.00237	0.01124	0.00562	0.00352	0.01178
13	0.01982	0.02384	0.15401	0.03743	0.38185	0.01987	0.02355	0.03014	0.16834	0.02881	0.01986	0.02248	0.01558	0.00843	0.00821	0.00258	0.00955	0.00763	0.00504	0.01298
14	0.02378	0.02502	0.02318	0.02586	0.18046	0.25125	0.01639	0.05924	0.13130	0.02729	0.02219	0.02386	0.04700	0.00938	0.00782	0.00233	0.01019	0.00742	0.05407	0.05196
15	0.02323	0.02355	0.03026	0.02788	0.14440	0.14115	0.16319	0.11014	0.07565	0.02982	0.01739	0.02022	0.01360	0.00799	0.00815	0.00231	0.01081	0.00736	0.00524	0.13765
16	0.05455	0.02211	0.15829	0.01875	0.02567	0.04811	0.10743	0.06086	0.02130	0.13755	0.11956	0.03168	0.07536	0.01061	0.00844	0.00251	0.00892	0.00920	0.00647	0.07264
17	0.10667	0.01783	0.02723	0.08202	0.15237	0.01770	0.11721	0.09134	0.02174	0.21765	0.02077	0.02229	0.01469	0.00850	0.00811	0.00253	0.00920	0.00765	0.00649	0.04799
18	0.11729	0.12414	0.12733	0.02207	0.11308	0.06419	0.01787	0.14473	0.05259	0.11357	0.01815	0.01918	0.01343	0.00860	0.00737	0.00242	0.00936	0.00652	0.00588	0.01223
19	0.02054	0.07845	0.02395	0.02310	0.14293	0.12639	0.04403	0.08957	0.01998	0.02622	0.01849	0.02366	0.01570	0.02415	0.20294	0.00550	0.01375	0.00741	0.08312	0.01013
20	0.02754	0.03063	0.02343	0.02006	0.02478	0.41148	0.04223	0.08099	0.02294	0.05334	0.01590	0.04321	0.01343	0.00946	0.00894	0.00225	0.05663	0.00664	0.00506	0.10106

[dist]
# distance from previous block
# <min> <max>
6	14

[block]
# block no. 2 follows, 22 sequences, length 37
# corresponding to MSA columns:
# 46-82
name=unknown_C
#
# <colnr> <probs for GDERKNQSTAVLIFYWHMCP>
#	G	D	E	R	K	N	Q	S	T	A	V	L	I	F	Y	W	H	M	C	P
0	0.10646	0.25055	0.30397	0.02291	0.11396	0.02361	0.02219	0.02552	0.01712	0.02554	0.01354	0.01614	0.01075	0.00755	0.00680	0.00233	0.01018	0.00558	0.00380	0.01150
1	0.02150	0.01721	0.01676	0.01469	0.01818	0.10203	0.01142	0.21665	0.02398	0.03264	0.02277	0.06141	0.01970	0.06207	0.15192	0.00500	0.01125	0.00865	0.17236	0.00978
2	0.02086	0.01866	0.02942	0.04170	0.49175	0.01898	0.02195	0.02870	0.12356	0.05715	0.02254	0.02534	0.04434	0.00880	0.00834	0.00255	0.00893	0.00824	0.00528	0.01293
3	0.01799	0.03505	0.44966	0.03299	0.24754	0.01945	0.02892	0.02603	0.01801	0.02659	0.01515	0.01857	0.01142	0.00773	0.00801	0.00258	0.01146	0.00657	0.00371	0.01258
4	0.02389	0.02605	0.03048	0.04158	0.45566	0.22807	0.02249	0.02794	0.02039	0.02497	0.01474	0.01879	0.01238	0.00777	0.00799	0.00236	0.01150	0.00675	0.00417	0.01204
5	0.02799	0.02112	0.02287	0.01825	0.02412	0.02359	0.01487	0.47107	0.14918	0.04646	0.02271	0.02301	0.01675	0.01436	0.06115	0.00341	0.00970	0.00795	0.00803	0.01341
6	0.01876	0.01752	0.02951	0.17060	0.47242	0.01817	0.02308	0.02319	0.01800	0.02504	0.01857	0.02390	0.04255	0.00945	0.00972	0.04625	0.00969	0.00786	0.00417	0.01156
7	0.02874	0.03164	0.02934	0.02370	0.02949	0.36469	0.14606	0.18830	0.02678	0.03009	0.01555	0.01787	0.01201	0.00860	0.00820	0.00237	0.01324	0.00686	0.00532	0.01115
8	0.00982	0.00842	0.00842	0.00842	0.01122	0.00701	0.00631	0.01192	0.01894	0.02244	0.08416	0.07995	0.65285	0.02104	0.00982	0.00281	0.00421	0.01753	0.00771	0.00701
9	0.01012	0.00723	0.00964	0.01157	0.01205	0.00675	0.00771	0.01157	0.01591	0.02121	0.04579	0.70262	0.05495	0.02603	0.01060	0.00337	0.00482	0.02362	0.00771	0.00675
10	0.03103	0.03959	0.02354	0.02140	0.02568	0.67469	0.01605	0.03317	0.02354	0.02033	0.01284	0.01498	0.01070	0.00856	0.00749	0.00214	0.01498	0.00535	0.00428	0.00963
11	0.02056	0.01974	0.03372	0.05099	0.65622	0.01974	0.02550	0.02550	0.01892	0.02714	0.01563	0.02056	0.01316	0.00740	0.00822	0.00247	0.00987	0.00740	0.00411	0.01316
12	0.01187	0.00890	0.01335	0.01335	0.01483	0.01038	0.01038	0.01483	0.01335	0.01928	0.02225	0.03264	0.02077	0.06231	0.67512	0.01335	0.02225	0.00890	0.00445	0.00742
13	0.01788	0.01700	0.02887	0.40180	0.32638	0.01903	0.02416	0.02314	0.01765	0.02388	0.01515	0.02144	0.01201	0.00790	0.00827	0.00263	0.01053	0.00739	0.00388	0.01099
14	0.01041	0.00844	0.00924	0.00904	0.01158	0.00726	0.00678	0.01307	0.02033	0.02576	0.25722	0.07449	0.47772	0.01980	0.00981	0.00275	0.00412	0.01677	0.00815	0.00726
15	0.02175	0.01838	0.01939	0.01713	0.02202	0.02117	0.01341	0.10216	0.58144	0.03650	0.03244	0.02990	0.02424	0.01114	0.00844	0.00279	0.00683	0.00920	0.00844	0.01325
16	0.01762	0.03710	0.50266	0.02992	0.16484	0.01947	0.06012	0.02616	0.01793	0.02650	0.01515	0.01841	0.01118	0.00775	0.00806	0.00261	0.01187	0.00659	0.00367	0.01241
17	0.01524	0.01069	0.01199	0.01141	0.01322	0.01088	0.00793	0.12733	0.01924	0.02603	0.03630	0.21632	0.09889	0.27367	0.02144	0.00477	0.00668	0.01444	0.06595	0.00759
18	0.03103	0.03959	0.02354	0.02140	0.02568	0.67469	0.01605	0.03317	0.02354	0.02033	0.01284	0.01498	0.01070	0.00856	0.00749	0.00214	0.01498	0.00535	0.00428	0.00963
19	0.02327	0.02487	0.03109	0.04335	0.49329	0.18898	0.02306	0.02748	0.02011	0.02538	0.01491	0.01912	0.01252	0.00770	0.00803	0.00238	0.01119	0.00687	0.00416	0.01225
20	0.29623	0.02340	0.02184	0.05456	0.15811	0.17656	0.01579	0.10937	0.02093	0.03239	0.01403	0.01664	0.01109	0.00819	0.00694	0.00244	0.00979	0.00586	0.00508	0.01075
21	0.27388	0.02632	0.29987	0.01603	0.02382	0.01645	0.01801	0.02259	0.01666	0.02927	0.02852	0.02945	0.14696	0.01063	0.00735	0.00265	0.00854	0.00800	0.00497	0.01002
22	0.01330	0.01181	0.01610	0.02072	0.18635	0.01132	0.01196	0.01594	0.01793	0.02300	0.05564	0.08702	0.37046	0.07807	0.01303	0.00324	0.03506	0.01415	0.00633	0.00858
23	0.02361	0.02364	0.02281	0.02212	0.10144	0.22530	0.04688	0.15371	0.02606	0.03213	0.20166	0.03088	0.03162	0.01110	0.00855	0.00243	0.00981	0.00912	0.00654	0.01059
24	0.02499	0.29080	0.08341	0.02332	0.11964	0.28233	0.01794	0.02835	0.01986	0.02153	0.01294	0.01540	0.01104	0.00779	0.00682	0.00209	0.01170	0.00538	0.00392	0.01076
25	0.01257	0.01161	0.01800	0.01537	0.01920	0.01047	0.13978	0.01604	0.01911	0.02378	0.06231	0.07024	0.40363	0.01840	0.01012	0.00299	0.00694	0.12443	0.00695	0.00803
26	0.01886	0.01895	0.02528	0.18649	0.09924	0.12255	0.09744	0.05405	0.01854	0.02345	0.01737	0.02394	0.01455	0.02463	0.21165	0.00585	0.01527	0.00784	0.00437	0.00967
27	0.01194	0.00994	0.01273	0.01477	0.09668	0.00899	0.00940	0.01508	0.02060	0.02702	0.28198	0.06560	0.35920	0.01776	0.00960	0.00269	0.00485	0.01528	0.00776	0.00812
28	0.01824	0.01710	0.02857	0.14777	0.42169	0.01832	0.02228	0.02279	0.01732	0.02453	0.01631	0.02264	0.01393	0.01677	0.11664	0.00433	0.04769	0.00763	0.00407	0.01138
29	0.02467	0.03314	0.16363	0.03118	0.22844	0.29248	0.02216	0.06058	0.02161	0.02546	0.01454	0.01756	0.01163	0.00812	0.00785	0.00237	0.01247	0.00628	0.00427	0.01155
30	0.15821	0.02693	0.24573	0.03233	0.29007	0.01943	0.02355	0.02657	0.05078	0.02915	0.01559	0.01876	0.01213	0.00783	0.00755	0.00256	0.00988	0.00653	0.00433	0.01208
31	0.01630	0.01318	0.01582	0.01798	0.11971	0.04340	0.01059	0.08084	0.01711	0.02260	0.02618	0.04300	0.06001	0.39384	0.07963	0.00637	0.00970	0.01056	0.00530	0.00787
32	0.01852	0.01832	0.01531	0.01435	0.01602	0.20494	0.01035	0.02016	0.01624	0.01974	0.02037	0.03382	0.02038	0.27074	0.11867	0.00603	0.07591	0.00874	0.08399	0.00739
33	0.02003	0.02108	0.07635	0.03341	0.32132	0.08239	0.02053	0.05692	0.05386	0.02806	0.05857	0.03632	0.02364	0.01135	0.00884	0.00273	0.00959	0.11808	0.00548	0.01146
34	0.09087	0.18467	0.13172	0.01857	0.02539	0.20118	0.01723	0.15683	0.04897	0.03004	0.01515	0.01661	0.01185	0.00846	0.00708	0.00228	0.01083	0.00582	0.00510	0.01134
35	0.02258	0.02366	0.01997	0.13162	0.02733	0.26172	0.01492	0.12246	0.02356	0.02652	0.03200	0.03710	0.15119	0.01255	0.00858	0.00258	0.01048	0.05576	0.00584	0.00958
36	0.09425	0.16635	0.02676	0.09167	0.14260	0.07195	0.01616	0.05431	0.01992	0.13451	0.02234	0.02638	0.04911	0.00971	0.00755	0.00244	0.00893	0.03824	0.00568	0.01114

[dist]
# distance from previous block
# <min> <max>
21	309

[block]
# block no. 3 follows, 22 sequences, length 104
# corresponding to MSA columns:
# 392-495
name=unknown_D
#
# <colnr> <probs for GDERKNQSTAVLIFYWHMCP>
#	G	D	E	R	K	N	Q	S	T	A	V	L	I	F	Y	W	H	M	C	P
0	0.01862	0.01993	0.01636	0.09940	0.02240	0.22588	0.01211	0.04831	0.02080	0.02309	0.06846	0.07913	0.25352	0.04370	0.01020	0.00281	0.00898	0.01182	0.00607	0.00841
1	0.02443	0.13489	0.02335	0.01681	0.02114	0.22503	0.01358	0.05872	0.05242	0.10366	0.02172	0.02422	0.04431	0.02067	0.14610	0.00460	0.04138	0.00727	0.00551	0.01018
2	0.02498	0.08342	0.05235	0.04502	0.02430	0.08113	0.01488	0.23265	0.15367	0.07717	0.10172	0.02700	0.02405	0.01059	0.00817	0.00250	0.00856	0.00835	0.00737	0.01212
3	0.01882	0.02125	0.15131	0.01824	0.05520	0.01701	0.01600	0.14822	0.15198	0.03219	0.03541	0.11108	0.13034	0.01329	0.00868	0.00269	0.00782	0.01109	0.00682	0.04256
4	0.02038	0.01905	0.02700	0.03677	0.40431	0.08101	0.01992	0.02443	0.01968	0.05316	0.11787	0.02833	0.02428	0.04036	0.01089	0.00277	0.04448	0.00866	0.00521	0.01144
5	0.02554	0.11975	0.05977	0.03007	0.21381	0.33373	0.05078	0.02917	0.02083	0.02285	0.01380	0.01693	0.01152	0.00792	0.00757	0.00225	0.01250	0.00611	0.00410	0.01101
6	0.01156	0.00830	0.01004	0.01004	0.01159	0.00807	0.00716	0.01344	0.01632	0.02196	0.12254	0.08286	0.22431	0.16876	0.15472	0.04500	0.00884	0.01342	0.05443	0.00666
7	0.01690	0.07178	0.02175	0.02549	0.25015	0.04851	0.01472	0.02061	0.01958	0.02669	0.13795	0.04031	0.15809	0.01217	0.00825	0.00242	0.00714	0.01049	0.09705	0.00994
8	0.09162	0.02498	0.02465	0.27324	0.13837	0.26413	0.01954	0.02668	0.01935	0.02333	0.01389	0.01841	0.01108	0.00820	0.00770	0.00247	0.01191	0.00636	0.00411	0.00999
9	0.01557	0.01449	0.02346	0.41510	0.17258	0.01640	0.02018	0.02035	0.01776	0.02317	0.05311	0.03300	0.11988	0.01058	0.00860	0.00271	0.00939	0.00938	0.00467	0.00962
10	0.01834	0.01740	0.02850	0.04220	0.52306	0.01711	0.02153	0.02269	0.01892	0.02617	0.02977	0.03282	0.14523	0.01022	0.00855	0.00254	0.00870	0.00949	0.00486	0.01189
11	0.01897	0.01298	0.01450	0.01216	0.01655	0.01228	0.00964	0.15438	0.02444	0.11168	0.12352	0.05289	0.31213	0.01554	0.00900	0.00256	0.00579	0.01282	0.00811	0.07006
12	0.01777	0.01489	0.01981	0.01741	0.01919	0.01876	0.01417	0.11872	0.01753	0.02552	0.01759	0.02476	0.01580	0.03265	0.28185	0.00725	0.28380	0.00797	0.03535	0.00920
13	0.02110	0.02076	0.03319	0.04947	0.62370	0.05352	0.02501	0.02589	0.01915	0.02679	0.01548	0.02027	0.01303	0.00746	0.00819	0.00245	0.01013	0.00730	0.00412	0.01298
14	0.01831	0.03171	0.33171	0.03082	0.07936	0.02014	0.31329	0.02640	0.01861	0.02651	0.01586	0.02005	0.01168	0.00744	0.00882	0.00270	0.01294	0.00796	0.00388	0.01182
15	0.03158	0.02327	0.02493	0.01911	0.02576	0.02576	0.01579	0.62852	0.03906	0.05236	0.01995	0.01995	0.01413	0.00997	0.00831	0.00249	0.00914	0.00748	0.00831	0.01413
16	0.03103	0.03959	0.02354	0.02140	0.02568	0.67469	0.01605	0.03317	0.02354	0.02033	0.01284	0.01498	0.01070	0.00856	0.00749	0.00214	0.01498	0.00535	0.00428	0.00963
17	0.01053	0.00752	0.01011	0.01204	0.01270	0.00710	0.00843	0.01228	0.01631	0.02167	0.04556	0.62557	0.05404	0.02564	0.01071	0.00343	0.00518	0.09659	0.00770	0.00686
18	0.01022	0.00727	0.00961	0.01144	0.01190	0.00682	0.00757	0.01159	0.01571	0.02094	0.04478	0.66916	0.05367	0.06123	0.01224	0.00362	0.00499	0.02302	0.00757	0.00666
19	0.01069	0.00870	0.00964	0.01011	0.01269	0.00764	0.00805	0.01322	0.01898	0.02304	0.07430	0.08333	0.50432	0.02151	0.01022	0.00306	0.00505	0.16060	0.00770	0.00717
20	0.03588	0.01638	0.02067	0.01584	0.02233	0.01554	0.01309	0.18484	0.02753	0.51232	0.02962	0.02623	0.01898	0.01021	0.00834	0.00255	0.00758	0.00814	0.00980	0.01414
21	0.03058	0.03864	0.02333	0.02120	0.02550	0.64592	0.01592	0.03366	0.05072	0.02097	0.01376	0.01569	0.01135	0.00868	0.00753	0.00217	0.01461	0.00553	0.00446	0.00979
22	0.76672	0.01607	0.01221	0.01092	0.01607	0.01864	0.00900	0.02442	0.01414	0.03727	0.01157	0.01350	0.00900	0.00771	0.00514	0.00257	0.00643	0.00450	0.00514	0.00900
23	0.02212	0.01752	0.01883	0.01672	0.02157	0.01992	0.01307	0.04382	0.58702	0.08981	0.03372	0.03076	0.02494	0.01118	0.00844	0.00280	0.00662	0.00930	0.00861	0.01324
24	0.02017	0.01534	0.01652	0.01429	0.01877	0.01632	0.01127	0.15427	0.25271	0.07352	0.08575	0.04508	0.21258	0.01421	0.00891	0.00272	0.00627	0.01171	0.00836	0.01125
25	0.76672	0.01607	0.01221	0.01092	0.01607	0.01864	0.00900	0.02442	0.01414	0.03727	0.01157	0.01350	0.00900	0.00771	0.00514	0.00257	0.00643	0.00450	0.00514	0.00900
26	0.01020	0.00760	0.00953	0.01102	0.01209	0.00693	0.00764	0.01190	0.01673	0.02165	0.05440	0.53466	0.19014	0.02476	0.01046	0.00326	0.00481	0.04765	0.00771	0.00685
27	0.01051	0.00844	0.00937	0.00914	0.01165	0.00731	0.00686	0.01326	0.02057	0.02632	0.28656	0.07357	0.44803	0.01959	0.00981	0.00274	0.00410	0.01664	0.00822	0.00731
28	0.01176	0.00849	0.01110	0.01045	0.01241	0.00784	0.00784	0.01568	0.02352	0.03331	0.65184	0.06206	0.07839	0.01698	0.00980	0.00261	0.00392	0.01502	0.00914	0.00784
29	0.01818	0.01818	0.02545	0.02181	0.02181	0.02545	0.01818	0.01999	0.01272	0.01999	0.01091	0.01818	0.01091	0.01454	0.02726	0.00364	0.69284	0.00727	0.00364	0.00909
30	0.03103	0.03959	0.02354	0.02140	0.02568	0.67469	0.01605	0.03317	0.02354	0.02033	0.01284	0.01498	0.01070	0.00856	0.00749	0.00214	0.01498	0.00535	0.00428	0.00963
31	0.76672	0.01607	0.01221	0.01092	0.01607	0.01864	0.00900	0.02442	0.01414	0.03727	0.01157	0.01350	0.00900	0.00771	0.00514	0.00257	0.00643	0.00450	0.00514	0.00900
32	0.01014	0.00843	0.00886	0.00875	0.01142	0.00715	0.00656	0.01254	0.01968	0.02422	0.17706	0.07702	0.55883	0.02038	0.00982	0.00277	0.00416	0.01712	0.00795	0.00715
33	0.01264	0.00932	0.01235	0.01386	0.01596	0.00903	0.01191	0.01611	0.01908	0.02436	0.05236	0.09084	0.17388	0.02255	0.01113	0.00361	0.00693	0.47888	0.00766	0.00752
34	0.01549	0.00774	0.00774	0.00774	0.00968	0.00774	0.00581	0.01936	0.01742	0.03097	0.02710	0.03097	0.02129	0.00968	0.00581	0.00194	0.00387	0.00774	0.75416	0.00774
35	0.01012	0.00723	0.00964	0.01157	0.01205	0.00675	0.00771	0.01157	0.01591	0.02121	0.04579	0.70262	0.05495	0.02603	0.01060	0.00337	0.00482	0.02362	0.00771	0.00675
36	0.03185	0.02189	0.02396	0.01847	0.02501	0.02384	0.01523	0.53005	0.06192	0.12878	0.02214	0.02145	0.01540	0.01007	0.00832	0.00252	0.00877	0.00767	0.00857	0.01409
37	0.01561	0.01291	0.01994	0.02690	0.23091	0.01284	0.01708	0.01971	0.01904	0.02550	0.03656	0.06850	0.06741	0.01764	0.01030	0.00332	0.00822	0.37168	0.00647	0.00946
38	0.02025	0.01942	0.03315	0.09215	0.61752	0.01966	0.02534	0.02522	0.01877	0.02676	0.01557	0.02066	0.01302	0.00746	0.00823	0.00249	0.00995	0.00740	0.00408	0.01291
39	0.76672	0.01607	0.01221	0.01092	0.01607	0.01864	0.00900	0.02442	0.01414	0.03727	0.01157	0.01350	0.00900	0.00771	0.00514	0.00257	0.00643	0.00450	0.00514	0.00900
40	0.01805	0.01962	0.02286	0.01874	0.02347	0.15355	0.16135	0.02400	0.09668	0.02453	0.04632	0.04604	0.28242	0.01375	0.00915	0.00266	0.00919	0.01205	0.00622	0.00935
41	0.01924	0.02501	0.12697	0.03358	0.04247	0.02079	0.55071	0.02657	0.01935	0.02657	0.01657	0.02179	0.01234	0.00712	0.00956	0.00278	0.01379	0.00934	0.00411	0.01134
42	0.01463	0.01068	0.01254	0.01080	0.01472	0.00895	0.00815	0.01792	0.01779	0.02760	0.10488	0.16909	0.03176	0.01253	0.00746	0.00203	0.00503	0.01079	0.18997	0.32271
43	0.01208	0.00805	0.00906	0.00906	0.00906	0.00805	0.00503	0.01208	0.01208	0.01611	0.02618	0.05436	0.03020	0.70804	0.04228	0.00805	0.00805	0.01208	0.00503	0.00503
44	0.01029	0.00843	0.00908	0.00892	0.01151	0.00722	0.00669	0.01284	0.02006	0.02511	0.22352	0.07556	0.51183	0.02004	0.00981	0.00276	0.00414	0.01692	0.00807	0.00722
45	0.01039	0.00829	0.00930	0.00937	0.01165	0.00720	0.00691	0.01290	0.01980	0.02525	0.23407	0.15387	0.42058	0.02056	0.00991	0.00282	0.00421	0.01762	0.00810	0.00720
46	0.02364	0.01932	0.02046	0.01751	0.02274	0.02205	0.01387	0.20346	0.47705	0.03955	0.03003	0.02798	0.02230	0.01092	0.00841	0.00273	0.00727	0.00887	0.00841	0.01342
47	0.03158	0.02327	0.02493	0.01911	0.02576	0.02576	0.01579	0.62852	0.03906	0.05236	0.01995	0.01995	0.01413	0.00997	0.00831	0.00249	0.00914	0.00748	0.00831	0.01413
48	0.01865	0.00989	0.01275	0.01161	0.01474	0.00876	0.00884	0.02152	0.02119	0.21564	0.24051	0.18868	0.15864	0.01760	0.00954	0.00279	0.00509	0.01528	0.00893	0.00934
49	0.02056	0.01974	0.03372	0.05099	0.65622	0.01974	0.02550	0.02550	0.01892	0.02714	0.01563	0.02056	0.01316	0.00740	0.00822	0.00247	0.00987	0.00740	0.00411	0.01316
50	0.02482	0.02870	0.02676	0.16884	0.21389	0.34928	0.02023	0.02847	0.02077	0.02248	0.01404	0.01808	0.01149	0.00817	0.00787	0.00237	0.01269	0.00636	0.00411	0.01056
51	0.03327	0.02056	0.02325	0.01783	0.02441	0.02174	0.01473	0.45381	0.03452	0.23348	0.02376	0.02242	0.01604	0.01006	0.00832	0.00252	0.00853	0.00774	0.00890	0.01413
52	0.01203	0.00827	0.01015	0.01015	0.01053	0.00865	0.00639	0.01278	0.01240	0.01692	0.02518	0.04884	0.02781	0.54399	0.20306	0.00940	0.01166	0.01127	0.00489	0.00564
53	0.01521	0.00937	0.00984	0.00975	0.01167	0.03639	0.00740	0.01878	0.01664	0.02754	0.02526	0.03073	0.02071	0.02306	0.17666	0.00486	0.00903	0.00794	0.53141	0.00774
54	0.01123	0.00847	0.01037	0.00990	0.01209	0.00761	0.00742	0.01465	0.02227	0.03035	0.49708	0.06693	0.23500	0.01809	0.00980	0.00267	0.00400	0.01571	0.00875	0.00761
55	0.01135	0.00840	0.01225	0.01282	0.01401	0.00930	0.00959	0.01386	0.01411	0.01986	0.02924	0.23170	0.03092	0.05153	0.47769	0.01039	0.01707	0.01327	0.00542	0.00722
56	0.02221	0.71304	0.04353	0.01421	0.02132	0.03287	0.01421	0.02488	0.01688	0.01955	0.01155	0.01333	0.01066	0.00711	0.00533	0.00178	0.00888	0.00444	0.00355	0.01066
57	0.01728	0.01540	0.02100	0.01537	0.02253	0.01223	0.08805	0.02140	0.01765	0.02687	0.01690	0.02280	0.01462	0.00734	0.00696	0.00160	0.00724	0.04380	0.00501	0.61595
58	0.01818	0.01818	0.02545	0.02181	0.02181	0.02545	0.01818	0.01999	0.01272	0.01999	0.01091	0.01818	0.01091	0.01454	0.02726	0.00364	0.69284	0.00727	0.00364	0.00909
59	0.02056	0.01974	0.03372	0.05099	0.65622	0.01974	0.02550	0.02550	0.01892	0.02714	0.01563	0.02056	0.01316	0.00740	0.00822	0.00247	0.00987	0.00740	0.00411	0.01316
60	0.01012	0.00723	0.00964	0.01157	0.01205	0.00675	0.00771	0.01157	0.01591	0.02121	0.04579	0.70262	0.05495	0.02603	0.01060	0.00337	0.00482	0.02362	0.00771	0.00675
61	0.01631	0.01539	0.02603	0.60746	0.13302	0.01862	0.02338	0.02177	0.01690	0.02197	0.01487	0.02195	0.01134	0.00819	0.00830	0.00273	0.01092	0.00739	0.00374	0.00973
62	0.02026	0.01943	0.03317	0.09045	0.61912	0.01966	0.02535	0.02523	0.01877	0.02677	0.01557	0.02066	0.01303	0.00746	0.00823	0.00249	0.00994	0.00740	0.00409	0.01292
63	0.03727	0.01414	0.01928	0.01478	0.02121	0.01221	0.01221	0.04049	0.02378	0.66198	0.03277	0.02828	0.02056	0.01028	0.00835	0.00257	0.00707	0.00835	0.01028	0.01414
64	0.01193	0.00867	0.01219	0.01219	0.01327	0.00975	0.00894	0.01409	0.01301	0.01842	0.02331	0.03852	0.02332	0.23711	0.50381	0.01192	0.01841	0.00976	0.00461	0.00677
65	0.02096	0.01469	0.01601	0.01396	0.01818	0.01557	0.01094	0.15367	0.20910	0.09445	0.04052	0.09176	0.14383	0.01375	0.00851	0.00266	0.00622	0.01138	0.10276	0.01108
66	0.03158	0.02327	0.02493	0.01911	0.02576	0.02576	0.01579	0.62852	0.03906	0.05236	0.01995	0.01995	0.01413	0.00997	0.00831	0.00249	0.00914	0.00748	0.00831	0.01413
67	0.17513	0.07999	0.40787	0.02012	0.02957	0.10297	0.02326	0.02669	0.01755	0.02740	0.01373	0.01610	0.01024	0.00789	0.00710	0.00250	0.01118	0.00559	0.00395	0.01116
68	0.01342	0.01118	0.01632	0.01543	0.01655	0.01408	0.01230	0.01610	0.01320	0.01946	0.01947	0.02909	0.01835	0.05058	0.51608	0.01097	0.18687	0.00850	0.00425	0.00783
69	0.01200	0.00836	0.01061	0.01061	0.01115	0.00890	0.00697	0.01308	0.01254	0.01726	0.02476	0.04651	0.02679	0.47470	0.27097	0.00997	0.01318	0.01093	0.00482	0.00590
70	0.02339	0.01723	0.01937	0.01552	0.02103	0.01740	0.01237	0.29513	0.05964	0.06720	0.05202	0.13294	0.02401	0.01203	0.00823	0.00235	0.00725	0.00994	0.00752	0.19542
71	0.01666	0.04297	0.66500	0.02368	0.03596	0.01929	0.03069	0.02631	0.01754	0.02631	0.01491	0.01754	0.01052	0.00789	0.00789	0.00263	0.01228	0.00614	0.00351	0.01228
72	0.02221	0.71304	0.04353	0.01421	0.02132	0.03287	0.01421	0.02488	0.01688	0.01955	0.01155	0.01333	0.01066	0.00711	0.00533	0.00178	0.00888	0.00444	0.00355	0.01066
73	0.00982	0.00842	0.00842	0.00842	0.01122	0.00701	0.00631	0.01192	0.01894	0.02244	0.08416	0.07995	0.65285	0.02104	0.00982	0.00281	0.00421	0.01753	0.00771	0.00701
74	0.02033	0.02039	0.03748	0.04707	0.50579	0.02005	0.17292	0.02577	0.01909	0.02701	0.01592	0.02101	0.01302	0.00730	0.00861	0.00255	0.01088	0.00799	0.00413	0.01268
75	0.02878	0.03920	0.10514	0.02292	0.05318	0.56454	0.01830	0.03199	0.02259	0.02137	0.01322	0.01554	0.01078	0.00843	0.00757	0.00222	0.01443	0.00554	0.00418	0.01011
76	0.01012	0.00723	0.00964	0.01157	0.01205	0.00675	0.00771	0.01157	0.01591	0.02121	0.04579	0.70262	0.05495	0.02603	0.01060	0.00337	0.00482	0.02362	0.00771	0.00675
77	0.01267	0.01007	0.01488	0.01442	0.01572	0.01229	0.01137	0.01549	0.01327	0.01937	0.02082	0.03081	0.01952	0.05626	0.59314	0.01212	0.10711	0.00869	0.00435	0.00763
78	0.01971	0.01169	0.01272	0.01111	0.01457	0.01168	0.00862	0.12124	0.04795	0.11177	0.03875	0.04053	0.15236	0.05711	0.00983	0.00272	0.00560	0.01016	0.30238	0.00950
79	0.02706	0.04985	0.01828	0.01410	0.01878	0.01454	0.01105	0.03468	0.17667	0.33611	0.03057	0.03363	0.02327	0.15576	0.01529	0.00373	0.00724	0.00919	0.00838	0.01181
80	0.03036	0.03832	0.02420	0.02330	0.06620	0.63261	0.01666	0.03268	0.02324	0.02077	0.01302	0.01534	0.01086	0.00849	0.00754	0.00216	0.01465	0.00548	0.00427	0.00986
81	0.44045	0.05726	0.01814	0.01524	0.02013	0.27991	0.01204	0.02792	0.01800	0.02973	0.01207	0.01408	0.00975	0.00802	0.00608	0.00236	0.00994	0.00483	0.00473	0.00932
82	0.01238	0.00858	0.01174	0.01174	0.01298	0.00956	0.00869	0.01485	0.01361	0.02014	0.02369	0.03691	0.02278	0.18884	0.45822	0.01079	0.01695	0.00941	0.10118	0.00697
83	0.01176	0.00849	0.01110	0.01045	0.01241	0.00784	0.00784	0.01568	0.02352	0.03331	0.65184	0.06206	0.07839	0.01698	0.00980	0.00261	0.00392	0.01502	0.00914	0.00784
84	0.01187	0.00890	0.01335	0.01335	0.01483	0.01038	0.01038	0.01483	0.01335	0.01928	0.02225	0.03264	0.02077	0.06231	0.67512	0.01335	0.02225	0.00890	0.00445	0.00742
85	0.01277	0.00964	0.01193	0.01116	0.01349	0.00938	0.00843	0.01902	0.09935	0.03302	0.55095	0.05901	0.09697	0.01646	0.00963	0.00265	0.00426	0.01444	0.00900	0.00846
86	0.01012	0.00813	0.00903	0.00944	0.01157	0.00704	0.00684	0.01227	0.01871	0.02339	0.14036	0.23332	0.43702	0.02181	0.01001	0.00292	0.00433	0.01876	0.00788	0.00704
87	0.01208	0.00805	0.00906	0.00906	0.00906	0.00805	0.00503	0.01208	0.01208	0.01611	0.02618	0.05436	0.03020	0.70804	0.04228	0.00805	0.00805	0.01208	0.00503	0.00503
88	0.02424	0.02701	0.02690	0.19357	0.21692	0.29485	0.02051	0.05383	0.02117	0.02392	0.01443	0.01858	0.01166	0.00822	0.00794	0.00240	0.01228	0.00654	0.00426	0.01075
89	0.01924	0.01839	0.03133	0.22368	0.49385	0.01939	0.02484	0.02434	0.01829	0.02554	0.01539	0.02099	0.01259	0.00765	0.00825	0.00255	0.01020	0.00740	0.00400	0.01209
90	0.02036	0.02029	0.03688	0.04769	0.52971	0.02000	0.14948	0.02573	0.01906	0.02703	0.01587	0.02094	0.01304	0.00732	0.00855	0.00254	0.01072	0.00790	0.00413	0.01276
91	0.01219	0.00922	0.01134	0.01078	0.01302	0.00878	0.00809	0.01743	0.07525	0.03148	0.49829	0.08954	0.14830	0.01742	0.00972	0.00269	0.00422	0.01525	0.00884	0.00814
92	0.01187	0.00890	0.01335	0.01335	0.01483	0.01038	0.01038	0.01483	0.01335	0.01928	0.02225	0.03264	0.02077	0.06231	0.67512	0.01335	0.02225	0.00890	0.00445	0.00742
93	0.02000	0.01916	0.03270	0.12478	0.58684	0.01959	0.02521	0.02500	0.01865	0.02646	0.01553	0.02074	0.01292	0.00751	0.00823	0.00250	0.01001	0.00740	0.00406	0.01270
94	0.01076	0.00845	0.00973	0.00941	0.01180	0.00742	0.00706	0.01375	0.02117	0.02775	0.36114	0.07122	0.37256	0.01906	0.00981	0.00271	0.00407	0.01631	0.00841	0.00742
95	0.03103	0.03959	0.02354	0.02140	0.02568	0.67469	0.01605	0.03317	0.02354	0.02033	0.01284	0.01498	0.01070	0.00856	0.00749	0.00214	0.01498	0.00535	0.00428	0.00963
96	0.01967	0.40572	0.32856	0.01855	0.02803	0.02664	0.02177	0.02553	0.01718	0.02265	0.01309	0.01526	0.01060	0.00747	0.00651	0.00217	0.01044	0.00522	0.00353	0.01140
97	0.02518	0.02332	0.02295	0.02246	0.10333	0.15609	0.01583	0.21029	0.19497	0.03454	0.02194	0.02325	0.01701	0.01480	0.07303	0.00356	0.01101	0.00769	0.00661	0.01216
98	0.51552	0.02508	0.23084	0.01520	0.02273	0.01886	0.01626	0.02505	0.01528	0.03360	0.01269	0.01485	0.00951	0.00777	0.00606	0.00259	0.00839	0.00505	0.00459	0.01010
99	0.38597	0.02689	0.15266	0.01964	0.08446	0.15432	0.01658	0.02673	0.01725	0.03051	0.01292	0.01533	0.01007	0.00789	0.00650	0.00248	0.00975	0.00530	0.00452	0.01022
100	0.02025	0.01942	0.03315	0.09193	0.61773	0.01966	0.02534	0.02522	0.01877	0.02676	0.01557	0.02066	0.01303	0.00746	0.00823	0.00249	0.00995	0.00740	0.00409	0.01291
101	0.02056	0.01974	0.03372	0.05099	0.65622	0.01974	0.02550	0.02550	0.01892	0.02714	0.01563	0.02056	0.01316	0.00740	0.00822	0.00247	0.00987	0.00740	0.00411	0.01316
102	0.01027	0.00843	0.00904	0.00889	0.01150	0.00720	0.00667	0.01279	0.02000	0.02497	0.21601	0.07579	0.51942	0.02010	0.00981	0.00276	0.00414	0.01695	0.00805	0.00720
103	0.01208	0.00805	0.00906	0.00906	0.00906	0.00805	0.00503	0.01208	0.01208	0.01611	0.02618	0.05436	0.03020	0.70804	0.04228	0.00805	0.00805	0.01208	0.00503	0.00503

[dist]
# distance from previous block
# <min> <max>
0	1

[block]
# block no. 4 follows, 22 sequences, length 37
# corresponding to MSA columns:
# 497-533
name=unknown_E
#
# <colnr> <probs for GDERKNQSTAVLIFYWHMCP>
#	G	D	E	R	K	N	Q	S	T	A	V	L	I	F	Y	W	H	M	C	P
0	0.01922	0.01404	0.01661	0.01535	0.01858	0.01499	0.01213	0.25259	0.02524	0.03378	0.03315	0.26285	0.03451	0.02273	0.07389	0.00407	0.00869	0.12012	0.00762	0.00984
1	0.08244	0.28148	0.19363	0.01856	0.02597	0.22392	0.01857	0.02773	0.01886	0.02292	0.01280	0.01492	0.01051	0.00780	0.00663	0.00217	0.01141	0.00516	0.00389	0.01063
2	0.01820	0.26599	0.05950	0.01450	0.01838	0.02149	0.01326	0.02141	0.01582	0.02311	0.01688	0.02130	0.01460	0.01478	0.07487	0.00338	0.15724	0.00648	0.20951	0.00929
3	0.02027	0.19599	0.03002	0.01966	0.02200	0.02737	0.01698	0.06943	0.01587	0.02244	0.01179	0.01708	0.01110	0.01228	0.02016	0.00307	0.46407	0.00656	0.00398	0.00989
4	0.01807	0.01664	0.02761	0.04074	0.49161	0.01654	0.02082	0.02215	0.01829	0.02590	0.04929	0.13215	0.02357	0.04754	0.01046	0.00291	0.00871	0.01055	0.00495	0.01148
5	0.01385	0.01182	0.01737	0.05114	0.01903	0.01506	0.01325	0.01662	0.01334	0.01959	0.01866	0.02801	0.01748	0.04600	0.45741	0.01006	0.21079	0.00836	0.00418	0.00798
6	0.02760	0.09639	0.02338	0.01867	0.02318	0.44951	0.01448	0.07951	0.05101	0.02446	0.01858	0.02014	0.04143	0.00931	0.00737	0.00218	0.01219	0.00636	0.06426	0.00998
7	0.00982	0.00842	0.00842	0.00842	0.01122	0.00701	0.00631	0.01192	0.01894	0.02244	0.08416	0.07995	0.65285	0.02104	0.00982	0.00281	0.00421	0.01753	0.00771	0.00701
8	0.01044	0.00835	0.00934	0.00929	0.01165	0.00725	0.00689	0.01305	0.02010	0.02568	0.25517	0.12377	0.42937	0.02019	0.00987	0.00279	0.00417	0.01725	0.00815	0.00725
9	0.02875	0.21388	0.02872	0.01954	0.02455	0.50859	0.01558	0.03103	0.02182	0.02013	0.01251	0.01455	0.01069	0.00818	0.00693	0.00205	0.01340	0.00512	0.00409	0.00990
10	0.01021	0.00831	0.00910	0.00963	0.01193	0.00720	0.00723	0.01235	0.01841	0.02245	0.07347	0.19373	0.48821	0.02212	0.01012	0.00300	0.00464	0.07317	0.00771	0.00702
11	0.01027	0.00729	0.00959	0.01137	0.01182	0.00685	0.00750	0.01161	0.01561	0.02081	0.04426	0.65197	0.05301	0.07932	0.01308	0.00374	0.00507	0.02272	0.00750	0.00661
12	0.01562	0.01317	0.01385	0.01274	0.01646	0.01383	0.00982	0.05178	0.29275	0.02992	0.10381	0.05463	0.30669	0.01599	0.00916	0.00278	0.00543	0.01336	0.00817	0.01006
13	0.01369	0.01052	0.01277	0.01185	0.01440	0.01062	0.00899	0.02185	0.15741	0.03363	0.51787	0.05532	0.06689	0.01575	0.00951	0.00266	0.00449	0.01380	0.00899	0.00899
14	0.02342	0.01733	0.01970	0.01646	0.02099	0.01933	0.01324	0.35260	0.07675	0.03917	0.02307	0.05284	0.01892	0.02589	0.20166	0.00568	0.01233	0.00871	0.04040	0.01152
15	0.02266	0.67851	0.04251	0.01458	0.02155	0.06578	0.01431	0.02530	0.01722	0.01959	0.01162	0.01341	0.01066	0.00718	0.00544	0.00180	0.00920	0.00449	0.00359	0.01061
16	0.01187	0.00890	0.01335	0.01335	0.01483	0.01038	0.01038	0.01483	0.01335	0.01928	0.02225	0.03264	0.02077	0.06231	0.67512	0.01335	0.02225	0.00890	0.00445	0.00742
17	0.01012	0.00723	0.00964	0.01157	0.01205	0.00675	0.00771	0.01157	0.01591	0.02121	0.04579	0.70262	0.05495	0.02603	0.01060	0.00337	0.00482	0.02362	0.00771	0.00675
18	0.01012	0.00723	0.00964	0.01157	0.01205	0.00675	0.00771	0.01157	0.01591	0.02121	0.04579	0.70262	0.05495	0.02603	0.01060	0.00337	0.00482	0.02362	0.00771	0.00675
19	0.02153	0.01827	0.01927	0.01708	0.02193	0.02107	0.01336	0.09042	0.59353	0.03615	0.03271	0.03012	0.02447	0.01117	0.00844	0.00279	0.00678	0.00924	0.00844	0.01323
20	0.01187	0.00890	0.01335	0.01335	0.01483	0.01038	0.01038	0.01483	0.01335	0.01928	0.02225	0.03264	0.02077	0.06231	0.67512	0.01335	0.02225	0.00890	0.00445	0.00742
21	0.03158	0.02327	0.02493	0.01911	0.02576	0.02576	0.01579	0.62852	0.03906	0.05236	0.01995	0.01995	0.01413	0.00997	0.00831	0.00249	0.00914	0.00748	0.00831	0.01413
22	0.02326	0.01909	0.03082	0.04342	0.51879	0.01906	0.02281	0.05541	0.04556	0.11197	0.01881	0.02197	0.01467	0.00805	0.00825	0.00250	0.00934	0.00761	0.00529	0.01333
23	0.02056	0.01974	0.03372	0.05099	0.65622	0.01974	0.02550	0.02550	0.01892	0.02714	0.01563	0.02056	0.01316	0.00740	0.00822	0.00247	0.00987	0.00740	0.00411	0.01316
24	0.01666	0.04297	0.66500	0.02368	0.03596	0.01929	0.03069	0.02631	0.01754	0.02631	0.01491	0.01754	0.01052	0.00789	0.00789	0.00263	0.01228	0.00614	0.00351	0.01228
25	0.00983	0.00835	0.00848	0.00859	0.01127	0.00700	0.00639	0.01190	0.01877	0.02238	0.08209	0.11343	0.62071	0.02131	0.00986	0.00284	0.00424	0.01786	0.00771	0.00700
26	0.01065	0.00845	0.00957	0.00929	0.01173	0.00737	0.00697	0.01353	0.02090	0.02710	0.32718	0.07229	0.40693	0.01930	0.00981	0.00272	0.00408	0.01646	0.00833	0.00737
27	0.00984	0.00832	0.00851	0.00866	0.01129	0.00699	0.00642	0.01189	0.01870	0.02235	0.08116	0.12860	0.60613	0.02143	0.00988	0.00285	0.00426	0.01801	0.00771	0.00699
28	0.01443	0.00722	0.01082	0.01082	0.01082	0.00722	0.00722	0.01082	0.01082	0.01443	0.01443	0.02525	0.01443	0.02886	0.03247	0.75830	0.00722	0.00722	0.00361	0.00361
29	0.02755	0.21188	0.02889	0.01958	0.02419	0.44783	0.01577	0.02979	0.02081	0.02010	0.01233	0.01485	0.01071	0.00874	0.00878	0.00219	0.07684	0.00530	0.00403	0.00985
30	0.02221	0.71304	0.04353	0.01421	0.02132	0.03287	0.01421	0.02488	0.01688	0.01955	0.01155	0.01333	0.01066	0.00711	0.00533	0.00178	0.00888	0.00444	0.00355	0.01066
31	0.05594	0.02313	0.08158	0.05251	0.02518	0.15896	0.06253	0.13382	0.02470	0.06032	0.20085	0.03124	0.03146	0.01110	0.00850	0.00251	0.00945	0.00916	0.00662	0.01045
32	0.01947	0.01953	0.04725	0.13820	0.11723	0.10662	0.01765	0.07182	0.01856	0.02489	0.01677	0.02258	0.01412	0.01952	0.13516	0.00466	0.12575	0.00736	0.06297	0.00988
33	0.09351	0.17533	0.02954	0.02818	0.23411	0.22500	0.01771	0.02703	0.01946	0.02412	0.01659	0.01928	0.04029	0.00834	0.00715	0.00224	0.01066	0.00631	0.00430	0.01086
34	0.01757	0.20993	0.36453	0.12871	0.03430	0.02201	0.02388	0.02434	0.01729	0.02352	0.01774	0.02056	0.04518	0.00846	0.00740	0.00244	0.01077	0.00652	0.00378	0.01108
35	0.21167	0.11178	0.13660	0.01617	0.02214	0.19442	0.01511	0.02530	0.01880	0.02687	0.07001	0.02467	0.07569	0.00988	0.00710	0.00239	0.00967	0.00707	0.00498	0.00969
36	0.01911	0.20462	0.10434	0.01827	0.07944	0.02046	0.01539	0.06739	0.01822	0.02648	0.01772	0.02156	0.01468	0.01326	0.06163	0.00315	0.08176	0.00665	0.19568	0.01018

[dist]
# distance from previous block
# <min> <max>
6	19

[block]
# block no. 5 follows, 22 sequences, length 7
# corresponding to MSA columns:
# 553-559
name=unknown_F
#
# <colnr> <probs for GDERKNQSTAVLIFYWHMCP>
#	G	D	E	R	K	N	Q	S	T	A	V	L	I	F	Y	W	H	M	C	P
0	0.02368	0.07838	0.29163	0.02036	0.02872	0.12555	0.02133	0.20616	0.02485	0.03295	0.01660	0.01839	0.01229	0.00868	0.00766	0.00241	0.01104	0.00640	0.05088	0.01202
1	0.02134	0.19139	0.02808	0.01717	0.02267	0.02152	0.08583	0.18531	0.07624	0.03427	0.19607	0.03131	0.03205	0.01098	0.00817	0.00241	0.00798	0.00927	0.00687	0.01106
2	0.28888	0.03321	0.42809	0.01905	0.02874	0.01905	0.02282	0.02562	0.01630	0.03029	0.01370	0.01607	0.00997	0.00783	0.00689	0.00261	0.01015	0.00554	0.00410	0.01109
3	0.04816	0.16458	0.12678	0.06468	0.02863	0.01987	0.15730	0.02176	0.01698	0.02347	0.02154	0.18008	0.02154	0.01227	0.00963	0.00274	0.05453	0.01086	0.00476	0.00984
4	0.29660	0.02301	0.09676	0.01669	0.02346	0.02240	0.01510	0.33736	0.02744	0.04377	0.01630	0.01732	0.01184	0.00890	0.00711	0.00254	0.00853	0.00624	0.00659	0.01204
5	0.02336	0.33789	0.20438	0.01832	0.02650	0.07765	0.01909	0.15151	0.02219	0.02824	0.01430	0.01596	0.01135	0.00803	0.00680	0.00218	0.01032	0.00560	0.00459	0.01173
6	0.01967	0.16798	0.23031	0.02086	0.02836	0.10830	0.09647	0.02667	0.06633	0.02381	0.01675	0.02023	0.01350	0.01597	0.10572	0.00401	0.01320	0.00682	0.00423	0.01082

[dist]
# distance from previous block
# <min> <max>
13	88

[block]
# block no. 6 follows, 22 sequences, length 6
# corresponding to MSA columns:
# 652-657
name=unknown_G
#
# <colnr> <probs for GDERKNQSTAVLIFYWHMCP>
#	G	D	E	R	K	N	Q	S	T	A	V	L	I	F	Y	W	H	M	C	P
0	0.02433	0.01693	0.02220	0.02375	0.16995	0.01747	0.01541	0.15396	0.13719	0.15452	0.14384	0.03165	0.02934	0.01099	0.00861	0.00258	0.00747	0.00940	0.00788	0.01253
1	0.11630	0.01689	0.02304	0.12381	0.23058	0.01748	0.01712	0.07392	0.05806	0.03041	0.01719	0.02068	0.01363	0.00797	0.00730	0.00229	0.00821	0.00673	0.06231	0.14609
2	0.09396	0.01852	0.01676	0.01904	0.09682	0.19035	0.01233	0.02069	0.01860	0.02403	0.06406	0.32486	0.03441	0.01660	0.00886	0.00280	0.00831	0.01422	0.00615	0.00862
3	0.02241	0.12331	0.07390	0.05492	0.07627	0.14391	0.01598	0.06323	0.10140	0.04958	0.01884	0.04966	0.01564	0.00902	0.00741	0.00220	0.00945	0.00705	0.00534	0.15049
4	0.32231	0.08442	0.10519	0.02085	0.10683	0.13385	0.01637	0.02603	0.01697	0.02874	0.01271	0.01556	0.01033	0.00830	0.00800	0.00250	0.06096	0.00545	0.00439	0.01024
5	0.02305	0.27998	0.09944	0.02812	0.22626	0.07849	0.01984	0.10398	0.02101	0.02696	0.01438	0.01705	0.01190	0.00777	0.00707	0.00221	0.01007	0.00603	0.00440	0.01199

[dist]
# distance from previous block
# <min> <max>
0	2

[block]
# block no. 7 follows, 22 sequences, length 73
# corresponding to MSA columns:
# 660-732
name=unknown_H
#
# <colnr> <probs for GDERKNQSTAVLIFYWHMCP>
#	G	D	E	R	K	N	Q	S	T	A	V	L	I	F	Y	W	H	M	C	P
0	0.02185	0.02828	0.17025	0.02386	0.10213	0.18537	0.06196	0.02854	0.07641	0.05748	0.02123	0.02342	0.04698	0.01195	0.04514	0.00301	0.01169	0.00741	0.00500	0.06801
1	0.11042	0.01767	0.01474	0.01378	0.01748	0.14101	0.01061	0.02623	0.15849	0.02779	0.03686	0.07650	0.14772	0.01338	0.00805	0.00258	0.00736	0.04297	0.08853	0.03785
2	0.01784	0.01886	0.05624	0.10477	0.25449	0.06287	0.11358	0.02236	0.01838	0.02449	0.02333	0.17428	0.02323	0.01230	0.00907	0.00279	0.00990	0.03572	0.00501	0.01049
3	0.05540	0.08210	0.29436	0.05672	0.05702	0.12900	0.04947	0.12769	0.02203	0.02948	0.01513	0.01762	0.01132	0.00825	0.00771	0.00247	0.01162	0.00632	0.00458	0.01173
4	0.18338	0.06107	0.01989	0.01665	0.02110	0.32317	0.01295	0.05984	0.06557	0.02809	0.08721	0.02375	0.04491	0.01000	0.00734	0.00236	0.01031	0.00707	0.00560	0.00973
5	0.01905	0.01730	0.08983	0.01855	0.08898	0.01508	0.01464	0.17187	0.02377	0.03359	0.06408	0.04265	0.09328	0.01306	0.00849	0.00265	0.00744	0.10473	0.16059	0.01035
6	0.01833	0.01739	0.02130	0.09583	0.18087	0.08606	0.01503	0.02170	0.01743	0.02380	0.01778	0.05204	0.01668	0.11483	0.01274	0.00293	0.00881	0.00771	0.00465	0.26407
7	0.02171	0.08097	0.24803	0.02539	0.13423	0.19145	0.02170	0.04962	0.01987	0.02525	0.01553	0.01877	0.01234	0.01119	0.04533	0.00298	0.01232	0.00632	0.04583	0.01116
8	0.08050	0.12783	0.05754	0.06874	0.12206	0.07856	0.01620	0.09105	0.04819	0.05265	0.07688	0.02428	0.01986	0.01520	0.08249	0.00363	0.01061	0.00748	0.00546	0.01080
9	0.02204	0.02215	0.07331	0.10450	0.32087	0.05469	0.02171	0.12198	0.11768	0.03119	0.01881	0.02173	0.01465	0.00859	0.00822	0.00255	0.00981	0.00752	0.00535	0.01265
10	0.02445	0.27709	0.03294	0.05863	0.15895	0.19685	0.01760	0.07053	0.04584	0.02438	0.01441	0.01692	0.01206	0.00798	0.00700	0.00216	0.01073	0.00587	0.00440	0.01119
11	0.01374	0.01194	0.01683	0.01562	0.01675	0.01503	0.01252	0.01623	0.01377	0.01988	0.02542	0.03313	0.08844	0.04175	0.38451	0.00893	0.24372	0.00933	0.00455	0.00793
12	0.01078	0.00760	0.00976	0.01089	0.01151	0.00718	0.00720	0.01233	0.01637	0.02214	0.13973	0.46982	0.05379	0.16067	0.01680	0.00418	0.00532	0.01993	0.00741	0.00658
13	0.01194	0.00853	0.01145	0.01137	0.01234	0.00920	0.00804	0.01387	0.01400	0.01964	0.09444	0.04431	0.03087	0.30599	0.35663	0.01010	0.01472	0.01081	0.00520	0.00655
