[name]
unknown

[dist]
# distance from previous block
# <min> <max>
0	0

[block]
# block no. 0 follows, 23 sequences, length 112
# corresponding to MSA columns:
# 0-111
name=unknown_A
#
# <colnr> <probs for GDERKNQSTAVLIFYWHMCP>
#	G	D	E	R	K	N	Q	S	T	A	V	L	I	F	Y	W	H	M	C	P
0	0.01308	0.00934	0.01308	0.01494	0.01681	0.00934	0.01308	0.01681	0.01868	0.02428	0.04296	0.09153	0.04670	0.02242	0.01121	0.00374	0.00747	0.60960	0.00747	0.00747
1	0.01532	0.01442	0.02434	0.69533	0.05589	0.01803	0.02253	0.02073	0.01622	0.02073	0.01442	0.02163	0.01082	0.00811	0.00811	0.00270	0.01082	0.00721	0.00361	0.00901
2	0.01148	0.00829	0.01085	0.01021	0.01212	0.00766	0.00766	0.01531	0.02297	0.03254	0.65994	0.06061	0.07656	0.01659	0.00957	0.00255	0.00383	0.01467	0.00893	0.00766
3	0.01532	0.01442	0.02434	0.69533	0.05589	0.01803	0.02253	0.02073	0.01622	0.02073	0.01442	0.02163	0.01082	0.00811	0.00811	0.00270	0.01082	0.00721	0.00361	0.00901
4	0.01634	0.01614	0.02784	0.47048	0.04730	0.01970	0.11000	0.02126	0.01592	0.02126	0.01399	0.02093	0.01100	0.00910	0.01188	0.00287	0.14353	0.00753	0.00367	0.00927
5	0.00989	0.00706	0.00942	0.01130	0.01177	0.00659	0.00753	0.01130	0.01554	0.02071	0.04472	0.70954	0.05367	0.02542	0.01036	0.00330	0.00471	0.02307	0.00753	0.00659
6	0.01905	0.02159	0.04625	0.03328	0.04091	0.02083	0.59096	0.02553	0.01867	0.02553	0.01601	0.02159	0.01219	0.00736	0.01079	0.00279	0.06238	0.00940	0.00406	0.01080
7	0.02773	0.02118	0.02260	0.01804	0.02398	0.02371	0.01467	0.46353	0.21686	0.04611	0.02344	0.02264	0.01701	0.01011	0.00816	0.00253	0.00820	0.00785	0.00816	0.01352
8	0.01159	0.00869	0.01304	0.01304	0.01449	0.01014	0.01014	0.01449	0.01304	0.01884	0.02173	0.03188	0.02029	0.06086	0.68268	0.01304	0.02173	0.00869	0.00435	0.00724
9	0.00989	0.00706	0.00942	0.01130	0.01177	0.00659	0.00753	0.01130	0.01554	0.02071	0.04472	0.70954	0.05367	0.02542	0.01036	0.00330	0.00471	0.02307	0.00753	0.00659
10	0.02261	0.01800	0.01924	0.01671	0.02167	0.02045	0.01317	0.12869	0.52698	0.07126	0.03101	0.02857	0.02293	0.01077	0.00823	0.00269	0.00681	0.00885	0.00833	0.01303
11	0.01627	0.04197	0.67279	0.02313	0.03512	0.01884	0.02998	0.02570	0.01713	0.02570	0.01456	0.01713	0.01028	0.00771	0.00771	0.00257	0.01199	0.00600	0.00343	0.01199
12	0.02287	0.02643	0.02392	0.15944	0.03009	0.31760	0.01781	0.02553	0.01793	0.01992	0.01227	0.01715	0.01060	0.01034	0.01419	0.00272	0.25191	0.00628	0.00384	0.00914
13	0.17209	0.03305	0.02149	0.02074	0.06306	0.51351	0.01493	0.03029	0.02095	0.02345	0.01247	0.01469	0.01028	0.00813	0.00692	0.00219	0.01272	0.00519	0.00433	0.00950
14	0.00989	0.00706	0.00942	0.01130	0.01177	0.00659	0.00753	0.01130	0.01554	0.02071	0.04472	0.70954	0.05367	0.02542	0.01036	0.00330	0.00471	0.02307	0.00753	0.00659
15	0.00989	0.00706	0.00942	0.01130	0.01177	0.00659	0.00753	0.01130	0.01554	0.02071	0.04472	0.70954	0.05367	0.02542	0.01036	0.00330	0.00471	0.02307	0.00753	0.00659
16	0.02008	0.01928	0.03294	0.04981	0.66422	0.01928	0.02490	0.02490	0.01848	0.02651	0.01526	0.02008	0.01285	0.00723	0.00803	0.00241	0.00964	0.00723	0.00402	0.01285
17	0.01880	0.01797	0.03062	0.22389	0.50017	0.01894	0.02426	0.02378	0.01787	0.02495	0.01504	0.02050	0.01230	0.00747	0.00805	0.00249	0.00996	0.00722	0.00391	0.01182
18	0.03085	0.02273	0.02435	0.01867	0.02516	0.02516	0.01542	0.63716	0.03815	0.05114	0.01948	0.01948	0.01380	0.00974	0.00812	0.00244	0.00893	0.00731	0.00812	0.01380
19	0.02900	0.01853	0.02058	0.01599	0.02181	0.01955	0.01312	0.41055	0.03141	0.16176	0.02260	0.02243	0.01590	0.00959	0.00768	0.00232	0.00768	0.00739	0.11687	0.04522
20	0.01066	0.00797	0.00995	0.01079	0.01212	0.00745	0.00758	0.01365	0.04427	0.02429	0.19796	0.43010	0.14917	0.02196	0.00996	0.00301	0.00448	0.01957	0.00790	0.00715
21	0.01925	0.41357	0.32722	0.01806	0.02728	0.02612	0.02115	0.02493	0.01678	0.02207	0.01276	0.01488	0.01035	0.00729	0.00634	0.00211	0.01017	0.00509	0.00345	0.01113
22	0.17377	0.30443	0.06907	0.01610	0.02215	0.21718	0.01447	0.05735	0.01897	0.02478	0.01227	0.01410	0.01026	0.00766	0.00608	0.00208	0.01015	0.00486	0.00422	0.01006
23	0.00959	0.00822	0.00822	0.00822	0.01096	0.00685	0.00617	0.01165	0.01850	0.02192	0.08220	0.07809	0.66092	0.02055	0.00959	0.00274	0.00411	0.01713	0.00754	0.00685
24	0.01869	0.01786	0.03042	0.23849	0.48641	0.01891	0.02421	0.02368	0.01782	0.02482	0.01502	0.02054	0.01226	0.00749	0.00806	0.00250	0.00998	0.00722	0.00390	0.01173
25	0.03031	0.03867	0.02299	0.02090	0.02508	0.68226	0.01568	0.03240	0.02299	0.01986	0.01254	0.01463	0.01045	0.00836	0.00732	0.00209	0.01463	0.00523	0.00418	0.00941
26	0.00989	0.00706	0.00942	0.01130	0.01177	0.00659	0.00753	0.01130	0.01554	0.02071	0.04472	0.70954	0.05367	0.02542	0.01036	0.00330	0.00471	0.02307	0.00753	0.00659
27	0.01945	0.01713	0.02041	0.12047	0.07768	0.01979	0.01525	0.03832	0.50462	0.03138	0.02883	0.02817	0.02174	0.01027	0.00822	0.00272	0.00733	0.00873	0.00722	0.01227
28	0.00989	0.00706	0.00942	0.01130	0.01177	0.00659	0.00753	0.01130	0.01554	0.02071	0.04472	0.70954	0.05367	0.02542	0.01036	0.00330	0.00471	0.02307	0.00753	0.00659
29	0.77215	0.01569	0.01193	0.01067	0.01569	0.01820	0.00879	0.02385	0.01381	0.03641	0.01130	0.01318	0.00879	0.00753	0.00502	0.00251	0.00628	0.00439	0.00502	0.00879
30	0.01014	0.00824	0.00899	0.00880	0.01130	0.00709	0.00660	0.01272	0.01980	0.02502	0.25092	0.07299	0.49027	0.01939	0.00958	0.00269	0.00403	0.01641	0.00794	0.00709
31	0.02169	0.71972	0.04252	0.01388	0.02083	0.03211	0.01388	0.02430	0.01649	0.01909	0.01128	0.01302	0.01041	0.00694	0.00521	0.00174	0.00868	0.00434	0.00347	0.01041
32	0.03641	0.01381	0.01883	0.01444	0.02071	0.01193	0.01193	0.03954	0.02322	0.66984	0.03201	0.02762	0.02009	0.01004	0.00816	0.00251	0.00690	0.00816	0.01004	0.01381
33	0.01005	0.00724	0.00956	0.01137	0.01201	0.00675	0.00778	0.01162	0.01583	0.02096	0.04624	0.64850	0.07943	0.02505	0.01037	0.00330	0.00483	0.05494	0.00753	0.00665
34	0.01159	0.00869	0.01304	0.01304	0.01449	0.01014	0.01014	0.01449	0.01304	0.01884	0.02173	0.03188	0.02029	0.06086	0.68268	0.01304	0.02173	0.00869	0.00435	0.00724
35	0.01180	0.00787	0.00885	0.00885	0.00885	0.00787	0.00492	0.01180	0.01180	0.01573	0.02557	0.05310	0.02950	0.71483	0.04130	0.00787	0.00787	0.01180	0.00492	0.00492
36	0.00989	0.00706	0.00942	0.01130	0.01177	0.00659	0.00753	0.01130	0.01554	0.02071	0.04472	0.70954	0.05367	0.02542	0.01036	0.00330	0.00471	0.02307	0.00753	0.00659
37	0.01532	0.01442	0.02434	0.69533	0.05589	0.01803	0.02253	0.02073	0.01622	0.02073	0.01442	0.02163	0.01082	0.00811	0.00811	0.00270	0.01082	0.00721	0.00361	0.00901
38	0.02106	0.01479	0.01630	0.01436	0.01888	0.01578	0.01125	0.03577	0.39582	0.15348	0.04323	0.03988	0.15845	0.01284	0.00852	0.00270	0.00603	0.01066	0.00845	0.01176
39	0.02460	0.01592	0.01705	0.01381	0.01837	0.01710	0.01117	0.34677	0.02853	0.07632	0.02308	0.02442	0.01706	0.00964	0.00710	0.00221	0.00667	0.00746	0.32152	0.01120
40	0.02893	0.16131	0.02743	0.01842	0.02431	0.22346	0.01520	0.33823	0.02945	0.03561	0.01583	0.01679	0.01215	0.00879	0.00732	0.00220	0.01059	0.00611	0.00605	0.01183
41	0.02066	0.33292	0.17717	0.01720	0.02396	0.15075	0.01733	0.02475	0.01738	0.02070	0.01377	0.01698	0.01182	0.01517	0.10399	0.00362	0.01246	0.00551	0.00372	0.01012
42	0.00989	0.00706	0.00942	0.01130	0.01177	0.00659	0.00753	0.01130	0.01554	0.02071	0.04472	0.70954	0.05367	0.02542	0.01036	0.00330	0.00471	0.02307	0.00753	0.00659
43	0.02008	0.01928	0.03294	0.04981	0.66422	0.01928	0.02490	0.02490	0.01848	0.02651	0.01526	0.02008	0.01285	0.00723	0.00803	0.00241	0.00964	0.00723	0.00402	0.01285
44	0.02169	0.71972	0.04252	0.01388	0.02083	0.03211	0.01388	0.02430	0.01649	0.01909	0.01128	0.01302	0.01041	0.00694	0.00521	0.00174	0.00868	0.00434	0.00347	0.01041
45	0.00998	0.00824	0.00876	0.00863	0.01120	0.00702	0.00647	0.01240	0.01941	0.02410	0.20076	0.07450	0.54101	0.01974	0.00959	0.00270	0.00405	0.01662	0.00782	0.00702
46	0.00989	0.00706	0.00942	0.01130	0.01177	0.00659	0.00753	0.01130	0.01554	0.02071	0.04472	0.70954	0.05367	0.02542	0.01036	0.00330	0.00471	0.02307	0.00753	0.00659
47	0.03006	0.02197	0.02351	0.01811	0.02438	0.02428	0.01493	0.60620	0.03709	0.05009	0.01983	0.02002	0.01415	0.00973	0.00799	0.00241	0.00867	0.00732	0.04577	0.01349
48	0.02294	0.62139	0.03970	0.01490	0.02144	0.12597	0.01414	0.02547	0.01743	0.01920	0.01146	0.01325	0.01042	0.00715	0.00551	0.00179	0.00954	0.00447	0.00357	0.01027
49	0.01285	0.00860	0.01128	0.01044	0.01259	0.00789	0.00789	0.01664	0.02298	0.06745	0.62554	0.05880	0.07347	0.01623	0.00949	0.00255	0.00400	0.01432	0.00899	0.00799
50	0.03085	0.02273	0.02435	0.01867	0.02516	0.02516	0.01542	0.63716	0.03815	0.05114	0.01948	0.01948	0.01380	0.00974	0.00812	0.00244	0.00893	0.00731	0.00812	0.01380
51	0.77215	0.01569	0.01193	0.01067	0.01569	0.01820	0.00879	0.02385	0.01381	0.03641	0.01130	0.01318	0.00879	0.00753	0.00502	0.00251	0.00628	0.00439	0.00502	0.00879
52	0.01513	0.00756	0.00756	0.00756	0.00945	0.00756	0.00567	0.01891	0.01702	0.03025	0.02647	0.03025	0.02080	0.00945	0.00567	0.00189	0.00378	0.00756	0.75988	0.00756
53	0.00968	0.00822	0.00835	0.00832	0.01102	0.00689	0.00624	0.01182	0.01871	0.02243	0.11004	0.07725	0.63277	0.02036	0.00959	0.00273	0.00410	0.01701	0.00760	0.00689
54	0.03014	0.02231	0.02397	0.01834	0.02487	0.02444	0.01513	0.60627	0.03708	0.04990	0.01923	0.01935	0.01371	0.00955	0.00801	0.00237	0.00878	0.00718	0.00795	0.05139
55	0.01683	0.01442	0.01683	0.01202	0.01923	0.01082	0.00961	0.02043	0.01683	0.02644	0.01442	0.01683	0.01202	0.00601	0.00601	0.00120	0.00601	0.00481	0.00481	0.76444
56	0.01513	0.00756	0.00756	0.00756	0.00945	0.00756	0.00567	0.01891	0.01702	0.03025	0.02647	0.03025	0.02080	0.00945	0.00567	0.00189	0.00378	0.00756	0.75988	0.00756
57	0.00959	0.00822	0.00822	0.00822	0.01096	0.00685	0.00617	0.01165	0.01850	0.02192	0.08220	0.07809	0.66092	0.02055	0.00959	0.00274	0.00411	0.01713	0.00754	0.00685
58	0.01179	0.00792	0.00911	0.00911	0.00920	0.00801	0.00524	0.01197	0.01188	0.01593	0.02533	0.05178	0.02893	0.67413	0.08122	0.00819	0.00873	0.01161	0.00488	0.00506
59	0.01775	0.01775	0.02485	0.02130	0.02130	0.02485	0.01775	0.01953	0.01243	0.01953	0.01065	0.01775	0.01065	0.01420	0.02663	0.00355	0.69998	0.00710	0.00355	0.00888
60	0.01054	0.00763	0.01010	0.01184	0.01278	0.00719	0.00860	0.01249	0.01642	0.02156	0.04710	0.53245	0.09677	0.02443	0.01048	0.00335	0.00525	0.14671	0.00752	0.00680
61	0.01010	0.00828	0.00892	0.00888	0.01142	0.00711	0.00674	0.01256	0.01936	0.02406	0.19150	0.07529	0.52349	0.01987	0.00965	0.00274	0.00419	0.04101	0.00780	0.00703
62	0.02169	0.71972	0.04252	0.01388	0.02083	0.03211	0.01388	0.02430	0.01649	0.01909	0.01128	0.01302	0.01041	0.00694	0.00521	0.00174	0.00868	0.00434	0.00347	0.01041
63	0.01949	0.02268	0.12603	0.04520	0.54343	0.01928	0.05502	0.02507	0.01831	0.02637	0.01522	0.01974	0.01246	0.00728	0.00806	0.00245	0.01017	0.00716	0.00394	0.01264
64	0.01897	0.02314	0.08677	0.03351	0.04195	0.02042	0.59711	0.02597	0.01903	0.02597	0.01630	0.02159	0.01219	0.00689	0.00946	0.00273	0.01357	0.00935	0.00406	0.01101
65	0.01513	0.00756	0.00756	0.00756	0.00945	0.00756	0.00567	0.01891	0.01702	0.03025	0.02647	0.03025	0.02080	0.00945	0.00567	0.00189	0.00378	0.00756	0.75988	0.00756
66	0.01676	0.10296	0.61608	0.02230	0.03383	0.02004	0.02853	0.02557	0.01707	0.02510	0.01427	0.01676	0.01029	0.00764	0.00748	0.00249	0.01169	0.00585	0.00343	0.01185
67	0.01410	0.01219	0.01646	0.01671	0.05590	0.03810	0.01207	0.01644	0.01344	0.01905	0.01927	0.03068	0.01881	0.14043	0.38865	0.00928	0.15790	0.00860	0.00424	0.00767
68	0.01180	0.00787	0.00885	0.00885	0.00885	0.00787	0.00492	0.01180	0.01180	0.01573	0.02557	0.05310	0.02950	0.71483	0.04130	0.00787	0.00787	0.01180	0.00492	0.00492
69	0.01937	0.02152	0.09034	0.16966	0.45383	0.05531	0.02442	0.02459	0.01817	0.02496	0.01489	0.01981	0.01209	0.00751	0.00798	0.00246	0.01036	0.00700	0.00389	0.01185
70	0.02166	0.02112	0.03055	0.09410	0.49876	0.08531	0.02299	0.07823	0.02045	0.02753	0.01529	0.01961	0.01254	0.00763	0.00798	0.00240	0.01016	0.00704	0.00436	0.01230
71	0.01179	0.00825	0.01172	0.01232	0.01291	0.00893	0.00885	0.01258	0.01360	0.01873	0.02972	0.33572	0.03338	0.03461	0.19445	0.16681	0.05906	0.01473	0.00556	0.00628
72	0.02849	0.18274	0.02713	0.01942	0.02418	0.54472	0.01530	0.03069	0.02162	0.01970	0.01228	0.01429	0.01044	0.00806	0.00687	0.00202	0.01337	0.00504	0.00403	0.00962
73	0.00975	0.00821	0.00848	0.00864	0.01124	0.00694	0.00651	0.01184	0.01836	0.02196	0.07878	0.10907	0.60642	0.02086	0.00969	0.00281	0.00428	0.04176	0.00753	0.00686
74	0.02408	0.31376	0.05793	0.02423	0.15893	0.25025	0.01744	0.02724	0.01915	0.02117	0.01268	0.01522	0.01094	0.00752	0.00662	0.00203	0.01104	0.00532	0.00383	0.01065
75	0.01052	0.00803	0.00956	0.00962	0.01151	0.00718	0.00699	0.01313	0.01960	0.02593	0.31545	0.18242	0.28489	0.04507	0.01087	0.00295	0.00424	0.01696	0.00802	0.00707
76	0.00960	0.00817	0.00827	0.00835	0.01099	0.00684	0.00622	0.01163	0.01837	0.02187	0.08064	0.10435	0.63567	0.02075	0.00962	0.00276	0.00413	0.01737	0.00753	0.00684
77	0.01180	0.00787	0.00885	0.00885	0.00885	0.00787	0.00492	0.01180	0.01180	0.01573	0.02557	0.05310	0.02950	0.71483	0.04130	0.00787	0.00787	0.01180	0.00492	0.00492
78	0.01081	0.00827	0.00991	0.00950	0.01171	0.00737	0.00713	0.01401	0.02138	0.02876	0.45431	0.06683	0.28455	0.01800	0.00958	0.00262	0.00393	0.01555	0.00843	0.00737
79	0.01180	0.00787	0.00885	0.00885	0.00885	0.00787	0.00492	0.01180	0.01180	0.01573	0.02557	0.05310	0.02950	0.71483	0.04130	0.00787	0.00787	0.01180	0.00492	0.00492
80	0.02169	0.71972	0.04252	0.01388	0.02083	0.03211	0.01388	0.02430	0.01649	0.01909	0.01128	0.01302	0.01041	0.00694	0.00521	0.00174	0.00868	0.00434	0.00347	0.01041
81	0.77215	0.01569	0.01193	0.01067	0.01569	0.01820	0.00879	0.02385	0.01381	0.03641	0.01130	0.01318	0.00879	0.00753	0.00502	0.00251	0.00628	0.00439	0.00502	0.00879
82	0.00959	0.00822	0.00822	0.00822	0.01096	0.00685	0.00617	0.01165	0.01850	0.02192	0.08220	0.07809	0.66092	0.02055	0.00959	0.00274	0.00411	0.01713	0.00754	0.00685
83	0.02018	0.01743	0.01835	0.01651	0.02110	0.02018	0.01284	0.04312	0.64956	0.03394	0.03303	0.03027	0.02477	0.01101	0.00826	0.00275	0.00642	0.00917	0.00826	0.01284
84	0.01683	0.01442	0.01683	0.01202	0.01923	0.01082	0.00961	0.02043	0.01683	0.02644	0.01442	0.01683	0.01202	0.00601	0.00601	0.00120	0.00601	0.00481	0.00481	0.76444
85	0.01837	0.01754	0.02985	0.28152	0.44585	0.01883	0.02405	0.02341	0.01767	0.02444	0.01496	0.02064	0.01212	0.00755	0.00806	0.00252	0.01006	0.00722	0.00387	0.01147
86	0.18711	0.01511	0.01690	0.01356	0.01910	0.01506	0.01110	0.14693	0.02342	0.32352	0.03247	0.03029	0.10901	0.01097	0.00769	0.00253	0.00676	0.00849	0.00825	0.01174
87	0.01775	0.01775	0.02485	0.02130	0.02130	0.02485	0.01775	0.01953	0.01243	0.01953	0.01065	0.01775	0.01065	0.01420	0.02663	0.00355	0.69998	0.00710	0.00355	0.00888
88	0.01995	0.01954	0.03419	0.04548	0.53442	0.01951	0.11220	0.02619	0.05785	0.02690	0.01653	0.02098	0.01352	0.00741	0.00827	0.00248	0.01002	0.00769	0.00429	0.01258
89	0.00989	0.00706	0.00942	0.01130	0.01177	0.00659	0.00753	0.01130	0.01554	0.02071	0.04472	0.70954	0.05367	0.02542	0.01036	0.00330	0.00471	0.02307	0.00753	0.00659
90	0.01180	0.00787	0.00885	0.00885	0.00885	0.00787	0.00492	0.01180	0.01180	0.01573	0.02557	0.05310	0.02950	0.71483	0.04130	0.00787	0.00787	0.01180	0.00492	0.00492
91	0.02807	0.02070	0.02272	0.01786	0.02362	0.02299	0.01466	0.54726	0.03453	0.04647	0.01981	0.02127	0.01474	0.01712	0.10551	0.00397	0.01078	0.00751	0.00757	0.01285
92	0.03405	0.01460	0.02087	0.01954	0.11362	0.01299	0.01380	0.03743	0.02254	0.57696	0.02959	0.02653	0.01904	0.00964	0.00814	0.00250	0.00730	0.00803	0.00917	0.01367
93	0.01776	0.01770	0.02916	0.02323	0.05437	0.01851	0.19845	0.02177	0.01604	0.02382	0.01412	0.01932	0.01201	0.01096	0.03887	0.00290	0.23024	0.00720	0.00415	0.23943
94	0.01161	0.00837	0.01133	0.01113	0.01236	0.00882	0.00808	0.01407	0.01575	0.02223	0.21682	0.04591	0.03970	0.21038	0.31808	0.00856	0.01283	0.01129	0.00588	0.00679
95	0.01716	0.01712	0.02696	0.02198	0.02356	0.02157	0.13435	0.01965	0.01363	0.02022	0.01391	0.02365	0.01369	0.11394	0.02547	0.00402	0.46830	0.00825	0.00385	0.00870
96	0.01943	0.12238	0.04567	0.03046	0.03798	0.02246	0.50671	0.02534	0.01835	0.02459	0.01532	0.02035	0.01193	0.00731	0.01001	0.00264	0.05567	0.00867	0.00398	0.01074
97	0.02441	0.02812	0.02017	0.01831	0.02176	0.41380	0.01401	0.07101	0.02114	0.02205	0.01923	0.02276	0.05327	0.02065	0.15144	0.00455	0.05260	0.00696	0.00468	0.00908
98	0.01057	0.00853	0.00959	0.01011	0.01260	0.00755	0.00811	0.01310	0.01855	0.02258	0.07117	0.08187	0.48825	0.02107	0.01004	0.00302	0.00506	0.18368	0.00752	0.00702
99	0.01871	0.34632	0.38976	0.01898	0.02870	0.02480	0.02275	0.02507	0.01684	0.02273	0.01309	0.01528	0.01034	0.00736	0.00659	0.00220	0.01050	0.00525	0.00345	0.01128
100	0.01827	0.02861	0.26668	0.03254	0.12960	0.01975	0.33287	0.02573	0.01834	0.02596	0.01559	0.01995	0.01167	0.00720	0.00869	0.00263	0.01250	0.00797	0.00385	0.01159
101	0.66430	0.01759	0.01425	0.01427	0.06396	0.06541	0.01046	0.02454	0.01480	0.03451	0.01168	0.01379	0.00920	0.00757	0.00541	0.00247	0.00712	0.00466	0.00489	0.00913
102	0.01409	0.00705	0.01057	0.01057	0.01057	0.00705	0.00705	0.01057	0.01057	0.01409	0.01409	0.02467	0.01409	0.02819	0.03171	0.76392	0.00705	0.00705	0.00352	0.00352
103	0.01370	0.11079	0.01489	0.01115	0.01335	0.01095	0.00838	0.01578	0.01750	0.06280	0.15887	0.32277	0.10330	0.08387	0.01214	0.00325	0.00549	0.01623	0.00713	0.00766
104	0.01228	0.00971	0.01437	0.01397	0.01525	0.01180	0.01100	0.01506	0.01297	0.01891	0.02049	0.03029	0.01920	0.05562	0.60899	0.01197	0.09792	0.00851	0.00426	0.00743
105	0.01159	0.00869	0.01304	0.01304	0.01449	0.01014	0.01014	0.01449	0.01304	0.01884	0.02173	0.03188	0.02029	0.06086	0.68268	0.01304	0.02173	0.00869	0.00435	0.00724
106	0.01135	0.00829	0.01065	0.01006	0.01204	0.00760	0.00755	0.01504	0.02264	0.03176	0.61753	0.06189	0.11946	0.01688	0.00957	0.00257	0.00385	0.01485	0.00883	0.00760
107	0.03031	0.03867	0.02299	0.02090	0.02508	0.68226	0.01568	0.03240	0.02299	0.01986	0.01254	0.01463	0.01045	0.00836	0.00732	0.00209	0.01463	0.00523	0.00418	0.00941
108	0.02214	0.22346	0.02775	0.12999	0.07708	0.23857	0.01589	0.02532	0.01852	0.02097	0.01437	0.01812	0.01214	0.01176	0.05636	0.00290	0.01167	0.00587	0.05751	0.00961
109	0.01830	0.04150	0.57898	0.02281	0.03367	0.11462	0.02792	0.02666	0.01798	0.02485	0.01427	0.01677	0.01030	0.00780	0.00765	0.00250	0.01237	0.00588	0.00354	0.01162
110	0.01911	0.01960	0.06608	0.03497	0.38062	0.06549	0.02004	0.06600	0.01956	0.02651	0.02213	0.15479	0.02183	0.01164	0.00854	0.00262	0.00907	0.03510	0.00510	0.01119
111	0.02212	0.02314	0.03096	0.04405	0.53693	0.15131	0.02307	0.02640	0.01938	0.02518	0.01472	0.01900	0.01237	0.00746	0.00789	0.00235	0.01063	0.00683	0.00405	0.01217

[dist]
# distance from previous block
# <min> <max>
10	22

[block]
# block no. 1 follows, 23 sequences, length 52
# corresponding to MSA columns:
# 134-185
name=unknown_B
#
# <colnr> <probs for GDERKNQSTAVLIFYWHMCP>
#	G	D	E	R	K	N	Q	S	T	A	V	L	I	F	Y	W	H	M	C	P
0	0.03031	0.03867	0.02299	0.02090	0.02508	0.68226	0.01568	0.03240	0.02299	0.01986	0.01254	0.01463	0.01045	0.00836	0.00732	0.00209	0.01463	0.00523	0.00418	0.00941
1	0.00978	0.00828	0.00849	0.00859	0.01128	0.00699	0.00655	0.01193	0.01851	0.02205	0.08002	0.07884	0.62685	0.02065	0.00968	0.00280	0.00430	0.05000	0.00753	0.00688
2	0.01477	0.00768	0.00812	0.00812	0.00996	0.00782	0.00612	0.01846	0.01661	0.02910	0.02599	0.03042	0.02075	0.01465	0.07412	0.00302	0.00560	0.00768	0.68350	0.00753
3	0.03037	0.03702	0.02314	0.02067	0.02509	0.61422	0.01565	0.09502	0.02456	0.02310	0.01326	0.01513	0.01080	0.00850	0.00740	0.00213	0.01404	0.00544	0.00459	0.00986
4	0.03061	0.02204	0.02379	0.01836	0.02475	0.02428	0.01513	0.57932	0.06680	0.08064	0.02075	0.02040	0.01463	0.00982	0.00813	0.00245	0.00871	0.00744	0.00822	0.01375
5	0.01971	0.57983	0.03672	0.01372	0.01958	0.02779	0.01315	0.02237	0.01581	0.01904	0.01334	0.01673	0.01236	0.01755	0.13849	0.00396	0.01125	0.00520	0.00364	0.00979
6	0.01032	0.00793	0.00916	0.00945	0.01119	0.00708	0.00669	0.01241	0.01811	0.02339	0.19814	0.21880	0.32035	0.09419	0.01312	0.00337	0.00458	0.01739	0.00757	0.00677
7	0.02934	0.01782	0.02056	0.01613	0.02226	0.01821	0.01314	0.25700	0.14587	0.25873	0.02584	0.02405	0.01785	0.00971	0.00795	0.00240	0.00746	0.00770	0.00847	0.08951
8	0.01180	0.00787	0.00885	0.00885	0.00885	0.00787	0.00492	0.01180	0.01180	0.01573	0.02557	0.05310	0.02950	0.71483	0.04130	0.00787	0.00787	0.01180	0.00492	0.00492
9	0.00986	0.00748	0.00910	0.01027	0.01153	0.00672	0.00710	0.01158	0.01680	0.02161	0.08348	0.48072	0.24748	0.02349	0.01008	0.00309	0.00448	0.02081	0.00759	0.00672
10	0.00987	0.00712	0.00935	0.01114	0.01173	0.00660	0.00746	0.01132	0.01569	0.02078	0.04669	0.67646	0.08547	0.02517	0.01032	0.00327	0.00468	0.02276	0.00753	0.00660
11	0.01180	0.00787	0.00885	0.00885	0.00885	0.00787	0.00492	0.01180	0.01180	0.01573	0.02557	0.05310	0.02950	0.71483	0.04130	0.00787	0.00787	0.01180	0.00492	0.00492
12	0.01775	0.01775	0.02485	0.02130	0.02130	0.02485	0.01775	0.01953	0.01243	0.01953	0.01065	0.01775	0.01065	0.01420	0.02663	0.00355	0.69998	0.00710	0.00355	0.00888
13	0.01159	0.00869	0.01304	0.01304	0.01449	0.01014	0.01014	0.01449	0.01304	0.01884	0.02173	0.03188	0.02029	0.06086	0.68268	0.01304	0.02173	0.00869	0.00435	0.00724
14	0.00989	0.00706	0.00942	0.01130	0.01177	0.00659	0.00753	0.01130	0.01554	0.02071	0.04472	0.70954	0.05367	0.02542	0.01036	0.00330	0.00471	0.02307	0.00753	0.00659
15	0.02008	0.01928	0.03294	0.04981	0.66422	0.01928	0.02490	0.02490	0.01848	0.02651	0.01526	0.02008	0.01285	0.00723	0.00803	0.00241	0.00964	0.00723	0.00402	0.01285
16	0.08578	0.02253	0.02039	0.01722	0.02188	0.17211	0.01371	0.30273	0.02682	0.03518	0.01776	0.02077	0.01415	0.02124	0.16600	0.00485	0.01303	0.00692	0.00608	0.01085
17	0.01984	0.01903	0.03250	0.08286	0.63307	0.01922	0.02478	0.02469	0.01836	0.02621	0.01522	0.02016	0.01275	0.00727	0.00804	0.00242	0.00970	0.00723	0.00400	0.01266
18	0.77215	0.01569	0.01193	0.01067	0.01569	0.01820	0.00879	0.02385	0.01381	0.03641	0.01130	0.01318	0.00879	0.00753	0.00502	0.00251	0.00628	0.00439	0.00502	0.00879
19	0.01166	0.00842	0.01168	0.01168	0.01266	0.00940	0.00844	0.01361	0.01264	0.01783	0.02298	0.03878	0.02328	0.27354	0.47409	0.01136	0.01722	0.00970	0.00453	0.00649
20	0.01894	0.02435	0.18264	0.07797	0.48413	0.01911	0.02597	0.02487	0.01804	0.02601	0.01505	0.01947	0.01214	0.00739	0.00796	0.00246	0.01025	0.00694	0.00386	0.01245
21	0.01513	0.00756	0.00756	0.00756	0.00945	0.00756	0.00567	0.01891	0.01702	0.03025	0.02647	0.03025	0.02080	0.00945	0.00567	0.00189	0.00378	0.00756	0.75988	0.00756
22	0.01072	0.00858	0.00980	0.01041	0.01286	0.00766	0.00841	0.01333	0.01855	0.02269	0.06944	0.08246	0.46117	0.02116	0.01012	0.00306	0.00520	0.20981	0.00751	0.00705
23	0.01159	0.00869	0.01304	0.01304	0.01449	0.01014	0.01014	0.01449	0.01304	0.01884	0.02173	0.03188	0.02029	0.06086	0.68268	0.01304	0.02173	0.00869	0.00435	0.00724
24	0.03641	0.01381	0.01883	0.01444	0.02071	0.01193	0.01193	0.03954	0.02322	0.66984	0.03201	0.02762	0.02009	0.01004	0.00816	0.00251	0.00690	0.00816	0.01004	0.01381
25	0.01683	0.01442	0.01683	0.01202	0.01923	0.01082	0.00961	0.02043	0.01683	0.02644	0.01442	0.01683	0.01202	0.00601	0.00601	0.00120	0.00601	0.00481	0.00481	0.76444
26	0.01159	0.00869	0.01304	0.01304	0.01449	0.01014	0.01014	0.01449	0.01304	0.01884	0.02173	0.03188	0.02029	0.06086	0.68268	0.01304	0.02173	0.00869	0.00435	0.00724
27	0.00989	0.00706	0.00942	0.01130	0.01177	0.00659	0.00753	0.01130	0.01554	0.02071	0.04472	0.70954	0.05367	0.02542	0.01036	0.00330	0.00471	0.02307	0.00753	0.00659
28	0.03641	0.01381	0.01883	0.01444	0.02071	0.01193	0.01193	0.03954	0.02322	0.66984	0.03201	0.02762	0.02009	0.01004	0.00816	0.00251	0.00690	0.00816	0.01004	0.01381
29	0.01015	0.00871	0.00876	0.00866	0.01150	0.00756	0.00652	0.01332	0.05215	0.02256	0.07958	0.07554	0.62700	0.02004	0.00952	0.00274	0.00423	0.01670	0.00757	0.00717
30	0.03085	0.02273	0.02435	0.01867	0.02516	0.02516	0.01542	0.63716	0.03815	0.05114	0.01948	0.01948	0.01380	0.00974	0.00812	0.00244	0.00893	0.00731	0.00812	0.01380
31	0.01915	0.02189	0.04788	0.03420	0.04241	0.02052	0.63475	0.02599	0.01915	0.02599	0.01642	0.02189	0.01231	0.00684	0.00958	0.00274	0.01368	0.00958	0.00410	0.01094
32	0.00989	0.00706	0.00942	0.01130	0.01177	0.00659	0.00753	0.01130	0.01554	0.02071	0.04472	0.70954	0.05367	0.02542	0.01036	0.00330	0.00471	0.02307	0.00753	0.00659
33	0.03215	0.02063	0.02306	0.01768	0.02412	0.02206	0.01460	0.49691	0.03465	0.19634	0.02242	0.02139	0.01527	0.00981	0.00813	0.00245	0.00845	0.00751	0.00857	0.01380
34	0.01159	0.00869	0.01304	0.01304	0.01449	0.01014	0.01014	0.01449	0.01304	0.01884	0.02173	0.03188	0.02029	0.06086	0.68268	0.01304	0.02173	0.00869	0.00435	0.00724
35	0.01180	0.00787	0.00885	0.00885	0.00885	0.00787	0.00492	0.01180	0.01180	0.01573	0.02557	0.05310	0.02950	0.71483	0.04130	0.00787	0.00787	0.01180	0.00492	0.00492
36	0.01220	0.04260	0.01175	0.01128	0.01260	0.00837	0.00797	0.01413	0.01715	0.05579	0.15303	0.49279	0.05287	0.05375	0.01127	0.00325	0.00500	0.01935	0.00760	0.00726
37	0.02024	0.02519	0.26671	0.01980	0.02571	0.01856	0.02045	0.02528	0.01639	0.14972	0.01745	0.02089	0.01334	0.01565	0.08219	0.00394	0.23572	0.00705	0.00486	0.01086
38	0.01595	0.01730	0.01288	0.01219	0.01528	0.20809	0.00915	0.01819	0.02028	0.02236	0.11867	0.05746	0.40932	0.01653	0.00891	0.00253	0.00722	0.01334	0.00667	0.00769
39	0.02686	0.03122	0.02365	0.02079	0.02404	0.43218	0.01623	0.08995	0.02157	0.02293	0.01272	0.01599	0.01085	0.01013	0.01279	0.00253	0.20551	0.00596	0.00440	0.00970
40	0.01024	0.00792	0.00945	0.01050	0.01218	0.00712	0.00778	0.01229	0.01732	0.02179	0.06095	0.33737	0.31985	0.02282	0.01015	0.00312	0.00487	0.10993	0.00752	0.00684
41	0.00997	0.00823	0.00874	0.00861	0.01119	0.00701	0.00646	0.01237	0.01938	0.02403	0.19687	0.07462	0.54494	0.01976	0.00959	0.00270	0.00405	0.01664	0.00781	0.00701
42	0.02169	0.71972	0.04252	0.01388	0.02083	0.03211	0.01388	0.02430	0.01649	0.01909	0.01128	0.01302	0.01041	0.00694	0.00521	0.00174	0.00868	0.00434	0.00347	0.01041
43	0.01198	0.00989	0.01074	0.01054	0.01323	0.00955	0.00787	0.01830	0.14287	0.02561	0.14827	0.15098	0.37257	0.01877	0.00943	0.00279	0.00461	0.01602	0.00787	0.00811
44	0.01094	0.00827	0.01009	0.00964	0.01179	0.00743	0.00723	0.01426	0.02169	0.02950	0.49435	0.06562	0.24405	0.01772	0.00958	0.00261	0.00391	0.01538	0.00853	0.00743
45	0.01094	0.00759	0.00947	0.01030	0.01064	0.00751	0.00654	0.01182	0.01355	0.01820	0.03365	0.34009	0.03931	0.35295	0.08504	0.00632	0.00772	0.01648	0.00602	0.00586
46	0.77215	0.01569	0.01193	0.01067	0.01569	0.01820	0.00879	0.02385	0.01381	0.03641	0.01130	0.01318	0.00879	0.00753	0.00502	0.00251	0.00628	0.00439	0.00502	0.00879
47	0.01683	0.01442	0.01683	0.01202	0.01923	0.01082	0.00961	0.02043	0.01683	0.02644	0.01442	0.01683	0.01202	0.00601	0.00601	0.00120	0.00601	0.00481	0.00481	0.76444
48	0.01609	0.01380	0.01596	0.01163	0.01839	0.01042	0.00927	0.01954	0.01699	0.02598	0.02127	0.02302	0.07762	0.00748	0.00637	0.00136	0.00582	0.00605	0.00508	0.68785
49	0.02018	0.01743	0.01835	0.01651	0.02110	0.02018	0.01284	0.04312	0.64956	0.03394	0.03303	0.03027	0.02477	0.01101	0.00826	0.00275	0.00642	0.00917	0.00826	0.01284
50	0.00990	0.00778	0.00899	0.00990	0.01162	0.00687	0.00712	0.01177	0.01723	0.02152	0.06398	0.35122	0.36677	0.02275	0.01001	0.00303	0.00454	0.05072	0.00753	0.00677
51	0.18892	0.00999	0.00959	0.00918	0.01229	0.00967	0.00707	0.01521	0.01825	0.02735	0.17606	0.05951	0.39610	0.01674	0.00851	0.00265	0.00456	0.01367	0.00721	0.00746

[dist]
# distance from previous block
# <min> <max>
0	1

[block]
# block no. 2 follows, 23 sequences, length 63
# corresponding to MSA columns:
# 187-249
name=unknown_C
#
# <colnr> <probs for GDERKNQSTAVLIFYWHMCP>
#	G	D	E	R	K	N	Q	S	T	A	V	L	I	F	Y	W	H	M	C	P
0	0.00989	0.00706	0.00942	0.01130	0.01177	0.00659	0.00753	0.01130	0.01554	0.02071	0.04472	0.70954	0.05367	0.02542	0.01036	0.00330	0.00471	0.02307	0.00753	0.00659
1	0.01626	0.01642	0.03044	0.02388	0.02778	0.01810	0.27158	0.02052	0.01543	0.02198	0.01678	0.02423	0.01459	0.02685	0.24046	0.00641	0.18639	0.00867	0.00405	0.00919
2	0.03031	0.03867	0.02299	0.02090	0.02508	0.68226	0.01568	0.03240	0.02299	0.01986	0.01254	0.01463	0.01045	0.00836	0.00732	0.00209	0.01463	0.00523	0.00418	0.00941
3	0.01342	0.00979	0.01223	0.01061	0.01387	0.00843	0.00813	0.01705	0.02136	0.05442	0.45886	0.05133	0.10202	0.01438	0.00876	0.00228	0.00443	0.01251	0.00800	0.16812
4	0.02293	0.02455	0.13644	0.02334	0.03083	0.02178	0.19218	0.24033	0.15657	0.03627	0.02063	0.02202	0.01508	0.00885	0.00849	0.00261	0.01025	0.00812	0.00624	0.01250
5	0.02264	0.02451	0.02896	0.03953	0.44839	0.21369	0.02139	0.02654	0.01981	0.02436	0.01732	0.02096	0.03982	0.00813	0.00789	0.00233	0.01087	0.00706	0.00422	0.01158
6	0.01310	0.00872	0.01094	0.01014	0.01257	0.00783	0.00769	0.01650	0.02206	0.08175	0.48904	0.06159	0.19362	0.01688	0.00946	0.00259	0.00413	0.01466	0.00873	0.00798
7	0.00959	0.00822	0.00822	0.00822	0.01096	0.00685	0.00617	0.01165	0.01850	0.02192	0.08220	0.07809	0.66092	0.02055	0.00959	0.00274	0.00411	0.01713	0.00754	0.00685
8	0.01008	0.00741	0.00945	0.01070	0.01171	0.00678	0.00735	0.01194	0.01705	0.02263	0.14066	0.52341	0.14417	0.02342	0.01013	0.00311	0.00449	0.02098	0.00774	0.00678
9	0.03034	0.03770	0.02308	0.02077	0.02509	0.64237	0.01566	0.06911	0.02391	0.02176	0.01296	0.01493	0.01066	0.00845	0.00737	0.00211	0.01429	0.00535	0.00442	0.00967
10	0.01029	0.00805	0.00847	0.00857	0.01034	0.00715	0.00584	0.01168	0.01626	0.01993	0.06269	0.10101	0.43418	0.23761	0.01953	0.00437	0.00531	0.01575	0.00672	0.00623
11	0.01511	0.01813	0.17254	0.01646	0.05487	0.01219	0.04541	0.02082	0.04376	0.05517	0.20676	0.04161	0.11676	0.04023	0.00970	0.00272	0.00702	0.01075	0.10060	0.00939
12	0.01409	0.00705	0.01057	0.01057	0.01057	0.00705	0.00705	0.01057	0.01057	0.01409	0.01409	0.02467	0.01409	0.02819	0.03171	0.76392	0.00705	0.00705	0.00352	0.00352
13	0.02091	0.06008	0.11606	0.04030	0.44582	0.10275	0.04759	0.02595	0.01879	0.02518	0.01468	0.01873	0.01207	0.00740	0.00782	0.00237	0.01068	0.00676	0.00394	0.01211
14	0.01812	0.03096	0.36219	0.03608	0.34050	0.01906	0.02752	0.02531	0.01778	0.02609	0.01490	0.01856	0.01153	0.00748	0.00787	0.00249	0.01085	0.00659	0.00371	0.01241
15	0.02980	0.03770	0.02349	0.02235	0.05702	0.64913	0.01614	0.03203	0.02277	0.02019	0.01268	0.01491	0.01057	0.00831	0.00735	0.00211	0.01438	0.00533	0.00417	0.00958
16	0.01159	0.00869	0.01304	0.01304	0.01449	0.01014	0.01014	0.01449	0.01304	0.01884	0.02173	0.03188	0.02029	0.06086	0.68268	0.01304	0.02173	0.00869	0.00435	0.00724
17	0.01160	0.00790	0.00879	0.00879	0.00904	0.00777	0.00503	0.01179	0.01242	0.01630	0.03079	0.05540	0.08772	0.65082	0.03838	0.00739	0.00752	0.01229	0.00516	0.00509
18	0.01627	0.04197	0.67279	0.02313	0.03512	0.01884	0.02998	0.02570	0.01713	0.02570	0.01456	0.01713	0.01028	0.00771	0.00771	0.00257	0.01199	0.00600	0.00343	0.01199
19	0.01409	0.00705	0.01057	0.01057	0.01057	0.00705	0.00705	0.01057	0.01057	0.01409	0.01409	0.02467	0.01409	0.02819	0.03171	0.76392	0.00705	0.00705	0.00352	0.00352
20	0.01070	0.00826	0.00975	0.00938	0.01164	0.00732	0.00704	0.01379	0.02111	0.02812	0.41941	0.06789	0.31985	0.01824	0.00958	0.00263	0.00395	0.01569	0.00835	0.00732
21	0.02169	0.71972	0.04252	0.01388	0.02083	0.03211	0.01388	0.02430	0.01649	0.01909	0.01128	0.01302	0.01041	0.00694	0.00521	0.00174	0.00868	0.00434	0.00347	0.01041
22	0.00991	0.00737	0.00924	0.01060	0.01162	0.00670	0.00725	0.01158	0.01653	0.02157	0.08407	0.54485	0.18122	0.02395	0.01016	0.00314	0.00454	0.02140	0.00760	0.00670
23	0.01758	0.05234	0.01904	0.01603	0.01921	0.18058	0.05272	0.02006	0.01754	0.02114	0.02773	0.21506	0.06892	0.02044	0.09391	0.00386	0.05077	0.01175	0.00535	0.08598
24	0.01507	0.01183	0.01508	0.01389	0.01526	0.01379	0.01057	0.08899	0.01619	0.02241	0.02517	0.07183	0.05036	0.23404	0.18899	0.00701	0.14643	0.04022	0.00526	0.00762
25	0.00989	0.00706	0.00942	0.01130	0.01177	0.00659	0.00753	0.01130	0.01554	0.02071	0.04472	0.70954	0.05367	0.02542	0.01036	0.00330	0.00471	0.02307	0.00753	0.00659
26	0.00989	0.00706	0.00942	0.01130	0.01177	0.00659	0.00753	0.01130	0.01554	0.02071	0.04472	0.70954	0.05367	0.02542	0.01036	0.00330	0.00471	0.02307	0.00753	0.00659
27	0.02266	0.02445	0.02940	0.03902	0.42450	0.20185	0.02166	0.02642	0.01911	0.02399	0.01406	0.01835	0.01197	0.00824	0.00969	0.00244	0.08000	0.00667	0.00402	0.01151
28	0.01443	0.01146	0.01302	0.01272	0.01563	0.01179	0.01010	0.05149	0.17443	0.02749	0.10599	0.06387	0.22302	0.05995	0.01153	0.00328	0.00598	0.16733	0.00769	0.00878
29	0.01409	0.00705	0.01057	0.01057	0.01057	0.00705	0.00705	0.01057	0.01057	0.01409	0.01409	0.02467	0.01409	0.02819	0.03171	0.76392	0.00705	0.00705	0.00352	0.00352
30	0.03031	0.03867	0.02299	0.02090	0.02508	0.68226	0.01568	0.03240	0.02299	0.01986	0.01254	0.01463	0.01045	0.00836	0.00732	0.00209	0.01463	0.00523	0.00418	0.00941
31	0.00985	0.00817	0.00863	0.00865	0.01116	0.00694	0.00643	0.01210	0.01892	0.02324	0.15559	0.11028	0.55147	0.02030	0.00963	0.00275	0.00411	0.01713	0.00772	0.00694
32	0.02682	0.03134	0.02139	0.01939	0.02371	0.45387	0.01470	0.03610	0.23913	0.02472	0.01961	0.02003	0.01539	0.00927	0.00764	0.00232	0.01180	0.00659	0.00559	0.01059
33	0.02302	0.02536	0.02843	0.12049	0.36774	0.24782	0.02142	0.02697	0.01975	0.02349	0.01422	0.01840	0.01177	0.00773	0.00780	0.00234	0.01151	0.00654	0.00402	0.01118
34	0.01695	0.12665	0.59404	0.02197	0.03333	0.02050	0.02797	0.02552	0.01705	0.02487	0.01415	0.01662	0.01030	0.00761	0.00740	0.00247	0.01158	0.00579	0.00343	0.01179
35	0.01915	0.02189	0.04788	0.03420	0.04241	0.02052	0.63475	0.02599	0.01915	0.02599	0.01642	0.02189	0.01231	0.00684	0.00958	0.00274	0.01368	0.00958	0.00410	0.01094
36	0.01124	0.00763	0.00902	0.00957	0.00971	0.00749	0.00569	0.01165	0.01290	0.01720	0.03121	0.24644	0.03662	0.51178	0.03219	0.00652	0.00694	0.01512	0.00569	0.00541
37	0.01060	0.00854	0.00960	0.01017	0.01242	0.00771	0.00775	0.01362	0.04294	0.02253	0.06705	0.19904	0.42519	0.02139	0.00993	0.00300	0.00483	0.10900	0.00755	0.00713
38	0.02169	0.71972	0.04252	0.01388	0.02083	0.03211	0.01388	0.02430	0.01649	0.01909	0.01128	0.01302	0.01041	0.00694	0.00521	0.00174	0.00868	0.00434	0.00347	0.01041
39	0.03641	0.01381	0.01883	0.01444	0.02071	0.01193	0.01193	0.03954	0.02322	0.66984	0.03201	0.02762	0.02009	0.01004	0.00816	0.00251	0.00690	0.00816	0.01004	0.01381
40	0.01513	0.00756	0.00756	0.00756	0.00945	0.00756	0.00567	0.01891	0.01702	0.03025	0.02647	0.03025	0.02080	0.00945	0.00567	0.00189	0.00378	0.00756	0.75988	0.00756
41	0.00989	0.00706	0.00942	0.01130	0.01177	0.00659	0.00753	0.01130	0.01554	0.02071	0.04472	0.70954	0.05367	0.02542	0.01036	0.00330	0.00471	0.02307	0.00753	0.00659
42	0.00989	0.00706	0.00942	0.01130	0.01177	0.00659	0.00753	0.01130	0.01554	0.02071	0.04472	0.70954	0.05367	0.02542	0.01036	0.00330	0.00471	0.02307	0.00753	0.00659
43	0.03641	0.01381	0.01883	0.01444	0.02071	0.01193	0.01193	0.03954	0.02322	0.66984	0.03201	0.02762	0.02009	0.01004	0.00816	0.00251	0.00690	0.00816	0.01004	0.01381
44	0.77215	0.01569	0.01193	0.01067	0.01569	0.01820	0.00879	0.02385	0.01381	0.03641	0.01130	0.01318	0.00879	0.00753	0.00502	0.00251	0.00628	0.00439	0.00502	0.00879
45	0.02018	0.01743	0.01835	0.01651	0.02110	0.02018	0.01284	0.04312	0.64956	0.03394	0.03303	0.03027	0.02477	0.01101	0.00826	0.00275	0.00642	0.00917	0.00826	0.01284
46	0.01627	0.04197	0.67279	0.02313	0.03512	0.01884	0.02998	0.02570	0.01713	0.02570	0.01456	0.01713	0.01028	0.00771	0.00771	0.00257	0.01199	0.00600	0.00343	0.01199
47	0.01159	0.00869	0.01304	0.01304	0.01449	0.01014	0.01014	0.01449	0.01304	0.01884	0.02173	0.03188	0.02029	0.06086	0.68268	0.01304	0.02173	0.00869	0.00435	0.00724
48	0.01709	0.00946	0.00966	0.00895	0.01142	0.00976	0.00689	0.09615	0.01966	0.03286	0.02560	0.02891	0.01992	0.00949	0.00598	0.00196	0.00442	0.00753	0.66595	0.00834
49	0.00989	0.00706	0.00942	0.01130	0.01177	0.00659	0.00753	0.01130	0.01554	0.02071	0.04472	0.70954	0.05367	0.02542	0.01036	0.00330	0.00471	0.02307	0.00753	0.00659
50	0.02018	0.01743	0.01835	0.01651	0.02110	0.02018	0.01284	0.04312	0.64956	0.03394	0.03303	0.03027	0.02477	0.01101	0.00826	0.00275	0.00642	0.00917	0.00826	0.01284
51	0.01180	0.00787	0.00885	0.00885	0.00885	0.00787	0.00492	0.01180	0.01180	0.01573	0.02557	0.05310	0.02950	0.71483	0.04130	0.00787	0.00787	0.01180	0.00492	0.00492
52	0.01683	0.01442	0.01683	0.01202	0.01923	0.01082	0.00961	0.02043	0.01683	0.02644	0.01442	0.01683	0.01202	0.00601	0.00601	0.00120	0.00601	0.00481	0.00481	0.76444
53	0.01160	0.00864	0.01279	0.01279	0.01415	0.01000	0.00983	0.01433	0.01297	0.01865	0.02197	0.03317	0.02084	0.10056	0.64374	0.01273	0.02089	0.00888	0.00438	0.00710
54	0.01013	0.00716	0.00934	0.01099	0.01140	0.00675	0.00721	0.01136	0.01507	0.02009	0.04233	0.62752	0.05065	0.11156	0.01422	0.00387	0.00510	0.02166	0.00721	0.00638
55	0.02980	0.03760	0.02276	0.02068	0.02488	0.64887	0.01554	0.03294	0.05459	0.02057	0.01358	0.01542	0.01117	0.00850	0.00736	0.00212	0.01422	0.00543	0.00439	0.00958
56	0.01018	0.00724	0.00961	0.01139	0.01192	0.00683	0.00773	0.01166	0.01552	0.02066	0.04357	0.63618	0.05192	0.06288	0.01210	0.00357	0.00505	0.05806	0.00739	0.00655
57	0.02837	0.02126	0.02303	0.01750	0.02412	0.02264	0.01440	0.52848	0.03439	0.04679	0.01859	0.01901	0.01349	0.00908	0.00775	0.00222	0.00841	0.00687	0.00753	0.14607
58	0.01684	0.01641	0.02310	0.02008	0.02029	0.02268	0.01663	0.01878	0.01252	0.01943	0.01229	0.01984	0.01208	0.02111	0.12376	0.00496	0.59956	0.00734	0.00367	0.00863
59	0.01180	0.00787	0.00885	0.00885	0.00885	0.00787	0.00492	0.01180	0.01180	0.01573	0.02557	0.05310	0.02950	0.71483	0.04130	0.00787	0.00787	0.01180	0.00492	0.00492
60	0.07976	0.03621	0.02234	0.02009	0.02446	0.59970	0.01520	0.06710	0.02327	0.02279	0.01286	0.01482	0.01054	0.00839	0.00721	0.00214	0.01374	0.00529	0.00447	0.00962
61	0.02303	0.02321	0.02423	0.02043	0.02345	0.18589	0.04958	0.15333	0.02093	0.02658	0.01454	0.01914	0.01243	0.01659	0.08990	0.00396	0.27100	0.00699	0.00479	0.00998
62	0.72147	0.01520	0.01185	0.01064	0.01545	0.01750	0.00871	0.02328	0.01442	0.03615	0.05451	0.01634	0.01330	0.00814	0.00532	0.00251	0.00611	0.00508	0.00528	0.00871

[dist]
# distance from previous block
# <min> <max>
0	49

[block]
# block no. 3 follows, 23 sequences, length 66
# corresponding to MSA columns:
# 299-364
name=unknown_D
#
# <colnr> <probs for GDERKNQSTAVLIFYWHMCP>
#	G	D	E	R	K	N	Q	S	T	A	V	L	I	F	Y	W	H	M	C	P
0	0.02076	0.02329	0.02113	0.25206	0.03325	0.29580	0.01675	0.02419	0.01833	0.01992	0.01534	0.02108	0.01287	0.02054	0.16534	0.00486	0.01497	0.00672	0.00402	0.00877
1	0.02555	0.08544	0.02705	0.02704	0.20108	0.25648	0.01745	0.14139	0.02343	0.02811	0.01467	0.01712	0.01189	0.00796	0.00736	0.00213	0.01085	0.00605	0.00487	0.08409
2	0.01792	0.13116	0.37613	0.02484	0.03446	0.02149	0.19703	0.02528	0.01738	0.02454	0.01443	0.01792	0.01089	0.00767	0.00881	0.00255	0.04573	0.00682	0.00363	0.01132
3	0.01180	0.00787	0.00885	0.00885	0.00885	0.00787	0.00492	0.01180	0.01180	0.01573	0.02557	0.05310	0.02950	0.71483	0.04130	0.00787	0.00787	0.01180	0.00492	0.00492
4	0.03047	0.03407	0.02339	0.02026	0.02511	0.49274	0.01560	0.20683	0.02737	0.02888	0.01454	0.01603	0.01142	0.00876	0.00755	0.00219	0.01299	0.00583	0.00532	0.01067
5	0.01180	0.00787	0.00885	0.00885	0.00885	0.00787	0.00492	0.01180	0.01180	0.01573	0.02557	0.05310	0.02950	0.71483	0.04130	0.00787	0.00787	0.01180	0.00492	0.00492
6	0.47519	0.02602	0.27156	0.01556	0.02332	0.01845	0.01711	0.02458	0.01511	0.03220	0.01258	0.01473	0.00937	0.00760	0.00608	0.00253	0.00852	0.00502	0.00439	0.01005
7	0.02151	0.02090	0.01867	0.01689	0.02130	0.14307	0.01302	0.03943	0.49885	0.03067	0.03183	0.02991	0.05611	0.01102	0.00815	0.00263	0.00783	0.00886	0.00746	0.01188
8	0.03287	0.01949	0.02234	0.01713	0.02355	0.02035	0.01415	0.41992	0.03272	0.27604	0.02404	0.02244	0.01608	0.00985	0.00813	0.00246	0.00819	0.00762	0.00882	0.01380
9	0.00959	0.00822	0.00822	0.00822	0.01096	0.00685	0.00617	0.01165	0.01850	0.02192	0.08220	0.07809	0.66092	0.02055	0.00959	0.00274	0.00411	0.01713	0.00754	0.00685
10	0.01627	0.04197	0.67279	0.02313	0.03512	0.01884	0.02998	0.02570	0.01713	0.02570	0.01456	0.01713	0.01028	0.00771	0.00771	0.00257	0.01199	0.00600	0.00343	0.01199
11	0.01180	0.00787	0.00885	0.00885	0.00885	0.00787	0.00492	0.01180	0.01180	0.01573	0.02557	0.05310	0.02950	0.71483	0.04130	0.00787	0.00787	0.01180	0.00492	0.00492
