[name]
unknown

[dist]
# distance from previous block
# <min> <max>
0	1

[block]
# block no. 0 follows, 21 sequences, length 96
# corresponding to MSA columns:
# 1-96
name=unknown_A
#
# <colnr> <probs for GDERKNQSTAVLIFYWHMCP>
#	G	D	E	R	K	N	Q	S	T	A	V	L	I	F	Y	W	H	M	C	P
0	0.01354	0.00974	0.01347	0.01534	0.01734	0.00967	0.01337	0.01738	0.01958	0.02535	0.04700	0.09533	0.07702	0.02342	0.01167	0.00387	0.00767	0.56359	0.00784	0.00781
1	0.01666	0.01541	0.01586	0.01502	0.01687	0.12261	0.01160	0.01934	0.01607	0.02151	0.02341	0.03156	0.04732	0.06973	0.33353	0.00828	0.10167	0.00870	0.09676	0.00810
2	0.02039	0.02304	0.08703	0.04392	0.37282	0.02068	0.25107	0.02661	0.01954	0.02753	0.01641	0.02155	0.01306	0.00746	0.00901	0.00267	0.01190	0.00842	0.00420	0.01265
3	0.02026	0.26024	0.25216	0.02987	0.22590	0.02461	0.02404	0.02619	0.01819	0.02488	0.01434	0.01749	0.01169	0.00765	0.00731	0.00235	0.01062	0.00611	0.00381	0.01230
4	0.01046	0.00864	0.00918	0.00905	0.01174	0.00736	0.00679	0.01300	0.02036	0.02527	0.20029	0.07815	0.52888	0.02070	0.01005	0.00283	0.00425	0.01743	0.00820	0.00736
5	0.01084	0.00798	0.01024	0.01176	0.01291	0.00739	0.00843	0.01287	0.01762	0.02305	0.08347	0.48645	0.15173	0.02495	0.01081	0.00338	0.00516	0.09588	0.00797	0.00713
6	0.02657	0.31144	0.03395	0.02102	0.08769	0.11589	0.01642	0.20305	0.05412	0.03159	0.01605	0.01749	0.01295	0.00858	0.00712	0.00221	0.01002	0.00614	0.00548	0.01221
7	0.06618	0.14897	0.02612	0.01916	0.02414	0.44599	0.01512	0.06724	0.02317	0.02376	0.01782	0.01940	0.05009	0.00935	0.00738	0.00222	0.01279	0.00618	0.00478	0.01013
8	0.01016	0.00822	0.00904	0.00969	0.01178	0.00709	0.00694	0.01209	0.01837	0.02257	0.07321	0.28480	0.44988	0.02324	0.01032	0.00307	0.00452	0.02002	0.00790	0.00709
9	0.05910	0.02317	0.02827	0.03722	0.37018	0.13373	0.02081	0.03165	0.15504	0.02880	0.01941	0.02206	0.01558	0.00868	0.00819	0.00255	0.01011	0.00752	0.00527	0.01264
10	0.01778	0.11198	0.56911	0.02371	0.03558	0.02128	0.05294	0.02681	0.01798	0.02624	0.01499	0.01772	0.01088	0.00797	0.00789	0.00261	0.01229	0.00626	0.00363	0.01236
11	0.01053	0.00753	0.01002	0.01174	0.01238	0.00702	0.00791	0.01224	0.01702	0.02289	0.10275	0.63621	0.05853	0.02579	0.01078	0.00338	0.00485	0.02337	0.00804	0.00702
12	0.02893	0.01834	0.02025	0.01564	0.02231	0.06375	0.01263	0.12501	0.06201	0.26662	0.02393	0.02303	0.01677	0.00901	0.00774	0.00215	0.00784	0.00709	0.00782	0.25912
13	0.07358	0.02561	0.19894	0.02474	0.03129	0.02073	0.18876	0.02397	0.01686	0.02585	0.01640	0.06094	0.01425	0.01071	0.01386	0.00300	0.19295	0.00858	0.00429	0.04471
14	0.01159	0.00792	0.00951	0.01029	0.01049	0.00772	0.00623	0.01217	0.01392	0.01855	0.03471	0.30713	0.04090	0.43589	0.03056	0.00637	0.00695	0.01702	0.00623	0.00585
15	0.02157	0.02118	0.03405	0.05080	0.61848	0.05076	0.02566	0.02649	0.01960	0.02747	0.01587	0.02079	0.01336	0.00764	0.00839	0.00251	0.01036	0.00748	0.00422	0.01331
16	0.01358	0.01255	0.02322	0.01979	0.02297	0.01174	0.20933	0.01695	0.01755	0.02355	0.03709	0.47298	0.04194	0.02022	0.01059	0.00326	0.00805	0.01951	0.00671	0.00842
17	0.01044	0.00765	0.00997	0.01160	0.01242	0.00717	0.00791	0.01210	0.01648	0.02175	0.04986	0.58529	0.12057	0.02837	0.05119	0.00402	0.00597	0.02256	0.00769	0.00699
18	0.01586	0.00793	0.00793	0.00793	0.00991	0.00793	0.00595	0.01983	0.01785	0.03173	0.02776	0.03173	0.02181	0.00991	0.00595	0.00198	0.00397	0.00793	0.74817	0.00793
19	0.02080	0.01995	0.03406	0.08569	0.61646	0.02015	0.02599	0.02588	0.01925	0.02748	0.01596	0.02115	0.01337	0.00763	0.00843	0.00254	0.01018	0.00758	0.00419	0.01327
20	0.02106	0.02022	0.03454	0.05223	0.64784	0.02022	0.02612	0.02612	0.01938	0.02780	0.01601	0.02106	0.01348	0.00758	0.00842	0.00253	0.01011	0.00758	0.00421	0.01348
21	0.02106	0.02022	0.03454	0.05223	0.64784	0.02022	0.02612	0.02612	0.01938	0.02780	0.01601	0.02106	0.01348	0.00758	0.00842	0.00253	0.01011	0.00758	0.00421	0.01348
22	0.02311	0.01746	0.01946	0.01592	0.02152	0.01801	0.01264	0.18923	0.21716	0.07628	0.07269	0.06743	0.02549	0.01130	0.00833	0.00244	0.00706	0.00932	0.00794	0.17721
23	0.02111	0.43308	0.26699	0.01845	0.02752	0.05850	0.02081	0.02642	0.01786	0.02259	0.01315	0.01531	0.01087	0.00764	0.00652	0.00216	0.01066	0.00523	0.00366	0.01148
24	0.01052	0.00747	0.00983	0.01166	0.01211	0.00701	0.00769	0.01189	0.01600	0.02133	0.04540	0.64753	0.05439	0.07708	0.01329	0.00381	0.00519	0.02331	0.00769	0.00678
25	0.01186	0.00872	0.01094	0.01225	0.01337	0.00845	0.00844	0.04353	0.04131	0.02393	0.04746	0.59951	0.08816	0.02495	0.01061	0.00335	0.00519	0.02243	0.00796	0.00756
26	0.03054	0.02574	0.02536	0.02615	0.15831	0.21838	0.01740	0.14856	0.05730	0.17668	0.02103	0.02157	0.01530	0.00935	0.00825	0.00247	0.01073	0.00728	0.00680	0.01280
27	0.01422	0.01186	0.01376	0.01311	0.01570	0.01293	0.00998	0.02225	0.18210	0.02499	0.04765	0.08277	0.22959	0.07857	0.15422	0.00568	0.05171	0.01306	0.00692	0.00893
28	0.01183	0.00781	0.00973	0.01053	0.01073	0.00761	0.00652	0.01202	0.01382	0.01842	0.03360	0.31172	0.03939	0.35165	0.02902	0.09038	0.00681	0.01660	0.00610	0.00570
29	0.02062	0.02778	0.17085	0.08539	0.23379	0.08498	0.19934	0.02709	0.01958	0.02631	0.01585	0.02050	0.01232	0.00776	0.00876	0.00265	0.01250	0.00782	0.00409	0.01204
30	0.03169	0.02232	0.02432	0.01886	0.02534	0.02438	0.01549	0.54586	0.03766	0.09691	0.02274	0.05481	0.01706	0.01106	0.00863	0.00260	0.00898	0.00856	0.00863	0.01410
31	0.01586	0.00793	0.00793	0.00793	0.00991	0.00793	0.00595	0.01983	0.01785	0.03173	0.02776	0.03173	0.02181	0.00991	0.00595	0.00198	0.00397	0.00793	0.74817	0.00793
32	0.02303	0.02395	0.03263	0.04668	0.53397	0.13867	0.02434	0.02756	0.02025	0.02652	0.01548	0.02002	0.01302	0.00780	0.00829	0.00247	0.01107	0.00720	0.00424	0.01282
33	0.02906	0.02194	0.02281	0.16002	0.03118	0.15104	0.01634	0.17870	0.02663	0.20039	0.05970	0.02483	0.01891	0.01008	0.00845	0.00257	0.01011	0.00791	0.00725	0.01206
34	0.02309	0.02453	0.03039	0.04211	0.45218	0.18171	0.02255	0.02720	0.02037	0.02567	0.01722	0.06167	0.01552	0.00907	0.00839	0.00250	0.01110	0.00809	0.00449	0.01216
35	0.01749	0.09352	0.61105	0.02353	0.03571	0.02080	0.03018	0.02684	0.01792	0.02643	0.01501	0.01764	0.01079	0.00803	0.00789	0.00263	0.01232	0.00616	0.00360	0.01245
36	0.01294	0.00903	0.01200	0.01199	0.01395	0.00923	0.00903	0.01540	0.01609	0.05857	0.04330	0.13752	0.18730	0.07575	0.33785	0.00856	0.01394	0.01359	0.00627	0.00769
37	0.13328	0.19177	0.38262	0.01930	0.02899	0.02230	0.02291	0.02577	0.01758	0.02744	0.04534	0.01860	0.01405	0.00834	0.00714	0.00248	0.01041	0.00608	0.00415	0.01144
38	0.01773	0.03987	0.54416	0.02815	0.10349	0.01994	0.07465	0.02688	0.01828	0.02707	0.01550	0.01867	0.01123	0.00796	0.00827	0.00269	0.01244	0.00671	0.00371	0.01259
39	0.01008	0.00853	0.00871	0.00886	0.01156	0.00716	0.00657	0.01219	0.01917	0.02289	0.08327	0.12777	0.60041	0.02193	0.01012	0.00292	0.00436	0.01843	0.00790	0.00716
40	0.01478	0.00739	0.01109	0.01109	0.01109	0.00739	0.00739	0.01109	0.01109	0.01478	0.01478	0.02587	0.01478	0.02956	0.03326	0.75240	0.00739	0.00739	0.00370	0.00370
41	0.01257	0.01001	0.01226	0.01297	0.01474	0.01024	0.00981	0.01718	0.08661	0.02414	0.05246	0.33163	0.19010	0.02248	0.01162	0.00335	0.04738	0.11471	0.00772	0.00802
42	0.01656	0.01224	0.01413	0.01330	0.01631	0.01331	0.01038	0.08354	0.15100	0.02968	0.03670	0.07210	0.10763	0.02755	0.18274	0.00561	0.01037	0.03913	0.14816	0.00954
43	0.01133	0.00812	0.01056	0.01219	0.01296	0.00776	0.00826	0.03840	0.01733	0.02312	0.04575	0.66588	0.05446	0.02594	0.01076	0.00342	0.00513	0.02347	0.00793	0.00724
44	0.16986	0.01713	0.02178	0.01908	0.02020	0.02285	0.01569	0.02060	0.01363	0.02422	0.01465	0.08083	0.01498	0.01456	0.02169	0.00348	0.48283	0.00843	0.00443	0.00907
45	0.02449	0.02627	0.02795	0.03512	0.31620	0.22585	0.02033	0.03271	0.15233	0.02726	0.01910	0.02154	0.01536	0.00881	0.00824	0.00250	0.01105	0.00735	0.00522	0.01233
46	0.02316	0.01555	0.01958	0.02153	0.14696	0.04451	0.01381	0.07253	0.04899	0.19643	0.04241	0.11440	0.17513	0.01438	0.00912	0.00275	0.00738	0.01226	0.00777	0.01137
47	0.01037	0.00741	0.00987	0.01185	0.01234	0.00691	0.00790	0.01185	0.01629	0.02172	0.04690	0.69537	0.05629	0.02666	0.01086	0.00346	0.00494	0.02419	0.00790	0.00691
48	0.01542	0.03246	0.44552	0.01982	0.02894	0.01592	0.02378	0.02338	0.01997	0.02930	0.22090	0.03290	0.03354	0.01113	0.00872	0.00269	0.00977	0.00927	0.00548	0.01109
49	0.01732	0.07291	0.63011	0.02383	0.03618	0.02037	0.03071	0.02689	0.01794	0.02665	0.01512	0.01778	0.01079	0.00805	0.00797	0.00266	0.01243	0.00621	0.00360	0.01250
50	0.01767	0.01759	0.02230	0.19705	0.03060	0.09348	0.01753	0.02092	0.01555	0.02066	0.01565	0.02340	0.01396	0.02589	0.19562	0.00604	0.24537	0.00771	0.00404	0.00894
51	0.01440	0.01239	0.01277	0.01202	0.01565	0.01264	0.00920	0.02510	0.25878	0.02791	0.06607	0.06232	0.40292	0.01765	0.00951	0.00288	0.00526	0.01470	0.00820	0.00964
52	0.02501	0.02307	0.02048	0.06615	0.02465	0.19001	0.01376	0.18772	0.02546	0.03318	0.01817	0.02054	0.01413	0.00880	0.00738	0.00210	0.00953	0.00655	0.13048	0.17284
53	0.02150	0.01593	0.01982	0.01531	0.02099	0.01516	0.01245	0.02605	0.05569	0.13138	0.01860	0.02061	0.01455	0.00909	0.01125	0.00209	0.14552	0.00640	0.00591	0.43169
54	0.02047	0.44017	0.29047	0.01845	0.02786	0.02809	0.02134	0.02607	0.01756	0.02280	0.01321	0.01538	0.01086	0.00760	0.00651	0.00217	0.01050	0.00525	0.00362	0.01159
55	0.02416	0.02610	0.03153	0.04347	0.46810	0.20719	0.02332	0.02839	0.02075	0.02579	0.01518	0.01941	0.01275	0.00793	0.00821	0.00243	0.01162	0.00697	0.00426	0.01243
56	0.01037	0.00741	0.00987	0.01185	0.01234	0.00691	0.00790	0.01185	0.01629	0.02172	0.04690	0.69537	0.05629	0.02666	0.01086	0.00346	0.00494	0.02419	0.00790	0.00691
57	0.01603	0.01686	0.01308	0.01294	0.01555	0.18334	0.00940	0.01795	0.01964	0.02184	0.05510	0.20347	0.31371	0.04899	0.01106	0.00306	0.00757	0.01581	0.00684	0.00775
58	0.01220	0.00894	0.01278	0.01278	0.01399	0.01015	0.00952	0.01462	0.01341	0.01909	0.02362	0.03799	0.02325	0.19427	0.53946	0.01257	0.01982	0.00978	0.00468	0.00710
59	0.02380	0.62997	0.04236	0.01527	0.02235	0.07110	0.01476	0.05762	0.01891	0.02186	0.01237	0.01411	0.01111	0.00753	0.00576	0.00188	0.00949	0.00477	0.00394	0.01105
60	0.05965	0.03617	0.48499	0.02160	0.03250	0.01815	0.02618	0.03002	0.01918	0.16423	0.01909	0.02015	0.01294	0.00861	0.00804	0.00268	0.01111	0.00670	0.00519	0.01282
61	0.01857	0.04106	0.58781	0.02500	0.06466	0.01933	0.03001	0.02782	0.01843	0.06607	0.01645	0.01880	0.01155	0.00821	0.00813	0.00268	0.01213	0.00649	0.00406	0.01274
62	0.02949	0.03620	0.02635	0.02842	0.15957	0.52814	0.01852	0.03230	0.02310	0.02232	0.01377	0.01657	0.01150	0.00852	0.00783	0.00226	0.01422	0.00593	0.00435	0.01064
63	0.03004	0.02310	0.02738	0.02627	0.15363	0.02513	0.01821	0.49797	0.03579	0.04834	0.01953	0.02056	0.01427	0.00968	0.00850	0.00255	0.00952	0.00765	0.00763	0.01427
64	0.02048	0.01769	0.01859	0.01678	0.02147	0.02031	0.01304	0.04319	0.59471	0.03482	0.03781	0.03484	0.06406	0.01216	0.00875	0.00289	0.00659	0.01013	0.00861	0.01308
65	0.01037	0.00741	0.00987	0.01185	0.01234	0.00691	0.00790	0.01185	0.01629	0.02172	0.04690	0.69537	0.05629	0.02666	0.01086	0.00346	0.00494	0.02419	0.00790	0.00691
66	0.01037	0.00741	0.00987	0.01185	0.01234	0.00691	0.00790	0.01185	0.01629	0.02172	0.04690	0.69537	0.05629	0.02666	0.01086	0.00346	0.00494	0.02419	0.00790	0.00691
67	0.01238	0.00825	0.00928	0.00928	0.00928	0.00825	0.00516	0.01238	0.01238	0.01650	0.02681	0.05569	0.03094	0.70092	0.04331	0.00825	0.00825	0.01238	0.00516	0.00516
68	0.01658	0.01526	0.02535	0.33218	0.24740	0.01689	0.02125	0.02119	0.01766	0.02378	0.02193	0.15988	0.02126	0.01191	0.00896	0.00286	0.00962	0.01097	0.00477	0.01029
69	0.06193	0.09188	0.57256	0.02275	0.03449	0.02076	0.02885	0.02673	0.01771	0.02710	0.01481	0.01740	0.01070	0.00801	0.00772	0.00263	0.01196	0.00606	0.00370	0.01225
70	0.01707	0.04402	0.65683	0.02426	0.03683	0.01976	0.03144	0.02695	0.01797	0.02695	0.01527	0.01797	0.01078	0.00809	0.00809	0.00270	0.01258	0.00629	0.00359	0.01258
71	0.02833	0.12929	0.02911	0.02710	0.15295	0.44601	0.01816	0.03119	0.02219	0.02214	0.01355	0.01628	0.01147	0.00832	0.00752	0.00221	0.01340	0.00578	0.00425	0.01075
72	0.02585	0.47816	0.03758	0.01708	0.02337	0.25046	0.01521	0.02839	0.01963	0.02030	0.01228	0.01423	0.01094	0.00779	0.00622	0.00195	0.01124	0.00487	0.00390	0.01056
73	0.01607	0.01513	0.02552	0.68047	0.05861	0.01891	0.02363	0.02174	0.01702	0.02174	0.01513	0.02269	0.01134	0.00851	0.00851	0.00284	0.01134	0.00756	0.00378	0.00945
74	0.02009	0.02296	0.05022	0.03587	0.04448	0.02152	0.61693	0.02726	0.02009	0.02726	0.01722	0.02296	0.01291	0.00717	0.01004	0.00287	0.01435	0.01004	0.00430	0.01148
75	0.01218	0.00902	0.01318	0.01318	0.01453	0.01037	0.01002	0.01488	0.01353	0.01939	0.02325	0.03595	0.02237	0.13580	0.59671	0.01306	0.02115	0.00949	0.00463	0.00732
76	0.01047	0.00745	0.00984	0.01172	0.01219	0.00698	0.00776	0.01188	0.01609	0.02146	0.04588	0.66272	0.05499	0.06108	0.01252	0.00370	0.00511	0.02359	0.00776	0.00682
77	0.01037	0.00741	0.00987	0.01185	0.01234	0.00691	0.00790	0.01185	0.01629	0.02172	0.04690	0.69537	0.05629	0.02666	0.01086	0.00346	0.00494	0.02419	0.00790	0.00691
78	0.02075	0.01549	0.01668	0.01518	0.01937	0.01734	0.01188	0.03838	0.43789	0.07236	0.03370	0.03485	0.02600	0.01176	0.00826	0.00274	0.00626	0.03886	0.16015	0.01211
79	0.01868	0.01065	0.01094	0.00992	0.01273	0.01108	0.00769	0.12219	0.02163	0.03547	0.02651	0.02980	0.02056	0.00997	0.00639	0.00208	0.00489	0.00789	0.62190	0.00905
80	0.01053	0.00903	0.00907	0.00899	0.01194	0.00778	0.00676	0.01361	0.04535	0.02352	0.08403	0.07978	0.61820	0.02113	0.01000	0.00287	0.00441	0.01761	0.00793	0.00745
81	0.02656	0.02721	0.02084	0.01817	0.02269	0.30243	0.01401	0.20848	0.02778	0.03188	0.05722	0.08060	0.10069	0.01266	0.00860	0.00251	0.01074	0.00968	0.00662	0.01062
82	0.01238	0.00825	0.00928	0.00928	0.00928	0.00825	0.00516	0.01238	0.01238	0.01650	0.02681	0.05569	0.03094	0.70092	0.04331	0.00825	0.00825	0.01238	0.00516	0.00516
83	0.01123	0.00904	0.01005	0.00973	0.01237	0.00805	0.00732	0.01494	0.04572	0.02757	0.28774	0.07319	0.41342	0.01963	0.00999	0.00280	0.00430	0.01669	0.00847	0.00775
84	0.02160	0.01502	0.01648	0.01409	0.01760	0.01615	0.01075	0.28233	0.02616	0.03655	0.02649	0.11395	0.02468	0.15589	0.04334	0.00420	0.00815	0.01079	0.14566	0.01012
85	0.01081	0.00897	0.00954	0.00982	0.01233	0.00800	0.00720	0.01420	0.05698	0.02352	0.07495	0.20438	0.48542	0.02197	0.01014	0.00299	0.00459	0.01872	0.00795	0.00752
86	0.01216	0.00912	0.01368	0.01368	0.01520	0.01064	0.01064	0.01520	0.01368	0.01976	0.02279	0.03343	0.02127	0.06382	0.66720	0.01368	0.02279	0.00912	0.00456	0.00760
87	0.01056	0.00761	0.01005	0.01193	0.01263	0.00711	0.00819	0.01223	0.01665	0.02202	0.04871	0.62804	0.08455	0.02622	0.01088	0.00346	0.00509	0.05920	0.00790	0.00698
88	0.01944	0.02183	0.04670	0.03381	0.04154	0.02086	0.55314	0.02603	0.01954	0.02662	0.01871	0.06292	0.01542	0.00869	0.01091	0.00294	0.04453	0.01077	0.00449	0.01111
89	0.01679	0.01592	0.02255	0.01988	0.02031	0.02169	0.01635	0.01898	0.01322	0.02027	0.01447	0.02282	0.01404	0.02878	0.20928	0.00655	0.49739	0.00792	0.00396	0.00882
90	0.01045	0.00747	0.00995	0.01179	0.01236	0.00697	0.00791	0.01206	0.01667	0.02233	0.07603	0.66452	0.05746	0.02621	0.01082	0.00342	0.00489	0.02376	0.00797	0.00697
91	0.02469	0.02412	0.19126	0.01942	0.02577	0.01912	0.01901	0.09673	0.05942	0.19835	0.06806	0.02560	0.02018	0.01135	0.01270	0.00289	0.15402	0.00819	0.00679	0.01232
92	0.03113	0.03917	0.02381	0.02164	0.02605	0.62651	0.01626	0.03468	0.06204	0.02175	0.01449	0.01637	0.01190	0.00894	0.00773	0.00224	0.01481	0.00574	0.00465	0.01009
93	0.07278	0.02724	0.02497	0.02622	0.15793	0.24748	0.01733	0.18427	0.05707	0.03354	0.05595	0.02163	0.01739	0.00952	0.00810	0.00245	0.01098	0.00727	0.00601	0.01187
94	0.02007	0.18840	0.30916	0.02132	0.03040	0.04935	0.06690	0.03084	0.14997	0.02700	0.01870	0.02020	0.01424	0.00860	0.00774	0.00253	0.01077	0.00685	0.00478	0.01220
95	0.05996	0.02030	0.03619	0.08406	0.44966	0.02036	0.15174	0.02604	0.01913	0.02788	0.01599	0.02118	0.01300	0.00757	0.00861	0.00262	0.01090	0.00795	0.00426	0.01258

[dist]
# distance from previous block
# <min> <max>
0	2

[block]
# block no. 1 follows, 21 sequences, length 235
# corresponding to MSA columns:
# 99-333
name=unknown_B
#
# <colnr> <probs for GDERKNQSTAVLIFYWHMCP>
#	G	D	E	R	K	N	Q	S	T	A	V	L	I	F	Y	W	H	M	C	P
0	0.02318	0.02454	0.03154	0.08792	0.46539	0.16833	0.02373	0.02762	0.02030	0.02579	0.01529	0.01986	0.01276	0.00792	0.00826	0.00247	0.01139	0.00710	0.00422	0.01238
1	0.02106	0.02022	0.03454	0.05223	0.64784	0.02022	0.02612	0.02612	0.01938	0.02780	0.01601	0.02106	0.01348	0.00758	0.00842	0.00253	0.01011	0.00758	0.00421	0.01348
2	0.17335	0.01715	0.02089	0.01802	0.02014	0.02201	0.01486	0.08771	0.01667	0.02835	0.01449	0.02014	0.01280	0.01811	0.09110	0.00439	0.36042	0.00709	0.04269	0.00961
3	0.01081	0.00928	0.00934	0.00921	0.01222	0.00813	0.00694	0.01445	0.06100	0.02384	0.08271	0.07850	0.60242	0.02087	0.00996	0.00287	0.00448	0.01739	0.00795	0.00761
4	0.02418	0.02245	0.02774	0.03055	0.22926	0.09341	0.05911	0.16626	0.15191	0.03425	0.02461	0.02606	0.05159	0.00990	0.00861	0.00261	0.00978	0.00854	0.00635	0.01281
5	0.01162	0.00804	0.01004	0.01115	0.01159	0.00782	0.00735	0.01272	0.01495	0.01986	0.03792	0.34927	0.04440	0.32078	0.02513	0.00560	0.00671	0.08208	0.00669	0.00625
6	0.02119	0.52374	0.21319	0.01723	0.02597	0.02984	0.01921	0.02589	0.01748	0.02193	0.01278	0.01484	0.01088	0.00750	0.00618	0.00206	0.01006	0.00503	0.00363	0.01138
7	0.05774	0.09378	0.45733	0.02134	0.03209	0.02066	0.02562	0.07563	0.01980	0.05619	0.01601	0.01805	0.01156	0.00819	0.00768	0.00252	0.01113	0.00620	0.00447	0.05402
8	0.05474	0.08166	0.02334	0.02016	0.05463	0.29841	0.01507	0.06800	0.05525	0.02463	0.01696	0.02099	0.01447	0.02169	0.15959	0.00496	0.04369	0.00678	0.00488	0.01008
9	0.01238	0.00825	0.00928	0.00928	0.00928	0.00825	0.00516	0.01238	0.01238	0.01650	0.02681	0.05569	0.03094	0.70092	0.04331	0.00825	0.00825	0.01238	0.00516	0.00516
10	0.01656	0.02231	0.17423	0.09763	0.03443	0.01711	0.21777	0.02288	0.01739	0.02479	0.01864	0.02512	0.01502	0.02305	0.18740	0.00571	0.01531	0.00854	0.04586	0.01025
11	0.02568	0.01405	0.01838	0.01785	0.08881	0.01322	0.01254	0.05550	0.08371	0.29960	0.10793	0.04272	0.15617	0.01332	0.00902	0.00270	0.00664	0.01121	0.00888	0.01206
12	0.01045	0.00755	0.00989	0.01160	0.01232	0.00699	0.00783	0.01211	0.01691	0.02250	0.08277	0.62531	0.09062	0.02585	0.01077	0.00338	0.00485	0.02335	0.00798	0.00699
13	0.01236	0.00830	0.00953	0.00953	0.00961	0.00838	0.00546	0.01253	0.01245	0.01668	0.02659	0.05444	0.03040	0.66520	0.07830	0.00855	0.00907	0.01219	0.00512	0.00529
14	0.01786	0.01594	0.01421	0.01371	0.01603	0.16016	0.01045	0.02100	0.01742	0.02388	0.02219	0.02873	0.01909	0.03374	0.30181	0.00726	0.01499	0.00790	0.24541	0.00823
15	0.02106	0.02022	0.03454	0.05223	0.64784	0.02022	0.02612	0.02612	0.01938	0.02780	0.01601	0.02106	0.01348	0.00758	0.00842	0.00253	0.01011	0.00758	0.00421	0.01348
16	0.01028	0.00775	0.00952	0.01093	0.01210	0.00699	0.00749	0.01195	0.01718	0.02209	0.05812	0.52035	0.22407	0.02520	0.01063	0.00329	0.00476	0.02241	0.00790	0.00699
17	0.01445	0.01226	0.01263	0.01178	0.01542	0.01234	0.00905	0.04859	0.20985	0.02821	0.06743	0.06374	0.42602	0.01797	0.00956	0.00286	0.00528	0.01494	0.00816	0.00944
18	0.01707	0.04402	0.65683	0.02426	0.03683	0.01976	0.03144	0.02695	0.01797	0.02695	0.01527	0.01797	0.01078	0.00809	0.00809	0.00270	0.01258	0.00629	0.00359	0.01258
19	0.01040	0.00829	0.00933	0.00979	0.01189	0.00722	0.00707	0.01261	0.01913	0.02406	0.14673	0.25150	0.40711	0.02245	0.01028	0.00301	0.00445	0.01938	0.00809	0.00722
20	0.02009	0.02296	0.05022	0.03587	0.04448	0.02152	0.61693	0.02726	0.02009	0.02726	0.01722	0.02296	0.01291	0.00717	0.01004	0.00287	0.01435	0.01004	0.00430	0.01148
21	0.01227	0.00821	0.00931	0.00941	0.00944	0.00818	0.00530	0.01235	0.01258	0.01677	0.02784	0.08836	0.03223	0.66649	0.04166	0.00801	0.00808	0.01298	0.00530	0.00525
22	0.01353	0.00974	0.01346	0.01532	0.01732	0.00966	0.01335	0.01736	0.01958	0.02534	0.04713	0.09528	0.07892	0.02341	0.01167	0.00387	0.00766	0.56176	0.00784	0.00780
23	0.01037	0.00741	0.00987	0.01185	0.01234	0.00691	0.00790	0.01185	0.01629	0.02172	0.04690	0.69537	0.05629	0.02666	0.01086	0.00346	0.00494	0.02419	0.00790	0.00691
24	0.03235	0.02384	0.02554	0.01958	0.02639	0.02639	0.01618	0.61946	0.04001	0.05363	0.02043	0.02043	0.01447	0.01022	0.00851	0.00255	0.00936	0.00766	0.00851	0.01447
25	0.02275	0.70604	0.04459	0.01456	0.02184	0.03367	0.01456	0.02548	0.01729	0.02002	0.01183	0.01365	0.01092	0.00728	0.00546	0.00182	0.00910	0.00455	0.00364	0.01092
26	0.01992	0.01905	0.03247	0.19632	0.51270	0.01992	0.02555	0.02511	0.01884	0.02641	0.01581	0.02144	0.01299	0.00779	0.00844	0.00260	0.01039	0.00758	0.00411	0.01256
27	0.01790	0.14094	0.56719	0.02284	0.03464	0.02180	0.02897	0.02674	0.01787	0.02594	0.01477	0.01734	0.01080	0.00797	0.00770	0.00257	0.01207	0.00603	0.00360	0.01233
28	0.01187	0.00864	0.01117	0.01064	0.01263	0.00794	0.00794	0.01568	0.02351	0.03301	0.58855	0.09098	0.10951	0.01801	0.01007	0.00272	0.00407	0.01590	0.00923	0.00794
29	0.01607	0.01513	0.02552	0.68047	0.05861	0.01891	0.02363	0.02174	0.01702	0.02174	0.01513	0.02269	0.01134	0.00851	0.00851	0.00284	0.01134	0.00756	0.00378	0.00945
30	0.01306	0.01687	0.15932	0.01532	0.01957	0.01092	0.01497	0.01755	0.01881	0.02520	0.08613	0.19792	0.14398	0.01988	0.01033	0.00328	0.00747	0.20379	0.00699	0.00863
31	0.03038	0.02295	0.02654	0.02035	0.02699	0.02517	0.05663	0.54517	0.03717	0.04993	0.02035	0.02134	0.01475	0.01303	0.04579	0.00320	0.01046	0.00791	0.00800	0.01388
32	0.01238	0.00825	0.00928	0.00928	0.00928	0.00825	0.00516	0.01238	0.01238	0.01650	0.02681	0.05569	0.03094	0.70092	0.04331	0.00825	0.00825	0.01238	0.00516	0.00516
33	0.76103	0.01646	0.01251	0.01119	0.01646	0.01909	0.00922	0.02502	0.01448	0.03818	0.01185	0.01382	0.00922	0.00790	0.00527	0.00263	0.00658	0.00461	0.00527	0.00922
34	0.02106	0.02022	0.03454	0.05223	0.64784	0.02022	0.02612	0.02612	0.01938	0.02780	0.01601	0.02106	0.01348	0.00758	0.00842	0.00253	0.01011	0.00758	0.00421	0.01348
35	0.01586	0.00793	0.00793	0.00793	0.00991	0.00793	0.00595	0.01983	0.01785	0.03173	0.02776	0.03173	0.02181	0.00991	0.00595	0.00198	0.00397	0.00793	0.74817	0.00793
36	0.01037	0.00741	0.00987	0.01185	0.01234	0.00691	0.00790	0.01185	0.01629	0.02172	0.04690	0.69537	0.05629	0.02666	0.01086	0.00346	0.00494	0.02419	0.00790	0.00691
37	0.01086	0.00761	0.00973	0.01122	0.01160	0.00724	0.00723	0.01198	0.01534	0.02045	0.04201	0.53953	0.05011	0.19093	0.01877	0.00462	0.00574	0.02131	0.00723	0.00648
38	0.02144	0.02298	0.03517	0.02720	0.03292	0.09425	0.29262	0.03164	0.18102	0.02763	0.02037	0.02372	0.01586	0.00977	0.01234	0.00294	0.12229	0.00900	0.00537	0.01147
39	0.01038	0.00842	0.00925	0.00983	0.01210	0.00730	0.00728	0.01250	0.01870	0.02287	0.07447	0.22255	0.47006	0.02285	0.01036	0.00308	0.00469	0.05823	0.00790	0.00717
40	0.01586	0.00793	0.00793	0.00793	0.00991	0.00793	0.00595	0.01983	0.01785	0.03173	0.02776	0.03173	0.02181	0.00991	0.00595	0.00198	0.00397	0.00793	0.74817	0.00793
41	0.01739	0.08138	0.62228	0.02371	0.03599	0.02055	0.03049	0.02687	0.01793	0.02656	0.01508	0.01772	0.01079	0.00804	0.00794	0.00265	0.01238	0.00619	0.00360	0.01248
42	0.01035	0.00747	0.00980	0.01167	0.01230	0.00693	0.00782	0.01187	0.01647	0.02180	0.04912	0.66075	0.08948	0.02637	0.01082	0.00342	0.00490	0.02384	0.00790	0.00693
43	0.03059	0.03829	0.02528	0.02531	0.09574	0.59453	0.01752	0.03310	0.02359	0.02161	0.01347	0.01599	0.01124	0.00864	0.00776	0.00223	0.01476	0.00572	0.00437	0.01027
44	0.01030	0.00766	0.00961	0.01118	0.01217	0.00697	0.00760	0.01192	0.01694	0.02199	0.05506	0.56807	0.17832	0.02560	0.01070	0.00334	0.00481	0.02290	0.00790	0.00697
45	0.01863	0.02672	0.23544	0.03832	0.37686	0.01866	0.02575	0.02504	0.01917	0.02758	0.05345	0.02586	0.05286	0.00909	0.00850	0.00261	0.01025	0.00818	0.00450	0.01253
46	0.01837	0.19577	0.51649	0.02203	0.03340	0.02295	0.02757	0.02661	0.01781	0.02536	0.01448	0.01698	0.01081	0.00790	0.00748	0.00249	0.01178	0.00589	0.00360	0.01220
47	0.03195	0.03571	0.02453	0.02124	0.02633	0.48089	0.01637	0.20392	0.02873	0.03035	0.01527	0.01682	0.01198	0.00919	0.00792	0.00230	0.01361	0.00611	0.00558	0.01120
48	0.01606	0.10518	0.44418	0.01966	0.02946	0.01834	0.02395	0.02342	0.01822	0.02532	0.03117	0.03217	0.15603	0.01109	0.00826	0.00264	0.01032	0.00878	0.00459	0.01117
49	0.01236	0.00830	0.00953	0.00953	0.00962	0.00839	0.00547	0.01253	0.01245	0.01668	0.02659	0.05443	0.03039	0.66497	0.07853	0.00856	0.00907	0.01219	0.00512	0.00529
50	0.02716	0.02067	0.02218	0.01803	0.02362	0.02301	0.01444	0.40328	0.19367	0.04522	0.02599	0.06304	0.02068	0.04623	0.01043	0.00298	0.00837	0.00934	0.00835	0.01332
51	0.11823	0.07193	0.23095	0.01961	0.02748	0.18847	0.01965	0.06156	0.02136	0.13838	0.01759	0.01859	0.01265	0.00874	0.00758	0.00249	0.01125	0.00624	0.00549	0.01179
52	0.02446	0.02860	0.02296	0.06536	0.02577	0.36688	0.01649	0.02695	0.01936	0.02063	0.01440	0.01956	0.01272	0.01916	0.12010	0.00447	0.17190	0.00667	0.00422	0.00934
53	0.01156	0.00861	0.01074	0.01035	0.01245	0.00780	0.00771	0.01506	0.02273	0.03123	0.49953	0.10109	0.19228	0.01873	0.01009	0.00276	0.00412	0.01638	0.00900	0.00780
54	0.02072	0.01987	0.03393	0.09486	0.60785	0.02013	0.02595	0.02582	0.01922	0.02739	0.01595	0.02117	0.01334	0.00765	0.00843	0.00255	0.01019	0.00758	0.00418	0.01321
55	0.01071	0.00865	0.00953	0.00931	0.01190	0.00746	0.00698	0.01348	0.02094	0.02666	0.26969	0.07586	0.45861	0.02018	0.01005	0.00281	0.00421	0.01711	0.00839	0.00746
56	0.03052	0.03844	0.02430	0.02196	0.02593	0.60485	0.01665	0.03268	0.02305	0.02079	0.01296	0.01566	0.01098	0.00936	0.00963	0.00234	0.08008	0.00567	0.00432	0.00981
57	0.01094	0.00785	0.01039	0.01146	0.01247	0.00729	0.00794	0.01328	0.01895	0.02595	0.25025	0.47997	0.06447	0.02350	0.01058	0.00319	0.00462	0.02119	0.00840	0.00729
58	0.01037	0.00741	0.00987	0.01185	0.01234	0.00691	0.00790	0.01185	0.01629	0.02172	0.04690	0.69537	0.05629	0.02666	0.01086	0.00346	0.00494	0.02419	0.00790	0.00691
59	0.01027	0.00780	0.00946	0.01079	0.01207	0.00700	0.00743	0.01197	0.01731	0.02214	0.05977	0.49461	0.24875	0.02499	0.01060	0.00327	0.00473	0.02215	0.00790	0.00700
60	0.01233	0.00843	0.01019	0.01019	0.01051	0.00875	0.00629	0.01296	0.01265	0.01718	0.02598	0.05107	0.02893	0.56872	0.17278	0.00938	0.01127	0.01170	0.00503	0.00566
61	0.01050	0.00746	0.00983	0.01168	0.01214	0.00700	0.00771	0.01189	0.01603	0.02137	0.04554	0.65196	0.05457	0.07241	0.01306	0.00378	0.00516	0.02339	0.00771	0.00679
62	0.01037	0.00741	0.00987	0.01185	0.01234	0.00691	0.00790	0.01185	0.01629	0.02172	0.04690	0.69537	0.05629	0.02666	0.01086	0.00346	0.00494	0.02419	0.00790	0.00691
63	0.01478	0.00739	0.01109	0.01109	0.01109	0.00739	0.00739	0.01109	0.01109	0.01478	0.01478	0.02587	0.01478	0.02956	0.03326	0.75240	0.00739	0.00739	0.00370	0.00370
64	0.01989	0.01902	0.03242	0.20000	0.50924	0.01991	0.02553	0.02509	0.01882	0.02638	0.01580	0.02144	0.01298	0.00780	0.00844	0.00260	0.01040	0.00758	0.00411	0.01253
65	0.07094	0.01443	0.01516	0.01345	0.01732	0.01587	0.01071	0.15717	0.15740	0.03696	0.02734	0.03171	0.02176	0.01327	0.03567	0.00296	0.00696	0.04074	0.29951	0.01065
66	0.01712	0.00830	0.00859	0.00834	0.01058	0.00819	0.00632	0.02104	0.01821	0.06661	0.02809	0.03157	0.02177	0.00995	0.00610	0.00202	0.00415	0.00797	0.70680	0.00830
67	0.02950	0.02275	0.02565	0.02015	0.02555	0.02632	0.01668	0.49516	0.03441	0.04675	0.01851	0.02006	0.01379	0.01119	0.01254	0.00280	0.14964	0.00762	0.00752	0.01340
68	0.02433	0.01871	0.01982	0.01618	0.02157	0.02022	0.01305	0.35568	0.13396	0.04216	0.04093	0.03926	0.18987	0.01356	0.00896	0.00270	0.00753	0.01083	0.00837	0.01230
69	0.01772	0.11964	0.58690	0.02315	0.03512	0.02135	0.02951	0.02678	0.01789	0.02616	0.01488	0.01747	0.01080	0.00799	0.00779	0.00260	0.01218	0.00609	0.00360	0.01239
70	0.76103	0.01646	0.01251	0.01119	0.01646	0.01909	0.00922	0.02502	0.01448	0.03818	0.01185	0.01382	0.00922	0.00790	0.00527	0.00263	0.00658	0.00461	0.00527	0.00922
71	0.02106	0.02022	0.03454	0.05223	0.64784	0.02022	0.02612	0.02612	0.01938	0.02780	0.01601	0.02106	0.01348	0.00758	0.00842	0.00253	0.01011	0.00758	0.00421	0.01348
72	0.31009	0.01720	0.01716	0.04832	0.02128	0.01910	0.01199	0.19219	0.06514	0.07481	0.04942	0.02529	0.05329	0.01029	0.00728	0.00262	0.00727	0.00760	0.04861	0.01105
73	0.02717	0.01524	0.01839	0.01521	0.02033	0.01534	0.01217	0.10273	0.18485	0.28384	0.17009	0.03653	0.03497	0.01231	0.00891	0.00270	0.00662	0.01028	0.00955	0.01276
74	0.02275	0.70604	0.04459	0.01456	0.02184	0.03367	0.01456	0.02548	0.01729	0.02002	0.01183	0.01365	0.01092	0.00728	0.00546	0.00182	0.00910	0.00455	0.00364	0.01092
75	0.01033	0.00863	0.00900	0.00890	0.01166	0.00730	0.00668	0.01274	0.02004	0.02450	0.16199	0.07941	0.56766	0.02099	0.01006	0.00285	0.00427	0.01761	0.00810	0.00730
76	0.07064	0.02300	0.02314	0.01868	0.02476	0.06191	0.01512	0.40795	0.18612	0.04633	0.02308	0.02260	0.01686	0.01033	0.00832	0.00262	0.00890	0.00785	0.00813	0.01366
77	0.02085	0.02000	0.03415	0.07954	0.62222	0.02016	0.02601	0.02593	0.01927	0.02754	0.01597	0.02113	0.01339	0.00762	0.00843	0.00254	0.01016	0.00758	0.00419	0.01330
78	0.01037	0.00741	0.00987	0.01185	0.01234	0.00691	0.00790	0.01185	0.01629	0.02172	0.04690	0.69537	0.05629	0.02666	0.01086	0.00346	0.00494	0.02419	0.00790	0.00691
79	0.02106	0.02022	0.03454	0.05223	0.64784	0.02022	0.02612	0.02612	0.01938	0.02780	0.01601	0.02106	0.01348	0.00758	0.00842	0.00253	0.01011	0.00758	0.00421	0.01348
80	0.02106	0.02022	0.03454	0.05223	0.64784	0.02022	0.02612	0.02612	0.01938	0.02780	0.01601	0.02106	0.01348	0.00758	0.00842	0.00253	0.01011	0.00758	0.00421	0.01348
81	0.01685	0.01633	0.01570	0.01502	0.01678	0.15505	0.01119	0.01901	0.01567	0.01935	0.02091	0.03332	0.02049	0.18142	0.35993	0.00952	0.05229	0.00891	0.00460	0.00768
82	0.02106	0.02022	0.03454	0.05223	0.64784	0.02022	0.02612	0.02612	0.01938	0.02780	0.01601	0.02106	0.01348	0.00758	0.00842	0.00253	0.01011	0.00758	0.00421	0.01348
83	0.02251	0.67748	0.07101	0.01498	0.02249	0.03307	0.01529	0.02555	0.01732	0.02032	0.01198	0.01384	0.01091	0.00732	0.00557	0.00186	0.00925	0.00463	0.00364	0.01099
84	0.01183	0.00802	0.00944	0.00998	0.01011	0.00789	0.00590	0.01223	0.01344	0.01792	0.03226	0.22916	0.03781	0.51807	0.03451	0.00695	0.00735	0.01558	0.00590	0.00563
85	0.01586	0.00793	0.00793	0.00793	0.00991	0.00793	0.00595	0.01983	0.01785	0.03173	0.02776	0.03173	0.02181	0.00991	0.00595	0.00198	0.00397	0.00793	0.74817	0.00793
86	0.02194	0.01993	0.03379	0.05034	0.61586	0.01983	0.02542	0.02690	0.01963	0.05977	0.01690	0.02147	0.01387	0.00773	0.00843	0.00253	0.00996	0.00763	0.00454	0.01353
87	0.01211	0.00900	0.01282	0.01282	0.01451	0.01011	0.00993	0.01510	0.01453	0.02073	0.03013	0.03876	0.09091	0.05635	0.56001	0.01187	0.01977	0.01005	0.04291	0.00757
88	0.01016	0.00862	0.00876	0.00873	0.01156	0.00723	0.00655	0.01241	0.01964	0.02356	0.11466	0.08096	0.61557	0.02134	0.01006	0.00286	0.00430	0.01783	0.00798	0.00723
89	0.02329	0.02444	0.03238	0.04594	0.51886	0.15439	0.02411	0.02775	0.02036	0.02635	0.01542	0.01988	0.01296	0.00783	0.00827	0.00246	0.01120	0.00715	0.00425	0.01273
90	0.01478	0.00739	0.01109	0.01109	0.01109	0.00739	0.00739	0.01109	0.01109	0.01478	0.01478	0.02587	0.01478	0.02956	0.03326	0.75240	0.00739	0.00739	0.00370	0.00370
91	0.59079	0.05607	0.12941	0.01370	0.02037	0.01994	0.01346	0.02539	0.01525	0.03526	0.01246	0.01456	0.00958	0.00790	0.00578	0.00260	0.00778	0.00491	0.00489	0.00990
92	0.01226	0.00999	0.01104	0.01070	0.01355	0.00941	0.00819	0.01793	0.10244	0.02780	0.22749	0.07098	0.37986	0.01920	0.00995	0.00287	0.00473	0.04495	0.00840	0.00828
93	0.02499	0.01948	0.02159	0.01609	0.02328	0.01886	0.01313	0.32020	0.02882	0.04067	0.01778	0.01904	0.01354	0.00826	0.00741	0.00191	0.00783	0.00635	0.00678	0.38401
94	0.01770	0.11798	0.58843	0.02317	0.03516	0.02132	0.02956	0.02679	0.01789	0.02618	0.01489	0.01748	0.01080	0.00800	0.00779	0.00260	0.01219	0.00609	0.00360	0.01239
95	0.01913	0.01824	0.03104	0.29592	0.41929	0.01971	0.02515	0.02442	0.01846	0.02545	0.01567	0.02169	0.01265	0.00794	0.00846	0.00265	0.01059	0.00757	0.00405	0.01192
96	0.02397	0.01938	0.02117	0.01921	0.05414	0.02188	0.01446	0.20128	0.40660	0.03998	0.02943	0.02809	0.02196	0.01090	0.00847	0.00273	0.00749	0.00889	0.04651	0.01346
97	0.01969	0.01699	0.01783	0.01616	0.02071	0.01930	0.01254	0.04082	0.55069	0.03392	0.04152	0.03844	0.10846	0.01288	0.00885	0.00288	0.00641	0.01073	0.00856	0.01263
98	0.02672	0.41391	0.03560	0.01779	0.02380	0.31158	0.01539	0.02921	0.02029	0.02038	0.01241	0.01440	0.01094	0.00793	0.00643	0.00198	0.01184	0.00496	0.00397	0.01046
99	0.03235	0.02384	0.02554	0.01958	0.02639	0.02639	0.01618	0.61946	0.04001	0.05363	0.02043	0.02043	0.01447	0.01022	0.00851	0.00255	0.00936	0.00766	0.00851	0.01447
100	0.01238	0.00825	0.00928	0.00928	0.00928	0.00825	0.00516	0.01238	0.01238	0.01650	0.02681	0.05569	0.03094	0.70092	0.04331	0.00825	0.00825	0.01238	0.00516	0.00516
101	0.01301	0.00885	0.01236	0.01236	0.01399	0.01002	0.00956	0.01626	0.01463	0.02250	0.02393	0.03304	0.02140	0.05147	0.51563	0.01100	0.01848	0.00885	0.17501	0.00767
102	0.01055	0.00807	0.00969	0.01048	0.01210	0.00721	0.00740	0.01273	0.01880	0.02438	0.16698	0.36145	0.27315	0.02317	0.01042	0.00311	0.00455	0.02038	0.00816	0.00721
103	0.01037	0.00741	0.00987	0.01185	0.01234	0.00691	0.00790	0.01185	0.01629	0.02172	0.04690	0.69537	0.05629	0.02666	0.01086	0.00346	0.00494	0.02419	0.00790	0.00691
104	0.01586	0.00793	0.00793	0.00793	0.00991	0.00793	0.00595	0.01983	0.01785	0.03173	0.02776	0.03173	0.02181	0.00991	0.00595	0.00198	0.00397	0.00793	0.74817	0.00793
105	0.03235	0.02384	0.02554	0.01958	0.02639	0.02639	0.01618	0.61946	0.04001	0.05363	0.02043	0.02043	0.01447	0.01022	0.00851	0.00255	0.00936	0.00766	0.00851	0.01447
106	0.01216	0.00912	0.01368	0.01368	0.01520	0.01064	0.01064	0.01520	0.01368	0.01976	0.02279	0.03343	0.02127	0.06382	0.66720	0.01368	0.02279	0.00912	0.00456	0.00760
107	0.02979	0.02174	0.02348	0.01868	0.02495	0.02407	0.01521	0.42867	0.19533	0.08959	0.02507	0.02400	0.01796	0.01059	0.00855	0.00265	0.00853	0.00824	0.00869	0.01421
108	0.01037	0.00741	0.00987	0.01185	0.01234	0.00691	0.00790	0.01185	0.01629	0.02172	0.04690	0.69537	0.05629	0.02666	0.01086	0.00346	0.00494	0.02419	0.00790	0.00691
109	0.03185	0.03869	0.02428	0.02166	0.02632	0.59522	0.01641	0.09939	0.02589	0.02449	0.01397	0.01591	0.01135	0.00893	0.00777	0.00223	0.01468	0.00572	0.00485	0.01038
110	0.01037	0.00741	0.00987	0.01185	0.01234	0.00691	0.00790	0.01185	0.01629	0.02172	0.04690	0.69537	0.05629	0.02666	0.01086	0.00346	0.00494	0.02419	0.00790	0.00691
111	0.01839	0.01556	0.01804	0.01296	0.02048	0.01210	0.01039	0.05150	0.01877	0.02903	0.01539	0.01779	0.01270	0.00650	0.00641	0.00133	0.00646	0.00517	0.00522	0.71581
112	0.02106	0.02022	0.03454	0.05223	0.64784	0.02022	0.02612	0.02612	0.01938	0.02780	0.01601	0.02106	0.01348	0.00758	0.00842	0.00253	0.01011	0.00758	0.00421	0.01348
113	0.01238	0.00825	0.00928	0.00928	0.00928	0.00825	0.00516	0.01238	0.01238	0.01650	0.02681	0.05569	0.03094	0.70092	0.04331	0.00825	0.00825	0.01238	0.00516	0.00516
114	0.01216	0.00912	0.01368	0.01368	0.01520	0.01064	0.01064	0.01520	0.01368	0.01976	0.02279	0.03343	0.02127	0.06382	0.66720	0.01368	0.02279	0.00912	0.00456	0.00760
115	0.02311	0.07337	0.44951	0.02124	0.03189	0.01858	0.02535	0.03081	0.01966	0.19653	0.02004	0.02071	0.01358	0.00870	0.00807	0.00263	0.01093	0.00681	0.00548	0.01300
116	0.02601	0.02999	0.02363	0.02108	0.02437	0.35904	0.01642	0.03265	0.14735	0.02380	0.01707	0.01964	0.01413	0.01101	0.01337	0.00275	0.19525	0.00687	0.00509	0.01046
117	0.02636	0.01595	0.01880	0.01425	0.02076	0.01442	0.01158	0.15107	0.02422	0.21215	0.02290	0.02303	0.01643	0.00872	0.00737	0.00200	0.00694	0.00691	0.09035	0.30579
118	0.02243	0.66892	0.07893	0.01510	0.02268	0.03289	0.01551	0.02556	0.01733	0.02041	0.01202	0.01389	0.01091	0.00733	0.00561	0.00187	0.00930	0.00465	0.00364	0.01101
119	0.76103	0.01646	0.01251	0.01119	0.01646	0.01909	0.00922	0.02502	0.01448	0.03818	0.01185	0.01382	0.00922	0.00790	0.00527	0.00263	0.00658	0.00461	0.00527	0.00922
120	0.02106	0.02022	0.03454	0.05223	0.64784	0.02022	0.02612	0.02612	0.01938	0.02780	0.01601	0.02106	0.01348	0.00758	0.00842	0.00253	0.01011	0.00758	0.00421	0.01348
121	0.01332	0.00912	0.01051	0.01064	0.01242	0.00855	0.00731	0.01600	0.05153	0.06436	0.05232	0.24049	0.23293	0.20899	0.01927	0.00450	0.00591	0.01706	0.00737	0.00740
122	0.01238	0.00825	0.00928	0.00928	0.00928	0.00825	0.00516	0.01238	0.01238	0.01650	0.02681	0.05569	0.03094	0.70092	0.04331	0.00825	0.00825	0.01238	0.00516	0.00516
123	0.01037	0.00741	0.00987	0.01185	0.01234	0.00691	0.00790	0.01185	0.01629	0.02172	0.04690	0.69537	0.05629	0.02666	0.01086	0.00346	0.00494	0.02419	0.00790	0.00691
124	0.03393	0.02130	0.02397	0.01838	0.02513	0.02263	0.01518	0.46272	0.03577	0.21637	0.02400	0.02275	0.01626	0.01030	0.00853	0.00258	0.00879	0.00790	0.00906	0.01448
125	0.01591	0.01463	0.02087	0.01871	0.01934	0.01959	0.01527	0.01826	0.01330	0.02018	0.01605	0.02484	0.01541	0.03543	0.29622	0.00790	0.40729	0.00815	0.00407	0.00859
126	0.01324	0.00896	0.01176	0.01091	0.01312	0.00823	0.00823	0.01722	0.02410	0.06235	0.61557	0.06199	0.07760	0.01709	0.00997	0.00267	0.00416	0.01508	0.00942	0.00832
127	0.01478	0.00739	0.01109	0.01109	0.01109	0.00739	0.00739	0.01109	0.01109	0.01478	0.01478	0.02587	0.01478	0.02956	0.03326	0.75240	0.00739	0.00739	0.00370	0.00370
128	0.02739	0.02013	0.02202	0.01775	0.02319	0.02198	0.01428	0.48038	0.03494	0.04690	0.05441	0.14557	0.02518	0.01355	0.00901	0.00272	0.00831	0.01104	0.00844	0.01279
129	0.01900	0.02122	0.04571	0.03318	0.04089	0.01989	0.54889	0.02554	0.01966	0.02664	0.02053	0.09807	0.01776	0.00935	0.01013	0.00293	0.01330	0.01162	0.00471	0.01097
130	0.02524	0.02845	0.02519	0.02197	0.02433	0.30270	0.01751	0.06695	0.01965	0.02288	0.01266	0.01733	0.01130	0.01193	0.01787	0.00298	0.35021	0.00661	0.00433	0.00990
131	0.01707	0.04402	0.65683	0.02426	0.03683	0.01976	0.03144	0.02695	0.01797	0.02695	0.01527	0.01797	0.01078	0.00809	0.00809	0.00270	0.01258	0.00629	0.00359	0.01258
132	0.03229	0.02570	0.02538	0.01984	0.02638	0.09793	0.01620	0.55406	0.03824	0.04997	0.01962	0.01986	0.01408	0.01005	0.00842	0.00251	0.01003	0.00742	0.00805	0.01396
133	0.01006	0.00862	0.00862	0.00862	0.01149	0.00718	0.00647	0.01221	0.01940	0.02299	0.08621	0.08190	0.64438	0.02155	0.01006	0.00287	0.00431	0.01796	0.00790	0.00718
134	0.03818	0.01448	0.01975	0.01514	0.02172	0.01251	0.01251	0.04147	0.02436	0.65373	0.03357	0.02897	0.02107	0.01053	0.00856	0.00263	0.00724	0.00856	0.01053	0.01448
135	0.02342	0.01720	0.01973	0.01642	0.02069	0.01911	0.01304	0.35111	0.02817	0.03820	0.02198	0.02896	0.01869	0.11318	0.22311	0.00681	0.01351	0.00871	0.00683	0.01112
136	0.01862	0.01862	0.02607	0.02234	0.02234	0.02607	0.01862	0.02048	0.01303	0.02048	0.01117	0.01862	0.01117	0.01489	0.02793	0.00372	0.68535	0.00745	0.00372	0.00931
137	0.01037	0.00741	0.00987	0.01185	0.01234	0.00691	0.00790	0.01185	0.01629	0.02172	0.04690	0.69537	0.05629	0.02666	0.01086	0.00346	0.00494	0.02419	0.00790	0.00691
138	0.01238	0.00825	0.00928	0.00928	0.00928	0.00825	0.00516	0.01238	0.01238	0.01650	0.02681	0.05569	0.03094	0.70092	0.04331	0.00825	0.00825	0.01238	0.00516	0.00516
139	0.03072	0.03539	0.02505	0.02322	0.06123	0.48504	0.01703	0.14049	0.02629	0.02723	0.01457	0.01674	0.01176	0.00923	0.00874	0.00234	0.04283	0.00608	0.00510	0.01089
140	0.02101	0.02036	0.03535	0.05139	0.61674	0.02029	0.05657	0.02618	0.01941	0.02777	0.01607	0.02116	0.01345	0.00756	0.00851	0.00255	0.01033	0.00771	0.00422	0.01338
141	0.01268	0.00860	0.01030	0.01075	0.01120	0.00860	0.00712	0.01358	0.01403	0.01856	0.03100	0.06493	0.03507	0.54565	0.03608	0.00726	0.00816	0.14491	0.00577	0.00577
142	0.01188	0.00864	0.01118	0.01066	0.01264	0.00794	0.00795	0.01570	0.02354	0.03308	0.59204	0.09187	0.10495	0.01799	0.01007	0.00272	0.00407	0.01589	0.00924	0.00794
143	0.01938	0.01989	0.02595	0.02232	0.02257	0.06332	0.01849	0.02127	0.01368	0.02050	0.01129	0.01843	0.01116	0.01454	0.02675	0.00363	0.64639	0.00733	0.00376	0.00934
144	0.03185	0.03869	0.02428	0.02166	0.02632	0.59522	0.01641	0.09939	0.02589	0.02449	0.01397	0.01591	0.01135	0.00893	0.00777	0.00223	0.01468	0.00572	0.00485	0.01038
145	0.01954	0.01679	0.01775	0.01622	0.02061	0.01909	0.01252	0.04033	0.54176	0.03367	0.04003	0.07378	0.08411	0.01331	0.00891	0.00292	0.00641	0.01120	0.00855	0.01253
