[name]
unknown

[dist]
# distance from previous block
# <min> <max>
0	1

[block]
# block no. 0 follows, 22 sequences, length 8
# corresponding to MSA columns:
# 1-8
name=unknown_A
#
# <colnr> <probs for GDERKNQSTAVLIFYWHMCP>
#	G	D	E	R	K	N	Q	S	T	A	V	L	I	F	Y	W	H	M	C	P
0	0.01909	0.28475	0.18287	0.02200	0.02994	0.02355	0.17903	0.02464	0.01805	0.02366	0.01801	0.02735	0.01607	0.00936	0.00791	0.00251	0.01084	0.08534	0.00426	0.01077
1	0.02220	0.03046	0.37154	0.02200	0.03157	0.01693	0.10340	0.02943	0.01984	0.19490	0.05974	0.02381	0.01770	0.00898	0.00839	0.00264	0.01061	0.00777	0.00574	0.01235
2	0.08113	0.01473	0.09855	0.01281	0.01605	0.01157	0.01072	0.01665	0.01454	0.02217	0.02496	0.17135	0.02719	0.27620	0.02196	0.00468	0.04337	0.01170	0.00530	0.11437
3	0.01970	0.02069	0.02297	0.08616	0.19105	0.17441	0.01713	0.02306	0.01946	0.02426	0.11409	0.07755	0.05839	0.01219	0.01107	0.00268	0.10032	0.00972	0.00524	0.00984
4	0.01104	0.01007	0.04375	0.01101	0.01352	0.00803	0.00890	0.01399	0.01934	0.02525	0.20707	0.20773	0.29520	0.02062	0.01004	0.00297	0.00500	0.07115	0.00784	0.00749
5	0.02351	0.02732	0.06837	0.02878	0.16798	0.22658	0.10052	0.03305	0.18496	0.02688	0.01967	0.02162	0.01537	0.00877	0.00825	0.00251	0.01132	0.00753	0.00529	0.01173
6	0.02029	0.02260	0.01947	0.11554	0.02555	0.26080	0.01433	0.02310	0.01902	0.02132	0.02822	0.03117	0.14053	0.01628	0.07003	0.00346	0.08366	0.00858	0.00488	0.07118
7	0.06178	0.01002	0.01229	0.01128	0.01438	0.00915	0.00860	0.02052	0.02081	0.17556	0.25392	0.16566	0.16919	0.01723	0.00933	0.00277	0.00501	0.01483	0.00864	0.00902

[dist]
# distance from previous block
# <min> <max>
0	3

[block]
# block no. 1 follows, 22 sequences, length 57
# corresponding to MSA columns:
# 12-68
name=unknown_B
#
# <colnr> <probs for GDERKNQSTAVLIFYWHMCP>
#	G	D	E	R	K	N	Q	S	T	A	V	L	I	F	Y	W	H	M	C	P
0	0.02543	0.25768	0.06263	0.02449	0.15161	0.13645	0.01796	0.17572	0.02393	0.02964	0.01482	0.01690	0.01202	0.00816	0.00714	0.00219	0.01034	0.00602	0.00496	0.01192
1	0.05575	0.02092	0.19055	0.01557	0.02238	0.01397	0.01561	0.02883	0.08725	0.22631	0.04057	0.03855	0.18361	0.01245	0.00848	0.00268	0.00764	0.01010	0.00735	0.01143
2	0.21499	0.02141	0.07270	0.03188	0.24349	0.04774	0.16892	0.02549	0.01813	0.02955	0.03965	0.02036	0.01421	0.00784	0.00782	0.00258	0.01014	0.00736	0.00457	0.01117
3	0.01665	0.01862	0.10633	0.03328	0.32829	0.01543	0.04597	0.02113	0.01775	0.02496	0.02521	0.20140	0.02599	0.03899	0.01029	0.00301	0.00887	0.04193	0.00518	0.01073
4	0.01017	0.00796	0.00922	0.00991	0.01169	0.00701	0.00705	0.01224	0.01830	0.02327	0.13781	0.32335	0.34744	0.02251	0.01013	0.00301	0.00441	0.01963	0.00789	0.00701
5	0.01783	0.18400	0.53420	0.02169	0.03288	0.02215	0.02723	0.02601	0.01740	0.02489	0.01420	0.01665	0.01055	0.00773	0.00735	0.00245	0.01156	0.00578	0.00352	0.01194
6	0.01758	0.03739	0.51071	0.02968	0.16111	0.01946	0.05598	0.02616	0.01791	0.02649	0.01514	0.01836	0.01115	0.00775	0.00804	0.00261	0.01187	0.00656	0.00366	0.01241
7	0.01666	0.01317	0.01455	0.01366	0.01703	0.01379	0.01061	0.12826	0.17192	0.03065	0.04906	0.18430	0.20928	0.01794	0.00955	0.00297	0.00611	0.07277	0.00799	0.00975
8	0.02056	0.01974	0.03372	0.05099	0.65622	0.01974	0.02550	0.02550	0.01892	0.02714	0.01563	0.02056	0.01316	0.00740	0.00822	0.00247	0.00987	0.00740	0.00411	0.01316
9	0.03036	0.03738	0.02430	0.02325	0.06778	0.59581	0.01667	0.06491	0.02407	0.02252	0.01341	0.01562	0.01105	0.00856	0.00758	0.00218	0.01432	0.00560	0.00449	0.01011
10	0.01728	0.08884	0.52490	0.02517	0.09355	0.01985	0.02809	0.02566	0.01770	0.02581	0.01621	0.02140	0.01269	0.00855	0.00792	0.00261	0.01156	0.03642	0.00378	0.01201
11	0.76672	0.01607	0.01221	0.01092	0.01607	0.01864	0.00900	0.02442	0.01414	0.03727	0.01157	0.01350	0.00900	0.00771	0.00514	0.00257	0.00643	0.00450	0.00514	0.00900
12	0.03103	0.03959	0.02354	0.02140	0.02568	0.67469	0.01605	0.03317	0.02354	0.02033	0.01284	0.01498	0.01070	0.00856	0.00749	0.00214	0.01498	0.00535	0.00428	0.00963
13	0.02192	0.14921	0.28577	0.02708	0.16572	0.11680	0.02340	0.02784	0.01902	0.06691	0.01539	0.01782	0.01182	0.00791	0.00750	0.00237	0.01123	0.00616	0.00421	0.01193
14	0.01083	0.00773	0.01045	0.01238	0.01317	0.00736	0.00894	0.01279	0.01660	0.02200	0.04540	0.57082	0.05340	0.02536	0.01079	0.00347	0.00543	0.14844	0.00770	0.00694
15	0.01205	0.00819	0.00976	0.00976	0.01000	0.00843	0.00590	0.01253	0.01229	0.01662	0.02554	0.05084	0.02867	0.60342	0.14482	0.00891	0.01035	0.01157	0.00494	0.00542
16	0.01733	0.01644	0.02789	0.47298	0.25945	0.01889	0.02389	0.02267	0.01739	0.02322	0.01506	0.02161	0.01178	0.00800	0.00828	0.00267	0.01067	0.00739	0.00383	0.01056
17	0.06421	0.03261	0.05528	0.05603	0.02670	0.41684	0.01630	0.14604	0.02511	0.02819	0.01505	0.01716	0.01180	0.00880	0.00752	0.00228	0.01256	0.00599	0.04106	0.01049
18	0.02056	0.01974	0.03372	0.05099	0.65622	0.01974	0.02550	0.02550	0.01892	0.02714	0.01563	0.02056	0.01316	0.00740	0.00822	0.00247	0.00987	0.00740	0.00411	0.01316
19	0.02030	0.01971	0.03438	0.07626	0.59055	0.01977	0.06549	0.02539	0.01887	0.02686	0.01567	0.02075	0.01304	0.00741	0.00833	0.00250	0.01020	0.00756	0.00410	0.01287
20	0.01187	0.00890	0.01335	0.01335	0.01483	0.01038	0.01038	0.01483	0.01335	0.01928	0.02225	0.03264	0.02077	0.06231	0.67512	0.01335	0.02225	0.00890	0.00445	0.00742
21	0.01886	0.02986	0.30877	0.03909	0.38597	0.01954	0.02776	0.02585	0.01832	0.02678	0.01531	0.01924	0.01201	0.00762	0.00808	0.00254	0.01092	0.00685	0.00385	0.01277
22	0.01692	0.07403	0.63619	0.02324	0.03528	0.01992	0.02993	0.02624	0.01751	0.02600	0.01475	0.01734	0.01053	0.00786	0.00777	0.00259	0.01212	0.00606	0.00351	0.01220
23	0.03727	0.01414	0.01928	0.01478	0.02121	0.01221	0.01221	0.04049	0.02378	0.66198	0.03277	0.02828	0.02056	0.01028	0.00835	0.00257	0.00707	0.00835	0.01028	0.01414
24	0.01006	0.00749	0.00937	0.01089	0.01187	0.00681	0.00741	0.01164	0.01656	0.02147	0.05409	0.56784	0.18436	0.02495	0.01043	0.00325	0.00469	0.02230	0.00771	0.00681
25	0.20848	0.13254	0.02098	0.01455	0.01940	0.17322	0.01191	0.12081	0.02137	0.03159	0.01631	0.01835	0.01295	0.00857	0.00635	0.00220	0.00873	0.00581	0.15592	0.00997
26	0.01182	0.00932	0.01078	0.01041	0.01294	0.00869	0.00793	0.01668	0.07482	0.02863	0.33972	0.06811	0.30569	0.01841	0.00977	0.00276	0.00444	0.04269	0.00843	0.00795
27	0.01187	0.00890	0.01335	0.01335	0.01483	0.01038	0.01038	0.01483	0.01335	0.01928	0.02225	0.03264	0.02077	0.06231	0.67512	0.01335	0.02225	0.00890	0.00445	0.00742
28	0.01325	0.15001	0.01785	0.05763	0.01744	0.01307	0.01061	0.01545	0.01647	0.02124	0.03665	0.45815	0.04240	0.02073	0.00948	0.00306	0.00634	0.07581	0.00660	0.00779
29	0.18190	0.10895	0.02605	0.02432	0.15964	0.19774	0.01635	0.13876	0.02263	0.03118	0.01433	0.01660	0.01150	0.00822	0.00705	0.00232	0.01026	0.00590	0.00508	0.01122
30	0.02419	0.01129	0.01484	0.01235	0.01663	0.00991	0.00982	0.02754	0.02309	0.34416	0.27566	0.04745	0.11928	0.01415	0.00908	0.00262	0.00552	0.01202	0.00954	0.01087
31	0.01155	0.00893	0.01061	0.01030	0.01256	0.00826	0.00767	0.01588	0.05866	0.02900	0.38681	0.11958	0.25222	0.01866	0.00979	0.00275	0.00424	0.01619	0.00854	0.00781
32	0.05590	0.01725	0.01934	0.01522	0.02087	0.01783	0.01243	0.30582	0.02846	0.17247	0.02311	0.02349	0.01654	0.01162	0.03376	0.00274	0.00800	0.00742	0.12899	0.07874
33	0.01702	0.02086	0.15484	0.02288	0.06127	0.01638	0.16378	0.08097	0.01864	0.02610	0.02068	0.07127	0.01852	0.06678	0.19531	0.00600	0.01426	0.00952	0.00482	0.01009
34	0.01066	0.00767	0.00926	0.01029	0.01101	0.00718	0.00668	0.01178	0.01526	0.01988	0.04624	0.40494	0.14641	0.23002	0.01999	0.00469	0.00569	0.01915	0.00691	0.00628
35	0.01897	0.01110	0.01146	0.01020	0.01316	0.01164	0.00797	0.15121	0.02211	0.03560	0.02555	0.02859	0.01974	0.00974	0.00635	0.00206	0.00501	0.00769	0.59272	0.00912
36	0.36007	0.02612	0.01758	0.01573	0.02040	0.30072	0.01225	0.06427	0.01989	0.03051	0.01357	0.01559	0.01079	0.00833	0.00638	0.00234	0.01012	0.00524	0.05059	0.00950
37	0.46796	0.05544	0.17671	0.01685	0.06046	0.01924	0.01576	0.02570	0.01583	0.06141	0.01360	0.01559	0.01023	0.00783	0.00616	0.00254	0.00823	0.00525	0.00483	0.01037
38	0.02474	0.01881	0.02080	0.01619	0.02231	0.01912	0.01306	0.37434	0.02981	0.04111	0.02155	0.10186	0.01854	0.01079	0.00795	0.00223	0.00774	0.00868	0.00724	0.23314
39	0.10723	0.04372	0.02023	0.04697	0.13490	0.04608	0.03952	0.02167	0.04549	0.02804	0.17181	0.06945	0.03235	0.05833	0.01156	0.00297	0.04869	0.01006	0.05153	0.00940
40	0.02273	0.56463	0.04056	0.01971	0.10622	0.08458	0.01587	0.02565	0.01771	0.02062	0.01220	0.01443	0.01100	0.00727	0.00590	0.00190	0.00952	0.00491	0.00369	0.01091
41	0.02692	0.02646	0.16245	0.01960	0.02705	0.02309	0.01848	0.45698	0.03286	0.04464	0.02058	0.06500	0.01607	0.01059	0.00837	0.00258	0.00953	0.00827	0.00723	0.01323
42	0.01600	0.01312	0.01628	0.01808	0.10285	0.01353	0.01187	0.09415	0.12770	0.02831	0.04467	0.20823	0.18894	0.02016	0.05379	0.00357	0.00734	0.01447	0.00721	0.00973
43	0.01952	0.02688	0.20771	0.10418	0.36165	0.05503	0.05504	0.02577	0.01859	0.02593	0.01525	0.01967	0.01206	0.00767	0.00818	0.00254	0.01113	0.00705	0.00392	0.01224
44	0.01051	0.00844	0.00937	0.00914	0.01164	0.00731	0.00686	0.01326	0.02057	0.02631	0.28638	0.07358	0.44821	0.01959	0.00981	0.00274	0.00411	0.01664	0.00822	0.00731
45	0.02031	0.01856	0.03266	0.19602	0.40290	0.01914	0.09745	0.02554	0.01875	0.06394	0.01660	0.02162	0.01305	0.00774	0.00844	0.00258	0.01049	0.00775	0.00440	0.01206
46	0.02405	0.14725	0.19654	0.05921	0.09118	0.12666	0.02082	0.18227	0.02401	0.03075	0.01538	0.01759	0.01179	0.00838	0.00756	0.00236	0.01102	0.00626	0.00495	0.01198
47	0.01216	0.00834	0.00966	0.00979	0.01192	0.00770	0.00751	0.01537	0.01974	0.02783	0.22668	0.09830	0.23460	0.01762	0.00908	0.00269	0.00447	0.08096	0.18811	0.00748
48	0.01176	0.00849	0.01110	0.01045	0.01241	0.00784	0.00784	0.01568	0.02352	0.03331	0.65184	0.06206	0.07839	0.01698	0.00980	0.00261	0.00392	0.01502	0.00914	0.00784
49	0.02092	0.02174	0.03762	0.04447	0.43685	0.06002	0.20226	0.02629	0.01940	0.02657	0.01581	0.02077	0.01285	0.00735	0.00865	0.00255	0.01140	0.00799	0.00415	0.01237
50	0.01309	0.01274	0.06401	0.01457	0.01724	0.01108	0.08737	0.01573	0.01447	0.01971	0.02880	0.04408	0.08558	0.31985	0.20792	0.00793	0.01268	0.01101	0.00492	0.00721
51	0.01208	0.00805	0.00906	0.00906	0.00906	0.00805	0.00503	0.01208	0.01208	0.01611	0.02618	0.05436	0.03020	0.70804	0.04228	0.00805	0.00805	0.01208	0.00503	0.00503
52	0.02090	0.01940	0.03285	0.14778	0.20951	0.02012	0.18684	0.14539	0.02254	0.03061	0.01890	0.07156	0.01592	0.00934	0.00887	0.00268	0.01070	0.00927	0.00517	0.01166
53	0.01934	0.02737	0.22301	0.10330	0.33499	0.05104	0.07083	0.02577	0.01855	0.02594	0.01528	0.01968	0.01200	0.00766	0.00821	0.00256	0.01126	0.00710	0.00390	0.01219
54	0.02400	0.03276	0.15379	0.06007	0.19705	0.30026	0.06245	0.02883	0.02057	0.02376	0.01433	0.01777	0.01146	0.00801	0.00795	0.00239	0.01286	0.00643	0.00405	0.01117
55	0.23949	0.09885	0.01752	0.01329	0.01711	0.15862	0.01058	0.02344	0.01685	0.02672	0.01688	0.02171	0.01451	0.05007	0.10837	0.00416	0.01057	0.00627	0.13629	0.00868
56	0.13438	0.02338	0.20021	0.04930	0.02557	0.01790	0.01736	0.06628	0.17758	0.07975	0.10214	0.02718	0.02371	0.01021	0.00794	0.00266	0.00823	0.00815	0.00653	0.01153

[dist]
# distance from previous block
# <min> <max>
8	28

[block]
# block no. 2 follows, 22 sequences, length 82
# corresponding to MSA columns:
# 97-178
name=unknown_C
#
# <colnr> <probs for GDERKNQSTAVLIFYWHMCP>
#	G	D	E	R	K	N	Q	S	T	A	V	L	I	F	Y	W	H	M	C	P
0	0.02126	0.20271	0.02342	0.01340	0.01863	0.01973	0.01140	0.16555	0.04983	0.03129	0.02165	0.02359	0.04300	0.01024	0.00812	0.04486	0.00710	0.00689	0.16645	0.11088
1	0.04515	0.01270	0.01446	0.01215	0.01644	0.01173	0.00930	0.07908	0.05086	0.05315	0.09863	0.09118	0.11486	0.08754	0.03745	0.00326	0.00672	0.01074	0.00670	0.23791
2	0.02486	0.02030	0.02286	0.01882	0.02296	0.05008	0.01536	0.33577	0.06851	0.03760	0.01886	0.02195	0.01498	0.01881	0.11161	0.00437	0.16635	0.00768	0.00652	0.01174
3	0.07577	0.12870	0.02103	0.01524	0.01797	0.05401	0.03671	0.01888	0.01624	0.02294	0.07978	0.17960	0.02880	0.02401	0.13738	0.00481	0.11291	0.01131	0.00539	0.00849
4	0.01686	0.01620	0.01525	0.01665	0.07468	0.15929	0.01111	0.01829	0.01843	0.02171	0.08699	0.12511	0.17711	0.01883	0.01364	0.14683	0.00796	0.04153	0.00593	0.00759
5	0.01800	0.08741	0.10294	0.02063	0.02591	0.01840	0.17881	0.02272	0.01761	0.04980	0.04677	0.02806	0.06559	0.01239	0.03519	0.00305	0.12803	0.00880	0.11999	0.00991
6	0.02249	0.03035	0.14496	0.02109	0.02591	0.27305	0.04538	0.04931	0.01972	0.02310	0.01962	0.05542	0.05568	0.01146	0.01244	0.00272	0.16489	0.00793	0.00454	0.00994
7	0.01213	0.00990	0.01096	0.01041	0.01270	0.03825	0.00781	0.01548	0.02230	0.02982	0.47127	0.06466	0.22830	0.01768	0.00970	0.00264	0.00450	0.01525	0.00854	0.00770
8	0.01990	0.01975	0.03575	0.11069	0.48118	0.01985	0.13901	0.02529	0.01882	0.02646	0.01577	0.02107	0.01285	0.00742	0.00853	0.00256	0.01077	0.00786	0.00409	0.01240
9	0.02673	0.21504	0.02812	0.01843	0.02374	0.32573	0.01498	0.08057	0.14081	0.02543	0.01706	0.01799	0.01376	0.00880	0.00716	0.00220	0.01127	0.00605	0.00520	0.01094
10	0.01263	0.01143	0.01111	0.01217	0.01357	0.08889	0.00847	0.01429	0.01742	0.02133	0.04906	0.49934	0.16355	0.02293	0.01007	0.00311	0.00595	0.02021	0.00729	0.00715
11	0.01197	0.00801	0.00909	0.00920	0.00923	0.00798	0.00519	0.01205	0.01230	0.01640	0.02729	0.09109	0.03160	0.66940	0.04049	0.00779	0.00787	0.01273	0.00519	0.00513
12	0.01316	0.01097	0.01180	0.01115	0.01427	0.01086	0.00849	0.02141	0.18710	0.02816	0.19629	0.06284	0.35714	0.01752	0.00945	0.00277	0.00478	0.01479	0.00823	0.00884
13	0.02157	0.02164	0.03274	0.04815	0.59570	0.08260	0.02459	0.02623	0.01936	0.02649	0.01536	0.02003	0.01292	0.00751	0.00815	0.00244	0.01036	0.00721	0.00413	0.01282
14	0.01040	0.00844	0.00923	0.00903	0.01158	0.00726	0.00677	0.01305	0.02031	0.02572	0.25513	0.07456	0.47983	0.01982	0.00981	0.00275	0.00412	0.01678	0.00815	0.00726
15	0.01549	0.00774	0.00774	0.00774	0.00968	0.00774	0.00581	0.01936	0.01742	0.03097	0.02710	0.03097	0.02129	0.00968	0.00581	0.00194	0.00387	0.00774	0.75416	0.00774
16	0.01818	0.01818	0.02545	0.02181	0.02181	0.02545	0.01818	0.01999	0.01272	0.01999	0.01091	0.01818	0.01091	0.01454	0.02726	0.00364	0.69284	0.00727	0.00364	0.00909
17	0.03103	0.03959	0.02354	0.02140	0.02568	0.67469	0.01605	0.03317	0.02354	0.02033	0.01284	0.01498	0.01070	0.00856	0.00749	0.00214	0.01498	0.00535	0.00428	0.00963
18	0.01035	0.00839	0.00919	0.00909	0.01157	0.00722	0.00678	0.01292	0.02004	0.02531	0.23508	0.10058	0.47411	0.02015	0.00985	0.00278	0.00416	0.01711	0.00810	0.00722
19	0.03158	0.02327	0.02493	0.01911	0.02576	0.02576	0.01579	0.62852	0.03906	0.05236	0.01995	0.01995	0.01413	0.00997	0.00831	0.00249	0.00914	0.00748	0.00831	0.01413
20	0.01012	0.00723	0.00964	0.01157	0.01205	0.00675	0.00771	0.01157	0.01591	0.02121	0.04579	0.70262	0.05495	0.02603	0.01060	0.00337	0.00482	0.02362	0.00771	0.00675
21	0.01549	0.00774	0.00774	0.00774	0.00968	0.00774	0.00581	0.01936	0.01742	0.03097	0.02710	0.03097	0.02129	0.00968	0.00581	0.00194	0.00387	0.00774	0.75416	0.00774
22	0.01187	0.00890	0.01335	0.01335	0.01483	0.01038	0.01038	0.01483	0.01335	0.01928	0.02225	0.03264	0.02077	0.06231	0.67512	0.01335	0.02225	0.00890	0.00445	0.00742
23	0.01187	0.00890	0.01335	0.01335	0.01483	0.01038	0.01038	0.01483	0.01335	0.01928	0.02225	0.03264	0.02077	0.06231	0.67512	0.01335	0.02225	0.00890	0.00445	0.00742
24	0.01208	0.00805	0.00906	0.00906	0.00906	0.00805	0.00503	0.01208	0.01208	0.01611	0.02618	0.05436	0.03020	0.70804	0.04228	0.00805	0.00805	0.01208	0.00503	0.00503
25	0.01012	0.00723	0.00964	0.01157	0.01205	0.00675	0.00771	0.01157	0.01591	0.02121	0.04579	0.70262	0.05495	0.02603	0.01060	0.00337	0.00482	0.02362	0.00771	0.00675
26	0.09248	0.27804	0.38026	0.01907	0.02881	0.02405	0.02271	0.02561	0.01697	0.02499	0.01339	0.01565	0.01042	0.00760	0.00671	0.00232	0.01050	0.00538	0.00368	0.01138
27	0.02070	0.18543	0.05816	0.23629	0.06285	0.12579	0.14949	0.02547	0.01853	0.02226	0.01418	0.01878	0.01131	0.00774	0.00778	0.00243	0.01180	0.00685	0.00387	0.01031
28	0.01215	0.00858	0.01036	0.01028	0.01117	0.00834	0.00654	0.01306	0.01337	0.01834	0.02831	0.16653	0.03209	0.45068	0.10438	0.00720	0.00889	0.01320	0.00545	0.07109
29	0.01713	0.04005	0.58270	0.02645	0.08586	0.01942	0.06111	0.02626	0.01776	0.02639	0.01506	0.01803	0.01084	0.00781	0.00802	0.00263	0.01217	0.00643	0.00359	0.01229
30	0.01790	0.02551	0.23181	0.08927	0.34732	0.01822	0.02521	0.02404	0.01800	0.02582	0.01830	0.08687	0.01627	0.00946	0.00836	0.00263	0.01024	0.00859	0.00424	0.01193
31	0.03253	0.01844	0.02134	0.01650	0.02269	0.01899	0.01358	0.34852	0.03132	0.29051	0.02556	0.02410	0.01723	0.01007	0.00813	0.00248	0.00791	0.00784	0.06863	0.01362
32	0.01054	0.00904	0.00910	0.00898	0.01191	0.00792	0.00676	0.01406	0.06016	0.02326	0.08082	0.07671	0.61128	0.02039	0.00973	0.00281	0.00436	0.01699	0.00776	0.00742
33	0.01808	0.19202	0.49696	0.02126	0.03204	0.02240	0.02622	0.02678	0.04515	0.02517	0.01500	0.01719	0.01121	0.00787	0.00734	0.00245	0.01126	0.00590	0.00374	0.01195
34	0.01187	0.00890	0.01335	0.01335	0.01483	0.01038	0.01038	0.01483	0.01335	0.01928	0.02225	0.03264	0.02077	0.06231	0.67512	0.01335	0.02225	0.00890	0.00445	0.00742
35	0.01981	0.01191	0.01236	0.01080	0.01400	0.01258	0.00849	0.18299	0.02323	0.03672	0.02518	0.02801	0.01937	0.00976	0.00648	0.00209	0.00529	0.00767	0.55381	0.00946
36	0.01982	0.01444	0.01644	0.01480	0.01801	0.01532	0.01117	0.28732	0.02604	0.03484	0.03313	0.36080	0.03530	0.05749	0.01137	0.00325	0.00693	0.01575	0.00783	0.00995
37	0.01219	0.00938	0.01398	0.01379	0.01520	0.01116	0.01079	0.01510	0.01332	0.01932	0.02166	0.03189	0.02026	0.05983	0.64157	0.01285	0.05698	0.00882	0.00441	0.00750
38	0.01034	0.00844	0.00914	0.00896	0.01154	0.00723	0.00672	0.01293	0.02017	0.02536	0.23665	0.07514	0.49854	0.01995	0.00981	0.00275	0.00413	0.01686	0.00810	0.00723
39	0.03118	0.03521	0.02392	0.02079	0.02570	0.50038	0.01598	0.19309	0.02771	0.02893	0.01475	0.01631	0.01162	0.00894	0.00771	0.00223	0.01341	0.00592	0.00536	0.01084
40	0.01896	0.32106	0.40709	0.01975	0.02988	0.02493	0.02385	0.02571	0.01727	0.02350	0.01351	0.01579	0.01058	0.00757	0.00683	0.00228	0.01087	0.00543	0.00353	0.01161
41	0.01205	0.00908	0.01157	0.01284	0.01499	0.00859	0.01078	0.01520	0.01892	0.02389	0.05745	0.11581	0.24976	0.02245	0.01088	0.00347	0.00638	0.38081	0.00767	0.00740
42	0.02320	0.50313	0.11612	0.01674	0.02395	0.15277	0.01659	0.02662	0.01822	0.02053	0.01221	0.01416	0.01065	0.00748	0.00605	0.00195	0.01046	0.00482	0.00369	0.01066
43	0.12317	0.02053	0.02493	0.03267	0.32032	0.11935	0.01903	0.05269	0.01995	0.02819	0.02025	0.03266	0.01886	0.01071	0.00831	0.00269	0.00973	0.11978	0.00515	0.01104
44	0.02512	0.08791	0.12178	0.02687	0.16275	0.34957	0.01960	0.02911	0.02080	0.02318	0.01439	0.01727	0.01175	0.00815	0.00745	0.00224	0.01241	0.00596	0.04290	0.01077
45	0.01818	0.01818	0.02545	0.02181	0.02181	0.02545	0.01818	0.01999	0.01272	0.01999	0.01091	0.01818	0.01091	0.01454	0.02726	0.00364	0.69284	0.00727	0.00364	0.00909
46	0.01569	0.01139	0.01427	0.01316	0.01518	0.01262	0.00980	0.13106	0.01787	0.02464	0.02299	0.03676	0.02234	0.24681	0.35733	0.00968	0.01548	0.00959	0.00536	0.00798
47	0.02056	0.01974	0.03372	0.05099	0.65622	0.01974	0.02550	0.02550	0.01892	0.02714	0.01563	0.02056	0.01316	0.00740	0.00822	0.00247	0.00987	0.00740	0.00411	0.01316
48	0.03158	0.02327	0.02493	0.01911	0.02576	0.02576	0.01579	0.62852	0.03906	0.05236	0.01995	0.01995	0.01413	0.00997	0.00831	0.00249	0.00914	0.00748	0.00831	0.01413
49	0.01187	0.00890	0.01335	0.01335	0.01483	0.01038	0.01038	0.01483	0.01335	0.01928	0.02225	0.03264	0.02077	0.06231	0.67512	0.01335	0.02225	0.00890	0.00445	0.00742
50	0.01818	0.01818	0.02545	0.02181	0.02181	0.02545	0.01818	0.01999	0.01272	0.01999	0.01091	0.01818	0.01091	0.01454	0.02726	0.00364	0.69284	0.00727	0.00364	0.00909
51	0.02066	0.01785	0.01878	0.01691	0.02160	0.02066	0.01315	0.04414	0.64121	0.03475	0.03381	0.03099	0.02536	0.01127	0.00845	0.00282	0.00657	0.00939	0.00845	0.01315
52	0.01038	0.00742	0.00994	0.01187	0.01246	0.00697	0.00816	0.01202	0.01616	0.02150	0.04564	0.65401	0.05438	0.02578	0.01067	0.00341	0.00505	0.06966	0.00771	0.00682
53	0.76672	0.01607	0.01221	0.01092	0.01607	0.01864	0.00900	0.02442	0.01414	0.03727	0.01157	0.01350	0.00900	0.00771	0.00514	0.00257	0.00643	0.00450	0.00514	0.00900
54	0.01081	0.00814	0.01186	0.01299	0.01396	0.00765	0.03903	0.01269	0.01630	0.02172	0.04422	0.62824	0.05235	0.02487	0.01062	0.00338	0.00547	0.06113	0.00753	0.00703
55	0.01549	0.00774	0.00774	0.00774	0.00968	0.00774	0.00581	0.01936	0.01742	0.03097	0.02710	0.03097	0.02129	0.00968	0.00581	0.00194	0.00387	0.00774	0.75416	0.00774
56	0.01189	0.00880	0.01282	0.01282	0.01412	0.01010	0.00973	0.01450	0.01320	0.01889	0.02273	0.03531	0.02193	0.14167	0.59735	0.01270	0.02051	0.00929	0.00452	0.00712
57	0.01666	0.04297	0.66500	0.02368	0.03596	0.01929	0.03069	0.02631	0.01754	0.02631	0.01491	0.01754	0.01052	0.00789	0.00789	0.00263	0.01228	0.00614	0.00351	0.01228
58	0.02056	0.01974	0.03372	0.05099	0.65622	0.01974	0.02550	0.02550	0.01892	0.02714	0.01563	0.02056	0.01316	0.00740	0.00822	0.00247	0.00987	0.00740	0.00411	0.01316
59	0.01010	0.00732	0.00954	0.01132	0.01198	0.00677	0.00760	0.01160	0.01615	0.02131	0.04885	0.65291	0.10268	0.02563	0.01054	0.00333	0.00477	0.02313	0.00771	0.00677
60	0.08013	0.01945	0.03200	0.04779	0.60511	0.01965	0.02418	0.02541	0.01853	0.02795	0.01530	0.02000	0.01283	0.00743	0.00798	0.00248	0.00959	0.00717	0.00419	0.01283
61	0.02458	0.53214	0.03816	0.01615	0.02249	0.20528	0.01471	0.02710	0.01867	0.01976	0.01190	0.01377	0.01067	0.00750	0.00591	0.00187	0.01052	0.00469	0.00375	0.01038
62	0.01189	0.00882	0.01293	0.01293	0.01427	0.01015	0.00986	0.01456	0.01323	0.01897	0.02264	0.03478	0.02170	0.12588	0.61282	0.01283	0.02085	0.00921	0.00451	0.00718
63	0.02038	0.02024	0.03662	0.04796	0.54015	0.01998	0.13925	0.02571	0.01905	0.02704	0.01585	0.02091	0.01305	0.00733	0.00852	0.00253	0.01065	0.00786	0.00413	0.01279
64	0.02015	0.01932	0.03297	0.10490	0.60553	0.01963	0.02529	0.02513	0.01872	0.02664	0.01555	0.02070	0.01298	0.00748	0.00823	0.00249	0.00997	0.00740	0.00408	0.01283
65	0.02210	0.01412	0.01480	0.01241	0.01629	0.01514	0.00991	0.26958	0.02631	0.03976	0.02416	0.02644	0.01835	0.00980	0.00684	0.00216	0.00604	0.00763	0.44780	0.01037
66	0.01037	0.00834	0.00928	0.00949	0.01181	0.00725	0.00709	0.01280	0.01940	0.02437	0.18035	0.15387	0.44757	0.02101	0.00999	0.00289	0.00439	0.04462	0.00797	0.00716
67	0.02235	0.02674	0.19573	0.02088	0.02693	0.09993	0.04996	0.07446	0.06978	0.09925	0.02078	0.02757	0.01700	0.01137	0.01209	0.00288	0.13986	0.06555	0.00560	0.01126
68	0.01553	0.01150	0.01524	0.01414	0.01620	0.01347	0.01120	0.09483	0.01716	0.02524	0.02152	0.02935	0.01902	0.04350	0.43187	0.00940	0.08401	0.00840	0.10992	0.00849
69	0.01207	0.00811	0.00934	0.00934	0.00944	0.00821	0.00539	0.01226	0.01217	0.01632	0.02592	0.05292	0.02958	0.66527	0.08420	0.00840	0.00899	0.01187	0.00500	0.00519
70	0.01956	0.39297	0.34039	0.01873	0.02831	0.02639	0.02209	0.02556	0.01719	0.02278	0.01315	0.01534	0.01060	0.00748	0.00655	0.00218	0.01051	0.00525	0.00353	0.01143
71	0.01662	0.01571	0.02660	0.56656	0.17147	0.01870	0.02353	0.02204	0.01705	0.02235	0.01493	0.02185	0.01147	0.00813	0.00829	0.00271	0.01084	0.00739	0.00377	0.00998
72	0.01549	0.00774	0.00774	0.00774	0.00968	0.00774	0.00581	0.01936	0.01742	0.03097	0.02710	0.03097	0.02129	0.00968	0.00581	0.00194	0.00387	0.00774	0.75416	0.00774
73	0.02056	0.01974	0.03372	0.05099	0.65622	0.01974	0.02550	0.02550	0.01892	0.02714	0.01563	0.02056	0.01316	0.00740	0.00822	0.00247	0.00987	0.00740	0.00411	0.01316
74	0.01654	0.01192	0.01649	0.01423	0.01786	0.01147	0.06996	0.02319	0.11554	0.10456	0.26128	0.08359	0.16345	0.01577	0.00953	0.00278	0.00594	0.03810	0.00829	0.00951
75	0.01105	0.00828	0.01024	0.01015	0.01207	0.00748	0.00746	0.01416	0.02126	0.02888	0.42429	0.16562	0.20989	0.01934	0.00993	0.00278	0.00413	0.01695	0.00859	0.00748
76	0.01012	0.00723	0.00964	0.01157	0.01205	0.00675	0.00771	0.01157	0.01591	0.02121	0.04579	0.70262	0.05495	0.02603	0.01060	0.00337	0.00482	0.02362	0.00771	0.00675
77	0.01853	0.01306	0.01527	0.01434	0.01724	0.01363	0.01071	0.19403	0.07292	0.06337	0.03671	0.41783	0.03906	0.01942	0.00966	0.00303	0.00632	0.01705	0.00807	0.00976
78	0.01991	0.02079	0.08082	0.04182	0.47780	0.01933	0.02342	0.02799	0.11386	0.02812	0.01977	0.02557	0.01655	0.00881	0.00840	0.00260	0.00945	0.03728	0.00490	0.01281
79	0.17005	0.09044	0.36314	0.01994	0.02886	0.14439	0.02226	0.02712	0.01794	0.02683	0.01358	0.01591	0.01026	0.00792	0.00706	0.00246	0.01135	0.00553	0.00398	0.01099
80	0.05495	0.01935	0.05697	0.03150	0.26317	0.05999	0.10580	0.02545	0.02011	0.08644	0.10246	0.03330	0.02518	0.01050	0.00878	0.00267	0.00950	0.06687	0.00573	0.01127
81	0.12909	0.02202	0.01947	0.01692	0.02166	0.14407	0.01323	0.20905	0.18049	0.03594	0.02407	0.10477	0.02059	0.01169	0.00803	0.00263	0.00869	0.00912	0.00707	0.01141

[dist]
# distance from previous block
# <min> <max>
0	26

[block]
# block no. 3 follows, 22 sequences, length 23
# corresponding to MSA columns:
# 205-227
name=unknown_D
#
# <colnr> <probs for GDERKNQSTAVLIFYWHMCP>
#	G	D	E	R	K	N	Q	S	T	A	V	L	I	F	Y	W	H	M	C	P
0	0.02379	0.02575	0.01884	0.01704	0.02075	0.33574	0.01289	0.11598	0.02456	0.02743	0.12112	0.10897	0.08644	0.01324	0.00854	0.00247	0.01024	0.01040	0.00634	0.00946
1	0.02062	0.02065	0.03111	0.16860	0.48431	0.08051	0.02416	0.02540	0.01891	0.02539	0.01520	0.02034	0.01254	0.00768	0.00817	0.00249	0.01057	0.00721	0.00405	0.01209
2	0.09807	0.02805	0.08672	0.02286	0.10570	0.24710	0.01729	0.11662	0.02373	0.14951	0.01807	0.01903	0.01319	0.00879	0.00769	0.00240	0.01093	0.00648	0.00597	0.01178
3	0.01666	0.04297	0.66500	0.02368	0.03596	0.01929	0.03069	0.02631	0.01754	0.02631	0.01491	0.01754	0.01052	0.00789	0.00789	0.00263	0.01228	0.00614	0.00351	0.01228
4	0.01055	0.00835	0.00950	0.00940	0.01172	0.00730	0.00698	0.01327	0.02039	0.02634	0.28949	0.12071	0.39667	0.01993	0.00987	0.00278	0.00415	0.01707	0.00824	0.00730
5	0.02636	0.19954	0.07565	0.01857	0.02392	0.40772	0.01577	0.02936	0.02091	0.02159	0.01401	0.01627	0.01166	0.00826	0.00684	0.00207	0.01227	0.00541	0.07391	0.00990
6	0.01709	0.01620	0.02745	0.50483	0.22951	0.01883	0.02377	0.02245	0.01727	0.02293	0.01501	0.02169	0.01167	0.00805	0.00828	0.00268	0.01073	0.00739	0.00381	0.01036
7	0.00982	0.00842	0.00842	0.00842	0.01122	0.00701	0.00631	0.01192	0.01894	0.02244	0.08416	0.07995	0.65285	0.02104	0.00982	0.00281	0.00421	0.01753	0.00771	0.00701
8	0.03036	0.09128	0.02508	0.02085	0.02535	0.62544	0.01591	0.03254	0.02303	0.02027	0.01274	0.01485	0.01070	0.00845	0.00732	0.00211	0.01451	0.00528	0.00422	0.00971
9	0.02002	0.44875	0.28865	0.01795	0.02709	0.02752	0.02071	0.02544	0.01714	0.02221	0.01287	0.01499	0.01061	0.00742	0.00634	0.00211	0.01022	0.00511	0.00354	0.01130
10	0.01997	0.01913	0.03265	0.12847	0.58337	0.01958	0.02520	0.02498	0.01864	0.02642	0.01552	0.02075	0.01291	0.00751	0.00823	0.00250	0.01002	0.00740	0.00406	0.01268
11	0.01012	0.00723	0.00964	0.01157	0.01205	0.00675	0.00771	0.01157	0.01591	0.02121	0.04579	0.70262	0.05495	0.02603	0.01060	0.00337	0.00482	0.02362	0.00771	0.00675
12	0.01970	0.01886	0.03216	0.16362	0.55033	0.01951	0.02507	0.02474	0.01851	0.02609	0.01547	0.02084	0.01279	0.00756	0.00824	0.00252	0.01008	0.00740	0.00404	0.01246
13	0.09167	0.13790	0.02386	0.17180	0.11119	0.01875	0.01560	0.06663	0.01881	0.02597	0.02926	0.03412	0.13510	0.01393	0.04259	0.00312	0.00904	0.03567	0.00520	0.00977
14	0.00989	0.00814	0.00870	0.00916	0.01142	0.00695	0.00664	0.01184	0.01822	0.02215	0.07514	0.22622	0.51240	0.02221	0.01000	0.00294	0.00435	0.01896	0.00771	0.00695
15	0.01114	0.00840	0.01019	0.01091	0.01266	0.00773	0.00823	0.01355	0.01838	0.02370	0.14437	0.20547	0.25833	0.08589	0.01336	0.00360	0.00539	0.14402	0.00766	0.00703
16	0.02189	0.02201	0.03178	0.14403	0.37527	0.10398	0.07911	0.07218	0.02075	0.02722	0.01557	0.02022	0.01254	0.00785	0.00830	0.00251	0.01104	0.00737	0.00440	0.01198
17	0.01490	0.08397	0.14731	0.01915	0.02482	0.01560	0.15393	0.01946	0.01773	0.02350	0.03754	0.18379	0.16781	0.01488	0.00986	0.00283	0.03470	0.01333	0.00557	0.00934
18	0.01559	0.00975	0.01249	0.01259	0.01543	0.00898	0.01044	0.01882	0.02028	0.11738	0.12821	0.07631	0.22710	0.01982	0.01033	0.00319	0.00609	0.27054	0.00823	0.00842
19	0.01835	0.24723	0.47556	0.02079	0.03149	0.02343	0.02567	0.02587	0.01734	0.02425	0.01388	0.01626	0.01057	0.00765	0.00711	0.00237	0.01124	0.00562	0.00352	0.01178
20	0.01991	0.22561	0.27031	0.02640	0.11209	0.05343	0.12995	0.02617	0.01817	0.02428	0.01429	0.01748	0.01128	0.00748	0.00753	0.00238	0.01144	0.00643	0.00376	0.01162
21	0.02823	0.03062	0.13443	0.02155	0.02862	0.20184	0.06506	0.29152	0.02900	0.06363	0.01746	0.01873	0.01274	0.00902	0.00813	0.00245	0.01156	0.00688	0.00616	0.01236
22	0.01950	0.01862	0.03121	0.04677	0.59233	0.01848	0.02360	0.02415	0.01892	0.02667	0.02241	0.02644	0.07652	0.00875	0.00838	0.00250	0.00931	0.00841	0.00447	0.01255

[dist]
# distance from previous block
# <min> <max>
3	6

[block]
# block no. 4 follows, 22 sequences, length 17
# corresponding to MSA columns:
# 234-250
name=unknown_E
#
# <colnr> <probs for GDERKNQSTAVLIFYWHMCP>
#	G	D	E	R	K	N	Q	S	T	A	V	L	I	F	Y	W	H	M	C	P
0	0.12644	0.01593	0.01710	0.01518	0.01953	0.01799	0.01191	0.07867	0.33764	0.08194	0.02748	0.02877	0.02136	0.04909	0.10981	0.00456	0.00921	0.00852	0.00736	0.01149
1	0.01665	0.01474	0.01788	0.02042	0.14137	0.01546	0.01304	0.02865	0.29097	0.02874	0.04880	0.04698	0.25396	0.01411	0.00891	0.00274	0.00635	0.01200	0.00734	0.01089
2	0.02309	0.02325	0.01990	0.01772	0.02251	0.18960	0.01365	0.03950	0.43254	0.03041	0.02689	0.02577	0.02054	0.01017	0.00802	0.00252	0.00872	0.00800	0.00710	0.07011
3	0.01009	0.00836	0.00888	0.00923	0.01171	0.00715	0.00694	0.01223	0.01860	0.02246	0.07713	0.15201	0.54477	0.02173	0.01002	0.00294	0.00450	0.05652	0.00771	0.00702
4	0.02362	0.52892	0.08610	0.01587	0.02327	0.03048	0.01575	0.14253	0.02125	0.02644	0.01343	0.01493	0.01133	0.00772	0.00610	0.00198	0.00919	0.00516	0.00448	0.01146
5	0.02176	0.01974	0.01818	0.01784	0.04738	0.18925	0.01342	0.02860	0.13239	0.09071	0.12243	0.04293	0.03253	0.01676	0.05277	0.00345	0.00984	0.12293	0.00703	0.01007
6	0.01303	0.00900	0.00976	0.00936	0.01244	0.00760	0.00709	0.01522	0.01930	0.09677	0.07570	0.11422	0.54061	0.02011	0.00970	0.00281	0.00458	0.01686	0.00801	0.00782
7	0.02056	0.01974	0.03372	0.05099	0.65622	0.01974	0.02550	0.02550	0.01892	0.02714	0.01563	0.02056	0.01316	0.00740	0.00822	0.00247	0.00987	0.00740	0.00411	0.01316
8	0.07117	0.02426	0.03113	0.04041	0.42438	0.17026	0.06689	0.02727	0.01972	0.02619	0.01481	0.01896	0.01228	0.00766	0.00797	0.00242	0.01113	0.00692	0.00422	0.01193
9	0.01585	0.01193	0.01415	0.01310	0.01622	0.01266	0.01011	0.02569	0.22273	0.06449	0.21778	0.04668	0.12275	0.02411	0.13885	0.00479	0.00857	0.01195	0.00788	0.00973
10	0.01014	0.00812	0.00906	0.00948	0.01158	0.00705	0.00686	0.01229	0.01871	0.02346	0.14389	0.23930	0.42721	0.02184	0.01002	0.00293	0.00433	0.01880	0.00789	0.00705
11	0.01188	0.00900	0.01116	0.01246	0.01364	0.00907	0.00862	0.01699	0.12007	0.02346	0.04379	0.59074	0.05002	0.02357	0.01025	0.00328	0.00511	0.02125	0.00784	0.00781
12	0.02221	0.71304	0.04353	0.01421	0.02132	0.03287	0.01421	0.02488	0.01688	0.01955	0.01155	0.01333	0.01066	0.00711	0.00533	0.00178	0.00888	0.00444	0.00355	0.01066
13	0.02040	0.18378	0.30155	0.02475	0.12474	0.12107	0.02289	0.02636	0.01882	0.02441	0.04686	0.01899	0.01449	0.00822	0.00742	0.00234	0.01114	0.00630	0.00402	0.01143
14	0.06288	0.03021	0.02302	0.02228	0.08776	0.41467	0.01574	0.03386	0.02273	0.18252	0.01806	0.01881	0.01335	0.00884	0.00768	0.00230	0.01212	0.00627	0.00580	0.01109
15	0.02841	0.02292	0.02257	0.01846	0.02422	0.09566	0.01481	0.34980	0.22421	0.07479	0.02414	0.02327	0.01758	0.01024	0.00827	0.00256	0.00888	0.00788	0.00801	0.01332
16	0.08307	0.02434	0.02109	0.01926	0.04682	0.19165	0.01448	0.13581	0.30855	0.03382	0.02364	0.02324	0.01795	0.00993	0.00791	0.00256	0.00930	0.00757	0.00692	0.01207

[dist]
# distance from previous block
# <min> <max>
0	7

[block]
# block no. 5 follows, 22 sequences, length 35
# corresponding to MSA columns:
# 258-292
name=unknown_F
#
# <colnr> <probs for GDERKNQSTAVLIFYWHMCP>
#	G	D	E	R	K	N	Q	S	T	A	V	L	I	F	Y	W	H	M	C	P
0	0.01936	0.04234	0.54454	0.02325	0.03403	0.14237	0.02794	0.02760	0.01867	0.02519	0.01452	0.01706	0.01056	0.00802	0.00782	0.00254	0.01279	0.00599	0.00365	0.01178
1	0.02036	0.16310	0.43254	0.02155	0.03139	0.14481	0.02497	0.02734	0.01855	0.02397	0.01391	0.01630	0.01058	0.00788	0.00736	0.00238	0.01217	0.00568	0.00366	0.01149
2	0.02041	0.03717	0.39718	0.02924	0.17055	0.15092	0.02661	0.02751	0.01905	0.02529	0.01465	0.01769	0.01114	0.00792	0.00789	0.00250	0.01229	0.00626	0.00380	0.01194
3	0.02056	0.01974	0.03372	0.05099	0.65622	0.01974	0.02550	0.02550	0.01892	0.02714	0.01563	0.02056	0.01316	0.00740	0.00822	0.00247	0.00987	0.00740	0.00411	0.01316
4	0.01131	0.00966	0.01162	0.01339	0.08158	0.00854	0.00865	0.01403	0.01970	0.02477	0.17152	0.07050	0.48731	0.01888	0.00964	0.00274	0.00478	0.01601	0.00756	0.00782
5	0.02056	0.01974	0.03372	0.05099	0.65622	0.01974	0.02550	0.02550	0.01892	0.02714	0.01563	0.02056	0.01316	0.00740	0.00822	0.00247	0.00987	0.00740	0.00411	0.01316
6	0.01288	0.00920	0.01281	0.01472	0.01642	0.00913	0.01251	0.01634	0.01863	0.02430	0.04426	0.18748	0.04891	0.02342	0.01134	0.00376	0.00721	0.51150	0.00766	0.00751
7	0.01001	0.00766	0.00919	0.01042	0.01175	0.00684	0.00720	0.01170	0.01701	0.02166	0.05979	0.47543	0.27310	0.02421	0.01032	0.00317	0.00460	0.02140	0.00771	0.00684
8	0.01663	0.01591	0.02249	0.01974	0.02011	0.02177	0.01627	0.01873	0.01288	0.01982	0.01368	0.02171	0.01331	0.02621	0.18551	0.00601	0.52904	0.00767	0.00383	0.00868
9	0.02757	0.01966	0.02093	0.01656	0.02210	0.02164	0.01351	0.46768	0.06576	0.04686	0.02220	0.02288	0.01625	0.00998	0.00778	0.00239	0.00788	0.00764	0.16802	0.01271
10	0.00982	0.00842	0.00842	0.00842	0.01122	0.00701	0.00631	0.01192	0.01894	0.02244	0.08416	0.07995	0.65285	0.02104	0.00982	0.00281	0.00421	0.01753	0.00771	0.00701
11	0.01228	0.00877	0.01271	0.01271	0.01424	0.01008	0.00986	0.01535	0.01382	0.02063	0.02281	0.03244	0.02083	0.05626	0.59819	0.01204	0.02014	0.00877	0.09063	0.00745
12	0.02724	0.03139	0.02734	0.03206	0.25575	0.39756	0.01948	0.06538	0.02277	0.02470	0.01428	0.01731	0.01180	0.00822	0.00781	0.00228	0.01277	0.00622	0.00446	0.01118
13	0.01903	0.02046	0.03817	0.03003	0.06143	0.02286	0.33715	0.02371	0.01661	0.02378	0.01421	0.02050	0.01190	0.01027	0.01726	0.00315	0.30653	0.00860	0.00395	0.01038
14	0.02095	0.01962	0.03250	0.09437	0.57126	0.02005	0.02467	0.06552	0.02010	0.02840	0.01585	0.02063	0.01307	0.00764	0.00824	0.00249	0.00991	0.00741	0.00436	0.01294
15	0.01226	0.08474	0.01269	0.00975	0.01142	0.01028	0.00676	0.01336	0.01513	0.01902	0.04437	0.14025	0.21677	0.34004	0.02455	0.00521	0.00659	0.01435	0.00601	0.00645
16	0.01417	0.01228	0.01776	0.01644	0.01738	0.01588	0.01323	0.01672	0.01312	0.01954	0.01811	0.02736	0.01717	0.04488	0.43874	0.00981	0.26692	0.00831	0.00415	0.00803
17	0.01383	0.01166	0.01240	0.01204	0.01515	0.01195	0.00904	0.02362	0.24548	0.02673	0.05938	0.16601	0.32411	0.01831	0.00945	0.00290	0.00517	0.01558	0.00798	0.00921
18	0.01028	0.00744	0.00972	0.01125	0.01204	0.00688	0.00764	0.01204	0.01692	0.02260	0.11404	0.59512	0.09381	0.02474	0.01047	0.00326	0.00468	0.02231	0.00787	0.00688
19	0.01042	0.00796	0.01010	0.01139	0.01232	0.00764	0.00790	0.01202	0.01637	0.02140	0.05192	0.54698	0.17296	0.02451	0.01119	0.00327	0.03554	0.02166	0.00753	0.00691
20	0.01878	0.01792	0.03051	0.28344	0.43767	0.01927	0.02461	0.02394	0.01808	0.02498	0.01531	0.02114	0.01240	0.00773	0.00825	0.00258	0.01031	0.00739	0.00396	0.01172
21	0.07025	0.04105	0.61836	0.02277	0.03453	0.01925	0.02914	0.02617	0.01730	0.02709	0.01467	0.01725	0.01041	0.00788	0.00770	0.00263	0.01186	0.00602	0.00362	0.01204
22	0.07572	0.03816	0.02285	0.02077	0.02510	0.63484	0.01562	0.03264	0.02297	0.02136	0.01276	0.01489	0.01060	0.00851	0.00735	0.00217	0.01446	0.00530	0.00433	0.00959
23	0.01002	0.00842	0.00870	0.00863	0.01135	0.00710	0.00647	0.01232	0.01942	0.02359	0.14396	0.07806	0.59233	0.02061	0.00982	0.00278	0.00418	0.01727	0.00787	0.00710
24	0.01188	0.00797	0.00912	0.00932	0.00937	0.00792	0.00531	0.01203	0.01248	0.01664	0.02821	0.12152	0.03277	0.63739	0.03900	0.00757	0.00772	0.01328	0.00531	0.00521
25	0.02092	0.02202	0.06901	0.03030	0.23737	0.09166	0.01984	0.09255	0.01960	0.02663	0.01712	0.06962	0.01569	0.01367	0.04547	0.00333	0.18105	0.00833	0.00473	0.01106
26	0.01182	0.00794	0.00914	0.00939	0.00946	0.00788	0.00539	0.01201	0.01259	0.01679	0.02879	0.14072	0.03350	0.61719	0.03806	0.00743	0.00762	0.01362	0.00539	0.00526
27	0.01084	0.00753	0.00943	0.01065	0.01096	0.00722	0.00673	0.01175	0.01451	0.01935	0.03863	0.46610	0.04592	0.27487	0.02216	0.00508	0.00600	0.01941	0.00673	0.00612
28	0.01918	0.01366	0.01514	0.01301	0.01554	0.01467	0.00931	0.23718	0.02201	0.02954	0.02364	0.04036	0.02371	0.41051	0.07187	0.00638	0.00939	0.01019	0.00619	0.00851
29	0.02136	0.46076	0.04387	0.02354	0.09604	0.02840	0.17213	0.02539	0.01780	0.02218	0.01334	0.01644	0.01143	0.00711	0.00679	0.00211	0.01030	0.00614	0.00378	0.01107
30	0.01111	0.00834	0.00982	0.00992	0.01166	0.00761	0.00715	0.01344	0.01881	0.02468	0.24371	0.12788	0.26193	0.14937	0.01609	0.00385	0.00512	0.05495	0.00765	0.00692
31	0.01038	0.00807	0.00949	0.01025	0.01205	0.00718	0.00746	0.01256	0.01834	0.02334	0.12924	0.30577	0.33207	0.02254	0.01021	0.00306	0.00463	0.05845	0.00786	0.00705
32	0.02747	0.03289	0.02524	0.02666	0.14354	0.46191	0.01776	0.03164	0.06608	0.02262	0.01473	0.01738	0.01222	0.00893	0.00901	0.00235	0.05839	0.00615	0.00450	0.01051
33	0.10151	0.11105	0.02860	0.10702	0.21157	0.07238	0.01922	0.02387	0.01652	0.02408	0.01305	0.01796	0.01133	0.00954	0.01265	0.00272	0.19591	0.00650	0.00398	0.01054
34	0.12967	0.02725	0.12245	0.02285	0.10925	0.18201	0.03772	0.13316	0.02278	0.03072	0.02251	0.02411	0.08128	0.00974	0.00779	0.00248	0.01042	0.00748	0.00535	0.01099

[dist]
# distance from previous block
# <min> <max>
0	25

[block]
# block no. 6 follows, 22 sequences, length 24
# corresponding to MSA columns:
# 318-341
name=unknown_G
#
# <colnr> <probs for GDERKNQSTAVLIFYWHMCP>
#	G	D	E	R	K	N	Q	S	T	A	V	L	I	F	Y	W	H	M	C	P
0	0.02709	0.06651	0.02157	0.01783	0.02222	0.34371	0.01387	0.05919	0.08576	0.10092	0.01963	0.02137	0.01536	0.01505	0.08136	0.00348	0.01262	0.00672	0.05531	0.01043
1	0.02767	0.02157	0.02239	0.01776	0.02383	0.04893	0.01440	0.42050	0.14609	0.04480	0.02204	0.02198	0.01618	0.00981	0.00802	0.00241	0.00844	0.00753	0.03788	0.07777
2	0.01019	0.00743	0.00960	0.01118	0.01199	0.00684	0.00757	0.01184	0.01666	0.02204	0.08527	0.60082	0.11802	0.02498	0.01048	0.00327	0.00470	0.02249	0.00780	0.00684
3	0.10845	0.01472	0.02084	0.12192	0.02652	0.01577	0.08388	0.07126	0.04562	0.08230	0.08838	0.15503	0.02795	0.01310	0.00987	0.00281	0.05325	0.01126	0.00642	0.04067
4	0.01062	0.00829	0.00968	0.01001	0.01209	0.00735	0.00745	0.01319	0.01957	0.02522	0.22291	0.19473	0.34841	0.02105	0.01007	0.00293	0.00448	0.05667	0.00808	0.00722
5	0.01709	0.04001	0.57641	0.02531	0.03703	0.01954	0.11632	0.02635	0.01784	0.02635	0.01518	0.01824	0.01082	0.00776	0.00817	0.00266	0.01253	0.00667	0.00361	0.01212
6	0.02031	0.01948	0.03327	0.08364	0.62553	0.01967	0.02537	0.02528	0.01880	0.02684	0.01558	0.02064	0.01305	0.00745	0.00823	0.00248	0.00993	0.00740	0.00409	0.01296
7	0.02439	0.02034	0.08499	0.01726	0.02281	0.07119	0.01498	0.03738	0.30098	0.18717	0.03106	0.03487	0.02403	0.01181	0.00864	0.00280	0.00810	0.07685	0.00796	0.01238
8	0.01892	0.00912	0.00992	0.00917	0.01189	0.00896	0.00707	0.02354	0.04509	0.12423	0.02823	0.03057	0.02136	0.00984	0.00630	0.00207	0.00446	0.00790	0.61246	0.00892
9	0.01026	0.00761	0.00958	0.01083	0.01194	0.00693	0.00746	0.01213	0.01740	0.02290	0.12591	0.50711	0.17160	0.02399	0.01036	0.00317	0.00460	0.02143	0.00788	0.00693
10	0.01345	0.01111	0.01591	0.01501	0.01597	0.01388	0.01177	0.01583	0.01306	0.01913	0.01984	0.03128	0.01929	0.11672	0.44944	0.01040	0.18717	0.00882	0.00431	0.00759
11	0.01451	0.00914	0.01177	0.01074	0.01331	0.00826	0.00819	0.01816	0.02308	0.10495	0.52194	0.05998	0.13065	0.01662	0.00963	0.00263	0.00431	0.01451	0.00913	0.00848
