[name]
unknown

[dist]
# distance from previous block
# <min> <max>
0	47

[block]
# block no. 0 follows, 21 sequences, length 72
# corresponding to MSA columns:
# 47-118
name=unknown_A
#
# <colnr> <probs for GDERKNQSTAVLIFYWHMCP>
#	G	D	E	R	K	N	Q	S	T	A	V	L	I	F	Y	W	H	M	C	P
0	0.01153	0.00824	0.01121	0.01318	0.01418	0.00792	0.00992	0.01386	0.01744	0.02303	0.04626	0.48679	0.05374	0.02556	0.01117	0.00362	0.00595	0.22128	0.00788	0.00723
1	0.02116	0.01840	0.02021	0.01952	0.06164	0.02111	0.01427	0.04401	0.59374	0.03511	0.03346	0.03108	0.02519	0.01130	0.00864	0.00286	0.00695	0.00949	0.00838	0.01347
2	0.01933	0.01432	0.01580	0.01355	0.01698	0.01513	0.01030	0.24147	0.02461	0.03243	0.03792	0.04583	0.16824	0.20137	0.09971	0.00551	0.00954	0.01151	0.00700	0.00945
3	0.09843	0.02143	0.02037	0.01736	0.02268	0.08509	0.01377	0.21521	0.29644	0.03919	0.02884	0.02774	0.05414	0.01107	0.00826	0.00269	0.00823	0.00859	0.00782	0.01265
4	0.01101	0.00785	0.01029	0.01134	0.01226	0.00734	0.00777	0.01316	0.01842	0.02517	0.22725	0.46259	0.06200	0.06642	0.01266	0.00352	0.00487	0.02077	0.00817	0.00714
5	0.01238	0.00825	0.00928	0.00928	0.00928	0.00825	0.00516	0.01238	0.01238	0.01650	0.02681	0.05569	0.03094	0.70092	0.04331	0.00825	0.00825	0.01238	0.00516	0.00516
6	0.02406	0.02614	0.03088	0.07720	0.42651	0.21702	0.02304	0.02827	0.02069	0.02535	0.01509	0.01941	0.01260	0.00799	0.00820	0.00244	0.01177	0.00694	0.00424	0.01216
7	0.01092	0.00764	0.00971	0.01114	0.01150	0.00728	0.00714	0.01200	0.01521	0.02028	0.04134	0.51830	0.04927	0.21331	0.01985	0.00478	0.00585	0.02092	0.00714	0.00643
8	0.02785	0.03341	0.03150	0.02851	0.10027	0.41458	0.15917	0.05665	0.02332	0.02454	0.01474	0.01800	0.01186	0.00832	0.00835	0.00241	0.01427	0.00689	0.00452	0.01085
9	0.01108	0.00827	0.01047	0.01195	0.01338	0.00766	0.00891	0.01330	0.01785	0.02292	0.05627	0.40097	0.20125	0.02464	0.01087	0.00342	0.00546	0.15624	0.00789	0.00720
10	0.01841	0.20018	0.51241	0.02197	0.03330	0.02304	0.02746	0.02660	0.01781	0.02532	0.01446	0.01695	0.01081	0.00790	0.00747	0.00249	0.01176	0.00588	0.00360	0.01219
11	0.03005	0.17017	0.02823	0.02033	0.02544	0.50201	0.01606	0.06929	0.02378	0.02274	0.01335	0.01533	0.01118	0.00857	0.00729	0.00214	0.01374	0.00544	0.00450	0.01036
12	0.01006	0.00862	0.00862	0.00862	0.01149	0.00718	0.00647	0.01221	0.01940	0.02299	0.08621	0.08190	0.64438	0.02155	0.01006	0.00287	0.00431	0.01796	0.00790	0.00718
13	0.02689	0.09915	0.02672	0.02133	0.02466	0.40957	0.01692	0.02904	0.02007	0.02064	0.01242	0.01618	0.01102	0.01049	0.01362	0.00262	0.21875	0.00599	0.00411	0.00980
14	0.01823	0.13730	0.50038	0.02416	0.03552	0.02197	0.09464	0.02677	0.01811	0.02598	0.01499	0.01790	0.01104	0.00787	0.00793	0.00259	0.01227	0.00646	0.00368	0.01221
15	0.02050	0.03674	0.49851	0.02177	0.03295	0.01786	0.02653	0.02879	0.01896	0.12732	0.01819	0.01970	0.01259	0.00832	0.00800	0.00256	0.01117	0.00654	0.00483	0.07817
16	0.01105	0.00866	0.01000	0.00967	0.01211	0.00761	0.00725	0.01414	0.02175	0.02857	0.36525	0.07272	0.36186	0.01947	0.01005	0.00277	0.00416	0.01667	0.00864	0.00761
17	0.02275	0.70604	0.04459	0.01456	0.02184	0.03367	0.01456	0.02548	0.01729	0.02002	0.01183	0.01365	0.01092	0.00728	0.00546	0.00182	0.00910	0.00455	0.00364	0.01092
18	0.01707	0.04402	0.65683	0.02426	0.03683	0.01976	0.03144	0.02695	0.01797	0.02695	0.01527	0.01797	0.01078	0.00809	0.00809	0.00270	0.01258	0.00629	0.00359	0.01258
19	0.03179	0.04056	0.02412	0.02192	0.02631	0.66676	0.01644	0.03398	0.02412	0.02083	0.01315	0.01535	0.01096	0.00877	0.00767	0.00219	0.01535	0.00548	0.00438	0.00987
20	0.01585	0.01065	0.01306	0.01331	0.01596	0.01043	0.01035	0.02166	0.11185	0.09580	0.05083	0.25850	0.16137	0.02082	0.01032	0.00327	0.00603	0.15261	0.00830	0.00902
21	0.02994	0.02598	0.02397	0.01958	0.02550	0.15105	0.01567	0.38663	0.15851	0.04349	0.02192	0.02176	0.01614	0.01020	0.00838	0.00255	0.01000	0.00764	0.00773	0.01336
22	0.02495	0.01708	0.01952	0.01492	0.02151	0.01600	0.01209	0.20158	0.05198	0.14379	0.02770	0.02734	0.07716	0.00991	0.00782	0.00211	0.00719	0.00789	0.00745	0.30199
23	0.01037	0.00741	0.00987	0.01185	0.01234	0.00691	0.00790	0.01185	0.01629	0.02172	0.04690	0.69537	0.05629	0.02666	0.01086	0.00346	0.00494	0.02419	0.00790	0.00691
24	0.01707	0.04402	0.65683	0.02426	0.03683	0.01976	0.03144	0.02695	0.01797	0.02695	0.01527	0.01797	0.01078	0.00809	0.00809	0.00270	0.01258	0.00629	0.00359	0.01258
25	0.01975	0.01888	0.03217	0.21735	0.49297	0.01987	0.02546	0.02497	0.01876	0.02621	0.01578	0.02149	0.01292	0.00783	0.00845	0.00261	0.01043	0.00758	0.00410	0.01242
26	0.03818	0.01448	0.01975	0.01514	0.02172	0.01251	0.01251	0.04147	0.02436	0.65373	0.03357	0.02897	0.02107	0.01053	0.00856	0.00263	0.00724	0.00856	0.01053	0.01448
27	0.01097	0.00871	0.00988	0.00975	0.01226	0.00763	0.00742	0.01388	0.02109	0.02711	0.28319	0.07611	0.41028	0.02017	0.01014	0.00286	0.00440	0.04820	0.00842	0.00752
28	0.01070	0.00764	0.01025	0.01222	0.01286	0.00719	0.00847	0.01242	0.01662	0.02209	0.04672	0.63658	0.05557	0.02635	0.01095	0.00350	0.00522	0.07974	0.00789	0.00700
29	0.01217	0.00907	0.01344	0.01344	0.01488	0.01051	0.01035	0.01505	0.01361	0.01958	0.02301	0.03461	0.02179	0.09764	0.63409	0.01339	0.02202	0.00929	0.00459	0.00747
30	0.76103	0.01646	0.01251	0.01119	0.01646	0.01909	0.00922	0.02502	0.01448	0.03818	0.01185	0.01382	0.00922	0.00790	0.00527	0.00263	0.00658	0.00461	0.00527	0.00922
31	0.03182	0.03967	0.02419	0.02180	0.02631	0.63277	0.01643	0.06506	0.02496	0.02257	0.01354	0.01562	0.01115	0.00885	0.00772	0.00221	0.01503	0.00560	0.00460	0.01011
32	0.03235	0.02384	0.02554	0.01958	0.02639	0.02639	0.01618	0.61946	0.04001	0.05363	0.02043	0.02043	0.01447	0.01022	0.00851	0.00255	0.00936	0.00766	0.00851	0.01447
33	0.09473	0.03195	0.02505	0.02100	0.02650	0.36274	0.04953	0.22608	0.02830	0.03353	0.01567	0.01732	0.01208	0.00908	0.00787	0.00239	0.01255	0.00638	0.00582	0.01142
34	0.01415	0.01164	0.01762	0.02367	0.20562	0.01132	0.01320	0.01707	0.01838	0.02550	0.15264	0.30325	0.04548	0.08517	0.01314	0.00349	0.00666	0.01625	0.00680	0.00896
35	0.02106	0.02022	0.03454	0.05223	0.64784	0.02022	0.02612	0.02612	0.01938	0.02780	0.01601	0.02106	0.01348	0.00758	0.00842	0.00253	0.01011	0.00758	0.00421	0.01348
36	0.01586	0.00793	0.00793	0.00793	0.00991	0.00793	0.00595	0.01983	0.01785	0.03173	0.02776	0.03173	0.02181	0.00991	0.00595	0.00198	0.00397	0.00793	0.74817	0.00793
37	0.01607	0.01513	0.02552	0.68047	0.05861	0.01891	0.02363	0.02174	0.01702	0.02174	0.01513	0.02269	0.01134	0.00851	0.00851	0.00284	0.01134	0.00756	0.00378	0.00945
38	0.02106	0.02022	0.03454	0.05223	0.64784	0.02022	0.02612	0.02612	0.01938	0.02780	0.01601	0.02106	0.01348	0.00758	0.00842	0.00253	0.01011	0.00758	0.00421	0.01348
39	0.01058	0.00870	0.00940	0.00979	0.01239	0.00752	0.00755	0.01293	0.01923	0.02325	0.07811	0.12257	0.52589	0.02214	0.01034	0.00305	0.00483	0.09659	0.00789	0.00726
40	0.01045	0.00815	0.00949	0.01018	0.01200	0.00719	0.00724	0.01260	0.01882	0.02401	0.14686	0.32091	0.33578	0.02300	0.01037	0.00308	0.00452	0.02006	0.00810	0.00719
41	0.01238	0.00825	0.00928	0.00928	0.00928	0.00825	0.00516	0.01238	0.01238	0.01650	0.02681	0.05569	0.03094	0.70092	0.04331	0.00825	0.00825	0.01238	0.00516	0.00516
42	0.01118	0.00836	0.01042	0.01082	0.01258	0.00760	0.00793	0.01401	0.02047	0.02744	0.30718	0.25555	0.20197	0.02141	0.01038	0.00302	0.00456	0.04910	0.00852	0.00749
43	0.02106	0.02022	0.03454	0.05223	0.64784	0.02022	0.02612	0.02612	0.01938	0.02780	0.01601	0.02106	0.01348	0.00758	0.00842	0.00253	0.01011	0.00758	0.00421	0.01348
44	0.02274	0.43899	0.19340	0.01810	0.02625	0.12795	0.01904	0.02716	0.01851	0.02187	0.01289	0.01498	0.01089	0.00771	0.00645	0.00209	0.01093	0.00513	0.00374	0.01117
45	0.01023	0.00793	0.00933	0.01045	0.01198	0.00703	0.00728	0.01201	0.01763	0.02227	0.06389	0.43020	0.31049	0.02445	0.01051	0.00320	0.00467	0.02150	0.00790	0.00703
46	0.01223	0.00918	0.01165	0.01238	0.01462	0.00859	0.01019	0.01566	0.02065	0.02689	0.20559	0.08383	0.23072	0.02142	0.01083	0.00330	0.00586	0.28049	0.00824	0.00769
47	0.02059	0.02023	0.03141	0.04625	0.55044	0.05533	0.02365	0.02520	0.01965	0.02694	0.02273	0.02671	0.07522	0.00902	0.00854	0.00254	0.00984	0.00848	0.00458	0.01266
48	0.01734	0.01262	0.01499	0.01426	0.01675	0.01327	0.01055	0.19722	0.02307	0.03099	0.03550	0.39361	0.03888	0.05830	0.07611	0.00442	0.00820	0.01710	0.00762	0.00920
49	0.01034	0.00753	0.00975	0.01153	0.01226	0.00694	0.00776	0.01189	0.01660	0.02185	0.05076	0.63520	0.11397	0.02616	0.01078	0.00340	0.00488	0.02358	0.00790	0.00694
50	0.02784	0.03403	0.02193	0.02041	0.02425	0.52876	0.01557	0.03031	0.02258	0.02124	0.01768	0.02616	0.01623	0.01582	0.07282	0.00351	0.01524	0.07143	0.00479	0.00942
51	0.02773	0.15579	0.02974	0.02067	0.02572	0.26432	0.04337	0.17538	0.02494	0.02906	0.01460	0.01713	0.01195	0.00971	0.01064	0.00248	0.11407	0.00635	0.00517	0.01119
52	0.01006	0.00862	0.00862	0.00862	0.01149	0.00718	0.00647	0.01221	0.01940	0.02299	0.08621	0.08190	0.64438	0.02155	0.01006	0.00287	0.00431	0.01796	0.00790	0.00718
53	0.05549	0.34188	0.05875	0.01730	0.02370	0.25918	0.01529	0.02820	0.01971	0.02210	0.01278	0.01484	0.01103	0.00778	0.00644	0.00197	0.01113	0.00501	0.00411	0.08332
54	0.01237	0.00905	0.01335	0.01335	0.01490	0.01049	0.01037	0.01546	0.01391	0.02043	0.02307	0.03334	0.02131	0.06079	0.62998	0.01302	0.02173	0.00905	0.04641	0.00762
55	0.01889	0.20618	0.44122	0.02115	0.03164	0.02336	0.02546	0.02840	0.07879	0.02609	0.01634	0.01826	0.01232	0.00823	0.00749	0.00250	0.01113	0.00619	0.00411	0.01225
56	0.02585	0.35952	0.03244	0.01699	0.02254	0.29566	0.01450	0.02848	0.02020	0.02151	0.01395	0.01613	0.01201	0.00816	0.00643	0.00199	0.01121	0.00527	0.07698	0.01019
57	0.01238	0.00825	0.00928	0.00928	0.00928	0.00825	0.00516	0.01238	0.01238	0.01650	0.02681	0.05569	0.03094	0.70092	0.04331	0.00825	0.00825	0.01238	0.00516	0.00516
58	0.01873	0.01835	0.03340	0.04044	0.38073	0.01791	0.16191	0.02359	0.01894	0.02648	0.02236	0.15391	0.02175	0.01123	0.00929	0.00279	0.01009	0.01142	0.00496	0.01172
59	0.02032	0.01946	0.03321	0.14534	0.56051	0.02003	0.02575	0.02547	0.01903	0.02690	0.01588	0.02130	0.01316	0.00772	0.00844	0.00257	0.01029	0.00758	0.00415	0.01288
60	0.01534	0.20285	0.02217	0.01351	0.01669	0.01699	0.01138	0.01850	0.01739	0.02364	0.18236	0.03524	0.03349	0.03387	0.28397	0.00708	0.04187	0.00943	0.00553	0.00871
61	0.01006	0.00862	0.00862	0.00862	0.01149	0.00718	0.00647	0.01221	0.01940	0.02299	0.08621	0.08190	0.64438	0.02155	0.01006	0.00287	0.00431	0.01796	0.00790	0.00718
62	0.01279	0.01005	0.01489	0.01453	0.01590	0.01215	0.01142	0.01571	0.01361	0.01983	0.02165	0.03198	0.02028	0.05903	0.60450	0.01270	0.08778	0.00895	0.00448	0.00777
63	0.01765	0.01513	0.01765	0.01260	0.02017	0.01134	0.01008	0.02143	0.01765	0.02773	0.01513	0.01765	0.01260	0.00630	0.00630	0.00126	0.00630	0.00504	0.00504	0.75295
64	0.01037	0.00741	0.00987	0.01185	0.01234	0.00691	0.00790	0.01185	0.01629	0.02172	0.04690	0.69537	0.05629	0.02666	0.01086	0.00346	0.00494	0.02419	0.00790	0.00691
65	0.01027	0.00816	0.00923	0.00996	0.01188	0.00712	0.00709	0.01225	0.01841	0.02300	0.09614	0.31716	0.39268	0.02333	0.01037	0.00309	0.00454	0.02024	0.00797	0.00712
66	0.01166	0.00855	0.01094	0.01063	0.01255	0.00782	0.00786	0.01521	0.02275	0.03164	0.52184	0.13619	0.13293	0.01884	0.01013	0.00278	0.00415	0.01663	0.00906	0.00782
67	0.02083	0.01998	0.03412	0.08145	0.62044	0.02016	0.02600	0.02591	0.01927	0.02752	0.01597	0.02114	0.01338	0.00763	0.00843	0.00254	0.01017	0.00758	0.00419	0.01329
68	0.01070	0.00764	0.01025	0.01222	0.01286	0.00719	0.00847	0.01242	0.01662	0.02209	0.04672	0.63658	0.05557	0.02635	0.01095	0.00350	0.00522	0.07974	0.00789	0.00700
69	0.03010	0.02166	0.02313	0.01799	0.02414	0.02387	0.01478	0.53753	0.03698	0.05064	0.02143	0.02197	0.01548	0.01017	0.00816	0.00248	0.00863	0.00770	0.10957	0.01358
70	0.02815	0.11273	0.14113	0.02156	0.02774	0.48129	0.01896	0.03179	0.02227	0.02185	0.01340	0.01564	0.01092	0.00849	0.00751	0.00224	0.01417	0.00553	0.00416	0.01047
71	0.05686	0.54856	0.15831	0.01623	0.02441	0.03036	0.01748	0.02574	0.01728	0.02219	0.01248	0.01447	0.01081	0.00746	0.00595	0.00202	0.00964	0.00488	0.00371	0.01115

[dist]
# distance from previous block
# <min> <max>
0	1

[block]
# block no. 1 follows, 21 sequences, length 24
# corresponding to MSA columns:
# 120-143
name=unknown_B
#
# <colnr> <probs for GDERKNQSTAVLIFYWHMCP>
#	G	D	E	R	K	N	Q	S	T	A	V	L	I	F	Y	W	H	M	C	P
0	0.02626	0.18652	0.03238	0.02986	0.22755	0.25005	0.01913	0.08400	0.02247	0.02597	0.01445	0.01729	0.01210	0.00817	0.00748	0.00225	0.01164	0.00615	0.00454	0.01172
1	0.01729	0.02339	0.22342	0.01642	0.02311	0.01549	0.01687	0.15104	0.02320	0.03093	0.04507	0.10262	0.24630	0.01513	0.00915	0.00280	0.00817	0.01245	0.00663	0.01052
2	0.01707	0.04402	0.65683	0.02426	0.03683	0.01976	0.03144	0.02695	0.01797	0.02695	0.01527	0.01797	0.01078	0.00809	0.00809	0.00270	0.01258	0.00629	0.00359	0.01258
3	0.01027	0.00859	0.00868	0.00868	0.01129	0.00728	0.00635	0.01223	0.01876	0.02240	0.08079	0.07951	0.58845	0.08349	0.01309	0.00336	0.00467	0.01745	0.00765	0.00700
4	0.02057	0.02160	0.04246	0.04397	0.34304	0.02088	0.32458	0.02669	0.01974	0.02753	0.01662	0.02202	0.01319	0.00738	0.00924	0.00270	0.01225	0.00883	0.00426	0.01247
5	0.01942	0.02076	0.01754	0.01673	0.01931	0.25350	0.01279	0.02215	0.01754	0.02015	0.01923	0.02674	0.01746	0.04345	0.42308	0.00943	0.02004	0.00777	0.00449	0.00844
6	0.01707	0.04402	0.65683	0.02426	0.03683	0.01976	0.03144	0.02695	0.01797	0.02695	0.01527	0.01797	0.01078	0.00809	0.00809	0.00270	0.01258	0.00629	0.00359	0.01258
7	0.01079	0.00819	0.00995	0.01047	0.01219	0.00735	0.00749	0.01328	0.01971	0.02600	0.24574	0.30442	0.24924	0.02215	0.01035	0.00303	0.00445	0.01948	0.00836	0.00735
8	0.01586	0.00793	0.00793	0.00793	0.00991	0.00793	0.00595	0.01983	0.01785	0.03173	0.02776	0.03173	0.02181	0.00991	0.00595	0.00198	0.00397	0.00793	0.74817	0.00793
9	0.02743	0.03163	0.01969	0.01810	0.02182	0.48654	0.01357	0.03011	0.02240	0.02381	0.01715	0.01983	0.01393	0.00908	0.00720	0.00214	0.01223	0.00615	0.20785	0.00934
10	0.01959	0.01993	0.03755	0.19242	0.31501	0.02034	0.21781	0.02548	0.01906	0.02622	0.01620	0.02206	0.01280	0.00766	0.00897	0.00271	0.01177	0.00838	0.00414	0.01190
11	0.01138	0.00891	0.01046	0.01076	0.01322	0.00799	0.00853	0.01438	0.02054	0.02617	0.20670	0.08092	0.37312	0.02104	0.01045	0.00307	0.00507	0.15152	0.00823	0.00753
12	0.76103	0.01646	0.01251	0.01119	0.01646	0.01909	0.00922	0.02502	0.01448	0.03818	0.01185	0.01382	0.00922	0.00790	0.00527	0.00263	0.00658	0.00461	0.00527	0.00922
13	0.02275	0.70604	0.04459	0.01456	0.02184	0.03367	0.01456	0.02548	0.01729	0.02002	0.01183	0.01365	0.01092	0.00728	0.00546	0.00182	0.00910	0.00455	0.00364	0.01092
14	0.01037	0.00741	0.00987	0.01185	0.01234	0.00691	0.00790	0.01185	0.01629	0.02172	0.04690	0.69537	0.05629	0.02666	0.01086	0.00346	0.00494	0.02419	0.00790	0.00691
15	0.01586	0.00793	0.00793	0.00793	0.00991	0.00793	0.00595	0.01983	0.01785	0.03173	0.02776	0.03173	0.02181	0.00991	0.00595	0.00198	0.00397	0.00793	0.74817	0.00793
16	0.03818	0.01448	0.01975	0.01514	0.02172	0.01251	0.01251	0.04147	0.02436	0.65373	0.03357	0.02897	0.02107	0.01053	0.00856	0.00263	0.00724	0.00856	0.01053	0.01448
17	0.01216	0.00912	0.01368	0.01368	0.01520	0.01064	0.01064	0.01520	0.01368	0.01976	0.02279	0.03343	0.02127	0.06382	0.66720	0.01368	0.02279	0.00912	0.00456	0.00760
18	0.01027	0.00778	0.00948	0.01084	0.01208	0.00700	0.00745	0.01196	0.01726	0.02212	0.05917	0.50400	0.23974	0.02507	0.01061	0.00327	0.00474	0.02225	0.00790	0.00700
19	0.01030	0.00769	0.00958	0.01110	0.01215	0.00698	0.00757	0.01193	0.01701	0.02202	0.05601	0.55328	0.19250	0.02548	0.01068	0.00332	0.00479	0.02275	0.00790	0.00698
20	0.02009	0.02296	0.05022	0.03587	0.04448	0.02152	0.61693	0.02726	0.02009	0.02726	0.01722	0.02296	0.01291	0.00717	0.01004	0.00287	0.01435	0.01004	0.00430	0.01148
21	0.03192	0.03671	0.02444	0.02138	0.02633	0.51941	0.01638	0.16870	0.02777	0.02838	0.01483	0.01652	0.01177	0.00910	0.00787	0.00228	0.01397	0.00598	0.00533	0.01093
22	0.09828	0.03836	0.02306	0.02095	0.02541	0.60771	0.01578	0.03316	0.02324	0.02241	0.01304	0.01521	0.01080	0.00869	0.00745	0.00223	0.01455	0.00540	0.00447	0.00981
23	0.03187	0.03817	0.02432	0.02159	0.02632	0.57515	0.01640	0.11774	0.02639	0.02552	0.01420	0.01607	0.01146	0.00898	0.00779	0.00224	0.01449	0.00579	0.00498	0.01052

[dist]
# distance from previous block
# <min> <max>
0	15

[block]
# block no. 2 follows, 21 sequences, length 23
# corresponding to MSA columns:
# 159-181
name=unknown_C
#
# <colnr> <probs for GDERKNQSTAVLIFYWHMCP>
#	G	D	E	R	K	N	Q	S	T	A	V	L	I	F	Y	W	H	M	C	P
0	0.08468	0.57456	0.07340	0.01522	0.02245	0.06835	0.01512	0.02601	0.01749	0.02196	0.01209	0.01399	0.01077	0.00746	0.00571	0.00196	0.00944	0.00470	0.00382	0.01081
1	0.76103	0.01646	0.01251	0.01119	0.01646	0.01909	0.00922	0.02502	0.01448	0.03818	0.01185	0.01382	0.00922	0.00790	0.00527	0.00263	0.00658	0.00461	0.00527	0.00922
2	0.01803	0.01003	0.01025	0.00947	0.01208	0.01036	0.00730	0.09880	0.02077	0.03461	0.02680	0.03024	0.02085	0.00995	0.00629	0.00206	0.00468	0.00790	0.65075	0.00879
3	0.05714	0.02528	0.18398	0.01878	0.02625	0.02019	0.01821	0.19913	0.15921	0.12671	0.05976	0.02570	0.02056	0.01032	0.00839	0.00268	0.00888	0.00818	0.00748	0.01317
4	0.02457	0.57530	0.04084	0.01565	0.02272	0.06629	0.01489	0.10899	0.02083	0.02476	0.01310	0.01469	0.01142	0.00777	0.00600	0.00194	0.00947	0.00503	0.00436	0.01136
5	0.01051	0.00864	0.00925	0.00910	0.01177	0.00738	0.00682	0.01309	0.02047	0.02553	0.21336	0.07772	0.51565	0.02060	0.01005	0.00283	0.00424	0.01737	0.00824	0.00738
6	0.01072	0.00883	0.00954	0.00989	0.01260	0.00765	0.00777	0.01319	0.01943	0.02344	0.07880	0.08444	0.53711	0.02190	0.01036	0.00306	0.00495	0.12112	0.00789	0.00730
7	0.02293	0.05785	0.03216	0.07812	0.43929	0.05621	0.02299	0.10518	0.04875	0.03041	0.01698	0.02084	0.01376	0.00820	0.00825	0.00251	0.01016	0.00741	0.00493	0.01305
8	0.01113	0.00778	0.00993	0.01135	0.01178	0.00746	0.00746	0.01233	0.01538	0.02046	0.04112	0.47990	0.04870	0.21703	0.02008	0.00484	0.00604	0.05363	0.00712	0.00647
9	0.01034	0.00750	0.00978	0.01160	0.01228	0.00693	0.00779	0.01188	0.01653	0.02182	0.04991	0.64849	0.10122	0.02627	0.01080	0.00341	0.00489	0.02372	0.00790	0.00693
10	0.01238	0.00825	0.00928	0.00928	0.00928	0.00825	0.00516	0.01238	0.01238	0.01650	0.02681	0.05569	0.03094	0.70092	0.04331	0.00825	0.00825	0.01238	0.00516	0.00516
11	0.01765	0.01513	0.01765	0.01260	0.02017	0.01134	0.01008	0.02143	0.01765	0.02773	0.01513	0.01765	0.01260	0.00630	0.00630	0.00126	0.00630	0.00504	0.00504	0.75295
12	0.01006	0.00862	0.00862	0.00862	0.01149	0.00718	0.00647	0.01221	0.01940	0.02299	0.08621	0.08190	0.64438	0.02155	0.01006	0.00287	0.00431	0.01796	0.00790	0.00718
13	0.01071	0.00836	0.00974	0.01018	0.01221	0.00739	0.00745	0.01315	0.01960	0.02515	0.19437	0.23943	0.34608	0.02207	0.01033	0.00302	0.00454	0.04067	0.00822	0.00732
14	0.01708	0.09165	0.55610	0.02238	0.03367	0.01985	0.02820	0.02593	0.01843	0.02702	0.06751	0.02145	0.01660	0.00880	0.00805	0.00263	0.01160	0.00692	0.00408	0.01207
15	0.02011	0.01979	0.03110	0.24855	0.42620	0.05712	0.02478	0.02519	0.01891	0.02549	0.01556	0.02125	0.01266	0.00794	0.00841	0.00261	0.01080	0.00746	0.00409	0.01200
16	0.01172	0.00836	0.00909	0.00909	0.00991	0.00795	0.00553	0.01233	0.01436	0.01833	0.04360	0.06310	0.20430	0.50893	0.03392	0.00673	0.00714	0.01395	0.00593	0.00573
17	0.01007	0.00856	0.00869	0.00879	0.01154	0.00717	0.00654	0.01219	0.01923	0.02292	0.08415	0.11402	0.61359	0.02182	0.01010	0.00290	0.00434	0.01829	0.00790	0.00717
18	0.01714	0.01613	0.02607	0.22031	0.33564	0.01687	0.02093	0.02170	0.01871	0.02499	0.03178	0.03541	0.15686	0.01103	0.00882	0.00269	0.00914	0.00995	0.00493	0.01090
19	0.03111	0.09396	0.02602	0.02100	0.02595	0.52891	0.01625	0.11092	0.02565	0.02511	0.01401	0.01588	0.01142	0.00884	0.00760	0.00221	0.01403	0.00569	0.00487	0.01056
20	0.23737	0.02048	0.01626	0.01501	0.01868	0.19455	0.01168	0.05026	0.01830	0.02792	0.01725	0.02200	0.01466	0.02545	0.20778	0.00582	0.01384	0.00664	0.06705	0.00903
21	0.01871	0.08496	0.36550	0.06073	0.07153	0.02080	0.12907	0.05907	0.01947	0.02747	0.01736	0.05522	0.01398	0.00897	0.00844	0.00269	0.01182	0.00798	0.00427	0.01195
22	0.23766	0.03391	0.05410	0.01901	0.02407	0.44920	0.01518	0.03107	0.02106	0.02607	0.01290	0.01505	0.01046	0.00849	0.00701	0.00234	0.01272	0.00528	0.00459	0.00982

[dist]
# distance from previous block
# <min> <max>
0	52

[block]
# block no. 3 follows, 21 sequences, length 59
# corresponding to MSA columns:
# 234-292
name=unknown_D
#
# <colnr> <probs for GDERKNQSTAVLIFYWHMCP>
#	G	D	E	R	K	N	Q	S	T	A	V	L	I	F	Y	W	H	M	C	P
0	0.23439	0.01964	0.02702	0.03727	0.40851	0.04515	0.02016	0.02694	0.01843	0.06427	0.01565	0.01919	0.01257	0.00788	0.00750	0.00255	0.00915	0.00670	0.00486	0.01217
1	0.02845	0.13800	0.08670	0.02095	0.02644	0.44940	0.01766	0.05991	0.02276	0.02286	0.01341	0.01575	0.01112	0.00885	0.00841	0.00228	0.04657	0.00562	0.00437	0.01047
2	0.01082	0.00870	0.00968	0.00959	0.01216	0.00756	0.00729	0.01360	0.02076	0.02634	0.24510	0.07733	0.45075	0.02045	0.01014	0.00287	0.00441	0.04666	0.00832	0.00746
3	0.01037	0.00776	0.00965	0.01103	0.01216	0.00703	0.00757	0.01213	0.01740	0.02261	0.08430	0.51994	0.19710	0.02501	0.01063	0.00328	0.00475	0.02230	0.00797	0.00703
4	0.12561	0.02138	0.14362	0.17050	0.03470	0.01719	0.08238	0.03047	0.01968	0.24069	0.02121	0.02276	0.01442	0.00889	0.00817	0.00272	0.00985	0.00752	0.00630	0.01194
5	0.02530	0.02917	0.02081	0.01917	0.02298	0.39498	0.01456	0.03181	0.13660	0.02337	0.01941	0.02258	0.01615	0.02187	0.15851	0.00495	0.01542	0.00709	0.00523	0.01003
6	0.02011	0.01064	0.01308	0.01135	0.01527	0.00920	0.00890	0.02311	0.02222	0.24041	0.20330	0.05944	0.29550	0.01679	0.00954	0.00274	0.00524	0.01414	0.00915	0.00987
7	0.01276	0.00919	0.01257	0.01444	0.01611	0.00900	0.01201	0.01603	0.01883	0.02449	0.04760	0.23218	0.08127	0.02413	0.01146	0.00376	0.00699	0.43174	0.00785	0.00759
8	0.02106	0.02022	0.03454	0.05223	0.64784	0.02022	0.02612	0.02612	0.01938	0.02780	0.01601	0.02106	0.01348	0.00758	0.00842	0.00253	0.01011	0.00758	0.00421	0.01348
9	0.03434	0.02065	0.02357	0.01807	0.02480	0.02166	0.01493	0.42270	0.03468	0.25792	0.02491	0.02334	0.01672	0.01032	0.00853	0.00258	0.00864	0.00797	0.00920	0.01448
10	0.01058	0.00750	0.00981	0.01158	0.01202	0.00705	0.00761	0.01191	0.01588	0.02117	0.04477	0.62742	0.05359	0.09828	0.01431	0.00397	0.00529	0.02294	0.00761	0.00673
11	0.01037	0.00741	0.00987	0.01185	0.01234	0.00691	0.00790	0.01185	0.01629	0.02172	0.04690	0.69537	0.05629	0.02666	0.01086	0.00346	0.00494	0.02419	0.00790	0.00691
12	0.01006	0.00862	0.00862	0.00862	0.01149	0.00718	0.00647	0.01221	0.01940	0.02299	0.08621	0.08190	0.64438	0.02155	0.01006	0.00287	0.00431	0.01796	0.00790	0.00718
13	0.01037	0.00741	0.00987	0.01185	0.01234	0.00691	0.00790	0.01185	0.01629	0.02172	0.04690	0.69537	0.05629	0.02666	0.01086	0.00346	0.00494	0.02419	0.00790	0.00691
14	0.03434	0.02065	0.02357	0.01807	0.02480	0.02166	0.01493	0.42270	0.03468	0.25792	0.02491	0.02334	0.01672	0.01032	0.00853	0.00258	0.00864	0.00797	0.00920	0.01448
15	0.02117	0.01828	0.01924	0.01732	0.02213	0.02117	0.01347	0.04522	0.63246	0.03560	0.03464	0.03175	0.02598	0.01155	0.00866	0.00289	0.00673	0.00962	0.00866	0.01347
16	0.01862	0.01862	0.02607	0.02234	0.02234	0.02607	0.01862	0.02048	0.01303	0.02048	0.01117	0.01862	0.01117	0.01489	0.02793	0.00372	0.68535	0.00745	0.00372	0.00931
17	0.01051	0.00864	0.00925	0.00910	0.01177	0.00738	0.00682	0.01309	0.02047	0.02553	0.21347	0.07771	0.51553	0.02060	0.01005	0.00283	0.00424	0.01737	0.00824	0.00738
18	0.02701	0.03127	0.02715	0.03175	0.23745	0.37809	0.01942	0.03250	0.08712	0.02477	0.01641	0.01903	0.01341	0.00866	0.00803	0.00238	0.01265	0.00664	0.00478	0.01148
19	0.02281	0.01186	0.01503	0.01294	0.01670	0.01108	0.01016	0.08115	0.02212	0.23324	0.12546	0.04613	0.14978	0.01787	0.01388	0.14432	0.00648	0.04096	0.00823	0.00978
20	0.02220	0.02238	0.03343	0.04902	0.58182	0.08890	0.02509	0.02695	0.01988	0.02706	0.01570	0.02046	0.01321	0.00771	0.00835	0.00249	0.01067	0.00736	0.00423	0.01310
21	0.01598	0.01250	0.01599	0.01502	0.01776	0.01442	0.01177	0.07488	0.15732	0.02634	0.02529	0.03191	0.02175	0.04720	0.45920	0.01024	0.01795	0.00911	0.00584	0.00954
22	0.01607	0.01513	0.02552	0.68047	0.05861	0.01891	0.02363	0.02174	0.01702	0.02174	0.01513	0.02269	0.01134	0.00851	0.00851	0.00284	0.01134	0.00756	0.00378	0.00945
23	0.02061	0.02046	0.03702	0.08304	0.50212	0.02039	0.13754	0.02610	0.01938	0.02737	0.01619	0.02151	0.01326	0.00756	0.00873	0.00261	0.01098	0.00805	0.00421	0.01288
24	0.02432	0.02275	0.03003	0.06819	0.34347	0.08860	0.02187	0.16558	0.02393	0.03209	0.01620	0.02015	0.01311	0.00914	0.01044	0.00264	0.08225	0.00737	0.00517	0.01271
25	0.01331	0.01180	0.01870	0.01533	0.01854	0.01089	0.14574	0.01623	0.01813	0.02360	0.13028	0.05816	0.24083	0.21814	0.01986	0.00443	0.00772	0.01415	0.00647	0.00768
26	0.01034	0.00863	0.00901	0.00891	0.01167	0.00730	0.00669	0.01276	0.02006	0.02456	0.16471	0.07932	0.56490	0.02097	0.01005	0.00285	0.00427	0.01760	0.00811	0.00730
27	0.01208	0.00812	0.00937	0.00966	0.00974	0.00805	0.00557	0.01230	0.01296	0.01728	0.02981	0.15108	0.03472	0.60038	0.03848	0.00754	0.00776	0.01414	0.00557	0.00542
28	0.01765	0.01513	0.01765	0.01260	0.02017	0.01134	0.01008	0.02143	0.01765	0.02773	0.01513	0.01765	0.01260	0.00630	0.00630	0.00126	0.00630	0.00504	0.00504	0.75295
29	0.01238	0.00825	0.00928	0.00928	0.00928	0.00825	0.00516	0.01238	0.01238	0.01650	0.02681	0.05569	0.03094	0.70092	0.04331	0.00825	0.00825	0.01238	0.00516	0.00516
30	0.01032	0.00841	0.00914	0.00943	0.01178	0.00722	0.00689	0.01256	0.01933	0.02394	0.13828	0.19086	0.47814	0.02203	0.01020	0.00296	0.00439	0.01881	0.00806	0.00722
31	0.01035	0.00788	0.00953	0.01071	0.01208	0.00706	0.00743	0.01218	0.01771	0.02276	0.08928	0.45912	0.25426	0.02450	0.01055	0.00322	0.00468	0.02168	0.00797	0.00706
32	0.02774	0.02047	0.02283	0.01823	0.02383	0.02279	0.01491	0.48143	0.03400	0.04589	0.02097	0.02340	0.01603	0.02246	0.15897	0.00509	0.01243	0.00799	0.00761	0.01290
33	0.01037	0.00741	0.00987	0.01185	0.01234	0.00691	0.00790	0.01185	0.01629	0.02172	0.04690	0.69537	0.05629	0.02666	0.01086	0.00346	0.00494	0.02419	0.00790	0.00691
34	0.01380	0.00990	0.01097	0.01076	0.01368	0.00905	0.00802	0.01817	0.08222	0.08092	0.06821	0.19605	0.40567	0.02056	0.00994	0.00297	0.00495	0.01752	0.00822	0.00843
35	0.06502	0.01779	0.01884	0.01554	0.02039	0.01946	0.01245	0.35792	0.05990	0.04353	0.02515	0.09490	0.02087	0.01183	0.00801	0.00254	0.00738	0.00941	0.17723	0.01184
36	0.03143	0.03460	0.02429	0.02102	0.02613	0.44851	0.01622	0.20526	0.05845	0.03111	0.01633	0.01763	0.01272	0.00933	0.00797	0.00233	0.01318	0.00632	0.00580	0.01138
37	0.02161	0.30887	0.34133	0.01936	0.02916	0.02462	0.02260	0.02790	0.01837	0.09072	0.01582	0.01739	0.01193	0.00802	0.00707	0.00233	0.01060	0.00583	0.00435	0.01211
38	0.02163	0.02057	0.06143	0.04224	0.47505	0.01888	0.02309	0.05221	0.02019	0.05619	0.01681	0.02075	0.01360	0.00767	0.00812	0.00236	0.00954	0.00721	0.00476	0.11772
39	0.01223	0.00882	0.01218	0.01218	0.01318	0.00982	0.00877	0.01424	0.01323	0.01865	0.02416	0.04101	0.02456	0.28071	0.45481	0.01183	0.01784	0.01023	0.00476	0.00677
40	0.01985	0.01861	0.03091	0.11389	0.49666	0.01915	0.02409	0.02577	0.04839	0.02731	0.01951	0.02873	0.01716	0.00935	0.00876	0.00271	0.00987	0.06202	0.00472	0.01253
41	0.02450	0.02722	0.02700	0.02266	0.02682	0.30781	0.12624	0.02779	0.01996	0.05259	0.01646	0.02126	0.01379	0.01976	0.13535	0.00471	0.10415	0.00742	0.00462	0.00989
42	0.01025	0.00827	0.00912	0.00966	0.01180	0.00715	0.00696	0.01230	0.01872	0.02317	0.10205	0.25978	0.44536	0.02284	0.01029	0.00303	0.00448	0.01965	0.00797	0.00715
43	0.76103	0.01646	0.01251	0.01119	0.01646	0.01909	0.00922	0.02502	0.01448	0.03818	0.01185	0.01382	0.00922	0.00790	0.00527	0.00263	0.00658	0.00461	0.00527	0.00922
44	0.01238	0.00825	0.00928	0.00928	0.00928	0.00825	0.00516	0.01238	0.01238	0.01650	0.02681	0.05569	0.03094	0.70092	0.04331	0.00825	0.00825	0.01238	0.00516	0.00516
45	0.01092	0.00876	0.00982	0.00987	0.01244	0.00766	0.00761	0.01371	0.02054	0.02593	0.21555	0.07900	0.44576	0.02076	0.01023	0.00294	0.00461	0.07816	0.00825	0.00746
46	0.01037	0.00741	0.00987	0.01185	0.01234	0.00691	0.00790	0.01185	0.01629	0.02172	0.04690	0.69537	0.05629	0.02666	0.01086	0.00346	0.00494	0.02419	0.00790	0.00691
47	0.01034	0.00754	0.00974	0.01151	0.01225	0.00694	0.00775	0.01189	0.01662	0.02186	0.05108	0.63021	0.11875	0.02612	0.01078	0.00339	0.00487	0.02353	0.00790	0.00694
48	0.01015	0.00862	0.00875	0.00872	0.01155	0.00722	0.00654	0.01240	0.01962	0.02352	0.11296	0.08102	0.61730	0.02135	0.01006	0.00286	0.00430	0.01784	0.00797	0.00722
49	0.02106	0.02022	0.03454	0.05223	0.64784	0.02022	0.02612	0.02612	0.01938	0.02780	0.01601	0.02106	0.01348	0.00758	0.00842	0.00253	0.01011	0.00758	0.00421	0.01348
50	0.01134	0.00878	0.01056	0.01159	0.01371	0.00801	0.00916	0.01396	0.01888	0.02358	0.06502	0.20245	0.33409	0.02317	0.01078	0.00333	0.00561	0.21075	0.00788	0.00735
51	0.02059	0.01249	0.01298	0.01127	0.01463	0.01322	0.00888	0.19161	0.02420	0.03800	0.02566	0.02849	0.01971	0.01000	0.00668	0.00215	0.00551	0.00785	0.53628	0.00981
52	0.01665	0.01349	0.01819	0.01651	0.01843	0.01645	0.01321	0.10817	0.01766	0.02517	0.02088	0.05963	0.01956	0.04248	0.38653	0.00917	0.17447	0.00923	0.00513	0.00901
53	0.01006	0.00862	0.00862	0.00862	0.01149	0.00718	0.00647	0.01221	0.01940	0.02299	0.08621	0.08190	0.64438	0.02155	0.01006	0.00287	0.00431	0.01796	0.00790	0.00718
54	0.01213	0.00829	0.00921	0.00921	0.00952	0.00814	0.00530	0.01236	0.01312	0.01719	0.03312	0.05847	0.09610	0.62876	0.03978	0.00768	0.00783	0.01297	0.00545	0.00537
55	0.01947	0.32343	0.39843	0.02016	0.03051	0.02563	0.02432	0.02633	0.01768	0.02403	0.01382	0.01615	0.01084	0.00775	0.00698	0.00233	0.01111	0.00555	0.00361	0.01188
56	0.01727	0.01635	0.02769	0.52927	0.20042	0.01922	0.02423	0.02280	0.01758	0.02320	0.01534	0.02230	0.01186	0.00829	0.00849	0.00276	0.01105	0.00757	0.00389	0.01042
57	0.02282	0.38906	0.21766	0.01875	0.02702	0.14920	0.01980	0.02751	0.01878	0.02218	0.01308	0.01522	0.01089	0.00779	0.00664	0.00214	0.01128	0.00523	0.00377	0.01120
58	0.01596	0.01609	0.01350	0.01340	0.01624	0.15843	0.01039	0.01863	0.02086	0.02410	0.11883	0.09680	0.29607	0.01882	0.00988	0.00293	0.00751	0.12632	0.00724	0.00800

[dist]
# distance from previous block
# <min> <max>
0	2

[block]
# block no. 4 follows, 21 sequences, length 15
# corresponding to MSA columns:
# 295-309
name=unknown_E
#
# <colnr> <probs for GDERKNQSTAVLIFYWHMCP>
#	G	D	E	R	K	N	Q	S	T	A	V	L	I	F	Y	W	H	M	C	P
0	0.01315	0.00900	0.01029	0.00978	0.01210	0.00802	0.00704	0.01541	0.01949	0.07149	0.21204	0.06777	0.32507	0.16236	0.01693	0.00393	0.00528	0.01543	0.00790	0.00752
1	0.01882	0.01290	0.01479	0.01307	0.01583	0.01401	0.00988	0.18977	0.02182	0.03123	0.02416	0.03490	0.02185	0.19675	0.18192	0.00665	0.01132	0.00927	0.16203	0.00904
2	0.02365	0.01967	0.02688	0.26556	0.15582	0.02220	0.02061	0.25650	0.06214	0.03611	0.01849	0.02203	0.01382	0.00917	0.00850	0.00267	0.01007	0.00772	0.00599	0.01240
3	0.01382	0.01104	0.01448	0.01339	0.01407	0.01290	0.00985	0.01564	0.01563	0.02228	0.17712	0.04590	0.03730	0.28603	0.10250	0.00635	0.17719	0.01153	0.00579	0.00719
4	0.01037	0.00741	0.00987	0.01185	0.01234	0.00691	0.00790	0.01185	0.01629	0.02172	0.04690	0.69537	0.05629	0.02666	0.01086	0.00346	0.00494	0.02419	0.00790	0.00691
5	0.01075	0.00842	0.00891	0.00905	0.01092	0.00747	0.00619	0.01223	0.01714	0.02102	0.06615	0.12008	0.42359	0.21790	0.01971	0.00447	0.00549	0.01681	0.00711	0.00658
6	0.01702	0.01447	0.01698	0.01254	0.01950	0.01097	0.00990	0.02061	0.01753	0.02722	0.01785	0.07564	0.01634	0.00804	0.00669	0.00145	0.00619	0.00668	0.00529	0.68911
7	0.01779	0.01161	0.01325	0.01200	0.01451	0.01251	0.00906	0.14325	0.02047	0.03060	0.02486	0.03431	0.02188	0.15394	0.17038	0.00607	0.01038	0.00900	0.27544	0.00870
8	0.01126	0.00946	0.00993	0.00999	0.01291	0.00849	0.00772	0.01523	0.06514	0.02418	0.07818	0.07959	0.53780	0.02100	0.01013	0.00298	0.00485	0.07548	0.00795	0.00772
9	0.01791	0.03902	0.52613	0.03013	0.16516	0.01986	0.03032	0.02678	0.01826	0.02713	0.01543	0.01862	0.01135	0.00798	0.00816	0.00266	0.01206	0.00656	0.00372	0.01277
10	0.02591	0.02033	0.02504	0.02483	0.14206	0.02250	0.01707	0.34163	0.08154	0.04044	0.02010	0.02269	0.01559	0.01521	0.06022	0.04593	0.05140	0.00789	0.00685	0.01276
11	0.01425	0.01203	0.01330	0.04198	0.01485	0.05128	0.00893	0.01524	0.01444	0.01863	0.03128	0.08566	0.09923	0.41047	0.03162	0.00608	0.10649	0.01235	0.00532	0.00658
12	0.01208	0.00803	0.00988	0.01040	0.01173	0.00757	0.00730	0.01476	0.01891	0.02722	0.23269	0.29316	0.08248	0.07060	0.01205	0.00326	0.00468	0.01715	0.14870	0.00734
13	0.01624	0.01490	0.02373	0.25944	0.25045	0.01586	0.01940	0.02036	0.01815	0.02383	0.03325	0.03713	0.17105	0.01249	0.01008	0.03955	0.00895	0.01017	0.00496	0.01001
14	0.17498	0.06759	0.08039	0.02768	0.20185	0.13579	0.01885	0.13995	0.02289	0.03304	0.01518	0.01775	0.01197	0.00838	0.00746	0.00247	0.01032	0.00633	0.00519	0.01193

[dist]
# distance from previous block
# <min> <max>
1	36

[block]
# block no. 5 follows, 21 sequences, length 24
# corresponding to MSA columns:
# 346-369
name=unknown_F
#
# <colnr> <probs for GDERKNQSTAVLIFYWHMCP>
#	G	D	E	R	K	N	Q	S	T	A	V	L	I	F	Y	W	H	M	C	P
0	0.02384	0.41354	0.03433	0.01614	0.02204	0.15504	0.01438	0.07650	0.02064	0.02340	0.02071	0.02202	0.07854	0.00966	0.00758	0.00215	0.03775	0.00655	0.00466	0.01055
1	0.01427	0.09478	0.22993	0.01657	0.02273	0.01475	0.04355	0.01909	0.01787	0.02383	0.04071	0.22129	0.17472	0.01634	0.00914	0.00286	0.00819	0.01404	0.00586	0.00949
2	0.01928	0.11139	0.50469	0.02404	0.06164	0.02188	0.02798	0.08233	0.02003	0.02876	0.01542	0.01788	0.01126	0.00818	0.00786	0.00258	0.01180	0.00629	0.00409	0.01262
3	0.02707	0.02411	0.02053	0.01736	0.02188	0.20700	0.01354	0.27662	0.02828	0.03529	0.02152	0.02380	0.04399	0.01275	0.01119	0.09733	0.01001	0.00751	0.08952	0.01069
4	0.02106	0.02022	0.03454	0.05223	0.64784	0.02022	0.02612	0.02612	0.01938	0.02780	0.01601	0.02106	0.01348	0.00758	0.00842	0.00253	0.01011	0.00758	0.00421	0.01348
5	0.01035	0.00842	0.00921	0.00976	0.01205	0.00728	0.00722	0.01246	0.01873	0.02286	0.07506	0.21782	0.47875	0.02280	0.01034	0.00307	0.00466	0.05410	0.00790	0.00716
6	0.01179	0.00838	0.01107	0.01147	0.01230	0.00868	0.00790	0.01356	0.01498	0.02068	0.09580	0.20192	0.03909	0.26031	0.23486	0.00828	0.01174	0.01446	0.00606	0.00667
7	0.01077	0.00874	0.00961	0.01004	0.01229	0.00781	0.00728	0.01386	0.04764	0.02378	0.10013	0.25096	0.42232	0.02231	0.01022	0.00303	0.00459	0.01919	0.00801	0.00745
8	0.03235	0.02384	0.02554	0.01958	0.02639	0.02639	0.01618	0.61946	0.04001	0.05363	0.02043	0.02043	0.01447	0.01022	0.00851	0.00255	0.00936	0.00766	0.00851	0.01447
9	0.02468	0.01644	0.01735	0.01416	0.01873	0.01781	0.01142	0.34058	0.02970	0.04344	0.02384	0.02569	0.01789	0.01008	0.00732	0.00229	0.00685	0.00779	0.35252	0.01143
10	0.01344	0.01100	0.01428	0.01400	0.01543	0.04348	0.01070	0.01606	0.01403	0.01949	0.02223	0.03425	0.02134	0.12662	0.53996	0.01209	0.05029	0.00921	0.00458	0.00753
11	0.01124	0.00783	0.00991	0.01122	0.01164	0.00754	0.00733	0.01238	0.01518	0.02020	0.04006	0.44475	0.04735	0.25227	0.02178	0.00509	0.00622	0.05463	0.00698	0.00638
12	0.01403	0.01154	0.01591	0.01487	0.01553	0.01430	0.01133	0.01588	0.01313	0.01904	0.02067	0.03557	0.02117	0.23037	0.31108	0.00935	0.20479	0.00957	0.00449	0.00739
13	0.03187	0.03818	0.02432	0.02159	0.02632	0.57563	0.01640	0.11730	0.02638	0.02550	0.01419	0.01607	0.01146	0.00898	0.00779	0.00224	0.01450	0.00579	0.00497	0.01052
14	0.01020	0.00863	0.00881	0.00877	0.01158	0.00724	0.00657	0.01248	0.01972	0.02377	0.12510	0.08062	0.60501	0.02126	0.01006	0.00286	0.00429	0.01778	0.00800	0.00724
15	0.01586	0.00793	0.00793	0.00793	0.00991	0.00793	0.00595	0.01983	0.01785	0.03173	0.02776	0.03173	0.02181	0.00991	0.00595	0.00198	0.00397	0.00793	0.74817	0.00793
16	0.02077	0.01993	0.03402	0.08851	0.61381	0.02014	0.02597	0.02586	0.01924	0.02745	0.01596	0.02116	0.01336	0.00764	0.00843	0.00255	0.01018	0.00758	0.00419	0.01325
17	0.01212	0.00928	0.01149	0.01260	0.01495	0.00866	0.01055	0.01527	0.01951	0.02439	0.06301	0.08984	0.30875	0.02266	0.01101	0.00346	0.00630	0.34073	0.00787	0.00755
18	0.01572	0.00889	0.01191	0.01229	0.01412	0.00810	0.00876	0.01790	0.01892	0.13950	0.13188	0.48049	0.05334	0.02234	0.01032	0.00319	0.00522	0.02003	0.00860	0.00847
19	0.02600	0.19246	0.03253	0.03043	0.23560	0.29688	0.01927	0.02929	0.02088	0.02300	0.01380	0.01688	0.01180	0.00801	0.00740	0.00222	0.01208	0.00597	0.00415	0.01134
20	0.01828	0.11070	0.49644	0.02751	0.12886	0.02131	0.02883	0.02667	0.01811	0.02634	0.01502	0.01798	0.01121	0.00792	0.00786	0.00258	0.01183	0.00630	0.00369	0.01254
21	0.02110	0.03784	0.43999	0.02628	0.09925	0.06609	0.02725	0.12737	0.02227	0.03112	0.01607	0.01853	0.01170	0.00844	0.00816	0.00262	0.01197	0.00660	0.00454	0.01280
22	0.02303	0.28873	0.21228	0.02130	0.02952	0.17953	0.08375	0.02811	0.01941	0.02293	0.01369	0.01626	0.01110	0.00785	0.00721	0.00227	0.01212	0.00584	0.00388	0.01119
23	0.01313	0.13629	0.01613	0.01174	0.01336	0.01216	0.00847	0.01449	0.01554	0.02016	0.03565	0.41717	0.04188	0.18397	0.01761	0.00430	0.00649	0.01776	0.00646	0.00723

[dist]
# distance from previous block
# <min> <max>
0	1

[block]
# block no. 6 follows, 21 sequences, length 119
# corresponding to MSA columns:
# 371-489
name=unknown_G
#
# <colnr> <probs for GDERKNQSTAVLIFYWHMCP>
#	G	D	E	R	K	N	Q	S	T	A	V	L	I	F	Y	W	H	M	C	P
0	0.01603	0.01258	0.01634	0.09537	0.07364	0.01293	0.01191	0.10424	0.02026	0.02714	0.07912	0.17934	0.09948	0.16127	0.01656	0.00397	0.00742	0.01368	0.00658	0.04214
1	0.05931	0.01961	0.02023	0.08053	0.06906	0.14962	0.01491	0.02331	0.04705	0.02598	0.15397	0.03513	0.09517	0.01323	0.01277	0.00283	0.15222	0.00982	0.00584	0.00943
2	0.01418	0.01199	0.01795	0.01468	0.01900	0.01051	0.13180	0.01745	0.01990	0.07033	0.06822	0.06594	0.46928	0.01780	0.00994	0.00286	0.00658	0.01565	0.00736	0.00860
3	0.01179	0.00828	0.00918	0.00928	0.00990	0.00796	0.00557	0.01231	0.01402	0.01811	0.04003	0.09499	0.15778	0.52617	0.03479	0.00690	0.00727	0.01415	0.00586	0.00566
4	0.01307	0.00929	0.01092	0.01096	0.01206	0.00925	0.00726	0.05730	0.01684	0.02239	0.07151	0.22122	0.09911	0.33587	0.06028	0.00603	0.00762	0.01565	0.00659	0.00679
5	0.01119	0.00855	0.01001	0.01082	0.01260	0.00780	0.00805	0.01325	0.01779	0.02231	0.06122	0.21112	0.31339	0.11869	0.01525	0.00396	0.00571	0.13383	0.00750	0.00697
6	0.01131	0.00785	0.00981	0.01100	0.01137	0.00757	0.00707	0.01232	0.01489	0.01982	0.03886	0.41528	0.04592	0.29363	0.02376	0.00538	0.00638	0.04472	0.00681	0.00626
7	0.02223	0.02274	0.03440	0.04766	0.53596	0.09456	0.06467	0.02710	0.01997	0.02696	0.01576	0.02053	0.01315	0.00769	0.00845	0.00251	0.01100	0.00751	0.00424	0.01293
8	0.02475	0.02394	0.02410	0.02504	0.13773	0.18814	0.01689	0.18694	0.02480	0.03098	0.01965	0.08160	0.01767	0.01731	0.08491	0.00389	0.06592	0.00872	0.00576	0.01122
9	0.01053	0.00752	0.01006	0.01203	0.01260	0.00705	0.00818	0.01213	0.01645	0.02190	0.04682	0.66665	0.05593	0.02651	0.01090	0.00348	0.00508	0.05133	0.00790	0.00696
10	0.01708	0.00910	0.00923	0.00879	0.01113	0.00929	0.00670	0.06401	0.01948	0.03334	0.02722	0.03089	0.02127	0.00994	0.00614	0.00203	0.00436	0.00791	0.69367	0.00841
11	0.03184	0.03891	0.02426	0.02169	0.02632	0.60354	0.01642	0.09178	0.02569	0.02407	0.01387	0.01585	0.01131	0.00891	0.00776	0.00223	0.01476	0.00570	0.00479	0.01032
12	0.02257	0.67641	0.04380	0.01490	0.02186	0.03335	0.01474	0.02527	0.01711	0.02004	0.01180	0.01387	0.01093	0.00761	0.00643	0.00190	0.03826	0.00468	0.00364	0.01085
13	0.01948	0.02750	0.24822	0.02320	0.07590	0.01773	0.09459	0.08457	0.02044	0.03001	0.01603	0.01895	0.01225	0.00752	0.00777	0.00219	0.01009	0.00655	0.00473	0.27229
14	0.02787	0.03126	0.02222	0.01984	0.02405	0.42285	0.01521	0.13042	0.02470	0.02623	0.01637	0.01992	0.01367	0.02028	0.14274	0.00460	0.01585	0.00660	0.00513	0.01019
15	0.02275	0.70604	0.04459	0.01456	0.02184	0.03367	0.01456	0.02548	0.01729	0.02002	0.01183	0.01365	0.01092	0.00728	0.00546	0.00182	0.00910	0.00455	0.00364	0.01092
16	0.01602	0.01354	0.01426	0.01324	0.01684	0.01447	0.01004	0.02933	0.33286	0.02958	0.08643	0.05329	0.25136	0.06625	0.01179	0.00327	0.00582	0.01314	0.00817	0.01030
