[name]
unknown

[dist]
# distance from previous block
# <min> <max>
26	51

[block]
# block no. 0 follows, 22 sequences, length 13
# corresponding to MSA columns:
# 57-69
name=unknown_A
#
# <colnr> <probs for GDERKNQSTAVLIFYWHMCP>
#	G	D	E	R	K	N	Q	S	T	A	V	L	I	F	Y	W	H	M	C	P
0	0.19444	0.02357	0.02457	0.18638	0.14671	0.20821	0.05276	0.02649	0.01863	0.02605	0.01375	0.01781	0.01095	0.00800	0.00741	0.00249	0.01108	0.00627	0.00430	0.01012
1	0.08268	0.02424	0.17136	0.02762	0.21074	0.08203	0.04965	0.02340	0.01869	0.02610	0.02946	0.03362	0.13750	0.01099	0.00834	0.00262	0.00964	0.03565	0.00494	0.01071
2	0.03108	0.03833	0.02365	0.02122	0.02569	0.62436	0.01603	0.07935	0.02475	0.02282	0.01339	0.01537	0.01097	0.00867	0.00755	0.00217	0.01453	0.00552	0.00459	0.00998
3	0.02703	0.02249	0.01879	0.06422	0.02318	0.26192	0.01308	0.02975	0.02206	0.22583	0.03579	0.03473	0.16198	0.01197	0.00836	0.00248	0.00969	0.00927	0.00695	0.01044
4	0.01208	0.00805	0.00906	0.00906	0.00906	0.00805	0.00503	0.01208	0.01208	0.01611	0.02618	0.05436	0.03020	0.70804	0.04228	0.00805	0.00805	0.01208	0.00503	0.00503
5	0.01870	0.03442	0.39746	0.02840	0.15079	0.06862	0.02666	0.02567	0.01749	0.02504	0.01426	0.01802	0.01110	0.00889	0.01097	0.00272	0.11885	0.00650	0.00370	0.01175
6	0.01112	0.00883	0.01023	0.01093	0.01341	0.00794	0.00889	0.01385	0.01900	0.02333	0.06949	0.08497	0.43196	0.02174	0.01042	0.00318	0.00546	0.23029	0.00769	0.00725
7	0.01410	0.00728	0.01033	0.01054	0.01082	0.00723	0.00710	0.01192	0.01215	0.01712	0.01928	0.09808	0.01956	0.02627	0.02696	0.58785	0.00656	0.00902	0.09339	0.00443
8	0.01953	0.02297	0.13246	0.10170	0.50673	0.01956	0.02611	0.02526	0.01850	0.02650	0.01544	0.02022	0.01256	0.00756	0.00818	0.00252	0.01035	0.00720	0.00398	0.01268
9	0.01271	0.00863	0.01204	0.01204	0.01363	0.00977	0.00932	0.01589	0.01430	0.02201	0.02338	0.03225	0.02089	0.05004	0.51913	0.01069	0.01797	0.00863	0.17918	0.00749
10	0.02055	0.13670	0.19831	0.02202	0.02792	0.07763	0.07299	0.06782	0.01802	0.02451	0.01338	0.01748	0.01113	0.01015	0.01423	0.00280	0.24299	0.00660	0.00403	0.01076
11	0.09074	0.15415	0.02533	0.01654	0.02274	0.17115	0.01370	0.18773	0.02445	0.05943	0.01561	0.01687	0.01219	0.00822	0.00689	0.00205	0.00954	0.00572	0.00567	0.15128
12	0.03064	0.02325	0.02211	0.01799	0.02324	0.16434	0.01447	0.27161	0.02858	0.18345	0.02122	0.02145	0.01515	0.01005	0.00936	0.00248	0.05993	0.00722	0.06116	0.01231

[dist]
# distance from previous block
# <min> <max>
0	1

[block]
# block no. 1 follows, 22 sequences, length 35
# corresponding to MSA columns:
# 71-105
name=unknown_B
#
# <colnr> <probs for GDERKNQSTAVLIFYWHMCP>
#	G	D	E	R	K	N	Q	S	T	A	V	L	I	F	Y	W	H	M	C	P
0	0.01511	0.01340	0.01349	0.01323	0.01648	0.05462	0.01049	0.02375	0.19850	0.02639	0.05610	0.06472	0.29586	0.01785	0.00964	0.00299	0.00635	0.14425	0.00769	0.00909
1	0.01298	0.00815	0.01048	0.01083	0.01231	0.00870	0.00811	0.01603	0.01541	0.02422	0.02837	0.15198	0.02710	0.03513	0.29317	0.00708	0.01191	0.01108	0.29954	0.00743
2	0.02241	0.02203	0.03057	0.06196	0.42386	0.10993	0.05227	0.02913	0.09038	0.04971	0.01796	0.02140	0.01438	0.00811	0.00824	0.00249	0.01035	0.00750	0.00484	0.01248
3	0.02455	0.01268	0.01578	0.01326	0.01784	0.01197	0.01054	0.03138	0.13265	0.31501	0.18521	0.04381	0.12219	0.01351	0.00891	0.00266	0.00585	0.01137	0.00934	0.01150
4	0.02242	0.31206	0.06184	0.01648	0.02197	0.15638	0.01473	0.08933	0.01986	0.02351	0.01527	0.01889	0.01329	0.02005	0.15545	0.00455	0.01329	0.00603	0.00441	0.01018
5	0.01041	0.00762	0.00929	0.01048	0.01135	0.00704	0.00695	0.01173	0.01583	0.02054	0.05004	0.46042	0.17159	0.14717	0.01612	0.00410	0.00528	0.02032	0.00723	0.00649
6	0.02093	0.01508	0.01665	0.01425	0.01747	0.01617	0.01058	0.30274	0.02548	0.03411	0.02671	0.15294	0.02700	0.25801	0.02065	0.00460	0.00799	0.01195	0.00705	0.00963
7	0.01268	0.00804	0.00905	0.00905	0.00947	0.00812	0.00545	0.01353	0.01310	0.01894	0.02614	0.04904	0.02811	0.54912	0.06891	0.00724	0.00805	0.01114	0.13918	0.00564
8	0.02138	0.23890	0.03018	0.01828	0.02184	0.02672	0.01590	0.13015	0.01881	0.02559	0.01359	0.01804	0.01215	0.01497	0.06581	0.00357	0.30271	0.00653	0.00451	0.01036
9	0.02324	0.30545	0.17478	0.02211	0.09405	0.17110	0.01957	0.05730	0.01984	0.02368	0.01344	0.01574	0.01108	0.00778	0.00684	0.00216	0.01111	0.00549	0.00400	0.01123
10	0.02778	0.02903	0.02428	0.16924	0.03273	0.32853	0.01753	0.21395	0.02678	0.03040	0.01546	0.01811	0.01184	0.00894	0.00792	0.00239	0.01231	0.00646	0.00539	0.01093
11	0.01205	0.00819	0.00976	0.00976	0.01000	0.00843	0.00591	0.01253	0.01229	0.01663	0.02554	0.05082	0.02867	0.60282	0.14540	0.00892	0.01037	0.01156	0.00494	0.00542
12	0.02236	0.02425	0.03342	0.08974	0.36503	0.16579	0.12658	0.02708	0.01989	0.02509	0.01514	0.01976	0.01236	0.00766	0.00834	0.00247	0.01181	0.00736	0.00413	0.01174
13	0.09244	0.01002	0.01014	0.01014	0.01298	0.00965	0.00757	0.01660	0.08346	0.02511	0.06417	0.17917	0.41037	0.01947	0.00931	0.00288	0.00481	0.01636	0.00751	0.00783
14	0.05863	0.01566	0.01780	0.01517	0.01895	0.01733	0.01189	0.29751	0.02522	0.03510	0.02267	0.07071	0.02058	0.12363	0.20422	0.00644	0.01234	0.00939	0.00655	0.01021
15	0.01867	0.02910	0.29526	0.07584	0.36473	0.01948	0.02752	0.02559	0.01821	0.02646	0.01528	0.01940	0.01195	0.00766	0.00809	0.00255	0.01094	0.00688	0.00384	0.01257
16	0.02105	0.48886	0.10996	0.01984	0.02778	0.02880	0.15227	0.02541	0.01756	0.02183	0.01307	0.01579	0.01108	0.00717	0.00660	0.00209	0.01038	0.00581	0.00369	0.01095
17	0.01875	0.01805	0.03141	0.18927	0.43627	0.01874	0.06918	0.02376	0.01827	0.02541	0.01741	0.06365	0.01526	0.00874	0.00851	0.00262	0.01013	0.00859	0.00425	0.01174
18	0.01897	0.19419	0.35704	0.02847	0.19187	0.02259	0.02549	0.02576	0.01774	0.02494	0.01430	0.01733	0.01123	0.00758	0.00738	0.00239	0.01086	0.00607	0.00367	0.01212
19	0.01375	0.01298	0.01191	0.01244	0.01425	0.11410	0.00894	0.01560	0.01769	0.02115	0.04801	0.32206	0.20261	0.06189	0.05459	0.00395	0.00771	0.04231	0.00680	0.00727
20	0.01012	0.00723	0.00964	0.01157	0.01205	0.00675	0.00771	0.01157	0.01591	0.02121	0.04579	0.70262	0.05495	0.02603	0.01060	0.00337	0.00482	0.02362	0.00771	0.00675
21	0.01220	0.01037	0.01747	0.01604	0.01825	0.01012	0.11900	0.01500	0.01612	0.02180	0.03690	0.40638	0.06388	0.03050	0.15849	0.00547	0.01032	0.01762	0.00636	0.00771
22	0.02445	0.02296	0.02989	0.06424	0.39544	0.10474	0.02178	0.17637	0.02443	0.03231	0.01631	0.01976	0.01300	0.00822	0.00816	0.00244	0.01039	0.00716	0.00516	0.01280
23	0.02313	0.02366	0.02205	0.05907	0.09542	0.19404	0.01585	0.03788	0.37329	0.02933	0.02516	0.02509	0.01932	0.00996	0.00816	0.00260	0.00942	0.00799	0.00660	0.01200
24	0.01658	0.01568	0.02653	0.57145	0.16687	0.01869	0.02352	0.02201	0.01703	0.02231	0.01492	0.02186	0.01146	0.00814	0.00829	0.00271	0.01085	0.00739	0.00377	0.00995
25	0.01064	0.00883	0.01007	0.05133	0.01437	0.00792	0.00771	0.01338	0.01986	0.02490	0.21189	0.07218	0.47913	0.01930	0.00972	0.00276	0.00457	0.01632	0.00780	0.00734
26	0.03158	0.02327	0.02493	0.01911	0.02576	0.02576	0.01579	0.62852	0.03906	0.05236	0.01995	0.01995	0.01413	0.00997	0.00831	0.00249	0.00914	0.00748	0.00831	0.01413
27	0.02045	0.01971	0.02754	0.03763	0.41353	0.06129	0.02046	0.02947	0.16954	0.02818	0.02501	0.02720	0.06424	0.00944	0.00835	0.00256	0.00898	0.00852	0.00544	0.01246
28	0.01195	0.00858	0.01171	0.01171	0.01263	0.00949	0.00834	0.01378	0.01287	0.01807	0.02375	0.04093	0.02437	0.30872	0.43363	0.01133	0.01683	0.01011	0.00467	0.00651
29	0.01880	0.01742	0.02896	0.04273	0.51357	0.01736	0.02248	0.02341	0.01895	0.02652	0.02376	0.03624	0.04829	0.01078	0.00887	0.00272	0.00922	0.11311	0.00490	0.01190
30	0.02883	0.03488	0.02382	0.02278	0.06566	0.53385	0.01644	0.06412	0.02311	0.02248	0.01382	0.01668	0.01159	0.01164	0.04342	0.00283	0.04375	0.00587	0.00447	0.00997
31	0.01055	0.00818	0.00960	0.00981	0.01181	0.00723	0.00714	0.01312	0.01982	0.02587	0.26874	0.21260	0.32419	0.02077	0.00999	0.00287	0.00425	0.01803	0.00820	0.00723
32	0.02341	0.02331	0.02892	0.03588	0.34700	0.13738	0.02087	0.10569	0.02149	0.02829	0.01502	0.01902	0.01251	0.00887	0.01062	0.00252	0.10374	0.00692	0.00467	0.04388
33	0.01902	0.07010	0.02828	0.29094	0.23795	0.04265	0.02133	0.05634	0.01868	0.02465	0.01826	0.02326	0.04443	0.00913	0.00950	0.00263	0.06021	0.00761	0.00429	0.01075
34	0.02579	0.01915	0.01694	0.01461	0.01877	0.16086	0.01135	0.11168	0.07858	0.15651	0.02463	0.02637	0.01855	0.03950	0.00882	0.00252	0.00812	0.00763	0.23894	0.01067

[dist]
# distance from previous block
# <min> <max>
0	4

[block]
# block no. 2 follows, 22 sequences, length 46
# corresponding to MSA columns:
# 110-155
name=unknown_C
#
# <colnr> <probs for GDERKNQSTAVLIFYWHMCP>
#	G	D	E	R	K	N	Q	S	T	A	V	L	I	F	Y	W	H	M	C	P
0	0.02665	0.25062	0.02918	0.01843	0.02367	0.37089	0.01503	0.03220	0.11542	0.02228	0.01562	0.01689	0.01292	0.00851	0.00695	0.00213	0.01176	0.00568	0.00468	0.01049
1	0.00982	0.00842	0.00842	0.00842	0.01122	0.00701	0.00631	0.01192	0.01894	0.02244	0.08416	0.07995	0.65285	0.02104	0.00982	0.00281	0.00421	0.01753	0.00771	0.00701
2	0.02225	0.02285	0.03135	0.04455	0.52349	0.12536	0.02337	0.02765	0.05015	0.02642	0.01607	0.02017	0.01336	0.00778	0.00812	0.00243	0.01053	0.00717	0.00435	0.01259
3	0.01191	0.00875	0.01259	0.01259	0.01381	0.00997	0.00944	0.01435	0.01313	0.01872	0.02295	0.03648	0.02244	0.17657	0.56315	0.01241	0.01974	0.00946	0.00455	0.00700
4	0.01059	0.00763	0.00978	0.01121	0.01201	0.00714	0.00768	0.01221	0.01633	0.02157	0.07479	0.50925	0.10686	0.09706	0.01390	0.00381	0.00525	0.05875	0.00749	0.00670
5	0.01208	0.00805	0.00906	0.00906	0.00906	0.00805	0.00503	0.01208	0.01208	0.01611	0.02618	0.05436	0.03020	0.70804	0.04228	0.00805	0.00805	0.01208	0.00503	0.00503
6	0.01007	0.00743	0.00944	0.01104	0.01191	0.00679	0.00748	0.01163	0.01641	0.02141	0.05218	0.59885	0.15459	0.02520	0.01047	0.00328	0.00472	0.02260	0.00771	0.00679
7	0.01201	0.00834	0.01050	0.01050	0.01099	0.00883	0.00682	0.01300	0.01251	0.01717	0.02486	0.04710	0.02705	0.49204	0.25397	0.00983	0.01280	0.01102	0.00484	0.00583
8	0.00999	0.00774	0.00911	0.01021	0.01169	0.00686	0.00711	0.01172	0.01721	0.02174	0.06230	0.43464	0.31227	0.02388	0.01027	0.00313	0.00456	0.02100	0.00771	0.00686
9	0.01839	0.03102	0.34141	0.02507	0.06162	0.02025	0.12472	0.03038	0.17098	0.02815	0.01970	0.02183	0.01466	0.00889	0.00936	0.00275	0.04609	0.00767	0.00487	0.01219
10	0.01208	0.00805	0.00906	0.00906	0.00906	0.00805	0.00503	0.01208	0.01208	0.01611	0.02618	0.05436	0.03020	0.70804	0.04228	0.00805	0.00805	0.01208	0.00503	0.00503
11	0.02566	0.29077	0.03301	0.02261	0.12455	0.13611	0.01667	0.17553	0.04992	0.02959	0.01541	0.01713	0.01253	0.00828	0.00702	0.00217	0.01003	0.00602	0.00514	0.01184
12	0.05248	0.02736	0.17203	0.06684	0.26193	0.09885	0.14902	0.02658	0.01900	0.02618	0.01516	0.01938	0.01190	0.00762	0.00826	0.00255	0.01178	0.00725	0.00404	0.01177
13	0.01870	0.02263	0.15423	0.02880	0.23602	0.01785	0.02038	0.05425	0.01854	0.02719	0.01840	0.02182	0.04451	0.00884	0.00994	0.00235	0.08846	0.00704	0.00453	0.19551
14	0.01678	0.00885	0.00953	0.00896	0.01133	0.00877	0.00684	0.04673	0.01951	0.06386	0.11119	0.03454	0.02863	0.01071	0.00658	0.00208	0.00427	0.00874	0.58373	0.00836
15	0.01671	0.01138	0.01440	0.01526	0.08162	0.01140	0.01020	0.05285	0.07890	0.06324	0.28348	0.04300	0.04429	0.04346	0.00981	0.00268	0.00539	0.01106	0.19148	0.00938
16	0.02515	0.23615	0.06999	0.02616	0.16925	0.29440	0.01854	0.02853	0.02014	0.02201	0.01322	0.01592	0.01124	0.00782	0.00704	0.00214	0.01183	0.00560	0.00398	0.01090
17	0.01818	0.01818	0.02545	0.02181	0.02181	0.02545	0.01818	0.01999	0.01272	0.01999	0.01091	0.01818	0.01091	0.01454	0.02726	0.00364	0.69284	0.00727	0.00364	0.00909
18	0.01208	0.00805	0.00906	0.00906	0.00906	0.00805	0.00503	0.01208	0.01208	0.01611	0.02618	0.05436	0.03020	0.70804	0.04228	0.00805	0.00805	0.01208	0.00503	0.00503
19	0.01079	0.00809	0.00913	0.00964	0.01098	0.00741	0.00653	0.01214	0.01604	0.02022	0.05488	0.21121	0.28905	0.24587	0.02064	0.00469	0.00575	0.04378	0.00684	0.00634
20	0.02189	0.05861	0.13729	0.06106	0.02547	0.22104	0.04512	0.05702	0.02049	0.02655	0.01807	0.02119	0.01411	0.00869	0.00717	0.00224	0.01031	0.00662	0.22717	0.00988
21	0.02127	0.17990	0.03854	0.03786	0.35559	0.05607	0.14350	0.02597	0.01882	0.02495	0.01479	0.01900	0.01235	0.00731	0.00784	0.00236	0.01074	0.00711	0.00401	0.01202
22	0.02177	0.01751	0.01867	0.01598	0.02080	0.01944	0.01265	0.20639	0.34253	0.03816	0.08243	0.03634	0.10564	0.01256	0.00869	0.00271	0.00682	0.01029	0.00837	0.01226
23	0.02310	0.02062	0.01821	0.01767	0.04622	0.20938	0.01268	0.11722	0.02275	0.09695	0.02929	0.28938	0.02992	0.01583	0.00897	0.00274	0.00897	0.01332	0.00692	0.00983
24	0.01737	0.01522	0.01912	0.01366	0.02110	0.01167	0.04649	0.02126	0.01737	0.02704	0.01489	0.01753	0.01232	0.00620	0.00637	0.00132	0.00662	0.00521	0.00488	0.71436
25	0.02208	0.02088	0.02676	0.05389	0.05680	0.09516	0.15407	0.18438	0.08500	0.03238	0.03224	0.03323	0.14304	0.01129	0.00887	0.00263	0.00982	0.00997	0.00638	0.01113
26	0.02864	0.03505	0.02587	0.02817	0.16994	0.52485	0.01821	0.03142	0.02248	0.02189	0.01348	0.01626	0.01126	0.00830	0.00766	0.00222	0.01381	0.00582	0.00424	0.01044
27	0.37714	0.01918	0.01870	0.01519	0.02078	0.02175	0.01255	0.28495	0.02525	0.07256	0.01615	0.01721	0.01185	0.00916	0.00780	0.00259	0.04296	0.00611	0.00667	0.01145
28	0.00982	0.00842	0.00842	0.00842	0.01122	0.00701	0.00631	0.01192	0.01894	0.02244	0.08416	0.07995	0.65285	0.02104	0.00982	0.00281	0.00421	0.01753	0.00771	0.00701
29	0.02166	0.01635	0.02191	0.04965	0.02273	0.01892	0.01504	0.05056	0.01718	0.14156	0.01771	0.04695	0.01486	0.01194	0.01694	0.00283	0.33210	0.00763	0.00550	0.16799
30	0.01268	0.01047	0.01142	0.01136	0.01404	0.01036	0.00841	0.02000	0.17148	0.02589	0.09971	0.20922	0.32469	0.01952	0.00966	0.00293	0.00491	0.01676	0.00799	0.00851
31	0.01961	0.02241	0.04902	0.03501	0.04342	0.02101	0.62605	0.02661	0.01961	0.02661	0.01681	0.02241	0.01261	0.00700	0.00980	0.00280	0.01401	0.00980	0.00420	0.01120
32	0.01049	0.00844	0.00935	0.00913	0.01164	0.00730	0.00684	0.01323	0.02053	0.02623	0.28214	0.07371	0.45250	0.01962	0.00981	0.00274	0.00411	0.01666	0.00821	0.00730
33	0.01044	0.00736	0.00954	0.01116	0.01156	0.00696	0.00727	0.01165	0.01528	0.02037	0.04257	0.59638	0.05089	0.13780	0.01580	0.00414	0.00535	0.02173	0.00727	0.00647
34	0.05525	0.01819	0.01997	0.01672	0.02221	0.01995	0.01337	0.17010	0.35774	0.16866	0.02971	0.02735	0.02128	0.01065	0.00827	0.00269	0.00723	0.00857	0.00867	0.01341
35	0.02056	0.01974	0.03372	0.05099	0.65622	0.01974	0.02550	0.02550	0.01892	0.02714	0.01563	0.02056	0.01316	0.00740	0.00822	0.00247	0.00987	0.00740	0.00411	0.01316
36	0.01012	0.00723	0.00964	0.01157	0.01205	0.00675	0.00771	0.01157	0.01591	0.02121	0.04579	0.70262	0.05495	0.02603	0.01060	0.00337	0.00482	0.02362	0.00771	0.00675
37	0.03103	0.03959	0.02354	0.02140	0.02568	0.67469	0.01605	0.03317	0.02354	0.02033	0.01284	0.01498	0.01070	0.00856	0.00749	0.00214	0.01498	0.00535	0.00428	0.00963
38	0.01187	0.00890	0.01335	0.01335	0.01483	0.01038	0.01038	0.01483	0.01335	0.01928	0.02225	0.03264	0.02077	0.06231	0.67512	0.01335	0.02225	0.00890	0.00445	0.00742
39	0.01012	0.00723	0.00964	0.01157	0.01205	0.00675	0.00771	0.01157	0.01591	0.02121	0.04579	0.70262	0.05495	0.02603	0.01060	0.00337	0.00482	0.02362	0.00771	0.00675
40	0.01033	0.00732	0.00958	0.01130	0.01173	0.00689	0.00742	0.01162	0.01549	0.02065	0.04366	0.63231	0.05226	0.10000	0.01404	0.00388	0.00517	0.02237	0.00742	0.00656
41	0.00992	0.00800	0.00884	0.00951	0.01151	0.00692	0.00680	0.01180	0.01788	0.02201	0.07081	0.29648	0.44493	0.02277	0.01009	0.00300	0.00442	0.01965	0.00771	0.00692
42	0.01000	0.00772	0.00913	0.01026	0.01171	0.00686	0.00713	0.01171	0.01716	0.02172	0.06165	0.44520	0.30213	0.02396	0.01028	0.00314	0.00457	0.02110	0.00771	0.00686
43	0.02077	0.02041	0.03264	0.09070	0.58588	0.05249	0.02487	0.02560	0.01900	0.02642	0.01543	0.02038	0.01290	0.00752	0.00819	0.00247	0.01020	0.00730	0.00409	0.01273
44	0.02052	0.02067	0.03057	0.19767	0.44871	0.08867	0.02393	0.02530	0.01886	0.02503	0.01513	0.02034	0.01241	0.00774	0.00817	0.00250	0.01069	0.00718	0.00403	0.01186
45	0.01076	0.00812	0.00925	0.00949	0.01103	0.00736	0.00650	0.01252	0.01744	0.02245	0.15737	0.18333	0.29362	0.19254	0.01805	0.00418	0.00523	0.01686	0.00728	0.00661

[dist]
# distance from previous block
# <min> <max>
0	4

[block]
# block no. 3 follows, 22 sequences, length 25
# corresponding to MSA columns:
# 160-184
name=unknown_D
#
# <colnr> <probs for GDERKNQSTAVLIFYWHMCP>
#	G	D	E	R	K	N	Q	S	T	A	V	L	I	F	Y	W	H	M	C	P
0	0.00993	0.00797	0.00888	0.00960	0.01153	0.00691	0.00684	0.01179	0.01780	0.02198	0.06975	0.31368	0.42841	0.02291	0.01011	0.00302	0.00444	0.01982	0.00771	0.00691
1	0.02199	0.01947	0.02989	0.06326	0.32505	0.01973	0.08002	0.16857	0.02338	0.03252	0.01842	0.06003	0.01560	0.00899	0.00836	0.00246	0.00953	0.00838	0.00539	0.07896
2	0.03009	0.03727	0.02310	0.02089	0.02514	0.61015	0.01575	0.06080	0.02377	0.02181	0.01366	0.01611	0.01137	0.01133	0.04112	0.00272	0.01507	0.00563	0.00448	0.00974
3	0.02221	0.71304	0.04353	0.01421	0.02132	0.03287	0.01421	0.02488	0.01688	0.01955	0.01155	0.01333	0.01066	0.00711	0.00533	0.00178	0.00888	0.00444	0.00355	0.01066
4	0.02197	0.01879	0.02530	0.19855	0.17875	0.02110	0.01920	0.17381	0.19174	0.03371	0.02137	0.02365	0.01616	0.00930	0.00833	0.00265	0.00911	0.00795	0.00618	0.01237
5	0.02259	0.01988	0.01942	0.01697	0.02175	0.08018	0.01329	0.14457	0.41589	0.03588	0.06128	0.03153	0.05665	0.01156	0.00847	0.00269	0.00756	0.00936	0.00804	0.01244
6	0.01246	0.01101	0.01893	0.01678	0.01934	0.01025	0.15549	0.01522	0.01688	0.02237	0.04133	0.45351	0.09680	0.05354	0.01185	0.00341	0.00712	0.01922	0.00674	0.00776
7	0.03030	0.03820	0.02426	0.02348	0.07001	0.62865	0.01672	0.03263	0.02322	0.02081	0.01304	0.01537	0.01087	0.00848	0.00754	0.00216	0.01462	0.00549	0.00427	0.00988
8	0.01569	0.01477	0.02492	0.68808	0.05722	0.01846	0.02307	0.02123	0.01661	0.02123	0.01477	0.02215	0.01107	0.00831	0.00831	0.00277	0.01107	0.00738	0.00369	0.00923
9	0.01495	0.01057	0.01334	0.01257	0.01415	0.01198	0.00948	0.07105	0.01636	0.02429	0.02394	0.06762	0.02287	0.16237	0.26116	0.00757	0.07549	0.00972	0.16275	0.00776
10	0.01054	0.00813	0.00898	0.00926	0.01095	0.00727	0.00637	0.01218	0.01717	0.02158	0.10660	0.17934	0.36329	0.18069	0.01747	0.00410	0.00518	0.01712	0.00720	0.00657
11	0.02084	0.02387	0.06074	0.11004	0.16363	0.21305	0.01900	0.02473	0.01953	0.02316	0.02291	0.03499	0.05052	0.01190	0.01000	0.00276	0.05901	0.11449	0.00486	0.00997
12	0.01242	0.00938	0.01306	0.01278	0.01372	0.01089	0.00945	0.01445	0.01294	0.01843	0.02250	0.03775	0.02271	0.24396	0.44303	0.01107	0.07037	0.00969	0.00455	0.00686
13	0.00995	0.00789	0.00896	0.00980	0.01159	0.00690	0.00693	0.01177	0.01760	0.02190	0.06725	0.35434	0.38937	0.02324	0.01016	0.00306	0.00448	0.02021	0.00771	0.00690
14	0.01250	0.00879	0.01178	0.01174	0.01277	0.00981	0.00854	0.01465	0.01358	0.01991	0.02461	0.06986	0.02468	0.22874	0.36846	0.00973	0.03956	0.01028	0.09318	0.00683
15	0.08681	0.01836	0.01635	0.05035	0.04572	0.18300	0.01190	0.02134	0.04707	0.02243	0.02564	0.23510	0.02744	0.09107	0.01416	0.03919	0.03806	0.01224	0.00561	0.00816
16	0.02810	0.03482	0.02283	0.02074	0.02435	0.55344	0.01576	0.03029	0.02160	0.02021	0.01348	0.01684	0.01160	0.01386	0.06798	0.00327	0.08137	0.00585	0.00423	0.00938
17	0.02084	0.08279	0.02086	0.01687	0.02012	0.21993	0.01337	0.07787	0.01914	0.02270	0.01761	0.02357	0.01565	0.03357	0.31529	0.00737	0.05156	0.00719	0.00463	0.00909
18	0.01631	0.01282	0.01327	0.01162	0.01500	0.05681	0.00894	0.07804	0.02263	0.03199	0.29021	0.04444	0.10077	0.01326	0.00826	0.00227	0.00552	0.01112	0.14794	0.10876
19	0.01809	0.08695	0.01732	0.01466	0.01716	0.22401	0.01082	0.01986	0.01851	0.02064	0.03373	0.34333	0.07739	0.04659	0.01035	0.00298	0.00857	0.01496	0.00609	0.00801
20	0.02214	0.01361	0.01856	0.01444	0.02022	0.01176	0.04187	0.02568	0.01842	0.21623	0.02202	0.02438	0.01676	0.02044	0.16192	0.00452	0.01055	0.00712	0.00639	0.32296
21	0.02398	0.02376	0.02427	0.26202	0.07303	0.20354	0.01864	0.17690	0.02429	0.02914	0.01715	0.05396	0.01408	0.00964	0.00819	0.00254	0.01130	0.00766	0.00524	0.01067
22	0.02177	0.02573	0.10506	0.19213	0.26871	0.15755	0.02299	0.06125	0.02034	0.02566	0.01500	0.01937	0.01188	0.00807	0.00805	0.00249	0.01148	0.00682	0.00422	0.01143
23	0.17116	0.02220	0.20594	0.07253	0.08464	0.01647	0.04128	0.02210	0.01611	0.02672	0.04005	0.02308	0.01575	0.02219	0.17974	0.00539	0.01307	0.00719	0.00440	0.00998
24	0.01734	0.05324	0.01915	0.20434	0.02871	0.15079	0.01434	0.02172	0.05456	0.02184	0.03448	0.08804	0.16474	0.01778	0.07003	0.00362	0.01046	0.01068	0.00540	0.00874

[dist]
# distance from previous block
# <min> <max>
30	227

[block]
# block no. 4 follows, 22 sequences, length 8
# corresponding to MSA columns:
# 414-421
name=unknown_E
#
# <colnr> <probs for GDERKNQSTAVLIFYWHMCP>
#	G	D	E	R	K	N	Q	S	T	A	V	L	I	F	Y	W	H	M	C	P
0	0.05427	0.03079	0.25394	0.02386	0.10107	0.13156	0.02141	0.08149	0.11624	0.05309	0.01949	0.02258	0.01504	0.00925	0.00801	0.00258	0.01071	0.02730	0.00534	0.01199
1	0.02541	0.06590	0.02382	0.02096	0.05583	0.34695	0.01557	0.07914	0.04852	0.02363	0.01556	0.02027	0.01361	0.05570	0.05372	0.00347	0.11064	0.00667	0.00472	0.00991
2	0.01235	0.00905	0.01120	0.01127	0.01173	0.00967	0.00764	0.01331	0.01363	0.01834	0.03146	0.13524	0.06478	0.42711	0.07449	0.00681	0.06960	0.06070	0.00556	0.00608
3	0.01893	0.01518	0.02214	0.09632	0.19506	0.01588	0.04720	0.12646	0.02101	0.02991	0.02329	0.11594	0.02147	0.06709	0.01094	0.00299	0.00818	0.01013	0.14156	0.01032
4	0.01569	0.01737	0.17885	0.01513	0.01948	0.01074	0.01424	0.01948	0.01745	0.11430	0.03602	0.43059	0.03864	0.01913	0.00959	0.00307	0.00705	0.01695	0.00700	0.00922
5	0.08312	0.02857	0.15299	0.03195	0.26683	0.15438	0.02193	0.11045	0.02199	0.02988	0.01519	0.01817	0.01194	0.00812	0.00777	0.00244	0.01101	0.00651	0.00469	0.01206
6	0.02389	0.09267	0.15123	0.12049	0.11737	0.24547	0.02098	0.08528	0.02165	0.02553	0.01446	0.01759	0.01138	0.00824	0.00767	0.00237	0.01210	0.00619	0.00434	0.01109
7	0.01426	0.01016	0.01152	0.01117	0.01400	0.00950	0.00876	0.06462	0.02010	0.06382	0.06075	0.07182	0.36463	0.09962	0.01372	0.00359	0.00594	0.13650	0.00760	0.00793

[dist]
# distance from previous block
# <min> <max>
1	5

[block]
# block no. 5 follows, 22 sequences, length 67
# corresponding to MSA columns:
# 427-493
name=unknown_F
#
# <colnr> <probs for GDERKNQSTAVLIFYWHMCP>
#	G	D	E	R	K	N	Q	S	T	A	V	L	I	F	Y	W	H	M	C	P
0	0.01581	0.01560	0.01545	0.01744	0.07498	0.14919	0.01155	0.01807	0.01747	0.02127	0.03378	0.32390	0.07193	0.02750	0.14116	0.00497	0.01084	0.01499	0.00601	0.00810
1	0.04353	0.04330	0.03965	0.01483	0.04333	0.07073	0.01046	0.01817	0.03982	0.01998	0.02354	0.10497	0.02554	0.36020	0.02732	0.00545	0.08575	0.01098	0.00506	0.00740
2	0.01785	0.01989	0.09476	0.03287	0.23833	0.01724	0.18306	0.02397	0.04403	0.02601	0.02307	0.06713	0.02158	0.04765	0.01104	0.00314	0.01040	0.10201	0.00503	0.01095
3	0.01784	0.01569	0.02070	0.20799	0.12582	0.05599	0.01633	0.02497	0.11829	0.05333	0.09342	0.11139	0.05160	0.01222	0.00868	0.00268	0.00827	0.01070	0.00611	0.03797
4	0.22328	0.07830	0.19079	0.01824	0.02510	0.21572	0.01761	0.02954	0.08079	0.02785	0.01505	0.01675	0.01166	0.00833	0.00691	0.00243	0.01071	0.00567	0.00468	0.01058
5	0.02114	0.06710	0.23846	0.03515	0.31404	0.13088	0.02500	0.02702	0.01914	0.02532	0.01471	0.01825	0.01175	0.00774	0.00784	0.00243	0.01147	0.00649	0.00391	0.01214
6	0.01214	0.00874	0.01254	0.01254	0.01390	0.00997	0.00953	0.01487	0.01350	0.01977	0.02298	0.03470	0.02175	0.12332	0.56575	0.01204	0.01957	0.00914	0.05607	0.00720
7	0.02059	0.16793	0.26826	0.02926	0.19160	0.09746	0.06118	0.02662	0.01858	0.02452	0.01431	0.01749	0.01138	0.00763	0.00754	0.00237	0.01140	0.00626	0.00380	0.01181
8	0.00982	0.00842	0.00842	0.00842	0.01122	0.00701	0.00631	0.01192	0.01894	0.02244	0.08416	0.07995	0.65285	0.02104	0.00982	0.00281	0.00421	0.01753	0.00771	0.00701
9	0.01137	0.00848	0.01056	0.01004	0.01217	0.00767	0.00753	0.01492	0.02259	0.03111	0.53698	0.06568	0.19462	0.01780	0.00980	0.00265	0.00398	0.01553	0.00886	0.00767
10	0.00992	0.00842	0.00856	0.00852	0.01128	0.00706	0.00639	0.01212	0.01917	0.02301	0.11377	0.07902	0.62289	0.02083	0.00982	0.00280	0.00419	0.01740	0.00779	0.00706
11	0.01502	0.01353	0.01939	0.01757	0.01832	0.01790	0.01427	0.01741	0.01304	0.01964	0.01659	0.02542	0.01584	0.03846	0.35163	0.00850	0.35709	0.00809	0.00404	0.00825
12	0.03083	0.02290	0.02451	0.01896	0.02548	0.02541	0.01561	0.58833	0.08047	0.05115	0.02090	0.02071	0.01490	0.01006	0.00832	0.00252	0.00896	0.00761	0.00832	0.01406
13	0.03103	0.03959	0.02354	0.02140	0.02568	0.67469	0.01605	0.03317	0.02354	0.02033	0.01284	0.01498	0.01070	0.00856	0.00749	0.00214	0.01498	0.00535	0.00428	0.00963
14	0.01314	0.00908	0.00990	0.00932	0.01247	0.00768	0.00712	0.01553	0.01989	0.09683	0.12793	0.07245	0.52998	0.01945	0.00965	0.00276	0.00451	0.01626	0.00813	0.00790
15	0.02917	0.03517	0.02545	0.02664	0.13971	0.52298	0.01775	0.06231	0.02350	0.02320	0.01371	0.01624	0.01132	0.00842	0.00767	0.00222	0.01376	0.00583	0.00446	0.01050
16	0.03106	0.03870	0.02362	0.02128	0.02569	0.63918	0.01604	0.06576	0.02439	0.02208	0.01323	0.01525	0.01089	0.00864	0.00754	0.00216	0.01466	0.00547	0.00450	0.00988
17	0.01920	0.01835	0.03127	0.22829	0.48952	0.01938	0.02482	0.02431	0.01827	0.02549	0.01539	0.02100	0.01258	0.00765	0.00825	0.00255	0.01020	0.00740	0.00400	0.01207
18	0.01645	0.01652	0.01531	0.01514	0.01698	0.17629	0.01130	0.01874	0.01700	0.02066	0.04932	0.22547	0.02993	0.03424	0.25726	0.00675	0.04679	0.01248	0.00550	0.00787
19	0.01009	0.00810	0.00901	0.00947	0.01156	0.00702	0.00684	0.01220	0.01858	0.02320	0.13067	0.24548	0.43469	0.02197	0.01003	0.00294	0.00434	0.01892	0.00786	0.00702
20	0.02110	0.02077	0.03319	0.04946	0.62355	0.05367	0.02501	0.02589	0.01916	0.02679	0.01548	0.02027	0.01303	0.00746	0.00819	0.00245	0.01013	0.00730	0.00412	0.01298
21	0.01818	0.01818	0.02545	0.02181	0.02181	0.02545	0.01818	0.01999	0.01272	0.01999	0.01091	0.01818	0.01091	0.01454	0.02726	0.00364	0.69284	0.00727	0.00364	0.00909
22	0.01096	0.00846	0.01000	0.00961	0.01192	0.00750	0.00721	0.01413	0.02163	0.02884	0.41832	0.06942	0.31469	0.01865	0.00981	0.00269	0.00404	0.01606	0.00856	0.00750
23	0.01187	0.00890	0.01335	0.01335	0.01483	0.01038	0.01038	0.01483	0.01335	0.01928	0.02225	0.03264	0.02077	0.06231	0.67512	0.01335	0.02225	0.00890	0.00445	0.00742
24	0.01055	0.00767	0.00995	0.01101	0.01209	0.00707	0.00764	0.01274	0.01826	0.02467	0.21742	0.47609	0.10781	0.02312	0.01032	0.00312	0.00452	0.02075	0.00811	0.00707
25	0.02335	0.32160	0.11775	0.02451	0.14993	0.18748	0.01905	0.02724	0.01902	0.02213	0.01311	0.01572	0.01115	0.00763	0.00677	0.00211	0.01103	0.00547	0.00384	0.01111
26	0.01964	0.35328	0.31185	0.02200	0.09121	0.02567	0.02248	0.02556	0.01737	0.02324	0.01341	0.01588	0.01085	0.00748	0.00673	0.00222	0.01045	0.00547	0.00359	0.01161
27	0.01010	0.00732	0.00954	0.01132	0.01198	0.00677	0.00760	0.01160	0.01615	0.02131	0.04884	0.65306	0.10254	0.02563	0.01054	0.00333	0.00477	0.02313	0.00771	0.00677
28	0.01998	0.36910	0.16144	0.01645	0.02344	0.02496	0.01695	0.08360	0.01854	0.02415	0.01519	0.01866	0.01298	0.01847	0.13867	0.00431	0.01224	0.00597	0.00420	0.01069
29	0.15725	0.13293	0.09386	0.09629	0.08157	0.22602	0.01765	0.05889	0.01985	0.02624	0.01346	0.01628	0.01080	0.00806	0.00698	0.00233	0.01105	0.00566	0.00437	0.01045
30	0.02396	0.07377	0.03056	0.02341	0.02747	0.22174	0.13299	0.08649	0.02023	0.02457	0.01357	0.01786	0.01147	0.01032	0.01454	0.00278	0.24260	0.00700	0.00440	0.01027
31	0.00982	0.00842	0.00842	0.00842	0.01122	0.00701	0.00631	0.01192	0.01894	0.02244	0.08416	0.07995	0.65285	0.02104	0.00982	0.00281	0.00421	0.01753	0.00771	0.00701
32	0.02602	0.09353	0.02704	0.02695	0.19918	0.18712	0.01739	0.12002	0.04874	0.09184	0.02030	0.02209	0.03656	0.01112	0.03381	0.00278	0.01083	0.00719	0.00567	0.01181
33	0.05215	0.12380	0.02239	0.01678	0.04443	0.02066	0.01313	0.06806	0.34273	0.08723	0.03055	0.02942	0.05948	0.01303	0.03723	0.00306	0.00778	0.00864	0.00733	0.01211
34	0.01948	0.02329	0.07549	0.03453	0.04310	0.02093	0.60046	0.02660	0.01952	0.02660	0.01673	0.02220	0.01252	0.00704	0.00972	0.00279	0.01393	0.00965	0.00417	0.01125
35	0.00986	0.00826	0.00858	0.00883	0.01133	0.00698	0.00649	0.01188	0.01854	0.02228	0.07915	0.16122	0.57481	0.02169	0.00992	0.00288	0.00429	0.01833	0.00771	0.00698
36	0.03106	0.03888	0.02360	0.02130	0.02569	0.64614	0.01604	0.05937	0.02422	0.02174	0.01315	0.01520	0.01085	0.00862	0.00753	0.00216	0.01472	0.00544	0.00446	0.00983
37	0.01203	0.00885	0.01310	0.01310	0.01461	0.01027	0.01018	0.01504	0.01353	0.01981	0.02247	0.03256	0.02079	0.05996	0.64532	0.01284	0.02143	0.00885	0.03783	0.00743
38	0.01045	0.00754	0.00994	0.01149	0.01232	0.00703	0.00796	0.01232	0.01704	0.02276	0.11282	0.57178	0.08576	0.02465	0.01052	0.00329	0.00484	0.05270	0.00786	0.00693
39	0.01702	0.01715	0.01609	0.01551	0.01775	0.18889	0.01191	0.01976	0.01609	0.01957	0.01972	0.02789	0.01806	0.04786	0.49572	0.01034	0.02030	0.00795	0.00440	0.00801
40	0.01377	0.00999	0.01367	0.01538	0.01744	0.01014	0.01337	0.01862	0.05157	0.02538	0.04345	0.09044	0.04664	0.02234	0.01132	0.00377	0.00759	0.56948	0.00769	0.00794
41	0.01208	0.00805	0.00906	0.00906	0.00906	0.00805	0.00503	0.01208	0.01208	0.01611	0.02618	0.05436	0.03020	0.70804	0.04228	0.00805	0.00805	0.01208	0.00503	0.00503
42	0.02074	0.31784	0.02880	0.01539	0.01967	0.15523	0.01312	0.02325	0.01871	0.02209	0.12791	0.05202	0.02550	0.04658	0.01086	0.00257	0.07749	0.00794	0.00494	0.00935
43	0.03103	0.03959	0.02354	0.02140	0.02568	0.67469	0.01605	0.03317	0.02354	0.02033	0.01284	0.01498	0.01070	0.00856	0.00749	0.00214	0.01498	0.00535	0.00428	0.00963
44	0.02025	0.02062	0.03878	0.04571	0.45372	0.02016	0.22395	0.02586	0.01914	0.02697	0.01602	0.02117	0.01298	0.00727	0.00875	0.00258	0.01124	0.00820	0.00414	0.01251
45	0.01182	0.00813	0.01057	0.01157	0.01298	0.00751	0.00841	0.01413	0.01828	0.04910	0.15687	0.42059	0.12516	0.02288	0.01038	0.00320	0.00501	0.08797	0.00806	0.00737
46	0.01730	0.01223	0.01500	0.01416	0.01709	0.01285	0.01100	0.08276	0.12181	0.07062	0.03182	0.14760	0.03104	0.09510	0.14444	0.00554	0.00999	0.10493	0.00700	0.04771
47	0.02461	0.41603	0.10129	0.01762	0.02431	0.24823	0.01655	0.02783	0.01920	0.02051	0.01233	0.01432	0.01066	0.00768	0.00633	0.00199	0.01130	0.00493	0.00379	0.01048
48	0.02056	0.01974	0.03372	0.05099	0.65622	0.01974	0.02550	0.02550	0.01892	0.02714	0.01563	0.02056	0.01316	0.00740	0.00822	0.00247	0.00987	0.00740	0.00411	0.01316
49	0.02583	0.02785	0.02360	0.02442	0.12610	0.31344	0.01653	0.09538	0.15747	0.02784	0.01922	0.02109	0.01532	0.01280	0.05382	0.00315	0.01222	0.00702	0.00559	0.01128
50	0.01232	0.00916	0.01181	0.01278	0.01467	0.00889	0.01022	0.01647	0.05122	0.02599	0.16934	0.20456	0.13311	0.02154	0.01060	0.00331	0.00584	0.26248	0.00801	0.00770
51	0.01004	0.00753	0.00933	0.01077	0.01184	0.00681	0.00736	0.01166	0.01667	0.02152	0.05548	0.54534	0.20597	0.02477	0.01041	0.00323	0.00467	0.02208	0.00771	0.00681
52	0.01012	0.00723	0.00964	0.01157	0.01205	0.00675	0.00771	0.01157	0.01591	0.02121	0.04579	0.70262	0.05495	0.02603	0.01060	0.00337	0.00482	0.02362	0.00771	0.00675
53	0.02210	0.02302	0.07247	0.03496	0.18314	0.02158	0.33092	0.14812	0.02327	0.03193	0.01707	0.02122	0.01294	0.00774	0.00903	0.00265	0.01196	0.00858	0.00498	0.01231
54	0.01029	0.00749	0.00975	0.01148	0.01228	0.00695	0.00792	0.01195	0.01641	0.02156	0.04953	0.60246	0.11458	0.02534	0.01058	0.00334	0.00493	0.05861	0.00771	0.00683
55	0.01187	0.00890	0.01335	0.01335	0.01483	0.01038	0.01038	0.01483	0.01335	0.01928	0.02225	0.03264	0.02077	0.06231	0.67512	0.01335	0.02225	0.00890	0.00445	0.00742
56	0.02477	0.02028	0.02413	0.02464	0.15158	0.02241	0.01665	0.26157	0.28737	0.03988	0.02488	0.02470	0.01864	0.01000	0.00835	0.00262	0.00821	0.00827	0.00752	0.01352
57	0.01208	0.00805	0.00906	0.00906	0.00906	0.00805	0.00503	0.01208	0.01208	0.01611	0.02618	0.05436	0.03020	0.70804	0.04228	0.00805	0.00805	0.01208	0.00503	0.00503
58	0.01206	0.00872	0.01240	0.01223	0.01386	0.00954	0.00942	0.01534	0.01633	0.02378	0.19173	0.04044	0.03628	0.04688	0.45502	0.00976	0.01619	0.01047	0.05200	0.00755
59	0.01556	0.07069	0.49995	0.02010	0.03019	0.01751	0.02491	0.02332	0.01779	0.02518	0.02875	0.02995	0.14050	0.01051	0.00815	0.00262	0.01047	0.00836	0.00436	0.01113
60	0.01433	0.01171	0.01652	0.01539	0.01675	0.01450	0.01221	0.04790	0.01450	0.02104	0.01973	0.02959	0.01857	0.07496	0.46824	0.01037	0.17257	0.00859	0.00449	0.00805
61	0.01207	0.00811	0.00936	0.00936	0.00946	0.00821	0.00540	0.01227	0.01217	0.01633	0.02591	0.05287	0.02955	0.66363	0.08581	0.00842	0.00903	0.01186	0.00499	0.00520
62	0.01868	0.04282	0.02282	0.06288	0.25563	0.12211	0.01631	0.02163	0.01785	0.02235	0.02442	0.06897	0.05957	0.16252	0.01579	0.00375	0.00962	0.03786	0.00487	0.00955
63	0.09796	0.41463	0.21064	0.01693	0.02509	0.06728	0.01834	0.02574	0.01719	0.02329	0.01256	0.01461	0.01045	0.00748	0.00615	0.00212	0.00994	0.00497	0.00375	0.01087
64	0.01798	0.03564	0.43454	0.02611	0.03641	0.05376	0.18893	0.02620	0.01821	0.02574	0.01566	0.01944	0.01158	0.01030	0.04037	0.00316	0.01336	0.00721	0.00378	0.01162
65	0.01127	0.00849	0.01049	0.01132	0.01315	0.00784	0.00875	0.01390	0.01875	0.02422	0.14795	0.20770	0.24744	0.05221	0.01187	0.00341	0.00542	0.18087	0.00779	0.00717
66	0.17961	0.02339	0.18975	0.02920	0.26518	0.01759	0.02057	0.02356	0.01753	0.02846	0.02423	0.02663	0.10185	0.00952	0.00770	0.00258	0.00895	0.00787	0.00469	0.01116

[dist]
# distance from previous block
# <min> <max>
0	1

[block]
# block no. 6 follows, 22 sequences, length 55
# corresponding to MSA columns:
# 495-549
name=unknown_G
#
# <colnr> <probs for GDERKNQSTAVLIFYWHMCP>
#	G	D	E	R	K	N	Q	S	T	A	V	L	I	F	Y	W	H	M	C	P
0	0.05447	0.02200	0.07394	0.09534	0.20756	0.05045	0.20819	0.02486	0.01777	0.02533	0.01475	0.02010	0.01194	0.00867	0.01175	0.00280	0.12714	0.00781	0.00404	0.01109
1	0.02412	0.01824	0.02824	0.03780	0.41895	0.01829	0.02068	0.03169	0.12057	0.16299	0.02220	0.02388	0.01670	0.00864	0.00829	0.00255	0.00874	0.00793	0.00612	0.01336
2	0.02753	0.03296	0.02694	0.03129	0.23631	0.45591	0.01921	0.03061	0.02200	0.02261	0.01377	0.01685	0.01152	0.00817	0.00774	0.00225	0.01327	0.00604	0.00422	0.01081
3	0.01682	0.04189	0.63275	0.02427	0.03635	0.01938	0.06186	0.02632	0.01765	0.02632	0.01501	0.01779	0.01063	0.00785	0.00799	0.00264	0.01237	0.00633	0.00354	0.01222
4	0.01189	0.00797	0.00912	0.00931	0.00936	0.00792	0.00530	0.01203	0.01246	0.01661	0.02811	0.11845	0.03265	0.64063	0.03915	0.00759	0.00773	0.01322	0.00530	0.00520
5	0.01012	0.00723	0.00964	0.01157	0.01205	0.00675	0.00771	0.01157	0.01591	0.02121	0.04579	0.70262	0.05495	0.02603	0.01060	0.00337	0.00482	0.02362	0.00771	0.00675
6	0.01208	0.00805	0.00906	0.00906	0.00906	0.00805	0.00503	0.01208	0.01208	0.01611	0.02618	0.05436	0.03020	0.70804	0.04228	0.00805	0.00805	0.01208	0.00503	0.00503
7	0.01208	0.00805	0.00906	0.00906	0.00906	0.00805	0.00503	0.01208	0.01208	0.01611	0.02618	0.05436	0.03020	0.70804	0.04228	0.00805	0.00805	0.01208	0.00503	0.00503
8	0.01012	0.00723	0.00964	0.01157	0.01205	0.00675	0.00771	0.01157	0.01591	0.02121	0.04579	0.70262	0.05495	0.02603	0.01060	0.00337	0.00482	0.02362	0.00771	0.00675
9	0.02221	0.71304	0.04353	0.01421	0.02132	0.03287	0.01421	0.02488	0.01688	0.01955	0.01155	0.01333	0.01066	0.00711	0.00533	0.00178	0.00888	0.00444	0.00355	0.01066
10	0.01569	0.01477	0.02492	0.68808	0.05722	0.01846	0.02307	0.02123	0.01661	0.02123	0.01477	0.02215	0.01107	0.00831	0.00831	0.00277	0.01107	0.00738	0.00369	0.00923
11	0.01061	0.00855	0.01170	0.01202	0.01373	0.00772	0.04565	0.01261	0.01710	0.02194	0.05619	0.46234	0.24249	0.02326	0.01030	0.00316	0.00520	0.02082	0.00749	0.00711
12	0.02862	0.01665	0.01875	0.01487	0.02016	0.01731	0.01212	0.30948	0.02917	0.20346	0.02522	0.02512	0.01776	0.00997	0.00763	0.00236	0.00716	0.00778	0.21404	0.01237
13	0.01809	0.21553	0.50496	0.02124	0.03219	0.02279	0.02645	0.02594	0.01737	0.02457	0.01404	0.01645	0.01056	0.00769	0.00723	0.00241	0.01140	0.00570	0.00352	0.01186
14	0.01965	0.01971	0.02902	0.22590	0.33025	0.07462	0.02284	0.02402	0.01764	0.02373	0.01439	0.02017	0.01200	0.00891	0.01126	0.00271	0.12097	0.00720	0.00393	0.01109
15	0.01091	0.00806	0.01032	0.01148	0.01287	0.00747	0.00848	0.01329	0.01825	0.02403	0.15025	0.38011	0.16471	0.02313	0.01049	0.00323	0.00506	0.12281	0.00793	0.00713
16	0.01012	0.00723	0.00964	0.01157	0.01205	0.00675	0.00771	0.01157	0.01591	0.02121	0.04579	0.70262	0.05495	0.02603	0.01060	0.00337	0.00482	0.02362	0.00771	0.00675
17	0.02320	0.06089	0.02220	0.01774	0.02232	0.29740	0.01392	0.02578	0.01914	0.02244	0.01458	0.04714	0.01324	0.00944	0.01018	0.00212	0.11740	0.00629	0.00450	0.25008
18	0.02493	0.02487	0.02762	0.06189	0.29217	0.18315	0.01997	0.13714	0.09125	0.03054	0.01765	0.02027	0.01396	0.00861	0.00809	0.00244	0.01070	0.00712	0.00536	0.01229
19	0.01339	0.00956	0.01339	0.01530	0.01721	0.00956	0.01339	0.01721	0.01912	0.02486	0.04399	0.09371	0.04781	0.02295	0.01147	0.00382	0.00765	0.60031	0.00765	0.00765
20	0.03103	0.03959	0.02354	0.02140	0.02568	0.67469	0.01605	0.03317	0.02354	0.02033	0.01284	0.01498	0.01070	0.00856	0.00749	0.00214	0.01498	0.00535	0.00428	0.00963
21	0.01072	0.00770	0.00987	0.01083	0.01177	0.00717	0.00737	0.01266	0.01758	0.02375	0.19646	0.43632	0.09526	0.09577	0.01371	0.00365	0.00490	0.01988	0.00778	0.00685
22	0.01092	0.00846	0.00994	0.00957	0.01190	0.00748	0.00718	0.01405	0.02154	0.02861	0.40644	0.06979	0.32672	0.01874	0.00981	0.00270	0.00404	0.01611	0.00853	0.00748
23	0.02221	0.71304	0.04353	0.01421	0.02132	0.03287	0.01421	0.02488	0.01688	0.01955	0.01155	0.01333	0.01066	0.00711	0.00533	0.00178	0.00888	0.00444	0.00355	0.01066
24	0.01246	0.00964	0.01116	0.01135	0.01348	0.00931	0.00825	0.05410	0.06967	0.02628	0.13608	0.32637	0.23857	0.02106	0.00993	0.00299	0.00493	0.01841	0.00800	0.00796
25	0.02030	0.01131	0.01430	0.01240	0.01607	0.01065	0.00969	0.02629	0.09885	0.21955	0.35623	0.04936	0.09127	0.01455	0.00921	0.00264	0.00520	0.01251	0.00931	0.01031
26	0.01205	0.00817	0.00966	0.00966	0.00986	0.00838	0.00578	0.01246	0.01226	0.01655	0.02563	0.05134	0.02889	0.61810	0.13043	0.00879	0.01003	0.01164	0.00495	0.00537
27	0.00982	0.00842	0.00842	0.00842	0.01122	0.00701	0.00631	0.01192	0.01894	0.02244	0.08416	0.07995	0.65285	0.02104	0.00982	0.00281	0.00421	0.01753	0.00771	0.00701
28	0.01208	0.00805	0.00906	0.00906	0.00906	0.00805	0.00503	0.01208	0.01208	0.01611	0.02618	0.05436	0.03020	0.70804	0.04228	0.00805	0.00805	0.01208	0.00503	0.00503
29	0.01625	0.01534	0.02175	0.01922	0.01968	0.02084	0.01579	0.01841	0.01291	0.01978	0.01438	0.02260	0.01392	0.02915	0.22545	0.00661	0.48770	0.00777	0.00388	0.00858
30	0.01465	0.01211	0.01344	0.01325	0.01651	0.01259	0.01060	0.02491	0.24350	0.02751	0.05565	0.06583	0.27064	0.01801	0.00975	0.00307	0.00595	0.16467	0.00796	0.00939
31	0.01818	0.01818	0.02545	0.02181	0.02181	0.02545	0.01818	0.01999	0.01272	0.01999	0.01091	0.01818	0.01091	0.01454	0.02726	0.00364	0.69284	0.00727	0.00364	0.00909
32	0.01039	0.00891	0.00896	0.00886	0.01177	0.00773	0.00667	0.01362	0.05167	0.02309	0.08151	0.07737	0.61984	0.02053	0.00975	0.00281	0.00433	0.01710	0.00775	0.00734
33	0.02056	0.01974	0.03372	0.05099	0.65622	0.01974	0.02550	0.02550	0.01892	0.02714	0.01563	0.02056	0.01316	0.00740	0.00822	0.00247	0.00987	0.00740	0.00411	0.01316
34	0.01204	0.01027	0.01639	0.07222	0.02011	0.00991	0.09732	0.01463	0.01668	0.02183	0.04309	0.41863	0.12708	0.06447	0.01220	0.00346	0.00679	0.01866	0.00669	0.00753
35	0.02755	0.03276	0.02532	0.02758	0.16729	0.45601	0.01786	0.03264	0.08968	0.02343	0.01575	0.01798	0.01285	0.00859	0.00776	0.00229	0.01292	0.00625	0.00470	0.01081
36	0.01187	0.00890	0.01335	0.01335	0.01483	0.01038	0.01038	0.01483	0.01335	0.01928	0.02225	0.03264	0.02077	0.06231	0.67512	0.01335	0.02225	0.00890	0.00445	0.00742
37	0.01187	0.00890	0.01335	0.01335	0.01483	0.01038	0.01038	0.01483	0.01335	0.01928	0.02225	0.03264	0.02077	0.06231	0.67512	0.01335	0.02225	0.00890	0.00445	0.00742
38	0.03103	0.03959	0.02354	0.02140	0.02568	0.67469	0.01605	0.03317	0.02354	0.02033	0.01284	0.01498	0.01070	0.00856	0.00749	0.00214	0.01498	0.00535	0.00428	0.00963
39	0.01680	0.01590	0.02175	0.01894	0.01894	0.02153	0.01521	0.01821	0.01258	0.01912	0.01435	0.02633	0.01525	0.17077	0.03065	0.00463	0.53857	0.00835	0.00395	0.00817
