[name]
unknown

[dist]
# distance from previous block
# <min> <max>
0	0

[block]
# block no. 0 follows, 23 sequences, length 20
# corresponding to MSA columns:
# 0-19
name=unknown_A
#
# <colnr> <probs for GDERKNQSTAVLIFYWHMCP>
#	G	D	E	R	K	N	Q	S	T	A	V	L	I	F	Y	W	H	M	C	P
0	0.01308	0.00934	0.01308	0.01494	0.01681	0.00934	0.01308	0.01681	0.01868	0.02428	0.04296	0.09153	0.04670	0.02242	0.01121	0.00374	0.00747	0.60960	0.00747	0.00747
1	0.02008	0.01928	0.03294	0.04981	0.66422	0.01928	0.02490	0.02490	0.01848	0.02651	0.01526	0.02008	0.01285	0.00723	0.00803	0.00241	0.00964	0.00723	0.00402	0.01285
2	0.01558	0.00961	0.01184	0.01069	0.01367	0.00872	0.00822	0.01967	0.04942	0.13731	0.37728	0.05823	0.21569	0.01626	0.00928	0.00260	0.00453	0.01397	0.00873	0.00871
3	0.01120	0.00916	0.01155	0.01395	0.08625	0.00836	0.00859	0.01326	0.01718	0.02189	0.08288	0.22823	0.33667	0.09796	0.01316	0.00341	0.00531	0.01679	0.00689	0.00729
4	0.16560	0.00932	0.00981	0.00994	0.01143	0.00958	0.00672	0.01451	0.01472	0.02335	0.10137	0.20833	0.06829	0.28859	0.02118	0.00480	0.00613	0.01365	0.00616	0.00652
5	0.01133	0.00767	0.00899	0.00945	0.00957	0.00755	0.00556	0.01168	0.01272	0.01695	0.03026	0.21398	0.03542	0.54587	0.03372	0.00675	0.00709	0.01456	0.00556	0.00533
6	0.01286	0.00782	0.01047	0.01165	0.01277	0.00719	0.00803	0.01447	0.01640	0.09352	0.04330	0.63305	0.04990	0.02370	0.01011	0.00321	0.00495	0.02140	0.00781	0.00740
7	0.01195	0.00770	0.00877	0.00906	0.00939	0.00763	0.00543	0.01267	0.01308	0.01845	0.02868	0.15255	0.03211	0.51298	0.03171	0.00635	0.00683	0.01299	0.10615	0.00553
8	0.02724	0.01992	0.02142	0.01681	0.02208	0.02189	0.01343	0.51880	0.03316	0.04444	0.02063	0.02584	0.01677	0.14319	0.01440	0.00346	0.00873	0.00816	0.00751	0.01212
9	0.01156	0.00777	0.00892	0.00916	0.00921	0.00771	0.00524	0.01174	0.01227	0.01635	0.02795	0.13494	0.03251	0.62889	0.03744	0.00730	0.00747	0.01320	0.00524	0.00513
10	0.01154	0.00829	0.00972	0.00970	0.01194	0.00728	0.00714	0.01401	0.01938	0.05757	0.23197	0.19668	0.34553	0.01989	0.00966	0.00279	0.00429	0.01718	0.00805	0.00738
11	0.01180	0.00787	0.00885	0.00885	0.00885	0.00787	0.00492	0.01180	0.01180	0.01573	0.02557	0.05310	0.02950	0.71483	0.04130	0.00787	0.00787	0.01180	0.00492	0.00492
12	0.01158	0.00777	0.00892	0.00913	0.00919	0.00772	0.00522	0.01174	0.01223	0.01631	0.02777	0.12874	0.03228	0.63539	0.03773	0.00734	0.00750	0.01310	0.00522	0.00511
13	0.10436	0.01096	0.01215	0.01070	0.01444	0.01028	0.00841	0.05095	0.02082	0.15881	0.17832	0.05385	0.30407	0.01557	0.00869	0.00261	0.00511	0.01284	0.00807	0.00900
14	0.01441	0.01223	0.01292	0.01205	0.01550	0.01274	0.00924	0.02574	0.29344	0.02834	0.12561	0.05533	0.31872	0.01596	0.00901	0.00272	0.00508	0.01339	0.00801	0.00955
15	0.02615	0.03106	0.02560	0.02956	0.22491	0.44015	0.01829	0.02914	0.02107	0.02189	0.01386	0.01722	0.01171	0.01068	0.04197	0.00275	0.01343	0.00603	0.00414	0.01038
16	0.01911	0.01240	0.01289	0.01145	0.01475	0.01341	0.00895	0.14075	0.14723	0.03494	0.02646	0.02822	0.02027	0.00982	0.00665	0.00217	0.00528	0.00784	0.46762	0.00980
17	0.01766	0.01811	0.03477	0.05604	0.16130	0.01835	0.31256	0.02249	0.01699	0.02359	0.01702	0.02547	0.01478	0.09323	0.06427	0.00410	0.07604	0.00897	0.00413	0.01010
18	0.16218	0.01274	0.01241	0.01081	0.01440	0.01380	0.00860	0.16804	0.02148	0.03642	0.02192	0.02444	0.01685	0.00916	0.00614	0.00214	0.00549	0.00690	0.43680	0.00929
19	0.01526	0.03014	0.41778	0.02252	0.10124	0.01577	0.02318	0.02249	0.01855	0.02688	0.14842	0.03066	0.07197	0.01038	0.00826	0.00256	0.00951	0.00869	0.00490	0.01085

[dist]
# distance from previous block
# <min> <max>
1	3

[block]
# block no. 1 follows, 23 sequences, length 32
# corresponding to MSA columns:
# 23-54
name=unknown_B
#
# <colnr> <probs for GDERKNQSTAVLIFYWHMCP>
#	G	D	E	R	K	N	Q	S	T	A	V	L	I	F	Y	W	H	M	C	P
0	0.10562	0.08827	0.44265	0.02279	0.03294	0.02008	0.12670	0.02542	0.01703	0.02649	0.01423	0.01714	0.01045	0.00748	0.00751	0.00253	0.01135	0.00627	0.00373	0.01132
1	0.02508	0.15812	0.02472	0.01677	0.02172	0.22766	0.01366	0.20791	0.02627	0.03157	0.14315	0.02492	0.02459	0.01014	0.00760	0.00222	0.00964	0.00756	0.00616	0.01056
2	0.01159	0.00869	0.01304	0.01304	0.01449	0.01014	0.01014	0.01449	0.01304	0.01884	0.02173	0.03188	0.02029	0.06086	0.68268	0.01304	0.02173	0.00869	0.00435	0.00724
3	0.02145	0.03097	0.21213	0.05977	0.22192	0.19724	0.09019	0.02708	0.01929	0.02420	0.01443	0.01805	0.01134	0.00766	0.00792	0.00242	0.01213	0.00660	0.00389	0.01132
4	0.07740	0.21576	0.26120	0.02306	0.03200	0.02287	0.20883	0.02527	0.01732	0.02485	0.01399	0.01717	0.01082	0.00722	0.00740	0.00239	0.01117	0.00652	0.00377	0.01100
5	0.00999	0.00716	0.00933	0.01100	0.01155	0.00668	0.00731	0.01135	0.01544	0.02046	0.04527	0.63966	0.08024	0.06793	0.01224	0.00355	0.00488	0.02209	0.00737	0.00650
6	0.01047	0.00789	0.00968	0.00999	0.01169	0.00711	0.00720	0.01306	0.01944	0.02596	0.31066	0.26504	0.23141	0.02040	0.00982	0.00283	0.00418	0.01793	0.00811	0.00711
7	0.02057	0.01858	0.02672	0.02782	0.19361	0.06980	0.09705	0.06629	0.01998	0.07362	0.11225	0.05165	0.02369	0.01110	0.01222	0.00272	0.14701	0.00912	0.00553	0.01068
8	0.02008	0.01928	0.03294	0.04981	0.66422	0.01928	0.02490	0.02490	0.01848	0.02651	0.01526	0.02008	0.01285	0.00723	0.00803	0.00241	0.00964	0.00723	0.00402	0.01285
9	0.01008	0.00721	0.00959	0.01116	0.01181	0.00672	0.00755	0.01180	0.01646	0.02218	0.12098	0.62910	0.05651	0.02433	0.01026	0.00320	0.00460	0.02203	0.00771	0.00672
10	0.05567	0.23522	0.38047	0.01960	0.02885	0.10379	0.02259	0.02603	0.01750	0.02359	0.01322	0.01545	0.01027	0.00756	0.00681	0.00227	0.01109	0.00535	0.00361	0.01107
11	0.02346	0.01870	0.02651	0.03516	0.38983	0.07156	0.01940	0.02857	0.05871	0.15697	0.02184	0.07542	0.01804	0.00955	0.00819	0.00249	0.00891	0.00861	0.00579	0.01228
12	0.00987	0.00714	0.00933	0.01108	0.01171	0.00661	0.00744	0.01132	0.01574	0.02080	0.04733	0.66561	0.09591	0.02508	0.01030	0.00326	0.00467	0.02265	0.00753	0.00661
13	0.01627	0.04197	0.67279	0.02313	0.03512	0.01884	0.02998	0.02570	0.01713	0.02570	0.01456	0.01713	0.01028	0.00771	0.00771	0.00257	0.01199	0.00600	0.00343	0.01199
14	0.05698	0.21164	0.23010	0.01753	0.02576	0.02188	0.01852	0.12796	0.02156	0.16750	0.01812	0.01851	0.01294	0.00833	0.00709	0.00231	0.00927	0.00617	0.00570	0.01212
15	0.01372	0.00817	0.01076	0.01148	0.01301	0.00743	0.00808	0.01557	0.01727	0.11347	0.08337	0.53359	0.08797	0.02239	0.00995	0.00310	0.00493	0.02007	0.00797	0.00770
16	0.01534	0.01117	0.01353	0.01189	0.01472	0.01114	0.00920	0.13901	0.02599	0.03624	0.53254	0.05243	0.06408	0.01523	0.00928	0.00253	0.00484	0.01321	0.00877	0.00888
17	0.01097	0.00796	0.01035	0.01041	0.01198	0.00734	0.00756	0.01408	0.02079	0.02892	0.47025	0.23377	0.09706	0.01911	0.00978	0.00276	0.00407	0.01702	0.00850	0.00734
18	0.02073	0.29293	0.16292	0.01824	0.02564	0.02490	0.06019	0.07736	0.18664	0.02735	0.01872	0.01955	0.01459	0.00839	0.00705	0.00230	0.00912	0.00655	0.00514	0.01168
19	0.77215	0.01569	0.01193	0.01067	0.01569	0.01820	0.00879	0.02385	0.01381	0.03641	0.01130	0.01318	0.00879	0.00753	0.00502	0.00251	0.00628	0.00439	0.00502	0.00879
20	0.01127	0.00832	0.01206	0.01243	0.01360	0.00930	0.00930	0.01369	0.01346	0.01902	0.02654	0.16799	0.02750	0.09433	0.50920	0.01078	0.01749	0.01175	0.00502	0.00697
21	0.06887	0.16450	0.29701	0.01966	0.02790	0.17744	0.02085	0.08774	0.02027	0.02629	0.01376	0.01576	0.01060	0.00791	0.00702	0.00228	0.01133	0.00554	0.00418	0.01107
22	0.00985	0.00719	0.00928	0.01095	0.01168	0.00662	0.00738	0.01134	0.01587	0.02085	0.04891	0.63900	0.12150	0.02488	0.01027	0.00323	0.00464	0.02240	0.00753	0.00662
23	0.01180	0.00787	0.00885	0.00885	0.00885	0.00787	0.00492	0.01180	0.01180	0.01573	0.02557	0.05310	0.02950	0.71483	0.04130	0.00787	0.00787	0.01180	0.00492	0.00492
24	0.01866	0.01963	0.03525	0.03066	0.12447	0.02230	0.26541	0.02290	0.01601	0.02314	0.01363	0.01975	0.01164	0.01023	0.01707	0.00306	0.32396	0.00811	0.00384	0.01029
25	0.02008	0.01928	0.03294	0.04981	0.66422	0.01928	0.02490	0.02490	0.01848	0.02651	0.01526	0.02008	0.01285	0.00723	0.00803	0.00241	0.00964	0.00723	0.00402	0.01285
26	0.02143	0.02781	0.22736	0.03028	0.21772	0.04903	0.06773	0.14884	0.07430	0.03145	0.01732	0.01979	0.01309	0.00821	0.00805	0.00250	0.01047	0.00711	0.00501	0.01249
27	0.02042	0.02091	0.03381	0.04133	0.43759	0.07039	0.14423	0.02533	0.01883	0.02588	0.01521	0.01975	0.01249	0.00714	0.00812	0.00235	0.01053	0.00734	0.00411	0.07423
28	0.01133	0.00831	0.01067	0.01130	0.01297	0.00779	0.00871	0.01423	0.01922	0.02570	0.26212	0.19245	0.15175	0.05376	0.01167	0.00329	0.00520	0.17450	0.00788	0.00715
29	0.09393	0.01747	0.13046	0.01508	0.04560	0.01352	0.01328	0.04892	0.09708	0.06044	0.18352	0.04330	0.17878	0.01332	0.00842	0.00261	0.00652	0.01103	0.00696	0.00976
30	0.01393	0.06071	0.03685	0.01311	0.01602	0.01198	0.03298	0.06508	0.06684	0.02668	0.15733	0.30969	0.12063	0.01831	0.00931	0.00283	0.00578	0.01614	0.00735	0.00846
31	0.08250	0.08599	0.05358	0.02606	0.17074	0.28608	0.04326	0.02923	0.07337	0.02456	0.01503	0.01746	0.01222	0.00796	0.00727	0.00223	0.01115	0.00608	0.00449	0.04075

[dist]
# distance from previous block
# <min> <max>
0	88

[block]
# block no. 2 follows, 23 sequences, length 142
# corresponding to MSA columns:
# 143-284
name=unknown_C
#
# <colnr> <probs for GDERKNQSTAVLIFYWHMCP>
#	G	D	E	R	K	N	Q	S	T	A	V	L	I	F	Y	W	H	M	C	P
0	0.01379	0.00985	0.01182	0.01193	0.01337	0.00994	0.00829	0.11352	0.01890	0.02535	0.07353	0.42392	0.04360	0.16353	0.01628	0.00405	0.00599	0.01769	0.00718	0.00749
1	0.07949	0.01682	0.02404	0.02905	0.28466	0.01683	0.01719	0.03303	0.12958	0.24973	0.02383	0.02395	0.01712	0.00888	0.00790	0.00251	0.00790	0.00769	0.00690	0.01289
2	0.01998	0.01617	0.02303	0.02068	0.07496	0.04826	0.09075	0.04395	0.01751	0.11347	0.02034	0.07707	0.01801	0.04221	0.10870	0.00429	0.14488	0.00884	0.00538	0.10153
3	0.01811	0.07308	0.03080	0.20252	0.35932	0.01904	0.06993	0.02278	0.01757	0.02397	0.01727	0.07709	0.01549	0.00890	0.00814	0.00253	0.00976	0.00849	0.00417	0.01104
4	0.01019	0.00806	0.00918	0.00929	0.01143	0.00704	0.00682	0.01266	0.01933	0.02483	0.24496	0.17434	0.39274	0.02017	0.00971	0.00277	0.00412	0.01736	0.00794	0.00704
5	0.06069	0.01531	0.02734	0.32654	0.04070	0.01652	0.19489	0.02072	0.01730	0.02372	0.04707	0.08410	0.06919	0.01046	0.00871	0.00275	0.01006	0.01011	0.00467	0.00913
6	0.08128	0.18023	0.10490	0.02003	0.07453	0.24836	0.01635	0.07696	0.02016	0.02446	0.01425	0.01838	0.01228	0.06423	0.00956	0.00262	0.01097	0.00592	0.00437	0.01017
7	0.01145	0.00799	0.00993	0.01015	0.01065	0.00825	0.00655	0.01240	0.01276	0.01728	0.02875	0.12350	0.05172	0.45027	0.19565	0.00845	0.01081	0.01250	0.00516	0.00575
8	0.01037	0.00777	0.00962	0.01017	0.01170	0.00703	0.00724	0.01278	0.01885	0.02514	0.26865	0.32935	0.20938	0.02115	0.00990	0.00290	0.00426	0.01869	0.00802	0.00703
9	0.12590	0.01755	0.01821	0.01768	0.07215	0.06485	0.01252	0.20384	0.10248	0.03401	0.04905	0.14227	0.02466	0.06599	0.01061	0.00303	0.00771	0.01032	0.00677	0.01044
10	0.02022	0.04909	0.02757	0.14087	0.33004	0.07223	0.02034	0.02932	0.17480	0.02659	0.01915	0.02213	0.01519	0.00838	0.00793	0.00249	0.00938	0.00743	0.00499	0.01186
11	0.01324	0.00858	0.01034	0.00987	0.01144	0.00819	0.00680	0.01494	0.01630	0.07284	0.15677	0.05526	0.16407	0.31697	0.09454	0.00595	0.00775	0.01279	0.00655	0.00678
12	0.01513	0.02390	0.25735	0.02118	0.10128	0.06478	0.01866	0.02003	0.01693	0.02310	0.02644	0.28430	0.02778	0.01710	0.04160	0.00330	0.00958	0.01278	0.00518	0.00959
13	0.05186	0.03616	0.47761	0.02468	0.06458	0.05849	0.09617	0.02653	0.01786	0.05018	0.01520	0.01789	0.01095	0.00771	0.00781	0.00255	0.01178	0.00643	0.00390	0.01169
14	0.00989	0.00706	0.00942	0.01130	0.01177	0.00659	0.00753	0.01130	0.01554	0.02071	0.04472	0.70954	0.05367	0.02542	0.01036	0.00330	0.00471	0.02307	0.00753	0.00659
15	0.17580	0.02283	0.03042	0.03253	0.25873	0.14417	0.16929	0.02637	0.01854	0.02716	0.01422	0.01809	0.01144	0.00741	0.00766	0.00245	0.01088	0.00685	0.00427	0.01090
16	0.01093	0.00809	0.00976	0.00995	0.01114	0.00801	0.00683	0.01237	0.01439	0.01876	0.04274	0.11906	0.21080	0.28622	0.18814	0.00723	0.00992	0.01366	0.00578	0.00621
17	0.01764	0.01515	0.01719	0.01311	0.01968	0.01308	0.01040	0.02592	0.16994	0.02826	0.01892	0.02008	0.01510	0.00722	0.00655	0.00158	0.00611	0.00586	0.00564	0.58256
18	0.30808	0.02472	0.20723	0.02458	0.13130	0.01896	0.12480	0.02491	0.01642	0.03000	0.01374	0.01691	0.01047	0.00741	0.00705	0.00255	0.00970	0.00620	0.00425	0.01072
19	0.01444	0.01367	0.02252	0.01934	0.02130	0.01559	0.13946	0.01717	0.01512	0.02130	0.02649	0.30351	0.02923	0.02009	0.05573	0.00385	0.23332	0.01426	0.00535	0.00826
20	0.18643	0.01781	0.06948	0.01547	0.04529	0.06854	0.01215	0.02630	0.16170	0.04998	0.06067	0.06205	0.02322	0.12066	0.04369	0.00388	0.00835	0.00880	0.00600	0.00954
21	0.02071	0.18909	0.27365	0.07677	0.03135	0.16715	0.05837	0.02622	0.01814	0.02231	0.01334	0.01634	0.01053	0.00791	0.00792	0.00234	0.03776	0.00581	0.00366	0.01065
22	0.00989	0.00706	0.00942	0.01130	0.01177	0.00659	0.00753	0.01130	0.01554	0.02071	0.04472	0.70954	0.05367	0.02542	0.01036	0.00330	0.00471	0.02307	0.00753	0.00659
23	0.01440	0.01060	0.01268	0.01262	0.01503	0.01083	0.00948	0.02220	0.18215	0.05855	0.16993	0.26770	0.09729	0.01850	0.00955	0.00295	0.00525	0.06329	0.00812	0.00887
24	0.02361	0.05942	0.02394	0.02204	0.07524	0.34301	0.01604	0.02571	0.01833	0.02006	0.01404	0.04203	0.01333	0.05278	0.01503	0.00291	0.21225	0.00690	0.00411	0.00922
25	0.01508	0.01285	0.01724	0.01628	0.01713	0.01578	0.01295	0.05315	0.01586	0.02227	0.02739	0.22470	0.03048	0.07429	0.01952	0.00379	0.29119	0.11636	0.00571	0.00798
26	0.01029	0.00845	0.00920	0.00958	0.01214	0.00735	0.00756	0.01269	0.01853	0.02240	0.07428	0.08080	0.53697	0.02093	0.00992	0.00294	0.00479	0.13669	0.00752	0.00698
27	0.01695	0.01496	0.02359	0.26179	0.23886	0.01632	0.01926	0.07101	0.01875	0.02528	0.02254	0.16136	0.02200	0.01211	0.00868	0.00275	0.00890	0.03971	0.00508	0.01009
28	0.02051	0.07918	0.24826	0.01999	0.05141	0.02061	0.01950	0.08234	0.28113	0.05921	0.02316	0.02303	0.01711	0.00927	0.00781	0.00256	0.00887	0.00744	0.00612	0.01248
29	0.01012	0.00735	0.00955	0.01088	0.01176	0.00678	0.00744	0.01198	0.01698	0.02273	0.14785	0.55359	0.10578	0.02360	0.01017	0.00313	0.00452	0.02123	0.00776	0.00678
30	0.11242	0.01340	0.01447	0.01224	0.01653	0.01361	0.00978	0.14760	0.05099	0.14769	0.10423	0.03941	0.16643	0.01268	0.00793	0.00248	0.00588	0.01019	0.10186	0.01017
31	0.01797	0.07384	0.04989	0.01883	0.09611	0.12496	0.01356	0.02228	0.05582	0.02361	0.02620	0.17734	0.04806	0.01292	0.00806	0.00238	0.00813	0.05051	0.00553	0.16401
32	0.02516	0.15735	0.12987	0.02393	0.11533	0.33731	0.01888	0.05830	0.02102	0.02309	0.01335	0.01573	0.01092	0.00791	0.00714	0.00216	0.01218	0.00557	0.00410	0.01069
33	0.01783	0.07237	0.05317	0.05215	0.17665	0.03699	0.01506	0.02315	0.06881	0.06931	0.07883	0.03549	0.14641	0.01424	0.04847	0.00303	0.00839	0.00951	0.00582	0.06433
34	0.02422	0.17265	0.02518	0.01771	0.02188	0.34384	0.01424	0.06275	0.02009	0.02135	0.01450	0.01824	0.01267	0.01913	0.14600	0.00434	0.04157	0.00595	0.00428	0.00942
35	0.77215	0.01569	0.01193	0.01067	0.01569	0.01820	0.00879	0.02385	0.01381	0.03641	0.01130	0.01318	0.00879	0.00753	0.00502	0.00251	0.00628	0.00439	0.00502	0.00879
36	0.01032	0.00736	0.00928	0.01054	0.01115	0.00691	0.00692	0.01160	0.01533	0.02033	0.07083	0.50483	0.09337	0.16198	0.01643	0.00413	0.00526	0.02003	0.00707	0.00632
37	0.02017	0.07532	0.03322	0.04342	0.52924	0.02044	0.05272	0.02641	0.07056	0.02651	0.01647	0.02045	0.01362	0.00750	0.00790	0.00240	0.00949	0.00727	0.00433	0.01256
38	0.01159	0.00869	0.01304	0.01304	0.01449	0.01014	0.01014	0.01449	0.01304	0.01884	0.02173	0.03188	0.02029	0.06086	0.68268	0.01304	0.02173	0.00869	0.00435	0.00724
39	0.00989	0.00706	0.00942	0.01130	0.01177	0.00659	0.00753	0.01130	0.01554	0.02071	0.04472	0.70954	0.05367	0.02542	0.01036	0.00330	0.00471	0.02307	0.00753	0.00659
40	0.01007	0.00819	0.00891	0.00883	0.01128	0.00704	0.00658	0.01253	0.01947	0.02447	0.22228	0.09860	0.49390	0.01977	0.00962	0.00272	0.00406	0.01676	0.00788	0.00704
41	0.01762	0.20995	0.51658	0.02084	0.03158	0.02213	0.02599	0.02535	0.01697	0.02406	0.01375	0.01611	0.01031	0.00752	0.00709	0.00236	0.01117	0.00559	0.00344	0.01160
42	0.31549	0.01920	0.01949	0.12579	0.02649	0.04394	0.01402	0.27839	0.02463	0.03940	0.01525	0.01722	0.01126	0.00857	0.00689	0.00250	0.00841	0.00609	0.00605	0.01093
43	0.01334	0.01082	0.01692	0.02038	0.14729	0.01191	0.01292	0.01650	0.01410	0.02026	0.02059	0.03044	0.01919	0.07998	0.51498	0.01063	0.01862	0.00854	0.00431	0.00829
44	0.01627	0.04197	0.67279	0.02313	0.03512	0.01884	0.02998	0.02570	0.01713	0.02570	0.01456	0.01713	0.01028	0.00771	0.00771	0.00257	0.01199	0.00600	0.00343	0.01199
45	0.01627	0.04197	0.67279	0.02313	0.03512	0.01884	0.02998	0.02570	0.01713	0.02570	0.01456	0.01713	0.01028	0.00771	0.00771	0.00257	0.01199	0.00600	0.00343	0.01199
46	0.01125	0.00795	0.00869	0.00869	0.00937	0.00761	0.00523	0.01176	0.01346	0.01727	0.03960	0.05929	0.18600	0.54276	0.03344	0.00660	0.00694	0.01312	0.00557	0.00540
47	0.02891	0.14953	0.02617	0.01976	0.02439	0.57643	0.01539	0.03108	0.02194	0.01973	0.01234	0.01437	0.01045	0.00813	0.00697	0.00203	0.01366	0.00508	0.00407	0.00957
48	0.13993	0.03278	0.41218	0.02381	0.03375	0.01915	0.17471	0.02547	0.01709	0.02751	0.01449	0.01765	0.01053	0.00747	0.00773	0.00260	0.01148	0.00661	0.00385	0.01121
49	0.00989	0.00706	0.00942	0.01130	0.01177	0.00659	0.00753	0.01130	0.01554	0.02071	0.04472	0.70954	0.05367	0.02542	0.01036	0.00330	0.00471	0.02307	0.00753	0.00659
50	0.01229	0.00878	0.01217	0.01404	0.01556	0.00866	0.01170	0.01545	0.01790	0.02340	0.04340	0.24470	0.04843	0.02316	0.01100	0.00363	0.00679	0.46423	0.00749	0.00725
51	0.01741	0.01765	0.01997	0.01804	0.01928	0.12616	0.01447	0.01967	0.01438	0.01931	0.01525	0.02272	0.01435	0.03133	0.27764	0.00699	0.32567	0.00741	0.00396	0.00833
52	0.06410	0.01266	0.01779	0.02100	0.17592	0.01206	0.01309	0.02271	0.02030	0.15944	0.19083	0.04628	0.13456	0.01349	0.00877	0.00263	0.00639	0.06049	0.00737	0.01013
53	0.00989	0.00789	0.00886	0.00933	0.01132	0.00687	0.00673	0.01195	0.01814	0.02276	0.13594	0.25790	0.42086	0.02151	0.00981	0.00288	0.00425	0.01856	0.00769	0.00687
54	0.02891	0.14953	0.02617	0.01976	0.02439	0.57643	0.01539	0.03108	0.02194	0.01973	0.01234	0.01437	0.01045	0.00813	0.00697	0.00203	0.01366	0.00508	0.00407	0.00957
55	0.01180	0.00787	0.00885	0.00885	0.00885	0.00787	0.00492	0.01180	0.01180	0.01573	0.02557	0.05310	0.02950	0.71483	0.04130	0.00787	0.00787	0.01180	0.00492	0.00492
56	0.01444	0.01314	0.01574	0.01502	0.01656	0.08373	0.01179	0.01709	0.01402	0.01904	0.01922	0.02808	0.01790	0.04880	0.51988	0.01056	0.11496	0.00810	0.00422	0.00770
57	0.01164	0.00849	0.01203	0.01203	0.01313	0.00959	0.00888	0.01384	0.01274	0.01809	0.02266	0.03700	0.02251	0.21881	0.52777	0.01179	0.01838	0.00944	0.00448	0.00668
58	0.02169	0.71972	0.04252	0.01388	0.02083	0.03211	0.01388	0.02430	0.01649	0.01909	0.01128	0.01302	0.01041	0.00694	0.00521	0.00174	0.00868	0.00434	0.00347	0.01041
59	0.01021	0.00731	0.00971	0.01108	0.01184	0.00681	0.00756	0.01212	0.01706	0.02314	0.17072	0.57664	0.05836	0.02361	0.01020	0.00314	0.00453	0.02135	0.00782	0.00681
60	0.01011	0.00716	0.00935	0.01101	0.01142	0.00674	0.00722	0.01136	0.01509	0.02012	0.04244	0.63139	0.05079	0.10750	0.01404	0.00384	0.00508	0.02173	0.00722	0.00639
61	0.01532	0.01442	0.02434	0.69533	0.05589	0.01803	0.02253	0.02073	0.01622	0.02073	0.01442	0.02163	0.01082	0.00811	0.00811	0.00270	0.01082	0.00721	0.00361	0.00901
62	0.03339	0.15838	0.02368	0.01432	0.02074	0.01606	0.01233	0.03642	0.02184	0.53657	0.02777	0.02463	0.01810	0.00941	0.00756	0.00235	0.00727	0.00738	0.00870	0.01311
63	0.02008	0.01928	0.03294	0.04981	0.66422	0.01928	0.02490	0.02490	0.01848	0.02651	0.01526	0.02008	0.01285	0.00723	0.00803	0.00241	0.00964	0.00723	0.00402	0.01285
64	0.00989	0.00706	0.00942	0.01130	0.01177	0.00659	0.00753	0.01130	0.01554	0.02071	0.04472	0.70954	0.05367	0.02542	0.01036	0.00330	0.00471	0.02307	0.00753	0.00659
65	0.02695	0.03321	0.02535	0.02205	0.02573	0.49987	0.06564	0.02935	0.02061	0.02028	0.01248	0.01583	0.01064	0.00939	0.01130	0.00243	0.14947	0.00594	0.00405	0.00943
66	0.02169	0.71972	0.04252	0.01388	0.02083	0.03211	0.01388	0.02430	0.01649	0.01909	0.01128	0.01302	0.01041	0.00694	0.00521	0.00174	0.00868	0.00434	0.00347	0.01041
67	0.01583	0.00971	0.01346	0.01441	0.01675	0.00940	0.01228	0.01932	0.01920	0.10920	0.06602	0.12943	0.04492	0.02079	0.01068	0.00349	0.00704	0.46194	0.00787	0.00824
68	0.01528	0.00817	0.00860	0.00839	0.01016	0.00860	0.00640	0.01894	0.01674	0.02961	0.02552	0.02950	0.02019	0.00974	0.00693	0.00199	0.04547	0.00754	0.71459	0.00764
69	0.02987	0.01242	0.01696	0.01414	0.01915	0.01099	0.01165	0.03304	0.02201	0.49655	0.06346	0.08037	0.02903	0.01328	0.00885	0.00276	0.00672	0.10725	0.00942	0.01206
70	0.02546	0.03065	0.02364	0.07500	0.02645	0.43808	0.01683	0.02773	0.01938	0.01983	0.01214	0.01610	0.01054	0.01004	0.01299	0.00256	0.21346	0.00593	0.00395	0.00922
71	0.15834	0.25294	0.16423	0.01709	0.02414	0.15938	0.01685	0.07690	0.01927	0.02641	0.01291	0.01478	0.01038	0.00773	0.00637	0.00218	0.01018	0.00512	0.00427	0.01053
72	0.07265	0.00961	0.01308	0.01276	0.01453	0.01110	0.00999	0.01540	0.01416	0.02156	0.07613	0.03436	0.05477	0.04882	0.50977	0.01039	0.04938	0.00918	0.00490	0.00746
73	0.01513	0.00756	0.00756	0.00756	0.00945	0.00756	0.00567	0.01891	0.01702	0.03025	0.02647	0.03025	0.02080	0.00945	0.00567	0.00189	0.00378	0.00756	0.75988	0.00756
74	0.01962	0.07075	0.24660	0.03391	0.26381	0.07496	0.12429	0.02593	0.01840	0.02516	0.01476	0.01853	0.01157	0.00740	0.00795	0.00245	0.01143	0.00686	0.00382	0.01183
75	0.00984	0.00823	0.00857	0.00848	0.01111	0.00696	0.00636	0.01213	0.01909	0.02333	0.15867	0.07578	0.58358	0.02003	0.00959	0.00272	0.00407	0.01680	0.00772	0.00696
76	0.01683	0.01442	0.01683	0.01202	0.01923	0.01082	0.00961	0.02043	0.01683	0.02644	0.01442	0.01683	0.01202	0.00601	0.00601	0.00120	0.00601	0.00481	0.00481	0.76444
77	0.01571	0.08178	0.31103	0.01640	0.02259	0.05511	0.01755	0.02028	0.01524	0.02073	0.01870	0.03142	0.01819	0.29805	0.02128	0.00465	0.01019	0.00820	0.00409	0.00881
78	0.01986	0.02146	0.02247	0.01986	0.02113	0.18539	0.01600	0.02190	0.01515	0.01950	0.01292	0.01928	0.01217	0.02035	0.12863	0.00473	0.41972	0.00690	0.00384	0.00874
79	0.00989	0.00706	0.00942	0.01130	0.01177	0.00659	0.00753	0.01130	0.01554	0.02071	0.04472	0.70954	0.05367	0.02542	0.01036	0.00330	0.00471	0.02307	0.00753	0.00659
80	0.02008	0.01928	0.03294	0.04981	0.66422	0.01928	0.02490	0.02490	0.01848	0.02651	0.01526	0.02008	0.01285	0.00723	0.00803	0.00241	0.00964	0.00723	0.00402	0.01285
81	0.00959	0.00822	0.00822	0.00822	0.01096	0.00685	0.00617	0.01165	0.01850	0.02192	0.08220	0.07809	0.66092	0.02055	0.00959	0.00274	0.00411	0.01713	0.00754	0.00685
82	0.02331	0.02412	0.07634	0.18660	0.03242	0.16098	0.01782	0.20929	0.07318	0.03093	0.01758	0.02062	0.01343	0.01307	0.06192	0.00331	0.01169	0.00699	0.00548	0.01093
83	0.02264	0.23451	0.24976	0.01749	0.02561	0.07550	0.01871	0.02774	0.01880	0.14440	0.04388	0.01949	0.01505	0.00826	0.00702	0.00220	0.00964	0.00615	0.00504	0.04810
84	0.08156	0.02613	0.16045	0.03534	0.35779	0.09512	0.02282	0.07649	0.01997	0.02842	0.01484	0.01826	0.01181	0.00769	0.00765	0.00242	0.01036	0.00653	0.00433	0.01204
85	0.01627	0.04197	0.67279	0.02313	0.03512	0.01884	0.02998	0.02570	0.01713	0.02570	0.01456	0.01713	0.01028	0.00771	0.00771	0.00257	0.01199	0.00600	0.00343	0.01199
86	0.01071	0.00807	0.01002	0.01136	0.01245	0.00776	0.00781	0.01400	0.06893	0.02197	0.04828	0.57622	0.12482	0.02363	0.01009	0.00318	0.00478	0.02119	0.00759	0.00715
87	0.02166	0.42948	0.20616	0.01747	0.02530	0.13443	0.01844	0.02599	0.01772	0.02096	0.01235	0.01437	0.01038	0.00738	0.00621	0.00201	0.01052	0.00492	0.00357	0.01067
88	0.01248	0.00904	0.01224	0.01346	0.01541	0.00880	0.01144	0.01609	0.01950	0.02570	0.16685	0.08437	0.10335	0.02112	0.01075	0.00342	0.00648	0.44426	0.00776	0.00746
89	0.00989	0.00706	0.00942	0.01130	0.01177	0.00659	0.00753	0.01130	0.01554	0.02071	0.04472	0.70954	0.05367	0.02542	0.01036	0.00330	0.00471	0.02307	0.00753	0.00659
90	0.01868	0.01785	0.03040	0.24032	0.48468	0.01891	0.02420	0.02367	0.01781	0.02480	0.01501	0.02054	0.01225	0.00749	0.00806	0.00250	0.00999	0.00722	0.00390	0.01172
91	0.01977	0.02116	0.08587	0.04760	0.61217	0.01924	0.02532	0.02497	0.01836	0.02644	0.01520	0.01984	0.01264	0.00727	0.00801	0.00242	0.00983	0.00713	0.00397	0.01278
92	0.01116	0.00819	0.01045	0.01008	0.01197	0.00749	0.00749	0.01461	0.02191	0.03048	0.54990	0.11358	0.13705	0.01771	0.00963	0.00263	0.00393	0.01560	0.00867	0.00749
93	0.01133	0.00829	0.01063	0.01004	0.01203	0.00759	0.00753	0.01501	0.02259	0.03165	0.61161	0.06207	0.12544	0.01692	0.00957	0.00257	0.00385	0.01488	0.00882	0.00759
94	0.01040	0.00728	0.00926	0.01064	0.01098	0.00694	0.00683	0.01143	0.01453	0.01937	0.03955	0.53224	0.04714	0.21162	0.01871	0.00453	0.00556	0.02002	0.00683	0.00614
95	0.71281	0.01626	0.01292	0.01131	0.01645	0.01876	0.00932	0.07294	0.01576	0.03759	0.01195	0.01369	0.00919	0.00771	0.00527	0.00250	0.00649	0.00463	0.00527	0.00919
96	0.01159	0.00869	0.01304	0.01304	0.01449	0.01014	0.01014	0.01449	0.01304	0.01884	0.02173	0.03188	0.02029	0.06086	0.68268	0.01304	0.02173	0.00869	0.00435	0.00724
97	0.01532	0.01442	0.02434	0.69533	0.05589	0.01803	0.02253	0.02073	0.01622	0.02073	0.01442	0.02163	0.01082	0.00811	0.00811	0.00270	0.01082	0.00721	0.00361	0.00901
98	0.01952	0.01848	0.03135	0.04701	0.61240	0.01848	0.02396	0.02425	0.01849	0.02633	0.01748	0.02580	0.01556	0.00845	0.00829	0.00252	0.00947	0.05545	0.00429	0.01242
99	0.01683	0.01442	0.01683	0.01202	0.01923	0.01082	0.00961	0.02043	0.01683	0.02644	0.01442	0.01683	0.01202	0.00601	0.00601	0.00120	0.00601	0.00481	0.00481	0.76444
100	0.00983	0.00730	0.00917	0.01067	0.01160	0.00664	0.00725	0.01137	0.01614	0.02096	0.05240	0.58022	0.17803	0.02442	0.01020	0.00318	0.00459	0.02185	0.00753	0.00664
101	0.01878	0.31476	0.28826	0.02066	0.02959	0.02412	0.12100	0.02478	0.01742	0.02330	0.03781	0.01786	0.01316	0.00759	0.00706	0.00225	0.01060	0.00623	0.00376	0.01101
102	0.03031	0.03867	0.02299	0.02090	0.02508	0.68226	0.01568	0.03240	0.02299	0.01986	0.01254	0.01463	0.01045	0.00836	0.00732	0.00209	0.01463	0.00523	0.00418	0.00941
103	0.00959	0.00822	0.00822	0.00822	0.01096	0.00685	0.00617	0.01165	0.01850	0.02192	0.08220	0.07809	0.66092	0.02055	0.00959	0.00274	0.00411	0.01713	0.00754	0.00685
104	0.01989	0.01981	0.03600	0.04661	0.53687	0.01953	0.14980	0.02513	0.01861	0.02640	0.01550	0.02045	0.01274	0.00715	0.00835	0.00248	0.01047	0.00771	0.00403	0.01246
105	0.02238	0.66520	0.04096	0.01445	0.02117	0.08415	0.01403	0.02495	0.01701	0.01915	0.01138	0.01315	0.01042	0.00706	0.00538	0.00176	0.00915	0.00441	0.00353	0.01033
106	0.02481	0.47322	0.03545	0.01642	0.02237	0.26742	0.01453	0.02723	0.01884	0.01937	0.01174	0.01360	0.01043	0.00746	0.00597	0.00186	0.01083	0.00466	0.00373	0.01005
107	0.00985	0.00808	0.00867	0.00883	0.01120	0.00691	0.00651	0.01203	0.01864	0.02300	0.14424	0.15492	0.51761	0.02070	0.00968	0.00279	0.00415	0.01758	0.00770	0.00691
108	0.23503	0.02229	0.07341	0.01960	0.09809	0.13554	0.01466	0.07607	0.10451	0.03176	0.09442	0.02314	0.02045	0.00940	0.00725	0.00246	0.00857	0.00713	0.00577	0.01046
109	0.02008	0.01928	0.03294	0.04981	0.66422	0.01928	0.02490	0.02490	0.01848	0.02651	0.01526	0.02008	0.01285	0.00723	0.00803	0.00241	0.00964	0.00723	0.00402	0.01285
110	0.01177	0.00852	0.01151	0.01322	0.01472	0.00826	0.01073	0.01462	0.01766	0.02295	0.04677	0.28773	0.09974	0.02322	0.01080	0.00351	0.00631	0.37332	0.00750	0.00714
111	0.01651	0.04036	0.62277	0.02401	0.03570	0.01898	0.07839	0.02572	0.01729	0.02572	0.01471	0.01751	0.01044	0.00764	0.00786	0.00258	0.01213	0.00628	0.00348	0.01191
112	0.02649	0.21224	0.05335	0.01676	0.05946	0.01960	0.01389	0.08124	0.07156	0.26710	0.02775	0.02642	0.07001	0.00984	0.00744	0.00232	0.00767	0.00771	0.00706	0.01207
113	0.01171	0.00824	0.01075	0.01075	0.01140	0.00890	0.00728	0.01302	0.01236	0.01714	0.02383	0.04349	0.02533	0.41881	0.33162	0.01021	0.01414	0.01039	0.00466	0.00597
114	0.00975	0.00823	0.00844	0.00838	0.01106	0.00692	0.00629	0.01195	0.01887	0.02280	0.13000	0.07664	0.61258	0.02022	0.00959	0.00272	0.00409	0.01692	0.00765	0.00692
115	0.02096	0.02310	0.11331	0.03113	0.25865	0.06712	0.06923	0.03189	0.21436	0.05529	0.02127	0.02292	0.01629	0.00863	0.00814	0.00254	0.00952	0.00775	0.00552	0.01238
116	0.01990	0.01702	0.02768	0.14850	0.41961	0.01758	0.02132	0.02568	0.05664	0.07799	0.07086	0.02491	0.01908	0.00860	0.00820	0.00250	0.00894	0.00803	0.00509	0.01186
117	0.03031	0.03867	0.02299	0.02090	0.02508	0.68226	0.01568	0.03240	0.02299	0.01986	0.01254	0.01463	0.01045	0.00836	0.00732	0.00209	0.01463	0.00523	0.00418	0.00941
118	0.01883	0.02507	0.20386	0.07273	0.43984	0.01914	0.02567	0.02564	0.04325	0.02631	0.01574	0.01977	0.01254	0.00755	0.00796	0.00248	0.01020	0.00698	0.00401	0.01243
119	0.02131	0.12712	0.14881	0.02180	0.08098	0.02020	0.08993	0.07830	0.14582	0.09428	0.04713	0.05002	0.01927	0.00956	0.00795	0.00250	0.00901	0.00825	0.00596	0.01182
120	0.02018	0.01743	0.01835	0.01651	0.02110	0.02018	0.01284	0.04312	0.64956	0.03394	0.03303	0.03027	0.02477	0.01101	0.00826	0.00275	0.00642	0.00917	0.00826	0.01284
121	0.01373	0.00893	0.01074	0.00991	0.01269	0.00785	0.00757	0.01676	0.02118	0.10543	0.34874	0.06373	0.30754	0.01741	0.00941	0.00262	0.00432	0.01488	0.00850	0.00807
122	0.02268	0.02724	0.20684	0.02641	0.17338	0.10394	0.02078	0.05268	0.14938	0.10532	0.02052	0.02153	0.01517	0.00871	0.00791	0.00250	0.00993	0.00714	0.00561	0.01231
123	0.02686	0.02883	0.02474	0.02756	0.19514	0.36869	0.01749	0.03229	0.09771	0.07771	0.01738	0.01907	0.01363	0.00852	0.00769	0.00229	0.01166	0.00649	0.00512	0.01111
124	0.00970	0.00779	0.00866	0.00935	0.01126	0.00675	0.00667	0.01152	0.01741	0.02148	0.06842	0.31019	0.43771	0.02234	0.00987	0.00294	0.00433	0.01931	0.00753	0.00675
125	0.02571	0.03160	0.05734	0.02937	0.19123	0.40001	0.06981	0.03006	0.04624	0.02291	0.01447	0.01737	0.01179	0.00802	0.00774	0.00227	0.01282	0.00629	0.00426	0.01068
126	0.05104	0.05139	0.24467	0.02652	0.13180	0.09899	0.11465	0.02771	0.04383	0.07846	0.04223	0.02083	0.01496	0.00822	0.00794	0.00248	0.01090	0.00717	0.00473	0.01149
127	0.00989	0.00706	0.00942	0.01130	0.01177	0.00659	0.00753	0.01130	0.01554	0.02071	0.04472	0.70954	0.05367	0.02542	0.01036	0.00330	0.00471	0.02307	0.00753	0.00659
128	0.01047	0.00898	0.00906	0.00891	0.01180	0.00795	0.00672	0.01425	0.07071	0.02291	0.07813	0.07413	0.60829	0.01976	0.00948	0.00274	0.00430	0.01647	0.00759	0.00735
129	0.02270	0.05127	0.18176	0.02262	0.09436	0.01884	0.06800	0.05463	0.21236	0.15316	0.02383	0.02378	0.01716	0.00909	0.00806	0.00257	0.00896	0.00778	0.00646	0.01261
130	0.07992	0.08291	0.23022	0.02103	0.09316	0.01869	0.01916	0.03182	0.14295	0.16858	0.02157	0.02169	0.01545	0.00874	0.00754	0.00250	0.00882	0.00697	0.00601	0.01227
131	0.02215	0.03212	0.40506	0.02040	0.02992	0.01881	0.02319	0.12323	0.08125	0.13522	0.01990	0.02044	0.01379	0.00871	0.00790	0.00256	0.01017	0.00685	0.00568	0.01265
132	0.02187	0.02747	0.12777	0.02707	0.18350	0.21169	0.01941	0.03012	0.14827	0.02525	0.01821	0.02073	0.01455	0.01188	0.04890	0.00309	0.03721	0.00693	0.00484	0.01123
133	0.05025	0.02245	0.08183	0.03431	0.33525	0.10656	0.06965	0.02697	0.01969	0.09773	0.06200	0.02268	0.01741	0.00837	0.00804	0.00243	0.00999	0.00757	0.00505	0.01176
134	0.02004	0.01895	0.02575	0.03390	0.36115	0.05834	0.01898	0.03061	0.22773	0.02905	0.07257	0.02637	0.02175	0.00930	0.00819	0.00252	0.00841	0.00835	0.00582	0.01223
135	0.01167	0.00953	0.01163	0.13498	0.01962	0.00909	0.00944	0.01436	0.01815	0.04608	0.06655	0.08744	0.49635	0.01803	0.00929	0.00274	0.00547	0.01517	0.00691	0.00750
136	0.07412	0.16169	0.10630	0.01676	0.02249	0.04214	0.04222	0.04970	0.17186	0.06609	0.06416	0.02421	0.01988	0.01353	0.06057	0.00328	0.03681	0.00748	0.00579	0.01090
137	0.20980	0.06190	0.08505	0.01745	0.02414	0.01885	0.10835	0.14784	0.02128	0.05550	0.04380	0.02154	0.03959	0.00862	0.00720	0.00234	0.00844	0.00701	0.00566	0.10564
138	0.04669	0.03065	0.22487	0.02824	0.15855	0.18359	0.08747	0.02633	0.01849	0.02414	0.01429	0.01807	0.01141	0.01009	0.03416	0.00289	0.05869	0.00656	0.00390	0.01092
139	0.08519	0.07496	0.05647	0.05284	0.23631	0.13660	0.08972	0.06943	0.02021	0.02733	0.04029	0.01962	0.01425	0.00795	0.00761	0.00233	0.01036	0.00686	0.00458	0.03708
140	0.08453	0.02589	0.12446	0.02062	0.09075	0.20512	0.01640	0.02924	0.11350	0.07744	0.04880	0.02700	0.08195	0.01014	0.00779	0.00245	0.00968	0.00787	0.00570	0.01067
141	0.11221	0.02219	0.10016	0.01843	0.06092	0.10909	0.01524	0.10256	0.07494	0.21277	0.07243	0.02431	0.01996	0.00963	0.00774	0.00247	0.00865	0.00750	0.00701	0.01177

[dist]
# distance from previous block
# <min> <max>
1	71

[block]
# block no. 3 follows, 23 sequences, length 60
# corresponding to MSA columns:
# 356-415
name=unknown_D
#
# <colnr> <probs for GDERKNQSTAVLIFYWHMCP>
#	G	D	E	R	K	N	Q	S	T	A	V	L	I	F	Y	W	H	M	C	P
0	0.02357	0.12715	0.09248	0.03057	0.26401	0.20174	0.02013	0.07530	0.04403	0.02575	0.01487	0.01763	0.01211	0.00788	0.00742	0.00226	0.01091	0.00623	0.00440	0.01156
1	0.01321	0.04533	0.11343	0.01504	0.03825	0.01220	0.01314	0.01733	0.01568	0.02282	0.11426	0.03258	0.02642	0.03920	0.39044	0.00842	0.01561	0.00886	0.04942	0.00836
2	0.02394	0.13153	0.17208	0.02051	0.02751	0.21462	0.07172	0.07991	0.10395	0.05313	0.01721	0.01857	0.01312	0.00841	0.00752	0.00233	0.01123	0.00646	0.00500	0.01125
3	0.07440	0.02776	0.19696	0.03046	0.23347	0.11983	0.06808	0.02828	0.06923	0.05116	0.01653	0.01923	0.01272	0.00793	0.00776	0.00247	0.01072	0.00677	0.00453	0.01171
4	0.01990	0.04957	0.05688	0.14031	0.47352	0.01939	0.04718	0.02491	0.01822	0.05038	0.01564	0.02025	0.01261	0.00746	0.00797	0.00245	0.00991	0.00718	0.00415	0.01211
5	0.02003	0.01943	0.03382	0.04888	0.62752	0.01935	0.06089	0.02497	0.01852	0.02648	0.01533	0.02019	0.01282	0.00721	0.00812	0.00243	0.00988	0.00737	0.00402	0.01274
6	0.02220	0.07839	0.02511	0.02745	0.26538	0.06354	0.01642	0.02661	0.04366	0.13812	0.05019	0.02675	0.06918	0.00923	0.00770	0.00224	0.00817	0.00788	0.00578	0.10600
7	0.01329	0.01056	0.01296	0.01213	0.01497	0.01021	0.04111	0.01927	0.13237	0.04910	0.08202	0.20256	0.29904	0.04929	0.01086	0.00307	0.00543	0.01592	0.00752	0.00831
8	0.01164	0.00849	0.01203	0.01203	0.01313	0.00959	0.00888	0.01384	0.01274	0.01809	0.02266	0.03701	0.02251	0.21897	0.52761	0.01179	0.01838	0.00944	0.00448	0.00668
9	0.01864	0.02063	0.04353	0.13249	0.08109	0.02008	0.50860	0.02515	0.01868	0.02525	0.01605	0.02174	0.01212	0.00705	0.00927	0.00271	0.01302	0.00909	0.00403	0.01077
10	0.03562	0.01507	0.01961	0.01503	0.02134	0.01380	0.01242	0.12392	0.02533	0.58248	0.03024	0.02647	0.01920	0.01000	0.00815	0.00250	0.00719	0.00804	0.00977	0.01381
11	0.01445	0.01397	0.02533	0.06022	0.02686	0.01327	0.24400	0.01900	0.01889	0.02451	0.07456	0.05608	0.19963	0.01493	0.00989	0.00297	0.00889	0.15775	0.00608	0.00870
12	0.01159	0.00869	0.01304	0.01304	0.01449	0.01014	0.01014	0.01449	0.01304	0.01884	0.02173	0.03188	0.02029	0.06086	0.68268	0.01304	0.02173	0.00869	0.00435	0.00724
13	0.02709	0.29341	0.03030	0.01828	0.02349	0.43908	0.01501	0.02937	0.02056	0.01957	0.01207	0.01403	0.01044	0.00783	0.00653	0.00196	0.01241	0.00489	0.00392	0.00978
14	0.04215	0.00919	0.01069	0.01046	0.01285	0.00858	0.00771	0.01687	0.05216	0.07836	0.19981	0.20692	0.24656	0.04742	0.01070	0.00301	0.00477	0.01602	0.00791	0.00787
15	0.01194	0.00924	0.01040	0.01034	0.01238	0.00892	0.00743	0.05267	0.04201	0.02271	0.05427	0.19185	0.31405	0.13745	0.07313	0.00456	0.00677	0.01579	0.00689	0.00719
16	0.01118	0.00790	0.00874	0.00886	0.00951	0.00756	0.00536	0.01173	0.01354	0.01744	0.03957	0.09854	0.17414	0.51563	0.03223	0.00643	0.00682	0.01369	0.00567	0.00546
17	0.01159	0.00869	0.01304	0.01304	0.01449	0.01014	0.01014	0.01449	0.01304	0.01884	0.02173	0.03188	0.02029	0.06086	0.68268	0.01304	0.02173	0.00869	0.00435	0.00724
18	0.02339	0.02595	0.06407	0.03071	0.26348	0.21027	0.01931	0.06358	0.16421	0.02754	0.01870	0.02063	0.01477	0.00858	0.00786	0.00241	0.01044	0.00703	0.00521	0.01186
19	0.02341	0.02496	0.02977	0.04038	0.45756	0.20948	0.02191	0.04957	0.02049	0.02551	0.01464	0.01850	0.01220	0.00765	0.00783	0.00232	0.01104	0.00666	0.00421	0.01190
20	0.01915	0.02189	0.04788	0.03420	0.04241	0.02052	0.63475	0.02599	0.01915	0.02599	0.01642	0.02189	0.01231	0.00684	0.00958	0.00274	0.01368	0.00958	0.00410	0.01094
21	0.00989	0.00706	0.00942	0.01130	0.01177	0.00659	0.00753	0.01130	0.01554	0.02071	0.04472	0.70954	0.05367	0.02542	0.01036	0.00330	0.00471	0.02307	0.00753	0.00659
22	0.01964	0.03025	0.39617	0.02156	0.05682	0.01673	0.04731	0.02807	0.06728	0.13351	0.04576	0.06275	0.01835	0.00969	0.00814	0.00262	0.00993	0.00814	0.00541	0.01187
23	0.01627	0.04197	0.67279	0.02313	0.03512	0.01884	0.02998	0.02570	0.01713	0.02570	0.01456	0.01713	0.01028	0.00771	0.00771	0.00257	0.01199	0.00600	0.00343	0.01199
24	0.03025	0.01399	0.01768	0.01395	0.01947	0.01290	0.01138	0.12214	0.02481	0.44700	0.08668	0.03535	0.10351	0.01183	0.00844	0.00253	0.00661	0.00967	0.00936	0.01245
25	0.01897	0.02392	0.11913	0.03055	0.08293	0.04651	0.34916	0.02465	0.01747	0.02429	0.01464	0.01994	0.01165	0.00871	0.01301	0.00285	0.16882	0.00822	0.00389	0.01069
26	0.02240	0.02368	0.03068	0.04325	0.51929	0.16962	0.02281	0.02660	0.01950	0.02500	0.01465	0.01885	0.01231	0.00749	0.00787	0.00234	0.01077	0.00678	0.00405	0.01207
27	0.01049	0.00751	0.01003	0.01139	0.01228	0.00705	0.00804	0.01260	0.01733	0.02344	0.17045	0.52318	0.05775	0.02335	0.01027	0.00318	0.00477	0.07220	0.00781	0.00689
28	0.00982	0.00827	0.00855	0.00859	0.01126	0.00699	0.00652	0.01203	0.01872	0.02253	0.10848	0.07780	0.60743	0.02044	0.00966	0.00277	0.00423	0.04139	0.00760	0.00691
29	0.06047	0.03426	0.41878	0.02205	0.03183	0.04585	0.07035	0.14111	0.02151	0.05548	0.01604	0.01802	0.01140	0.00813	0.00779	0.00253	0.01115	0.00648	0.00472	0.01205
30	0.01290	0.00891	0.01150	0.01065	0.01286	0.00837	0.00806	0.01751	0.04973	0.05923	0.60693	0.05794	0.07199	0.01608	0.00946	0.00256	0.00407	0.01417	0.00895	0.00813
31	0.00987	0.00712	0.00935	0.01114	0.01173	0.00660	0.00746	0.01132	0.01569	0.02078	0.04670	0.67619	0.08574	0.02516	0.01032	0.00327	0.00468	0.02275	0.00753	0.00660
32	0.01947	0.03530	0.43321	0.02849	0.17429	0.08747	0.02656	0.02683	0.01831	0.05374	0.01528	0.01800	0.01131	0.00777	0.00776	0.00248	0.01151	0.00629	0.00393	0.01200
33	0.01982	0.01931	0.03314	0.04639	0.57081	0.01984	0.06123	0.02450	0.01799	0.02587	0.01493	0.01999	0.01263	0.00781	0.00974	0.00253	0.06973	0.00736	0.00398	0.01239
34	0.01568	0.01491	0.02441	0.59606	0.05079	0.01903	0.02183	0.02055	0.01567	0.02055	0.01387	0.02106	0.01079	0.00901	0.01084	0.00283	0.11231	0.00719	0.00360	0.00899
35	0.01069	0.00816	0.00981	0.00961	0.01169	0.00728	0.00713	0.01369	0.02077	0.02784	0.40650	0.12292	0.27697	0.01873	0.00965	0.00268	0.00400	0.01625	0.00833	0.00728
36	0.05198	0.14953	0.06194	0.03073	0.25061	0.04794	0.10618	0.13042	0.02167	0.05100	0.01569	0.01859	0.01237	0.00772	0.00760	0.00234	0.00999	0.00684	0.00485	0.01200
37	0.01826	0.01493	0.01822	0.01950	0.11321	0.01610	0.01304	0.03213	0.35379	0.05855	0.15017	0.06479	0.06725	0.01255	0.00862	0.00268	0.00624	0.01086	0.00777	0.01135
38	0.00984	0.00723	0.00924	0.01085	0.01165	0.00663	0.00733	0.01135	0.01597	0.02089	0.05024	0.61654	0.14310	0.02470	0.01024	0.00321	0.00462	0.02219	0.00753	0.00663
39	0.01967	0.01886	0.03219	0.10577	0.61148	0.01917	0.02470	0.02454	0.01828	0.02601	0.01519	0.02022	0.01268	0.00731	0.00804	0.00244	0.00974	0.00723	0.00398	0.01252
40	0.01933	0.02964	0.31579	0.03528	0.32999	0.01960	0.02633	0.07833	0.01959	0.02828	0.01532	0.01872	0.01179	0.00766	0.00790	0.00248	0.01062	0.00669	0.00411	0.01255
41	0.02576	0.03109	0.02367	0.02105	0.02371	0.44405	0.01643	0.02774	0.01917	0.01974	0.01186	0.01576	0.01052	0.01048	0.01431	0.00262	0.26297	0.00591	0.00395	0.00921
42	0.01860	0.12227	0.31865	0.03118	0.26034	0.02084	0.02499	0.02625	0.05485	0.02560	0.01547	0.01843	0.01208	0.00763	0.00753	0.00241	0.01037	0.00641	0.00393	0.01214
43	0.02529	0.18968	0.12068	0.02121	0.10330	0.09003	0.01744	0.14337	0.02296	0.13304	0.04497	0.02026	0.01573	0.00868	0.00735	0.00227	0.00944	0.00665	0.00578	0.01191
44	0.00959	0.00822	0.00822	0.00822	0.01096	0.00685	0.00617	0.01165	0.01850	0.02192	0.08220	0.07809	0.66092	0.02055	0.00959	0.00274	0.00411	0.01713	0.00754	0.00685
