[name]
unknown

[dist]
# distance from previous block
# <min> <max>
0	2

[block]
# block no. 0 follows, 23 sequences, length 28
# corresponding to MSA columns:
# 2-29
name=unknown_A
#
# <colnr> <probs for GDERKNQSTAVLIFYWHMCP>
#	G	D	E	R	K	N	Q	S	T	A	V	L	I	F	Y	W	H	M	C	P
0	0.02240	0.01852	0.01709	0.01654	0.01999	0.19261	0.01356	0.02656	0.05302	0.14228	0.03220	0.05581	0.03087	0.01575	0.00944	0.00301	0.00925	0.30457	0.00709	0.00944
1	0.02497	0.03704	0.21436	0.02070	0.02723	0.41253	0.01934	0.06047	0.02178	0.02332	0.01758	0.01934	0.04868	0.00895	0.00761	0.00229	0.01294	0.00626	0.00436	0.01025
2	0.01538	0.10546	0.40948	0.01852	0.02706	0.01781	0.02191	0.02187	0.01710	0.02372	0.02988	0.03106	0.16330	0.01104	0.00903	0.00258	0.05148	0.00850	0.00440	0.01042
3	0.05684	0.01875	0.06267	0.20957	0.21061	0.01900	0.01969	0.16670	0.02267	0.03182	0.08513	0.02421	0.01903	0.00911	0.00807	0.00253	0.00914	0.00783	0.00541	0.01123
4	0.01752	0.01630	0.02589	0.28517	0.28239	0.01682	0.02041	0.02227	0.01724	0.02431	0.01475	0.01990	0.01189	0.00728	0.00759	0.00224	0.00923	0.00665	0.00405	0.18812
5	0.02804	0.03009	0.02567	0.02714	0.17538	0.36059	0.01778	0.18322	0.02576	0.02931	0.01493	0.01714	0.01186	0.00844	0.00769	0.00225	0.01202	0.00622	0.00514	0.01133
6	0.01929	0.01614	0.01834	0.01625	0.04971	0.01650	0.01214	0.09194	0.30446	0.03297	0.09583	0.02821	0.02522	0.00988	0.00772	0.00223	0.00641	0.00824	0.00712	0.23140
7	0.01226	0.00860	0.01032	0.00970	0.01219	0.00760	0.00734	0.01537	0.02126	0.06706	0.39884	0.06536	0.29874	0.01772	0.00949	0.00262	0.00412	0.01523	0.00846	0.00772
8	0.01169	0.00837	0.01181	0.01196	0.01315	0.00937	0.00890	0.01410	0.01329	0.01920	0.02443	0.08961	0.02436	0.15094	0.49462	0.01084	0.01727	0.01024	0.04895	0.00687
9	0.01812	0.01686	0.02831	0.16957	0.44993	0.01756	0.02268	0.02289	0.01807	0.02506	0.01923	0.03104	0.01751	0.00966	0.00852	0.00266	0.00954	0.09704	0.00445	0.01131
10	0.77215	0.01569	0.01193	0.01067	0.01569	0.01820	0.00879	0.02385	0.01381	0.03641	0.01130	0.01318	0.00879	0.00753	0.00502	0.00251	0.00628	0.00439	0.00502	0.00879
11	0.01908	0.01826	0.03113	0.18550	0.53634	0.01902	0.02440	0.02403	0.01800	0.02529	0.01509	0.02041	0.01242	0.00742	0.00805	0.00247	0.00989	0.00723	0.00393	0.01205
12	0.77215	0.01569	0.01193	0.01067	0.01569	0.01820	0.00879	0.02385	0.01381	0.03641	0.01130	0.01318	0.00879	0.00753	0.00502	0.00251	0.00628	0.00439	0.00502	0.00879
13	0.01173	0.00815	0.01027	0.01027	0.01075	0.00864	0.00668	0.01271	0.01222	0.01678	0.02427	0.04593	0.02639	0.49395	0.25793	0.00961	0.01255	0.01075	0.00472	0.00570
14	0.00979	0.00823	0.00850	0.00843	0.01109	0.00694	0.00633	0.01204	0.01898	0.02306	0.14434	0.07621	0.59807	0.02012	0.00959	0.00272	0.00408	0.01686	0.00769	0.00694
15	0.00989	0.00706	0.00942	0.01130	0.01177	0.00659	0.00753	0.01130	0.01554	0.02071	0.04472	0.70954	0.05367	0.02542	0.01036	0.00330	0.00471	0.02307	0.00753	0.00659
16	0.02008	0.01928	0.03294	0.04981	0.66422	0.01928	0.02490	0.02490	0.01848	0.02651	0.01526	0.02008	0.01285	0.00723	0.00803	0.00241	0.00964	0.00723	0.00402	0.01285
17	0.20446	0.01732	0.01887	0.09087	0.04651	0.01933	0.01345	0.22262	0.11523	0.06687	0.02343	0.02415	0.05361	0.00978	0.00738	0.00253	0.00756	0.00751	0.03732	0.01122
18	0.02893	0.01215	0.01644	0.01317	0.01814	0.01064	0.01064	0.03227	0.02315	0.47862	0.22041	0.03752	0.03703	0.01201	0.00858	0.00252	0.00598	0.01011	0.00971	0.01196
19	0.03043	0.03500	0.02331	0.02039	0.02510	0.53103	0.01562	0.17158	0.02648	0.02706	0.01414	0.01575	0.01122	0.00868	0.00750	0.00217	0.01332	0.00570	0.00509	0.01042
20	0.02234	0.02344	0.02994	0.04159	0.48777	0.16523	0.02220	0.02757	0.05459	0.02546	0.01565	0.01945	0.01299	0.00769	0.00789	0.00236	0.01056	0.00690	0.00429	0.01209
21	0.01627	0.04197	0.67279	0.02313	0.03512	0.01884	0.02998	0.02570	0.01713	0.02570	0.01456	0.01713	0.01028	0.00771	0.00771	0.00257	0.01199	0.00600	0.00343	0.01199
22	0.01164	0.00851	0.01209	0.01209	0.01321	0.00962	0.00895	0.01388	0.01276	0.01813	0.02261	0.03670	0.02238	0.20962	0.53678	0.01186	0.01858	0.00940	0.00448	0.00672
23	0.00970	0.00779	0.00866	0.00936	0.01126	0.00675	0.00667	0.01152	0.01740	0.02147	0.06832	0.31202	0.43596	0.02235	0.00987	0.00295	0.00433	0.01933	0.00753	0.00675
24	0.01713	0.14632	0.44028	0.01990	0.02913	0.05193	0.02361	0.02415	0.01709	0.02386	0.04030	0.01969	0.01404	0.01383	0.08180	0.00357	0.01234	0.00633	0.00379	0.01092
25	0.10201	0.18675	0.09782	0.01863	0.02515	0.19687	0.04805	0.17980	0.02354	0.03013	0.01428	0.01597	0.01119	0.00815	0.00696	0.00222	0.01067	0.00577	0.00500	0.01103
26	0.06535	0.02769	0.05883	0.16896	0.05757	0.28002	0.01790	0.17470	0.02418	0.02906	0.01478	0.01762	0.01134	0.00851	0.00761	0.00237	0.01163	0.00624	0.00500	0.01063
27	0.02342	0.02321	0.02625	0.03244	0.31922	0.17139	0.01885	0.14660	0.02342	0.02936	0.02279	0.02505	0.08336	0.00944	0.00806	0.00238	0.01004	0.00787	0.00525	0.01159

[dist]
# distance from previous block
# <min> <max>
2	13

[block]
# block no. 1 follows, 23 sequences, length 30
# corresponding to MSA columns:
# 43-72
name=unknown_B
#
# <colnr> <probs for GDERKNQSTAVLIFYWHMCP>
#	G	D	E	R	K	N	Q	S	T	A	V	L	I	F	Y	W	H	M	C	P
0	0.02045	0.18047	0.03514	0.04154	0.51616	0.02223	0.02237	0.02476	0.01802	0.02480	0.01435	0.01846	0.01229	0.00716	0.00738	0.00225	0.00942	0.00656	0.00389	0.01229
1	0.04594	0.01799	0.01725	0.01680	0.05501	0.14772	0.01223	0.13838	0.02106	0.02763	0.02456	0.07733	0.05816	0.02596	0.20483	0.00550	0.01269	0.00898	0.07271	0.00926
2	0.01335	0.01073	0.01188	0.01146	0.01388	0.01118	0.00845	0.02074	0.18682	0.02348	0.04704	0.05450	0.24163	0.18261	0.09651	0.00519	0.00783	0.03787	0.00675	0.00810
3	0.01056	0.00804	0.00991	0.01032	0.01178	0.00787	0.00736	0.01238	0.01529	0.01983	0.04840	0.19782	0.25245	0.14287	0.20084	0.00652	0.00971	0.01523	0.00624	0.00660
4	0.01873	0.18340	0.09969	0.01531	0.02007	0.17353	0.01380	0.02212	0.01949	0.02330	0.15731	0.06897	0.10403	0.01224	0.00846	0.00236	0.03310	0.00952	0.00547	0.00911
5	0.02105	0.36724	0.10409	0.02764	0.24700	0.02587	0.01949	0.05743	0.01841	0.02408	0.01345	0.01626	0.01143	0.00727	0.00661	0.00210	0.00937	0.00568	0.00391	0.01161
6	0.01856	0.01772	0.03018	0.25679	0.46915	0.01888	0.02414	0.02357	0.01775	0.02466	0.01499	0.02058	0.01220	0.00751	0.00806	0.00250	0.01002	0.00722	0.00388	0.01162
7	0.01880	0.01797	0.03061	0.22422	0.49985	0.01894	0.02426	0.02378	0.01787	0.02495	0.01504	0.02050	0.01230	0.00747	0.00805	0.00249	0.00996	0.00722	0.00391	0.01182
8	0.02093	0.02121	0.03109	0.09599	0.54157	0.09790	0.02363	0.02547	0.01884	0.02528	0.01488	0.01955	0.01241	0.00743	0.00795	0.00239	0.01032	0.00699	0.00400	0.01215
9	0.02982	0.03586	0.02289	0.02043	0.02488	0.57776	0.01550	0.09620	0.05846	0.02389	0.01438	0.01599	0.01158	0.00865	0.00745	0.00216	0.01359	0.00566	0.00481	0.01005
10	0.01070	0.00918	0.00928	0.00909	0.01202	0.00824	0.00686	0.01494	0.08447	0.02318	0.07706	0.07309	0.59442	0.01955	0.00945	0.00274	0.00435	0.01629	0.00761	0.00748
11	0.01180	0.00787	0.00885	0.00885	0.00885	0.00787	0.00492	0.01180	0.01180	0.01573	0.02557	0.05310	0.02950	0.71483	0.04130	0.00787	0.00787	0.01180	0.00492	0.00492
12	0.02843	0.03256	0.02510	0.02611	0.14767	0.45643	0.01741	0.12179	0.02440	0.02583	0.01411	0.01641	0.01142	0.00835	0.00757	0.00220	0.01282	0.00592	0.00474	0.01073
13	0.01758	0.01672	0.02841	0.38963	0.34397	0.01862	0.02366	0.02271	0.01729	0.02347	0.01482	0.02090	0.01178	0.00769	0.00807	0.00256	0.01026	0.00722	0.00380	0.01083
14	0.01166	0.00841	0.01158	0.01158	0.01252	0.00935	0.00832	0.01355	0.01261	0.01775	0.02307	0.03928	0.02350	0.28900	0.45893	0.01124	0.01690	0.00978	0.00455	0.00643
15	0.02910	0.03637	0.02417	0.02434	0.10097	0.60354	0.01677	0.03151	0.02246	0.02065	0.01287	0.01528	0.01074	0.00823	0.00740	0.00213	0.01404	0.00546	0.00416	0.00982
16	0.01683	0.01442	0.01683	0.01202	0.01923	0.01082	0.00961	0.02043	0.01683	0.02644	0.01442	0.01683	0.01202	0.00601	0.00601	0.00120	0.00601	0.00481	0.00481	0.76444
17	0.01139	0.00812	0.01044	0.01011	0.01163	0.00759	0.00726	0.01446	0.02073	0.02911	0.51564	0.11668	0.06786	0.11657	0.01415	0.00337	0.00448	0.01501	0.00824	0.00717
18	0.01440	0.00977	0.01206	0.01103	0.01372	0.00930	0.00842	0.02005	0.09090	0.08754	0.46758	0.05647	0.13531	0.01587	0.00930	0.00259	0.00442	0.01379	0.00879	0.00867
19	0.01016	0.00752	0.00957	0.01109	0.01214	0.00693	0.00785	0.01194	0.01643	0.02132	0.05173	0.52384	0.16939	0.02417	0.01030	0.00323	0.00488	0.08324	0.00753	0.00673
20	0.01683	0.01442	0.01683	0.01202	0.01923	0.01082	0.00961	0.02043	0.01683	0.02644	0.01442	0.01683	0.01202	0.00601	0.00601	0.00120	0.00601	0.00481	0.00481	0.76444
21	0.00980	0.00740	0.00906	0.01039	0.01153	0.00667	0.00713	0.01140	0.01641	0.02107	0.05583	0.52243	0.23360	0.02398	0.01013	0.00313	0.00453	0.02131	0.00753	0.00667
22	0.00989	0.00706	0.00942	0.01130	0.01177	0.00659	0.00753	0.01130	0.01554	0.02071	0.04472	0.70954	0.05367	0.02542	0.01036	0.00330	0.00471	0.02307	0.00753	0.00659
23	0.32721	0.02283	0.01729	0.05170	0.02127	0.22419	0.01211	0.10300	0.01967	0.03013	0.01438	0.01906	0.01222	0.08204	0.01009	0.00294	0.00962	0.00595	0.00507	0.00922
24	0.05446	0.02557	0.02808	0.18664	0.18104	0.26752	0.09262	0.02682	0.01953	0.02302	0.01402	0.01833	0.01124	0.00783	0.00784	0.00240	0.01212	0.00663	0.00403	0.01026
25	0.02418	0.02855	0.02134	0.02180	0.08904	0.43135	0.01515	0.02678	0.01983	0.02028	0.01531	0.01986	0.01336	0.02243	0.18987	0.00508	0.01603	0.00637	0.00421	0.00918
26	0.02060	0.02114	0.02454	0.03227	0.34148	0.16467	0.01803	0.04964	0.02026	0.02534	0.02815	0.03040	0.13698	0.01024	0.00808	0.00238	0.00942	0.00870	0.03695	0.01075
27	0.04804	0.01951	0.02413	0.03098	0.30881	0.10836	0.01766	0.11265	0.02114	0.02824	0.02214	0.17765	0.02191	0.01195	0.00837	0.00258	0.00896	0.01051	0.00549	0.01093
28	0.01765	0.01676	0.01974	0.16680	0.12775	0.10713	0.01546	0.02295	0.07103	0.02391	0.02607	0.02977	0.09170	0.01489	0.06821	0.00342	0.04681	0.00846	0.11212	0.00938
29	0.01794	0.02254	0.15467	0.07478	0.31800	0.05314	0.04689	0.02311	0.01724	0.02398	0.01642	0.02277	0.01399	0.05268	0.10308	0.00422	0.01219	0.00742	0.00398	0.01098

[dist]
# distance from previous block
# <min> <max>
5	19

[block]
# block no. 2 follows, 23 sequences, length 101
# corresponding to MSA columns:
# 92-192
name=unknown_C
#
# <colnr> <probs for GDERKNQSTAVLIFYWHMCP>
#	G	D	E	R	K	N	Q	S	T	A	V	L	I	F	Y	W	H	M	C	P
0	0.06197	0.02552	0.05854	0.02953	0.26220	0.24074	0.01820	0.05836	0.02045	0.02520	0.02071	0.02426	0.06996	0.03924	0.00918	0.00258	0.01066	0.00742	0.00466	0.01062
1	0.02282	0.02415	0.02033	0.05095	0.10381	0.28068	0.01442	0.11489	0.02303	0.02631	0.03123	0.03218	0.16700	0.01137	0.00803	0.00236	0.01001	0.00882	0.03784	0.00979
2	0.02487	0.46875	0.03532	0.01647	0.02240	0.27169	0.01455	0.02728	0.01889	0.01937	0.01175	0.01361	0.01043	0.00747	0.00598	0.00187	0.01087	0.00467	0.00373	0.01004
3	0.00959	0.00822	0.00822	0.00822	0.01096	0.00685	0.00617	0.01165	0.01850	0.02192	0.08220	0.07809	0.66092	0.02055	0.00959	0.00274	0.00411	0.01713	0.00754	0.00685
4	0.02851	0.18116	0.02708	0.01944	0.02419	0.54624	0.01530	0.03071	0.02163	0.01970	0.01228	0.01429	0.01044	0.00806	0.00688	0.00202	0.01339	0.00504	0.00403	0.00962
5	0.01041	0.00787	0.00962	0.01000	0.01167	0.00707	0.00719	0.01293	0.01922	0.02557	0.29019	0.28001	0.23743	0.02065	0.00984	0.00285	0.00420	0.01815	0.00807	0.00707
6	0.01034	0.00725	0.00928	0.01072	0.01108	0.00689	0.00692	0.01142	0.01465	0.01954	0.04021	0.55483	0.04797	0.18790	0.01765	0.00437	0.00545	0.02041	0.00692	0.00620
7	0.02661	0.03870	0.17652	0.02254	0.05214	0.50029	0.01941	0.03053	0.02144	0.02149	0.01312	0.01543	0.01050	0.00816	0.00744	0.00222	0.01382	0.00548	0.00400	0.01015
8	0.01627	0.04197	0.67279	0.02313	0.03512	0.01884	0.02998	0.02570	0.01713	0.02570	0.01456	0.01713	0.01028	0.00771	0.00771	0.00257	0.01199	0.00600	0.00343	0.01199
9	0.23180	0.02282	0.02081	0.01678	0.02259	0.10551	0.01366	0.39517	0.02965	0.04323	0.01639	0.01717	0.01202	0.00897	0.00718	0.00241	0.00892	0.00626	0.00679	0.01189
10	0.01627	0.04197	0.67279	0.02313	0.03512	0.01884	0.02998	0.02570	0.01713	0.02570	0.01456	0.01713	0.01028	0.00771	0.00771	0.00257	0.01199	0.00600	0.00343	0.01199
11	0.01019	0.00786	0.00865	0.00910	0.01065	0.00703	0.00619	0.01160	0.01620	0.02016	0.05985	0.22094	0.36707	0.18744	0.01734	0.00409	0.00515	0.01725	0.00691	0.00633
12	0.03031	0.03867	0.02299	0.02090	0.02508	0.68226	0.01568	0.03240	0.02299	0.01986	0.01254	0.01463	0.01045	0.00836	0.00732	0.00209	0.01463	0.00523	0.00418	0.00941
13	0.03085	0.02273	0.02435	0.01867	0.02516	0.02516	0.01542	0.63716	0.03815	0.05114	0.01948	0.01948	0.01380	0.00974	0.00812	0.00244	0.00893	0.00731	0.00812	0.01380
14	0.01174	0.00810	0.01005	0.01005	0.01046	0.00852	0.00641	0.01257	0.01215	0.01662	0.02447	0.04703	0.02686	0.52778	0.22475	0.00935	0.01183	0.01091	0.00475	0.00558
15	0.00987	0.00712	0.00935	0.01114	0.01173	0.00660	0.00746	0.01132	0.01569	0.02077	0.04663	0.67748	0.08450	0.02517	0.01032	0.00327	0.00468	0.02277	0.00753	0.00660
16	0.01003	0.00717	0.00959	0.01147	0.01200	0.00672	0.00779	0.01156	0.01568	0.02088	0.04464	0.68075	0.05334	0.02528	0.01040	0.00332	0.00484	0.05039	0.00753	0.00663
17	0.01532	0.01442	0.02434	0.69533	0.05589	0.01803	0.02253	0.02073	0.01622	0.02073	0.01442	0.02163	0.01082	0.00811	0.00811	0.00270	0.01082	0.00721	0.00361	0.00901
18	0.03031	0.03867	0.02299	0.02090	0.02508	0.68226	0.01568	0.03240	0.02299	0.01986	0.01254	0.01463	0.01045	0.00836	0.00732	0.00209	0.01463	0.00523	0.00418	0.00941
19	0.01824	0.01739	0.02960	0.30038	0.42808	0.01879	0.02398	0.02328	0.01760	0.02427	0.01494	0.02068	0.01206	0.00757	0.00806	0.00252	0.01010	0.00722	0.00386	0.01136
20	0.03641	0.01381	0.01883	0.01444	0.02071	0.01193	0.01193	0.03954	0.02322	0.66984	0.03201	0.02762	0.02009	0.01004	0.00816	0.00251	0.00690	0.00816	0.01004	0.01381
21	0.01180	0.00787	0.00885	0.00885	0.00885	0.00787	0.00492	0.01180	0.01180	0.01573	0.02557	0.05310	0.02950	0.71483	0.04130	0.00787	0.00787	0.01180	0.00492	0.00492
22	0.01532	0.01442	0.02434	0.69533	0.05589	0.01803	0.02253	0.02073	0.01622	0.02073	0.01442	0.02163	0.01082	0.00811	0.00811	0.00270	0.01082	0.00721	0.00361	0.00901
23	0.00989	0.00706	0.00942	0.01130	0.01177	0.00659	0.00753	0.01130	0.01554	0.02071	0.04472	0.70954	0.05367	0.02542	0.01036	0.00330	0.00471	0.02307	0.00753	0.00659
24	0.02018	0.01743	0.01835	0.01651	0.02110	0.02018	0.01284	0.04312	0.64956	0.03394	0.03303	0.03027	0.02477	0.01101	0.00826	0.00275	0.00642	0.00917	0.00826	0.01284
25	0.01409	0.00705	0.01057	0.01057	0.01057	0.00705	0.00705	0.01057	0.01057	0.01409	0.01409	0.02467	0.01409	0.02819	0.03171	0.76392	0.00705	0.00705	0.00352	0.00352
26	0.02329	0.01804	0.01912	0.01569	0.02085	0.01966	0.01263	0.34792	0.17948	0.04015	0.03750	0.03587	0.16893	0.01259	0.00850	0.00258	0.00719	0.01007	0.00801	0.01193
27	0.02063	0.01450	0.01817	0.02058	0.16810	0.01518	0.01289	0.19075	0.02319	0.03513	0.02190	0.02489	0.01700	0.00901	0.00690	0.00216	0.00658	0.00741	0.37450	0.01053
28	0.00959	0.00822	0.00822	0.00822	0.01096	0.00685	0.00617	0.01165	0.01850	0.02192	0.08220	0.07809	0.66092	0.02055	0.00959	0.00274	0.00411	0.01713	0.00754	0.00685
29	0.00959	0.00822	0.00822	0.00822	0.01096	0.00685	0.00617	0.01165	0.01850	0.02192	0.08220	0.07809	0.66092	0.02055	0.00959	0.00274	0.00411	0.01713	0.00754	0.00685
30	0.01899	0.18544	0.27944	0.03154	0.27931	0.02200	0.02436	0.02507	0.01752	0.02453	0.01410	0.01737	0.01132	0.00735	0.00727	0.00232	0.01032	0.00611	0.00367	0.01198
31	0.01758	0.01667	0.02896	0.03909	0.44513	0.01642	0.08487	0.02181	0.01785	0.02509	0.02233	0.18276	0.02242	0.01148	0.00874	0.00265	0.00890	0.01121	0.00485	0.01118
32	0.00979	0.00823	0.00850	0.00843	0.01108	0.00693	0.00632	0.01203	0.01896	0.02304	0.14289	0.07625	0.59954	0.02013	0.00959	0.00272	0.00408	0.01687	0.00768	0.00693
33	0.01924	0.01973	0.03753	0.11187	0.37149	0.01960	0.24908	0.02487	0.01849	0.02571	0.01560	0.02091	0.01244	0.00718	0.00861	0.00256	0.01125	0.00809	0.00401	0.01175
34	0.01942	0.01877	0.03098	0.07263	0.51225	0.02031	0.02341	0.02367	0.01720	0.02490	0.01433	0.01970	0.01233	0.00863	0.01166	0.00265	0.14415	0.00720	0.00391	0.01191
35	0.01627	0.04197	0.67279	0.02313	0.03512	0.01884	0.02998	0.02570	0.01713	0.02570	0.01456	0.01713	0.01028	0.00771	0.00771	0.00257	0.01199	0.00600	0.00343	0.01199
36	0.00959	0.00822	0.00822	0.00822	0.01096	0.00685	0.00617	0.01165	0.01850	0.02192	0.08220	0.07809	0.66092	0.02055	0.00959	0.00274	0.00411	0.01713	0.00754	0.00685
37	0.02210	0.68751	0.04160	0.01422	0.02103	0.06285	0.01397	0.02468	0.01680	0.01913	0.01134	0.01309	0.01041	0.00701	0.00531	0.00175	0.00896	0.00438	0.00350	0.01037
38	0.01063	0.00882	0.00916	0.00903	0.01183	0.00769	0.00692	0.03515	0.01939	0.02350	0.09837	0.07601	0.58396	0.02011	0.00962	0.00277	0.00445	0.04781	0.00760	0.00717
39	0.01816	0.02880	0.26298	0.03039	0.03990	0.01994	0.42658	0.02589	0.01846	0.02589	0.01578	0.02025	0.01161	0.00714	0.00893	0.00268	0.01310	0.00834	0.00387	0.01130
40	0.00970	0.00822	0.00837	0.00834	0.01103	0.00690	0.00625	0.01186	0.01876	0.02254	0.11582	0.07707	0.62692	0.02032	0.00959	0.00273	0.00409	0.01698	0.00762	0.00690
41	0.02513	0.01882	0.02102	0.01710	0.02219	0.02105	0.01389	0.42611	0.09638	0.04162	0.02144	0.02357	0.01650	0.02208	0.16917	0.00500	0.01172	0.00783	0.00723	0.01213
42	0.02008	0.01928	0.03294	0.04981	0.66422	0.01928	0.02490	0.02490	0.01848	0.02651	0.01526	0.02008	0.01285	0.00723	0.00803	0.00241	0.00964	0.00723	0.00402	0.01285
43	0.03031	0.03867	0.02299	0.02090	0.02508	0.68226	0.01568	0.03240	0.02299	0.01986	0.01254	0.01463	0.01045	0.00836	0.00732	0.00209	0.01463	0.00523	0.00418	0.00941
44	0.00989	0.00706	0.00942	0.01130	0.01177	0.00659	0.00753	0.01130	0.01554	0.02071	0.04472	0.70954	0.05367	0.02542	0.01036	0.00330	0.00471	0.02307	0.00753	0.00659
45	0.02959	0.06756	0.02470	0.01892	0.02467	0.21324	0.01527	0.39681	0.06520	0.03941	0.01774	0.01829	0.01323	0.00925	0.00773	0.00231	0.01041	0.00664	0.00673	0.01229
46	0.02736	0.27486	0.02996	0.01822	0.02361	0.38616	0.01502	0.09310	0.02231	0.02288	0.01283	0.01458	0.01079	0.00801	0.00666	0.00200	0.01195	0.00513	0.00435	0.01022
47	0.01138	0.00829	0.01071	0.01010	0.01206	0.00761	0.00758	0.01512	0.02273	0.03198	0.62958	0.06153	0.10727	0.01680	0.00957	0.00256	0.00384	0.01480	0.00886	0.00761
48	0.01180	0.00787	0.00885	0.00885	0.00885	0.00787	0.00492	0.01180	0.01180	0.01573	0.02557	0.05310	0.02950	0.71483	0.04130	0.00787	0.00787	0.01180	0.00492	0.00492
49	0.01627	0.04197	0.67279	0.02313	0.03512	0.01884	0.02998	0.02570	0.01713	0.02570	0.01456	0.01713	0.01028	0.00771	0.00771	0.00257	0.01199	0.00600	0.00343	0.01199
50	0.01755	0.20170	0.52425	0.02095	0.03175	0.02197	0.02619	0.02537	0.01698	0.02414	0.01379	0.01616	0.01031	0.00753	0.00712	0.00237	0.01121	0.00561	0.00344	0.01162
51	0.00959	0.00822	0.00822	0.00822	0.01096	0.00685	0.00617	0.01165	0.01850	0.02192	0.08220	0.07809	0.66092	0.02055	0.00959	0.00274	0.00411	0.01713	0.00754	0.00685
52	0.01160	0.00865	0.01282	0.01282	0.01419	0.01002	0.00987	0.01435	0.01298	0.01867	0.02194	0.03299	0.02077	0.09522	0.64898	0.01277	0.02101	0.00886	0.00438	0.00712
53	0.01506	0.00984	0.01231	0.01260	0.01441	0.00966	0.00901	0.10212	0.01937	0.07923	0.04009	0.55505	0.04523	0.02192	0.00986	0.00311	0.00549	0.01959	0.00782	0.00821
54	0.01195	0.00922	0.01373	0.01352	0.01489	0.01100	0.01059	0.01478	0.01300	0.01888	0.02109	0.03106	0.01972	0.05814	0.64450	0.01249	0.06120	0.00860	0.00430	0.00734
55	0.03085	0.02273	0.02435	0.01867	0.02516	0.02516	0.01542	0.63716	0.03815	0.05114	0.01948	0.01948	0.01380	0.00974	0.00812	0.00244	0.00893	0.00731	0.00812	0.01380
56	0.01175	0.00960	0.01229	0.01426	0.08091	0.00879	0.00973	0.01480	0.01953	0.02522	0.19792	0.07052	0.34949	0.01860	0.00972	0.00284	0.00524	0.12353	0.00747	0.00778
57	0.03085	0.02273	0.02435	0.01867	0.02516	0.02516	0.01542	0.63716	0.03815	0.05114	0.01948	0.01948	0.01380	0.00974	0.00812	0.00244	0.00893	0.00731	0.00812	0.01380
58	0.02953	0.10645	0.02537	0.01964	0.02466	0.45910	0.01543	0.17408	0.02588	0.02715	0.01405	0.01561	0.01124	0.00854	0.00728	0.00213	0.01266	0.00562	0.00503	0.01055
59	0.02763	0.02961	0.02378	0.02038	0.02426	0.35482	0.01607	0.19482	0.02476	0.02833	0.01401	0.01666	0.01141	0.01005	0.01188	0.00251	0.16718	0.00622	0.00512	0.01049
60	0.01681	0.06956	0.57953	0.02389	0.03526	0.01960	0.09280	0.02567	0.01732	0.02544	0.01461	0.01745	0.01050	0.00758	0.00780	0.00255	0.01202	0.00630	0.00350	0.01181
61	0.01200	0.00935	0.01468	0.01396	0.01569	0.01058	0.04272	0.01497	0.01330	0.01907	0.02163	0.03234	0.02030	0.08848	0.61744	0.01226	0.02067	0.00888	0.00436	0.00733
62	0.00989	0.00706	0.00942	0.01130	0.01177	0.00659	0.00753	0.01130	0.01554	0.02071	0.04472	0.70954	0.05367	0.02542	0.01036	0.00330	0.00471	0.02307	0.00753	0.00659
63	0.01683	0.01442	0.01683	0.01202	0.01923	0.01082	0.00961	0.02043	0.01683	0.02644	0.01442	0.01683	0.01202	0.00601	0.00601	0.00120	0.00601	0.00481	0.00481	0.76444
64	0.00989	0.00706	0.00942	0.01130	0.01177	0.00659	0.00753	0.01130	0.01554	0.02071	0.04472	0.70954	0.05367	0.02542	0.01036	0.00330	0.00471	0.02307	0.00753	0.00659
65	0.00969	0.00822	0.00836	0.00833	0.01102	0.00689	0.00624	0.01184	0.01873	0.02249	0.11305	0.07716	0.62972	0.02034	0.00959	0.00273	0.00409	0.01699	0.00761	0.00689
66	0.00989	0.00706	0.00942	0.01130	0.01177	0.00659	0.00753	0.01130	0.01554	0.02071	0.04472	0.70954	0.05367	0.02542	0.01036	0.00330	0.00471	0.02307	0.00753	0.00659
67	0.01208	0.00896	0.01168	0.01284	0.01492	0.00857	0.01085	0.01542	0.01909	0.02459	0.11741	0.08506	0.19648	0.02136	0.01065	0.00337	0.00628	0.40541	0.00764	0.00734
68	0.02018	0.01743	0.01835	0.01651	0.02110	0.02018	0.01284	0.04312	0.64956	0.03394	0.03303	0.03027	0.02477	0.01101	0.00826	0.00275	0.00642	0.00917	0.00826	0.01284
69	0.03582	0.01475	0.01941	0.01488	0.02118	0.01332	0.01229	0.10258	0.02480	0.60458	0.03069	0.02676	0.01942	0.01001	0.00816	0.00250	0.00712	0.00807	0.00984	0.01381
70	0.77215	0.01569	0.01193	0.01067	0.01569	0.01820	0.00879	0.02385	0.01381	0.03641	0.01130	0.01318	0.00879	0.00753	0.00502	0.00251	0.00628	0.00439	0.00502	0.00879
71	0.02018	0.01743	0.01835	0.01651	0.02110	0.02018	0.01284	0.04312	0.64956	0.03394	0.03303	0.03027	0.02477	0.01101	0.00826	0.00275	0.00642	0.00917	0.00826	0.01284
72	0.03031	0.03867	0.02299	0.02090	0.02508	0.68226	0.01568	0.03240	0.02299	0.01986	0.01254	0.01463	0.01045	0.00836	0.00732	0.00209	0.01463	0.00523	0.00418	0.00941
73	0.01148	0.00829	0.01085	0.01021	0.01212	0.00766	0.00766	0.01531	0.02297	0.03254	0.65994	0.06061	0.07656	0.01659	0.00957	0.00255	0.00383	0.01467	0.00893	0.00766
74	0.03506	0.01497	0.01942	0.01500	0.02123	0.01377	0.01236	0.10639	0.05302	0.57224	0.03066	0.02683	0.01959	0.01005	0.00816	0.00251	0.00711	0.00811	0.00975	0.01376
75	0.02169	0.71972	0.04252	0.01388	0.02083	0.03211	0.01388	0.02430	0.01649	0.01909	0.01128	0.01302	0.01041	0.00694	0.00521	0.00174	0.00868	0.00434	0.00347	0.01041
76	0.01775	0.01775	0.02485	0.02130	0.02130	0.02485	0.01775	0.01953	0.01243	0.01953	0.01065	0.01775	0.01065	0.01420	0.02663	0.00355	0.69998	0.00710	0.00355	0.00888
77	0.01627	0.04197	0.67279	0.02313	0.03512	0.01884	0.02998	0.02570	0.01713	0.02570	0.01456	0.01713	0.01028	0.00771	0.00771	0.00257	0.01199	0.00600	0.00343	0.01199
78	0.00979	0.00823	0.00850	0.00843	0.01108	0.00693	0.00632	0.01203	0.01896	0.02304	0.14289	0.07625	0.59954	0.02013	0.00959	0.00272	0.00408	0.01687	0.00768	0.00693
79	0.01004	0.00824	0.00884	0.00869	0.01123	0.00704	0.00652	0.01251	0.01955	0.02442	0.21836	0.07397	0.52320	0.01962	0.00959	0.00270	0.00404	0.01655	0.00786	0.00704
80	0.00959	0.00822	0.00822	0.00822	0.01096	0.00685	0.00617	0.01165	0.01850	0.02192	0.08220	0.07809	0.66092	0.02055	0.00959	0.00274	0.00411	0.01713	0.00754	0.00685
81	0.02169	0.71972	0.04252	0.01388	0.02083	0.03211	0.01388	0.02430	0.01649	0.01909	0.01128	0.01302	0.01041	0.00694	0.00521	0.00174	0.00868	0.00434	0.00347	0.01041
82	0.02975	0.01529	0.01863	0.01529	0.02087	0.01531	0.01230	0.04101	0.28003	0.40911	0.03243	0.02871	0.02201	0.01044	0.00820	0.00261	0.00671	0.00858	0.00931	0.01341
83	0.00987	0.00712	0.00936	0.01115	0.01173	0.00660	0.00747	0.01131	0.01567	0.02077	0.04647	0.68013	0.08195	0.02519	0.01032	0.00327	0.00468	0.02279	0.00753	0.00660
84	0.03085	0.02273	0.02435	0.01867	0.02516	0.02516	0.01542	0.63716	0.03815	0.05114	0.01948	0.01948	0.01380	0.00974	0.00812	0.00244	0.00893	0.00731	0.00812	0.01380
85	0.01180	0.00863	0.01272	0.01272	0.01420	0.00999	0.00988	0.01475	0.01327	0.01950	0.02201	0.03178	0.02032	0.05787	0.64328	0.01239	0.02069	0.00863	0.04831	0.00726
86	0.01717	0.03662	0.52199	0.02941	0.18338	0.01895	0.02878	0.02551	0.01745	0.02589	0.01473	0.01783	0.01089	0.00760	0.00779	0.00253	0.01144	0.00629	0.00357	0.01219
87	0.00998	0.00715	0.00934	0.01105	0.01159	0.00667	0.00734	0.01134	0.01545	0.02050	0.04513	0.65126	0.07527	0.06146	0.01195	0.00351	0.00485	0.02225	0.00739	0.00651
88	0.01969	0.01888	0.03222	0.10329	0.61381	0.01918	0.02471	0.02456	0.01829	0.02603	0.01519	0.02021	0.01268	0.00730	0.00804	0.00243	0.00974	0.00723	0.00398	0.01253
89	0.01655	0.01662	0.05828	0.22349	0.26636	0.01623	0.01953	0.05166	0.01876	0.02495	0.03118	0.03419	0.16689	0.01082	0.00841	0.00258	0.00875	0.00952	0.00491	0.01031
90	0.01409	0.00705	0.01057	0.01057	0.01057	0.00705	0.00705	0.01057	0.01057	0.01409	0.01409	0.02467	0.01409	0.02819	0.03171	0.76392	0.00705	0.00705	0.00352	0.00352
91	0.02562	0.03150	0.01979	0.01812	0.02188	0.52316	0.01359	0.02789	0.02240	0.02145	0.08914	0.02777	0.10288	0.01082	0.00785	0.00222	0.01212	0.00778	0.00512	0.00889
92	0.01698	0.05246	0.01871	0.01618	0.01819	0.14829	0.01285	0.01950	0.01509	0.01918	0.01732	0.02486	0.01604	0.03900	0.39202	0.00852	0.14506	0.00749	0.00412	0.00814
93	0.02420	0.02766	0.02998	0.03478	0.30245	0.29896	0.08477	0.02795	0.02019	0.02336	0.01404	0.01788	0.01169	0.00796	0.00868	0.00236	0.04136	0.00663	0.00408	0.01103
94	0.02173	0.02241	0.03133	0.04515	0.56117	0.12617	0.02342	0.02611	0.01920	0.02544	0.01482	0.01920	0.01247	0.00741	0.00792	0.00236	0.01044	0.00691	0.00404	0.01230
95	0.40661	0.02223	0.08633	0.08902	0.07394	0.12516	0.01494	0.02578	0.01662	0.05466	0.01328	0.01581	0.01018	0.00782	0.00635	0.00246	0.00899	0.00536	0.00469	0.00976
96	0.15323	0.01826	0.02439	0.25269	0.21073	0.07550	0.04269	0.02464	0.04709	0.02624	0.01535	0.01984	0.01208	0.00792	0.00744	0.00251	0.00965	0.00674	0.03275	0.01027
97	0.01696	0.01767	0.05489	0.33651	0.16342	0.04623	0.02052	0.02264	0.05366	0.02282	0.02132	0.02601	0.07062	0.00986	0.01011	0.00271	0.08173	0.00807	0.00432	0.00994
98	0.15961	0.05947	0.02408	0.21088	0.15278	0.07647	0.01756	0.08682	0.01974	0.09573	0.01602	0.01911	0.01205	0.00816	0.00730	0.00246	0.00937	0.00647	0.00511	0.01080
99	0.16396	0.05512	0.08279	0.10323	0.32745	0.08612	0.02057	0.02506	0.01759	0.02670	0.01390	0.01779	0.01128	0.00752	0.00723	0.00241	0.00978	0.00624	0.00410	0.01114
100	0.15892	0.12217	0.05262	0.05671	0.22676	0.02013	0.06368	0.02387	0.04130	0.02653	0.01939	0.02492	0.04756	0.00924	0.00830	0.00253	0.04143	0.03873	0.00460	0.01060

[dist]
# distance from previous block
# <min> <max>
34	156

[block]
# block no. 3 follows, 23 sequences, length 44
# corresponding to MSA columns:
# 381-424
name=unknown_D
#
# <colnr> <probs for GDERKNQSTAVLIFYWHMCP>
#	G	D	E	R	K	N	Q	S	T	A	V	L	I	F	Y	W	H	M	C	P
0	0.01979	0.21872	0.02508	0.07240	0.02207	0.05238	0.01334	0.11553	0.01924	0.02586	0.01676	0.02095	0.01416	0.01834	0.13330	0.00417	0.06220	0.00651	0.09752	0.04166
1	0.02369	0.52288	0.06983	0.01657	0.05254	0.06863	0.01510	0.02678	0.01785	0.09989	0.01427	0.01546	0.01172	0.00746	0.00596	0.00193	0.00904	0.00509	0.00435	0.01097
2	0.02206	0.36667	0.22291	0.01819	0.02598	0.17553	0.01901	0.02654	0.01815	0.02120	0.01253	0.01459	0.01038	0.00749	0.00642	0.00206	0.01100	0.00503	0.00362	0.01065
3	0.02412	0.24278	0.02556	0.01549	0.02012	0.28826	0.01278	0.05836	0.02037	0.02367	0.01575	0.01802	0.01302	0.00825	0.00632	0.00195	0.00995	0.00560	0.18009	0.00952
4	0.02169	0.71972	0.04252	0.01388	0.02083	0.03211	0.01388	0.02430	0.01649	0.01909	0.01128	0.01302	0.01041	0.00694	0.00521	0.00174	0.00868	0.00434	0.00347	0.01041
5	0.01102	0.00828	0.01020	0.00972	0.01183	0.00746	0.00729	0.01441	0.02186	0.02991	0.51701	0.06494	0.22112	0.01757	0.00958	0.00260	0.00390	0.01528	0.00859	0.00746
6	0.01159	0.00869	0.01304	0.01304	0.01449	0.01014	0.01014	0.01449	0.01304	0.01884	0.02173	0.03188	0.02029	0.06086	0.68268	0.01304	0.02173	0.00869	0.00435	0.00724
7	0.01108	0.00798	0.01049	0.01048	0.01203	0.00739	0.00763	0.01430	0.02110	0.02957	0.50527	0.22375	0.07081	0.01881	0.00977	0.00274	0.00405	0.01678	0.00858	0.00739
8	0.01513	0.00756	0.00756	0.00756	0.00945	0.00756	0.00567	0.01891	0.01702	0.03025	0.02647	0.03025	0.02080	0.00945	0.00567	0.00189	0.00378	0.00756	0.75988	0.00756
9	0.03085	0.02273	0.02435	0.01867	0.02516	0.02516	0.01542	0.63716	0.03815	0.05114	0.01948	0.01948	0.01380	0.00974	0.00812	0.00244	0.00893	0.00731	0.00812	0.01380
10	0.00985	0.00719	0.00928	0.01095	0.01168	0.00662	0.00738	0.01134	0.01587	0.02085	0.04891	0.63895	0.12155	0.02488	0.01027	0.00323	0.00464	0.02240	0.00753	0.00662
11	0.03031	0.03867	0.02299	0.02090	0.02508	0.68226	0.01568	0.03240	0.02299	0.01986	0.01254	0.01463	0.01045	0.00836	0.00732	0.00209	0.01463	0.00523	0.00418	0.00941
12	0.03085	0.02273	0.02435	0.01867	0.02516	0.02516	0.01542	0.63716	0.03815	0.05114	0.01948	0.01948	0.01380	0.00974	0.00812	0.00244	0.00893	0.00731	0.00812	0.01380
13	0.03072	0.02634	0.02404	0.01918	0.02515	0.17405	0.01548	0.50013	0.03472	0.04405	0.01791	0.01838	0.01304	0.00943	0.00794	0.00236	0.01022	0.00683	0.00723	0.01280
14	0.02018	0.01743	0.01835	0.01651	0.02110	0.02018	0.01284	0.04312	0.64956	0.03394	0.03303	0.03027	0.02477	0.01101	0.00826	0.00275	0.00642	0.00917	0.00826	0.01284
15	0.03085	0.02273	0.02435	0.01867	0.02516	0.02516	0.01542	0.63716	0.03815	0.05114	0.01948	0.01948	0.01380	0.00974	0.00812	0.00244	0.00893	0.00731	0.00812	0.01380
16	0.02978	0.03766	0.02351	0.02242	0.05851	0.64758	0.01616	0.03201	0.02276	0.02021	0.01268	0.01492	0.01058	0.00830	0.00735	0.00211	0.01437	0.00533	0.00417	0.00959
17	0.03031	0.03867	0.02299	0.02090	0.02508	0.68226	0.01568	0.03240	0.02299	0.01986	0.01254	0.01463	0.01045	0.00836	0.00732	0.00209	0.01463	0.00523	0.00418	0.00941
18	0.01075	0.00827	0.00982	0.00943	0.01167	0.00734	0.00708	0.01389	0.02123	0.02841	0.43521	0.06741	0.30387	0.01813	0.00958	0.00263	0.00394	0.01563	0.00839	0.00734
19	0.03031	0.03867	0.02299	0.02090	0.02508	0.68226	0.01568	0.03240	0.02299	0.01986	0.01254	0.01463	0.01045	0.00836	0.00732	0.00209	0.01463	0.00523	0.00418	0.00941
20	0.02990	0.01873	0.02129	0.01678	0.02255	0.01976	0.01366	0.41695	0.03187	0.20328	0.02545	0.09867	0.01984	0.01157	0.00838	0.00255	0.00795	0.00928	0.00854	0.01300
21	0.03612	0.01426	0.01911	0.01465	0.02094	0.01260	0.01210	0.06979	0.02398	0.63853	0.03138	0.02721	0.01977	0.01003	0.00816	0.00251	0.00701	0.00812	0.00995	0.01381
22	0.01010	0.00824	0.00893	0.00875	0.01127	0.00707	0.00657	0.01263	0.01970	0.02478	0.23758	0.07339	0.50376	0.01948	0.00958	0.00269	0.00403	0.01647	0.00791	0.00707
23	0.01271	0.00833	0.01130	0.01130	0.01289	0.00932	0.00872	0.01589	0.01430	0.02246	0.02324	0.03136	0.02045	0.04452	0.46754	0.00950	0.01603	0.00833	0.24444	0.00735
24	0.03031	0.03867	0.02299	0.02090	0.02508	0.68226	0.01568	0.03240	0.02299	0.01986	0.01254	0.01463	0.01045	0.00836	0.00732	0.00209	0.01463	0.00523	0.00418	0.00941
25	0.00959	0.00822	0.00822	0.00822	0.01096	0.00685	0.00617	0.01165	0.01850	0.02192	0.08220	0.07809	0.66092	0.02055	0.00959	0.00274	0.00411	0.01713	0.00754	0.00685
26	0.01159	0.00869	0.01304	0.01304	0.01449	0.01014	0.01014	0.01449	0.01304	0.01884	0.02173	0.03188	0.02029	0.06086	0.68268	0.01304	0.02173	0.00869	0.00435	0.00724
27	0.05817	0.10532	0.02353	0.01789	0.02292	0.29354	0.01422	0.15871	0.14159	0.02972	0.02042	0.02087	0.03995	0.00944	0.00742	0.00229	0.01047	0.00674	0.00585	0.01095
28	0.01915	0.02189	0.04788	0.03420	0.04241	0.02052	0.63475	0.02599	0.01915	0.02599	0.01642	0.02189	0.01231	0.00684	0.00958	0.00274	0.01368	0.00958	0.00410	0.01094
29	0.00989	0.00706	0.00942	0.01130	0.01177	0.00659	0.00753	0.01130	0.01554	0.02071	0.04472	0.70954	0.05367	0.02542	0.01036	0.00330	0.00471	0.02307	0.00753	0.00659
30	0.01159	0.00869	0.01304	0.01304	0.01449	0.01014	0.01014	0.01449	0.01304	0.01884	0.02173	0.03188	0.02029	0.06086	0.68268	0.01304	0.02173	0.00869	0.00435	0.00724
31	0.01751	0.01666	0.02829	0.39836	0.33574	0.01860	0.02362	0.02265	0.01726	0.02339	0.01481	0.02092	0.01175	0.00771	0.00808	0.00257	0.01028	0.00722	0.00379	0.01078
32	0.01750	0.19554	0.52998	0.02103	0.03188	0.02185	0.02633	0.02538	0.01699	0.02420	0.01382	0.01620	0.01031	0.00754	0.00714	0.00238	0.01124	0.00562	0.00344	0.01163
33	0.01159	0.00869	0.01304	0.01304	0.01449	0.01014	0.01014	0.01449	0.01304	0.01884	0.02173	0.03188	0.02029	0.06086	0.68268	0.01304	0.02173	0.00869	0.00435	0.00724
34	0.02008	0.01928	0.03294	0.04981	0.66422	0.01928	0.02490	0.02490	0.01848	0.02651	0.01526	0.02008	0.01285	0.00723	0.00803	0.00241	0.00964	0.00723	0.00402	0.01285
35	0.01405	0.01111	0.01327	0.01377	0.01653	0.01149	0.01141	0.02222	0.17724	0.02616	0.04960	0.07300	0.18418	0.01911	0.01009	0.00326	0.00643	0.32072	0.00768	0.00868
36	0.01532	0.01442	0.02434	0.69533	0.05589	0.01803	0.02253	0.02073	0.01622	0.02073	0.01442	0.02163	0.01082	0.00811	0.00811	0.00270	0.01082	0.00721	0.00361	0.00901
37	0.02420	0.01787	0.04673	0.02223	0.13986	0.04824	0.01549	0.17694	0.02316	0.16699	0.02241	0.05267	0.01780	0.02143	0.16099	0.00487	0.01175	0.00830	0.00652	0.01156
38	0.01299	0.00996	0.01055	0.01049	0.01126	0.04168	0.00669	0.01514	0.05375	0.01919	0.08124	0.12155	0.03452	0.47264	0.05929	0.00653	0.00802	0.01266	0.00569	0.00615
39	0.01190	0.00873	0.01096	0.01204	0.01320	0.00864	0.00836	0.05225	0.05700	0.02392	0.06816	0.59703	0.05034	0.02318	0.01005	0.00318	0.00504	0.02087	0.00767	0.00747
40	0.02694	0.01714	0.02493	0.02936	0.27877	0.01691	0.01782	0.13384	0.02349	0.25173	0.02410	0.02864	0.01838	0.00992	0.00836	0.00256	0.00839	0.05875	0.00708	0.01289
41	0.02051	0.02027	0.03194	0.07617	0.59807	0.06031	0.02423	0.02519	0.01866	0.02585	0.01506	0.01981	0.01262	0.00734	0.00799	0.00240	0.01000	0.00710	0.00401	0.01247
42	0.01571	0.01442	0.01553	0.01634	0.05676	0.12526	0.01182	0.01872	0.01577	0.02080	0.02148	0.03175	0.01982	0.04178	0.42586	0.00898	0.01735	0.04516	0.06870	0.00801
43	0.01744	0.01674	0.02530	0.26989	0.28778	0.05792	0.02044	0.02205	0.01817	0.02431	0.09452	0.02602	0.02029	0.01213	0.05051	0.00318	0.01041	0.00811	0.00451	0.01029

[dist]
# distance from previous block
# <min> <max>
7	49

[block]
# block no. 4 follows, 23 sequences, length 18
# corresponding to MSA columns:
# 474-491
name=unknown_E
#
# <colnr> <probs for GDERKNQSTAVLIFYWHMCP>
#	G	D	E	R	K	N	Q	S	T	A	V	L	I	F	Y	W	H	M	C	P
0	0.01480	0.01282	0.01548	0.01692	0.07896	0.08265	0.01172	0.01789	0.01506	0.02090	0.02061	0.02870	0.01856	0.04456	0.47288	0.00965	0.01790	0.00806	0.08382	0.00806
1	0.12555	0.02070	0.01817	0.01541	0.02022	0.15644	0.01223	0.20380	0.02475	0.03372	0.08250	0.04775	0.06020	0.01115	0.00774	0.00235	0.00845	0.04202	0.00646	0.10041
2	0.13551	0.09518	0.02171	0.01708	0.02152	0.32117	0.01346	0.10160	0.04217	0.02641	0.01597	0.04375	0.01379	0.01462	0.07924	0.00340	0.01223	0.00645	0.00499	0.00972
3	0.02411	0.24749	0.10606	0.01786	0.02369	0.31083	0.01604	0.04856	0.02079	0.02266	0.07627	0.01912	0.01703	0.00870	0.00696	0.00210	0.01120	0.00604	0.00447	0.01001
4	0.01339	0.10546	0.05458	0.01100	0.01490	0.01227	0.00956	0.05486	0.02044	0.02611	0.19924	0.05798	0.35814	0.01636	0.00880	0.00253	0.00543	0.01356	0.00711	0.00826
5	0.10122	0.02076	0.02178	0.32775	0.03756	0.16130	0.01762	0.06582	0.11882	0.02622	0.01694	0.02046	0.01291	0.00866	0.00763	0.00254	0.01034	0.00680	0.00490	0.00998
6	0.01575	0.01454	0.02057	0.24912	0.15321	0.05653	0.01720	0.02008	0.01895	0.02479	0.15400	0.04244	0.06582	0.01252	0.00889	0.00273	0.00854	0.09957	0.00560	0.00915
7	0.02228	0.01907	0.02264	0.02312	0.14444	0.06204	0.01549	0.24154	0.02382	0.03185	0.02183	0.02788	0.05861	0.11456	0.01618	0.00342	0.12626	0.00845	0.00579	0.01073
8	0.01752	0.02196	0.20007	0.14743	0.03054	0.01530	0.01811	0.02514	0.08522	0.06308	0.05856	0.02268	0.01724	0.00833	0.00748	0.00220	0.00855	0.00689	0.00512	0.23860
9	0.01652	0.02264	0.20299	0.37797	0.04342	0.01867	0.02273	0.02643	0.13866	0.02466	0.01805	0.02205	0.01336	0.00856	0.00803	0.00268	0.01029	0.00725	0.00445	0.01058
10	0.01595	0.06755	0.16185	0.50831	0.04917	0.01914	0.02352	0.02201	0.01643	0.02167	0.01424	0.02011	0.01068	0.00795	0.00783	0.00261	0.01092	0.00676	0.00356	0.00973
11	0.02528	0.06776	0.02173	0.01860	0.02274	0.37263	0.01472	0.08935	0.09024	0.02530	0.02154	0.03236	0.01969	0.01156	0.00817	0.00251	0.01139	0.12893	0.00563	0.00987
12	0.20649	0.05852	0.02145	0.09182	0.13402	0.09689	0.01509	0.08852	0.01856	0.02830	0.01534	0.01970	0.01275	0.01813	0.13722	0.00444	0.01172	0.00641	0.00471	0.00992
13	0.02308	0.01709	0.01833	0.01500	0.01992	0.01821	0.01224	0.39329	0.03039	0.04034	0.03821	0.04060	0.18925	0.01346	0.00858	0.00257	0.00725	0.05050	0.05051	0.01116
14	0.02764	0.03436	0.02245	0.09242	0.02764	0.57300	0.01596	0.03019	0.02227	0.02067	0.04943	0.01799	0.01424	0.00880	0.00753	0.00218	0.01361	0.00597	0.00439	0.00927
15	0.20330	0.23521	0.02466	0.01364	0.01945	0.02245	0.01190	0.17987	0.02197	0.03305	0.06119	0.02188	0.05260	0.00916	0.00651	0.00218	0.00740	0.00657	0.00573	0.06128
16	0.02703	0.12404	0.02560	0.05466	0.02471	0.06520	0.01495	0.36142	0.02891	0.07309	0.01809	0.01936	0.01350	0.00945	0.00873	0.00237	0.05545	0.00678	0.05461	0.01203
17	0.11856	0.02517	0.09630	0.01683	0.02180	0.21564	0.01432	0.13560	0.02180	0.06868	0.01901	0.06800	0.01675	0.08724	0.03691	0.00341	0.01063	0.00781	0.00558	0.00995

[dist]
# distance from previous block
# <min> <max>
17	48

[block]
# block no. 5 follows, 23 sequences, length 6
# corresponding to MSA columns:
# 542-547
name=unknown_F
#
# <colnr> <probs for GDERKNQSTAVLIFYWHMCP>
#	G	D	E	R	K	N	Q	S	T	A	V	L	I	F	Y	W	H	M	C	P
0	0.02054	0.21567	0.11367	0.08190	0.05100	0.06564	0.01682	0.13908	0.02159	0.02735	0.02420	0.03022	0.08229	0.01068	0.00765	0.00242	0.00922	0.06434	0.00523	0.01051
1	0.02486	0.07302	0.14142	0.04878	0.02964	0.20174	0.09140	0.19116	0.06599	0.03085	0.01654	0.01843	0.01248	0.00851	0.00783	0.00239	0.01147	0.00671	0.00529	0.01148
2	0.01849	0.29682	0.10624	0.06410	0.08458	0.02228	0.01656	0.06278	0.01730	0.02277	0.01549	0.02002	0.01341	0.02115	0.17989	0.00491	0.01267	0.00632	0.00406	0.01015
3	0.01741	0.01674	0.01576	0.01441	0.01715	0.16454	0.01107	0.02012	0.01620	0.02135	0.01866	0.02575	0.01677	0.06166	0.28567	0.00678	0.05978	0.00728	0.09379	0.10913
4	0.01993	0.01775	0.02731	0.03753	0.43370	0.01819	0.02051	0.08872	0.07556	0.02994	0.06620	0.03060	0.02177	0.00993	0.00847	0.00258	0.00866	0.06510	0.00549	0.01207
5	0.01297	0.00865	0.01130	0.01158	0.01359	0.00803	0.00901	0.01603	0.01996	0.06936	0.28134	0.19820	0.13038	0.01976	0.01002	0.00300	0.00510	0.15579	0.00822	0.00771

[dist]
# distance from previous block
# <min> <max>
0	2

[block]
# block no. 6 follows, 23 sequences, length 31
# corresponding to MSA columns:
# 550-580
name=unknown_G
#
# <colnr> <probs for GDERKNQSTAVLIFYWHMCP>
#	G	D	E	R	K	N	Q	S	T	A	V	L	I	F	Y	W	H	M	C	P
0	0.02839	0.03127	0.02202	0.01916	0.02369	0.44025	0.01474	0.18550	0.02688	0.02926	0.08499	0.02089	0.01853	0.00961	0.00777	0.00223	0.01199	0.00679	0.00571	0.01034
1	0.01955	0.01836	0.03055	0.19440	0.49391	0.01930	0.02388	0.05514	0.01897	0.02646	0.01529	0.02040	0.01244	0.00756	0.00806	0.00248	0.00987	0.00723	0.00413	0.01203
2	0.02475	0.02847	0.02733	0.08744	0.29955	0.34670	0.02016	0.02827	0.02053	0.02276	0.01385	0.01752	0.01150	0.00786	0.00769	0.00228	0.01220	0.00624	0.00406	0.01084
3	0.01308	0.00967	0.01277	0.01424	0.01606	0.00986	0.01171	0.01835	0.08678	0.02448	0.04230	0.23376	0.04598	0.02189	0.01068	0.00352	0.00669	0.40273	0.00757	0.00785
4	0.01129	0.00829	0.01058	0.01001	0.01200	0.00757	0.00750	0.01494	0.02251	0.03146	0.60105	0.06239	0.13612	0.01699	0.00957	0.00257	0.00386	0.01492	0.00879	0.00757
5	0.03063	0.02908	0.02381	0.01956	0.02513	0.28680	0.01552	0.39636	0.03212	0.03868	0.01672	0.01755	0.01247	0.00919	0.00780	0.00230	0.01120	0.00648	0.00655	0.01205
6	0.01018	0.00828	0.00909	0.00933	0.01176	0.00719	0.00715	0.01256	0.01880	0.02319	0.13467	0.11375	0.49972	0.02063	0.00981	0.00286	0.00448	0.08188	0.00767	0.00699
