[name]
unknown

[dist]
# distance from previous block
# <min> <max>
24	459

[block]
# block no. 0 follows, 21 sequences, length 19
# corresponding to MSA columns:
# 543-561
name=unknown_A
#
# <colnr> <probs for GDERKNQSTAVLIFYWHMCP>
#	G	D	E	R	K	N	Q	S	T	A	V	L	I	F	Y	W	H	M	C	P
0	0.02066	0.01620	0.05458	0.01455	0.01888	0.01552	0.01213	0.23423	0.02517	0.03628	0.02667	0.14364	0.02409	0.01749	0.06672	0.00350	0.00839	0.01057	0.20234	0.04840
1	0.01652	0.01830	0.13025	0.01583	0.02075	0.01348	0.04591	0.09275	0.01902	0.02666	0.02621	0.18646	0.02722	0.18055	0.01715	0.00398	0.00839	0.01213	0.00587	0.13256
2	0.01945	0.07664	0.05939	0.01345	0.01776	0.01543	0.01138	0.15937	0.02325	0.06325	0.08562	0.07717	0.13385	0.11121	0.01339	0.00336	0.00715	0.01135	0.08772	0.00980
3	0.01680	0.07587	0.45934	0.02367	0.08598	0.01867	0.02580	0.02440	0.01777	0.02549	0.02229	0.02645	0.06889	0.06025	0.01073	0.00305	0.01109	0.00779	0.00415	0.01153
4	0.15238	0.03133	0.23942	0.02891	0.17177	0.13273	0.07270	0.02767	0.01892	0.02809	0.01463	0.01790	0.01133	0.00798	0.00776	0.00257	0.01158	0.00646	0.00423	0.01162
5	0.01890	0.05274	0.22302	0.15964	0.13100	0.02061	0.02315	0.03101	0.19651	0.02827	0.02085	0.02324	0.01573	0.00907	0.00829	0.00272	0.01011	0.00765	0.00520	0.01228
6	0.02058	0.08339	0.07669	0.06777	0.30005	0.07895	0.02215	0.02491	0.01830	0.02465	0.01687	0.02560	0.01529	0.01035	0.01175	0.00279	0.12830	0.05582	0.00433	0.01146
7	0.01151	0.00942	0.01417	0.01380	0.01572	0.00864	0.07387	0.01394	0.01790	0.02358	0.10047	0.46238	0.15615	0.02288	0.01056	0.00323	0.00577	0.02083	0.00763	0.00755
8	0.01868	0.02022	0.04077	0.03226	0.09147	0.01970	0.42343	0.02458	0.01961	0.02677	0.06033	0.03010	0.07301	0.00975	0.01140	0.00290	0.06864	0.01063	0.00487	0.01089
9	0.02013	0.02236	0.01635	0.01578	0.01894	0.28031	0.01183	0.02391	0.06599	0.02297	0.04262	0.16018	0.19438	0.01658	0.00923	0.00277	0.00938	0.05104	0.00650	0.00875
10	0.02339	0.02449	0.02173	0.12999	0.07402	0.24736	0.01597	0.12642	0.02420	0.02761	0.03206	0.03346	0.16031	0.01188	0.00857	0.00255	0.01069	0.00928	0.00580	0.01022
11	0.02922	0.04116	0.13446	0.02233	0.02814	0.55392	0.01906	0.03276	0.02304	0.02190	0.01352	0.01580	0.01093	0.00865	0.00775	0.00228	0.01486	0.00562	0.00425	0.01034
12	0.02781	0.01800	0.02061	0.01664	0.02198	0.01877	0.01331	0.34912	0.03045	0.14932	0.02687	0.14212	0.02298	0.01398	0.01008	0.04076	0.00795	0.01061	0.00833	0.05029
13	0.09387	0.03173	0.02459	0.02577	0.13499	0.39518	0.01723	0.07138	0.07756	0.02708	0.01593	0.01802	0.01282	0.00882	0.00774	0.00238	0.01248	0.00629	0.00508	0.01107
14	0.02249	0.02845	0.13196	0.02001	0.05750	0.26875	0.01685	0.02650	0.02161	0.06189	0.07179	0.03790	0.13173	0.01262	0.00872	0.00261	0.01082	0.05191	0.00581	0.01007
15	0.02311	0.09853	0.06519	0.01702	0.02228	0.17675	0.01463	0.17083	0.02534	0.03025	0.03495	0.04014	0.16059	0.01336	0.00863	0.00261	0.00970	0.06917	0.00643	0.01048
16	0.07108	0.01915	0.01761	0.05110	0.02125	0.12940	0.01234	0.15372	0.06471	0.03327	0.04539	0.02737	0.04200	0.01504	0.06619	0.00336	0.00966	0.00795	0.17159	0.03782
17	0.02119	0.02184	0.07157	0.01692	0.02071	0.16178	0.01428	0.10784	0.02090	0.02787	0.01957	0.02451	0.01628	0.02388	0.17900	0.00534	0.07639	0.00747	0.15293	0.00973
18	0.01911	0.02190	0.07748	0.24284	0.18100	0.13241	0.02081	0.02363	0.01878	0.02343	0.02061	0.13957	0.01968	0.01151	0.00872	0.00275	0.01074	0.01003	0.00470	0.01028

[dist]
# distance from previous block
# <min> <max>
3	44

[block]
# block no. 1 follows, 21 sequences, length 6
# corresponding to MSA columns:
# 606-611
name=unknown_B
#
# <colnr> <probs for GDERKNQSTAVLIFYWHMCP>
#	G	D	E	R	K	N	Q	S	T	A	V	L	I	F	Y	W	H	M	C	P
0	0.40660	0.02309	0.02186	0.02293	0.13704	0.16693	0.05664	0.02742	0.01797	0.03155	0.01329	0.01615	0.01066	0.00799	0.00673	0.00253	0.00977	0.00574	0.00480	0.01031
1	0.03098	0.02624	0.02206	0.01877	0.02416	0.25535	0.01470	0.12274	0.17045	0.19012	0.02448	0.02343	0.01759	0.01008	0.00825	0.00252	0.01039	0.00756	0.00755	0.01256
2	0.03179	0.04056	0.02412	0.02192	0.02631	0.66676	0.01644	0.03398	0.02412	0.02083	0.01315	0.01535	0.01096	0.00877	0.00767	0.00219	0.01535	0.00548	0.00438	0.00987
3	0.02132	0.12544	0.03608	0.04645	0.55180	0.02228	0.02434	0.02602	0.01906	0.02661	0.01537	0.01993	0.01309	0.00754	0.00797	0.00242	0.00996	0.00712	0.00412	0.01309
4	0.42391	0.02148	0.01686	0.01457	0.01995	0.16499	0.01164	0.03095	0.01901	0.17993	0.01729	0.01775	0.01242	0.00872	0.00659	0.00253	0.00873	0.00574	0.00631	0.01061
5	0.21469	0.02820	0.02045	0.01774	0.02295	0.33059	0.01384	0.07398	0.02287	0.15352	0.01740	0.01803	0.01278	0.00900	0.00731	0.00242	0.01113	0.00603	0.00612	0.01094

[dist]
# distance from previous block
# <min> <max>
0	1

[block]
# block no. 2 follows, 21 sequences, length 6
# corresponding to MSA columns:
# 613-618
name=unknown_C
#
# <colnr> <probs for GDERKNQSTAVLIFYWHMCP>
#	G	D	E	R	K	N	Q	S	T	A	V	L	I	F	Y	W	H	M	C	P
0	0.26220	0.02082	0.02438	0.07886	0.24371	0.07090	0.01801	0.12858	0.02155	0.03461	0.01514	0.01830	0.01192	0.00830	0.00737	0.00256	0.00934	0.00647	0.00528	0.01169
1	0.11477	0.02918	0.02418	0.15116	0.09412	0.35426	0.01809	0.02882	0.02035	0.02378	0.01353	0.01738	0.01109	0.00891	0.00899	0.00251	0.05839	0.00612	0.00431	0.01004
2	0.03208	0.03198	0.02485	0.02072	0.02635	0.33834	0.01631	0.33425	0.03227	0.03765	0.01689	0.01795	0.01276	0.00951	0.00810	0.00238	0.01228	0.00660	0.00650	0.01223
3	0.02683	0.02858	0.02795	0.03137	0.22637	0.27474	0.01978	0.12683	0.02388	0.02847	0.01504	0.01843	0.01238	0.00937	0.01050	0.00255	0.09352	0.00676	0.00493	0.01173
4	0.02397	0.12813	0.13912	0.09959	0.03064	0.18462	0.01910	0.09831	0.14069	0.02847	0.01856	0.02020	0.01427	0.00910	0.00781	0.00248	0.01113	0.00679	0.00536	0.01167
5	0.25721	0.02233	0.01729	0.01525	0.01975	0.21413	0.01190	0.06186	0.02203	0.09529	0.15466	0.02721	0.02698	0.01067	0.00758	0.00250	0.00892	0.00784	0.00663	0.00999

[dist]
# distance from previous block
# <min> <max>
35	265

[block]
# block no. 3 follows, 21 sequences, length 29
# corresponding to MSA columns:
# 885-913
name=unknown_D
#
# <colnr> <probs for GDERKNQSTAVLIFYWHMCP>
#	G	D	E	R	K	N	Q	S	T	A	V	L	I	F	Y	W	H	M	C	P
0	0.02376	0.02337	0.02525	0.35041	0.09563	0.21882	0.02042	0.02804	0.02021	0.09026	0.01658	0.02095	0.01246	0.00873	0.00825	0.00259	0.01203	0.00703	0.00473	0.01047
1	0.02627	0.09046	0.02637	0.18072	0.03346	0.40984	0.01817	0.02933	0.02102	0.02095	0.01338	0.01721	0.01107	0.00901	0.00912	0.00242	0.06121	0.00604	0.00413	0.00982
2	0.03101	0.03452	0.02464	0.02132	0.02605	0.44964	0.01652	0.19012	0.02760	0.02961	0.01497	0.01694	0.01192	0.00959	0.00933	0.00240	0.06111	0.00621	0.00545	0.01106
3	0.02422	0.42013	0.03651	0.01912	0.07604	0.02937	0.01570	0.14168	0.10888	0.02930	0.01706	0.01814	0.01395	0.00847	0.00675	0.00217	0.00890	0.00612	0.00533	0.01218
4	0.04669	0.17062	0.13960	0.01639	0.02225	0.14562	0.01557	0.07416	0.02012	0.02683	0.01701	0.02015	0.01374	0.01043	0.00909	0.06607	0.00967	0.00626	0.15970	0.01002
5	0.07496	0.02864	0.02719	0.03277	0.27113	0.29538	0.01957	0.05588	0.06547	0.02717	0.01603	0.01889	0.01306	0.00850	0.00792	0.00242	0.01183	0.00664	0.00485	0.01170
6	0.05030	0.02083	0.02140	0.02311	0.14259	0.14978	0.01509	0.07150	0.10126	0.12148	0.05674	0.07813	0.08695	0.01219	0.00863	0.00263	0.00892	0.01005	0.00696	0.01145
7	0.02286	0.15725	0.03195	0.03439	0.33242	0.16677	0.02003	0.02657	0.02004	0.02431	0.02053	0.02352	0.06613	0.00898	0.00782	0.00234	0.01059	0.00740	0.00445	0.01164
8	0.02335	0.33942	0.14835	0.01786	0.02506	0.15153	0.01760	0.07578	0.02120	0.02543	0.06719	0.01958	0.01710	0.00882	0.00701	0.00219	0.01054	0.00623	0.00467	0.01107
9	0.03104	0.03389	0.02542	0.02381	0.07925	0.42278	0.01719	0.20605	0.02840	0.03110	0.01554	0.01733	0.01221	0.00910	0.00799	0.00233	0.01314	0.00630	0.00559	0.01153
10	0.02521	0.02732	0.02290	0.02231	0.07642	0.30285	0.01603	0.03248	0.15462	0.04767	0.04662	0.02510	0.04453	0.01109	0.01105	0.00265	0.10665	0.00787	0.00577	0.01086
11	0.01217	0.00912	0.01163	0.01272	0.01483	0.00859	0.01045	0.01537	0.01976	0.02541	0.12509	0.13922	0.22746	0.02251	0.01099	0.00343	0.00612	0.30951	0.00803	0.00759
12	0.14354	0.01322	0.01356	0.01203	0.01590	0.01365	0.00945	0.11967	0.06671	0.03438	0.19659	0.05184	0.24653	0.01558	0.00887	0.00273	0.00565	0.01272	0.00797	0.00941
13	0.01786	0.01603	0.02454	0.36019	0.17228	0.01798	0.02041	0.08561	0.02041	0.02669	0.02809	0.03227	0.12083	0.01074	0.00876	0.00275	0.00966	0.00936	0.00509	0.01046
14	0.45220	0.15232	0.02171	0.01375	0.01976	0.02358	0.01183	0.15985	0.02082	0.03815	0.01379	0.01529	0.01074	0.00830	0.00604	0.00246	0.00770	0.00529	0.00569	0.01074
15	0.02308	0.55910	0.11179	0.01646	0.02402	0.10049	0.01668	0.02657	0.01811	0.02089	0.01236	0.01432	0.01091	0.00753	0.00600	0.00196	0.01017	0.00485	0.00372	0.01099
16	0.02022	0.02237	0.10102	0.10123	0.53304	0.02006	0.02649	0.02585	0.01903	0.02721	0.01585	0.02086	0.01301	0.00771	0.00840	0.00257	0.01048	0.00744	0.00411	0.01305
17	0.02106	0.02022	0.03454	0.05223	0.64784	0.02022	0.02612	0.02612	0.01938	0.02780	0.01601	0.02106	0.01348	0.00758	0.00842	0.00253	0.01011	0.00758	0.00421	0.01348
18	0.02106	0.02022	0.03454	0.05223	0.64784	0.02022	0.02612	0.02612	0.01938	0.02780	0.01601	0.02106	0.01348	0.00758	0.00842	0.00253	0.01011	0.00758	0.00421	0.01348
19	0.02009	0.01923	0.03279	0.17449	0.53318	0.01996	0.02563	0.02527	0.01892	0.02662	0.01584	0.02138	0.01306	0.00776	0.00844	0.00259	0.01035	0.00758	0.00413	0.01270
20	0.02769	0.03414	0.02229	0.02033	0.02406	0.52030	0.01541	0.02993	0.02213	0.02087	0.01900	0.02180	0.05680	0.01467	0.06388	0.00330	0.06255	0.00681	0.00460	0.00945
21	0.01784	0.01560	0.01564	0.01437	0.01800	0.06774	0.01118	0.06990	0.22270	0.03214	0.19714	0.05196	0.15967	0.01550	0.00941	0.00282	0.00655	0.05330	0.00827	0.01024
22	0.02099	0.01863	0.02785	0.03777	0.41017	0.01881	0.02047	0.13210	0.02316	0.03160	0.03048	0.03279	0.13643	0.01078	0.00876	0.00260	0.00884	0.00962	0.00572	0.01244
23	0.10063	0.42872	0.03467	0.01594	0.02230	0.17396	0.01428	0.02868	0.01914	0.07412	0.01392	0.01531	0.01159	0.00795	0.00620	0.00205	0.01011	0.00510	0.00454	0.01080
24	0.07842	0.02702	0.02077	0.01777	0.02302	0.28397	0.01380	0.13818	0.09075	0.03083	0.02332	0.02403	0.06817	0.01003	0.00778	0.00229	0.01046	0.00728	0.00606	0.11605
25	0.01894	0.01695	0.01532	0.01463	0.01822	0.13155	0.01155	0.02563	0.13494	0.07183	0.05076	0.05941	0.24311	0.01694	0.00960	0.00295	0.00773	0.13282	0.00758	0.00952
26	0.02623	0.02634	0.02181	0.01926	0.02347	0.26802	0.01537	0.19902	0.02672	0.03130	0.02575	0.03562	0.06348	0.01313	0.01046	0.00277	0.06701	0.10724	0.00637	0.01062
27	0.13867	0.02551	0.02166	0.02034	0.07429	0.22270	0.01476	0.21107	0.02687	0.03532	0.06520	0.02530	0.06187	0.01051	0.00797	0.00248	0.01014	0.00779	0.00639	0.01118
28	0.02371	0.09790	0.03219	0.09429	0.36390	0.14050	0.02206	0.07624	0.02152	0.02730	0.01532	0.01930	0.01264	0.00807	0.00798	0.00242	0.01101	0.00687	0.00450	0.01228

[dist]
# distance from previous block
# <min> <max>
22	101

[block]
# block no. 4 follows, 21 sequences, length 9
# corresponding to MSA columns:
# 1015-1023
name=unknown_E
#
# <colnr> <probs for GDERKNQSTAVLIFYWHMCP>
#	G	D	E	R	K	N	Q	S	T	A	V	L	I	F	Y	W	H	M	C	P
0	0.02863	0.02650	0.02284	0.01958	0.02470	0.22723	0.01579	0.31868	0.03107	0.03783	0.02279	0.03316	0.01991	0.01228	0.00886	0.00270	0.01098	0.11765	0.00707	0.01174
1	0.02865	0.02164	0.02355	0.01782	0.02482	0.02260	0.01464	0.46879	0.03438	0.04711	0.01909	0.01973	0.01400	0.00923	0.00796	0.00223	0.00859	0.00700	0.00764	0.20053
2	0.01178	0.00937	0.01076	0.01085	0.01345	0.00860	0.00851	0.01586	0.05322	0.02675	0.20840	0.07740	0.37053	0.02038	0.01028	0.00302	0.00500	0.11972	0.00828	0.00784
3	0.20203	0.02946	0.02342	0.06430	0.14391	0.35163	0.01699	0.02963	0.02051	0.02633	0.01350	0.01651	0.01105	0.00832	0.00729	0.00240	0.01203	0.00580	0.00453	0.01037
4	0.01987	0.01887	0.03134	0.20036	0.46417	0.01997	0.02466	0.02637	0.06046	0.02688	0.01706	0.02218	0.01382	0.00807	0.00846	0.00263	0.01018	0.00772	0.00441	0.01251
5	0.01776	0.01738	0.01563	0.01628	0.01897	0.17496	0.01340	0.02100	0.02070	0.02396	0.04269	0.07373	0.12150	0.01953	0.01049	0.00334	0.00924	0.36419	0.00698	0.00826
6	0.03179	0.04056	0.02412	0.02192	0.02631	0.66676	0.01644	0.03398	0.02412	0.02083	0.01315	0.01535	0.01096	0.00877	0.00767	0.00219	0.01535	0.00548	0.00438	0.00987
7	0.07501	0.12441	0.53096	0.02204	0.03340	0.02145	0.02763	0.02662	0.01761	0.02695	0.01458	0.01711	0.01068	0.00797	0.00754	0.00258	0.01168	0.00594	0.00373	0.01211
8	0.06472	0.00890	0.01058	0.01181	0.01303	0.00884	0.00809	0.01507	0.05710	0.02353	0.04433	0.52429	0.08127	0.07123	0.01254	0.00366	0.00537	0.02066	0.00757	0.00741

[dist]
# distance from previous block
# <min> <max>
2	5

[block]
# block no. 5 follows, 21 sequences, length 25
# corresponding to MSA columns:
# 1029-1053
name=unknown_F
#
# <colnr> <probs for GDERKNQSTAVLIFYWHMCP>
#	G	D	E	R	K	N	Q	S	T	A	V	L	I	F	Y	W	H	M	C	P
0	0.02964	0.03232	0.02667	0.02782	0.15842	0.37925	0.01844	0.16955	0.02684	0.03000	0.01547	0.01775	0.01232	0.00886	0.00803	0.00235	0.01283	0.00644	0.00532	0.01171
1	0.01879	0.01750	0.02930	0.04365	0.51278	0.01739	0.02225	0.02309	0.01872	0.02651	0.02257	0.16437	0.02258	0.01164	0.00894	0.00272	0.00901	0.01111	0.00500	0.01208
2	0.01283	0.00944	0.01294	0.01408	0.01606	0.00955	0.01182	0.01636	0.01859	0.02449	0.08262	0.07896	0.11744	0.03146	0.15074	0.00579	0.01035	0.36151	0.00724	0.00772
3	0.01712	0.01689	0.01605	0.01517	0.01665	0.15135	0.01119	0.01881	0.01603	0.01961	0.02595	0.09310	0.06135	0.20710	0.16421	0.00669	0.11930	0.01078	0.00504	0.00762
4	0.05112	0.01224	0.01412	0.01291	0.01686	0.01181	0.01033	0.02421	0.12977	0.09297	0.13595	0.05691	0.18540	0.01602	0.00930	0.00281	0.00593	0.11055	0.00807	0.09271
5	0.07563	0.06459	0.02591	0.02412	0.10108	0.38846	0.01703	0.15042	0.02583	0.02935	0.01483	0.01689	0.01187	0.00879	0.00768	0.00232	0.01266	0.00608	0.00522	0.01125
6	0.02330	0.01764	0.02002	0.01589	0.02096	0.01867	0.01282	0.28049	0.02644	0.03771	0.01968	0.02364	0.01590	0.04923	0.05254	0.00329	0.07324	0.00740	0.09662	0.18451
7	0.06371	0.01201	0.01448	0.01355	0.01709	0.01150	0.01082	0.07813	0.02129	0.08532	0.10711	0.18398	0.07824	0.01768	0.00956	0.00295	0.00641	0.15367	0.00782	0.10466
8	0.02876	0.10453	0.11942	0.02157	0.02744	0.51093	0.01848	0.03213	0.02256	0.02165	0.01334	0.01557	0.01093	0.00853	0.00752	0.00223	0.01434	0.00551	0.00420	0.01037
9	0.02516	0.06368	0.02191	0.01714	0.02276	0.09660	0.01367	0.09673	0.32573	0.10373	0.02696	0.02567	0.02007	0.01012	0.00805	0.00249	0.00817	0.00799	0.00763	0.09573
10	0.01228	0.00865	0.01130	0.01130	0.01200	0.00935	0.00768	0.01367	0.01297	0.01800	0.02497	0.04546	0.02650	0.40812	0.33005	0.01074	0.01493	0.01088	0.00488	0.00628
11	0.02237	0.66151	0.08578	0.01521	0.02285	0.03274	0.01570	0.02558	0.01734	0.02049	0.01206	0.01394	0.01091	0.00733	0.00564	0.00188	0.00933	0.00467	0.00364	0.01103
12	0.03182	0.03953	0.02420	0.02178	0.02631	0.62740	0.01643	0.06996	0.02509	0.02284	0.01360	0.01566	0.01118	0.00886	0.00772	0.00221	0.01498	0.00561	0.00464	0.01015
13	0.02899	0.03590	0.02453	0.02201	0.02547	0.53060	0.01691	0.03111	0.02176	0.02075	0.01273	0.01604	0.01101	0.01007	0.01198	0.00252	0.15774	0.00590	0.00424	0.00975
14	0.02052	0.44581	0.28526	0.01837	0.02773	0.02821	0.02120	0.02606	0.01756	0.02275	0.01318	0.01535	0.01087	0.00760	0.00649	0.00216	0.01047	0.00523	0.00362	0.01157
15	0.03200	0.03427	0.02465	0.02104	0.02634	0.42610	0.01634	0.25401	0.03009	0.03316	0.01589	0.01726	0.01228	0.00931	0.00799	0.00233	0.01310	0.00630	0.00594	0.01160
16	0.01091	0.00851	0.00899	0.00895	0.01087	0.00757	0.00614	0.01249	0.01745	0.02159	0.10025	0.07251	0.41675	0.23656	0.02059	0.00457	0.00554	0.01604	0.00712	0.00659
17	0.01209	0.00907	0.01136	0.01233	0.01437	0.00852	0.00998	0.01507	0.01931	0.02473	0.11418	0.12639	0.23972	0.06247	0.01286	0.00369	0.00619	0.28240	0.00785	0.00743
18	0.02877	0.02982	0.02505	0.02127	0.02537	0.30400	0.01688	0.22008	0.02657	0.03135	0.01503	0.01779	0.01215	0.01073	0.01286	0.00268	0.17616	0.00666	0.00556	0.01122
19	0.01306	0.01020	0.01257	0.01218	0.01537	0.00891	0.00970	0.01627	0.01945	0.02631	0.14300	0.14392	0.18099	0.01883	0.00983	0.00287	0.00576	0.17733	0.00751	0.16596
20	0.06594	0.46732	0.17105	0.01706	0.02509	0.08436	0.01800	0.02650	0.01786	0.02264	0.01268	0.01472	0.01079	0.00762	0.00620	0.00209	0.01023	0.00500	0.00379	0.01108
21	0.02041	0.43351	0.29663	0.01855	0.02801	0.02795	0.02151	0.02609	0.01757	0.02287	0.01325	0.01543	0.01086	0.00761	0.00654	0.00218	0.01053	0.00527	0.00362	0.01160
22	0.06018	0.02936	0.17487	0.01900	0.02551	0.18138	0.01788	0.17086	0.02602	0.03400	0.14931	0.02740	0.02642	0.01075	0.00836	0.00253	0.01037	0.00827	0.00630	0.01123
23	0.01278	0.00931	0.01241	0.01329	0.01536	0.00894	0.01107	0.01655	0.02107	0.02811	0.24913	0.08371	0.12063	0.02127	0.01101	0.00340	0.00620	0.33960	0.00835	0.00783
24	0.03179	0.04056	0.02412	0.02192	0.02631	0.66676	0.01644	0.03398	0.02412	0.02083	0.01315	0.01535	0.01096	0.00877	0.00767	0.00219	0.01535	0.00548	0.00438	0.00987

[dist]
# distance from previous block
# <min> <max>
0	3

[block]
# block no. 6 follows, 21 sequences, length 23
# corresponding to MSA columns:
# 1057-1079
name=unknown_G
#
# <colnr> <probs for GDERKNQSTAVLIFYWHMCP>
#	G	D	E	R	K	N	Q	S	T	A	V	L	I	F	Y	W	H	M	C	P
0	0.16918	0.01590	0.01849	0.01572	0.02069	0.01699	0.06112	0.03272	0.26436	0.10270	0.07108	0.03634	0.11535	0.01215	0.00837	0.00279	0.00688	0.01009	0.00776	0.01133
1	0.09062	0.13033	0.02857	0.02569	0.15223	0.26633	0.01748	0.13851	0.02424	0.02968	0.01478	0.01708	0.01197	0.00850	0.00745	0.00231	0.01149	0.00610	0.00508	0.01156
2	0.02798	0.03097	0.02592	0.02501	0.09511	0.35533	0.01793	0.12880	0.02399	0.02705	0.01429	0.01751	0.01188	0.01014	0.01205	0.00260	0.15110	0.00649	0.00492	0.01093
3	0.01284	0.00907	0.01205	0.01309	0.01455	0.00890	0.01039	0.01579	0.01876	0.02507	0.15964	0.13113	0.05215	0.15840	0.01767	0.00450	0.00693	0.31422	0.00761	0.00726
4	0.02107	0.46916	0.21033	0.02032	0.07774	0.02878	0.02011	0.02593	0.01765	0.02255	0.01311	0.01544	0.01109	0.00752	0.00642	0.00212	0.01013	0.00527	0.00367	0.01158
5	0.01251	0.00895	0.01224	0.01368	0.01527	0.00869	0.01106	0.01581	0.01963	0.02623	0.16551	0.24582	0.05716	0.02311	0.01118	0.00355	0.00631	0.32751	0.00816	0.00763
6	0.01971	0.01884	0.03211	0.22196	0.48865	0.01987	0.02545	0.02494	0.01874	0.02617	0.01577	0.02150	0.01290	0.00783	0.00845	0.00261	0.01044	0.00758	0.00410	0.01239
7	0.01476	0.01031	0.01292	0.01314	0.01586	0.00995	0.01079	0.01991	0.07150	0.06901	0.17299	0.07646	0.19021	0.01998	0.01055	0.00326	0.00612	0.25527	0.00841	0.00863
8	0.05554	0.00885	0.00991	0.00983	0.01083	0.00910	0.00640	0.01434	0.01390	0.02049	0.03054	0.04956	0.07963	0.43172	0.12616	0.00757	0.00948	0.01143	0.08851	0.00623
9	0.02812	0.03201	0.02308	0.01977	0.02481	0.41722	0.01525	0.09869	0.02394	0.02604	0.01428	0.01662	0.01172	0.00882	0.00878	0.00214	0.05531	0.00577	0.00496	0.16269
10	0.02869	0.03393	0.03133	0.02543	0.03123	0.42074	0.17864	0.09773	0.02481	0.02624	0.01507	0.01797	0.01188	0.00850	0.00841	0.00242	0.01441	0.00696	0.00483	0.01082
11	0.01308	0.06822	0.01354	0.01137	0.01310	0.01049	0.00853	0.01518	0.01744	0.02291	0.15103	0.10516	0.11227	0.26071	0.02182	0.00490	0.00681	0.12958	0.00682	0.00706
12	0.18134	0.03375	0.02190	0.01946	0.02430	0.46229	0.01493	0.09770	0.02392	0.02806	0.01370	0.01560	0.01100	0.00875	0.00727	0.00232	0.01288	0.00555	0.00503	0.01025
13	0.35043	0.01964	0.01660	0.11295	0.02400	0.14961	0.01261	0.02457	0.01876	0.03136	0.13923	0.02543	0.02414	0.01007	0.00720	0.00258	0.00857	0.00739	0.00569	0.00915
14	0.01352	0.01060	0.01586	0.01616	0.01871	0.01024	0.06382	0.01731	0.01939	0.02503	0.04857	0.12741	0.12987	0.02205	0.01131	0.00365	0.00771	0.42325	0.00755	0.00799
15	0.22272	0.02413	0.01954	0.01766	0.02090	0.24821	0.01391	0.02556	0.01746	0.02526	0.01410	0.01876	0.01234	0.01942	0.12678	0.00463	0.14863	0.00628	0.00452	0.00918
16	0.02646	0.02972	0.02083	0.01890	0.02282	0.40580	0.01436	0.10471	0.02531	0.02725	0.10812	0.08436	0.02677	0.01234	0.00856	0.00249	0.01175	0.03351	0.00608	0.00986
17	0.01912	0.01416	0.01617	0.01482	0.01839	0.01473	0.01196	0.22800	0.02594	0.03393	0.04360	0.12633	0.15576	0.06355	0.01226	0.00347	0.00739	0.17273	0.00792	0.00977
18	0.16486	0.02896	0.02046	0.01788	0.02267	0.33948	0.01388	0.15310	0.02496	0.03211	0.01607	0.01796	0.01259	0.00904	0.00721	0.00233	0.01120	0.00605	0.08870	0.01049
19	0.29211	0.06297	0.01716	0.01384	0.01852	0.12820	0.01119	0.08977	0.02059	0.03157	0.03207	0.03521	0.15880	0.01231	0.00753	0.00263	0.00810	0.04183	0.00613	0.00948
20	0.01198	0.00880	0.01157	0.01320	0.01483	0.00839	0.01055	0.01479	0.01846	0.02380	0.05270	0.29258	0.15312	0.02422	0.01117	0.00359	0.00627	0.30470	0.00787	0.00742
21	0.03076	0.03861	0.02512	0.02483	0.08586	0.60481	0.01737	0.03323	0.02366	0.02150	0.01343	0.01589	0.01120	0.00866	0.00775	0.00222	0.01484	0.00568	0.00437	0.01021
22	0.35057	0.09375	0.02099	0.01651	0.02156	0.32222	0.01310	0.02924	0.01924	0.02836	0.01246	0.01452	0.01019	0.00825	0.00641	0.00235	0.01091	0.00501	0.00470	0.00968

[dist]
# distance from previous block
# <min> <max>
15	96

[block]
# block no. 7 follows, 21 sequences, length 25
# corresponding to MSA columns:
# 1187-1211
name=unknown_H
#
# <colnr> <probs for GDERKNQSTAVLIFYWHMCP>
#	G	D	E	R	K	N	Q	S	T	A	V	L	I	F	Y	W	H	M	C	P
0	0.02202	0.02118	0.02657	0.02207	0.02533	0.07067	0.07843	0.09994	0.17920	0.02909	0.01916	0.02247	0.01559	0.01223	0.01729	0.00317	0.31047	0.00816	0.00569	0.01127
1	0.03192	0.03653	0.02446	0.02136	0.02633	0.51249	0.01638	0.17503	0.02795	0.02873	0.01491	0.01657	0.01181	0.00912	0.00788	0.00228	0.01391	0.00601	0.00538	0.01098
2	0.18493	0.03550	0.02168	0.01967	0.02424	0.53075	0.01493	0.03210	0.02209	0.02447	0.01288	0.01503	0.01060	0.00859	0.00717	0.00228	0.01351	0.00530	0.00457	0.00973
3	0.04434	0.01157	0.01417	0.01261	0.01545	0.01158	0.03125	0.02283	0.12252	0.08909	0.20927	0.05116	0.10422	0.20149	0.01854	0.00425	0.00646	0.01259	0.00772	0.00888
4	0.50489	0.01639	0.01368	0.01319	0.01749	0.06338	0.01096	0.02365	0.01657	0.03347	0.02098	0.03630	0.02017	0.01221	0.00721	0.00295	0.00756	0.16418	0.00590	0.00889
5	0.03059	0.02336	0.02263	0.02195	0.09768	0.20001	0.01545	0.03835	0.15750	0.26452	0.02595	0.02479	0.01839	0.00991	0.00831	0.00255	0.00976	0.00781	0.00763	0.01284
6	0.01232	0.00849	0.01048	0.01048	0.01089	0.00890	0.00665	0.01314	0.01273	0.01739	0.02572	0.04963	0.02831	0.52749	0.21315	0.00973	0.01221	0.01149	0.00499	0.00582
7	0.01232	0.00849	0.01048	0.01048	0.01089	0.00890	0.00665	0.01314	0.01273	0.01739	0.02572	0.04963	0.02831	0.52749	0.21315	0.00973	0.01221	0.01149	0.00499	0.00582
8	0.23035	0.03279	0.02106	0.01883	0.02363	0.44416	0.01446	0.07386	0.02264	0.02792	0.01333	0.01530	0.01074	0.00864	0.00708	0.00234	0.01253	0.00540	0.00492	0.01002
9	0.01120	0.00851	0.01046	0.01137	0.01321	0.00777	0.00864	0.01379	0.01918	0.02472	0.14533	0.26645	0.26241	0.02290	0.01065	0.00324	0.00520	0.13951	0.00810	0.00736
10	0.02804	0.09919	0.02525	0.01857	0.02458	0.28962	0.01484	0.18985	0.02638	0.03112	0.01541	0.01704	0.01226	0.00849	0.00739	0.00206	0.01118	0.00589	0.00557	0.16727
11	0.03059	0.03375	0.02470	0.02133	0.02592	0.42647	0.01659	0.19197	0.02730	0.02972	0.01493	0.01707	0.01194	0.00979	0.00999	0.00245	0.08271	0.00628	0.00544	0.01106
12	0.02778	0.04150	0.19635	0.02256	0.02917	0.49063	0.02053	0.03207	0.02244	0.02249	0.01373	0.01606	0.01091	0.00858	0.00779	0.00233	0.01459	0.00570	0.00417	0.01060
13	0.17396	0.11573	0.44985	0.02038	0.03080	0.02125	0.02480	0.02637	0.01716	0.02850	0.01415	0.01659	0.01047	0.00795	0.00719	0.00258	0.01091	0.00573	0.00395	0.01168
14	0.01222	0.00827	0.00924	0.00924	0.00943	0.00818	0.00524	0.01236	0.01284	0.01693	0.03071	0.05741	0.07122	0.65632	0.04113	0.00790	0.00799	0.01274	0.00534	0.00529
15	0.01718	0.01364	0.01456	0.01366	0.01659	0.04575	0.01030	0.14624	0.02229	0.02891	0.04133	0.24134	0.13202	0.10022	0.01377	0.00360	0.00710	0.07451	0.00736	0.04963
16	0.02824	0.03383	0.02565	0.02244	0.02607	0.45747	0.04000	0.06015	0.02213	0.02265	0.01321	0.01667	0.01126	0.01024	0.01262	0.00260	0.17406	0.00623	0.00443	0.01003
17	0.01125	0.00897	0.01027	0.01082	0.01337	0.00800	0.00869	0.01402	0.01971	0.02432	0.10381	0.08509	0.43816	0.02191	0.01056	0.00317	0.00534	0.18715	0.00796	0.00742
18	0.01957	0.01701	0.01331	0.01272	0.01527	0.18774	0.00960	0.02290	0.01885	0.02673	0.02294	0.02756	0.01877	0.01875	0.11864	0.00402	0.01026	0.00747	0.41950	0.00840
19	0.03068	0.03846	0.02519	0.02504	0.09030	0.60019	0.01744	0.03317	0.02363	0.02155	0.01345	0.01594	0.01122	0.00865	0.00775	0.00223	0.01481	0.00570	0.00437	0.01024
20	0.02887	0.03502	0.02695	0.03018	0.19550	0.49076	0.01908	0.03184	0.02283	0.02273	0.01393	0.01690	0.01165	0.00845	0.00788	0.00228	0.01392	0.00605	0.00434	0.01085
21	0.02893	0.03330	0.02710	0.02993	0.19551	0.42482	0.01905	0.09213	0.02446	0.02610	0.01468	0.01743	0.01201	0.00860	0.00796	0.00232	0.01331	0.00628	0.00476	0.01132
22	0.10095	0.01512	0.01565	0.01427	0.01529	0.07784	0.01037	0.01810	0.01393	0.02046	0.01954	0.03695	0.02116	0.36873	0.03137	0.00580	0.19307	0.00949	0.00470	0.00720
23	0.02681	0.21664	0.02889	0.01894	0.02386	0.35271	0.01543	0.05971	0.04947	0.02302	0.01774	0.01953	0.04433	0.00966	0.00874	0.00229	0.06082	0.00631	0.00472	0.01037
24	0.01806	0.01751	0.01570	0.01574	0.01834	0.14957	0.01164	0.02601	0.18592	0.02559	0.03634	0.32710	0.03797	0.01855	0.00966	0.00307	0.00783	0.05865	0.00736	0.00939

[dist]
# distance from previous block
# <min> <max>
0	2

[block]
# block no. 8 follows, 21 sequences, length 9
# corresponding to MSA columns:
# 1214-1222
name=unknown_I
#
# <colnr> <probs for GDERKNQSTAVLIFYWHMCP>
#	G	D	E	R	K	N	Q	S	T	A	V	L	I	F	Y	W	H	M	C	P
0	0.31131	0.16642	0.02362	0.01521	0.02105	0.08577	0.01283	0.13682	0.09638	0.03517	0.01633	0.01733	0.01276	0.00872	0.00655	0.00244	0.00848	0.00585	0.00585	0.01112
1	0.21135	0.01879	0.01463	0.01350	0.01744	0.15602	0.01039	0.02473	0.09313	0.02938	0.11518	0.04138	0.19593	0.01350	0.00812	0.00264	0.00756	0.01045	0.00673	0.00916
2	0.02708	0.03153	0.02222	0.01978	0.02367	0.42768	0.01521	0.08917	0.02373	0.02447	0.02438	0.02602	0.10428	0.01153	0.01053	0.00251	0.09331	0.00777	0.00524	0.00988
3	0.01451	0.01382	0.01249	0.01248	0.01542	0.09722	0.00965	0.01876	0.07145	0.02407	0.06284	0.11196	0.37254	0.01965	0.00995	0.00299	0.00660	0.10794	0.00748	0.00816
4	0.02222	0.26915	0.30983	0.02044	0.02942	0.16573	0.02241	0.02798	0.01908	0.02325	0.01364	0.01592	0.01087	0.00796	0.00710	0.00229	0.01200	0.00552	0.00378	0.01142
5	0.10643	0.08120	0.02418	0.01944	0.02460	0.42243	0.01520	0.10318	0.02457	0.08095	0.01556	0.01685	0.01207	0.00890	0.00745	0.00229	0.01259	0.00585	0.00545	0.01082
6	0.07686	0.02582	0.01971	0.01717	0.02191	0.28460	0.01332	0.11721	0.06292	0.10446	0.02811	0.02812	0.09425	0.01100	0.00799	0.00244	0.01024	0.00811	0.05494	0.01081
7	0.03186	0.03845	0.02430	0.02163	0.02632	0.58585	0.01641	0.10796	0.02612	0.02497	0.01407	0.01599	0.01141	0.00895	0.00778	0.00224	0.01459	0.00576	0.00491	0.01045
8	0.02537	0.02436	0.06423	0.02285	0.11563	0.15917	0.01653	0.06963	0.13620	0.10837	0.02113	0.02190	0.01593	0.00890	0.00789	0.00230	0.00963	0.00705	0.00627	0.15664

[dist]
# distance from previous block
# <min> <max>
28	78

[block]
# block no. 9 follows, 21 sequences, length 8
# corresponding to MSA columns:
# 1302-1309
name=unknown_J
#
# <colnr> <probs for GDERKNQSTAVLIFYWHMCP>
#	G	D	E	R	K	N	Q	S	T	A	V	L	I	F	Y	W	H	M	C	P
0	0.01964	0.03227	0.36284	0.02061	0.03021	0.01954	0.02294	0.09296	0.14940	0.03172	0.01987	0.02108	0.01463	0.00878	0.00799	0.00251	0.01010	0.00695	0.00539	0.12058
1	0.24674	0.02070	0.01800	0.01634	0.02092	0.13277	0.01334	0.15087	0.05987	0.03501	0.02361	0.03723	0.02164	0.01269	0.00821	0.00288	0.00904	0.15315	0.00664	0.01034
2	0.02654	0.02609	0.02076	0.01767	0.02261	0.25445	0.01383	0.25372	0.02904	0.03399	0.03434	0.03405	0.17170	0.01254	0.00860	0.00250	0.01027	0.00946	0.00686	0.01096
3	0.01216	0.00912	0.01368	0.01368	0.01520	0.01064	0.01064	0.01520	0.01368	0.01976	0.02279	0.03343	0.02127	0.06382	0.66720	0.01368	0.02279	0.00912	0.00456	0.00760
4	0.02444	0.02006	0.02002	0.01668	0.02210	0.09170	0.01310	0.18616	0.16794	0.07699	0.02601	0.10567	0.02198	0.01163	0.00830	0.00245	0.00813	0.00945	0.00745	0.15975
5	0.01503	0.02326	0.26665	0.01905	0.02518	0.01372	0.02069	0.02130	0.01895	0.02605	0.03334	0.06531	0.03395	0.01744	0.01031	0.00344	0.00970	0.36077	0.00617	0.00970
6	0.02055	0.02697	0.10965	0.02520	0.03203	0.18066	0.26540	0.02575	0.02069	0.02471	0.03045	0.03281	0.14486	0.01071	0.00921	0.00268	0.01227	0.01010	0.00499	0.01031
7	0.07152	0.02861	0.02183	0.01860	0.02386	0.31823	0.01449	0.16217	0.06093	0.08372	0.01852	0.01948	0.01402	0.00924	0.00767	0.00230	0.01115	0.00651	0.04583	0.06134

[dist]
# distance from previous block
# <min> <max>
8	26

[block]
# block no. 10 follows, 21 sequences, length 9
# corresponding to MSA columns:
# 1337-1345
name=unknown_K
#
# <colnr> <probs for GDERKNQSTAVLIFYWHMCP>
#	G	D	E	R	K	N	Q	S	T	A	V	L	I	F	Y	W	H	M	C	P
0	0.19753	0.10114	0.44203	0.02016	0.03046	0.02094	0.02444	0.02634	0.01706	0.02900	0.01411	0.01655	0.01042	0.00796	0.00715	0.00260	0.01079	0.00571	0.00400	0.01160
1	0.01724	0.07422	0.02096	0.01688	0.01880	0.01873	0.01361	0.09101	0.01764	0.02464	0.02357	0.18534	0.02470	0.02731	0.16068	0.00555	0.23288	0.01164	0.00550	0.00912
2	0.01221	0.00891	0.01261	0.01261	0.01377	0.01006	0.00931	0.01451	0.01336	0.01897	0.02377	0.03881	0.02361	0.21789	0.51633	0.01236	0.01928	0.00991	0.00470	0.00701
3	0.01384	0.01229	0.01999	0.01766	0.02141	0.01147	0.14442	0.01786	0.01963	0.02499	0.05333	0.07492	0.24969	0.01921	0.01078	0.00332	0.00804	0.26164	0.00708	0.00841
4	0.02750	0.03216	0.02193	0.01990	0.02386	0.46615	0.01514	0.08074	0.02319	0.02344	0.01592	0.01978	0.01355	0.02106	0.15343	0.00476	0.01647	0.00647	0.00478	0.00977
5	0.01216	0.00912	0.01368	0.01368	0.01520	0.01064	0.01064	0.01520	0.01368	0.01976	0.02279	0.03343	0.02127	0.06382	0.66720	0.01368	0.02279	0.00912	0.00456	0.00760
6	0.23855	0.03211	0.02095	0.01890	0.02322	0.43596	0.01454	0.03045	0.02057	0.02575	0.01264	0.01515	0.01048	0.00896	0.00845	0.00243	0.06130	0.00537	0.00459	0.00964
7	0.03184	0.03916	0.02424	0.02173	0.02632	0.61330	0.01642	0.08286	0.02544	0.02357	0.01376	0.01577	0.01125	0.00889	0.00774	0.00222	0.01485	0.00566	0.00473	0.01025
8	0.02924	0.07872	0.02442	0.02052	0.02506	0.49065	0.01599	0.08802	0.02470	0.02445	0.01733	0.02472	0.01554	0.01046	0.00807	0.00240	0.01353	0.07091	0.00512	0.01015

[dist]
# distance from previous block
# <min> <max>
3	9

[block]
# block no. 11 follows, 21 sequences, length 8
# corresponding to MSA columns:
# 1356-1363
name=unknown_L
#
# <colnr> <probs for GDERKNQSTAVLIFYWHMCP>
#	G	D	E	R	K	N	Q	S	T	A	V	L	I	F	Y	W	H	M	C	P
0	0.20252	0.03034	0.02143	0.01860	0.02377	0.35899	0.01448	0.14176	0.02485	0.06665	0.01536	0.01671	0.01178	0.00894	0.00732	0.00239	0.01173	0.00586	0.00571	0.01084
1	0.16283	0.44308	0.03409	0.01447	0.02114	0.02828	0.01346	0.06619	0.05855	0.06767	0.01528	0.01629	0.01246	0.00807	0.00603	0.00214	0.00837	0.00535	0.00503	0.01123
2	0.01710	0.01290	0.01450	0.01333	0.01668	0.01302	0.01040	0.18940	0.02510	0.03271	0.09745	0.19495	0.23591	0.01922	0.00994	0.00299	0.00623	0.07061	0.00819	0.00937
3	0.01230	0.00854	0.01075	0.01075	0.01126	0.00905	0.00699	0.01332	0.01281	0.01759	0.02547	0.04824	0.02770	0.48767	0.25215	0.01007	0.01312	0.01129	0.00496	0.00597
4	0.01220	0.00895	0.01281	0.01281	0.01403	0.01017	0.00956	0.01464	0.01342	0.01911	0.02359	0.03782	0.02318	0.18931	0.54431	0.01261	0.01993	0.00976	0.00468	0.00712
5	0.02768	0.03317	0.02224	0.01922	0.02452	0.47631	0.01460	0.03033	0.02224	0.02283	0.01373	0.01601	0.01144	0.00805	0.00727	0.00192	0.01272	0.00535	0.00458	0.22579
6	0.08533	0.11028	0.48237	0.02098	0.03150	0.02031	0.02579	0.02578	0.01804	0.02778	0.06268	0.02061	0.01598	0.00869	0.00769	0.00259	0.01100	0.00664	0.00419	0.01174
7	0.01900	0.01912	0.02405	0.02010	0.02257	0.07987	0.04468	0.02166	0.01536	0.02219	0.01368	0.01994	0.01261	0.01755	0.08999	0.00413	0.38649	0.00710	0.00416	0.15575

[dist]
# distance from previous block
# <min> <max>
0	1

[block]
# block no. 12 follows, 21 sequences, length 9
# corresponding to MSA columns:
# 1365-1373
name=unknown_M
#
# <colnr> <probs for GDERKNQSTAVLIFYWHMCP>
#	G	D	E	R	K	N	Q	S	T	A	V	L	I	F	Y	W	H	M	C	P
0	0.02191	0.02743	0.14430	0.04283	0.44828	0.11408	0.02566	0.02741	0.01981	0.02664	0.01546	0.01968	0.01263	0.00784	0.00825	0.00251	0.01131	0.00705	0.00413	0.01279
1	0.01820	0.17603	0.53474	0.02232	0.03384	0.02254	0.02808	0.02666	0.01783	0.02557	0.01459	0.01711	0.01081	0.00792	0.00756	0.00252	0.01188	0.00594	0.00360	0.01225
2	0.02106	0.02022	0.03454	0.05223	0.64784	0.02022	0.02612	0.02612	0.01938	0.02780	0.01601	0.02106	0.01348	0.00758	0.00842	0.00253	0.01011	0.00758	0.00421	0.01348
3	0.01527	0.01401	0.01364	0.01430	0.01650	0.11542	0.01125	0.01819	0.02025	0.02480	0.12641	0.19613	0.12899	0.02065	0.01045	0.00324	0.00749	0.22759	0.00750	0.00792
4	0.01303	0.01040	0.01535	0.01484	0.01616	0.01272	0.01171	0.01591	0.01359	0.01985	0.02123	0.03144	0.01991	0.05723	0.58107	0.01234	0.11206	0.00889	0.00445	0.00783
5	0.01071	0.00793	0.01005	0.01142	0.01261	0.00728	0.00807	0.01272	0.01782	0.02333	0.10650	0.47745	0.17062	0.02463	0.01070	0.00331	0.00495	0.06472	0.00802	0.00713
6	0.02878	0.03216	0.02485	0.02157	0.02539	0.39247	0.01691	0.14307	0.02454	0.02704	0.01408	0.01710	0.01168	0.01050	0.01262	0.00262	0.17261	0.00636	0.00502	0.01062
7	0.02508	0.02914	0.02026	0.01960	0.02309	0.42292	0.01543	0.02791	0.02244	0.02255	0.02500	0.04528	0.02507	0.01424	0.00919	0.00283	0.01256	0.22263	0.00567	0.00911
8	0.02321	0.03053	0.14695	0.01925	0.02527	0.25836	0.01727	0.06034	0.16680	0.02744	0.02962	0.02966	0.10668	0.01122	0.00838	0.00257	0.01087	0.00854	0.00595	0.01109

[dist]
# distance from previous block
# <min> <max>
2	9

[block]
# block no. 13 follows, 21 sequences, length 9
# corresponding to MSA columns:
# 1383-1391
name=unknown_N
#
# <colnr> <probs for GDERKNQSTAVLIFYWHMCP>
#	G	D	E	R	K	N	Q	S	T	A	V	L	I	F	Y	W	H	M	C	P
0	0.03184	0.03912	0.02424	0.02172	0.02632	0.61161	0.01642	0.08441	0.02549	0.02365	0.01378	0.01578	0.01126	0.00889	0.00775	0.00222	0.01483	0.00567	0.00474	0.01026
1	0.02487	0.02745	0.03084	0.04146	0.42694	0.25001	0.02268	0.02891	0.02106	0.02532	0.01499	0.01903	0.01258	0.00800	0.00816	0.00241	0.01197	0.00684	0.00427	0.01220
2	0.01228	0.00862	0.01117	0.01117	0.01182	0.00928	0.00751	0.01359	0.01293	0.01790	0.02509	0.04612	0.02679	0.42711	0.31145	0.01058	0.01450	0.01098	0.00490	0.00621
3	0.01620	0.01580	0.02114	0.01847	0.01928	0.02074	0.01519	0.01815	0.01483	0.02119	0.03235	0.03647	0.18985	0.01677	0.02289	0.00348	0.49317	0.01041	0.00490	0.00871
4	0.01951	0.32855	0.39370	0.02009	0.03039	0.02574	0.02419	0.02632	0.01768	0.02397	0.01379	0.01611	0.01084	0.00774	0.00696	0.00232	0.01108	0.00554	0.00361	0.01187
5	0.01740	0.20228	0.31937	0.01838	0.02653	0.02052	0.02093	0.02361	0.01689	0.02405	0.01689	0.02111	0.01382	0.01960	0.14423	0.00470	0.01318	0.00656	0.05918	0.01078
6	0.02106	0.02022	0.03454	0.05223	0.64784	0.02022	0.02612	0.02612	0.01938	0.02780	0.01601	0.02106	0.01348	0.00758	0.00842	0.00253	0.01011	0.00758	0.00421	0.01348
7	0.02487	0.02745	0.03084	0.04146	0.42694	0.25001	0.02268	0.02891	0.02106	0.02532	0.01499	0.01903	0.01258	0.00800	0.00816	0.00241	0.01197	0.00684	0.00427	0.01220
8	0.03185	0.03862	0.02428	0.02165	0.02632	0.59267	0.01641	0.10172	0.02596	0.02462	0.01400	0.01593	0.01137	0.00894	0.00777	0.00223	0.01465	0.00573	0.00486	0.01040

[dist]
# distance from previous block
# <min> <max>
0	3

[block]
# block no. 14 follows, 21 sequences, length 12
# corresponding to MSA columns:
# 1395-1406
name=unknown_O
#
# <colnr> <probs for GDERKNQSTAVLIFYWHMCP>
#	G	D	E	R	K	N	Q	S	T	A	V	L	I	F	Y	W	H	M	C	P
0	0.03187	0.03803	0.02433	0.02157	0.02632	0.56973	0.01640	0.12269	0.02652	0.02580	0.01426	0.01612	0.01149	0.00899	0.00780	0.00225	0.01444	0.00581	0.00501	0.01056
1	0.15473	0.11404	0.01759	0.01236	0.01655	0.01632	0.01019	0.10601	0.02069	0.02967	0.04338	0.08328	0.22965	0.05062	0.01017	0.00302	0.00670	0.05921	0.00674	0.00911
2	0.01252	0.01002	0.01192	0.01103	0.01409	0.00888	0.00815	0.01489	0.01670	0.02260	0.04553	0.14447	0.22751	0.10181	0.13471	0.00518	0.00873	0.01359	0.00631	0.18138
3	0.01302	0.00959	0.01209	0.01168	0.01200	0.01074	0.00783	0.01388	0.01273	0.01764	0.02421	0.04678	0.02667	0.48752	0.17618	0.00892	0.08638	0.01113	0.00487	0.00614
4	0.01080	0.00795	0.00938	0.01032	0.01133	0.00733	0.00681	0.01208	0.01613	0.02073	0.05237	0.36541	0.20874	0.19830	0.01897	0.00453	0.00562	0.01948	0.00720	0.00654
5	0.03189	0.03752	0.02437	0.02150	0.02632	0.55032	0.01639	0.14044	0.02701	0.02679	0.01448	0.01627	0.01160	0.00903	0.00783	0.00226	0.01426	0.00588	0.00514	0.01070
6	0.15500	0.01911	0.02300	0.41539	0.04393	0.09149	0.01942	0.08741	0.01979	0.02803	0.01488	0.02002	0.01125	0.00861	0.00783	0.00270	0.01071	0.00681	0.00462	0.00999
7	0.02805	0.02843	0.02268	0.01968	0.02480	0.27823	0.01529	0.17783	0.24999	0.03405	0.02273	0.02255	0.01728	0.01013	0.00823	0.00253	0.01078	0.00751	0.00693	0.01228
8	0.01508	0.01148	0.01345	0.01346	0.01626	0.01148	0.01072	0.10415	0.05569	0.02864	0.05352	0.19878	0.22141	0.02097	0.01042	0.00326	0.00636	0.18814	0.00801	0.00873
9	0.02672	0.18699	0.03069	0.01964	0.02606	0.23244	0.07756	0.11515	0.02347	0.05459	0.01551	0.01742	0.01235	0.00818	0.00736	0.00211	0.01122	0.00613	0.00517	0.12125
10	0.02105	0.17767	0.25210	0.02146	0.03075	0.02279	0.10682	0.11230	0.02129	0.02949	0.01554	0.01806	0.01192	0.00783	0.00760	0.00230	0.01070	0.00647	0.00463	0.11921
11	0.02271	0.02075	0.03323	0.04747	0.55720	0.02112	0.02467	0.11266	0.02239	0.03157	0.01665	0.02097	0.01362	0.00797	0.00844	0.00253	0.01000	0.00759	0.00484	0.01362

[dist]
# distance from previous block
# <min> <max>
4	8

[block]
# block no. 15 follows, 21 sequences, length 7
# corresponding to MSA columns:
# 1415-1421
name=unknown_P
#
# <colnr> <probs for GDERKNQSTAVLIFYWHMCP>
#	G	D	E	R	K	N	Q	S	T	A	V	L	I	F	Y	W	H	M	C	P
0	0.01112	0.00880	0.01021	0.01101	0.01332	0.00788	0.00868	0.01369	0.01906	0.02353	0.06972	0.16304	0.40332	0.02274	0.01064	0.00324	0.00538	0.17942	0.00788	0.00733
1	0.01575	0.01237	0.01387	0.01251	0.01575	0.01229	0.00929	0.06264	0.14133	0.02814	0.11100	0.08464	0.13024	0.17040	0.01681	0.00391	0.00645	0.03736	0.00726	0.10796
2	0.01928	0.02035	0.03940	0.02814	0.03640	0.01814	0.41537	0.02532	0.01928	0.02742	0.01652	0.02119	0.01281	0.00688	0.00880	0.00234	0.01168	0.00838	0.00455	0.25775
3	0.02757	0.02979	0.02852	0.03372	0.27567	0.30733	0.02028	0.12230	0.02470	0.02875	0.01544	0.01843	0.01252	0.00852	0.00811	0.00238	0.01231	0.00666	0.00496	0.01204
4	0.27915	0.02557	0.01998	0.05911	0.02457	0.22876	0.01408	0.13125	0.08544	0.03393	0.01628	0.01784	0.01253	0.00899	0.00715	0.00252	0.01019	0.00611	0.00579	0.01077
5	0.15478	0.01151	0.01364	0.01292	0.01562	0.01312	0.01019	0.06601	0.01649	0.02752	0.02122	0.02849	0.01854	0.04184	0.40199	0.00915	0.01616	0.00800	0.10431	0.00850
6	0.01671	0.01429	0.08794	0.01354	0.01752	0.01086	0.01160	0.02197	0.08178	0.12711	0.05025	0.27566	0.19901	0.01894	0.00972	0.00302	0.00623	0.01639	0.00790	0.00955

[dist]
# distance from previous block
# <min> <max>
0	10

[block]
# block no. 16 follows, 21 sequences, length 13
# corresponding to MSA columns:
# 1432-1444
name=unknown_Q
#
# <colnr> <probs for GDERKNQSTAVLIFYWHMCP>
#	G	D	E	R	K	N	Q	S	T	A	V	L	I	F	Y	W	H	M	C	P
0	0.02125	0.01985	0.02733	0.03668	0.38743	0.06359	0.02008	0.10980	0.02270	0.03010	0.03047	0.03272	0.13945	0.01084	0.00871	0.00258	0.00921	0.00952	0.00558	0.01211
1	0.01270	0.00947	0.01230	0.01372	0.01593	0.00907	0.01170	0.01613	0.01954	0.02478	0.05647	0.09209	0.21407	0.02297	0.01128	0.00363	0.00686	0.43179	0.00785	0.00766
2	0.02787	0.15509	0.03001	0.02711	0.15884	0.41495	0.01818	0.03078	0.02188	0.02218	0.01353	0.01627	0.01149	0.00825	0.00744	0.00220	0.01311	0.00577	0.00421	0.01083
3	0.01131	0.00833	0.01073	0.01193	0.01338	0.00776	0.00891	0.01385	0.01883	0.02485	0.15521	0.36010	0.15546	0.02357	0.01078	0.00332	0.00529	0.14092	0.00814	0.00734
4	0.17405	0.03018	0.02160	0.01942	0.02305	0.38860	0.01508	0.02880	0.01967	0.02418	0.01304	0.01657	0.01119	0.01257	0.04533	0.00316	0.13369	0.00585	0.00445	0.00952
5	0.12546	0.11802	0.49141	0.02122	0.03212	0.02130	0.02624	0.02650	0.01738	0.02776	0.01437	0.01686	0.01057	0.00796	0.00737	0.00258	0.01130	0.00584	0.00384	0.01190
