[name]
unknown

[dist]
# distance from previous block
# <min> <max>
9	1327

[block]
# block no. 0 follows, 22 sequences, length 46
# corresponding to MSA columns:
# 1370-1415
name=unknown_A
#
# <colnr> <probs for GDERKNQSTAVLIFYWHMCP>
#	G	D	E	R	K	N	Q	S	T	A	V	L	I	F	Y	W	H	M	C	P
0	0.02589	0.16879	0.06618	0.02468	0.13936	0.09644	0.05275	0.16136	0.06509	0.09389	0.01835	0.01968	0.01394	0.00858	0.00766	0.00235	0.00995	0.00686	0.00581	0.01239
1	0.05989	0.02600	0.05457	0.02284	0.09918	0.21607	0.01691	0.13583	0.02302	0.06310	0.03741	0.01956	0.01452	0.00971	0.01063	0.00249	0.11282	0.00673	0.00543	0.06330
2	0.24632	0.01401	0.01598	0.01702	0.09384	0.01514	0.01162	0.08258	0.04291	0.03257	0.13887	0.07432	0.05897	0.01898	0.09852	0.00410	0.00861	0.00972	0.00640	0.00952
3	0.09318	0.01985	0.07418	0.21079	0.35728	0.01934	0.05824	0.02439	0.01778	0.02651	0.01502	0.02017	0.01198	0.00768	0.00801	0.00259	0.01025	0.00716	0.00407	0.01154
4	0.02260	0.02260	0.02772	0.03624	0.36661	0.14036	0.02054	0.06137	0.11399	0.02821	0.02004	0.02616	0.01700	0.00942	0.00835	0.00256	0.01013	0.04867	0.00526	0.01217
5	0.01541	0.01897	0.13353	0.02130	0.02664	0.01468	0.18797	0.02234	0.07987	0.02545	0.03090	0.24407	0.03150	0.01567	0.00982	0.00309	0.00925	0.09376	0.00607	0.00971
6	0.01205	0.00816	0.00958	0.00958	0.00976	0.00834	0.00568	0.01242	0.01224	0.01649	0.02570	0.05172	0.02905	0.62946	0.11930	0.00870	0.00978	0.01169	0.00496	0.00532
7	0.07170	0.01202	0.01215	0.01067	0.01395	0.01279	0.00841	0.16470	0.02234	0.03650	0.02431	0.02713	0.01873	0.00961	0.00636	0.00211	0.00530	0.00745	0.52441	0.00935
8	0.01859	0.01909	0.07213	0.18440	0.36031	0.01826	0.02236	0.06135	0.01959	0.02679	0.02400	0.02789	0.09042	0.00946	0.00842	0.00259	0.00957	0.00855	0.00468	0.01153
9	0.02640	0.06198	0.02507	0.02354	0.12429	0.19985	0.01627	0.24204	0.04902	0.03302	0.01788	0.02153	0.01461	0.05269	0.05235	0.00338	0.01151	0.00715	0.00586	0.01158
10	0.01723	0.01477	0.01723	0.01230	0.01969	0.01107	0.00984	0.02092	0.01723	0.02707	0.01477	0.01723	0.01230	0.00615	0.00615	0.00123	0.00615	0.00492	0.00492	0.75883
11	0.01037	0.00757	0.00933	0.01061	0.01143	0.00700	0.00704	0.01171	0.01585	0.02063	0.04962	0.48846	0.15887	0.13232	0.01544	0.00401	0.00522	0.02071	0.00729	0.00653
12	0.76672	0.01607	0.01221	0.01092	0.01607	0.01864	0.00900	0.02442	0.01414	0.03727	0.01157	0.01350	0.00900	0.00771	0.00514	0.00257	0.00643	0.00450	0.00514	0.00900
13	0.01024	0.00732	0.00974	0.01149	0.01207	0.00682	0.00772	0.01185	0.01644	0.02205	0.08805	0.65795	0.05658	0.02540	0.01055	0.00332	0.00476	0.02302	0.00781	0.00682
14	0.01176	0.00849	0.01110	0.01045	0.01241	0.00784	0.00784	0.01568	0.02352	0.03331	0.65184	0.06206	0.07839	0.01698	0.00980	0.00261	0.00392	0.01502	0.00914	0.00784
15	0.07503	0.01548	0.01934	0.01504	0.02114	0.01466	0.01237	0.14138	0.02591	0.47846	0.07035	0.02823	0.02262	0.01053	0.00826	0.00256	0.00719	0.00843	0.00957	0.01343
16	0.01187	0.00890	0.01335	0.01335	0.01483	0.01038	0.01038	0.01483	0.01335	0.01928	0.02225	0.03264	0.02077	0.06231	0.67512	0.01335	0.02225	0.00890	0.00445	0.00742
17	0.01187	0.00890	0.01335	0.01335	0.01483	0.01038	0.01038	0.01483	0.01335	0.01928	0.02225	0.03264	0.02077	0.06231	0.67512	0.01335	0.02225	0.00890	0.00445	0.00742
18	0.01569	0.01477	0.02492	0.68808	0.05722	0.01846	0.02307	0.02123	0.01661	0.02123	0.01477	0.02215	0.01107	0.00831	0.00831	0.00277	0.01107	0.00738	0.00369	0.00923
19	0.01549	0.00774	0.00774	0.00774	0.00968	0.00774	0.00581	0.01936	0.01742	0.03097	0.02710	0.03097	0.02129	0.00968	0.00581	0.00194	0.00387	0.00774	0.75416	0.00774
20	0.01999	0.01717	0.01820	0.01657	0.02099	0.01978	0.01280	0.04207	0.60139	0.03389	0.03458	0.07377	0.02724	0.01221	0.00859	0.00285	0.00646	0.01030	0.00841	0.01274
21	0.01666	0.04297	0.66500	0.02368	0.03596	0.01929	0.03069	0.02631	0.01754	0.02631	0.01491	0.01754	0.01052	0.00789	0.00789	0.00263	0.01228	0.00614	0.00351	0.01228
22	0.76672	0.01607	0.01221	0.01092	0.01607	0.01864	0.00900	0.02442	0.01414	0.03727	0.01157	0.01350	0.00900	0.00771	0.00514	0.00257	0.00643	0.00450	0.00514	0.00900
23	0.02080	0.01863	0.02749	0.18668	0.30856	0.02037	0.02117	0.10181	0.15125	0.03044	0.01976	0.02304	0.01535	0.00873	0.00830	0.00261	0.00937	0.00782	0.00544	0.01237
24	0.02339	0.05242	0.02733	0.02412	0.10089	0.05853	0.07725	0.07278	0.01921	0.13705	0.01919	0.06811	0.01635	0.01191	0.01505	0.00294	0.24822	0.00864	0.00560	0.01102
25	0.02246	0.13709	0.06272	0.02583	0.17392	0.06546	0.03822	0.02980	0.12715	0.09548	0.04993	0.02327	0.01824	0.00967	0.00992	0.00256	0.08328	0.00758	0.00562	0.01180
26	0.01711	0.01358	0.01516	0.01489	0.04542	0.01418	0.01099	0.02911	0.29907	0.06904	0.05307	0.05275	0.26979	0.01546	0.00913	0.00284	0.00589	0.04394	0.00805	0.01053
27	0.01021	0.00730	0.00972	0.01151	0.01207	0.00681	0.00772	0.01179	0.01631	0.02185	0.07819	0.66837	0.05620	0.02554	0.01056	0.00333	0.00477	0.02316	0.00779	0.00681
28	0.19343	0.02450	0.13608	0.15647	0.03016	0.12970	0.01740	0.08607	0.01974	0.02990	0.01559	0.01883	0.01185	0.00845	0.00709	0.00247	0.00991	0.00619	0.08601	0.01013
29	0.02221	0.71304	0.04353	0.01421	0.02132	0.03287	0.01421	0.02488	0.01688	0.01955	0.01155	0.01333	0.01066	0.00711	0.00533	0.00178	0.00888	0.00444	0.00355	0.01066
30	0.02528	0.02024	0.05696	0.01784	0.02327	0.02105	0.01505	0.31602	0.15819	0.08138	0.02436	0.05410	0.01902	0.01629	0.07566	0.00375	0.04269	0.00871	0.00757	0.01258
31	0.03158	0.02327	0.02493	0.01911	0.02576	0.02576	0.01579	0.62852	0.03906	0.05236	0.01995	0.01995	0.01413	0.00997	0.00831	0.00249	0.00914	0.00748	0.00831	0.01413
32	0.76672	0.01607	0.01221	0.01092	0.01607	0.01864	0.00900	0.02442	0.01414	0.03727	0.01157	0.01350	0.00900	0.00771	0.00514	0.00257	0.00643	0.00450	0.00514	0.00900
33	0.01549	0.00774	0.00774	0.00774	0.00968	0.00774	0.00581	0.01936	0.01742	0.03097	0.02710	0.03097	0.02129	0.00968	0.00581	0.00194	0.00387	0.00774	0.75416	0.00774
34	0.17026	0.06145	0.02260	0.01913	0.02292	0.40023	0.01500	0.02870	0.01944	0.02350	0.01218	0.01521	0.01041	0.00943	0.01056	0.00248	0.13725	0.00550	0.00430	0.00946
35	0.01569	0.01477	0.02492	0.68808	0.05722	0.01846	0.02307	0.02123	0.01661	0.02123	0.01477	0.02215	0.01107	0.00831	0.00831	0.00277	0.01107	0.00738	0.00369	0.00923
36	0.01709	0.01336	0.01461	0.01305	0.01687	0.01360	0.00987	0.06772	0.22652	0.05255	0.04304	0.11063	0.17580	0.09001	0.01240	0.00323	0.00615	0.01239	0.00750	0.09363
37	0.11645	0.01435	0.01851	0.01436	0.02065	0.01291	0.01186	0.03874	0.02273	0.59417	0.03047	0.02667	0.01931	0.01000	0.00801	0.00257	0.00700	0.00794	0.00972	0.01358
38	0.01814	0.01420	0.01770	0.01563	0.01803	0.01681	0.01233	0.15225	0.06051	0.02788	0.02112	0.02958	0.01894	0.11303	0.25747	0.00730	0.13952	0.00864	0.04160	0.00931
39	0.00984	0.00834	0.00850	0.00862	0.01128	0.00700	0.00640	0.01190	0.01873	0.02236	0.08162	0.12120	0.61325	0.02137	0.00987	0.00284	0.00425	0.01794	0.00771	0.00700
40	0.01886	0.01821	0.03162	0.26574	0.41808	0.01938	0.05933	0.02411	0.01818	0.02511	0.01540	0.02120	0.01242	0.00768	0.00834	0.00259	0.01052	0.00753	0.00397	0.01172
41	0.03103	0.03959	0.02354	0.02140	0.02568	0.67469	0.01605	0.03317	0.02354	0.02033	0.01284	0.01498	0.01070	0.00856	0.00749	0.00214	0.01498	0.00535	0.00428	0.00963
42	0.01655	0.17830	0.02218	0.01447	0.01775	0.01788	0.01215	0.07848	0.01672	0.02267	0.01902	0.02619	0.01730	0.04203	0.42313	0.00912	0.04493	0.00763	0.00459	0.00892
43	0.19719	0.16455	0.06893	0.17178	0.19988	0.02192	0.01900	0.02422	0.01676	0.02661	0.01357	0.01752	0.01102	0.00764	0.00688	0.00242	0.00926	0.00601	0.00411	0.01073
44	0.02092	0.10262	0.29220	0.02645	0.06237	0.14759	0.17944	0.02753	0.01923	0.02460	0.01470	0.01802	0.01123	0.00769	0.00807	0.00249	0.01280	0.00682	0.00387	0.01137
45	0.06668	0.02475	0.09623	0.02063	0.02680	0.06482	0.06177	0.32422	0.02818	0.07516	0.01767	0.01942	0.01302	0.01001	0.01095	0.00269	0.11089	0.00723	0.00648	0.01241

[dist]
# distance from previous block
# <min> <max>
0	3

[block]
# block no. 1 follows, 22 sequences, length 17
# corresponding to MSA columns:
# 1419-1435
name=unknown_B
#
# <colnr> <probs for GDERKNQSTAVLIFYWHMCP>
#	G	D	E	R	K	N	Q	S	T	A	V	L	I	F	Y	W	H	M	C	P
0	0.07988	0.49321	0.12590	0.01591	0.02343	0.06005	0.01629	0.06072	0.01837	0.02381	0.01257	0.01439	0.01072	0.00750	0.00595	0.00202	0.00947	0.00490	0.00398	0.01091
1	0.02754	0.02131	0.02498	0.13532	0.03084	0.02447	0.01728	0.46496	0.03265	0.04386	0.01818	0.02016	0.01329	0.01012	0.01013	0.00265	0.07498	0.00744	0.00706	0.01280
2	0.01517	0.01241	0.01493	0.01161	0.01696	0.00986	0.00909	0.01895	0.01959	0.02941	0.25383	0.03405	0.03710	0.01022	0.00752	0.00175	0.00531	0.00871	0.00651	0.47702
3	0.01443	0.00722	0.01082	0.01082	0.01082	0.00722	0.00722	0.01082	0.01082	0.01443	0.01443	0.02525	0.01443	0.02886	0.03247	0.75830	0.00722	0.00722	0.00361	0.00361
4	0.01330	0.01389	0.10396	0.01528	0.01833	0.01098	0.01411	0.01730	0.01660	0.02263	0.03218	0.06245	0.03345	0.10413	0.19286	0.00667	0.01227	0.29571	0.00593	0.00796
5	0.01173	0.00826	0.01075	0.01102	0.01164	0.00875	0.00742	0.01304	0.01309	0.01801	0.02744	0.13678	0.03012	0.37045	0.27533	0.00939	0.01293	0.01250	0.00519	0.00617
6	0.02030	0.02046	0.03784	0.04669	0.49129	0.02008	0.18713	0.02580	0.01910	0.02700	0.01594	0.02106	0.01301	0.00729	0.00865	0.00256	0.01098	0.00805	0.00414	0.01263
7	0.01060	0.00765	0.00928	0.01037	0.01111	0.00714	0.00676	0.01176	0.01537	0.02004	0.04682	0.42570	0.14666	0.20876	0.01900	0.00454	0.00559	0.01951	0.00699	0.00633
8	0.01828	0.02452	0.20084	0.12992	0.35672	0.01866	0.02563	0.02448	0.01824	0.02592	0.01748	0.02556	0.01481	0.00885	0.00840	0.00266	0.01052	0.05241	0.00416	0.01195
9	0.02329	0.03057	0.11427	0.20291	0.07216	0.31811	0.02070	0.02753	0.01973	0.02178	0.01366	0.01784	0.01094	0.00879	0.00934	0.00251	0.06558	0.00628	0.00395	0.01006
10	0.12658	0.17775	0.02992	0.05393	0.25821	0.12108	0.01820	0.02763	0.06600	0.02618	0.01508	0.01797	0.01250	0.00788	0.00705	0.00232	0.00973	0.00617	0.00447	0.01134
11	0.01744	0.03487	0.43801	0.07824	0.03975	0.01972	0.20174	0.02600	0.01806	0.02600	0.01544	0.01930	0.01117	0.00767	0.00848	0.00269	0.01268	0.00729	0.00372	0.01173
12	0.01007	0.00742	0.00944	0.01105	0.01191	0.00679	0.00748	0.01163	0.01640	0.02141	0.05210	0.60018	0.15332	0.02521	0.01047	0.00328	0.00472	0.02262	0.00771	0.00679
13	0.01031	0.00776	0.00955	0.01053	0.01189	0.00700	0.00736	0.01235	0.01799	0.02356	0.15722	0.42817	0.21977	0.02318	0.01026	0.00309	0.00450	0.02055	0.00795	0.00700
14	0.01923	0.16258	0.04729	0.01454	0.01896	0.21616	0.01219	0.02183	0.01944	0.02113	0.04014	0.04048	0.25242	0.01703	0.05901	0.00319	0.01015	0.01004	0.00540	0.00880
15	0.01843	0.01974	0.01495	0.01472	0.01679	0.25792	0.01047	0.02004	0.01812	0.01992	0.03096	0.23191	0.07543	0.14291	0.06630	0.00447	0.01051	0.01313	0.00570	0.00760
16	0.01962	0.23901	0.25891	0.02902	0.19901	0.02368	0.06982	0.02568	0.01787	0.02450	0.01422	0.01744	0.01143	0.00745	0.00735	0.00234	0.01073	0.00624	0.00374	0.01194

[dist]
# distance from previous block
# <min> <max>
5	7

[block]
# block no. 2 follows, 22 sequences, length 49
# corresponding to MSA columns:
# 1443-1491
name=unknown_C
#
# <colnr> <probs for GDERKNQSTAVLIFYWHMCP>
#	G	D	E	R	K	N	Q	S	T	A	V	L	I	F	Y	W	H	M	C	P
0	0.02098	0.02054	0.03331	0.04979	0.63069	0.04626	0.02511	0.02581	0.01910	0.02686	0.01551	0.02033	0.01306	0.00745	0.00819	0.00245	0.01008	0.00732	0.00412	0.01302
1	0.17613	0.02044	0.11198	0.02390	0.17595	0.01682	0.01723	0.05644	0.01964	0.18316	0.01892	0.02011	0.01366	0.00819	0.00732	0.00238	0.00833	0.00655	0.00602	0.10681
2	0.02835	0.03565	0.02163	0.01976	0.02385	0.59022	0.01482	0.03048	0.02296	0.02060	0.02186	0.02320	0.09195	0.01014	0.00779	0.00222	0.01362	0.00689	0.00471	0.00930
3	0.01291	0.01035	0.01497	0.01438	0.01550	0.01265	0.01122	0.01545	0.01314	0.01914	0.02072	0.03206	0.01993	0.10740	0.51755	0.01133	0.13054	0.00890	0.00437	0.00749
4	0.01549	0.00774	0.00774	0.00774	0.00968	0.00774	0.00581	0.01936	0.01742	0.03097	0.02710	0.03097	0.02129	0.00968	0.00581	0.00194	0.00387	0.00774	0.75416	0.00774
5	0.01005	0.00753	0.00933	0.01078	0.01184	0.00681	0.00736	0.01166	0.01666	0.02152	0.05539	0.54684	0.20453	0.02478	0.01041	0.00323	0.00467	0.02209	0.00771	0.00681
6	0.02204	0.07426	0.03202	0.09547	0.45422	0.13040	0.02287	0.02639	0.01935	0.02495	0.01479	0.01922	0.01239	0.00765	0.00789	0.00239	0.01075	0.00684	0.00406	0.01206
7	0.01052	0.00754	0.00999	0.01130	0.01214	0.00701	0.00774	0.01256	0.01775	0.02414	0.19248	0.54757	0.06062	0.02384	0.01041	0.00319	0.00460	0.02154	0.00806	0.00701
8	0.09686	0.02065	0.02159	0.01693	0.02284	0.02283	0.01390	0.49613	0.03404	0.04827	0.02008	0.02075	0.01456	0.00973	0.00770	0.00243	0.00823	0.00724	0.10239	0.01285
9	0.76672	0.01607	0.01221	0.01092	0.01607	0.01864	0.00900	0.02442	0.01414	0.03727	0.01157	0.01350	0.00900	0.00771	0.00514	0.00257	0.00643	0.00450	0.00514	0.00900
10	0.02045	0.02005	0.03550	0.04913	0.58477	0.01989	0.09552	0.02563	0.01900	0.02708	0.01576	0.02078	0.01309	0.00736	0.00841	0.00251	0.01035	0.00768	0.00412	0.01293
11	0.06746	0.02292	0.02431	0.01871	0.02529	0.02541	0.01546	0.59904	0.03784	0.05162	0.01954	0.01963	0.01388	0.00986	0.00816	0.00250	0.00901	0.00733	0.00816	0.01388
12	0.02561	0.02867	0.02723	0.11554	0.24163	0.32764	0.02010	0.06932	0.02216	0.02490	0.01450	0.01810	0.01181	0.00823	0.00790	0.00235	0.01237	0.00644	0.00442	0.01107
13	0.04535	0.00803	0.00861	0.00855	0.01005	0.00813	0.00608	0.01722	0.01551	0.02660	0.02422	0.03219	0.02074	0.09926	0.01479	0.13031	0.00506	0.00806	0.50447	0.00676
14	0.01187	0.00890	0.01335	0.01335	0.01483	0.01038	0.01038	0.01483	0.01335	0.01928	0.02225	0.03264	0.02077	0.06231	0.67512	0.01335	0.02225	0.00890	0.00445	0.00742
15	0.01027	0.00824	0.00917	0.00934	0.01160	0.00714	0.00685	0.01265	0.01941	0.02451	0.19638	0.17520	0.43807	0.02099	0.00994	0.00286	0.00424	0.01798	0.00801	0.00714
16	0.01754	0.03334	0.40531	0.08221	0.08645	0.02000	0.13972	0.02546	0.01763	0.02559	0.01503	0.01910	0.01119	0.00817	0.00962	0.00273	0.05843	0.00710	0.00371	0.01168
17	0.01070	0.00845	0.00964	0.00934	0.01176	0.00739	0.00701	0.01363	0.02102	0.02739	0.34254	0.07180	0.39138	0.01919	0.00981	0.00272	0.00408	0.01639	0.00837	0.00739
18	0.01865	0.03397	0.45055	0.02361	0.08893	0.01743	0.02535	0.02639	0.01808	0.07382	0.01628	0.01856	0.01181	0.00773	0.00767	0.00238	0.01064	0.00622	0.00430	0.13763
19	0.03040	0.02257	0.02430	0.01856	0.02526	0.02456	0.01530	0.57876	0.03727	0.05029	0.01952	0.01972	0.01398	0.00966	0.00813	0.00239	0.00890	0.00727	0.00803	0.07512
20	0.02221	0.71304	0.04353	0.01421	0.02132	0.03287	0.01421	0.02488	0.01688	0.01955	0.01155	0.01333	0.01066	0.00711	0.00533	0.00178	0.00888	0.00444	0.00355	0.01066
21	0.02966	0.06895	0.02509	0.02048	0.02516	0.42407	0.01606	0.18200	0.02623	0.02835	0.01441	0.01641	0.01158	0.00933	0.00920	0.00233	0.06871	0.00600	0.00521	0.01078
22	0.01549	0.00774	0.00774	0.00774	0.00968	0.00774	0.00581	0.01936	0.01742	0.03097	0.02710	0.03097	0.02129	0.00968	0.00581	0.00194	0.00387	0.00774	0.75416	0.00774
23	0.01039	0.00743	0.00992	0.01166	0.01232	0.00696	0.00798	0.01214	0.01662	0.02228	0.09081	0.62665	0.05636	0.02521	0.01058	0.00334	0.00488	0.04978	0.00782	0.00687
24	0.01666	0.04297	0.66500	0.02368	0.03596	0.01929	0.03069	0.02631	0.01754	0.02631	0.01491	0.01754	0.01052	0.00789	0.00789	0.00263	0.01228	0.00614	0.00351	0.01228
25	0.01010	0.00732	0.00955	0.01133	0.01199	0.00677	0.00761	0.01159	0.01613	0.02130	0.04864	0.65628	0.09945	0.02566	0.01055	0.00333	0.00477	0.02316	0.00771	0.00677
26	0.01012	0.00723	0.00964	0.01157	0.01205	0.00675	0.00771	0.01157	0.01591	0.02121	0.04579	0.70262	0.05495	0.02603	0.01060	0.00337	0.00482	0.02362	0.00771	0.00675
27	0.76672	0.01607	0.01221	0.01092	0.01607	0.01864	0.00900	0.02442	0.01414	0.03727	0.01157	0.01350	0.00900	0.00771	0.00514	0.00257	0.00643	0.00450	0.00514	0.00900
28	0.76672	0.01607	0.01221	0.01092	0.01607	0.01864	0.00900	0.02442	0.01414	0.03727	0.01157	0.01350	0.00900	0.00771	0.00514	0.00257	0.00643	0.00450	0.00514	0.00900
29	0.03106	0.03874	0.02361	0.02128	0.02569	0.64074	0.01604	0.06432	0.02435	0.02201	0.01321	0.01524	0.01088	0.00863	0.00753	0.00216	0.01468	0.00546	0.00449	0.00987
30	0.01187	0.00890	0.01335	0.01335	0.01483	0.01038	0.01038	0.01483	0.01335	0.01928	0.02225	0.03264	0.02077	0.06231	0.67512	0.01335	0.02225	0.00890	0.00445	0.00742
31	0.02696	0.01881	0.01999	0.01585	0.02114	0.02058	0.01292	0.45348	0.03284	0.04621	0.02200	0.02311	0.01619	0.00989	0.00759	0.00233	0.00763	0.00756	0.22262	0.01229
32	0.01733	0.01437	0.01606	0.01551	0.01917	0.01590	0.01247	0.03268	0.38965	0.03049	0.04231	0.05485	0.10043	0.01578	0.00949	0.00311	0.00663	0.18477	0.00814	0.01086
33	0.03031	0.09475	0.02518	0.02081	0.02533	0.62213	0.01590	0.03249	0.02300	0.02027	0.01274	0.01485	0.01070	0.00844	0.00731	0.00211	0.01448	0.00528	0.00422	0.00972
34	0.01666	0.04297	0.66500	0.02368	0.03596	0.01929	0.03069	0.02631	0.01754	0.02631	0.01491	0.01754	0.01052	0.00789	0.00789	0.00263	0.01228	0.00614	0.00351	0.01228
35	0.01988	0.02199	0.07431	0.19771	0.34504	0.07695	0.06886	0.02507	0.01849	0.02475	0.01504	0.02030	0.01214	0.00800	0.00900	0.00259	0.03708	0.00731	0.00397	0.01154
36	0.03175	0.01991	0.02229	0.01722	0.02347	0.02116	0.01418	0.44154	0.03377	0.19760	0.02357	0.02277	0.01621	0.01003	0.00813	0.00247	0.00825	0.00771	0.06430	0.01366
37	0.01006	0.00843	0.00876	0.00867	0.01137	0.00712	0.00650	0.01240	0.01951	0.02382	0.15598	0.07769	0.58017	0.02053	0.00982	0.00278	0.00417	0.01722	0.00790	0.00712
38	0.01846	0.02116	0.08459	0.19198	0.18873	0.09463	0.04887	0.02290	0.01768	0.02316	0.01876	0.11519	0.01768	0.01119	0.01068	0.00279	0.08745	0.00941	0.00443	0.01026
39	0.00982	0.00842	0.00842	0.00842	0.01122	0.00701	0.00631	0.01192	0.01894	0.02244	0.08416	0.07995	0.65285	0.02104	0.00982	0.00281	0.00421	0.01753	0.00771	0.00701
40	0.02056	0.01974	0.03372	0.05099	0.65622	0.01974	0.02550	0.02550	0.01892	0.02714	0.01563	0.02056	0.01316	0.00740	0.00822	0.00247	0.00987	0.00740	0.00411	0.01316
41	0.02119	0.02204	0.03320	0.12572	0.42114	0.10534	0.09930	0.02610	0.01932	0.02544	0.01530	0.02026	0.01250	0.00762	0.00834	0.00250	0.01121	0.00743	0.00409	0.01196
42	0.01736	0.12775	0.58637	0.02248	0.03410	0.02101	0.02861	0.02613	0.01746	0.02545	0.01448	0.01701	0.01054	0.00779	0.00757	0.00252	0.01185	0.00592	0.00351	0.01207
43	0.00982	0.00842	0.00842	0.00842	0.01122	0.00701	0.00631	0.01192	0.01894	0.02244	0.08416	0.07995	0.65285	0.02104	0.00982	0.00281	0.00421	0.01753	0.00771	0.00701
44	0.01960	0.01714	0.09904	0.01554	0.01966	0.01512	0.04274	0.12253	0.01986	0.08053	0.02229	0.03051	0.01907	0.15605	0.06610	0.00446	0.07189	0.00857	0.15967	0.00963
45	0.02052	0.01986	0.03442	0.05025	0.62798	0.01980	0.05317	0.02555	0.01895	0.02712	0.01568	0.02065	0.01313	0.00738	0.00830	0.00248	0.01006	0.00751	0.00412	0.01307
46	0.02740	0.08982	0.02701	0.08000	0.12814	0.43159	0.01796	0.05934	0.02244	0.02298	0.01368	0.01656	0.01129	0.00830	0.00753	0.00223	0.01305	0.00587	0.00434	0.01046
47	0.01033	0.00771	0.00951	0.01056	0.01177	0.00700	0.00728	0.01219	0.01745	0.02283	0.13096	0.44459	0.20163	0.05131	0.01160	0.00333	0.00469	0.02059	0.00779	0.00688
48	0.17214	0.01720	0.01755	0.01524	0.01991	0.01930	0.01204	0.20466	0.22884	0.03836	0.02669	0.11698	0.02273	0.01215	0.00794	0.00272	0.00694	0.00975	0.03737	0.01150

[dist]
# distance from previous block
# <min> <max>
1	11

[block]
# block no. 3 follows, 22 sequences, length 10
# corresponding to MSA columns:
# 1504-1513
name=unknown_D
#
# <colnr> <probs for GDERKNQSTAVLIFYWHMCP>
#	G	D	E	R	K	N	Q	S	T	A	V	L	I	F	Y	W	H	M	C	P
0	0.01943	0.37689	0.35530	0.01896	0.02866	0.02606	0.02248	0.02559	0.01721	0.02294	0.01323	0.01544	0.01059	0.00750	0.00662	0.00221	0.01059	0.00529	0.00353	0.01147
1	0.02480	0.03027	0.01932	0.01782	0.02158	0.47457	0.01339	0.02698	0.02180	0.02076	0.03026	0.03143	0.16274	0.01496	0.05096	0.00302	0.01291	0.00845	0.00510	0.00887
2	0.03051	0.03471	0.02299	0.02041	0.02507	0.51963	0.01555	0.08805	0.08043	0.06134	0.01651	0.01763	0.01289	0.00903	0.00770	0.00226	0.01325	0.00608	0.00536	0.01061
3	0.01666	0.04297	0.66500	0.02368	0.03596	0.01929	0.03069	0.02631	0.01754	0.02631	0.01491	0.01754	0.01052	0.00789	0.00789	0.00263	0.01228	0.00614	0.00351	0.01228
4	0.76672	0.01607	0.01221	0.01092	0.01607	0.01864	0.00900	0.02442	0.01414	0.03727	0.01157	0.01350	0.00900	0.00771	0.00514	0.00257	0.00643	0.00450	0.00514	0.00900
5	0.01208	0.00805	0.00906	0.00906	0.00906	0.00805	0.00503	0.01208	0.01208	0.01611	0.02618	0.05436	0.03020	0.70804	0.04228	0.00805	0.00805	0.01208	0.00503	0.00503
6	0.02208	0.01753	0.01883	0.01672	0.02157	0.01994	0.01307	0.04383	0.58858	0.08822	0.03372	0.03076	0.02495	0.01119	0.00844	0.00280	0.00662	0.00930	0.00861	0.01323
7	0.01208	0.00805	0.00906	0.00906	0.00906	0.00805	0.00503	0.01208	0.01208	0.01611	0.02618	0.05436	0.03020	0.70804	0.04228	0.00805	0.00805	0.01208	0.00503	0.00503
8	0.01690	0.04130	0.61480	0.02460	0.03656	0.01943	0.07921	0.02633	0.01771	0.02633	0.01506	0.01794	0.01069	0.00782	0.00805	0.00264	0.01242	0.00644	0.00356	0.01219
9	0.01310	0.00947	0.01298	0.01474	0.01672	0.00935	0.01281	0.01678	0.01911	0.02466	0.04726	0.09259	0.09712	0.02279	0.01134	0.00374	0.00737	0.55281	0.00765	0.00760

[dist]
# distance from previous block
# <min> <max>
0	93

[block]
# block no. 4 follows, 22 sequences, length 74
# corresponding to MSA columns:
# 1609-1682
name=unknown_E
#
# <colnr> <probs for GDERKNQSTAVLIFYWHMCP>
#	G	D	E	R	K	N	Q	S	T	A	V	L	I	F	Y	W	H	M	C	P
0	0.11609	0.18872	0.02820	0.01931	0.02457	0.41297	0.05003	0.02987	0.02068	0.02254	0.01262	0.01486	0.01060	0.00804	0.00685	0.00215	0.01252	0.00530	0.00421	0.00988
1	0.01921	0.02522	0.17813	0.07800	0.35614	0.01983	0.15053	0.02566	0.01862	0.02651	0.01566	0.02035	0.01233	0.00748	0.00848	0.00259	0.01133	0.00761	0.00397	0.01233
2	0.02159	0.02239	0.02871	0.04003	0.44904	0.15350	0.02127	0.02545	0.01929	0.02473	0.01751	0.06300	0.01619	0.04956	0.01020	0.00278	0.01051	0.00824	0.00442	0.01157
3	0.01199	0.00842	0.01093	0.01093	0.01158	0.00907	0.00737	0.01328	0.01264	0.01749	0.02446	0.04488	0.02609	0.42623	0.31846	0.01037	0.01425	0.01069	0.00478	0.00607
4	0.01756	0.02317	0.16351	0.22345	0.07735	0.01881	0.19367	0.02396	0.01771	0.02479	0.01527	0.02044	0.01165	0.00778	0.00911	0.00258	0.03768	0.00751	0.00397	0.10002
5	0.01208	0.00805	0.00906	0.00906	0.00906	0.00805	0.00503	0.01208	0.01208	0.01611	0.02618	0.05436	0.03020	0.70804	0.04228	0.00805	0.00805	0.01208	0.00503	0.00503
6	0.02155	0.63315	0.11763	0.01534	0.02307	0.03125	0.01618	0.02505	0.01696	0.02035	0.01195	0.01383	0.01064	0.00720	0.00564	0.00188	0.00929	0.00464	0.00355	0.01085
7	0.02411	0.02105	0.02603	0.02898	0.22968	0.05442	0.01825	0.20897	0.16602	0.03561	0.02059	0.02219	0.01593	0.00946	0.00928	0.00255	0.04845	0.00766	0.00636	0.04439
8	0.01208	0.00805	0.00906	0.00906	0.00906	0.00805	0.00503	0.01208	0.01208	0.01611	0.02618	0.05436	0.03020	0.70804	0.04228	0.00805	0.00805	0.01208	0.00503	0.00503
9	0.01779	0.01496	0.01748	0.01275	0.01980	0.01189	0.01021	0.05571	0.01829	0.02814	0.01544	0.01815	0.01283	0.00918	0.03969	0.00191	0.00713	0.00527	0.00509	0.67828
10	0.01330	0.00992	0.01116	0.01092	0.01332	0.00949	0.00813	0.08644	0.02067	0.02713	0.12032	0.20699	0.28203	0.05951	0.01153	0.00317	0.00526	0.04200	0.05088	0.00785
11	0.09180	0.05666	0.16664	0.01642	0.02318	0.01745	0.01586	0.14550	0.02237	0.21312	0.02226	0.02607	0.01695	0.11445	0.01292	0.00336	0.00884	0.00770	0.00677	0.01171
12	0.01687	0.01625	0.02294	0.02005	0.02036	0.02232	0.01656	0.01892	0.01285	0.01985	0.01326	0.02118	0.01295	0.02445	0.16170	0.00565	0.55369	0.00761	0.00380	0.00874
13	0.01010	0.00730	0.00957	0.01139	0.01200	0.00676	0.00763	0.01159	0.01608	0.02128	0.04800	0.66667	0.08947	0.02574	0.01056	0.00334	0.00478	0.02327	0.00771	0.00676
14	0.01970	0.01886	0.03216	0.16375	0.55020	0.01951	0.02507	0.02474	0.01851	0.02609	0.01547	0.02084	0.01279	0.00756	0.00824	0.00252	0.01008	0.00740	0.00404	0.01246
15	0.02495	0.01997	0.02120	0.01777	0.02324	0.02266	0.01419	0.27353	0.40485	0.04166	0.02837	0.02666	0.02095	0.01076	0.00840	0.00269	0.00758	0.00864	0.00840	0.01353
16	0.01174	0.01025	0.01288	0.04625	0.10078	0.00935	0.00984	0.01456	0.01927	0.02409	0.12721	0.06745	0.47995	0.01820	0.00953	0.00274	0.00527	0.01544	0.00718	0.00803
17	0.01806	0.01672	0.02786	0.06890	0.48447	0.01679	0.02125	0.02217	0.01798	0.02534	0.02164	0.14912	0.02155	0.03943	0.01006	0.00288	0.00891	0.01061	0.00480	0.01147
18	0.01048	0.00805	0.00923	0.00974	0.01132	0.00730	0.00676	0.01220	0.01700	0.02158	0.09589	0.24757	0.32091	0.13736	0.04290	0.00426	0.00574	0.01783	0.00722	0.00668
19	0.11701	0.07163	0.02452	0.02331	0.09998	0.48237	0.01624	0.03075	0.02150	0.02313	0.01295	0.01538	0.01079	0.00824	0.00718	0.00221	0.01301	0.00544	0.00432	0.01004
20	0.06684	0.20830	0.03007	0.05015	0.14419	0.32315	0.01724	0.02863	0.02015	0.02238	0.01303	0.01580	0.01107	0.00791	0.00697	0.00216	0.01181	0.00553	0.00409	0.01051
21	0.01330	0.01101	0.01610	0.01527	0.01642	0.01380	0.01215	0.01601	0.01321	0.01945	0.01968	0.02935	0.01853	0.05146	0.52801	0.01114	0.17453	0.00853	0.00427	0.00780
22	0.01187	0.00890	0.01335	0.01335	0.01483	0.01038	0.01038	0.01483	0.01335	0.01928	0.02225	0.03264	0.02077	0.06231	0.67512	0.01335	0.02225	0.00890	0.00445	0.00742
23	0.01443	0.00722	0.01082	0.01082	0.01082	0.00722	0.00722	0.01082	0.01082	0.01443	0.01443	0.02525	0.01443	0.02886	0.03247	0.75830	0.00722	0.00722	0.00361	0.00361
24	0.02227	0.01651	0.01765	0.01463	0.01929	0.01771	0.01171	0.30661	0.10779	0.04007	0.09354	0.03806	0.14464	0.01287	0.00846	0.00254	0.00676	0.01038	0.09722	0.01130
25	0.02348	0.02628	0.02205	0.01972	0.02236	0.31712	0.01546	0.06006	0.01929	0.02187	0.01465	0.01981	0.01304	0.02142	0.15096	0.00490	0.20713	0.00675	0.00437	0.00928
26	0.01083	0.00846	0.00983	0.00948	0.01184	0.00745	0.00711	0.01389	0.02134	0.02814	0.38173	0.07057	0.35172	0.01891	0.00981	0.00270	0.00406	0.01622	0.00846	0.00745
27	0.03158	0.02327	0.02493	0.01911	0.02576	0.02576	0.01579	0.62852	0.03906	0.05236	0.01995	0.01995	0.01413	0.00997	0.00831	0.00249	0.00914	0.00748	0.00831	0.01413
28	0.00993	0.00842	0.00857	0.00853	0.01129	0.00706	0.00640	0.01214	0.01920	0.02306	0.11663	0.07893	0.61999	0.02081	0.00982	0.00279	0.00419	0.01739	0.00780	0.00706
29	0.01126	0.00897	0.01015	0.00977	0.01231	0.00813	0.00735	0.01533	0.05532	0.02783	0.32742	0.06949	0.36918	0.01874	0.00973	0.00272	0.00421	0.01600	0.00838	0.00771
30	0.01208	0.00805	0.00906	0.00906	0.00906	0.00805	0.00503	0.01208	0.01208	0.01611	0.02618	0.05436	0.03020	0.70804	0.04228	0.00805	0.00805	0.01208	0.00503	0.00503
31	0.03103	0.03959	0.02354	0.02140	0.02568	0.67469	0.01605	0.03317	0.02354	0.02033	0.01284	0.01498	0.01070	0.00856	0.00749	0.00214	0.01498	0.00535	0.00428	0.00963
32	0.01018	0.00767	0.00946	0.01084	0.01204	0.00695	0.00756	0.01191	0.01690	0.02171	0.05653	0.50041	0.22331	0.02449	0.01042	0.00323	0.00477	0.04705	0.00771	0.00686
33	0.17664	0.01843	0.01851	0.01606	0.02119	0.02114	0.01276	0.14318	0.40549	0.03838	0.02677	0.02543	0.02000	0.01031	0.00774	0.00271	0.00700	0.00804	0.00774	0.01246
34	0.00982	0.00842	0.00842	0.00842	0.01122	0.00701	0.00631	0.01192	0.01894	0.02244	0.08416	0.07995	0.65285	0.02104	0.00982	0.00281	0.00421	0.01753	0.00771	0.00701
35	0.02221	0.71304	0.04353	0.01421	0.02132	0.03287	0.01421	0.02488	0.01688	0.01955	0.01155	0.01333	0.01066	0.00711	0.00533	0.00178	0.00888	0.00444	0.00355	0.01066
36	0.01012	0.00723	0.00964	0.01157	0.01205	0.00675	0.00771	0.01157	0.01591	0.02121	0.04579	0.70262	0.05495	0.02603	0.01060	0.00337	0.00482	0.02362	0.00771	0.00675
37	0.00982	0.00842	0.00842	0.00842	0.01122	0.00701	0.00631	0.01192	0.01894	0.02244	0.08416	0.07995	0.65285	0.02104	0.00982	0.00281	0.00421	0.01753	0.00771	0.00701
38	0.01191	0.00873	0.01247	0.01247	0.01364	0.00990	0.00928	0.01427	0.01309	0.01863	0.02306	0.03712	0.02272	0.19564	0.54445	0.01226	0.01932	0.00956	0.00457	0.00693
39	0.01135	0.00848	0.01054	0.01002	0.01216	0.00766	0.00752	0.01488	0.02255	0.03102	0.53181	0.06584	0.19985	0.01784	0.00980	0.00265	0.00398	0.01555	0.00884	0.00766
40	0.01017	0.00843	0.00890	0.00878	0.01143	0.00716	0.00659	0.01260	0.01976	0.02439	0.18594	0.07674	0.54986	0.02031	0.00981	0.00277	0.00416	0.01708	0.00797	0.00716
41	0.01009	0.00737	0.00949	0.01119	0.01195	0.00678	0.00754	0.01161	0.01627	0.02135	0.05036	0.62838	0.12624	0.02543	0.01051	0.00331	0.00475	0.02289	0.00771	0.00678
42	0.02766	0.02132	0.02272	0.01832	0.02427	0.02393	0.01484	0.41862	0.25535	0.04603	0.02493	0.02391	0.01816	0.01044	0.00836	0.00261	0.00822	0.00817	0.00836	0.01378
43	0.76672	0.01607	0.01221	0.01092	0.01607	0.01864	0.00900	0.02442	0.01414	0.03727	0.01157	0.01350	0.00900	0.00771	0.00514	0.00257	0.00643	0.00450	0.00514	0.00900
44	0.02205	0.28644	0.25293	0.01872	0.02685	0.13761	0.01993	0.06337	0.01964	0.02460	0.01423	0.01636	0.01136	0.00793	0.00680	0.00219	0.01088	0.00554	0.04145	0.01111
45	0.06189	0.36374	0.13776	0.01617	0.02295	0.05359	0.01625	0.07230	0.01834	0.02428	0.01458	0.01778	0.01247	0.01655	0.11517	0.00392	0.01178	0.00574	0.00419	0.01054
46	0.02839	0.06854	0.02650	0.02484	0.12793	0.29137	0.01724	0.21753	0.06292	0.03220	0.01665	0.01827	0.01301	0.00889	0.00780	0.00232	0.01150	0.00653	0.00571	0.01187
47	0.01187	0.00890	0.01335	0.01335	0.01483	0.01038	0.01038	0.01483	0.01335	0.01928	0.02225	0.03264	0.02077	0.06231	0.67512	0.01335	0.02225	0.00890	0.00445	0.00742
48	0.01208	0.00805	0.00906	0.00906	0.00906	0.00805	0.00503	0.01208	0.01208	0.01611	0.02618	0.05436	0.03020	0.70804	0.04228	0.00805	0.00805	0.01208	0.00503	0.00503
49	0.01063	0.00750	0.00975	0.01136	0.01184	0.00712	0.00758	0.01196	0.01545	0.02056	0.04243	0.56118	0.05044	0.13926	0.01592	0.00418	0.00551	0.05358	0.00726	0.00651
50	0.02065	0.11228	0.13274	0.20234	0.10917	0.14679	0.08058	0.02574	0.01849	0.02280	0.01414	0.01860	0.01124	0.00820	0.00874	0.00251	0.04386	0.00666	0.00385	0.01061
51	0.01525	0.01271	0.04105	0.01362	0.01684	0.01200	0.01112	0.02410	0.18792	0.05552	0.18273	0.14336	0.12113	0.01745	0.00967	0.00299	0.00588	0.10903	0.00816	0.00945
52	0.01327	0.00819	0.00933	0.00933	0.01135	0.00825	0.00710	0.01651	0.01672	0.02604	0.03881	0.04252	0.16457	0.02575	0.17835	0.00506	0.00866	0.01026	0.39241	0.00749
53	0.02169	0.02188	0.03262	0.04780	0.58831	0.09028	0.02448	0.02632	0.01941	0.02641	0.01533	0.01996	0.01289	0.00753	0.00815	0.00243	0.01042	0.00718	0.00413	0.01278
54	0.03047	0.03866	0.02363	0.02142	0.02551	0.64635	0.01614	0.03260	0.02307	0.02032	0.01276	0.01512	0.01071	0.00882	0.00835	0.00221	0.04458	0.00543	0.00425	0.00961
55	0.15470	0.01819	0.02244	0.05566	0.17760	0.01971	0.01619	0.22609	0.05098	0.03735	0.05634	0.06279	0.02067	0.01076	0.00808	0.00264	0.00822	0.03343	0.00650	0.01167
56	0.01187	0.00890	0.01335	0.01335	0.01483	0.01038	0.01038	0.01483	0.01335	0.01928	0.02225	0.03264	0.02077	0.06231	0.67512	0.01335	0.02225	0.00890	0.00445	0.00742
57	0.02815	0.01195	0.01592	0.01337	0.01805	0.01041	0.01055	0.03084	0.02147	0.44759	0.04126	0.18697	0.09647	0.01502	0.00902	0.00278	0.00625	0.01281	0.00942	0.01169
58	0.00982	0.00842	0.00842	0.00842	0.01122	0.00701	0.00631	0.01192	0.01894	0.02244	0.08416	0.07995	0.65285	0.02104	0.00982	0.00281	0.00421	0.01753	0.00771	0.00701
59	0.01208	0.00805	0.00906	0.00906	0.00906	0.00805	0.00503	0.01208	0.01208	0.01611	0.02618	0.05436	0.03020	0.70804	0.04228	0.00805	0.00805	0.01208	0.00503	0.00503
60	0.01187	0.00890	0.01335	0.01335	0.01483	0.01038	0.01038	0.01483	0.01335	0.01928	0.02225	0.03264	0.02077	0.06231	0.67512	0.01335	0.02225	0.00890	0.00445	0.00742
61	0.03043	0.03427	0.02313	0.02022	0.02495	0.49101	0.01551	0.17235	0.02690	0.02835	0.01518	0.01690	0.01200	0.00894	0.00760	0.00221	0.01309	0.00596	0.04039	0.01060
62	0.03020	0.03191	0.02355	0.02018	0.02531	0.38999	0.01568	0.23638	0.08962	0.03262	0.01732	0.01824	0.01331	0.00931	0.00786	0.00233	0.01217	0.00647	0.00606	0.01150
63	0.01465	0.01057	0.01296	0.01255	0.01456	0.01072	0.00928	0.11565	0.02155	0.02938	0.21101	0.26354	0.04984	0.09571	0.05181	0.00411	0.00679	0.04939	0.00774	0.00819
64	0.01048	0.00738	0.00953	0.01111	0.01150	0.00699	0.00722	0.01166	0.01521	0.02028	0.04221	0.58432	0.05043	0.15049	0.01638	0.00423	0.00541	0.02151	0.00722	0.00643
65	0.01187	0.00890	0.01335	0.01335	0.01483	0.01038	0.01038	0.01483	0.01335	0.01928	0.02225	0.03264	0.02077	0.06231	0.67512	0.01335	0.02225	0.00890	0.00445	0.00742
66	0.01838	0.01473	0.01735	0.01245	0.01978	0.01114	0.00998	0.02205	0.01760	0.06373	0.01581	0.01786	0.01278	0.00639	0.00628	0.00131	0.00621	0.00512	0.00523	0.71583
67	0.02066	0.01785	0.01878	0.01691	0.02160	0.02066	0.01315	0.04414	0.64121	0.03475	0.03381	0.03099	0.02536	0.01127	0.00845	0.00282	0.00657	0.00939	0.00845	0.01315
68	0.03103	0.03959	0.02354	0.02140	0.02568	0.67469	0.01605	0.03317	0.02354	0.02033	0.01284	0.01498	0.01070	0.00856	0.00749	0.00214	0.01498	0.00535	0.00428	0.00963
69	0.01208	0.00805	0.00906	0.00906	0.00906	0.00805	0.00503	0.01208	0.01208	0.01611	0.02618	0.05436	0.03020	0.70804	0.04228	0.00805	0.00805	0.01208	0.00503	0.00503
70	0.01205	0.00816	0.00959	0.00959	0.00977	0.00834	0.00569	0.01242	0.01224	0.01650	0.02569	0.05170	0.02905	0.62884	0.11991	0.00870	0.00980	0.01169	0.00496	0.00533
71	0.01381	0.01162	0.01255	0.01190	0.01525	0.01148	0.00895	0.02247	0.20853	0.02637	0.05604	0.17172	0.29974	0.01770	0.00923	0.00278	0.00520	0.01508	0.00771	0.07186
72	0.02155	0.63315	0.11763	0.01534	0.02307	0.03125	0.01618	0.02505	0.01696	0.02035	0.01195	0.01383	0.01064	0.00720	0.00564	0.00188	0.00929	0.00464	0.00355	0.01085
73	0.02765	0.02967	0.09921	0.01956	0.02563	0.24072	0.01683	0.26659	0.08737	0.03562	0.01870	0.01969	0.01403	0.00936	0.00786	0.00239	0.01092	0.00680	0.04947	0.01194

[dist]
# distance from previous block
# <min> <max>
0	1

[block]
# block no. 5 follows, 22 sequences, length 14
# corresponding to MSA columns:
# 1684-1697
name=unknown_F
#
# <colnr> <probs for GDERKNQSTAVLIFYWHMCP>
#	G	D	E	R	K	N	Q	S	T	A	V	L	I	F	Y	W	H	M	C	P
0	0.02101	0.02596	0.13268	0.04727	0.12943	0.18651	0.01875	0.06511	0.04356	0.02564	0.02223	0.06507	0.02098	0.05528	0.01075	0.00304	0.01078	0.10037	0.00526	0.01035
1	0.01887	0.01501	0.02458	0.02411	0.13541	0.01415	0.13570	0.02422	0.04979	0.10380	0.10632	0.04503	0.08891	0.01282	0.00930	0.00275	0.00830	0.10941	0.00668	0.06484
2	0.01046	0.00755	0.00969	0.01098	0.01181	0.00701	0.00742	0.01218	0.01689	0.02255	0.12814	0.51934	0.10527	0.07389	0.01273	0.00357	0.00488	0.02114	0.00771	0.00679
3	0.01887	0.01574	0.01811	0.01309	0.02038	0.01276	0.01053	0.09060	0.01973	0.02997	0.01536	0.01754	0.01251	0.00659	0.00640	0.00138	0.00650	0.00522	0.00531	0.67342
4	0.01008	0.00737	0.00949	0.01118	0.01195	0.00678	0.00754	0.01161	0.01627	0.02136	0.05045	0.62699	0.12757	0.02542	0.01051	0.00330	0.00475	0.02288	0.00771	0.00678
5	0.01359	0.00835	0.01068	0.01068	0.01238	0.00913	0.00820	0.01699	0.01529	0.02485	0.02456	0.03184	0.02102	0.03723	0.35617	0.00791	0.01349	0.00835	0.36172	0.00757
6	0.01023	0.00823	0.00884	0.00904	0.01120	0.00714	0.00648	0.01216	0.01817	0.02242	0.11438	0.15778	0.46909	0.09156	0.01324	0.00340	0.00466	0.01759	0.00754	0.00684
7	0.76672	0.01607	0.01221	0.01092	0.01607	0.01864	0.00900	0.02442	0.01414	0.03727	0.01157	0.01350	0.00900	0.00771	0.00514	0.00257	0.00643	0.00450	0.00514	0.00900
8	0.02149	0.01443	0.02045	0.02459	0.21950	0.01369	0.01488	0.06407	0.02143	0.18002	0.04331	0.04558	0.21783	0.01352	0.00896	0.00268	0.00723	0.04791	0.00723	0.01119
9	0.01850	0.01794	0.03239	0.03972	0.39639	0.01798	0.14175	0.02343	0.01786	0.02535	0.01729	0.02352	0.01468	0.01913	0.15192	0.00487	0.01335	0.00820	0.00420	0.01154
10	0.02280	0.02172	0.01996	0.01571	0.02211	0.15684	0.01239	0.12525	0.06609	0.03033	0.01655	0.01816	0.01318	0.00766	0.00696	0.00175	0.00857	0.00575	0.00559	0.42264
11	0.05278	0.02120	0.11910	0.01748	0.02248	0.05909	0.01578	0.17962	0.06549	0.03092	0.01975	0.02428	0.01618	0.02877	0.25108	0.00651	0.04565	0.00765	0.00557	0.01060
12	0.04678	0.18177	0.02468	0.01592	0.02012	0.10548	0.01332	0.02538	0.09833	0.02398	0.02293	0.02489	0.07881	0.01089	0.01129	0.00244	0.15533	0.00735	0.03770	0.09262
13	0.19802	0.09554	0.27190	0.01645	0.02339	0.01725	0.01774	0.02186	0.01622	0.02696	0.02180	0.19467	0.02174	0.01249	0.00767	0.00272	0.00856	0.01012	0.00501	0.00987

[dist]
# distance from previous block
# <min> <max>
8	37

[block]
# block no. 6 follows, 22 sequences, length 47
# corresponding to MSA columns:
# 1735-1781
name=unknown_G
#
# <colnr> <probs for GDERKNQSTAVLIFYWHMCP>
#	G	D	E	R	K	N	Q	S	T	A	V	L	I	F	Y	W	H	M	C	P
0	0.15104	0.02542	0.02314	0.09794	0.14130	0.24579	0.01686	0.11589	0.02242	0.02936	0.01765	0.02024	0.04077	0.00896	0.00754	0.00242	0.01082	0.00668	0.00508	0.01066
1	0.02032	0.02012	0.06163	0.10340	0.11175	0.07319	0.01815	0.13712	0.02035	0.02751	0.01662	0.02220	0.01398	0.02161	0.15893	0.00512	0.14522	0.00748	0.00482	0.01048
2	0.02167	0.14957	0.07206	0.03971	0.44074	0.08729	0.02281	0.02619	0.01892	0.02503	0.01456	0.01851	0.01230	0.00749	0.00760	0.00232	0.01034	0.00658	0.00399	0.01230
3	0.19903	0.03187	0.28063	0.01934	0.02659	0.16356	0.02010	0.02620	0.01744	0.02672	0.01383	0.01701	0.01087	0.01190	0.05062	0.00326	0.06070	0.00583	0.00414	0.01037
4	0.02771	0.19418	0.02765	0.01821	0.02347	0.30496	0.01476	0.18437	0.02516	0.02816	0.01533	0.01869	0.01297	0.05853	0.00967	0.00257	0.01151	0.00617	0.00521	0.01072
5	0.01769	0.01495	0.01828	0.01955	0.10357	0.05372	0.01347	0.11469	0.05857	0.02773	0.05397	0.03742	0.08147	0.03221	0.26906	0.00685	0.01378	0.04734	0.00594	0.00971
6	0.01655	0.15040	0.41400	0.01908	0.02811	0.01911	0.02271	0.02357	0.01828	0.02599	0.12932	0.02632	0.02355	0.03791	0.00920	0.00270	0.01002	0.00769	0.00459	0.01091
7	0.01222	0.00825	0.00989	0.00980	0.01078	0.00832	0.00656	0.01390	0.01499	0.02120	0.11108	0.05073	0.08446	0.36284	0.14486	0.00714	0.00926	0.01181	0.09559	0.00631
8	0.01132	0.00829	0.00869	0.00859	0.01108	0.00730	0.00644	0.01407	0.01933	0.02594	0.16071	0.06684	0.43016	0.01801	0.00897	0.00259	0.00409	0.01508	0.16521	0.00730
9	0.03000	0.02234	0.02409	0.01837	0.02510	0.02415	0.01514	0.56185	0.03666	0.04958	0.01938	0.01965	0.01393	0.00955	0.00807	0.00235	0.00881	0.00720	0.00794	0.09584
10	0.01208	0.00805	0.00906	0.00906	0.00906	0.00805	0.00503	0.01208	0.01208	0.01611	0.02618	0.05436	0.03020	0.70804	0.04228	0.00805	0.00805	0.01208	0.00503	0.00503
11	0.01012	0.00723	0.00964	0.01157	0.01205	0.00675	0.00771	0.01157	0.01591	0.02121	0.04579	0.70262	0.05495	0.02603	0.01060	0.00337	0.00482	0.02362	0.00771	0.00675
12	0.01378	0.00913	0.01065	0.00988	0.01283	0.00792	0.00755	0.01665	0.02110	0.10295	0.27385	0.06757	0.37876	0.01835	0.00964	0.00271	0.00445	0.01557	0.00852	0.00815
13	0.02234	0.01791	0.01916	0.01689	0.02181	0.02040	0.01324	0.07651	0.56796	0.07603	0.03297	0.03020	0.02442	0.01113	0.00844	0.00278	0.00675	0.00922	0.00856	0.01327
14	0.01741	0.13309	0.58142	0.02241	0.03399	0.02112	0.02848	0.02612	0.01745	0.02540	0.01446	0.01697	0.01054	0.00779	0.00755	0.00252	0.01182	0.00591	0.00351	0.01206
15	0.00982	0.00842	0.00842	0.00842	0.01122	0.00701	0.00631	0.01192	0.01894	0.02244	0.08416	0.07995	0.65285	0.02104	0.00982	0.00281	0.00421	0.01753	0.00771	0.00701
16	0.01569	0.01477	0.02492	0.68808	0.05722	0.01846	0.02307	0.02123	0.01661	0.02123	0.01477	0.02215	0.01107	0.00831	0.00831	0.00277	0.01107	0.00738	0.00369	0.00923
17	0.01054	0.00753	0.01012	0.01205	0.01272	0.00711	0.00844	0.01230	0.01632	0.02168	0.04555	0.62402	0.05402	0.02563	0.01072	0.00343	0.00519	0.09806	0.00770	0.00686
18	0.01203	0.00824	0.01001	0.01001	0.01033	0.00857	0.00621	0.01269	0.01236	0.01681	0.02531	0.04957	0.02812	0.56563	0.18185	0.00922	0.01119	0.01138	0.00491	0.00556
19	0.02864	0.01225	0.01636	0.01319	0.01819	0.01070	0.01065	0.03196	0.02336	0.45183	0.19841	0.04080	0.08084	0.01280	0.00884	0.00260	0.00604	0.01075	0.00980	0.01198
20	0.01833	0.01299	0.01512	0.01349	0.01687	0.01336	0.01038	0.15479	0.10088	0.07318	0.24099	0.17202	0.09065	0.01636	0.00937	0.00277	0.00578	0.01410	0.00857	0.00999
21	0.08407	0.02275	0.02402	0.01853	0.02507	0.02525	0.01530	0.58538	0.03728	0.05128	0.01935	0.01948	0.01376	0.00981	0.00808	0.00250	0.00895	0.00727	0.00808	0.01376
22	0.01569	0.01477	0.02492	0.68808	0.05722	0.01846	0.02307	0.02123	0.01661	0.02123	0.01477	0.02215	0.01107	0.00831	0.00831	0.00277	0.01107	0.00738	0.00369	0.00923
23	0.03158	0.02327	0.02493	0.01911	0.02576	0.02576	0.01579	0.62852	0.03906	0.05236	0.01995	0.01995	0.01413	0.00997	0.00831	0.00249	0.00914	0.00748	0.00831	0.01413
