[name]
unknown

[dist]
# distance from previous block
# <min> <max>
3	66

[block]
# block no. 0 follows, 21 sequences, length 23
# corresponding to MSA columns:
# 75-97
name=unknown_A
#
# <colnr> <probs for GDERKNQSTAVLIFYWHMCP>
#	G	D	E	R	K	N	Q	S	T	A	V	L	I	F	Y	W	H	M	C	P
0	0.01973	0.01869	0.03087	0.21866	0.43835	0.01994	0.02442	0.02649	0.06846	0.02680	0.01728	0.02237	0.01392	0.00815	0.00847	0.00264	0.01017	0.00774	0.00446	0.01239
1	0.02534	0.02780	0.02665	0.03209	0.25911	0.29123	0.01918	0.06264	0.06277	0.02634	0.01879	0.07402	0.01677	0.01004	0.00833	0.00249	0.01163	0.00819	0.00512	0.01148
2	0.01814	0.01850	0.06906	0.03273	0.33359	0.01610	0.01893	0.02349	0.04888	0.02661	0.02616	0.03099	0.09206	0.06552	0.01107	0.00284	0.00858	0.00880	0.00506	0.14290
3	0.01427	0.01179	0.01428	0.01566	0.06952	0.01169	0.01031	0.02124	0.15294	0.02559	0.04659	0.25241	0.17415	0.07378	0.01230	0.00335	0.00600	0.01583	0.00733	0.06097
4	0.04595	0.01087	0.01281	0.01148	0.01362	0.01098	0.00816	0.01618	0.01440	0.02167	0.02490	0.04033	0.05071	0.32479	0.10520	0.00627	0.06401	0.00977	0.05698	0.15091
5	0.01478	0.01296	0.02085	0.06663	0.02314	0.01385	0.12579	0.01861	0.01701	0.02400	0.03501	0.03970	0.15919	0.02551	0.17001	0.00544	0.08778	0.01081	0.12032	0.00862
6	0.02070	0.14976	0.07112	0.01664	0.02151	0.07247	0.01466	0.15657	0.02150	0.02811	0.01884	0.02411	0.01615	0.03232	0.28965	0.00715	0.01579	0.00742	0.00520	0.01034
7	0.01997	0.01714	0.01908	0.01858	0.06336	0.08662	0.01359	0.16324	0.04418	0.02924	0.02400	0.02962	0.04626	0.03731	0.33870	0.00812	0.01648	0.00868	0.00576	0.01009
8	0.01781	0.01269	0.01951	0.02381	0.18883	0.01315	0.01432	0.02099	0.01636	0.09875	0.02283	0.03271	0.02051	0.13399	0.31588	0.00849	0.01531	0.00910	0.00528	0.00970
9	0.02106	0.02022	0.03454	0.05223	0.64784	0.02022	0.02612	0.02612	0.01938	0.02780	0.01601	0.02106	0.01348	0.00758	0.00842	0.00253	0.01011	0.00758	0.00421	0.01348
10	0.02097	0.05573	0.12602	0.08577	0.44662	0.06584	0.02555	0.02647	0.01925	0.02644	0.01545	0.01998	0.01265	0.00779	0.00819	0.00252	0.01088	0.00711	0.00408	0.01271
11	0.01928	0.11488	0.31812	0.03178	0.17511	0.02192	0.14701	0.02665	0.01863	0.02636	0.01541	0.01916	0.01184	0.00769	0.00824	0.00259	0.01195	0.00713	0.00388	0.01236
12	0.02228	0.10851	0.03724	0.13004	0.03754	0.16937	0.25234	0.02700	0.01945	0.02335	0.01469	0.01961	0.01180	0.00856	0.01055	0.00267	0.08272	0.00768	0.00410	0.01050
13	0.02347	0.01631	0.01894	0.01466	0.02061	0.01543	0.01181	0.20927	0.02690	0.11355	0.16148	0.03031	0.02957	0.01056	0.00811	0.00215	0.00685	0.00863	0.00778	0.26359
14	0.01238	0.00825	0.00928	0.00928	0.00928	0.00825	0.00516	0.01238	0.01238	0.01650	0.02681	0.05569	0.03094	0.70092	0.04331	0.00825	0.00825	0.01238	0.00516	0.00516
15	0.01063	0.00768	0.00968	0.01106	0.01206	0.00701	0.00754	0.01187	0.01661	0.02149	0.05342	0.50625	0.18654	0.02572	0.01235	0.05927	0.00498	0.02152	0.00759	0.00673
16	0.01362	0.01127	0.01649	0.01564	0.01682	0.01414	0.01245	0.01639	0.01353	0.01992	0.02016	0.03007	0.01898	0.05273	0.52224	0.01142	0.17303	0.00874	0.00437	0.00799
17	0.01102	0.00787	0.01062	0.01259	0.01337	0.00747	0.00902	0.01297	0.01693	0.02245	0.04655	0.57942	0.05487	0.02605	0.01103	0.00355	0.00550	0.13376	0.00789	0.00709
18	0.01075	0.00789	0.00944	0.01049	0.01144	0.00728	0.00693	0.01206	0.01614	0.02083	0.05169	0.40287	0.19079	0.17950	0.01808	0.00441	0.00554	0.02001	0.00727	0.00658
19	0.02312	0.02445	0.03150	0.09229	0.46289	0.16673	0.02374	0.02757	0.02028	0.02577	0.01529	0.01989	0.01275	0.00792	0.00826	0.00247	0.01139	0.00710	0.00422	0.01236
20	0.02084	0.02084	0.03810	0.04852	0.51102	0.02051	0.16009	0.02638	0.01954	0.02768	0.01628	0.02149	0.01335	0.00749	0.00879	0.00261	0.01107	0.00814	0.00423	0.01303
21	0.02302	0.03030	0.17295	0.03778	0.34502	0.16454	0.02476	0.05257	0.02097	0.02712	0.01539	0.01906	0.01235	0.00807	0.00818	0.00249	0.01181	0.00682	0.00429	0.01251
22	0.02106	0.02022	0.03454	0.05223	0.64784	0.02022	0.02612	0.02612	0.01938	0.02780	0.01601	0.02106	0.01348	0.00758	0.00842	0.00253	0.01011	0.00758	0.00421	0.01348

[dist]
# distance from previous block
# <min> <max>
1	2

[block]
# block no. 1 follows, 21 sequences, length 63
# corresponding to MSA columns:
# 100-162
name=unknown_B
#
# <colnr> <probs for GDERKNQSTAVLIFYWHMCP>
#	G	D	E	R	K	N	Q	S	T	A	V	L	I	F	Y	W	H	M	C	P
0	0.02238	0.01858	0.02372	0.02378	0.14669	0.01939	0.01598	0.17757	0.08589	0.03352	0.01820	0.02115	0.01461	0.01063	0.01179	0.05239	0.08503	0.00712	0.00590	0.20569
1	0.02089	0.02066	0.03765	0.12505	0.34333	0.02087	0.20860	0.06602	0.02069	0.02861	0.01657	0.02182	0.01310	0.00775	0.00894	0.00267	0.01153	0.00835	0.00448	0.01241
2	0.01556	0.00987	0.01109	0.01023	0.01322	0.00880	0.00756	0.01842	0.04182	0.12534	0.09608	0.06574	0.37905	0.14093	0.01572	0.00379	0.00557	0.01498	0.00795	0.00828
3	0.01889	0.02303	0.14258	0.03821	0.37745	0.01862	0.05777	0.02593	0.06316	0.02756	0.02623	0.02914	0.09431	0.00971	0.00868	0.00265	0.00982	0.00896	0.00490	0.01240
4	0.01296	0.01046	0.01321	0.01286	0.01379	0.01139	0.00920	0.01430	0.01497	0.02046	0.03694	0.26607	0.10780	0.21604	0.02322	0.00469	0.14148	0.01566	0.00612	0.04838
5	0.01043	0.00755	0.00987	0.01158	0.01231	0.00698	0.00781	0.01208	0.01687	0.02240	0.07820	0.62510	0.09561	0.02588	0.01077	0.00338	0.00485	0.02336	0.00797	0.00698
6	0.01159	0.00838	0.00942	0.00951	0.01048	0.00805	0.00605	0.01250	0.01471	0.01887	0.04491	0.08960	0.21222	0.42676	0.07580	0.00684	0.00796	0.01431	0.00604	0.00600
7	0.03107	0.03920	0.02481	0.02395	0.06776	0.62364	0.01709	0.03346	0.02380	0.02129	0.01334	0.01573	0.01113	0.00869	0.00772	0.00221	0.01500	0.00562	0.00437	0.01011
8	0.02223	0.64475	0.10128	0.01546	0.02323	0.03239	0.01612	0.02562	0.01735	0.02066	0.01215	0.01405	0.01091	0.00736	0.00570	0.00190	0.00942	0.00471	0.00364	0.01107
9	0.01006	0.00862	0.00862	0.00862	0.01149	0.00718	0.00647	0.01221	0.01940	0.02299	0.08621	0.08190	0.64438	0.02155	0.01006	0.00287	0.00431	0.01796	0.00790	0.00718
10	0.01194	0.00932	0.01090	0.01039	0.01291	0.00861	0.00783	0.01663	0.06350	0.03016	0.39892	0.06811	0.28244	0.01852	0.00995	0.00276	0.00431	0.01594	0.00879	0.00809
11	0.02297	0.02796	0.10913	0.04081	0.39172	0.16836	0.06290	0.02809	0.02034	0.02607	0.01534	0.01950	0.01254	0.00789	0.00832	0.00249	0.01189	0.00710	0.00418	0.01241
12	0.02004	0.01719	0.01822	0.01647	0.02100	0.01964	0.01278	0.04173	0.56337	0.03489	0.07664	0.03624	0.05937	0.01241	0.00882	0.00287	0.00644	0.01040	0.00867	0.01281
13	0.01216	0.00912	0.01368	0.01368	0.01520	0.01064	0.01064	0.01520	0.01368	0.01976	0.02279	0.03343	0.02127	0.06382	0.66720	0.01368	0.02279	0.00912	0.00456	0.00760
14	0.02045	0.01868	0.02796	0.19037	0.31411	0.02045	0.02173	0.05869	0.18066	0.02966	0.02090	0.02422	0.01630	0.00897	0.00851	0.00270	0.00948	0.00812	0.00548	0.01257
15	0.02162	0.45385	0.23328	0.01809	0.02681	0.07370	0.01994	0.02653	0.01798	0.02223	0.01299	0.01511	0.01088	0.00763	0.00643	0.00212	0.01062	0.00516	0.00368	0.01136
16	0.01862	0.05893	0.07231	0.32214	0.15342	0.02062	0.04820	0.02803	0.14030	0.02611	0.01909	0.02336	0.01465	0.00879	0.00839	0.00272	0.01029	0.00782	0.00483	0.01137
17	0.01952	0.02818	0.22319	0.03611	0.20933	0.02062	0.25048	0.02772	0.04883	0.02772	0.01715	0.02138	0.01307	0.00777	0.00895	0.00272	0.01228	0.00823	0.00428	0.01246
18	0.01226	0.00820	0.00931	0.00942	0.00945	0.00818	0.00531	0.01235	0.01259	0.01679	0.02793	0.09124	0.03235	0.66345	0.04151	0.00798	0.00807	0.01303	0.00531	0.00525
19	0.01037	0.00741	0.00987	0.01185	0.01234	0.00691	0.00790	0.01185	0.01629	0.02172	0.04690	0.69537	0.05629	0.02666	0.01086	0.00346	0.00494	0.02419	0.00790	0.00691
20	0.03235	0.02384	0.02554	0.01958	0.02639	0.02639	0.01618	0.61946	0.04001	0.05363	0.02043	0.02043	0.01447	0.01022	0.00851	0.00255	0.00936	0.00766	0.00851	0.01447
21	0.02275	0.70604	0.04459	0.01456	0.02184	0.03367	0.01456	0.02548	0.01729	0.02002	0.01183	0.01365	0.01092	0.00728	0.00546	0.00182	0.00910	0.00455	0.00364	0.01092
22	0.01177	0.00830	0.00994	0.01019	0.01089	0.00822	0.00653	0.01281	0.01450	0.01928	0.06598	0.14787	0.10896	0.41064	0.11129	0.00733	0.00892	0.01447	0.00600	0.00609
23	0.03235	0.02384	0.02554	0.01958	0.02639	0.02639	0.01618	0.61946	0.04001	0.05363	0.02043	0.02043	0.01447	0.01022	0.00851	0.00255	0.00936	0.00766	0.00851	0.01447
24	0.01037	0.00741	0.00987	0.01185	0.01234	0.00691	0.00790	0.01185	0.01629	0.02172	0.04690	0.69537	0.05629	0.02666	0.01086	0.00346	0.00494	0.02419	0.00790	0.00691
25	0.03068	0.08627	0.02601	0.02275	0.05353	0.59378	0.01674	0.03304	0.02343	0.02108	0.01319	0.01548	0.01107	0.00861	0.00755	0.00218	0.01468	0.00551	0.00432	0.01010
26	0.01224	0.00819	0.00932	0.00946	0.00950	0.00816	0.00535	0.01234	0.01265	0.01687	0.02822	0.10049	0.03271	0.65370	0.04104	0.00791	0.00802	0.01320	0.00535	0.00528
27	0.01033	0.00755	0.00973	0.01148	0.01225	0.00694	0.00773	0.01189	0.01665	0.02187	0.05145	0.62446	0.12426	0.02607	0.01077	0.00339	0.00486	0.02347	0.00790	0.00694
28	0.01392	0.00936	0.01251	0.01225	0.01382	0.01076	0.00953	0.01721	0.01511	0.02405	0.02374	0.03179	0.02076	0.04127	0.38779	0.00883	0.06252	0.00858	0.26836	0.00784
29	0.01835	0.03589	0.46139	0.05654	0.13139	0.01947	0.02810	0.05798	0.01896	0.02763	0.01563	0.01923	0.01165	0.00933	0.00958	0.04434	0.01167	0.00668	0.00397	0.01219
30	0.01171	0.00864	0.01129	0.01192	0.01261	0.00884	0.00823	0.01345	0.01656	0.02273	0.14624	0.37716	0.05082	0.16040	0.05041	0.00479	0.05168	0.01841	0.00717	0.00696
31	0.01872	0.01183	0.01424	0.01241	0.01602	0.01137	0.00969	0.08176	0.06747	0.13795	0.33443	0.05460	0.16334	0.01588	0.00954	0.00271	0.00533	0.01354	0.00916	0.00998
32	0.01979	0.01848	0.03061	0.28933	0.38922	0.02006	0.02462	0.05743	0.01963	0.02693	0.01592	0.02165	0.01272	0.00808	0.00846	0.00265	0.01054	0.00758	0.00429	0.01200
33	0.02343	0.15829	0.02896	0.18732	0.08977	0.09857	0.01822	0.13527	0.12279	0.02983	0.01846	0.02097	0.01436	0.00901	0.00782	0.00249	0.01014	0.00708	0.00551	0.01172
34	0.01905	0.03658	0.43026	0.05578	0.19428	0.06358	0.02877	0.02702	0.01871	0.02656	0.01531	0.01876	0.01151	0.00802	0.00816	0.00262	0.01208	0.00661	0.00381	0.01251
35	0.02532	0.03454	0.15364	0.03239	0.23347	0.32451	0.02262	0.02999	0.02133	0.02435	0.01452	0.01775	0.01176	0.00824	0.00800	0.00240	0.01307	0.00634	0.00417	0.01160
36	0.02049	0.01264	0.01321	0.01146	0.01473	0.01340	0.00891	0.19611	0.02401	0.03716	0.02554	0.03002	0.02027	0.05671	0.00923	0.00257	0.00585	0.00815	0.47988	0.00967
37	0.02357	0.01154	0.01458	0.01283	0.01647	0.01062	0.00964	0.02724	0.06262	0.29737	0.04118	0.17287	0.10225	0.13883	0.01543	0.00385	0.00659	0.01352	0.00861	0.01039
38	0.02981	0.07564	0.02613	0.05562	0.06909	0.52722	0.01732	0.05814	0.02376	0.02274	0.01368	0.01621	0.01130	0.00866	0.00767	0.00224	0.01418	0.00577	0.00448	0.01035
39	0.01499	0.01125	0.01326	0.01274	0.01496	0.01177	0.00932	0.10433	0.06072	0.02625	0.04025	0.20604	0.13272	0.14891	0.14676	0.00607	0.00975	0.01467	0.00689	0.00834
40	0.01047	0.00748	0.00996	0.01178	0.01236	0.00698	0.00791	0.01209	0.01674	0.02244	0.08134	0.65889	0.05767	0.02613	0.01081	0.00341	0.00488	0.02368	0.00798	0.00698
41	0.02636	0.06788	0.02930	0.07568	0.22377	0.02411	0.01956	0.31747	0.06457	0.03995	0.01891	0.02098	0.01436	0.00915	0.00829	0.00253	0.00957	0.00753	0.00651	0.01351
42	0.09138	0.02188	0.02018	0.04594	0.02359	0.18469	0.01356	0.09509	0.02449	0.25320	0.08802	0.02615	0.02222	0.01027	0.00811	0.00246	0.00932	0.00786	0.00762	0.04396
43	0.02335	0.02331	0.02616	0.33471	0.10784	0.17395	0.02081	0.13607	0.02322	0.02809	0.01574	0.02036	0.01206	0.00879	0.00830	0.00260	0.01179	0.00709	0.00485	0.01091
44	0.02080	0.47853	0.25500	0.01789	0.02699	0.02889	0.02036	0.02599	0.01752	0.02240	0.01301	0.01513	0.01087	0.00756	0.00636	0.00212	0.01030	0.00515	0.00362	0.01149
45	0.01598	0.00959	0.01250	0.01126	0.01404	0.00867	0.00862	0.01976	0.02383	0.12980	0.51232	0.05938	0.10769	0.01660	0.00981	0.00268	0.00454	0.01449	0.00945	0.00898
46	0.01606	0.01358	0.01945	0.01710	0.01836	0.01703	0.04572	0.01882	0.01450	0.02264	0.01885	0.02776	0.01731	0.07187	0.18866	0.00620	0.29679	0.00845	0.15241	0.00843
47	0.15579	0.02009	0.01909	0.01679	0.02189	0.06446	0.01322	0.10774	0.41212	0.03718	0.02747	0.02613	0.02063	0.01055	0.00797	0.00276	0.00759	0.00822	0.00775	0.01258
48	0.01057	0.00756	0.01006	0.01171	0.01239	0.00705	0.00792	0.01236	0.01724	0.02324	0.11970	0.61825	0.05922	0.02553	0.01076	0.00336	0.00482	0.02312	0.00808	0.00705
49	0.01037	0.00741	0.00987	0.01185	0.01234	0.00691	0.00790	0.01185	0.01629	0.02172	0.04690	0.69537	0.05629	0.02666	0.01086	0.00346	0.00494	0.02419	0.00790	0.00691
50	0.01037	0.00741	0.00987	0.01185	0.01234	0.00691	0.00790	0.01185	0.01629	0.02172	0.04690	0.69537	0.05629	0.02666	0.01086	0.00346	0.00494	0.02419	0.00790	0.00691
51	0.01014	0.00862	0.00874	0.00871	0.01155	0.00722	0.00653	0.01237	0.01959	0.02346	0.10951	0.08113	0.62079	0.02138	0.01006	0.00287	0.00430	0.01785	0.00796	0.00722
52	0.01037	0.00741	0.00987	0.01185	0.01234	0.00691	0.00790	0.01185	0.01629	0.02172	0.04690	0.69537	0.05629	0.02666	0.01086	0.00346	0.00494	0.02419	0.00790	0.00691
53	0.16295	0.02251	0.02320	0.01808	0.02461	0.02508	0.01493	0.51292	0.03544	0.05086	0.01889	0.01925	0.01353	0.00980	0.00793	0.00257	0.00887	0.00711	0.00793	0.01353
54	0.01891	0.02065	0.04296	0.22533	0.04863	0.02075	0.44254	0.02564	0.01918	0.02564	0.01660	0.02288	0.01245	0.00757	0.00959	0.00286	0.01346	0.00931	0.00415	0.01088
55	0.01707	0.04402	0.65683	0.02426	0.03683	0.01976	0.03144	0.02695	0.01797	0.02695	0.01527	0.01797	0.01078	0.00809	0.00809	0.00270	0.01258	0.00629	0.00359	0.01258
56	0.01200	0.00809	0.00939	0.00976	0.00985	0.00800	0.00567	0.01228	0.01310	0.01747	0.03055	0.17471	0.03565	0.57547	0.03728	0.00736	0.00763	0.01457	0.00567	0.00548
57	0.01037	0.00741	0.00987	0.01185	0.01234	0.00691	0.00790	0.01185	0.01629	0.02172	0.04690	0.69537	0.05629	0.02666	0.01086	0.00346	0.00494	0.02419	0.00790	0.00691
58	0.17188	0.01682	0.02326	0.06598	0.25058	0.01711	0.01710	0.02968	0.05293	0.18990	0.02539	0.02643	0.05777	0.00961	0.00796	0.00264	0.00817	0.00805	0.00651	0.01223
59	0.02012	0.02078	0.05726	0.16445	0.10318	0.14541	0.01691	0.02675	0.08743	0.02628	0.02042	0.02455	0.01617	0.01277	0.05167	0.00320	0.01063	0.00749	0.17435	0.01017
60	0.02399	0.05845	0.02410	0.15281	0.03040	0.23416	0.01667	0.10065	0.05123	0.02587	0.01630	0.02151	0.01373	0.05796	0.01254	0.00292	0.08633	0.00700	0.00497	0.05842
61	0.09186	0.17672	0.02491	0.01677	0.02176	0.23326	0.01365	0.06759	0.10522	0.02652	0.02344	0.02466	0.07123	0.01367	0.05135	0.00310	0.01108	0.00728	0.00549	0.01044
62	0.28012	0.23866	0.02582	0.05965	0.02277	0.15501	0.01328	0.02619	0.01813	0.02753	0.05332	0.01791	0.01487	0.00854	0.00635	0.00230	0.00932	0.00567	0.00474	0.00983

[dist]
# distance from previous block
# <min> <max>
0	86

[block]
# block no. 2 follows, 21 sequences, length 51
# corresponding to MSA columns:
# 250-300
name=unknown_C
#
# <colnr> <probs for GDERKNQSTAVLIFYWHMCP>
#	G	D	E	R	K	N	Q	S	T	A	V	L	I	F	Y	W	H	M	C	P
0	0.02287	0.02108	0.01848	0.01539	0.02069	0.17575	0.01196	0.11496	0.02332	0.06778	0.03132	0.07393	0.12827	0.01182	0.00809	0.00221	0.00864	0.00932	0.00645	0.22768
1	0.01631	0.01293	0.01547	0.01318	0.01772	0.01138	0.01001	0.08433	0.01941	0.02795	0.02768	0.26392	0.02914	0.01769	0.04942	0.00297	0.00718	0.01251	0.00643	0.35436
2	0.01228	0.00910	0.01118	0.01225	0.01346	0.00905	0.00865	0.01626	0.08183	0.02283	0.04435	0.39431	0.08598	0.14428	0.01646	0.00427	0.00605	0.09247	0.00748	0.00743
3	0.01934	0.02316	0.21038	0.01705	0.02357	0.01596	0.01708	0.16456	0.02423	0.06708	0.09954	0.13327	0.12001	0.01445	0.00912	0.00279	0.00825	0.01208	0.00704	0.01102
4	0.03066	0.03819	0.02360	0.02143	0.02586	0.59801	0.01613	0.03518	0.08889	0.02240	0.01544	0.01709	0.01256	0.00907	0.00778	0.00227	0.01443	0.00592	0.00484	0.01025
5	0.01976	0.34675	0.34314	0.01970	0.02920	0.02648	0.02303	0.02594	0.01740	0.02344	0.01348	0.01602	0.01087	0.00807	0.00790	0.00235	0.04566	0.00555	0.00362	0.01165
6	0.01764	0.01624	0.02653	0.56912	0.12238	0.01952	0.02345	0.05951	0.01871	0.02441	0.01556	0.02237	0.01178	0.00851	0.00850	0.00278	0.01108	0.00757	0.00412	0.01022
7	0.02914	0.23534	0.03011	0.01977	0.02500	0.48146	0.01589	0.03149	0.02212	0.02059	0.01277	0.01485	0.01095	0.00833	0.00703	0.00208	0.01352	0.00521	0.00417	0.01017
8	0.02301	0.01801	0.01876	0.01688	0.02049	0.10894	0.01359	0.09065	0.09145	0.12611	0.11935	0.06863	0.03408	0.01501	0.01131	0.00299	0.07563	0.12673	0.00774	0.01063
9	0.02049	0.01961	0.03319	0.04996	0.61461	0.01954	0.02509	0.02539	0.01938	0.02755	0.01967	0.02424	0.04642	0.00831	0.00851	0.00255	0.00981	0.00812	0.00441	0.01315
10	0.01006	0.00862	0.00862	0.00862	0.01149	0.00718	0.00647	0.01221	0.01940	0.02299	0.08621	0.08190	0.64438	0.02155	0.01006	0.00287	0.00431	0.01796	0.00790	0.00718
11	0.01037	0.00741	0.00987	0.01185	0.01234	0.00691	0.00790	0.01185	0.01629	0.02172	0.04690	0.69537	0.05629	0.02666	0.01086	0.00346	0.00494	0.02419	0.00790	0.00691
12	0.02053	0.01968	0.03358	0.11913	0.58510	0.02008	0.02585	0.02565	0.01913	0.02716	0.01591	0.02124	0.01325	0.00768	0.00843	0.00256	0.01024	0.00758	0.00417	0.01305
13	0.01488	0.01234	0.01354	0.01322	0.01635	0.01293	0.01006	0.02586	0.26379	0.02848	0.08179	0.17110	0.22789	0.01840	0.00975	0.00304	0.00561	0.05298	0.00827	0.00973
14	0.03235	0.02384	0.02554	0.01958	0.02639	0.02639	0.01618	0.61946	0.04001	0.05363	0.02043	0.02043	0.01447	0.01022	0.00851	0.00255	0.00936	0.00766	0.00851	0.01447
15	0.01586	0.00793	0.00793	0.00793	0.00991	0.00793	0.00595	0.01983	0.01785	0.03173	0.02776	0.03173	0.02181	0.00991	0.00595	0.00198	0.00397	0.00793	0.74817	0.00793
16	0.01222	0.00886	0.01238	0.01238	0.01345	0.00993	0.00902	0.01436	0.01329	0.01879	0.02398	0.04000	0.02413	0.25188	0.48304	0.01208	0.01850	0.01008	0.00474	0.00688
17	0.01050	0.00746	0.00984	0.01168	0.01214	0.00700	0.00772	0.01188	0.01604	0.02138	0.04559	0.65356	0.05463	0.07073	0.01298	0.00377	0.00515	0.02342	0.00772	0.00680
18	0.01037	0.00741	0.00987	0.01185	0.01234	0.00691	0.00790	0.01185	0.01629	0.02172	0.04690	0.69537	0.05629	0.02666	0.01086	0.00346	0.00494	0.02419	0.00790	0.00691
19	0.01780	0.01689	0.02865	0.46261	0.26294	0.01936	0.02450	0.02326	0.01784	0.02384	0.01543	0.02212	0.01208	0.00819	0.00848	0.00273	0.01092	0.00757	0.00393	0.01085
20	0.01818	0.01843	0.02258	0.01986	0.02143	0.10777	0.04533	0.02077	0.01513	0.02061	0.01590	0.02368	0.01484	0.03117	0.25284	0.00703	0.32352	0.00791	0.00414	0.00888
21	0.01026	0.00784	0.00942	0.01069	0.01204	0.00701	0.00738	0.01198	0.01741	0.02218	0.06108	0.47419	0.26831	0.02482	0.01057	0.00325	0.00471	0.02195	0.00790	0.00701
22	0.01948	0.01377	0.01529	0.01347	0.01650	0.01459	0.01005	0.23269	0.02415	0.03309	0.03157	0.15072	0.06610	0.18408	0.05006	0.00460	0.00809	0.01239	0.08992	0.00938
23	0.01187	0.01239	0.07927	0.01298	0.01566	0.00939	0.01074	0.01594	0.05580	0.02364	0.05171	0.40798	0.18437	0.02239	0.01029	0.00323	0.00588	0.05095	0.00749	0.00804
24	0.02868	0.18345	0.02969	0.02355	0.09152	0.45992	0.01706	0.03129	0.02212	0.02139	0.01317	0.01559	0.01122	0.00832	0.00727	0.00215	0.01343	0.00550	0.00420	0.01048
25	0.05818	0.02335	0.06833	0.10458	0.31374	0.13724	0.02189	0.02594	0.01969	0.02602	0.01910	0.02985	0.01725	0.01012	0.00857	0.00270	0.01088	0.08653	0.00471	0.01135
26	0.09847	0.02306	0.20509	0.13935	0.03102	0.01698	0.01922	0.06460	0.05935	0.09674	0.02410	0.14117	0.02117	0.01208	0.00847	0.00285	0.00918	0.01008	0.00598	0.01103
27	0.20246	0.02646	0.20927	0.05889	0.15245	0.02005	0.15919	0.02615	0.01782	0.02973	0.01501	0.01890	0.01143	0.00775	0.00792	0.00269	0.01097	0.00704	0.00430	0.01153
28	0.02886	0.02726	0.09062	0.01925	0.02573	0.13765	0.01675	0.38807	0.03247	0.04261	0.01937	0.02047	0.01424	0.00970	0.00804	0.00244	0.01019	0.00716	0.08636	0.01275
29	0.01999	0.23018	0.28115	0.02793	0.18357	0.02404	0.02400	0.02751	0.05821	0.02570	0.01571	0.01837	0.01248	0.00795	0.00744	0.00241	0.01056	0.00632	0.00409	0.01238
30	0.01223	0.00907	0.01176	0.01300	0.01496	0.00860	0.01063	0.01540	0.01954	0.02527	0.11730	0.17555	0.18879	0.02288	0.01106	0.00348	0.00622	0.31865	0.00802	0.00758
31	0.01128	0.00811	0.01069	0.01122	0.01255	0.00752	0.00797	0.01415	0.02055	0.02850	0.37286	0.35009	0.06941	0.02160	0.01041	0.00303	0.00443	0.01938	0.00870	0.00752
32	0.02381	0.57158	0.07529	0.01591	0.02332	0.05647	0.01573	0.08914	0.02001	0.02401	0.01299	0.01467	0.01129	0.00769	0.00601	0.00196	0.00956	0.00501	0.00419	0.01135
33	0.02275	0.70604	0.04459	0.01456	0.02184	0.03367	0.01456	0.02548	0.01729	0.02002	0.01183	0.01365	0.01092	0.00728	0.00546	0.00182	0.00910	0.00455	0.00364	0.01092
34	0.02569	0.01986	0.02108	0.01743	0.02293	0.02223	0.01399	0.31522	0.28633	0.04342	0.02949	0.02837	0.04486	0.01121	0.00847	0.00267	0.00771	0.00891	0.05681	0.01333
35	0.01238	0.00825	0.00928	0.00928	0.00928	0.00825	0.00516	0.01238	0.01238	0.01650	0.02681	0.05569	0.03094	0.70092	0.04331	0.00825	0.00825	0.01238	0.00516	0.00516
36	0.05347	0.01110	0.01462	0.01436	0.01771	0.01055	0.01214	0.02352	0.02103	0.18687	0.10567	0.07088	0.08217	0.01873	0.01036	0.00333	0.00700	0.31835	0.00857	0.00957
37	0.01084	0.00809	0.00925	0.00995	0.01115	0.00740	0.00659	0.01213	0.01627	0.02066	0.05515	0.29019	0.25950	0.22039	0.01999	0.00464	0.00567	0.01853	0.00711	0.00650
38	0.01118	0.00817	0.00965	0.01021	0.01125	0.00774	0.00675	0.01250	0.01581	0.02053	0.07029	0.24837	0.19444	0.26507	0.06496	0.00564	0.00708	0.01714	0.00677	0.00645
39	0.01238	0.00825	0.00928	0.00928	0.00928	0.00825	0.00516	0.01238	0.01238	0.01650	0.02681	0.05569	0.03094	0.70092	0.04331	0.00825	0.00825	0.01238	0.00516	0.00516
40	0.01037	0.00741	0.00987	0.01185	0.01234	0.00691	0.00790	0.01185	0.01629	0.02172	0.04690	0.69537	0.05629	0.02666	0.01086	0.00346	0.00494	0.02419	0.00790	0.00691
41	0.01567	0.01221	0.01501	0.01571	0.01857	0.01296	0.01319	0.02537	0.19896	0.02828	0.04457	0.07631	0.07938	0.01989	0.01074	0.00355	0.00729	0.38481	0.00808	0.00944
42	0.02106	0.02022	0.03454	0.05223	0.64784	0.02022	0.02612	0.02612	0.01938	0.02780	0.01601	0.02106	0.01348	0.00758	0.00842	0.00253	0.01011	0.00758	0.00421	0.01348
43	0.01037	0.00741	0.00987	0.01185	0.01234	0.00691	0.00790	0.01185	0.01629	0.02172	0.04690	0.69537	0.05629	0.02666	0.01086	0.00346	0.00494	0.02419	0.00790	0.00691
44	0.03183	0.03947	0.02421	0.02177	0.02631	0.62490	0.01643	0.07225	0.02516	0.02297	0.01363	0.01568	0.01119	0.00886	0.00773	0.00222	0.01496	0.00562	0.00465	0.01017
45	0.01289	0.00997	0.01419	0.01379	0.01487	0.01184	0.01048	0.01524	0.01337	0.01924	0.02229	0.03594	0.02197	0.17555	0.48462	0.01162	0.09067	0.00954	0.00458	0.00733
46	0.01081	0.00859	0.00971	0.00956	0.01199	0.00749	0.00712	0.01363	0.02098	0.02707	0.29171	0.10669	0.40395	0.02027	0.01009	0.00283	0.00423	0.01732	0.00845	0.00749
47	0.01217	0.00865	0.01120	0.01232	0.01352	0.00837	0.00927	0.01450	0.01762	0.02333	0.11087	0.23598	0.08291	0.17547	0.01832	0.00458	0.00656	0.21995	0.00743	0.00698
48	0.02746	0.17007	0.08958	0.02392	0.09261	0.41129	0.01853	0.03080	0.02168	0.02199	0.01340	0.01587	0.01120	0.00828	0.00736	0.00220	0.01329	0.00560	0.00414	0.01072
49	0.01792	0.01621	0.02643	0.07121	0.40094	0.01626	0.02076	0.02254	0.01980	0.02748	0.09176	0.04260	0.05994	0.01233	0.00930	0.00283	0.00880	0.11596	0.00560	0.01133
50	0.02064	0.02275	0.10080	0.04926	0.58278	0.02017	0.02668	0.02621	0.01923	0.02771	0.01593	0.02073	0.01319	0.00764	0.00839	0.00255	0.01037	0.00744	0.00415	0.01338

[dist]
# distance from previous block
# <min> <max>
0	1

[block]
# block no. 3 follows, 21 sequences, length 11
# corresponding to MSA columns:
# 302-312
name=unknown_D
#
# <colnr> <probs for GDERKNQSTAVLIFYWHMCP>
#	G	D	E	R	K	N	Q	S	T	A	V	L	I	F	Y	W	H	M	C	P
0	0.02144	0.37192	0.13670	0.02208	0.09562	0.06241	0.01934	0.02540	0.01728	0.02213	0.01281	0.01610	0.01123	0.00880	0.01010	0.00238	0.12364	0.00571	0.00375	0.01115
1	0.01128	0.00879	0.01041	0.01030	0.01265	0.00767	0.00754	0.01401	0.02016	0.02674	0.25935	0.20901	0.28301	0.02032	0.00999	0.00283	0.00448	0.01766	0.00821	0.05556
2	0.11241	0.02200	0.06040	0.19417	0.10188	0.06565	0.26919	0.02595	0.01875	0.02683	0.01554	0.02083	0.01189	0.00779	0.00866	0.00274	0.01221	0.00803	0.00426	0.01082
3	0.01864	0.01912	0.02665	0.19700	0.11607	0.11230	0.09930	0.02300	0.01766	0.02255	0.01712	0.02415	0.01448	0.02367	0.18928	0.00571	0.05128	0.00801	0.00421	0.00981
4	0.02106	0.02022	0.03454	0.05223	0.64784	0.02022	0.02612	0.02612	0.01938	0.02780	0.01601	0.02106	0.01348	0.00758	0.00842	0.00253	0.01011	0.00758	0.00421	0.01348
5	0.02021	0.40421	0.03508	0.01698	0.02125	0.02859	0.01543	0.02269	0.01550	0.02014	0.01286	0.01751	0.01218	0.01617	0.08787	0.00378	0.22975	0.00601	0.00377	0.01002
6	0.01058	0.00799	0.00966	0.01088	0.01220	0.00725	0.00762	0.01234	0.01727	0.02205	0.05840	0.42352	0.24546	0.06385	0.01253	0.00357	0.00510	0.05502	0.00774	0.00695
7	0.01870	0.02535	0.20061	0.20614	0.33105	0.01976	0.02692	0.02522	0.01839	0.02601	0.01558	0.02064	0.01220	0.00796	0.00835	0.00265	0.01109	0.00723	0.00393	0.01220
8	0.14667	0.13760	0.02885	0.02688	0.18836	0.11701	0.01789	0.06420	0.01902	0.02750	0.01356	0.01728	0.01160	0.00932	0.01102	0.00261	0.13879	0.00625	0.00450	0.01109
9	0.03103	0.09661	0.02584	0.02130	0.02593	0.61344	0.01628	0.03327	0.02354	0.02076	0.01304	0.01520	0.01096	0.00864	0.00749	0.00216	0.01482	0.00540	0.00432	0.00995
10	0.01295	0.00996	0.01389	0.01347	0.01441	0.01174	0.01006	0.01503	0.01325	0.01896	0.02256	0.03777	0.02274	0.23066	0.42580	0.01108	0.09408	0.00981	0.00463	0.00713

[dist]
# distance from previous block
# <min> <max>
0	2

[block]
# block no. 4 follows, 21 sequences, length 52
# corresponding to MSA columns:
# 315-366
name=unknown_E
#
# <colnr> <probs for GDERKNQSTAVLIFYWHMCP>
#	G	D	E	R	K	N	Q	S	T	A	V	L	I	F	Y	W	H	M	C	P
0	0.03116	0.02909	0.02510	0.02057	0.02607	0.24209	0.01644	0.37838	0.03268	0.04015	0.01730	0.01859	0.01305	0.01007	0.00965	0.00252	0.06087	0.00691	0.00677	0.01254
1	0.01236	0.00829	0.00950	0.00950	0.00957	0.00837	0.00542	0.01251	0.01244	0.01666	0.02662	0.05461	0.03047	0.66999	0.07361	0.00851	0.00896	0.01222	0.00513	0.00528
2	0.01250	0.00963	0.01434	0.01414	0.01558	0.01146	0.01106	0.01548	0.01364	0.01979	0.02217	0.03264	0.02074	0.06121	0.63307	0.01315	0.05816	0.00903	0.00451	0.00769
3	0.01238	0.00825	0.00928	0.00928	0.00928	0.00825	0.00516	0.01238	0.01238	0.01650	0.02681	0.05569	0.03094	0.70092	0.04331	0.00825	0.00825	0.01238	0.00516	0.00516
4	0.01216	0.00912	0.01368	0.01368	0.01520	0.01064	0.01064	0.01520	0.01368	0.01976	0.02279	0.03343	0.02127	0.06382	0.66720	0.01368	0.02279	0.00912	0.00456	0.00760
5	0.01419	0.01124	0.01275	0.01229	0.01472	0.01170	0.00896	0.02264	0.19509	0.02753	0.16827	0.13004	0.14884	0.13267	0.04714	0.00432	0.00657	0.01442	0.00781	0.00882
6	0.01078	0.00758	0.00975	0.01133	0.01172	0.00718	0.00734	0.01196	0.01550	0.02066	0.04282	0.56547	0.05114	0.16359	0.01745	0.00443	0.00561	0.02179	0.00734	0.00656
7	0.01037	0.00741	0.00987	0.01185	0.01234	0.00691	0.00790	0.01185	0.01629	0.02172	0.04690	0.69537	0.05629	0.02666	0.01086	0.00346	0.00494	0.02419	0.00790	0.00691
8	0.01077	0.00757	0.00976	0.01134	0.01174	0.00718	0.00736	0.01195	0.01552	0.02069	0.04293	0.56881	0.05127	0.16006	0.01728	0.00440	0.00559	0.02185	0.00736	0.00656
9	0.01216	0.00912	0.01368	0.01368	0.01520	0.01064	0.01064	0.01520	0.01368	0.01976	0.02279	0.03343	0.02127	0.06382	0.66720	0.01368	0.02279	0.00912	0.00456	0.00760
10	0.01216	0.00912	0.01368	0.01368	0.01520	0.01064	0.01064	0.01520	0.01368	0.01976	0.02279	0.03343	0.02127	0.06382	0.66720	0.01368	0.02279	0.00912	0.00456	0.00760
11	0.01216	0.00912	0.01368	0.01368	0.01520	0.01064	0.01064	0.01520	0.01368	0.01976	0.02279	0.03343	0.02127	0.06382	0.66720	0.01368	0.02279	0.00912	0.00456	0.00760
12	0.01026	0.00782	0.00945	0.01076	0.01206	0.00700	0.00742	0.01197	0.01734	0.02215	0.06015	0.48871	0.25440	0.02494	0.01059	0.00326	0.00473	0.02209	0.00790	0.00700
13	0.01277	0.00993	0.01449	0.01415	0.01542	0.01188	0.01097	0.01548	0.01352	0.01958	0.02202	0.03370	0.02105	0.10597	0.56276	0.01236	0.08263	0.00920	0.00453	0.00758
14	0.01134	0.00867	0.01040	0.00996	0.01228	0.00773	0.00747	0.01469	0.02242	0.03016	0.44507	0.07009	0.28104	0.01888	0.01004	0.00275	0.00412	0.01630	0.00885	0.00773
15	0.01220	0.00895	0.01281	0.01281	0.01403	0.01017	0.00955	0.01464	0.01342	0.01911	0.02359	0.03784	0.02319	0.18987	0.54377	0.01260	0.01992	0.00976	0.00468	0.00712
16	0.03179	0.04056	0.02412	0.02192	0.02631	0.66676	0.01644	0.03398	0.02412	0.02083	0.01315	0.01535	0.01096	0.00877	0.00767	0.00219	0.01535	0.00548	0.00438	0.00987
17	0.02952	0.03437	0.02317	0.02073	0.02540	0.47484	0.01577	0.08333	0.15790	0.02667	0.01842	0.01933	0.01451	0.00949	0.00796	0.00237	0.01299	0.00656	0.00565	0.01102
18	0.01886	0.01612	0.01715	0.01582	0.02011	0.01811	0.01237	0.03795	0.49015	0.03285	0.04360	0.04442	0.12595	0.01401	0.00911	0.00296	0.00643	0.05348	0.00848	0.01206
19	0.02035	0.02021	0.03096	0.24355	0.41849	0.06947	0.02461	0.02537	0.01901	0.02540	0.01552	0.02112	0.01263	0.00796	0.00839	0.00260	0.01089	0.00742	0.00409	0.01196
20	0.02251	0.02108	0.02906	0.09768	0.36423	0.06338	0.02171	0.09192	0.14292	0.03103	0.01989	0.02289	0.01569	0.00880	0.00844	0.00261	0.00982	0.00785	0.00551	0.01297
21	0.01122	0.00865	0.01028	0.01011	0.01240	0.00770	0.00762	0.01436	0.02163	0.02866	0.36420	0.10299	0.30694	0.01978	0.01015	0.00284	0.00433	0.03989	0.00864	0.00762
22	0.01550	0.01217	0.01685	0.02006	0.15182	0.01178	0.01220	0.02081	0.06963	0.05564	0.31766	0.05292	0.14566	0.04670	0.01106	0.00295	0.00593	0.01322	0.00781	0.00964
23	0.01046	0.00774	0.00955	0.01094	0.01192	0.00708	0.00737	0.01197	0.01666	0.02159	0.05389	0.51147	0.18240	0.07854	0.01324	0.00371	0.00506	0.02191	0.00768	0.00683
24	0.01171	0.00797	0.00948	0.01013	0.01029	0.00781	0.00606	0.01220	0.01367	0.01823	0.03345	0.26698	0.03931	0.47821	0.03260	0.00667	0.00716	0.01628	0.00606	0.00574
25	0.01876	0.16562	0.02352	0.01303	0.02053	0.01621	0.01106	0.02231	0.01757	0.02605	0.01441	0.01678	0.01224	0.00652	0.00612	0.00138	0.00691	0.00493	0.00474	0.59131
26	0.22081	0.02390	0.05100	0.04308	0.02664	0.14757	0.09280	0.09886	0.02147	0.08912	0.01630	0.01848	0.01224	0.00872	0.00838	0.00253	0.04056	0.00655	0.00563	0.06536
27	0.33700	0.05076	0.08289	0.07094	0.22747	0.02026	0.04596	0.02546	0.01694	0.03140	0.01397	0.01755	0.01113	0.00779	0.00699	0.00259	0.00906	0.00617	0.00456	0.01110
28	0.01437	0.01262	0.02019	0.45495	0.04269	0.01501	0.01803	0.01847	0.01634	0.02117	0.02364	0.17944	0.02372	0.08825	0.01284	0.00357	0.00955	0.01187	0.00487	0.00841
29	0.01024	0.00863	0.00887	0.00881	0.01161	0.00726	0.00661	0.01257	0.01983	0.02401	0.13742	0.08021	0.59253	0.02117	0.01006	0.00286	0.00428	0.01772	0.00804	0.00726
30	0.01372	0.01057	0.01323	0.01242	0.01251	0.01229	0.00845	0.01433	0.01260	0.01758	0.02314	0.04615	0.02600	0.50966	0.08093	0.00762	0.15669	0.01109	0.00481	0.00622
31	0.02006	0.01940	0.03185	0.10441	0.45655	0.02137	0.02425	0.02448	0.01777	0.02564	0.01487	0.02068	0.01278	0.00926	0.01268	0.00282	0.15731	0.00755	0.00407	0.01220
32	0.01344	0.00867	0.01148	0.01148	0.01308	0.00959	0.00875	0.01664	0.01504	0.02370	0.02470	0.03398	0.02195	0.07779	0.40850	0.00939	0.01559	0.00888	0.25976	0.00759
33	0.02341	0.03256	0.32166	0.02371	0.07170	0.02240	0.02374	0.24980	0.08278	0.03776	0.01903	0.02036	0.01373	0.00917	0.00832	0.00265	0.01068	0.00719	0.00594	0.01343
34	0.01231	0.00850	0.01053	0.01053	0.01096	0.00893	0.00671	0.01318	0.01274	0.01742	0.02567	0.04938	0.02820	0.52032	0.22018	0.00979	0.01237	0.01145	0.00499	0.00585
35	0.20990	0.02065	0.02425	0.06078	0.28229	0.09609	0.01802	0.06873	0.02010	0.03078	0.02135	0.02416	0.07007	0.00932	0.00769	0.00256	0.00931	0.00754	0.00513	0.01127
36	0.11511	0.14266	0.02536	0.02107	0.12427	0.05063	0.01470	0.05508	0.14014	0.02955	0.01877	0.02085	0.01524	0.01200	0.05039	0.00298	0.00919	0.00663	0.00549	0.13988
37	0.01259	0.01025	0.01141	0.01175	0.01413	0.01012	0.00854	0.01925	0.15143	0.02524	0.05995	0.30594	0.28479	0.02133	0.01006	0.00310	0.00508	0.01854	0.00807	0.00845
38	0.03096	0.10173	0.02600	0.02125	0.02590	0.60856	0.01627	0.03320	0.02349	0.02075	0.01303	0.01519	0.01096	0.00863	0.00747	0.00216	0.01477	0.00540	0.00432	0.00996
39	0.01707	0.04402	0.65683	0.02426	0.03683	0.01976	0.03144	0.02695	0.01797	0.02695	0.01527	0.01797	0.01078	0.00809	0.00809	0.00270	0.01258	0.00629	0.00359	0.01258
40	0.01214	0.00845	0.01080	0.01201	0.01276	0.00829	0.00859	0.01379	0.01578	0.02085	0.03866	0.27049	0.04438	0.28393	0.02356	0.00543	0.00708	0.18967	0.00683	0.00652
41	0.02900	0.03043	0.20624	0.02008	0.02789	0.15978	0.01950	0.13126	0.05049	0.20926	0.02170	0.02152	0.01500	0.00943	0.00823	0.00255	0.01088	0.00713	0.00677	0.01288
42	0.01787	0.01292	0.01476	0.01381	0.01691	0.01324	0.01037	0.16830	0.07333	0.05753	0.04559	0.33658	0.14492	0.01973	0.00986	0.00305	0.00618	0.01711	0.00823	0.00971
43	0.01138	0.00856	0.01053	0.01027	0.01237	0.00771	0.00761	0.01468	0.02216	0.03011	0.44486	0.12637	0.22354	0.01932	0.01012	0.00280	0.00418	0.01686	0.00886	0.00771
44	0.01521	0.01375	0.02093	0.01853	0.01992	0.01740	0.05358	0.01806	0.01385	0.02053	0.01787	0.02694	0.01676	0.04092	0.37340	0.00906	0.28201	0.00852	0.00421	0.00852
45	0.02081	0.01996	0.03408	0.08425	0.61781	0.02015	0.02599	0.02589	0.01926	0.02749	0.01596	0.02115	0.01337	0.00763	0.00843	0.00254	0.01017	0.00758	0.00419	0.01327
46	0.02253	0.02405	0.02897	0.13118	0.35328	0.18999	0.02208	0.02677	0.01987	0.02451	0.01563	0.02069	0.01308	0.01215	0.05647	0.00330	0.01260	0.00714	0.00422	0.01152
47	0.01217	0.00905	0.01336	0.01336	0.01476	0.01046	0.01024	0.01499	0.01358	0.01952	0.02309	0.03506	0.02198	0.11047	0.62152	0.01328	0.02173	0.00936	0.00460	0.00742
48	0.02122	0.36969	0.29720	0.01927	0.02848	0.08609	0.02175	0.02687	0.01820	0.02298	0.01338	0.01560	0.01087	0.00775	0.00675	0.00222	0.01112	0.00536	0.00369	0.01151
49	0.02480	0.05022	0.02392	0.01947	0.02300	0.16347	0.01564	0.19762	0.04623	0.03045	0.01708	0.02206	0.01460	0.05290	0.07588	0.00410	0.19474	0.00747	0.00559	0.01077
50	0.01314	0.01013	0.01233	0.01302	0.01494	0.01027	0.00965	0.01979	0.13991	0.02674	0.12890	0.35633	0.09571	0.02163	0.01037	0.00325	0.00549	0.09165	0.00824	0.00850
51	0.02106	0.02022	0.03454	0.05223	0.64784	0.02022	0.02612	0.02612	0.01938	0.02780	0.01601	0.02106	0.01348	0.00758	0.00842	0.00253	0.01011	0.00758	0.00421	0.01348

[dist]
# distance from previous block
# <min> <max>
0	1

[block]
# block no. 5 follows, 21 sequences, length 17
# corresponding to MSA columns:
# 368-384
name=unknown_F
#
# <colnr> <probs for GDERKNQSTAVLIFYWHMCP>
#	G	D	E	R	K	N	Q	S	T	A	V	L	I	F	Y	W	H	M	C	P
0	0.03038	0.10239	0.02623	0.02035	0.02563	0.41298	0.01601	0.17222	0.06349	0.02938	0.01602	0.01736	0.01268	0.00913	0.00771	0.00228	0.01279	0.00615	0.00554	0.01128
1	0.02785	0.10260	0.03099	0.02159	0.02817	0.10701	0.12699	0.32853	0.03027	0.03931	0.01839	0.02020	0.01380	0.00911	0.00818	0.00245	0.01068	0.00749	0.05389	0.01250
2	0.01189	0.00850	0.01035	0.01123	0.01227	0.00816	0.00798	0.01348	0.01607	0.02080	0.04515	0.20522	0.14141	0.28607	0.02350	0.00533	0.00680	0.15250	0.00682	0.00650
3	0.01417	0.08057	0.01771	0.01416	0.01577	0.01467	0.01113	0.01645	0.01371	0.01928	0.02081	0.03350	0.02061	0.16966	0.39520	0.01008	0.11131	0.00903	0.00446	0.00772
4	0.03185	0.03887	0.02426	0.02169	0.02632	0.60218	0.01642	0.09303	0.02572	0.02414	0.01389	0.01586	0.01132	0.00892	0.00776	0.00223	0.01474	0.00570	0.00480	0.01033
5	0.01150	0.00875	0.01078	0.01163	0.01366	0.00804	0.00912	0.01434	0.01959	0.02519	0.15166	0.19726	0.27282	0.02245	0.01071	0.00326	0.00543	0.18828	0.00811	0.00746
6	0.02672	0.03836	0.17514	0.02697	0.12100	0.41799	0.02142	0.03115	0.02196	0.02331	0.01408	0.01681	0.01129	0.00843	0.00788	0.00236	0.01392	0.00598	0.00417	0.01104
7	0.01646	0.01537	0.02505	0.63015	0.05584	0.01908	0.02286	0.02352	0.06372	0.02279	0.01661	0.02338	0.01245	0.00874	0.00852	0.00284	0.01099	0.00772	0.00415	0.00976
8	0.01216	0.00912	0.01368	0.01368	0.01520	0.01064	0.01064	0.01520	0.01368	0.01976	0.02279	0.03343	0.02127	0.06382	0.66720	0.01368	0.02279	0.00912	0.00456	0.00760
9	0.76103	0.01646	0.01251	0.01119	0.01646	0.01909	0.00922	0.02502	0.01448	0.03818	0.01185	0.01382	0.00922	0.00790	0.00527	0.00263	0.00658	0.00461	0.00527	0.00922
10	0.01935	0.01533	0.01606	0.01376	0.01827	0.01597	0.01090	0.21717	0.13545	0.03528	0.05545	0.05281	0.32764	0.01605	0.00930	0.00277	0.00640	0.01310	0.00824	0.01069
11	0.01273	0.00996	0.01477	0.01444	0.01583	0.01200	0.01134	0.01566	0.01362	0.01982	0.02177	0.03212	0.02038	0.05949	0.61063	0.01280	0.08143	0.00897	0.00449	0.00775
12	0.04967	0.02380	0.09871	0.01753	0.02287	0.13808	0.01507	0.07028	0.23346	0.06239	0.03220	0.09680	0.07744	0.01273	0.00861	0.00275	0.00886	0.01027	0.00704	0.01143
13	0.11568	0.01728	0.11828	0.04069	0.02012	0.01524	0.01415	0.02024	0.01586	0.02643	0.02427	0.02893	0.07159	0.01905	0.09832	0.03337	0.12905	0.00815	0.17441	0.00888
14	0.02466	0.02748	0.02454	0.02806	0.19456	0.29695	0.01756	0.03207	0.14570	0.02594	0.02511	0.02645	0.07385	0.01020	0.00830	0.00249	0.01113	0.00806	0.00553	0.01134
15	0.02368	0.21251	0.02995	0.04495	0.02451	0.15862	0.01647	0.09867	0.02002	0.02454	0.01376	0.01785	0.01208	0.01363	0.05256	0.00330	0.21164	0.00638	0.00448	0.01041
16	0.02187	0.05580	0.11253	0.02033	0.05475	0.22609	0.01692	0.07739	0.02042	0.02454	0.01760	0.02278	0.01502	0.02815	0.24104	0.00636	0.01653	0.00714	0.00466	0.01009

[dist]
# distance from previous block
# <min> <max>
4	32

[block]
# block no. 6 follows, 21 sequences, length 105
# corresponding to MSA columns:
# 418-522
name=unknown_G
#
# <colnr> <probs for GDERKNQSTAVLIFYWHMCP>
#	G	D	E	R	K	N	Q	S	T	A	V	L	I	F	Y	W	H	M	C	P
0	0.05957	0.01749	0.02129	0.02558	0.19824	0.06509	0.01570	0.02817	0.18724	0.02789	0.03020	0.03267	0.09163	0.02126	0.13558	0.00480	0.01115	0.00933	0.00601	0.01110
1	0.01925	0.01967	0.05747	0.07196	0.21661	0.01919	0.16448	0.02907	0.16459	0.02811	0.02310	0.06610	0.01962	0.04934	0.01101	0.00310	0.01010	0.00987	0.00551	0.01184
2	0.02285	0.10586	0.05284	0.02513	0.14456	0.24614	0.01746	0.02710	0.04569	0.02274	0.01655	0.02107	0.01430	0.02044	0.14910	0.00478	0.04167	0.00685	0.00443	0.01046
3	0.02552	0.35107	0.08871	0.02077	0.07129	0.22710	0.01754	0.06426	0.02099	0.02348	0.01337	0.01551	0.01133	0.00801	0.00678	0.00211	0.01142	0.00540	0.00420	0.01114
4	0.01218	0.00904	0.01330	0.01330	0.01469	0.01043	0.01017	0.01496	0.01357	0.01948	0.02314	0.03534	0.02210	0.11831	0.61385	0.01321	0.02155	0.00940	0.00461	0.00739
5	0.01380	0.00904	0.01077	0.01046	0.01245	0.00827	0.00750	0.01594	0.01875	0.07771	0.18673	0.10319	0.22024	0.21031	0.01939	0.00441	0.00585	0.05006	0.00769	0.00746
6	0.02851	0.03435	0.02730	0.03118	0.21605	0.46938	0.01940	0.03158	0.02267	0.02296	0.01403	0.01709	0.01173	0.00841	0.00790	0.00229	0.01375	0.00612	0.00433	0.01097
7	0.02202	0.21172	0.03399	0.03380	0.32786	0.05202	0.02008	0.02991	0.13545	0.02682	0.01826	0.02078	0.01503	0.00830	0.00761	0.00238	0.00941	0.00703	0.00491	0.01261
8	0.01982	0.01988	0.03641	0.17057	0.34638	0.02035	0.18385	0.02627	0.04172	0.02675	0.01685	0.02229	0.01337	0.00780	0.00888	0.00269	0.01137	0.00831	0.00432	0.01215
9	0.02107	0.02014	0.03389	0.05075	0.62124	0.02026	0.02558	0.02693	0.04543	0.02813	0.01680	0.02152	0.01401	0.00775	0.00843	0.00254	0.00997	0.00767	0.00440	0.01348
10	0.01363	0.01000	0.01401	0.01358	0.01501	0.01192	0.01066	0.01671	0.01441	0.02215	0.02240	0.03137	0.02020	0.04771	0.46499	0.01026	0.09648	0.00869	0.14796	0.00786
11	0.01921	0.02095	0.13736	0.01584	0.02164	0.05102	0.01470	0.05944	0.18204	0.08410	0.07116	0.04430	0.21508	0.01393	0.00897	0.00276	0.00763	0.01140	0.00741	0.01106
12	0.01858	0.19839	0.02565	0.01622	0.01841	0.06136	0.01325	0.02011	0.01463	0.01915	0.01631	0.02859	0.01721	0.22496	0.02553	0.00453	0.25639	0.00809	0.00419	0.00848
13	0.01238	0.00825	0.00928	0.00928	0.00928	0.00825	0.00516	0.01238	0.01238	0.01650	0.02681	0.05569	0.03094	0.70092	0.04331	0.00825	0.00825	0.01238	0.00516	0.00516
14	0.01051	0.00752	0.01000	0.01175	0.01237	0.00701	0.00791	0.01221	0.01696	0.02278	0.09791	0.64134	0.05834	0.02587	0.01079	0.00339	0.00486	0.02344	0.00803	0.00701
15	0.02106	0.02022	0.03454	0.05223	0.64784	0.02022	0.02612	0.02612	0.01938	0.02780	0.01601	0.02106	0.01348	0.00758	0.00842	0.00253	0.01011	0.00758	0.00421	0.01348
16	0.02273	0.10481	0.02423	0.14604	0.02942	0.26782	0.01616	0.02837	0.09096	0.02243	0.01772	0.02192	0.01474	0.01933	0.13296	0.00454	0.01425	0.00695	0.00471	0.00990
