[name]
unknown

[dist]
# distance from previous block
# <min> <max>
0	0

[block]
# block no. 0 follows, 22 sequences, length 70
# corresponding to MSA columns:
# 0-69
name=unknown_A
#
# <colnr> <probs for GDERKNQSTAVLIFYWHMCP>
#	G	D	E	R	K	N	Q	S	T	A	V	L	I	F	Y	W	H	M	C	P
0	0.01339	0.00956	0.01339	0.01530	0.01721	0.00956	0.01339	0.01721	0.01912	0.02486	0.04399	0.09371	0.04781	0.02295	0.01147	0.00382	0.00765	0.60031	0.00765	0.00765
1	0.01208	0.00805	0.00906	0.00906	0.00906	0.00805	0.00503	0.01208	0.01208	0.01611	0.02618	0.05436	0.03020	0.70804	0.04228	0.00805	0.00805	0.01208	0.00503	0.00503
2	0.01012	0.00723	0.00964	0.01157	0.01205	0.00675	0.00771	0.01157	0.01591	0.02121	0.04579	0.70262	0.05495	0.02603	0.01060	0.00337	0.00482	0.02362	0.00771	0.00675
3	0.03112	0.03711	0.02375	0.02105	0.02569	0.57615	0.01601	0.12358	0.02590	0.02519	0.01392	0.01574	0.01122	0.00878	0.00762	0.00219	0.01409	0.00567	0.00489	0.01031
4	0.01004	0.00756	0.00930	0.01070	0.01182	0.00682	0.00733	0.01167	0.01674	0.02155	0.05636	0.53100	0.21974	0.02465	0.01039	0.00322	0.00465	0.02194	0.00771	0.00682
5	0.00982	0.00842	0.00842	0.00842	0.01122	0.00701	0.00631	0.01192	0.01894	0.02244	0.08416	0.07995	0.65285	0.02104	0.00982	0.00281	0.00421	0.01753	0.00771	0.00701
6	0.02056	0.01974	0.03372	0.05099	0.65622	0.01974	0.02550	0.02550	0.01892	0.02714	0.01563	0.02056	0.01316	0.00740	0.00822	0.00247	0.00987	0.00740	0.00411	0.01316
7	0.76672	0.01607	0.01221	0.01092	0.01607	0.01864	0.00900	0.02442	0.01414	0.03727	0.01157	0.01350	0.00900	0.00771	0.00514	0.00257	0.00643	0.00450	0.00514	0.00900
8	0.01012	0.00723	0.00964	0.01157	0.01205	0.00675	0.00771	0.01157	0.01591	0.02121	0.04579	0.70262	0.05495	0.02603	0.01060	0.00337	0.00482	0.02362	0.00771	0.00675
9	0.01691	0.07334	0.63684	0.02325	0.03529	0.01991	0.02995	0.02624	0.01751	0.02600	0.01476	0.01735	0.01053	0.00786	0.00778	0.00259	0.01212	0.00606	0.00351	0.01220
10	0.01999	0.01916	0.03270	0.12508	0.58656	0.01959	0.02521	0.02500	0.01865	0.02645	0.01553	0.02075	0.01292	0.00751	0.00823	0.00250	0.01001	0.00740	0.00406	0.01270
11	0.03103	0.03959	0.02354	0.02140	0.02568	0.67469	0.01605	0.03317	0.02354	0.02033	0.01284	0.01498	0.01070	0.00856	0.00749	0.00214	0.01498	0.00535	0.00428	0.00963
12	0.01757	0.15309	0.56287	0.02212	0.03355	0.02152	0.02799	0.02607	0.01743	0.02520	0.01436	0.01685	0.01055	0.00776	0.00747	0.00249	0.01172	0.00586	0.00352	0.01201
13	0.02758	0.46390	0.03489	0.01442	0.02128	0.02551	0.01350	0.03044	0.01934	0.24856	0.01912	0.01866	0.01419	0.00824	0.00641	0.00206	0.00824	0.00584	0.00595	0.01190
14	0.02140	0.02132	0.03291	0.04863	0.60586	0.07205	0.02474	0.02611	0.01929	0.02660	0.01540	0.02012	0.01296	0.00749	0.00817	0.00244	0.01028	0.00724	0.00413	0.01288
15	0.01711	0.09649	0.61536	0.02292	0.03479	0.02038	0.02938	0.02619	0.01749	0.02577	0.01464	0.01720	0.01053	0.00783	0.00769	0.00256	0.01201	0.00600	0.00351	0.01215
16	0.02789	0.27967	0.03067	0.01884	0.02413	0.44590	0.01540	0.03022	0.02117	0.02005	0.01238	0.01439	0.01069	0.00804	0.00672	0.00201	0.01281	0.00503	0.00402	0.01000
17	0.01096	0.00846	0.01000	0.00962	0.01192	0.00750	0.00721	0.01414	0.02164	0.02886	0.41935	0.06938	0.31365	0.01864	0.00981	0.00269	0.00404	0.01605	0.00856	0.00750
18	0.01017	0.00843	0.00891	0.00879	0.01144	0.00716	0.00659	0.01261	0.01978	0.02444	0.18843	0.07666	0.54733	0.02029	0.00981	0.00277	0.00415	0.01707	0.00798	0.00716
19	0.03113	0.03668	0.02379	0.02099	0.02570	0.55873	0.01600	0.13956	0.02631	0.02605	0.01411	0.01587	0.01131	0.00881	0.00764	0.00220	0.01394	0.00573	0.00500	0.01043
20	0.01313	0.00894	0.01018	0.00974	0.01258	0.00770	0.00734	0.01565	0.02009	0.09220	0.18537	0.12075	0.42708	0.01951	0.00972	0.00279	0.00450	0.01656	0.00826	0.00791
21	0.03110	0.03757	0.02371	0.02112	0.02569	0.59429	0.01602	0.10693	0.02546	0.02430	0.01372	0.01560	0.01113	0.00874	0.00759	0.00218	0.01426	0.00561	0.00478	0.01019
22	0.01209	0.01039	0.01059	0.01020	0.01340	0.00987	0.00775	0.01868	0.14940	0.02502	0.07360	0.06969	0.52130	0.01899	0.00953	0.00281	0.00470	0.01583	0.00787	0.00830
23	0.01961	0.02241	0.04902	0.03501	0.04342	0.02101	0.62605	0.02661	0.01961	0.02661	0.01681	0.02241	0.01261	0.00700	0.00980	0.00280	0.01401	0.00980	0.00420	0.01120
24	0.02000	0.01916	0.03270	0.12483	0.58679	0.01959	0.02521	0.02500	0.01865	0.02645	0.01553	0.02074	0.01292	0.00751	0.00823	0.00250	0.01001	0.00740	0.00406	0.01270
25	0.01012	0.00723	0.00964	0.01157	0.01205	0.00675	0.00771	0.01157	0.01591	0.02121	0.04579	0.70262	0.05495	0.02603	0.01060	0.00337	0.00482	0.02362	0.00771	0.00675
26	0.01012	0.00723	0.00964	0.01157	0.01205	0.00675	0.00771	0.01157	0.01591	0.02121	0.04579	0.70262	0.05495	0.02603	0.01060	0.00337	0.00482	0.02362	0.00771	0.00675
27	0.67684	0.01583	0.01308	0.01140	0.01670	0.01784	0.00939	0.02640	0.01533	0.11425	0.01418	0.01532	0.01042	0.00803	0.00554	0.00257	0.00651	0.00497	0.00577	0.00963
28	0.02221	0.71304	0.04353	0.01421	0.02132	0.03287	0.01421	0.02488	0.01688	0.01955	0.01155	0.01333	0.01066	0.00711	0.00533	0.00178	0.00888	0.00444	0.00355	0.01066
29	0.02056	0.01974	0.03372	0.05099	0.65622	0.01974	0.02550	0.02550	0.01892	0.02714	0.01563	0.02056	0.01316	0.00740	0.00822	0.00247	0.00987	0.00740	0.00411	0.01316
30	0.02199	0.01755	0.01882	0.01674	0.02157	0.01999	0.01307	0.04385	0.59190	0.08485	0.03373	0.03078	0.02498	0.01119	0.00845	0.00280	0.00661	0.00931	0.00860	0.01323
31	0.01187	0.00890	0.01335	0.01335	0.01483	0.01038	0.01038	0.01483	0.01335	0.01928	0.02225	0.03264	0.02077	0.06231	0.67512	0.01335	0.02225	0.00890	0.00445	0.00742
32	0.01666	0.04297	0.66500	0.02368	0.03596	0.01929	0.03069	0.02631	0.01754	0.02631	0.01491	0.01754	0.01052	0.00789	0.00789	0.00263	0.01228	0.00614	0.00351	0.01228
33	0.02056	0.01974	0.03372	0.05099	0.65622	0.01974	0.02550	0.02550	0.01892	0.02714	0.01563	0.02056	0.01316	0.00740	0.00822	0.00247	0.00987	0.00740	0.00411	0.01316
34	0.01569	0.01477	0.02492	0.68808	0.05722	0.01846	0.02307	0.02123	0.01661	0.02123	0.01477	0.02215	0.01107	0.00831	0.00831	0.00277	0.01107	0.00738	0.00369	0.00923
35	0.02056	0.01974	0.03372	0.05099	0.65622	0.01974	0.02550	0.02550	0.01892	0.02714	0.01563	0.02056	0.01316	0.00740	0.00822	0.00247	0.00987	0.00740	0.00411	0.01316
36	0.02052	0.01986	0.03444	0.05024	0.62739	0.01980	0.05375	0.02555	0.01895	0.02712	0.01568	0.02065	0.01313	0.00738	0.00830	0.00248	0.01006	0.00751	0.00412	0.01307
37	0.76672	0.01607	0.01221	0.01092	0.01607	0.01864	0.00900	0.02442	0.01414	0.03727	0.01157	0.01350	0.00900	0.00771	0.00514	0.00257	0.00643	0.00450	0.00514	0.00900
38	0.03727	0.01414	0.01928	0.01478	0.02121	0.01221	0.01221	0.04049	0.02378	0.66198	0.03277	0.02828	0.02056	0.01028	0.00835	0.00257	0.00707	0.00835	0.01028	0.01414
39	0.01961	0.02241	0.04902	0.03501	0.04342	0.02101	0.62605	0.02661	0.01961	0.02661	0.01681	0.02241	0.01261	0.00700	0.00980	0.00280	0.01401	0.00980	0.00420	0.01120
40	0.01666	0.04297	0.66500	0.02368	0.03596	0.01929	0.03069	0.02631	0.01754	0.02631	0.01491	0.01754	0.01052	0.00789	0.00789	0.00263	0.01228	0.00614	0.00351	0.01228
41	0.00997	0.00781	0.00904	0.01003	0.01165	0.00688	0.00703	0.01174	0.01738	0.02181	0.06445	0.39984	0.34569	0.02360	0.01022	0.00310	0.00452	0.02066	0.00771	0.00688
42	0.03727	0.01414	0.01928	0.01478	0.02121	0.01221	0.01221	0.04049	0.02378	0.66198	0.03277	0.02828	0.02056	0.01028	0.00835	0.00257	0.00707	0.00835	0.01028	0.01414
43	0.01666	0.04297	0.66500	0.02368	0.03596	0.01929	0.03069	0.02631	0.01754	0.02631	0.01491	0.01754	0.01052	0.00789	0.00789	0.00263	0.01228	0.00614	0.00351	0.01228
44	0.01347	0.12873	0.09176	0.01301	0.01649	0.01292	0.01150	0.01695	0.01897	0.02584	0.25258	0.28068	0.05082	0.01757	0.00913	0.00275	0.00604	0.01535	0.00705	0.00843
45	0.01101	0.00846	0.01006	0.00966	0.01195	0.00752	0.00725	0.01422	0.02174	0.02910	0.43163	0.06900	0.30123	0.01856	0.00981	0.00269	0.00403	0.01600	0.00859	0.00752
46	0.02125	0.02105	0.03305	0.04904	0.61463	0.06294	0.02487	0.02600	0.01922	0.02669	0.01544	0.02019	0.01300	0.00748	0.00818	0.00245	0.01021	0.00727	0.00412	0.01293
47	0.00997	0.00784	0.00901	0.00995	0.01162	0.00688	0.00699	0.01175	0.01746	0.02184	0.06550	0.38273	0.36211	0.02346	0.01020	0.00308	0.00451	0.02049	0.00771	0.00688
48	0.01003	0.00759	0.00927	0.01062	0.01180	0.00683	0.00729	0.01167	0.01681	0.02158	0.05730	0.51583	0.23431	0.02453	0.01037	0.00320	0.00464	0.02179	0.00771	0.00683
49	0.01012	0.00723	0.00964	0.01157	0.01205	0.00675	0.00771	0.01157	0.01591	0.02121	0.04579	0.70262	0.05495	0.02603	0.01060	0.00337	0.00482	0.02362	0.00771	0.00675
50	0.01079	0.00985	0.05309	0.01247	0.01399	0.00782	0.00959	0.01301	0.01646	0.02191	0.04598	0.57022	0.08849	0.02428	0.01045	0.00333	0.00550	0.06815	0.00743	0.00720
51	0.02121	0.02097	0.03309	0.04916	0.61715	0.06032	0.02491	0.02597	0.01920	0.02672	0.01545	0.02022	0.01301	0.00747	0.00818	0.00245	0.01019	0.00727	0.00412	0.01294
52	0.01666	0.04297	0.66500	0.02368	0.03596	0.01929	0.03069	0.02631	0.01754	0.02631	0.01491	0.01754	0.01052	0.00789	0.00789	0.00263	0.01228	0.00614	0.00351	0.01228
53	0.01805	0.03469	0.43996	0.03341	0.25707	0.01945	0.02884	0.02602	0.01803	0.02661	0.01516	0.01862	0.01146	0.00772	0.00801	0.00257	0.01142	0.00659	0.00372	0.01259
54	0.02583	0.06958	0.29464	0.02061	0.02886	0.22662	0.02134	0.03139	0.02072	0.15734	0.01783	0.01877	0.01269	0.00857	0.00773	0.00242	0.01187	0.00627	0.00518	0.01175
55	0.02040	0.49463	0.24610	0.01730	0.02609	0.02845	0.01959	0.02534	0.01709	0.02175	0.01264	0.01470	0.01062	0.00736	0.00617	0.00206	0.00999	0.00500	0.00354	0.01119
56	0.01687	0.04172	0.63095	0.02515	0.06941	0.01932	0.03041	0.02626	0.01761	0.02635	0.01495	0.01770	0.01067	0.00787	0.00791	0.00262	0.01215	0.00621	0.00354	0.01233
57	0.01952	0.02141	0.04462	0.08103	0.15689	0.02061	0.47596	0.02605	0.01928	0.02635	0.01646	0.02205	0.01261	0.00716	0.00941	0.00274	0.01305	0.00920	0.00415	0.01143
58	0.01633	0.02387	0.24287	0.02789	0.21437	0.01561	0.02183	0.02251	0.01942	0.02777	0.14987	0.03912	0.03086	0.01189	0.00893	0.00276	0.00914	0.09856	0.00547	0.01093
59	0.01794	0.01909	0.03659	0.02784	0.03266	0.02054	0.35616	0.02269	0.01686	0.02374	0.01769	0.07610	0.01598	0.01421	0.05633	0.00375	0.21743	0.01009	0.00433	0.00998
60	0.01067	0.00831	0.00968	0.00963	0.01182	0.00733	0.00711	0.01345	0.02050	0.02685	0.31724	0.14488	0.34293	0.01992	0.00990	0.00279	0.00416	0.01719	0.00831	0.00733
61	0.02468	0.52635	0.03811	0.01604	0.02253	0.16696	0.01470	0.06643	0.01974	0.02187	0.01237	0.01411	0.01090	0.00760	0.00598	0.00190	0.01018	0.00483	0.00402	0.01067
62	0.01632	0.09577	0.02219	0.02290	0.17975	0.05650	0.01453	0.01948	0.01696	0.02208	0.03122	0.03550	0.14911	0.02780	0.21783	0.00590	0.04237	0.00952	0.00490	0.00939
63	0.01027	0.00784	0.00950	0.01073	0.01216	0.00707	0.00766	0.01215	0.01726	0.02194	0.05950	0.42911	0.27031	0.02398	0.01039	0.00320	0.00482	0.06748	0.00771	0.00692
64	0.01011	0.00729	0.00958	0.01141	0.01201	0.00676	0.00764	0.01159	0.01606	0.02127	0.04774	0.67096	0.08535	0.02577	0.01056	0.00334	0.00479	0.02331	0.00771	0.00676
65	0.02723	0.27481	0.03213	0.01972	0.02525	0.40901	0.05320	0.02986	0.02096	0.02044	0.01263	0.01486	0.01080	0.00795	0.00688	0.00205	0.01278	0.00531	0.00402	0.01009
66	0.01800	0.03121	0.34935	0.07936	0.18729	0.01994	0.10310	0.02539	0.01777	0.02579	0.01506	0.01925	0.01149	0.00810	0.00944	0.00268	0.05400	0.00706	0.00376	0.01194
67	0.05039	0.01900	0.02073	0.01763	0.02085	0.15342	0.08344	0.02283	0.01733	0.02446	0.01780	0.02295	0.01501	0.01771	0.11215	0.00411	0.13697	0.00726	0.18062	0.05533
68	0.06201	0.15485	0.07864	0.02422	0.14005	0.27485	0.01758	0.02891	0.06103	0.02384	0.01819	0.02016	0.04433	0.00879	0.00732	0.00227	0.01118	0.00646	0.00455	0.01075
69	0.02645	0.06683	0.03119	0.02560	0.06363	0.40879	0.16968	0.03007	0.02165	0.02258	0.01402	0.01718	0.01139	0.00791	0.00794	0.00226	0.01370	0.00651	0.00425	0.04837

[dist]
# distance from previous block
# <min> <max>
1	5

[block]
# block no. 1 follows, 22 sequences, length 24
# corresponding to MSA columns:
# 75-98
name=unknown_B
#
# <colnr> <probs for GDERKNQSTAVLIFYWHMCP>
#	G	D	E	R	K	N	Q	S	T	A	V	L	I	F	Y	W	H	M	C	P
0	0.02209	0.16756	0.02214	0.01433	0.01872	0.11499	0.01168	0.02762	0.09866	0.12804	0.21469	0.03490	0.03569	0.04230	0.00952	0.00262	0.00766	0.00940	0.00712	0.01026
1	0.01778	0.01276	0.01410	0.01262	0.01566	0.01303	0.00937	0.18204	0.04692	0.05449	0.04324	0.16652	0.18720	0.16671	0.01646	0.00395	0.00670	0.01404	0.00743	0.00899
2	0.07262	0.20738	0.02910	0.02200	0.08924	0.37318	0.01622	0.02913	0.02030	0.02187	0.01264	0.01519	0.01085	0.00828	0.00775	0.00217	0.04242	0.00536	0.00410	0.01020
3	0.01595	0.10511	0.45876	0.01977	0.02941	0.01818	0.02409	0.02333	0.01778	0.02490	0.02737	0.03134	0.11682	0.01076	0.00813	0.00263	0.01037	0.03987	0.00442	0.01101
4	0.01727	0.01242	0.01437	0.01318	0.01600	0.01384	0.01012	0.10472	0.15341	0.02942	0.02595	0.03245	0.02196	0.09926	0.22310	0.00646	0.01144	0.00888	0.17636	0.00939
5	0.02503	0.02640	0.02958	0.03828	0.39051	0.22777	0.02149	0.09110	0.02249	0.02763	0.01520	0.01873	0.01248	0.00804	0.00800	0.00237	0.01141	0.00676	0.00461	0.01214
6	0.02721	0.03224	0.02648	0.03042	0.22269	0.43542	0.01885	0.03135	0.05459	0.02322	0.01482	0.01757	0.01224	0.00834	0.00777	0.00228	0.01294	0.00620	0.00445	0.01092
7	0.01144	0.00808	0.00895	0.00907	0.00974	0.00774	0.00549	0.01201	0.01388	0.01787	0.04059	0.10087	0.17333	0.50903	0.03291	0.00657	0.00698	0.01404	0.00581	0.00559
8	0.03113	0.01883	0.02142	0.01663	0.02281	0.01951	0.01367	0.37775	0.03212	0.24288	0.03068	0.02882	0.08247	0.01122	0.00848	0.00255	0.00797	0.00880	0.00887	0.01339
9	0.01859	0.17771	0.26255	0.02167	0.02819	0.02454	0.06001	0.02375	0.01580	0.02260	0.01287	0.01716	0.01082	0.01005	0.01441	0.00282	0.25574	0.00641	0.00361	0.01072
10	0.02046	0.01800	0.02774	0.03815	0.42368	0.01830	0.02105	0.11334	0.02195	0.03028	0.02457	0.03555	0.05345	0.01104	0.00885	0.00271	0.00909	0.10420	0.00551	0.01208
11	0.01978	0.41988	0.31543	0.01835	0.02772	0.02693	0.02142	0.02550	0.01717	0.02250	0.01302	0.01517	0.01060	0.00745	0.00645	0.00215	0.01037	0.00518	0.00353	0.01137
12	0.01443	0.00927	0.01087	0.01000	0.01306	0.00804	0.00767	0.01729	0.02114	0.11867	0.26243	0.06661	0.37329	0.01815	0.00960	0.00271	0.00453	0.01538	0.00855	0.00832
13	0.02600	0.06318	0.02516	0.02121	0.02409	0.41142	0.01673	0.02805	0.01934	0.02017	0.01208	0.01605	0.01077	0.01064	0.01450	0.00266	0.25844	0.00600	0.00401	0.00948
14	0.01657	0.01450	0.01954	0.02422	0.21251	0.01440	0.01463	0.05026	0.11798	0.02768	0.04451	0.04946	0.23264	0.01424	0.00903	0.00271	0.00700	0.07252	0.00660	0.04899
15	0.01054	0.00830	0.00862	0.00862	0.01053	0.00734	0.00591	0.01197	0.01676	0.02043	0.06574	0.07182	0.45508	0.23925	0.02013	0.00447	0.00543	0.01580	0.00686	0.00638
16	0.02605	0.09985	0.19207	0.02076	0.02900	0.02455	0.05718	0.37461	0.03005	0.04070	0.01759	0.01880	0.01275	0.00896	0.00799	0.00247	0.01022	0.00697	0.00633	0.01311
17	0.26029	0.02374	0.02424	0.03056	0.28870	0.18994	0.01780	0.02715	0.01860	0.02859	0.01361	0.01686	0.01120	0.00780	0.00705	0.00241	0.01011	0.00595	0.00448	0.01092
18	0.01622	0.01721	0.04398	0.01432	0.01686	0.15340	0.01086	0.02059	0.08297	0.02310	0.07043	0.32308	0.09285	0.06113	0.01143	0.00321	0.00764	0.01567	0.00676	0.00827
19	0.02409	0.02749	0.02002	0.01960	0.04943	0.39093	0.01406	0.06429	0.02162	0.02276	0.02152	0.16610	0.02164	0.01796	0.07754	0.00361	0.01294	0.00990	0.00529	0.00922
20	0.08225	0.02217	0.11607	0.01752	0.02356	0.02013	0.01573	0.35801	0.02889	0.04055	0.02413	0.16673	0.02202	0.01296	0.00850	0.00271	0.00846	0.01054	0.00722	0.01185
21	0.02020	0.02074	0.03947	0.04499	0.42588	0.02022	0.25124	0.02591	0.01918	0.02694	0.01607	0.02126	0.01295	0.00725	0.00882	0.00259	0.01142	0.00830	0.00415	0.01242
22	0.02713	0.02238	0.02065	0.01744	0.02263	0.17522	0.01373	0.08297	0.21986	0.16688	0.02448	0.02371	0.01793	0.00992	0.00879	0.00245	0.03928	0.00749	0.00726	0.08981
23	0.02016	0.46495	0.27363	0.01772	0.02674	0.02784	0.02032	0.02541	0.01712	0.02205	0.01279	0.01489	0.01061	0.00740	0.00628	0.00209	0.01014	0.00507	0.00354	0.01126

[dist]
# distance from previous block
# <min> <max>
1	4

[block]
# block no. 2 follows, 22 sequences, length 19
# corresponding to MSA columns:
# 103-121
name=unknown_C
#
# <colnr> <probs for GDERKNQSTAVLIFYWHMCP>
#	G	D	E	R	K	N	Q	S	T	A	V	L	I	F	Y	W	H	M	C	P
0	0.01663	0.26637	0.09815	0.01347	0.01850	0.01808	0.01275	0.02008	0.01857	0.05017	0.14846	0.15143	0.10852	0.01415	0.00805	0.00247	0.00700	0.01170	0.00610	0.00934
1	0.04675	0.01570	0.01514	0.01651	0.09157	0.12550	0.01073	0.01947	0.01963	0.04974	0.13720	0.05116	0.25515	0.09509	0.01273	0.00321	0.00736	0.01230	0.00659	0.00846
2	0.03027	0.03814	0.02429	0.02357	0.07187	0.62671	0.01674	0.03261	0.02320	0.02083	0.01305	0.01539	0.01088	0.00848	0.00754	0.00216	0.01461	0.00550	0.00427	0.00989
3	0.11631	0.03028	0.02279	0.01927	0.02460	0.33656	0.01513	0.27279	0.02873	0.03523	0.01557	0.01682	0.01189	0.00903	0.00755	0.00233	0.01163	0.00611	0.00601	0.01138
4	0.01666	0.04297	0.66500	0.02368	0.03596	0.01929	0.03069	0.02631	0.01754	0.02631	0.01491	0.01754	0.01052	0.00789	0.00789	0.00263	0.01228	0.00614	0.00351	0.01228
5	0.01549	0.01483	0.01711	0.01591	0.01749	0.09074	0.01260	0.01796	0.01503	0.01997	0.02560	0.03247	0.09278	0.03860	0.34808	0.00824	0.19533	0.00910	0.00461	0.00806
6	0.01187	0.00890	0.01335	0.01335	0.01483	0.01038	0.01038	0.01483	0.01335	0.01928	0.02225	0.03264	0.02077	0.06231	0.67512	0.01335	0.02225	0.00890	0.00445	0.00742
7	0.01208	0.00805	0.00906	0.00906	0.00906	0.00805	0.00503	0.01208	0.01208	0.01611	0.02618	0.05436	0.03020	0.70804	0.04228	0.00805	0.00805	0.01208	0.00503	0.00503
8	0.02003	0.01864	0.02961	0.21791	0.22135	0.02026	0.10479	0.08004	0.14526	0.02911	0.01958	0.02331	0.01503	0.00860	0.00852	0.00267	0.01006	0.00814	0.00524	0.01187
9	0.07472	0.18096	0.05002	0.01669	0.02243	0.07148	0.01444	0.20670	0.13188	0.03341	0.01941	0.02097	0.01534	0.01547	0.08728	0.00367	0.01057	0.00687	0.00608	0.01161
10	0.01187	0.00890	0.01335	0.01335	0.01483	0.01038	0.01038	0.01483	0.01335	0.01928	0.02225	0.03264	0.02077	0.06231	0.67512	0.01335	0.02225	0.00890	0.00445	0.00742
11	0.02759	0.11531	0.02484	0.01950	0.02422	0.44709	0.01516	0.03471	0.16504	0.02356	0.01752	0.01847	0.01407	0.00901	0.00745	0.00225	0.01231	0.00617	0.00515	0.01056
12	0.01922	0.35185	0.37853	0.01932	0.02921	0.02555	0.02310	0.02565	0.01724	0.02319	0.01336	0.01560	0.01059	0.00753	0.00671	0.00224	0.01071	0.00536	0.00353	0.01153
13	0.02349	0.03402	0.20881	0.02618	0.03413	0.24459	0.21293	0.06816	0.02166	0.02606	0.01513	0.01836	0.01148	0.00798	0.00839	0.00251	0.01354	0.00712	0.00431	0.01115
14	0.18903	0.01869	0.09570	0.02129	0.12996	0.05958	0.04280	0.02092	0.01663	0.02637	0.02394	0.21737	0.02498	0.06429	0.01068	0.00317	0.00832	0.01157	0.00540	0.00932
15	0.01734	0.01803	0.07121	0.03604	0.37209	0.01613	0.07227	0.02205	0.01891	0.02675	0.09718	0.14404	0.02801	0.01179	0.00894	0.00268	0.00880	0.01125	0.00531	0.01118
16	0.13891	0.01937	0.02352	0.18054	0.21246	0.09708	0.01833	0.02707	0.10119	0.02801	0.06027	0.02335	0.01779	0.00897	0.00780	0.00257	0.00937	0.00747	0.00512	0.01080
17	0.07064	0.02261	0.09757	0.21077	0.14325	0.10596	0.01992	0.02834	0.13662	0.02644	0.02088	0.02381	0.03983	0.00917	0.00801	0.00261	0.01007	0.00757	0.00499	0.01096
18	0.02115	0.46492	0.11565	0.02425	0.17675	0.02807	0.01892	0.02520	0.01745	0.02219	0.01294	0.01558	0.01125	0.00727	0.00634	0.00205	0.00953	0.00536	0.00368	0.01146

[dist]
# distance from previous block
# <min> <max>
42	173

[block]
# block no. 3 follows, 22 sequences, length 33
# corresponding to MSA columns:
# 296-328
name=unknown_D
#
# <colnr> <probs for GDERKNQSTAVLIFYWHMCP>
#	G	D	E	R	K	N	Q	S	T	A	V	L	I	F	Y	W	H	M	C	P
0	0.01802	0.07246	0.58799	0.02308	0.03451	0.07039	0.02883	0.02677	0.01797	0.02555	0.01460	0.01716	0.01054	0.00791	0.00775	0.00256	0.01234	0.00600	0.00357	0.01200
1	0.02401	0.02651	0.02955	0.03847	0.38852	0.24748	0.02165	0.02774	0.02004	0.02423	0.01430	0.01844	0.01213	0.00835	0.00944	0.00244	0.06426	0.00668	0.00413	0.01162
2	0.01114	0.00821	0.01128	0.01194	0.01303	0.00865	0.00863	0.01322	0.01452	0.01986	0.03542	0.26631	0.08203	0.11134	0.33460	0.00862	0.01351	0.01489	0.00587	0.00692
3	0.01034	0.00811	0.00935	0.00974	0.01172	0.00712	0.00704	0.01266	0.01912	0.02453	0.20048	0.24778	0.35942	0.02151	0.01003	0.00292	0.00431	0.01865	0.00803	0.00712
4	0.01033	0.00738	0.00988	0.01181	0.01238	0.00693	0.00808	0.01193	0.01611	0.02144	0.04567	0.66357	0.05449	0.02583	0.01066	0.00340	0.00500	0.06060	0.00771	0.00681
5	0.76672	0.01607	0.01221	0.01092	0.01607	0.01864	0.00900	0.02442	0.01414	0.03727	0.01157	0.01350	0.00900	0.00771	0.00514	0.00257	0.00643	0.00450	0.00514	0.00900
6	0.03261	0.02162	0.02391	0.01833	0.02494	0.02331	0.01514	0.52209	0.03629	0.16270	0.02227	0.02145	0.01529	0.01003	0.00832	0.00251	0.00877	0.00764	0.00867	0.01413
7	0.01666	0.04297	0.66500	0.02368	0.03596	0.01929	0.03069	0.02631	0.01754	0.02631	0.01491	0.01754	0.01052	0.00789	0.00789	0.00263	0.01228	0.00614	0.00351	0.01228
8	0.00986	0.00827	0.00857	0.00881	0.01132	0.00698	0.00649	0.01188	0.01856	0.02229	0.07934	0.15805	0.57785	0.02166	0.00992	0.00288	0.00428	0.01830	0.00771	0.00698
9	0.00982	0.00842	0.00842	0.00842	0.01122	0.00701	0.00631	0.01192	0.01894	0.02244	0.08416	0.07995	0.65285	0.02104	0.00982	0.00281	0.00421	0.01753	0.00771	0.00701
10	0.02056	0.01974	0.03372	0.05099	0.65622	0.01974	0.02550	0.02550	0.01892	0.02714	0.01563	0.02056	0.01316	0.00740	0.00822	0.00247	0.00987	0.00740	0.00411	0.01316
11	0.02056	0.01974	0.03372	0.05099	0.65622	0.01974	0.02550	0.02550	0.01892	0.02714	0.01563	0.02056	0.01316	0.00740	0.00822	0.00247	0.00987	0.00740	0.00411	0.01316
12	0.01031	0.00736	0.00985	0.01178	0.01234	0.00691	0.00804	0.01189	0.01609	0.02142	0.04568	0.66776	0.05454	0.02585	0.01065	0.00340	0.00498	0.05664	0.00771	0.00680
13	0.01012	0.00723	0.00964	0.01157	0.01205	0.00675	0.00771	0.01157	0.01591	0.02121	0.04579	0.70262	0.05495	0.02603	0.01060	0.00337	0.00482	0.02362	0.00771	0.00675
14	0.01009	0.00735	0.00952	0.01125	0.01197	0.00677	0.00757	0.01160	0.01621	0.02133	0.04962	0.64038	0.11472	0.02553	0.01052	0.00332	0.00476	0.02301	0.00771	0.00677
15	0.02068	0.52813	0.21503	0.01683	0.02536	0.02912	0.01876	0.02527	0.01706	0.02141	0.01248	0.01449	0.01062	0.00732	0.00604	0.00201	0.00982	0.00491	0.00354	0.01111
16	0.02056	0.01974	0.03372	0.05099	0.65622	0.01974	0.02550	0.02550	0.01892	0.02714	0.01563	0.02056	0.01316	0.00740	0.00822	0.00247	0.00987	0.00740	0.00411	0.01316
17	0.01450	0.00802	0.00909	0.00909	0.01083	0.00836	0.00682	0.01798	0.01624	0.02760	0.02595	0.03245	0.02159	0.05447	0.16084	0.00484	0.00828	0.00821	0.54730	0.00754
18	0.01981	0.01998	0.03706	0.11027	0.42723	0.01996	0.19098	0.02538	0.01888	0.02640	0.01587	0.02123	0.01280	0.00738	0.00867	0.00259	0.01113	0.00806	0.00409	0.01223
19	0.01666	0.04297	0.66500	0.02368	0.03596	0.01929	0.03069	0.02631	0.01754	0.02631	0.01491	0.01754	0.01052	0.00789	0.00789	0.00263	0.01228	0.00614	0.00351	0.01228
20	0.03103	0.03959	0.02354	0.02140	0.02568	0.67469	0.01605	0.03317	0.02354	0.02033	0.01284	0.01498	0.01070	0.00856	0.00749	0.00214	0.01498	0.00535	0.00428	0.00963
21	0.01482	0.00792	0.00857	0.00857	0.01035	0.00812	0.00639	0.01838	0.01660	0.02863	0.02639	0.03237	0.02167	0.05191	0.09897	0.00380	0.00659	0.00812	0.61426	0.00756
22	0.02158	0.55544	0.03880	0.01555	0.02130	0.05918	0.01468	0.02412	0.01644	0.01963	0.01199	0.01493	0.01114	0.01064	0.03805	0.00256	0.10500	0.00507	0.00364	0.01025
23	0.01073	0.00897	0.00944	0.00961	0.01218	0.00805	0.00708	0.01442	0.06772	0.02321	0.07382	0.17909	0.50424	0.02109	0.00984	0.00290	0.00450	0.01789	0.00777	0.00746
24	0.02291	0.65971	0.04195	0.01478	0.02167	0.08370	0.01436	0.02553	0.01741	0.01961	0.01165	0.01346	0.01066	0.00722	0.00550	0.00181	0.00937	0.00451	0.00361	0.01058
25	0.02282	0.01335	0.01561	0.01328	0.01773	0.01282	0.01061	0.15896	0.02458	0.21337	0.04944	0.10977	0.24266	0.01601	0.00921	0.00277	0.00636	0.04139	0.00858	0.01067
26	0.02252	0.08491	0.37158	0.02073	0.05276	0.01763	0.02262	0.02913	0.01916	0.20090	0.02158	0.06422	0.01625	0.00963	0.00800	0.00259	0.01000	0.00778	0.00567	0.01234
27	0.01060	0.00803	0.00890	0.00934	0.01073	0.00728	0.00623	0.01189	0.01609	0.02017	0.05717	0.21488	0.32041	0.23754	0.02018	0.00458	0.00555	0.01722	0.00687	0.00633
28	0.22761	0.01487	0.01530	0.01361	0.01830	0.01600	0.01092	0.03191	0.23160	0.14666	0.03501	0.03638	0.10704	0.01219	0.00790	0.00277	0.00637	0.04686	0.00772	0.01099
29	0.02056	0.01974	0.03372	0.05099	0.65622	0.01974	0.02550	0.02550	0.01892	0.02714	0.01563	0.02056	0.01316	0.00740	0.00822	0.00247	0.00987	0.00740	0.00411	0.01316
30	0.02549	0.01885	0.02095	0.01611	0.02272	0.01890	0.01308	0.28964	0.11592	0.08806	0.02111	0.02122	0.01559	0.00886	0.00759	0.00211	0.00758	0.00693	0.00731	0.27198
31	0.02288	0.02341	0.01831	0.01650	0.02067	0.24348	0.01264	0.07809	0.22931	0.02880	0.03330	0.03271	0.12292	0.01173	0.00813	0.00249	0.00907	0.00907	0.06594	0.01057
32	0.43706	0.18862	0.10933	0.01371	0.02038	0.02177	0.01343	0.02582	0.01589	0.07154	0.01338	0.01495	0.01035	0.00775	0.00577	0.00239	0.00786	0.00496	0.00486	0.01018

[dist]
# distance from previous block
# <min> <max>
7	72

[block]
# block no. 4 follows, 22 sequences, length 280
# corresponding to MSA columns:
# 405-684
name=unknown_E
#
# <colnr> <probs for GDERKNQSTAVLIFYWHMCP>
#	G	D	E	R	K	N	Q	S	T	A	V	L	I	F	Y	W	H	M	C	P
0	0.02269	0.01977	0.02961	0.16345	0.36742	0.02116	0.02234	0.19183	0.02406	0.03300	0.01666	0.02069	0.01303	0.00829	0.00826	0.00253	0.00990	0.00742	0.00520	0.01268
1	0.02261	0.02059	0.03128	0.02887	0.14934	0.02164	0.18594	0.15670	0.22579	0.03469	0.02277	0.02434	0.01718	0.00908	0.00875	0.00268	0.00979	0.00873	0.00642	0.01281
2	0.01058	0.00758	0.01005	0.01126	0.01215	0.00705	0.00775	0.01271	0.01801	0.02456	0.21378	0.52506	0.06144	0.02352	0.01038	0.00316	0.00457	0.02123	0.00811	0.00705
3	0.03103	0.03959	0.02354	0.02140	0.02568	0.67469	0.01605	0.03317	0.02354	0.02033	0.01284	0.01498	0.01070	0.00856	0.00749	0.00214	0.01498	0.00535	0.00428	0.00963
4	0.02517	0.15839	0.03043	0.02673	0.17001	0.23630	0.04648	0.08053	0.09842	0.02649	0.01660	0.01869	0.01344	0.00840	0.00754	0.00229	0.01108	0.00654	0.00495	0.01152
5	0.00991	0.00842	0.00854	0.00851	0.01128	0.00705	0.00638	0.01210	0.01915	0.02296	0.11114	0.07910	0.62555	0.02085	0.00982	0.00280	0.00419	0.01741	0.00778	0.00705
6	0.01012	0.00723	0.00964	0.01157	0.01205	0.00675	0.00771	0.01157	0.01591	0.02121	0.04579	0.70262	0.05495	0.02603	0.01060	0.00337	0.00482	0.02362	0.00771	0.00675
7	0.01436	0.04602	0.01729	0.01517	0.01683	0.04731	0.01212	0.01708	0.01393	0.01947	0.01941	0.02846	0.01817	0.04916	0.50373	0.01065	0.13037	0.00824	0.00427	0.00796
8	0.01836	0.24779	0.47504	0.02079	0.03148	0.02344	0.02566	0.02587	0.01734	0.02424	0.01388	0.01625	0.01057	0.00765	0.00711	0.00237	0.01124	0.00562	0.00352	0.01178
9	0.02335	0.02680	0.02468	0.02165	0.02337	0.28694	0.01732	0.02530	0.01708	0.02013	0.01168	0.01689	0.01082	0.01213	0.01930	0.00303	0.41983	0.00650	0.00389	0.00931
10	0.02287	0.42936	0.20962	0.01688	0.02530	0.02619	0.01842	0.02752	0.01805	0.11408	0.01553	0.01663	0.01205	0.00778	0.00647	0.00212	0.00955	0.00547	0.00451	0.01160
11	0.01542	0.00985	0.01107	0.01022	0.01362	0.00863	0.00785	0.01880	0.04937	0.13954	0.09809	0.09677	0.45240	0.01866	0.00952	0.00278	0.00485	0.01565	0.00828	0.00862
12	0.01606	0.20603	0.02426	0.01537	0.01810	0.01978	0.01308	0.01870	0.01420	0.01951	0.01690	0.02424	0.01589	0.03697	0.35332	0.00810	0.15947	0.00732	0.00403	0.00867
13	0.01110	0.00857	0.00975	0.01004	0.01178	0.00795	0.00702	0.01407	0.05037	0.02325	0.14139	0.22629	0.28836	0.13397	0.01527	0.00378	0.00508	0.01738	0.00751	0.00706
14	0.01952	0.38801	0.34499	0.01881	0.02842	0.02628	0.02221	0.02557	0.01720	0.02283	0.01318	0.01537	0.01059	0.00749	0.00657	0.00219	0.01053	0.00527	0.00353	0.01145
15	0.02553	0.02992	0.02227	0.01995	0.02313	0.41289	0.01545	0.05645	0.02088	0.02183	0.01739	0.02091	0.04556	0.01545	0.07300	0.00353	0.15511	0.00682	0.00454	0.00940
16	0.01119	0.00791	0.00984	0.01032	0.01120	0.00748	0.00686	0.01296	0.01712	0.02327	0.22068	0.28410	0.08267	0.23313	0.02008	0.00456	0.00552	0.01724	0.00731	0.00655
17	0.03060	0.03144	0.02200	0.01946	0.02421	0.44873	0.01488	0.03625	0.11942	0.14315	0.01984	0.01996	0.01483	0.00930	0.00780	0.00233	0.01219	0.00654	0.00606	0.01102
18	0.02374	0.02502	0.02951	0.09914	0.38495	0.20156	0.02202	0.06696	0.02131	0.02637	0.01506	0.01912	0.01235	0.00798	0.00803	0.00241	0.01135	0.00684	0.00440	0.01188
19	0.02056	0.01974	0.03372	0.05099	0.65622	0.01974	0.02550	0.02550	0.01892	0.02714	0.01563	0.02056	0.01316	0.00740	0.00822	0.00247	0.00987	0.00740	0.00411	0.01316
20	0.01187	0.00890	0.01335	0.01335	0.01483	0.01038	0.01038	0.01483	0.01335	0.01928	0.02225	0.03264	0.02077	0.06231	0.67512	0.01335	0.02225	0.00890	0.00445	0.00742
21	0.01961	0.02241	0.04902	0.03501	0.04342	0.02101	0.62605	0.02661	0.01961	0.02661	0.01681	0.02241	0.01261	0.00700	0.00980	0.00280	0.01401	0.00980	0.00420	0.01120
22	0.03115	0.03621	0.02383	0.02093	0.02570	0.54035	0.01600	0.15642	0.02675	0.02696	0.01431	0.01601	0.01141	0.00885	0.00766	0.00221	0.01377	0.00579	0.00511	0.01056
23	0.02002	0.05205	0.06669	0.07494	0.44342	0.02050	0.14945	0.02553	0.01879	0.02637	0.01561	0.02055	0.01271	0.00737	0.00841	0.00253	0.01085	0.00771	0.00406	0.01242
24	0.02125	0.02105	0.03305	0.04904	0.61468	0.06289	0.02487	0.02600	0.01922	0.02669	0.01544	0.02019	0.01300	0.00748	0.00818	0.00245	0.01021	0.00727	0.00412	0.01293
25	0.01089	0.00846	0.00989	0.00954	0.01188	0.00747	0.00715	0.01399	0.02145	0.02842	0.39643	0.07011	0.33684	0.01881	0.00981	0.00270	0.00405	0.01615	0.00850	0.00747
26	0.01081	0.00840	0.01000	0.01098	0.01296	0.00760	0.00848	0.01318	0.01821	0.02274	0.06407	0.24303	0.34513	0.02281	0.01044	0.00321	0.00524	0.16791	0.00770	0.00711
27	0.02748	0.03516	0.19047	0.02125	0.02837	0.29333	0.01977	0.22522	0.02704	0.03231	0.01569	0.01726	0.01177	0.00885	0.00786	0.00238	0.01238	0.00625	0.00539	0.01178
28	0.00982	0.00842	0.00842	0.00842	0.01122	0.00701	0.00631	0.01192	0.01894	0.02244	0.08416	0.07995	0.65285	0.02104	0.00982	0.00281	0.00421	0.01753	0.00771	0.00701
29	0.00988	0.00817	0.00867	0.00907	0.01139	0.00696	0.00660	0.01185	0.01831	0.02219	0.07621	0.20884	0.52909	0.02207	0.00998	0.00292	0.00433	0.01879	0.00771	0.00696
30	0.02504	0.02852	0.02127	0.01923	0.02259	0.39324	0.01481	0.07588	0.02122	0.02265	0.01561	0.02013	0.01353	0.02276	0.17738	0.00513	0.08043	0.00660	0.00459	0.00939
31	0.01195	0.00800	0.00910	0.00923	0.00926	0.00797	0.00521	0.01205	0.01233	0.01644	0.02747	0.09707	0.03183	0.66311	0.04020	0.00775	0.00784	0.01284	0.00521	0.00515
32	0.01009	0.00735	0.00952	0.01126	0.01197	0.00677	0.00757	0.01160	0.01620	0.02133	0.04957	0.64120	0.11392	0.02553	0.01053	0.00332	0.00476	0.02302	0.00771	0.00677
33	0.02191	0.49318	0.06911	0.02271	0.13994	0.05678	0.04670	0.02549	0.01770	0.02162	0.01276	0.01536	0.01121	0.00725	0.00629	0.00201	0.00973	0.00536	0.00372	0.01118
34	0.02015	0.03761	0.41160	0.05846	0.12366	0.15500	0.02656	0.02737	0.01894	0.02495	0.01458	0.01766	0.01096	0.00798	0.00788	0.00251	0.01244	0.00622	0.00376	0.01171
35	0.02056	0.01974	0.03372	0.05099	0.65622	0.01974	0.02550	0.02550	0.01892	0.02714	0.01563	0.02056	0.01316	0.00740	0.00822	0.00247	0.00987	0.00740	0.00411	0.01316
36	0.01208	0.00805	0.00906	0.00906	0.00906	0.00805	0.00503	0.01208	0.01208	0.01611	0.02618	0.05436	0.03020	0.70804	0.04228	0.00805	0.00805	0.01208	0.00503	0.00503
37	0.01026	0.00843	0.00903	0.00888	0.01149	0.00720	0.00666	0.01279	0.01999	0.02494	0.21462	0.07584	0.52083	0.02011	0.00981	0.00276	0.00414	0.01696	0.00804	0.00720
38	0.01986	0.02172	0.04505	0.03916	0.20245	0.02068	0.47019	0.02632	0.01943	0.02675	0.01650	0.02193	0.01275	0.00711	0.00939	0.00271	0.01293	0.00918	0.00418	0.01171
39	0.03158	0.02327	0.02493	0.01911	0.02576	0.02576	0.01579	0.62852	0.03906	0.05236	0.01995	0.01995	0.01413	0.00997	0.00831	0.00249	0.00914	0.00748	0.00831	0.01413
40	0.01069	0.00845	0.00963	0.00933	0.01176	0.00738	0.00700	0.01361	0.02100	0.02733	0.33958	0.07190	0.39438	0.01921	0.00981	0.00272	0.00408	0.01640	0.00836	0.00738
41	0.03003	0.03344	0.02407	0.02084	0.02536	0.44831	0.01617	0.18652	0.02660	0.02861	0.01451	0.01655	0.01161	0.00946	0.00947	0.00237	0.07398	0.00607	0.00527	0.01075
42	0.02394	0.01860	0.02034	0.01561	0.02203	0.01861	0.01268	0.32856	0.06121	0.03981	0.02523	0.02551	0.07710	0.00982	0.00773	0.00211	0.00749	0.00769	0.00710	0.26886
43	0.03275	0.02031	0.02297	0.01773	0.02422	0.02151	0.01461	0.42696	0.06307	0.23178	0.02440	0.02293	0.01656	0.01013	0.00833	0.00253	0.00841	0.00783	0.00890	0.01408
44	0.01692	0.04144	0.62341	0.02548	0.07682	0.01932	0.03035	0.02626	0.01763	0.02636	0.01496	0.01774	0.01070	0.00786	0.00791	0.00262	0.01212	0.00622	0.00355	0.01234
45	0.01569	0.01477	0.02492	0.68808	0.05722	0.01846	0.02307	0.02123	0.01661	0.02123	0.01477	0.02215	0.01107	0.00831	0.00831	0.00277	0.01107	0.00738	0.00369	0.00923
46	0.01549	0.00774	0.00774	0.00774	0.00968	0.00774	0.00581	0.01936	0.01742	0.03097	0.02710	0.03097	0.02129	0.00968	0.00581	0.00194	0.00387	0.00774	0.75416	0.00774
47	0.76672	0.01607	0.01221	0.01092	0.01607	0.01864	0.00900	0.02442	0.01414	0.03727	0.01157	0.01350	0.00900	0.00771	0.00514	0.00257	0.00643	0.00450	0.00514	0.00900
48	0.76672	0.01607	0.01221	0.01092	0.01607	0.01864	0.00900	0.02442	0.01414	0.03727	0.01157	0.01350	0.00900	0.00771	0.00514	0.00257	0.00643	0.00450	0.00514	0.00900
49	0.01012	0.00723	0.00964	0.01157	0.01205	0.00675	0.00771	0.01157	0.01591	0.02121	0.04579	0.70262	0.05495	0.02603	0.01060	0.00337	0.00482	0.02362	0.00771	0.00675
50	0.00982	0.00842	0.00842	0.00842	0.01122	0.00701	0.00631	0.01192	0.01894	0.02244	0.08416	0.07995	0.65285	0.02104	0.00982	0.00281	0.00421	0.01753	0.00771	0.00701
51	0.03381	0.01969	0.02272	0.01742	0.02398	0.02046	0.01439	0.39834	0.03308	0.29099	0.02497	0.02321	0.01665	0.01009	0.00833	0.00252	0.00833	0.00782	0.00908	0.01413
52	0.01012	0.00723	0.00964	0.01157	0.01205	0.00675	0.00771	0.01157	0.01591	0.02121	0.04579	0.70262	0.05495	0.02603	0.01060	0.00337	0.00482	0.02362	0.00771	0.00675
53	0.03727	0.01414	0.01928	0.01478	0.02121	0.01221	0.01221	0.04049	0.02378	0.66198	0.03277	0.02828	0.02056	0.01028	0.00835	0.00257	0.00707	0.00835	0.01028	0.01414
54	0.01208	0.00805	0.00906	0.00906	0.00906	0.00805	0.00503	0.01208	0.01208	0.01611	0.02618	0.05436	0.03020	0.70804	0.04228	0.00805	0.00805	0.01208	0.00503	0.00503
55	0.00982	0.00842	0.00842	0.00842	0.01122	0.00701	0.00631	0.01192	0.01894	0.02244	0.08416	0.07995	0.65285	0.02104	0.00982	0.00281	0.00421	0.01753	0.00771	0.00701
56	0.03158	0.02327	0.02493	0.01911	0.02576	0.02576	0.01579	0.62852	0.03906	0.05236	0.01995	0.01995	0.01413	0.00997	0.00831	0.00249	0.00914	0.00748	0.00831	0.01413
57	0.00982	0.00842	0.00842	0.00842	0.01122	0.00701	0.00631	0.01192	0.01894	0.02244	0.08416	0.07995	0.65285	0.02104	0.00982	0.00281	0.00421	0.01753	0.00771	0.00701
58	0.02855	0.02177	0.02323	0.01850	0.02461	0.02435	0.01506	0.46654	0.20597	0.04748	0.02379	0.02301	0.01724	0.01033	0.00835	0.00258	0.00843	0.00801	0.00835	0.01386
59	0.01079	0.00773	0.01029	0.01150	0.01249	0.00724	0.00812	0.01308	0.01823	0.02480	0.21366	0.48495	0.06097	0.02332	0.01044	0.00319	0.00476	0.05923	0.00810	0.00711
60	0.02211	0.49460	0.16981	0.01702	0.02487	0.10605	0.01784	0.02615	0.01781	0.02104	0.01240	0.01439	0.01064	0.00744	0.00612	0.00200	0.01031	0.00490	0.00363	0.01087
61	0.02010	0.06227	0.15301	0.01758	0.02349	0.15384	0.01621	0.03122	0.23320	0.02742	0.06251	0.03239	0.10908	0.01145	0.00823	0.00257	0.00915	0.00905	0.00624	0.01098
62	0.02023	0.02065	0.03897	0.04551	0.44599	0.02017	0.23153	0.02588	0.01915	0.02696	0.01603	0.02119	0.01297	0.00726	0.00877	0.00258	0.01129	0.00823	0.00414	0.01249
63	0.00982	0.00842	0.00842	0.00842	0.01122	0.00701	0.00631	0.01192	0.01894	0.02244	0.08416	0.07995	0.65285	0.02104	0.00982	0.00281	0.00421	0.01753	0.00771	0.00701
64	0.02036	0.02029	0.03689	0.04768	0.52936	0.02000	0.14982	0.02573	0.01906	0.02703	0.01587	0.02094	0.01304	0.00732	0.00855	0.00254	0.01073	0.00790	0.00413	0.01275
65	0.01196	0.00853	0.01146	0.01146	0.01228	0.00935	0.00802	0.01362	0.01279	0.01788	0.02398	0.04223	0.02494	0.34753	0.39559	0.01101	0.01598	0.01031	0.00471	0.00636
66	0.01187	0.00890	0.01335	0.01335	0.01483	0.01038	0.01038	0.01483	0.01335	0.01928	0.02225	0.03264	0.02077	0.06231	0.67512	0.01335	0.02225	0.00890	0.00445	0.00742
67	0.01208	0.00805	0.00906	0.00906	0.00906	0.00805	0.00503	0.01208	0.01208	0.01611	0.02618	0.05436	0.03020	0.70804	0.04228	0.00805	0.00805	0.01208	0.00503	0.00503
68	0.02824	0.02161	0.02305	0.01844	0.02449	0.02420	0.01498	0.44990	0.22312	0.04697	0.02418	0.02332	0.01756	0.01037	0.00835	0.00259	0.00836	0.00806	0.00835	0.01383
69	0.02159	0.13095	0.39692	0.01977	0.02952	0.01968	0.02311	0.05712	0.01968	0.14176	0.02119	0.02196	0.04297	0.00894	0.00772	0.00250	0.01031	0.00690	0.00518	0.01222
70	0.00982	0.00842	0.00842	0.00842	0.01122	0.00701	0.00631	0.01192	0.01894	0.02244	0.08416	0.07995	0.65285	0.02104	0.00982	0.00281	0.00421	0.01753	0.00771	0.00701
71	0.01012	0.00723	0.00964	0.01157	0.01205	0.00675	0.00771	0.01157	0.01591	0.02121	0.04579	0.70262	0.05495	0.02603	0.01060	0.00337	0.00482	0.02362	0.00771	0.00675
72	0.01955	0.01871	0.03190	0.18288	0.53221	0.01947	0.02499	0.02461	0.01844	0.02592	0.01545	0.02089	0.01273	0.00759	0.00824	0.00253	0.01012	0.00740	0.00403	0.01235
73	0.01008	0.00812	0.00901	0.00967	0.01175	0.00705	0.00706	0.01207	0.01805	0.02219	0.07092	0.26472	0.44751	0.02260	0.01013	0.00302	0.00455	0.04683	0.00771	0.00696
74	0.00982	0.00842	0.00842	0.00842	0.01122	0.00701	0.00631	0.01192	0.01894	0.02244	0.08416	0.07995	0.65285	0.02104	0.00982	0.00281	0.00421	0.01753	0.00771	0.00701
75	0.01092	0.00867	0.00995	0.01022	0.01268	0.00770	0.00806	0.01372	0.01984	0.02499	0.18252	0.07943	0.41966	0.02067	0.01016	0.00298	0.00487	0.13769	0.00797	0.00730
76	0.03158	0.02327	0.02493	0.01911	0.02576	0.02576	0.01579	0.62852	0.03906	0.05236	0.01995	0.01995	0.01413	0.00997	0.00831	0.00249	0.00914	0.00748	0.00831	0.01413
77	0.01549	0.00774	0.00774	0.00774	0.00968	0.00774	0.00581	0.01936	0.01742	0.03097	0.02710	0.03097	0.02129	0.00968	0.00581	0.00194	0.00387	0.00774	0.75416	0.00774
78	0.01090	0.00850	0.00995	0.00997	0.01226	0.00755	0.00761	0.01383	0.02057	0.02676	0.29576	0.10218	0.35104	0.01989	0.01000	0.00285	0.00444	0.07031	0.00826	0.00738
79	0.03121	0.03428	0.02399	0.02066	0.02571	0.46342	0.01597	0.22700	0.02859	0.03076	0.01515	0.01660	0.01182	0.00902	0.00776	0.00226	0.01308	0.00604	0.00559	0.01109
80	0.02221	0.71304	0.04353	0.01421	0.02132	0.03287	0.01421	0.02488	0.01688	0.01955	0.01155	0.01333	0.01066	0.00711	0.00533	0.00178	0.00888	0.00444	0.00355	0.01066
81	0.02343	0.01657	0.02058	0.01524	0.02215	0.01469	0.04375	0.15002	0.02322	0.13793	0.04507	0.02173	0.01678	0.00812	0.00731	0.00185	0.00724	0.00669	0.00665	0.41098
82	0.02221	0.71304	0.04353	0.01421	0.02132	0.03287	0.01421	0.02488	0.01688	0.01955	0.01155	0.01333	0.01066	0.00711	0.00533	0.00178	0.00888	0.00444	0.00355	0.01066
83	0.02784	0.02105	0.02292	0.01734	0.02418	0.02193	0.01424	0.47008	0.03337	0.04576	0.01859	0.01924	0.01365	0.00898	0.00775	0.00216	0.00836	0.00681	0.00743	0.20832
84	0.02056	0.01974	0.03372	0.05099	0.65622	0.01974	0.02550	0.02550	0.01892	0.02714	0.01563	0.02056	0.01316	0.00740	0.00822	0.00247	0.00987	0.00740	0.00411	0.01316
85	0.01176	0.00849	0.01110	0.01045	0.01241	0.00784	0.00784	0.01568	0.02352	0.03331	0.65184	0.06206	0.07839	0.01698	0.00980	0.00261	0.00392	0.01502	0.00914	0.00784
86	0.01569	0.01477	0.02492	0.68808	0.05722	0.01846	0.02307	0.02123	0.01661	0.02123	0.01477	0.02215	0.01107	0.00831	0.00831	0.00277	0.01107	0.00738	0.00369	0.00923
87	0.01187	0.00890	0.01335	0.01335	0.01483	0.01038	0.01038	0.01483	0.01335	0.01928	0.02225	0.03264	0.02077	0.06231	0.67512	0.01335	0.02225	0.00890	0.00445	0.00742
88	0.01187	0.00890	0.01335	0.01335	0.01483	0.01038	0.01038	0.01483	0.01335	0.01928	0.02225	0.03264	0.02077	0.06231	0.67512	0.01335	0.02225	0.00890	0.00445	0.00742
89	0.01176	0.00849	0.01110	0.01045	0.01241	0.00784	0.00784	0.01568	0.02352	0.03331	0.65184	0.06206	0.07839	0.01698	0.00980	0.00261	0.00392	0.01502	0.00914	0.00784
90	0.01549	0.00774	0.00774	0.00774	0.00968	0.00774	0.00581	0.01936	0.01742	0.03097	0.02710	0.03097	0.02129	0.00968	0.00581	0.00194	0.00387	0.00774	0.75416	0.00774
