[name]
unknown

[dist]
# distance from previous block
# <min> <max>
0	60

[block]
# block no. 0 follows, 21 sequences, length 41
# corresponding to MSA columns:
# 63-103
name=unknown_A
#
# <colnr> <probs for GDERKNQSTAVLIFYWHMCP>
#	G	D	E	R	K	N	Q	S	T	A	V	L	I	F	Y	W	H	M	C	P
0	0.01061	0.00866	0.00948	0.00997	0.01246	0.00752	0.00765	0.01294	0.01909	0.02320	0.07611	0.15054	0.49615	0.02238	0.01039	0.00308	0.00488	0.09975	0.00789	0.00725
1	0.01288	0.00920	0.01275	0.01472	0.01631	0.00907	0.01226	0.01618	0.01877	0.02453	0.04552	0.24602	0.05081	0.02430	0.01153	0.00380	0.00711	0.44880	0.00785	0.00760
2	0.02301	0.02211	0.03067	0.14653	0.39642	0.09112	0.02325	0.11031	0.02243	0.02972	0.01618	0.02062	0.01300	0.00824	0.00837	0.00255	0.01077	0.00736	0.00477	0.01257
3	0.02779	0.20363	0.02946	0.02164	0.06595	0.40320	0.01633	0.03242	0.08079	0.02251	0.01508	0.01688	0.01257	0.00859	0.00726	0.00219	0.01261	0.00579	0.00460	0.01072
4	0.01698	0.01248	0.01472	0.01278	0.01605	0.01256	0.00996	0.16681	0.02774	0.03821	0.44731	0.05409	0.10445	0.01590	0.00966	0.00266	0.00538	0.01364	0.00905	0.00958
5	0.06154	0.46989	0.07896	0.01641	0.02362	0.08663	0.01581	0.11272	0.02110	0.02635	0.01343	0.01508	0.01135	0.00792	0.00626	0.00206	0.00979	0.00520	0.00449	0.01137
6	0.03235	0.02384	0.02554	0.01958	0.02639	0.02639	0.01618	0.61946	0.04001	0.05363	0.02043	0.02043	0.01447	0.01022	0.00851	0.00255	0.00936	0.00766	0.00851	0.01447
7	0.01025	0.00863	0.00889	0.00882	0.01161	0.00727	0.00662	0.01258	0.01985	0.02406	0.13996	0.08013	0.58996	0.02115	0.01006	0.00285	0.00428	0.01771	0.00804	0.00727
8	0.02971	0.19378	0.02883	0.02023	0.02528	0.52100	0.01601	0.03202	0.02254	0.02064	0.01285	0.01496	0.01095	0.00843	0.00716	0.00211	0.01391	0.00527	0.00421	0.01011
9	0.01185	0.00869	0.01111	0.01051	0.01260	0.00795	0.00788	0.01569	0.02364	0.03305	0.58960	0.06534	0.13472	0.01780	0.01004	0.00270	0.00404	0.01564	0.00923	0.00795
10	0.01517	0.01000	0.01389	0.01516	0.01743	0.00980	0.01309	0.01906	0.02034	0.06791	0.10202	0.08843	0.05015	0.02206	0.01138	0.00371	0.00743	0.49653	0.00816	0.00830
11	0.01238	0.00825	0.00928	0.00928	0.00928	0.00825	0.00516	0.01238	0.01238	0.01650	0.02681	0.05569	0.03094	0.70092	0.04331	0.00825	0.00825	0.01238	0.00516	0.00516
12	0.02144	0.55362	0.18555	0.01679	0.02529	0.03047	0.01845	0.02582	0.01745	0.02162	0.01262	0.01464	0.01089	0.00747	0.00606	0.00202	0.00990	0.00495	0.00363	0.01130
13	0.01765	0.01513	0.01765	0.01260	0.02017	0.01134	0.01008	0.02143	0.01765	0.02773	0.01513	0.01765	0.01260	0.00630	0.00630	0.00126	0.00630	0.00504	0.00504	0.75295
14	0.01916	0.01788	0.02737	0.32024	0.26386	0.04315	0.02226	0.06282	0.02034	0.02721	0.07633	0.02562	0.01896	0.00915	0.00859	0.00267	0.01021	0.00825	0.00481	0.01112
15	0.02000	0.10171	0.02020	0.01518	0.01895	0.04071	0.01275	0.11846	0.02388	0.07638	0.19579	0.05113	0.04110	0.01744	0.03665	0.00332	0.03349	0.15531	0.00761	0.00996
16	0.02029	0.01930	0.03277	0.04933	0.60207	0.01926	0.02481	0.02509	0.01916	0.02736	0.01823	0.06963	0.01656	0.00896	0.00860	0.00259	0.00974	0.00878	0.00448	0.01301
17	0.01991	0.01905	0.03247	0.19688	0.51218	0.01992	0.02555	0.02511	0.01883	0.02641	0.01580	0.02144	0.01299	0.00780	0.00844	0.00260	0.01039	0.00758	0.00411	0.01255
18	0.01229	0.00836	0.00981	0.00964	0.01014	0.00820	0.00588	0.01330	0.01531	0.02091	0.18113	0.05766	0.04329	0.52984	0.03499	0.00686	0.00719	0.01313	0.00621	0.00588
19	0.01196	0.00870	0.01126	0.01062	0.01266	0.00799	0.00796	0.01590	0.02389	0.03365	0.61970	0.06435	0.10424	0.01757	0.01004	0.00268	0.00403	0.01550	0.00931	0.00799
20	0.01765	0.01513	0.01765	0.01260	0.02017	0.01134	0.01008	0.02143	0.01765	0.02773	0.01513	0.01765	0.01260	0.00630	0.00630	0.00126	0.00630	0.00504	0.00504	0.75295
21	0.03235	0.02384	0.02554	0.01958	0.02639	0.02639	0.01618	0.61946	0.04001	0.05363	0.02043	0.02043	0.01447	0.01022	0.00851	0.00255	0.00936	0.00766	0.00851	0.01447
22	0.02017	0.02022	0.03006	0.29166	0.36057	0.08209	0.02423	0.02519	0.01892	0.02479	0.01539	0.02114	0.01241	0.00805	0.00838	0.00261	0.01109	0.00737	0.00406	0.01158
23	0.02364	0.01787	0.01993	0.01729	0.02207	0.01949	0.01422	0.31175	0.13513	0.04050	0.03383	0.07035	0.06292	0.01505	0.00953	0.00301	0.00807	0.15511	0.00831	0.01193
24	0.01767	0.01667	0.02779	0.47851	0.22144	0.01936	0.02392	0.02391	0.04252	0.02399	0.01616	0.02260	0.01253	0.00837	0.00849	0.00275	0.01081	0.00765	0.00410	0.01074
25	0.02106	0.02022	0.03454	0.05223	0.64784	0.02022	0.02612	0.02612	0.01938	0.02780	0.01601	0.02106	0.01348	0.00758	0.00842	0.00253	0.01011	0.00758	0.00421	0.01348
26	0.02731	0.01905	0.02805	0.02137	0.02816	0.01893	0.16444	0.13137	0.16536	0.21189	0.02626	0.02590	0.01847	0.00957	0.00878	0.00264	0.00918	0.00878	0.00782	0.06668
27	0.01862	0.01862	0.02607	0.02234	0.02234	0.02607	0.01862	0.02048	0.01303	0.02048	0.01117	0.01862	0.01117	0.01489	0.02793	0.00372	0.68535	0.00745	0.00372	0.00931
28	0.01061	0.00864	0.00939	0.00921	0.01184	0.00742	0.00690	0.01329	0.02071	0.02611	0.24239	0.07676	0.48626	0.02039	0.01005	0.00282	0.00423	0.01724	0.00831	0.00742
29	0.01192	0.00861	0.01127	0.01079	0.01269	0.00795	0.00802	0.01576	0.02353	0.03323	0.60039	0.10907	0.07857	0.01806	0.01010	0.00273	0.00408	0.01602	0.00926	0.00795
30	0.76103	0.01646	0.01251	0.01119	0.01646	0.01909	0.00922	0.02502	0.01448	0.03818	0.01185	0.01382	0.00922	0.00790	0.00527	0.00263	0.00658	0.00461	0.00527	0.00922
31	0.76103	0.01646	0.01251	0.01119	0.01646	0.01909	0.00922	0.02502	0.01448	0.03818	0.01185	0.01382	0.00922	0.00790	0.00527	0.00263	0.00658	0.00461	0.00527	0.00922
32	0.01177	0.00800	0.00946	0.01006	0.01021	0.00785	0.00599	0.01222	0.01356	0.01808	0.03289	0.24904	0.03860	0.49712	0.03351	0.00680	0.00725	0.01595	0.00599	0.00569
33	0.03196	0.02191	0.02404	0.01871	0.02527	0.02386	0.01536	0.47520	0.10216	0.13668	0.02384	0.02287	0.01666	0.01041	0.00854	0.00260	0.00878	0.00800	0.00882	0.01436
34	0.02009	0.02296	0.05022	0.03587	0.04448	0.02152	0.61693	0.02726	0.02009	0.02726	0.01722	0.02296	0.01291	0.00717	0.01004	0.00287	0.01435	0.01004	0.00430	0.01148
35	0.03192	0.03671	0.02444	0.02138	0.02633	0.51932	0.01638	0.16878	0.02778	0.02838	0.01483	0.01652	0.01177	0.00910	0.00787	0.00228	0.01397	0.00598	0.00534	0.01093
36	0.01956	0.01613	0.01691	0.01489	0.01942	0.01754	0.01167	0.13818	0.32513	0.03474	0.04892	0.04609	0.22594	0.01457	0.00909	0.00282	0.00642	0.01199	0.00839	0.01160
37	0.02518	0.01881	0.02087	0.01637	0.02208	0.01965	0.01327	0.38335	0.03284	0.04507	0.17559	0.03083	0.03068	0.01146	0.00858	0.00240	0.00759	0.00922	0.00823	0.11792
38	0.02327	0.66775	0.04342	0.01499	0.02210	0.07010	0.01467	0.02597	0.01768	0.02007	0.01191	0.01375	0.01092	0.00737	0.00559	0.00184	0.00946	0.00460	0.00368	0.01086
39	0.01956	0.01983	0.08760	0.01972	0.02796	0.01478	0.16420	0.02475	0.01873	0.06899	0.01688	0.01976	0.01307	0.00697	0.00756	0.00189	0.00898	0.00665	0.00508	0.44703
40	0.19827	0.02441	0.12462	0.01793	0.02530	0.02212	0.01666	0.32340	0.02885	0.11093	0.01904	0.01944	0.01338	0.00937	0.00770	0.00260	0.00902	0.00683	0.00718	0.01295

[dist]
# distance from previous block
# <min> <max>
0	9

[block]
# block no. 1 follows, 21 sequences, length 96
# corresponding to MSA columns:
# 113-208
name=unknown_B
#
# <colnr> <probs for GDERKNQSTAVLIFYWHMCP>
#	G	D	E	R	K	N	Q	S	T	A	V	L	I	F	Y	W	H	M	C	P
0	0.03818	0.01448	0.01975	0.01514	0.02172	0.01251	0.01251	0.04147	0.02436	0.65373	0.03357	0.02897	0.02107	0.01053	0.00856	0.00263	0.00724	0.00856	0.01053	0.01448
1	0.01084	0.00787	0.01023	0.01130	0.01240	0.00726	0.00784	0.01312	0.01880	0.02547	0.22542	0.46798	0.10274	0.02359	0.01056	0.00319	0.00462	0.02118	0.00833	0.00726
2	0.01607	0.01513	0.02552	0.68047	0.05861	0.01891	0.02363	0.02174	0.01702	0.02174	0.01513	0.02269	0.01134	0.00851	0.00851	0.00284	0.01134	0.00756	0.00378	0.00945
3	0.01236	0.00831	0.00958	0.00958	0.00969	0.00841	0.00553	0.01257	0.01247	0.01673	0.02654	0.05416	0.03027	0.65702	0.08631	0.00862	0.00925	0.01215	0.00512	0.00532
4	0.01152	0.00806	0.01010	0.01066	0.01141	0.00768	0.00701	0.01322	0.01717	0.02346	0.20873	0.29991	0.05448	0.25259	0.02163	0.00486	0.00580	0.01770	0.00738	0.00663
5	0.01754	0.07268	0.58718	0.02461	0.03668	0.02052	0.07102	0.02691	0.01808	0.02666	0.01525	0.01811	0.01093	0.00799	0.00810	0.00267	0.01254	0.00647	0.00364	0.01243
6	0.02603	0.02964	0.02971	0.03819	0.35992	0.31972	0.02164	0.02976	0.02157	0.02457	0.01469	0.01841	0.01231	0.00813	0.00808	0.00237	0.01254	0.00661	0.00429	0.01181
7	0.01156	0.00874	0.01094	0.01224	0.01411	0.00812	0.00967	0.01421	0.01862	0.02360	0.05946	0.25573	0.25204	0.02371	0.01094	0.00344	0.00585	0.24177	0.00788	0.00736
8	0.02815	0.03366	0.02765	0.03220	0.23698	0.44761	0.01972	0.03132	0.02251	0.02319	0.01412	0.01728	0.01182	0.00837	0.00793	0.00231	0.01357	0.00619	0.00433	0.01109
9	0.02930	0.13926	0.02892	0.02355	0.09575	0.32277	0.01716	0.18783	0.02674	0.03023	0.01521	0.01708	0.01218	0.00879	0.00763	0.00227	0.01217	0.00615	0.00535	0.01167
10	0.01850	0.09847	0.42831	0.02768	0.07547	0.02145	0.15837	0.02683	0.01846	0.02644	0.01543	0.01886	0.01143	0.00778	0.00830	0.00264	0.01249	0.00704	0.00379	0.01224
11	0.01371	0.00980	0.01371	0.01567	0.01763	0.00980	0.01371	0.01763	0.01959	0.02547	0.04506	0.09599	0.04898	0.02351	0.01175	0.00392	0.00784	0.59056	0.00784	0.00784
12	0.01168	0.00944	0.01136	0.01286	0.04717	0.00869	0.00884	0.01486	0.04248	0.02399	0.09312	0.22139	0.34229	0.04574	0.01144	0.00327	0.00532	0.07062	0.00770	0.00774
13	0.01885	0.01662	0.01590	0.07464	0.02059	0.14965	0.01156	0.02228	0.02250	0.08732	0.29872	0.04763	0.12579	0.01625	0.03199	0.00299	0.00809	0.01203	0.00755	0.00904
14	0.01154	0.00847	0.01120	0.01214	0.01336	0.00852	0.00893	0.01368	0.01597	0.02123	0.04271	0.27348	0.11780	0.12218	0.18828	0.00676	0.01042	0.09966	0.00666	0.00704
15	0.10071	0.02048	0.02269	0.01754	0.02414	0.02174	0.01449	0.39921	0.03318	0.22442	0.02342	0.02228	0.01588	0.01009	0.00823	0.00258	0.00850	0.00764	0.00880	0.01399
16	0.02525	0.06074	0.02560	0.02523	0.16247	0.02206	0.01686	0.16540	0.27340	0.09345	0.02591	0.02555	0.01932	0.01002	0.00837	0.00265	0.00825	0.00834	0.00751	0.01363
17	0.01993	0.02695	0.21048	0.04432	0.47508	0.02009	0.02762	0.02635	0.01898	0.02756	0.01580	0.02019	0.01272	0.00772	0.00833	0.00257	0.01081	0.00722	0.00404	0.01322
18	0.01063	0.00875	0.00942	0.00955	0.01225	0.00754	0.00737	0.01315	0.01988	0.02434	0.13695	0.08154	0.52729	0.02134	0.01023	0.00296	0.00465	0.07678	0.00804	0.00733
19	0.02838	0.03416	0.02225	0.02024	0.02463	0.49562	0.01528	0.03516	0.15141	0.02404	0.02162	0.02240	0.04847	0.01005	0.00801	0.00237	0.01294	0.00703	0.00547	0.01048
20	0.02187	0.02137	0.02765	0.24901	0.10660	0.12233	0.08470	0.12558	0.02227	0.02806	0.01691	0.02220	0.01334	0.01483	0.08286	0.00388	0.01313	0.00770	0.00487	0.01083
21	0.02358	0.03187	0.36721	0.02377	0.03394	0.01803	0.13177	0.03111	0.02016	0.20422	0.02080	0.02198	0.01407	0.00861	0.00857	0.00271	0.01139	0.00761	0.00568	0.01292
22	0.01037	0.00741	0.00987	0.01185	0.01234	0.00691	0.00790	0.01185	0.01629	0.02172	0.04690	0.69537	0.05629	0.02666	0.01086	0.00346	0.00494	0.02419	0.00790	0.00691
23	0.06101	0.35617	0.18734	0.02433	0.13442	0.02660	0.05225	0.02601	0.01781	0.02439	0.01366	0.01646	0.01134	0.00755	0.00683	0.00225	0.01025	0.00578	0.00385	0.01169
24	0.09594	0.02802	0.02314	0.09513	0.02866	0.27751	0.01636	0.23222	0.02764	0.03405	0.01749	0.02217	0.01412	0.00996	0.00806	0.00252	0.01162	0.03813	0.00600	0.01123
25	0.01827	0.03084	0.30231	0.02946	0.03925	0.02003	0.32940	0.02630	0.01875	0.02661	0.01678	0.02158	0.01259	0.01146	0.05450	0.00354	0.01419	0.00840	0.00402	0.01167
26	0.02364	0.20211	0.15495	0.02910	0.20296	0.19991	0.02162	0.02827	0.01987	0.02379	0.01404	0.01705	0.01163	0.00793	0.00741	0.00229	0.01176	0.00600	0.00400	0.01168
27	0.01364	0.05430	0.01652	0.01398	0.01567	0.01391	0.01105	0.01609	0.01487	0.02058	0.05174	0.03979	0.11219	0.10242	0.34047	0.00877	0.13075	0.01035	0.00507	0.00783
28	0.02417	0.02431	0.08305	0.02743	0.18407	0.08672	0.01896	0.18794	0.16618	0.03539	0.02511	0.02596	0.05207	0.01015	0.00849	0.00262	0.00956	0.00833	0.00655	0.01293
29	0.02791	0.01878	0.02093	0.01738	0.02310	0.02046	0.01392	0.18757	0.34324	0.18390	0.03085	0.02828	0.02197	0.01098	0.00860	0.00274	0.00751	0.00889	0.00906	0.01396
30	0.01037	0.00741	0.00987	0.01185	0.01234	0.00691	0.00790	0.01185	0.01629	0.02172	0.04690	0.69537	0.05629	0.02666	0.01086	0.00346	0.00494	0.02419	0.00790	0.00691
31	0.05013	0.14549	0.22403	0.05591	0.02973	0.16072	0.02056	0.13451	0.02321	0.02971	0.03945	0.01902	0.01419	0.00886	0.00764	0.00242	0.01140	0.00644	0.00495	0.01160
32	0.23625	0.02939	0.02365	0.02241	0.08162	0.33091	0.05547	0.07632	0.02194	0.02938	0.01389	0.01635	0.01111	0.00842	0.00729	0.00242	0.01185	0.00590	0.00494	0.01048
33	0.01261	0.00918	0.01208	0.01188	0.01254	0.01023	0.00825	0.01403	0.01297	0.01812	0.02424	0.04407	0.02570	0.38826	0.31303	0.01036	0.05048	0.01070	0.00482	0.00644
34	0.02327	0.02528	0.02710	0.09894	0.28809	0.22720	0.02025	0.02900	0.07677	0.02534	0.02154	0.02456	0.05708	0.00938	0.00833	0.00251	0.01121	0.00781	0.00489	0.01148
35	0.01725	0.01835	0.08330	0.57617	0.05446	0.01949	0.02385	0.06224	0.01864	0.02435	0.01549	0.02211	0.01150	0.00858	0.00847	0.00280	0.01132	0.00745	0.00408	0.01008
36	0.02774	0.01195	0.01594	0.01361	0.01814	0.01044	0.01065	0.03042	0.02162	0.41732	0.04216	0.22222	0.08806	0.01610	0.00935	0.00289	0.00632	0.01384	0.00955	0.01167
37	0.03155	0.02270	0.02454	0.01908	0.02567	0.02502	0.01568	0.52563	0.10019	0.08769	0.02268	0.02211	0.01605	0.01037	0.00853	0.00259	0.00897	0.00792	0.00865	0.01437
38	0.02951	0.06037	0.13747	0.01795	0.02549	0.01971	0.01698	0.24819	0.02823	0.24371	0.02779	0.02656	0.05797	0.01054	0.00839	0.00259	0.00889	0.00823	0.00799	0.01345
39	0.01054	0.00815	0.00962	0.01029	0.01205	0.00723	0.00732	0.01276	0.01900	0.02449	0.17106	0.32384	0.30746	0.02284	0.01038	0.00307	0.00451	0.01999	0.00817	0.00723
40	0.01131	0.00808	0.01096	0.01293	0.01384	0.00773	0.00954	0.01348	0.01723	0.02278	0.04638	0.52590	0.05422	0.02577	0.01111	0.00359	0.00576	0.18432	0.00788	0.00717
41	0.02061	0.01975	0.03372	0.10972	0.59392	0.02010	0.02589	0.02572	0.01916	0.02725	0.01593	0.02121	0.01328	0.00767	0.00843	0.00256	0.01022	0.00758	0.00417	0.01311
42	0.01743	0.08555	0.61842	0.02365	0.03589	0.02064	0.03038	0.02686	0.01792	0.02652	0.01506	0.01770	0.01079	0.00803	0.00792	0.00264	0.01236	0.00618	0.00360	0.01247
43	0.03151	0.02334	0.02509	0.01918	0.02604	0.02553	0.01583	0.58538	0.03874	0.05216	0.02013	0.02027	0.01437	0.00999	0.00839	0.00248	0.00919	0.00751	0.00832	0.05656
44	0.01037	0.00741	0.00987	0.01185	0.01234	0.00691	0.00790	0.01185	0.01629	0.02172	0.04690	0.69537	0.05629	0.02666	0.01086	0.00346	0.00494	0.02419	0.00790	0.00691
45	0.03582	0.01396	0.01899	0.01474	0.02091	0.01210	0.01210	0.03918	0.02433	0.59773	0.08869	0.03209	0.02642	0.01115	0.00869	0.00264	0.00695	0.00918	0.01043	0.01390
46	0.02272	0.01793	0.01929	0.01712	0.02209	0.02037	0.01338	0.04488	0.57681	0.09216	0.03454	0.03150	0.02553	0.01145	0.00865	0.00286	0.00678	0.00952	0.00883	0.01356
47	0.01371	0.00980	0.01371	0.01567	0.01763	0.00980	0.01371	0.01763	0.01959	0.02547	0.04506	0.09599	0.04898	0.02351	0.01175	0.00392	0.00784	0.59056	0.00784	0.00784
48	0.01679	0.01593	0.02256	0.01989	0.02032	0.02170	0.01636	0.01899	0.01321	0.02028	0.01446	0.02281	0.01403	0.02873	0.20867	0.00654	0.49802	0.00792	0.00396	0.00883
49	0.03293	0.02290	0.02496	0.01914	0.02593	0.02501	0.01581	0.56182	0.03845	0.11348	0.02174	0.02128	0.01513	0.01025	0.00852	0.00256	0.00915	0.00775	0.00871	0.01447
50	0.01033	0.00754	0.00973	0.01149	0.01225	0.00694	0.00774	0.01189	0.01664	0.02187	0.05134	0.62615	0.12264	0.02608	0.01077	0.00339	0.00487	0.02349	0.00790	0.00694
51	0.02253	0.67970	0.06896	0.01495	0.02244	0.03312	0.01523	0.02554	0.01732	0.02030	0.01197	0.01382	0.01092	0.00731	0.00556	0.00185	0.00924	0.00462	0.00364	0.01099
52	0.01892	0.01365	0.01568	0.01362	0.01742	0.01389	0.01083	0.18822	0.05165	0.06117	0.27746	0.05431	0.15688	0.01604	0.00962	0.00277	0.00608	0.05287	0.00877	0.01015
53	0.01067	0.00846	0.00964	0.01006	0.01225	0.00743	0.00746	0.01309	0.01951	0.02465	0.16381	0.20628	0.39647	0.02207	0.01033	0.00303	0.00461	0.05476	0.00813	0.00730
54	0.01865	0.01776	0.03018	0.35595	0.36298	0.01959	0.02492	0.02400	0.01824	0.02487	0.01558	0.02185	0.01245	0.00803	0.00847	0.00268	0.01071	0.00757	0.00400	0.01153
55	0.03179	0.04056	0.02412	0.02192	0.02631	0.66676	0.01644	0.03398	0.02412	0.02083	0.01315	0.01535	0.01096	0.00877	0.00767	0.00219	0.01535	0.00548	0.00438	0.00987
56	0.02618	0.40561	0.09219	0.01624	0.02350	0.06932	0.01571	0.03093	0.05620	0.16289	0.01845	0.01866	0.01407	0.00843	0.00673	0.00217	0.00928	0.00597	0.00552	0.01195
57	0.15676	0.02387	0.02729	0.03221	0.27431	0.16552	0.05980	0.02855	0.05444	0.02850	0.01570	0.01898	0.01276	0.00802	0.00767	0.00243	0.01050	0.00669	0.00476	0.06126
58	0.02152	0.06466	0.02004	0.01563	0.02073	0.06637	0.01248	0.14823	0.24820	0.03368	0.03901	0.03744	0.16026	0.01269	0.00850	0.00258	0.00747	0.01016	0.00756	0.06277
59	0.01142	0.00868	0.01056	0.01054	0.01273	0.00783	0.00802	0.01462	0.02157	0.02875	0.36078	0.11622	0.26482	0.01999	0.01026	0.00291	0.00453	0.06949	0.00864	0.00765
60	0.02451	0.40027	0.03399	0.01670	0.02255	0.21606	0.01456	0.02913	0.07605	0.02266	0.05782	0.01924	0.01709	0.00880	0.00672	0.00209	0.01036	0.00603	0.00471	0.01065
61	0.01236	0.00831	0.00958	0.00958	0.00968	0.00841	0.00552	0.01256	0.01246	0.01672	0.02654	0.05420	0.03029	0.65827	0.08508	0.00861	0.00922	0.01216	0.00512	0.00532
62	0.03107	0.02445	0.02535	0.02088	0.05081	0.06997	0.01640	0.51481	0.08002	0.04907	0.02076	0.02091	0.01500	0.01011	0.00846	0.00255	0.00962	0.00765	0.00807	0.01404
63	0.02106	0.02022	0.03454	0.05223	0.64784	0.02022	0.02612	0.02612	0.01938	0.02780	0.01601	0.02106	0.01348	0.00758	0.00842	0.00253	0.01011	0.00758	0.00421	0.01348
64	0.01216	0.00912	0.01368	0.01368	0.01520	0.01064	0.01064	0.01520	0.01368	0.01976	0.02279	0.03343	0.02127	0.06382	0.66720	0.01368	0.02279	0.00912	0.00456	0.00760
65	0.02646	0.06839	0.02307	0.01942	0.02416	0.33800	0.01499	0.03859	0.29952	0.02748	0.02282	0.02269	0.01777	0.00994	0.00799	0.00249	0.01109	0.00731	0.00628	0.01156
66	0.01586	0.01225	0.01426	0.01402	0.01653	0.01296	0.01030	0.08965	0.18088	0.03035	0.10777	0.37470	0.04634	0.01981	0.00993	0.00312	0.00580	0.01753	0.00833	0.00961
67	0.02106	0.50841	0.22736	0.01746	0.02632	0.02952	0.01960	0.02592	0.01749	0.02209	0.01286	0.01494	0.01088	0.00752	0.00624	0.00208	0.01014	0.00507	0.00363	0.01142
68	0.01478	0.00739	0.01109	0.01109	0.01109	0.00739	0.00739	0.01109	0.01109	0.01478	0.01478	0.02587	0.01478	0.02956	0.03326	0.75240	0.00739	0.00739	0.00370	0.00370
69	0.01216	0.00912	0.01368	0.01368	0.01520	0.01064	0.01064	0.01520	0.01368	0.01976	0.02279	0.03343	0.02127	0.06382	0.66720	0.01368	0.02279	0.00912	0.00456	0.00760
70	0.03350	0.01933	0.02197	0.01731	0.02366	0.04070	0.01413	0.25576	0.11276	0.32637	0.02817	0.02573	0.01895	0.01049	0.00853	0.00262	0.00823	0.00827	0.00932	0.01419
71	0.02267	0.02603	0.08736	0.03853	0.37296	0.14524	0.02297	0.02961	0.08909	0.02693	0.01727	0.02077	0.01405	0.00864	0.00916	0.00257	0.04168	0.00728	0.00467	0.01251
72	0.03796	0.01484	0.01997	0.01531	0.02190	0.01304	0.01265	0.06371	0.02496	0.63065	0.03307	0.02864	0.02081	0.01052	0.00856	0.00263	0.00732	0.00852	0.01046	0.01448
73	0.02636	0.02147	0.02213	0.01846	0.02411	0.04650	0.01474	0.29215	0.35554	0.04284	0.02775	0.02629	0.02049	0.01087	0.00856	0.00272	0.00818	0.00863	0.00844	0.01377
74	0.01192	0.00851	0.01165	0.01362	0.01479	0.00825	0.01059	0.01453	0.01782	0.02346	0.04605	0.41772	0.05290	0.02520	0.01128	0.00367	0.00628	0.28655	0.00787	0.00734
75	0.02011	0.01945	0.03376	0.16474	0.50875	0.02005	0.05772	0.02539	0.01899	0.02668	0.01591	0.02146	0.01306	0.00773	0.00853	0.00260	0.01056	0.00771	0.00414	0.01264
76	0.01919	0.29147	0.42799	0.02063	0.03123	0.02496	0.02513	0.02640	0.01771	0.02436	0.01399	0.01635	0.01083	0.00778	0.00710	0.00237	0.01128	0.00564	0.00361	0.01196
77	0.02106	0.02022	0.03454	0.05223	0.64784	0.02022	0.02612	0.02612	0.01938	0.02780	0.01601	0.02106	0.01348	0.00758	0.00842	0.00253	0.01011	0.00758	0.00421	0.01348
78	0.01216	0.00912	0.01368	0.01368	0.01520	0.01064	0.01064	0.01520	0.01368	0.01976	0.02279	0.03343	0.02127	0.06382	0.66720	0.01368	0.02279	0.00912	0.00456	0.00760
79	0.02144	0.17571	0.33964	0.02371	0.06549	0.02401	0.06522	0.13357	0.02203	0.03039	0.01566	0.01802	0.01177	0.00821	0.00777	0.00249	0.01126	0.00650	0.00457	0.01255
80	0.02397	0.01546	0.01747	0.01513	0.02010	0.01619	0.01193	0.03820	0.34987	0.20809	0.04365	0.04001	0.13621	0.01307	0.00888	0.00281	0.00644	0.01083	0.00905	0.01262
81	0.02367	0.03190	0.37810	0.02611	0.12938	0.01778	0.02525	0.03092	0.02000	0.20430	0.02056	0.02157	0.01412	0.00870	0.00827	0.00265	0.01068	0.00714	0.00565	0.01326
82	0.02069	0.02006	0.03491	0.09067	0.57476	0.02022	0.06132	0.02591	0.01927	0.02739	0.01602	0.02128	0.01331	0.00762	0.00853	0.00257	0.01044	0.00773	0.00419	0.01311
83	0.02292	0.02016	0.02210	0.01886	0.02211	0.09503	0.01524	0.22353	0.02363	0.03155	0.01788	0.02312	0.01517	0.02669	0.20301	0.00602	0.18889	0.00778	0.00566	0.01063
84	0.01011	0.00841	0.00883	0.00917	0.01164	0.00714	0.00671	0.01215	0.01887	0.02277	0.07953	0.18613	0.54447	0.02242	0.01019	0.00297	0.00442	0.01902	0.00790	0.00714
85	0.01964	0.02331	0.08590	0.03333	0.07970	0.02227	0.41159	0.02574	0.01841	0.02585	0.01573	0.02158	0.01244	0.00888	0.01355	0.00301	0.15463	0.00908	0.00413	0.01123
86	0.02345	0.02044	0.02749	0.27458	0.22460	0.09259	0.02159	0.09395	0.02188	0.09183	0.01766	0.02176	0.01329	0.00866	0.00839	0.00262	0.01078	0.00745	0.00521	0.01179
87	0.01680	0.07537	0.01607	0.01244	0.01619	0.01370	0.00981	0.06210	0.12521	0.07148	0.12091	0.12920	0.26366	0.01716	0.00928	0.00279	0.00574	0.01442	0.00803	0.00965
88	0.01245	0.00930	0.01201	0.01342	0.01553	0.00886	0.01126	0.01570	0.01931	0.02451	0.05682	0.13331	0.21782	0.02317	0.01121	0.00359	0.00664	0.38964	0.00786	0.00759
89	0.02694	0.18935	0.10811	0.02332	0.08348	0.38449	0.01876	0.03047	0.02138	0.02204	0.01338	0.01581	0.01116	0.00824	0.00729	0.00220	0.01311	0.00556	0.00410	0.01077
90	0.02092	0.02073	0.03224	0.16049	0.50152	0.06454	0.02501	0.02589	0.01929	0.02626	0.01566	0.02095	0.01293	0.00783	0.00839	0.00256	0.01069	0.00743	0.00415	0.01252
91	0.01077	0.00787	0.01004	0.01161	0.01257	0.00731	0.00811	0.01250	0.01685	0.02198	0.05131	0.51024	0.13984	0.06403	0.01268	0.00369	0.00532	0.07860	0.00774	0.00694
92	0.01216	0.00828	0.00922	0.00922	0.00948	0.00815	0.00528	0.01236	0.01302	0.01709	0.03225	0.05809	0.08708	0.63875	0.04027	0.00776	0.00789	0.01289	0.00541	0.00534
93	0.01883	0.01729	0.02793	0.04023	0.45402	0.01732	0.02124	0.02461	0.05648	0.02841	0.09063	0.05952	0.04459	0.01115	0.00899	0.00271	0.00871	0.04974	0.00554	0.01205
94	0.02252	0.02123	0.02702	0.03409	0.32464	0.09188	0.01950	0.03191	0.17688	0.05128	0.02098	0.02305	0.01657	0.00869	0.00817	0.00244	0.00930	0.00762	0.00569	0.09655
95	0.02998	0.02169	0.12342	0.01918	0.05306	0.01777	0.01669	0.18454	0.05934	0.29783	0.02611	0.02649	0.01827	0.05329	0.01065	0.00298	0.00881	0.00822	0.00818	0.01349

[dist]
# distance from previous block
# <min> <max>
3	4

[block]
# block no. 2 follows, 21 sequences, length 42
# corresponding to MSA columns:
# 213-254
name=unknown_C
#
# <colnr> <probs for GDERKNQSTAVLIFYWHMCP>
#	G	D	E	R	K	N	Q	S	T	A	V	L	I	F	Y	W	H	M	C	P
0	0.02106	0.02022	0.03454	0.05223	0.64784	0.02022	0.02612	0.02612	0.01938	0.02780	0.01601	0.02106	0.01348	0.00758	0.00842	0.00253	0.01011	0.00758	0.00421	0.01348
1	0.03045	0.03449	0.02581	0.02556	0.11038	0.45212	0.01770	0.14922	0.02663	0.02829	0.01499	0.01713	0.01200	0.00890	0.00794	0.00231	0.01345	0.00620	0.00518	0.01127
2	0.01481	0.00951	0.01261	0.01225	0.01472	0.00885	0.00978	0.01865	0.02277	0.08956	0.41071	0.06925	0.09445	0.01847	0.01033	0.00299	0.00528	0.15745	0.00903	0.00855
3	0.02447	0.02492	0.06599	0.03578	0.24509	0.10629	0.19503	0.09961	0.02294	0.07048	0.01762	0.02115	0.01346	0.00815	0.00880	0.00260	0.01188	0.00803	0.00516	0.01256
4	0.02288	0.02747	0.17006	0.07483	0.33697	0.10678	0.02462	0.02850	0.02002	0.08283	0.01699	0.02041	0.01310	0.00817	0.00826	0.00255	0.01118	0.00710	0.00464	0.01265
5	0.02061	0.01976	0.03373	0.10895	0.59464	0.02010	0.02589	0.02572	0.01916	0.02726	0.01593	0.02121	0.01329	0.00767	0.00843	0.00256	0.01022	0.00758	0.00417	0.01312
6	0.01984	0.02055	0.06814	0.04668	0.55510	0.01902	0.02465	0.02491	0.01930	0.02732	0.02230	0.02638	0.07029	0.00887	0.00855	0.00257	0.00973	0.00844	0.00451	0.01286
7	0.01006	0.00862	0.00862	0.00862	0.01149	0.00718	0.00647	0.01221	0.01940	0.02299	0.08621	0.08190	0.64438	0.02155	0.01006	0.00287	0.00431	0.01796	0.00790	0.00718
8	0.02440	0.58506	0.04087	0.01590	0.02265	0.14877	0.01490	0.02703	0.01853	0.02017	0.01207	0.01396	0.01093	0.00755	0.00586	0.00189	0.01024	0.00472	0.00378	0.01073
9	0.02249	0.03129	0.39527	0.02046	0.02997	0.01650	0.02365	0.02970	0.01959	0.20303	0.02278	0.02695	0.01675	0.01336	0.05131	0.00347	0.01144	0.04363	0.00588	0.01249
10	0.03186	0.03834	0.02431	0.02161	0.02632	0.58178	0.01641	0.11167	0.02623	0.02518	0.01412	0.01602	0.01143	0.00896	0.00778	0.00224	0.01455	0.00577	0.00493	0.01048
11	0.01006	0.00862	0.00862	0.00862	0.01149	0.00718	0.00647	0.01221	0.01940	0.02299	0.08621	0.08190	0.64438	0.02155	0.01006	0.00287	0.00431	0.01796	0.00790	0.00718
12	0.01826	0.03476	0.42241	0.07403	0.22962	0.01985	0.02929	0.02636	0.01835	0.02689	0.01549	0.01923	0.01166	0.00795	0.00822	0.00265	0.01173	0.00677	0.00380	0.01266
13	0.02021	0.02261	0.04821	0.03796	0.12168	0.02135	0.54134	0.02711	0.02000	0.02733	0.01706	0.02271	0.01299	0.00723	0.00984	0.00283	0.01381	0.00973	0.00429	0.01173
14	0.01037	0.00741	0.00987	0.01185	0.01234	0.00691	0.00790	0.01185	0.01629	0.02172	0.04690	0.69537	0.05629	0.02666	0.01086	0.00346	0.00494	0.02419	0.00790	0.00691
15	0.01707	0.04402	0.65683	0.02426	0.03683	0.01976	0.03144	0.02695	0.01797	0.02695	0.01527	0.01797	0.01078	0.00809	0.00809	0.00270	0.01258	0.00629	0.00359	0.01258
16	0.02118	0.02128	0.01825	0.01743	0.02104	0.19596	0.01360	0.03203	0.25122	0.02829	0.07133	0.08945	0.03234	0.01475	0.00929	0.00294	0.00905	0.13281	0.00729	0.01046
17	0.02275	0.70604	0.04459	0.01456	0.02184	0.03367	0.01456	0.02548	0.01729	0.02002	0.01183	0.01365	0.01092	0.00728	0.00546	0.00182	0.00910	0.00455	0.00364	0.01092
18	0.01037	0.00741	0.00987	0.01185	0.01234	0.00691	0.00790	0.01185	0.01629	0.02172	0.04690	0.69537	0.05629	0.02666	0.01086	0.00346	0.00494	0.02419	0.00790	0.00691
19	0.01037	0.00741	0.00987	0.01185	0.01234	0.00691	0.00790	0.01185	0.01629	0.02172	0.04690	0.69537	0.05629	0.02666	0.01086	0.00346	0.00494	0.02419	0.00790	0.00691
20	0.01234	0.00892	0.01194	0.01285	0.01462	0.00852	0.01027	0.01579	0.02065	0.02785	0.26544	0.18742	0.09119	0.02173	0.01089	0.00333	0.00577	0.25435	0.00841	0.00771
21	0.02009	0.02296	0.05022	0.03587	0.04448	0.02152	0.61693	0.02726	0.02009	0.02726	0.01722	0.02296	0.01291	0.00717	0.01004	0.00287	0.01435	0.01004	0.00430	0.01148
22	0.01780	0.01689	0.02865	0.46256	0.26299	0.01936	0.02450	0.02326	0.01784	0.02384	0.01543	0.02212	0.01209	0.00819	0.00848	0.00273	0.01092	0.00757	0.00393	0.01085
23	0.01219	0.00817	0.00934	0.00951	0.00956	0.00813	0.00540	0.01233	0.01273	0.01697	0.02863	0.11344	0.03323	0.64005	0.04038	0.00782	0.00795	0.01344	0.00540	0.00532
24	0.01145	0.00868	0.01055	0.01008	0.01235	0.00778	0.00756	0.01490	0.02268	0.03077	0.47558	0.06909	0.25016	0.01865	0.01004	0.00274	0.00410	0.01616	0.00893	0.00778
25	0.02277	0.01987	0.01940	0.01747	0.02194	0.10061	0.01406	0.17377	0.23293	0.03493	0.03444	0.04479	0.06985	0.01424	0.00929	0.00295	0.00853	0.13877	0.00785	0.01156
26	0.01885	0.25143	0.46501	0.02122	0.03214	0.02412	0.02615	0.02649	0.01776	0.02478	0.01419	0.01661	0.01082	0.00783	0.00726	0.00242	0.01149	0.00574	0.00361	0.01206
27	0.03190	0.03719	0.02440	0.02145	0.02633	0.53774	0.01639	0.15195	0.02732	0.02744	0.01462	0.01637	0.01167	0.00906	0.00784	0.00227	0.01414	0.00592	0.00522	0.01079
28	0.05174	0.01376	0.01584	0.01448	0.01835	0.01418	0.01167	0.13037	0.10650	0.09949	0.09509	0.10730	0.13339	0.01688	0.00964	0.00303	0.00671	0.13278	0.00839	0.01039
29	0.03060	0.03858	0.02429	0.02196	0.02595	0.60891	0.01664	0.03276	0.02312	0.02080	0.01298	0.01564	0.01098	0.00932	0.00950	0.00233	0.07584	0.00566	0.00433	0.00982
30	0.02272	0.01106	0.01480	0.01252	0.01639	0.00986	0.00986	0.02644	0.02420	0.28722	0.39427	0.04943	0.05610	0.01459	0.00943	0.00266	0.00533	0.01260	0.00984	0.01067
31	0.02660	0.02081	0.02340	0.05066	0.06466	0.02308	0.01582	0.36943	0.18698	0.04398	0.02780	0.02745	0.05816	0.01105	0.00865	0.00267	0.00850	0.00882	0.00802	0.01345
32	0.01942	0.01790	0.02990	0.04408	0.50729	0.01790	0.02335	0.02422	0.01942	0.02728	0.02249	0.03777	0.02140	0.01113	0.00917	0.00284	0.00960	0.13760	0.00502	0.01222
33	0.01037	0.00741	0.00987	0.01185	0.01234	0.00691	0.00790	0.01185	0.01629	0.02172	0.04690	0.69537	0.05629	0.02666	0.01086	0.00346	0.00494	0.02419	0.00790	0.00691
34	0.01037	0.00741	0.00987	0.01185	0.01234	0.00691	0.00790	0.01185	0.01629	0.02172	0.04690	0.69537	0.05629	0.02666	0.01086	0.00346	0.00494	0.02419	0.00790	0.00691
35	0.02106	0.02022	0.03454	0.05223	0.64784	0.02022	0.02612	0.02612	0.01938	0.02780	0.01601	0.02106	0.01348	0.00758	0.00842	0.00253	0.01011	0.00758	0.00421	0.01348
36	0.01654	0.03096	0.38114	0.02787	0.16792	0.01715	0.02527	0.02357	0.01793	0.02603	0.02213	0.16201	0.02101	0.01190	0.00875	0.00282	0.01041	0.01037	0.00464	0.01158
37	0.01635	0.01528	0.02172	0.01930	0.01983	0.02065	0.01582	0.01863	0.01326	0.02023	0.01525	0.02382	0.01472	0.03207	0.25235	0.00722	0.45275	0.00803	0.00402	0.00871
38	0.02133	0.12562	0.40082	0.02299	0.03299	0.12260	0.05969	0.06947	0.02051	0.02700	0.01498	0.01747	0.01121	0.00819	0.00783	0.00251	0.01244	0.00625	0.00411	0.01201
39	0.34030	0.26268	0.07992	0.01705	0.06502	0.06646	0.01461	0.02600	0.01673	0.02901	0.01251	0.01472	0.01036	0.00773	0.00595	0.00232	0.00879	0.00499	0.00442	0.01044
40	0.14100	0.02809	0.02425	0.02465	0.13084	0.26396	0.01678	0.17985	0.05548	0.03368	0.01633	0.01818	0.01274	0.00893	0.00769	0.00244	0.01118	0.00646	0.00574	0.01172
41	0.21155	0.01901	0.01972	0.01597	0.02174	0.02081	0.01302	0.28883	0.09619	0.11670	0.07399	0.02469	0.02077	0.01043	0.00785	0.00263	0.00768	0.00788	0.00803	0.01251

[dist]
# distance from previous block
# <min> <max>
0	1

[block]
# block no. 3 follows, 21 sequences, length 188
# corresponding to MSA columns:
# 256-443
name=unknown_D
#
# <colnr> <probs for GDERKNQSTAVLIFYWHMCP>
#	G	D	E	R	K	N	Q	S	T	A	V	L	I	F	Y	W	H	M	C	P
0	0.06862	0.11650	0.02456	0.01767	0.02354	0.27517	0.01414	0.10870	0.06061	0.02856	0.01564	0.01724	0.01261	0.00834	0.00711	0.00205	0.01068	0.00576	0.00530	0.17720
1	0.02584	0.21654	0.03194	0.02720	0.18091	0.30487	0.01813	0.02893	0.02064	0.02232	0.01389	0.01703	0.01199	0.01023	0.03327	0.00263	0.01261	0.00590	0.00414	0.01097
2	0.01216	0.00912	0.01368	0.01368	0.01520	0.01064	0.01064	0.01520	0.01368	0.01976	0.02279	0.03343	0.02127	0.06382	0.66720	0.01368	0.02279	0.00912	0.00456	0.00760
3	0.01256	0.00916	0.01221	0.01341	0.01531	0.00880	0.01105	0.01602	0.02010	0.02651	0.17171	0.15776	0.12450	0.02241	0.01111	0.00349	0.00632	0.34174	0.00816	0.00769
4	0.03346	0.01877	0.02207	0.01706	0.02344	0.01915	0.01403	0.32899	0.03217	0.31069	0.06903	0.02708	0.02185	0.01085	0.00864	0.00260	0.00808	0.00858	0.00944	0.01403
5	0.01765	0.01513	0.01765	0.01260	0.02017	0.01134	0.01008	0.02143	0.01765	0.02773	0.01513	0.01765	0.01260	0.00630	0.00630	0.00126	0.00630	0.00504	0.00504	0.75295
6	0.01602	0.01096	0.01442	0.01499	0.01709	0.01125	0.01234	0.09424	0.02039	0.02684	0.03652	0.12930	0.03895	0.02317	0.01516	0.13984	0.00768	0.35580	0.00718	0.00786
7	0.01660	0.01565	0.02220	0.01964	0.02011	0.02125	0.01613	0.01883	0.01323	0.02025	0.01480	0.02324	0.01432	0.03016	0.22741	0.00683	0.47860	0.00797	0.00398	0.00878
8	0.02603	0.02169	0.02192	0.01845	0.02399	0.06082	0.01467	0.26262	0.37200	0.04159	0.02799	0.02650	0.02073	0.01088	0.00855	0.00272	0.00824	0.00864	0.00835	0.01364
9	0.02275	0.70604	0.04459	0.01456	0.02184	0.03367	0.01456	0.02548	0.01729	0.02002	0.01183	0.01365	0.01092	0.00728	0.00546	0.00182	0.00910	0.00455	0.00364	0.01092
10	0.01204	0.00870	0.01138	0.01071	0.01271	0.00803	0.00803	0.01606	0.02409	0.03413	0.64335	0.06357	0.08030	0.01740	0.01004	0.00268	0.00401	0.01539	0.00937	0.00803
11	0.01586	0.00793	0.00793	0.00793	0.00991	0.00793	0.00595	0.01983	0.01785	0.03173	0.02776	0.03173	0.02181	0.00991	0.00595	0.00198	0.00397	0.00793	0.74817	0.00793
12	0.58598	0.02140	0.01537	0.01365	0.01883	0.14230	0.01094	0.05669	0.01760	0.03567	0.01253	0.01445	0.00981	0.00818	0.00589	0.00255	0.00839	0.00493	0.00526	0.00960
13	0.02009	0.02296	0.05022	0.03587	0.04448	0.02152	0.61693	0.02726	0.02009	0.02726	0.01722	0.02296	0.01291	0.00717	0.01004	0.00287	0.01435	0.01004	0.00430	0.01148
14	0.01037	0.00741	0.00987	0.01185	0.01234	0.00691	0.00790	0.01185	0.01629	0.02172	0.04690	0.69537	0.05629	0.02666	0.01086	0.00346	0.00494	0.02419	0.00790	0.00691
15	0.76103	0.01646	0.01251	0.01119	0.01646	0.01909	0.00922	0.02502	0.01448	0.03818	0.01185	0.01382	0.00922	0.00790	0.00527	0.00263	0.00658	0.00461	0.00527	0.00922
16	0.02714	0.02258	0.02509	0.02033	0.02463	0.06481	0.01671	0.37002	0.02946	0.03978	0.01720	0.02013	0.01353	0.01395	0.04359	0.00339	0.22126	0.00753	0.00659	0.01228
17	0.01459	0.01230	0.01364	0.01186	0.01628	0.01104	0.00909	0.02127	0.12988	0.02732	0.08529	0.10646	0.24816	0.01518	0.00870	0.00241	0.00541	0.01282	0.00724	0.24107
18	0.01101	0.00819	0.00917	0.00965	0.01087	0.00752	0.00632	0.01219	0.01600	0.02024	0.05436	0.21978	0.27157	0.27879	0.02278	0.00504	0.00595	0.01736	0.00687	0.00635
19	0.01238	0.00820	0.01070	0.01178	0.01302	0.00758	0.00827	0.01438	0.01792	0.05947	0.11933	0.48529	0.09637	0.04927	0.01183	0.00348	0.00519	0.04993	0.00812	0.00748
20	0.03235	0.02384	0.02554	0.01958	0.02639	0.02639	0.01618	0.61946	0.04001	0.05363	0.02043	0.02043	0.01447	0.01022	0.00851	0.00255	0.00936	0.00766	0.00851	0.01447
21	0.01223	0.00883	0.01223	0.01223	0.01325	0.00985	0.00883	0.01427	0.01325	0.01868	0.02412	0.04076	0.02446	0.27362	0.46175	0.01189	0.01801	0.01019	0.00476	0.00679
22	0.01313	0.00984	0.01438	0.01470	0.01684	0.00950	0.04168	0.01696	0.02064	0.02783	0.23056	0.15147	0.05778	0.02114	0.01103	0.00342	0.00664	0.31634	0.00814	0.00797
23	0.01238	0.00825	0.00928	0.00928	0.00928	0.00825	0.00516	0.01238	0.01238	0.01650	0.02681	0.05569	0.03094	0.70092	0.04331	0.00825	0.00825	0.01238	0.00516	0.00516
24	0.01707	0.04402	0.65683	0.02426	0.03683	0.01976	0.03144	0.02695	0.01797	0.02695	0.01527	0.01797	0.01078	0.00809	0.00809	0.00270	0.01258	0.00629	0.00359	0.01258
25	0.15665	0.01952	0.02851	0.09992	0.39639	0.02069	0.02151	0.10273	0.02095	0.03248	0.01574	0.01982	0.01263	0.00807	0.00787	0.00258	0.00949	0.00705	0.00492	0.01245
26	0.02193	0.01475	0.01702	0.01536	0.01945	0.01571	0.01181	0.05979	0.31391	0.15223	0.07386	0.18215	0.03469	0.01506	0.00921	0.00294	0.00637	0.01297	0.00889	0.01190
27	0.01224	0.00877	0.01193	0.01193	0.01285	0.00969	0.00847	0.01408	0.01316	0.01847	0.02439	0.04225	0.02511	0.31632	0.41994	0.01153	0.01703	0.01041	0.00480	0.00663
28	0.02106	0.02022	0.03454	0.05223	0.64784	0.02022	0.02612	0.02612	0.01938	0.02780	0.01601	0.02106	0.01348	0.00758	0.00842	0.00253	0.01011	0.00758	0.00421	0.01348
29	0.02628	0.02059	0.02580	0.02378	0.09804	0.02404	0.01761	0.26977	0.07618	0.08620	0.01921	0.02154	0.01478	0.01150	0.01458	0.00295	0.22001	0.00782	0.00668	0.01266
30	0.03248	0.01925	0.02199	0.01714	0.02342	0.02013	0.01407	0.34830	0.06980	0.25282	0.02623	0.02478	0.01791	0.01038	0.00836	0.00256	0.00812	0.00810	0.06019	0.01396
31	0.01149	0.00887	0.01061	0.01074	0.01312	0.00800	0.00843	0.01467	0.02117	0.02758	0.28409	0.07782	0.32228	0.02039	0.01037	0.00300	0.00488	0.12645	0.00843	0.00762
32	0.03098	0.03691	0.02387	0.02129	0.02597	0.54394	0.01617	0.09857	0.07596	0.02561	0.01572	0.01725	0.01258	0.00916	0.00785	0.00229	0.01399	0.00606	0.00519	0.01066
33	0.02468	0.02864	0.02837	0.02647	0.08943	0.30088	0.07502	0.02750	0.01911	0.02201	0.01309	0.01787	0.01148	0.01079	0.01554	0.00286	0.26512	0.00686	0.00411	0.01018
34	0.02418	0.42617	0.06414	0.06467	0.06443	0.10568	0.01704	0.09836	0.02100	0.02509	0.01366	0.01594	0.01154	0.00795	0.00660	0.00210	0.01024	0.00551	0.00436	0.01135
35	0.01022	0.00800	0.00926	0.01026	0.01193	0.00705	0.00719	0.01203	0.01782	0.02235	0.06624	0.39361	0.34556	0.02415	0.01047	0.00317	0.00463	0.02113	0.00790	0.00705
36	0.18107	0.11278	0.13829	0.01642	0.02418	0.02120	0.01589	0.17316	0.02257	0.03530	0.01535	0.01706	0.01179	0.00807	0.00685	0.00221	0.00863	0.00577	0.00551	0.17790
37	0.01450	0.01102	0.01401	0.01307	0.01389	0.01272	0.00934	0.05153	0.01451	0.02024	0.02296	0.04198	0.02435	0.38544	0.20334	0.00864	0.11598	0.01047	0.00498	0.00701
38	0.01238	0.00825	0.00928	0.00928	0.00928	0.00825	0.00516	0.01238	0.01238	0.01650	0.02681	0.05569	0.03094	0.70092	0.04331	0.00825	0.00825	0.01238	0.00516	0.00516
39	0.02057	0.02044	0.03701	0.08717	0.49588	0.02039	0.13978	0.02607	0.01937	0.02733	0.01619	0.02153	0.01324	0.00756	0.00874	0.00261	0.01100	0.00806	0.00420	0.01285
40	0.02138	0.02172	0.03622	0.04589	0.47475	0.05785	0.13542	0.02661	0.01972	0.02729	0.01603	0.02095	0.01319	0.00753	0.00860	0.00252	0.01106	0.00782	0.00427	0.04117
41	0.01217	0.00906	0.01341	0.01341	0.01483	0.01049	0.01030	0.01502	0.01360	0.01956	0.02304	0.03480	0.02187	0.10284	0.62899	0.01334	0.02190	0.00932	0.00460	0.00745
42	0.01081	0.00770	0.01011	0.01146	0.01220	0.00721	0.00773	0.01265	0.01744	0.02362	0.15400	0.53636	0.05891	0.07146	0.01295	0.00364	0.00500	0.02178	0.00798	0.00699
43	0.01765	0.01513	0.01765	0.01260	0.02017	0.01134	0.01008	0.02143	0.01765	0.02773	0.01513	0.01765	0.01260	0.00630	0.00630	0.00126	0.00630	0.00504	0.00504	0.75295
44	0.01730	0.01627	0.02744	0.44615	0.23983	0.01863	0.02351	0.02254	0.01771	0.02363	0.01722	0.06069	0.01458	0.00926	0.00862	0.00278	0.01059	0.00852	0.00415	0.01056
45	0.01037	0.00741	0.00987	0.01185	0.01234	0.00691	0.00790	0.01185	0.01629	0.02172	0.04690	0.69537	0.05629	0.02666	0.01086	0.00346	0.00494	0.02419	0.00790	0.00691
46	0.02084	0.01936	0.02931	0.07301	0.42288	0.02045	0.02205	0.03186	0.21057	0.02993	0.02178	0.02448	0.01727	0.00887	0.00850	0.00266	0.00912	0.00822	0.00558	0.01327
47	0.01684	0.01462	0.01951	0.01712	0.01957	0.01712	0.05732	0.02583	0.20683	0.02466	0.02478	0.03437	0.02240	0.17876	0.14938	0.00638	0.13946	0.00977	0.00580	0.00949
48	0.01763	0.01672	0.02834	0.48443	0.24248	0.01932	0.02441	0.02311	0.01775	0.02363	0.01540	0.02218	0.01201	0.00822	0.00848	0.00274	0.01096	0.00757	0.00392	0.01071
49	0.01010	0.00846	0.00878	0.00904	0.01161	0.00715	0.00665	0.01217	0.01899	0.02282	0.08109	0.16175	0.56783	0.02222	0.01016	0.00295	0.00439	0.01877	0.00790	0.00715
50	0.02074	0.02138	0.03230	0.02550	0.03029	0.06218	0.22692	0.03141	0.20948	0.02760	0.02074	0.02404	0.01639	0.01076	0.01440	0.00307	0.19700	0.00892	0.00551	0.01140
51	0.02627	0.02883	0.02763	0.03100	0.22025	0.29426	0.04162	0.06899	0.12445	0.02771	0.01821	0.02045	0.01453	0.00889	0.00821	0.00246	0.01188	0.00713	0.00529	0.01193
52	0.01371	0.00980	0.01371	0.01567	0.01763	0.00980	0.01371	0.01763	0.01959	0.02547	0.04506	0.09599	0.04898	0.02351	0.01175	0.00392	0.00784	0.59056	0.00784	0.00784
53	0.01119	0.00867	0.01019	0.00981	0.01219	0.00767	0.00736	0.01441	0.02207	0.02934	0.40375	0.07145	0.32288	0.01918	0.01005	0.00276	0.00414	0.01650	0.00874	0.00767
54	0.01873	0.02829	0.23262	0.02839	0.03578	0.02227	0.26361	0.02523	0.01741	0.02523	0.01489	0.02016	0.01175	0.00966	0.01453	0.00306	0.20514	0.00813	0.00392	0.01120
55	0.02596	0.07187	0.02981	0.06734	0.28738	0.32483	0.02073	0.02955	0.02136	0.02374	0.01436	0.01800	0.01203	0.00817	0.00789	0.00234	0.01257	0.00641	0.00424	0.01142
56	0.76103	0.01646	0.01251	0.01119	0.01646	0.01909	0.00922	0.02502	0.01448	0.03818	0.01185	0.01382	0.00922	0.00790	0.00527	0.00263	0.00658	0.00461	0.00527	0.00922
57	0.02063	0.06083	0.02252	0.01841	0.02216	0.02317	0.01483	0.03781	0.43943	0.03085	0.02736	0.02735	0.02134	0.01212	0.01328	0.00303	0.17674	0.00876	0.00711	0.01227
58	0.01044	0.00791	0.00968	0.01103	0.01235	0.00714	0.00775	0.01225	0.01743	0.02231	0.05908	0.47371	0.23943	0.02491	0.01066	0.00330	0.00489	0.05080	0.00790	0.00704
59	0.01209	0.00865	0.00977	0.01007	0.01246	0.00747	0.00732	0.01412	0.01878	0.06608	0.07047	0.26734	0.42015	0.02237	0.01020	0.00304	0.00471	0.01923	0.00808	0.00760
