[name]
unknown

[dist]
# distance from previous block
# <min> <max>
0	2

[block]
# block no. 0 follows, 20 sequences, length 31
# corresponding to MSA columns:
# 2-32
name=unknown_A
#
# <colnr> <probs for GDERKNQSTAVLIFYWHMCP>
#	G	D	E	R	K	N	Q	S	T	A	V	L	I	F	Y	W	H	M	C	P
0	0.15012	0.01609	0.02000	0.06940	0.14576	0.05684	0.01661	0.02391	0.01949	0.06285	0.02923	0.05356	0.02883	0.01518	0.00949	0.00323	0.00899	0.25389	0.00645	0.01007
1	0.02065	0.02058	0.01667	0.01552	0.01814	0.23366	0.01145	0.02372	0.06379	0.02574	0.23299	0.03675	0.03814	0.01727	0.01491	0.17629	0.00913	0.00993	0.00643	0.00824
2	0.01087	0.00793	0.01014	0.01181	0.01270	0.00735	0.00811	0.01255	0.01714	0.02242	0.05247	0.54690	0.13339	0.05524	0.01251	0.00370	0.00529	0.05441	0.00797	0.00710
3	0.01303	0.00841	0.01050	0.01134	0.01232	0.00787	0.00748	0.01430	0.01638	0.06136	0.04482	0.41532	0.09739	0.21385	0.02030	0.00482	0.00612	0.01979	0.00748	0.00711
4	0.03186	0.04021	0.02542	0.02451	0.06705	0.61667	0.01750	0.03430	0.02440	0.02182	0.01367	0.01611	0.01140	0.00891	0.00792	0.00227	0.01538	0.00576	0.00448	0.01035
5	0.01103	0.00842	0.00974	0.01026	0.01193	0.00756	0.00714	0.01302	0.01868	0.02400	0.15015	0.26117	0.29580	0.11279	0.01511	0.00383	0.00511	0.01919	0.00795	0.00713
6	0.01074	0.00764	0.01009	0.01201	0.01249	0.00716	0.00795	0.01217	0.01649	0.02198	0.04699	0.65448	0.05632	0.06247	0.01289	0.00380	0.00524	0.02416	0.00795	0.00699
7	0.02407	0.01723	0.02736	0.27017	0.23814	0.01832	0.02164	0.03012	0.05390	0.17978	0.02161	0.02483	0.01566	0.00910	0.00871	0.00275	0.00991	0.00813	0.00602	0.01255
8	0.02923	0.03638	0.03021	0.02536	0.03040	0.48669	0.13505	0.03248	0.02309	0.02264	0.01417	0.01753	0.01165	0.00910	0.00981	0.00250	0.06218	0.00669	0.00443	0.01040
9	0.02092	0.01806	0.01898	0.01714	0.02194	0.02072	0.01332	0.04404	0.58213	0.03561	0.03911	0.03605	0.06815	0.01253	0.00897	0.00296	0.00673	0.01044	0.00882	0.01337
10	0.02404	0.02151	0.03345	0.04645	0.50941	0.02207	0.02461	0.15029	0.02434	0.03411	0.01737	0.02145	0.01403	0.00834	0.00865	0.00260	0.01020	0.00779	0.00525	0.01403
11	0.01221	0.00853	0.00938	0.00938	0.00997	0.00824	0.00555	0.01265	0.01412	0.01824	0.03965	0.06245	0.15240	0.55925	0.03758	0.00736	0.00765	0.01383	0.00585	0.00570
12	0.01623	0.02084	0.15504	0.02015	0.02427	0.01737	0.09546	0.02022	0.01529	0.02206	0.01936	0.03244	0.01879	0.21305	0.11178	0.00618	0.16856	0.00941	0.00440	0.00910
13	0.01097	0.00840	0.00961	0.01017	0.01181	0.00753	0.00702	0.01280	0.01823	0.02321	0.11822	0.26416	0.31071	0.12801	0.01588	0.00397	0.00522	0.01924	0.00780	0.00704
14	0.02596	0.51118	0.03972	0.01708	0.02369	0.21255	0.01548	0.02861	0.01972	0.02076	0.01251	0.01449	0.01121	0.00790	0.00624	0.00197	0.01116	0.00494	0.00395	0.01089
15	0.02159	0.01768	0.02832	0.30180	0.26888	0.01931	0.02285	0.02860	0.07477	0.10075	0.01995	0.02426	0.01502	0.00890	0.00871	0.00277	0.01022	0.00808	0.00533	0.01223
16	0.01587	0.00992	0.01146	0.01048	0.01391	0.00852	0.00807	0.01869	0.02180	0.13651	0.19440	0.07032	0.40917	0.01918	0.01003	0.00286	0.00489	0.01614	0.00890	0.00888
17	0.02146	0.02136	0.02497	0.08505	0.23304	0.14466	0.01867	0.07427	0.02126	0.02671	0.02421	0.02884	0.07254	0.02118	0.13863	0.00487	0.01352	0.00865	0.00511	0.01101
18	0.01094	0.00883	0.00954	0.00938	0.01193	0.00764	0.00691	0.01345	0.02054	0.02580	0.21199	0.07781	0.46699	0.06475	0.01252	0.00326	0.00461	0.01742	0.00827	0.00743
19	0.03135	0.02555	0.02484	0.02113	0.05115	0.13257	0.01632	0.35581	0.12372	0.09436	0.02279	0.02255	0.01652	0.01034	0.00860	0.00261	0.01009	0.00785	0.00802	0.01383
20	0.01186	0.00811	0.00976	0.01057	0.01078	0.00790	0.00642	0.01247	0.01430	0.01907	0.03579	0.31137	0.04219	0.42486	0.03099	0.00648	0.00709	0.01757	0.00642	0.00601
21	0.01079	0.00831	0.00972	0.01049	0.01217	0.00740	0.00735	0.01281	0.01873	0.02396	0.12918	0.33255	0.30230	0.05772	0.01237	0.00345	0.00486	0.02049	0.00812	0.00724
22	0.01442	0.00987	0.01118	0.01065	0.01133	0.01018	0.00655	0.06388	0.01518	0.02034	0.02671	0.05279	0.02975	0.60190	0.07381	0.00825	0.00934	0.01210	0.00555	0.00623
23	0.01157	0.00808	0.00986	0.01080	0.01128	0.00774	0.00682	0.01258	0.01548	0.02057	0.06591	0.36084	0.07678	0.31212	0.02531	0.00558	0.00644	0.01891	0.00696	0.00638
24	0.08724	0.02212	0.03490	0.03153	0.16157	0.02240	0.21479	0.20412	0.02599	0.03727	0.01778	0.02118	0.01350	0.00840	0.00880	0.00264	0.01102	0.00821	0.00584	0.06073
25	0.09461	0.03129	0.02440	0.02039	0.02614	0.30283	0.01609	0.30822	0.03164	0.03890	0.01692	0.01808	0.01280	0.00962	0.00806	0.00246	0.01204	0.00661	0.00659	0.01231
26	0.01090	0.00784	0.01009	0.01162	0.01235	0.00730	0.00777	0.01252	0.01713	0.02279	0.09029	0.55042	0.09504	0.08325	0.01386	0.00387	0.00524	0.02271	0.00796	0.00703
27	0.01090	0.00817	0.00991	0.01088	0.01224	0.00740	0.00751	0.01284	0.01835	0.02390	0.13306	0.39375	0.22309	0.07005	0.01306	0.00361	0.00499	0.02100	0.00810	0.00719
28	0.01095	0.00811	0.00964	0.01070	0.01178	0.00744	0.00713	0.01236	0.01678	0.02156	0.05511	0.39454	0.21245	0.15903	0.01755	0.00436	0.00556	0.02061	0.00754	0.00680
29	0.01200	0.00905	0.01189	0.01189	0.01345	0.00958	0.00876	0.01427	0.01512	0.02034	0.03939	0.05053	0.16721	0.18352	0.38189	0.01030	0.01589	0.01215	0.00560	0.00718
30	0.03258	0.04157	0.02472	0.02247	0.02697	0.65843	0.01685	0.03483	0.02472	0.02135	0.01348	0.01573	0.01124	0.00899	0.00787	0.00225	0.01573	0.00562	0.00449	0.01011

[dist]
# distance from previous block
# <min> <max>
0	1

[block]
# block no. 1 follows, 20 sequences, length 29
# corresponding to MSA columns:
# 34-62
name=unknown_B
#
# <colnr> <probs for GDERKNQSTAVLIFYWHMCP>
#	G	D	E	R	K	N	Q	S	T	A	V	L	I	F	Y	W	H	M	C	P
0	0.01100	0.00876	0.00967	0.00961	0.01201	0.00764	0.00704	0.01352	0.02048	0.02599	0.22181	0.11161	0.42344	0.06355	0.01250	0.00327	0.00463	0.01774	0.00831	0.00744
1	0.01809	0.01550	0.01809	0.01292	0.02067	0.01163	0.01034	0.02196	0.01809	0.02842	0.01550	0.01809	0.01292	0.00646	0.00646	0.00129	0.00646	0.00517	0.00517	0.74677
2	0.01065	0.00802	0.00969	0.01099	0.01221	0.00725	0.00749	0.01229	0.01744	0.02236	0.05921	0.46774	0.23262	0.06341	0.01276	0.00364	0.00506	0.02216	0.00794	0.00707
3	0.02159	0.02073	0.03541	0.05354	0.63903	0.02073	0.02677	0.02677	0.01986	0.02850	0.01641	0.02159	0.01382	0.00777	0.00864	0.00259	0.01036	0.00777	0.00432	0.01382
4	0.03211	0.03510	0.02580	0.02358	0.06332	0.42782	0.01736	0.20993	0.02941	0.03204	0.01593	0.01767	0.01249	0.00937	0.00817	0.00238	0.01354	0.00643	0.00578	0.01177
5	0.01086	0.00886	0.00959	0.00941	0.01212	0.00760	0.00706	0.01358	0.02117	0.02663	0.23493	0.07890	0.48702	0.02095	0.01030	0.00289	0.00434	0.01770	0.00850	0.00760
6	0.01928	0.18386	0.28205	0.02520	0.07439	0.02371	0.10027	0.02560	0.01797	0.02505	0.01662	0.05810	0.01438	0.00986	0.01043	0.00274	0.08683	0.00786	0.00411	0.01170
7	0.01088	0.00886	0.00963	0.00944	0.01213	0.00761	0.00708	0.01363	0.02124	0.02678	0.24220	0.07865	0.47965	0.02089	0.01030	0.00289	0.00433	0.01767	0.00852	0.00761
8	0.01947	0.01886	0.03297	0.29934	0.36150	0.02029	0.07113	0.02507	0.01895	0.02597	0.01614	0.02241	0.01290	0.00812	0.00880	0.00274	0.01121	0.00796	0.00415	0.01201
9	0.02809	0.18629	0.03181	0.02752	0.15906	0.37801	0.01857	0.03110	0.02207	0.02272	0.01381	0.01661	0.01179	0.00838	0.00752	0.00224	0.01311	0.00587	0.00428	0.01116
10	0.01031	0.00884	0.00884	0.00884	0.01178	0.00736	0.00663	0.01252	0.01988	0.02356	0.08837	0.08395	0.63549	0.02209	0.01031	0.00295	0.00442	0.01841	0.00810	0.00736
11	0.02301	0.02144	0.01957	0.01739	0.02104	0.16273	0.01345	0.19487	0.02566	0.03165	0.03262	0.17301	0.09768	0.01898	0.05127	0.00358	0.06244	0.01237	0.00692	0.01033
12	0.01215	0.00854	0.00936	0.00936	0.01003	0.00821	0.00559	0.01265	0.01432	0.01842	0.04131	0.06318	0.16885	0.54096	0.03665	0.00720	0.00754	0.01399	0.00592	0.00576
13	0.01813	0.03324	0.36846	0.09434	0.06133	0.02106	0.08038	0.02566	0.01769	0.02603	0.01512	0.01962	0.01157	0.00934	0.01193	0.00290	0.12654	0.00713	0.00389	0.04565
14	0.01252	0.00854	0.00979	0.00979	0.01008	0.00856	0.00576	0.01288	0.01323	0.01756	0.03098	0.05715	0.06860	0.60751	0.08547	0.00850	0.00925	0.01281	0.00542	0.00559
15	0.02072	0.41563	0.12210	0.01660	0.02335	0.06664	0.01660	0.02459	0.01746	0.02151	0.01515	0.01913	0.01348	0.02028	0.14821	0.00466	0.01328	0.00599	0.00398	0.01062
16	0.01257	0.00841	0.00955	0.00966	0.00969	0.00838	0.00544	0.01266	0.01291	0.01721	0.02861	0.09165	0.03314	0.65693	0.04257	0.00819	0.00827	0.01335	0.00544	0.00538
17	0.01076	0.00882	0.00927	0.00918	0.01179	0.00756	0.00675	0.01307	0.02004	0.02467	0.15917	0.07947	0.51698	0.06870	0.01270	0.00331	0.00466	0.01764	0.00811	0.00734
18	0.02300	0.02344	0.03285	0.04629	0.49964	0.10895	0.02448	0.02849	0.04693	0.02753	0.01663	0.02115	0.01392	0.00846	0.00944	0.00261	0.04100	0.00756	0.00452	0.01311
19	0.01832	0.01942	0.06964	0.40806	0.22997	0.02000	0.06178	0.02431	0.01842	0.02482	0.01592	0.02247	0.01234	0.00833	0.00877	0.00281	0.01152	0.00783	0.00403	0.01125
20	0.01190	0.00939	0.01018	0.01007	0.01226	0.00870	0.00713	0.01540	0.06115	0.02438	0.13737	0.10797	0.35782	0.16718	0.01767	0.00416	0.00547	0.01661	0.00773	0.00746
21	0.01084	0.00860	0.00914	0.00941	0.01143	0.00755	0.00654	0.01250	0.01798	0.02202	0.07052	0.15681	0.43539	0.16182	0.01748	0.00416	0.00534	0.01805	0.00752	0.00690
22	0.03181	0.02598	0.02356	0.01962	0.02501	0.20569	0.01561	0.19085	0.10602	0.17892	0.02310	0.02285	0.01665	0.01067	0.01006	0.00267	0.06271	0.00767	0.00762	0.01292
23	0.01193	0.00814	0.00974	0.01048	0.01066	0.00795	0.00631	0.01249	0.01415	0.01887	0.03502	0.28789	0.04122	0.44967	0.03222	0.00666	0.00721	0.01712	0.00631	0.00594
24	0.01217	0.00854	0.00937	0.00937	0.01001	0.00822	0.00558	0.01265	0.01425	0.01836	0.04073	0.06293	0.16304	0.54742	0.03698	0.00726	0.00758	0.01393	0.00590	0.00574
25	0.02055	0.01700	0.01756	0.10829	0.02318	0.09195	0.01231	0.13290	0.05852	0.02774	0.02239	0.03441	0.02074	0.23219	0.02208	0.06720	0.00948	0.00925	0.06331	0.00893
26	0.02370	0.02497	0.03257	0.08105	0.47385	0.15936	0.02447	0.02828	0.02078	0.02660	0.01572	0.02041	0.01313	0.00809	0.00847	0.00253	0.01160	0.00730	0.00433	0.01278
27	0.06489	0.02814	0.07912	0.04045	0.38970	0.19555	0.02352	0.02899	0.02080	0.02706	0.01531	0.01932	0.01265	0.00816	0.00822	0.00252	0.01183	0.00691	0.00438	0.01249
28	0.01994	0.02264	0.10571	0.04062	0.38789	0.02062	0.05182	0.02603	0.04528	0.02739	0.02162	0.02584	0.05741	0.00997	0.01140	0.00283	0.09718	0.00855	0.00465	0.01260

[dist]
# distance from previous block
# <min> <max>
0	99

[block]
# block no. 2 follows, 20 sequences, length 40
# corresponding to MSA columns:
# 163-202
name=unknown_C
#
# <colnr> <probs for GDERKNQSTAVLIFYWHMCP>
#	G	D	E	R	K	N	Q	S	T	A	V	L	I	F	Y	W	H	M	C	P
0	0.02418	0.02069	0.02794	0.08861	0.26240	0.02251	0.02038	0.18297	0.18948	0.03700	0.02271	0.02455	0.01738	0.00966	0.00873	0.00273	0.00933	0.00836	0.00666	0.01372
1	0.01964	0.01844	0.03038	0.14910	0.21620	0.01856	0.12248	0.05656	0.05339	0.02859	0.02036	0.07985	0.01774	0.00973	0.00885	0.00262	0.01007	0.00941	0.00520	0.12286
2	0.01850	0.01798	0.07954	0.12322	0.30974	0.01636	0.02085	0.02138	0.01673	0.02337	0.01582	0.02309	0.01370	0.01503	0.01662	0.23654	0.00988	0.00759	0.00404	0.01001
3	0.14567	0.02434	0.02662	0.13806	0.25469	0.17990	0.02030	0.02891	0.05208	0.02789	0.01584	0.01975	0.01277	0.00850	0.00793	0.00259	0.01113	0.00683	0.00471	0.01149
4	0.02279	0.02300	0.03424	0.05015	0.57229	0.09026	0.02569	0.02765	0.02039	0.02772	0.01609	0.02095	0.01354	0.00790	0.00855	0.00255	0.01095	0.00754	0.00434	0.01341
5	0.02279	0.02850	0.13426	0.04252	0.40183	0.13224	0.05743	0.02838	0.02052	0.02707	0.01584	0.02015	0.01288	0.00805	0.00853	0.00258	0.01195	0.00732	0.00425	0.01291
6	0.02041	0.04022	0.44073	0.07431	0.08947	0.13183	0.02848	0.02842	0.01957	0.02621	0.01533	0.01857	0.01136	0.00840	0.00828	0.00267	0.01308	0.00651	0.00389	0.01225
7	0.01031	0.00884	0.00884	0.00884	0.01178	0.00736	0.00663	0.01252	0.01988	0.02356	0.08837	0.08395	0.63549	0.02209	0.01031	0.00295	0.00442	0.01841	0.00810	0.00736
8	0.01614	0.01302	0.01702	0.01548	0.01607	0.01641	0.01201	0.01818	0.01455	0.02271	0.02158	0.06801	0.02155	0.16554	0.06950	0.00511	0.29910	0.00990	0.17008	0.00805
9	0.01116	0.00880	0.00966	0.00948	0.01179	0.00774	0.00686	0.01356	0.02014	0.02560	0.22146	0.07537	0.40882	0.11364	0.01501	0.00365	0.00490	0.01694	0.00810	0.00730
10	0.02049	0.12217	0.23760	0.03566	0.30234	0.02256	0.02582	0.02865	0.07124	0.02780	0.01722	0.02044	0.01365	0.00825	0.00812	0.00258	0.01075	0.00709	0.00442	0.01315
11	0.03013	0.02288	0.02661	0.02427	0.11072	0.02506	0.01759	0.48847	0.03623	0.04892	0.02048	0.02195	0.01517	0.01389	0.05355	0.00340	0.01065	0.00795	0.00784	0.01421
12	0.01085	0.00842	0.00987	0.01042	0.01234	0.00745	0.00747	0.01322	0.01979	0.02551	0.18898	0.28794	0.32053	0.02300	0.01059	0.00311	0.00458	0.02006	0.00841	0.00745
13	0.02622	0.02648	0.02721	0.03170	0.24537	0.20870	0.01931	0.14818	0.05905	0.03182	0.02375	0.02573	0.06771	0.01014	0.00859	0.00255	0.01108	0.00819	0.00585	0.01238
14	0.01263	0.00851	0.00985	0.00989	0.01193	0.00783	0.00727	0.01591	0.02075	0.02981	0.26333	0.14908	0.19586	0.01820	0.00932	0.00272	0.00431	0.01569	0.19926	0.00783
15	0.02358	0.01833	0.01971	0.01676	0.02171	0.02006	0.01324	0.28029	0.20690	0.04077	0.03826	0.12236	0.11039	0.01475	0.00931	0.00289	0.00747	0.01218	0.00860	0.01245
16	0.01083	0.00803	0.00971	0.01094	0.01200	0.00735	0.00734	0.01231	0.01695	0.02186	0.05548	0.44724	0.20097	0.11793	0.01551	0.00407	0.00537	0.02150	0.00771	0.00691
17	0.02533	0.55597	0.04115	0.01656	0.02338	0.17002	0.01534	0.02801	0.01924	0.02070	0.01242	0.01437	0.01120	0.00779	0.00609	0.00195	0.01072	0.00487	0.00390	0.01096
18	0.01353	0.00795	0.01074	0.01105	0.01121	0.00796	0.00712	0.01213	0.01275	0.01709	0.02457	0.13925	0.02730	0.23923	0.06765	0.36024	0.00832	0.01195	0.00497	0.00499
19	0.02072	0.03359	0.35063	0.15662	0.03868	0.05494	0.02588	0.12645	0.02242	0.03110	0.01700	0.02035	0.01234	0.00887	0.00833	0.00271	0.01182	0.00699	0.03835	0.01220
20	0.02086	0.37623	0.27474	0.02201	0.06326	0.02766	0.05431	0.02683	0.01826	0.02406	0.01400	0.01661	0.01139	0.00779	0.00704	0.00230	0.01103	0.00582	0.00378	0.01201
21	0.01230	0.00912	0.01322	0.01322	0.01481	0.01004	0.01012	0.01552	0.01653	0.02360	0.15789	0.08880	0.03757	0.05230	0.47061	0.01080	0.01784	0.01187	0.00599	0.00783
22	0.01750	0.04512	0.64825	0.02486	0.03775	0.02026	0.03223	0.02762	0.01842	0.02762	0.01565	0.01842	0.01105	0.00829	0.00829	0.00276	0.01289	0.00645	0.00368	0.01289
23	0.02148	0.05420	0.12017	0.02708	0.11386	0.09032	0.12537	0.03343	0.21126	0.03013	0.06468	0.02699	0.02169	0.00987	0.00886	0.00274	0.01053	0.00888	0.00604	0.01241
24	0.01438	0.01211	0.01747	0.01637	0.01742	0.01534	0.01301	0.01701	0.01377	0.02032	0.02012	0.03091	0.01927	0.07875	0.45043	0.01084	0.21086	0.00900	0.00445	0.00818
25	0.03258	0.04157	0.02472	0.02247	0.02697	0.65843	0.01685	0.03483	0.02472	0.02135	0.01348	0.01573	0.01124	0.00899	0.00787	0.00225	0.01573	0.00562	0.00449	0.01011
26	0.02946	0.02167	0.02354	0.01877	0.02469	0.02377	0.01519	0.51180	0.03702	0.04960	0.02540	0.13042	0.02187	0.01324	0.00912	0.00277	0.00885	0.01064	0.00862	0.01356
27	0.01730	0.22721	0.02482	0.01472	0.01851	0.01944	0.01256	0.05988	0.01705	0.02273	0.01966	0.02697	0.01799	0.04340	0.40856	0.00941	0.01800	0.00777	0.00466	0.00935
28	0.01390	0.01146	0.01678	0.01595	0.01717	0.01434	0.01268	0.01675	0.01388	0.02041	0.02077	0.03096	0.01955	0.05451	0.52174	0.01180	0.16570	0.00897	0.00449	0.00817
29	0.03263	0.04009	0.02485	0.02226	0.02697	0.60386	0.01683	0.08454	0.02613	0.02425	0.01413	0.01618	0.01155	0.00912	0.00794	0.00228	0.01520	0.00581	0.00486	0.01052
30	0.01197	0.00992	0.01056	0.01031	0.01312	0.00928	0.00768	0.01663	0.08490	0.02490	0.10403	0.07213	0.45478	0.07268	0.05470	0.00406	0.00620	0.01633	0.00784	0.00799
31	0.01246	0.00935	0.01402	0.01402	0.01558	0.01090	0.01090	0.01558	0.01402	0.02025	0.02336	0.03427	0.02181	0.06542	0.65888	0.01402	0.02336	0.00935	0.00467	0.00779
32	0.01988	0.01454	0.05310	0.13008	0.02600	0.01346	0.05385	0.02415	0.05107	0.14912	0.02770	0.09429	0.02569	0.25403	0.02171	0.00489	0.00909	0.01141	0.00646	0.00950
33	0.01918	0.01827	0.03106	0.34440	0.36697	0.02009	0.02557	0.02466	0.01872	0.02558	0.01598	0.02237	0.01279	0.00822	0.00868	0.00274	0.01096	0.00776	0.00411	0.01188
34	0.01063	0.00759	0.01012	0.01215	0.01265	0.00709	0.00810	0.01215	0.01670	0.02227	0.04808	0.68775	0.05769	0.02733	0.01113	0.00354	0.00506	0.02480	0.00810	0.00709
35	0.01832	0.05542	0.01598	0.01481	0.06087	0.01121	0.01037	0.02086	0.02002	0.15838	0.05597	0.21992	0.26609	0.01900	0.00976	0.00295	0.00599	0.01631	0.00812	0.00964
36	0.02637	0.02639	0.03227	0.03274	0.20020	0.16163	0.10795	0.17026	0.02546	0.03249	0.01652	0.02017	0.01316	0.00946	0.01095	0.00271	0.08571	0.00769	0.00539	0.01248
37	0.17335	0.02514	0.17377	0.02411	0.03255	0.01888	0.23504	0.02572	0.01833	0.02998	0.01736	0.05512	0.01427	0.00867	0.00832	0.00265	0.01096	0.00831	0.00475	0.11273
38	0.02921	0.03533	0.13373	0.02175	0.02836	0.31866	0.01918	0.21358	0.02825	0.03297	0.01666	0.01869	0.01282	0.01191	0.03795	0.00299	0.01365	0.00664	0.00569	0.01198
39	0.01369	0.01361	0.05889	0.01903	0.12410	0.01114	0.01268	0.01705	0.01884	0.02518	0.10043	0.14966	0.24257	0.05779	0.05371	0.00387	0.00767	0.01485	0.00673	0.04851

[dist]
# distance from previous block
# <min> <max>
0	1

[block]
# block no. 3 follows, 20 sequences, length 13
# corresponding to MSA columns:
# 204-216
name=unknown_D
#
# <colnr> <probs for GDERKNQSTAVLIFYWHMCP>
#	G	D	E	R	K	N	Q	S	T	A	V	L	I	F	Y	W	H	M	C	P
0	0.01761	0.02220	0.15886	0.08594	0.23583	0.01724	0.02106	0.02471	0.07569	0.02641	0.02928	0.03509	0.10230	0.09513	0.01324	0.00346	0.00963	0.00976	0.00522	0.01131
1	0.02146	0.02257	0.05804	0.07784	0.12624	0.17129	0.08580	0.02451	0.01890	0.02397	0.01714	0.02288	0.01425	0.01306	0.01349	0.15463	0.01098	0.00748	0.10604	0.00945
2	0.24685	0.02098	0.06762	0.21756	0.15535	0.05416	0.06765	0.02569	0.01782	0.02947	0.01472	0.01942	0.01145	0.00822	0.00773	0.00274	0.01043	0.00682	0.00450	0.01083
3	0.01058	0.00850	0.00920	0.00970	0.01181	0.00738	0.00688	0.01244	0.01852	0.02271	0.07363	0.22850	0.44605	0.07787	0.01328	0.00354	0.00490	0.01950	0.00787	0.00713
4	0.01151	0.00844	0.01026	0.01062	0.01204	0.00777	0.00734	0.01375	0.01927	0.02578	0.24728	0.24570	0.17710	0.14355	0.01670	0.00405	0.00523	0.01833	0.00809	0.00720
5	0.01744	0.01493	0.02178	0.01889	0.02123	0.01806	0.05813	0.09149	0.01766	0.02532	0.01938	0.02767	0.01747	0.04058	0.35779	0.00899	0.20007	0.00876	0.00492	0.00943
6	0.02662	0.02493	0.02353	0.02228	0.07985	0.18748	0.01615	0.23137	0.08452	0.03491	0.02046	0.02348	0.01635	0.02125	0.14196	0.00489	0.01384	0.00776	0.00640	0.01197
7	0.01106	0.00877	0.00935	0.00926	0.01148	0.00770	0.00656	0.01307	0.01904	0.02371	0.14777	0.07598	0.43919	0.15887	0.01728	0.00405	0.00520	0.01689	0.00772	0.00705
8	0.01416	0.00821	0.01016	0.01016	0.01074	0.00835	0.00664	0.01423	0.01365	0.02011	0.02374	0.04076	0.02396	0.29434	0.08885	0.22198	0.00860	0.00990	0.16576	0.00570
9	0.01157	0.00866	0.01048	0.01074	0.01219	0.00840	0.00749	0.01342	0.01667	0.02180	0.09354	0.15725	0.22290	0.20717	0.15203	0.00673	0.00943	0.01583	0.00677	0.00693
10	0.01972	0.01840	0.03103	0.04546	0.51149	0.01872	0.02352	0.02448	0.01867	0.02681	0.01783	0.02418	0.01545	0.01957	0.14165	0.00493	0.01302	0.00809	0.00439	0.01258
11	0.01090	0.00825	0.01007	0.01090	0.01247	0.00741	0.00769	0.01318	0.01937	0.02538	0.18592	0.37341	0.23597	0.02372	0.01071	0.00319	0.00467	0.02095	0.00842	0.00741
12	0.01407	0.00957	0.01123	0.01152	0.01258	0.00960	0.00764	0.06980	0.01760	0.02424	0.03578	0.32181	0.04040	0.28101	0.02327	0.00521	0.00671	0.01701	0.07373	0.00722

[dist]
# distance from previous block
# <min> <max>
0	1

[block]
# block no. 4 follows, 20 sequences, length 37
# corresponding to MSA columns:
# 218-254
name=unknown_E
#
# <colnr> <probs for GDERKNQSTAVLIFYWHMCP>
#	G	D	E	R	K	N	Q	S	T	A	V	L	I	F	Y	W	H	M	C	P
0	0.01269	0.01029	0.01433	0.15745	0.02328	0.01092	0.01162	0.01597	0.01826	0.02412	0.15444	0.10497	0.17863	0.08624	0.13305	0.00549	0.00987	0.01389	0.00656	0.00791
1	0.01232	0.00803	0.01001	0.01068	0.01103	0.00778	0.00672	0.01225	0.01420	0.01875	0.03569	0.26028	0.07414	0.31078	0.02947	0.14302	0.00693	0.01607	0.00610	0.00573
2	0.01218	0.00824	0.00966	0.01016	0.01028	0.00812	0.00598	0.01255	0.01367	0.01823	0.03254	0.21195	0.03809	0.52988	0.03623	0.00725	0.00762	0.01566	0.00598	0.00573
3	0.01107	0.00787	0.00971	0.01118	0.01227	0.00723	0.00765	0.01294	0.01743	0.02342	0.05379	0.51799	0.16148	0.02484	0.01054	0.00330	0.00485	0.02214	0.07309	0.00723
4	0.02288	0.17253	0.03681	0.04244	0.45227	0.07614	0.02333	0.02729	0.01979	0.02614	0.01522	0.01943	0.01302	0.00780	0.00790	0.00240	0.01057	0.00691	0.00420	0.01293
5	0.01881	0.01084	0.01300	0.01207	0.01548	0.00974	0.00914	0.05342	0.02142	0.17863	0.05969	0.23999	0.28325	0.02015	0.01008	0.00304	0.00564	0.01726	0.00880	0.00955
6	0.01078	0.00866	0.00907	0.00925	0.01144	0.00754	0.00651	0.01252	0.01828	0.02222	0.07362	0.13108	0.47391	0.14677	0.01669	0.00402	0.00522	0.01790	0.00758	0.00696
7	0.01178	0.00833	0.00953	0.01000	0.01064	0.00794	0.00617	0.01253	0.01490	0.01934	0.04315	0.20717	0.14600	0.41958	0.03062	0.00634	0.00695	0.01650	0.00644	0.00607
8	0.02159	0.02073	0.03541	0.05354	0.63903	0.02073	0.02677	0.02677	0.01986	0.02850	0.01641	0.02159	0.01382	0.00777	0.00864	0.00259	0.01036	0.00777	0.00432	0.01382
9	0.01855	0.01771	0.01794	0.01638	0.01762	0.13089	0.01241	0.02040	0.01583	0.02108	0.01964	0.03234	0.01951	0.20456	0.11416	0.00602	0.21440	0.00893	0.08354	0.00809
10	0.01287	0.00922	0.01339	0.01339	0.01500	0.01061	0.01039	0.01609	0.01448	0.02156	0.02391	0.03408	0.02187	0.05950	0.58893	0.01273	0.02130	0.00922	0.08366	0.00782
11	0.01285	0.00897	0.01211	0.01206	0.01329	0.00979	0.00877	0.01531	0.01492	0.02166	0.07507	0.04268	0.02944	0.22254	0.38547	0.01056	0.01614	0.01065	0.07053	0.00719
12	0.01043	0.00835	0.00934	0.01013	0.01212	0.00725	0.00720	0.01237	0.01863	0.02306	0.07257	0.32067	0.40896	0.02414	0.01063	0.00318	0.00467	0.02091	0.00810	0.00725
13	0.02160	0.02206	0.02843	0.35385	0.21089	0.13476	0.02322	0.05520	0.02059	0.02546	0.01566	0.02133	0.01232	0.00860	0.00854	0.00269	0.01192	0.00738	0.00435	0.01115
14	0.01148	0.00888	0.01046	0.01007	0.01250	0.00786	0.00755	0.01479	0.02265	0.03013	0.40234	0.07314	0.31742	0.01964	0.01030	0.00283	0.00424	0.01689	0.00896	0.00786
15	0.16019	0.09516	0.22794	0.06193	0.11302	0.07874	0.02225	0.02661	0.01783	0.02767	0.01410	0.01772	0.01123	0.00894	0.00969	0.00272	0.08242	0.00625	0.00420	0.01141
16	0.02140	0.02124	0.03838	0.05044	0.52922	0.02097	0.13420	0.02699	0.02000	0.02839	0.01664	0.02195	0.01371	0.00769	0.00894	0.00266	0.01117	0.00824	0.00434	0.01344
17	0.01096	0.00848	0.01000	0.01043	0.01239	0.00752	0.00751	0.01348	0.02023	0.02629	0.22555	0.26205	0.30878	0.02252	0.01055	0.00307	0.00453	0.01963	0.00851	0.00752
18	0.01827	0.05015	0.02756	0.02097	0.02446	0.01885	0.17185	0.02244	0.01707	0.02627	0.01933	0.02541	0.01612	0.01553	0.07011	0.00382	0.20561	0.00850	0.22803	0.00964
19	0.01189	0.00890	0.01102	0.01049	0.01275	0.00804	0.00787	0.01557	0.02361	0.03241	0.51159	0.06938	0.20674	0.01879	0.01029	0.00279	0.00418	0.01637	0.00926	0.00804
20	0.02362	0.02458	0.03343	0.04779	0.52577	0.13873	0.02494	0.02826	0.02076	0.02717	0.01587	0.02050	0.01334	0.00800	0.00849	0.00253	0.01136	0.00737	0.00435	0.01313
21	0.01031	0.00884	0.00884	0.00884	0.01178	0.00736	0.00663	0.01252	0.01988	0.02356	0.08837	0.08395	0.63549	0.02209	0.01031	0.00295	0.00442	0.01841	0.00810	0.00736
22	0.01555	0.01239	0.01797	0.21358	0.02901	0.01447	0.01444	0.06974	0.01721	0.02334	0.02150	0.03384	0.01988	0.15600	0.29376	0.00864	0.01591	0.00933	0.00490	0.00854
23	0.01329	0.01054	0.01528	0.01486	0.01605	0.01272	0.01153	0.01595	0.01400	0.02026	0.02338	0.07099	0.02304	0.09474	0.49698	0.01167	0.11189	0.01020	0.00479	0.00784
24	0.02775	0.03214	0.02529	0.21953	0.03702	0.40857	0.01907	0.08196	0.02395	0.02461	0.01476	0.01848	0.01167	0.00904	0.00820	0.00248	0.01394	0.00646	0.00468	0.01040
25	0.01608	0.01467	0.02097	0.01888	0.01958	0.01955	0.01538	0.01854	0.01366	0.02066	0.01685	0.02596	0.01614	0.03799	0.31412	0.00844	0.38117	0.00841	0.00420	0.00875
26	0.02610	0.01789	0.02870	0.03823	0.39641	0.01722	0.02089	0.03063	0.02184	0.21619	0.07661	0.02791	0.02224	0.00958	0.00882	0.00264	0.00892	0.00878	0.00675	0.01363
27	0.01908	0.01908	0.02672	0.02290	0.02290	0.02672	0.01908	0.02099	0.01336	0.02099	0.01145	0.01908	0.01145	0.01527	0.02863	0.00382	0.67748	0.00763	0.00382	0.00954
28	0.01740	0.01577	0.02235	0.40267	0.04355	0.01880	0.01918	0.02854	0.20156	0.02673	0.02938	0.03258	0.08303	0.01110	0.00894	0.00293	0.00942	0.00953	0.00585	0.01069
29	0.01893	0.01907	0.02869	0.09364	0.02875	0.02555	0.06793	0.02170	0.01439	0.02170	0.01239	0.01990	0.01162	0.01392	0.02499	0.00365	0.55172	0.00786	0.00387	0.00974
30	0.31068	0.01945	0.01691	0.01458	0.01976	0.07438	0.01167	0.16030	0.08783	0.03807	0.03089	0.03074	0.12852	0.01171	0.00766	0.00271	0.00776	0.00860	0.00696	0.01082
31	0.02024	0.02843	0.22312	0.04304	0.39297	0.02073	0.09064	0.02715	0.01950	0.02817	0.01631	0.02083	0.01291	0.00788	0.00871	0.00268	0.01160	0.00764	0.00414	0.01332
32	0.01462	0.01143	0.01474	0.01393	0.01612	0.01258	0.01081	0.07886	0.01936	0.02644	0.10251	0.11801	0.14089	0.03819	0.27764	0.00757	0.06804	0.01312	0.00657	0.00858
33	0.09542	0.00907	0.00863	0.00849	0.01088	0.00936	0.00646	0.02089	0.01792	0.03323	0.02671	0.03055	0.02097	0.00994	0.00602	0.00210	0.00435	0.00777	0.66296	0.00827
34	0.13835	0.32460	0.03282	0.07033	0.02558	0.05689	0.06654	0.02461	0.01787	0.02520	0.05226	0.02102	0.01662	0.01458	0.07664	0.00355	0.01109	0.00666	0.00457	0.01024
35	0.20857	0.13040	0.02493	0.01868	0.02365	0.38426	0.01484	0.03073	0.02080	0.02559	0.01287	0.01523	0.01080	0.00880	0.00778	0.00237	0.03970	0.00534	0.00458	0.01008
36	0.21984	0.07858	0.08961	0.02376	0.16174	0.10330	0.01676	0.02501	0.01881	0.02881	0.02734	0.02902	0.12329	0.01062	0.00767	0.00260	0.00921	0.00817	0.00520	0.01067

[dist]
# distance from previous block
# <min> <max>
0	2

[block]
# block no. 5 follows, 20 sequences, length 26
# corresponding to MSA columns:
# 257-282
name=unknown_F
#
# <colnr> <probs for GDERKNQSTAVLIFYWHMCP>
#	G	D	E	R	K	N	Q	S	T	A	V	L	I	F	Y	W	H	M	C	P
0	0.14557	0.02293	0.02930	0.04024	0.41617	0.11077	0.02179	0.02875	0.05149	0.02968	0.01629	0.02010	0.01340	0.00821	0.00800	0.00258	0.01034	0.00707	0.00476	0.01256
1	0.12028	0.08191	0.02181	0.01699	0.02189	0.26427	0.01347	0.13226	0.02454	0.05467	0.01821	0.02010	0.01419	0.00931	0.00721	0.00231	0.01041	0.00643	0.14901	0.01074
2	0.01384	0.01320	0.02120	0.01714	0.02120	0.01247	0.15789	0.01768	0.02054	0.02666	0.16935	0.06103	0.33402	0.01715	0.01150	0.00296	0.05104	0.01517	0.00718	0.00877
3	0.02769	0.02085	0.02217	0.01803	0.02383	0.02329	0.01456	0.36766	0.22221	0.04669	0.02636	0.02587	0.01938	0.01087	0.00849	0.00266	0.00814	0.00852	0.08896	0.01378
4	0.02386	0.02370	0.03120	0.14141	0.38118	0.12456	0.02363	0.09243	0.02263	0.02932	0.01630	0.02083	0.01317	0.00842	0.00853	0.00259	0.01134	0.00743	0.00477	0.01269
5	0.45342	0.02124	0.08773	0.09267	0.02617	0.02099	0.01504	0.13236	0.02034	0.03876	0.01454	0.01696	0.01087	0.00863	0.00672	0.00272	0.00853	0.00585	0.00564	0.01085
6	0.01877	0.01725	0.02721	0.22605	0.31312	0.01830	0.02167	0.06106	0.02054	0.02750	0.02960	0.03345	0.12696	0.01085	0.00897	0.00275	0.00960	0.00972	0.00517	0.01148
7	0.02707	0.02253	0.02135	0.01839	0.02350	0.13697	0.01448	0.15305	0.25675	0.10947	0.02708	0.02699	0.02030	0.01689	0.08116	0.00396	0.01096	0.00849	0.00781	0.01279
8	0.02044	0.01846	0.02264	0.02676	0.20494	0.05987	0.01632	0.08155	0.17350	0.03305	0.14247	0.03880	0.09882	0.01255	0.00914	0.00273	0.00798	0.01081	0.00725	0.01192
9	0.01246	0.00935	0.01402	0.01402	0.01558	0.01090	0.01090	0.01558	0.01402	0.02025	0.02336	0.03427	0.02181	0.06542	0.65888	0.01402	0.02336	0.00935	0.00467	0.00779
10	0.02071	0.15809	0.02694	0.01894	0.02167	0.13981	0.01574	0.02317	0.01649	0.02077	0.01501	0.02133	0.01401	0.02538	0.18157	0.00575	0.25384	0.00710	0.00414	0.00953
11	0.01096	0.00798	0.00977	0.01104	0.01190	0.00740	0.00729	0.01232	0.01652	0.02149	0.05153	0.45743	0.15845	0.15297	0.01731	0.00437	0.00559	0.02133	0.00756	0.00679
12	0.01527	0.01279	0.01625	0.01932	0.12880	0.01275	0.01203	0.02270	0.13869	0.02873	0.11736	0.12298	0.23657	0.01676	0.00953	0.00287	0.00601	0.01451	0.05617	0.00993
13	0.01204	0.00818	0.00971	0.01034	0.01050	0.00802	0.00617	0.01251	0.01395	0.01860	0.03398	0.25604	0.03991	0.48331	0.03390	0.00691	0.00739	0.01651	0.00617	0.00585
14	0.01588	0.01257	0.01899	0.21532	0.08462	0.01470	0.01570	0.02016	0.01660	0.02472	0.02085	0.02836	0.01747	0.02600	0.19942	0.00597	0.05702	0.00831	0.18823	0.00911
15	0.02519	0.56585	0.04147	0.01645	0.02331	0.16065	0.01532	0.02788	0.01914	0.02069	0.01240	0.01434	0.01120	0.00777	0.00606	0.00194	0.01062	0.00486	0.00389	0.01098
16	0.01103	0.00863	0.00999	0.01013	0.01235	0.00759	0.00742	0.01373	0.02086	0.02702	0.25775	0.18832	0.35073	0.02167	0.01045	0.00299	0.00444	0.01873	0.00859	0.00759
17	0.02592	0.01959	0.01946	0.01615	0.02087	0.07698	0.01293	0.32118	0.02997	0.04159	0.02272	0.02530	0.01746	0.01626	0.07899	0.00366	0.01005	0.00789	0.22133	0.01168
18	0.01084	0.00825	0.00997	0.01083	0.01243	0.00739	0.00763	0.01306	0.01922	0.02502	0.16877	0.37267	0.25472	0.02385	0.01070	0.00320	0.00467	0.02102	0.00837	0.00739
19	0.01305	0.00920	0.01068	0.01057	0.01153	0.00912	0.00682	0.03932	0.01633	0.02173	0.09100	0.12694	0.10521	0.41975	0.06631	0.00684	0.00812	0.01453	0.00642	0.00654
20	0.01659	0.08944	0.02108	0.01629	0.01936	0.01640	0.04571	0.06257	0.06255	0.02550	0.02887	0.23437	0.02998	0.02857	0.16404	0.00560	0.07184	0.01334	0.00618	0.04171
21	0.02849	0.33184	0.03399	0.01914	0.02494	0.38283	0.01600	0.03098	0.02163	0.02098	0.01288	0.01496	0.01122	0.00831	0.00686	0.00208	0.01290	0.00520	0.00416	0.01059
22	0.08926	0.02249	0.02303	0.02268	0.08965	0.14252	0.01629	0.06769	0.13103	0.03016	0.08697	0.02600	0.02239	0.01195	0.01342	0.00293	0.17608	0.00833	0.00604	0.01109
23	0.01766	0.09246	0.01878	0.01504	0.01767	0.13626	0.01173	0.02029	0.01812	0.02272	0.06257	0.15144	0.06032	0.02986	0.19485	0.00593	0.04984	0.01161	0.05424	0.00860
24	0.24603	0.01734	0.01856	0.04707	0.11748	0.06200	0.01360	0.02739	0.08126	0.08781	0.09595	0.03311	0.09587	0.01151	0.00801	0.00272	0.00766	0.00915	0.00674	0.01074
25	0.22827	0.14054	0.04594	0.07633	0.08394	0.01891	0.01384	0.02236	0.01862	0.03003	0.13293	0.03355	0.10075	0.01147	0.00765	0.00260	0.00751	0.00901	0.00586	0.00989

[dist]
# distance from previous block
# <min> <max>
14	50

[block]
# block no. 6 follows, 20 sequences, length 6
# corresponding to MSA columns:
# 344-349
name=unknown_G
#
# <colnr> <probs for GDERKNQSTAVLIFYWHMCP>
#	G	D	E	R	K	N	Q	S	T	A	V	L	I	F	Y	W	H	M	C	P
0	0.09671	0.08878	0.07126	0.07736	0.02559	0.04760	0.01521	0.08824	0.18683	0.05590	0.09237	0.03165	0.06407	0.01145	0.00831	0.00270	0.00825	0.00911	0.00702	0.01161
1	0.01968	0.14205	0.09269	0.02257	0.13395	0.07792	0.01678	0.02406	0.01921	0.02618	0.07754	0.02482	0.02064	0.01512	0.07984	0.00346	0.01078	0.00736	0.03305	0.15232
2	0.09315	0.05636	0.07954	0.02847	0.13820	0.20990	0.10698	0.09280	0.05921	0.03021	0.01674	0.01950	0.01312	0.00866	0.00823	0.00256	0.01213	0.00714	0.00515	0.01195
3	0.07572	0.08962	0.02877	0.09249	0.28423	0.08289	0.01963	0.02758	0.02060	0.09351	0.08330	0.02538	0.02093	0.00937	0.00822	0.00255	0.00967	0.00798	0.00557	0.01200
4	0.02258	0.08737	0.09166	0.10418	0.09133	0.12886	0.01808	0.13271	0.02340	0.02896	0.02681	0.02926	0.10560	0.01224	0.01013	0.05146	0.01040	0.00856	0.00552	0.01089
5	0.06393	0.02290	0.08725	0.02886	0.22647	0.13036	0.01870	0.02433	0.01979	0.02657	0.07260	0.03129	0.08097	0.01888	0.10559	0.00431	0.01222	0.00899	0.00519	0.01082

[dist]
# distance from previous block
# <min> <max>
0	3

[block]
# block no. 7 follows, 20 sequences, length 21
# corresponding to MSA columns:
# 353-373
name=unknown_H
#
# <colnr> <probs for GDERKNQSTAVLIFYWHMCP>
#	G	D	E	R	K	N	Q	S	T	A	V	L	I	F	Y	W	H	M	C	P
0	0.09813	0.07547	0.07661	0.01584	0.02079	0.09439	0.01367	0.16362	0.02341	0.03332	0.02210	0.10196	0.01972	0.01308	0.00972	0.05795	0.00867	0.00896	0.13225	0.01034
1	0.08082	0.23627	0.02740	0.01562	0.02136	0.08887	0.01330	0.11702	0.07747	0.10384	0.02068	0.02252	0.01627	0.03881	0.00869	0.00258	0.00881	0.00690	0.08115	0.01160
2	0.01877	0.01551	0.02027	0.01998	0.09336	0.01582	0.01390	0.11330	0.02053	0.02944	0.02298	0.13633	0.02236	0.02184	0.12199	0.00448	0.07907	0.01023	0.00591	0.21394
3	0.02298	0.08460	0.02344	0.01779	0.02182	0.18037	0.01407	0.08428	0.02043	0.02553	0.01734	0.05245	0.01650	0.09216	0.01611	0.00318	0.14320	0.00778	0.00511	0.15085
4	0.16421	0.01886	0.02253	0.02343	0.14447	0.02020	0.01563	0.09890	0.15119	0.03483	0.01969	0.02158	0.01550	0.00939	0.00926	0.00254	0.06149	0.00713	0.00616	0.15302
5	0.01905	0.01397	0.01710	0.01516	0.01817	0.01560	0.01174	0.20322	0.02233	0.03067	0.02330	0.03396	0.02130	0.15568	0.34776	0.00946	0.01645	0.00945	0.00606	0.00959
6	0.01756	0.01693	0.01832	0.01713	0.01884	0.10178	0.01352	0.04138	0.01908	0.02467	0.08875	0.17196	0.10555	0.01860	0.01606	0.00333	0.21964	0.07169	0.00641	0.00879
7	0.01122	0.00808	0.00971	0.01075	0.01152	0.00756	0.00697	0.01238	0.01599	0.02081	0.04854	0.38692	0.14861	0.23485	0.02140	0.00498	0.00601	0.01991	0.00722	0.00657
8	0.01680	0.01297	0.01666	0.16884	0.02546	0.01436	0.01248	0.10541	0.05657	0.02601	0.02794	0.15754	0.02890	0.26633	0.02239	0.00504	0.00866	0.01284	0.00620	0.00860
9	0.01626	0.00813	0.00813	0.00813	0.01016	0.00813	0.00610	0.02033	0.01829	0.03252	0.02846	0.03252	0.02236	0.01016	0.00610	0.00203	0.00407	0.00813	0.74187	0.00813
10	0.15126	0.02240	0.10219	0.14022	0.31430	0.02075	0.02312	0.07264	0.02010	0.03139	0.01578	0.02011	0.01244	0.00826	0.00804	0.00268	0.01017	0.00708	0.00472	0.01234
11	0.02152	0.02774	0.20229	0.04265	0.41883	0.02117	0.02734	0.08002	0.02139	0.03067	0.01661	0.02066	0.01315	0.00816	0.00855	0.00264	0.01099	0.00742	0.00454	0.01366
12	0.01078	0.00876	0.00897	0.00897	0.01133	0.00758	0.00636	0.01255	0.01845	0.02224	0.07624	0.07860	0.51524	0.15581	0.01710	0.00404	0.00522	0.01727	0.00754	0.00695
13	0.01880	0.02057	0.07341	0.01542	0.01969	0.14114	0.01303	0.08989	0.02357	0.02933	0.17240	0.04692	0.18566	0.02106	0.08647	0.00402	0.01023	0.01187	0.00698	0.00954
14	0.01095	0.00805	0.00992	0.01108	0.01214	0.00740	0.00748	0.01264	0.01751	0.02293	0.10187	0.44113	0.17170	0.10488	0.01486	0.00394	0.00526	0.02134	0.00789	0.00702
15	0.01708	0.01575	0.01964	0.24052	0.08665	0.09048	0.01569	0.01984	0.01725	0.02156	0.04653	0.11311	0.02473	0.15502	0.01840	0.06353	0.00991	0.01093	0.00502	0.00835
16	0.02121	0.02034	0.03472	0.09966	0.59589	0.02063	0.02658	0.02644	0.01968	0.02803	0.01634	0.02171	0.01365	0.00784	0.00864	0.00261	0.01046	0.00777	0.00428	0.01351
17	0.01972	0.04201	0.58369	0.02390	0.03616	0.01949	0.03023	0.02915	0.01909	0.09110	0.01758	0.01958	0.01213	0.00855	0.00834	0.00276	0.01233	0.00668	0.00441	0.01309
18	0.03078	0.03450	0.02530	0.02451	0.08910	0.43923	0.01730	0.14475	0.02707	0.02914	0.01595	0.01815	0.01273	0.00921	0.00803	0.00234	0.01343	0.00639	0.04077	0.01131
19	0.02814	0.04074	0.17302	0.02552	0.07852	0.45647	0.02128	0.03248	0.02284	0.02340	0.01423	0.01683	0.01140	0.00873	0.00803	0.00240	0.01463	0.00599	0.00429	0.01107
20	0.02127	0.02257	0.02761	0.25906	0.14227	0.14890	0.02178	0.02520	0.01819	0.02281	0.01414	0.02033	0.01188	0.01041	0.01399	0.00297	0.19482	0.00730	0.00406	0.01044

[dist]
# distance from previous block
# <min> <max>
0	8

[block]
# block no. 8 follows, 20 sequences, length 8
# corresponding to MSA columns:
# 382-389
name=unknown_I
#
# <colnr> <probs for GDERKNQSTAVLIFYWHMCP>
#	G	D	E	R	K	N	Q	S	T	A	V	L	I	F	Y	W	H	M	C	P
0	0.02352	0.05261	0.08721	0.05611	0.12955	0.04899	0.01978	0.10482	0.08633	0.07553	0.01874	0.02170	0.01470	0.01064	0.01314	0.00285	0.16906	0.00756	0.00569	0.05148
1	0.02341	0.06094	0.02649	0.02844	0.21808	0.18403	0.01752	0.05684	0.02168	0.02718	0.02111	0.02370	0.06182	0.00903	0.00789	0.00218	0.01026	0.00727	0.00506	0.18707
2	0.01752	0.01459	0.01772	0.01624	0.01982	0.01560	0.04747	0.07428	0.26816	0.03116	0.04296	0.26528	0.09677	0.01790	0.00988	0.00313	0.00670	0.01581	0.00824	0.01077
3	0.01133	0.00882	0.00994	0.00977	0.01193	0.00797	0.00704	0.01368	0.01948	0.02500	0.20617	0.07193	0.36355	0.13689	0.05456	0.00448	0.00615	0.01627	0.00778	0.00725
4	0.01127	0.00825	0.00955	0.01029	0.01130	0.00765	0.00669	0.01244	0.01617	0.02074	0.05212	0.29524	0.21081	0.26129	0.02266	0.00511	0.00608	0.01872	0.00710	0.00653
5	0.01302	0.00894	0.01072	0.01079	0.01311	0.00790	0.00789	0.01558	0.02051	0.07183	0.20436	0.24757	0.29225	0.02173	0.01043	0.00305	0.00475	0.01888	0.00866	0.00805
6	0.02268	0.13465	0.03634	0.04488	0.49229	0.06937	0.02409	0.02725	0.01986	0.02666	0.01549	0.01990	0.01319	0.00781	0.00808	0.00245	0.01058	0.00710	0.00423	0.01311
7	0.03258	0.04157	0.02472	0.02247	0.02697	0.65843	0.01685	0.03483	0.02472	0.02135	0.01348	0.01573	0.01124	0.00899	0.00787	0.00225	0.01573	0.00562	0.00449	0.01011

[dist]
# distance from previous block
# <min> <max>
0	5

[block]
# block no. 9 follows, 20 sequences, length 28
# corresponding to MSA columns:
# 395-422
name=unknown_J
#
# <colnr> <probs for GDERKNQSTAVLIFYWHMCP>
#	G	D	E	R	K	N	Q	S	T	A	V	L	I	F	Y	W	H	M	C	P
0	0.09516	0.02948	0.10049	0.02662	0.06183	0.20921	0.15424	0.02814	0.01939	0.02559	0.01426	0.01869	0.01168	0.00975	0.01277	0.00287	0.15748	0.00724	0.00432	0.01080
1	0.01904	0.03568	0.41082	0.03265	0.19870	0.02057	0.05712	0.02872	0.06126	0.02849	0.01734	0.02050	0.01299	0.00835	0.00852	0.00274	0.01188	0.00723	0.00425	0.01315
2	0.02531	0.02812	0.03072	0.08857	0.36678	0.25883	0.02287	0.02944	0.02149	0.02536	0.01525	0.01953	0.01269	0.00830	0.00835	0.00249	0.01246	0.00697	0.00435	0.01212
3	0.02122	0.02023	0.03477	0.18376	0.39023	0.02108	0.10029	0.06989	0.02102	0.02907	0.01671	0.02215	0.01334	0.00813	0.00887	0.00271	0.01114	0.00810	0.00457	0.01273
4	0.01356	0.00921	0.01074	0.01034	0.01249	0.00836	0.00744	0.01583	0.01953	0.06649	0.20431	0.06909	0.26677	0.19912	0.01936	0.00440	0.00579	0.04171	0.00791	0.00756
5	0.01208	0.00836	0.00987	0.01029	0.01070	0.00825	0.00631	0.01274	0.01411	0.01870	0.03586	0.18679	0.08021	0.46898	0.07359	0.00740	0.00840	0.01537	0.00603	0.00596
6	0.01160	0.00863	0.00998	0.00998	0.01160	0.00790	0.00686	0.01369	0.01896	0.02492	0.22751	0.12981	0.24739	0.20979	0.01995	0.00449	0.00553	0.01665	0.00775	0.00701
7	0.02251	0.01812	0.02046	0.01502	0.02254	0.01615	0.01217	0.19443	0.02481	0.03621	0.01710	0.01893	0.01348	0.00764	0.00712	0.00168	0.00738	0.00596	0.00621	0.53208
8	0.01134	0.00825	0.00995	0.01101	0.01200	0.00771	0.00744	0.01277	0.01653	0.02137	0.05097	0.35280	0.17225	0.20338	0.01988	0.00476	0.00603	0.05750	0.00734	0.00673
9	0.01243	0.00857	0.00970	0.00999	0.01081	0.00827	0.00642	0.01345	0.01511	0.02002	0.04118	0.10596	0.14188	0.44068	0.03153	0.00645	0.00724	0.05737	0.04680	0.00614
10	0.01405	0.01154	0.01650	0.01560	0.01661	0.01435	0.01219	0.01652	0.01371	0.02005	0.02102	0.03328	0.02049	0.12499	0.44041	0.01098	0.17591	0.00932	0.00454	0.00792
11	0.01073	0.00836	0.00962	0.01053	0.01228	0.00742	0.00747	0.01261	0.01819	0.02277	0.06678	0.32959	0.34168	0.06134	0.01260	0.00354	0.00506	0.04434	0.00794	0.00716
12	0.03135	0.03924	0.02592	0.02595	0.09550	0.58702	0.01796	0.03393	0.02418	0.02215	0.01381	0.01639	0.01152	0.00885	0.00795	0.00229	0.01513	0.00586	0.00447	0.01053
13	0.28289	0.01131	0.01077	0.01104	0.01397	0.01172	0.00821	0.01718	0.01685	0.02878	0.04543	0.28396	0.19063	0.01893	0.00882	0.00308	0.00551	0.01579	0.00711	0.00802
14	0.02174	0.02530	0.09835	0.04439	0.39110	0.06726	0.16831	0.02772	0.02025	0.02776	0.01642	0.02133	0.01322	0.00781	0.00895	0.00267	0.01206	0.00810	0.00429	0.01296
15	0.02106	0.02312	0.20760	0.01786	0.02462	0.01570	0.01787	0.03116	0.15264	0.14876	0.13495	0.07780	0.03380	0.01320	0.00923	0.00290	0.00827	0.03971	0.00771	0.01204
16	0.01589	0.00825	0.00870	0.00870	0.01069	0.00840	0.00657	0.01986	0.01788	0.03132	0.02796	0.03269	0.02230	0.01555	0.06980	0.00320	0.00595	0.00825	0.66993	0.00810
17	0.01750	0.04512	0.64825	0.02486	0.03775	0.02026	0.03223	0.02762	0.01842	0.02762	0.01565	0.01842	0.01105	0.00829	0.00829	0.00276	0.01289	0.00645	0.00368	0.01289
18	0.01092	0.00772	0.01003	0.01177	0.01220	0.00728	0.00769	0.01222	0.01612	0.02150	0.04511	0.59698	0.05395	0.12321	0.01592	0.00425	0.00555	0.02305	0.00769	0.00683
