[name]
unknown

[dist]
# distance from previous block
# <min> <max>
0	0

[block]
# block no. 0 follows, 21 sequences, length 46
# corresponding to MSA columns:
# 0-45
name=unknown_A
#
# <colnr> <probs for GDERKNQSTAVLIFYWHMCP>
#	G	D	E	R	K	N	Q	S	T	A	V	L	I	F	Y	W	H	M	C	P
0	0.01371	0.00980	0.01371	0.01567	0.01763	0.00980	0.01371	0.01763	0.01959	0.02547	0.04506	0.09599	0.04898	0.02351	0.01175	0.00392	0.00784	0.59056	0.00784	0.00784
1	0.02090	0.49001	0.24438	0.01772	0.02673	0.02913	0.02007	0.02596	0.01751	0.02228	0.01295	0.01506	0.01088	0.00754	0.00632	0.00211	0.01024	0.00512	0.00363	0.01146
2	0.01037	0.00741	0.00987	0.01185	0.01234	0.00691	0.00790	0.01185	0.01629	0.02172	0.04690	0.69537	0.05629	0.02666	0.01086	0.00346	0.00494	0.02419	0.00790	0.00691
3	0.01238	0.00825	0.00928	0.00928	0.00928	0.00825	0.00516	0.01238	0.01238	0.01650	0.02681	0.05569	0.03094	0.70092	0.04331	0.00825	0.00825	0.01238	0.00516	0.00516
4	0.01908	0.01820	0.03097	0.30124	0.41429	0.01970	0.02513	0.02438	0.01844	0.02540	0.01566	0.02171	0.01263	0.00795	0.00846	0.00265	0.01060	0.00757	0.00404	0.01188
5	0.05074	0.02020	0.18119	0.12304	0.02771	0.01434	0.01728	0.04456	0.02155	0.07878	0.28144	0.03870	0.04103	0.01234	0.00890	0.00270	0.00797	0.01048	0.00685	0.01022
6	0.01855	0.21628	0.49753	0.02173	0.03293	0.02338	0.02705	0.02657	0.01779	0.02515	0.01438	0.01684	0.01082	0.00788	0.00740	0.00247	0.01167	0.00584	0.00361	0.01215
7	0.02395	0.12329	0.02803	0.21413	0.05669	0.06078	0.01831	0.23837	0.02557	0.03308	0.01751	0.04710	0.01428	0.01006	0.00930	0.00261	0.05201	0.00770	0.00568	0.01154
8	0.01511	0.00932	0.01230	0.01132	0.01378	0.00850	0.00857	0.01888	0.02364	0.10857	0.53235	0.09855	0.07162	0.01714	0.00991	0.00272	0.00446	0.01511	0.00942	0.00874
9	0.02477	0.12928	0.19221	0.02369	0.09271	0.21613	0.02057	0.08402	0.02196	0.05305	0.01591	0.01846	0.01251	0.01157	0.04482	0.00301	0.01271	0.00632	0.00471	0.01160
10	0.05630	0.01057	0.01278	0.01197	0.01485	0.01023	0.00904	0.02217	0.07823	0.12420	0.27662	0.17788	0.09161	0.01706	0.00940	0.00282	0.00509	0.01480	0.04508	0.00929
11	0.02292	0.12243	0.22470	0.02689	0.08042	0.20574	0.14569	0.02876	0.02017	0.02445	0.01468	0.01793	0.01150	0.00795	0.00806	0.00246	0.01309	0.00671	0.00402	0.01143
12	0.01051	0.00765	0.00965	0.01118	0.01194	0.00707	0.00745	0.01195	0.01634	0.02141	0.05026	0.55399	0.13223	0.08890	0.01378	0.00383	0.00516	0.02226	0.00764	0.00678
13	0.03178	0.03404	0.02362	0.02062	0.02562	0.46265	0.01584	0.12782	0.06621	0.08603	0.01761	0.01849	0.01344	0.00934	0.00795	0.00234	0.01309	0.00638	0.00589	0.01126
14	0.01876	0.01234	0.05421	0.01403	0.01729	0.01110	0.01162	0.02201	0.01680	0.17343	0.02724	0.08362	0.02391	0.08391	0.34972	0.00872	0.01533	0.01013	0.03645	0.00937
15	0.01948	0.32500	0.39698	0.02014	0.03047	0.02567	0.02428	0.02633	0.01768	0.02401	0.01381	0.01614	0.01084	0.00774	0.00697	0.00232	0.01110	0.00555	0.00361	0.01187
16	0.01097	0.00866	0.00988	0.00958	0.01205	0.00757	0.00718	0.01398	0.02155	0.02809	0.34162	0.07350	0.38579	0.01965	0.01005	0.00278	0.00417	0.01678	0.00857	0.00757
17	0.02642	0.02195	0.02213	0.01853	0.02414	0.06335	0.01477	0.28062	0.35115	0.04210	0.02746	0.02608	0.02032	0.01083	0.00854	0.00271	0.00835	0.00856	0.00833	0.01366
18	0.01312	0.00931	0.01179	0.01170	0.01277	0.00979	0.00808	0.04807	0.01583	0.02174	0.07559	0.14335	0.03466	0.31496	0.22298	0.00842	0.01190	0.01312	0.00590	0.00691
19	0.10817	0.01766	0.02047	0.01620	0.02247	0.01799	0.01327	0.19268	0.10845	0.35037	0.02803	0.02554	0.01877	0.01032	0.00822	0.00265	0.00767	0.00806	0.00921	0.01381
20	0.01586	0.00793	0.00793	0.00793	0.00991	0.00793	0.00595	0.01983	0.01785	0.03173	0.02776	0.03173	0.02181	0.00991	0.00595	0.00198	0.00397	0.00793	0.74817	0.00793
21	0.02574	0.01483	0.01708	0.01427	0.01888	0.01504	0.01134	0.20497	0.05232	0.19851	0.03372	0.11925	0.06467	0.01322	0.00843	0.00262	0.00671	0.01090	0.15583	0.01165
22	0.01070	0.00791	0.00995	0.01113	0.01215	0.00749	0.00761	0.01232	0.01623	0.02123	0.05015	0.43894	0.16686	0.10007	0.08110	0.00489	0.00698	0.02018	0.00727	0.00685
23	0.02871	0.10623	0.02833	0.02717	0.14929	0.47202	0.01817	0.03153	0.02246	0.02213	0.01358	0.01630	0.01146	0.00838	0.00759	0.00222	0.01365	0.00580	0.00427	0.01069
24	0.08459	0.47170	0.12474	0.01657	0.02405	0.11095	0.01671	0.02673	0.01802	0.02260	0.01248	0.01448	0.01076	0.00763	0.00609	0.00206	0.01017	0.00492	0.00386	0.01088
25	0.01576	0.09864	0.06097	0.09868	0.09846	0.01670	0.01539	0.01954	0.01687	0.02307	0.03115	0.03540	0.14009	0.02296	0.14627	0.00493	0.07430	0.00952	0.06195	0.00935
26	0.01130	0.00800	0.01060	0.01233	0.01307	0.00767	0.00877	0.01311	0.01650	0.02186	0.04408	0.49375	0.05170	0.10785	0.01499	0.00413	0.00594	0.13990	0.00755	0.00689
27	0.01220	0.00894	0.01277	0.01277	0.01397	0.01014	0.00950	0.01461	0.01341	0.01908	0.02363	0.03804	0.02327	0.19560	0.53816	0.01255	0.01979	0.00979	0.00468	0.00709
28	0.01175	0.00855	0.01020	0.00986	0.01143	0.00793	0.00685	0.01418	0.01961	0.02658	0.34609	0.06481	0.17713	0.22536	0.02013	0.00440	0.00536	0.01499	0.00780	0.00699
29	0.38969	0.01221	0.01023	0.00957	0.01320	0.01353	0.00759	0.02243	0.01616	0.03497	0.01978	0.02275	0.01549	0.00890	0.00561	0.00231	0.00528	0.00626	0.37548	0.00858
30	0.08262	0.02044	0.02133	0.01778	0.02346	0.02317	0.01426	0.28101	0.34013	0.04325	0.02702	0.02570	0.01994	0.01072	0.00834	0.00273	0.00781	0.00843	0.00834	0.01356
31	0.06260	0.01884	0.02525	0.03307	0.32725	0.04493	0.01862	0.05536	0.15331	0.03026	0.03041	0.03182	0.11039	0.01072	0.00851	0.00265	0.00849	0.00933	0.00599	0.01219
32	0.02270	0.54006	0.13875	0.01677	0.02461	0.09057	0.01739	0.02651	0.01803	0.02118	0.01249	0.01449	0.01090	0.00755	0.00608	0.00199	0.01023	0.00491	0.00370	0.01108
33	0.76103	0.01646	0.01251	0.01119	0.01646	0.01909	0.00922	0.02502	0.01448	0.03818	0.01185	0.01382	0.00922	0.00790	0.00527	0.00263	0.00658	0.00461	0.00527	0.00922
34	0.08350	0.01238	0.01731	0.25798	0.03050	0.01436	0.01448	0.01829	0.01699	0.02423	0.09946	0.03925	0.12378	0.05719	0.11285	0.00481	0.04850	0.01035	0.00541	0.00838
35	0.01059	0.00858	0.00940	0.00932	0.01185	0.00739	0.00694	0.01321	0.02048	0.02585	0.23059	0.10579	0.46883	0.02070	0.01009	0.00285	0.00426	0.01758	0.00829	0.00739
36	0.01218	0.00938	0.01354	0.01374	0.01490	0.01074	0.01043	0.01476	0.01473	0.02090	0.05291	0.20778	0.03206	0.04844	0.41917	0.00978	0.06823	0.01321	0.00557	0.00757
37	0.01969	0.02119	0.08549	0.17980	0.47411	0.01991	0.02606	0.02528	0.01877	0.02648	0.01576	0.02114	0.01281	0.00782	0.00841	0.00261	0.01057	0.00747	0.00407	0.01257
38	0.01279	0.00870	0.01305	0.01305	0.01421	0.00985	0.00985	0.01421	0.01305	0.01856	0.02086	0.03161	0.01971	0.05557	0.51440	0.19173	0.01908	0.00870	0.00435	0.00666
39	0.01917	0.07452	0.09076	0.19097	0.16202	0.02170	0.22543	0.02512	0.01838	0.02503	0.01552	0.02111	0.01220	0.00814	0.00995	0.00275	0.05385	0.00806	0.00401	0.01130
40	0.01012	0.00838	0.00887	0.00926	0.01166	0.00713	0.00675	0.01214	0.01878	0.02274	0.07840	0.20375	0.52758	0.02257	0.01022	0.00299	0.00443	0.01920	0.00790	0.00713
41	0.09419	0.01837	0.14055	0.05606	0.10969	0.01353	0.01528	0.01900	0.01779	0.02540	0.04478	0.04764	0.26919	0.07882	0.01198	0.00327	0.00776	0.01166	0.00576	0.00929
42	0.01925	0.01912	0.03449	0.15817	0.37646	0.01941	0.14660	0.02467	0.01910	0.02630	0.02067	0.02570	0.05401	0.00857	0.00888	0.00268	0.01083	0.00876	0.00439	0.01194
43	0.05889	0.16565	0.29411	0.02101	0.02943	0.24422	0.02207	0.02899	0.01978	0.02409	0.01374	0.01606	0.01079	0.00816	0.00732	0.00236	0.01259	0.00560	0.00395	0.01118
44	0.13610	0.12683	0.02703	0.11835	0.19082	0.04617	0.01717	0.02532	0.01803	0.05543	0.01509	0.01846	0.01218	0.00765	0.00704	0.00222	0.00892	0.00610	0.00468	0.15642
45	0.01949	0.03313	0.36349	0.02644	0.12169	0.04350	0.04865	0.07558	0.04197	0.02927	0.01935	0.02178	0.03801	0.00870	0.00818	0.00254	0.01105	0.00719	0.00462	0.07537

[dist]
# distance from previous block
# <min> <max>
0	43

[block]
# block no. 1 follows, 21 sequences, length 29
# corresponding to MSA columns:
# 89-117
name=unknown_B
#
# <colnr> <probs for GDERKNQSTAVLIFYWHMCP>
#	G	D	E	R	K	N	Q	S	T	A	V	L	I	F	Y	W	H	M	C	P
0	0.10993	0.07270	0.09691	0.02474	0.16704	0.07925	0.01773	0.09562	0.04968	0.03091	0.01905	0.02119	0.03925	0.00863	0.00746	0.00230	0.00925	0.00678	0.00525	0.13634
1	0.20075	0.01912	0.01717	0.01435	0.01965	0.11947	0.01129	0.08179	0.02120	0.07702	0.08915	0.06375	0.02265	0.01026	0.00735	0.00226	0.00784	0.00785	0.00638	0.20069
2	0.02765	0.02845	0.02696	0.02880	0.18907	0.26576	0.01868	0.17847	0.02596	0.03131	0.01575	0.01843	0.01261	0.00901	0.00906	0.00240	0.04684	0.00666	0.00538	0.05273
3	0.01121	0.00863	0.01038	0.01099	0.01307	0.00780	0.00843	0.01394	0.01977	0.02542	0.18089	0.19711	0.30768	0.02207	0.01053	0.00314	0.00505	0.12827	0.00818	0.00742
4	0.01875	0.07974	0.30501	0.10293	0.17191	0.02107	0.12883	0.02615	0.01849	0.02612	0.01550	0.01970	0.01180	0.00781	0.00835	0.00264	0.01196	0.00723	0.00387	0.01213
5	0.01581	0.00921	0.01176	0.01144	0.01360	0.00836	0.00824	0.01818	0.01965	0.13350	0.20559	0.26626	0.12062	0.10095	0.01401	0.00361	0.00541	0.01704	0.00842	0.00834
6	0.01946	0.01908	0.03341	0.15428	0.36046	0.01998	0.12098	0.02550	0.04556	0.02638	0.01793	0.05046	0.01525	0.00902	0.00980	0.00275	0.04450	0.00877	0.00448	0.01196
7	0.01539	0.01105	0.01467	0.01531	0.04979	0.01154	0.01049	0.04941	0.01688	0.05554	0.03103	0.23769	0.03359	0.18616	0.11086	0.00583	0.05802	0.04310	0.00634	0.03731
8	0.01346	0.02085	0.23845	0.01616	0.02146	0.01197	0.01665	0.01882	0.01941	0.02747	0.21069	0.22822	0.04678	0.01717	0.00971	0.00299	0.00757	0.05606	0.00681	0.00930
9	0.33908	0.13856	0.28030	0.01706	0.02563	0.02171	0.01914	0.02588	0.01635	0.03068	0.01324	0.01549	0.01013	0.00788	0.00645	0.00253	0.00943	0.00528	0.00432	0.01086
10	0.02793	0.06036	0.13603	0.02264	0.06189	0.23591	0.01927	0.23762	0.05857	0.03448	0.01725	0.01865	0.01305	0.00917	0.00804	0.00244	0.01179	0.00667	0.00587	0.01237
11	0.01544	0.01300	0.01664	0.01552	0.01683	0.04509	0.01235	0.01827	0.01466	0.02193	0.01995	0.02825	0.01811	0.03915	0.35452	0.00853	0.20136	0.00830	0.12388	0.00823
12	0.01627	0.01249	0.01425	0.01384	0.01655	0.01323	0.01025	0.09568	0.18424	0.03070	0.08456	0.33074	0.07399	0.01899	0.00968	0.00305	0.00582	0.01665	0.03931	0.00972
13	0.01091	0.00865	0.00981	0.00952	0.01202	0.00755	0.00714	0.01387	0.02142	0.02779	0.32619	0.07400	0.40141	0.01976	0.01005	0.00279	0.00418	0.01685	0.00853	0.00755
14	0.02047	0.01961	0.03347	0.12688	0.57782	0.02006	0.02582	0.02560	0.01910	0.02708	0.01590	0.02126	0.01323	0.00769	0.00843	0.00256	0.01026	0.00758	0.00416	0.01300
15	0.05662	0.01961	0.03198	0.12336	0.51787	0.02030	0.02454	0.05377	0.01984	0.02881	0.01591	0.02088	0.01307	0.00783	0.00829	0.00257	0.01005	0.00744	0.00442	0.01284
16	0.03034	0.14756	0.02741	0.02074	0.02559	0.56497	0.01614	0.03262	0.02302	0.02070	0.01294	0.01507	0.01096	0.00853	0.00732	0.00213	0.01434	0.00533	0.00427	0.01004
17	0.02019	0.02050	0.03841	0.11839	0.39281	0.02048	0.21012	0.02598	0.01933	0.02695	0.01628	0.02184	0.01306	0.00756	0.00894	0.00267	0.01157	0.00835	0.00419	0.01240
18	0.01769	0.02211	0.14697	0.03178	0.26806	0.01734	0.07041	0.02519	0.08422	0.02731	0.03412	0.03578	0.15961	0.01128	0.00890	0.00271	0.00924	0.01015	0.00542	0.01169
19	0.01091	0.00865	0.00981	0.00952	0.01202	0.00755	0.00714	0.01387	0.02142	0.02779	0.32619	0.07400	0.40141	0.01976	0.01005	0.00279	0.00418	0.01685	0.00853	0.00755
20	0.02740	0.03570	0.22198	0.02182	0.02962	0.23749	0.02103	0.23975	0.02784	0.03439	0.01640	0.01797	0.01215	0.00907	0.00810	0.00248	0.01236	0.00651	0.00560	0.01235
21	0.02365	0.02512	0.03203	0.04494	0.49816	0.17592	0.02379	0.02801	0.02052	0.02612	0.01532	0.01969	0.01287	0.00787	0.00824	0.00245	0.01137	0.00708	0.00425	0.01261
22	0.01083	0.00883	0.00969	0.00998	0.01263	0.00769	0.00782	0.01342	0.01977	0.02421	0.11927	0.08299	0.50205	0.02159	0.01035	0.00304	0.00489	0.11562	0.00800	0.00736
23	0.01143	0.00921	0.01025	0.00989	0.01256	0.00831	0.00745	0.01555	0.05700	0.02780	0.28698	0.07226	0.40185	0.01945	0.00997	0.00280	0.00434	0.01653	0.00848	0.00786
24	0.01015	0.00824	0.00901	0.00963	0.01176	0.00710	0.00691	0.01210	0.01843	0.02259	0.07395	0.27325	0.46094	0.02315	0.01031	0.00306	0.00451	0.01990	0.00790	0.00710
25	0.01384	0.01168	0.01251	0.01184	0.01399	0.07101	0.00883	0.01754	0.02366	0.03217	0.54998	0.09397	0.07233	0.01709	0.00986	0.00267	0.00515	0.01493	0.00881	0.00814
26	0.01707	0.04402	0.65683	0.02426	0.03683	0.01976	0.03144	0.02695	0.01797	0.02695	0.01527	0.01797	0.01078	0.00809	0.00809	0.00270	0.01258	0.00629	0.00359	0.01258
27	0.01937	0.02368	0.14038	0.10471	0.18716	0.11416	0.01981	0.02465	0.01990	0.02730	0.09680	0.02692	0.02216	0.00959	0.00806	0.00248	0.00975	0.00807	0.12434	0.01070
28	0.01894	0.14473	0.40853	0.02943	0.18156	0.02211	0.02745	0.02651	0.01820	0.02604	0.01490	0.01802	0.01145	0.00783	0.00774	0.00251	0.01142	0.00632	0.00375	0.01253

[dist]
# distance from previous block
# <min> <max>
2	5

[block]
# block no. 2 follows, 21 sequences, length 45
# corresponding to MSA columns:
# 123-167
name=unknown_C
#
# <colnr> <probs for GDERKNQSTAVLIFYWHMCP>
#	G	D	E	R	K	N	Q	S	T	A	V	L	I	F	Y	W	H	M	C	P
0	0.01162	0.00885	0.01093	0.01190	0.01397	0.00816	0.00947	0.01447	0.01939	0.02471	0.11623	0.18636	0.27959	0.02272	0.01080	0.00333	0.00566	0.22636	0.00801	0.00745
1	0.01035	0.00808	0.00940	0.01023	0.01197	0.00713	0.00723	0.01235	0.01837	0.02330	0.11244	0.35575	0.33605	0.02352	0.01042	0.00312	0.00457	0.02055	0.00802	0.00713
2	0.01022	0.00845	0.00896	0.00921	0.01169	0.00719	0.00676	0.01238	0.01921	0.02344	0.11239	0.16997	0.52665	0.02206	0.01017	0.00295	0.00438	0.01872	0.00799	0.00719
3	0.01429	0.01369	0.02617	0.02155	0.02532	0.01281	0.25389	0.01807	0.01783	0.02396	0.03491	0.42377	0.03877	0.01879	0.01053	0.00322	0.00874	0.01848	0.00645	0.00876
4	0.01224	0.01005	0.01095	0.01048	0.01339	0.00946	0.00793	0.01811	0.10981	0.02801	0.23818	0.06937	0.39309	0.01891	0.00985	0.00282	0.00458	0.01601	0.00843	0.00834
5	0.02569	0.48965	0.03794	0.01696	0.02329	0.23953	0.01517	0.02825	0.01951	0.02028	0.01226	0.01420	0.01093	0.00776	0.00618	0.00194	0.01113	0.00485	0.00388	0.01058
6	0.02193	0.60986	0.13354	0.01597	0.02402	0.03165	0.01701	0.02570	0.01739	0.02103	0.01233	0.01428	0.01090	0.00740	0.00584	0.00195	0.00961	0.00480	0.00363	0.01116
7	0.22129	0.01449	0.01882	0.01572	0.01927	0.01583	0.09785	0.01951	0.01657	0.02725	0.06378	0.04040	0.18032	0.08629	0.01519	0.00351	0.11897	0.01067	0.00574	0.00855
8	0.01059	0.00802	0.00978	0.01066	0.01216	0.00721	0.00749	0.01276	0.01870	0.02445	0.17156	0.39138	0.23766	0.02337	0.01046	0.00313	0.00457	0.02065	0.00818	0.00721
9	0.01216	0.00912	0.01368	0.01368	0.01520	0.01064	0.01064	0.01520	0.01368	0.01976	0.02279	0.03343	0.02127	0.06382	0.66720	0.01368	0.02279	0.00912	0.00456	0.00760
10	0.01248	0.00831	0.00964	0.00975	0.01057	0.00833	0.00630	0.01377	0.01431	0.02010	0.03392	0.08841	0.09554	0.40613	0.11565	0.00723	0.00896	0.01258	0.11181	0.00620
11	0.08795	0.01112	0.01307	0.01136	0.01532	0.01017	0.00895	0.02382	0.02159	0.22234	0.20157	0.05183	0.21508	0.01519	0.00892	0.00268	0.00533	0.01262	0.05122	0.00988
12	0.02106	0.02022	0.03454	0.05223	0.64784	0.02022	0.02612	0.02612	0.01938	0.02780	0.01601	0.02106	0.01348	0.00758	0.00842	0.00253	0.01011	0.00758	0.00421	0.01348
13	0.02848	0.18547	0.08634	0.02054	0.02630	0.47013	0.01740	0.03149	0.02207	0.02121	0.01306	0.01522	0.01094	0.00838	0.00723	0.00216	0.01374	0.00535	0.00415	0.01034
14	0.02334	0.23474	0.02703	0.01570	0.02065	0.08213	0.01302	0.18032	0.07372	0.02949	0.01962	0.02636	0.01757	0.14610	0.05194	0.00406	0.01016	0.00765	0.00575	0.01066
15	0.02405	0.02773	0.05801	0.02509	0.08164	0.25229	0.12123	0.07789	0.07066	0.02691	0.02321	0.06251	0.05773	0.01085	0.00958	0.00264	0.04269	0.00899	0.00540	0.01088
16	0.01181	0.00825	0.00986	0.01047	0.01110	0.00797	0.00682	0.01287	0.01507	0.01986	0.06444	0.21212	0.09509	0.39174	0.02846	0.00602	0.00691	0.06856	0.00647	0.00611
17	0.12733	0.14571	0.14914	0.02338	0.03119	0.02254	0.21658	0.02552	0.01761	0.02699	0.01446	0.01828	0.01147	0.00803	0.00936	0.00256	0.06696	0.00698	0.00421	0.07171
18	0.02529	0.02802	0.01993	0.01779	0.02181	0.36823	0.01354	0.10595	0.02579	0.02845	0.16531	0.03335	0.08709	0.01214	0.00855	0.00242	0.01091	0.00922	0.00641	0.00981
19	0.01470	0.00872	0.01194	0.01263	0.01418	0.00834	0.00902	0.01670	0.01703	0.11322	0.04100	0.48953	0.04540	0.03044	0.11863	0.00502	0.00821	0.01944	0.00773	0.00813
20	0.02694	0.02734	0.02400	0.02382	0.10403	0.25446	0.01671	0.15389	0.18953	0.03251	0.02207	0.02485	0.01759	0.01027	0.00837	0.00257	0.01085	0.03158	0.00649	0.01214
21	0.01062	0.00779	0.00997	0.01123	0.01230	0.00714	0.00774	0.01263	0.01805	0.02404	0.15531	0.50601	0.13710	0.02439	0.01061	0.00325	0.00470	0.02186	0.00815	0.00714
22	0.01014	0.00830	0.00896	0.00949	0.01172	0.00711	0.00685	0.01212	0.01857	0.02265	0.07568	0.24626	0.48682	0.02292	0.01027	0.00303	0.00448	0.01963	0.00790	0.00711
23	0.02102	0.01375	0.01516	0.01306	0.01666	0.01492	0.01038	0.23041	0.02492	0.03733	0.02430	0.02805	0.01913	0.01956	0.12390	0.00425	0.00920	0.00805	0.35578	0.01018
24	0.02106	0.02022	0.03454	0.05223	0.64784	0.02022	0.02612	0.02612	0.01938	0.02780	0.01601	0.02106	0.01348	0.00758	0.00842	0.00253	0.01011	0.00758	0.00421	0.01348
25	0.02810	0.25571	0.03089	0.01955	0.02463	0.42454	0.01595	0.03045	0.02127	0.02055	0.01261	0.01498	0.01096	0.00863	0.00810	0.00216	0.05134	0.00529	0.00411	0.01018
26	0.02037	0.01057	0.01386	0.01197	0.01554	0.00941	0.00935	0.02399	0.02377	0.23463	0.39658	0.05391	0.11013	0.01553	0.00956	0.00268	0.00509	0.01339	0.00962	0.01005
27	0.02165	0.13661	0.04854	0.01662	0.02103	0.22848	0.01374	0.05855	0.05138	0.02434	0.03240	0.12517	0.11461	0.01420	0.00853	0.00262	0.00980	0.05616	0.00594	0.00963
28	0.01641	0.01214	0.01317	0.01281	0.01556	0.03782	0.00946	0.08173	0.06163	0.07611	0.05182	0.32763	0.20955	0.02047	0.00993	0.00304	0.00596	0.01772	0.00808	0.00894
29	0.01346	0.00834	0.00980	0.00980	0.01077	0.00867	0.00661	0.01541	0.01444	0.02216	0.02625	0.04306	0.02587	0.33765	0.16687	0.00739	0.01002	0.01022	0.24663	0.00659
30	0.02130	0.01726	0.01926	0.04698	0.02323	0.01981	0.01372	0.06846	0.48278	0.06240	0.03177	0.03085	0.02404	0.01683	0.07834	0.00400	0.00879	0.00933	0.00808	0.01276
31	0.01089	0.00849	0.00993	0.01021	0.01235	0.00753	0.00759	0.01356	0.02019	0.02610	0.23677	0.18946	0.34082	0.02140	0.01030	0.00298	0.00454	0.05114	0.00832	0.00741
32	0.03112	0.03945	0.02421	0.02194	0.02611	0.63441	0.01655	0.03330	0.02356	0.02081	0.01305	0.01551	0.01097	0.00908	0.00870	0.00227	0.04918	0.00558	0.00435	0.00984
33	0.01707	0.04402	0.65683	0.02426	0.03683	0.01976	0.03144	0.02695	0.01797	0.02695	0.01527	0.01797	0.01078	0.00809	0.00809	0.00270	0.01258	0.00629	0.00359	0.01258
34	0.02557	0.02674	0.02557	0.02959	0.22595	0.26460	0.01791	0.11629	0.02326	0.02740	0.01716	0.02383	0.01521	0.10916	0.01322	0.00324	0.01171	0.00749	0.00506	0.01105
35	0.02854	0.08721	0.02609	0.12959	0.03129	0.45014	0.01745	0.08621	0.02390	0.02399	0.01406	0.01690	0.01135	0.00874	0.00772	0.00230	0.01363	0.00596	0.00461	0.01031
36	0.04911	0.01762	0.02802	0.17716	0.38492	0.01849	0.02193	0.05035	0.01980	0.02792	0.04775	0.02835	0.07306	0.00958	0.00853	0.00264	0.00942	0.00872	0.00490	0.01170
37	0.02296	0.02011	0.01929	0.01794	0.04566	0.13192	0.01303	0.22610	0.05498	0.03268	0.02659	0.17972	0.02624	0.10024	0.03984	0.00386	0.00972	0.01179	0.00690	0.01042
38	0.01943	0.31859	0.40291	0.02023	0.03062	0.02553	0.02444	0.02634	0.01769	0.02408	0.01384	0.01618	0.01084	0.00775	0.00700	0.00233	0.01114	0.00557	0.00361	0.01189
39	0.01048	0.00759	0.00991	0.01154	0.01232	0.00702	0.00781	0.01221	0.01711	0.02278	0.09649	0.60480	0.09730	0.02559	0.01074	0.00336	0.00482	0.02308	0.00802	0.00702
40	0.01085	0.00778	0.01031	0.01152	0.01245	0.00723	0.00794	0.01306	0.01853	0.02529	0.21822	0.51389	0.06318	0.02400	0.01063	0.00323	0.00467	0.02166	0.00832	0.00723
41	0.01116	0.00846	0.01028	0.01025	0.01228	0.00759	0.00753	0.01418	0.02136	0.02865	0.37346	0.17328	0.25014	0.02020	0.01018	0.00287	0.00426	0.01763	0.00867	0.00759
42	0.01216	0.00905	0.01333	0.01329	0.01477	0.01037	0.01022	0.01511	0.01420	0.02041	0.05821	0.03623	0.02510	0.09246	0.59928	0.01279	0.02101	0.00963	0.00486	0.00750
43	0.22378	0.02015	0.02011	0.01664	0.02242	0.02283	0.01348	0.28356	0.21572	0.04394	0.02251	0.02215	0.01661	0.01001	0.00769	0.00268	0.00781	0.00745	0.00769	0.01276
44	0.01851	0.01728	0.03035	0.03765	0.34354	0.01704	0.11939	0.02355	0.01956	0.02695	0.02565	0.04574	0.02493	0.01269	0.00977	0.00304	0.01007	0.19755	0.00541	0.01132

[dist]
# distance from previous block
# <min> <max>
0	2

[block]
# block no. 3 follows, 21 sequences, length 11
# corresponding to MSA columns:
# 170-180
name=unknown_D
#
# <colnr> <probs for GDERKNQSTAVLIFYWHMCP>
#	G	D	E	R	K	N	Q	S	T	A	V	L	I	F	Y	W	H	M	C	P
0	0.02106	0.02022	0.03454	0.05223	0.64784	0.02022	0.02612	0.02612	0.01938	0.02780	0.01601	0.02106	0.01348	0.00758	0.00842	0.00253	0.01011	0.00758	0.00421	0.01348
1	0.02135	0.02121	0.03284	0.11466	0.54083	0.06829	0.02514	0.02625	0.01949	0.02666	0.01570	0.02080	0.01307	0.00777	0.00838	0.00253	0.01063	0.00742	0.00418	0.01280
2	0.01055	0.00787	0.00988	0.01139	0.01255	0.00720	0.00801	0.01238	0.01727	0.02231	0.05591	0.50665	0.19265	0.02523	0.01074	0.00336	0.00501	0.06610	0.00790	0.00705
3	0.01247	0.00950	0.01404	0.01342	0.01516	0.00972	0.05487	0.01499	0.01541	0.02151	0.03454	0.20029	0.08320	0.13699	0.25965	0.00777	0.01267	0.01398	0.06246	0.00736
4	0.01201	0.00831	0.00918	0.00918	0.00963	0.00808	0.00536	0.01235	0.01349	0.01753	0.03624	0.05985	0.12824	0.59316	0.03804	0.00740	0.00763	0.01326	0.00559	0.00548
5	0.01202	0.00865	0.01188	0.01210	0.01303	0.00947	0.00862	0.01394	0.01357	0.01897	0.02678	0.11531	0.02825	0.25784	0.39877	0.01083	0.01625	0.01184	0.00512	0.00676
6	0.02076	0.02128	0.03111	0.07884	0.32177	0.08768	0.06903	0.02488	0.01801	0.02455	0.01497	0.02078	0.01290	0.01226	0.04612	0.00338	0.16855	0.00760	0.00411	0.01143
7	0.01202	0.00887	0.01289	0.01360	0.01498	0.00973	0.01054	0.01487	0.01513	0.02104	0.03122	0.18070	0.03281	0.04991	0.43015	0.01005	0.01679	0.10145	0.00576	0.00749
8	0.01901	0.34505	0.28654	0.01794	0.02664	0.02460	0.02047	0.02480	0.01848	0.02472	0.09879	0.02215	0.02027	0.00898	0.00714	0.00229	0.00981	0.00672	0.00440	0.01120
9	0.02756	0.12426	0.02597	0.02007	0.02442	0.40720	0.01602	0.07611	0.02309	0.02380	0.01701	0.02490	0.01555	0.01082	0.00945	0.00248	0.06430	0.07193	0.00495	0.01010
10	0.44171	0.02607	0.08769	0.01595	0.02192	0.18082	0.01400	0.07282	0.01921	0.03380	0.01321	0.01517	0.01022	0.00831	0.00642	0.00252	0.00964	0.00524	0.00511	0.01015

[dist]
# distance from previous block
# <min> <max>
0	2

[block]
# block no. 4 follows, 21 sequences, length 9
# corresponding to MSA columns:
# 183-191
name=unknown_E
#
# <colnr> <probs for GDERKNQSTAVLIFYWHMCP>
#	G	D	E	R	K	N	Q	S	T	A	V	L	I	F	Y	W	H	M	C	P
0	0.01991	0.01971	0.02115	0.12496	0.15576	0.15098	0.01617	0.02607	0.09438	0.02589	0.02915	0.07591	0.09021	0.01165	0.00836	0.00258	0.00920	0.00976	0.09798	0.01025
1	0.01216	0.00912	0.01368	0.01368	0.01520	0.01064	0.01064	0.01520	0.01368	0.01976	0.02279	0.03343	0.02127	0.06382	0.66720	0.01368	0.02279	0.00912	0.00456	0.00760
2	0.01960	0.01847	0.03082	0.04585	0.54695	0.01835	0.02356	0.02433	0.01940	0.02723	0.02391	0.03188	0.06650	0.00996	0.00882	0.00267	0.00947	0.05491	0.00480	0.01253
3	0.01764	0.01246	0.01591	0.01459	0.01757	0.04296	0.04240	0.05332	0.02030	0.11106	0.11731	0.20572	0.09529	0.02658	0.13005	0.00494	0.00975	0.04554	0.00751	0.00910
4	0.05723	0.01205	0.04244	0.01286	0.01570	0.01126	0.01011	0.02094	0.04580	0.12294	0.06360	0.06799	0.05368	0.20328	0.21483	0.00743	0.01194	0.01086	0.00640	0.00865
5	0.02106	0.02022	0.03454	0.05223	0.64784	0.02022	0.02612	0.02612	0.01938	0.02780	0.01601	0.02106	0.01348	0.00758	0.00842	0.00253	0.01011	0.00758	0.00421	0.01348
6	0.01806	0.16004	0.54953	0.02256	0.03421	0.02220	0.02848	0.02669	0.01785	0.02574	0.01467	0.01721	0.01080	0.00794	0.00763	0.00254	0.01197	0.00598	0.00360	0.01229
7	0.01259	0.01099	0.01646	0.01500	0.01825	0.01004	0.10191	0.01590	0.01921	0.02416	0.06049	0.14411	0.32615	0.02043	0.01059	0.00321	0.00684	0.16835	0.00733	0.00798
8	0.02519	0.02065	0.02615	0.02071	0.02640	0.07157	0.11630	0.18849	0.11823	0.09955	0.02241	0.02441	0.01694	0.01634	0.08980	0.00397	0.04172	0.00830	0.00680	0.05606

[dist]
# distance from previous block
# <min> <max>
0	2

[block]
# block no. 5 follows, 21 sequences, length 29
# corresponding to MSA columns:
# 194-222
name=unknown_F
#
# <colnr> <probs for GDERKNQSTAVLIFYWHMCP>
#	G	D	E	R	K	N	Q	S	T	A	V	L	I	F	Y	W	H	M	C	P
0	0.01589	0.01353	0.01248	0.01208	0.01301	0.10455	0.00807	0.01697	0.01516	0.01980	0.02563	0.10034	0.02773	0.40575	0.02948	0.00584	0.05582	0.01151	0.09974	0.00664
1	0.02595	0.02594	0.02044	0.01818	0.02267	0.27220	0.01394	0.12068	0.17440	0.05894	0.02934	0.08441	0.07158	0.01233	0.00855	0.00260	0.01017	0.00959	0.00692	0.01118
2	0.02103	0.40561	0.28566	0.01882	0.02803	0.06478	0.02135	0.02655	0.01795	0.02281	0.01327	0.01546	0.01087	0.00769	0.00663	0.00219	0.01084	0.00529	0.00366	0.01152
3	0.01657	0.01425	0.01354	0.01282	0.01517	0.08760	0.00919	0.10267	0.02027	0.02512	0.04228	0.18023	0.17673	0.19277	0.04858	0.00472	0.00831	0.01445	0.00673	0.00800
4	0.01025	0.00842	0.00902	0.00931	0.01172	0.00720	0.00682	0.01242	0.01920	0.02356	0.11860	0.18354	0.50625	0.02212	0.01019	0.00296	0.00439	0.01883	0.00800	0.00720
5	0.02544	0.01976	0.02126	0.01780	0.02309	0.02208	0.01416	0.32543	0.26716	0.04290	0.02905	0.10389	0.02384	0.01266	0.00885	0.00279	0.00783	0.01036	0.00850	0.01320
6	0.02593	0.01791	0.01924	0.01552	0.02049	0.01959	0.01259	0.39331	0.03142	0.04469	0.02291	0.02479	0.01721	0.01322	0.04578	0.00302	0.00842	0.00783	0.24414	0.01199
7	0.01160	0.00812	0.00955	0.01018	0.01074	0.00782	0.00643	0.01243	0.01458	0.01908	0.04011	0.23843	0.11059	0.40585	0.02909	0.00611	0.00685	0.04010	0.00635	0.00599
8	0.01072	0.00768	0.01019	0.01161	0.01242	0.00714	0.00793	0.01273	0.01792	0.02431	0.17115	0.56376	0.06129	0.02473	0.01069	0.00329	0.00475	0.02236	0.00821	0.00714
9	0.01414	0.00739	0.01091	0.01120	0.01127	0.00732	0.00746	0.01120	0.01184	0.01579	0.01943	0.12267	0.02078	0.02914	0.03002	0.64412	0.00704	0.00982	0.00430	0.00416
10	0.01084	0.00865	0.00970	0.00944	0.01197	0.00752	0.00708	0.01372	0.02124	0.02736	0.30489	0.07470	0.42297	0.01992	0.01005	0.00280	0.00419	0.01695	0.00848	0.00752
11	0.02812	0.03298	0.06224	0.11864	0.06801	0.38563	0.01888	0.13346	0.02522	0.02745	0.01500	0.01778	0.01177	0.00887	0.00801	0.00240	0.01326	0.00633	0.00496	0.01098
12	0.02497	0.25937	0.03493	0.02677	0.15898	0.23821	0.05318	0.02823	0.01990	0.02241	0.01344	0.01664	0.01161	0.00828	0.00841	0.00227	0.05129	0.00600	0.00405	0.01106
13	0.03235	0.02384	0.02554	0.01958	0.02639	0.02639	0.01618	0.61946	0.04001	0.05363	0.02043	0.02043	0.01447	0.01022	0.00851	0.00255	0.00936	0.00766	0.00851	0.01447
14	0.01037	0.00741	0.00987	0.01185	0.01234	0.00691	0.00790	0.01185	0.01629	0.02172	0.04690	0.69537	0.05629	0.02666	0.01086	0.00346	0.00494	0.02419	0.00790	0.00691
15	0.01238	0.00825	0.00928	0.00928	0.00928	0.00825	0.00516	0.01238	0.01238	0.01650	0.02681	0.05569	0.03094	0.70092	0.04331	0.00825	0.00825	0.01238	0.00516	0.00516
16	0.01045	0.00763	0.00966	0.01122	0.01203	0.00704	0.00752	0.01194	0.01650	0.02158	0.05133	0.56653	0.13972	0.06823	0.01278	0.00367	0.00505	0.02255	0.00773	0.00684
17	0.02349	0.01797	0.01955	0.01692	0.02194	0.02010	0.01333	0.12553	0.44476	0.09097	0.08254	0.03249	0.02836	0.01175	0.00874	0.00280	0.00693	0.00972	0.00886	0.01325
18	0.01075	0.00855	0.00967	0.00984	0.01218	0.00748	0.00736	0.01336	0.02017	0.02564	0.21401	0.15001	0.41117	0.02124	0.01023	0.00294	0.00448	0.04527	0.00825	0.00739
19	0.07857	0.13067	0.03282	0.02361	0.02954	0.36789	0.16645	0.03044	0.02144	0.02354	0.01389	0.01691	0.01132	0.00809	0.00778	0.00234	0.01358	0.00643	0.00432	0.01038
20	0.02066	0.01981	0.03382	0.10254	0.60066	0.02011	0.02592	0.02577	0.01919	0.02732	0.01594	0.02119	0.01331	0.00766	0.00843	0.00255	0.01021	0.00758	0.00418	0.01316
21	0.02698	0.03562	0.18345	0.02558	0.10176	0.29854	0.02126	0.15117	0.02528	0.02989	0.01551	0.01771	0.01193	0.00876	0.00804	0.00243	0.01282	0.00638	0.00501	0.01191
22	0.01216	0.00912	0.01368	0.01368	0.01520	0.01064	0.01064	0.01520	0.01368	0.01976	0.02279	0.03343	0.02127	0.06382	0.66720	0.01368	0.02279	0.00912	0.00456	0.00760
23	0.01246	0.00957	0.01427	0.01409	0.01554	0.01137	0.01102	0.01545	0.01365	0.01979	0.02224	0.03273	0.02079	0.06150	0.63682	0.01320	0.05428	0.00904	0.00452	0.00768
24	0.01087	0.00762	0.00973	0.01121	0.01158	0.00725	0.00722	0.01198	0.01532	0.02042	0.04189	0.53581	0.04996	0.19484	0.01896	0.00465	0.00576	0.02125	0.00722	0.00647
25	0.01415	0.01351	0.02540	0.02091	0.02471	0.01269	0.24079	0.01792	0.01782	0.02383	0.03690	0.36910	0.07498	0.02061	0.04093	0.00367	0.00932	0.01769	0.00637	0.00871
26	0.02673	0.11769	0.02718	0.18618	0.03386	0.37871	0.01799	0.07079	0.02258	0.02325	0.01399	0.01733	0.01130	0.00862	0.00766	0.00233	0.01313	0.00604	0.00443	0.01022
27	0.01076	0.00797	0.01010	0.01132	0.01257	0.00731	0.00802	0.01289	0.01821	0.02399	0.14036	0.45189	0.16909	0.02417	0.01065	0.00326	0.00487	0.05729	0.00811	0.00718
28	0.02301	0.02399	0.03195	0.08308	0.31618	0.15350	0.10763	0.05199	0.04162	0.02734	0.01687	0.02108	0.01356	0.00818	0.00841	0.00252	0.01147	0.00759	0.03807	0.01195

[dist]
# distance from previous block
# <min> <max>
1	9

[block]
# block no. 6 follows, 21 sequences, length 92
# corresponding to MSA columns:
# 232-323
name=unknown_G
#
# <colnr> <probs for GDERKNQSTAVLIFYWHMCP>
#	G	D	E	R	K	N	Q	S	T	A	V	L	I	F	Y	W	H	M	C	P
0	0.02048	0.06975	0.38604	0.02601	0.03608	0.12927	0.15942	0.02813	0.01944	0.02567	0.01519	0.01844	0.01130	0.00796	0.00833	0.00261	0.01328	0.00691	0.00389	0.01180
1	0.01998	0.01912	0.03259	0.18843	0.52009	0.01994	0.02558	0.02517	0.01887	0.02649	0.01582	0.02141	0.01302	0.00778	0.00844	0.00259	0.01038	0.00758	0.00412	0.01261
2	0.01072	0.00865	0.00954	0.00932	0.01190	0.00747	0.00699	0.01349	0.02096	0.02670	0.27166	0.07580	0.45662	0.02017	0.01005	0.00281	0.00421	0.01710	0.00839	0.00747
3	0.01240	0.01004	0.01140	0.01270	0.01391	0.03801	0.00878	0.01621	0.07871	0.02314	0.04598	0.56964	0.07851	0.02410	0.01046	0.00332	0.00556	0.02160	0.00782	0.00772
4	0.01037	0.00741	0.00987	0.01185	0.01234	0.00691	0.00790	0.01185	0.01629	0.02172	0.04690	0.69537	0.05629	0.02666	0.01086	0.00346	0.00494	0.02419	0.00790	0.00691
5	0.01216	0.00912	0.01368	0.01368	0.01520	0.01064	0.01064	0.01520	0.01368	0.01976	0.02279	0.03343	0.02127	0.06382	0.66720	0.01368	0.02279	0.00912	0.00456	0.00760
6	0.03102	0.02397	0.02434	0.01910	0.02543	0.06843	0.01560	0.52470	0.06707	0.04955	0.02097	0.02116	0.01513	0.01017	0.00835	0.00252	0.00939	0.00762	0.04167	0.01382
7	0.01862	0.01862	0.02607	0.02234	0.02234	0.02607	0.01862	0.02048	0.01303	0.02048	0.01117	0.01862	0.01117	0.01489	0.02793	0.00372	0.68535	0.00745	0.00372	0.00931
8	0.01707	0.04402	0.65683	0.02426	0.03683	0.01976	0.03144	0.02695	0.01797	0.02695	0.01527	0.01797	0.01078	0.00809	0.00809	0.00270	0.01258	0.00629	0.00359	0.01258
9	0.01222	0.00888	0.01248	0.01248	0.01358	0.00999	0.00914	0.01443	0.01332	0.01887	0.02389	0.03951	0.02392	0.23790	0.49674	0.01219	0.01882	0.01001	0.00472	0.00693
10	0.01825	0.08755	0.58278	0.02336	0.03528	0.02104	0.02951	0.05765	0.01907	0.02787	0.01531	0.01780	0.01098	0.00814	0.00793	0.00263	0.01218	0.00624	0.00385	0.01256
11	0.02009	0.02296	0.05022	0.03587	0.04448	0.02152	0.61693	0.02726	0.02009	0.02726	0.01722	0.02296	0.01291	0.00717	0.01004	0.00287	0.01435	0.01004	0.00430	0.01148
12	0.02169	0.01769	0.01882	0.01673	0.02158	0.02005	0.01307	0.06761	0.53737	0.06423	0.03745	0.03451	0.06690	0.01212	0.00874	0.00286	0.00671	0.01005	0.00869	0.01314
13	0.01216	0.00912	0.01368	0.01368	0.01520	0.01064	0.01064	0.01520	0.01368	0.01976	0.02279	0.03343	0.02127	0.06382	0.66720	0.01368	0.02279	0.00912	0.00456	0.00760
14	0.02145	0.02238	0.06211	0.04936	0.58717	0.05459	0.02584	0.02657	0.01957	0.02739	0.01582	0.02062	0.01322	0.00767	0.00837	0.00252	0.01050	0.00741	0.00419	0.01325
15	0.01770	0.01730	0.02088	0.02320	0.13250	0.11407	0.01551	0.02080	0.01619	0.02148	0.01838	0.02625	0.01680	0.03803	0.35304	0.00844	0.11778	0.00804	0.00435	0.00926
16	0.01017	0.00863	0.00878	0.00874	0.01156	0.00723	0.00655	0.01243	0.01966	0.02362	0.11753	0.08087	0.61267	0.02132	0.01006	0.00286	0.00429	0.01782	0.00798	0.00723
17	0.02117	0.01828	0.01924	0.01732	0.02213	0.02117	0.01347	0.04522	0.63246	0.03560	0.03464	0.03175	0.02598	0.01155	0.00866	0.00289	0.00673	0.00962	0.00866	0.01347
18	0.01037	0.00741	0.00987	0.01185	0.01234	0.00691	0.00790	0.01185	0.01629	0.02172	0.04690	0.69537	0.05629	0.02666	0.01086	0.00346	0.00494	0.02419	0.00790	0.00691
19	0.01027	0.00863	0.00891	0.00884	0.01162	0.00727	0.00663	0.01262	0.01989	0.02417	0.14504	0.07996	0.58482	0.02111	0.01006	0.00285	0.00428	0.01769	0.00806	0.00727
20	0.03137	0.07111	0.02506	0.02159	0.02610	0.63769	0.01636	0.03359	0.02380	0.02079	0.01309	0.01527	0.01096	0.00870	0.00757	0.00218	0.01506	0.00544	0.00435	0.00991
21	0.04645	0.00993	0.01304	0.01472	0.04362	0.00966	0.01127	0.01673	0.02004	0.02747	0.18657	0.14004	0.12688	0.02074	0.01061	0.00333	0.00627	0.27665	0.00793	0.00802
22	0.02790	0.10567	0.02589	0.02059	0.02444	0.46229	0.01614	0.03017	0.02124	0.02117	0.01333	0.01645	0.01148	0.00970	0.01079	0.00240	0.12740	0.00582	0.03733	0.00980
23	0.01707	0.04402	0.65683	0.02426	0.03683	0.01976	0.03144	0.02695	0.01797	0.02695	0.01527	0.01797	0.01078	0.00809	0.00809	0.00270	0.01258	0.00629	0.00359	0.01258
24	0.01027	0.00863	0.00891	0.00884	0.01162	0.00727	0.00663	0.01262	0.01989	0.02417	0.14504	0.07996	0.58482	0.02111	0.01006	0.00285	0.00428	0.01769	0.00806	0.00727
25	0.01238	0.00825	0.00928	0.00928	0.00928	0.00825	0.00516	0.01238	0.01238	0.01650	0.02681	0.05569	0.03094	0.70092	0.04331	0.00825	0.00825	0.01238	0.00516	0.00516
26	0.01006	0.00862	0.00862	0.00862	0.01149	0.00718	0.00647	0.01221	0.01940	0.02299	0.08621	0.08190	0.64438	0.02155	0.01006	0.00287	0.00431	0.01796	0.00790	0.00718
27	0.01204	0.00870	0.01138	0.01071	0.01271	0.00803	0.00803	0.01606	0.02409	0.03413	0.64335	0.06357	0.08030	0.01740	0.01004	0.00268	0.00401	0.01539	0.00937	0.00803
28	0.01586	0.00793	0.00793	0.00793	0.00991	0.00793	0.00595	0.01983	0.01785	0.03173	0.02776	0.03173	0.02181	0.00991	0.00595	0.00198	0.00397	0.00793	0.74817	0.00793
29	0.02275	0.70604	0.04459	0.01456	0.02184	0.03367	0.01456	0.02548	0.01729	0.02002	0.01183	0.01365	0.01092	0.00728	0.00546	0.00182	0.00910	0.00455	0.00364	0.01092
30	0.01054	0.00753	0.01007	0.01205	0.01261	0.00706	0.00820	0.01215	0.01646	0.02192	0.04681	0.66461	0.05591	0.02650	0.01091	0.00348	0.00509	0.05326	0.00790	0.00696
31	0.03047	0.03844	0.02341	0.02137	0.02556	0.62257	0.01605	0.03272	0.02341	0.02076	0.01380	0.01656	0.01166	0.01248	0.05209	0.00297	0.01585	0.00573	0.00440	0.00971
32	0.01033	0.00863	0.00900	0.00891	0.01166	0.00730	0.00668	0.01275	0.02005	0.02453	0.16343	0.07936	0.56620	0.02098	0.01005	0.00285	0.00427	0.01760	0.00811	0.00730
33	0.76103	0.01646	0.01251	0.01119	0.01646	0.01909	0.00922	0.02502	0.01448	0.03818	0.01185	0.01382	0.00922	0.00790	0.00527	0.00263	0.00658	0.00461	0.00527	0.00922
34	0.01204	0.00870	0.01138	0.01071	0.01271	0.00803	0.00803	0.01606	0.02409	0.03413	0.64335	0.06357	0.08030	0.01740	0.01004	0.00268	0.00401	0.01539	0.00937	0.00803
35	0.01238	0.00825	0.00928	0.00928	0.00928	0.00825	0.00516	0.01238	0.01238	0.01650	0.02681	0.05569	0.03094	0.70092	0.04331	0.00825	0.00825	0.01238	0.00516	0.00516
36	0.01216	0.00912	0.01368	0.01368	0.01520	0.01064	0.01064	0.01520	0.01368	0.01976	0.02279	0.03343	0.02127	0.06382	0.66720	0.01368	0.02279	0.00912	0.00456	0.00760
37	0.02275	0.70604	0.04459	0.01456	0.02184	0.03367	0.01456	0.02548	0.01729	0.02002	0.01183	0.01365	0.01092	0.00728	0.00546	0.00182	0.00910	0.00455	0.00364	0.01092
38	0.01172	0.00869	0.01092	0.01036	0.01251	0.00789	0.00777	0.01543	0.02332	0.03230	0.55183	0.06658	0.17296	0.01808	0.01004	0.00271	0.00406	0.01581	0.00913	0.00789
39	0.02153	0.32549	0.25952	0.02013	0.02885	0.06021	0.05057	0.06631	0.01936	0.02517	0.01394	0.01641	0.01122	0.00818	0.00795	0.00234	0.04132	0.00583	0.00403	0.01165
40	0.02117	0.01828	0.01924	0.01732	0.02213	0.02117	0.01347	0.04522	0.63246	0.03560	0.03464	0.03175	0.02598	0.01155	0.00866	0.00289	0.00673	0.00962	0.00866	0.01347
41	0.03178	0.02355	0.02522	0.01946	0.02617	0.02612	0.01604	0.58999	0.07042	0.05271	0.02116	0.02101	0.01506	0.01028	0.00852	0.00257	0.00923	0.00776	0.00852	0.01442
42	0.01371	0.00980	0.01371	0.01567	0.01763	0.00980	0.01371	0.01763	0.01959	0.02547	0.04506	0.09599	0.04898	0.02351	0.01175	0.00392	0.00784	0.59056	0.00784	0.00784
43	0.01765	0.01513	0.01765	0.01260	0.02017	0.01134	0.01008	0.02143	0.01765	0.02773	0.01513	0.01765	0.01260	0.00630	0.00630	0.00126	0.00630	0.00504	0.00504	0.75295
44	0.03235	0.02384	0.02554	0.01958	0.02639	0.02639	0.01618	0.61946	0.04001	0.05363	0.02043	0.02043	0.01447	0.01022	0.00851	0.00255	0.00936	0.00766	0.00851	0.01447
45	0.01667	0.01573	0.02660	0.60550	0.12893	0.01906	0.02393	0.02227	0.01730	0.02247	0.01523	0.02249	0.01160	0.00840	0.00850	0.00280	0.01120	0.00757	0.00383	0.00993
46	0.02106	0.02022	0.03454	0.05223	0.64784	0.02022	0.02612	0.02612	0.01938	0.02780	0.01601	0.02106	0.01348	0.00758	0.00842	0.00253	0.01011	0.00758	0.00421	0.01348
47	0.03179	0.04056	0.02412	0.02192	0.02631	0.66676	0.01644	0.03398	0.02412	0.02083	0.01315	0.01535	0.01096	0.00877	0.00767	0.00219	0.01535	0.00548	0.00438	0.00987
48	0.02117	0.01828	0.01924	0.01732	0.02213	0.02117	0.01347	0.04522	0.63246	0.03560	0.03464	0.03175	0.02598	0.01155	0.00866	0.00289	0.00673	0.00962	0.00866	0.01347
49	0.01006	0.00862	0.00862	0.00862	0.01149	0.00718	0.00647	0.01221	0.01940	0.02299	0.08621	0.08190	0.64438	0.02155	0.01006	0.00287	0.00431	0.01796	0.00790	0.00718
50	0.01726	0.01470	0.01532	0.01398	0.01811	0.01587	0.01082	0.05652	0.36545	0.03139	0.05439	0.05106	0.26952	0.01544	0.00920	0.00287	0.00589	0.01283	0.00835	0.01103
51	0.01037	0.00741	0.00987	0.01185	0.01234	0.00691	0.00790	0.01185	0.01629	0.02172	0.04690	0.69537	0.05629	0.02666	0.01086	0.00346	0.00494	0.02419	0.00790	0.00691
52	0.02161	0.01735	0.01870	0.01508	0.02037	0.05030	0.01209	0.22371	0.02752	0.03788	0.19697	0.03538	0.03419	0.01177	0.00846	0.00228	0.00725	0.03769	0.00755	0.21384
53	0.16619	0.33506	0.09408	0.01556	0.02292	0.02640	0.01511	0.12477	0.02065	0.03050	0.01389	0.01558	0.01131	0.00789	0.00627	0.00214	0.00877	0.00530	0.00488	0.07271
54	0.03051	0.03624	0.02410	0.02275	0.06050	0.53609	0.01648	0.09148	0.02515	0.02500	0.01471	0.01693	0.01195	0.00890	0.00772	0.00224	0.01393	0.00593	0.03893	0.01044
55	0.01090	0.00865	0.00980	0.00951	0.01201	0.00754	0.00713	0.01385	0.02140	0.02774	0.32375	0.07408	0.40388	0.01978	0.01005	0.00279	0.00418	0.01686	0.00853	0.00754
56	0.01829	0.01651	0.02722	0.21466	0.27757	0.01758	0.05207	0.02296	0.01889	0.05100	0.06046	0.03191	0.09681	0.01065	0.00987	0.00275	0.04524	0.00949	0.00509	0.01097
57	0.02078	0.02292	0.03691	0.02978	0.06459	0.09142	0.28176	0.02518	0.01763	0.02387	0.01429	0.02030	0.01203	0.01048	0.01693	0.00313	0.28501	0.00839	0.00407	0.01054
58	0.01039	0.00808	0.00945	0.01028	0.01200	0.00714	0.00726	0.01242	0.01844	0.02349	0.12195	0.35746	0.32436	0.02346	0.01042	0.00312	0.00457	0.02053	0.00804	0.00714
59	0.01350	0.01036	0.01128	0.01108	0.01403	0.00983	0.00826	0.01937	0.12509	0.05772	0.06707	0.18726	0.39308	0.02022	0.00989	0.00297	0.00500	0.01722	0.00817	0.00860
60	0.03305	0.02272	0.02485	0.01905	0.02583	0.02473	0.01574	0.55049	0.03814	0.12524	0.02200	0.02145	0.01526	0.01025	0.00852	0.00256	0.00911	0.00777	0.00875	0.01447
61	0.01238	0.00825	0.00928	0.00928	0.00928	0.00825	0.00516	0.01238	0.01238	0.01650	0.02681	0.05569	0.03094	0.70092	0.04331	0.00825	0.00825	0.01238	0.00516	0.00516
62	0.01638	0.01554	0.02559	0.60193	0.05428	0.01976	0.02304	0.02159	0.01654	0.02159	0.01465	0.02220	0.01132	0.00927	0.01083	0.00294	0.09177	0.00755	0.00377	0.00944
63	0.01238	0.00825	0.00928	0.00928	0.00928	0.00825	0.00516	0.01238	0.01238	0.01650	0.02681	0.05569	0.03094	0.70092	0.04331	0.00825	0.00825	0.01238	0.00516	0.00516
64	0.01238	0.00825	0.00928	0.00928	0.00928	0.00825	0.00516	0.01238	0.01238	0.01650	0.02681	0.05569	0.03094	0.70092	0.04331	0.00825	0.00825	0.01238	0.00516	0.00516
