[name]
unknown

[dist]
# distance from previous block
# <min> <max>
0	9

[block]
# block no. 0 follows, 22 sequences, length 13
# corresponding to MSA columns:
# 9-21
name=unknown_A
#
# <colnr> <probs for GDERKNQSTAVLIFYWHMCP>
#	G	D	E	R	K	N	Q	S	T	A	V	L	I	F	Y	W	H	M	C	P
0	0.01339	0.01032	0.01488	0.18346	0.02443	0.01140	0.01279	0.01630	0.01559	0.02050	0.02855	0.05653	0.03001	0.24857	0.08721	0.00590	0.01011	0.19742	0.00547	0.00717
1	0.05883	0.01506	0.01865	0.21739	0.10622	0.08295	0.01493	0.01925	0.01650	0.02185	0.02392	0.18836	0.02505	0.13836	0.01469	0.00375	0.00904	0.01171	0.00509	0.00840
2	0.20856	0.10383	0.02178	0.08249	0.02329	0.06817	0.01367	0.02388	0.05079	0.02639	0.01711	0.02018	0.04304	0.00980	0.01075	0.00252	0.14862	0.00639	0.00471	0.11404
3	0.02276	0.01218	0.01460	0.01247	0.01657	0.01159	0.00983	0.08930	0.05541	0.23910	0.11731	0.09050	0.14194	0.01410	0.00860	0.00259	0.00575	0.01180	0.11298	0.01061
4	0.01926	0.01638	0.01776	0.11263	0.02447	0.04553	0.01309	0.12583	0.24125	0.03184	0.03956	0.03895	0.17092	0.01276	0.00854	0.00268	0.00729	0.01047	0.04998	0.01081
5	0.02066	0.02193	0.03362	0.19385	0.29047	0.11109	0.15713	0.02581	0.01917	0.02468	0.01530	0.02057	0.01220	0.00769	0.00849	0.00257	0.01179	0.00765	0.00406	0.01130
6	0.06149	0.02710	0.09031	0.11094	0.19734	0.18957	0.02049	0.14984	0.02355	0.03021	0.01541	0.01854	0.01199	0.00840	0.00788	0.00245	0.01126	0.00662	0.00495	0.01167
7	0.01335	0.00895	0.01074	0.01084	0.01337	0.00795	0.00835	0.01589	0.01939	0.08772	0.12680	0.18665	0.33228	0.02071	0.01005	0.00301	0.00508	0.10288	0.00811	0.00786
8	0.02308	0.01708	0.01814	0.01527	0.01953	0.04635	0.01222	0.30069	0.06105	0.03807	0.02252	0.02556	0.01765	0.02104	0.14944	0.00468	0.01084	0.00785	0.17796	0.01099
9	0.01937	0.02028	0.02507	0.18167	0.21238	0.15124	0.05039	0.02357	0.01994	0.02464	0.10046	0.03095	0.08421	0.01038	0.00853	0.00254	0.01011	0.00906	0.00504	0.01015
10	0.01303	0.00941	0.01085	0.01069	0.01300	0.00885	0.00777	0.01734	0.08106	0.05997	0.16672	0.19351	0.27275	0.08161	0.01268	0.00335	0.00502	0.01651	0.00795	0.00794
11	0.02186	0.02219	0.03246	0.04733	0.57824	0.10074	0.02433	0.02645	0.01949	0.02630	0.01528	0.01987	0.01285	0.00755	0.00813	0.00243	0.01050	0.00715	0.00413	0.01272
12	0.02118	0.02252	0.02801	0.28421	0.28250	0.17289	0.02237	0.02569	0.01913	0.02331	0.01465	0.01985	0.01180	0.00801	0.00808	0.00250	0.01152	0.00691	0.00399	0.01085

[dist]
# distance from previous block
# <min> <max>
0	1

[block]
# block no. 1 follows, 22 sequences, length 14
# corresponding to MSA columns:
# 23-36
name=unknown_B
#
# <colnr> <probs for GDERKNQSTAVLIFYWHMCP>
#	G	D	E	R	K	N	Q	S	T	A	V	L	I	F	Y	W	H	M	C	P
0	0.01063	0.00821	0.00978	0.01088	0.01233	0.00763	0.00758	0.01355	0.05267	0.02237	0.05723	0.46729	0.24229	0.02360	0.01023	0.00316	0.00473	0.02088	0.00775	0.00720
1	0.01004	0.00827	0.00859	0.00879	0.01113	0.00707	0.00635	0.01190	0.01806	0.02179	0.07547	0.14076	0.54078	0.07852	0.01259	0.00330	0.00459	0.01770	0.00749	0.00682
2	0.02034	0.02163	0.02374	0.11374	0.05676	0.17842	0.05053	0.02368	0.01755	0.02230	0.01439	0.01957	0.01236	0.01460	0.07916	0.00355	0.15659	0.00666	0.00420	0.16025
3	0.10072	0.01209	0.01421	0.01250	0.01618	0.01214	0.00977	0.02659	0.13087	0.15991	0.34967	0.04455	0.04994	0.01363	0.00877	0.00264	0.00529	0.01155	0.00881	0.01016
4	0.01911	0.01790	0.02914	0.29035	0.33654	0.02008	0.02339	0.05744	0.01864	0.02568	0.01513	0.02093	0.01222	0.00851	0.00991	0.00269	0.06946	0.00739	0.00415	0.01136
5	0.44794	0.01651	0.01553	0.01338	0.01821	0.01886	0.01091	0.17048	0.02009	0.03765	0.01558	0.01860	0.01242	0.01831	0.12919	0.00454	0.01000	0.00604	0.00579	0.00996
6	0.01286	0.01114	0.01522	0.01940	0.16934	0.01028	0.01139	0.01600	0.01973	0.02577	0.18223	0.09175	0.34941	0.01711	0.00946	0.00271	0.00556	0.01483	0.00713	0.00867
7	0.01833	0.01747	0.02899	0.20184	0.42418	0.01859	0.02290	0.02302	0.01806	0.02495	0.02113	0.02598	0.06796	0.00914	0.00927	0.00262	0.04152	0.00827	0.00430	0.01147
8	0.01702	0.01417	0.01511	0.01409	0.01743	0.01572	0.01049	0.03211	0.40745	0.02900	0.03993	0.09285	0.10923	0.13060	0.01447	0.00374	0.00638	0.01199	0.00773	0.01051
9	0.02871	0.02088	0.02265	0.01776	0.02362	0.02310	0.01457	0.53080	0.03526	0.04797	0.02069	0.02185	0.01523	0.01429	0.06342	0.00335	0.00982	0.00762	0.06533	0.01308
10	0.02495	0.02541	0.14383	0.02982	0.23895	0.09888	0.02083	0.11122	0.02304	0.13552	0.05202	0.02270	0.01716	0.00897	0.00819	0.00249	0.01006	0.00749	0.00589	0.01258
11	0.01751	0.01651	0.02878	0.14889	0.33511	0.01736	0.08208	0.02227	0.01723	0.02416	0.01722	0.02397	0.01461	0.02095	0.17159	0.00522	0.01352	0.00801	0.00413	0.01089
12	0.01205	0.00920	0.01140	0.01152	0.01196	0.00989	0.00780	0.01297	0.01408	0.01890	0.03621	0.25844	0.09839	0.32741	0.02688	0.00543	0.09951	0.01565	0.00597	0.00633
13	0.01266	0.00890	0.01140	0.01129	0.01237	0.00948	0.00796	0.01450	0.01390	0.02028	0.02656	0.12939	0.02788	0.26594	0.22918	0.00783	0.04274	0.01160	0.09879	0.03733

[dist]
# distance from previous block
# <min> <max>
0	1

[block]
# block no. 2 follows, 22 sequences, length 24
# corresponding to MSA columns:
# 38-61
name=unknown_C
#
# <colnr> <probs for GDERKNQSTAVLIFYWHMCP>
#	G	D	E	R	K	N	Q	S	T	A	V	L	I	F	Y	W	H	M	C	P
0	0.02549	0.02360	0.02105	0.01803	0.02245	0.20622	0.01424	0.27404	0.02690	0.03327	0.01861	0.02235	0.01515	0.02532	0.20873	0.00566	0.01475	0.00730	0.00600	0.01083
1	0.01764	0.16074	0.55578	0.02201	0.03338	0.02168	0.02780	0.02606	0.01742	0.02512	0.01432	0.01680	0.01055	0.00775	0.00744	0.00248	0.01168	0.00584	0.00352	0.01199
2	0.01715	0.01447	0.01834	0.01544	0.01793	0.01650	0.01219	0.06542	0.01603	0.02402	0.01729	0.02682	0.01654	0.14495	0.07970	0.00456	0.25192	0.00780	0.04775	0.18518
3	0.01208	0.00805	0.00906	0.00906	0.00906	0.00805	0.00503	0.01208	0.01208	0.01611	0.02618	0.05436	0.03020	0.70804	0.04228	0.00805	0.00805	0.01208	0.00503	0.00503
4	0.00982	0.00842	0.00842	0.00842	0.01122	0.00701	0.00631	0.01192	0.01894	0.02244	0.08416	0.07995	0.65285	0.02104	0.00982	0.00281	0.00421	0.01753	0.00771	0.00701
5	0.01208	0.00805	0.00906	0.00906	0.00906	0.00805	0.00503	0.01208	0.01208	0.01611	0.02618	0.05436	0.03020	0.70804	0.04228	0.00805	0.00805	0.01208	0.00503	0.00503
6	0.03103	0.03959	0.02354	0.02140	0.02568	0.67469	0.01605	0.03317	0.02354	0.02033	0.01284	0.01498	0.01070	0.00856	0.00749	0.00214	0.01498	0.00535	0.00428	0.00963
7	0.01208	0.00805	0.00906	0.00906	0.00906	0.00805	0.00503	0.01208	0.01208	0.01611	0.02618	0.05436	0.03020	0.70804	0.04228	0.00805	0.00805	0.01208	0.00503	0.00503
8	0.01865	0.28310	0.44229	0.02029	0.03071	0.02416	0.02479	0.02580	0.01730	0.02388	0.01370	0.01603	0.01057	0.00761	0.00697	0.00232	0.01106	0.00553	0.00352	0.01170
9	0.02787	0.28093	0.03071	0.01883	0.02412	0.44469	0.01539	0.03020	0.02115	0.02005	0.01238	0.01439	0.01069	0.00804	0.00672	0.00201	0.01280	0.00502	0.00402	0.01000
10	0.01116	0.00819	0.01046	0.01049	0.01219	0.00749	0.00764	0.01429	0.02121	0.02925	0.44561	0.21501	0.13703	0.01957	0.00999	0.00281	0.00416	0.01733	0.00865	0.00749
11	0.01666	0.04297	0.66500	0.02368	0.03596	0.01929	0.03069	0.02631	0.01754	0.02631	0.01491	0.01754	0.01052	0.00789	0.00789	0.00263	0.01228	0.00614	0.00351	0.01228
12	0.03059	0.07520	0.02471	0.02087	0.02545	0.60090	0.01594	0.06843	0.02411	0.02221	0.01320	0.01519	0.01090	0.00857	0.00742	0.00214	0.01430	0.00543	0.00448	0.00996
13	0.01012	0.00723	0.00964	0.01157	0.01205	0.00675	0.00771	0.01157	0.01591	0.02121	0.04579	0.70262	0.05495	0.02603	0.01060	0.00337	0.00482	0.02362	0.00771	0.00675
14	0.02056	0.01974	0.03372	0.05099	0.65622	0.01974	0.02550	0.02550	0.01892	0.02714	0.01563	0.02056	0.01316	0.00740	0.00822	0.00247	0.00987	0.00740	0.00411	0.01316
15	0.02138	0.02129	0.03292	0.04868	0.60690	0.07097	0.02476	0.02610	0.01928	0.02661	0.01541	0.02012	0.01297	0.00749	0.00817	0.00244	0.01027	0.00724	0.00413	0.01288
16	0.00997	0.00782	0.00903	0.01000	0.01164	0.00688	0.00701	0.01174	0.01742	0.02182	0.06493	0.39197	0.35324	0.02354	0.01021	0.00309	0.00451	0.02058	0.00771	0.00688
17	0.02056	0.01974	0.03372	0.05099	0.65622	0.01974	0.02550	0.02550	0.01892	0.02714	0.01563	0.02056	0.01316	0.00740	0.00822	0.00247	0.00987	0.00740	0.00411	0.01316
18	0.08721	0.09903	0.46100	0.02444	0.08173	0.02062	0.06247	0.02596	0.01739	0.02679	0.01446	0.01731	0.01073	0.00771	0.00754	0.00254	0.01134	0.00615	0.00375	0.01183
19	0.01609	0.01365	0.01575	0.05203	0.02007	0.01338	0.01088	0.02579	0.22211	0.02764	0.03506	0.15203	0.10257	0.01333	0.00828	0.00242	0.00610	0.01141	0.00685	0.24456
20	0.02600	0.02676	0.02370	0.02425	0.13492	0.26827	0.01634	0.16191	0.08998	0.03054	0.02269	0.02386	0.06327	0.00982	0.00802	0.00236	0.01071	0.00753	0.00587	0.04322
21	0.01820	0.01882	0.10339	0.01749	0.05389	0.01632	0.01452	0.07684	0.24398	0.03342	0.19566	0.03480	0.03493	0.01153	0.00848	0.00252	0.00693	0.00977	0.00737	0.09113
22	0.02064	0.06817	0.24513	0.02060	0.05586	0.17139	0.01963	0.02960	0.13489	0.02611	0.02387	0.02497	0.06428	0.00974	0.00782	0.00247	0.01046	0.00751	0.04575	0.01112
23	0.02095	0.15115	0.05579	0.01425	0.02066	0.04695	0.01253	0.12671	0.02190	0.06324	0.02883	0.02911	0.13155	0.01018	0.00732	0.00203	0.00759	0.00788	0.00595	0.23542

[dist]
# distance from previous block
# <min> <max>
1	9

[block]
# block no. 3 follows, 22 sequences, length 7
# corresponding to MSA columns:
# 71-77
name=unknown_D
#
# <colnr> <probs for GDERKNQSTAVLIFYWHMCP>
#	G	D	E	R	K	N	Q	S	T	A	V	L	I	F	Y	W	H	M	C	P
0	0.02047	0.12682	0.03056	0.02276	0.06974	0.12563	0.16986	0.02721	0.09833	0.02685	0.13612	0.02793	0.02593	0.00966	0.00829	0.00240	0.00989	0.00879	0.00560	0.04717
1	0.01730	0.02694	0.27038	0.02245	0.03050	0.01807	0.15996	0.02839	0.15975	0.02858	0.07909	0.03034	0.07008	0.01025	0.00877	0.00272	0.01005	0.00936	0.00559	0.01144
2	0.02087	0.11485	0.08433	0.09581	0.11271	0.14169	0.20800	0.02587	0.01938	0.02374	0.01953	0.02319	0.05590	0.00852	0.00830	0.00249	0.01189	0.00798	0.00426	0.01068
3	0.01959	0.02046	0.08080	0.12851	0.35201	0.01977	0.02230	0.02994	0.18445	0.02828	0.02030	0.02331	0.01590	0.00860	0.00827	0.00262	0.00936	0.00783	0.00516	0.01254
4	0.02050	0.02156	0.02713	0.20107	0.26591	0.14704	0.02111	0.02450	0.01843	0.02314	0.01775	0.02260	0.04453	0.00948	0.01066	0.00265	0.09964	0.00750	0.00416	0.01063
5	0.02140	0.13068	0.08213	0.02865	0.24207	0.18598	0.01871	0.02522	0.01967	0.02342	0.02534	0.02740	0.11556	0.00990	0.00783	0.00235	0.01030	0.00796	0.00460	0.01081
6	0.01935	0.35191	0.32885	0.01915	0.02811	0.02605	0.02211	0.02517	0.01687	0.02270	0.01305	0.01563	0.01062	0.00803	0.00816	0.00231	0.06168	0.00544	0.00354	0.01129

[dist]
# distance from previous block
# <min> <max>
0	29

[block]
# block no. 4 follows, 22 sequences, length 73
# corresponding to MSA columns:
# 107-179
name=unknown_E
#
# <colnr> <probs for GDERKNQSTAVLIFYWHMCP>
#	G	D	E	R	K	N	Q	S	T	A	V	L	I	F	Y	W	H	M	C	P
0	0.01621	0.16478	0.02355	0.05023	0.15969	0.04358	0.01396	0.01916	0.01762	0.02227	0.03579	0.16021	0.16169	0.01773	0.05477	0.00332	0.00859	0.01204	0.00547	0.00935
1	0.01226	0.00943	0.01253	0.01258	0.01430	0.01036	0.00947	0.01666	0.07317	0.02112	0.03390	0.11683	0.10324	0.09322	0.41058	0.00955	0.01558	0.01192	0.00564	0.00766
2	0.05387	0.03056	0.42092	0.01917	0.02775	0.01604	0.02260	0.02221	0.01660	0.02495	0.02362	0.02717	0.08031	0.02104	0.15234	0.00497	0.01328	0.00785	0.00424	0.01050
3	0.02400	0.06877	0.02668	0.02267	0.06847	0.21359	0.05744	0.10709	0.07371	0.02666	0.01917	0.02191	0.04609	0.01078	0.01261	0.00268	0.17444	0.00745	0.00513	0.01067
4	0.02000	0.01877	0.01602	0.01403	0.01808	0.15134	0.01090	0.17584	0.02540	0.03046	0.09096	0.04968	0.31508	0.01530	0.00894	0.00257	0.00771	0.01222	0.00725	0.00945
5	0.01136	0.00821	0.01007	0.01110	0.01204	0.00783	0.00744	0.03860	0.01661	0.02183	0.04570	0.48990	0.11766	0.14191	0.01586	0.00407	0.00549	0.02023	0.00728	0.00681
6	0.02221	0.71304	0.04353	0.01421	0.02132	0.03287	0.01421	0.02488	0.01688	0.01955	0.01155	0.01333	0.01066	0.00711	0.00533	0.00178	0.00888	0.00444	0.00355	0.01066
7	0.02033	0.02038	0.03738	0.04717	0.50949	0.02004	0.16929	0.02576	0.01908	0.02701	0.01591	0.02100	0.01303	0.00731	0.00860	0.00255	0.01086	0.00798	0.00413	0.01269
8	0.02611	0.17351	0.02850	0.02152	0.09613	0.14003	0.01604	0.25838	0.02649	0.03320	0.01662	0.01904	0.01336	0.01432	0.07774	0.00342	0.01159	0.00659	0.00568	0.01176
9	0.02164	0.01683	0.02766	0.22910	0.34341	0.01754	0.02172	0.02640	0.01928	0.13523	0.04622	0.02417	0.01669	0.00858	0.00834	0.00258	0.00948	0.00789	0.00527	0.01195
10	0.01029	0.00736	0.00979	0.01145	0.01209	0.00686	0.00772	0.01200	0.01671	0.02248	0.10962	0.63516	0.05741	0.02507	0.01052	0.00329	0.00472	0.02271	0.00786	0.00686
11	0.02056	0.01974	0.03372	0.05099	0.65622	0.01974	0.02550	0.02550	0.01892	0.02714	0.01563	0.02056	0.01316	0.00740	0.00822	0.00247	0.00987	0.00740	0.00411	0.01316
12	0.02056	0.01974	0.03372	0.05099	0.65622	0.01974	0.02550	0.02550	0.01892	0.02714	0.01563	0.02056	0.01316	0.00740	0.00822	0.00247	0.00987	0.00740	0.00411	0.01316
13	0.01973	0.01686	0.01798	0.01623	0.02063	0.01931	0.01259	0.04115	0.57616	0.03460	0.09890	0.03427	0.03094	0.01187	0.00859	0.00280	0.00629	0.00999	0.00853	0.01259
14	0.01569	0.01477	0.02492	0.68808	0.05722	0.01846	0.02307	0.02123	0.01661	0.02123	0.01477	0.02215	0.01107	0.00831	0.00831	0.00277	0.01107	0.00738	0.00369	0.00923
15	0.02008	0.01925	0.03286	0.11339	0.59756	0.01961	0.02526	0.02508	0.01869	0.02656	0.01554	0.02072	0.01295	0.00749	0.00823	0.00250	0.00999	0.00740	0.00407	0.01277
16	0.01118	0.00810	0.01055	0.01071	0.01225	0.00747	0.00774	0.01427	0.02100	0.02917	0.44353	0.25933	0.09379	0.01992	0.01005	0.00285	0.00421	0.01776	0.00865	0.00747
17	0.01063	0.00765	0.01040	0.01178	0.01245	0.00762	0.00811	0.01231	0.01509	0.02045	0.03937	0.51393	0.04588	0.07986	0.15654	0.00585	0.00881	0.01965	0.00683	0.00678
18	0.02549	0.02174	0.02047	0.01896	0.06429	0.15977	0.01389	0.18360	0.11779	0.10528	0.03269	0.05891	0.11664	0.01210	0.00848	0.00256	0.00889	0.00962	0.00729	0.01154
19	0.01044	0.00766	0.00952	0.01086	0.01181	0.00708	0.00742	0.01197	0.01622	0.02105	0.05087	0.48038	0.16670	0.10133	0.01404	0.00381	0.00520	0.04955	0.00741	0.00665
20	0.01108	0.00839	0.01021	0.00991	0.01203	0.00752	0.00738	0.01430	0.02167	0.02931	0.44430	0.10777	0.24827	0.01876	0.00985	0.00272	0.00406	0.01631	0.00863	0.00752
21	0.01754	0.02277	0.16777	0.23296	0.22263	0.01859	0.09615	0.02358	0.01753	0.02434	0.01609	0.02296	0.01308	0.05649	0.01074	0.00302	0.01112	0.00774	0.00393	0.01098
22	0.02153	0.02269	0.02925	0.21031	0.36563	0.15948	0.02285	0.02603	0.01931	0.02415	0.01481	0.01978	0.01209	0.00788	0.00809	0.00248	0.01128	0.00696	0.00404	0.01138
23	0.02025	0.01943	0.03317	0.09115	0.61846	0.01966	0.02534	0.02523	0.01877	0.02677	0.01557	0.02066	0.01303	0.00746	0.00823	0.00249	0.00995	0.00740	0.00409	0.01291
24	0.01012	0.00723	0.00964	0.01157	0.01205	0.00675	0.00771	0.01157	0.01591	0.02121	0.04579	0.70262	0.05495	0.02603	0.01060	0.00337	0.00482	0.02362	0.00771	0.00675
25	0.01567	0.01407	0.02044	0.16855	0.20913	0.01444	0.01614	0.05944	0.01978	0.02556	0.04495	0.04618	0.28547	0.01358	0.00893	0.00268	0.00767	0.01172	0.00584	0.00975
26	0.02659	0.03166	0.02437	0.02660	0.16085	0.44241	0.01722	0.03077	0.06387	0.02292	0.01982	0.02179	0.05691	0.00936	0.00788	0.00230	0.01256	0.00691	0.00476	0.01045
27	0.01207	0.00862	0.01193	0.01193	0.01301	0.00963	0.00870	0.01425	0.01316	0.01887	0.02354	0.03864	0.02343	0.24062	0.47134	0.01141	0.01754	0.00974	0.03480	0.00676
28	0.01755	0.13427	0.55304	0.02286	0.03426	0.02123	0.05400	0.02612	0.01754	0.02539	0.01453	0.01717	0.01063	0.00775	0.00762	0.00252	0.01188	0.00606	0.00354	0.01201
29	0.02191	0.02658	0.07973	0.03286	0.14991	0.16258	0.27905	0.02711	0.01947	0.02463	0.01498	0.01969	0.01198	0.00827	0.01072	0.00267	0.08483	0.00788	0.00410	0.01107
30	0.01746	0.01477	0.01556	0.01411	0.01819	0.01611	0.01094	0.06168	0.39079	0.03186	0.08326	0.04682	0.21506	0.01445	0.00893	0.00279	0.00584	0.01205	0.00826	0.01106
31	0.01646	0.01388	0.01661	0.01282	0.01891	0.01161	0.01017	0.02140	0.05992	0.02615	0.01749	0.02106	0.01479	0.01700	0.13131	0.00361	0.00919	0.00598	0.00508	0.56654
32	0.01012	0.00723	0.00964	0.01157	0.01205	0.00675	0.00771	0.01157	0.01591	0.02121	0.04579	0.70262	0.05495	0.02603	0.01060	0.00337	0.00482	0.02362	0.00771	0.00675
33	0.03103	0.03959	0.02354	0.02140	0.02568	0.67469	0.01605	0.03317	0.02354	0.02033	0.01284	0.01498	0.01070	0.00856	0.00749	0.00214	0.01498	0.00535	0.00428	0.00963
34	0.01795	0.01707	0.02899	0.39301	0.33464	0.01905	0.02419	0.02320	0.01768	0.02396	0.01516	0.02141	0.01204	0.00789	0.00827	0.00263	0.01052	0.00739	0.00389	0.01105
35	0.01422	0.01090	0.01417	0.01317	0.01472	0.01218	0.00977	0.05745	0.01506	0.02128	0.02285	0.07073	0.02340	0.24636	0.28961	0.00866	0.08569	0.01012	0.00501	0.05466
36	0.01204	0.00822	0.00990	0.00990	0.01020	0.00851	0.00609	0.01262	0.01233	0.01673	0.02540	0.05009	0.02835	0.58117	0.16663	0.00909	0.01084	0.01146	0.00492	0.00550
37	0.01201	0.00833	0.01048	0.01048	0.01097	0.00883	0.00681	0.01299	0.01250	0.01716	0.02488	0.04716	0.02708	0.49406	0.25199	0.00981	0.01276	0.01103	0.00484	0.00582
38	0.00982	0.00842	0.00842	0.00842	0.01122	0.00701	0.00631	0.01192	0.01894	0.02244	0.08416	0.07995	0.65285	0.02104	0.00982	0.00281	0.00421	0.01753	0.00771	0.00701
39	0.01172	0.00790	0.00917	0.00952	0.00961	0.00781	0.00553	0.01199	0.01279	0.01705	0.02980	0.17401	0.03477	0.58216	0.03644	0.00719	0.00746	0.01421	0.00553	0.00535
40	0.01187	0.00890	0.01335	0.01335	0.01483	0.01038	0.01038	0.01483	0.01335	0.01928	0.02225	0.03264	0.02077	0.06231	0.67512	0.01335	0.02225	0.00890	0.00445	0.00742
41	0.02056	0.01974	0.03372	0.05099	0.65622	0.01974	0.02550	0.02550	0.01892	0.02714	0.01563	0.02056	0.01316	0.00740	0.00822	0.00247	0.00987	0.00740	0.00411	0.01316
42	0.03103	0.03959	0.02354	0.02140	0.02568	0.67469	0.01605	0.03317	0.02354	0.02033	0.01284	0.01498	0.01070	0.00856	0.00749	0.00214	0.01498	0.00535	0.00428	0.00963
43	0.01246	0.01641	0.15186	0.01278	0.01748	0.01063	0.01241	0.01786	0.05237	0.02725	0.24076	0.05841	0.30497	0.01644	0.00932	0.00271	0.00599	0.01387	0.00728	0.00872
44	0.02162	0.53423	0.06811	0.02258	0.15934	0.02945	0.01736	0.02507	0.01735	0.02148	0.01258	0.01507	0.01120	0.00720	0.00607	0.00196	0.00924	0.00516	0.00367	0.01127
45	0.01445	0.00807	0.00935	0.00935	0.01115	0.00850	0.00712	0.01806	0.01626	0.02763	0.02571	0.03145	0.02114	0.02473	0.19722	0.00520	0.00913	0.00807	0.53976	0.00765
46	0.01012	0.00723	0.00964	0.01157	0.01205	0.00675	0.00771	0.01157	0.01591	0.02121	0.04579	0.70262	0.05495	0.02603	0.01060	0.00337	0.00482	0.02362	0.00771	0.00675
47	0.02569	0.01797	0.02008	0.01662	0.02145	0.01929	0.01319	0.40862	0.03126	0.08436	0.02836	0.21997	0.02649	0.01468	0.00898	0.00276	0.00774	0.01225	0.00827	0.01197
48	0.01764	0.19967	0.44342	0.02086	0.03107	0.02176	0.05162	0.02498	0.01757	0.02444	0.01901	0.02109	0.05535	0.00858	0.00750	0.00245	0.01098	0.00669	0.00384	0.01148
49	0.02014	0.01376	0.08188	0.01275	0.01675	0.01041	0.01085	0.02342	0.02001	0.22221	0.21609	0.04597	0.07015	0.17918	0.01691	0.00391	0.00677	0.01145	0.00785	0.00954
50	0.01666	0.04297	0.66500	0.02368	0.03596	0.01929	0.03069	0.02631	0.01754	0.02631	0.01491	0.01754	0.01052	0.00789	0.00789	0.00263	0.01228	0.00614	0.00351	0.01228
51	0.01075	0.00845	0.00971	0.00940	0.01179	0.00741	0.00705	0.01373	0.02114	0.02768	0.35765	0.07133	0.37609	0.01909	0.00981	0.00271	0.00407	0.01632	0.00840	0.00741
52	0.00982	0.00842	0.00842	0.00842	0.01122	0.00701	0.00631	0.01192	0.01894	0.02244	0.08416	0.07995	0.65285	0.02104	0.00982	0.00281	0.00421	0.01753	0.00771	0.00701
53	0.02423	0.23822	0.03039	0.01917	0.02310	0.22371	0.01615	0.06781	0.01910	0.02221	0.01232	0.01585	0.01099	0.01014	0.01325	0.00253	0.23078	0.00584	0.00413	0.01009
54	0.00999	0.00805	0.00890	0.00946	0.01152	0.00696	0.00680	0.01196	0.01819	0.02250	0.09502	0.27031	0.44647	0.02241	0.01006	0.00297	0.00438	0.01930	0.00777	0.00696
55	0.01069	0.00778	0.01008	0.01092	0.01212	0.00716	0.00765	0.01308	0.01889	0.02569	0.26843	0.42313	0.10882	0.02237	0.01025	0.00305	0.00445	0.02004	0.00823	0.00716
56	0.01187	0.00890	0.01335	0.01335	0.01483	0.01038	0.01038	0.01483	0.01335	0.01928	0.02225	0.03264	0.02077	0.06231	0.67512	0.01335	0.02225	0.00890	0.00445	0.00742
57	0.01178	0.00846	0.01095	0.01239	0.01339	0.00821	0.00875	0.05098	0.01766	0.02351	0.04399	0.60292	0.05171	0.02473	0.01054	0.00336	0.00536	0.07627	0.00774	0.00730
58	0.03727	0.01414	0.01928	0.01478	0.02121	0.01221	0.01221	0.04049	0.02378	0.66198	0.03277	0.02828	0.02056	0.01028	0.00835	0.00257	0.00707	0.00835	0.01028	0.01414
59	0.01086	0.00807	0.01012	0.01042	0.01207	0.00733	0.00750	0.01363	0.02019	0.02733	0.34764	0.27158	0.18137	0.02067	0.01006	0.00289	0.00426	0.01827	0.00841	0.00733
60	0.01939	0.01855	0.03161	0.20354	0.51279	0.01943	0.02492	0.02447	0.01836	0.02572	0.01542	0.02094	0.01266	0.00762	0.00824	0.00254	0.01016	0.00740	0.00401	0.01222
61	0.02745	0.03386	0.02164	0.01990	0.02366	0.55056	0.01499	0.02975	0.02164	0.02014	0.01460	0.01828	0.01258	0.01860	0.13224	0.00424	0.01634	0.00601	0.00431	0.00922
62	0.01727	0.01638	0.02777	0.48175	0.25121	0.01887	0.02386	0.02261	0.01736	0.02314	0.01504	0.02163	0.01175	0.00801	0.00828	0.00267	0.01068	0.00739	0.00383	0.01050
63	0.01950	0.01901	0.03319	0.07413	0.52068	0.01893	0.08730	0.02448	0.01889	0.02650	0.02048	0.02496	0.05752	0.00835	0.00851	0.00254	0.00996	0.00836	0.00435	0.01235
64	0.01287	0.00853	0.01153	0.01153	0.01304	0.00951	0.00878	0.01588	0.01437	0.02226	0.02384	0.03365	0.02155	0.09150	0.45008	0.00988	0.01629	0.00880	0.20877	0.00735
65	0.01698	0.01677	0.02102	0.01870	0.02011	0.09018	0.03761	0.01951	0.01444	0.01998	0.01613	0.02408	0.01511	0.03375	0.29773	0.00754	0.30992	0.00784	0.00407	0.00852
66	0.02225	0.01264	0.01642	0.01624	0.06151	0.01230	0.01133	0.08848	0.06010	0.22201	0.03477	0.28616	0.03350	0.06760	0.01171	0.00328	0.00667	0.01436	0.00816	0.01052
67	0.01371	0.01252	0.02108	0.01827	0.02089	0.01262	0.15058	0.01661	0.01642	0.02262	0.03298	0.42142	0.03726	0.01909	0.01228	0.00315	0.09414	0.01733	0.00623	0.05079
68	0.01981	0.14019	0.06097	0.15134	0.12894	0.06713	0.15787	0.02677	0.08410	0.02469	0.01978	0.02327	0.04175	0.00855	0.00813	0.00252	0.01073	0.00790	0.00456	0.01099
69	0.27872	0.02614	0.14032	0.06956	0.16283	0.14157	0.01884	0.02642	0.01772	0.02881	0.01352	0.01663	0.01064	0.00788	0.00697	0.00249	0.01016	0.00578	0.00436	0.01064
70	0.04594	0.32869	0.06709	0.02044	0.08982	0.02356	0.09589	0.02261	0.01761	0.02284	0.02639	0.02816	0.13112	0.01009	0.00808	0.00233	0.03642	0.00812	0.00453	0.01027
71	0.01843	0.21582	0.15345	0.01928	0.09089	0.02018	0.01675	0.08539	0.02078	0.02769	0.12197	0.06047	0.09339	0.01146	0.00788	0.00241	0.00824	0.00931	0.00560	0.01062
72	0.02408	0.08491	0.13689	0.07090	0.03371	0.26316	0.17290	0.06906	0.02161	0.02506	0.01470	0.01798	0.01141	0.00802	0.00809	0.00243	0.01316	0.00682	0.00431	0.01082

[dist]
# distance from previous block
# <min> <max>
10	28

[block]
# block no. 5 follows, 22 sequences, length 13
# corresponding to MSA columns:
# 208-220
name=unknown_F
#
# <colnr> <probs for GDERKNQSTAVLIFYWHMCP>
#	G	D	E	R	K	N	Q	S	T	A	V	L	I	F	Y	W	H	M	C	P
0	0.02709	0.03084	0.02302	0.02129	0.05072	0.40608	0.01583	0.09615	0.08397	0.02560	0.01952	0.02126	0.04817	0.01026	0.00995	0.00246	0.08522	0.00694	0.00524	0.01041
1	0.02491	0.23234	0.03105	0.10422	0.09213	0.19712	0.01739	0.12603	0.02227	0.02617	0.01405	0.01691	0.01156	0.00849	0.00810	0.00227	0.04344	0.00598	0.00461	0.01096
2	0.05042	0.05808	0.02167	0.01866	0.02285	0.46971	0.01426	0.03104	0.04485	0.06056	0.04049	0.01986	0.01548	0.01187	0.04231	0.00278	0.01305	0.00630	0.04600	0.00976
3	0.02401	0.06525	0.02606	0.02666	0.17204	0.29615	0.04499	0.03016	0.11122	0.02447	0.02352	0.02512	0.07532	0.00973	0.00801	0.00239	0.01114	0.00775	0.00513	0.01085
4	0.01122	0.00842	0.01104	0.01104	0.01281	0.00824	0.00825	0.01422	0.01889	0.02591	0.29700	0.14531	0.16017	0.03131	0.19156	0.00568	0.00910	0.01497	0.00742	0.00743
5	0.01630	0.12943	0.34505	0.02086	0.02915	0.01854	0.09643	0.02268	0.01732	0.02417	0.02189	0.17807	0.02121	0.01192	0.00839	0.00270	0.01025	0.01044	0.00459	0.01061
6	0.02434	0.55331	0.03901	0.01563	0.02235	0.10745	0.01461	0.09639	0.02025	0.02347	0.01268	0.01429	0.01107	0.00761	0.00593	0.00190	0.00963	0.00490	0.00419	0.01095
7	0.01272	0.17354	0.01665	0.00977	0.01359	0.01307	0.00816	0.01496	0.01845	0.02176	0.06714	0.06434	0.50236	0.01777	0.00877	0.00256	0.00530	0.01447	0.00674	0.00787
8	0.02648	0.01979	0.02106	0.01661	0.02235	0.02137	0.01357	0.48402	0.03434	0.04535	0.03499	0.03401	0.16381	0.01257	0.00866	0.00257	0.00799	0.00984	0.00817	0.01246
9	0.02268	0.38924	0.03122	0.01416	0.01994	0.02556	0.01288	0.16484	0.02200	0.02928	0.01685	0.01902	0.01389	0.01101	0.03970	0.00255	0.00871	0.00597	0.13971	0.01079
10	0.02036	0.02210	0.02207	0.01971	0.02128	0.20676	0.01574	0.02254	0.01595	0.01992	0.01412	0.02065	0.01316	0.02403	0.17346	0.00549	0.34270	0.00711	0.00401	0.00885
11	0.01211	0.00931	0.01125	0.01116	0.01340	0.00888	0.00849	0.01715	0.07841	0.02882	0.33990	0.13487	0.20168	0.01893	0.00992	0.00287	0.00468	0.07170	0.00845	0.00800
12	0.08161	0.27545	0.02493	0.01329	0.01752	0.05013	0.01139	0.04737	0.01711	0.02267	0.02682	0.03175	0.11998	0.09185	0.09416	0.00427	0.04760	0.00831	0.00490	0.00894

[dist]
# distance from previous block
# <min> <max>
0	12

[block]
# block no. 6 follows, 22 sequences, length 10
# corresponding to MSA columns:
# 233-242
name=unknown_G
#
# <colnr> <probs for GDERKNQSTAVLIFYWHMCP>
#	G	D	E	R	K	N	Q	S	T	A	V	L	I	F	Y	W	H	M	C	P
0	0.01866	0.01650	0.01702	0.01525	0.01863	0.10419	0.01182	0.10844	0.07743	0.02617	0.02124	0.02808	0.01863	0.07617	0.32390	0.00780	0.01552	0.00807	0.00543	0.08105
1	0.01555	0.05416	0.01512	0.01306	0.01512	0.01188	0.00994	0.06794	0.05265	0.02268	0.02608	0.16940	0.02698	0.02710	0.10231	0.25040	0.00889	0.06755	0.00567	0.03753
2	0.02119	0.28757	0.18381	0.02295	0.13236	0.02347	0.01966	0.02598	0.01824	0.08496	0.05515	0.02030	0.01626	0.00867	0.00818	0.00233	0.04621	0.00654	0.00464	0.01154
3	0.06014	0.09969	0.08746	0.02575	0.18453	0.14715	0.05530	0.02397	0.01926	0.02434	0.02985	0.03149	0.15600	0.01071	0.00802	0.00245	0.00980	0.00883	0.00490	0.01037
4	0.05047	0.03258	0.29999	0.14322	0.10527	0.14447	0.05800	0.02658	0.01865	0.02483	0.01454	0.01830	0.01100	0.00798	0.00792	0.00255	0.01218	0.00648	0.00386	0.01114
5	0.02260	0.14535	0.03047	0.03005	0.24274	0.15828	0.01910	0.02780	0.07804	0.02388	0.01525	0.01872	0.01299	0.00921	0.01091	0.00252	0.12982	0.00663	0.00438	0.01128
6	0.08899	0.01684	0.08283	0.01809	0.07985	0.01501	0.01387	0.12027	0.02100	0.03078	0.10066	0.20367	0.06348	0.01486	0.00972	0.00276	0.04491	0.01246	0.00657	0.05335
7	0.23580	0.13410	0.07988	0.01278	0.01772	0.05582	0.01155	0.05135	0.01735	0.02897	0.02063	0.02508	0.04874	0.07607	0.00967	0.00283	0.00757	0.00689	0.14805	0.00915
8	0.26210	0.06100	0.10879	0.05166	0.08220	0.01797	0.01451	0.08331	0.01777	0.02996	0.01959	0.02630	0.04585	0.13179	0.01308	0.00350	0.00841	0.00743	0.00507	0.00969
9	0.01727	0.10320	0.09495	0.02381	0.14821	0.05171	0.04222	0.02091	0.01672	0.02241	0.02461	0.08556	0.07857	0.05431	0.07682	0.00402	0.11062	0.00963	0.00465	0.00978

[dist]
# distance from previous block
# <min> <max>
20	78

[block]
# block no. 7 follows, 22 sequences, length 6
# corresponding to MSA columns:
# 321-326
name=unknown_H
#
# <colnr> <probs for GDERKNQSTAVLIFYWHMCP>
#	G	D	E	R	K	N	Q	S	T	A	V	L	I	F	Y	W	H	M	C	P
0	0.01863	0.05041	0.02127	0.02396	0.20105	0.06278	0.01460	0.02496	0.10316	0.06544	0.19622	0.04056	0.11770	0.01251	0.00870	0.00255	0.00726	0.01080	0.00685	0.01061
1	0.02290	0.02968	0.21317	0.02050	0.02714	0.18535	0.04957	0.02851	0.04446	0.10291	0.01934	0.06984	0.01596	0.01033	0.00993	0.00258	0.07703	0.00786	0.00519	0.05775
2	0.06982	0.01183	0.01278	0.01253	0.01570	0.01228	0.00984	0.02327	0.19846	0.02821	0.09647	0.10075	0.24552	0.01756	0.00940	0.00298	0.00564	0.11005	0.00783	0.00908
3	0.02234	0.06763	0.28554	0.02752	0.16143	0.16310	0.02347	0.02944	0.05608	0.06248	0.01659	0.01882	0.01258	0.00823	0.00781	0.00245	0.01156	0.00647	0.00449	0.01196
4	0.01654	0.02783	0.32781	0.01884	0.02648	0.01715	0.02037	0.02887	0.21228	0.02798	0.02997	0.11787	0.06772	0.01233	0.00857	0.00280	0.00891	0.01032	0.00592	0.01143
5	0.02208	0.28205	0.25681	0.02166	0.07130	0.16792	0.02119	0.02724	0.01871	0.02262	0.01329	0.01567	0.01079	0.00772	0.00690	0.00220	0.01148	0.00544	0.00374	0.01118

[dist]
# distance from previous block
# <min> <max>
1	18

[block]
# block no. 8 follows, 22 sequences, length 26
# corresponding to MSA columns:
# 345-370
name=unknown_I
#
# <colnr> <probs for GDERKNQSTAVLIFYWHMCP>
#	G	D	E	R	K	N	Q	S	T	A	V	L	I	F	Y	W	H	M	C	P
0	0.02254	0.02459	0.01859	0.01662	0.02037	0.29476	0.01280	0.09680	0.04877	0.02545	0.03833	0.03828	0.22707	0.01350	0.00996	0.00255	0.06358	0.01001	0.00604	0.00940
1	0.01634	0.13300	0.05192	0.01251	0.01630	0.05517	0.01049	0.07156	0.02041	0.02599	0.17477	0.04762	0.17761	0.13486	0.01432	0.00342	0.00713	0.01157	0.00648	0.00854
2	0.01924	0.02444	0.17315	0.10434	0.46256	0.01952	0.02642	0.02528	0.01840	0.02640	0.01539	0.02004	0.01238	0.00760	0.00816	0.00253	0.01052	0.00712	0.00394	0.01260
3	0.01880	0.01836	0.03215	0.20395	0.33354	0.01864	0.12137	0.02409	0.01826	0.02556	0.01551	0.02088	0.01245	0.00742	0.00827	0.00246	0.01043	0.00751	0.00411	0.09623
4	0.18504	0.01837	0.02105	0.19129	0.15833	0.09683	0.01660	0.04513	0.01858	0.02724	0.02545	0.02833	0.11523	0.01015	0.00773	0.00258	0.00908	0.00815	0.00499	0.00985
5	0.02526	0.06180	0.19030	0.02412	0.05622	0.22418	0.09854	0.16509	0.02458	0.03017	0.01555	0.01787	0.01178	0.00840	0.00802	0.00243	0.01238	0.00665	0.00495	0.01171
6	0.01798	0.01916	0.01483	0.01380	0.01673	0.23676	0.01035	0.02092	0.02259	0.02663	0.31602	0.04955	0.17281	0.01492	0.00901	0.00249	0.00778	0.01221	0.00718	0.00829
7	0.02221	0.71304	0.04353	0.01421	0.02132	0.03287	0.01421	0.02488	0.01688	0.01955	0.01155	0.01333	0.01066	0.00711	0.00533	0.00178	0.00888	0.00444	0.00355	0.01066
8	0.01187	0.00890	0.01335	0.01335	0.01483	0.01038	0.01038	0.01483	0.01335	0.01928	0.02225	0.03264	0.02077	0.06231	0.67512	0.01335	0.02225	0.00890	0.00445	0.00742
9	0.01165	0.00849	0.01096	0.01034	0.01235	0.00779	0.00775	0.01547	0.02326	0.03272	0.62062	0.06304	0.10998	0.01721	0.00980	0.00262	0.00394	0.01516	0.00907	0.00779
10	0.01373	0.01236	0.02191	0.14670	0.02809	0.01316	0.13824	0.01762	0.01592	0.02166	0.02582	0.20264	0.02612	0.03120	0.23829	0.00657	0.01389	0.01262	0.00510	0.00837
11	0.01795	0.01622	0.02585	0.23956	0.29943	0.01741	0.02106	0.05914	0.01946	0.02618	0.02485	0.03483	0.07112	0.01086	0.00878	0.00275	0.00945	0.07930	0.00497	0.01081
12	0.01052	0.00740	0.00952	0.01105	0.01144	0.00702	0.00716	0.01167	0.01512	0.02016	0.04177	0.56983	0.04988	0.16574	0.01709	0.00433	0.00548	0.02125	0.00716	0.00640
13	0.01012	0.00723	0.00964	0.01157	0.01205	0.00675	0.00771	0.01157	0.01591	0.02121	0.04579	0.70262	0.05495	0.02603	0.01060	0.00337	0.00482	0.02362	0.00771	0.00675
14	0.01687	0.01245	0.01524	0.01372	0.01640	0.01372	0.01055	0.17361	0.02025	0.02758	0.02719	0.03679	0.07033	0.15633	0.34091	0.00879	0.01499	0.00976	0.00581	0.00872
15	0.02030	0.02029	0.09927	0.18820	0.08591	0.01931	0.01862	0.18212	0.11558	0.03252	0.02610	0.06924	0.06419	0.01111	0.00853	0.00270	0.00905	0.00933	0.00616	0.01146
16	0.01058	0.00758	0.00934	0.01055	0.01119	0.00711	0.00686	0.01174	0.01530	0.02006	0.04546	0.46243	0.12124	0.19860	0.01855	0.00449	0.00557	0.01995	0.00703	0.00634
17	0.01885	0.01971	0.01941	0.13648	0.09661	0.19834	0.01550	0.02200	0.01956	0.02233	0.03413	0.04563	0.14984	0.01445	0.00987	0.03058	0.00983	0.12257	0.00548	0.00882
18	0.02561	0.11383	0.10116	0.02861	0.19240	0.35266	0.01998	0.02940	0.02086	0.02271	0.01366	0.01655	0.01132	0.00801	0.00748	0.00224	0.01261	0.00587	0.00406	0.01098
19	0.01981	0.01622	0.02205	0.06754	0.20002	0.01716	0.01620	0.17897	0.07195	0.03203	0.02772	0.23822	0.02753	0.01435	0.00903	0.00281	0.00789	0.01273	0.00666	0.01112
20	0.01012	0.00723	0.00964	0.01157	0.01205	0.00675	0.00771	0.01157	0.01591	0.02121	0.04579	0.70262	0.05495	0.02603	0.01060	0.00337	0.00482	0.02362	0.00771	0.00675
21	0.01646	0.01542	0.02564	0.41418	0.23183	0.01744	0.02185	0.02136	0.01740	0.02307	0.02104	0.06782	0.05202	0.00989	0.00851	0.00272	0.00992	0.00900	0.00431	0.01012
22	0.10008	0.02521	0.28656	0.15374	0.06309	0.01629	0.02135	0.02176	0.01667	0.02544	0.02140	0.17035	0.02046	0.01196	0.00828	0.00281	0.00960	0.01015	0.00469	0.01011
23	0.05733	0.02368	0.09654	0.16636	0.16058	0.14625	0.01991	0.07194	0.01970	0.02578	0.01594	0.02086	0.01294	0.01624	0.10689	0.00411	0.01300	0.00694	0.00442	0.01056
24	0.02013	0.01949	0.03383	0.10022	0.57701	0.01970	0.05681	0.02522	0.01877	0.02665	0.01562	0.02078	0.01297	0.00745	0.00831	0.00251	0.01018	0.00753	0.00408	0.01275
25	0.02395	0.02097	0.02231	0.02453	0.17427	0.13912	0.01571	0.10619	0.12134	0.10132	0.03240	0.03230	0.12689	0.01126	0.00843	0.00254	0.00890	0.00922	0.00669	0.01167

[dist]
# distance from previous block
# <min> <max>
1	3

[block]
# block no. 9 follows, 22 sequences, length 22
# corresponding to MSA columns:
# 374-395
name=unknown_J
#
# <colnr> <probs for GDERKNQSTAVLIFYWHMCP>
#	G	D	E	R	K	N	Q	S	T	A	V	L	I	F	Y	W	H	M	C	P
0	0.01821	0.04402	0.01514	0.01310	0.01664	0.16163	0.01017	0.06182	0.06455	0.02594	0.04817	0.04943	0.28698	0.01485	0.00847	0.00253	0.00743	0.03717	0.10500	0.00877
1	0.02607	0.07973	0.02532	0.02454	0.12530	0.37487	0.01678	0.03273	0.13690	0.02423	0.01836	0.02193	0.01533	0.00936	0.00779	0.00236	0.01186	0.03057	0.00511	0.01084
2	0.01132	0.00815	0.01028	0.01106	0.01224	0.00770	0.00793	0.01345	0.01761	0.02349	0.17492	0.27747	0.12055	0.15579	0.01664	0.00413	0.00562	0.10735	0.00749	0.00681
3	0.02289	0.06719	0.02126	0.01726	0.02203	0.11136	0.01359	0.11590	0.39152	0.03312	0.02845	0.07310	0.02295	0.01148	0.00824	0.00265	0.00810	0.00925	0.00748	0.01218
4	0.01006	0.00787	0.00912	0.00999	0.01167	0.00693	0.00704	0.01195	0.01776	0.02243	0.09554	0.36923	0.34457	0.02315	0.01018	0.00306	0.00448	0.02024	0.00779	0.00693
5	0.01295	0.01000	0.01428	0.01836	0.13664	0.00967	0.01047	0.01460	0.01599	0.02161	0.07228	0.30170	0.08324	0.16682	0.01831	0.05687	0.00656	0.01591	0.00624	0.00749
6	0.02170	0.62509	0.04124	0.01518	0.02138	0.03193	0.01472	0.02426	0.01635	0.01960	0.01147	0.01394	0.01069	0.00805	0.00811	0.00201	0.09545	0.00480	0.00356	0.01046
7	0.01102	0.00831	0.01009	0.01058	0.01235	0.00758	0.00785	0.01355	0.01905	0.02493	0.21692	0.20773	0.25050	0.06930	0.01247	0.00338	0.00498	0.09440	0.00790	0.00712
8	0.01187	0.00890	0.01335	0.01335	0.01483	0.01038	0.01038	0.01483	0.01335	0.01928	0.02225	0.03264	0.02077	0.06231	0.67512	0.01335	0.02225	0.00890	0.00445	0.00742
9	0.02056	0.01974	0.03372	0.05099	0.65622	0.01974	0.02550	0.02550	0.01892	0.02714	0.01563	0.02056	0.01316	0.00740	0.00822	0.00247	0.00987	0.00740	0.00411	0.01316
10	0.01037	0.00723	0.00971	0.01152	0.01198	0.00678	0.00768	0.01152	0.01561	0.02081	0.04395	0.66289	0.05257	0.02619	0.01189	0.04765	0.00496	0.02265	0.00747	0.00656
11	0.02926	0.02212	0.02362	0.01864	0.02488	0.02468	0.01523	0.50418	0.16719	0.04861	0.02290	0.02230	0.01652	0.01025	0.00834	0.00256	0.00860	0.00789	0.00834	0.01392
12	0.01187	0.00890	0.01335	0.01335	0.01483	0.01038	0.01038	0.01483	0.01335	0.01928	0.02225	0.03264	0.02077	0.06231	0.67512	0.01335	0.02225	0.00890	0.00445	0.00742
13	0.02095	0.01301	0.01358	0.01160	0.01514	0.01386	0.00919	0.22608	0.02476	0.03823	0.02467	0.02723	0.01886	0.00978	0.00666	0.00212	0.00566	0.00765	0.50106	0.00991
14	0.01233	0.01074	0.01753	0.01595	0.01866	0.00995	0.12848	0.01531	0.01769	0.02300	0.04808	0.35772	0.17299	0.02086	0.01040	0.00320	0.00685	0.09545	0.00702	0.00779
15	0.02069	0.11280	0.02782	0.28625	0.07459	0.11848	0.01955	0.06593	0.01861	0.02316	0.01372	0.01890	0.01127	0.00946	0.01147	0.00268	0.14381	0.00668	0.00410	0.01003
16	0.01362	0.01134	0.01612	0.01513	0.01602	0.01422	0.01184	0.01590	0.01302	0.01908	0.01964	0.03142	0.01926	0.13094	0.41738	0.01002	0.20434	0.00886	0.00430	0.00757
17	0.01187	0.00890	0.01335	0.01335	0.01483	0.01038	0.01038	0.01483	0.01335	0.01928	0.02225	0.03264	0.02077	0.06231	0.67512	0.01335	0.02225	0.00890	0.00445	0.00742
18	0.02167	0.02310	0.02858	0.20897	0.31743	0.17591	0.02224	0.02593	0.01911	0.02361	0.01450	0.01953	0.01191	0.00827	0.00903	0.00253	0.04569	0.00690	0.00402	0.01109
19	0.01538	0.00980	0.01257	0.01302	0.01581	0.00909	0.01096	0.01857	0.01968	0.10784	0.05541	0.08069	0.23854	0.02067	0.01053	0.00333	0.00647	0.33532	0.00802	0.00830
20	0.01960	0.10780	0.01828	0.01347	0.01669	0.14336	0.01075	0.02275	0.01951	0.06303	0.15010	0.03147	0.02907	0.01725	0.08930	0.00359	0.03564	0.00850	0.19095	0.00890
21	0.02055	0.07565	0.19146	0.01886	0.02504	0.15181	0.01833	0.07073	0.09952	0.02726	0.04912	0.03423	0.02244	0.01424	0.04192	0.00323	0.01100	0.10833	0.00563	0.01065

[dist]
# distance from previous block
# <min> <max>
0	17

[block]
# block no. 10 follows, 22 sequences, length 65
# corresponding to MSA columns:
# 413-477
name=unknown_K
#
# <colnr> <probs for GDERKNQSTAVLIFYWHMCP>
#	G	D	E	R	K	N	Q	S	T	A	V	L	I	F	Y	W	H	M	C	P
0	0.02284	0.22754	0.02638	0.01610	0.02101	0.18817	0.01345	0.10331	0.06205	0.02558	0.02898	0.02943	0.14134	0.01134	0.00860	0.00234	0.04769	0.00818	0.00551	0.01019
1	0.02991	0.03040	0.02541	0.02427	0.10665	0.32637	0.01716	0.27462	0.02927	0.03425	0.01609	0.01772	0.01241	0.00899	0.00792	0.00233	0.01195	0.00648	0.00590	0.01191
2	0.01206	0.00815	0.00957	0.00957	0.00975	0.00833	0.00567	0.01241	0.01223	0.01649	0.02571	0.05178	0.02908	0.63111	0.11768	0.00869	0.00975	0.01170	0.00496	0.00532
3	0.01028	0.00856	0.00906	0.00930	0.01199	0.00734	0.00723	0.01261	0.01896	0.02275	0.07897	0.08173	0.57470	0.02129	0.01003	0.00294	0.00465	0.09280	0.00771	0.00710
4	0.01706	0.01358	0.01537	0.01248	0.01735	0.01249	0.00984	0.12423	0.05445	0.03243	0.18656	0.04199	0.15838	0.01272	0.00827	0.00218	0.00575	0.01060	0.00728	0.25696
5	0.01643	0.01249	0.01444	0.01404	0.01690	0.01316	0.01036	0.05613	0.24379	0.05369	0.03826	0.36777	0.03892	0.01837	0.00942	0.00300	0.00582	0.01622	0.00799	0.04279
6	0.01187	0.00890	0.01335	0.01335	0.01483	0.01038	0.01038	0.01483	0.01335	0.01928	0.02225	0.03264	0.02077	0.06231	0.67512	0.01335	0.02225	0.00890	0.00445	0.00742
7	0.01041	0.00780	0.00970	0.01081	0.01213	0.00708	0.00764	0.01245	0.01779	0.02325	0.13356	0.43658	0.20684	0.02347	0.01034	0.00315	0.00468	0.04744	0.00789	0.00700
8	0.01723	0.00943	0.00961	0.00898	0.01142	0.00970	0.00689	0.08541	0.01977	0.03329	0.02632	0.02978	0.02052	0.00971	0.00608	0.00200	0.00444	0.00771	0.67329	0.00844
9	0.05734	0.01468	0.01805	0.01463	0.01962	0.01461	0.01185	0.17195	0.02584	0.29564	0.15233	0.03297	0.03023	0.01709	0.08080	0.00373	0.00855	0.00939	0.00875	0.01193
10	0.01184	0.00795	0.00913	0.00937	0.00943	0.00789	0.00536	0.01202	0.01255	0.01674	0.02859	0.13433	0.03325	0.62391	0.03838	0.00748	0.00766	0.01350	0.00536	0.00525
11	0.01012	0.00723	0.00964	0.01157	0.01205	0.00675	0.00771	0.01157	0.01591	0.02121	0.04579	0.70262	0.05495	0.02603	0.01060	0.00337	0.00482	0.02362	0.00771	0.00675
12	0.01971	0.01887	0.03218	0.16250	0.55138	0.01951	0.02507	0.02475	0.01851	0.02611	0.01548	0.02084	0.01279	0.00756	0.00824	0.00252	0.01008	0.00740	0.00404	0.01247
13	0.02134	0.02209	0.02820	0.27164	0.29159	0.15133	0.02237	0.04803	0.01978	0.02460	0.01492	0.01998	0.01195	0.00805	0.00811	0.00251	0.01130	0.00699	0.00415	0.01108
14	0.01666	0.04297	0.66500	0.02368	0.03596	0.01929	0.03069	0.02631	0.01754	0.02631	0.01491	0.01754	0.01052	0.00789	0.00789	0.00263	0.01228	0.00614	0.00351	0.01228
15	0.00982	0.00842	0.00842	0.00842	0.01122	0.00701	0.00631	0.01192	0.01894	0.02244	0.08416	0.07995	0.65285	0.02104	0.00982	0.00281	0.00421	0.01753	0.00771	0.00701
16	0.02354	0.19389	0.02670	0.01888	0.05721	0.20319	0.01466	0.12646	0.02169	0.02566	0.01625	0.02017	0.01394	0.02191	0.17528	0.00495	0.01404	0.00649	0.00481	0.01028
17	0.01804	0.01913	0.01816	0.05162	0.02066	0.18991	0.01335	0.02054	0.01714	0.02039	0.02856	0.03327	0.13267	0.02803	0.21047	0.00593	0.14981	0.00915	0.00481	0.00836
18	0.01018	0.00844	0.00896	0.00908	0.01167	0.00721	0.00687	0.01251	0.01922	0.02346	0.12966	0.10334	0.54820	0.02098	0.00993	0.00286	0.00439	0.04809	0.00783	0.00711
19	0.02094	0.02231	0.02315	0.05349	0.14988	0.21187	0.01699	0.02387	0.01783	0.02213	0.01686	0.05876	0.01559	0.01763	0.09841	0.00407	0.16507	0.00789	0.04359	0.00966
