[name]
unknown

[dist]
# distance from previous block
# <min> <max>
5	34

[block]
# block no. 0 follows, 22 sequences, length 11
# corresponding to MSA columns:
# 34-44
name=unknown_A
#
# <colnr> <probs for GDERKNQSTAVLIFYWHMCP>
#	G	D	E	R	K	N	Q	S	T	A	V	L	I	F	Y	W	H	M	C	P
0	0.06565	0.01986	0.13700	0.01587	0.02190	0.01569	0.01488	0.13962	0.06667	0.16491	0.21017	0.03412	0.03437	0.01170	0.00851	0.00260	0.00741	0.00961	0.00790	0.01155
1	0.02058	0.07281	0.16324	0.04090	0.44346	0.06465	0.02516	0.02614	0.01881	0.02600	0.01502	0.01907	0.01228	0.00756	0.00791	0.00243	0.01064	0.00680	0.00396	0.01257
2	0.01787	0.01693	0.02777	0.13197	0.45215	0.01718	0.02157	0.02236	0.01860	0.02544	0.02830	0.03187	0.13233	0.01007	0.00853	0.00257	0.00898	0.00929	0.00473	0.01146
3	0.02042	0.02175	0.02571	0.22499	0.15151	0.16786	0.02007	0.02406	0.01752	0.02173	0.01403	0.01992	0.01190	0.01275	0.05088	0.00338	0.17068	0.00699	0.00393	0.00992
4	0.25000	0.01804	0.01851	0.01921	0.11393	0.09586	0.03618	0.06575	0.01946	0.07423	0.02214	0.02408	0.05560	0.00930	0.00693	0.00241	0.00789	0.00716	0.14321	0.01012
5	0.01761	0.14718	0.04926	0.01495	0.01857	0.14001	0.01259	0.02083	0.01802	0.02246	0.13573	0.03053	0.02729	0.03101	0.27060	0.00660	0.01453	0.00842	0.00509	0.00873
6	0.01741	0.01679	0.03018	0.21303	0.22956	0.01747	0.15926	0.02205	0.01716	0.02332	0.01766	0.02781	0.01568	0.13994	0.01505	0.00368	0.01081	0.00883	0.00419	0.01010
7	0.01271	0.00948	0.01291	0.13676	0.01925	0.01048	0.00951	0.01436	0.01319	0.01772	0.02323	0.04385	0.02468	0.44374	0.16690	0.00816	0.01156	0.01055	0.00466	0.00631
8	0.01255	0.00963	0.01209	0.01185	0.01223	0.01073	0.00812	0.01345	0.01344	0.01832	0.03089	0.16975	0.07190	0.37911	0.07440	0.00647	0.11974	0.01359	0.00544	0.00630
9	0.02049	0.01670	0.02828	0.35257	0.24555	0.01814	0.05473	0.02559	0.01852	0.11287	0.01767	0.02250	0.01316	0.00822	0.00837	0.00265	0.01028	0.00765	0.00478	0.01129
10	0.07382	0.01734	0.01878	0.01589	0.02085	0.01910	0.01265	0.18535	0.29749	0.09664	0.12202	0.03147	0.02899	0.01148	0.00839	0.00267	0.00686	0.00934	0.00847	0.01241

[dist]
# distance from previous block
# <min> <max>
8	18

[block]
# block no. 1 follows, 22 sequences, length 41
# corresponding to MSA columns:
# 64-104
name=unknown_B
#
# <colnr> <probs for GDERKNQSTAVLIFYWHMCP>
#	G	D	E	R	K	N	Q	S	T	A	V	L	I	F	Y	W	H	M	C	P
0	0.02310	0.02456	0.03385	0.03827	0.33141	0.15681	0.14651	0.06346	0.02095	0.02681	0.01533	0.01963	0.01249	0.00804	0.00928	0.00252	0.04320	0.00747	0.00440	0.01189
1	0.02056	0.01974	0.03372	0.05099	0.65622	0.01974	0.02550	0.02550	0.01892	0.02714	0.01563	0.02056	0.01316	0.00740	0.00822	0.00247	0.00987	0.00740	0.00411	0.01316
2	0.02056	0.01974	0.03372	0.05099	0.65622	0.01974	0.02550	0.02550	0.01892	0.02714	0.01563	0.02056	0.01316	0.00740	0.00822	0.00247	0.00987	0.00740	0.00411	0.01316
3	0.01012	0.00723	0.00964	0.01157	0.01205	0.00675	0.00771	0.01157	0.01591	0.02121	0.04579	0.70262	0.05495	0.02603	0.01060	0.00337	0.00482	0.02362	0.00771	0.00675
4	0.03051	0.02270	0.02493	0.06410	0.02788	0.02527	0.01628	0.58768	0.03755	0.05026	0.01960	0.02009	0.01392	0.00986	0.00831	0.00251	0.00927	0.00747	0.00800	0.01380
5	0.12266	0.02238	0.02336	0.01810	0.02456	0.02488	0.01495	0.55368	0.03597	0.05049	0.01891	0.01915	0.01349	0.00969	0.00792	0.00250	0.00881	0.00711	0.00792	0.01349
6	0.02056	0.01974	0.03372	0.05099	0.65622	0.01974	0.02550	0.02550	0.01892	0.02714	0.01563	0.02056	0.01316	0.00740	0.00822	0.00247	0.00987	0.00740	0.00411	0.01316
7	0.02066	0.01785	0.01878	0.01691	0.02160	0.02066	0.01315	0.04414	0.64121	0.03475	0.03381	0.03099	0.02536	0.01127	0.00845	0.00282	0.00657	0.00939	0.00845	0.01315
8	0.02955	0.01586	0.01905	0.01577	0.02139	0.01614	0.01265	0.04219	0.31084	0.37036	0.03326	0.02954	0.02279	0.01074	0.00840	0.00269	0.00684	0.00884	0.00943	0.01368
9	0.02056	0.01974	0.03372	0.05099	0.65622	0.01974	0.02550	0.02550	0.01892	0.02714	0.01563	0.02056	0.01316	0.00740	0.00822	0.00247	0.00987	0.00740	0.00411	0.01316
10	0.01368	0.01117	0.01606	0.01515	0.01628	0.01403	0.01207	0.01641	0.01344	0.02017	0.01968	0.02889	0.01831	0.04707	0.47123	0.01021	0.19038	0.00842	0.04949	0.00786
11	0.00982	0.00842	0.00842	0.00842	0.01122	0.00701	0.00631	0.01192	0.01894	0.02244	0.08416	0.07995	0.65285	0.02104	0.00982	0.00281	0.00421	0.01753	0.00771	0.00701
12	0.03103	0.03959	0.02354	0.02140	0.02568	0.67469	0.01605	0.03317	0.02354	0.02033	0.01284	0.01498	0.01070	0.00856	0.00749	0.00214	0.01498	0.00535	0.00428	0.00963
13	0.01189	0.00879	0.01281	0.01281	0.01410	0.01009	0.00971	0.01449	0.01319	0.01888	0.02275	0.03539	0.02197	0.14422	0.59484	0.01268	0.02045	0.00930	0.00452	0.00711
14	0.01186	0.00881	0.01154	0.01152	0.01253	0.00925	0.00820	0.01394	0.01626	0.02256	0.18835	0.17310	0.06860	0.20141	0.15749	0.00642	0.05052	0.01427	0.00648	0.00688
15	0.01208	0.00805	0.00906	0.00906	0.00906	0.00805	0.00503	0.01208	0.01208	0.01611	0.02618	0.05436	0.03020	0.70804	0.04228	0.00805	0.00805	0.01208	0.00503	0.00503
16	0.01270	0.01637	0.17471	0.01390	0.01756	0.01014	0.01307	0.01651	0.01634	0.02372	0.03406	0.39134	0.03722	0.05603	0.01091	0.00322	0.00673	0.01614	0.12112	0.00820
17	0.01994	0.01911	0.03260	0.13181	0.58023	0.01958	0.02519	0.02495	0.01862	0.02639	0.01552	0.02076	0.01289	0.00752	0.00823	0.00251	0.01002	0.00740	0.00406	0.01266
18	0.01945	0.01860	0.03171	0.19662	0.51929	0.01945	0.02494	0.02452	0.01839	0.02579	0.01543	0.02092	0.01268	0.00761	0.00824	0.00254	0.01014	0.00740	0.00402	0.01226
19	0.02056	0.01974	0.03372	0.05099	0.65622	0.01974	0.02550	0.02550	0.01892	0.02714	0.01563	0.02056	0.01316	0.00740	0.00822	0.00247	0.00987	0.00740	0.00411	0.01316
20	0.01987	0.01940	0.03435	0.04682	0.54345	0.01919	0.10071	0.02488	0.01884	0.02675	0.01742	0.05789	0.01536	0.00836	0.00855	0.00256	0.01012	0.00859	0.00432	0.01256
21	0.02735	0.01263	0.01769	0.09897	0.02330	0.01177	0.01236	0.03105	0.02279	0.40359	0.20489	0.03701	0.03565	0.01192	0.00875	0.00261	0.00669	0.01011	0.00913	0.01174
22	0.01803	0.20850	0.51148	0.02134	0.03234	0.02265	0.02662	0.02595	0.01738	0.02464	0.01408	0.01650	0.01056	0.00770	0.00726	0.00242	0.01144	0.00572	0.00352	0.01188
23	0.01773	0.10319	0.49280	0.02485	0.03593	0.02090	0.13820	0.02623	0.01786	0.02572	0.01494	0.01803	0.01092	0.00765	0.00800	0.00258	0.01227	0.00665	0.00364	0.01193
24	0.01929	0.02316	0.14278	0.11913	0.23538	0.01908	0.20777	0.02562	0.01899	0.05197	0.04344	0.02288	0.01534	0.00800	0.00873	0.00265	0.01133	0.00828	0.00445	0.01173
25	0.01150	0.01020	0.01270	0.09590	0.07421	0.00955	0.01008	0.01427	0.01865	0.02271	0.06952	0.06755	0.51697	0.01826	0.00949	0.00277	0.00556	0.01538	0.00690	0.00783
26	0.02348	0.01810	0.02378	0.13439	0.02924	0.05003	0.05296	0.15035	0.05569	0.12657	0.01989	0.02337	0.01518	0.01688	0.09446	0.00413	0.13647	0.00788	0.00606	0.01109
27	0.01170	0.00801	0.00970	0.01005	0.01032	0.00810	0.00619	0.01233	0.01294	0.01744	0.02928	0.17044	0.03357	0.50308	0.11488	0.00785	0.00922	0.01380	0.00545	0.00564
28	0.03103	0.03959	0.02354	0.02140	0.02568	0.67469	0.01605	0.03317	0.02354	0.02033	0.01284	0.01498	0.01070	0.00856	0.00749	0.00214	0.01498	0.00535	0.00428	0.00963
29	0.02262	0.02309	0.02176	0.05208	0.09415	0.21223	0.01541	0.13115	0.02326	0.02796	0.06569	0.03179	0.13161	0.01219	0.01082	0.00261	0.09657	0.00908	0.00578	0.01016
30	0.01153	0.01544	0.14546	0.01231	0.01664	0.00963	0.01178	0.01534	0.01878	0.02444	0.13614	0.15609	0.35866	0.01852	0.00953	0.00283	0.00594	0.01574	0.00702	0.00817
31	0.01994	0.01911	0.03260	0.13181	0.58023	0.01958	0.02519	0.02495	0.01862	0.02639	0.01552	0.02076	0.01289	0.00752	0.00823	0.00251	0.01002	0.00740	0.00406	0.01266
32	0.01670	0.01580	0.02675	0.55561	0.18177	0.01872	0.02358	0.02211	0.01709	0.02246	0.01494	0.02182	0.01151	0.00812	0.00829	0.00271	0.01082	0.00739	0.00378	0.01005
33	0.01956	0.01871	0.03191	0.18219	0.53287	0.01947	0.02500	0.02462	0.01844	0.02592	0.01545	0.02089	0.01273	0.00759	0.00824	0.00253	0.01012	0.00740	0.00403	0.01235
34	0.01839	0.01761	0.03031	0.04018	0.43302	0.01787	0.08301	0.02269	0.01802	0.02552	0.02096	0.14555	0.02061	0.01125	0.01010	0.00275	0.05530	0.01061	0.00475	0.01151
35	0.01046	0.00745	0.00979	0.01126	0.01189	0.00697	0.00755	0.01212	0.01661	0.02240	0.12135	0.57776	0.05625	0.07075	0.01263	0.00359	0.00492	0.02175	0.00771	0.00677
36	0.01971	0.02469	0.16569	0.04457	0.49879	0.01970	0.05447	0.02572	0.01866	0.02694	0.01553	0.02002	0.01259	0.00749	0.00823	0.00252	0.01056	0.00725	0.00399	0.01288
37	0.06184	0.16087	0.25710	0.01860	0.02578	0.14006	0.01943	0.02480	0.01745	0.02309	0.01523	0.01918	0.01263	0.01917	0.14592	0.00460	0.01387	0.00615	0.00395	0.01029
38	0.01447	0.01165	0.01328	0.01232	0.01534	0.01206	0.00940	0.02474	0.23222	0.03209	0.35270	0.05435	0.15107	0.01569	0.00935	0.00271	0.00487	0.01351	0.00868	0.00951
39	0.02249	0.01795	0.02004	0.01498	0.02194	0.01683	0.01214	0.23649	0.06258	0.03645	0.01774	0.01902	0.01374	0.00781	0.00705	0.00177	0.00723	0.00609	0.00633	0.45133
40	0.02998	0.02216	0.02375	0.01844	0.02463	0.02453	0.01506	0.56709	0.06486	0.04950	0.02093	0.02240	0.01555	0.04957	0.01024	0.00282	0.00896	0.00783	0.00813	0.01357

[dist]
# distance from previous block
# <min> <max>
0	7

[block]
# block no. 2 follows, 22 sequences, length 30
# corresponding to MSA columns:
# 112-141
name=unknown_C
#
# <colnr> <probs for GDERKNQSTAVLIFYWHMCP>
#	G	D	E	R	K	N	Q	S	T	A	V	L	I	F	Y	W	H	M	C	P
0	0.01887	0.01547	0.02527	0.01933	0.02506	0.01389	0.18277	0.02287	0.01815	0.10071	0.02363	0.16075	0.02205	0.01142	0.00950	0.00240	0.04566	0.01066	0.00586	0.26568
1	0.01208	0.00805	0.00906	0.00906	0.00906	0.00805	0.00503	0.01208	0.01208	0.01611	0.02618	0.05436	0.03020	0.70804	0.04228	0.00805	0.00805	0.01208	0.00503	0.00503
2	0.01847	0.01904	0.03028	0.02452	0.02625	0.02453	0.14297	0.02135	0.01414	0.02135	0.01212	0.01904	0.01125	0.01299	0.02368	0.00346	0.55348	0.00779	0.00375	0.00952
3	0.01171	0.00834	0.01020	0.00982	0.01119	0.00784	0.00677	0.01416	0.01931	0.02665	0.39542	0.06096	0.10982	0.24863	0.02067	0.00445	0.00533	0.01425	0.00765	0.00683
4	0.01108	0.00932	0.00972	0.00946	0.01235	0.00841	0.00714	0.01543	0.07853	0.02490	0.14676	0.07318	0.52512	0.01963	0.00969	0.00278	0.00440	0.01646	0.00795	0.00769
5	0.01442	0.00808	0.00939	0.00939	0.01120	0.00852	0.00715	0.01803	0.01622	0.02753	0.02567	0.03146	0.02114	0.02517	0.20277	0.00530	0.00928	0.00808	0.53354	0.00765
6	0.02427	0.02812	0.02531	0.02422	0.08003	0.32203	0.01785	0.02651	0.01822	0.02078	0.01221	0.01693	0.01101	0.01117	0.01652	0.00285	0.32188	0.00640	0.00397	0.00970
7	0.01034	0.00783	0.00907	0.00992	0.01122	0.00707	0.00671	0.01179	0.01644	0.02082	0.05740	0.35041	0.28344	0.13970	0.01567	0.00395	0.00513	0.01929	0.00726	0.00656
8	0.02056	0.01974	0.03372	0.05099	0.65622	0.01974	0.02550	0.02550	0.01892	0.02714	0.01563	0.02056	0.01316	0.00740	0.00822	0.00247	0.00987	0.00740	0.00411	0.01316
9	0.02866	0.17691	0.02773	0.01994	0.02462	0.51461	0.01577	0.03089	0.02170	0.02016	0.01249	0.01478	0.01070	0.00852	0.00791	0.00213	0.04330	0.00525	0.00410	0.00982
10	0.27196	0.30861	0.10409	0.01521	0.02189	0.11380	0.01467	0.02602	0.01695	0.02639	0.01213	0.01411	0.01009	0.00760	0.00587	0.00219	0.00929	0.00479	0.00418	0.01016
11	0.01917	0.02775	0.24639	0.04043	0.39407	0.01970	0.08068	0.02587	0.01852	0.02681	0.01549	0.01971	0.01223	0.00753	0.00825	0.00255	0.01104	0.00719	0.00392	0.01269
12	0.01085	0.00773	0.01008	0.01096	0.01189	0.00723	0.00751	0.01299	0.01810	0.02479	0.24683	0.42799	0.06049	0.08636	0.01328	0.00355	0.00482	0.01967	0.00794	0.00695
13	0.01714	0.01735	0.03342	0.03176	0.18861	0.01652	0.28886	0.02222	0.01918	0.02633	0.08448	0.13679	0.05510	0.01173	0.00953	0.00279	0.01009	0.01225	0.00537	0.01048
14	0.02417	0.01926	0.01761	0.01527	0.01882	0.15004	0.01136	0.16915	0.04453	0.11397	0.02484	0.09138	0.02308	0.21809	0.01843	0.00417	0.00927	0.01003	0.00673	0.00982
15	0.01885	0.01084	0.01337	0.01224	0.01543	0.01008	0.00929	0.07773	0.02175	0.17990	0.13862	0.25259	0.16907	0.01835	0.00956	0.00287	0.00551	0.01589	0.00860	0.00944
16	0.05085	0.01943	0.03435	0.12170	0.39623	0.02013	0.14517	0.02484	0.01821	0.02632	0.01531	0.02069	0.01249	0.00786	0.00953	0.00264	0.05052	0.00775	0.00409	0.01188
17	0.01926	0.01928	0.02861	0.34820	0.31431	0.08128	0.02346	0.02421	0.01827	0.02371	0.01496	0.02078	0.01194	0.00794	0.00819	0.00258	0.01092	0.00720	0.00393	0.01097
18	0.26558	0.01097	0.01135	0.01092	0.01376	0.01239	0.00860	0.01935	0.01479	0.02867	0.02007	0.02575	0.01698	0.02887	0.25805	0.00645	0.01166	0.00709	0.22066	0.00804
19	0.02828	0.03106	0.02252	0.01904	0.02445	0.40244	0.01471	0.15396	0.02545	0.02837	0.01471	0.01648	0.01174	0.00835	0.00738	0.00202	0.01194	0.00570	0.00525	0.16615
20	0.01279	0.00948	0.01163	0.01106	0.01323	0.00920	0.00840	0.01550	0.01992	0.06086	0.27288	0.14032	0.28404	0.01903	0.01138	0.00287	0.06561	0.01596	0.00800	0.00785
21	0.04852	0.01841	0.10186	0.01571	0.02031	0.01620	0.01370	0.24940	0.02448	0.03430	0.02648	0.22145	0.02593	0.01611	0.01095	0.07446	0.00768	0.01193	0.05198	0.01013
22	0.01494	0.02825	0.37071	0.02287	0.10157	0.01515	0.02238	0.02128	0.01716	0.02470	0.02533	0.24721	0.02571	0.01390	0.00884	0.00286	0.00950	0.01214	0.00499	0.01053
23	0.01640	0.01913	0.09572	0.08667	0.15419	0.10190	0.01670	0.02002	0.01782	0.02292	0.02851	0.32320	0.03092	0.01599	0.00915	0.00287	0.00871	0.01419	0.00563	0.00935
24	0.06306	0.02335	0.08580	0.12607	0.12526	0.10373	0.04054	0.16586	0.02281	0.03070	0.01818	0.02179	0.03289	0.01240	0.04810	0.00323	0.05251	0.00736	0.00516	0.01118
25	0.20238	0.08653	0.02046	0.01509	0.02020	0.13068	0.01230	0.14850	0.02168	0.03258	0.01573	0.01810	0.01259	0.01099	0.03774	0.00272	0.03468	0.00589	0.07203	0.09913
26	0.12034	0.07270	0.02061	0.01787	0.07623	0.12822	0.01301	0.08481	0.05035	0.14666	0.06414	0.03152	0.11733	0.01122	0.00786	0.00247	0.00827	0.00872	0.00681	0.01086
27	0.02205	0.09796	0.02260	0.01762	0.04931	0.04622	0.06649	0.08133	0.02111	0.16874	0.05447	0.25559	0.03125	0.01500	0.00890	0.00274	0.00771	0.01322	0.00727	0.01044
28	0.01956	0.02470	0.15406	0.02586	0.15548	0.07675	0.04102	0.02632	0.07689	0.02609	0.01616	0.01939	0.01304	0.00861	0.01023	0.00238	0.10139	0.00663	0.00455	0.19089
29	0.02694	0.03079	0.07908	0.02010	0.04845	0.37001	0.01600	0.05515	0.02260	0.08502	0.05047	0.01978	0.01578	0.00879	0.00760	0.00215	0.01168	0.00634	0.00530	0.11798

[dist]
# distance from previous block
# <min> <max>
39	199

[block]
# block no. 3 follows, 22 sequences, length 75
# corresponding to MSA columns:
# 343-417
name=unknown_D
#
# <colnr> <probs for GDERKNQSTAVLIFYWHMCP>
#	G	D	E	R	K	N	Q	S	T	A	V	L	I	F	Y	W	H	M	C	P
0	0.02185	0.01785	0.01709	0.01480	0.01860	0.09657	0.01124	0.21136	0.08306	0.05835	0.03432	0.09352	0.12172	0.14436	0.01505	0.00365	0.00819	0.01122	0.00715	0.01004
1	0.01949	0.24981	0.02782	0.08394	0.08588	0.02108	0.01451	0.10693	0.02002	0.02621	0.02164	0.17481	0.02178	0.01192	0.00762	0.00236	0.00804	0.00991	0.00538	0.08083
2	0.01966	0.01703	0.02660	0.17677	0.08979	0.01755	0.12863	0.07099	0.10980	0.06253	0.02192	0.07952	0.01818	0.00982	0.00849	0.00256	0.00928	0.00919	0.00572	0.11597
3	0.02097	0.01260	0.01865	0.02022	0.13464	0.01229	0.01329	0.02454	0.01903	0.20708	0.11630	0.03278	0.02739	0.02806	0.23291	0.00613	0.01219	0.00919	0.00677	0.04497
4	0.20287	0.02064	0.11068	0.04802	0.05079	0.06440	0.01487	0.04900	0.14471	0.03051	0.04949	0.13365	0.02355	0.01201	0.00787	0.00273	0.00802	0.00973	0.00611	0.01033
5	0.04967	0.16481	0.46504	0.02382	0.08786	0.02184	0.02624	0.02589	0.01740	0.02558	0.01420	0.01685	0.01072	0.00769	0.00733	0.00245	0.01118	0.00587	0.00364	0.01192
6	0.02275	0.09231	0.23774	0.01776	0.02526	0.01685	0.01868	0.03004	0.07829	0.20805	0.02831	0.03498	0.04395	0.01152	0.00842	0.00273	0.00894	0.09488	0.00668	0.01186
7	0.09252	0.01606	0.01424	0.01306	0.01545	0.12098	0.00944	0.04720	0.06281	0.04616	0.02427	0.03610	0.04237	0.27779	0.04728	0.00502	0.03955	0.00916	0.07249	0.00806
8	0.01942	0.01725	0.02659	0.17921	0.13608	0.01847	0.10880	0.13487	0.07744	0.03000	0.02523	0.11841	0.04816	0.01154	0.00891	0.00276	0.00939	0.01063	0.00585	0.01098
9	0.01175	0.00812	0.00906	0.00903	0.00951	0.00790	0.00533	0.01221	0.01354	0.01773	0.06079	0.05832	0.12064	0.58136	0.03630	0.00708	0.00733	0.01298	0.00559	0.00543
10	0.01305	0.01061	0.01692	0.01473	0.01651	0.01038	0.12042	0.01490	0.01436	0.01936	0.02807	0.17786	0.03113	0.38303	0.08648	0.00661	0.00976	0.01371	0.00537	0.00673
11	0.01723	0.01477	0.01723	0.01230	0.01969	0.01107	0.00984	0.02092	0.01723	0.02707	0.01477	0.01723	0.01230	0.00615	0.00615	0.00123	0.00615	0.00492	0.00492	0.75883
12	0.01612	0.01217	0.01647	0.23262	0.05617	0.01378	0.01368	0.02357	0.11931	0.02733	0.02544	0.09091	0.02145	0.01093	0.00761	0.00251	0.00701	0.00938	0.28428	0.00926
13	0.05464	0.07408	0.01657	0.01271	0.01649	0.01288	0.01023	0.02502	0.07911	0.18027	0.20683	0.08063	0.08458	0.04773	0.01044	0.00296	0.00606	0.06071	0.00817	0.00989
14	0.02522	0.02588	0.01956	0.01751	0.02176	0.29514	0.01342	0.09049	0.22150	0.02970	0.02255	0.02319	0.01745	0.00974	0.00760	0.00236	0.00992	0.00724	0.12889	0.01087
15	0.00994	0.00840	0.00845	0.00845	0.01110	0.00707	0.00624	0.01193	0.01856	0.02210	0.08102	0.07856	0.61912	0.05825	0.01158	0.00309	0.00442	0.01724	0.00757	0.00691
16	0.01737	0.01649	0.02796	0.46767	0.26445	0.01890	0.02391	0.02270	0.01741	0.02327	0.01506	0.02160	0.01180	0.00799	0.00828	0.00266	0.01066	0.00739	0.00384	0.01059
17	0.02085	0.02166	0.09758	0.11177	0.27120	0.01927	0.19601	0.02744	0.04206	0.08329	0.01800	0.02205	0.01361	0.00784	0.00867	0.00264	0.01106	0.00812	0.00474	0.01215
18	0.02300	0.65282	0.04174	0.01486	0.02171	0.09027	0.01438	0.02562	0.01748	0.01962	0.01166	0.01347	0.01066	0.00724	0.00552	0.00181	0.00943	0.00452	0.00362	0.01057
19	0.01830	0.01743	0.02964	0.34647	0.37840	0.01914	0.02437	0.02352	0.01785	0.02440	0.01523	0.02130	0.01219	0.00782	0.00826	0.00261	0.01043	0.00739	0.00392	0.01134
20	0.01672	0.01976	0.13005	0.28522	0.20628	0.01730	0.02318	0.02246	0.01784	0.02431	0.02040	0.03415	0.01831	0.01069	0.00880	0.00286	0.01032	0.11637	0.00450	0.01049
21	0.01717	0.01978	0.19991	0.01615	0.02119	0.01287	0.01567	0.07956	0.01906	0.08562	0.03030	0.29296	0.03108	0.01791	0.01138	0.07053	0.00791	0.03499	0.00644	0.00951
22	0.02155	0.02005	0.03293	0.04814	0.59984	0.02028	0.02463	0.07942	0.02072	0.02940	0.01601	0.02051	0.01325	0.00763	0.00823	0.00247	0.00980	0.00741	0.00449	0.01325
23	0.02245	0.58666	0.10310	0.01579	0.02316	0.08893	0.01601	0.02576	0.01754	0.02028	0.01200	0.01389	0.01065	0.00731	0.00578	0.00189	0.00976	0.00469	0.00361	0.01073
24	0.01091	0.00798	0.01048	0.01197	0.01309	0.00735	0.00850	0.01281	0.01650	0.02204	0.04527	0.56521	0.07337	0.02438	0.01045	0.00329	0.00523	0.09602	0.00755	0.04761
25	0.02056	0.01974	0.03372	0.05099	0.65622	0.01974	0.02550	0.02550	0.01892	0.02714	0.01563	0.02056	0.01316	0.00740	0.00822	0.00247	0.00987	0.00740	0.00411	0.01316
26	0.03123	0.03385	0.02403	0.02060	0.02571	0.44624	0.01596	0.24276	0.02900	0.03161	0.01534	0.01673	0.01191	0.00906	0.00778	0.00226	0.01293	0.00610	0.00570	0.01121
27	0.01811	0.01022	0.01392	0.01398	0.01645	0.00993	0.01135	0.02144	0.05221	0.14511	0.06187	0.12543	0.03790	0.02093	0.01400	0.12708	0.00698	0.27704	0.00760	0.00844
28	0.02906	0.15868	0.02734	0.01932	0.02471	0.37049	0.01552	0.17494	0.05472	0.02854	0.01528	0.01661	0.01220	0.00876	0.00733	0.00219	0.01207	0.00588	0.00531	0.01106
29	0.02632	0.01996	0.01805	0.01560	0.02026	0.17644	0.01241	0.11246	0.02430	0.20943	0.03901	0.04196	0.16638	0.01350	0.00877	0.00263	0.00871	0.06537	0.00768	0.01076
30	0.01042	0.00798	0.00955	0.01012	0.01183	0.00712	0.00723	0.01272	0.01892	0.02468	0.21114	0.31239	0.28210	0.02193	0.01011	0.00297	0.00437	0.01922	0.00807	0.00712
31	0.03119	0.03492	0.02394	0.02075	0.02571	0.48892	0.01598	0.20360	0.02798	0.02950	0.01487	0.01640	0.01168	0.00896	0.00773	0.00224	0.01331	0.00596	0.00543	0.01092
32	0.03129	0.03177	0.02421	0.02031	0.02572	0.36373	0.01593	0.31846	0.03098	0.03568	0.01625	0.01736	0.01234	0.00924	0.00788	0.00231	0.01218	0.00637	0.00621	0.01179
33	0.01035	0.00844	0.00916	0.00898	0.01155	0.00724	0.00673	0.01296	0.02020	0.02545	0.24099	0.07501	0.49415	0.01992	0.00981	0.00275	0.00413	0.01684	0.00811	0.00724
34	0.01099	0.00833	0.01011	0.01067	0.01249	0.00758	0.00800	0.01355	0.01908	0.02485	0.20337	0.21470	0.26236	0.05301	0.01173	0.00328	0.00497	0.10583	0.00792	0.00716
35	0.01979	0.36117	0.18021	0.01855	0.02480	0.02765	0.01911	0.02380	0.01584	0.02122	0.01213	0.01568	0.01070	0.00941	0.01219	0.00250	0.20546	0.00564	0.00357	0.01058
36	0.01014	0.00789	0.00922	0.01003	0.01171	0.00697	0.00709	0.01212	0.01800	0.02291	0.12036	0.35857	0.32959	0.02290	0.01017	0.00304	0.00446	0.02004	0.00785	0.00697
37	0.30233	0.01618	0.02170	0.31313	0.15187	0.01876	0.01816	0.02323	0.01609	0.02842	0.01371	0.01856	0.01067	0.00791	0.00709	0.00264	0.00908	0.00629	0.00432	0.00986
38	0.01880	0.02050	0.09066	0.23080	0.42632	0.01933	0.02529	0.02435	0.01813	0.02537	0.01531	0.02073	0.01231	0.00771	0.00822	0.00257	0.01044	0.00728	0.00393	0.01195
39	0.03005	0.03772	0.02450	0.02419	0.08507	0.61300	0.01694	0.03245	0.02311	0.02097	0.01310	0.01551	0.01093	0.00845	0.00756	0.00217	0.01450	0.00554	0.00426	0.00996
40	0.02111	0.02135	0.03141	0.13108	0.50596	0.09414	0.02410	0.02581	0.01914	0.02559	0.01520	0.02013	0.01261	0.00765	0.00815	0.00247	0.01061	0.00717	0.00408	0.01224
41	0.02078	0.54011	0.20392	0.01666	0.02510	0.02937	0.01847	0.02525	0.01705	0.02129	0.01242	0.01441	0.01063	0.00731	0.00599	0.00200	0.00976	0.00488	0.00354	0.01108
42	0.01068	0.00831	0.00977	0.01020	0.01225	0.00740	0.00764	0.01323	0.01939	0.02492	0.20230	0.20336	0.34056	0.02131	0.01014	0.00298	0.00461	0.07573	0.00803	0.00721
43	0.01750	0.01119	0.00982	0.00940	0.01173	0.06808	0.00711	0.04417	0.01881	0.03085	0.02555	0.02912	0.02007	0.00959	0.00605	0.00198	0.00507	0.00752	0.65824	0.00816
44	0.02846	0.10006	0.02442	0.02012	0.02444	0.54857	0.01562	0.03082	0.02248	0.02070	0.01579	0.02260	0.01436	0.00984	0.00768	0.00227	0.01368	0.06400	0.00454	0.00953
45	0.01352	0.01179	0.01201	0.01208	0.01466	0.04246	0.00886	0.02050	0.16623	0.02487	0.05641	0.26507	0.28055	0.01971	0.00963	0.00296	0.00549	0.01696	0.00772	0.00851
46	0.01187	0.00890	0.01335	0.01335	0.01483	0.01038	0.01038	0.01483	0.01335	0.01928	0.02225	0.03264	0.02077	0.06231	0.67512	0.01335	0.02225	0.00890	0.00445	0.00742
47	0.01012	0.00723	0.00964	0.01157	0.01205	0.00675	0.00771	0.01157	0.01591	0.02121	0.04579	0.70262	0.05495	0.02603	0.01060	0.00337	0.00482	0.02362	0.00771	0.00675
48	0.01276	0.01137	0.01456	0.17202	0.05523	0.01164	0.01187	0.01783	0.07700	0.02355	0.05959	0.05871	0.41013	0.01643	0.00925	0.00278	0.00634	0.01386	0.00665	0.00842
49	0.05946	0.01640	0.01791	0.01593	0.02064	0.01823	0.01258	0.04003	0.46374	0.12348	0.06143	0.03420	0.02738	0.01178	0.00848	0.00281	0.00657	0.03784	0.00854	0.01257
50	0.02952	0.02154	0.02301	0.01793	0.02404	0.02381	0.01472	0.54200	0.06705	0.04946	0.02131	0.02153	0.01536	0.01001	0.00808	0.00246	0.00852	0.00760	0.07857	0.01348
51	0.01066	0.00761	0.01025	0.01218	0.01290	0.00721	0.00864	0.01249	0.01643	0.02181	0.04549	0.60283	0.05378	0.02552	0.01075	0.00345	0.00528	0.11813	0.00770	0.00690
52	0.01035	0.00859	0.00916	0.00944	0.01211	0.00739	0.00737	0.01271	0.01896	0.02280	0.07817	0.08200	0.56272	0.02132	0.01007	0.00296	0.00472	0.10435	0.00770	0.00711
53	0.03103	0.03959	0.02354	0.02140	0.02568	0.67469	0.01605	0.03317	0.02354	0.02033	0.01284	0.01498	0.01070	0.00856	0.00749	0.00214	0.01498	0.00535	0.00428	0.00963
54	0.00985	0.00830	0.00853	0.00871	0.01130	0.00699	0.00644	0.01189	0.01865	0.02233	0.08054	0.13860	0.59653	0.02151	0.00989	0.00286	0.00427	0.01811	0.00771	0.00699
55	0.01187	0.00890	0.01335	0.01335	0.01483	0.01038	0.01038	0.01483	0.01335	0.01928	0.02225	0.03264	0.02077	0.06231	0.67512	0.01335	0.02225	0.00890	0.00445	0.00742
56	0.01818	0.01818	0.02545	0.02181	0.02181	0.02545	0.01818	0.01999	0.01272	0.01999	0.01091	0.01818	0.01091	0.01454	0.02726	0.00364	0.69284	0.00727	0.00364	0.00909
57	0.01850	0.26438	0.45965	0.02055	0.03112	0.02378	0.02525	0.02584	0.01732	0.02407	0.01380	0.01615	0.01057	0.00763	0.00705	0.00235	0.01116	0.00558	0.00352	0.01174
58	0.02609	0.10399	0.20906	0.02138	0.02821	0.42662	0.02007	0.03043	0.02120	0.02197	0.01331	0.01556	0.01065	0.00823	0.00740	0.00225	0.01363	0.00549	0.00399	0.01049
59	0.09682	0.03749	0.02253	0.02046	0.02482	0.61602	0.01542	0.03239	0.02270	0.02185	0.01273	0.01485	0.01055	0.00848	0.00728	0.00218	0.01422	0.00527	0.00436	0.00957
60	0.01367	0.01156	0.01681	0.01577	0.01683	0.01470	0.01261	0.01631	0.01317	0.01949	0.01900	0.02850	0.01794	0.04863	0.48966	0.01057	0.21422	0.00843	0.00422	0.00790
61	0.02914	0.03656	0.02254	0.02061	0.02461	0.60911	0.01549	0.03136	0.02254	0.02023	0.01377	0.01672	0.01169	0.01387	0.07341	0.00325	0.01570	0.00570	0.00430	0.00941
62	0.01431	0.01262	0.01672	0.01575	0.01702	0.04707	0.01251	0.01697	0.01371	0.01950	0.01910	0.02834	0.01793	0.04833	0.48867	0.01050	0.18042	0.00834	0.00425	0.00792
63	0.01262	0.00948	0.01395	0.01314	0.01538	0.00865	0.06596	0.01537	0.01894	0.05458	0.19409	0.35156	0.15297	0.02052	0.01010	0.00301	0.00547	0.01855	0.00784	0.00782
64	0.01008	0.00843	0.00878	0.00869	0.01138	0.00712	0.00652	0.01243	0.01955	0.02390	0.16027	0.07755	0.57583	0.02050	0.00982	0.00278	0.00417	0.01720	0.00791	0.00712
65	0.01012	0.00723	0.00964	0.01157	0.01205	0.00675	0.00771	0.01157	0.01591	0.02121	0.04579	0.70262	0.05495	0.02603	0.01060	0.00337	0.00482	0.02362	0.00771	0.00675
66	0.02150	0.02151	0.03281	0.04834	0.59983	0.07831	0.02465	0.02618	0.01933	0.02653	0.01538	0.02006	0.01294	0.00751	0.00816	0.00244	0.01033	0.00722	0.00413	0.01284
67	0.01145	0.00887	0.01069	0.01133	0.01368	0.00810	0.00923	0.01447	0.01964	0.02487	0.14699	0.08276	0.34188	0.02121	0.01045	0.00317	0.00549	0.24047	0.00789	0.00737
68	0.01192	0.00877	0.01154	0.01311	0.01483	0.00840	0.01068	0.01484	0.01829	0.02351	0.05183	0.24171	0.16099	0.02336	0.01095	0.00353	0.00632	0.35042	0.00768	0.00731
69	0.01983	0.01899	0.03240	0.14645	0.56647	0.01955	0.02513	0.02486	0.01857	0.02625	0.01550	0.02080	0.01285	0.00754	0.00824	0.00251	0.01005	0.00740	0.00405	0.01257
70	0.01998	0.22942	0.34540	0.02232	0.03186	0.08510	0.10524	0.02659	0.01820	0.02387	0.01402	0.01677	0.01086	0.00761	0.00739	0.00237	0.01181	0.00608	0.00369	0.01143
71	0.01144	0.00850	0.01089	0.01199	0.01371	0.00795	0.00939	0.01423	0.01886	0.02459	0.14539	0.25365	0.19067	0.02247	0.01061	0.00329	0.00553	0.22166	0.00791	0.00729
72	0.02029	0.02050	0.03810	0.04642	0.48079	0.02010	0.19742	0.02581	0.01911	0.02699	0.01596	0.02109	0.01300	0.00729	0.00868	0.00256	0.01105	0.00809	0.00414	0.01260
73	0.05049	0.01238	0.01773	0.07497	0.02059	0.01574	0.01363	0.01732	0.01350	0.02053	0.01787	0.02671	0.01656	0.04144	0.40124	0.00916	0.20975	0.00809	0.00419	0.00812
74	0.01516	0.01274	0.01376	0.01326	0.01664	0.01349	0.01026	0.02715	0.30339	0.02820	0.05373	0.11460	0.25256	0.01720	0.00943	0.00296	0.00569	0.07189	0.00805	0.00986

[dist]
# distance from previous block
# <min> <max>
0	1

[block]
# block no. 4 follows, 22 sequences, length 52
# corresponding to MSA columns:
# 419-470
name=unknown_E
#
# <colnr> <probs for GDERKNQSTAVLIFYWHMCP>
#	G	D	E	R	K	N	Q	S	T	A	V	L	I	F	Y	W	H	M	C	P
0	0.02324	0.02488	0.02522	0.02140	0.02519	0.24118	0.09306	0.08858	0.06233	0.02544	0.01793	0.02455	0.01555	0.01693	0.09006	0.00400	0.14517	0.04019	0.00504	0.01005
1	0.04774	0.01119	0.01430	0.04445	0.01732	0.01294	0.01085	0.04802	0.07981	0.02556	0.02303	0.02969	0.01970	0.03779	0.36200	0.00824	0.04049	0.00834	0.14993	0.00859
2	0.01339	0.00956	0.01339	0.01530	0.01721	0.00956	0.01339	0.01721	0.01912	0.02486	0.04399	0.09371	0.04781	0.02295	0.01147	0.00382	0.00765	0.60031	0.00765	0.00765
3	0.03114	0.03644	0.02381	0.02096	0.02570	0.54925	0.01600	0.14826	0.02654	0.02652	0.01421	0.01594	0.01136	0.00883	0.00765	0.00221	0.01385	0.00576	0.00506	0.01050
4	0.11323	0.01494	0.01478	0.01365	0.01749	0.05470	0.01114	0.15477	0.02318	0.03152	0.04610	0.05739	0.23739	0.01656	0.00915	0.00292	0.00712	0.15748	0.00729	0.00919
5	0.01885	0.01799	0.03063	0.27476	0.44582	0.01929	0.02464	0.02400	0.01811	0.02506	0.01532	0.02112	0.01243	0.00772	0.00825	0.00257	0.01029	0.00740	0.00396	0.01178
6	0.01699	0.01772	0.03201	0.02461	0.02891	0.01916	0.28332	0.02132	0.01765	0.02447	0.08215	0.03318	0.11321	0.01241	0.01540	0.00305	0.22925	0.01061	0.00499	0.00960
7	0.01007	0.00818	0.00892	0.00925	0.01150	0.00704	0.00674	0.01221	0.01877	0.02324	0.13127	0.20410	0.47646	0.02166	0.00998	0.00290	0.00430	0.01852	0.00785	0.00704
8	0.03158	0.02327	0.02493	0.01911	0.02576	0.02576	0.01579	0.62852	0.03906	0.05236	0.01995	0.01995	0.01413	0.00997	0.00831	0.00249	0.00914	0.00748	0.00831	0.01413
9	0.01054	0.00753	0.01012	0.01204	0.01271	0.00711	0.00843	0.01229	0.01631	0.02167	0.04556	0.62513	0.05404	0.02563	0.01071	0.00343	0.00518	0.09700	0.00770	0.00686
10	0.00985	0.00829	0.00854	0.00874	0.01131	0.00699	0.00646	0.01189	0.01862	0.02232	0.08023	0.14374	0.59160	0.02155	0.00990	0.00286	0.00427	0.01816	0.00771	0.00699
11	0.01015	0.00821	0.00906	0.00966	0.01185	0.00713	0.00715	0.01222	0.01823	0.02232	0.07212	0.22965	0.46676	0.02237	0.01012	0.00301	0.00460	0.06069	0.00771	0.00700
12	0.01192	0.00870	0.01233	0.01233	0.01346	0.00983	0.00911	0.01418	0.01305	0.01853	0.02319	0.03783	0.02302	0.21653	0.52398	0.01209	0.01886	0.00966	0.00459	0.00685
13	0.03106	0.03869	0.02362	0.02127	0.02569	0.63870	0.01604	0.06620	0.02440	0.02211	0.01324	0.01526	0.01089	0.00864	0.00754	0.00216	0.01466	0.00547	0.00450	0.00988
14	0.01033	0.00771	0.00967	0.01114	0.01229	0.00705	0.00786	0.01213	0.01689	0.02181	0.05469	0.50418	0.19544	0.02459	0.01049	0.00328	0.00491	0.07095	0.00771	0.00689
15	0.01187	0.00890	0.01335	0.01335	0.01483	0.01038	0.01038	0.01483	0.01335	0.01928	0.02225	0.03264	0.02077	0.06231	0.67512	0.01335	0.02225	0.00890	0.00445	0.00742
16	0.01973	0.01971	0.03604	0.12847	0.44222	0.01986	0.16021	0.02520	0.01878	0.02627	0.01578	0.02118	0.01277	0.00743	0.00859	0.00258	0.01095	0.00794	0.00408	0.01222
17	0.01304	0.01053	0.01525	0.01459	0.01570	0.01297	0.01142	0.01558	0.01315	0.01919	0.02046	0.03155	0.01964	0.09979	0.51146	0.01120	0.14377	0.00883	0.00434	0.00755
18	0.01286	0.00905	0.01197	0.01187	0.01325	0.01009	0.00875	0.01640	0.04802	0.02091	0.02439	0.03722	0.02321	0.19799	0.41110	0.01013	0.01586	0.00950	0.10021	0.00724
19	0.01130	0.00799	0.01003	0.01061	0.01122	0.00804	0.00696	0.01245	0.01391	0.01867	0.03497	0.24891	0.07448	0.33323	0.15297	0.00733	0.00958	0.01531	0.00590	0.00614
20	0.01279	0.01073	0.01147	0.01130	0.01442	0.01049	0.00884	0.02003	0.16152	0.02559	0.06714	0.07061	0.42658	0.01906	0.00973	0.00295	0.00522	0.09515	0.00787	0.00851
21	0.02116	0.02055	0.03384	0.02527	0.03154	0.07686	0.34626	0.10155	0.02190	0.03035	0.01931	0.02348	0.01470	0.00816	0.00845	0.00250	0.01106	0.00862	0.18384	0.01061
22	0.01354	0.00983	0.01490	0.01377	0.01609	0.01040	0.04353	0.01684	0.01639	0.05794	0.13360	0.04020	0.07530	0.04576	0.44135	0.00960	0.01656	0.01057	0.00579	0.00804
23	0.01163	0.00963	0.01034	0.00995	0.01281	0.00894	0.00753	0.01687	0.09915	0.02645	0.20538	0.06970	0.44384	0.01888	0.00964	0.00276	0.00444	0.01593	0.00813	0.00798
24	0.01959	0.01875	0.03197	0.17765	0.53713	0.01948	0.02501	0.02465	0.01846	0.02596	0.01546	0.02088	0.01274	0.00758	0.00824	0.00253	0.01011	0.00740	0.00403	0.01238
25	0.02541	0.02797	0.03328	0.03198	0.18124	0.25286	0.18888	0.10527	0.02331	0.02779	0.01552	0.01902	0.01226	0.00803	0.00842	0.00245	0.01274	0.00736	0.00473	0.01149
26	0.01028	0.00833	0.00916	0.00940	0.01175	0.00720	0.00701	0.01262	0.01918	0.02387	0.15493	0.15735	0.47181	0.02120	0.00999	0.00290	0.00440	0.04359	0.00791	0.00712
27	0.01274	0.00963	0.01276	0.01232	0.01291	0.01110	0.00876	0.01414	0.01266	0.01784	0.02275	0.04133	0.02411	0.36738	0.29124	0.00961	0.09737	0.01023	0.00463	0.00647
28	0.16424	0.02085	0.17075	0.01594	0.02212	0.01602	0.01564	0.09468	0.01937	0.13198	0.02014	0.02311	0.01529	0.02157	0.16664	0.00511	0.01188	0.00708	0.04686	0.01075
29	0.02024	0.02023	0.03055	0.21219	0.44582	0.07794	0.02403	0.02508	0.01874	0.02501	0.01516	0.02047	0.01240	0.00774	0.00818	0.00252	0.01064	0.00721	0.00402	0.01183
30	0.02355	0.54774	0.03857	0.01512	0.02189	0.03048	0.01435	0.14111	0.02101	0.02588	0.01366	0.01548	0.01179	0.01017	0.03631	0.00244	0.00954	0.00523	0.00451	0.01118
31	0.09261	0.30657	0.06554	0.01754	0.02348	0.29798	0.01537	0.02910	0.04293	0.02241	0.01311	0.01493	0.01107	0.00797	0.00647	0.00209	0.01130	0.00511	0.00418	0.01026
32	0.01598	0.01912	0.14184	0.01755	0.07809	0.01301	0.01494	0.04811	0.01901	0.02680	0.03432	0.03866	0.17266	0.01165	0.00806	0.00225	0.00744	0.05121	0.00562	0.27366
33	0.01874	0.01738	0.09737	0.01381	0.01915	0.01419	0.01249	0.18825	0.02473	0.07707	0.05371	0.05153	0.34722	0.01550	0.00905	0.00268	0.00682	0.01261	0.00753	0.01018
34	0.03103	0.03959	0.02354	0.02140	0.02568	0.67469	0.01605	0.03317	0.02354	0.02033	0.01284	0.01498	0.01070	0.00856	0.00749	0.00214	0.01498	0.00535	0.00428	0.00963
35	0.01602	0.01032	0.01468	0.14264	0.02213	0.01107	0.01155	0.01880	0.01592	0.10197	0.02726	0.10787	0.02646	0.18157	0.16582	0.00640	0.01110	0.05302	0.04733	0.00805
36	0.02153	0.07849	0.20590	0.06737	0.14099	0.12142	0.02188	0.07132	0.09611	0.02722	0.01688	0.01952	0.01316	0.00886	0.00907	0.00255	0.05450	0.00676	0.00470	0.01176
37	0.02781	0.02012	0.01959	0.01638	0.02066	0.14332	0.01273	0.22377	0.02512	0.15676	0.01958	0.02213	0.01483	0.01504	0.01492	0.21383	0.00932	0.00717	0.00661	0.01032
38	0.01261	0.00967	0.01345	0.01305	0.01396	0.01136	0.00972	0.01461	0.01292	0.01846	0.02213	0.03721	0.02237	0.23967	0.42612	0.01080	0.09082	0.00962	0.00453	0.00692
39	0.01114	0.00778	0.00989	0.01079	0.01121	0.00775	0.00698	0.01220	0.01403	0.01890	0.03479	0.35325	0.04048	0.30581	0.11062	0.00657	0.00841	0.01703	0.00620	0.00614
40	0.02552	0.16709	0.02887	0.13615	0.09972	0.36369	0.01792	0.02865	0.02053	0.02108	0.01322	0.01648	0.01103	0.00810	0.00728	0.00221	0.01254	0.00574	0.00402	0.01016
41	0.01639	0.01202	0.01446	0.01404	0.01658	0.01251	0.01078	0.17606	0.02244	0.02986	0.03897	0.34031	0.07715	0.02429	0.06945	0.00406	0.00787	0.09630	0.00757	0.00890
42	0.01219	0.00849	0.01082	0.01107	0.01173	0.00890	0.00761	0.01351	0.01334	0.01812	0.02733	0.05323	0.02978	0.43833	0.21725	0.00901	0.01202	0.08604	0.00520	0.00604
43	0.01187	0.00890	0.01335	0.01335	0.01483	0.01038	0.01038	0.01483	0.01335	0.01928	0.02225	0.03264	0.02077	0.06231	0.67512	0.01335	0.02225	0.00890	0.00445	0.00742
44	0.01201	0.00981	0.01082	0.01058	0.01339	0.00926	0.00816	0.01755	0.10478	0.02662	0.19346	0.07067	0.39511	0.01901	0.00977	0.00285	0.00476	0.06518	0.00811	0.00808
45	0.01069	0.00787	0.00981	0.01077	0.01198	0.00725	0.00755	0.01268	0.01762	0.02326	0.15393	0.38810	0.16956	0.08106	0.01305	0.00356	0.00498	0.05167	0.00773	0.00689
46	0.02063	0.50414	0.10701	0.01489	0.02262	0.02716	0.01519	0.02427	0.01702	0.02175	0.01254	0.01454	0.01096	0.00701	0.00577	0.00177	0.00873	0.00472	0.00381	0.15546
47	0.01897	0.32718	0.13225	0.01818	0.02372	0.02568	0.04034	0.02272	0.01564	0.02094	0.01348	0.01794	0.01206	0.01602	0.09637	0.00387	0.17466	0.00615	0.00370	0.01014
48	0.24894	0.30146	0.02720	0.01422	0.01896	0.06506	0.01245	0.02345	0.01546	0.02477	0.01286	0.01780	0.01193	0.07102	0.01167	0.00285	0.10073	0.00558	0.00423	0.00937
49	0.12576	0.04001	0.01226	0.01077	0.01362	0.01045	0.00795	0.01567	0.01663	0.02494	0.08414	0.25917	0.15416	0.07983	0.01164	0.00317	0.00552	0.01472	0.00665	0.10293
50	0.01525	0.01362	0.01218	0.01159	0.01334	0.10810	0.00795	0.04396	0.01677	0.02020	0.03729	0.05103	0.17325	0.35109	0.08439	0.00615	0.00949	0.01187	0.00566	0.00682
51	0.01794	0.01890	0.01574	0.06264	0.01984	0.22720	0.01152	0.02082	0.02131	0.02525	0.24824	0.16856	0.07834	0.01557	0.00909	0.00263	0.00825	0.01310	0.00680	0.00827

[dist]
# distance from previous block
# <min> <max>
0	66

[block]
# block no. 5 follows, 22 sequences, length 72
# corresponding to MSA columns:
# 537-608
name=unknown_F
#
# <colnr> <probs for GDERKNQSTAVLIFYWHMCP>
#	G	D	E	R	K	N	Q	S	T	A	V	L	I	F	Y	W	H	M	C	P
0	0.01894	0.10465	0.10378	0.14136	0.02720	0.12955	0.01564	0.02427	0.08004	0.02199	0.01880	0.02710	0.01675	0.14799	0.01558	0.04101	0.01006	0.00766	0.03854	0.00908
1	0.01790	0.02295	0.16241	0.02821	0.21004	0.06997	0.02045	0.02233	0.01650	0.02302	0.01616	0.02225	0.01397	0.02247	0.16761	0.04639	0.09574	0.00729	0.00399	0.01033
2	0.01536	0.01636	0.05808	0.02388	0.09137	0.01469	0.20893	0.01998	0.01863	0.02459	0.04053	0.04996	0.20695	0.01617	0.03719	0.00337	0.03805	0.10076	0.00570	0.00945
3	0.02309	0.02115	0.05564	0.10931	0.29198	0.02150	0.04940	0.20607	0.07790	0.03456	0.01840	0.02141	0.01412	0.00860	0.00834	0.00256	0.00980	0.00765	0.00566	0.01287
4	0.01949	0.28649	0.05890	0.01529	0.02026	0.05122	0.01381	0.09861	0.01867	0.02401	0.01703	0.02200	0.01505	0.02916	0.26787	0.00645	0.01458	0.00670	0.00454	0.00987
5	0.11463	0.04349	0.07105	0.01467	0.01883	0.04871	0.03719	0.02103	0.01952	0.07268	0.15664	0.08606	0.09783	0.01551	0.00905	0.00289	0.00733	0.14695	0.00697	0.00898
6	0.01392	0.01078	0.01278	0.01188	0.01470	0.00988	0.00852	0.01792	0.07615	0.02306	0.03040	0.22461	0.03279	0.20344	0.01778	0.00401	0.00644	0.05474	0.00626	0.21992
7	0.01100	0.00799	0.01026	0.01065	0.01205	0.00737	0.00756	0.01369	0.01985	0.02723	0.35460	0.30406	0.11379	0.04704	0.01134	0.00312	0.00444	0.01834	0.00833	0.00726
8	0.02372	0.51985	0.08331	0.01644	0.02330	0.17070	0.01578	0.02677	0.01837	0.02020	0.01207	0.01398	0.01066	0.00748	0.00598	0.00192	0.01044	0.00476	0.00371	0.01055
9	0.02149	0.02123	0.01757	0.01550	0.01970	0.20112	0.01190	0.13437	0.08416	0.02926	0.06717	0.09045	0.17205	0.01368	0.00855	0.00249	0.00856	0.01093	0.00679	0.06302
10	0.06656	0.03074	0.15052	0.05044	0.02825	0.21610	0.01900	0.21371	0.02528	0.03235	0.01528	0.01757	0.01167	0.00939	0.00965	0.00254	0.07778	0.00640	0.00533	0.01144
11	0.01007	0.00777	0.00921	0.01023	0.01173	0.00691	0.00715	0.01190	0.01749	0.02226	0.08895	0.41933	0.30012	0.02358	0.01025	0.00311	0.00453	0.02074	0.00778	0.00691
12	0.01102	0.00875	0.01008	0.01056	0.01303	0.00781	0.00846	0.01378	0.01943	0.02418	0.12787	0.08211	0.42579	0.02119	0.01029	0.00308	0.00515	0.18230	0.00783	0.00727
13	0.01836	0.01749	0.02975	0.33842	0.38598	0.01916	0.02440	0.02357	0.01788	0.02447	0.01524	0.02128	0.01222	0.00781	0.00826	0.00260	0.01041	0.00739	0.00392	0.01139
14	0.02812	0.03211	0.02663	0.07594	0.10636	0.44558	0.06637	0.03132	0.02215	0.06727	0.01506	0.01774	0.01188	0.00840	0.00789	0.00231	0.01342	0.00633	0.00463	0.01048
15	0.01153	0.00782	0.00922	0.00977	0.00991	0.00768	0.00579	0.01194	0.01316	0.01755	0.03173	0.23792	0.03721	0.51493	0.03331	0.00673	0.00714	0.01535	0.00579	0.00552
16	0.01012	0.00723	0.00964	0.01157	0.01205	0.00675	0.00771	0.01157	0.01591	0.02121	0.04579	0.70262	0.05495	0.02603	0.01060	0.00337	0.00482	0.02362	0.00771	0.00675
17	0.00988	0.00818	0.00866	0.00904	0.01138	0.00696	0.00659	0.01185	0.01834	0.02220	0.07657	0.20315	0.53455	0.02203	0.00997	0.00292	0.00433	0.01874	0.00771	0.00696
18	0.02823	0.02157	0.02351	0.05372	0.02645	0.02420	0.01556	0.46185	0.17677	0.04666	0.02287	0.02261	0.01656	0.01018	0.00834	0.00258	0.00865	0.00792	0.00810	0.01364
19	0.01000	0.00772	0.00913	0.01026	0.01171	0.00686	0.00713	0.01171	0.01716	0.02172	0.06168	0.44476	0.30255	0.02396	0.01028	0.00314	0.00457	0.02110	0.00771	0.00686
20	0.02967	0.02099	0.02299	0.01788	0.02388	0.02291	0.01464	0.52531	0.03584	0.08124	0.06520	0.02362	0.01904	0.01137	0.00955	0.03781	0.00857	0.00805	0.00825	0.01319
21	0.05269	0.01233	0.01652	0.20340	0.02681	0.01403	0.01329	0.06220	0.01754	0.02651	0.02221	0.02786	0.04123	0.02105	0.15245	0.00478	0.03852	0.00793	0.18903	0.04961
22	0.02176	0.17128	0.02502	0.01833	0.05186	0.25122	0.01412	0.02424	0.01961	0.02180	0.07291	0.03007	0.12641	0.01180	0.01036	0.00243	0.10407	0.00835	0.00499	0.00936
23	0.01042	0.00824	0.00938	0.00952	0.01170	0.00720	0.00698	0.01293	0.01972	0.02531	0.23845	0.17949	0.38974	0.02073	0.00994	0.00285	0.00423	0.01784	0.00812	0.00720
24	0.02022	0.02179	0.08949	0.04858	0.60143	0.01970	0.02595	0.02557	0.01879	0.02707	0.01556	0.02029	0.01293	0.00745	0.00820	0.00248	0.01008	0.00729	0.00406	0.01308
25	0.02025	0.01842	0.02627	0.03452	0.35074	0.01963	0.01957	0.03313	0.28740	0.03031	0.02488	0.02869	0.02014	0.00984	0.00848	0.00269	0.00834	0.03766	0.00616	0.01288
26	0.02012	0.12509	0.02371	0.01764	0.02045	0.16588	0.01441	0.04809	0.01710	0.02116	0.01560	0.02162	0.01424	0.02779	0.23436	0.00621	0.18623	0.00697	0.00424	0.00911
