[name]
unknown

[dist]
# distance from previous block
# <min> <max>
101	255

[block]
# block no. 0 follows, 21 sequences, length 17
# corresponding to MSA columns:
# 302-318
name=unknown_A
#
# <colnr> <probs for GDERKNQSTAVLIFYWHMCP>
#	G	D	E	R	K	N	Q	S	T	A	V	L	I	F	Y	W	H	M	C	P
0	0.11273	0.04227	0.08180	0.02256	0.11270	0.05628	0.01702	0.24090	0.02534	0.03645	0.01730	0.02157	0.01407	0.06412	0.01172	0.00297	0.04936	0.00716	0.00594	0.05775
1	0.02035	0.01909	0.09939	0.01796	0.05802	0.06195	0.01464	0.08730	0.02118	0.10632	0.06766	0.11572	0.13277	0.01595	0.01244	0.06239	0.05847	0.01161	0.00670	0.01006
2	0.01441	0.01090	0.01214	0.01138	0.01394	0.01067	0.00835	0.11199	0.02144	0.02778	0.11485	0.15314	0.27529	0.13345	0.03826	0.00415	0.00649	0.01569	0.00758	0.00810
3	0.01450	0.01208	0.01254	0.01171	0.01506	0.01222	0.00883	0.04812	0.20000	0.02743	0.06276	0.06210	0.37911	0.08035	0.01263	0.00336	0.00560	0.01455	0.00790	0.00916
4	0.02133	0.01696	0.02057	0.02146	0.12887	0.01793	0.01416	0.22410	0.10748	0.03586	0.07155	0.07654	0.11373	0.07623	0.01216	0.00322	0.00773	0.01126	0.00740	0.01143
5	0.01894	0.01770	0.02987	0.11729	0.47014	0.01840	0.02313	0.02371	0.01811	0.02571	0.01709	0.02341	0.01460	0.01750	0.12336	0.00451	0.01246	0.00785	0.00422	0.01199
6	0.01940	0.01818	0.02521	0.03244	0.31806	0.05668	0.01823	0.02524	0.07433	0.02632	0.01893	0.02472	0.01637	0.05310	0.10388	0.00422	0.01117	0.00767	0.00488	0.14097
7	0.01887	0.01747	0.02867	0.14466	0.10831	0.01809	0.15470	0.07199	0.07570	0.02794	0.01926	0.02446	0.01544	0.01788	0.12350	0.00449	0.01268	0.00829	0.00507	0.10253
8	0.02351	0.02304	0.02944	0.03869	0.39103	0.11312	0.02155	0.07801	0.13807	0.03034	0.01949	0.02223	0.01557	0.00871	0.00837	0.00255	0.01016	0.00768	0.00542	0.01304
9	0.07760	0.01820	0.03143	0.31097	0.25570	0.01978	0.11564	0.02437	0.01810	0.02599	0.01549	0.02147	0.01215	0.00793	0.00846	0.00272	0.01101	0.00772	0.00413	0.01113
10	0.01539	0.01408	0.02346	0.56415	0.05104	0.01746	0.02137	0.02060	0.01643	0.02140	0.01646	0.02456	0.01308	0.01816	0.12342	0.00473	0.01334	0.00783	0.00392	0.00913
11	0.01416	0.05921	0.01289	0.01104	0.01299	0.01055	0.00850	0.01728	0.01613	0.02508	0.02826	0.14676	0.02685	0.03086	0.23020	0.00618	0.01087	0.01092	0.31340	0.00786
12	0.01420	0.01027	0.01261	0.01320	0.01479	0.01031	0.00934	0.11785	0.02043	0.02729	0.04229	0.57763	0.04899	0.02379	0.01045	0.00330	0.00571	0.02131	0.00801	0.00823
13	0.02638	0.09467	0.27940	0.02044	0.02927	0.09910	0.02149	0.14681	0.02419	0.14980	0.01919	0.01983	0.01349	0.00898	0.00797	0.00251	0.01095	0.00673	0.00598	0.01283
14	0.01703	0.03805	0.51999	0.13924	0.04097	0.01969	0.05586	0.02606	0.01789	0.02606	0.01533	0.01901	0.01097	0.00812	0.00825	0.00273	0.01244	0.00668	0.00366	0.01198
15	0.01358	0.01130	0.01622	0.08706	0.12768	0.01159	0.01240	0.01610	0.01695	0.02266	0.07401	0.23243	0.12574	0.14769	0.01687	0.00402	0.03405	0.01524	0.00623	0.00819
16	0.01509	0.01289	0.01770	0.13400	0.11250	0.01345	0.01388	0.07200	0.01987	0.02570	0.04670	0.04880	0.27749	0.02362	0.12405	0.00467	0.01005	0.01218	0.00613	0.00922

[dist]
# distance from previous block
# <min> <max>
22	37

[block]
# block no. 1 follows, 21 sequences, length 6
# corresponding to MSA columns:
# 356-361
name=unknown_B
#
# <colnr> <probs for GDERKNQSTAVLIFYWHMCP>
#	G	D	E	R	K	N	Q	S	T	A	V	L	I	F	Y	W	H	M	C	P
0	0.12216	0.01991	0.12313	0.05363	0.10942	0.01659	0.01690	0.10766	0.02283	0.06491	0.19070	0.03502	0.03285	0.01169	0.00855	0.00270	0.00806	0.03555	0.00674	0.01098
1	0.16459	0.20488	0.02790	0.01754	0.02274	0.15507	0.01484	0.14911	0.02222	0.03060	0.01378	0.01613	0.01138	0.00938	0.00969	0.00247	0.10587	0.00580	0.00511	0.01089
2	0.01686	0.01353	0.04368	0.05563	0.13218	0.01265	0.01430	0.02181	0.05228	0.08727	0.16195	0.13451	0.06353	0.02195	0.09997	0.00435	0.00919	0.03745	0.00699	0.00992
3	0.01958	0.02197	0.06491	0.03012	0.18618	0.11040	0.11729	0.02370	0.01818	0.02401	0.01983	0.11382	0.01906	0.01626	0.06792	0.00381	0.11774	0.01001	0.00468	0.01053
4	0.02465	0.03214	0.11614	0.03113	0.22850	0.31734	0.02099	0.02886	0.02136	0.02412	0.01967	0.02239	0.05760	0.00921	0.00815	0.00242	0.01245	0.00718	0.00447	0.01123
5	0.02088	0.06918	0.15235	0.15815	0.05928	0.05051	0.05422	0.15710	0.02277	0.03006	0.02137	0.05892	0.04594	0.01136	0.00979	0.04279	0.01041	0.00856	0.00529	0.01105

[dist]
# distance from previous block
# <min> <max>
16	49

[block]
# block no. 2 follows, 21 sequences, length 11
# corresponding to MSA columns:
# 411-421
name=unknown_C
#
# <colnr> <probs for GDERKNQSTAVLIFYWHMCP>
#	G	D	E	R	K	N	Q	S	T	A	V	L	I	F	Y	W	H	M	C	P
0	0.02081	0.01760	0.01682	0.01508	0.01848	0.10118	0.01133	0.21979	0.02529	0.03194	0.03637	0.22557	0.11004	0.09394	0.01319	0.00345	0.00810	0.01399	0.00733	0.00969
1	0.01406	0.01320	0.01427	0.01716	0.09652	0.08266	0.01075	0.01631	0.01861	0.02284	0.05227	0.32549	0.24284	0.02045	0.00992	0.00300	0.00657	0.01784	0.00703	0.00819
2	0.01881	0.02019	0.09016	0.03880	0.41905	0.01723	0.02207	0.02370	0.01860	0.02692	0.01984	0.10825	0.01868	0.00995	0.00842	0.00249	0.00916	0.00927	0.00475	0.11368
3	0.01970	0.01891	0.10300	0.11061	0.08771	0.01674	0.01679	0.16989	0.02250	0.04753	0.02526	0.17117	0.02457	0.09093	0.01353	0.02396	0.00893	0.01159	0.00622	0.01046
4	0.01800	0.01945	0.11561	0.10877	0.02777	0.01639	0.04449	0.12756	0.08223	0.03041	0.03572	0.12374	0.13831	0.01373	0.00900	0.00276	0.00836	0.01173	0.00650	0.05947
5	0.01859	0.10760	0.01853	0.01330	0.01620	0.01619	0.00997	0.17376	0.02122	0.02795	0.02771	0.18780	0.02970	0.26925	0.02152	0.00477	0.00790	0.01278	0.00646	0.00880
6	0.02160	0.01386	0.01632	0.01459	0.01795	0.01422	0.01098	0.21587	0.02482	0.11815	0.03440	0.31930	0.03522	0.08529	0.01296	0.00352	0.00703	0.01545	0.00819	0.01026
7	0.05579	0.15395	0.08916	0.02213	0.10492	0.10958	0.01727	0.09089	0.10489	0.02864	0.02386	0.02520	0.07304	0.01036	0.00906	0.00253	0.05406	0.00772	0.00549	0.01147
8	0.05875	0.01919	0.02929	0.14358	0.39494	0.02049	0.02247	0.06710	0.10397	0.03013	0.01849	0.02237	0.01470	0.00846	0.00832	0.00263	0.00962	0.00771	0.00509	0.01268
9	0.11797	0.02001	0.02560	0.07601	0.31512	0.07593	0.01909	0.09095	0.02132	0.03038	0.02525	0.02797	0.09897	0.01000	0.00819	0.00258	0.00932	0.00844	0.00532	0.01159
10	0.02088	0.02292	0.11071	0.03447	0.32476	0.05189	0.02163	0.10263	0.04389	0.03029	0.02678	0.03163	0.09014	0.01065	0.00872	0.00266	0.00969	0.03789	0.00548	0.01228

[dist]
# distance from previous block
# <min> <max>
3	9

[block]
# block no. 3 follows, 21 sequences, length 16
# corresponding to MSA columns:
# 431-446
name=unknown_D
#
# <colnr> <probs for GDERKNQSTAVLIFYWHMCP>
#	G	D	E	R	K	N	Q	S	T	A	V	L	I	F	Y	W	H	M	C	P
0	0.11437	0.01409	0.01879	0.11040	0.14317	0.01535	0.01459	0.01910	0.01775	0.02582	0.06168	0.04424	0.25136	0.01426	0.01120	0.00287	0.09458	0.01132	0.00579	0.00928
1	0.01998	0.01989	0.02822	0.16088	0.31268	0.08279	0.02185	0.02486	0.03709	0.02448	0.01615	0.02201	0.01366	0.01432	0.07379	0.00379	0.10048	0.00757	0.00425	0.01125
2	0.02647	0.02932	0.02484	0.08990	0.13344	0.34854	0.01793	0.10491	0.02393	0.02642	0.01799	0.08257	0.01620	0.01044	0.00829	0.00248	0.01230	0.00811	0.00517	0.01075
3	0.02968	0.03334	0.02652	0.02774	0.15423	0.41767	0.01839	0.13845	0.02602	0.02821	0.01506	0.01744	0.01212	0.00879	0.00798	0.00233	0.01319	0.00631	0.00510	0.01144
4	0.01544	0.01471	0.01660	0.02067	0.14592	0.09500	0.01236	0.01795	0.01878	0.02344	0.06875	0.27742	0.17165	0.04832	0.01115	0.00315	0.00732	0.01606	0.00662	0.00869
5	0.01849	0.07412	0.05054	0.10151	0.02449	0.06624	0.01432	0.12928	0.02102	0.02727	0.02626	0.21525	0.02660	0.02458	0.13582	0.00491	0.01153	0.01217	0.00601	0.00960
6	0.02310	0.01954	0.02664	0.14306	0.19137	0.02197	0.01962	0.23736	0.02558	0.03474	0.02221	0.02547	0.06158	0.01071	0.01111	0.00277	0.09676	0.00839	0.00591	0.01211
7	0.02406	0.02341	0.02045	0.01805	0.02190	0.21462	0.01412	0.08657	0.14570	0.06688	0.02938	0.03041	0.09753	0.01626	0.06158	0.00356	0.09951	0.00887	0.00641	0.01073
8	0.01314	0.01177	0.01132	0.01169	0.01403	0.07074	0.00891	0.01539	0.01893	0.02255	0.06147	0.13076	0.34910	0.08733	0.01349	0.00360	0.00653	0.13462	0.00729	0.00735
9	0.04551	0.02954	0.16922	0.02064	0.02581	0.22667	0.01936	0.02669	0.01959	0.04797	0.02069	0.03374	0.01919	0.01274	0.01197	0.00296	0.12482	0.12769	0.00507	0.01014
10	0.02129	0.07538	0.02515	0.05393	0.14349	0.20247	0.01711	0.02402	0.01858	0.02227	0.02038	0.15991	0.02101	0.01336	0.01229	0.00282	0.14156	0.01021	0.00488	0.00990
11	0.02875	0.03130	0.02253	0.02004	0.02483	0.39044	0.01534	0.08276	0.21595	0.05203	0.02122	0.02139	0.01632	0.00982	0.00808	0.00245	0.01188	0.00706	0.00627	0.01152
12	0.04584	0.09039	0.14431	0.01779	0.02431	0.10308	0.01663	0.07616	0.16602	0.09674	0.02831	0.02822	0.07426	0.01288	0.03549	0.00305	0.00989	0.00829	0.00650	0.01182
13	0.02214	0.02762	0.16193	0.04204	0.05241	0.16367	0.01832	0.10881	0.09254	0.02860	0.02215	0.03205	0.01953	0.09984	0.01305	0.00342	0.01092	0.06444	0.00567	0.01085
14	0.01272	0.00936	0.01251	0.01453	0.07187	0.00932	0.00864	0.01433	0.01550	0.02127	0.10917	0.18541	0.04002	0.34310	0.08962	0.00651	0.00860	0.01447	0.00613	0.00693
15	0.01517	0.01552	0.09593	0.01353	0.01768	0.01215	0.01192	0.11660	0.02304	0.03071	0.17425	0.17779	0.22646	0.01804	0.00970	0.00287	0.00628	0.01540	0.00775	0.00922

[dist]
# distance from previous block
# <min> <max>
4	16

[block]
# block no. 4 follows, 21 sequences, length 82
# corresponding to MSA columns:
# 463-544
name=unknown_E
#
# <colnr> <probs for GDERKNQSTAVLIFYWHMCP>
#	G	D	E	R	K	N	Q	S	T	A	V	L	I	F	Y	W	H	M	C	P
0	0.02211	0.02121	0.01901	0.04081	0.04934	0.18253	0.01337	0.08333	0.10450	0.05585	0.03617	0.06368	0.15056	0.01314	0.00868	0.00256	0.00897	0.03740	0.00669	0.08010
1	0.02470	0.02459	0.01989	0.01989	0.07010	0.29932	0.01395	0.02825	0.04886	0.10146	0.05261	0.11664	0.07517	0.01603	0.04740	0.00322	0.01124	0.01033	0.00629	0.01007
2	0.01605	0.07930	0.01929	0.01562	0.05403	0.01471	0.01179	0.02069	0.06117	0.02459	0.03177	0.03617	0.13463	0.02182	0.13494	0.00443	0.05502	0.02807	0.00557	0.23034
3	0.01665	0.01426	0.02255	0.04223	0.04980	0.01593	0.10018	0.02004	0.01662	0.06440	0.03157	0.03655	0.13594	0.02841	0.20448	0.00617	0.16926	0.01040	0.00532	0.00925
4	0.01180	0.00912	0.00971	0.00956	0.01138	0.00858	0.00648	0.01465	0.05780	0.02176	0.08375	0.06738	0.33570	0.28935	0.02311	0.00499	0.00602	0.01508	0.00693	0.00684
5	0.01509	0.01002	0.01246	0.01236	0.01457	0.01001	0.00912	0.01941	0.07995	0.08945	0.04425	0.21392	0.14689	0.11324	0.13955	0.00577	0.00919	0.03909	0.00728	0.00839
6	0.02289	0.01710	0.02518	0.01936	0.02536	0.01673	0.12782	0.09366	0.07068	0.13838	0.02174	0.02433	0.01655	0.01659	0.10124	0.00396	0.05063	0.00798	0.00639	0.19342
7	0.02652	0.14900	0.03419	0.02739	0.11564	0.30586	0.13202	0.06457	0.02244	0.02482	0.01453	0.01760	0.01188	0.00813	0.00790	0.00232	0.01299	0.00661	0.00446	0.01113
8	0.01931	0.02838	0.20650	0.03288	0.04251	0.02107	0.46609	0.02718	0.01954	0.02718	0.01672	0.02167	0.01236	0.00741	0.00954	0.00282	0.01389	0.00908	0.00412	0.01176
9	0.01549	0.01968	0.17119	0.01587	0.02084	0.01419	0.01525	0.02458	0.16019	0.02650	0.06033	0.05124	0.10606	0.14572	0.01588	0.00403	0.00824	0.10847	0.00654	0.00972
10	0.01191	0.00841	0.00959	0.00959	0.01029	0.00828	0.00595	0.01263	0.01385	0.01806	0.03775	0.05847	0.14702	0.50779	0.09916	0.00777	0.00895	0.01312	0.00562	0.00579
11	0.01123	0.00978	0.01193	0.13703	0.02054	0.00940	0.00984	0.01401	0.01874	0.02267	0.07002	0.11160	0.48430	0.01941	0.00982	0.00291	0.00569	0.01639	0.00712	0.00760
12	0.01872	0.01630	0.02425	0.50378	0.04892	0.01945	0.02092	0.13507	0.02158	0.02792	0.02149	0.02672	0.05961	0.00982	0.00863	0.00279	0.01044	0.00836	0.00499	0.01024
13	0.02528	0.01936	0.02104	0.01724	0.02256	0.02139	0.01385	0.34006	0.20646	0.04475	0.14335	0.03190	0.03032	0.01197	0.00885	0.00267	0.00759	0.00970	0.00872	0.01296
14	0.02214	0.02419	0.09333	0.03384	0.31323	0.14084	0.02075	0.02669	0.02078	0.06839	0.08012	0.05585	0.04221	0.01029	0.00857	0.00255	0.01018	0.00893	0.00538	0.01175
15	0.02713	0.07752	0.02723	0.02537	0.11137	0.38181	0.04535	0.03416	0.13889	0.02485	0.01775	0.01951	0.01426	0.00896	0.00793	0.00238	0.01252	0.00671	0.00512	0.01120
16	0.05492	0.01594	0.01968	0.01707	0.02097	0.04123	0.06838	0.09569	0.15539	0.07813	0.09384	0.21166	0.03493	0.01546	0.01001	0.00295	0.03195	0.01344	0.00773	0.01064
17	0.01651	0.01481	0.03732	0.01644	0.04609	0.03709	0.01215	0.05824	0.17728	0.02818	0.03811	0.30816	0.06094	0.01811	0.00960	0.00302	0.00675	0.05010	0.00752	0.05359
18	0.02165	0.01774	0.01869	0.01621	0.02111	0.01974	0.01278	0.17064	0.38176	0.03737	0.04105	0.03856	0.13926	0.01312	0.00889	0.00281	0.00688	0.01074	0.00848	0.01252
19	0.02655	0.02104	0.02157	0.01794	0.02311	0.06473	0.01423	0.38375	0.11764	0.04282	0.02699	0.15046	0.02383	0.01344	0.00893	0.00275	0.00855	0.01095	0.00814	0.01258
20	0.01255	0.01015	0.01461	0.01922	0.13370	0.00964	0.01141	0.01498	0.01769	0.02361	0.06589	0.43933	0.12878	0.02190	0.01029	0.00319	0.00592	0.04162	0.00724	0.00827
21	0.01811	0.04637	0.09632	0.07264	0.32172	0.01761	0.05617	0.02245	0.01724	0.02411	0.01857	0.02957	0.01743	0.18628	0.01736	0.00403	0.01019	0.00871	0.00435	0.01078
22	0.01061	0.00851	0.00981	0.01011	0.01223	0.00785	0.00743	0.01273	0.01752	0.02189	0.06544	0.16616	0.40780	0.06025	0.13703	0.00526	0.00811	0.01699	0.00714	0.00713
23	0.15964	0.01674	0.04669	0.06549	0.22053	0.01719	0.01723	0.06176	0.01777	0.02849	0.01765	0.02366	0.01505	0.02628	0.22314	0.00622	0.01370	0.00747	0.00476	0.01054
24	0.61813	0.01498	0.01229	0.01110	0.01574	0.01698	0.00899	0.02331	0.01632	0.03741	0.13234	0.02332	0.02278	0.00971	0.00618	0.00264	0.00609	0.00667	0.00605	0.00899
25	0.02471	0.15773	0.02787	0.09541	0.09279	0.29289	0.01750	0.04840	0.02146	0.02330	0.01812	0.02785	0.01668	0.01044	0.00802	0.00248	0.01191	0.08738	0.00478	0.01028
26	0.17909	0.08871	0.05380	0.04089	0.05580	0.03585	0.01192	0.01902	0.01659	0.02530	0.03340	0.15895	0.13852	0.01631	0.01077	0.08215	0.00722	0.01156	0.00568	0.00847
27	0.01626	0.14603	0.01887	0.01384	0.01653	0.10762	0.01055	0.01911	0.04464	0.02196	0.03745	0.39754	0.07909	0.01939	0.00922	0.00290	0.00727	0.01670	0.00661	0.00841
28	0.02099	0.25092	0.02720	0.01667	0.02071	0.17912	0.01407	0.02364	0.01817	0.02087	0.01974	0.06607	0.01956	0.02177	0.13474	0.00462	0.05806	0.06904	0.00469	0.00936
29	0.02182	0.02426	0.02185	0.02553	0.16941	0.28038	0.01589	0.02464	0.02018	0.02270	0.02607	0.15263	0.06352	0.01801	0.07159	0.00366	0.01209	0.01073	0.00527	0.00977
30	0.01548	0.01628	0.13477	0.01383	0.01749	0.01164	0.01225	0.02009	0.06280	0.07069	0.05328	0.13427	0.06591	0.26912	0.06041	0.00550	0.00890	0.01259	0.00619	0.00852
31	0.06865	0.02128	0.10965	0.02456	0.15989	0.07582	0.01765	0.08710	0.01982	0.02781	0.02263	0.06528	0.04545	0.02496	0.18575	0.00560	0.01347	0.00887	0.00516	0.01060
32	0.05643	0.02549	0.05598	0.01768	0.02133	0.30345	0.01423	0.02476	0.01921	0.02235	0.05321	0.02528	0.01889	0.03074	0.26595	0.00677	0.01704	0.00748	0.00473	0.00900
33	0.16018	0.09437	0.05252	0.02570	0.15261	0.07915	0.08540	0.02967	0.13547	0.02929	0.02059	0.02267	0.03719	0.00918	0.00834	0.00261	0.03077	0.00751	0.00532	0.01146
34	0.01855	0.02112	0.11297	0.01685	0.02113	0.10144	0.01487	0.10465	0.04331	0.02736	0.03354	0.16276	0.10030	0.04229	0.06138	0.00393	0.04883	0.04872	0.00631	0.00968
35	0.01225	0.01017	0.01095	0.01107	0.01373	0.00979	0.00815	0.01842	0.13561	0.02509	0.06678	0.22198	0.38293	0.02089	0.00999	0.00302	0.00493	0.01789	0.00805	0.00832
36	0.01346	0.01124	0.01223	0.01239	0.01464	0.03847	0.00911	0.04328	0.07711	0.02453	0.05207	0.28336	0.23066	0.02745	0.10462	0.00459	0.00813	0.01712	0.00737	0.00818
37	0.01046	0.00872	0.00959	0.00959	0.01220	0.00784	0.00726	0.01278	0.01831	0.02237	0.07411	0.07265	0.52549	0.02962	0.13544	0.00493	0.00784	0.01627	0.00726	0.00726
38	0.01449	0.14238	0.01946	0.01357	0.01589	0.01535	0.01092	0.01697	0.01414	0.01935	0.02080	0.03233	0.02030	0.14593	0.42006	0.01017	0.04685	0.00866	0.00444	0.00794
39	0.02498	0.41074	0.06340	0.02084	0.09434	0.08754	0.01704	0.13972	0.02251	0.02767	0.01421	0.01611	0.01189	0.00804	0.00669	0.00211	0.00998	0.00564	0.00470	0.01186
40	0.02335	0.01747	0.01919	0.01588	0.02058	0.01881	0.01261	0.33667	0.08816	0.04216	0.14798	0.08615	0.08126	0.03749	0.01031	0.00290	0.00733	0.01152	0.00848	0.01169
41	0.01694	0.14377	0.01878	0.01244	0.01521	0.01621	0.00945	0.05518	0.10186	0.02339	0.02426	0.03802	0.02371	0.30973	0.10166	0.00618	0.00972	0.00954	0.05554	0.00843
42	0.12524	0.12715	0.36896	0.01921	0.02846	0.02065	0.02235	0.05928	0.01934	0.02995	0.08614	0.02211	0.01871	0.00913	0.00756	0.00255	0.01007	0.00692	0.00478	0.01145
43	0.02168	0.02944	0.19731	0.02638	0.16433	0.18083	0.02055	0.02825	0.05596	0.02702	0.01842	0.02143	0.01443	0.00870	0.00768	0.00241	0.01074	0.00688	0.14629	0.01126
44	0.01890	0.01416	0.01102	0.01060	0.01304	0.13364	0.00795	0.02253	0.01904	0.02965	0.02497	0.02860	0.01974	0.00970	0.00628	0.00202	0.00614	0.00746	0.60625	0.00830
45	0.23857	0.09500	0.12502	0.02439	0.15953	0.08999	0.01829	0.04737	0.03970	0.06622	0.01573	0.01789	0.01217	0.00824	0.00709	0.00250	0.00963	0.00610	0.00503	0.01154
46	0.61987	0.01681	0.01379	0.01236	0.01754	0.01949	0.01003	0.02887	0.13239	0.03769	0.01620	0.01724	0.01241	0.00860	0.00591	0.00268	0.00661	0.00556	0.00591	0.01003
47	0.02232	0.06156	0.02502	0.09217	0.17413	0.15781	0.01735	0.06833	0.12965	0.02707	0.02161	0.06959	0.01912	0.06453	0.01105	0.00302	0.01015	0.00882	0.00557	0.01112
48	0.01222	0.01016	0.01328	0.01604	0.10094	0.00919	0.00995	0.01485	0.01893	0.02471	0.12308	0.24775	0.29675	0.02001	0.00991	0.00291	0.00535	0.01751	0.00743	0.03906
49	0.01599	0.00980	0.01199	0.03649	0.01557	0.00872	0.00874	0.01865	0.02040	0.14466	0.14599	0.16911	0.32311	0.01921	0.00984	0.00290	0.00520	0.01644	0.00845	0.00874
50	0.06013	0.02418	0.20565	0.01993	0.04792	0.01673	0.04036	0.03604	0.10908	0.31235	0.02628	0.02503	0.01772	0.00963	0.00834	0.00269	0.00904	0.00790	0.00758	0.01341
51	0.01934	0.02387	0.11211	0.02551	0.15149	0.12865	0.06682	0.04966	0.02062	0.02572	0.03647	0.03786	0.20163	0.01255	0.00999	0.00269	0.04874	0.01035	0.00543	0.01048
52	0.01533	0.01476	0.01314	0.01234	0.01501	0.13351	0.00926	0.01855	0.02296	0.02890	0.38858	0.05879	0.20327	0.01675	0.00959	0.00263	0.00625	0.01412	0.00806	0.00818
53	0.02083	0.01767	0.02207	0.07387	0.15911	0.05862	0.01615	0.13461	0.04648	0.05762	0.03221	0.03467	0.13551	0.01920	0.09982	0.00420	0.04043	0.00977	0.00618	0.01098
54	0.01057	0.00841	0.00948	0.00971	0.01193	0.00732	0.00709	0.01302	0.01987	0.02527	0.20497	0.19480	0.40434	0.02159	0.01021	0.00294	0.00436	0.01857	0.00823	0.00732
55	0.01866	0.02307	0.19485	0.02622	0.17374	0.01630	0.04284	0.05835	0.04680	0.06966	0.03250	0.12400	0.11060	0.01289	0.00899	0.00279	0.00901	0.01129	0.00596	0.01146
56	0.02060	0.08362	0.32264	0.02834	0.16920	0.09773	0.02487	0.06068	0.02032	0.02720	0.01940	0.02193	0.04891	0.00891	0.00806	0.00254	0.01143	0.00712	0.00437	0.01213
57	0.01545	0.01298	0.01800	0.02183	0.16998	0.01306	0.01333	0.05880	0.04760	0.02776	0.13084	0.07092	0.19664	0.02456	0.13490	0.00482	0.00969	0.01251	0.00665	0.00969
58	0.02462	0.02529	0.05922	0.02048	0.05341	0.18094	0.01603	0.15545	0.20720	0.03259	0.02269	0.02425	0.01772	0.01748	0.10014	0.00412	0.01216	0.00782	0.00649	0.01191
59	0.02546	0.17237	0.06390	0.01740	0.02374	0.13863	0.01514	0.18344	0.02467	0.05882	0.01788	0.04160	0.01477	0.01282	0.05148	0.00294	0.01082	0.00686	0.00576	0.11150
60	0.01520	0.01124	0.01456	0.04078	0.01657	0.01191	0.02993	0.09835	0.01760	0.02377	0.02774	0.15222	0.02965	0.31652	0.14943	0.00727	0.01096	0.01282	0.00589	0.00761
61	0.01381	0.01125	0.01645	0.04127	0.01866	0.01367	0.01321	0.01690	0.01481	0.02106	0.02458	0.04219	0.02429	0.04488	0.39758	0.00954	0.14312	0.11969	0.00500	0.00803
62	0.01085	0.00866	0.00923	0.00942	0.01166	0.00764	0.00691	0.01276	0.01808	0.02199	0.07095	0.07824	0.47049	0.15136	0.01657	0.00400	0.00540	0.07156	0.00737	0.00686
63	0.01248	0.00988	0.01146	0.01200	0.01403	0.00978	0.00861	0.01863	0.13523	0.02563	0.09958	0.36685	0.20003	0.02179	0.01018	0.00314	0.00505	0.01918	0.00816	0.00832
64	0.02147	0.14951	0.02408	0.01679	0.02207	0.02355	0.01368	0.04145	0.51509	0.03263	0.03029	0.02830	0.02310	0.01073	0.00805	0.00268	0.00719	0.00865	0.00770	0.01298
65	0.02373	0.26483	0.11745	0.02393	0.12160	0.06986	0.01945	0.13915	0.02204	0.02866	0.01459	0.01730	0.01200	0.00890	0.00938	0.00241	0.08181	0.00621	0.00471	0.01197
66	0.02122	0.01956	0.02101	0.06448	0.09084	0.10917	0.01455	0.10803	0.09764	0.02853	0.04806	0.02957	0.02072	0.14184	0.01640	0.00361	0.06241	0.00854	0.00582	0.08799
67	0.01403	0.01053	0.01410	0.01748	0.13112	0.01053	0.00916	0.01500	0.01371	0.01866	0.02475	0.04908	0.02761	0.56863	0.03666	0.00716	0.00861	0.01146	0.00498	0.00674
68	0.01633	0.02113	0.16852	0.02724	0.21649	0.01533	0.01966	0.02285	0.05566	0.02761	0.10164	0.04459	0.14475	0.01324	0.00918	0.00281	0.00849	0.06761	0.00595	0.01092
69	0.01374	0.01150	0.01556	0.01910	0.13493	0.01067	0.01227	0.01700	0.01928	0.02514	0.08753	0.06776	0.27615	0.05023	0.01152	0.00322	0.00659	0.15847	0.00697	0.05238
70	0.02579	0.09057	0.02924	0.03145	0.25102	0.27337	0.01931	0.05815	0.06324	0.02611	0.01594	0.01871	0.01312	0.00836	0.00779	0.00231	0.01164	0.00652	0.00476	0.04260
71	0.02038	0.05306	0.12268	0.03411	0.31800	0.11272	0.02158	0.02544	0.02067	0.02754	0.13500	0.02756	0.02535	0.00969	0.00845	0.00250	0.01004	0.00844	0.00510	0.01167
72	0.15540	0.01148	0.01334	0.01527	0.08072	0.01152	0.01000	0.01811	0.04536	0.02844	0.14283	0.21197	0.18937	0.01764	0.00911	0.00291	0.00557	0.01510	0.00728	0.00858
73	0.61781	0.01473	0.01201	0.01132	0.01567	0.01677	0.00897	0.02250	0.01483	0.03504	0.01854	0.14386	0.01820	0.01148	0.00633	0.00279	0.00627	0.00834	0.00577	0.00878
74	0.01526	0.01191	0.01386	0.01391	0.01629	0.01272	0.01058	0.02479	0.22397	0.02705	0.07511	0.14781	0.06352	0.14874	0.01645	0.00422	0.00678	0.15025	0.00770	0.00908
75	0.01198	0.00813	0.00959	0.00996	0.01012	0.00810	0.00592	0.01240	0.01318	0.01764	0.03047	0.17677	0.03535	0.54454	0.06428	0.00757	0.00825	0.01449	0.00565	0.00560
76	0.01942	0.01482	0.01603	0.01398	0.01802	0.01534	0.01090	0.25347	0.05427	0.03540	0.05014	0.17699	0.25141	0.01764	0.00954	0.00286	0.00654	0.01476	0.00818	0.01029
77	0.01125	0.00849	0.00861	0.00858	0.01125	0.00736	0.00644	0.01384	0.01931	0.02515	0.09991	0.07151	0.50044	0.01915	0.00927	0.00269	0.00423	0.01593	0.14921	0.00736
78	0.01476	0.00806	0.00806	0.00806	0.01022	0.00779	0.00605	0.01838	0.01814	0.03006	0.03891	0.04130	0.14060	0.01214	0.00673	0.00215	0.00403	0.00985	0.60692	0.00779
79	0.01331	0.01083	0.01153	0.01101	0.01371	0.01076	0.00803	0.02040	0.16248	0.02591	0.12198	0.06327	0.32449	0.14611	0.01596	0.00386	0.00559	0.01468	0.00772	0.00837
80	0.01802	0.06931	0.15243	0.01789	0.02329	0.11081	0.04415	0.02427	0.07776	0.02570	0.09081	0.15653	0.06552	0.01391	0.00959	0.00272	0.03713	0.01157	0.00596	0.04263
81	0.01857	0.01564	0.01701	0.03463	0.04902	0.05806	0.01262	0.13569	0.10320	0.03135	0.07744	0.14122	0.15431	0.01698	0.00966	0.00297	0.00737	0.09655	0.00767	0.01003

[dist]
# distance from previous block
# <min> <max>
1	2

[block]
# block no. 5 follows, 21 sequences, length 52
# corresponding to MSA columns:
# 547-598
name=unknown_F
#
# <colnr> <probs for GDERKNQSTAVLIFYWHMCP>
#	G	D	E	R	K	N	Q	S	T	A	V	L	I	F	Y	W	H	M	C	P
0	0.01906	0.04141	0.08328	0.01895	0.05719	0.04361	0.01563	0.10216	0.14293	0.03060	0.07224	0.04216	0.06610	0.01939	0.08258	0.00412	0.03962	0.10143	0.00675	0.01079
1	0.01393	0.01589	0.11529	0.01406	0.01880	0.01136	0.01275	0.01874	0.03780	0.02574	0.11816	0.12350	0.09591	0.02518	0.15287	0.00492	0.01021	0.01160	0.00611	0.16718
2	0.01803	0.02006	0.11282	0.02349	0.10679	0.01640	0.12698	0.11511	0.02200	0.02935	0.03835	0.07188	0.19037	0.05620	0.01144	0.00312	0.00916	0.01182	0.00608	0.01057
3	0.01715	0.01348	0.01655	0.01364	0.01833	0.01276	0.01080	0.10440	0.02064	0.02997	0.11785	0.03025	0.02631	0.02657	0.21340	0.00554	0.01152	0.00833	0.00607	0.29644
4	0.13149	0.01021	0.01107	0.01032	0.01338	0.00974	0.00793	0.01755	0.02099	0.06437	0.32186	0.06002	0.25675	0.01693	0.00921	0.00273	0.00470	0.01418	0.00828	0.00828
5	0.38473	0.01452	0.01491	0.01252	0.01774	0.01499	0.01020	0.02946	0.01952	0.25689	0.11968	0.02710	0.02470	0.01034	0.00720	0.00264	0.00641	0.00772	0.00779	0.01090
6	0.01423	0.01141	0.01634	0.02093	0.15235	0.01116	0.01236	0.05346	0.01931	0.02626	0.09575	0.42068	0.07132	0.02037	0.01007	0.00310	0.00623	0.01844	0.00727	0.00894
7	0.01214	0.00968	0.01373	0.01777	0.11299	0.00913	0.01062	0.01444	0.01770	0.02369	0.08759	0.46855	0.12484	0.02237	0.01032	0.00318	0.00562	0.02018	0.00742	0.00806
8	0.01977	0.02043	0.06452	0.05963	0.42187	0.04901	0.02215	0.02611	0.06209	0.02877	0.11651	0.02813	0.02458	0.00952	0.00864	0.00258	0.00934	0.00879	0.00529	0.01227
9	0.01261	0.01093	0.01656	0.01396	0.01732	0.00987	0.10398	0.01647	0.02179	0.02909	0.34662	0.06363	0.26957	0.01725	0.01005	0.00278	0.00576	0.01545	0.00805	0.00828
10	0.02194	0.02575	0.04608	0.03366	0.04160	0.12379	0.52175	0.02833	0.02072	0.02624	0.01657	0.02175	0.01260	0.00743	0.00967	0.00276	0.01451	0.00932	0.00432	0.01122
11	0.02996	0.03492	0.02613	0.02700	0.13628	0.47413	0.01812	0.10413	0.02522	0.02607	0.01455	0.01698	0.01184	0.00874	0.00791	0.00230	0.01369	0.00612	0.00486	0.01107
12	0.02467	0.02914	0.02646	0.07032	0.09364	0.36592	0.09515	0.02794	0.02137	0.02260	0.01947	0.12522	0.01869	0.01125	0.00862	0.00256	0.01275	0.00941	0.00487	0.00996
13	0.01123	0.00855	0.01015	0.01095	0.01262	0.00784	0.00773	0.03586	0.01882	0.02425	0.10024	0.41353	0.25997	0.02362	0.01044	0.00317	0.00483	0.02079	0.00802	0.00738
14	0.01221	0.11917	0.01451	0.00970	0.01322	0.01144	0.00786	0.01458	0.01938	0.02328	0.11240	0.06983	0.50553	0.01901	0.00933	0.00269	0.00505	0.01566	0.00733	0.00783
15	0.01941	0.21363	0.32098	0.02575	0.11290	0.02422	0.05281	0.02583	0.01759	0.02460	0.01415	0.01753	0.01132	0.00842	0.00946	0.00255	0.07693	0.00629	0.00373	0.01189
16	0.01864	0.09395	0.14259	0.02757	0.03533	0.02037	0.36237	0.02467	0.01823	0.02476	0.01787	0.02637	0.01522	0.11729	0.01453	0.00359	0.01255	0.00924	0.00425	0.01060
17	0.01456	0.01343	0.01146	0.01125	0.01291	0.11218	0.00756	0.01571	0.01679	0.01965	0.04533	0.10153	0.22897	0.32425	0.02463	0.00521	0.00787	0.01391	0.00611	0.00668
18	0.02317	0.30853	0.09744	0.01725	0.02422	0.02706	0.01623	0.12610	0.21792	0.03106	0.02086	0.02097	0.01629	0.00920	0.00724	0.00237	0.00875	0.00685	0.00601	0.01247
19	0.01986	0.01582	0.01699	0.01385	0.01916	0.01561	0.01104	0.20826	0.09215	0.03498	0.04494	0.04358	0.24594	0.01368	0.00863	0.00243	0.00658	0.01109	0.00757	0.16784
20	0.01243	0.01103	0.03695	0.01135	0.01431	0.00915	0.00885	0.05440	0.01977	0.02543	0.08050	0.27410	0.32885	0.02097	0.00994	0.00294	0.00529	0.01807	0.00766	0.04800
21	0.02537	0.02307	0.01941	0.01688	0.02152	0.20579	0.01310	0.16546	0.10260	0.08544	0.03628	0.07591	0.14630	0.01333	0.00875	0.00262	0.00929	0.01048	0.00734	0.01105
22	0.07589	0.23540	0.14735	0.02035	0.04476	0.29606	0.01847	0.02932	0.02016	0.02312	0.01315	0.01540	0.01087	0.00811	0.00695	0.00222	0.01223	0.00536	0.00407	0.01074
23	0.02225	0.02639	0.11767	0.02474	0.14101	0.20667	0.01832	0.02772	0.05090	0.06080	0.14307	0.03337	0.02898	0.01138	0.00872	0.00260	0.01034	0.04820	0.00599	0.01087
24	0.03193	0.03635	0.02447	0.02133	0.02633	0.50549	0.01638	0.18143	0.02812	0.02909	0.01499	0.01663	0.01185	0.00913	0.00788	0.00228	0.01384	0.00603	0.00542	0.01103
25	0.01734	0.01547	0.01650	0.06038	0.02058	0.07521	0.01218	0.05275	0.17304	0.02611	0.03650	0.12320	0.12304	0.02362	0.11046	0.04726	0.03842	0.01193	0.00659	0.00944
26	0.01379	0.01104	0.01158	0.01057	0.01398	0.01031	0.00816	0.10884	0.02313	0.02896	0.13147	0.07032	0.48817	0.01934	0.00981	0.00280	0.00508	0.01607	0.00815	0.00842
27	0.02867	0.02170	0.02320	0.01829	0.02456	0.02383	0.01492	0.46943	0.13184	0.04795	0.02662	0.02598	0.05570	0.01100	0.00856	0.00258	0.00852	0.00853	0.00838	0.03975
28	0.02169	0.01547	0.01904	0.01967	0.10104	0.01641	0.01316	0.03429	0.30081	0.13151	0.08552	0.03656	0.02922	0.12065	0.01423	0.00363	0.00725	0.01014	0.00789	0.01183
29	0.01544	0.01341	0.01182	0.01147	0.01223	0.11272	0.00718	0.01592	0.01429	0.01732	0.02448	0.04836	0.02737	0.56437	0.06396	0.00752	0.00999	0.01115	0.00501	0.00601
30	0.02929	0.03462	0.02162	0.01960	0.02371	0.53282	0.01477	0.05873	0.02386	0.02407	0.01580	0.01818	0.01284	0.00902	0.00744	0.00218	0.01327	0.00597	0.12246	0.00977
31	0.01848	0.01045	0.01072	0.00978	0.01253	0.01086	0.00757	0.11487	0.02136	0.03520	0.02660	0.02994	0.02065	0.00996	0.00636	0.00207	0.00482	0.00789	0.63093	0.00897
32	0.02837	0.02010	0.02190	0.05427	0.02536	0.08856	0.03268	0.17510	0.12316	0.20534	0.02924	0.02823	0.06031	0.01069	0.00847	0.00255	0.00874	0.00858	0.00798	0.06036
33	0.01683	0.12369	0.01953	0.01469	0.01779	0.06055	0.01169	0.02355	0.14322	0.02512	0.06406	0.22739	0.09382	0.01740	0.01037	0.00296	0.04945	0.06157	0.00694	0.00939
34	0.18041	0.23062	0.02699	0.04239	0.02321	0.16446	0.01361	0.06703	0.01979	0.02763	0.01337	0.01552	0.01110	0.00783	0.00637	0.00208	0.00960	0.00518	0.00471	0.12812
35	0.07228	0.14533	0.20065	0.02667	0.17906	0.06177	0.02123	0.02806	0.04563	0.06448	0.01643	0.01877	0.01279	0.00802	0.00742	0.00236	0.01009	0.00633	0.00467	0.06798
36	0.02790	0.02296	0.02598	0.02568	0.14847	0.06761	0.01761	0.37089	0.09790	0.04271	0.02071	0.02206	0.01561	0.01229	0.03975	0.00309	0.01027	0.00778	0.00721	0.01353
37	0.02816	0.02044	0.02200	0.01741	0.02341	0.02215	0.01420	0.44247	0.08709	0.07954	0.03279	0.03161	0.11566	0.01214	0.00877	0.00264	0.00822	0.00951	0.00854	0.01323
38	0.01189	0.00976	0.01067	0.01079	0.01343	0.00917	0.00811	0.01703	0.09944	0.02533	0.10908	0.17208	0.39966	0.02087	0.01009	0.00301	0.00490	0.04852	0.00810	0.00806
39	0.01090	0.00811	0.00987	0.01091	0.01213	0.00756	0.00761	0.01258	0.01667	0.02145	0.05355	0.35620	0.21391	0.12915	0.04588	0.00452	0.00629	0.05857	0.00733	0.00682
40	0.01146	0.00871	0.01089	0.01144	0.01331	0.00831	0.00873	0.01408	0.01827	0.02380	0.13262	0.16516	0.24520	0.06754	0.11652	0.00514	0.00813	0.11598	0.00740	0.00732
41	0.02046	0.01658	0.02298	0.01816	0.02312	0.01696	0.08035	0.11647	0.02050	0.06833	0.01991	0.06788	0.01738	0.01787	0.10055	0.00397	0.12136	0.00849	0.00577	0.23291
42	0.02018	0.02737	0.22805	0.07134	0.12963	0.05000	0.05658	0.10657	0.06027	0.03029	0.02339	0.03134	0.04171	0.01077	0.00884	0.00280	0.01068	0.07291	0.00541	0.01189
43	0.05587	0.06336	0.24850	0.05446	0.12766	0.25729	0.02313	0.02903	0.02022	0.02483	0.01432	0.01733	0.01123	0.00823	0.00778	0.00245	0.01275	0.00610	0.00406	0.01138
44	0.09812	0.11859	0.21115	0.04801	0.02842	0.08318	0.01955	0.19201	0.02431	0.03362	0.01976	0.02128	0.04783	0.00941	0.00767	0.00250	0.01035	0.00692	0.00547	0.01185
45	0.01738	0.02057	0.10048	0.16677	0.10591	0.09088	0.01836	0.02306	0.05662	0.02382	0.02968	0.06305	0.11592	0.01790	0.08309	0.00399	0.03757	0.00988	0.00511	0.00995
46	0.01108	0.00846	0.01030	0.01056	0.01253	0.00768	0.00781	0.01387	0.02021	0.02671	0.27427	0.20426	0.26608	0.02287	0.03582	0.00339	0.00521	0.04311	0.00830	0.00748
47	0.22973	0.01920	0.01968	0.14373	0.10818	0.11990	0.01521	0.02525	0.05382	0.02943	0.09651	0.02790	0.05833	0.01030	0.00774	0.00262	0.00888	0.00810	0.00557	0.00990
48	0.01785	0.01674	0.01487	0.01496	0.05209	0.14360	0.01050	0.02164	0.05791	0.06470	0.10343	0.05580	0.32923	0.04627	0.01075	0.00292	0.00737	0.01326	0.00719	0.00892
49	0.01419	0.01361	0.01210	0.01170	0.01432	0.11198	0.00869	0.01691	0.02144	0.02624	0.25621	0.11733	0.30686	0.01858	0.00974	0.00275	0.00601	0.01566	0.00783	0.00787
50	0.01876	0.02443	0.16517	0.05978	0.10910	0.10400	0.01855	0.07809	0.02078	0.02663	0.03259	0.03497	0.15658	0.01837	0.09114	0.00402	0.01166	0.00956	0.00535	0.01048
51	0.01674	0.01356	0.01819	0.02205	0.17440	0.01335	0.01332	0.06170	0.07829	0.05305	0.11454	0.13049	0.22394	0.01608	0.00945	0.00281	0.00650	0.01400	0.00735	0.01020

[dist]
# distance from previous block
# <min> <max>
3	5

[block]
# block no. 6 follows, 21 sequences, length 27
# corresponding to MSA columns:
# 604-630
name=unknown_G
#
# <colnr> <probs for GDERKNQSTAVLIFYWHMCP>
#	G	D	E	R	K	N	Q	S	T	A	V	L	I	F	Y	W	H	M	C	P
0	0.02104	0.02379	0.04977	0.02841	0.22774	0.21384	0.01770	0.02476	0.02114	0.02511	0.07724	0.03840	0.12988	0.01229	0.00883	0.00260	0.01018	0.05130	0.00553	0.01042
1	0.01325	0.01081	0.01524	0.06406	0.10419	0.01025	0.01154	0.01589	0.01734	0.02370	0.06754	0.36657	0.08687	0.05352	0.01136	0.00319	0.00634	0.01701	0.00670	0.09463
2	0.02439	0.02388	0.12675	0.01991	0.05527	0.02071	0.01728	0.31444	0.06909	0.04021	0.02379	0.05987	0.04311	0.01066	0.00834	0.00248	0.00888	0.00853	0.00697	0.11545
3	0.01781	0.02550	0.18760	0.05874	0.03116	0.09753	0.16130	0.02355	0.01818	0.02384	0.02239	0.02757	0.05856	0.02331	0.17882	0.00553	0.01533	0.00870	0.00442	0.01014
4	0.06133	0.05600	0.11153	0.02663	0.19730	0.09358	0.01828	0.09768	0.02091	0.02830	0.02279	0.07371	0.05053	0.09071	0.01230	0.00323	0.00984	0.00913	0.00527	0.01095
5	0.01936	0.01472	0.01694	0.01561	0.04117	0.01578	0.01143	0.21139	0.07564	0.03233	0.03505	0.07260	0.12456	0.14626	0.12313	0.00553	0.01013	0.01140	0.00698	0.00999
6	0.01832	0.10029	0.06924	0.01806	0.05587	0.15613	0.01433	0.02151	0.01796	0.02164	0.02853	0.07803	0.10488	0.02772	0.20051	0.00578	0.03733	0.00972	0.00499	0.00915
7	0.02188	0.09544	0.02191	0.01843	0.05321	0.17785	0.01387	0.11776	0.02316	0.02817	0.07214	0.14327	0.02934	0.01663	0.04003	0.00319	0.01009	0.07629	0.00634	0.03101
8	0.01588	0.01299	0.01764	0.09045	0.02220	0.01434	0.04237	0.08800	0.06174	0.02566	0.03311	0.10767	0.10694	0.11544	0.16592	0.00612	0.04673	0.01194	0.00603	0.00886
9	0.08294	0.11830	0.06370	0.02227	0.09703	0.07345	0.01722	0.29715	0.02807	0.03823	0.01800	0.04688	0.01463	0.00996	0.00857	0.00252	0.03486	0.00744	0.00630	0.01250
10	0.01808	0.01955	0.08932	0.07406	0.20566	0.03810	0.05296	0.06700	0.01957	0.02642	0.02889	0.03379	0.11891	0.05060	0.08776	0.00426	0.03965	0.00965	0.00513	0.01065
11	0.01518	0.01031	0.01266	0.01252	0.01470	0.01021	0.00915	0.08505	0.01957	0.06948	0.04533	0.33391	0.14619	0.06656	0.10292	0.00488	0.00816	0.01731	0.00754	0.00836
12	0.09608	0.02572	0.20108	0.05358	0.08961	0.01993	0.02007	0.17979	0.05910	0.09092	0.02130	0.06808	0.01686	0.01031	0.00824	0.00270	0.00951	0.00832	0.00630	0.01250
13	0.02009	0.05077	0.15785	0.11895	0.19239	0.09254	0.02181	0.06984	0.02013	0.02650	0.01992	0.02417	0.04501	0.01538	0.08477	0.00385	0.01248	0.00767	0.00458	0.01131
14	0.01617	0.01200	0.01442	0.01506	0.04866	0.04340	0.01093	0.02007	0.04812	0.08826	0.08659	0.12793	0.17385	0.02875	0.16022	0.00543	0.01023	0.07384	0.00717	0.00888
15	0.01683	0.01292	0.02015	0.02133	0.11099	0.01253	0.08228	0.05006	0.04059	0.07603	0.06724	0.37595	0.04029	0.01849	0.00999	0.00308	0.00721	0.01709	0.00728	0.00967
16	0.02066	0.01835	0.02951	0.05362	0.22181	0.01802	0.13079	0.11432	0.02151	0.03000	0.01906	0.05571	0.01662	0.01100	0.01072	0.06474	0.00973	0.02746	0.00525	0.12114
17	0.07298	0.13639	0.07735	0.02722	0.19722	0.06884	0.01886	0.17553	0.05929	0.03338	0.01966	0.02152	0.03755	0.00910	0.00775	0.00245	0.00966	0.00718	0.00563	0.01246
18	0.05476	0.15207	0.14702	0.02824	0.22860	0.06969	0.02010	0.02451	0.01913	0.02595	0.05884	0.02782	0.08921	0.00991	0.00788	0.00246	0.00959	0.00813	0.00478	0.01131
19	0.01411	0.01128	0.01242	0.04588	0.01626	0.01111	0.00904	0.08541	0.05584	0.02637	0.06125	0.06562	0.38457	0.11862	0.01467	0.00367	0.00615	0.04209	0.00740	0.00824
20	0.02335	0.02390	0.02426	0.02676	0.16923	0.20953	0.01734	0.10707	0.02196	0.02696	0.01951	0.09860	0.01838	0.01711	0.07828	0.00382	0.08890	0.00905	0.00527	0.01071
21	0.01559	0.01157	0.01322	0.01275	0.01526	0.01161	0.00951	0.14382	0.02199	0.02861	0.04815	0.26579	0.18763	0.10561	0.01428	0.00376	0.00641	0.06826	0.00769	0.00848
22	0.09756	0.00884	0.00994	0.01088	0.01262	0.00846	0.00769	0.01370	0.01731	0.02464	0.08556	0.42333	0.20396	0.02266	0.00996	0.00317	0.00492	0.01983	0.00767	0.00731
23	0.14304	0.01402	0.01730	0.01372	0.01957	0.01295	0.01126	0.03651	0.02213	0.49000	0.02967	0.02704	0.01939	0.01007	0.00777	0.00256	0.00676	0.00790	0.09542	0.01294
24	0.01586	0.00793	0.00793	0.00793	0.00991	0.00793	0.00595	0.01983	0.01785	0.03173	0.02776	0.03173	0.02181	0.00991	0.00595	0.00198	0.00397	0.00793	0.74817	0.00793
25	0.03073	0.01995	0.02222	0.01738	0.02341	0.02142	0.01426	0.43195	0.03386	0.15230	0.02352	0.02364	0.01666	0.01280	0.03974	0.00304	0.00910	0.00791	0.08260	0.01349
26	0.02877	0.02212	0.02210	0.01796	0.02358	0.09627	0.01442	0.33200	0.12136	0.10846	0.09946	0.02770	0.02452	0.01116	0.00863	0.00258	0.00879	0.00874	0.00837	0.01300

[dist]
# distance from previous block
# <min> <max>
0	1

[block]
# block no. 7 follows, 21 sequences, length 17
# corresponding to MSA columns:
# 632-648
name=unknown_H
#
# <colnr> <probs for GDERKNQSTAVLIFYWHMCP>
#	G	D	E	R	K	N	Q	S	T	A	V	L	I	F	Y	W	H	M	C	P
0	0.02372	0.02204	0.01982	0.01746	0.02157	0.17758	0.01366	0.19466	0.09371	0.03168	0.02517	0.03117	0.04746	0.05409	0.15571	0.00529	0.01316	0.03496	0.00643	0.01065
1	0.32667	0.02509	0.09051	0.07054	0.06927	0.16177	0.01601	0.06504	0.01927	0.03137	0.01517	0.04618	0.01265	0.00911	0.00704	0.00258	0.00991	0.00649	0.00502	0.01030
2	0.12822	0.03174	0.16128	0.02138	0.06169	0.29025	0.01838	0.02772	0.01946	0.02488	0.01513	0.01891	0.01246	0.01715	0.11197	0.00421	0.01437	0.00623	0.00435	0.01022
3	0.01184	0.00897	0.01253	0.01253	0.01415	0.00990	0.00955	0.01450	0.01448	0.02001	0.03316	0.04286	0.12077	0.10705	0.51418	0.01154	0.01873	0.01077	0.00514	0.00734
4	0.01288	0.00905	0.01039	0.00991	0.01270	0.00785	0.00748	0.01566	0.02107	0.07568	0.24978	0.10019	0.39716	0.01966	0.00997	0.00282	0.00448	0.01673	0.00855	0.00800
5	0.02270	0.01227	0.01562	0.01322	0.01726	0.01162	0.01043	0.06201	0.07242	0.24319	0.35519	0.04697	0.05237	0.01422	0.00935	0.00267	0.00562	0.01220	0.00965	0.01099
6	0.01083	0.00810	0.00961	0.01028	0.01165	0.00737	0.00704	0.01264	0.01774	0.02305	0.14052	0.31487	0.23807	0.12987	0.01560	0.00392	0.00513	0.01915	0.00768	0.00688
7	0.01233	0.11811	0.01538	0.01228	0.01385	0.01115	0.00896	0.01401	0.01645	0.02145	0.04135	0.58735	0.04910	0.02359	0.01001	0.00320	0.00560	0.02108	0.00722	0.00755
8	0.07875	0.30253	0.17039	0.02547	0.12713	0.02567	0.10880	0.02612	0.01796	0.02521	0.01402	0.01713	0.01146	0.00753	0.00715	0.00234	0.01057	0.00622	0.00395	0.01162
9	0.02054	0.02038	0.02591	0.03470	0.33671	0.11971	0.01984	0.02600	0.06018	0.02684	0.05266	0.03924	0.04974	0.01201	0.00908	0.00278	0.00979	0.11696	0.00558	0.01135
10	0.02390	0.11333	0.07666	0.02131	0.04551	0.24516	0.08072	0.06755	0.07647	0.02764	0.11589	0.02574	0.02376	0.01003	0.00822	0.00243	0.01114	0.00806	0.00565	0.01082
11	0.01376	0.00982	0.01330	0.01285	0.01474	0.01043	0.00987	0.01655	0.01752	0.06442	0.15117	0.13531	0.13493	0.03615	0.25888	0.00703	0.06486	0.01357	0.00676	0.00810
12	0.01101	0.00859	0.00954	0.00934	0.01151	0.00760	0.00672	0.01338	0.01968	0.02527	0.24215	0.07231	0.37976	0.12797	0.01532	0.00367	0.00485	0.01631	0.00790	0.00711
13	0.01132	0.00846	0.00979	0.00979	0.01138	0.00783	0.00676	0.01328	0.01798	0.02350	0.19472	0.11588	0.25976	0.21877	0.04968	0.00492	0.00627	0.01583	0.00730	0.00680
14	0.01084	0.00846	0.00984	0.00990	0.01208	0.00745	0.00727	0.01358	0.02064	0.02691	0.28618	0.17232	0.34242	0.02082	0.01018	0.00289	0.00430	0.01800	0.00844	0.00745
15	0.01460	0.00901	0.01129	0.01122	0.01290	0.00841	0.00796	0.01665	0.01826	0.09278	0.17145	0.19743	0.10397	0.21764	0.01983	0.00457	0.00612	0.06062	0.00771	0.00757
16	0.02544	0.08274	0.06211	0.01926	0.02400	0.32890	0.03398	0.09270	0.05016	0.02513	0.01876	0.06003	0.01710	0.08539	0.03511	0.00341	0.01255	0.00794	0.00520	0.01008

[dist]
# distance from previous block
# <min> <max>
1	3

[block]
# block no. 8 follows, 21 sequences, length 52
# corresponding to MSA columns:
# 652-703
name=unknown_I
#
# <colnr> <probs for GDERKNQSTAVLIFYWHMCP>
#	G	D	E	R	K	N	Q	S	T	A	V	L	I	F	Y	W	H	M	C	P
0	0.02092	0.02136	0.06215	0.06287	0.21513	0.13127	0.01804	0.02658	0.06033	0.06367	0.17173	0.03193	0.03064	0.01265	0.03149	0.00295	0.00982	0.00928	0.00610	0.01108
1	0.01508	0.03409	0.01585	0.01393	0.01675	0.01206	0.04205	0.05625	0.08218	0.04499	0.12407	0.23258	0.12890	0.04815	0.07145	0.00417	0.00774	0.03332	0.00755	0.00886
2	0.01495	0.01222	0.01700	0.02119	0.16880	0.01189	0.01242	0.05682	0.02049	0.02773	0.17070	0.17589	0.15305	0.08297	0.01291	0.00336	0.00651	0.01485	0.00709	0.00915
