[name]
unknown

[dist]
# distance from previous block
# <min> <max>
40	2376

[block]
# block no. 0 follows, 23 sequences, length 11
# corresponding to MSA columns:
# 2620-2630
name=unknown_A
#
# <colnr> <probs for GDERKNQSTAVLIFYWHMCP>
#	G	D	E	R	K	N	Q	S	T	A	V	L	I	F	Y	W	H	M	C	P
0	0.02048	0.02364	0.10480	0.03319	0.12152	0.02078	0.41573	0.10346	0.02128	0.02923	0.01647	0.02087	0.01237	0.00735	0.00900	0.00264	0.01238	0.00862	0.00454	0.01166
1	0.09336	0.01821	0.13951	0.01867	0.10460	0.01359	0.01502	0.02447	0.05108	0.14059	0.16618	0.03763	0.11998	0.01194	0.00826	0.00256	0.00708	0.00998	0.00682	0.01049
2	0.09331	0.04361	0.12438	0.02727	0.22272	0.01811	0.03945	0.10020	0.01895	0.02838	0.01677	0.02154	0.01387	0.02058	0.17059	0.00500	0.01260	0.00710	0.00461	0.01094
3	0.01585	0.01913	0.11304	0.01930	0.05399	0.07156	0.09408	0.02145	0.07968	0.02335	0.03201	0.20727	0.09368	0.06335	0.01231	0.00319	0.04908	0.01284	0.00570	0.00914
4	0.06901	0.08184	0.02076	0.01548	0.01822	0.01406	0.10484	0.05448	0.01501	0.02117	0.01752	0.09605	0.01725	0.01945	0.01989	0.36288	0.03207	0.00874	0.00443	0.00686
5	0.02182	0.07633	0.13697	0.08178	0.30842	0.18883	0.02246	0.02660	0.01910	0.02375	0.01412	0.01782	0.01150	0.00764	0.00761	0.00233	0.01132	0.00631	0.00389	0.01139
6	0.02193	0.13129	0.14736	0.02191	0.09526	0.17406	0.01820	0.07103	0.11568	0.02595	0.01820	0.02173	0.01488	0.01250	0.05466	0.00310	0.01133	0.02497	0.00492	0.01104
7	0.24057	0.23193	0.02143	0.01191	0.01644	0.05040	0.01024	0.02129	0.01808	0.02850	0.21372	0.03036	0.05603	0.01069	0.00677	0.00227	0.00658	0.00808	0.00580	0.00889
8	0.06568	0.01620	0.01820	0.05934	0.06566	0.09833	0.01324	0.02466	0.01920	0.17147	0.08359	0.08537	0.07624	0.01309	0.01037	0.00269	0.08173	0.05141	0.00664	0.03689
9	0.01824	0.01585	0.08413	0.06312	0.13558	0.01328	0.03766	0.04476	0.02086	0.11865	0.20073	0.04369	0.08085	0.01291	0.00895	0.00267	0.00747	0.07349	0.00689	0.01022
10	0.07073	0.02485	0.24699	0.02179	0.11581	0.01721	0.01924	0.12636	0.04582	0.03026	0.02947	0.06716	0.12763	0.01132	0.00813	0.00260	0.00874	0.00929	0.00555	0.01103

[dist]
# distance from previous block
# <min> <max>
54	216

[block]
# block no. 1 follows, 23 sequences, length 27
# corresponding to MSA columns:
# 2878-2904
name=unknown_B
#
# <colnr> <probs for GDERKNQSTAVLIFYWHMCP>
#	G	D	E	R	K	N	Q	S	T	A	V	L	I	F	Y	W	H	M	C	P
0	0.01576	0.17052	0.22950	0.01601	0.02197	0.01708	0.01653	0.05601	0.01798	0.02439	0.05864	0.26542	0.02944	0.01444	0.00824	0.00264	0.00808	0.01226	0.00547	0.00961
1	0.06681	0.01974	0.15122	0.01541	0.02155	0.01464	0.01454	0.13429	0.02184	0.11033	0.09319	0.13557	0.02662	0.01194	0.00804	0.00244	0.00745	0.00994	0.00668	0.12775
2	0.05009	0.26139	0.08409	0.01753	0.02390	0.02206	0.11431	0.11703	0.02047	0.02696	0.02653	0.06892	0.11294	0.01067	0.00755	0.00236	0.00876	0.00890	0.00522	0.01031
3	0.01918	0.11923	0.29584	0.01696	0.02479	0.01714	0.01861	0.05137	0.01880	0.10766	0.06923	0.02732	0.05136	0.06758	0.01035	0.00280	0.00903	0.00772	0.00532	0.05972
4	0.13977	0.06281	0.09386	0.01684	0.02249	0.16147	0.01465	0.16248	0.07454	0.03159	0.01929	0.09162	0.01681	0.01032	0.00741	0.00241	0.00926	0.00782	0.00579	0.04876
5	0.12134	0.37746	0.09004	0.01477	0.02087	0.06369	0.01427	0.02458	0.01739	0.06010	0.07687	0.01928	0.01728	0.00867	0.00722	0.00215	0.04336	0.00593	0.00463	0.01012
6	0.20838	0.24820	0.08979	0.01314	0.01877	0.05625	0.01249	0.02186	0.01725	0.02610	0.09381	0.02872	0.11636	0.01038	0.00668	0.00228	0.00751	0.00766	0.00512	0.00926
7	0.02098	0.15071	0.15511	0.01691	0.02290	0.16122	0.01594	0.02831	0.12624	0.05736	0.08092	0.02717	0.05305	0.03851	0.00892	0.00257	0.00944	0.00778	0.00553	0.01045
8	0.01292	0.11855	0.04614	0.01064	0.01303	0.01178	0.00834	0.01477	0.01575	0.02050	0.11815	0.11858	0.13946	0.29296	0.02147	0.00464	0.00670	0.01282	0.00586	0.00696
9	0.02169	0.71972	0.04252	0.01388	0.02083	0.03211	0.01388	0.02430	0.01649	0.01909	0.01128	0.01302	0.01041	0.00694	0.00521	0.00174	0.00868	0.00434	0.00347	0.01041
10	0.01984	0.02398	0.18717	0.03270	0.26656	0.01823	0.11588	0.02769	0.08100	0.07815	0.05360	0.02345	0.01737	0.00839	0.00831	0.00255	0.00998	0.00796	0.00505	0.01214
11	0.01044	0.00825	0.00940	0.00911	0.01148	0.00721	0.00683	0.01329	0.02050	0.02668	0.34125	0.07025	0.39891	0.01877	0.00958	0.00266	0.00398	0.01603	0.00816	0.00721
12	0.02401	0.37443	0.09760	0.01717	0.02372	0.19583	0.01602	0.07833	0.06106	0.02356	0.01402	0.01550	0.01162	0.00788	0.00644	0.00203	0.01041	0.00529	0.00434	0.01075
13	0.09387	0.20474	0.31215	0.01747	0.02543	0.02054	0.01957	0.05223	0.01739	0.02555	0.01832	0.12324	0.01706	0.01034	0.00723	0.00246	0.00930	0.00813	0.00446	0.01052
14	0.24708	0.13772	0.06314	0.02075	0.13003	0.02213	0.01540	0.16065	0.04963	0.05998	0.01578	0.01730	0.01212	0.00814	0.00668	0.00236	0.00820	0.00597	0.00553	0.01143
15	0.01167	0.00832	0.01114	0.01109	0.01198	0.00900	0.00779	0.01345	0.01335	0.01869	0.07600	0.04296	0.02871	0.32547	0.36401	0.01005	0.01457	0.01046	0.00496	0.00632
16	0.06388	0.03555	0.48694	0.02592	0.07591	0.01911	0.12837	0.02558	0.01735	0.02646	0.01471	0.01786	0.01069	0.00752	0.00787	0.00258	0.01176	0.00657	0.00368	0.01168
17	0.05754	0.01446	0.01573	0.01458	0.01828	0.01610	0.01115	0.03363	0.41579	0.05973	0.09371	0.15329	0.03382	0.01389	0.00858	0.00281	0.00588	0.01188	0.00810	0.01106
18	0.02192	0.01704	0.01840	0.01629	0.02106	0.01930	0.01275	0.04273	0.58249	0.10203	0.03292	0.02999	0.02427	0.01091	0.00825	0.00273	0.00647	0.00907	0.00845	0.01295
19	0.01146	0.01664	0.17692	0.01236	0.01703	0.00993	0.01226	0.01518	0.01741	0.02235	0.05752	0.12590	0.39257	0.06281	0.01125	0.00309	0.00641	0.01457	0.00632	0.00800
20	0.02321	0.23825	0.03221	0.02803	0.25930	0.02356	0.01786	0.15622	0.02255	0.06072	0.05099	0.02032	0.01612	0.00833	0.00726	0.00222	0.00874	0.00679	0.00528	0.01205
21	0.45068	0.01797	0.05262	0.07931	0.21028	0.01854	0.01573	0.02400	0.01555	0.03167	0.01288	0.01610	0.01022	0.00750	0.00630	0.00250	0.00793	0.00554	0.00453	0.01016
22	0.02326	0.34809	0.17950	0.01797	0.02543	0.16492	0.01808	0.09206	0.02032	0.02419	0.01317	0.01498	0.01075	0.00771	0.00653	0.00207	0.01071	0.00522	0.00411	0.01092
23	0.25570	0.05205	0.05345	0.01269	0.01715	0.01593	0.01073	0.02524	0.17946	0.02998	0.05705	0.09963	0.13557	0.01281	0.00753	0.00266	0.00615	0.01020	0.00652	0.00951
24	0.14253	0.02085	0.13614	0.01791	0.07339	0.06256	0.01469	0.09955	0.01910	0.09143	0.02060	0.07050	0.01860	0.16089	0.01474	0.00367	0.00882	0.00851	0.00561	0.00990
25	0.01597	0.01663	0.12513	0.01822	0.10507	0.01230	0.01420	0.05937	0.02103	0.07360	0.22534	0.08668	0.16503	0.01429	0.00891	0.00261	0.00663	0.01230	0.00701	0.00968
26	0.01616	0.01883	0.15821	0.01700	0.02230	0.01348	0.07798	0.09593	0.02015	0.04702	0.08270	0.25705	0.06422	0.01516	0.00900	0.00274	0.00776	0.01353	0.00640	0.05438

[dist]
# distance from previous block
# <min> <max>
1	5

[block]
# block no. 2 follows, 23 sequences, length 28
# corresponding to MSA columns:
# 2910-2937
name=unknown_C
#
# <colnr> <probs for GDERKNQSTAVLIFYWHMCP>
#	G	D	E	R	K	N	Q	S	T	A	V	L	I	F	Y	W	H	M	C	P
0	0.02125	0.10055	0.08781	0.16177	0.03079	0.05046	0.04566	0.15743	0.09611	0.05705	0.05391	0.02609	0.05667	0.00984	0.00796	0.00249	0.00916	0.00805	0.00591	0.01105
1	0.01482	0.01133	0.01614	0.01921	0.15148	0.01124	0.01169	0.01898	0.04810	0.05769	0.24405	0.04549	0.09779	0.10020	0.11160	0.00469	0.00845	0.01154	0.00665	0.00886
2	0.17840	0.21294	0.36809	0.01807	0.02727	0.02216	0.02128	0.02494	0.01626	0.02625	0.01301	0.01522	0.01000	0.00747	0.00649	0.00234	0.00991	0.00522	0.00378	0.01090
3	0.02214	0.02271	0.02335	0.02489	0.16041	0.18972	0.04461	0.06135	0.21947	0.02848	0.06611	0.02755	0.05325	0.01011	0.00817	0.00248	0.00941	0.00843	0.00610	0.01127
4	0.01226	0.00867	0.01053	0.01041	0.01107	0.00922	0.00677	0.01443	0.05138	0.01766	0.02503	0.04617	0.02681	0.50115	0.20634	0.00890	0.01139	0.01083	0.00497	0.00601
5	0.02846	0.01632	0.02082	0.01651	0.02202	0.01648	0.05345	0.15444	0.15802	0.31026	0.02814	0.02854	0.02019	0.07459	0.01130	0.00305	0.00774	0.00863	0.00842	0.01260
6	0.18847	0.02123	0.02171	0.01697	0.02315	0.02368	0.01401	0.50676	0.03298	0.04801	0.01774	0.01814	0.01273	0.00927	0.00746	0.00245	0.00837	0.00669	0.00746	0.01273
7	0.02838	0.20307	0.02850	0.01817	0.02405	0.23341	0.01512	0.29294	0.02794	0.03325	0.01524	0.01633	0.01190	0.00860	0.00713	0.00215	0.01066	0.00591	0.00571	0.01157
8	0.02921	0.03580	0.02248	0.02028	0.02445	0.59806	0.01533	0.07141	0.02340	0.02187	0.01356	0.01600	0.01127	0.01163	0.04820	0.00278	0.01468	0.00557	0.00445	0.00957
9	0.02018	0.01743	0.01835	0.01651	0.02110	0.02018	0.01284	0.04312	0.64956	0.03394	0.03303	0.03027	0.02477	0.01101	0.00826	0.00275	0.00642	0.00917	0.00826	0.01284
10	0.03031	0.03867	0.02299	0.02090	0.02508	0.68226	0.01568	0.03240	0.02299	0.01986	0.01254	0.01463	0.01045	0.00836	0.00732	0.00209	0.01463	0.00523	0.00418	0.00941
11	0.02320	0.02518	0.02991	0.04101	0.46973	0.22103	0.02210	0.02718	0.01985	0.02449	0.01444	0.01842	0.01212	0.00757	0.00782	0.00231	0.01116	0.00662	0.00407	0.01180
12	0.01792	0.24821	0.48100	0.02031	0.03077	0.02288	0.02508	0.02527	0.01694	0.02369	0.01356	0.01588	0.01032	0.00748	0.00695	0.00232	0.01098	0.00549	0.00344	0.01151
13	0.01159	0.00869	0.01304	0.01304	0.01449	0.01014	0.01014	0.01449	0.01304	0.01884	0.02173	0.03188	0.02029	0.06086	0.68268	0.01304	0.02173	0.00869	0.00435	0.00724
14	0.01138	0.00821	0.01075	0.01028	0.01210	0.00759	0.00765	0.01505	0.02248	0.03176	0.61959	0.10317	0.07506	0.01717	0.00962	0.00260	0.00389	0.01522	0.00884	0.00759
15	0.01513	0.00756	0.00756	0.00756	0.00945	0.00756	0.00567	0.01891	0.01702	0.03025	0.02647	0.03025	0.02080	0.00945	0.00567	0.00189	0.00378	0.00756	0.75988	0.00756
16	0.02169	0.71972	0.04252	0.01388	0.02083	0.03211	0.01388	0.02430	0.01649	0.01909	0.01128	0.01302	0.01041	0.00694	0.00521	0.00174	0.00868	0.00434	0.00347	0.01041
17	0.01180	0.00787	0.00885	0.00885	0.00885	0.00787	0.00492	0.01180	0.01180	0.01573	0.02557	0.05310	0.02950	0.71483	0.04130	0.00787	0.00787	0.01180	0.00492	0.00492
18	0.01795	0.06244	0.09948	0.16386	0.06242	0.01916	0.05852	0.03056	0.26968	0.02789	0.05745	0.02896	0.02150	0.01007	0.00824	0.00267	0.00869	0.03338	0.00593	0.01115
19	0.02087	0.15045	0.23377	0.03103	0.27240	0.06100	0.02314	0.02647	0.01829	0.06719	0.01529	0.01808	0.01195	0.00758	0.00740	0.00233	0.01033	0.00627	0.00414	0.01201
20	0.10592	0.01788	0.02814	0.06932	0.08164	0.02118	0.15428	0.02321	0.05410	0.02446	0.01457	0.02006	0.01234	0.01288	0.04856	0.00351	0.28633	0.00756	0.00422	0.00984
21	0.01115	0.00919	0.01178	0.01420	0.08752	0.00833	0.00893	0.01357	0.01825	0.02351	0.13970	0.24658	0.33789	0.01985	0.00962	0.00283	0.00489	0.01732	0.00731	0.00758
22	0.02261	0.01960	0.02846	0.03706	0.41495	0.02037	0.02061	0.19922	0.05773	0.03367	0.02082	0.02342	0.04682	0.00882	0.00815	0.00245	0.00898	0.00786	0.00559	0.01282
23	0.01547	0.01156	0.01421	0.01189	0.01647	0.00939	0.00918	0.01861	0.01796	0.06490	0.12189	0.18046	0.03334	0.01301	0.00791	0.00208	0.00552	0.04278	0.00649	0.39687
24	0.05758	0.01835	0.02417	0.02895	0.27072	0.01960	0.01734	0.15869	0.18585	0.03420	0.05309	0.02681	0.04906	0.00980	0.00811	0.00253	0.00797	0.00841	0.00642	0.01234
25	0.01735	0.17685	0.54736	0.02129	0.03227	0.02148	0.02678	0.02542	0.01700	0.02438	0.01391	0.01631	0.01031	0.00756	0.00721	0.00240	0.01133	0.00567	0.00344	0.01168
26	0.02642	0.06081	0.11534	0.02026	0.06465	0.02240	0.01727	0.33761	0.12842	0.09277	0.02128	0.02123	0.01532	0.00938	0.00793	0.00247	0.00882	0.00733	0.00714	0.01316
27	0.04631	0.01976	0.05447	0.02631	0.19011	0.01970	0.05507	0.12948	0.23347	0.05824	0.02241	0.02324	0.01695	0.00894	0.00798	0.00248	0.00835	0.00777	0.00640	0.06257

[dist]
# distance from previous block
# <min> <max>
0	1

[block]
# block no. 3 follows, 23 sequences, length 46
# corresponding to MSA columns:
# 2939-2984
name=unknown_D
#
# <colnr> <probs for GDERKNQSTAVLIFYWHMCP>
#	G	D	E	R	K	N	Q	S	T	A	V	L	I	F	Y	W	H	M	C	P
0	0.02064	0.01912	0.02986	0.04220	0.51544	0.01974	0.02224	0.05878	0.13414	0.02909	0.01870	0.02190	0.01507	0.00804	0.00808	0.00247	0.00902	0.00759	0.00499	0.01290
1	0.01392	0.01676	0.16467	0.01352	0.01815	0.01096	0.01313	0.01977	0.05075	0.05753	0.40751	0.04910	0.10334	0.01431	0.00902	0.00258	0.00600	0.01232	0.00756	0.00910
2	0.01742	0.01594	0.02628	0.07080	0.45022	0.01594	0.01993	0.02199	0.01963	0.02792	0.19683	0.03158	0.03070	0.00991	0.00847	0.00246	0.00806	0.00933	0.00538	0.01120
3	0.01608	0.01532	0.01924	0.02466	0.23954	0.07465	0.01420	0.02046	0.04891	0.02633	0.18410	0.04584	0.21125	0.01344	0.00877	0.00252	0.00705	0.01166	0.00636	0.00963
4	0.01513	0.00756	0.00756	0.00756	0.00945	0.00756	0.00567	0.01891	0.01702	0.03025	0.02647	0.03025	0.02080	0.00945	0.00567	0.00189	0.00378	0.00756	0.75988	0.00756
5	0.01790	0.03976	0.55880	0.02516	0.08697	0.08045	0.02823	0.02625	0.01779	0.02522	0.01443	0.01715	0.01051	0.00773	0.00770	0.00251	0.01204	0.00603	0.00355	0.01182
6	0.01119	0.00819	0.01050	0.01167	0.01308	0.00774	0.00891	0.01357	0.01743	0.02274	0.10423	0.28582	0.15440	0.08066	0.01303	0.00366	0.00570	0.21319	0.00742	0.00688
7	0.02108	0.02198	0.03333	0.07383	0.46397	0.10685	0.10951	0.02585	0.01906	0.02529	0.01503	0.01969	0.01237	0.00737	0.00816	0.00243	0.01092	0.00730	0.00403	0.01195
8	0.01009	0.00824	0.00891	0.00874	0.01127	0.00706	0.00656	0.01261	0.01967	0.02471	0.23407	0.07350	0.50731	0.01951	0.00958	0.00269	0.00404	0.01648	0.00790	0.00706
9	0.01938	0.02293	0.08321	0.02480	0.07733	0.14041	0.21899	0.02619	0.07904	0.02712	0.16606	0.02975	0.02788	0.00987	0.00876	0.00254	0.01045	0.00943	0.00556	0.01031
10	0.01729	0.09703	0.41524	0.02746	0.17776	0.01932	0.02560	0.02459	0.01783	0.02580	0.06398	0.02077	0.01598	0.00821	0.00769	0.00245	0.01051	0.00679	0.00399	0.01171
11	0.01683	0.01442	0.01683	0.01202	0.01923	0.01082	0.00961	0.02043	0.01683	0.02644	0.01442	0.01683	0.01202	0.00601	0.00601	0.00120	0.00601	0.00481	0.00481	0.76444
12	0.00997	0.00744	0.00932	0.01076	0.01183	0.00679	0.00749	0.01165	0.01637	0.02117	0.05332	0.53308	0.19400	0.02415	0.01022	0.00319	0.00470	0.05034	0.00753	0.00669
13	0.08750	0.01024	0.01231	0.01086	0.01423	0.00947	0.00847	0.02104	0.02135	0.17855	0.34677	0.05182	0.16592	0.01497	0.00883	0.00257	0.00482	0.01267	0.00857	0.00904
14	0.02245	0.02377	0.03063	0.04311	0.51616	0.17286	0.02277	0.02664	0.01952	0.02497	0.01463	0.01882	0.01230	0.00749	0.00787	0.00234	0.01080	0.00677	0.00405	0.01205
15	0.01087	0.00827	0.00999	0.00956	0.01175	0.00739	0.00717	0.01412	0.02152	0.02909	0.47248	0.06628	0.26617	0.01787	0.00958	0.00261	0.00392	0.01547	0.00848	0.00739
16	0.02245	0.02377	0.03063	0.04311	0.51616	0.17286	0.02277	0.02664	0.01952	0.02497	0.01463	0.01882	0.01230	0.00749	0.00787	0.00234	0.01080	0.00677	0.00405	0.01205
17	0.00969	0.00822	0.00836	0.00832	0.01102	0.00689	0.00624	0.01184	0.01873	0.02247	0.11230	0.07718	0.63048	0.02034	0.00959	0.00273	0.00410	0.01700	0.00761	0.00689
18	0.01027	0.00825	0.00916	0.00894	0.01138	0.00714	0.00670	0.01296	0.02010	0.02574	0.28999	0.07180	0.45076	0.01913	0.00958	0.00267	0.00401	0.01624	0.00804	0.00714
19	0.01513	0.00756	0.00756	0.00756	0.00945	0.00756	0.00567	0.01891	0.01702	0.03025	0.02647	0.03025	0.02080	0.00945	0.00567	0.00189	0.00378	0.00756	0.75988	0.00756
20	0.01683	0.01442	0.01683	0.01202	0.01923	0.01082	0.00961	0.02043	0.01683	0.02644	0.01442	0.01683	0.01202	0.00601	0.00601	0.00120	0.00601	0.00481	0.00481	0.76444
21	0.01580	0.01299	0.01455	0.01412	0.01703	0.01431	0.01052	0.02950	0.37154	0.02923	0.09527	0.26864	0.03960	0.01652	0.00911	0.00292	0.00559	0.01450	0.00807	0.01019
22	0.01928	0.01826	0.03089	0.04613	0.60369	0.01820	0.02330	0.02401	0.01889	0.02707	0.07510	0.02384	0.01877	0.00810	0.00818	0.00242	0.00910	0.00792	0.00447	0.01237
23	0.21946	0.23718	0.02424	0.01401	0.01909	0.08302	0.01206	0.08208	0.01813	0.05850	0.01516	0.01808	0.01264	0.01777	0.13302	0.00420	0.01099	0.00572	0.00487	0.00978
24	0.02804	0.02087	0.05180	0.01747	0.02362	0.02119	0.01474	0.46515	0.03265	0.10423	0.02275	0.08885	0.01813	0.01109	0.00824	0.00248	0.00834	0.00880	0.00789	0.04369
25	0.15462	0.24286	0.14648	0.01438	0.02056	0.02042	0.01445	0.02381	0.06626	0.02778	0.16595	0.02633	0.02673	0.00977	0.00690	0.00230	0.00755	0.00746	0.00539	0.00995
26	0.05098	0.02974	0.30486	0.01838	0.02548	0.13937	0.01950	0.02433	0.01906	0.05484	0.10647	0.02935	0.09038	0.01079	0.00885	0.00254	0.04151	0.00828	0.00511	0.01019
27	0.15716	0.12277	0.02687	0.02915	0.30226	0.02049	0.01721	0.08158	0.04814	0.02943	0.02113	0.02336	0.07027	0.00884	0.00722	0.00237	0.00818	0.00726	0.00501	0.01130
28	0.01835	0.02209	0.17169	0.02508	0.19047	0.05329	0.01850	0.07887	0.01998	0.05688	0.03050	0.14415	0.11034	0.01272	0.00854	0.00263	0.00866	0.01095	0.00564	0.01069
29	0.01273	0.04260	0.01368	0.01189	0.01334	0.01108	0.00875	0.01455	0.01294	0.01819	0.02170	0.03715	0.02223	0.28941	0.34986	0.00952	0.04677	0.00932	0.00450	0.04980
30	0.15815	0.31177	0.17565	0.02037	0.11233	0.02395	0.01800	0.02527	0.01671	0.05271	0.01346	0.01557	0.01084	0.00739	0.00625	0.00219	0.00904	0.00528	0.00410	0.01095
31	0.03000	0.03112	0.02330	0.01977	0.02491	0.38195	0.01543	0.27761	0.06177	0.03325	0.01642	0.01741	0.01255	0.00906	0.00769	0.00226	0.01190	0.00627	0.00599	0.01136
32	0.01049	0.00848	0.00947	0.00985	0.01235	0.00746	0.00781	0.01302	0.01879	0.02306	0.10628	0.08013	0.48889	0.02075	0.00995	0.00295	0.00485	0.15079	0.00760	0.00704
33	0.13128	0.06543	0.39088	0.01927	0.02825	0.01971	0.02203	0.02939	0.16310	0.02890	0.01819	0.01938	0.01342	0.00841	0.00731	0.00256	0.00968	0.00641	0.00479	0.01163
34	0.01152	0.00849	0.01229	0.01239	0.01360	0.00964	0.00931	0.01396	0.01302	0.01854	0.02355	0.07329	0.02339	0.14438	0.56045	0.01181	0.01895	0.00992	0.00460	0.00690
35	0.01206	0.00826	0.00964	0.00941	0.01058	0.00792	0.00620	0.01337	0.01528	0.04084	0.12733	0.05708	0.17094	0.39379	0.07818	0.00624	0.00752	0.01300	0.00617	0.00619
36	0.01683	0.01442	0.01683	0.01202	0.01923	0.01082	0.00961	0.02043	0.01683	0.02644	0.01442	0.01683	0.01202	0.00601	0.00601	0.00120	0.00601	0.00481	0.00481	0.76444
37	0.02008	0.01928	0.03294	0.04981	0.66422	0.01928	0.02490	0.02490	0.01848	0.02651	0.01526	0.02008	0.01285	0.00723	0.00803	0.00241	0.00964	0.00723	0.00402	0.01285
38	0.01898	0.01815	0.03094	0.19934	0.52330	0.01899	0.02435	0.02394	0.01795	0.02517	0.01507	0.02044	0.01238	0.00743	0.00805	0.00248	0.00991	0.00723	0.00392	0.01196
39	0.03514	0.01583	0.02008	0.01540	0.02172	0.01493	0.01272	0.17518	0.02661	0.52942	0.02917	0.02577	0.01866	0.00997	0.00815	0.00249	0.00736	0.00797	0.00961	0.01381
40	0.01683	0.01442	0.01683	0.01202	0.01923	0.01082	0.00961	0.02043	0.01683	0.02644	0.01442	0.01683	0.01202	0.00601	0.00601	0.00120	0.00601	0.00481	0.00481	0.76444
41	0.01161	0.00862	0.01265	0.01265	0.01397	0.00993	0.00966	0.01424	0.01293	0.01855	0.02209	0.03385	0.02114	0.12155	0.62315	0.01256	0.02045	0.00898	0.00440	0.00703
42	0.01114	0.00828	0.01037	0.00985	0.01191	0.00751	0.00739	0.01465	0.02216	0.03061	0.55488	0.06379	0.18283	0.01731	0.00957	0.00259	0.00388	0.01512	0.00868	0.00751
43	0.01475	0.01173	0.01366	0.01258	0.01549	0.01236	0.00960	0.02576	0.25836	0.03307	0.42443	0.04921	0.05711	0.01449	0.00908	0.00263	0.00480	0.01261	0.00868	0.00960
44	0.00989	0.00706	0.00942	0.01130	0.01177	0.00659	0.00753	0.01130	0.01554	0.02071	0.04472	0.70954	0.05367	0.02542	0.01036	0.00330	0.00471	0.02307	0.00753	0.00659
45	0.01390	0.01598	0.12921	0.01386	0.01804	0.01217	0.01274	0.02213	0.13779	0.02995	0.34984	0.04521	0.07015	0.01823	0.07147	0.00357	0.00742	0.01165	0.00736	0.00932

[dist]
# distance from previous block
# <min> <max>
1	10

[block]
# block no. 4 follows, 23 sequences, length 59
# corresponding to MSA columns:
# 2995-3053
name=unknown_E
#
# <colnr> <probs for GDERKNQSTAVLIFYWHMCP>
#	G	D	E	R	K	N	Q	S	T	A	V	L	I	F	Y	W	H	M	C	P
0	0.01871	0.02295	0.15042	0.03119	0.26756	0.04456	0.06934	0.02790	0.14279	0.02821	0.09350	0.02615	0.02196	0.00916	0.00829	0.00254	0.00930	0.00835	0.00532	0.01179
1	0.01875	0.18502	0.11645	0.01700	0.04783	0.02077	0.01508	0.05562	0.25232	0.02827	0.06500	0.03056	0.09282	0.01076	0.00767	0.00245	0.00758	0.00863	0.00622	0.01122
2	0.02040	0.01814	0.02507	0.03278	0.34509	0.05390	0.01836	0.14572	0.02200	0.02974	0.02296	0.18340	0.02261	0.01212	0.00856	0.00261	0.00860	0.01090	0.00569	0.01137
3	0.01028	0.00728	0.00955	0.01122	0.01172	0.00689	0.00754	0.01166	0.01529	0.02035	0.04247	0.60177	0.05057	0.10276	0.01388	0.00383	0.00521	0.05404	0.00723	0.00645
4	0.02008	0.01928	0.03294	0.04981	0.66422	0.01928	0.02490	0.02490	0.01848	0.02651	0.01526	0.02008	0.01285	0.00723	0.00803	0.00241	0.00964	0.00723	0.00402	0.01285
5	0.01627	0.04197	0.67279	0.02313	0.03512	0.01884	0.02998	0.02570	0.01713	0.02570	0.01456	0.01713	0.01028	0.00771	0.00771	0.00257	0.01199	0.00600	0.00343	0.01199
6	0.02043	0.02015	0.03134	0.04575	0.57825	0.06197	0.02366	0.02492	0.01856	0.02575	0.01584	0.02201	0.01374	0.00806	0.00877	0.00247	0.03492	0.02699	0.00412	0.01231
7	0.01779	0.01658	0.02777	0.09674	0.48850	0.01679	0.02139	0.02210	0.01799	0.02535	0.04312	0.12828	0.02130	0.01046	0.00845	0.00258	0.00877	0.00995	0.00470	0.01137
8	0.00980	0.00738	0.00909	0.01045	0.01155	0.00666	0.00716	0.01139	0.01635	0.02105	0.05502	0.53598	0.22058	0.02408	0.01015	0.00314	0.00454	0.02143	0.00753	0.00666
9	0.03332	0.01785	0.02122	0.01637	0.02267	0.01803	0.01349	0.30031	0.05514	0.37423	0.02659	0.02418	0.01753	0.00995	0.00815	0.00249	0.00777	0.00783	0.00913	0.01377
10	0.02125	0.19834	0.24648	0.02406	0.14828	0.02137	0.02097	0.07114	0.01971	0.09319	0.04882	0.02015	0.01544	0.00827	0.00733	0.00232	0.00956	0.00658	0.00486	0.01187
11	0.00986	0.00718	0.00930	0.01099	0.01169	0.00662	0.00740	0.01133	0.01583	0.02083	0.04847	0.64644	0.11435	0.02493	0.01028	0.00324	0.00465	0.02247	0.00753	0.00662
12	0.00977	0.00794	0.00866	0.00909	0.01123	0.00683	0.00659	0.01176	0.01801	0.02221	0.10491	0.23377	0.47789	0.02154	0.00978	0.00287	0.00424	0.01846	0.00761	0.00683
13	0.01363	0.01158	0.01661	0.01534	0.01669	0.01436	0.01228	0.01625	0.01307	0.01945	0.01818	0.02704	0.01709	0.04459	0.45912	0.00969	0.21383	0.00803	0.00415	0.04902
14	0.77215	0.01569	0.01193	0.01067	0.01569	0.01820	0.00879	0.02385	0.01381	0.03641	0.01130	0.01318	0.00879	0.00753	0.00502	0.00251	0.00628	0.00439	0.00502	0.00879
15	0.01277	0.00981	0.01190	0.01154	0.01373	0.00982	0.00857	0.01972	0.14134	0.03013	0.39944	0.17936	0.08558	0.01736	0.00947	0.00274	0.00450	0.01532	0.00848	0.00841
16	0.00977	0.00791	0.00869	0.00916	0.01124	0.00683	0.00661	0.01176	0.01795	0.02218	0.10416	0.24644	0.46571	0.02164	0.00979	0.00288	0.00425	0.01858	0.00761	0.00683
17	0.00975	0.00823	0.00844	0.00839	0.01106	0.00692	0.00629	0.01195	0.01887	0.02281	0.13038	0.07663	0.61219	0.02022	0.00959	0.00272	0.00409	0.01692	0.00765	0.00692
18	0.02124	0.10956	0.02211	0.01449	0.02109	0.05519	0.01195	0.14163	0.08546	0.03059	0.01676	0.01808	0.01336	0.00748	0.00661	0.00171	0.00744	0.00569	0.00558	0.40397
19	0.01855	0.01636	0.02192	0.02356	0.20754	0.01440	0.01449	0.04920	0.05274	0.02792	0.01590	0.01862	0.01303	0.00680	0.00681	0.00169	0.00721	0.00586	0.00491	0.47249
20	0.01956	0.02108	0.12624	0.02601	0.18296	0.01824	0.05242	0.03221	0.27304	0.06541	0.02862	0.02884	0.06886	0.01002	0.00829	0.00262	0.00835	0.00878	0.00626	0.01219
21	0.01810	0.01567	0.01720	0.01682	0.06437	0.10573	0.01215	0.02100	0.01990	0.08975	0.23868	0.04267	0.14239	0.01431	0.01227	0.00270	0.13940	0.01112	0.00676	0.00900
22	0.07040	0.03582	0.02287	0.02141	0.05069	0.58559	0.01567	0.06233	0.02308	0.02262	0.01294	0.01502	0.01063	0.00834	0.00726	0.00214	0.01368	0.00537	0.00442	0.00974
23	0.16125	0.06741	0.51792	0.02033	0.03076	0.01932	0.02520	0.02528	0.01647	0.02745	0.01379	0.01619	0.01000	0.00764	0.00708	0.00252	0.01075	0.00561	0.00373	0.01131
24	0.01965	0.02185	0.10529	0.04679	0.59308	0.01923	0.02548	0.02499	0.01832	0.02642	0.01518	0.01975	0.01256	0.00728	0.00800	0.00243	0.00991	0.00709	0.00395	0.01276
25	0.02099	0.06813	0.24803	0.02669	0.17750	0.13728	0.02170	0.02763	0.05495	0.06191	0.06375	0.02169	0.01718	0.00864	0.00777	0.00241	0.01052	0.00700	0.00476	0.01148
26	0.03076	0.03684	0.02269	0.02043	0.02476	0.63289	0.01540	0.03293	0.02301	0.06773	0.01398	0.01559	0.01116	0.00849	0.00738	0.00212	0.01406	0.00544	0.00461	0.00973
27	0.02495	0.11309	0.12828	0.01925	0.02475	0.42553	0.01687	0.02847	0.02131	0.02214	0.08593	0.02005	0.01790	0.00903	0.00739	0.00218	0.01231	0.00632	0.00452	0.00974
28	0.01409	0.00919	0.01080	0.01073	0.01183	0.00924	0.00697	0.01726	0.08568	0.06719	0.03159	0.21000	0.03421	0.41387	0.02752	0.00577	0.00686	0.01400	0.00631	0.00688
29	0.02106	0.15884	0.23919	0.02823	0.18659	0.14850	0.05727	0.02654	0.01858	0.02359	0.01385	0.01690	0.01109	0.00753	0.00736	0.00229	0.01140	0.00605	0.00376	0.01136
30	0.01824	0.02316	0.15593	0.16295	0.25256	0.01928	0.16085	0.02553	0.05357	0.02555	0.01623	0.02079	0.01252	0.00762	0.00834	0.00259	0.01103	0.00762	0.00408	0.01153
31	0.71669	0.01615	0.01457	0.01240	0.01766	0.01837	0.05489	0.02401	0.01420	0.03564	0.01168	0.01382	0.00905	0.00748	0.00536	0.00253	0.00682	0.00478	0.00495	0.00895
32	0.01918	0.01381	0.01553	0.01311	0.01709	0.01415	0.01038	0.22202	0.06143	0.06873	0.25407	0.04762	0.18029	0.01458	0.00895	0.00256	0.00587	0.01216	0.00837	0.01010
33	0.00959	0.00822	0.00822	0.00822	0.01096	0.00685	0.00617	0.01165	0.01850	0.02192	0.08220	0.07809	0.66092	0.02055	0.00959	0.00274	0.00411	0.01713	0.00754	0.00685
34	0.01609	0.03670	0.54863	0.15183	0.03910	0.01869	0.02855	0.02475	0.01696	0.02475	0.01453	0.01799	0.01038	0.00779	0.00779	0.00260	0.01177	0.00623	0.00346	0.01142
35	0.01180	0.00787	0.00885	0.00885	0.00885	0.00787	0.00492	0.01180	0.01180	0.01573	0.02557	0.05310	0.02950	0.71483	0.04130	0.00787	0.00787	0.01180	0.00492	0.00492
36	0.01170	0.00998	0.01028	0.00990	0.01295	0.00943	0.00751	0.01782	0.13915	0.02471	0.09997	0.06814	0.51204	0.01854	0.00933	0.00273	0.00454	0.01549	0.00774	0.00803
37	0.00989	0.00706	0.00942	0.01130	0.01177	0.00659	0.00753	0.01130	0.01554	0.02071	0.04472	0.70954	0.05367	0.02542	0.01036	0.00330	0.00471	0.02307	0.00753	0.00659
38	0.01683	0.01442	0.01683	0.01202	0.01923	0.01082	0.00961	0.02043	0.01683	0.02644	0.01442	0.01683	0.01202	0.00601	0.00601	0.00120	0.00601	0.00481	0.00481	0.76444
39	0.01798	0.01514	0.01743	0.01268	0.01973	0.01223	0.01016	0.06610	0.04358	0.02853	0.01553	0.01755	0.01266	0.00648	0.00625	0.00135	0.00624	0.00516	0.00519	0.68001
40	0.01122	0.00839	0.01055	0.01080	0.01279	0.00772	0.00841	0.01439	0.02035	0.02720	0.33672	0.12552	0.21266	0.01952	0.00998	0.00291	0.00473	0.14064	0.00816	0.00733
41	0.01142	0.00820	0.01072	0.01051	0.01218	0.00765	0.00780	0.01480	0.02140	0.03000	0.52990	0.12909	0.07015	0.05327	0.01135	0.00296	0.00433	0.04836	0.00850	0.00740
42	0.01798	0.04802	0.09344	0.07012	0.28548	0.04194	0.09061	0.02298	0.01889	0.02626	0.13819	0.02723	0.02431	0.00950	0.00940	0.00253	0.04878	0.00860	0.00484	0.01089
43	0.01953	0.02615	0.21769	0.03960	0.41588	0.01954	0.05680	0.05911	0.01921	0.02761	0.01535	0.01929	0.01214	0.00749	0.00802	0.00247	0.01048	0.00700	0.00408	0.01256
44	0.02015	0.01813	0.02722	0.06817	0.36216	0.04359	0.04375	0.02511	0.03793	0.06256	0.01669	0.02043	0.01347	0.00908	0.02992	0.00253	0.00941	0.00687	0.00467	0.17815
45	0.02175	0.01857	0.02472	0.02979	0.27518	0.02005	0.01783	0.09518	0.31855	0.05402	0.02463	0.02509	0.01882	0.00936	0.00815	0.00258	0.00796	0.00819	0.00663	0.01298
46	0.01718	0.01505	0.02068	0.02562	0.23613	0.01571	0.01514	0.02759	0.22905	0.03038	0.20164	0.03777	0.06990	0.01178	0.00861	0.00258	0.00667	0.01046	0.00696	0.01109
47	0.01087	0.00790	0.00870	0.00889	0.00985	0.00740	0.00560	0.01170	0.01440	0.01830	0.04633	0.12862	0.24156	0.41378	0.02761	0.00570	0.00630	0.01472	0.00605	0.00573
48	0.01159	0.00869	0.01304	0.01304	0.01449	0.01014	0.01014	0.01449	0.01304	0.01884	0.02173	0.03188	0.02029	0.06086	0.68268	0.01304	0.02173	0.00869	0.00435	0.00724
49	0.01107	0.00830	0.01032	0.01032	0.01169	0.00847	0.00734	0.01282	0.01424	0.01876	0.04056	0.05201	0.20986	0.25455	0.28506	0.00841	0.01224	0.01213	0.00545	0.00640
50	0.00978	0.00823	0.00848	0.00842	0.01108	0.00693	0.00631	0.01201	0.01894	0.02298	0.13994	0.07634	0.60253	0.02015	0.00959	0.00272	0.00408	0.01688	0.00767	0.00693
51	0.01513	0.00756	0.00756	0.00756	0.00945	0.00756	0.00567	0.01891	0.01702	0.03025	0.02647	0.03025	0.02080	0.00945	0.00567	0.00189	0.00378	0.00756	0.75988	0.00756
52	0.02169	0.71972	0.04252	0.01388	0.02083	0.03211	0.01388	0.02430	0.01649	0.01909	0.01128	0.01302	0.01041	0.00694	0.00521	0.00174	0.00868	0.00434	0.00347	0.01041
53	0.02893	0.03513	0.02330	0.02078	0.02466	0.55952	0.01589	0.07549	0.02292	0.02213	0.01284	0.01534	0.01072	0.00912	0.00956	0.00228	0.09171	0.00559	0.00440	0.00967
54	0.10748	0.02408	0.02289	0.01813	0.02417	0.11004	0.01477	0.49492	0.03366	0.04554	0.01773	0.01820	0.01284	0.00933	0.00769	0.00240	0.00940	0.00673	0.00728	0.01271
55	0.01926	0.02290	0.13987	0.07018	0.53534	0.01916	0.02566	0.02488	0.01816	0.02615	0.01511	0.01965	0.01234	0.00734	0.00798	0.00245	0.01008	0.00702	0.00390	0.01256
56	0.02590	0.01934	0.02095	0.01707	0.02276	0.02126	0.01374	0.30358	0.29928	0.08795	0.02596	0.02459	0.01889	0.01011	0.00807	0.00251	0.00754	0.00804	0.00814	0.05434
57	0.02128	0.02630	0.22194	0.02568	0.15271	0.04715	0.04528	0.13921	0.08266	0.06197	0.07730	0.02395	0.01943	0.00922	0.00815	0.00251	0.00963	0.00779	0.00574	0.01211
58	0.01854	0.32354	0.11836	0.02172	0.14433	0.02291	0.01720	0.02266	0.01794	0.02393	0.13357	0.02407	0.02323	0.00930	0.00807	0.00223	0.04612	0.00720	0.00459	0.01049

[dist]
# distance from previous block
# <min> <max>
1	3

[block]
# block no. 5 follows, 23 sequences, length 29
# corresponding to MSA columns:
# 3057-3085
name=unknown_F
#
# <colnr> <probs for GDERKNQSTAVLIFYWHMCP>
#	G	D	E	R	K	N	Q	S	T	A	V	L	I	F	Y	W	H	M	C	P
0	0.10479	0.12352	0.06754	0.01749	0.02365	0.14594	0.01514	0.25506	0.08065	0.06497	0.01762	0.01818	0.01319	0.00885	0.00722	0.00232	0.00957	0.00631	0.00620	0.01178
1	0.02002	0.02077	0.02359	0.03106	0.31977	0.17915	0.01711	0.02297	0.01823	0.02237	0.02157	0.06018	0.05316	0.13910	0.01416	0.00339	0.01001	0.00886	0.00458	0.00992
2	0.02128	0.01941	0.03027	0.07466	0.46302	0.02075	0.02252	0.12047	0.02080	0.02934	0.01538	0.01981	0.01266	0.00843	0.01007	0.00255	0.08440	0.00723	0.00459	0.01238
3	0.68291	0.01482	0.01180	0.01062	0.01527	0.01697	0.00865	0.02285	0.01488	0.03595	0.08740	0.01875	0.01674	0.00859	0.00556	0.00252	0.00599	0.00560	0.00548	0.00865
4	0.12770	0.08506	0.02504	0.02470	0.17019	0.26820	0.01627	0.06486	0.02108	0.10163	0.01558	0.01736	0.01210	0.00815	0.00714	0.00226	0.01062	0.00597	0.00511	0.01097
5	0.01691	0.01646	0.02584	0.54524	0.16559	0.04990	0.02264	0.02205	0.01696	0.02175	0.01449	0.02102	0.01117	0.00796	0.00806	0.00262	0.01078	0.00712	0.00371	0.00973
6	0.77215	0.01569	0.01193	0.01067	0.01569	0.01820	0.00879	0.02385	0.01381	0.03641	0.01130	0.01318	0.00879	0.00753	0.00502	0.00251	0.00628	0.00439	0.00502	0.00879
7	0.01052	0.00826	0.00950	0.00919	0.01153	0.00724	0.00689	0.01344	0.02068	0.02711	0.36444	0.06955	0.37545	0.01861	0.00958	0.00265	0.00397	0.01593	0.00822	0.00724
8	0.02100	0.01082	0.01417	0.01210	0.01575	0.00993	0.00950	0.02569	0.05952	0.26304	0.39643	0.04692	0.05313	0.01390	0.00898	0.00255	0.00509	0.01200	0.00929	0.01018
9	0.02297	0.02889	0.29219	0.02722	0.17600	0.01980	0.02321	0.18094	0.02338	0.10118	0.01783	0.01952	0.01281	0.00836	0.00793	0.00249	0.01013	0.00684	0.00545	0.01284
10	0.01014	0.00824	0.00898	0.00879	0.01130	0.00708	0.00660	0.01271	0.01979	0.02499	0.24925	0.07304	0.49196	0.01940	0.00958	0.00269	0.00403	0.01642	0.00794	0.00708
11	0.02588	0.02029	0.02361	0.01883	0.02412	0.02294	0.04341	0.40631	0.13738	0.04183	0.02104	0.02221	0.01581	0.01406	0.06061	0.00340	0.07059	0.00782	0.00727	0.01258
12	0.01048	0.00825	0.00945	0.00915	0.01150	0.00723	0.00686	0.01336	0.02059	0.02689	0.35241	0.06992	0.38762	0.01870	0.00958	0.00265	0.00398	0.01598	0.00819	0.00723
13	0.01717	0.03423	0.49570	0.02174	0.03160	0.01736	0.05083	0.02603	0.04695	0.05867	0.02016	0.02838	0.01639	0.00990	0.00830	0.00274	0.01094	0.08686	0.00455	0.01148
14	0.01683	0.01442	0.01683	0.01202	0.01923	0.01082	0.00961	0.02043	0.01683	0.02644	0.01442	0.01683	0.01202	0.00601	0.00601	0.00120	0.00601	0.00481	0.00481	0.76444
15	0.01159	0.00869	0.01304	0.01304	0.01449	0.01014	0.01014	0.01449	0.01304	0.01884	0.02173	0.03188	0.02029	0.06086	0.68268	0.01304	0.02173	0.00869	0.00435	0.00724
16	0.77215	0.01569	0.01193	0.01067	0.01569	0.01820	0.00879	0.02385	0.01381	0.03641	0.01130	0.01318	0.00879	0.00753	0.00502	0.00251	0.00628	0.00439	0.00502	0.00879
17	0.02517	0.02869	0.06578	0.03016	0.21520	0.27624	0.07078	0.11035	0.05073	0.02746	0.01562	0.01833	0.01238	0.00816	0.00789	0.00234	0.01181	0.00668	0.00479	0.01144
18	0.01818	0.01497	0.01889	0.02111	0.16120	0.01505	0.01335	0.17012	0.05784	0.03089	0.04067	0.12147	0.21089	0.01415	0.00869	0.00257	0.00684	0.01208	0.00677	0.05427
19	0.01200	0.01603	0.16253	0.01257	0.01706	0.00998	0.01234	0.01657	0.02024	0.02769	0.33297	0.05599	0.24162	0.01577	0.00915	0.00261	0.00580	0.01343	0.00723	0.00841
20	0.02208	0.02331	0.03021	0.08183	0.48549	0.16699	0.02271	0.02633	0.01935	0.02468	0.01461	0.01896	0.01220	0.00753	0.00788	0.00236	0.01082	0.00678	0.00403	0.01186
21	0.77215	0.01569	0.01193	0.01067	0.01569	0.01820	0.00879	0.02385	0.01381	0.03641	0.01130	0.01318	0.00879	0.00753	0.00502	0.00251	0.00628	0.00439	0.00502	0.00879
22	0.01513	0.00756	0.00756	0.00756	0.00945	0.00756	0.00567	0.01891	0.01702	0.03025	0.02647	0.03025	0.02080	0.00945	0.00567	0.00189	0.00378	0.00756	0.75988	0.00756
23	0.03125	0.06605	0.02301	0.01912	0.02390	0.50141	0.01475	0.03360	0.02273	0.16471	0.01682	0.01745	0.01260	0.00867	0.00740	0.00217	0.01262	0.00584	0.00545	0.01044
24	0.01164	0.00851	0.01211	0.01211	0.01323	0.00964	0.00898	0.01389	0.01276	0.01814	0.02259	0.03661	0.02234	0.20663	0.53971	0.01189	0.01864	0.00939	0.00447	0.00673
25	0.06431	0.01913	0.06216	0.01647	0.02155	0.01929	0.01378	0.31185	0.14492	0.03863	0.02687	0.17482	0.02423	0.01322	0.00844	0.00270	0.00757	0.01092	0.00753	0.01162
26	0.24595	0.20085	0.08256	0.02421	0.21082	0.02151	0.01663	0.02371	0.01627	0.02716	0.01468	0.05572	0.01313	0.00834	0.00650	0.00233	0.00830	0.00644	0.00433	0.01056
27	0.02218	0.10299	0.09976	0.06543	0.15260	0.21544	0.04820	0.02597	0.01924	0.04668	0.03899	0.02270	0.01557	0.00995	0.00912	0.04632	0.01099	0.03322	0.00445	0.01022
28	0.05915	0.18099	0.06658	0.06856	0.26183	0.18520	0.01953	0.02637	0.01871	0.02332	0.01342	0.01676	0.01126	0.00754	0.00707	0.00221	0.01069	0.00588	0.00393	0.01099

[dist]
# distance from previous block
# <min> <max>
0	22

[block]
# block no. 6 follows, 23 sequences, length 10
# corresponding to MSA columns:
# 3108-3117
name=unknown_G
#
# <colnr> <probs for GDERKNQSTAVLIFYWHMCP>
#	G	D	E	R	K	N	Q	S	T	A	V	L	I	F	Y	W	H	M	C	P
0	0.02354	0.02583	0.02958	0.04005	0.44841	0.24314	0.02179	0.02743	0.02000	0.02426	0.01434	0.01824	0.01204	0.00761	0.00779	0.00230	0.01133	0.00655	0.00407	0.01169
1	0.02170	0.02095	0.02278	0.05285	0.08596	0.14773	0.01634	0.02857	0.14821	0.06715	0.05176	0.02305	0.01784	0.01131	0.01433	0.00283	0.24312	0.00765	0.00541	0.01046
2	0.01120	0.00762	0.00903	0.00961	0.00976	0.00747	0.00573	0.01164	0.01296	0.01728	0.03153	0.25750	0.03703	0.50017	0.03166	0.00644	0.00688	0.01531	0.00573	0.00544
3	0.01180	0.00787	0.00885	0.00885	0.00885	0.00787	0.00492	0.01180	0.01180	0.01573	0.02557	0.05310	0.02950	0.71483	0.04130	0.00787	0.00787	0.01180	0.00492	0.00492
4	0.18423	0.02016	0.09685	0.01712	0.02298	0.01925	0.06219	0.06472	0.32514	0.03321	0.02639	0.02600	0.04778	0.00991	0.00764	0.00266	0.00764	0.00806	0.00661	0.01148
5	0.01603	0.01588	0.02409	0.02546	0.17740	0.06394	0.13041	0.01989	0.01744	0.02279	0.03171	0.03596	0.15642	0.02496	0.19487	0.00545	0.01290	0.01009	0.00491	0.00937
6	0.02782	0.17129	0.02761	0.02177	0.07396	0.50265	0.01604	0.03022	0.02136	0.02022	0.01251	0.01474	0.01063	0.00799	0.00696	0.00205	0.01307	0.00521	0.00403	0.00987
7	0.01018	0.00821	0.00970	0.00992	0.01203	0.00773	0.00743	0.01239	0.01663	0.02092	0.06097	0.14170	0.41061	0.03227	0.19551	0.00565	0.00905	0.01552	0.00665	0.00693
8	0.01850	0.24152	0.18372	0.01686	0.02295	0.11365	0.01690	0.02277	0.01650	0.02072	0.01546	0.02002	0.01341	0.02385	0.21368	0.00545	0.01432	0.00620	0.00383	0.00968
9	0.01602	0.01993	0.12529	0.02476	0.21321	0.07845	0.01681	0.02020	0.01885	0.02443	0.08505	0.08513	0.21253	0.01329	0.00864	0.00257	0.00810	0.01139	0.00559	0.00979

[dist]
# distance from previous block
# <min> <max>
1	18

[block]
# block no. 7 follows, 23 sequences, length 94
# corresponding to MSA columns:
# 3136-3229
name=unknown_H
#
# <colnr> <probs for GDERKNQSTAVLIFYWHMCP>
#	G	D	E	R	K	N	Q	S	T	A	V	L	I	F	Y	W	H	M	C	P
0	0.02451	0.20033	0.03164	0.02986	0.27073	0.19002	0.01860	0.06617	0.02058	0.05417	0.01461	0.01724	0.01203	0.00773	0.00715	0.00217	0.01049	0.00604	0.00446	0.01147
1	0.16496	0.01752	0.01570	0.01442	0.01859	0.12870	0.01174	0.07950	0.02004	0.02849	0.02907	0.04420	0.08485	0.01336	0.00814	0.00263	0.00808	0.18623	0.00611	0.11768
2	0.10195	0.02123	0.05157	0.02357	0.18117	0.17468	0.01530	0.02370	0.04746	0.02461	0.02942	0.03148	0.14691	0.01573	0.07379	0.00348	0.01047	0.00866	0.00509	0.00975
3	0.01413	0.01215	0.01631	0.01520	0.01675	0.01457	0.01220	0.01783	0.05465	0.02123	0.02822	0.06804	0.08467	0.05646	0.21717	0.00633	0.21871	0.07712	0.00520	0.04306
4	0.01683	0.01442	0.01683	0.01202	0.01923	0.01082	0.00961	0.02043	0.01683	0.02644	0.01442	0.01683	0.01202	0.00601	0.00601	0.00120	0.00601	0.00481	0.00481	0.76444
5	0.01513	0.00756	0.00756	0.00756	0.00945	0.00756	0.00567	0.01891	0.01702	0.03025	0.02647	0.03025	0.02080	0.00945	0.00567	0.00189	0.00378	0.00756	0.75988	0.00756
6	0.01154	0.00823	0.01086	0.01072	0.01187	0.00842	0.00760	0.01386	0.01638	0.02297	0.25434	0.07958	0.04482	0.23383	0.22182	0.00730	0.01044	0.01242	0.00631	0.00668
7	0.01184	0.00810	0.00941	0.00967	0.01011	0.00801	0.00615	0.01250	0.01321	0.01735	0.03173	0.06016	0.07324	0.57162	0.03498	0.00695	0.00757	0.09657	0.00545	0.00540
8	0.01912	0.02067	0.04103	0.03532	0.16746	0.02097	0.40796	0.02471	0.01791	0.02504	0.01524	0.02084	0.01215	0.00812	0.01204	0.00280	0.12492	0.00869	0.00400	0.01100
9	0.00999	0.00714	0.00951	0.01123	0.01179	0.00666	0.00754	0.01156	0.01602	0.02149	0.08506	0.66699	0.05517	0.02484	0.01031	0.00325	0.00465	0.02252	0.00762	0.00666
10	0.02648	0.03143	0.02103	0.01913	0.02290	0.50028	0.01452	0.06835	0.02193	0.02170	0.01490	0.01851	0.01270	0.01930	0.14693	0.00438	0.01573	0.00608	0.00447	0.00925
11	0.10638	0.01709	0.02007	0.01554	0.02177	0.01714	0.01283	0.24568	0.02749	0.39293	0.02563	0.02338	0.01680	0.00969	0.00784	0.00248	0.00755	0.00749	0.00888	0.01331
12	0.73775	0.01676	0.01244	0.01115	0.01613	0.04899	0.00911	0.02425	0.01423	0.03564	0.01136	0.01325	0.00886	0.00757	0.00513	0.00249	0.00666	0.00443	0.00498	0.00882
13	0.01764	0.21318	0.51358	0.02079	0.03151	0.02219	0.02591	0.02534	0.01697	0.02403	0.01373	0.01609	0.01031	0.00752	0.00708	0.00236	0.01115	0.00558	0.00344	0.01159
14	0.01588	0.01021	0.01135	0.01030	0.01388	0.00916	0.00798	0.02025	0.08124	0.14895	0.08732	0.06305	0.45475	0.01745	0.00918	0.00269	0.00487	0.01453	0.00814	0.00881
15	0.77215	0.01569	0.01193	0.01067	0.01569	0.01820	0.00879	0.02385	0.01381	0.03641	0.01130	0.01318	0.00879	0.00753	0.00502	0.00251	0.00628	0.00439	0.00502	0.00879
16	0.77215	0.01569	0.01193	0.01067	0.01569	0.01820	0.00879	0.02385	0.01381	0.03641	0.01130	0.01318	0.00879	0.00753	0.00502	0.00251	0.00628	0.00439	0.00502	0.00879
17	0.00976	0.00827	0.00846	0.00855	0.01124	0.00697	0.00650	0.01190	0.01850	0.02203	0.08030	0.07874	0.63112	0.02064	0.00967	0.00279	0.00427	0.04588	0.00753	0.00688
18	0.01199	0.00919	0.01215	0.05735	0.01732	0.00899	0.01130	0.01518	0.01824	0.02311	0.05254	0.12742	0.22210	0.02115	0.01048	0.00335	0.00652	0.35704	0.00724	0.00733
19	0.01180	0.00787	0.00885	0.00885	0.00885	0.00787	0.00492	0.01180	0.01180	0.01573	0.02557	0.05310	0.02950	0.71483	0.04130	0.00787	0.00787	0.01180	0.00492	0.00492
20	0.01683	0.01442	0.01683	0.01202	0.01923	0.01082	0.00961	0.02043	0.01683	0.02644	0.01442	0.01683	0.01202	0.00601	0.00601	0.00120	0.00601	0.00481	0.00481	0.76444
21	0.05525	0.09105	0.22014	0.03070	0.26556	0.02119	0.02270	0.11543	0.04982	0.02998	0.01595	0.01862	0.01237	0.00790	0.00756	0.00242	0.00984	0.00657	0.00463	0.01232
22	0.18586	0.17540	0.07922	0.01745	0.02304	0.34973	0.01503	0.02833	0.01919	0.02373	0.01218	0.01420	0.01007	0.00783	0.00642	0.00215	0.01139	0.00493	0.00415	0.00970
