[name]
unknown

[dist]
# distance from previous block
# <min> <max>
0	0

[block]
# block no. 0 follows, 21 sequences, length 7
# corresponding to MSA columns:
# 0-6
name=unknown_A
#
# <colnr> <probs for GDERKNQSTAVLIFYWHMCP>
#	G	D	E	R	K	N	Q	S	T	A	V	L	I	F	Y	W	H	M	C	P
0	0.01371	0.00980	0.01371	0.01567	0.01763	0.00980	0.01371	0.01763	0.01959	0.02547	0.04506	0.09599	0.04898	0.02351	0.01175	0.00392	0.00784	0.59056	0.00784	0.00784
1	0.01189	0.00953	0.01072	0.01027	0.01296	0.00880	0.00775	0.01679	0.07677	0.02875	0.31269	0.06976	0.35446	0.01892	0.00992	0.00279	0.00441	0.01614	0.00858	0.00810
2	0.01664	0.01209	0.01434	0.01406	0.01635	0.01247	0.01026	0.18522	0.02306	0.03083	0.03935	0.50278	0.04435	0.02197	0.01019	0.00320	0.00620	0.01948	0.00807	0.00907
3	0.01120	0.01086	0.05932	0.01160	0.01406	0.00824	0.00932	0.01413	0.01920	0.02550	0.20066	0.31501	0.22645	0.02153	0.01022	0.00304	0.00512	0.01891	0.00793	0.00769
4	0.05412	0.01419	0.01854	0.17821	0.08862	0.04694	0.01452	0.05055	0.02223	0.03102	0.33264	0.04224	0.04643	0.01298	0.00907	0.00267	0.00738	0.01127	0.00699	0.00940
5	0.02123	0.22408	0.17969	0.02598	0.03471	0.08245	0.26245	0.02729	0.01918	0.02455	0.01489	0.01852	0.01170	0.00755	0.00809	0.00247	0.01255	0.00724	0.00397	0.01142
6	0.02552	0.03052	0.02078	0.01929	0.02276	0.45716	0.01459	0.02798	0.02078	0.02049	0.01623	0.02112	0.01426	0.02636	0.21836	0.00586	0.01773	0.00664	0.00444	0.00914

[dist]
# distance from previous block
# <min> <max>
16	25

[block]
# block no. 1 follows, 21 sequences, length 42
# corresponding to MSA columns:
# 33-74
name=unknown_B
#
# <colnr> <probs for GDERKNQSTAVLIFYWHMCP>
#	G	D	E	R	K	N	Q	S	T	A	V	L	I	F	Y	W	H	M	C	P
0	0.08667	0.18000	0.23392	0.03122	0.25638	0.02296	0.02373	0.02614	0.01802	0.02673	0.01447	0.01777	0.01166	0.00770	0.00737	0.00243	0.01036	0.00623	0.00398	0.01224
1	0.01976	0.02390	0.13769	0.16643	0.26659	0.02048	0.15739	0.05496	0.01986	0.02762	0.01620	0.02127	0.01254	0.00789	0.00875	0.00269	0.01166	0.00792	0.00426	0.01214
2	0.01106	0.00777	0.01014	0.01123	0.01221	0.00719	0.00773	0.01260	0.01759	0.02353	0.15956	0.45210	0.11767	0.02467	0.01269	0.07233	0.00493	0.02035	0.00779	0.00685
3	0.08736	0.22134	0.02558	0.16196	0.02722	0.07468	0.01447	0.02277	0.01696	0.02356	0.01663	0.02161	0.01407	0.01818	0.12477	0.00429	0.01170	0.00654	0.09693	0.00938
4	0.02735	0.07326	0.02324	0.01851	0.02315	0.27974	0.01457	0.18830	0.02565	0.05625	0.01818	0.02212	0.01502	0.04987	0.12270	0.00453	0.01391	0.00708	0.00578	0.01078
5	0.02998	0.03749	0.02423	0.02287	0.05122	0.58510	0.01671	0.03230	0.02300	0.02106	0.01356	0.01644	0.01148	0.01115	0.03435	0.00272	0.04630	0.00580	0.00435	0.00990
6	0.01339	0.00952	0.01163	0.01178	0.01312	0.00941	0.00812	0.07341	0.01949	0.02646	0.17230	0.34121	0.05166	0.17734	0.01787	0.00429	0.00593	0.01788	0.00766	0.00751
7	0.01849	0.03457	0.39235	0.03123	0.11201	0.02037	0.21453	0.02695	0.01880	0.02715	0.01597	0.01990	0.01177	0.00774	0.00874	0.00273	0.01284	0.00762	0.00389	0.01234
8	0.07320	0.02468	0.05071	0.02056	0.06577	0.17464	0.01578	0.23753	0.02671	0.03485	0.04733	0.02308	0.01737	0.01938	0.12600	0.00447	0.01296	0.00750	0.00613	0.01135
9	0.01147	0.00868	0.01058	0.01010	0.01236	0.00778	0.00758	0.01494	0.02273	0.03089	0.48161	0.06889	0.24405	0.01860	0.01004	0.00273	0.00410	0.01614	0.00894	0.00778
10	0.02699	0.02967	0.02882	0.07413	0.22166	0.31299	0.04754	0.10549	0.02404	0.02755	0.01528	0.01859	0.01231	0.00850	0.00818	0.00242	0.01265	0.00676	0.00482	0.01162
11	0.01032	0.00761	0.00966	0.01131	0.01220	0.00696	0.00766	0.01191	0.01681	0.02194	0.05349	0.59259	0.15481	0.02581	0.01073	0.00336	0.00483	0.02315	0.00790	0.00696
12	0.01030	0.00768	0.00960	0.01113	0.01215	0.00697	0.00758	0.01193	0.01698	0.02201	0.05564	0.55895	0.18706	0.02553	0.01068	0.00333	0.00480	0.02281	0.00790	0.00697
13	0.02369	0.63733	0.04248	0.01532	0.02230	0.09904	0.01476	0.02636	0.01800	0.02011	0.01197	0.01383	0.01093	0.00743	0.00569	0.00186	0.00975	0.00465	0.00372	0.01081
14	0.01027	0.00833	0.00894	0.00939	0.01155	0.00719	0.00671	0.01214	0.01828	0.02231	0.07380	0.21815	0.47530	0.06363	0.01224	0.00333	0.00469	0.01902	0.00774	0.00700
15	0.02004	0.01950	0.03392	0.07551	0.52525	0.01944	0.07923	0.02513	0.01934	0.02718	0.02061	0.02523	0.05404	0.00849	0.00868	0.00259	0.01018	0.00848	0.00444	0.01271
16	0.02647	0.03125	0.07000	0.03101	0.22167	0.31836	0.02020	0.06986	0.08002	0.02693	0.01667	0.01918	0.01337	0.00870	0.00808	0.00242	0.01233	0.00672	0.00494	0.01182
17	0.02127	0.09228	0.20610	0.02482	0.12258	0.20660	0.02053	0.02603	0.01961	0.02375	0.02012	0.13850	0.01941	0.01146	0.00828	0.00258	0.01132	0.00930	0.00469	0.01077
18	0.01734	0.04240	0.61456	0.02616	0.07834	0.01979	0.03108	0.02689	0.01806	0.02701	0.01532	0.01818	0.01096	0.00805	0.00811	0.00268	0.01241	0.00638	0.00364	0.01264
19	0.01714	0.01673	0.01765	0.01643	0.01789	0.13111	0.01264	0.01931	0.01521	0.01962	0.01908	0.03021	0.01862	0.13782	0.31428	0.00860	0.16663	0.00858	0.00443	0.00802
20	0.01970	0.01893	0.03217	0.09039	0.52875	0.01901	0.04560	0.02461	0.01924	0.02694	0.02230	0.02671	0.07002	0.00889	0.00864	0.00259	0.00983	0.00860	0.00452	0.01257
21	0.02235	0.02051	0.05962	0.02084	0.07948	0.02123	0.01582	0.14348	0.40343	0.03697	0.03185	0.03046	0.05306	0.01125	0.00865	0.00278	0.00774	0.00931	0.00789	0.01328
22	0.01058	0.00823	0.00944	0.00997	0.01179	0.00729	0.00705	0.01265	0.01863	0.02373	0.14815	0.27064	0.34068	0.06641	0.01245	0.00338	0.00472	0.01920	0.00793	0.00709
23	0.02507	0.02077	0.02329	0.16570	0.03155	0.07946	0.01687	0.32581	0.02876	0.03753	0.01902	0.02280	0.01468	0.01930	0.12629	0.00457	0.01275	0.00770	0.00638	0.01171
24	0.01074	0.00874	0.00957	0.00963	0.01226	0.00757	0.00740	0.01339	0.02025	0.02520	0.18220	0.07989	0.48994	0.02098	0.01021	0.00293	0.00457	0.06897	0.00816	0.00739
25	0.02040	0.01712	0.02011	0.01507	0.02155	0.01587	0.01224	0.12831	0.02107	0.03146	0.01558	0.01827	0.01276	0.00807	0.00940	0.00180	0.09156	0.00581	0.00550	0.52805
26	0.02235	0.02054	0.01967	0.01746	0.02110	0.16030	0.04085	0.20203	0.02525	0.03125	0.02911	0.28031	0.03039	0.04549	0.01078	0.00308	0.00918	0.01384	0.00702	0.01000
27	0.01800	0.39492	0.03028	0.01350	0.01832	0.02281	0.01223	0.02109	0.01801	0.02312	0.15568	0.02923	0.02876	0.02212	0.15363	0.00465	0.01101	0.00799	0.00513	0.00953
28	0.01055	0.00748	0.00982	0.01162	0.01207	0.00703	0.00765	0.01190	0.01594	0.02125	0.04510	0.63787	0.05401	0.08726	0.01378	0.00389	0.00524	0.02313	0.00765	0.00675
29	0.01198	0.00825	0.01016	0.01051	0.01087	0.00843	0.00661	0.01278	0.01331	0.01801	0.02970	0.16623	0.03377	0.46822	0.14725	0.00835	0.01022	0.01392	0.00554	0.00590
30	0.01808	0.01732	0.01527	0.01468	0.01698	0.18642	0.01112	0.02090	0.01713	0.02194	0.02126	0.02940	0.01908	0.07188	0.34476	0.00831	0.01682	0.00810	0.13241	0.00814
31	0.01227	0.00821	0.00931	0.00942	0.00944	0.00818	0.00530	0.01235	0.01258	0.01678	0.02788	0.08949	0.03228	0.66530	0.04160	0.00800	0.00808	0.01300	0.00530	0.00525
32	0.01123	0.00777	0.00962	0.01075	0.01103	0.00749	0.00672	0.01208	0.01461	0.01948	0.03829	0.42110	0.04542	0.31576	0.02478	0.00551	0.00636	0.01913	0.00672	0.00616
33	0.02106	0.02022	0.03454	0.05223	0.64784	0.02022	0.02612	0.02612	0.01938	0.02780	0.01601	0.02106	0.01348	0.00758	0.00842	0.00253	0.01011	0.00758	0.00421	0.01348
34	0.01545	0.01038	0.01253	0.01182	0.01294	0.01206	0.00895	0.01813	0.01565	0.02575	0.02487	0.07262	0.02293	0.12256	0.04415	0.00392	0.15699	0.00955	0.39102	0.00773
35	0.01234	0.00906	0.01339	0.01339	0.01494	0.01050	0.01041	0.01542	0.01388	0.02034	0.02304	0.03335	0.02130	0.06117	0.63469	0.01310	0.02187	0.00906	0.04111	0.00761
36	0.03103	0.02305	0.02483	0.01895	0.02583	0.02504	0.01563	0.56571	0.03800	0.05130	0.01995	0.02018	0.01430	0.00986	0.00831	0.00244	0.00909	0.00743	0.00820	0.08085
37	0.10120	0.03220	0.10186	0.02541	0.12578	0.31893	0.01882	0.06973	0.07733	0.02790	0.01614	0.01823	0.01274	0.00875	0.00774	0.00244	0.01212	0.00634	0.00500	0.01133
38	0.01166	0.00887	0.00994	0.01010	0.01191	0.00817	0.00703	0.03617	0.01841	0.02348	0.10975	0.21206	0.30836	0.16524	0.01720	0.00411	0.00546	0.01758	0.00747	0.00705
39	0.03127	0.07982	0.02542	0.02136	0.02604	0.59698	0.01632	0.06240	0.02449	0.02240	0.01343	0.01550	0.01113	0.00875	0.00758	0.00219	0.01467	0.00553	0.00454	0.01016
40	0.01630	0.01217	0.01372	0.01251	0.01538	0.01199	0.00910	0.14802	0.02141	0.02848	0.04081	0.23572	0.14274	0.16493	0.01674	0.00398	0.00665	0.01510	0.00718	0.07708
41	0.02271	0.02548	0.07495	0.04491	0.49513	0.13587	0.02475	0.02758	0.02013	0.02650	0.01545	0.01983	0.01285	0.00783	0.00827	0.00248	0.01121	0.00712	0.00420	0.01277

[dist]
# distance from previous block
# <min> <max>
2	12

[block]
# block no. 2 follows, 21 sequences, length 20
# corresponding to MSA columns:
# 87-106
name=unknown_C
#
# <colnr> <probs for GDERKNQSTAVLIFYWHMCP>
#	G	D	E	R	K	N	Q	S	T	A	V	L	I	F	Y	W	H	M	C	P
0	0.02216	0.02091	0.02211	0.24274	0.03476	0.15695	0.01656	0.06911	0.02120	0.06273	0.04841	0.02208	0.01592	0.00869	0.00784	0.00225	0.01014	0.00692	0.00527	0.20324
1	0.01954	0.05695	0.15358	0.16365	0.03452	0.09005	0.07465	0.06935	0.06619	0.02615	0.01826	0.02302	0.01448	0.01879	0.12930	0.00467	0.01381	0.00761	0.00471	0.01072
2	0.02532	0.28429	0.16880	0.01960	0.02696	0.25964	0.01899	0.06125	0.02115	0.02365	0.01352	0.01557	0.01110	0.00815	0.00700	0.00218	0.01213	0.00543	0.00417	0.01109
3	0.01835	0.00995	0.01292	0.01255	0.01459	0.00942	0.00892	0.05137	0.01823	0.15894	0.03631	0.35345	0.03837	0.11485	0.01712	0.08577	0.00640	0.01645	0.00767	0.00837
4	0.01691	0.01850	0.07724	0.02328	0.05282	0.01511	0.23945	0.02240	0.02009	0.02865	0.16541	0.06989	0.03105	0.01060	0.00907	0.00248	0.00933	0.01065	0.00580	0.17124
5	0.01216	0.00912	0.01368	0.01368	0.01520	0.01064	0.01064	0.01520	0.01368	0.01976	0.02279	0.03343	0.02127	0.06382	0.66720	0.01368	0.02279	0.00912	0.00456	0.00760
6	0.02759	0.02028	0.02215	0.01791	0.02335	0.02217	0.01438	0.48780	0.03487	0.04672	0.02617	0.16669	0.02353	0.01378	0.00902	0.00275	0.00841	0.01124	0.00838	0.01283
7	0.01160	0.00792	0.00951	0.01027	0.01047	0.00773	0.00622	0.01217	0.01389	0.01852	0.03458	0.30312	0.04074	0.44012	0.03076	0.00640	0.00697	0.01695	0.00622	0.00584
8	0.01515	0.01105	0.01492	0.01378	0.01542	0.01207	0.01064	0.01818	0.02028	0.07604	0.35043	0.16722	0.05640	0.01803	0.01395	0.00304	0.15207	0.01477	0.00796	0.00859
9	0.01021	0.00847	0.00893	0.00915	0.01167	0.00720	0.00674	0.01238	0.01926	0.02344	0.11204	0.15955	0.53772	0.02198	0.01016	0.00294	0.00437	0.01862	0.00798	0.00720
10	0.02275	0.70604	0.04459	0.01456	0.02184	0.03367	0.01456	0.02548	0.01729	0.02002	0.01183	0.01365	0.01092	0.00728	0.00546	0.00182	0.00910	0.00455	0.00364	0.01092
11	0.70090	0.01635	0.01356	0.06522	0.01986	0.01908	0.01038	0.02475	0.01469	0.03685	0.01211	0.01454	0.00939	0.00795	0.00553	0.00265	0.00697	0.00485	0.00515	0.00924
12	0.02055	0.21639	0.19097	0.03487	0.32329	0.02384	0.02423	0.02615	0.01845	0.02543	0.01467	0.01824	0.01210	0.00762	0.00752	0.00237	0.01044	0.00642	0.00390	0.01255
13	0.01311	0.00856	0.01120	0.01130	0.01289	0.00792	0.00805	0.01584	0.02036	0.06743	0.33927	0.29233	0.06399	0.07237	0.01278	0.00338	0.00488	0.01795	0.00858	0.00781
14	0.01220	0.00893	0.01272	0.01272	0.01391	0.01012	0.00945	0.01459	0.01339	0.01905	0.02367	0.03826	0.02337	0.20188	0.53201	0.01250	0.01964	0.00982	0.00469	0.00707
15	0.01086	0.00786	0.01079	0.01217	0.01298	0.00779	0.00850	0.01284	0.01622	0.02208	0.07940	0.51197	0.05022	0.03413	0.15303	0.00562	0.00875	0.02037	0.00727	0.00713
16	0.70268	0.01630	0.01309	0.01151	0.01688	0.01856	0.00948	0.02634	0.01528	0.08787	0.01360	0.01505	0.01017	0.00811	0.00553	0.00263	0.00664	0.00493	0.00569	0.00964
17	0.01216	0.00912	0.01368	0.01368	0.01520	0.01064	0.01064	0.01520	0.01368	0.01976	0.02279	0.03343	0.02127	0.06382	0.66720	0.01368	0.02279	0.00912	0.00456	0.00760
18	0.01828	0.16281	0.47544	0.02227	0.03250	0.02301	0.02694	0.02597	0.01730	0.02497	0.01419	0.01725	0.01085	0.00868	0.00977	0.00265	0.08549	0.00610	0.00362	0.01192
19	0.01093	0.00867	0.00990	0.01009	0.01248	0.00763	0.00769	0.01366	0.02030	0.02580	0.21187	0.12566	0.40398	0.02115	0.01029	0.00298	0.00465	0.07660	0.00825	0.00743

[dist]
# distance from previous block
# <min> <max>
0	1

[block]
# block no. 3 follows, 21 sequences, length 10
# corresponding to MSA columns:
# 108-117
name=unknown_D
#
# <colnr> <probs for GDERKNQSTAVLIFYWHMCP>
#	G	D	E	R	K	N	Q	S	T	A	V	L	I	F	Y	W	H	M	C	P
0	0.02417	0.01874	0.02086	0.01590	0.02258	0.01824	0.01285	0.30792	0.02829	0.03972	0.02003	0.06932	0.01675	0.00969	0.00770	0.00204	0.00767	0.00772	0.00692	0.34288
1	0.01593	0.01163	0.01401	0.01328	0.01524	0.01229	0.00976	0.12989	0.02162	0.02985	0.14291	0.29756	0.04482	0.10231	0.01506	0.00367	0.04975	0.01610	0.04575	0.00855
2	0.01213	0.00838	0.00969	0.00954	0.01019	0.00812	0.00588	0.01317	0.01545	0.02083	0.16557	0.05936	0.08746	0.50131	0.03358	0.00663	0.00703	0.01345	0.00628	0.00593
3	0.01139	0.00867	0.01047	0.01002	0.01231	0.00775	0.00752	0.01479	0.02255	0.03046	0.46017	0.06960	0.26575	0.01876	0.01004	0.00274	0.00411	0.01624	0.00889	0.00775
4	0.01152	0.00832	0.01003	0.01014	0.01142	0.00776	0.00689	0.01357	0.01840	0.02478	0.26008	0.17731	0.15304	0.22560	0.02021	0.00453	0.00550	0.01648	0.00760	0.00683
5	0.01037	0.00741	0.00987	0.01185	0.01234	0.00691	0.00790	0.01185	0.01629	0.02172	0.04690	0.69537	0.05629	0.02666	0.01086	0.00346	0.00494	0.02419	0.00790	0.00691
6	0.01166	0.00868	0.01085	0.01031	0.01248	0.00787	0.00773	0.01532	0.02319	0.03200	0.53684	0.06707	0.18813	0.01819	0.01004	0.00271	0.00407	0.01588	0.00909	0.00787
7	0.01821	0.02842	0.27524	0.19428	0.22026	0.01982	0.07229	0.02545	0.01830	0.02594	0.01560	0.02040	0.01186	0.00797	0.00844	0.00269	0.01169	0.00726	0.00387	0.01199
8	0.02840	0.13455	0.14506	0.01670	0.02409	0.01788	0.01626	0.03475	0.07586	0.33437	0.06580	0.02680	0.02167	0.01006	0.00806	0.00254	0.00832	0.00799	0.00782	0.01302
9	0.02137	0.52656	0.15258	0.01699	0.02457	0.03051	0.01794	0.02530	0.01703	0.02130	0.01239	0.01486	0.01092	0.00810	0.00792	0.00215	0.06968	0.00512	0.00364	0.01107

[dist]
# distance from previous block
# <min> <max>
0	1

[block]
# block no. 4 follows, 21 sequences, length 11
# corresponding to MSA columns:
# 119-129
name=unknown_E
#
# <colnr> <probs for GDERKNQSTAVLIFYWHMCP>
#	G	D	E	R	K	N	Q	S	T	A	V	L	I	F	Y	W	H	M	C	P
0	0.01487	0.01196	0.01505	0.14311	0.02219	0.01307	0.01116	0.07519	0.01803	0.02329	0.03923	0.05042	0.19365	0.26162	0.02276	0.00482	0.05375	0.01217	0.00588	0.00777
1	0.06923	0.09314	0.50005	0.02346	0.06308	0.02049	0.02732	0.02742	0.01808	0.05996	0.01575	0.01806	0.01135	0.00811	0.00772	0.00261	0.01149	0.00622	0.00410	0.01236
2	0.01482	0.00995	0.01263	0.01241	0.01438	0.01080	0.00944	0.07598	0.01789	0.02666	0.02836	0.15480	0.02725	0.03731	0.30459	0.00757	0.01315	0.01146	0.20230	0.00824
3	0.02395	0.29917	0.03215	0.02243	0.13780	0.14656	0.01598	0.07458	0.02089	0.02599	0.01580	0.01844	0.01323	0.00823	0.00675	0.00210	0.00977	0.00602	0.10908	0.01106
4	0.01803	0.02516	0.25265	0.11500	0.07444	0.01775	0.02198	0.02572	0.06698	0.06790	0.01946	0.02405	0.01524	0.02085	0.14977	0.00512	0.05634	0.00766	0.00476	0.01114
5	0.01806	0.01624	0.07422	0.10797	0.02333	0.01515	0.01320	0.16617	0.02087	0.02804	0.02486	0.11296	0.02519	0.29067	0.02280	0.00501	0.00897	0.01134	0.00598	0.00896
6	0.01852	0.02114	0.11166	0.01603	0.02007	0.13419	0.01410	0.02213	0.02020	0.06862	0.16689	0.10024	0.12102	0.04598	0.01257	0.00304	0.07580	0.01194	0.00657	0.00928
7	0.02365	0.11451	0.02893	0.03070	0.28770	0.01949	0.01828	0.08571	0.02178	0.12406	0.04890	0.06852	0.02023	0.00990	0.00813	0.00243	0.00857	0.00861	0.00606	0.06386
8	0.02375	0.03445	0.19202	0.02150	0.02810	0.32569	0.07298	0.02861	0.02117	0.02427	0.02054	0.02291	0.05549	0.00943	0.00799	0.00241	0.01263	0.00721	0.07849	0.01036
9	0.02014	0.03032	0.25572	0.03388	0.25569	0.07958	0.02576	0.02608	0.01812	0.02550	0.01459	0.01898	0.01185	0.00923	0.01186	0.00278	0.13705	0.00690	0.00391	0.01205
10	0.02585	0.02921	0.02657	0.02952	0.18992	0.33037	0.01915	0.05394	0.02160	0.02433	0.01595	0.02270	0.01423	0.01037	0.01120	0.00264	0.11339	0.04362	0.00464	0.01081

[dist]
# distance from previous block
# <min> <max>
17	40

[block]
# block no. 5 follows, 21 sequences, length 24
# corresponding to MSA columns:
# 170-193
name=unknown_F
#
# <colnr> <probs for GDERKNQSTAVLIFYWHMCP>
#	G	D	E	R	K	N	Q	S	T	A	V	L	I	F	Y	W	H	M	C	P
0	0.01613	0.01560	0.06457	0.08124	0.24457	0.01423	0.01603	0.01909	0.01566	0.02172	0.02117	0.03791	0.02165	0.34668	0.02547	0.00536	0.00947	0.00983	0.00460	0.00901
1	0.01780	0.03160	0.34721	0.09201	0.13379	0.06927	0.02513	0.02463	0.01834	0.02531	0.01988	0.11873	0.01801	0.01084	0.00856	0.00275	0.01115	0.00920	0.00441	0.01136
2	0.02605	0.11408	0.05427	0.09325	0.17973	0.17231	0.01977	0.18268	0.02531	0.03132	0.01586	0.01867	0.01252	0.00862	0.00789	0.00240	0.01121	0.00668	0.00524	0.01214
3	0.02459	0.04225	0.33346	0.02306	0.03145	0.35043	0.02378	0.03054	0.02111	0.02382	0.01419	0.01663	0.01087	0.00843	0.00787	0.00244	0.01399	0.00588	0.00400	0.01119
4	0.02802	0.03378	0.02900	0.03101	0.19042	0.44426	0.06862	0.03137	0.02254	0.02318	0.01424	0.01747	0.01178	0.00833	0.00807	0.00234	0.01389	0.00641	0.00433	0.01094
5	0.02665	0.02567	0.02470	0.13253	0.08006	0.21362	0.01776	0.24089	0.02730	0.03328	0.01726	0.02058	0.01348	0.01440	0.07103	0.00355	0.01281	0.00713	0.00578	0.01153
6	0.02092	0.12036	0.44989	0.02239	0.03282	0.09774	0.02623	0.08407	0.02071	0.02795	0.01511	0.01738	0.01117	0.00827	0.00777	0.00252	0.01218	0.00612	0.00416	0.01224
7	0.01756	0.04592	0.01449	0.01233	0.01577	0.06452	0.00967	0.02097	0.04088	0.11788	0.14142	0.11081	0.27765	0.01781	0.00956	0.00283	0.00623	0.05668	0.00803	0.00902
8	0.01056	0.00749	0.00982	0.01160	0.01205	0.00704	0.00764	0.01190	0.01592	0.02123	0.04499	0.63440	0.05387	0.09092	0.01395	0.00391	0.00525	0.02307	0.00764	0.00674
9	0.25782	0.01739	0.02419	0.11024	0.32200	0.01868	0.01872	0.02472	0.01740	0.03074	0.01554	0.01981	0.01254	0.00799	0.00722	0.00255	0.00862	0.00665	0.06601	0.01117
10	0.04876	0.01983	0.05865	0.18260	0.24182	0.01984	0.10997	0.08185	0.04216	0.02926	0.01917	0.02756	0.01598	0.00942	0.00883	0.00279	0.01062	0.05418	0.00500	0.01171
11	0.01492	0.00958	0.01178	0.01136	0.01319	0.01040	0.00852	0.05831	0.01680	0.02591	0.02502	0.03525	0.02244	0.13620	0.29063	0.00789	0.01292	0.00908	0.27195	0.00783
12	0.01357	0.00967	0.01231	0.01363	0.05531	0.00906	0.00917	0.01592	0.01835	0.05386	0.13543	0.11898	0.20312	0.18749	0.01838	0.00434	0.00634	0.10011	0.00731	0.00765
13	0.01871	0.03518	0.43877	0.02407	0.08348	0.01878	0.02589	0.07243	0.01976	0.02926	0.01571	0.01836	0.01163	0.00788	0.00782	0.00241	0.01097	0.00628	0.00430	0.14832
14	0.02278	0.01656	0.06189	0.12682	0.02746	0.01549	0.01574	0.14231	0.02451	0.16416	0.09064	0.04535	0.07166	0.01388	0.00937	0.00292	0.00831	0.12130	0.00773	0.01111
15	0.19032	0.02202	0.14255	0.06827	0.12705	0.01878	0.01824	0.02988	0.16148	0.05241	0.06963	0.02504	0.02031	0.00962	0.00782	0.00270	0.00849	0.00778	0.00596	0.01164
16	0.02792	0.03083	0.02343	0.02406	0.11565	0.40105	0.01629	0.09741	0.02430	0.02720	0.01656	0.01919	0.01334	0.00893	0.00763	0.00225	0.01221	0.00640	0.11471	0.01064
17	0.01500	0.01098	0.01368	0.10954	0.01991	0.01132	0.01031	0.07658	0.02189	0.03063	0.24654	0.05029	0.14153	0.06912	0.01163	0.00305	0.00601	0.01240	0.13110	0.00850
18	0.10352	0.01920	0.02222	0.04595	0.08189	0.06452	0.01582	0.15171	0.02118	0.03179	0.01666	0.02101	0.01371	0.01330	0.04295	0.00332	0.21211	0.00720	0.10134	0.01060
19	0.08090	0.02436	0.02055	0.01880	0.02125	0.27266	0.01462	0.02440	0.01793	0.02203	0.01749	0.08669	0.01710	0.02126	0.12309	0.00467	0.19015	0.00839	0.00466	0.00900
20	0.01490	0.01239	0.01404	0.01107	0.01624	0.00980	0.00838	0.01766	0.01723	0.02472	0.03476	0.03985	0.17318	0.12294	0.01325	0.00280	0.00612	0.00946	0.00577	0.44545
21	0.01345	0.00939	0.01122	0.01119	0.01208	0.00959	0.00733	0.06092	0.01612	0.02174	0.05617	0.20447	0.03682	0.39545	0.09085	0.00694	0.00876	0.01465	0.00620	0.00667
22	0.05754	0.02951	0.16017	0.08728	0.03124	0.22777	0.09788	0.02613	0.01895	0.02326	0.01459	0.01920	0.01176	0.01133	0.01177	0.11319	0.01232	0.00669	0.00411	0.03532
23	0.05469	0.01777	0.02654	0.02708	0.15904	0.06728	0.14335	0.02172	0.01788	0.02482	0.02414	0.19626	0.02494	0.05950	0.01276	0.00322	0.05594	0.01226	0.00532	0.04551

[dist]
# distance from previous block
# <min> <max>
26	44

[block]
# block no. 6 follows, 21 sequences, length 80
# corresponding to MSA columns:
# 252-331
name=unknown_G
#
# <colnr> <probs for GDERKNQSTAVLIFYWHMCP>
#	G	D	E	R	K	N	Q	S	T	A	V	L	I	F	Y	W	H	M	C	P
0	0.01718	0.14692	0.02044	0.01317	0.01715	0.05762	0.01027	0.01929	0.01629	0.02178	0.02200	0.13318	0.02341	0.17696	0.01693	0.00358	0.04233	0.00989	0.00514	0.22645
1	0.01775	0.01309	0.01368	0.01259	0.01481	0.04302	0.00901	0.12553	0.05699	0.02785	0.02740	0.10584	0.02706	0.26793	0.07362	0.00552	0.00880	0.01125	0.12985	0.00839
2	0.06330	0.02100	0.02137	0.02232	0.12461	0.15706	0.01486	0.06834	0.07087	0.15144	0.02541	0.13177	0.02221	0.01197	0.00842	0.00259	0.00911	0.00989	0.00684	0.05663
3	0.02235	0.02000	0.01817	0.01535	0.01967	0.14747	0.01166	0.16687	0.02315	0.03006	0.02086	0.05818	0.01917	0.13709	0.05697	0.00397	0.01011	0.00842	0.05110	0.15936
4	0.01813	0.01394	0.01702	0.04520	0.05753	0.01427	0.01226	0.18703	0.02461	0.03292	0.09402	0.23183	0.11908	0.01742	0.00960	0.00289	0.00683	0.04414	0.00767	0.04360
5	0.01801	0.04977	0.01899	0.08665	0.02293	0.14605	0.04300	0.05619	0.02003	0.02367	0.03710	0.19077	0.13651	0.07102	0.01202	0.00327	0.00898	0.04025	0.00618	0.00862
6	0.35738	0.01780	0.07750	0.08643	0.11010	0.01709	0.01436	0.02244	0.01533	0.02955	0.01614	0.02467	0.01461	0.14908	0.01406	0.00379	0.00848	0.00707	0.00478	0.00933
7	0.02044	0.02226	0.02375	0.02001	0.02435	0.21302	0.13523	0.02629	0.08464	0.02688	0.15950	0.07834	0.08238	0.01319	0.00929	0.00270	0.01007	0.03149	0.00648	0.00971
8	0.01871	0.02565	0.19905	0.03553	0.32970	0.05706	0.02372	0.02427	0.01873	0.02606	0.02117	0.14065	0.02026	0.01121	0.00872	0.00272	0.01017	0.01008	0.00471	0.01184
9	0.02419	0.06846	0.07413	0.02205	0.08780	0.23236	0.01702	0.13233	0.02443	0.02874	0.02715	0.03544	0.08495	0.01221	0.00863	0.00263	0.01090	0.08996	0.00586	0.01077
10	0.03278	0.11163	0.02575	0.01824	0.02435	0.20462	0.01492	0.20011	0.02781	0.22542	0.02134	0.02077	0.01507	0.00953	0.00790	0.00238	0.01037	0.00693	0.00735	0.01272
11	0.02004	0.37815	0.30801	0.01922	0.02835	0.02720	0.02210	0.02581	0.01732	0.02304	0.01328	0.01582	0.01088	0.00809	0.00796	0.00231	0.05176	0.00548	0.00363	0.01154
12	0.02270	0.02161	0.01724	0.01563	0.01891	0.23586	0.01190	0.10971	0.02198	0.02776	0.02066	0.02642	0.01754	0.06543	0.14264	0.00490	0.01270	0.00759	0.18954	0.00929
13	0.01576	0.07164	0.01651	0.01349	0.01586	0.09113	0.01050	0.01820	0.01641	0.02116	0.03213	0.03947	0.13115	0.10273	0.25657	0.00723	0.05759	0.01001	0.06449	0.00796
14	0.03069	0.02271	0.02448	0.01890	0.02549	0.02481	0.01552	0.56367	0.03788	0.05098	0.02126	0.04838	0.01612	0.01070	0.00850	0.00253	0.00902	0.00822	0.00831	0.05183
15	0.70203	0.07157	0.01507	0.01146	0.01689	0.02026	0.00964	0.02505	0.01471	0.03673	0.01185	0.01381	0.00935	0.00785	0.00528	0.00257	0.00678	0.00460	0.00514	0.00935
16	0.01586	0.00793	0.00793	0.00793	0.00991	0.00793	0.00595	0.01983	0.01785	0.03173	0.02776	0.03173	0.02181	0.00991	0.00595	0.00198	0.00397	0.00793	0.74817	0.00793
17	0.01220	0.00896	0.01289	0.01289	0.01414	0.01021	0.00966	0.01469	0.01344	0.01917	0.02351	0.03742	0.02301	0.17794	0.55545	0.01270	0.02019	0.00970	0.00467	0.00716
18	0.01219	0.00900	0.01307	0.01307	0.01438	0.01031	0.00988	0.01481	0.01350	0.01931	0.02335	0.03650	0.02261	0.15159	0.58126	0.01293	0.02079	0.00957	0.00464	0.00726
19	0.01139	0.00867	0.01047	0.01002	0.01231	0.00775	0.00751	0.01479	0.02254	0.03046	0.45969	0.06961	0.26624	0.01877	0.01004	0.00274	0.00411	0.01624	0.00888	0.00775
20	0.01899	0.28754	0.33957	0.02049	0.02996	0.02434	0.05907	0.02548	0.01750	0.02380	0.01470	0.01789	0.01180	0.01218	0.05990	0.00326	0.01220	0.00609	0.00373	0.01149
21	0.01645	0.02063	0.13421	0.05197	0.13950	0.01643	0.14296	0.02263	0.04983	0.02574	0.03369	0.12714	0.13136	0.01324	0.01003	0.00289	0.03309	0.01215	0.00549	0.01057
22	0.01173	0.00798	0.00947	0.01010	0.01026	0.00782	0.00603	0.01221	0.01363	0.01817	0.03323	0.26010	0.03904	0.48546	0.03294	0.00672	0.00719	0.01615	0.00603	0.00572
23	0.02789	0.03425	0.02447	0.18526	0.03432	0.50608	0.01823	0.03095	0.02236	0.02105	0.01364	0.01717	0.01106	0.00870	0.00788	0.00235	0.01435	0.00600	0.00424	0.00976
24	0.02818	0.01566	0.01863	0.01524	0.02043	0.01548	0.01220	0.22249	0.02755	0.27426	0.03807	0.14170	0.10314	0.01445	0.00911	0.00277	0.00719	0.01200	0.00911	0.01232
25	0.01216	0.00912	0.01368	0.01368	0.01520	0.01064	0.01064	0.01520	0.01368	0.01976	0.02279	0.03343	0.02127	0.06382	0.66720	0.01368	0.02279	0.00912	0.00456	0.00760
26	0.01050	0.00760	0.00970	0.01131	0.01201	0.00705	0.00753	0.01193	0.01630	0.02144	0.04933	0.58136	0.11454	0.08002	0.01337	0.00378	0.00514	0.02261	0.00768	0.00680
27	0.01309	0.00819	0.00901	0.00901	0.00941	0.00819	0.00532	0.01389	0.01349	0.01960	0.02701	0.05081	0.02908	0.56019	0.03570	0.00697	0.00738	0.01147	0.15648	0.00572
28	0.02382	0.01419	0.01712	0.01442	0.01889	0.01428	0.01142	0.10517	0.15007	0.21138	0.26918	0.04191	0.04426	0.01337	0.00915	0.00269	0.00615	0.01132	0.00944	0.01177
29	0.01245	0.00913	0.01210	0.01363	0.01547	0.00878	0.01125	0.01565	0.01917	0.02479	0.07912	0.20055	0.14702	0.02349	0.01124	0.00361	0.00657	0.37049	0.00793	0.00757
30	0.01159	0.00798	0.00945	0.01012	0.01042	0.00775	0.00614	0.01219	0.01402	0.01856	0.03629	0.27271	0.06732	0.44260	0.03086	0.00639	0.00695	0.01662	0.00621	0.00584
31	0.02275	0.70604	0.04459	0.01456	0.02184	0.03367	0.01456	0.02548	0.01729	0.02002	0.01183	0.01365	0.01092	0.00728	0.00546	0.00182	0.00910	0.00455	0.00364	0.01092
32	0.02059	0.02902	0.23443	0.02949	0.17768	0.06373	0.02393	0.07168	0.01920	0.02728	0.01469	0.01888	0.01190	0.00978	0.01300	0.00281	0.17791	0.00689	0.00427	0.04284
33	0.01520	0.00976	0.01154	0.01094	0.01305	0.00949	0.00795	0.06464	0.02094	0.05801	0.23208	0.15088	0.08729	0.12189	0.01436	0.00353	0.00539	0.01420	0.14071	0.00815
34	0.03046	0.02654	0.02617	0.04847	0.09130	0.15589	0.01753	0.41673	0.03379	0.04309	0.01829	0.01955	0.01354	0.00959	0.00833	0.00249	0.01073	0.00721	0.00705	0.01324
35	0.02163	0.03023	0.16813	0.03200	0.07639	0.13665	0.35418	0.02833	0.02033	0.02608	0.01602	0.02046	0.01216	0.00767	0.00912	0.00269	0.01391	0.00831	0.00417	0.01153
36	0.02106	0.02022	0.03454	0.05223	0.64784	0.02022	0.02612	0.02612	0.01938	0.02780	0.01601	0.02106	0.01348	0.00758	0.00842	0.00253	0.01011	0.00758	0.00421	0.01348
37	0.01400	0.01068	0.01336	0.01396	0.01629	0.01090	0.01122	0.02109	0.12980	0.02836	0.16798	0.16131	0.09103	0.02044	0.01061	0.00335	0.00622	0.25238	0.00831	0.00871
38	0.01041	0.00863	0.00911	0.00899	0.01171	0.00734	0.00675	0.01290	0.02024	0.02498	0.18600	0.07862	0.54335	0.02081	0.01005	0.00284	0.00426	0.01750	0.00817	0.00734
39	0.01059	0.00830	0.00963	0.01033	0.01227	0.00734	0.00754	0.01282	0.01887	0.02386	0.12786	0.28306	0.35650	0.02293	0.01042	0.00311	0.00470	0.05460	0.00805	0.00722
40	0.03235	0.02384	0.02554	0.01958	0.02639	0.02639	0.01618	0.61946	0.04001	0.05363	0.02043	0.02043	0.01447	0.01022	0.00851	0.00255	0.00936	0.00766	0.00851	0.01447
41	0.01227	0.00893	0.01038	0.00987	0.01252	0.00781	0.00745	0.01532	0.02175	0.05745	0.33528	0.07115	0.36063	0.01916	0.00998	0.00277	0.00431	0.01636	0.00869	0.00791
42	0.01219	0.00845	0.01014	0.01014	0.01062	0.00867	0.00635	0.01294	0.01307	0.01756	0.02961	0.05275	0.06627	0.52986	0.16835	0.00903	0.01097	0.01205	0.00520	0.00578
43	0.01882	0.01582	0.01828	0.01316	0.02066	0.01255	0.01057	0.06922	0.01943	0.02980	0.01555	0.01787	0.01275	0.00662	0.00648	0.00136	0.00655	0.00525	0.00532	0.69393
44	0.01153	0.00872	0.01086	0.01043	0.01262	0.00805	0.00786	0.01496	0.02187	0.02984	0.43795	0.06560	0.22399	0.02284	0.07149	0.00376	0.00585	0.01548	0.00853	0.00777
45	0.02045	0.04066	0.45155	0.02524	0.03565	0.15175	0.10214	0.02842	0.01949	0.02574	0.01509	0.01806	0.01109	0.00811	0.00825	0.00261	0.01336	0.00660	0.00384	0.01189
46	0.02029	0.01980	0.03457	0.04791	0.54729	0.01956	0.08549	0.02539	0.01945	0.02745	0.02040	0.02496	0.05178	0.00839	0.00869	0.00258	0.01019	0.00847	0.00445	0.01289
47	0.01273	0.00861	0.01236	0.01236	0.01330	0.00955	0.00899	0.01385	0.01292	0.01816	0.02188	0.03588	0.02168	0.17096	0.42634	0.16315	0.01705	0.00935	0.00449	0.00637
48	0.76103	0.01646	0.01251	0.01119	0.01646	0.01909	0.00922	0.02502	0.01448	0.03818	0.01185	0.01382	0.00922	0.00790	0.00527	0.00263	0.00658	0.00461	0.00527	0.00922
49	0.01580	0.01369	0.01529	0.10447	0.04799	0.07838	0.01131	0.05320	0.01749	0.02213	0.02959	0.25429	0.03283	0.24165	0.02061	0.00472	0.00845	0.01442	0.00596	0.00773
50	0.02137	0.15147	0.31193	0.02235	0.03046	0.15484	0.04797	0.02725	0.01851	0.02365	0.01377	0.01700	0.01098	0.00899	0.01037	0.00259	0.10530	0.00614	0.00381	0.01125
51	0.01916	0.02828	0.25393	0.09817	0.35094	0.02000	0.05554	0.02607	0.01870	0.02693	0.01573	0.02021	0.01231	0.00782	0.00839	0.00263	0.01129	0.00724	0.00396	0.01270
52	0.07572	0.02151	0.02296	0.01785	0.02417	0.02357	0.01470	0.49776	0.03567	0.09002	0.02135	0.02149	0.01517	0.01007	0.00811	0.00252	0.00863	0.00756	0.06756	0.01363
53	0.01890	0.01800	0.03039	0.26469	0.42033	0.01923	0.02445	0.02405	0.01857	0.02554	0.01863	0.02415	0.03906	0.00848	0.00852	0.00265	0.01029	0.00801	0.00422	0.01184
54	0.02534	0.02953	0.06287	0.17380	0.07393	0.31445	0.01899	0.10417	0.02356	0.02621	0.01930	0.02226	0.05017	0.00955	0.00819	0.00248	0.01248	0.00718	0.00493	0.01060
55	0.01347	0.01053	0.01523	0.01992	0.14168	0.01032	0.01166	0.01561	0.01637	0.02214	0.03540	0.32388	0.04036	0.18961	0.01853	0.00451	0.00718	0.08923	0.00646	0.00793
56	0.02782	0.01223	0.01622	0.01321	0.01810	0.01068	0.01061	0.03121	0.02379	0.41173	0.21561	0.04423	0.09982	0.01361	0.00914	0.00267	0.00602	0.01147	0.00994	0.01189
57	0.01273	0.00946	0.01200	0.05270	0.01604	0.00944	0.00921	0.06455	0.01834	0.02416	0.04477	0.48816	0.10293	0.07756	0.01304	0.00367	0.00591	0.02024	0.00748	0.00760
58	0.02237	0.02219	0.02878	0.32048	0.12380	0.12882	0.07702	0.12201	0.02254	0.02808	0.01597	0.02091	0.01221	0.00858	0.00850	0.00265	0.01181	0.00747	0.00476	0.01105
59	0.01211	0.00814	0.00936	0.00962	0.00968	0.00808	0.00552	0.01231	0.01289	0.01718	0.02944	0.13944	0.03426	0.61265	0.03907	0.00762	0.00782	0.01392	0.00552	0.00539
60	0.07332	0.01905	0.01989	0.01602	0.02158	0.02057	0.01301	0.39056	0.06340	0.04359	0.03800	0.03684	0.18135	0.01313	0.00872	0.00266	0.00771	0.01029	0.00815	0.01215
61	0.01917	0.03041	0.28185	0.03572	0.20255	0.02049	0.23163	0.02683	0.01907	0.02728	0.01614	0.02051	0.01224	0.00764	0.00885	0.00271	0.01253	0.00793	0.00400	0.01244
62	0.01338	0.01015	0.01455	0.01409	0.01547	0.01223	0.01108	0.01638	0.01407	0.02121	0.02193	0.03141	0.02009	0.05162	0.51270	0.01111	0.10233	0.00878	0.08955	0.00785
63	0.01707	0.04402	0.65683	0.02426	0.03683	0.01976	0.03144	0.02695	0.01797	0.02695	0.01527	0.01797	0.01078	0.00809	0.00809	0.00270	0.01258	0.00629	0.00359	0.01258
64	0.02275	0.70604	0.04459	0.01456	0.02184	0.03367	0.01456	0.02548	0.01729	0.02002	0.01183	0.01365	0.01092	0.00728	0.00546	0.00182	0.00910	0.00455	0.00364	0.01092
65	0.01178	0.00843	0.01138	0.01187	0.01266	0.00898	0.00827	0.01350	0.01392	0.01924	0.03001	0.20447	0.03294	0.25109	0.31201	0.00947	0.01388	0.01386	0.00557	0.00668
66	0.01074	0.00871	0.00966	0.01021	0.01268	0.00762	0.00791	0.01315	0.01911	0.02330	0.07481	0.14731	0.47745	0.02243	0.01044	0.00312	0.00501	0.12116	0.00789	0.00727
67	0.01866	0.01793	0.02948	0.29381	0.30421	0.02075	0.02380	0.02339	0.01731	0.02411	0.01479	0.02126	0.01223	0.00926	0.01195	0.00286	0.13154	0.00755	0.00396	0.01115
68	0.02017	0.01931	0.03293	0.16476	0.54230	0.01998	0.02567	0.02533	0.01895	0.02672	0.01585	0.02135	0.01310	0.00775	0.00844	0.00258	0.01033	0.00758	0.00414	0.01276
69	0.08134	0.01017	0.01082	0.01010	0.01362	0.00907	0.00776	0.01798	0.01955	0.12460	0.06866	0.10737	0.45044	0.01892	0.00945	0.00285	0.00502	0.01568	0.00809	0.00851
70	0.01096	0.00891	0.00988	0.01037	0.01302	0.00783	0.00826	0.01356	0.01945	0.02360	0.07600	0.08540	0.49671	0.02204	0.01048	0.00313	0.00518	0.15998	0.00789	0.00735
71	0.05005	0.03791	0.48727	0.02640	0.03773	0.02014	0.16715	0.02694	0.01831	0.02751	0.01558	0.01895	0.01121	0.00786	0.00842	0.00273	0.01273	0.00709	0.00383	0.01217
72	0.01988	0.14990	0.21716	0.06813	0.28068	0.02253	0.07268	0.02611	0.01853	0.02581	0.01510	0.01907	0.01209	0.00769	0.00793	0.00249	0.01104	0.00686	0.00392	0.01239
73	0.01643	0.01528	0.02415	0.46212	0.12705	0.01786	0.02105	0.02314	0.06919	0.02385	0.02540	0.03033	0.08872	0.01020	0.00870	0.00280	0.00995	0.00898	0.00474	0.01005
74	0.01829	0.01991	0.09310	0.09870	0.41832	0.01767	0.02318	0.02325	0.01847	0.02608	0.02139	0.14167	0.02068	0.01113	0.00883	0.00274	0.00955	0.01042	0.00477	0.01185
75	0.09767	0.01392	0.01683	0.01465	0.01879	0.01486	0.01170	0.09849	0.08889	0.15287	0.05621	0.02977	0.02241	0.03094	0.26034	0.00683	0.01313	0.00861	0.00700	0.03608
76	0.05491	0.21040	0.12951	0.01873	0.02605	0.11523	0.06456	0.06271	0.02001	0.05511	0.01568	0.01827	0.01257	0.01152	0.05008	0.00291	0.01131	0.00614	0.00473	0.10957
77	0.01957	0.02038	0.04711	0.01625	0.02060	0.14236	0.01319	0.03010	0.23021	0.02877	0.10685	0.04139	0.09308	0.01554	0.03799	0.00317	0.00889	0.05857	0.00711	0.05884
78	0.12712	0.05017	0.01583	0.01311	0.01681	0.09471	0.04592	0.01868	0.01916	0.02566	0.08767	0.11795	0.30338	0.01655	0.00888	0.00274	0.00695	0.01369	0.00671	0.00830
79	0.05997	0.02682	0.02666	0.02206	0.02690	0.25745	0.12255	0.14625	0.02432	0.02950	0.01991	0.11357	0.01833	0.01165	0.00992	0.00268	0.05572	0.00946	0.00569	0.01060

[dist]
# distance from previous block
# <min> <max>
43	416

[block]
# block no. 7 follows, 21 sequences, length 6
# corresponding to MSA columns:
# 820-825
name=unknown_H
#
# <colnr> <probs for GDERKNQSTAVLIFYWHMCP>
#	G	D	E	R	K	N	Q	S	T	A	V	L	I	F	Y	W	H	M	C	P
0	0.01796	0.02237	0.19845	0.11851	0.10688	0.01643	0.01939	0.08195	0.01934	0.02827	0.01985	0.02701	0.01646	0.09443	0.04069	0.00370	0.01012	0.00793	0.13980	0.01047
1	0.25531	0.07871	0.07037	0.01928	0.09885	0.10610	0.01435	0.02472	0.01801	0.06013	0.02372	0.11647	0.05900	0.01161	0.00750	0.00263	0.00856	0.00906	0.00555	0.01006
2	0.21104	0.10941	0.11459	0.05817	0.19026	0.06973	0.01867	0.02541	0.01830	0.02908	0.06698	0.02106	0.01702	0.00866	0.00727	0.00249	0.00937	0.00675	0.00475	0.01100
3	0.02379	0.45141	0.03919	0.02400	0.16041	0.12926	0.01740	0.02695	0.01881	0.02186	0.01296	0.01555	0.01149	0.00758	0.00646	0.00203	0.01030	0.00536	0.00388	0.01132
4	0.01258	0.01433	0.09888	0.01258	0.01646	0.01054	0.01112	0.01837	0.08843	0.02613	0.13389	0.17550	0.31123	0.01898	0.00977	0.00293	0.00579	0.01622	0.00758	0.00869
5	0.01716	0.01655	0.10357	0.10896	0.02560	0.01326	0.01553	0.06563	0.02035	0.07637	0.03834	0.13185	0.12218	0.01613	0.00954	0.00299	0.00804	0.13857	0.00677	0.06264

[dist]
# distance from previous block
# <min> <max>
6	70

[block]
# block no. 8 follows, 21 sequences, length 6
# corresponding to MSA columns:
# 896-901
name=unknown_I
#
# <colnr> <probs for GDERKNQSTAVLIFYWHMCP>
#	G	D	E	R	K	N	Q	S	T	A	V	L	I	F	Y	W	H	M	C	P
0	0.10502	0.10642	0.02557	0.05500	0.11363	0.32580	0.01651	0.02818	0.02008	0.02353	0.01447	0.01823	0.01233	0.01463	0.08282	0.00359	0.01360	0.00610	0.00436	0.01015
1	0.19293	0.13464	0.14396	0.01670	0.02359	0.08042	0.01616	0.15793	0.02251	0.03432	0.01625	0.01813	0.01247	0.00865	0.00685	0.00239	0.00925	0.00604	0.08561	0.01122
2	0.02540	0.05134	0.02660	0.05190	0.19390	0.08028	0.01795	0.27107	0.05111	0.03706	0.02565	0.02700	0.08212	0.01046	0.00846	0.00254	0.00952	0.00849	0.00653	0.01262
3	0.56045	0.01623	0.01439	0.05114	0.01961	0.01835	0.01057	0.07194	0.01758	0.07028	0.01984	0.02113	0.06125	0.00935	0.00628	0.00266	0.00694	0.00631	0.00593	0.00977
4	0.01542	0.01399	0.01726	0.01904	0.08890	0.08685	0.01307	0.01860	0.01552	0.02080	0.02091	0.02995	0.01920	0.05108	0.51627	0.01109	0.02049	0.00853	0.00450	0.00853
5	0.19215	0.02030	0.02135	0.09306	0.12563	0.10043	0.01560	0.15278	0.02344	0.03436	0.07136	0.02697	0.06767	0.01037	0.00789	0.00259	0.00898	0.00810	0.00607	0.01089

[dist]
# distance from previous block
# <min> <max>
96	156

[block]
# block no. 9 follows, 21 sequences, length 10
# corresponding to MSA columns:
# 1076-1085
name=unknown_J
#
# <colnr> <probs for GDERKNQSTAVLIFYWHMCP>
#	G	D	E	R	K	N	Q	S	T	A	V	L	I	F	Y	W	H	M	C	P
0	0.02769	0.07284	0.02582	0.02161	0.02497	0.45631	0.01693	0.02983	0.02071	0.02069	0.01254	0.01614	0.01102	0.01035	0.01305	0.00259	0.19701	0.00596	0.00416	0.00978
1	0.01886	0.25317	0.46340	0.02119	0.03210	0.02416	0.02611	0.02649	0.01775	0.02476	0.01418	0.01660	0.01082	0.00783	0.00726	0.00242	0.01148	0.00574	0.00361	0.01205
2	0.01825	0.12426	0.32382	0.01979	0.02767	0.09580	0.02172	0.02439	0.01744	0.02333	0.01660	0.02127	0.01367	0.02320	0.18674	0.00550	0.01521	0.00672	0.00396	0.01068
3	0.02103	0.02121	0.09458	0.01830	0.02362	0.05015	0.01618	0.11698	0.30430	0.03405	0.03174	0.04269	0.02719	0.01360	0.00924	0.00302	0.00847	0.14399	0.00764	0.01202
4	0.02729	0.12018	0.17383	0.02159	0.02823	0.44117	0.01971	0.03134	0.02188	0.02216	0.01349	0.01576	0.01091	0.00843	0.00751	0.00227	0.01396	0.00556	0.00411	0.01062
5	0.01880	0.24537	0.47063	0.02131	0.03227	0.02399	0.02631	0.02650	0.01776	0.02484	0.01423	0.01665	0.01082	0.00784	0.00729	0.00243	0.01152	0.00576	0.00361	0.01207
6	0.03007	0.03769	0.02437	0.02198	0.02579	0.58294	0.01673	0.03222	0.02267	0.02078	0.01289	0.01577	0.01099	0.00957	0.01032	0.00239	0.10300	0.00574	0.00430	0.00979
7	0.01839	0.19813	0.51431	0.02200	0.03334	0.02300	0.02751	0.02661	0.01781	0.02534	0.01447	0.01696	0.01081	0.00790	0.00747	0.00249	0.01177	0.00588	0.00360	0.01219
8	0.27725	0.03438	0.43150	0.01969	0.02971	0.01953	0.02367	0.02627	0.01675	0.03088	0.01408	0.01652	0.01023	0.00802	0.00710	0.00267	0.01048	0.00570	0.00418	0.01140
9	0.01465	0.17127	0.02042	0.01343	0.01613	0.01575	0.01098	0.01730	0.01438	0.01948	0.02066	0.03114	0.01987	0.11675	0.44844	0.01035	0.01810	0.00839	0.00441	0.00812

[dist]
# distance from previous block
# <min> <max>
3	7

[block]
# block no. 10 follows, 21 sequences, length 24
# corresponding to MSA columns:
# 1093-1116
name=unknown_K
#
# <colnr> <probs for GDERKNQSTAVLIFYWHMCP>
#	G	D	E	R	K	N	Q	S	T	A	V	L	I	F	Y	W	H	M	C	P
0	0.01976	0.03713	0.39301	0.02186	0.03055	0.17386	0.02422	0.02660	0.01870	0.02423	0.01607	0.02002	0.01264	0.01792	0.12233	0.00448	0.01502	0.00659	0.00395	0.01106
1	0.02946	0.03700	0.02304	0.02093	0.02498	0.58367	0.01579	0.03163	0.02319	0.02097	0.01862	0.02058	0.05920	0.01006	0.00889	0.00232	0.04888	0.00653	0.00462	0.00963
2	0.02290	0.02717	0.01797	0.01685	0.02053	0.38855	0.01279	0.02521	0.02214	0.02193	0.04082	0.04453	0.23241	0.01432	0.00881	0.00256	0.01096	0.05491	0.00586	0.00878
3	0.02542	0.01901	0.02038	0.01626	0.02175	0.02035	0.01321	0.42681	0.03382	0.04476	0.08430	0.03855	0.17111	0.01350	0.00900	0.00264	0.00774	0.01074	0.00843	0.01222
4	0.02738	0.05920	0.02651	0.02812	0.17483	0.42505	0.01812	0.03140	0.05371	0.02332	0.01802	0.02035	0.03947	0.00912	0.00792	0.00232	0.01293	0.00670	0.00468	0.01085
5	0.02239	0.66393	0.08354	0.01518	0.02280	0.03279	0.01564	0.02558	0.01733	0.02046	0.01205	0.01393	0.01091	0.00733	0.00563	0.00188	0.00932	0.00466	0.00364	0.01103
6	0.02931	0.03276	0.02687	0.02881	0.17587	0.40010	0.01872	0.13366	0.02573	0.02820	0.01510	0.01760	0.01218	0.00873	0.00800	0.00234	0.01305	0.00636	0.00506	0.01153
7	0.01217	0.00907	0.01342	0.01342	0.01485	0.01050	0.01031	0.01503	0.01360	0.01956	0.02303	0.03474	0.02184	0.10132	0.63049	0.01336	0.02194	0.00931	0.00459	0.00745
8	0.01998	0.02203	0.09829	0.13296	0.50562	0.02000	0.02634	0.02562	0.01892	0.02691	0.01581	0.02096	0.01291	0.00776	0.00840	0.00259	0.01053	0.00744	0.00409	0.01285
9	0.01226	0.00873	0.01169	0.01169	0.01252	0.00956	0.00816	0.01392	0.01309	0.01828	0.02461	0.04351	0.02565	0.35228	0.38473	0.01122	0.01621	0.01059	0.00483	0.00649
10	0.01434	0.10767	0.12778	0.01357	0.01811	0.01348	0.01296	0.01920	0.02212	0.03100	0.45031	0.04901	0.05900	0.01444	0.00909	0.00257	0.00618	0.01237	0.00760	0.00920
11	0.02056	0.45062	0.28081	0.01830	0.02763	0.02831	0.02107	0.02605	0.01755	0.02270	0.01316	0.01532	0.01087	0.00759	0.00647	0.00216	0.01044	0.00522	0.00362	0.01156
