[name]
unknown

[dist]
# distance from previous block
# <min> <max>
3	4

[block]
# block no. 0 follows, 22 sequences, length 39
# corresponding to MSA columns:
# 4-42
name=unknown_A
#
# <colnr> <probs for GDERKNQSTAVLIFYWHMCP>
#	G	D	E	R	K	N	Q	S	T	A	V	L	I	F	Y	W	H	M	C	P
0	0.01619	0.02533	0.29655	0.10202	0.10735	0.01553	0.02113	0.02263	0.01757	0.02646	0.05675	0.02628	0.01847	0.05574	0.01000	0.00285	0.00939	0.00770	0.15169	0.01037
1	0.16424	0.19140	0.04848	0.01475	0.01970	0.05937	0.01311	0.06748	0.01844	0.06933	0.01980	0.02857	0.01771	0.02053	0.13843	0.00461	0.01129	0.07755	0.00537	0.00983
2	0.01828	0.30832	0.02806	0.01519	0.01909	0.06983	0.01323	0.02094	0.01551	0.01955	0.01587	0.02170	0.01474	0.03014	0.27652	0.00664	0.08669	0.00659	0.00397	0.00912
3	0.02092	0.20388	0.10485	0.01998	0.06192	0.14943	0.05224	0.06773	0.01995	0.02417	0.02128	0.17462	0.02139	0.01207	0.00794	0.00247	0.00994	0.00997	0.00507	0.01019
4	0.02360	0.02582	0.02978	0.08781	0.40805	0.23209	0.02226	0.02767	0.02025	0.02450	0.01466	0.01887	0.01221	0.00784	0.00799	0.00238	0.01162	0.00674	0.00414	0.01173
5	0.01455	0.00799	0.00893	0.00893	0.01065	0.00828	0.00666	0.01798	0.01626	0.02768	0.02608	0.03287	0.02179	0.06687	0.13990	0.00459	0.00777	0.00826	0.55646	0.00750
6	0.01252	0.01022	0.01539	0.25963	0.02846	0.01128	0.01317	0.01568	0.01686	0.02239	0.11035	0.32375	0.04003	0.06806	0.01197	0.00340	0.00724	0.01572	0.00622	0.00767
7	0.01685	0.01658	0.01946	0.01789	0.01892	0.09636	0.01426	0.01903	0.01529	0.02078	0.04347	0.12873	0.02349	0.02520	0.14573	0.00526	0.32378	0.03570	0.00486	0.00837
8	0.02412	0.19246	0.02892	0.09991	0.02754	0.29281	0.01695	0.02672	0.01862	0.02017	0.01232	0.01618	0.01078	0.00956	0.01163	0.00247	0.16942	0.00582	0.00389	0.00970
9	0.01208	0.00805	0.00906	0.00906	0.00906	0.00805	0.00503	0.01208	0.01208	0.01611	0.02618	0.05436	0.03020	0.70804	0.04228	0.00805	0.00805	0.01208	0.00503	0.00503
10	0.01666	0.04297	0.66500	0.02368	0.03596	0.01929	0.03069	0.02631	0.01754	0.02631	0.01491	0.01754	0.01052	0.00789	0.00789	0.00263	0.01228	0.00614	0.00351	0.01228
11	0.01279	0.01546	0.13875	0.01534	0.01890	0.01210	0.01429	0.01704	0.01416	0.02064	0.02084	0.02973	0.01880	0.05183	0.54672	0.01129	0.02033	0.00837	0.00427	0.00835
12	0.02997	0.12054	0.02594	0.02054	0.02516	0.59755	0.01583	0.03218	0.02274	0.02024	0.01269	0.01478	0.01070	0.00839	0.00723	0.00210	0.01425	0.00524	0.00419	0.00975
13	0.01034	0.00739	0.00989	0.01182	0.01239	0.00694	0.00809	0.01194	0.01612	0.02145	0.04567	0.66205	0.05447	0.02582	0.01066	0.00340	0.00501	0.06204	0.00771	0.00681
14	0.01214	0.01053	0.01368	0.01704	0.13554	0.00955	0.01027	0.01496	0.01930	0.02458	0.13692	0.10340	0.42515	0.01822	0.00956	0.00275	0.00530	0.01564	0.00719	0.00828
15	0.01943	0.02648	0.21688	0.04307	0.47626	0.01961	0.02700	0.02573	0.01852	0.02690	0.01542	0.01968	0.01239	0.00754	0.00813	0.00251	0.01057	0.00704	0.00394	0.01290
16	0.03069	0.02283	0.02443	0.01893	0.02542	0.02535	0.01558	0.58098	0.08805	0.05092	0.02107	0.02084	0.01504	0.01008	0.00832	0.00252	0.00893	0.00764	0.00832	0.01405
17	0.01295	0.01042	0.01483	0.01429	0.01525	0.01266	0.01101	0.01523	0.01327	0.01918	0.02231	0.08135	0.02254	0.12832	0.42916	0.01017	0.14502	0.01005	0.00461	0.00740
18	0.02221	0.71304	0.04353	0.01421	0.02132	0.03287	0.01421	0.02488	0.01688	0.01955	0.01155	0.01333	0.01066	0.00711	0.00533	0.00178	0.00888	0.00444	0.00355	0.01066
19	0.01971	0.01725	0.01996	0.14606	0.02846	0.02024	0.01506	0.03973	0.52102	0.03215	0.03015	0.02929	0.02261	0.01070	0.00842	0.00281	0.00744	0.00901	0.00754	0.01239
20	0.01052	0.00844	0.00939	0.00915	0.01165	0.00731	0.00687	0.01329	0.02060	0.02639	0.29022	0.07345	0.44432	0.01957	0.00981	0.00274	0.00410	0.01662	0.00823	0.00731
21	0.01881	0.02143	0.11207	0.21075	0.42353	0.01935	0.02554	0.02451	0.01815	0.02552	0.01531	0.02058	0.01229	0.00770	0.00820	0.00257	0.01049	0.00724	0.00393	0.01204
22	0.02056	0.01974	0.03372	0.05099	0.65622	0.01974	0.02550	0.02550	0.01892	0.02714	0.01563	0.02056	0.01316	0.00740	0.00822	0.00247	0.00987	0.00740	0.00411	0.01316
23	0.01050	0.00830	0.00913	0.00914	0.01126	0.00728	0.00657	0.01267	0.01881	0.02378	0.18897	0.12016	0.41694	0.10317	0.01378	0.00344	0.00466	0.01683	0.00768	0.00692
24	0.02000	0.01830	0.02877	0.16508	0.39191	0.01864	0.02183	0.07275	0.01984	0.02803	0.01568	0.02030	0.01270	0.00759	0.00793	0.00234	0.00947	0.00702	0.00450	0.12731
25	0.01960	0.02624	0.20017	0.11004	0.19598	0.05946	0.07137	0.06846	0.01918	0.02637	0.01582	0.02153	0.01291	0.05009	0.01176	0.00298	0.06504	0.00740	0.00424	0.01135
26	0.20615	0.16098	0.02734	0.02638	0.22617	0.12232	0.01659	0.02551	0.01763	0.02649	0.01386	0.01738	0.01180	0.01160	0.05536	0.00310	0.01051	0.00588	0.00430	0.01067
27	0.01727	0.02726	0.27823	0.12990	0.13658	0.01996	0.04791	0.02351	0.01652	0.02404	0.01474	0.01995	0.01180	0.01236	0.05148	0.00346	0.14322	0.00706	0.00374	0.01101
28	0.06859	0.23687	0.43971	0.02006	0.03035	0.02321	0.02443	0.02576	0.01712	0.02507	0.01370	0.01604	0.01046	0.00765	0.00696	0.00238	0.01089	0.00553	0.00363	0.01159
29	0.02310	0.02433	0.01857	0.01686	0.02035	0.30721	0.01285	0.09374	0.04573	0.02503	0.04528	0.02748	0.06626	0.02160	0.13675	0.04937	0.01325	0.00792	0.03516	0.00916
30	0.01350	0.01100	0.01295	0.05166	0.01686	0.01120	0.00954	0.02152	0.16431	0.02989	0.31265	0.05752	0.22280	0.01628	0.00940	0.00272	0.00504	0.01397	0.00826	0.00892
31	0.01530	0.01429	0.01510	0.01463	0.01603	0.11349	0.01095	0.01737	0.01501	0.01931	0.02333	0.12210	0.02416	0.14020	0.31733	0.00842	0.08997	0.01064	0.00486	0.00749
32	0.01246	0.01924	0.21438	0.01372	0.01926	0.01107	0.01433	0.01739	0.01969	0.02647	0.20984	0.05579	0.30295	0.01588	0.00921	0.00270	0.00666	0.01332	0.00677	0.00887
33	0.01882	0.12916	0.02833	0.02060	0.02173	0.02663	0.01754	0.02077	0.01339	0.01992	0.01101	0.01740	0.01087	0.01335	0.02376	0.00334	0.58360	0.00682	0.00362	0.00934
34	0.02064	0.01822	0.02172	0.02361	0.14642	0.02048	0.01558	0.04048	0.51881	0.03325	0.03024	0.02894	0.02296	0.01051	0.00841	0.00275	0.00722	0.00900	0.00760	0.01315
35	0.02089	0.15610	0.03565	0.04376	0.53134	0.02232	0.02328	0.02537	0.01852	0.02565	0.01482	0.01914	0.01267	0.00734	0.00766	0.00233	0.00968	0.00682	0.00400	0.01267
36	0.15907	0.23522	0.02346	0.04234	0.01955	0.02074	0.01171	0.06002	0.09724	0.02799	0.02276	0.15032	0.02175	0.01180	0.00705	0.00246	0.00709	0.00932	0.06026	0.00985
37	0.13178	0.26908	0.14974	0.01533	0.02190	0.06618	0.01545	0.05036	0.01786	0.02646	0.01535	0.01806	0.01256	0.01126	0.04673	0.00284	0.00974	0.00568	0.10341	0.01022
38	0.22312	0.35452	0.03204	0.02065	0.13906	0.06548	0.01503	0.02537	0.01693	0.02579	0.01240	0.01483	0.01068	0.00741	0.00595	0.00214	0.00878	0.00507	0.00413	0.01062

[dist]
# distance from previous block
# <min> <max>
0	17

[block]
# block no. 1 follows, 22 sequences, length 84
# corresponding to MSA columns:
# 60-143
name=unknown_B
#
# <colnr> <probs for GDERKNQSTAVLIFYWHMCP>
#	G	D	E	R	K	N	Q	S	T	A	V	L	I	F	Y	W	H	M	C	P
0	0.02480	0.05421	0.19226	0.02777	0.17264	0.12281	0.02184	0.22251	0.02574	0.03379	0.01627	0.01847	0.01233	0.00853	0.00795	0.00244	0.01101	0.00668	0.00532	0.01262
1	0.05485	0.03246	0.41150	0.02319	0.08852	0.05443	0.02392	0.02374	0.01753	0.02564	0.02052	0.14688	0.01910	0.01130	0.00827	0.00272	0.01050	0.00943	0.00449	0.01100
2	0.01360	0.01068	0.01188	0.04394	0.01592	0.01084	0.00909	0.02083	0.14855	0.02685	0.08833	0.05746	0.30763	0.01807	0.03374	0.00311	0.00583	0.04425	0.12079	0.00861
3	0.01573	0.01293	0.01918	0.10426	0.13169	0.01407	0.04023	0.02049	0.05636	0.02548	0.05648	0.16139	0.02741	0.05062	0.01203	0.00303	0.07294	0.01150	0.15502	0.00915
4	0.01972	0.02477	0.17045	0.04508	0.52187	0.01964	0.02662	0.02567	0.01862	0.02696	0.01547	0.01991	0.01259	0.00751	0.00815	0.00250	0.01039	0.00713	0.00398	0.01297
5	0.02004	0.01920	0.03277	0.11969	0.59163	0.01960	0.02523	0.02504	0.01867	0.02650	0.01553	0.02073	0.01293	0.00750	0.00823	0.00250	0.01000	0.00740	0.00407	0.01274
6	0.01853	0.02056	0.09831	0.12123	0.45521	0.01832	0.02393	0.02377	0.01849	0.02589	0.02198	0.02609	0.07362	0.00886	0.00835	0.00255	0.00974	0.00823	0.00434	0.01200
7	0.01003	0.00842	0.00871	0.00864	0.01135	0.00710	0.00648	0.01234	0.01944	0.02365	0.14710	0.07797	0.58915	0.02059	0.00982	0.00278	0.00418	0.01725	0.00787	0.00710
8	0.01187	0.00890	0.01335	0.01335	0.01483	0.01038	0.01038	0.01483	0.01335	0.01928	0.02225	0.03264	0.02077	0.06231	0.67512	0.01335	0.02225	0.00890	0.00445	0.00742
9	0.01010	0.00730	0.00956	0.01137	0.01200	0.00676	0.00762	0.01159	0.01610	0.02128	0.04821	0.66327	0.09273	0.02571	0.01055	0.00334	0.00478	0.02323	0.00771	0.00676
10	0.01148	0.00824	0.01061	0.01204	0.01292	0.00795	0.00822	0.05055	0.01737	0.02318	0.04415	0.65948	0.05237	0.02501	0.01046	0.00332	0.00509	0.02260	0.00775	0.00721
11	0.72063	0.01594	0.01266	0.01117	0.01639	0.01823	0.00920	0.02544	0.01475	0.07675	0.01291	0.01443	0.00973	0.00787	0.00534	0.00257	0.00647	0.00474	0.00547	0.00932
12	0.01012	0.00723	0.00964	0.01157	0.01205	0.00675	0.00771	0.01157	0.01591	0.02121	0.04579	0.70262	0.05495	0.02603	0.01060	0.00337	0.00482	0.02362	0.00771	0.00675
13	0.02965	0.03728	0.02375	0.02145	0.02526	0.60468	0.01628	0.03175	0.02238	0.02030	0.01263	0.01533	0.01072	0.00921	0.00962	0.00230	0.08808	0.00556	0.00421	0.00957
14	0.01187	0.00890	0.01335	0.01335	0.01483	0.01038	0.01038	0.01483	0.01335	0.01928	0.02225	0.03264	0.02077	0.06231	0.67512	0.01335	0.02225	0.00890	0.00445	0.00742
15	0.18445	0.48740	0.03453	0.01430	0.02067	0.10096	0.01329	0.02570	0.01702	0.02347	0.01170	0.01355	0.01030	0.00740	0.00553	0.00199	0.00903	0.00456	0.00398	0.01019
16	0.01666	0.04297	0.66500	0.02368	0.03596	0.01929	0.03069	0.02631	0.01754	0.02631	0.01491	0.01754	0.01052	0.00789	0.00789	0.00263	0.01228	0.00614	0.00351	0.01228
17	0.01278	0.00843	0.01224	0.01224	0.01346	0.00945	0.00925	0.01447	0.01325	0.01948	0.02112	0.03092	0.01950	0.04986	0.47146	0.16768	0.01720	0.00843	0.08212	0.00666
18	0.00991	0.00842	0.00855	0.00852	0.01128	0.00705	0.00639	0.01211	0.01916	0.02298	0.11220	0.07907	0.62448	0.02084	0.00982	0.00280	0.00419	0.01741	0.00779	0.00705
19	0.01115	0.00772	0.00958	0.01048	0.01079	0.00758	0.00659	0.01200	0.01395	0.01868	0.03514	0.35695	0.04126	0.35144	0.06365	0.00616	0.00735	0.01731	0.00626	0.00597
20	0.01048	0.00758	0.00991	0.01114	0.01209	0.00701	0.00767	0.01252	0.01780	0.02404	0.18618	0.52300	0.09238	0.02369	0.01038	0.00317	0.00458	0.02133	0.00804	0.00701
21	0.01569	0.01477	0.02492	0.68808	0.05722	0.01846	0.02307	0.02123	0.01661	0.02123	0.01477	0.02215	0.01107	0.00831	0.00831	0.00277	0.01107	0.00738	0.00369	0.00923
22	0.76672	0.01607	0.01221	0.01092	0.01607	0.01864	0.00900	0.02442	0.01414	0.03727	0.01157	0.01350	0.00900	0.00771	0.00514	0.00257	0.00643	0.00450	0.00514	0.00900
23	0.02960	0.03272	0.02312	0.02012	0.02461	0.44544	0.01554	0.17567	0.02636	0.02864	0.01524	0.01724	0.01212	0.00929	0.00868	0.00230	0.05024	0.00610	0.04638	0.01058
24	0.01208	0.00805	0.00906	0.00906	0.00906	0.00805	0.00503	0.01208	0.01208	0.01611	0.02618	0.05436	0.03020	0.70804	0.04228	0.00805	0.00805	0.01208	0.00503	0.00503
25	0.01569	0.01477	0.02492	0.68808	0.05722	0.01846	0.02307	0.02123	0.01661	0.02123	0.01477	0.02215	0.01107	0.00831	0.00831	0.00277	0.01107	0.00738	0.00369	0.00923
26	0.01208	0.00805	0.00906	0.00906	0.00906	0.00805	0.00503	0.01208	0.01208	0.01611	0.02618	0.05436	0.03020	0.70804	0.04228	0.00805	0.00805	0.01208	0.00503	0.00503
27	0.01569	0.01477	0.02492	0.68808	0.05722	0.01846	0.02307	0.02123	0.01661	0.02123	0.01477	0.02215	0.01107	0.00831	0.00831	0.00277	0.01107	0.00738	0.00369	0.00923
28	0.01043	0.00747	0.00992	0.01136	0.01212	0.00695	0.00774	0.01234	0.01734	0.02349	0.16027	0.58162	0.05937	0.02432	0.01045	0.00323	0.00465	0.02199	0.00798	0.00695
29	0.00990	0.00811	0.00873	0.00923	0.01143	0.00694	0.00667	0.01183	0.01815	0.02212	0.07427	0.24035	0.49883	0.02232	0.01002	0.00295	0.00437	0.01910	0.00771	0.00694
30	0.02036	0.01954	0.03336	0.07699	0.63177	0.01969	0.02540	0.02532	0.01882	0.02690	0.01559	0.02063	0.01307	0.00744	0.00823	0.00248	0.00992	0.00740	0.00410	0.01300
31	0.76672	0.01607	0.01221	0.01092	0.01607	0.01864	0.00900	0.02442	0.01414	0.03727	0.01157	0.01350	0.00900	0.00771	0.00514	0.00257	0.00643	0.00450	0.00514	0.00900
32	0.01052	0.00763	0.01001	0.01177	0.01264	0.00713	0.00832	0.01233	0.01659	0.02179	0.04894	0.56941	0.10669	0.02519	0.01065	0.00338	0.00513	0.09730	0.00770	0.00689
33	0.09702	0.01195	0.01404	0.01194	0.01638	0.01109	0.00950	0.02672	0.05528	0.27716	0.14090	0.04761	0.21807	0.01433	0.00870	0.00266	0.00564	0.01180	0.00872	0.01047
34	0.02027	0.02054	0.02979	0.04025	0.44415	0.09752	0.05473	0.02461	0.01899	0.02524	0.02032	0.02489	0.05398	0.01362	0.07191	0.00351	0.01154	0.00807	0.00440	0.01169
35	0.01208	0.00805	0.00906	0.00906	0.00906	0.00805	0.00503	0.01208	0.01208	0.01611	0.02618	0.05436	0.03020	0.70804	0.04228	0.00805	0.00805	0.01208	0.00503	0.00503
36	0.03103	0.03959	0.02354	0.02140	0.02568	0.67469	0.01605	0.03317	0.02354	0.02033	0.01284	0.01498	0.01070	0.00856	0.00749	0.00214	0.01498	0.00535	0.00428	0.00963
37	0.76672	0.01607	0.01221	0.01092	0.01607	0.01864	0.00900	0.02442	0.01414	0.03727	0.01157	0.01350	0.00900	0.00771	0.00514	0.00257	0.00643	0.00450	0.00514	0.00900
38	0.01746	0.03274	0.40157	0.02550	0.03545	0.01858	0.21412	0.02565	0.01817	0.02691	0.01682	0.02051	0.01234	0.00781	0.00827	0.00261	0.01191	0.00746	0.08467	0.01145
39	0.01032	0.00844	0.00911	0.00894	0.01153	0.00723	0.00671	0.01289	0.02012	0.02524	0.23039	0.07534	0.50487	0.01999	0.00981	0.00276	0.00413	0.01689	0.00808	0.00723
40	0.01107	0.00842	0.01035	0.01114	0.01303	0.00769	0.00858	0.01374	0.01906	0.02463	0.16565	0.22865	0.26682	0.02196	0.01039	0.00315	0.00511	0.15535	0.00795	0.00724
41	0.02031	0.01949	0.03327	0.08346	0.62569	0.01967	0.02537	0.02528	0.01880	0.02684	0.01558	0.02064	0.01305	0.00745	0.00823	0.00248	0.00993	0.00740	0.00409	0.01296
42	0.01723	0.01477	0.01723	0.01230	0.01969	0.01107	0.00984	0.02092	0.01723	0.02707	0.01477	0.01723	0.01230	0.00615	0.00615	0.00123	0.00615	0.00492	0.00492	0.75883
43	0.03078	0.02250	0.02408	0.01855	0.02497	0.02487	0.01530	0.59843	0.03799	0.05130	0.02030	0.02049	0.01448	0.00996	0.00819	0.00247	0.00888	0.00749	0.04515	0.01381
44	0.01560	0.04985	0.19636	0.02574	0.20087	0.01563	0.01944	0.02074	0.01741	0.02410	0.03136	0.03459	0.15233	0.02085	0.13433	0.00461	0.01160	0.00942	0.00477	0.01040
45	0.01720	0.03552	0.46484	0.19470	0.04087	0.05512	0.02792	0.02538	0.01763	0.02467	0.01476	0.01859	0.01068	0.00804	0.00798	0.00264	0.01212	0.00642	0.00360	0.01135
46	0.01187	0.00890	0.01335	0.01335	0.01483	0.01038	0.01038	0.01483	0.01335	0.01928	0.02225	0.03264	0.02077	0.06231	0.67512	0.01335	0.02225	0.00890	0.00445	0.00742
47	0.01705	0.01508	0.02082	0.14927	0.16331	0.01643	0.01632	0.02739	0.21354	0.02842	0.10198	0.03959	0.10048	0.01227	0.00885	0.00276	0.00762	0.04145	0.00656	0.01081
48	0.03055	0.07663	0.02464	0.02101	0.02544	0.63939	0.01595	0.03272	0.02318	0.02029	0.01277	0.01489	0.01070	0.00848	0.00737	0.00212	0.01465	0.00530	0.00424	0.00969
49	0.01176	0.00849	0.01110	0.01045	0.01241	0.00784	0.00784	0.01568	0.02352	0.03331	0.65184	0.06206	0.07839	0.01698	0.00980	0.00261	0.00392	0.01502	0.00914	0.00784
50	0.01582	0.01515	0.02205	0.41596	0.04121	0.05027	0.01900	0.01979	0.01618	0.02097	0.01989	0.14967	0.01931	0.01270	0.01186	0.00300	0.12361	0.01033	0.00447	0.00876
51	0.00982	0.00842	0.00842	0.00842	0.01122	0.00701	0.00631	0.01192	0.01894	0.02244	0.08416	0.07995	0.65285	0.02104	0.00982	0.00281	0.00421	0.01753	0.00771	0.00701
52	0.01723	0.01477	0.01723	0.01230	0.01969	0.01107	0.00984	0.02092	0.01723	0.02707	0.01477	0.01723	0.01230	0.00615	0.00615	0.00123	0.00615	0.00492	0.00492	0.75883
53	0.01985	0.42873	0.03457	0.01605	0.02048	0.02789	0.01468	0.02241	0.01638	0.02120	0.08236	0.02017	0.01824	0.01041	0.01233	0.00242	0.21128	0.00645	0.00420	0.00988
54	0.01208	0.00805	0.00906	0.00906	0.00906	0.00805	0.00503	0.01208	0.01208	0.01611	0.02618	0.05436	0.03020	0.70804	0.04228	0.00805	0.00805	0.01208	0.00503	0.00503
55	0.01611	0.01275	0.01580	0.01470	0.01720	0.04309	0.01157	0.12081	0.01822	0.02500	0.02143	0.02966	0.01917	0.05091	0.53066	0.01098	0.01968	0.00850	0.00510	0.00867
56	0.01723	0.01477	0.01723	0.01230	0.01969	0.01107	0.00984	0.02092	0.01723	0.02707	0.01477	0.01723	0.01230	0.00615	0.00615	0.00123	0.00615	0.00492	0.00492	0.75883
57	0.01233	0.00885	0.01168	0.01318	0.01446	0.00868	0.00999	0.04651	0.01819	0.02406	0.04382	0.46844	0.05044	0.02417	0.01076	0.00347	0.00597	0.20985	0.00772	0.00744
58	0.01206	0.00854	0.00937	0.00929	0.00998	0.00842	0.00561	0.01344	0.04042	0.01801	0.03656	0.05779	0.13798	0.55882	0.03519	0.00692	0.00732	0.01291	0.00565	0.00573
59	0.01960	0.02048	0.07232	0.14297	0.52892	0.01952	0.02547	0.02492	0.01849	0.02622	0.01545	0.02060	0.01269	0.00757	0.00822	0.00252	0.01020	0.00732	0.00401	0.01253
60	0.01055	0.00746	0.00975	0.01141	0.01190	0.00707	0.00763	0.01192	0.01554	0.02069	0.04302	0.58400	0.05121	0.11903	0.01497	0.00404	0.00540	0.05052	0.00734	0.00656
61	0.01109	0.00919	0.01054	0.05221	0.01482	0.00846	0.00802	0.01468	0.04317	0.02562	0.22413	0.06986	0.44092	0.01883	0.00967	0.00275	0.00466	0.01594	0.00786	0.00759
62	0.07102	0.01399	0.01828	0.01437	0.02030	0.01263	0.01176	0.03798	0.05475	0.55092	0.07883	0.03024	0.02463	0.01071	0.00831	0.00259	0.00677	0.00872	0.00984	0.01335
63	0.01012	0.00723	0.00964	0.01157	0.01205	0.00675	0.00771	0.01157	0.01591	0.02121	0.04579	0.70262	0.05495	0.02603	0.01060	0.00337	0.00482	0.02362	0.00771	0.00675
64	0.03103	0.03959	0.02354	0.02140	0.02568	0.67469	0.01605	0.03317	0.02354	0.02033	0.01284	0.01498	0.01070	0.00856	0.00749	0.00214	0.01498	0.00535	0.00428	0.00963
65	0.21143	0.16720	0.02019	0.01280	0.01730	0.08884	0.01066	0.05506	0.01997	0.02969	0.17620	0.03375	0.10418	0.01165	0.00730	0.00239	0.00716	0.00886	0.00616	0.00919
66	0.02738	0.02799	0.02178	0.01936	0.02387	0.32777	0.01539	0.21582	0.02744	0.03132	0.02181	0.03359	0.01981	0.01212	0.00861	0.00262	0.01157	0.13488	0.00627	0.01061
67	0.02888	0.03514	0.02384	0.09318	0.02893	0.54165	0.01688	0.06409	0.02321	0.02218	0.01336	0.01616	0.01094	0.00886	0.00843	0.00229	0.04200	0.00577	0.00441	0.00981
68	0.01101	0.00846	0.01007	0.00967	0.01195	0.00752	0.00725	0.01423	0.02176	0.02914	0.43370	0.06893	0.29913	0.01854	0.00981	0.00269	0.00403	0.01599	0.00860	0.00752
69	0.02145	0.01934	0.03214	0.04720	0.58777	0.01939	0.02411	0.02731	0.05333	0.06117	0.01753	0.02154	0.01422	0.00777	0.00824	0.00249	0.00954	0.00756	0.00468	0.01321
70	0.01265	0.00865	0.01214	0.01214	0.01372	0.00981	0.00939	0.01581	0.01423	0.02182	0.02330	0.03228	0.02088	0.05091	0.53015	0.01088	0.01827	0.00865	0.16684	0.00749
71	0.01963	0.06635	0.41068	0.02671	0.14955	0.01866	0.02569	0.02704	0.01876	0.09506	0.05099	0.02145	0.01575	0.00851	0.00798	0.00255	0.01065	0.00701	0.00466	0.01233
72	0.02660	0.33129	0.03282	0.01997	0.05987	0.35814	0.01579	0.02913	0.02038	0.02038	0.01244	0.01458	0.01082	0.00786	0.00659	0.00200	0.01204	0.00507	0.00395	0.01028
73	0.26660	0.02534	0.02297	0.02678	0.21159	0.23893	0.01658	0.05241	0.01974	0.02918	0.01355	0.01638	0.01103	0.00800	0.00698	0.00239	0.01043	0.00578	0.00467	0.01067
74	0.05723	0.01695	0.02427	0.16799	0.28444	0.05389	0.01924	0.02347	0.01879	0.06536	0.02746	0.03478	0.09789	0.01098	0.00854	0.00269	0.00914	0.06092	0.00525	0.01072
75	0.01208	0.00805	0.00906	0.00906	0.00906	0.00805	0.00503	0.01208	0.01208	0.01611	0.02618	0.05436	0.03020	0.70804	0.04228	0.00805	0.00805	0.01208	0.00503	0.00503
76	0.01334	0.01154	0.01626	0.02103	0.19204	0.01077	0.01215	0.01667	0.01994	0.02649	0.20902	0.09435	0.29168	0.01646	0.00941	0.00269	0.00575	0.01440	0.00707	0.00893
77	0.01308	0.00972	0.01184	0.04490	0.01430	0.01045	0.00809	0.01692	0.08929	0.01971	0.02918	0.07241	0.05603	0.40867	0.15331	0.00773	0.01041	0.01162	0.00550	0.00683
78	0.01700	0.14386	0.01880	0.01224	0.01491	0.01629	0.00968	0.07831	0.01780	0.02473	0.05737	0.03766	0.07497	0.21841	0.01971	0.00407	0.08301	0.00950	0.13347	0.00822
79	0.02331	0.14669	0.02192	0.01566	0.05243	0.05418	0.01185	0.05981	0.05967	0.18886	0.06166	0.07077	0.08173	0.10075	0.01239	0.00317	0.00768	0.00990	0.00701	0.01057
80	0.01954	0.09347	0.02539	0.05674	0.15436	0.09100	0.01670	0.05684	0.01941	0.02586	0.13466	0.02730	0.02489	0.01451	0.05441	0.00334	0.15792	0.00837	0.00516	0.01012
81	0.25243	0.38505	0.02920	0.01294	0.01873	0.02535	0.01181	0.05299	0.01719	0.02719	0.04716	0.01867	0.01507	0.04807	0.00777	0.00246	0.00782	0.00561	0.00466	0.00984
82	0.02387	0.02028	0.01920	0.01668	0.02082	0.12722	0.01295	0.28725	0.05857	0.03575	0.02628	0.18887	0.02485	0.01641	0.04261	0.00319	0.00933	0.01128	0.04373	0.01086
83	0.01825	0.02101	0.12454	0.02774	0.23307	0.04632	0.01876	0.05520	0.09581	0.02905	0.12272	0.03328	0.08067	0.01349	0.04112	0.00311	0.00923	0.00950	0.00587	0.01126

[dist]
# distance from previous block
# <min> <max>
38	160

[block]
# block no. 2 follows, 22 sequences, length 11
# corresponding to MSA columns:
# 308-318
name=unknown_C
#
# <colnr> <probs for GDERKNQSTAVLIFYWHMCP>
#	G	D	E	R	K	N	Q	S	T	A	V	L	I	F	Y	W	H	M	C	P
0	0.06660	0.27642	0.09738	0.01651	0.02230	0.17096	0.01520	0.04494	0.01886	0.05239	0.01522	0.01873	0.01291	0.04806	0.00951	0.00251	0.04350	0.00589	0.05191	0.01019
1	0.13636	0.07031	0.13406	0.01849	0.02439	0.30234	0.01667	0.06563	0.02113	0.02631	0.01972	0.02411	0.05350	0.00995	0.00752	0.00243	0.01139	0.04073	0.00490	0.01006
2	0.09566	0.04118	0.05942	0.02016	0.12689	0.01574	0.01416	0.08527	0.06464	0.06718	0.07615	0.12007	0.06516	0.01216	0.00812	0.00250	0.00719	0.01028	0.00647	0.10160
3	0.07215	0.10422	0.15750	0.02476	0.13705	0.08075	0.01993	0.24314	0.02576	0.03524	0.01608	0.01798	0.01222	0.00852	0.00761	0.00241	0.01022	0.00648	0.00552	0.01248
4	0.02999	0.03211	0.06894	0.02016	0.02585	0.36043	0.01655	0.19649	0.06555	0.07882	0.01773	0.01851	0.01327	0.00920	0.00787	0.00235	0.01208	0.00646	0.00604	0.01160
5	0.01869	0.02050	0.12604	0.01642	0.02116	0.06528	0.01474	0.08837	0.17983	0.02808	0.03026	0.05913	0.07262	0.05448	0.01360	0.09485	0.00847	0.07121	0.00634	0.00995
6	0.02102	0.09644	0.02372	0.01773	0.02133	0.19142	0.08679	0.02433	0.01834	0.02412	0.01776	0.02202	0.01474	0.01248	0.04798	0.00297	0.10928	0.00700	0.23136	0.00916
7	0.01784	0.01163	0.01425	0.09361	0.01915	0.01204	0.00985	0.05359	0.08189	0.11565	0.03362	0.04565	0.10472	0.32388	0.02373	0.00510	0.00769	0.01114	0.00651	0.00845
8	0.08911	0.40134	0.03345	0.04861	0.02302	0.09475	0.01468	0.02455	0.01672	0.02184	0.01195	0.01490	0.01067	0.00840	0.00895	0.00217	0.10953	0.00513	0.00388	0.05635
9	0.01812	0.01539	0.02199	0.02802	0.26857	0.01556	0.01627	0.10287	0.05553	0.03094	0.14064	0.07965	0.11149	0.01334	0.00905	0.00269	0.00741	0.04492	0.00666	0.01089
10	0.06279	0.01543	0.06104	0.03566	0.01883	0.01411	0.01145	0.15629	0.02124	0.03285	0.02011	0.02375	0.01587	0.01265	0.03129	0.07989	0.00731	0.00695	0.25712	0.11534

[dist]
# distance from previous block
# <min> <max>
0	1

[block]
# block no. 3 follows, 22 sequences, length 39
# corresponding to MSA columns:
# 320-358
name=unknown_D
#
# <colnr> <probs for GDERKNQSTAVLIFYWHMCP>
#	G	D	E	R	K	N	Q	S	T	A	V	L	I	F	Y	W	H	M	C	P
0	0.08073	0.02935	0.18481	0.03192	0.25616	0.16249	0.02274	0.02677	0.01863	0.02559	0.01408	0.01782	0.01143	0.00847	0.00952	0.00255	0.07505	0.00640	0.00404	0.01146
1	0.28875	0.14779	0.09779	0.02475	0.15972	0.02186	0.10000	0.02524	0.01677	0.02924	0.01351	0.01663	0.01085	0.00746	0.00677	0.00244	0.00927	0.00601	0.00433	0.01084
2	0.06915	0.03260	0.02252	0.01959	0.02441	0.44103	0.01511	0.18458	0.02672	0.02995	0.01530	0.01696	0.01201	0.00893	0.00749	0.00224	0.01249	0.00597	0.04228	0.01066
3	0.01712	0.15331	0.31795	0.01950	0.06344	0.01838	0.02033	0.02271	0.01667	0.02424	0.01739	0.04595	0.01458	0.01270	0.03696	0.06782	0.01009	0.00699	0.10359	0.01028
4	0.08976	0.01770	0.01375	0.01278	0.01560	0.18296	0.00956	0.05289	0.01884	0.02720	0.02108	0.02744	0.01801	0.09323	0.06695	0.00374	0.00929	0.00740	0.30349	0.00834
5	0.01048	0.00847	0.01087	0.01112	0.01305	0.00754	0.03364	0.01260	0.01782	0.02265	0.09480	0.36307	0.31863	0.02251	0.01018	0.00306	0.00489	0.01986	0.00764	0.00712
6	0.02023	0.01981	0.01994	0.01690	0.02108	0.17713	0.06887	0.06118	0.05067	0.02540	0.01946	0.02496	0.01657	0.05416	0.16604	0.00501	0.01289	0.00746	0.09034	0.12187
7	0.01666	0.04297	0.66500	0.02368	0.03596	0.01929	0.03069	0.02631	0.01754	0.02631	0.01491	0.01754	0.01052	0.00789	0.00789	0.00263	0.01228	0.00614	0.00351	0.01228
8	0.01742	0.01014	0.01089	0.01004	0.01261	0.01067	0.00779	0.10779	0.02012	0.03276	0.02550	0.02955	0.02019	0.01572	0.08243	0.00332	0.00674	0.00784	0.55984	0.00864
9	0.06575	0.01893	0.02189	0.01685	0.02334	0.01948	0.01392	0.34331	0.03125	0.32042	0.02524	0.02334	0.01674	0.01001	0.00819	0.00253	0.00811	0.00774	0.00904	0.01391
10	0.02185	0.23754	0.19743	0.02052	0.02714	0.16696	0.04694	0.02625	0.01788	0.02187	0.01282	0.01605	0.01076	0.00895	0.01059	0.00246	0.13382	0.00583	0.00374	0.01060
11	0.02150	0.02107	0.02429	0.05517	0.23370	0.11456	0.01783	0.03411	0.29468	0.02904	0.02448	0.05262	0.01984	0.01009	0.00832	0.00262	0.00899	0.00865	0.00619	0.01222
12	0.01009	0.00843	0.00879	0.00870	0.01139	0.00713	0.00653	0.01245	0.01958	0.02397	0.16379	0.07744	0.57226	0.02047	0.00982	0.00278	0.00417	0.01718	0.00792	0.00713
13	0.01009	0.00736	0.00950	0.01121	0.01195	0.00678	0.00755	0.01161	0.01625	0.02135	0.05016	0.63168	0.12307	0.02546	0.01051	0.00331	0.00475	0.02292	0.00771	0.00678
14	0.01913	0.02695	0.20429	0.03681	0.22312	0.02019	0.29359	0.02620	0.01887	0.02669	0.01596	0.02060	0.01223	0.00735	0.00884	0.00266	0.01233	0.00814	0.00400	0.01206
15	0.03103	0.03959	0.02354	0.02140	0.02568	0.67469	0.01605	0.03317	0.02354	0.02033	0.01284	0.01498	0.01070	0.00856	0.00749	0.00214	0.01498	0.00535	0.00428	0.00963
16	0.01226	0.00947	0.01410	0.01387	0.01527	0.01131	0.01087	0.01515	0.01331	0.01933	0.02155	0.03174	0.02016	0.05935	0.63509	0.01275	0.06369	0.00880	0.00440	0.00752
17	0.01009	0.00737	0.00949	0.01119	0.01195	0.00678	0.00754	0.01161	0.01627	0.02135	0.05038	0.62815	0.12645	0.02543	0.01051	0.00331	0.00475	0.02289	0.00771	0.00678
18	0.01200	0.00836	0.01060	0.01060	0.01113	0.00889	0.00695	0.01307	0.01254	0.01725	0.02477	0.04657	0.02682	0.47638	0.26932	0.00995	0.01315	0.01094	0.00482	0.00589
19	0.57183	0.01391	0.01105	0.01010	0.01441	0.01581	0.00817	0.02311	0.01499	0.03564	0.01560	0.01803	0.01219	0.00822	0.00531	0.00241	0.00576	0.00534	0.19946	0.00867
20	0.01012	0.00723	0.00964	0.01157	0.01205	0.00675	0.00771	0.01157	0.01591	0.02121	0.04579	0.70262	0.05495	0.02603	0.01060	0.00337	0.00482	0.02362	0.00771	0.00675
21	0.03103	0.03959	0.02354	0.02140	0.02568	0.67469	0.01605	0.03317	0.02354	0.02033	0.01284	0.01498	0.01070	0.00856	0.00749	0.00214	0.01498	0.00535	0.00428	0.00963
22	0.01118	0.00823	0.01071	0.01229	0.01367	0.00776	0.00941	0.01356	0.01753	0.02267	0.05186	0.38587	0.15677	0.02410	0.01076	0.00343	0.00568	0.21971	0.00769	0.00710
23	0.01012	0.00723	0.00964	0.01157	0.01205	0.00675	0.00771	0.01157	0.01591	0.02121	0.04579	0.70262	0.05495	0.02603	0.01060	0.00337	0.00482	0.02362	0.00771	0.00675
24	0.01823	0.02646	0.25183	0.08657	0.16283	0.01750	0.05432	0.04616	0.01855	0.02718	0.01529	0.01885	0.01183	0.00740	0.00766	0.00225	0.01005	0.00644	0.00423	0.20637
25	0.01807	0.10126	0.33262	0.19659	0.11541	0.04829	0.02579	0.02505	0.01766	0.02416	0.01453	0.01855	0.01101	0.00789	0.00776	0.00254	0.01144	0.00641	0.00367	0.01132
26	0.21474	0.36505	0.15650	0.01560	0.02306	0.06031	0.01620	0.02548	0.01665	0.02552	0.01228	0.01429	0.01020	0.00749	0.00590	0.00217	0.00923	0.00484	0.00399	0.01049
27	0.02998	0.12120	0.02606	0.02041	0.02515	0.56344	0.01581	0.06215	0.02351	0.02185	0.01304	0.01503	0.01087	0.00845	0.00727	0.00211	0.01394	0.00535	0.00439	0.00998
28	0.20505	0.01036	0.01022	0.00998	0.01271	0.01041	0.00751	0.01601	0.01728	0.02703	0.13745	0.07968	0.25390	0.11796	0.01350	0.00357	0.00552	0.04761	0.00687	0.00738
29	0.02056	0.01974	0.03372	0.05099	0.65622	0.01974	0.02550	0.02550	0.01892	0.02714	0.01563	0.02056	0.01316	0.00740	0.00822	0.00247	0.00987	0.00740	0.00411	0.01316
30	0.01772	0.01676	0.02794	0.42129	0.27933	0.01903	0.02355	0.02381	0.04439	0.02402	0.01591	0.02194	0.01247	0.00810	0.00828	0.00266	0.01043	0.00748	0.00405	0.01086
31	0.05684	0.06784	0.12752	0.03865	0.40660	0.11065	0.02352	0.02659	0.01900	0.02610	0.01469	0.01856	0.01207	0.00763	0.00775	0.00241	0.01072	0.00661	0.00406	0.01219
32	0.01949	0.07030	0.47517	0.02232	0.03222	0.14563	0.02611	0.02703	0.01876	0.02477	0.01608	0.02135	0.01276	0.00887	0.00791	0.00257	0.01237	0.04096	0.00390	0.01142
33	0.01208	0.00805	0.00906	0.00906	0.00906	0.00805	0.00503	0.01208	0.01208	0.01611	0.02618	0.05436	0.03020	0.70804	0.04228	0.00805	0.00805	0.01208	0.00503	0.00503
34	0.01445	0.04556	0.01589	0.01427	0.01633	0.08396	0.01118	0.01731	0.01463	0.01941	0.02072	0.02980	0.01919	0.05383	0.57056	0.01158	0.02083	0.00830	0.00439	0.00781
35	0.01666	0.04297	0.66500	0.02368	0.03596	0.01929	0.03069	0.02631	0.01754	0.02631	0.01491	0.01754	0.01052	0.00789	0.00789	0.00263	0.01228	0.00614	0.00351	0.01228
36	0.01246	0.00977	0.01448	0.01414	0.01549	0.01179	0.01111	0.01532	0.01329	0.01935	0.02119	0.03129	0.01985	0.05785	0.61465	0.01244	0.08485	0.00875	0.00437	0.00757
37	0.01064	0.00789	0.00993	0.01060	0.01202	0.00718	0.00750	0.01307	0.01912	0.02567	0.26501	0.36470	0.17225	0.02195	0.01018	0.00300	0.00439	0.01950	0.00821	0.00718
38	0.01463	0.01291	0.01630	0.02008	0.14234	0.05091	0.01310	0.01812	0.02002	0.02575	0.14684	0.06543	0.21054	0.01748	0.00986	0.00297	0.00698	0.19001	0.00700	0.00872

[dist]
# distance from previous block
# <min> <max>
2	5

[block]
# block no. 4 follows, 22 sequences, length 18
# corresponding to MSA columns:
# 364-381
name=unknown_E
#
# <colnr> <probs for GDERKNQSTAVLIFYWHMCP>
#	G	D	E	R	K	N	Q	S	T	A	V	L	I	F	Y	W	H	M	C	P
0	0.02347	0.34884	0.09213	0.02443	0.15608	0.18129	0.01847	0.02710	0.01894	0.02192	0.01301	0.01560	0.01118	0.00758	0.00668	0.00208	0.01084	0.00543	0.00384	0.01108
1	0.01873	0.02017	0.09107	0.23249	0.28194	0.01950	0.02271	0.02818	0.14788	0.02687	0.01909	0.02291	0.01481	0.00853	0.00826	0.00265	0.00978	0.00769	0.00483	0.01189
2	0.05037	0.08525	0.42438	0.05234	0.03167	0.02089	0.02516	0.02433	0.01631	0.02469	0.01415	0.01802	0.01100	0.01132	0.03976	0.00320	0.12609	0.00630	0.00365	0.01112
3	0.01999	0.44522	0.03250	0.01461	0.01990	0.07379	0.01354	0.02298	0.01851	0.02209	0.08242	0.03509	0.02518	0.01151	0.00722	0.00231	0.00859	0.12985	0.00502	0.00967
4	0.01052	0.00850	0.00938	0.00931	0.01185	0.00736	0.00709	0.01319	0.02015	0.02543	0.23152	0.07596	0.46980	0.02007	0.00990	0.00281	0.00431	0.04749	0.00809	0.00726
5	0.03160	0.02512	0.02269	0.01855	0.02431	0.19778	0.01480	0.27863	0.09167	0.17715	0.02226	0.02155	0.01575	0.00979	0.00811	0.00245	0.01000	0.00729	0.00767	0.01282
6	0.08046	0.02239	0.02039	0.01990	0.06989	0.17161	0.01443	0.11947	0.22907	0.03194	0.02537	0.07813	0.02176	0.01172	0.00829	0.00267	0.00908	0.04531	0.00677	0.01133
7	0.01118	0.00793	0.01049	0.01133	0.01194	0.00813	0.00767	0.01262	0.01408	0.01919	0.03357	0.32855	0.03830	0.23539	0.20293	0.00749	0.01057	0.01619	0.00603	0.00643
8	0.03259	0.01790	0.02106	0.01629	0.02255	0.01804	0.01341	0.30837	0.03043	0.33392	0.03075	0.02834	0.06518	0.01095	0.00844	0.00255	0.00781	0.00864	0.00918	0.01360
9	0.03158	0.02327	0.02493	0.01911	0.02576	0.02576	0.01579	0.62852	0.03906	0.05236	0.01995	0.01995	0.01413	0.00997	0.00831	0.00249	0.00914	0.00748	0.00831	0.01413
10	0.01984	0.01686	0.01537	0.01377	0.01701	0.14937	0.01060	0.08250	0.02233	0.05897	0.20124	0.03503	0.03426	0.01870	0.09966	0.00380	0.00949	0.00938	0.14530	0.03653
11	0.01550	0.06491	0.01848	0.01506	0.01657	0.01653	0.01231	0.01825	0.01426	0.02198	0.01869	0.02603	0.01684	0.03129	0.26972	0.00687	0.24019	0.00778	0.16048	0.00829
12	0.01339	0.00956	0.01339	0.01530	0.01721	0.00956	0.01339	0.01721	0.01912	0.02486	0.04399	0.09371	0.04781	0.02295	0.01147	0.00382	0.00765	0.60031	0.00765	0.00765
13	0.01327	0.01034	0.01258	0.01338	0.01595	0.01029	0.01115	0.01926	0.10438	0.02546	0.05510	0.08082	0.23311	0.02075	0.01054	0.00337	0.00643	0.33782	0.00778	0.00821
14	0.02584	0.35337	0.08128	0.01823	0.02443	0.32640	0.01630	0.02879	0.01999	0.02042	0.01240	0.01440	0.01067	0.00783	0.00652	0.00201	0.01194	0.00499	0.00388	0.01031
15	0.02157	0.01790	0.01887	0.01647	0.02133	0.02024	0.01295	0.14661	0.47103	0.03672	0.03627	0.03382	0.08517	0.01200	0.00856	0.00276	0.00681	0.00985	0.00835	0.01272
16	0.01048	0.00863	0.00934	0.00969	0.01233	0.00749	0.00762	0.01290	0.01897	0.02289	0.07672	0.08250	0.54078	0.02139	0.01013	0.00299	0.00485	0.12548	0.00770	0.00713
17	0.06395	0.02539	0.02698	0.06293	0.27692	0.20651	0.01954	0.12411	0.06160	0.02993	0.01639	0.01923	0.01306	0.00844	0.00789	0.00242	0.01088	0.00680	0.00513	0.01191

[dist]
# distance from previous block
# <min> <max>
0	2

[block]
# block no. 5 follows, 22 sequences, length 24
# corresponding to MSA columns:
# 384-407
name=unknown_F
#
# <colnr> <probs for GDERKNQSTAVLIFYWHMCP>
#	G	D	E	R	K	N	Q	S	T	A	V	L	I	F	Y	W	H	M	C	P
0	0.01655	0.08011	0.01660	0.01377	0.01656	0.12076	0.01046	0.05077	0.01970	0.02441	0.09891	0.31685	0.07662	0.01806	0.00915	0.00277	0.00719	0.04519	0.00678	0.04878
1	0.01383	0.01121	0.01371	0.01342	0.01434	0.04516	0.00992	0.01554	0.01416	0.01974	0.02501	0.15318	0.02640	0.15755	0.24193	0.04199	0.11120	0.01154	0.05311	0.00707
2	0.07452	0.00843	0.00967	0.00999	0.01068	0.00846	0.00634	0.01280	0.01329	0.01910	0.03074	0.19215	0.06527	0.36255	0.02898	0.11532	0.00687	0.01360	0.00558	0.00564
3	0.01890	0.13487	0.50239	0.02337	0.06855	0.02082	0.02696	0.02690	0.01790	0.06319	0.01554	0.01775	0.01129	0.00790	0.00758	0.00250	0.01135	0.00610	0.00395	0.01221
4	0.02303	0.02442	0.03132	0.04402	0.50765	0.17406	0.02327	0.02730	0.02001	0.02554	0.01497	0.01925	0.01258	0.00767	0.00805	0.00239	0.01107	0.00692	0.00415	0.01233
5	0.01211	0.00864	0.01204	0.01204	0.01320	0.00969	0.00888	0.01443	0.01327	0.01916	0.02344	0.03767	0.02302	0.21163	0.49004	0.01149	0.01792	0.00959	0.04488	0.00687
6	0.01723	0.01477	0.01723	0.01230	0.01969	0.01107	0.00984	0.02092	0.01723	0.02707	0.01477	0.01723	0.01230	0.00615	0.00615	0.00123	0.00615	0.00492	0.00492	0.75883
7	0.01026	0.00843	0.00903	0.00888	0.01149	0.00720	0.00666	0.01277	0.01997	0.02491	0.21296	0.07589	0.52251	0.02012	0.00981	0.00276	0.00414	0.01696	0.00804	0.00720
8	0.01002	0.00842	0.00869	0.00862	0.01134	0.00710	0.00647	0.01231	0.01940	0.02355	0.14202	0.07813	0.59430	0.02063	0.00982	0.00279	0.00418	0.01728	0.00786	0.00710
9	0.00982	0.00842	0.00842	0.00842	0.01122	0.00701	0.00631	0.01192	0.01894	0.02244	0.08416	0.07995	0.65285	0.02104	0.00982	0.00281	0.00421	0.01753	0.00771	0.00701
10	0.03453	0.01420	0.01888	0.01466	0.02068	0.01267	0.01203	0.07593	0.02473	0.56426	0.08963	0.03089	0.02554	0.01089	0.00849	0.00257	0.00691	0.00892	0.01005	0.01355
11	0.01208	0.00805	0.00906	0.00906	0.00906	0.00805	0.00503	0.01208	0.01208	0.01611	0.02618	0.05436	0.03020	0.70804	0.04228	0.00805	0.00805	0.01208	0.00503	0.00503
12	0.01730	0.03851	0.53144	0.02614	0.03757	0.01967	0.15978	0.02637	0.01799	0.02637	0.01532	0.01860	0.01097	0.00770	0.00831	0.00267	0.01265	0.00693	0.00366	0.01204
13	0.01996	0.01912	0.03263	0.12977	0.58216	0.01958	0.02520	0.02497	0.01863	0.02641	0.01552	0.02076	0.01290	0.00751	0.00823	0.00250	0.01002	0.00740	0.00406	0.01267
14	0.02056	0.01974	0.03372	0.05099	0.65622	0.01974	0.02550	0.02550	0.01892	0.02714	0.01563	0.02056	0.01316	0.00740	0.00822	0.00247	0.00987	0.00740	0.00411	0.01316
15	0.02011	0.01928	0.03290	0.11035	0.60041	0.01962	0.02527	0.02510	0.01870	0.02659	0.01555	0.02071	0.01296	0.00749	0.00823	0.00250	0.00998	0.00740	0.00407	0.01279
16	0.02429	0.55436	0.03882	0.01591	0.02235	0.18410	0.01465	0.02683	0.01845	0.01973	0.01185	0.01372	0.01067	0.00745	0.00584	0.00186	0.01032	0.00466	0.00372	0.01042
17	0.01208	0.00805	0.00906	0.00906	0.00906	0.00805	0.00503	0.01208	0.01208	0.01611	0.02618	0.05436	0.03020	0.70804	0.04228	0.00805	0.00805	0.01208	0.00503	0.00503
18	0.01089	0.00723	0.00985	0.01143	0.01183	0.00683	0.00762	0.01143	0.01500	0.02000	0.04020	0.58183	0.04772	0.02653	0.01450	0.13800	0.00525	0.02069	0.00698	0.00619
19	0.01187	0.00890	0.01335	0.01335	0.01483	0.01038	0.01038	0.01483	0.01335	0.01928	0.02225	0.03264	0.02077	0.06231	0.67512	0.01335	0.02225	0.00890	0.00445	0.00742
20	0.01896	0.02003	0.01950	0.01791	0.01978	0.20067	0.01410	0.02138	0.01604	0.01977	0.01652	0.02375	0.01526	0.03423	0.31147	0.00756	0.20295	0.00746	0.00418	0.00849
21	0.01072	0.00751	0.00955	0.01085	0.01127	0.00715	0.00701	0.01190	0.01525	0.02042	0.06906	0.50077	0.04949	0.20631	0.01896	0.00458	0.00563	0.02016	0.00707	0.00634
22	0.01887	0.01069	0.01527	0.01391	0.01654	0.01147	0.01096	0.02169	0.01600	0.18826	0.02468	0.03196	0.02074	0.08116	0.43388	0.00975	0.05022	0.00885	0.00598	0.00914
23	0.02906	0.03669	0.02213	0.02019	0.02433	0.61248	0.01514	0.03119	0.02311	0.02053	0.01949	0.02103	0.07053	0.00972	0.00771	0.00220	0.01398	0.00649	0.00460	0.00939

[dist]
# distance from previous block
# <min> <max>
1	2

[block]
# block no. 6 follows, 22 sequences, length 64
# corresponding to MSA columns:
# 410-473
name=unknown_G
#
# <colnr> <probs for GDERKNQSTAVLIFYWHMCP>
#	G	D	E	R	K	N	Q	S	T	A	V	L	I	F	Y	W	H	M	C	P
0	0.02714	0.28131	0.03117	0.01844	0.02388	0.29751	0.01547	0.12533	0.02297	0.02519	0.01340	0.01537	0.01125	0.00861	0.00801	0.00215	0.05201	0.00548	0.00463	0.01070
1	0.14329	0.01229	0.01283	0.01099	0.01516	0.01224	0.00869	0.05192	0.05402	0.06849	0.02215	0.02475	0.01728	0.01196	0.04640	0.00270	0.00645	0.00683	0.31390	0.15764
2	0.19557	0.01951	0.05273	0.02154	0.14634	0.05487	0.01476	0.09857	0.01985	0.03184	0.01659	0.05842	0.01431	0.00866	0.00703	0.00220	0.00806	0.00684	0.00529	0.21702
3	0.02058	0.01942	0.03123	0.04530	0.55034	0.01989	0.02344	0.02861	0.12275	0.02841	0.01866	0.02230	0.01519	0.00805	0.00826	0.00253	0.00932	0.00773	0.00484	0.01316
4	0.01764	0.01843	0.06576	0.10949	0.40377	0.01710	0.04423	0.02243	0.01861	0.02550	0.02910	0.03238	0.13942	0.01021	0.00859	0.00259	0.00918	0.00942	0.00475	0.01139
5	0.01021	0.00775	0.00925	0.01027	0.01160	0.00697	0.00707	0.01192	0.01711	0.02193	0.08797	0.41648	0.26202	0.06429	0.01217	0.00342	0.00475	0.02040	0.00762	0.00679
6	0.03103	0.03959	0.02354	0.02140	0.02568	0.67469	0.01605	0.03317	0.02354	0.02033	0.01284	0.01498	0.01070	0.00856	0.00749	0.00214	0.01498	0.00535	0.00428	0.00963
7	0.01003	0.00760	0.00926	0.01058	0.01179	0.00683	0.00727	0.01168	0.01686	0.02159	0.05783	0.50714	0.24265	0.02446	0.01036	0.00320	0.00463	0.02171	0.00771	0.00683
8	0.02942	0.02220	0.02371	0.01868	0.02494	0.02475	0.01527	0.51281	0.15829	0.04887	0.02269	0.02213	0.01635	0.01023	0.00834	0.00256	0.00863	0.00786	0.00834	0.01393
9	0.03103	0.03959	0.02354	0.02140	0.02568	0.67469	0.01605	0.03317	0.02354	0.02033	0.01284	0.01498	0.01070	0.00856	0.00749	0.00214	0.01498	0.00535	0.00428	0.00963
10	0.01872	0.08907	0.01833	0.01381	0.01701	0.01615	0.01075	0.19766	0.02189	0.02959	0.02604	0.16527	0.02618	0.13857	0.13136	0.00540	0.01011	0.01143	0.04341	0.00925
11	0.12299	0.02492	0.21262	0.06753	0.20901	0.01817	0.05797	0.02797	0.01861	0.13653	0.01782	0.02025	0.01294	0.00811	0.00783	0.00258	0.00994	0.00695	0.00511	0.01216
12	0.01859	0.02099	0.07399	0.03570	0.23043	0.01926	0.29998	0.02426	0.01879	0.02591	0.02329	0.02754	0.08205	0.00915	0.01023	0.00274	0.05179	0.00953	0.00448	0.01130
13	0.03103	0.03959	0.02354	0.02140	0.02568	0.67469	0.01605	0.03317	0.02354	0.02033	0.01284	0.01498	0.01070	0.00856	0.00749	0.00214	0.01498	0.00535	0.00428	0.00963
14	0.02775	0.03423	0.02175	0.02010	0.02392	0.55771	0.01523	0.03009	0.02210	0.02048	0.01580	0.02176	0.01410	0.01566	0.08513	0.00354	0.01538	0.04151	0.00450	0.00926
15	0.02841	0.02331	0.02329	0.01952	0.04580	0.09368	0.01524	0.42969	0.11548	0.04394	0.02468	0.02446	0.05309	0.01056	0.00833	0.00252	0.00916	0.00810	0.00772	0.01306
16	0.01306	0.01041	0.01224	0.01072	0.01428	0.00865	0.00789	0.01567	0.01781	0.02496	0.14243	0.15587	0.15947	0.09561	0.01242	0.00292	0.00539	0.01307	0.00667	0.27045
17	0.01226	0.00878	0.01274	0.01274	0.01427	0.01010	0.00989	0.01533	0.01379	0.02055	0.02278	0.03246	0.02083	0.05659	0.60248	0.01211	0.02026	0.00878	0.08582	0.00745
18	0.01017	0.00847	0.00890	0.00891	0.01159	0.00720	0.00676	0.01253	0.01941	0.02365	0.14002	0.07871	0.56916	0.02071	0.00989	0.00283	0.00432	0.04179	0.00786	0.00712
