[name]
unknown

[dist]
# distance from previous block
# <min> <max>
1	92

[block]
# block no. 0 follows, 22 sequences, length 22
# corresponding to MSA columns:
# 97-118
name=unknown_A
#
# <colnr> <probs for GDERKNQSTAVLIFYWHMCP>
#	G	D	E	R	K	N	Q	S	T	A	V	L	I	F	Y	W	H	M	C	P
0	0.10992	0.02095	0.02799	0.17256	0.37286	0.10714	0.02177	0.02552	0.01850	0.02623	0.01459	0.01930	0.01191	0.00778	0.00778	0.00250	0.01039	0.00678	0.00417	0.01139
1	0.17746	0.01638	0.09711	0.01276	0.01781	0.01355	0.01158	0.02354	0.11006	0.07608	0.07483	0.04561	0.26413	0.01403	0.00825	0.00271	0.00628	0.01124	0.00698	0.00960
2	0.01972	0.02038	0.01911	0.01893	0.05700	0.21783	0.01383	0.05246	0.01808	0.02179	0.01806	0.02484	0.01620	0.03656	0.35162	0.00803	0.06460	0.00753	0.00452	0.00889
3	0.05263	0.32665	0.19640	0.16198	0.03279	0.05768	0.02021	0.02485	0.01720	0.02246	0.01317	0.01640	0.01064	0.00767	0.00673	0.00226	0.01042	0.00556	0.00368	0.01064
4	0.02898	0.15657	0.02789	0.04720	0.02624	0.25637	0.01590	0.28037	0.02851	0.03363	0.01566	0.01705	0.01214	0.00887	0.00747	0.00225	0.01124	0.00616	0.00581	0.01169
5	0.06916	0.01934	0.02025	0.04536	0.02357	0.07512	0.01290	0.19443	0.02453	0.11646	0.01819	0.01922	0.01350	0.00816	0.00720	0.00199	0.00813	0.00621	0.00647	0.30982
6	0.01886	0.02678	0.18725	0.10759	0.03035	0.15911	0.05010	0.02376	0.01728	0.02201	0.01575	0.02137	0.01313	0.02132	0.16336	0.00513	0.09604	0.00708	0.00396	0.00976
7	0.01490	0.01140	0.01289	0.01152	0.01471	0.01119	0.00895	0.13506	0.02415	0.03189	0.26254	0.05918	0.29254	0.01990	0.04871	0.00330	0.00615	0.01418	0.00813	0.00872
8	0.04638	0.02451	0.16020	0.09956	0.20471	0.02129	0.08098	0.12613	0.02095	0.03005	0.01553	0.01965	0.01210	0.00885	0.01050	0.00271	0.09207	0.00727	0.00464	0.01192
9	0.01890	0.01879	0.03420	0.23932	0.35073	0.01961	0.14761	0.02444	0.01836	0.02525	0.01561	0.02142	0.01242	0.00759	0.00857	0.00263	0.01108	0.00789	0.00400	0.01158
10	0.02822	0.18753	0.02870	0.01908	0.02442	0.28042	0.01571	0.21254	0.02596	0.02993	0.01458	0.01636	0.01176	0.00910	0.00872	0.00228	0.06227	0.00594	0.00530	0.01120
11	0.05840	0.05091	0.06659	0.01591	0.04795	0.01421	0.01304	0.03082	0.09538	0.27746	0.19978	0.03536	0.03500	0.01167	0.00843	0.00257	0.00672	0.00974	0.00840	0.01169
12	0.02276	0.01923	0.05843	0.01647	0.02197	0.05064	0.01363	0.09256	0.30529	0.11305	0.02891	0.08579	0.02308	0.01137	0.00826	0.00257	0.00745	0.00940	0.00767	0.10147
13	0.01105	0.00815	0.01034	0.01046	0.01215	0.00743	0.00759	0.01407	0.02086	0.02859	0.41231	0.23429	0.15205	0.01994	0.01001	0.00284	0.00420	0.01765	0.00857	0.00743
14	0.02038	0.02023	0.03656	0.04803	0.54261	0.01997	0.13684	0.02570	0.01904	0.02704	0.01585	0.02090	0.01306	0.00733	0.00852	0.00253	0.01064	0.00785	0.00413	0.01280
15	0.01474	0.01068	0.01293	0.01319	0.01500	0.01084	0.00945	0.14444	0.02089	0.02792	0.04022	0.55559	0.04615	0.02257	0.01011	0.00318	0.00575	0.02014	0.00784	0.00834
16	0.05945	0.20589	0.03038	0.02630	0.18756	0.24446	0.01742	0.02967	0.07956	0.02408	0.01519	0.01747	0.01266	0.00810	0.00710	0.00222	0.01086	0.00600	0.00449	0.01112
17	0.02586	0.03051	0.02482	0.02794	0.18585	0.42045	0.01773	0.02882	0.02103	0.02194	0.01478	0.01871	0.01264	0.01525	0.09453	0.00368	0.01462	0.00634	0.00426	0.01025
18	0.01752	0.01072	0.01397	0.04269	0.01746	0.00987	0.00992	0.04966	0.01929	0.14322	0.08180	0.37638	0.04078	0.01826	0.00933	0.00282	0.00584	0.01619	0.00778	0.10651
19	0.02183	0.02214	0.03249	0.04741	0.57991	0.09900	0.02435	0.02642	0.01948	0.02632	0.01529	0.01989	0.01286	0.00754	0.00814	0.00243	0.01049	0.00715	0.00413	0.01273
20	0.01618	0.01447	0.01539	0.01439	0.01586	0.09866	0.01069	0.04808	0.01552	0.02021	0.02076	0.03462	0.02083	0.24465	0.28353	0.00856	0.09624	0.00915	0.00471	0.00751
21	0.02250	0.02342	0.03183	0.04551	0.53932	0.14117	0.02374	0.02692	0.01977	0.02588	0.01511	0.01953	0.01270	0.00762	0.00809	0.00241	0.01082	0.00702	0.00414	0.01250

[dist]
# distance from previous block
# <min> <max>
9	14

[block]
# block no. 1 follows, 22 sequences, length 101
# corresponding to MSA columns:
# 133-233
name=unknown_B
#
# <colnr> <probs for GDERKNQSTAVLIFYWHMCP>
#	G	D	E	R	K	N	Q	S	T	A	V	L	I	F	Y	W	H	M	C	P
0	0.02329	0.02596	0.02931	0.16028	0.28586	0.25100	0.05515	0.02746	0.02015	0.02358	0.01454	0.01899	0.01186	0.00796	0.00807	0.00243	0.01213	0.00681	0.00410	0.01106
1	0.01961	0.02542	0.18797	0.04432	0.50466	0.01963	0.02677	0.02569	0.01858	0.02694	0.01545	0.01982	0.01252	0.00752	0.00814	0.00251	0.01046	0.00709	0.00396	0.01294
2	0.01569	0.01477	0.02492	0.68808	0.05722	0.01846	0.02307	0.02123	0.01661	0.02123	0.01477	0.02215	0.01107	0.00831	0.00831	0.00277	0.01107	0.00738	0.00369	0.00923
3	0.62944	0.05087	0.01526	0.01203	0.01746	0.01975	0.01004	0.08276	0.01705	0.06406	0.01326	0.01472	0.01005	0.00801	0.00559	0.00252	0.00683	0.00494	0.00558	0.00978
4	0.00982	0.00842	0.00842	0.00842	0.01122	0.00701	0.00631	0.01192	0.01894	0.02244	0.08416	0.07995	0.65285	0.02104	0.00982	0.00281	0.00421	0.01753	0.00771	0.00701
5	0.03133	0.03074	0.02430	0.02016	0.02573	0.32268	0.01591	0.35612	0.03196	0.03770	0.01669	0.01767	0.01256	0.00933	0.00794	0.00233	0.01181	0.00651	0.00647	0.01207
6	0.01208	0.00805	0.00906	0.00906	0.00906	0.00805	0.00503	0.01208	0.01208	0.01611	0.02618	0.05436	0.03020	0.70804	0.04228	0.00805	0.00805	0.01208	0.00503	0.00503
7	0.01299	0.00878	0.01139	0.01057	0.01281	0.00802	0.00798	0.01677	0.02327	0.06582	0.58761	0.06127	0.10734	0.01686	0.00972	0.00262	0.00410	0.01481	0.00913	0.00812
8	0.02748	0.01957	0.02230	0.01782	0.02311	0.02179	0.01460	0.43704	0.03166	0.08762	0.02086	0.02292	0.01572	0.02043	0.13928	0.00467	0.04529	0.00781	0.00747	0.01257
9	0.01052	0.00754	0.01000	0.01129	0.01214	0.00701	0.00774	0.01257	0.01776	0.02417	0.19388	0.54610	0.06067	0.02382	0.01041	0.00319	0.00460	0.02152	0.00806	0.00701
10	0.03111	0.03733	0.02373	0.02108	0.02569	0.58456	0.01602	0.11587	0.02570	0.02478	0.01383	0.01567	0.01118	0.00876	0.00760	0.00219	0.01417	0.00565	0.00484	0.01026
11	0.01043	0.00739	0.00967	0.01124	0.01176	0.00695	0.00744	0.01187	0.01596	0.02140	0.08010	0.59581	0.05374	0.09740	0.01390	0.00382	0.00511	0.02188	0.00752	0.00663
12	0.10148	0.12651	0.16716	0.02344	0.09593	0.21616	0.06223	0.02757	0.01916	0.02490	0.01368	0.01642	0.01098	0.00774	0.00719	0.00227	0.01149	0.00582	0.00412	0.05575
13	0.02480	0.02777	0.02960	0.03902	0.40123	0.28461	0.02168	0.02860	0.02079	0.02439	0.01450	0.01830	0.01216	0.00787	0.00793	0.00234	0.01194	0.00657	0.00418	0.01173
14	0.01292	0.01060	0.01094	0.01017	0.01347	0.00991	0.00781	0.08121	0.05866	0.02685	0.09570	0.06979	0.52374	0.01909	0.00957	0.00276	0.00488	0.01585	0.00788	0.00819
15	0.01006	0.00749	0.00937	0.01088	0.01187	0.00681	0.00741	0.01164	0.01656	0.02148	0.05413	0.56721	0.18497	0.02494	0.01043	0.00325	0.00469	0.02229	0.00771	0.00681
16	0.01666	0.04297	0.66500	0.02368	0.03596	0.01929	0.03069	0.02631	0.01754	0.02631	0.01491	0.01754	0.01052	0.00789	0.00789	0.00263	0.01228	0.00614	0.00351	0.01228
17	0.01022	0.00727	0.00961	0.01144	0.01190	0.00681	0.00758	0.01159	0.01572	0.02096	0.04483	0.67082	0.05373	0.05949	0.01216	0.00360	0.00498	0.02305	0.00758	0.00666
18	0.02017	0.02148	0.06996	0.04643	0.50384	0.01996	0.14309	0.02576	0.01898	0.02699	0.01582	0.02076	0.01291	0.00735	0.00852	0.00254	0.01080	0.00780	0.00410	0.01273
19	0.02290	0.15454	0.03008	0.01958	0.02517	0.02275	0.12418	0.25076	0.02491	0.03308	0.01923	0.05451	0.01662	0.05705	0.07894	0.00394	0.03628	0.00848	0.00585	0.01116
20	0.02567	0.06786	0.02939	0.03478	0.31895	0.33406	0.02035	0.02914	0.02102	0.02346	0.01407	0.01749	0.01184	0.00794	0.00771	0.00227	0.01226	0.00625	0.00416	0.01133
21	0.02617	0.41466	0.03494	0.01706	0.02325	0.22495	0.01499	0.11122	0.02196	0.02434	0.01310	0.01474	0.01115	0.00794	0.00639	0.00199	0.01075	0.00514	0.00443	0.01083
22	0.01879	0.01569	0.01807	0.01305	0.02035	0.01268	0.01049	0.08715	0.01961	0.02983	0.01533	0.01752	0.01250	0.00657	0.00639	0.00137	0.00648	0.00520	0.00529	0.67765
23	0.01013	0.00806	0.00894	0.00947	0.01141	0.00703	0.00673	0.01203	0.01794	0.02233	0.09999	0.25731	0.41723	0.05845	0.01175	0.00324	0.00457	0.01887	0.00765	0.00688
24	0.02501	0.02231	0.02322	0.02369	0.14613	0.12482	0.01592	0.28258	0.05124	0.03626	0.03007	0.03051	0.12913	0.01129	0.00844	0.00250	0.00923	0.00901	0.00674	0.01190
25	0.01052	0.00777	0.01072	0.05963	0.01526	0.00758	0.00880	0.01225	0.01596	0.02121	0.04358	0.65427	0.05183	0.02477	0.01044	0.00333	0.00526	0.02246	0.00743	0.00692
26	0.00995	0.00830	0.00868	0.00885	0.01137	0.00703	0.00654	0.01208	0.01887	0.02289	0.11018	0.14298	0.56110	0.02134	0.00990	0.00285	0.00426	0.01803	0.00779	0.00703
27	0.06220	0.02990	0.02381	0.01974	0.02532	0.30088	0.01562	0.35050	0.03143	0.03813	0.01658	0.01757	0.01246	0.00928	0.00783	0.00235	0.01151	0.00645	0.00647	0.01200
28	0.03026	0.03136	0.02362	0.02011	0.02533	0.36725	0.01568	0.25962	0.08773	0.03382	0.01751	0.01837	0.01338	0.00935	0.00789	0.00234	0.01198	0.00654	0.00620	0.01167
29	0.00985	0.00829	0.00855	0.00876	0.01131	0.00698	0.00646	0.01188	0.01861	0.02231	0.07997	0.14783	0.58767	0.02158	0.00990	0.00287	0.00427	0.01820	0.00771	0.00698
30	0.01191	0.00872	0.01244	0.01244	0.01361	0.00989	0.00925	0.01425	0.01308	0.01861	0.02308	0.03724	0.02277	0.19904	0.54112	0.01223	0.01925	0.00957	0.00457	0.00691
31	0.03269	0.02149	0.02383	0.01827	0.02487	0.02312	0.01509	0.51365	0.03607	0.17145	0.02245	0.02157	0.01539	0.01003	0.00832	0.00251	0.00874	0.00765	0.00870	0.01413
32	0.18248	0.01859	0.02842	0.08754	0.47445	0.01941	0.02174	0.02496	0.01771	0.02892	0.01468	0.01914	0.01211	0.00753	0.00756	0.00251	0.00921	0.00677	0.00431	0.01197
33	0.01845	0.16970	0.43043	0.02673	0.14429	0.02203	0.02654	0.02588	0.01766	0.02514	0.01438	0.01726	0.01102	0.00765	0.00745	0.00243	0.01118	0.00603	0.00363	0.01212
34	0.02056	0.01974	0.03372	0.05099	0.65622	0.01974	0.02550	0.02550	0.01892	0.02714	0.01563	0.02056	0.01316	0.00740	0.00822	0.00247	0.00987	0.00740	0.00411	0.01316
35	0.05442	0.03038	0.33439	0.02005	0.02877	0.01995	0.02174	0.09531	0.21058	0.06847	0.02208	0.02233	0.01594	0.00927	0.00801	0.00267	0.00965	0.00733	0.00598	0.01270
36	0.02120	0.02144	0.03466	0.04715	0.54462	0.06641	0.09029	0.02616	0.01932	0.02660	0.01556	0.02037	0.01292	0.00744	0.00834	0.00248	0.01068	0.00752	0.00413	0.01270
37	0.01202	0.00830	0.01031	0.01031	0.01074	0.00873	0.00659	0.01288	0.01245	0.01703	0.02503	0.04803	0.02745	0.51988	0.22669	0.00960	0.01219	0.01115	0.00486	0.00573
38	0.01012	0.00723	0.00964	0.01157	0.01205	0.00675	0.00771	0.01157	0.01591	0.02121	0.04579	0.70262	0.05495	0.02603	0.01060	0.00337	0.00482	0.02362	0.00771	0.00675
39	0.03158	0.02327	0.02493	0.01911	0.02576	0.02576	0.01579	0.62852	0.03906	0.05236	0.01995	0.01995	0.01413	0.00997	0.00831	0.00249	0.00914	0.00748	0.00831	0.01413
40	0.02823	0.01955	0.05076	0.02041	0.08317	0.01946	0.01554	0.19936	0.21292	0.21941	0.02719	0.02562	0.01911	0.01012	0.00834	0.00262	0.00798	0.00824	0.00831	0.01366
41	0.01549	0.00774	0.00774	0.00774	0.00968	0.00774	0.00581	0.01936	0.01742	0.03097	0.02710	0.03097	0.02129	0.00968	0.00581	0.00194	0.00387	0.00774	0.75416	0.00774
42	0.01187	0.00890	0.01335	0.01335	0.01483	0.01038	0.01038	0.01483	0.01335	0.01928	0.02225	0.03264	0.02077	0.06231	0.67512	0.01335	0.02225	0.00890	0.00445	0.00742
43	0.01718	0.03302	0.43653	0.09350	0.03376	0.01818	0.02490	0.08726	0.01990	0.02796	0.02504	0.02696	0.10018	0.00998	0.00825	0.00266	0.01069	0.00800	0.00462	0.01141
44	0.02496	0.31262	0.10174	0.01875	0.02475	0.29582	0.01705	0.02811	0.01941	0.02064	0.01240	0.01481	0.01068	0.00832	0.00806	0.00215	0.06037	0.00520	0.00385	0.01030
45	0.36756	0.02728	0.13448	0.02001	0.08786	0.18641	0.01639	0.02710	0.01764	0.02994	0.01291	0.01533	0.01013	0.00793	0.00655	0.00246	0.01001	0.00531	0.00452	0.01018
46	0.02034	0.02107	0.06984	0.04943	0.62073	0.01971	0.02579	0.02554	0.01884	0.02709	0.01559	0.02039	0.01301	0.00743	0.00821	0.00248	0.01001	0.00733	0.00408	0.01311
47	0.05054	0.00930	0.01100	0.01071	0.01331	0.00837	0.00791	0.01630	0.01915	0.08273	0.18680	0.25039	0.22506	0.01922	0.00949	0.00282	0.00479	0.01666	0.00799	0.04746
48	0.02173	0.02272	0.03015	0.15955	0.42554	0.14745	0.02322	0.02623	0.01941	0.02475	0.01493	0.01976	0.01230	0.00779	0.00810	0.00246	0.01108	0.00700	0.00407	0.01176
49	0.02648	0.29644	0.05618	0.02051	0.06225	0.36468	0.01647	0.02927	0.02048	0.02067	0.01259	0.01478	0.01083	0.00791	0.00672	0.00204	0.01224	0.00516	0.00396	0.01034
50	0.23218	0.01159	0.01120	0.01022	0.01400	0.01153	0.00803	0.04058	0.01914	0.07450	0.12109	0.05280	0.33317	0.01555	0.00830	0.00269	0.00520	0.01245	0.00733	0.00845
51	0.06548	0.31272	0.06521	0.01768	0.02394	0.24718	0.01566	0.11590	0.02226	0.02589	0.01339	0.01508	0.01109	0.00809	0.00662	0.00209	0.01103	0.00529	0.00458	0.01082
52	0.02809	0.03068	0.02169	0.01946	0.02403	0.41410	0.01483	0.03727	0.22521	0.07063	0.02110	0.02115	0.01619	0.00957	0.00787	0.00239	0.01167	0.00688	0.00607	0.01110
53	0.01549	0.00774	0.00774	0.00774	0.00968	0.00774	0.00581	0.01936	0.01742	0.03097	0.02710	0.03097	0.02129	0.00968	0.00581	0.00194	0.00387	0.00774	0.75416	0.00774
54	0.03062	0.07647	0.02504	0.02047	0.02544	0.49505	0.01588	0.16214	0.02652	0.02725	0.01431	0.01596	0.01144	0.00878	0.00754	0.00220	0.01335	0.00576	0.00511	0.01067
55	0.01569	0.01477	0.02492	0.68808	0.05722	0.01846	0.02307	0.02123	0.01661	0.02123	0.01477	0.02215	0.01107	0.00831	0.00831	0.00277	0.01107	0.00738	0.00369	0.00923
56	0.01143	0.00816	0.00887	0.00887	0.00968	0.00775	0.00540	0.01204	0.01406	0.01794	0.04290	0.06175	0.20985	0.50983	0.03292	0.00654	0.00694	0.01365	0.00581	0.00560
57	0.02066	0.01785	0.01878	0.01691	0.02160	0.02066	0.01315	0.04414	0.64121	0.03475	0.03381	0.03099	0.02536	0.01127	0.00845	0.00282	0.00657	0.00939	0.00845	0.01315
58	0.01615	0.01179	0.01352	0.01289	0.01587	0.01205	0.00966	0.05712	0.18457	0.07361	0.11382	0.24756	0.16176	0.01815	0.00951	0.00293	0.00547	0.01575	0.00828	0.00955
59	0.02923	0.02210	0.02361	0.01864	0.02487	0.02467	0.01522	0.50289	0.16851	0.04857	0.02293	0.02232	0.01654	0.01025	0.00834	0.00256	0.00859	0.00789	0.00834	0.01392
60	0.20355	0.02353	0.09012	0.03369	0.30797	0.09095	0.08264	0.02626	0.01819	0.02874	0.01438	0.01812	0.01156	0.00761	0.00752	0.00251	0.01024	0.00659	0.00433	0.01147
61	0.02150	0.06559	0.15349	0.03090	0.10047	0.14642	0.30770	0.02761	0.01977	0.02503	0.01531	0.01944	0.01182	0.00751	0.00862	0.00256	0.01319	0.00776	0.00405	0.01127
62	0.00991	0.00842	0.00855	0.00852	0.01128	0.00705	0.00639	0.01211	0.01916	0.02298	0.11201	0.07907	0.62466	0.02084	0.00982	0.00280	0.00419	0.01741	0.00778	0.00705
63	0.01549	0.00774	0.00774	0.00774	0.00968	0.00774	0.00581	0.01936	0.01742	0.03097	0.02710	0.03097	0.02129	0.00968	0.00581	0.00194	0.00387	0.00774	0.75416	0.00774
64	0.02221	0.71304	0.04353	0.01421	0.02132	0.03287	0.01421	0.02488	0.01688	0.01955	0.01155	0.01333	0.01066	0.00711	0.00533	0.00178	0.00888	0.00444	0.00355	0.01066
65	0.02555	0.01379	0.01716	0.01442	0.01907	0.01353	0.01162	0.09311	0.11965	0.28797	0.19971	0.04161	0.03820	0.01311	0.00898	0.00270	0.00640	0.05228	0.00930	0.01182
66	0.01723	0.01477	0.01723	0.01230	0.01969	0.01107	0.00984	0.02092	0.01723	0.02707	0.01477	0.01723	0.01230	0.00615	0.00615	0.00123	0.00615	0.00492	0.00492	0.75883
67	0.01092	0.00837	0.01000	0.00977	0.01194	0.00745	0.00726	0.01398	0.02127	0.02840	0.39709	0.11424	0.29094	0.01914	0.00986	0.00274	0.00409	0.01657	0.00851	0.00745
68	0.10914	0.51992	0.14268	0.01539	0.02312	0.02894	0.01633	0.02506	0.01667	0.02276	0.01211	0.01404	0.01044	0.00731	0.00573	0.00201	0.00916	0.00473	0.00373	0.01073
69	0.01208	0.00805	0.00906	0.00906	0.00906	0.00805	0.00503	0.01208	0.01208	0.01611	0.02618	0.05436	0.03020	0.70804	0.04228	0.00805	0.00805	0.01208	0.00503	0.00503
70	0.02888	0.20415	0.02843	0.01965	0.02462	0.51786	0.01560	0.03115	0.02191	0.02014	0.01253	0.01458	0.01069	0.00821	0.00696	0.00205	0.01349	0.00513	0.00410	0.00988
71	0.01093	0.00805	0.01039	0.01118	0.01256	0.00729	0.00780	0.01315	0.01799	0.02458	0.19390	0.47441	0.08745	0.02238	0.01010	0.00303	0.00465	0.02010	0.00789	0.05217
72	0.02782	0.18256	0.02926	0.02344	0.10445	0.41336	0.01683	0.06613	0.02244	0.02294	0.01334	0.01562	0.01121	0.00818	0.00716	0.00212	0.01266	0.00554	0.00434	0.01057
73	0.02232	0.23044	0.02710	0.01850	0.05453	0.25714	0.01437	0.02500	0.01837	0.02015	0.01532	0.01988	0.01372	0.02357	0.19951	0.00528	0.01499	0.00621	0.00410	0.00949
74	0.02316	0.02722	0.01830	0.01683	0.02028	0.40951	0.01262	0.02581	0.02303	0.02431	0.20498	0.03565	0.10023	0.01235	0.00841	0.00235	0.01062	0.00947	0.00606	0.00883
75	0.01208	0.00805	0.00906	0.00906	0.00906	0.00805	0.00503	0.01208	0.01208	0.01611	0.02618	0.05436	0.03020	0.70804	0.04228	0.00805	0.00805	0.01208	0.00503	0.00503
76	0.02694	0.01633	0.01887	0.01549	0.02028	0.01690	0.01227	0.30132	0.02828	0.19221	0.02881	0.15778	0.02491	0.05206	0.01054	0.00297	0.00748	0.01111	0.04358	0.01188
77	0.01167	0.00879	0.01138	0.01150	0.01323	0.00875	0.00849	0.01567	0.05336	0.02622	0.27163	0.21237	0.11868	0.02917	0.15461	0.00517	0.00830	0.01575	0.00758	0.00769
78	0.02099	0.09211	0.03105	0.20412	0.35024	0.11391	0.02239	0.02544	0.01878	0.02390	0.01460	0.01943	0.01203	0.00777	0.00785	0.00243	0.01080	0.00680	0.00397	0.01141
79	0.01831	0.18230	0.37173	0.09632	0.09301	0.02226	0.02501	0.02616	0.04517	0.02474	0.01507	0.01801	0.01152	0.00787	0.00744	0.00245	0.01093	0.00617	0.00381	0.01172
80	0.01903	0.05644	0.13799	0.14482	0.05874	0.06637	0.16800	0.02854	0.14024	0.02618	0.02262	0.02540	0.04993	0.00913	0.00851	0.00266	0.01086	0.00844	0.00499	0.01111
81	0.17191	0.03172	0.04343	0.01802	0.02261	0.44948	0.01415	0.02889	0.02098	0.02409	0.02044	0.02187	0.08036	0.00973	0.00730	0.00231	0.01204	0.00654	0.00479	0.00932
82	0.13351	0.18421	0.33434	0.02363	0.12060	0.02227	0.02294	0.02558	0.01707	0.02661	0.01376	0.01643	0.01071	0.00762	0.00695	0.00241	0.01027	0.00570	0.00386	0.01154
83	0.01546	0.11074	0.02234	0.01677	0.01933	0.05068	0.07840	0.01790	0.01631	0.02127	0.03077	0.30362	0.06545	0.01998	0.04764	0.00357	0.13129	0.01444	0.00567	0.00840
84	0.02010	0.01545	0.01855	0.05358	0.02189	0.01606	0.01260	0.23590	0.02390	0.03317	0.02226	0.10644	0.02019	0.02381	0.17106	0.00500	0.01127	0.00925	0.00629	0.17325
85	0.02851	0.02111	0.02290	0.01793	0.02399	0.02293	0.01460	0.52866	0.03537	0.04764	0.02229	0.08992	0.01821	0.01139	0.00842	0.00251	0.00852	0.00898	0.00805	0.05807
86	0.02017	0.02164	0.09754	0.03662	0.37649	0.02000	0.02194	0.03182	0.22677	0.02959	0.02163	0.02372	0.01695	0.00875	0.00826	0.00260	0.00903	0.00793	0.00550	0.01306
87	0.01549	0.00774	0.00774	0.00774	0.00968	0.00774	0.00581	0.01936	0.01742	0.03097	0.02710	0.03097	0.02129	0.00968	0.00581	0.00194	0.00387	0.00774	0.75416	0.00774
88	0.01012	0.00723	0.00964	0.01157	0.01205	0.00675	0.00771	0.01157	0.01591	0.02121	0.04579	0.70262	0.05495	0.02603	0.01060	0.00337	0.00482	0.02362	0.00771	0.00675
89	0.01660	0.01210	0.01448	0.01257	0.01567	0.01222	0.00978	0.16543	0.02731	0.03797	0.49744	0.05177	0.06268	0.01527	0.00943	0.00258	0.00520	0.01318	0.00894	0.00938
90	0.02221	0.71304	0.04353	0.01421	0.02132	0.03287	0.01421	0.02488	0.01688	0.01955	0.01155	0.01333	0.01066	0.00711	0.00533	0.00178	0.00888	0.00444	0.00355	0.01066
91	0.03103	0.03959	0.02354	0.02140	0.02568	0.67469	0.01605	0.03317	0.02354	0.02033	0.01284	0.01498	0.01070	0.00856	0.00749	0.00214	0.01498	0.00535	0.00428	0.00963
92	0.01788	0.01649	0.02700	0.03915	0.47039	0.01625	0.02029	0.02240	0.01992	0.02815	0.15885	0.03380	0.07279	0.01045	0.00868	0.00252	0.00817	0.00978	0.00546	0.01157
93	0.01982	0.01560	0.01854	0.04815	0.02235	0.01303	0.01128	0.08454	0.01983	0.06748	0.01638	0.01842	0.01292	0.00690	0.00662	0.00152	0.00677	0.00552	0.00553	0.59879
94	0.01762	0.03626	0.46390	0.02738	0.03839	0.01985	0.22506	0.02641	0.01821	0.02641	0.01553	0.01913	0.01120	0.00760	0.00852	0.00269	0.01284	0.00734	0.00373	0.01193
95	0.01232	0.00956	0.01421	0.01395	0.01533	0.01145	0.01094	0.01520	0.01331	0.01934	0.02145	0.03161	0.02007	0.05891	0.62909	0.01266	0.06990	0.00878	0.00439	0.00754
96	0.01487	0.01252	0.02059	0.48627	0.04351	0.01506	0.01840	0.01820	0.01541	0.01990	0.01789	0.09267	0.01624	0.01414	0.01326	0.15042	0.00968	0.00902	0.00409	0.00788
97	0.01305	0.01295	0.04595	0.02024	0.17467	0.01094	0.01270	0.01632	0.01888	0.02395	0.06128	0.06293	0.42572	0.01711	0.00943	0.00277	0.00622	0.04943	0.00661	0.00884
98	0.01698	0.01594	0.02468	0.07906	0.32197	0.01602	0.04789	0.02323	0.08663	0.02612	0.03803	0.03961	0.20500	0.01193	0.00881	0.00264	0.00811	0.01076	0.00563	0.01095
99	0.02639	0.03092	0.05047	0.02076	0.05223	0.41104	0.01580	0.09803	0.02304	0.02490	0.01592	0.01930	0.01319	0.01693	0.10997	0.00393	0.01460	0.00637	0.03620	0.01001
100	0.02335	0.02688	0.02682	0.18390	0.13744	0.30546	0.06243	0.02708	0.02014	0.02218	0.01693	0.02100	0.03829	0.00902	0.00904	0.00249	0.04615	0.00709	0.00422	0.01009

[dist]
# distance from previous block
# <min> <max>
0	11

[block]
# block no. 2 follows, 22 sequences, length 36
# corresponding to MSA columns:
# 245-280
name=unknown_C
#
# <colnr> <probs for GDERKNQSTAVLIFYWHMCP>
#	G	D	E	R	K	N	Q	S	T	A	V	L	I	F	Y	W	H	M	C	P
0	0.02330	0.56250	0.03995	0.01823	0.07393	0.12115	0.01539	0.02608	0.01797	0.02028	0.01206	0.01415	0.01087	0.00733	0.00587	0.00188	0.00981	0.00481	0.00370	0.01072
1	0.01026	0.00737	0.00994	0.01171	0.01228	0.00705	0.00793	0.01183	0.01570	0.02105	0.04386	0.64775	0.05215	0.02900	0.06503	0.00419	0.00625	0.02241	0.00744	0.00680
2	0.01985	0.01885	0.03205	0.04791	0.60369	0.01897	0.02426	0.02462	0.01846	0.02650	0.01617	0.02155	0.01378	0.01190	0.06284	0.00336	0.01088	0.00752	0.00414	0.01269
3	0.01092	0.06613	0.01142	0.00898	0.01210	0.00917	0.00703	0.01316	0.01898	0.02270	0.10426	0.07367	0.57389	0.01971	0.00945	0.00271	0.00458	0.01635	0.00744	0.00735
4	0.01694	0.07222	0.02687	0.10119	0.29628	0.01670	0.05340	0.02089	0.01778	0.02417	0.02500	0.20249	0.02587	0.01333	0.00892	0.00279	0.00869	0.05088	0.00520	0.01040
5	0.03103	0.03959	0.02354	0.02140	0.02568	0.67469	0.01605	0.03317	0.02354	0.02033	0.01284	0.01498	0.01070	0.00856	0.00749	0.00214	0.01498	0.00535	0.00428	0.00963
6	0.01666	0.04297	0.66500	0.02368	0.03596	0.01929	0.03069	0.02631	0.01754	0.02631	0.01491	0.01754	0.01052	0.00789	0.00789	0.00263	0.01228	0.00614	0.00351	0.01228
7	0.02739	0.02225	0.02250	0.01842	0.02417	0.06533	0.01480	0.36784	0.26744	0.04360	0.02477	0.02384	0.01819	0.01038	0.00831	0.00259	0.00854	0.00807	0.00811	0.01347
8	0.01269	0.00912	0.01041	0.01037	0.01167	0.00890	0.00702	0.05195	0.01678	0.02187	0.07457	0.14112	0.16490	0.35417	0.02568	0.00546	0.00668	0.05356	0.00652	0.00656
9	0.01140	0.00873	0.01229	0.01279	0.01352	0.00874	0.03688	0.01286	0.01518	0.02043	0.03872	0.50909	0.04576	0.15294	0.01749	0.00424	0.04552	0.01985	0.00681	0.00677
10	0.01033	0.00739	0.00982	0.01143	0.01209	0.00688	0.00773	0.01208	0.01685	0.02271	0.12118	0.62294	0.05786	0.02490	0.01050	0.00328	0.00471	0.02255	0.00789	0.00688
11	0.01688	0.01690	0.03039	0.45866	0.04972	0.01990	0.15776	0.02228	0.01680	0.02228	0.01474	0.02171	0.01140	0.00879	0.01100	0.00288	0.09654	0.00791	0.00380	0.00965
12	0.02194	0.01936	0.01945	0.01729	0.02210	0.05568	0.01348	0.08267	0.56817	0.03517	0.03177	0.02941	0.02383	0.01104	0.00839	0.00276	0.00719	0.00905	0.00822	0.01303
13	0.03158	0.02327	0.02493	0.01911	0.02576	0.02576	0.01579	0.62852	0.03906	0.05236	0.01995	0.01995	0.01413	0.00997	0.00831	0.00249	0.00914	0.00748	0.00831	0.01413
14	0.01029	0.00843	0.00907	0.00891	0.01151	0.00722	0.00669	0.01284	0.02006	0.02510	0.22302	0.07557	0.51233	0.02005	0.00981	0.00276	0.00414	0.01692	0.00806	0.00722
15	0.00982	0.00842	0.00842	0.00842	0.01122	0.00701	0.00631	0.01192	0.01894	0.02244	0.08416	0.07995	0.65285	0.02104	0.00982	0.00281	0.00421	0.01753	0.00771	0.00701
16	0.00982	0.00842	0.00842	0.00842	0.01122	0.00701	0.00631	0.01192	0.01894	0.02244	0.08416	0.07995	0.65285	0.02104	0.00982	0.00281	0.00421	0.01753	0.00771	0.00701
17	0.02066	0.01785	0.01878	0.01691	0.02160	0.02066	0.01315	0.04414	0.64121	0.03475	0.03381	0.03099	0.02536	0.01127	0.00845	0.00282	0.00657	0.00939	0.00845	0.01315
18	0.04835	0.02580	0.22244	0.03192	0.26456	0.01864	0.04596	0.02983	0.08447	0.11782	0.01964	0.02165	0.01452	0.00836	0.00812	0.00258	0.00989	0.00735	0.00530	0.01281
19	0.19144	0.52368	0.06487	0.01390	0.02080	0.02901	0.01378	0.02484	0.01629	0.02389	0.01171	0.01356	0.01028	0.00728	0.00540	0.00200	0.00848	0.00453	0.00391	0.01036
20	0.02096	0.04172	0.06286	0.05205	0.12325	0.09701	0.01503	0.02704	0.09740	0.12468	0.03977	0.03913	0.19963	0.01248	0.00853	0.00259	0.00821	0.01028	0.00660	0.01077
21	0.01549	0.00774	0.00774	0.00774	0.00968	0.00774	0.00581	0.01936	0.01742	0.03097	0.02710	0.03097	0.02129	0.00968	0.00581	0.00194	0.00387	0.00774	0.75416	0.00774
22	0.01948	0.01444	0.01665	0.01533	0.01883	0.01530	0.01223	0.24717	0.05870	0.03457	0.03746	0.23320	0.07464	0.01818	0.00977	0.00308	0.00714	0.14579	0.00796	0.01009
23	0.02806	0.26789	0.03043	0.01882	0.02420	0.41882	0.01541	0.06466	0.02217	0.02191	0.01281	0.01470	0.01088	0.00815	0.00680	0.00204	0.01257	0.00516	0.00427	0.01024
24	0.01786	0.01672	0.02713	0.03981	0.48024	0.01643	0.02072	0.02213	0.01893	0.02602	0.03170	0.03771	0.14792	0.01126	0.00877	0.00263	0.00855	0.04887	0.00509	0.01152
25	0.01588	0.01230	0.01550	0.01673	0.09479	0.01226	0.01113	0.02385	0.16051	0.06661	0.26821	0.05208	0.18673	0.01505	0.00922	0.00268	0.00550	0.01300	0.00810	0.00987
26	0.02056	0.01974	0.03372	0.05099	0.65622	0.01974	0.02550	0.02550	0.01892	0.02714	0.01563	0.02056	0.01316	0.00740	0.00822	0.00247	0.00987	0.00740	0.00411	0.01316
27	0.02021	0.01578	0.01787	0.08413	0.02284	0.01695	0.01262	0.26136	0.08430	0.03585	0.07441	0.08445	0.20556	0.01452	0.00898	0.00270	0.00712	0.01199	0.00768	0.01067
28	0.01540	0.02004	0.16571	0.24088	0.13349	0.01569	0.02061	0.02117	0.01889	0.02610	0.16289	0.03371	0.06937	0.01088	0.00864	0.00266	0.00909	0.00950	0.00521	0.01007
29	0.03158	0.02327	0.02493	0.01911	0.02576	0.02576	0.01579	0.62852	0.03906	0.05236	0.01995	0.01995	0.01413	0.00997	0.00831	0.00249	0.00914	0.00748	0.00831	0.01413
30	0.02162	0.01703	0.01887	0.01483	0.02075	0.01672	0.01188	0.24102	0.09106	0.03665	0.05452	0.05866	0.06772	0.01062	0.00783	0.00214	0.00696	0.00861	0.00705	0.28547
31	0.01599	0.10072	0.02252	0.01730	0.01872	0.01999	0.01433	0.01828	0.01367	0.01978	0.01717	0.06795	0.01717	0.03068	0.24458	0.00670	0.33317	0.00856	0.00417	0.00856
32	0.01208	0.00805	0.00906	0.00906	0.00906	0.00805	0.00503	0.01208	0.01208	0.01611	0.02618	0.05436	0.03020	0.70804	0.04228	0.00805	0.00805	0.01208	0.00503	0.00503
33	0.01608	0.02030	0.15300	0.02106	0.10148	0.01562	0.05677	0.02596	0.18111	0.02724	0.04121	0.08286	0.19554	0.01346	0.00891	0.00277	0.00789	0.01166	0.00635	0.01073
34	0.01203	0.00824	0.01002	0.01002	0.01036	0.00858	0.00623	0.01270	0.01237	0.01682	0.02530	0.04949	0.02809	0.56315	0.18428	0.00924	0.01124	0.01137	0.00490	0.00557
35	0.01747	0.02554	0.21399	0.09777	0.07840	0.01886	0.28154	0.02443	0.01789	0.02509	0.01666	0.02217	0.01291	0.01429	0.09177	0.00404	0.01398	0.00826	0.00398	0.01095

[dist]
# distance from previous block
# <min> <max>
3	5

[block]
# block no. 3 follows, 22 sequences, length 25
# corresponding to MSA columns:
# 286-310
name=unknown_D
#
# <colnr> <probs for GDERKNQSTAVLIFYWHMCP>
#	G	D	E	R	K	N	Q	S	T	A	V	L	I	F	Y	W	H	M	C	P
0	0.03003	0.03242	0.02510	0.02400	0.09588	0.40434	0.01702	0.21347	0.02775	0.03083	0.01531	0.01711	0.01202	0.00886	0.00782	0.00228	0.01264	0.00623	0.00549	0.01139
1	0.01930	0.01827	0.02584	0.12821	0.29945	0.04797	0.01900	0.02493	0.05617	0.02640	0.01620	0.02011	0.01321	0.00743	0.00756	0.00213	0.00891	0.00664	0.00458	0.24767
2	0.01163	0.00813	0.00893	0.00893	0.00949	0.00785	0.00529	0.01205	0.01345	0.01737	0.03777	0.05948	0.15469	0.57069	0.03579	0.00700	0.00729	0.01317	0.00557	0.00543
3	0.76672	0.01607	0.01221	0.01092	0.01607	0.01864	0.00900	0.02442	0.01414	0.03727	0.01157	0.01350	0.00900	0.00771	0.00514	0.00257	0.00643	0.00450	0.00514	0.00900
4	0.02180	0.19852	0.05262	0.01560	0.02065	0.20621	0.01332	0.08768	0.02228	0.02559	0.09487	0.03363	0.15168	0.01179	0.00777	0.00230	0.00931	0.00892	0.00571	0.00975
5	0.01723	0.01477	0.01723	0.01230	0.01969	0.01107	0.00984	0.02092	0.01723	0.02707	0.01477	0.01723	0.01230	0.00615	0.00615	0.00123	0.00615	0.00492	0.00492	0.75883
6	0.00996	0.00842	0.00861	0.00856	0.01130	0.00707	0.00642	0.01219	0.01926	0.02321	0.12421	0.07869	0.61232	0.02075	0.00982	0.00279	0.00419	0.01736	0.00782	0.00707
7	0.01012	0.00723	0.00964	0.01157	0.01205	0.00675	0.00771	0.01157	0.01591	0.02121	0.04579	0.70262	0.05495	0.02603	0.01060	0.00337	0.00482	0.02362	0.00771	0.00675
8	0.01357	0.01141	0.01662	0.01564	0.01672	0.01446	0.01249	0.01623	0.01318	0.01948	0.01918	0.02873	0.01810	0.04939	0.49998	0.01072	0.20354	0.00846	0.00423	0.00787
9	0.01995	0.01912	0.03262	0.13046	0.58150	0.01958	0.02519	0.02496	0.01863	0.02640	0.01552	0.02076	0.01290	0.00751	0.00823	0.00250	0.01002	0.00740	0.00406	0.01267
10	0.76672	0.01607	0.01221	0.01092	0.01607	0.01864	0.00900	0.02442	0.01414	0.03727	0.01157	0.01350	0.00900	0.00771	0.00514	0.00257	0.00643	0.00450	0.00514	0.00900
11	0.01698	0.03781	0.53197	0.02329	0.03301	0.02057	0.02809	0.02500	0.01654	0.02500	0.01408	0.01767	0.01060	0.00928	0.01192	0.00284	0.15384	0.00637	0.00353	0.01161
12	0.01114	0.00847	0.01025	0.00980	0.01203	0.00758	0.00735	0.01448	0.02205	0.02985	0.47076	0.06776	0.26163	0.01828	0.00980	0.00267	0.00401	0.01582	0.00869	0.00758
13	0.00982	0.00842	0.00842	0.00842	0.01122	0.00701	0.00631	0.01192	0.01894	0.02244	0.08416	0.07995	0.65285	0.02104	0.00982	0.00281	0.00421	0.01753	0.00771	0.00701
14	0.76672	0.01607	0.01221	0.01092	0.01607	0.01864	0.00900	0.02442	0.01414	0.03727	0.01157	0.01350	0.00900	0.00771	0.00514	0.00257	0.00643	0.00450	0.00514	0.00900
15	0.02620	0.01931	0.02133	0.01761	0.02280	0.02116	0.01450	0.44057	0.06054	0.04375	0.02578	0.03739	0.02240	0.05718	0.01112	0.00313	0.00866	0.12638	0.00798	0.01221
16	0.01807	0.03363	0.40288	0.02542	0.03546	0.01995	0.17791	0.02933	0.12113	0.02778	0.01851	0.02099	0.01350	0.00823	0.00847	0.00270	0.01177	0.00760	0.00450	0.01215
17	0.01163	0.00813	0.00893	0.00893	0.00949	0.00785	0.00529	0.01205	0.01345	0.01737	0.03777	0.05948	0.15469	0.57069	0.03579	0.00700	0.00729	0.01317	0.00557	0.00543
18	0.02036	0.02029	0.03690	0.04767	0.52876	0.02000	0.15041	0.02573	0.01906	0.02703	0.01587	0.02095	0.01304	0.00732	0.00855	0.00254	0.01073	0.00790	0.00413	0.01275
19	0.03011	0.10987	0.02563	0.02065	0.02523	0.60772	0.01586	0.03231	0.02285	0.02025	0.01271	0.01481	0.01070	0.00841	0.00727	0.00210	0.01435	0.00526	0.00420	0.00974
20	0.00982	0.00842	0.00842	0.00842	0.01122	0.00701	0.00631	0.01192	0.01894	0.02244	0.08416	0.07995	0.65285	0.02104	0.00982	0.00281	0.00421	0.01753	0.00771	0.00701
21	0.02121	0.02162	0.02981	0.04208	0.48453	0.12125	0.02230	0.02549	0.01901	0.02518	0.01594	0.02106	0.01364	0.01383	0.08395	0.00365	0.01208	0.00725	0.00418	0.01195
22	0.01176	0.00849	0.01110	0.01045	0.01241	0.00784	0.00784	0.01568	0.02352	0.03331	0.65184	0.06206	0.07839	0.01698	0.00980	0.00261	0.00392	0.01502	0.00914	0.00784
23	0.07110	0.02683	0.15439	0.03189	0.25280	0.09479	0.05880	0.12573	0.02242	0.05926	0.01645	0.01924	0.01255	0.00817	0.00799	0.00250	0.01071	0.00694	0.00504	0.01240
24	0.02402	0.31143	0.03608	0.02664	0.17958	0.20329	0.06064	0.02741	0.01938	0.02212	0.01327	0.01619	0.01142	0.00757	0.00694	0.00212	0.01114	0.00579	0.00393	0.01103

[dist]
# distance from previous block
# <min> <max>
0	1

[block]
# block no. 4 follows, 22 sequences, length 17
# corresponding to MSA columns:
# 312-328
name=unknown_E
#
# <colnr> <probs for GDERKNQSTAVLIFYWHMCP>
#	G	D	E	R	K	N	Q	S	T	A	V	L	I	F	Y	W	H	M	C	P
0	0.02324	0.28317	0.23664	0.01954	0.02741	0.23322	0.02009	0.02798	0.01922	0.02197	0.01304	0.01521	0.01063	0.00782	0.00684	0.00217	0.01192	0.00528	0.00377	0.01085
1	0.02367	0.01113	0.01492	0.01247	0.01652	0.00988	0.00988	0.02726	0.02364	0.32681	0.36283	0.04629	0.05139	0.01385	0.00912	0.00259	0.00539	0.01191	0.00968	0.01078
2	0.01721	0.03953	0.56851	0.02707	0.10004	0.01943	0.06076	0.02624	0.01779	0.02641	0.01508	0.01810	0.01090	0.00780	0.00802	0.00262	0.01212	0.00646	0.00361	0.01231
3	0.76672	0.01607	0.01221	0.01092	0.01607	0.01864	0.00900	0.02442	0.01414	0.03727	0.01157	0.01350	0.00900	0.00771	0.00514	0.00257	0.00643	0.00450	0.00514	0.00900
4	0.01041	0.00768	0.00978	0.01112	0.01222	0.00705	0.00779	0.01234	0.01736	0.02285	0.11431	0.50164	0.15637	0.02411	0.01044	0.00322	0.00477	0.05174	0.00786	0.00695
5	0.01203	0.00825	0.01004	0.01004	0.01037	0.00858	0.00625	0.01271	0.01237	0.01683	0.02528	0.04943	0.02806	0.56134	0.18606	0.00926	0.01128	0.01136	0.00490	0.00558
6	0.03111	0.03740	0.02373	0.02110	0.02569	0.58766	0.01602	0.11302	0.02562	0.02463	0.01379	0.01565	0.01116	0.00875	0.00760	0.00219	0.01420	0.00564	0.00482	0.01023
7	0.01156	0.00848	0.01083	0.01024	0.01229	0.00775	0.00768	0.01529	0.02305	0.03220	0.59354	0.06389	0.13738	0.01740	0.00980	0.00263	0.00395	0.01528	0.00900	0.00775
8	0.01549	0.00774	0.00774	0.00774	0.00968	0.00774	0.00581	0.01936	0.01742	0.03097	0.02710	0.03097	0.02129	0.00968	0.00581	0.00194	0.00387	0.00774	0.75416	0.00774
9	0.03194	0.02269	0.02457	0.01884	0.02547	0.02490	0.01556	0.59102	0.03808	0.09124	0.02076	0.02048	0.01454	0.00999	0.00831	0.00250	0.00901	0.00754	0.00844	0.01413
10	0.01549	0.00774	0.00774	0.00774	0.00968	0.00774	0.00581	0.01936	0.01742	0.03097	0.02710	0.03097	0.02129	0.00968	0.00581	0.00194	0.00387	0.00774	0.75416	0.00774
11	0.01301	0.01253	0.05018	0.01584	0.01861	0.01246	0.06993	0.01649	0.01493	0.02085	0.02956	0.03674	0.11095	0.04476	0.43344	0.00955	0.06730	0.00999	0.00480	0.00809
12	0.01060	0.01018	0.04715	0.01031	0.01303	0.00780	0.00828	0.01330	0.01896	0.02419	0.16547	0.20677	0.39291	0.02068	0.00987	0.00289	0.00476	0.01776	0.00771	0.00740
13	0.02317	0.56029	0.08584	0.01601	0.02306	0.13082	0.01570	0.02626	0.01796	0.02016	0.01199	0.01389	0.01066	0.00739	0.00585	0.00190	0.01007	0.00471	0.00366	0.01062
14	0.01693	0.01701	0.01604	0.01548	0.01770	0.18583	0.01188	0.01968	0.01604	0.01956	0.01977	0.02797	0.01811	0.04811	0.49880	0.01039	0.02033	0.00796	0.00441	0.00800
15	0.01386	0.01514	0.12363	0.01404	0.01795	0.01033	0.01235	0.01813	0.04325	0.05165	0.06562	0.40651	0.04021	0.01857	0.00933	0.00287	0.00640	0.01650	0.00684	0.10682
16	0.01986	0.09214	0.02201	0.01760	0.02016	0.20944	0.01410	0.02231	0.01655	0.01977	0.01598	0.02241	0.01468	0.03075	0.27307	0.00682	0.16240	0.00706	0.00413	0.00875

[dist]
# distance from previous block
# <min> <max>
0	1

[block]
# block no. 5 follows, 22 sequences, length 27
# corresponding to MSA columns:
# 330-356
name=unknown_F
#
# <colnr> <probs for GDERKNQSTAVLIFYWHMCP>
#	G	D	E	R	K	N	Q	S	T	A	V	L	I	F	Y	W	H	M	C	P
0	0.02472	0.05273	0.02044	0.01684	0.02110	0.20286	0.01332	0.13670	0.04825	0.10447	0.02297	0.02579	0.04226	0.02496	0.19884	0.00550	0.01398	0.00774	0.00607	0.01045
1	0.01187	0.00890	0.01335	0.01335	0.01483	0.01038	0.01038	0.01483	0.01335	0.01928	0.02225	0.03264	0.02077	0.06231	0.67512	0.01335	0.02225	0.00890	0.00445	0.00742
2	0.03017	0.10543	0.02550	0.02070	0.02526	0.61195	0.01587	0.03236	0.02289	0.02025	0.01271	0.01482	0.01070	0.00842	0.00728	0.00210	0.01439	0.00526	0.00421	0.00973
3	0.02408	0.02200	0.03176	0.03962	0.40940	0.05857	0.06154	0.18964	0.02469	0.03356	0.01672	0.02020	0.01325	0.00814	0.00831	0.00248	0.01023	0.00746	0.00527	0.01309
4	0.01549	0.00774	0.00774	0.00774	0.00968	0.00774	0.00581	0.01936	0.01742	0.03097	0.02710	0.03097	0.02129	0.00968	0.00581	0.00194	0.00387	0.00774	0.75416	0.00774
5	0.02420	0.01851	0.05578	0.01664	0.02169	0.01832	0.01379	0.30165	0.09997	0.09998	0.02954	0.20716	0.02693	0.01439	0.00893	0.00279	0.00765	0.01209	0.00809	0.01191
6	0.01920	0.10366	0.15198	0.06568	0.02508	0.10539	0.01655	0.11004	0.02081	0.02650	0.02510	0.24212	0.02570	0.01417	0.00852	0.00270	0.00925	0.01186	0.00571	0.00997
7	0.02997	0.01768	0.02048	0.01659	0.02246	0.01852	0.01342	0.18497	0.24741	0.29014	0.03002	0.02722	0.02070	0.01056	0.00838	0.00264	0.00740	0.00851	0.00915	0.01378
8	0.03118	0.03516	0.02392	0.02078	0.02570	0.49860	0.01598	0.19473	0.02775	0.02902	0.01477	0.01633	0.01163	0.00894	0.00771	0.00224	0.01340	0.00593	0.00537	0.01085
9	0.02001	0.01862	0.03065	0.22457	0.44526	0.01982	0.02412	0.06793	0.01974	0.02733	0.01570	0.02095	0.01265	0.00784	0.00825	0.00255	0.01015	0.00740	0.00430	0.01214
10	0.01818	0.01818	0.02545	0.02181	0.02181	0.02545	0.01818	0.01999	0.01272	0.01999	0.01091	0.01818	0.01091	0.01454	0.02726	0.00364	0.69284	0.00727	0.00364	0.00909
11	0.01187	0.00890	0.01335	0.01335	0.01483	0.01038	0.01038	0.01483	0.01335	0.01928	0.02225	0.03264	0.02077	0.06231	0.67512	0.01335	0.02225	0.00890	0.00445	0.00742
12	0.01949	0.01584	0.01707	0.01534	0.01957	0.01742	0.01209	0.14092	0.33238	0.03414	0.04170	0.08635	0.13721	0.01463	0.00904	0.00287	0.00660	0.05774	0.00819	0.01140
13	0.02032	0.02738	0.15382	0.02865	0.03612	0.09703	0.33761	0.02788	0.06391	0.02571	0.01660	0.02083	0.01275	0.00846	0.01094	0.00278	0.08542	0.00832	0.00433	0.01113
14	0.01050	0.00844	0.00936	0.00913	0.01164	0.00730	0.00685	0.01325	0.02055	0.02628	0.28434	0.07364	0.45028	0.01961	0.00981	0.00274	0.00411	0.01665	0.00822	0.00730
15	0.02120	0.01563	0.01834	0.01585	0.01967	0.01725	0.01254	0.31459	0.02640	0.03582	0.02542	0.14873	0.02376	0.03007	0.22746	0.00622	0.01265	0.01089	0.00693	0.01058
16	0.02288	0.01895	0.02003	0.01735	0.02245	0.02170	0.01369	0.16292	0.51882	0.03833	0.03099	0.02875	0.02308	0.01101	0.00842	0.00275	0.00710	0.00900	0.00842	0.01335
17	0.00992	0.00803	0.00882	0.00945	0.01149	0.00693	0.00677	0.01181	0.01794	0.02204	0.07157	0.28420	0.45672	0.02268	0.01008	0.00299	0.00441	0.01953	0.00771	0.00693
18	0.01569	0.01477	0.02492	0.68808	0.05722	0.01846	0.02307	0.02123	0.01661	0.02123	0.01477	0.02215	0.01107	0.00831	0.00831	0.00277	0.01107	0.00738	0.00369	0.00923
19	0.01829	0.01001	0.01278	0.01121	0.01456	0.00886	0.00871	0.02165	0.02266	0.20170	0.36846	0.05653	0.17946	0.01599	0.00941	0.00264	0.00483	0.01372	0.00916	0.00938
20	0.01004	0.00842	0.00873	0.00865	0.01136	0.00711	0.00649	0.01236	0.01947	0.02370	0.15006	0.07787	0.58616	0.02057	0.00982	0.00278	0.00417	0.01724	0.00788	0.00711
21	0.01741	0.01603	0.02709	0.06430	0.37518	0.01592	0.06334	0.02205	0.01975	0.02779	0.15984	0.06796	0.03153	0.01134	0.00899	0.00266	0.00852	0.04366	0.00560	0.01104
22	0.01966	0.01839	0.02924	0.04049	0.48349	0.01739	0.02125	0.02425	0.01846	0.02712	0.01539	0.01966	0.01293	0.00706	0.00766	0.00213	0.00886	0.00673	0.00433	0.21551
23	0.01896	0.01546	0.01894	0.01492	0.02044	0.01445	0.05505	0.18330	0.02352	0.03228	0.03402	0.11066	0.14797	0.01258	0.00826	0.00226	0.00698	0.01070	0.00668	0.26256
24	0.02275	0.01560	0.01912	0.01775	0.06550	0.01654	0.01304	0.13659	0.17446	0.14405	0.20847	0.03625	0.03640	0.01240	0.00966	0.00267	0.03832	0.01027	0.00841	0.01176
25	0.02214	0.02424	0.02593	0.02878	0.19447	0.22087	0.01875	0.02501	0.01777	0.02197	0.01389	0.01926	0.01242	0.01545	0.07939	0.00381	0.23475	0.00688	0.00404	0.01020
26	0.10055	0.02797	0.24704	0.01689	0.02361	0.14844	0.01739	0.02295	0.01906	0.02556	0.06378	0.03619	0.19381	0.01213	0.00814	0.00257	0.00952	0.00942	0.00529	0.00969

[dist]
# distance from previous block
# <min> <max>
0	4

[block]
# block no. 6 follows, 22 sequences, length 142
# corresponding to MSA columns:
# 361-502
name=unknown_G
#
# <colnr> <probs for GDERKNQSTAVLIFYWHMCP>
#	G	D	E	R	K	N	Q	S	T	A	V	L	I	F	Y	W	H	M	C	P
0	0.01208	0.01080	0.01374	0.01738	0.14705	0.00969	0.01035	0.01478	0.01893	0.02343	0.06973	0.06744	0.51813	0.01817	0.00948	0.00273	0.00540	0.01540	0.00696	0.00831
1	0.02459	0.05689	0.02771	0.03044	0.22768	0.29323	0.01920	0.02881	0.05482	0.02325	0.01455	0.01814	0.01235	0.00926	0.01094	0.00251	0.12388	0.00652	0.00432	0.01092
2	0.01279	0.00911	0.01072	0.01061	0.01285	0.00844	0.00781	0.01642	0.05541	0.05925	0.20492	0.16969	0.26351	0.08051	0.01272	0.00335	0.00501	0.04111	0.00801	0.00776
3	0.01984	0.01722	0.02000	0.02258	0.15246	0.08350	0.01428	0.16567	0.02375	0.03121	0.09733	0.25197	0.03434	0.01542	0.00914	0.00276	0.00788	0.01347	0.00690	0.01029
4	0.02183	0.01842	0.01944	0.01714	0.02205	0.02121	0.01343	0.10637	0.57709	0.03663	0.03234	0.02982	0.02416	0.01113	0.00844	0.00278	0.00685	0.00919	0.00844	0.01325
5	0.76672	0.01607	0.01221	0.01092	0.01607	0.01864	0.00900	0.02442	0.01414	0.03727	0.01157	0.01350	0.00900	0.00771	0.00514	0.00257	0.00643	0.00450	0.00514	0.00900
