[name]
unknown

[dist]
# distance from previous block
# <min> <max>
45	155

[block]
# block no. 0 follows, 20 sequences, length 88
# corresponding to MSA columns:
# 178-265
name=unknown_A
#
# <colnr> <probs for GDERKNQSTAVLIFYWHMCP>
#	G	D	E	R	K	N	Q	S	T	A	V	L	I	F	Y	W	H	M	C	P
0	0.02138	0.14259	0.43349	0.02289	0.03330	0.14957	0.02657	0.02883	0.01957	0.02531	0.01469	0.01722	0.01111	0.00830	0.00780	0.00253	0.01292	0.00601	0.00385	0.01208
1	0.02565	0.02889	0.03296	0.04011	0.34829	0.26219	0.08085	0.02994	0.02177	0.02574	0.01542	0.01957	0.01278	0.00819	0.00851	0.00250	0.01283	0.00721	0.00439	0.01221
2	0.02437	0.16136	0.03221	0.16145	0.20540	0.22474	0.02076	0.02828	0.02048	0.02339	0.01445	0.01856	0.01203	0.00829	0.00780	0.00240	0.01211	0.00647	0.00417	0.01129
3	0.02494	0.02811	0.02887	0.18351	0.25345	0.28301	0.02210	0.02906	0.02130	0.02412	0.01499	0.01956	0.01225	0.00849	0.00834	0.00252	0.01286	0.00688	0.00429	0.01134
4	0.01605	0.16802	0.01881	0.01211	0.01521	0.01484	0.01018	0.01908	0.01763	0.02458	0.03376	0.04954	0.08944	0.09395	0.07915	0.00442	0.00858	0.12303	0.19322	0.00839
5	0.01152	0.00891	0.01071	0.01179	0.01389	0.00811	0.00921	0.01411	0.01921	0.02403	0.06631	0.22759	0.32519	0.02391	0.01103	0.00341	0.00566	0.18984	0.00808	0.00750
6	0.01051	0.00890	0.00912	0.00923	0.01213	0.00751	0.00703	0.01282	0.01989	0.02370	0.08606	0.08474	0.60345	0.02220	0.01040	0.00300	0.00462	0.04917	0.00810	0.00740
7	0.01268	0.00846	0.00951	0.00951	0.00951	0.00846	0.00529	0.01268	0.01268	0.01691	0.02748	0.05708	0.03171	0.69345	0.04440	0.00846	0.00846	0.01268	0.00529	0.00529
8	0.03316	0.02443	0.02618	0.02007	0.02705	0.02705	0.01658	0.60995	0.04101	0.05497	0.02094	0.02094	0.01483	0.01047	0.00873	0.00262	0.00960	0.00785	0.00873	0.01483
9	0.03024	0.02298	0.02453	0.01948	0.02594	0.02569	0.01587	0.46647	0.18924	0.05027	0.02465	0.02390	0.01784	0.01082	0.00876	0.00270	0.00891	0.00836	0.00876	0.01457
10	0.01041	0.00844	0.00924	0.00988	0.01206	0.00728	0.00709	0.01240	0.01888	0.02315	0.07563	0.27477	0.45289	0.02375	0.01057	0.00313	0.00462	0.02043	0.00810	0.00728
11	0.01063	0.00759	0.01012	0.01215	0.01265	0.00709	0.00810	0.01215	0.01670	0.02227	0.04808	0.68775	0.05769	0.02733	0.01113	0.00354	0.00506	0.02480	0.00810	0.00709
12	0.01647	0.01550	0.02616	0.67248	0.06008	0.01938	0.02422	0.02229	0.01744	0.02229	0.01550	0.02326	0.01163	0.00872	0.00872	0.00291	0.01163	0.00775	0.00388	0.00969
13	0.01246	0.00935	0.01402	0.01402	0.01558	0.01090	0.01090	0.01558	0.01402	0.02025	0.02336	0.03427	0.02181	0.06542	0.65888	0.01402	0.02336	0.00935	0.00467	0.00779
14	0.02139	0.02128	0.03861	0.05020	0.52078	0.02099	0.14246	0.02700	0.02001	0.02839	0.01665	0.02198	0.01370	0.00769	0.00897	0.00266	0.01123	0.00827	0.00434	0.01341
15	0.01980	0.01890	0.03217	0.27024	0.43633	0.02025	0.02588	0.02520	0.01901	0.02632	0.01609	0.02217	0.01305	0.00810	0.00867	0.00270	0.01081	0.00776	0.00416	0.01237
16	0.01246	0.00935	0.01402	0.01402	0.01558	0.01090	0.01090	0.01558	0.01402	0.02025	0.02336	0.03427	0.02181	0.06542	0.65888	0.01402	0.02336	0.00935	0.00467	0.00779
17	0.01281	0.01021	0.01516	0.02039	0.13747	0.00980	0.01182	0.01506	0.01733	0.02351	0.04177	0.55500	0.04895	0.02343	0.01064	0.00335	0.00612	0.02140	0.00734	0.00843
18	0.02028	0.01725	0.01851	0.01673	0.02122	0.01966	0.01296	0.04184	0.53286	0.03626	0.12597	0.03747	0.03504	0.01274	0.00909	0.00293	0.00648	0.01076	0.00899	0.01296
19	0.02159	0.02073	0.03541	0.05354	0.63903	0.02073	0.02677	0.02677	0.01986	0.02850	0.01641	0.02159	0.01382	0.00777	0.00864	0.00259	0.01036	0.00777	0.00432	0.01382
20	0.02159	0.02073	0.03541	0.05354	0.63903	0.02073	0.02677	0.02677	0.01986	0.02850	0.01641	0.02159	0.01382	0.00777	0.00864	0.00259	0.01036	0.00777	0.00432	0.01382
21	0.75506	0.01687	0.01282	0.01147	0.01687	0.01957	0.00945	0.02564	0.01484	0.03914	0.01215	0.01417	0.00945	0.00810	0.00540	0.00270	0.00675	0.00472	0.00540	0.00945
22	0.03258	0.04157	0.02472	0.02247	0.02697	0.65843	0.01685	0.03483	0.02472	0.02135	0.01348	0.01573	0.01124	0.00899	0.00787	0.00225	0.01573	0.00562	0.00449	0.01011
23	0.02306	0.02439	0.01922	0.01755	0.02194	0.23141	0.01339	0.03576	0.30321	0.02886	0.03869	0.03717	0.14282	0.01293	0.00882	0.00272	0.00935	0.01015	0.00726	0.01129
24	0.01246	0.00935	0.01402	0.01402	0.01558	0.01090	0.01090	0.01558	0.01402	0.02025	0.02336	0.03427	0.02181	0.06542	0.65888	0.01402	0.02336	0.00935	0.00467	0.00779
25	0.01268	0.00846	0.00951	0.00951	0.00951	0.00846	0.00529	0.01268	0.01268	0.01691	0.02748	0.05708	0.03171	0.69345	0.04440	0.00846	0.00846	0.01268	0.00529	0.00529
26	0.02198	0.54795	0.18469	0.01722	0.02593	0.03123	0.01892	0.02647	0.01788	0.02216	0.01294	0.01501	0.01116	0.00765	0.00622	0.00207	0.01015	0.00508	0.00372	0.01159
27	0.01268	0.00846	0.00951	0.00951	0.00951	0.00846	0.00529	0.01268	0.01268	0.01691	0.02748	0.05708	0.03171	0.69345	0.04440	0.00846	0.00846	0.01268	0.00529	0.00529
28	0.03045	0.03578	0.02699	0.02843	0.14894	0.47082	0.01880	0.08836	0.02531	0.02600	0.01478	0.01740	0.01210	0.00889	0.00810	0.00235	0.01407	0.00626	0.00486	0.01130
29	0.02298	0.02713	0.04614	0.03392	0.04188	0.14887	0.48968	0.02931	0.02141	0.02663	0.01682	0.02198	0.01284	0.00768	0.00981	0.00280	0.01491	0.00936	0.00443	0.01144
30	0.02170	0.01874	0.01972	0.01775	0.02268	0.02170	0.01381	0.04635	0.62327	0.03649	0.03550	0.03254	0.02663	0.01183	0.00888	0.00296	0.00690	0.00986	0.00888	0.01381
31	0.03258	0.04157	0.02472	0.02247	0.02697	0.65843	0.01685	0.03483	0.02472	0.02135	0.01348	0.01573	0.01124	0.00899	0.00787	0.00225	0.01573	0.00562	0.00449	0.01011
32	0.01063	0.00759	0.01012	0.01215	0.01265	0.00709	0.00810	0.01215	0.01670	0.02227	0.04808	0.68775	0.05769	0.02733	0.01113	0.00354	0.00506	0.02480	0.00810	0.00709
33	0.02211	0.02532	0.13439	0.03217	0.13318	0.02135	0.24594	0.14269	0.02415	0.03318	0.02066	0.02941	0.01702	0.00987	0.00957	0.00290	0.01203	0.06605	0.00550	0.01251
34	0.01073	0.00801	0.01003	0.01159	0.01274	0.00731	0.00807	0.01254	0.01761	0.02277	0.05727	0.51742	0.19057	0.02595	0.01099	0.00343	0.00507	0.05260	0.00809	0.00720
35	0.03258	0.04157	0.02472	0.02247	0.02697	0.65843	0.01685	0.03483	0.02472	0.02135	0.01348	0.01573	0.01124	0.00899	0.00787	0.00225	0.01573	0.00562	0.00449	0.01011
36	0.01750	0.04512	0.64825	0.02486	0.03775	0.02026	0.03223	0.02762	0.01842	0.02762	0.01565	0.01842	0.01105	0.00829	0.00829	0.00276	0.01289	0.00645	0.00368	0.01289
37	0.02413	0.02553	0.03294	0.04637	0.49786	0.16781	0.02448	0.02863	0.02098	0.02685	0.01573	0.02024	0.01322	0.00805	0.00846	0.00251	0.01160	0.00728	0.00436	0.01296
38	0.01866	0.17536	0.52818	0.02288	0.03469	0.02310	0.02878	0.02732	0.01828	0.02621	0.01495	0.01753	0.01108	0.00812	0.00775	0.00258	0.01218	0.00609	0.00369	0.01255
39	0.01290	0.00927	0.01251	0.01430	0.01588	0.00905	0.01165	0.01597	0.01884	0.02451	0.04828	0.24304	0.08709	0.05950	0.01339	0.00406	0.00709	0.37714	0.00791	0.00761
40	0.01063	0.00759	0.01012	0.01215	0.01265	0.00709	0.00810	0.01215	0.01670	0.02227	0.04808	0.68775	0.05769	0.02733	0.01113	0.00354	0.00506	0.02480	0.00810	0.00709
41	0.01175	0.00848	0.01093	0.01114	0.01264	0.00786	0.00794	0.01474	0.02131	0.02950	0.39454	0.25383	0.09733	0.06243	0.01264	0.00335	0.00468	0.01844	0.00881	0.00766
42	0.02009	0.02205	0.04321	0.03214	0.03801	0.02361	0.41096	0.02562	0.01817	0.02562	0.01558	0.02205	0.01264	0.01000	0.01641	0.00323	0.23597	0.00941	0.00421	0.01102
43	0.03300	0.02920	0.02577	0.02074	0.02703	0.20250	0.01666	0.45013	0.03648	0.04563	0.01887	0.01949	0.01383	0.01006	0.00849	0.00251	0.01130	0.00723	0.00755	0.01352
44	0.03316	0.02443	0.02618	0.02007	0.02705	0.02705	0.01658	0.60995	0.04101	0.05497	0.02094	0.02094	0.01483	0.01047	0.00873	0.00262	0.00960	0.00785	0.00873	0.01483
45	0.03258	0.04157	0.02472	0.02247	0.02697	0.65843	0.01685	0.03483	0.02472	0.02135	0.01348	0.01573	0.01124	0.00899	0.00787	0.00225	0.01573	0.00562	0.00449	0.01011
46	0.01260	0.00878	0.01114	0.01114	0.01170	0.00934	0.00731	0.01373	0.01317	0.01812	0.02600	0.04885	0.02814	0.46675	0.26621	0.01046	0.01384	0.01148	0.00506	0.00619
47	0.01258	0.00886	0.01156	0.01156	0.01226	0.00957	0.00783	0.01400	0.01329	0.01843	0.02562	0.04674	0.02722	0.40876	0.32295	0.01098	0.01521	0.01117	0.00501	0.00642
48	0.01908	0.01908	0.02672	0.02290	0.02290	0.02672	0.01908	0.02099	0.01336	0.02099	0.01145	0.01908	0.01145	0.01527	0.02863	0.00382	0.67748	0.00763	0.00382	0.00954
49	0.01073	0.00767	0.01022	0.01207	0.01268	0.00716	0.00811	0.01241	0.01719	0.02305	0.08411	0.64949	0.05920	0.02674	0.01108	0.00349	0.00500	0.02424	0.00819	0.00716
50	0.01268	0.00846	0.00951	0.00951	0.00951	0.00846	0.00529	0.01268	0.01268	0.01691	0.02748	0.05708	0.03171	0.69345	0.04440	0.00846	0.00846	0.01268	0.00529	0.00529
51	0.02332	0.69869	0.04571	0.01493	0.02239	0.03451	0.01493	0.02612	0.01772	0.02052	0.01213	0.01399	0.01119	0.00746	0.00560	0.00187	0.00933	0.00466	0.00373	0.01119
52	0.01170	0.00924	0.01035	0.01081	0.01312	0.00835	0.00796	0.04128	0.01988	0.02478	0.06997	0.27650	0.38921	0.02333	0.01059	0.00318	0.00506	0.04890	0.00813	0.00767
53	0.02369	0.02081	0.03154	0.14680	0.38803	0.02211	0.02376	0.17450	0.02485	0.03422	0.01741	0.02170	0.01372	0.00862	0.00867	0.00265	0.01038	0.00779	0.00537	0.01340
54	0.03051	0.02312	0.02469	0.01954	0.02604	0.02582	0.01594	0.47995	0.17531	0.05071	0.02430	0.02362	0.01755	0.01079	0.00876	0.00270	0.00898	0.00832	0.00876	0.01460
55	0.01055	0.00788	0.00983	0.01138	0.01245	0.00715	0.00776	0.01223	0.01743	0.02257	0.05737	0.54848	0.19096	0.02612	0.01094	0.00340	0.00491	0.02332	0.00810	0.00715
56	0.01227	0.00828	0.00963	0.01004	0.01014	0.00818	0.00585	0.01258	0.01349	0.01798	0.03159	0.18276	0.03689	0.56071	0.03777	0.00748	0.00778	0.01510	0.00585	0.00564
57	0.01350	0.00866	0.01060	0.01060	0.01159	0.00915	0.00726	0.01549	0.01449	0.02182	0.02642	0.04380	0.02627	0.32610	0.22913	0.00863	0.01208	0.01050	0.18713	0.00678
58	0.01809	0.01550	0.01809	0.01292	0.02067	0.01163	0.01034	0.02196	0.01809	0.02842	0.01550	0.01809	0.01292	0.00646	0.00646	0.00129	0.00646	0.00517	0.00517	0.74677
59	0.01908	0.01908	0.02672	0.02290	0.02290	0.02672	0.01908	0.02099	0.01336	0.02099	0.01145	0.01908	0.01145	0.01527	0.02863	0.00382	0.67748	0.00763	0.00382	0.00954
60	0.01095	0.00886	0.00973	0.00951	0.01218	0.00764	0.00713	0.01376	0.02140	0.02717	0.26094	0.07801	0.46066	0.02075	0.01030	0.00288	0.00432	0.01758	0.00857	0.00764
61	0.01251	0.00914	0.01298	0.01298	0.01418	0.01034	0.00961	0.01491	0.01371	0.01948	0.02431	0.03953	0.02409	0.21028	0.51715	0.01274	0.01993	0.01012	0.00481	0.00721
62	0.01125	0.00819	0.01044	0.01129	0.01251	0.00755	0.00783	0.01358	0.01933	0.02613	0.23642	0.39415	0.12367	0.06026	0.01260	0.00350	0.00488	0.02062	0.00842	0.00738
63	0.03258	0.04157	0.02472	0.02247	0.02697	0.65843	0.01685	0.03483	0.02472	0.02135	0.01348	0.01573	0.01124	0.00899	0.00787	0.00225	0.01573	0.00562	0.00449	0.01011
64	0.01214	0.00891	0.01137	0.01075	0.01290	0.00814	0.00807	0.01605	0.02420	0.03380	0.57820	0.06709	0.13927	0.01827	0.01029	0.00276	0.00415	0.01605	0.00945	0.00814
65	0.03003	0.03477	0.02402	0.02133	0.02568	0.46992	0.01636	0.11725	0.02551	0.02619	0.01542	0.01845	0.01279	0.01493	0.07133	0.00351	0.05043	0.00641	0.00510	0.01056
66	0.03316	0.02443	0.02618	0.02007	0.02705	0.02705	0.01658	0.60995	0.04101	0.05497	0.02094	0.02094	0.01483	0.01047	0.00873	0.00262	0.00960	0.00785	0.00873	0.01483
67	0.01908	0.01908	0.02672	0.02290	0.02290	0.02672	0.01908	0.02099	0.01336	0.02099	0.01145	0.01908	0.01145	0.01527	0.02863	0.00382	0.67748	0.00763	0.00382	0.00954
68	0.01207	0.00940	0.01129	0.01224	0.01474	0.00862	0.01012	0.01513	0.01998	0.02476	0.06852	0.09074	0.36016	0.02303	0.01113	0.00345	0.00612	0.28274	0.00807	0.00768
69	0.03273	0.03721	0.02509	0.02186	0.02699	0.49769	0.01678	0.18124	0.02887	0.02991	0.01538	0.01706	0.01215	0.00937	0.00808	0.00234	0.01417	0.00619	0.00557	0.01131
70	0.01072	0.00885	0.00941	0.00927	0.01204	0.00754	0.00695	0.01332	0.02086	0.02588	0.19906	0.08014	0.52336	0.02123	0.01030	0.00290	0.00436	0.01788	0.00840	0.00754
71	0.03258	0.04157	0.02472	0.02247	0.02697	0.65843	0.01685	0.03483	0.02472	0.02135	0.01348	0.01573	0.01124	0.00899	0.00787	0.00225	0.01573	0.00562	0.00449	0.01011
72	0.01031	0.00884	0.00884	0.00884	0.01178	0.00736	0.00663	0.01252	0.01988	0.02356	0.08837	0.08395	0.63549	0.02209	0.01031	0.00295	0.00442	0.01841	0.00810	0.00736
73	0.03316	0.02443	0.02618	0.02007	0.02705	0.02705	0.01658	0.60995	0.04101	0.05497	0.02094	0.02094	0.01483	0.01047	0.00873	0.00262	0.00960	0.00785	0.00873	0.01483
74	0.02383	0.66253	0.04455	0.01534	0.02264	0.06885	0.01503	0.02660	0.01811	0.02057	0.01220	0.01409	0.01120	0.00755	0.00572	0.00189	0.00968	0.00472	0.00377	0.01113
75	0.01246	0.00935	0.01402	0.01402	0.01558	0.01090	0.01090	0.01558	0.01402	0.02025	0.02336	0.03427	0.02181	0.06542	0.65888	0.01402	0.02336	0.00935	0.00467	0.00779
76	0.01299	0.01035	0.01532	0.02027	0.13751	0.00992	0.01183	0.01551	0.01815	0.02482	0.10227	0.49076	0.05149	0.02245	0.01055	0.00327	0.00602	0.02047	0.00750	0.00854
77	0.03201	0.08196	0.02601	0.02201	0.02668	0.62008	0.01674	0.03430	0.02429	0.02130	0.01340	0.01562	0.01123	0.00889	0.00773	0.00222	0.01534	0.00556	0.00445	0.01018
78	0.01248	0.00925	0.01355	0.01355	0.01495	0.01065	0.01032	0.01528	0.01388	0.01990	0.02379	0.03662	0.02283	0.13023	0.59547	0.01344	0.02183	0.00969	0.00474	0.00753
79	0.01096	0.00842	0.01003	0.01056	0.01242	0.00750	0.00757	0.01343	0.02004	0.02613	0.21850	0.29051	0.28694	0.02280	0.01059	0.00310	0.00456	0.01995	0.00850	0.00750
80	0.02155	0.02076	0.03538	0.05087	0.57809	0.02084	0.05445	0.02784	0.05120	0.02888	0.01746	0.02225	0.01445	0.00796	0.00873	0.00263	0.01040	0.00800	0.00456	0.01372
81	0.06027	0.01948	0.02717	0.29100	0.24679	0.08469	0.02247	0.02485	0.01914	0.02562	0.01858	0.02917	0.01619	0.00998	0.00876	0.00283	0.01098	0.06646	0.00460	0.01095
82	0.12636	0.01364	0.01818	0.01583	0.01934	0.01473	0.07198	0.05623	0.05016	0.02902	0.09550	0.07260	0.11720	0.02877	0.19103	0.00603	0.04641	0.01140	0.00637	0.00923
83	0.02548	0.01928	0.02242	0.01786	0.02331	0.02029	0.04199	0.36940	0.03108	0.04208	0.02504	0.12646	0.02282	0.08147	0.01254	0.00323	0.00871	0.01077	0.00771	0.08806
84	0.02741	0.03010	0.02331	0.01962	0.02501	0.36006	0.04691	0.09158	0.02424	0.02785	0.01645	0.01892	0.01321	0.00867	0.00763	0.00211	0.01197	0.00628	0.08116	0.15750
85	0.01807	0.02695	0.20698	0.01781	0.02397	0.14205	0.01770	0.02413	0.04933	0.02647	0.10429	0.04753	0.17249	0.01456	0.00932	0.00284	0.00969	0.06953	0.00624	0.01005
86	0.09429	0.15137	0.05380	0.05099	0.04881	0.04796	0.01279	0.02280	0.01752	0.02742	0.02008	0.02463	0.01660	0.01739	0.10476	0.00400	0.01004	0.00703	0.25819	0.00952
87	0.02075	0.24672	0.02588	0.01521	0.01985	0.17760	0.01286	0.02356	0.02090	0.02351	0.09983	0.04324	0.15258	0.01373	0.00831	0.00250	0.00919	0.06837	0.00591	0.00948

[dist]
# distance from previous block
# <min> <max>
1	19

[block]
# block no. 1 follows, 20 sequences, length 25
# corresponding to MSA columns:
# 285-309
name=unknown_B
#
# <colnr> <probs for GDERKNQSTAVLIFYWHMCP>
#	G	D	E	R	K	N	Q	S	T	A	V	L	I	F	Y	W	H	M	C	P
0	0.02635	0.03145	0.07598	0.03026	0.12260	0.27091	0.16431	0.08137	0.06006	0.02825	0.01706	0.02016	0.01333	0.00866	0.00874	0.00258	0.01343	0.00759	0.00502	0.01189
1	0.02006	0.02665	0.18875	0.03979	0.34162	0.01984	0.10712	0.02664	0.01942	0.02819	0.01630	0.02070	0.01295	0.00770	0.00855	0.00255	0.01119	0.00752	0.00426	0.09020
2	0.02461	0.12867	0.02316	0.01701	0.02166	0.30438	0.01345	0.06796	0.05164	0.02532	0.03353	0.03380	0.16286	0.01220	0.00814	0.00241	0.01067	0.00902	0.03947	0.01003
3	0.06325	0.00936	0.01103	0.01159	0.01378	0.00885	0.00890	0.01531	0.02002	0.02755	0.19690	0.21064	0.22456	0.02163	0.01047	0.00321	0.00531	0.12161	0.00826	0.00778
4	0.02346	0.02802	0.10960	0.03383	0.18483	0.13037	0.16569	0.08106	0.02181	0.02852	0.01592	0.02031	0.01270	0.00912	0.01138	0.00279	0.09596	0.00785	0.00463	0.01213
5	0.01268	0.00928	0.01369	0.01369	0.01527	0.01075	0.01063	0.01585	0.01426	0.02094	0.02365	0.03417	0.02184	0.06229	0.62191	0.01334	0.02227	0.00928	0.04642	0.00781
6	0.03144	0.02286	0.02225	0.04744	0.02524	0.15679	0.01479	0.21193	0.02806	0.21916	0.02369	0.02561	0.01743	0.05427	0.05579	0.00371	0.01125	0.00803	0.00773	0.01253
7	0.03067	0.02320	0.02478	0.01957	0.02610	0.02589	0.01598	0.48771	0.16730	0.05096	0.02410	0.02346	0.01739	0.01077	0.00876	0.00269	0.00901	0.00829	0.00876	0.01461
8	0.01750	0.01508	0.02400	0.38854	0.15900	0.01703	0.02043	0.02275	0.01811	0.02580	0.01817	0.02443	0.01419	0.00869	0.00807	0.00259	0.00964	0.00768	0.14613	0.05219
9	0.02059	0.02353	0.05147	0.03676	0.04559	0.02206	0.60735	0.02794	0.02059	0.02794	0.01765	0.02353	0.01324	0.00735	0.01029	0.00294	0.01471	0.01029	0.00441	0.01176
10	0.01822	0.12681	0.57293	0.02362	0.03583	0.02204	0.03007	0.02744	0.01833	0.02674	0.01521	0.01786	0.01107	0.00818	0.00795	0.00265	0.01245	0.00622	0.00369	0.01268
11	0.01268	0.00846	0.00951	0.00951	0.00951	0.00846	0.00529	0.01268	0.01268	0.01691	0.02748	0.05708	0.03171	0.69345	0.04440	0.00846	0.00846	0.01268	0.00529	0.00529
12	0.01090	0.00886	0.00966	0.00946	0.01215	0.00762	0.00710	0.01367	0.02129	0.02690	0.24792	0.07846	0.47386	0.02085	0.01030	0.00289	0.00433	0.01764	0.00854	0.00762
13	0.01123	0.00791	0.01024	0.01188	0.01237	0.00753	0.00792	0.01261	0.01613	0.02147	0.04400	0.53076	0.05224	0.15539	0.01759	0.00452	0.00589	0.05599	0.00755	0.00680
14	0.01750	0.04512	0.64825	0.02486	0.03775	0.02026	0.03223	0.02762	0.01842	0.02762	0.01565	0.01842	0.01105	0.00829	0.00829	0.00276	0.01289	0.00645	0.00368	0.01289
15	0.03748	0.01503	0.01990	0.01537	0.02186	0.01339	0.01266	0.07472	0.02553	0.57535	0.03328	0.02933	0.02124	0.01074	0.00862	0.00266	0.00736	0.00868	0.05235	0.01446
16	0.01070	0.00885	0.00938	0.00925	0.01202	0.00753	0.00694	0.01328	0.02081	0.02576	0.19350	0.08033	0.52898	0.02127	0.01031	0.00291	0.00436	0.01790	0.00839	0.00753
17	0.01871	0.03665	0.41416	0.02953	0.04083	0.02096	0.25782	0.02775	0.01927	0.02775	0.01644	0.02042	0.01191	0.00792	0.00907	0.00283	0.01360	0.00796	0.00397	0.01245
18	0.02427	0.02749	0.03623	0.08220	0.24014	0.21386	0.19345	0.02924	0.02138	0.02574	0.01582	0.02050	0.01271	0.00808	0.00889	0.00261	0.01334	0.00786	0.00437	0.01181
19	0.01469	0.00951	0.01196	0.01100	0.01372	0.00852	0.00837	0.01833	0.02371	0.09562	0.45831	0.06542	0.19165	0.01800	0.01014	0.00278	0.00452	0.01560	0.00941	0.00873
20	0.01801	0.04207	0.57165	0.02845	0.11291	0.02032	0.03155	0.02752	0.01860	0.02773	0.01575	0.01881	0.01140	0.00822	0.00833	0.00274	0.01258	0.00661	0.00376	0.01301
21	0.01908	0.01908	0.02672	0.02290	0.02290	0.02672	0.01908	0.02099	0.01336	0.02099	0.01145	0.01908	0.01145	0.01527	0.02863	0.00382	0.67748	0.00763	0.00382	0.00954
22	0.01117	0.00890	0.01008	0.01021	0.01271	0.00781	0.00778	0.01397	0.02090	0.02653	0.21645	0.11460	0.41359	0.02152	0.01051	0.00303	0.00471	0.06944	0.00846	0.00762
23	0.01750	0.04512	0.64825	0.02486	0.03775	0.02026	0.03223	0.02762	0.01842	0.02762	0.01565	0.01842	0.01105	0.00829	0.00829	0.00276	0.01289	0.00645	0.00368	0.01289
24	0.01187	0.00890	0.01099	0.01047	0.01274	0.00803	0.00785	0.01553	0.02356	0.03229	0.50573	0.06959	0.21268	0.01884	0.01029	0.00279	0.00419	0.01640	0.00925	0.00803

[dist]
# distance from previous block
# <min> <max>
0	2

[block]
# block no. 2 follows, 20 sequences, length 78
# corresponding to MSA columns:
# 312-389
name=unknown_C
#
# <colnr> <probs for GDERKNQSTAVLIFYWHMCP>
#	G	D	E	R	K	N	Q	S	T	A	V	L	I	F	Y	W	H	M	C	P
0	0.02404	0.02589	0.03467	0.04447	0.43166	0.16943	0.08785	0.02878	0.02107	0.02677	0.01586	0.02044	0.01315	0.00801	0.00864	0.00255	0.01209	0.00755	0.00437	0.01273
1	0.01235	0.00892	0.01166	0.01097	0.01303	0.00823	0.00823	0.01646	0.02469	0.03498	0.63443	0.06516	0.08230	0.01783	0.01029	0.00274	0.00412	0.01578	0.00960	0.00823
2	0.01992	0.02133	0.06149	0.02940	0.10090	0.06303	0.26218	0.02754	0.07694	0.02823	0.02525	0.03914	0.02238	0.01155	0.00982	0.00301	0.01148	0.12524	0.05002	0.01114
3	0.01080	0.00808	0.00966	0.01081	0.01198	0.00735	0.00729	0.01233	0.01713	0.02196	0.05746	0.42481	0.22729	0.11255	0.01522	0.00400	0.00531	0.02131	0.00773	0.00693
4	0.01172	0.00860	0.01098	0.01101	0.01280	0.00787	0.00802	0.01501	0.02229	0.03073	0.43633	0.21231	0.13888	0.02052	0.01049	0.00295	0.00437	0.01817	0.00908	0.00787
5	0.02420	0.02399	0.03305	0.04608	0.49646	0.11078	0.02443	0.08194	0.02250	0.02995	0.01642	0.02071	0.01355	0.00819	0.00854	0.00254	0.01104	0.00748	0.00475	0.01339
6	0.02428	0.02159	0.03326	0.04574	0.49647	0.02220	0.02440	0.16262	0.02479	0.03467	0.01746	0.02144	0.01405	0.00840	0.00866	0.00260	0.01018	0.00779	0.00534	0.01405
7	0.01063	0.00759	0.01012	0.01215	0.01265	0.00709	0.00810	0.01215	0.01670	0.02227	0.04808	0.68775	0.05769	0.02733	0.01113	0.00354	0.00506	0.02480	0.00810	0.00709
8	0.01207	0.00828	0.00961	0.01007	0.01037	0.00808	0.00601	0.01255	0.01404	0.01854	0.03586	0.20262	0.07406	0.50094	0.03475	0.00700	0.00744	0.01579	0.00610	0.00582
9	0.01063	0.00759	0.01012	0.01215	0.01265	0.00709	0.00810	0.01215	0.01670	0.02227	0.04808	0.68775	0.05769	0.02733	0.01113	0.00354	0.00506	0.02480	0.00810	0.00709
10	0.01761	0.01459	0.01574	0.01460	0.01809	0.01607	0.01093	0.03296	0.37613	0.03147	0.10634	0.07679	0.10349	0.10891	0.01423	0.00372	0.00645	0.01258	0.00833	0.01097
11	0.01166	0.00876	0.01222	0.08397	0.01792	0.00869	0.00989	0.01424	0.01860	0.02517	0.17833	0.47313	0.05828	0.02313	0.01068	0.00329	0.00556	0.02088	0.00798	0.00763
12	0.03258	0.04157	0.02472	0.02247	0.02697	0.65843	0.01685	0.03483	0.02472	0.02135	0.01348	0.01573	0.01124	0.00899	0.00787	0.00225	0.01573	0.00562	0.00449	0.01011
13	0.01934	0.09718	0.11748	0.17628	0.07467	0.02139	0.24073	0.02571	0.01897	0.02588	0.01600	0.02108	0.01236	0.00772	0.00867	0.00260	0.01207	0.00792	0.00420	0.08973
14	0.02315	0.03044	0.17220	0.07070	0.32027	0.15068	0.02541	0.05452	0.02135	0.02771	0.01580	0.01973	0.01259	0.00831	0.00841	0.00258	0.01206	0.00703	0.00438	0.01269
15	0.01485	0.01305	0.01318	0.01235	0.01514	0.07074	0.00932	0.02063	0.08904	0.03148	0.39658	0.06087	0.18502	0.01723	0.00991	0.00276	0.00558	0.01472	0.00873	0.00884
16	0.03689	0.01549	0.02035	0.01572	0.02221	0.01404	0.01294	0.10047	0.02663	0.54636	0.06920	0.03091	0.02455	0.01119	0.00886	0.00269	0.00745	0.00910	0.01051	0.01444
17	0.01936	0.03308	0.33024	0.03515	0.18398	0.02089	0.19597	0.02751	0.01939	0.02792	0.01641	0.02064	0.01234	0.00790	0.00895	0.00277	0.01281	0.00787	0.00404	0.01279
18	0.02268	0.02213	0.07981	0.08081	0.35646	0.02006	0.16073	0.02855	0.02034	0.09525	0.01855	0.02280	0.01420	0.00810	0.00902	0.00272	0.01131	0.00837	0.00498	0.01314
19	0.01210	0.00890	0.01136	0.01227	0.01400	0.00835	0.00946	0.01498	0.01987	0.02623	0.18753	0.22302	0.16597	0.06239	0.01301	0.00368	0.00581	0.18524	0.00826	0.00757
20	0.02037	0.02306	0.10080	0.04305	0.39910	0.02025	0.13170	0.02737	0.05291	0.02847	0.02151	0.02560	0.04792	0.00875	0.00901	0.00271	0.01091	0.00879	0.00472	0.01299
21	0.02627	0.05823	0.02492	0.02322	0.09478	0.22316	0.01644	0.09989	0.24463	0.03169	0.02273	0.02316	0.01764	0.00986	0.00824	0.00252	0.01047	0.00760	0.00654	0.04801
22	0.01473	0.01268	0.01836	0.01706	0.01808	0.01631	0.01370	0.01743	0.01379	0.02050	0.01929	0.02907	0.01826	0.04826	0.44325	0.01053	0.24716	0.00876	0.00438	0.00839
23	0.01188	0.00870	0.00993	0.00973	0.01121	0.00806	0.00654	0.01372	0.01830	0.02412	0.22083	0.06746	0.22707	0.29752	0.02435	0.00516	0.00600	0.01529	0.00737	0.00676
24	0.02310	0.59288	0.11313	0.01642	0.02435	0.06289	0.01698	0.02671	0.01814	0.02137	0.01259	0.01458	0.01118	0.00763	0.00601	0.00199	0.01004	0.00491	0.00376	0.01133
25	0.03025	0.03339	0.02528	0.02322	0.05914	0.40271	0.01720	0.16651	0.02696	0.02949	0.01570	0.01836	0.01272	0.01233	0.03981	0.00301	0.06066	0.00657	0.00543	0.01126
26	0.01047	0.00877	0.00911	0.00918	0.01192	0.00741	0.00683	0.01277	0.02003	0.02429	0.12420	0.11812	0.56283	0.02210	0.01036	0.00297	0.00443	0.01860	0.00821	0.00741
27	0.01791	0.01720	0.04878	0.01530	0.02152	0.01464	0.01289	0.02160	0.01716	0.02672	0.01623	0.04866	0.01459	0.00913	0.01089	0.00193	0.13166	0.00658	0.00498	0.54164
28	0.01785	0.14764	0.24086	0.02613	0.16892	0.01996	0.02182	0.02363	0.01864	0.02536	0.02923	0.03153	0.12897	0.01396	0.04650	0.00326	0.01070	0.00884	0.00472	0.01147
29	0.01103	0.00886	0.00983	0.00959	0.01222	0.00767	0.00719	0.01391	0.02158	0.02759	0.28110	0.07732	0.44024	0.02059	0.01030	0.00287	0.00431	0.01748	0.00863	0.00767
30	0.03258	0.04157	0.02472	0.02247	0.02697	0.65843	0.01685	0.03483	0.02472	0.02135	0.01348	0.01573	0.01124	0.00899	0.00787	0.00225	0.01573	0.00562	0.00449	0.01011
31	0.02972	0.02240	0.02433	0.01844	0.02559	0.02353	0.01515	0.47577	0.03578	0.04892	0.01970	0.02029	0.01440	0.00956	0.00821	0.00232	0.00888	0.00724	0.00791	0.18186
32	0.03196	0.03596	0.02516	0.05279	0.02856	0.46681	0.01713	0.18108	0.02853	0.02998	0.01548	0.01742	0.01217	0.00935	0.00813	0.00237	0.01397	0.00629	0.00555	0.01130
33	0.02332	0.69869	0.04571	0.01493	0.02239	0.03451	0.01493	0.02612	0.01772	0.02052	0.01213	0.01399	0.01119	0.00746	0.00560	0.00187	0.00933	0.00466	0.00373	0.01119
34	0.01203	0.00894	0.01311	0.01358	0.01490	0.01001	0.01025	0.01478	0.01464	0.02072	0.02912	0.18650	0.03017	0.05655	0.50798	0.01158	0.01910	0.01295	0.00547	0.00762
35	0.01131	0.00888	0.01022	0.00988	0.01239	0.00779	0.00741	0.01445	0.02224	0.02915	0.35575	0.07475	0.36462	0.02001	0.01030	0.00285	0.00427	0.01712	0.00884	0.00779
36	0.01247	0.00828	0.00956	0.00994	0.01013	0.00818	0.00585	0.01295	0.01371	0.01867	0.03138	0.17367	0.03611	0.53608	0.03634	0.00723	0.00761	0.01473	0.04136	0.00576
37	0.01235	0.00892	0.01166	0.01097	0.01303	0.00823	0.00823	0.01646	0.02469	0.03498	0.63443	0.06516	0.08230	0.01783	0.01029	0.00274	0.00412	0.01578	0.00960	0.00823
38	0.02059	0.02353	0.05147	0.03676	0.04559	0.02206	0.60735	0.02794	0.02059	0.02794	0.01765	0.02353	0.01324	0.00735	0.01029	0.00294	0.01471	0.01029	0.00441	0.01176
39	0.02170	0.01874	0.01972	0.01775	0.02268	0.02170	0.01381	0.04635	0.62327	0.03649	0.03550	0.03254	0.02663	0.01183	0.00888	0.00296	0.00690	0.00986	0.00888	0.01381
40	0.03258	0.04157	0.02472	0.02247	0.02697	0.65843	0.01685	0.03483	0.02472	0.02135	0.01348	0.01573	0.01124	0.00899	0.00787	0.00225	0.01573	0.00562	0.00449	0.01011
41	0.01538	0.01403	0.02317	0.54917	0.05122	0.01708	0.02121	0.02039	0.01730	0.02228	0.02159	0.14735	0.02023	0.01220	0.00917	0.00303	0.01040	0.01094	0.00466	0.00920
42	0.02145	0.02112	0.03764	0.05120	0.55640	0.02091	0.10761	0.02693	0.01996	0.02842	0.01658	0.02186	0.01374	0.00771	0.00887	0.00264	0.01097	0.00812	0.00433	0.01353
43	0.03258	0.04157	0.02472	0.02247	0.02697	0.65843	0.01685	0.03483	0.02472	0.02135	0.01348	0.01573	0.01124	0.00899	0.00787	0.00225	0.01573	0.00562	0.00449	0.01011
44	0.02332	0.69869	0.04571	0.01493	0.02239	0.03451	0.01493	0.02612	0.01772	0.02052	0.01213	0.01399	0.01119	0.00746	0.00560	0.00187	0.00933	0.00466	0.00373	0.01119
45	0.01270	0.00969	0.01197	0.01302	0.01489	0.00950	0.00986	0.01763	0.08482	0.02583	0.09425	0.33093	0.15422	0.02331	0.01090	0.00343	0.00578	0.15084	0.00827	0.00817
46	0.01055	0.00788	0.00982	0.01137	0.01245	0.00715	0.00775	0.01223	0.01744	0.02257	0.05746	0.54709	0.19229	0.02611	0.01094	0.00340	0.00491	0.02331	0.00810	0.00715
47	0.01160	0.00800	0.00984	0.01091	0.01117	0.00773	0.00677	0.01240	0.01481	0.01974	0.03838	0.39063	0.04545	0.34115	0.02680	0.00586	0.00666	0.01909	0.00677	0.00624
48	0.75506	0.01687	0.01282	0.01147	0.01687	0.01957	0.00945	0.02564	0.01484	0.03914	0.01215	0.01417	0.00945	0.00810	0.00540	0.00270	0.00675	0.00472	0.00540	0.00945
49	0.01246	0.00935	0.01402	0.01402	0.01558	0.01090	0.01090	0.01558	0.01402	0.02025	0.02336	0.03427	0.02181	0.06542	0.65888	0.01402	0.02336	0.00935	0.00467	0.00779
50	0.01128	0.00887	0.01018	0.00985	0.01238	0.00778	0.00739	0.01439	0.02217	0.02899	0.34789	0.07502	0.37258	0.02007	0.01030	0.00285	0.00427	0.01716	0.00881	0.00778
51	0.02159	0.02073	0.03541	0.05354	0.63903	0.02073	0.02677	0.02677	0.01986	0.02850	0.01641	0.02159	0.01382	0.00777	0.00864	0.00259	0.01036	0.00777	0.00432	0.01382
52	0.26026	0.18014	0.02639	0.01628	0.02272	0.06450	0.01394	0.25355	0.02629	0.03989	0.01564	0.01686	0.01206	0.00893	0.00689	0.00245	0.00900	0.00598	0.00625	0.01199
53	0.02992	0.02437	0.02449	0.06500	0.02801	0.09590	0.01627	0.45163	0.03567	0.04614	0.02564	0.02605	0.06866	0.01120	0.00877	0.00263	0.00998	0.00852	0.00786	0.01329
54	0.02159	0.02073	0.03541	0.05354	0.63903	0.02073	0.02677	0.02677	0.01986	0.02850	0.01641	0.02159	0.01382	0.00777	0.00864	0.00259	0.01036	0.00777	0.00432	0.01382
55	0.01258	0.00888	0.01165	0.01165	0.01238	0.00962	0.00795	0.01405	0.01332	0.01849	0.02553	0.04628	0.02702	0.39604	0.33539	0.01109	0.01552	0.01110	0.00500	0.00647
56	0.03258	0.04157	0.02472	0.02247	0.02697	0.65843	0.01685	0.03483	0.02472	0.02135	0.01348	0.01573	0.01124	0.00899	0.00787	0.00225	0.01573	0.00562	0.00449	0.01011
57	0.01073	0.00764	0.01009	0.01201	0.01249	0.00715	0.00795	0.01217	0.01650	0.02199	0.04703	0.65563	0.05637	0.06126	0.01283	0.00379	0.00523	0.02418	0.00795	0.00699
58	0.01145	0.00865	0.00916	0.00916	0.01070	0.00789	0.00599	0.01260	0.01644	0.02038	0.05923	0.07109	0.34657	0.34335	0.02662	0.00558	0.00635	0.01567	0.00675	0.00637
59	0.01268	0.00846	0.00951	0.00951	0.00951	0.00846	0.00529	0.01268	0.01268	0.01691	0.02748	0.05708	0.03171	0.69345	0.04440	0.00846	0.00846	0.01268	0.00529	0.00529
60	0.01750	0.04512	0.64825	0.02486	0.03775	0.02026	0.03223	0.02762	0.01842	0.02762	0.01565	0.01842	0.01105	0.00829	0.00829	0.00276	0.01289	0.00645	0.00368	0.01289
61	0.01123	0.00887	0.01011	0.00980	0.01235	0.00775	0.00735	0.01430	0.02205	0.02871	0.33448	0.07548	0.38616	0.02017	0.01030	0.00285	0.00428	0.01722	0.00878	0.00775
62	0.01180	0.00808	0.00977	0.01064	0.01086	0.00787	0.00649	0.01245	0.01441	0.01921	0.03633	0.32806	0.04288	0.40723	0.03010	0.00635	0.00700	0.01789	0.00649	0.00606
63	0.03258	0.04157	0.02472	0.02247	0.02697	0.65843	0.01685	0.03483	0.02472	0.02135	0.01348	0.01573	0.01124	0.00899	0.00787	0.00225	0.01573	0.00562	0.00449	0.01011
64	0.01294	0.00875	0.01036	0.01074	0.01111	0.00875	0.00692	0.01369	0.01407	0.01863	0.03098	0.06480	0.03517	0.56845	0.03836	0.00763	0.00838	0.11869	0.00580	0.00580
65	0.02334	0.02404	0.03371	0.04860	0.54176	0.12207	0.02519	0.02805	0.02063	0.02736	0.01594	0.02066	0.01341	0.00797	0.00851	0.00254	0.01122	0.00743	0.00435	0.01323
66	0.02220	0.02238	0.03326	0.11780	0.51046	0.08868	0.02543	0.02714	0.02012	0.02706	0.01600	0.02115	0.01330	0.00801	0.00856	0.00259	0.01107	0.00754	0.00429	0.01297
67	0.01356	0.00849	0.00939	0.00951	0.01031	0.00841	0.00608	0.01495	0.01495	0.02182	0.03211	0.05465	0.06292	0.44254	0.03083	0.00625	0.00709	0.04519	0.19469	0.00629
68	0.01268	0.00846	0.00951	0.00951	0.00951	0.00846	0.00529	0.01268	0.01268	0.01691	0.02748	0.05708	0.03171	0.69345	0.04440	0.00846	0.00846	0.01268	0.00529	0.00529
69	0.01718	0.02255	0.16910	0.02846	0.20088	0.01795	0.02084	0.02200	0.01806	0.02579	0.06876	0.06821	0.08881	0.05291	0.01482	0.00331	0.13405	0.01036	0.00512	0.01084
70	0.02185	0.02799	0.17984	0.03393	0.18354	0.04956	0.19467	0.10612	0.02266	0.03109	0.01869	0.05500	0.01526	0.00919	0.00914	0.00277	0.01208	0.00898	0.00500	0.01263
71	0.01518	0.01064	0.01522	0.01341	0.01526	0.01109	0.07286	0.01767	0.01557	0.02392	0.02476	0.03875	0.02341	0.24064	0.10560	0.04116	0.04558	0.00995	0.25190	0.00743
72	0.01404	0.01111	0.01555	0.01505	0.01611	0.01350	0.01172	0.01669	0.01484	0.02214	0.02582	0.15265	0.02621	0.04083	0.32282	0.00843	0.16711	0.01171	0.08560	0.00809
73	0.02820	0.10640	0.08722	0.02758	0.13926	0.41740	0.01990	0.03178	0.02252	0.02316	0.01408	0.01687	0.01169	0.00854	0.00781	0.00232	0.01382	0.00599	0.00431	0.01116
74	0.02437	0.47273	0.15452	0.01718	0.02545	0.05726	0.01801	0.02858	0.01896	0.09007	0.01528	0.01661	0.01230	0.00805	0.00655	0.00214	0.01007	0.00549	0.00453	0.01186
75	0.03047	0.19345	0.02971	0.02055	0.02591	0.46891	0.01639	0.07304	0.02423	0.02351	0.01369	0.01569	0.01148	0.00874	0.00740	0.00218	0.01381	0.00555	0.00461	0.01069
76	0.01419	0.00956	0.01086	0.01014	0.01332	0.00821	0.00774	0.01700	0.02165	0.09929	0.21444	0.07302	0.42929	0.01973	0.01012	0.00287	0.00470	0.01664	0.00878	0.00845
77	0.05454	0.13917	0.02436	0.01977	0.08884	0.06414	0.01442	0.05699	0.01945	0.02659	0.10575	0.03113	0.05400	0.02431	0.16185	0.00528	0.08504	0.00889	0.00549	0.00998

[dist]
# distance from previous block
# <min> <max>
0	3

[block]
# block no. 3 follows, 20 sequences, length 7
# corresponding to MSA columns:
# 393-399
name=unknown_D
#
# <colnr> <probs for GDERKNQSTAVLIFYWHMCP>
#	G	D	E	R	K	N	Q	S	T	A	V	L	I	F	Y	W	H	M	C	P
0	0.01169	0.00956	0.01042	0.01031	0.01302	0.00871	0.00768	0.01609	0.07110	0.02675	0.18649	0.13326	0.42188	0.02090	0.01026	0.00296	0.00463	0.01779	0.00846	0.00805
1	0.01503	0.01283	0.01777	0.01632	0.01692	0.01632	0.01268	0.01695	0.01345	0.01974	0.01982	0.03392	0.02023	0.19537	0.27391	0.00883	0.26808	0.00949	0.00449	0.00786
2	0.01865	0.14470	0.50678	0.02428	0.03600	0.02261	0.07586	0.02742	0.01848	0.02655	0.01527	0.01814	0.01125	0.00808	0.00803	0.00264	0.01249	0.00648	0.00375	0.01254
3	0.01134	0.00895	0.01027	0.01015	0.01270	0.00788	0.00776	0.01440	0.02172	0.02807	0.29265	0.07783	0.38450	0.02062	0.01042	0.00294	0.00456	0.05682	0.00867	0.00774
4	0.02600	0.03387	0.11256	0.03146	0.20871	0.34185	0.02152	0.03025	0.02175	0.02425	0.01527	0.01899	0.01264	0.01208	0.04902	0.00316	0.01423	0.00660	0.00434	0.01144
5	0.02050	0.22479	0.16643	0.02681	0.17849	0.02331	0.02088	0.06989	0.01982	0.02683	0.01837	0.07131	0.01659	0.01435	0.06237	0.00345	0.01122	0.00802	0.00467	0.01189
6	0.01904	0.12187	0.03051	0.09673	0.35302	0.01987	0.02043	0.02339	0.01961	0.02632	0.06538	0.03296	0.11386	0.01066	0.00854	0.00257	0.00901	0.00944	0.00510	0.01167

[dist]
# distance from previous block
# <min> <max>
5	33

[block]
# block no. 4 follows, 20 sequences, length 15
# corresponding to MSA columns:
# 435-449
name=unknown_E
#
# <colnr> <probs for GDERKNQSTAVLIFYWHMCP>
#	G	D	E	R	K	N	Q	S	T	A	V	L	I	F	Y	W	H	M	C	P
0	0.05588	0.02438	0.18430	0.03577	0.32813	0.01806	0.02366	0.02549	0.01947	0.05462	0.06045	0.08877	0.02202	0.01062	0.00875	0.00275	0.00977	0.00952	0.00520	0.01239
1	0.13033	0.18976	0.02565	0.01648	0.02193	0.17287	0.01362	0.03088	0.11687	0.05734	0.01866	0.02048	0.01513	0.01450	0.07198	0.00347	0.01120	0.00644	0.00552	0.05691
2	0.01674	0.01913	0.12246	0.08399	0.02491	0.01558	0.01524	0.08238	0.13870	0.03025	0.07539	0.04947	0.26068	0.01503	0.00937	0.00287	0.00759	0.01245	0.00719	0.01057
3	0.07238	0.14717	0.18642	0.02117	0.02835	0.35486	0.02000	0.03101	0.02136	0.02393	0.01373	0.01604	0.01107	0.00851	0.00745	0.00235	0.01341	0.00562	0.00422	0.01095
4	0.66144	0.01851	0.05257	0.05570	0.02098	0.01960	0.01181	0.02554	0.01523	0.03733	0.01258	0.01503	0.00969	0.00815	0.00579	0.00272	0.00744	0.00503	0.00519	0.00967
5	0.15513	0.12792	0.13867	0.02876	0.22725	0.02192	0.02034	0.02779	0.07852	0.02959	0.02068	0.02300	0.04748	0.00907	0.00763	0.00259	0.00932	0.00729	0.00497	0.01209
6	0.01494	0.01341	0.01739	0.02184	0.17734	0.01297	0.01295	0.02124	0.10903	0.02676	0.06175	0.06005	0.38304	0.01683	0.00966	0.00285	0.00634	0.01437	0.00723	0.01000
7	0.01252	0.00912	0.01288	0.01288	0.01405	0.01029	0.00949	0.01485	0.01368	0.01941	0.02440	0.04003	0.02431	0.22394	0.50378	0.01261	0.01960	0.01019	0.00483	0.00716
8	0.01116	0.00797	0.01073	0.01275	0.01349	0.00754	0.00901	0.01306	0.01722	0.02286	0.04779	0.59698	0.05654	0.02683	0.01127	0.00362	0.00552	0.11036	0.00809	0.00723
9	0.02110	0.01990	0.03207	0.10974	0.48638	0.02074	0.02452	0.02934	0.11256	0.02911	0.01926	0.02344	0.01557	0.00849	0.00868	0.00268	0.00996	0.00809	0.00498	0.01340
10	0.01806	0.10799	0.59029	0.02391	0.03628	0.02163	0.03056	0.02748	0.01835	0.02694	0.01531	0.01799	0.01106	0.00821	0.00803	0.00268	0.01255	0.00627	0.00369	0.01273
11	0.01891	0.02084	0.04450	0.03261	0.04003	0.01953	0.50628	0.02528	0.01993	0.02698	0.02278	0.13556	0.02073	0.01072	0.01044	0.00304	0.01308	0.01274	0.00503	0.01098
12	0.02065	0.01895	0.02218	0.02514	0.18576	0.07939	0.01558	0.09968	0.07484	0.03172	0.10149	0.03754	0.13374	0.01213	0.00880	0.00251	0.00823	0.01023	0.00668	0.10476
13	0.01101	0.00874	0.00989	0.00987	0.01228	0.00762	0.00730	0.01377	0.02114	0.02717	0.26292	0.13800	0.39699	0.02122	0.01038	0.00294	0.00438	0.01818	0.00859	0.00762
14	0.02155	0.02111	0.02321	0.12033	0.02799	0.13512	0.01706	0.10065	0.01977	0.02543	0.01651	0.02391	0.01467	0.05779	0.12196	0.00514	0.22526	0.00787	0.00482	0.00985

[dist]
# distance from previous block
# <min> <max>
0	6

[block]
# block no. 5 follows, 20 sequences, length 32
# corresponding to MSA columns:
# 456-487
name=unknown_F
#
# <colnr> <probs for GDERKNQSTAVLIFYWHMCP>
#	G	D	E	R	K	N	Q	S	T	A	V	L	I	F	Y	W	H	M	C	P
0	0.01619	0.01782	0.11126	0.02003	0.10157	0.01435	0.01537	0.02542	0.14181	0.03332	0.34158	0.04595	0.05157	0.01389	0.00949	0.00277	0.00680	0.01215	0.00788	0.01077
1	0.02068	0.01964	0.03256	0.16117	0.48872	0.02056	0.02533	0.02747	0.06552	0.02800	0.01771	0.02272	0.01441	0.00825	0.00867	0.00268	0.01032	0.00793	0.00459	0.01308
2	0.02261	0.02016	0.03127	0.20148	0.37309	0.02164	0.02411	0.14129	0.02345	0.03220	0.01708	0.02188	0.01347	0.00854	0.00867	0.00268	0.01053	0.00778	0.00508	0.01299
3	0.02120	0.51861	0.10486	0.01518	0.02237	0.02879	0.01559	0.02499	0.01850	0.02343	0.07298	0.02053	0.01868	0.00871	0.00637	0.00206	0.00888	0.00614	0.05123	0.01090
4	0.01801	0.01122	0.01387	0.01315	0.01623	0.01084	0.01004	0.02428	0.11318	0.13907	0.19565	0.20304	0.12292	0.01879	0.01011	0.00306	0.00564	0.05195	0.00907	0.00987
5	0.01203	0.00852	0.01122	0.01179	0.01246	0.00890	0.00799	0.01352	0.01427	0.01956	0.03188	0.22685	0.03565	0.29206	0.24430	0.00897	0.01258	0.01496	0.00587	0.00664
6	0.02128	0.07426	0.06495	0.04481	0.40378	0.02213	0.18682	0.02708	0.01984	0.02770	0.01639	0.02142	0.01335	0.00765	0.00885	0.00264	0.01159	0.00818	0.00427	0.01301
7	0.02903	0.03373	0.02742	0.07095	0.17209	0.42050	0.01962	0.07608	0.02437	0.02565	0.01486	0.01798	0.01214	0.00880	0.00817	0.00240	0.01375	0.00643	0.00474	0.01131
8	0.01250	0.01060	0.01163	0.01266	0.03941	0.03568	0.00879	0.01496	0.01973	0.02471	0.14247	0.16490	0.33306	0.07227	0.01297	0.00346	0.00577	0.05893	0.00777	0.00772
9	0.02152	0.25444	0.03242	0.02643	0.19226	0.08952	0.01752	0.02665	0.06456	0.02398	0.01747	0.02171	0.01521	0.01953	0.13647	0.00460	0.01287	0.00695	0.00455	0.01133
10	0.01628	0.01170	0.01269	0.01147	0.01344	0.01193	0.00779	0.13109	0.01971	0.02577	0.03813	0.05519	0.14682	0.42630	0.03064	0.00622	0.00789	0.01285	0.00652	0.00759
11	0.01776	0.01283	0.01622	0.01470	0.01712	0.01493	0.01170	0.11957	0.01963	0.02932	0.02274	0.02969	0.01948	0.03630	0.31005	0.00787	0.09630	0.00858	0.18591	0.00930
12	0.02988	0.02194	0.02369	0.01867	0.02463	0.02412	0.01508	0.51908	0.03702	0.04961	0.02355	0.07593	0.01944	0.06205	0.01154	0.00312	0.00916	0.00954	0.00842	0.01352
13	0.01814	0.04317	0.01832	0.01851	0.08925	0.01299	0.01327	0.05865	0.02358	0.08759	0.27576	0.06113	0.05233	0.01686	0.01014	0.00303	0.00683	0.17213	0.00834	0.00998
14	0.01455	0.01241	0.01802	0.01682	0.01788	0.01589	0.01348	0.01728	0.01381	0.02048	0.01961	0.02948	0.01854	0.04962	0.46029	0.01080	0.22947	0.00881	0.00440	0.00834
15	0.01495	0.01345	0.02313	0.01971	0.02250	0.01521	0.13026	0.01875	0.01523	0.02187	0.02065	0.03013	0.01873	0.04726	0.44676	0.01047	0.10832	0.00931	0.00451	0.00881
16	0.01703	0.01128	0.01367	0.01269	0.01515	0.01237	0.00979	0.11155	0.01963	0.02958	0.02498	0.03331	0.02164	0.08639	0.29279	0.00782	0.01366	0.00896	0.24890	0.00883
17	0.02271	0.54115	0.03935	0.01552	0.02189	0.09086	0.01456	0.02550	0.01788	0.02056	0.01380	0.01695	0.01266	0.01558	0.09564	0.00357	0.01187	0.00540	0.00393	0.01062
18	0.01246	0.00935	0.01402	0.01402	0.01558	0.01090	0.01090	0.01558	0.01402	0.02025	0.02336	0.03427	0.02181	0.06542	0.65888	0.01402	0.02336	0.00935	0.00467	0.00779
19	0.01248	0.00926	0.01359	0.01359	0.01500	0.01067	0.01037	0.01530	0.01389	0.01993	0.02376	0.03645	0.02275	0.12540	0.60019	0.01349	0.02194	0.00966	0.00473	0.00755
20	0.01268	0.00846	0.00951	0.00951	0.00951	0.00846	0.00529	0.01268	0.01268	0.01691	0.02748	0.05708	0.03171	0.69345	0.04440	0.00846	0.00846	0.01268	0.00529	0.00529
21	0.11753	0.01472	0.01550	0.01356	0.01664	0.01587	0.00989	0.21063	0.02277	0.03302	0.02582	0.11669	0.02639	0.29667	0.02344	0.00517	0.00819	0.01152	0.00678	0.00920
22	0.02263	0.02059	0.03281	0.13056	0.47114	0.02149	0.02491	0.11307	0.02269	0.03162	0.01696	0.02171	0.01368	0.00830	0.00866	0.00264	0.01042	0.00778	0.00492	0.01342
