[name]
unknown

[dist]
# distance from previous block
# <min> <max>
5	54

[block]
# block no. 0 follows, 22 sequences, length 6
# corresponding to MSA columns:
# 54-59
name=unknown_A
#
# <colnr> <probs for GDERKNQSTAVLIFYWHMCP>
#	G	D	E	R	K	N	Q	S	T	A	V	L	I	F	Y	W	H	M	C	P
0	0.21743	0.02646	0.01984	0.01796	0.02128	0.31734	0.01397	0.02644	0.01827	0.02473	0.01483	0.07197	0.01395	0.01100	0.01116	0.00266	0.14991	0.00703	0.00466	0.00912
1	0.06435	0.34622	0.03490	0.10488	0.02857	0.12128	0.09421	0.02520	0.01847	0.02275	0.05626	0.01921	0.01547	0.00817	0.00691	0.00219	0.01025	0.00637	0.00423	0.01011
2	0.01689	0.01592	0.01833	0.10729	0.11575	0.11604	0.01485	0.01995	0.01798	0.02222	0.02869	0.13432	0.03040	0.12016	0.01449	0.00380	0.00926	0.17949	0.00570	0.00846
3	0.11712	0.22009	0.12544	0.01940	0.06679	0.02240	0.07028	0.10159	0.01961	0.02815	0.01969	0.02378	0.05329	0.06746	0.01006	0.00283	0.00927	0.00724	0.00485	0.01065
4	0.02183	0.02359	0.03711	0.04139	0.36412	0.11886	0.21720	0.02701	0.01984	0.02594	0.01559	0.02031	0.01261	0.00745	0.00862	0.00253	0.01197	0.00787	0.00417	0.01200
5	0.08204	0.19853	0.03327	0.16218	0.25151	0.02316	0.05769	0.05327	0.01854	0.02600	0.01434	0.01850	0.01177	0.00763	0.00734	0.00238	0.00979	0.00654	0.00417	0.01131

[dist]
# distance from previous block
# <min> <max>
4	9

[block]
# block no. 1 follows, 22 sequences, length 10
# corresponding to MSA columns:
# 69-78
name=unknown_B
#
# <colnr> <probs for GDERKNQSTAVLIFYWHMCP>
#	G	D	E	R	K	N	Q	S	T	A	V	L	I	F	Y	W	H	M	C	P
0	0.01900	0.02096	0.07757	0.16135	0.30404	0.02017	0.18094	0.02470	0.01818	0.02539	0.01542	0.02098	0.01231	0.00795	0.00984	0.00270	0.05498	0.00793	0.00399	0.01160
1	0.02172	0.02231	0.03140	0.10249	0.50790	0.11902	0.02385	0.02629	0.01942	0.02559	0.01513	0.01985	0.01260	0.00766	0.00812	0.00244	0.01075	0.00709	0.00410	0.01228
2	0.02498	0.50145	0.03725	0.01647	0.02269	0.23453	0.01479	0.02748	0.01897	0.01979	0.01196	0.01385	0.01067	0.00756	0.00601	0.00189	0.01080	0.00473	0.00378	0.01034
3	0.01378	0.00887	0.01094	0.01020	0.01223	0.00815	0.00734	0.01645	0.02019	0.08292	0.36609	0.06002	0.14930	0.17739	0.01721	0.00390	0.00520	0.01414	0.00807	0.00762
4	0.07006	0.02354	0.02515	0.29981	0.14170	0.21265	0.02002	0.06531	0.02034	0.02499	0.01447	0.01908	0.01137	0.00830	0.00785	0.00250	0.01160	0.00661	0.00433	0.01030
5	0.07304	0.02113	0.02519	0.26880	0.12817	0.10023	0.01945	0.20602	0.02437	0.03240	0.01600	0.01981	0.01211	0.00867	0.00799	0.00255	0.01048	0.00698	0.00531	0.01130
6	0.01889	0.01094	0.01539	0.01401	0.01694	0.01169	0.01112	0.05588	0.01724	0.17033	0.02456	0.03090	0.02034	0.04724	0.48224	0.01023	0.01798	0.00869	0.00602	0.00936
7	0.02372	0.49122	0.09967	0.01681	0.02376	0.18050	0.01625	0.02694	0.01849	0.02039	0.01218	0.01412	0.01066	0.00752	0.00608	0.00194	0.01063	0.00482	0.00372	0.01058
8	0.01144	0.00779	0.00925	0.00988	0.01003	0.00763	0.00591	0.01191	0.01333	0.01777	0.03256	0.26553	0.03826	0.48588	0.03196	0.00653	0.00700	0.01584	0.00591	0.00559
9	0.02215	0.02275	0.03218	0.04650	0.56053	0.11913	0.02406	0.02666	0.01962	0.02611	0.01520	0.01971	0.01279	0.00758	0.00811	0.00242	0.01065	0.00709	0.00414	0.01262

[dist]
# distance from previous block
# <min> <max>
0	1

[block]
# block no. 2 follows, 22 sequences, length 14
# corresponding to MSA columns:
# 80-93
name=unknown_C
#
# <colnr> <probs for GDERKNQSTAVLIFYWHMCP>
#	G	D	E	R	K	N	Q	S	T	A	V	L	I	F	Y	W	H	M	C	P
0	0.01882	0.01716	0.02542	0.20845	0.25821	0.01901	0.02024	0.02956	0.21036	0.02776	0.02287	0.02902	0.01865	0.00986	0.00853	0.00275	0.00903	0.04700	0.00557	0.01174
1	0.36392	0.21023	0.02416	0.01417	0.02012	0.06210	0.01228	0.15310	0.02072	0.03462	0.01341	0.01490	0.01064	0.00807	0.00600	0.00231	0.00817	0.00516	0.00533	0.01058
2	0.02101	0.02138	0.03586	0.04640	0.50976	0.05840	0.13222	0.02615	0.01931	0.02665	0.01567	0.02056	0.01292	0.00740	0.00846	0.00251	0.01091	0.00771	0.00414	0.01260
3	0.02593	0.02385	0.02038	0.01707	0.02189	0.19903	0.01339	0.30409	0.02943	0.03595	0.05814	0.03228	0.12535	0.04377	0.00997	0.00271	0.00962	0.00916	0.00699	0.01098
4	0.01191	0.00798	0.00911	0.00927	0.00932	0.00794	0.00526	0.01204	0.01241	0.01654	0.02785	0.10978	0.03232	0.64974	0.03958	0.00765	0.00778	0.01307	0.00526	0.00518
5	0.02056	0.01974	0.03372	0.05099	0.65622	0.01974	0.02550	0.02550	0.01892	0.02714	0.01563	0.02056	0.01316	0.00740	0.00822	0.00247	0.00987	0.00740	0.00411	0.01316
6	0.01899	0.01939	0.02819	0.02280	0.02640	0.09340	0.18237	0.05711	0.01754	0.02352	0.01653	0.02324	0.01437	0.02526	0.20536	0.00596	0.19742	0.00823	0.00437	0.00954
7	0.02004	0.02284	0.11797	0.04735	0.57344	0.01968	0.02619	0.02560	0.01873	0.02703	0.01553	0.02016	0.01281	0.00747	0.00818	0.00249	0.01019	0.00723	0.00403	0.01304
8	0.02343	0.02519	0.03093	0.04287	0.48319	0.19948	0.02290	0.02760	0.02019	0.02527	0.01486	0.01903	0.01248	0.00772	0.00802	0.00238	0.01127	0.00684	0.00416	0.01219
9	0.02975	0.02298	0.02027	0.01685	0.02233	0.21842	0.01327	0.09837	0.07901	0.24653	0.02717	0.02597	0.05812	0.01016	0.00800	0.00235	0.00942	0.00773	0.00743	0.07585
10	0.02129	0.16542	0.06494	0.04048	0.46122	0.05813	0.02289	0.02582	0.01868	0.02516	0.01460	0.01862	0.01238	0.00743	0.00757	0.00231	0.01006	0.00662	0.00398	0.01241
11	0.01012	0.00723	0.00964	0.01157	0.01205	0.00675	0.00771	0.01157	0.01591	0.02121	0.04579	0.70262	0.05495	0.02603	0.01060	0.00337	0.00482	0.02362	0.00771	0.00675
12	0.02056	0.01974	0.03372	0.05099	0.65622	0.01974	0.02550	0.02550	0.01892	0.02714	0.01563	0.02056	0.01316	0.00740	0.00822	0.00247	0.00987	0.00740	0.00411	0.01316
13	0.02531	0.02873	0.02911	0.03759	0.37055	0.31647	0.02122	0.02897	0.02101	0.02406	0.01436	0.01803	0.01205	0.00793	0.00789	0.00232	0.01219	0.00647	0.00419	0.01156

[dist]
# distance from previous block
# <min> <max>
0	1

[block]
# block no. 3 follows, 22 sequences, length 14
# corresponding to MSA columns:
# 95-108
name=unknown_D
#
# <colnr> <probs for GDERKNQSTAVLIFYWHMCP>
#	G	D	E	R	K	N	Q	S	T	A	V	L	I	F	Y	W	H	M	C	P
0	0.05883	0.02134	0.02324	0.02437	0.14386	0.13994	0.01650	0.15384	0.02179	0.02910	0.01668	0.02142	0.01410	0.02138	0.15905	0.00500	0.10655	0.00722	0.00511	0.01068
1	0.01446	0.00869	0.01030	0.00979	0.01065	0.00843	0.00608	0.01527	0.01465	0.08041	0.10593	0.05283	0.03537	0.55353	0.03491	0.00684	0.00744	0.01209	0.00606	0.00626
2	0.52749	0.01556	0.01410	0.01169	0.01743	0.01634	0.00958	0.02583	0.01599	0.11644	0.01494	0.01613	0.01114	0.00774	0.00575	0.00231	0.00646	0.00508	0.00577	0.15423
3	0.01411	0.01204	0.01617	0.01984	0.15656	0.01178	0.01199	0.01998	0.10048	0.02752	0.19245	0.12800	0.22379	0.01635	0.00937	0.00275	0.00578	0.01433	0.00735	0.00934
4	0.02621	0.03101	0.02036	0.01843	0.02260	0.45923	0.01395	0.06543	0.06890	0.02371	0.02855	0.02898	0.13579	0.01125	0.00806	0.00234	0.01194	0.00812	0.00549	0.00965
5	0.02232	0.02338	0.03046	0.04268	0.48772	0.15846	0.02268	0.02655	0.01960	0.02527	0.01539	0.02002	0.01305	0.01060	0.04391	0.00298	0.01162	0.00705	0.00417	0.01210
6	0.02870	0.06213	0.02644	0.02663	0.14708	0.46966	0.01778	0.07941	0.02363	0.02420	0.01390	0.01639	0.01145	0.00839	0.00761	0.00222	0.01327	0.00588	0.00454	0.01072
7	0.01455	0.00727	0.01048	0.01048	0.01070	0.00727	0.00706	0.01176	0.01155	0.01625	0.01582	0.02588	0.01519	0.02675	0.02953	0.67502	0.00685	0.00727	0.08624	0.00406
8	0.02057	0.01960	0.03260	0.04844	0.60877	0.01981	0.02457	0.02689	0.06545	0.02771	0.01699	0.02134	0.01407	0.00769	0.00824	0.00249	0.00962	0.00755	0.00444	0.01316
9	0.28859	0.09851	0.04384	0.01811	0.04877	0.27620	0.01425	0.07589	0.02037	0.02925	0.01301	0.01500	0.01047	0.00815	0.00655	0.00231	0.01057	0.00524	0.00480	0.01011
10	0.01987	0.01926	0.03352	0.13275	0.54077	0.01965	0.06208	0.02501	0.01866	0.02634	0.01559	0.02088	0.01285	0.00749	0.00833	0.00253	0.01028	0.00755	0.00406	0.01253
11	0.01397	0.01263	0.01149	0.01067	0.01402	0.06429	0.00816	0.08157	0.02153	0.02556	0.07119	0.06797	0.52942	0.01879	0.00946	0.00272	0.00564	0.01542	0.00750	0.00801
12	0.02777	0.03341	0.02671	0.03062	0.22211	0.47066	0.01899	0.03078	0.02210	0.02245	0.01371	0.01672	0.01147	0.00820	0.00772	0.00224	0.01339	0.00599	0.00423	0.01073
13	0.02867	0.03313	0.02513	0.02473	0.10174	0.45236	0.01735	0.10819	0.02401	0.02528	0.01392	0.01659	0.01146	0.00915	0.00948	0.00236	0.07509	0.00605	0.00472	0.01059

[dist]
# distance from previous block
# <min> <max>
12	36

[block]
# block no. 4 follows, 22 sequences, length 96
# corresponding to MSA columns:
# 145-240
name=unknown_E
#
# <colnr> <probs for GDERKNQSTAVLIFYWHMCP>
#	G	D	E	R	K	N	Q	S	T	A	V	L	I	F	Y	W	H	M	C	P
0	0.13439	0.02441	0.04465	0.01697	0.02188	0.18416	0.01361	0.24514	0.05119	0.03459	0.01832	0.02364	0.01542	0.12109	0.01308	0.00333	0.01005	0.00728	0.00613	0.01068
1	0.02534	0.02576	0.02051	0.01797	0.02268	0.25954	0.01392	0.15373	0.21865	0.03152	0.02944	0.02883	0.09366	0.01120	0.00824	0.00250	0.00988	0.00851	0.00681	0.01132
2	0.04918	0.01717	0.01706	0.01554	0.04469	0.10397	0.01154	0.05890	0.08519	0.02671	0.02923	0.03141	0.11765	0.02010	0.13063	0.00419	0.01041	0.00844	0.00575	0.21224
3	0.02159	0.02230	0.06896	0.01873	0.05670	0.13772	0.01484	0.12806	0.07968	0.02922	0.01863	0.02186	0.01515	0.01921	0.14174	0.00437	0.01223	0.00688	0.00546	0.17665
4	0.01823	0.15170	0.22160	0.01835	0.02492	0.06849	0.01906	0.02589	0.09384	0.02519	0.02549	0.04195	0.02398	0.01290	0.00858	0.00283	0.00973	0.19138	0.00546	0.01044
5	0.02228	0.03024	0.15393	0.02196	0.02761	0.26553	0.09192	0.05115	0.01980	0.02339	0.01562	0.02009	0.01291	0.01865	0.13242	0.00451	0.06670	0.00694	0.00426	0.01009
6	0.02855	0.07547	0.02447	0.07094	0.02734	0.52300	0.01621	0.06320	0.02302	0.02204	0.01370	0.01646	0.01135	0.01086	0.03645	0.00267	0.01432	0.00572	0.00442	0.00981
7	0.01863	0.01776	0.03023	0.30388	0.41845	0.01923	0.02453	0.02380	0.01800	0.02479	0.01528	0.02119	0.01233	0.00776	0.00826	0.00259	0.01035	0.00739	0.00395	0.01160
8	0.01937	0.01810	0.02919	0.04169	0.50007	0.01775	0.02166	0.02478	0.04829	0.02705	0.01867	0.07226	0.01680	0.00885	0.00816	0.00240	0.00888	0.00842	0.00469	0.10291
9	0.01832	0.16166	0.14096	0.01522	0.02187	0.08675	0.01452	0.02223	0.01752	0.02324	0.02092	0.06362	0.05485	0.06212	0.00967	0.00244	0.00871	0.00752	0.00466	0.24319
10	0.01856	0.01272	0.01566	0.01314	0.01773	0.01180	0.03896	0.02550	0.13749	0.14668	0.10379	0.04907	0.25643	0.01434	0.00884	0.00256	0.00587	0.01215	0.00796	0.10076
11	0.01424	0.06250	0.01520	0.09321	0.01875	0.01214	0.01069	0.01781	0.01567	0.02371	0.04594	0.03050	0.02118	0.03347	0.30987	0.00723	0.01346	0.00825	0.23817	0.00800
12	0.02179	0.66235	0.09055	0.01493	0.02243	0.03184	0.01546	0.02498	0.01693	0.02006	0.01180	0.01364	0.01065	0.00717	0.00552	0.00184	0.00914	0.00457	0.00355	0.01078
13	0.01070	0.00823	0.00871	0.00878	0.01042	0.00740	0.00587	0.01197	0.01618	0.01996	0.06039	0.09373	0.39056	0.28559	0.02234	0.00485	0.00571	0.01567	0.00668	0.00624
14	0.06463	0.14168	0.49259	0.02119	0.03191	0.02169	0.02597	0.06172	0.01851	0.02751	0.01449	0.01679	0.01066	0.00789	0.00736	0.00249	0.01122	0.00586	0.00390	0.01194
15	0.02263	0.19214	0.09964	0.01965	0.02411	0.22755	0.01756	0.02568	0.01764	0.02066	0.01270	0.01671	0.01126	0.01267	0.04753	0.00312	0.20904	0.00596	0.00384	0.00990
16	0.01216	0.00933	0.01318	0.01362	0.01567	0.00884	0.04017	0.01537	0.01911	0.02512	0.14653	0.21796	0.14448	0.02160	0.01068	0.00333	0.00621	0.26133	0.00774	0.00756
17	0.01060	0.00781	0.00995	0.01100	0.01225	0.00717	0.00779	0.01281	0.01824	0.02427	0.18614	0.43079	0.15590	0.02307	0.01034	0.00314	0.00466	0.04898	0.00803	0.00708
18	0.02423	0.21597	0.03246	0.08146	0.21951	0.16602	0.01896	0.09970	0.02161	0.02614	0.01435	0.01740	0.01189	0.00796	0.00728	0.00223	0.01071	0.00615	0.00447	0.01151
19	0.06663	0.27555	0.03012	0.01759	0.02341	0.27399	0.01480	0.12581	0.02317	0.05750	0.01443	0.01576	0.01163	0.00831	0.00677	0.00211	0.01103	0.00547	0.00501	0.01091
20	0.01358	0.01033	0.01237	0.01141	0.01411	0.01022	0.00880	0.08853	0.02212	0.02969	0.28488	0.05704	0.23654	0.02573	0.13224	0.00464	0.00802	0.01375	0.00774	0.00827
21	0.01589	0.01143	0.01317	0.01161	0.01488	0.01107	0.00902	0.12852	0.02498	0.06006	0.33475	0.05837	0.24065	0.01665	0.00947	0.00265	0.00510	0.01412	0.00860	0.00901
22	0.01785	0.11735	0.57027	0.02253	0.03392	0.04698	0.02828	0.02642	0.01771	0.02532	0.01445	0.01697	0.01055	0.00783	0.00759	0.00252	0.01201	0.00592	0.00354	0.01199
23	0.02896	0.03472	0.02566	0.02723	0.15247	0.50788	0.01794	0.06385	0.02345	0.02343	0.01379	0.01637	0.01138	0.00840	0.00768	0.00223	0.01364	0.00588	0.00446	0.01058
24	0.02056	0.01974	0.03372	0.05099	0.65622	0.01974	0.02550	0.02550	0.01892	0.02714	0.01563	0.02056	0.01316	0.00740	0.00822	0.00247	0.00987	0.00740	0.00411	0.01316
25	0.01049	0.00849	0.00935	0.00927	0.01181	0.00735	0.00704	0.01315	0.02014	0.02539	0.23012	0.07593	0.47495	0.02007	0.00989	0.00280	0.00429	0.04413	0.00808	0.00726
26	0.02658	0.02010	0.02146	0.01754	0.02232	0.05686	0.01422	0.30953	0.12624	0.08567	0.02240	0.02314	0.01664	0.01067	0.01041	0.00261	0.09563	0.00774	0.09792	0.01231
27	0.01008	0.00737	0.00949	0.01119	0.01195	0.00678	0.00754	0.01161	0.01627	0.02136	0.05043	0.62727	0.12730	0.02542	0.01051	0.00331	0.00475	0.02288	0.00771	0.00678
28	0.02056	0.01974	0.03372	0.05099	0.65622	0.01974	0.02550	0.02550	0.01892	0.02714	0.01563	0.02056	0.01316	0.00740	0.00822	0.00247	0.00987	0.00740	0.00411	0.01316
29	0.02056	0.01974	0.03372	0.05099	0.65622	0.01974	0.02550	0.02550	0.01892	0.02714	0.01563	0.02056	0.01316	0.00740	0.00822	0.00247	0.00987	0.00740	0.00411	0.01316
30	0.01665	0.01402	0.01524	0.01373	0.01773	0.01490	0.01060	0.03086	0.35811	0.03166	0.16584	0.04514	0.14921	0.01382	0.00880	0.00266	0.00558	0.01168	0.00820	0.06559
31	0.02130	0.60362	0.14501	0.01576	0.02371	0.03065	0.01691	0.02511	0.01699	0.02065	0.01210	0.01401	0.01064	0.00724	0.00575	0.00192	0.00944	0.00472	0.00355	0.01092
32	0.01818	0.20806	0.48147	0.02188	0.03269	0.02274	0.05513	0.02597	0.01747	0.02465	0.01417	0.01673	0.01066	0.00766	0.00735	0.00243	0.01152	0.00589	0.00355	0.01183
33	0.02101	0.02168	0.02532	0.02629	0.15001	0.14001	0.04306	0.02708	0.11083	0.02459	0.01919	0.02291	0.03618	0.01120	0.01466	0.00286	0.24411	0.00775	0.04068	0.01057
34	0.01208	0.00805	0.00906	0.00906	0.00906	0.00805	0.00503	0.01208	0.01208	0.01611	0.02618	0.05436	0.03020	0.70804	0.04228	0.00805	0.00805	0.01208	0.00503	0.00503
35	0.00989	0.00842	0.00852	0.00849	0.01127	0.00704	0.00637	0.01207	0.01911	0.02286	0.10608	0.07926	0.63067	0.02088	0.00982	0.00280	0.00420	0.01744	0.00777	0.00704
36	0.02144	0.01582	0.01499	0.01384	0.01708	0.14265	0.01040	0.02396	0.02103	0.18545	0.14127	0.22034	0.10479	0.01649	0.00919	0.00273	0.00722	0.01400	0.00791	0.00941
37	0.02769	0.03403	0.02404	0.02151	0.02468	0.50592	0.01660	0.02975	0.02073	0.02024	0.01234	0.01581	0.01075	0.01012	0.01263	0.00253	0.19119	0.00585	0.00411	0.00949
38	0.01044	0.00758	0.00988	0.01133	0.01225	0.00703	0.00786	0.01235	0.01724	0.02297	0.12420	0.54597	0.10610	0.02436	0.01048	0.00325	0.00478	0.04709	0.00789	0.00694
39	0.02096	0.01796	0.02787	0.03916	0.46078	0.01826	0.02069	0.09734	0.02108	0.03090	0.01826	0.02241	0.01478	0.00813	0.00779	0.00237	0.00868	0.00747	0.14285	0.01228
40	0.01981	0.01824	0.02797	0.20089	0.34541	0.01986	0.02185	0.05275	0.15286	0.02832	0.01949	0.02317	0.01530	0.00856	0.00830	0.00262	0.00943	0.00783	0.00511	0.01222
41	0.01049	0.00815	0.00961	0.01033	0.01220	0.00727	0.00762	0.01277	0.01853	0.02359	0.13666	0.27938	0.33309	0.02234	0.01023	0.00306	0.00470	0.07498	0.00788	0.00709
42	0.01187	0.00890	0.01335	0.01335	0.01483	0.01038	0.01038	0.01483	0.01335	0.01928	0.02225	0.03264	0.02077	0.06231	0.67512	0.01335	0.02225	0.00890	0.00445	0.00742
43	0.02583	0.31974	0.03250	0.01799	0.02338	0.20773	0.01548	0.13462	0.02218	0.02569	0.01333	0.01555	0.01132	0.00892	0.00911	0.00223	0.09338	0.00558	0.00462	0.01081
44	0.01215	0.00885	0.01038	0.01061	0.01313	0.00786	0.00832	0.01483	0.01956	0.05553	0.14269	0.12502	0.38211	0.02076	0.01014	0.00302	0.00505	0.13441	0.00801	0.00757
45	0.03124	0.03337	0.02407	0.02053	0.02571	0.42748	0.01595	0.25997	0.02945	0.03253	0.01555	0.01687	0.01201	0.00910	0.00780	0.00227	0.01276	0.00616	0.00582	0.01134
46	0.02094	0.08361	0.27396	0.02216	0.02900	0.10205	0.04723	0.08932	0.01928	0.02615	0.01393	0.01754	0.01113	0.00990	0.01301	0.00277	0.19619	0.00651	0.00418	0.01112
47	0.01576	0.01795	0.14435	0.01464	0.01911	0.01349	0.01343	0.10364	0.06746	0.02851	0.11550	0.13709	0.10850	0.11854	0.04139	0.00399	0.00805	0.01262	0.00667	0.00932
48	0.01443	0.00722	0.01082	0.01082	0.01082	0.00722	0.00722	0.01082	0.01082	0.01443	0.01443	0.02525	0.01443	0.02886	0.03247	0.75830	0.00722	0.00722	0.00361	0.00361
49	0.01190	0.00822	0.00977	0.00970	0.01025	0.00826	0.00606	0.01281	0.01388	0.01875	0.09842	0.05397	0.06811	0.51588	0.11349	0.00781	0.00910	0.01232	0.00557	0.00574
50	0.01799	0.01422	0.01484	0.01361	0.01664	0.04765	0.01018	0.20512	0.02384	0.03073	0.04225	0.27972	0.15827	0.07070	0.01197	0.00327	0.00682	0.01554	0.00752	0.00912
51	0.01028	0.00735	0.00978	0.01146	0.01208	0.00685	0.00772	0.01196	0.01663	0.02235	0.10316	0.64198	0.05716	0.02517	0.01053	0.00330	0.00473	0.02280	0.00785	0.00685
52	0.02056	0.01974	0.03372	0.05099	0.65622	0.01974	0.02550	0.02550	0.01892	0.02714	0.01563	0.02056	0.01316	0.00740	0.00822	0.00247	0.00987	0.00740	0.00411	0.01316
53	0.11065	0.01900	0.03009	0.07178	0.52572	0.01959	0.02286	0.02599	0.04525	0.02845	0.01589	0.02023	0.01310	0.00765	0.00786	0.00251	0.00936	0.00714	0.00441	0.01249
54	0.21912	0.11029	0.02512	0.02366	0.14944	0.26735	0.01588	0.05352	0.02002	0.02736	0.01321	0.01573	0.01089	0.00799	0.00680	0.00229	0.01074	0.00552	0.00455	0.01049
55	0.01096	0.00798	0.01051	0.01223	0.01334	0.00753	0.00908	0.01312	0.01709	0.02232	0.04938	0.47341	0.11656	0.02467	0.01075	0.00343	0.00551	0.17739	0.00770	0.00702
56	0.01666	0.04297	0.66500	0.02368	0.03596	0.01929	0.03069	0.02631	0.01754	0.02631	0.01491	0.01754	0.01052	0.00789	0.00789	0.00263	0.01228	0.00614	0.00351	0.01228
57	0.01935	0.07068	0.02541	0.04788	0.02306	0.10289	0.01712	0.02152	0.01455	0.01999	0.01238	0.01892	0.01177	0.01739	0.08178	0.00417	0.47124	0.00698	0.00378	0.00912
58	0.01028	0.00843	0.00906	0.00890	0.01151	0.00721	0.00668	0.01282	0.02003	0.02504	0.21985	0.07567	0.51554	0.02007	0.00981	0.00276	0.00414	0.01693	0.00806	0.00721
59	0.01164	0.00849	0.01094	0.01033	0.01234	0.00779	0.00774	0.01545	0.02323	0.03264	0.61684	0.06316	0.11380	0.01723	0.00980	0.00262	0.00394	0.01518	0.00906	0.00779
60	0.02355	0.01744	0.01910	0.01586	0.02053	0.01870	0.01259	0.39711	0.03104	0.04130	0.05902	0.17541	0.10208	0.01503	0.00904	0.00272	0.00741	0.01246	0.00814	0.01143
61	0.02056	0.01974	0.03372	0.05099	0.65622	0.01974	0.02550	0.02550	0.01892	0.02714	0.01563	0.02056	0.01316	0.00740	0.00822	0.00247	0.00987	0.00740	0.00411	0.01316
62	0.01187	0.00890	0.01335	0.01335	0.01483	0.01038	0.01038	0.01483	0.01335	0.01928	0.02225	0.03264	0.02077	0.06231	0.67512	0.01335	0.02225	0.00890	0.00445	0.00742
63	0.01167	0.00849	0.01098	0.01036	0.01236	0.00780	0.00777	0.01550	0.02330	0.03281	0.62529	0.06289	0.10525	0.01717	0.00980	0.00262	0.00393	0.01514	0.00908	0.00780
64	0.01000	0.00769	0.00917	0.01035	0.01173	0.00685	0.00717	0.01170	0.01707	0.02168	0.06057	0.46266	0.28536	0.02410	0.01030	0.00315	0.00458	0.02127	0.00771	0.00685
65	0.02056	0.01974	0.03372	0.05099	0.65622	0.01974	0.02550	0.02550	0.01892	0.02714	0.01563	0.02056	0.01316	0.00740	0.00822	0.00247	0.00987	0.00740	0.00411	0.01316
66	0.02056	0.01974	0.03372	0.05099	0.65622	0.01974	0.02550	0.02550	0.01892	0.02714	0.01563	0.02056	0.01316	0.00740	0.00822	0.00247	0.00987	0.00740	0.00411	0.01316
67	0.05172	0.01937	0.03244	0.07642	0.60382	0.01964	0.02470	0.02527	0.01862	0.02731	0.01542	0.02033	0.01290	0.00745	0.00810	0.00248	0.00978	0.00728	0.00414	0.01282
68	0.02056	0.01974	0.03372	0.05099	0.65622	0.01974	0.02550	0.02550	0.01892	0.02714	0.01563	0.02056	0.01316	0.00740	0.00822	0.00247	0.00987	0.00740	0.00411	0.01316
69	0.02074	0.09340	0.03476	0.04708	0.58876	0.02113	0.02430	0.02543	0.01870	0.02633	0.01519	0.01979	0.01289	0.00737	0.00792	0.00239	0.00976	0.00709	0.00405	0.01289
70	0.02992	0.03748	0.02462	0.02455	0.09268	0.60510	0.01705	0.03236	0.02305	0.02106	0.01314	0.01557	0.01096	0.00844	0.00757	0.00217	0.01444	0.00557	0.00426	0.01001
71	0.01132	0.00818	0.01079	0.01187	0.01296	0.00783	0.00843	0.01323	0.01598	0.02164	0.06401	0.43124	0.04688	0.10934	0.07437	0.00476	0.00716	0.08942	0.00701	0.04359
72	0.01959	0.02210	0.04727	0.03524	0.07251	0.02113	0.57094	0.02628	0.01928	0.02636	0.01650	0.02214	0.01256	0.00734	0.01046	0.00282	0.04251	0.00958	0.00417	0.01121
73	0.01187	0.00890	0.01335	0.01335	0.01483	0.01038	0.01038	0.01483	0.01335	0.01928	0.02225	0.03264	0.02077	0.06231	0.67512	0.01335	0.02225	0.00890	0.00445	0.00742
74	0.02221	0.71304	0.04353	0.01421	0.02132	0.03287	0.01421	0.02488	0.01688	0.01955	0.01155	0.01333	0.01066	0.00711	0.00533	0.00178	0.00888	0.00444	0.00355	0.01066
75	0.02902	0.19347	0.02811	0.01976	0.02469	0.52805	0.01563	0.03128	0.02202	0.02015	0.01255	0.01460	0.01069	0.00823	0.00700	0.00206	0.01359	0.00514	0.00411	0.00987
76	0.01029	0.00828	0.00916	0.00926	0.01159	0.00716	0.00682	0.01271	0.01957	0.02470	0.20515	0.15357	0.45108	0.02076	0.00991	0.00283	0.00422	0.01774	0.00803	0.00716
77	0.03103	0.03959	0.02354	0.02140	0.02568	0.67469	0.01605	0.03317	0.02354	0.02033	0.01284	0.01498	0.01070	0.00856	0.00749	0.00214	0.01498	0.00535	0.00428	0.00963
78	0.01193	0.00799	0.00910	0.00925	0.00929	0.00796	0.00524	0.01204	0.01237	0.01649	0.02766	0.10341	0.03207	0.65645	0.03989	0.00770	0.00781	0.01295	0.00524	0.00516
79	0.01187	0.00890	0.01335	0.01335	0.01483	0.01038	0.01038	0.01483	0.01335	0.01928	0.02225	0.03264	0.02077	0.06231	0.67512	0.01335	0.02225	0.00890	0.00445	0.00742
80	0.01044	0.00812	0.00949	0.00983	0.01177	0.00717	0.00711	0.01287	0.01938	0.02512	0.23087	0.24344	0.33213	0.02127	0.01003	0.00291	0.00429	0.01848	0.00811	0.00717
81	0.02036	0.01953	0.03335	0.07777	0.63104	0.01968	0.02539	0.02532	0.01882	0.02689	0.01559	0.02063	0.01307	0.00744	0.00823	0.00248	0.00992	0.00740	0.00409	0.01299
82	0.02056	0.01974	0.03372	0.05099	0.65622	0.01974	0.02550	0.02550	0.01892	0.02714	0.01563	0.02056	0.01316	0.00740	0.00822	0.00247	0.00987	0.00740	0.00411	0.01316
83	0.01140	0.00803	0.01054	0.01207	0.01284	0.00777	0.00871	0.01320	0.01601	0.02117	0.04136	0.40755	0.04804	0.16233	0.01721	0.00444	0.00624	0.17730	0.00716	0.00665
84	0.01800	0.01921	0.03917	0.21070	0.07023	0.01946	0.39161	0.02422	0.01830	0.02462	0.01662	0.02304	0.01283	0.01156	0.05967	0.00358	0.01367	0.00898	0.00408	0.01046
85	0.02305	0.01986	0.02923	0.15488	0.39614	0.06844	0.02228	0.05602	0.02041	0.10361	0.01755	0.02132	0.01355	0.00812	0.00820	0.00251	0.01009	0.00736	0.00500	0.01237
86	0.01800	0.01654	0.02692	0.49269	0.19097	0.01930	0.02307	0.06814	0.01883	0.02492	0.01535	0.02162	0.01178	0.00823	0.00829	0.00268	0.01065	0.00739	0.00414	0.01049
87	0.01975	0.02173	0.07207	0.07464	0.35938	0.02014	0.25611	0.02576	0.01900	0.02660	0.01600	0.02119	0.01271	0.00732	0.00882	0.00262	0.01164	0.00826	0.00409	0.01217
88	0.05535	0.01772	0.02594	0.20864	0.27064	0.01926	0.02002	0.14412	0.02177	0.03027	0.02033	0.02551	0.04811	0.04544	0.00998	0.00287	0.00948	0.00807	0.00513	0.01135
89	0.02059	0.02148	0.02626	0.06683	0.36153	0.15889	0.01965	0.02450	0.02004	0.02522	0.07060	0.05546	0.07278	0.01033	0.00842	0.00249	0.00990	0.00905	0.00496	0.01102
90	0.01590	0.01592	0.05779	0.13805	0.27720	0.01531	0.01887	0.02034	0.01752	0.02410	0.05096	0.03335	0.11029	0.02097	0.14261	0.00477	0.01163	0.00940	0.00480	0.01021
91	0.15403	0.21554	0.10816	0.01538	0.02145	0.02170	0.01464	0.07151	0.08413	0.05499	0.01787	0.02048	0.01445	0.01828	0.12976	0.00436	0.01105	0.00642	0.00516	0.01065
92	0.02155	0.10514	0.03414	0.04430	0.53169	0.07088	0.02342	0.02600	0.01902	0.02571	0.01492	0.01926	0.01267	0.00745	0.00782	0.00236	0.01014	0.00689	0.00406	0.01259
93	0.01991	0.05028	0.08273	0.04856	0.02286	0.11532	0.01448	0.05763	0.18058	0.05389	0.03397	0.08374	0.12206	0.01496	0.03601	0.00312	0.03263	0.01031	0.00647	0.01049
94	0.01872	0.26668	0.08735	0.01542	0.02087	0.04869	0.01424	0.02686	0.15933	0.02448	0.05544	0.02676	0.04673	0.01947	0.13024	0.00433	0.01094	0.00770	0.00533	0.01044
95	0.01820	0.11044	0.25170	0.02688	0.19518	0.06836	0.02172	0.02379	0.01854	0.02456	0.02730	0.02915	0.12964	0.01014	0.00800	0.00248	0.00994	0.00831	0.00451	0.01115

[dist]
# distance from previous block
# <min> <max>
5	51

[block]
# block no. 5 follows, 22 sequences, length 9
# corresponding to MSA columns:
# 300-308
name=unknown_F
#
# <colnr> <probs for GDERKNQSTAVLIFYWHMCP>
#	G	D	E	R	K	N	Q	S	T	A	V	L	I	F	Y	W	H	M	C	P
0	0.02204	0.09773	0.12506	0.03063	0.11941	0.16176	0.27148	0.02765	0.01980	0.02459	0.01501	0.01899	0.01179	0.00752	0.00839	0.00249	0.01291	0.00749	0.00405	0.01122
1	0.01584	0.02434	0.26648	0.02514	0.16694	0.01519	0.02097	0.02142	0.01730	0.02435	0.02580	0.04076	0.05732	0.12659	0.01436	0.00370	0.00979	0.10867	0.00484	0.01020
2	0.02236	0.15937	0.02842	0.02404	0.13024	0.24426	0.05720	0.02552	0.01901	0.02161	0.01651	0.05028	0.01505	0.01847	0.12811	0.00425	0.01372	0.00729	0.00429	0.01001
3	0.11159	0.10867	0.02822	0.02811	0.20918	0.13604	0.01837	0.02504	0.01711	0.02418	0.01279	0.01716	0.01128	0.00965	0.01283	0.00267	0.20618	0.00629	0.00406	0.01057
4	0.06410	0.18832	0.03030	0.01915	0.02480	0.06102	0.15083	0.02808	0.12927	0.05532	0.09541	0.02645	0.02288	0.01301	0.05304	0.00318	0.01009	0.00834	0.00574	0.01066
5	0.02507	0.02413	0.02494	0.07063	0.02825	0.20266	0.09430	0.13191	0.10848	0.07005	0.02083	0.05864	0.01678	0.00981	0.00823	0.00244	0.01057	0.00816	0.00611	0.07800
6	0.02280	0.01622	0.02048	0.10037	0.10941	0.05457	0.01501	0.07372	0.02138	0.17056	0.02964	0.03648	0.08101	0.01150	0.00846	0.00252	0.00822	0.08197	0.00672	0.12895
7	0.01856	0.01941	0.06276	0.11155	0.08041	0.10400	0.01516	0.02782	0.19477	0.02639	0.09851	0.03350	0.02655	0.12861	0.01414	0.00354	0.00893	0.00931	0.00603	0.01007
8	0.02350	0.01764	0.01891	0.01585	0.02043	0.05400	0.01264	0.25700	0.11337	0.08527	0.14046	0.03377	0.05790	0.01817	0.08879	0.00387	0.00935	0.00970	0.00792	0.01147

[dist]
# distance from previous block
# <min> <max>
0	1

[block]
# block no. 6 follows, 22 sequences, length 18
# corresponding to MSA columns:
# 310-327
name=unknown_G
#
# <colnr> <probs for GDERKNQSTAVLIFYWHMCP>
#	G	D	E	R	K	N	Q	S	T	A	V	L	I	F	Y	W	H	M	C	P
0	0.02186	0.02233	0.04294	0.03114	0.03871	0.02220	0.47131	0.14376	0.02300	0.03125	0.01707	0.02168	0.01280	0.00802	0.01053	0.00279	0.05279	0.00920	0.00497	0.01165
1	0.02237	0.02310	0.03467	0.02998	0.12041	0.13999	0.28356	0.02819	0.04792	0.06913	0.07079	0.02471	0.01888	0.00890	0.00971	0.00264	0.03987	0.00886	0.00519	0.01110
2	0.02056	0.01974	0.03372	0.05099	0.65622	0.01974	0.02550	0.02550	0.01892	0.02714	0.01563	0.02056	0.01316	0.00740	0.00822	0.00247	0.00987	0.00740	0.00411	0.01316
3	0.01206	0.00932	0.01356	0.01765	0.10343	0.00898	0.01103	0.01434	0.01679	0.02257	0.04129	0.51937	0.04804	0.02296	0.01039	0.00331	0.00594	0.10400	0.00720	0.00778
4	0.01084	0.00753	0.00943	0.01065	0.01095	0.00723	0.00673	0.01176	0.01450	0.01934	0.03860	0.46505	0.04588	0.27597	0.02221	0.00509	0.00601	0.01939	0.00673	0.00612
5	0.01224	0.06693	0.01216	0.01038	0.01114	0.00968	0.00675	0.01297	0.01383	0.01819	0.03185	0.27910	0.03727	0.40916	0.02803	0.00588	0.00699	0.01550	0.00585	0.00611
6	0.01063	0.00771	0.00973	0.01078	0.01167	0.00726	0.00728	0.01227	0.01638	0.02176	0.10897	0.43204	0.12599	0.12710	0.04655	0.00439	0.00595	0.01958	0.00731	0.00667
7	0.05914	0.41061	0.08224	0.01662	0.02316	0.16978	0.01550	0.02875	0.08251	0.02264	0.01438	0.01583	0.01209	0.00794	0.00631	0.00207	0.01011	0.00528	0.00429	0.01074
8	0.01942	0.02321	0.10997	0.01997	0.10012	0.14311	0.01546	0.06663	0.02074	0.02632	0.03254	0.03339	0.17487	0.01109	0.00800	0.00225	0.00892	0.00888	0.00545	0.16965
9	0.01708	0.09376	0.61789	0.02296	0.03485	0.02032	0.02944	0.02620	0.01749	0.02580	0.01465	0.01722	0.01053	0.00783	0.00770	0.00257	0.01202	0.00601	0.00351	0.01215
10	0.02110	0.57921	0.16766	0.01610	0.02424	0.03016	0.01751	0.02516	0.01701	0.02090	0.01222	0.01417	0.01063	0.00726	0.00584	0.00195	0.00956	0.00478	0.00354	0.01098
11	0.01730	0.01502	0.01637	0.01661	0.05540	0.06048	0.01235	0.02584	0.19176	0.05268	0.04681	0.05422	0.21845	0.01608	0.01064	0.00297	0.05512	0.11483	0.00727	0.00982
12	0.01033	0.00768	0.00968	0.01108	0.01220	0.00702	0.00776	0.01218	0.01711	0.02229	0.08426	0.50542	0.17946	0.02436	0.01045	0.00324	0.00481	0.05597	0.00778	0.00691
13	0.01208	0.00805	0.00906	0.00906	0.00906	0.00805	0.00503	0.01208	0.01208	0.01611	0.02618	0.05436	0.03020	0.70804	0.04228	0.00805	0.00805	0.01208	0.00503	0.00503
14	0.02090	0.26392	0.20596	0.02279	0.03090	0.09701	0.16294	0.02633	0.01822	0.02310	0.01378	0.01700	0.01110	0.00783	0.00841	0.00238	0.04623	0.00640	0.00378	0.01102
15	0.01145	0.00866	0.01063	0.01138	0.01264	0.00847	0.00835	0.01325	0.01640	0.02112	0.04999	0.25024	0.20593	0.16746	0.01799	0.00431	0.03644	0.13161	0.00695	0.00674
16	0.02345	0.61829	0.04072	0.01523	0.02194	0.12318	0.01447	0.02604	0.01782	0.01966	0.01173	0.01356	0.01067	0.00731	0.00563	0.00183	0.00974	0.00457	0.00366	0.01052
17	0.02146	0.15147	0.38964	0.02152	0.03078	0.19917	0.02403	0.02794	0.01906	0.02358	0.01380	0.01616	0.01059	0.00795	0.00737	0.00236	0.01246	0.00565	0.00372	0.01130

[dist]
# distance from previous block
# <min> <max>
0	2

[block]
# block no. 7 follows, 22 sequences, length 31
# corresponding to MSA columns:
# 330-360
name=unknown_H
#
# <colnr> <probs for GDERKNQSTAVLIFYWHMCP>
#	G	D	E	R	K	N	Q	S	T	A	V	L	I	F	Y	W	H	M	C	P
0	0.02241	0.19834	0.03482	0.03763	0.40930	0.11224	0.02135	0.02638	0.01903	0.02429	0.01421	0.01797	0.01219	0.00748	0.00739	0.00225	0.01032	0.00637	0.00399	0.01204
1	0.01806	0.03322	0.37295	0.02905	0.03949	0.02011	0.31297	0.02645	0.01852	0.02645	0.01581	0.01985	0.01151	0.00747	0.00880	0.00271	0.01310	0.00788	0.00384	0.01177
2	0.01669	0.01791	0.01361	0.01281	0.01588	0.21014	0.00961	0.01921	0.02134	0.02420	0.18751	0.05626	0.33114	0.01635	0.00911	0.00256	0.00742	0.01328	0.00699	0.00799
3	0.01665	0.01238	0.01453	0.01276	0.01594	0.01262	0.00989	0.15694	0.06385	0.03669	0.41599	0.07757	0.08950	0.01562	0.00941	0.00264	0.00532	0.01344	0.00878	0.00951
4	0.01029	0.00747	0.00971	0.01119	0.01203	0.00689	0.00762	0.01207	0.01702	0.02270	0.11856	0.57952	0.10508	0.02459	0.01045	0.00324	0.00467	0.02215	0.00788	0.00689
5	0.03103	0.03959	0.02354	0.02140	0.02568	0.67469	0.01605	0.03317	0.02354	0.02033	0.01284	0.01498	0.01070	0.00856	0.00749	0.00214	0.01498	0.00535	0.00428	0.00963
6	0.02370	0.02158	0.06225	0.02712	0.21347	0.06837	0.01756	0.24566	0.02556	0.03459	0.01909	0.02497	0.01599	0.10399	0.01267	0.00319	0.00952	0.00786	0.05109	0.01177
7	0.02056	0.01974	0.03372	0.05099	0.65622	0.01974	0.02550	0.02550	0.01892	0.02714	0.01563	0.02056	0.01316	0.00740	0.00822	0.00247	0.00987	0.00740	0.00411	0.01316
8	0.01701	0.01218	0.01880	0.08815	0.02356	0.01182	0.09501	0.02131	0.04485	0.12110	0.04332	0.19510	0.15478	0.01708	0.00979	0.00304	0.00745	0.09926	0.00722	0.00920
9	0.01443	0.00722	0.01082	0.01082	0.01082	0.00722	0.00722	0.01082	0.01082	0.01443	0.01443	0.02525	0.01443	0.02886	0.03247	0.75830	0.00722	0.00722	0.00361	0.00361
10	0.02249	0.02340	0.03184	0.04553	0.53990	0.14057	0.02375	0.02691	0.01977	0.02588	0.01511	0.01953	0.01271	0.00762	0.00809	0.00241	0.01081	0.00702	0.00414	0.01251
11	0.02449	0.02311	0.02986	0.06316	0.39425	0.11033	0.02175	0.17329	0.02437	0.03213	0.01627	0.01971	0.01298	0.00822	0.00815	0.00244	0.01043	0.00714	0.00514	0.01277
12	0.02056	0.01974	0.03372	0.05099	0.65622	0.01974	0.02550	0.02550	0.01892	0.02714	0.01563	0.02056	0.01316	0.00740	0.00822	0.00247	0.00987	0.00740	0.00411	0.01316
13	0.00982	0.00842	0.00842	0.00842	0.01122	0.00701	0.00631	0.01192	0.01894	0.02244	0.08416	0.07995	0.65285	0.02104	0.00982	0.00281	0.00421	0.01753	0.00771	0.00701
14	0.02056	0.01974	0.03372	0.05099	0.65622	0.01974	0.02550	0.02550	0.01892	0.02714	0.01563	0.02056	0.01316	0.00740	0.00822	0.00247	0.00987	0.00740	0.00411	0.01316
15	0.02269	0.05007	0.02483	0.01966	0.02400	0.14959	0.12706	0.02669	0.04602	0.13640	0.02816	0.15765	0.05767	0.01331	0.01065	0.00277	0.07506	0.01128	0.00628	0.01016
16	0.01055	0.00741	0.00951	0.01102	0.01139	0.00704	0.00712	0.01168	0.01506	0.02008	0.04147	0.55984	0.04950	0.17624	0.01758	0.00440	0.00553	0.02108	0.00712	0.00637
17	0.01012	0.00723	0.00964	0.01157	0.01205	0.00675	0.00771	0.01157	0.01591	0.02121	0.04579	0.70262	0.05495	0.02603	0.01060	0.00337	0.00482	0.02362	0.00771	0.00675
18	0.01947	0.01859	0.03116	0.04668	0.59088	0.01845	0.02355	0.02412	0.01892	0.02666	0.02257	0.02658	0.07796	0.00878	0.00839	0.00250	0.00930	0.00843	0.00448	0.01254
19	0.02253	0.02168	0.03024	0.12966	0.42154	0.09083	0.02283	0.10784	0.02184	0.02904	0.01580	0.02009	0.01274	0.00800	0.00817	0.00248	0.01048	0.00719	0.00464	0.01238
20	0.01941	0.01856	0.03163	0.20204	0.51420	0.01943	0.02492	0.02448	0.01837	0.02574	0.01542	0.02094	0.01266	0.00762	0.00824	0.00254	0.01015	0.00740	0.00401	0.01223
21	0.01654	0.01321	0.01402	0.01260	0.01647	0.01342	0.00999	0.15305	0.11838	0.03110	0.05925	0.06032	0.37001	0.01726	0.00940	0.00282	0.00592	0.05875	0.00795	0.00957
22	0.02368	0.01748	0.02485	0.02003	0.02530	0.01788	0.13250	0.25452	0.02690	0.10374	0.02855	0.12751	0.02613	0.01394	0.00949	0.00292	0.00901	0.11667	0.00752	0.01139
23	0.02950	0.02083	0.02657	0.02041	0.02630	0.02275	0.08110	0.37438	0.03061	0.15566	0.02070	0.02148	0.01469	0.01033	0.01106	0.00270	0.10237	0.00786	0.00759	0.01313
24	0.02258	0.02218	0.07322	0.01970	0.02496	0.11102	0.11882	0.18695	0.02406	0.03273	0.02029	0.05183	0.01648	0.01194	0.03415	0.00289	0.04387	0.00827	0.16337	0.01068
25	0.01993	0.13589	0.30395	0.05937	0.02956	0.16406	0.02144	0.02586	0.01952	0.02463	0.10066	0.02268	0.01985	0.00918	0.00771	0.00240	0.01116	0.00700	0.00446	0.01067
26	0.13949	0.02062	0.19769	0.06814	0.06112	0.01420	0.01634	0.02026	0.01838	0.02814	0.14460	0.04008	0.17408	0.01259	0.00828	0.00266	0.00767	0.01031	0.00583	0.00951
27	0.02123	0.11592	0.06385	0.14633	0.08948	0.09107	0.01741	0.07990	0.13072	0.02772	0.01804	0.02039	0.01413	0.00841	0.00748	0.00228	0.00945	0.00669	0.00519	0.12431
28	0.07576	0.01927	0.08541	0.02982	0.27524	0.04062	0.01857	0.05975	0.05362	0.02811	0.02453	0.17410	0.02424	0.01280	0.00864	0.00277	0.00857	0.04159	0.00561	0.01098
29	0.02617	0.26352	0.02910	0.01794	0.02311	0.37914	0.01468	0.02978	0.05835	0.02106	0.01790	0.01924	0.04966	0.00897	0.00696	0.00210	0.01178	0.00601	0.00449	0.01004
30	0.06393	0.16033	0.02468	0.05406	0.02379	0.29228	0.01410	0.02915	0.05846	0.06809	0.08696	0.02223	0.01984	0.00935	0.00732	0.00221	0.01048	0.00676	0.00539	0.04059

[dist]
# distance from previous block
# <min> <max>
0	14

[block]
# block no. 8 follows, 22 sequences, length 28
# corresponding to MSA columns:
# 375-402
name=unknown_I
#
# <colnr> <probs for GDERKNQSTAVLIFYWHMCP>
#	G	D	E	R	K	N	Q	S	T	A	V	L	I	F	Y	W	H	M	C	P
0	0.01876	0.15009	0.02573	0.05806	0.20748	0.01882	0.01519	0.08341	0.01814	0.02425	0.01878	0.03001	0.01821	0.22148	0.05431	0.00463	0.00979	0.00833	0.00472	0.00982
1	0.02409	0.15804	0.02873	0.02650	0.19277	0.17689	0.01731	0.03266	0.18134	0.05282	0.01962	0.02087	0.01557	0.00874	0.00756	0.00235	0.00991	0.00690	0.00543	0.01188
2	0.01956	0.08371	0.39635	0.02060	0.02917	0.16116	0.02299	0.02582	0.01808	0.02320	0.01571	0.02155	0.01317	0.10034	0.01217	0.00318	0.01207	0.00663	0.00388	0.01064
3	0.02047	0.02071	0.02872	0.07538	0.45292	0.10783	0.02166	0.02481	0.01977	0.02609	0.06688	0.02637	0.05394	0.00910	0.00834	0.00247	0.00987	0.00827	0.00470	0.01172
4	0.02320	0.02850	0.21119	0.01886	0.02616	0.12043	0.01850	0.20511	0.02503	0.05696	0.02438	0.02557	0.07961	0.01288	0.04359	0.00302	0.01092	0.00777	0.00589	0.05242
5	0.09702	0.01691	0.02568	0.19671	0.23684	0.01870	0.04334	0.08536	0.01886	0.02776	0.01593	0.02155	0.01301	0.01449	0.07537	0.03658	0.03337	0.00733	0.00455	0.01065
6	0.02330	0.01881	0.01802	0.01566	0.01979	0.10370	0.01192	0.13023	0.24070	0.09685	0.02993	0.03399	0.05626	0.14615	0.01492	0.00366	0.00831	0.00940	0.00737	0.01104
7	0.01012	0.00834	0.00890	0.00895	0.01146	0.00711	0.00664	0.01244	0.01938	0.02394	0.16420	0.12411	0.52403	0.02082	0.00987	0.00282	0.00421	0.01762	0.00792	0.00711
8	0.02230	0.45413	0.13895	0.01650	0.02406	0.02831	0.01692	0.12361	0.02044	0.02600	0.01404	0.01613	0.01175	0.01067	0.04221	0.00265	0.01019	0.00545	0.00437	0.01132
9	0.01213	0.00875	0.01250	0.01250	0.01410	0.00992	0.00968	0.01515	0.01408	0.02068	0.02614	0.03504	0.05531	0.05457	0.56904	0.01159	0.01935	0.00925	0.08279	0.00743
10	0.02699	0.02759	0.02259	0.02145	0.07589	0.31213	0.01545	0.20299	0.02614	0.03062	0.01796	0.04643	0.01507	0.01481	0.07244	0.00340	0.01269	0.00731	0.03723	0.01083
11	0.02674	0.22656	0.02832	0.01848	0.02357	0.35492	0.01522	0.09122	0.02280	0.02392	0.01646	0.02323	0.01491	0.00979	0.00738	0.00225	0.01187	0.06733	0.00484	0.01019
12	0.01042	0.00844	0.00924	0.00904	0.01159	0.00727	0.00678	0.01308	0.02035	0.02579	0.25894	0.07444	0.47598	0.01979	0.00981	0.00275	0.00412	0.01676	0.00815	0.00727
13	0.01723	0.01477	0.01723	0.01230	0.01969	0.01107	0.00984	0.02092	0.01723	0.02707	0.01477	0.01723	0.01230	0.00615	0.00615	0.00123	0.00615	0.00492	0.00492	0.75883
14	0.01059	0.00855	0.00949	0.00956	0.01209	0.00745	0.00737	0.01325	0.01991	0.02495	0.19788	0.07767	0.47045	0.02040	0.00999	0.00287	0.00451	0.07777	0.00800	0.00725
15	0.01391	0.01043	0.01442	0.01371	0.01501	0.01270	0.01085	0.01686	0.01416	0.02209	0.02116	0.02945	0.01898	0.04106	0.39705	0.00887	0.14800	0.00832	0.17515	0.00782
16	0.01012	0.00723	0.00964	0.01157	0.01205	0.00675	0.00771	0.01157	0.01591	0.02121	0.04579	0.70262	0.05495	0.02603	0.01060	0.00337	0.00482	0.02362	0.00771	0.00675
17	0.01978	0.02091	0.02757	0.40534	0.16207	0.14599	0.05425	0.02462	0.01854	0.02244	0.01466	0.02048	0.01147	0.00812	0.00821	0.00259	0.01176	0.00712	0.00391	0.01014
18	0.01812	0.02441	0.16182	0.19311	0.07202	0.02000	0.33719	0.02519	0.01844	0.02526	0.01589	0.02132	0.01185	0.00751	0.00900	0.00275	0.01277	0.00840	0.00394	0.01101
19	0.01018	0.00759	0.00948	0.01079	0.01189	0.00689	0.00741	0.01195	0.01715	0.02239	0.09978	0.51698	0.18877	0.02425	0.01037	0.00319	0.00462	0.02163	0.00782	0.00689
20	0.01187	0.00890	0.01335	0.01335	0.01483	0.01038	0.01038	0.01483	0.01335	0.01928	0.02225	0.03264	0.02077	0.06231	0.67512	0.01335	0.02225	0.00890	0.00445	0.00742
21	0.02528	0.25521	0.18811	0.01895	0.02635	0.23639	0.01868	0.02956	0.01993	0.08845	0.01501	0.01647	0.01167	0.00811	0.00698	0.00219	0.01152	0.00557	0.00448	0.01109
22	0.01483	0.01430	0.01284	0.01326	0.01541	0.13683	0.00998	0.01722	0.01942	0.02320	0.11113	0.25572	0.18537	0.02003	0.00988	0.00300	0.00703	0.11570	0.00719	0.00763
23	0.21670	0.15872	0.15633	0.09014	0.09342	0.05942	0.01852	0.07054	0.01852	0.02905	0.01370	0.01649	0.01076	0.00788	0.00676	0.00241	0.00963	0.00570	0.00443	0.01087
24	0.02700	0.19255	0.02733	0.01835	0.02363	0.32841	0.01487	0.11674	0.09615	0.02649	0.01874	0.01966	0.03753	0.00921	0.00730	0.00221	0.01131	0.00638	0.00530	0.01083
25	0.01764	0.03235	0.44677	0.02095	0.05299	0.01618	0.02390	0.02495	0.01839	0.09180	0.02863	0.05661	0.11142	0.01088	0.00836	0.00268	0.01011	0.00888	0.00505	0.01147
26	0.01435	0.01157	0.01650	0.05469	0.06522	0.01362	0.01230	0.01720	0.01515	0.02239	0.08579	0.03408	0.02504	0.12045	0.23938	0.00704	0.14494	0.00932	0.08293	0.00804
27	0.02255	0.18457	0.03186	0.17263	0.22186	0.07681	0.01995	0.12399	0.02162	0.02765	0.01496	0.01864	0.01208	0.00804	0.00751	0.00235	0.01019	0.00654	0.00459	0.01159

[dist]
# distance from previous block
# <min> <max>
0	35

[block]
# block no. 9 follows, 22 sequences, length 126
# corresponding to MSA columns:
# 439-564
name=unknown_J
#
# <colnr> <probs for GDERKNQSTAVLIFYWHMCP>
#	G	D	E	R	K	N	Q	S	T	A	V	L	I	F	Y	W	H	M	C	P
0	0.05891	0.02271	0.16260	0.02859	0.19688	0.01982	0.04593	0.02258	0.01641	0.02506	0.05283	0.02362	0.01672	0.05617	0.01594	0.00324	0.20931	0.00780	0.00427	0.01062
1	0.02284	0.08468	0.10148	0.20698	0.03638	0.10462	0.06716	0.18240	0.02374	0.03040	0.01577	0.01913	0.01191	0.00840	0.00790	0.00244	0.01098	0.00681	0.00504	0.05091
2	0.20526	0.16116	0.01905	0.01205	0.01673	0.06077	0.01008	0.05438	0.04436	0.02757	0.04046	0.03975	0.25376	0.01295	0.00741	0.00247	0.00682	0.00983	0.00604	0.00909
3	0.11642	0.02606	0.13069	0.01904	0.04865	0.15867	0.01654	0.16983	0.02466	0.03375	0.11980	0.02801	0.02410	0.01068	0.00805	0.00253	0.00970	0.03580	0.00616	0.01084
