[name]
unknown

[dist]
# distance from previous block
# <min> <max>
0	0

[block]
# block no. 0 follows, 22 sequences, length 22
# corresponding to MSA columns:
# 0-21
name=unknown_A
#
# <colnr> <probs for GDERKNQSTAVLIFYWHMCP>
#	G	D	E	R	K	N	Q	S	T	A	V	L	I	F	Y	W	H	M	C	P
0	0.01339	0.00956	0.01339	0.01530	0.01721	0.00956	0.01339	0.01721	0.01912	0.02486	0.04399	0.09371	0.04781	0.02295	0.01147	0.00382	0.00765	0.60031	0.00765	0.00765
1	0.01208	0.00805	0.00906	0.00906	0.00906	0.00805	0.00503	0.01208	0.01208	0.01611	0.02618	0.05436	0.03020	0.70804	0.04228	0.00805	0.00805	0.01208	0.00503	0.00503
2	0.00988	0.00817	0.00867	0.00907	0.01139	0.00696	0.00660	0.01185	0.01830	0.02218	0.07616	0.20973	0.52823	0.02208	0.00998	0.00292	0.00434	0.01880	0.00771	0.00696
3	0.03614	0.01439	0.01925	0.01493	0.02123	0.01278	0.01227	0.04073	0.06575	0.61934	0.03284	0.02846	0.02089	0.01035	0.00836	0.00259	0.00704	0.00842	0.01016	0.01407
4	0.03151	0.02546	0.02474	0.01942	0.02575	0.11289	0.01583	0.54859	0.03698	0.04806	0.01899	0.01928	0.01367	0.00978	0.00820	0.00245	0.00993	0.00719	0.00777	0.01352
5	0.01187	0.00890	0.01335	0.01335	0.01483	0.01038	0.01038	0.01483	0.01335	0.01928	0.02225	0.03264	0.02077	0.06231	0.67512	0.01335	0.02225	0.00890	0.00445	0.00742
6	0.01208	0.00805	0.00906	0.00906	0.00906	0.00805	0.00503	0.01208	0.01208	0.01611	0.02618	0.05436	0.03020	0.70804	0.04228	0.00805	0.00805	0.01208	0.00503	0.00503
7	0.02221	0.71304	0.04353	0.01421	0.02132	0.03287	0.01421	0.02488	0.01688	0.01955	0.01155	0.01333	0.01066	0.00711	0.00533	0.00178	0.00888	0.00444	0.00355	0.01066
8	0.01569	0.01477	0.02492	0.68808	0.05722	0.01846	0.02307	0.02123	0.01661	0.02123	0.01477	0.02215	0.01107	0.00831	0.00831	0.00277	0.01107	0.00738	0.00369	0.00923
9	0.01864	0.01778	0.03025	0.30188	0.42033	0.01923	0.02454	0.02381	0.01801	0.02481	0.01529	0.02119	0.01234	0.00776	0.00826	0.00259	0.01034	0.00739	0.00395	0.01161
10	0.02114	0.51367	0.14240	0.01615	0.02355	0.06855	0.01678	0.02494	0.01716	0.02069	0.01291	0.01543	0.01133	0.01108	0.05141	0.00273	0.01073	0.00508	0.00365	0.01064
11	0.02025	0.01862	0.02889	0.17478	0.38898	0.02000	0.02236	0.06475	0.12262	0.02873	0.01872	0.02258	0.01481	0.00839	0.00828	0.00259	0.00953	0.00773	0.00500	0.01241
12	0.01299	0.16299	0.01729	0.01201	0.01414	0.01264	0.00916	0.01500	0.01705	0.02232	0.11232	0.47236	0.04805	0.02075	0.00934	0.00293	0.00561	0.01834	0.00697	0.00774
13	0.07130	0.02719	0.02880	0.02326	0.02800	0.24665	0.14308	0.13650	0.02273	0.02842	0.01448	0.01800	0.01166	0.00967	0.01205	0.00268	0.15298	0.00701	0.00491	0.01062
14	0.05379	0.03588	0.52309	0.02050	0.03085	0.01723	0.02555	0.02383	0.01760	0.02623	0.02619	0.02766	0.11670	0.01006	0.00807	0.00266	0.01064	0.00794	0.00429	0.01124
15	0.02001	0.01917	0.03272	0.12321	0.58832	0.01959	0.02522	0.02501	0.01865	0.02647	0.01553	0.02074	0.01292	0.00750	0.00823	0.00250	0.01001	0.00740	0.00406	0.01271
16	0.02069	0.02033	0.06353	0.11339	0.45234	0.01974	0.02346	0.09817	0.02106	0.02932	0.01910	0.02317	0.04161	0.00845	0.00830	0.00253	0.00978	0.00780	0.00471	0.01253
17	0.01789	0.04136	0.61251	0.02330	0.03512	0.01982	0.02947	0.07570	0.01930	0.02845	0.01532	0.01774	0.01082	0.00806	0.00793	0.00262	0.01202	0.00625	0.00390	0.01243
18	0.01768	0.02355	0.16924	0.16163	0.03740	0.02015	0.18088	0.02602	0.09425	0.02529	0.01995	0.02408	0.03939	0.00969	0.01151	0.00288	0.11270	0.00840	0.00453	0.01078
19	0.01887	0.02530	0.20236	0.03768	0.36554	0.01903	0.05892	0.02652	0.06945	0.02717	0.01870	0.05936	0.01579	0.00888	0.00838	0.00261	0.01020	0.00828	0.00451	0.01245
20	0.01696	0.01640	0.01381	0.01270	0.01561	0.15421	0.00944	0.06807	0.02195	0.02643	0.19822	0.05353	0.24700	0.09428	0.01286	0.00318	0.00732	0.01281	0.00707	0.00815
21	0.01826	0.15017	0.50852	0.02197	0.03252	0.05088	0.02684	0.02611	0.01749	0.02468	0.01410	0.01677	0.01057	0.00808	0.00829	0.00251	0.04104	0.00588	0.00356	0.01176

[dist]
# distance from previous block
# <min> <max>
0	1

[block]
# block no. 1 follows, 22 sequences, length 16
# corresponding to MSA columns:
# 23-38
name=unknown_B
#
# <colnr> <probs for GDERKNQSTAVLIFYWHMCP>
#	G	D	E	R	K	N	Q	S	T	A	V	L	I	F	Y	W	H	M	C	P
0	0.01807	0.26099	0.21524	0.02039	0.02854	0.02228	0.14819	0.02355	0.01798	0.02344	0.02543	0.02730	0.11550	0.00957	0.00774	0.00240	0.01018	0.00820	0.00436	0.01064
1	0.07384	0.18398	0.48363	0.02071	0.03135	0.02214	0.02556	0.02586	0.01714	0.02568	0.01394	0.01634	0.01044	0.00771	0.00714	0.00244	0.01112	0.00565	0.00364	0.01169
2	0.14772	0.01352	0.08034	0.01268	0.01610	0.01197	0.01116	0.01855	0.01630	0.02738	0.13041	0.03254	0.02775	0.03130	0.27217	0.00677	0.01251	0.00873	0.11378	0.00833
3	0.01969	0.01943	0.03020	0.21300	0.41481	0.05641	0.02376	0.02438	0.01808	0.02465	0.01487	0.02047	0.01230	0.00827	0.00971	0.00262	0.06449	0.00727	0.00397	0.01162
4	0.01755	0.01684	0.02909	0.43819	0.26228	0.01902	0.05261	0.02295	0.01755	0.02351	0.01516	0.02162	0.01186	0.00793	0.00835	0.00267	0.01080	0.00750	0.00386	0.01067
5	0.02938	0.03067	0.02309	0.01983	0.02480	0.36672	0.01543	0.23671	0.07440	0.03231	0.01736	0.01886	0.01353	0.01225	0.04510	0.00294	0.01276	0.00658	0.00598	0.01131
6	0.02799	0.03417	0.02762	0.02855	0.15692	0.48905	0.06536	0.03108	0.02228	0.02222	0.01372	0.01671	0.01135	0.00820	0.00782	0.00226	0.01385	0.00612	0.00424	0.01048
7	0.00992	0.00802	0.00883	0.00948	0.01150	0.00692	0.00678	0.01180	0.01791	0.02203	0.07120	0.29016	0.45100	0.02272	0.01008	0.00300	0.00441	0.01959	0.00771	0.00692
8	0.01763	0.16019	0.55629	0.02202	0.03340	0.02167	0.02781	0.02606	0.01742	0.02513	0.01432	0.01680	0.01055	0.00776	0.00744	0.00248	0.01168	0.00584	0.00352	0.01199
9	0.02115	0.02206	0.03147	0.17456	0.38914	0.12306	0.06835	0.02592	0.01923	0.02482	0.01510	0.02014	0.01231	0.00774	0.00824	0.00250	0.01123	0.00725	0.00406	0.01166
10	0.01131	0.00835	0.01057	0.01027	0.01220	0.00761	0.00760	0.01472	0.02208	0.03052	0.50854	0.12933	0.15910	0.01848	0.00988	0.00272	0.00405	0.01625	0.00879	0.00761
11	0.01031	0.00731	0.00958	0.01133	0.01176	0.00687	0.00745	0.01162	0.01554	0.02072	0.04391	0.64050	0.05257	0.09139	0.01364	0.00382	0.00513	0.02251	0.00745	0.00658
12	0.02038	0.01962	0.03308	0.04873	0.60697	0.02018	0.02493	0.02507	0.01844	0.02659	0.01526	0.02038	0.01298	0.00796	0.00970	0.00256	0.06290	0.00739	0.00408	0.01284
13	0.07940	0.03362	0.02300	0.13730	0.03053	0.51438	0.01679	0.03048	0.02168	0.02166	0.01309	0.01613	0.01065	0.00846	0.00747	0.00228	0.01370	0.00565	0.00424	0.00952
14	0.03382	0.01476	0.01839	0.01450	0.02033	0.04553	0.01181	0.03697	0.02351	0.55367	0.07727	0.03251	0.05558	0.01120	0.00848	0.00256	0.00711	0.00912	0.00977	0.01312
15	0.01006	0.00748	0.00938	0.01089	0.01187	0.00680	0.00741	0.01164	0.01656	0.02147	0.05402	0.56905	0.18320	0.02496	0.01044	0.00325	0.00469	0.02231	0.00771	0.00680

[dist]
# distance from previous block
# <min> <max>
0	1

[block]
# block no. 2 follows, 22 sequences, length 6
# corresponding to MSA columns:
# 40-45
name=unknown_C
#
# <colnr> <probs for GDERKNQSTAVLIFYWHMCP>
#	G	D	E	R	K	N	Q	S	T	A	V	L	I	F	Y	W	H	M	C	P
0	0.01940	0.01439	0.01639	0.01496	0.01821	0.01534	0.01132	0.25655	0.07552	0.03454	0.03467	0.38019	0.03652	0.01853	0.00953	0.00298	0.00666	0.01613	0.00801	0.01016
1	0.01702	0.01461	0.02134	0.02342	0.14696	0.01719	0.01572	0.08008	0.01693	0.02437	0.01814	0.02568	0.01636	0.03526	0.32834	0.00789	0.16838	0.00809	0.00459	0.00963
2	0.02142	0.02107	0.03081	0.04385	0.51687	0.07245	0.02301	0.02872	0.10629	0.02766	0.01795	0.02157	0.01467	0.00804	0.00820	0.00249	0.00982	0.00752	0.00473	0.01287
3	0.24875	0.16994	0.33854	0.01784	0.02688	0.02183	0.02069	0.02544	0.01636	0.02832	0.01320	0.01544	0.01008	0.00768	0.00653	0.00244	0.00979	0.00529	0.00402	0.01094
4	0.01971	0.02106	0.07658	0.11163	0.49265	0.01971	0.08621	0.02523	0.01866	0.02644	0.01561	0.02071	0.01272	0.00749	0.00837	0.00254	0.01057	0.00756	0.00404	0.01251
5	0.02158	0.02631	0.10834	0.03031	0.25011	0.18818	0.01988	0.02864	0.10681	0.02574	0.02340	0.05500	0.05951	0.01008	0.00824	0.00252	0.01043	0.00841	0.00509	0.01142

[dist]
# distance from previous block
# <min> <max>
0	3

[block]
# block no. 3 follows, 22 sequences, length 34
# corresponding to MSA columns:
# 49-82
name=unknown_D
#
# <colnr> <probs for GDERKNQSTAVLIFYWHMCP>
#	G	D	E	R	K	N	Q	S	T	A	V	L	I	F	Y	W	H	M	C	P
0	0.02410	0.02404	0.11105	0.06583	0.19030	0.10239	0.01951	0.10835	0.08884	0.11136	0.02357	0.02479	0.04960	0.00953	0.00823	0.00254	0.00980	0.00787	0.00603	0.01228
1	0.01376	0.01103	0.01269	0.01280	0.01514	0.01150	0.00935	0.02285	0.22289	0.02737	0.12453	0.32457	0.11993	0.01941	0.00970	0.00302	0.00521	0.01710	0.00814	0.00903
2	0.06007	0.02026	0.11352	0.02307	0.13898	0.01769	0.04025	0.08806	0.17639	0.03250	0.11939	0.03337	0.07836	0.01123	0.00850	0.00265	0.00795	0.00962	0.00663	0.01153
3	0.02025	0.32458	0.03646	0.02180	0.07050	0.05556	0.11577	0.02366	0.01669	0.02134	0.01383	0.01835	0.01231	0.01448	0.08350	0.00359	0.12667	0.00654	0.00385	0.01026
4	0.02070	0.03137	0.26695	0.05861	0.17339	0.13294	0.02352	0.03024	0.12946	0.02673	0.01806	0.02038	0.01381	0.00851	0.00802	0.00255	0.01113	0.00692	0.00466	0.01204
5	0.01828	0.02941	0.34673	0.23721	0.10781	0.01856	0.02636	0.02565	0.01785	0.07142	0.01625	0.02012	0.01172	0.00815	0.00809	0.00265	0.01126	0.00683	0.00413	0.01154
6	0.02652	0.28037	0.09136	0.01905	0.02510	0.38353	0.01678	0.02956	0.02060	0.02062	0.01258	0.01463	0.01067	0.00798	0.00676	0.00206	0.01255	0.00510	0.00395	0.01025
7	0.05911	0.02439	0.20409	0.07974	0.26694	0.01822	0.04710	0.02527	0.06211	0.02706	0.02378	0.02659	0.08113	0.00933	0.00822	0.00261	0.00977	0.00821	0.00467	0.01166
8	0.02051	0.01987	0.03448	0.05020	0.62587	0.01980	0.05525	0.02555	0.01895	0.02711	0.01568	0.02065	0.01313	0.00738	0.00830	0.00248	0.01007	0.00752	0.00412	0.01306
9	0.01920	0.03864	0.56318	0.02386	0.06162	0.01850	0.02835	0.02790	0.01831	0.09918	0.01699	0.01890	0.01179	0.00814	0.00796	0.00262	0.01157	0.00645	0.00431	0.01253
10	0.01741	0.05490	0.26399	0.15990	0.10845	0.01944	0.15378	0.02439	0.01762	0.02468	0.01576	0.02075	0.01212	0.01164	0.05664	0.00342	0.01273	0.00744	0.00383	0.01112
11	0.00982	0.00842	0.00842	0.00842	0.01122	0.00701	0.00631	0.01192	0.01894	0.02244	0.08416	0.07995	0.65285	0.02104	0.00982	0.00281	0.00421	0.01753	0.00771	0.00701
12	0.02056	0.01974	0.03372	0.05099	0.65622	0.01974	0.02550	0.02550	0.01892	0.02714	0.01563	0.02056	0.01316	0.00740	0.00822	0.00247	0.00987	0.00740	0.00411	0.01316
13	0.01851	0.06970	0.35555	0.03237	0.19993	0.02045	0.13401	0.02607	0.01823	0.02621	0.01525	0.01897	0.01159	0.00756	0.00818	0.00257	0.01176	0.00703	0.00379	0.01223
14	0.01328	0.01112	0.01440	0.01646	0.09594	0.01111	0.01098	0.01867	0.08968	0.02518	0.11497	0.05696	0.27634	0.02565	0.13475	0.00480	0.00881	0.05532	0.00687	0.00871
15	0.01012	0.00723	0.00964	0.01157	0.01205	0.00675	0.00771	0.01157	0.01591	0.02121	0.04579	0.70262	0.05495	0.02603	0.01060	0.00337	0.00482	0.02362	0.00771	0.00675
16	0.02857	0.02102	0.02279	0.01806	0.02384	0.02310	0.01466	0.54200	0.03581	0.04799	0.02357	0.11569	0.01985	0.01222	0.00863	0.00262	0.00854	0.00974	0.00823	0.01309
17	0.02219	0.02944	0.19235	0.02060	0.02690	0.19126	0.06385	0.07571	0.02104	0.06024	0.02561	0.02726	0.10604	0.01100	0.01049	0.00264	0.08937	0.00824	0.00516	0.01061
18	0.01181	0.00798	0.00928	0.00948	0.00969	0.00787	0.00558	0.01228	0.01340	0.01801	0.07401	0.13844	0.03688	0.57013	0.03585	0.00706	0.00734	0.01378	0.00568	0.00546
19	0.01012	0.00723	0.00964	0.01157	0.01205	0.00675	0.00771	0.01157	0.01591	0.02121	0.04579	0.70262	0.05495	0.02603	0.01060	0.00337	0.00482	0.02362	0.00771	0.00675
20	0.01976	0.01892	0.03228	0.15536	0.55809	0.01953	0.02510	0.02480	0.01854	0.02617	0.01549	0.02082	0.01282	0.00755	0.00824	0.00252	0.01007	0.00740	0.00404	0.01252
21	0.01928	0.01843	0.03140	0.21887	0.49837	0.01940	0.02486	0.02437	0.01831	0.02558	0.01540	0.02098	0.01261	0.00764	0.00825	0.00255	0.01019	0.00740	0.00400	0.01212
22	0.02160	0.01856	0.03293	0.16391	0.35335	0.01876	0.12985	0.02680	0.01922	0.10692	0.01786	0.02217	0.01361	0.00787	0.00854	0.00260	0.01047	0.00795	0.00484	0.01219
23	0.01033	0.00760	0.00968	0.01092	0.01198	0.00695	0.00752	0.01225	0.01752	0.02324	0.14420	0.51139	0.14811	0.02390	0.01036	0.00317	0.00459	0.02139	0.00793	0.00695
24	0.02056	0.01974	0.03372	0.05099	0.65622	0.01974	0.02550	0.02550	0.01892	0.02714	0.01563	0.02056	0.01316	0.00740	0.00822	0.00247	0.00987	0.00740	0.00411	0.01316
25	0.01995	0.14924	0.03390	0.16444	0.42359	0.02197	0.02292	0.02457	0.01810	0.02459	0.01470	0.01950	0.01230	0.00752	0.00770	0.00239	0.00991	0.00684	0.00393	0.01195
26	0.01996	0.10354	0.14655	0.14159	0.11186	0.06993	0.02012	0.03132	0.21624	0.02698	0.02045	0.02235	0.01570	0.00894	0.00786	0.00256	0.00976	0.00730	0.00525	0.01174
27	0.02238	0.07328	0.02868	0.10780	0.27403	0.11398	0.02001	0.11011	0.02149	0.02765	0.01883	0.02241	0.04762	0.00935	0.00958	0.00252	0.06653	0.00745	0.00480	0.01149
28	0.02081	0.02134	0.02991	0.21453	0.40582	0.11553	0.02347	0.02550	0.01899	0.02458	0.01499	0.02016	0.01225	0.00781	0.00814	0.00250	0.01094	0.00710	0.00403	0.01161
29	0.01757	0.01695	0.02332	0.31369	0.16174	0.08626	0.01985	0.02218	0.01879	0.02389	0.06760	0.03750	0.02336	0.01155	0.00891	0.00283	0.01008	0.11929	0.00499	0.00965
30	0.11315	0.08350	0.05879	0.01937	0.02453	0.43882	0.01569	0.05901	0.06829	0.02507	0.01460	0.01625	0.01174	0.00859	0.00720	0.00226	0.01252	0.00563	0.00478	0.01024
31	0.01626	0.01562	0.01348	0.01289	0.01564	0.13110	0.00944	0.04371	0.09664	0.02436	0.07803	0.14907	0.24451	0.09639	0.01300	0.00335	0.00717	0.01408	0.00697	0.00830
32	0.07562	0.01830	0.01671	0.01488	0.01877	0.12662	0.01162	0.13721	0.09919	0.03056	0.07855	0.03701	0.14519	0.02168	0.12661	0.00447	0.01059	0.00990	0.00667	0.00983
33	0.19673	0.01328	0.01705	0.02129	0.18266	0.01400	0.01256	0.01910	0.01550	0.02555	0.02659	0.03477	0.09902	0.14382	0.13919	0.00557	0.01031	0.00912	0.00505	0.00884

[dist]
# distance from previous block
# <min> <max>
25	36

[block]
# block no. 4 follows, 22 sequences, length 96
# corresponding to MSA columns:
# 124-219
name=unknown_E
#
# <colnr> <probs for GDERKNQSTAVLIFYWHMCP>
#	G	D	E	R	K	N	Q	S	T	A	V	L	I	F	Y	W	H	M	C	P
0	0.02070	0.25049	0.14318	0.02092	0.02782	0.13631	0.13945	0.02518	0.01857	0.02248	0.01787	0.10598	0.01681	0.00994	0.00773	0.00240	0.01102	0.00847	0.00434	0.01036
1	0.16367	0.02105	0.02437	0.12932	0.16655	0.07072	0.01780	0.24456	0.02534	0.03677	0.01610	0.01885	0.01223	0.00862	0.00764	0.00252	0.00954	0.00673	0.00578	0.01186
2	0.11556	0.05755	0.19702	0.01705	0.02361	0.08185	0.01695	0.07755	0.10135	0.02979	0.05062	0.03340	0.10261	0.01157	0.00805	0.00265	0.00895	0.04733	0.00588	0.01063
3	0.01126	0.01300	0.09474	0.01117	0.01501	0.00891	0.01018	0.01477	0.01956	0.02498	0.17138	0.06954	0.43287	0.01874	0.00966	0.00281	0.00542	0.05071	0.00741	0.00788
4	0.06034	0.05583	0.27893	0.10671	0.03102	0.13179	0.02123	0.02437	0.01740	0.02355	0.01569	0.02034	0.01260	0.01896	0.14170	0.00468	0.01414	0.00656	0.00395	0.01020
5	0.01953	0.02250	0.10149	0.01596	0.02126	0.14680	0.01382	0.05978	0.11783	0.02851	0.13689	0.03326	0.07151	0.04369	0.00973	0.00259	0.00851	0.00903	0.00630	0.13099
6	0.01587	0.01450	0.01336	0.01300	0.01535	0.09760	0.00926	0.02267	0.17201	0.02350	0.04107	0.17844	0.14733	0.17877	0.01693	0.00406	0.00722	0.01387	0.00682	0.00836
7	0.01003	0.00761	0.00925	0.01057	0.01179	0.00683	0.00727	0.01168	0.01687	0.02160	0.05794	0.50535	0.24437	0.02445	0.01035	0.00319	0.00463	0.02169	0.00771	0.00683
8	0.01946	0.01874	0.03252	0.09525	0.52936	0.01889	0.06379	0.02435	0.01859	0.02628	0.01758	0.06468	0.01565	0.00864	0.00849	0.00257	0.00991	0.00860	0.00432	0.01232
9	0.11712	0.03760	0.43374	0.02312	0.06567	0.13315	0.02504	0.02721	0.01822	0.02674	0.01415	0.01673	0.01050	0.00796	0.00748	0.00253	0.01185	0.00586	0.00389	0.01144
10	0.02967	0.03701	0.02487	0.02526	0.10785	0.58934	0.01728	0.03217	0.02294	0.02122	0.01320	0.01571	0.01102	0.00841	0.00759	0.00218	0.01432	0.00562	0.00426	0.01009
11	0.02193	0.02233	0.03239	0.04714	0.57406	0.10509	0.02426	0.02650	0.01952	0.02625	0.01526	0.01983	0.01284	0.00755	0.00813	0.00242	0.01054	0.00713	0.00413	0.01270
12	0.02705	0.05120	0.02449	0.02265	0.09668	0.25975	0.01620	0.23573	0.02674	0.03204	0.01688	0.01973	0.01356	0.01631	0.10023	0.00384	0.01316	0.00678	0.00566	0.01133
13	0.01010	0.00733	0.00953	0.01129	0.01198	0.00677	0.00759	0.01160	0.01617	0.02131	0.04913	0.64835	0.10705	0.02559	0.01054	0.00332	0.00477	0.02309	0.00771	0.00677
14	0.02324	0.02537	0.02936	0.12466	0.37884	0.22662	0.02219	0.02737	0.02008	0.02422	0.01463	0.01900	0.01211	0.00789	0.00800	0.00240	0.01164	0.00675	0.00411	0.01153
15	0.01970	0.02115	0.02072	0.01877	0.02052	0.20729	0.01487	0.02201	0.01606	0.01985	0.01538	0.02225	0.01425	0.02930	0.24512	0.00656	0.26616	0.00728	0.00410	0.00867
16	0.01448	0.00792	0.00806	0.00813	0.01021	0.00769	0.00617	0.01806	0.01773	0.02935	0.03710	0.04132	0.12606	0.01203	0.00667	0.00215	0.00406	0.03103	0.60417	0.00762
17	0.03375	0.01959	0.05203	0.01715	0.02395	0.01864	0.01469	0.30435	0.03036	0.35800	0.02617	0.02403	0.01720	0.01003	0.00831	0.00254	0.00824	0.00786	0.00908	0.01405
18	0.14848	0.02896	0.28481	0.02952	0.15883	0.01966	0.16107	0.02589	0.01769	0.02845	0.01490	0.01855	0.01126	0.00756	0.00792	0.00263	0.01117	0.00694	0.00407	0.01164
19	0.02472	0.25624	0.03346	0.02860	0.22833	0.25009	0.01850	0.02794	0.01984	0.02228	0.01331	0.01624	0.01148	0.00770	0.00701	0.00213	0.01131	0.00571	0.00399	0.01111
20	0.01079	0.00866	0.00977	0.01006	0.01258	0.00763	0.00793	0.01347	0.01957	0.02434	0.15006	0.08038	0.45642	0.02089	0.01015	0.00299	0.00486	0.13431	0.00789	0.00725
21	0.01274	0.00994	0.01248	0.01418	0.03844	0.01017	0.00953	0.01896	0.14779	0.02429	0.04212	0.53528	0.04713	0.02221	0.01006	0.00322	0.00538	0.02001	0.00773	0.00834
22	0.01238	0.01010	0.01383	0.01365	0.01577	0.00985	0.05490	0.01744	0.09864	0.02430	0.07632	0.40954	0.14218	0.02133	0.01014	0.00315	0.00573	0.04508	0.00761	0.00805
23	0.01012	0.00723	0.00964	0.01157	0.01205	0.00675	0.00771	0.01157	0.01591	0.02121	0.04579	0.70262	0.05495	0.02603	0.01060	0.00337	0.00482	0.02362	0.00771	0.00675
24	0.38039	0.01861	0.01734	0.01436	0.01989	0.04626	0.01172	0.19811	0.05102	0.11274	0.04358	0.01985	0.01542	0.00922	0.00684	0.00254	0.00752	0.00647	0.00691	0.01121
25	0.02434	0.02378	0.02544	0.02187	0.04847	0.15291	0.09953	0.13239	0.31266	0.03328	0.02438	0.02445	0.01842	0.00979	0.00842	0.00261	0.00982	0.00826	0.00685	0.01233
26	0.01211	0.00936	0.01271	0.01238	0.01370	0.01048	0.00932	0.01443	0.01457	0.02025	0.07776	0.04364	0.10687	0.16312	0.38007	0.00953	0.06643	0.01090	0.00526	0.00711
27	0.01012	0.00723	0.00964	0.01157	0.01205	0.00675	0.00771	0.01157	0.01591	0.02121	0.04579	0.70262	0.05495	0.02603	0.01060	0.00337	0.00482	0.02362	0.00771	0.00675
28	0.02153	0.02763	0.14253	0.03657	0.29144	0.13379	0.14492	0.02795	0.04495	0.02602	0.01600	0.01987	0.01267	0.00776	0.00837	0.00252	0.01187	0.00739	0.00423	0.01200
29	0.01953	0.01756	0.02321	0.01976	0.02106	0.02301	0.01622	0.12479	0.01732	0.02532	0.01448	0.02205	0.01357	0.06008	0.08685	0.00463	0.46862	0.00775	0.00461	0.00956
30	0.02287	0.66246	0.04203	0.01475	0.02165	0.08108	0.01435	0.02550	0.01738	0.01960	0.01165	0.01345	0.01066	0.00722	0.00549	0.00180	0.00934	0.00451	0.00361	0.01058
31	0.01851	0.01726	0.02927	0.09704	0.44731	0.01746	0.04797	0.02336	0.01912	0.02678	0.06708	0.03342	0.02237	0.01021	0.00884	0.00270	0.00941	0.08534	0.00492	0.01162
32	0.01012	0.00723	0.00964	0.01157	0.01205	0.00675	0.00771	0.01157	0.01591	0.02121	0.04579	0.70262	0.05495	0.02603	0.01060	0.00337	0.00482	0.02362	0.00771	0.00675
33	0.01983	0.02254	0.11559	0.07602	0.54852	0.01962	0.02606	0.02541	0.01863	0.02677	0.01549	0.02024	0.01272	0.00751	0.00818	0.00250	0.01024	0.00724	0.00401	0.01287
34	0.05805	0.26376	0.10286	0.01765	0.02401	0.23841	0.01613	0.09144	0.02152	0.02508	0.01805	0.01946	0.05332	0.00893	0.00694	0.00217	0.01088	0.00613	0.00464	0.01057
35	0.01243	0.01000	0.01144	0.01174	0.01447	0.00962	0.00944	0.01795	0.10036	0.02544	0.09957	0.07667	0.35261	0.02010	0.01014	0.00311	0.00554	0.19343	0.00788	0.00806
36	0.02541	0.28377	0.03145	0.10668	0.05068	0.32934	0.01663	0.02829	0.02002	0.02040	0.01272	0.01550	0.01082	0.00795	0.00683	0.00210	0.01204	0.00535	0.00393	0.01008
37	0.01030	0.00892	0.00954	0.01031	0.03997	0.00758	0.00717	0.01253	0.01893	0.02265	0.08110	0.07730	0.62434	0.02043	0.00975	0.00279	0.00446	0.01708	0.00755	0.00729
38	0.01662	0.02218	0.14478	0.11280	0.03745	0.01757	0.31947	0.02291	0.01872	0.02502	0.02974	0.03309	0.14069	0.01015	0.00928	0.00277	0.01135	0.01040	0.00472	0.01029
39	0.02173	0.20053	0.27205	0.02009	0.02798	0.04744	0.02139	0.14632	0.02124	0.02879	0.01446	0.01698	0.01134	0.00907	0.01003	0.00252	0.10567	0.00612	0.00453	0.01172
40	0.01076	0.00845	0.00972	0.00941	0.01180	0.00741	0.00705	0.01375	0.02116	0.02773	0.36049	0.07124	0.37321	0.01907	0.00981	0.00271	0.00407	0.01631	0.00841	0.00741
41	0.01187	0.00890	0.01335	0.01335	0.01483	0.01038	0.01038	0.01483	0.01335	0.01928	0.02225	0.03264	0.02077	0.06231	0.67512	0.01335	0.02225	0.00890	0.00445	0.00742
42	0.02341	0.02619	0.02759	0.19789	0.26310	0.27310	0.02124	0.02741	0.02013	0.02303	0.01433	0.01879	0.01169	0.00808	0.00796	0.00242	0.01215	0.00660	0.00407	0.01082
43	0.01657	0.01620	0.01479	0.01472	0.04220	0.12655	0.01057	0.02354	0.14995	0.02674	0.16009	0.09029	0.24363	0.01584	0.00911	0.00268	0.00679	0.01322	0.00739	0.00913
44	0.01056	0.00858	0.00944	0.00960	0.01217	0.00746	0.00745	0.01314	0.01960	0.02429	0.15885	0.07922	0.49312	0.02072	0.01003	0.00291	0.00462	0.09312	0.00791	0.00721
45	0.02221	0.71304	0.04353	0.01421	0.02132	0.03287	0.01421	0.02488	0.01688	0.01955	0.01155	0.01333	0.01066	0.00711	0.00533	0.00178	0.00888	0.00444	0.00355	0.01066
46	0.02091	0.01632	0.02177	0.02593	0.22037	0.01690	0.01574	0.03217	0.25587	0.11194	0.03668	0.03585	0.12994	0.01162	0.00861	0.00267	0.00727	0.01004	0.00719	0.01221
47	0.01269	0.01011	0.01493	0.01445	0.01574	0.01235	0.01140	0.01551	0.01327	0.01938	0.02077	0.03075	0.01948	0.05608	0.59070	0.01209	0.10964	0.00869	0.00434	0.00763
48	0.00982	0.00842	0.00842	0.00842	0.01122	0.00701	0.00631	0.01192	0.01894	0.02244	0.08416	0.07995	0.65285	0.02104	0.00982	0.00281	0.00421	0.01753	0.00771	0.00701
49	0.16903	0.15597	0.02210	0.01413	0.01913	0.04901	0.01182	0.20914	0.02306	0.03453	0.01783	0.02146	0.01462	0.05377	0.04541	0.00320	0.00873	0.00659	0.11002	0.01044
50	0.01943	0.20111	0.26779	0.02982	0.19270	0.02301	0.10284	0.02578	0.01800	0.02488	0.01450	0.01790	0.01151	0.00746	0.00759	0.00240	0.01104	0.00652	0.00376	0.01196
51	0.02589	0.02206	0.02113	0.01754	0.02246	0.13240	0.01404	0.35694	0.02972	0.03798	0.02401	0.02615	0.06285	0.02108	0.14227	0.00464	0.01241	0.00816	0.00680	0.01147
52	0.01932	0.02641	0.20073	0.03996	0.34353	0.01994	0.17612	0.02598	0.01873	0.02679	0.01573	0.02024	0.01234	0.00743	0.00853	0.00259	0.01152	0.00767	0.00398	0.01245
53	0.01996	0.10751	0.02174	0.09407	0.02367	0.07551	0.01367	0.17035	0.02237	0.02860	0.02645	0.26525	0.02758	0.01533	0.00974	0.00278	0.04662	0.01270	0.00632	0.00977
54	0.05919	0.06125	0.38837	0.02727	0.06437	0.02035	0.20966	0.02620	0.01802	0.02677	0.01520	0.01876	0.01120	0.00756	0.00823	0.00264	0.01224	0.00715	0.00384	0.01175
55	0.00982	0.00842	0.00842	0.00842	0.01122	0.00701	0.00631	0.01192	0.01894	0.02244	0.08416	0.07995	0.65285	0.02104	0.00982	0.00281	0.00421	0.01753	0.00771	0.00701
56	0.02401	0.27224	0.11668	0.02459	0.15393	0.06531	0.01916	0.17595	0.02330	0.03019	0.01499	0.01710	0.01202	0.00807	0.00713	0.00223	0.00996	0.00608	0.00489	0.01218
57	0.01813	0.03370	0.40323	0.03240	0.19162	0.01970	0.13053	0.02616	0.01823	0.02657	0.01541	0.01912	0.01153	0.00762	0.00830	0.00262	0.01197	0.00708	0.00378	0.01231
58	0.01056	0.00833	0.00833	0.00833	0.01102	0.00711	0.00625	0.01289	0.01874	0.02355	0.07672	0.07357	0.57055	0.01956	0.00930	0.00269	0.00416	0.01626	0.10499	0.00711
59	0.02395	0.02617	0.03043	0.04141	0.45213	0.23174	0.02244	0.02798	0.02041	0.02494	0.01472	0.01875	0.01236	0.00778	0.00799	0.00236	0.01152	0.00674	0.00417	0.01202
60	0.17089	0.02121	0.13333	0.02299	0.14946	0.01835	0.01726	0.02996	0.20748	0.03208	0.09349	0.02654	0.02307	0.00983	0.00779	0.00264	0.00790	0.00807	0.00612	0.01154
61	0.01962	0.02473	0.16210	0.04017	0.37741	0.01994	0.12999	0.02725	0.06550	0.02745	0.01705	0.02106	0.01345	0.00772	0.00845	0.00258	0.01082	0.00772	0.00433	0.01264
62	0.01012	0.00723	0.00964	0.01157	0.01205	0.00675	0.00771	0.01157	0.01591	0.02121	0.04579	0.70262	0.05495	0.02603	0.01060	0.00337	0.00482	0.02362	0.00771	0.00675
63	0.01800	0.17631	0.50473	0.02331	0.06779	0.02205	0.02709	0.02598	0.01748	0.02500	0.01427	0.01686	0.01070	0.00771	0.00740	0.00245	0.01146	0.00587	0.00355	0.01200
64	0.01679	0.01528	0.02000	0.02549	0.21919	0.07053	0.01535	0.02155	0.04844	0.02791	0.21526	0.09700	0.04232	0.01467	0.00939	0.00280	0.00761	0.11388	0.00672	0.00981
65	0.02049	0.12073	0.42512	0.02349	0.06621	0.12805	0.02544	0.05172	0.01939	0.02563	0.01441	0.01688	0.01086	0.00797	0.00755	0.00243	0.01205	0.00593	0.00387	0.01178
66	0.03391	0.01400	0.01851	0.01441	0.02038	0.01242	0.01182	0.07039	0.02435	0.55478	0.07216	0.03268	0.05844	0.01126	0.00852	0.00258	0.00684	0.00921	0.00996	0.01337
67	0.12358	0.25707	0.24987	0.02212	0.07579	0.02393	0.09040	0.02554	0.01719	0.02569	0.01360	0.01637	0.01079	0.00747	0.00691	0.00235	0.01036	0.00587	0.00388	0.01123
68	0.01921	0.01897	0.03052	0.27899	0.33398	0.05005	0.06872	0.02522	0.04627	0.02497	0.01609	0.02149	0.01279	0.00793	0.00835	0.00260	0.01071	0.00757	0.00417	0.01141
69	0.01645	0.04150	0.63714	0.02311	0.03495	0.01881	0.02972	0.02586	0.01779	0.02661	0.04205	0.01944	0.01342	0.00828	0.00797	0.00263	0.01192	0.00652	0.00375	0.01209
70	0.01001	0.00767	0.00918	0.01039	0.01174	0.00685	0.00719	0.01170	0.01704	0.02167	0.06017	0.46928	0.27901	0.02416	0.01031	0.00316	0.00459	0.02134	0.00771	0.00685
71	0.01900	0.01792	0.02921	0.25342	0.39186	0.01943	0.02334	0.02618	0.08727	0.02607	0.01737	0.02223	0.01384	0.00812	0.00828	0.00260	0.00989	0.00762	0.00446	0.01189
72	0.01415	0.01318	0.01625	0.05705	0.15494	0.04102	0.01249	0.01830	0.05322	0.02407	0.05795	0.05878	0.39220	0.01635	0.00927	0.00274	0.00656	0.03593	0.00659	0.00895
73	0.13971	0.02701	0.29135	0.08178	0.15622	0.01789	0.02264	0.02395	0.01720	0.02771	0.05076	0.02150	0.01542	0.01240	0.05776	0.00340	0.01101	0.00693	0.00430	0.01104
74	0.02104	0.02303	0.03516	0.17481	0.21741	0.13372	0.22228	0.02630	0.01946	0.02454	0.01535	0.02054	0.01211	0.00766	0.00864	0.00258	0.01238	0.00784	0.00408	0.01107
75	0.02316	0.45462	0.14501	0.01737	0.02475	0.16816	0.01741	0.02690	0.01842	0.02086	0.01240	0.01440	0.01065	0.00755	0.00623	0.00200	0.01077	0.00493	0.00370	0.01072
76	0.02784	0.07272	0.02558	0.02285	0.06279	0.49504	0.01686	0.03013	0.02115	0.02064	0.01263	0.01574	0.01088	0.00937	0.01059	0.00238	0.12315	0.00573	0.00413	0.00981
77	0.01012	0.00723	0.00964	0.01157	0.01205	0.00675	0.00771	0.01157	0.01591	0.02121	0.04579	0.70262	0.05495	0.02603	0.01060	0.00337	0.00482	0.02362	0.00771	0.00675
78	0.02250	0.15791	0.02719	0.10498	0.02654	0.02431	0.01612	0.21779	0.02289	0.03112	0.01600	0.01980	0.01305	0.01311	0.04866	0.00322	0.16977	0.00690	0.04727	0.01089
79	0.02146	0.02081	0.02646	0.03320	0.31189	0.08310	0.01937	0.03312	0.26001	0.02901	0.02212	0.02392	0.01751	0.00944	0.00939	0.00264	0.05021	0.00797	0.00578	0.01257
80	0.00990	0.00809	0.00875	0.00929	0.01145	0.00694	0.00670	0.01182	0.01810	0.02210	0.07353	0.25237	0.48729	0.02242	0.01004	0.00296	0.00438	0.01922	0.00771	0.00694
81	0.01414	0.00993	0.01284	0.01220	0.01415	0.01101	0.00951	0.05310	0.01746	0.02608	0.10807	0.03710	0.06219	0.03585	0.31706	0.00747	0.05133	0.00972	0.18276	0.00802
82	0.02573	0.02435	0.02177	0.01878	0.02275	0.22705	0.01484	0.17749	0.07062	0.06513	0.01868	0.02165	0.01498	0.01933	0.12643	0.00445	0.10205	0.00722	0.00588	0.01081
83	0.00982	0.00842	0.00842	0.00842	0.01122	0.00701	0.00631	0.01192	0.01894	0.02244	0.08416	0.07995	0.65285	0.02104	0.00982	0.00281	0.00421	0.01753	0.00771	0.00701
84	0.02056	0.01974	0.03372	0.05099	0.65622	0.01974	0.02550	0.02550	0.01892	0.02714	0.01563	0.02056	0.01316	0.00740	0.00822	0.00247	0.00987	0.00740	0.00411	0.01316
85	0.02292	0.02074	0.02901	0.06270	0.39027	0.04773	0.02128	0.14340	0.11827	0.03261	0.01909	0.02188	0.01503	0.00857	0.00825	0.00252	0.00948	0.00764	0.00557	0.01305
86	0.01704	0.04073	0.60406	0.02631	0.09584	0.01934	0.03019	0.02623	0.01767	0.02639	0.01498	0.01783	0.01078	0.00785	0.00792	0.00262	0.01204	0.00626	0.00357	0.01236
87	0.01012	0.00723	0.00964	0.01157	0.01205	0.00675	0.00771	0.01157	0.01591	0.02121	0.04579	0.70262	0.05495	0.02603	0.01060	0.00337	0.00482	0.02362	0.00771	0.00675
88	0.18051	0.01618	0.02079	0.02062	0.13089	0.01583	0.01414	0.07882	0.02214	0.38032	0.02457	0.02334	0.01647	0.00924	0.00768	0.00255	0.00758	0.00735	0.00803	0.01293
89	0.02529	0.10724	0.03054	0.03388	0.31145	0.26703	0.02011	0.06211	0.02154	0.02513	0.01436	0.01760	0.01200	0.00795	0.00762	0.00227	0.01163	0.00630	0.00435	0.01160
90	0.02314	0.02799	0.01791	0.01657	0.02030	0.42618	0.01243	0.02526	0.02183	0.02112	0.03938	0.03916	0.24971	0.01321	0.00836	0.00239	0.01097	0.00988	0.00556	0.00866
91	0.01953	0.01948	0.02992	0.06306	0.23754	0.05575	0.12469	0.05935	0.01915	0.02587	0.02388	0.02787	0.09579	0.01080	0.01250	0.00280	0.14738	0.00900	0.00474	0.01088
92	0.00999	0.00839	0.00846	0.00846	0.01106	0.00709	0.00622	0.01193	0.01842	0.02197	0.07980	0.07803	0.60608	0.07264	0.01226	0.00320	0.00450	0.01712	0.00751	0.00686
93	0.01257	0.01282	0.09569	0.01230	0.01550	0.00902	0.01066	0.01611	0.01956	0.05232	0.25093	0.25274	0.17002	0.01905	0.00974	0.00288	0.00547	0.01668	0.00775	0.00819
94	0.01781	0.08819	0.46520	0.02579	0.03671	0.02074	0.17745	0.02628	0.01800	0.02588	0.01513	0.01843	0.01105	0.00761	0.00818	0.00261	0.01245	0.00692	0.00368	0.01189
95	0.01714	0.03413	0.45505	0.02085	0.03053	0.01871	0.02450	0.02966	0.17267	0.02812	0.02481	0.02557	0.06246	0.00972	0.00818	0.00269	0.01025	0.00780	0.00505	0.01210

[dist]
# distance from previous block
# <min> <max>
4	7

[block]
# block no. 5 follows, 22 sequences, length 123
# corresponding to MSA columns:
# 227-349
name=unknown_F
#
# <colnr> <probs for GDERKNQSTAVLIFYWHMCP>
#	G	D	E	R	K	N	Q	S	T	A	V	L	I	F	Y	W	H	M	C	P
0	0.03103	0.03959	0.02354	0.02140	0.02568	0.67469	0.01605	0.03317	0.02354	0.02033	0.01284	0.01498	0.01070	0.00856	0.00749	0.00214	0.01498	0.00535	0.00428	0.00963
1	0.02318	0.01554	0.05060	0.01405	0.01928	0.01405	0.01183	0.09703	0.14520	0.22444	0.04759	0.04441	0.22952	0.01388	0.00883	0.00269	0.00653	0.01138	0.00849	0.01148
2	0.01197	0.00883	0.00972	0.00943	0.01229	0.00758	0.00723	0.01449	0.01993	0.06356	0.16453	0.07472	0.49933	0.01986	0.00980	0.00281	0.00450	0.04372	0.00808	0.00761
3	0.01666	0.04297	0.66500	0.02368	0.03596	0.01929	0.03069	0.02631	0.01754	0.02631	0.01491	0.01754	0.01052	0.00789	0.00789	0.00263	0.01228	0.00614	0.00351	0.01228
4	0.01515	0.01373	0.01964	0.01775	0.01846	0.01822	0.01444	0.01752	0.01302	0.01965	0.01635	0.02511	0.01564	0.03745	0.33806	0.00830	0.37114	0.00805	0.00403	0.00829
5	0.01300	0.00944	0.01285	0.01455	0.01656	0.00928	0.01262	0.01664	0.01910	0.02460	0.04836	0.09221	0.11374	0.02274	0.01129	0.00371	0.00727	0.53680	0.00766	0.00758
6	0.01010	0.00818	0.00901	0.00960	0.01177	0.00709	0.00707	0.01213	0.01818	0.02227	0.07219	0.23809	0.46752	0.02241	0.01011	0.00301	0.00456	0.05204	0.00771	0.00698
7	0.02731	0.02855	0.02679	0.07009	0.20274	0.29348	0.01904	0.17613	0.02563	0.03012	0.01547	0.01819	0.01225	0.00857	0.00795	0.00236	0.01189	0.00657	0.00518	0.01169
8	0.01666	0.04297	0.66500	0.02368	0.03596	0.01929	0.03069	0.02631	0.01754	0.02631	0.01491	0.01754	0.01052	0.00789	0.00789	0.00263	0.01228	0.00614	0.00351	0.01228
9	0.01300	0.00977	0.01258	0.01386	0.01613	0.00961	0.01180	0.01754	0.05375	0.02488	0.05234	0.08716	0.18094	0.02187	0.01094	0.00354	0.00683	0.43795	0.00771	0.00781
10	0.02056	0.01974	0.03372	0.05099	0.65622	0.01974	0.02550	0.02550	0.01892	0.02714	0.01563	0.02056	0.01316	0.00740	0.00822	0.00247	0.00987	0.00740	0.00411	0.01316
11	0.01257	0.01315	0.04877	0.01244	0.01600	0.04990	0.04224	0.01567	0.01944	0.02363	0.09760	0.07016	0.43826	0.01881	0.00977	0.00287	0.00625	0.08751	0.00715	0.00781
12	0.00982	0.00842	0.00842	0.00842	0.01122	0.00701	0.00631	0.01192	0.01894	0.02244	0.08416	0.07995	0.65285	0.02104	0.00982	0.00281	0.00421	0.01753	0.00771	0.00701
13	0.01968	0.02054	0.04010	0.10076	0.31523	0.02022	0.30670	0.02563	0.01903	0.02636	0.01610	0.02157	0.01271	0.00730	0.00897	0.00265	0.01192	0.00853	0.00412	0.01189
14	0.02241	0.02324	0.03193	0.04577	0.54504	0.13522	0.02383	0.02685	0.01973	0.02594	0.01514	0.01958	0.01273	0.00761	0.00809	0.00241	0.01077	0.00704	0.00414	0.01254
15	0.01012	0.00723	0.00964	0.01157	0.01205	0.00675	0.00771	0.01157	0.01591	0.02121	0.04579	0.70262	0.05495	0.02603	0.01060	0.00337	0.00482	0.02362	0.00771	0.00675
16	0.01912	0.01420	0.02082	0.02684	0.26670	0.01352	0.01540	0.02350	0.04433	0.12879	0.07037	0.04610	0.22630	0.01346	0.00897	0.00267	0.00711	0.03411	0.00681	0.01088
17	0.02056	0.01974	0.03372	0.05099	0.65622	0.01974	0.02550	0.02550	0.01892	0.02714	0.01563	0.02056	0.01316	0.00740	0.00822	0.00247	0.00987	0.00740	0.00411	0.01316
18	0.01961	0.02241	0.04902	0.03501	0.04342	0.02101	0.62605	0.02661	0.01961	0.02661	0.01681	0.02241	0.01261	0.00700	0.00980	0.00280	0.01401	0.00980	0.00420	0.01120
19	0.02003	0.01920	0.03276	0.12035	0.59101	0.01960	0.02523	0.02503	0.01867	0.02650	0.01553	0.02073	0.01293	0.00750	0.00823	0.00250	0.01000	0.00740	0.00407	0.01273
20	0.01803	0.19021	0.49888	0.02211	0.03307	0.02238	0.05477	0.02601	0.01749	0.02483	0.01425	0.01683	0.01065	0.00768	0.00741	0.00245	0.01161	0.00593	0.00355	0.01187
21	0.01187	0.00890	0.01335	0.01335	0.01483	0.01038	0.01038	0.01483	0.01335	0.01928	0.02225	0.03264	0.02077	0.06231	0.67512	0.01335	0.02225	0.00890	0.00445	0.00742
22	0.00992	0.00802	0.00882	0.00947	0.01150	0.00692	0.00678	0.01180	0.01792	0.02203	0.07133	0.28816	0.45292	0.02271	0.01008	0.00300	0.00441	0.01957	0.00771	0.00692
23	0.01021	0.00843	0.00896	0.00882	0.01146	0.00718	0.00662	0.01268	0.01986	0.02463	0.19825	0.07635	0.53739	0.02022	0.00981	0.00277	0.00415	0.01703	0.00800	0.00718
24	0.01870	0.01257	0.01386	0.04929	0.01742	0.01322	0.01000	0.18559	0.02358	0.03428	0.03505	0.06738	0.12183	0.01277	0.00772	0.00242	0.00598	0.03472	0.32422	0.00942
25	0.01056	0.00788	0.00982	0.01052	0.01198	0.00714	0.00744	0.01292	0.01893	0.02523	0.24176	0.36620	0.19499	0.02212	0.01018	0.00301	0.00441	0.01961	0.00816	0.00714
26	0.02029	0.01946	0.03323	0.08641	0.62292	0.01967	0.02536	0.02526	0.01879	0.02681	0.01558	0.02065	0.01304	0.00745	0.00823	0.00248	0.00994	0.00740	0.00409	0.01294
27	0.03060	0.07534	0.02481	0.02075	0.02545	0.56828	0.01592	0.09753	0.02486	0.02377	0.01354	0.01543	0.01107	0.00863	0.00746	0.00216	0.01401	0.00553	0.00468	0.01018
28	0.02257	0.01826	0.01929	0.01646	0.02150	0.02041	0.01305	0.21897	0.37402	0.03851	0.03625	0.03411	0.10525	0.01217	0.00859	0.00272	0.00705	0.00989	0.00831	0.01263
29	0.01011	0.00728	0.00959	0.01144	0.01202	0.00676	0.00766	0.01158	0.01603	0.02126	0.04731	0.67784	0.07874	0.02583	0.01057	0.00335	0.00480	0.02337	0.00771	0.00676
30	0.01705	0.01309	0.01449	0.01333	0.01675	0.01342	0.01038	0.18464	0.07340	0.03159	0.05053	0.19842	0.24283	0.01848	0.00961	0.00293	0.00619	0.06548	0.00793	0.00946
31	0.02406	0.02383	0.02792	0.16864	0.26927	0.16612	0.02099	0.14513	0.02344	0.02938	0.01568	0.01953	0.01238	0.00835	0.00810	0.00246	0.01111	0.00696	0.00489	0.01176
32	0.01012	0.00723	0.00964	0.01157	0.01205	0.00675	0.00771	0.01157	0.01591	0.02121	0.04579	0.70262	0.05495	0.02603	0.01060	0.00337	0.00482	0.02362	0.00771	0.00675
33	0.01889	0.31243	0.41509	0.01987	0.03007	0.02475	0.02407	0.02573	0.01727	0.02359	0.01356	0.01585	0.01058	0.00758	0.00686	0.00229	0.01091	0.00546	0.00353	0.01163
34	0.01755	0.09225	0.02450	0.02404	0.16097	0.09016	0.05269	0.02108	0.01650	0.02163	0.01822	0.02524	0.01634	0.03466	0.33816	0.00777	0.01672	0.00774	0.00424	0.00953
35	0.03727	0.01414	0.01928	0.01478	0.02121	0.01221	0.01221	0.04049	0.02378	0.66198	0.03277	0.02828	0.02056	0.01028	0.00835	0.00257	0.00707	0.00835	0.01028	0.01414
36	0.02056	0.01974	0.03372	0.05099	0.65622	0.01974	0.02550	0.02550	0.01892	0.02714	0.01563	0.02056	0.01316	0.00740	0.00822	0.00247	0.00987	0.00740	0.00411	0.01316
37	0.02056	0.01974	0.03372	0.05099	0.65622	0.01974	0.02550	0.02550	0.01892	0.02714	0.01563	0.02056	0.01316	0.00740	0.00822	0.00247	0.00987	0.00740	0.00411	0.01316
38	0.01434	0.00793	0.00860	0.00860	0.01005	0.00808	0.00608	0.01722	0.01578	0.02637	0.02641	0.03656	0.02331	0.17689	0.08061	0.00449	0.00666	0.00886	0.50607	0.00708
39	0.03473	0.01470	0.01920	0.01511	0.02127	0.01350	0.01235	0.04104	0.11813	0.56612	0.03293	0.02869	0.02130	0.01043	0.00837	0.00261	0.00699	0.00851	0.01000	0.01399
40	0.01165	0.00849	0.01095	0.01034	0.01234	0.00779	0.00775	0.01546	0.02326	0.03270	0.61972	0.06307	0.11088	0.01721	0.00980	0.00262	0.00394	0.01517	0.00906	0.00779
41	0.03042	0.03006	0.02361	0.01971	0.02512	0.31972	0.01551	0.33230	0.03117	0.03656	0.01941	0.02020	0.03932	0.00979	0.00800	0.00235	0.01159	0.00693	0.00646	0.01179
42	0.06192	0.01485	0.02413	0.64640	0.05468	0.01847	0.02220	0.02142	0.01646	0.02221	0.01457	0.02162	0.01095	0.00827	0.00811	0.00276	0.01079	0.00721	0.00378	0.00921
43	0.02545	0.02901	0.02897	0.03717	0.36174	0.32562	0.02108	0.02908	0.02108	0.02396	0.01433	0.01796	0.01201	0.00794	0.00788	0.00231	0.01226	0.00644	0.00419	0.01151
44	0.01187	0.00890	0.01335	0.01335	0.01483	0.01038	0.01038	0.01483	0.01335	0.01928	0.02225	0.03264	0.02077	0.06231	0.67512	0.01335	0.02225	0.00890	0.00445	0.00742
45	0.02159	0.63780	0.11332	0.01528	0.02297	0.03135	0.01607	0.02504	0.01695	0.02030	0.01193	0.01380	0.01065	0.00720	0.00562	0.00187	0.00927	0.00463	0.00355	0.01084
46	0.01815	0.03938	0.52279	0.02323	0.03316	0.07864	0.02772	0.02608	0.01744	0.02494	0.01419	0.01740	0.01059	0.00884	0.01043	0.00272	0.10290	0.00622	0.00359	0.01162
47	0.02711	0.02028	0.02189	0.01782	0.02349	0.02253	0.01435	0.38378	0.22995	0.06911	0.02633	0.06185	0.02025	0.01130	0.00849	0.00265	0.00800	0.00903	0.00840	0.01340
48	0.01012	0.00723	0.00964	0.01157	0.01205	0.00675	0.00771	0.01157	0.01591	0.02121	0.04579	0.70262	0.05495	0.02603	0.01060	0.00337	0.00482	0.02362	0.00771	0.00675
49	0.02312	0.02280	0.02033	0.01785	0.02137	0.21879	0.01405	0.17114	0.02304	0.02798	0.02137	0.02545	0.05389	0.02526	0.19548	0.00555	0.08935	0.00782	0.00546	0.00990
50	0.01010	0.00816	0.00898	0.00934	0.01153	0.00704	0.00679	0.01225	0.01876	0.02335	0.13751	0.21629	0.45744	0.02170	0.00999	0.00291	0.00431	0.01861	0.00787	0.00704
51	0.00984	0.00835	0.00848	0.00859	0.01127	0.00700	0.00639	0.01190	0.01877	0.02237	0.08202	0.11465	0.61953	0.02132	0.00986	0.00284	0.00424	0.01787	0.00771	0.00700
52	0.01012	0.00723	0.00964	0.01157	0.01205	0.00675	0.00771	0.01157	0.01591	0.02121	0.04579	0.70262	0.05495	0.02603	0.01060	0.00337	0.00482	0.02362	0.00771	0.00675
53	0.02221	0.71304	0.04353	0.01421	0.02132	0.03287	0.01421	0.02488	0.01688	0.01955	0.01155	0.01333	0.01066	0.00711	0.00533	0.00178	0.00888	0.00444	0.00355	0.01066
54	0.01035	0.00844	0.00916	0.00898	0.01155	0.00724	0.00673	0.01296	0.02020	0.02544	0.24046	0.07502	0.49468	0.01992	0.00981	0.00275	0.00413	0.01684	0.00811	0.00724
55	0.01384	0.01078	0.01284	0.01192	0.01460	0.01094	0.00906	0.02245	0.17457	0.03309	0.47024	0.05540	0.09599	0.01580	0.00947	0.00267	0.00459	0.01378	0.00890	0.00910
56	0.02061	0.02123	0.02898	0.20071	0.38473	0.12272	0.02267	0.02514	0.01909	0.02443	0.01762	0.02235	0.03692	0.00833	0.00819	0.00250	0.01076	0.00746	0.00417	0.01140
57	0.01633	0.01524	0.02163	0.02969	0.31352	0.04862	0.01621	0.01999	0.01961	0.02624	0.14079	0.11563	0.15486	0.01387	0.00903	0.00264	0.00745	0.01241	0.00609	0.01013
58	0.01053	0.00769	0.00923	0.01025	0.01113	0.00713	0.00674	0.01177	0.01564	0.02023	0.04951	0.40555	0.18168	0.19197	0.01819	0.00439	0.00548	0.01944	0.00706	0.00639
59	0.01818	0.01818	0.02545	0.02181	0.02181	0.02545	0.01818	0.01999	0.01272	0.01999	0.01091	0.01818	0.01091	0.01454	0.02726	0.00364	0.69284	0.00727	0.00364	0.00909
60	0.01221	0.00953	0.01079	0.01078	0.01330	0.00883	0.00825	0.06179	0.02059	0.02616	0.13539	0.17770	0.36943	0.02072	0.01001	0.00296	0.00504	0.08089	0.00792	0.00770
61	0.01208	0.00805	0.00906	0.00906	0.00906	0.00805	0.00503	0.01208	0.01208	0.01611	0.02618	0.05436	0.03020	0.70804	0.04228	0.00805	0.00805	0.01208	0.00503	0.00503
