[name]
unknown

[dist]
# distance from previous block
# <min> <max>
0	5

[block]
# block no. 0 follows, 22 sequences, length 66
# corresponding to MSA columns:
# 5-70
name=unknown_A
#
# <colnr> <probs for GDERKNQSTAVLIFYWHMCP>
#	G	D	E	R	K	N	Q	S	T	A	V	L	I	F	Y	W	H	M	C	P
0	0.01637	0.01430	0.02096	0.13017	0.19186	0.04126	0.01820	0.02068	0.01886	0.02470	0.03066	0.06001	0.03141	0.01597	0.00996	0.00323	0.00907	0.32693	0.00596	0.00943
1	0.01482	0.01147	0.01625	0.10147	0.11070	0.01161	0.01229	0.05162	0.01922	0.02567	0.18597	0.04471	0.16755	0.01750	0.01410	0.16261	0.00674	0.01142	0.00621	0.00807
2	0.01878	0.01261	0.01426	0.01257	0.01655	0.01253	0.00982	0.06135	0.17658	0.13793	0.15363	0.05249	0.25620	0.01546	0.00914	0.00272	0.00552	0.01294	0.00861	0.01031
3	0.01773	0.01624	0.02050	0.01876	0.04707	0.08554	0.10543	0.11336	0.02104	0.02688	0.03370	0.31945	0.06907	0.05141	0.01121	0.00317	0.00835	0.01537	0.00661	0.00910
4	0.12828	0.01150	0.01390	0.10901	0.02032	0.01259	0.01096	0.04188	0.01755	0.02586	0.07576	0.24951	0.16448	0.01755	0.01039	0.00298	0.05824	0.01465	0.00654	0.00806
5	0.01540	0.00937	0.01152	0.01056	0.01350	0.00826	0.00807	0.01846	0.02163	0.13700	0.32312	0.09405	0.26196	0.01765	0.00960	0.00271	0.00460	0.01515	0.00878	0.00859
6	0.01136	0.00853	0.01006	0.00983	0.01169	0.00768	0.00691	0.01364	0.01859	0.02489	0.25773	0.14133	0.22003	0.16495	0.01660	0.00384	0.00509	0.01564	0.00750	0.04409
7	0.01419	0.00926	0.01102	0.01071	0.01321	0.00834	0.00790	0.03649	0.01992	0.09833	0.16030	0.23360	0.28277	0.04171	0.01083	0.00305	0.00494	0.01716	0.00819	0.00808
8	0.01133	0.00813	0.01163	0.01257	0.01357	0.00861	0.00925	0.01337	0.01466	0.02020	0.03328	0.32480	0.03677	0.04271	0.31803	0.04540	0.01314	0.04960	0.00600	0.00695
9	0.01346	0.01118	0.01484	0.01396	0.01561	0.01326	0.01106	0.01716	0.04871	0.02162	0.03385	0.03939	0.15261	0.03764	0.32216	0.00783	0.15847	0.01034	0.04883	0.00802
10	0.04301	0.01466	0.02288	0.01822	0.02304	0.01439	0.17345	0.06028	0.07688	0.09794	0.09103	0.03890	0.07640	0.01175	0.00864	0.00264	0.00785	0.05490	0.15293	0.01019
11	0.04159	0.00801	0.00985	0.01072	0.01152	0.00775	0.00711	0.01292	0.01617	0.02264	0.14315	0.40108	0.05083	0.19625	0.01826	0.00439	0.00555	0.01845	0.00718	0.00659
12	0.01129	0.00798	0.00904	0.00938	0.01002	0.00762	0.00576	0.01196	0.01411	0.01826	0.04101	0.17569	0.15619	0.45154	0.03026	0.00619	0.00672	0.01522	0.00604	0.00573
13	0.01509	0.01080	0.01253	0.01206	0.01374	0.01113	0.00838	0.13237	0.01908	0.02541	0.03451	0.26898	0.06788	0.27106	0.05440	0.00536	0.00766	0.01525	0.00670	0.00762
14	0.01292	0.00901	0.01073	0.01110	0.01190	0.00902	0.00729	0.06127	0.01603	0.02136	0.03411	0.30747	0.03935	0.35649	0.02587	0.00560	0.00686	0.04062	0.00645	0.00654
15	0.32076	0.01117	0.00972	0.00919	0.01220	0.01221	0.00701	0.02055	0.01545	0.03177	0.02067	0.02664	0.01735	0.09181	0.00987	0.00292	0.00541	0.00694	0.36042	0.00793
16	0.02110	0.02692	0.15513	0.06782	0.41973	0.11368	0.02505	0.02658	0.01922	0.02575	0.01505	0.01924	0.01220	0.00770	0.00806	0.00246	0.01112	0.00686	0.00400	0.01232
17	0.02978	0.02454	0.02349	0.01887	0.02466	0.12575	0.01519	0.48618	0.03478	0.04486	0.02090	0.07363	0.01685	0.01103	0.00837	0.00251	0.00971	0.00843	0.00763	0.01284
18	0.02137	0.25618	0.33874	0.01972	0.02923	0.02495	0.02245	0.14341	0.02153	0.02920	0.01480	0.01664	0.01127	0.00804	0.00714	0.00233	0.01057	0.00585	0.00446	0.01212
19	0.02464	0.52784	0.03803	0.01619	0.02252	0.20937	0.01472	0.02716	0.01871	0.01976	0.01190	0.01378	0.01067	0.00751	0.00592	0.00188	0.01056	0.00469	0.00375	0.01038
20	0.01175	0.00931	0.01075	0.01115	0.01320	0.00898	0.00805	0.01691	0.10773	0.02516	0.13702	0.31677	0.25012	0.02107	0.00993	0.00301	0.00475	0.01844	0.00801	0.00790
21	0.01804	0.01512	0.01732	0.01330	0.01972	0.01295	0.01050	0.06209	0.10225	0.02925	0.02013	0.07393	0.01758	0.00867	0.00695	0.00170	0.00629	0.00718	0.00583	0.55119
22	0.07971	0.01534	0.01824	0.14554	0.02530	0.01716	0.01304	0.22843	0.02325	0.03259	0.06039	0.03232	0.02183	0.19799	0.05021	0.00458	0.00933	0.00900	0.00615	0.00961
23	0.05212	0.02682	0.03298	0.03383	0.23129	0.24168	0.18074	0.02894	0.02068	0.04981	0.01551	0.01920	0.01231	0.00781	0.00829	0.00245	0.01246	0.00727	0.00447	0.01133
24	0.02034	0.02050	0.06890	0.01582	0.02013	0.13106	0.01319	0.15115	0.07289	0.03400	0.27774	0.07067	0.04226	0.01330	0.00886	0.00256	0.00789	0.01101	0.00754	0.01019
25	0.02617	0.02007	0.02203	0.01655	0.02347	0.02023	0.01355	0.39969	0.03084	0.04283	0.01799	0.01892	0.01344	0.00853	0.00750	0.00202	0.00802	0.00652	0.00703	0.29459
26	0.02176	0.56425	0.14655	0.01619	0.02401	0.06542	0.01707	0.02557	0.01735	0.02072	0.01218	0.01412	0.01064	0.00732	0.00588	0.00194	0.00978	0.00478	0.00359	0.01088
27	0.02287	0.02435	0.02889	0.07125	0.39559	0.19691	0.02166	0.02801	0.05289	0.02531	0.01696	0.02271	0.01447	0.00861	0.00818	0.00247	0.01105	0.03153	0.00451	0.01178
28	0.01032	0.00767	0.00922	0.01035	0.01140	0.00701	0.00695	0.01174	0.01618	0.02081	0.05338	0.44063	0.21354	0.12264	0.01494	0.00389	0.00512	0.02031	0.00733	0.00657
29	0.01012	0.00723	0.00964	0.01157	0.01205	0.00675	0.00771	0.01157	0.01591	0.02121	0.04579	0.70262	0.05495	0.02603	0.01060	0.00337	0.00482	0.02362	0.00771	0.00675
30	0.03103	0.03959	0.02354	0.02140	0.02568	0.67469	0.01605	0.03317	0.02354	0.02033	0.01284	0.01498	0.01070	0.00856	0.00749	0.00214	0.01498	0.00535	0.00428	0.00963
31	0.02140	0.02121	0.03204	0.04664	0.56894	0.07205	0.02402	0.02719	0.05554	0.02704	0.01646	0.02072	0.01367	0.00772	0.00818	0.00246	0.01009	0.00735	0.00438	0.01288
32	0.03158	0.02327	0.02493	0.01911	0.02576	0.02576	0.01579	0.62852	0.03906	0.05236	0.01995	0.01995	0.01413	0.00997	0.00831	0.00249	0.00914	0.00748	0.00831	0.01413
33	0.01012	0.00723	0.00964	0.01157	0.01205	0.00675	0.00771	0.01157	0.01591	0.02121	0.04579	0.70262	0.05495	0.02603	0.01060	0.00337	0.00482	0.02362	0.00771	0.00675
34	0.01334	0.01079	0.01202	0.01200	0.01501	0.01057	0.00964	0.04425	0.11509	0.02623	0.06307	0.07358	0.36912	0.01959	0.00999	0.00306	0.00569	0.17071	0.00784	0.00842
35	0.02108	0.63608	0.04023	0.01412	0.02061	0.03041	0.01380	0.02378	0.01649	0.01952	0.01272	0.01544	0.01177	0.01314	0.07854	0.00304	0.01035	0.00493	0.00365	0.01031
36	0.01436	0.01065	0.01206	0.01118	0.01430	0.01029	0.00855	0.02133	0.14231	0.06944	0.26718	0.06091	0.29150	0.01704	0.00945	0.00273	0.00475	0.01449	0.00852	0.00895
37	0.01004	0.00754	0.00931	0.01073	0.01183	0.00682	0.00734	0.01166	0.01671	0.02154	0.05598	0.53717	0.21381	0.02470	0.01039	0.00322	0.00466	0.02200	0.00771	0.00682
38	0.02762	0.03390	0.02405	0.02151	0.02465	0.50218	0.01662	0.02967	0.02067	0.02024	0.01233	0.01583	0.01076	0.01015	0.01274	0.00254	0.19509	0.00586	0.00411	0.00949
39	0.01696	0.01706	0.01606	0.01549	0.01772	0.18690	0.01189	0.01971	0.01606	0.01956	0.01975	0.02795	0.01809	0.04802	0.49773	0.01037	0.02032	0.00796	0.00441	0.00801
40	0.03036	0.03833	0.02419	0.02329	0.06595	0.63286	0.01665	0.03268	0.02325	0.02077	0.01302	0.01534	0.01086	0.00849	0.00754	0.00216	0.01465	0.00548	0.00427	0.00986
41	0.01208	0.00805	0.00906	0.00906	0.00906	0.00805	0.00503	0.01208	0.01208	0.01611	0.02618	0.05436	0.03020	0.70804	0.04228	0.00805	0.00805	0.01208	0.00503	0.00503
42	0.03106	0.03864	0.02362	0.02127	0.02569	0.63691	0.01604	0.06783	0.02445	0.02220	0.01325	0.01527	0.01090	0.00864	0.00754	0.00216	0.01464	0.00547	0.00451	0.00989
43	0.01116	0.00823	0.01043	0.01038	0.01217	0.00751	0.00759	0.01434	0.02137	0.02939	0.45198	0.18968	0.15633	0.01933	0.00996	0.00279	0.00414	0.01706	0.00866	0.00751
44	0.02931	0.17106	0.02744	0.02000	0.02483	0.54940	0.01569	0.03155	0.02224	0.02018	0.01259	0.01466	0.01069	0.00828	0.00707	0.00207	0.01379	0.00517	0.00414	0.00983
45	0.22003	0.52785	0.03521	0.01334	0.01993	0.02909	0.01283	0.02475	0.01615	0.02426	0.01155	0.01337	0.01022	0.00727	0.00528	0.00199	0.00823	0.00446	0.00398	0.01022
46	0.01124	0.00847	0.01039	0.00991	0.01209	0.00762	0.00743	0.01468	0.02230	0.03043	0.50100	0.06681	0.23103	0.01806	0.00980	0.00266	0.00400	0.01569	0.00876	0.00762
47	0.01339	0.00956	0.01339	0.01530	0.01721	0.00956	0.01339	0.01721	0.01912	0.02486	0.04399	0.09371	0.04781	0.02295	0.01147	0.00382	0.00765	0.60031	0.00765	0.00765
48	0.42463	0.15169	0.02398	0.02221	0.18718	0.02168	0.01439	0.02479	0.01594	0.03116	0.01264	0.01534	0.01042	0.00751	0.00600	0.00239	0.00782	0.00526	0.00456	0.01042
49	0.01020	0.00854	0.00895	0.00915	0.01186	0.00729	0.00707	0.01249	0.01896	0.02270	0.07985	0.08142	0.58798	0.02124	0.01000	0.00291	0.00458	0.08001	0.00771	0.00708
50	0.01148	0.00815	0.00889	0.00889	0.00963	0.00778	0.00537	0.01204	0.01390	0.01779	0.04158	0.06116	0.19565	0.52550	0.03366	0.00666	0.00703	0.01353	0.00575	0.00556
51	0.01775	0.17378	0.54368	0.02183	0.03310	0.02194	0.02748	0.02603	0.01741	0.02499	0.01425	0.01672	0.01055	0.00774	0.00739	0.00246	0.01162	0.00581	0.00352	0.01196
52	0.02197	0.02240	0.03235	0.04702	0.57160	0.10763	0.02423	0.02653	0.01954	0.02623	0.01525	0.01981	0.01283	0.00756	0.00813	0.00242	0.01056	0.00713	0.00413	0.01269
53	0.01121	0.00910	0.01016	0.01059	0.01323	0.00824	0.00847	0.01463	0.04423	0.02358	0.07144	0.08162	0.46663	0.02115	0.01020	0.00308	0.00522	0.17205	0.00773	0.00743
54	0.01208	0.00805	0.00906	0.00906	0.00906	0.00805	0.00503	0.01208	0.01208	0.01611	0.02618	0.05436	0.03020	0.70804	0.04228	0.00805	0.00805	0.01208	0.00503	0.00503
55	0.02056	0.01974	0.03372	0.05099	0.65622	0.01974	0.02550	0.02550	0.01892	0.02714	0.01563	0.02056	0.01316	0.00740	0.00822	0.00247	0.00987	0.00740	0.00411	0.01316
56	0.02977	0.13633	0.02641	0.02037	0.02506	0.58250	0.01579	0.03198	0.02259	0.02022	0.01266	0.01474	0.01070	0.00835	0.00718	0.00209	0.01411	0.00522	0.00418	0.00978
57	0.03133	0.03059	0.02431	0.02014	0.02573	0.31659	0.01591	0.36171	0.03210	0.03800	0.01676	0.01772	0.01259	0.00934	0.00794	0.00233	0.01176	0.00653	0.00650	0.01211
58	0.01224	0.00871	0.01142	0.01154	0.01321	0.00833	0.00891	0.01557	0.02071	0.02860	0.40045	0.06936	0.06334	0.11784	0.01491	0.00372	0.00550	0.17012	0.00816	0.00739
59	0.02221	0.71304	0.04353	0.01421	0.02132	0.03287	0.01421	0.02488	0.01688	0.01955	0.01155	0.01333	0.01066	0.00711	0.00533	0.00178	0.00888	0.00444	0.00355	0.01066
60	0.02291	0.65931	0.04194	0.01479	0.02167	0.08408	0.01436	0.02554	0.01741	0.01961	0.01165	0.01346	0.01066	0.00722	0.00550	0.00181	0.00937	0.00451	0.00361	0.01058
61	0.01148	0.00815	0.00889	0.00889	0.00963	0.00778	0.00537	0.01204	0.01390	0.01779	0.04158	0.06116	0.19565	0.52550	0.03366	0.00666	0.00703	0.01353	0.00575	0.00556
62	0.01953	0.02591	0.20146	0.04373	0.49141	0.01962	0.02688	0.02571	0.01855	0.02692	0.01544	0.01976	0.01246	0.00753	0.00814	0.00251	0.01051	0.00707	0.00395	0.01292
63	0.01077	0.00872	0.00974	0.01024	0.01281	0.00769	0.00819	0.01333	0.01899	0.02308	0.07348	0.08361	0.49209	0.02155	0.01026	0.00308	0.00512	0.17238	0.00770	0.00718
64	0.01666	0.04297	0.66500	0.02368	0.03596	0.01929	0.03069	0.02631	0.01754	0.02631	0.01491	0.01754	0.01052	0.00789	0.00789	0.00263	0.01228	0.00614	0.00351	0.01228
65	0.01832	0.24314	0.47935	0.02085	0.03158	0.02335	0.02577	0.02588	0.01734	0.02429	0.01390	0.01628	0.01056	0.00766	0.00713	0.00238	0.01126	0.00563	0.00352	0.01179

[dist]
# distance from previous block
# <min> <max>
0	1

[block]
# block no. 1 follows, 22 sequences, length 35
# corresponding to MSA columns:
# 72-106
name=unknown_B
#
# <colnr> <probs for GDERKNQSTAVLIFYWHMCP>
#	G	D	E	R	K	N	Q	S	T	A	V	L	I	F	Y	W	H	M	C	P
0	0.02948	0.15786	0.02705	0.02014	0.02492	0.56198	0.01573	0.03172	0.02237	0.02019	0.01261	0.01469	0.01069	0.00831	0.00711	0.00208	0.01391	0.00519	0.00415	0.00981
1	0.06992	0.03377	0.02333	0.02035	0.02502	0.46688	0.01571	0.16491	0.02603	0.02836	0.01427	0.01615	0.01138	0.00909	0.00840	0.00231	0.04248	0.00586	0.00520	0.01058
2	0.01874	0.26391	0.42058	0.02219	0.06863	0.02383	0.02491	0.02578	0.01740	0.02411	0.01384	0.01632	0.01073	0.00760	0.00706	0.00234	0.01101	0.00565	0.00356	0.01179
3	0.01167	0.00936	0.01072	0.01126	0.01388	0.00868	0.00913	0.01562	0.05551	0.02399	0.06749	0.08178	0.40943	0.02112	0.01030	0.00315	0.00552	0.21606	0.00774	0.00759
4	0.02030	0.02048	0.03795	0.04657	0.48680	0.02009	0.19153	0.02580	0.01911	0.02699	0.01595	0.02107	0.01301	0.00729	0.00866	0.00256	0.01101	0.00807	0.00414	0.01262
5	0.02968	0.03718	0.02276	0.02070	0.02489	0.61438	0.01554	0.03287	0.05163	0.02158	0.04308	0.01787	0.01447	0.00907	0.00764	0.00219	0.01409	0.00598	0.00469	0.00971
6	0.01097	0.00784	0.01059	0.01240	0.01329	0.00746	0.00906	0.01310	0.01703	0.02265	0.07425	0.52831	0.05438	0.02487	0.01077	0.00344	0.00545	0.15938	0.00777	0.00701
7	0.01882	0.02879	0.25443	0.03466	0.17466	0.02015	0.29319	0.02626	0.01876	0.02662	0.01591	0.02036	0.01202	0.00739	0.00881	0.00267	0.01252	0.00804	0.00395	0.01199
8	0.01146	0.00815	0.00888	0.00888	0.00966	0.00777	0.00539	0.01204	0.01398	0.01786	0.04221	0.06144	0.20235	0.51811	0.03331	0.00660	0.00699	0.01359	0.00577	0.00558
9	0.01940	0.01843	0.03130	0.16021	0.52421	0.01907	0.02455	0.02439	0.01852	0.02601	0.01671	0.02403	0.01431	0.00824	0.00838	0.00258	0.00998	0.03325	0.00419	0.01224
10	0.01930	0.02723	0.23718	0.04219	0.45631	0.01959	0.02717	0.02576	0.01847	0.02687	0.01539	0.01959	0.01231	0.00756	0.00812	0.00252	0.01065	0.00699	0.00392	0.01287
11	0.01189	0.00880	0.01284	0.01284	0.01415	0.01011	0.00975	0.01451	0.01320	0.01891	0.02272	0.03523	0.02189	0.13926	0.59970	0.01272	0.02056	0.00928	0.00452	0.00713
12	0.02604	0.02737	0.02447	0.02630	0.16448	0.29630	0.01716	0.14762	0.04759	0.02873	0.01816	0.05922	0.01568	0.01296	0.04844	0.00306	0.01221	0.00767	0.00541	0.01114
13	0.01145	0.00819	0.00907	0.00907	0.00991	0.00787	0.00562	0.01216	0.01403	0.01800	0.04203	0.06048	0.20193	0.48962	0.06122	0.00684	0.00762	0.01345	0.00575	0.00569
14	0.02520	0.48482	0.03676	0.01665	0.02280	0.25038	0.01484	0.02769	0.01914	0.01981	0.01199	0.01389	0.01067	0.00760	0.00606	0.00190	0.01095	0.00475	0.00380	0.01031
15	0.02358	0.02420	0.11535	0.05566	0.25516	0.02189	0.10167	0.23493	0.02574	0.03552	0.01716	0.02025	0.01301	0.00834	0.00842	0.00255	0.01052	0.00758	0.00549	0.01299
16	0.02331	0.05634	0.05950	0.11242	0.03191	0.20343	0.10709	0.09781	0.02079	0.02536	0.01412	0.01841	0.01147	0.00977	0.01257	0.00272	0.17119	0.00697	0.00445	0.01039
17	0.02814	0.03410	0.02636	0.02958	0.20001	0.49362	0.01866	0.03105	0.02226	0.02221	0.01361	0.01652	0.01138	0.00824	0.00769	0.00223	0.01357	0.00592	0.00423	0.01061
18	0.01187	0.00890	0.01335	0.01335	0.01483	0.01038	0.01038	0.01483	0.01335	0.01928	0.02225	0.03264	0.02077	0.06231	0.67512	0.01335	0.02225	0.00890	0.00445	0.00742
19	0.02468	0.26155	0.03320	0.02716	0.19839	0.25238	0.01812	0.02776	0.01961	0.02194	0.01310	0.01608	0.01137	0.00797	0.00768	0.00216	0.03628	0.00568	0.00396	0.01094
20	0.01146	0.00779	0.00924	0.00985	0.01001	0.00764	0.00588	0.01192	0.01329	0.01772	0.03238	0.25959	0.03804	0.49213	0.03225	0.00657	0.00703	0.01573	0.00588	0.00558
21	0.01883	0.01266	0.01573	0.01523	0.01872	0.01286	0.01255	0.06102	0.14383	0.10922	0.03761	0.12544	0.03657	0.01759	0.00990	0.00319	0.00708	0.28039	0.00803	0.05356
22	0.01187	0.00890	0.01335	0.01335	0.01483	0.01038	0.01038	0.01483	0.01335	0.01928	0.02225	0.03264	0.02077	0.06231	0.67512	0.01335	0.02225	0.00890	0.00445	0.00742
23	0.06515	0.02429	0.19867	0.01778	0.02466	0.01864	0.01740	0.14117	0.11890	0.03221	0.02044	0.05431	0.01690	0.04723	0.01078	0.00280	0.05038	0.00784	0.00580	0.12465
24	0.03158	0.02327	0.02493	0.01911	0.02576	0.02576	0.01579	0.62852	0.03906	0.05236	0.01995	0.01995	0.01413	0.00997	0.00831	0.00249	0.00914	0.00748	0.00831	0.01413
25	0.01208	0.00805	0.00906	0.00906	0.00906	0.00805	0.00503	0.01208	0.01208	0.01611	0.02618	0.05436	0.03020	0.70804	0.04228	0.00805	0.00805	0.01208	0.00503	0.00503
26	0.01989	0.01899	0.03160	0.13055	0.48775	0.01972	0.04712	0.02692	0.08341	0.02713	0.01745	0.02193	0.01413	0.00791	0.00832	0.00256	0.00984	0.00770	0.00451	0.01257
27	0.02002	0.44793	0.28942	0.01796	0.02711	0.02750	0.02073	0.02544	0.01714	0.02222	0.01288	0.01499	0.01061	0.00742	0.00634	0.00211	0.01023	0.00511	0.00354	0.01130
28	0.01187	0.00890	0.01335	0.01335	0.01483	0.01038	0.01038	0.01483	0.01335	0.01928	0.02225	0.03264	0.02077	0.06231	0.67512	0.01335	0.02225	0.00890	0.00445	0.00742
29	0.01549	0.00774	0.00774	0.00774	0.00968	0.00774	0.00581	0.01936	0.01742	0.03097	0.02710	0.03097	0.02129	0.00968	0.00581	0.00194	0.00387	0.00774	0.75416	0.00774
30	0.01425	0.01053	0.01302	0.01335	0.01489	0.01091	0.00959	0.12029	0.01983	0.02662	0.03971	0.55250	0.04583	0.02270	0.01094	0.00323	0.03597	0.02006	0.00764	0.00815
31	0.02952	0.06657	0.02590	0.02403	0.09725	0.45559	0.01699	0.13646	0.02542	0.02669	0.01434	0.01641	0.01158	0.00861	0.00762	0.00222	0.01308	0.00591	0.00493	0.01087
32	0.01666	0.04297	0.66500	0.02368	0.03596	0.01929	0.03069	0.02631	0.01754	0.02631	0.01491	0.01754	0.01052	0.00789	0.00789	0.00263	0.01228	0.00614	0.00351	0.01228
33	0.01167	0.00849	0.01099	0.01036	0.01236	0.00780	0.00777	0.01552	0.02332	0.03285	0.62740	0.06283	0.10312	0.01716	0.00980	0.00262	0.00393	0.01513	0.00908	0.00780
34	0.02104	0.02085	0.19488	0.01588	0.02237	0.01383	0.01587	0.04999	0.07556	0.19471	0.16958	0.03881	0.10602	0.01245	0.00873	0.00264	0.00751	0.01036	0.00762	0.01130

[dist]
# distance from previous block
# <min> <max>
0	1

[block]
# block no. 2 follows, 22 sequences, length 7
# corresponding to MSA columns:
# 108-114
name=unknown_C
#
# <colnr> <probs for GDERKNQSTAVLIFYWHMCP>
#	G	D	E	R	K	N	Q	S	T	A	V	L	I	F	Y	W	H	M	C	P
0	0.26031	0.02416	0.01878	0.01615	0.02121	0.20963	0.01277	0.18432	0.05267	0.03487	0.02159	0.02231	0.06871	0.00989	0.00722	0.00246	0.00942	0.00690	0.00610	0.01053
1	0.01882	0.16670	0.36966	0.02940	0.20469	0.02205	0.02605	0.02581	0.01779	0.02523	0.01445	0.01756	0.01128	0.00760	0.00749	0.00242	0.01095	0.00616	0.00368	0.01221
2	0.02479	0.24395	0.03175	0.10300	0.12956	0.23353	0.01781	0.07903	0.02121	0.02404	0.01372	0.01664	0.01142	0.00801	0.00710	0.00218	0.01127	0.00582	0.00430	0.01086
3	0.01507	0.00788	0.00839	0.00839	0.01027	0.00805	0.00633	0.01884	0.01695	0.02963	0.02654	0.03116	0.02123	0.01572	0.08265	0.00325	0.00598	0.00788	0.66809	0.00771
4	0.01565	0.03813	0.02106	0.07816	0.17170	0.01412	0.04226	0.04741	0.01991	0.02669	0.13532	0.04778	0.15031	0.01831	0.06803	0.00368	0.00889	0.07688	0.00619	0.00955
5	0.02138	0.19041	0.09109	0.03754	0.40198	0.07104	0.02254	0.02598	0.01864	0.02473	0.01438	0.01814	0.01214	0.00746	0.00744	0.00229	0.01022	0.00643	0.00394	0.01222
6	0.01169	0.00858	0.01227	0.01250	0.01364	0.00960	0.00927	0.01403	0.01346	0.01904	0.02564	0.11558	0.02625	0.15468	0.50133	0.01137	0.01805	0.01113	0.00493	0.00698

[dist]
# distance from previous block
# <min> <max>
4	5

[block]
# block no. 3 follows, 22 sequences, length 272
# corresponding to MSA columns:
# 120-391
name=unknown_D
#
# <colnr> <probs for GDERKNQSTAVLIFYWHMCP>
#	G	D	E	R	K	N	Q	S	T	A	V	L	I	F	Y	W	H	M	C	P
0	0.01039	0.00850	0.00921	0.00920	0.01179	0.00732	0.00701	0.01294	0.01982	0.02465	0.19000	0.07732	0.50900	0.02038	0.00991	0.00283	0.00435	0.05022	0.00798	0.00721
1	0.02247	0.01625	0.04364	0.01578	0.02042	0.01631	0.01272	0.06385	0.33307	0.16591	0.03452	0.16154	0.02903	0.01377	0.00883	0.00285	0.00669	0.01175	0.00849	0.01211
2	0.02602	0.06009	0.06363	0.02480	0.03047	0.37488	0.17902	0.04894	0.02165	0.02328	0.01404	0.01741	0.01132	0.00853	0.00948	0.00244	0.06266	0.00674	0.00427	0.01033
3	0.01173	0.00854	0.00999	0.00975	0.01201	0.00755	0.00718	0.01440	0.02024	0.05028	0.29154	0.12608	0.32499	0.05456	0.01148	0.00304	0.00446	0.01650	0.00822	0.00747
4	0.05562	0.01034	0.01190	0.01083	0.01267	0.01030	0.00721	0.02052	0.05993	0.14353	0.02727	0.04557	0.02692	0.48732	0.03140	0.00634	0.00767	0.01078	0.00630	0.00758
5	0.02416	0.06107	0.02886	0.03206	0.26138	0.22144	0.01990	0.07031	0.02046	0.02510	0.01395	0.01798	0.01191	0.00933	0.01161	0.00256	0.14575	0.00661	0.00434	0.01123
6	0.02318	0.38032	0.03706	0.02706	0.22284	0.13686	0.01809	0.02647	0.01865	0.02208	0.01306	0.01589	0.01146	0.00745	0.00661	0.00206	0.01022	0.00553	0.00385	0.01128
7	0.01001	0.00842	0.00869	0.00862	0.01134	0.00710	0.00647	0.01230	0.01940	0.02354	0.14148	0.07814	0.59484	0.02063	0.00982	0.00279	0.00418	0.01728	0.00786	0.00710
8	0.07667	0.57497	0.03881	0.01474	0.02152	0.06787	0.01406	0.06895	0.01867	0.02323	0.01223	0.01391	0.01079	0.00744	0.00566	0.00191	0.00907	0.00472	0.00405	0.01073
9	0.02974	0.02505	0.02555	0.02248	0.08241	0.12024	0.01684	0.45228	0.03347	0.04355	0.01800	0.01917	0.01336	0.00979	0.00926	0.00250	0.04898	0.00715	0.00708	0.01309
10	0.02120	0.04786	0.02801	0.03642	0.39598	0.09937	0.01998	0.02635	0.04999	0.05228	0.11687	0.02692	0.02390	0.00934	0.00828	0.00244	0.00926	0.00836	0.00535	0.01182
11	0.01208	0.00805	0.00906	0.00906	0.00906	0.00805	0.00503	0.01208	0.01208	0.01611	0.02618	0.05436	0.03020	0.70804	0.04228	0.00805	0.00805	0.01208	0.00503	0.00503
12	0.01512	0.01419	0.02447	0.02036	0.02312	0.01632	0.15628	0.01877	0.01467	0.02116	0.01838	0.02693	0.01660	0.03842	0.37105	0.00866	0.17386	0.00874	0.00421	0.00869
13	0.06165	0.02329	0.02415	0.01871	0.02519	0.05093	0.01539	0.55796	0.03685	0.07347	0.01980	0.01980	0.01403	0.00984	0.00815	0.00249	0.00919	0.00731	0.00809	0.01374
14	0.01808	0.01777	0.02644	0.46974	0.18361	0.06580	0.02262	0.02410	0.04739	0.02309	0.01572	0.02171	0.01218	0.00827	0.00824	0.00266	0.01088	0.00734	0.00405	0.01030
15	0.01324	0.01009	0.01265	0.01194	0.01209	0.01165	0.00809	0.01388	0.01233	0.01717	0.02284	0.04526	0.02556	0.51145	0.10050	0.00771	0.14196	0.01084	0.00471	0.00605
16	0.01387	0.01073	0.01455	0.01374	0.01496	0.01266	0.01041	0.04977	0.01442	0.02048	0.02159	0.03532	0.02140	0.21061	0.39800	0.01017	0.10580	0.00938	0.00471	0.00744
17	0.02097	0.02052	0.03332	0.04983	0.63143	0.04549	0.02512	0.02580	0.01910	0.02687	0.01552	0.02034	0.01306	0.00745	0.00820	0.00245	0.01007	0.00732	0.00412	0.01302
18	0.01666	0.04297	0.66500	0.02368	0.03596	0.01929	0.03069	0.02631	0.01754	0.02631	0.01491	0.01754	0.01052	0.00789	0.00789	0.00263	0.01228	0.00614	0.00351	0.01228
19	0.00998	0.00834	0.00870	0.00879	0.01137	0.00705	0.00652	0.01217	0.01905	0.02314	0.12245	0.12321	0.56854	0.02110	0.00987	0.00283	0.00423	0.01779	0.00782	0.00705
20	0.02897	0.03569	0.02555	0.02723	0.14979	0.54578	0.01791	0.03166	0.02263	0.02167	0.01339	0.01608	0.01118	0.00833	0.00764	0.00220	0.01398	0.00575	0.00425	0.01033
21	0.01614	0.02879	0.33939	0.02436	0.06114	0.01679	0.15640	0.02333	0.01876	0.02691	0.11000	0.09383	0.02531	0.01080	0.00888	0.00273	0.01060	0.01004	0.00492	0.01089
22	0.01054	0.00765	0.00994	0.01104	0.01209	0.00706	0.00764	0.01270	0.01817	0.02455	0.21122	0.48569	0.10446	0.02324	0.01033	0.00313	0.00453	0.02087	0.00810	0.00706
23	0.02028	0.01946	0.03322	0.08725	0.62213	0.01967	0.02536	0.02525	0.01878	0.02680	0.01558	0.02065	0.01304	0.00745	0.00823	0.00248	0.00994	0.00740	0.00409	0.01294
24	0.01865	0.01599	0.02097	0.01820	0.01989	0.02025	0.01476	0.13779	0.01817	0.02607	0.01767	0.05384	0.01675	0.05770	0.17989	0.00595	0.33446	0.00865	0.00500	0.00939
25	0.01654	0.01639	0.01584	0.01532	0.01748	0.17245	0.01177	0.01931	0.01584	0.01954	0.01996	0.02833	0.01831	0.04919	0.51225	0.01062	0.02048	0.00803	0.00441	0.00796
26	0.01051	0.00866	0.00930	0.00967	0.01201	0.00773	0.00704	0.01367	0.05361	0.02284	0.07193	0.22907	0.47127	0.02170	0.00993	0.00294	0.00449	0.01855	0.00776	0.00730
27	0.01650	0.01578	0.01254	0.01201	0.01331	0.17059	0.00784	0.01721	0.01550	0.01771	0.02815	0.04706	0.08163	0.47541	0.03087	0.00614	0.00940	0.01093	0.00509	0.00633
28	0.01666	0.04297	0.66500	0.02368	0.03596	0.01929	0.03069	0.02631	0.01754	0.02631	0.01491	0.01754	0.01052	0.00789	0.00789	0.00263	0.01228	0.00614	0.00351	0.01228
29	0.00989	0.00813	0.00871	0.00918	0.01142	0.00695	0.00665	0.01184	0.01820	0.02214	0.07480	0.23186	0.50699	0.02226	0.01001	0.00294	0.00436	0.01902	0.00771	0.00695
30	0.22183	0.01664	0.05082	0.01268	0.01767	0.07234	0.01074	0.02498	0.01917	0.18247	0.04178	0.04010	0.23140	0.01297	0.00789	0.00262	0.00693	0.01005	0.00710	0.00982
31	0.02312	0.02458	0.03124	0.04377	0.50239	0.17952	0.02319	0.02737	0.02004	0.02548	0.01495	0.01920	0.01256	0.00768	0.00805	0.00239	0.01112	0.00690	0.00415	0.01230
32	0.01012	0.00723	0.00964	0.01157	0.01205	0.00675	0.00771	0.01157	0.01591	0.02121	0.04579	0.70262	0.05495	0.02603	0.01060	0.00337	0.00482	0.02362	0.00771	0.00675
33	0.01011	0.00728	0.00959	0.01144	0.01202	0.00676	0.00766	0.01158	0.01603	0.02126	0.04731	0.67797	0.07862	0.02583	0.01057	0.00335	0.00480	0.02338	0.00771	0.00676
34	0.02338	0.02508	0.03098	0.04303	0.48653	0.19600	0.02295	0.02756	0.02016	0.02531	0.01488	0.01906	0.01250	0.00771	0.00803	0.00238	0.01124	0.00685	0.00416	0.01221
35	0.16353	0.01678	0.02554	0.24835	0.30503	0.01848	0.02059	0.02317	0.01684	0.02655	0.01450	0.01994	0.01174	0.00883	0.00886	0.04024	0.00946	0.00682	0.00415	0.01060
36	0.01994	0.01846	0.02150	0.25920	0.06956	0.11151	0.01702	0.14036	0.02199	0.02756	0.02313	0.18660	0.02244	0.01294	0.00875	0.00275	0.00966	0.01107	0.00569	0.00987
37	0.02439	0.54791	0.03873	0.01585	0.02239	0.15637	0.01465	0.05724	0.01930	0.02137	0.01223	0.01398	0.01085	0.00753	0.00590	0.00188	0.01007	0.00477	0.00394	0.01064
38	0.01750	0.10857	0.55745	0.02468	0.07887	0.02069	0.02867	0.02611	0.01757	0.02569	0.01462	0.01733	0.01073	0.00778	0.00766	0.00253	0.01176	0.00606	0.00356	0.01218
39	0.01012	0.00723	0.00964	0.01157	0.01205	0.00675	0.00771	0.01157	0.01591	0.02121	0.04579	0.70262	0.05495	0.02603	0.01060	0.00337	0.00482	0.02362	0.00771	0.00675
40	0.02920	0.03421	0.02240	0.01987	0.02439	0.51242	0.01513	0.12486	0.02557	0.02556	0.02039	0.02162	0.06918	0.00991	0.00783	0.00226	0.01309	0.00678	0.00522	0.01010
41	0.02596	0.06908	0.02313	0.02099	0.07225	0.40914	0.01505	0.07126	0.02391	0.02567	0.13927	0.02495	0.02446	0.01015	0.00794	0.00226	0.01164	0.00752	0.00547	0.00994
42	0.01983	0.03579	0.38851	0.03072	0.19216	0.11375	0.05050	0.02710	0.01883	0.02567	0.01487	0.01813	0.01130	0.00783	0.00799	0.00253	0.01212	0.00649	0.00380	0.01208
43	0.00982	0.00842	0.00842	0.00842	0.01122	0.00701	0.00631	0.01192	0.01894	0.02244	0.08416	0.07995	0.65285	0.02104	0.00982	0.00281	0.00421	0.01753	0.00771	0.00701
44	0.02115	0.02290	0.01875	0.02027	0.09247	0.29062	0.01355	0.02333	0.01906	0.02087	0.02333	0.07711	0.02427	0.18240	0.01689	0.00396	0.01094	0.10453	0.00519	0.00843
45	0.12911	0.01399	0.01527	0.05209	0.01938	0.04046	0.01141	0.02607	0.18395	0.04773	0.02797	0.03121	0.06454	0.02811	0.23068	0.00622	0.01209	0.00869	0.04144	0.00959
46	0.01955	0.01595	0.01697	0.01519	0.01892	0.01805	0.01141	0.08905	0.43340	0.03179	0.03070	0.03570	0.02553	0.18114	0.01669	0.00407	0.00717	0.00988	0.00761	0.01126
47	0.01199	0.00804	0.00918	0.00922	0.00934	0.00799	0.00527	0.01223	0.01277	0.01712	0.05652	0.08002	0.03345	0.64877	0.03951	0.00761	0.00773	0.01267	0.00533	0.00523
48	0.02062	0.37771	0.28294	0.01984	0.05208	0.07302	0.02118	0.02605	0.01769	0.02252	0.01310	0.01536	0.01071	0.00753	0.00659	0.00216	0.01068	0.00528	0.00361	0.01131
49	0.26074	0.02384	0.05698	0.09312	0.07179	0.17864	0.01565	0.07933	0.02047	0.10380	0.01589	0.01782	0.01181	0.00846	0.00708	0.00248	0.00991	0.00603	0.00547	0.01070
50	0.01029	0.00843	0.00907	0.00891	0.01151	0.00721	0.00668	0.01284	0.02005	0.02509	0.22265	0.07558	0.51270	0.02005	0.00981	0.00276	0.00414	0.01692	0.00806	0.00721
51	0.01794	0.01698	0.02755	0.04060	0.49887	0.01663	0.02082	0.02218	0.01892	0.02599	0.03235	0.03505	0.16922	0.01073	0.00861	0.00255	0.00849	0.00987	0.00499	0.01166
52	0.02848	0.13565	0.08844	0.02001	0.02604	0.36271	0.01712	0.17266	0.02566	0.02839	0.01454	0.01616	0.01149	0.00862	0.00740	0.00222	0.01243	0.00580	0.00506	0.01111
53	0.02700	0.02138	0.02530	0.02490	0.14893	0.02345	0.01712	0.38071	0.16814	0.04350	0.02216	0.02251	0.01642	0.00975	0.00833	0.00256	0.00872	0.00789	0.00752	0.01372
54	0.02056	0.01974	0.03372	0.05099	0.65622	0.01974	0.02550	0.02550	0.01892	0.02714	0.01563	0.02056	0.01316	0.00740	0.00822	0.00247	0.00987	0.00740	0.00411	0.01316
55	0.10487	0.03470	0.09857	0.02019	0.02593	0.41530	0.01702	0.13653	0.02461	0.02843	0.01421	0.01601	0.01111	0.00864	0.00744	0.00230	0.01275	0.00573	0.00499	0.01067
56	0.12333	0.01090	0.01281	0.01265	0.01499	0.01132	0.01003	0.07411	0.01764	0.02561	0.03318	0.05131	0.11277	0.02113	0.01673	0.24438	0.00700	0.18695	0.00607	0.00708
57	0.01059	0.00814	0.00969	0.00995	0.01186	0.00724	0.00721	0.01318	0.01981	0.02603	0.27791	0.23153	0.29522	0.02085	0.01001	0.00288	0.00426	0.01818	0.00823	0.00724
58	0.02504	0.02982	0.02155	0.02223	0.09729	0.42850	0.01515	0.02869	0.05711	0.02232	0.02673	0.05640	0.11223	0.01125	0.00812	0.00237	0.01180	0.00849	0.00517	0.00972
59	0.02391	0.02376	0.03131	0.04069	0.43302	0.13317	0.04626	0.11353	0.02263	0.02957	0.01582	0.01959	0.01285	0.00795	0.00817	0.00243	0.01081	0.00716	0.00475	0.01261
60	0.02038	0.01614	0.01756	0.01574	0.02016	0.01798	0.01237	0.06769	0.45554	0.06986	0.08184	0.03916	0.07437	0.01284	0.00879	0.00282	0.00642	0.03967	0.00851	0.01216
61	0.01309	0.00935	0.01305	0.01496	0.01674	0.00931	0.01287	0.01670	0.01883	0.02453	0.04415	0.14896	0.04846	0.02323	0.01140	0.00378	0.00739	0.54798	0.00766	0.00757
62	0.02254	0.15546	0.02454	0.01669	0.02215	0.02380	0.01374	0.12441	0.43171	0.03429	0.02744	0.02593	0.02085	0.01026	0.00782	0.00257	0.00740	0.00814	0.00747	0.01280
63	0.02226	0.02789	0.15730	0.03440	0.26303	0.11639	0.11336	0.08650	0.04668	0.02867	0.01641	0.01979	0.01279	0.00802	0.00831	0.00252	0.01150	0.00730	0.00462	0.01227
64	0.01960	0.01876	0.03199	0.17639	0.53832	0.01949	0.02502	0.02466	0.01846	0.02598	0.01546	0.02087	0.01275	0.00758	0.00824	0.00253	0.01011	0.00740	0.00403	0.01239
65	0.02572	0.01690	0.01933	0.01569	0.02025	0.01812	0.01238	0.33471	0.02786	0.12776	0.02334	0.02974	0.01917	0.15494	0.11092	0.00516	0.01052	0.00871	0.00739	0.01137
66	0.20333	0.02592	0.02181	0.14911	0.06129	0.26873	0.01617	0.11024	0.02185	0.02930	0.01403	0.01698	0.01096	0.00844	0.00724	0.00243	0.01112	0.00594	0.00492	0.01020
67	0.02092	0.02059	0.02387	0.18792	0.15426	0.11403	0.01839	0.03335	0.27900	0.02790	0.02261	0.02450	0.01739	0.00941	0.00823	0.00264	0.00952	0.00793	0.00585	0.01169
68	0.03194	0.01444	0.01854	0.01487	0.02060	0.01356	0.01206	0.03928	0.14772	0.48678	0.08151	0.03147	0.02606	0.01101	0.00849	0.00262	0.00672	0.00909	0.00983	0.01345
69	0.01185	0.00863	0.01083	0.01174	0.01302	0.00828	0.00821	0.05670	0.01874	0.02503	0.12094	0.52852	0.09938	0.02339	0.01028	0.00317	0.00498	0.02095	0.00793	0.00743
70	0.01929	0.01599	0.01833	0.01328	0.02056	0.01319	0.01070	0.10832	0.02037	0.03071	0.01551	0.01762	0.01257	0.00670	0.00646	0.00141	0.00658	0.00529	0.00541	0.65171
71	0.01034	0.00802	0.00887	0.00940	0.01103	0.00714	0.00644	0.01186	0.01679	0.02088	0.06252	0.24397	0.37009	0.15536	0.01631	0.00398	0.00512	0.01813	0.00719	0.00656
72	0.01024	0.00843	0.00900	0.00886	0.01148	0.00719	0.00664	0.01273	0.01992	0.02479	0.20678	0.07608	0.52876	0.02016	0.00981	0.00276	0.00415	0.01699	0.00802	0.00719
73	0.02203	0.02064	0.02781	0.27011	0.25421	0.08612	0.02177	0.14343	0.02252	0.02930	0.01589	0.02045	0.01236	0.00835	0.00820	0.00255	0.01067	0.00720	0.00480	0.01159
74	0.01341	0.01116	0.01630	0.01541	0.01654	0.01406	0.01228	0.01609	0.01320	0.01946	0.01948	0.02911	0.01836	0.05065	0.51707	0.01098	0.18585	0.00850	0.00425	0.00782
75	0.01208	0.00805	0.00906	0.00906	0.00906	0.00805	0.00503	0.01208	0.01208	0.01611	0.02618	0.05436	0.03020	0.70804	0.04228	0.00805	0.00805	0.01208	0.00503	0.00503
76	0.01666	0.04297	0.66500	0.02368	0.03596	0.01929	0.03069	0.02631	0.01754	0.02631	0.01491	0.01754	0.01052	0.00789	0.00789	0.00263	0.01228	0.00614	0.00351	0.01228
77	0.16598	0.11677	0.41703	0.01988	0.02957	0.06767	0.02342	0.02626	0.01722	0.02724	0.01371	0.01606	0.01025	0.00781	0.00702	0.00248	0.01092	0.00556	0.00389	0.01125
78	0.01240	0.00912	0.01209	0.01364	0.01558	0.00881	0.01150	0.01566	0.01877	0.02405	0.05171	0.15085	0.16220	0.02289	0.01108	0.00359	0.00673	0.43423	0.00767	0.00744
79	0.02392	0.01820	0.01989	0.01664	0.02147	0.02003	0.01321	0.34002	0.17679	0.04180	0.09028	0.12490	0.02910	0.01329	0.00882	0.00271	0.00739	0.01101	0.00834	0.01220
80	0.01462	0.01331	0.01482	0.01451	0.01639	0.10586	0.01120	0.01747	0.01482	0.01944	0.02090	0.03010	0.01932	0.05458	0.57917	0.01174	0.02121	0.00839	0.00443	0.00774
81	0.03103	0.03959	0.02354	0.02140	0.02568	0.67469	0.01605	0.03317	0.02354	0.02033	0.01284	0.01498	0.01070	0.00856	0.00749	0.00214	0.01498	0.00535	0.00428	0.00963
82	0.01040	0.00735	0.00956	0.01121	0.01162	0.00694	0.00733	0.01164	0.01536	0.02047	0.04297	0.60937	0.05139	0.12413	0.01516	0.00405	0.00528	0.02196	0.00733	0.00650
83	0.02058	0.01937	0.03078	0.04428	0.53131	0.01992	0.02307	0.02917	0.14140	0.02864	0.01921	0.02261	0.01556	0.00816	0.00827	0.00254	0.00922	0.00779	0.00497	0.01316
84	0.02270	0.02524	0.02647	0.02742	0.14790	0.22917	0.01895	0.02523	0.01736	0.02151	0.01245	0.01764	0.01128	0.01125	0.01728	0.00293	0.34454	0.00669	0.00393	0.01006
85	0.02587	0.02738	0.26546	0.01930	0.02774	0.01875	0.02005	0.14796	0.11681	0.21023	0.02370	0.02302	0.01624	0.00946	0.00819	0.00262	0.00937	0.00750	0.00706	0.01328
86	0.03015	0.10710	0.02555	0.02068	0.02525	0.61036	0.01587	0.03234	0.02287	0.02025	0.01271	0.01482	0.01070	0.00842	0.00727	0.00210	0.01437	0.00526	0.00421	0.00973
87	0.02518	0.02849	0.02923	0.03795	0.37829	0.30843	0.02133	0.02888	0.02096	0.02414	0.01440	0.01810	0.01208	0.00791	0.00790	0.00232	0.01212	0.00650	0.00419	0.01160
88	0.06614	0.02849	0.02386	0.01951	0.02528	0.24650	0.01556	0.39715	0.03259	0.04073	0.01713	0.01795	0.01272	0.00938	0.00788	0.00238	0.01100	0.00661	0.00679	0.01235
89	0.01051	0.00779	0.00987	0.01095	0.01199	0.00745	0.00755	0.01216	0.01575	0.02066	0.04799	0.41879	0.16524	0.09862	0.10913	0.00517	0.00753	0.01915	0.00698	0.00672
90	0.03147	0.02648	0.02466	0.01956	0.02575	0.15349	0.01584	0.51134	0.03601	0.04605	0.01855	0.01897	0.01345	0.00969	0.00815	0.00242	0.01029	0.00706	0.00752	0.01324
91	0.01188	0.00822	0.01025	0.01039	0.01083	0.00858	0.00666	0.01278	0.01270	0.01733	0.02654	0.09540	0.02946	0.48554	0.20973	0.00914	0.01163	0.01206	0.00507	0.00580
92	0.01341	0.01116	0.01630	0.01541	0.01654	0.01406	0.01228	0.01609	0.01320	0.01946	0.01948	0.02911	0.01836	0.05065	0.51707	0.01098	0.18585	0.00850	0.00425	0.00782
93	0.02247	0.32047	0.25037	0.01919	0.02737	0.18482	0.02028	0.02739	0.01873	0.02204	0.01301	0.01517	0.01062	0.00773	0.00673	0.00216	0.01153	0.00524	0.00372	0.01096
94	0.01292	0.00923	0.01285	0.01476	0.01647	0.00916	0.01257	0.01640	0.01866	0.02434	0.04424	0.18122	0.04884	0.02339	0.01135	0.00376	0.00724	0.51742	0.00766	0.00752
95	0.01222	0.00894	0.01189	0.01338	0.01519	0.00861	0.01107	0.01539	0.01880	0.02437	0.08475	0.19364	0.13903	0.02286	0.01099	0.00353	0.00645	0.38373	0.00775	0.00741
96	0.01204	0.00875	0.01151	0.01152	0.01351	0.00821	0.00911	0.01584	0.02218	0.03063	0.47124	0.07080	0.10362	0.01867	0.01021	0.00292	0.00485	0.15795	0.00870	0.00775
97	0.01958	0.07332	0.09316	0.03271	0.04130	0.02173	0.53923	0.02646	0.01926	0.02608	0.01629	0.02141	0.01232	0.00707	0.00935	0.00272	0.01351	0.00916	0.00411	0.01124
98	0.01189	0.00882	0.01292	0.01292	0.01426	0.01015	0.00985	0.01456	0.01322	0.01897	0.02265	0.03481	0.02171	0.12703	0.61169	0.01282	0.02083	0.00922	0.00451	0.00718
99	0.72954	0.01597	0.01257	0.01112	0.01633	0.01831	0.00916	0.02524	0.01463	0.06911	0.01265	0.01425	0.00959	0.00784	0.00530	0.00257	0.00646	0.00469	0.00540	0.00926
100	0.02812	0.20245	0.02915	0.02179	0.07020	0.47077	0.01629	0.03059	0.02158	0.02063	0.01273	0.01498	0.01087	0.00812	0.00702	0.00208	0.01312	0.00528	0.00409	0.01014
101	0.01833	0.24467	0.47793	0.02083	0.03155	0.02338	0.02573	0.02588	0.01734	0.02427	0.01390	0.01627	0.01056	0.00766	0.00712	0.00237	0.01126	0.00563	0.00352	0.01179
102	0.01012	0.00723	0.00964	0.01157	0.01205	0.00675	0.00771	0.01157	0.01591	0.02121	0.04579	0.70262	0.05495	0.02603	0.01060	0.00337	0.00482	0.02362	0.00771	0.00675
103	0.03103	0.03959	0.02354	0.02140	0.02568	0.67469	0.01605	0.03317	0.02354	0.02033	0.01284	0.01498	0.01070	0.00856	0.00749	0.00214	0.01498	0.00535	0.00428	0.00963
104	0.05396	0.01483	0.01855	0.01856	0.10979	0.01452	0.01272	0.14425	0.02415	0.20819	0.06430	0.03907	0.17441	0.01257	0.00847	0.00256	0.00685	0.01037	0.05047	0.01143
105	0.01536	0.00955	0.01075	0.00982	0.01327	0.00810	0.00758	0.01782	0.02022	0.14911	0.11508	0.06849	0.48687	0.01863	0.00953	0.00275	0.00475	0.01554	0.00832	0.00848
106	0.01018	0.00843	0.00892	0.00880	0.01144	0.00717	0.00660	0.01263	0.01979	0.02448	0.19049	0.07660	0.54525	0.02028	0.00981	0.00277	0.00415	0.01706	0.00798	0.00717
107	0.02056	0.01974	0.03372	0.05099	0.65622	0.01974	0.02550	0.02550	0.01892	0.02714	0.01563	0.02056	0.01316	0.00740	0.00822	0.00247	0.00987	0.00740	0.00411	0.01316
108	0.07105	0.18225	0.02734	0.01905	0.02420	0.44016	0.01523	0.08460	0.02297	0.02402	0.01313	0.01499	0.01090	0.00833	0.00696	0.00212	0.01265	0.00530	0.00454	0.01022
109	0.03413	0.01478	0.01921	0.01499	0.02103	0.01359	0.01228	0.09536	0.05374	0.52948	0.07589	0.03002	0.02430	0.01078	0.00846	0.00258	0.00702	0.00880	0.00993	0.01364
110	0.01012	0.00723	0.00964	0.01157	0.01205	0.00675	0.00771	0.01157	0.01591	0.02121	0.04579	0.70262	0.05495	0.02603	0.01060	0.00337	0.00482	0.02362	0.00771	0.00675
111	0.01126	0.00847	0.01042	0.00993	0.01211	0.00763	0.00745	0.01472	0.02234	0.03053	0.50673	0.06663	0.22522	0.01802	0.00980	0.00266	0.00399	0.01567	0.00878	0.00763
112	0.01666	0.04297	0.66500	0.02368	0.03596	0.01929	0.03069	0.02631	0.01754	0.02631	0.01491	0.01754	0.01052	0.00789	0.00789	0.00263	0.01228	0.00614	0.00351	0.01228
113	0.01187	0.00890	0.01335	0.01335	0.01483	0.01038	0.01038	0.01483	0.01335	0.01928	0.02225	0.03264	0.02077	0.06231	0.67512	0.01335	0.02225	0.00890	0.00445	0.00742
114	0.01165	0.00849	0.01095	0.01034	0.01234	0.00779	0.00775	0.01546	0.02325	0.03269	0.61953	0.06307	0.11108	0.01721	0.00980	0.00262	0.00394	0.01517	0.00906	0.00779
115	0.01291	0.01019	0.01488	0.01436	0.01564	0.01245	0.01133	0.01575	0.01341	0.01983	0.02080	0.03049	0.01937	0.05345	0.55667	0.01152	0.11802	0.00862	0.03263	0.00767
116	0.01385	0.01076	0.01398	0.06295	0.01917	0.01141	0.01206	0.02084	0.14027	0.02527	0.04050	0.28818	0.04322	0.02066	0.01035	0.00339	0.00670	0.24036	0.00754	0.00853
117	0.01341	0.01116	0.01630	0.01541	0.01654	0.01406	0.01228	0.01609	0.01320	0.01946	0.01948	0.02911	0.01836	0.05065	0.51707	0.01098	0.18585	0.00850	0.00425	0.00782
118	0.01758	0.01670	0.02833	0.44079	0.28973	0.01895	0.02401	0.02288	0.01751	0.02352	0.01510	0.02153	0.01188	0.00795	0.00827	0.00265	0.01061	0.00739	0.00385	0.01075
119	0.01905	0.02689	0.19271	0.03463	0.12980	0.02042	0.39866	0.02638	0.01902	0.02662	0.01619	0.02099	0.01219	0.00727	0.00912	0.00271	0.01300	0.00859	0.00402	0.01174
120	0.02058	0.01563	0.01732	0.01542	0.01975	0.01729	0.01201	0.03817	0.45774	0.09734	0.15535	0.03684	0.03532	0.01230	0.00871	0.00275	0.00610	0.01040	0.00877	0.01220
121	0.02056	0.01974	0.03372	0.05099	0.65622	0.01974	0.02550	0.02550	0.01892	0.02714	0.01563	0.02056	0.01316	0.00740	0.00822	0.00247	0.00987	0.00740	0.00411	0.01316
122	0.02324	0.03173	0.18022	0.02501	0.11780	0.24517	0.02020	0.03334	0.18708	0.02664	0.01937	0.02070	0.01494	0.00896	0.00795	0.00249	0.01133	0.00692	0.00519	0.01173
123	0.01390	0.01166	0.01632	0.01518	0.01590	0.01468	0.01179	0.01592	0.01290	0.01888	0.01944	0.03235	0.01951	0.17433	0.34615	0.00924	0.23104	0.00901	0.00431	0.00748
124	0.01809	0.01927	0.04033	0.03020	0.03702	0.01822	0.47658	0.02432	0.01949	0.02618	0.02344	0.03980	0.02119	0.01089	0.01021	0.00305	0.01245	0.15386	0.00504	0.01034
125	0.02057	0.01957	0.03237	0.04792	0.59896	0.01982	0.02438	0.02718	0.07507	0.02783	0.01727	0.02150	0.01426	0.00775	0.00824	0.00250	0.00957	0.00758	0.00450	0.01316
126	0.02047	0.02001	0.03525	0.04939	0.59480	0.01987	0.08569	0.02561	0.01899	0.02709	0.01574	0.02075	0.01310	0.00736	0.00838	0.00250	0.01028	0.00764	0.00412	0.01296
127	0.01000	0.00772	0.00914	0.01027	0.01171	0.00686	0.00713	0.01171	0.01715	0.02172	0.06160	0.44604	0.30132	0.02397	0.01028	0.00314	0.00457	0.02111	0.00771	0.00686
128	0.01666	0.04297	0.66500	0.02368	0.03596	0.01929	0.03069	0.02631	0.01754	0.02631	0.01491	0.01754	0.01052	0.00789	0.00789	0.00263	0.01228	0.00614	0.00351	0.01228
129	0.07502	0.02066	0.03102	0.07609	0.53651	0.06647	0.02351	0.02577	0.01879	0.02711	0.01509	0.01973	0.01258	0.00755	0.00795	0.00247	0.01004	0.00704	0.00418	0.01242
130	0.01336	0.11019	0.01769	0.01348	0.01577	0.01362	0.01094	0.01628	0.01386	0.01932	0.02071	0.02986	0.01931	0.05437	0.57877	0.01169	0.02033	0.00826	0.00432	0.00788
