[name]
unknown

[dist]
# distance from previous block
# <min> <max>
4	29

[block]
# block no. 0 follows, 23 sequences, length 14
# corresponding to MSA columns:
# 33-46
name=unknown_A
#
# <colnr> <probs for GDERKNQSTAVLIFYWHMCP>
#	G	D	E	R	K	N	Q	S	T	A	V	L	I	F	Y	W	H	M	C	P
0	0.01255	0.00920	0.01093	0.01123	0.01279	0.00896	0.00787	0.08180	0.01860	0.02453	0.09029	0.39816	0.14573	0.11144	0.01393	0.00365	0.00543	0.01827	0.00736	0.00730
1	0.01171	0.00853	0.00952	0.00970	0.01121	0.00819	0.00662	0.01445	0.06517	0.02092	0.04843	0.17130	0.25113	0.20929	0.01954	0.05669	0.00560	0.01483	0.05060	0.00656
2	0.01519	0.01405	0.01417	0.01475	0.05724	0.11198	0.01005	0.01937	0.05993	0.02717	0.33199	0.12224	0.08858	0.06377	0.01132	0.00295	0.00642	0.01329	0.00732	0.00823
3	0.19180	0.00972	0.01086	0.05774	0.01524	0.01034	0.00846	0.01571	0.01484	0.02477	0.03014	0.35037	0.03326	0.06870	0.01162	0.03569	0.00574	0.01445	0.08342	0.00713
4	0.07392	0.01648	0.06778	0.01616	0.05150	0.03389	0.01311	0.15450	0.02325	0.07212	0.12773	0.09060	0.11541	0.01454	0.00882	0.00274	0.00717	0.09313	0.00723	0.00992
5	0.01647	0.01475	0.02263	0.28153	0.22328	0.03896	0.01834	0.01963	0.01612	0.02115	0.01979	0.02727	0.05599	0.06049	0.01405	0.11909	0.00938	0.00809	0.00409	0.00891
6	0.02032	0.01770	0.02519	0.15286	0.30909	0.04228	0.01926	0.10845	0.05447	0.02957	0.01825	0.02218	0.01438	0.00832	0.00768	0.00239	0.00887	0.00732	0.12006	0.01136
7	0.28756	0.01319	0.01291	0.01158	0.01541	0.01421	0.00902	0.04501	0.11796	0.07196	0.14604	0.03688	0.10644	0.06723	0.01009	0.00300	0.00584	0.00953	0.00698	0.00916
8	0.02208	0.01730	0.02140	0.16084	0.06830	0.01930	0.01553	0.30167	0.06996	0.03548	0.02270	0.10865	0.02004	0.06673	0.01101	0.00305	0.00859	0.00971	0.00660	0.01108
9	0.15878	0.01686	0.02137	0.02227	0.16099	0.01719	0.01476	0.11130	0.08735	0.27293	0.02322	0.02268	0.01621	0.00905	0.00759	0.00250	0.00760	0.00729	0.00742	0.01262
10	0.01668	0.16982	0.01908	0.01277	0.01627	0.15534	0.01014	0.01873	0.01841	0.02062	0.04438	0.17815	0.25829	0.01598	0.00831	0.00250	0.00746	0.01301	0.00594	0.00812
11	0.01861	0.34830	0.02695	0.01304	0.01785	0.11757	0.01142	0.02119	0.01887	0.02186	0.12412	0.03553	0.17249	0.01176	0.00719	0.00214	0.00776	0.00899	0.00533	0.00902
12	0.01119	0.00870	0.01033	0.01070	0.01274	0.00814	0.00805	0.01508	0.06043	0.02522	0.20288	0.21775	0.27188	0.02031	0.00986	0.00294	0.00471	0.08374	0.00791	0.00745
13	0.01158	0.01493	0.14594	0.01254	0.01645	0.00950	0.01180	0.01553	0.01887	0.02554	0.22885	0.19835	0.22379	0.01782	0.00936	0.00277	0.00578	0.01542	0.00710	0.00809

[dist]
# distance from previous block
# <min> <max>
1	9

[block]
# block no. 1 follows, 23 sequences, length 45
# corresponding to MSA columns:
# 56-100
name=unknown_B
#
# <colnr> <probs for GDERKNQSTAVLIFYWHMCP>
#	G	D	E	R	K	N	Q	S	T	A	V	L	I	F	Y	W	H	M	C	P
0	0.10478	0.22610	0.22492	0.01851	0.02593	0.22739	0.01878	0.02718	0.01840	0.02323	0.01267	0.01479	0.01021	0.00768	0.00660	0.00218	0.01126	0.00512	0.00385	0.01040
1	0.02001	0.09479	0.46981	0.02187	0.03162	0.17624	0.02534	0.02717	0.01846	0.02380	0.01383	0.01622	0.01033	0.00780	0.00742	0.00239	0.01235	0.00568	0.00361	0.01126
2	0.01437	0.01539	0.04156	0.01226	0.01515	0.13656	0.00962	0.01711	0.01998	0.02418	0.20539	0.15233	0.27101	0.01737	0.00918	0.00264	0.00649	0.01462	0.00706	0.00773
3	0.02431	0.22673	0.10127	0.07717	0.07809	0.28886	0.01804	0.05491	0.02027	0.02229	0.01309	0.01568	0.01079	0.00784	0.00692	0.00213	0.01170	0.00548	0.00401	0.01041
4	0.08371	0.02688	0.02724	0.03497	0.35324	0.28857	0.01988	0.02787	0.01994	0.02459	0.01384	0.01732	0.01156	0.00771	0.00750	0.00229	0.01140	0.00619	0.00416	0.01113
5	0.00990	0.00743	0.00919	0.01044	0.01158	0.00672	0.00719	0.01161	0.01672	0.02169	0.08901	0.50981	0.21193	0.02367	0.01011	0.00311	0.00450	0.02106	0.00761	0.00672
6	0.01923	0.07235	0.01878	0.01554	0.01934	0.07264	0.01212	0.07758	0.32511	0.02940	0.03175	0.18943	0.02934	0.01424	0.00855	0.00276	0.00711	0.03667	0.00733	0.01074
7	0.01180	0.00787	0.00885	0.00885	0.00885	0.00787	0.00492	0.01180	0.01180	0.01573	0.02557	0.05310	0.02950	0.71483	0.04130	0.00787	0.00787	0.01180	0.00492	0.00492
8	0.03085	0.02273	0.02435	0.01867	0.02516	0.02516	0.01542	0.63716	0.03815	0.05114	0.01948	0.01948	0.01380	0.00974	0.00812	0.00244	0.00893	0.00731	0.00812	0.01380
9	0.00989	0.00706	0.00942	0.01130	0.01177	0.00659	0.00753	0.01130	0.01554	0.02071	0.04472	0.70954	0.05367	0.02542	0.01036	0.00330	0.00471	0.02307	0.00753	0.00659
10	0.02372	0.55921	0.03792	0.01554	0.02183	0.18533	0.01431	0.02621	0.01802	0.01927	0.01158	0.01340	0.01042	0.00728	0.00570	0.00182	0.01008	0.00455	0.00364	0.01018
11	0.01530	0.01415	0.02016	0.01802	0.01859	0.01901	0.01473	0.01753	0.01267	0.01925	0.01506	0.02337	0.01448	0.03275	0.28741	0.00732	0.43037	0.00773	0.00387	0.00823
12	0.01645	0.01557	0.02636	0.54320	0.19925	0.01832	0.02309	0.02171	0.01676	0.02209	0.01462	0.02127	0.01130	0.00790	0.00809	0.00263	0.01054	0.00722	0.00370	0.00992
13	0.01628	0.01368	0.01290	0.01184	0.01470	0.11702	0.00898	0.01934	0.02194	0.08399	0.36382	0.05439	0.19862	0.01562	0.00909	0.00252	0.00591	0.01315	0.00793	0.00829
14	0.01661	0.01511	0.02434	0.63933	0.05334	0.01862	0.02195	0.07175	0.01804	0.02325	0.01484	0.02146	0.01106	0.00825	0.00811	0.00268	0.01066	0.00722	0.00398	0.00941
15	0.02034	0.55047	0.19991	0.01619	0.02440	0.02879	0.01790	0.02465	0.01665	0.02074	0.01210	0.01404	0.01038	0.00713	0.00583	0.00194	0.00951	0.00475	0.00346	0.01081
16	0.02235	0.02359	0.03073	0.04339	0.52229	0.16650	0.02285	0.02657	0.01948	0.02503	0.01466	0.01887	0.01232	0.00748	0.00787	0.00234	0.01075	0.00678	0.00405	0.01209
17	0.01942	0.01312	0.01532	0.01394	0.01713	0.01348	0.01056	0.22953	0.02417	0.08832	0.03701	0.37623	0.07113	0.01839	0.00935	0.00290	0.00632	0.01599	0.00795	0.00972
18	0.02049	0.01815	0.08055	0.02732	0.22140	0.01736	0.01843	0.02594	0.06602	0.12904	0.02425	0.03028	0.05096	0.01364	0.04304	0.00329	0.14008	0.05292	0.00563	0.01120
19	0.01997	0.04409	0.06063	0.09171	0.31677	0.04673	0.02021	0.03090	0.22768	0.02790	0.02080	0.02298	0.01631	0.00862	0.00797	0.00252	0.00897	0.00763	0.00534	0.01224
20	0.19796	0.22607	0.22941	0.01765	0.02575	0.02202	0.06661	0.02610	0.01686	0.08296	0.01453	0.01632	0.01099	0.00758	0.00655	0.00232	0.00938	0.00562	0.00445	0.01086
21	0.02069	0.07893	0.05321	0.05247	0.27444	0.11457	0.01831	0.07613	0.04612	0.02578	0.02073	0.08021	0.04248	0.01097	0.00920	0.04214	0.00945	0.00847	0.00490	0.01080
22	0.01103	0.00888	0.01015	0.00967	0.01246	0.00752	0.00718	0.01357	0.01876	0.02465	0.19293	0.16857	0.34735	0.01852	0.00923	0.00258	0.00440	0.01589	0.00747	0.10919
23	0.09487	0.06597	0.15057	0.01562	0.04551	0.01431	0.01403	0.01788	0.01627	0.02373	0.03702	0.20951	0.17111	0.01572	0.01004	0.00281	0.06782	0.01283	0.00564	0.00872
24	0.01789	0.05477	0.01879	0.01614	0.01817	0.18105	0.01261	0.02012	0.01548	0.01895	0.01727	0.02596	0.01642	0.09417	0.30636	0.00759	0.13847	0.00759	0.00417	0.00803
25	0.02602	0.08018	0.02284	0.01976	0.07833	0.18408	0.01442	0.06289	0.21261	0.14978	0.04992	0.02432	0.01974	0.00967	0.00778	0.00240	0.00903	0.00757	0.00683	0.01180
26	0.02828	0.19917	0.02760	0.01925	0.02408	0.52904	0.01526	0.03049	0.02146	0.01968	0.01225	0.01425	0.01044	0.00803	0.00682	0.00201	0.01323	0.00502	0.00401	0.00964
27	0.77215	0.01569	0.01193	0.01067	0.01569	0.01820	0.00879	0.02385	0.01381	0.03641	0.01130	0.01318	0.00879	0.00753	0.00502	0.00251	0.00628	0.00439	0.00502	0.00879
28	0.01450	0.03261	0.48860	0.01908	0.02847	0.01555	0.02344	0.02195	0.01770	0.02509	0.05738	0.03331	0.16638	0.01111	0.00823	0.00261	0.00979	0.00898	0.00462	0.01060
29	0.02482	0.06897	0.02816	0.02544	0.11246	0.38998	0.11617	0.02807	0.02100	0.02188	0.01959	0.02203	0.06824	0.00895	0.00786	0.00228	0.01255	0.00720	0.00440	0.00995
30	0.02756	0.13583	0.02322	0.01540	0.02106	0.01935	0.01284	0.16865	0.13716	0.25335	0.02693	0.08023	0.02066	0.01089	0.00785	0.00247	0.00739	0.00874	0.00797	0.01246
31	0.01159	0.00869	0.01304	0.01304	0.01449	0.01014	0.01014	0.01449	0.01304	0.01884	0.02173	0.03188	0.02029	0.06086	0.68268	0.01304	0.02173	0.00869	0.00435	0.00724
32	0.42086	0.01431	0.01450	0.01209	0.01732	0.01485	0.00990	0.02917	0.01825	0.28095	0.07631	0.02293	0.01911	0.00930	0.00663	0.00251	0.00630	0.00675	0.00731	0.01063
33	0.01159	0.00869	0.01304	0.01304	0.01449	0.01014	0.01014	0.01449	0.01304	0.01884	0.02173	0.03188	0.02029	0.06086	0.68268	0.01304	0.02173	0.00869	0.00435	0.00724
34	0.01756	0.01429	0.01901	0.02213	0.16928	0.01477	0.01392	0.12409	0.10069	0.03129	0.14784	0.15362	0.06924	0.01463	0.00904	0.00274	0.00678	0.05163	0.00715	0.01032
35	0.02331	0.21591	0.03289	0.02214	0.05368	0.19941	0.10706	0.06598	0.01927	0.02283	0.01295	0.01646	0.01108	0.00900	0.01115	0.00243	0.15389	0.00624	0.00410	0.01024
36	0.02098	0.02098	0.03206	0.04727	0.60805	0.07754	0.02409	0.02556	0.01887	0.02592	0.01502	0.01960	0.01264	0.00733	0.00797	0.00238	0.01008	0.00705	0.00403	0.01255
37	0.34757	0.01634	0.04225	0.01361	0.01880	0.01675	0.01157	0.12468	0.01961	0.16001	0.01860	0.02038	0.01384	0.01745	0.12139	0.00429	0.00969	0.00640	0.00633	0.01045
38	0.01060	0.00816	0.00968	0.00951	0.01163	0.00725	0.00705	0.01352	0.02057	0.02734	0.37923	0.12127	0.30709	0.01890	0.00964	0.00269	0.00401	0.01634	0.00826	0.00725
39	0.02469	0.02143	0.12577	0.01752	0.02377	0.01895	0.01602	0.26611	0.10649	0.13277	0.02269	0.02382	0.01669	0.01830	0.12269	0.00431	0.01097	0.00770	0.00703	0.01227
40	0.02238	0.01799	0.02158	0.02457	0.19936	0.07157	0.01534	0.08319	0.16399	0.12210	0.03386	0.03338	0.13276	0.01120	0.00833	0.00254	0.00787	0.00942	0.00685	0.01171
41	0.01056	0.00817	0.00962	0.00945	0.01160	0.00723	0.00701	0.01344	0.02049	0.02710	0.36647	0.11933	0.32238	0.01897	0.00964	0.00269	0.00402	0.01638	0.00823	0.00723
42	0.01049	0.00773	0.00883	0.00942	0.01044	0.00714	0.00614	0.01159	0.01511	0.01927	0.04963	0.26761	0.23817	0.27682	0.02147	0.00480	0.00568	0.01704	0.00657	0.00606
43	0.02097	0.02063	0.01918	0.05094	0.02308	0.15627	0.01262	0.05029	0.18487	0.02757	0.01908	0.02023	0.01503	0.00806	0.00706	0.00192	0.00829	0.00625	0.00563	0.34202
44	0.01091	0.00862	0.01189	0.12692	0.01917	0.00868	0.00987	0.01333	0.01683	0.02202	0.10341	0.42953	0.14681	0.02086	0.00978	0.00304	0.00557	0.01862	0.00700	0.00714

[dist]
# distance from previous block
# <min> <max>
0	1

[block]
# block no. 2 follows, 23 sequences, length 29
# corresponding to MSA columns:
# 102-130
name=unknown_C
#
# <colnr> <probs for GDERKNQSTAVLIFYWHMCP>
#	G	D	E	R	K	N	Q	S	T	A	V	L	I	F	Y	W	H	M	C	P
0	0.01861	0.06681	0.01968	0.07619	0.05237	0.06723	0.01321	0.07799	0.23377	0.02834	0.06125	0.03493	0.12406	0.01635	0.07025	0.00352	0.00886	0.00959	0.00654	0.01044
1	0.02838	0.01861	0.02178	0.01729	0.02251	0.02042	0.01422	0.37681	0.02951	0.17421	0.02162	0.02263	0.01567	0.01677	0.09643	0.00391	0.07142	0.00765	0.00763	0.01252
2	0.01702	0.03398	0.46605	0.02109	0.03055	0.01891	0.02472	0.02727	0.10934	0.02642	0.01691	0.01909	0.01258	0.00862	0.00931	0.00257	0.07122	0.00646	0.00426	0.07363
3	0.02427	0.09233	0.20277	0.02420	0.10941	0.20344	0.04197	0.08459	0.04050	0.07772	0.01627	0.01808	0.01228	0.00820	0.00758	0.00234	0.01133	0.00631	0.00484	0.01155
4	0.01825	0.05420	0.30889	0.06494	0.31414	0.01956	0.05526	0.02509	0.01776	0.02561	0.01483	0.01871	0.01154	0.00745	0.00787	0.00248	0.01086	0.00670	0.00373	0.01213
5	0.01056	0.00886	0.01000	0.01100	0.03969	0.00775	0.00800	0.01299	0.01852	0.02247	0.07346	0.07763	0.54112	0.02026	0.00977	0.00288	0.00485	0.10561	0.00738	0.00720
6	0.01969	0.01888	0.03223	0.10281	0.61426	0.01918	0.02471	0.02456	0.01829	0.02603	0.01519	0.02021	0.01269	0.00730	0.00804	0.00243	0.00974	0.00723	0.00398	0.01254
7	0.02288	0.18188	0.16165	0.02253	0.09929	0.23094	0.01888	0.02997	0.11164	0.02373	0.01600	0.01772	0.01278	0.00818	0.00716	0.00225	0.01102	0.00600	0.00445	0.01106
8	0.01176	0.00801	0.00956	0.00956	0.00981	0.00825	0.00581	0.01226	0.01201	0.01626	0.02491	0.04949	0.02793	0.60359	0.15040	0.00875	0.01023	0.01127	0.00482	0.00531
9	0.01134	0.00767	0.00898	0.00943	0.00954	0.00756	0.00554	0.01168	0.01269	0.01692	0.03013	0.20936	0.03525	0.55072	0.03393	0.00678	0.00711	0.01448	0.00554	0.00532
10	0.02942	0.02196	0.02435	0.08092	0.02799	0.02451	0.01608	0.58045	0.03613	0.04834	0.01902	0.01968	0.01352	0.00959	0.00812	0.00246	0.00910	0.00730	0.00770	0.01336
11	0.01299	0.07443	0.06928	0.01375	0.01619	0.01257	0.01170	0.01591	0.01702	0.02322	0.14264	0.29345	0.07026	0.01993	0.02961	0.00328	0.08936	0.06996	0.00651	0.00794
12	0.02867	0.03046	0.02217	0.01901	0.02387	0.39463	0.01475	0.24061	0.02786	0.03090	0.02108	0.02190	0.06885	0.00991	0.00779	0.00227	0.01173	0.00700	0.00584	0.01071
13	0.01985	0.17491	0.15145	0.03100	0.29759	0.02144	0.02116	0.07435	0.01980	0.02730	0.07133	0.02152	0.01753	0.00829	0.00750	0.00231	0.00930	0.00703	0.00456	0.01178
14	0.02088	0.61801	0.13710	0.01527	0.02297	0.03012	0.01630	0.02451	0.01658	0.02008	0.01177	0.01363	0.01039	0.00706	0.00558	0.00186	0.00917	0.00459	0.00346	0.01065
15	0.01434	0.01772	0.14720	0.02190	0.15905	0.01249	0.01621	0.01873	0.01781	0.02490	0.08695	0.18801	0.10127	0.01465	0.00883	0.00267	0.00740	0.05511	0.00582	0.07892
16	0.02309	0.02396	0.02972	0.09191	0.37548	0.17856	0.04842	0.08273	0.02121	0.02669	0.01498	0.01893	0.01218	0.00779	0.00794	0.00237	0.01104	0.00686	0.00440	0.01172
17	0.02450	0.01891	0.02071	0.01713	0.02224	0.02130	0.01379	0.35119	0.23254	0.04072	0.02421	0.02484	0.01833	0.01782	0.10939	0.00413	0.01004	0.00812	0.00760	0.01251
18	0.01513	0.00756	0.00756	0.00756	0.00945	0.00756	0.00567	0.01891	0.01702	0.03025	0.02647	0.03025	0.02080	0.00945	0.00567	0.00189	0.00378	0.00756	0.75988	0.00756
19	0.08663	0.40420	0.03249	0.01547	0.02162	0.15469	0.01379	0.08340	0.02011	0.08085	0.01410	0.01522	0.01145	0.00780	0.00613	0.00200	0.00950	0.00512	0.00474	0.01069
20	0.01219	0.00940	0.01350	0.01317	0.01427	0.01115	0.01006	0.01455	0.01280	0.01843	0.02129	0.03376	0.02078	0.15470	0.52608	0.01139	0.08205	0.00901	0.00436	0.00705
21	0.01425	0.01294	0.01568	0.01440	0.01577	0.07280	0.06028	0.01581	0.01483	0.01913	0.02898	0.21360	0.05677	0.26541	0.05300	0.00519	0.09539	0.01345	0.00538	0.00694
22	0.01016	0.00860	0.00896	0.00874	0.01164	0.00713	0.00653	0.01228	0.01815	0.02217	0.07430	0.12080	0.56667	0.01982	0.00938	0.00267	0.00430	0.01664	0.00733	0.06374
23	0.05057	0.01818	0.04726	0.01644	0.02161	0.01890	0.01375	0.26590	0.15534	0.10723	0.02365	0.02497	0.01784	0.02097	0.15449	0.00482	0.01101	0.00793	0.00723	0.01193
24	0.01806	0.02154	0.11574	0.03440	0.26129	0.01922	0.18531	0.02324	0.01731	0.02469	0.01750	0.08326	0.01580	0.00991	0.01141	0.00277	0.11416	0.00913	0.00422	0.01106
25	0.25722	0.02476	0.16235	0.01849	0.02432	0.11777	0.07726	0.02416	0.01622	0.02681	0.01398	0.01793	0.01135	0.01507	0.09538	0.00393	0.07300	0.00617	0.00424	0.00960
26	0.21286	0.07492	0.06872	0.01598	0.02123	0.13256	0.01375	0.14129	0.07877	0.03146	0.01682	0.01921	0.01340	0.01619	0.10578	0.00394	0.01108	0.00627	0.00542	0.01035
27	0.01515	0.01364	0.01254	0.01209	0.01432	0.10760	0.00872	0.07016	0.01982	0.02445	0.12838	0.20628	0.19375	0.11966	0.01393	0.00347	0.00673	0.01481	0.00690	0.00760
28	0.02130	0.01941	0.08071	0.04144	0.10580	0.01862	0.01588	0.24509	0.11915	0.03456	0.02475	0.11378	0.02222	0.06963	0.01119	0.00309	0.00832	0.02699	0.00668	0.01139

[dist]
# distance from previous block
# <min> <max>
1	4

[block]
# block no. 3 follows, 23 sequences, length 24
# corresponding to MSA columns:
# 135-158
name=unknown_D
#
# <colnr> <probs for GDERKNQSTAVLIFYWHMCP>
#	G	D	E	R	K	N	Q	S	T	A	V	L	I	F	Y	W	H	M	C	P
0	0.01576	0.05736	0.10945	0.02687	0.25312	0.01471	0.01735	0.02011	0.01830	0.02585	0.13911	0.17307	0.03266	0.01280	0.00850	0.00255	0.00761	0.01151	0.00559	0.04774
1	0.01738	0.01552	0.02341	0.02896	0.27428	0.01615	0.04727	0.05157	0.12675	0.02668	0.02761	0.07575	0.07590	0.02013	0.13124	0.00451	0.01064	0.00989	0.00554	0.01083
2	0.02644	0.09263	0.06960	0.02504	0.13663	0.36610	0.01793	0.09457	0.05096	0.02529	0.01470	0.01682	0.01185	0.00826	0.00741	0.00221	0.01209	0.00595	0.00464	0.01089
3	0.02029	0.02858	0.16920	0.02225	0.02785	0.21201	0.12535	0.02481	0.01824	0.02226	0.01956	0.02320	0.06427	0.01318	0.05288	0.00329	0.13115	0.00765	0.00418	0.00981
4	0.01829	0.01684	0.02634	0.03754	0.46115	0.01667	0.01969	0.06435	0.01985	0.02711	0.03180	0.03412	0.17020	0.01064	0.00842	0.00249	0.00825	0.00964	0.00516	0.01146
5	0.01513	0.00756	0.00756	0.00756	0.00945	0.00756	0.00567	0.01891	0.01702	0.03025	0.02647	0.03025	0.02080	0.00945	0.00567	0.00189	0.00378	0.00756	0.75988	0.00756
6	0.01159	0.00866	0.01249	0.01262	0.01407	0.00975	0.00977	0.01431	0.01365	0.01917	0.02687	0.03995	0.05916	0.09946	0.55630	0.01148	0.01884	0.05000	0.00478	0.00708
7	0.02019	0.02101	0.03196	0.18443	0.36340	0.10175	0.11038	0.02508	0.01865	0.02435	0.01491	0.02000	0.01203	0.00751	0.00818	0.00248	0.01109	0.00731	0.00396	0.01132
8	0.02186	0.02500	0.07236	0.09777	0.41627	0.17756	0.02283	0.02638	0.01927	0.02436	0.01449	0.01872	0.01193	0.00761	0.00785	0.00237	0.01109	0.00667	0.00398	0.01164
9	0.01943	0.04859	0.07615	0.01657	0.02123	0.11325	0.01402	0.03253	0.33244	0.02767	0.03424	0.03326	0.12503	0.01197	0.00942	0.00265	0.05468	0.00932	0.00663	0.01092
10	0.01178	0.00790	0.00898	0.00894	0.00907	0.00785	0.00510	0.01203	0.01254	0.01685	0.06769	0.05360	0.03262	0.66847	0.03919	0.00751	0.00760	0.01199	0.00518	0.00510
11	0.01513	0.00756	0.00756	0.00756	0.00945	0.00756	0.00567	0.01891	0.01702	0.03025	0.02647	0.03025	0.02080	0.00945	0.00567	0.00189	0.00378	0.00756	0.75988	0.00756
12	0.77215	0.01569	0.01193	0.01067	0.01569	0.01820	0.00879	0.02385	0.01381	0.03641	0.01130	0.01318	0.00879	0.00753	0.00502	0.00251	0.00628	0.00439	0.00502	0.00879
13	0.01042	0.00820	0.00941	0.00922	0.01150	0.00719	0.00687	0.01321	0.02029	0.02645	0.32996	0.09975	0.38048	0.01906	0.00962	0.00268	0.00402	0.01634	0.00814	0.00719
14	0.01010	0.00807	0.00905	0.00917	0.01137	0.00701	0.00674	0.01250	0.01916	0.02438	0.21999	0.16779	0.42547	0.02029	0.00970	0.00278	0.00413	0.01740	0.00788	0.00701
15	0.01687	0.01277	0.01507	0.01154	0.01740	0.00996	0.00911	0.02014	0.01800	0.08245	0.07171	0.05800	0.11005	0.00994	0.00713	0.00171	0.00562	0.00827	0.00605	0.50821
16	0.02202	0.07254	0.02434	0.02171	0.10197	0.22771	0.01553	0.02482	0.01797	0.02233	0.01288	0.01648	0.01121	0.00878	0.01119	0.00219	0.16326	0.00572	0.00414	0.21320
17	0.02524	0.10936	0.08051	0.05209	0.02514	0.34318	0.01574	0.03077	0.10012	0.06500	0.01743	0.02042	0.01417	0.05557	0.00958	0.00262	0.01152	0.00642	0.00496	0.01016
18	0.02410	0.07868	0.15999	0.02965	0.24825	0.06435	0.02114	0.13856	0.02252	0.10993	0.01749	0.01941	0.01306	0.00819	0.00773	0.00239	0.00991	0.00675	0.00536	0.01255
19	0.01378	0.06538	0.13609	0.01564	0.01929	0.01487	0.01469	0.01765	0.01431	0.02039	0.02232	0.02918	0.05892	0.03897	0.38668	0.00849	0.10236	0.00826	0.00423	0.00850
20	0.01121	0.04224	0.10325	0.01093	0.01491	0.00963	0.01005	0.01444	0.01842	0.02319	0.11799	0.10724	0.45114	0.01816	0.00919	0.00270	0.00542	0.01521	0.00691	0.00777
21	0.01891	0.01741	0.02414	0.07137	0.15365	0.04661	0.09408	0.10065	0.10667	0.02884	0.03211	0.03658	0.13419	0.01148	0.00864	0.00259	0.00861	0.04919	0.00600	0.04829
22	0.20431	0.02560	0.22444	0.05169	0.18457	0.06162	0.02029	0.02438	0.01751	0.02856	0.07042	0.02072	0.01640	0.00838	0.00728	0.00249	0.00941	0.00666	0.00451	0.01075
23	0.10029	0.08481	0.21880	0.01836	0.06569	0.01811	0.01731	0.02708	0.17372	0.02771	0.03084	0.03088	0.13231	0.01074	0.00769	0.00256	0.00810	0.00857	0.00559	0.01083

[dist]
# distance from previous block
# <min> <max>
0	34

[block]
# block no. 4 follows, 23 sequences, length 39
# corresponding to MSA columns:
# 193-231
name=unknown_E
#
# <colnr> <probs for GDERKNQSTAVLIFYWHMCP>
#	G	D	E	R	K	N	Q	S	T	A	V	L	I	F	Y	W	H	M	C	P
0	0.08931	0.02663	0.14573	0.02946	0.22975	0.14762	0.05024	0.02936	0.10467	0.04529	0.01720	0.01955	0.01335	0.00814	0.00767	0.00245	0.01042	0.00676	0.00478	0.01159
1	0.05783	0.11188	0.02788	0.02362	0.09769	0.37895	0.06044	0.10160	0.02287	0.02535	0.01375	0.01609	0.01118	0.00809	0.00731	0.00219	0.01229	0.00587	0.00458	0.01052
2	0.08018	0.39596	0.06483	0.01562	0.02177	0.17501	0.01434	0.05988	0.01912	0.02289	0.01648	0.01790	0.04976	0.00833	0.00622	0.00202	0.00974	0.00557	0.00425	0.01012
3	0.01359	0.01141	0.01681	0.06176	0.17528	0.01148	0.01303	0.01788	0.06245	0.02428	0.09632	0.36280	0.06481	0.01784	0.00940	0.00291	0.00630	0.01619	0.00662	0.00883
4	0.01116	0.00869	0.01033	0.01127	0.01295	0.00835	0.00816	0.01526	0.08463	0.02277	0.05407	0.40552	0.22415	0.02224	0.00998	0.00311	0.00494	0.06741	0.00761	0.00741
5	0.01313	0.01095	0.01599	0.01510	0.01619	0.01381	0.01204	0.01575	0.01289	0.01901	0.01897	0.02835	0.01788	0.04922	0.51899	0.01067	0.19096	0.00830	0.00415	0.00765
6	0.01513	0.00756	0.00756	0.00756	0.00945	0.00756	0.00567	0.01891	0.01702	0.03025	0.02647	0.03025	0.02080	0.00945	0.00567	0.00189	0.00378	0.00756	0.75988	0.00756
7	0.03128	0.01303	0.01742	0.01380	0.01924	0.01158	0.01123	0.03550	0.05363	0.52803	0.14132	0.03349	0.03014	0.01123	0.00841	0.00253	0.00635	0.00934	0.00976	0.01269
8	0.01467	0.01323	0.01895	0.01717	0.01790	0.01750	0.01395	0.01701	0.01273	0.01918	0.01619	0.02481	0.01547	0.03751	0.35443	0.00829	0.36109	0.00790	0.00395	0.00806
9	0.01154	0.00829	0.00995	0.01048	0.01166	0.00794	0.00755	0.01324	0.01588	0.02060	0.08781	0.10522	0.16658	0.31257	0.02335	0.00516	0.00654	0.16287	0.00652	0.00624
10	0.02884	0.12703	0.02588	0.02095	0.04579	0.57524	0.01575	0.03109	0.02199	0.01998	0.01247	0.01460	0.01053	0.00814	0.00706	0.00205	0.01369	0.00518	0.00408	0.00965
11	0.02318	0.23610	0.07065	0.10584	0.15166	0.05685	0.01854	0.19021	0.02305	0.02983	0.01491	0.01750	0.01184	0.00801	0.00715	0.00224	0.00968	0.00619	0.00488	0.01168
12	0.02164	0.01897	0.02147	0.02228	0.12835	0.06441	0.01515	0.14322	0.30621	0.03285	0.02472	0.02578	0.01923	0.01663	0.09817	0.00397	0.01001	0.00818	0.00673	0.01204
13	0.01796	0.05044	0.12492	0.02077	0.02321	0.05686	0.01893	0.02103	0.01389	0.02044	0.01204	0.01815	0.01115	0.01539	0.06104	0.00382	0.49020	0.00682	0.00361	0.00935
14	0.01044	0.00840	0.00943	0.00981	0.01223	0.00739	0.00769	0.01294	0.01878	0.02320	0.11992	0.10346	0.47020	0.02078	0.00993	0.00294	0.00477	0.13303	0.00764	0.00703
15	0.00985	0.00806	0.00870	0.00890	0.01121	0.00691	0.00654	0.01202	0.01858	0.02297	0.14337	0.16829	0.50483	0.02080	0.00970	0.00280	0.00416	0.01771	0.00770	0.00691
16	0.00976	0.00814	0.00852	0.00860	0.01111	0.00690	0.00638	0.01192	0.01865	0.02269	0.12635	0.12180	0.57017	0.02058	0.00964	0.00276	0.00413	0.01735	0.00765	0.00690
17	0.01159	0.00869	0.01304	0.01304	0.01449	0.01014	0.01014	0.01449	0.01304	0.01884	0.02173	0.03188	0.02029	0.06086	0.68268	0.01304	0.02173	0.00869	0.00435	0.00724
18	0.01792	0.01598	0.02156	0.01868	0.01999	0.02089	0.01535	0.10510	0.01622	0.02379	0.01492	0.02185	0.01372	0.02630	0.20291	0.00598	0.41775	0.00756	0.00441	0.00912
19	0.01037	0.00812	0.00939	0.00935	0.01151	0.00714	0.00691	0.01306	0.01994	0.02599	0.30696	0.14108	0.36216	0.01952	0.00967	0.00273	0.00406	0.01681	0.00809	0.00714
20	0.40663	0.01916	0.01805	0.01461	0.02036	0.02163	0.01206	0.32626	0.02581	0.04367	0.01533	0.01629	0.01126	0.00862	0.00655	0.00247	0.00758	0.00583	0.00655	0.01126
21	0.01816	0.02859	0.28469	0.05596	0.17768	0.01948	0.20695	0.02641	0.05358	0.02625	0.01630	0.02010	0.01229	0.00754	0.00838	0.00260	0.01161	0.00756	0.00404	0.01182
22	0.01683	0.01442	0.01683	0.01202	0.01923	0.01082	0.00961	0.02043	0.01683	0.02644	0.01442	0.01683	0.01202	0.00601	0.00601	0.00120	0.00601	0.00481	0.00481	0.76444
23	0.01585	0.02006	0.14968	0.02137	0.06306	0.01659	0.11027	0.02302	0.10152	0.02545	0.07805	0.14095	0.06411	0.01339	0.01170	0.00289	0.11508	0.01138	0.00560	0.00997
24	0.01012	0.00751	0.00944	0.01051	0.01168	0.00683	0.00729	0.01209	0.01744	0.02307	0.16240	0.47064	0.17552	0.02289	0.01007	0.00305	0.00443	0.02041	0.00778	0.00683
25	0.01027	0.00744	0.00970	0.01083	0.01181	0.00687	0.00748	0.01233	0.01758	0.02376	0.20143	0.50752	0.09709	0.02290	0.01011	0.00307	0.00445	0.02059	0.00788	0.00687
26	0.01869	0.02758	0.26691	0.04005	0.43417	0.01912	0.02676	0.02519	0.01798	0.02621	0.01501	0.01900	0.01191	0.00741	0.00791	0.00247	0.01050	0.00678	0.00380	0.01254
27	0.01944	0.01434	0.01709	0.01234	0.01943	0.01096	0.00992	0.02298	0.01768	0.11234	0.01677	0.01827	0.01310	0.00655	0.00630	0.00138	0.00613	0.00526	0.00551	0.66422
28	0.02578	0.19898	0.02845	0.02055	0.05182	0.39155	0.01598	0.02807	0.01955	0.01992	0.01206	0.01498	0.01058	0.00889	0.00990	0.00225	0.12167	0.00540	0.00390	0.00972
29	0.01234	0.00964	0.01274	0.01195	0.01366	0.01004	0.00935	0.01578	0.02094	0.02949	0.48836	0.05845	0.10063	0.01698	0.01198	0.00279	0.09708	0.06203	0.00801	0.00776
30	0.01161	0.00899	0.01075	0.01067	0.01303	0.00841	0.00834	0.01595	0.05852	0.02752	0.31666	0.07005	0.27395	0.01861	0.00977	0.00283	0.00469	0.11383	0.00816	0.00766
31	0.01147	0.00851	0.01250	0.01265	0.01393	0.00972	0.00962	0.01407	0.01317	0.01880	0.02383	0.08807	0.02354	0.09705	0.58988	0.01194	0.01953	0.01004	0.00464	0.00705
32	0.01805	0.02974	0.29500	0.03050	0.06711	0.01980	0.36789	0.02583	0.01832	0.02590	0.01563	0.01992	0.01153	0.00720	0.00877	0.00266	0.01283	0.00805	0.00383	0.01144
33	0.01743	0.07990	0.59810	0.02247	0.03371	0.05965	0.02821	0.02602	0.01745	0.02497	0.01426	0.01675	0.01030	0.00771	0.00754	0.00249	0.01196	0.00586	0.00347	0.01175
34	0.01145	0.00929	0.01034	0.01076	0.01294	0.00894	0.00779	0.01669	0.12118	0.02344	0.05978	0.31173	0.32402	0.02084	0.00966	0.00295	0.00472	0.01809	0.00765	0.00774
35	0.01147	0.00781	0.00896	0.00914	0.00939	0.00767	0.00537	0.01187	0.01296	0.01722	0.05467	0.12561	0.06461	0.57979	0.03520	0.00692	0.00719	0.01339	0.00548	0.00530
36	0.01177	0.00798	0.00941	0.00941	0.00960	0.00817	0.00561	0.01216	0.01197	0.01615	0.02506	0.05027	0.02827	0.62752	0.12693	0.00856	0.00972	0.01139	0.00484	0.00523
37	0.01600	0.02877	0.35087	0.02572	0.09327	0.01685	0.15120	0.02287	0.01737	0.02487	0.02090	0.15347	0.01942	0.01094	0.00865	0.00273	0.01069	0.01019	0.00443	0.01080
38	0.01846	0.11441	0.27443	0.08761	0.29807	0.02061	0.02525	0.02479	0.01754	0.02481	0.01444	0.01822	0.01142	0.00745	0.00757	0.00241	0.01050	0.00640	0.00369	0.01191

[dist]
# distance from previous block
# <min> <max>
0	1

[block]
# block no. 5 follows, 23 sequences, length 23
# corresponding to MSA columns:
# 233-255
name=unknown_F
#
# <colnr> <probs for GDERKNQSTAVLIFYWHMCP>
#	G	D	E	R	K	N	Q	S	T	A	V	L	I	F	Y	W	H	M	C	P
0	0.17683	0.07190	0.16031	0.04604	0.07333	0.05268	0.13270	0.13904	0.02103	0.03186	0.01487	0.01760	0.01122	0.00785	0.00743	0.00248	0.01026	0.00655	0.00484	0.01120
1	0.01906	0.02536	0.20438	0.04266	0.49565	0.01916	0.02626	0.02512	0.01812	0.02629	0.01507	0.01929	0.01216	0.00736	0.00795	0.00245	0.01027	0.00690	0.00386	0.01262
2	0.02120	0.02176	0.03052	0.04214	0.49305	0.11162	0.02271	0.02525	0.01832	0.02469	0.01429	0.01903	0.01224	0.00828	0.01033	0.00251	0.09928	0.00694	0.00398	0.01186
3	0.42332	0.15915	0.01756	0.01091	0.01566	0.01826	0.00932	0.02120	0.01600	0.03020	0.08704	0.02792	0.11674	0.01033	0.00622	0.00239	0.00619	0.00738	0.00548	0.00871
4	0.01288	0.01142	0.01782	0.01513	0.01847	0.01056	0.13692	0.04374	0.01941	0.02528	0.13709	0.22206	0.26094	0.01791	0.00971	0.00284	0.00642	0.01629	0.00705	0.00806
5	0.00963	0.00808	0.00837	0.00860	0.01106	0.00682	0.00633	0.01160	0.01813	0.02177	0.07757	0.15606	0.58594	0.02115	0.00968	0.00281	0.00418	0.01786	0.00753	0.00682
6	0.02924	0.08928	0.02458	0.01972	0.02457	0.47854	0.01535	0.14283	0.05508	0.02619	0.01469	0.01613	0.01174	0.00863	0.00734	0.00216	0.01272	0.00572	0.00504	0.01045
7	0.01513	0.00756	0.00756	0.00756	0.00945	0.00756	0.00567	0.01891	0.01702	0.03025	0.02647	0.03025	0.02080	0.00945	0.00567	0.00189	0.00378	0.00756	0.75988	0.00756
8	0.02126	0.02405	0.02828	0.02330	0.02630	0.21292	0.14403	0.02425	0.01691	0.02091	0.01313	0.01865	0.01158	0.01411	0.06140	0.00360	0.31491	0.00718	0.00390	0.00935
9	0.31130	0.01727	0.01653	0.01408	0.01933	0.05750	0.01132	0.05538	0.17958	0.20582	0.02277	0.02173	0.01618	0.00922	0.00694	0.00254	0.00708	0.00678	0.00726	0.01139
10	0.01390	0.00997	0.01347	0.01488	0.01691	0.01008	0.01277	0.05396	0.01961	0.02562	0.04168	0.13665	0.04526	0.02189	0.01095	0.00362	0.00734	0.52614	0.00752	0.00778
11	0.01774	0.11591	0.01979	0.01653	0.06824	0.13288	0.01157	0.02154	0.06698	0.02092	0.05866	0.03223	0.02267	0.19943	0.15537	0.00588	0.01182	0.00854	0.00490	0.00841
12	0.00972	0.00823	0.00840	0.00836	0.01104	0.00691	0.00627	0.01190	0.01880	0.02265	0.12209	0.07688	0.62057	0.02028	0.00959	0.00273	0.00409	0.01696	0.00763	0.00691
13	0.02575	0.25062	0.12271	0.01818	0.02519	0.14378	0.01706	0.24622	0.02553	0.03169	0.01492	0.01622	0.01162	0.00831	0.00699	0.00217	0.01031	0.00580	0.00526	0.01168
14	0.00973	0.00767	0.00879	0.00968	0.01134	0.00673	0.00681	0.01148	0.01709	0.02135	0.06442	0.37765	0.37284	0.02286	0.00995	0.00300	0.00439	0.01994	0.00753	0.00673
15	0.01412	0.01285	0.02059	0.52072	0.04461	0.01529	0.01857	0.01891	0.01740	0.02246	0.10899	0.03366	0.09808	0.01075	0.00849	0.00269	0.00907	0.00941	0.00479	0.00857
16	0.02155	0.01592	0.01868	0.01585	0.01987	0.01774	0.01270	0.34084	0.02641	0.03593	0.02239	0.07964	0.01956	0.03121	0.27503	0.00670	0.01365	0.00912	0.00658	0.01063
17	0.01159	0.00850	0.00979	0.00933	0.01188	0.00741	0.00704	0.01443	0.02056	0.05573	0.31901	0.06857	0.39000	0.01843	0.00952	0.00265	0.00412	0.01570	0.00823	0.00750
18	0.12356	0.02689	0.02111	0.01857	0.02218	0.32418	0.01458	0.11008	0.02104	0.02615	0.01388	0.01731	0.01167	0.01451	0.07529	0.00350	0.13507	0.00607	0.00473	0.00963
19	0.01578	0.01194	0.01340	0.01169	0.01505	0.01184	0.00913	0.17235	0.02533	0.03371	0.30299	0.05601	0.25675	0.01618	0.00921	0.00259	0.00522	0.01362	0.00826	0.00895
20	0.01636	0.01743	0.05430	0.01835	0.01974	0.05015	0.01557	0.01884	0.01484	0.02127	0.07906	0.02916	0.08973	0.01764	0.06518	0.00389	0.44644	0.00887	0.00456	0.00862
21	0.02041	0.01642	0.01799	0.01523	0.02060	0.01725	0.01196	0.03710	0.44663	0.07456	0.02822	0.02667	0.02121	0.00967	0.00768	0.00234	0.00635	0.00799	0.00750	0.20420
22	0.02095	0.09356	0.04825	0.02075	0.06419	0.06229	0.10145	0.16154	0.06351	0.02865	0.01968	0.05783	0.01769	0.11143	0.03645	0.00365	0.06362	0.00868	0.00544	0.01037

[dist]
# distance from previous block
# <min> <max>
0	2

[block]
# block no. 6 follows, 23 sequences, length 32
# corresponding to MSA columns:
# 258-289
name=unknown_G
#
# <colnr> <probs for GDERKNQSTAVLIFYWHMCP>
#	G	D	E	R	K	N	Q	S	T	A	V	L	I	F	Y	W	H	M	C	P
0	0.02605	0.03071	0.02550	0.02829	0.19269	0.41834	0.01811	0.03000	0.05612	0.02237	0.01426	0.01719	0.01190	0.00868	0.00910	0.00233	0.06744	0.00612	0.00432	0.01046
1	0.11996	0.02019	0.06388	0.01834	0.06916	0.11602	0.01421	0.11275	0.06152	0.08200	0.02170	0.02456	0.04109	0.02190	0.17189	0.00502	0.01230	0.00744	0.00571	0.01035
2	0.01425	0.00773	0.00788	0.00795	0.00996	0.00753	0.00604	0.01778	0.01729	0.02882	0.03511	0.03956	0.11350	0.01156	0.00646	0.00209	0.00398	0.03307	0.62197	0.00746
3	0.00991	0.00749	0.00916	0.01031	0.01155	0.00674	0.00713	0.01168	0.01693	0.02189	0.09853	0.47662	0.23599	0.02336	0.01007	0.00308	0.00447	0.02072	0.00763	0.00674
4	0.02191	0.02556	0.03835	0.02896	0.03538	0.18684	0.40106	0.02813	0.05572	0.02446	0.01599	0.02026	0.01244	0.00797	0.01012	0.00263	0.06108	0.00829	0.00432	0.01052
5	0.02172	0.43267	0.12985	0.01904	0.02651	0.11566	0.10531	0.02582	0.01783	0.02112	0.01265	0.01509	0.01067	0.00723	0.00647	0.00204	0.01066	0.00544	0.00365	0.01058
6	0.01578	0.01978	0.13772	0.01933	0.07170	0.08580	0.01617	0.01989	0.01597	0.02193	0.06603	0.02705	0.02004	0.03289	0.31188	0.00729	0.08937	0.00799	0.00440	0.00900
7	0.01218	0.00928	0.01078	0.01134	0.01272	0.00941	0.00775	0.01729	0.13124	0.02213	0.04251	0.36126	0.11299	0.18060	0.01699	0.00418	0.00568	0.01725	0.00706	0.00738
8	0.01232	0.01399	0.09911	0.01642	0.01940	0.01087	0.09835	0.01552	0.01611	0.02203	0.03550	0.49650	0.04057	0.02011	0.01061	0.00314	0.03675	0.01835	0.00636	0.00798
9	0.02098	0.10751	0.19370	0.01926	0.04558	0.11555	0.01791	0.12115	0.11629	0.02857	0.02169	0.11608	0.01923	0.01100	0.00789	0.00251	0.00958	0.00881	0.00559	0.01111
10	0.01613	0.01569	0.01836	0.01688	0.01819	0.10291	0.01345	0.01854	0.01413	0.01921	0.01676	0.02482	0.01572	0.03813	0.37129	0.00838	0.25156	0.00770	0.00405	0.00808
11	0.08896	0.00950	0.01060	0.01023	0.01312	0.00871	0.00769	0.01709	0.01837	0.11769	0.10292	0.21018	0.31805	0.01858	0.00911	0.00280	0.00485	0.01577	0.00776	0.00805
12	0.01614	0.01445	0.02362	0.11024	0.35072	0.01475	0.01886	0.02005	0.01753	0.02414	0.02596	0.19748	0.02698	0.01374	0.00902	0.00283	0.00829	0.08974	0.00528	0.01018
13	0.02410	0.02968	0.16745	0.06661	0.18061	0.21721	0.04229	0.07698	0.02135	0.07464	0.01589	0.01848	0.01206	0.00812	0.00782	0.00239	0.01159	0.00652	0.00470	0.01150
14	0.01627	0.01342	0.06680	0.01635	0.06563	0.01149	0.01206	0.04886	0.08672	0.09715	0.06730	0.38866	0.03960	0.01820	0.00936	0.00295	0.00624	0.01621	0.00739	0.00936
15	0.01513	0.00756	0.00756	0.00756	0.00945	0.00756	0.00567	0.01891	0.01702	0.03025	0.02647	0.03025	0.02080	0.00945	0.00567	0.00189	0.00378	0.00756	0.75988	0.00756
16	0.02584	0.20098	0.02846	0.01890	0.02424	0.31351	0.05741	0.03236	0.13854	0.05921	0.01743	0.01839	0.01379	0.00849	0.00717	0.00219	0.01112	0.00621	0.00509	0.01065
17	0.27378	0.10966	0.18873	0.01790	0.02488	0.18179	0.04805	0.02656	0.01747	0.02712	0.01269	0.01496	0.00994	0.00768	0.00652	0.00235	0.01042	0.00526	0.00418	0.01005
18	0.01972	0.01891	0.03229	0.09865	0.61819	0.01918	0.02472	0.02459	0.01831	0.02607	0.01520	0.02020	0.01270	0.00730	0.00804	0.00243	0.00973	0.00723	0.00399	0.01256
19	0.02294	0.02338	0.02627	0.09962	0.27811	0.17925	0.01944	0.07844	0.13847	0.02767	0.01817	0.02078	0.01436	0.00850	0.00792	0.00243	0.01030	0.00711	0.00513	0.01171
20	0.02088	0.01940	0.01853	0.01666	0.01978	0.17177	0.01303	0.11991	0.06788	0.04673	0.02052	0.05361	0.01796	0.02985	0.26413	0.00651	0.06970	0.00817	0.00546	0.00952
21	0.01513	0.00756	0.00756	0.00756	0.00945	0.00756	0.00567	0.01891	0.01702	0.03025	0.02647	0.03025	0.02080	0.00945	0.00567	0.00189	0.00378	0.00756	0.75988	0.00756
22	0.01609	0.03009	0.39535	0.02591	0.14570	0.01743	0.02454	0.02304	0.01636	0.02420	0.01596	0.02066	0.01278	0.01858	0.14418	0.00469	0.04283	0.00681	0.00372	0.01106
23	0.01002	0.00807	0.00842	0.00855	0.01063	0.00702	0.00603	0.01165	0.01706	0.02070	0.06922	0.11729	0.50308	0.14815	0.01546	0.00372	0.00484	0.01656	0.00705	0.00648
24	0.02353	0.44205	0.03345	0.01571	0.02142	0.24107	0.01385	0.02592	0.01876	0.01957	0.01734	0.01872	0.06223	0.00849	0.00624	0.00193	0.01025	0.00565	0.00403	0.00980
25	0.01152	0.00775	0.00893	0.00920	0.00927	0.00768	0.00530	0.01173	0.01234	0.01645	0.02834	0.14815	0.03300	0.61501	0.03682	0.00720	0.00741	0.01343	0.00530	0.00516
26	0.02485	0.19482	0.02977	0.04991	0.14350	0.05815	0.01683	0.25587	0.09010	0.03408	0.01750	0.01894	0.01362	0.00858	0.00735	0.00228	0.00910	0.00664	0.00584	0.01228
27	0.02326	0.02465	0.05680	0.02672	0.20028	0.19950	0.01761	0.13875	0.06701	0.02911	0.02465	0.02815	0.08202	0.01032	0.00815	0.00245	0.01010	0.03368	0.00559	0.01119
28	0.01046	0.00807	0.00916	0.00918	0.01107	0.00719	0.00655	0.01265	0.01849	0.02388	0.23120	0.13470	0.34699	0.11756	0.01412	0.00347	0.00462	0.01631	0.00756	0.00678
29	0.02282	0.15465	0.03236	0.03623	0.39209	0.17936	0.02065	0.02657	0.01918	0.02354	0.01387	0.01747	0.01183	0.00745	0.00733	0.00221	0.01065	0.00621	0.00395	0.01158
30	0.01718	0.01619	0.02097	0.06691	0.15875	0.08378	0.03945	0.04202	0.06599	0.02485	0.08535	0.12633	0.02685	0.02144	0.13300	0.00458	0.04071	0.01055	0.00550	0.00958
31	0.25705	0.02923	0.23316	0.02063	0.06227	0.13077	0.05409	0.07492	0.01894	0.03016	0.01374	0.01610	0.01038	0.00785	0.00696	0.00246	0.01037	0.00574	0.00450	0.01069

[dist]
# distance from previous block
# <min> <max>
0	2

[block]
# block no. 7 follows, 23 sequences, length 23
# corresponding to MSA columns:
# 292-314
name=unknown_H
#
# <colnr> <probs for GDERKNQSTAVLIFYWHMCP>
#	G	D	E	R	K	N	Q	S	T	A	V	L	I	F	Y	W	H	M	C	P
0	0.05609	0.04960	0.02793	0.03165	0.29402	0.12739	0.01913	0.23473	0.02564	0.03397	0.01596	0.01846	0.01254	0.00827	0.00772	0.00235	0.01002	0.00671	0.00546	0.01237
1	0.01764	0.01021	0.01056	0.00948	0.01231	0.01043	0.00735	0.11506	0.02029	0.03334	0.02488	0.02801	0.01934	0.00935	0.00607	0.00195	0.00467	0.00741	0.61137	0.04028
2	0.01431	0.01415	0.07057	0.01300	0.01744	0.01108	0.01091	0.04210	0.03924	0.02538	0.06249	0.23138	0.10648	0.01479	0.00902	0.00238	0.03350	0.01260	0.00622	0.26296
3	0.01312	0.01061	0.01206	0.01238	0.01475	0.01090	0.00923	0.02125	0.20366	0.02523	0.05054	0.29756	0.19712	0.01969	0.00962	0.00303	0.00530	0.06763	0.00774	0.00858
4	0.20643	0.08302	0.04690	0.01640	0.02114	0.17227	0.01378	0.09807	0.01985	0.09111	0.01550	0.01785	0.01222	0.01334	0.06537	0.00333	0.08200	0.00599	0.00528	0.01016
5	0.02126	0.15712	0.08262	0.02161	0.10723	0.08620	0.01685	0.14263	0.02060	0.02697	0.01582	0.01991	0.01336	0.01908	0.14238	0.00448	0.07988	0.00666	0.00470	0.01066
6	0.02417	0.08384	0.02126	0.01650	0.02062	0.20453	0.01282	0.23684	0.02516	0.03037	0.02174	0.13644	0.02105	0.09426	0.01190	0.00306	0.00968	0.00962	0.00614	0.01003
7	0.01156	0.00810	0.00985	0.00985	0.01045	0.00835	0.00634	0.01246	0.01268	0.01704	0.02945	0.04990	0.08118	0.49114	0.19974	0.00873	0.01103	0.01147	0.00500	0.00567
8	0.01158	0.00854	0.00983	0.00997	0.01135	0.00819	0.00677	0.04129	0.01644	0.02130	0.07538	0.21199	0.22041	0.25263	0.05379	0.00506	0.00659	0.01576	0.00660	0.00653
9	0.01008	0.00801	0.00906	0.00927	0.01138	0.00699	0.00677	0.01242	0.01895	0.02414	0.20828	0.19626	0.40854	0.02058	0.00973	0.00280	0.00416	0.01771	0.00786	0.00699
10	0.02341	0.02466	0.02502	0.02117	0.02411	0.21361	0.05204	0.10845	0.07380	0.02547	0.01463	0.01840	0.01232	0.01122	0.01603	0.00287	0.31096	0.00691	0.00478	0.01015
11	0.01020	0.00824	0.00906	0.00886	0.01133	0.00711	0.00664	0.01282	0.01993	0.02532	0.26741	0.07249	0.47359	0.01928	0.00958	0.00268	0.00402	0.01634	0.00798	0.00711
12	0.02276	0.02600	0.03244	0.03243	0.20892	0.24376	0.19324	0.02698	0.01963	0.02340	0.01475	0.01920	0.01213	0.01042	0.04143	0.00296	0.04751	0.00728	0.00409	0.01068
13	0.01159	0.00869	0.01304	0.01304	0.01449	0.01014	0.01014	0.01449	0.01304	0.01884	0.02173	0.03188	0.02029	0.06086	0.68268	0.01304	0.02173	0.00869	0.00435	0.00724
14	0.01742	0.02948	0.33142	0.12873	0.10175	0.01921	0.14624	0.02642	0.07161	0.02579	0.01656	0.02017	0.01226	0.00783	0.00822	0.00262	0.01144	0.00728	0.00406	0.01150
15	0.01513	0.00756	0.00756	0.00756	0.00945	0.00756	0.00567	0.01891	0.01702	0.03025	0.02647	0.03025	0.02080	0.00945	0.00567	0.00189	0.00378	0.00756	0.75988	0.00756
16	0.01525	0.01715	0.10292	0.02805	0.28977	0.01377	0.01738	0.01977	0.01925	0.02655	0.16637	0.04229	0.18331	0.01249	0.00869	0.00254	0.00738	0.01104	0.00583	0.01020
17	0.02321	0.31888	0.15897	0.01652	0.02434	0.02431	0.01678	0.14646	0.02150	0.08309	0.01563	0.01673	0.01204	0.00782	0.00661	0.00205	0.00897	0.00562	0.00507	0.08539
18	0.05385	0.01775	0.05365	0.10231	0.02570	0.04772	0.04693	0.12301	0.07449	0.02916	0.02605	0.02830	0.09618	0.01488	0.07421	0.00335	0.00959	0.00816	0.00566	0.15904
19	0.01452	0.00919	0.01026	0.00942	0.01237	0.00819	0.00703	0.01779	0.01668	0.02741	0.02705	0.16095	0.02508	0.01174	0.00668	0.00199	0.00452	0.00993	0.42167	0.19754
20	0.02989	0.03617	0.02422	0.02123	0.02584	0.58041	0.04249	0.09946	0.02452	0.02361	0.01348	0.01549	0.01091	0.00845	0.00750	0.00216	0.01396	0.00565	0.00462	0.00996
21	0.01543	0.01353	0.02230	0.05568	0.07862	0.01303	0.13937	0.01901	0.01733	0.04904	0.03231	0.22665	0.08965	0.01490	0.01010	0.00277	0.04492	0.04770	0.00587	0.10180
22	0.02035	0.01964	0.06157	0.03627	0.34969	0.01825	0.14191	0.07815	0.02052	0.06160	0.02415	0.02710	0.08524	0.00903	0.00851	0.00253	0.00973	0.00879	0.00507	0.01190

[dist]
# distance from previous block
# <min> <max>
0	1

[block]
# block no. 8 follows, 23 sequences, length 26
# corresponding to MSA columns:
# 316-341
name=unknown_I
#
# <colnr> <probs for GDERKNQSTAVLIFYWHMCP>
#	G	D	E	R	K	N	Q	S	T	A	V	L	I	F	Y	W	H	M	C	P
0	0.01832	0.02973	0.33937	0.02341	0.09629	0.04483	0.05303	0.11019	0.02063	0.02843	0.02452	0.07241	0.08231	0.01051	0.00826	0.00259	0.01017	0.00881	0.00493	0.01127
1	0.02663	0.08444	0.02690	0.08886	0.08950	0.47014	0.05118	0.02960	0.02121	0.02086	0.01310	0.01610	0.01082	0.00804	0.00743	0.00219	0.01329	0.00578	0.00405	0.00986
