[name]
unknown

[dist]
# distance from previous block
# <min> <max>
0	43

[block]
# block no. 0 follows, 22 sequences, length 59
# corresponding to MSA columns:
# 46-104
name=unknown_A
#
# <colnr> <probs for GDERKNQSTAVLIFYWHMCP>
#	G	D	E	R	K	N	Q	S	T	A	V	L	I	F	Y	W	H	M	C	P
0	0.01339	0.00956	0.01339	0.01530	0.01721	0.00956	0.01339	0.01721	0.01912	0.02486	0.04399	0.09371	0.04781	0.02295	0.01147	0.00382	0.00765	0.60031	0.00765	0.00765
1	0.03148	0.02628	0.02467	0.01954	0.02575	0.14558	0.01584	0.51860	0.03619	0.04644	0.01863	0.01903	0.01350	0.00971	0.00816	0.00243	0.01022	0.00709	0.00757	0.01330
2	0.00996	0.00842	0.00861	0.00856	0.01130	0.00707	0.00642	0.01219	0.01926	0.02321	0.12417	0.07869	0.61236	0.02075	0.00982	0.00279	0.00419	0.01736	0.00782	0.00707
3	0.02992	0.05564	0.02443	0.01823	0.02437	0.07592	0.01500	0.50865	0.03521	0.04673	0.01952	0.02005	0.01422	0.00971	0.00792	0.00239	0.00920	0.00719	0.06256	0.01314
4	0.01080	0.00845	0.00978	0.00945	0.01182	0.00743	0.00709	0.01383	0.02126	0.02796	0.37204	0.07087	0.36153	0.01898	0.00981	0.00271	0.00406	0.01626	0.00844	0.00743
5	0.01283	0.01045	0.01386	0.01376	0.01538	0.04381	0.01067	0.01576	0.01386	0.01934	0.02178	0.03175	0.02026	0.05960	0.64153	0.01279	0.02189	0.00872	0.00444	0.00753
6	0.02056	0.01974	0.03372	0.05099	0.65622	0.01974	0.02550	0.02550	0.01892	0.02714	0.01563	0.02056	0.01316	0.00740	0.00822	0.00247	0.00987	0.00740	0.00411	0.01316
7	0.03126	0.03279	0.02412	0.02045	0.02572	0.40417	0.01594	0.28136	0.03001	0.03368	0.01580	0.01705	0.01213	0.00915	0.00783	0.00229	0.01255	0.00624	0.00596	0.01151
8	0.02056	0.01974	0.03372	0.05099	0.65622	0.01974	0.02550	0.02550	0.01892	0.02714	0.01563	0.02056	0.01316	0.00740	0.00822	0.00247	0.00987	0.00740	0.00411	0.01316
9	0.01107	0.00846	0.01016	0.00973	0.01199	0.00755	0.00730	0.01435	0.02190	0.02948	0.45187	0.06836	0.28074	0.01841	0.00981	0.00268	0.00402	0.01591	0.00864	0.00755
10	0.01208	0.00805	0.00906	0.00906	0.00906	0.00805	0.00503	0.01208	0.01208	0.01611	0.02618	0.05436	0.03020	0.70804	0.04228	0.00805	0.00805	0.01208	0.00503	0.00503
11	0.03108	0.03808	0.02367	0.02119	0.02569	0.61435	0.01603	0.08853	0.02498	0.02331	0.01350	0.01544	0.01102	0.00869	0.00757	0.00217	0.01444	0.00555	0.00466	0.01005
12	0.02295	0.01898	0.02007	0.01737	0.02247	0.02173	0.01370	0.16642	0.51522	0.03844	0.03091	0.02868	0.02301	0.01100	0.00842	0.00275	0.00711	0.00899	0.00842	0.01335
13	0.02027	0.01944	0.03319	0.08944	0.62007	0.01966	0.02535	0.02524	0.01878	0.02678	0.01557	0.02066	0.01303	0.00746	0.00823	0.00249	0.00994	0.00740	0.00409	0.01292
14	0.02221	0.71304	0.04353	0.01421	0.02132	0.03287	0.01421	0.02488	0.01688	0.01955	0.01155	0.01333	0.01066	0.00711	0.00533	0.00178	0.00888	0.00444	0.00355	0.01066
15	0.01122	0.00847	0.01035	0.00988	0.01208	0.00761	0.00741	0.01463	0.02223	0.03027	0.49305	0.06706	0.23908	0.01812	0.00980	0.00267	0.00400	0.01573	0.00874	0.00761
16	0.01144	0.00841	0.01071	0.01029	0.01225	0.00768	0.00766	0.01500	0.02253	0.03134	0.55044	0.10276	0.14257	0.01799	0.00985	0.00268	0.00401	0.01583	0.00890	0.00768
17	0.02025	0.47618	0.26321	0.01756	0.02649	0.02807	0.02004	0.02538	0.01711	0.02194	0.01274	0.01482	0.01061	0.00738	0.00624	0.00208	0.01008	0.00504	0.00354	0.01123
18	0.01127	0.00847	0.01043	0.00994	0.01211	0.00763	0.00746	0.01474	0.02237	0.03059	0.50951	0.06654	0.22241	0.01800	0.00980	0.00266	0.00399	0.01565	0.00879	0.00763
19	0.02689	0.01875	0.01993	0.01580	0.02108	0.02052	0.01288	0.45116	0.03276	0.04613	0.02203	0.02316	0.01621	0.00989	0.00758	0.00233	0.00761	0.00756	0.22547	0.01227
20	0.00999	0.00842	0.00865	0.00860	0.01133	0.00709	0.00645	0.01225	0.01934	0.02340	0.13422	0.07837	0.60219	0.02068	0.00982	0.00279	0.00418	0.01731	0.00784	0.00709
21	0.02172	0.02436	0.02398	0.02096	0.02304	0.24775	0.04332	0.02406	0.01687	0.02030	0.01358	0.01948	0.01242	0.01946	0.11898	0.00457	0.32506	0.00697	0.00401	0.00911
22	0.06627	0.03068	0.19681	0.02795	0.03630	0.15269	0.31542	0.02773	0.01955	0.02591	0.01521	0.01914	0.01148	0.00758	0.00857	0.00261	0.01331	0.00766	0.00410	0.01102
23	0.01826	0.01739	0.02956	0.35204	0.37317	0.01913	0.02435	0.02348	0.01783	0.02435	0.01522	0.02131	0.01217	0.00783	0.00826	0.00261	0.01044	0.00739	0.00391	0.01130
24	0.02229	0.12399	0.05591	0.02008	0.04947	0.19917	0.04218	0.08069	0.02130	0.02603	0.11406	0.04968	0.02343	0.01129	0.01115	0.00255	0.12313	0.00825	0.00528	0.01006
25	0.01012	0.00723	0.00964	0.01157	0.01205	0.00675	0.00771	0.01157	0.01591	0.02121	0.04579	0.70262	0.05495	0.02603	0.01060	0.00337	0.00482	0.02362	0.00771	0.00675
26	0.02056	0.01974	0.03372	0.05099	0.65622	0.01974	0.02550	0.02550	0.01892	0.02714	0.01563	0.02056	0.01316	0.00740	0.00822	0.00247	0.00987	0.00740	0.00411	0.01316
27	0.01070	0.00768	0.01016	0.01117	0.01218	0.00713	0.00776	0.01302	0.01859	0.02548	0.25983	0.47639	0.06322	0.02283	0.01032	0.00311	0.00450	0.02058	0.00822	0.00713
28	0.01666	0.04297	0.66500	0.02368	0.03596	0.01929	0.03069	0.02631	0.01754	0.02631	0.01491	0.01754	0.01052	0.00789	0.00789	0.00263	0.01228	0.00614	0.00351	0.01228
29	0.01800	0.01475	0.01710	0.01305	0.01935	0.01229	0.01028	0.09571	0.01977	0.02939	0.01988	0.11622	0.01867	0.00949	0.00706	0.00170	0.00634	0.00793	0.00575	0.55725
30	0.03158	0.02327	0.02493	0.01911	0.02576	0.02576	0.01579	0.62852	0.03906	0.05236	0.01995	0.01995	0.01413	0.00997	0.00831	0.00249	0.00914	0.00748	0.00831	0.01413
31	0.03158	0.02327	0.02493	0.01911	0.02576	0.02576	0.01579	0.62852	0.03906	0.05236	0.01995	0.01995	0.01413	0.00997	0.00831	0.00249	0.00914	0.00748	0.00831	0.01413
32	0.01208	0.00805	0.00906	0.00906	0.00906	0.00805	0.00503	0.01208	0.01208	0.01611	0.02618	0.05436	0.03020	0.70804	0.04228	0.00805	0.00805	0.01208	0.00503	0.00503
33	0.02056	0.01974	0.03372	0.05099	0.65622	0.01974	0.02550	0.02550	0.01892	0.02714	0.01563	0.02056	0.01316	0.00740	0.00822	0.00247	0.00987	0.00740	0.00411	0.01316
34	0.05798	0.67955	0.04203	0.01406	0.02107	0.03219	0.01396	0.02485	0.01675	0.02040	0.01155	0.01333	0.01058	0.00714	0.00532	0.00181	0.00877	0.00444	0.00363	0.01058
35	0.02162	0.11473	0.01893	0.01284	0.01715	0.01781	0.01061	0.19982	0.08165	0.03590	0.02340	0.02522	0.01805	0.00954	0.00671	0.00216	0.00638	0.00734	0.35962	0.01052
36	0.01185	0.00825	0.00985	0.00959	0.01050	0.00792	0.00621	0.01352	0.01696	0.02328	0.27954	0.05856	0.07665	0.40105	0.02784	0.00564	0.00623	0.01350	0.00680	0.00624
37	0.01187	0.00890	0.01335	0.01335	0.01483	0.01038	0.01038	0.01483	0.01335	0.01928	0.02225	0.03264	0.02077	0.06231	0.67512	0.01335	0.02225	0.00890	0.00445	0.00742
38	0.01954	0.01870	0.03188	0.18429	0.53089	0.01947	0.02499	0.02460	0.01843	0.02590	0.01545	0.02089	0.01272	0.00759	0.00824	0.00253	0.01012	0.00740	0.00402	0.01234
39	0.01008	0.00740	0.00946	0.01111	0.01193	0.00679	0.00751	0.01162	0.01634	0.02138	0.05131	0.61299	0.14101	0.02531	0.01049	0.00329	0.00473	0.02274	0.00771	0.00679
40	0.02953	0.03674	0.02501	0.02566	0.11644	0.58042	0.01741	0.03207	0.02288	0.02131	0.01324	0.01578	0.01105	0.00839	0.00760	0.00219	0.01425	0.00565	0.00426	0.01014
41	0.01872	0.22027	0.40659	0.02506	0.12129	0.02302	0.02550	0.02581	0.01756	0.02461	0.01411	0.01684	0.01094	0.00761	0.00725	0.00238	0.01102	0.00586	0.00361	0.01197
42	0.02290	0.02985	0.14359	0.02685	0.13344	0.22394	0.02095	0.05459	0.01923	0.02398	0.01346	0.01756	0.01131	0.01005	0.01348	0.00274	0.21071	0.00650	0.00411	0.01077
43	0.01851	0.01660	0.02675	0.36701	0.26206	0.01864	0.02214	0.06539	0.01906	0.02621	0.01634	0.02208	0.01277	0.00821	0.00809	0.00258	0.00999	0.00742	0.05929	0.01085
44	0.01279	0.01141	0.01539	0.04803	0.16812	0.01062	0.01175	0.01585	0.01915	0.02428	0.10473	0.06194	0.43118	0.01693	0.00937	0.00271	0.00584	0.01449	0.00678	0.00864
45	0.03151	0.03189	0.02393	0.02020	0.02553	0.38280	0.01579	0.27629	0.02988	0.05976	0.01656	0.01755	0.01250	0.00921	0.00786	0.00230	0.01227	0.00634	0.00617	0.01165
46	0.01061	0.00845	0.00952	0.00925	0.01171	0.00735	0.00694	0.01346	0.02082	0.02691	0.31726	0.07260	0.41697	0.01937	0.00981	0.00273	0.00409	0.01650	0.00830	0.00735
47	0.02122	0.36598	0.25103	0.01951	0.02810	0.10331	0.05691	0.02644	0.01805	0.02234	0.01315	0.01549	0.01074	0.00754	0.00672	0.00217	0.01106	0.00544	0.00366	0.01112
48	0.01797	0.17670	0.48830	0.02215	0.03273	0.02236	0.05108	0.02578	0.01730	0.02470	0.01414	0.01691	0.01065	0.00797	0.00824	0.00251	0.03921	0.00599	0.00355	0.01178
49	0.01012	0.00723	0.00964	0.01157	0.01205	0.00675	0.00771	0.01157	0.01591	0.02121	0.04579	0.70262	0.05495	0.02603	0.01060	0.00337	0.00482	0.02362	0.00771	0.00675
50	0.02030	0.03658	0.51366	0.02424	0.07912	0.01817	0.02731	0.02855	0.01865	0.12971	0.01787	0.01951	0.01235	0.00825	0.00799	0.00261	0.01125	0.00659	0.00465	0.01264
51	0.02247	0.02560	0.07796	0.04279	0.47873	0.15675	0.02390	0.02716	0.01978	0.02565	0.01499	0.01917	0.01245	0.00768	0.00805	0.00241	0.01112	0.00688	0.00410	0.01236
52	0.13895	0.01296	0.01608	0.04602	0.14979	0.01293	0.01209	0.02004	0.04624	0.05331	0.08494	0.04883	0.29816	0.01435	0.00853	0.00267	0.00624	0.01196	0.00660	0.00933
53	0.01735	0.39287	0.02929	0.01316	0.01792	0.02259	0.01196	0.01992	0.01641	0.02012	0.02888	0.03138	0.14709	0.02151	0.14274	0.00441	0.04041	0.00821	0.00461	0.00917
54	0.24787	0.02894	0.28898	0.01842	0.02563	0.07022	0.01972	0.02473	0.01679	0.02892	0.05812	0.01931	0.01490	0.00936	0.00956	0.00270	0.09466	0.00634	0.00448	0.01035
55	0.08060	0.01783	0.01953	0.01647	0.02123	0.02006	0.01321	0.29948	0.16235	0.03909	0.02393	0.05390	0.01933	0.02172	0.14772	0.00488	0.01093	0.00866	0.00726	0.01180
56	0.08462	0.01202	0.01651	0.01448	0.01638	0.01374	0.06481	0.01788	0.01433	0.02316	0.02061	0.03238	0.01959	0.19301	0.15438	0.00620	0.13358	0.00885	0.14580	0.00768
57	0.06335	0.07953	0.01734	0.01356	0.01742	0.04285	0.01067	0.12060	0.13634	0.03021	0.03986	0.17645	0.15557	0.01537	0.00851	0.00270	0.00656	0.01274	0.04051	0.00984
58	0.05633	0.04745	0.01660	0.01439	0.01794	0.13773	0.01100	0.05022	0.17509	0.02713	0.07548	0.12268	0.15418	0.01526	0.00957	0.03329	0.00751	0.01181	0.00689	0.00945

[dist]
# distance from previous block
# <min> <max>
6	49

[block]
# block no. 1 follows, 22 sequences, length 49
# corresponding to MSA columns:
# 154-202
name=unknown_B
#
# <colnr> <probs for GDERKNQSTAVLIFYWHMCP>
#	G	D	E	R	K	N	Q	S	T	A	V	L	I	F	Y	W	H	M	C	P
0	0.21855	0.14100	0.05971	0.05597	0.10636	0.11299	0.06378	0.02481	0.01770	0.02691	0.05108	0.01941	0.01491	0.00924	0.00818	0.03897	0.00955	0.00640	0.00454	0.00994
1	0.05430	0.01844	0.10519	0.02206	0.10698	0.04541	0.11883	0.01970	0.01817	0.02468	0.03888	0.18440	0.17895	0.01492	0.00917	0.00282	0.00845	0.01346	0.00579	0.00940
2	0.02373	0.02027	0.02037	0.02020	0.10289	0.13150	0.01400	0.17700	0.07225	0.08851	0.06791	0.03665	0.16435	0.01242	0.00859	0.00254	0.00848	0.01001	0.00715	0.01119
3	0.20406	0.18627	0.08433	0.01714	0.05398	0.12057	0.01456	0.05388	0.01804	0.02711	0.01475	0.01797	0.01231	0.01484	0.09137	0.00366	0.01106	0.00577	0.03834	0.01000
4	0.05772	0.03040	0.11017	0.05663	0.06726	0.29472	0.10946	0.02882	0.04693	0.02411	0.01632	0.02199	0.01362	0.00930	0.00915	0.00257	0.04842	0.03754	0.00449	0.01039
5	0.16722	0.01627	0.10289	0.01542	0.04720	0.01329	0.01335	0.02217	0.05274	0.06732	0.15765	0.04848	0.11108	0.01430	0.00867	0.00285	0.00687	0.11586	0.00692	0.00945
6	0.02382	0.02501	0.02620	0.02950	0.21586	0.21554	0.01875	0.07938	0.07911	0.02637	0.01633	0.01994	0.01359	0.01200	0.04068	0.00309	0.13170	0.00703	0.00486	0.01122
7	0.01912	0.01559	0.01881	0.01649	0.01926	0.01816	0.01304	0.15626	0.11352	0.03131	0.07322	0.17470	0.02899	0.01526	0.01369	0.00297	0.18452	0.01174	0.03504	0.03832
8	0.01619	0.01224	0.01588	0.15320	0.02445	0.01346	0.01257	0.05224	0.15508	0.05558	0.03378	0.31048	0.03382	0.01665	0.00916	0.00296	0.00676	0.01471	0.05139	0.00942
9	0.06569	0.02128	0.12045	0.01963	0.07054	0.05306	0.01650	0.17434	0.04626	0.06014	0.02207	0.02951	0.01843	0.01984	0.12706	0.00455	0.01158	0.06303	0.04500	0.01104
10	0.01558	0.01471	0.01607	0.01652	0.04713	0.12535	0.01208	0.01850	0.01537	0.01984	0.02032	0.02902	0.01867	0.05044	0.52839	0.01090	0.02041	0.00822	0.00441	0.00807
11	0.02462	0.28343	0.03140	0.01884	0.02312	0.27835	0.01589	0.02688	0.01843	0.01996	0.01189	0.01515	0.01074	0.00949	0.01153	0.00237	0.17869	0.00548	0.00385	0.00988
12	0.01213	0.00921	0.01149	0.01237	0.01442	0.00886	0.00986	0.01628	0.05591	0.02529	0.13281	0.18951	0.20482	0.02154	0.01051	0.00327	0.00573	0.24038	0.00792	0.00768
13	0.02013	0.42490	0.17405	0.01575	0.02318	0.02508	0.01677	0.02455	0.01837	0.05422	0.11056	0.02238	0.02140	0.00893	0.00672	0.00213	0.00879	0.00661	0.00472	0.01076
14	0.01666	0.04297	0.66500	0.02368	0.03596	0.01929	0.03069	0.02631	0.01754	0.02631	0.01491	0.01754	0.01052	0.00789	0.00789	0.00263	0.01228	0.00614	0.00351	0.01228
15	0.01015	0.00757	0.00946	0.01081	0.01189	0.00687	0.00741	0.01189	0.01702	0.02220	0.09011	0.52781	0.18777	0.02439	0.01038	0.00320	0.00463	0.02177	0.00780	0.00687
16	0.01972	0.01888	0.03219	0.16158	0.55224	0.01952	0.02507	0.02475	0.01852	0.02611	0.01548	0.02084	0.01280	0.00756	0.00824	0.00252	0.01008	0.00740	0.00404	0.01248
17	0.01549	0.00774	0.00774	0.00774	0.00968	0.00774	0.00581	0.01936	0.01742	0.03097	0.02710	0.03097	0.02129	0.00968	0.00581	0.00194	0.00387	0.00774	0.75416	0.00774
18	0.01012	0.00723	0.00964	0.01157	0.01205	0.00675	0.00771	0.01157	0.01591	0.02121	0.04579	0.70262	0.05495	0.02603	0.01060	0.00337	0.00482	0.02362	0.00771	0.00675
19	0.01187	0.00890	0.01335	0.01335	0.01483	0.01038	0.01038	0.01483	0.01335	0.01928	0.02225	0.03264	0.02077	0.06231	0.67512	0.01335	0.02225	0.00890	0.00445	0.00742
20	0.01203	0.00802	0.00898	0.00907	0.00935	0.00792	0.00526	0.01240	0.01291	0.01742	0.03050	0.08265	0.06770	0.60421	0.03723	0.00725	0.00748	0.01269	0.04157	0.00536
21	0.01208	0.00805	0.00906	0.00906	0.00906	0.00805	0.00503	0.01208	0.01208	0.01611	0.02618	0.05436	0.03020	0.70804	0.04228	0.00805	0.00805	0.01208	0.00503	0.00503
22	0.01208	0.00805	0.00906	0.00906	0.00906	0.00805	0.00503	0.01208	0.01208	0.01611	0.02618	0.05436	0.03020	0.70804	0.04228	0.00805	0.00805	0.01208	0.00503	0.00503
23	0.01012	0.00723	0.00964	0.01157	0.01205	0.00675	0.00771	0.01157	0.01591	0.02121	0.04579	0.70262	0.05495	0.02603	0.01060	0.00337	0.00482	0.02362	0.00771	0.00675
24	0.00997	0.00842	0.00862	0.00857	0.01131	0.00708	0.00643	0.01221	0.01928	0.02326	0.12711	0.07860	0.60938	0.02073	0.00982	0.00279	0.00419	0.01734	0.00782	0.00708
25	0.03006	0.03797	0.02369	0.02143	0.02539	0.62557	0.01621	0.03218	0.02272	0.02031	0.01269	0.01522	0.01072	0.00901	0.00899	0.00225	0.06627	0.00550	0.00423	0.00959
26	0.01128	0.00872	0.01055	0.01156	0.01371	0.00799	0.00931	0.01398	0.01862	0.02324	0.06319	0.16629	0.33442	0.02245	0.01058	0.00328	0.00566	0.25025	0.00769	0.00723
27	0.01012	0.00723	0.00964	0.01157	0.01205	0.00675	0.00771	0.01157	0.01591	0.02121	0.04579	0.70262	0.05495	0.02603	0.01060	0.00337	0.00482	0.02362	0.00771	0.00675
28	0.01569	0.01477	0.02492	0.68808	0.05722	0.01846	0.02307	0.02123	0.01661	0.02123	0.01477	0.02215	0.01107	0.00831	0.00831	0.00277	0.01107	0.00738	0.00369	0.00923
29	0.01208	0.00805	0.00906	0.00906	0.00906	0.00805	0.00503	0.01208	0.01208	0.01611	0.02618	0.05436	0.03020	0.70804	0.04228	0.00805	0.00805	0.01208	0.00503	0.00503
30	0.02056	0.01974	0.03372	0.05099	0.65622	0.01974	0.02550	0.02550	0.01892	0.02714	0.01563	0.02056	0.01316	0.00740	0.00822	0.00247	0.00987	0.00740	0.00411	0.01316
31	0.03103	0.03959	0.02354	0.02140	0.02568	0.67469	0.01605	0.03317	0.02354	0.02033	0.01284	0.01498	0.01070	0.00856	0.00749	0.00214	0.01498	0.00535	0.00428	0.00963
32	0.02978	0.03229	0.02285	0.02002	0.02486	0.43247	0.01538	0.13692	0.12290	0.05611	0.01821	0.01892	0.01401	0.00930	0.00782	0.00233	0.01232	0.00648	0.00588	0.01115
33	0.01012	0.00723	0.00964	0.01157	0.01205	0.00675	0.00771	0.01157	0.01591	0.02121	0.04579	0.70262	0.05495	0.02603	0.01060	0.00337	0.00482	0.02362	0.00771	0.00675
34	0.02221	0.71304	0.04353	0.01421	0.02132	0.03287	0.01421	0.02488	0.01688	0.01955	0.01155	0.01333	0.01066	0.00711	0.00533	0.00178	0.00888	0.00444	0.00355	0.01066
35	0.01029	0.00737	0.00952	0.01117	0.01173	0.00688	0.00739	0.01163	0.01570	0.02079	0.04594	0.60933	0.08374	0.08982	0.01354	0.00378	0.00509	0.02222	0.00746	0.00660
36	0.03103	0.03959	0.02354	0.02140	0.02568	0.67469	0.01605	0.03317	0.02354	0.02033	0.01284	0.01498	0.01070	0.00856	0.00749	0.00214	0.01498	0.00535	0.00428	0.00963
37	0.01048	0.00751	0.00996	0.01132	0.01213	0.00699	0.00774	0.01247	0.01758	0.02387	0.17902	0.56180	0.06010	0.02404	0.01043	0.00321	0.00462	0.02173	0.00803	0.00699
38	0.00983	0.00835	0.00848	0.00858	0.01126	0.00700	0.00639	0.01190	0.01878	0.02238	0.08214	0.11262	0.62148	0.02130	0.00986	0.00284	0.00424	0.01785	0.00771	0.00700
39	0.01658	0.01567	0.02652	0.57191	0.16644	0.01869	0.02351	0.02200	0.01703	0.02230	0.01492	0.02186	0.01145	0.00814	0.00829	0.00271	0.01085	0.00739	0.00377	0.00995
40	0.03129	0.03178	0.02421	0.02031	0.02572	0.36405	0.01593	0.31816	0.03097	0.03566	0.01624	0.01736	0.01234	0.00924	0.00788	0.00231	0.01219	0.00637	0.00621	0.01178
41	0.01118	0.00847	0.01031	0.00985	0.01206	0.00759	0.00739	0.01457	0.02216	0.03010	0.48409	0.06734	0.24814	0.01818	0.00980	0.00267	0.00400	0.01577	0.00872	0.00759
42	0.01549	0.00774	0.00774	0.00774	0.00968	0.00774	0.00581	0.01936	0.01742	0.03097	0.02710	0.03097	0.02129	0.00968	0.00581	0.00194	0.00387	0.00774	0.75416	0.00774
43	0.02567	0.02398	0.01958	0.01699	0.02149	0.22447	0.01322	0.18708	0.16208	0.03401	0.02225	0.02310	0.01701	0.00975	0.00757	0.00234	0.00932	0.00729	0.16162	0.01118
44	0.02670	0.02471	0.10817	0.02030	0.02622	0.02485	0.01825	0.41654	0.03047	0.04186	0.01730	0.01924	0.01295	0.01071	0.01242	0.00276	0.15985	0.00726	0.00666	0.01278
45	0.00982	0.00842	0.00842	0.00842	0.01122	0.00701	0.00631	0.01192	0.01894	0.02244	0.08416	0.07995	0.65285	0.02104	0.00982	0.00281	0.00421	0.01753	0.00771	0.00701
46	0.03103	0.03959	0.02354	0.02140	0.02568	0.67469	0.01605	0.03317	0.02354	0.02033	0.01284	0.01498	0.01070	0.00856	0.00749	0.00214	0.01498	0.00535	0.00428	0.00963
47	0.03124	0.03348	0.02406	0.02054	0.02571	0.43159	0.01595	0.25620	0.02936	0.03233	0.01550	0.01684	0.01198	0.00909	0.00780	0.00227	0.01279	0.00615	0.00579	0.01132
48	0.01466	0.01196	0.01346	0.01294	0.01609	0.01245	0.01016	0.02504	0.24158	0.02963	0.18717	0.06060	0.20895	0.01694	0.00958	0.00292	0.00551	0.10258	0.00829	0.00948

[dist]
# distance from previous block
# <min> <max>
6	27

[block]
# block no. 2 follows, 22 sequences, length 238
# corresponding to MSA columns:
# 230-467
name=unknown_C
#
# <colnr> <probs for GDERKNQSTAVLIFYWHMCP>
#	G	D	E	R	K	N	Q	S	T	A	V	L	I	F	Y	W	H	M	C	P
0	0.01537	0.01252	0.01696	0.01996	0.14674	0.01203	0.01219	0.06673	0.01850	0.02532	0.03451	0.20381	0.10567	0.10168	0.04764	0.00387	0.00772	0.03755	0.00617	0.10507
1	0.09941	0.02293	0.02952	0.03277	0.26552	0.15392	0.12218	0.02594	0.01876	0.02575	0.01525	0.02082	0.01304	0.05034	0.01076	0.00280	0.03807	0.00727	0.00434	0.04060
2	0.11772	0.03594	0.31398	0.02241	0.05644	0.22479	0.02234	0.02780	0.01875	0.02550	0.01362	0.01639	0.01052	0.00846	0.00860	0.00252	0.05356	0.00581	0.00399	0.01087
3	0.17987	0.03094	0.05011	0.02119	0.06191	0.38772	0.01608	0.02891	0.01967	0.02446	0.01259	0.01553	0.01052	0.00905	0.00960	0.00246	0.09972	0.00558	0.00433	0.00976
4	0.02345	0.06367	0.02084	0.04229	0.02172	0.05897	0.01292	0.29923	0.02668	0.03585	0.02103	0.05177	0.01796	0.08071	0.08034	0.00401	0.01003	0.00827	0.07517	0.04511
5	0.01274	0.00964	0.01212	0.01229	0.01456	0.00866	0.00888	0.04084	0.01740	0.02402	0.03814	0.49158	0.04390	0.02102	0.00964	0.00292	0.00547	0.05677	0.00716	0.16226
6	0.01450	0.01278	0.01840	0.01688	0.01775	0.01668	0.01364	0.01699	0.01309	0.01958	0.01751	0.02660	0.01665	0.04235	0.40449	0.00929	0.30238	0.00822	0.00411	0.00812
7	0.03158	0.02327	0.02493	0.01911	0.02576	0.02576	0.01579	0.62852	0.03906	0.05236	0.01995	0.01995	0.01413	0.00997	0.00831	0.00249	0.00914	0.00748	0.00831	0.01413
8	0.01546	0.02607	0.34306	0.01766	0.02482	0.01369	0.01967	0.02173	0.01892	0.06539	0.16574	0.16995	0.03560	0.01384	0.00891	0.00278	0.00854	0.01189	0.00606	0.01025
9	0.01665	0.01506	0.01825	0.02145	0.15937	0.04837	0.01332	0.02547	0.18695	0.02887	0.16703	0.07368	0.16335	0.01410	0.00900	0.00268	0.00664	0.01220	0.00722	0.01033
10	0.01012	0.00723	0.00964	0.01157	0.01205	0.00675	0.00771	0.01157	0.01591	0.02121	0.04579	0.70262	0.05495	0.02603	0.01060	0.00337	0.00482	0.02362	0.00771	0.00675
11	0.02027	0.01944	0.03319	0.08964	0.61988	0.01966	0.02535	0.02524	0.01878	0.02678	0.01557	0.02066	0.01303	0.00746	0.00823	0.00249	0.00994	0.00740	0.00409	0.01292
12	0.02462	0.14461	0.07332	0.02721	0.10366	0.28883	0.17023	0.02885	0.02055	0.02293	0.01407	0.01737	0.01145	0.00775	0.00782	0.00231	0.01297	0.00660	0.00407	0.01077
13	0.01208	0.00805	0.00906	0.00906	0.00906	0.00805	0.00503	0.01208	0.01208	0.01611	0.02618	0.05436	0.03020	0.70804	0.04228	0.00805	0.00805	0.01208	0.00503	0.00503
14	0.01157	0.00784	0.00921	0.00972	0.00984	0.00771	0.00573	0.01195	0.01308	0.01744	0.03130	0.22363	0.03666	0.52996	0.03401	0.00683	0.00721	0.01509	0.00573	0.00548
15	0.01030	0.00821	0.00924	0.00946	0.01164	0.00714	0.00691	0.01267	0.01936	0.02458	0.20073	0.19478	0.41347	0.02111	0.00996	0.00287	0.00426	0.01815	0.00803	0.00714
16	0.06830	0.02586	0.15449	0.01881	0.02602	0.05519	0.01764	0.34166	0.02945	0.10600	0.02098	0.06112	0.01607	0.01035	0.00815	0.00257	0.00946	0.00800	0.00711	0.01278
17	0.02469	0.02982	0.01923	0.01766	0.02134	0.46519	0.01324	0.02712	0.02285	0.02278	0.12826	0.03245	0.11819	0.01181	0.00822	0.00232	0.01155	0.00876	0.00559	0.00894
18	0.01006	0.00747	0.00939	0.01092	0.01188	0.00680	0.00742	0.01164	0.01653	0.02146	0.05369	0.57436	0.17810	0.02500	0.01044	0.00326	0.00469	0.02236	0.00771	0.00680
19	0.02036	0.02029	0.03687	0.04770	0.52999	0.02000	0.14920	0.02573	0.01906	0.02703	0.01587	0.02094	0.01304	0.00732	0.00855	0.00254	0.01072	0.00790	0.00413	0.01276
20	0.02146	0.02192	0.03436	0.04648	0.53134	0.08258	0.08781	0.02635	0.01943	0.02643	0.01548	0.02022	0.01287	0.00747	0.00832	0.00247	0.01079	0.00746	0.00414	0.01262
21	0.01964	0.01175	0.01218	0.01068	0.01383	0.01239	0.00838	0.17648	0.02300	0.03649	0.02525	0.02813	0.01944	0.00975	0.00645	0.00208	0.00523	0.00767	0.56178	0.00939
22	0.58437	0.01558	0.01398	0.01189	0.01735	0.01703	0.00980	0.02844	0.01655	0.19344	0.01687	0.01719	0.01189	0.00835	0.00594	0.00257	0.00659	0.00546	0.00643	0.01028
23	0.01976	0.01880	0.03196	0.11576	0.56746	0.01918	0.02474	0.02471	0.01868	0.02643	0.01671	0.02376	0.01438	0.00814	0.00837	0.00255	0.00990	0.03197	0.00421	0.01252
24	0.01932	0.01758	0.01607	0.01485	0.01779	0.14916	0.01114	0.14426	0.02436	0.03079	0.20120	0.24264	0.04386	0.01661	0.00926	0.00273	0.00756	0.01414	0.00752	0.00917
25	0.01666	0.04297	0.66500	0.02368	0.03596	0.01929	0.03069	0.02631	0.01754	0.02631	0.01491	0.01754	0.01052	0.00789	0.00789	0.00263	0.01228	0.00614	0.00351	0.01228
26	0.01187	0.00890	0.01335	0.01335	0.01483	0.01038	0.01038	0.01483	0.01335	0.01928	0.02225	0.03264	0.02077	0.06231	0.67512	0.01335	0.02225	0.00890	0.00445	0.00742
27	0.03103	0.03959	0.02354	0.02140	0.02568	0.67469	0.01605	0.03317	0.02354	0.02033	0.01284	0.01498	0.01070	0.00856	0.00749	0.00214	0.01498	0.00535	0.00428	0.00963
28	0.01027	0.00763	0.00963	0.01116	0.01222	0.00699	0.00779	0.01201	0.01674	0.02170	0.05357	0.53454	0.17764	0.02480	0.01050	0.00329	0.00488	0.06008	0.00771	0.00686
29	0.03052	0.03749	0.02416	0.02279	0.05845	0.59823	0.01652	0.07171	0.02432	0.02278	0.01345	0.01560	0.01105	0.00859	0.00758	0.00218	0.01433	0.00560	0.00454	0.01011
30	0.02195	0.66760	0.04235	0.01471	0.02135	0.03239	0.01447	0.02456	0.01661	0.01957	0.01151	0.01364	0.01068	0.00759	0.00676	0.00190	0.05362	0.00463	0.00356	0.01056
31	0.01208	0.00805	0.00906	0.00906	0.00906	0.00805	0.00503	0.01208	0.01208	0.01611	0.02618	0.05436	0.03020	0.70804	0.04228	0.00805	0.00805	0.01208	0.00503	0.00503
32	0.02830	0.03501	0.02312	0.02247	0.06576	0.56072	0.01606	0.03071	0.02215	0.02066	0.01403	0.01724	0.01194	0.01424	0.07903	0.00336	0.01543	0.00586	0.00429	0.00962
33	0.01879	0.01537	0.01881	0.15473	0.02749	0.01725	0.01478	0.13110	0.21203	0.03200	0.06179	0.04426	0.08959	0.01366	0.00911	0.00291	0.00778	0.11057	0.00726	0.01072
34	0.09901	0.01456	0.01500	0.01266	0.01632	0.01578	0.00977	0.24949	0.02419	0.03668	0.02258	0.02979	0.01913	0.15344	0.01420	0.00347	0.00700	0.00820	0.23901	0.00974
35	0.01065	0.00880	0.00938	0.00917	0.01188	0.00772	0.00690	0.01397	0.04453	0.02517	0.19910	0.07432	0.50966	0.01982	0.00976	0.00277	0.00424	0.01669	0.00804	0.00743
36	0.02765	0.09927	0.02652	0.01991	0.02446	0.23832	0.01620	0.24546	0.02624	0.03179	0.01488	0.01727	0.01198	0.01016	0.01165	0.00254	0.15247	0.00643	0.00553	0.01126
37	0.04853	0.01202	0.01553	0.01850	0.14551	0.01153	0.01137	0.05371	0.02117	0.02883	0.21587	0.05621	0.29798	0.01586	0.00918	0.00265	0.00570	0.01356	0.00728	0.00902
38	0.01562	0.01489	0.01352	0.01259	0.01508	0.14515	0.00945	0.01907	0.02327	0.03004	0.48892	0.05335	0.09612	0.01547	0.00932	0.00253	0.00621	0.01317	0.00806	0.00816
39	0.00991	0.00805	0.00879	0.00938	0.01147	0.00693	0.00674	0.01181	0.01801	0.02207	0.07245	0.26994	0.47042	0.02256	0.01006	0.00298	0.00439	0.01939	0.00771	0.00693
40	0.01666	0.04297	0.66500	0.02368	0.03596	0.01929	0.03069	0.02631	0.01754	0.02631	0.01491	0.01754	0.01052	0.00789	0.00789	0.00263	0.01228	0.00614	0.00351	0.01228
41	0.02239	0.02390	0.02975	0.14645	0.40189	0.18326	0.02274	0.02673	0.01970	0.02448	0.01479	0.01942	0.01221	0.00784	0.00805	0.00243	0.01134	0.00689	0.00409	0.01164
42	0.01988	0.01304	0.01357	0.01198	0.01546	0.01413	0.00938	0.15049	0.15039	0.03617	0.02700	0.02870	0.02065	0.01007	0.00687	0.00223	0.00552	0.00803	0.44625	0.01018
43	0.03158	0.02327	0.02493	0.01911	0.02576	0.02576	0.01579	0.62852	0.03906	0.05236	0.01995	0.01995	0.01413	0.00997	0.00831	0.00249	0.00914	0.00748	0.00831	0.01413
44	0.01110	0.00845	0.01037	0.01107	0.01302	0.00772	0.00854	0.01384	0.01930	0.02499	0.18446	0.20767	0.27165	0.02167	0.01036	0.00312	0.00507	0.15234	0.00799	0.00728
45	0.01146	0.00859	0.01084	0.01160	0.01352	0.00796	0.00913	0.01444	0.01962	0.02570	0.20700	0.18714	0.21857	0.02148	0.01046	0.00317	0.00531	0.19860	0.00805	0.00737
46	0.01208	0.00805	0.00906	0.00906	0.00906	0.00805	0.00503	0.01208	0.01208	0.01611	0.02618	0.05436	0.03020	0.70804	0.04228	0.00805	0.00805	0.01208	0.00503	0.00503
47	0.01009	0.00735	0.00951	0.01124	0.01196	0.00678	0.00757	0.01160	0.01622	0.02134	0.04978	0.63787	0.11712	0.02551	0.01052	0.00331	0.00476	0.02298	0.00771	0.00678
48	0.03103	0.03959	0.02354	0.02140	0.02568	0.67469	0.01605	0.03317	0.02354	0.02033	0.01284	0.01498	0.01070	0.00856	0.00749	0.00214	0.01498	0.00535	0.00428	0.00963
49	0.02380	0.01389	0.01641	0.01403	0.01811	0.01422	0.01074	0.05847	0.22220	0.23404	0.09558	0.03769	0.02984	0.15501	0.01552	0.00378	0.00687	0.01011	0.00841	0.01129
50	0.01229	0.00946	0.01388	0.01364	0.01494	0.01123	0.01057	0.01500	0.01323	0.01914	0.02175	0.03301	0.02070	0.09836	0.59436	0.01239	0.06525	0.00899	0.00443	0.00738
51	0.01956	0.01871	0.03191	0.18222	0.53284	0.01947	0.02500	0.02462	0.01844	0.02592	0.01545	0.02089	0.01273	0.00759	0.00824	0.00253	0.01012	0.00740	0.00403	0.01235
52	0.01619	0.01395	0.01450	0.01340	0.01732	0.01503	0.01033	0.03084	0.38429	0.02967	0.05460	0.05121	0.28443	0.01530	0.00902	0.00281	0.00560	0.01275	0.00815	0.01062
53	0.01339	0.01044	0.01255	0.01175	0.01434	0.01056	0.00894	0.02108	0.14960	0.03153	0.42257	0.05565	0.12521	0.01921	0.05304	0.00338	0.00570	0.01373	0.00854	0.00882
54	0.02892	0.02152	0.02306	0.01810	0.02403	0.02385	0.01468	0.51970	0.09957	0.04770	0.02187	0.02378	0.01655	0.06453	0.01097	0.00296	0.00879	0.00804	0.00807	0.01332
55	0.01964	0.01400	0.01596	0.01438	0.01762	0.01490	0.01100	0.26728	0.02548	0.03498	0.03188	0.31398	0.03271	0.01970	0.04579	0.00341	0.00747	0.01449	0.08540	0.00994
56	0.01716	0.00936	0.00953	0.00893	0.01135	0.00962	0.00685	0.08270	0.01967	0.03320	0.02636	0.02983	0.02055	0.00971	0.00607	0.00199	0.00442	0.00772	0.67660	0.00841
57	0.02035	0.01953	0.03334	0.07832	0.63052	0.01968	0.02539	0.02531	0.01882	0.02689	0.01559	0.02063	0.01307	0.00744	0.00823	0.00248	0.00992	0.00740	0.00409	0.01299
58	0.01187	0.00890	0.01335	0.01335	0.01483	0.01038	0.01038	0.01483	0.01335	0.01928	0.02225	0.03264	0.02077	0.06231	0.67512	0.01335	0.02225	0.00890	0.00445	0.00742
59	0.01012	0.00723	0.00964	0.01157	0.01205	0.00675	0.00771	0.01157	0.01591	0.02121	0.04579	0.70262	0.05495	0.02603	0.01060	0.00337	0.00482	0.02362	0.00771	0.00675
60	0.02066	0.01785	0.01878	0.01691	0.02160	0.02066	0.01315	0.04414	0.64121	0.03475	0.03381	0.03099	0.02536	0.01127	0.00845	0.00282	0.00657	0.00939	0.00845	0.01315
61	0.01549	0.00774	0.00774	0.00774	0.00968	0.00774	0.00581	0.01936	0.01742	0.03097	0.02710	0.03097	0.02129	0.00968	0.00581	0.00194	0.00387	0.00774	0.75416	0.00774
62	0.01549	0.00774	0.00774	0.00774	0.00968	0.00774	0.00581	0.01936	0.01742	0.03097	0.02710	0.03097	0.02129	0.00968	0.00581	0.00194	0.00387	0.00774	0.75416	0.00774
63	0.01060	0.00753	0.00953	0.01083	0.01141	0.00709	0.00709	0.01190	0.01566	0.02084	0.07489	0.50283	0.08248	0.16640	0.01708	0.00427	0.00541	0.02047	0.00723	0.00646
64	0.01999	0.00907	0.01013	0.00920	0.01206	0.00867	0.00713	0.02373	0.01874	0.16152	0.02827	0.03041	0.02114	0.00980	0.00633	0.00207	0.00453	0.00787	0.60026	0.00907
65	0.03112	0.03700	0.02376	0.02104	0.02569	0.57143	0.01601	0.12790	0.02601	0.02543	0.01397	0.01577	0.01125	0.00879	0.00762	0.00220	0.01405	0.00569	0.00492	0.01035
66	0.01032	0.00801	0.00940	0.00996	0.01176	0.00709	0.00712	0.01256	0.01879	0.02422	0.18639	0.29838	0.32229	0.02199	0.01009	0.00297	0.00437	0.01919	0.00801	0.00709
67	0.01054	0.00740	0.00952	0.01104	0.01142	0.00702	0.00715	0.01168	0.01510	0.02013	0.04165	0.56579	0.04972	0.16998	0.01729	0.00436	0.00550	0.02118	0.00715	0.00639
68	0.01666	0.04297	0.66500	0.02368	0.03596	0.01929	0.03069	0.02631	0.01754	0.02631	0.01491	0.01754	0.01052	0.00789	0.00789	0.00263	0.01228	0.00614	0.00351	0.01228
69	0.01023	0.00748	0.00962	0.01109	0.01198	0.00687	0.00755	0.01197	0.01693	0.02241	0.10301	0.57224	0.12877	0.02464	0.01044	0.00324	0.00467	0.02214	0.00784	0.00687
70	0.01208	0.00805	0.00906	0.00906	0.00906	0.00805	0.00503	0.01208	0.01208	0.01611	0.02618	0.05436	0.03020	0.70804	0.04228	0.00805	0.00805	0.01208	0.00503	0.00503
71	0.02721	0.03345	0.02700	0.02314	0.02711	0.47246	0.09067	0.02988	0.02102	0.02103	0.01296	0.01649	0.01097	0.00950	0.01151	0.00250	0.14296	0.00626	0.00415	0.00972
72	0.00991	0.00804	0.00880	0.00941	0.01148	0.00693	0.00675	0.01181	0.01798	0.02205	0.07211	0.27545	0.46512	0.02261	0.01006	0.00298	0.00440	0.01944	0.00771	0.00693
73	0.02970	0.10884	0.02602	0.02183	0.05021	0.58200	0.01623	0.03201	0.02267	0.02052	0.01282	0.01503	0.01079	0.00836	0.00730	0.00212	0.01414	0.00534	0.00420	0.00988
74	0.01724	0.01145	0.01272	0.01181	0.01464	0.01256	0.00916	0.07805	0.14701	0.03125	0.02684	0.03033	0.02138	0.02092	0.14505	0.00453	0.00870	0.00830	0.37869	0.00936
75	0.02196	0.68236	0.07199	0.01465	0.02199	0.03225	0.01497	0.02494	0.01691	0.01985	0.01170	0.01352	0.01065	0.00714	0.00545	0.00182	0.00904	0.00452	0.00355	0.01073
76	0.01088	0.00846	0.00989	0.00953	0.01187	0.00747	0.00715	0.01398	0.02145	0.02841	0.39557	0.07013	0.33771	0.01881	0.00981	0.00270	0.00405	0.01616	0.00850	0.00747
77	0.01012	0.00723	0.00964	0.01157	0.01205	0.00675	0.00771	0.01157	0.01591	0.02121	0.04579	0.70262	0.05495	0.02603	0.01060	0.00337	0.00482	0.02362	0.00771	0.00675
78	0.01223	0.00804	0.00900	0.00900	0.00909	0.00804	0.00507	0.01239	0.01231	0.01675	0.02622	0.05336	0.02982	0.67799	0.04071	0.00779	0.00787	0.01189	0.03727	0.00515
79	0.01857	0.01712	0.02860	0.10986	0.46173	0.01750	0.02274	0.02334	0.01872	0.02605	0.02140	0.03586	0.02011	0.01071	0.00891	0.00278	0.00954	0.13007	0.00480	0.01161
80	0.03103	0.03959	0.02354	0.02140	0.02568	0.67469	0.01605	0.03317	0.02354	0.02033	0.01284	0.01498	0.01070	0.00856	0.00749	0.00214	0.01498	0.00535	0.00428	0.00963
81	0.03013	0.01942	0.02194	0.01704	0.02347	0.02020	0.01394	0.34467	0.10888	0.19990	0.02436	0.02314	0.01696	0.00982	0.00811	0.00242	0.00799	0.00767	0.00847	0.09145
82	0.01208	0.00805	0.00906	0.00906	0.00906	0.00805	0.00503	0.01208	0.01208	0.01611	0.02618	0.05436	0.03020	0.70804	0.04228	0.00805	0.00805	0.01208	0.00503	0.00503
83	0.03103	0.03959	0.02354	0.02140	0.02568	0.67469	0.01605	0.03317	0.02354	0.02033	0.01284	0.01498	0.01070	0.00856	0.00749	0.00214	0.01498	0.00535	0.00428	0.00963
84	0.03106	0.03885	0.02361	0.02130	0.02569	0.64498	0.01604	0.06043	0.02425	0.02180	0.01317	0.01521	0.01086	0.00863	0.00753	0.00216	0.01471	0.00545	0.00446	0.00984
85	0.03103	0.03959	0.02354	0.02140	0.02568	0.67469	0.01605	0.03317	0.02354	0.02033	0.01284	0.01498	0.01070	0.00856	0.00749	0.00214	0.01498	0.00535	0.00428	0.00963
86	0.01357	0.00933	0.01102	0.01025	0.01306	0.00839	0.00781	0.01745	0.04612	0.08464	0.33807	0.06522	0.30834	0.01784	0.00963	0.00270	0.00442	0.01525	0.00863	0.00827
87	0.03103	0.03959	0.02354	0.02140	0.02568	0.67469	0.01605	0.03317	0.02354	0.02033	0.01284	0.01498	0.01070	0.00856	0.00749	0.00214	0.01498	0.00535	0.00428	0.00963
88	0.03103	0.03959	0.02354	0.02140	0.02568	0.67469	0.01605	0.03317	0.02354	0.02033	0.01284	0.01498	0.01070	0.00856	0.00749	0.00214	0.01498	0.00535	0.00428	0.00963
89	0.03158	0.02327	0.02493	0.01911	0.02576	0.02576	0.01579	0.62852	0.03906	0.05236	0.01995	0.01995	0.01413	0.00997	0.00831	0.00249	0.00914	0.00748	0.00831	0.01413
90	0.03103	0.03959	0.02354	0.02140	0.02568	0.67469	0.01605	0.03317	0.02354	0.02033	0.01284	0.01498	0.01070	0.00856	0.00749	0.00214	0.01498	0.00535	0.00428	0.00963
91	0.00982	0.00842	0.00842	0.00842	0.01122	0.00701	0.00631	0.01192	0.01894	0.02244	0.08416	0.07995	0.65285	0.02104	0.00982	0.00281	0.00421	0.01753	0.00771	0.00701
92	0.01923	0.02064	0.04116	0.03560	0.16611	0.02073	0.39655	0.02497	0.01831	0.02554	0.01613	0.02205	0.01294	0.01087	0.04615	0.00338	0.09540	0.00895	0.00413	0.01116
93	0.03158	0.02327	0.02493	0.01911	0.02576	0.02576	0.01579	0.62852	0.03906	0.05236	0.01995	0.01995	0.01413	0.00997	0.00831	0.00249	0.00914	0.00748	0.00831	0.01413
94	0.01009	0.00843	0.00880	0.00871	0.01139	0.00713	0.00653	0.01246	0.01959	0.02399	0.16491	0.07740	0.57113	0.02046	0.00982	0.00278	0.00417	0.01718	0.00792	0.00713
95	0.03103	0.03959	0.02354	0.02140	0.02568	0.67469	0.01605	0.03317	0.02354	0.02033	0.01284	0.01498	0.01070	0.00856	0.00749	0.00214	0.01498	0.00535	0.00428	0.00963
96	0.02527	0.18102	0.16002	0.01965	0.02624	0.33927	0.01825	0.05997	0.02149	0.02316	0.01654	0.01831	0.03944	0.00874	0.00726	0.00221	0.01234	0.00597	0.00433	0.01051
97	0.01004	0.00755	0.00931	0.01071	0.01182	0.00682	0.00733	0.01166	0.01673	0.02154	0.05624	0.53307	0.21775	0.02467	0.01039	0.00322	0.00465	0.02196	0.00771	0.00682
98	0.01014	0.00843	0.00886	0.00875	0.01142	0.00715	0.00656	0.01254	0.01969	0.02424	0.17808	0.07699	0.55780	0.02037	0.00982	0.00277	0.00416	0.01712	0.00795	0.00715
99	0.06456	0.02152	0.02301	0.01782	0.02411	0.02364	0.01469	0.53335	0.03581	0.08204	0.02066	0.02075	0.01466	0.00987	0.00802	0.00247	0.00859	0.00740	0.05352	0.01351
100	0.02388	0.02507	0.03060	0.04157	0.45825	0.18960	0.02252	0.06073	0.02122	0.02677	0.01514	0.01908	0.01258	0.00784	0.00804	0.00238	0.01115	0.00688	0.00439	0.01230
101	0.00988	0.00817	0.00867	0.00907	0.01139	0.00696	0.00660	0.01185	0.01831	0.02219	0.07622	0.20878	0.52915	0.02207	0.00998	0.00292	0.00433	0.01879	0.00771	0.00696
102	0.02056	0.01974	0.03372	0.05099	0.65622	0.01974	0.02550	0.02550	0.01892	0.02714	0.01563	0.02056	0.01316	0.00740	0.00822	0.00247	0.00987	0.00740	0.00411	0.01316
103	0.01443	0.00722	0.01082	0.01082	0.01082	0.00722	0.00722	0.01082	0.01082	0.01443	0.01443	0.02525	0.01443	0.02886	0.03247	0.75830	0.00722	0.00722	0.00361	0.00361
104	0.01339	0.00956	0.01339	0.01530	0.01721	0.00956	0.01339	0.01721	0.01912	0.02486	0.04399	0.09371	0.04781	0.02295	0.01147	0.00382	0.00765	0.60031	0.00765	0.00765
105	0.01331	0.01086	0.01214	0.01235	0.01479	0.01114	0.00901	0.02179	0.21100	0.02576	0.05268	0.32183	0.21106	0.02006	0.00972	0.00304	0.00520	0.01752	0.00794	0.00881
106	0.01818	0.01818	0.02545	0.02181	0.02181	0.02545	0.01818	0.01999	0.01272	0.01999	0.01091	0.01818	0.01091	0.01454	0.02726	0.00364	0.69284	0.00727	0.00364	0.00909
107	0.02221	0.71304	0.04353	0.01421	0.02132	0.03287	0.01421	0.02488	0.01688	0.01955	0.01155	0.01333	0.01066	0.00711	0.00533	0.00178	0.00888	0.00444	0.00355	0.01066
108	0.03158	0.02327	0.02493	0.01911	0.02576	0.02576	0.01579	0.62852	0.03906	0.05236	0.01995	0.01995	0.01413	0.00997	0.00831	0.00249	0.00914	0.00748	0.00831	0.01413
109	0.02056	0.01974	0.03372	0.05099	0.65622	0.01974	0.02550	0.02550	0.01892	0.02714	0.01563	0.02056	0.01316	0.00740	0.00822	0.00247	0.00987	0.00740	0.00411	0.01316
110	0.01053	0.00844	0.00940	0.00916	0.01166	0.00732	0.00687	0.01330	0.02061	0.02642	0.29181	0.07340	0.44272	0.01956	0.00981	0.00273	0.00410	0.01662	0.00824	0.00732
111	0.01809	0.21581	0.50470	0.02124	0.03218	0.02280	0.02644	0.02594	0.01737	0.02456	0.01404	0.01645	0.01056	0.00769	0.00723	0.00241	0.01140	0.00570	0.00352	0.01186
112	0.02056	0.01974	0.03372	0.05099	0.65622	0.01974	0.02550	0.02550	0.01892	0.02714	0.01563	0.02056	0.01316	0.00740	0.00822	0.00247	0.00987	0.00740	0.00411	0.01316
113	0.02772	0.29239	0.03105	0.01870	0.02405	0.43377	0.01536	0.03006	0.02104	0.02004	0.01236	0.01436	0.01069	0.00802	0.00668	0.00200	0.01269	0.00501	0.00401	0.01002
114	0.02396	0.02260	0.03081	0.04123	0.45826	0.09112	0.02248	0.15108	0.02358	0.03163	0.01622	0.01984	0.01310	0.00806	0.00816	0.00244	0.01027	0.00720	0.00500	0.01298
115	0.01914	0.14011	0.43835	0.02121	0.03111	0.07305	0.02482	0.02892	0.09790	0.02591	0.01667	0.01843	0.01246	0.00826	0.00755	0.00249	0.01125	0.00624	0.00421	0.01194
116	0.01014	0.00748	0.00950	0.01100	0.01193	0.00684	0.00748	0.01179	0.01671	0.02190	0.07655	0.57364	0.15497	0.02484	0.01044	0.00325	0.00468	0.02226	0.00777	0.00684
117	0.03158	0.02327	0.02493	0.01911	0.02576	0.02576	0.01579	0.62852	0.03906	0.05236	0.01995	0.01995	0.01413	0.00997	0.00831	0.00249	0.00914	0.00748	0.00831	0.01413
118	0.02056	0.01974	0.03372	0.05099	0.65622	0.01974	0.02550	0.02550	0.01892	0.02714	0.01563	0.02056	0.01316	0.00740	0.00822	0.00247	0.00987	0.00740	0.00411	0.01316
119	0.02503	0.02640	0.02368	0.09022	0.12976	0.28562	0.01724	0.13819	0.02432	0.02791	0.02278	0.02784	0.06887	0.01055	0.00828	0.00248	0.01132	0.04342	0.00544	0.01065
120	0.01177	0.00806	0.00902	0.00909	0.00940	0.00790	0.00527	0.01204	0.01294	0.01696	0.03296	0.08183	0.09590	0.61050	0.03769	0.00733	0.00753	0.01309	0.00541	0.00531
121	0.15427	0.02207	0.02281	0.01775	0.02414	0.02457	0.01466	0.52770	0.03490	0.04984	0.01855	0.01887	0.01327	0.00960	0.00778	0.00251	0.00869	0.00698	0.00778	0.01327
122	0.03005	0.01924	0.02193	0.01663	0.02337	0.01935	0.01367	0.35637	0.03074	0.19954	0.02209	0.02147	0.01536	0.00926	0.00788	0.00225	0.00801	0.00717	0.00811	0.16753
123	0.03103	0.03959	0.02354	0.02140	0.02568	0.67469	0.01605	0.03317	0.02354	0.02033	0.01284	0.01498	0.01070	0.00856	0.00749	0.00214	0.01498	0.00535	0.00428	0.00963
124	0.01056	0.00793	0.00986	0.01099	0.01241	0.00723	0.00795	0.01270	0.01787	0.02319	0.11906	0.40126	0.21942	0.02340	0.01040	0.00319	0.00486	0.08282	0.00785	0.00703
125	0.01048	0.00748	0.01005	0.01197	0.01261	0.00705	0.00833	0.01218	0.01625	0.02160	0.04559	0.63667	0.05417	0.02569	0.01070	0.00342	0.00513	0.08607	0.00770	0.00685
126	0.01012	0.00723	0.00964	0.01157	0.01205	0.00675	0.00771	0.01157	0.01591	0.02121	0.04579	0.70262	0.05495	0.02603	0.01060	0.00337	0.00482	0.02362	0.00771	0.00675
127	0.01204	0.00823	0.00995	0.00995	0.01026	0.00854	0.00614	0.01265	0.01234	0.01677	0.02536	0.04987	0.02825	0.57445	0.17321	0.00915	0.01099	0.01142	0.00491	0.00553
128	0.01110	0.00817	0.01039	0.01046	0.01217	0.00746	0.00761	0.01416	0.02102	0.02888	0.42687	0.22382	0.14757	0.01976	0.01000	0.00283	0.00418	0.01749	0.00860	0.00746
129	0.01187	0.00890	0.01335	0.01335	0.01483	0.01038	0.01038	0.01483	0.01335	0.01928	0.02225	0.03264	0.02077	0.06231	0.67512	0.01335	0.02225	0.00890	0.00445	0.00742
130	0.02405	0.01689	0.01885	0.01649	0.02146	0.01859	0.01309	0.06748	0.45753	0.15999	0.03356	0.03343	0.02515	0.01166	0.00859	0.00281	0.00684	0.04168	0.00877	0.01309
131	0.01952	0.02215	0.04759	0.03421	0.04211	0.02128	0.58917	0.02621	0.01919	0.02621	0.01645	0.02215	0.01250	0.00746	0.01086	0.00285	0.05519	0.00965	0.00417	0.01108
