[name]
unknown

[dist]
# distance from previous block
# <min> <max>
0	1

[block]
# block no. 0 follows, 22 sequences, length 40
# corresponding to MSA columns:
# 1-40
name=unknown_A
#
# <colnr> <probs for GDERKNQSTAVLIFYWHMCP>
#	G	D	E	R	K	N	Q	S	T	A	V	L	I	F	Y	W	H	M	C	P
0	0.01339	0.00956	0.01339	0.01530	0.01721	0.00956	0.01339	0.01721	0.01912	0.02486	0.04399	0.09371	0.04781	0.02295	0.01147	0.00382	0.00765	0.60031	0.00765	0.00765
1	0.02835	0.24475	0.02963	0.01921	0.02435	0.47917	0.01549	0.03065	0.02151	0.02009	0.01245	0.01448	0.01069	0.00812	0.00683	0.00203	0.01312	0.00507	0.00406	0.00994
2	0.37375	0.02629	0.01813	0.01612	0.02100	0.28639	0.01260	0.07595	0.05038	0.03143	0.01382	0.01545	0.01088	0.00841	0.00651	0.00240	0.01013	0.00532	0.00520	0.00986
3	0.03158	0.02327	0.02493	0.01911	0.02576	0.02576	0.01579	0.62852	0.03906	0.05236	0.01995	0.01995	0.01413	0.00997	0.00831	0.00249	0.00914	0.00748	0.00831	0.01413
4	0.01208	0.00805	0.00906	0.00906	0.00906	0.00805	0.00503	0.01208	0.01208	0.01611	0.02618	0.05436	0.03020	0.70804	0.04228	0.00805	0.00805	0.01208	0.00503	0.00503
5	0.01018	0.00843	0.00892	0.00880	0.01144	0.00717	0.00660	0.01263	0.01980	0.02449	0.19090	0.07658	0.54483	0.02028	0.00981	0.00277	0.00415	0.01706	0.00798	0.00717
6	0.01889	0.13673	0.52302	0.02189	0.03285	0.05057	0.02698	0.02696	0.01796	0.04955	0.01503	0.01724	0.01094	0.00790	0.00753	0.00249	0.01172	0.00595	0.00381	0.01200
7	0.01034	0.00739	0.00989	0.01182	0.01240	0.00694	0.00810	0.01195	0.01612	0.02145	0.04567	0.66142	0.05446	0.02582	0.01066	0.00340	0.00501	0.06263	0.00771	0.00681
8	0.00982	0.00842	0.00842	0.00842	0.01122	0.00701	0.00631	0.01192	0.01894	0.02244	0.08416	0.07995	0.65285	0.02104	0.00982	0.00281	0.00421	0.01753	0.00771	0.00701
9	0.02029	0.01946	0.03322	0.08689	0.62246	0.01967	0.02536	0.02525	0.01879	0.02681	0.01558	0.02065	0.01304	0.00745	0.00823	0.00248	0.00994	0.00740	0.00409	0.01294
10	0.02221	0.71304	0.04353	0.01421	0.02132	0.03287	0.01421	0.02488	0.01688	0.01955	0.01155	0.01333	0.01066	0.00711	0.00533	0.00178	0.00888	0.00444	0.00355	0.01066
11	0.00982	0.00842	0.00842	0.00842	0.01122	0.00701	0.00631	0.01192	0.01894	0.02244	0.08416	0.07995	0.65285	0.02104	0.00982	0.00281	0.00421	0.01753	0.00771	0.00701
12	0.02056	0.01974	0.03372	0.05099	0.65622	0.01974	0.02550	0.02550	0.01892	0.02714	0.01563	0.02056	0.01316	0.00740	0.00822	0.00247	0.00987	0.00740	0.00411	0.01316
13	0.01698	0.01608	0.02724	0.51984	0.21540	0.01880	0.02371	0.02235	0.01722	0.02279	0.01499	0.02173	0.01162	0.00807	0.00828	0.00269	0.01076	0.00739	0.00380	0.01027
14	0.02221	0.71304	0.04353	0.01421	0.02132	0.03287	0.01421	0.02488	0.01688	0.01955	0.01155	0.01333	0.01066	0.00711	0.00533	0.00178	0.00888	0.00444	0.00355	0.01066
15	0.02221	0.71304	0.04353	0.01421	0.02132	0.03287	0.01421	0.02488	0.01688	0.01955	0.01155	0.01333	0.01066	0.00711	0.00533	0.00178	0.00888	0.00444	0.00355	0.01066
16	0.03068	0.02360	0.02486	0.05592	0.02748	0.05690	0.01620	0.56628	0.03707	0.04909	0.01932	0.01982	0.01379	0.00981	0.00827	0.00249	0.00953	0.00737	0.00786	0.01364
17	0.01145	0.00906	0.01046	0.01071	0.01299	0.00844	0.00807	0.01565	0.06819	0.02564	0.18601	0.18599	0.32161	0.02052	0.01000	0.00296	0.00477	0.07173	0.00806	0.00768
18	0.02162	0.02364	0.07103	0.04090	0.36946	0.07703	0.18385	0.06048	0.02056	0.02779	0.01590	0.02037	0.01271	0.00757	0.00857	0.00254	0.01150	0.00780	0.00435	0.01234
19	0.03103	0.03959	0.02354	0.02140	0.02568	0.67469	0.01605	0.03317	0.02354	0.02033	0.01284	0.01498	0.01070	0.00856	0.00749	0.00214	0.01498	0.00535	0.00428	0.00963
20	0.01126	0.00811	0.01066	0.01079	0.01230	0.00751	0.00780	0.01443	0.02120	0.02963	0.46722	0.25719	0.07124	0.01974	0.01004	0.00284	0.00419	0.01764	0.00871	0.00751
21	0.01681	0.04192	0.63354	0.02426	0.03634	0.01938	0.06110	0.02632	0.01764	0.02632	0.01501	0.01779	0.01063	0.00785	0.00799	0.00264	0.01237	0.00633	0.00354	0.01222
22	0.01787	0.01699	0.02885	0.40338	0.32490	0.01903	0.02415	0.02313	0.01764	0.02387	0.01515	0.02144	0.01201	0.00790	0.00827	0.00263	0.01054	0.00739	0.00388	0.01098
23	0.03007	0.03800	0.02368	0.02143	0.02539	0.62626	0.01621	0.03219	0.02273	0.02031	0.01270	0.01522	0.01072	0.00901	0.00897	0.00225	0.06554	0.00549	0.00423	0.00959
24	0.01187	0.00890	0.01335	0.01335	0.01483	0.01038	0.01038	0.01483	0.01335	0.01928	0.02225	0.03264	0.02077	0.06231	0.67512	0.01335	0.02225	0.00890	0.00445	0.00742
25	0.02195	0.17185	0.08561	0.02750	0.03541	0.08316	0.36706	0.02756	0.01947	0.05803	0.01604	0.01977	0.01230	0.00740	0.00843	0.00250	0.01252	0.00793	0.00434	0.01117
26	0.01253	0.01058	0.01485	0.01959	0.15811	0.00991	0.01152	0.01510	0.01778	0.02314	0.05206	0.30629	0.25083	0.01995	0.00983	0.00299	0.00588	0.04381	0.00689	0.00833
27	0.01549	0.00774	0.00774	0.00774	0.00968	0.00774	0.00581	0.01936	0.01742	0.03097	0.02710	0.03097	0.02129	0.00968	0.00581	0.00194	0.00387	0.00774	0.75416	0.00774
28	0.01089	0.00846	0.00990	0.00954	0.01188	0.00747	0.00715	0.01400	0.02146	0.02845	0.39767	0.07007	0.33559	0.01880	0.00981	0.00270	0.00405	0.01615	0.00850	0.00747
29	0.02554	0.02844	0.02422	0.26295	0.03713	0.35136	0.01856	0.10707	0.02307	0.02486	0.01447	0.01823	0.01129	0.00865	0.00789	0.00241	0.01280	0.00637	0.00460	0.01008
30	0.02501	0.02125	0.02210	0.02025	0.07152	0.11409	0.01503	0.30947	0.02757	0.03623	0.01907	0.02255	0.01524	0.02160	0.16003	0.00492	0.03804	0.00749	0.03709	0.01144
31	0.01010	0.00731	0.00956	0.01135	0.01199	0.00677	0.00762	0.01159	0.01611	0.02129	0.04838	0.66049	0.09540	0.02569	0.01055	0.00334	0.00478	0.02321	0.00771	0.00677
32	0.02070	0.02057	0.03181	0.13241	0.53057	0.06842	0.02447	0.02551	0.01896	0.02586	0.01531	0.02035	0.01270	0.00761	0.00818	0.00248	0.01041	0.00725	0.00407	0.01238
33	0.01892	0.31609	0.41169	0.01982	0.02999	0.02483	0.02398	0.02572	0.01727	0.02355	0.01354	0.01582	0.01058	0.00757	0.00685	0.00228	0.01089	0.00545	0.00353	0.01162
34	0.01116	0.00815	0.01067	0.01203	0.01336	0.00767	0.00906	0.01363	0.01810	0.02387	0.12703	0.38328	0.12928	0.02345	0.01064	0.00333	0.00538	0.17487	0.00788	0.00716
35	0.01981	0.29383	0.38426	0.01996	0.02971	0.07327	0.02343	0.02628	0.01774	0.02333	0.01350	0.01577	0.01059	0.00765	0.00690	0.00227	0.01121	0.00544	0.00358	0.01147
36	0.01952	0.01867	0.03183	0.18758	0.52780	0.01946	0.02498	0.02458	0.01842	0.02587	0.01544	0.02090	0.01271	0.00760	0.00824	0.00253	0.01013	0.00740	0.00402	0.01232
37	0.02031	0.01841	0.02930	0.27867	0.35093	0.02010	0.02327	0.10723	0.02086	0.02847	0.01591	0.02105	0.01253	0.00809	0.00827	0.00258	0.01021	0.00741	0.00454	0.01186
38	0.02015	0.01951	0.03387	0.09767	0.57921	0.01971	0.05700	0.02524	0.01878	0.02667	0.01562	0.02078	0.01297	0.00745	0.00831	0.00251	0.01018	0.00753	0.00409	0.01276
39	0.02222	0.02058	0.03446	0.17070	0.08173	0.02168	0.25294	0.19361	0.05842	0.03309	0.01809	0.02201	0.01344	0.00837	0.00889	0.00269	0.01134	0.00845	0.00546	0.01183

[dist]
# distance from previous block
# <min> <max>
0	4

[block]
# block no. 1 follows, 22 sequences, length 7
# corresponding to MSA columns:
# 45-51
name=unknown_B
#
# <colnr> <probs for GDERKNQSTAVLIFYWHMCP>
#	G	D	E	R	K	N	Q	S	T	A	V	L	I	F	Y	W	H	M	C	P
0	0.02442	0.03426	0.17355	0.02606	0.12114	0.32992	0.02083	0.03009	0.06096	0.02364	0.01495	0.01771	0.01200	0.00890	0.00937	0.00247	0.06823	0.00626	0.00430	0.01095
1	0.01891	0.29163	0.27819	0.01744	0.02661	0.02256	0.01959	0.02451	0.01722	0.02391	0.01360	0.01586	0.01099	0.00719	0.00651	0.00198	0.00957	0.00521	0.00385	0.18467
2	0.01800	0.01619	0.02240	0.02747	0.25886	0.01620	0.01610	0.05285	0.11067	0.02802	0.03403	0.03522	0.16301	0.01141	0.00923	0.00247	0.03999	0.00967	0.00588	0.12234
3	0.01043	0.00800	0.00891	0.00946	0.01095	0.00718	0.00641	0.01186	0.01649	0.02063	0.05988	0.24997	0.33961	0.18166	0.01756	0.00418	0.00527	0.01799	0.00709	0.00648
4	0.01407	0.01032	0.01131	0.01088	0.01197	0.01098	0.00691	0.01951	0.15788	0.02043	0.02795	0.04895	0.02908	0.54657	0.03444	0.00684	0.00771	0.01146	0.00583	0.00691
5	0.08058	0.01570	0.01701	0.01473	0.01921	0.01671	0.01149	0.15509	0.21574	0.03540	0.09868	0.13794	0.03087	0.01313	0.00838	0.00260	0.00647	0.01099	0.00768	0.10159
6	0.01121	0.00792	0.01046	0.01209	0.01285	0.00763	0.00868	0.01301	0.01611	0.02133	0.04241	0.45793	0.04951	0.12761	0.01557	0.00419	0.00599	0.16152	0.00729	0.00671

[dist]
# distance from previous block
# <min> <max>
0	1

[block]
# block no. 2 follows, 22 sequences, length 80
# corresponding to MSA columns:
# 53-132
name=unknown_C
#
# <colnr> <probs for GDERKNQSTAVLIFYWHMCP>
#	G	D	E	R	K	N	Q	S	T	A	V	L	I	F	Y	W	H	M	C	P
0	0.03025	0.03544	0.02335	0.02070	0.02536	0.52712	0.01577	0.11967	0.07704	0.02613	0.01560	0.01702	0.01241	0.00899	0.00769	0.00225	0.01344	0.00599	0.00521	0.01057
1	0.02946	0.02488	0.02286	0.01831	0.02413	0.15451	0.01474	0.42937	0.03311	0.04293	0.01886	0.01973	0.01395	0.00948	0.00784	0.00232	0.00974	0.00695	0.06925	0.04758
2	0.08092	0.01189	0.01619	0.20735	0.05448	0.01287	0.01316	0.01932	0.04833	0.02860	0.28250	0.04523	0.12042	0.01348	0.00882	0.00268	0.00663	0.01161	0.00678	0.00872
3	0.01706	0.01234	0.01323	0.01199	0.01551	0.03802	0.00924	0.02395	0.14249	0.11503	0.20788	0.05612	0.27215	0.01612	0.00925	0.00270	0.00543	0.01355	0.00843	0.00950
4	0.02056	0.01974	0.03372	0.05099	0.65622	0.01974	0.02550	0.02550	0.01892	0.02714	0.01563	0.02056	0.01316	0.00740	0.00822	0.00247	0.00987	0.00740	0.00411	0.01316
5	0.01768	0.16642	0.55050	0.02193	0.03326	0.02179	0.02766	0.02604	0.01742	0.02506	0.01429	0.01676	0.01055	0.00775	0.00742	0.00247	0.01165	0.00583	0.00352	0.01198
6	0.02056	0.01974	0.03372	0.05099	0.65622	0.01974	0.02550	0.02550	0.01892	0.02714	0.01563	0.02056	0.01316	0.00740	0.00822	0.00247	0.00987	0.00740	0.00411	0.01316
7	0.03158	0.02327	0.02493	0.01911	0.02576	0.02576	0.01579	0.62852	0.03906	0.05236	0.01995	0.01995	0.01413	0.00997	0.00831	0.00249	0.00914	0.00748	0.00831	0.01413
8	0.01079	0.00816	0.00963	0.01002	0.01143	0.00777	0.00693	0.01236	0.01566	0.02006	0.05146	0.19254	0.26920	0.20434	0.12642	0.00598	0.00825	0.01598	0.00650	0.00652
9	0.01646	0.01152	0.01295	0.01177	0.01534	0.01125	0.00909	0.02440	0.17555	0.11024	0.18061	0.05744	0.29791	0.01639	0.00929	0.00274	0.00511	0.01381	0.00852	0.00963
10	0.01012	0.00723	0.00964	0.01157	0.01205	0.00675	0.00771	0.01157	0.01591	0.02121	0.04579	0.70262	0.05495	0.02603	0.01060	0.00337	0.00482	0.02362	0.00771	0.00675
11	0.01039	0.00742	0.00995	0.01188	0.01248	0.00698	0.00818	0.01204	0.01617	0.02151	0.04564	0.65208	0.05435	0.02577	0.01068	0.00341	0.00505	0.07149	0.00771	0.00682
12	0.02035	0.01952	0.03333	0.07916	0.62974	0.01968	0.02539	0.02531	0.01881	0.02688	0.01559	0.02063	0.01307	0.00744	0.00823	0.00248	0.00992	0.00740	0.00409	0.01299
13	0.01012	0.00723	0.00964	0.01157	0.01205	0.00675	0.00771	0.01157	0.01591	0.02121	0.04579	0.70262	0.05495	0.02603	0.01060	0.00337	0.00482	0.02362	0.00771	0.00675
14	0.01012	0.00723	0.00964	0.01157	0.01205	0.00675	0.00771	0.01157	0.01591	0.02121	0.04579	0.70262	0.05495	0.02603	0.01060	0.00337	0.00482	0.02362	0.00771	0.00675
15	0.01187	0.00890	0.01335	0.01335	0.01483	0.01038	0.01038	0.01483	0.01335	0.01928	0.02225	0.03264	0.02077	0.06231	0.67512	0.01335	0.02225	0.00890	0.00445	0.00742
16	0.01012	0.00723	0.00964	0.01157	0.01205	0.00675	0.00771	0.01157	0.01591	0.02121	0.04579	0.70262	0.05495	0.02603	0.01060	0.00337	0.00482	0.02362	0.00771	0.00675
17	0.01961	0.02241	0.04902	0.03501	0.04342	0.02101	0.62605	0.02661	0.01961	0.02661	0.01681	0.02241	0.01261	0.00700	0.00980	0.00280	0.01401	0.00980	0.00420	0.01120
18	0.01339	0.00956	0.01339	0.01530	0.01721	0.00956	0.01339	0.01721	0.01912	0.02486	0.04399	0.09371	0.04781	0.02295	0.01147	0.00382	0.00765	0.60031	0.00765	0.00765
19	0.01253	0.00911	0.01149	0.01119	0.01156	0.01008	0.00746	0.01342	0.01245	0.01722	0.02393	0.04595	0.02625	0.48958	0.19873	0.00901	0.06843	0.01089	0.00477	0.00596
20	0.76672	0.01607	0.01221	0.01092	0.01607	0.01864	0.00900	0.02442	0.01414	0.03727	0.01157	0.01350	0.00900	0.00771	0.00514	0.00257	0.00643	0.00450	0.00514	0.00900
21	0.01856	0.01770	0.03011	0.31250	0.41035	0.01921	0.02450	0.02374	0.01797	0.02471	0.01527	0.02121	0.01230	0.00777	0.00826	0.00259	0.01036	0.00739	0.00394	0.01155
22	0.02035	0.01952	0.03333	0.07916	0.62974	0.01968	0.02539	0.02531	0.01881	0.02688	0.01559	0.02063	0.01307	0.00744	0.00823	0.00248	0.00992	0.00740	0.00409	0.01299
23	0.00982	0.00842	0.00842	0.00842	0.01122	0.00701	0.00631	0.01192	0.01894	0.02244	0.08416	0.07995	0.65285	0.02104	0.00982	0.00281	0.00421	0.01753	0.00771	0.00701
24	0.02221	0.71304	0.04353	0.01421	0.02132	0.03287	0.01421	0.02488	0.01688	0.01955	0.01155	0.01333	0.01066	0.00711	0.00533	0.00178	0.00888	0.00444	0.00355	0.01066
25	0.01930	0.01786	0.02748	0.03636	0.41548	0.01646	0.01958	0.02376	0.01828	0.02711	0.01530	0.01930	0.01284	0.00693	0.00744	0.00200	0.00846	0.00646	0.00442	0.29517
26	0.01666	0.04297	0.66500	0.02368	0.03596	0.01929	0.03069	0.02631	0.01754	0.02631	0.01491	0.01754	0.01052	0.00789	0.00789	0.00263	0.01228	0.00614	0.00351	0.01228
27	0.01711	0.01660	0.02339	0.02038	0.02063	0.02289	0.01685	0.01912	0.01283	0.01987	0.01283	0.02063	0.01258	0.02264	0.13714	0.00528	0.57911	0.00755	0.00377	0.00880
28	0.03106	0.03871	0.02362	0.02128	0.02569	0.63975	0.01604	0.06523	0.02438	0.02206	0.01322	0.01525	0.01089	0.00864	0.00753	0.00216	0.01467	0.00547	0.00450	0.00987
29	0.01208	0.00805	0.00906	0.00906	0.00906	0.00805	0.00503	0.01208	0.01208	0.01611	0.02618	0.05436	0.03020	0.70804	0.04228	0.00805	0.00805	0.01208	0.00503	0.00503
30	0.03138	0.01964	0.02220	0.01745	0.02370	0.02088	0.01428	0.35420	0.13835	0.22928	0.02612	0.02431	0.01796	0.01029	0.00835	0.00257	0.00809	0.00807	0.00892	0.01396
31	0.01176	0.00849	0.01110	0.01045	0.01241	0.00784	0.00784	0.01568	0.02352	0.03331	0.65184	0.06206	0.07839	0.01698	0.00980	0.00261	0.00392	0.01502	0.00914	0.00784
32	0.01011	0.00851	0.00883	0.00899	0.01172	0.00722	0.00690	0.01236	0.01895	0.02264	0.08082	0.08109	0.60263	0.02120	0.00996	0.00289	0.00449	0.06591	0.00771	0.00707
33	0.01720	0.07738	0.58121	0.02409	0.03578	0.02016	0.07844	0.02626	0.01767	0.02597	0.01488	0.01771	0.01070	0.00778	0.00791	0.00260	0.01224	0.00635	0.00357	0.01210
34	0.01142	0.00851	0.01092	0.01236	0.01402	0.00800	0.00976	0.01403	0.01801	0.02305	0.05454	0.29164	0.20009	0.02349	0.01078	0.00342	0.00586	0.26522	0.00769	0.00719
35	0.01012	0.00723	0.00964	0.01157	0.01205	0.00675	0.00771	0.01157	0.01591	0.02121	0.04579	0.70262	0.05495	0.02603	0.01060	0.00337	0.00482	0.02362	0.00771	0.00675
36	0.02113	0.01808	0.01904	0.01700	0.02178	0.02088	0.01326	0.06888	0.61572	0.03550	0.03323	0.03053	0.02488	0.01122	0.00845	0.00280	0.00668	0.00931	0.00845	0.01319
37	0.02083	0.01290	0.01345	0.01152	0.01502	0.01373	0.00912	0.22171	0.02461	0.03808	0.02472	0.02731	0.01891	0.00978	0.00664	0.00212	0.00562	0.00766	0.50640	0.00986
38	0.02847	0.23704	0.02956	0.01909	0.02440	0.43136	0.01549	0.08014	0.02286	0.02276	0.01305	0.01490	0.01097	0.00825	0.00692	0.00206	0.01270	0.00526	0.00440	0.01031
39	0.02056	0.01974	0.03372	0.05099	0.65622	0.01974	0.02550	0.02550	0.01892	0.02714	0.01563	0.02056	0.01316	0.00740	0.00822	0.00247	0.00987	0.00740	0.00411	0.01316
40	0.01187	0.00890	0.01335	0.01335	0.01483	0.01038	0.01038	0.01483	0.01335	0.01928	0.02225	0.03264	0.02077	0.06231	0.67512	0.01335	0.02225	0.00890	0.00445	0.00742
41	0.01348	0.00886	0.01041	0.00980	0.01194	0.00801	0.00700	0.01572	0.01906	0.08144	0.24588	0.06301	0.25222	0.19607	0.01806	0.00408	0.00536	0.01450	0.00771	0.00740
42	0.01012	0.00723	0.00964	0.01157	0.01205	0.00675	0.00771	0.01157	0.01591	0.02121	0.04579	0.70262	0.05495	0.02603	0.01060	0.00337	0.00482	0.02362	0.00771	0.00675
43	0.01991	0.01908	0.03255	0.13554	0.57673	0.01957	0.02517	0.02493	0.01861	0.02636	0.01551	0.02077	0.01288	0.00752	0.00824	0.00251	0.01003	0.00740	0.00406	0.01264
44	0.01569	0.01477	0.02492	0.68808	0.05722	0.01846	0.02307	0.02123	0.01661	0.02123	0.01477	0.02215	0.01107	0.00831	0.00831	0.00277	0.01107	0.00738	0.00369	0.00923
45	0.01569	0.01477	0.02492	0.68808	0.05722	0.01846	0.02307	0.02123	0.01661	0.02123	0.01477	0.02215	0.01107	0.00831	0.00831	0.00277	0.01107	0.00738	0.00369	0.00923
46	0.58598	0.01559	0.01396	0.01188	0.01734	0.01704	0.00979	0.02840	0.01653	0.19207	0.01682	0.01716	0.01186	0.00835	0.00594	0.00257	0.00659	0.00545	0.00641	0.01027
47	0.01437	0.01196	0.01563	0.01426	0.01439	0.01484	0.01047	0.01531	0.01244	0.01786	0.02006	0.03877	0.02208	0.38913	0.09210	0.00685	0.26829	0.00998	0.00445	0.00678
48	0.01094	0.00758	0.00940	0.01051	0.01079	0.00730	0.00659	0.01178	0.01430	0.01907	0.03755	0.43033	0.04455	0.31249	0.02391	0.00534	0.00618	0.01877	0.00659	0.00603
49	0.01208	0.00805	0.00906	0.00906	0.00906	0.00805	0.00503	0.01208	0.01208	0.01611	0.02618	0.05436	0.03020	0.70804	0.04228	0.00805	0.00805	0.01208	0.00503	0.00503
50	0.01012	0.00723	0.00964	0.01157	0.01205	0.00675	0.00771	0.01157	0.01591	0.02121	0.04579	0.70262	0.05495	0.02603	0.01060	0.00337	0.00482	0.02362	0.00771	0.00675
51	0.02617	0.03149	0.02426	0.02156	0.02422	0.42915	0.01685	0.02819	0.01945	0.02020	0.01211	0.01619	0.01078	0.01082	0.01497	0.00271	0.27135	0.00608	0.00404	0.00943
52	0.02688	0.02904	0.02447	0.02106	0.02441	0.32252	0.01670	0.15403	0.02321	0.02696	0.01369	0.01709	0.01149	0.01084	0.01423	0.00271	0.23893	0.00644	0.00491	0.01040
53	0.01776	0.01285	0.01389	0.01196	0.01586	0.01269	0.00943	0.18826	0.02535	0.06214	0.13328	0.05590	0.33861	0.01634	0.00912	0.00264	0.00568	0.01346	0.04528	0.00949
54	0.02678	0.02697	0.02161	0.01874	0.02367	0.26902	0.01457	0.18430	0.22594	0.03307	0.02491	0.02460	0.04819	0.01041	0.00812	0.00248	0.01028	0.00779	0.00680	0.01176
55	0.02303	0.67504	0.04221	0.01425	0.02132	0.03175	0.01411	0.02572	0.01725	0.05448	0.01270	0.01414	0.01120	0.00728	0.00549	0.00182	0.00879	0.00465	0.00392	0.01085
56	0.02455	0.02871	0.02535	0.24679	0.11984	0.36978	0.01964	0.02819	0.02063	0.02153	0.01385	0.01810	0.01115	0.00832	0.00786	0.00239	0.01300	0.00630	0.00406	0.00997
57	0.01920	0.37569	0.32444	0.01834	0.02756	0.02553	0.02141	0.02510	0.01749	0.02326	0.04293	0.01751	0.01376	0.00792	0.00670	0.00220	0.01019	0.00571	0.00379	0.01126
58	0.02221	0.71304	0.04353	0.01421	0.02132	0.03287	0.01421	0.02488	0.01688	0.01955	0.01155	0.01333	0.01066	0.00711	0.00533	0.00178	0.00888	0.00444	0.00355	0.01066
59	0.01103	0.00846	0.01009	0.00968	0.01196	0.00753	0.00726	0.01426	0.02179	0.02922	0.43801	0.06880	0.29477	0.01851	0.00981	0.00269	0.00403	0.01597	0.00861	0.00753
60	0.01432	0.01135	0.01189	0.01112	0.01465	0.01109	0.00853	0.02243	0.19207	0.06064	0.06738	0.06354	0.44415	0.01774	0.00936	0.00280	0.00502	0.01477	0.00806	0.00911
61	0.01208	0.00805	0.00906	0.00906	0.00906	0.00805	0.00503	0.01208	0.01208	0.01611	0.02618	0.05436	0.03020	0.70804	0.04228	0.00805	0.00805	0.01208	0.00503	0.00503
62	0.01012	0.00723	0.00964	0.01157	0.01205	0.00675	0.00771	0.01157	0.01591	0.02121	0.04579	0.70262	0.05495	0.02603	0.01060	0.00337	0.00482	0.02362	0.00771	0.00675
63	0.02468	0.01797	0.01979	0.01646	0.02112	0.01950	0.01304	0.42439	0.03145	0.04243	0.02776	0.21914	0.02630	0.01463	0.00888	0.00273	0.00767	0.01219	0.03815	0.01172
64	0.00982	0.00842	0.00842	0.00842	0.01122	0.00701	0.00631	0.01192	0.01894	0.02244	0.08416	0.07995	0.65285	0.02104	0.00982	0.00281	0.00421	0.01753	0.00771	0.00701
65	0.03103	0.03959	0.02354	0.02140	0.02568	0.67469	0.01605	0.03317	0.02354	0.02033	0.01284	0.01498	0.01070	0.00856	0.00749	0.00214	0.01498	0.00535	0.00428	0.00963
66	0.01012	0.00723	0.00964	0.01157	0.01205	0.00675	0.00771	0.01157	0.01591	0.02121	0.04579	0.70262	0.05495	0.02603	0.01060	0.00337	0.00482	0.02362	0.00771	0.00675
67	0.01204	0.00822	0.00993	0.00993	0.01023	0.00852	0.00611	0.01264	0.01234	0.01675	0.02538	0.04998	0.02830	0.57776	0.16997	0.00912	0.01092	0.01144	0.00492	0.00551
68	0.01894	0.01809	0.03080	0.26262	0.45724	0.01931	0.02469	0.02408	0.01815	0.02518	0.01534	0.02109	0.01247	0.00770	0.00825	0.00257	0.01027	0.00740	0.00397	0.01185
69	0.02056	0.01974	0.03372	0.05099	0.65622	0.01974	0.02550	0.02550	0.01892	0.02714	0.01563	0.02056	0.01316	0.00740	0.00822	0.00247	0.00987	0.00740	0.00411	0.01316
70	0.01666	0.04297	0.66500	0.02368	0.03596	0.01929	0.03069	0.02631	0.01754	0.02631	0.01491	0.01754	0.01052	0.00789	0.00789	0.00263	0.01228	0.00614	0.00351	0.01228
71	0.01012	0.00723	0.00964	0.01157	0.01205	0.00675	0.00771	0.01157	0.01591	0.02121	0.04579	0.70262	0.05495	0.02603	0.01060	0.00337	0.00482	0.02362	0.00771	0.00675
72	0.01416	0.01158	0.01652	0.01546	0.01686	0.01437	0.01233	0.04457	0.01441	0.02098	0.01968	0.02891	0.01832	0.04950	0.50343	0.01074	0.16717	0.00848	0.00445	0.00809
73	0.02016	0.01933	0.03299	0.10387	0.60650	0.01963	0.02529	0.02514	0.01872	0.02665	0.01555	0.02069	0.01299	0.00748	0.00823	0.00249	0.00997	0.00740	0.00408	0.01283
74	0.01781	0.20757	0.47992	0.02071	0.03121	0.02212	0.02553	0.02545	0.01766	0.02496	0.04419	0.01860	0.01377	0.00813	0.00735	0.00242	0.01104	0.00614	0.00379	0.01167
75	0.05900	0.03038	0.02381	0.02013	0.02499	0.33765	0.01586	0.26398	0.02826	0.03346	0.01539	0.01715	0.01199	0.00961	0.00949	0.00243	0.07295	0.00632	0.00583	0.01131
76	0.01067	0.00828	0.00866	0.00866	0.01040	0.00741	0.00583	0.01198	0.01634	0.02005	0.06223	0.07027	0.41736	0.28087	0.02210	0.00479	0.00566	0.01547	0.00670	0.00626
77	0.02714	0.01913	0.02096	0.01587	0.02265	0.04551	0.01292	0.26919	0.02743	0.14937	0.01995	0.02018	0.01443	0.00852	0.00747	0.00201	0.00789	0.00658	0.00721	0.29559
78	0.02571	0.02588	0.02055	0.01797	0.02266	0.26264	0.01393	0.16004	0.20854	0.03196	0.02702	0.02678	0.06947	0.01074	0.00808	0.00246	0.00993	0.00810	0.03620	0.01133
79	0.11658	0.04684	0.01718	0.01352	0.01837	0.01595	0.01089	0.10477	0.14759	0.12868	0.11474	0.03738	0.12911	0.01237	0.00813	0.00255	0.00631	0.00995	0.00784	0.05125

[dist]
# distance from previous block
# <min> <max>
1	3

[block]
# block no. 3 follows, 22 sequences, length 29
# corresponding to MSA columns:
# 136-164
name=unknown_D
#
# <colnr> <probs for GDERKNQSTAVLIFYWHMCP>
#	G	D	E	R	K	N	Q	S	T	A	V	L	I	F	Y	W	H	M	C	P
0	0.14613	0.02947	0.02115	0.01828	0.02319	0.35364	0.01423	0.19237	0.02589	0.03235	0.01546	0.01709	0.01202	0.00888	0.00724	0.00229	0.01136	0.00594	0.05240	0.01063
1	0.05337	0.01854	0.02011	0.01800	0.05279	0.05349	0.01359	0.16649	0.24612	0.14637	0.09637	0.02952	0.02595	0.01098	0.00837	0.00262	0.00753	0.00892	0.00826	0.01260
2	0.02057	0.01964	0.03293	0.04918	0.62253	0.01979	0.02484	0.02649	0.05195	0.02754	0.01659	0.02111	0.01381	0.00761	0.00824	0.00249	0.00969	0.00751	0.00434	0.01316
3	0.10654	0.01997	0.01954	0.01671	0.02197	0.08050	0.01324	0.13144	0.33200	0.12829	0.02715	0.02550	0.01978	0.01029	0.00797	0.00264	0.00781	0.00804	0.00795	0.01267
4	0.02623	0.02922	0.02276	0.12521	0.02970	0.36375	0.01646	0.08383	0.16832	0.02654	0.01865	0.02028	0.01448	0.00927	0.00791	0.00243	0.01191	0.00680	0.00550	0.01077
5	0.01167	0.00849	0.01099	0.01036	0.01236	0.00780	0.00777	0.01551	0.02331	0.03283	0.62669	0.06285	0.10383	0.01716	0.00980	0.00262	0.00393	0.01513	0.00908	0.00780
6	0.01002	0.00763	0.00923	0.01050	0.01177	0.00684	0.00724	0.01169	0.01693	0.02163	0.05878	0.49174	0.25744	0.02434	0.01034	0.00318	0.00461	0.02156	0.00771	0.00684
7	0.03030	0.03130	0.02626	0.02158	0.02720	0.34739	0.06714	0.28256	0.02973	0.03430	0.01616	0.01769	0.01230	0.00902	0.00803	0.00234	0.01245	0.00662	0.00597	0.01165
8	0.03158	0.02327	0.02493	0.01911	0.02576	0.02576	0.01579	0.62852	0.03906	0.05236	0.01995	0.01995	0.01413	0.00997	0.00831	0.00249	0.00914	0.00748	0.00831	0.01413
9	0.01036	0.00763	0.00971	0.01091	0.01199	0.00698	0.00753	0.01234	0.01769	0.02351	0.15752	0.49842	0.14749	0.02371	0.01035	0.00316	0.00457	0.02121	0.00796	0.00698
10	0.03056	0.02039	0.02260	0.01782	0.02404	0.02207	0.01456	0.39692	0.15469	0.16961	0.02522	0.02377	0.01762	0.01029	0.00835	0.00257	0.00823	0.00803	0.00873	0.01394
11	0.03108	0.03822	0.02366	0.02121	0.02569	0.62023	0.01603	0.08314	0.02484	0.02302	0.01344	0.01540	0.01099	0.00868	0.00756	0.00217	0.01449	0.00553	0.00462	0.01001
12	0.01076	0.00841	0.00943	0.00956	0.01166	0.00748	0.00704	0.01300	0.01868	0.02363	0.17062	0.10671	0.39069	0.11234	0.01431	0.00358	0.00497	0.06259	0.00760	0.00693
13	0.57652	0.01793	0.01550	0.01304	0.01857	0.02048	0.01075	0.18072	0.02059	0.04118	0.01374	0.01516	0.01032	0.00830	0.00596	0.00255	0.00713	0.00527	0.00596	0.01032
14	0.02464	0.01797	0.01731	0.01497	0.01938	0.10341	0.01173	0.10377	0.20718	0.14372	0.05437	0.02842	0.02259	0.01046	0.00773	0.00243	0.00734	0.00830	0.18281	0.01147
15	0.03059	0.01763	0.02303	0.02261	0.13798	0.01768	0.01552	0.16216	0.11654	0.32596	0.02710	0.02551	0.01856	0.00984	0.00834	0.00257	0.00794	0.00815	0.00847	0.01381
16	0.00999	0.00828	0.00857	0.00876	0.01116	0.00705	0.00636	0.01190	0.01822	0.02193	0.07689	0.13751	0.55711	0.06447	0.01192	0.00319	0.00451	0.01777	0.00755	0.00686
17	0.01071	0.00864	0.00966	0.00995	0.01249	0.00759	0.00783	0.01334	0.01947	0.02409	0.13853	0.08062	0.47465	0.02096	0.01013	0.00298	0.00483	0.12843	0.00786	0.00722
18	0.02042	0.01888	0.03081	0.19989	0.45513	0.01999	0.02402	0.08026	0.02023	0.02806	0.01582	0.02088	0.01275	0.00786	0.00825	0.00254	0.01009	0.00740	0.00440	0.01231
19	0.08192	0.28065	0.32775	0.01879	0.02809	0.02474	0.02158	0.08134	0.01901	0.02718	0.01389	0.01591	0.01078	0.00779	0.00678	0.00231	0.01028	0.00552	0.00410	0.01159
20	0.08976	0.03477	0.02121	0.01934	0.02355	0.55881	0.01457	0.03049	0.02234	0.02192	0.01933	0.02087	0.06996	0.00964	0.00751	0.00224	0.01328	0.00641	0.00467	0.00934
21	0.08215	0.00941	0.00986	0.00967	0.01262	0.00848	0.00727	0.01538	0.01841	0.07638	0.06716	0.16766	0.44692	0.01970	0.00939	0.00285	0.00475	0.01653	0.00769	0.00774
22	0.17508	0.02644	0.02034	0.01754	0.02261	0.26651	0.01375	0.16864	0.10081	0.05819	0.02007	0.02058	0.03579	0.00955	0.00745	0.00243	0.01023	0.00671	0.00624	0.01105
23	0.01068	0.00813	0.00997	0.01120	0.01281	0.00742	0.00837	0.01285	0.01765	0.02239	0.05913	0.35573	0.26711	0.02362	0.01050	0.00326	0.00518	0.13928	0.00770	0.00703
24	0.01496	0.00943	0.01163	0.01178	0.01318	0.00919	0.00804	0.06528	0.01746	0.08160	0.03689	0.40017	0.04138	0.21657	0.01919	0.00455	0.00630	0.01760	0.00724	0.00755
25	0.08870	0.02686	0.02667	0.02262	0.04756	0.28481	0.12754	0.03236	0.07319	0.12541	0.01836	0.02002	0.01379	0.00898	0.00901	0.00251	0.04796	0.00708	0.00559	0.01096
26	0.08676	0.07005	0.02241	0.02140	0.10459	0.32061	0.01475	0.05546	0.04603	0.02503	0.02666	0.02772	0.12399	0.01060	0.00774	0.00236	0.01072	0.00788	0.00524	0.01000
27	0.21608	0.01875	0.01777	0.01542	0.02025	0.06701	0.01249	0.20756	0.12237	0.03784	0.05661	0.03288	0.05422	0.01182	0.00795	0.00271	0.00779	0.07241	0.00716	0.01093
28	0.08743	0.05423	0.05294	0.01588	0.02102	0.10821	0.01338	0.13292	0.04970	0.15714	0.04873	0.02773	0.05802	0.01866	0.11300	0.00419	0.01091	0.00811	0.00679	0.01103

[dist]
# distance from previous block
# <min> <max>
0	81

[block]
# block no. 4 follows, 22 sequences, length 110
# corresponding to MSA columns:
# 247-356
name=unknown_E
#
# <colnr> <probs for GDERKNQSTAVLIFYWHMCP>
#	G	D	E	R	K	N	Q	S	T	A	V	L	I	F	Y	W	H	M	C	P
0	0.02535	0.03421	0.22574	0.02094	0.02774	0.27881	0.02010	0.09043	0.02226	0.07786	0.01719	0.04813	0.01378	0.00977	0.00909	0.00251	0.05293	0.00699	0.00505	0.01113
1	0.14691	0.07681	0.02711	0.03010	0.26092	0.22051	0.01829	0.07682	0.02104	0.02822	0.01416	0.01712	0.01162	0.00799	0.00729	0.00234	0.01073	0.00609	0.00463	0.01130
2	0.07966	0.01528	0.02288	0.06776	0.31583	0.01554	0.01710	0.02313	0.04051	0.07122	0.04766	0.08695	0.04734	0.09883	0.01262	0.00331	0.00823	0.00996	0.00552	0.01065
3	0.08654	0.02253	0.02569	0.02847	0.22383	0.09018	0.01797	0.24679	0.11112	0.03741	0.01905	0.02060	0.01458	0.00900	0.00796	0.00250	0.00941	0.00725	0.00632	0.01280
4	0.08473	0.02097	0.03716	0.02776	0.03366	0.02247	0.35009	0.10243	0.02001	0.02927	0.01536	0.02032	0.01209	0.00924	0.01336	0.00294	0.17411	0.00845	0.00468	0.01089
5	0.01263	0.06553	0.01189	0.00966	0.01042	0.00992	0.00607	0.01307	0.01313	0.01713	0.02945	0.10771	0.06073	0.55938	0.03499	0.00689	0.00766	0.01271	0.00527	0.00573
6	0.06682	0.01443	0.02148	0.01772	0.02246	0.01411	0.12259	0.02924	0.12339	0.21029	0.06036	0.17584	0.03045	0.01394	0.00913	0.00288	0.00761	0.03844	0.00785	0.01097
7	0.01720	0.01714	0.02931	0.02302	0.02620	0.01945	0.21579	0.02054	0.01512	0.02176	0.01634	0.02679	0.01550	0.13992	0.05384	0.00451	0.28121	0.00895	0.00417	0.04324
8	0.31755	0.05170	0.01908	0.05510	0.02248	0.04516	0.01277	0.14610	0.18832	0.03708	0.01940	0.02001	0.01465	0.00914	0.00693	0.00258	0.00769	0.00659	0.00645	0.01122
9	0.08407	0.02716	0.01961	0.01759	0.02158	0.38117	0.04683	0.02577	0.02122	0.02314	0.05815	0.06273	0.15341	0.01225	0.00817	0.00243	0.01096	0.00941	0.00546	0.00889
10	0.02450	0.02414	0.01739	0.01563	0.01924	0.30803	0.01194	0.10920	0.02297	0.02870	0.01956	0.02238	0.01556	0.01132	0.03361	0.00256	0.01029	0.00668	0.28685	0.00945
11	0.01387	0.01210	0.01216	0.01175	0.01473	0.04259	0.00899	0.02090	0.15748	0.02580	0.10877	0.06419	0.34379	0.05915	0.01149	0.00317	0.00577	0.06714	0.00766	0.00851
12	0.02386	0.02791	0.17580	0.01897	0.02555	0.15812	0.01775	0.09884	0.17199	0.09332	0.02494	0.02519	0.04585	0.01250	0.03970	0.00307	0.01071	0.00779	0.00632	0.01184
13	0.02281	0.02400	0.03154	0.04465	0.52100	0.16019	0.02347	0.02714	0.01991	0.02568	0.01503	0.01936	0.01263	0.00765	0.00807	0.00240	0.01097	0.00696	0.00415	0.01240
14	0.05348	0.30013	0.27028	0.01746	0.02540	0.02301	0.01947	0.02357	0.01636	0.02288	0.01476	0.01843	0.01237	0.01746	0.12797	0.00424	0.01247	0.00589	0.00377	0.01060
15	0.01946	0.01604	0.05152	0.01766	0.02192	0.01599	0.08543	0.02954	0.22081	0.10946	0.02734	0.06170	0.02282	0.09059	0.13408	0.00528	0.04319	0.00988	0.00662	0.01066
16	0.02390	0.02525	0.03057	0.04152	0.45677	0.19629	0.02250	0.05603	0.02111	0.02650	0.01508	0.01903	0.01254	0.00784	0.00803	0.00238	0.01121	0.00685	0.00436	0.01226
17	0.01020	0.00843	0.00895	0.00882	0.01146	0.00718	0.00661	0.01267	0.01984	0.02460	0.19663	0.07640	0.53903	0.02024	0.00981	0.00277	0.00415	0.01704	0.00800	0.00718
18	0.01158	0.00849	0.01080	0.01080	0.01195	0.00887	0.00758	0.01324	0.01388	0.01863	0.03501	0.04962	0.13925	0.30419	0.30985	0.00939	0.01349	0.01170	0.00527	0.00642
19	0.03103	0.03959	0.02354	0.02140	0.02568	0.67469	0.01605	0.03317	0.02354	0.02033	0.01284	0.01498	0.01070	0.00856	0.00749	0.00214	0.01498	0.00535	0.00428	0.00963
20	0.02160	0.01764	0.01881	0.01679	0.02158	0.02019	0.01310	0.04394	0.60649	0.07003	0.03375	0.03084	0.02509	0.01122	0.00845	0.00280	0.00660	0.00933	0.00856	0.01320
21	0.02152	0.01188	0.01465	0.01270	0.01614	0.01160	0.00958	0.02793	0.13337	0.22875	0.20955	0.04408	0.04013	0.16202	0.01606	0.00380	0.00628	0.01126	0.00850	0.01019
22	0.01012	0.00723	0.00964	0.01157	0.01205	0.00675	0.00771	0.01157	0.01591	0.02121	0.04579	0.70262	0.05495	0.02603	0.01060	0.00337	0.00482	0.02362	0.00771	0.00675
23	0.01043	0.00844	0.00927	0.00906	0.01160	0.00727	0.00679	0.01311	0.02038	0.02588	0.26373	0.07429	0.47113	0.01976	0.00981	0.00274	0.00412	0.01674	0.00817	0.00727
24	0.01012	0.00723	0.00964	0.01157	0.01205	0.00675	0.00771	0.01157	0.01591	0.02121	0.04579	0.70262	0.05495	0.02603	0.01060	0.00337	0.00482	0.02362	0.00771	0.00675
25	0.03103	0.03959	0.02354	0.02140	0.02568	0.67469	0.01605	0.03317	0.02354	0.02033	0.01284	0.01498	0.01070	0.00856	0.00749	0.00214	0.01498	0.00535	0.00428	0.00963
26	0.02799	0.02149	0.02291	0.01839	0.02439	0.02409	0.01492	0.43634	0.23709	0.04657	0.02451	0.02358	0.01782	0.01040	0.00836	0.00260	0.00830	0.00811	0.00836	0.01381
27	0.01030	0.00806	0.00933	0.00981	0.01172	0.00709	0.00706	0.01255	0.01888	0.02420	0.18408	0.27339	0.35032	0.02182	0.01006	0.00295	0.00434	0.01896	0.00800	0.00709
28	0.03158	0.02327	0.02493	0.01911	0.02576	0.02576	0.01579	0.62852	0.03906	0.05236	0.01995	0.01995	0.01413	0.00997	0.00831	0.00249	0.00914	0.00748	0.00831	0.01413
29	0.03103	0.03959	0.02354	0.02140	0.02568	0.67469	0.01605	0.03317	0.02354	0.02033	0.01284	0.01498	0.01070	0.00856	0.00749	0.00214	0.01498	0.00535	0.00428	0.00963
30	0.01023	0.00843	0.00899	0.00885	0.01147	0.00719	0.00664	0.01272	0.01991	0.02475	0.20485	0.07615	0.53072	0.02018	0.00981	0.00276	0.00415	0.01700	0.00802	0.00719
31	0.01549	0.00774	0.00774	0.00774	0.00968	0.00774	0.00581	0.01936	0.01742	0.03097	0.02710	0.03097	0.02129	0.00968	0.00581	0.00194	0.00387	0.00774	0.75416	0.00774
32	0.02066	0.01785	0.01878	0.01691	0.02160	0.02066	0.01315	0.04414	0.64121	0.03475	0.03381	0.03099	0.02536	0.01127	0.00845	0.00282	0.00657	0.00939	0.00845	0.01315
33	0.02499	0.39745	0.03414	0.01589	0.02272	0.06687	0.01434	0.20292	0.02385	0.03004	0.01443	0.01578	0.01185	0.00794	0.00642	0.00195	0.00904	0.00544	0.00514	0.08879
34	0.00999	0.00847	0.00865	0.00874	0.01150	0.00713	0.00665	0.01217	0.01894	0.02256	0.08226	0.08060	0.62422	0.02113	0.00990	0.00285	0.00437	0.04511	0.00771	0.00704
35	0.01339	0.00956	0.01339	0.01530	0.01721	0.00956	0.01339	0.01721	0.01912	0.02486	0.04399	0.09371	0.04781	0.02295	0.01147	0.00382	0.00765	0.60031	0.00765	0.00765
36	0.03158	0.02327	0.02493	0.01911	0.02576	0.02576	0.01579	0.62852	0.03906	0.05236	0.01995	0.01995	0.01413	0.00997	0.00831	0.00249	0.00914	0.00748	0.00831	0.01413
37	0.03010	0.02495	0.02274	0.01852	0.02420	0.17003	0.01482	0.36048	0.09104	0.09214	0.02106	0.02109	0.01530	0.00979	0.00802	0.00242	0.00979	0.00727	0.04352	0.01271
38	0.03103	0.03959	0.02354	0.02140	0.02568	0.67469	0.01605	0.03317	0.02354	0.02033	0.01284	0.01498	0.01070	0.00856	0.00749	0.00214	0.01498	0.00535	0.00428	0.00963
39	0.01009	0.00734	0.00953	0.01128	0.01197	0.00677	0.00759	0.01160	0.01618	0.02132	0.04925	0.64649	0.10884	0.02558	0.01053	0.00332	0.00476	0.02307	0.00771	0.00677
40	0.01468	0.01304	0.01875	0.01713	0.01795	0.01710	0.01386	0.01714	0.01307	0.01960	0.01719	0.02618	0.01637	0.04100	0.38609	0.00902	0.32142	0.00817	0.00409	0.00816
41	0.02876	0.06337	0.02604	0.02101	0.02603	0.37300	0.05014	0.17803	0.06533	0.02938	0.01597	0.01772	0.01258	0.00924	0.00885	0.00237	0.04921	0.00644	0.00546	0.01106
42	0.02064	0.49280	0.03724	0.01622	0.02115	0.02981	0.01510	0.02309	0.01559	0.01965	0.01188	0.01554	0.01120	0.01171	0.04285	0.00282	0.19358	0.00541	0.00362	0.01008
43	0.01043	0.00844	0.00927	0.00906	0.01160	0.00727	0.00679	0.01311	0.02038	0.02588	0.26373	0.07429	0.47113	0.01976	0.00981	0.00274	0.00412	0.01674	0.00817	0.00727
44	0.01175	0.00797	0.00941	0.00991	0.01012	0.00787	0.00604	0.01225	0.01325	0.01763	0.03118	0.19016	0.03625	0.53049	0.03409	0.00686	0.00737	0.04615	0.00573	0.00553
45	0.01368	0.01129	0.01520	0.01495	0.01543	0.01345	0.01148	0.01537	0.01466	0.02039	0.03022	0.23646	0.03441	0.16809	0.02283	0.00454	0.22367	0.12075	0.00584	0.00728
46	0.01012	0.00723	0.00964	0.01157	0.01205	0.00675	0.00771	0.01157	0.01591	0.02121	0.04579	0.70262	0.05495	0.02603	0.01060	0.00337	0.00482	0.02362	0.00771	0.00675
47	0.01012	0.00723	0.00964	0.01157	0.01205	0.00675	0.00771	0.01157	0.01591	0.02121	0.04579	0.70262	0.05495	0.02603	0.01060	0.00337	0.00482	0.02362	0.00771	0.00675
48	0.03103	0.03959	0.02354	0.02140	0.02568	0.67469	0.01605	0.03317	0.02354	0.02033	0.01284	0.01498	0.01070	0.00856	0.00749	0.00214	0.01498	0.00535	0.00428	0.00963
49	0.03137	0.02946	0.02440	0.01998	0.02573	0.27203	0.01589	0.40259	0.03317	0.04020	0.01725	0.01806	0.01283	0.00944	0.00800	0.00236	0.01136	0.00667	0.00678	0.01242
50	0.03158	0.02327	0.02493	0.01911	0.02576	0.02576	0.01579	0.62852	0.03906	0.05236	0.01995	0.01995	0.01413	0.00997	0.00831	0.00249	0.00914	0.00748	0.00831	0.01413
51	0.01905	0.02011	0.02653	0.02139	0.02536	0.15652	0.20771	0.02258	0.01750	0.02197	0.01884	0.02862	0.01719	0.14478	0.13023	0.00542	0.05216	0.00885	0.04642	0.00878
52	0.01214	0.00872	0.01174	0.01229	0.01407	0.00832	0.00978	0.01574	0.02108	0.02892	0.36683	0.14742	0.06487	0.02014	0.01048	0.00313	0.00534	0.22287	0.00845	0.00765
53	0.01187	0.00890	0.01335	0.01335	0.01483	0.01038	0.01038	0.01483	0.01335	0.01928	0.02225	0.03264	0.02077	0.06231	0.67512	0.01335	0.02225	0.00890	0.00445	0.00742
54	0.01037	0.00844	0.00918	0.00899	0.01156	0.00725	0.00674	0.01298	0.02023	0.02552	0.24472	0.07489	0.49037	0.01989	0.00981	0.00275	0.00413	0.01682	0.00812	0.00725
55	0.01745	0.01677	0.02905	0.44994	0.24593	0.01901	0.05764	0.02288	0.01751	0.02340	0.01515	0.02166	0.01182	0.00795	0.00836	0.00268	0.01086	0.00752	0.00385	0.01058
56	0.02056	0.01974	0.03372	0.05099	0.65622	0.01974	0.02550	0.02550	0.01892	0.02714	0.01563	0.02056	0.01316	0.00740	0.00822	0.00247	0.00987	0.00740	0.00411	0.01316
57	0.02056	0.01974	0.03372	0.05099	0.65622	0.01974	0.02550	0.02550	0.01892	0.02714	0.01563	0.02056	0.01316	0.00740	0.00822	0.00247	0.00987	0.00740	0.00411	0.01316
58	0.02524	0.01825	0.01998	0.01698	0.02230	0.02027	0.01348	0.14974	0.43535	0.13594	0.03113	0.02856	0.02257	0.01088	0.00841	0.00272	0.00712	0.00888	0.00871	0.01348
59	0.00982	0.00842	0.00842	0.00842	0.01122	0.00701	0.00631	0.01192	0.01894	0.02244	0.08416	0.07995	0.65285	0.02104	0.00982	0.00281	0.00421	0.01753	0.00771	0.00701
60	0.01001	0.00817	0.00885	0.00922	0.01147	0.00701	0.00671	0.01208	0.01858	0.02287	0.11187	0.21235	0.48826	0.02185	0.00999	0.00291	0.00432	0.01868	0.00780	0.00701
61	0.02581	0.01770	0.01877	0.01504	0.02000	0.01930	0.01221	0.41015	0.03130	0.04469	0.02251	0.02390	0.01670	0.00987	0.00741	0.00229	0.00725	0.00757	0.27568	0.01184
62	0.01134	0.00774	0.00928	0.01000	0.01018	0.00756	0.00604	0.01189	0.01352	0.01803	0.03355	0.29815	0.03951	0.45156	0.03037	0.00629	0.00684	0.01642	0.00604	0.00568
63	0.01224	0.00945	0.01407	0.01386	0.01525	0.01128	0.01085	0.01514	0.01331	0.01933	0.02157	0.03177	0.02018	0.05945	0.63642	0.01277	0.06231	0.00880	0.00440	0.00752
64	0.01937	0.01852	0.03156	0.20708	0.50947	0.01942	0.02490	0.02445	0.01835	0.02569	0.01542	0.02095	0.01265	0.00762	0.00824	0.00254	0.01016	0.00740	0.00401	0.01220
65	0.01015	0.00761	0.00942	0.01070	0.01186	0.00688	0.00737	0.01192	0.01715	0.02229	0.09387	0.50452	0.20771	0.02419	0.01035	0.00318	0.00461	0.02153	0.00780	0.00688
66	0.01176	0.00849	0.01110	0.01045	0.01241	0.00784	0.00784	0.01568	0.02352	0.03331	0.65184	0.06206	0.07839	0.01698	0.00980	0.00261	0.00392	0.01502	0.00914	0.00784
67	0.01087	0.00903	0.00957	0.00933	0.01210	0.00803	0.00703	0.01466	0.05919	0.02524	0.18648	0.07352	0.50635	0.01967	0.00973	0.00277	0.00430	0.01655	0.00803	0.00756
68	0.02326	0.01524	0.01604	0.01323	0.01744	0.01644	0.01063	0.31349	0.02787	0.04130	0.02365	0.02565	0.01783	0.00982	0.00702	0.00220	0.00642	0.00762	0.39403	0.01083
69	0.03103	0.03959	0.02354	0.02140	0.02568	0.67469	0.01605	0.03317	0.02354	0.02033	0.01284	0.01498	0.01070	0.00856	0.00749	0.00214	0.01498	0.00535	0.00428	0.00963
70	0.01048	0.00738	0.00953	0.01110	0.01150	0.00699	0.00722	0.01166	0.01520	0.02026	0.04216	0.58278	0.05037	0.15211	0.01646	0.00424	0.00542	0.02148	0.00722	0.00643
71	0.02194	0.29269	0.29277	0.01922	0.02824	0.05228	0.02128	0.13063	0.02127	0.02803	0.01443	0.01626	0.01121	0.00798	0.00698	0.00226	0.01056	0.00570	0.00439	0.01188
72	0.01407	0.01122	0.01172	0.01100	0.01449	0.01091	0.00843	0.02193	0.18537	0.05723	0.06818	0.06433	0.45412	0.01790	0.00938	0.00280	0.00498	0.01491	0.00804	0.00900
73	0.01012	0.00723	0.00964	0.01157	0.01205	0.00675	0.00771	0.01157	0.01591	0.02121	0.04579	0.70262	0.05495	0.02603	0.01060	0.00337	0.00482	0.02362	0.00771	0.00675
74	0.01844	0.01793	0.02226	0.01822	0.02120	0.05133	0.01494	0.02098	0.01494	0.02267	0.01245	0.01766	0.01142	0.01110	0.01837	0.00266	0.40193	0.00629	0.00415	0.29107
75	0.01599	0.01219	0.01347	0.01254	0.01590	0.01244	0.00955	0.05804	0.20464	0.06325	0.11982	0.14413	0.25070	0.01720	0.00936	0.00284	0.00539	0.01464	0.00826	0.00967
76	0.01208	0.00805	0.00906	0.00906	0.00906	0.00805	0.00503	0.01208	0.01208	0.01611	0.02618	0.05436	0.03020	0.70804	0.04228	0.00805	0.00805	0.01208	0.00503	0.00503
77	0.01147	0.00787	0.00917	0.00964	0.00992	0.00767	0.00577	0.01195	0.01341	0.01772	0.03428	0.21598	0.07134	0.50089	0.03263	0.00660	0.00704	0.01524	0.00585	0.00557
78	0.02160	0.63925	0.11197	0.01526	0.02293	0.03138	0.01603	0.02503	0.01695	0.02029	0.01192	0.01379	0.01065	0.00719	0.00561	0.00187	0.00926	0.00463	0.00355	0.01084
79	0.01607	0.01197	0.01355	0.01260	0.01482	0.01271	0.00900	0.11587	0.11660	0.02718	0.06959	0.15345	0.06335	0.26345	0.05826	0.00529	0.00782	0.01310	0.00688	0.00844
80	0.01014	0.00828	0.00899	0.00937	0.01171	0.00713	0.00696	0.01230	0.01867	0.02289	0.10380	0.18325	0.49599	0.02176	0.01003	0.00294	0.00446	0.04651	0.00778	0.00704
