[name]
unknown

[dist]
# distance from previous block
# <min> <max>
0	1

[block]
# block no. 0 follows, 21 sequences, length 22
# corresponding to MSA columns:
# 1-22
name=unknown_A
#
# <colnr> <probs for GDERKNQSTAVLIFYWHMCP>
#	G	D	E	R	K	N	Q	S	T	A	V	L	I	F	Y	W	H	M	C	P
0	0.01236	0.00883	0.01216	0.01412	0.01549	0.00863	0.01136	0.01529	0.01825	0.02395	0.04581	0.33910	0.05194	0.02479	0.01139	0.00373	0.00666	0.36084	0.00786	0.00746
1	0.01594	0.01560	0.01367	0.01402	0.01620	0.14184	0.01006	0.02038	0.09231	0.02341	0.04496	0.37962	0.13829	0.02041	0.00982	0.00304	0.00715	0.01766	0.00728	0.00834
2	0.13063	0.11602	0.02542	0.01976	0.05235	0.28418	0.01519	0.13602	0.02455	0.09649	0.01640	0.01753	0.01253	0.00885	0.00734	0.00233	0.01118	0.00605	0.00579	0.01139
3	0.02654	0.02943	0.02155	0.01932	0.02309	0.38787	0.01486	0.10405	0.02321	0.02543	0.01660	0.02049	0.01396	0.01964	0.13183	0.00446	0.05413	0.00669	0.04696	0.00989
4	0.02713	0.01903	0.14730	0.01577	0.02245	0.01280	0.01515	0.03186	0.02276	0.36770	0.15788	0.03643	0.06162	0.01199	0.00884	0.00267	0.00752	0.00996	0.00875	0.01241
5	0.02143	0.02263	0.02862	0.23126	0.26359	0.15232	0.02244	0.02568	0.01882	0.02362	0.01454	0.02007	0.01203	0.00904	0.01080	0.00271	0.09822	0.00713	0.00406	0.01100
6	0.02106	0.02022	0.03454	0.05223	0.64784	0.02022	0.02612	0.02612	0.01938	0.02780	0.01601	0.02106	0.01348	0.00758	0.00842	0.00253	0.01011	0.00758	0.00421	0.01348
7	0.01006	0.00862	0.00862	0.00862	0.01149	0.00718	0.00647	0.01221	0.01940	0.02299	0.08621	0.08190	0.64438	0.02155	0.01006	0.00287	0.00431	0.01796	0.00790	0.00718
8	0.02441	0.02750	0.03426	0.03891	0.32050	0.23431	0.14216	0.02895	0.02109	0.02539	0.01531	0.01955	0.01253	0.00789	0.00850	0.00249	0.01270	0.00738	0.00429	0.01188
9	0.01339	0.01097	0.01536	0.01486	0.01561	0.01333	0.01133	0.01545	0.01388	0.01992	0.02534	0.16624	0.02711	0.12487	0.30063	0.00851	0.17835	0.01217	0.00511	0.00757
10	0.01027	0.00777	0.00950	0.01088	0.01209	0.00699	0.00747	0.01196	0.01723	0.02210	0.05873	0.51077	0.23325	0.02512	0.01062	0.00328	0.00475	0.02232	0.00790	0.00699
11	0.02094	0.02057	0.03655	0.05013	0.57039	0.02039	0.10196	0.02626	0.01947	0.02773	0.01616	0.02131	0.01341	0.00753	0.00863	0.00257	0.01065	0.00790	0.00422	0.01322
12	0.02122	0.08207	0.11146	0.04186	0.40863	0.05891	0.10107	0.02677	0.01940	0.02657	0.01556	0.01998	0.01272	0.00763	0.00830	0.00251	0.01117	0.00737	0.00411	0.01269
13	0.01032	0.00863	0.00898	0.00889	0.01165	0.00729	0.00667	0.01272	0.02001	0.02444	0.15896	0.07951	0.57072	0.02101	0.01006	0.00285	0.00427	0.01762	0.00809	0.00729
14	0.01034	0.00750	0.00978	0.01160	0.01228	0.00693	0.00779	0.01188	0.01653	0.02182	0.04995	0.64790	0.10180	0.02627	0.01080	0.00341	0.00489	0.02371	0.00790	0.00693
15	0.01216	0.00912	0.01368	0.01368	0.01520	0.01064	0.01064	0.01520	0.01368	0.01976	0.02279	0.03343	0.02127	0.06382	0.66720	0.01368	0.02279	0.00912	0.00456	0.00760
16	0.01607	0.01513	0.02552	0.68047	0.05861	0.01891	0.02363	0.02174	0.01702	0.02174	0.01513	0.02269	0.01134	0.00851	0.00851	0.00284	0.01134	0.00756	0.00378	0.00945
17	0.01707	0.04402	0.65683	0.02426	0.03683	0.01976	0.03144	0.02695	0.01797	0.02695	0.01527	0.01797	0.01078	0.00809	0.00809	0.00270	0.01258	0.00629	0.00359	0.01258
18	0.02458	0.02689	0.03112	0.04229	0.44392	0.23234	0.02294	0.02870	0.02093	0.02551	0.01507	0.01919	0.01265	0.00797	0.00818	0.00242	0.01183	0.00689	0.00427	0.01229
19	0.05277	0.02003	0.05489	0.01551	0.02077	0.09413	0.01302	0.19619	0.02683	0.11984	0.10340	0.04058	0.17944	0.01348	0.00882	0.00263	0.00804	0.01073	0.00782	0.01109
20	0.01989	0.01902	0.03243	0.19963	0.50959	0.01991	0.02553	0.02509	0.01882	0.02638	0.01580	0.02144	0.01298	0.00780	0.00844	0.00260	0.01040	0.00758	0.00411	0.01254
21	0.02222	0.02329	0.03061	0.17332	0.40309	0.15044	0.02366	0.02682	0.01986	0.02517	0.01525	0.02024	0.01254	0.00801	0.00829	0.00252	0.01142	0.00715	0.00416	0.01194

[dist]
# distance from previous block
# <min> <max>
0	15

[block]
# block no. 1 follows, 21 sequences, length 49
# corresponding to MSA columns:
# 38-86
name=unknown_B
#
# <colnr> <probs for GDERKNQSTAVLIFYWHMCP>
#	G	D	E	R	K	N	Q	S	T	A	V	L	I	F	Y	W	H	M	C	P
0	0.01987	0.01900	0.03238	0.20293	0.50650	0.01991	0.02552	0.02507	0.01881	0.02635	0.01580	0.02145	0.01297	0.00780	0.00844	0.00260	0.01041	0.00758	0.00411	0.01251
1	0.02203	0.02272	0.02627	0.08232	0.08797	0.19036	0.12170	0.02722	0.05932	0.06169	0.06983	0.03267	0.10901	0.01129	0.00966	0.00266	0.03746	0.00965	0.00574	0.01042
2	0.01692	0.01586	0.02550	0.07526	0.35491	0.01561	0.04672	0.02094	0.01882	0.02526	0.03726	0.04130	0.19915	0.05653	0.01124	0.00303	0.00857	0.01105	0.00533	0.01075
3	0.17178	0.02009	0.01453	0.01356	0.01682	0.22046	0.01029	0.02457	0.01850	0.02781	0.01875	0.02256	0.01530	0.01319	0.04155	0.05342	0.00931	0.00650	0.27252	0.00851
4	0.02181	0.02373	0.02140	0.01936	0.02128	0.25784	0.01512	0.02350	0.01707	0.01992	0.01461	0.02111	0.01349	0.02395	0.15058	0.07663	0.23878	0.00705	0.00413	0.00863
5	0.01711	0.01243	0.01349	0.01215	0.01495	0.01267	0.00890	0.17682	0.02259	0.02994	0.04359	0.13790	0.19180	0.19863	0.01830	0.00423	0.00678	0.01389	0.05519	0.00863
6	0.01967	0.02003	0.03781	0.18174	0.32074	0.02037	0.22195	0.02556	0.01911	0.02632	0.01622	0.02204	0.01283	0.00765	0.00898	0.00271	0.01178	0.00840	0.00415	0.01195
7	0.02260	0.02470	0.02568	0.13850	0.09664	0.21483	0.01917	0.02755	0.07344	0.02295	0.01507	0.01979	0.01272	0.01088	0.01472	0.00291	0.23600	0.00709	0.00443	0.01032
8	0.01223	0.00904	0.01100	0.01051	0.01270	0.00840	0.00782	0.01602	0.05226	0.02934	0.40208	0.06332	0.22376	0.01939	0.01219	0.07430	0.00455	0.01503	0.00839	0.00766
9	0.01426	0.01108	0.01394	0.01246	0.01542	0.01086	0.00922	0.01802	0.05316	0.02204	0.02252	0.03492	0.02177	0.21259	0.28361	0.00822	0.01352	0.00891	0.00510	0.20837
10	0.01829	0.01865	0.01883	0.05282	0.07540	0.18427	0.01417	0.02141	0.01708	0.02084	0.01928	0.02706	0.01739	0.04167	0.40334	0.00914	0.01916	0.00795	0.00444	0.00880
11	0.02926	0.17809	0.02852	0.01948	0.02509	0.33756	0.01578	0.16973	0.06743	0.02932	0.01602	0.01728	0.01279	0.00898	0.00746	0.00224	0.01203	0.00607	0.00548	0.01141
12	0.09417	0.25268	0.02757	0.01668	0.02150	0.25360	0.01388	0.02627	0.01869	0.02199	0.01466	0.01852	0.01300	0.02002	0.14837	0.00458	0.01403	0.00587	0.00426	0.00967
13	0.01787	0.01430	0.02271	0.05866	0.06674	0.01375	0.13700	0.02356	0.07090	0.10073	0.04658	0.08394	0.22199	0.01517	0.00976	0.00295	0.00811	0.06817	0.00704	0.01007
14	0.01716	0.01702	0.01742	0.01650	0.01845	0.15344	0.01285	0.01987	0.01584	0.02007	0.01932	0.02776	0.01784	0.04609	0.44827	0.01001	0.10127	0.00813	0.00442	0.00829
15	0.02489	0.02699	0.02857	0.07987	0.31856	0.25320	0.02104	0.06646	0.02226	0.02636	0.01798	0.02148	0.03745	0.00880	0.00823	0.00244	0.01180	0.00724	0.00467	0.01172
16	0.01707	0.04402	0.65683	0.02426	0.03683	0.01976	0.03144	0.02695	0.01797	0.02695	0.01527	0.01797	0.01078	0.00809	0.00809	0.00270	0.01258	0.00629	0.00359	0.01258
17	0.01985	0.01856	0.02916	0.19976	0.37342	0.02009	0.02289	0.02899	0.14547	0.02792	0.01964	0.02367	0.01554	0.00863	0.00849	0.00268	0.00972	0.00800	0.00503	0.01249
18	0.01135	0.00867	0.01042	0.00998	0.01229	0.00774	0.00748	0.01472	0.02245	0.03025	0.44919	0.06996	0.27687	0.01885	0.01004	0.00275	0.00412	0.01629	0.00886	0.00774
19	0.02111	0.01723	0.01866	0.01634	0.02090	0.01934	0.01280	0.13123	0.41426	0.03819	0.15579	0.03639	0.03515	0.01252	0.00892	0.00279	0.00660	0.01048	0.00878	0.01253
20	0.01174	0.00798	0.00947	0.01009	0.01025	0.00783	0.00602	0.01221	0.01361	0.01815	0.03315	0.25737	0.03893	0.48834	0.03308	0.00674	0.00721	0.01610	0.00602	0.00571
21	0.01603	0.01159	0.01388	0.01379	0.01587	0.01197	0.00998	0.14820	0.05175	0.02908	0.03856	0.47385	0.04310	0.02244	0.01154	0.04685	0.00615	0.01883	0.00783	0.00873
22	0.01216	0.00912	0.01368	0.01368	0.01520	0.01064	0.01064	0.01520	0.01368	0.01976	0.02279	0.03343	0.02127	0.06382	0.66720	0.01368	0.02279	0.00912	0.00456	0.00760
23	0.02150	0.13571	0.03584	0.08313	0.45067	0.05317	0.04905	0.02616	0.01914	0.02577	0.01517	0.01973	0.01277	0.00763	0.00797	0.00243	0.01045	0.00708	0.00410	0.01254
24	0.02483	0.02832	0.02786	0.17528	0.23811	0.31271	0.02120	0.02873	0.02101	0.02332	0.01452	0.01883	0.01187	0.00832	0.00810	0.00244	0.01275	0.00663	0.00420	0.01097
25	0.21936	0.02359	0.02647	0.03485	0.34710	0.15880	0.01956	0.02751	0.01910	0.02905	0.01429	0.01792	0.01181	0.00792	0.00743	0.00248	0.01030	0.00634	0.00453	0.01157
26	0.01707	0.01756	0.07484	0.12182	0.02651	0.01702	0.01488	0.03117	0.31805	0.02930	0.04328	0.04220	0.18426	0.01337	0.00895	0.00286	0.00736	0.01118	0.00722	0.01110
27	0.01080	0.00759	0.00975	0.01130	0.01169	0.00720	0.00731	0.01196	0.01545	0.02060	0.04259	0.55797	0.05084	0.17149	0.01783	0.00449	0.00565	0.02165	0.00731	0.00654
28	0.01303	0.01106	0.01155	0.01123	0.01439	0.01086	0.00846	0.02092	0.18148	0.02621	0.06880	0.12717	0.42446	0.01939	0.00976	0.00293	0.00501	0.01635	0.00810	0.00882
29	0.02009	0.02296	0.05022	0.03587	0.04448	0.02152	0.61693	0.02726	0.02009	0.02726	0.01722	0.02296	0.01291	0.00717	0.01004	0.00287	0.01435	0.01004	0.00430	0.01148
30	0.01058	0.00864	0.00935	0.00917	0.01182	0.00741	0.00688	0.01323	0.02064	0.02594	0.23377	0.07704	0.49498	0.02045	0.01005	0.00282	0.00423	0.01728	0.00829	0.00741
31	0.01006	0.00862	0.00862	0.00862	0.01149	0.00718	0.00647	0.01221	0.01940	0.02299	0.08621	0.08190	0.64438	0.02155	0.01006	0.00287	0.00431	0.01796	0.00790	0.00718
32	0.13758	0.03747	0.50048	0.04949	0.03476	0.01970	0.05284	0.02644	0.01746	0.02857	0.01480	0.01771	0.01064	0.00803	0.00773	0.00270	0.01163	0.00623	0.00390	0.01186
33	0.01710	0.01059	0.01391	0.01297	0.01472	0.01134	0.00946	0.01982	0.04173	0.12067	0.02723	0.08238	0.02648	0.27480	0.22535	0.00818	0.05799	0.01107	0.00606	0.00815
34	0.02658	0.01989	0.01855	0.01571	0.02047	0.15411	0.01238	0.13770	0.02549	0.19581	0.07788	0.03782	0.14808	0.01624	0.05134	0.00329	0.00957	0.01013	0.00784	0.01113
35	0.02156	0.03038	0.19695	0.12276	0.23154	0.15888	0.06499	0.02751	0.01975	0.02522	0.01516	0.01936	0.01189	0.00807	0.00829	0.00256	0.01234	0.00695	0.00403	0.01178
36	0.02250	0.02009	0.03118	0.15265	0.42144	0.02125	0.02368	0.14569	0.02316	0.03201	0.01675	0.02121	0.01332	0.00827	0.00846	0.00259	0.01017	0.00760	0.00501	0.01300
37	0.01765	0.03929	0.52538	0.02611	0.03742	0.02036	0.12877	0.02669	0.01809	0.02669	0.01540	0.01883	0.01116	0.00826	0.00936	0.00277	0.04484	0.00697	0.00372	0.01224
38	0.02036	0.02070	0.03181	0.25505	0.34683	0.08160	0.07092	0.02552	0.01911	0.02510	0.01554	0.02120	0.01249	0.00797	0.00851	0.00262	0.01135	0.00757	0.00409	0.01165
39	0.07372	0.09819	0.02555	0.01755	0.02411	0.02445	0.01476	0.42780	0.03329	0.11699	0.02077	0.02072	0.01482	0.00978	0.00788	0.00246	0.00871	0.00725	0.03770	0.01351
40	0.01096	0.00815	0.01021	0.01115	0.01249	0.00736	0.00768	0.01288	0.01756	0.02343	0.12155	0.46688	0.14287	0.05563	0.01196	0.00340	0.00496	0.02076	0.00781	0.04232
41	0.01506	0.01069	0.01290	0.01217	0.01361	0.01145	0.00846	0.10056	0.01697	0.02309	0.02602	0.08439	0.02743	0.37939	0.21239	0.00866	0.01231	0.01152	0.00564	0.00730
42	0.01040	0.00784	0.00945	0.01068	0.01188	0.00708	0.00728	0.01200	0.01700	0.02178	0.05780	0.46370	0.23710	0.06866	0.01271	0.00359	0.00496	0.02150	0.00772	0.00688
43	0.01708	0.01674	0.01787	0.01556	0.01897	0.12316	0.06046	0.01947	0.01765	0.02249	0.02949	0.20241	0.06738	0.12818	0.01532	0.00349	0.03793	0.01261	0.00575	0.16800
44	0.02806	0.11744	0.02608	0.01872	0.02450	0.19686	0.01521	0.26132	0.10542	0.03561	0.01901	0.02003	0.01472	0.01171	0.03566	0.00282	0.01104	0.00687	0.00647	0.04243
45	0.02097	0.31424	0.02987	0.01761	0.06206	0.11359	0.01407	0.02394	0.01759	0.02221	0.01619	0.02038	0.01428	0.01768	0.11661	0.00402	0.05533	0.00628	0.10320	0.00990
46	0.02020	0.06828	0.04947	0.02323	0.12235	0.16889	0.01646	0.02363	0.01957	0.02483	0.14965	0.02911	0.02738	0.01720	0.08138	0.00383	0.13075	0.00865	0.00525	0.00990
47	0.05764	0.01212	0.01924	0.01663	0.01958	0.01188	0.13171	0.01881	0.05949	0.02641	0.15731	0.25224	0.04260	0.04831	0.01360	0.07478	0.00725	0.01526	0.00685	0.00826
48	0.17898	0.03091	0.16216	0.02813	0.18968	0.22011	0.02073	0.02850	0.01951	0.02764	0.01409	0.01710	0.01122	0.00813	0.00745	0.00248	0.01153	0.00603	0.00435	0.01127

[dist]
# distance from previous block
# <min> <max>
3	5

[block]
# block no. 2 follows, 21 sequences, length 7
# corresponding to MSA columns:
# 92-98
name=unknown_C
#
# <colnr> <probs for GDERKNQSTAVLIFYWHMCP>
#	G	D	E	R	K	N	Q	S	T	A	V	L	I	F	Y	W	H	M	C	P
0	0.15754	0.02458	0.09047	0.01556	0.02096	0.20966	0.01343	0.02426	0.01989	0.02706	0.07697	0.03257	0.14151	0.01143	0.00776	0.00239	0.00923	0.00860	0.00562	0.10050
1	0.21474	0.02401	0.22334	0.06129	0.02599	0.01714	0.01767	0.02640	0.08966	0.05586	0.07872	0.02949	0.08107	0.01070	0.00781	0.00272	0.00845	0.00835	0.00584	0.01073
2	0.08405	0.02025	0.02065	0.01969	0.08244	0.10715	0.01417	0.14415	0.05140	0.03143	0.03054	0.03168	0.14076	0.01208	0.01058	0.00259	0.09151	0.00897	0.00618	0.08974
3	0.02239	0.13939	0.03104	0.10481	0.08183	0.13384	0.06601	0.05588	0.05377	0.02427	0.01478	0.01911	0.01245	0.01013	0.01318	0.00276	0.19223	0.00699	0.00443	0.01071
4	0.01610	0.01716	0.08079	0.02192	0.02656	0.01449	0.26034	0.01955	0.01615	0.02198	0.02184	0.08090	0.02163	0.22609	0.02308	0.09647	0.01079	0.01113	0.00469	0.00833
5	0.01620	0.01169	0.01411	0.01353	0.01569	0.01223	0.01003	0.14752	0.02132	0.02876	0.07671	0.25455	0.03921	0.15063	0.09687	0.00537	0.00888	0.06096	0.00722	0.00850
6	0.02177	0.02155	0.02220	0.01794	0.02326	0.14528	0.06100	0.09820	0.06957	0.02875	0.02642	0.02796	0.10000	0.01068	0.00997	0.00232	0.07581	0.00821	0.00582	0.22327

[dist]
# distance from previous block
# <min> <max>
7	13

[block]
# block no. 3 follows, 21 sequences, length 15
# corresponding to MSA columns:
# 112-126
name=unknown_D
#
# <colnr> <probs for GDERKNQSTAVLIFYWHMCP>
#	G	D	E	R	K	N	Q	S	T	A	V	L	I	F	Y	W	H	M	C	P
0	0.02118	0.02890	0.16620	0.02797	0.15347	0.18802	0.05420	0.02605	0.01881	0.02374	0.01592	0.02092	0.01334	0.01834	0.12384	0.00453	0.07245	0.00714	0.00414	0.01085
1	0.09068	0.06550	0.09306	0.01762	0.02317	0.24527	0.01529	0.08019	0.02215	0.10388	0.01868	0.02066	0.01429	0.01276	0.05234	0.00311	0.01160	0.00654	0.09247	0.01075
2	0.20554	0.29081	0.07330	0.01699	0.02354	0.16437	0.04243	0.02799	0.01852	0.04961	0.01343	0.01536	0.01098	0.00793	0.00640	0.00224	0.01024	0.00529	0.00449	0.01055
3	0.02278	0.02254	0.02932	0.02784	0.15991	0.11829	0.13245	0.10679	0.02283	0.03041	0.04480	0.02152	0.01594	0.00816	0.00816	0.00223	0.01038	0.00745	0.00529	0.20292
4	0.02510	0.01951	0.02287	0.02080	0.07102	0.07508	0.01558	0.09900	0.09688	0.14749	0.02101	0.02305	0.01614	0.01384	0.04980	0.00335	0.17474	0.00763	0.00647	0.09064
5	0.01548	0.00959	0.01199	0.01159	0.01334	0.00928	0.00826	0.06587	0.01791	0.05981	0.07461	0.18335	0.15053	0.06969	0.01976	0.24510	0.00629	0.01391	0.00665	0.00696
6	0.18663	0.01429	0.04461	0.02074	0.14831	0.01357	0.01354	0.02002	0.01876	0.03035	0.17684	0.16576	0.03977	0.01500	0.00881	0.00288	0.00674	0.05729	0.00668	0.00942
7	0.23335	0.07317	0.06337	0.02882	0.24792	0.07122	0.01838	0.07828	0.02018	0.06847	0.01566	0.01824	0.01226	0.00817	0.00725	0.00250	0.00936	0.00634	0.00518	0.01189
8	0.09366	0.01573	0.01985	0.10214	0.12157	0.04478	0.01428	0.05995	0.02034	0.14944	0.09417	0.03229	0.02485	0.12306	0.01393	0.00348	0.00838	0.00898	0.00654	0.04257
9	0.02574	0.02840	0.02509	0.02784	0.17676	0.30059	0.01785	0.03569	0.21920	0.02730	0.02078	0.02203	0.01642	0.00938	0.00817	0.00250	0.01129	0.00733	0.00572	0.01191
10	0.02333	0.02485	0.02923	0.10169	0.07495	0.21121	0.15429	0.02770	0.02046	0.05054	0.01583	0.01947	0.01244	0.00776	0.00807	0.00224	0.01174	0.00694	0.00470	0.19255
11	0.02115	0.09344	0.12031	0.02977	0.18594	0.12830	0.09207	0.02684	0.04561	0.02466	0.01649	0.02094	0.01368	0.01495	0.08639	0.00386	0.05264	0.00731	0.00431	0.01133
12	0.15859	0.13203	0.09350	0.01425	0.01896	0.09710	0.01276	0.02104	0.01703	0.02427	0.02824	0.09926	0.11556	0.01515	0.01126	0.10937	0.00837	0.00948	0.00517	0.00862
13	0.18224	0.02599	0.02172	0.02130	0.09560	0.25803	0.01493	0.09172	0.02287	0.09405	0.04263	0.01977	0.01529	0.00900	0.00746	0.00238	0.01047	0.00648	0.00585	0.05222
14	0.01802	0.01645	0.02359	0.02794	0.23904	0.01696	0.01684	0.02358	0.07124	0.02768	0.09996	0.03091	0.07135	0.01116	0.01152	0.00255	0.11768	0.00901	0.00561	0.15894

[dist]
# distance from previous block
# <min> <max>
37	142

[block]
# block no. 4 follows, 21 sequences, length 45
# corresponding to MSA columns:
# 275-319
name=unknown_E
#
# <colnr> <probs for GDERKNQSTAVLIFYWHMCP>
#	G	D	E	R	K	N	Q	S	T	A	V	L	I	F	Y	W	H	M	C	P
0	0.02269	0.02354	0.03155	0.08561	0.35866	0.14183	0.08068	0.06093	0.02137	0.02723	0.01958	0.02355	0.04702	0.00874	0.00854	0.00254	0.01125	0.00799	0.00467	0.01203
1	0.02326	0.03227	0.17810	0.02188	0.02776	0.25403	0.05412	0.06950	0.02152	0.02582	0.05232	0.02346	0.04866	0.01073	0.01144	0.00269	0.11938	0.00761	0.00484	0.01062
2	0.01780	0.03891	0.50979	0.02707	0.03869	0.02019	0.17336	0.02703	0.01848	0.02703	0.01574	0.01918	0.01130	0.00786	0.00856	0.00274	0.01301	0.00720	0.00377	0.01231
3	0.27269	0.03130	0.02039	0.01820	0.02306	0.40308	0.01404	0.07651	0.02217	0.02911	0.01329	0.01524	0.01066	0.00859	0.00694	0.00237	0.01199	0.00536	0.00500	0.01001
4	0.02033	0.02146	0.07825	0.10694	0.55093	0.02007	0.02627	0.02578	0.01906	0.02719	0.01588	0.02099	0.01309	0.00770	0.00841	0.00257	0.01040	0.00749	0.00413	0.01305
5	0.01992	0.01990	0.03619	0.12299	0.36875	0.01971	0.17836	0.02551	0.01913	0.02690	0.01614	0.02149	0.01300	0.00749	0.00869	0.00256	0.01107	0.00802	0.00425	0.06992
6	0.03185	0.03876	0.02427	0.02167	0.02632	0.59783	0.01641	0.09700	0.02583	0.02436	0.01394	0.01589	0.01134	0.00893	0.00776	0.00223	0.01470	0.00572	0.00483	0.01036
7	0.01985	0.01898	0.03235	0.20473	0.50481	0.01990	0.02551	0.02506	0.01880	0.02633	0.01579	0.02146	0.01296	0.00781	0.00845	0.00260	0.01041	0.00758	0.00411	0.01250
8	0.01034	0.00752	0.00976	0.01156	0.01227	0.00694	0.00777	0.01188	0.01657	0.02184	0.05045	0.63999	0.10937	0.02620	0.01079	0.00340	0.00488	0.02363	0.00790	0.00694
9	0.01102	0.00856	0.01002	0.00986	0.01214	0.00756	0.00732	0.01401	0.02138	0.02817	0.34726	0.12088	0.33129	0.01998	0.01011	0.00283	0.00422	0.01723	0.00860	0.00756
10	0.01029	0.00862	0.00899	0.00922	0.01190	0.00732	0.00697	0.01251	0.01923	0.02306	0.08155	0.11816	0.57580	0.02196	0.01020	0.00297	0.00455	0.05160	0.00790	0.00721
11	0.02003	0.01991	0.03501	0.11301	0.40019	0.02109	0.12234	0.02507	0.01838	0.02607	0.01546	0.02122	0.01284	0.00861	0.01134	0.00278	0.10242	0.00797	0.00412	0.01215
12	0.01216	0.00912	0.01368	0.01368	0.01520	0.01064	0.01064	0.01520	0.01368	0.01976	0.02279	0.03343	0.02127	0.06382	0.66720	0.01368	0.02279	0.00912	0.00456	0.00760
13	0.01850	0.11514	0.33792	0.02355	0.03134	0.02351	0.07838	0.02486	0.01659	0.02419	0.01380	0.01809	0.01111	0.00995	0.01391	0.00291	0.21449	0.00676	0.00370	0.01129
14	0.01141	0.00865	0.01070	0.01157	0.01349	0.00794	0.00895	0.01417	0.01948	0.02517	0.15807	0.22929	0.25608	0.02260	0.01069	0.00325	0.00533	0.16763	0.00813	0.00743
15	0.28335	0.02305	0.07982	0.10880	0.18871	0.10628	0.01854	0.02702	0.04061	0.02999	0.01467	0.01806	0.01159	0.00816	0.00720	0.00259	0.00982	0.00620	0.00466	0.01090
16	0.03068	0.06064	0.02521	0.02016	0.02577	0.29979	0.01597	0.29126	0.08570	0.03651	0.01823	0.01898	0.01385	0.00959	0.00803	0.00240	0.01167	0.00677	0.00655	0.01226
17	0.01221	0.00947	0.01129	0.01139	0.01364	0.00901	0.00859	0.01715	0.07907	0.02814	0.26821	0.17844	0.22951	0.02019	0.01021	0.00300	0.00486	0.06902	0.00849	0.00810
18	0.02453	0.02582	0.02654	0.03137	0.26761	0.23962	0.01861	0.02824	0.02077	0.04653	0.01542	0.01858	0.01267	0.00779	0.00768	0.00212	0.01092	0.00630	0.00468	0.18420
19	0.14990	0.13455	0.02411	0.01724	0.02200	0.24383	0.01401	0.10476	0.02200	0.02815	0.02136	0.02294	0.07922	0.01050	0.00911	0.00247	0.07138	0.00699	0.00528	0.01019
20	0.01087	0.00841	0.00996	0.01047	0.01246	0.00750	0.00775	0.01340	0.01965	0.02533	0.19695	0.23812	0.31981	0.02210	0.01039	0.00306	0.00468	0.06350	0.00822	0.00735
21	0.01316	0.01008	0.01251	0.01332	0.01571	0.00990	0.01094	0.01847	0.07971	0.02655	0.11870	0.11735	0.19881	0.02138	0.01079	0.00340	0.00627	0.29665	0.00810	0.00819
22	0.01958	0.01933	0.01681	0.01583	0.01939	0.15380	0.01190	0.03103	0.28070	0.02826	0.07168	0.15197	0.11411	0.01524	0.00909	0.00282	0.00779	0.01270	0.00755	0.01043
23	0.01006	0.00862	0.00862	0.00862	0.01149	0.00718	0.00647	0.01221	0.01940	0.02299	0.08621	0.08190	0.64438	0.02155	0.01006	0.00287	0.00431	0.01796	0.00790	0.00718
24	0.01037	0.00741	0.00987	0.01185	0.01234	0.00691	0.00790	0.01185	0.01629	0.02172	0.04690	0.69537	0.05629	0.02666	0.01086	0.00346	0.00494	0.02419	0.00790	0.00691
25	0.02507	0.26222	0.03426	0.02630	0.16507	0.19746	0.04110	0.06114	0.06492	0.02518	0.01542	0.01779	0.01285	0.00820	0.00729	0.00223	0.01104	0.00622	0.00461	0.01161
26	0.02106	0.02022	0.03454	0.05223	0.64784	0.02022	0.02612	0.02612	0.01938	0.02780	0.01601	0.02106	0.01348	0.00758	0.00842	0.00253	0.01011	0.00758	0.00421	0.01348
27	0.01586	0.00793	0.00793	0.00793	0.00991	0.00793	0.00595	0.01983	0.01785	0.03173	0.02776	0.03173	0.02181	0.00991	0.00595	0.00198	0.00397	0.00793	0.74817	0.00793
28	0.01969	0.02372	0.09990	0.03766	0.18223	0.02056	0.40607	0.02644	0.01971	0.02721	0.01917	0.02413	0.03490	0.00785	0.00949	0.00277	0.01286	0.00941	0.00434	0.01189
29	0.02375	0.03296	0.40542	0.02337	0.05972	0.01770	0.05683	0.03129	0.02006	0.21536	0.02091	0.02168	0.01410	0.00875	0.00835	0.00268	0.01096	0.00723	0.00574	0.01313
30	0.01216	0.00912	0.01368	0.01368	0.01520	0.01064	0.01064	0.01520	0.01368	0.01976	0.02279	0.03343	0.02127	0.06382	0.66720	0.01368	0.02279	0.00912	0.00456	0.00760
31	0.02942	0.03640	0.02535	0.07635	0.09562	0.54693	0.01804	0.03219	0.02306	0.02165	0.01361	0.01653	0.01126	0.00862	0.00782	0.00228	0.01447	0.00587	0.00432	0.01022
32	0.01216	0.00912	0.01368	0.01368	0.01520	0.01064	0.01064	0.01520	0.01368	0.01976	0.02279	0.03343	0.02127	0.06382	0.66720	0.01368	0.02279	0.00912	0.00456	0.00760
33	0.01786	0.01705	0.08821	0.02478	0.20716	0.01382	0.01624	0.04488	0.02128	0.08488	0.14447	0.04647	0.21046	0.01377	0.00916	0.00268	0.00735	0.01190	0.00684	0.01074
34	0.03114	0.08817	0.02558	0.02140	0.02599	0.62146	0.01631	0.03337	0.02363	0.02077	0.01306	0.01523	0.01096	0.00866	0.00752	0.00217	0.01490	0.00541	0.00433	0.00994
35	0.14137	0.07079	0.01831	0.01479	0.01808	0.11951	0.01184	0.05384	0.01816	0.02697	0.05425	0.02561	0.01925	0.02662	0.21181	0.00591	0.06145	0.00748	0.08493	0.00903
36	0.02702	0.09111	0.02553	0.02295	0.09134	0.33131	0.01632	0.03586	0.19689	0.04921	0.02024	0.02100	0.01590	0.00937	0.00787	0.00241	0.01146	0.00692	0.00575	0.01155
37	0.01083	0.00774	0.01037	0.01219	0.01293	0.00729	0.00853	0.01272	0.01710	0.02285	0.08137	0.59423	0.05690	0.02578	0.01091	0.00346	0.00520	0.08455	0.00798	0.00708
38	0.01170	0.00827	0.01087	0.01146	0.01210	0.00861	0.00774	0.01312	0.01397	0.01911	0.03156	0.24079	0.03546	0.29404	0.23359	0.00855	0.01192	0.01488	0.00579	0.00647
39	0.14451	0.32771	0.28196	0.01784	0.02688	0.02571	0.02036	0.02599	0.01709	0.02582	0.01320	0.01539	0.01058	0.00770	0.00647	0.00230	0.01006	0.00525	0.00389	0.01129
40	0.02275	0.70604	0.04459	0.01456	0.02184	0.03367	0.01456	0.02548	0.01729	0.02002	0.01183	0.01365	0.01092	0.00728	0.00546	0.00182	0.00910	0.00455	0.00364	0.01092
41	0.01056	0.00875	0.00931	0.00949	0.01222	0.00751	0.00733	0.01300	0.01967	0.02384	0.11118	0.08245	0.55063	0.02154	0.01024	0.00298	0.00467	0.07937	0.00797	0.00730
42	0.01415	0.00860	0.00906	0.00897	0.01125	0.00842	0.00677	0.01831	0.04050	0.02886	0.06663	0.04600	0.18439	0.01712	0.05458	0.00311	0.00550	0.01095	0.44892	0.00792
43	0.02269	0.02782	0.09836	0.08312	0.03203	0.21747	0.13212	0.06891	0.02067	0.02498	0.01585	0.02072	0.01291	0.01601	0.09293	0.00406	0.08700	0.00745	0.00447	0.01042
44	0.02033	0.01929	0.05683	0.01795	0.06671	0.11741	0.01323	0.10024	0.04422	0.06191	0.10097	0.08528	0.08473	0.12040	0.04935	0.00409	0.00951	0.01115	0.00662	0.00979

[dist]
# distance from previous block
# <min> <max>
7	46

[block]
# block no. 5 follows, 21 sequences, length 49
# corresponding to MSA columns:
# 366-414
name=unknown_F
#
# <colnr> <probs for GDERKNQSTAVLIFYWHMCP>
#	G	D	E	R	K	N	Q	S	T	A	V	L	I	F	Y	W	H	M	C	P
0	0.02718	0.23646	0.11876	0.01941	0.02645	0.21402	0.01789	0.18812	0.02549	0.03027	0.01501	0.01657	0.01187	0.00862	0.00729	0.00225	0.01147	0.00590	0.00516	0.01180
1	0.01081	0.00807	0.00983	0.01057	0.01197	0.00733	0.00735	0.01291	0.01851	0.02438	0.18653	0.34897	0.21191	0.07474	0.01295	0.00350	0.00483	0.01974	0.00801	0.00709
2	0.02131	0.02266	0.06695	0.09426	0.48491	0.07107	0.02476	0.02751	0.05367	0.02718	0.01671	0.02116	0.01366	0.00800	0.00837	0.00255	0.01057	0.00746	0.00441	0.01284
3	0.06295	0.12152	0.05918	0.03080	0.24104	0.18877	0.01999	0.07896	0.02130	0.02713	0.01447	0.01782	0.01205	0.00865	0.00909	0.00245	0.06116	0.00641	0.00454	0.01171
4	0.01032	0.00760	0.00967	0.01133	0.01221	0.00696	0.00767	0.01191	0.01679	0.02193	0.05322	0.59676	0.15082	0.02584	0.01073	0.00336	0.00484	0.02319	0.00790	0.00696
5	0.01032	0.00817	0.00929	0.00998	0.01190	0.00714	0.00712	0.01236	0.01858	0.02334	0.11272	0.31039	0.38228	0.02316	0.01036	0.00308	0.00452	0.02011	0.00801	0.00714
6	0.02046	0.01961	0.08190	0.02116	0.07584	0.04518	0.08208	0.09472	0.12846	0.07931	0.03581	0.13987	0.11066	0.01387	0.00922	0.00284	0.00851	0.01220	0.00704	0.01127
7	0.01006	0.00862	0.00862	0.00862	0.01149	0.00718	0.00647	0.01221	0.01940	0.02299	0.08621	0.08190	0.64438	0.02155	0.01006	0.00287	0.00431	0.01796	0.00790	0.00718
8	0.02596	0.01771	0.01998	0.01671	0.02155	0.01890	0.01321	0.34369	0.06873	0.11029	0.03042	0.21658	0.02798	0.01507	0.00920	0.00284	0.00769	0.01265	0.00857	0.01223
9	0.02604	0.03092	0.02476	0.02391	0.07340	0.39707	0.01739	0.02833	0.02014	0.02132	0.01455	0.05193	0.01357	0.01137	0.01373	0.00273	0.20746	0.00718	0.00436	0.00984
10	0.10731	0.01768	0.01798	0.01509	0.01976	0.07152	0.01213	0.14398	0.04618	0.16588	0.03914	0.03793	0.18506	0.01341	0.01016	0.00275	0.06517	0.01016	0.00767	0.01106
11	0.01200	0.00809	0.00939	0.00976	0.00985	0.00800	0.00567	0.01228	0.01310	0.01747	0.03055	0.17462	0.03565	0.57556	0.03728	0.00736	0.00763	0.01457	0.00567	0.00548
12	0.01227	0.00908	0.00950	0.00913	0.01230	0.00760	0.00694	0.01452	0.01979	0.07267	0.08206	0.07773	0.59529	0.02068	0.00994	0.00285	0.00454	0.01722	0.00811	0.00776
13	0.02191	0.02182	0.03372	0.04985	0.59888	0.07114	0.02536	0.02674	0.01975	0.02725	0.01578	0.02061	0.01328	0.00768	0.00837	0.00250	0.01052	0.00742	0.00423	0.01320
14	0.01132	0.00761	0.00956	0.01098	0.01155	0.00725	0.00722	0.01283	0.01580	0.02195	0.04135	0.51259	0.04813	0.13936	0.01583	0.00411	0.00539	0.02037	0.09007	0.00673
15	0.02786	0.12817	0.02956	0.02844	0.18025	0.41782	0.01859	0.03084	0.02199	0.02245	0.01368	0.01653	0.01158	0.00827	0.00755	0.00222	0.01317	0.00587	0.00424	0.01091
16	0.01217	0.00906	0.01338	0.01338	0.01480	0.01048	0.01027	0.01501	0.01359	0.01954	0.02306	0.03492	0.02192	0.10640	0.62551	0.01331	0.02182	0.00934	0.00460	0.00744
17	0.01271	0.00923	0.01132	0.01102	0.01143	0.01000	0.00722	0.01348	0.01301	0.01770	0.02797	0.05034	0.05948	0.50348	0.14639	0.00854	0.06385	0.01172	0.00508	0.00600
18	0.03091	0.03909	0.02425	0.02195	0.02604	0.62394	0.01659	0.03308	0.02338	0.02080	0.01302	0.01557	0.01098	0.00918	0.00903	0.00229	0.06012	0.00561	0.00434	0.00983
19	0.01764	0.04001	0.53908	0.02420	0.06218	0.05956	0.02835	0.02623	0.01853	0.02630	0.02058	0.02282	0.05925	0.00913	0.00823	0.00267	0.01201	0.00719	0.00400	0.01204
20	0.19385	0.02704	0.14322	0.04903	0.12158	0.13017	0.01890	0.06334	0.11827	0.03132	0.01762	0.01957	0.01353	0.00877	0.00755	0.00260	0.01012	0.00662	0.00530	0.01160
21	0.01265	0.00952	0.01331	0.01306	0.01406	0.01102	0.00968	0.01478	0.01328	0.01892	0.02311	0.03850	0.02323	0.23396	0.45467	0.01153	0.06311	0.00989	0.00467	0.00705
22	0.01717	0.01642	0.01368	0.01313	0.01447	0.17239	0.00884	0.01820	0.01550	0.01810	0.02277	0.04208	0.02442	0.42652	0.13461	0.00762	0.01235	0.01014	0.00487	0.00672
23	0.02917	0.11249	0.02526	0.02012	0.02471	0.54726	0.01549	0.03142	0.02301	0.02090	0.01841	0.02008	0.05784	0.00955	0.00760	0.00220	0.01383	0.00630	0.00456	0.00979
24	0.01216	0.00912	0.01368	0.01368	0.01520	0.01064	0.01064	0.01520	0.01368	0.01976	0.02279	0.03343	0.02127	0.06382	0.66720	0.01368	0.02279	0.00912	0.00456	0.00760
25	0.01169	0.00891	0.01107	0.01203	0.01377	0.00823	0.00868	0.01473	0.04541	0.02339	0.05011	0.45549	0.14534	0.02332	0.01039	0.00322	0.00531	0.07863	0.00772	0.06257
26	0.01238	0.00825	0.00928	0.00928	0.00928	0.00825	0.00516	0.01238	0.01238	0.01650	0.02681	0.05569	0.03094	0.70092	0.04331	0.00825	0.00825	0.01238	0.00516	0.00516
27	0.01265	0.00889	0.01144	0.01250	0.01392	0.00866	0.00949	0.01513	0.04400	0.02233	0.04592	0.23471	0.13912	0.06967	0.01645	0.11637	0.00642	0.19829	0.00710	0.00694
28	0.01503	0.01371	0.06368	0.05941	0.01855	0.01382	0.01225	0.01803	0.01534	0.02332	0.06039	0.03543	0.02389	0.18906	0.09432	0.00537	0.15295	0.00939	0.16810	0.00796
29	0.01366	0.00866	0.01054	0.01094	0.01272	0.00780	0.00762	0.01533	0.01754	0.09191	0.05387	0.35626	0.21720	0.11729	0.01489	0.00387	0.00548	0.01902	0.00781	0.00759
30	0.01398	0.00975	0.01158	0.01254	0.01409	0.03556	0.00898	0.01598	0.01813	0.07738	0.07170	0.49030	0.09808	0.02349	0.01050	0.00329	0.00570	0.06312	0.00804	0.00783
31	0.02656	0.02768	0.02334	0.02414	0.12356	0.29615	0.01628	0.10946	0.12810	0.02996	0.01984	0.02154	0.01559	0.00937	0.00788	0.00239	0.01099	0.00708	0.08865	0.01144
32	0.01515	0.02297	0.23817	0.18517	0.06852	0.01546	0.02174	0.02111	0.01768	0.02439	0.02614	0.17398	0.02605	0.01425	0.00931	0.00305	0.00985	0.09184	0.00518	0.00999
33	0.01831	0.06798	0.02920	0.02171	0.02517	0.02074	0.16407	0.02207	0.01614	0.02421	0.01645	0.02252	0.01413	0.01495	0.06607	0.00374	0.27744	0.00797	0.12350	0.04363
34	0.01688	0.01327	0.01461	0.01316	0.01663	0.01379	0.01008	0.12061	0.16447	0.03316	0.18886	0.09574	0.19873	0.04783	0.01105	0.00306	0.00585	0.01390	0.00840	0.00992
35	0.01048	0.00823	0.00929	0.01004	0.01186	0.00727	0.00713	0.01231	0.01783	0.02218	0.06690	0.28845	0.37668	0.07365	0.01286	0.00351	0.00495	0.04173	0.00770	0.00697
36	0.02988	0.02250	0.02418	0.01877	0.02540	0.02461	0.01538	0.50435	0.11000	0.04947	0.02175	0.02159	0.01572	0.01008	0.00836	0.00250	0.00881	0.00770	0.00827	0.07069
37	0.03008	0.03698	0.02333	0.02118	0.02564	0.56311	0.01597	0.03579	0.12178	0.02320	0.01660	0.01798	0.01337	0.00922	0.00783	0.00230	0.01396	0.00615	0.00507	0.01044
38	0.06436	0.05676	0.06212	0.07245	0.06782	0.02263	0.07700	0.19983	0.15073	0.03582	0.02338	0.02488	0.04232	0.01026	0.00957	0.00273	0.05025	0.00831	0.00647	0.01232
39	0.02306	0.53681	0.08639	0.01662	0.02348	0.10281	0.01629	0.02621	0.01782	0.02066	0.01219	0.01449	0.01093	0.00802	0.00740	0.00205	0.05525	0.00498	0.00373	0.01082
40	0.01037	0.00741	0.00987	0.01185	0.01234	0.00691	0.00790	0.01185	0.01629	0.02172	0.04690	0.69537	0.05629	0.02666	0.01086	0.00346	0.00494	0.02419	0.00790	0.00691
41	0.01046	0.00864	0.00918	0.00905	0.01174	0.00736	0.00679	0.01300	0.02036	0.02526	0.20004	0.07815	0.52913	0.02070	0.01005	0.00283	0.00425	0.01744	0.00820	0.00736
42	0.02868	0.10550	0.02751	0.01896	0.02500	0.02645	0.01598	0.44017	0.03266	0.04399	0.01793	0.01923	0.01352	0.01025	0.01050	0.00255	0.09526	0.00712	0.00713	0.05160
43	0.01073	0.00843	0.00980	0.01062	0.01264	0.00750	0.00795	0.01300	0.01869	0.02337	0.08927	0.26271	0.36883	0.02317	0.01053	0.00318	0.00497	0.09943	0.00795	0.00723
44	0.01050	0.00755	0.00975	0.01145	0.01206	0.00703	0.00760	0.01191	0.01619	0.02141	0.04785	0.60794	0.09138	0.07778	0.01329	0.00379	0.00515	0.02290	0.00769	0.00680
45	0.06043	0.01055	0.01394	0.04748	0.01644	0.01233	0.01038	0.01624	0.01406	0.02146	0.02344	0.08362	0.02358	0.18154	0.28745	0.00850	0.08927	0.01029	0.06157	0.00744
46	0.01070	0.00865	0.00951	0.00929	0.01189	0.00746	0.00697	0.01345	0.02090	0.02657	0.26518	0.07601	0.46318	0.02022	0.01005	0.00281	0.00422	0.01713	0.00837	0.00746
47	0.01071	0.00781	0.00971	0.01107	0.01195	0.00724	0.00747	0.01218	0.01639	0.02134	0.05072	0.48159	0.15243	0.11958	0.01527	0.00404	0.00539	0.04083	0.00752	0.00675
48	0.02954	0.02294	0.02778	0.02770	0.18093	0.02486	0.01865	0.47191	0.03488	0.04721	0.01933	0.02059	0.01423	0.00956	0.00849	0.00255	0.00955	0.00764	0.00744	0.01423

[dist]
# distance from previous block
# <min> <max>
0	1

[block]
# block no. 6 follows, 21 sequences, length 53
# corresponding to MSA columns:
# 416-468
name=unknown_G
#
# <colnr> <probs for GDERKNQSTAVLIFYWHMCP>
#	G	D	E	R	K	N	Q	S	T	A	V	L	I	F	Y	W	H	M	C	P
0	0.03116	0.03837	0.02484	0.02367	0.06484	0.59127	0.01703	0.06587	0.02470	0.02307	0.01373	0.01598	0.01131	0.00878	0.00777	0.00223	0.01469	0.00573	0.00460	0.01034
1	0.04466	0.01480	0.12010	0.01274	0.01663	0.01012	0.01167	0.01671	0.02025	0.02845	0.28159	0.16358	0.19095	0.01791	0.00964	0.00285	0.00580	0.01544	0.00763	0.00847
2	0.02209	0.03114	0.20645	0.03618	0.30743	0.15823	0.02511	0.02770	0.01962	0.02565	0.01491	0.01883	0.01205	0.00840	0.00931	0.00257	0.05130	0.00676	0.00405	0.01221
3	0.02165	0.02233	0.03070	0.08097	0.42101	0.11944	0.04827	0.02700	0.04583	0.02634	0.02098	0.02482	0.05510	0.00889	0.00850	0.00255	0.01065	0.00813	0.00465	0.01217
4	0.01066	0.00815	0.00984	0.01077	0.01240	0.00732	0.00775	0.01285	0.01858	0.02393	0.13379	0.35785	0.27334	0.02348	0.01052	0.00318	0.00477	0.05554	0.00808	0.00720
5	0.02989	0.03586	0.02518	0.02522	0.10178	0.51493	0.01743	0.06606	0.05990	0.02435	0.01516	0.01728	0.01234	0.00887	0.00787	0.00229	0.01388	0.00610	0.00484	0.01077
6	0.02661	0.01918	0.01855	0.01646	0.02119	0.15204	0.01325	0.03230	0.09661	0.23402	0.03371	0.04341	0.05963	0.01350	0.00904	0.00279	0.00882	0.13636	0.00794	0.05458
7	0.01106	0.00803	0.01109	0.01221	0.01316	0.00806	0.00866	0.01327	0.01653	0.02270	0.11303	0.43915	0.04973	0.03560	0.18850	0.00613	0.00966	0.01904	0.00717	0.00723
8	0.02620	0.02582	0.02258	0.01942	0.02324	0.24203	0.01538	0.20127	0.02516	0.03100	0.01705	0.02068	0.01399	0.01718	0.09315	0.00398	0.13247	0.00708	0.05161	0.01073
9	0.02004	0.01015	0.01314	0.01179	0.01494	0.00981	0.00924	0.02352	0.01972	0.19609	0.13674	0.03917	0.05993	0.02512	0.16970	0.00519	0.00949	0.01013	0.20649	0.00959
10	0.01188	0.00816	0.01036	0.01126	0.01269	0.00740	0.00789	0.01397	0.01846	0.05342	0.14867	0.45612	0.16103	0.02353	0.01048	0.00319	0.00479	0.02097	0.00826	0.00749
11	0.01175	0.00781	0.00944	0.01039	0.01082	0.00758	0.00655	0.01284	0.01479	0.02048	0.03657	0.36120	0.04226	0.30982	0.02409	0.00534	0.00624	0.01763	0.07813	0.00627
12	0.01041	0.00787	0.00941	0.01059	0.01184	0.00710	0.00722	0.01201	0.01706	0.02178	0.05865	0.44455	0.25147	0.07274	0.01289	0.00360	0.00496	0.02127	0.00771	0.00688
13	0.01216	0.00912	0.01368	0.01368	0.01520	0.01064	0.01064	0.01520	0.01368	0.01976	0.02279	0.03343	0.02127	0.06382	0.66720	0.01368	0.02279	0.00912	0.00456	0.00760
14	0.01971	0.01884	0.03210	0.22233	0.48830	0.01986	0.02544	0.02493	0.01874	0.02616	0.01577	0.02150	0.01290	0.00783	0.00845	0.00261	0.01044	0.00758	0.00410	0.01239
15	0.01422	0.01066	0.01245	0.01187	0.01452	0.01032	0.00925	0.08798	0.02266	0.02984	0.23196	0.06889	0.23629	0.08479	0.01337	0.00348	0.00583	0.11524	0.00814	0.00824
16	0.03179	0.04056	0.02412	0.02192	0.02631	0.66676	0.01644	0.03398	0.02412	0.02083	0.01315	0.01535	0.01096	0.00877	0.00767	0.00219	0.01535	0.00548	0.00438	0.00987
17	0.01233	0.00842	0.01013	0.01013	0.01042	0.00871	0.00621	0.01292	0.01263	0.01713	0.02604	0.05140	0.02908	0.57816	0.16353	0.00930	0.01105	0.01175	0.00504	0.00563
18	0.01556	0.01000	0.01287	0.01342	0.01623	0.00932	0.01132	0.01886	0.02011	0.10123	0.05640	0.08347	0.22989	0.02132	0.01084	0.00344	0.00667	0.34240	0.00819	0.00844
19	0.01087	0.00827	0.00939	0.00977	0.01137	0.00745	0.00671	0.01264	0.01775	0.02268	0.13306	0.21583	0.30751	0.16776	0.01737	0.00414	0.00526	0.01789	0.00749	0.00679
20	0.01048	0.00774	0.00981	0.01119	0.01223	0.00707	0.00767	0.01232	0.01758	0.02315	0.11174	0.52891	0.15919	0.02489	0.01064	0.00328	0.00474	0.02227	0.00804	0.00707
21	0.01862	0.01862	0.02607	0.02234	0.02234	0.02607	0.01862	0.02048	0.01303	0.02048	0.01117	0.01862	0.01117	0.01489	0.02793	0.00372	0.68535	0.00745	0.00372	0.00931
22	0.01607	0.01513	0.02552	0.68047	0.05861	0.01891	0.02363	0.02174	0.01702	0.02174	0.01513	0.02269	0.01134	0.00851	0.00851	0.00284	0.01134	0.00756	0.00378	0.00945
23	0.01109	0.00811	0.01019	0.01157	0.01266	0.00758	0.00824	0.01290	0.01690	0.02191	0.05122	0.41176	0.15760	0.10738	0.01481	0.00401	0.00569	0.11194	0.00756	0.00689
24	0.01366	0.01118	0.01597	0.01512	0.01611	0.01387	0.01179	0.01606	0.01337	0.01952	0.02063	0.03276	0.02015	0.13027	0.44530	0.01074	0.17223	0.00913	0.00444	0.00769
25	0.03178	0.02355	0.02522	0.01947	0.02617	0.02613	0.01604	0.59026	0.07014	0.05272	0.02115	0.02101	0.01506	0.01028	0.00852	0.00257	0.00923	0.00776	0.00852	0.01442
26	0.01143	0.00785	0.00956	0.01050	0.01073	0.00762	0.00646	0.01213	0.01423	0.01897	0.03633	0.35855	0.04294	0.38169	0.02795	0.00598	0.00668	0.01797	0.00646	0.00599
27	0.03235	0.02384	0.02554	0.01958	0.02639	0.02639	0.01618	0.61946	0.04001	0.05363	0.02043	0.02043	0.01447	0.01022	0.00851	0.00255	0.00936	0.00766	0.00851	0.01447
28	0.01026	0.00782	0.00945	0.01075	0.01205	0.00701	0.00741	0.01197	0.01735	0.02216	0.06034	0.48570	0.25728	0.02492	0.01059	0.00326	0.00472	0.02206	0.00790	0.00701
29	0.01610	0.01514	0.01881	0.01735	0.01861	0.07438	0.01386	0.01866	0.01439	0.02010	0.01800	0.02680	0.01693	0.04233	0.39170	0.00928	0.24670	0.00823	0.00426	0.00838
30	0.02076	0.02714	0.12308	0.03319	0.04191	0.07885	0.49081	0.02782	0.02018	0.02665	0.01661	0.02166	0.01247	0.00743	0.00959	0.00279	0.01422	0.00917	0.00422	0.01147
31	0.01035	0.00749	0.00979	0.01162	0.01228	0.00693	0.00780	0.01188	0.01651	0.02181	0.04969	0.65189	0.09796	0.02630	0.01081	0.00341	0.00489	0.02375	0.00790	0.00693
32	0.01412	0.01200	0.01744	0.01631	0.01737	0.01532	0.01306	0.01680	0.01348	0.01998	0.01926	0.02893	0.01821	0.04897	0.47307	0.01065	0.22400	0.00861	0.00431	0.00812
33	0.02992	0.03701	0.02593	0.02721	0.13468	0.55402	0.01813	0.03261	0.02329	0.02204	0.01365	0.01634	0.01140	0.00856	0.00780	0.00225	0.01443	0.00585	0.00435	0.01050
34	0.01098	0.00851	0.01000	0.00994	0.01214	0.00753	0.00734	0.01388	0.02110	0.02778	0.32887	0.14849	0.32220	0.02033	0.01015	0.00286	0.00426	0.01758	0.00855	0.00753
35	0.01037	0.00741	0.00987	0.01185	0.01234	0.00691	0.00790	0.01185	0.01629	0.02172	0.04690	0.69537	0.05629	0.02666	0.01086	0.00346	0.00494	0.02419	0.00790	0.00691
36	0.03189	0.03764	0.02436	0.02152	0.02632	0.55510	0.01640	0.13607	0.02689	0.02655	0.01442	0.01623	0.01157	0.00902	0.00782	0.00226	0.01430	0.00586	0.00510	0.01067
37	0.06916	0.01267	0.01494	0.01243	0.01650	0.01227	0.00960	0.08508	0.02124	0.28129	0.02826	0.03359	0.02201	0.15735	0.01517	0.00367	0.00687	0.00891	0.17829	0.01068
38	0.01216	0.00912	0.01368	0.01368	0.01520	0.01064	0.01064	0.01520	0.01368	0.01976	0.02279	0.03343	0.02127	0.06382	0.66720	0.01368	0.02279	0.00912	0.00456	0.00760
39	0.01497	0.01029	0.01590	0.01490	0.01734	0.00941	0.08253	0.01743	0.01803	0.10085	0.04514	0.47615	0.09909	0.02183	0.01040	0.00323	0.00631	0.01998	0.00779	0.00843
40	0.02160	0.02180	0.03585	0.04835	0.53498	0.05999	0.09875	0.02674	0.01976	0.02731	0.01598	0.02095	0.01326	0.00760	0.00858	0.00255	0.01096	0.00776	0.00423	0.01301
41	0.01121	0.00883	0.01029	0.01095	0.01330	0.00792	0.00865	0.01391	0.01950	0.02433	0.11116	0.13909	0.39234	0.02224	0.01058	0.00319	0.00529	0.17184	0.00799	0.00739
42	0.01956	0.02203	0.09570	0.01731	0.02088	0.15424	0.01506	0.05049	0.01831	0.02473	0.01880	0.02446	0.01600	0.02536	0.19562	0.00569	0.11949	0.00745	0.13948	0.00934
43	0.01992	0.01906	0.03248	0.19561	0.51336	0.01992	0.02555	0.02512	0.01884	0.02642	0.01581	0.02143	0.01299	0.00779	0.00844	0.00260	0.01039	0.00758	0.00411	0.01256
44	0.02019	0.02099	0.02363	0.20298	0.03334	0.16009	0.05433	0.02759	0.12511	0.02384	0.01920	0.02418	0.01563	0.01927	0.12534	0.00468	0.07677	0.00788	0.00493	0.01003
45	0.01084	0.00844	0.00989	0.01026	0.01234	0.00749	0.00759	0.01343	0.01995	0.02574	0.21976	0.21205	0.33666	0.02170	0.01032	0.00301	0.00457	0.05032	0.00828	0.00738
46	0.02728	0.22469	0.02836	0.01639	0.02265	0.08651	0.01405	0.24823	0.02701	0.07922	0.01853	0.01951	0.01418	0.00896	0.00713	0.00217	0.00898	0.00646	0.08161	0.05809
