[name]
unknown

[dist]
# distance from previous block
# <min> <max>
0	60

[block]
# block no. 0 follows, 22 sequences, length 24
# corresponding to MSA columns:
# 60-83
name=unknown_A
#
# <colnr> <probs for GDERKNQSTAVLIFYWHMCP>
#	G	D	E	R	K	N	Q	S	T	A	V	L	I	F	Y	W	H	M	C	P
0	0.01008	0.00850	0.00878	0.00892	0.01166	0.00720	0.00683	0.01231	0.01895	0.02262	0.08120	0.08096	0.60835	0.02118	0.00994	0.00288	0.00446	0.06039	0.00771	0.00706
1	0.01961	0.02241	0.04902	0.03501	0.04342	0.02101	0.62605	0.02661	0.01961	0.02661	0.01681	0.02241	0.01261	0.00700	0.00980	0.00280	0.01401	0.00980	0.00420	0.01120
2	0.03727	0.01414	0.01928	0.01478	0.02121	0.01221	0.01221	0.04049	0.02378	0.66198	0.03277	0.02828	0.02056	0.01028	0.00835	0.00257	0.00707	0.00835	0.01028	0.01414
3	0.02221	0.71304	0.04353	0.01421	0.02132	0.03287	0.01421	0.02488	0.01688	0.01955	0.01155	0.01333	0.01066	0.00711	0.00533	0.00178	0.00888	0.00444	0.00355	0.01066
4	0.01208	0.00805	0.00906	0.00906	0.00906	0.00805	0.00503	0.01208	0.01208	0.01611	0.02618	0.05436	0.03020	0.70804	0.04228	0.00805	0.00805	0.01208	0.00503	0.00503
5	0.03158	0.02327	0.02493	0.01911	0.02576	0.02576	0.01579	0.62852	0.03906	0.05236	0.01995	0.01995	0.01413	0.00997	0.00831	0.00249	0.00914	0.00748	0.00831	0.01413
6	0.01897	0.32134	0.40683	0.01975	0.02988	0.02493	0.02385	0.02571	0.01727	0.02350	0.01351	0.01579	0.01058	0.00757	0.00683	0.00228	0.01087	0.00543	0.00353	0.01161
7	0.01204	0.00810	0.00929	0.00922	0.00944	0.00803	0.00535	0.01249	0.01337	0.01805	0.09675	0.05523	0.03564	0.63010	0.03862	0.00744	0.00759	0.01241	0.00550	0.00535
8	0.01012	0.00723	0.00964	0.01157	0.01205	0.00675	0.00771	0.01157	0.01591	0.02121	0.04579	0.70262	0.05495	0.02603	0.01060	0.00337	0.00482	0.02362	0.00771	0.00675
9	0.02223	0.06500	0.01792	0.01339	0.01798	0.01468	0.01096	0.16419	0.02543	0.16852	0.16201	0.04701	0.18365	0.01441	0.00889	0.00261	0.00640	0.03568	0.00837	0.01066
10	0.01666	0.04297	0.66500	0.02368	0.03596	0.01929	0.03069	0.02631	0.01754	0.02631	0.01491	0.01754	0.01052	0.00789	0.00789	0.00263	0.01228	0.00614	0.00351	0.01228
11	0.01666	0.04297	0.66500	0.02368	0.03596	0.01929	0.03069	0.02631	0.01754	0.02631	0.01491	0.01754	0.01052	0.00789	0.00789	0.00263	0.01228	0.00614	0.00351	0.01228
12	0.02261	0.02362	0.03173	0.04521	0.53307	0.14766	0.02365	0.02699	0.01982	0.02581	0.01508	0.01947	0.01268	0.00763	0.00808	0.00240	0.01087	0.00700	0.00415	0.01247
13	0.03103	0.03959	0.02354	0.02140	0.02568	0.67469	0.01605	0.03317	0.02354	0.02033	0.01284	0.01498	0.01070	0.00856	0.00749	0.00214	0.01498	0.00535	0.00428	0.00963
14	0.00982	0.00842	0.00842	0.00842	0.01122	0.00701	0.00631	0.01192	0.01894	0.02244	0.08416	0.07995	0.65285	0.02104	0.00982	0.00281	0.00421	0.01753	0.00771	0.00701
15	0.01005	0.00836	0.00878	0.00880	0.01140	0.00709	0.00655	0.01233	0.01930	0.02361	0.14625	0.10940	0.55784	0.02083	0.00986	0.00281	0.00421	0.01756	0.00788	0.00709
16	0.08558	0.02458	0.02384	0.01877	0.02504	0.09843	0.01532	0.51694	0.03548	0.04763	0.01853	0.01891	0.01336	0.00965	0.00798	0.00246	0.00960	0.00702	0.00762	0.01324
17	0.02654	0.29521	0.03064	0.01754	0.02321	0.28684	0.01476	0.12338	0.02318	0.02523	0.01743	0.01873	0.04683	0.00892	0.00692	0.00209	0.01110	0.00601	0.00483	0.01060
18	0.01893	0.31746	0.41042	0.01980	0.02996	0.02486	0.02394	0.02572	0.01727	0.02354	0.01353	0.01581	0.01058	0.00757	0.00684	0.00228	0.01089	0.00544	0.00353	0.01162
19	0.01935	0.01846	0.03087	0.04619	0.58347	0.01830	0.02333	0.02396	0.01892	0.02661	0.02336	0.02726	0.08531	0.00894	0.00840	0.00251	0.00923	0.00854	0.00452	0.01247
20	0.01010	0.00777	0.00925	0.01027	0.01175	0.00692	0.00717	0.01195	0.01755	0.02242	0.09726	0.42120	0.28954	0.02354	0.01025	0.00311	0.00453	0.02073	0.00780	0.00692
21	0.05745	0.00980	0.01216	0.01094	0.01388	0.00904	0.00843	0.01968	0.02252	0.13219	0.45395	0.05601	0.13015	0.01586	0.00931	0.00263	0.00459	0.01366	0.00894	0.00881
22	0.02719	0.03126	0.02739	0.03222	0.25912	0.39314	0.01953	0.06619	0.02276	0.02478	0.01430	0.01735	0.01182	0.00822	0.00781	0.00228	0.01274	0.00624	0.00446	0.01121
23	0.02280	0.02682	0.25870	0.02326	0.03243	0.01704	0.18732	0.02942	0.01967	0.18892	0.01998	0.02159	0.01386	0.00807	0.00834	0.00251	0.01074	0.00758	0.00559	0.09538

[dist]
# distance from previous block
# <min> <max>
0	1

[block]
# block no. 1 follows, 22 sequences, length 17
# corresponding to MSA columns:
# 85-101
name=unknown_B
#
# <colnr> <probs for GDERKNQSTAVLIFYWHMCP>
#	G	D	E	R	K	N	Q	S	T	A	V	L	I	F	Y	W	H	M	C	P
0	0.18950	0.15245	0.40815	0.01912	0.02887	0.02149	0.02288	0.02563	0.01665	0.02765	0.01356	0.01589	0.01020	0.00772	0.00682	0.00247	0.01035	0.00547	0.00389	0.01125
1	0.45634	0.02720	0.28234	0.01620	0.02430	0.01891	0.01798	0.02520	0.01555	0.03274	0.01295	0.01517	0.00963	0.00779	0.00628	0.00260	0.00885	0.00518	0.00447	0.01035
2	0.14221	0.06605	0.02317	0.01889	0.02402	0.38478	0.01483	0.17646	0.02556	0.03066	0.01431	0.01588	0.01128	0.00870	0.00723	0.00227	0.01195	0.00569	0.00536	0.01068
3	0.13530	0.01110	0.01061	0.01011	0.01359	0.01098	0.00779	0.01885	0.11246	0.02673	0.06465	0.06166	0.45242	0.01738	0.00885	0.00277	0.00493	0.01417	0.00741	0.00827
4	0.01208	0.00805	0.00906	0.00906	0.00906	0.00805	0.00503	0.01208	0.01208	0.01611	0.02618	0.05436	0.03020	0.70804	0.04228	0.00805	0.00805	0.01208	0.00503	0.00503
5	0.03040	0.03839	0.02416	0.02320	0.06404	0.63485	0.01663	0.03271	0.02326	0.02075	0.01301	0.01532	0.01085	0.00849	0.00754	0.00216	0.01467	0.00548	0.00427	0.00985
6	0.01067	0.00819	0.00989	0.01077	0.01255	0.00740	0.00803	0.01301	0.01841	0.02356	0.12640	0.29591	0.29156	0.02262	0.01034	0.00314	0.00491	0.10769	0.00786	0.00711
7	0.01939	0.02177	0.04545	0.03301	0.04014	0.02168	0.53393	0.02561	0.01856	0.02561	0.01591	0.02177	0.01235	0.00815	0.01245	0.00293	0.11688	0.00942	0.00412	0.01088
8	0.02056	0.01974	0.03372	0.05099	0.65622	0.01974	0.02550	0.02550	0.01892	0.02714	0.01563	0.02056	0.01316	0.00740	0.00822	0.00247	0.00987	0.00740	0.00411	0.01316
9	0.02288	0.02456	0.03013	0.10595	0.42832	0.19493	0.02273	0.02713	0.01993	0.02473	0.01480	0.01922	0.01230	0.00780	0.00804	0.00241	0.01136	0.00685	0.00412	0.01183
10	0.01939	0.02177	0.04545	0.03301	0.04014	0.02168	0.53393	0.02561	0.01856	0.02561	0.01591	0.02177	0.01235	0.00815	0.01245	0.00293	0.11688	0.00942	0.00412	0.01088
11	0.01261	0.00792	0.00908	0.00933	0.00993	0.00794	0.00588	0.01387	0.01391	0.02043	0.02875	0.13310	0.03084	0.41757	0.06635	0.00632	0.00748	0.01240	0.18025	0.00603
12	0.01427	0.01132	0.01268	0.01255	0.01515	0.01158	0.00924	0.07340	0.15724	0.02730	0.05140	0.32239	0.20916	0.01997	0.00971	0.00302	0.00542	0.01737	0.00793	0.00889
13	0.01923	0.02129	0.04280	0.03153	0.03772	0.02218	0.46573	0.02487	0.01779	0.02487	0.01525	0.02129	0.01216	0.00899	0.01441	0.00302	0.19304	0.00914	0.00405	0.01065
14	0.01992	0.01956	0.03105	0.20407	0.47810	0.05344	0.02442	0.02486	0.01860	0.02535	0.01527	0.02066	0.01253	0.00768	0.00821	0.00252	0.01043	0.00729	0.00402	0.01202
15	0.08689	0.15005	0.31796	0.02491	0.06144	0.02202	0.17236	0.02593	0.01769	0.02625	0.01452	0.01778	0.01104	0.00750	0.00769	0.00251	0.01148	0.00666	0.00386	0.01147
16	0.01936	0.01906	0.02292	0.12800	0.20544	0.11649	0.01809	0.02658	0.12112	0.02570	0.02826	0.03889	0.07009	0.01209	0.00885	0.00278	0.00947	0.11053	0.00567	0.01060

[dist]
# distance from previous block
# <min> <max>
1	5

[block]
# block no. 2 follows, 22 sequences, length 91
# corresponding to MSA columns:
# 107-197
name=unknown_C
#
# <colnr> <probs for GDERKNQSTAVLIFYWHMCP>
#	G	D	E	R	K	N	Q	S	T	A	V	L	I	F	Y	W	H	M	C	P
0	0.01575	0.01295	0.01418	0.01366	0.01678	0.01389	0.01023	0.05390	0.29787	0.02893	0.04706	0.24442	0.16135	0.01768	0.00938	0.00297	0.00568	0.01528	0.00807	0.01000
1	0.01671	0.01471	0.01474	0.01377	0.01731	0.05532	0.01041	0.05652	0.25295	0.02838	0.04658	0.17814	0.19416	0.01637	0.00908	0.00280	0.00624	0.01387	0.00768	0.04427
2	0.01805	0.03914	0.56793	0.02360	0.03475	0.01928	0.05633	0.02682	0.01775	0.06227	0.01581	0.01841	0.01121	0.00832	0.00898	0.00269	0.04608	0.00649	0.00393	0.01217
3	0.01600	0.01508	0.02547	0.64789	0.09500	0.01854	0.02322	0.02149	0.01676	0.02160	0.01482	0.02205	0.01121	0.00825	0.00830	0.00275	0.01100	0.00738	0.00372	0.00948
4	0.01666	0.04297	0.66500	0.02368	0.03596	0.01929	0.03069	0.02631	0.01754	0.02631	0.01491	0.01754	0.01052	0.00789	0.00789	0.00263	0.01228	0.00614	0.00351	0.01228
5	0.02057	0.01963	0.03287	0.04905	0.62002	0.01979	0.02479	0.02656	0.05442	0.02757	0.01666	0.02116	0.01386	0.00762	0.00824	0.00249	0.00968	0.00752	0.00436	0.01316
6	0.01187	0.00890	0.01335	0.01335	0.01483	0.01038	0.01038	0.01483	0.01335	0.01928	0.02225	0.03264	0.02077	0.06231	0.67512	0.01335	0.02225	0.00890	0.00445	0.00742
7	0.01176	0.00849	0.01110	0.01045	0.01241	0.00784	0.00784	0.01568	0.02352	0.03331	0.65184	0.06206	0.07839	0.01698	0.00980	0.00261	0.00392	0.01502	0.00914	0.00784
8	0.01345	0.01123	0.01638	0.01547	0.01658	0.01416	0.01234	0.01613	0.01319	0.01946	0.01941	0.02901	0.01829	0.05033	0.51264	0.01091	0.19044	0.00849	0.00425	0.00784
9	0.01666	0.04297	0.66500	0.02368	0.03596	0.01929	0.03069	0.02631	0.01754	0.02631	0.01491	0.01754	0.01052	0.00789	0.00789	0.00263	0.01228	0.00614	0.00351	0.01228
10	0.00982	0.00842	0.00842	0.00842	0.01122	0.00701	0.00631	0.01192	0.01894	0.02244	0.08416	0.07995	0.65285	0.02104	0.00982	0.00281	0.00421	0.01753	0.00771	0.00701
11	0.02221	0.71304	0.04353	0.01421	0.02132	0.03287	0.01421	0.02488	0.01688	0.01955	0.01155	0.01333	0.01066	0.00711	0.00533	0.00178	0.00888	0.00444	0.00355	0.01066
12	0.01686	0.01623	0.02291	0.02004	0.02035	0.02229	0.01654	0.01891	0.01285	0.01984	0.01328	0.02120	0.01297	0.02454	0.16284	0.00567	0.55251	0.00761	0.00381	0.00874
13	0.01012	0.00723	0.00964	0.01157	0.01205	0.00675	0.00771	0.01157	0.01591	0.02121	0.04579	0.70262	0.05495	0.02603	0.01060	0.00337	0.00482	0.02362	0.00771	0.00675
14	0.01443	0.00722	0.01082	0.01082	0.01082	0.00722	0.00722	0.01082	0.01082	0.01443	0.01443	0.02525	0.01443	0.02886	0.03247	0.75830	0.00722	0.00722	0.00361	0.00361
15	0.08329	0.01426	0.01883	0.01454	0.02088	0.01262	0.01201	0.03947	0.02317	0.62257	0.03144	0.02734	0.01983	0.01012	0.00815	0.00257	0.00703	0.00811	0.00996	0.01381
16	0.01187	0.00890	0.01335	0.01335	0.01483	0.01038	0.01038	0.01483	0.01335	0.01928	0.02225	0.03264	0.02077	0.06231	0.67512	0.01335	0.02225	0.00890	0.00445	0.00742
17	0.01177	0.00904	0.01113	0.01218	0.01449	0.00841	0.01018	0.01481	0.01904	0.02376	0.06220	0.08747	0.32221	0.02208	0.01072	0.00336	0.00609	0.33600	0.00768	0.00736
18	0.01666	0.04297	0.66500	0.02368	0.03596	0.01929	0.03069	0.02631	0.01754	0.02631	0.01491	0.01754	0.01052	0.00789	0.00789	0.00263	0.01228	0.00614	0.00351	0.01228
19	0.01443	0.00722	0.01082	0.01082	0.01082	0.00722	0.00722	0.01082	0.01082	0.01443	0.01443	0.02525	0.01443	0.02886	0.03247	0.75830	0.00722	0.00722	0.00361	0.00361
20	0.01818	0.01818	0.02545	0.02181	0.02181	0.02545	0.01818	0.01999	0.01272	0.01999	0.01091	0.01818	0.01091	0.01454	0.02726	0.00364	0.69284	0.00727	0.00364	0.00909
21	0.01187	0.00890	0.01335	0.01335	0.01483	0.01038	0.01038	0.01483	0.01335	0.01928	0.02225	0.03264	0.02077	0.06231	0.67512	0.01335	0.02225	0.00890	0.00445	0.00742
22	0.03115	0.03618	0.02383	0.02092	0.02570	0.53890	0.01600	0.15776	0.02679	0.02703	0.01433	0.01602	0.01142	0.00886	0.00766	0.00221	0.01376	0.00580	0.00512	0.01057
23	0.01208	0.00805	0.00906	0.00906	0.00906	0.00805	0.00503	0.01208	0.01208	0.01611	0.02618	0.05436	0.03020	0.70804	0.04228	0.00805	0.00805	0.01208	0.00503	0.00503
24	0.01691	0.04124	0.61304	0.02463	0.03658	0.01944	0.08091	0.02633	0.01771	0.02633	0.01507	0.01795	0.01070	0.00782	0.00805	0.00265	0.01242	0.00645	0.00357	0.01219
25	0.02221	0.71304	0.04353	0.01421	0.02132	0.03287	0.01421	0.02488	0.01688	0.01955	0.01155	0.01333	0.01066	0.00711	0.00533	0.00178	0.00888	0.00444	0.00355	0.01066
26	0.01666	0.04297	0.66500	0.02368	0.03596	0.01929	0.03069	0.02631	0.01754	0.02631	0.01491	0.01754	0.01052	0.00789	0.00789	0.00263	0.01228	0.00614	0.00351	0.01228
27	0.00982	0.00842	0.00842	0.00842	0.01122	0.00701	0.00631	0.01192	0.01894	0.02244	0.08416	0.07995	0.65285	0.02104	0.00982	0.00281	0.00421	0.01753	0.00771	0.00701
28	0.01957	0.01873	0.03193	0.18045	0.53450	0.01948	0.02500	0.02463	0.01845	0.02594	0.01545	0.02088	0.01274	0.00759	0.00824	0.00253	0.01011	0.00740	0.00403	0.01236
29	0.01143	0.00824	0.01081	0.01068	0.01234	0.00762	0.00781	0.01484	0.02197	0.03085	0.52869	0.19222	0.07362	0.01882	0.00996	0.00277	0.00410	0.01677	0.00885	0.00762
30	0.01961	0.02241	0.04902	0.03501	0.04342	0.02101	0.62605	0.02661	0.01961	0.02661	0.01681	0.02241	0.01261	0.00700	0.00980	0.00280	0.01401	0.00980	0.00420	0.01120
31	0.01976	0.01892	0.03228	0.15542	0.55803	0.01953	0.02510	0.02480	0.01854	0.02617	0.01549	0.02082	0.01282	0.00755	0.00824	0.00252	0.01007	0.00740	0.00404	0.01251
32	0.03117	0.03550	0.02389	0.02083	0.02570	0.51194	0.01599	0.18249	0.02743	0.02836	0.01462	0.01623	0.01156	0.00891	0.00770	0.00223	0.01352	0.00588	0.00529	0.01076
33	0.01024	0.00758	0.00960	0.01115	0.01216	0.00695	0.00774	0.01193	0.01666	0.02164	0.05313	0.54977	0.17041	0.02490	0.01050	0.00329	0.00485	0.05294	0.00771	0.00685
34	0.01120	0.00847	0.01033	0.00986	0.01207	0.00760	0.00740	0.01459	0.02219	0.03017	0.48760	0.06723	0.24459	0.01816	0.00980	0.00267	0.00400	0.01575	0.00873	0.00760
35	0.02622	0.02254	0.06679	0.02801	0.20789	0.02256	0.01897	0.36136	0.05914	0.04163	0.01935	0.02098	0.01447	0.00915	0.00815	0.00248	0.00919	0.00747	0.04024	0.01340
36	0.02456	0.53371	0.03821	0.01613	0.02248	0.20378	0.01470	0.02709	0.01865	0.01975	0.01189	0.01377	0.01067	0.00749	0.00591	0.00187	0.01051	0.00468	0.00375	0.01039
37	0.01066	0.00838	0.00963	0.00945	0.01177	0.00735	0.00704	0.01350	0.02073	0.02701	0.32401	0.10563	0.37607	0.01958	0.00985	0.00275	0.00412	0.01679	0.00832	0.00735
38	0.25446	0.03245	0.02010	0.01822	0.02276	0.47545	0.01391	0.03051	0.02069	0.02548	0.01245	0.01453	0.01018	0.00830	0.00678	0.00227	0.01238	0.00509	0.00454	0.00944
39	0.02110	0.02050	0.03138	0.04534	0.54704	0.05260	0.02351	0.02816	0.09530	0.02773	0.01771	0.02156	0.01453	0.00793	0.00822	0.00249	0.00972	0.00754	0.00465	0.01298
40	0.01012	0.00723	0.00964	0.01157	0.01205	0.00675	0.00771	0.01157	0.01591	0.02121	0.04579	0.70262	0.05495	0.02603	0.01060	0.00337	0.00482	0.02362	0.00771	0.00675
41	0.01816	0.01729	0.02938	0.36489	0.36109	0.01911	0.02430	0.02339	0.01778	0.02423	0.01520	0.02134	0.01213	0.00785	0.00826	0.00262	0.01046	0.00739	0.00390	0.01122
42	0.02056	0.01974	0.03372	0.05099	0.65622	0.01974	0.02550	0.02550	0.01892	0.02714	0.01563	0.02056	0.01316	0.00740	0.00822	0.00247	0.00987	0.00740	0.00411	0.01316
43	0.01145	0.00848	0.01068	0.01013	0.01222	0.00771	0.00760	0.01508	0.02279	0.03159	0.56160	0.06490	0.16970	0.01763	0.00980	0.00264	0.00397	0.01542	0.00892	0.00771
44	0.01723	0.01477	0.01723	0.01230	0.01969	0.01107	0.00984	0.02092	0.01723	0.02707	0.01477	0.01723	0.01230	0.00615	0.00615	0.00123	0.00615	0.00492	0.00492	0.75883
45	0.01869	0.01783	0.03034	0.29547	0.42635	0.01925	0.02457	0.02386	0.01803	0.02487	0.01530	0.02117	0.01236	0.00775	0.00826	0.00258	0.01033	0.00739	0.00395	0.01165
46	0.01029	0.00735	0.00984	0.01176	0.01232	0.00690	0.00801	0.01187	0.01608	0.02140	0.04569	0.67042	0.05457	0.02586	0.01065	0.00340	0.00497	0.05412	0.00771	0.00680
47	0.01191	0.00872	0.01245	0.01245	0.01363	0.00990	0.00926	0.01426	0.01309	0.01862	0.02307	0.03718	0.02274	0.19743	0.54269	0.01224	0.01928	0.00957	0.00457	0.00692
48	0.01176	0.00849	0.01110	0.01045	0.01241	0.00784	0.00784	0.01568	0.02352	0.03331	0.65184	0.06206	0.07839	0.01698	0.00980	0.00261	0.00392	0.01502	0.00914	0.00784
49	0.03158	0.02327	0.02493	0.01911	0.02576	0.02576	0.01579	0.62852	0.03906	0.05236	0.01995	0.01995	0.01413	0.00997	0.00831	0.00249	0.00914	0.00748	0.00831	0.01413
50	0.03727	0.01414	0.01928	0.01478	0.02121	0.01221	0.01221	0.04049	0.02378	0.66198	0.03277	0.02828	0.02056	0.01028	0.00835	0.00257	0.00707	0.00835	0.01028	0.01414
51	0.01818	0.01818	0.02545	0.02181	0.02181	0.02545	0.01818	0.01999	0.01272	0.01999	0.01091	0.01818	0.01091	0.01454	0.02726	0.00364	0.69284	0.00727	0.00364	0.00909
52	0.00982	0.00842	0.00842	0.00842	0.01122	0.00701	0.00631	0.01192	0.01894	0.02244	0.08416	0.07995	0.65285	0.02104	0.00982	0.00281	0.00421	0.01753	0.00771	0.00701
53	0.00982	0.00842	0.00842	0.00842	0.01122	0.00701	0.00631	0.01192	0.01894	0.02244	0.08416	0.07995	0.65285	0.02104	0.00982	0.00281	0.00421	0.01753	0.00771	0.00701
54	0.01871	0.29000	0.43589	0.02019	0.03056	0.02430	0.02462	0.02578	0.01730	0.02382	0.01367	0.01599	0.01057	0.00760	0.00695	0.00232	0.01103	0.00551	0.00352	0.01168
55	0.76672	0.01607	0.01221	0.01092	0.01607	0.01864	0.00900	0.02442	0.01414	0.03727	0.01157	0.01350	0.00900	0.00771	0.00514	0.00257	0.00643	0.00450	0.00514	0.00900
56	0.01331	0.00945	0.01134	0.01117	0.01386	0.00870	0.00885	0.01731	0.04849	0.06695	0.23381	0.07212	0.29783	0.01914	0.00999	0.00294	0.00510	0.13320	0.00831	0.00810
57	0.00994	0.00842	0.00859	0.00854	0.01130	0.00707	0.00641	0.01216	0.01922	0.02313	0.11997	0.07882	0.61661	0.02078	0.00982	0.00279	0.00419	0.01737	0.00780	0.00707
58	0.02786	0.03431	0.02401	0.02150	0.02473	0.51456	0.01658	0.02992	0.02087	0.02025	0.01236	0.01577	0.01075	0.01004	0.01237	0.00251	0.18217	0.00582	0.00412	0.00950
59	0.01666	0.04297	0.66500	0.02368	0.03596	0.01929	0.03069	0.02631	0.01754	0.02631	0.01491	0.01754	0.01052	0.00789	0.00789	0.00263	0.01228	0.00614	0.00351	0.01228
60	0.01339	0.00956	0.01339	0.01530	0.01721	0.00956	0.01339	0.01721	0.01912	0.02486	0.04399	0.09371	0.04781	0.02295	0.01147	0.00382	0.00765	0.60031	0.00765	0.00765
61	0.02764	0.01968	0.02175	0.01652	0.02314	0.02012	0.01354	0.39861	0.03128	0.09372	0.01994	0.02038	0.01448	0.00900	0.00765	0.00215	0.00798	0.00690	0.03958	0.20593
62	0.02056	0.01974	0.03372	0.05099	0.65622	0.01974	0.02550	0.02550	0.01892	0.02714	0.01563	0.02056	0.01316	0.00740	0.00822	0.00247	0.00987	0.00740	0.00411	0.01316
63	0.03053	0.07801	0.02468	0.02099	0.02543	0.63808	0.01595	0.03270	0.02316	0.02029	0.01277	0.01489	0.01070	0.00848	0.00737	0.00212	0.01463	0.00530	0.00424	0.00969
64	0.01666	0.04297	0.66500	0.02368	0.03596	0.01929	0.03069	0.02631	0.01754	0.02631	0.01491	0.01754	0.01052	0.00789	0.00789	0.00263	0.01228	0.00614	0.00351	0.01228
65	0.03103	0.03959	0.02354	0.02140	0.02568	0.67469	0.01605	0.03317	0.02354	0.02033	0.01284	0.01498	0.01070	0.00856	0.00749	0.00214	0.01498	0.00535	0.00428	0.00963
66	0.00986	0.00827	0.00857	0.00881	0.01132	0.00698	0.00649	0.01188	0.01856	0.02229	0.07936	0.15773	0.57816	0.02166	0.00992	0.00288	0.00428	0.01829	0.00771	0.00698
67	0.01549	0.00774	0.00774	0.00774	0.00968	0.00774	0.00581	0.01936	0.01742	0.03097	0.02710	0.03097	0.02129	0.00968	0.00581	0.00194	0.00387	0.00774	0.75416	0.00774
68	0.01090	0.00876	0.00993	0.01051	0.01304	0.00779	0.00846	0.01353	0.01899	0.02318	0.07196	0.08413	0.46910	0.02162	0.01032	0.00311	0.00525	0.19452	0.00769	0.00721
69	0.01012	0.00723	0.00964	0.01157	0.01205	0.00675	0.00771	0.01157	0.01591	0.02121	0.04579	0.70262	0.05495	0.02603	0.01060	0.00337	0.00482	0.02362	0.00771	0.00675
70	0.02056	0.01974	0.03372	0.05099	0.65622	0.01974	0.02550	0.02550	0.01892	0.02714	0.01563	0.02056	0.01316	0.00740	0.00822	0.00247	0.00987	0.00740	0.00411	0.01316
71	0.01187	0.00890	0.01335	0.01335	0.01483	0.01038	0.01038	0.01483	0.01335	0.01928	0.02225	0.03264	0.02077	0.06231	0.67512	0.01335	0.02225	0.00890	0.00445	0.00742
72	0.02066	0.01785	0.01878	0.01691	0.02160	0.02066	0.01315	0.04414	0.64121	0.03475	0.03381	0.03099	0.02536	0.01127	0.00845	0.00282	0.00657	0.00939	0.00845	0.01315
73	0.02105	0.01939	0.05142	0.01736	0.02254	0.02087	0.01417	0.07451	0.57782	0.03527	0.03213	0.02973	0.02402	0.01103	0.00842	0.00279	0.00700	0.00913	0.00820	0.01316
74	0.01191	0.00873	0.01248	0.01248	0.01366	0.00991	0.00930	0.01428	0.01309	0.01864	0.02305	0.03705	0.02269	0.19352	0.54653	0.01227	0.01937	0.00955	0.00457	0.00693
75	0.02173	0.05294	0.05547	0.01504	0.02245	0.01697	0.01295	0.20312	0.02376	0.03422	0.01617	0.01787	0.01267	0.00743	0.00685	0.00171	0.00751	0.00573	0.00579	0.45962
76	0.03141	0.02825	0.02451	0.01981	0.02574	0.22377	0.01587	0.44686	0.03432	0.04258	0.01778	0.01843	0.01308	0.00954	0.00806	0.00239	0.01092	0.00683	0.00708	0.01276
77	0.01208	0.00805	0.00906	0.00906	0.00906	0.00805	0.00503	0.01208	0.01208	0.01611	0.02618	0.05436	0.03020	0.70804	0.04228	0.00805	0.00805	0.01208	0.00503	0.00503
78	0.01187	0.00890	0.01335	0.01335	0.01483	0.01038	0.01038	0.01483	0.01335	0.01928	0.02225	0.03264	0.02077	0.06231	0.67512	0.01335	0.02225	0.00890	0.00445	0.00742
79	0.02310	0.03131	0.19305	0.03050	0.16359	0.17910	0.13700	0.09192	0.02196	0.02786	0.01545	0.01873	0.01189	0.00800	0.00827	0.00250	0.01242	0.00705	0.00446	0.01182
80	0.02056	0.01974	0.03372	0.05099	0.65622	0.01974	0.02550	0.02550	0.01892	0.02714	0.01563	0.02056	0.01316	0.00740	0.00822	0.00247	0.00987	0.00740	0.00411	0.01316
81	0.01187	0.00890	0.01335	0.01335	0.01483	0.01038	0.01038	0.01483	0.01335	0.01928	0.02225	0.03264	0.02077	0.06231	0.67512	0.01335	0.02225	0.00890	0.00445	0.00742
82	0.21206	0.06406	0.02436	0.02563	0.17944	0.28399	0.01652	0.05595	0.02040	0.02769	0.01347	0.01613	0.01104	0.00805	0.00701	0.00233	0.01098	0.00570	0.00460	0.01061
83	0.02942	0.03420	0.02454	0.02296	0.06516	0.48487	0.01678	0.12020	0.02469	0.02550	0.01392	0.01633	0.01138	0.00918	0.00924	0.00233	0.06806	0.00595	0.00482	0.01048
84	0.01762	0.15891	0.55747	0.02204	0.03342	0.02164	0.02784	0.02606	0.01743	0.02514	0.01433	0.01681	0.01055	0.00776	0.00745	0.00248	0.01169	0.00585	0.00352	0.01200
85	0.01111	0.00794	0.01078	0.01270	0.01362	0.00760	0.00944	0.01328	0.01688	0.02232	0.04524	0.51770	0.05278	0.02509	0.01087	0.00351	0.00568	0.19875	0.00769	0.00702
86	0.02054	0.51097	0.23094	0.01707	0.02573	0.02878	0.01918	0.02531	0.01708	0.02158	0.01256	0.01460	0.01062	0.00734	0.00610	0.00203	0.00991	0.00495	0.00354	0.01115
87	0.02176	0.02528	0.05321	0.03062	0.27529	0.24365	0.01845	0.02535	0.02046	0.02376	0.02897	0.03092	0.14605	0.01068	0.00829	0.00243	0.01056	0.00876	0.00490	0.01061
88	0.05502	0.01036	0.04485	0.01151	0.01384	0.00855	0.00894	0.01505	0.01799	0.05297	0.13987	0.37493	0.17344	0.02096	0.00977	0.00302	0.00515	0.01840	0.00767	0.00771
89	0.02252	0.01989	0.03019	0.04098	0.46331	0.02055	0.02229	0.15216	0.05232	0.03266	0.01877	0.02450	0.01563	0.00888	0.00841	0.00256	0.00945	0.03648	0.00537	0.01309
90	0.11632	0.05507	0.19111	0.02830	0.22201	0.05000	0.02127	0.02423	0.01811	0.02712	0.02035	0.03312	0.01874	0.01077	0.00823	0.00275	0.00980	0.12694	0.00479	0.01098

[dist]
# distance from previous block
# <min> <max>
0	1

[block]
# block no. 3 follows, 22 sequences, length 55
# corresponding to MSA columns:
# 199-253
name=unknown_D
#
# <colnr> <probs for GDERKNQSTAVLIFYWHMCP>
#	G	D	E	R	K	N	Q	S	T	A	V	L	I	F	Y	W	H	M	C	P
0	0.02102	0.05771	0.03625	0.04258	0.43510	0.02133	0.13920	0.06227	0.01987	0.02782	0.01567	0.02037	0.01287	0.00781	0.00930	0.00255	0.04372	0.00770	0.00433	0.01251
1	0.14302	0.06140	0.02414	0.05241	0.08515	0.28195	0.01602	0.18395	0.02501	0.03188	0.01477	0.01681	0.01157	0.00860	0.00734	0.00234	0.01119	0.00601	0.00538	0.01106
2	0.02165	0.03082	0.21733	0.03663	0.33902	0.15948	0.02501	0.02737	0.01950	0.02544	0.01482	0.01848	0.01186	0.00779	0.00797	0.00245	0.01167	0.00659	0.00397	0.01215
3	0.03034	0.03511	0.02388	0.05561	0.02734	0.51380	0.01637	0.14886	0.02621	0.02663	0.01433	0.01632	0.01139	0.00882	0.00769	0.00224	0.01364	0.00587	0.00504	0.01049
4	0.10249	0.02305	0.02331	0.01831	0.02460	0.05527	0.01500	0.51144	0.06721	0.04847	0.01952	0.01966	0.01405	0.00975	0.00797	0.00250	0.00902	0.00719	0.00782	0.01337
5	0.00982	0.00842	0.00842	0.00842	0.01122	0.00701	0.00631	0.01192	0.01894	0.02244	0.08416	0.07995	0.65285	0.02104	0.00982	0.00281	0.00421	0.01753	0.00771	0.00701
6	0.01187	0.00890	0.01335	0.01335	0.01483	0.01038	0.01038	0.01483	0.01335	0.01928	0.02225	0.03264	0.02077	0.06231	0.67512	0.01335	0.02225	0.00890	0.00445	0.00742
7	0.03057	0.07496	0.02459	0.02102	0.02545	0.64098	0.01595	0.03274	0.02319	0.02029	0.01277	0.01489	0.01070	0.00848	0.00738	0.00212	0.01466	0.00530	0.00424	0.00968
8	0.01313	0.01083	0.01593	0.21150	0.05433	0.01142	0.01297	0.01739	0.02084	0.02845	0.38211	0.05015	0.11004	0.01438	0.00929	0.00267	0.00632	0.01267	0.00718	0.00841
9	0.01549	0.00774	0.00774	0.00774	0.00968	0.00774	0.00581	0.01936	0.01742	0.03097	0.02710	0.03097	0.02129	0.00968	0.00581	0.00194	0.00387	0.00774	0.75416	0.00774
10	0.03047	0.03852	0.02409	0.02299	0.05962	0.63944	0.01656	0.03276	0.02329	0.02070	0.01299	0.01528	0.01083	0.00850	0.00753	0.00216	0.01471	0.00546	0.00427	0.00982
11	0.01187	0.00890	0.01335	0.01335	0.01483	0.01038	0.01038	0.01483	0.01335	0.01928	0.02225	0.03264	0.02077	0.06231	0.67512	0.01335	0.02225	0.00890	0.00445	0.00742
12	0.00982	0.00842	0.00842	0.00842	0.01122	0.00701	0.00631	0.01192	0.01894	0.02244	0.08416	0.07995	0.65285	0.02104	0.00982	0.00281	0.00421	0.01753	0.00771	0.00701
13	0.01187	0.00890	0.01335	0.01335	0.01483	0.01038	0.01038	0.01483	0.01335	0.01928	0.02225	0.03264	0.02077	0.06231	0.67512	0.01335	0.02225	0.00890	0.00445	0.00742
14	0.01666	0.04297	0.66500	0.02368	0.03596	0.01929	0.03069	0.02631	0.01754	0.02631	0.01491	0.01754	0.01052	0.00789	0.00789	0.00263	0.01228	0.00614	0.00351	0.01228
15	0.01176	0.00849	0.01110	0.01045	0.01241	0.00784	0.00784	0.01568	0.02352	0.03331	0.65184	0.06206	0.07839	0.01698	0.00980	0.00261	0.00392	0.01502	0.00914	0.00784
16	0.01549	0.00774	0.00774	0.00774	0.00968	0.00774	0.00581	0.01936	0.01742	0.03097	0.02710	0.03097	0.02129	0.00968	0.00581	0.00194	0.00387	0.00774	0.75416	0.00774
17	0.02221	0.71304	0.04353	0.01421	0.02132	0.03287	0.01421	0.02488	0.01688	0.01955	0.01155	0.01333	0.01066	0.00711	0.00533	0.00178	0.00888	0.00444	0.00355	0.01066
18	0.01048	0.00844	0.00933	0.00911	0.01162	0.00729	0.00683	0.01320	0.02049	0.02613	0.27665	0.07388	0.45805	0.01966	0.00981	0.00274	0.00411	0.01668	0.00820	0.00729
19	0.03727	0.01414	0.01928	0.01478	0.02121	0.01221	0.01221	0.04049	0.02378	0.66198	0.03277	0.02828	0.02056	0.01028	0.00835	0.00257	0.00707	0.00835	0.01028	0.01414
20	0.02221	0.71304	0.04353	0.01421	0.02132	0.03287	0.01421	0.02488	0.01688	0.01955	0.01155	0.01333	0.01066	0.00711	0.00533	0.00178	0.00888	0.00444	0.00355	0.01066
21	0.02056	0.01974	0.03372	0.05099	0.65622	0.01974	0.02550	0.02550	0.01892	0.02714	0.01563	0.02056	0.01316	0.00740	0.00822	0.00247	0.00987	0.00740	0.00411	0.01316
22	0.03158	0.02327	0.02493	0.01911	0.02576	0.02576	0.01579	0.62852	0.03906	0.05236	0.01995	0.01995	0.01413	0.00997	0.00831	0.00249	0.00914	0.00748	0.00831	0.01413
23	0.01011	0.00729	0.00958	0.01141	0.01201	0.00676	0.00764	0.01159	0.01606	0.02127	0.04772	0.67123	0.08509	0.02578	0.01056	0.00335	0.00479	0.02331	0.00771	0.00676
24	0.01333	0.01024	0.01245	0.01205	0.01430	0.01036	0.00895	0.02093	0.15390	0.03118	0.39780	0.18442	0.06234	0.01758	0.00967	0.00281	0.00467	0.01555	0.00871	0.00875
25	0.01208	0.00805	0.00906	0.00906	0.00906	0.00805	0.00503	0.01208	0.01208	0.01611	0.02618	0.05436	0.03020	0.70804	0.04228	0.00805	0.00805	0.01208	0.00503	0.00503
26	0.03727	0.01414	0.01928	0.01478	0.02121	0.01221	0.01221	0.04049	0.02378	0.66198	0.03277	0.02828	0.02056	0.01028	0.00835	0.00257	0.00707	0.00835	0.01028	0.01414
27	0.02955	0.03042	0.02325	0.01988	0.02505	0.34392	0.01549	0.24142	0.12876	0.03377	0.01869	0.01929	0.01426	0.00949	0.00793	0.00237	0.01160	0.00674	0.00635	0.01176
28	0.03158	0.02327	0.02493	0.01911	0.02576	0.02576	0.01579	0.62852	0.03906	0.05236	0.01995	0.01995	0.01413	0.00997	0.00831	0.00249	0.00914	0.00748	0.00831	0.01413
29	0.01723	0.01477	0.01723	0.01230	0.01969	0.01107	0.00984	0.02092	0.01723	0.02707	0.01477	0.01723	0.01230	0.00615	0.00615	0.00123	0.00615	0.00492	0.00492	0.75883
30	0.01064	0.00845	0.00955	0.00928	0.01172	0.00736	0.00696	0.01351	0.02088	0.02705	0.32457	0.07237	0.40957	0.01932	0.00981	0.00272	0.00409	0.01647	0.00832	0.00736
31	0.00982	0.00842	0.00842	0.00842	0.01122	0.00701	0.00631	0.01192	0.01894	0.02244	0.08416	0.07995	0.65285	0.02104	0.00982	0.00281	0.00421	0.01753	0.00771	0.00701
32	0.03103	0.03959	0.02354	0.02140	0.02568	0.67469	0.01605	0.03317	0.02354	0.02033	0.01284	0.01498	0.01070	0.00856	0.00749	0.00214	0.01498	0.00535	0.00428	0.00963
33	0.02066	0.01785	0.01878	0.01691	0.02160	0.02066	0.01315	0.04414	0.64121	0.03475	0.03381	0.03099	0.02536	0.01127	0.00845	0.00282	0.00657	0.00939	0.00845	0.01315
34	0.02066	0.01785	0.01878	0.01691	0.02160	0.02066	0.01315	0.04414	0.64121	0.03475	0.03381	0.03099	0.02536	0.01127	0.00845	0.00282	0.00657	0.00939	0.00845	0.01315
35	0.01217	0.00905	0.01168	0.01258	0.01472	0.00857	0.01047	0.01559	0.02002	0.02608	0.18362	0.08359	0.20224	0.02121	0.01071	0.00332	0.00601	0.33286	0.00798	0.00753
36	0.02026	0.01943	0.03318	0.08993	0.61961	0.01966	0.02535	0.02523	0.01878	0.02678	0.01557	0.02066	0.01303	0.00746	0.00823	0.00249	0.00994	0.00740	0.00409	0.01292
37	0.03103	0.03959	0.02354	0.02140	0.02568	0.67469	0.01605	0.03317	0.02354	0.02033	0.01284	0.01498	0.01070	0.00856	0.00749	0.00214	0.01498	0.00535	0.00428	0.00963
38	0.01109	0.00847	0.01018	0.00975	0.01200	0.00755	0.00731	0.01439	0.02194	0.02957	0.45656	0.06821	0.27600	0.01838	0.00981	0.00268	0.00402	0.01589	0.00865	0.00755
39	0.01012	0.00723	0.00964	0.01157	0.01205	0.00675	0.00771	0.01157	0.01591	0.02121	0.04579	0.70262	0.05495	0.02603	0.01060	0.00337	0.00482	0.02362	0.00771	0.00675
40	0.03158	0.02327	0.02493	0.01911	0.02576	0.02576	0.01579	0.62852	0.03906	0.05236	0.01995	0.01995	0.01413	0.00997	0.00831	0.00249	0.00914	0.00748	0.00831	0.01413
41	0.00982	0.00842	0.00842	0.00842	0.01122	0.00701	0.00631	0.01192	0.01894	0.02244	0.08416	0.07995	0.65285	0.02104	0.00982	0.00281	0.00421	0.01753	0.00771	0.00701
42	0.02066	0.01785	0.01878	0.01691	0.02160	0.02066	0.01315	0.04414	0.64121	0.03475	0.03381	0.03099	0.02536	0.01127	0.00845	0.00282	0.00657	0.00939	0.00845	0.01315
43	0.02056	0.01974	0.03372	0.05099	0.65622	0.01974	0.02550	0.02550	0.01892	0.02714	0.01563	0.02056	0.01316	0.00740	0.00822	0.00247	0.00987	0.00740	0.00411	0.01316
44	0.03158	0.02327	0.02493	0.01911	0.02576	0.02576	0.01579	0.62852	0.03906	0.05236	0.01995	0.01995	0.01413	0.00997	0.00831	0.00249	0.00914	0.00748	0.00831	0.01413
45	0.76672	0.01607	0.01221	0.01092	0.01607	0.01864	0.00900	0.02442	0.01414	0.03727	0.01157	0.01350	0.00900	0.00771	0.00514	0.00257	0.00643	0.00450	0.00514	0.00900
46	0.02056	0.01974	0.03372	0.05099	0.65622	0.01974	0.02550	0.02550	0.01892	0.02714	0.01563	0.02056	0.01316	0.00740	0.00822	0.00247	0.00987	0.00740	0.00411	0.01316
47	0.02056	0.01974	0.03372	0.05099	0.65622	0.01974	0.02550	0.02550	0.01892	0.02714	0.01563	0.02056	0.01316	0.00740	0.00822	0.00247	0.00987	0.00740	0.00411	0.01316
48	0.01569	0.01477	0.02492	0.68808	0.05722	0.01846	0.02307	0.02123	0.01661	0.02123	0.01477	0.02215	0.01107	0.00831	0.00831	0.00277	0.01107	0.00738	0.00369	0.00923
49	0.01666	0.04297	0.66500	0.02368	0.03596	0.01929	0.03069	0.02631	0.01754	0.02631	0.01491	0.01754	0.01052	0.00789	0.00789	0.00263	0.01228	0.00614	0.00351	0.01228
50	0.02221	0.71304	0.04353	0.01421	0.02132	0.03287	0.01421	0.02488	0.01688	0.01955	0.01155	0.01333	0.01066	0.00711	0.00533	0.00178	0.00888	0.00444	0.00355	0.01066
51	0.01208	0.00805	0.00906	0.00906	0.00906	0.00805	0.00503	0.01208	0.01208	0.01611	0.02618	0.05436	0.03020	0.70804	0.04228	0.00805	0.00805	0.01208	0.00503	0.00503
52	0.02998	0.03805	0.02279	0.02076	0.02496	0.64155	0.01557	0.03212	0.02331	0.02044	0.01638	0.01821	0.04258	0.00918	0.00761	0.00217	0.01445	0.00596	0.00445	0.00950
53	0.01666	0.04297	0.66500	0.02368	0.03596	0.01929	0.03069	0.02631	0.01754	0.02631	0.01491	0.01754	0.01052	0.00789	0.00789	0.00263	0.01228	0.00614	0.00351	0.01228
54	0.01792	0.04121	0.62553	0.02313	0.03505	0.01886	0.02956	0.02718	0.01792	0.06516	0.01600	0.01820	0.01114	0.00804	0.00792	0.00263	0.01196	0.00627	0.00392	0.01239

[dist]
# distance from previous block
# <min> <max>
0	1

[block]
# block no. 4 follows, 22 sequences, length 76
# corresponding to MSA columns:
# 255-330
name=unknown_E
#
# <colnr> <probs for GDERKNQSTAVLIFYWHMCP>
#	G	D	E	R	K	N	Q	S	T	A	V	L	I	F	Y	W	H	M	C	P
0	0.02417	0.09935	0.34634	0.02064	0.02959	0.16256	0.02251	0.03032	0.01995	0.14291	0.01747	0.01859	0.01245	0.00841	0.00765	0.00243	0.01158	0.00622	0.00494	0.01189
1	0.01702	0.08651	0.62462	0.02306	0.03500	0.02018	0.02962	0.02622	0.01750	0.02587	0.01469	0.01727	0.01053	0.00784	0.00773	0.00258	0.01206	0.00603	0.00351	0.01217
2	0.02114	0.01808	0.02877	0.04056	0.47473	0.01821	0.02133	0.05513	0.05697	0.06999	0.02050	0.06752	0.01791	0.04078	0.00994	0.00281	0.00904	0.00885	0.00526	0.01249
3	0.01666	0.04297	0.66500	0.02368	0.03596	0.01929	0.03069	0.02631	0.01754	0.02631	0.01491	0.01754	0.01052	0.00789	0.00789	0.00263	0.01228	0.00614	0.00351	0.01228
4	0.01981	0.26811	0.10565	0.01781	0.06323	0.12179	0.01544	0.02333	0.01831	0.02230	0.02694	0.02840	0.13128	0.01061	0.00820	0.00228	0.04555	0.00779	0.05325	0.00991
5	0.00982	0.00842	0.00842	0.00842	0.01122	0.00701	0.00631	0.01192	0.01894	0.02244	0.08416	0.07995	0.65285	0.02104	0.00982	0.00281	0.00421	0.01753	0.00771	0.00701
6	0.01678	0.01991	0.15724	0.01580	0.02123	0.01547	0.01492	0.06650	0.21605	0.03281	0.24375	0.04096	0.07773	0.01300	0.00887	0.00268	0.00693	0.01098	0.00755	0.01083
7	0.01758	0.03659	0.47378	0.02720	0.03827	0.01983	0.21551	0.02640	0.01818	0.02640	0.01550	0.01905	0.01117	0.00762	0.00849	0.00268	0.01281	0.00728	0.00372	0.01194
8	0.02221	0.71304	0.04353	0.01421	0.02132	0.03287	0.01421	0.02488	0.01688	0.01955	0.01155	0.01333	0.01066	0.00711	0.00533	0.00178	0.00888	0.00444	0.00355	0.01066
9	0.01666	0.04297	0.66500	0.02368	0.03596	0.01929	0.03069	0.02631	0.01754	0.02631	0.01491	0.01754	0.01052	0.00789	0.00789	0.00263	0.01228	0.00614	0.00351	0.01228
10	0.00982	0.00842	0.00842	0.00842	0.01122	0.00701	0.00631	0.01192	0.01894	0.02244	0.08416	0.07995	0.65285	0.02104	0.00982	0.00281	0.00421	0.01753	0.00771	0.00701
11	0.01443	0.00722	0.01082	0.01082	0.01082	0.00722	0.00722	0.01082	0.01082	0.01443	0.01443	0.02525	0.01443	0.02886	0.03247	0.75830	0.00722	0.00722	0.00361	0.00361
12	0.01961	0.02241	0.04902	0.03501	0.04342	0.02101	0.62605	0.02661	0.01961	0.02661	0.01681	0.02241	0.01261	0.00700	0.00980	0.00280	0.01401	0.00980	0.00420	0.01120
13	0.01000	0.00842	0.00867	0.00861	0.01133	0.00709	0.00645	0.01227	0.01936	0.02346	0.13710	0.07828	0.59927	0.02066	0.00982	0.00279	0.00418	0.01730	0.00785	0.00709
14	0.01187	0.00890	0.01335	0.01335	0.01483	0.01038	0.01038	0.01483	0.01335	0.01928	0.02225	0.03264	0.02077	0.06231	0.67512	0.01335	0.02225	0.00890	0.00445	0.00742
15	0.01007	0.00742	0.00944	0.01105	0.01191	0.00679	0.00748	0.01163	0.01640	0.02141	0.05208	0.60056	0.15295	0.02521	0.01047	0.00328	0.00472	0.02262	0.00771	0.00679
16	0.03158	0.02327	0.02493	0.01911	0.02576	0.02576	0.01579	0.62852	0.03906	0.05236	0.01995	0.01995	0.01413	0.00997	0.00831	0.00249	0.00914	0.00748	0.00831	0.01413
17	0.02188	0.02224	0.03244	0.04726	0.57668	0.10236	0.02430	0.02646	0.01950	0.02628	0.01527	0.01986	0.01285	0.00755	0.00813	0.00243	0.01051	0.00714	0.00413	0.01271
18	0.01968	0.01896	0.02705	0.24349	0.28940	0.05937	0.02145	0.02869	0.15455	0.02652	0.01916	0.02301	0.01502	0.00860	0.00826	0.00262	0.00984	0.00771	0.00494	0.01170
19	0.00988	0.00816	0.00868	0.00910	0.01140	0.00696	0.00662	0.01184	0.01827	0.02217	0.07577	0.21612	0.52210	0.02213	0.00999	0.00293	0.00434	0.01886	0.00771	0.00696
20	0.02057	0.01965	0.03305	0.04945	0.62761	0.01978	0.02494	0.02634	0.04697	0.02748	0.01645	0.02103	0.01371	0.00758	0.00823	0.00248	0.00972	0.00749	0.00431	0.01316
21	0.02196	0.01562	0.01458	0.01258	0.01620	0.07795	0.00988	0.20876	0.02469	0.03654	0.02351	0.02602	0.01805	0.00966	0.00674	0.00213	0.00658	0.00743	0.45122	0.00990
22	0.00994	0.00842	0.00858	0.00854	0.01129	0.00706	0.00640	0.01215	0.01921	0.02310	0.11868	0.07886	0.61791	0.02079	0.00982	0.00279	0.00419	0.01738	0.00780	0.00706
23	0.03103	0.03959	0.02354	0.02140	0.02568	0.67469	0.01605	0.03317	0.02354	0.02033	0.01284	0.01498	0.01070	0.00856	0.00749	0.00214	0.01498	0.00535	0.00428	0.00963
24	0.02221	0.71304	0.04353	0.01421	0.02132	0.03287	0.01421	0.02488	0.01688	0.01955	0.01155	0.01333	0.01066	0.00711	0.00533	0.00178	0.00888	0.00444	0.00355	0.01066
25	0.01961	0.02241	0.04902	0.03501	0.04342	0.02101	0.62605	0.02661	0.01961	0.02661	0.01681	0.02241	0.01261	0.00700	0.00980	0.00280	0.01401	0.00980	0.00420	0.01120
26	0.01443	0.00722	0.01082	0.01082	0.01082	0.00722	0.00722	0.01082	0.01082	0.01443	0.01443	0.02525	0.01443	0.02886	0.03247	0.75830	0.00722	0.00722	0.00361	0.00361
27	0.01012	0.00723	0.00964	0.01157	0.01205	0.00675	0.00771	0.01157	0.01591	0.02121	0.04579	0.70262	0.05495	0.02603	0.01060	0.00337	0.00482	0.02362	0.00771	0.00675
28	0.01012	0.00723	0.00964	0.01157	0.01205	0.00675	0.00771	0.01157	0.01591	0.02121	0.04579	0.70262	0.05495	0.02603	0.01060	0.00337	0.00482	0.02362	0.00771	0.00675
29	0.00995	0.00842	0.00859	0.00855	0.01130	0.00707	0.00641	0.01217	0.01924	0.02316	0.12177	0.07876	0.61479	0.02077	0.00982	0.00279	0.00419	0.01737	0.00781	0.00707
30	0.01752	0.00970	0.00991	0.00918	0.01171	0.01002	0.00707	0.09620	0.02015	0.03367	0.02620	0.02958	0.02039	0.00972	0.00612	0.00201	0.00454	0.00771	0.66008	0.00855
31	0.00992	0.00842	0.00856	0.00852	0.01128	0.00706	0.00639	0.01212	0.01918	0.02302	0.11441	0.07900	0.62224	0.02082	0.00982	0.00279	0.00419	0.01740	0.00779	0.00706
32	0.03066	0.06801	0.02439	0.02110	0.02550	0.64761	0.01597	0.03282	0.02326	0.02030	0.01279	0.01491	0.01070	0.00850	0.00740	0.00212	0.01472	0.00531	0.00425	0.00967
33	0.01912	0.17991	0.24820	0.02589	0.03474	0.02333	0.25760	0.02570	0.01789	0.02454	0.01465	0.01855	0.01139	0.00781	0.00933	0.00258	0.05643	0.00727	0.00380	0.01130
34	0.01666	0.04297	0.66500	0.02368	0.03596	0.01929	0.03069	0.02631	0.01754	0.02631	0.01491	0.01754	0.01052	0.00789	0.00789	0.00263	0.01228	0.00614	0.00351	0.01228
35	0.01047	0.00749	0.00999	0.01161	0.01234	0.00701	0.00800	0.01233	0.01697	0.02283	0.11804	0.59720	0.05740	0.02480	0.01055	0.00330	0.00485	0.05002	0.00788	0.00692
36	0.02056	0.01974	0.03372	0.05099	0.65622	0.01974	0.02550	0.02550	0.01892	0.02714	0.01563	0.02056	0.01316	0.00740	0.00822	0.00247	0.00987	0.00740	0.00411	0.01316
37	0.02420	0.22507	0.05551	0.10049	0.15156	0.26499	0.01872	0.02770	0.01973	0.02176	0.01331	0.01650	0.01121	0.00787	0.00713	0.00219	0.01170	0.00575	0.00394	0.01067
38	0.00994	0.00842	0.00858	0.00854	0.01129	0.00706	0.00640	0.01215	0.01921	0.02310	0.11868	0.07886	0.61791	0.02079	0.00982	0.00279	0.00419	0.01738	0.00780	0.00706
39	0.00982	0.00842	0.00842	0.00842	0.01122	0.00701	0.00631	0.01192	0.01894	0.02244	0.08416	0.07995	0.65285	0.02104	0.00982	0.00281	0.00421	0.01753	0.00771	0.00701
40	0.02496	0.02954	0.05928	0.03673	0.35049	0.30665	0.02161	0.02890	0.02088	0.02412	0.01437	0.01797	0.01196	0.00793	0.00789	0.00233	0.01222	0.00644	0.00416	0.01157
41	0.02629	0.03506	0.14347	0.02354	0.07904	0.39462	0.01917	0.08559	0.02283	0.02493	0.01473	0.01753	0.01184	0.01196	0.05109	0.00302	0.01398	0.00610	0.00451	0.01069
42	0.06195	0.02223	0.02358	0.01823	0.02459	0.02460	0.01503	0.57396	0.03697	0.05070	0.01993	0.02020	0.01425	0.00986	0.00806	0.00247	0.00878	0.00737	0.04365	0.01361
43	0.76672	0.01607	0.01221	0.01092	0.01607	0.01864	0.00900	0.02442	0.01414	0.03727	0.01157	0.01350	0.00900	0.00771	0.00514	0.00257	0.00643	0.00450	0.00514	0.00900
44	0.02140	0.60681	0.11399	0.01562	0.02302	0.03100	0.01627	0.02483	0.01678	0.02034	0.01191	0.01401	0.01066	0.00751	0.00655	0.00195	0.03824	0.00476	0.00355	0.01078
45	0.00986	0.00824	0.00860	0.00889	0.01135	0.00697	0.00652	0.01187	0.01848	0.02225	0.07833	0.17449	0.56207	0.02180	0.00994	0.00289	0.00430	0.01846	0.00771	0.00697
46	0.01187	0.00890	0.01335	0.01335	0.01483	0.01038	0.01038	0.01483	0.01335	0.01928	0.02225	0.03264	0.02077	0.06231	0.67512	0.01335	0.02225	0.00890	0.00445	0.00742
47	0.01208	0.00805	0.00906	0.00906	0.00906	0.00805	0.00503	0.01208	0.01208	0.01611	0.02618	0.05436	0.03020	0.70804	0.04228	0.00805	0.00805	0.01208	0.00503	0.00503
48	0.02056	0.01974	0.03372	0.05099	0.65622	0.01974	0.02550	0.02550	0.01892	0.02714	0.01563	0.02056	0.01316	0.00740	0.00822	0.00247	0.00987	0.00740	0.00411	0.01316
49	0.01128	0.00883	0.01048	0.01134	0.01368	0.00803	0.00924	0.01405	0.01889	0.02337	0.06629	0.11135	0.38291	0.02202	0.01052	0.00324	0.00563	0.25391	0.00769	0.00726
