[name]
unknown

[dist]
# distance from previous block
# <min> <max>
0	3

[block]
# block no. 0 follows, 21 sequences, length 58
# corresponding to MSA columns:
# 3-60
name=unknown_A
#
# <colnr> <probs for GDERKNQSTAVLIFYWHMCP>
#	G	D	E	R	K	N	Q	S	T	A	V	L	I	F	Y	W	H	M	C	P
0	0.02043	0.06162	0.02105	0.02171	0.09389	0.20579	0.01601	0.02390	0.02076	0.02405	0.03030	0.05861	0.03138	0.01635	0.00979	0.00312	0.01039	0.31544	0.00615	0.00928
1	0.02367	0.07426	0.25238	0.02908	0.16792	0.25801	0.02382	0.02926	0.02050	0.02451	0.01447	0.01745	0.01145	0.00818	0.00786	0.00242	0.01285	0.00618	0.00402	0.01169
2	0.02138	0.03833	0.47887	0.02294	0.03389	0.02163	0.02714	0.19398	0.02418	0.03447	0.01673	0.01866	0.01182	0.00869	0.00821	0.00266	0.01167	0.00668	0.00498	0.01311
3	0.01971	0.07245	0.39947	0.02256	0.03249	0.02149	0.06038	0.08041	0.14924	0.03064	0.01971	0.02113	0.01442	0.00889	0.00821	0.00269	0.01099	0.00723	0.00512	0.01277
4	0.02584	0.17822	0.02701	0.01798	0.02370	0.21659	0.01467	0.10970	0.18596	0.02940	0.01968	0.02018	0.01554	0.00916	0.00744	0.00226	0.01014	0.00662	0.00595	0.07396
5	0.06446	0.02277	0.02202	0.01818	0.02371	0.16227	0.06358	0.12371	0.15509	0.03196	0.02842	0.02871	0.09258	0.01063	0.00818	0.00243	0.00934	0.00852	0.00652	0.11693
6	0.18359	0.02125	0.09700	0.16606	0.13277	0.01948	0.16917	0.02507	0.01772	0.02860	0.01507	0.01975	0.01160	0.00773	0.00799	0.00265	0.01070	0.00725	0.00436	0.05219
7	0.10926	0.10885	0.15164	0.02267	0.10642	0.02322	0.01892	0.16195	0.15189	0.03527	0.01977	0.02081	0.01498	0.00910	0.00770	0.00257	0.00919	0.00705	0.00603	0.01271
8	0.01788	0.01295	0.01520	0.01267	0.01692	0.01155	0.00938	0.08830	0.01920	0.06435	0.02613	0.16974	0.02659	0.16566	0.01588	0.00351	0.00686	0.01122	0.00640	0.29961
9	0.01508	0.00938	0.01199	0.01263	0.01428	0.00904	0.00885	0.01881	0.07462	0.10416	0.04284	0.50936	0.04740	0.06341	0.01230	0.00358	0.00560	0.02011	0.00815	0.00840
10	0.02907	0.25341	0.03167	0.01826	0.02486	0.12418	0.01568	0.33456	0.03008	0.03756	0.01649	0.01742	0.01277	0.00902	0.00737	0.00226	0.01017	0.00630	0.00628	0.01260
11	0.01006	0.00862	0.00862	0.00862	0.01149	0.00718	0.00647	0.01221	0.01940	0.02299	0.08621	0.08190	0.64438	0.02155	0.01006	0.00287	0.00431	0.01796	0.00790	0.00718
12	0.01765	0.01513	0.01765	0.01260	0.02017	0.01134	0.01008	0.02143	0.01765	0.02773	0.01513	0.01765	0.01260	0.00630	0.00630	0.00126	0.00630	0.00504	0.00504	0.75295
13	0.76103	0.01646	0.01251	0.01119	0.01646	0.01909	0.00922	0.02502	0.01448	0.03818	0.01185	0.01382	0.00922	0.00790	0.00527	0.00263	0.00658	0.00461	0.00527	0.00922
14	0.01216	0.00912	0.01368	0.01368	0.01520	0.01064	0.01064	0.01520	0.01368	0.01976	0.02279	0.03343	0.02127	0.06382	0.66720	0.01368	0.02279	0.00912	0.00456	0.00760
15	0.01336	0.01075	0.01544	0.01477	0.01584	0.01318	0.01148	0.01585	0.01342	0.01953	0.02112	0.03320	0.02051	0.12540	0.48191	0.01127	0.14170	0.00917	0.00447	0.00764
16	0.01218	0.00901	0.01314	0.01314	0.01447	0.01035	0.00997	0.01485	0.01352	0.01936	0.02329	0.03616	0.02246	0.14181	0.59084	0.01301	0.02101	0.00952	0.00463	0.00730
17	0.02249	0.67573	0.07263	0.01501	0.02253	0.03304	0.01533	0.02555	0.01732	0.02034	0.01199	0.01385	0.01091	0.00732	0.00558	0.00186	0.00926	0.00463	0.00364	0.01100
18	0.02106	0.02022	0.03454	0.05223	0.64784	0.02022	0.02612	0.02612	0.01938	0.02780	0.01601	0.02106	0.01348	0.00758	0.00842	0.00253	0.01011	0.00758	0.00421	0.01348
19	0.02136	0.02101	0.03355	0.08250	0.58582	0.05361	0.02549	0.02630	0.01950	0.02713	0.01582	0.02085	0.01324	0.00769	0.00839	0.00253	0.01044	0.00747	0.00420	0.01309
20	0.02106	0.02022	0.03454	0.05223	0.64784	0.02022	0.02612	0.02612	0.01938	0.02780	0.01601	0.02106	0.01348	0.00758	0.00842	0.00253	0.01011	0.00758	0.00421	0.01348
21	0.03182	0.03954	0.02420	0.02178	0.02631	0.62770	0.01643	0.06969	0.02509	0.02283	0.01360	0.01566	0.01118	0.00886	0.00772	0.00221	0.01498	0.00561	0.00464	0.01015
22	0.01607	0.01513	0.02552	0.68047	0.05861	0.01891	0.02363	0.02174	0.01702	0.02174	0.01513	0.02269	0.01134	0.00851	0.00851	0.00284	0.01134	0.00756	0.00378	0.00945
23	0.01216	0.00912	0.01368	0.01368	0.01520	0.01064	0.01064	0.01520	0.01368	0.01976	0.02279	0.03343	0.02127	0.06382	0.66720	0.01368	0.02279	0.00912	0.00456	0.00760
24	0.01232	0.00848	0.01046	0.01046	0.01087	0.00889	0.00663	0.01313	0.01273	0.01738	0.02573	0.04971	0.02834	0.52975	0.21094	0.00971	0.01216	0.01150	0.00500	0.00581
25	0.01051	0.00747	0.00983	0.01167	0.01212	0.00701	0.00770	0.01189	0.01601	0.02135	0.04547	0.64966	0.05447	0.07484	0.01318	0.00380	0.00517	0.02335	0.00770	0.00679
26	0.01006	0.00862	0.00862	0.00862	0.01149	0.00718	0.00647	0.01221	0.01940	0.02299	0.08621	0.08190	0.64438	0.02155	0.01006	0.00287	0.00431	0.01796	0.00790	0.00718
27	0.02317	0.67560	0.04366	0.01490	0.02205	0.06263	0.01465	0.02587	0.01760	0.02006	0.01189	0.01373	0.01092	0.00735	0.00556	0.00184	0.00939	0.00459	0.00367	0.01087
28	0.03182	0.03954	0.02420	0.02178	0.02631	0.62770	0.01643	0.06969	0.02509	0.02283	0.01360	0.01566	0.01118	0.00886	0.00772	0.00221	0.01498	0.00561	0.00464	0.01015
29	0.01736	0.07828	0.62515	0.02375	0.03606	0.02048	0.03057	0.02687	0.01793	0.02659	0.01509	0.01774	0.01079	0.00804	0.00795	0.00265	0.01240	0.00620	0.00360	0.01249
30	0.01037	0.00741	0.00987	0.01185	0.01234	0.00691	0.00790	0.01185	0.01629	0.02172	0.04690	0.69537	0.05629	0.02666	0.01086	0.00346	0.00494	0.02419	0.00790	0.00691
31	0.02106	0.02022	0.03454	0.05223	0.64784	0.02022	0.02612	0.02612	0.01938	0.02780	0.01601	0.02106	0.01348	0.00758	0.00842	0.00253	0.01011	0.00758	0.00421	0.01348
32	0.02106	0.02022	0.03454	0.05223	0.64784	0.02022	0.02612	0.02612	0.01938	0.02780	0.01601	0.02106	0.01348	0.00758	0.00842	0.00253	0.01011	0.00758	0.00421	0.01348
33	0.01993	0.02605	0.17019	0.04146	0.33906	0.02051	0.20368	0.02663	0.01929	0.02746	0.01621	0.02098	0.01274	0.00757	0.00884	0.00266	0.01189	0.00804	0.00411	0.01269
34	0.01037	0.00741	0.00987	0.01185	0.01234	0.00691	0.00790	0.01185	0.01629	0.02172	0.04690	0.69537	0.05629	0.02666	0.01086	0.00346	0.00494	0.02419	0.00790	0.00691
35	0.02106	0.02022	0.03454	0.05223	0.64784	0.02022	0.02612	0.02612	0.01938	0.02780	0.01601	0.02106	0.01348	0.00758	0.00842	0.00253	0.01011	0.00758	0.00421	0.01348
36	0.01928	0.02925	0.27641	0.07013	0.38294	0.01998	0.02808	0.02624	0.01872	0.02719	0.01568	0.01993	0.01233	0.00782	0.00830	0.00261	0.01113	0.00708	0.00395	0.01294
37	0.01707	0.04402	0.65683	0.02426	0.03683	0.01976	0.03144	0.02695	0.01797	0.02695	0.01527	0.01797	0.01078	0.00809	0.00809	0.00270	0.01258	0.00629	0.00359	0.01258
38	0.01728	0.04251	0.61348	0.02509	0.03738	0.01989	0.07328	0.02697	0.01812	0.02697	0.01541	0.01832	0.01093	0.00802	0.00823	0.00271	0.01270	0.00656	0.00364	0.01250
39	0.01238	0.00825	0.00928	0.00928	0.00928	0.00825	0.00516	0.01238	0.01238	0.01650	0.02681	0.05569	0.03094	0.70092	0.04331	0.00825	0.00825	0.01238	0.00516	0.00516
40	0.02732	0.12266	0.11713	0.02288	0.06410	0.42023	0.01875	0.03206	0.05590	0.02283	0.01465	0.01676	0.01192	0.00857	0.00755	0.00228	0.01337	0.00583	0.00441	0.01080
41	0.02261	0.02437	0.02917	0.21886	0.31349	0.19699	0.02278	0.02705	0.02002	0.02420	0.01498	0.01995	0.01220	0.00817	0.00824	0.00252	0.01189	0.00700	0.00414	0.01137
42	0.01819	0.01597	0.02642	0.02136	0.02585	0.01581	0.20962	0.14479	0.02253	0.03026	0.03158	0.33253	0.03324	0.01680	0.01010	0.00307	0.00896	0.01607	0.00685	0.01000
43	0.01107	0.00866	0.01003	0.00969	0.01212	0.00762	0.00727	0.01418	0.02180	0.02869	0.37116	0.07252	0.35588	0.01943	0.01005	0.00277	0.00416	0.01665	0.00865	0.00762
44	0.03182	0.03963	0.02420	0.02179	0.02631	0.63117	0.01643	0.06652	0.02500	0.02265	0.01356	0.01563	0.01116	0.00885	0.00772	0.00221	0.01501	0.00560	0.00461	0.01012
45	0.02748	0.11802	0.16708	0.02159	0.02813	0.45002	0.01956	0.03144	0.02196	0.02210	0.01347	0.01573	0.01092	0.00845	0.00751	0.00226	0.01401	0.00555	0.00412	0.01059
46	0.03689	0.01509	0.02193	0.01662	0.02335	0.01315	0.05570	0.04046	0.02405	0.60896	0.03240	0.02854	0.02048	0.01029	0.00866	0.00265	0.00775	0.00866	0.01009	0.01427
47	0.02106	0.02022	0.03454	0.05223	0.64784	0.02022	0.02612	0.02612	0.01938	0.02780	0.01601	0.02106	0.01348	0.00758	0.00842	0.00253	0.01011	0.00758	0.00421	0.01348
48	0.01976	0.01941	0.03054	0.28934	0.38934	0.05565	0.02464	0.02489	0.01874	0.02511	0.01551	0.02136	0.01253	0.00800	0.00841	0.00263	0.01087	0.00746	0.00406	0.01175
49	0.02106	0.02022	0.03454	0.05223	0.64784	0.02022	0.02612	0.02612	0.01938	0.02780	0.01601	0.02106	0.01348	0.00758	0.00842	0.00253	0.01011	0.00758	0.00421	0.01348
50	0.03179	0.04056	0.02412	0.02192	0.02631	0.66676	0.01644	0.03398	0.02412	0.02083	0.01315	0.01535	0.01096	0.00877	0.00767	0.00219	0.01535	0.00548	0.00438	0.00987
51	0.01679	0.01611	0.02568	0.49408	0.04834	0.02093	0.02221	0.02139	0.01589	0.02139	0.01401	0.02154	0.01130	0.01032	0.01401	0.00309	0.20223	0.00753	0.00377	0.00941
52	0.02055	0.16853	0.11886	0.03458	0.20887	0.02350	0.25194	0.02653	0.01904	0.02585	0.01550	0.01985	0.01239	0.00742	0.00838	0.00253	0.01183	0.00773	0.00405	0.01206
53	0.02464	0.02497	0.02126	0.04695	0.02512	0.21094	0.01491	0.07017	0.39749	0.03159	0.02678	0.02597	0.02036	0.01053	0.00836	0.00266	0.00959	0.00822	0.00719	0.01229
54	0.02881	0.03491	0.02701	0.03034	0.19896	0.48716	0.01913	0.03180	0.02280	0.02277	0.01395	0.01693	0.01166	0.00844	0.00788	0.00229	0.01389	0.00606	0.00434	0.01087
55	0.05092	0.01637	0.01459	0.01337	0.01666	0.14749	0.01014	0.02251	0.02234	0.10862	0.26437	0.09522	0.15274	0.01569	0.00921	0.00266	0.00704	0.01305	0.00793	0.00907
56	0.02280	0.03600	0.48389	0.02178	0.03273	0.01779	0.02630	0.03089	0.01970	0.19710	0.02024	0.02095	0.01357	0.00875	0.00821	0.00268	0.01113	0.00690	0.00548	0.01309
57	0.04848	0.03763	0.48165	0.02206	0.03254	0.05188	0.02637	0.02616	0.01780	0.02680	0.01476	0.01766	0.01097	0.00831	0.00894	0.00255	0.05274	0.00610	0.00389	0.10272

[dist]
# distance from previous block
# <min> <max>
0	3

[block]
# block no. 1 follows, 21 sequences, length 33
# corresponding to MSA columns:
# 64-96
name=unknown_B
#
# <colnr> <probs for GDERKNQSTAVLIFYWHMCP>
#	G	D	E	R	K	N	Q	S	T	A	V	L	I	F	Y	W	H	M	C	P
0	0.01567	0.01800	0.14558	0.01538	0.01909	0.04422	0.01401	0.05330	0.01752	0.02372	0.06887	0.15613	0.02917	0.05615	0.09326	0.16931	0.01014	0.03685	0.00554	0.00809
1	0.17726	0.01104	0.01226	0.01160	0.01433	0.01174	0.00888	0.01913	0.05533	0.03039	0.26726	0.04530	0.08440	0.06413	0.14602	0.00528	0.00887	0.01138	0.00709	0.00831
2	0.01548	0.01433	0.02139	0.03010	0.32495	0.01361	0.01615	0.01906	0.01939	0.02536	0.05163	0.05193	0.33361	0.01467	0.00925	0.00270	0.00717	0.01285	0.00608	0.01029
3	0.02071	0.01986	0.03390	0.09714	0.60572	0.02013	0.02594	0.02580	0.01921	0.02737	0.01594	0.02118	0.01333	0.00765	0.00843	0.00255	0.01020	0.00758	0.00418	0.01319
4	0.02031	0.02221	0.09537	0.09437	0.54536	0.02008	0.02647	0.02589	0.01907	0.02729	0.01587	0.02087	0.01306	0.00770	0.00840	0.00257	0.01044	0.00745	0.00412	0.01310
5	0.01238	0.00825	0.00928	0.00928	0.00928	0.00825	0.00516	0.01238	0.01238	0.01650	0.02681	0.05569	0.03094	0.70092	0.04331	0.00825	0.00825	0.01238	0.00516	0.00516
6	0.01862	0.01862	0.02607	0.02234	0.02234	0.02607	0.01862	0.02048	0.01303	0.02048	0.01117	0.01862	0.01117	0.01489	0.02793	0.00372	0.68535	0.00745	0.00372	0.00931
7	0.01864	0.01917	0.03684	0.30430	0.17442	0.02018	0.25142	0.02476	0.01868	0.02510	0.01611	0.02246	0.01238	0.00781	0.00908	0.00279	0.01224	0.00852	0.00407	0.01106
8	0.01192	0.01110	0.01099	0.01188	0.04896	0.04529	0.00816	0.01425	0.01966	0.02314	0.07803	0.07463	0.57220	0.02002	0.00983	0.00282	0.00527	0.01666	0.00749	0.00770
9	0.01862	0.01862	0.02607	0.02234	0.02234	0.02607	0.01862	0.02048	0.01303	0.02048	0.01117	0.01862	0.01117	0.01489	0.02793	0.00372	0.68535	0.00745	0.00372	0.00931
10	0.76103	0.01646	0.01251	0.01119	0.01646	0.01909	0.00922	0.02502	0.01448	0.03818	0.01185	0.01382	0.00922	0.00790	0.00527	0.00263	0.00658	0.00461	0.00527	0.00922
11	0.01009	0.00850	0.00875	0.00894	0.01158	0.00716	0.00661	0.01218	0.01909	0.02286	0.08231	0.14284	0.58597	0.02206	0.01014	0.00293	0.00437	0.01858	0.00790	0.00716
12	0.02106	0.02022	0.03454	0.05223	0.64784	0.02022	0.02612	0.02612	0.01938	0.02780	0.01601	0.02106	0.01348	0.00758	0.00842	0.00253	0.01011	0.00758	0.00421	0.01348
13	0.01707	0.04402	0.65683	0.02426	0.03683	0.01976	0.03144	0.02695	0.01797	0.02695	0.01527	0.01797	0.01078	0.00809	0.00809	0.00270	0.01258	0.00629	0.00359	0.01258
14	0.01371	0.00980	0.01371	0.01567	0.01763	0.00980	0.01371	0.01763	0.01959	0.02547	0.04506	0.09599	0.04898	0.02351	0.01175	0.00392	0.00784	0.59056	0.00784	0.00784
15	0.02106	0.02022	0.03454	0.05223	0.64784	0.02022	0.02612	0.02612	0.01938	0.02780	0.01601	0.02106	0.01348	0.00758	0.00842	0.00253	0.01011	0.00758	0.00421	0.01348
16	0.02106	0.02022	0.03454	0.05223	0.64784	0.02022	0.02612	0.02612	0.01938	0.02780	0.01601	0.02106	0.01348	0.00758	0.00842	0.00253	0.01011	0.00758	0.00421	0.01348
17	0.02106	0.02022	0.03454	0.05223	0.64784	0.02022	0.02612	0.02612	0.01938	0.02780	0.01601	0.02106	0.01348	0.00758	0.00842	0.00253	0.01011	0.00758	0.00421	0.01348
18	0.02106	0.02022	0.03454	0.05223	0.64784	0.02022	0.02612	0.02612	0.01938	0.02780	0.01601	0.02106	0.01348	0.00758	0.00842	0.00253	0.01011	0.00758	0.00421	0.01348
19	0.02106	0.02022	0.03454	0.05223	0.64784	0.02022	0.02612	0.02612	0.01938	0.02780	0.01601	0.02106	0.01348	0.00758	0.00842	0.00253	0.01011	0.00758	0.00421	0.01348
20	0.02792	0.03425	0.02643	0.02302	0.02669	0.47314	0.05986	0.03039	0.02128	0.02121	0.01299	0.01664	0.01115	0.01007	0.01251	0.00259	0.16952	0.00626	0.00423	0.00985
21	0.02995	0.01627	0.01930	0.01532	0.02110	0.01602	0.01248	0.21015	0.05554	0.31564	0.06323	0.03666	0.12450	0.01258	0.00886	0.00266	0.00724	0.01016	0.00936	0.01297
22	0.03182	0.03956	0.02420	0.02178	0.02631	0.62835	0.01643	0.06910	0.02507	0.02280	0.01359	0.01565	0.01117	0.00886	0.00772	0.00221	0.01499	0.00561	0.00463	0.01014
23	0.06628	0.02400	0.02117	0.01758	0.02329	0.23442	0.01392	0.06704	0.05258	0.35556	0.02515	0.02342	0.01705	0.00986	0.00812	0.00249	0.01003	0.00735	0.00805	0.01265
24	0.02569	0.02823	0.02662	0.02260	0.02571	0.27973	0.05188	0.10335	0.02130	0.02528	0.01350	0.01781	0.01161	0.01142	0.01637	0.00292	0.29418	0.00685	0.00464	0.01032
25	0.02106	0.02022	0.03454	0.05223	0.64784	0.02022	0.02612	0.02612	0.01938	0.02780	0.01601	0.02106	0.01348	0.00758	0.00842	0.00253	0.01011	0.00758	0.00421	0.01348
26	0.01937	0.01435	0.01636	0.01471	0.01822	0.01481	0.01117	0.25068	0.02588	0.03465	0.03743	0.35222	0.07709	0.01875	0.00964	0.00294	0.00671	0.01624	0.00798	0.05080
27	0.03186	0.03852	0.02429	0.02164	0.02632	0.58853	0.01641	0.10551	0.02606	0.02484	0.01404	0.01597	0.01139	0.00895	0.00778	0.00224	0.01462	0.00575	0.00489	0.01043
28	0.01627	0.01632	0.01369	0.01285	0.01589	0.15350	0.00967	0.02054	0.06332	0.02718	0.25749	0.05760	0.27020	0.01664	0.00943	0.00266	0.00680	0.01377	0.00768	0.00849
29	0.02345	0.02375	0.03233	0.04543	0.51112	0.12617	0.02397	0.06100	0.02132	0.02813	0.01579	0.02009	0.01312	0.00793	0.00831	0.00247	0.01092	0.00724	0.00448	0.01295
30	0.02259	0.06005	0.02232	0.01876	0.02163	0.29686	0.01481	0.02470	0.01939	0.02116	0.02856	0.03089	0.15036	0.01336	0.01420	0.00279	0.21474	0.00877	0.00492	0.00916
31	0.02836	0.06654	0.02801	0.03006	0.20009	0.45563	0.01906	0.03138	0.02246	0.02274	0.01389	0.01687	0.01166	0.00837	0.00778	0.00227	0.01358	0.00602	0.00430	0.01093
32	0.02430	0.37778	0.10088	0.01787	0.02440	0.23157	0.01668	0.02764	0.01929	0.02099	0.01335	0.01598	0.01162	0.01165	0.05100	0.00283	0.01237	0.00534	0.00393	0.01054

[dist]
# distance from previous block
# <min> <max>
0	7

[block]
# block no. 2 follows, 21 sequences, length 7
# corresponding to MSA columns:
# 104-110
name=unknown_C
#
# <colnr> <probs for GDERKNQSTAVLIFYWHMCP>
#	G	D	E	R	K	N	Q	S	T	A	V	L	I	F	Y	W	H	M	C	P
0	0.02049	0.08315	0.25814	0.06226	0.03322	0.14750	0.11943	0.02784	0.05623	0.02516	0.02192	0.02433	0.06443	0.00935	0.00835	0.00259	0.01205	0.00785	0.00454	0.01116
1	0.18784	0.02199	0.02131	0.02484	0.18345	0.16344	0.01548	0.02980	0.11573	0.03031	0.01895	0.02128	0.01505	0.00886	0.00726	0.00246	0.00914	0.00682	0.10503	0.01097
2	0.01679	0.01339	0.01763	0.01874	0.10042	0.01513	0.01287	0.06218	0.01840	0.02715	0.03288	0.03663	0.14033	0.01935	0.08970	0.00403	0.15944	0.00987	0.19576	0.00927
3	0.01513	0.01114	0.01500	0.06373	0.01964	0.01205	0.01210	0.02155	0.10295	0.05604	0.12103	0.05225	0.07231	0.03248	0.22763	0.00663	0.01212	0.13035	0.00691	0.00897
4	0.02048	0.01563	0.01712	0.01511	0.01894	0.01682	0.01156	0.23558	0.14614	0.03557	0.03785	0.20086	0.10027	0.07290	0.01218	0.00335	0.00708	0.01373	0.00804	0.01079
5	0.01400	0.01108	0.01586	0.02011	0.13838	0.01084	0.01200	0.05123	0.01935	0.02648	0.11930	0.43779	0.04860	0.02069	0.01013	0.00312	0.00609	0.01876	0.00741	0.00880
6	0.02421	0.30602	0.03481	0.02494	0.14635	0.19430	0.01787	0.02714	0.01890	0.02182	0.01291	0.01622	0.01147	0.00875	0.00963	0.00231	0.10168	0.00578	0.00396	0.01093

[dist]
# distance from previous block
# <min> <max>
0	1

[block]
# block no. 3 follows, 21 sequences, length 78
# corresponding to MSA columns:
# 112-189
name=unknown_D
#
# <colnr> <probs for GDERKNQSTAVLIFYWHMCP>
#	G	D	E	R	K	N	Q	S	T	A	V	L	I	F	Y	W	H	M	C	P
0	0.03067	0.07079	0.02516	0.02071	0.02579	0.45257	0.01608	0.15760	0.07021	0.02874	0.01614	0.01749	0.01276	0.00919	0.00780	0.00230	0.01315	0.00618	0.00552	0.01115
1	0.02405	0.01735	0.01982	0.01720	0.02047	0.09745	0.01380	0.06849	0.01950	0.18645	0.02194	0.02619	0.01747	0.02975	0.24226	0.00664	0.14637	0.00809	0.00620	0.01049
2	0.02401	0.02655	0.01813	0.01667	0.01993	0.36800	0.01263	0.02663	0.02111	0.02389	0.02594	0.02815	0.09313	0.01110	0.00897	0.00233	0.05882	0.00782	0.19718	0.00899
3	0.02196	0.06501	0.01939	0.04249	0.02103	0.01764	0.01216	0.19963	0.10937	0.09329	0.04650	0.04456	0.24344	0.01423	0.00888	0.00268	0.00705	0.01150	0.00796	0.01124
4	0.01869	0.01472	0.01582	0.01413	0.01796	0.01562	0.01084	0.17243	0.18226	0.03333	0.04700	0.14408	0.20227	0.05732	0.01141	0.00320	0.00653	0.01383	0.00809	0.01047
5	0.02460	0.02859	0.01934	0.01778	0.02045	0.41131	0.01285	0.02605	0.01958	0.01938	0.01754	0.02886	0.01757	0.23756	0.02064	0.00428	0.05287	0.00787	0.00460	0.00828
6	0.03205	0.03271	0.02478	0.02082	0.02635	0.36628	0.01632	0.30871	0.03157	0.03622	0.01657	0.01773	0.01261	0.00945	0.00807	0.00236	0.01254	0.00650	0.00632	0.01203
7	0.01860	0.01984	0.07877	0.04149	0.47507	0.01764	0.02270	0.02347	0.01927	0.02679	0.02967	0.03271	0.13657	0.01035	0.00872	0.00261	0.00917	0.00951	0.00488	0.01218
8	0.07600	0.04184	0.60579	0.02322	0.03522	0.01971	0.02968	0.02680	0.01769	0.02784	0.01500	0.01764	0.01066	0.00807	0.00786	0.00269	0.01210	0.00616	0.00373	0.01231
9	0.02108	0.01981	0.03132	0.04488	0.51610	0.02042	0.02345	0.03014	0.14846	0.02944	0.01993	0.02331	0.01611	0.00842	0.00847	0.00260	0.00940	0.00801	0.00515	0.01348
10	0.02953	0.03628	0.02631	0.02831	0.15717	0.53063	0.01848	0.03233	0.02312	0.02230	0.01375	0.01655	0.01149	0.00852	0.00783	0.00226	0.01424	0.00592	0.00435	0.01063
11	0.01051	0.00747	0.00983	0.01167	0.01213	0.00701	0.00771	0.01189	0.01602	0.02135	0.04548	0.65004	0.05449	0.07444	0.01316	0.00380	0.00517	0.02336	0.00771	0.00679
12	0.01834	0.03400	0.37622	0.02852	0.03859	0.02093	0.25304	0.02656	0.01838	0.02656	0.01569	0.01992	0.01162	0.00828	0.01040	0.00284	0.06654	0.00781	0.00387	0.01190
13	0.01051	0.00747	0.00983	0.01167	0.01213	0.00701	0.00771	0.01189	0.01602	0.02135	0.04548	0.65004	0.05449	0.07444	0.01316	0.00380	0.00517	0.02336	0.00771	0.00679
14	0.01006	0.00862	0.00862	0.00862	0.01149	0.00718	0.00647	0.01221	0.01940	0.02299	0.08621	0.08190	0.64438	0.02155	0.01006	0.00287	0.00431	0.01796	0.00790	0.00718
15	0.03001	0.03698	0.02439	0.02365	0.07025	0.55900	0.01685	0.03449	0.08185	0.02274	0.01541	0.01732	0.01258	0.00895	0.00782	0.00228	0.01415	0.00603	0.00478	0.01047
16	0.03179	0.04056	0.02412	0.02192	0.02631	0.66676	0.01644	0.03398	0.02412	0.02083	0.01315	0.01535	0.01096	0.00877	0.00767	0.00219	0.01535	0.00548	0.00438	0.00987
17	0.01707	0.04402	0.65683	0.02426	0.03683	0.01976	0.03144	0.02695	0.01797	0.02695	0.01527	0.01797	0.01078	0.00809	0.00809	0.00270	0.01258	0.00629	0.00359	0.01258
18	0.01029	0.00771	0.00956	0.01104	0.01213	0.00698	0.00754	0.01194	0.01707	0.02204	0.05672	0.54209	0.20322	0.02538	0.01066	0.00331	0.00478	0.02264	0.00790	0.00698
19	0.02549	0.03012	0.02098	0.02033	0.05665	0.41312	0.01461	0.03086	0.10732	0.02368	0.03057	0.03094	0.13698	0.01159	0.00832	0.00244	0.01171	0.00861	0.00566	0.01004
20	0.01812	0.01274	0.01396	0.01225	0.01420	0.01347	0.00833	0.18706	0.02033	0.02719	0.02498	0.04554	0.02620	0.50218	0.03330	0.00661	0.00857	0.01102	0.00612	0.00784
21	0.01037	0.00741	0.00987	0.01185	0.01234	0.00691	0.00790	0.01185	0.01629	0.02172	0.04690	0.69537	0.05629	0.02666	0.01086	0.00346	0.00494	0.02419	0.00790	0.00691
22	0.02106	0.02022	0.03454	0.05223	0.64784	0.02022	0.02612	0.02612	0.01938	0.02780	0.01601	0.02106	0.01348	0.00758	0.00842	0.00253	0.01011	0.00758	0.00421	0.01348
23	0.02004	0.01918	0.03270	0.18070	0.52735	0.01995	0.02561	0.02522	0.01889	0.02656	0.01583	0.02139	0.01304	0.00777	0.00844	0.00259	0.01036	0.00758	0.00412	0.01266
24	0.02790	0.02534	0.02051	0.01735	0.02210	0.23666	0.01362	0.26773	0.02894	0.03695	0.01988	0.02165	0.01519	0.00965	0.00757	0.00228	0.00998	0.00700	0.19847	0.01123
25	0.01033	0.00863	0.00900	0.00891	0.01166	0.00730	0.00668	0.01275	0.02005	0.02453	0.16349	0.07936	0.56614	0.02098	0.01005	0.00285	0.00427	0.01760	0.00811	0.00730
26	0.02783	0.01987	0.02127	0.01663	0.02248	0.02143	0.01359	0.45055	0.03375	0.04717	0.02160	0.02261	0.01588	0.00987	0.00782	0.00234	0.00801	0.00753	0.16399	0.06578
27	0.01810	0.03786	0.49585	0.03149	0.19489	0.01988	0.03006	0.02674	0.01833	0.02717	0.01546	0.01877	0.01148	0.00796	0.00817	0.00265	0.01194	0.00662	0.00375	0.01281
28	0.03179	0.04056	0.02412	0.02192	0.02631	0.66676	0.01644	0.03398	0.02412	0.02083	0.01315	0.01535	0.01096	0.00877	0.00767	0.00219	0.01535	0.00548	0.00438	0.00987
29	0.01951	0.02174	0.04584	0.11590	0.04507	0.02143	0.51084	0.02621	0.01933	0.02621	0.01663	0.02269	0.01262	0.00775	0.01080	0.00291	0.04960	0.00959	0.00421	0.01111
30	0.03179	0.04056	0.02412	0.02192	0.02631	0.66676	0.01644	0.03398	0.02412	0.02083	0.01315	0.01535	0.01096	0.00877	0.00767	0.00219	0.01535	0.00548	0.00438	0.00987
31	0.01006	0.00862	0.00862	0.00862	0.01149	0.00718	0.00647	0.01221	0.01940	0.02299	0.08621	0.08190	0.64438	0.02155	0.01006	0.00287	0.00431	0.01796	0.00790	0.00718
32	0.01214	0.00873	0.01158	0.01158	0.01254	0.00946	0.00814	0.01386	0.01344	0.01857	0.02783	0.04527	0.05838	0.32670	0.37269	0.01085	0.01576	0.01094	0.00499	0.00656
33	0.03179	0.04056	0.02412	0.02192	0.02631	0.66676	0.01644	0.03398	0.02412	0.02083	0.01315	0.01535	0.01096	0.00877	0.00767	0.00219	0.01535	0.00548	0.00438	0.00987
34	0.01062	0.00843	0.00954	0.00970	0.01195	0.00735	0.00711	0.01313	0.02007	0.02561	0.22159	0.18120	0.40090	0.02136	0.01019	0.00292	0.00434	0.01836	0.00828	0.00735
35	0.01016	0.00822	0.00903	0.00969	0.01177	0.00709	0.00694	0.01209	0.01837	0.02257	0.07324	0.28436	0.45029	0.02324	0.01032	0.00307	0.00452	0.02002	0.00790	0.00709
36	0.02048	0.01939	0.03289	0.04934	0.59792	0.01939	0.02513	0.02545	0.01939	0.02762	0.01831	0.02700	0.01629	0.00884	0.00869	0.00264	0.00993	0.05376	0.00450	0.01303
37	0.02457	0.02047	0.02438	0.29334	0.03878	0.06787	0.01868	0.29395	0.02802	0.03675	0.01815	0.02168	0.01336	0.00939	0.00830	0.00261	0.01029	0.00748	0.05027	0.01167
38	0.01006	0.00862	0.00862	0.00862	0.01149	0.00718	0.00647	0.01221	0.01940	0.02299	0.08621	0.08190	0.64438	0.02155	0.01006	0.00287	0.00431	0.01796	0.00790	0.00718
39	0.01736	0.01666	0.02889	0.50984	0.18183	0.01934	0.05946	0.02299	0.01770	0.02335	0.01544	0.02236	0.01189	0.00823	0.00858	0.00277	0.01126	0.00771	0.00390	0.01042
40	0.03179	0.04056	0.02412	0.02192	0.02631	0.66676	0.01644	0.03398	0.02412	0.02083	0.01315	0.01535	0.01096	0.00877	0.00767	0.00219	0.01535	0.00548	0.00438	0.00987
41	0.01295	0.00860	0.01110	0.01110	0.01221	0.00932	0.00791	0.01517	0.01406	0.02102	0.02509	0.04044	0.02457	0.26355	0.33206	0.00960	0.01431	0.00996	0.15009	0.00686
42	0.02506	0.02810	0.02522	0.02197	0.02428	0.29199	0.01754	0.06882	0.01956	0.02299	0.01265	0.01739	0.01132	0.01202	0.01814	0.00300	0.35906	0.00665	0.00434	0.00991
43	0.01238	0.00825	0.00928	0.00928	0.00928	0.00825	0.00516	0.01238	0.01238	0.01650	0.02681	0.05569	0.03094	0.70092	0.04331	0.00825	0.00825	0.01238	0.00516	0.00516
44	0.01808	0.01680	0.02817	0.25381	0.35842	0.01802	0.02302	0.02299	0.01840	0.02519	0.02021	0.07532	0.01862	0.01050	0.00889	0.00281	0.00997	0.05493	0.00462	0.01124
45	0.01707	0.04402	0.65683	0.02426	0.03683	0.01976	0.03144	0.02695	0.01797	0.02695	0.01527	0.01797	0.01078	0.00809	0.00809	0.00270	0.01258	0.00629	0.00359	0.01258
46	0.02645	0.43370	0.03621	0.01757	0.02367	0.29275	0.01533	0.02896	0.02008	0.02035	0.01237	0.01435	0.01094	0.00789	0.00637	0.00197	0.01166	0.00493	0.00394	0.01049
47	0.03235	0.02384	0.02554	0.01958	0.02639	0.02639	0.01618	0.61946	0.04001	0.05363	0.02043	0.02043	0.01447	0.01022	0.00851	0.00255	0.00936	0.00766	0.00851	0.01447
48	0.01006	0.00862	0.00862	0.00862	0.01149	0.00718	0.00647	0.01221	0.01940	0.02299	0.08621	0.08190	0.64438	0.02155	0.01006	0.00287	0.00431	0.01796	0.00790	0.00718
49	0.01037	0.00741	0.00987	0.01185	0.01234	0.00691	0.00790	0.01185	0.01629	0.02172	0.04690	0.69537	0.05629	0.02666	0.01086	0.00346	0.00494	0.02419	0.00790	0.00691
50	0.03235	0.02384	0.02554	0.01958	0.02639	0.02639	0.01618	0.61946	0.04001	0.05363	0.02043	0.02043	0.01447	0.01022	0.00851	0.00255	0.00936	0.00766	0.00851	0.01447
51	0.01045	0.00747	0.00994	0.01180	0.01236	0.00696	0.00791	0.01204	0.01665	0.02229	0.07430	0.66635	0.05739	0.02624	0.01082	0.00342	0.00489	0.02379	0.00797	0.00696
52	0.01765	0.01513	0.01765	0.01260	0.02017	0.01134	0.01008	0.02143	0.01765	0.02773	0.01513	0.01765	0.01260	0.00630	0.00630	0.00126	0.00630	0.00504	0.00504	0.75295
53	0.01869	0.01574	0.01821	0.01310	0.02061	0.01241	0.01052	0.06381	0.01923	0.02957	0.01550	0.01784	0.01274	0.00658	0.00646	0.00135	0.00652	0.00523	0.00529	0.70061
54	0.01045	0.00864	0.00916	0.00903	0.01173	0.00735	0.00677	0.01296	0.02031	0.02517	0.19510	0.07832	0.53414	0.02074	0.01005	0.00284	0.00425	0.01746	0.00819	0.00735
55	0.01238	0.00825	0.00928	0.00928	0.00928	0.00825	0.00516	0.01238	0.01238	0.01650	0.02681	0.05569	0.03094	0.70092	0.04331	0.00825	0.00825	0.01238	0.00516	0.00516
56	0.01006	0.00862	0.00862	0.00862	0.01149	0.00718	0.00647	0.01221	0.01940	0.02299	0.08621	0.08190	0.64438	0.02155	0.01006	0.00287	0.00431	0.01796	0.00790	0.00718
57	0.03179	0.04056	0.02412	0.02192	0.02631	0.66676	0.01644	0.03398	0.02412	0.02083	0.01315	0.01535	0.01096	0.00877	0.00767	0.00219	0.01535	0.00548	0.00438	0.00987
58	0.01994	0.01477	0.01634	0.06077	0.02028	0.01552	0.01134	0.24511	0.02682	0.03605	0.07542	0.04553	0.22096	0.04279	0.01019	0.00284	0.00684	0.01159	0.10671	0.01018
59	0.03139	0.08373	0.02378	0.01863	0.02379	0.36268	0.01466	0.09248	0.02477	0.16292	0.01927	0.01986	0.01429	0.00926	0.00765	0.00228	0.01167	0.00647	0.05914	0.01128
60	0.02841	0.02400	0.02238	0.01838	0.02367	0.14811	0.01472	0.38184	0.03185	0.04124	0.01989	0.02196	0.01522	0.01662	0.09066	0.00383	0.01179	0.00744	0.06580	0.01219
61	0.01464	0.00832	0.00983	0.00983	0.01166	0.00882	0.00750	0.01830	0.01647	0.02778	0.02612	0.03229	0.02164	0.02771	0.22418	0.00584	0.01018	0.00832	0.50275	0.00782
62	0.01803	0.03732	0.46381	0.02795	0.03926	0.02032	0.21774	0.02705	0.01864	0.02705	0.01589	0.01955	0.01146	0.00780	0.00871	0.00275	0.01314	0.00748	0.00382	0.01223
63	0.01216	0.00912	0.01368	0.01368	0.01520	0.01064	0.01064	0.01520	0.01368	0.01976	0.02279	0.03343	0.02127	0.06382	0.66720	0.01368	0.02279	0.00912	0.00456	0.00760
64	0.01006	0.00862	0.00862	0.00862	0.01149	0.00718	0.00647	0.01221	0.01940	0.02299	0.08621	0.08190	0.64438	0.02155	0.01006	0.00287	0.00431	0.01796	0.00790	0.00718
65	0.02141	0.01980	0.03041	0.02688	0.10509	0.02229	0.14358	0.13916	0.02081	0.02945	0.01621	0.02278	0.01397	0.05987	0.01774	0.00334	0.23866	0.00826	0.00502	0.05525
66	0.01204	0.00870	0.01138	0.01071	0.01271	0.00803	0.00803	0.01606	0.02409	0.03413	0.64335	0.06357	0.08030	0.01740	0.01004	0.00268	0.00401	0.01539	0.00937	0.00803
67	0.01765	0.03996	0.53985	0.02649	0.03831	0.02010	0.14435	0.02701	0.01838	0.02701	0.01565	0.01893	0.01119	0.00791	0.00846	0.00273	0.01292	0.00701	0.00373	0.01236
68	0.02347	0.65333	0.04297	0.01514	0.02220	0.08382	0.01471	0.02616	0.01783	0.02009	0.01194	0.01379	0.01092	0.00740	0.00564	0.00185	0.00960	0.00462	0.00370	0.01084
69	0.01037	0.00741	0.00987	0.01185	0.01234	0.00691	0.00790	0.01185	0.01629	0.02172	0.04690	0.69537	0.05629	0.02666	0.01086	0.00346	0.00494	0.02419	0.00790	0.00691
70	0.01586	0.00793	0.00793	0.00793	0.00991	0.00793	0.00595	0.01983	0.01785	0.03173	0.02776	0.03173	0.02181	0.00991	0.00595	0.00198	0.00397	0.00793	0.74817	0.00793
71	0.01951	0.21407	0.43740	0.02282	0.05853	0.05858	0.02603	0.02692	0.01819	0.02486	0.01430	0.01684	0.01094	0.00789	0.00740	0.00243	0.01172	0.00585	0.00368	0.01204
72	0.01199	0.00955	0.01340	0.06106	0.01717	0.01055	0.01063	0.01395	0.01571	0.02141	0.03805	0.50609	0.04440	0.02684	0.06591	0.00427	0.09515	0.01962	0.00679	0.00746
73	0.02388	0.02230	0.03663	0.02743	0.03355	0.02415	0.28403	0.22464	0.02523	0.03463	0.01697	0.02116	0.01305	0.00989	0.01345	0.00295	0.15977	0.00867	0.00559	0.01201
74	0.02534	0.01909	0.02100	0.01700	0.02253	0.02024	0.01357	0.38176	0.07443	0.04273	0.02592	0.15278	0.02322	0.01301	0.00869	0.00258	0.00791	0.01069	0.00795	0.10955
75	0.02742	0.36247	0.03402	0.01836	0.02415	0.36051	0.01553	0.02987	0.02081	0.02044	0.01251	0.01453	0.01094	0.00805	0.00660	0.00201	0.01233	0.00503	0.00402	0.01038
76	0.02662	0.03140	0.02615	0.02929	0.18905	0.40621	0.01866	0.02962	0.02138	0.02256	0.01455	0.01848	0.01246	0.01318	0.06132	0.00328	0.05442	0.00644	0.00431	0.01061
77	0.02867	0.02778	0.02745	0.02234	0.02802	0.29066	0.13241	0.06635	0.09165	0.13838	0.04665	0.02336	0.01789	0.00952	0.00855	0.00252	0.01196	0.00791	0.00637	0.01157

[dist]
# distance from previous block
# <min> <max>
13	86

[block]
# block no. 4 follows, 21 sequences, length 42
# corresponding to MSA columns:
# 278-319
name=unknown_E
#
# <colnr> <probs for GDERKNQSTAVLIFYWHMCP>
#	G	D	E	R	K	N	Q	S	T	A	V	L	I	F	Y	W	H	M	C	P
0	0.02027	0.02076	0.02109	0.18362	0.03052	0.17107	0.01556	0.02385	0.01849	0.02376	0.01655	0.05184	0.01442	0.00957	0.00970	0.00229	0.08218	0.00714	0.05141	0.22591
1	0.01876	0.01354	0.01465	0.01265	0.01534	0.01420	0.00904	0.21630	0.02264	0.02988	0.03297	0.04751	0.11115	0.37393	0.02697	0.00559	0.00807	0.01157	0.00667	0.00857
2	0.01378	0.01060	0.01375	0.01300	0.01523	0.01003	0.03487	0.04467	0.04423	0.02436	0.06421	0.34802	0.04108	0.16654	0.01698	0.00407	0.00649	0.01668	0.00691	0.10453
3	0.03182	0.03950	0.02421	0.02178	0.02631	0.62639	0.01643	0.07089	0.02512	0.02290	0.01361	0.01567	0.01118	0.00886	0.00773	0.00222	0.01497	0.00562	0.00465	0.01016
4	0.01654	0.07456	0.01677	0.01221	0.01725	0.09662	0.00968	0.01930	0.01924	0.02406	0.04624	0.04562	0.29358	0.01350	0.00808	0.00215	0.00683	0.01081	0.00611	0.26085
5	0.02106	0.02022	0.03454	0.05223	0.64784	0.02022	0.02612	0.02612	0.01938	0.02780	0.01601	0.02106	0.01348	0.00758	0.00842	0.00253	0.01011	0.00758	0.00421	0.01348
6	0.01607	0.01513	0.02552	0.68047	0.05861	0.01891	0.02363	0.02174	0.01702	0.02174	0.01513	0.02269	0.01134	0.00851	0.00851	0.00284	0.01134	0.00756	0.00378	0.00945
7	0.02816	0.06759	0.02404	0.01910	0.02450	0.24207	0.01515	0.23306	0.16256	0.03522	0.02348	0.02351	0.04340	0.01035	0.00815	0.00248	0.01058	0.00762	0.00683	0.01216
8	0.02275	0.70604	0.04459	0.01456	0.02184	0.03367	0.01456	0.02548	0.01729	0.02002	0.01183	0.01365	0.01092	0.00728	0.00546	0.00182	0.00910	0.00455	0.00364	0.01092
9	0.07558	0.02668	0.02289	0.01918	0.02477	0.20022	0.01519	0.29017	0.16958	0.03954	0.02115	0.02121	0.01581	0.00998	0.00811	0.00254	0.01023	0.00732	0.00721	0.01265
10	0.01656	0.01261	0.01430	0.01343	0.01693	0.01259	0.01100	0.15916	0.02461	0.03159	0.08530	0.07048	0.29054	0.01922	0.01019	0.00310	0.00655	0.18459	0.00810	0.00916
11	0.02000	0.28682	0.24495	0.01771	0.02673	0.05165	0.01930	0.02539	0.01791	0.02425	0.01384	0.01615	0.01128	0.00739	0.00665	0.00200	0.00989	0.00530	0.00399	0.18881
12	0.01202	0.00967	0.01229	0.01205	0.01361	0.00994	0.00903	0.01466	0.01951	0.02649	0.27420	0.22283	0.19983	0.02042	0.01263	0.00306	0.09498	0.01719	0.00789	0.00771
13	0.02291	0.01738	0.01886	0.01573	0.02015	0.01882	0.01208	0.27542	0.16021	0.03731	0.02628	0.07071	0.02326	0.17633	0.01686	0.00396	0.00807	0.01002	0.00749	0.05814
14	0.01636	0.00903	0.01193	0.01216	0.01417	0.00816	0.00871	0.01816	0.01836	0.15243	0.07463	0.44504	0.09835	0.02259	0.01130	0.03722	0.00543	0.01925	0.00832	0.00840
15	0.03169	0.03222	0.02257	0.01991	0.02481	0.44596	0.01524	0.03702	0.10511	0.15329	0.02022	0.02034	0.01504	0.00950	0.00799	0.00238	0.01253	0.00667	0.00622	0.01130
16	0.02217	0.66753	0.04289	0.01451	0.02147	0.03240	0.01434	0.02491	0.01709	0.02001	0.01244	0.01474	0.01149	0.01041	0.04203	0.00248	0.00986	0.00480	0.00369	0.01074
17	0.01154	0.00856	0.01000	0.01000	0.01131	0.00840	0.00678	0.01293	0.01504	0.01940	0.04610	0.05979	0.23697	0.33318	0.16645	0.00760	0.01005	0.01357	0.00596	0.00637
18	0.05686	0.02331	0.02929	0.18122	0.35552	0.15918	0.02270	0.02680	0.01965	0.02546	0.01501	0.01985	0.01227	0.00806	0.00813	0.00253	0.01134	0.00699	0.00420	0.01162
19	0.05577	0.00961	0.01085	0.01047	0.01203	0.01021	0.00737	0.04737	0.01582	0.02481	0.02507	0.03970	0.02412	0.28627	0.16283	0.00697	0.01009	0.00969	0.22376	0.00721
20	0.01238	0.00825	0.00928	0.00928	0.00928	0.00825	0.00516	0.01238	0.01238	0.01650	0.02681	0.05569	0.03094	0.70092	0.04331	0.00825	0.00825	0.01238	0.00516	0.00516
21	0.03179	0.04056	0.02412	0.02192	0.02631	0.66676	0.01644	0.03398	0.02412	0.02083	0.01315	0.01535	0.01096	0.00877	0.00767	0.00219	0.01535	0.00548	0.00438	0.00987
22	0.01472	0.01099	0.01344	0.01254	0.01533	0.01036	0.00929	0.09095	0.02211	0.03078	0.24148	0.30152	0.05307	0.01861	0.00965	0.00277	0.00537	0.01645	0.00808	0.11252
23	0.02628	0.02328	0.01965	0.01678	0.02123	0.20169	0.01318	0.24985	0.02764	0.03589	0.02043	0.02297	0.01592	0.01429	0.06369	0.00325	0.01083	0.00724	0.19497	0.01092
24	0.02042	0.02203	0.04491	0.04140	0.24859	0.02108	0.41706	0.02687	0.01985	0.02744	0.01681	0.02232	0.01310	0.00731	0.00950	0.00275	0.01291	0.00921	0.00427	0.01216
25	0.02106	0.02022	0.03454	0.05223	0.64784	0.02022	0.02612	0.02612	0.01938	0.02780	0.01601	0.02106	0.01348	0.00758	0.00842	0.00253	0.01011	0.00758	0.00421	0.01348
26	0.01295	0.01001	0.01211	0.01316	0.01468	0.01032	0.00923	0.01983	0.16358	0.02504	0.04397	0.53674	0.04904	0.02305	0.01034	0.00332	0.00537	0.02071	0.00808	0.00848
27	0.01073	0.00847	0.00962	0.01034	0.01239	0.00752	0.00769	0.01285	0.01834	0.02269	0.06854	0.22509	0.39697	0.05825	0.01219	0.00343	0.00513	0.09490	0.00775	0.00710
28	0.02473	0.56538	0.04067	0.01560	0.02278	0.03217	0.01489	0.14796	0.02198	0.02695	0.01360	0.01505	0.01165	0.00789	0.00609	0.00197	0.00916	0.00519	0.00465	0.01165
29	0.06152	0.03728	0.48500	0.02952	0.16728	0.01982	0.02899	0.02666	0.01807	0.02779	0.01523	0.01839	0.01127	0.00797	0.00799	0.00266	0.01169	0.00647	0.00382	0.01257
30	0.02756	0.03378	0.02187	0.02015	0.02391	0.52539	0.01519	0.02993	0.02187	0.02060	0.01523	0.01924	0.01318	0.02063	0.14977	0.00467	0.01695	0.00626	0.00442	0.00938
31	0.02113	0.02155	0.02498	0.03259	0.28547	0.17123	0.01960	0.02512	0.02058	0.02534	0.02518	0.04512	0.02492	0.01327	0.00937	0.00292	0.01059	0.20485	0.00548	0.01070
32	0.01522	0.01414	0.02195	0.30237	0.18348	0.01524	0.01840	0.01956	0.01839	0.02361	0.03945	0.04239	0.22661	0.01271	0.00901	0.00278	0.00866	0.01109	0.00528	0.00965
33	0.02185	0.02172	0.03377	0.05000	0.60199	0.06791	0.02540	0.02670	0.01973	0.02729	0.01580	0.02064	0.01329	0.00767	0.00837	0.00250	0.01050	0.00743	0.00423	0.01321
34	0.22062	0.22221	0.07312	0.01641	0.02254	0.16310	0.01472	0.08565	0.02011	0.02885	0.01387	0.01621	0.01143	0.01143	0.04515	0.00295	0.01086	0.00547	0.00477	0.01052
35	0.01961	0.01860	0.03153	0.13246	0.52293	0.01906	0.02444	0.02449	0.01884	0.02655	0.01817	0.07101	0.01635	0.00911	0.00862	0.00264	0.00989	0.00881	0.00443	0.01246
36	0.01942	0.01923	0.01826	0.01807	0.06576	0.15362	0.01256	0.02589	0.12601	0.02638	0.05674	0.19633	0.02915	0.01361	0.00852	0.00247	0.00815	0.01154	0.00641	0.18188
37	0.01685	0.02533	0.22902	0.02461	0.03250	0.01733	0.22695	0.02353	0.01754	0.02520	0.01793	0.02378	0.01444	0.02244	0.18362	0.00557	0.01544	0.00825	0.00420	0.06548
38	0.01064	0.00784	0.00947	0.01064	0.01162	0.00720	0.00709	0.01203	0.01637	0.02114	0.05288	0.43996	0.19256	0.14008	0.01619	0.00413	0.00535	0.02069	0.00743	0.00668
39	0.02184	0.42649	0.10225	0.01741	0.06151	0.02681	0.01594	0.07703	0.01958	0.02598	0.01563	0.01791	0.01303	0.00804	0.00627	0.00205	0.00878	0.00571	0.11664	0.01112
40	0.04556	0.09802	0.06412	0.01969	0.02521	0.12773	0.15711	0.02269	0.01958	0.02398	0.03875	0.03980	0.22625	0.01277	0.00966	0.00266	0.04063	0.01081	0.00543	0.00957
41	0.07279	0.01367	0.01533	0.01349	0.01641	0.01496	0.01024	0.17537	0.02119	0.02973	0.03131	0.04114	0.11279	0.21167	0.14736	0.00639	0.04047	0.01052	0.00628	0.00889

[dist]
# distance from previous block
# <min> <max>
55	64

[block]
# block no. 5 follows, 21 sequences, length 48
# corresponding to MSA columns:
# 392-439
name=unknown_F
#
# <colnr> <probs for GDERKNQSTAVLIFYWHMCP>
#	G	D	E	R	K	N	Q	S	T	A	V	L	I	F	Y	W	H	M	C	P
0	0.15856	0.02796	0.25092	0.08200	0.20332	0.02035	0.02368	0.08413	0.01980	0.03149	0.01533	0.01867	0.01165	0.00815	0.00773	0.00263	0.01036	0.00657	0.00458	0.01213
1	0.26332	0.02374	0.02090	0.01732	0.02272	0.14022	0.01400	0.25486	0.02639	0.06899	0.01636	0.01768	0.01225	0.00955	0.00867	0.00260	0.05603	0.00632	0.00649	0.01161
2	0.01035	0.00747	0.00981	0.01168	0.01230	0.00693	0.00782	0.01187	0.01646	0.02179	0.04903	0.66224	0.08805	0.02639	0.01082	0.00342	0.00490	0.02386	0.00790	0.00693
3	0.01037	0.00741	0.00987	0.01185	0.01234	0.00691	0.00790	0.01185	0.01629	0.02172	0.04690	0.69537	0.05629	0.02666	0.01086	0.00346	0.00494	0.02419	0.00790	0.00691
4	0.01047	0.00860	0.00899	0.00891	0.01146	0.00737	0.00654	0.01266	0.01937	0.02373	0.14488	0.07770	0.53071	0.07582	0.01274	0.00328	0.00459	0.01722	0.00785	0.00712
5	0.01765	0.01513	0.01765	0.01260	0.02017	0.01134	0.01008	0.02143	0.01765	0.02773	0.01513	0.01765	0.01260	0.00630	0.00630	0.00126	0.00630	0.00504	0.00504	0.75295
6	0.02106	0.02022	0.03454	0.05223	0.64784	0.02022	0.02612	0.02612	0.01938	0.02780	0.01601	0.02106	0.01348	0.00758	0.00842	0.00253	0.01011	0.00758	0.00421	0.01348
7	0.01060	0.00757	0.01014	0.01211	0.01271	0.00711	0.00830	0.01225	0.01652	0.02198	0.04678	0.65409	0.05578	0.02644	0.01092	0.00349	0.00514	0.06320	0.00790	0.00698
8	0.01224	0.00880	0.01207	0.01207	0.01303	0.00976	0.00863	0.01417	0.01320	0.01857	0.02426	0.04157	0.02481	0.29673	0.43912	0.01169	0.01748	0.01031	0.00478	0.00671
9	0.76103	0.01646	0.01251	0.01119	0.01646	0.01909	0.00922	0.02502	0.01448	0.03818	0.01185	0.01382	0.00922	0.00790	0.00527	0.00263	0.00658	0.00461	0.00527	0.00922
10	0.01679	0.01652	0.02992	0.56582	0.05610	0.01937	0.12916	0.02272	0.01756	0.02272	0.01550	0.02274	0.01162	0.00827	0.00878	0.00284	0.01188	0.00800	0.00387	0.00981
11	0.02117	0.01828	0.01924	0.01732	0.02213	0.02117	0.01347	0.04522	0.63246	0.03560	0.03464	0.03175	0.02598	0.01155	0.00866	0.00289	0.00673	0.00962	0.00866	0.01347
12	0.01342	0.01097	0.01609	0.01536	0.01659	0.01364	0.01219	0.01623	0.01355	0.01990	0.02053	0.03055	0.01931	0.05430	0.54274	0.01174	0.15178	0.00879	0.00440	0.00793
13	0.01739	0.04179	0.59277	0.02548	0.03764	0.01995	0.09327	0.02698	0.01819	0.02698	0.01548	0.01849	0.01101	0.00799	0.00829	0.00271	0.01276	0.00668	0.00367	0.01246
14	0.02038	0.01952	0.03331	0.13801	0.56739	0.02004	0.02578	0.02552	0.01906	0.02698	0.01589	0.02128	0.01319	0.00771	0.00844	0.00257	0.01028	0.00758	0.00415	0.01293
15	0.01077	0.00809	0.00998	0.01069	0.01223	0.00730	0.00757	0.01314	0.01932	0.02559	0.22706	0.35654	0.21533	0.02270	0.01042	0.00308	0.00451	0.02007	0.00832	0.00730
16	0.03179	0.04056	0.02412	0.02192	0.02631	0.66676	0.01644	0.03398	0.02412	0.02083	0.01315	0.01535	0.01096	0.00877	0.00767	0.00219	0.01535	0.00548	0.00438	0.00987
17	0.03401	0.02117	0.02389	0.01832	0.02506	0.02243	0.01513	0.45474	0.03555	0.22466	0.02418	0.02286	0.01635	0.01031	0.00853	0.00258	0.00876	0.00792	0.00909	0.01448
