[name]
unknown

[dist]
# distance from previous block
# <min> <max>
0	1

[block]
# block no. 0 follows, 22 sequences, length 39
# corresponding to MSA columns:
# 1-39
name=unknown_A
#
# <colnr> <probs for GDERKNQSTAVLIFYWHMCP>
#	G	D	E	R	K	N	Q	S	T	A	V	L	I	F	Y	W	H	M	C	P
0	0.01339	0.00956	0.01339	0.01530	0.01721	0.00956	0.01339	0.01721	0.01912	0.02486	0.04399	0.09371	0.04781	0.02295	0.01147	0.00382	0.00765	0.60031	0.00765	0.00765
1	0.01372	0.01214	0.02191	0.01855	0.02169	0.01293	0.15803	0.01766	0.01485	0.02104	0.02095	0.03018	0.01881	0.04904	0.51557	0.01082	0.02027	0.00912	0.00439	0.00833
2	0.18987	0.01501	0.01637	0.01330	0.01887	0.01455	0.01062	0.08339	0.06632	0.15114	0.04794	0.08556	0.02090	0.01031	0.00728	0.00228	0.00648	0.00820	0.00699	0.22460
3	0.31294	0.01994	0.01980	0.04301	0.02315	0.02252	0.01337	0.34827	0.05282	0.04459	0.01707	0.01800	0.01248	0.00909	0.00710	0.00255	0.00807	0.00641	0.00691	0.01192
4	0.15015	0.01992	0.02162	0.06134	0.05308	0.02216	0.01464	0.40533	0.03056	0.04472	0.01870	0.02008	0.01371	0.00935	0.00755	0.00247	0.00836	0.00700	0.07695	0.01232
5	0.01166	0.00876	0.01114	0.01148	0.01334	0.00770	0.00800	0.01369	0.01674	0.02326	0.09953	0.48699	0.04848	0.05054	0.01106	0.00311	0.00511	0.01888	0.00723	0.14330
6	0.01945	0.01540	0.04449	0.04446	0.02043	0.01523	0.01210	0.05511	0.28126	0.10439	0.06679	0.04170	0.16893	0.01318	0.00860	0.00270	0.00636	0.01094	0.05735	0.01111
7	0.02263	0.01263	0.01449	0.01211	0.01632	0.03722	0.00956	0.05501	0.02216	0.22562	0.17632	0.03724	0.06214	0.01174	0.00794	0.00230	0.00580	0.00972	0.17773	0.08131
8	0.01137	0.00797	0.01024	0.01089	0.01139	0.00815	0.00716	0.01254	0.01366	0.01855	0.03185	0.26688	0.03634	0.33095	0.17695	0.00770	0.01023	0.01522	0.00580	0.00616
9	0.01681	0.01591	0.02694	0.54180	0.19475	0.01875	0.02363	0.02221	0.01714	0.02258	0.01496	0.02178	0.01155	0.00810	0.00829	0.00270	0.01080	0.00739	0.00379	0.01013
10	0.01913	0.01741	0.02823	0.13652	0.42298	0.01804	0.02188	0.06213	0.02014	0.02807	0.06957	0.05369	0.02128	0.00986	0.00860	0.00262	0.00923	0.03388	0.00502	0.01173
11	0.01192	0.00845	0.01102	0.01083	0.01186	0.00874	0.00755	0.01399	0.01574	0.02203	0.20314	0.04960	0.04091	0.30446	0.23563	0.00820	0.01142	0.01190	0.00602	0.00660
12	0.02056	0.01974	0.03372	0.05099	0.65622	0.01974	0.02550	0.02550	0.01892	0.02714	0.01563	0.02056	0.01316	0.00740	0.00822	0.00247	0.00987	0.00740	0.00411	0.01316
13	0.01062	0.00840	0.00957	0.00938	0.01174	0.00734	0.00699	0.01344	0.02068	0.02683	0.31444	0.09866	0.39321	0.01959	0.00984	0.00275	0.00412	0.01676	0.00830	0.00734
14	0.01187	0.00890	0.01335	0.01335	0.01483	0.01038	0.01038	0.01483	0.01335	0.01928	0.02225	0.03264	0.02077	0.06231	0.67512	0.01335	0.02225	0.00890	0.00445	0.00742
15	0.31331	0.02044	0.01843	0.01516	0.02069	0.08224	0.01232	0.26202	0.02561	0.08243	0.01737	0.01826	0.01272	0.00897	0.00686	0.00246	0.00817	0.00621	0.05501	0.01132
16	0.03123	0.03357	0.02405	0.02056	0.02571	0.43510	0.01595	0.25298	0.02927	0.03216	0.01546	0.01681	0.01197	0.00908	0.00779	0.00227	0.01283	0.00614	0.00577	0.01129
17	0.01729	0.05613	0.11833	0.34122	0.18493	0.01914	0.05075	0.02308	0.01758	0.02368	0.01684	0.02542	0.01394	0.00889	0.00835	0.00270	0.01076	0.04634	0.00404	0.01061
18	0.02277	0.40171	0.14745	0.02053	0.08776	0.05909	0.01851	0.10718	0.02052	0.02595	0.01374	0.01575	0.01136	0.00773	0.00657	0.00211	0.00990	0.00549	0.00428	0.01161
19	0.14535	0.01899	0.01852	0.01522	0.02036	0.05353	0.01228	0.32044	0.05832	0.04109	0.05732	0.02995	0.10343	0.01140	0.00787	0.00251	0.00763	0.00870	0.05572	0.01135
20	0.01004	0.00806	0.00897	0.00951	0.01155	0.00699	0.00684	0.01206	0.01832	0.02278	0.10998	0.26831	0.43290	0.02229	0.01006	0.00297	0.00438	0.01922	0.00781	0.00699
21	0.01160	0.00798	0.00908	0.00934	0.00967	0.00778	0.00552	0.01200	0.01325	0.01740	0.03430	0.14440	0.09234	0.55098	0.03494	0.00693	0.00725	0.01416	0.00565	0.00545
22	0.01029	0.00832	0.00914	0.00918	0.01157	0.00718	0.00679	0.01274	0.01969	0.02479	0.20925	0.13494	0.46589	0.02059	0.00989	0.00282	0.00420	0.01754	0.00804	0.00718
23	0.01321	0.00894	0.01083	0.01009	0.01273	0.00791	0.00766	0.01642	0.02189	0.08244	0.39562	0.06564	0.27995	0.01788	0.00968	0.00268	0.00429	0.01536	0.00873	0.00807
24	0.76672	0.01607	0.01221	0.01092	0.01607	0.01864	0.00900	0.02442	0.01414	0.03727	0.01157	0.01350	0.00900	0.00771	0.00514	0.00257	0.00643	0.00450	0.00514	0.00900
25	0.01010	0.00818	0.00898	0.00931	0.01153	0.00705	0.00678	0.01227	0.01882	0.02342	0.14052	0.20879	0.46199	0.02163	0.00998	0.00290	0.00430	0.01853	0.00788	0.00705
26	0.03036	0.03761	0.02427	0.02326	0.06734	0.60453	0.01666	0.05735	0.02388	0.02211	0.01332	0.01556	0.01101	0.00854	0.00757	0.00218	0.01440	0.00557	0.00444	0.01005
27	0.02036	0.02092	0.06580	0.04960	0.62470	0.01972	0.02576	0.02554	0.01885	0.02710	0.01559	0.02041	0.01303	0.00743	0.00821	0.00248	0.00999	0.00734	0.00408	0.01311
28	0.02008	0.01924	0.03285	0.11428	0.59671	0.01961	0.02525	0.02507	0.01869	0.02655	0.01554	0.02072	0.01295	0.00749	0.00823	0.00250	0.00999	0.00740	0.00407	0.01277
29	0.01703	0.04043	0.58901	0.02508	0.03688	0.01950	0.10414	0.02635	0.01779	0.02635	0.01514	0.01814	0.01078	0.00778	0.00813	0.00265	0.01249	0.00659	0.00359	0.01215
30	0.02171	0.25863	0.31882	0.02011	0.02890	0.17230	0.02205	0.02740	0.01869	0.02277	0.01335	0.01560	0.01061	0.00779	0.00697	0.00224	0.01179	0.00541	0.00370	0.01116
31	0.02706	0.01358	0.01703	0.01402	0.01896	0.01296	0.01123	0.06046	0.12628	0.35501	0.17542	0.03869	0.06702	0.01251	0.00877	0.00263	0.00622	0.01048	0.00950	0.01218
32	0.01187	0.00890	0.01335	0.01335	0.01483	0.01038	0.01038	0.01483	0.01335	0.01928	0.02225	0.03264	0.02077	0.06231	0.67512	0.01335	0.02225	0.00890	0.00445	0.00742
33	0.02107	0.10320	0.35628	0.02374	0.03336	0.08303	0.12221	0.10887	0.02130	0.02867	0.01538	0.01800	0.01138	0.00802	0.00797	0.00251	0.01205	0.00667	0.00435	0.01195
34	0.01034	0.00844	0.00914	0.00897	0.01154	0.00724	0.00673	0.01294	0.02018	0.02539	0.23796	0.07510	0.49721	0.01994	0.00981	0.00275	0.00413	0.01685	0.00810	0.00724
35	0.02018	0.01588	0.01665	0.01494	0.01913	0.01803	0.01163	0.07620	0.45910	0.03502	0.03138	0.03028	0.02370	0.01082	0.00784	0.00259	0.00612	0.00889	0.17966	0.01197
36	0.01783	0.04049	0.59088	0.02480	0.06751	0.01973	0.02946	0.06516	0.01900	0.02803	0.01527	0.01785	0.01089	0.00800	0.00794	0.00261	0.01195	0.00629	0.00385	0.01244
37	0.01056	0.00766	0.00997	0.01105	0.01210	0.00707	0.00765	0.01275	0.01825	0.02469	0.21879	0.48131	0.10104	0.02315	0.01033	0.00312	0.00453	0.02080	0.00811	0.00707
38	0.11532	0.02170	0.13181	0.03231	0.31281	0.01760	0.02094	0.02934	0.01935	0.19083	0.01940	0.02117	0.01411	0.00826	0.00783	0.00253	0.00913	0.00708	0.00572	0.01276

[dist]
# distance from previous block
# <min> <max>
0	1

[block]
# block no. 1 follows, 22 sequences, length 135
# corresponding to MSA columns:
# 41-175
name=unknown_B
#
# <colnr> <probs for GDERKNQSTAVLIFYWHMCP>
#	G	D	E	R	K	N	Q	S	T	A	V	L	I	F	Y	W	H	M	C	P
0	0.01679	0.01589	0.02691	0.54375	0.19292	0.01875	0.02362	0.02219	0.01713	0.02257	0.01496	0.02179	0.01155	0.00810	0.00829	0.00270	0.01080	0.00739	0.00379	0.01012
1	0.05522	0.07653	0.02172	0.01581	0.02127	0.02121	0.01303	0.32400	0.11658	0.07745	0.04911	0.02454	0.01932	0.01010	0.00766	0.00241	0.00755	0.00778	0.11641	0.01231
2	0.01879	0.02188	0.12333	0.20500	0.41749	0.01936	0.02565	0.02455	0.01814	0.02555	0.01531	0.02052	0.01226	0.00770	0.00820	0.00257	0.01052	0.00721	0.00392	0.01206
3	0.01824	0.13565	0.44306	0.02731	0.13638	0.02142	0.05407	0.02598	0.01776	0.02548	0.01462	0.01764	0.01107	0.00766	0.00766	0.00249	0.01146	0.00626	0.00365	0.01214
4	0.01042	0.00844	0.00925	0.00905	0.01159	0.00727	0.00679	0.01309	0.02036	0.02582	0.26078	0.07438	0.47412	0.01978	0.00981	0.00275	0.00412	0.01675	0.00816	0.00727
5	0.01763	0.03179	0.37029	0.03026	0.15664	0.01921	0.13332	0.02512	0.01790	0.02599	0.01699	0.05815	0.01396	0.00893	0.00920	0.00271	0.03803	0.00808	0.00399	0.01182
6	0.01030	0.00843	0.00908	0.00892	0.01152	0.00722	0.00669	0.01285	0.02007	0.02514	0.22493	0.07551	0.51039	0.02003	0.00981	0.00276	0.00414	0.01691	0.00807	0.00722
7	0.01874	0.05204	0.02693	0.08312	0.38279	0.04754	0.01954	0.02321	0.01962	0.02746	0.13644	0.02867	0.02570	0.00949	0.00817	0.00243	0.00858	0.00862	0.05972	0.01118
8	0.09002	0.04807	0.12317	0.16727	0.19261	0.01996	0.05093	0.02306	0.01665	0.02506	0.01588	0.05818	0.01386	0.00977	0.01076	0.00278	0.10933	0.00784	0.00415	0.01065
9	0.02259	0.02417	0.02224	0.01961	0.02176	0.24632	0.01560	0.05879	0.01840	0.02280	0.01442	0.01950	0.01274	0.01603	0.07473	0.00377	0.30455	0.00680	0.06587	0.00930
10	0.01204	0.00815	0.00956	0.00952	0.00976	0.00825	0.00567	0.01253	0.01285	0.01737	0.06157	0.05289	0.03212	0.61163	0.09622	0.00821	0.00907	0.01197	0.00522	0.00540
11	0.01985	0.03009	0.29666	0.02668	0.05919	0.02036	0.20810	0.11437	0.05692	0.03050	0.01854	0.04718	0.01438	0.00881	0.00869	0.00270	0.01164	0.00837	0.00489	0.01209
12	0.01060	0.00806	0.00981	0.01055	0.01222	0.00727	0.00768	0.01296	0.01876	0.02444	0.18639	0.31473	0.25969	0.02222	0.01023	0.00306	0.00463	0.06155	0.00801	0.00713
13	0.01658	0.01589	0.01726	0.01587	0.01692	0.11082	0.01208	0.01829	0.01430	0.01879	0.01857	0.03164	0.01892	0.21445	0.21516	0.00741	0.21634	0.00876	0.00434	0.00759
14	0.18028	0.01607	0.02038	0.07862	0.11545	0.01754	0.04198	0.10326	0.09322	0.03279	0.02363	0.03500	0.02076	0.01142	0.00812	0.00279	0.00808	0.11933	0.06073	0.01052
15	0.02056	0.01974	0.03372	0.05099	0.65622	0.01974	0.02550	0.02550	0.01892	0.02714	0.01563	0.02056	0.01316	0.00740	0.00822	0.00247	0.00987	0.00740	0.00411	0.01316
16	0.06358	0.01747	0.01916	0.09330	0.07213	0.07970	0.01390	0.14857	0.07511	0.06205	0.11951	0.09030	0.08501	0.01283	0.00860	0.00264	0.00794	0.01067	0.00702	0.01051
17	0.02581	0.15444	0.02733	0.02223	0.11479	0.16294	0.01585	0.17699	0.05484	0.06656	0.02010	0.08459	0.01745	0.01038	0.00779	0.00238	0.00979	0.00814	0.00600	0.01160
18	0.01209	0.00876	0.01267	0.01267	0.01405	0.01004	0.00967	0.01486	0.01348	0.01968	0.02286	0.03439	0.02160	0.11420	0.58308	0.01225	0.01999	0.00910	0.04733	0.00723
19	0.01577	0.01361	0.02169	0.52596	0.04645	0.01678	0.01956	0.02081	0.01657	0.02301	0.01691	0.02362	0.01300	0.00888	0.00878	0.00265	0.04388	0.00745	0.14568	0.00894
20	0.03052	0.03598	0.02347	0.02081	0.02546	0.54297	0.01585	0.12037	0.06108	0.02581	0.01507	0.01662	0.01204	0.00892	0.00766	0.00223	0.01365	0.00589	0.00510	0.01049
21	0.01162	0.00804	0.01000	0.01041	0.01080	0.00821	0.00662	0.01249	0.01314	0.01781	0.02965	0.18967	0.03374	0.43919	0.15521	0.00805	0.01004	0.01396	0.00550	0.00585
22	0.01063	0.00830	0.00944	0.00942	0.01153	0.00733	0.00684	0.01310	0.01962	0.02535	0.25844	0.13243	0.36569	0.07000	0.01224	0.00318	0.00445	0.01692	0.00798	0.00711
23	0.11397	0.01468	0.02173	0.15667	0.25853	0.01546	0.01709	0.02023	0.01690	0.02492	0.02776	0.03174	0.13340	0.01273	0.01100	0.09167	0.00827	0.00892	0.00479	0.00957
24	0.01830	0.02053	0.08870	0.16102	0.35324	0.05502	0.02221	0.02323	0.01861	0.02487	0.02520	0.02889	0.10538	0.00967	0.00840	0.00257	0.00980	0.00863	0.00451	0.01124
25	0.02501	0.02589	0.02891	0.07393	0.34237	0.21578	0.02113	0.11522	0.02309	0.02844	0.01537	0.01890	0.01245	0.00817	0.00802	0.00239	0.01136	0.00680	0.00475	0.01202
26	0.24122	0.01835	0.02454	0.20298	0.27920	0.05190	0.01950	0.02445	0.01713	0.02827	0.01406	0.01860	0.01126	0.00779	0.00729	0.00256	0.00942	0.00643	0.00432	0.01073
27	0.08023	0.00906	0.01091	0.01146	0.01345	0.00853	0.00819	0.01642	0.01719	0.10411	0.04670	0.46575	0.13347	0.02169	0.00972	0.00312	0.00516	0.01911	0.00781	0.00792
28	0.01762	0.03717	0.51086	0.02700	0.12476	0.01949	0.02825	0.02791	0.07791	0.02724	0.01684	0.01928	0.01234	0.00815	0.00799	0.00263	0.01138	0.00664	0.00407	0.01249
29	0.01205	0.00869	0.01256	0.01265	0.01405	0.00990	0.00967	0.01487	0.01372	0.02009	0.02397	0.06710	0.02296	0.08659	0.56366	0.01177	0.01938	0.00970	0.05933	0.00730
30	0.01051	0.00800	0.00966	0.01018	0.01188	0.00716	0.00728	0.01291	0.01918	0.02521	0.23845	0.30420	0.26197	0.02167	0.01010	0.00296	0.00435	0.01903	0.00814	0.00716
31	0.04886	0.00811	0.00794	0.00788	0.00996	0.00823	0.00595	0.01958	0.01728	0.03125	0.02641	0.03020	0.02075	0.00959	0.00578	0.00196	0.00398	0.00760	0.72089	0.00780
32	0.02085	0.02020	0.03097	0.07292	0.52048	0.05017	0.02339	0.02803	0.09800	0.02753	0.01777	0.02170	0.01450	0.00799	0.00822	0.00251	0.00974	0.00756	0.00465	0.01282
33	0.01549	0.00774	0.00774	0.00774	0.00968	0.00774	0.00581	0.01936	0.01742	0.03097	0.02710	0.03097	0.02129	0.00968	0.00581	0.00194	0.00387	0.00774	0.75416	0.00774
34	0.01695	0.04128	0.61895	0.02567	0.08120	0.01933	0.03031	0.02625	0.01764	0.02637	0.01496	0.01776	0.01072	0.00786	0.00792	0.00262	0.01210	0.00623	0.00355	0.01234
35	0.76672	0.01607	0.01221	0.01092	0.01607	0.01864	0.00900	0.02442	0.01414	0.03727	0.01157	0.01350	0.00900	0.00771	0.00514	0.00257	0.00643	0.00450	0.00514	0.00900
36	0.01014	0.00838	0.00890	0.00887	0.01145	0.00714	0.00661	0.01252	0.01956	0.02416	0.17478	0.10115	0.53650	0.02057	0.00985	0.00280	0.00418	0.01736	0.00795	0.00714
37	0.01055	0.00745	0.00970	0.01133	0.01180	0.00706	0.00753	0.01187	0.01545	0.02057	0.04272	0.57963	0.05088	0.13009	0.01548	0.00411	0.00543	0.04455	0.00730	0.00652
38	0.76672	0.01607	0.01221	0.01092	0.01607	0.01864	0.00900	0.02442	0.01414	0.03727	0.01157	0.01350	0.00900	0.00771	0.00514	0.00257	0.00643	0.00450	0.00514	0.00900
39	0.01549	0.00774	0.00774	0.00774	0.00968	0.00774	0.00581	0.01936	0.01742	0.03097	0.02710	0.03097	0.02129	0.00968	0.00581	0.00194	0.00387	0.00774	0.75416	0.00774
40	0.00982	0.00842	0.00842	0.00842	0.01122	0.00701	0.00631	0.01192	0.01894	0.02244	0.08416	0.07995	0.65285	0.02104	0.00982	0.00281	0.00421	0.01753	0.00771	0.00701
41	0.01803	0.01762	0.03129	0.36391	0.28320	0.01926	0.09969	0.02352	0.01786	0.02415	0.01535	0.02158	0.01206	0.00780	0.00846	0.00266	0.01098	0.00769	0.00392	0.01097
42	0.01208	0.00805	0.00906	0.00906	0.00906	0.00805	0.00503	0.01208	0.01208	0.01611	0.02618	0.05436	0.03020	0.70804	0.04228	0.00805	0.00805	0.01208	0.00503	0.00503
43	0.01038	0.00747	0.01018	0.01183	0.01245	0.00728	0.00810	0.01204	0.01553	0.02093	0.04237	0.60520	0.04998	0.03130	0.10723	0.00482	0.00735	0.02148	0.00724	0.00685
44	0.03117	0.03561	0.02388	0.02084	0.02570	0.51626	0.01599	0.17852	0.02733	0.02815	0.01458	0.01619	0.01154	0.00891	0.00769	0.00223	0.01356	0.00587	0.00526	0.01073
45	0.01189	0.00882	0.01294	0.01294	0.01428	0.01016	0.00987	0.01457	0.01323	0.01898	0.02263	0.03473	0.02168	0.12461	0.61407	0.01284	0.02088	0.00921	0.00451	0.00719
46	0.01723	0.01477	0.01723	0.01230	0.01969	0.01107	0.00984	0.02092	0.01723	0.02707	0.01477	0.01723	0.01230	0.00615	0.00615	0.00123	0.00615	0.00492	0.00492	0.75883
47	0.01187	0.00890	0.01335	0.01335	0.01483	0.01038	0.01038	0.01483	0.01335	0.01928	0.02225	0.03264	0.02077	0.06231	0.67512	0.01335	0.02225	0.00890	0.00445	0.00742
48	0.01012	0.00723	0.00964	0.01157	0.01205	0.00675	0.00771	0.01157	0.01591	0.02121	0.04579	0.70262	0.05495	0.02603	0.01060	0.00337	0.00482	0.02362	0.00771	0.00675
49	0.01187	0.00890	0.01335	0.01335	0.01483	0.01038	0.01038	0.01483	0.01335	0.01928	0.02225	0.03264	0.02077	0.06231	0.67512	0.01335	0.02225	0.00890	0.00445	0.00742
50	0.01300	0.00877	0.01150	0.01066	0.01284	0.00805	0.00805	0.01689	0.02353	0.06395	0.62167	0.06041	0.07557	0.01666	0.00973	0.00261	0.00407	0.01470	0.00920	0.00815
51	0.01014	0.00784	0.00925	0.01013	0.01173	0.00696	0.00713	0.01208	0.01786	0.02280	0.11548	0.38237	0.31029	0.02312	0.01020	0.00307	0.00448	0.02028	0.00784	0.00696
52	0.01789	0.01561	0.01771	0.11289	0.02482	0.01776	0.01330	0.03471	0.43265	0.03046	0.04057	0.03897	0.14201	0.01269	0.00869	0.00281	0.00678	0.01064	0.00762	0.01142
53	0.02092	0.16884	0.03583	0.04308	0.51968	0.02256	0.02307	0.02536	0.01848	0.02551	0.01475	0.01900	0.01262	0.00734	0.00760	0.00232	0.00966	0.00677	0.00399	0.01262
54	0.02056	0.01974	0.03372	0.05099	0.65622	0.01974	0.02550	0.02550	0.01892	0.02714	0.01563	0.02056	0.01316	0.00740	0.00822	0.00247	0.00987	0.00740	0.00411	0.01316
55	0.01666	0.04297	0.66500	0.02368	0.03596	0.01929	0.03069	0.02631	0.01754	0.02631	0.01491	0.01754	0.01052	0.00789	0.00789	0.00263	0.01228	0.00614	0.00351	0.01228
56	0.02033	0.01950	0.03331	0.08095	0.62806	0.01968	0.02538	0.02529	0.01881	0.02686	0.01559	0.02064	0.01306	0.00744	0.00823	0.00248	0.00993	0.00740	0.00409	0.01297
57	0.01095	0.00846	0.00998	0.00960	0.01191	0.00749	0.00720	0.01411	0.02160	0.02877	0.41478	0.06953	0.31828	0.01868	0.00981	0.00269	0.00404	0.01607	0.00855	0.00749
58	0.47991	0.01531	0.01499	0.01244	0.01809	0.01611	0.01026	0.03074	0.01793	0.28290	0.01991	0.01931	0.01355	0.00872	0.00640	0.00257	0.00668	0.00601	0.00716	0.01102
59	0.01166	0.00833	0.01060	0.01056	0.01237	0.00806	0.00788	0.01481	0.01925	0.02716	0.30194	0.13478	0.14683	0.02683	0.13957	0.00477	0.00765	0.01452	0.08493	0.00748
60	0.01012	0.00723	0.00964	0.01157	0.01205	0.00675	0.00771	0.01157	0.01591	0.02121	0.04579	0.70262	0.05495	0.02603	0.01060	0.00337	0.00482	0.02362	0.00771	0.00675
61	0.01199	0.00802	0.00909	0.00918	0.00920	0.00799	0.00516	0.01206	0.01226	0.01635	0.02710	0.08485	0.03137	0.67598	0.04079	0.00783	0.00790	0.01262	0.00516	0.00511
62	0.03004	0.11565	0.02580	0.02059	0.02519	0.60221	0.01584	0.03224	0.02279	0.02024	0.01270	0.01479	0.01070	0.00840	0.00725	0.00210	0.01429	0.00525	0.00420	0.00975
63	0.01678	0.04216	0.64080	0.02412	0.03625	0.01936	0.05408	0.02632	0.01762	0.02632	0.01498	0.01773	0.01061	0.00786	0.00797	0.00264	0.01235	0.00628	0.00354	0.01224
64	0.01818	0.01818	0.02545	0.02181	0.02181	0.02545	0.01818	0.01999	0.01272	0.01999	0.01091	0.01818	0.01091	0.01454	0.02726	0.00364	0.69284	0.00727	0.00364	0.00909
65	0.02085	0.01901	0.03197	0.04488	0.53372	0.01899	0.05269	0.02683	0.05492	0.05536	0.04597	0.02344	0.01707	0.00816	0.00839	0.00251	0.00949	0.00802	0.00486	0.01287
66	0.01079	0.00845	0.00976	0.00943	0.01182	0.00743	0.00707	0.01380	0.02122	0.02788	0.36794	0.07100	0.36568	0.01901	0.00981	0.00271	0.00406	0.01628	0.00843	0.00743
67	0.01187	0.00890	0.01335	0.01335	0.01483	0.01038	0.01038	0.01483	0.01335	0.01928	0.02225	0.03264	0.02077	0.06231	0.67512	0.01335	0.02225	0.00890	0.00445	0.00742
68	0.02209	0.02045	0.01951	0.01752	0.02130	0.17206	0.03725	0.18668	0.02545	0.03143	0.08098	0.15298	0.03225	0.01538	0.00931	0.00284	0.00925	0.12636	0.00703	0.00989
69	0.01176	0.00849	0.01110	0.01045	0.01241	0.00784	0.00784	0.01568	0.02352	0.03331	0.65184	0.06206	0.07839	0.01698	0.00980	0.00261	0.00392	0.01502	0.00914	0.00784
70	0.02056	0.01974	0.03372	0.05099	0.65622	0.01974	0.02550	0.02550	0.01892	0.02714	0.01563	0.02056	0.01316	0.00740	0.00822	0.00247	0.00987	0.00740	0.00411	0.01316
71	0.02994	0.13194	0.02692	0.01958	0.02508	0.35974	0.01570	0.23529	0.02787	0.03115	0.01508	0.01644	0.01187	0.00883	0.00746	0.00221	0.01210	0.00595	0.00555	0.01132
72	0.01093	0.00846	0.00995	0.00958	0.01190	0.00749	0.00718	0.01407	0.02155	0.02866	0.40883	0.06972	0.32430	0.01872	0.00981	0.00270	0.00404	0.01610	0.00853	0.00749
73	0.01065	0.00733	0.00946	0.01111	0.01166	0.00691	0.00738	0.01217	0.01574	0.02155	0.04300	0.60666	0.05070	0.07425	0.01255	0.00361	0.00498	0.02162	0.06197	0.00670
74	0.01010	0.00732	0.00955	0.01134	0.01199	0.00677	0.00761	0.01159	0.01612	0.02130	0.04857	0.65750	0.09827	0.02567	0.01055	0.00333	0.00478	0.02318	0.00771	0.00677
75	0.01021	0.00843	0.00896	0.00883	0.01146	0.00718	0.00662	0.01268	0.01986	0.02464	0.19913	0.07633	0.53650	0.02022	0.00981	0.00277	0.00415	0.01702	0.00800	0.00718
76	0.01787	0.01515	0.01757	0.01261	0.01996	0.01173	0.01011	0.04814	0.01820	0.02820	0.01500	0.01735	0.01239	0.00632	0.00625	0.00129	0.00629	0.00504	0.00507	0.72546
77	0.01208	0.00805	0.00906	0.00906	0.00906	0.00805	0.00503	0.01208	0.01208	0.01611	0.02618	0.05436	0.03020	0.70804	0.04228	0.00805	0.00805	0.01208	0.00503	0.00503
78	0.01717	0.01585	0.02633	0.26875	0.32245	0.01703	0.02130	0.02213	0.01897	0.02622	0.13570	0.02897	0.02476	0.00953	0.00855	0.00260	0.00917	0.00884	0.00492	0.01076
79	0.01932	0.36433	0.36695	0.01914	0.02894	0.02581	0.02279	0.02562	0.01722	0.02307	0.01330	0.01552	0.01059	0.00752	0.00666	0.00222	0.01065	0.00533	0.00353	0.01150
80	0.02280	0.52970	0.03739	0.01537	0.02179	0.09271	0.01421	0.02896	0.12382	0.02221	0.01546	0.01649	0.01317	0.00796	0.00607	0.00199	0.00908	0.00537	0.00446	0.01099
81	0.01102	0.00990	0.03718	0.01001	0.01282	0.00792	0.00805	0.01430	0.02104	0.02773	0.34890	0.06890	0.35511	0.01858	0.00973	0.00271	0.00441	0.01587	0.00821	0.00762
82	0.01487	0.01149	0.01148	0.01090	0.01176	0.05776	0.00688	0.05871	0.01494	0.01921	0.02456	0.04794	0.02716	0.57497	0.06813	0.00748	0.00933	0.01110	0.00519	0.00615
83	0.05347	0.19727	0.39292	0.06880	0.03205	0.02253	0.02393	0.02680	0.06235	0.02546	0.01531	0.01766	0.01160	0.00797	0.00722	0.00245	0.01069	0.00598	0.00397	0.01158
84	0.02691	0.03221	0.02601	0.02782	0.16073	0.43943	0.01839	0.02961	0.02097	0.02175	0.01316	0.01665	0.01126	0.00918	0.01052	0.00243	0.11244	0.00607	0.00415	0.01031
85	0.01335	0.01010	0.01254	0.01222	0.01378	0.01116	0.00878	0.01872	0.12005	0.02094	0.02838	0.04216	0.05321	0.28026	0.30788	0.00921	0.01375	0.01050	0.00548	0.00753
86	0.03046	0.03864	0.02363	0.02142	0.02551	0.64565	0.01615	0.03258	0.02306	0.02032	0.01275	0.01512	0.01071	0.00883	0.00837	0.00221	0.04530	0.00544	0.00425	0.00961
87	0.01925	0.20418	0.34507	0.02249	0.03153	0.05536	0.10034	0.02577	0.01751	0.02382	0.01386	0.01704	0.01086	0.00820	0.00919	0.00251	0.07179	0.00624	0.00366	0.01133
88	0.01595	0.03796	0.56992	0.02175	0.03253	0.01763	0.02737	0.02476	0.01841	0.02733	0.10752	0.02401	0.02039	0.00921	0.00817	0.00263	0.01106	0.00743	0.00433	0.01163
89	0.02991	0.12505	0.02608	0.02049	0.02513	0.59325	0.01582	0.03212	0.02270	0.02023	0.01268	0.01477	0.01070	0.00838	0.00722	0.00209	0.01421	0.00524	0.00419	0.00976
90	0.01844	0.07780	0.49178	0.02270	0.03242	0.07864	0.02687	0.02603	0.01742	0.02459	0.01403	0.01715	0.01060	0.00875	0.01017	0.00267	0.09868	0.00612	0.00359	0.01155
91	0.01012	0.00723	0.00964	0.01157	0.01205	0.00675	0.00771	0.01157	0.01591	0.02121	0.04579	0.70262	0.05495	0.02603	0.01060	0.00337	0.00482	0.02362	0.00771	0.00675
92	0.01116	0.00847	0.01028	0.00983	0.01205	0.00759	0.00737	0.01453	0.02211	0.02998	0.47792	0.06754	0.25438	0.01823	0.00980	0.00267	0.00401	0.01579	0.00871	0.00759
93	0.01982	0.15507	0.10741	0.02998	0.03852	0.02309	0.45285	0.02625	0.01889	0.02524	0.01563	0.02022	0.01204	0.00711	0.00877	0.00259	0.01287	0.00844	0.00401	0.01121
94	0.01010	0.00790	0.00916	0.00996	0.01168	0.00696	0.00705	0.01206	0.01797	0.02275	0.11191	0.35175	0.34539	0.02291	0.01016	0.00304	0.00445	0.02001	0.00783	0.00696
95	0.01208	0.00805	0.00906	0.00906	0.00906	0.00805	0.00503	0.01208	0.01208	0.01611	0.02618	0.05436	0.03020	0.70804	0.04228	0.00805	0.00805	0.01208	0.00503	0.00503
96	0.01187	0.00890	0.01335	0.01335	0.01483	0.01038	0.01038	0.01483	0.01335	0.01928	0.02225	0.03264	0.02077	0.06231	0.67512	0.01335	0.02225	0.00890	0.00445	0.00742
97	0.03103	0.03959	0.02354	0.02140	0.02568	0.67469	0.01605	0.03317	0.02354	0.02033	0.01284	0.01498	0.01070	0.00856	0.00749	0.00214	0.01498	0.00535	0.00428	0.00963
98	0.03139	0.02887	0.02446	0.01990	0.02573	0.24822	0.01588	0.42443	0.03374	0.04138	0.01751	0.01824	0.01295	0.00949	0.00803	0.00237	0.01114	0.00675	0.00693	0.01259
99	0.01502	0.00992	0.01166	0.01067	0.01378	0.00905	0.00819	0.01957	0.06827	0.11248	0.28862	0.06261	0.30381	0.01734	0.00951	0.00270	0.00466	0.01475	0.00865	0.00874
100	0.03103	0.03959	0.02354	0.02140	0.02568	0.67469	0.01605	0.03317	0.02354	0.02033	0.01284	0.01498	0.01070	0.00856	0.00749	0.00214	0.01498	0.00535	0.00428	0.00963
101	0.01763	0.01774	0.02296	0.02007	0.02052	0.05528	0.01645	0.01945	0.01395	0.02028	0.01887	0.07212	0.06091	0.01555	0.02379	0.00348	0.55878	0.00911	0.00426	0.00879
102	0.02056	0.01974	0.03372	0.05099	0.65622	0.01974	0.02550	0.02550	0.01892	0.02714	0.01563	0.02056	0.01316	0.00740	0.00822	0.00247	0.00987	0.00740	0.00411	0.01316
103	0.01605	0.01542	0.01735	0.01629	0.01789	0.11377	0.01283	0.01865	0.01476	0.01959	0.01852	0.02702	0.01724	0.04446	0.44235	0.00968	0.15774	0.00803	0.00426	0.00809
104	0.01033	0.00800	0.00950	0.01058	0.01223	0.00716	0.00770	0.01232	0.01757	0.02213	0.06237	0.36593	0.31559	0.02352	0.01035	0.00317	0.00485	0.08201	0.00771	0.00696
105	0.01187	0.00890	0.01335	0.01335	0.01483	0.01038	0.01038	0.01483	0.01335	0.01928	0.02225	0.03264	0.02077	0.06231	0.67512	0.01335	0.02225	0.00890	0.00445	0.00742
106	0.01208	0.00805	0.00906	0.00906	0.00906	0.00805	0.00503	0.01208	0.01208	0.01611	0.02618	0.05436	0.03020	0.70804	0.04228	0.00805	0.00805	0.01208	0.00503	0.00503
107	0.03158	0.02327	0.02493	0.01911	0.02576	0.02576	0.01579	0.62852	0.03906	0.05236	0.01995	0.01995	0.01413	0.00997	0.00831	0.00249	0.00914	0.00748	0.00831	0.01413
108	0.01187	0.00890	0.01335	0.01335	0.01483	0.01038	0.01038	0.01483	0.01335	0.01928	0.02225	0.03264	0.02077	0.06231	0.67512	0.01335	0.02225	0.00890	0.00445	0.00742
109	0.02066	0.01785	0.01878	0.01691	0.02160	0.02066	0.01315	0.04414	0.64121	0.03475	0.03381	0.03099	0.02536	0.01127	0.00845	0.00282	0.00657	0.00939	0.00845	0.01315
110	0.01187	0.00890	0.01335	0.01335	0.01483	0.01038	0.01038	0.01483	0.01335	0.01928	0.02225	0.03264	0.02077	0.06231	0.67512	0.01335	0.02225	0.00890	0.00445	0.00742
111	0.03103	0.03959	0.02354	0.02140	0.02568	0.67469	0.01605	0.03317	0.02354	0.02033	0.01284	0.01498	0.01070	0.00856	0.00749	0.00214	0.01498	0.00535	0.00428	0.00963
112	0.01012	0.00723	0.00964	0.01157	0.01205	0.00675	0.00771	0.01157	0.01591	0.02121	0.04579	0.70262	0.05495	0.02603	0.01060	0.00337	0.00482	0.02362	0.00771	0.00675
113	0.02763	0.01591	0.01912	0.01487	0.02127	0.01478	0.01203	0.09210	0.14013	0.29610	0.02639	0.02471	0.01840	0.00921	0.00772	0.00221	0.00690	0.00745	0.00816	0.23491
114	0.02274	0.02250	0.01764	0.01596	0.01907	0.26730	0.01222	0.09208	0.02111	0.02632	0.01913	0.02403	0.01610	0.04494	0.10976	0.00413	0.05101	0.00711	0.19774	0.00911
115	0.02656	0.01880	0.01997	0.01597	0.02124	0.02066	0.01298	0.42605	0.07730	0.04546	0.02283	0.02364	0.01683	0.00999	0.00766	0.00237	0.00757	0.00769	0.20403	0.01238
116	0.01390	0.00931	0.01194	0.01148	0.01364	0.00886	0.00852	0.01867	0.06695	0.07637	0.43156	0.19511	0.06529	0.01803	0.00977	0.00279	0.00453	0.01598	0.00887	0.00845
117	0.01961	0.02241	0.04902	0.03501	0.04342	0.02101	0.62605	0.02661	0.01961	0.02661	0.01681	0.02241	0.01261	0.00700	0.00980	0.00280	0.01401	0.00980	0.00420	0.01120
118	0.02006	0.32644	0.31301	0.01882	0.02771	0.08232	0.02131	0.02580	0.01807	0.02323	0.04324	0.01761	0.01379	0.00804	0.00686	0.00222	0.01068	0.00576	0.00386	0.01115
119	0.03103	0.03959	0.02354	0.02140	0.02568	0.67469	0.01605	0.03317	0.02354	0.02033	0.01284	0.01498	0.01070	0.00856	0.00749	0.00214	0.01498	0.00535	0.00428	0.00963
120	0.01217	0.00923	0.01348	0.01332	0.01459	0.01083	0.01022	0.01480	0.01320	0.01901	0.02212	0.03407	0.02123	0.12202	0.58574	0.01241	0.05068	0.00913	0.00447	0.00726
121	0.01276	0.00885	0.01072	0.01060	0.01125	0.00924	0.00685	0.04001	0.01383	0.01876	0.02648	0.09518	0.02927	0.49007	0.17328	0.00860	0.01089	0.01204	0.00525	0.00607
122	0.01226	0.01092	0.01072	0.01114	0.01333	0.05629	0.00803	0.01568	0.06354	0.02273	0.06112	0.30207	0.33931	0.02127	0.00984	0.00297	0.00539	0.01831	0.00752	0.00755
123	0.01961	0.02241	0.04902	0.03501	0.04342	0.02101	0.62605	0.02661	0.01961	0.02661	0.01681	0.02241	0.01261	0.00700	0.00980	0.00280	0.01401	0.00980	0.00420	0.01120
124	0.02044	0.02008	0.03566	0.04896	0.57846	0.01990	0.10170	0.02564	0.01900	0.02707	0.01578	0.02080	0.01309	0.00735	0.00842	0.00251	0.01039	0.00771	0.00412	0.01291
125	0.02043	0.06942	0.42201	0.02205	0.03125	0.19068	0.02487	0.02738	0.01920	0.02434	0.01634	0.02224	0.01330	0.00913	0.00793	0.00255	0.01250	0.04920	0.00401	0.01118
126	0.01190	0.00836	0.01082	0.01092	0.01154	0.00893	0.00733	0.01317	0.01278	0.01764	0.02555	0.07718	0.02759	0.41375	0.29658	0.00997	0.01364	0.01136	0.00493	0.00608
127	0.01049	0.00749	0.01007	0.01199	0.01264	0.00707	0.00836	0.01221	0.01627	0.02162	0.04558	0.63336	0.05413	0.02568	0.01070	0.00343	0.00514	0.08921	0.00770	0.00685
128	0.01954	0.01870	0.03188	0.18390	0.53126	0.01947	0.02499	0.02460	0.01844	0.02591	0.01545	0.02089	0.01272	0.00759	0.00824	0.00253	0.01012	0.00740	0.00402	0.01234
129	0.76672	0.01607	0.01221	0.01092	0.01607	0.01864	0.00900	0.02442	0.01414	0.03727	0.01157	0.01350	0.00900	0.00771	0.00514	0.00257	0.00643	0.00450	0.00514	0.00900
130	0.29386	0.02872	0.01850	0.01678	0.02119	0.38703	0.01288	0.02867	0.02016	0.02743	0.06216	0.01811	0.01536	0.00891	0.00683	0.00233	0.01105	0.00580	0.00497	0.00926
131	0.01930	0.02244	0.04864	0.06432	0.02204	0.24438	0.01325	0.02355	0.05640	0.02425	0.14115	0.04167	0.19133	0.01360	0.00940	0.00256	0.03600	0.01067	0.00614	0.00892
132	0.01099	0.00995	0.03545	0.01042	0.01330	0.00803	0.00860	0.01400	0.01982	0.02511	0.18839	0.07594	0.42552	0.02000	0.00998	0.00291	0.00497	0.10132	0.00782	0.00748
133	0.01494	0.01635	0.09260	0.01988	0.06771	0.01657	0.01615	0.01847	0.01406	0.02089	0.01755	0.02572	0.01610	0.03780	0.35667	0.00843	0.21916	0.00799	0.00408	0.00890
134	0.05985	0.02514	0.01855	0.01692	0.02008	0.33155	0.01292	0.05398	0.02006	0.02404	0.01720	0.02210	0.01476	0.04327	0.11147	0.00418	0.06246	0.00672	0.12575	0.00896

[dist]
# distance from previous block
# <min> <max>
1	6

[block]
# block no. 2 follows, 22 sequences, length 85
# corresponding to MSA columns:
# 182-266
name=unknown_C
#
# <colnr> <probs for GDERKNQSTAVLIFYWHMCP>
#	G	D	E	R	K	N	Q	S	T	A	V	L	I	F	Y	W	H	M	C	P
0	0.02179	0.02093	0.02859	0.17030	0.36591	0.10597	0.02203	0.02802	0.07388	0.05650	0.01751	0.02143	0.01384	0.00822	0.00817	0.00252	0.01036	0.00735	0.00473	0.01195
1	0.02914	0.03621	0.02215	0.02024	0.02424	0.60263	0.01520	0.03142	0.02265	0.02082	0.01411	0.01681	0.01182	0.01166	0.04521	0.00276	0.01482	0.00568	0.04303	0.00941
2	0.02233	0.03093	0.19337	0.01936	0.02570	0.25293	0.01830	0.02680	0.01985	0.05007	0.05334	0.02228	0.04278	0.00971	0.00957	0.00236	0.07636	0.00688	0.00477	0.11232
3	0.01188	0.00886	0.01314	0.01314	0.01455	0.01027	0.01012	0.01470	0.01329	0.01913	0.02244	0.03370	0.02123	0.09390	0.64416	0.01309	0.02156	0.00906	0.00448	0.00730
4	0.01006	0.00815	0.00897	0.00958	0.01172	0.00706	0.00701	0.01207	0.01813	0.02222	0.07202	0.24757	0.46469	0.02246	0.01011	0.00300	0.00453	0.04596	0.00771	0.00697
5	0.01443	0.00722	0.01082	0.01082	0.01082	0.00722	0.00722	0.01082	0.01082	0.01443	0.01443	0.02525	0.01443	0.02886	0.03247	0.75830	0.00722	0.00722	0.00361	0.00361
6	0.03103	0.03959	0.02354	0.02140	0.02568	0.67469	0.01605	0.03317	0.02354	0.02033	0.01284	0.01498	0.01070	0.00856	0.00749	0.00214	0.01498	0.00535	0.00428	0.00963
7	0.05360	0.01351	0.01765	0.16209	0.02573	0.01547	0.01347	0.15151	0.01973	0.02756	0.02124	0.06220	0.01950	0.11818	0.23457	0.00693	0.01344	0.00917	0.00540	0.00903
8	0.01187	0.00890	0.01335	0.01335	0.01483	0.01038	0.01038	0.01483	0.01335	0.01928	0.02225	0.03264	0.02077	0.06231	0.67512	0.01335	0.02225	0.00890	0.00445	0.00742
9	0.01818	0.01818	0.02545	0.02181	0.02181	0.02545	0.01818	0.01999	0.01272	0.01999	0.01091	0.01818	0.01091	0.01454	0.02726	0.00364	0.69284	0.00727	0.00364	0.00909
10	0.02255	0.01531	0.01525	0.01285	0.01676	0.04482	0.01021	0.26077	0.02625	0.03895	0.02363	0.02589	0.01799	0.00974	0.00687	0.00217	0.00645	0.00753	0.42566	0.01035
11	0.02056	0.01974	0.03372	0.05099	0.65622	0.01974	0.02550	0.02550	0.01892	0.02714	0.01563	0.02056	0.01316	0.00740	0.00822	0.00247	0.00987	0.00740	0.00411	0.01316
12	0.02157	0.01712	0.02072	0.01933	0.08572	0.05339	0.01396	0.12688	0.02083	0.08716	0.01858	0.02242	0.01511	0.02064	0.15654	0.00465	0.07675	0.00706	0.00565	0.20594
13	0.01208	0.00805	0.00906	0.00906	0.00906	0.00805	0.00503	0.01208	0.01208	0.01611	0.02618	0.05436	0.03020	0.70804	0.04228	0.00805	0.00805	0.01208	0.00503	0.00503
14	0.01045	0.00812	0.00953	0.01010	0.01198	0.00721	0.00737	0.01277	0.01887	0.02422	0.17737	0.26931	0.33162	0.02190	0.01013	0.00299	0.00450	0.04645	0.00798	0.00712
15	0.01898	0.01812	0.03086	0.25772	0.46185	0.01932	0.02471	0.02411	0.01817	0.02522	0.01535	0.02108	0.01248	0.00770	0.00825	0.00257	0.01026	0.00740	0.00398	0.01188
16	0.02276	0.02535	0.03912	0.03506	0.17824	0.15416	0.33405	0.05842	0.02125	0.02677	0.01589	0.02035	0.01242	0.00756	0.00890	0.00257	0.01302	0.00823	0.00441	0.01148
17	0.03103	0.03959	0.02354	0.02140	0.02568	0.67469	0.01605	0.03317	0.02354	0.02033	0.01284	0.01498	0.01070	0.00856	0.00749	0.00214	0.01498	0.00535	0.00428	0.00963
18	0.01054	0.00833	0.00949	0.00944	0.01172	0.00728	0.00699	0.01323	0.02028	0.02620	0.28304	0.13302	0.39080	0.02007	0.00989	0.00279	0.00416	0.01722	0.00822	0.00728
19	0.01206	0.00815	0.00953	0.00953	0.00969	0.00831	0.00561	0.01238	0.01222	0.01645	0.02575	0.05201	0.02918	0.63812	0.11081	0.00863	0.00959	0.01174	0.00497	0.00529
20	0.01000	0.00816	0.00884	0.00923	0.01147	0.00700	0.00671	0.01206	0.01853	0.02279	0.10784	0.21624	0.48848	0.02191	0.00999	0.00292	0.00433	0.01873	0.00779	0.00700
21	0.01549	0.00774	0.00774	0.00774	0.00968	0.00774	0.00581	0.01936	0.01742	0.03097	0.02710	0.03097	0.02129	0.00968	0.00581	0.00194	0.00387	0.00774	0.75416	0.00774
22	0.01073	0.00770	0.01018	0.01115	0.01218	0.00715	0.00776	0.01309	0.01873	0.02570	0.27066	0.46494	0.06364	0.02267	0.01030	0.00309	0.00449	0.02043	0.00824	0.00715
23	0.01525	0.01056	0.01251	0.01105	0.01357	0.00989	0.00769	0.04424	0.01558	0.04949	0.02433	0.07639	0.02499	0.34791	0.09621	0.00606	0.00880	0.01021	0.03944	0.17586
24	0.01442	0.01056	0.01264	0.01212	0.01467	0.01058	0.00905	0.02196	0.15805	0.05986	0.31072	0.18575	0.11161	0.01762	0.00960	0.00283	0.00486	0.01544	0.00862	0.00901
25	0.00992	0.00842	0.00855	0.00852	0.01128	0.00706	0.00639	0.01211	0.01917	0.02300	0.11314	0.07904	0.62353	0.02083	0.00982	0.00280	0.00419	0.01740	0.00779	0.00706
26	0.02979	0.03290	0.02412	0.02083	0.02528	0.43036	0.01621	0.19141	0.02653	0.02888	0.01454	0.01666	0.01164	0.00959	0.00985	0.00240	0.08681	0.00613	0.00529	0.01078
27	0.76672	0.01607	0.01221	0.01092	0.01607	0.01864	0.00900	0.02442	0.01414	0.03727	0.01157	0.01350	0.00900	0.00771	0.00514	0.00257	0.00643	0.00450	0.00514	0.00900
28	0.01194	0.00863	0.01196	0.01196	0.01296	0.00963	0.00865	0.01394	0.01294	0.01825	0.02353	0.03969	0.02383	0.27184	0.46977	0.01163	0.01764	0.00993	0.00464	0.00664
29	0.01114	0.00784	0.00940	0.01008	0.01063	0.00759	0.00637	0.01202	0.01423	0.01874	0.03917	0.28426	0.10587	0.36228	0.05830	0.00610	0.00719	0.01658	0.00624	0.00597
30	0.01176	0.00942	0.01063	0.01016	0.01280	0.00877	0.00767	0.01684	0.08490	0.02836	0.32167	0.06726	0.34271	0.01830	0.00967	0.00272	0.00433	0.01562	0.00840	0.00800
31	0.01961	0.02241	0.04902	0.03501	0.04342	0.02101	0.62605	0.02661	0.01961	0.02661	0.01681	0.02241	0.01261	0.00700	0.00980	0.00280	0.01401	0.00980	0.00420	0.01120
32	0.03158	0.02327	0.02493	0.01911	0.02576	0.02576	0.01579	0.62852	0.03906	0.05236	0.01995	0.01995	0.01413	0.00997	0.00831	0.00249	0.00914	0.00748	0.00831	0.01413
33	0.02056	0.01974	0.03372	0.05099	0.65622	0.01974	0.02550	0.02550	0.01892	0.02714	0.01563	0.02056	0.01316	0.00740	0.00822	0.00247	0.00987	0.00740	0.00411	0.01316
34	0.01171	0.00813	0.00904	0.00902	0.00954	0.00788	0.00535	0.01220	0.01364	0.01783	0.06124	0.05875	0.13112	0.57034	0.03578	0.00700	0.00727	0.01307	0.00563	0.00546
35	0.01793	0.01313	0.01601	0.01416	0.01772	0.01359	0.03520	0.13494	0.08892	0.03202	0.05672	0.12820	0.02878	0.01827	0.07199	0.00360	0.00795	0.06033	0.17128	0.06927
36	0.01465	0.00782	0.00807	0.00807	0.00953	0.00782	0.00562	0.01756	0.01610	0.02730	0.02687	0.03674	0.02349	0.18201	0.01481	0.00345	0.00490	0.00881	0.56931	0.00707
37	0.02562	0.02680	0.19503	0.01970	0.02737	0.02198	0.01921	0.34398	0.09671	0.06819	0.02200	0.02501	0.01655	0.01030	0.00839	0.00264	0.00953	0.04074	0.00709	0.01316
38	0.76672	0.01607	0.01221	0.01092	0.01607	0.01864	0.00900	0.02442	0.01414	0.03727	0.01157	0.01350	0.00900	0.00771	0.00514	0.00257	0.00643	0.00450	0.00514	0.00900
39	0.02040	0.02009	0.03178	0.14797	0.52797	0.05642	0.02459	0.02527	0.01882	0.02584	0.01534	0.02049	0.01270	0.00761	0.00820	0.00250	0.01034	0.00728	0.00406	0.01235
40	0.05225	0.01198	0.01225	0.01142	0.01418	0.05994	0.00872	0.04295	0.01978	0.05771	0.17664	0.04834	0.20315	0.02213	0.09635	0.04649	0.00788	0.01180	0.08796	0.00807
41	0.01019	0.00843	0.00893	0.00880	0.01145	0.00717	0.00660	0.01264	0.01981	0.02451	0.19225	0.07654	0.54347	0.02027	0.00981	0.00277	0.00415	0.01706	0.00799	0.00717
42	0.02266	0.67866	0.04251	0.01458	0.02154	0.06564	0.01431	0.02530	0.01722	0.01959	0.01162	0.01341	0.01066	0.00718	0.00544	0.00180	0.00920	0.00449	0.00359	0.01061
43	0.01055	0.00844	0.00943	0.00918	0.01167	0.00732	0.00689	0.01333	0.02066	0.02652	0.29734	0.07323	0.43712	0.01952	0.00981	0.00273	0.00410	0.01659	0.00825	0.00732
44	0.02261	0.01864	0.01970	0.01703	0.02208	0.02120	0.01344	0.17162	0.48180	0.03811	0.03291	0.03065	0.04974	0.01140	0.00848	0.00275	0.00704	0.00932	0.00839	0.01310
45	0.01165	0.00787	0.00919	0.00961	0.00972	0.00777	0.00562	0.01197	0.01292	0.01723	0.03050	0.19731	0.03566	0.55766	0.03530	0.00702	0.00734	0.01462	0.00562	0.00541
46	0.01065	0.00845	0.00956	0.00928	0.01173	0.00737	0.00696	0.01352	0.02089	0.02708	0.32646	0.07231	0.40765	0.01931	0.00981	0.00272	0.00408	0.01646	0.00833	0.00737
47	0.22811	0.01464	0.01743	0.01377	0.01986	0.01389	0.01137	0.03628	0.02126	0.49854	0.02723	0.02441	0.01754	0.00961	0.00751	0.00257	0.00690	0.00735	0.00894	0.01279
48	0.01569	0.01477	0.02492	0.68808	0.05722	0.01846	0.02307	0.02123	0.01661	0.02123	0.01477	0.02215	0.01107	0.00831	0.00831	0.00277	0.01107	0.00738	0.00369	0.00923
49	0.01569	0.01477	0.02492	0.68808	0.05722	0.01846	0.02307	0.02123	0.01661	0.02123	0.01477	0.02215	0.01107	0.00831	0.00831	0.00277	0.01107	0.00738	0.00369	0.00923
50	0.02573	0.01762	0.01868	0.01498	0.01991	0.01921	0.01216	0.40699	0.03119	0.04458	0.02255	0.02396	0.01673	0.00987	0.00740	0.00229	0.00722	0.00758	0.27955	0.01181
51	0.02542	0.02992	0.02080	0.01897	0.02252	0.44324	0.01446	0.05540	0.02145	0.02172	0.01898	0.02256	0.04904	0.02037	0.14225	0.00451	0.04756	0.00694	0.00466	0.00922
52	0.02056	0.01974	0.03372	0.05099	0.65622	0.01974	0.02550	0.02550	0.01892	0.02714	0.01563	0.02056	0.01316	0.00740	0.00822	0.00247	0.00987	0.00740	0.00411	0.01316
53	0.01187	0.00890	0.01335	0.01335	0.01483	0.01038	0.01038	0.01483	0.01335	0.01928	0.02225	0.03264	0.02077	0.06231	0.67512	0.01335	0.02225	0.00890	0.00445	0.00742
54	0.03727	0.01414	0.01928	0.01478	0.02121	0.01221	0.01221	0.04049	0.02378	0.66198	0.03277	0.02828	0.02056	0.01028	0.00835	0.00257	0.00707	0.00835	0.01028	0.01414
55	0.76672	0.01607	0.01221	0.01092	0.01607	0.01864	0.00900	0.02442	0.01414	0.03727	0.01157	0.01350	0.00900	0.00771	0.00514	0.00257	0.00643	0.00450	0.00514	0.00900
56	0.02066	0.01785	0.01878	0.01691	0.02160	0.02066	0.01315	0.04414	0.64121	0.03475	0.03381	0.03099	0.02536	0.01127	0.00845	0.00282	0.00657	0.00939	0.00845	0.01315
57	0.01569	0.01477	0.02492	0.68808	0.05722	0.01846	0.02307	0.02123	0.01661	0.02123	0.01477	0.02215	0.01107	0.00831	0.00831	0.00277	0.01107	0.00738	0.00369	0.00923
58	0.01191	0.00875	0.01260	0.01260	0.01382	0.00998	0.00944	0.01435	0.01313	0.01873	0.02294	0.03645	0.02242	0.17569	0.56401	0.01242	0.01976	0.00946	0.00455	0.00700
59	0.01569	0.01477	0.02492	0.68808	0.05722	0.01846	0.02307	0.02123	0.01661	0.02123	0.01477	0.02215	0.01107	0.00831	0.00831	0.00277	0.01107	0.00738	0.00369	0.00923
60	0.02056	0.01974	0.03372	0.05099	0.65622	0.01974	0.02550	0.02550	0.01892	0.02714	0.01563	0.02056	0.01316	0.00740	0.00822	0.00247	0.00987	0.00740	0.00411	0.01316
61	0.01569	0.01477	0.02492	0.68808	0.05722	0.01846	0.02307	0.02123	0.01661	0.02123	0.01477	0.02215	0.01107	0.00831	0.00831	0.00277	0.01107	0.00738	0.00369	0.00923
62	0.76672	0.01607	0.01221	0.01092	0.01607	0.01864	0.00900	0.02442	0.01414	0.03727	0.01157	0.01350	0.00900	0.00771	0.00514	0.00257	0.00643	0.00450	0.00514	0.00900
63	0.01009	0.00816	0.00897	0.00933	0.01153	0.00704	0.00678	0.01225	0.01876	0.02334	0.13664	0.21533	0.45934	0.02170	0.00999	0.00291	0.00431	0.01860	0.00787	0.00704
64	0.03103	0.03959	0.02354	0.02140	0.02568	0.67469	0.01605	0.03317	0.02354	0.02033	0.01284	0.01498	0.01070	0.00856	0.00749	0.00214	0.01498	0.00535	0.00428	0.00963
65	0.02687	0.01623	0.01924	0.01559	0.02072	0.01686	0.01268	0.27421	0.02745	0.21323	0.03095	0.03132	0.08642	0.02173	0.14198	0.00472	0.01065	0.00910	0.00803	0.01202
