[name]
unknown

[dist]
# distance from previous block
# <min> <max>
0	0

[block]
# block no. 0 follows, 21 sequences, length 23
# corresponding to MSA columns:
# 0-22
name=unknown_A
#
# <colnr> <probs for GDERKNQSTAVLIFYWHMCP>
#	G	D	E	R	K	N	Q	S	T	A	V	L	I	F	Y	W	H	M	C	P
0	0.01371	0.00980	0.01371	0.01567	0.01763	0.00980	0.01371	0.01763	0.01959	0.02547	0.04506	0.09599	0.04898	0.02351	0.01175	0.00392	0.00784	0.59056	0.00784	0.00784
1	0.01862	0.04365	0.59012	0.02401	0.03572	0.08798	0.02986	0.02769	0.01862	0.02630	0.01505	0.01769	0.01080	0.00816	0.00804	0.00264	0.01287	0.00620	0.00368	0.01229
2	0.01081	0.00774	0.01027	0.01155	0.01244	0.00720	0.00793	0.01295	0.01833	0.02496	0.20272	0.53032	0.06256	0.02424	0.01065	0.00325	0.00470	0.02189	0.00828	0.00720
3	0.02468	0.27641	0.03090	0.01818	0.02332	0.18964	0.01537	0.06074	0.14983	0.02525	0.01734	0.01884	0.01432	0.00961	0.00953	0.00240	0.09095	0.00636	0.00514	0.01118
4	0.01478	0.00739	0.01109	0.01109	0.01109	0.00739	0.00739	0.01109	0.01109	0.01478	0.01478	0.02587	0.01478	0.02956	0.03326	0.75240	0.00739	0.00739	0.00370	0.00370
5	0.01839	0.01749	0.02972	0.38832	0.33262	0.01952	0.02479	0.02378	0.01811	0.02456	0.01554	0.02193	0.01234	0.00808	0.00847	0.00269	0.01077	0.00757	0.00398	0.01133
6	0.01707	0.04402	0.65683	0.02426	0.03683	0.01976	0.03144	0.02695	0.01797	0.02695	0.01527	0.01797	0.01078	0.00809	0.00809	0.00270	0.01258	0.00629	0.00359	0.01258
7	0.02736	0.15939	0.02691	0.01904	0.02438	0.30115	0.01528	0.10522	0.18364	0.02845	0.01938	0.01992	0.01530	0.00938	0.00761	0.00235	0.01119	0.00665	0.00585	0.01156
8	0.01238	0.00825	0.00928	0.00928	0.00928	0.00825	0.00516	0.01238	0.01238	0.01650	0.02681	0.05569	0.03094	0.70092	0.04331	0.00825	0.00825	0.01238	0.00516	0.00516
9	0.01891	0.25825	0.45871	0.02112	0.03198	0.02426	0.02598	0.02648	0.01775	0.02471	0.01416	0.01657	0.01083	0.00782	0.00724	0.00241	0.01145	0.00573	0.00361	0.01204
10	0.02177	0.07748	0.38284	0.02379	0.03406	0.02257	0.09482	0.18176	0.02393	0.03353	0.01663	0.01893	0.01200	0.00849	0.00826	0.00262	0.01173	0.00698	0.00497	0.01284
11	0.01050	0.00856	0.00928	0.00926	0.01181	0.00735	0.00689	0.01300	0.02020	0.02527	0.20169	0.11600	0.48859	0.02099	0.01010	0.00287	0.00429	0.01780	0.00821	0.00735
12	0.01566	0.03471	0.48812	0.02078	0.03051	0.01663	0.02532	0.02385	0.01910	0.02808	0.14339	0.06797	0.02749	0.01108	0.00864	0.00274	0.01040	0.00920	0.00501	0.01132
13	0.01009	0.00848	0.00877	0.00901	0.01160	0.00715	0.00664	0.01217	0.01903	0.02284	0.08152	0.15516	0.57415	0.02216	0.01015	0.00294	0.00439	0.01870	0.00790	0.00715
14	0.02192	0.01825	0.02214	0.12898	0.08892	0.02040	0.01624	0.18558	0.24386	0.03577	0.03207	0.03226	0.09321	0.01151	0.00874	0.00275	0.00822	0.00957	0.00730	0.01232
15	0.01050	0.00794	0.00936	0.01039	0.01167	0.00717	0.00706	0.01204	0.01694	0.02155	0.05858	0.39937	0.26379	0.10535	0.01445	0.00382	0.00511	0.02055	0.00757	0.00680
16	0.02150	0.02245	0.02965	0.24882	0.33977	0.14284	0.02348	0.02621	0.01952	0.02452	0.01518	0.02050	0.01231	0.00811	0.00831	0.00256	0.01150	0.00718	0.00411	0.01150
17	0.02042	0.01980	0.03233	0.04443	0.48443	0.02175	0.02416	0.02464	0.01772	0.02589	0.01474	0.02042	0.01288	0.00949	0.01352	0.00284	0.18651	0.00755	0.00408	0.01239
18	0.01861	0.04080	0.58098	0.02532	0.07144	0.01934	0.02995	0.02781	0.01845	0.06601	0.01645	0.01883	0.01158	0.00821	0.00813	0.00268	0.01210	0.00650	0.00406	0.01275
19	0.08336	0.01969	0.02795	0.03801	0.40709	0.05116	0.02068	0.02949	0.09456	0.08340	0.02233	0.02478	0.04215	0.00900	0.00824	0.00259	0.00917	0.00801	0.00556	0.01277
20	0.05618	0.07800	0.07625	0.02604	0.11389	0.13129	0.09001	0.15602	0.02371	0.03136	0.04095	0.02051	0.01506	0.00963	0.01057	0.00263	0.09355	0.00739	0.00530	0.01168
21	0.17602	0.02406	0.16980	0.01646	0.02284	0.08463	0.01577	0.02571	0.08118	0.02781	0.01674	0.02012	0.01348	0.01424	0.05125	0.09264	0.01002	0.00631	0.00486	0.12607
22	0.13212	0.06264	0.31231	0.08287	0.16321	0.02042	0.02455	0.02688	0.04831	0.02851	0.01569	0.01887	0.01192	0.00812	0.00766	0.00263	0.01058	0.00650	0.00425	0.01195

[dist]
# distance from previous block
# <min> <max>
1	19

[block]
# block no. 1 follows, 21 sequences, length 7
# corresponding to MSA columns:
# 42-48
name=unknown_B
#
# <colnr> <probs for GDERKNQSTAVLIFYWHMCP>
#	G	D	E	R	K	N	Q	S	T	A	V	L	I	F	Y	W	H	M	C	P
0	0.01636	0.07667	0.07426	0.01417	0.01791	0.01415	0.01207	0.11953	0.02302	0.03137	0.22271	0.26062	0.04848	0.01755	0.00947	0.00284	0.00647	0.01525	0.00769	0.00942
1	0.01167	0.00795	0.00949	0.01018	0.01035	0.00778	0.00612	0.01219	0.01375	0.01833	0.03386	0.27989	0.03982	0.46460	0.03194	0.00657	0.00709	0.01652	0.00612	0.00577
2	0.02166	0.02202	0.14304	0.01763	0.02346	0.01852	0.01632	0.27786	0.02698	0.03708	0.07843	0.08808	0.02522	0.05362	0.10624	0.00457	0.01101	0.01002	0.00684	0.01139
3	0.02784	0.17855	0.02781	0.01911	0.02454	0.31695	0.01542	0.11366	0.14303	0.02797	0.01803	0.01886	0.01435	0.00918	0.00750	0.00230	0.01151	0.00638	0.00561	0.01142
4	0.01605	0.04811	0.01321	0.01118	0.01296	0.00995	0.00779	0.01770	0.01725	0.10915	0.14342	0.18273	0.04266	0.30320	0.02364	0.00511	0.00670	0.01439	0.00715	0.00765
5	0.01307	0.01012	0.01279	0.11935	0.01944	0.01042	0.00968	0.04697	0.01718	0.02209	0.04316	0.19696	0.17835	0.23901	0.02062	0.00471	0.00714	0.01529	0.00638	0.00724
6	0.01946	0.01434	0.01933	0.01678	0.01938	0.04828	0.05960	0.02258	0.01710	0.11344	0.02393	0.08838	0.02112	0.02475	0.16376	0.00536	0.16226	0.00972	0.14104	0.00938

[dist]
# distance from previous block
# <min> <max>
10	15

[block]
# block no. 2 follows, 21 sequences, length 181
# corresponding to MSA columns:
# 64-244
name=unknown_C
#
# <colnr> <probs for GDERKNQSTAVLIFYWHMCP>
#	G	D	E	R	K	N	Q	S	T	A	V	L	I	F	Y	W	H	M	C	P
0	0.13452	0.15142	0.33448	0.06326	0.02956	0.02080	0.02169	0.02527	0.01722	0.02764	0.01546	0.01835	0.01178	0.00814	0.00698	0.00246	0.01001	0.00598	0.08394	0.01104
1	0.02266	0.02488	0.02436	0.06632	0.18097	0.25501	0.01761	0.02538	0.01894	0.02198	0.01700	0.04886	0.01630	0.11289	0.01612	0.00347	0.10481	0.00812	0.00446	0.00986
2	0.02443	0.02105	0.13901	0.02199	0.10996	0.01661	0.01762	0.03461	0.17867	0.21877	0.10023	0.03064	0.02638	0.01074	0.00865	0.00270	0.00812	0.00908	0.00775	0.01297
3	0.02237	0.02141	0.03727	0.04358	0.40923	0.02140	0.17442	0.10828	0.02240	0.03123	0.01692	0.02145	0.01347	0.00784	0.00885	0.00262	0.01108	0.00822	0.00483	0.01311
4	0.02440	0.44820	0.03702	0.01744	0.02300	0.18768	0.01558	0.02687	0.01838	0.02028	0.01206	0.01475	0.01097	0.00870	0.00910	0.00217	0.10395	0.00518	0.00383	0.01044
5	0.01053	0.00834	0.00948	0.00982	0.01195	0.00729	0.00713	0.01290	0.01959	0.02492	0.18881	0.22654	0.38869	0.02195	0.01025	0.00297	0.00440	0.01895	0.00820	0.00729
6	0.01037	0.00741	0.00987	0.01185	0.01234	0.00691	0.00790	0.01185	0.01629	0.02172	0.04690	0.69537	0.05629	0.02666	0.01086	0.00346	0.00494	0.02419	0.00790	0.00691
7	0.01018	0.00863	0.00879	0.00875	0.01157	0.00724	0.00656	0.01245	0.01969	0.02369	0.12116	0.08075	0.60900	0.02129	0.01006	0.00286	0.00429	0.01780	0.00799	0.00724
8	0.02541	0.02039	0.02163	0.01818	0.02375	0.02315	0.01450	0.26330	0.40747	0.04245	0.02924	0.02745	0.02161	0.01104	0.00860	0.00276	0.00773	0.00888	0.00860	0.01385
9	0.01844	0.20408	0.50880	0.02191	0.03321	0.02313	0.02736	0.02660	0.01780	0.02528	0.01444	0.01692	0.01081	0.00789	0.00745	0.00248	0.01174	0.00587	0.00360	0.01218
10	0.01920	0.01203	0.01484	0.01364	0.01700	0.01203	0.01055	0.02756	0.16988	0.15253	0.25794	0.13837	0.05038	0.01631	0.00964	0.00290	0.00567	0.04996	0.00912	0.01043
11	0.01216	0.00912	0.01368	0.01368	0.01520	0.01064	0.01064	0.01520	0.01368	0.01976	0.02279	0.03343	0.02127	0.06382	0.66720	0.01368	0.02279	0.00912	0.00456	0.00760
12	0.01033	0.00863	0.00900	0.00891	0.01166	0.00730	0.00668	0.01274	0.02004	0.02453	0.16309	0.07937	0.56655	0.02098	0.01005	0.00285	0.00427	0.01761	0.00810	0.00730
13	0.02020	0.01934	0.03298	0.16111	0.54572	0.01999	0.02569	0.02536	0.01897	0.02675	0.01585	0.02134	0.01311	0.00774	0.00844	0.00258	0.01032	0.00758	0.00414	0.01278
14	0.01058	0.00864	0.00934	0.00916	0.01181	0.00740	0.00687	0.01321	0.02062	0.02589	0.23127	0.07713	0.49751	0.02047	0.01005	0.00282	0.00423	0.01729	0.00828	0.00740
15	0.02033	0.02273	0.10489	0.01613	0.02072	0.17659	0.01407	0.05553	0.02411	0.06748	0.32909	0.04081	0.04627	0.01316	0.00900	0.00255	0.00852	0.01083	0.00734	0.00984
16	0.02024	0.27440	0.03428	0.02019	0.02337	0.02864	0.04995	0.02271	0.01500	0.02068	0.01175	0.01701	0.01117	0.01164	0.01859	0.00297	0.39712	0.00651	0.00372	0.01003
17	0.02305	0.02400	0.03261	0.04660	0.53239	0.14032	0.02432	0.02758	0.02026	0.02651	0.01548	0.02000	0.01301	0.00780	0.00829	0.00247	0.01108	0.00719	0.00424	0.01281
18	0.03122	0.08231	0.02540	0.02146	0.02603	0.62704	0.01632	0.03345	0.02369	0.02078	0.01307	0.01524	0.01096	0.00868	0.00753	0.00217	0.01495	0.00542	0.00434	0.00993
19	0.02389	0.25482	0.07211	0.05439	0.14891	0.22069	0.01864	0.02751	0.01960	0.02230	0.01407	0.01747	0.01206	0.01124	0.04617	0.00287	0.01233	0.00594	0.00404	0.01095
20	0.02375	0.01554	0.01772	0.01534	0.02017	0.01614	0.01238	0.13518	0.20547	0.16884	0.04329	0.04649	0.14748	0.01445	0.00925	0.00289	0.00695	0.07790	0.00879	0.01197
21	0.01109	0.00873	0.00997	0.01033	0.01263	0.00778	0.00792	0.01364	0.01948	0.02448	0.14911	0.11913	0.39629	0.05914	0.01223	0.00336	0.00512	0.11435	0.00794	0.00728
22	0.13245	0.03618	0.02260	0.02029	0.02495	0.53690	0.01543	0.06976	0.02379	0.02530	0.01343	0.01546	0.01094	0.00874	0.00739	0.00228	0.01376	0.00550	0.00477	0.01007
23	0.01012	0.00840	0.00885	0.00922	0.01165	0.00713	0.00673	0.01215	0.01882	0.02275	0.07891	0.19585	0.53514	0.02250	0.01021	0.00298	0.00443	0.01912	0.00790	0.00713
24	0.02275	0.70604	0.04459	0.01456	0.02184	0.03367	0.01456	0.02548	0.01729	0.02002	0.01183	0.01365	0.01092	0.00728	0.00546	0.00182	0.00910	0.00455	0.00364	0.01092
25	0.01037	0.00741	0.00987	0.01185	0.01234	0.00691	0.00790	0.01185	0.01629	0.02172	0.04690	0.69537	0.05629	0.02666	0.01086	0.00346	0.00494	0.02419	0.00790	0.00691
26	0.01216	0.00912	0.01368	0.01368	0.01520	0.01064	0.01064	0.01520	0.01368	0.01976	0.02279	0.03343	0.02127	0.06382	0.66720	0.01368	0.02279	0.00912	0.00456	0.00760
27	0.02275	0.70604	0.04459	0.01456	0.02184	0.03367	0.01456	0.02548	0.01729	0.02002	0.01183	0.01365	0.01092	0.00728	0.00546	0.00182	0.00910	0.00455	0.00364	0.01092
28	0.02009	0.01923	0.03279	0.17422	0.53343	0.01997	0.02564	0.02527	0.01892	0.02663	0.01584	0.02138	0.01307	0.00776	0.00844	0.00259	0.01035	0.00758	0.00413	0.01270
29	0.01033	0.00863	0.00900	0.00891	0.01166	0.00730	0.00668	0.01274	0.02004	0.02453	0.16309	0.07937	0.56655	0.02098	0.01005	0.00285	0.00427	0.01761	0.00810	0.00730
30	0.03231	0.02489	0.02545	0.01973	0.02639	0.06656	0.01619	0.58273	0.03901	0.05158	0.01998	0.02011	0.01425	0.01013	0.00846	0.00253	0.00974	0.00753	0.00825	0.01418
31	0.01297	0.01026	0.01200	0.01204	0.01475	0.00996	0.00957	0.01903	0.10521	0.02810	0.20758	0.07383	0.27493	0.01961	0.01027	0.00308	0.00542	0.15461	0.00836	0.00842
32	0.02186	0.12657	0.14582	0.03229	0.26276	0.14138	0.02225	0.02657	0.01918	0.02451	0.01611	0.05395	0.01429	0.00926	0.00900	0.00251	0.04838	0.00739	0.00422	0.01170
33	0.02106	0.02022	0.03454	0.05223	0.64784	0.02022	0.02612	0.02612	0.01938	0.02780	0.01601	0.02106	0.01348	0.00758	0.00842	0.00253	0.01011	0.00758	0.00421	0.01348
34	0.16219	0.11686	0.45941	0.02057	0.03111	0.02128	0.02513	0.02640	0.01721	0.02831	0.01420	0.01665	0.01049	0.00795	0.00723	0.00258	0.01100	0.00576	0.00392	0.01173
35	0.02149	0.49671	0.03895	0.01693	0.02199	0.03136	0.01580	0.02396	0.01599	0.02016	0.01163	0.01516	0.01100	0.00960	0.01230	0.00240	0.21503	0.00543	0.00367	0.01043
36	0.01083	0.00865	0.00969	0.00943	0.01197	0.00751	0.00707	0.01371	0.02122	0.02733	0.30324	0.07476	0.42465	0.01993	0.01005	0.00280	0.00420	0.01696	0.00847	0.00751
37	0.02018	0.02064	0.03827	0.08361	0.35043	0.02114	0.21911	0.02566	0.01883	0.02651	0.01587	0.02154	0.01293	0.00823	0.01090	0.00278	0.07866	0.00838	0.00417	0.01215
38	0.01081	0.00865	0.00967	0.00941	0.01196	0.00751	0.00706	0.01367	0.02118	0.02722	0.29779	0.07494	0.43016	0.01997	0.01005	0.00280	0.00420	0.01698	0.00846	0.00751
39	0.01759	0.01668	0.02827	0.48938	0.23783	0.01931	0.02439	0.02307	0.01773	0.02359	0.01539	0.02219	0.01199	0.00823	0.00848	0.00274	0.01097	0.00757	0.00391	0.01068
40	0.02189	0.03030	0.18621	0.03655	0.26355	0.14047	0.14420	0.02801	0.02006	0.02619	0.01554	0.01963	0.01225	0.00784	0.00853	0.00257	0.01253	0.00737	0.00411	0.01219
41	0.03109	0.03846	0.02430	0.02182	0.02609	0.59748	0.01655	0.06424	0.02435	0.02255	0.01343	0.01580	0.01116	0.00918	0.00884	0.00230	0.05201	0.00570	0.00457	0.01008
42	0.02206	0.02951	0.18750	0.02880	0.18519	0.14049	0.02183	0.03361	0.20659	0.02866	0.02096	0.02246	0.01613	0.00914	0.00827	0.00262	0.01069	0.00748	0.00544	0.01257
43	0.02171	0.10571	0.07579	0.03632	0.25419	0.08983	0.20412	0.02695	0.01941	0.02554	0.01528	0.01985	0.01245	0.00798	0.00954	0.00259	0.04904	0.00767	0.00413	0.01191
44	0.01273	0.00833	0.00922	0.00919	0.01049	0.00811	0.00616	0.01456	0.01581	0.02265	0.06481	0.05394	0.16005	0.30893	0.07175	0.00572	0.00725	0.01233	0.19140	0.00658
45	0.01030	0.00815	0.00912	0.00986	0.01169	0.00714	0.00693	0.01209	0.01787	0.02217	0.06844	0.30876	0.39309	0.05943	0.01212	0.00338	0.00475	0.01998	0.00776	0.00698
46	0.01149	0.00964	0.01011	0.00981	0.01277	0.00876	0.00741	0.01618	0.08389	0.02584	0.15772	0.07415	0.50215	0.01994	0.00991	0.00285	0.00452	0.01674	0.00818	0.00796
47	0.01049	0.00746	0.00984	0.01169	0.01215	0.00700	0.00773	0.01188	0.01605	0.02140	0.04564	0.65524	0.05470	0.06896	0.01290	0.00376	0.00515	0.02345	0.00773	0.00680
48	0.02570	0.03092	0.02259	0.02307	0.09692	0.42977	0.01586	0.02821	0.02202	0.02203	0.02695	0.02858	0.12893	0.01137	0.00940	0.00245	0.05232	0.00816	0.00498	0.00976
49	0.01037	0.00741	0.00987	0.01185	0.01234	0.00691	0.00790	0.01185	0.01629	0.02172	0.04690	0.69537	0.05629	0.02666	0.01086	0.00346	0.00494	0.02419	0.00790	0.00691
50	0.02066	0.01981	0.03382	0.10272	0.60049	0.02011	0.02592	0.02577	0.01919	0.02732	0.01594	0.02119	0.01331	0.00766	0.00843	0.00255	0.01021	0.00758	0.00418	0.01316
51	0.02106	0.02022	0.03454	0.05223	0.64784	0.02022	0.02612	0.02612	0.01938	0.02780	0.01601	0.02106	0.01348	0.00758	0.00842	0.00253	0.01011	0.00758	0.00421	0.01348
52	0.02077	0.01992	0.03401	0.08940	0.61298	0.02014	0.02597	0.02586	0.01924	0.02744	0.01596	0.02116	0.01335	0.00764	0.00843	0.00255	0.01018	0.00758	0.00419	0.01324
53	0.01785	0.13537	0.57235	0.02292	0.03476	0.02168	0.02911	0.02675	0.01787	0.02599	0.01480	0.01737	0.01080	0.00797	0.00772	0.00257	0.01210	0.00605	0.00360	0.01235
54	0.02282	0.02286	0.03217	0.08093	0.49934	0.10706	0.02416	0.05835	0.02098	0.02790	0.01581	0.02035	0.01308	0.00793	0.00833	0.00250	0.01084	0.00730	0.00444	0.01283
55	0.02106	0.02022	0.03454	0.05223	0.64784	0.02022	0.02612	0.02612	0.01938	0.02780	0.01601	0.02106	0.01348	0.00758	0.00842	0.00253	0.01011	0.00758	0.00421	0.01348
56	0.01037	0.00741	0.00987	0.01185	0.01234	0.00691	0.00790	0.01185	0.01629	0.02172	0.04690	0.69537	0.05629	0.02666	0.01086	0.00346	0.00494	0.02419	0.00790	0.00691
57	0.01478	0.00739	0.01109	0.01109	0.01109	0.00739	0.00739	0.01109	0.01109	0.01478	0.01478	0.02587	0.01478	0.02956	0.03326	0.75240	0.00739	0.00739	0.00370	0.00370
58	0.76103	0.01646	0.01251	0.01119	0.01646	0.01909	0.00922	0.02502	0.01448	0.03818	0.01185	0.01382	0.00922	0.00790	0.00527	0.00263	0.00658	0.00461	0.00527	0.00922
59	0.01545	0.01395	0.01998	0.01809	0.01883	0.01849	0.01470	0.01789	0.01335	0.02012	0.01688	0.02589	0.01613	0.03892	0.34181	0.00861	0.36003	0.00827	0.00413	0.00847
60	0.01037	0.00741	0.00987	0.01185	0.01234	0.00691	0.00790	0.01185	0.01629	0.02172	0.04690	0.69537	0.05629	0.02666	0.01086	0.00346	0.00494	0.02419	0.00790	0.00691
61	0.01928	0.01987	0.01984	0.01813	0.01991	0.17909	0.01432	0.02179	0.01631	0.02091	0.01703	0.02419	0.01557	0.03183	0.26645	0.00706	0.22700	0.00762	0.04507	0.00872
62	0.01231	0.00851	0.01062	0.01062	0.01108	0.00898	0.00683	0.01323	0.01277	0.01749	0.02559	0.04891	0.02800	0.50692	0.23329	0.00990	0.01268	0.01138	0.00497	0.00590
63	0.01238	0.00825	0.00928	0.00928	0.00928	0.00825	0.00516	0.01238	0.01238	0.01650	0.02681	0.05569	0.03094	0.70092	0.04331	0.00825	0.00825	0.01238	0.00516	0.00516
64	0.03151	0.02753	0.02480	0.02001	0.02610	0.18089	0.01607	0.44188	0.07333	0.04457	0.01956	0.01991	0.01435	0.00995	0.00832	0.00249	0.01065	0.00726	0.00752	0.01330
65	0.01417	0.01087	0.01250	0.01235	0.01522	0.01049	0.00983	0.09749	0.02217	0.02826	0.09191	0.14854	0.31212	0.02085	0.01035	0.00314	0.00593	0.15738	0.00805	0.00836
66	0.01238	0.00825	0.00928	0.00928	0.00928	0.00825	0.00516	0.01238	0.01238	0.01650	0.02681	0.05569	0.03094	0.70092	0.04331	0.00825	0.00825	0.01238	0.00516	0.00516
67	0.01139	0.00837	0.01067	0.01074	0.01248	0.00765	0.00781	0.01455	0.02159	0.02971	0.42849	0.22345	0.14110	0.02020	0.01025	0.00289	0.00428	0.01789	0.00883	0.00765
68	0.01750	0.01669	0.01610	0.05649	0.02034	0.10384	0.01193	0.05860	0.13450	0.02670	0.04983	0.08467	0.26824	0.01643	0.01040	0.00289	0.04484	0.04349	0.00710	0.00943
69	0.01216	0.00912	0.01368	0.01368	0.01520	0.01064	0.01064	0.01520	0.01368	0.01976	0.02279	0.03343	0.02127	0.06382	0.66720	0.01368	0.02279	0.00912	0.00456	0.00760
70	0.02079	0.01994	0.03405	0.08672	0.61549	0.02015	0.02598	0.02588	0.01925	0.02747	0.01596	0.02115	0.01336	0.00763	0.00843	0.00254	0.01018	0.00758	0.00419	0.01326
71	0.03179	0.04056	0.02412	0.02192	0.02631	0.66676	0.01644	0.03398	0.02412	0.02083	0.01315	0.01535	0.01096	0.00877	0.00767	0.00219	0.01535	0.00548	0.00438	0.00987
72	0.02369	0.02348	0.14503	0.02388	0.13470	0.10494	0.01852	0.02842	0.02020	0.17691	0.06033	0.02655	0.02008	0.01962	0.13076	0.00462	0.01259	0.00805	0.00603	0.01161
73	0.01605	0.01168	0.01461	0.01522	0.05301	0.01175	0.01097	0.02310	0.13471	0.06780	0.19906	0.06045	0.11817	0.09791	0.01387	0.00363	0.00636	0.12431	0.00803	0.00929
74	0.01288	0.00889	0.01256	0.01256	0.01417	0.01011	0.00973	0.01610	0.01449	0.02208	0.02376	0.03310	0.02138	0.05336	0.53881	0.01141	0.01914	0.00889	0.14894	0.00766
75	0.01765	0.01513	0.01765	0.01260	0.02017	0.01134	0.01008	0.02143	0.01765	0.02773	0.01513	0.01765	0.01260	0.00630	0.00630	0.00126	0.00630	0.00504	0.00504	0.75295
76	0.03179	0.04056	0.02412	0.02192	0.02631	0.66676	0.01644	0.03398	0.02412	0.02083	0.01315	0.01535	0.01096	0.00877	0.00767	0.00219	0.01535	0.00548	0.00438	0.00987
77	0.01083	0.00774	0.01040	0.01238	0.01307	0.00731	0.00870	0.01265	0.01675	0.02224	0.04665	0.61266	0.05528	0.02623	0.01099	0.00352	0.00534	0.10235	0.00789	0.00704
78	0.01023	0.00794	0.00932	0.01042	0.01197	0.00703	0.00727	0.01201	0.01767	0.02228	0.06430	0.42391	0.31652	0.02440	0.01051	0.00320	0.00466	0.02143	0.00790	0.00703
79	0.02106	0.02022	0.03454	0.05223	0.64784	0.02022	0.02612	0.02612	0.01938	0.02780	0.01601	0.02106	0.01348	0.00758	0.00842	0.00253	0.01011	0.00758	0.00421	0.01348
80	0.01586	0.00793	0.00793	0.00793	0.00991	0.00793	0.00595	0.01983	0.01785	0.03173	0.02776	0.03173	0.02181	0.00991	0.00595	0.00198	0.00397	0.00793	0.74817	0.00793
81	0.02218	0.01878	0.01981	0.01752	0.02251	0.02164	0.01371	0.09710	0.57893	0.03723	0.03335	0.03073	0.02494	0.01143	0.00865	0.00286	0.00697	0.00944	0.00865	0.01356
82	0.02106	0.02022	0.03454	0.05223	0.64784	0.02022	0.02612	0.02612	0.01938	0.02780	0.01601	0.02106	0.01348	0.00758	0.00842	0.00253	0.01011	0.00758	0.00421	0.01348
83	0.01707	0.04402	0.65683	0.02426	0.03683	0.01976	0.03144	0.02695	0.01797	0.02695	0.01527	0.01797	0.01078	0.00809	0.00809	0.00270	0.01258	0.00629	0.00359	0.01258
84	0.01722	0.04294	0.62579	0.02485	0.03722	0.01985	0.06140	0.02697	0.01808	0.02697	0.01537	0.01822	0.01089	0.00804	0.00819	0.00270	0.01267	0.00648	0.00363	0.01252
85	0.02106	0.02022	0.03454	0.05223	0.64784	0.02022	0.02612	0.02612	0.01938	0.02780	0.01601	0.02106	0.01348	0.00758	0.00842	0.00253	0.01011	0.00758	0.00421	0.01348
86	0.02903	0.20282	0.02998	0.02143	0.05932	0.38529	0.01647	0.11222	0.02435	0.02554	0.01399	0.01594	0.01157	0.00853	0.00728	0.00217	0.01268	0.00567	0.00476	0.01096
87	0.02196	0.02292	0.02972	0.04165	0.45853	0.14435	0.02212	0.02614	0.02030	0.02593	0.02302	0.02651	0.08104	0.00932	0.00846	0.00250	0.01050	0.00829	0.00464	0.01210
88	0.01017	0.00818	0.00907	0.00978	0.01180	0.00709	0.00698	0.01208	0.01828	0.02253	0.07207	0.30257	0.43284	0.02339	0.01035	0.00308	0.00454	0.02020	0.00790	0.00709
89	0.01113	0.00886	0.01007	0.01042	0.01281	0.00799	0.00810	0.01364	0.01892	0.02345	0.09948	0.07937	0.42673	0.06700	0.04876	0.00400	0.00625	0.12817	0.00761	0.00725
90	0.02947	0.05599	0.02193	0.01634	0.02217	0.01956	0.01332	0.25713	0.11278	0.22787	0.03021	0.03008	0.05618	0.05467	0.01067	0.00296	0.00797	0.00894	0.00863	0.01312
91	0.01812	0.01855	0.03651	0.03421	0.18727	0.01774	0.31834	0.02350	0.01917	0.02625	0.02419	0.15200	0.02339	0.01193	0.00990	0.00296	0.01113	0.04876	0.00517	0.01090
92	0.01707	0.04402	0.65683	0.02426	0.03683	0.01976	0.03144	0.02695	0.01797	0.02695	0.01527	0.01797	0.01078	0.00809	0.00809	0.00270	0.01258	0.00629	0.00359	0.01258
93	0.02011	0.02093	0.03876	0.03886	0.26502	0.02209	0.25735	0.02526	0.01819	0.02589	0.01536	0.02124	0.01272	0.00912	0.01358	0.00294	0.16820	0.00852	0.00414	0.01172
94	0.01862	0.01755	0.02816	0.08170	0.45501	0.01765	0.02150	0.02412	0.05061	0.02688	0.03054	0.03352	0.13649	0.01056	0.00876	0.00263	0.00889	0.00970	0.00513	0.01200
95	0.01238	0.00825	0.00928	0.00928	0.00928	0.00825	0.00516	0.01238	0.01238	0.01650	0.02681	0.05569	0.03094	0.70092	0.04331	0.00825	0.00825	0.01238	0.00516	0.00516
96	0.02037	0.01952	0.03330	0.13892	0.56653	0.02004	0.02577	0.02551	0.01905	0.02697	0.01589	0.02129	0.01319	0.00771	0.00844	0.00257	0.01028	0.00758	0.00415	0.01292
97	0.02886	0.02095	0.02289	0.01869	0.02389	0.06028	0.01516	0.25158	0.17506	0.15929	0.02470	0.02426	0.01786	0.01116	0.01119	0.00279	0.10195	0.00815	0.00804	0.01325
98	0.01107	0.00808	0.00990	0.01080	0.01191	0.00751	0.00741	0.01282	0.01722	0.02261	0.12065	0.34665	0.16736	0.15534	0.01696	0.00421	0.00550	0.04965	0.00754	0.00680
99	0.01077	0.00885	0.00961	0.00999	0.01269	0.00769	0.00787	0.01327	0.01943	0.02347	0.07822	0.08464	0.52878	0.02193	0.01039	0.00308	0.00500	0.12914	0.00789	0.00731
100	0.02882	0.03516	0.02206	0.01995	0.02427	0.53786	0.01505	0.06562	0.02441	0.02307	0.02367	0.02483	0.09858	0.01062	0.00805	0.00231	0.01347	0.00733	0.00511	0.00977
101	0.02195	0.19606	0.06159	0.02350	0.14319	0.17908	0.01684	0.02563	0.01974	0.02406	0.05676	0.02605	0.01937	0.01343	0.05380	0.00311	0.01123	0.03904	0.05511	0.01046
102	0.01607	0.01513	0.02552	0.68047	0.05861	0.01891	0.02363	0.02174	0.01702	0.02174	0.01513	0.02269	0.01134	0.00851	0.00851	0.00284	0.01134	0.00756	0.00378	0.00945
103	0.01607	0.01513	0.02552	0.68047	0.05861	0.01891	0.02363	0.02174	0.01702	0.02174	0.01513	0.02269	0.01134	0.00851	0.00851	0.00284	0.01134	0.00756	0.00378	0.00945
104	0.01191	0.00921	0.01120	0.01219	0.01460	0.00850	0.01013	0.01495	0.01950	0.02424	0.06540	0.08903	0.34328	0.02254	0.01092	0.00340	0.00609	0.30753	0.00787	0.00751
105	0.02299	0.13158	0.06161	0.03660	0.29865	0.14336	0.13248	0.02773	0.02002	0.02516	0.01502	0.01908	0.01240	0.00770	0.00811	0.00243	0.01182	0.00713	0.00415	0.01200
106	0.03235	0.02384	0.02554	0.01958	0.02639	0.02639	0.01618	0.61946	0.04001	0.05363	0.02043	0.02043	0.01447	0.01022	0.00851	0.00255	0.00936	0.00766	0.00851	0.01447
107	0.01029	0.00771	0.00956	0.01105	0.01213	0.00698	0.00754	0.01194	0.01706	0.02204	0.05667	0.54293	0.20242	0.02539	0.01066	0.00331	0.00478	0.02264	0.00790	0.00698
108	0.04868	0.28169	0.33950	0.02000	0.02946	0.09846	0.02280	0.02715	0.01829	0.02417	0.01366	0.01595	0.01079	0.00787	0.00698	0.00232	0.01141	0.00551	0.00376	0.01154
109	0.01836	0.19392	0.09562	0.01913	0.02238	0.02468	0.01748	0.02124	0.01509	0.02122	0.01671	0.11068	0.01729	0.01387	0.01777	0.00310	0.34858	0.00890	0.00426	0.00973
110	0.01037	0.00741	0.00987	0.01185	0.01234	0.00691	0.00790	0.01185	0.01629	0.02172	0.04690	0.69537	0.05629	0.02666	0.01086	0.00346	0.00494	0.02419	0.00790	0.00691
111	0.02181	0.02165	0.03381	0.05011	0.60424	0.06557	0.02544	0.02667	0.01971	0.02731	0.01581	0.02066	0.01330	0.00767	0.00837	0.00250	0.01048	0.00744	0.00422	0.01323
112	0.02106	0.02022	0.03454	0.05223	0.64784	0.02022	0.02612	0.02612	0.01938	0.02780	0.01601	0.02106	0.01348	0.00758	0.00842	0.00253	0.01011	0.00758	0.00421	0.01348
113	0.01505	0.01385	0.01392	0.04359	0.01846	0.09993	0.01195	0.01824	0.02020	0.02417	0.07505	0.07579	0.23821	0.01994	0.01043	0.00324	0.00773	0.27501	0.00726	0.00798
114	0.01113	0.00823	0.01057	0.01216	0.01348	0.00767	0.00905	0.01334	0.01770	0.02289	0.05404	0.42980	0.16810	0.02490	0.01093	0.00346	0.00553	0.16194	0.00788	0.00719
115	0.02048	0.01962	0.03348	0.12613	0.57853	0.02007	0.02583	0.02560	0.01910	0.02709	0.01590	0.02125	0.01323	0.00769	0.00843	0.00256	0.01026	0.00758	0.00416	0.01301
116	0.01887	0.01798	0.03058	0.32799	0.38921	0.01964	0.02503	0.02420	0.01834	0.02514	0.01562	0.02178	0.01254	0.00799	0.00846	0.00266	0.01065	0.00757	0.00402	0.01171
117	0.02418	0.27416	0.19560	0.02071	0.02845	0.24231	0.05279	0.02882	0.01991	0.02248	0.01346	0.01585	0.01101	0.00798	0.00713	0.00223	0.01239	0.00561	0.00392	0.01102
118	0.02065	0.02032	0.03621	0.08446	0.53224	0.02033	0.10751	0.02603	0.01935	0.02739	0.01613	0.02141	0.01328	0.00758	0.00865	0.00259	0.01076	0.00792	0.00420	0.01298
119	0.02454	0.02481	0.02015	0.01824	0.02241	0.24257	0.01388	0.12292	0.21707	0.03067	0.02732	0.14762	0.02466	0.01319	0.00871	0.00270	0.00978	0.01060	0.00702	0.01116
120	0.02409	0.01693	0.02065	0.01752	0.02104	0.01916	0.01401	0.23889	0.02528	0.12025	0.02724	0.20264	0.02587	0.01575	0.01361	0.00308	0.16302	0.01218	0.00753	0.01126
121	0.02520	0.02912	0.02717	0.18902	0.19564	0.34209	0.02070	0.02898	0.02117	0.02286	0.01437	0.01861	0.01171	0.00840	0.00807	0.00244	0.01302	0.00653	0.00419	0.01071
122	0.02008	0.32223	0.27390	0.05033	0.12581	0.02575	0.02309	0.02599	0.01786	0.02391	0.01391	0.01679	0.01128	0.00768	0.00703	0.00230	0.01066	0.00580	0.00372	0.01189
123	0.12285	0.40395	0.23154	0.01713	0.02578	0.02731	0.01910	0.02588	0.01712	0.02469	0.01291	0.01502	0.01064	0.00762	0.00625	0.00221	0.00984	0.00510	0.00385	0.01120
124	0.01238	0.00825	0.00928	0.00928	0.00928	0.00825	0.00516	0.01238	0.01238	0.01650	0.02681	0.05569	0.03094	0.70092	0.04331	0.00825	0.00825	0.01238	0.00516	0.00516
125	0.01454	0.01076	0.01287	0.01281	0.01522	0.01125	0.00985	0.05486	0.10363	0.02758	0.07401	0.17604	0.12510	0.02695	0.13169	0.00497	0.00882	0.07518	0.09515	0.00871
126	0.02218	0.02211	0.03190	0.12178	0.48062	0.09498	0.02430	0.05101	0.02050	0.02735	0.01576	0.02057	0.01298	0.00794	0.00835	0.00253	0.01083	0.00734	0.00436	0.01263
127	0.02071	0.02042	0.03649	0.07576	0.53404	0.02036	0.11362	0.02611	0.01938	0.02747	0.01615	0.02141	0.01331	0.00756	0.00867	0.00259	0.01079	0.00795	0.00421	0.01302
128	0.01083	0.00774	0.01040	0.01238	0.01307	0.00731	0.00870	0.01265	0.01675	0.02224	0.04665	0.61266	0.05528	0.02623	0.01099	0.00352	0.00534	0.10235	0.00789	0.00704
129	0.01873	0.03318	0.35652	0.03299	0.15266	0.02038	0.20874	0.02689	0.01887	0.02720	0.01600	0.02006	0.01193	0.00771	0.00874	0.00272	0.01266	0.00767	0.00392	0.01241
130	0.02206	0.62535	0.11922	0.01574	0.02367	0.03198	0.01662	0.02566	0.01737	0.02087	0.01225	0.01418	0.01090	0.00738	0.00578	0.00193	0.00952	0.00476	0.00363	0.01112
131	0.02143	0.38957	0.15638	0.01734	0.02445	0.11508	0.01756	0.02552	0.01786	0.02144	0.01419	0.01745	0.01233	0.01544	0.09759	0.00368	0.01253	0.00565	0.00386	0.01064
132	0.03818	0.01448	0.01975	0.01514	0.02172	0.01251	0.01251	0.04147	0.02436	0.65373	0.03357	0.02897	0.02107	0.01053	0.00856	0.00263	0.00724	0.00856	0.01053	0.01448
133	0.02009	0.02296	0.05022	0.03587	0.04448	0.02152	0.61693	0.02726	0.02009	0.02726	0.01722	0.02296	0.01291	0.00717	0.01004	0.00287	0.01435	0.01004	0.00430	0.01148
134	0.02042	0.02041	0.03270	0.20614	0.42074	0.06054	0.06498	0.02560	0.01913	0.02581	0.01569	0.02124	0.01275	0.00786	0.00851	0.00261	0.01103	0.00761	0.00412	0.01211
135	0.01049	0.00876	0.00922	0.00946	0.01222	0.00749	0.00732	0.01285	0.01942	0.02328	0.08134	0.08357	0.57388	0.02178	0.01026	0.00300	0.00473	0.08576	0.00789	0.00726
136	0.02009	0.02296	0.05022	0.03587	0.04448	0.02152	0.61693	0.02726	0.02009	0.02726	0.01722	0.02296	0.01291	0.00717	0.01004	0.00287	0.01435	0.01004	0.00430	0.01148
137	0.01967	0.01263	0.01462	0.01323	0.01598	0.01333	0.01013	0.19694	0.02278	0.03246	0.02616	0.12255	0.02438	0.01791	0.01435	0.18329	0.00679	0.04680	0.19724	0.00873
138	0.01940	0.02876	0.23323	0.03637	0.19258	0.02065	0.28919	0.02688	0.01926	0.02730	0.01632	0.02095	0.01240	0.00756	0.00904	0.00273	0.01275	0.00827	0.00406	0.01232
139	0.01314	0.00955	0.01187	0.01278	0.01425	0.00939	0.00911	0.08414	0.01947	0.02578	0.04599	0.54625	0.08573	0.02424	0.01059	0.00334	0.00558	0.05295	0.00797	0.00787
140	0.01732	0.07345	0.62961	0.02382	0.03617	0.02038	0.03069	0.02689	0.01794	0.02664	0.01512	0.01778	0.01079	0.00805	0.00797	0.00266	0.01242	0.00621	0.00360	0.01250
141	0.01799	0.03835	0.50535	0.03014	0.15078	0.01995	0.06509	0.02681	0.01835	0.02713	0.01552	0.01884	0.01141	0.00794	0.00826	0.00267	0.01222	0.00675	0.00375	0.01268
142	0.01650	0.01537	0.02572	0.02550	0.13953	0.01512	0.15924	0.02367	0.10451	0.02859	0.15043	0.15700	0.07312	0.01422	0.00970	0.00288	0.00821	0.01360	0.00674	0.01037
143	0.02075	0.01990	0.03398	0.09164	0.61087	0.02014	0.02596	0.02584	0.01923	0.02742	0.01595	0.02116	0.01335	0.00764	0.00843	0.00255	0.01019	0.00758	0.00419	0.01323
144	0.02631	0.03201	0.02180	0.01985	0.02333	0.46787	0.01513	0.02853	0.02149	0.02094	0.02180	0.02454	0.08216	0.01522	0.06206	0.00335	0.09220	0.00738	0.00471	0.00933
145	0.02023	0.03844	0.52958	0.02477	0.07337	0.01879	0.02849	0.02890	0.01894	0.11349	0.01784	0.01968	0.01237	0.00839	0.00817	0.00268	0.01168	0.00668	0.00459	0.01290
146	0.01769	0.14986	0.14818	0.02402	0.03113	0.01993	0.25281	0.02315	0.01827	0.02452	0.02305	0.18291	0.02265	0.01207	0.00904	0.00279	0.01078	0.01177	0.00492	0.01047
147	0.01112	0.00779	0.00959	0.01071	0.01114	0.00743	0.00678	0.01207	0.01496	0.01980	0.04128	0.42095	0.07675	0.28256	0.02315	0.00525	0.00616	0.01938	0.00686	0.00626
148	0.01977	0.01910	0.03314	0.20716	0.46976	0.01996	0.05679	0.02509	0.01883	0.02627	0.01585	0.02157	0.01292	0.00779	0.00853	0.00262	0.01064	0.00771	0.00411	0.01238
149	0.02084	0.01925	0.01527	0.01413	0.01790	0.20897	0.01091	0.02330	0.02153	0.10956	0.05347	0.05544	0.31874	0.01629	0.00926	0.00272	0.00835	0.05782	0.00719	0.00906
150	0.01878	0.02038	0.04130	0.03199	0.06849	0.02035	0.43202	0.02444	0.01863	0.02570	0.01984	0.10188	0.01784	0.01057	0.01253	0.00304	0.10561	0.01123	0.00465	0.01074
151	0.02106	0.02022	0.03454	0.05223	0.64784	0.02022	0.02612	0.02612	0.01938	0.02780	0.01601	0.02106	0.01348	0.00758	0.00842	0.00253	0.01011	0.00758	0.00421	0.01348
152	0.01761	0.10733	0.59828	0.02333	0.03540	0.02109	0.02983	0.02681	0.01790	0.02629	0.01494	0.01755	0.01079	0.00801	0.00783	0.00261	0.01224	0.00612	0.00360	0.01242
153	0.02438	0.07534	0.21699	0.02073	0.02805	0.18223	0.02045	0.17244	0.02508	0.03132	0.01990	0.02841	0.01701	0.01086	0.00843	0.00265	0.01161	0.08694	0.00558	0.01161
154	0.01631	0.00982	0.01169	0.01056	0.01392	0.00851	0.00815	0.01925	0.02180	0.15324	0.24282	0.06575	0.34968	0.01809	0.00975	0.00277	0.00481	0.01530	0.00887	0.00891
155	0.01954	0.01867	0.03180	0.24354	0.46841	0.01982	0.02536	0.02479	0.01866	0.02596	0.01574	0.02156	0.01283	0.00786	0.00845	0.00262	0.01049	0.00758	0.00408	0.01225
156	0.02106	0.02022	0.03454	0.05223	0.64784	0.02022	0.02612	0.02612	0.01938	0.02780	0.01601	0.02106	0.01348	0.00758	0.00842	0.00253	0.01011	0.00758	0.00421	0.01348
157	0.01634	0.01499	0.02496	0.51434	0.12273	0.01781	0.02256	0.02169	0.01765	0.02297	0.01936	0.03261	0.01679	0.01047	0.00895	0.00295	0.01071	0.08801	0.00439	0.00971
158	0.03664	0.01414	0.01925	0.01488	0.02119	0.01224	0.01224	0.03997	0.02434	0.61707	0.06965	0.03101	0.02457	0.01094	0.00865	0.00264	0.00705	0.00896	0.01046	0.01410
159	0.01054	0.00864	0.00928	0.00912	0.01179	0.00739	0.00684	0.01314	0.02053	0.02567	0.22028	0.07749	0.50864	0.02055	0.01005	0.00283	0.00424	0.01734	0.00826	0.00739
160	0.02228	0.52950	0.12662	0.01685	0.02422	0.07130	0.01726	0.02591	0.01755	0.02106	0.01235	0.01467	0.01092	0.00796	0.00737	0.00208	0.05240	0.00503	0.00369	0.01098
161	0.02350	0.01757	0.01901	0.01592	0.02013	0.01930	0.01221	0.31111	0.14116	0.03832	0.02660	0.07911	0.02386	0.19259	0.01782	0.00417	0.00827	0.01042	0.00762	0.01131
162	0.01033	0.00863	0.00900	0.00891	0.01166	0.00730	0.00668	0.01274	0.02004	0.02453	0.16309	0.07937	0.56655	0.02098	0.01005	0.00285	0.00427	0.01761	0.00810	0.00730
163	0.01216	0.00912	0.01368	0.01368	0.01520	0.01064	0.01064	0.01520	0.01368	0.01976	0.02279	0.03343	0.02127	0.06382	0.66720	0.01368	0.02279	0.00912	0.00456	0.00760
164	0.02165	0.16455	0.33667	0.02329	0.03327	0.02179	0.13497	0.02873	0.01911	0.11215	0.01749	0.01958	0.01263	0.00810	0.00801	0.00255	0.01150	0.00697	0.00469	0.01231
165	0.02067	0.29522	0.31352	0.01953	0.02854	0.09930	0.02195	0.02660	0.01876	0.02398	0.04838	0.01853	0.01469	0.00837	0.00714	0.00230	0.01109	0.00603	0.00402	0.01138
166	0.12066	0.01500	0.01803	0.02220	0.17515	0.05009	0.01339	0.05876	0.01895	0.02978	0.02456	0.14832	0.02327	0.01552	0.04945	0.00327	0.00822	0.01033	0.18522	0.00982
167	0.06469	0.31777	0.15676	0.01945	0.02733	0.02616	0.09316	0.02979	0.13705	0.02637	0.01760	0.01918	0.01397	0.00829	0.00715	0.00238	0.00982	0.00657	0.00479	0.01171
168	0.02105	0.03545	0.43166	0.02182	0.03149	0.05965	0.02521	0.02971	0.05556	0.11348	0.04264	0.02192	0.01579	0.00940	0.00933	0.00272	0.04848	0.00716	0.00513	0.01237
169	0.37939	0.08460	0.02057	0.01818	0.08932	0.06835	0.01314	0.09460	0.01892	0.03364	0.01471	0.01783	0.01203	0.01476	0.08458	0.00381	0.01011	0.00589	0.00523	0.01033
170	0.02003	0.11466	0.34142	0.02012	0.02810	0.13919	0.02199	0.02500	0.01769	0.02263	0.01438	0.01850	0.01161	0.01229	0.01259	0.14807	0.01167	0.00615	0.00377	0.01015
171	0.01970	0.02191	0.17540	0.02293	0.12180	0.03883	0.01907	0.02596	0.05242	0.11296	0.03475	0.04780	0.09807	0.01403	0.00938	0.00298	0.00907	0.15531	0.00652	0.01110
172	0.02513	0.38597	0.03444	0.01815	0.05470	0.10365	0.01513	0.06386	0.12510	0.07195	0.01818	0.01883	0.01458	0.00860	0.00682	0.00218	0.00936	0.00615	0.00539	0.01182
173	0.01913	0.03142	0.32188	0.03778	0.30795	0.02014	0.08659	0.02661	0.01880	0.02736	0.01579	0.01983	0.01218	0.00777	0.00843	0.00264	0.01166	0.00723	0.00394	0.01287
174	0.02310	0.01843	0.01857	0.01708	0.04458	0.11530	0.01259	0.13599	0.06763	0.10894	0.13056	0.16172	0.03462	0.01422	0.00897	0.00265	0.00792	0.01196	0.00777	0.05741
175	0.12422	0.36622	0.10410	0.01522	0.02206	0.07316	0.01495	0.02584	0.01832	0.06163	0.04258	0.02211	0.06068	0.00919	0.00660	0.00222	0.00897	0.00646	0.00485	0.01063
176	0.01607	0.11161	0.06326	0.01987	0.02559	0.01633	0.20083	0.02031	0.01843	0.02429	0.03584	0.17425	0.14426	0.01407	0.00915	0.00270	0.00888	0.01316	0.00570	0.07540
177	0.02399	0.01825	0.02178	0.01832	0.02162	0.05571	0.01492	0.17705	0.02293	0.11709	0.05632	0.02574	0.01934	0.02199	0.13683	0.00497	0.21742	0.00833	0.00642	0.01099
178	0.08111	0.12250	0.02471	0.01839	0.02280	0.31128	0.01472	0.09331	0.02275	0.02654	0.05538	0.02297	0.05538	0.01063	0.00972	0.00245	0.08286	0.00711	0.00525	0.01014
179	0.02215	0.10966	0.30823	0.02825	0.15524	0.18269	0.02482	0.02838	0.01971	0.02485	0.01452	0.01747	0.01138	0.00807	0.00777	0.00244	0.01240	0.00616	0.00392	0.01190
180	0.01489	0.01349	0.02092	0.02204	0.14065	0.01284	0.09545	0.02026	0.05969	0.02875	0.23183	0.05312	0.22147	0.01494	0.00964	0.00275	0.00688	0.01353	0.00719	0.00966

[dist]
# distance from previous block
# <min> <max>
3	64

[block]
# block no. 3 follows, 21 sequences, length 9
# corresponding to MSA columns:
# 309-317
name=unknown_D
#
# <colnr> <probs for GDERKNQSTAVLIFYWHMCP>
#	G	D	E	R	K	N	Q	S	T	A	V	L	I	F	Y	W	H	M	C	P
0	0.02487	0.02564	0.07898	0.12809	0.13234	0.11066	0.11838	0.21374	0.02618	0.03392	0.01702	0.02040	0.01283	0.00869	0.00860	0.00261	0.01166	0.00762	0.00549	0.01229
1	0.02801	0.19729	0.02831	0.01946	0.02460	0.41671	0.01554	0.03364	0.11457	0.02287	0.01609	0.01742	0.01323	0.00883	0.00729	0.00221	0.01254	0.00588	0.00485	0.01067
2	0.01998	0.12310	0.02445	0.02347	0.17100	0.11919	0.01503	0.06773	0.02164	0.02676	0.09607	0.08551	0.14614	0.01309	0.00853	0.00252	0.00857	0.01087	0.00601	0.01032
3	0.01487	0.01225	0.01518	0.01559	0.06589	0.01160	0.01114	0.02154	0.11274	0.02910	0.18907	0.05675	0.17213	0.01574	0.00936	0.00269	0.00592	0.09984	0.00760	0.13098
4	0.01893	0.01877	0.05793	0.08237	0.40177	0.01771	0.02198	0.02486	0.05302	0.02715	0.02139	0.07799	0.01972	0.01042	0.00870	0.00265	0.00927	0.05213	0.00501	0.06822
5	0.02024	0.02116	0.06849	0.03837	0.40296	0.04786	0.02177	0.02874	0.13393	0.02843	0.02608	0.02848	0.07641	0.00976	0.00857	0.00262	0.00931	0.00879	0.00537	0.01265
6	0.02403	0.06143	0.12318	0.02393	0.11405	0.28924	0.01844	0.07143	0.02258	0.02554	0.02633	0.02777	0.11522	0.01063	0.00820	0.00244	0.01163	0.00807	0.00509	0.01076
7	0.02044	0.02922	0.21007	0.03484	0.26809	0.10777	0.09554	0.02651	0.01971	0.02617	0.02091	0.02427	0.06046	0.00891	0.00854	0.00260	0.01159	0.00801	0.00435	0.01201
8	0.02307	0.01564	0.01849	0.01422	0.02077	0.01366	0.01160	0.12214	0.02279	0.14637	0.02587	0.03009	0.05403	0.00996	0.00773	0.00203	0.00698	0.05301	0.00700	0.39455

[dist]
# distance from previous block
# <min> <max>
5	9

[block]
# block no. 4 follows, 21 sequences, length 51
# corresponding to MSA columns:
# 327-377
name=unknown_E
#
# <colnr> <probs for GDERKNQSTAVLIFYWHMCP>
#	G	D	E	R	K	N	Q	S	T	A	V	L	I	F	Y	W	H	M	C	P
0	0.05869	0.17974	0.06346	0.01801	0.02295	0.13591	0.01571	0.03011	0.10754	0.09324	0.02082	0.02225	0.03980	0.01067	0.01142	0.00264	0.14337	0.00711	0.00551	0.01104
1	0.02415	0.09505	0.02234	0.01774	0.02217	0.29514	0.01381	0.03316	0.20523	0.02689	0.09972	0.02947	0.05758	0.01118	0.00816	0.00246	0.01018	0.00849	0.00638	0.01068
2	0.01969	0.02498	0.15768	0.03002	0.13232	0.02061	0.20427	0.03044	0.15875	0.02884	0.02017	0.02316	0.01545	0.00880	0.00987	0.00275	0.04813	0.00841	0.00515	0.05053
3	0.02902	0.03530	0.02681	0.02976	0.18699	0.49962	0.01894	0.03195	0.02289	0.02263	0.01389	0.01682	0.01161	0.00846	0.00787	0.00228	0.01399	0.00602	0.00434	0.01080
4	0.02022	0.01936	0.03302	0.15835	0.54831	0.02000	0.02570	0.02538	0.01898	0.02678	0.01586	0.02134	0.01312	0.00774	0.00844	0.00258	0.01032	0.00758	0.00414	0.01280
5	0.01204	0.00870	0.01138	0.01071	0.01271	0.00803	0.00803	0.01606	0.02409	0.03413	0.64335	0.06357	0.08030	0.01740	0.01004	0.00268	0.00401	0.01539	0.00937	0.00803
6	0.01006	0.00862	0.00862	0.00862	0.01149	0.00718	0.00647	0.01221	0.01940	0.02299	0.08621	0.08190	0.64438	0.02155	0.01006	0.00287	0.00431	0.01796	0.00790	0.00718
7	0.01798	0.03859	0.51486	0.03064	0.17623	0.01987	0.03023	0.02676	0.01829	0.02714	0.01544	0.01867	0.01140	0.00797	0.00816	0.00266	0.01201	0.00658	0.00373	0.01278
8	0.01037	0.00741	0.00987	0.01185	0.01234	0.00691	0.00790	0.01185	0.01629	0.02172	0.04690	0.69537	0.05629	0.02666	0.01086	0.00346	0.00494	0.02419	0.00790	0.00691
9	0.02164	0.02131	0.03398	0.05061	0.61459	0.05480	0.02560	0.02654	0.01963	0.02743	0.01585	0.02076	0.01335	0.00765	0.00838	0.00251	0.01039	0.00747	0.00422	0.01329
10	0.01238	0.00825	0.00928	0.00928	0.00928	0.00825	0.00516	0.01238	0.01238	0.01650	0.02681	0.05569	0.03094	0.70092	0.04331	0.00825	0.00825	0.01238	0.00516	0.00516
11	0.02117	0.01828	0.01924	0.01732	0.02213	0.02117	0.01347	0.04522	0.63246	0.03560	0.03464	0.03175	0.02598	0.01155	0.00866	0.00289	0.00673	0.00962	0.00866	0.01347
12	0.01905	0.03016	0.25766	0.03190	0.04186	0.02092	0.41671	0.02715	0.01936	0.02715	0.01655	0.02125	0.01218	0.00749	0.00937	0.00281	0.01374	0.00876	0.00406	0.01185
13	0.01144	0.00817	0.01110	0.01307	0.01403	0.00783	0.00976	0.01370	0.01735	0.02292	0.04631	0.50392	0.05395	0.02565	0.01115	0.00360	0.00586	0.20510	0.00788	0.00721
14	0.02106	0.02022	0.03454	0.05223	0.64784	0.02022	0.02612	0.02612	0.01938	0.02780	0.01601	0.02106	0.01348	0.00758	0.00842	0.00253	0.01011	0.00758	0.00421	0.01348
15	0.02015	0.01820	0.02774	0.30353	0.25338	0.02043	0.02230	0.08651	0.10743	0.02899	0.01873	0.02319	0.01447	0.00879	0.00850	0.00271	0.01007	0.00787	0.00510	0.01191
16	0.03182	0.03955	0.02420	0.02178	0.02631	0.62796	0.01643	0.06946	0.02508	0.02282	0.01360	0.01565	0.01117	0.00886	0.00772	0.00221	0.01498	0.00561	0.00463	0.01014
