[name]
unknown

[dist]
# distance from previous block
# <min> <max>
0	0

[block]
# block no. 0 follows, 21 sequences, length 27
# corresponding to MSA columns:
# 0-26
name=unknown_A
#
# <colnr> <probs for GDERKNQSTAVLIFYWHMCP>
#	G	D	E	R	K	N	Q	S	T	A	V	L	I	F	Y	W	H	M	C	P
0	0.01371	0.00980	0.01371	0.01567	0.01763	0.00980	0.01371	0.01763	0.01959	0.02547	0.04506	0.09599	0.04898	0.02351	0.01175	0.00392	0.00784	0.59056	0.00784	0.00784
1	0.02041	0.11715	0.41628	0.02300	0.06235	0.08603	0.02526	0.02772	0.01929	0.06306	0.04986	0.02047	0.01533	0.00868	0.00788	0.00253	0.01154	0.00669	0.00443	0.01202
2	0.02553	0.18676	0.02694	0.01732	0.02281	0.15298	0.01434	0.19291	0.11892	0.03372	0.10280	0.02531	0.02351	0.01039	0.00785	0.00237	0.00938	0.00782	0.00666	0.01169
3	0.01212	0.00900	0.01302	0.01282	0.01448	0.00989	0.00989	0.01544	0.01666	0.02388	0.20082	0.04208	0.03821	0.05051	0.47867	0.01052	0.01741	0.01092	0.00594	0.00772
4	0.02858	0.02984	0.02712	0.05977	0.17990	0.30410	0.01908	0.19051	0.02694	0.03149	0.01592	0.01847	0.01255	0.00886	0.00812	0.00240	0.01225	0.00669	0.00544	0.01198
5	0.01208	0.01260	0.08224	0.01167	0.01507	0.00911	0.01022	0.01627	0.02219	0.03043	0.42863	0.06328	0.21946	0.01745	0.00983	0.00273	0.00504	0.01505	0.00835	0.00831
6	0.02225	0.06525	0.13292	0.04078	0.41504	0.12540	0.02477	0.02749	0.01980	0.02611	0.01520	0.01923	0.01250	0.00784	0.00809	0.00246	0.01130	0.00687	0.00411	0.01261
7	0.02275	0.70604	0.04459	0.01456	0.02184	0.03367	0.01456	0.02548	0.01729	0.02002	0.01183	0.01365	0.01092	0.00728	0.00546	0.00182	0.00910	0.00455	0.00364	0.01092
8	0.01688	0.01420	0.01532	0.01407	0.01788	0.01541	0.01083	0.03203	0.37312	0.03264	0.17645	0.04910	0.16719	0.01490	0.00925	0.00284	0.00564	0.01261	0.00865	0.01098
9	0.01204	0.00870	0.01138	0.01071	0.01271	0.00803	0.00803	0.01606	0.02409	0.03413	0.64335	0.06357	0.08030	0.01740	0.01004	0.00268	0.00401	0.01539	0.00937	0.00803
10	0.01371	0.00980	0.01371	0.01567	0.01763	0.00980	0.01371	0.01763	0.01959	0.02547	0.04506	0.09599	0.04898	0.02351	0.01175	0.00392	0.00784	0.59056	0.00784	0.00784
11	0.01119	0.00867	0.01019	0.00981	0.01219	0.00767	0.00736	0.01440	0.02207	0.02932	0.40314	0.07147	0.32350	0.01919	0.01005	0.00276	0.00414	0.01650	0.00874	0.00767
12	0.01216	0.00912	0.01368	0.01368	0.01520	0.01064	0.01064	0.01520	0.01368	0.01976	0.02279	0.03343	0.02127	0.06382	0.66720	0.01368	0.02279	0.00912	0.00456	0.00760
13	0.76103	0.01646	0.01251	0.01119	0.01646	0.01909	0.00922	0.02502	0.01448	0.03818	0.01185	0.01382	0.00922	0.00790	0.00527	0.00263	0.00658	0.00461	0.00527	0.00922
14	0.01708	0.01636	0.02312	0.02028	0.02064	0.02239	0.01672	0.01922	0.01319	0.02031	0.01394	0.02215	0.01358	0.02655	0.18015	0.00609	0.52758	0.00785	0.00392	0.00890
15	0.02106	0.02022	0.03454	0.05223	0.64784	0.02022	0.02612	0.02612	0.01938	0.02780	0.01601	0.02106	0.01348	0.00758	0.00842	0.00253	0.01011	0.00758	0.00421	0.01348
16	0.03755	0.01549	0.02037	0.01562	0.02223	0.01401	0.01290	0.10387	0.02605	0.58895	0.03215	0.02804	0.02035	0.01050	0.00855	0.00262	0.00747	0.00846	0.01031	0.01448
17	0.01719	0.01473	0.01548	0.01423	0.01828	0.01607	0.01098	0.03328	0.40699	0.03157	0.08445	0.04920	0.22247	0.01500	0.00917	0.00287	0.00583	0.01255	0.00846	0.01120
18	0.01028	0.00863	0.00893	0.00886	0.01163	0.00728	0.00664	0.01265	0.01993	0.02425	0.14903	0.07983	0.58078	0.02108	0.01006	0.00285	0.00428	0.01767	0.00807	0.00728
19	0.01702	0.03096	0.34802	0.02588	0.03519	0.01822	0.21936	0.02473	0.01884	0.02690	0.05661	0.09743	0.02064	0.01040	0.00915	0.00284	0.01180	0.01004	0.00465	0.01132
20	0.10076	0.01721	0.02093	0.01750	0.02051	0.02074	0.01435	0.15175	0.02075	0.10532	0.01793	0.02160	0.01423	0.01292	0.01696	0.04532	0.27501	0.00738	0.08828	0.01055
21	0.01038	0.00863	0.00907	0.00896	0.01170	0.00732	0.00672	0.01285	0.02017	0.02482	0.17790	0.07888	0.55155	0.02087	0.01005	0.00284	0.00426	0.01754	0.00814	0.00732
22	0.06074	0.03059	0.28909	0.03260	0.14247	0.02046	0.24705	0.02681	0.01880	0.02784	0.01593	0.02012	0.01194	0.00765	0.00871	0.00273	0.01248	0.00781	0.00406	0.01213
23	0.02378	0.14266	0.17715	0.02050	0.02665	0.29325	0.01930	0.02795	0.01961	0.02202	0.01427	0.01780	0.01198	0.01445	0.07599	0.00354	0.06859	0.00605	0.00404	0.01040
24	0.01216	0.00865	0.01043	0.01040	0.01260	0.00768	0.00764	0.01491	0.02069	0.05580	0.28216	0.20752	0.27690	0.02063	0.01016	0.00292	0.00447	0.01794	0.00857	0.00777
25	0.02196	0.02584	0.18927	0.02385	0.06433	0.01915	0.14039	0.15616	0.02366	0.06337	0.02191	0.02396	0.05049	0.00897	0.00845	0.00247	0.01034	0.00802	0.00568	0.13173
26	0.06529	0.21561	0.02771	0.01767	0.02312	0.30599	0.01448	0.03201	0.05145	0.11327	0.04515	0.01973	0.01617	0.00909	0.00723	0.00223	0.01111	0.00627	0.00554	0.01088

[dist]
# distance from previous block
# <min> <max>
3	8

[block]
# block no. 1 follows, 21 sequences, length 29
# corresponding to MSA columns:
# 35-63
name=unknown_B
#
# <colnr> <probs for GDERKNQSTAVLIFYWHMCP>
#	G	D	E	R	K	N	Q	S	T	A	V	L	I	F	Y	W	H	M	C	P
0	0.01852	0.03459	0.38893	0.02770	0.09282	0.06114	0.13632	0.02644	0.01942	0.02731	0.07014	0.02297	0.01748	0.00872	0.00862	0.00268	0.01211	0.00784	0.00434	0.01189
1	0.01996	0.01675	0.02069	0.08315	0.09030	0.01751	0.01463	0.10791	0.21399	0.03324	0.07869	0.07130	0.02574	0.01110	0.00839	0.00249	0.00744	0.00948	0.00699	0.16023
2	0.02238	0.07479	0.02474	0.18661	0.06507	0.22458	0.01737	0.05934	0.01974	0.02277	0.01586	0.02291	0.01396	0.07769	0.05576	0.00381	0.07128	0.00723	0.00443	0.00967
3	0.02069	0.02234	0.09207	0.04759	0.55423	0.02023	0.02588	0.02730	0.05476	0.02817	0.01702	0.02139	0.01395	0.00786	0.00841	0.00256	0.01015	0.00758	0.00441	0.01339
4	0.01009	0.00851	0.00874	0.00892	0.01157	0.00716	0.00660	0.01218	0.01911	0.02287	0.08252	0.13949	0.58918	0.02203	0.01013	0.00293	0.00437	0.01855	0.00790	0.00716
5	0.01216	0.00912	0.01368	0.01368	0.01520	0.01064	0.01064	0.01520	0.01368	0.01976	0.02279	0.03343	0.02127	0.06382	0.66720	0.01368	0.02279	0.00912	0.00456	0.00760
6	0.03169	0.01309	0.01742	0.01383	0.01942	0.01134	0.01125	0.03494	0.02374	0.50419	0.11389	0.03940	0.10162	0.01266	0.00891	0.00267	0.00650	0.01050	0.01008	0.01284
7	0.16524	0.01335	0.01624	0.01326	0.01842	0.01257	0.01074	0.03186	0.02246	0.37959	0.18720	0.03511	0.03419	0.01182	0.00833	0.00264	0.00629	0.00959	0.00926	0.01184
8	0.02080	0.01995	0.03407	0.08539	0.61674	0.02015	0.02599	0.02589	0.01925	0.02748	0.01596	0.02115	0.01337	0.00763	0.00843	0.00254	0.01018	0.00758	0.00419	0.01327
9	0.01222	0.00885	0.01233	0.01233	0.01339	0.00991	0.00896	0.01434	0.01328	0.01876	0.02402	0.04023	0.02423	0.25834	0.47672	0.01202	0.01835	0.01011	0.00474	0.00685
10	0.02110	0.01396	0.01638	0.01441	0.01825	0.01435	0.01116	0.14974	0.12229	0.12516	0.18181	0.17533	0.06790	0.01605	0.00946	0.00285	0.00624	0.01379	0.00888	0.01091
11	0.03028	0.07193	0.02457	0.02111	0.02549	0.59978	0.01604	0.03254	0.02321	0.02073	0.01361	0.01624	0.01152	0.01168	0.04326	0.00280	0.01544	0.00563	0.00436	0.00980
12	0.01954	0.01866	0.03179	0.24404	0.46794	0.01982	0.02536	0.02478	0.01866	0.02595	0.01574	0.02156	0.01283	0.00787	0.00845	0.00262	0.01049	0.00758	0.00408	0.01225
13	0.02358	0.15889	0.02801	0.02356	0.13800	0.18956	0.01627	0.08154	0.02192	0.02653	0.05542	0.02404	0.05707	0.00984	0.00873	0.00229	0.04685	0.00735	0.00513	0.07543
14	0.70541	0.01582	0.01217	0.01095	0.01597	0.01826	0.00897	0.02463	0.01473	0.03770	0.01304	0.01516	0.01016	0.00805	0.00532	0.00258	0.00639	0.00486	0.06072	0.00912
15	0.01216	0.00912	0.01368	0.01368	0.01520	0.01064	0.01064	0.01520	0.01368	0.01976	0.02279	0.03343	0.02127	0.06382	0.66720	0.01368	0.02279	0.00912	0.00456	0.00760
16	0.02311	0.01871	0.02019	0.01770	0.02268	0.02119	0.01417	0.18497	0.41601	0.03894	0.03228	0.03617	0.02571	0.01256	0.00897	0.00292	0.00751	0.07460	0.00853	0.01308
17	0.06696	0.56039	0.03948	0.01554	0.02224	0.13338	0.01455	0.02681	0.01821	0.02120	0.01204	0.01393	0.01083	0.00755	0.00580	0.00193	0.00995	0.00470	0.00385	0.01065
18	0.70543	0.01636	0.01348	0.06115	0.01960	0.01908	0.01029	0.02477	0.01467	0.03695	0.01209	0.01449	0.00938	0.00795	0.00551	0.00265	0.00694	0.00483	0.00516	0.00923
19	0.01355	0.01083	0.01244	0.01193	0.01480	0.01075	0.00922	0.02131	0.15291	0.03036	0.29396	0.06504	0.23471	0.01792	0.00990	0.00289	0.00502	0.06490	0.00864	0.00893
20	0.01216	0.00912	0.01368	0.01368	0.01520	0.01064	0.01064	0.01520	0.01368	0.01976	0.02279	0.03343	0.02127	0.06382	0.66720	0.01368	0.02279	0.00912	0.00456	0.00760
21	0.04993	0.01588	0.02618	0.56445	0.13759	0.01910	0.02333	0.02249	0.01723	0.02331	0.01510	0.02207	0.01154	0.00835	0.00835	0.00278	0.01096	0.00743	0.00391	0.01000
22	0.17679	0.06173	0.02736	0.03257	0.29571	0.21749	0.01908	0.02825	0.01970	0.02741	0.01406	0.01744	0.01170	0.00799	0.00739	0.00241	0.01092	0.00617	0.00445	0.01137
23	0.02035	0.02929	0.27394	0.03812	0.32798	0.01975	0.07878	0.02734	0.01916	0.06037	0.01675	0.02045	0.01279	0.00790	0.00844	0.00263	0.01127	0.00735	0.00432	0.01301
24	0.01910	0.01822	0.03101	0.29863	0.41674	0.01971	0.02514	0.02440	0.01845	0.02543	0.01566	0.02170	0.01264	0.00795	0.00846	0.00265	0.01059	0.00757	0.00404	0.01190
25	0.01088	0.00870	0.00981	0.01000	0.01247	0.00763	0.00767	0.01356	0.02017	0.02539	0.18910	0.11323	0.43429	0.02123	0.01029	0.00298	0.00468	0.08232	0.00818	0.00741
26	0.01226	0.00872	0.01166	0.01166	0.01248	0.00954	0.00812	0.01390	0.01308	0.01826	0.02464	0.04364	0.02571	0.35590	0.38118	0.01119	0.01613	0.01061	0.00483	0.00648
27	0.02142	0.12752	0.02327	0.01688	0.02208	0.02315	0.01364	0.04209	0.53475	0.03313	0.03101	0.02888	0.02359	0.01087	0.00815	0.00272	0.00711	0.00882	0.00786	0.01307
28	0.02051	0.01624	0.01867	0.01389	0.02104	0.01384	0.01114	0.08113	0.08416	0.06501	0.01866	0.01999	0.01463	0.00745	0.00688	0.00163	0.00669	0.00596	0.00604	0.56644

[dist]
# distance from previous block
# <min> <max>
2	4

[block]
# block no. 2 follows, 21 sequences, length 104
# corresponding to MSA columns:
# 68-171
name=unknown_C
#
# <colnr> <probs for GDERKNQSTAVLIFYWHMCP>
#	G	D	E	R	K	N	Q	S	T	A	V	L	I	F	Y	W	H	M	C	P
0	0.01052	0.00751	0.01005	0.01202	0.01258	0.00704	0.00816	0.01211	0.01644	0.02189	0.04682	0.66847	0.05596	0.02652	0.01090	0.00348	0.00507	0.04961	0.00790	0.00695
1	0.01112	0.00866	0.01009	0.00973	0.01214	0.00763	0.00730	0.01426	0.02189	0.02892	0.38271	0.07214	0.34418	0.01934	0.01005	0.00277	0.00415	0.01659	0.00868	0.00763
2	0.01212	0.00891	0.01026	0.00978	0.01245	0.00777	0.00739	0.01511	0.02158	0.05529	0.31785	0.07188	0.38022	0.01933	0.00998	0.00278	0.00431	0.01647	0.00863	0.00786
3	0.01149	0.00842	0.00924	0.00940	0.01056	0.00786	0.00609	0.01250	0.01542	0.01947	0.05034	0.09259	0.25980	0.39534	0.02844	0.00589	0.00664	0.03803	0.00639	0.00608
4	0.01586	0.00793	0.00793	0.00793	0.00991	0.00793	0.00595	0.01983	0.01785	0.03173	0.02776	0.03173	0.02181	0.00991	0.00595	0.00198	0.00397	0.00793	0.74817	0.00793
5	0.02854	0.02099	0.02283	0.01824	0.02396	0.02302	0.01474	0.51428	0.03591	0.04811	0.02501	0.13727	0.02171	0.01306	0.00892	0.00271	0.00860	0.01052	0.00841	0.01316
6	0.01740	0.01704	0.02205	0.19893	0.03018	0.07735	0.01718	0.02053	0.01589	0.02141	0.05607	0.02663	0.01828	0.06009	0.11086	0.00495	0.26362	0.00834	0.00437	0.00883
7	0.02569	0.27917	0.06417	0.02500	0.15065	0.15247	0.01837	0.13796	0.02331	0.02834	0.01470	0.01695	0.01210	0.00822	0.00718	0.00221	0.01074	0.00601	0.00481	0.01197
8	0.03260	0.02344	0.02529	0.01939	0.02619	0.02580	0.01602	0.59496	0.03935	0.07908	0.02099	0.02079	0.01475	0.01023	0.00852	0.00256	0.00927	0.00770	0.00860	0.01447
9	0.01024	0.00863	0.00887	0.00881	0.01160	0.00726	0.00661	0.01256	0.01982	0.02399	0.13633	0.08025	0.59364	0.02118	0.01006	0.00286	0.00428	0.01773	0.00803	0.00726
10	0.01941	0.01853	0.03155	0.26046	0.45254	0.01978	0.02529	0.02467	0.01859	0.02579	0.01572	0.02160	0.01277	0.00789	0.00845	0.00263	0.01052	0.00758	0.00407	0.01215
11	0.01717	0.01462	0.01714	0.01256	0.01966	0.01106	0.00994	0.02081	0.01756	0.02734	0.01719	0.06169	0.01544	0.00763	0.00660	0.00140	0.00621	0.00629	0.00523	0.70446
12	0.01222	0.00888	0.01248	0.01248	0.01358	0.00999	0.00914	0.01443	0.01332	0.01887	0.02389	0.03950	0.02391	0.23746	0.49716	0.01220	0.01883	0.01001	0.00472	0.00693
13	0.03046	0.11734	0.02721	0.01971	0.02560	0.26289	0.01596	0.30440	0.05522	0.03651	0.01722	0.01815	0.01319	0.00936	0.00782	0.00234	0.01143	0.00654	0.00637	0.01228
14	0.01910	0.06592	0.47364	0.02231	0.03284	0.07861	0.02638	0.02922	0.08475	0.02709	0.01702	0.01903	0.01253	0.00840	0.00791	0.00256	0.01174	0.00644	0.00429	0.05021
15	0.01950	0.06229	0.35864	0.02866	0.16661	0.04728	0.02584	0.03016	0.12488	0.02809	0.01855	0.02074	0.01401	0.00857	0.00813	0.00263	0.01099	0.00704	0.00464	0.01275
16	0.01707	0.04402	0.65683	0.02426	0.03683	0.01976	0.03144	0.02695	0.01797	0.02695	0.01527	0.01797	0.01078	0.00809	0.00809	0.00270	0.01258	0.00629	0.00359	0.01258
17	0.03235	0.02384	0.02554	0.01958	0.02639	0.02639	0.01618	0.61946	0.04001	0.05363	0.02043	0.02043	0.01447	0.01022	0.00851	0.00255	0.00936	0.00766	0.00851	0.01447
18	0.03818	0.01448	0.01975	0.01514	0.02172	0.01251	0.01251	0.04147	0.02436	0.65373	0.03357	0.02897	0.02107	0.01053	0.00856	0.00263	0.00724	0.00856	0.01053	0.01448
19	0.01755	0.00956	0.00973	0.00912	0.01160	0.00982	0.00699	0.08107	0.02011	0.03396	0.02701	0.03057	0.02106	0.00995	0.00621	0.00204	0.00452	0.00790	0.67262	0.00860
20	0.01095	0.00926	0.00956	0.00959	0.01240	0.00825	0.00714	0.01475	0.06686	0.02386	0.07866	0.13318	0.54332	0.02123	0.01002	0.00293	0.00456	0.01787	0.00796	0.00765
21	0.01357	0.01081	0.01590	0.15834	0.06087	0.01143	0.01405	0.01693	0.01763	0.02301	0.03825	0.20002	0.07646	0.08330	0.01352	0.00385	0.00791	0.21960	0.00652	0.00802
22	0.01006	0.00862	0.00862	0.00862	0.01149	0.00718	0.00647	0.01221	0.01940	0.02299	0.08621	0.08190	0.64438	0.02155	0.01006	0.00287	0.00431	0.01796	0.00790	0.00718
23	0.02009	0.02296	0.05022	0.03587	0.04448	0.02152	0.61693	0.02726	0.02009	0.02726	0.01722	0.02296	0.01291	0.00717	0.01004	0.00287	0.01435	0.01004	0.00430	0.01148
24	0.01999	0.01913	0.03261	0.18681	0.52162	0.01994	0.02559	0.02518	0.01887	0.02650	0.01582	0.02141	0.01302	0.00778	0.00844	0.00259	0.01037	0.00758	0.00412	0.01262
25	0.01493	0.01044	0.01253	0.01249	0.01536	0.01000	0.00992	0.02036	0.09207	0.07978	0.13422	0.12783	0.24625	0.01985	0.01026	0.00314	0.00573	0.15767	0.00839	0.00878
26	0.01229	0.00858	0.01095	0.01095	0.01153	0.00916	0.00724	0.01345	0.01287	0.01774	0.02528	0.04722	0.02726	0.45848	0.28073	0.01032	0.01379	0.01114	0.00493	0.00609
27	0.01607	0.01513	0.02552	0.68047	0.05861	0.01891	0.02363	0.02174	0.01702	0.02174	0.01513	0.02269	0.01134	0.00851	0.00851	0.00284	0.01134	0.00756	0.00378	0.00945
28	0.76103	0.01646	0.01251	0.01119	0.01646	0.01909	0.00922	0.02502	0.01448	0.03818	0.01185	0.01382	0.00922	0.00790	0.00527	0.00263	0.00658	0.00461	0.00527	0.00922
29	0.01300	0.01020	0.01467	0.01420	0.01533	0.01227	0.01094	0.01550	0.01343	0.01943	0.02185	0.03443	0.02125	0.13947	0.50686	0.01173	0.10410	0.00933	0.00453	0.00750
30	0.01743	0.01771	0.03276	0.23002	0.07645	0.01947	0.22839	0.02246	0.01751	0.02383	0.01937	0.10840	0.01776	0.01131	0.01237	0.00305	0.11659	0.01055	0.00451	0.01005
31	0.21113	0.01545	0.01784	0.01418	0.02019	0.01513	0.01167	0.09030	0.02305	0.41208	0.02675	0.02467	0.01763	0.00983	0.00760	0.00259	0.00709	0.00748	0.05252	0.01282
32	0.01671	0.01578	0.02668	0.59982	0.13425	0.01908	0.02395	0.02230	0.01732	0.02252	0.01524	0.02248	0.01162	0.00839	0.00850	0.00280	0.01119	0.00757	0.00384	0.00997
33	0.02106	0.02022	0.03454	0.05223	0.64784	0.02022	0.02612	0.02612	0.01938	0.02780	0.01601	0.02106	0.01348	0.00758	0.00842	0.00253	0.01011	0.00758	0.00421	0.01348
34	0.02236	0.07852	0.41282	0.02245	0.03250	0.10497	0.02546	0.14670	0.02314	0.03111	0.01583	0.01787	0.01155	0.00855	0.00796	0.00255	0.01208	0.00636	0.00469	0.01251
35	0.01238	0.00825	0.00928	0.00928	0.00928	0.00825	0.00516	0.01238	0.01238	0.01650	0.02681	0.05569	0.03094	0.70092	0.04331	0.00825	0.00825	0.01238	0.00516	0.00516
36	0.01779	0.01740	0.02448	0.02123	0.02142	0.02409	0.01759	0.01980	0.01312	0.02039	0.01266	0.02052	0.01247	0.02118	0.10999	0.00500	0.60030	0.00766	0.00383	0.00909
37	0.02839	0.02154	0.02302	0.01842	0.02433	0.02403	0.01486	0.44078	0.18621	0.04697	0.02435	0.02531	0.01830	0.05084	0.01058	0.00297	0.00864	0.00843	0.00835	0.01368
38	0.01749	0.05716	0.01527	0.01304	0.01479	0.13523	0.00898	0.05258	0.01719	0.02061	0.02646	0.15520	0.02942	0.37008	0.02659	0.00555	0.00913	0.01239	0.00559	0.00725
39	0.01258	0.00926	0.01183	0.01109	0.01326	0.00880	0.00835	0.01776	0.05958	0.03421	0.60784	0.06171	0.07713	0.01706	0.00996	0.00269	0.00417	0.01505	0.00933	0.00835
40	0.01940	0.01134	0.01170	0.01043	0.01344	0.01189	0.00814	0.14828	0.02259	0.03642	0.02619	0.02931	0.02024	0.00998	0.00650	0.00211	0.00512	0.00787	0.58973	0.00933
41	0.02184	0.01370	0.01431	0.01215	0.01589	0.01462	0.00966	0.23720	0.02588	0.03967	0.02510	0.02763	0.01915	0.01002	0.00688	0.00219	0.00592	0.00783	0.48004	0.01030
42	0.01654	0.01436	0.01893	0.02324	0.17399	0.01496	0.01406	0.02645	0.22031	0.02800	0.04101	0.21742	0.12317	0.01617	0.00941	0.00295	0.00673	0.01433	0.00723	0.01075
43	0.01180	0.00869	0.01104	0.01045	0.01257	0.00793	0.00784	0.01559	0.02352	0.03277	0.57553	0.06580	0.14896	0.01790	0.01004	0.00270	0.00405	0.01570	0.00919	0.00793
44	0.01478	0.00739	0.01109	0.01109	0.01109	0.00739	0.00739	0.01109	0.01109	0.01478	0.01478	0.02587	0.01478	0.02956	0.03326	0.75240	0.00739	0.00739	0.00370	0.00370
45	0.01607	0.01513	0.02552	0.68047	0.05861	0.01891	0.02363	0.02174	0.01702	0.02174	0.01513	0.02269	0.01134	0.00851	0.00851	0.00284	0.01134	0.00756	0.00378	0.00945
46	0.02106	0.02022	0.03454	0.05223	0.64784	0.02022	0.02612	0.02612	0.01938	0.02780	0.01601	0.02106	0.01348	0.00758	0.00842	0.00253	0.01011	0.00758	0.00421	0.01348
47	0.01225	0.00820	0.00932	0.00944	0.00948	0.00817	0.00533	0.01234	0.01262	0.01683	0.02809	0.09623	0.03255	0.65819	0.04126	0.00795	0.00804	0.01312	0.00533	0.00527
48	0.01821	0.17691	0.53393	0.02231	0.03382	0.02256	0.02805	0.02666	0.01783	0.02556	0.01458	0.01710	0.01081	0.00792	0.00756	0.00252	0.01188	0.00594	0.00360	0.01224
49	0.02083	0.19210	0.03051	0.02036	0.02257	0.08560	0.01741	0.02294	0.01509	0.02040	0.01151	0.01708	0.01109	0.01244	0.02050	0.00311	0.45636	0.00655	0.00376	0.00976
50	0.01031	0.00765	0.00962	0.01120	0.01217	0.00697	0.00761	0.01192	0.01692	0.02198	0.05479	0.57222	0.17434	0.02564	0.01070	0.00334	0.00481	0.02294	0.00790	0.00697
51	0.01862	0.01862	0.02607	0.02234	0.02234	0.02607	0.01862	0.02048	0.01303	0.02048	0.01117	0.01862	0.01117	0.01489	0.02793	0.00372	0.68535	0.00745	0.00372	0.00931
52	0.01707	0.04402	0.65683	0.02426	0.03683	0.01976	0.03144	0.02695	0.01797	0.02695	0.01527	0.01797	0.01078	0.00809	0.00809	0.00270	0.01258	0.00629	0.00359	0.01258
53	0.02575	0.03083	0.02149	0.01977	0.02312	0.45183	0.01505	0.02814	0.02064	0.02052	0.01557	0.02034	0.01370	0.02371	0.18318	0.00533	0.06086	0.00657	0.00439	0.00923
54	0.01110	0.00875	0.01020	0.01104	0.01330	0.00785	0.00866	0.01363	0.01897	0.02347	0.06890	0.18079	0.39099	0.02288	0.01064	0.00325	0.00537	0.17499	0.00788	0.00732
55	0.01824	0.01533	0.01666	0.01516	0.01916	0.01707	0.01170	0.03602	0.44491	0.03450	0.18951	0.04261	0.07561	0.01359	0.00908	0.00283	0.00591	0.01155	0.00879	0.01175
56	0.01037	0.00741	0.00987	0.01185	0.01234	0.00691	0.00790	0.01185	0.01629	0.02172	0.04690	0.69537	0.05629	0.02666	0.01086	0.00346	0.00494	0.02419	0.00790	0.00691
57	0.02945	0.03652	0.02498	0.02376	0.06241	0.54565	0.01729	0.03177	0.02240	0.02119	0.01307	0.01611	0.01114	0.00949	0.01034	0.00241	0.10186	0.00586	0.00429	0.01001
58	0.03183	0.03947	0.02421	0.02177	0.02631	0.62514	0.01643	0.07203	0.02515	0.02296	0.01363	0.01568	0.01119	0.00886	0.00773	0.00222	0.01496	0.00562	0.00465	0.01017
59	0.01862	0.01862	0.02607	0.02234	0.02234	0.02607	0.01862	0.02048	0.01303	0.02048	0.01117	0.01862	0.01117	0.01489	0.02793	0.00372	0.68535	0.00745	0.00372	0.00931
60	0.02035	0.42604	0.30354	0.01866	0.02818	0.02779	0.02170	0.02610	0.01758	0.02295	0.01329	0.01548	0.01086	0.00762	0.00657	0.00219	0.01057	0.00529	0.00362	0.01162
61	0.12781	0.03992	0.56092	0.02231	0.03380	0.01966	0.02813	0.02666	0.01745	0.02862	0.01476	0.01735	0.01055	0.00806	0.00767	0.00269	0.01168	0.00604	0.00384	0.01208
62	0.01006	0.00862	0.00862	0.00862	0.01149	0.00718	0.00647	0.01221	0.01940	0.02299	0.08621	0.08190	0.64438	0.02155	0.01006	0.00287	0.00431	0.01796	0.00790	0.00718
63	0.01216	0.00912	0.01368	0.01368	0.01520	0.01064	0.01064	0.01520	0.01368	0.01976	0.02279	0.03343	0.02127	0.06382	0.66720	0.01368	0.02279	0.00912	0.00456	0.00760
64	0.01842	0.01733	0.02822	0.04146	0.48914	0.01701	0.02129	0.02285	0.01962	0.02717	0.06201	0.03530	0.14204	0.01086	0.00883	0.00260	0.00865	0.01004	0.00521	0.01195
65	0.01765	0.01513	0.01765	0.01260	0.02017	0.01134	0.01008	0.02143	0.01765	0.02773	0.01513	0.01765	0.01260	0.00630	0.00630	0.00126	0.00630	0.00504	0.00504	0.75295
66	0.01037	0.00741	0.00987	0.01185	0.01234	0.00691	0.00790	0.01185	0.01629	0.02172	0.04690	0.69537	0.05629	0.02666	0.01086	0.00346	0.00494	0.02419	0.00790	0.00691
67	0.01131	0.00899	0.01037	0.01093	0.01347	0.00804	0.00880	0.01413	0.01976	0.02448	0.10973	0.08505	0.42410	0.02189	0.01058	0.00318	0.00538	0.19438	0.00798	0.00744
68	0.02106	0.02022	0.03454	0.05223	0.64784	0.02022	0.02612	0.02612	0.01938	0.02780	0.01601	0.02106	0.01348	0.00758	0.00842	0.00253	0.01011	0.00758	0.00421	0.01348
69	0.02051	0.01564	0.02060	0.02367	0.17544	0.01612	0.01481	0.03146	0.23503	0.10953	0.12585	0.03984	0.10960	0.01257	0.00897	0.00273	0.00693	0.01090	0.00779	0.01199
70	0.01009	0.00851	0.00873	0.00891	0.01157	0.00716	0.00659	0.01218	0.01912	0.02288	0.08267	0.13708	0.59148	0.02201	0.01013	0.00293	0.00437	0.01852	0.00790	0.00716
71	0.02832	0.03214	0.02769	0.03166	0.23086	0.38789	0.01960	0.09182	0.02420	0.02651	0.01484	0.01775	0.01215	0.00853	0.00801	0.00234	0.01301	0.00640	0.00475	0.01153
72	0.01738	0.03516	0.45022	0.15957	0.11964	0.01965	0.02919	0.02580	0.01796	0.02601	0.01534	0.01931	0.01124	0.00811	0.00821	0.00270	0.01201	0.00671	0.00371	0.01207
73	0.02275	0.70604	0.04459	0.01456	0.02184	0.03367	0.01456	0.02548	0.01729	0.02002	0.01183	0.01365	0.01092	0.00728	0.00546	0.00182	0.00910	0.00455	0.00364	0.01092
74	0.01086	0.00881	0.00978	0.01031	0.01286	0.00773	0.00810	0.01336	0.01928	0.02346	0.07532	0.11631	0.48586	0.02224	0.01046	0.00313	0.00510	0.14181	0.00789	0.00731
75	0.02082	0.02090	0.03845	0.04815	0.49730	0.02054	0.17352	0.02640	0.01955	0.02767	0.01631	0.02153	0.01334	0.00748	0.00883	0.00261	0.01117	0.00820	0.00424	0.01298
76	0.02771	0.02961	0.02843	0.03330	0.26831	0.29913	0.02016	0.13689	0.02515	0.02948	0.01558	0.01849	0.01258	0.00857	0.00812	0.00239	0.01223	0.00669	0.00506	0.01211
77	0.76103	0.01646	0.01251	0.01119	0.01646	0.01909	0.00922	0.02502	0.01448	0.03818	0.01185	0.01382	0.00922	0.00790	0.00527	0.00263	0.00658	0.00461	0.00527	0.00922
78	0.01611	0.01500	0.02287	0.03260	0.36134	0.01435	0.01727	0.01986	0.01939	0.02564	0.04761	0.04845	0.29753	0.01387	0.00916	0.00268	0.00750	0.01225	0.00587	0.01065
79	0.01006	0.00862	0.00862	0.00862	0.01149	0.00718	0.00647	0.01221	0.01940	0.02299	0.08621	0.08190	0.64438	0.02155	0.01006	0.00287	0.00431	0.01796	0.00790	0.00718
80	0.02000	0.02269	0.04876	0.03505	0.04314	0.02179	0.58089	0.02685	0.01966	0.02685	0.01685	0.02269	0.01281	0.00764	0.01112	0.00292	0.05477	0.00989	0.00427	0.01135
81	0.01364	0.00924	0.01031	0.00993	0.01037	0.00940	0.00585	0.05085	0.01413	0.01885	0.02641	0.05346	0.02990	0.65715	0.04111	0.00789	0.00832	0.01208	0.00537	0.00575
82	0.02685	0.02609	0.02177	0.01827	0.02393	0.23896	0.01427	0.14369	0.16711	0.05761	0.02073	0.02112	0.01585	0.00926	0.00782	0.00225	0.01008	0.00689	0.00653	0.16091
83	0.03169	0.02351	0.02517	0.01945	0.02614	0.02608	0.01602	0.58564	0.07491	0.05257	0.02127	0.02110	0.01515	0.01029	0.00852	0.00257	0.00921	0.00778	0.00852	0.01441
84	0.02169	0.02142	0.03393	0.05045	0.61123	0.05830	0.02555	0.02658	0.01966	0.02739	0.01584	0.02073	0.01333	0.00765	0.00838	0.00251	0.01042	0.00746	0.00422	0.01327
85	0.01533	0.00880	0.01011	0.00989	0.01166	0.00954	0.00760	0.01899	0.01677	0.02878	0.02582	0.03126	0.02107	0.02042	0.13242	0.00430	0.04857	0.00813	0.56259	0.00795
86	0.01226	0.00820	0.00932	0.00943	0.00946	0.00817	0.00532	0.01234	0.01261	0.01681	0.02800	0.09337	0.03243	0.66121	0.04140	0.00797	0.00806	0.01307	0.00532	0.00526
87	0.03235	0.02384	0.02554	0.01958	0.02639	0.02639	0.01618	0.61946	0.04001	0.05363	0.02043	0.02043	0.01447	0.01022	0.00851	0.00255	0.00936	0.00766	0.00851	0.01447
88	0.03235	0.02384	0.02554	0.01958	0.02639	0.02639	0.01618	0.61946	0.04001	0.05363	0.02043	0.02043	0.01447	0.01022	0.00851	0.00255	0.00936	0.00766	0.00851	0.01447
89	0.03048	0.03864	0.02318	0.02112	0.02542	0.62703	0.01584	0.03267	0.02383	0.02096	0.01755	0.01936	0.04912	0.00954	0.00782	0.00223	0.01468	0.00623	0.00460	0.00970
90	0.03235	0.02384	0.02554	0.01958	0.02639	0.02639	0.01618	0.61946	0.04001	0.05363	0.02043	0.02043	0.01447	0.01022	0.00851	0.00255	0.00936	0.00766	0.00851	0.01447
91	0.02961	0.03696	0.02439	0.05564	0.02754	0.56649	0.01704	0.03194	0.02259	0.02084	0.01305	0.01606	0.01100	0.00940	0.00984	0.00239	0.08535	0.00579	0.00428	0.00979
92	0.02009	0.02296	0.05022	0.03587	0.04448	0.02152	0.61693	0.02726	0.02009	0.02726	0.01722	0.02296	0.01291	0.00717	0.01004	0.00287	0.01435	0.01004	0.00430	0.01148
93	0.01216	0.00829	0.00922	0.00922	0.00949	0.00815	0.00528	0.01236	0.01303	0.01711	0.03237	0.05814	0.08834	0.63735	0.04020	0.00775	0.00788	0.01290	0.00541	0.00535
94	0.03235	0.02384	0.02554	0.01958	0.02639	0.02639	0.01618	0.61946	0.04001	0.05363	0.02043	0.02043	0.01447	0.01022	0.00851	0.00255	0.00936	0.00766	0.00851	0.01447
95	0.02050	0.01773	0.02593	0.44844	0.07212	0.02128	0.02156	0.17097	0.02260	0.02986	0.01623	0.02180	0.01220	0.00930	0.00974	0.00281	0.05352	0.00758	0.00498	0.01086
96	0.15507	0.01053	0.01154	0.01064	0.01375	0.01023	0.00821	0.01858	0.02128	0.07277	0.36486	0.05583	0.18383	0.01604	0.00904	0.00271	0.00477	0.01346	0.00835	0.00849
97	0.03235	0.02384	0.02554	0.01958	0.02639	0.02639	0.01618	0.61946	0.04001	0.05363	0.02043	0.02043	0.01447	0.01022	0.00851	0.00255	0.00936	0.00766	0.00851	0.01447
98	0.02117	0.01828	0.01924	0.01732	0.02213	0.02117	0.01347	0.04522	0.63246	0.03560	0.03464	0.03175	0.02598	0.01155	0.00866	0.00289	0.00673	0.00962	0.00866	0.01347
99	0.01835	0.01665	0.01621	0.01488	0.01905	0.05769	0.01146	0.03413	0.40111	0.03070	0.04949	0.04648	0.21950	0.01452	0.00904	0.00284	0.00652	0.01198	0.00815	0.01126
100	0.03235	0.02384	0.02554	0.01958	0.02639	0.02639	0.01618	0.61946	0.04001	0.05363	0.02043	0.02043	0.01447	0.01022	0.00851	0.00255	0.00936	0.00766	0.00851	0.01447
101	0.01247	0.00962	0.01426	0.01412	0.01550	0.01140	0.01100	0.01537	0.01375	0.01988	0.02315	0.06142	0.02219	0.05926	0.60006	0.01263	0.06193	0.00967	0.00465	0.00767
102	0.01782	0.03876	0.50549	0.02715	0.03874	0.02020	0.17752	0.02703	0.01850	0.02703	0.01576	0.01921	0.01131	0.00786	0.00857	0.00274	0.01302	0.00723	0.00377	0.01230
103	0.02849	0.02038	0.02251	0.01776	0.02381	0.02187	0.01457	0.43693	0.06164	0.08423	0.08320	0.02907	0.02331	0.01140	0.00870	0.00257	0.00835	0.03615	0.00849	0.05657

[dist]
# distance from previous block
# <min> <max>
0	1

[block]
# block no. 3 follows, 21 sequences, length 37
# corresponding to MSA columns:
# 173-209
name=unknown_D
#
# <colnr> <probs for GDERKNQSTAVLIFYWHMCP>
#	G	D	E	R	K	N	Q	S	T	A	V	L	I	F	Y	W	H	M	C	P
0	0.03128	0.02077	0.02436	0.01897	0.02514	0.06900	0.06621	0.27211	0.05784	0.23738	0.02488	0.02583	0.01779	0.05535	0.01089	0.00297	0.00938	0.00839	0.00827	0.01321
1	0.01325	0.00872	0.01206	0.01206	0.01362	0.00978	0.00926	0.01620	0.01463	0.02262	0.02369	0.03262	0.02110	0.04813	0.46425	0.04679	0.01715	0.00872	0.19786	0.00749
2	0.02581	0.50976	0.03832	0.01627	0.02285	0.17582	0.01485	0.02846	0.01930	0.06181	0.01356	0.01504	0.01160	0.00783	0.00617	0.00196	0.01039	0.00502	0.00426	0.01092
3	0.02169	0.03536	0.40692	0.02213	0.03218	0.02172	0.02508	0.18842	0.10130	0.03521	0.01910	0.02037	0.01369	0.00909	0.00827	0.00268	0.01098	0.00708	0.00555	0.01320
4	0.03044	0.03800	0.02543	0.02574	0.10461	0.58531	0.01766	0.03299	0.02352	0.02171	0.01351	0.01607	0.01128	0.00862	0.00777	0.00223	0.01469	0.00575	0.00436	0.01032
5	0.01144	0.00868	0.01053	0.01007	0.01234	0.00777	0.00755	0.01488	0.02266	0.03072	0.47317	0.06917	0.25260	0.01867	0.01004	0.00274	0.00411	0.01618	0.00892	0.00777
6	0.01765	0.01513	0.01765	0.01260	0.02017	0.01134	0.01008	0.02143	0.01765	0.02773	0.01513	0.01765	0.01260	0.00630	0.00630	0.00126	0.00630	0.00504	0.00504	0.75295
7	0.01868	0.01820	0.02874	0.15472	0.35033	0.04775	0.06037	0.02348	0.01971	0.02657	0.08676	0.03108	0.07669	0.01005	0.00882	0.00264	0.00970	0.00938	0.00501	0.01133
8	0.01037	0.00741	0.00987	0.01185	0.01234	0.00691	0.00790	0.01185	0.01629	0.02172	0.04690	0.69537	0.05629	0.02666	0.01086	0.00346	0.00494	0.02419	0.00790	0.00691
9	0.02106	0.02022	0.03454	0.05223	0.64784	0.02022	0.02612	0.02612	0.01938	0.02780	0.01601	0.02106	0.01348	0.00758	0.00842	0.00253	0.01011	0.00758	0.00421	0.01348
10	0.08608	0.64689	0.04184	0.01427	0.02138	0.03242	0.01410	0.02544	0.01705	0.02158	0.01183	0.01367	0.01077	0.00733	0.00544	0.00189	0.00888	0.00456	0.00378	0.01077
11	0.02106	0.02022	0.03454	0.05223	0.64784	0.02022	0.02612	0.02612	0.01938	0.02780	0.01601	0.02106	0.01348	0.00758	0.00842	0.00253	0.01011	0.00758	0.00421	0.01348
12	0.01049	0.00864	0.00923	0.00908	0.01176	0.00737	0.00681	0.01306	0.02043	0.02544	0.20861	0.07787	0.52045	0.02064	0.01005	0.00283	0.00425	0.01740	0.00822	0.00737
13	0.02518	0.52727	0.03909	0.01654	0.02304	0.20374	0.01507	0.02777	0.01912	0.02024	0.01219	0.01411	0.01093	0.00768	0.00605	0.00192	0.01078	0.00480	0.00384	0.01064
14	0.01863	0.01773	0.03014	0.35892	0.36019	0.01958	0.02491	0.02398	0.01822	0.02484	0.01558	0.02186	0.01244	0.00803	0.00847	0.00268	0.01071	0.00757	0.00400	0.01151
15	0.02793	0.02267	0.02553	0.02939	0.23208	0.15614	0.01808	0.03544	0.13582	0.19455	0.02355	0.02394	0.01729	0.00936	0.00834	0.00255	0.00983	0.00777	0.00676	0.01297
16	0.01238	0.00825	0.00928	0.00928	0.00928	0.00825	0.00516	0.01238	0.01238	0.01650	0.02681	0.05569	0.03094	0.70092	0.04331	0.00825	0.00825	0.01238	0.00516	0.00516
17	0.03818	0.01448	0.01975	0.01514	0.02172	0.01251	0.01251	0.04147	0.02436	0.65373	0.03357	0.02897	0.02107	0.01053	0.00856	0.00263	0.00724	0.00856	0.01053	0.01448
18	0.01457	0.01157	0.01511	0.01522	0.01812	0.01174	0.03579	0.02194	0.13029	0.02751	0.08877	0.07697	0.14804	0.01997	0.01072	0.00343	0.00703	0.32635	0.00796	0.00890
19	0.01773	0.07875	0.56890	0.02614	0.08892	0.02058	0.03004	0.02680	0.01805	0.02664	0.01514	0.01800	0.01102	0.00800	0.00797	0.00263	0.01217	0.00630	0.00365	0.01256
20	0.01189	0.00869	0.01114	0.01237	0.01388	0.00825	0.00954	0.01444	0.01824	0.02373	0.09595	0.25284	0.15415	0.09338	0.01434	0.00396	0.00618	0.23211	0.00770	0.00721
21	0.01236	0.00830	0.00955	0.00955	0.00964	0.00839	0.00549	0.01255	0.01245	0.01670	0.02657	0.05435	0.03036	0.66249	0.08095	0.00858	0.00913	0.01218	0.00512	0.00530
22	0.02234	0.02506	0.02858	0.02393	0.02620	0.19761	0.09341	0.02496	0.01690	0.02143	0.01247	0.01829	0.01133	0.01228	0.02023	0.00320	0.42083	0.00725	0.00397	0.00973
23	0.01238	0.00825	0.00928	0.00928	0.00928	0.00825	0.00516	0.01238	0.01238	0.01650	0.02681	0.05569	0.03094	0.70092	0.04331	0.00825	0.00825	0.01238	0.00516	0.00516
24	0.01183	0.00806	0.00962	0.01015	0.01035	0.00799	0.00612	0.01235	0.01348	0.01804	0.03205	0.22661	0.03735	0.49354	0.06030	0.00719	0.00796	0.01542	0.00587	0.00573
25	0.01037	0.00741	0.00987	0.01185	0.01234	0.00691	0.00790	0.01185	0.01629	0.02172	0.04690	0.69537	0.05629	0.02666	0.01086	0.00346	0.00494	0.02419	0.00790	0.00691
26	0.02000	0.01716	0.01818	0.01644	0.02097	0.01959	0.01276	0.04162	0.56125	0.03486	0.07720	0.03640	0.06112	0.01244	0.00882	0.00287	0.00643	0.01043	0.00867	0.01279
27	0.02459	0.01998	0.02117	0.01801	0.02343	0.02277	0.01430	0.22102	0.45109	0.04112	0.03029	0.02829	0.02246	0.01114	0.00861	0.00278	0.00754	0.00902	0.00861	0.01378
28	0.02073	0.01989	0.03395	0.09344	0.60919	0.02013	0.02595	0.02583	0.01922	0.02740	0.01595	0.02117	0.01334	0.00764	0.00843	0.00255	0.01019	0.00758	0.00418	0.01322
29	0.02914	0.04118	0.13811	0.02234	0.02820	0.55019	0.01915	0.03272	0.02301	0.02193	0.01354	0.01582	0.01093	0.00865	0.00775	0.00228	0.01485	0.00563	0.00424	0.01035
30	0.01150	0.00890	0.01176	0.01165	0.01366	0.00916	0.00894	0.01442	0.01712	0.02308	0.14281	0.05316	0.22160	0.04336	0.35949	0.00859	0.01409	0.01284	0.00636	0.00754
31	0.01393	0.01096	0.01339	0.06931	0.01800	0.01095	0.00993	0.06282	0.06305	0.03115	0.32918	0.08447	0.21598	0.01718	0.00974	0.00278	0.00535	0.01479	0.00832	0.00873
32	0.01437	0.00936	0.01198	0.01277	0.01427	0.00902	0.00896	0.06672	0.01896	0.07220	0.04360	0.58660	0.05000	0.02402	0.01048	0.00332	0.00549	0.02158	0.00815	0.00814
33	0.01900	0.01458	0.01736	0.01268	0.01974	0.01119	0.01014	0.02276	0.01871	0.08244	0.06415	0.02209	0.01845	0.00751	0.00678	0.00149	0.00621	0.00613	0.00584	0.63274
34	0.01647	0.01857	0.06308	0.01472	0.01838	0.14029	0.01220	0.02138	0.07157	0.02296	0.04259	0.04479	0.22749	0.03009	0.21049	0.00603	0.01298	0.01119	0.00593	0.00879
35	0.10491	0.03162	0.02417	0.07277	0.08158	0.38907	0.01703	0.12841	0.02481	0.02872	0.01462	0.01708	0.01161	0.00880	0.00769	0.00238	0.01270	0.00609	0.00510	0.01084
36	0.01368	0.01108	0.01248	0.01394	0.01523	0.06507	0.01055	0.01564	0.01768	0.02238	0.04094	0.38524	0.04678	0.02428	0.01258	0.06004	0.00699	0.21093	0.00726	0.00723

[dist]
# distance from previous block
# <min> <max>
3	19

[block]
# block no. 4 follows, 21 sequences, length 28
# corresponding to MSA columns:
# 229-256
name=unknown_E
#
# <colnr> <probs for GDERKNQSTAVLIFYWHMCP>
#	G	D	E	R	K	N	Q	S	T	A	V	L	I	F	Y	W	H	M	C	P
0	0.01088	0.00907	0.00966	0.00922	0.01227	0.00760	0.00696	0.01344	0.02002	0.02507	0.16986	0.07468	0.51253	0.01987	0.00980	0.00273	0.00440	0.01669	0.00794	0.05729
1	0.01075	0.00792	0.01092	0.05666	0.01544	0.00772	0.00895	0.01251	0.01634	0.02173	0.04477	0.65029	0.05327	0.02544	0.01070	0.00341	0.00537	0.02308	0.00762	0.00708
2	0.01944	0.05312	0.01847	0.06506	0.02231	0.19171	0.01298	0.02495	0.09598	0.02438	0.04051	0.04751	0.19198	0.01442	0.00888	0.00267	0.00900	0.09119	0.00632	0.05911
3	0.02354	0.02172	0.09670	0.04306	0.47853	0.01887	0.02437	0.02880	0.02007	0.13350	0.01890	0.02208	0.01448	0.00813	0.00841	0.00256	0.00988	0.00761	0.00522	0.01356
4	0.02117	0.01828	0.01924	0.01732	0.02213	0.02117	0.01347	0.04522	0.63246	0.03560	0.03464	0.03175	0.02598	0.01155	0.00866	0.00289	0.00673	0.00962	0.00866	0.01347
5	0.02074	0.02112	0.03972	0.04683	0.44869	0.02065	0.22112	0.02649	0.01961	0.02762	0.01641	0.02169	0.01329	0.00745	0.00896	0.00264	0.01151	0.00839	0.00424	0.01282
6	0.02076	0.01991	0.03400	0.09020	0.61223	0.02014	0.02597	0.02585	0.01923	0.02744	0.01595	0.02116	0.01335	0.00764	0.00843	0.00255	0.01018	0.00758	0.00419	0.01324
7	0.01371	0.00980	0.01371	0.01567	0.01763	0.00980	0.01371	0.01763	0.01959	0.02547	0.04506	0.09599	0.04898	0.02351	0.01175	0.00392	0.00784	0.59056	0.00784	0.00784
8	0.01037	0.00741	0.00987	0.01185	0.01234	0.00691	0.00790	0.01185	0.01629	0.02172	0.04690	0.69537	0.05629	0.02666	0.01086	0.00346	0.00494	0.02419	0.00790	0.00691
9	0.02166	0.08798	0.43879	0.02226	0.03286	0.02261	0.02601	0.18855	0.02393	0.03372	0.01642	0.01832	0.01180	0.00861	0.00801	0.00259	0.01144	0.00653	0.00494	0.01297
10	0.01707	0.04402	0.65683	0.02426	0.03683	0.01976	0.03144	0.02695	0.01797	0.02695	0.01527	0.01797	0.01078	0.00809	0.00809	0.00270	0.01258	0.00629	0.00359	0.01258
11	0.03179	0.04056	0.02412	0.02192	0.02631	0.66676	0.01644	0.03398	0.02412	0.02083	0.01315	0.01535	0.01096	0.00877	0.00767	0.00219	0.01535	0.00548	0.00438	0.00987
12	0.01016	0.00863	0.00876	0.00873	0.01156	0.00723	0.00655	0.01241	0.01964	0.02357	0.11525	0.08094	0.61499	0.02134	0.01006	0.00286	0.00430	0.01783	0.00798	0.00723
13	0.02071	0.01986	0.03391	0.09606	0.60673	0.02013	0.02594	0.02581	0.01921	0.02738	0.01595	0.02118	0.01333	0.00765	0.00843	0.00255	0.01020	0.00758	0.00418	0.01320
14	0.03176	0.02355	0.02521	0.01946	0.02617	0.02612	0.01603	0.58934	0.07109	0.05269	0.02118	0.02103	0.01508	0.01029	0.00852	0.00257	0.00923	0.00776	0.00852	0.01442
15	0.03235	0.02384	0.02554	0.01958	0.02639	0.02639	0.01618	0.61946	0.04001	0.05363	0.02043	0.02043	0.01447	0.01022	0.00851	0.00255	0.00936	0.00766	0.00851	0.01447
16	0.01181	0.00869	0.01105	0.01046	0.01257	0.00793	0.00784	0.01560	0.02353	0.03279	0.57670	0.06576	0.14778	0.01789	0.01004	0.00270	0.00405	0.01570	0.00919	0.00793
17	0.01014	0.00829	0.00896	0.00950	0.01173	0.00711	0.00686	0.01211	0.01855	0.02264	0.07548	0.24933	0.48388	0.02295	0.01028	0.00303	0.00448	0.01966	0.00790	0.00711
18	0.02505	0.02943	0.02416	0.02150	0.02391	0.36045	0.01691	0.02717	0.01888	0.02061	0.01304	0.01797	0.01178	0.01519	0.06308	0.00363	0.28708	0.00654	0.00413	0.00948
19	0.01080	0.00802	0.01007	0.01088	0.01229	0.00730	0.00766	0.01316	0.01920	0.02564	0.23086	0.38937	0.17768	0.02293	0.01046	0.00311	0.00454	0.02038	0.00833	0.00730
20	0.02275	0.70604	0.04459	0.01456	0.02184	0.03367	0.01456	0.02548	0.01729	0.02002	0.01183	0.01365	0.01092	0.00728	0.00546	0.00182	0.00910	0.00455	0.00364	0.01092
21	0.01252	0.00900	0.01230	0.01418	0.01573	0.00879	0.01160	0.01561	0.01856	0.02420	0.04744	0.28070	0.07742	0.02440	0.01140	0.00373	0.00678	0.39026	0.00786	0.00752
22	0.02762	0.05817	0.02345	0.01825	0.02407	0.07151	0.01474	0.26842	0.27961	0.08387	0.02618	0.02493	0.01920	0.01052	0.00835	0.00263	0.00857	0.00820	0.00815	0.01353
23	0.02107	0.02007	0.03340	0.04963	0.60108	0.02029	0.02517	0.02754	0.06519	0.02838	0.01740	0.02186	0.01441	0.00788	0.00844	0.00255	0.00986	0.00773	0.00454	0.01348
24	0.02106	0.02022	0.03454	0.05223	0.64784	0.02022	0.02612	0.02612	0.01938	0.02780	0.01601	0.02106	0.01348	0.00758	0.00842	0.00253	0.01011	0.00758	0.00421	0.01348
25	0.03090	0.02278	0.02469	0.01916	0.02559	0.02526	0.01578	0.57621	0.03813	0.05121	0.02060	0.02136	0.01496	0.01405	0.05566	0.00335	0.01033	0.00777	0.00823	0.01398
26	0.02106	0.02022	0.03454	0.05223	0.64784	0.02022	0.02612	0.02612	0.01938	0.02780	0.01601	0.02106	0.01348	0.00758	0.00842	0.00253	0.01011	0.00758	0.00421	0.01348
27	0.02179	0.59415	0.14807	0.01620	0.02438	0.03132	0.01741	0.02573	0.01741	0.02119	0.01241	0.01438	0.01090	0.00742	0.00590	0.00197	0.00969	0.00484	0.00363	0.01120

[dist]
# distance from previous block
# <min> <max>
0	6

[block]
# block no. 5 follows, 21 sequences, length 21
# corresponding to MSA columns:
# 263-283
name=unknown_F
#
# <colnr> <probs for GDERKNQSTAVLIFYWHMCP>
#	G	D	E	R	K	N	Q	S	T	A	V	L	I	F	Y	W	H	M	C	P
0	0.69743	0.01634	0.01362	0.06833	0.02006	0.01908	0.01045	0.02474	0.01470	0.03678	0.01213	0.01458	0.00940	0.00795	0.00554	0.00265	0.00699	0.00486	0.00514	0.00924
1	0.02275	0.70604	0.04459	0.01456	0.02184	0.03367	0.01456	0.02548	0.01729	0.02002	0.01183	0.01365	0.01092	0.00728	0.00546	0.00182	0.00910	0.00455	0.00364	0.01092
2	0.01190	0.00869	0.01118	0.01056	0.01263	0.00797	0.00792	0.01578	0.02375	0.03332	0.60315	0.06489	0.12099	0.01770	0.01004	0.00269	0.00404	0.01558	0.00926	0.00797
3	0.01862	0.01862	0.02607	0.02234	0.02234	0.02607	0.01862	0.02048	0.01303	0.02048	0.01117	0.01862	0.01117	0.01489	0.02793	0.00372	0.68535	0.00745	0.00372	0.00931
4	0.76103	0.01646	0.01251	0.01119	0.01646	0.01909	0.00922	0.02502	0.01448	0.03818	0.01185	0.01382	0.00922	0.00790	0.00527	0.00263	0.00658	0.00461	0.00527	0.00922
5	0.02009	0.02296	0.05022	0.03587	0.04448	0.02152	0.61693	0.02726	0.02009	0.02726	0.01722	0.02296	0.01291	0.00717	0.01004	0.00287	0.01435	0.01004	0.00430	0.01148
6	0.01037	0.00741	0.00987	0.01185	0.01234	0.00691	0.00790	0.01185	0.01629	0.02172	0.04690	0.69537	0.05629	0.02666	0.01086	0.00346	0.00494	0.02419	0.00790	0.00691
7	0.02647	0.03176	0.02483	0.07827	0.02787	0.41801	0.01771	0.02886	0.02016	0.02080	0.01272	0.01696	0.01106	0.01060	0.01386	0.00271	0.21730	0.00625	0.00413	0.00966
8	0.02275	0.70604	0.04459	0.01456	0.02184	0.03367	0.01456	0.02548	0.01729	0.02002	0.01183	0.01365	0.01092	0.00728	0.00546	0.00182	0.00910	0.00455	0.00364	0.01092
9	0.01204	0.00870	0.01138	0.01071	0.01271	0.00803	0.00803	0.01606	0.02409	0.03413	0.64335	0.06357	0.08030	0.01740	0.01004	0.00268	0.00401	0.01539	0.00937	0.00803
10	0.01037	0.00741	0.00987	0.01185	0.01234	0.00691	0.00790	0.01185	0.01629	0.02172	0.04690	0.69537	0.05629	0.02666	0.01086	0.00346	0.00494	0.02419	0.00790	0.00691
