[name]
unknown

[dist]
# distance from previous block
# <min> <max>
0	1

[block]
# block no. 0 follows, 21 sequences, length 53
# corresponding to MSA columns:
# 1-53
name=unknown_A
#
# <colnr> <probs for GDERKNQSTAVLIFYWHMCP>
#	G	D	E	R	K	N	Q	S	T	A	V	L	I	F	Y	W	H	M	C	P
0	0.01371	0.00980	0.01371	0.01567	0.01763	0.00980	0.01371	0.01763	0.01959	0.02547	0.04506	0.09599	0.04898	0.02351	0.01175	0.00392	0.00784	0.59056	0.00784	0.00784
1	0.02462	0.03143	0.22630	0.02362	0.03116	0.16264	0.11550	0.03092	0.04126	0.12973	0.01839	0.02055	0.01343	0.00934	0.01050	0.00272	0.08354	0.00732	0.00522	0.01181
2	0.09978	0.16457	0.06862	0.02860	0.21675	0.19984	0.01907	0.02910	0.05226	0.02575	0.01491	0.01765	0.01234	0.00812	0.00729	0.00233	0.01095	0.00612	0.00445	0.01148
3	0.01988	0.12702	0.48948	0.02270	0.03344	0.11369	0.02718	0.02777	0.01876	0.02520	0.01454	0.01705	0.01082	0.00808	0.00770	0.00251	0.01253	0.00595	0.00371	0.01198
4	0.09708	0.02155	0.01907	0.05392	0.05577	0.18644	0.01442	0.03033	0.18657	0.02801	0.03110	0.03993	0.07892	0.01300	0.00868	0.00283	0.00936	0.10617	0.00649	0.01036
5	0.02179	0.01887	0.03174	0.15150	0.49534	0.01931	0.02449	0.02678	0.01944	0.08307	0.01744	0.02204	0.01381	0.00800	0.00845	0.00259	0.01005	0.00767	0.00471	0.01291
6	0.01017	0.00863	0.00877	0.00874	0.01156	0.00723	0.00655	0.01243	0.01966	0.02361	0.11725	0.08088	0.61295	0.02132	0.01006	0.00286	0.00429	0.01782	0.00798	0.00723
7	0.76103	0.01646	0.01251	0.01119	0.01646	0.01909	0.00922	0.02502	0.01448	0.03818	0.01185	0.01382	0.00922	0.00790	0.00527	0.00263	0.00658	0.00461	0.00527	0.00922
8	0.02030	0.02475	0.15310	0.04690	0.53143	0.02013	0.02713	0.02628	0.01911	0.02764	0.01587	0.02047	0.01297	0.00768	0.00836	0.00256	0.01058	0.00734	0.00409	0.01331
9	0.05917	0.03567	0.46152	0.05513	0.03483	0.01939	0.05594	0.02771	0.01821	0.09041	0.01680	0.01937	0.01189	0.00869	0.00922	0.00276	0.04992	0.00674	0.00444	0.01220
10	0.01788	0.03836	0.49390	0.02737	0.03889	0.02024	0.18869	0.02703	0.01854	0.02703	0.01579	0.01931	0.01135	0.00784	0.00861	0.00274	0.01305	0.00730	0.00378	0.01228
11	0.01037	0.00741	0.00987	0.01185	0.01234	0.00691	0.00790	0.01185	0.01629	0.02172	0.04690	0.69537	0.05629	0.02666	0.01086	0.00346	0.00494	0.02419	0.00790	0.00691
12	0.01343	0.01105	0.01448	0.14557	0.02272	0.01150	0.01142	0.01961	0.09003	0.02930	0.32318	0.05590	0.18737	0.01589	0.00958	0.00278	0.00586	0.01375	0.00784	0.00874
13	0.01584	0.01946	0.17773	0.02061	0.12991	0.01308	0.01651	0.02142	0.01982	0.03004	0.18319	0.03682	0.06091	0.01149	0.00816	0.00248	0.00726	0.00983	0.20536	0.01008
14	0.01478	0.00739	0.01109	0.01109	0.01109	0.00739	0.00739	0.01109	0.01109	0.01478	0.01478	0.02587	0.01478	0.02956	0.03326	0.75240	0.00739	0.00739	0.00370	0.00370
15	0.01139	0.00867	0.01046	0.01002	0.01231	0.00775	0.00751	0.01479	0.02254	0.03044	0.45880	0.06964	0.26714	0.01877	0.01004	0.00274	0.00411	0.01624	0.00888	0.00775
16	0.01840	0.03240	0.35759	0.09470	0.20033	0.02002	0.10315	0.02628	0.01852	0.02672	0.01570	0.01985	0.01181	0.00788	0.00846	0.00269	0.01204	0.00722	0.00386	0.01238
17	0.02222	0.13477	0.03322	0.03868	0.40677	0.07488	0.02166	0.02932	0.10513	0.02704	0.01769	0.02087	0.01460	0.00818	0.00791	0.00243	0.00990	0.00720	0.00475	0.01276
18	0.01334	0.01025	0.01257	0.01331	0.01526	0.01045	0.01000	0.02016	0.14189	0.02688	0.12471	0.33913	0.08331	0.02157	0.01043	0.00329	0.00566	0.12099	0.00823	0.00856
19	0.01037	0.00741	0.00987	0.01185	0.01234	0.00691	0.00790	0.01185	0.01629	0.02172	0.04690	0.69537	0.05629	0.02666	0.01086	0.00346	0.00494	0.02419	0.00790	0.00691
20	0.02261	0.02296	0.06631	0.04567	0.51640	0.05522	0.02484	0.08934	0.02174	0.03012	0.01628	0.02053	0.01331	0.00795	0.00838	0.00252	0.01044	0.00741	0.00464	0.01334
21	0.01630	0.01536	0.02594	0.65164	0.08565	0.01897	0.02375	0.02194	0.01712	0.02202	0.01517	0.02261	0.01144	0.00847	0.00850	0.00282	0.01129	0.00756	0.00380	0.00964
22	0.02156	0.02116	0.02983	0.04075	0.44660	0.07717	0.02184	0.02793	0.07603	0.02788	0.01734	0.02106	0.01428	0.00788	0.00808	0.00235	0.00974	0.00723	0.00475	0.11654
23	0.02521	0.19160	0.05170	0.10287	0.02902	0.31999	0.01730	0.02830	0.02005	0.02130	0.01309	0.01638	0.01110	0.00878	0.00902	0.00229	0.07300	0.00571	0.00408	0.04919
24	0.01238	0.00825	0.00928	0.00928	0.00928	0.00825	0.00516	0.01238	0.01238	0.01650	0.02681	0.05569	0.03094	0.70092	0.04331	0.00825	0.00825	0.01238	0.00516	0.00516
25	0.02300	0.24577	0.15092	0.01964	0.02591	0.05620	0.01915	0.14428	0.02125	0.02823	0.01411	0.01712	0.01167	0.00995	0.01217	0.00262	0.17559	0.00625	0.00466	0.01151
26	0.01238	0.00825	0.00928	0.00928	0.00928	0.00825	0.00516	0.01238	0.01238	0.01650	0.02681	0.05569	0.03094	0.70092	0.04331	0.00825	0.00825	0.01238	0.00516	0.00516
27	0.09280	0.02515	0.02540	0.09334	0.15705	0.18161	0.01807	0.20034	0.02579	0.03392	0.01607	0.01877	0.01249	0.00869	0.00786	0.00242	0.01077	0.00666	0.00561	0.05721
28	0.02338	0.20982	0.08253	0.01665	0.02209	0.20346	0.01487	0.06052	0.05081	0.02615	0.01908	0.02381	0.01608	0.00954	0.00708	0.00224	0.00997	0.03740	0.15420	0.01033
29	0.01037	0.00741	0.00987	0.01185	0.01234	0.00691	0.00790	0.01185	0.01629	0.02172	0.04690	0.69537	0.05629	0.02666	0.01086	0.00346	0.00494	0.02419	0.00790	0.00691
30	0.02074	0.01989	0.03396	0.09312	0.60949	0.02013	0.02596	0.02583	0.01922	0.02741	0.01595	0.02117	0.01334	0.00764	0.00843	0.00255	0.01019	0.00758	0.00418	0.01322
31	0.02257	0.63727	0.04195	0.01484	0.02167	0.06087	0.01443	0.02529	0.01740	0.02004	0.01250	0.01483	0.01150	0.01050	0.04243	0.00250	0.01014	0.00485	0.00373	0.01069
32	0.76103	0.01646	0.01251	0.01119	0.01646	0.01909	0.00922	0.02502	0.01448	0.03818	0.01185	0.01382	0.00922	0.00790	0.00527	0.00263	0.00658	0.00461	0.00527	0.00922
33	0.17392	0.48939	0.03529	0.01404	0.02075	0.02876	0.01329	0.02733	0.04519	0.06567	0.01429	0.01551	0.01192	0.00781	0.00577	0.00209	0.00836	0.00505	0.00465	0.01092
34	0.01096	0.00866	0.00987	0.00957	0.01205	0.00757	0.00717	0.01395	0.02152	0.02803	0.33846	0.07360	0.38898	0.01967	0.01005	0.00278	0.00418	0.01680	0.00857	0.00757
35	0.01216	0.00912	0.01368	0.01368	0.01520	0.01064	0.01064	0.01520	0.01368	0.01976	0.02279	0.03343	0.02127	0.06382	0.66720	0.01368	0.02279	0.00912	0.00456	0.00760
36	0.01082	0.00775	0.01028	0.01154	0.01244	0.00721	0.00793	0.01298	0.01839	0.02506	0.20710	0.52568	0.06273	0.02417	0.01064	0.00325	0.00469	0.02183	0.00829	0.00721
37	0.01904	0.11285	0.32367	0.02811	0.03836	0.02216	0.28148	0.02691	0.01880	0.02627	0.01570	0.01961	0.01171	0.00760	0.00862	0.00267	0.01293	0.00770	0.00390	0.01191
38	0.01035	0.00747	0.00980	0.01167	0.01230	0.00693	0.00782	0.01187	0.01647	0.02180	0.04913	0.66056	0.08965	0.02637	0.01082	0.00342	0.00490	0.02384	0.00790	0.00693
39	0.01220	0.00817	0.00933	0.00951	0.00956	0.00813	0.00540	0.01233	0.01273	0.01697	0.02862	0.11318	0.03322	0.64033	0.04040	0.00782	0.00795	0.01344	0.00540	0.00531
40	0.09403	0.03536	0.42699	0.02710	0.07607	0.02008	0.14797	0.02676	0.01813	0.02822	0.01537	0.01876	0.01123	0.00785	0.00822	0.00271	0.01216	0.00696	0.00395	0.01207
41	0.01411	0.01021	0.01386	0.01330	0.01464	0.01216	0.01038	0.01707	0.01460	0.02282	0.02251	0.03176	0.02033	0.07146	0.37065	0.00889	0.11750	0.00871	0.19722	0.00783
42	0.01006	0.00862	0.00862	0.00862	0.01149	0.00718	0.00647	0.01221	0.01940	0.02299	0.08621	0.08190	0.64438	0.02155	0.01006	0.00287	0.00431	0.01796	0.00790	0.00718
43	0.01478	0.00739	0.01109	0.01109	0.01109	0.00739	0.00739	0.01109	0.01109	0.01478	0.01478	0.02587	0.01478	0.02956	0.03326	0.75240	0.00739	0.00739	0.00370	0.00370
44	0.01765	0.01513	0.01765	0.01260	0.02017	0.01134	0.01008	0.02143	0.01765	0.02773	0.01513	0.01765	0.01260	0.00630	0.00630	0.00126	0.00630	0.00504	0.00504	0.75295
45	0.02047	0.02227	0.03699	0.03256	0.13632	0.08936	0.28852	0.02541	0.01850	0.02472	0.01600	0.02203	0.01327	0.01414	0.07451	0.00391	0.13731	0.00859	0.00422	0.01088
46	0.01557	0.00970	0.01287	0.01246	0.01507	0.00900	0.01001	0.01937	0.02265	0.10683	0.37658	0.06909	0.09666	0.01844	0.01032	0.00302	0.00545	0.16918	0.00902	0.00872
47	0.01356	0.00970	0.01350	0.01523	0.01719	0.00964	0.01320	0.01749	0.01999	0.02625	0.09883	0.09308	0.05179	0.02296	0.01160	0.00381	0.00749	0.53887	0.00797	0.00785
48	0.02159	0.02122	0.03403	0.05075	0.61736	0.05192	0.02564	0.02650	0.01961	0.02746	0.01587	0.02078	0.01336	0.00764	0.00839	0.00251	0.01037	0.00748	0.00422	0.01330
49	0.02061	0.01976	0.03373	0.10870	0.59488	0.02010	0.02589	0.02572	0.01917	0.02726	0.01593	0.02121	0.01329	0.00767	0.00843	0.00256	0.01022	0.00758	0.00417	0.01312
50	0.01216	0.00912	0.01368	0.01368	0.01520	0.01064	0.01064	0.01520	0.01368	0.01976	0.02279	0.03343	0.02127	0.06382	0.66720	0.01368	0.02279	0.00912	0.00456	0.00760
51	0.01916	0.02388	0.16081	0.04036	0.41789	0.01924	0.02491	0.02492	0.01918	0.02783	0.07972	0.02462	0.01961	0.00914	0.00971	0.00265	0.05121	0.00810	0.00458	0.01248
52	0.39146	0.06343	0.17330	0.01641	0.02345	0.02153	0.01646	0.10834	0.01897	0.03551	0.01384	0.01604	0.01055	0.00866	0.00780	0.00266	0.05000	0.00561	0.00513	0.01087

[dist]
# distance from previous block
# <min> <max>
3	4

[block]
# block no. 1 follows, 21 sequences, length 37
# corresponding to MSA columns:
# 58-94
name=unknown_B
#
# <colnr> <probs for GDERKNQSTAVLIFYWHMCP>
#	G	D	E	R	K	N	Q	S	T	A	V	L	I	F	Y	W	H	M	C	P
0	0.01475	0.01338	0.01521	0.01508	0.01681	0.06508	0.01207	0.01735	0.01837	0.02354	0.08512	0.16120	0.17095	0.02021	0.01410	0.00336	0.14512	0.17341	0.00685	0.00803
1	0.08251	0.02495	0.02263	0.12209	0.11913	0.27916	0.01708	0.02616	0.01930	0.02316	0.01587	0.02112	0.01350	0.02053	0.15204	0.00489	0.01490	0.00683	0.00438	0.00979
2	0.07658	0.06653	0.01949	0.01345	0.02023	0.06648	0.01088	0.02267	0.01768	0.02700	0.01489	0.01774	0.01256	0.00983	0.04230	0.00216	0.00816	0.00523	0.00488	0.54127
3	0.01831	0.01707	0.06824	0.09768	0.07540	0.01599	0.01580	0.15117	0.05682	0.03128	0.04075	0.07988	0.17188	0.01536	0.00949	0.00296	0.00811	0.10647	0.00694	0.01041
4	0.02671	0.02677	0.02193	0.01918	0.02402	0.25313	0.01490	0.16361	0.23742	0.03299	0.02292	0.02354	0.01773	0.01432	0.05940	0.00340	0.01164	0.00767	0.00678	0.01194
5	0.02208	0.48907	0.12321	0.02187	0.11950	0.05342	0.01863	0.02609	0.01795	0.02215	0.01297	0.01542	0.01129	0.00749	0.00634	0.00206	0.00995	0.00528	0.00375	0.01149
6	0.01954	0.02895	0.20984	0.02145	0.05605	0.15868	0.06714	0.02715	0.09319	0.02576	0.03419	0.03480	0.16370	0.01176	0.00871	0.00266	0.01055	0.00965	0.00548	0.01076
7	0.02346	0.11810	0.16902	0.03271	0.25791	0.20586	0.02306	0.02846	0.02015	0.02464	0.01451	0.01782	0.01185	0.00799	0.00776	0.00238	0.01201	0.00632	0.00405	0.01193
8	0.01824	0.02527	0.20868	0.25668	0.27464	0.01965	0.02679	0.02488	0.01818	0.02551	0.01550	0.02073	0.01199	0.00804	0.00836	0.00268	0.01123	0.00721	0.00389	0.01186
9	0.06889	0.01946	0.03180	0.04625	0.55061	0.01944	0.02381	0.02747	0.01953	0.08620	0.01737	0.02134	0.01391	0.00787	0.00824	0.00254	0.00962	0.00749	0.00486	0.01331
10	0.01920	0.02391	0.16480	0.03405	0.31138	0.01914	0.02256	0.02941	0.16021	0.02897	0.02661	0.02846	0.07397	0.00989	0.00856	0.00268	0.00934	0.00873	0.00544	0.01270
11	0.03179	0.04056	0.02412	0.02192	0.02631	0.66676	0.01644	0.03398	0.02412	0.02083	0.01315	0.01535	0.01096	0.00877	0.00767	0.00219	0.01535	0.00548	0.00438	0.00987
12	0.01478	0.00739	0.01109	0.01109	0.01109	0.00739	0.00739	0.01109	0.01109	0.01478	0.01478	0.02587	0.01478	0.02956	0.03326	0.75240	0.00739	0.00739	0.00370	0.00370
13	0.02161	0.02250	0.02716	0.08636	0.33786	0.15725	0.02042	0.02723	0.06959	0.02579	0.02355	0.06195	0.06139	0.01027	0.00854	0.00258	0.01036	0.00895	0.00504	0.01158
14	0.01107	0.00855	0.01014	0.01022	0.01239	0.00761	0.00763	0.01397	0.02089	0.02743	0.30389	0.15686	0.31066	0.02065	0.01024	0.00292	0.00444	0.04445	0.00849	0.00752
15	0.01006	0.00862	0.00862	0.00862	0.01149	0.00718	0.00647	0.01221	0.01940	0.02299	0.08621	0.08190	0.64438	0.02155	0.01006	0.00287	0.00431	0.01796	0.00790	0.00718
16	0.02322	0.02553	0.02849	0.18107	0.26606	0.22948	0.02185	0.02724	0.01989	0.02362	0.01451	0.01939	0.01201	0.00874	0.00971	0.00258	0.06451	0.00689	0.00413	0.01108
17	0.02426	0.02636	0.09583	0.01802	0.02367	0.18481	0.01554	0.17605	0.12819	0.03324	0.02990	0.02999	0.10218	0.01135	0.00830	0.00254	0.00976	0.00870	0.05988	0.01143
18	0.01242	0.00943	0.01152	0.01087	0.01324	0.00891	0.00819	0.01768	0.07054	0.03237	0.50270	0.06417	0.17063	0.01764	0.00993	0.00273	0.00428	0.01537	0.00907	0.00831
19	0.01037	0.00741	0.00987	0.01185	0.01234	0.00691	0.00790	0.01185	0.01629	0.02172	0.04690	0.69537	0.05629	0.02666	0.01086	0.00346	0.00494	0.02419	0.00790	0.00691
20	0.02668	0.05577	0.02732	0.02982	0.20977	0.32307	0.01878	0.06051	0.11534	0.02664	0.01755	0.01970	0.01415	0.00885	0.00800	0.00240	0.01197	0.00680	0.00515	0.01174
21	0.02319	0.22527	0.02766	0.01950	0.08524	0.17471	0.01457	0.05351	0.01997	0.02539	0.01669	0.01981	0.01396	0.00904	0.00836	0.00221	0.06413	0.00626	0.18025	0.01027
22	0.01157	0.00833	0.01095	0.01103	0.01261	0.00771	0.00799	0.01486	0.02187	0.03059	0.47352	0.24346	0.07346	0.02004	0.01027	0.00290	0.00428	0.01790	0.00895	0.00771
23	0.02623	0.03160	0.03174	0.02768	0.07495	0.36813	0.16937	0.02984	0.02122	0.02291	0.01411	0.01814	0.01167	0.00913	0.01114	0.00260	0.10777	0.00706	0.00426	0.01046
24	0.01024	0.00836	0.00905	0.00945	0.01175	0.00717	0.00687	0.01235	0.01898	0.02334	0.10924	0.21510	0.48366	0.02243	0.01023	0.00299	0.00443	0.01918	0.00799	0.00717
25	0.02151	0.56117	0.17857	0.01668	0.02512	0.03063	0.01826	0.02580	0.01744	0.02154	0.01258	0.01460	0.01089	0.00746	0.00603	0.00201	0.00986	0.00493	0.00363	0.01128
26	0.02108	0.02338	0.16135	0.02542	0.17168	0.01856	0.01930	0.19233	0.02481	0.03453	0.02996	0.03139	0.11969	0.01100	0.00842	0.00258	0.00890	0.00909	0.07455	0.01200
27	0.02794	0.36382	0.03410	0.01736	0.02375	0.19527	0.01515	0.12772	0.02341	0.07703	0.01536	0.01646	0.01234	0.00842	0.00679	0.00210	0.01062	0.00563	0.00520	0.01152
28	0.01238	0.00825	0.00928	0.00928	0.00928	0.00825	0.00516	0.01238	0.01238	0.01650	0.02681	0.05569	0.03094	0.70092	0.04331	0.00825	0.00825	0.01238	0.00516	0.00516
29	0.01029	0.00863	0.00895	0.00887	0.01164	0.00729	0.00665	0.01267	0.01996	0.02432	0.15267	0.07971	0.57710	0.02106	0.01006	0.00285	0.00428	0.01765	0.00808	0.00729
30	0.02776	0.02936	0.02576	0.02726	0.16131	0.31732	0.01796	0.16532	0.02578	0.02981	0.01634	0.01944	0.01327	0.01392	0.06888	0.00341	0.01351	0.00678	0.00531	0.01151
31	0.01221	0.00890	0.01258	0.01258	0.01372	0.01004	0.00927	0.01449	0.01335	0.01894	0.02380	0.03899	0.02369	0.22291	0.51141	0.01232	0.01916	0.00993	0.00471	0.00699
32	0.02621	0.17377	0.19187	0.02088	0.02814	0.32656	0.01992	0.07247	0.02230	0.02460	0.01396	0.01605	0.01116	0.00840	0.00740	0.00227	0.01295	0.00566	0.00433	0.01111
33	0.02091	0.22852	0.22072	0.02416	0.06869	0.08460	0.09603	0.02628	0.01802	0.02359	0.01381	0.01737	0.01133	0.00869	0.01024	0.00254	0.10294	0.00641	0.00382	0.01132
34	0.01027	0.00859	0.00868	0.00868	0.01129	0.00728	0.00634	0.01223	0.01875	0.02239	0.08073	0.07948	0.58779	0.08423	0.01313	0.00337	0.00467	0.01745	0.00765	0.00700
35	0.13878	0.01044	0.01124	0.01037	0.01354	0.01041	0.00808	0.02093	0.01905	0.10374	0.14113	0.04241	0.13298	0.01723	0.06097	0.00338	0.00637	0.01050	0.22967	0.00878
36	0.02059	0.02553	0.14590	0.02788	0.19424	0.09636	0.02007	0.03213	0.21855	0.02889	0.02805	0.02886	0.07492	0.01040	0.00850	0.00267	0.00958	0.00870	0.00590	0.01229

[dist]
# distance from previous block
# <min> <max>
0	1

[block]
# block no. 2 follows, 21 sequences, length 66
# corresponding to MSA columns:
# 96-161
name=unknown_C
#
# <colnr> <probs for GDERKNQSTAVLIFYWHMCP>
#	G	D	E	R	K	N	Q	S	T	A	V	L	I	F	Y	W	H	M	C	P
0	0.21963	0.12152	0.09003	0.01782	0.02387	0.30556	0.01550	0.02901	0.01965	0.02633	0.01298	0.01513	0.01058	0.00812	0.00671	0.00226	0.01139	0.00519	0.00447	0.05425
1	0.02905	0.03495	0.02461	0.02187	0.02548	0.49381	0.01689	0.06587	0.02272	0.02270	0.01317	0.01634	0.01121	0.01015	0.01199	0.00254	0.15613	0.00602	0.00449	0.01002
2	0.01238	0.00825	0.00928	0.00928	0.00928	0.00825	0.00516	0.01238	0.01238	0.01650	0.02681	0.05569	0.03094	0.70092	0.04331	0.00825	0.00825	0.01238	0.00516	0.00516
3	0.02011	0.01811	0.02294	0.02840	0.24780	0.06148	0.01703	0.11884	0.05345	0.03043	0.03788	0.04434	0.17266	0.01348	0.00917	0.00277	0.00851	0.07494	0.00645	0.01122
4	0.11297	0.02711	0.21812	0.06057	0.07503	0.02131	0.04280	0.15702	0.02199	0.03338	0.01565	0.01873	0.01189	0.00912	0.01003	0.00267	0.08533	0.00673	0.00509	0.06447
5	0.01700	0.00903	0.00915	0.00873	0.01105	0.00920	0.00665	0.06117	0.01937	0.03324	0.02726	0.03095	0.02131	0.00994	0.00613	0.00202	0.00434	0.00791	0.69717	0.00838
6	0.01216	0.00912	0.01368	0.01368	0.01520	0.01064	0.01064	0.01520	0.01368	0.01976	0.02279	0.03343	0.02127	0.06382	0.66720	0.01368	0.02279	0.00912	0.00456	0.00760
7	0.01888	0.03136	0.29235	0.03123	0.04143	0.02082	0.38322	0.02714	0.01924	0.02714	0.01644	0.02096	0.01206	0.00754	0.00926	0.00280	0.01364	0.00854	0.00402	0.01192
8	0.03235	0.02384	0.02554	0.01958	0.02639	0.02639	0.01618	0.61946	0.04001	0.05363	0.02043	0.02043	0.01447	0.01022	0.00851	0.00255	0.00936	0.00766	0.00851	0.01447
9	0.01037	0.00741	0.00987	0.01185	0.01234	0.00691	0.00790	0.01185	0.01629	0.02172	0.04690	0.69537	0.05629	0.02666	0.01086	0.00346	0.00494	0.02419	0.00790	0.00691
10	0.01006	0.00862	0.00862	0.00862	0.01149	0.00718	0.00647	0.01221	0.01940	0.02299	0.08621	0.08190	0.64438	0.02155	0.01006	0.00287	0.00431	0.01796	0.00790	0.00718
11	0.01052	0.00851	0.00935	0.00941	0.01185	0.00734	0.00696	0.01301	0.02010	0.02529	0.20360	0.14162	0.46032	0.02118	0.01014	0.00289	0.00431	0.01805	0.00822	0.00734
12	0.01037	0.00741	0.00987	0.01185	0.01234	0.00691	0.00790	0.01185	0.01629	0.02172	0.04690	0.69537	0.05629	0.02666	0.01086	0.00346	0.00494	0.02419	0.00790	0.00691
13	0.01222	0.00888	0.01245	0.01245	0.01354	0.00997	0.00910	0.01441	0.01331	0.01885	0.02392	0.03966	0.02398	0.24196	0.49276	0.01216	0.01873	0.01003	0.00473	0.00692
14	0.01238	0.00825	0.00928	0.00928	0.00928	0.00825	0.00516	0.01238	0.01238	0.01650	0.02681	0.05569	0.03094	0.70092	0.04331	0.00825	0.00825	0.01238	0.00516	0.00516
15	0.01037	0.00741	0.00987	0.01185	0.01234	0.00691	0.00790	0.01185	0.01629	0.02172	0.04690	0.69537	0.05629	0.02666	0.01086	0.00346	0.00494	0.02419	0.00790	0.00691
16	0.01392	0.01171	0.01705	0.01604	0.01714	0.01484	0.01281	0.01664	0.01350	0.01995	0.01963	0.02940	0.01852	0.05050	0.49311	0.01097	0.20322	0.00866	0.00433	0.00806
17	0.02955	0.02165	0.02326	0.01814	0.02399	0.02385	0.01463	0.53434	0.03614	0.04843	0.02133	0.02538	0.01678	0.10706	0.01339	0.00335	0.00921	0.00832	0.00804	0.01317
18	0.01037	0.00741	0.00987	0.01185	0.01234	0.00691	0.00790	0.01185	0.01629	0.02172	0.04690	0.69537	0.05629	0.02666	0.01086	0.00346	0.00494	0.02419	0.00790	0.00691
19	0.01204	0.00870	0.01138	0.01071	0.01271	0.00803	0.00803	0.01606	0.02409	0.03413	0.64335	0.06357	0.08030	0.01740	0.01004	0.00268	0.00401	0.01539	0.00937	0.00803
20	0.01944	0.02185	0.10594	0.19387	0.43975	0.01986	0.02617	0.02521	0.01867	0.02630	0.01572	0.02107	0.01267	0.00786	0.00840	0.00262	0.01069	0.00743	0.00404	0.01244
21	0.02230	0.02504	0.02244	0.02018	0.02225	0.27396	0.01592	0.02456	0.01753	0.02045	0.01463	0.02075	0.01342	0.02378	0.16746	0.00542	0.26953	0.00706	0.00418	0.00913
22	0.01922	0.01901	0.02814	0.02967	0.17565	0.02463	0.02046	0.02186	0.01459	0.02227	0.01236	0.01922	0.01174	0.01310	0.02315	0.00343	0.51985	0.00748	0.00384	0.01033
23	0.01832	0.04227	0.61899	0.02371	0.03594	0.01933	0.03032	0.02781	0.01835	0.06418	0.01636	0.01862	0.01139	0.00823	0.00811	0.00269	0.01226	0.00642	0.00401	0.01269
24	0.01586	0.00793	0.00793	0.00793	0.00991	0.00793	0.00595	0.01983	0.01785	0.03173	0.02776	0.03173	0.02181	0.00991	0.00595	0.00198	0.00397	0.00793	0.74817	0.00793
25	0.02329	0.66657	0.04338	0.01500	0.02211	0.07123	0.01467	0.02599	0.01770	0.02007	0.01191	0.01375	0.01092	0.00737	0.00559	0.00184	0.00947	0.00461	0.00368	0.01086
26	0.01238	0.00825	0.00928	0.00928	0.00928	0.00825	0.00516	0.01238	0.01238	0.01650	0.02681	0.05569	0.03094	0.70092	0.04331	0.00825	0.00825	0.01238	0.00516	0.00516
27	0.01186	0.00966	0.01062	0.01020	0.01300	0.00892	0.00770	0.01691	0.08521	0.02790	0.26014	0.07074	0.39795	0.01917	0.00990	0.00281	0.00447	0.01626	0.00845	0.00812
28	0.01037	0.00741	0.00987	0.01185	0.01234	0.00691	0.00790	0.01185	0.01629	0.02172	0.04690	0.69537	0.05629	0.02666	0.01086	0.00346	0.00494	0.02419	0.00790	0.00691
29	0.03715	0.01471	0.01972	0.01527	0.02175	0.01303	0.01257	0.04170	0.06137	0.61611	0.03364	0.02913	0.02136	0.01059	0.00856	0.00265	0.00721	0.00862	0.01042	0.01442
30	0.01365	0.01131	0.01654	0.01568	0.01684	0.01420	0.01248	0.01642	0.01353	0.01992	0.02011	0.03001	0.01894	0.05254	0.51971	0.01138	0.17565	0.00873	0.00437	0.00799
31	0.01792	0.01600	0.02127	0.01519	0.02287	0.01248	0.07759	0.02208	0.01792	0.02768	0.01536	0.01824	0.01264	0.00640	0.00672	0.00144	0.00720	0.00560	0.00496	0.67047
32	0.01083	0.00865	0.00970	0.00944	0.01197	0.00751	0.00708	0.01372	0.02123	0.02734	0.30396	0.07474	0.42392	0.01993	0.01005	0.00280	0.00419	0.01696	0.00848	0.00751
33	0.02538	0.27573	0.03076	0.01818	0.02353	0.22144	0.01527	0.06402	0.14988	0.02540	0.01746	0.01869	0.01431	0.00931	0.00852	0.00233	0.05713	0.00627	0.00519	0.01122
34	0.02196	0.02162	0.03925	0.04264	0.35905	0.02138	0.24011	0.09253	0.02193	0.03048	0.01694	0.02168	0.01338	0.00773	0.00902	0.00265	0.01157	0.00849	0.00472	0.01286
35	0.01952	0.02548	0.18604	0.11663	0.43125	0.01996	0.02714	0.02583	0.01876	0.02691	0.01573	0.02049	0.01258	0.00781	0.00835	0.00260	0.01085	0.00726	0.00401	0.01280
36	0.01045	0.00744	0.00985	0.01174	0.01221	0.00697	0.00778	0.01187	0.01613	0.02150	0.04604	0.66796	0.05520	0.05555	0.01225	0.00366	0.00508	0.02369	0.00778	0.00684
37	0.02117	0.01828	0.01924	0.01732	0.02213	0.02117	0.01347	0.04522	0.63246	0.03560	0.03464	0.03175	0.02598	0.01155	0.00866	0.00289	0.00673	0.00962	0.00866	0.01347
38	0.02576	0.46622	0.03678	0.01655	0.02295	0.18695	0.01485	0.02955	0.05267	0.05725	0.01463	0.01592	0.01233	0.00806	0.00635	0.00202	0.01040	0.00528	0.00449	0.01100
39	0.01238	0.00825	0.00928	0.00928	0.00928	0.00825	0.00516	0.01238	0.01238	0.01650	0.02681	0.05569	0.03094	0.70092	0.04331	0.00825	0.00825	0.01238	0.00516	0.00516
40	0.01371	0.00980	0.01371	0.01567	0.01763	0.00980	0.01371	0.01763	0.01959	0.02547	0.04506	0.09599	0.04898	0.02351	0.01175	0.00392	0.00784	0.59056	0.00784	0.00784
41	0.03275	0.02319	0.02514	0.01927	0.02607	0.02543	0.01592	0.57961	0.03893	0.09501	0.02134	0.02102	0.01493	0.01024	0.00852	0.00256	0.00922	0.00772	0.00865	0.01447
42	0.03229	0.02559	0.02539	0.01983	0.02638	0.09356	0.01620	0.55805	0.03834	0.05019	0.01967	0.01990	0.01410	0.01006	0.00843	0.00252	0.00999	0.00743	0.00808	0.01399
43	0.01790	0.14082	0.56731	0.02284	0.03464	0.02180	0.02897	0.02674	0.01787	0.02594	0.01477	0.01734	0.01080	0.00797	0.00770	0.00257	0.01207	0.00603	0.00360	0.01233
44	0.01976	0.07034	0.25427	0.04009	0.39460	0.02088	0.02729	0.02637	0.01875	0.02703	0.01549	0.01952	0.01237	0.00774	0.00812	0.00254	0.01092	0.00694	0.00396	0.01301
45	0.01765	0.01513	0.01765	0.01260	0.02017	0.01134	0.01008	0.02143	0.01765	0.02773	0.01513	0.01765	0.01260	0.00630	0.00630	0.00126	0.00630	0.00504	0.00504	0.75295
46	0.01037	0.00741	0.00987	0.01185	0.01234	0.00691	0.00790	0.01185	0.01629	0.02172	0.04690	0.69537	0.05629	0.02666	0.01086	0.00346	0.00494	0.02419	0.00790	0.00691
47	0.02451	0.02578	0.02172	0.02154	0.08322	0.25171	0.01517	0.07526	0.24571	0.02938	0.02988	0.02962	0.08737	0.01119	0.00843	0.00258	0.01007	0.00873	0.00660	0.01155
48	0.01586	0.00793	0.00793	0.00793	0.00991	0.00793	0.00595	0.01983	0.01785	0.03173	0.02776	0.03173	0.02181	0.00991	0.00595	0.00198	0.00397	0.00793	0.74817	0.00793
49	0.01037	0.00741	0.00987	0.01185	0.01234	0.00691	0.00790	0.01185	0.01629	0.02172	0.04690	0.69537	0.05629	0.02666	0.01086	0.00346	0.00494	0.02419	0.00790	0.00691
50	0.01316	0.00895	0.01137	0.01071	0.01303	0.00811	0.00805	0.01673	0.02303	0.06725	0.49670	0.09562	0.15902	0.01808	0.01000	0.00274	0.00429	0.01582	0.00915	0.00822
51	0.02184	0.02332	0.02865	0.27762	0.27715	0.17819	0.02283	0.02642	0.01966	0.02385	0.01498	0.02026	0.01207	0.00822	0.00827	0.00256	0.01185	0.00706	0.00409	0.01110
52	0.03501	0.01600	0.02010	0.01564	0.02191	0.01520	0.01284	0.14773	0.05416	0.47762	0.03084	0.02767	0.02011	0.01048	0.00840	0.00259	0.00742	0.00840	0.05383	0.01405
53	0.57967	0.01738	0.01791	0.02125	0.17120	0.01937	0.01336	0.02529	0.01568	0.03564	0.01287	0.01560	0.01026	0.00782	0.00604	0.00261	0.00745	0.00534	0.00501	0.01026
54	0.03235	0.02384	0.02554	0.01958	0.02639	0.02639	0.01618	0.61946	0.04001	0.05363	0.02043	0.02043	0.01447	0.01022	0.00851	0.00255	0.00936	0.00766	0.00851	0.01447
55	0.01195	0.00862	0.01129	0.01077	0.01269	0.00797	0.00802	0.01582	0.02364	0.03342	0.60922	0.09972	0.07892	0.01793	0.01008	0.00272	0.00407	0.01589	0.00928	0.00797
56	0.02250	0.02517	0.03936	0.03781	0.22959	0.14123	0.29295	0.02785	0.02030	0.02593	0.01581	0.02075	0.01265	0.00795	0.00990	0.00267	0.04331	0.00831	0.00426	0.01171
57	0.01049	0.00746	0.00984	0.01169	0.01216	0.00699	0.00773	0.01188	0.01605	0.02141	0.04568	0.65644	0.05474	0.06770	0.01284	0.00375	0.00514	0.02347	0.00773	0.00681
58	0.02219	0.05968	0.02156	0.01473	0.02206	0.01704	0.01211	0.19387	0.02406	0.03472	0.01645	0.01821	0.01304	0.00749	0.00689	0.00167	0.00735	0.00577	0.00596	0.49515
59	0.01943	0.06626	0.30978	0.07152	0.19373	0.04982	0.11666	0.02672	0.01883	0.02628	0.01548	0.01946	0.01184	0.00783	0.00834	0.00262	0.01209	0.00714	0.00391	0.01225
60	0.02374	0.02673	0.06647	0.12109	0.12398	0.26679	0.01797	0.05723	0.02150	0.02623	0.01724	0.02093	0.01368	0.00880	0.00765	0.00235	0.01124	0.00675	0.14923	0.01040
61	0.05700	0.01014	0.01190	0.01116	0.01346	0.00986	0.00828	0.04698	0.02086	0.05812	0.30148	0.05963	0.12481	0.17005	0.01719	0.00402	0.00583	0.05336	0.00792	0.00796
62	0.01226	0.00830	0.00927	0.00962	0.01085	0.00789	0.00650	0.01388	0.01594	0.02182	0.04502	0.13206	0.18384	0.29788	0.02317	0.00506	0.00618	0.05418	0.12979	0.00649
63	0.02043	0.07217	0.30525	0.03302	0.21634	0.08749	0.09248	0.02738	0.01921	0.02621	0.01529	0.01892	0.01184	0.00786	0.00821	0.00256	0.01213	0.00691	0.00394	0.01235
64	0.07019	0.10271	0.02945	0.03166	0.25408	0.32264	0.01937	0.02965	0.02107	0.02434	0.01399	0.01718	0.01178	0.00812	0.00757	0.00230	0.01223	0.00610	0.00429	0.01127
65	0.01420	0.01135	0.01592	0.01958	0.14083	0.01126	0.01185	0.01783	0.04034	0.02515	0.15934	0.08281	0.09941	0.18187	0.06309	0.00492	0.00813	0.07707	0.00660	0.00846

[dist]
# distance from previous block
# <min> <max>
0	4

[block]
# block no. 3 follows, 21 sequences, length 13
# corresponding to MSA columns:
# 166-178
name=unknown_D
#
# <colnr> <probs for GDERKNQSTAVLIFYWHMCP>
#	G	D	E	R	K	N	Q	S	T	A	V	L	I	F	Y	W	H	M	C	P
0	0.09063	0.02165	0.02773	0.10575	0.03185	0.06161	0.12225	0.23366	0.06785	0.03652	0.01803	0.02075	0.01358	0.00929	0.00951	0.00264	0.05222	0.00761	0.00611	0.06080
1	0.02579	0.02993	0.02222	0.01992	0.02342	0.39820	0.01530	0.05448	0.02131	0.02265	0.01644	0.06446	0.01524	0.01554	0.06714	0.00345	0.11739	0.00745	0.00477	0.05491
2	0.02387	0.01700	0.01959	0.01622	0.02153	0.01754	0.01333	0.26319	0.06087	0.07887	0.02570	0.03511	0.02178	0.01678	0.07019	0.00359	0.00930	0.10193	0.04169	0.14193
3	0.01974	0.01668	0.02345	0.01831	0.02361	0.01642	0.12952	0.15328	0.08034	0.03302	0.09777	0.06376	0.05506	0.09015	0.01278	0.00315	0.00839	0.01052	0.00677	0.13727
4	0.01486	0.01729	0.08966	0.02115	0.02659	0.01385	0.23540	0.01986	0.01980	0.02666	0.14211	0.15047	0.15525	0.01500	0.00998	0.00292	0.00891	0.01444	0.00639	0.00941
5	0.05910	0.18232	0.02291	0.01477	0.01886	0.16237	0.01206	0.02423	0.01974	0.06756	0.14364	0.02901	0.02749	0.01848	0.09312	0.04602	0.01069	0.00809	0.03022	0.00933
6	0.02428	0.07359	0.20812	0.02095	0.02755	0.33785	0.01972	0.03017	0.06272	0.02366	0.01830	0.08034	0.01614	0.01034	0.00804	0.00248	0.01264	0.00769	0.00473	0.01069
7	0.02413	0.17511	0.02638	0.02051	0.06522	0.29881	0.01562	0.02793	0.04879	0.02273	0.02175	0.06449	0.02124	0.01217	0.00822	0.00256	0.01131	0.11783	0.00523	0.00998
8	0.01843	0.01511	0.01470	0.01346	0.01679	0.09026	0.01022	0.09937	0.05102	0.07088	0.16649	0.16177	0.20303	0.01739	0.00954	0.00280	0.00666	0.01466	0.00806	0.00936
9	0.01976	0.14895	0.02318	0.01594	0.01907	0.04971	0.01290	0.02593	0.13220	0.06548	0.06574	0.09143	0.02601	0.10245	0.01696	0.00355	0.15473	0.01002	0.00607	0.00992
10	0.05334	0.01513	0.01321	0.01269	0.01550	0.12543	0.00946	0.01987	0.05907	0.02736	0.22947	0.13758	0.21521	0.01739	0.00940	0.00276	0.00652	0.01459	0.00764	0.00837
11	0.01971	0.01798	0.02435	0.02847	0.23396	0.04509	0.05390	0.10165	0.09380	0.03036	0.03848	0.04153	0.18222	0.01281	0.00911	0.00273	0.00848	0.03751	0.00644	0.01141
12	0.05924	0.20005	0.02411	0.01576	0.02039	0.12527	0.01331	0.02809	0.15147	0.02586	0.03159	0.04160	0.08987	0.01325	0.00825	0.00268	0.00870	0.12408	0.00622	0.01019

[dist]
# distance from previous block
# <min> <max>
131	298

[block]
# block no. 4 follows, 21 sequences, length 8
# corresponding to MSA columns:
# 524-531
name=unknown_E
#
# <colnr> <probs for GDERKNQSTAVLIFYWHMCP>
#	G	D	E	R	K	N	Q	S	T	A	V	L	I	F	Y	W	H	M	C	P
0	0.02319	0.02704	0.02013	0.02034	0.07080	0.36822	0.01429	0.02577	0.02083	0.02155	0.02819	0.03115	0.12496	0.02191	0.13971	0.00463	0.01447	0.00857	0.00503	0.00923
1	0.05715	0.03518	0.14480	0.02400	0.08582	0.37567	0.01935	0.06286	0.02247	0.02528	0.01639	0.06107	0.01425	0.00974	0.00798	0.00244	0.01294	0.00714	0.00472	0.01076
2	0.01908	0.03349	0.33837	0.08849	0.03165	0.14998	0.02254	0.02507	0.01806	0.02316	0.01703	0.02513	0.01473	0.14081	0.01478	0.00367	0.01219	0.00742	0.00407	0.01028
3	0.15096	0.04159	0.06356	0.01896	0.04573	0.01888	0.07609	0.02757	0.11640	0.06638	0.02056	0.02364	0.01618	0.01389	0.05742	0.00354	0.11541	0.00764	0.10497	0.01062
4	0.02030	0.11194	0.02372	0.02235	0.14454	0.14248	0.01480	0.05853	0.05692	0.02533	0.03479	0.03629	0.17451	0.01750	0.07616	0.00363	0.01057	0.00969	0.00566	0.01029
5	0.02094	0.05915	0.18482	0.01834	0.02390	0.25670	0.01707	0.02497	0.01996	0.02303	0.06839	0.07666	0.05991	0.09522	0.01256	0.00321	0.01126	0.00930	0.00507	0.00954
6	0.15278	0.03658	0.26887	0.02262	0.06282	0.26642	0.02155	0.02925	0.01978	0.02662	0.01391	0.01641	0.01072	0.00829	0.00745	0.00248	0.01245	0.00576	0.00422	0.01101
7	0.01627	0.06333	0.18370	0.01592	0.02137	0.09261	0.01549	0.02039	0.01824	0.02320	0.03591	0.12970	0.14300	0.08552	0.01241	0.00329	0.00896	0.05272	0.00564	0.05232

[dist]
# distance from previous block
# <min> <max>
3	6

[block]
# block no. 5 follows, 21 sequences, length 28
# corresponding to MSA columns:
# 538-565
name=unknown_F
#
# <colnr> <probs for GDERKNQSTAVLIFYWHMCP>
#	G	D	E	R	K	N	Q	S	T	A	V	L	I	F	Y	W	H	M	C	P
0	0.03024	0.09962	0.02614	0.02021	0.02557	0.38170	0.01596	0.19265	0.07433	0.03077	0.01664	0.01781	0.01306	0.00923	0.00776	0.00231	0.01245	0.00630	0.00576	0.01149
1	0.02125	0.01514	0.01692	0.01423	0.01874	0.04210	0.01123	0.07793	0.12195	0.13562	0.18986	0.04098	0.10511	0.01319	0.00953	0.00254	0.03297	0.01081	0.00818	0.11172
2	0.02301	0.01738	0.01948	0.01588	0.02115	0.01765	0.01253	0.31688	0.02843	0.03902	0.02636	0.20217	0.02534	0.01375	0.00864	0.00250	0.00746	0.01152	0.00754	0.18333
3	0.01635	0.01511	0.01932	0.01759	0.01867	0.05902	0.01416	0.01889	0.01429	0.02075	0.01749	0.02589	0.01635	0.03669	0.31880	0.00810	0.30315	0.00811	0.04278	0.00849
4	0.03193	0.03626	0.02448	0.02132	0.02633	0.50202	0.01637	0.18460	0.02821	0.02927	0.01503	0.01665	0.01187	0.00914	0.00789	0.00229	0.01381	0.00604	0.00545	0.01105
5	0.01145	0.00793	0.00948	0.01028	0.01063	0.00766	0.00633	0.01216	0.01432	0.01894	0.03804	0.31404	0.07367	0.39402	0.02851	0.00604	0.00671	0.01742	0.00640	0.00597
6	0.02900	0.16924	0.02824	0.01907	0.02478	0.26236	0.01562	0.24724	0.02798	0.03271	0.01613	0.01792	0.01285	0.01219	0.04575	0.00292	0.01229	0.00631	0.00577	0.01165
7	0.02364	0.35002	0.07983	0.02337	0.07304	0.16061	0.12841	0.02771	0.01942	0.02253	0.01362	0.01654	0.01147	0.00764	0.00715	0.00220	0.01166	0.00609	0.00396	0.01110
8	0.01150	0.00923	0.01113	0.04931	0.01562	0.00853	0.00913	0.01458	0.02029	0.02574	0.19253	0.07719	0.37790	0.02028	0.01028	0.00302	0.00531	0.12285	0.00796	0.00762
9	0.02015	0.04707	0.13028	0.01479	0.02020	0.01613	0.01401	0.18419	0.02505	0.03682	0.13689	0.03136	0.02824	0.01095	0.00777	0.00239	0.00719	0.00881	0.24703	0.01068
10	0.02283	0.01877	0.02532	0.02175	0.06174	0.01981	0.11071	0.11444	0.30138	0.07876	0.07165	0.02957	0.02450	0.01052	0.00882	0.00270	0.00832	0.00941	0.00768	0.05133
11	0.02106	0.01728	0.02072	0.01699	0.02154	0.01863	0.03974	0.21790	0.08470	0.03459	0.03381	0.09266	0.13065	0.01389	0.01155	0.00275	0.10281	0.01093	0.00708	0.10072
12	0.01984	0.01908	0.01865	0.01405	0.02112	0.11315	0.01107	0.02338	0.01865	0.02666	0.01482	0.01729	0.01235	0.00669	0.00652	0.00141	0.00771	0.00511	0.00494	0.63753
13	0.02099	0.02002	0.02606	0.19628	0.16871	0.11829	0.07714	0.06297	0.02058	0.02757	0.01817	0.02295	0.01427	0.00862	0.00798	0.00248	0.01034	0.00757	0.15841	0.01060
14	0.14553	0.02269	0.02352	0.01828	0.02485	0.02526	0.01509	0.52713	0.03605	0.05123	0.01910	0.01941	0.01366	0.00986	0.00801	0.00257	0.00893	0.00719	0.00801	0.01366
15	0.02774	0.07176	0.12183	0.02068	0.02676	0.39192	0.01797	0.12200	0.02497	0.02696	0.01921	0.02071	0.05199	0.00963	0.00790	0.00235	0.01295	0.00669	0.00509	0.01088
16	0.01218	0.00828	0.00923	0.00923	0.00947	0.00816	0.00527	0.01236	0.01298	0.01706	0.03190	0.05794	0.08350	0.64271	0.04047	0.00779	0.00791	0.01285	0.00539	0.00533
17	0.01238	0.00825	0.00928	0.00928	0.00928	0.00825	0.00516	0.01238	0.01238	0.01650	0.02681	0.05569	0.03094	0.70092	0.04331	0.00825	0.00825	0.01238	0.00516	0.00516
18	0.02273	0.02338	0.03292	0.04753	0.55130	0.12064	0.02461	0.02734	0.02011	0.02672	0.01556	0.02017	0.01309	0.00777	0.00831	0.00248	0.01092	0.00726	0.00424	0.01292
19	0.01216	0.00912	0.01368	0.01368	0.01520	0.01064	0.01064	0.01520	0.01368	0.01976	0.02279	0.03343	0.02127	0.06382	0.66720	0.01368	0.02279	0.00912	0.00456	0.00760
20	0.01218	0.00817	0.00934	0.00953	0.00958	0.00812	0.00543	0.01232	0.01276	0.01701	0.02879	0.11846	0.03343	0.63476	0.04013	0.00778	0.00793	0.01354	0.00543	0.00533
21	0.02776	0.03383	0.02516	0.16043	0.07779	0.48605	0.01863	0.03088	0.02230	0.02152	0.01377	0.01728	0.01122	0.00863	0.00790	0.00235	0.01414	0.00606	0.00425	0.01004
22	0.01874	0.01389	0.01802	0.02049	0.13353	0.01393	0.01314	0.07467	0.10769	0.08980	0.04327	0.14701	0.16361	0.05245	0.01127	0.00320	0.00698	0.05034	0.00749	0.01047
23	0.14106	0.13062	0.09742	0.05725	0.16753	0.12692	0.01880	0.02962	0.10283	0.02782	0.01667	0.01903	0.01331	0.00842	0.00734	0.00246	0.01011	0.00643	0.00484	0.01152
24	0.01945	0.14146	0.21222	0.03304	0.25138	0.02163	0.09599	0.02566	0.01905	0.02665	0.06046	0.02224	0.01704	0.00833	0.00814	0.00251	0.01071	0.00757	0.00432	0.01216
25	0.13068	0.14142	0.19813	0.01768	0.02381	0.05836	0.01795	0.02376	0.01802	0.02741	0.12970	0.02501	0.02351	0.01078	0.01073	0.00267	0.11755	0.00756	0.00499	0.01026
26	0.08329	0.02005	0.17383	0.07863	0.06781	0.01381	0.01644	0.01980	0.01825	0.02605	0.04337	0.04602	0.25468	0.01376	0.00867	0.00271	0.00792	0.03605	0.00574	0.06314
27	0.02028	0.04979	0.07093	0.05299	0.10817	0.08061	0.01571	0.11972	0.06472	0.02759	0.02080	0.02978	0.01870	0.16074	0.11778	0.00544	0.01205	0.00854	0.00540	0.01028

[dist]
# distance from previous block
# <min> <max>
42	132

[block]
# block no. 6 follows, 21 sequences, length 10
# corresponding to MSA columns:
# 711-720
name=unknown_G
#
# <colnr> <probs for GDERKNQSTAVLIFYWHMCP>
#	G	D	E	R	K	N	Q	S	T	A	V	L	I	F	Y	W	H	M	C	P
0	0.05321	0.04256	0.02379	0.02248	0.10365	0.02155	0.01622	0.07407	0.13462	0.02869	0.01873	0.02254	0.01560	0.01456	0.05615	0.00357	0.23822	0.00760	0.03296	0.06924
1	0.11726	0.01822	0.02862	0.03862	0.41538	0.01854	0.05311	0.02560	0.04924	0.03037	0.10127	0.02648	0.02253	0.00912	0.00833	0.00260	0.00889	0.00848	0.00527	0.01207
2	0.01347	0.01082	0.01389	0.10182	0.01997	0.01110	0.01061	0.02006	0.10251	0.03087	0.38955	0.05677	0.15359	0.01609	0.00965	0.00276	0.00541	0.01398	0.00829	0.00880
3	0.02363	0.49917	0.12155	0.01716	0.02462	0.14570	0.01712	0.02720	0.01861	0.02108	0.01252	0.01452	0.01091	0.00765	0.00620	0.00200	0.01068	0.00495	0.00377	0.01095
4	0.02910	0.01247	0.01684	0.01360	0.01859	0.01095	0.01095	0.03265	0.02426	0.43852	0.24537	0.04098	0.04164	0.01292	0.00907	0.00265	0.00612	0.01093	0.01013	0.01224
5	0.02973	0.01976	0.02227	0.01734	0.02328	0.02089	0.01407	0.41667	0.03242	0.12774	0.02107	0.02209	0.01527	0.01252	0.01161	0.10123	0.00859	0.00755	0.00789	0.06800
6	0.02286	0.01532	0.01623	0.01370	0.01783	0.01659	0.01088	0.27048	0.07515	0.04064	0.02620	0.05968	0.02079	0.01099	0.00747	0.00236	0.00647	0.00875	0.34659	0.01103
7	0.02009	0.02296	0.05022	0.03587	0.04448	0.02152	0.61693	0.02726	0.02009	0.02726	0.01722	0.02296	0.01291	0.00717	0.01004	0.00287	0.01435	0.01004	0.00430	0.01148
8	0.02405	0.01812	0.01969	0.01717	0.02233	0.02035	0.01351	0.07918	0.51777	0.11714	0.03365	0.03071	0.02465	0.01133	0.00864	0.00283	0.00696	0.00937	0.00889	0.01366
9	0.02357	0.30396	0.17576	0.01843	0.02565	0.21484	0.01830	0.02788	0.01950	0.02276	0.01426	0.01655	0.01175	0.00811	0.00675	0.00214	0.01133	0.00549	0.06220	0.01075

[dist]
# distance from previous block
# <min> <max>
0	3

[block]
# block no. 7 follows, 21 sequences, length 23
# corresponding to MSA columns:
# 724-746
name=unknown_H
#
# <colnr> <probs for GDERKNQSTAVLIFYWHMCP>
#	G	D	E	R	K	N	Q	S	T	A	V	L	I	F	Y	W	H	M	C	P
0	0.02283	0.03230	0.25168	0.02445	0.06454	0.15920	0.09467	0.06190	0.05899	0.06628	0.06475	0.02324	0.01819	0.00927	0.00849	0.00260	0.01176	0.00774	0.00531	0.01184
1	0.02557	0.49880	0.03822	0.01685	0.02323	0.23083	0.01515	0.02813	0.01942	0.02027	0.01224	0.01418	0.01093	0.00774	0.00615	0.00194	0.01105	0.00484	0.00387	0.01059
2	0.15254	0.10891	0.01990	0.01314	0.01911	0.04174	0.01092	0.07266	0.02024	0.10554	0.02949	0.02951	0.12659	0.01039	0.00719	0.00218	0.00708	0.00788	0.00633	0.20866
3	0.01096	0.00845	0.00910	0.00916	0.01092	0.00757	0.00624	0.01253	0.01734	0.02168	0.10694	0.10403	0.37529	0.23883	0.02074	0.00461	0.00558	0.01631	0.00713	0.00658
4	0.01695	0.01149	0.01374	0.01336	0.01549	0.01165	0.00958	0.14596	0.02136	0.06237	0.03765	0.42406	0.04177	0.11488	0.01469	0.00387	0.00648	0.01811	0.00780	0.00873
5	0.02951	0.08809	0.02590	0.02142	0.02549	0.54121	0.01657	0.03170	0.02226	0.02072	0.01281	0.01562	0.01098	0.00940	0.00997	0.00235	0.09623	0.00565	0.00425	0.00988
6	0.01774	0.01837	0.01400	0.01351	0.01563	0.21424	0.00946	0.01928	0.01863	0.02085	0.07473	0.12632	0.15051	0.22727	0.01966	0.00438	0.00904	0.01293	0.00604	0.00742
7	0.01106	0.00813	0.00994	0.01110	0.01224	0.00756	0.00778	0.01273	0.01672	0.02154	0.05231	0.36481	0.18873	0.14523	0.01656	0.00423	0.00573	0.08939	0.00740	0.00678
8	0.01030	0.00767	0.00960	0.01114	0.01216	0.00697	0.00758	0.01193	0.01698	0.02200	0.05556	0.56025	0.18582	0.02554	0.01068	0.00333	0.00480	0.02282	0.00790	0.00697
9	0.02754	0.03267	0.02361	0.02119	0.02486	0.43741	0.01631	0.03354	0.12959	0.02337	0.01659	0.01883	0.01365	0.01036	0.01149	0.00259	0.13440	0.00657	0.00502	0.01040
10	0.01998	0.21987	0.02707	0.01672	0.02039	0.06210	0.01423	0.02626	0.12524	0.02404	0.02295	0.02557	0.06263	0.01359	0.03674	0.00309	0.20078	0.00775	0.06078	0.01023
11	0.02246	0.30516	0.22171	0.01912	0.02717	0.14079	0.01983	0.02983	0.09340	0.02414	0.01587	0.01745	0.01271	0.00831	0.00703	0.00228	0.01097	0.00585	0.00437	0.01154
12	0.02591	0.03406	0.22082	0.02130	0.02878	0.21614	0.02060	0.21318	0.02638	0.03290	0.01681	0.01911	0.01277	0.01314	0.05752	0.00332	0.01317	0.00669	0.00544	0.01198
13	0.01310	0.03787	0.01342	0.01305	0.01520	0.00984	0.01078	0.01662	0.02009	0.02700	0.20078	0.12289	0.10648	0.02242	0.03702	0.00370	0.00682	0.27843	0.03662	0.00788
14	0.02506	0.02715	0.05381	0.06596	0.24569	0.22188	0.02045	0.10164	0.07357	0.02896	0.01828	0.02306	0.01505	0.00931	0.00835	0.00253	0.01145	0.03054	0.00525	0.01200
15	0.03106	0.03697	0.02391	0.02131	0.02600	0.54486	0.01619	0.10202	0.07156	0.02570	0.01560	0.01716	0.01249	0.00914	0.00784	0.00229	0.01401	0.00604	0.00518	0.01066
16	0.01064	0.00752	0.00979	0.01150	0.01193	0.00709	0.00753	0.01192	0.01577	0.02102	0.04420	0.60917	0.05287	0.11752	0.01524	0.00410	0.00538	0.02260	0.00753	0.00668
17	0.01784	0.03945	0.53741	0.02962	0.15408	0.01985	0.03042	0.02679	0.01824	0.02711	0.01541	0.01856	0.01130	0.00799	0.00815	0.00266	0.01210	0.00654	0.00371	0.01275
