[name]
unknown

[dist]
# distance from previous block
# <min> <max>
0	13

[block]
# block no. 0 follows, 20 sequences, length 8
# corresponding to MSA columns:
# 13-20
name=unknown_A
#
# <colnr> <probs for GDERKNQSTAVLIFYWHMCP>
#	G	D	E	R	K	N	Q	S	T	A	V	L	I	F	Y	W	H	M	C	P
0	0.01517	0.14034	0.06584	0.01419	0.01820	0.01496	0.05261	0.01848	0.01891	0.02477	0.16446	0.05322	0.14089	0.16215	0.01680	0.00396	0.00772	0.05234	0.00642	0.00856
1	0.14200	0.13179	0.31791	0.01960	0.02837	0.06543	0.02184	0.02735	0.04810	0.02780	0.01614	0.01911	0.01263	0.01386	0.07003	0.00368	0.01225	0.00629	0.00439	0.01143
2	0.02014	0.06792	0.02178	0.04737	0.11046	0.15009	0.01476	0.02660	0.10838	0.02744	0.14220	0.04235	0.09065	0.04047	0.01044	0.00293	0.00899	0.05016	0.00660	0.01029
3	0.02176	0.02075	0.01762	0.07994	0.02267	0.21559	0.01301	0.06472	0.02088	0.02692	0.02087	0.02591	0.01717	0.02153	0.14711	0.00480	0.01300	0.00754	0.22891	0.00930
4	0.26674	0.07720	0.20259	0.02140	0.02951	0.11241	0.11996	0.02794	0.01845	0.03013	0.01427	0.01718	0.01093	0.00811	0.00742	0.00264	0.01131	0.00629	0.00450	0.01103
5	0.10001	0.14722	0.02757	0.01995	0.02461	0.34227	0.01609	0.08056	0.02233	0.02583	0.01348	0.01622	0.01140	0.00968	0.01031	0.00249	0.10887	0.00585	0.00472	0.01056
6	0.13484	0.09232	0.02681	0.02659	0.16836	0.24949	0.01743	0.07940	0.02205	0.02844	0.01524	0.01856	0.01269	0.01281	0.05664	0.00328	0.01256	0.00638	0.00490	0.01123
7	0.06323	0.16410	0.40987	0.02190	0.03214	0.11510	0.02549	0.02827	0.01899	0.02606	0.01448	0.01696	0.01101	0.00822	0.00756	0.00252	0.01229	0.00590	0.00391	0.01198

[dist]
# distance from previous block
# <min> <max>
5	9

[block]
# block no. 1 follows, 20 sequences, length 32
# corresponding to MSA columns:
# 31-62
name=unknown_B
#
# <colnr> <probs for GDERKNQSTAVLIFYWHMCP>
#	G	D	E	R	K	N	Q	S	T	A	V	L	I	F	Y	W	H	M	C	P
0	0.05832	0.13494	0.42291	0.02237	0.03266	0.13321	0.02597	0.02857	0.01923	0.02612	0.01460	0.01711	0.01102	0.00828	0.00769	0.00254	0.01257	0.00596	0.00392	0.01199
1	0.19429	0.18075	0.13835	0.07886	0.06399	0.02392	0.09408	0.05160	0.04735	0.02988	0.01546	0.01842	0.01209	0.00820	0.00734	0.00257	0.01018	0.00653	0.00470	0.01144
2	0.15564	0.18929	0.34791	0.02212	0.07292	0.02346	0.02362	0.02685	0.01770	0.02817	0.01424	0.01683	0.01098	0.00802	0.00716	0.00253	0.01075	0.00581	0.00406	0.01193
3	0.15982	0.17972	0.02496	0.04398	0.02315	0.17239	0.01338	0.02773	0.05964	0.02690	0.01942	0.02107	0.05043	0.00901	0.00689	0.00220	0.00950	0.00631	0.00509	0.13841
4	0.02232	0.01329	0.01545	0.01328	0.01621	0.01347	0.00953	0.15556	0.02184	0.14672	0.02877	0.08819	0.02773	0.35824	0.02700	0.00566	0.00828	0.01168	0.00733	0.00944
5	0.01523	0.01177	0.01553	0.01391	0.01717	0.01206	0.01082	0.05896	0.01678	0.02437	0.02165	0.03107	0.01990	0.08810	0.42373	0.00993	0.01755	0.00849	0.00511	0.17786
6	0.01511	0.01054	0.01159	0.01081	0.01195	0.01075	0.00685	0.08927	0.01692	0.02235	0.03175	0.05470	0.08017	0.54956	0.03696	0.00725	0.00826	0.01255	0.00596	0.00668
7	0.01055	0.00788	0.00982	0.01138	0.01245	0.00715	0.00776	0.01223	0.01744	0.02257	0.05739	0.54814	0.19130	0.02612	0.01094	0.00340	0.00491	0.02332	0.00810	0.00715
8	0.02256	0.02330	0.03114	0.16110	0.39795	0.13142	0.02400	0.02822	0.04717	0.02646	0.01658	0.02137	0.01353	0.00834	0.00853	0.00261	0.01138	0.00749	0.00447	0.01241
9	0.01809	0.01550	0.01809	0.01292	0.02067	0.01163	0.01034	0.02196	0.01809	0.02842	0.01550	0.01809	0.01292	0.00646	0.00646	0.00129	0.00646	0.00517	0.00517	0.74677
10	0.03001	0.02088	0.02438	0.02208	0.08762	0.02250	0.01623	0.30265	0.18915	0.15086	0.02667	0.02559	0.01902	0.01061	0.00876	0.00272	0.00859	0.00853	0.00868	0.01446
11	0.05253	0.03342	0.42701	0.02135	0.03040	0.01813	0.02507	0.02415	0.01689	0.02601	0.01726	0.02228	0.01373	0.02316	0.17491	0.00568	0.04557	0.00715	0.00403	0.01127
12	0.01268	0.00846	0.00951	0.00951	0.00951	0.00846	0.00529	0.01268	0.01268	0.01691	0.02748	0.05708	0.03171	0.69345	0.04440	0.00846	0.00846	0.01268	0.00529	0.00529
13	0.01117	0.00887	0.01003	0.00974	0.01231	0.00773	0.00730	0.01418	0.02191	0.02838	0.31870	0.07602	0.40215	0.02029	0.01030	0.00286	0.00429	0.01730	0.00873	0.00773
14	0.01952	0.02051	0.03799	0.14487	0.10195	0.02286	0.26981	0.02475	0.01779	0.02493	0.01529	0.02195	0.01248	0.01001	0.01536	0.00316	0.21290	0.00879	0.00413	0.01095
15	0.03164	0.10874	0.02686	0.02170	0.02650	0.59465	0.01666	0.03394	0.02400	0.02126	0.01334	0.01555	0.01123	0.00883	0.00763	0.00221	0.01508	0.00552	0.00442	0.01022
16	0.01772	0.01678	0.02842	0.52100	0.20177	0.01971	0.02485	0.02338	0.01803	0.02381	0.01573	0.02285	0.01216	0.00849	0.00870	0.00283	0.01132	0.00776	0.00398	0.01070
17	0.11900	0.07423	0.46959	0.08330	0.03614	0.02086	0.02740	0.02677	0.01780	0.02832	0.01496	0.01805	0.01089	0.00826	0.00778	0.00272	0.01173	0.00623	0.00394	0.01202
18	0.02216	0.02181	0.03485	0.05192	0.60710	0.05399	0.02625	0.02719	0.02012	0.02812	0.01626	0.02128	0.01368	0.00784	0.00860	0.00257	0.01064	0.00766	0.00433	0.01362
19	0.02520	0.01332	0.01630	0.01378	0.01858	0.01260	0.01093	0.03253	0.13830	0.29451	0.15009	0.04758	0.15962	0.01455	0.00937	0.00281	0.00613	0.01218	0.00967	0.01195
20	0.01063	0.00759	0.01012	0.01215	0.01265	0.00709	0.00810	0.01215	0.01670	0.02227	0.04808	0.68775	0.05769	0.02733	0.01113	0.00354	0.00506	0.02480	0.00810	0.00709
21	0.02064	0.02637	0.17711	0.04691	0.50000	0.02062	0.02803	0.02697	0.01953	0.02830	0.01623	0.02086	0.01318	0.00789	0.00856	0.00263	0.01095	0.00747	0.00417	0.01360
22	0.05468	0.20851	0.43222	0.02234	0.03327	0.02394	0.05800	0.02716	0.01819	0.02639	0.01470	0.01737	0.01113	0.00802	0.00757	0.00254	0.01179	0.00612	0.00382	0.01223
23	0.01268	0.00846	0.00951	0.00951	0.00951	0.00846	0.00529	0.01268	0.01268	0.01691	0.02748	0.05708	0.03171	0.69345	0.04440	0.00846	0.00846	0.01268	0.00529	0.00529
24	0.01044	0.00884	0.00902	0.00897	0.01186	0.00742	0.00673	0.01277	0.02019	0.02429	0.12324	0.08275	0.60016	0.02182	0.01031	0.00293	0.00440	0.01824	0.00820	0.00742
25	0.02052	0.01875	0.02878	0.26672	0.28552	0.02082	0.02295	0.06582	0.12529	0.02936	0.01969	0.02405	0.01533	0.00899	0.00871	0.00277	0.01017	0.00813	0.00523	0.01240
26	0.02413	0.02555	0.03293	0.04636	0.49751	0.16818	0.02448	0.02863	0.02098	0.02684	0.01573	0.02023	0.01322	0.00805	0.00846	0.00251	0.01160	0.00727	0.00436	0.01296
27	0.02102	0.02041	0.03509	0.09459	0.52807	0.02107	0.05768	0.02616	0.01933	0.02757	0.01611	0.02166	0.01349	0.00828	0.00995	0.00271	0.05150	0.00790	0.00426	0.01315
28	0.02474	0.02896	0.02117	0.01959	0.02277	0.39294	0.01495	0.02727	0.02027	0.02095	0.01675	0.02234	0.01489	0.02885	0.23358	0.00641	0.06275	0.00704	0.00451	0.00927
29	0.02125	0.50234	0.18198	0.01715	0.02546	0.02966	0.01863	0.02576	0.01763	0.02214	0.01369	0.01637	0.01187	0.01154	0.05003	0.00289	0.01109	0.00539	0.00378	0.01136
30	0.02640	0.26478	0.03227	0.01936	0.02441	0.22518	0.01635	0.09050	0.05863	0.02546	0.01479	0.01728	0.01258	0.00987	0.01082	0.00247	0.12682	0.00613	0.00482	0.01111
31	0.01208	0.00969	0.01103	0.01146	0.01410	0.00897	0.00902	0.01628	0.06047	0.02562	0.10569	0.12544	0.38545	0.02197	0.01067	0.00322	0.00544	0.14719	0.00823	0.00798

[dist]
# distance from previous block
# <min> <max>
0	1

[block]
# block no. 2 follows, 20 sequences, length 65
# corresponding to MSA columns:
# 64-128
name=unknown_C
#
# <colnr> <probs for GDERKNQSTAVLIFYWHMCP>
#	G	D	E	R	K	N	Q	S	T	A	V	L	I	F	Y	W	H	M	C	P
0	0.02159	0.02073	0.03541	0.05354	0.63903	0.02073	0.02677	0.02677	0.01986	0.02850	0.01641	0.02159	0.01382	0.00777	0.00864	0.00259	0.01036	0.00777	0.00432	0.01382
1	0.02251	0.02371	0.03711	0.07664	0.40338	0.10154	0.15217	0.02782	0.02051	0.02716	0.01626	0.02135	0.01326	0.00788	0.00890	0.00264	0.01205	0.00805	0.00434	0.01270
2	0.19536	0.03494	0.02213	0.01984	0.02470	0.47532	0.01517	0.06847	0.02351	0.02744	0.01364	0.01570	0.01106	0.00888	0.00736	0.00237	0.01333	0.00556	0.00496	0.01026
3	0.02225	0.02279	0.02096	0.02381	0.15480	0.22055	0.01503	0.02625	0.04998	0.06312	0.04276	0.04263	0.23249	0.01357	0.00900	0.00263	0.00966	0.01098	0.00632	0.01042
4	0.01091	0.00809	0.01019	0.01130	0.01257	0.00737	0.00785	0.01308	0.01889	0.02506	0.17307	0.45109	0.16968	0.02445	0.01081	0.00327	0.00475	0.02181	0.00840	0.00737
5	0.02215	0.02033	0.02989	0.04147	0.44314	0.05425	0.02211	0.08578	0.02268	0.03171	0.07788	0.02613	0.02100	0.00925	0.00861	0.00256	0.00958	0.00847	0.05019	0.01283
6	0.02488	0.33675	0.12643	0.01710	0.02484	0.05695	0.01688	0.03154	0.09221	0.12241	0.01925	0.01970	0.01477	0.00865	0.00706	0.00225	0.00941	0.00628	0.00558	0.05705
7	0.06560	0.18173	0.02945	0.02209	0.06347	0.42048	0.01667	0.05980	0.02319	0.02412	0.01366	0.01589	0.01147	0.00861	0.00734	0.00223	0.01326	0.00561	0.00457	0.01077
8	0.01698	0.01619	0.01374	0.01255	0.01629	0.11413	0.00962	0.09742	0.02353	0.02749	0.06721	0.06446	0.45119	0.01841	0.00970	0.00279	0.00693	0.01493	0.00761	0.00882
9	0.02481	0.01916	0.02334	0.12721	0.06330	0.02159	0.01684	0.23290	0.19887	0.07050	0.02491	0.02643	0.01866	0.01582	0.07234	0.00388	0.01043	0.00860	0.00745	0.01295
10	0.01739	0.00975	0.01034	0.00975	0.01193	0.01039	0.00752	0.05341	0.01925	0.03304	0.02694	0.03101	0.02123	0.01051	0.00769	0.00218	0.04767	0.00808	0.65333	0.00860
11	0.02692	0.02414	0.02219	0.02005	0.05397	0.17186	0.01487	0.16739	0.18952	0.07449	0.05821	0.02753	0.02207	0.04341	0.01026	0.00286	0.00972	0.00848	0.00740	0.04466
12	0.01311	0.01030	0.01526	0.01489	0.01629	0.01245	0.01170	0.01611	0.01395	0.02032	0.02220	0.03278	0.02079	0.06052	0.59725	0.01302	0.08733	0.00918	0.00459	0.00796
13	0.01268	0.00846	0.00951	0.00951	0.00951	0.00846	0.00529	0.01268	0.01268	0.01691	0.02748	0.05708	0.03171	0.69345	0.04440	0.00846	0.00846	0.01268	0.00529	0.00529
14	0.01959	0.03047	0.24329	0.03294	0.04307	0.02148	0.42250	0.02784	0.01989	0.02784	0.01701	0.02189	0.01253	0.00765	0.00965	0.00288	0.01412	0.00906	0.00418	0.01213
15	0.01949	0.01024	0.01228	0.01090	0.01441	0.00914	0.00848	0.02285	0.02198	0.18764	0.19131	0.05433	0.21259	0.01558	0.00899	0.00263	0.00504	0.01307	0.16938	0.00966
16	0.01949	0.01974	0.01643	0.01519	0.01923	0.15497	0.01158	0.03022	0.24968	0.02798	0.05197	0.04956	0.26836	0.01534	0.00923	0.00280	0.00783	0.01238	0.00761	0.01041
17	0.01809	0.01550	0.01809	0.01292	0.02067	0.01163	0.01034	0.02196	0.01809	0.02842	0.01550	0.01809	0.01292	0.00646	0.00646	0.00129	0.00646	0.00517	0.00517	0.74677
18	0.02810	0.18504	0.03178	0.02756	0.15959	0.37863	0.01858	0.03111	0.02208	0.02272	0.01382	0.01662	0.01179	0.00838	0.00752	0.00224	0.01312	0.00587	0.00428	0.01116
19	0.01031	0.00884	0.00884	0.00884	0.01178	0.00736	0.00663	0.01252	0.01988	0.02356	0.08837	0.08395	0.63549	0.02209	0.01031	0.00295	0.00442	0.01841	0.00810	0.00736
20	0.01235	0.00892	0.01166	0.01097	0.01303	0.00823	0.00823	0.01646	0.02469	0.03498	0.63443	0.06516	0.08230	0.01783	0.01029	0.00274	0.00412	0.01578	0.00960	0.00823
21	0.01929	0.01569	0.01641	0.01438	0.01890	0.01664	0.01129	0.15762	0.22968	0.03498	0.05532	0.05239	0.28976	0.01601	0.00947	0.00288	0.00642	0.01314	0.00850	0.01122
22	0.01268	0.00846	0.00951	0.00951	0.00951	0.00846	0.00529	0.01268	0.01268	0.01691	0.02748	0.05708	0.03171	0.69345	0.04440	0.00846	0.00846	0.01268	0.00529	0.00529
23	0.02170	0.01874	0.01972	0.01775	0.02268	0.02170	0.01381	0.04635	0.62327	0.03649	0.03550	0.03254	0.02663	0.01183	0.00888	0.00296	0.00690	0.00986	0.00888	0.01381
24	0.03005	0.02289	0.02443	0.01944	0.02587	0.02560	0.01583	0.45726	0.19875	0.04997	0.02489	0.02409	0.01803	0.01084	0.00877	0.00271	0.00887	0.00840	0.00877	0.01456
25	0.01246	0.00935	0.01402	0.01402	0.01558	0.01090	0.01090	0.01558	0.01402	0.02025	0.02336	0.03427	0.02181	0.06542	0.65888	0.01402	0.02336	0.00935	0.00467	0.00779
26	0.02612	0.05218	0.02031	0.01592	0.02124	0.01798	0.01281	0.08827	0.26759	0.21133	0.10730	0.03613	0.05928	0.01240	0.00890	0.00277	0.00696	0.01022	0.00919	0.01308
27	0.01809	0.01550	0.01809	0.01292	0.02067	0.01163	0.01034	0.02196	0.01809	0.02842	0.01550	0.01809	0.01292	0.00646	0.00646	0.00129	0.00646	0.00517	0.00517	0.74677
28	0.01268	0.00846	0.00951	0.00951	0.00951	0.00846	0.00529	0.01268	0.01268	0.01691	0.02748	0.05708	0.03171	0.69345	0.04440	0.00846	0.00846	0.01268	0.00529	0.00529
29	0.02358	0.02574	0.03607	0.07363	0.34385	0.16356	0.15121	0.02861	0.02099	0.02647	0.01598	0.02079	0.01300	0.00800	0.00883	0.00261	0.01257	0.00784	0.00436	0.01234
30	0.02159	0.02073	0.03541	0.05354	0.63903	0.02073	0.02677	0.02677	0.01986	0.02850	0.01641	0.02159	0.01382	0.00777	0.00864	0.00259	0.01036	0.00777	0.00432	0.01382
31	0.01246	0.00935	0.01402	0.01402	0.01558	0.01090	0.01090	0.01558	0.01402	0.02025	0.02336	0.03427	0.02181	0.06542	0.65888	0.01402	0.02336	0.00935	0.00467	0.00779
32	0.01750	0.04512	0.64825	0.02486	0.03775	0.02026	0.03223	0.02762	0.01842	0.02762	0.01565	0.01842	0.01105	0.00829	0.00829	0.00276	0.01289	0.00645	0.00368	0.01289
33	0.02349	0.01906	0.02523	0.27252	0.09468	0.02179	0.01951	0.23782	0.08527	0.03674	0.02034	0.02376	0.01514	0.00966	0.00856	0.00272	0.00983	0.00802	0.05361	0.01224
34	0.01166	0.00874	0.01082	0.01062	0.01269	0.00789	0.00784	0.01502	0.02261	0.03078	0.43640	0.14446	0.20848	0.01997	0.01039	0.00289	0.00430	0.01748	0.00907	0.00789
35	0.01235	0.00892	0.01166	0.01097	0.01303	0.00823	0.00823	0.01646	0.02469	0.03498	0.63443	0.06516	0.08230	0.01783	0.01029	0.00274	0.00412	0.01578	0.00960	0.00823
36	0.02867	0.02305	0.02355	0.01922	0.02515	0.06520	0.01548	0.37772	0.20576	0.04555	0.02478	0.02469	0.01838	0.01385	0.04515	0.00333	0.00999	0.00837	0.00827	0.01384
37	0.01063	0.00759	0.01012	0.01215	0.01265	0.00709	0.00810	0.01215	0.01670	0.02227	0.04808	0.68775	0.05769	0.02733	0.01113	0.00354	0.00506	0.02480	0.00810	0.00709
38	0.02159	0.02073	0.03541	0.05354	0.63903	0.02073	0.02677	0.02677	0.01986	0.02850	0.01641	0.02159	0.01382	0.00777	0.00864	0.00259	0.01036	0.00777	0.00432	0.01382
39	0.03258	0.04157	0.02472	0.02247	0.02697	0.65843	0.01685	0.03483	0.02472	0.02135	0.01348	0.01573	0.01124	0.00899	0.00787	0.00225	0.01573	0.00562	0.00449	0.01011
40	0.01085	0.00886	0.00959	0.00941	0.01212	0.00760	0.00706	0.01357	0.02117	0.02662	0.23468	0.07891	0.48727	0.02095	0.01030	0.00289	0.00434	0.01770	0.00850	0.00760
41	0.02296	0.65812	0.08312	0.01554	0.02334	0.03363	0.01600	0.02621	0.01777	0.02096	0.01235	0.01427	0.01119	0.00751	0.00576	0.00192	0.00955	0.00477	0.00373	0.01130
42	0.19091	0.01634	0.01860	0.01683	0.05274	0.01701	0.01270	0.07084	0.15405	0.23423	0.10009	0.03014	0.02645	0.01109	0.00821	0.00275	0.00705	0.00884	0.00856	0.01256
43	0.03404	0.03489	0.02381	0.02083	0.02594	0.48612	0.01596	0.06504	0.02558	0.15922	0.01842	0.01904	0.01368	0.00946	0.00811	0.00236	0.01361	0.00642	0.00608	0.01138
44	0.03914	0.01484	0.02024	0.01552	0.02227	0.01282	0.01282	0.04251	0.02497	0.64507	0.03441	0.02969	0.02159	0.01080	0.00877	0.00270	0.00742	0.00877	0.01080	0.01484
45	0.01762	0.01667	0.02823	0.53407	0.18955	0.01968	0.02479	0.02329	0.01798	0.02368	0.01571	0.02288	0.01212	0.00851	0.00870	0.00284	0.01134	0.00776	0.00397	0.01061
46	0.02774	0.02853	0.02468	0.16312	0.03345	0.28443	0.01795	0.19116	0.05077	0.03143	0.01738	0.02046	0.01348	0.01242	0.04253	0.00314	0.01318	0.00707	0.00572	0.01135
47	0.01065	0.00798	0.00974	0.01110	0.01225	0.00723	0.00755	0.01228	0.01736	0.02234	0.05800	0.48964	0.21420	0.06089	0.01266	0.00364	0.00506	0.02242	0.00795	0.00707
48	0.02247	0.02358	0.02995	0.18331	0.34510	0.15915	0.02340	0.02710	0.02039	0.02543	0.01704	0.02449	0.01457	0.00906	0.00866	0.00266	0.01170	0.03570	0.00444	0.01180
49	0.01167	0.00842	0.00973	0.01007	0.01109	0.00790	0.00652	0.01297	0.01656	0.02164	0.11584	0.19520	0.18135	0.32311	0.02573	0.00551	0.00632	0.01687	0.00701	0.00648
50	0.05539	0.03510	0.38845	0.03138	0.13456	0.02069	0.15582	0.02746	0.01894	0.02840	0.01604	0.01983	0.01189	0.00799	0.00864	0.00277	0.01258	0.00741	0.00403	0.01262
51	0.01072	0.00808	0.00997	0.01141	0.01269	0.00732	0.00800	0.01257	0.01779	0.02284	0.05947	0.48401	0.22210	0.02566	0.01095	0.00340	0.00504	0.05268	0.00809	0.00722
52	0.22677	0.03025	0.30778	0.04637	0.02948	0.02144	0.02259	0.02540	0.01626	0.02923	0.01374	0.01755	0.01071	0.00977	0.01193	0.00298	0.15623	0.00627	0.00421	0.01106
53	0.02161	0.11995	0.43777	0.02293	0.03353	0.10639	0.02672	0.08213	0.02125	0.02848	0.01544	0.01777	0.01144	0.00848	0.00795	0.00258	0.01254	0.00626	0.00426	0.01251
54	0.03010	0.21754	0.03034	0.02045	0.02574	0.49135	0.01634	0.03250	0.02285	0.02113	0.01312	0.01526	0.01122	0.00858	0.00726	0.00215	0.01402	0.00536	0.00429	0.01040
55	0.02397	0.30567	0.03712	0.02118	0.02631	0.16733	0.08767	0.02697	0.01852	0.02171	0.01292	0.01678	0.01151	0.00972	0.01236	0.00256	0.17682	0.00629	0.00400	0.01062
56	0.02180	0.01312	0.01553	0.01353	0.01785	0.01283	0.01061	0.03065	0.17999	0.20286	0.18936	0.05094	0.17391	0.01525	0.00950	0.00283	0.00583	0.01287	0.00941	0.01134
57	0.01268	0.00846	0.00951	0.00951	0.00951	0.00846	0.00529	0.01268	0.01268	0.01691	0.02748	0.05708	0.03171	0.69345	0.04440	0.00846	0.00846	0.01268	0.00529	0.00529
58	0.02159	0.02073	0.03541	0.05354	0.63903	0.02073	0.02677	0.02677	0.01986	0.02850	0.01641	0.02159	0.01382	0.00777	0.00864	0.00259	0.01036	0.00777	0.00432	0.01382
59	0.01167	0.00889	0.01072	0.01026	0.01262	0.00794	0.00770	0.01515	0.02309	0.03118	0.45273	0.07141	0.26638	0.01925	0.01030	0.00281	0.00422	0.01665	0.00910	0.00794
60	0.02386	0.02131	0.02412	0.02705	0.19877	0.09608	0.01686	0.21597	0.02709	0.03476	0.03376	0.03588	0.15040	0.04263	0.01054	0.00290	0.00937	0.01008	0.00666	0.01191
61	0.01277	0.00980	0.01461	0.01443	0.01592	0.01164	0.01129	0.01583	0.01399	0.02028	0.02281	0.03356	0.02132	0.06307	0.62939	0.01354	0.05397	0.00927	0.00463	0.00787
62	0.01150	0.00949	0.01017	0.00989	0.01276	0.00848	0.00745	0.01558	0.05975	0.02695	0.20708	0.07644	0.47264	0.02048	0.01021	0.00290	0.00451	0.01727	0.00849	0.00797
63	0.03246	0.02409	0.02579	0.01993	0.02678	0.02672	0.01641	0.57565	0.07645	0.05385	0.02183	0.02165	0.01555	0.01055	0.00874	0.00264	0.00943	0.00798	0.00874	0.01477
64	0.02332	0.69869	0.04571	0.01493	0.02239	0.03451	0.01493	0.02612	0.01772	0.02052	0.01213	0.01399	0.01119	0.00746	0.00560	0.00187	0.00933	0.00466	0.00373	0.01119

[dist]
# distance from previous block
# <min> <max>
0	4

[block]
# block no. 3 follows, 20 sequences, length 30
# corresponding to MSA columns:
# 133-162
name=unknown_D
#
# <colnr> <probs for GDERKNQSTAVLIFYWHMCP>
#	G	D	E	R	K	N	Q	S	T	A	V	L	I	F	Y	W	H	M	C	P
0	0.01182	0.00890	0.01093	0.01042	0.01271	0.00801	0.00781	0.01544	0.02344	0.03202	0.49291	0.07003	0.22567	0.01894	0.01029	0.00280	0.00419	0.01646	0.00921	0.00801
1	0.03914	0.01484	0.02024	0.01552	0.02227	0.01282	0.01282	0.04251	0.02497	0.64507	0.03441	0.02969	0.02159	0.01080	0.00877	0.00270	0.00742	0.00877	0.01080	0.01484
2	0.01809	0.01550	0.01809	0.01292	0.02067	0.01163	0.01034	0.02196	0.01809	0.02842	0.01550	0.01809	0.01292	0.00646	0.00646	0.00129	0.00646	0.00517	0.00517	0.74677
3	0.75506	0.01687	0.01282	0.01147	0.01687	0.01957	0.00945	0.02564	0.01484	0.03914	0.01215	0.01417	0.00945	0.00810	0.00540	0.00270	0.00675	0.00472	0.00540	0.00945
4	0.01406	0.01004	0.01406	0.01606	0.01807	0.01004	0.01406	0.01807	0.02008	0.02610	0.04618	0.09839	0.05020	0.02410	0.01205	0.00402	0.00803	0.58032	0.00803	0.00803
5	0.01059	0.00773	0.00998	0.01177	0.01255	0.00712	0.00793	0.01219	0.01706	0.02241	0.05264	0.61932	0.12318	0.02673	0.01104	0.00347	0.00499	0.02407	0.00810	0.00712
6	0.01268	0.00846	0.00951	0.00951	0.00951	0.00846	0.00529	0.01268	0.01268	0.01691	0.02748	0.05708	0.03171	0.69345	0.04440	0.00846	0.00846	0.01268	0.00529	0.00529
7	0.02750	0.02513	0.02276	0.01943	0.02492	0.15177	0.01529	0.22130	0.31944	0.03925	0.02648	0.02550	0.01981	0.01083	0.00862	0.00271	0.00953	0.00837	0.00795	0.01338
8	0.01268	0.00846	0.00951	0.00951	0.00951	0.00846	0.00529	0.01268	0.01268	0.01691	0.02748	0.05708	0.03171	0.69345	0.04440	0.00846	0.00846	0.01268	0.00529	0.00529
9	0.02159	0.02073	0.03541	0.05354	0.63903	0.02073	0.02677	0.02677	0.01986	0.02850	0.01641	0.02159	0.01382	0.00777	0.00864	0.00259	0.01036	0.00777	0.00432	0.01382
10	0.01119	0.00887	0.01006	0.00976	0.01232	0.00774	0.00732	0.01423	0.02196	0.02851	0.32481	0.07581	0.39596	0.02025	0.01030	0.00286	0.00429	0.01727	0.00875	0.00774
11	0.01990	0.03656	0.48373	0.02217	0.03288	0.01786	0.02696	0.02836	0.01981	0.11198	0.05930	0.02780	0.01939	0.01020	0.00871	0.00283	0.01129	0.04241	0.00529	0.01256
12	0.01268	0.00846	0.00951	0.00951	0.00951	0.00846	0.00529	0.01268	0.01268	0.01691	0.02748	0.05708	0.03171	0.69345	0.04440	0.00846	0.00846	0.01268	0.00529	0.00529
13	0.01246	0.00935	0.01402	0.01402	0.01558	0.01090	0.01090	0.01558	0.01402	0.02025	0.02336	0.03427	0.02181	0.06542	0.65888	0.01402	0.02336	0.00935	0.00467	0.00779
14	0.01809	0.01550	0.01809	0.01292	0.02067	0.01163	0.01034	0.02196	0.01809	0.02842	0.01550	0.01809	0.01292	0.00646	0.00646	0.00129	0.00646	0.00517	0.00517	0.74677
15	0.02095	0.02133	0.04011	0.08584	0.40888	0.02108	0.21718	0.02688	0.01995	0.02794	0.01676	0.02233	0.01349	0.00769	0.00919	0.00273	0.01187	0.00860	0.00432	0.01289
16	0.03316	0.02443	0.02618	0.02007	0.02705	0.02705	0.01658	0.60995	0.04101	0.05497	0.02094	0.02094	0.01483	0.01047	0.00873	0.00262	0.00960	0.00785	0.00873	0.01483
17	0.01669	0.01065	0.01357	0.01220	0.01428	0.01178	0.04110	0.02057	0.01745	0.02987	0.02507	0.03015	0.02022	0.01394	0.04719	0.00303	0.10479	0.00825	0.55067	0.00852
18	0.09733	0.24218	0.26349	0.01796	0.02662	0.02271	0.01998	0.02723	0.01913	0.08788	0.08090	0.02258	0.01943	0.00925	0.00739	0.00246	0.00967	0.00691	0.00519	0.01170
19	0.03258	0.04157	0.02472	0.02247	0.02697	0.65843	0.01685	0.03483	0.02472	0.02135	0.01348	0.01573	0.01124	0.00899	0.00787	0.00225	0.01573	0.00562	0.00449	0.01011
20	0.01246	0.00935	0.01402	0.01402	0.01558	0.01090	0.01090	0.01558	0.01402	0.02025	0.02336	0.03427	0.02181	0.06542	0.65888	0.01402	0.02336	0.00935	0.00467	0.00779
21	0.02146	0.04311	0.48592	0.02409	0.03495	0.14647	0.02821	0.06596	0.02109	0.02812	0.01556	0.01805	0.01133	0.00856	0.00823	0.00265	0.01324	0.00637	0.00416	0.01247
22	0.01346	0.01064	0.01730	0.01588	0.01816	0.01182	0.06807	0.01703	0.01489	0.02168	0.02310	0.03314	0.02101	0.05674	0.55997	0.01228	0.02145	0.00937	0.04582	0.00819
23	0.02573	0.52752	0.04024	0.01689	0.02358	0.19704	0.01543	0.02839	0.01955	0.02074	0.01248	0.01445	0.01120	0.00786	0.00619	0.00197	0.01100	0.00491	0.00393	0.01091
24	0.01063	0.00759	0.01012	0.01215	0.01265	0.00709	0.00810	0.01215	0.01670	0.02227	0.04808	0.68775	0.05769	0.02733	0.01113	0.00354	0.00506	0.02480	0.00810	0.00709
25	0.05340	0.07030	0.33296	0.07222	0.15706	0.02134	0.11709	0.02699	0.01877	0.02765	0.01574	0.01969	0.01190	0.00801	0.00841	0.00271	0.01211	0.00720	0.00402	0.01244
26	0.01074	0.00879	0.00947	0.00944	0.01208	0.00752	0.00703	0.01329	0.02069	0.02580	0.19638	0.11153	0.49393	0.02150	0.01035	0.00294	0.00439	0.01821	0.00840	0.00752
27	0.01600	0.01494	0.02522	0.02095	0.02358	0.01723	0.14568	0.01945	0.01519	0.02184	0.01942	0.03016	0.01818	0.10001	0.29257	0.00838	0.18842	0.00944	0.00445	0.00889
28	0.03060	0.02316	0.02474	0.01955	0.02608	0.02585	0.01596	0.48408	0.17105	0.05085	0.02419	0.02353	0.01747	0.01078	0.00876	0.00269	0.00900	0.00830	0.00876	0.01460
29	0.01811	0.11365	0.58507	0.02382	0.03614	0.02175	0.03041	0.02747	0.01834	0.02688	0.01528	0.01795	0.01106	0.00820	0.00801	0.00267	0.01252	0.00626	0.00369	0.01271

[dist]
# distance from previous block
# <min> <max>
0	23

[block]
# block no. 4 follows, 20 sequences, length 61
# corresponding to MSA columns:
# 186-246
name=unknown_E
#
# <colnr> <probs for GDERKNQSTAVLIFYWHMCP>
#	G	D	E	R	K	N	Q	S	T	A	V	L	I	F	Y	W	H	M	C	P
0	0.36248	0.03029	0.01929	0.01745	0.02236	0.36672	0.01347	0.03063	0.02021	0.02947	0.01287	0.01502	0.01042	0.00858	0.00674	0.00245	0.01163	0.00521	0.00491	0.00981
1	0.02219	0.02177	0.03411	0.05021	0.57755	0.05553	0.02564	0.02810	0.04765	0.02847	0.01712	0.02177	0.01426	0.00802	0.00860	0.00259	0.01050	0.00775	0.00454	0.01361
2	0.02247	0.01629	0.01874	0.01620	0.02021	0.01780	0.01275	0.30777	0.02820	0.03859	0.02818	0.17795	0.02666	0.02611	0.14848	0.00524	0.01116	0.01209	0.05400	0.01112
3	0.01221	0.00826	0.00965	0.01012	0.01024	0.00814	0.00593	0.01256	0.01361	0.01815	0.03222	0.20219	0.03769	0.54019	0.03674	0.00733	0.00768	0.01547	0.00593	0.00570
4	0.01589	0.01334	0.01495	0.04416	0.01916	0.01436	0.01106	0.02832	0.29124	0.02958	0.07799	0.18655	0.18280	0.01778	0.00977	0.00307	0.00599	0.01531	0.00832	0.01035
5	0.01063	0.00759	0.01012	0.01215	0.01265	0.00709	0.00810	0.01215	0.01670	0.02227	0.04808	0.68775	0.05769	0.02733	0.01113	0.00354	0.00506	0.02480	0.00810	0.00709
6	0.01809	0.01550	0.01809	0.01292	0.02067	0.01163	0.01034	0.02196	0.01809	0.02842	0.01550	0.01809	0.01292	0.00646	0.00646	0.00129	0.00646	0.00517	0.00517	0.74677
7	0.01031	0.00884	0.00884	0.00884	0.01178	0.00736	0.00663	0.01252	0.01988	0.02356	0.08837	0.08395	0.63549	0.02209	0.01031	0.00295	0.00442	0.01841	0.00810	0.00736
8	0.01647	0.01550	0.02616	0.67248	0.06008	0.01938	0.02422	0.02229	0.01744	0.02229	0.01550	0.02326	0.01163	0.00872	0.00872	0.00291	0.01163	0.00775	0.00388	0.00969
9	0.01626	0.00813	0.00813	0.00813	0.01016	0.00813	0.00610	0.02033	0.01829	0.03252	0.02846	0.03252	0.02236	0.01016	0.00610	0.00203	0.00407	0.00813	0.74187	0.00813
10	0.01292	0.00962	0.01248	0.01371	0.01596	0.00917	0.01158	0.01648	0.02047	0.02630	0.11335	0.09148	0.20474	0.02298	0.01143	0.00362	0.00672	0.38092	0.00820	0.00788
11	0.03258	0.04157	0.02472	0.02247	0.02697	0.65843	0.01685	0.03483	0.02472	0.02135	0.01348	0.01573	0.01124	0.00899	0.00787	0.00225	0.01573	0.00562	0.00449	0.01011
12	0.02441	0.62112	0.04323	0.01582	0.02293	0.10817	0.01515	0.02715	0.01855	0.02062	0.01229	0.01420	0.01120	0.00764	0.00586	0.00191	0.01008	0.00478	0.00382	0.01107
13	0.01816	0.04049	0.52032	0.02741	0.03943	0.02064	0.15551	0.02769	0.01888	0.02769	0.01608	0.01951	0.01152	0.00809	0.00872	0.00280	0.01328	0.00727	0.00384	0.01265
14	0.01034	0.00871	0.00896	0.00916	0.01187	0.00734	0.00677	0.01248	0.01957	0.02344	0.08440	0.14338	0.57862	0.02261	0.01039	0.00300	0.00448	0.01904	0.00810	0.00734
15	0.01338	0.01005	0.01062	0.00997	0.01331	0.00881	0.00763	0.04713	0.02162	0.06270	0.11368	0.07619	0.53272	0.02054	0.01013	0.00290	0.00486	0.01711	0.00838	0.00826
16	0.01063	0.00759	0.01012	0.01215	0.01265	0.00709	0.00810	0.01215	0.01670	0.02227	0.04808	0.68775	0.05769	0.02733	0.01113	0.00354	0.00506	0.02480	0.00810	0.00709
17	0.02531	0.55783	0.04121	0.01654	0.02337	0.16826	0.01534	0.02799	0.01922	0.02070	0.01242	0.01437	0.01120	0.00779	0.00608	0.00195	0.01070	0.00487	0.00389	0.01096
18	0.01214	0.00891	0.01137	0.01075	0.01290	0.00814	0.00806	0.01605	0.02419	0.03380	0.57804	0.06710	0.13943	0.01827	0.01029	0.00276	0.00415	0.01605	0.00945	0.00814
19	0.02059	0.02353	0.05147	0.03676	0.04559	0.02206	0.60735	0.02794	0.02059	0.02794	0.01765	0.02353	0.01324	0.00735	0.01029	0.00294	0.01471	0.01029	0.00441	0.01176
20	0.02391	0.65720	0.04438	0.01540	0.02268	0.07391	0.01505	0.02667	0.01817	0.02057	0.01221	0.01410	0.01120	0.00756	0.00574	0.00189	0.00973	0.00472	0.00378	0.01113
21	0.01750	0.04512	0.64825	0.02486	0.03775	0.02026	0.03223	0.02762	0.01842	0.02762	0.01565	0.01842	0.01105	0.00829	0.00829	0.00276	0.01289	0.00645	0.00368	0.01289
22	0.01075	0.00885	0.00944	0.00929	0.01205	0.00755	0.00697	0.01336	0.02091	0.02601	0.20542	0.07992	0.51691	0.02118	0.01030	0.00290	0.00435	0.01784	0.00842	0.00755
23	0.01426	0.01261	0.01667	0.02099	0.16503	0.01214	0.01252	0.01932	0.07619	0.02571	0.05992	0.09398	0.35977	0.02050	0.04816	0.00355	0.00725	0.01484	0.00705	0.00954
24	0.01151	0.00907	0.01055	0.01106	0.01352	0.00811	0.00872	0.01437	0.02040	0.02564	0.14938	0.11783	0.38783	0.02229	0.01077	0.00321	0.00529	0.15453	0.00829	0.00763
25	0.06320	0.25725	0.03128	0.01922	0.02498	0.36182	0.01584	0.08567	0.02347	0.02507	0.01367	0.01557	0.01148	0.00858	0.00708	0.00218	0.01261	0.00547	0.00468	0.01089
26	0.02040	0.37122	0.34761	0.01990	0.03009	0.02737	0.02359	0.02687	0.01807	0.02408	0.01389	0.01621	0.01112	0.00788	0.00694	0.00231	0.01111	0.00556	0.00371	0.01204
27	0.02170	0.01874	0.01972	0.01775	0.02268	0.02170	0.01381	0.04635	0.62327	0.03649	0.03550	0.03254	0.02663	0.01183	0.00888	0.00296	0.00690	0.00986	0.00888	0.01381
28	0.01809	0.01550	0.01809	0.01292	0.02067	0.01163	0.01034	0.02196	0.01809	0.02842	0.01550	0.01809	0.01292	0.00646	0.00646	0.00129	0.00646	0.00517	0.00517	0.74677
29	0.01031	0.00884	0.00884	0.00884	0.01178	0.00736	0.00663	0.01252	0.01988	0.02356	0.08837	0.08395	0.63549	0.02209	0.01031	0.00295	0.00442	0.01841	0.00810	0.00736
30	0.01246	0.00935	0.01402	0.01402	0.01558	0.01090	0.01090	0.01558	0.01402	0.02025	0.02336	0.03427	0.02181	0.06542	0.65888	0.01402	0.02336	0.00935	0.00467	0.00779
31	0.01367	0.00984	0.01356	0.01547	0.01744	0.00973	0.01333	0.01744	0.01987	0.02575	0.04841	0.13240	0.07994	0.02419	0.01191	0.00393	0.00768	0.51945	0.00804	0.00794
32	0.02159	0.02073	0.03541	0.05354	0.63903	0.02073	0.02677	0.02677	0.01986	0.02850	0.01641	0.02159	0.01382	0.00777	0.00864	0.00259	0.01036	0.00777	0.00432	0.01382
33	0.19915	0.02565	0.02285	0.01851	0.02469	0.13441	0.01499	0.37615	0.03218	0.04552	0.01763	0.01848	0.01297	0.00967	0.00781	0.00257	0.01000	0.00675	0.00723	0.01278
34	0.01750	0.04512	0.64825	0.02486	0.03775	0.02026	0.03223	0.02762	0.01842	0.02762	0.01565	0.01842	0.01105	0.00829	0.00829	0.00276	0.01289	0.00645	0.00368	0.01289
35	0.02104	0.02017	0.03442	0.11961	0.57723	0.02058	0.02650	0.02629	0.01960	0.02783	0.01631	0.02177	0.01358	0.00787	0.00864	0.00262	0.01050	0.00777	0.00427	0.01338
36	0.02631	0.02433	0.02071	0.01740	0.02255	0.18602	0.01373	0.28471	0.03057	0.03699	0.03877	0.03806	0.19588	0.01349	0.00897	0.00262	0.00968	0.01037	0.00744	0.01141
37	0.01031	0.00884	0.00884	0.00884	0.01178	0.00736	0.00663	0.01252	0.01988	0.02356	0.08837	0.08395	0.63549	0.02209	0.01031	0.00295	0.00442	0.01841	0.00810	0.00736
38	0.02415	0.01996	0.02111	0.01825	0.02362	0.02284	0.01440	0.16717	0.49846	0.04045	0.03238	0.03006	0.02410	0.01154	0.00884	0.00289	0.00748	0.00943	0.00884	0.01403
39	0.01031	0.00884	0.00884	0.00884	0.01178	0.00736	0.00663	0.01252	0.01988	0.02356	0.08837	0.08395	0.63549	0.02209	0.01031	0.00295	0.00442	0.01841	0.00810	0.00736
40	0.02159	0.02073	0.03541	0.05354	0.63903	0.02073	0.02677	0.02677	0.01986	0.02850	0.01641	0.02159	0.01382	0.00777	0.00864	0.00259	0.01036	0.00777	0.00432	0.01382
41	0.03258	0.04157	0.02472	0.02247	0.02697	0.65843	0.01685	0.03483	0.02472	0.02135	0.01348	0.01573	0.01124	0.00899	0.00787	0.00225	0.01573	0.00562	0.00449	0.01011
42	0.01044	0.00884	0.00901	0.00897	0.01186	0.00742	0.00673	0.01277	0.02019	0.02428	0.12284	0.08276	0.60057	0.02182	0.01031	0.00293	0.00440	0.01824	0.00819	0.00742
43	0.75506	0.01687	0.01282	0.01147	0.01687	0.01957	0.00945	0.02564	0.01484	0.03914	0.01215	0.01417	0.00945	0.00810	0.00540	0.00270	0.00675	0.00472	0.00540	0.00945
44	0.02137	0.02133	0.03885	0.04994	0.51182	0.02101	0.15123	0.02702	0.02002	0.02838	0.01667	0.02200	0.01369	0.00768	0.00899	0.00267	0.01129	0.00831	0.00434	0.01338
45	0.01246	0.00935	0.01402	0.01402	0.01558	0.01090	0.01090	0.01558	0.01402	0.02025	0.02336	0.03427	0.02181	0.06542	0.65888	0.01402	0.02336	0.00935	0.00467	0.00779
46	0.01884	0.19549	0.50962	0.02258	0.03422	0.02354	0.02825	0.02728	0.01826	0.02599	0.01484	0.01740	0.01108	0.00810	0.00767	0.00256	0.01207	0.00604	0.00369	0.01250
47	0.03262	0.04056	0.02481	0.02233	0.02697	0.62110	0.01684	0.06883	0.02568	0.02334	0.01392	0.01604	0.01145	0.00908	0.00792	0.00227	0.01537	0.00575	0.00474	0.01039
48	0.02159	0.02073	0.03541	0.05354	0.63903	0.02073	0.02677	0.02677	0.01986	0.02850	0.01641	0.02159	0.01382	0.00777	0.00864	0.00259	0.01036	0.00777	0.00432	0.01382
49	0.01268	0.00846	0.00951	0.00951	0.00951	0.00846	0.00529	0.01268	0.01268	0.01691	0.02748	0.05708	0.03171	0.69345	0.04440	0.00846	0.00846	0.01268	0.00529	0.00529
50	0.01992	0.03419	0.31513	0.03063	0.04101	0.05876	0.31694	0.02821	0.01987	0.02741	0.01652	0.02080	0.01215	0.00786	0.00926	0.00282	0.01396	0.00831	0.00409	0.01217
51	0.01771	0.01019	0.01256	0.01131	0.01469	0.00892	0.00871	0.02085	0.02267	0.17070	0.27485	0.09267	0.26396	0.01817	0.00999	0.00284	0.00503	0.01552	0.00927	0.00939
52	0.02031	0.01618	0.01743	0.01527	0.01976	0.01738	0.01211	0.17561	0.22828	0.03706	0.10269	0.04978	0.19001	0.01542	0.00952	0.00291	0.00673	0.04336	0.00866	0.01153
53	0.01102	0.00828	0.01021	0.01096	0.01253	0.00747	0.00775	0.01342	0.01972	0.02609	0.21921	0.36019	0.21465	0.02336	0.01069	0.00317	0.00463	0.02066	0.00851	0.00747
54	0.03123	0.03123	0.02569	0.02693	0.14474	0.37857	0.01785	0.03530	0.05133	0.14586	0.01917	0.02038	0.01448	0.00924	0.00824	0.00244	0.01265	0.00685	0.00590	0.01193
55	0.01809	0.01550	0.01809	0.01292	0.02067	0.01163	0.01034	0.02196	0.01809	0.02842	0.01550	0.01809	0.01292	0.00646	0.00646	0.00129	0.00646	0.00517	0.00517	0.74677
56	0.01809	0.01550	0.01809	0.01292	0.02067	0.01163	0.01034	0.02196	0.01809	0.02842	0.01550	0.01809	0.01292	0.00646	0.00646	0.00129	0.00646	0.00517	0.00517	0.74677
57	0.01268	0.00846	0.00951	0.00951	0.00951	0.00846	0.00529	0.01268	0.01268	0.01691	0.02748	0.05708	0.03171	0.69345	0.04440	0.00846	0.00846	0.01268	0.00529	0.00529
58	0.01246	0.00935	0.01402	0.01402	0.01558	0.01090	0.01090	0.01558	0.01402	0.02025	0.02336	0.03427	0.02181	0.06542	0.65888	0.01402	0.02336	0.00935	0.00467	0.00779
59	0.01399	0.00917	0.01143	0.01111	0.01350	0.00820	0.00823	0.01699	0.02179	0.08683	0.31434	0.20002	0.21100	0.02028	0.01033	0.00296	0.00471	0.01771	0.00901	0.00839
60	0.03271	0.03790	0.02503	0.02196	0.02698	0.52308	0.01680	0.15812	0.02821	0.02856	0.01508	0.01685	0.01201	0.00931	0.00805	0.00233	0.01442	0.00610	0.00540	0.01112

[dist]
# distance from previous block
# <min> <max>
0	2

[block]
# block no. 5 follows, 20 sequences, length 144
# corresponding to MSA columns:
# 249-392
name=unknown_F
#
# <colnr> <probs for GDERKNQSTAVLIFYWHMCP>
#	G	D	E	R	K	N	Q	S	T	A	V	L	I	F	Y	W	H	M	C	P
0	0.03316	0.02443	0.02618	0.02007	0.02705	0.02705	0.01658	0.60995	0.04101	0.05497	0.02094	0.02094	0.01483	0.01047	0.00873	0.00262	0.00960	0.00785	0.00873	0.01483
1	0.02408	0.01680	0.01915	0.09036	0.02425	0.01859	0.01346	0.30049	0.02873	0.04125	0.02308	0.02606	0.01752	0.01361	0.04856	0.00316	0.00877	0.00803	0.26258	0.01147
2	0.01054	0.00891	0.00916	0.00929	0.01218	0.00753	0.00709	0.01287	0.01989	0.02372	0.08572	0.08485	0.59881	0.02222	0.01042	0.00301	0.00464	0.05362	0.00810	0.00741
3	0.02052	0.06370	0.02696	0.02185	0.02292	0.09875	0.01810	0.02259	0.01497	0.02096	0.01240	0.01924	0.01200	0.01691	0.06063	0.00409	0.52253	0.00731	0.00394	0.00961
4	0.01716	0.02065	0.16046	0.01696	0.02248	0.01563	0.01627	0.05443	0.18190	0.03357	0.23689	0.04770	0.04438	0.01446	0.00959	0.00295	0.00757	0.07807	0.00783	0.01105
5	0.01063	0.00759	0.01012	0.01215	0.01265	0.00709	0.00810	0.01215	0.01670	0.02227	0.04808	0.68775	0.05769	0.02733	0.01113	0.00354	0.00506	0.02480	0.00810	0.00709
6	0.02108	0.02375	0.11132	0.04999	0.56455	0.02067	0.02745	0.02688	0.01968	0.02839	0.01631	0.02120	0.01347	0.00784	0.00859	0.00261	0.01068	0.00761	0.00424	0.01370
7	0.11995	0.02722	0.23830	0.01994	0.02806	0.04916	0.08647	0.05262	0.02059	0.10584	0.03145	0.03205	0.12923	0.01118	0.00856	0.00277	0.01001	0.00920	0.00597	0.01146
8	0.75506	0.01687	0.01282	0.01147	0.01687	0.01957	0.00945	0.02564	0.01484	0.03914	0.01215	0.01417	0.00945	0.00810	0.00540	0.00270	0.00675	0.00472	0.00540	0.00945
9	0.01750	0.04512	0.64825	0.02486	0.03775	0.02026	0.03223	0.02762	0.01842	0.02762	0.01565	0.01842	0.01105	0.00829	0.00829	0.00276	0.01289	0.00645	0.00368	0.01289
10	0.01148	0.00921	0.01047	0.01110	0.01375	0.00820	0.00895	0.01426	0.01994	0.02436	0.07516	0.08847	0.45219	0.02272	0.01085	0.00328	0.00555	0.19439	0.00808	0.00757
11	0.01457	0.02468	0.27611	0.01702	0.02406	0.01398	0.01867	0.02180	0.05741	0.02706	0.08364	0.05398	0.23653	0.01568	0.00958	0.00298	0.00849	0.07718	0.00640	0.01020
12	0.01932	0.18850	0.35681	0.02297	0.03195	0.02484	0.06185	0.02606	0.01745	0.02478	0.01419	0.01785	0.01129	0.00934	0.01160	0.00277	0.13636	0.00650	0.00376	0.01181
13	0.01460	0.01075	0.01192	0.01164	0.01440	0.01040	0.00860	0.02041	0.12191	0.06310	0.06030	0.14355	0.30730	0.11509	0.01497	0.00384	0.00586	0.04474	0.00800	0.00863
14	0.02154	0.02087	0.03623	0.05268	0.60871	0.02079	0.05643	0.02683	0.01990	0.02847	0.01647	0.02169	0.01379	0.00775	0.00872	0.00261	0.01058	0.00790	0.00432	0.01371
15	0.01089	0.00886	0.00964	0.00944	0.01214	0.00761	0.00708	0.01364	0.02125	0.02681	0.24345	0.07861	0.47838	0.02088	0.01030	0.00289	0.00433	0.01766	0.00853	0.00761
16	0.01649	0.01317	0.01547	0.01516	0.01839	0.01411	0.01220	0.02864	0.26104	0.03212	0.17898	0.06377	0.08145	0.01767	0.01028	0.00324	0.00648	0.19226	0.00873	0.01034
17	0.01268	0.00846	0.00951	0.00951	0.00951	0.00846	0.00529	0.01268	0.01268	0.01691	0.02748	0.05708	0.03171	0.69345	0.04440	0.00846	0.00846	0.01268	0.00529	0.00529
18	0.01093	0.00792	0.01033	0.01172	0.01267	0.00732	0.00803	0.01298	0.01839	0.02472	0.16015	0.53359	0.09850	0.02523	0.01092	0.00336	0.00484	0.02271	0.00838	0.00732
19	0.01809	0.01550	0.01809	0.01292	0.02067	0.01163	0.01034	0.02196	0.01809	0.02842	0.01550	0.01809	0.01292	0.00646	0.00646	0.00129	0.00646	0.00517	0.00517	0.74677
20	0.01224	0.00891	0.01156	0.01125	0.01327	0.00823	0.00851	0.01608	0.02363	0.03296	0.52803	0.10394	0.11284	0.01905	0.01046	0.00289	0.00445	0.05428	0.00932	0.00810
21	0.01909	0.03310	0.33205	0.03174	0.10783	0.02147	0.21244	0.02702	0.01881	0.02722	0.01599	0.02046	0.01210	0.00857	0.01083	0.00290	0.07414	0.00792	0.00400	0.01233
22	0.02868	0.07259	0.07023	0.02881	0.16297	0.36657	0.01994	0.09802	0.02469	0.02716	0.01505	0.01771	0.01221	0.00876	0.00803	0.00238	0.01328	0.00635	0.00484	0.01172
23	0.02015	0.01902	0.03099	0.22463	0.40447	0.02046	0.02456	0.02775	0.08838	0.02766	0.01834	0.02332	0.01467	0.00851	0.00869	0.00272	0.01032	0.00801	0.00472	0.01265
24	0.01666	0.01326	0.01372	0.01281	0.01650	0.01411	0.00983	0.02955	0.29739	0.03119	0.05283	0.05067	0.24061	0.01514	0.00886	0.00278	0.00550	0.01255	0.14555	0.01047
25	0.01246	0.00935	0.01402	0.01402	0.01558	0.01090	0.01090	0.01558	0.01402	0.02025	0.02336	0.03427	0.02181	0.06542	0.65888	0.01402	0.02336	0.00935	0.00467	0.00779
26	0.01750	0.04512	0.64825	0.02486	0.03775	0.02026	0.03223	0.02762	0.01842	0.02762	0.01565	0.01842	0.01105	0.00829	0.00829	0.00276	0.01289	0.00645	0.00368	0.01289
27	0.14050	0.58951	0.04044	0.01437	0.02150	0.03212	0.01405	0.02604	0.01726	0.02350	0.01213	0.01402	0.01091	0.00756	0.00557	0.00200	0.00892	0.00467	0.00400	0.01091
28	0.01246	0.00935	0.01402	0.01402	0.01558	0.01090	0.01090	0.01558	0.01402	0.02025	0.02336	0.03427	0.02181	0.06542	0.65888	0.01402	0.02336	0.00935	0.00467	0.00779
29	0.01387	0.00998	0.01380	0.01570	0.01776	0.00991	0.01369	0.01780	0.02007	0.02598	0.04829	0.09767	0.07938	0.02400	0.01196	0.00396	0.00785	0.55231	0.00804	0.00800
30	0.01031	0.00884	0.00884	0.00884	0.01178	0.00736	0.00663	0.01252	0.01988	0.02356	0.08837	0.08395	0.63549	0.02209	0.01031	0.00295	0.00442	0.01841	0.00810	0.00736
31	0.01098	0.00875	0.00917	0.00912	0.01134	0.00767	0.00642	0.01280	0.01853	0.02275	0.10808	0.07664	0.46320	0.17550	0.01811	0.00419	0.00532	0.01694	0.00755	0.00694
32	0.03272	0.03765	0.02505	0.02192	0.02699	0.51391	0.01679	0.16647	0.02845	0.02904	0.01519	0.01692	0.01206	0.00933	0.00806	0.00233	0.01433	0.00613	0.00546	0.01119
33	0.01246	0.00935	0.01402	0.01402	0.01558	0.01090	0.01090	0.01558	0.01402	0.02025	0.02336	0.03427	0.02181	0.06542	0.65888	0.01402	0.02336	0.00935	0.00467	0.00779
34	0.01750	0.04512	0.64825	0.02486	0.03775	0.02026	0.03223	0.02762	0.01842	0.02762	0.01565	0.01842	0.01105	0.00829	0.00829	0.00276	0.01289	0.00645	0.00368	0.01289
35	0.03258	0.04157	0.02472	0.02247	0.02697	0.65843	0.01685	0.03483	0.02472	0.02135	0.01348	0.01573	0.01124	0.00899	0.00787	0.00225	0.01573	0.00562	0.00449	0.01011
36	0.75506	0.01687	0.01282	0.01147	0.01687	0.01957	0.00945	0.02564	0.01484	0.03914	0.01215	0.01417	0.00945	0.00810	0.00540	0.00270	0.00675	0.00472	0.00540	0.00945
37	0.01130	0.00878	0.01037	0.01087	0.01305	0.00785	0.00824	0.01402	0.02032	0.02605	0.18924	0.19478	0.33316	0.02245	0.01069	0.00316	0.00496	0.09471	0.00840	0.00758
38	0.02569	0.02056	0.02664	0.29066	0.07193	0.02357	0.02025	0.33796	0.03022	0.04015	0.01847	0.02193	0.01346	0.00961	0.00872	0.00274	0.01047	0.00781	0.00650	0.01266
39	0.02170	0.01874	0.01972	0.01775	0.02268	0.02170	0.01381	0.04635	0.62327	0.03649	0.03550	0.03254	0.02663	0.01183	0.00888	0.00296	0.00690	0.00986	0.00888	0.01381
