[name]
unknown

[dist]
# distance from previous block
# <min> <max>
0	21

[block]
# block no. 0 follows, 22 sequences, length 84
# corresponding to MSA columns:
# 21-104
name=unknown_A
#
# <colnr> <probs for GDERKNQSTAVLIFYWHMCP>
#	G	D	E	R	K	N	Q	S	T	A	V	L	I	F	Y	W	H	M	C	P
0	0.01090	0.00844	0.00996	0.00982	0.01208	0.00750	0.00740	0.01390	0.02096	0.02763	0.34970	0.10321	0.32542	0.01945	0.00992	0.00278	0.00424	0.04086	0.00839	0.00742
1	0.02060	0.51908	0.22342	0.01695	0.02556	0.02894	0.01898	0.02529	0.01707	0.02150	0.01252	0.01455	0.01062	0.00733	0.00607	0.00202	0.00987	0.00493	0.00354	0.01113
2	0.03107	0.03848	0.02364	0.02125	0.02569	0.63044	0.01603	0.07378	0.02460	0.02252	0.01333	0.01532	0.01093	0.00866	0.00755	0.00216	0.01458	0.00550	0.00456	0.00994
3	0.01836	0.13360	0.53875	0.02225	0.03330	0.06404	0.02750	0.02656	0.01784	0.02500	0.01432	0.01680	0.01055	0.00783	0.00752	0.00248	0.01199	0.00586	0.00356	0.01189
4	0.01983	0.05387	0.03330	0.05445	0.14780	0.09372	0.20566	0.02423	0.01817	0.02409	0.04873	0.02280	0.01607	0.01302	0.05763	0.00348	0.14013	0.00825	0.00432	0.01046
5	0.01092	0.00787	0.00910	0.00972	0.01053	0.00739	0.00620	0.01188	0.01493	0.01924	0.04612	0.26994	0.18434	0.32632	0.02442	0.00531	0.00611	0.01709	0.00653	0.00605
6	0.02269	0.01772	0.02175	0.17505	0.03084	0.02000	0.01668	0.28684	0.10110	0.03712	0.02548	0.03743	0.02189	0.01249	0.00900	0.00288	0.00897	0.13348	0.00710	0.01149
7	0.08020	0.01597	0.05944	0.01308	0.01851	0.01376	0.01114	0.13255	0.02094	0.03286	0.02145	0.08872	0.01859	0.00991	0.00695	0.00205	0.00648	0.00796	0.18160	0.25785
8	0.02982	0.02813	0.02361	0.02051	0.05083	0.26535	0.01561	0.34076	0.03098	0.03795	0.01761	0.01888	0.01330	0.00932	0.00783	0.00232	0.01098	0.00670	0.05751	0.01198
9	0.01005	0.00753	0.00933	0.01078	0.01184	0.00681	0.00736	0.01166	0.01666	0.02152	0.05536	0.54726	0.20413	0.02478	0.01041	0.00323	0.00467	0.02210	0.00771	0.00681
10	0.02239	0.02464	0.02740	0.25462	0.24684	0.23611	0.02156	0.02661	0.01968	0.02291	0.01442	0.01925	0.01165	0.00809	0.00801	0.00246	0.01197	0.00672	0.00403	0.01067
11	0.01946	0.01934	0.06754	0.25076	0.20403	0.01994	0.02109	0.07020	0.18468	0.02885	0.02042	0.02362	0.01560	0.00894	0.00830	0.00267	0.00950	0.00785	0.00537	0.01185
12	0.01142	0.00784	0.00954	0.01018	0.01044	0.00778	0.00629	0.01210	0.01343	0.01801	0.03240	0.26746	0.03775	0.43825	0.07496	0.00687	0.00795	0.01568	0.00588	0.00576
13	0.01666	0.04297	0.66500	0.02368	0.03596	0.01929	0.03069	0.02631	0.01754	0.02631	0.01491	0.01754	0.01052	0.00789	0.00789	0.00263	0.01228	0.00614	0.00351	0.01228
14	0.01710	0.07542	0.60109	0.02381	0.03562	0.02006	0.06157	0.02625	0.01762	0.02599	0.01484	0.01759	0.01064	0.00781	0.00787	0.00260	0.01220	0.00625	0.00355	0.01214
15	0.01187	0.00890	0.01335	0.01335	0.01483	0.01038	0.01038	0.01483	0.01335	0.01928	0.02225	0.03264	0.02077	0.06231	0.67512	0.01335	0.02225	0.00890	0.00445	0.00742
16	0.00982	0.00842	0.00842	0.00842	0.01122	0.00701	0.00631	0.01192	0.01894	0.02244	0.08416	0.07995	0.65285	0.02104	0.00982	0.00281	0.00421	0.01753	0.00771	0.00701
17	0.02499	0.06648	0.03019	0.02487	0.05435	0.33973	0.12956	0.02810	0.01973	0.02166	0.01317	0.01725	0.01120	0.00955	0.01247	0.00261	0.17336	0.00666	0.00407	0.01000
18	0.07328	0.02619	0.17073	0.01790	0.02438	0.10749	0.01697	0.20423	0.05862	0.03545	0.12847	0.02853	0.05057	0.01086	0.00821	0.00253	0.00925	0.00848	0.00655	0.01131
19	0.01549	0.00774	0.00774	0.00774	0.00968	0.00774	0.00581	0.01936	0.01742	0.03097	0.02710	0.03097	0.02129	0.00968	0.00581	0.00194	0.00387	0.00774	0.75416	0.00774
20	0.01208	0.00805	0.00906	0.00906	0.00906	0.00805	0.00503	0.01208	0.01208	0.01611	0.02618	0.05436	0.03020	0.70804	0.04228	0.00805	0.00805	0.01208	0.00503	0.00503
21	0.02805	0.19909	0.02953	0.01834	0.02431	0.09698	0.01562	0.36219	0.02963	0.03797	0.01632	0.01759	0.01262	0.00947	0.00902	0.00237	0.06578	0.00647	0.00629	0.01236
22	0.01692	0.01648	0.01262	0.01206	0.01404	0.18480	0.00834	0.01837	0.01726	0.02019	0.03634	0.04759	0.17028	0.29172	0.02180	0.00464	0.00858	0.01114	0.07985	0.00699
23	0.01012	0.00723	0.00964	0.01157	0.01205	0.00675	0.00771	0.01157	0.01591	0.02121	0.04579	0.70262	0.05495	0.02603	0.01060	0.00337	0.00482	0.02362	0.00771	0.00675
24	0.01723	0.01477	0.01723	0.01230	0.01969	0.01107	0.00984	0.02092	0.01723	0.02707	0.01477	0.01723	0.01230	0.00615	0.00615	0.00123	0.00615	0.00492	0.00492	0.75883
25	0.01194	0.00862	0.01191	0.01191	0.01290	0.00960	0.00859	0.01391	0.01293	0.01822	0.02357	0.03991	0.02393	0.27862	0.46313	0.01158	0.01750	0.00997	0.00465	0.00662
26	0.02512	0.03158	0.07418	0.03063	0.14757	0.33719	0.18074	0.02956	0.02125	0.02365	0.01454	0.01815	0.01165	0.00789	0.00827	0.00241	0.01360	0.00696	0.00418	0.01087
27	0.01758	0.03752	0.51684	0.03009	0.18153	0.01940	0.02947	0.02612	0.01786	0.02650	0.01508	0.01825	0.01114	0.00778	0.00797	0.00259	0.01171	0.00644	0.00365	0.01248
28	0.01005	0.00751	0.00935	0.01083	0.01185	0.00681	0.00738	0.01165	0.01662	0.02150	0.05479	0.55648	0.19528	0.02486	0.01042	0.00324	0.00468	0.02219	0.00771	0.00681
29	0.01887	0.01725	0.02608	0.03600	0.40096	0.01772	0.01936	0.02732	0.15375	0.02836	0.06796	0.03119	0.06296	0.04400	0.01015	0.00285	0.00829	0.00924	0.00568	0.01199
30	0.01294	0.00949	0.01076	0.01001	0.01288	0.00854	0.00763	0.04726	0.02186	0.05753	0.28141	0.06798	0.38427	0.01850	0.00966	0.00271	0.00450	0.01568	0.00838	0.00802
31	0.02160	0.55095	0.04482	0.01910	0.02651	0.03009	0.15782	0.02528	0.01752	0.02120	0.01278	0.01546	0.01112	0.00708	0.00638	0.00202	0.01009	0.00570	0.00371	0.01079
32	0.02985	0.09075	0.02598	0.02197	0.05897	0.46721	0.01636	0.14209	0.02562	0.02655	0.01420	0.01606	0.01146	0.00864	0.00750	0.00219	0.01313	0.00578	0.00496	0.01073
33	0.01850	0.10181	0.39433	0.03178	0.23982	0.02079	0.02734	0.02590	0.01793	0.02591	0.01481	0.01812	0.01141	0.00765	0.00775	0.00249	0.01114	0.00639	0.00371	0.01241
34	0.02177	0.02894	0.18022	0.07782	0.27126	0.14099	0.07355	0.05887	0.02042	0.02659	0.01521	0.01904	0.01196	0.00789	0.00815	0.00249	0.01176	0.00693	0.00420	0.01193
35	0.01833	0.01740	0.02860	0.07502	0.50705	0.01732	0.02183	0.02277	0.01880	0.02598	0.02825	0.03161	0.13125	0.00997	0.00852	0.00254	0.00888	0.00927	0.00476	0.01183
36	0.01157	0.00808	0.00897	0.00908	0.00961	0.00780	0.00541	0.01202	0.01353	0.01753	0.03774	0.09353	0.14450	0.54707	0.03471	0.00685	0.00718	0.01368	0.00566	0.00548
37	0.01613	0.01476	0.02382	0.02136	0.07493	0.01435	0.17416	0.07675	0.06094	0.02722	0.04125	0.21461	0.17229	0.01583	0.00966	0.00290	0.00805	0.01477	0.00659	0.00963
38	0.01014	0.00837	0.00890	0.00888	0.01145	0.00713	0.00662	0.01250	0.01953	0.02412	0.17278	0.10553	0.53410	0.02062	0.00985	0.00280	0.00419	0.01741	0.00794	0.00713
39	0.01807	0.03385	0.40378	0.03139	0.15232	0.01978	0.16947	0.02623	0.01828	0.02653	0.01549	0.01924	0.01150	0.00759	0.00840	0.00264	0.01224	0.00723	0.00378	0.01219
40	0.17263	0.02426	0.02524	0.12096	0.03048	0.20638	0.10173	0.08424	0.02054	0.05152	0.01467	0.01807	0.01140	0.00889	0.00943	0.00260	0.07524	0.00661	0.00490	0.01021
41	0.01106	0.00769	0.00965	0.01065	0.01100	0.00754	0.00678	0.01200	0.01414	0.01895	0.03602	0.38724	0.04232	0.31223	0.06910	0.00600	0.00735	0.01781	0.00638	0.00608
42	0.01486	0.00780	0.00799	0.00799	0.00956	0.00780	0.00566	0.01801	0.01643	0.02823	0.02693	0.03529	0.02294	0.13872	0.01255	0.00307	0.00464	0.00854	0.61574	0.00724
43	0.02165	0.63205	0.07527	0.01521	0.02213	0.03167	0.01535	0.02463	0.01664	0.01993	0.01169	0.01387	0.01067	0.00764	0.00690	0.00194	0.05384	0.00472	0.00356	0.01064
44	0.01201	0.00816	0.00954	0.00939	0.00985	0.00800	0.00569	0.01292	0.01476	0.02015	0.17302	0.05617	0.04151	0.54585	0.03466	0.00678	0.00708	0.01277	0.00600	0.00569
45	0.01162	0.00786	0.00920	0.00965	0.00976	0.00775	0.00566	0.01196	0.01298	0.01730	0.03078	0.20651	0.03601	0.54797	0.03485	0.00696	0.00729	0.01479	0.00566	0.00544
46	0.01176	0.00849	0.01110	0.01045	0.01241	0.00784	0.00784	0.01568	0.02352	0.03331	0.65184	0.06206	0.07839	0.01698	0.00980	0.00261	0.00392	0.01502	0.00914	0.00784
47	0.01208	0.00805	0.00906	0.00906	0.00906	0.00805	0.00503	0.01208	0.01208	0.01611	0.02618	0.05436	0.03020	0.70804	0.04228	0.00805	0.00805	0.01208	0.00503	0.00503
48	0.01637	0.01610	0.01574	0.01524	0.01738	0.16630	0.01171	0.01914	0.01574	0.01953	0.02004	0.02849	0.01841	0.04969	0.51843	0.01072	0.02055	0.00807	0.00441	0.00794
49	0.05430	0.10766	0.05645	0.02352	0.02942	0.40161	0.15933	0.03014	0.02131	0.02259	0.01367	0.01659	0.01107	0.00798	0.00773	0.00229	0.01367	0.00630	0.00419	0.01019
50	0.01549	0.00774	0.00774	0.00774	0.00968	0.00774	0.00581	0.01936	0.01742	0.03097	0.02710	0.03097	0.02129	0.00968	0.00581	0.00194	0.00387	0.00774	0.75416	0.00774
51	0.02053	0.51007	0.23178	0.01708	0.02575	0.02876	0.01921	0.02531	0.01708	0.02159	0.01257	0.01460	0.01062	0.00735	0.00611	0.00204	0.00991	0.00496	0.00354	0.01115
52	0.01899	0.01803	0.03054	0.36029	0.08655	0.02008	0.16305	0.08511	0.08170	0.02730	0.01770	0.02277	0.01329	0.00840	0.00867	0.00273	0.01105	0.00816	0.00477	0.01082
53	0.01057	0.00805	0.00972	0.01014	0.01189	0.00720	0.00729	0.01306	0.01946	0.02566	0.26087	0.28087	0.26247	0.02134	0.01007	0.00293	0.00431	0.01872	0.00819	0.00720
54	0.00982	0.00842	0.00842	0.00842	0.01122	0.00701	0.00631	0.01192	0.01894	0.02244	0.08416	0.07995	0.65285	0.02104	0.00982	0.00281	0.00421	0.01753	0.00771	0.00701
55	0.01549	0.00774	0.00774	0.00774	0.00968	0.00774	0.00581	0.01936	0.01742	0.03097	0.02710	0.03097	0.02129	0.00968	0.00581	0.00194	0.00387	0.00774	0.75416	0.00774
56	0.02628	0.02253	0.13949	0.01766	0.02461	0.01879	0.01634	0.20652	0.14451	0.18136	0.02470	0.02523	0.01786	0.04689	0.00997	0.00283	0.00854	0.00792	0.00756	0.05040
57	0.01206	0.00985	0.01088	0.01099	0.01346	0.00953	0.00807	0.01809	0.13349	0.02528	0.11123	0.23478	0.33102	0.02023	0.00977	0.00294	0.00478	0.01744	0.00797	0.00814
58	0.00992	0.00842	0.00856	0.00852	0.01128	0.00706	0.00639	0.01212	0.01918	0.02302	0.11444	0.07900	0.62221	0.02082	0.00982	0.00279	0.00419	0.01740	0.00779	0.00706
59	0.01666	0.04297	0.66500	0.02368	0.03596	0.01929	0.03069	0.02631	0.01754	0.02631	0.01491	0.01754	0.01052	0.00789	0.00789	0.00263	0.01228	0.00614	0.00351	0.01228
60	0.02223	0.02499	0.07489	0.04366	0.49741	0.14073	0.02410	0.02697	0.01968	0.02583	0.01506	0.01932	0.01253	0.00765	0.00807	0.00242	0.01098	0.00694	0.00410	0.01245
61	0.01998	0.02771	0.18414	0.03166	0.14938	0.08605	0.20906	0.02583	0.01819	0.02486	0.01472	0.01945	0.01173	0.00875	0.01187	0.00278	0.13100	0.00762	0.00393	0.01129
62	0.01549	0.00774	0.00774	0.00774	0.00968	0.00774	0.00581	0.01936	0.01742	0.03097	0.02710	0.03097	0.02129	0.00968	0.00581	0.00194	0.00387	0.00774	0.75416	0.00774
63	0.02237	0.02573	0.08138	0.03835	0.39414	0.17300	0.02249	0.02797	0.05287	0.02577	0.01719	0.02294	0.01462	0.00864	0.00819	0.00249	0.01099	0.03438	0.00450	0.01200
64	0.05846	0.13369	0.19719	0.02029	0.06794	0.21428	0.01841	0.02562	0.01938	0.02349	0.02508	0.02643	0.11653	0.01010	0.00759	0.00237	0.01079	0.00753	0.00456	0.01028
65	0.02056	0.01974	0.03372	0.05099	0.65622	0.01974	0.02550	0.02550	0.01892	0.02714	0.01563	0.02056	0.01316	0.00740	0.00822	0.00247	0.00987	0.00740	0.00411	0.01316
66	0.02066	0.01785	0.01878	0.01691	0.02160	0.02066	0.01315	0.04414	0.64121	0.03475	0.03381	0.03099	0.02536	0.01127	0.00845	0.00282	0.00657	0.00939	0.00845	0.01315
67	0.01270	0.01069	0.01513	0.01973	0.16304	0.01002	0.01149	0.01550	0.01855	0.02462	0.13293	0.26968	0.22631	0.01894	0.00970	0.00289	0.00570	0.01683	0.00706	0.00848
68	0.01944	0.13960	0.02237	0.01491	0.01891	0.01651	0.06823	0.05511	0.04360	0.09571	0.05135	0.13659	0.05389	0.01285	0.00917	0.00253	0.05362	0.01069	0.16514	0.00975
69	0.01208	0.00805	0.00906	0.00906	0.00906	0.00805	0.00503	0.01208	0.01208	0.01611	0.02618	0.05436	0.03020	0.70804	0.04228	0.00805	0.00805	0.01208	0.00503	0.00503
70	0.01199	0.00801	0.00909	0.00918	0.00921	0.00799	0.00516	0.01206	0.01227	0.01636	0.02713	0.08602	0.03141	0.67474	0.04074	0.00783	0.00790	0.01264	0.00516	0.00512
71	0.02273	0.05801	0.23275	0.02639	0.06274	0.09742	0.18591	0.15685	0.02347	0.03109	0.01617	0.01905	0.01201	0.00812	0.00837	0.00255	0.01214	0.00732	0.00485	0.01206
72	0.02220	0.25455	0.18141	0.02226	0.08875	0.15999	0.01977	0.02799	0.06092	0.02312	0.01449	0.01690	0.01190	0.00839	0.00832	0.00231	0.05566	0.00585	0.00409	0.01114
73	0.01027	0.00735	0.00978	0.01146	0.01208	0.00685	0.00772	0.01195	0.01662	0.02234	0.10259	0.64258	0.05714	0.02518	0.01053	0.00330	0.00474	0.02281	0.00785	0.00685
74	0.05703	0.12175	0.37264	0.01750	0.02596	0.01801	0.02073	0.02417	0.01724	0.02723	0.01752	0.02033	0.01332	0.00825	0.00685	0.00233	0.00928	0.00625	0.20293	0.01068
75	0.01567	0.02048	0.18644	0.01537	0.02110	0.01441	0.01510	0.07269	0.13553	0.02940	0.11582	0.08976	0.20513	0.01470	0.00898	0.00275	0.00720	0.01230	0.00695	0.01021
76	0.01917	0.01832	0.03121	0.23241	0.48564	0.01937	0.02481	0.02428	0.01826	0.02546	0.01538	0.02101	0.01257	0.00766	0.00825	0.00255	0.01021	0.00740	0.00399	0.01204
77	0.00982	0.00842	0.00842	0.00842	0.01122	0.00701	0.00631	0.01192	0.01894	0.02244	0.08416	0.07995	0.65285	0.02104	0.00982	0.00281	0.00421	0.01753	0.00771	0.00701
78	0.02422	0.21359	0.10768	0.02756	0.19187	0.25389	0.01979	0.02813	0.01984	0.02263	0.01348	0.01632	0.01132	0.00779	0.00716	0.00219	0.01169	0.00574	0.00395	0.01115
79	0.03106	0.03872	0.02362	0.02128	0.02569	0.64008	0.01604	0.06493	0.02437	0.02204	0.01322	0.01525	0.01088	0.00864	0.00753	0.00216	0.01467	0.00546	0.00450	0.00987
80	0.02346	0.08589	0.14458	0.03027	0.17228	0.24760	0.12670	0.02844	0.02023	0.02395	0.01442	0.01785	0.01155	0.00780	0.00796	0.00239	0.01270	0.00665	0.00404	0.01125
81	0.01531	0.03162	0.44893	0.01989	0.02863	0.01617	0.02367	0.02281	0.01642	0.02475	0.01766	0.02243	0.01395	0.02246	0.18493	0.00543	0.01438	0.00698	0.05290	0.01069
82	0.01208	0.00805	0.00906	0.00906	0.00906	0.00805	0.00503	0.01208	0.01208	0.01611	0.02618	0.05436	0.03020	0.70804	0.04228	0.00805	0.00805	0.01208	0.00503	0.00503
83	0.02051	0.01987	0.03447	0.05021	0.62630	0.01980	0.05482	0.02555	0.01895	0.02711	0.01568	0.02065	0.01313	0.00738	0.00830	0.00248	0.01007	0.00752	0.00412	0.01306

[dist]
# distance from previous block
# <min> <max>
1	27

[block]
# block no. 1 follows, 22 sequences, length 104
# corresponding to MSA columns:
# 132-235
name=unknown_B
#
# <colnr> <probs for GDERKNQSTAVLIFYWHMCP>
#	G	D	E	R	K	N	Q	S	T	A	V	L	I	F	Y	W	H	M	C	P
0	0.30837	0.02227	0.17293	0.01561	0.02274	0.01725	0.01552	0.06161	0.04258	0.18950	0.04360	0.02100	0.01579	0.00900	0.00707	0.00259	0.00806	0.00660	0.00646	0.01145
1	0.05192	0.15349	0.50236	0.02142	0.03196	0.02182	0.02638	0.02570	0.01706	0.02539	0.01401	0.01667	0.01049	0.00804	0.00819	0.00253	0.04142	0.00583	0.00360	0.01171
2	0.01901	0.19433	0.24485	0.02238	0.07323	0.02438	0.02157	0.02558	0.06476	0.02368	0.01454	0.01797	0.01201	0.00973	0.01259	0.00270	0.19518	0.00638	0.00398	0.01116
3	0.01208	0.00805	0.00906	0.00906	0.00906	0.00805	0.00503	0.01208	0.01208	0.01611	0.02618	0.05436	0.03020	0.70804	0.04228	0.00805	0.00805	0.01208	0.00503	0.00503
4	0.01012	0.00723	0.00964	0.01157	0.01205	0.00675	0.00771	0.01157	0.01591	0.02121	0.04579	0.70262	0.05495	0.02603	0.01060	0.00337	0.00482	0.02362	0.00771	0.00675
5	0.02336	0.02524	0.03038	0.07176	0.44683	0.20857	0.02266	0.02751	0.02014	0.02490	0.01478	0.01902	0.01235	0.00778	0.00802	0.00239	0.01140	0.00681	0.00414	0.01196
6	0.01344	0.01130	0.01576	0.01509	0.01570	0.01396	0.01158	0.01535	0.01363	0.01962	0.02484	0.19277	0.02700	0.10990	0.24166	0.00731	0.22620	0.01231	0.00505	0.00751
7	0.01202	0.00829	0.01028	0.01028	0.01070	0.00871	0.00655	0.01286	0.01244	0.01701	0.02506	0.04821	0.02753	0.52523	0.22145	0.00955	0.01207	0.01118	0.00487	0.00571
8	0.01274	0.00952	0.01195	0.01116	0.01343	0.00926	0.00843	0.01882	0.09174	0.03347	0.58358	0.05862	0.07253	0.01635	0.00965	0.00264	0.00421	0.01440	0.00907	0.00843
9	0.05616	0.05453	0.10732	0.02114	0.04899	0.05592	0.05089	0.16952	0.02143	0.03060	0.01578	0.01975	0.01282	0.01344	0.05175	0.00340	0.20404	0.00708	0.04451	0.01092
10	0.01262	0.01085	0.01109	0.01061	0.01390	0.01054	0.00808	0.02024	0.17956	0.02562	0.07116	0.06731	0.49088	0.01852	0.00947	0.00281	0.00482	0.01543	0.00791	0.00860
11	0.01443	0.00722	0.01082	0.01082	0.01082	0.00722	0.00722	0.01082	0.01082	0.01443	0.01443	0.02525	0.01443	0.02886	0.03247	0.75830	0.00722	0.00722	0.00361	0.00361
12	0.02903	0.11203	0.02675	0.02351	0.08707	0.53953	0.01678	0.03150	0.02235	0.02091	0.01297	0.01535	0.01094	0.00829	0.00732	0.00213	0.01381	0.00545	0.00418	0.01009
13	0.03103	0.03959	0.02354	0.02140	0.02568	0.67469	0.01605	0.03317	0.02354	0.02033	0.01284	0.01498	0.01070	0.00856	0.00749	0.00214	0.01498	0.00535	0.00428	0.00963
14	0.01208	0.00805	0.00906	0.00906	0.00906	0.00805	0.00503	0.01208	0.01208	0.01611	0.02618	0.05436	0.03020	0.70804	0.04228	0.00805	0.00805	0.01208	0.00503	0.00503
15	0.02716	0.02027	0.02196	0.01774	0.02325	0.02235	0.01429	0.47167	0.10210	0.04575	0.02534	0.12331	0.02148	0.01252	0.00867	0.00266	0.00821	0.01011	0.00824	0.01292
16	0.02205	0.01623	0.01809	0.01560	0.01964	0.01735	0.01213	0.35509	0.02896	0.03862	0.03350	0.28849	0.06489	0.01682	0.00928	0.00285	0.00719	0.01430	0.00805	0.01087
17	0.01176	0.00849	0.01110	0.01045	0.01241	0.00784	0.00784	0.01568	0.02352	0.03331	0.65184	0.06206	0.07839	0.01698	0.00980	0.00261	0.00392	0.01502	0.00914	0.00784
18	0.01039	0.00815	0.00941	0.00970	0.01173	0.00716	0.00704	0.01281	0.01938	0.02495	0.22140	0.22613	0.35977	0.02120	0.01000	0.00289	0.00428	0.01836	0.00808	0.00716
19	0.01247	0.01071	0.01107	0.01063	0.01298	0.05671	0.00793	0.01556	0.02169	0.02826	0.39177	0.09134	0.26218	0.01808	0.00967	0.00267	0.00487	0.01550	0.00825	0.00765
20	0.01818	0.01818	0.02545	0.02181	0.02181	0.02545	0.01818	0.01999	0.01272	0.01999	0.01091	0.01818	0.01091	0.01454	0.02726	0.00364	0.69284	0.00727	0.00364	0.00909
21	0.01001	0.00765	0.00921	0.01046	0.01176	0.00684	0.00722	0.01169	0.01697	0.02164	0.05932	0.48305	0.26578	0.02427	0.01033	0.00317	0.00460	0.02147	0.00771	0.00684
22	0.02368	0.20846	0.27855	0.01938	0.02832	0.02430	0.02098	0.20434	0.02408	0.06895	0.01656	0.01778	0.01220	0.00844	0.00738	0.00237	0.01018	0.00622	0.00533	0.01251
23	0.02151	0.62828	0.12215	0.01541	0.02317	0.03115	0.01630	0.02506	0.01696	0.02040	0.01197	0.01386	0.01064	0.00721	0.00565	0.00188	0.00931	0.00466	0.00355	0.01087
24	0.01038	0.00788	0.00957	0.01032	0.01186	0.00707	0.00729	0.01257	0.01853	0.02424	0.18991	0.36397	0.25142	0.02246	0.01018	0.00303	0.00443	0.01980	0.00802	0.00707
25	0.01063	0.00744	0.00949	0.01092	0.01128	0.00708	0.00702	0.01170	0.01492	0.01989	0.04073	0.53529	0.04856	0.20207	0.01878	0.00458	0.00565	0.02064	0.00702	0.00631
26	0.01950	0.02437	0.15246	0.04110	0.39148	0.02029	0.12705	0.02543	0.01832	0.02637	0.01534	0.02014	0.01241	0.00795	0.00983	0.00264	0.06139	0.00756	0.00398	0.01237
27	0.03214	0.02237	0.02438	0.01869	0.02532	0.02443	0.01544	0.57082	0.03756	0.11218	0.02120	0.02076	0.01476	0.01000	0.00831	0.00250	0.00894	0.00757	0.00850	0.01413
28	0.01208	0.00805	0.00906	0.00906	0.00906	0.00805	0.00503	0.01208	0.01208	0.01611	0.02618	0.05436	0.03020	0.70804	0.04228	0.00805	0.00805	0.01208	0.00503	0.00503
29	0.02170	0.02137	0.02148	0.16238	0.09215	0.17252	0.01608	0.14890	0.02373	0.02840	0.03228	0.03383	0.16726	0.01171	0.00847	0.00254	0.00981	0.00938	0.00581	0.01020
30	0.02704	0.01733	0.01984	0.01655	0.02177	0.01841	0.01332	0.24132	0.18743	0.19089	0.03048	0.09584	0.02443	0.01267	0.00876	0.00275	0.00747	0.04217	0.00873	0.01280
31	0.01187	0.00890	0.01335	0.01335	0.01483	0.01038	0.01038	0.01483	0.01335	0.01928	0.02225	0.03264	0.02077	0.06231	0.67512	0.01335	0.02225	0.00890	0.00445	0.00742
32	0.02938	0.03312	0.02298	0.02025	0.02501	0.45300	0.01552	0.13736	0.13023	0.02827	0.01759	0.01853	0.01376	0.00926	0.00779	0.00231	0.01256	0.00640	0.00568	0.01100
33	0.02056	0.01974	0.03372	0.05099	0.65622	0.01974	0.02550	0.02550	0.01892	0.02714	0.01563	0.02056	0.01316	0.00740	0.00822	0.00247	0.00987	0.00740	0.00411	0.01316
34	0.01530	0.01637	0.01280	0.01212	0.01517	0.16923	0.00917	0.01740	0.01979	0.02183	0.06380	0.06162	0.47030	0.01775	0.01000	0.00268	0.03608	0.01415	0.00671	0.00773
35	0.02186	0.01507	0.01752	0.01599	0.02028	0.01623	0.01295	0.06268	0.33187	0.13988	0.06136	0.04651	0.03169	0.01411	0.00922	0.00300	0.00693	0.15247	0.00859	0.01181
36	0.01798	0.01065	0.01131	0.01034	0.01305	0.01116	0.00799	0.13138	0.02113	0.03379	0.02655	0.06572	0.02178	0.01334	0.04099	0.00271	0.00584	0.00862	0.53680	0.00885
37	0.02431	0.01631	0.01792	0.01453	0.01916	0.01739	0.01172	0.33735	0.03016	0.07504	0.13923	0.03083	0.02808	0.01121	0.00798	0.00238	0.00679	0.00898	0.18919	0.01142
38	0.03106	0.03885	0.02361	0.02130	0.02569	0.64505	0.01604	0.06036	0.02425	0.02179	0.01317	0.01521	0.01086	0.00863	0.00753	0.00216	0.01471	0.00545	0.00446	0.00984
39	0.01208	0.00805	0.00906	0.00906	0.00906	0.00805	0.00503	0.01208	0.01208	0.01611	0.02618	0.05436	0.03020	0.70804	0.04228	0.00805	0.00805	0.01208	0.00503	0.00503
40	0.01775	0.18887	0.22427	0.01654	0.02264	0.08311	0.01690	0.02193	0.01619	0.02088	0.01745	0.02688	0.01647	0.18334	0.08927	0.00488	0.01182	0.00740	0.00407	0.00934
41	0.01974	0.13345	0.06727	0.01392	0.01862	0.01804	0.01222	0.12327	0.13608	0.03191	0.02550	0.09114	0.02160	0.01106	0.00725	0.00235	0.00678	0.00889	0.24040	0.01051
42	0.01723	0.01477	0.01723	0.01230	0.01969	0.01107	0.00984	0.02092	0.01723	0.02707	0.01477	0.01723	0.01230	0.00615	0.00615	0.00123	0.00615	0.00492	0.00492	0.75883
43	0.02974	0.02236	0.02390	0.01874	0.02506	0.02490	0.01535	0.53011	0.14047	0.04939	0.02228	0.02181	0.01602	0.01019	0.00833	0.00255	0.00871	0.00780	0.00833	0.01396
44	0.01374	0.01217	0.02199	0.01860	0.02176	0.01296	0.15948	0.01769	0.01487	0.02106	0.02093	0.03016	0.01879	0.04891	0.51400	0.01080	0.02025	0.00912	0.00439	0.00833
45	0.00985	0.00830	0.00854	0.00873	0.01130	0.00699	0.00645	0.01189	0.01864	0.02232	0.08039	0.14105	0.59418	0.02153	0.00990	0.00286	0.00427	0.01813	0.00771	0.00699
46	0.01208	0.00805	0.00906	0.00906	0.00906	0.00805	0.00503	0.01208	0.01208	0.01611	0.02618	0.05436	0.03020	0.70804	0.04228	0.00805	0.00805	0.01208	0.00503	0.00503
47	0.02855	0.03451	0.02321	0.02216	0.05870	0.51863	0.01602	0.03479	0.13755	0.02336	0.01687	0.01824	0.01354	0.00900	0.00771	0.00228	0.01315	0.00621	0.00504	0.01047
48	0.01700	0.02882	0.31171	0.02311	0.03117	0.04751	0.15063	0.02488	0.05132	0.02486	0.01803	0.02285	0.01427	0.02110	0.16990	0.00525	0.01487	0.00773	0.00419	0.01080
49	0.01004	0.00754	0.00932	0.01075	0.01184	0.00682	0.00735	0.01166	0.01669	0.02153	0.05572	0.54150	0.20965	0.02474	0.01040	0.00323	0.00466	0.02204	0.00771	0.00682
50	0.01443	0.00722	0.01082	0.01082	0.01082	0.00722	0.00722	0.01082	0.01082	0.01443	0.01443	0.02525	0.01443	0.02886	0.03247	0.75830	0.00722	0.00722	0.00361	0.00361
51	0.01992	0.01912	0.03238	0.12007	0.56211	0.01985	0.02491	0.02478	0.01839	0.02617	0.01532	0.02063	0.01283	0.00782	0.00907	0.00255	0.04009	0.00739	0.00404	0.01255
52	0.02036	0.02093	0.06622	0.04958	0.62428	0.01972	0.02576	0.02554	0.01885	0.02710	0.01559	0.02041	0.01302	0.00743	0.00821	0.00248	0.00999	0.00734	0.00408	0.01311
53	0.01280	0.00860	0.01190	0.01190	0.01350	0.00970	0.00920	0.01600	0.01440	0.02230	0.02350	0.03221	0.02090	0.04872	0.50236	0.01040	0.01751	0.00860	0.19797	0.00750
54	0.01479	0.01266	0.01324	0.01248	0.01609	0.01319	0.00965	0.02648	0.29589	0.02802	0.06007	0.05874	0.34823	0.01677	0.00928	0.00285	0.00541	0.03833	0.00804	0.00977
55	0.02739	0.03353	0.02408	0.02152	0.02459	0.49088	0.01665	0.02944	0.02048	0.02024	0.01229	0.01589	0.01076	0.01025	0.01309	0.00256	0.20689	0.00589	0.00410	0.00948
56	0.05545	0.19270	0.19583	0.13205	0.03266	0.12084	0.04424	0.05357	0.05308	0.02508	0.01495	0.01778	0.01166	0.00811	0.00729	0.00239	0.01102	0.00613	0.00425	0.01092
57	0.01227	0.00838	0.01075	0.01075	0.01153	0.00900	0.00734	0.01383	0.01305	0.01865	0.02461	0.04336	0.02553	0.38070	0.30446	0.00978	0.01366	0.01040	0.06571	0.00625
58	0.01418	0.01105	0.01330	0.01235	0.01518	0.01111	0.00945	0.02266	0.17070	0.03245	0.41864	0.08067	0.05994	0.01570	0.00940	0.00268	0.00487	0.03930	0.00864	0.04772
59	0.01676	0.01684	0.01871	0.04680	0.13638	0.12005	0.01387	0.01950	0.01806	0.02249	0.03696	0.15553	0.17518	0.01788	0.04714	0.00333	0.07601	0.01237	0.00564	0.04050
60	0.01051	0.00844	0.00937	0.00914	0.01164	0.00731	0.00685	0.01326	0.02056	0.02631	0.28608	0.07358	0.44851	0.01960	0.00981	0.00274	0.00411	0.01664	0.00822	0.00731
61	0.02056	0.01974	0.03372	0.05099	0.65622	0.01974	0.02550	0.02550	0.01892	0.02714	0.01563	0.02056	0.01316	0.00740	0.00822	0.00247	0.00987	0.00740	0.00411	0.01316
62	0.02526	0.08116	0.02454	0.19225	0.03271	0.42147	0.01720	0.02832	0.02101	0.02062	0.01714	0.02026	0.04589	0.00907	0.00767	0.00231	0.01293	0.00647	0.00426	0.00946
63	0.01336	0.01020	0.01245	0.01240	0.01498	0.01009	0.01001	0.05858	0.04401	0.02742	0.16811	0.06925	0.23069	0.02423	0.08362	0.00421	0.00757	0.18303	0.00768	0.00812
64	0.01068	0.00790	0.00933	0.01022	0.01135	0.00729	0.00695	0.01209	0.01605	0.02053	0.05231	0.32904	0.22573	0.18956	0.01809	0.00436	0.00557	0.04942	0.00706	0.00646
65	0.00982	0.00842	0.00842	0.00842	0.01122	0.00701	0.00631	0.01192	0.01894	0.02244	0.08416	0.07995	0.65285	0.02104	0.00982	0.00281	0.00421	0.01753	0.00771	0.00701
66	0.02665	0.01978	0.02393	0.19701	0.03328	0.02222	0.01717	0.40714	0.03120	0.07475	0.02043	0.05237	0.01553	0.01028	0.00842	0.00261	0.00935	0.00824	0.00715	0.01248
67	0.03039	0.02212	0.02366	0.01828	0.02458	0.02443	0.01505	0.58358	0.03746	0.05078	0.02047	0.02076	0.01466	0.00995	0.00813	0.00245	0.00875	0.00750	0.06333	0.01366
68	0.02539	0.01267	0.01567	0.01307	0.01787	0.01170	0.01044	0.03136	0.11252	0.34629	0.11375	0.04492	0.18077	0.01377	0.00888	0.00267	0.00596	0.01146	0.00927	0.01157
69	0.01929	0.01141	0.01181	0.01043	0.01348	0.01200	0.00817	0.16341	0.02254	0.03603	0.02541	0.02836	0.01960	0.00975	0.00640	0.00207	0.00512	0.00768	0.57779	0.00925
70	0.02271	0.35199	0.22229	0.01875	0.02670	0.18429	0.01953	0.02731	0.01869	0.02173	0.01285	0.01497	0.01063	0.00769	0.00661	0.00212	0.01136	0.00516	0.00372	0.01089
71	0.01202	0.00885	0.01311	0.01311	0.01461	0.01027	0.01019	0.01503	0.01353	0.01979	0.02246	0.03256	0.02079	0.06002	0.64605	0.01286	0.02145	0.00885	0.03701	0.00743
72	0.01012	0.00723	0.00964	0.01157	0.01205	0.00675	0.00771	0.01157	0.01591	0.02121	0.04579	0.70262	0.05495	0.02603	0.01060	0.00337	0.00482	0.02362	0.00771	0.00675
73	0.02059	0.01928	0.03010	0.04274	0.50253	0.01996	0.02251	0.03001	0.16962	0.02898	0.02003	0.02309	0.01611	0.00834	0.00828	0.00255	0.00907	0.00788	0.00516	0.01316
74	0.01410	0.00793	0.01032	0.01032	0.01155	0.00837	0.00758	0.01549	0.01426	0.02262	0.02192	0.02978	0.01911	0.03097	0.21235	0.22878	0.01032	0.00793	0.30989	0.00642
75	0.02221	0.71304	0.04353	0.01421	0.02132	0.03287	0.01421	0.02488	0.01688	0.01955	0.01155	0.01333	0.01066	0.00711	0.00533	0.00178	0.00888	0.00444	0.00355	0.01066
76	0.02051	0.01988	0.03454	0.05014	0.62340	0.01981	0.05766	0.02556	0.01895	0.02711	0.01569	0.02066	0.01313	0.00738	0.00831	0.00249	0.01009	0.00753	0.00412	0.01305
77	0.01097	0.00889	0.00980	0.00966	0.01219	0.00799	0.00720	0.01473	0.05583	0.02587	0.22495	0.11844	0.42423	0.01980	0.00979	0.00280	0.00432	0.01686	0.00813	0.00756
78	0.01197	0.00849	0.01125	0.01125	0.01201	0.00925	0.00777	0.01349	0.01273	0.01773	0.02417	0.04326	0.02538	0.37794	0.36579	0.01076	0.01531	0.01046	0.00474	0.00625
79	0.01549	0.00774	0.00774	0.00774	0.00968	0.00774	0.00581	0.01936	0.01742	0.03097	0.02710	0.03097	0.02129	0.00968	0.00581	0.00194	0.00387	0.00774	0.75416	0.00774
80	0.01666	0.04297	0.66500	0.02368	0.03596	0.01929	0.03069	0.02631	0.01754	0.02631	0.01491	0.01754	0.01052	0.00789	0.00789	0.00263	0.01228	0.00614	0.00351	0.01228
81	0.02070	0.01860	0.02473	0.08176	0.10090	0.02068	0.08329	0.06997	0.41284	0.03275	0.02740	0.02746	0.02067	0.01002	0.00856	0.00275	0.00831	0.00893	0.00706	0.01265
82	0.01961	0.01931	0.02766	0.03861	0.43125	0.08981	0.02079	0.02376	0.01808	0.02449	0.01692	0.02287	0.01473	0.02083	0.16965	0.00507	0.01343	0.00754	0.00421	0.01138
83	0.01191	0.00808	0.00901	0.00901	0.00922	0.00798	0.00513	0.01207	0.01259	0.01658	0.03045	0.05625	0.07614	0.65736	0.03989	0.00767	0.00777	0.01248	0.00523	0.00518
84	0.01187	0.00890	0.01335	0.01335	0.01483	0.01038	0.01038	0.01483	0.01335	0.01928	0.02225	0.03264	0.02077	0.06231	0.67512	0.01335	0.02225	0.00890	0.00445	0.00742
85	0.01863	0.02944	0.26344	0.03197	0.07619	0.02034	0.38327	0.02644	0.01884	0.02654	0.01608	0.02060	0.01191	0.00734	0.00904	0.00272	0.01316	0.00838	0.00395	0.01169
86	0.01187	0.00890	0.01335	0.01335	0.01483	0.01038	0.01038	0.01483	0.01335	0.01928	0.02225	0.03264	0.02077	0.06231	0.67512	0.01335	0.02225	0.00890	0.00445	0.00742
87	0.01073	0.00829	0.00979	0.00975	0.01187	0.00735	0.00719	0.01357	0.02060	0.02719	0.33543	0.15376	0.31484	0.01986	0.00991	0.00279	0.00416	0.01720	0.00836	0.00735
88	0.01667	0.00889	0.00901	0.00858	0.01087	0.00907	0.00654	0.06430	0.01902	0.03255	0.02657	0.03016	0.02076	0.00970	0.00599	0.00198	0.00426	0.00772	0.69914	0.00821
89	0.01265	0.00906	0.01244	0.01373	0.01550	0.00885	0.01144	0.01624	0.01985	0.02652	0.19138	0.15067	0.05597	0.02183	0.01098	0.00348	0.00645	0.39736	0.00802	0.00760
90	0.03035	0.09205	0.02510	0.02084	0.02534	0.62470	0.01591	0.03253	0.02302	0.02027	0.01274	0.01485	0.01070	0.00845	0.00732	0.00211	0.01451	0.00528	0.00422	0.00971
91	0.01107	0.00878	0.01015	0.01070	0.01316	0.00786	0.00861	0.01384	0.01933	0.02399	0.11360	0.08289	0.42314	0.02133	0.01033	0.00311	0.00525	0.19778	0.00780	0.00727
92	0.01647	0.01435	0.01715	0.01559	0.01749	0.08001	0.03873	0.01959	0.01626	0.02362	0.04897	0.03141	0.02137	0.02710	0.20909	0.00587	0.16256	0.03990	0.18619	0.00828
93	0.02505	0.27927	0.06686	0.02101	0.07080	0.25683	0.01708	0.06231	0.02029	0.02269	0.01291	0.01553	0.01108	0.00858	0.00877	0.00223	0.07843	0.00553	0.00413	0.01062
94	0.02254	0.37316	0.10412	0.02520	0.17729	0.12437	0.01897	0.02642	0.01844	0.02222	0.01309	0.01577	0.01126	0.00748	0.00663	0.00209	0.01040	0.00548	0.00379	0.01128
95	0.02306	0.09622	0.20385	0.01737	0.02435	0.01746	0.01761	0.09355	0.02044	0.19085	0.02150	0.02379	0.01601	0.02183	0.16937	0.00511	0.01264	0.00735	0.00602	0.01161
96	0.08141	0.01968	0.01868	0.01614	0.02072	0.13194	0.01258	0.16504	0.07976	0.17217	0.02768	0.16756	0.02431	0.01318	0.00845	0.00267	0.00836	0.01070	0.00769	0.01129
97	0.05691	0.09047	0.16726	0.06747	0.02755	0.05854	0.01793	0.12084	0.16641	0.08066	0.02382	0.02415	0.04286	0.00973	0.00784	0.00255	0.00921	0.00757	0.00622	0.01199
98	0.14638	0.04948	0.02414	0.02828	0.26560	0.05530	0.04023	0.04860	0.01924	0.02932	0.08183	0.02714	0.05317	0.01221	0.04203	0.00301	0.00909	0.00813	0.04614	0.01066
99	0.11760	0.02451	0.05817	0.24112	0.07112	0.21233	0.07845	0.02601	0.01892	0.02430	0.01533	0.02177	0.01255	0.00875	0.00792	0.00258	0.01176	0.03270	0.00429	0.00981
100	0.01535	0.05567	0.32726	0.05461	0.02818	0.01651	0.02181	0.02174	0.01671	0.02382	0.02143	0.03473	0.01951	0.02179	0.14225	0.00500	0.04242	0.11664	0.00448	0.01009
101	0.06158	0.10634	0.02198	0.01832	0.04771	0.31405	0.01349	0.02757	0.08113	0.02349	0.05504	0.12081	0.02306	0.03907	0.00919	0.00264	0.01043	0.00914	0.00544	0.00951
102	0.01259	0.01905	0.21481	0.01447	0.01942	0.01131	0.01465	0.01707	0.01744	0.02385	0.10769	0.15681	0.18055	0.07205	0.07703	0.00425	0.00886	0.01347	0.00604	0.00860
103	0.05643	0.09154	0.02367	0.05419	0.17482	0.13848	0.01562	0.02567	0.01867	0.08684	0.01859	0.02244	0.01507	0.01669	0.11040	0.00398	0.01150	0.00695	0.09804	0.01041

[dist]
# distance from previous block
# <min> <max>
50	144

[block]
# block no. 2 follows, 22 sequences, length 51
# corresponding to MSA columns:
# 393-443
name=unknown_C
#
# <colnr> <probs for GDERKNQSTAVLIFYWHMCP>
#	G	D	E	R	K	N	Q	S	T	A	V	L	I	F	Y	W	H	M	C	P
0	0.02339	0.02533	0.02913	0.03923	0.41373	0.22605	0.02169	0.02736	0.02039	0.02483	0.01666	0.02374	0.01472	0.00882	0.00821	0.00246	0.01133	0.04684	0.00440	0.01167
1	0.01854	0.05042	0.15795	0.02277	0.14969	0.01607	0.01762	0.04757	0.08365	0.07515	0.15497	0.03488	0.08479	0.01132	0.00845	0.00253	0.00791	0.00965	0.00639	0.03967
2	0.02128	0.02021	0.06757	0.02734	0.20714	0.05091	0.04270	0.09033	0.16526	0.05779	0.02430	0.09189	0.02056	0.01067	0.00837	0.00259	0.00864	0.00938	0.03305	0.04001
3	0.02165	0.02269	0.03365	0.04084	0.40655	0.11406	0.12907	0.02644	0.01957	0.02606	0.01536	0.01982	0.01264	0.00740	0.00823	0.00238	0.01105	0.00733	0.00422	0.07098
4	0.00982	0.00842	0.00842	0.00842	0.01122	0.00701	0.00631	0.01192	0.01894	0.02244	0.08416	0.07995	0.65285	0.02104	0.00982	0.00281	0.00421	0.01753	0.00771	0.00701
5	0.02805	0.27017	0.03058	0.01869	0.02419	0.38753	0.01539	0.09071	0.02282	0.02331	0.01312	0.01491	0.01103	0.00820	0.00683	0.00205	0.01229	0.00525	0.00444	0.01044
6	0.02119	0.58986	0.15778	0.01595	0.02401	0.03038	0.01724	0.02514	0.01700	0.02079	0.01217	0.01410	0.01064	0.00725	0.00580	0.00193	0.00951	0.00475	0.00355	0.01096
7	0.02108	0.02050	0.03171	0.04611	0.56148	0.05136	0.02379	0.02776	0.08228	0.02758	0.01734	0.02135	0.01428	0.00785	0.00821	0.00249	0.00978	0.00751	0.00456	0.01299
8	0.01045	0.00748	0.00993	0.01134	0.01212	0.00697	0.00774	0.01240	0.01744	0.02365	0.16784	0.57362	0.05967	0.02421	0.01044	0.00322	0.00464	0.02189	0.00800	0.00697
9	0.01043	0.00746	0.00996	0.01165	0.01234	0.00699	0.00801	0.01222	0.01675	0.02247	0.09985	0.61497	0.05668	0.02506	0.01057	0.00333	0.00488	0.05165	0.00784	0.00689
10	0.02649	0.01882	0.01999	0.01601	0.02128	0.02070	0.01300	0.42067	0.08734	0.04532	0.02301	0.02375	0.01696	0.01001	0.00768	0.00238	0.00757	0.00772	0.19887	0.01241
11	0.02295	0.01297	0.01607	0.01455	0.01853	0.01298	0.01146	0.03170	0.19780	0.24713	0.07200	0.17409	0.03518	0.01553	0.00927	0.00295	0.00636	0.07831	0.00888	0.01129
12	0.27947	0.01652	0.01639	0.01368	0.01827	0.01821	0.01089	0.24500	0.02487	0.03998	0.13385	0.02895	0.02580	0.08131	0.01094	0.00311	0.00713	0.00831	0.00704	0.01028
13	0.01006	0.00747	0.00939	0.01093	0.01188	0.00680	0.00743	0.01164	0.01652	0.02146	0.05351	0.57722	0.17536	0.02502	0.01045	0.00326	0.00470	0.02239	0.00771	0.00680
14	0.01837	0.01770	0.03070	0.32999	0.35916	0.01925	0.05767	0.02368	0.01794	0.02451	0.01531	0.02136	0.01221	0.00778	0.00835	0.00262	0.01063	0.00753	0.00393	0.01132
15	0.00982	0.00842	0.00842	0.00842	0.01122	0.00701	0.00631	0.01192	0.01894	0.02244	0.08416	0.07995	0.65285	0.02104	0.00982	0.00281	0.00421	0.01753	0.00771	0.00701
16	0.01360	0.01111	0.01140	0.01045	0.01392	0.01051	0.00807	0.10376	0.05631	0.02749	0.07199	0.06848	0.52484	0.01888	0.00952	0.00276	0.00506	0.01561	0.00784	0.00839
17	0.02277	0.62516	0.06744	0.01525	0.02232	0.08966	0.01506	0.02568	0.01750	0.01990	0.01180	0.01365	0.01066	0.00727	0.00563	0.00184	0.00957	0.00459	0.00362	0.01064
18	0.01136	0.00891	0.01056	0.01139	0.01381	0.00811	0.00937	0.01421	0.01902	0.02349	0.06680	0.08589	0.39149	0.02186	0.01053	0.00325	0.00569	0.26927	0.00769	0.00729
19	0.01012	0.00723	0.00964	0.01157	0.01205	0.00675	0.00771	0.01157	0.01591	0.02121	0.04579	0.70262	0.05495	0.02603	0.01060	0.00337	0.00482	0.02362	0.00771	0.00675
20	0.46856	0.08608	0.08994	0.01475	0.02069	0.15210	0.01330	0.02643	0.01666	0.03106	0.01219	0.01423	0.00966	0.00785	0.00594	0.00242	0.00902	0.00485	0.00464	0.00964
21	0.01081	0.00781	0.01019	0.01183	0.01276	0.00736	0.00848	0.01267	0.01655	0.02170	0.04777	0.49833	0.10566	0.06364	0.01249	0.00367	0.00547	0.12843	0.00755	0.00684
22	0.01187	0.00890	0.01335	0.01335	0.01483	0.01038	0.01038	0.01483	0.01335	0.01928	0.02225	0.03264	0.02077	0.06231	0.67512	0.01335	0.02225	0.00890	0.00445	0.00742
23	0.01865	0.32076	0.36099	0.01883	0.02825	0.02419	0.02226	0.02499	0.01767	0.02395	0.05657	0.01879	0.01517	0.00818	0.00695	0.00227	0.01029	0.00603	0.00391	0.01130
24	0.01778	0.17792	0.53984	0.02177	0.03301	0.02203	0.02737	0.02602	0.01741	0.02495	0.01423	0.01669	0.01055	0.00773	0.00738	0.00246	0.01159	0.00580	0.00352	0.01195
25	0.01195	0.00800	0.00910	0.00923	0.00926	0.00797	0.00521	0.01205	0.01234	0.01645	0.02750	0.09819	0.03188	0.66193	0.04014	0.00774	0.00784	0.01286	0.00521	0.00515
26	0.01666	0.04297	0.66500	0.02368	0.03596	0.01929	0.03069	0.02631	0.01754	0.02631	0.01491	0.01754	0.01052	0.00789	0.00789	0.00263	0.01228	0.00614	0.00351	0.01228
27	0.06016	0.02117	0.09107	0.13328	0.27867	0.01941	0.19234	0.02474	0.01815	0.02628	0.01583	0.02117	0.01256	0.00984	0.03706	0.00309	0.01176	0.00786	0.00409	0.01148
28	0.02027	0.01315	0.01528	0.01313	0.01719	0.01314	0.01033	0.10963	0.12963	0.14814	0.23223	0.04839	0.16563	0.01464	0.00910	0.00266	0.00573	0.01231	0.00883	0.01059
29	0.01187	0.00890	0.01335	0.01335	0.01483	0.01038	0.01038	0.01483	0.01335	0.01928	0.02225	0.03264	0.02077	0.06231	0.67512	0.01335	0.02225	0.00890	0.00445	0.00742
30	0.02057	0.01955	0.03221	0.04755	0.59221	0.01983	0.02425	0.02738	0.08169	0.02791	0.01746	0.02161	0.01439	0.00779	0.00825	0.00250	0.00954	0.00760	0.00455	0.01316
31	0.02728	0.03282	0.02442	0.02633	0.14301	0.48445	0.01755	0.03011	0.02223	0.02207	0.01652	0.02401	0.01493	0.00980	0.00803	0.00237	0.01328	0.06610	0.00459	0.01009
32	0.01858	0.27404	0.45069	0.02041	0.03091	0.02398	0.02501	0.02581	0.01731	0.02398	0.01375	0.01609	0.01057	0.00762	0.00701	0.00234	0.01111	0.00555	0.00352	0.01172
33	0.02066	0.01785	0.01878	0.01691	0.02160	0.02066	0.01315	0.04414	0.64121	0.03475	0.03381	0.03099	0.02536	0.01127	0.00845	0.00282	0.00657	0.00939	0.00845	0.01315
34	0.01385	0.01235	0.02246	0.01889	0.02214	0.01310	0.16768	0.01784	0.01495	0.02116	0.02086	0.03002	0.01868	0.04818	0.50515	0.01066	0.02015	0.00913	0.00439	0.00838
35	0.02076	0.02549	0.27752	0.01832	0.02591	0.01619	0.01939	0.03058	0.14420	0.15813	0.02826	0.03072	0.05452	0.01534	0.06799	0.00368	0.01028	0.03443	0.00641	0.01190
36	0.01191	0.00873	0.01249	0.01249	0.01367	0.00991	0.00931	0.01428	0.01310	0.01865	0.02304	0.03701	0.02267	0.19235	0.54768	0.01228	0.01939	0.00954	0.00457	0.00694
37	0.01191	0.00875	0.01256	0.01256	0.01377	0.00996	0.00940	0.01433	0.01312	0.01870	0.02297	0.03663	0.02250	0.18101	0.55879	0.01238	0.01964	0.00949	0.00456	0.00698
38	0.01778	0.01914	0.09137	0.03550	0.37236	0.01725	0.02113	0.02265	0.01918	0.02757	0.14731	0.03222	0.02783	0.01084	0.01038	0.00269	0.06981	0.03844	0.00522	0.01134
39	0.01930	0.04235	0.54708	0.02326	0.03407	0.13977	0.02800	0.02757	0.01864	0.02521	0.01453	0.01707	0.01056	0.00802	0.00782	0.00254	0.01277	0.00599	0.00365	0.01179
40	0.01940	0.01855	0.03161	0.20337	0.51295	0.01943	0.02492	0.02447	0.01836	0.02573	0.01542	0.02094	0.01266	0.00762	0.00824	0.00254	0.01016	0.00740	0.00401	0.01222
41	0.01079	0.00845	0.00981	0.00975	0.01207	0.00747	0.00738	0.01367	0.02059	0.02677	0.30210	0.10370	0.36509	0.01980	0.00994	0.00282	0.00432	0.04985	0.00827	0.00736
42	0.02137	0.07546	0.18783	0.03712	0.36126	0.12406	0.02452	0.02687	0.01917	0.02535	0.01473	0.01845	0.01195	0.00769	0.00783	0.00241	0.01120	0.00657	0.00395	0.01222
43	0.01931	0.06059	0.19159	0.03380	0.31215	0.05266	0.02314	0.02665	0.07374	0.02609	0.01739	0.02129	0.01409	0.01345	0.07525	0.00359	0.01165	0.00715	0.00436	0.01205
44	0.02029	0.01887	0.02374	0.02251	0.08648	0.08541	0.05686	0.13240	0.02016	0.02711	0.01904	0.08278	0.01774	0.02251	0.14766	0.00503	0.18706	0.00909	0.00517	0.01008
45	0.01882	0.01865	0.01858	0.02195	0.14599	0.17812	0.01424	0.02216	0.02024	0.02513	0.08722	0.07794	0.09329	0.01428	0.00889	0.00270	0.00874	0.13235	0.08153	0.00918
46	0.02025	0.02117	0.10665	0.02988	0.22683	0.01845	0.08716	0.15461	0.02312	0.03158	0.02722	0.05831	0.08254	0.01145	0.00892	0.00272	0.00951	0.06215	0.00578	0.01169
47	0.01920	0.15873	0.02783	0.02435	0.15608	0.10617	0.05704	0.02238	0.01822	0.02265	0.02641	0.10549	0.08413	0.01277	0.01023	0.00266	0.07822	0.05253	0.00500	0.00991
48	0.08380	0.15897	0.05379	0.01805	0.08264	0.06099	0.01400	0.02047	0.01781	0.02407	0.03056	0.16469	0.06364	0.01550	0.00862	0.00284	0.00803	0.15662	0.00581	0.00911
49	0.20448	0.08380	0.14789	0.01776	0.08429	0.01625	0.01520	0.02087	0.01696	0.02721	0.03164	0.10216	0.13550	0.01299	0.00786	0.00271	0.00769	0.04973	0.00546	0.00955
50	0.02063	0.02483	0.12884	0.02077	0.08703	0.13822	0.01672	0.08283	0.17774	0.02895	0.03404	0.03380	0.14690	0.01170	0.00843	0.00259	0.00916	0.00940	0.00625	0.01118

[dist]
# distance from previous block
# <min> <max>
3	26

[block]
# block no. 3 follows, 22 sequences, length 199
# corresponding to MSA columns:
# 470-668
name=unknown_D
#
# <colnr> <probs for GDERKNQSTAVLIFYWHMCP>
#	G	D	E	R	K	N	Q	S	T	A	V	L	I	F	Y	W	H	M	C	P
