[name]
unknown

[dist]
# distance from previous block
# <min> <max>
0	0

[block]
# block no. 0 follows, 20 sequences, length 8
# corresponding to MSA columns:
# 0-7
name=unknown_A
#
# <colnr> <probs for GDERKNQSTAVLIFYWHMCP>
#	G	D	E	R	K	N	Q	S	T	A	V	L	I	F	Y	W	H	M	C	P
0	0.01406	0.01004	0.01406	0.01606	0.01807	0.01004	0.01406	0.01807	0.02008	0.02610	0.04618	0.09839	0.05020	0.02410	0.01205	0.00402	0.00803	0.58032	0.00803	0.00803
1	0.75506	0.01687	0.01282	0.01147	0.01687	0.01957	0.00945	0.02564	0.01484	0.03914	0.01215	0.01417	0.00945	0.00810	0.00540	0.00270	0.00675	0.00472	0.00540	0.00945
2	0.03258	0.04157	0.02472	0.02247	0.02697	0.65843	0.01685	0.03483	0.02472	0.02135	0.01348	0.01573	0.01124	0.00899	0.00787	0.00225	0.01573	0.00562	0.00449	0.01011
3	0.02954	0.02007	0.02233	0.01793	0.02393	0.02169	0.01453	0.32851	0.17326	0.14705	0.08335	0.02921	0.02496	0.01153	0.00891	0.00272	0.00810	0.00921	0.00919	0.01398
4	0.03080	0.03661	0.02358	0.02102	0.02571	0.52185	0.01597	0.10792	0.02644	0.02592	0.02070	0.02210	0.06377	0.01027	0.00818	0.00235	0.01399	0.00698	0.00535	0.01050
5	0.01794	0.01769	0.02467	0.42039	0.12287	0.08149	0.02111	0.02294	0.01939	0.02441	0.08561	0.03020	0.05477	0.01036	0.00888	0.00279	0.01067	0.00900	0.00484	0.00997
6	0.02137	0.02147	0.03197	0.20926	0.42936	0.08405	0.02513	0.02642	0.01973	0.02619	0.01588	0.02143	0.01300	0.00814	0.00858	0.00264	0.01122	0.00755	0.00422	0.01239
7	0.01901	0.21508	0.49156	0.02228	0.03376	0.02397	0.02773	0.02723	0.01824	0.02578	0.01474	0.01727	0.01109	0.00807	0.00759	0.00253	0.01196	0.00598	0.00370	0.01245

[dist]
# distance from previous block
# <min> <max>
20	81

[block]
# block no. 1 follows, 20 sequences, length 45
# corresponding to MSA columns:
# 97-141
name=unknown_B
#
# <colnr> <probs for GDERKNQSTAVLIFYWHMCP>
#	G	D	E	R	K	N	Q	S	T	A	V	L	I	F	Y	W	H	M	C	P
0	0.13799	0.15507	0.17985	0.02287	0.13358	0.02038	0.01897	0.02443	0.01933	0.02987	0.14933	0.02762	0.02684	0.01008	0.00779	0.00254	0.00884	0.00809	0.00537	0.01115
1	0.02329	0.11686	0.15093	0.03008	0.19740	0.10102	0.05451	0.11153	0.02337	0.03070	0.06348	0.02262	0.01799	0.00912	0.00831	0.00252	0.01103	0.00761	0.00519	0.01244
2	0.01524	0.01383	0.01638	0.01978	0.13430	0.06773	0.01197	0.01829	0.02063	0.02679	0.20906	0.14602	0.17693	0.06926	0.01250	0.00327	0.00688	0.01498	0.00725	0.00889
3	0.02337	0.02259	0.03279	0.09479	0.47667	0.07905	0.02464	0.08671	0.02228	0.03008	0.01654	0.02112	0.01352	0.00823	0.00858	0.00259	0.01087	0.00758	0.00475	0.01327
4	0.18744	0.02428	0.02181	0.01782	0.02363	0.12735	0.01437	0.33842	0.03128	0.04432	0.07036	0.02241	0.01886	0.01035	0.00800	0.00259	0.00952	0.00749	0.00739	0.01233
5	0.02146	0.02248	0.03625	0.16921	0.32242	0.08589	0.16150	0.02698	0.02005	0.02640	0.01622	0.02178	0.01298	0.00799	0.00896	0.00270	0.01218	0.00814	0.00427	0.01214
6	0.31887	0.01952	0.11718	0.01405	0.01983	0.01665	0.01318	0.02568	0.10540	0.03365	0.09328	0.03522	0.13166	0.01217	0.00775	0.00280	0.00709	0.00933	0.00653	0.01015
7	0.01471	0.01497	0.06642	0.01355	0.01620	0.06716	0.01074	0.01900	0.06531	0.02430	0.04229	0.32221	0.11177	0.08869	0.01326	0.00361	0.00700	0.01683	0.07366	0.00832
8	0.07531	0.00901	0.01049	0.01091	0.01225	0.00880	0.00743	0.01451	0.01766	0.02551	0.18460	0.27787	0.09115	0.19333	0.01889	0.00449	0.00580	0.01737	0.00751	0.00712
9	0.02124	0.46487	0.26128	0.01848	0.02789	0.02941	0.02112	0.02666	0.01797	0.02306	0.01339	0.01558	0.01114	0.00776	0.00656	0.00219	0.01060	0.00530	0.00371	0.01180
10	0.01883	0.20266	0.44565	0.07963	0.03596	0.02367	0.02728	0.02678	0.01816	0.02541	0.01478	0.01776	0.01114	0.00812	0.00767	0.00256	0.01191	0.00612	0.00371	0.01219
11	0.16029	0.02926	0.02330	0.01942	0.02522	0.25276	0.01542	0.30008	0.03054	0.04009	0.01671	0.01787	0.01259	0.00952	0.00783	0.00250	0.01130	0.00650	0.00662	0.01219
12	0.01430	0.01063	0.01189	0.01161	0.01368	0.01040	0.00817	0.09892	0.02021	0.02607	0.05154	0.24598	0.22474	0.18954	0.01883	0.00445	0.00637	0.01733	0.00749	0.00784
13	0.01178	0.00939	0.01155	0.06080	0.01610	0.00871	0.00877	0.01521	0.02206	0.02908	0.35139	0.07005	0.31551	0.01897	0.01018	0.00284	0.00482	0.01630	0.00851	0.00797
14	0.03264	0.03982	0.02487	0.02223	0.02697	0.59395	0.01683	0.09356	0.02638	0.02478	0.01424	0.01626	0.01160	0.00914	0.00795	0.00229	0.01510	0.00585	0.00493	0.01059
15	0.01194	0.00977	0.01078	0.01113	0.01390	0.00899	0.00871	0.01622	0.06711	0.02499	0.07364	0.11936	0.43980	0.02199	0.01058	0.00319	0.00535	0.12642	0.00815	0.00798
16	0.01243	0.00877	0.01148	0.01163	0.01234	0.00939	0.00789	0.01387	0.01356	0.01874	0.02731	0.09575	0.02949	0.37493	0.30348	0.01045	0.01454	0.01219	0.00524	0.00649
17	0.01300	0.00954	0.01081	0.01064	0.01182	0.00970	0.00696	0.01597	0.06816	0.02032	0.03944	0.05742	0.14646	0.43026	0.10671	0.00756	0.00929	0.01315	0.00607	0.00673
18	0.01794	0.14470	0.02196	0.01542	0.01879	0.07531	0.01264	0.06493	0.01776	0.02306	0.02014	0.02770	0.01829	0.04505	0.42560	0.00976	0.01894	0.00800	0.00479	0.00919
19	0.01854	0.16206	0.54044	0.02308	0.03500	0.02281	0.02913	0.02736	0.01829	0.02635	0.01502	0.01762	0.01108	0.00814	0.00781	0.00260	0.01225	0.00613	0.00369	0.01259
20	0.03273	0.03713	0.02510	0.02185	0.02699	0.49494	0.01678	0.18375	0.02894	0.03005	0.01541	0.01708	0.01217	0.00937	0.00809	0.00234	0.01414	0.00620	0.00559	0.01133
21	0.01516	0.01175	0.01638	0.01542	0.01739	0.01395	0.01221	0.07675	0.01672	0.02386	0.02206	0.03157	0.02018	0.05538	0.53682	0.01195	0.07974	0.00904	0.00501	0.00866
22	0.01252	0.00839	0.00956	0.00972	0.00976	0.00835	0.00551	0.01264	0.01300	0.01733	0.02910	0.10661	0.03375	0.64114	0.04179	0.00807	0.00819	0.01364	0.00551	0.00543
23	0.02103	0.01994	0.03277	0.11920	0.51126	0.02067	0.02516	0.02827	0.08121	0.02862	0.01826	0.02289	0.01488	0.00829	0.00867	0.00266	0.01015	0.00798	0.00473	0.01335
24	0.03078	0.10441	0.02799	0.02401	0.07893	0.44871	0.01747	0.11650	0.02595	0.02674	0.01467	0.01681	0.01197	0.00894	0.00782	0.00229	0.01373	0.00603	0.00501	0.01122
25	0.01193	0.00819	0.00992	0.01058	0.01094	0.00795	0.00655	0.01284	0.01520	0.02045	0.08977	0.28134	0.04550	0.39615	0.02952	0.00620	0.00686	0.01726	0.00667	0.00619
26	0.01250	0.00838	0.00957	0.00975	0.00980	0.00833	0.00554	0.01264	0.01305	0.01740	0.02935	0.11422	0.03407	0.63309	0.04138	0.00801	0.00815	0.01378	0.00554	0.00545
27	0.02879	0.03315	0.02795	0.03104	0.19876	0.39555	0.01974	0.07592	0.02397	0.02592	0.01476	0.01796	0.01225	0.00911	0.00930	0.00246	0.05064	0.00651	0.00473	0.01148
28	0.01101	0.00793	0.01023	0.01191	0.01267	0.00742	0.00813	0.01262	0.01682	0.02215	0.04930	0.54561	0.10028	0.08554	0.01407	0.00396	0.00551	0.06001	0.00784	0.00701
29	0.09396	0.03565	0.02813	0.02386	0.02899	0.47550	0.11333	0.03241	0.02277	0.02399	0.01398	0.01699	0.01141	0.00886	0.00877	0.00246	0.03771	0.00638	0.00454	0.01031
30	0.02205	0.55632	0.17697	0.01709	0.02574	0.03141	0.01869	0.02645	0.01787	0.02207	0.01290	0.01496	0.01116	0.00764	0.00618	0.00206	0.01010	0.00505	0.00372	0.01156
31	0.01077	0.00880	0.00952	0.00946	0.01210	0.00754	0.00705	0.01337	0.02079	0.02601	0.20649	0.10756	0.48740	0.02140	0.01034	0.00293	0.00438	0.01812	0.00843	0.00754
32	0.03140	0.03066	0.02683	0.02544	0.10808	0.27360	0.01804	0.30736	0.03183	0.03829	0.01742	0.01899	0.01329	0.00953	0.00838	0.00247	0.01210	0.00697	0.00648	0.01285
33	0.02278	0.02352	0.03255	0.12217	0.46971	0.12513	0.02484	0.02756	0.02037	0.02659	0.01582	0.02083	0.01313	0.00808	0.00852	0.00257	0.01139	0.00742	0.00429	0.01272
34	0.01584	0.01427	0.01393	0.01351	0.01500	0.11599	0.00959	0.01771	0.01598	0.02015	0.06375	0.04184	0.02780	0.28889	0.27840	0.00925	0.01524	0.01041	0.00520	0.00726
35	0.29258	0.01621	0.05735	0.01846	0.11841	0.01509	0.01287	0.02123	0.01843	0.03178	0.10493	0.04105	0.19446	0.01309	0.00805	0.00276	0.00679	0.01043	0.00634	0.00967
36	0.01244	0.00856	0.00981	0.00970	0.01027	0.00833	0.00587	0.01329	0.01522	0.02040	0.13179	0.06052	0.08742	0.52994	0.03613	0.00709	0.00743	0.01364	0.00621	0.00593
37	0.02537	0.02290	0.02060	0.01773	0.02261	0.14784	0.01385	0.24253	0.14421	0.03699	0.03449	0.09704	0.10859	0.01375	0.00904	0.00275	0.00913	0.01096	0.00776	0.01186
38	0.08327	0.02337	0.11021	0.01762	0.02368	0.12085	0.01588	0.08324	0.02339	0.21153	0.07641	0.03106	0.02364	0.01607	0.06603	0.00370	0.01088	0.04003	0.00733	0.01180
39	0.22864	0.02190	0.02213	0.02655	0.20962	0.14108	0.01613	0.05817	0.02057	0.03078	0.02670	0.02857	0.11409	0.01060	0.00786	0.00261	0.00936	0.00825	0.00552	0.01088
40	0.02567	0.02457	0.02539	0.02811	0.19638	0.16620	0.01779	0.19874	0.04636	0.03411	0.02948	0.03063	0.11587	0.01132	0.00877	0.00259	0.01028	0.00911	0.00642	0.01221
41	0.06073	0.06168	0.47048	0.02225	0.03312	0.02045	0.02674	0.03081	0.09654	0.06823	0.01908	0.02055	0.01364	0.00886	0.00814	0.00275	0.01130	0.00687	0.00490	0.01288
42	0.14009	0.08510	0.16116	0.02519	0.14366	0.05598	0.05709	0.07211	0.02030	0.03154	0.01717	0.02034	0.01340	0.00850	0.00748	0.00251	0.00985	0.00682	0.11009	0.01161
43	0.18013	0.09013	0.06466	0.02333	0.15421	0.07738	0.01620	0.06984	0.02044	0.03164	0.07044	0.02392	0.01944	0.01305	0.05054	0.00325	0.00989	0.00735	0.06321	0.01095
44	0.09557	0.15456	0.06510	0.01705	0.02269	0.21829	0.01466	0.07747	0.02295	0.06249	0.08224	0.02836	0.08249	0.01098	0.00783	0.00243	0.01021	0.00805	0.00596	0.01064

[dist]
# distance from previous block
# <min> <max>
8	20

[block]
# block no. 2 follows, 20 sequences, length 28
# corresponding to MSA columns:
# 162-189
name=unknown_C
#
# <colnr> <probs for GDERKNQSTAVLIFYWHMCP>
#	G	D	E	R	K	N	Q	S	T	A	V	L	I	F	Y	W	H	M	C	P
0	0.05336	0.01758	0.01760	0.01641	0.04040	0.09301	0.01219	0.07861	0.10229	0.05294	0.10674	0.11085	0.13509	0.01497	0.01024	0.00277	0.04808	0.01212	0.00735	0.06741
1	0.02096	0.02844	0.19311	0.03807	0.34508	0.08500	0.02523	0.02807	0.05432	0.02769	0.02137	0.02456	0.05130	0.00913	0.00858	0.00264	0.01102	0.00797	0.00466	0.01280
2	0.06440	0.01068	0.01305	0.01515	0.08630	0.00996	0.00973	0.01600	0.02031	0.02778	0.19854	0.13367	0.32484	0.01900	0.00985	0.00290	0.00528	0.01628	0.00782	0.00844
3	0.02115	0.01812	0.02914	0.27327	0.30663	0.01962	0.02348	0.07075	0.02092	0.06322	0.01926	0.02727	0.01575	0.00949	0.00889	0.00280	0.01046	0.04259	0.00509	0.01209
4	0.02842	0.08635	0.02856	0.02776	0.14113	0.42572	0.01879	0.03123	0.02210	0.02259	0.01372	0.01704	0.01174	0.00928	0.00996	0.00244	0.08184	0.00615	0.00433	0.01083
5	0.19618	0.02340	0.02419	0.06940	0.11129	0.15656	0.06187	0.06370	0.11528	0.03209	0.05056	0.02283	0.01770	0.00946	0.00797	0.00266	0.01017	0.00754	0.00583	0.01131
6	0.01901	0.01809	0.03075	0.36560	0.34713	0.02005	0.02549	0.02451	0.01864	0.02537	0.01595	0.02243	0.01271	0.00825	0.00868	0.00275	0.01100	0.00776	0.00410	0.01174
7	0.02512	0.02781	0.02561	0.07278	0.14269	0.28032	0.01876	0.03242	0.13417	0.02578	0.01958	0.02461	0.01643	0.01060	0.01057	0.00273	0.08004	0.03331	0.00533	0.01132
8	0.01152	0.00899	0.01052	0.01044	0.01293	0.00799	0.00804	0.01469	0.02186	0.02847	0.30616	0.07778	0.35069	0.02056	0.01048	0.00297	0.00466	0.07475	0.00870	0.00778
9	0.02371	0.04054	0.33235	0.02778	0.11366	0.26022	0.02572	0.03022	0.02098	0.02538	0.01494	0.01783	0.01149	0.00848	0.00817	0.00255	0.01362	0.00631	0.00407	0.01197
10	0.01927	0.24456	0.46439	0.02183	0.03306	0.02461	0.02695	0.02717	0.01820	0.02546	0.01458	0.01707	0.01109	0.00804	0.00747	0.00249	0.01180	0.00590	0.00370	0.01237
11	0.01108	0.00895	0.00999	0.01060	0.01311	0.00786	0.00824	0.01357	0.01960	0.02393	0.07595	0.14848	0.46128	0.02302	0.01074	0.00322	0.00520	0.12964	0.00809	0.00747
12	0.01697	0.01176	0.01326	0.01245	0.01593	0.01144	0.00945	0.02457	0.16116	0.10969	0.09386	0.15793	0.28982	0.01877	0.00990	0.00300	0.00548	0.01598	0.00873	0.00987
13	0.01750	0.01603	0.01519	0.10077	0.02185	0.13144	0.01154	0.02004	0.01990	0.06604	0.05051	0.17152	0.25635	0.04858	0.01124	0.00315	0.00801	0.01486	0.00692	0.00857
14	0.01884	0.01782	0.02104	0.01885	0.02055	0.08944	0.01516	0.06591	0.01703	0.02335	0.01749	0.02534	0.01611	0.03560	0.29360	0.00790	0.27393	0.00816	0.00464	0.00927
15	0.03258	0.04157	0.02472	0.02247	0.02697	0.65843	0.01685	0.03483	0.02472	0.02135	0.01348	0.01573	0.01124	0.00899	0.00787	0.00225	0.01573	0.00562	0.00449	0.01011
16	0.03258	0.04157	0.02472	0.02247	0.02697	0.65843	0.01685	0.03483	0.02472	0.02135	0.01348	0.01573	0.01124	0.00899	0.00787	0.00225	0.01573	0.00562	0.00449	0.01011
17	0.02139	0.02151	0.03497	0.14456	0.45179	0.06031	0.08509	0.02671	0.01987	0.02705	0.01621	0.02168	0.01326	0.00795	0.00877	0.00265	0.01133	0.00789	0.00427	0.01275
18	0.01273	0.00926	0.01360	0.01360	0.01519	0.01071	0.01056	0.01591	0.01432	0.02112	0.02372	0.03414	0.02185	0.06151	0.61266	0.01317	0.02200	0.00926	0.05687	0.00781
19	0.01106	0.00908	0.00988	0.01029	0.01304	0.00790	0.00812	0.01363	0.01992	0.02407	0.07990	0.08685	0.51803	0.02249	0.01066	0.00316	0.00514	0.13118	0.00809	0.00750
20	0.01106	0.00887	0.00987	0.00962	0.01224	0.00768	0.00721	0.01396	0.02164	0.02775	0.28843	0.07706	0.43281	0.02053	0.01030	0.00287	0.00431	0.01744	0.00865	0.00768
21	0.02946	0.12440	0.02801	0.06154	0.02813	0.39336	0.01717	0.11973	0.02501	0.02641	0.01442	0.01700	0.01182	0.00944	0.00921	0.00240	0.06053	0.00611	0.00495	0.01091
22	0.01247	0.00837	0.00958	0.00978	0.00983	0.00832	0.00557	0.01263	0.01310	0.01746	0.02959	0.12152	0.03437	0.62539	0.04100	0.00795	0.00811	0.01392	0.00557	0.00547
23	0.01095	0.00784	0.01041	0.01193	0.01272	0.00730	0.00812	0.01295	0.01820	0.02465	0.15804	0.57100	0.06231	0.02555	0.01098	0.00339	0.00488	0.02311	0.00838	0.00730
24	0.03042	0.19494	0.02962	0.02071	0.02590	0.51281	0.01640	0.03280	0.02309	0.02116	0.01317	0.01532	0.01123	0.00863	0.00734	0.00216	0.01424	0.00540	0.00432	0.01036
25	0.20562	0.48333	0.03607	0.01460	0.02134	0.07458	0.01370	0.02661	0.01750	0.02520	0.01223	0.01416	0.01076	0.00773	0.00571	0.00210	0.00914	0.00475	0.00420	0.01068
26	0.02122	0.02025	0.05233	0.11483	0.17041	0.02104	0.06515	0.07490	0.26877	0.03263	0.02572	0.02940	0.02018	0.01041	0.00900	0.00288	0.00940	0.03200	0.00657	0.01290
27	0.01852	0.01500	0.05315	0.01433	0.01887	0.01357	0.01213	0.02842	0.20401	0.11072	0.05534	0.05895	0.25638	0.01689	0.00977	0.00304	0.00655	0.08520	0.00842	0.01074

[dist]
# distance from previous block
# <min> <max>
0	1

[block]
# block no. 3 follows, 20 sequences, length 23
# corresponding to MSA columns:
# 191-213
name=unknown_D
#
# <colnr> <probs for GDERKNQSTAVLIFYWHMCP>
#	G	D	E	R	K	N	Q	S	T	A	V	L	I	F	Y	W	H	M	C	P
0	0.05783	0.06851	0.03399	0.07682	0.50459	0.05645	0.02444	0.02690	0.01962	0.02777	0.01570	0.02046	0.01318	0.00788	0.00823	0.00254	0.01047	0.00729	0.00432	0.01302
1	0.02713	0.02090	0.02065	0.01695	0.02200	0.08501	0.01362	0.35616	0.03142	0.04291	0.02216	0.02442	0.01690	0.01575	0.07314	0.00359	0.01032	0.00784	0.17703	0.01210
2	0.02159	0.02073	0.03541	0.05354	0.63903	0.02073	0.02677	0.02677	0.01986	0.02850	0.01641	0.02159	0.01382	0.00777	0.00864	0.00259	0.01036	0.00777	0.00432	0.01382
3	0.01031	0.00884	0.00884	0.00884	0.01178	0.00736	0.00663	0.01252	0.01988	0.02356	0.08837	0.08395	0.63549	0.02209	0.01031	0.00295	0.00442	0.01841	0.00810	0.00736
4	0.01785	0.08525	0.61126	0.02425	0.03681	0.02113	0.03117	0.02753	0.01837	0.02719	0.01544	0.01814	0.01106	0.00824	0.00812	0.00271	0.01267	0.00634	0.00369	0.01279
5	0.01031	0.00884	0.00884	0.00884	0.01178	0.00736	0.00663	0.01252	0.01988	0.02356	0.08837	0.08395	0.63549	0.02209	0.01031	0.00295	0.00442	0.01841	0.00810	0.00736
6	0.03914	0.01484	0.02024	0.01552	0.02227	0.01282	0.01282	0.04251	0.02497	0.64507	0.03441	0.02969	0.02159	0.01080	0.00877	0.00270	0.00742	0.00877	0.01080	0.01484
7	0.03258	0.04157	0.02472	0.02247	0.02697	0.65843	0.01685	0.03483	0.02472	0.02135	0.01348	0.01573	0.01124	0.00899	0.00787	0.00225	0.01573	0.00562	0.00449	0.01011
8	0.01268	0.00846	0.00951	0.00951	0.00951	0.00846	0.00529	0.01268	0.01268	0.01691	0.02748	0.05708	0.03171	0.69345	0.04440	0.00846	0.00846	0.01268	0.00529	0.00529
9	0.01031	0.00884	0.00884	0.00884	0.01178	0.00736	0.00663	0.01252	0.01988	0.02356	0.08837	0.08395	0.63549	0.02209	0.01031	0.00295	0.00442	0.01841	0.00810	0.00736
10	0.03316	0.02443	0.02618	0.02007	0.02705	0.02705	0.01658	0.60995	0.04101	0.05497	0.02094	0.02094	0.01483	0.01047	0.00873	0.00262	0.00960	0.00785	0.00873	0.01483
11	0.01268	0.00846	0.00951	0.00951	0.00951	0.00846	0.00529	0.01268	0.01268	0.01691	0.02748	0.05708	0.03171	0.69345	0.04440	0.00846	0.00846	0.01268	0.00529	0.00529
12	0.01246	0.00935	0.01402	0.01402	0.01558	0.01090	0.01090	0.01558	0.01402	0.02025	0.02336	0.03427	0.02181	0.06542	0.65888	0.01402	0.02336	0.00935	0.00467	0.00779
13	0.01522	0.10181	0.01517	0.01096	0.01220	0.04851	0.00721	0.01571	0.01403	0.01764	0.02466	0.04904	0.02784	0.56398	0.03720	0.00723	0.00898	0.01122	0.00503	0.00634
14	0.01294	0.00843	0.00941	0.00941	0.00956	0.00843	0.00534	0.01324	0.01309	0.01804	0.02755	0.05531	0.03104	0.64405	0.04163	0.00799	0.00814	0.01236	0.05853	0.00549
15	0.01268	0.00846	0.00951	0.00951	0.00951	0.00846	0.00529	0.01268	0.01268	0.01691	0.02748	0.05708	0.03171	0.69345	0.04440	0.00846	0.00846	0.01268	0.00529	0.00529
16	0.01368	0.01248	0.02281	0.01970	0.02275	0.01168	0.19192	0.01699	0.01789	0.02401	0.03874	0.48401	0.04406	0.02120	0.01088	0.00336	0.00802	0.02035	0.00697	0.00852
17	0.02897	0.02945	0.02533	0.02150	0.02579	0.27000	0.01709	0.21684	0.06509	0.03301	0.01680	0.01924	0.01341	0.01109	0.01299	0.00277	0.16587	0.00707	0.00597	0.01173
18	0.01391	0.01093	0.01294	0.01289	0.01562	0.01090	0.01014	0.02130	0.13520	0.02999	0.23490	0.10016	0.19747	0.01953	0.01045	0.00314	0.00560	0.13727	0.00869	0.00898
19	0.01918	0.01877	0.03386	0.25072	0.29213	0.01976	0.13466	0.02489	0.01922	0.02618	0.01850	0.02805	0.01562	0.00918	0.00922	0.00286	0.01143	0.04963	0.00446	0.01166
20	0.02453	0.18487	0.07693	0.09420	0.17847	0.22035	0.05038	0.02877	0.02056	0.02374	0.01444	0.01808	0.01198	0.00819	0.00777	0.00238	0.01230	0.00642	0.00415	0.01149
21	0.14404	0.02227	0.09392	0.02343	0.15434	0.11940	0.01632	0.02322	0.01931	0.02728	0.03493	0.10085	0.16019	0.01337	0.00856	0.00275	0.00901	0.01092	0.00571	0.01019
22	0.20437	0.05073	0.09123	0.01413	0.01836	0.01463	0.01260	0.02167	0.05574	0.02984	0.07184	0.22215	0.03450	0.01624	0.00867	0.00303	0.00696	0.07024	0.04380	0.00926

[dist]
# distance from previous block
# <min> <max>
4	18

[block]
# block no. 4 follows, 20 sequences, length 59
# corresponding to MSA columns:
# 236-294
name=unknown_E
#
# <colnr> <probs for GDERKNQSTAVLIFYWHMCP>
#	G	D	E	R	K	N	Q	S	T	A	V	L	I	F	Y	W	H	M	C	P
0	0.01744	0.01332	0.01840	0.01726	0.06454	0.01290	0.05963	0.10220	0.02421	0.05658	0.25154	0.05252	0.18710	0.01682	0.01160	0.05635	0.00668	0.01337	0.00793	0.00961
1	0.05789	0.18243	0.13688	0.14827	0.03231	0.02362	0.01938	0.12307	0.02118	0.02924	0.01711	0.05055	0.01445	0.01199	0.03440	0.00304	0.04607	0.00743	0.00498	0.03571
2	0.13765	0.01716	0.07288	0.29478	0.03833	0.01731	0.06244	0.02145	0.01701	0.02587	0.02201	0.16497	0.02130	0.01276	0.00956	0.00304	0.03591	0.01102	0.00506	0.00950
3	0.02273	0.02530	0.07992	0.04730	0.51335	0.10469	0.02587	0.02790	0.02039	0.02749	0.01597	0.02058	0.01327	0.00797	0.00851	0.00256	0.01126	0.00739	0.00429	0.01326
4	0.02642	0.47910	0.03869	0.01745	0.02392	0.24301	0.01557	0.02903	0.02006	0.02080	0.01258	0.01457	0.01121	0.00797	0.00635	0.00199	0.01147	0.00498	0.00399	0.01083
5	0.01129	0.00850	0.01034	0.01143	0.01299	0.00779	0.00834	0.01342	0.01832	0.02347	0.08673	0.32550	0.24243	0.07461	0.01346	0.00375	0.00552	0.10693	0.00795	0.00724
6	0.02815	0.02079	0.02253	0.01823	0.02387	0.02286	0.01467	0.45090	0.08369	0.04763	0.02657	0.12497	0.02266	0.01317	0.00901	0.00277	0.00848	0.01064	0.03510	0.01332
7	0.02379	0.35724	0.03220	0.01632	0.02206	0.20435	0.01410	0.02798	0.06540	0.02242	0.02600	0.02664	0.10848	0.01047	0.00720	0.00222	0.01019	0.00744	0.00500	0.01050
8	0.01546	0.01477	0.02151	0.01754	0.02168	0.05131	0.14948	0.02073	0.05062	0.02984	0.29341	0.05533	0.19119	0.01557	0.01008	0.00282	0.00751	0.01422	0.00768	0.00923
9	0.02801	0.03012	0.02683	0.08016	0.14020	0.30891	0.01914	0.13240	0.06176	0.02947	0.01670	0.01951	0.01331	0.00951	0.00939	0.00255	0.04797	0.00694	0.00538	0.01177
10	0.01449	0.01192	0.01537	0.01487	0.01647	0.04664	0.01164	0.01752	0.01487	0.02138	0.02207	0.03164	0.02026	0.05297	0.50889	0.01141	0.08620	0.00888	0.06438	0.00811
11	0.01033	0.00876	0.00891	0.00904	0.01183	0.00735	0.00672	0.01250	0.01969	0.02349	0.08592	0.12054	0.60047	0.02241	0.01036	0.00298	0.00446	0.01880	0.00810	0.00735
12	0.01246	0.00935	0.01402	0.01402	0.01558	0.01090	0.01090	0.01558	0.01402	0.02025	0.02336	0.03427	0.02181	0.06542	0.65888	0.01402	0.02336	0.00935	0.00467	0.00779
13	0.08920	0.01919	0.03260	0.14640	0.37190	0.01985	0.10242	0.02531	0.01892	0.02808	0.01771	0.05681	0.01530	0.00894	0.00870	0.00275	0.01054	0.00873	0.00456	0.01209
14	0.02041	0.02045	0.03726	0.04567	0.43883	0.01997	0.17072	0.02590	0.02005	0.02795	0.02261	0.02718	0.06459	0.00884	0.00919	0.00271	0.01097	0.00928	0.00465	0.01277
15	0.01262	0.00917	0.01061	0.01008	0.01284	0.00801	0.00762	0.01570	0.02219	0.05959	0.31825	0.07322	0.36908	0.01971	0.01022	0.00285	0.00444	0.01680	0.00888	0.00811
16	0.02108	0.02033	0.03185	0.23033	0.41794	0.05046	0.02516	0.04913	0.02023	0.02742	0.01619	0.02177	0.01310	0.00821	0.00863	0.00267	0.01095	0.00767	0.00437	0.01249
17	0.02237	0.02470	0.08035	0.07826	0.36500	0.10244	0.02344	0.03115	0.12966	0.02858	0.01938	0.02267	0.01545	0.00876	0.00856	0.00265	0.01070	0.00777	0.00509	0.01302
18	0.03316	0.02443	0.02618	0.02007	0.02705	0.02705	0.01658	0.60995	0.04101	0.05497	0.02094	0.02094	0.01483	0.01047	0.00873	0.00262	0.00960	0.00785	0.00873	0.01483
19	0.01936	0.01842	0.03088	0.20832	0.43998	0.01930	0.02448	0.02447	0.01924	0.02651	0.02201	0.02707	0.06369	0.00918	0.00879	0.00270	0.01020	0.00863	0.00451	0.01224
20	0.02658	0.03130	0.02702	0.18993	0.14622	0.38368	0.02049	0.03025	0.02203	0.02288	0.01452	0.01867	0.01180	0.00870	0.00822	0.00247	0.01374	0.00654	0.00431	0.01068
21	0.01246	0.00935	0.01402	0.01402	0.01558	0.01090	0.01090	0.01558	0.01402	0.02025	0.02336	0.03427	0.02181	0.06542	0.65888	0.01402	0.02336	0.00935	0.00467	0.00779
22	0.01031	0.00884	0.00884	0.00884	0.01178	0.00736	0.00663	0.01252	0.01988	0.02356	0.08837	0.08395	0.63549	0.02209	0.01031	0.00295	0.00442	0.01841	0.00810	0.00736
23	0.06649	0.02214	0.02437	0.01876	0.02562	0.02381	0.01549	0.46793	0.03657	0.17493	0.02331	0.02243	0.01598	0.01043	0.00859	0.00264	0.00903	0.00790	0.00900	0.01460
24	0.03084	0.02069	0.02295	0.01841	0.02471	0.02245	0.01494	0.31802	0.21822	0.17112	0.02824	0.02635	0.01989	0.01096	0.00878	0.00274	0.00831	0.00867	0.00920	0.01452
25	0.02407	0.23978	0.13186	0.01947	0.02564	0.20892	0.01823	0.02945	0.06302	0.02376	0.01557	0.01811	0.01292	0.00938	0.00957	0.00243	0.08716	0.00613	0.04353	0.01100
26	0.02450	0.37504	0.10156	0.02106	0.02857	0.17785	0.10852	0.02860	0.01988	0.02257	0.01365	0.01631	0.01150	0.00789	0.00712	0.00221	0.01202	0.00593	0.00401	0.01120
27	0.01321	0.01743	0.16096	0.01496	0.01951	0.01106	0.01465	0.01792	0.02011	0.02722	0.17202	0.15929	0.17025	0.01914	0.01029	0.00316	0.00715	0.12538	0.00736	0.00893
28	0.01869	0.13663	0.24154	0.02210	0.05842	0.04519	0.06840	0.02458	0.01774	0.02517	0.01735	0.02206	0.01420	0.01757	0.10944	0.00434	0.06129	0.00720	0.07712	0.01096
29	0.01858	0.01603	0.01674	0.01531	0.01970	0.01777	0.01184	0.03709	0.45813	0.03295	0.04997	0.04661	0.19327	0.01464	0.00927	0.00296	0.00622	0.01220	0.00866	0.01204
30	0.01626	0.00813	0.00813	0.00813	0.01016	0.00813	0.00610	0.02033	0.01829	0.03252	0.02846	0.03252	0.02236	0.01016	0.00610	0.00203	0.00407	0.00813	0.74187	0.00813
31	0.01116	0.00899	0.01005	0.01041	0.01300	0.00789	0.00810	0.01383	0.02026	0.02507	0.13366	0.11000	0.45764	0.02223	0.01064	0.00313	0.00502	0.11313	0.00824	0.00755
32	0.01686	0.01590	0.02686	0.62610	0.10346	0.01948	0.02442	0.02262	0.01762	0.02275	0.01557	0.02313	0.01179	0.00865	0.00871	0.00288	0.01153	0.00775	0.00391	0.01000
33	0.03258	0.04157	0.02472	0.02247	0.02697	0.65843	0.01685	0.03483	0.02472	0.02135	0.01348	0.01573	0.01124	0.00899	0.00787	0.00225	0.01573	0.00562	0.00449	0.01011
34	0.01248	0.00926	0.01357	0.01357	0.01498	0.01066	0.01035	0.01529	0.01389	0.01992	0.02377	0.03653	0.02279	0.12765	0.59799	0.01347	0.02189	0.00968	0.00473	0.00754
35	0.01091	0.00779	0.01044	0.01247	0.01310	0.00733	0.00859	0.01263	0.01698	0.02258	0.04792	0.63948	0.05708	0.02706	0.01121	0.00358	0.00530	0.07030	0.00809	0.00716
36	0.01719	0.01692	0.01653	0.01601	0.01825	0.16313	0.01230	0.02010	0.01653	0.02051	0.02104	0.02991	0.01932	0.05215	0.50583	0.01125	0.02157	0.00847	0.00463	0.00833
37	0.02006	0.02070	0.02657	0.02287	0.02319	0.07224	0.01892	0.02199	0.01418	0.02102	0.01160	0.01884	0.01143	0.01481	0.02713	0.00370	0.62980	0.00749	0.00387	0.00958
38	0.01099	0.00875	0.00917	0.00913	0.01132	0.00767	0.00641	0.01280	0.01848	0.02269	0.10715	0.07649	0.46002	0.17966	0.01832	0.00423	0.00535	0.01690	0.00753	0.00693
39	0.02332	0.69869	0.04571	0.01493	0.02239	0.03451	0.01493	0.02612	0.01772	0.02052	0.01213	0.01399	0.01119	0.00746	0.00560	0.00187	0.00933	0.00466	0.00373	0.01119
40	0.02235	0.02105	0.02967	0.27663	0.27930	0.07342	0.02345	0.11509	0.02260	0.02965	0.01653	0.02163	0.01295	0.00864	0.00862	0.00268	0.01116	0.00760	0.00484	0.01213
41	0.01725	0.01567	0.02592	0.32169	0.23324	0.01737	0.02215	0.02223	0.01855	0.02484	0.02316	0.08866	0.02200	0.01230	0.00940	0.00303	0.01014	0.09686	0.00500	0.01053
42	0.02321	0.02531	0.02366	0.02774	0.17596	0.27372	0.01799	0.02670	0.02120	0.02412	0.02302	0.03873	0.02224	0.01864	0.08296	0.00409	0.01345	0.14169	0.00530	0.01028
43	0.01258	0.00887	0.01160	0.01160	0.01232	0.00959	0.00789	0.01402	0.01330	0.01846	0.02558	0.04652	0.02713	0.40277	0.32880	0.01103	0.01536	0.01114	0.00500	0.00644
44	0.01809	0.01550	0.01809	0.01292	0.02067	0.01163	0.01034	0.02196	0.01809	0.02842	0.01550	0.01809	0.01292	0.00646	0.00646	0.00129	0.00646	0.00517	0.00517	0.74677
45	0.01031	0.00884	0.00884	0.00884	0.01178	0.00736	0.00663	0.01252	0.01988	0.02356	0.08837	0.08395	0.63549	0.02209	0.01031	0.00295	0.00442	0.01841	0.00810	0.00736
46	0.01399	0.01100	0.01197	0.01220	0.01376	0.06083	0.00878	0.01526	0.01733	0.02248	0.09934	0.19711	0.14540	0.02955	0.11468	0.15243	0.00898	0.01455	0.04337	0.00700
47	0.02156	0.02035	0.02711	0.06808	0.33300	0.09055	0.02032	0.08227	0.02156	0.02837	0.02210	0.08343	0.02116	0.06715	0.01194	0.00323	0.01020	0.05058	0.00541	0.01163
48	0.02094	0.05036	0.12851	0.06695	0.29807	0.06762	0.02271	0.07306	0.02110	0.02838	0.02257	0.02635	0.06406	0.01352	0.05541	0.00344	0.01159	0.00826	0.00488	0.01221
49	0.02194	0.02292	0.02341	0.02097	0.06849	0.18338	0.08085	0.06831	0.06484	0.02787	0.03408	0.03493	0.15895	0.01163	0.00865	0.00242	0.00988	0.00967	0.00605	0.14074
50	0.06162	0.01684	0.02077	0.02184	0.13164	0.01744	0.01437	0.21755	0.02665	0.07391	0.08288	0.11181	0.10176	0.04811	0.01093	0.00307	0.00779	0.01188	0.00763	0.01153
51	0.20561	0.07224	0.05256	0.02405	0.16589	0.08351	0.01619	0.08526	0.05279	0.03342	0.01788	0.02052	0.01415	0.00880	0.00717	0.00248	0.00888	0.00667	0.11051	0.01141
52	0.14334	0.05798	0.06656	0.02005	0.11367	0.01556	0.01497	0.02251	0.01837	0.02927	0.02651	0.04082	0.05088	0.01230	0.00816	0.00265	0.00785	0.14162	0.06324	0.14367
53	0.27023	0.13468	0.16588	0.01818	0.07173	0.02027	0.01625	0.02392	0.01616	0.02852	0.01608	0.02350	0.01450	0.13231	0.01343	0.00361	0.00919	0.00680	0.00462	0.01013
54	0.05524	0.02315	0.02318	0.16908	0.12865	0.21531	0.01787	0.02702	0.04434	0.05058	0.02238	0.14141	0.02113	0.01221	0.00874	0.00275	0.01092	0.01018	0.00546	0.01038
55	0.02523	0.08274	0.12020	0.06831	0.02860	0.14416	0.01813	0.17083	0.08505	0.05838	0.02380	0.02520	0.05247	0.01325	0.04289	0.00319	0.01147	0.00790	0.00622	0.01202
56	0.11494	0.11732	0.21162	0.02472	0.11728	0.11626	0.02138	0.07624	0.04181	0.05731	0.01650	0.01858	0.01261	0.00859	0.00765	0.00253	0.01101	0.00641	0.00501	0.01225
57	0.12292	0.01994	0.11229	0.04921	0.08989	0.01710	0.01659	0.02910	0.16489	0.05749	0.07916	0.03716	0.07517	0.01216	0.00862	0.00283	0.00801	0.05036	0.00677	0.04033
58	0.02171	0.02407	0.08144	0.09594	0.20779	0.11867	0.02014	0.06753	0.02116	0.02782	0.02112	0.02449	0.05934	0.00953	0.00925	0.00246	0.04329	0.00769	0.00496	0.13160

[dist]
# distance from previous block
# <min> <max>
17	95

[block]
# block no. 5 follows, 20 sequences, length 7
# corresponding to MSA columns:
# 391-397
name=unknown_F
#
# <colnr> <probs for GDERKNQSTAVLIFYWHMCP>
#	G	D	E	R	K	N	Q	S	T	A	V	L	I	F	Y	W	H	M	C	P
0	0.01630	0.02269	0.20244	0.09914	0.15303	0.01577	0.02127	0.02188	0.01839	0.02528	0.03013	0.04485	0.08683	0.09079	0.01340	0.00363	0.00999	0.10854	0.00524	0.01042
1	0.01971	0.07917	0.22277	0.16628	0.17161	0.02016	0.02435	0.02718	0.05333	0.06162	0.01966	0.06126	0.01608	0.00968	0.00848	0.00274	0.01066	0.00830	0.00484	0.01210
2	0.01881	0.08887	0.15443	0.09652	0.12104	0.01822	0.01938	0.07386	0.02159	0.04923	0.09291	0.03837	0.12408	0.01233	0.00886	0.00273	0.00906	0.03258	0.00599	0.01115
3	0.01754	0.02638	0.24869	0.03056	0.22305	0.01772	0.02380	0.02387	0.01946	0.02780	0.08510	0.03606	0.07011	0.01191	0.01027	0.00289	0.04923	0.05868	0.00520	0.01168
4	0.05630	0.02136	0.10484	0.07875	0.07651	0.01780	0.08477	0.08998	0.02065	0.03060	0.01806	0.05967	0.01533	0.00925	0.00892	0.00237	0.03776	0.00790	0.00525	0.25394
5	0.01815	0.07648	0.02508	0.08188	0.06137	0.08070	0.08517	0.02117	0.01704	0.02208	0.02143	0.10408	0.02172	0.14375	0.06731	0.00472	0.08692	0.01043	0.00488	0.04564
6	0.02211	0.02476	0.09271	0.15676	0.37439	0.09307	0.02520	0.05710	0.02093	0.02785	0.01607	0.02088	0.01291	0.00827	0.00853	0.00263	0.01141	0.00740	0.00442	0.01262

[dist]
# distance from previous block
# <min> <max>
0	32

[block]
# block no. 6 follows, 20 sequences, length 18
# corresponding to MSA columns:
# 430-447
name=unknown_G
#
# <colnr> <probs for GDERKNQSTAVLIFYWHMCP>
#	G	D	E	R	K	N	Q	S	T	A	V	L	I	F	Y	W	H	M	C	P
0	0.01937	0.01816	0.02643	0.18567	0.28648	0.06984	0.02142	0.02350	0.01902	0.02490	0.02131	0.03600	0.01988	0.01298	0.01135	0.06517	0.01044	0.11258	0.00487	0.01064
1	0.01802	0.01657	0.01820	0.06980	0.09988	0.11662	0.01368	0.04743	0.01892	0.02451	0.02700	0.19140	0.02763	0.07480	0.13085	0.00528	0.01170	0.01232	0.06630	0.00908
2	0.16002	0.01343	0.01379	0.01282	0.01635	0.01429	0.00986	0.07072	0.13111	0.03253	0.12182	0.09492	0.15792	0.07266	0.01195	0.00340	0.00626	0.03890	0.00773	0.00951
3	0.02371	0.01894	0.02364	0.02151	0.09374	0.01912	0.04211	0.17939	0.15934	0.06324	0.06965	0.02676	0.02224	0.00992	0.00839	0.00240	0.00805	0.00839	0.00735	0.19211
4	0.01875	0.01805	0.02879	0.07352	0.09871	0.02069	0.13350	0.02693	0.13436	0.02628	0.02140	0.05587	0.01848	0.01868	0.09723	0.00456	0.17833	0.00962	0.00528	0.01097
5	0.01658	0.01507	0.02374	0.45163	0.09194	0.01777	0.02117	0.02344	0.06796	0.02444	0.02578	0.03667	0.06085	0.01159	0.00922	0.00302	0.01023	0.07382	0.00509	0.00999
6	0.01564	0.01147	0.01374	0.01297	0.01553	0.01143	0.00968	0.12981	0.02477	0.03366	0.27424	0.26979	0.10314	0.01996	0.01027	0.00301	0.00552	0.01751	0.00881	0.00906
7	0.02032	0.01943	0.03312	0.20665	0.49581	0.02039	0.02614	0.02566	0.01926	0.02696	0.01618	0.02200	0.01328	0.00801	0.00866	0.00267	0.01068	0.00777	0.00421	0.01280
8	0.01366	0.04928	0.01402	0.01178	0.01474	0.05947	0.00925	0.01587	0.01938	0.02294	0.06997	0.06775	0.48469	0.01956	0.01196	0.00294	0.08210	0.01550	0.00711	0.00802
9	0.06516	0.04691	0.15374	0.37040	0.04641	0.01945	0.07128	0.02336	0.01728	0.02432	0.01534	0.02161	0.01175	0.01008	0.01037	0.05966	0.01143	0.00737	0.00397	0.01010
10	0.16671	0.15260	0.20766	0.01972	0.02735	0.23968	0.01956	0.02943	0.01975	0.02648	0.01362	0.01591	0.01083	0.00834	0.00711	0.00242	0.01204	0.00552	0.00430	0.01098
11	0.08513	0.21565	0.03130	0.02583	0.17513	0.15152	0.01736	0.09340	0.02222	0.02834	0.02013	0.02223	0.05858	0.00933	0.00749	0.00236	0.01031	0.00701	0.00506	0.01161
12	0.01976	0.02154	0.10255	0.03919	0.35871	0.01856	0.11181	0.02558	0.01931	0.02854	0.01862	0.02372	0.01505	0.01074	0.03803	0.00310	0.01097	0.00813	0.11382	0.01228
13	0.01079	0.00861	0.00967	0.00992	0.01221	0.00749	0.00724	0.01326	0.02026	0.02566	0.19308	0.19720	0.40942	0.02223	0.01046	0.00302	0.00448	0.01911	0.00841	0.00749
14	0.01639	0.09051	0.01792	0.01434	0.01749	0.01573	0.01099	0.02692	0.24020	0.02921	0.12847	0.27651	0.04476	0.01795	0.00955	0.00302	0.00608	0.01567	0.00811	0.01019
15	0.01452	0.01220	0.01834	0.02516	0.21425	0.01182	0.01413	0.01735	0.01800	0.02427	0.04073	0.31455	0.10677	0.07208	0.01289	0.00358	0.00717	0.05633	0.00666	0.00921
16	0.02546	0.02959	0.03064	0.16466	0.16251	0.31377	0.09590	0.02970	0.02169	0.02386	0.01504	0.01949	0.01211	0.00847	0.00851	0.00254	0.01365	0.00710	0.00432	0.01100
17	0.01954	0.01822	0.03031	0.22879	0.39503	0.01905	0.02391	0.02441	0.01864	0.02609	0.01602	0.02203	0.01317	0.00896	0.00963	0.03591	0.01031	0.00756	0.00423	0.06821

[dist]
# distance from previous block
# <min> <max>
47	167

[block]
# block no. 7 follows, 20 sequences, length 37
# corresponding to MSA columns:
# 631-667
name=unknown_H
#
# <colnr> <probs for GDERKNQSTAVLIFYWHMCP>
#	G	D	E	R	K	N	Q	S	T	A	V	L	I	F	Y	W	H	M	C	P
0	0.11383	0.07948	0.08966	0.05182	0.02565	0.17884	0.01604	0.05301	0.04203	0.02773	0.01812	0.02476	0.01563	0.01314	0.04890	0.00313	0.01136	0.04972	0.00516	0.13197
1	0.06115	0.02391	0.02119	0.04944	0.10809	0.24510	0.01539	0.06958	0.02292	0.02793	0.10191	0.14361	0.03026	0.01367	0.00895	0.00272	0.01028	0.02758	0.00621	0.01010
2	0.02401	0.11272	0.05646	0.02983	0.21803	0.05031	0.04551	0.16856	0.09005	0.03394	0.02436	0.02605	0.06209	0.00996	0.00843	0.00258	0.00974	0.00838	0.00607	0.01293
3	0.02593	0.02413	0.07539	0.02659	0.16255	0.06867	0.01872	0.21028	0.10689	0.06333	0.02071	0.02202	0.01563	0.00922	0.00831	0.00246	0.00960	0.00749	0.00664	0.11543
4	0.02153	0.04239	0.44788	0.02645	0.08078	0.17771	0.02802	0.02934	0.02008	0.02614	0.01518	0.01799	0.01131	0.00842	0.00821	0.00262	0.01340	0.00634	0.00393	0.01228
5	0.02117	0.02651	0.18381	0.02476	0.13143	0.10716	0.02021	0.02708	0.03741	0.07580	0.02778	0.03599	0.07186	0.01168	0.00882	0.00269	0.01023	0.08319	0.00572	0.08669
6	0.13834	0.14304	0.14604	0.01778	0.02418	0.08165	0.05349	0.05349	0.02035	0.02954	0.11126	0.09650	0.02692	0.01172	0.00807	0.00263	0.00933	0.00948	0.00571	0.01047
7	0.11829	0.07627	0.11669	0.02538	0.17312	0.06670	0.03911	0.02568	0.01963	0.05537	0.06826	0.02784	0.05817	0.00998	0.00789	0.00254	0.00912	0.00821	0.08059	0.01117
8	0.08180	0.02577	0.07234	0.20381	0.15238	0.17283	0.02097	0.09009	0.02232	0.02898	0.03782	0.02132	0.01463	0.00904	0.00826	0.00262	0.01158	0.00721	0.00495	0.01130
9	0.13207	0.02083	0.09443	0.03493	0.32885	0.01820	0.05791	0.02422	0.01898	0.02913	0.02857	0.03133	0.12356	0.01040	0.00850	0.00271	0.00930	0.00921	0.00510	0.01176
10	0.08397	0.02405	0.02897	0.03604	0.32718	0.11390	0.02086	0.15153	0.06954	0.03446	0.01802	0.02084	0.01426	0.00884	0.00830	0.00258	0.01043	0.00739	0.00569	0.01315
11	0.09637	0.18466	0.02880	0.02493	0.18228	0.02238	0.01649	0.11181	0.02100	0.02987	0.02139	0.02505	0.05370	0.01916	0.12181	0.00446	0.01153	0.00766	0.00525	0.01141
12	0.02153	0.23321	0.02715	0.01680	0.02133	0.12479	0.01436	0.05239	0.08228	0.02599	0.07169	0.03770	0.02653	0.01687	0.05855	0.00354	0.03712	0.11192	0.00593	0.01031
13	0.02823	0.02446	0.02389	0.06918	0.02792	0.12884	0.01629	0.32644	0.13669	0.04107	0.02203	0.02329	0.01659	0.01447	0.05751	0.00350	0.01133	0.00794	0.00738	0.01295
14	0.02652	0.01955	0.02139	0.01726	0.02253	0.02099	0.01366	0.41604	0.03275	0.04414	0.02548	0.12739	0.02314	0.08661	0.01281	0.00331	0.00858	0.01082	0.00803	0.05901
15	0.01246	0.00935	0.01402	0.01402	0.01558	0.01090	0.01090	0.01558	0.01402	0.02025	0.02336	0.03427	0.02181	0.06542	0.65888	0.01402	0.02336	0.00935	0.00467	0.00779
16	0.03183	0.02026	0.02283	0.01819	0.02457	0.02167	0.01480	0.30354	0.18914	0.21515	0.02853	0.02643	0.01982	0.01092	0.00878	0.00273	0.00828	0.00864	0.00934	0.01457
17	0.01257	0.00965	0.01318	0.07899	0.01797	0.01009	0.01006	0.01574	0.01844	0.02521	0.22864	0.05300	0.12661	0.12187	0.21222	0.00698	0.01137	0.01295	0.00673	0.00773
18	0.01448	0.01259	0.01509	0.01487	0.01672	0.07601	0.01150	0.01751	0.01509	0.02036	0.02237	0.03240	0.02074	0.05975	0.59342	0.01284	0.02260	0.00897	0.00465	0.00802
19	0.01050	0.00876	0.00894	0.00902	0.01165	0.00743	0.00658	0.01252	0.01921	0.02301	0.08218	0.10595	0.56709	0.07280	0.01291	0.00338	0.00475	0.01823	0.00789	0.00720
20	0.02068	0.01980	0.03376	0.16380	0.53590	0.02049	0.02632	0.02597	0.01943	0.02739	0.01625	0.02189	0.01343	0.00794	0.00865	0.00265	0.01059	0.00777	0.00424	0.01308
21	0.02370	0.02591	0.02963	0.20601	0.29501	0.22071	0.02299	0.02813	0.02075	0.02462	0.01525	0.02019	0.01243	0.00840	0.00842	0.00257	0.01238	0.00709	0.00426	0.01157
22	0.15859	0.01766	0.01783	0.01607	0.02087	0.02029	0.01257	0.04024	0.46454	0.03687	0.07573	0.03153	0.02755	0.01158	0.00833	0.00289	0.00667	0.00934	0.00828	0.01257
23	0.01060	0.00768	0.01002	0.01190	0.01259	0.00711	0.00799	0.01217	0.01694	0.02236	0.05111	0.64233	0.10116	0.02693	0.01107	0.00350	0.00501	0.02432	0.00810	0.00711
24	0.02873	0.02186	0.02379	0.01810	0.02520	0.02279	0.01483	0.43251	0.05910	0.04725	0.02012	0.02067	0.01482	0.00948	0.00814	0.00228	0.00866	0.00723	0.00780	0.20663
25	0.02104	0.02016	0.03441	0.12041	0.57648	0.02058	0.02650	0.02629	0.01960	0.02783	0.01631	0.02177	0.01358	0.00787	0.00864	0.00262	0.01050	0.00777	0.00427	0.01337
26	0.01181	0.00890	0.01092	0.01041	0.01270	0.00800	0.00781	0.01543	0.02343	0.03199	0.49131	0.07008	0.22730	0.01895	0.01029	0.00280	0.00419	0.01647	0.00921	0.00800
27	0.01268	0.00846	0.00951	0.00951	0.00951	0.00846	0.00529	0.01268	0.01268	0.01691	0.02748	0.05708	0.03171	0.69345	0.04440	0.00846	0.00846	0.01268	0.00529	0.00529
28	0.02435	0.02496	0.02129	0.02012	0.04984	0.26262	0.01492	0.13147	0.02329	0.02735	0.01882	0.02417	0.01613	0.03122	0.26204	0.00692	0.01735	0.00757	0.00533	0.01023
29	0.01992	0.01902	0.03238	0.25589	0.44976	0.02029	0.02594	0.02530	0.01907	0.02647	0.01611	0.02213	0.01310	0.00808	0.00866	0.00269	0.01078	0.00777	0.00417	0.01247
30	0.02328	0.06551	0.02555	0.09452	0.12163	0.15955	0.01762	0.12896	0.02265	0.02821	0.01776	0.02293	0.01492	0.02300	0.16865	0.00536	0.03634	0.00750	0.00513	0.01096
31	0.01813	0.08211	0.33051	0.02972	0.19029	0.01982	0.02574	0.02517	0.01797	0.02602	0.01694	0.02169	0.01367	0.01812	0.12237	0.00463	0.01380	0.00717	0.00403	0.01211
32	0.01582	0.01209	0.01526	0.08202	0.06600	0.01220	0.01178	0.08145	0.02253	0.03077	0.15164	0.05613	0.22191	0.01596	0.00933	0.00278	0.00633	0.05603	0.12075	0.00921
33	0.02745	0.03237	0.02790	0.05858	0.19421	0.38978	0.02010	0.03061	0.02186	0.02329	0.01414	0.01800	0.01198	0.00933	0.01035	0.00254	0.08560	0.00651	0.00435	0.01104
34	0.01587	0.01483	0.02408	0.24820	0.16777	0.01559	0.06241	0.02056	0.01961	0.02576	0.10140	0.04299	0.17970	0.01282	0.00940	0.00283	0.00892	0.01154	0.00571	0.00999
35	0.02255	0.02229	0.02479	0.02925	0.21579	0.15299	0.01802	0.07305	0.11401	0.02821	0.02079	0.02511	0.01729	0.02302	0.16822	0.00538	0.01409	0.00803	0.00548	0.01163
36	0.35662	0.01991	0.02103	0.08580	0.14982	0.08788	0.01568	0.02888	0.01859	0.11741	0.01657	0.01888	0.01243	0.00856	0.00711	0.00265	0.00902	0.00630	0.00568	0.01118

[dist]
# distance from previous block
# <min> <max>
4	45

[block]
# block no. 8 follows, 20 sequences, length 274
# corresponding to MSA columns:
# 713-986
name=unknown_I
#
# <colnr> <probs for GDERKNQSTAVLIFYWHMCP>
#	G	D	E	R	K	N	Q	S	T	A	V	L	I	F	Y	W	H	M	C	P
0	0.02443	0.02236	0.09271	0.03452	0.31556	0.06292	0.02124	0.03037	0.05475	0.15224	0.02750	0.02888	0.07334	0.01008	0.00874	0.00266	0.00967	0.00879	0.00618	0.01307
1	0.07171	0.16907	0.33181	0.02816	0.15258	0.02326	0.05375	0.02703	0.01842	0.02719	0.01494	0.01810	0.01162	0.00796	0.00771	0.00255	0.01133	0.00641	0.00397	0.01243
2	0.01999	0.02079	0.03977	0.08016	0.15906	0.01950	0.33084	0.02610	0.01972	0.02775	0.01682	0.02203	0.01317	0.00735	0.00908	0.00254	0.01197	0.00858	0.00451	0.16026
3	0.01555	0.01216	0.01828	0.02348	0.14099	0.01216	0.01657	0.01979	0.02004	0.02658	0.04029	0.08319	0.04300	0.02086	0.01137	0.00373	0.00849	0.46698	0.00730	0.00918
4	0.03258	0.04157	0.02472	0.02247	0.02697	0.65843	0.01685	0.03483	0.02472	0.02135	0.01348	0.01573	0.01124	0.00899	0.00787	0.00225	0.01573	0.00562	0.00449	0.01011
5	0.01139	0.00822	0.01091	0.01258	0.01362	0.00774	0.00911	0.01363	0.01821	0.02420	0.10415	0.49438	0.08707	0.02561	0.01118	0.00352	0.00548	0.12343	0.00823	0.00738
