[name]
unknown

[dist]
# distance from previous block
# <min> <max>
0	21

[block]
# block no. 0 follows, 22 sequences, length 8
# corresponding to MSA columns:
# 21-28
name=unknown_A
#
# <colnr> <probs for GDERKNQSTAVLIFYWHMCP>
#	G	D	E	R	K	N	Q	S	T	A	V	L	I	F	Y	W	H	M	C	P
0	0.01590	0.01227	0.01380	0.01303	0.01598	0.01271	0.01010	0.10602	0.13088	0.02910	0.09002	0.09389	0.18566	0.11409	0.01423	0.00369	0.00647	0.11552	0.00765	0.00898
1	0.01986	0.01679	0.01870	0.11292	0.02356	0.09141	0.01383	0.10651	0.01938	0.02726	0.01810	0.02330	0.01489	0.01454	0.04796	0.05774	0.15333	0.00730	0.20360	0.00904
2	0.01009	0.00734	0.00953	0.01129	0.01198	0.00677	0.00759	0.01160	0.01618	0.02132	0.04922	0.64693	0.10842	0.02558	0.01053	0.00332	0.00477	0.02307	0.00771	0.00677
3	0.08373	0.03110	0.40577	0.01915	0.02828	0.01686	0.02239	0.05293	0.01960	0.08999	0.09513	0.02683	0.05315	0.00996	0.00804	0.00262	0.00972	0.00791	0.00540	0.01146
4	0.01881	0.30952	0.12326	0.11596	0.02774	0.05479	0.01746	0.02271	0.01702	0.02123	0.02172	0.02436	0.09234	0.01011	0.00940	0.00241	0.08987	0.00716	0.00414	0.00999
5	0.01836	0.00983	0.01324	0.01259	0.01535	0.00897	0.00977	0.02145	0.02101	0.19615	0.24479	0.22086	0.05261	0.01837	0.00986	0.00297	0.00553	0.10021	0.00887	0.00921
6	0.01008	0.00740	0.00946	0.01111	0.01193	0.00679	0.00751	0.01162	0.01634	0.02139	0.05135	0.61243	0.14155	0.02530	0.01049	0.00329	0.00473	0.02274	0.00771	0.00679
7	0.01909	0.01806	0.02817	0.08346	0.36863	0.01881	0.02075	0.02327	0.01732	0.02546	0.01456	0.01956	0.01244	0.00845	0.01111	0.00243	0.12808	0.00685	0.00417	0.16933

[dist]
# distance from previous block
# <min> <max>
1	4

[block]
# block no. 1 follows, 22 sequences, length 97
# corresponding to MSA columns:
# 33-129
name=unknown_B
#
# <colnr> <probs for GDERKNQSTAVLIFYWHMCP>
#	G	D	E	R	K	N	Q	S	T	A	V	L	I	F	Y	W	H	M	C	P
0	0.14070	0.01867	0.10068	0.02108	0.10956	0.01578	0.06267	0.02821	0.08308	0.15502	0.12407	0.03096	0.05317	0.01056	0.00818	0.00262	0.00786	0.00901	0.00682	0.01131
1	0.02191	0.02392	0.08631	0.20798	0.19762	0.14500	0.04549	0.02662	0.01896	0.07033	0.01574	0.02009	0.01223	0.00866	0.00963	0.00261	0.06443	0.00704	0.00440	0.01103
2	0.28442	0.07443	0.11721	0.01465	0.04280	0.01724	0.01315	0.02266	0.01570	0.02996	0.01672	0.02090	0.01368	0.03934	0.00913	0.00267	0.05764	0.00621	0.19218	0.00932
3	0.31977	0.13621	0.15141	0.01562	0.02208	0.05215	0.01545	0.02585	0.01670	0.07697	0.03784	0.01763	0.01327	0.00873	0.00789	0.00251	0.05891	0.00575	0.00494	0.01031
4	0.02689	0.37680	0.03339	0.01748	0.02328	0.32142	0.01495	0.02934	0.02021	0.04974	0.01312	0.01477	0.01114	0.00791	0.00645	0.00198	0.01155	0.00503	0.00419	0.01036
5	0.01076	0.00811	0.00995	0.01021	0.01198	0.00730	0.00738	0.01347	0.02009	0.02688	0.32319	0.24879	0.23025	0.02067	0.01003	0.00288	0.00425	0.01815	0.00834	0.00730
6	0.01752	0.03524	0.46645	0.03058	0.20393	0.01895	0.02835	0.02565	0.01816	0.02682	0.04103	0.02017	0.01400	0.00813	0.00806	0.00259	0.01128	0.00684	0.00390	0.01234
7	0.08883	0.03363	0.02412	0.02436	0.11003	0.47842	0.01674	0.08198	0.02348	0.02533	0.01372	0.01604	0.01119	0.00846	0.00747	0.00225	0.01311	0.00574	0.00467	0.01044
8	0.01248	0.01113	0.06150	0.01152	0.01431	0.00855	0.00950	0.01603	0.02081	0.05283	0.36498	0.18398	0.16402	0.01845	0.00975	0.00279	0.00491	0.01616	0.00823	0.00808
9	0.01012	0.00723	0.00964	0.01157	0.01205	0.00675	0.00771	0.01157	0.01591	0.02121	0.04579	0.70262	0.05495	0.02603	0.01060	0.00337	0.00482	0.02362	0.00771	0.00675
10	0.06786	0.02609	0.18208	0.03813	0.39199	0.06733	0.02446	0.02582	0.01863	0.02699	0.01624	0.02219	0.01360	0.00831	0.00804	0.00255	0.01051	0.03282	0.00420	0.01218
11	0.02225	0.03101	0.17700	0.02854	0.18312	0.24990	0.04767	0.02728	0.02081	0.02525	0.09049	0.02291	0.01943	0.00905	0.00814	0.00242	0.01172	0.00739	0.00463	0.01098
12	0.01207	0.00811	0.00934	0.00934	0.00943	0.00820	0.00538	0.01226	0.01216	0.01631	0.02592	0.05297	0.02960	0.66669	0.08281	0.00839	0.00896	0.01188	0.00500	0.00519
13	0.01204	0.00822	0.00988	0.00988	0.01017	0.00850	0.00606	0.01261	0.01232	0.01672	0.02542	0.05019	0.02839	0.58411	0.16374	0.00907	0.01078	0.01147	0.00492	0.00549
14	0.02348	0.01443	0.01687	0.01441	0.01878	0.01460	0.01132	0.17823	0.09711	0.18840	0.08400	0.16470	0.10743	0.01515	0.00907	0.00277	0.00652	0.01279	0.00868	0.01127
15	0.02212	0.05022	0.03280	0.02910	0.15058	0.02076	0.21281	0.06182	0.22003	0.07702	0.02313	0.02472	0.01738	0.00884	0.00869	0.00267	0.00986	0.00876	0.00616	0.01254
16	0.02045	0.02225	0.02244	0.04585	0.02287	0.20639	0.01619	0.02274	0.01607	0.01999	0.01390	0.02035	0.01285	0.02227	0.15199	0.00514	0.33831	0.00706	0.00399	0.00891
17	0.01548	0.00953	0.01104	0.01005	0.01338	0.00818	0.00775	0.01816	0.02079	0.14738	0.18915	0.06641	0.41527	0.01815	0.00953	0.00272	0.00470	0.01526	0.00850	0.00855
18	0.01728	0.01532	0.02016	0.06854	0.02444	0.01239	0.05564	0.02136	0.01735	0.02656	0.01491	0.01800	0.01223	0.00639	0.00659	0.00147	0.00712	0.00548	0.00477	0.64401
19	0.01017	0.00761	0.00945	0.01073	0.01188	0.00689	0.00739	0.01196	0.01719	0.02239	0.09961	0.50611	0.20008	0.02416	0.01036	0.00318	0.00461	0.02152	0.00782	0.00689
20	0.03158	0.02327	0.02493	0.01911	0.02576	0.02576	0.01579	0.62852	0.03906	0.05236	0.01995	0.01995	0.01413	0.00997	0.00831	0.00249	0.00914	0.00748	0.00831	0.01413
21	0.01589	0.01098	0.01268	0.01158	0.01378	0.01119	0.00842	0.13235	0.02203	0.03098	0.22822	0.12646	0.04453	0.18582	0.01712	0.00394	0.00604	0.01303	0.09675	0.00821
22	0.01904	0.03267	0.34580	0.03059	0.15498	0.05609	0.14486	0.02773	0.05848	0.02674	0.01652	0.01980	0.01240	0.00788	0.00835	0.00262	0.01194	0.00727	0.00412	0.01214
23	0.01055	0.00865	0.00943	0.00982	0.01244	0.00753	0.00776	0.01300	0.01897	0.02294	0.07595	0.08276	0.52924	0.02143	0.01016	0.00301	0.00491	0.13660	0.00770	0.00714
24	0.01535	0.01011	0.01311	0.01186	0.01522	0.00894	0.03716	0.01841	0.02062	0.12476	0.17724	0.06742	0.34193	0.01816	0.00978	0.00285	0.00546	0.08484	0.00822	0.00855
25	0.02071	0.02275	0.08204	0.09343	0.51398	0.07077	0.02499	0.02584	0.01900	0.02611	0.01529	0.02000	0.01261	0.00760	0.00815	0.00248	0.01055	0.00714	0.00405	0.01252
26	0.01041	0.00744	0.00998	0.01190	0.01251	0.00700	0.00822	0.01207	0.01619	0.02153	0.04563	0.64809	0.05431	0.02575	0.01068	0.00341	0.00507	0.07526	0.00771	0.00683
27	0.02022	0.02071	0.03927	0.04520	0.43406	0.02020	0.24321	0.02590	0.01917	0.02695	0.01605	0.02123	0.01296	0.00726	0.00880	0.00259	0.01137	0.00827	0.00414	0.01245
28	0.01821	0.01700	0.02859	0.24046	0.39681	0.01812	0.02330	0.02320	0.01824	0.02507	0.01879	0.02988	0.01671	0.00956	0.00864	0.00272	0.00997	0.07903	0.00441	0.01130
29	0.10569	0.01567	0.02207	0.20939	0.18805	0.01755	0.01759	0.05284	0.09111	0.02854	0.01906	0.02350	0.01509	0.01295	0.06152	0.00343	0.00971	0.00745	0.08822	0.01056
30	0.29086	0.01819	0.02554	0.06405	0.39821	0.01928	0.01941	0.02492	0.01708	0.03056	0.01412	0.01807	0.01156	0.00755	0.00711	0.00252	0.00867	0.00635	0.00447	0.01148
31	0.02168	0.07555	0.02972	0.16326	0.33731	0.12718	0.02143	0.04925	0.01980	0.02544	0.01532	0.01979	0.01253	0.00794	0.00780	0.00240	0.01059	0.00685	0.03471	0.01145
32	0.01721	0.01757	0.01647	0.04668	0.01962	0.19290	0.01235	0.02004	0.01654	0.01980	0.02203	0.02938	0.04523	0.04324	0.43182	0.00932	0.01895	0.00823	0.00451	0.00809
33	0.02097	0.16320	0.23382	0.02533	0.14832	0.15356	0.02121	0.02596	0.01839	0.02302	0.01502	0.02018	0.01290	0.07212	0.01054	0.00283	0.01132	0.00644	0.00393	0.01094
34	0.13361	0.03763	0.53713	0.04873	0.03372	0.01916	0.02700	0.02581	0.01697	0.02781	0.01438	0.01710	0.01031	0.00788	0.00748	0.00263	0.01132	0.00593	0.00377	0.01164
35	0.03529	0.01370	0.01864	0.01444	0.02052	0.01187	0.01187	0.03856	0.02376	0.61312	0.08089	0.03090	0.02506	0.01080	0.00847	0.00257	0.00682	0.00887	0.01019	0.01365
36	0.01026	0.00734	0.00955	0.01125	0.01178	0.00686	0.00745	0.01162	0.01573	0.02086	0.04575	0.62807	0.07624	0.07884	0.01304	0.00372	0.00505	0.02248	0.00750	0.00662
37	0.01748	0.01636	0.02186	0.07661	0.24977	0.07058	0.01650	0.02324	0.07720	0.02778	0.19215	0.11379	0.03649	0.01273	0.00890	0.00264	0.00788	0.01140	0.00628	0.01037
38	0.01723	0.01782	0.02127	0.02043	0.07094	0.13907	0.11402	0.02076	0.01985	0.02363	0.04261	0.08294	0.20161	0.01594	0.00968	0.00292	0.00920	0.15507	0.00618	0.00883
39	0.01080	0.00826	0.01007	0.01123	0.01298	0.00754	0.00854	0.01308	0.01788	0.02258	0.06048	0.30909	0.28894	0.02331	0.01051	0.00326	0.00527	0.16143	0.00770	0.00707
40	0.02117	0.02117	0.03052	0.22265	0.32209	0.09807	0.06720	0.06907	0.02033	0.02646	0.01545	0.02043	0.01231	0.00795	0.00828	0.00254	0.01107	0.00733	0.00433	0.01156
41	0.02234	0.02975	0.15180	0.07137	0.07670	0.27325	0.01889	0.06453	0.02113	0.02451	0.02032	0.12239	0.01929	0.01163	0.00838	0.00259	0.01155	0.03443	0.00498	0.01018
42	0.02769	0.03361	0.02495	0.02687	0.15256	0.49964	0.01760	0.03045	0.02195	0.02164	0.01401	0.01724	0.01184	0.01177	0.05039	0.00292	0.01441	0.00599	0.00426	0.01020
43	0.01747	0.02117	0.15492	0.03401	0.32570	0.01638	0.02266	0.02300	0.01870	0.02624	0.02458	0.04342	0.02374	0.01249	0.00920	0.00294	0.00964	0.19738	0.00512	0.01121
44	0.02070	0.02162	0.01941	0.01755	0.01997	0.22741	0.01362	0.06764	0.01858	0.02216	0.01973	0.02673	0.04311	0.07702	0.20441	0.00613	0.15279	0.00793	0.00471	0.00878
45	0.01792	0.14950	0.02725	0.02905	0.29807	0.01883	0.01690	0.02334	0.07571	0.02509	0.03543	0.03652	0.19032	0.01146	0.00813	0.00246	0.00782	0.00981	0.00540	0.01098
46	0.01012	0.00723	0.00964	0.01157	0.01205	0.00675	0.00771	0.01157	0.01591	0.02121	0.04579	0.70262	0.05495	0.02603	0.01060	0.00337	0.00482	0.02362	0.00771	0.00675
47	0.00993	0.00842	0.00856	0.00853	0.01129	0.00706	0.00640	0.01213	0.01919	0.02304	0.11559	0.07896	0.62105	0.02081	0.00982	0.00279	0.00419	0.01739	0.00779	0.00706
48	0.05837	0.32960	0.05681	0.01793	0.02379	0.34351	0.01553	0.02894	0.02002	0.02096	0.01231	0.01430	0.01060	0.00787	0.00647	0.00202	0.01187	0.00495	0.00397	0.01015
49	0.01666	0.04297	0.66500	0.02368	0.03596	0.01929	0.03069	0.02631	0.01754	0.02631	0.01491	0.01754	0.01052	0.00789	0.00789	0.00263	0.01228	0.00614	0.00351	0.01228
50	0.01549	0.00774	0.00774	0.00774	0.00968	0.00774	0.00581	0.01936	0.01742	0.03097	0.02710	0.03097	0.02129	0.00968	0.00581	0.00194	0.00387	0.00774	0.75416	0.00774
51	0.01207	0.00809	0.00927	0.00927	0.00934	0.00817	0.00529	0.01221	0.01214	0.01626	0.02599	0.05332	0.02975	0.67709	0.07262	0.00831	0.00873	0.01193	0.00501	0.00515
52	0.01297	0.00948	0.01032	0.01023	0.01073	0.03584	0.00641	0.01371	0.01299	0.01744	0.02501	0.04813	0.02745	0.54201	0.14498	0.00844	0.01053	0.01109	0.03649	0.00573
53	0.01429	0.00994	0.01199	0.01088	0.01359	0.00938	0.00833	0.06818	0.02375	0.05928	0.44091	0.05931	0.17773	0.01661	0.00947	0.00261	0.00455	0.01431	0.03641	0.00848
54	0.01106	0.00863	0.01143	0.01255	0.01315	0.00900	0.00885	0.01260	0.01576	0.02116	0.04460	0.57251	0.09615	0.02427	0.01253	0.00336	0.08692	0.02119	0.00723	0.00705
55	0.02421	0.01906	0.02226	0.01825	0.02227	0.02223	0.01491	0.35923	0.02806	0.03827	0.02314	0.06754	0.05184	0.01679	0.06497	0.00369	0.17584	0.00913	0.00680	0.01151
56	0.03117	0.03562	0.02388	0.02085	0.02570	0.51692	0.01599	0.17792	0.02731	0.02812	0.01457	0.01619	0.01153	0.00890	0.00769	0.00223	0.01356	0.00587	0.00526	0.01072
57	0.00984	0.00833	0.00851	0.00865	0.01128	0.00699	0.00641	0.01190	0.01871	0.02235	0.08133	0.12579	0.60883	0.02141	0.00988	0.00285	0.00425	0.01798	0.00771	0.00699
58	0.00982	0.00842	0.00842	0.00842	0.01122	0.00701	0.00631	0.01192	0.01894	0.02244	0.08416	0.07995	0.65285	0.02104	0.00982	0.00281	0.00421	0.01753	0.00771	0.00701
59	0.02160	0.01764	0.01849	0.01629	0.02019	0.06855	0.01270	0.24273	0.12810	0.03430	0.02736	0.16195	0.02526	0.02337	0.13671	0.00478	0.01081	0.01117	0.00716	0.01083
60	0.02993	0.01764	0.01993	0.01564	0.02129	0.01842	0.01281	0.34441	0.03051	0.21630	0.02492	0.02445	0.01734	0.01000	0.00782	0.00240	0.00752	0.00777	0.15804	0.01285
61	0.01452	0.01025	0.01100	0.01022	0.01370	0.00928	0.00786	0.01930	0.09340	0.10348	0.07179	0.06771	0.49969	0.01854	0.00947	0.00278	0.00484	0.01542	0.00812	0.00863
62	0.01012	0.00723	0.00964	0.01157	0.01205	0.00675	0.00771	0.01157	0.01591	0.02121	0.04579	0.70262	0.05495	0.02603	0.01060	0.00337	0.00482	0.02362	0.00771	0.00675
63	0.01694	0.01871	0.10159	0.23996	0.26965	0.01704	0.02143	0.02168	0.01672	0.02306	0.01729	0.02719	0.01546	0.14222	0.01475	0.00365	0.01019	0.00814	0.00408	0.01026
64	0.70886	0.07023	0.01464	0.01118	0.01647	0.01974	0.00940	0.02446	0.01435	0.03589	0.01157	0.01348	0.00913	0.00766	0.00516	0.00251	0.00662	0.00449	0.00502	0.00913
65	0.01633	0.01274	0.01722	0.01977	0.14452	0.01273	0.01240	0.06721	0.06118	0.05440	0.22845	0.04721	0.14815	0.04558	0.07162	0.00382	0.00772	0.01204	0.00722	0.00970
66	0.01038	0.00741	0.00993	0.01186	0.01245	0.00697	0.00815	0.01201	0.01616	0.02149	0.04565	0.65530	0.05439	0.02579	0.01067	0.00341	0.00504	0.06844	0.00771	0.00682
67	0.01995	0.01911	0.03261	0.13104	0.58096	0.01958	0.02519	0.02496	0.01863	0.02640	0.01552	0.02076	0.01290	0.00752	0.00823	0.00251	0.01002	0.00740	0.00406	0.01267
68	0.01310	0.00910	0.00971	0.00918	0.01241	0.00763	0.00702	0.01533	0.01951	0.09880	0.07802	0.07378	0.57736	0.01975	0.00964	0.00278	0.00455	0.01644	0.00802	0.00786
69	0.01666	0.04297	0.66500	0.02368	0.03596	0.01929	0.03069	0.02631	0.01754	0.02631	0.01491	0.01754	0.01052	0.00789	0.00789	0.00263	0.01228	0.00614	0.00351	0.01228
70	0.02538	0.02920	0.02176	0.01969	0.02333	0.38307	0.01513	0.03274	0.17158	0.02371	0.01849	0.02073	0.01513	0.01441	0.06568	0.00342	0.09424	0.00686	0.00523	0.01024
71	0.01049	0.00821	0.00951	0.00967	0.01176	0.00723	0.00707	0.01305	0.01981	0.02567	0.25769	0.19375	0.35503	0.02070	0.00996	0.00285	0.00423	0.01790	0.00817	0.00723
72	0.02196	0.17031	0.18456	0.15409	0.07993	0.20792	0.02132	0.02691	0.01903	0.02230	0.01367	0.01709	0.01090	0.00797	0.00737	0.00233	0.01194	0.00591	0.00382	0.01066
73	0.01854	0.02640	0.23487	0.14323	0.36224	0.01939	0.02678	0.02508	0.01811	0.02594	0.01526	0.01984	0.01198	0.00770	0.00813	0.00257	0.01083	0.00699	0.00385	0.01225
74	0.02098	0.02129	0.14704	0.02333	0.15019	0.07443	0.01751	0.02546	0.02000	0.15081	0.10078	0.15686	0.02972	0.01290	0.00876	0.00268	0.00858	0.01118	0.00652	0.01098
75	0.02188	0.15843	0.08382	0.10653	0.16534	0.15500	0.12047	0.02649	0.01898	0.02321	0.01415	0.01822	0.01156	0.00791	0.00843	0.00241	0.03554	0.00671	0.00394	0.01097
76	0.01572	0.01464	0.02444	0.44728	0.04513	0.01676	0.08668	0.04507	0.01822	0.02340	0.02614	0.06359	0.09135	0.01119	0.00889	0.00284	0.01007	0.03462	0.00477	0.00920
77	0.01239	0.00966	0.01434	0.01405	0.01541	0.01162	0.01102	0.01526	0.01330	0.01934	0.02132	0.03145	0.01996	0.05839	0.62197	0.01255	0.07727	0.00877	0.00438	0.00755
78	0.01847	0.05263	0.10569	0.02311	0.02734	0.07186	0.15826	0.02253	0.01595	0.02201	0.01499	0.02205	0.01331	0.05007	0.09531	0.00448	0.26041	0.00787	0.00396	0.00968
79	0.01027	0.00729	0.00960	0.01138	0.01183	0.00684	0.00751	0.01161	0.01562	0.02083	0.04434	0.65490	0.05312	0.07624	0.01294	0.00372	0.00506	0.02277	0.00751	0.00662
80	0.00982	0.00842	0.00842	0.00842	0.01122	0.00701	0.00631	0.01192	0.01894	0.02244	0.08416	0.07995	0.65285	0.02104	0.00982	0.00281	0.00421	0.01753	0.00771	0.00701
81	0.01189	0.00880	0.01284	0.01284	0.01415	0.01011	0.00975	0.01451	0.01320	0.01891	0.02272	0.03523	0.02189	0.13941	0.59956	0.01272	0.02056	0.00928	0.00452	0.00713
82	0.01286	0.00882	0.01069	0.01010	0.01262	0.00782	0.00762	0.01599	0.02161	0.07462	0.38233	0.09347	0.27400	0.01830	0.00974	0.00271	0.00429	0.01579	0.00867	0.00796
83	0.01443	0.00722	0.01082	0.01082	0.01082	0.00722	0.00722	0.01082	0.01082	0.01443	0.01443	0.02525	0.01443	0.02886	0.03247	0.75830	0.00722	0.00722	0.00361	0.00361
84	0.01208	0.00805	0.00906	0.00906	0.00906	0.00805	0.00503	0.01208	0.01208	0.01611	0.02618	0.05436	0.03020	0.70804	0.04228	0.00805	0.00805	0.01208	0.00503	0.00503
85	0.01309	0.07394	0.21580	0.01380	0.01982	0.01292	0.01466	0.01775	0.01876	0.02442	0.10912	0.05370	0.35019	0.01549	0.00887	0.00265	0.00706	0.01274	0.00621	0.00901
86	0.01723	0.01477	0.01723	0.01230	0.01969	0.01107	0.00984	0.02092	0.01723	0.02707	0.01477	0.01723	0.01230	0.00615	0.00615	0.00123	0.00615	0.00492	0.00492	0.75883
87	0.01118	0.00793	0.00979	0.01030	0.01113	0.00758	0.00680	0.01274	0.01627	0.02193	0.16468	0.27320	0.09630	0.26143	0.04698	0.00518	0.00638	0.01683	0.00695	0.00642
88	0.01860	0.01295	0.01487	0.01300	0.01514	0.01485	0.01005	0.14132	0.01987	0.03032	0.02237	0.03080	0.01957	0.14547	0.01747	0.00356	0.13798	0.00844	0.31462	0.00877
89	0.01496	0.03231	0.45739	0.02060	0.02962	0.01593	0.05003	0.02228	0.01740	0.02500	0.02634	0.16095	0.06689	0.01249	0.00867	0.00280	0.01025	0.01067	0.00470	0.01072
90	0.05131	0.05891	0.02370	0.05433	0.17428	0.15055	0.01670	0.06825	0.02131	0.02764	0.12204	0.03393	0.02690	0.01170	0.00966	0.00264	0.05321	0.07705	0.00565	0.01026
91	0.16613	0.15952	0.06046	0.07562	0.18775	0.02126	0.10780	0.02399	0.01744	0.02668	0.01941	0.02257	0.06119	0.00849	0.00738	0.00245	0.00937	0.00732	0.00444	0.01074
92	0.02080	0.02281	0.08294	0.23589	0.13566	0.14401	0.01994	0.07159	0.04579	0.02465	0.01571	0.02067	0.01253	0.01088	0.01099	0.09278	0.01094	0.00695	0.00440	0.01009
93	0.02277	0.02254	0.06948	0.16828	0.29561	0.06913	0.02228	0.17180	0.02360	0.03152	0.01625	0.02013	0.01262	0.00833	0.00819	0.00252	0.01047	0.00718	0.00502	0.01228
94	0.01764	0.01872	0.07473	0.22084	0.36718	0.01783	0.02291	0.02275	0.01818	0.02488	0.02352	0.02787	0.08876	0.00932	0.00841	0.00260	0.00971	0.00851	0.00438	0.01127
95	0.05103	0.02197	0.05503	0.11149	0.30442	0.07353	0.02097	0.12677	0.09638	0.03129	0.01799	0.02104	0.01406	0.00852	0.00808	0.00253	0.00988	0.00732	0.00530	0.01237
96	0.13497	0.02090	0.17022	0.04301	0.04985	0.04696	0.01642	0.02050	0.01663	0.02587	0.06865	0.18923	0.02681	0.01614	0.03975	0.00336	0.08496	0.01113	0.00534	0.00930

[dist]
# distance from previous block
# <min> <max>
19	50

[block]
# block no. 2 follows, 22 sequences, length 29
# corresponding to MSA columns:
# 185-213
name=unknown_C
#
# <colnr> <probs for GDERKNQSTAVLIFYWHMCP>
#	G	D	E	R	K	N	Q	S	T	A	V	L	I	F	Y	W	H	M	C	P
0	0.02068	0.16347	0.31526	0.07403	0.10092	0.09479	0.02379	0.06776	0.01964	0.02587	0.01446	0.01730	0.01115	0.00794	0.00746	0.00240	0.01136	0.00605	0.00401	0.01167
1	0.07556	0.25751	0.03166	0.27884	0.13110	0.05285	0.01902	0.02390	0.01718	0.02270	0.01346	0.01790	0.01108	0.00772	0.00699	0.00234	0.00996	0.00607	0.00384	0.01032
2	0.01793	0.01710	0.01995	0.07815	0.17738	0.10774	0.01500	0.07053	0.02047	0.02579	0.05763	0.20544	0.12293	0.01506	0.00905	0.00274	0.00826	0.01310	0.00611	0.00964
3	0.04403	0.01331	0.04447	0.01634	0.06605	0.01277	0.03420	0.05504	0.05174	0.02481	0.07765	0.16698	0.07531	0.22074	0.01996	0.00444	0.04455	0.01315	0.00618	0.00828
4	0.01835	0.01516	0.01639	0.01382	0.01838	0.03916	0.01048	0.10931	0.11374	0.02921	0.02577	0.16079	0.02498	0.08917	0.01175	0.00287	0.00693	0.01051	0.00649	0.27674
5	0.01305	0.00884	0.00995	0.00972	0.01010	0.00896	0.00574	0.04555	0.01372	0.01831	0.02672	0.08157	0.03044	0.63953	0.03902	0.00754	0.00797	0.01235	0.00533	0.00560
6	0.24612	0.07358	0.02106	0.15616	0.02774	0.15080	0.01475	0.06144	0.01813	0.02740	0.01409	0.01821	0.01153	0.01412	0.07750	0.00364	0.04365	0.00604	0.00460	0.00945
7	0.76672	0.01607	0.01221	0.01092	0.01607	0.01864	0.00900	0.02442	0.01414	0.03727	0.01157	0.01350	0.00900	0.00771	0.00514	0.00257	0.00643	0.00450	0.00514	0.00900
8	0.01058	0.00815	0.00967	0.00991	0.01185	0.00724	0.00720	0.01317	0.01983	0.02602	0.27715	0.22514	0.30256	0.02081	0.01000	0.00288	0.00425	0.01812	0.00822	0.00724
9	0.01187	0.00890	0.01335	0.01335	0.01483	0.01038	0.01038	0.01483	0.01335	0.01928	0.02225	0.03264	0.02077	0.06231	0.67512	0.01335	0.02225	0.00890	0.00445	0.00742
10	0.01097	0.00777	0.01024	0.01129	0.01185	0.00780	0.00757	0.01235	0.01443	0.01953	0.03613	0.40490	0.04186	0.20554	0.15151	0.00655	0.00912	0.01776	0.00638	0.00645
11	0.03158	0.02327	0.02493	0.01911	0.02576	0.02576	0.01579	0.62852	0.03906	0.05236	0.01995	0.01995	0.01413	0.00997	0.00831	0.00249	0.00914	0.00748	0.00831	0.01413
12	0.01666	0.04297	0.66500	0.02368	0.03596	0.01929	0.03069	0.02631	0.01754	0.02631	0.01491	0.01754	0.01052	0.00789	0.00789	0.00263	0.01228	0.00614	0.00351	0.01228
13	0.01443	0.00722	0.01082	0.01082	0.01082	0.00722	0.00722	0.01082	0.01082	0.01443	0.01443	0.02525	0.01443	0.02886	0.03247	0.75830	0.00722	0.00722	0.00361	0.00361
14	0.01010	0.00843	0.00880	0.00871	0.01139	0.00713	0.00653	0.01246	0.01959	0.02400	0.16569	0.07738	0.57035	0.02046	0.00982	0.00278	0.00417	0.01717	0.00792	0.00713
15	0.01033	0.00858	0.00913	0.00940	0.01208	0.00738	0.00733	0.01268	0.01896	0.02279	0.07839	0.08193	0.56595	0.02131	0.01006	0.00295	0.00470	0.10123	0.00771	0.00710
16	0.01734	0.01321	0.01457	0.01345	0.01700	0.01384	0.01027	0.08278	0.23913	0.06521	0.07827	0.17131	0.19630	0.01672	0.00926	0.00287	0.00576	0.01425	0.00824	0.01022
17	0.28985	0.01830	0.01800	0.01492	0.02024	0.02052	0.01211	0.26247	0.11394	0.04237	0.08882	0.02387	0.02100	0.01013	0.00737	0.00258	0.00723	0.00752	0.00729	0.01146
18	0.01042	0.00760	0.00981	0.01103	0.01204	0.00699	0.00760	0.01243	0.01774	0.02378	0.17217	0.51149	0.11880	0.02370	0.01036	0.00316	0.00458	0.02128	0.00800	0.00699
19	0.03114	0.03633	0.02382	0.02094	0.02570	0.54491	0.01600	0.15224	0.02665	0.02674	0.01426	0.01597	0.01139	0.00884	0.00765	0.00221	0.01381	0.00578	0.00509	0.01053
20	0.01956	0.01872	0.03191	0.18163	0.53339	0.01948	0.02500	0.02462	0.01844	0.02593	0.01545	0.02089	0.01273	0.00759	0.00824	0.00253	0.01012	0.00740	0.00403	0.01235
21	0.01831	0.01013	0.01188	0.01049	0.01420	0.00868	0.00812	0.02076	0.02035	0.21540	0.10081	0.06208	0.39763	0.05011	0.01092	0.00297	0.00523	0.01436	0.00845	0.00912
22	0.01175	0.00797	0.00942	0.00992	0.01012	0.00787	0.00604	0.01226	0.01325	0.01763	0.03115	0.18858	0.03622	0.53127	0.03413	0.00687	0.00737	0.04694	0.00572	0.00553
23	0.02613	0.02430	0.02647	0.10021	0.15491	0.15110	0.01883	0.26141	0.02680	0.03426	0.01619	0.01916	0.01259	0.00947	0.01008	0.00257	0.08084	0.00701	0.00569	0.01199
24	0.02321	0.02208	0.12333	0.01980	0.05060	0.01953	0.01759	0.32388	0.02900	0.03927	0.05243	0.04044	0.02498	0.01319	0.00912	0.00286	0.00906	0.16055	0.00724	0.01185
25	0.01123	0.00803	0.01050	0.01182	0.01283	0.00765	0.00859	0.01334	0.01717	0.02285	0.11411	0.39356	0.07982	0.10335	0.01435	0.00390	0.00568	0.14677	0.00755	0.00688
26	0.01571	0.01616	0.01311	0.01295	0.01550	0.17700	0.00960	0.01802	0.02016	0.02332	0.13800	0.18828	0.25914	0.01838	0.00945	0.00277	0.00718	0.04045	0.00704	0.00777
27	0.08856	0.01914	0.14411	0.01470	0.01958	0.01514	0.01361	0.16051	0.02115	0.03185	0.02451	0.13885	0.02318	0.11222	0.01278	0.00338	0.00778	0.01031	0.12895	0.00970
28	0.17207	0.02555	0.21934	0.02229	0.03077	0.01804	0.20714	0.02496	0.01743	0.02896	0.01529	0.01872	0.01155	0.00740	0.00758	0.00244	0.01039	0.00683	0.03495	0.11830

[dist]
# distance from previous block
# <min> <max>
0	14

[block]
# block no. 3 follows, 22 sequences, length 42
# corresponding to MSA columns:
# 228-269
name=unknown_D
#
# <colnr> <probs for GDERKNQSTAVLIFYWHMCP>
#	G	D	E	R	K	N	Q	S	T	A	V	L	I	F	Y	W	H	M	C	P
0	0.05374	0.09916	0.18186	0.02172	0.05618	0.14117	0.06742	0.11948	0.02258	0.10188	0.01835	0.04728	0.01436	0.00918	0.00785	0.00246	0.01085	0.00730	0.00548	0.01171
1	0.02077	0.14185	0.12635	0.11470	0.03014	0.15838	0.04715	0.02635	0.05790	0.02344	0.05115	0.02065	0.01570	0.00937	0.00989	0.00249	0.09161	0.00684	0.00444	0.04083
2	0.10021	0.02105	0.03075	0.03002	0.18930	0.05830	0.16772	0.15098	0.02224	0.03180	0.01661	0.02182	0.01359	0.05276	0.01163	0.00297	0.05374	0.00788	0.00516	0.01147
3	0.01042	0.00844	0.00925	0.00905	0.01159	0.00727	0.00679	0.01309	0.02036	0.02581	0.26026	0.07440	0.47464	0.01978	0.00981	0.00275	0.00412	0.01675	0.00816	0.00727
4	0.02350	0.04383	0.01886	0.01385	0.01949	0.01568	0.01132	0.17734	0.02352	0.12121	0.02086	0.02219	0.01566	0.00878	0.00770	0.00200	0.03264	0.00670	0.16306	0.25179
5	0.01054	0.00800	0.00971	0.01021	0.01190	0.00717	0.00730	0.01297	0.01926	0.02539	0.24784	0.30314	0.25325	0.02160	0.01010	0.00295	0.00434	0.01898	0.00816	0.00717
6	0.05208	0.04170	0.63417	0.02308	0.03502	0.01926	0.02967	0.02622	0.01738	0.02683	0.01475	0.01735	0.01045	0.00788	0.00776	0.00263	0.01200	0.00606	0.00358	0.01212
7	0.03103	0.03959	0.02354	0.02140	0.02568	0.67469	0.01605	0.03317	0.02354	0.02033	0.01284	0.01498	0.01070	0.00856	0.00749	0.00214	0.01498	0.00535	0.00428	0.00963
8	0.01443	0.00722	0.01082	0.01082	0.01082	0.00722	0.00722	0.01082	0.01082	0.01443	0.01443	0.02525	0.01443	0.02886	0.03247	0.75830	0.00722	0.00722	0.00361	0.00361
9	0.15024	0.01771	0.01889	0.01551	0.02081	0.01926	0.01253	0.25114	0.14662	0.12081	0.11506	0.02819	0.02562	0.01091	0.00803	0.00260	0.00717	0.00856	0.00818	0.01216
10	0.01253	0.00893	0.00981	0.00965	0.01039	0.00900	0.00588	0.01478	0.06637	0.01848	0.03402	0.05556	0.10708	0.56358	0.03538	0.00696	0.00745	0.01253	0.00566	0.00597
11	0.01109	0.00847	0.01017	0.00975	0.01200	0.00755	0.00731	0.01438	0.02193	0.02955	0.45527	0.06825	0.27730	0.01839	0.00981	0.00268	0.00402	0.01589	0.00865	0.00755
12	0.01044	0.00777	0.00913	0.01006	0.01116	0.00710	0.00671	0.01179	0.01606	0.02053	0.05371	0.37195	0.23715	0.16706	0.01698	0.00417	0.00530	0.01930	0.00715	0.00647
13	0.02221	0.71304	0.04353	0.01421	0.02132	0.03287	0.01421	0.02488	0.01688	0.01955	0.01155	0.01333	0.01066	0.00711	0.00533	0.00178	0.00888	0.00444	0.00355	0.01066
14	0.01012	0.00723	0.00964	0.01157	0.01205	0.00675	0.00771	0.01157	0.01591	0.02121	0.04579	0.70262	0.05495	0.02603	0.01060	0.00337	0.00482	0.02362	0.00771	0.00675
15	0.01189	0.00884	0.01145	0.01290	0.01476	0.00840	0.01057	0.01484	0.01847	0.02358	0.05424	0.20489	0.19853	0.02306	0.01090	0.00349	0.00627	0.34791	0.00768	0.00732
16	0.02056	0.01974	0.03372	0.05099	0.65622	0.01974	0.02550	0.02550	0.01892	0.02714	0.01563	0.02056	0.01316	0.00740	0.00822	0.00247	0.00987	0.00740	0.00411	0.01316
17	0.01277	0.00956	0.01082	0.01089	0.01162	0.03396	0.00727	0.01385	0.01360	0.01786	0.02850	0.05238	0.05317	0.46642	0.16961	0.00840	0.01110	0.05704	0.00519	0.00599
18	0.01128	0.00847	0.01044	0.00995	0.01212	0.00763	0.00746	0.01475	0.02238	0.03062	0.51138	0.06648	0.22052	0.01799	0.00980	0.00266	0.00399	0.01564	0.00879	0.00763
19	0.01188	0.00885	0.01308	0.01308	0.01447	0.01024	0.01004	0.01466	0.01327	0.01908	0.02250	0.03402	0.02137	0.10340	0.63484	0.01301	0.02135	0.00910	0.00449	0.00727
20	0.01800	0.04748	0.01495	0.01189	0.01534	0.01119	0.00939	0.04662	0.05169	0.14743	0.39443	0.05196	0.11633	0.01509	0.00918	0.00258	0.00512	0.01293	0.00885	0.00956
21	0.10018	0.33425	0.18953	0.01771	0.02530	0.16223	0.01812	0.02692	0.01815	0.02322	0.01265	0.01473	0.01046	0.00767	0.00639	0.00215	0.01074	0.00506	0.00386	0.01067
22	0.20528	0.01811	0.02745	0.10421	0.36054	0.01893	0.05469	0.02580	0.01784	0.06920	0.01569	0.01958	0.01235	0.00773	0.00757	0.00255	0.00920	0.00688	0.00472	0.01167
23	0.02807	0.20356	0.02868	0.01952	0.02436	0.43778	0.01572	0.06435	0.02210	0.02195	0.01281	0.01506	0.01090	0.00866	0.00826	0.00217	0.05628	0.00537	0.00429	0.01011
24	0.01002	0.00842	0.00870	0.00863	0.01134	0.00710	0.00647	0.01231	0.01941	0.02357	0.14325	0.07809	0.59305	0.02062	0.00982	0.00279	0.00418	0.01727	0.00786	0.00710
25	0.01003	0.00760	0.00926	0.01058	0.01179	0.00683	0.00727	0.01168	0.01685	0.02159	0.05781	0.50748	0.24232	0.02446	0.01036	0.00320	0.00463	0.02171	0.00771	0.00683
26	0.17752	0.01634	0.01733	0.05695	0.02133	0.01788	0.01213	0.27052	0.02554	0.03762	0.03060	0.15742	0.09792	0.01382	0.00827	0.00273	0.00727	0.01117	0.00717	0.01046
27	0.04869	0.02127	0.09927	0.03219	0.30701	0.04770	0.04341	0.08604	0.02112	0.02924	0.05573	0.03130	0.12046	0.01044	0.00844	0.00255	0.00913	0.00916	0.00535	0.01151
28	0.01187	0.00890	0.01335	0.01335	0.01483	0.01038	0.01038	0.01483	0.01335	0.01928	0.02225	0.03264	0.02077	0.06231	0.67512	0.01335	0.02225	0.00890	0.00445	0.00742
29	0.01042	0.00750	0.00969	0.01108	0.01185	0.00697	0.00747	0.01210	0.01674	0.02236	0.11707	0.54812	0.09395	0.06779	0.01246	0.00355	0.00488	0.02151	0.00771	0.00678
30	0.01738	0.01770	0.03398	0.23433	0.04139	0.01892	0.29716	0.02284	0.01759	0.02419	0.01805	0.06544	0.01518	0.00955	0.01092	0.00286	0.08141	0.00953	0.05170	0.00987
31	0.25231	0.05656	0.19728	0.02603	0.18656	0.09899	0.02017	0.02628	0.01753	0.02891	0.01366	0.01657	0.01075	0.00776	0.00697	0.00247	0.01003	0.00579	0.00426	0.01110
32	0.29442	0.02002	0.07092	0.05521	0.18041	0.05926	0.06361	0.02414	0.01759	0.03019	0.05837	0.02363	0.05189	0.00903	0.00733	0.00257	0.00878	0.00736	0.00497	0.01031
33	0.05795	0.02199	0.01963	0.04793	0.04751	0.20636	0.01357	0.15234	0.02589	0.06544	0.21796	0.03211	0.03342	0.01152	0.00840	0.00245	0.00906	0.00915	0.00699	0.01034
34	0.01883	0.19479	0.02204	0.01336	0.01760	0.04279	0.01099	0.13459	0.02185	0.02832	0.08470	0.15586	0.10418	0.04166	0.00940	0.00265	0.00707	0.01153	0.03777	0.04004
35	0.01845	0.01652	0.01885	0.12397	0.02498	0.08266	0.01409	0.09668	0.08400	0.02602	0.02442	0.17837	0.02390	0.01869	0.06378	0.03828	0.09004	0.01112	0.00584	0.03933
36	0.01691	0.01569	0.02677	0.06617	0.09241	0.01679	0.16556	0.05884	0.01919	0.02691	0.13943	0.03130	0.02683	0.02171	0.15066	0.00502	0.09491	0.00976	0.00536	0.00977
37	0.09494	0.10027	0.07779	0.01357	0.01783	0.05634	0.01152	0.02377	0.01714	0.16406	0.02479	0.10812	0.02338	0.21118	0.01756	0.00412	0.00824	0.00993	0.00615	0.00929
38	0.01466	0.08923	0.14853	0.01315	0.01746	0.01361	0.01246	0.01934	0.05548	0.02273	0.03322	0.04456	0.12573	0.23046	0.01870	0.00426	0.00783	0.03691	0.08332	0.00835
39	0.07009	0.13852	0.02670	0.04478	0.02515	0.26366	0.08408	0.02703	0.04531	0.02416	0.08112	0.02250	0.01916	0.01237	0.04972	0.00296	0.01180	0.00712	0.00490	0.03886
40	0.02253	0.09396	0.08441	0.01973	0.08719	0.12599	0.01541	0.02707	0.04285	0.13440	0.02074	0.02400	0.01641	0.02212	0.17419	0.00507	0.01295	0.00726	0.05309	0.01061
41	0.05034	0.19453	0.02457	0.06926	0.02247	0.08659	0.03731	0.04651	0.01861	0.06395	0.04774	0.13408	0.02334	0.07085	0.01055	0.00283	0.00853	0.00963	0.00550	0.07281

[dist]
# distance from previous block
# <min> <max>
11	83

[block]
# block no. 4 follows, 22 sequences, length 36
# corresponding to MSA columns:
# 353-388
name=unknown_E
#
# <colnr> <probs for GDERKNQSTAVLIFYWHMCP>
#	G	D	E	R	K	N	Q	S	T	A	V	L	I	F	Y	W	H	M	C	P
0	0.02149	0.15049	0.11067	0.22953	0.03529	0.13043	0.01925	0.10838	0.02151	0.02657	0.05755	0.02114	0.01583	0.00889	0.00768	0.00242	0.01073	0.00688	0.00475	0.01054
1	0.01794	0.14703	0.34416	0.01963	0.02798	0.02135	0.02198	0.02781	0.13098	0.02584	0.02098	0.02276	0.04315	0.01148	0.03405	0.00300	0.05656	0.00715	0.00466	0.01152
2	0.07519	0.07040	0.02145	0.05880	0.02367	0.22571	0.01392	0.18464	0.02457	0.03024	0.02344	0.14469	0.04429	0.01244	0.00811	0.00253	0.00992	0.00973	0.00608	0.01020
3	0.12045	0.02545	0.02133	0.01899	0.02225	0.29586	0.04582	0.04807	0.01941	0.02418	0.01862	0.13733	0.01855	0.01258	0.01144	0.00273	0.13359	0.00912	0.00503	0.00919
4	0.01174	0.00829	0.00937	0.00957	0.01036	0.00799	0.00617	0.01258	0.01426	0.01836	0.04030	0.06386	0.16389	0.49164	0.03222	0.00650	0.00720	0.07412	0.00587	0.00572
5	0.10304	0.20270	0.05797	0.05059	0.02259	0.09565	0.01420	0.05068	0.12818	0.02745	0.01827	0.02020	0.01463	0.00912	0.00804	0.00236	0.05465	0.00640	0.10280	0.01045
6	0.02234	0.02644	0.10919	0.03032	0.23965	0.16077	0.02025	0.03313	0.21594	0.02797	0.02067	0.02226	0.01613	0.00893	0.00810	0.00253	0.01024	0.00742	0.00544	0.01228
7	0.02481	0.01676	0.05795	0.01498	0.02054	0.01534	0.01272	0.11071	0.17835	0.23978	0.04199	0.03901	0.16486	0.01280	0.00868	0.00268	0.00689	0.01046	0.00856	0.01214
8	0.01029	0.00760	0.00967	0.01125	0.01225	0.00699	0.00784	0.01201	0.01667	0.02168	0.05265	0.54817	0.16335	0.02491	0.01052	0.00330	0.00490	0.06139	0.00771	0.00686
9	0.05498	0.02998	0.36743	0.02649	0.17224	0.01712	0.02395	0.02341	0.01793	0.02636	0.02751	0.02939	0.12802	0.01017	0.00818	0.00262	0.00996	0.00842	0.00450	0.01135
10	0.02156	0.18025	0.03798	0.03742	0.35151	0.07278	0.13157	0.02614	0.01893	0.02479	0.01470	0.01882	0.01230	0.00735	0.00779	0.00235	0.01079	0.00701	0.00401	0.01196
11	0.01187	0.00890	0.01335	0.01335	0.01483	0.01038	0.01038	0.01483	0.01335	0.01928	0.02225	0.03264	0.02077	0.06231	0.67512	0.01335	0.02225	0.00890	0.00445	0.00742
12	0.01386	0.01182	0.01716	0.01602	0.01703	0.01513	0.01284	0.01646	0.01315	0.01951	0.01867	0.02808	0.01766	0.04725	0.47086	0.01029	0.23368	0.00839	0.00419	0.00794
13	0.11649	0.03265	0.40194	0.02780	0.17441	0.01894	0.02571	0.02661	0.01773	0.06096	0.01556	0.01826	0.01145	0.00788	0.00763	0.00258	0.01069	0.00633	0.00421	0.01215
14	0.02555	0.40161	0.06761	0.01766	0.02387	0.29580	0.01583	0.02836	0.01965	0.02022	0.01225	0.01422	0.01067	0.00775	0.00635	0.00197	0.01156	0.00490	0.00385	0.01032
15	0.01753	0.01177	0.01380	0.01138	0.01614	0.00992	0.00893	0.02165	0.05198	0.13494	0.13249	0.04747	0.24137	0.01371	0.00841	0.00227	0.00535	0.01145	0.00756	0.23185
16	0.02168	0.02302	0.02409	0.10793	0.02726	0.19122	0.01762	0.06426	0.01784	0.02238	0.01323	0.01890	0.01171	0.01487	0.05909	0.00367	0.34068	0.00691	0.00418	0.00948
17	0.02386	0.02600	0.03051	0.04166	0.45742	0.22624	0.02252	0.02792	0.02037	0.02499	0.01475	0.01880	0.01238	0.00777	0.00799	0.00236	0.01148	0.00676	0.00417	0.01205
18	0.01181	0.00967	0.01056	0.01013	0.01293	0.00904	0.00766	0.01724	0.10149	0.02727	0.24566	0.06826	0.40089	0.01856	0.00963	0.00275	0.00443	0.01573	0.00823	0.00806
19	0.01759	0.01260	0.01378	0.01257	0.01628	0.01283	0.00960	0.02764	0.25058	0.11002	0.05354	0.07831	0.27382	0.05934	0.01119	0.00313	0.00573	0.01321	0.00816	0.01009
20	0.02056	0.01974	0.03372	0.05099	0.65622	0.01974	0.02550	0.02550	0.01892	0.02714	0.01563	0.02056	0.01316	0.00740	0.00822	0.00247	0.00987	0.00740	0.00411	0.01316
21	0.02882	0.07052	0.09097	0.01631	0.02295	0.01749	0.01468	0.11368	0.13333	0.32212	0.03046	0.02809	0.05170	0.01048	0.00817	0.00256	0.00780	0.00837	0.00834	0.01313
22	0.01187	0.00890	0.01335	0.01335	0.01483	0.01038	0.01038	0.01483	0.01335	0.01928	0.02225	0.03264	0.02077	0.06231	0.67512	0.01335	0.02225	0.00890	0.00445	0.00742
23	0.01208	0.00805	0.00906	0.00906	0.00906	0.00805	0.00503	0.01208	0.01208	0.01611	0.02618	0.05436	0.03020	0.70804	0.04228	0.00805	0.00805	0.01208	0.00503	0.00503
24	0.02883	0.02082	0.02264	0.01790	0.02390	0.02287	0.01460	0.45523	0.13499	0.08649	0.06561	0.02510	0.02069	0.01068	0.00844	0.00256	0.00824	0.00835	0.00851	0.01355
25	0.01126	0.00771	0.00930	0.01011	0.01032	0.00751	0.00616	0.01187	0.01369	0.01825	0.03442	0.32677	0.04060	0.42145	0.02897	0.00609	0.00669	0.01693	0.00616	0.00575
26	0.01723	0.01477	0.01723	0.01230	0.01969	0.01107	0.00984	0.02092	0.01723	0.02707	0.01477	0.01723	0.01230	0.00615	0.00615	0.00123	0.00615	0.00492	0.00492	0.75883
27	0.01389	0.01105	0.01391	0.01284	0.01284	0.01320	0.00892	0.01442	0.01227	0.01726	0.02165	0.04365	0.02449	0.50272	0.03784	0.00675	0.21080	0.01066	0.00462	0.00623
28	0.01415	0.00891	0.01106	0.01070	0.01314	0.00792	0.00795	0.01688	0.02046	0.10941	0.26733	0.21405	0.22777	0.01939	0.00981	0.00284	0.00462	0.01689	0.00855	0.00817
29	0.01049	0.00738	0.00953	0.01110	0.01149	0.00699	0.00721	0.01166	0.01519	0.02025	0.04210	0.58077	0.05029	0.15422	0.01656	0.00425	0.00543	0.02145	0.00721	0.00643
30	0.01208	0.00805	0.00906	0.00906	0.00906	0.00805	0.00503	0.01208	0.01208	0.01611	0.02618	0.05436	0.03020	0.70804	0.04228	0.00805	0.00805	0.01208	0.00503	0.00503
31	0.02318	0.02183	0.03060	0.08599	0.44381	0.07967	0.02271	0.13571	0.02284	0.03072	0.01610	0.02006	0.01297	0.00804	0.00818	0.00246	0.01028	0.00723	0.00486	0.01275
32	0.01549	0.00774	0.00774	0.00774	0.00968	0.00774	0.00581	0.01936	0.01742	0.03097	0.02710	0.03097	0.02129	0.00968	0.00581	0.00194	0.00387	0.00774	0.75416	0.00774
33	0.00982	0.00842	0.00842	0.00842	0.01122	0.00701	0.00631	0.01192	0.01894	0.02244	0.08416	0.07995	0.65285	0.02104	0.00982	0.00281	0.00421	0.01753	0.00771	0.00701
34	0.01762	0.01510	0.01593	0.01456	0.01865	0.01674	0.01125	0.03499	0.46015	0.03185	0.08413	0.04414	0.17216	0.01386	0.00885	0.00280	0.00587	0.01161	0.00833	0.01141
35	0.02533	0.13758	0.03117	0.03224	0.28701	0.21458	0.01965	0.10633	0.02257	0.02721	0.01472	0.01768	0.01216	0.00803	0.00755	0.00226	0.01111	0.00633	0.00462	0.01185

[dist]
# distance from previous block
# <min> <max>
0	2

[block]
# block no. 5 follows, 22 sequences, length 44
# corresponding to MSA columns:
# 391-434
name=unknown_F
#
# <colnr> <probs for GDERKNQSTAVLIFYWHMCP>
#	G	D	E	R	K	N	Q	S	T	A	V	L	I	F	Y	W	H	M	C	P
0	0.53998	0.01561	0.03697	0.06677	0.01973	0.01676	0.01101	0.02271	0.01595	0.03440	0.09747	0.02489	0.02033	0.00978	0.00644	0.00266	0.00675	0.03726	0.00562	0.00891
1	0.01325	0.01097	0.01685	0.02337	0.20486	0.01064	0.01303	0.01574	0.01681	0.02298	0.03676	0.49847	0.04244	0.02045	0.00989	0.00310	0.00633	0.01876	0.00663	0.00867
2	0.16561	0.02186	0.02854	0.03671	0.37777	0.11120	0.05297	0.02612	0.01834	0.02773	0.01427	0.01839	0.01186	0.00799	0.00864	0.00252	0.04695	0.00668	0.00431	0.01154
3	0.24554	0.15399	0.09595	0.02110	0.13939	0.02091	0.01600	0.06529	0.01856	0.08226	0.01595	0.01796	0.01232	0.00804	0.00657	0.00236	0.00826	0.00593	0.05249	0.01113
4	0.02448	0.28232	0.18243	0.01924	0.02654	0.25606	0.01884	0.05827	0.02050	0.02306	0.01322	0.01524	0.01082	0.00795	0.00685	0.00214	0.01185	0.00532	0.00404	0.01085
5	0.02430	0.55382	0.03881	0.01591	0.02235	0.18461	0.01465	0.02684	0.01845	0.01973	0.01185	0.01372	0.01067	0.00745	0.00584	0.00186	0.01033	0.00466	0.00373	0.01042
6	0.01461	0.02967	0.41263	0.01841	0.02678	0.01481	0.02176	0.02190	0.01947	0.02812	0.21414	0.03617	0.08362	0.01173	0.00863	0.00264	0.00908	0.00977	0.00556	0.01050
7	0.01910	0.02349	0.15408	0.13834	0.44963	0.01947	0.02614	0.02503	0.01832	0.02612	0.01536	0.02021	0.01235	0.00763	0.00817	0.00254	0.01051	0.00716	0.00393	0.01242
8	0.01569	0.01477	0.02492	0.68808	0.05722	0.01846	0.02307	0.02123	0.01661	0.02123	0.01477	0.02215	0.01107	0.00831	0.00831	0.00277	0.01107	0.00738	0.00369	0.00923
9	0.02191	0.02229	0.03241	0.04719	0.57521	0.10389	0.02428	0.02648	0.01951	0.02627	0.01527	0.01984	0.01284	0.00755	0.00813	0.00243	0.01053	0.00714	0.00413	0.01271
10	0.01017	0.00733	0.00964	0.01139	0.01203	0.00680	0.00766	0.01174	0.01634	0.02173	0.07117	0.65033	0.08201	0.02545	0.01054	0.00332	0.00476	0.02301	0.00777	0.00680
11	0.01480	0.01402	0.02688	0.02157	0.02568	0.01441	0.24390	0.01930	0.01572	0.02206	0.02019	0.02876	0.01767	0.04133	0.42278	0.00935	0.01912	0.00924	0.00436	0.00885
12	0.01016	0.00843	0.00889	0.00878	0.01143	0.00716	0.00658	0.01259	0.01975	0.02436	0.18455	0.07679	0.55126	0.02032	0.00981	0.00277	0.00416	0.01709	0.00797	0.00716
13	0.01187	0.00890	0.01335	0.01335	0.01483	0.01038	0.01038	0.01483	0.01335	0.01928	0.02225	0.03264	0.02077	0.06231	0.67512	0.01335	0.02225	0.00890	0.00445	0.00742
14	0.02689	0.03284	0.02979	0.05904	0.09868	0.44243	0.13912	0.03047	0.02193	0.02236	0.01402	0.01741	0.01136	0.00811	0.00807	0.00234	0.01405	0.00656	0.00422	0.01031
15	0.01768	0.01744	0.02449	0.02114	0.02126	0.02426	0.01756	0.01959	0.01277	0.01994	0.01180	0.01931	0.01168	0.01830	0.07833	0.00440	0.63998	0.00740	0.00370	0.00896
16	0.00994	0.00842	0.00859	0.00855	0.01130	0.00707	0.00641	0.01217	0.01923	0.02315	0.12117	0.07878	0.61540	0.02077	0.00982	0.00279	0.00419	0.01737	0.00781	0.00707
17	0.00982	0.00842	0.00842	0.00842	0.01122	0.00701	0.00631	0.01192	0.01894	0.02244	0.08416	0.07995	0.65285	0.02104	0.00982	0.00281	0.00421	0.01753	0.00771	0.00701
18	0.01723	0.01477	0.01723	0.01230	0.01969	0.01107	0.00984	0.02092	0.01723	0.02707	0.01477	0.01723	0.01230	0.00615	0.00615	0.00123	0.00615	0.00492	0.00492	0.75883
19	0.17825	0.02015	0.02823	0.03471	0.34047	0.04531	0.05921	0.09019	0.01982	0.03113	0.01484	0.01874	0.01209	0.00832	0.00916	0.00259	0.06336	0.00687	0.00475	0.01181
20	0.01906	0.03305	0.40250	0.02848	0.15366	0.01928	0.06456	0.02880	0.08547	0.05913	0.01810	0.02042	0.01326	0.00823	0.00816	0.00263	0.01105	0.00708	0.00454	0.01257
21	0.01012	0.00723	0.00964	0.01157	0.01205	0.00675	0.00771	0.01157	0.01591	0.02121	0.04579	0.70262	0.05495	0.02603	0.01060	0.00337	0.00482	0.02362	0.00771	0.00675
22	0.03012	0.03325	0.02369	0.02147	0.05092	0.45213	0.01596	0.18725	0.02714	0.02937	0.01538	0.01714	0.01212	0.00893	0.00767	0.00224	0.01281	0.00608	0.03547	0.01087
23	0.01855	0.27115	0.45337	0.02046	0.03097	0.02392	0.02508	0.02582	0.01731	0.02401	0.01376	0.01610	0.01057	0.00763	0.00702	0.00234	0.01112	0.00556	0.00352	0.01173
