[name]
unknown

[dist]
# distance from previous block
# <min> <max>
18	19

[block]
# block no. 0 follows, 22 sequences, length 15
# corresponding to MSA columns:
# 20-34
name=unknown_A
#
# <colnr> <probs for GDERKNQSTAVLIFYWHMCP>
#	G	D	E	R	K	N	Q	S	T	A	V	L	I	F	Y	W	H	M	C	P
0	0.02442	0.31708	0.06567	0.01873	0.05389	0.23340	0.01575	0.05112	0.02006	0.02274	0.01306	0.01516	0.01112	0.00762	0.00651	0.00193	0.01073	0.00514	0.00417	0.10169
1	0.02011	0.02240	0.10596	0.04787	0.58525	0.01969	0.02609	0.02559	0.01876	0.02705	0.01554	0.02022	0.01286	0.00746	0.00819	0.00249	0.01014	0.00726	0.00404	0.01306
2	0.11713	0.13472	0.37238	0.02397	0.11583	0.02098	0.02389	0.02635	0.01745	0.05427	0.01484	0.01726	0.01114	0.00779	0.00722	0.00247	0.01045	0.00594	0.00410	0.01181
3	0.17799	0.01070	0.01172	0.01337	0.07185	0.01107	0.00856	0.01796	0.01585	0.02725	0.03024	0.14249	0.07720	0.12776	0.01301	0.00344	0.00586	0.01109	0.21473	0.00785
4	0.00996	0.00786	0.00899	0.00989	0.01161	0.00689	0.00697	0.01176	0.01752	0.02186	0.06619	0.37145	0.37295	0.02337	0.01019	0.00307	0.00449	0.02038	0.00771	0.00689
5	0.01807	0.04926	0.08864	0.03101	0.19032	0.01974	0.19377	0.02302	0.01804	0.02515	0.05244	0.02820	0.08122	0.01044	0.01213	0.00280	0.13112	0.00924	0.00459	0.01081
6	0.02643	0.02903	0.02565	0.02424	0.08881	0.33174	0.04095	0.12500	0.02302	0.02632	0.01452	0.01804	0.01209	0.01221	0.04285	0.00305	0.13408	0.00658	0.00480	0.01057
7	0.01115	0.00856	0.01027	0.01011	0.01239	0.00768	0.00776	0.01435	0.02131	0.02827	0.37303	0.07201	0.30034	0.01913	0.00996	0.00280	0.00438	0.07056	0.00845	0.00750
8	0.01986	0.01965	0.02811	0.03939	0.44411	0.09264	0.02112	0.02405	0.01823	0.02465	0.01675	0.02256	0.01454	0.01952	0.15367	0.00480	0.01316	0.00749	0.00421	0.01150
9	0.13166	0.14051	0.02596	0.01983	0.05328	0.31745	0.01527	0.12343	0.02290	0.02793	0.01362	0.01569	0.01112	0.00864	0.00785	0.00228	0.04155	0.00560	0.00488	0.01056
10	0.00995	0.00828	0.00869	0.00888	0.01138	0.00703	0.00655	0.01208	0.01883	0.02286	0.10906	0.15028	0.55479	0.02140	0.00991	0.00286	0.00426	0.01810	0.00779	0.00703
11	0.01027	0.00742	0.00972	0.01128	0.01204	0.00687	0.00765	0.01200	0.01684	0.02250	0.10906	0.60356	0.09038	0.02484	0.01048	0.00327	0.00470	0.02241	0.00786	0.00687
12	0.02388	0.02224	0.03012	0.03968	0.43039	0.08222	0.02191	0.15477	0.05654	0.03224	0.01724	0.02046	0.01378	0.00826	0.00819	0.00246	0.01002	0.00733	0.00525	0.01303
13	0.02126	0.03084	0.22524	0.02741	0.15029	0.16355	0.02246	0.02867	0.08971	0.02511	0.01611	0.01921	0.01283	0.00940	0.01106	0.00268	0.12156	0.00677	0.00438	0.01146
14	0.02453	0.24750	0.03350	0.02953	0.24632	0.23926	0.01879	0.02782	0.01979	0.02248	0.01341	0.01642	0.01155	0.00769	0.00706	0.00214	0.01124	0.00578	0.00399	0.01120

[dist]
# distance from previous block
# <min> <max>
0	1

[block]
# block no. 1 follows, 22 sequences, length 28
# corresponding to MSA columns:
# 36-63
name=unknown_B
#
# <colnr> <probs for GDERKNQSTAVLIFYWHMCP>
#	G	D	E	R	K	N	Q	S	T	A	V	L	I	F	Y	W	H	M	C	P
0	0.05800	0.15858	0.05992	0.01898	0.02444	0.36104	0.01584	0.11964	0.02339	0.02597	0.01425	0.01647	0.01168	0.01139	0.04380	0.00279	0.01288	0.00571	0.00476	0.01049
1	0.02024	0.02026	0.03046	0.21635	0.44008	0.07975	0.02399	0.02508	0.01873	0.02495	0.01514	0.02047	0.01238	0.00775	0.00818	0.00252	0.01066	0.00721	0.00402	0.01180
2	0.02157	0.01961	0.03122	0.13097	0.48150	0.02048	0.02371	0.11580	0.02164	0.03015	0.01616	0.02068	0.01303	0.00791	0.00825	0.00251	0.00992	0.00741	0.00469	0.01278
3	0.02103	0.02165	0.02796	0.29699	0.27498	0.14320	0.02237	0.04859	0.01965	0.02448	0.01493	0.02011	0.01190	0.00808	0.00812	0.00253	0.01129	0.00701	0.00414	0.01097
4	0.01776	0.09081	0.47299	0.05795	0.14734	0.02042	0.02810	0.02582	0.01769	0.02569	0.01476	0.01796	0.01103	0.00776	0.00777	0.00254	0.01152	0.00629	0.00363	0.01217
5	0.01850	0.21554	0.17798	0.02809	0.24023	0.02136	0.02067	0.02347	0.01804	0.02414	0.02466	0.02681	0.10826	0.00949	0.00759	0.00236	0.00930	0.00782	0.00436	0.01134
6	0.05194	0.02956	0.28218	0.03259	0.15510	0.02000	0.25536	0.02619	0.01844	0.02707	0.01562	0.01978	0.01175	0.00745	0.00856	0.00266	0.01222	0.00770	0.00396	0.01189
7	0.01269	0.01076	0.01187	0.04617	0.01615	0.01075	0.00899	0.01986	0.16329	0.02506	0.06306	0.15913	0.38351	0.01885	0.00954	0.00289	0.00521	0.01602	0.00768	0.00852
8	0.01944	0.02127	0.09429	0.14432	0.50513	0.01950	0.02564	0.02493	0.01843	0.02617	0.01543	0.02050	0.01259	0.00759	0.00820	0.00253	0.01029	0.00728	0.00399	0.01248
9	0.01788	0.14167	0.50945	0.02493	0.09457	0.02138	0.02770	0.02601	0.01757	0.02537	0.01447	0.01720	0.01080	0.00773	0.00754	0.00249	0.01153	0.00601	0.00357	0.01212
10	0.01038	0.00765	0.00973	0.01088	0.01199	0.00699	0.00752	0.01240	0.01780	0.02368	0.16607	0.48776	0.14948	0.02357	0.01033	0.00314	0.00456	0.02108	0.00798	0.00699
11	0.01208	0.00805	0.00906	0.00906	0.00906	0.00805	0.00503	0.01208	0.01208	0.01611	0.02618	0.05436	0.03020	0.70804	0.04228	0.00805	0.00805	0.01208	0.00503	0.00503
12	0.01799	0.03508	0.45060	0.03295	0.24662	0.01944	0.02893	0.02603	0.01801	0.02659	0.01515	0.01857	0.01142	0.00773	0.00801	0.00258	0.01146	0.00657	0.00371	0.01258
13	0.01199	0.00840	0.01084	0.01084	0.01145	0.00902	0.00725	0.01322	0.01261	0.01742	0.02455	0.04537	0.02630	0.44061	0.30438	0.01025	0.01393	0.01076	0.00479	0.00602
14	0.01100	0.00857	0.01013	0.01111	0.01278	0.00806	0.00796	0.01450	0.06548	0.02286	0.05769	0.40932	0.25364	0.02305	0.01022	0.00316	0.00490	0.05042	0.00777	0.00738
15	0.10366	0.15118	0.02614	0.01657	0.02312	0.02388	0.01415	0.34539	0.02956	0.15794	0.01991	0.01960	0.01416	0.00926	0.00744	0.00238	0.00844	0.00677	0.00746	0.01297
16	0.03109	0.03802	0.02368	0.02118	0.02569	0.61216	0.01603	0.09055	0.02504	0.02342	0.01353	0.01546	0.01103	0.00870	0.00757	0.00217	0.01442	0.00556	0.00467	0.01006
17	0.01124	0.00889	0.01013	0.01056	0.01276	0.00819	0.00799	0.01464	0.05081	0.02376	0.11055	0.17028	0.36049	0.05897	0.01190	0.00332	0.00513	0.10535	0.00771	0.00734
18	0.01014	0.00757	0.00944	0.01078	0.01188	0.00687	0.00740	0.01187	0.01702	0.02216	0.08789	0.52428	0.19371	0.02438	0.01038	0.00320	0.00463	0.02175	0.00779	0.00687
19	0.02259	0.02550	0.02203	0.02428	0.14115	0.32702	0.01593	0.02554	0.01923	0.02127	0.01654	0.02199	0.01456	0.02646	0.23268	0.00598	0.01647	0.00693	0.00431	0.00955
20	0.01944	0.02441	0.15385	0.06901	0.38844	0.01987	0.15149	0.02570	0.01871	0.02663	0.01570	0.02045	0.01247	0.00745	0.00850	0.00258	0.01123	0.00767	0.00400	0.01242
21	0.19122	0.45458	0.03347	0.01456	0.02080	0.12639	0.01332	0.02602	0.01727	0.02366	0.01175	0.01361	0.01029	0.00746	0.00561	0.00201	0.00925	0.00459	0.00402	0.01013
22	0.01092	0.00761	0.00960	0.01073	0.01108	0.00740	0.00686	0.01191	0.01438	0.01925	0.03748	0.43311	0.04425	0.27793	0.05367	0.00556	0.00683	0.01869	0.00657	0.00615
23	0.01666	0.04297	0.66500	0.02368	0.03596	0.01929	0.03069	0.02631	0.01754	0.02631	0.01491	0.01754	0.01052	0.00789	0.00789	0.00263	0.01228	0.00614	0.00351	0.01228
24	0.01908	0.02275	0.12587	0.22696	0.36261	0.04997	0.02515	0.02476	0.01827	0.02501	0.01514	0.02030	0.01205	0.00779	0.00816	0.00256	0.01081	0.00711	0.00391	0.01174
25	0.02189	0.67449	0.07929	0.01476	0.02216	0.03209	0.01516	0.02496	0.01692	0.01993	0.01174	0.01357	0.01065	0.00715	0.00548	0.00183	0.00908	0.00454	0.00355	0.01075
26	0.18110	0.01017	0.01039	0.00983	0.01281	0.00997	0.00755	0.01630	0.01976	0.03031	0.30400	0.05754	0.26883	0.01635	0.00876	0.00267	0.00459	0.01355	0.00773	0.00780
27	0.01077	0.00763	0.00955	0.01051	0.01165	0.00695	0.00725	0.01177	0.01639	0.02116	0.08348	0.39264	0.21756	0.02458	0.01364	0.11694	0.00496	0.01899	0.00717	0.00641

[dist]
# distance from previous block
# <min> <max>
4	6

[block]
# block no. 2 follows, 22 sequences, length 70
# corresponding to MSA columns:
# 70-139
name=unknown_C
#
# <colnr> <probs for GDERKNQSTAVLIFYWHMCP>
#	G	D	E	R	K	N	Q	S	T	A	V	L	I	F	Y	W	H	M	C	P
0	0.02902	0.02076	0.02157	0.01738	0.02281	0.07208	0.01391	0.40060	0.03184	0.13079	0.02446	0.10148	0.02019	0.04147	0.00996	0.00282	0.00876	0.00950	0.00806	0.01253
1	0.01793	0.05506	0.01669	0.01499	0.01764	0.12645	0.01134	0.09051	0.06507	0.02587	0.03419	0.36469	0.03738	0.01877	0.00943	0.00297	0.00767	0.06747	0.00701	0.00886
2	0.01243	0.14193	0.01611	0.01207	0.01382	0.01173	0.00895	0.01411	0.01609	0.02089	0.03925	0.57108	0.04649	0.02242	0.00960	0.00307	0.00560	0.01996	0.00692	0.00749
3	0.02107	0.09427	0.23661	0.03422	0.30025	0.12196	0.02467	0.02689	0.01900	0.02512	0.01459	0.01806	0.01170	0.00771	0.00774	0.00241	0.01134	0.00640	0.00389	0.01210
4	0.01745	0.07138	0.55066	0.02691	0.11886	0.01999	0.02922	0.02613	0.01769	0.02610	0.01485	0.01775	0.01089	0.00779	0.00782	0.00257	0.01179	0.00623	0.00359	0.01232
5	0.02246	0.02511	0.06234	0.07854	0.44916	0.16789	0.02348	0.02704	0.01977	0.02523	0.01491	0.01924	0.01235	0.00774	0.00805	0.00242	0.01121	0.00687	0.00410	0.01210
6	0.02048	0.17936	0.10925	0.03950	0.44049	0.02266	0.02355	0.02545	0.01830	0.02532	0.01462	0.01857	0.01229	0.00739	0.00753	0.00233	0.00993	0.00659	0.00392	0.01249
7	0.02056	0.01974	0.03372	0.05099	0.65622	0.01974	0.02550	0.02550	0.01892	0.02714	0.01563	0.02056	0.01316	0.00740	0.00822	0.00247	0.00987	0.00740	0.00411	0.01316
8	0.02093	0.02400	0.10623	0.04548	0.53444	0.07136	0.02535	0.02620	0.01912	0.02651	0.01532	0.01977	0.01266	0.00755	0.00813	0.00246	0.01055	0.00709	0.00406	0.01278
9	0.01137	0.00995	0.01247	0.10537	0.06044	0.00942	0.01001	0.01408	0.01837	0.02249	0.06700	0.11715	0.47457	0.01877	0.00957	0.00282	0.00558	0.01594	0.00692	0.00771
10	0.01010	0.00781	0.00923	0.01018	0.01173	0.00693	0.00714	0.01199	0.01767	0.02253	0.10201	0.40035	0.30593	0.02335	0.01022	0.00309	0.00450	0.02051	0.00781	0.00693
11	0.01208	0.00805	0.00906	0.00906	0.00906	0.00805	0.00503	0.01208	0.01208	0.01611	0.02618	0.05436	0.03020	0.70804	0.04228	0.00805	0.00805	0.01208	0.00503	0.00503
12	0.02739	0.03307	0.02286	0.07318	0.02688	0.49788	0.01618	0.03103	0.05626	0.02165	0.01462	0.01744	0.01204	0.00929	0.00933	0.00235	0.07540	0.00602	0.03747	0.00966
13	0.03103	0.03959	0.02354	0.02140	0.02568	0.67469	0.01605	0.03317	0.02354	0.02033	0.01284	0.01498	0.01070	0.00856	0.00749	0.00214	0.01498	0.00535	0.00428	0.00963
14	0.01010	0.00733	0.00954	0.01131	0.01198	0.00677	0.00760	0.01160	0.01616	0.02131	0.04896	0.65121	0.10431	0.02561	0.01054	0.00333	0.00477	0.02311	0.00771	0.00677
15	0.01662	0.01571	0.02660	0.56649	0.17153	0.01870	0.02353	0.02204	0.01705	0.02235	0.01493	0.02185	0.01147	0.00813	0.00829	0.00271	0.01084	0.00739	0.00377	0.00998
16	0.01889	0.01804	0.03071	0.26917	0.45108	0.01930	0.02467	0.02403	0.01813	0.02511	0.01533	0.02110	0.01245	0.00771	0.00825	0.00257	0.01028	0.00740	0.00397	0.01181
17	0.00999	0.00774	0.00911	0.01021	0.01169	0.00686	0.00711	0.01172	0.01721	0.02174	0.06231	0.43448	0.31242	0.02388	0.01027	0.00313	0.00456	0.02100	0.00771	0.00686
18	0.01208	0.00805	0.00906	0.00906	0.00906	0.00805	0.00503	0.01208	0.01208	0.01611	0.02618	0.05436	0.03020	0.70804	0.04228	0.00805	0.00805	0.01208	0.00503	0.00503
19	0.02000	0.01916	0.03270	0.12498	0.58666	0.01959	0.02521	0.02500	0.01865	0.02645	0.01553	0.02075	0.01292	0.00751	0.00823	0.00250	0.01001	0.00740	0.00406	0.01270
20	0.01621	0.01253	0.01328	0.01262	0.01599	0.01343	0.00984	0.02831	0.29350	0.03002	0.04545	0.04845	0.17925	0.01432	0.00845	0.00270	0.00548	0.06322	0.17698	0.00995
21	0.01079	0.00751	0.00944	0.01071	0.01103	0.00720	0.00679	0.01174	0.01460	0.01946	0.03907	0.48061	0.04647	0.25960	0.02145	0.00498	0.00593	0.01967	0.00679	0.00616
22	0.01416	0.01081	0.01206	0.01124	0.01402	0.01046	0.00843	0.12062	0.02246	0.02919	0.17004	0.17069	0.29949	0.05430	0.01134	0.00308	0.00532	0.01606	0.00795	0.00827
23	0.01195	0.00936	0.01192	0.01205	0.01399	0.00863	0.00861	0.01397	0.01642	0.02277	0.06257	0.48005	0.07592	0.02104	0.01058	0.00292	0.04187	0.01856	0.00702	0.14980
24	0.01199	0.00802	0.00909	0.00918	0.00920	0.00799	0.00516	0.01206	0.01226	0.01635	0.02710	0.08488	0.03137	0.67594	0.04079	0.00783	0.00790	0.01262	0.00516	0.00511
25	0.01723	0.02299	0.18273	0.03391	0.32499	0.01686	0.05606	0.02288	0.01886	0.02640	0.06005	0.03246	0.12791	0.01038	0.00859	0.00259	0.00939	0.00939	0.00486	0.01149
26	0.19331	0.02946	0.07111	0.02155	0.04822	0.32274	0.09778	0.02832	0.01960	0.02562	0.01396	0.01720	0.01131	0.01164	0.05163	0.00312	0.01302	0.00612	0.00441	0.00987
27	0.01791	0.06837	0.33819	0.02716	0.03697	0.02010	0.27690	0.02576	0.01870	0.02646	0.05111	0.02183	0.01519	0.00799	0.00866	0.00266	0.01235	0.00807	0.00411	0.01150
28	0.02433	0.03035	0.05829	0.02458	0.07708	0.37190	0.12445	0.02797	0.02110	0.02239	0.02079	0.02378	0.06864	0.01283	0.05249	0.00311	0.01380	0.00765	0.00453	0.00994
29	0.16081	0.08659	0.39405	0.05835	0.05848	0.01983	0.02363	0.02628	0.01718	0.06167	0.01499	0.01740	0.01093	0.00793	0.00723	0.00255	0.01045	0.00594	0.00422	0.01149
30	0.01242	0.04663	0.01497	0.01340	0.01518	0.01159	0.01059	0.01537	0.01354	0.01930	0.02168	0.03160	0.02023	0.05935	0.63924	0.01273	0.02154	0.00866	0.00440	0.00759
31	0.01277	0.01031	0.01295	0.01280	0.01533	0.01008	0.03132	0.01870	0.11288	0.02618	0.14103	0.19965	0.22219	0.01985	0.01006	0.00308	0.00560	0.11905	0.00789	0.00826
32	0.01822	0.23053	0.49104	0.02103	0.03186	0.02309	0.02608	0.02591	0.01735	0.02442	0.01397	0.01636	0.01056	0.00767	0.00718	0.00239	0.01133	0.00566	0.00352	0.01182
33	0.01601	0.01173	0.01407	0.01311	0.01590	0.01185	0.01023	0.15355	0.02471	0.03350	0.27728	0.18003	0.09356	0.01816	0.00983	0.00290	0.00577	0.09043	0.00840	0.00897
34	0.01012	0.00723	0.00964	0.01157	0.01205	0.00675	0.00771	0.01157	0.01591	0.02121	0.04579	0.70262	0.05495	0.02603	0.01060	0.00337	0.00482	0.02362	0.00771	0.00675
35	0.02466	0.01403	0.01549	0.01276	0.01705	0.01453	0.01025	0.22589	0.02574	0.14866	0.02571	0.02683	0.01878	0.00988	0.00709	0.00223	0.00619	0.00776	0.37548	0.01099
36	0.02221	0.71304	0.04353	0.01421	0.02132	0.03287	0.01421	0.02488	0.01688	0.01955	0.01155	0.01333	0.01066	0.00711	0.00533	0.00178	0.00888	0.00444	0.00355	0.01066
37	0.01208	0.00805	0.00906	0.00906	0.00906	0.00805	0.00503	0.01208	0.01208	0.01611	0.02618	0.05436	0.03020	0.70804	0.04228	0.00805	0.00805	0.01208	0.00503	0.00503
38	0.01012	0.00723	0.00964	0.01157	0.01205	0.00675	0.00771	0.01157	0.01591	0.02121	0.04579	0.70262	0.05495	0.02603	0.01060	0.00337	0.00482	0.02362	0.00771	0.00675
39	0.01208	0.00805	0.00906	0.00906	0.00906	0.00805	0.00503	0.01208	0.01208	0.01611	0.02618	0.05436	0.03020	0.70804	0.04228	0.00805	0.00805	0.01208	0.00503	0.00503
40	0.01307	0.01067	0.01566	0.01497	0.01617	0.01326	0.01187	0.01582	0.01323	0.01942	0.02009	0.02988	0.01889	0.05319	0.55148	0.01150	0.15023	0.00859	0.00429	0.00774
41	0.01012	0.00723	0.00964	0.01157	0.01205	0.00675	0.00771	0.01157	0.01591	0.02121	0.04579	0.70262	0.05495	0.02603	0.01060	0.00337	0.00482	0.02362	0.00771	0.00675
42	0.01199	0.00841	0.01085	0.01085	0.01147	0.00903	0.00727	0.01323	0.01261	0.01743	0.02454	0.04530	0.02627	0.43866	0.30629	0.01026	0.01398	0.01075	0.00479	0.00603
43	0.02056	0.01974	0.03372	0.05099	0.65622	0.01974	0.02550	0.02550	0.01892	0.02714	0.01563	0.02056	0.01316	0.00740	0.00822	0.00247	0.00987	0.00740	0.00411	0.01316
44	0.01187	0.00890	0.01335	0.01335	0.01483	0.01038	0.01038	0.01483	0.01335	0.01928	0.02225	0.03264	0.02077	0.06231	0.67512	0.01335	0.02225	0.00890	0.00445	0.00742
45	0.01339	0.00956	0.01339	0.01530	0.01721	0.00956	0.01339	0.01721	0.01912	0.02486	0.04399	0.09371	0.04781	0.02295	0.01147	0.00382	0.00765	0.60031	0.00765	0.00765
46	0.01569	0.01477	0.02492	0.68808	0.05722	0.01846	0.02307	0.02123	0.01661	0.02123	0.01477	0.02215	0.01107	0.00831	0.00831	0.00277	0.01107	0.00738	0.00369	0.00923
47	0.01653	0.01542	0.02473	0.19457	0.33051	0.01599	0.01986	0.02090	0.01837	0.02449	0.03278	0.03814	0.16458	0.01151	0.00876	0.00268	0.00873	0.03592	0.00501	0.01051
48	0.01758	0.00949	0.01231	0.01172	0.01442	0.00845	0.00872	0.02010	0.02001	0.19292	0.17425	0.30079	0.13761	0.01926	0.00973	0.00292	0.00514	0.01692	0.00869	0.00896
49	0.02904	0.19202	0.02807	0.01978	0.02470	0.52942	0.01564	0.03129	0.02203	0.02015	0.01255	0.01461	0.01069	0.00823	0.00700	0.00206	0.01360	0.00514	0.00412	0.00986
50	0.01289	0.00874	0.01147	0.01064	0.01280	0.00803	0.00803	0.01678	0.02353	0.06115	0.62443	0.06056	0.07583	0.01669	0.00973	0.00261	0.00406	0.01473	0.00920	0.00812
51	0.02018	0.01935	0.03303	0.10125	0.60896	0.01964	0.02530	0.02516	0.01873	0.02667	0.01556	0.02069	0.01299	0.00747	0.00823	0.00249	0.00996	0.00740	0.00408	0.01285
52	0.01971	0.01887	0.03218	0.16262	0.55126	0.01951	0.02507	0.02475	0.01851	0.02610	0.01548	0.02084	0.01279	0.00756	0.00824	0.00252	0.01008	0.00740	0.00404	0.01247
53	0.01798	0.01156	0.01193	0.01103	0.01404	0.01251	0.00850	0.06663	0.19109	0.03343	0.02848	0.03025	0.02194	0.01014	0.00670	0.00222	0.00497	0.00818	0.49877	0.00966
54	0.01187	0.00890	0.01335	0.01335	0.01483	0.01038	0.01038	0.01483	0.01335	0.01928	0.02225	0.03264	0.02077	0.06231	0.67512	0.01335	0.02225	0.00890	0.00445	0.00742
55	0.02056	0.01974	0.03372	0.05099	0.65622	0.01974	0.02550	0.02550	0.01892	0.02714	0.01563	0.02056	0.01316	0.00740	0.00822	0.00247	0.00987	0.00740	0.00411	0.01316
56	0.01070	0.00767	0.01020	0.01146	0.01240	0.00717	0.00802	0.01291	0.01803	0.02452	0.20254	0.50700	0.06066	0.02354	0.01044	0.00320	0.00473	0.04966	0.00808	0.00707
57	0.01053	0.00794	0.00973	0.01034	0.01192	0.00715	0.00735	0.01290	0.01904	0.02518	0.23813	0.33436	0.23141	0.02191	0.01014	0.00298	0.00438	0.01932	0.00814	0.00715
58	0.01761	0.01673	0.02840	0.43625	0.29399	0.01896	0.02403	0.02291	0.01752	0.02356	0.01511	0.02152	0.01190	0.00795	0.00827	0.00265	0.01060	0.00739	0.00386	0.01078
59	0.07943	0.01945	0.03202	0.04783	0.60572	0.01965	0.02419	0.02541	0.01854	0.02794	0.01531	0.02000	0.01283	0.00743	0.00798	0.00248	0.00960	0.00717	0.00419	0.01283
60	0.01485	0.01144	0.01352	0.01251	0.01530	0.01178	0.00953	0.07253	0.14115	0.03254	0.34853	0.11021	0.10306	0.01875	0.04350	0.00327	0.00591	0.01397	0.00846	0.00920
61	0.01741	0.01425	0.01559	0.01421	0.01791	0.01551	0.01093	0.07753	0.33476	0.03308	0.16430	0.09993	0.12019	0.01485	0.00907	0.00280	0.00578	0.01265	0.00842	0.01081
62	0.02052	0.01650	0.02084	0.07716	0.13016	0.01680	0.01430	0.20646	0.02346	0.03208	0.02482	0.03115	0.07473	0.12906	0.01386	0.00327	0.00827	0.00872	0.00600	0.14183
63	0.05625	0.01372	0.08770	0.01273	0.01634	0.01053	0.01115	0.01959	0.01840	0.11062	0.13969	0.05557	0.12851	0.17247	0.01675	0.00406	0.00701	0.10337	0.00705	0.00848
64	0.19369	0.10922	0.16578	0.05318	0.02399	0.01831	0.01593	0.07136	0.01855	0.08497	0.02157	0.14820	0.01987	0.01161	0.00754	0.00264	0.00829	0.00925	0.00568	0.01039
65	0.01916	0.14838	0.02469	0.01765	0.05234	0.01910	0.06105	0.12901	0.09523	0.03014	0.09657	0.03818	0.11206	0.01683	0.06734	0.00351	0.00905	0.04274	0.00651	0.01047
66	0.05135	0.11626	0.15670	0.01989	0.05757	0.04562	0.05131	0.12460	0.02257	0.15384	0.04824	0.07558	0.01968	0.01035	0.00801	0.00252	0.00922	0.00850	0.00634	0.01186
67	0.02207	0.23105	0.06017	0.01836	0.07909	0.02113	0.01473	0.05528	0.12174	0.10694	0.05131	0.02354	0.01896	0.01314	0.05989	0.00309	0.00912	0.00715	0.00593	0.07730
68	0.24158	0.01949	0.05066	0.01705	0.06177	0.07209	0.01308	0.14298	0.07650	0.03568	0.12857	0.02751	0.02508	0.04312	0.00915	0.00280	0.00784	0.00806	0.00652	0.01047
69	0.06046	0.22127	0.14330	0.02730	0.21247	0.07447	0.02008	0.02512	0.01824	0.02494	0.05592	0.01981	0.01580	0.00846	0.00807	0.00234	0.03995	0.00652	0.00423	0.01126

[dist]
# distance from previous block
# <min> <max>
10	85

[block]
# block no. 3 follows, 22 sequences, length 60
# corresponding to MSA columns:
# 226-285
name=unknown_D
#
# <colnr> <probs for GDERKNQSTAVLIFYWHMCP>
#	G	D	E	R	K	N	Q	S	T	A	V	L	I	F	Y	W	H	M	C	P
0	0.04953	0.05512	0.12331	0.05173	0.10279	0.18042	0.06426	0.07036	0.02106	0.02786	0.05232	0.02218	0.01669	0.00884	0.00762	0.00236	0.01043	0.00713	0.11544	0.01054
1	0.02125	0.02318	0.14675	0.02250	0.06209	0.08985	0.11162	0.02684	0.04307	0.12291	0.05059	0.09243	0.02361	0.01222	0.01022	0.00284	0.05569	0.06551	0.00599	0.01084
2	0.02248	0.02208	0.06789	0.07042	0.07538	0.13849	0.01534	0.15203	0.06854	0.05246	0.07492	0.02998	0.02242	0.13481	0.01434	0.00349	0.00975	0.00862	0.00609	0.01047
3	0.05107	0.01994	0.06785	0.19196	0.05762	0.11795	0.01654	0.07253	0.01966	0.10264	0.04209	0.02397	0.01616	0.03546	0.01295	0.11940	0.00992	0.00742	0.00526	0.00961
4	0.04941	0.01574	0.02139	0.14000	0.09622	0.01771	0.01606	0.12687	0.07529	0.10215	0.02099	0.02512	0.01647	0.02260	0.17349	0.00532	0.05037	0.00795	0.00593	0.01093
5	0.02615	0.03015	0.06926	0.01874	0.02477	0.33121	0.01541	0.12200	0.05151	0.02804	0.01551	0.01721	0.01227	0.00825	0.00736	0.00203	0.01130	0.00581	0.00519	0.19781
6	0.01797	0.16554	0.12535	0.02372	0.17067	0.04624	0.03755	0.02151	0.01628	0.02155	0.01800	0.02935	0.01762	0.23412	0.01861	0.00415	0.00980	0.00810	0.00421	0.00966
7	0.01332	0.03549	0.01574	0.18047	0.02339	0.01251	0.01165	0.01555	0.01514	0.02022	0.07187	0.19086	0.03248	0.25078	0.02176	0.00472	0.05829	0.01313	0.00545	0.00718
8	0.01106	0.00847	0.01033	0.01127	0.01321	0.00774	0.00877	0.01364	0.01864	0.02370	0.10856	0.22858	0.29500	0.02243	0.01047	0.00321	0.00531	0.18459	0.00781	0.00720
9	0.01211	0.00835	0.01029	0.01072	0.01146	0.00820	0.00736	0.01364	0.01571	0.02115	0.13692	0.11952	0.04389	0.39962	0.02809	0.00591	0.00700	0.12745	0.00647	0.00616
10	0.02340	0.02408	0.02185	0.01884	0.05094	0.22041	0.01421	0.09383	0.02116	0.02695	0.01430	0.01711	0.01187	0.00846	0.00961	0.00202	0.09727	0.00576	0.00491	0.31303
11	0.01208	0.00805	0.00906	0.00906	0.00906	0.00805	0.00503	0.01208	0.01208	0.01611	0.02618	0.05436	0.03020	0.70804	0.04228	0.00805	0.00805	0.01208	0.00503	0.00503
12	0.01007	0.00744	0.00942	0.01100	0.01190	0.00680	0.00746	0.01163	0.01645	0.02143	0.05265	0.59124	0.16190	0.02513	0.01046	0.00327	0.00471	0.02253	0.00771	0.00680
13	0.01037	0.00779	0.00911	0.01002	0.01122	0.00707	0.00674	0.01178	0.01628	0.02073	0.05570	0.36879	0.25973	0.14628	0.01600	0.00401	0.00518	0.01942	0.00723	0.00653
14	0.02502	0.02674	0.02226	0.09975	0.02743	0.31596	0.01621	0.13151	0.02322	0.02622	0.01746	0.02461	0.01516	0.01595	0.08001	0.00370	0.06336	0.05035	0.00513	0.00995
15	0.03158	0.02327	0.02493	0.01911	0.02576	0.02576	0.01579	0.62852	0.03906	0.05236	0.01995	0.01995	0.01413	0.00997	0.00831	0.00249	0.00914	0.00748	0.00831	0.01413
16	0.03103	0.03959	0.02354	0.02140	0.02568	0.67469	0.01605	0.03317	0.02354	0.02033	0.01284	0.01498	0.01070	0.00856	0.00749	0.00214	0.01498	0.00535	0.00428	0.00963
17	0.00982	0.00842	0.00842	0.00842	0.01122	0.00701	0.00631	0.01192	0.01894	0.02244	0.08416	0.07995	0.65285	0.02104	0.00982	0.00281	0.00421	0.01753	0.00771	0.00701
18	0.01036	0.00740	0.00992	0.01184	0.01243	0.00696	0.00813	0.01198	0.01614	0.02148	0.04565	0.65773	0.05442	0.02580	0.01067	0.00341	0.00503	0.06614	0.00771	0.00681
19	0.00982	0.00842	0.00842	0.00842	0.01122	0.00701	0.00631	0.01192	0.01894	0.02244	0.08416	0.07995	0.65285	0.02104	0.00982	0.00281	0.00421	0.01753	0.00771	0.00701
20	0.01187	0.00890	0.01335	0.01335	0.01483	0.01038	0.01038	0.01483	0.01335	0.01928	0.02225	0.03264	0.02077	0.06231	0.67512	0.01335	0.02225	0.00890	0.00445	0.00742
21	0.01012	0.00723	0.00964	0.01157	0.01205	0.00675	0.00771	0.01157	0.01591	0.02121	0.04579	0.70262	0.05495	0.02603	0.01060	0.00337	0.00482	0.02362	0.00771	0.00675
22	0.01666	0.04297	0.66500	0.02368	0.03596	0.01929	0.03069	0.02631	0.01754	0.02631	0.01491	0.01754	0.01052	0.00789	0.00789	0.00263	0.01228	0.00614	0.00351	0.01228
23	0.01552	0.01395	0.02020	0.12503	0.19789	0.03981	0.01617	0.01952	0.01861	0.02489	0.12324	0.04382	0.10244	0.02084	0.11195	0.00439	0.01036	0.07628	0.00568	0.00940
24	0.01063	0.00759	0.01022	0.01214	0.01285	0.00718	0.00859	0.01244	0.01640	0.02177	0.04551	0.60862	0.05384	0.02555	0.01074	0.00344	0.00526	0.11264	0.00770	0.00689
25	0.02056	0.01974	0.03372	0.05099	0.65622	0.01974	0.02550	0.02550	0.01892	0.02714	0.01563	0.02056	0.01316	0.00740	0.00822	0.00247	0.00987	0.00740	0.00411	0.01316
26	0.01898	0.01813	0.03087	0.25710	0.46244	0.01932	0.02471	0.02411	0.01817	0.02523	0.01535	0.02107	0.01248	0.00769	0.00825	0.00256	0.01026	0.00740	0.00398	0.01189
27	0.05911	0.03788	0.53112	0.02718	0.13060	0.01933	0.02868	0.02608	0.01756	0.02705	0.01483	0.01778	0.01085	0.00781	0.00779	0.00260	0.01158	0.00624	0.00369	0.01223
28	0.02388	0.41812	0.13389	0.01758	0.02482	0.17618	0.01726	0.06066	0.01973	0.02260	0.01283	0.01472	0.01084	0.00772	0.00638	0.00203	0.01081	0.00508	0.00398	0.01087
29	0.02887	0.02608	0.02609	0.02578	0.14885	0.17206	0.01764	0.35182	0.05561	0.03944	0.01804	0.01938	0.01361	0.00920	0.00811	0.00242	0.01051	0.00706	0.00658	0.01288
30	0.02024	0.02118	0.06423	0.04736	0.53607	0.01991	0.11632	0.02570	0.01896	0.02702	0.01577	0.02070	0.01296	0.00736	0.00845	0.00252	0.01060	0.00771	0.00410	0.01282
31	0.03112	0.03707	0.02376	0.02105	0.02569	0.57451	0.01601	0.12508	0.02594	0.02528	0.01394	0.01575	0.01123	0.00878	0.00762	0.00219	0.01408	0.00568	0.00490	0.01033
32	0.01030	0.00736	0.00985	0.01178	0.01234	0.00691	0.00803	0.01188	0.01609	0.02141	0.04569	0.66841	0.05454	0.02585	0.01065	0.00340	0.00498	0.05602	0.00771	0.00680
33	0.01667	0.01383	0.02083	0.02117	0.11758	0.01389	0.10324	0.04648	0.10667	0.02934	0.09912	0.14405	0.06069	0.01320	0.00866	0.00264	0.00707	0.01210	0.15286	0.00991
34	0.01842	0.01437	0.02066	0.01649	0.02109	0.01438	0.11402	0.12865	0.02061	0.03052	0.02096	0.02585	0.01702	0.02196	0.17519	0.00494	0.01150	0.00790	0.18982	0.12565
35	0.02064	0.52292	0.21986	0.01690	0.02547	0.02902	0.01889	0.02528	0.01707	0.02146	0.01250	0.01452	0.01062	0.00733	0.00606	0.00202	0.00985	0.00492	0.00354	0.01112
36	0.01752	0.14641	0.56906	0.02222	0.03370	0.02139	0.02815	0.02609	0.01744	0.02526	0.01439	0.01689	0.01054	0.00777	0.00750	0.00250	0.01175	0.00588	0.00351	0.01203
37	0.01818	0.01818	0.02545	0.02181	0.02181	0.02545	0.01818	0.01999	0.01272	0.01999	0.01091	0.01818	0.01091	0.01454	0.02726	0.00364	0.69284	0.00727	0.00364	0.00909
38	0.01190	0.00877	0.01269	0.01269	0.01394	0.01002	0.00956	0.01441	0.01316	0.01879	0.02286	0.03599	0.02222	0.16199	0.57743	0.01253	0.02006	0.00939	0.00454	0.00705
39	0.01205	0.00818	0.00972	0.00972	0.00995	0.00841	0.00586	0.01251	0.01228	0.01660	0.02557	0.05101	0.02875	0.60836	0.13998	0.00887	0.01025	0.01159	0.00494	0.00540
40	0.01197	0.00849	0.01129	0.01129	0.01206	0.00927	0.00782	0.01351	0.01274	0.01776	0.02414	0.04307	0.02530	0.37228	0.37134	0.01081	0.01544	0.01043	0.00473	0.00627
41	0.01601	0.01541	0.02714	0.02564	0.12314	0.01476	0.21178	0.02156	0.04857	0.02568	0.03979	0.05315	0.17245	0.01439	0.00990	0.00300	0.00919	0.15265	0.00604	0.00976
42	0.02715	0.03257	0.12346	0.02356	0.08492	0.30297	0.01888	0.17710	0.07555	0.03083	0.01683	0.01838	0.01291	0.00891	0.00790	0.00239	0.01200	0.00650	0.00546	0.01174
43	0.01070	0.00788	0.01005	0.01099	0.01231	0.00724	0.00785	0.01304	0.01859	0.02484	0.21362	0.40104	0.15311	0.02267	0.01032	0.00311	0.00464	0.05279	0.00809	0.00713
44	0.02057	0.01965	0.03305	0.04947	0.62785	0.01978	0.02494	0.02633	0.04674	0.02748	0.01644	0.02103	0.01370	0.00757	0.00823	0.00248	0.00972	0.00749	0.00431	0.01316
45	0.02844	0.03459	0.02351	0.02332	0.08799	0.53157	0.01627	0.05659	0.02341	0.02256	0.01869	0.02055	0.05844	0.00943	0.00777	0.00224	0.01342	0.00655	0.00469	0.00999
46	0.02328	0.02241	0.02802	0.03007	0.22146	0.11146	0.08718	0.13695	0.14978	0.03190	0.02369	0.02535	0.05135	0.00953	0.00845	0.00255	0.00993	0.00838	0.00598	0.01227
47	0.01109	0.00873	0.01025	0.01106	0.01338	0.00789	0.00889	0.01375	0.01878	0.02320	0.06726	0.13068	0.39683	0.02208	0.01046	0.00320	0.00546	0.22212	0.00769	0.00722
48	0.01164	0.00825	0.01064	0.01198	0.01294	0.00799	0.00881	0.01354	0.01617	0.02120	0.04251	0.31123	0.07990	0.19273	0.01864	0.00464	0.00650	0.20700	0.00703	0.00663
49	0.02953	0.03309	0.02541	0.02549	0.12304	0.43678	0.01745	0.15750	0.02610	0.02813	0.01477	0.01689	0.01180	0.00868	0.00778	0.00227	0.01296	0.00612	0.00510	0.01112
50	0.02141	0.02134	0.03290	0.04860	0.60529	0.07264	0.02473	0.02612	0.01929	0.02659	0.01540	0.02011	0.01296	0.00750	0.00817	0.00244	0.01028	0.00724	0.00413	0.01287
51	0.02020	0.02166	0.08142	0.04769	0.56107	0.01981	0.07439	0.02565	0.01887	0.02704	0.01567	0.02049	0.01292	0.00741	0.00833	0.00251	0.01038	0.00750	0.00407	0.01294
52	0.01187	0.00890	0.01335	0.01335	0.01483	0.01038	0.01038	0.01483	0.01335	0.01928	0.02225	0.03264	0.02077	0.06231	0.67512	0.01335	0.02225	0.00890	0.00445	0.00742
53	0.01010	0.00847	0.00880	0.00886	0.01157	0.00718	0.00673	0.01238	0.01920	0.02317	0.11416	0.07959	0.59201	0.02090	0.00990	0.00284	0.00435	0.04490	0.00779	0.00709
54	0.01056	0.00760	0.00970	0.01089	0.01171	0.00708	0.00733	0.01226	0.01684	0.02254	0.13681	0.48911	0.09977	0.10015	0.01395	0.00374	0.00500	0.02060	0.00763	0.00674
55	0.02063	0.01761	0.04992	0.02391	0.15482	0.01775	0.01649	0.03443	0.32122	0.08511	0.03082	0.03887	0.02562	0.01225	0.00890	0.00289	0.00775	0.11144	0.00734	0.01224
56	0.01026	0.00733	0.00976	0.01148	0.01208	0.00684	0.00772	0.01190	0.01653	0.02220	0.09554	0.65003	0.05687	0.02528	0.01054	0.00331	0.00475	0.02291	0.00783	0.00684
57	0.02754	0.01937	0.02061	0.01626	0.02172	0.02123	0.01328	0.47543	0.03362	0.04698	0.02174	0.02272	0.01593	0.00990	0.00768	0.00235	0.00782	0.00755	0.19575	0.01252
58	0.02624	0.07157	0.06205	0.02669	0.07684	0.39637	0.16970	0.03018	0.02156	0.02264	0.01406	0.01728	0.01135	0.00797	0.00802	0.00233	0.01389	0.00660	0.00417	0.01047
59	0.01988	0.01791	0.01730	0.06456	0.02103	0.14287	0.01229	0.14120	0.02353	0.03026	0.17836	0.07138	0.03345	0.04665	0.10323	0.00423	0.01043	0.01023	0.04190	0.00931

[dist]
# distance from previous block
# <min> <max>
0	2

[block]
# block no. 4 follows, 22 sequences, length 88
# corresponding to MSA columns:
# 288-375
name=unknown_E
#
# <colnr> <probs for GDERKNQSTAVLIFYWHMCP>
#	G	D	E	R	K	N	Q	S	T	A	V	L	I	F	Y	W	H	M	C	P
0	0.01086	0.00834	0.00996	0.00999	0.01208	0.00745	0.00744	0.01376	0.02062	0.02726	0.33281	0.15082	0.29684	0.01992	0.00997	0.00283	0.00428	0.03904	0.00835	0.00737
1	0.23254	0.01409	0.01506	0.12967	0.02310	0.04126	0.01141	0.02017	0.01631	0.02752	0.02362	0.15648	0.04900	0.01186	0.00733	0.00245	0.00701	0.00966	0.03863	0.16286
2	0.01769	0.05881	0.01645	0.01429	0.01652	0.15811	0.01067	0.04911	0.01753	0.02102	0.02497	0.11491	0.02628	0.20761	0.15475	0.00629	0.01221	0.05966	0.00535	0.00775
3	0.01378	0.00909	0.01040	0.01002	0.01233	0.00844	0.00736	0.04167	0.01983	0.06167	0.18232	0.14261	0.23735	0.07615	0.01190	0.00312	0.00487	0.01487	0.12441	0.00780
4	0.01123	0.00838	0.00988	0.00956	0.01138	0.00763	0.00682	0.01382	0.01985	0.02659	0.35487	0.06597	0.24361	0.15545	0.01626	0.00375	0.00483	0.01520	0.00789	0.00703
5	0.01296	0.01017	0.01204	0.01282	0.01458	0.01053	0.00910	0.02040	0.18528	0.02495	0.04488	0.48307	0.08327	0.02173	0.00997	0.00319	0.00526	0.01940	0.00791	0.00850
6	0.02552	0.02397	0.02730	0.14032	0.22071	0.14893	0.01997	0.23034	0.02625	0.03337	0.01640	0.01953	0.01266	0.00865	0.00812	0.00246	0.01082	0.00703	0.00550	0.01215
7	0.01194	0.00862	0.01193	0.01193	0.01292	0.00961	0.00861	0.01392	0.01293	0.01823	0.02355	0.03984	0.02389	0.27626	0.46545	0.01160	0.01755	0.00995	0.00464	0.00663
8	0.01723	0.01477	0.01723	0.01230	0.01969	0.01107	0.00984	0.02092	0.01723	0.02707	0.01477	0.01723	0.01230	0.00615	0.00615	0.00123	0.00615	0.00492	0.00492	0.75883
9	0.02811	0.03066	0.02734	0.02877	0.18208	0.35370	0.04227	0.15360	0.02544	0.02885	0.01515	0.01767	0.01209	0.00850	0.00793	0.00232	0.01248	0.00647	0.00507	0.01149
10	0.01195	0.00800	0.00910	0.00922	0.00926	0.00797	0.00521	0.01205	0.01233	0.01644	0.02745	0.09660	0.03181	0.66361	0.04022	0.00775	0.00784	0.01283	0.00521	0.00515
11	0.01723	0.01477	0.01723	0.01230	0.01969	0.01107	0.00984	0.02092	0.01723	0.02707	0.01477	0.01723	0.01230	0.00615	0.00615	0.00123	0.00615	0.00492	0.00492	0.75883
12	0.01058	0.00849	0.01015	0.01066	0.01233	0.00807	0.00774	0.01258	0.01746	0.02235	0.09726	0.30629	0.32764	0.02459	0.04736	0.00362	0.03966	0.01868	0.00742	0.00709
13	0.01198	0.00805	0.00928	0.00937	0.00945	0.00810	0.00539	0.01218	0.01231	0.01648	0.02691	0.08342	0.03093	0.64794	0.06878	0.00807	0.00853	0.01247	0.00513	0.00522
14	0.01043	0.00815	0.00930	0.00977	0.01167	0.00722	0.00705	0.01253	0.01832	0.02318	0.14067	0.23095	0.36676	0.06724	0.01222	0.00331	0.00472	0.04184	0.00771	0.00695
15	0.02012	0.46014	0.27809	0.01779	0.02684	0.02775	0.02043	0.02542	0.01713	0.02210	0.01282	0.01492	0.01061	0.00740	0.00630	0.00210	0.01016	0.00508	0.00354	0.01127
16	0.02467	0.02515	0.02060	0.01852	0.02308	0.24093	0.01437	0.08999	0.34245	0.03083	0.02615	0.02844	0.02080	0.01095	0.00830	0.00262	0.00970	0.04376	0.00699	0.01171
17	0.01762	0.01075	0.01319	0.01275	0.01543	0.01036	0.00941	0.07787	0.05414	0.14083	0.04534	0.39683	0.12166	0.02018	0.00976	0.00304	0.00566	0.01773	0.00827	0.00918
18	0.01208	0.00805	0.00906	0.00906	0.00906	0.00805	0.00503	0.01208	0.01208	0.01611	0.02618	0.05436	0.03020	0.70804	0.04228	0.00805	0.00805	0.01208	0.00503	0.00503
19	0.03103	0.03959	0.02354	0.02140	0.02568	0.67469	0.01605	0.03317	0.02354	0.02033	0.01284	0.01498	0.01070	0.00856	0.00749	0.00214	0.01498	0.00535	0.00428	0.00963
20	0.01035	0.00764	0.00968	0.01085	0.01197	0.00698	0.00750	0.01233	0.01771	0.02347	0.15528	0.48966	0.15880	0.02366	0.01034	0.00315	0.00456	0.02114	0.00796	0.00698
21	0.01207	0.00810	0.00927	0.00927	0.00935	0.00817	0.00530	0.01222	0.01214	0.01627	0.02598	0.05328	0.02973	0.67592	0.07376	0.00832	0.00876	0.01192	0.00500	0.00515
22	0.01129	0.00772	0.00929	0.01007	0.01026	0.00753	0.00611	0.01187	0.01362	0.01816	0.03406	0.31483	0.04014	0.43401	0.02955	0.00617	0.00675	0.01672	0.00611	0.00572
23	0.01200	0.00837	0.01067	0.01067	0.01122	0.00893	0.00704	0.01311	0.01256	0.01730	0.02471	0.04623	0.02667	0.46616	0.27933	0.01004	0.01337	0.01089	0.00482	0.00593
24	0.01176	0.00849	0.01110	0.01045	0.01241	0.00784	0.00784	0.01568	0.02352	0.03331	0.65184	0.06206	0.07839	0.01698	0.00980	0.00261	0.00392	0.01502	0.00914	0.00784
25	0.01595	0.01504	0.02540	0.65324	0.08997	0.01853	0.02320	0.02146	0.01674	0.02155	0.01481	0.02206	0.01119	0.00826	0.00830	0.00275	0.01101	0.00738	0.00371	0.00944
26	0.03103	0.03959	0.02354	0.02140	0.02568	0.67469	0.01605	0.03317	0.02354	0.02033	0.01284	0.01498	0.01070	0.00856	0.00749	0.00214	0.01498	0.00535	0.00428	0.00963
27	0.28026	0.13291	0.02385	0.01901	0.07695	0.21460	0.01415	0.10011	0.02076	0.03046	0.01331	0.01530	0.01074	0.00811	0.00651	0.00230	0.00995	0.00535	0.00493	0.01043
28	0.01118	0.00867	0.01171	0.01291	0.01333	0.00920	0.00908	0.01267	0.01549	0.02105	0.04121	0.61280	0.04917	0.02452	0.01279	0.00341	0.09511	0.02147	0.00718	0.00705
29	0.01330	0.14832	0.01652	0.01066	0.01358	0.01262	0.00851	0.01582	0.01885	0.02425	0.22410	0.08382	0.22675	0.10753	0.01328	0.00330	0.00573	0.03838	0.00695	0.00773
30	0.01702	0.01435	0.01577	0.01321	0.01826	0.01385	0.01033	0.05096	0.23265	0.03030	0.08872	0.03851	0.15221	0.01198	0.00807	0.00226	0.00584	0.00995	0.00719	0.25856
31	0.01196	0.00800	0.00910	0.00921	0.00924	0.00797	0.00520	0.01205	0.01231	0.01642	0.02737	0.09375	0.03171	0.66661	0.04036	0.00777	0.00786	0.01278	0.00520	0.00514
32	0.01208	0.00805	0.00906	0.00906	0.00906	0.00805	0.00503	0.01208	0.01208	0.01611	0.02618	0.05436	0.03020	0.70804	0.04228	0.00805	0.00805	0.01208	0.00503	0.00503
33	0.00997	0.00783	0.00902	0.00998	0.01163	0.00688	0.00700	0.01175	0.01744	0.02183	0.06516	0.38824	0.35683	0.02351	0.01021	0.00309	0.00451	0.02054	0.00771	0.00688
34	0.02048	0.02007	0.03224	0.12301	0.55863	0.04931	0.02479	0.02535	0.01886	0.02615	0.01540	0.02049	0.01281	0.00756	0.00820	0.00249	0.01024	0.00731	0.00407	0.01255
35	0.02974	0.03770	0.02262	0.02061	0.02480	0.63413	0.01546	0.03188	0.02326	0.02046	0.01717	0.01893	0.04972	0.00932	0.00763	0.00218	0.01433	0.00609	0.00449	0.00947
36	0.01086	0.00843	0.00943	0.00938	0.01146	0.00753	0.00684	0.01313	0.01885	0.02406	0.20619	0.07208	0.37719	0.13802	0.01547	0.00372	0.00499	0.04787	0.00759	0.00690
37	0.01208	0.00868	0.01224	0.01224	0.01345	0.00980	0.00911	0.01450	0.01329	0.01920	0.02326	0.03687	0.02267	0.18810	0.51846	0.01177	0.01858	0.00948	0.03928	0.00696
38	0.02056	0.01974	0.03372	0.05099	0.65622	0.01974	0.02550	0.02550	0.01892	0.02714	0.01563	0.02056	0.01316	0.00740	0.00822	0.00247	0.00987	0.00740	0.00411	0.01316
39	0.01853	0.01767	0.03006	0.31599	0.40706	0.01921	0.02449	0.02372	0.01796	0.02468	0.01527	0.02122	0.01229	0.00778	0.00826	0.00259	0.01037	0.00739	0.00394	0.01152
40	0.01040	0.00838	0.00926	0.00915	0.01161	0.00724	0.00682	0.01300	0.02014	0.02557	0.24846	0.10297	0.45769	0.02008	0.00985	0.00277	0.00415	0.01708	0.00813	0.00724
41	0.08813	0.01844	0.01974	0.01634	0.02163	0.02038	0.01313	0.26803	0.23621	0.08315	0.10134	0.02876	0.02568	0.01109	0.00827	0.00263	0.00728	0.00884	0.00832	0.01260
42	0.08117	0.40704	0.18692	0.01804	0.02582	0.02724	0.05780	0.02497	0.01672	0.02308	0.01264	0.01525	0.01064	0.00783	0.00766	0.00223	0.05502	0.00538	0.00372	0.01084
43	0.01041	0.00800	0.00973	0.01046	0.01200	0.00744	0.00743	0.01238	0.01696	0.02186	0.08935	0.31964	0.27406	0.05727	0.09881	0.00463	0.00697	0.01846	0.00725	0.00692
44	0.01161	0.00824	0.00953	0.00934	0.01036	0.00782	0.00604	0.01306	0.01644	0.02200	0.21158	0.06082	0.14837	0.39857	0.02771	0.00564	0.00625	0.01382	0.00664	0.00615
45	0.01818	0.02027	0.06194	0.01932	0.02367	0.14517	0.14494	0.02220	0.01822	0.02349	0.02701	0.03129	0.09995	0.02138	0.14665	0.00476	0.05028	0.00913	0.10308	0.00905
46	0.01001	0.00768	0.00918	0.01038	0.01174	0.00685	0.00719	0.01170	0.01704	0.02167	0.06022	0.46843	0.27982	0.02415	0.01031	0.00316	0.00459	0.02133	0.00771	0.00685
47	0.02084	0.02063	0.03230	0.10298	0.56384	0.06291	0.02467	0.02564	0.01903	0.02619	0.01537	0.02033	0.01282	0.00756	0.00818	0.00247	0.01031	0.00726	0.00409	0.01259
48	0.12956	0.03571	0.07442	0.02090	0.02616	0.49736	0.04961	0.03107	0.02157	0.02346	0.01305	0.01539	0.01056	0.00831	0.00733	0.00227	0.01355	0.00554	0.00433	0.00984
49	0.02266	0.02495	0.02303	0.02684	0.20221	0.26513	0.01657	0.02905	0.12169	0.02498	0.02951	0.03053	0.12603	0.01085	0.00826	0.00246	0.01028	0.00872	0.00551	0.01075
50	0.01780	0.18094	0.53704	0.02173	0.03294	0.02209	0.02730	0.02601	0.01740	0.02492	0.01422	0.01667	0.01055	0.00773	0.00737	0.00246	0.01158	0.00579	0.00352	0.01194
51	0.01137	0.00892	0.01058	0.01142	0.01383	0.00812	0.00940	0.01423	0.01902	0.02350	0.06664	0.08595	0.38906	0.02187	0.01054	0.00325	0.00571	0.27161	0.00769	0.00729
52	0.02814	0.03418	0.02315	0.02086	0.02468	0.51132	0.01592	0.03304	0.10331	0.02218	0.01536	0.01746	0.01265	0.00963	0.00998	0.00241	0.09484	0.00611	0.00475	0.01003
53	0.02029	0.01927	0.03045	0.06157	0.34301	0.02016	0.10012	0.03166	0.22510	0.02937	0.02177	0.02432	0.01705	0.00867	0.00851	0.00264	0.00937	0.00838	0.00555	0.01275
54	0.02122	0.02203	0.02978	0.20085	0.39905	0.13510	0.02324	0.02581	0.01917	0.02450	0.01492	0.01996	0.01222	0.00783	0.00811	0.00248	0.01107	0.00703	0.00404	0.01158
55	0.01200	0.00802	0.00909	0.00917	0.00919	0.00800	0.00515	0.01206	0.01225	0.01633	0.02702	0.08240	0.03127	0.67854	0.04091	0.00785	0.00791	0.01258	0.00515	0.00511
56	0.02066	0.01785	0.01878	0.01691	0.02160	0.02066	0.01315	0.04414	0.64121	0.03475	0.03381	0.03099	0.02536	0.01127	0.00845	0.00282	0.00657	0.00939	0.00845	0.01315
57	0.01071	0.00820	0.00982	0.00994	0.01190	0.00731	0.00725	0.01346	0.02027	0.02684	0.31910	0.20050	0.28400	0.02033	0.00997	0.00284	0.00421	0.01771	0.00833	0.00731
58	0.02056	0.01974	0.03372	0.05099	0.65622	0.01974	0.02550	0.02550	0.01892	0.02714	0.01563	0.02056	0.01316	0.00740	0.00822	0.00247	0.00987	0.00740	0.00411	0.01316
59	0.02056	0.01974	0.03372	0.05099	0.65622	0.01974	0.02550	0.02550	0.01892	0.02714	0.01563	0.02056	0.01316	0.00740	0.00822	0.00247	0.00987	0.00740	0.00411	0.01316
60	0.01187	0.00890	0.01335	0.01335	0.01483	0.01038	0.01038	0.01483	0.01335	0.01928	0.02225	0.03264	0.02077	0.06231	0.67512	0.01335	0.02225	0.00890	0.00445	0.00742
61	0.01187	0.00890	0.01335	0.01335	0.01483	0.01038	0.01038	0.01483	0.01335	0.01928	0.02225	0.03264	0.02077	0.06231	0.67512	0.01335	0.02225	0.00890	0.00445	0.00742
62	0.23054	0.02954	0.02040	0.01786	0.02282	0.37178	0.01387	0.10938	0.02305	0.06810	0.01464	0.01604	0.01129	0.00862	0.00701	0.00233	0.01142	0.00558	0.00541	0.01032
63	0.01039	0.00757	0.00933	0.01061	0.01141	0.00701	0.00703	0.01171	0.01580	0.02058	0.04920	0.48765	0.15445	0.13782	0.01570	0.00405	0.00525	0.02066	0.00727	0.00651
