[name]
unknown

[dist]
# distance from previous block
# <min> <max>
0	0

[block]
# block no. 0 follows, 21 sequences, length 33
# corresponding to MSA columns:
# 0-32
name=unknown_A
#
# <colnr> <probs for GDERKNQSTAVLIFYWHMCP>
#	G	D	E	R	K	N	Q	S	T	A	V	L	I	F	Y	W	H	M	C	P
0	0.01371	0.00980	0.01371	0.01567	0.01763	0.00980	0.01371	0.01763	0.01959	0.02547	0.04506	0.09599	0.04898	0.02351	0.01175	0.00392	0.00784	0.59056	0.00784	0.00784
1	0.01014	0.00830	0.00895	0.00946	0.01172	0.00711	0.00684	0.01212	0.01859	0.02266	0.07594	0.24215	0.49076	0.02289	0.01027	0.00303	0.00447	0.01959	0.00790	0.00711
2	0.01029	0.00772	0.00955	0.01101	0.01212	0.00698	0.00753	0.01194	0.01710	0.02205	0.05717	0.53512	0.20991	0.02533	0.01065	0.00330	0.00477	0.02256	0.00790	0.00698
3	0.01707	0.04402	0.65683	0.02426	0.03683	0.01976	0.03144	0.02695	0.01797	0.02695	0.01527	0.01797	0.01078	0.00809	0.00809	0.00270	0.01258	0.00629	0.00359	0.01258
4	0.01037	0.00863	0.00906	0.00895	0.01169	0.00732	0.00671	0.01282	0.02014	0.02475	0.17426	0.07900	0.55524	0.02090	0.01005	0.00284	0.00426	0.01755	0.00813	0.00732
5	0.01182	0.00869	0.01106	0.01047	0.01257	0.00793	0.00785	0.01562	0.02355	0.03286	0.57977	0.06566	0.14467	0.01787	0.01004	0.00270	0.00405	0.01568	0.00920	0.00793
6	0.01765	0.01513	0.01765	0.01260	0.02017	0.01134	0.01008	0.02143	0.01765	0.02773	0.01513	0.01765	0.01260	0.00630	0.00630	0.00126	0.00630	0.00504	0.00504	0.75295
7	0.01037	0.00741	0.00987	0.01185	0.01234	0.00691	0.00790	0.01185	0.01629	0.02172	0.04690	0.69537	0.05629	0.02666	0.01086	0.00346	0.00494	0.02419	0.00790	0.00691
8	0.01216	0.00912	0.01368	0.01368	0.01520	0.01064	0.01064	0.01520	0.01368	0.01976	0.02279	0.03343	0.02127	0.06382	0.66720	0.01368	0.02279	0.00912	0.00456	0.00760
9	0.03235	0.02384	0.02554	0.01958	0.02639	0.02639	0.01618	0.61946	0.04001	0.05363	0.02043	0.02043	0.01447	0.01022	0.00851	0.00255	0.00936	0.00766	0.00851	0.01447
10	0.02102	0.02198	0.02358	0.02069	0.02220	0.16021	0.01672	0.05118	0.01680	0.02202	0.01396	0.02045	0.01295	0.02144	0.12816	0.00498	0.40072	0.00731	0.00423	0.00939
11	0.02619	0.02660	0.02631	0.05698	0.19649	0.22318	0.01876	0.13597	0.14539	0.03143	0.01953	0.02135	0.01524	0.00924	0.00826	0.00251	0.01100	0.00734	0.00588	0.01235
12	0.01238	0.00825	0.00928	0.00928	0.00928	0.00825	0.00516	0.01238	0.01238	0.01650	0.02681	0.05569	0.03094	0.70092	0.04331	0.00825	0.00825	0.01238	0.00516	0.00516
13	0.01218	0.00902	0.01316	0.01316	0.01451	0.01036	0.01000	0.01487	0.01353	0.01938	0.02326	0.03603	0.02240	0.13805	0.59451	0.01304	0.02110	0.00950	0.00463	0.00731
14	0.03235	0.02384	0.02554	0.01958	0.02639	0.02639	0.01618	0.61946	0.04001	0.05363	0.02043	0.02043	0.01447	0.01022	0.00851	0.00255	0.00936	0.00766	0.00851	0.01447
15	0.02117	0.01828	0.01924	0.01732	0.02213	0.02117	0.01347	0.04522	0.63246	0.03560	0.03464	0.03175	0.02598	0.01155	0.00866	0.00289	0.00673	0.00962	0.00866	0.01347
16	0.01037	0.00741	0.00987	0.01185	0.01234	0.00691	0.00790	0.01185	0.01629	0.02172	0.04690	0.69537	0.05629	0.02666	0.01086	0.00346	0.00494	0.02419	0.00790	0.00691
17	0.01037	0.00741	0.00987	0.01185	0.01234	0.00691	0.00790	0.01185	0.01629	0.02172	0.04690	0.69537	0.05629	0.02666	0.01086	0.00346	0.00494	0.02419	0.00790	0.00691
18	0.01006	0.00862	0.00862	0.00862	0.01149	0.00718	0.00647	0.01221	0.01940	0.02299	0.08621	0.08190	0.64438	0.02155	0.01006	0.00287	0.00431	0.01796	0.00790	0.00718
19	0.01006	0.00862	0.00862	0.00862	0.01149	0.00718	0.00647	0.01221	0.01940	0.02299	0.08621	0.08190	0.64438	0.02155	0.01006	0.00287	0.00431	0.01796	0.00790	0.00718
20	0.02106	0.02022	0.03454	0.05223	0.64784	0.02022	0.02612	0.02612	0.01938	0.02780	0.01601	0.02106	0.01348	0.00758	0.00842	0.00253	0.01011	0.00758	0.00421	0.01348
21	0.02413	0.51810	0.08925	0.01683	0.02394	0.16114	0.01629	0.02733	0.01873	0.02074	0.01237	0.01434	0.01092	0.00765	0.00612	0.00197	0.01065	0.00488	0.00379	0.01084
22	0.01105	0.00802	0.00979	0.01054	0.01159	0.00745	0.00707	0.01276	0.01731	0.02294	0.15270	0.34047	0.15474	0.17284	0.01774	0.00428	0.00540	0.01900	0.00755	0.00677
23	0.05021	0.27395	0.10229	0.01834	0.05685	0.16247	0.01564	0.02488	0.01788	0.02154	0.01571	0.02276	0.01476	0.12473	0.04235	0.00367	0.01129	0.00662	0.00418	0.00986
24	0.04832	0.04645	0.01533	0.01284	0.01577	0.01247	0.00988	0.04691	0.06888	0.09901	0.21300	0.11828	0.04290	0.08288	0.12383	0.00508	0.00885	0.01252	0.00759	0.00921
25	0.02601	0.01731	0.01954	0.01616	0.02079	0.01834	0.01265	0.34546	0.02972	0.11749	0.02853	0.17130	0.02624	0.09406	0.01307	0.00342	0.00801	0.01189	0.00824	0.01176
26	0.02423	0.13797	0.03189	0.03389	0.31330	0.17456	0.02010	0.06055	0.02116	0.02631	0.01482	0.01818	0.01245	0.00786	0.00759	0.00223	0.01083	0.00639	0.00446	0.07122
27	0.01940	0.03116	0.29748	0.14007	0.24202	0.07136	0.02721	0.02639	0.01877	0.02590	0.01532	0.01955	0.01178	0.00804	0.00823	0.00262	0.01178	0.00686	0.00389	0.01215
28	0.26212	0.06733	0.05981	0.02725	0.21018	0.18954	0.01774	0.02782	0.01883	0.02880	0.01363	0.01662	0.01114	0.00800	0.00701	0.00244	0.01042	0.00582	0.00453	0.01096
29	0.01567	0.02195	0.23674	0.01643	0.02179	0.01457	0.01720	0.02130	0.01714	0.02697	0.06978	0.02827	0.02134	0.01945	0.12001	0.00444	0.08786	0.00810	0.22131	0.00966
30	0.13198	0.02153	0.15339	0.14776	0.21155	0.01758	0.02098	0.02359	0.01751	0.02791	0.01866	0.07864	0.01624	0.00974	0.00790	0.00267	0.00936	0.00832	0.06381	0.01089
31	0.05536	0.01308	0.06811	0.01550	0.06557	0.01076	0.01131	0.01721	0.05156	0.02497	0.07672	0.30641	0.17131	0.05853	0.01162	0.00335	0.00621	0.01693	0.00704	0.00843
32	0.09071	0.13555	0.02553	0.01742	0.02322	0.08832	0.01440	0.30569	0.09046	0.03914	0.02110	0.07320	0.01758	0.01083	0.00785	0.00251	0.00905	0.00819	0.00699	0.01227

[dist]
# distance from previous block
# <min> <max>
19	77

[block]
# block no. 1 follows, 21 sequences, length 86
# corresponding to MSA columns:
# 110-195
name=unknown_B
#
# <colnr> <probs for GDERKNQSTAVLIFYWHMCP>
#	G	D	E	R	K	N	Q	S	T	A	V	L	I	F	Y	W	H	M	C	P
0	0.06734	0.03415	0.02324	0.02034	0.02519	0.46189	0.01562	0.16169	0.02714	0.02956	0.04480	0.01869	0.01496	0.00946	0.00785	0.00232	0.01305	0.00639	0.00558	0.01076
1	0.02333	0.07433	0.02330	0.02325	0.13243	0.31255	0.01540	0.02710	0.05068	0.02325	0.03281	0.03362	0.17005	0.01177	0.00829	0.00243	0.01082	0.00910	0.00538	0.01008
2	0.02679	0.35459	0.03476	0.02028	0.06754	0.25161	0.01619	0.09181	0.02223	0.02443	0.01350	0.01548	0.01149	0.00813	0.00676	0.00208	0.01137	0.00542	0.00446	0.01111
3	0.01492	0.01849	0.12360	0.02135	0.05366	0.01384	0.17831	0.02018	0.02019	0.02763	0.18772	0.11525	0.13961	0.01441	0.00975	0.00284	0.00860	0.01354	0.00644	0.00967
4	0.22052	0.02606	0.18212	0.09337	0.22381	0.06476	0.02196	0.02615	0.01780	0.02932	0.01441	0.01809	0.01127	0.00797	0.00744	0.00260	0.01026	0.00631	0.00431	0.01146
5	0.23026	0.18501	0.13036	0.02058	0.10310	0.10005	0.01690	0.02578	0.01736	0.02714	0.01415	0.01850	0.01215	0.05618	0.00913	0.00278	0.00979	0.00590	0.00436	0.01051
6	0.09450	0.11615	0.02239	0.01590	0.02127	0.20251	0.01280	0.05326	0.01955	0.02566	0.01530	0.01879	0.01308	0.01688	0.11456	0.00383	0.01213	0.00585	0.00477	0.21083
7	0.02311	0.02430	0.02253	0.02562	0.16314	0.24883	0.01616	0.08371	0.05134	0.02654	0.02466	0.20189	0.02485	0.01361	0.00883	0.00268	0.01035	0.01143	0.00590	0.01050
8	0.01343	0.00917	0.01211	0.01194	0.01402	0.00951	0.00918	0.01670	0.01603	0.02449	0.05368	0.10045	0.02791	0.03807	0.32439	0.00780	0.01348	0.03654	0.19068	0.07043
9	0.01903	0.02268	0.13790	0.21186	0.28407	0.01993	0.02439	0.02807	0.11463	0.02724	0.01856	0.02264	0.01439	0.00854	0.00843	0.00270	0.01034	0.00767	0.00469	0.01223
10	0.02090	0.02633	0.18789	0.03883	0.36695	0.02134	0.02566	0.08344	0.02034	0.02931	0.01573	0.01996	0.01265	0.00876	0.01047	0.00270	0.08415	0.00725	0.00442	0.01290
11	0.01990	0.01537	0.01706	0.01547	0.01918	0.01666	0.01182	0.20412	0.19033	0.03517	0.03790	0.27647	0.06984	0.01731	0.00951	0.00300	0.00672	0.01490	0.00829	0.01098
12	0.01216	0.00912	0.01368	0.01368	0.01520	0.01064	0.01064	0.01520	0.01368	0.01976	0.02279	0.03343	0.02127	0.06382	0.66720	0.01368	0.02279	0.00912	0.00456	0.00760
13	0.02912	0.03549	0.02672	0.02948	0.18127	0.50556	0.01885	0.03202	0.02293	0.02257	0.01387	0.01677	0.01159	0.00847	0.00786	0.00228	0.01404	0.00600	0.00434	0.01077
14	0.01216	0.00912	0.01368	0.01368	0.01520	0.01064	0.01064	0.01520	0.01368	0.01976	0.02279	0.03343	0.02127	0.06382	0.66720	0.01368	0.02279	0.00912	0.00456	0.00760
15	0.02417	0.60169	0.04138	0.01572	0.02254	0.13294	0.01486	0.02682	0.01836	0.02015	0.01204	0.01392	0.01093	0.00751	0.00581	0.00188	0.01008	0.00470	0.00376	0.01076
16	0.01216	0.00912	0.01368	0.01368	0.01520	0.01064	0.01064	0.01520	0.01368	0.01976	0.02279	0.03343	0.02127	0.06382	0.66720	0.01368	0.02279	0.00912	0.00456	0.00760
17	0.01089	0.00810	0.01014	0.01079	0.01230	0.00736	0.00765	0.01338	0.01963	0.02628	0.26167	0.35108	0.18473	0.02241	0.01041	0.00307	0.00449	0.01987	0.00841	0.00736
18	0.03179	0.04056	0.02412	0.02192	0.02631	0.66676	0.01644	0.03398	0.02412	0.02083	0.01315	0.01535	0.01096	0.00877	0.00767	0.00219	0.01535	0.00548	0.00438	0.00987
19	0.03179	0.04056	0.02412	0.02192	0.02631	0.66676	0.01644	0.03398	0.02412	0.02083	0.01315	0.01535	0.01096	0.00877	0.00767	0.00219	0.01535	0.00548	0.00438	0.00987
20	0.02106	0.02022	0.03454	0.05223	0.64784	0.02022	0.02612	0.02612	0.01938	0.02780	0.01601	0.02106	0.01348	0.00758	0.00842	0.00253	0.01011	0.00758	0.00421	0.01348
21	0.02394	0.02599	0.05590	0.17054	0.26466	0.19236	0.02216	0.09275	0.02236	0.02750	0.01552	0.01968	0.01236	0.00840	0.00824	0.00251	0.01178	0.00697	0.00462	0.01175
22	0.02377	0.55552	0.08408	0.01639	0.02359	0.13197	0.01603	0.02692	0.01841	0.02063	0.01228	0.01422	0.01092	0.00757	0.00599	0.00194	0.01032	0.00482	0.00375	0.01087
23	0.01238	0.00825	0.00928	0.00928	0.00928	0.00825	0.00516	0.01238	0.01238	0.01650	0.02681	0.05569	0.03094	0.70092	0.04331	0.00825	0.00825	0.01238	0.00516	0.00516
24	0.01216	0.00912	0.01368	0.01368	0.01520	0.01064	0.01064	0.01520	0.01368	0.01976	0.02279	0.03343	0.02127	0.06382	0.66720	0.01368	0.02279	0.00912	0.00456	0.00760
25	0.03257	0.02341	0.06509	0.01766	0.02374	0.17707	0.01484	0.07104	0.05321	0.35597	0.02716	0.05804	0.01945	0.01077	0.00842	0.00258	0.00962	0.00842	0.00818	0.01277
26	0.02417	0.37109	0.06393	0.02522	0.16601	0.17311	0.01834	0.02761	0.01934	0.02227	0.01323	0.01591	0.01151	0.00772	0.00675	0.00210	0.01089	0.00553	0.00394	0.01134
27	0.01792	0.05911	0.21099	0.23175	0.19644	0.01977	0.02475	0.02523	0.04796	0.02545	0.01964	0.02377	0.04321	0.00887	0.00829	0.00267	0.01071	0.00765	0.00427	0.01154
28	0.02106	0.02022	0.03454	0.05223	0.64784	0.02022	0.02612	0.02612	0.01938	0.02780	0.01601	0.02106	0.01348	0.00758	0.00842	0.00253	0.01011	0.00758	0.00421	0.01348
29	0.02417	0.60169	0.04138	0.01572	0.02254	0.13294	0.01486	0.02682	0.01836	0.02015	0.01204	0.01392	0.01093	0.00751	0.00581	0.00188	0.01008	0.00470	0.00376	0.01076
30	0.07472	0.02876	0.12798	0.03743	0.35304	0.18126	0.02336	0.02813	0.02000	0.02665	0.01489	0.01865	0.01213	0.00798	0.00796	0.00248	0.01156	0.00665	0.00423	0.01214
31	0.03179	0.04056	0.02412	0.02192	0.02631	0.66676	0.01644	0.03398	0.02412	0.02083	0.01315	0.01535	0.01096	0.00877	0.00767	0.00219	0.01535	0.00548	0.00438	0.00987
32	0.01006	0.00862	0.00862	0.00862	0.01149	0.00718	0.00647	0.01221	0.01940	0.02299	0.08621	0.08190	0.64438	0.02155	0.01006	0.00287	0.00431	0.01796	0.00790	0.00718
33	0.01216	0.00912	0.01368	0.01368	0.01520	0.01064	0.01064	0.01520	0.01368	0.01976	0.02279	0.03343	0.02127	0.06382	0.66720	0.01368	0.02279	0.00912	0.00456	0.00760
34	0.01060	0.00864	0.00937	0.00919	0.01182	0.00741	0.00689	0.01325	0.02067	0.02600	0.23694	0.07694	0.49177	0.02043	0.01005	0.00282	0.00423	0.01727	0.00830	0.00741
35	0.01037	0.00741	0.00987	0.01185	0.01234	0.00691	0.00790	0.01185	0.01629	0.02172	0.04690	0.69537	0.05629	0.02666	0.01086	0.00346	0.00494	0.02419	0.00790	0.00691
36	0.01058	0.00877	0.00935	0.00956	0.01229	0.00754	0.00741	0.01303	0.01962	0.02377	0.10514	0.08281	0.54845	0.02161	0.01026	0.00299	0.00472	0.08685	0.00796	0.00730
37	0.03179	0.04056	0.02412	0.02192	0.02631	0.66676	0.01644	0.03398	0.02412	0.02083	0.01315	0.01535	0.01096	0.00877	0.00767	0.00219	0.01535	0.00548	0.00438	0.00987
38	0.01586	0.00793	0.00793	0.00793	0.00991	0.00793	0.00595	0.01983	0.01785	0.03173	0.02776	0.03173	0.02181	0.00991	0.00595	0.00198	0.00397	0.00793	0.74817	0.00793
39	0.76103	0.01646	0.01251	0.01119	0.01646	0.01909	0.00922	0.02502	0.01448	0.03818	0.01185	0.01382	0.00922	0.00790	0.00527	0.00263	0.00658	0.00461	0.00527	0.00922
40	0.01478	0.00739	0.01109	0.01109	0.01109	0.00739	0.00739	0.01109	0.01109	0.01478	0.01478	0.02587	0.01478	0.02956	0.03326	0.75240	0.00739	0.00739	0.00370	0.00370
41	0.02275	0.70604	0.04459	0.01456	0.02184	0.03367	0.01456	0.02548	0.01729	0.02002	0.01183	0.01365	0.01092	0.00728	0.00546	0.00182	0.00910	0.00455	0.00364	0.01092
42	0.02275	0.70604	0.04459	0.01456	0.02184	0.03367	0.01456	0.02548	0.01729	0.02002	0.01183	0.01365	0.01092	0.00728	0.00546	0.00182	0.00910	0.00455	0.00364	0.01092
43	0.02465	0.02847	0.03574	0.03603	0.23039	0.25529	0.21048	0.02934	0.02132	0.02510	0.01536	0.01959	0.01239	0.00788	0.00867	0.00251	0.01336	0.00760	0.00430	0.01153
44	0.01238	0.00825	0.00928	0.00928	0.00928	0.00825	0.00516	0.01238	0.01238	0.01650	0.02681	0.05569	0.03094	0.70092	0.04331	0.00825	0.00825	0.01238	0.00516	0.00516
45	0.01565	0.00926	0.01134	0.13486	0.01920	0.00995	0.00937	0.01983	0.01762	0.02939	0.02625	0.06006	0.02140	0.01041	0.00665	0.00221	0.00540	0.00860	0.57437	0.00817
46	0.01344	0.01064	0.01242	0.01284	0.01495	0.01094	0.00926	0.02140	0.18547	0.02687	0.10631	0.37919	0.12103	0.02102	0.01008	0.00315	0.00526	0.01861	0.00825	0.00884
47	0.02144	0.24205	0.35930	0.02078	0.03044	0.10209	0.02366	0.06197	0.01979	0.02568	0.01428	0.01649	0.01106	0.00805	0.00727	0.00236	0.01167	0.00575	0.00399	0.01186
48	0.02275	0.70604	0.04459	0.01456	0.02184	0.03367	0.01456	0.02548	0.01729	0.02002	0.01183	0.01365	0.01092	0.00728	0.00546	0.00182	0.00910	0.00455	0.00364	0.01092
49	0.01070	0.00865	0.00951	0.00930	0.01189	0.00746	0.00697	0.01346	0.02092	0.02659	0.26653	0.07597	0.46182	0.02021	0.01005	0.00281	0.00421	0.01713	0.00838	0.00746
50	0.02273	0.01966	0.03310	0.04863	0.58692	0.01947	0.02479	0.02761	0.01986	0.08870	0.01772	0.02183	0.01422	0.00787	0.00844	0.00254	0.00983	0.00768	0.00483	0.01358
51	0.03179	0.04056	0.02412	0.02192	0.02631	0.66676	0.01644	0.03398	0.02412	0.02083	0.01315	0.01535	0.01096	0.00877	0.00767	0.00219	0.01535	0.00548	0.00438	0.00987
52	0.01154	0.00868	0.01067	0.01017	0.01240	0.00781	0.00763	0.01507	0.02289	0.03128	0.50073	0.06826	0.22470	0.01846	0.01004	0.00273	0.00409	0.01605	0.00899	0.00781
53	0.01024	0.00790	0.00937	0.01054	0.01200	0.00702	0.00732	0.01200	0.01755	0.02224	0.06287	0.44623	0.29512	0.02459	0.01054	0.00322	0.00468	0.02166	0.00790	0.00702
54	0.01705	0.01632	0.02817	0.54981	0.15030	0.01924	0.05361	0.02270	0.01754	0.02297	0.01537	0.02245	0.01176	0.00830	0.00857	0.00279	0.01130	0.00769	0.00388	0.01019
55	0.01183	0.00869	0.01108	0.01048	0.01258	0.00794	0.00786	0.01564	0.02358	0.03291	0.58270	0.06556	0.14170	0.01785	0.01004	0.00270	0.00405	0.01567	0.00921	0.00794
56	0.01586	0.00793	0.00793	0.00793	0.00991	0.00793	0.00595	0.01983	0.01785	0.03173	0.02776	0.03173	0.02181	0.00991	0.00595	0.00198	0.00397	0.00793	0.74817	0.00793
57	0.01916	0.11402	0.54576	0.02256	0.03415	0.02077	0.02828	0.02780	0.01834	0.06991	0.01617	0.01826	0.01151	0.00817	0.00783	0.00260	0.01183	0.00626	0.00408	0.01253
58	0.01213	0.00901	0.01310	0.01294	0.01458	0.00999	0.00999	0.01541	0.01627	0.02334	0.17751	0.04095	0.03599	0.05225	0.50335	0.01093	0.01811	0.01068	0.00576	0.00771
59	0.01108	0.00854	0.01011	0.00997	0.01218	0.00758	0.00738	0.01409	0.02143	0.02840	0.35933	0.13248	0.30676	0.01998	0.01013	0.00283	0.00422	0.01729	0.00863	0.00758
60	0.02275	0.70604	0.04459	0.01456	0.02184	0.03367	0.01456	0.02548	0.01729	0.02002	0.01183	0.01365	0.01092	0.00728	0.00546	0.00182	0.00910	0.00455	0.00364	0.01092
61	0.01102	0.00815	0.00979	0.01032	0.01167	0.00747	0.00708	0.01297	0.01811	0.02387	0.18607	0.28617	0.20493	0.14373	0.01627	0.00399	0.00517	0.01855	0.00774	0.00692
62	0.01046	0.00818	0.00949	0.01013	0.01199	0.00721	0.00723	0.01264	0.01892	0.02413	0.15233	0.30863	0.34265	0.02286	0.01036	0.00306	0.00450	0.01992	0.00811	0.00721
63	0.01055	0.00800	0.00944	0.01036	0.01173	0.00721	0.00710	0.01225	0.01738	0.02224	0.08859	0.37593	0.26542	0.09626	0.01399	0.00372	0.00502	0.02026	0.00768	0.00688
64	0.01022	0.00852	0.00892	0.00904	0.01165	0.00722	0.00670	0.01245	0.01946	0.02366	0.12176	0.13230	0.55550	0.02169	0.01012	0.00291	0.00434	0.01831	0.00800	0.00722
65	0.02117	0.01828	0.01924	0.01732	0.02213	0.02117	0.01347	0.04522	0.63246	0.03560	0.03464	0.03175	0.02598	0.01155	0.00866	0.00289	0.00673	0.00962	0.00866	0.01347
66	0.03182	0.03958	0.02420	0.02179	0.02631	0.62935	0.01643	0.06819	0.02504	0.02274	0.01358	0.01564	0.01117	0.00885	0.00772	0.00221	0.01500	0.00561	0.00463	0.01013
67	0.01862	0.01862	0.02607	0.02234	0.02234	0.02607	0.01862	0.02048	0.01303	0.02048	0.01117	0.01862	0.01117	0.01489	0.02793	0.00372	0.68535	0.00745	0.00372	0.00931
68	0.28234	0.02206	0.02100	0.01681	0.02298	0.05297	0.01380	0.38891	0.03053	0.04684	0.01716	0.01793	0.01251	0.00936	0.00736	0.00256	0.00868	0.00652	0.00721	0.01246
69	0.01037	0.00741	0.00987	0.01185	0.01234	0.00691	0.00790	0.01185	0.01629	0.02172	0.04690	0.69537	0.05629	0.02666	0.01086	0.00346	0.00494	0.02419	0.00790	0.00691
70	0.03128	0.03189	0.02546	0.02302	0.06969	0.34389	0.01700	0.28740	0.03068	0.03554	0.01651	0.01795	0.01266	0.00931	0.00809	0.00237	0.01239	0.00657	0.00616	0.01212
71	0.01238	0.00886	0.01239	0.01239	0.01357	0.00996	0.00914	0.01475	0.01356	0.01954	0.02396	0.03856	0.02356	0.21030	0.49133	0.01188	0.01854	0.00983	0.03847	0.00704
72	0.01145	0.00868	0.01055	0.01008	0.01235	0.00778	0.00756	0.01491	0.02268	0.03079	0.47648	0.06906	0.24924	0.01864	0.01004	0.00274	0.00410	0.01616	0.00893	0.00778
73	0.76103	0.01646	0.01251	0.01119	0.01646	0.01909	0.00922	0.02502	0.01448	0.03818	0.01185	0.01382	0.00922	0.00790	0.00527	0.00263	0.00658	0.00461	0.00527	0.00922
74	0.01923	0.01117	0.01152	0.01031	0.01327	0.01170	0.00803	0.14209	0.02237	0.03619	0.02627	0.02942	0.02032	0.00998	0.00647	0.00210	0.00507	0.00788	0.59735	0.00927
75	0.01797	0.00938	0.01262	0.01269	0.01490	0.00848	0.00915	0.02006	0.01884	0.19330	0.07160	0.48510	0.04790	0.02186	0.01020	0.00320	0.00552	0.01955	0.00868	0.00901
76	0.01765	0.01513	0.01765	0.01260	0.02017	0.01134	0.01008	0.02143	0.01765	0.02773	0.01513	0.01765	0.01260	0.00630	0.00630	0.00126	0.00630	0.00504	0.00504	0.75295
77	0.01090	0.00804	0.01020	0.01095	0.01234	0.00734	0.00772	0.01337	0.01948	0.02622	0.25980	0.38018	0.15682	0.02265	0.01045	0.00309	0.00452	0.02016	0.00841	0.00734
78	0.01130	0.00861	0.01038	0.01006	0.01229	0.00769	0.00750	0.01457	0.02214	0.02980	0.42800	0.09990	0.26834	0.01923	0.01008	0.00278	0.00416	0.01667	0.00881	0.00769
79	0.01230	0.00854	0.01076	0.01076	0.01127	0.00905	0.00699	0.01332	0.01281	0.01759	0.02547	0.04823	0.02770	0.48725	0.25256	0.01007	0.01313	0.01128	0.00496	0.00598
80	0.01716	0.01624	0.02985	0.02446	0.02954	0.01591	0.27147	0.02443	0.07943	0.02722	0.03215	0.05853	0.03133	0.01536	0.01072	0.00337	0.01051	0.28595	0.00641	0.00994
81	0.01707	0.04402	0.65683	0.02426	0.03683	0.01976	0.03144	0.02695	0.01797	0.02695	0.01527	0.01797	0.01078	0.00809	0.00809	0.00270	0.01258	0.00629	0.00359	0.01258
82	0.01068	0.00754	0.00978	0.01145	0.01186	0.00712	0.00747	0.01193	0.01568	0.02091	0.04375	0.59507	0.05231	0.13239	0.01595	0.00421	0.00546	0.02234	0.00747	0.00664
83	0.01564	0.01368	0.02274	0.01932	0.02299	0.01324	0.17402	0.08139	0.02039	0.02708	0.03861	0.34039	0.08040	0.01897	0.01042	0.00321	0.00819	0.07327	0.00699	0.00906
84	0.02106	0.02022	0.03454	0.05223	0.64784	0.02022	0.02612	0.02612	0.01938	0.02780	0.01601	0.02106	0.01348	0.00758	0.00842	0.00253	0.01011	0.00758	0.00421	0.01348
85	0.01572	0.01447	0.02405	0.50725	0.11549	0.01717	0.02144	0.02067	0.01716	0.02240	0.02020	0.12799	0.01862	0.01125	0.00887	0.00290	0.01021	0.01017	0.00447	0.00949

[dist]
# distance from previous block
# <min> <max>
0	2

[block]
# block no. 2 follows, 21 sequences, length 67
# corresponding to MSA columns:
# 198-264
name=unknown_C
#
# <colnr> <probs for GDERKNQSTAVLIFYWHMCP>
#	G	D	E	R	K	N	Q	S	T	A	V	L	I	F	Y	W	H	M	C	P
0	0.06279	0.02545	0.03060	0.04199	0.44889	0.19262	0.02265	0.02816	0.02038	0.02649	0.01503	0.01916	0.01258	0.00792	0.00806	0.00244	0.01132	0.00687	0.00431	0.01229
1	0.01922	0.01777	0.02910	0.38407	0.28966	0.01997	0.02408	0.06651	0.01961	0.02644	0.01586	0.02188	0.01242	0.00826	0.00848	0.00269	0.01071	0.00758	0.00429	0.01141
2	0.02080	0.02022	0.03239	0.09430	0.54664	0.04784	0.02489	0.02572	0.01943	0.02694	0.01728	0.02469	0.01500	0.00850	0.00857	0.00260	0.01031	0.03675	0.00437	0.01275
3	0.01119	0.00867	0.01019	0.00981	0.01219	0.00766	0.00736	0.01440	0.02207	0.02932	0.40303	0.07148	0.32362	0.01919	0.01005	0.00276	0.00414	0.01650	0.00874	0.00766
4	0.01800	0.01717	0.05547	0.01380	0.02136	0.01291	0.01171	0.02434	0.08458	0.02854	0.01726	0.01920	0.01395	0.00698	0.00666	0.00152	0.00672	0.00561	0.00535	0.62886
5	0.01017	0.00860	0.00865	0.00865	0.01138	0.00724	0.00640	0.01222	0.01904	0.02266	0.08323	0.08058	0.61360	0.05565	0.01173	0.00314	0.00451	0.01768	0.00776	0.00708
6	0.01009	0.00851	0.00873	0.00891	0.01157	0.00716	0.00659	0.01218	0.01912	0.02288	0.08273	0.13628	0.59225	0.02201	0.01013	0.00293	0.00437	0.01851	0.00790	0.00716
7	0.01586	0.00793	0.00793	0.00793	0.00991	0.00793	0.00595	0.01983	0.01785	0.03173	0.02776	0.03173	0.02181	0.00991	0.00595	0.00198	0.00397	0.00793	0.74817	0.00793
8	0.01862	0.01862	0.02607	0.02234	0.02234	0.02607	0.01862	0.02048	0.01303	0.02048	0.01117	0.01862	0.01117	0.01489	0.02793	0.00372	0.68535	0.00745	0.00372	0.00931
9	0.01707	0.04402	0.65683	0.02426	0.03683	0.01976	0.03144	0.02695	0.01797	0.02695	0.01527	0.01797	0.01078	0.00809	0.00809	0.00270	0.01258	0.00629	0.00359	0.01258
10	0.01331	0.00996	0.01436	0.01401	0.01584	0.01154	0.01095	0.04981	0.01519	0.02170	0.02266	0.03269	0.02089	0.06075	0.62947	0.01304	0.02203	0.00903	0.00479	0.00799
11	0.01252	0.01020	0.01127	0.01073	0.01362	0.00972	0.00813	0.01883	0.11947	0.02883	0.26886	0.06756	0.35174	0.01852	0.00983	0.00281	0.00460	0.01574	0.00853	0.00848
12	0.02096	0.02052	0.03625	0.05045	0.58217	0.02036	0.09042	0.02624	0.01945	0.02774	0.01614	0.02127	0.01342	0.00754	0.00860	0.00256	0.01057	0.00785	0.00422	0.01326
13	0.03394	0.02129	0.02396	0.01837	0.02512	0.02261	0.01518	0.46187	0.03574	0.21725	0.02401	0.02276	0.01627	0.01030	0.00853	0.00258	0.00879	0.00791	0.00906	0.01448
14	0.01217	0.00906	0.01336	0.01336	0.01477	0.01047	0.01024	0.01499	0.01358	0.01952	0.02308	0.03503	0.02197	0.10969	0.62229	0.01329	0.02175	0.00935	0.00460	0.00742
15	0.03235	0.02384	0.02554	0.01958	0.02639	0.02639	0.01618	0.61946	0.04001	0.05363	0.02043	0.02043	0.01447	0.01022	0.00851	0.00255	0.00936	0.00766	0.00851	0.01447
16	0.02074	0.01989	0.03396	0.09274	0.60985	0.02014	0.02596	0.02584	0.01923	0.02741	0.01595	0.02117	0.01334	0.00764	0.00843	0.00255	0.01019	0.00758	0.00418	0.01322
17	0.01216	0.00912	0.01368	0.01368	0.01520	0.01064	0.01064	0.01520	0.01368	0.01976	0.02279	0.03343	0.02127	0.06382	0.66720	0.01368	0.02279	0.00912	0.00456	0.00760
18	0.01098	0.00866	0.00990	0.00959	0.01206	0.00758	0.00719	0.01400	0.02157	0.02815	0.34459	0.07340	0.38278	0.01963	0.01005	0.00278	0.00417	0.01677	0.00858	0.00758
19	0.01061	0.00758	0.01015	0.01212	0.01272	0.00712	0.00832	0.01227	0.01653	0.02199	0.04677	0.65222	0.05576	0.02643	0.01093	0.00349	0.00515	0.06497	0.00790	0.00698
20	0.01037	0.00741	0.00987	0.01185	0.01234	0.00691	0.00790	0.01185	0.01629	0.02172	0.04690	0.69537	0.05629	0.02666	0.01086	0.00346	0.00494	0.02419	0.00790	0.00691
21	0.03163	0.02314	0.02477	0.01907	0.02567	0.02558	0.01573	0.59327	0.03904	0.05268	0.02075	0.02093	0.01479	0.01020	0.00840	0.00253	0.00913	0.00767	0.04082	0.01419
22	0.01254	0.00968	0.01440	0.01419	0.01562	0.01154	0.01111	0.01551	0.01364	0.01980	0.02211	0.03256	0.02068	0.06095	0.62968	0.01309	0.06168	0.00902	0.00451	0.00770
23	0.01103	0.00790	0.00946	0.01042	0.01112	0.00743	0.00669	0.01210	0.01540	0.02007	0.04607	0.36924	0.14172	0.26574	0.02228	0.00507	0.00602	0.01899	0.00692	0.00633
24	0.02106	0.02022	0.03454	0.05223	0.64784	0.02022	0.02612	0.02612	0.01938	0.02780	0.01601	0.02106	0.01348	0.00758	0.00842	0.00253	0.01011	0.00758	0.00421	0.01348
25	0.01586	0.00793	0.00793	0.00793	0.00991	0.00793	0.00595	0.01983	0.01785	0.03173	0.02776	0.03173	0.02181	0.00991	0.00595	0.00198	0.00397	0.00793	0.74817	0.00793
26	0.02141	0.02269	0.01851	0.05477	0.02282	0.23390	0.01346	0.03059	0.20428	0.02709	0.08916	0.04038	0.12559	0.01327	0.00885	0.00269	0.00933	0.04418	0.00684	0.01021
27	0.02260	0.02287	0.02465	0.02921	0.22717	0.19276	0.01790	0.09021	0.02126	0.02641	0.01770	0.02306	0.01518	0.02460	0.20039	0.00569	0.01514	0.00747	0.00483	0.01090
28	0.03202	0.03372	0.02470	0.02097	0.02634	0.40499	0.01633	0.27331	0.03061	0.03424	0.01613	0.01743	0.01240	0.00936	0.00802	0.00234	0.01290	0.00637	0.00607	0.01175
29	0.01662	0.00866	0.00874	0.00846	0.01067	0.00878	0.00642	0.04725	0.01886	0.03273	0.02743	0.03121	0.02148	0.00993	0.00607	0.00201	0.00421	0.00792	0.71434	0.00823
30	0.02141	0.07510	0.31086	0.02734	0.11795	0.14716	0.06734	0.02976	0.07395	0.02626	0.01662	0.01921	0.01270	0.00834	0.00809	0.00255	0.01218	0.00677	0.00434	0.01208
31	0.01194	0.00857	0.01049	0.01049	0.01141	0.00879	0.00701	0.01319	0.01389	0.01852	0.03515	0.05324	0.12658	0.40119	0.22464	0.00901	0.01197	0.01230	0.00542	0.00621
32	0.01206	0.00812	0.00937	0.00969	0.00976	0.00804	0.00559	0.01229	0.01299	0.01732	0.02997	0.15627	0.03492	0.59490	0.03821	0.00750	0.00773	0.01423	0.00559	0.00543
33	0.02083	0.02158	0.07019	0.05063	0.61284	0.02019	0.02642	0.02617	0.01930	0.02775	0.01597	0.02089	0.01333	0.00761	0.00841	0.00254	0.01025	0.00751	0.00418	0.01343
34	0.02818	0.02753	0.02462	0.05353	0.09430	0.24389	0.01693	0.25829	0.05962	0.03520	0.02216	0.02339	0.05420	0.01015	0.00832	0.00248	0.01113	0.00766	0.00638	0.01203
35	0.01206	0.00834	0.00942	0.00942	0.00987	0.00823	0.00560	0.01250	0.01336	0.01751	0.03439	0.05800	0.11075	0.58006	0.07024	0.00782	0.00846	0.01294	0.00549	0.00554
36	0.02639	0.02760	0.02966	0.03705	0.34393	0.23831	0.02135	0.11961	0.02413	0.02942	0.01573	0.01905	0.01279	0.00838	0.00819	0.00242	0.01175	0.00689	0.00493	0.01242
37	0.06226	0.20197	0.47131	0.02115	0.03202	0.02308	0.02606	0.02648	0.01760	0.02594	0.01424	0.01668	0.01072	0.00788	0.00729	0.00248	0.01139	0.00577	0.00370	0.01198
38	0.02738	0.22626	0.02999	0.02130	0.06446	0.40676	0.01619	0.02996	0.02126	0.02099	0.01353	0.01630	0.01172	0.01151	0.04594	0.00278	0.01368	0.00557	0.00417	0.01026
39	0.01707	0.04402	0.65683	0.02426	0.03683	0.01976	0.03144	0.02695	0.01797	0.02695	0.01527	0.01797	0.01078	0.00809	0.00809	0.00270	0.01258	0.00629	0.00359	0.01258
40	0.01216	0.00912	0.01368	0.01368	0.01520	0.01064	0.01064	0.01520	0.01368	0.01976	0.02279	0.03343	0.02127	0.06382	0.66720	0.01368	0.02279	0.00912	0.00456	0.00760
41	0.01113	0.00837	0.00966	0.01024	0.01174	0.00766	0.00719	0.01285	0.01723	0.02191	0.08834	0.21287	0.27871	0.19074	0.01862	0.00442	0.00572	0.06860	0.00729	0.00672
42	0.02283	0.03070	0.17333	0.03832	0.35409	0.18127	0.02492	0.02827	0.02024	0.02587	0.01513	0.01893	0.01224	0.00799	0.00816	0.00248	0.01198	0.00676	0.00411	0.01237
43	0.01046	0.00826	0.00947	0.01024	0.01218	0.00727	0.00743	0.01256	0.01854	0.02323	0.09808	0.29870	0.37682	0.02325	0.01043	0.00312	0.00470	0.05011	0.00797	0.00716
44	0.01074	0.00851	0.00966	0.00966	0.01199	0.00743	0.00714	0.01344	0.02060	0.02651	0.26477	0.14265	0.39526	0.02075	0.01014	0.00287	0.00428	0.01780	0.00838	0.00743
45	0.03179	0.04056	0.02412	0.02192	0.02631	0.66676	0.01644	0.03398	0.02412	0.02083	0.01315	0.01535	0.01096	0.00877	0.00767	0.00219	0.01535	0.00548	0.00438	0.00987
46	0.02278	0.31930	0.25777	0.01968	0.02819	0.17257	0.02099	0.02794	0.01908	0.02267	0.01336	0.01557	0.01088	0.00791	0.00690	0.00222	0.01176	0.00538	0.00379	0.01127
47	0.01035	0.00748	0.00979	0.01164	0.01229	0.00693	0.00781	0.01187	0.01649	0.02181	0.04944	0.65582	0.09420	0.02633	0.01081	0.00342	0.00490	0.02379	0.00790	0.00693
48	0.01223	0.00883	0.01221	0.01221	0.01322	0.00984	0.00881	0.01425	0.01324	0.01867	0.02414	0.04087	0.02450	0.27658	0.45885	0.01186	0.01794	0.01021	0.00476	0.00678
49	0.01684	0.02714	0.27485	0.02480	0.03296	0.01762	0.21756	0.02393	0.01764	0.02557	0.01828	0.02391	0.01448	0.02108	0.16487	0.00532	0.01518	0.00827	0.03887	0.01082
50	0.03007	0.09699	0.02616	0.02116	0.02563	0.52693	0.01642	0.06662	0.02365	0.02266	0.01332	0.01573	0.01118	0.00916	0.00898	0.00229	0.06268	0.00567	0.00451	0.01019
51	0.01062	0.00864	0.00940	0.00921	0.01184	0.00742	0.00691	0.01330	0.02073	0.02615	0.24433	0.07670	0.48430	0.02037	0.01005	0.00282	0.00423	0.01723	0.00832	0.00742
52	0.01812	0.01523	0.01713	0.01726	0.07376	0.01619	0.01206	0.09395	0.27019	0.03160	0.04881	0.04804	0.23707	0.04906	0.01084	0.00308	0.00656	0.01224	0.00781	0.01100
53	0.02452	0.02323	0.12212	0.01763	0.02416	0.05165	0.01605	0.22251	0.13750	0.10242	0.03484	0.03361	0.12799	0.01208	0.00871	0.00268	0.00859	0.00960	0.00765	0.01247
54	0.01044	0.00757	0.00987	0.01155	0.01230	0.00700	0.00780	0.01212	0.01698	0.02255	0.08487	0.61399	0.10004	0.02575	0.01076	0.00337	0.00484	0.02323	0.00799	0.00700
55	0.01707	0.04402	0.65683	0.02426	0.03683	0.01976	0.03144	0.02695	0.01797	0.02695	0.01527	0.01797	0.01078	0.00809	0.00809	0.00270	0.01258	0.00629	0.00359	0.01258
56	0.01223	0.00884	0.01228	0.01228	0.01332	0.00988	0.00889	0.01430	0.01326	0.01872	0.02407	0.04051	0.02435	0.26638	0.46884	0.01195	0.01817	0.01015	0.00475	0.00682
57	0.01885	0.01831	0.02643	0.28376	0.25264	0.07797	0.02207	0.02367	0.01895	0.02442	0.02055	0.03442	0.01871	0.01087	0.00898	0.00286	0.01067	0.11058	0.00470	0.01060
58	0.01707	0.04402	0.65683	0.02426	0.03683	0.01976	0.03144	0.02695	0.01797	0.02695	0.01527	0.01797	0.01078	0.00809	0.00809	0.00270	0.01258	0.00629	0.00359	0.01258
59	0.01616	0.01501	0.02136	0.01905	0.01963	0.02020	0.01558	0.01847	0.01328	0.02020	0.01559	0.02425	0.01501	0.03350	0.27095	0.00751	0.43347	0.00808	0.00404	0.00866
60	0.01218	0.00902	0.01320	0.01320	0.01455	0.01038	0.01004	0.01489	0.01354	0.01940	0.02323	0.03585	0.02233	0.13316	0.59930	0.01309	0.02121	0.00947	0.00462	0.00733
61	0.01566	0.01294	0.01427	0.01319	0.01663	0.01368	0.01010	0.02817	0.29343	0.03234	0.25051	0.05345	0.18000	0.01571	0.00943	0.00281	0.00529	0.01339	0.00873	0.01026
62	0.01240	0.00833	0.00995	0.01005	0.01041	0.00855	0.00621	0.01315	0.01304	0.01800	0.02722	0.08310	0.03023	0.53245	0.14014	0.00859	0.01022	0.01224	0.03994	0.00577
63	0.02059	0.01973	0.03368	0.11210	0.59169	0.02009	0.02588	0.02570	0.01915	0.02722	0.01592	0.02122	0.01328	0.00767	0.00843	0.00256	0.01023	0.00758	0.00417	0.01310
64	0.02106	0.02022	0.03454	0.05223	0.64784	0.02022	0.02612	0.02612	0.01938	0.02780	0.01601	0.02106	0.01348	0.00758	0.00842	0.00253	0.01011	0.00758	0.00421	0.01348
65	0.01476	0.01390	0.01279	0.01235	0.01501	0.11374	0.00946	0.01789	0.02217	0.02762	0.30697	0.06484	0.24352	0.01793	0.00984	0.00279	0.00631	0.07215	0.00795	0.00804
66	0.01006	0.00862	0.00862	0.00862	0.01149	0.00718	0.00647	0.01221	0.01940	0.02299	0.08621	0.08190	0.64438	0.02155	0.01006	0.00287	0.00431	0.01796	0.00790	0.00718

[dist]
# distance from previous block
# <min> <max>
0	5

[block]
# block no. 3 follows, 21 sequences, length 221
# corresponding to MSA columns:
# 270-490
name=unknown_D
#
# <colnr> <probs for GDERKNQSTAVLIFYWHMCP>
#	G	D	E	R	K	N	Q	S	T	A	V	L	I	F	Y	W	H	M	C	P
0	0.01859	0.01056	0.01084	0.00986	0.01264	0.01098	0.00764	0.11900	0.02151	0.03535	0.02655	0.02986	0.02060	0.00996	0.00637	0.00208	0.00486	0.00789	0.62583	0.00901
1	0.02063	0.02071	0.03795	0.04581	0.45260	0.02013	0.18578	0.02619	0.01948	0.02765	0.01629	0.02141	0.01328	0.00741	0.00876	0.00256	0.01107	0.00812	0.00428	0.04989
2	0.02054	0.01969	0.03361	0.11743	0.58669	0.02008	0.02586	0.02566	0.01913	0.02717	0.01592	0.02123	0.01326	0.00768	0.00843	0.00256	0.01024	0.00758	0.00417	0.01306
3	0.02081	0.01916	0.02971	0.04175	0.46453	0.01988	0.02215	0.03016	0.17053	0.02914	0.02056	0.02392	0.01663	0.00955	0.00960	0.03637	0.00915	0.00808	0.00529	0.01304
4	0.02944	0.03635	0.02513	0.02582	0.11293	0.54790	0.01755	0.03207	0.02300	0.02176	0.01397	0.01693	0.01176	0.01097	0.03618	0.00273	0.01493	0.00593	0.00437	0.01027
5	0.01474	0.01206	0.01257	0.01181	0.01526	0.01219	0.00902	0.05605	0.19104	0.02863	0.06267	0.09790	0.36837	0.01780	0.00941	0.00285	0.00529	0.01488	0.04810	0.00937
6	0.01370	0.01840	0.17098	0.01419	0.01933	0.01207	0.01396	0.02075	0.08446	0.02954	0.27652	0.05388	0.20775	0.01560	0.00942	0.00276	0.00649	0.01323	0.00748	0.00949
7	0.01401	0.00831	0.00972	0.00972	0.01105	0.00869	0.00689	0.01668	0.01534	0.02466	0.02628	0.03861	0.02414	0.20950	0.17945	0.00656	0.00977	0.00942	0.36410	0.00710
8	0.01112	0.00890	0.01010	0.01048	0.01305	0.00788	0.00832	0.01388	0.01993	0.02473	0.13450	0.08329	0.44673	0.02158	0.01045	0.00310	0.00510	0.15139	0.00804	0.00742
9	0.01047	0.00749	0.00997	0.01178	0.01237	0.00698	0.00791	0.01211	0.01677	0.02249	0.08356	0.65654	0.05776	0.02609	0.01081	0.00341	0.00488	0.02365	0.00799	0.00698
10	0.01765	0.01513	0.01765	0.01260	0.02017	0.01134	0.01008	0.02143	0.01765	0.02773	0.01513	0.01765	0.01260	0.00630	0.00630	0.00126	0.00630	0.00504	0.00504	0.75295
11	0.01050	0.00799	0.00969	0.01085	0.01230	0.00719	0.00766	0.01245	0.01792	0.02299	0.09245	0.42601	0.25832	0.02428	0.01058	0.00323	0.00480	0.04572	0.00798	0.00710
12	0.01245	0.00955	0.01424	0.01407	0.01552	0.01134	0.01100	0.01544	0.01365	0.01979	0.02226	0.03275	0.02081	0.06158	0.63791	0.01322	0.05315	0.00904	0.00452	0.00768
13	0.01176	0.00799	0.00946	0.01007	0.01023	0.00784	0.00600	0.01221	0.01358	0.01811	0.03301	0.25304	0.03876	0.49291	0.03330	0.00677	0.00723	0.01602	0.00600	0.00570
14	0.01065	0.00869	0.00949	0.00975	0.01232	0.00753	0.00747	0.01313	0.01968	0.02420	0.13026	0.11393	0.49744	0.02166	0.01028	0.00300	0.00470	0.08045	0.00803	0.00732
15	0.03179	0.04056	0.02412	0.02192	0.02631	0.66676	0.01644	0.03398	0.02412	0.02083	0.01315	0.01535	0.01096	0.00877	0.00767	0.00219	0.01535	0.00548	0.00438	0.00987
16	0.03179	0.04056	0.02412	0.02192	0.02631	0.66676	0.01644	0.03398	0.02412	0.02083	0.01315	0.01535	0.01096	0.00877	0.00767	0.00219	0.01535	0.00548	0.00438	0.00987
17	0.76103	0.01646	0.01251	0.01119	0.01646	0.01909	0.00922	0.02502	0.01448	0.03818	0.01185	0.01382	0.00922	0.00790	0.00527	0.00263	0.00658	0.00461	0.00527	0.00922
18	0.02376	0.63189	0.04231	0.01538	0.02234	0.10421	0.01477	0.02643	0.01805	0.02011	0.01198	0.01384	0.01093	0.00745	0.00571	0.00186	0.00980	0.00465	0.00372	0.01080
19	0.03179	0.04056	0.02412	0.02192	0.02631	0.66676	0.01644	0.03398	0.02412	0.02083	0.01315	0.01535	0.01096	0.00877	0.00767	0.00219	0.01535	0.00548	0.00438	0.00987
20	0.01006	0.00862	0.00862	0.00862	0.01149	0.00718	0.00647	0.01221	0.01940	0.02299	0.08621	0.08190	0.64438	0.02155	0.01006	0.00287	0.00431	0.01796	0.00790	0.00718
21	0.76103	0.01646	0.01251	0.01119	0.01646	0.01909	0.00922	0.02502	0.01448	0.03818	0.01185	0.01382	0.00922	0.00790	0.00527	0.00263	0.00658	0.00461	0.00527	0.00922
22	0.03235	0.02384	0.02554	0.01958	0.02639	0.02639	0.01618	0.61946	0.04001	0.05363	0.02043	0.02043	0.01447	0.01022	0.00851	0.00255	0.00936	0.00766	0.00851	0.01447
23	0.03235	0.02384	0.02554	0.01958	0.02639	0.02639	0.01618	0.61946	0.04001	0.05363	0.02043	0.02043	0.01447	0.01022	0.00851	0.00255	0.00936	0.00766	0.00851	0.01447
24	0.15773	0.01481	0.01855	0.01449	0.02085	0.01360	0.01196	0.03875	0.02272	0.55193	0.02998	0.02646	0.01911	0.01010	0.00801	0.00263	0.00713	0.00790	0.00966	0.01361
25	0.01127	0.00867	0.01030	0.00989	0.01224	0.00770	0.00742	0.01456	0.02226	0.02979	0.42632	0.07071	0.30003	0.01902	0.01005	0.00275	0.00413	0.01639	0.00880	0.00770
26	0.01038	0.00863	0.00906	0.00896	0.01169	0.00732	0.00672	0.01283	0.02015	0.02477	0.17546	0.07896	0.55402	0.02089	0.01005	0.00284	0.00426	0.01755	0.00814	0.00732
27	0.01051	0.00844	0.00946	0.01015	0.01234	0.00739	0.00757	0.01269	0.01865	0.02293	0.07222	0.23498	0.43724	0.02302	0.01043	0.00313	0.00483	0.07893	0.00789	0.00718
28	0.02106	0.02022	0.03454	0.05223	0.64784	0.02022	0.02612	0.02612	0.01938	0.02780	0.01601	0.02106	0.01348	0.00758	0.00842	0.00253	0.01011	0.00758	0.00421	0.01348
29	0.01084	0.00767	0.00967	0.01107	0.01156	0.00725	0.00717	0.01199	0.01549	0.02052	0.04391	0.51119	0.07812	0.18980	0.01869	0.00459	0.00571	0.02103	0.00724	0.00650
30	0.01274	0.00886	0.01027	0.01005	0.01005	0.00930	0.00595	0.01285	0.01241	0.01674	0.02589	0.05351	0.02977	0.66050	0.04241	0.00798	0.04815	0.01209	0.00507	0.00540
31	0.03179	0.04056	0.02412	0.02192	0.02631	0.66676	0.01644	0.03398	0.02412	0.02083	0.01315	0.01535	0.01096	0.00877	0.00767	0.00219	0.01535	0.00548	0.00438	0.00987
32	0.02507	0.02257	0.02059	0.01772	0.02204	0.17880	0.01399	0.25565	0.02674	0.03384	0.01975	0.02381	0.01610	0.02655	0.21345	0.00590	0.01475	0.00759	0.04425	0.01086
33	0.02106	0.02022	0.03454	0.05223	0.64784	0.02022	0.02612	0.02612	0.01938	0.02780	0.01601	0.02106	0.01348	0.00758	0.00842	0.00253	0.01011	0.00758	0.00421	0.01348
34	0.01006	0.00862	0.00862	0.00862	0.01149	0.00718	0.00647	0.01221	0.01940	0.02299	0.08621	0.08190	0.64438	0.02155	0.01006	0.00287	0.00431	0.01796	0.00790	0.00718
35	0.01044	0.00754	0.00989	0.01162	0.01232	0.00698	0.00783	0.01209	0.01686	0.02244	0.08019	0.63074	0.08775	0.02591	0.01078	0.00339	0.00486	0.02341	0.00798	0.00698
36	0.01216	0.00912	0.01368	0.01368	0.01520	0.01064	0.01064	0.01520	0.01368	0.01976	0.02279	0.03343	0.02127	0.06382	0.66720	0.01368	0.02279	0.00912	0.00456	0.00760
37	0.03235	0.02384	0.02554	0.01958	0.02639	0.02639	0.01618	0.61946	0.04001	0.05363	0.02043	0.02043	0.01447	0.01022	0.00851	0.00255	0.00936	0.00766	0.00851	0.01447
38	0.01063	0.00864	0.00942	0.00923	0.01185	0.00743	0.00692	0.01333	0.02076	0.02622	0.24771	0.07659	0.48087	0.02035	0.01005	0.00282	0.00422	0.01722	0.00833	0.00743
39	0.03179	0.04056	0.02412	0.02192	0.02631	0.66676	0.01644	0.03398	0.02412	0.02083	0.01315	0.01535	0.01096	0.00877	0.00767	0.00219	0.01535	0.00548	0.00438	0.00987
40	0.01931	0.01344	0.01445	0.01283	0.01574	0.01447	0.00946	0.16592	0.11661	0.03250	0.02790	0.07523	0.02543	0.21685	0.01840	0.00421	0.00703	0.01041	0.19031	0.00948
41	0.02819	0.03467	0.02587	0.02272	0.02631	0.48809	0.04694	0.03056	0.02138	0.02107	0.01290	0.01647	0.01111	0.01009	0.01242	0.00258	0.16842	0.00616	0.00423	0.00982
42	0.01150	0.00866	0.01086	0.01206	0.01387	0.00803	0.00941	0.01416	0.01884	0.02413	0.09509	0.26628	0.23710	0.02346	0.01086	0.00338	0.00566	0.21131	0.00797	0.00737
43	0.02294	0.02612	0.23081	0.01830	0.02606	0.01844	0.01875	0.22526	0.02666	0.10073	0.06644	0.03341	0.12500	0.01188	0.00872	0.00267	0.00905	0.00949	0.00703	0.01224
44	0.02275	0.70604	0.04459	0.01456	0.02184	0.03367	0.01456	0.02548	0.01729	0.02002	0.01183	0.01365	0.01092	0.00728	0.00546	0.00182	0.00910	0.00455	0.00364	0.01092
45	0.01216	0.00912	0.01368	0.01368	0.01520	0.01064	0.01064	0.01520	0.01368	0.01976	0.02279	0.03343	0.02127	0.06382	0.66720	0.01368	0.02279	0.00912	0.00456	0.00760
46	0.03132	0.02332	0.02496	0.01937	0.02600	0.02591	0.01592	0.56633	0.09483	0.05196	0.02175	0.02148	0.01554	0.01034	0.00853	0.00258	0.00912	0.00784	0.00853	0.01438
47	0.01238	0.00825	0.00928	0.00928	0.00928	0.00825	0.00516	0.01238	0.01238	0.01650	0.02681	0.05569	0.03094	0.70092	0.04331	0.00825	0.00825	0.01238	0.00516	0.00516
48	0.01006	0.00862	0.00862	0.00862	0.01149	0.00718	0.00647	0.01221	0.01940	0.02299	0.08621	0.08190	0.64438	0.02155	0.01006	0.00287	0.00431	0.01796	0.00790	0.00718
49	0.01731	0.07229	0.63068	0.02384	0.03619	0.02036	0.03072	0.02689	0.01794	0.02665	0.01513	0.01778	0.01079	0.00805	0.00797	0.00266	0.01243	0.00621	0.00360	0.01251
50	0.02042	0.01995	0.03519	0.11901	0.52100	0.02021	0.08716	0.02576	0.01919	0.02709	0.01604	0.02144	0.01319	0.00764	0.00860	0.00260	0.01068	0.00784	0.00418	0.01283
51	0.03166	0.02350	0.02515	0.01944	0.02613	0.02607	0.01601	0.58417	0.07642	0.05252	0.02130	0.02113	0.01518	0.01030	0.00852	0.00257	0.00920	0.00778	0.00852	0.01441
52	0.06682	0.36863	0.11945	0.01798	0.02390	0.06319	0.01761	0.02487	0.01653	0.02223	0.01220	0.01556	0.01086	0.00939	0.01147	0.00248	0.17689	0.00555	0.00379	0.01058
