[name]
unknown

[dist]
# distance from previous block
# <min> <max>
0	35

[block]
# block no. 0 follows, 19 sequences, length 26
# corresponding to MSA columns:
# 35-60
name=unknown_A
#
# <colnr> <probs for GDERKNQSTAVLIFYWHMCP>
#	G	D	E	R	K	N	Q	S	T	A	V	L	I	F	Y	W	H	M	C	P
0	0.01354	0.01134	0.01210	0.01181	0.01512	0.01099	0.00915	0.02100	0.14728	0.02796	0.10879	0.07496	0.41342	0.02032	0.01042	0.00311	0.00538	0.06567	0.00857	0.00908
1	0.01915	0.01908	0.01889	0.01932	0.05772	0.16566	0.01392	0.02422	0.07051	0.02304	0.02220	0.02963	0.01970	0.04468	0.39955	0.00975	0.01976	0.00862	0.00511	0.00949
2	0.08179	0.01603	0.02562	0.60624	0.05769	0.01989	0.02350	0.02316	0.01765	0.02439	0.01560	0.02303	0.01173	0.00889	0.00864	0.00296	0.01148	0.00768	0.00411	0.00992
3	0.06745	0.26135	0.26652	0.02739	0.15802	0.02588	0.02425	0.02748	0.01873	0.02676	0.01474	0.01774	0.01188	0.00808	0.00744	0.00247	0.01101	0.00616	0.00405	0.01260
4	0.02184	0.02304	0.07922	0.05282	0.58771	0.02122	0.02786	0.02752	0.02027	0.02916	0.01677	0.02191	0.01397	0.00801	0.00883	0.00267	0.01081	0.00787	0.00438	0.01410
5	0.02961	0.03648	0.02461	0.02236	0.02595	0.50483	0.01701	0.03181	0.02291	0.02190	0.01602	0.06391	0.01495	0.01158	0.01170	0.00266	0.11939	0.00749	0.00476	0.01006
6	0.01236	0.00906	0.01293	0.01343	0.01460	0.00998	0.00989	0.01482	0.01489	0.02090	0.03047	0.19170	0.03224	0.12314	0.43354	0.01121	0.01786	0.01374	0.00570	0.00754
7	0.03401	0.02506	0.02685	0.02058	0.02774	0.02774	0.01700	0.59995	0.04206	0.05638	0.02148	0.02148	0.01521	0.01074	0.00895	0.00268	0.00984	0.00805	0.00895	0.01521
8	0.02392	0.69097	0.04688	0.01531	0.02296	0.03540	0.01531	0.02679	0.01818	0.02105	0.01244	0.01435	0.01148	0.00765	0.00574	0.00191	0.00957	0.00478	0.00383	0.01148
9	0.02926	0.02380	0.02411	0.01978	0.02594	0.06380	0.01588	0.34399	0.26995	0.04667	0.02699	0.02592	0.01983	0.01121	0.00896	0.00280	0.00912	0.00874	0.00874	0.01449
10	0.01794	0.04628	0.63923	0.02550	0.03872	0.02078	0.03305	0.02833	0.01889	0.02833	0.01606	0.01889	0.01133	0.00850	0.00850	0.00283	0.01322	0.00661	0.00378	0.01322
11	0.01080	0.00816	0.00999	0.01146	0.01271	0.00735	0.00786	0.01257	0.01809	0.02323	0.06144	0.50543	0.22566	0.02645	0.01117	0.00345	0.00500	0.02351	0.00831	0.00735
12	0.01288	0.00918	0.01230	0.01230	0.01318	0.01005	0.00859	0.01464	0.01376	0.01923	0.02586	0.04567	0.02694	0.34531	0.37817	0.01181	0.01709	0.01113	0.00508	0.00683
13	0.02385	0.13391	0.32866	0.02510	0.06896	0.21853	0.02532	0.03036	0.02089	0.02536	0.01490	0.01759	0.01159	0.00857	0.00800	0.00253	0.01346	0.00617	0.00408	0.01215
14	0.02104	0.02013	0.03431	0.18339	0.50995	0.02097	0.02691	0.02649	0.01985	0.02788	0.01663	0.02250	0.01370	0.00818	0.00888	0.00273	0.01090	0.00797	0.00433	0.01328
15	0.02311	0.02401	0.03133	0.18258	0.35923	0.13985	0.02429	0.02900	0.05036	0.02683	0.01703	0.02195	0.01383	0.00863	0.00874	0.00268	0.01178	0.00766	0.00460	0.01251
16	0.01925	0.01824	0.03013	0.18359	0.41110	0.01890	0.02379	0.02425	0.01982	0.02706	0.02765	0.03208	0.10509	0.01038	0.00913	0.00278	0.01001	0.00960	0.00491	0.01224
17	0.01177	0.00831	0.01027	0.01123	0.01191	0.00788	0.00728	0.01316	0.01691	0.02260	0.11022	0.36984	0.08817	0.24240	0.02247	0.00516	0.00618	0.01990	0.00753	0.00681
18	0.01869	0.01929	0.03865	0.03197	0.10649	0.01835	0.35166	0.02490	0.02161	0.02996	0.16340	0.03479	0.03113	0.01390	0.05051	0.00364	0.01251	0.01153	0.00580	0.01120
19	0.01232	0.01081	0.01322	0.01612	0.10442	0.00958	0.00998	0.01500	0.02019	0.02484	0.07703	0.11359	0.49934	0.02080	0.01037	0.00300	0.00548	0.01766	0.00773	0.00852
20	0.02089	0.01998	0.03405	0.20052	0.49397	0.02093	0.02683	0.02636	0.01978	0.02771	0.01661	0.02255	0.01363	0.00820	0.00888	0.00273	0.01094	0.00797	0.00432	0.01316
21	0.02214	0.02126	0.03631	0.05491	0.62978	0.02126	0.02746	0.02746	0.02037	0.02923	0.01683	0.02214	0.01417	0.00797	0.00886	0.00266	0.01063	0.00797	0.00443	0.01417
22	0.02112	0.02046	0.03563	0.16484	0.48926	0.02109	0.06311	0.02669	0.01997	0.02803	0.01674	0.02258	0.01372	0.00812	0.00898	0.00274	0.01115	0.00813	0.00435	0.01327
23	0.03069	0.03863	0.02341	0.02138	0.02580	0.57296	0.01603	0.03299	0.02476	0.02217	0.02300	0.02449	0.08494	0.01082	0.00837	0.00239	0.01475	0.00733	0.00505	0.01003
24	0.53138	0.02327	0.01693	0.05583	0.02259	0.17055	0.01247	0.02833	0.01782	0.03468	0.01300	0.01551	0.01027	0.00856	0.00636	0.00267	0.00944	0.00526	0.00522	0.00987
25	0.01648	0.11313	0.02073	0.01524	0.01752	0.01750	0.01258	0.01956	0.01559	0.02320	0.02076	0.02864	0.01874	0.03797	0.31661	0.00826	0.14584	0.00830	0.13442	0.00893

[dist]
# distance from previous block
# <min> <max>
0	1

[block]
# block no. 1 follows, 19 sequences, length 11
# corresponding to MSA columns:
# 62-72
name=unknown_B
#
# <colnr> <probs for GDERKNQSTAVLIFYWHMCP>
#	G	D	E	R	K	N	Q	S	T	A	V	L	I	F	Y	W	H	M	C	P
0	0.01436	0.01076	0.01235	0.01227	0.01520	0.01027	0.00944	0.02027	0.10383	0.05628	0.13555	0.15422	0.30310	0.02106	0.01062	0.00320	0.00553	0.08396	0.00873	0.00899
1	0.01347	0.01059	0.01569	0.01530	0.01673	0.01282	0.01203	0.01654	0.01431	0.02085	0.02273	0.03357	0.02129	0.06190	0.58742	0.01332	0.08915	0.00941	0.00470	0.00817
2	0.01274	0.01059	0.01344	0.01548	0.08856	0.00955	0.00992	0.01607	0.02213	0.02893	0.27066	0.07141	0.35913	0.01930	0.01035	0.00290	0.00517	0.01658	0.00838	0.00868
3	0.02327	0.02295	0.04033	0.03293	0.09698	0.02456	0.29582	0.13358	0.02322	0.03223	0.01711	0.02237	0.01351	0.01008	0.01448	0.00313	0.16673	0.00919	0.00520	0.01233
4	0.02172	0.02380	0.09755	0.05193	0.56974	0.02121	0.02803	0.02755	0.02022	0.02914	0.01675	0.02181	0.01388	0.00802	0.00882	0.00267	0.01089	0.00783	0.00436	0.01407
5	0.01957	0.01957	0.02740	0.02349	0.02349	0.02740	0.01957	0.02153	0.01370	0.02153	0.01174	0.01957	0.01174	0.01566	0.02936	0.00391	0.66921	0.00783	0.00391	0.00979
6	0.01770	0.01655	0.01664	0.01581	0.01766	0.13152	0.01202	0.02029	0.01658	0.02175	0.02182	0.03274	0.02057	0.12217	0.33581	0.00927	0.08404	0.00900	0.06971	0.00833
7	0.01665	0.01723	0.01530	0.01449	0.01731	0.13640	0.01132	0.01905	0.02044	0.02358	0.06066	0.06437	0.36838	0.01923	0.01288	0.00310	0.10041	0.06374	0.00696	0.00848
8	0.01468	0.01207	0.01584	0.01794	0.09236	0.01124	0.01145	0.01951	0.07147	0.02726	0.09420	0.31483	0.10535	0.01918	0.00994	0.00294	0.00612	0.01708	0.00754	0.12901
9	0.02542	0.09996	0.08476	0.10433	0.15769	0.15749	0.02167	0.12190	0.02365	0.02964	0.01579	0.01958	0.01273	0.00959	0.01042	0.00269	0.07847	0.00704	0.00498	0.01222
10	0.02877	0.07385	0.03091	0.03388	0.24726	0.30286	0.02084	0.10313	0.02518	0.02886	0.01580	0.01889	0.01295	0.00886	0.00832	0.00246	0.01291	0.00680	0.00504	0.01244

[dist]
# distance from previous block
# <min> <max>
0	1

[block]
# block no. 2 follows, 19 sequences, length 110
# corresponding to MSA columns:
# 74-183
name=unknown_C
#
# <colnr> <probs for GDERKNQSTAVLIFYWHMCP>
#	G	D	E	R	K	N	Q	S	T	A	V	L	I	F	Y	W	H	M	C	P
0	0.07139	0.02172	0.03355	0.09164	0.51933	0.05306	0.02556	0.02749	0.02011	0.02916	0.01632	0.02144	0.01358	0.00812	0.00860	0.00267	0.01075	0.00765	0.00448	0.01339
1	0.02165	0.37113	0.08959	0.01692	0.02363	0.06908	0.01620	0.02528	0.01800	0.02282	0.01469	0.01836	0.01307	0.01563	0.08791	0.00363	0.05626	0.00588	0.00419	0.10608
2	0.02414	0.28341	0.17713	0.08464	0.05819	0.18343	0.02140	0.02903	0.02021	0.02349	0.01416	0.01712	0.01162	0.00838	0.00741	0.00236	0.01234	0.00590	0.00405	0.01158
3	0.02328	0.19705	0.23250	0.02985	0.17933	0.13968	0.02444	0.02909	0.02027	0.02559	0.01495	0.01808	0.01211	0.00829	0.00783	0.00247	0.01222	0.00635	0.00410	0.01251
4	0.02270	0.02461	0.06430	0.13024	0.44563	0.10302	0.02607	0.02797	0.02062	0.02738	0.01627	0.02142	0.01338	0.00829	0.00875	0.00266	0.01165	0.00761	0.00436	0.01306
5	0.01090	0.00779	0.01038	0.01246	0.01298	0.00727	0.00830	0.01246	0.01713	0.02284	0.04931	0.67975	0.05917	0.02803	0.01142	0.00363	0.00519	0.02543	0.00830	0.00727
6	0.01505	0.00880	0.01057	0.01057	0.01234	0.00937	0.00794	0.01860	0.01682	0.02783	0.02727	0.03569	0.02338	0.07616	0.23630	0.00687	0.01146	0.00910	0.42786	0.00802
7	0.01142	0.00843	0.01160	0.05651	0.01630	0.00820	0.00943	0.01346	0.01773	0.02372	0.08590	0.59397	0.05768	0.02608	0.01119	0.00353	0.00558	0.02362	0.00812	0.00753
8	0.01158	0.00817	0.01009	0.01134	0.01185	0.00775	0.00725	0.01267	0.01599	0.02111	0.04513	0.43426	0.08876	0.24496	0.02264	0.00526	0.00630	0.02088	0.00735	0.00668
9	0.02868	0.36629	0.03610	0.01918	0.02531	0.34302	0.01630	0.03126	0.02177	0.02147	0.01313	0.01524	0.01150	0.00844	0.00691	0.00211	0.01286	0.00527	0.00422	0.01093
10	0.02948	0.20488	0.03231	0.02536	0.10749	0.40866	0.01815	0.03234	0.02286	0.02267	0.01388	0.01649	0.01187	0.00865	0.00758	0.00225	0.01372	0.00581	0.00439	0.01117
11	0.01294	0.00981	0.01201	0.01134	0.01381	0.00922	0.00854	0.01824	0.06429	0.03391	0.49071	0.06797	0.17632	0.01865	0.01046	0.00287	0.00447	0.01625	0.00953	0.00867
12	0.02123	0.01620	0.01744	0.01563	0.02037	0.01752	0.01218	0.03827	0.39851	0.09922	0.05010	0.04649	0.17926	0.01470	0.00947	0.00300	0.00649	0.01223	0.00912	0.01259
13	0.01120	0.00909	0.00993	0.00972	0.01247	0.00782	0.00729	0.01406	0.02188	0.02769	0.25147	0.08030	0.46311	0.02134	0.01057	0.00296	0.00444	0.01807	0.00877	0.00782
14	0.01278	0.00959	0.01438	0.01438	0.01598	0.01118	0.01118	0.01598	0.01438	0.02077	0.02396	0.03515	0.02237	0.06710	0.65013	0.01438	0.02396	0.00959	0.00479	0.00799
15	0.02214	0.02126	0.03631	0.05491	0.62978	0.02126	0.02746	0.02746	0.02037	0.02923	0.01683	0.02214	0.01417	0.00797	0.00886	0.00266	0.01063	0.00797	0.00443	0.01417
16	0.03062	0.23365	0.03170	0.02077	0.02627	0.46869	0.01670	0.03309	0.02324	0.02165	0.01342	0.01561	0.01151	0.00876	0.00738	0.00219	0.01420	0.00547	0.00438	0.01070
17	0.01556	0.01368	0.01971	0.01811	0.01905	0.01783	0.01462	0.01825	0.01410	0.02108	0.01896	0.02877	0.01802	0.04603	0.39590	0.01009	0.28822	0.00887	0.00443	0.00872
18	0.01301	0.00867	0.00976	0.00976	0.00976	0.00867	0.00542	0.01301	0.01301	0.01735	0.02819	0.05855	0.03253	0.68559	0.04554	0.00867	0.00867	0.01301	0.00542	0.00542
19	0.02340	0.50570	0.04137	0.01756	0.02332	0.06408	0.01638	0.02603	0.01751	0.02120	0.01235	0.01563	0.01154	0.00956	0.01124	0.00239	0.16029	0.00553	0.00389	0.01104
20	0.02214	0.02126	0.03631	0.05491	0.62978	0.02126	0.02746	0.02746	0.02037	0.02923	0.01683	0.02214	0.01417	0.00797	0.00886	0.00266	0.01063	0.00797	0.00443	0.01417
21	0.18179	0.01456	0.01517	0.01463	0.01742	0.07548	0.01144	0.02024	0.01564	0.02527	0.02036	0.02861	0.01843	0.04811	0.44125	0.01057	0.01933	0.00814	0.00494	0.00861
22	0.01977	0.23588	0.39428	0.02148	0.03169	0.02493	0.02561	0.02710	0.01836	0.02600	0.01537	0.01829	0.01198	0.00877	0.00880	0.00258	0.05053	0.00622	0.04012	0.01225
23	0.02017	0.18739	0.38037	0.02926	0.15715	0.02419	0.02787	0.02780	0.01903	0.02686	0.01539	0.01853	0.01195	0.00820	0.00795	0.00259	0.01186	0.00648	0.00392	0.01302
24	0.02119	0.02418	0.11417	0.08890	0.44032	0.02125	0.05930	0.02868	0.06008	0.02920	0.01806	0.02270	0.01450	0.00836	0.00893	0.00275	0.01107	0.00808	0.00463	0.01364
25	0.03035	0.12393	0.02681	0.02091	0.02565	0.50713	0.01620	0.03286	0.02355	0.02226	0.01488	0.01767	0.01260	0.01202	0.04035	0.00286	0.01512	0.00595	0.03861	0.01030
26	0.02730	0.46145	0.03940	0.01787	0.02462	0.21046	0.01599	0.06741	0.02182	0.02364	0.01344	0.01533	0.01174	0.00831	0.00662	0.00208	0.01146	0.00528	0.00439	0.01141
27	0.01879	0.13803	0.55492	0.02405	0.03648	0.02286	0.03053	0.02811	0.01879	0.02730	0.01554	0.01824	0.01135	0.00838	0.00811	0.00270	0.01270	0.00635	0.00378	0.01297
28	0.02270	0.02231	0.03577	0.05334	0.60007	0.05226	0.02695	0.02786	0.02062	0.02887	0.01668	0.02185	0.01404	0.00803	0.00882	0.00264	0.01090	0.00786	0.00444	0.01398
29	0.01087	0.00792	0.01024	0.01210	0.01288	0.00730	0.00815	0.01250	0.01747	0.02298	0.05368	0.61692	0.11917	0.02746	0.01133	0.00357	0.00512	0.02474	0.00831	0.00730
30	0.02252	0.02089	0.05804	0.17633	0.22313	0.02124	0.02167	0.16637	0.06507	0.03444	0.02624	0.02920	0.07436	0.01061	0.00907	0.00281	0.01003	0.00913	0.00609	0.01277
31	0.02750	0.03375	0.02138	0.01969	0.02378	0.47932	0.01480	0.02986	0.02363	0.02227	0.02973	0.03128	0.13407	0.01579	0.05189	0.00326	0.01436	0.00862	0.00535	0.00965
32	0.01130	0.00804	0.01018	0.01172	0.01229	0.00756	0.00764	0.01259	0.01651	0.02183	0.04757	0.52147	0.08747	0.15803	0.01813	0.00460	0.00584	0.02258	0.00773	0.00692
33	0.02214	0.02126	0.03631	0.05491	0.62978	0.02126	0.02746	0.02746	0.02037	0.02923	0.01683	0.02214	0.01417	0.00797	0.00886	0.00266	0.01063	0.00797	0.00443	0.01417
34	0.02501	0.02670	0.03352	0.04680	0.47643	0.18130	0.02487	0.02956	0.02164	0.02736	0.01606	0.02061	0.01350	0.00829	0.00866	0.00257	0.01203	0.00741	0.00447	0.01320
35	0.01057	0.00906	0.00906	0.00906	0.01208	0.00755	0.00680	0.01284	0.02039	0.02417	0.09063	0.08610	0.62615	0.02266	0.01057	0.00302	0.00453	0.01888	0.00831	0.00755
36	0.01104	0.00785	0.01034	0.01228	0.01276	0.00736	0.00811	0.01249	0.01685	0.02247	0.04788	0.63783	0.05737	0.07240	0.01372	0.00397	0.00543	0.02460	0.00811	0.00714
37	0.02095	0.02004	0.03416	0.19313	0.50086	0.02094	0.02686	0.02641	0.01981	0.02778	0.01662	0.02253	0.01366	0.00819	0.00888	0.00273	0.01092	0.00797	0.00433	0.01321
38	0.01057	0.00906	0.00906	0.00906	0.01208	0.00755	0.00680	0.01284	0.02039	0.02417	0.09063	0.08610	0.62615	0.02266	0.01057	0.00302	0.00453	0.01888	0.00831	0.00755
39	0.01278	0.00959	0.01438	0.01438	0.01598	0.01118	0.01118	0.01598	0.01438	0.02077	0.02396	0.03515	0.02237	0.06710	0.65013	0.01438	0.02396	0.00959	0.00479	0.00799
40	0.01794	0.04628	0.63923	0.02550	0.03872	0.02078	0.03305	0.02833	0.01889	0.02833	0.01606	0.01889	0.01133	0.00850	0.00850	0.00283	0.01322	0.00661	0.00378	0.01322
41	0.03342	0.04264	0.02535	0.02305	0.02766	0.64967	0.01729	0.03572	0.02535	0.02190	0.01383	0.01613	0.01152	0.00922	0.00807	0.00230	0.01613	0.00576	0.00461	0.01037
42	0.01452	0.00956	0.01255	0.01157	0.01400	0.00876	0.00876	0.01869	0.02534	0.07637	0.58526	0.06437	0.08021	0.01780	0.01045	0.00281	0.00445	0.01569	0.00993	0.00890
43	0.02718	0.02166	0.02300	0.01920	0.02514	0.02455	0.01535	0.27892	0.37422	0.04537	0.03016	0.02839	0.02224	0.01155	0.00904	0.00289	0.00824	0.00925	0.00904	0.01460
44	0.02445	0.02450	0.02097	0.01897	0.02371	0.18111	0.01457	0.04245	0.42395	0.03336	0.07053	0.03125	0.02716	0.01181	0.00894	0.00283	0.00919	0.00942	0.00801	0.01281
45	0.03239	0.06970	0.02651	0.02256	0.02726	0.55333	0.01728	0.07080	0.02556	0.02405	0.01416	0.01655	0.01177	0.00954	0.00900	0.00239	0.04566	0.00596	0.00482	0.01070
46	0.01794	0.04628	0.63923	0.02550	0.03872	0.02078	0.03305	0.02833	0.01889	0.02833	0.01606	0.01889	0.01133	0.00850	0.00850	0.00283	0.01322	0.00661	0.00378	0.01322
47	0.02214	0.02126	0.03631	0.05491	0.62978	0.02126	0.02746	0.02746	0.02037	0.02923	0.01683	0.02214	0.01417	0.00797	0.00886	0.00266	0.01063	0.00797	0.00443	0.01417
48	0.02179	0.02090	0.03567	0.09602	0.59144	0.02116	0.02728	0.02715	0.02020	0.02880	0.01677	0.02226	0.01402	0.00804	0.00886	0.00268	0.01072	0.00797	0.00440	0.01389
49	0.02207	0.02145	0.03743	0.05375	0.59028	0.02135	0.06606	0.02754	0.02042	0.02919	0.01691	0.02228	0.01413	0.00794	0.00897	0.00268	0.01093	0.00815	0.00444	0.01403
50	0.01090	0.00779	0.01038	0.01246	0.01298	0.00727	0.00830	0.01246	0.01713	0.02284	0.04931	0.67975	0.05917	0.02803	0.01142	0.00363	0.00519	0.02543	0.00830	0.00727
51	0.01278	0.00959	0.01438	0.01438	0.01598	0.01118	0.01118	0.01598	0.01438	0.02077	0.02396	0.03515	0.02237	0.06710	0.65013	0.01438	0.02396	0.00959	0.00479	0.00799
52	0.01875	0.04064	0.48988	0.02861	0.04077	0.02125	0.17675	0.02842	0.01946	0.02842	0.01658	0.02022	0.01190	0.00826	0.00902	0.00288	0.01370	0.00762	0.00397	0.01293
53	0.01082	0.00811	0.01005	0.01159	0.01275	0.00734	0.00792	0.01255	0.01796	0.02318	0.05983	0.52856	0.20357	0.02666	0.01120	0.00348	0.00502	0.02376	0.00831	0.00734
54	0.01057	0.00906	0.00906	0.00906	0.01208	0.00755	0.00680	0.01284	0.02039	0.02417	0.09063	0.08610	0.62615	0.02266	0.01057	0.00302	0.00453	0.01888	0.00831	0.00755
55	0.02214	0.02126	0.03631	0.05491	0.62978	0.02126	0.02746	0.02746	0.02037	0.02923	0.01683	0.02214	0.01417	0.00797	0.00886	0.00266	0.01063	0.00797	0.00443	0.01417
56	0.01836	0.01285	0.01411	0.01252	0.01434	0.01353	0.00837	0.16249	0.02041	0.02729	0.02648	0.04911	0.02812	0.51372	0.03622	0.00715	0.00897	0.01175	0.00632	0.00792
57	0.01326	0.00865	0.00966	0.00966	0.00980	0.00865	0.00548	0.01354	0.01340	0.01843	0.02826	0.05684	0.03188	0.63985	0.04287	0.00823	0.00837	0.01269	0.05486	0.00562
58	0.03401	0.02506	0.02685	0.02058	0.02774	0.02774	0.01700	0.59995	0.04206	0.05638	0.02148	0.02148	0.01521	0.01074	0.00895	0.00268	0.00984	0.00805	0.00895	0.01521
59	0.01295	0.00891	0.01093	0.01093	0.01134	0.00931	0.00689	0.01377	0.01336	0.01822	0.02711	0.05259	0.02994	0.52807	0.19951	0.01013	0.01257	0.01214	0.00526	0.00607
60	0.02492	0.02054	0.02173	0.01875	0.02428	0.02350	0.01481	0.17288	0.48393	0.04173	0.03302	0.03068	0.02457	0.01182	0.00907	0.00296	0.00771	0.00965	0.00907	0.01440
61	0.02022	0.02860	0.18354	0.03329	0.04321	0.02148	0.42967	0.02817	0.02044	0.02862	0.01749	0.02257	0.01304	0.00770	0.00983	0.00286	0.01409	0.00931	0.00441	0.06147
62	0.74878	0.01730	0.01315	0.01177	0.01730	0.02007	0.00969	0.02630	0.01523	0.04014	0.01246	0.01453	0.00969	0.00830	0.00554	0.00277	0.00692	0.00484	0.00554	0.00969
63	0.74878	0.01730	0.01315	0.01177	0.01730	0.02007	0.00969	0.02630	0.01523	0.04014	0.01246	0.01453	0.00969	0.00830	0.00554	0.00277	0.00692	0.00484	0.00554	0.00969
64	0.01301	0.00867	0.00976	0.00976	0.00976	0.00867	0.00542	0.01301	0.01301	0.01735	0.02819	0.05855	0.03253	0.68559	0.04554	0.00867	0.00867	0.01301	0.00542	0.00542
65	0.02112	0.02413	0.05279	0.03771	0.04676	0.02262	0.59729	0.02866	0.02112	0.02866	0.01810	0.02413	0.01357	0.00754	0.01056	0.00302	0.01508	0.01056	0.00452	0.01207
66	0.03345	0.04160	0.02544	0.02290	0.02766	0.61284	0.01727	0.06914	0.02634	0.02394	0.01428	0.01645	0.01174	0.00931	0.00812	0.00233	0.01576	0.00590	0.00487	0.01066
67	0.03017	0.26441	0.03272	0.02040	0.02605	0.43955	0.01661	0.03267	0.02290	0.02161	0.01335	0.01552	0.01151	0.00868	0.00727	0.00217	0.01389	0.00543	0.00434	0.01075
68	0.02194	0.02183	0.03958	0.05150	0.51423	0.02153	0.14039	0.02769	0.02052	0.02912	0.01708	0.02254	0.01405	0.00789	0.00919	0.00273	0.01151	0.00848	0.00445	0.01375
69	0.01095	0.00812	0.01023	0.01173	0.01283	0.00740	0.00803	0.01281	0.01828	0.02393	0.09406	0.52732	0.16888	0.02638	0.01120	0.00346	0.00500	0.02359	0.00840	0.00740
70	0.01690	0.01590	0.02683	0.66408	0.06162	0.01988	0.02485	0.02286	0.01789	0.02286	0.01590	0.02385	0.01193	0.00894	0.00894	0.00298	0.01193	0.00795	0.00398	0.00994
71	0.02112	0.02413	0.05279	0.03771	0.04676	0.02262	0.59729	0.02866	0.02112	0.02866	0.01810	0.02413	0.01357	0.00754	0.01056	0.00302	0.01508	0.01056	0.00452	0.01207
72	0.02214	0.02126	0.03631	0.05491	0.62978	0.02126	0.02746	0.02746	0.02037	0.02923	0.01683	0.02214	0.01417	0.00797	0.00886	0.00266	0.01063	0.00797	0.00443	0.01417
73	0.01122	0.00842	0.01040	0.01132	0.01284	0.00761	0.00795	0.01356	0.01982	0.02614	0.19047	0.38949	0.20930	0.02445	0.01101	0.00329	0.00480	0.02167	0.00866	0.00761
74	0.01554	0.00777	0.01166	0.01166	0.01166	0.00777	0.00777	0.01166	0.01166	0.01554	0.01554	0.02720	0.01554	0.03108	0.03497	0.73970	0.00777	0.00777	0.00389	0.00389
75	0.01090	0.00779	0.01038	0.01246	0.01298	0.00727	0.00830	0.01246	0.01713	0.02284	0.04931	0.67975	0.05917	0.02803	0.01142	0.00363	0.00519	0.02543	0.00830	0.00727
76	0.01090	0.00779	0.01038	0.01246	0.01298	0.00727	0.00830	0.01246	0.01713	0.02284	0.04931	0.67975	0.05917	0.02803	0.01142	0.00363	0.00519	0.02543	0.00830	0.00727
77	0.01090	0.00779	0.01038	0.01246	0.01298	0.00727	0.00830	0.01246	0.01713	0.02284	0.04931	0.67975	0.05917	0.02803	0.01142	0.00363	0.00519	0.02543	0.00830	0.00727
78	0.01090	0.00779	0.01038	0.01246	0.01298	0.00727	0.00830	0.01246	0.01713	0.02284	0.04931	0.67975	0.05917	0.02803	0.01142	0.00363	0.00519	0.02543	0.00830	0.00727
79	0.74878	0.01730	0.01315	0.01177	0.01730	0.02007	0.00969	0.02630	0.01523	0.04014	0.01246	0.01453	0.00969	0.00830	0.00554	0.00277	0.00692	0.00484	0.00554	0.00969
80	0.01301	0.00867	0.00976	0.00976	0.00976	0.00867	0.00542	0.01301	0.01301	0.01735	0.02819	0.05855	0.03253	0.68559	0.04554	0.00867	0.00867	0.01301	0.00542	0.00542
81	0.03342	0.04264	0.02535	0.02305	0.02766	0.64967	0.01729	0.03572	0.02535	0.02190	0.01383	0.01613	0.01152	0.00922	0.00807	0.00230	0.01613	0.00576	0.00461	0.01037
82	0.01057	0.00906	0.00906	0.00906	0.01208	0.00755	0.00680	0.01284	0.02039	0.02417	0.09063	0.08610	0.62615	0.02266	0.01057	0.00302	0.00453	0.01888	0.00831	0.00755
83	0.03342	0.04264	0.02535	0.02305	0.02766	0.64967	0.01729	0.03572	0.02535	0.02190	0.01383	0.01613	0.01152	0.00922	0.00807	0.00230	0.01613	0.00576	0.00461	0.01037
84	0.01083	0.00808	0.01008	0.01169	0.01277	0.00733	0.00796	0.01254	0.01787	0.02314	0.05869	0.54505	0.18782	0.02681	0.01123	0.00349	0.00504	0.02395	0.00831	0.00733
85	0.03401	0.02506	0.02685	0.02058	0.02774	0.02774	0.01700	0.59995	0.04206	0.05638	0.02148	0.02148	0.01521	0.01074	0.00895	0.00268	0.00984	0.00805	0.00895	0.01521
86	0.02214	0.02126	0.03631	0.05491	0.62978	0.02126	0.02746	0.02746	0.02037	0.02923	0.01683	0.02214	0.01417	0.00797	0.00886	0.00266	0.01063	0.00797	0.00443	0.01417
87	0.02189	0.04535	0.48289	0.02488	0.03590	0.18094	0.02904	0.03022	0.02053	0.02669	0.01549	0.01819	0.01138	0.00868	0.00839	0.00270	0.01396	0.00639	0.00399	0.01250
88	0.02179	0.02090	0.03568	0.09537	0.59205	0.02117	0.02728	0.02715	0.02021	0.02881	0.01677	0.02226	0.01402	0.00804	0.00886	0.00268	0.01071	0.00797	0.00440	0.01389
89	0.02948	0.04357	0.18170	0.02367	0.03048	0.48950	0.02130	0.03384	0.02371	0.02354	0.01440	0.01684	0.01148	0.00904	0.00818	0.00244	0.01539	0.00598	0.00440	0.01110
90	0.01278	0.00959	0.01438	0.01438	0.01598	0.01118	0.01118	0.01598	0.01438	0.02077	0.02396	0.03515	0.02237	0.06710	0.65013	0.01438	0.02396	0.00959	0.00479	0.00799
91	0.03342	0.04264	0.02535	0.02305	0.02766	0.64967	0.01729	0.03572	0.02535	0.02190	0.01383	0.01613	0.01152	0.00922	0.00807	0.00230	0.01613	0.00576	0.00461	0.01037
92	0.01970	0.23593	0.46498	0.02250	0.03409	0.02508	0.02783	0.02788	0.01868	0.02619	0.01499	0.01755	0.01138	0.00825	0.00769	0.00256	0.01215	0.00607	0.00379	0.01271
93	0.02039	0.02094	0.02728	0.02346	0.02373	0.06426	0.01944	0.02237	0.01439	0.02155	0.01187	0.01937	0.01173	0.01528	0.02810	0.00382	0.63053	0.00771	0.00396	0.00982
94	0.01855	0.01590	0.01855	0.01325	0.02120	0.01193	0.01060	0.02253	0.01855	0.02915	0.01590	0.01855	0.01325	0.00663	0.00663	0.00133	0.00663	0.00530	0.00530	0.74028
95	0.01057	0.00906	0.00906	0.00906	0.01208	0.00755	0.00680	0.01284	0.02039	0.02417	0.09063	0.08610	0.62615	0.02266	0.01057	0.00302	0.00453	0.01888	0.00831	0.00755
96	0.03386	0.02954	0.02647	0.02121	0.02772	0.18614	0.01708	0.45625	0.03781	0.04760	0.01953	0.02012	0.01427	0.01035	0.00872	0.00259	0.01145	0.00747	0.00784	0.01398
97	0.01126	0.00979	0.01068	0.01178	0.04867	0.00836	0.00802	0.01371	0.02039	0.02447	0.08626	0.08231	0.58990	0.02179	0.01047	0.00300	0.00489	0.01824	0.00808	0.00794
98	0.01090	0.00779	0.01038	0.01246	0.01298	0.00727	0.00830	0.01246	0.01713	0.02284	0.04931	0.67975	0.05917	0.02803	0.01142	0.00363	0.00519	0.02543	0.00830	0.00727
99	0.01668	0.00834	0.00834	0.00834	0.01042	0.00834	0.00625	0.02085	0.01876	0.03335	0.02918	0.03335	0.02293	0.01042	0.00625	0.00208	0.00417	0.00834	0.73525	0.00834
100	0.01901	0.01752	0.02926	0.25266	0.33094	0.01886	0.02427	0.02434	0.01958	0.02666	0.02192	0.03664	0.02001	0.01126	0.00951	0.00302	0.01064	0.10725	0.00495	0.01170
101	0.02470	0.02611	0.03383	0.04768	0.49316	0.16384	0.02515	0.02933	0.02150	0.02756	0.01615	0.02078	0.01357	0.00825	0.00868	0.00258	0.01188	0.00747	0.00447	0.01331
102	0.01795	0.01774	0.03091	0.02618	0.05783	0.02050	0.18256	0.02207	0.01637	0.02371	0.01775	0.02602	0.01581	0.02953	0.22295	0.00697	0.24148	0.00918	0.00440	0.01008
103	0.02038	0.01943	0.03270	0.16568	0.48172	0.02007	0.02557	0.02561	0.01991	0.02769	0.02165	0.02679	0.05521	0.00915	0.00899	0.00274	0.01046	0.00871	0.00461	0.01293
104	0.02626	0.02926	0.03165	0.07039	0.37152	0.26369	0.02341	0.03044	0.02218	0.02611	0.01563	0.01990	0.01305	0.00850	0.00856	0.00254	0.01281	0.00712	0.00448	0.01251
105	0.02186	0.02295	0.07715	0.05292	0.58975	0.02122	0.02784	0.02752	0.02027	0.02917	0.01678	0.02192	0.01398	0.00801	0.00883	0.00267	0.01080	0.00788	0.00438	0.01411
106	0.01573	0.01087	0.01230	0.01148	0.01253	0.01133	0.00732	0.08978	0.01689	0.02267	0.02703	0.05213	0.02958	0.55567	0.08171	0.00828	0.00986	0.01213	0.00584	0.00687
107	0.01920	0.01815	0.02937	0.04324	0.47246	0.01777	0.02220	0.02373	0.02038	0.02794	0.03562	0.03843	0.17003	0.01171	0.00929	0.00275	0.00908	0.01075	0.00542	0.01249
108	0.01426	0.01047	0.01441	0.01398	0.01567	0.01186	0.01056	0.05500	0.01601	0.02258	0.02454	0.03836	0.02368	0.17263	0.49982	0.01258	0.02030	0.01009	0.00519	0.00802
109	0.02008	0.02101	0.01917	0.01733	0.02004	0.17724	0.01349	0.02501	0.07921	0.02715	0.17856	0.04333	0.13933	0.01555	0.01405	0.00299	0.15847	0.01152	0.00682	0.00964

[dist]
# distance from previous block
# <min> <max>
0	2

[block]
# block no. 3 follows, 19 sequences, length 13
# corresponding to MSA columns:
# 186-198
name=unknown_D
#
# <colnr> <probs for GDERKNQSTAVLIFYWHMCP>
#	G	D	E	R	K	N	Q	S	T	A	V	L	I	F	Y	W	H	M	C	P
0	0.02548	0.01862	0.02063	0.01721	0.02180	0.02024	0.01343	0.37422	0.03181	0.04268	0.02824	0.16377	0.02691	0.10285	0.04594	0.00422	0.00943	0.01237	0.00816	0.01196
1	0.02199	0.06299	0.01904	0.01474	0.01912	0.01633	0.01172	0.17434	0.05668	0.10275	0.14149	0.15661	0.13188	0.01683	0.00970	0.00290	0.00683	0.01418	0.00877	0.01114
2	0.02514	0.02647	0.03009	0.03890	0.34520	0.18707	0.02202	0.03380	0.14483	0.02900	0.02010	0.02289	0.01620	0.00917	0.00870	0.00264	0.01134	0.00783	0.00545	0.01317
3	0.01623	0.01465	0.02099	0.01900	0.01979	0.01942	0.01544	0.01880	0.01403	0.02116	0.01776	0.02724	0.01697	0.04099	0.33505	0.00907	0.35146	0.00869	0.00435	0.00890
4	0.01544	0.01057	0.01174	0.01101	0.01184	0.01088	0.00676	0.08095	0.01637	0.02187	0.02741	0.05426	0.03052	0.60747	0.04130	0.00798	0.00881	0.01244	0.00583	0.00655
5	0.02345	0.02373	0.03504	0.05122	0.56008	0.09400	0.02628	0.02841	0.02095	0.02838	0.01648	0.02145	0.01386	0.00812	0.00877	0.00262	0.01127	0.00772	0.00445	0.01373
6	0.01134	0.00797	0.01025	0.01189	0.01230	0.00756	0.00770	0.01257	0.01627	0.02169	0.04490	0.54998	0.05361	0.16539	0.01855	0.00469	0.00592	0.02284	0.00770	0.00688
7	0.01837	0.01699	0.02715	0.03913	0.41324	0.01657	0.02043	0.02288	0.02105	0.02905	0.11568	0.04195	0.15492	0.01253	0.00946	0.00276	0.00845	0.01143	0.00600	0.01197
8	0.01554	0.00777	0.01166	0.01166	0.01166	0.00777	0.00777	0.01166	0.01166	0.01554	0.01554	0.02720	0.01554	0.03108	0.03497	0.73970	0.00777	0.00777	0.00389	0.00389
9	0.05795	0.11077	0.02405	0.02253	0.14521	0.09810	0.01479	0.06483	0.02245	0.05483	0.06697	0.04269	0.21285	0.01359	0.00880	0.00265	0.00857	0.01100	0.00652	0.01084
10	0.02233	0.02289	0.03870	0.08126	0.43776	0.05965	0.14947	0.02798	0.02070	0.02833	0.01687	0.02230	0.01376	0.00801	0.00918	0.00273	0.01199	0.00839	0.00444	0.01326
11	0.10724	0.06843	0.18844	0.02956	0.18430	0.02248	0.04745	0.13664	0.02330	0.03492	0.01673	0.01964	0.01286	0.00854	0.00812	0.00259	0.01056	0.00700	0.00528	0.06591
12	0.01978	0.03183	0.28584	0.08192	0.19451	0.02132	0.17972	0.02780	0.01979	0.02826	0.01678	0.02146	0.01270	0.00814	0.00917	0.00285	0.01295	0.00810	0.00416	0.01293

[dist]
# distance from previous block
# <min> <max>
16	79

[block]
# block no. 4 follows, 19 sequences, length 6
# corresponding to MSA columns:
# 278-283
name=unknown_E
#
# <colnr> <probs for GDERKNQSTAVLIFYWHMCP>
#	G	D	E	R	K	N	Q	S	T	A	V	L	I	F	Y	W	H	M	C	P
0	0.02252	0.02263	0.06749	0.03418	0.20450	0.02140	0.18643	0.13096	0.07429	0.03405	0.02758	0.03025	0.08101	0.01031	0.00955	0.00285	0.01095	0.01001	0.00605	0.01299
1	0.02822	0.02763	0.03317	0.03476	0.22814	0.16446	0.09975	0.20722	0.02833	0.03594	0.01777	0.02086	0.01382	0.00905	0.00894	0.00264	0.01223	0.00785	0.00589	0.01336
2	0.02344	0.11111	0.10142	0.02549	0.08479	0.22713	0.11817	0.02791	0.02170	0.02476	0.02798	0.03006	0.11650	0.01082	0.00876	0.00260	0.01234	0.00900	0.00502	0.01100
3	0.11706	0.03422	0.17267	0.03126	0.20019	0.24200	0.02296	0.03043	0.02112	0.02782	0.01504	0.01829	0.01200	0.00858	0.00807	0.00259	0.01271	0.00648	0.00448	0.01204
4	0.02523	0.02855	0.02778	0.03302	0.24137	0.27947	0.02008	0.02857	0.02161	0.02472	0.02292	0.02624	0.07866	0.01100	0.01121	0.00270	0.09242	0.00822	0.00486	0.01136
5	0.01852	0.01512	0.01914	0.02195	0.14887	0.01535	0.01384	0.11858	0.06633	0.03207	0.04889	0.04933	0.25155	0.01953	0.06327	0.00377	0.00853	0.01249	0.06203	0.01085

[dist]
# distance from previous block
# <min> <max>
6	14

[block]
# block no. 5 follows, 19 sequences, length 11
# corresponding to MSA columns:
# 298-308
name=unknown_F
#
# <colnr> <probs for GDERKNQSTAVLIFYWHMCP>
#	G	D	E	R	K	N	Q	S	T	A	V	L	I	F	Y	W	H	M	C	P
0	0.01693	0.01498	0.01755	0.02126	0.14620	0.07772	0.01274	0.02037	0.02126	0.02871	0.20900	0.09947	0.10899	0.07555	0.01270	0.00327	0.00734	0.01328	0.08330	0.00939
1	0.01668	0.01281	0.01571	0.01707	0.07524	0.01338	0.01069	0.06767	0.11548	0.02708	0.06606	0.16963	0.03663	0.28808	0.02437	0.00536	0.00777	0.01425	0.00702	0.00903
2	0.02612	0.02542	0.02287	0.06752	0.05219	0.19893	0.01611	0.14899	0.17502	0.03299	0.02439	0.03065	0.02039	0.07748	0.01250	0.00334	0.01092	0.03549	0.00683	0.01185
3	0.02140	0.02001	0.02249	0.02481	0.13983	0.11936	0.01633	0.09246	0.08319	0.02848	0.02195	0.02777	0.01870	0.03392	0.27980	0.00760	0.01669	0.00853	0.00563	0.01106
4	0.15787	0.27182	0.02833	0.04358	0.02251	0.14661	0.01372	0.02659	0.01871	0.02609	0.01575	0.01918	0.01344	0.01427	0.06974	0.00344	0.01131	0.00597	0.08088	0.01019
5	0.01860	0.08809	0.01876	0.01519	0.01873	0.13792	0.01210	0.02386	0.08335	0.02682	0.13049	0.10703	0.16079	0.01749	0.00978	0.00296	0.00819	0.10301	0.00742	0.00942
6	0.02435	0.06987	0.02643	0.02551	0.12158	0.17724	0.01758	0.07219	0.13749	0.02859	0.02257	0.09065	0.02031	0.01254	0.01191	0.00289	0.11114	0.00944	0.00600	0.01174
7	0.02019	0.24667	0.03122	0.06082	0.02542	0.02222	0.10198	0.02670	0.08079	0.02734	0.02128	0.02490	0.01725	0.01269	0.04787	0.00310	0.00976	0.00770	0.20142	0.01068
8	0.16363	0.15715	0.11911	0.02296	0.08528	0.20217	0.01900	0.02905	0.01956	0.02686	0.01374	0.01680	0.01142	0.00910	0.00920	0.00258	0.07084	0.00593	0.00443	0.01119
9	0.12972	0.03701	0.32386	0.02801	0.13433	0.14355	0.02557	0.02933	0.01986	0.02897	0.01522	0.01826	0.01161	0.00852	0.00804	0.00269	0.01242	0.00642	0.00431	0.01231
10	0.13006	0.02780	0.12452	0.02493	0.09764	0.14293	0.07878	0.03189	0.13577	0.03039	0.02538	0.02689	0.06454	0.01030	0.00852	0.00277	0.01085	0.00843	0.00576	0.01186

[dist]
# distance from previous block
# <min> <max>
6	117

[block]
# block no. 6 follows, 19 sequences, length 11
# corresponding to MSA columns:
# 435-445
name=unknown_G
#
# <colnr> <probs for GDERKNQSTAVLIFYWHMCP>
#	G	D	E	R	K	N	Q	S	T	A	V	L	I	F	Y	W	H	M	C	P
0	0.02523	0.07913	0.02635	0.05822	0.13532	0.26471	0.01764	0.07895	0.02308	0.02636	0.02072	0.11146	0.01975	0.01580	0.05514	0.00347	0.01289	0.00941	0.00540	0.01096
1	0.02430	0.26005	0.03119	0.12816	0.02936	0.11776	0.01649	0.02872	0.05066	0.08997	0.02396	0.02582	0.06884	0.01064	0.00931	0.00255	0.05795	0.00770	0.00544	0.01112
2	0.02334	0.02602	0.06227	0.17748	0.12156	0.15425	0.10183	0.05563	0.09974	0.02794	0.01864	0.02270	0.01452	0.00950	0.01003	0.00283	0.04665	0.00807	0.00513	0.01186
3	0.01354	0.05855	0.01448	0.01219	0.01367	0.01167	0.00882	0.01533	0.01449	0.01960	0.02925	0.04662	0.06546	0.31442	0.31255	0.01038	0.01535	0.01126	0.00521	0.00716
4	0.02324	0.22534	0.03128	0.02260	0.10678	0.06273	0.01674	0.13405	0.02228	0.02895	0.01755	0.02219	0.01517	0.02303	0.16156	0.00528	0.05725	0.00725	0.00517	0.01156
5	0.07473	0.10535	0.03188	0.14111	0.14863	0.17657	0.09314	0.02769	0.02013	0.02521	0.01603	0.02223	0.01366	0.05464	0.01079	0.00300	0.01226	0.00749	0.00448	0.01099
6	0.06754	0.05999	0.05746	0.03011	0.21376	0.15939	0.01943	0.06654	0.06189	0.02872	0.01849	0.02272	0.01539	0.01877	0.11705	0.00457	0.01366	0.00749	0.00515	0.01190
7	0.07364	0.02727	0.13218	0.02870	0.12964	0.09267	0.04745	0.06076	0.01912	0.02775	0.01448	0.01947	0.01220	0.01127	0.01631	0.00315	0.26050	0.00734	0.00450	0.01159
8	0.02643	0.03082	0.05425	0.02247	0.07166	0.32660	0.01669	0.05959	0.08430	0.02862	0.09769	0.02568	0.02329	0.01039	0.00848	0.00242	0.01181	0.00786	0.00598	0.08499
9	0.12327	0.23161	0.05636	0.01847	0.02434	0.31628	0.01573	0.03058	0.02119	0.02502	0.01425	0.01654	0.01194	0.00867	0.00695	0.00226	0.01210	0.00554	0.04827	0.01062
10	0.02026	0.03248	0.31977	0.02174	0.02989	0.04806	0.02344	0.10234	0.06178	0.03043	0.02253	0.02644	0.04666	0.04238	0.05776	0.00399	0.08448	0.00825	0.00525	0.01207

[dist]
# distance from previous block
# <min> <max>
30	53

[block]
# block no. 7 follows, 19 sequences, length 6
# corresponding to MSA columns:
# 511-516
name=unknown_H
#
# <colnr> <probs for GDERKNQSTAVLIFYWHMCP>
#	G	D	E	R	K	N	Q	S	T	A	V	L	I	F	Y	W	H	M	C	P
0	0.09386	0.02453	0.14368	0.01824	0.02656	0.01925	0.01736	0.19539	0.02665	0.17017	0.02146	0.02169	0.01506	0.00931	0.00809	0.00246	0.00910	0.00712	0.00733	0.16268
1	0.03168	0.02139	0.02400	0.01819	0.02548	0.02181	0.01495	0.37915	0.03413	0.14930	0.02262	0.02237	0.01597	0.00990	0.00845	0.00240	0.00876	0.00761	0.00852	0.17332
2	0.01446	0.01679	0.11455	0.01516	0.01923	0.01279	0.01331	0.02276	0.14813	0.02718	0.04926	0.31392	0.15657	0.02033	0.01027	0.00325	0.00678	0.01774	0.00774	0.00980
3	0.08520	0.09148	0.27924	0.02041	0.02994	0.02176	0.02205	0.14440	0.02458	0.16667	0.02071	0.02116	0.01434	0.00941	0.00821	0.00270	0.01049	0.00711	0.00654	0.01361
4	0.02241	0.01690	0.02038	0.05264	0.02280	0.06771	0.01518	0.05097	0.01979	0.12877	0.02812	0.07727	0.02708	0.09113	0.01933	0.00404	0.18681	0.13185	0.00676	0.01006
5	0.02500	0.02435	0.02798	0.02253	0.02826	0.14518	0.13598	0.14934	0.15617	0.03615	0.12546	0.03130	0.02858	0.01136	0.00942	0.00278	0.01062	0.00996	0.00736	0.01222

[dist]
# distance from previous block
# <min> <max>
0	5

[block]
# block no. 8 follows, 19 sequences, length 8
# corresponding to MSA columns:
# 522-529
name=unknown_I
#
# <colnr> <probs for GDERKNQSTAVLIFYWHMCP>
#	G	D	E	R	K	N	Q	S	T	A	V	L	I	F	Y	W	H	M	C	P
0	0.02091	0.20640	0.25712	0.02207	0.03103	0.05187	0.10171	0.02929	0.07270	0.02748	0.01841	0.02102	0.01427	0.00869	0.00787	0.00254	0.01121	0.00713	0.07621	0.01208
1	0.01934	0.11924	0.02142	0.01588	0.01875	0.12960	0.01272	0.02227	0.01875	0.02452	0.08090	0.08744	0.02695	0.02526	0.15185	0.00524	0.09406	0.00986	0.10675	0.00919
2	0.02997	0.14896	0.02946	0.01857	0.02594	0.02699	0.01580	0.41203	0.03431	0.04596	0.01901	0.01973	0.01424	0.00959	0.00802	0.00235	0.00935	0.00706	0.00748	0.11520
3	0.01936	0.14293	0.02100	0.01494	0.01799	0.11180	0.01135	0.07641	0.02034	0.02475	0.03084	0.28805	0.03434	0.12781	0.01522	0.00385	0.00869	0.01484	0.00650	0.00900
4	0.01590	0.01458	0.01604	0.01569	0.01774	0.10761	0.01210	0.01896	0.01604	0.02094	0.02243	0.03228	0.02073	0.05836	0.55316	0.01255	0.02278	0.00901	0.00477	0.00835
5	0.02745	0.02064	0.02252	0.01775	0.02403	0.02164	0.01435	0.40490	0.03417	0.04624	0.02845	0.09687	0.06232	0.01280	0.00897	0.00260	0.00847	0.01026	0.00826	0.12733
6	0.02976	0.06702	0.02525	0.01882	0.02507	0.10233	0.01539	0.40497	0.03520	0.04500	0.03040	0.03012	0.10679	0.01216	0.00888	0.00264	0.00980	0.00920	0.00799	0.01322
7	0.02586	0.24390	0.03525	0.02079	0.02766	0.07191	0.09632	0.15153	0.17569	0.03365	0.02130	0.02216	0.01658	0.00953	0.00809	0.00254	0.01022	0.00769	0.00638	0.01294

[dist]
# distance from previous block
# <min> <max>
10	24

[block]
# block no. 9 follows, 19 sequences, length 9
# corresponding to MSA columns:
# 562-570
name=unknown_J
#
# <colnr> <probs for GDERKNQSTAVLIFYWHMCP>
#	G	D	E	R	K	N	Q	S	T	A	V	L	I	F	Y	W	H	M	C	P
0	0.01965	0.01477	0.01666	0.01766	0.08443	0.04155	0.01148	0.10437	0.07723	0.03104	0.02718	0.06546	0.02480	0.18192	0.04495	0.00457	0.00851	0.01031	0.20363	0.00982
1	0.02059	0.01240	0.01732	0.01802	0.08515	0.01223	0.01210	0.02489	0.04729	0.16811	0.17677	0.04374	0.03853	0.12061	0.15571	0.00617	0.01083	0.01142	0.00775	0.01038
2	0.03140	0.02422	0.02893	0.02814	0.16029	0.02632	0.01931	0.47390	0.03729	0.05040	0.02046	0.02163	0.01498	0.01013	0.00893	0.00268	0.01002	0.00804	0.00795	0.01498
3	0.02991	0.10816	0.02720	0.06694	0.02880	0.45231	0.01719	0.07258	0.02451	0.02424	0.01502	0.01810	0.01251	0.01290	0.04964	0.00312	0.01518	0.00622	0.00480	0.01065
4	0.01972	0.01978	0.08402	0.01551	0.01966	0.08486	0.01312	0.12830	0.02263	0.02995	0.06340	0.04074	0.09180	0.15638	0.10622	0.00551	0.01128	0.01054	0.06690	0.00966
5	0.03401	0.02506	0.02685	0.02058	0.02774	0.02774	0.01700	0.59995	0.04206	0.05638	0.02148	0.02148	0.01521	0.01074	0.00895	0.00268	0.00984	0.00805	0.00895	0.01521
6	0.02604	0.35790	0.09532	0.02306	0.09388	0.21898	0.01895	0.02972	0.02067	0.02291	0.01370	0.01620	0.01178	0.00825	0.00706	0.00220	0.01203	0.00561	0.00413	0.01161
7	0.06647	0.22523	0.19186	0.02013	0.02840	0.15269	0.02018	0.11114	0.02341	0.06013	0.01610	0.01773	0.01242	0.00884	0.00754	0.00243	0.01165	0.00614	0.00516	0.01233
8	0.01588	0.01040	0.01320	0.01354	0.01647	0.00946	0.01099	0.01900	0.02047	0.09382	0.05702	0.17285	0.21049	0.02220	0.01105	0.00344	0.00657	0.23952	0.00844	0.04519

[dist]
# distance from previous block
# <min> <max>
1	30

[block]
# block no. 10 follows, 19 sequences, length 20
# corresponding to MSA columns:
# 601-620
name=unknown_K
#
# <colnr> <probs for GDERKNQSTAVLIFYWHMCP>
#	G	D	E	R	K	N	Q	S	T	A	V	L	I	F	Y	W	H	M	C	P
0	0.02649	0.02453	0.08631	0.12969	0.20686	0.02403	0.02270	0.29397	0.02997	0.04084	0.01878	0.02179	0.01405	0.00946	0.00888	0.00274	0.01070	0.00788	0.00641	0.01392
1	0.16692	0.01821	0.05231	0.18916	0.20407	0.01868	0.01940	0.04807	0.01923	0.03159	0.01799	0.02279	0.01412	0.00884	0.00775	0.00267	0.00919	0.00734	0.13048	0.01119
2	0.02382	0.05098	0.07185	0.12666	0.13682	0.14547	0.05054	0.10076	0.02300	0.02894	0.01899	0.02803	0.01646	0.01106	0.01096	0.00290	0.07454	0.06134	0.00523	0.01165
3	0.13044	0.02079	0.03421	0.14270	0.25349	0.02177	0.15501	0.07985	0.02137	0.03218	0.01675	0.02169	0.01309	0.00834	0.00878	0.00281	0.01125	0.00811	0.00496	0.01241
4	0.09275	0.02239	0.13111	0.33802	0.14915	0.02046	0.02441	0.02666	0.05980	0.02767	0.01717	0.02243	0.01306	0.00886	0.00852	0.00288	0.01107	0.00756	0.00454	0.01150
5	0.02041	0.02444	0.13766	0.14232	0.40699	0.02046	0.02711	0.02663	0.01963	0.02808	0.01650	0.02166	0.01328	0.00814	0.00869	0.00267	0.01106	0.00759	0.00429	0.05239
6	0.01800	0.01633	0.02571	0.15532	0.28732	0.01730	0.02030	0.02433	0.07353	0.02686	0.02847	0.14096	0.05612	0.01654	0.05014	0.00369	0.01013	0.01186	0.00567	0.01143
7	0.01980	0.01401	0.01614	0.01355	0.01716	0.01487	0.01084	0.09588	0.02085	0.03341	0.02241	0.02636	0.01799	0.01057	0.01066	0.00232	0.11988	0.00758	0.36312	0.16262
8	0.01827	0.01590	0.01998	0.12528	0.02816	0.01329	0.01305	0.02258	0.01844	0.02807	0.01590	0.01946	0.01302	0.00702	0.00702	0.00161	0.00754	0.00576	0.00507	0.61457
9	0.01314	0.12538	0.01666	0.01295	0.01470	0.01211	0.00951	0.01492	0.01731	0.02253	0.04296	0.56522	0.05096	0.02452	0.01044	0.00334	0.00594	0.02188	0.00753	0.00799
10	0.01921	0.01922	0.02880	0.13362	0.03136	0.02584	0.05446	0.02218	0.01485	0.02218	0.01283	0.02057	0.01188	0.01404	0.02477	0.00370	0.51859	0.00801	0.00396	0.00995
11	0.01246	0.00868	0.00968	0.00981	0.01036	0.00839	0.00584	0.01295	0.01454	0.01887	0.04028	0.10273	0.13639	0.52973	0.03735	0.00738	0.00774	0.01481	0.00610	0.00591
12	0.01301	0.00867	0.00976	0.00976	0.00976	0.00867	0.00542	0.01301	0.01301	0.01735	0.02819	0.05855	0.03253	0.68559	0.04554	0.00867	0.00867	0.01301	0.00542	0.00542
13	0.03177	0.02648	0.02507	0.02026	0.02636	0.13290	0.01625	0.44839	0.03688	0.04734	0.02274	0.08156	0.01865	0.01208	0.00903	0.00271	0.01050	0.00927	0.00814	0.01364
14	0.03076	0.02106	0.02351	0.01886	0.02509	0.02300	0.01534	0.35114	0.15670	0.13865	0.02693	0.02646	0.01939	0.01570	0.06148	0.00373	0.01008	0.00876	0.00897	0.01440
15	0.10225	0.01956	0.02247	0.14008	0.03056	0.02115	0.01575	0.28336	0.02870	0.04174	0.01914	0.02167	0.01430	0.00941	0.00797	0.00247	0.00892	0.00725	0.06648	0.13677
16	0.02407	0.05575	0.03055	0.03686	0.30960	0.19403	0.02159	0.02788	0.02032	0.02516	0.01602	0.02124	0.01393	0.01530	0.07782	0.00389	0.08230	0.00738	0.00444	0.01190
