[name]
unknown

[dist]
# distance from previous block
# <min> <max>
34	179

[block]
# block no. 0 follows, 22 sequences, length 18
# corresponding to MSA columns:
# 214-231
name=unknown_A
#
# <colnr> <probs for GDERKNQSTAVLIFYWHMCP>
#	G	D	E	R	K	N	Q	S	T	A	V	L	I	F	Y	W	H	M	C	P
0	0.01973	0.02119	0.01872	0.01643	0.02050	0.23782	0.04755	0.02247	0.01959	0.02351	0.06648	0.21238	0.02827	0.01335	0.00833	0.00233	0.00912	0.01130	0.00573	0.19521
1	0.02800	0.02956	0.02585	0.08274	0.14132	0.32806	0.01827	0.19001	0.02627	0.03019	0.01540	0.01792	0.01209	0.00871	0.00791	0.00235	0.01217	0.00646	0.00528	0.01143
2	0.26474	0.05685	0.05210	0.02331	0.19015	0.06100	0.01511	0.02398	0.01769	0.05323	0.09484	0.02318	0.01998	0.01037	0.00885	0.05413	0.00810	0.00708	0.00523	0.01009
3	0.21208	0.01368	0.01628	0.09549	0.02188	0.01546	0.01219	0.05654	0.01646	0.05457	0.01765	0.02289	0.01467	0.02463	0.20584	0.00569	0.05951	0.00691	0.04795	0.07963
4	0.02611	0.10781	0.04923	0.10500	0.06446	0.07525	0.01608	0.15364	0.05948	0.17222	0.02414	0.05091	0.03904	0.01022	0.00801	0.00249	0.00906	0.00815	0.00675	0.01195
5	0.02251	0.02964	0.19130	0.02738	0.17966	0.17772	0.02078	0.10586	0.02152	0.02727	0.01662	0.02246	0.01408	0.09351	0.01212	0.00311	0.01142	0.00716	0.00466	0.01121
6	0.01482	0.01531	0.06098	0.08822	0.10401	0.04961	0.01415	0.01835	0.01794	0.02356	0.03788	0.20006	0.14732	0.01580	0.00905	0.00273	0.00751	0.06306	0.00599	0.10363
7	0.06467	0.01692	0.01958	0.05995	0.07609	0.01850	0.01381	0.15144	0.24480	0.07741	0.03273	0.03325	0.09660	0.04511	0.01000	0.00294	0.00746	0.00949	0.00744	0.01179
8	0.15146	0.02351	0.02420	0.20705	0.16568	0.20175	0.01872	0.06639	0.02009	0.02706	0.01421	0.01818	0.01126	0.00819	0.00752	0.00248	0.01098	0.00633	0.00450	0.01046
9	0.02138	0.32304	0.03223	0.07818	0.12801	0.12606	0.01623	0.02559	0.04860	0.02256	0.04528	0.02308	0.05993	0.00907	0.00704	0.00219	0.00954	0.00692	0.00453	0.01053
10	0.01043	0.00823	0.00956	0.01020	0.01215	0.00714	0.00722	0.01231	0.01735	0.02213	0.06109	0.38050	0.32081	0.02255	0.00997	0.00299	0.00463	0.01973	0.00754	0.05350
11	0.01334	0.01592	0.12116	0.01609	0.01852	0.01362	0.01418	0.01642	0.01566	0.02227	0.06226	0.35545	0.03635	0.02164	0.04825	0.00379	0.17528	0.01555	0.00593	0.00832
12	0.01754	0.03502	0.45151	0.02728	0.10959	0.02044	0.05874	0.02519	0.01702	0.02539	0.01444	0.01826	0.01101	0.00888	0.01121	0.00278	0.12359	0.00667	0.00364	0.01181
13	0.01572	0.01754	0.15050	0.01493	0.02020	0.01166	0.06986	0.01964	0.01815	0.09693	0.04794	0.05135	0.28349	0.12830	0.01456	0.00360	0.00777	0.01247	0.00637	0.00901
14	0.00991	0.00805	0.00879	0.00939	0.01148	0.00693	0.00674	0.01181	0.01800	0.02206	0.07235	0.27159	0.46883	0.02257	0.01006	0.00298	0.00440	0.01941	0.00771	0.00693
15	0.01485	0.01140	0.01354	0.01319	0.01534	0.04750	0.01036	0.05744	0.01701	0.02403	0.02704	0.03761	0.05230	0.04225	0.40127	0.00890	0.01598	0.05526	0.12671	0.00804
16	0.01959	0.01999	0.03307	0.17809	0.30492	0.05399	0.13296	0.02449	0.01801	0.02454	0.01492	0.02065	0.01220	0.00848	0.01090	0.00272	0.09752	0.00771	0.00399	0.01127
17	0.07048	0.10643	0.03361	0.10353	0.33258	0.02065	0.11997	0.02429	0.01821	0.02590	0.01898	0.02313	0.04995	0.00822	0.00801	0.00249	0.00998	0.00782	0.00430	0.01147

[dist]
# distance from previous block
# <min> <max>
2	6

[block]
# block no. 1 follows, 22 sequences, length 14
# corresponding to MSA columns:
# 238-251
name=unknown_B
#
# <colnr> <probs for GDERKNQSTAVLIFYWHMCP>
#	G	D	E	R	K	N	Q	S	T	A	V	L	I	F	Y	W	H	M	C	P
0	0.01852	0.01969	0.09510	0.23764	0.28205	0.01847	0.02258	0.07614	0.01952	0.02684	0.01882	0.09207	0.01669	0.00991	0.00847	0.00267	0.00991	0.00897	0.00467	0.01127
1	0.12491	0.02169	0.12305	0.12955	0.02751	0.11898	0.01685	0.02211	0.01681	0.02403	0.01969	0.09659	0.01860	0.01935	0.10981	0.00439	0.05424	0.03802	0.00470	0.00913
2	0.02151	0.02272	0.04798	0.10560	0.02899	0.16182	0.09212	0.12286	0.05380	0.02836	0.06017	0.03093	0.11129	0.01143	0.01006	0.00265	0.06248	0.00922	0.00575	0.01026
3	0.02046	0.01907	0.01666	0.01552	0.01872	0.18999	0.01156	0.10073	0.02130	0.05391	0.02898	0.30096	0.03058	0.01915	0.05012	0.00333	0.00941	0.01348	0.00655	0.06948
4	0.01862	0.01373	0.01500	0.01291	0.01618	0.01425	0.00970	0.23936	0.02482	0.03278	0.09737	0.08805	0.16466	0.19464	0.01771	0.00407	0.00703	0.01256	0.00738	0.00918
5	0.01283	0.00952	0.01179	0.01103	0.01356	0.00823	0.00784	0.01459	0.01666	0.02337	0.12648	0.24756	0.08148	0.09233	0.01496	0.08220	0.00558	0.01416	0.00650	0.19934
6	0.02195	0.02270	0.02783	0.13985	0.32989	0.15336	0.02118	0.02942	0.12069	0.02606	0.01788	0.02137	0.01431	0.00841	0.00812	0.00251	0.01057	0.00730	0.00479	0.01182
7	0.01187	0.00890	0.01335	0.01335	0.01483	0.01038	0.01038	0.01483	0.01335	0.01928	0.02225	0.03264	0.02077	0.06231	0.67512	0.01335	0.02225	0.00890	0.00445	0.00742
8	0.14520	0.19842	0.02630	0.01654	0.02236	0.20656	0.01382	0.11937	0.02274	0.13192	0.01662	0.01723	0.01254	0.00855	0.00684	0.00224	0.00996	0.00579	0.00581	0.01119
9	0.01208	0.00805	0.00906	0.00906	0.00906	0.00805	0.00503	0.01208	0.01208	0.01611	0.02618	0.05436	0.03020	0.70804	0.04228	0.00805	0.00805	0.01208	0.00503	0.00503
10	0.01194	0.00799	0.00910	0.00925	0.00928	0.00796	0.00523	0.01204	0.01237	0.01649	0.02764	0.10262	0.03204	0.65727	0.03993	0.00771	0.00781	0.01294	0.00523	0.00516
11	0.02022	0.02179	0.08955	0.04858	0.60136	0.01970	0.02596	0.02557	0.01879	0.02707	0.01556	0.02029	0.01293	0.00745	0.00820	0.00248	0.01008	0.00729	0.00406	0.01308
12	0.02133	0.02284	0.02703	0.14255	0.32955	0.18621	0.02067	0.02535	0.01973	0.02394	0.02195	0.02560	0.07915	0.00927	0.00822	0.00247	0.01078	0.00793	0.00446	0.01097
13	0.02294	0.34719	0.09028	0.01899	0.05178	0.07457	0.04102	0.02916	0.09941	0.07556	0.01694	0.01839	0.01359	0.00863	0.00826	0.00229	0.05863	0.00618	0.00485	0.01136

[dist]
# distance from previous block
# <min> <max>
2	6

[block]
# block no. 2 follows, 22 sequences, length 13
# corresponding to MSA columns:
# 258-270
name=unknown_C
#
# <colnr> <probs for GDERKNQSTAVLIFYWHMCP>
#	G	D	E	R	K	N	Q	S	T	A	V	L	I	F	Y	W	H	M	C	P
0	0.01121	0.00859	0.01134	0.01225	0.01289	0.00900	0.00860	0.01274	0.01524	0.02054	0.04133	0.47218	0.08887	0.09142	0.07351	0.00467	0.07271	0.01923	0.00678	0.00689
1	0.01012	0.00723	0.00964	0.01157	0.01205	0.00675	0.00771	0.01157	0.01591	0.02121	0.04579	0.70262	0.05495	0.02603	0.01060	0.00337	0.00482	0.02362	0.00771	0.00675
2	0.16860	0.03249	0.02071	0.01876	0.02287	0.48492	0.01431	0.03017	0.02092	0.02405	0.01321	0.01566	0.01092	0.00876	0.00795	0.00229	0.04682	0.00541	0.04180	0.00939
3	0.01554	0.16701	0.01897	0.01265	0.01530	0.01490	0.00991	0.06955	0.01738	0.02307	0.02902	0.29148	0.03174	0.07410	0.09660	0.04176	0.00863	0.01365	0.04061	0.00812
4	0.01794	0.13162	0.47214	0.02435	0.03524	0.02146	0.13215	0.02616	0.01781	0.02543	0.01478	0.01781	0.01091	0.00763	0.00787	0.00254	0.01211	0.00654	0.00364	0.01187
5	0.02009	0.02031	0.04516	0.02300	0.16444	0.16774	0.01483	0.02391	0.04187	0.07353	0.03836	0.12179	0.18313	0.01392	0.00877	0.00262	0.00873	0.01167	0.00615	0.00998
6	0.01149	0.00973	0.01079	0.05900	0.01556	0.00927	0.00826	0.01585	0.08131	0.02317	0.06808	0.11467	0.46538	0.05659	0.01138	0.00313	0.00520	0.01612	0.00735	0.00767
7	0.02072	0.02346	0.02278	0.02064	0.04991	0.27618	0.10156	0.02391	0.01925	0.02149	0.02529	0.02962	0.09536	0.02540	0.20107	0.00557	0.01536	0.00865	0.00475	0.00904
8	0.01886	0.26728	0.19680	0.07647	0.06031	0.02318	0.01946	0.02675	0.10566	0.02431	0.01855	0.02384	0.01561	0.01170	0.04029	0.00296	0.01027	0.04204	0.00457	0.01110
9	0.01054	0.00838	0.00904	0.00932	0.01142	0.00740	0.00680	0.01239	0.01758	0.02148	0.06822	0.11414	0.45524	0.14120	0.01567	0.00384	0.00522	0.06817	0.00724	0.00671
10	0.01863	0.03969	0.01466	0.01239	0.01576	0.01277	0.00947	0.07969	0.11813	0.11384	0.04245	0.15941	0.15577	0.07651	0.01165	0.00317	0.00602	0.01310	0.08730	0.00961
11	0.01950	0.01802	0.02694	0.18276	0.31792	0.01975	0.02098	0.03054	0.21854	0.02826	0.02128	0.02427	0.01662	0.00885	0.00832	0.00265	0.00908	0.00804	0.00541	0.01228
12	0.01745	0.01656	0.02809	0.45829	0.27327	0.01892	0.02395	0.02277	0.01744	0.02336	0.01508	0.02158	0.01183	0.00798	0.00828	0.00266	0.01064	0.00739	0.00384	0.01065

[dist]
# distance from previous block
# <min> <max>
9	17

[block]
# block no. 3 follows, 22 sequences, length 110
# corresponding to MSA columns:
# 288-397
name=unknown_D
#
# <colnr> <probs for GDERKNQSTAVLIFYWHMCP>
#	G	D	E	R	K	N	Q	S	T	A	V	L	I	F	Y	W	H	M	C	P
0	0.02129	0.26091	0.03435	0.02072	0.02516	0.12221	0.11248	0.02425	0.01700	0.02100	0.01409	0.05083	0.01326	0.01047	0.01318	0.00263	0.21501	0.00723	0.00400	0.00993
1	0.01308	0.01086	0.01385	0.01282	0.01544	0.01072	0.00974	0.01547	0.01587	0.02235	0.03575	0.24692	0.12264	0.02512	0.12290	0.00447	0.09148	0.01369	0.00599	0.19082
2	0.01492	0.01433	0.04704	0.01265	0.01379	0.08207	0.00912	0.01592	0.01386	0.01777	0.02348	0.07662	0.02623	0.48741	0.03354	0.00642	0.08244	0.01110	0.00486	0.00643
3	0.01623	0.01986	0.14295	0.02627	0.22217	0.01540	0.01804	0.02361	0.10788	0.02604	0.03682	0.07439	0.17177	0.04949	0.01051	0.00298	0.00812	0.01101	0.00573	0.01073
4	0.01701	0.18426	0.05564	0.01629	0.01902	0.02113	0.01425	0.01960	0.01429	0.02026	0.01600	0.02417	0.01532	0.08798	0.15986	0.00554	0.24893	0.00736	0.04428	0.00881
5	0.01009	0.00819	0.00895	0.00926	0.01151	0.00705	0.00675	0.01226	0.01884	0.02338	0.13845	0.20041	0.47274	0.02158	0.00997	0.00290	0.00430	0.01846	0.00787	0.00705
6	0.01720	0.01558	0.01658	0.05130	0.01968	0.11874	0.01225	0.08149	0.01775	0.02281	0.02031	0.02908	0.01845	0.07961	0.42970	0.00958	0.01838	0.00827	0.00481	0.00844
7	0.02368	0.02722	0.03464	0.03432	0.21433	0.24234	0.21124	0.02814	0.02036	0.02427	0.01479	0.01912	0.01203	0.00806	0.00953	0.00253	0.05066	0.00746	0.00417	0.01112
8	0.01002	0.00842	0.00870	0.00863	0.01135	0.00710	0.00647	0.01232	0.01942	0.02358	0.14384	0.07807	0.59246	0.02061	0.00982	0.00279	0.00418	0.01727	0.00786	0.00710
9	0.02257	0.23857	0.16868	0.02448	0.14576	0.12564	0.01992	0.07886	0.02040	0.02597	0.01472	0.01728	0.01192	0.00793	0.00705	0.00222	0.01053	0.00593	0.04007	0.01148
10	0.02059	0.34072	0.16916	0.02223	0.03034	0.05189	0.18034	0.02576	0.01784	0.02284	0.01365	0.01684	0.01116	0.00758	0.00797	0.00231	0.03764	0.00635	0.00375	0.01103
11	0.01165	0.00831	0.01091	0.01198	0.01295	0.00832	0.00877	0.01358	0.01550	0.02061	0.03875	0.26405	0.06976	0.19932	0.11835	0.00611	0.00890	0.15899	0.00654	0.00666
12	0.01954	0.10110	0.40466	0.02831	0.16441	0.09044	0.02648	0.02673	0.01841	0.02521	0.01452	0.01751	0.01111	0.00779	0.00768	0.00246	0.01174	0.00616	0.00372	0.01203
13	0.26027	0.02458	0.02073	0.02063	0.08110	0.24563	0.01497	0.02631	0.01783	0.02653	0.01398	0.01982	0.01240	0.01008	0.01079	0.00268	0.14035	0.03718	0.00459	0.00955
14	0.01019	0.00811	0.00914	0.00955	0.01162	0.00707	0.00691	0.01239	0.01882	0.02375	0.15914	0.24150	0.40903	0.02175	0.01002	0.00293	0.00433	0.01876	0.00793	0.00707
15	0.01187	0.00890	0.01335	0.01335	0.01483	0.01038	0.01038	0.01483	0.01335	0.01928	0.02225	0.03264	0.02077	0.06231	0.67512	0.01335	0.02225	0.00890	0.00445	0.00742
16	0.02966	0.15094	0.02734	0.01957	0.02495	0.39430	0.01567	0.18789	0.02647	0.02860	0.01448	0.01600	0.01159	0.00868	0.00733	0.00217	0.01240	0.00575	0.00521	0.01099
17	0.02238	0.03138	0.19742	0.03314	0.27557	0.20853	0.02331	0.02769	0.01980	0.02495	0.01458	0.01797	0.01170	0.00780	0.00781	0.00235	0.01179	0.00634	0.00404	0.05144
18	0.06552	0.06637	0.22757	0.02056	0.02847	0.09676	0.06691	0.17018	0.02379	0.09291	0.01885	0.05172	0.01458	0.00944	0.00798	0.00254	0.01062	0.00752	0.00574	0.01197
19	0.01037	0.00812	0.00940	0.00975	0.01173	0.00714	0.00706	0.01274	0.01924	0.02476	0.21196	0.24145	0.35393	0.02138	0.01002	0.00291	0.00430	0.01854	0.00806	0.00714
20	0.01439	0.01182	0.01313	0.01250	0.01561	0.01224	0.00959	0.02467	0.24346	0.02957	0.19958	0.09225	0.22343	0.01692	0.00945	0.00285	0.00521	0.04559	0.00832	0.00944
21	0.03088	0.05690	0.02417	0.02160	0.08375	0.29305	0.01566	0.10979	0.05563	0.19746	0.02033	0.02042	0.01474	0.00916	0.00785	0.00235	0.01096	0.00678	0.00656	0.01196
22	0.05651	0.01240	0.01538	0.08447	0.01979	0.01398	0.01110	0.11334	0.05110	0.02557	0.02228	0.03473	0.02105	0.23037	0.24392	0.00784	0.01319	0.00923	0.00540	0.00836
23	0.01034	0.00800	0.00951	0.01059	0.01224	0.00717	0.00771	0.01233	0.01758	0.02214	0.06239	0.36452	0.31593	0.02351	0.01035	0.00317	0.00486	0.08300	0.00771	0.00696
24	0.01187	0.00890	0.01335	0.01335	0.01483	0.01038	0.01038	0.01483	0.01335	0.01928	0.02225	0.03264	0.02077	0.06231	0.67512	0.01335	0.02225	0.00890	0.00445	0.00742
25	0.02246	0.14488	0.02023	0.01367	0.01777	0.01493	0.01098	0.04923	0.05213	0.22683	0.03349	0.29494	0.03243	0.01601	0.00868	0.00275	0.00657	0.01373	0.00780	0.01047
26	0.01173	0.00834	0.01122	0.01219	0.01311	0.00857	0.00893	0.01371	0.01503	0.02027	0.03478	0.24791	0.03890	0.20122	0.18304	0.00709	0.01053	0.14051	0.00624	0.00669
27	0.02030	0.01947	0.03325	0.08535	0.62391	0.01967	0.02536	0.02527	0.01879	0.02682	0.01558	0.02065	0.01305	0.00745	0.00823	0.00248	0.00993	0.00740	0.00409	0.01295
28	0.01915	0.02037	0.06787	0.16664	0.37847	0.01998	0.11939	0.02461	0.01818	0.02550	0.01536	0.02086	0.01241	0.00792	0.00949	0.00265	0.04761	0.00770	0.00399	0.01184
29	0.01909	0.05573	0.02608	0.20189	0.15210	0.08095	0.04791	0.05573	0.05122	0.02436	0.01722	0.02291	0.01428	0.01908	0.13875	0.00469	0.04567	0.00755	0.00449	0.01029
30	0.02023	0.03322	0.43450	0.09177	0.09847	0.01813	0.02647	0.02796	0.01857	0.12667	0.01780	0.02001	0.01244	0.00826	0.00804	0.00262	0.01109	0.00674	0.00466	0.01236
31	0.01823	0.07453	0.48029	0.02715	0.10489	0.04596	0.08210	0.02644	0.01808	0.02583	0.01490	0.01799	0.01102	0.00774	0.00795	0.00256	0.01209	0.00649	0.00367	0.01209
32	0.01800	0.01697	0.02732	0.10956	0.44199	0.01722	0.02105	0.02326	0.04560	0.02594	0.02936	0.03248	0.13516	0.01026	0.00855	0.00258	0.00878	0.00941	0.00494	0.01157
33	0.01798	0.02406	0.18594	0.24514	0.25715	0.01934	0.08281	0.02444	0.01791	0.02501	0.01529	0.02050	0.01180	0.00777	0.00832	0.00263	0.01123	0.00732	0.00384	0.01151
34	0.01187	0.00890	0.01335	0.01335	0.01483	0.01038	0.01038	0.01483	0.01335	0.01928	0.02225	0.03264	0.02077	0.06231	0.67512	0.01335	0.02225	0.00890	0.00445	0.00742
35	0.01218	0.01057	0.01640	0.01568	0.04431	0.00972	0.10147	0.01497	0.01798	0.02352	0.10823	0.29632	0.21796	0.05684	0.01179	0.00327	0.00634	0.01764	0.00702	0.00779
36	0.01882	0.28393	0.25372	0.14765	0.03529	0.02433	0.08037	0.02484	0.01732	0.02286	0.01382	0.01732	0.01088	0.00759	0.00721	0.00236	0.01096	0.00610	0.00363	0.01100
37	0.02247	0.02473	0.02906	0.20899	0.26959	0.22273	0.05423	0.02681	0.01978	0.02344	0.01460	0.01935	0.01182	0.00798	0.00810	0.00246	0.01200	0.00689	0.00406	0.01092
38	0.01206	0.00814	0.00952	0.00952	0.00967	0.00830	0.00560	0.01237	0.01222	0.01644	0.02576	0.05206	0.02920	0.63962	0.10934	0.00862	0.00956	0.01174	0.00497	0.00529
39	0.02878	0.03176	0.02350	0.02047	0.02488	0.40566	0.01588	0.15722	0.09310	0.02855	0.01642	0.01807	0.01303	0.00973	0.00967	0.00243	0.07801	0.00642	0.00551	0.01090
40	0.02122	0.01778	0.02152	0.09485	0.08078	0.01832	0.01483	0.15124	0.19620	0.03370	0.02122	0.02247	0.01626	0.00871	0.00766	0.00221	0.00776	0.00718	0.00639	0.24969
41	0.02737	0.01888	0.02134	0.04918	0.02391	0.02043	0.01400	0.41949	0.03162	0.10646	0.02450	0.10315	0.02065	0.06622	0.01123	0.00305	0.00843	0.00980	0.00796	0.01232
42	0.02042	0.08642	0.06389	0.02322	0.02640	0.11251	0.11320	0.02358	0.01589	0.02136	0.01236	0.01793	0.01110	0.01153	0.01886	0.00308	0.39756	0.00709	0.00380	0.00980
43	0.01187	0.00890	0.01335	0.01335	0.01483	0.01038	0.01038	0.01483	0.01335	0.01928	0.02225	0.03264	0.02077	0.06231	0.67512	0.01335	0.02225	0.00890	0.00445	0.00742
44	0.18546	0.01390	0.01622	0.01372	0.01852	0.01381	0.01094	0.08940	0.02126	0.31507	0.02894	0.15279	0.02401	0.01520	0.04016	0.00323	0.00744	0.01038	0.00822	0.01131
45	0.03049	0.03856	0.02407	0.02295	0.05858	0.64052	0.01654	0.03277	0.02330	0.02069	0.01299	0.01527	0.01083	0.00850	0.00753	0.00216	0.01471	0.00546	0.00427	0.00981
46	0.03272	0.02145	0.02380	0.01825	0.02485	0.02306	0.01508	0.51113	0.03601	0.17406	0.02251	0.02161	0.01541	0.01003	0.00832	0.00251	0.00873	0.00765	0.00870	0.01413
47	0.01222	0.00820	0.00981	0.00981	0.01019	0.00848	0.00609	0.01299	0.01260	0.01750	0.02548	0.04900	0.02794	0.54833	0.16075	0.00874	0.01053	0.01125	0.04448	0.00563
48	0.00988	0.00819	0.00865	0.00902	0.01138	0.00696	0.00658	0.01185	0.01836	0.02221	0.07686	0.19840	0.53911	0.02199	0.00997	0.00291	0.00432	0.01869	0.00771	0.00696
49	0.01091	0.00753	0.00933	0.01056	0.01110	0.00716	0.00684	0.01214	0.01511	0.02044	0.04127	0.46857	0.07248	0.20491	0.01867	0.00451	0.00560	0.01946	0.04705	0.00636
50	0.01049	0.00800	0.00965	0.01018	0.01187	0.00715	0.00727	0.01288	0.01914	0.02514	0.23494	0.30549	0.26432	0.02171	0.01010	0.00296	0.00435	0.01906	0.00813	0.00715
51	0.01194	0.00863	0.01199	0.01199	0.01300	0.00964	0.00869	0.01396	0.01295	0.01828	0.02350	0.03954	0.02376	0.26735	0.47417	0.01167	0.01774	0.00991	0.00464	0.00666
52	0.01723	0.01477	0.01723	0.01230	0.01969	0.01107	0.00984	0.02092	0.01723	0.02707	0.01477	0.01723	0.01230	0.00615	0.00615	0.00123	0.00615	0.00492	0.00492	0.75883
53	0.01723	0.01477	0.01723	0.01230	0.01969	0.01107	0.00984	0.02092	0.01723	0.02707	0.01477	0.01723	0.01230	0.00615	0.00615	0.00123	0.00615	0.00492	0.00492	0.75883
54	0.01723	0.01477	0.01723	0.01230	0.01969	0.01107	0.00984	0.02092	0.01723	0.02707	0.01477	0.01723	0.01230	0.00615	0.00615	0.00123	0.00615	0.00492	0.00492	0.75883
55	0.03103	0.03959	0.02354	0.02140	0.02568	0.67469	0.01605	0.03317	0.02354	0.02033	0.01284	0.01498	0.01070	0.00856	0.00749	0.00214	0.01498	0.00535	0.00428	0.00963
56	0.01012	0.00723	0.00964	0.01157	0.01205	0.00675	0.00771	0.01157	0.01591	0.02121	0.04579	0.70262	0.05495	0.02603	0.01060	0.00337	0.00482	0.02362	0.00771	0.00675
57	0.03158	0.02327	0.02493	0.01911	0.02576	0.02576	0.01579	0.62852	0.03906	0.05236	0.01995	0.01995	0.01413	0.00997	0.00831	0.00249	0.00914	0.00748	0.00831	0.01413
58	0.76672	0.01607	0.01221	0.01092	0.01607	0.01864	0.00900	0.02442	0.01414	0.03727	0.01157	0.01350	0.00900	0.00771	0.00514	0.00257	0.00643	0.00450	0.00514	0.00900
59	0.02179	0.03234	0.26185	0.02875	0.09412	0.14414	0.20588	0.02841	0.01978	0.06048	0.01614	0.01940	0.01199	0.00784	0.00845	0.00257	0.01280	0.00734	0.00430	0.01164
60	0.01012	0.00723	0.00964	0.01157	0.01205	0.00675	0.00771	0.01157	0.01591	0.02121	0.04579	0.70262	0.05495	0.02603	0.01060	0.00337	0.00482	0.02362	0.00771	0.00675
61	0.01818	0.01818	0.02545	0.02181	0.02181	0.02545	0.01818	0.01999	0.01272	0.01999	0.01091	0.01818	0.01091	0.01454	0.02726	0.00364	0.69284	0.00727	0.00364	0.00909
62	0.03727	0.01414	0.01928	0.01478	0.02121	0.01221	0.01221	0.04049	0.02378	0.66198	0.03277	0.02828	0.02056	0.01028	0.00835	0.00257	0.00707	0.00835	0.01028	0.01414
63	0.76672	0.01607	0.01221	0.01092	0.01607	0.01864	0.00900	0.02442	0.01414	0.03727	0.01157	0.01350	0.00900	0.00771	0.00514	0.00257	0.00643	0.00450	0.00514	0.00900
64	0.01818	0.01818	0.02545	0.02181	0.02181	0.02545	0.01818	0.01999	0.01272	0.01999	0.01091	0.01818	0.01091	0.01454	0.02726	0.00364	0.69284	0.00727	0.00364	0.00909
65	0.01193	0.00866	0.01213	0.01213	0.01319	0.00972	0.00886	0.01405	0.01299	0.01838	0.02337	0.03883	0.02346	0.24624	0.49486	0.01184	0.01821	0.00981	0.00462	0.00674
66	0.01327	0.01002	0.01225	0.01154	0.01154	0.01144	0.00759	0.01362	0.01221	0.01686	0.02320	0.04732	0.02645	0.57314	0.03936	0.00719	0.14126	0.01115	0.00476	0.00582
67	0.03103	0.03959	0.02354	0.02140	0.02568	0.67469	0.01605	0.03317	0.02354	0.02033	0.01284	0.01498	0.01070	0.00856	0.00749	0.00214	0.01498	0.00535	0.00428	0.00963
68	0.01207	0.00810	0.00929	0.00929	0.00937	0.00818	0.00532	0.01223	0.01215	0.01628	0.02596	0.05319	0.02969	0.67322	0.07642	0.00834	0.00882	0.01191	0.00500	0.00516
69	0.01045	0.00842	0.00916	0.00899	0.01142	0.00729	0.00665	0.01292	0.01979	0.02499	0.23138	0.07386	0.46789	0.05624	0.01153	0.00303	0.00433	0.01658	0.00795	0.00713
70	0.01654	0.01656	0.03003	0.02380	0.02742	0.01863	0.24076	0.02068	0.01549	0.02220	0.01698	0.02471	0.01492	0.02813	0.24305	0.00666	0.21123	0.00877	0.00412	0.00930
71	0.01660	0.01759	0.03651	0.02757	0.03346	0.01648	0.42970	0.02183	0.01843	0.02489	0.02601	0.23841	0.02605	0.01304	0.01006	0.00298	0.01109	0.01419	0.00532	0.00979
72	0.02108	0.19398	0.02966	0.01986	0.02226	0.12314	0.01688	0.02315	0.01535	0.01993	0.01135	0.01650	0.01081	0.01181	0.01889	0.00295	0.42283	0.00628	0.00371	0.00956
73	0.01059	0.00845	0.00948	0.00922	0.01169	0.00734	0.00692	0.01341	0.02075	0.02676	0.30941	0.07285	0.42491	0.01943	0.00981	0.00273	0.00409	0.01654	0.00828	0.00734
74	0.01060	0.00776	0.00917	0.01007	0.01099	0.00719	0.00660	0.01180	0.01557	0.02006	0.04970	0.36383	0.19591	0.21906	0.01943	0.00457	0.00559	0.01882	0.00695	0.00633
75	0.01106	0.00758	0.00930	0.01040	0.01088	0.00725	0.00665	0.01217	0.01481	0.02006	0.03958	0.42414	0.06708	0.25539	0.02102	0.00486	0.00584	0.01864	0.04707	0.00623
76	0.01012	0.00723	0.00964	0.01157	0.01205	0.00675	0.00771	0.01157	0.01591	0.02121	0.04579	0.70262	0.05495	0.02603	0.01060	0.00337	0.00482	0.02362	0.00771	0.00675
77	0.01203	0.00825	0.01008	0.01008	0.01043	0.00861	0.00630	0.01273	0.01238	0.01686	0.02525	0.04922	0.02797	0.55516	0.19211	0.00931	0.01142	0.01133	0.00490	0.00560
78	0.03121	0.03441	0.02398	0.02068	0.02571	0.46863	0.01597	0.22222	0.02847	0.03050	0.01510	0.01656	0.01179	0.00901	0.00775	0.00225	0.01313	0.00603	0.00556	0.01106
79	0.01901	0.01816	0.03092	0.25329	0.46601	0.01933	0.02473	0.02414	0.01818	0.02526	0.01535	0.02106	0.01250	0.00769	0.00825	0.00256	0.01025	0.00740	0.00398	0.01191
80	0.01698	0.01641	0.02314	0.02020	0.02048	0.02258	0.01669	0.01901	0.01284	0.01986	0.01306	0.02093	0.01278	0.02363	0.15051	0.00548	0.56527	0.00758	0.00379	0.00877
81	0.01011	0.00843	0.00881	0.00872	0.01140	0.00714	0.00654	0.01248	0.01962	0.02406	0.16844	0.07729	0.56756	0.02044	0.00982	0.00278	0.00417	0.01716	0.00793	0.00714
82	0.01183	0.00758	0.01034	0.01151	0.01218	0.00723	0.00808	0.01199	0.01489	0.01956	0.03861	0.37062	0.08772	0.02619	0.01758	0.24310	0.00585	0.08284	0.00640	0.00587
83	0.17198	0.02102	0.02197	0.01714	0.02348	0.02310	0.01415	0.45707	0.03285	0.10809	0.01958	0.01952	0.01377	0.00957	0.00771	0.00252	0.00843	0.00700	0.00790	0.01315
84	0.01907	0.01822	0.03103	0.24560	0.47325	0.01935	0.02475	0.02419	0.01821	0.02533	0.01536	0.02105	0.01252	0.00768	0.00825	0.00256	0.01024	0.00740	0.00398	0.01196
85	0.01228	0.00928	0.01355	0.07730	0.01768	0.01067	0.01047	0.01486	0.01339	0.01880	0.02237	0.03624	0.02184	0.19428	0.47660	0.01121	0.01816	0.00943	0.00450	0.00709
86	0.03058	0.01788	0.02089	0.01631	0.02218	0.01837	0.01335	0.33245	0.03142	0.26109	0.11923	0.02916	0.02600	0.01113	0.00855	0.00254	0.00764	0.00892	0.00912	0.01319
87	0.01005	0.00795	0.00905	0.00977	0.01161	0.00695	0.00695	0.01199	0.01799	0.02256	0.10040	0.32453	0.38530	0.02278	0.01013	0.00302	0.00443	0.01979	0.00779	0.00695
88	0.06106	0.01470	0.01740	0.01276	0.01982	0.01171	0.01030	0.02526	0.01846	0.16257	0.01842	0.01938	0.01389	0.00711	0.00657	0.00159	0.00636	0.00563	0.00607	0.56094
89	0.01062	0.00770	0.00924	0.01024	0.01104	0.00717	0.00668	0.01178	0.01541	0.01999	0.04766	0.39685	0.16420	0.21932	0.01947	0.00460	0.00562	0.01915	0.00695	0.00631
90	0.01236	0.00943	0.01312	0.01295	0.01383	0.01092	0.00957	0.01435	0.01322	0.01875	0.02431	0.09889	0.02531	0.21244	0.39608	0.01019	0.08162	0.01089	0.00482	0.00693
91	0.76672	0.01607	0.01221	0.01092	0.01607	0.01864	0.00900	0.02442	0.01414	0.03727	0.01157	0.01350	0.00900	0.00771	0.00514	0.00257	0.00643	0.00450	0.00514	0.00900
92	0.02751	0.01483	0.01774	0.01467	0.01943	0.01496	0.01143	0.09169	0.18762	0.31420	0.03058	0.03318	0.02307	0.14326	0.01483	0.00367	0.00732	0.00926	0.00861	0.01214
93	0.02221	0.71304	0.04353	0.01421	0.02132	0.03287	0.01421	0.02488	0.01688	0.01955	0.01155	0.01333	0.01066	0.00711	0.00533	0.00178	0.00888	0.00444	0.00355	0.01066
94	0.01818	0.01818	0.02545	0.02181	0.02181	0.02545	0.01818	0.01999	0.01272	0.01999	0.01091	0.01818	0.01091	0.01454	0.02726	0.00364	0.69284	0.00727	0.00364	0.00909
95	0.76672	0.01607	0.01221	0.01092	0.01607	0.01864	0.00900	0.02442	0.01414	0.03727	0.01157	0.01350	0.00900	0.00771	0.00514	0.00257	0.00643	0.00450	0.00514	0.00900
96	0.76672	0.01607	0.01221	0.01092	0.01607	0.01864	0.00900	0.02442	0.01414	0.03727	0.01157	0.01350	0.00900	0.00771	0.00514	0.00257	0.00643	0.00450	0.00514	0.00900
97	0.01012	0.00723	0.00964	0.01157	0.01205	0.00675	0.00771	0.01157	0.01591	0.02121	0.04579	0.70262	0.05495	0.02603	0.01060	0.00337	0.00482	0.02362	0.00771	0.00675
98	0.03158	0.02327	0.02493	0.01911	0.02576	0.02576	0.01579	0.62852	0.03906	0.05236	0.01995	0.01995	0.01413	0.00997	0.00831	0.00249	0.00914	0.00748	0.00831	0.01413
99	0.03617	0.01480	0.01955	0.01511	0.02147	0.01334	0.01244	0.07184	0.05428	0.59949	0.03214	0.02796	0.02045	0.01031	0.00836	0.00258	0.00716	0.00836	0.01009	0.01409
100	0.01818	0.01818	0.02545	0.02181	0.02181	0.02545	0.01818	0.01999	0.01272	0.01999	0.01091	0.01818	0.01091	0.01454	0.02726	0.00364	0.69284	0.00727	0.00364	0.00909
101	0.02289	0.03432	0.46027	0.02109	0.03152	0.01779	0.02502	0.06331	0.02036	0.19446	0.01987	0.02049	0.01336	0.00863	0.00804	0.00261	0.01074	0.00679	0.00555	0.01287
102	0.02224	0.01126	0.01557	0.01511	0.01869	0.01054	0.01295	0.02584	0.02085	0.26095	0.03983	0.06946	0.03771	0.01826	0.01032	0.00336	0.00743	0.38095	0.00863	0.01005
103	0.01208	0.00805	0.00906	0.00906	0.00906	0.00805	0.00503	0.01208	0.01208	0.01611	0.02618	0.05436	0.03020	0.70804	0.04228	0.00805	0.00805	0.01208	0.00503	0.00503
104	0.02530	0.01697	0.01961	0.01597	0.02046	0.01831	0.01274	0.35917	0.02878	0.08638	0.06731	0.02597	0.02012	0.01923	0.07723	0.15057	0.00948	0.00819	0.00724	0.01097
105	0.01928	0.01843	0.03141	0.21808	0.49912	0.01940	0.02486	0.02438	0.01831	0.02559	0.01540	0.02098	0.01261	0.00764	0.00825	0.00255	0.01019	0.00740	0.00400	0.01213
106	0.01558	0.08057	0.05322	0.01596	0.04666	0.01483	0.01270	0.01857	0.01797	0.05603	0.16488	0.14603	0.10039	0.04318	0.01392	0.00313	0.13687	0.04424	0.00647	0.00878
107	0.02079	0.01078	0.01405	0.01281	0.01539	0.01059	0.00983	0.02297	0.01751	0.22399	0.03079	0.04954	0.02864	0.25475	0.05357	0.00523	0.04087	0.12219	0.04682	0.00887
108	0.02170	0.05806	0.08653	0.14844	0.09370	0.19219	0.01767	0.02553	0.01948	0.08365	0.02344	0.12803	0.04370	0.01162	0.00831	0.00258	0.01038	0.00959	0.00528	0.01011
109	0.20376	0.01837	0.04797	0.02605	0.23814	0.01702	0.01615	0.05578	0.01822	0.03092	0.01455	0.01761	0.01181	0.00724	0.00680	0.00211	0.00790	0.00585	0.00482	0.24893

[dist]
# distance from previous block
# <min> <max>
2	52

[block]
# block no. 4 follows, 22 sequences, length 87
# corresponding to MSA columns:
# 450-536
name=unknown_E
#
# <colnr> <probs for GDERKNQSTAVLIFYWHMCP>
#	G	D	E	R	K	N	Q	S	T	A	V	L	I	F	Y	W	H	M	C	P
0	0.05549	0.13283	0.09505	0.01949	0.04937	0.11276	0.01659	0.18526	0.18873	0.03381	0.02028	0.02066	0.01546	0.00926	0.00759	0.00244	0.00947	0.00695	0.00625	0.01227
1	0.01907	0.02051	0.05340	0.34189	0.20346	0.09660	0.02263	0.02380	0.01761	0.02272	0.01433	0.02025	0.01153	0.00880	0.01033	0.00271	0.08901	0.00709	0.00386	0.01040
2	0.02115	0.03518	0.46432	0.02148	0.03174	0.01904	0.02534	0.12356	0.02163	0.10276	0.01892	0.04509	0.01393	0.00918	0.00811	0.00263	0.01090	0.00727	0.00521	0.01258
3	0.02144	0.08165	0.22013	0.03581	0.34883	0.01980	0.02462	0.02740	0.01890	0.09867	0.01704	0.01996	0.01302	0.00785	0.00791	0.00247	0.01019	0.00690	0.00459	0.01281
4	0.01302	0.05047	0.05368	0.01440	0.01676	0.01286	0.01215	0.01631	0.01376	0.01974	0.02069	0.03000	0.01914	0.05381	0.56836	0.01162	0.05254	0.00841	0.00431	0.00796
5	0.01153	0.00993	0.01400	0.01281	0.01570	0.00889	0.07801	0.01445	0.01908	0.02422	0.13406	0.17304	0.36149	0.01993	0.01009	0.00296	0.00569	0.06901	0.00748	0.00760
6	0.02247	0.01809	0.02020	0.12636	0.02683	0.04617	0.01445	0.26486	0.12411	0.03759	0.09936	0.03201	0.07426	0.01153	0.00848	0.00259	0.00806	0.00936	0.04184	0.01139
7	0.01729	0.11938	0.59414	0.02260	0.03429	0.02084	0.02881	0.02615	0.01746	0.02554	0.01453	0.01706	0.01054	0.00780	0.00760	0.00253	0.01189	0.00595	0.00351	0.01209
8	0.01110	0.00883	0.01020	0.01089	0.01337	0.00793	0.00885	0.01382	0.01900	0.02331	0.06972	0.08489	0.43544	0.02173	0.01041	0.00317	0.00544	0.22695	0.00769	0.00724
9	0.02377	0.02377	0.02860	0.03714	0.38526	0.15897	0.02079	0.11785	0.02296	0.02922	0.02007	0.02308	0.05370	0.00891	0.00818	0.00242	0.01048	0.00763	0.00502	0.01216
10	0.02019	0.01960	0.03456	0.15040	0.41456	0.02008	0.13242	0.05737	0.01975	0.02743	0.01593	0.02112	0.01277	0.00762	0.00853	0.00258	0.01077	0.00783	0.00428	0.01222
11	0.01443	0.00722	0.01082	0.01082	0.01082	0.00722	0.00722	0.01082	0.01082	0.01443	0.01443	0.02525	0.01443	0.02886	0.03247	0.75830	0.00722	0.00722	0.00361	0.00361
12	0.01961	0.02241	0.04902	0.03501	0.04342	0.02101	0.62605	0.02661	0.01961	0.02661	0.01681	0.02241	0.01261	0.00700	0.00980	0.00280	0.01401	0.00980	0.00420	0.01120
13	0.04782	0.03785	0.43832	0.02148	0.03092	0.14815	0.02456	0.02782	0.05516	0.02582	0.01942	0.02122	0.04791	0.00896	0.00785	0.00255	0.01180	0.00676	0.00425	0.01138
14	0.02454	0.03153	0.15260	0.02909	0.19415	0.26214	0.02127	0.09681	0.02266	0.02721	0.01647	0.02176	0.01370	0.00906	0.00807	0.00245	0.01203	0.03823	0.00472	0.01149
15	0.01006	0.00746	0.00940	0.01094	0.01189	0.00680	0.00743	0.01164	0.01650	0.02145	0.05337	0.57959	0.17309	0.02504	0.01045	0.00326	0.00470	0.02241	0.00771	0.00680
16	0.02001	0.01917	0.03272	0.12364	0.58792	0.01959	0.02522	0.02501	0.01865	0.02647	0.01553	0.02074	0.01292	0.00750	0.00823	0.00250	0.01001	0.00740	0.00406	0.01271
17	0.01833	0.08871	0.47900	0.02675	0.10647	0.04856	0.06632	0.02642	0.01804	0.02566	0.01477	0.01778	0.01098	0.00775	0.00785	0.00254	0.01197	0.00636	0.00366	0.01208
18	0.02471	0.20835	0.03339	0.02992	0.23255	0.25885	0.04931	0.02815	0.02008	0.02268	0.01362	0.01675	0.01159	0.00772	0.00728	0.00219	0.01166	0.00601	0.00403	0.01114
19	0.01050	0.00863	0.00936	0.00973	0.01236	0.00750	0.00766	0.01293	0.01897	0.02290	0.07650	0.08257	0.53748	0.02140	0.01013	0.00300	0.00486	0.12866	0.00770	0.00713
20	0.01011	0.00728	0.00959	0.01143	0.01201	0.00676	0.00765	0.01158	0.01604	0.02126	0.04743	0.67593	0.08058	0.02581	0.01057	0.00335	0.00479	0.02336	0.00771	0.00676
21	0.01846	0.06201	0.13544	0.13156	0.21771	0.01940	0.02116	0.02820	0.16100	0.02700	0.02191	0.05933	0.01847	0.01003	0.00831	0.00268	0.00931	0.03107	0.00522	0.01172
22	0.02006	0.22769	0.02503	0.14631	0.02554	0.05548	0.01358	0.09632	0.02016	0.02713	0.02153	0.02443	0.05052	0.00925	0.00678	0.00218	0.00808	0.00706	0.20310	0.00977
23	0.01170	0.00844	0.01140	0.01321	0.01453	0.00814	0.01041	0.01435	0.01766	0.02307	0.04715	0.36828	0.08643	0.02423	0.01098	0.00356	0.00617	0.30542	0.00768	0.00720
24	0.01966	0.02226	0.04815	0.03592	0.07828	0.02094	0.59188	0.02655	0.01957	0.02664	0.01674	0.02230	0.01264	0.00703	0.00971	0.00278	0.01377	0.00967	0.00420	0.01132
25	0.02405	0.02574	0.02985	0.11094	0.30391	0.22187	0.05994	0.07586	0.02174	0.02636	0.01509	0.01909	0.01221	0.00804	0.00812	0.00242	0.01179	0.00693	0.00446	0.01158
26	0.01268	0.00934	0.01240	0.01394	0.01603	0.00906	0.01199	0.01617	0.01909	0.02438	0.05192	0.09099	0.16736	0.02257	0.01115	0.00362	0.00697	0.48515	0.00766	0.00752
27	0.03103	0.03959	0.02354	0.02140	0.02568	0.67469	0.01605	0.03317	0.02354	0.02033	0.01284	0.01498	0.01070	0.00856	0.00749	0.00214	0.01498	0.00535	0.00428	0.00963
28	0.00982	0.00842	0.00842	0.00842	0.01122	0.00701	0.00631	0.01192	0.01894	0.02244	0.08416	0.07995	0.65285	0.02104	0.00982	0.00281	0.00421	0.01753	0.00771	0.00701
29	0.01437	0.01046	0.01259	0.01174	0.01443	0.01034	0.00889	0.02165	0.14040	0.06141	0.41178	0.09283	0.12347	0.01651	0.00952	0.00271	0.00466	0.01438	0.00884	0.00900
30	0.01148	0.00852	0.01093	0.01051	0.01245	0.00810	0.00786	0.01481	0.02080	0.02879	0.44203	0.06018	0.15879	0.05288	0.11059	0.00447	0.00688	0.01438	0.00805	0.00753
31	0.02426	0.55695	0.03890	0.01588	0.02233	0.18163	0.01464	0.02680	0.01842	0.01973	0.01185	0.01371	0.01067	0.00744	0.00583	0.00186	0.01030	0.00465	0.00372	0.01042
32	0.01660	0.05835	0.36243	0.23704	0.07436	0.01904	0.02628	0.02405	0.01738	0.02436	0.01646	0.02346	0.01303	0.00885	0.00815	0.00270	0.01135	0.04126	0.00384	0.01101
33	0.02570	0.02993	0.09985	0.03027	0.22310	0.25298	0.02047	0.13155	0.05507	0.02929	0.01620	0.01866	0.01276	0.00850	0.00795	0.00239	0.01167	0.00664	0.00503	0.01197
34	0.01706	0.02158	0.15021	0.27676	0.11403	0.05584	0.02235	0.02261	0.01775	0.02352	0.02015	0.03406	0.01819	0.01126	0.00979	0.00292	0.04734	0.12007	0.00449	0.01002
35	0.01171	0.00790	0.00917	0.00954	0.00963	0.00780	0.00554	0.01198	0.01281	0.01708	0.02992	0.17797	0.03492	0.57800	0.03624	0.00716	0.00744	0.01428	0.00554	0.00536
36	0.01208	0.00869	0.01227	0.01227	0.01350	0.00982	0.00915	0.01452	0.01330	0.01922	0.02322	0.03670	0.02259	0.18301	0.52359	0.01181	0.01870	0.00945	0.03913	0.00698
37	0.03146	0.03428	0.02370	0.02052	0.02550	0.47968	0.01581	0.18440	0.02749	0.05803	0.01556	0.01685	0.01202	0.00900	0.00774	0.00225	0.01314	0.00603	0.00558	0.01098
38	0.02066	0.01785	0.01878	0.01691	0.02160	0.02066	0.01315	0.04414	0.64121	0.03475	0.03381	0.03099	0.02536	0.01127	0.00845	0.00282	0.00657	0.00939	0.00845	0.01315
39	0.01318	0.00950	0.01310	0.01490	0.01686	0.00941	0.01297	0.01690	0.01911	0.02472	0.04634	0.09290	0.08320	0.02284	0.01138	0.00377	0.00745	0.56622	0.00765	0.00761
40	0.02265	0.68052	0.04266	0.01445	0.02153	0.03254	0.01429	0.05333	0.01793	0.02109	0.01195	0.01364	0.01082	0.00724	0.00547	0.00181	0.00890	0.00459	0.00378	0.01082
41	0.09030	0.07481	0.31578	0.02734	0.17245	0.02126	0.02399	0.12477	0.02103	0.03137	0.01537	0.01797	0.01158	0.00806	0.00762	0.00251	0.01045	0.00638	0.00459	0.01237
42	0.19465	0.06469	0.02152	0.06006	0.02460	0.32235	0.01407	0.07514	0.02110	0.02747	0.01338	0.01566	0.01079	0.00811	0.00680	0.00218	0.01099	0.00536	0.00479	0.09631
43	0.01339	0.00956	0.01339	0.01530	0.01721	0.00956	0.01339	0.01721	0.01912	0.02486	0.04399	0.09371	0.04781	0.02295	0.01147	0.00382	0.00765	0.60031	0.00765	0.00765
44	0.01832	0.01747	0.02957	0.07928	0.45909	0.01738	0.06023	0.02302	0.01919	0.02672	0.07313	0.03070	0.09004	0.00971	0.00863	0.00256	0.00910	0.00929	0.00489	0.01170
45	0.02243	0.23476	0.03172	0.05461	0.05433	0.18194	0.06818	0.02665	0.05180	0.02199	0.01582	0.02211	0.01417	0.00992	0.01050	0.00251	0.11777	0.04422	0.00435	0.01019
46	0.01019	0.00811	0.00905	0.00971	0.01167	0.00711	0.00702	0.01209	0.01775	0.02192	0.06836	0.26100	0.42027	0.05337	0.01158	0.00326	0.00473	0.04833	0.00759	0.00688
47	0.01126	0.00847	0.01042	0.00993	0.01211	0.00763	0.00745	0.01472	0.02235	0.03055	0.50728	0.06661	0.22467	0.01802	0.00980	0.00266	0.00399	0.01566	0.00878	0.00763
48	0.02784	0.06427	0.02405	0.01981	0.04805	0.18001	0.01534	0.25968	0.15379	0.06451	0.02190	0.02384	0.01693	0.01015	0.00809	0.00249	0.00989	0.03000	0.00700	0.01236
49	0.02164	0.14016	0.03249	0.08015	0.41549	0.05621	0.02138	0.02594	0.01882	0.05452	0.01602	0.01993	0.01317	0.00771	0.00759	0.00233	0.00965	0.00684	0.03789	0.01209
50	0.02702	0.01722	0.01951	0.01626	0.02172	0.01837	0.01301	0.14040	0.32584	0.22581	0.03341	0.03050	0.05013	0.01119	0.00846	0.00269	0.00705	0.00912	0.00895	0.01334
51	0.01208	0.00805	0.00906	0.00906	0.00906	0.00805	0.00503	0.01208	0.01208	0.01611	0.02618	0.05436	0.03020	0.70804	0.04228	0.00805	0.00805	0.01208	0.00503	0.00503
52	0.01439	0.01260	0.01968	0.07005	0.06184	0.01524	0.04154	0.01762	0.01410	0.02041	0.01863	0.02756	0.01710	0.04214	0.41543	0.00933	0.16130	0.00839	0.00419	0.00844
53	0.01469	0.01045	0.01150	0.01054	0.01390	0.00964	0.00812	0.04637	0.07253	0.08877	0.15858	0.06537	0.42232	0.01805	0.00949	0.00274	0.00487	0.01512	0.00827	0.00867
54	0.01012	0.00723	0.00964	0.01157	0.01205	0.00675	0.00771	0.01157	0.01591	0.02121	0.04579	0.70262	0.05495	0.02603	0.01060	0.00337	0.00482	0.02362	0.00771	0.00675
55	0.01189	0.00880	0.01286	0.01286	0.01418	0.01012	0.00977	0.01452	0.01321	0.01892	0.02270	0.03511	0.02184	0.13594	0.60296	0.01275	0.02063	0.00926	0.00452	0.00715
56	0.01952	0.01867	0.03183	0.18761	0.52777	0.01946	0.02498	0.02458	0.01842	0.02587	0.01544	0.02090	0.01271	0.00760	0.00824	0.00253	0.01013	0.00740	0.00402	0.01232
57	0.03047	0.08267	0.02482	0.02094	0.02540	0.63364	0.01593	0.03264	0.02312	0.02028	0.01276	0.01488	0.01070	0.00847	0.00735	0.00212	0.01459	0.00529	0.00423	0.00970
58	0.02681	0.20027	0.03044	0.02549	0.14921	0.38841	0.01747	0.02963	0.02100	0.02148	0.01308	0.01568	0.01118	0.00798	0.00711	0.00212	0.01248	0.00553	0.00407	0.01058
59	0.01131	0.00811	0.01029	0.01157	0.01257	0.00775	0.00836	0.01310	0.01621	0.02113	0.04546	0.34181	0.11600	0.17306	0.01762	0.00444	0.00615	0.16133	0.00711	0.00663
60	0.00982	0.00842	0.00842	0.00842	0.01122	0.00701	0.00631	0.01192	0.01894	0.02244	0.08416	0.07995	0.65285	0.02104	0.00982	0.00281	0.00421	0.01753	0.00771	0.00701
61	0.01136	0.01200	0.08551	0.01199	0.01477	0.00861	0.01014	0.01470	0.01920	0.02605	0.25080	0.29212	0.17161	0.01998	0.00987	0.00293	0.00526	0.01759	0.00770	0.00780
62	0.02672	0.03069	0.02705	0.06999	0.23475	0.38415	0.01955	0.06382	0.02250	0.02444	0.01427	0.01752	0.01173	0.00825	0.00783	0.00230	0.01274	0.00626	0.00442	0.01102
63	0.01940	0.01856	0.03163	0.20250	0.51377	0.01943	0.02492	0.02448	0.01837	0.02573	0.01542	0.02094	0.01266	0.00762	0.00824	0.00254	0.01016	0.00740	0.00401	0.01222
64	0.01132	0.00792	0.01022	0.01160	0.01222	0.00767	0.00807	0.01283	0.01546	0.02049	0.03988	0.39879	0.04653	0.21849	0.01974	0.00479	0.00629	0.13430	0.00694	0.00644
65	0.01187	0.00890	0.01335	0.01335	0.01483	0.01038	0.01038	0.01483	0.01335	0.01928	0.02225	0.03264	0.02077	0.06231	0.67512	0.01335	0.02225	0.00890	0.00445	0.00742
66	0.01723	0.01477	0.01723	0.01230	0.01969	0.01107	0.00984	0.02092	0.01723	0.02707	0.01477	0.01723	0.01230	0.00615	0.00615	0.00123	0.00615	0.00492	0.00492	0.75883
67	0.01297	0.00873	0.01132	0.01063	0.01281	0.00797	0.00799	0.01662	0.02285	0.06697	0.55172	0.09561	0.10749	0.01733	0.00976	0.00266	0.00416	0.01526	0.00905	0.00808
68	0.01187	0.00890	0.01335	0.01335	0.01483	0.01038	0.01038	0.01483	0.01335	0.01928	0.02225	0.03264	0.02077	0.06231	0.67512	0.01335	0.02225	0.00890	0.00445	0.00742
69	0.01188	0.00886	0.01314	0.01314	0.01454	0.01027	0.01012	0.01470	0.01329	0.01913	0.02245	0.03373	0.02124	0.09474	0.64334	0.01309	0.02154	0.00906	0.00448	0.00730
70	0.01549	0.00774	0.00774	0.00774	0.00968	0.00774	0.00581	0.01936	0.01742	0.03097	0.02710	0.03097	0.02129	0.00968	0.00581	0.00194	0.00387	0.00774	0.75416	0.00774
71	0.01912	0.10134	0.10288	0.02421	0.18039	0.01788	0.01732	0.07126	0.01896	0.02726	0.01589	0.01961	0.01322	0.01350	0.08324	0.00326	0.01021	0.00629	0.00461	0.24957
72	0.01907	0.20977	0.26342	0.13293	0.03518	0.05769	0.08807	0.02523	0.01774	0.02344	0.01409	0.01759	0.01097	0.00761	0.00740	0.00236	0.01123	0.00620	0.00373	0.04628
73	0.01033	0.00738	0.00988	0.01181	0.01238	0.00693	0.00807	0.01193	0.01611	0.02144	0.04567	0.66367	0.05449	0.02583	0.01066	0.00340	0.00500	0.06050	0.00771	0.00681
74	0.22092	0.02421	0.02524	0.03227	0.31388	0.19906	0.01854	0.02732	0.01892	0.02795	0.01379	0.01716	0.01138	0.00780	0.00721	0.00240	0.01036	0.00607	0.00443	0.01109
75	0.02066	0.01785	0.01878	0.01691	0.02160	0.02066	0.01315	0.04414	0.64121	0.03475	0.03381	0.03099	0.02536	0.01127	0.00845	0.00282	0.00657	0.00939	0.00845	0.01315
76	0.01146	0.00867	0.00957	0.00921	0.01195	0.00745	0.00696	0.01409	0.02034	0.05173	0.23156	0.07310	0.47542	0.01953	0.00975	0.00274	0.00425	0.01649	0.00820	0.00752
77	0.01034	0.00844	0.00914	0.00897	0.01154	0.00724	0.00673	0.01294	0.02018	0.02539	0.23812	0.07510	0.49705	0.01994	0.00981	0.00275	0.00413	0.01685	0.00810	0.00724
78	0.02236	0.01781	0.01998	0.01474	0.02186	0.01633	0.01197	0.23816	0.02503	0.03611	0.01662	0.01820	0.01296	0.00752	0.00692	0.00168	0.00722	0.00584	0.00613	0.49257
79	0.01882	0.01837	0.02864	0.28639	0.35786	0.05597	0.02316	0.02370	0.01799	0.02407	0.01553	0.02155	0.01268	0.01102	0.04722	0.00320	0.01134	0.00737	0.00398	0.01115
80	0.01389	0.01207	0.01983	0.01763	0.01981	0.01247	0.13169	0.01667	0.01620	0.02192	0.03222	0.25780	0.03576	0.14269	0.01819	0.00422	0.08621	0.12692	0.00606	0.00776
81	0.02221	0.71304	0.04353	0.01421	0.02132	0.03287	0.01421	0.02488	0.01688	0.01955	0.01155	0.01333	0.01066	0.00711	0.00533	0.00178	0.00888	0.00444	0.00355	0.01066
