[name]
unknown

[dist]
# distance from previous block
# <min> <max>
0	6

[block]
# block no. 0 follows, 22 sequences, length 9
# corresponding to MSA columns:
# 6-14
name=unknown_A
#
# <colnr> <probs for GDERKNQSTAVLIFYWHMCP>
#	G	D	E	R	K	N	Q	S	T	A	V	L	I	F	Y	W	H	M	C	P
0	0.01339	0.00956	0.01339	0.01530	0.01721	0.00956	0.01339	0.01721	0.01912	0.02486	0.04399	0.09371	0.04781	0.02295	0.01147	0.00382	0.00765	0.60031	0.00765	0.00765
1	0.01191	0.01062	0.01334	0.01671	0.13682	0.00949	0.01005	0.01457	0.01893	0.02336	0.07081	0.06838	0.52828	0.01838	0.00951	0.00274	0.00531	0.01556	0.00701	0.00821
2	0.01012	0.00723	0.00964	0.01157	0.01205	0.00675	0.00771	0.01157	0.01591	0.02121	0.04579	0.70262	0.05495	0.02603	0.01060	0.00337	0.00482	0.02362	0.00771	0.00675
3	0.01187	0.00890	0.01335	0.01335	0.01483	0.01038	0.01038	0.01483	0.01335	0.01928	0.02225	0.03264	0.02077	0.06231	0.67512	0.01335	0.02225	0.00890	0.00445	0.00742
4	0.01723	0.01477	0.01723	0.01230	0.01969	0.01107	0.00984	0.02092	0.01723	0.02707	0.01477	0.01723	0.01230	0.00615	0.00615	0.00123	0.00615	0.00492	0.00492	0.75883
5	0.02126	0.02331	0.02499	0.02171	0.02274	0.18104	0.01767	0.02315	0.01532	0.02007	0.01137	0.01741	0.01086	0.01311	0.02252	0.00328	0.53039	0.00681	0.00379	0.00922
6	0.02056	0.01974	0.03372	0.05099	0.65622	0.01974	0.02550	0.02550	0.01892	0.02714	0.01563	0.02056	0.01316	0.00740	0.00822	0.00247	0.00987	0.00740	0.00411	0.01316
7	0.01358	0.01134	0.01313	0.01295	0.01429	0.06739	0.00950	0.01572	0.01391	0.01856	0.02244	0.03669	0.02232	0.22371	0.45448	0.01102	0.01797	0.00941	0.00459	0.00700
8	0.01130	0.00786	0.00915	0.00969	0.01012	0.00758	0.00592	0.01192	0.01387	0.01820	0.03774	0.23839	0.10242	0.44522	0.03002	0.00619	0.00675	0.01588	0.00606	0.00572

[dist]
# distance from previous block
# <min> <max>
0	1

[block]
# block no. 1 follows, 22 sequences, length 67
# corresponding to MSA columns:
# 16-82
name=unknown_B
#
# <colnr> <probs for GDERKNQSTAVLIFYWHMCP>
#	G	D	E	R	K	N	Q	S	T	A	V	L	I	F	Y	W	H	M	C	P
0	0.02076	0.01576	0.01765	0.01431	0.01952	0.01543	0.01127	0.22567	0.05708	0.03525	0.02446	0.14968	0.02245	0.01178	0.00781	0.00221	0.00673	0.00980	0.07218	0.26017
1	0.20326	0.03074	0.05951	0.01890	0.02365	0.36124	0.01544	0.08139	0.02127	0.02747	0.01310	0.01552	0.01061	0.00902	0.00892	0.00245	0.07724	0.00557	0.00473	0.00998
2	0.02066	0.01785	0.01878	0.01691	0.02160	0.02066	0.01315	0.04414	0.64121	0.03475	0.03381	0.03099	0.02536	0.01127	0.00845	0.00282	0.00657	0.00939	0.00845	0.01315
3	0.01137	0.00819	0.01076	0.01072	0.01233	0.00758	0.00781	0.01470	0.02171	0.03045	0.50827	0.21380	0.07283	0.01913	0.00999	0.00279	0.00413	0.01706	0.00881	0.00758
4	0.02056	0.01974	0.03372	0.05099	0.65622	0.01974	0.02550	0.02550	0.01892	0.02714	0.01563	0.02056	0.01316	0.00740	0.00822	0.00247	0.00987	0.00740	0.00411	0.01316
5	0.01549	0.00774	0.00774	0.00774	0.00968	0.00774	0.00581	0.01936	0.01742	0.03097	0.02710	0.03097	0.02129	0.00968	0.00581	0.00194	0.00387	0.00774	0.75416	0.00774
6	0.01339	0.00956	0.01339	0.01530	0.01721	0.00956	0.01339	0.01721	0.01912	0.02486	0.04399	0.09371	0.04781	0.02295	0.01147	0.00382	0.00765	0.60031	0.00765	0.00765
7	0.01012	0.00723	0.00964	0.01157	0.01205	0.00675	0.00771	0.01157	0.01591	0.02121	0.04579	0.70262	0.05495	0.02603	0.01060	0.00337	0.00482	0.02362	0.00771	0.00675
8	0.03727	0.01414	0.01928	0.01478	0.02121	0.01221	0.01221	0.04049	0.02378	0.66198	0.03277	0.02828	0.02056	0.01028	0.00835	0.00257	0.00707	0.00835	0.01028	0.01414
9	0.03727	0.01414	0.01928	0.01478	0.02121	0.01221	0.01221	0.04049	0.02378	0.66198	0.03277	0.02828	0.02056	0.01028	0.00835	0.00257	0.00707	0.00835	0.01028	0.01414
10	0.01758	0.01730	0.02431	0.02101	0.02115	0.02403	0.01744	0.01951	0.01278	0.01993	0.01197	0.01954	0.01183	0.01904	0.08830	0.00455	0.62966	0.00742	0.00371	0.00893
11	0.00982	0.00842	0.00842	0.00842	0.01122	0.00701	0.00631	0.01192	0.01894	0.02244	0.08416	0.07995	0.65285	0.02104	0.00982	0.00281	0.00421	0.01753	0.00771	0.00701
12	0.01187	0.00890	0.01335	0.01335	0.01483	0.01038	0.01038	0.01483	0.01335	0.01928	0.02225	0.03264	0.02077	0.06231	0.67512	0.01335	0.02225	0.00890	0.00445	0.00742
13	0.02884	0.02617	0.02669	0.02719	0.17509	0.17301	0.01815	0.34928	0.03073	0.03905	0.01729	0.01895	0.01311	0.00904	0.00810	0.00241	0.01065	0.00697	0.00639	0.01287
14	0.01140	0.00789	0.00914	0.00959	0.00997	0.00765	0.00579	0.01194	0.01363	0.01791	0.03628	0.21034	0.09472	0.48176	0.03172	0.00645	0.00693	0.01533	0.00592	0.00563
15	0.01995	0.02019	0.02487	0.09411	0.02883	0.13909	0.14399	0.02429	0.01889	0.02554	0.01643	0.02023	0.01308	0.00749	0.00738	0.00200	0.00976	0.00669	0.10097	0.27620
16	0.01167	0.00843	0.01103	0.01051	0.01239	0.00778	0.00783	0.01546	0.02312	0.03268	0.62027	0.09542	0.07716	0.01745	0.00984	0.00265	0.00397	0.01547	0.00907	0.00778
17	0.01666	0.04297	0.66500	0.02368	0.03596	0.01929	0.03069	0.02631	0.01754	0.02631	0.01491	0.01754	0.01052	0.00789	0.00789	0.00263	0.01228	0.00614	0.00351	0.01228
18	0.01012	0.00723	0.00964	0.01157	0.01205	0.00675	0.00771	0.01157	0.01591	0.02121	0.04579	0.70262	0.05495	0.02603	0.01060	0.00337	0.00482	0.02362	0.00771	0.00675
19	0.02496	0.01688	0.01786	0.01444	0.01915	0.01835	0.01168	0.37798	0.03016	0.04356	0.02289	0.02448	0.01707	0.00985	0.00728	0.00226	0.00697	0.00759	0.31507	0.01150
20	0.02116	0.58633	0.16105	0.01600	0.02409	0.03030	0.01733	0.02515	0.01700	0.02082	0.01218	0.01412	0.01063	0.00726	0.00582	0.00194	0.00953	0.00476	0.00354	0.01097
21	0.02221	0.71304	0.04353	0.01421	0.02132	0.03287	0.01421	0.02488	0.01688	0.01955	0.01155	0.01333	0.01066	0.00711	0.00533	0.00178	0.00888	0.00444	0.00355	0.01066
22	0.01208	0.00805	0.00906	0.00906	0.00906	0.00805	0.00503	0.01208	0.01208	0.01611	0.02618	0.05436	0.03020	0.70804	0.04228	0.00805	0.00805	0.01208	0.00503	0.00503
23	0.01126	0.00790	0.00936	0.00991	0.01043	0.00768	0.00619	0.01205	0.01399	0.01842	0.03805	0.23985	0.10661	0.40661	0.06018	0.00639	0.00739	0.01581	0.00607	0.00586
24	0.01195	0.00859	0.01176	0.01176	0.01270	0.00952	0.00840	0.01381	0.01288	0.01811	0.02370	0.04068	0.02426	0.30141	0.44080	0.01139	0.01699	0.01008	0.00467	0.00653
25	0.02066	0.01785	0.01878	0.01691	0.02160	0.02066	0.01315	0.04414	0.64121	0.03475	0.03381	0.03099	0.02536	0.01127	0.00845	0.00282	0.00657	0.00939	0.00845	0.01315
26	0.01569	0.01477	0.02492	0.68808	0.05722	0.01846	0.02307	0.02123	0.01661	0.02123	0.01477	0.02215	0.01107	0.00831	0.00831	0.00277	0.01107	0.00738	0.00369	0.00923
27	0.02565	0.02189	0.02149	0.01814	0.02352	0.08416	0.01439	0.25794	0.36166	0.03986	0.02674	0.02542	0.01985	0.01054	0.00831	0.00263	0.00831	0.00831	0.00801	0.01318
28	0.01208	0.00805	0.00906	0.00906	0.00906	0.00805	0.00503	0.01208	0.01208	0.01611	0.02618	0.05436	0.03020	0.70804	0.04228	0.00805	0.00805	0.01208	0.00503	0.00503
29	0.02090	0.55431	0.19075	0.01646	0.02479	0.02965	0.01812	0.02522	0.01704	0.02115	0.01235	0.01432	0.01063	0.00729	0.00594	0.00198	0.00969	0.00484	0.00354	0.01104
30	0.01035	0.00844	0.00915	0.00897	0.01154	0.00724	0.00673	0.01294	0.02018	0.02540	0.23871	0.07508	0.49646	0.01994	0.00981	0.00275	0.00413	0.01685	0.00810	0.00724
31	0.01721	0.10935	0.60344	0.02274	0.03451	0.02064	0.02906	0.02617	0.01747	0.02564	0.01458	0.01712	0.01054	0.00781	0.00764	0.00255	0.01194	0.00597	0.00351	0.01212
32	0.02056	0.01974	0.03372	0.05099	0.65622	0.01974	0.02550	0.02550	0.01892	0.02714	0.01563	0.02056	0.01316	0.00740	0.00822	0.00247	0.00987	0.00740	0.00411	0.01316
33	0.03205	0.02424	0.02424	0.01896	0.02532	0.09728	0.01548	0.50633	0.03588	0.10620	0.02036	0.02017	0.01435	0.00984	0.00822	0.00246	0.00960	0.00732	0.00804	0.01362
34	0.01031	0.00731	0.00958	0.01133	0.01177	0.00687	0.00746	0.01162	0.01554	0.02073	0.04394	0.64155	0.05261	0.09028	0.01359	0.00381	0.00512	0.02253	0.00746	0.00659
35	0.01081	0.00824	0.00967	0.00971	0.01159	0.00738	0.00697	0.01330	0.01957	0.02576	0.28689	0.16237	0.28986	0.08497	0.01298	0.00331	0.00455	0.01697	0.00800	0.00710
36	0.01109	0.00847	0.01018	0.00975	0.01200	0.00756	0.00732	0.01439	0.02195	0.02959	0.45727	0.06819	0.27528	0.01837	0.00981	0.00268	0.00402	0.01588	0.00865	0.00756
37	0.03108	0.03806	0.02367	0.02119	0.02569	0.61356	0.01603	0.08926	0.02500	0.02335	0.01351	0.01545	0.01102	0.00869	0.00757	0.00217	0.01443	0.00555	0.00466	0.01005
38	0.02059	0.02017	0.03251	0.10532	0.57655	0.04807	0.02487	0.02546	0.01892	0.02633	0.01543	0.02046	0.01287	0.00753	0.00820	0.00248	0.01020	0.00731	0.00408	0.01266
39	0.01989	0.01905	0.03251	0.13880	0.57366	0.01956	0.02516	0.02491	0.01860	0.02633	0.01551	0.02078	0.01287	0.00753	0.00824	0.00251	0.01004	0.00740	0.00405	0.01262
40	0.01723	0.01477	0.01723	0.01230	0.01969	0.01107	0.00984	0.02092	0.01723	0.02707	0.01477	0.01723	0.01230	0.00615	0.00615	0.00123	0.00615	0.00492	0.00492	0.75883
41	0.01012	0.00723	0.00964	0.01157	0.01205	0.00675	0.00771	0.01157	0.01591	0.02121	0.04579	0.70262	0.05495	0.02603	0.01060	0.00337	0.00482	0.02362	0.00771	0.00675
42	0.01012	0.00723	0.00964	0.01157	0.01205	0.00675	0.00771	0.01157	0.01591	0.02121	0.04579	0.70262	0.05495	0.02603	0.01060	0.00337	0.00482	0.02362	0.00771	0.00675
43	0.01044	0.00826	0.00940	0.00950	0.01170	0.00722	0.00698	0.01298	0.01983	0.02548	0.24672	0.17031	0.39052	0.02060	0.00993	0.00284	0.00422	0.01772	0.00814	0.00722
44	0.01189	0.00882	0.01295	0.01295	0.01429	0.01016	0.00988	0.01458	0.01323	0.01899	0.02262	0.03468	0.02166	0.12314	0.61550	0.01285	0.02091	0.00920	0.00451	0.00719
45	0.08817	0.14186	0.50943	0.02104	0.03187	0.02129	0.02616	0.02591	0.01712	0.02632	0.01409	0.01652	0.01040	0.00776	0.00725	0.00250	0.01121	0.00573	0.00367	0.01172
46	0.03062	0.07117	0.02448	0.02106	0.02548	0.64460	0.01597	0.03278	0.02323	0.02029	0.01278	0.01490	0.01070	0.00849	0.00739	0.00212	0.01470	0.00531	0.00425	0.00968
47	0.02562	0.02972	0.02924	0.03415	0.28065	0.34613	0.05640	0.02917	0.02102	0.02344	0.01412	0.01780	0.01181	0.00824	0.00870	0.00237	0.03958	0.00652	0.00418	0.01113
48	0.01197	0.00850	0.01130	0.01130	0.01208	0.00927	0.00783	0.01352	0.01274	0.01777	0.02413	0.04302	0.02528	0.37085	0.37274	0.01082	0.01547	0.01042	0.00473	0.00628
49	0.01132	0.00844	0.01027	0.00984	0.01183	0.00766	0.00722	0.01445	0.02141	0.02918	0.45961	0.06572	0.21344	0.07829	0.01264	0.00313	0.00435	0.01538	0.00844	0.00739
50	0.03158	0.02327	0.02493	0.01911	0.02576	0.02576	0.01579	0.62852	0.03906	0.05236	0.01995	0.01995	0.01413	0.00997	0.00831	0.00249	0.00914	0.00748	0.00831	0.01413
51	0.03158	0.02327	0.02493	0.01911	0.02576	0.02576	0.01579	0.62852	0.03906	0.05236	0.01995	0.01995	0.01413	0.00997	0.00831	0.00249	0.00914	0.00748	0.00831	0.01413
52	0.02066	0.01785	0.01878	0.01691	0.02160	0.02066	0.01315	0.04414	0.64121	0.03475	0.03381	0.03099	0.02536	0.01127	0.00845	0.00282	0.00657	0.00939	0.00845	0.01315
53	0.02304	0.02444	0.03131	0.04398	0.50686	0.17489	0.02326	0.02731	0.02001	0.02553	0.01497	0.01924	0.01258	0.00768	0.00805	0.00239	0.01108	0.00692	0.00415	0.01232
54	0.03727	0.01414	0.01928	0.01478	0.02121	0.01221	0.01221	0.04049	0.02378	0.66198	0.03277	0.02828	0.02056	0.01028	0.00835	0.00257	0.00707	0.00835	0.01028	0.01414
55	0.00982	0.00842	0.00842	0.00842	0.01122	0.00701	0.00631	0.01192	0.01894	0.02244	0.08416	0.07995	0.65285	0.02104	0.00982	0.00281	0.00421	0.01753	0.00771	0.00701
56	0.01549	0.00774	0.00774	0.00774	0.00968	0.00774	0.00581	0.01936	0.01742	0.03097	0.02710	0.03097	0.02129	0.00968	0.00581	0.00194	0.00387	0.00774	0.75416	0.00774
57	0.01208	0.00805	0.00906	0.00906	0.00906	0.00805	0.00503	0.01208	0.01208	0.01611	0.02618	0.05436	0.03020	0.70804	0.04228	0.00805	0.00805	0.01208	0.00503	0.00503
58	0.01042	0.00736	0.00955	0.01118	0.01159	0.00695	0.00730	0.01165	0.01532	0.02042	0.04277	0.60280	0.05113	0.13105	0.01548	0.00409	0.00532	0.02184	0.00730	0.00648
59	0.01154	0.00783	0.00922	0.00975	0.00988	0.00769	0.00577	0.01194	0.01313	0.01751	0.03158	0.23294	0.03702	0.52017	0.03356	0.00676	0.00716	0.01526	0.00577	0.00551
60	0.01818	0.01818	0.02545	0.02181	0.02181	0.02545	0.01818	0.01999	0.01272	0.01999	0.01091	0.01818	0.01091	0.01454	0.02726	0.00364	0.69284	0.00727	0.00364	0.00909
61	0.01569	0.01477	0.02492	0.68808	0.05722	0.01846	0.02307	0.02123	0.01661	0.02123	0.01477	0.02215	0.01107	0.00831	0.00831	0.00277	0.01107	0.00738	0.00369	0.00923
62	0.01012	0.00723	0.00964	0.01157	0.01205	0.00675	0.00771	0.01157	0.01591	0.02121	0.04579	0.70262	0.05495	0.02603	0.01060	0.00337	0.00482	0.02362	0.00771	0.00675
63	0.01617	0.01478	0.02462	0.51826	0.14041	0.01760	0.02177	0.02137	0.01680	0.02249	0.01599	0.02300	0.01250	0.01147	0.04802	0.00331	0.01119	0.00750	0.04313	0.00962
64	0.03103	0.03959	0.02354	0.02140	0.02568	0.67469	0.01605	0.03317	0.02354	0.02033	0.01284	0.01498	0.01070	0.00856	0.00749	0.00214	0.01498	0.00535	0.00428	0.00963
65	0.02205	0.02592	0.24145	0.03298	0.29625	0.01759	0.02386	0.02819	0.01960	0.14903	0.04851	0.02297	0.01676	0.00857	0.00821	0.00255	0.00986	0.00752	0.00533	0.01280
66	0.27134	0.02810	0.17340	0.01784	0.02497	0.12156	0.01714	0.19319	0.02328	0.03622	0.01488	0.01647	0.01104	0.00851	0.00704	0.00250	0.00989	0.00585	0.00549	0.01130

[dist]
# distance from previous block
# <min> <max>
0	5

[block]
# block no. 2 follows, 22 sequences, length 56
# corresponding to MSA columns:
# 88-143
name=unknown_C
#
# <colnr> <probs for GDERKNQSTAVLIFYWHMCP>
#	G	D	E	R	K	N	Q	S	T	A	V	L	I	F	Y	W	H	M	C	P
0	0.01922	0.01833	0.03075	0.09263	0.55359	0.01847	0.02354	0.02393	0.01875	0.02628	0.02192	0.02618	0.07229	0.00873	0.00838	0.00252	0.00943	0.00834	0.00442	0.01231
1	0.07784	0.01418	0.01492	0.01247	0.01677	0.01483	0.00994	0.19441	0.05100	0.03668	0.02241	0.02487	0.01735	0.01175	0.03853	0.00264	0.00685	0.00720	0.32231	0.10306
2	0.01139	0.00795	0.01004	0.01087	0.01156	0.00765	0.00734	0.01297	0.01616	0.02182	0.14038	0.31255	0.04961	0.26071	0.02154	0.00491	0.00606	0.07305	0.00702	0.00642
3	0.02221	0.71304	0.04353	0.01421	0.02132	0.03287	0.01421	0.02488	0.01688	0.01955	0.01155	0.01333	0.01066	0.00711	0.00533	0.00178	0.00888	0.00444	0.00355	0.01066
4	0.02082	0.38055	0.26993	0.01988	0.05628	0.05501	0.02093	0.04763	0.01831	0.02360	0.01333	0.01552	0.01085	0.00758	0.00661	0.00216	0.01045	0.00535	0.00377	0.01145
5	0.02277	0.02392	0.03158	0.04476	0.52344	0.15766	0.02351	0.02711	0.01989	0.02571	0.01504	0.01939	0.01264	0.00765	0.00807	0.00240	0.01095	0.00697	0.00415	0.01242
6	0.01008	0.00738	0.00948	0.01116	0.01194	0.00678	0.00753	0.01161	0.01629	0.02136	0.05069	0.62310	0.13131	0.02539	0.01050	0.00330	0.00474	0.02284	0.00771	0.00678
7	0.01918	0.01682	0.02542	0.43158	0.04504	0.02016	0.04823	0.14891	0.02101	0.02783	0.01609	0.02200	0.01232	0.01208	0.04719	0.00337	0.06021	0.00759	0.00473	0.01024
8	0.01391	0.01011	0.01315	0.01368	0.01546	0.01053	0.01048	0.09222	0.01899	0.02554	0.03716	0.34819	0.04106	0.03098	0.15043	0.00546	0.00963	0.13794	0.00709	0.00802
9	0.01187	0.00890	0.01335	0.01335	0.01483	0.01038	0.01038	0.01483	0.01335	0.01928	0.02225	0.03264	0.02077	0.06231	0.67512	0.01335	0.02225	0.00890	0.00445	0.00742
10	0.01117	0.00798	0.01084	0.01277	0.01371	0.00765	0.00953	0.01338	0.01694	0.02238	0.04521	0.50719	0.05266	0.02504	0.01088	0.00352	0.00573	0.20870	0.00769	0.00704
11	0.18189	0.01833	0.01884	0.01593	0.02134	0.02055	0.01278	0.17157	0.31166	0.10178	0.02589	0.02454	0.01890	0.01013	0.00771	0.00267	0.00717	0.00783	0.00791	0.01259
12	0.01443	0.00722	0.01082	0.01082	0.01082	0.00722	0.00722	0.01082	0.01082	0.01443	0.01443	0.02525	0.01443	0.02886	0.03247	0.75830	0.00722	0.00722	0.00361	0.00361
13	0.01060	0.00819	0.00967	0.00983	0.01183	0.00726	0.00717	0.01323	0.01999	0.02619	0.28543	0.20447	0.31509	0.02059	0.00998	0.00285	0.00423	0.01789	0.00824	0.00726
14	0.01666	0.04297	0.66500	0.02368	0.03596	0.01929	0.03069	0.02631	0.01754	0.02631	0.01491	0.01754	0.01052	0.00789	0.00789	0.00263	0.01228	0.00614	0.00351	0.01228
15	0.01443	0.00722	0.01082	0.01082	0.01082	0.00722	0.00722	0.01082	0.01082	0.01443	0.01443	0.02525	0.01443	0.02886	0.03247	0.75830	0.00722	0.00722	0.00361	0.00361
16	0.03158	0.02327	0.02493	0.01911	0.02576	0.02576	0.01579	0.62852	0.03906	0.05236	0.01995	0.01995	0.01413	0.00997	0.00831	0.00249	0.00914	0.00748	0.00831	0.01413
17	0.02089	0.55347	0.19153	0.01647	0.02481	0.02964	0.01814	0.02522	0.01704	0.02116	0.01235	0.01433	0.01063	0.00729	0.00594	0.00198	0.00969	0.00485	0.00354	0.01105
18	0.01026	0.00769	0.00957	0.01090	0.01209	0.00699	0.00763	0.01209	0.01713	0.02219	0.08068	0.49145	0.20574	0.02425	0.01041	0.00322	0.00476	0.04827	0.00777	0.00690
19	0.01021	0.00727	0.00961	0.01146	0.01192	0.00680	0.00759	0.01159	0.01574	0.02098	0.04493	0.67435	0.05387	0.05577	0.01199	0.00358	0.00496	0.02311	0.00759	0.00667
20	0.01666	0.04297	0.66500	0.02368	0.03596	0.01929	0.03069	0.02631	0.01754	0.02631	0.01491	0.01754	0.01052	0.00789	0.00789	0.00263	0.01228	0.00614	0.00351	0.01228
21	0.02010	0.01927	0.03288	0.11162	0.59922	0.01962	0.02526	0.02509	0.01870	0.02658	0.01554	0.02071	0.01296	0.00749	0.00823	0.00250	0.00998	0.00740	0.00407	0.01278
22	0.02214	0.02486	0.02393	0.02106	0.02264	0.24722	0.01689	0.02415	0.01648	0.02006	0.01238	0.01811	0.01154	0.01591	0.06683	0.00382	0.41219	0.00673	0.00391	0.00915
23	0.01014	0.00843	0.00886	0.00876	0.01142	0.00715	0.00657	0.01255	0.01970	0.02425	0.17879	0.07697	0.55708	0.02036	0.00981	0.00277	0.00416	0.01711	0.00795	0.00715
24	0.01666	0.04297	0.66500	0.02368	0.03596	0.01929	0.03069	0.02631	0.01754	0.02631	0.01491	0.01754	0.01052	0.00789	0.00789	0.00263	0.01228	0.00614	0.00351	0.01228
25	0.01485	0.01024	0.01445	0.11839	0.02065	0.01049	0.01106	0.01856	0.02105	0.08915	0.38938	0.13260	0.05657	0.01603	0.01023	0.00277	0.03300	0.01397	0.00799	0.00857
26	0.01012	0.00723	0.00964	0.01157	0.01205	0.00675	0.00771	0.01157	0.01591	0.02121	0.04579	0.70262	0.05495	0.02603	0.01060	0.00337	0.00482	0.02362	0.00771	0.00675
27	0.03103	0.03959	0.02354	0.02140	0.02568	0.67469	0.01605	0.03317	0.02354	0.02033	0.01284	0.01498	0.01070	0.00856	0.00749	0.00214	0.01498	0.00535	0.00428	0.00963
28	0.02011	0.01928	0.03290	0.11003	0.60071	0.01962	0.02527	0.02510	0.01870	0.02659	0.01555	0.02071	0.01297	0.00749	0.00823	0.00250	0.00998	0.00740	0.00407	0.01279
29	0.02109	0.02074	0.03321	0.04950	0.62449	0.05270	0.02502	0.02588	0.01915	0.02680	0.01549	0.02028	0.01304	0.00746	0.00819	0.00245	0.01013	0.00730	0.00412	0.01298
30	0.02382	0.02558	0.02934	0.10106	0.37629	0.22324	0.02191	0.05345	0.02100	0.02555	0.01487	0.01895	0.01224	0.00796	0.00801	0.00240	0.01154	0.00677	0.00431	0.01173
31	0.00982	0.00842	0.00842	0.00842	0.01122	0.00701	0.00631	0.01192	0.01894	0.02244	0.08416	0.07995	0.65285	0.02104	0.00982	0.00281	0.00421	0.01753	0.00771	0.00701
32	0.00982	0.00842	0.00842	0.00842	0.01122	0.00701	0.00631	0.01192	0.01894	0.02244	0.08416	0.07995	0.65285	0.02104	0.00982	0.00281	0.00421	0.01753	0.00771	0.00701
33	0.08960	0.22934	0.42765	0.01980	0.02994	0.02306	0.02398	0.02573	0.01703	0.02545	0.01364	0.01597	0.01042	0.00765	0.00691	0.00238	0.01076	0.00550	0.00368	0.01151
34	0.03158	0.02327	0.02493	0.01911	0.02576	0.02576	0.01579	0.62852	0.03906	0.05236	0.01995	0.01995	0.01413	0.00997	0.00831	0.00249	0.00914	0.00748	0.00831	0.01413
35	0.01012	0.00723	0.00964	0.01157	0.01205	0.00675	0.00771	0.01157	0.01591	0.02121	0.04579	0.70262	0.05495	0.02603	0.01060	0.00337	0.00482	0.02362	0.00771	0.00675
36	0.02221	0.71304	0.04353	0.01421	0.02132	0.03287	0.01421	0.02488	0.01688	0.01955	0.01155	0.01333	0.01066	0.00711	0.00533	0.00178	0.00888	0.00444	0.00355	0.01066
37	0.01544	0.03596	0.53546	0.02123	0.03124	0.01686	0.02615	0.02357	0.01755	0.02583	0.04738	0.12516	0.02033	0.01109	0.00839	0.00274	0.01076	0.00922	0.00440	0.01123
38	0.01012	0.00723	0.00964	0.01157	0.01205	0.00675	0.00771	0.01157	0.01591	0.02121	0.04579	0.70262	0.05495	0.02603	0.01060	0.00337	0.00482	0.02362	0.00771	0.00675
39	0.01719	0.10673	0.60586	0.02278	0.03456	0.02059	0.02913	0.02617	0.01748	0.02567	0.01459	0.01714	0.01054	0.00782	0.00765	0.00255	0.01195	0.00598	0.00351	0.01212
40	0.02625	0.02013	0.02049	0.01712	0.02192	0.08179	0.01351	0.37788	0.03068	0.07542	0.02673	0.19805	0.02481	0.01404	0.00883	0.00269	0.00845	0.01154	0.00788	0.01177
41	0.01187	0.00890	0.01335	0.01335	0.01483	0.01038	0.01038	0.01483	0.01335	0.01928	0.02225	0.03264	0.02077	0.06231	0.67512	0.01335	0.02225	0.00890	0.00445	0.00742
42	0.01012	0.00723	0.00964	0.01157	0.01205	0.00675	0.00771	0.01157	0.01591	0.02121	0.04579	0.70262	0.05495	0.02603	0.01060	0.00337	0.00482	0.02362	0.00771	0.00675
43	0.02648	0.02517	0.02785	0.03232	0.27893	0.16610	0.01962	0.22554	0.05784	0.03428	0.01734	0.01965	0.01355	0.00869	0.00810	0.00242	0.01059	0.00708	0.00574	0.01270
44	0.01750	0.14437	0.57096	0.02225	0.03374	0.02135	0.02820	0.02609	0.01744	0.02529	0.01440	0.01690	0.01054	0.00777	0.00750	0.00250	0.01176	0.00588	0.00351	0.01203
45	0.02981	0.03756	0.02372	0.02144	0.02531	0.61291	0.01625	0.03192	0.02251	0.02030	0.01266	0.01529	0.01072	0.00913	0.00937	0.00228	0.07949	0.00553	0.00422	0.00958
46	0.02052	0.02125	0.03191	0.10116	0.35700	0.09690	0.11724	0.02530	0.01924	0.02548	0.01821	0.02260	0.03927	0.00805	0.00832	0.00244	0.01076	0.00779	0.00431	0.06225
47	0.02968	0.06427	0.02463	0.02039	0.02514	0.44100	0.01588	0.16535	0.05379	0.02806	0.01521	0.01688	0.01213	0.00922	0.00856	0.00230	0.04533	0.00606	0.00530	0.01081
48	0.02021	0.01938	0.03309	0.09657	0.61336	0.01965	0.02532	0.02519	0.01875	0.02672	0.01556	0.02067	0.01301	0.00747	0.00823	0.00249	0.00996	0.00740	0.00408	0.01288
49	0.02709	0.06932	0.10416	0.02623	0.13497	0.40406	0.01934	0.07320	0.02279	0.02448	0.01401	0.01652	0.01134	0.00831	0.00762	0.00226	0.01305	0.00590	0.00441	0.01093
50	0.01387	0.01051	0.01425	0.01789	0.14534	0.01051	0.00934	0.01491	0.01352	0.01843	0.02395	0.04725	0.02661	0.56050	0.03511	0.00688	0.00844	0.01110	0.00484	0.00674
51	0.01121	0.00976	0.00965	0.00956	0.01222	0.03550	0.00722	0.01349	0.01836	0.02231	0.07093	0.06918	0.51935	0.02527	0.09389	0.00408	0.00693	0.01552	0.03839	0.00720
52	0.01477	0.00781	0.00802	0.00802	0.00955	0.00781	0.00564	0.01783	0.01630	0.02784	0.02691	0.03590	0.02317	0.15674	0.01349	0.00322	0.00475	0.00866	0.59641	0.00717
53	0.02413	0.15605	0.02456	0.01569	0.02144	0.02275	0.01324	0.32514	0.08623	0.03794	0.03309	0.03230	0.14899	0.01186	0.00805	0.00245	0.00781	0.00917	0.00726	0.01185
54	0.09394	0.05682	0.09538	0.02133	0.08434	0.17746	0.01687	0.19669	0.05977	0.03349	0.01815	0.04272	0.01458	0.00945	0.00761	0.00242	0.01016	0.00709	0.04023	0.01152
55	0.15938	0.07533	0.11279	0.01905	0.05896	0.16606	0.01612	0.10631	0.02231	0.10748	0.06521	0.02113	0.01732	0.00918	0.00740	0.00241	0.00978	0.00674	0.00589	0.01115

[dist]
# distance from previous block
# <min> <max>
0	18

[block]
# block no. 3 follows, 22 sequences, length 319
# corresponding to MSA columns:
# 162-480
name=unknown_D
#
# <colnr> <probs for GDERKNQSTAVLIFYWHMCP>
#	G	D	E	R	K	N	Q	S	T	A	V	L	I	F	Y	W	H	M	C	P
0	0.27806	0.24065	0.08503	0.01514	0.02145	0.10619	0.01406	0.07654	0.01898	0.02967	0.03849	0.01650	0.01310	0.00821	0.00621	0.00227	0.00895	0.00542	0.00481	0.01029
1	0.02173	0.09606	0.22350	0.02148	0.06597	0.22232	0.01972	0.02919	0.10029	0.02461	0.02303	0.02422	0.07368	0.00968	0.00781	0.00243	0.01114	0.00732	0.00483	0.01098
2	0.02479	0.24397	0.02638	0.01594	0.02072	0.28597	0.01316	0.06101	0.02094	0.02428	0.01603	0.01833	0.01326	0.00843	0.00648	0.00200	0.01024	0.00572	0.17258	0.00979
3	0.18763	0.01878	0.02968	0.03885	0.42163	0.01921	0.08490	0.02503	0.01793	0.02927	0.01600	0.02215	0.01358	0.00806	0.00783	0.00258	0.00944	0.03115	0.00450	0.01179
4	0.01071	0.00837	0.00991	0.01067	0.01264	0.00738	0.00783	0.01280	0.01759	0.02242	0.06015	0.34039	0.30384	0.02257	0.01013	0.00307	0.00493	0.08116	0.00756	0.04586
5	0.02515	0.02008	0.02131	0.01781	0.02331	0.02276	0.01424	0.28450	0.39355	0.04199	0.02811	0.02645	0.02074	0.01074	0.00839	0.00268	0.00763	0.00861	0.00839	0.01355
6	0.01012	0.00723	0.00964	0.01157	0.01205	0.00675	0.00771	0.01157	0.01591	0.02121	0.04579	0.70262	0.05495	0.02603	0.01060	0.00337	0.00482	0.02362	0.00771	0.00675
7	0.03727	0.01414	0.01928	0.01478	0.02121	0.01221	0.01221	0.04049	0.02378	0.66198	0.03277	0.02828	0.02056	0.01028	0.00835	0.00257	0.00707	0.00835	0.01028	0.01414
8	0.02221	0.71304	0.04353	0.01421	0.02132	0.03287	0.01421	0.02488	0.01688	0.01955	0.01155	0.01333	0.01066	0.00711	0.00533	0.00178	0.00888	0.00444	0.00355	0.01066
9	0.01018	0.00843	0.00891	0.00879	0.01144	0.00717	0.00659	0.01262	0.01978	0.02445	0.18899	0.07664	0.54677	0.02029	0.00981	0.00277	0.00415	0.01707	0.00798	0.00717
10	0.01203	0.00824	0.01002	0.01002	0.01036	0.00858	0.00623	0.01270	0.01237	0.01682	0.02529	0.04949	0.02809	0.56312	0.18431	0.00924	0.01124	0.01137	0.00490	0.00557
11	0.01176	0.00849	0.01110	0.01045	0.01241	0.00784	0.00784	0.01568	0.02352	0.03331	0.65184	0.06206	0.07839	0.01698	0.00980	0.00261	0.00392	0.01502	0.00914	0.00784
12	0.01187	0.00890	0.01335	0.01335	0.01483	0.01038	0.01038	0.01483	0.01335	0.01928	0.02225	0.03264	0.02077	0.06231	0.67512	0.01335	0.02225	0.00890	0.00445	0.00742
13	0.01971	0.01664	0.01747	0.01557	0.02011	0.01866	0.01215	0.09248	0.47254	0.03415	0.04166	0.03885	0.13811	0.01292	0.00869	0.00279	0.00638	0.01069	0.00831	0.01213
14	0.03158	0.02327	0.02493	0.01911	0.02576	0.02576	0.01579	0.62852	0.03906	0.05236	0.01995	0.01995	0.01413	0.00997	0.00831	0.00249	0.00914	0.00748	0.00831	0.01413
15	0.01012	0.00723	0.00964	0.01157	0.01205	0.00675	0.00771	0.01157	0.01591	0.02121	0.04579	0.70262	0.05495	0.02603	0.01060	0.00337	0.00482	0.02362	0.00771	0.00675
16	0.01992	0.01855	0.02836	0.03971	0.45538	0.01918	0.02117	0.02936	0.17634	0.02877	0.02451	0.02691	0.05622	0.00923	0.00838	0.00258	0.00868	0.00854	0.00544	0.01277
17	0.01676	0.01609	0.02273	0.01991	0.02024	0.02207	0.01643	0.01884	0.01286	0.01983	0.01345	0.02142	0.01312	0.02526	0.17266	0.00582	0.54234	0.00764	0.00382	0.00871
18	0.02501	0.01693	0.01792	0.01447	0.01920	0.01841	0.01172	0.37988	0.03023	0.04363	0.02287	0.02445	0.01705	0.00985	0.00729	0.00227	0.00699	0.00759	0.31274	0.01152
19	0.02792	0.03321	0.02038	0.01866	0.02247	0.54101	0.01400	0.03040	0.02232	0.02246	0.01570	0.01819	0.01282	0.00878	0.00715	0.00210	0.01275	0.00583	0.15459	0.00925
20	0.00982	0.00842	0.00842	0.00842	0.01122	0.00701	0.00631	0.01192	0.01894	0.02244	0.08416	0.07995	0.65285	0.02104	0.00982	0.00281	0.00421	0.01753	0.00771	0.00701
21	0.01646	0.03358	0.44444	0.02047	0.02926	0.05402	0.02400	0.02394	0.01894	0.02717	0.15750	0.02742	0.02579	0.01036	0.00944	0.00266	0.05062	0.00816	0.00482	0.01094
22	0.01011	0.00843	0.00882	0.00872	0.01140	0.00714	0.00654	0.01248	0.01962	0.02407	0.16913	0.07727	0.56687	0.02043	0.00982	0.00278	0.00416	0.01716	0.00793	0.00714
23	0.01549	0.00774	0.00774	0.00774	0.00968	0.00774	0.00581	0.01936	0.01742	0.03097	0.02710	0.03097	0.02129	0.00968	0.00581	0.00194	0.00387	0.00774	0.75416	0.00774
24	0.05329	0.02301	0.02884	0.15902	0.32178	0.16613	0.04767	0.02623	0.01928	0.02491	0.01468	0.01924	0.01198	0.00777	0.00792	0.00242	0.01111	0.00681	0.00415	0.04374
25	0.01666	0.04297	0.66500	0.02368	0.03596	0.01929	0.03069	0.02631	0.01754	0.02631	0.01491	0.01754	0.01052	0.00789	0.00789	0.00263	0.01228	0.00614	0.00351	0.01228
26	0.03158	0.02327	0.02493	0.01911	0.02576	0.02576	0.01579	0.62852	0.03906	0.05236	0.01995	0.01995	0.01413	0.00997	0.00831	0.00249	0.00914	0.00748	0.00831	0.01413
27	0.01443	0.00722	0.01082	0.01082	0.01082	0.00722	0.00722	0.01082	0.01082	0.01443	0.01443	0.02525	0.01443	0.02886	0.03247	0.75830	0.00722	0.00722	0.00361	0.00361
28	0.01736	0.01345	0.04096	0.01295	0.01665	0.01245	0.01061	0.15441	0.02638	0.06388	0.40793	0.05086	0.10832	0.01510	0.00933	0.00260	0.00559	0.01289	0.00865	0.00964
29	0.02112	0.02316	0.02420	0.02118	0.02238	0.19309	0.01714	0.02309	0.01557	0.02004	0.01212	0.01825	0.01147	0.01597	0.06261	0.00385	0.47491	0.00687	0.00385	0.00912
30	0.00982	0.00842	0.00842	0.00842	0.01122	0.00701	0.00631	0.01192	0.01894	0.02244	0.08416	0.07995	0.65285	0.02104	0.00982	0.00281	0.00421	0.01753	0.00771	0.00701
31	0.03131	0.03120	0.02426	0.02023	0.02572	0.34091	0.01592	0.33939	0.03152	0.03680	0.01650	0.01753	0.01246	0.00929	0.00791	0.00232	0.01198	0.00645	0.00635	0.01194
32	0.02463	0.03648	0.27414	0.02368	0.05613	0.25146	0.04860	0.13440	0.02358	0.02882	0.01518	0.01739	0.01142	0.00843	0.00792	0.00243	0.01266	0.00631	0.00468	0.01166
33	0.01187	0.00890	0.01335	0.01335	0.01483	0.01038	0.01038	0.01483	0.01335	0.01928	0.02225	0.03264	0.02077	0.06231	0.67512	0.01335	0.02225	0.00890	0.00445	0.00742
34	0.01016	0.00843	0.00889	0.00877	0.01143	0.00716	0.00658	0.01258	0.01974	0.02435	0.18379	0.07681	0.55203	0.02033	0.00981	0.00277	0.00416	0.01709	0.00797	0.00716
35	0.01743	0.07199	0.53110	0.02513	0.03650	0.02024	0.13019	0.02629	0.01786	0.02603	0.01507	0.01816	0.01088	0.00770	0.00809	0.00262	0.01240	0.00667	0.00363	0.01202
36	0.01947	0.01862	0.03174	0.19397	0.52179	0.01945	0.02495	0.02454	0.01840	0.02581	0.01543	0.02092	0.01269	0.00760	0.00824	0.00253	0.01014	0.00740	0.00402	0.01228
37	0.00983	0.00835	0.00848	0.00858	0.01126	0.00700	0.00638	0.01190	0.01878	0.02238	0.08217	0.11216	0.62192	0.02130	0.00986	0.00283	0.00424	0.01785	0.00771	0.00700
38	0.03040	0.03855	0.02364	0.02142	0.02549	0.64293	0.01616	0.03253	0.02301	0.02032	0.01275	0.01514	0.01071	0.00885	0.00846	0.00221	0.04815	0.00544	0.00425	0.00960
39	0.02615	0.03261	0.05858	0.02961	0.14190	0.39286	0.14615	0.03014	0.02163	0.02312	0.01426	0.01764	0.01153	0.00800	0.00812	0.00236	0.01375	0.00668	0.00420	0.01070
40	0.01019	0.00728	0.00970	0.01152	0.01207	0.00679	0.00772	0.01175	0.01624	0.02173	0.07210	0.67481	0.05596	0.02563	0.01057	0.00334	0.00478	0.02324	0.00777	0.00679
41	0.01789	0.07904	0.46101	0.02592	0.06559	0.02052	0.12625	0.02715	0.05017	0.02641	0.01602	0.01892	0.01177	0.00785	0.00809	0.00261	0.01194	0.00686	0.00391	0.01209
42	0.01950	0.44290	0.22256	0.01690	0.02493	0.02654	0.01864	0.02424	0.01670	0.02150	0.01365	0.01658	0.01168	0.01312	0.07619	0.00324	0.01128	0.00541	0.00363	0.01080
43	0.01105	0.00846	0.01012	0.00970	0.01197	0.00754	0.00728	0.01430	0.02183	0.02932	0.44327	0.06863	0.28944	0.01847	0.00981	0.00268	0.00403	0.01595	0.00862	0.00754
44	0.01961	0.02241	0.04902	0.03501	0.04342	0.02101	0.62605	0.02661	0.01961	0.02661	0.01681	0.02241	0.01261	0.00700	0.00980	0.00280	0.01401	0.00980	0.00420	0.01120
45	0.02174	0.02250	0.03047	0.04337	0.50924	0.13223	0.02273	0.02602	0.01972	0.02569	0.01918	0.02309	0.05039	0.00841	0.00819	0.00243	0.01042	0.00764	0.00435	0.01219
46	0.01104	0.00846	0.01011	0.00970	0.01197	0.00753	0.00728	0.01429	0.02183	0.02931	0.44282	0.06864	0.28990	0.01848	0.00981	0.00268	0.00403	0.01595	0.00862	0.00753
47	0.01008	0.00812	0.00898	0.00941	0.01154	0.00702	0.00681	0.01219	0.01860	0.02316	0.12837	0.23576	0.44704	0.02192	0.01002	0.00293	0.00434	0.01883	0.00785	0.00702
48	0.01896	0.02421	0.17409	0.13983	0.42772	0.01945	0.02630	0.02504	0.01826	0.02607	0.01534	0.02012	0.01226	0.00765	0.00816	0.00255	0.01059	0.00712	0.00391	0.01238
49	0.09502	0.20191	0.02692	0.01872	0.04863	0.27746	0.01463	0.03224	0.13099	0.05410	0.01717	0.01812	0.01370	0.00863	0.00697	0.00224	0.01057	0.00599	0.00519	0.01081
50	0.01176	0.00849	0.01110	0.01045	0.01241	0.00784	0.00784	0.01568	0.02352	0.03331	0.65184	0.06206	0.07839	0.01698	0.00980	0.00261	0.00392	0.01502	0.00914	0.00784
51	0.01741	0.06892	0.53937	0.02576	0.06315	0.02010	0.09835	0.02625	0.01781	0.02608	0.01501	0.01805	0.01088	0.00773	0.00802	0.00261	0.01222	0.00654	0.00362	0.01212
52	0.01997	0.02786	0.20428	0.06187	0.25445	0.09556	0.02421	0.02526	0.01767	0.02438	0.01409	0.01866	0.01159	0.00920	0.01204	0.00273	0.15404	0.00679	0.00385	0.01149
53	0.01027	0.00837	0.00909	0.00905	0.01153	0.00718	0.00673	0.01274	0.01979	0.02481	0.20940	0.11103	0.49022	0.02041	0.00986	0.00279	0.00418	0.01731	0.00804	0.00718
54	0.01328	0.01098	0.01607	0.01525	0.01640	0.01376	0.01213	0.01599	0.01321	0.01944	0.01971	0.02939	0.01855	0.05159	0.52972	0.01117	0.17275	0.00853	0.00427	0.00779
55	0.01980	0.01897	0.03235	0.14987	0.56325	0.01954	0.02512	0.02483	0.01856	0.02622	0.01549	0.02081	0.01284	0.00754	0.00824	0.00251	0.01006	0.00740	0.00405	0.01255
56	0.01153	0.00831	0.01140	0.01184	0.01271	0.00896	0.00840	0.01339	0.01359	0.01889	0.02855	0.18865	0.03089	0.22184	0.36165	0.00974	0.01465	0.01303	0.00533	0.00665
57	0.02056	0.01974	0.03372	0.05099	0.65622	0.01974	0.02550	0.02550	0.01892	0.02714	0.01563	0.02056	0.01316	0.00740	0.00822	0.00247	0.00987	0.00740	0.00411	0.01316
58	0.03023	0.03825	0.02366	0.02143	0.02544	0.63412	0.01618	0.03235	0.02287	0.02031	0.01272	0.01518	0.01071	0.00893	0.00873	0.00223	0.05734	0.00547	0.00424	0.00960
59	0.00999	0.00847	0.00866	0.00875	0.01151	0.00714	0.00665	0.01218	0.01894	0.02256	0.08221	0.08062	0.62352	0.02113	0.00990	0.00285	0.00437	0.04578	0.00771	0.00704
60	0.01187	0.00890	0.01335	0.01335	0.01483	0.01038	0.01038	0.01483	0.01335	0.01928	0.02225	0.03264	0.02077	0.06231	0.67512	0.01335	0.02225	0.00890	0.00445	0.00742
61	0.03138	0.02926	0.02442	0.01995	0.02573	0.26404	0.01589	0.40992	0.03336	0.04060	0.01734	0.01812	0.01287	0.00945	0.00801	0.00236	0.01129	0.00670	0.00683	0.01248
62	0.01043	0.00755	0.00986	0.01116	0.01207	0.00698	0.00765	0.01241	0.01761	0.02371	0.16952	0.53757	0.09484	0.02392	0.01040	0.00319	0.00460	0.02154	0.00800	0.00698
63	0.01207	0.00811	0.00933	0.00933	0.00942	0.00820	0.00537	0.01225	0.01216	0.01631	0.02593	0.05301	0.02961	0.66769	0.08183	0.00838	0.00894	0.01188	0.00500	0.00518
64	0.01004	0.00842	0.00873	0.00865	0.01136	0.00711	0.00649	0.01235	0.01946	0.02369	0.14957	0.07789	0.58666	0.02057	0.00982	0.00278	0.00417	0.01724	0.00788	0.00711
65	0.03158	0.02327	0.02493	0.01911	0.02576	0.02576	0.01579	0.62852	0.03906	0.05236	0.01995	0.01995	0.01413	0.00997	0.00831	0.00249	0.00914	0.00748	0.00831	0.01413
66	0.02056	0.01974	0.03372	0.05099	0.65622	0.01974	0.02550	0.02550	0.01892	0.02714	0.01563	0.02056	0.01316	0.00740	0.00822	0.00247	0.00987	0.00740	0.00411	0.01316
67	0.01064	0.00885	0.00939	0.00949	0.01216	0.00782	0.00720	0.01388	0.04766	0.02361	0.10509	0.11272	0.52653	0.02078	0.00990	0.00289	0.00454	0.05168	0.00781	0.00736
68	0.01718	0.01525	0.02072	0.01812	0.01865	0.02053	0.01491	0.01953	0.01382	0.02241	0.01525	0.02195	0.01385	0.01643	0.06293	0.00386	0.49631	0.00748	0.17213	0.00868
69	0.01819	0.21533	0.46781	0.02112	0.03136	0.02316	0.02572	0.02558	0.01710	0.02420	0.01381	0.01648	0.01058	0.00806	0.00832	0.00247	0.04975	0.00576	0.00353	0.01168
70	0.01891	0.01784	0.03013	0.10551	0.52646	0.01812	0.02322	0.02349	0.01836	0.02591	0.01902	0.09930	0.01778	0.00963	0.00851	0.00260	0.00940	0.00927	0.00449	0.01206
71	0.03002	0.11719	0.02585	0.02057	0.02518	0.60074	0.01584	0.03222	0.02277	0.02024	0.01269	0.01479	0.01070	0.00839	0.00724	0.00210	0.01428	0.00525	0.00420	0.00975
72	0.01052	0.00842	0.00944	0.00948	0.01189	0.00734	0.00715	0.01314	0.01994	0.02529	0.22560	0.11272	0.43883	0.02039	0.00995	0.00284	0.00435	0.04740	0.00808	0.00724
73	0.03103	0.03959	0.02354	0.02140	0.02568	0.67469	0.01605	0.03317	0.02354	0.02033	0.01284	0.01498	0.01070	0.00856	0.00749	0.00214	0.01498	0.00535	0.00428	0.00963
74	0.02229	0.18181	0.21616	0.02204	0.09907	0.02267	0.02003	0.15249	0.04976	0.06335	0.02137	0.02249	0.05292	0.00919	0.00761	0.00241	0.00956	0.00715	0.00542	0.01221
75	0.01368	0.01156	0.01682	0.01578	0.01684	0.01471	0.01262	0.01631	0.01317	0.01949	0.01900	0.02849	0.01794	0.04860	0.48924	0.01056	0.21466	0.00843	0.00422	0.00790
76	0.01044	0.00768	0.00979	0.01086	0.01201	0.00703	0.00754	0.01254	0.01805	0.02410	0.18735	0.46892	0.14657	0.02328	0.01031	0.00312	0.00453	0.02081	0.00803	0.00703
77	0.02056	0.01974	0.03372	0.05099	0.65622	0.01974	0.02550	0.02550	0.01892	0.02714	0.01563	0.02056	0.01316	0.00740	0.00822	0.00247	0.00987	0.00740	0.00411	0.01316
78	0.02627	0.03363	0.09100	0.03102	0.22682	0.40121	0.02051	0.03005	0.02147	0.02309	0.01393	0.01701	0.01146	0.00813	0.00776	0.00229	0.01309	0.00608	0.00415	0.01102
79	0.01765	0.16242	0.55421	0.02199	0.03335	0.02171	0.02776	0.02605	0.01742	0.02510	0.01431	0.01679	0.01055	0.00775	0.00744	0.00248	0.01167	0.00584	0.00352	0.01199
80	0.02264	0.02352	0.02792	0.07502	0.35224	0.16684	0.02076	0.03071	0.14455	0.02679	0.01860	0.02149	0.01493	0.00849	0.00811	0.00248	0.01043	0.00734	0.00500	0.01213
81	0.01208	0.00805	0.00906	0.00906	0.00906	0.00805	0.00503	0.01208	0.01208	0.01611	0.02618	0.05436	0.03020	0.70804	0.04228	0.00805	0.00805	0.01208	0.00503	0.00503
82	0.01187	0.00890	0.01335	0.01335	0.01483	0.01038	0.01038	0.01483	0.01335	0.01928	0.02225	0.03264	0.02077	0.06231	0.67512	0.01335	0.02225	0.00890	0.00445	0.00742
83	0.00992	0.00837	0.00859	0.00864	0.01131	0.00704	0.00644	0.01207	0.01900	0.02287	0.10741	0.10624	0.60163	0.02108	0.00985	0.00282	0.00422	0.01769	0.00778	0.00704
84	0.02066	0.01785	0.01878	0.01691	0.02160	0.02066	0.01315	0.04414	0.64121	0.03475	0.03381	0.03099	0.02536	0.01127	0.00845	0.00282	0.00657	0.00939	0.00845	0.01315
85	0.02066	0.01785	0.01878	0.01691	0.02160	0.02066	0.01315	0.04414	0.64121	0.03475	0.03381	0.03099	0.02536	0.01127	0.00845	0.00282	0.00657	0.00939	0.00845	0.01315
86	0.03727	0.01414	0.01928	0.01478	0.02121	0.01221	0.01221	0.04049	0.02378	0.66198	0.03277	0.02828	0.02056	0.01028	0.00835	0.00257	0.00707	0.00835	0.01028	0.01414
87	0.00982	0.00842	0.00842	0.00842	0.01122	0.00701	0.00631	0.01192	0.01894	0.02244	0.08416	0.07995	0.65285	0.02104	0.00982	0.00281	0.00421	0.01753	0.00771	0.00701
88	0.03106	0.03879	0.02361	0.02129	0.02569	0.64294	0.01604	0.06230	0.02430	0.02190	0.01319	0.01522	0.01087	0.00863	0.00753	0.00216	0.01470	0.00545	0.00448	0.00985
89	0.01187	0.00890	0.01335	0.01335	0.01483	0.01038	0.01038	0.01483	0.01335	0.01928	0.02225	0.03264	0.02077	0.06231	0.67512	0.01335	0.02225	0.00890	0.00445	0.00742
90	0.01176	0.00849	0.01110	0.01045	0.01241	0.00784	0.00784	0.01568	0.02352	0.03331	0.65184	0.06206	0.07839	0.01698	0.00980	0.00261	0.00392	0.01502	0.00914	0.00784
91	0.03103	0.03959	0.02354	0.02140	0.02568	0.67469	0.01605	0.03317	0.02354	0.02033	0.01284	0.01498	0.01070	0.00856	0.00749	0.00214	0.01498	0.00535	0.00428	0.00963
92	0.76672	0.01607	0.01221	0.01092	0.01607	0.01864	0.00900	0.02442	0.01414	0.03727	0.01157	0.01350	0.00900	0.00771	0.00514	0.00257	0.00643	0.00450	0.00514	0.00900
93	0.02134	0.60753	0.14139	0.01570	0.02363	0.03073	0.01681	0.02510	0.01698	0.02061	0.01208	0.01399	0.01064	0.00723	0.00573	0.00191	0.00942	0.00471	0.00355	0.01092
94	0.01723	0.01477	0.01723	0.01230	0.01969	0.01107	0.00984	0.02092	0.01723	0.02707	0.01477	0.01723	0.01230	0.00615	0.00615	0.00123	0.00615	0.00492	0.00492	0.75883
95	0.01818	0.01818	0.02545	0.02181	0.02181	0.02545	0.01818	0.01999	0.01272	0.01999	0.01091	0.01818	0.01091	0.01454	0.02726	0.00364	0.69284	0.00727	0.00364	0.00909
96	0.00982	0.00842	0.00842	0.00842	0.01122	0.00701	0.00631	0.01192	0.01894	0.02244	0.08416	0.07995	0.65285	0.02104	0.00982	0.00281	0.00421	0.01753	0.00771	0.00701
97	0.76672	0.01607	0.01221	0.01092	0.01607	0.01864	0.00900	0.02442	0.01414	0.03727	0.01157	0.01350	0.00900	0.00771	0.00514	0.00257	0.00643	0.00450	0.00514	0.00900
98	0.01818	0.01818	0.02545	0.02181	0.02181	0.02545	0.01818	0.01999	0.01272	0.01999	0.01091	0.01818	0.01091	0.01454	0.02726	0.00364	0.69284	0.00727	0.00364	0.00909
99	0.03727	0.01414	0.01928	0.01478	0.02121	0.01221	0.01221	0.04049	0.02378	0.66198	0.03277	0.02828	0.02056	0.01028	0.00835	0.00257	0.00707	0.00835	0.01028	0.01414
100	0.01187	0.00890	0.01335	0.01335	0.01483	0.01038	0.01038	0.01483	0.01335	0.01928	0.02225	0.03264	0.02077	0.06231	0.67512	0.01335	0.02225	0.00890	0.00445	0.00742
101	0.01666	0.04297	0.66500	0.02368	0.03596	0.01929	0.03069	0.02631	0.01754	0.02631	0.01491	0.01754	0.01052	0.00789	0.00789	0.00263	0.01228	0.00614	0.00351	0.01228
102	0.01005	0.00842	0.00874	0.00866	0.01136	0.00711	0.00649	0.01237	0.01948	0.02373	0.15163	0.07782	0.58458	0.02056	0.00982	0.00278	0.00417	0.01723	0.00788	0.00711
103	0.01166	0.00849	0.01097	0.01035	0.01235	0.00780	0.00776	0.01549	0.02329	0.03278	0.62406	0.06293	0.10649	0.01718	0.00980	0.00262	0.00393	0.01515	0.00907	0.00780
104	0.01010	0.00730	0.00956	0.01137	0.01200	0.00676	0.00762	0.01159	0.01609	0.02128	0.04819	0.66371	0.09231	0.02571	0.01055	0.00334	0.00478	0.02324	0.00771	0.00676
105	0.03700	0.01458	0.01955	0.01499	0.02143	0.01287	0.01238	0.06899	0.02452	0.63243	0.03215	0.02787	0.02025	0.01027	0.00835	0.00257	0.00717	0.00831	0.01019	0.01414
106	0.02221	0.71304	0.04353	0.01421	0.02132	0.03287	0.01421	0.02488	0.01688	0.01955	0.01155	0.01333	0.01066	0.00711	0.00533	0.00178	0.00888	0.00444	0.00355	0.01066
