[name]
unknown

[dist]
# distance from previous block
# <min> <max>
0	0

[block]
# block no. 0 follows, 22 sequences, length 78
# corresponding to MSA columns:
# 0-77
name=unknown_A
#
# <colnr> <probs for GDERKNQSTAVLIFYWHMCP>
#	G	D	E	R	K	N	Q	S	T	A	V	L	I	F	Y	W	H	M	C	P
0	0.01339	0.00956	0.01339	0.01530	0.01721	0.00956	0.01339	0.01721	0.01912	0.02486	0.04399	0.09371	0.04781	0.02295	0.01147	0.00382	0.00765	0.60031	0.00765	0.00765
1	0.01666	0.04297	0.66500	0.02368	0.03596	0.01929	0.03069	0.02631	0.01754	0.02631	0.01491	0.01754	0.01052	0.00789	0.00789	0.00263	0.01228	0.00614	0.00351	0.01228
2	0.02414	0.56576	0.03916	0.01579	0.02228	0.17324	0.01462	0.02669	0.01834	0.01972	0.01183	0.01369	0.01067	0.00743	0.00580	0.00186	0.01022	0.00464	0.00371	0.01044
3	0.01208	0.00805	0.00906	0.00906	0.00906	0.00805	0.00503	0.01208	0.01208	0.01611	0.02618	0.05436	0.03020	0.70804	0.04228	0.00805	0.00805	0.01208	0.00503	0.00503
4	0.03388	0.01341	0.01804	0.01408	0.02000	0.01159	0.01154	0.03705	0.02342	0.58093	0.07147	0.03386	0.06878	0.01143	0.00854	0.00259	0.00669	0.00938	0.01004	0.01327
5	0.01187	0.00890	0.01335	0.01335	0.01483	0.01038	0.01038	0.01483	0.01335	0.01928	0.02225	0.03264	0.02077	0.06231	0.67512	0.01335	0.02225	0.00890	0.00445	0.00742
6	0.01063	0.00845	0.00954	0.00926	0.01172	0.00736	0.00695	0.01349	0.02084	0.02697	0.32057	0.07250	0.41362	0.01935	0.00981	0.00273	0.00409	0.01649	0.00831	0.00736
7	0.02221	0.71304	0.04353	0.01421	0.02132	0.03287	0.01421	0.02488	0.01688	0.01955	0.01155	0.01333	0.01066	0.00711	0.00533	0.00178	0.00888	0.00444	0.00355	0.01066
8	0.02056	0.01974	0.03372	0.05099	0.65622	0.01974	0.02550	0.02550	0.01892	0.02714	0.01563	0.02056	0.01316	0.00740	0.00822	0.00247	0.00987	0.00740	0.00411	0.01316
9	0.03103	0.03959	0.02354	0.02140	0.02568	0.67469	0.01605	0.03317	0.02354	0.02033	0.01284	0.01498	0.01070	0.00856	0.00749	0.00214	0.01498	0.00535	0.00428	0.00963
10	0.01176	0.00849	0.01110	0.01045	0.01241	0.00784	0.00784	0.01568	0.02352	0.03331	0.65184	0.06206	0.07839	0.01698	0.00980	0.00261	0.00392	0.01502	0.00914	0.00784
11	0.01187	0.00890	0.01335	0.01335	0.01483	0.01038	0.01038	0.01483	0.01335	0.01928	0.02225	0.03264	0.02077	0.06231	0.67512	0.01335	0.02225	0.00890	0.00445	0.00742
12	0.00986	0.00826	0.00857	0.00882	0.01133	0.00698	0.00649	0.01188	0.01855	0.02228	0.07926	0.15945	0.57651	0.02168	0.00992	0.00288	0.00429	0.01831	0.00771	0.00698
13	0.03103	0.03959	0.02354	0.02140	0.02568	0.67469	0.01605	0.03317	0.02354	0.02033	0.01284	0.01498	0.01070	0.00856	0.00749	0.00214	0.01498	0.00535	0.00428	0.00963
14	0.01003	0.00814	0.00890	0.00931	0.01150	0.00701	0.00675	0.01211	0.01855	0.02295	0.11667	0.22601	0.46925	0.02192	0.01000	0.00293	0.00433	0.01879	0.00782	0.00701
15	0.01061	0.00741	0.00966	0.01117	0.01184	0.00695	0.00751	0.01234	0.01651	0.02257	0.10019	0.58271	0.05442	0.05451	0.01170	0.00344	0.00483	0.02156	0.04323	0.00682
16	0.01121	0.00838	0.01058	0.01150	0.01324	0.00776	0.00884	0.01393	0.01902	0.02487	0.17557	0.25983	0.21004	0.02217	0.01047	0.00319	0.00521	0.16893	0.00798	0.00726
17	0.01445	0.01151	0.01341	0.01337	0.01575	0.01225	0.00980	0.02476	0.25484	0.02878	0.16287	0.31908	0.04842	0.01861	0.00963	0.00301	0.00531	0.01649	0.00828	0.00940
18	0.01058	0.00821	0.00872	0.00886	0.01057	0.00734	0.00599	0.01195	0.01646	0.02027	0.06231	0.11717	0.40459	0.24700	0.02054	0.00457	0.00552	0.01619	0.00683	0.00634
19	0.01008	0.00777	0.00923	0.01025	0.01174	0.00691	0.00716	0.01192	0.01750	0.02232	0.09210	0.42113	0.29499	0.02357	0.01025	0.00311	0.00453	0.02075	0.00779	0.00691
20	0.02306	0.02490	0.03262	0.04219	0.44352	0.18182	0.07881	0.02750	0.02012	0.02541	0.01505	0.01935	0.01250	0.00765	0.00819	0.00242	0.01152	0.00712	0.00416	0.01211
21	0.02264	0.02367	0.03170	0.04513	0.53132	0.14947	0.02362	0.02702	0.01983	0.02579	0.01507	0.01946	0.01267	0.00763	0.00808	0.00240	0.01088	0.00700	0.00415	0.01246
22	0.01237	0.00839	0.00952	0.01023	0.01190	0.00811	0.00728	0.01626	0.06276	0.02525	0.04725	0.33568	0.16311	0.01925	0.00891	0.00281	0.00455	0.01680	0.22200	0.00756
23	0.02056	0.01974	0.03372	0.05099	0.65622	0.01974	0.02550	0.02550	0.01892	0.02714	0.01563	0.02056	0.01316	0.00740	0.00822	0.00247	0.00987	0.00740	0.00411	0.01316
24	0.01894	0.31825	0.40969	0.01979	0.02994	0.02487	0.02392	0.02572	0.01727	0.02353	0.01353	0.01581	0.01058	0.00757	0.00684	0.00228	0.01088	0.00544	0.00353	0.01161
25	0.01187	0.00890	0.01335	0.01335	0.01483	0.01038	0.01038	0.01483	0.01335	0.01928	0.02225	0.03264	0.02077	0.06231	0.67512	0.01335	0.02225	0.00890	0.00445	0.00742
26	0.01032	0.00739	0.00961	0.01121	0.01181	0.00690	0.00746	0.01178	0.01605	0.02136	0.06997	0.60492	0.07783	0.07544	0.01286	0.00366	0.00500	0.02219	0.00757	0.00668
27	0.01039	0.00772	0.00969	0.01071	0.01196	0.00702	0.00746	0.01246	0.01804	0.02388	0.17512	0.44894	0.17980	0.02321	0.01028	0.00311	0.00452	0.02067	0.00800	0.00702
28	0.60144	0.01556	0.01478	0.06013	0.01995	0.01775	0.04463	0.02385	0.01493	0.03494	0.01353	0.01623	0.01049	0.00790	0.00569	0.00254	0.00695	0.00530	0.07439	0.00902
29	0.01016	0.00843	0.00889	0.00878	0.01143	0.00716	0.00658	0.01259	0.01975	0.02437	0.18468	0.07678	0.55112	0.02032	0.00981	0.00277	0.00416	0.01709	0.00797	0.00716
30	0.76672	0.01607	0.01221	0.01092	0.01607	0.01864	0.00900	0.02442	0.01414	0.03727	0.01157	0.01350	0.00900	0.00771	0.00514	0.00257	0.00643	0.00450	0.00514	0.00900
31	0.00996	0.00842	0.00861	0.00856	0.01131	0.00707	0.00642	0.01219	0.01926	0.02321	0.12451	0.07868	0.61202	0.02075	0.00982	0.00279	0.00419	0.01735	0.00782	0.00707
32	0.01096	0.00761	0.00947	0.01053	0.01088	0.00731	0.00665	0.01193	0.01469	0.01966	0.06208	0.41999	0.04606	0.29625	0.02314	0.00520	0.00607	0.01870	0.00671	0.00611
33	0.02056	0.01974	0.03372	0.05099	0.65622	0.01974	0.02550	0.02550	0.01892	0.02714	0.01563	0.02056	0.01316	0.00740	0.00822	0.00247	0.00987	0.00740	0.00411	0.01316
34	0.01026	0.00768	0.00953	0.01066	0.01189	0.00695	0.00739	0.01218	0.01761	0.02305	0.13246	0.47007	0.20270	0.02366	0.01031	0.00314	0.00456	0.02105	0.00790	0.00695
35	0.01072	0.00822	0.00977	0.01072	0.01216	0.00763	0.00745	0.01352	0.04846	0.02258	0.08312	0.42326	0.23414	0.05347	0.01162	0.00335	0.00483	0.02017	0.00770	0.00712
36	0.01198	0.00801	0.00909	0.00919	0.00921	0.00799	0.00517	0.01206	0.01227	0.01636	0.02716	0.08699	0.03145	0.67372	0.04069	0.00782	0.00789	0.01266	0.00517	0.00512
37	0.01549	0.00774	0.00774	0.00774	0.00968	0.00774	0.00581	0.01936	0.01742	0.03097	0.02710	0.03097	0.02129	0.00968	0.00581	0.00194	0.00387	0.00774	0.75416	0.00774
38	0.01071	0.00763	0.01000	0.01108	0.01194	0.00714	0.00756	0.01273	0.01772	0.02416	0.21042	0.48106	0.05961	0.07203	0.01263	0.00350	0.00480	0.02044	0.00791	0.00692
39	0.01474	0.00781	0.00803	0.00803	0.00954	0.00781	0.00564	0.01777	0.01625	0.02772	0.02690	0.03609	0.02324	0.16241	0.01378	0.00327	0.00479	0.00869	0.59033	0.00715
40	0.00982	0.00842	0.00842	0.00842	0.01122	0.00701	0.00631	0.01192	0.01894	0.02244	0.08416	0.07995	0.65285	0.02104	0.00982	0.00281	0.00421	0.01753	0.00771	0.00701
41	0.01028	0.00843	0.00905	0.00890	0.01150	0.00721	0.00667	0.01281	0.02002	0.02502	0.21852	0.07571	0.51689	0.02008	0.00981	0.00276	0.00414	0.01694	0.00805	0.00721
42	0.01097	0.00758	0.00978	0.01091	0.01178	0.00713	0.00745	0.01304	0.01742	0.02420	0.17202	0.48068	0.05606	0.06151	0.01187	0.00337	0.00474	0.01998	0.06255	0.00696
43	0.01023	0.00775	0.00914	0.01016	0.01142	0.00699	0.00691	0.01175	0.01658	0.02109	0.05746	0.40726	0.26764	0.09896	0.01379	0.00368	0.00495	0.02016	0.00742	0.00666
44	0.03158	0.02327	0.02493	0.01911	0.02576	0.02576	0.01579	0.62852	0.03906	0.05236	0.01995	0.01995	0.01413	0.00997	0.00831	0.00249	0.00914	0.00748	0.00831	0.01413
45	0.00990	0.00842	0.00853	0.00850	0.01127	0.00705	0.00638	0.01208	0.01913	0.02290	0.10800	0.07920	0.62872	0.02087	0.00982	0.00280	0.00420	0.01743	0.00777	0.00705
46	0.01058	0.00824	0.00868	0.00877	0.01054	0.00735	0.00595	0.01196	0.01653	0.02029	0.06328	0.09923	0.42040	0.24835	0.02058	0.00457	0.00551	0.01600	0.00683	0.00635
47	0.01163	0.00813	0.00893	0.00893	0.00949	0.00785	0.00529	0.01205	0.01346	0.01738	0.03781	0.05950	0.15516	0.57017	0.03577	0.00700	0.00728	0.01318	0.00557	0.00543
48	0.03727	0.01414	0.01928	0.01478	0.02121	0.01221	0.01221	0.04049	0.02378	0.66198	0.03277	0.02828	0.02056	0.01028	0.00835	0.00257	0.00707	0.00835	0.01028	0.01414
49	0.01983	0.01937	0.03122	0.20057	0.48879	0.04609	0.02454	0.02480	0.01856	0.02546	0.01531	0.02071	0.01257	0.00766	0.00821	0.00253	0.01036	0.00731	0.00402	0.01209
50	0.01594	0.01502	0.02537	0.65551	0.08784	0.01852	0.02320	0.02144	0.01673	0.02153	0.01481	0.02207	0.01118	0.00826	0.00830	0.00275	0.01101	0.00738	0.00371	0.00943
51	0.02297	0.02051	0.03180	0.04402	0.51834	0.02106	0.02337	0.15738	0.02332	0.03266	0.01657	0.02043	0.01337	0.00796	0.00824	0.00247	0.00971	0.00742	0.00503	0.01337
52	0.02874	0.03525	0.02577	0.02787	0.16358	0.53145	0.01812	0.03149	0.02253	0.02182	0.01345	0.01620	0.01124	0.00831	0.00765	0.00221	0.01386	0.00580	0.00424	0.01040
53	0.02056	0.01974	0.03372	0.05099	0.65622	0.01974	0.02550	0.02550	0.01892	0.02714	0.01563	0.02056	0.01316	0.00740	0.00822	0.00247	0.00987	0.00740	0.00411	0.01316
54	0.02056	0.01974	0.03372	0.05099	0.65622	0.01974	0.02550	0.02550	0.01892	0.02714	0.01563	0.02056	0.01316	0.00740	0.00822	0.00247	0.00987	0.00740	0.00411	0.01316
55	0.02038	0.02084	0.06375	0.04969	0.62672	0.01972	0.02574	0.02553	0.01885	0.02710	0.01559	0.02042	0.01303	0.00743	0.00821	0.00248	0.00998	0.00734	0.00408	0.01312
56	0.02020	0.01937	0.03307	0.09767	0.61234	0.01964	0.02532	0.02518	0.01875	0.02671	0.01556	0.02068	0.01301	0.00747	0.00823	0.00249	0.00996	0.00740	0.00408	0.01287
57	0.02056	0.01974	0.03372	0.05099	0.65622	0.01974	0.02550	0.02550	0.01892	0.02714	0.01563	0.02056	0.01316	0.00740	0.00822	0.00247	0.00987	0.00740	0.00411	0.01316
58	0.01021	0.00843	0.00895	0.00882	0.01146	0.00718	0.00662	0.01267	0.01985	0.02461	0.19740	0.07638	0.53826	0.02023	0.00981	0.00277	0.00415	0.01703	0.00800	0.00718
59	0.02902	0.03537	0.02391	0.02135	0.02507	0.53901	0.01638	0.06104	0.02261	0.02189	0.01289	0.01574	0.01091	0.00958	0.01067	0.00240	0.12226	0.00576	0.00438	0.00977
60	0.01055	0.00844	0.00942	0.00918	0.01167	0.00732	0.00688	0.01333	0.02065	0.02652	0.29695	0.07324	0.43752	0.01952	0.00981	0.00273	0.00410	0.01659	0.00825	0.00732
61	0.01187	0.00890	0.01335	0.01335	0.01483	0.01038	0.01038	0.01483	0.01335	0.01928	0.02225	0.03264	0.02077	0.06231	0.67512	0.01335	0.02225	0.00890	0.00445	0.00742
62	0.01003	0.00757	0.00929	0.01066	0.01181	0.00682	0.00731	0.01167	0.01677	0.02156	0.05680	0.52391	0.22655	0.02460	0.01038	0.00321	0.00464	0.02187	0.00771	0.00682
63	0.01933	0.02187	0.04731	0.08144	0.04440	0.02083	0.58319	0.02623	0.01939	0.02623	0.01666	0.02239	0.01250	0.00710	0.00970	0.00280	0.01380	0.00963	0.00417	0.01106
64	0.01005	0.00752	0.00933	0.01078	0.01184	0.00681	0.00736	0.01166	0.01666	0.02151	0.05534	0.54766	0.20374	0.02479	0.01041	0.00323	0.00467	0.02210	0.00771	0.00681
65	0.02736	0.03400	0.02175	0.01977	0.02354	0.54068	0.01497	0.02947	0.02214	0.02058	0.02180	0.02352	0.09271	0.01060	0.00927	0.00234	0.06451	0.00705	0.00467	0.00926
66	0.09037	0.02471	0.07136	0.30397	0.11928	0.20704	0.02062	0.02587	0.01873	0.02358	0.01404	0.01875	0.01100	0.00818	0.00774	0.00252	0.01170	0.00644	0.00404	0.01005
67	0.09027	0.02077	0.02237	0.02684	0.22804	0.15990	0.01612	0.06844	0.02228	0.03021	0.19756	0.03055	0.03103	0.01062	0.00824	0.00245	0.00891	0.00888	0.00600	0.01055
68	0.07612	0.02238	0.02739	0.22443	0.29950	0.16253	0.02153	0.02587	0.01892	0.02470	0.01447	0.01928	0.01172	0.00794	0.00786	0.00249	0.01108	0.00674	0.00410	0.01095
69	0.02228	0.02359	0.02136	0.02026	0.05343	0.23461	0.01512	0.02936	0.15444	0.02443	0.01903	0.02233	0.01579	0.01557	0.07415	0.00368	0.17318	0.00730	0.05999	0.01011
70	0.26894	0.02337	0.02299	0.02787	0.24062	0.18385	0.01679	0.02843	0.06410	0.02933	0.01492	0.01760	0.01207	0.00808	0.00704	0.00244	0.00978	0.00608	0.00481	0.01090
71	0.02955	0.03244	0.02416	0.02083	0.02521	0.41588	0.01625	0.19330	0.02639	0.02899	0.01453	0.01674	0.01166	0.00970	0.01022	0.00243	0.09948	0.00617	0.00529	0.01078
72	0.22016	0.05304	0.02000	0.01887	0.07924	0.16465	0.01350	0.03207	0.21731	0.03014	0.02344	0.02382	0.05150	0.00973	0.00728	0.00252	0.00867	0.00725	0.00599	0.01081
73	0.11472	0.02591	0.21148	0.03807	0.39713	0.01947	0.02488	0.02559	0.01791	0.02820	0.01490	0.01879	0.01187	0.00758	0.00774	0.00253	0.01012	0.00667	0.00407	0.01238
74	0.01754	0.09993	0.02183	0.02154	0.16712	0.01595	0.01345	0.09613	0.02142	0.02926	0.20641	0.09862	0.03811	0.10167	0.01291	0.00322	0.00721	0.01137	0.00650	0.00979
75	0.02010	0.01893	0.13264	0.01575	0.02106	0.01495	0.01448	0.14533	0.07736	0.10664	0.20949	0.12087	0.03915	0.01384	0.00898	0.00270	0.00717	0.01177	0.00785	0.01093
76	0.05770	0.02172	0.01945	0.02025	0.11041	0.22966	0.01362	0.02716	0.02149	0.14654	0.07942	0.03592	0.15826	0.01203	0.00833	0.00247	0.00918	0.00955	0.00655	0.01027
77	0.09360	0.02904	0.14814	0.01951	0.02589	0.20002	0.04188	0.19018	0.02516	0.03303	0.06369	0.05505	0.01870	0.01017	0.00799	0.00250	0.01071	0.00781	0.00583	0.01110

[dist]
# distance from previous block
# <min> <max>
13	28

[block]
# block no. 1 follows, 22 sequences, length 140
# corresponding to MSA columns:
# 106-245
name=unknown_B
#
# <colnr> <probs for GDERKNQSTAVLIFYWHMCP>
#	G	D	E	R	K	N	Q	S	T	A	V	L	I	F	Y	W	H	M	C	P
0	0.01769	0.11698	0.43625	0.02210	0.03079	0.02240	0.02570	0.02461	0.01630	0.02397	0.01354	0.01719	0.01063	0.00941	0.01227	0.00277	0.17634	0.00621	0.00354	0.01131
1	0.02248	0.15308	0.02771	0.01894	0.02314	0.15911	0.04856	0.04866	0.01821	0.04841	0.01420	0.01814	0.01224	0.01325	0.05645	0.00319	0.20395	0.00635	0.00445	0.09950
2	0.16808	0.01653	0.02110	0.05360	0.20485	0.01769	0.01557	0.03008	0.18838	0.08255	0.06625	0.02839	0.05235	0.01010	0.00787	0.00263	0.00744	0.00845	0.00649	0.01159
3	0.01991	0.17966	0.24905	0.03112	0.25162	0.04947	0.02406	0.02569	0.01790	0.02458	0.01416	0.01762	0.01151	0.00789	0.00835	0.00241	0.04301	0.00624	0.00377	0.01198
4	0.04553	0.01708	0.16818	0.01301	0.01784	0.01075	0.01288	0.01717	0.01976	0.02754	0.24875	0.08137	0.25660	0.01615	0.00917	0.00271	0.00619	0.01363	0.00705	0.00863
5	0.01822	0.03670	0.47004	0.02871	0.15407	0.05185	0.02816	0.02607	0.01778	0.02576	0.01468	0.01804	0.01107	0.00827	0.00921	0.00264	0.05654	0.00642	0.00367	0.01211
6	0.01778	0.06855	0.44433	0.02648	0.06362	0.02001	0.16085	0.02605	0.01801	0.02612	0.01519	0.01854	0.01118	0.00757	0.00814	0.00256	0.01214	0.00688	0.00375	0.04225
7	0.04612	0.01146	0.01572	0.01570	0.05843	0.01084	0.06965	0.01742	0.04895	0.02535	0.09043	0.09190	0.33323	0.01802	0.00975	0.00296	0.00633	0.11227	0.00713	0.00835
8	0.02501	0.03213	0.18142	0.02902	0.18852	0.22151	0.02194	0.14722	0.02398	0.02984	0.01545	0.01800	0.01196	0.00838	0.00794	0.00241	0.01187	0.00648	0.00485	0.01206
9	0.03055	0.07662	0.02464	0.02101	0.02544	0.63941	0.01595	0.03272	0.02318	0.02029	0.01277	0.01489	0.01070	0.00848	0.00737	0.00212	0.01465	0.00530	0.00424	0.00969
10	0.23357	0.06611	0.31101	0.01917	0.05132	0.01916	0.02026	0.02420	0.01684	0.02941	0.07551	0.02064	0.01683	0.00910	0.00842	0.00262	0.05408	0.00656	0.00456	0.01063
11	0.05290	0.00981	0.01194	0.01099	0.01282	0.00978	0.00756	0.01780	0.01439	0.11302	0.02513	0.04253	0.02506	0.41149	0.15889	0.00771	0.01055	0.01021	0.00569	0.04173
12	0.01187	0.00890	0.01335	0.01335	0.01483	0.01038	0.01038	0.01483	0.01335	0.01928	0.02225	0.03264	0.02077	0.06231	0.67512	0.01335	0.02225	0.00890	0.00445	0.00742
13	0.01716	0.01669	0.02377	0.06432	0.02318	0.02295	0.01744	0.01937	0.01306	0.01998	0.01270	0.02040	0.01225	0.02061	0.11386	0.00490	0.55725	0.00750	0.00375	0.00887
14	0.00993	0.00800	0.00885	0.00953	0.01151	0.00692	0.00681	0.01180	0.01786	0.02200	0.07055	0.30075	0.44084	0.02281	0.01010	0.00301	0.00442	0.01969	0.00771	0.00692
15	0.02292	0.01897	0.02006	0.01736	0.02246	0.02172	0.01370	0.16511	0.51657	0.03840	0.03094	0.02871	0.02303	0.01100	0.00842	0.00275	0.00711	0.00900	0.00842	0.01335
16	0.01339	0.01114	0.01627	0.01540	0.01652	0.01402	0.01227	0.01608	0.01320	0.01946	0.01951	0.02914	0.01838	0.05076	0.51856	0.01100	0.18431	0.00851	0.00425	0.00782
17	0.02942	0.02220	0.02372	0.01868	0.02494	0.02475	0.01527	0.51303	0.15806	0.04888	0.02269	0.02213	0.01635	0.01023	0.00834	0.00256	0.00863	0.00786	0.00834	0.01393
18	0.02578	0.01984	0.02182	0.01636	0.02331	0.01983	0.01339	0.38321	0.03024	0.04215	0.01785	0.01885	0.01339	0.00843	0.00744	0.00198	0.00793	0.00645	0.00694	0.31480
19	0.01818	0.01818	0.02545	0.02181	0.02181	0.02545	0.01818	0.01999	0.01272	0.01999	0.01091	0.01818	0.01091	0.01454	0.02726	0.00364	0.69284	0.00727	0.00364	0.00909
20	0.01003	0.00842	0.00872	0.00864	0.01135	0.00711	0.00648	0.01234	0.01945	0.02365	0.14749	0.07795	0.58877	0.02059	0.00982	0.00278	0.00418	0.01725	0.00787	0.00711
21	0.01208	0.00805	0.00906	0.00906	0.00906	0.00805	0.00503	0.01208	0.01208	0.01611	0.02618	0.05436	0.03020	0.70804	0.04228	0.00805	0.00805	0.01208	0.00503	0.00503
22	0.02346	0.54600	0.03813	0.01559	0.02187	0.15863	0.01439	0.02603	0.01803	0.01969	0.01232	0.01458	0.01116	0.01006	0.03805	0.00241	0.01073	0.00484	0.00374	0.01030
23	0.01011	0.00729	0.00958	0.01142	0.01201	0.00676	0.00765	0.01158	0.01605	0.02127	0.04760	0.67315	0.08325	0.02579	0.01057	0.00335	0.00479	0.02333	0.00771	0.00676
24	0.02024	0.01941	0.03314	0.09274	0.61697	0.01965	0.02534	0.02522	0.01877	0.02675	0.01557	0.02066	0.01302	0.00746	0.00823	0.00249	0.00995	0.00740	0.00408	0.01290
25	0.02063	0.01630	0.01745	0.01494	0.01938	0.01773	0.01173	0.21267	0.24590	0.03677	0.10064	0.04124	0.14861	0.04540	0.01036	0.00294	0.00671	0.01106	0.00818	0.01136
26	0.01001	0.00842	0.00868	0.00861	0.01134	0.00709	0.00646	0.01229	0.01938	0.02350	0.13941	0.07821	0.59694	0.02064	0.00982	0.00279	0.00418	0.01729	0.00785	0.00709
27	0.03124	0.03334	0.02407	0.02053	0.02571	0.42607	0.01595	0.26126	0.02949	0.03260	0.01556	0.01688	0.01201	0.00910	0.00780	0.00228	0.01274	0.00617	0.00582	0.01135
28	0.01864	0.01647	0.02315	0.43023	0.04392	0.01979	0.01951	0.08584	0.19926	0.02811	0.02076	0.02449	0.01549	0.00932	0.00835	0.00276	0.00959	0.00797	0.00551	0.01083
29	0.01682	0.01450	0.01511	0.01390	0.01792	0.01582	0.01072	0.03272	0.42056	0.03039	0.05166	0.04835	0.24787	0.01473	0.00894	0.00281	0.00574	0.01228	0.00819	0.01097
30	0.01666	0.04297	0.66500	0.02368	0.03596	0.01929	0.03069	0.02631	0.01754	0.02631	0.01491	0.01754	0.01052	0.00789	0.00789	0.00263	0.01228	0.00614	0.00351	0.01228
31	0.01012	0.00723	0.00964	0.01157	0.01205	0.00675	0.00771	0.01157	0.01591	0.02121	0.04579	0.70262	0.05495	0.02603	0.01060	0.00337	0.00482	0.02362	0.00771	0.00675
32	0.01549	0.00774	0.00774	0.00774	0.00968	0.00774	0.00581	0.01936	0.01742	0.03097	0.02710	0.03097	0.02129	0.00968	0.00581	0.00194	0.00387	0.00774	0.75416	0.00774
33	0.03109	0.03803	0.02368	0.02118	0.02569	0.61254	0.01603	0.09019	0.02503	0.02340	0.01352	0.01546	0.01103	0.00870	0.00757	0.00217	0.01442	0.00555	0.00467	0.01006
34	0.01176	0.00849	0.01110	0.01045	0.01241	0.00784	0.00784	0.01568	0.02352	0.03331	0.65184	0.06206	0.07839	0.01698	0.00980	0.00261	0.00392	0.01502	0.00914	0.00784
35	0.01549	0.00774	0.00774	0.00774	0.00968	0.00774	0.00581	0.01936	0.01742	0.03097	0.02710	0.03097	0.02129	0.00968	0.00581	0.00194	0.00387	0.00774	0.75416	0.00774
36	0.02688	0.04057	0.20897	0.02206	0.02865	0.48524	0.02028	0.03119	0.02181	0.02206	0.01344	0.01572	0.01065	0.00837	0.00761	0.00228	0.01420	0.00558	0.00406	0.01040
37	0.01800	0.20490	0.51482	0.02139	0.03242	0.02257	0.02671	0.02596	0.01738	0.02467	0.01410	0.01652	0.01056	0.00770	0.00727	0.00242	0.01146	0.00573	0.00352	0.01189
38	0.03120	0.03459	0.02397	0.02070	0.02571	0.47585	0.01597	0.21560	0.02830	0.03014	0.01502	0.01650	0.01175	0.00899	0.00774	0.00225	0.01319	0.00600	0.00552	0.01101
39	0.00982	0.00842	0.00842	0.00842	0.01122	0.00701	0.00631	0.01192	0.01894	0.02244	0.08416	0.07995	0.65285	0.02104	0.00982	0.00281	0.00421	0.01753	0.00771	0.00701
40	0.01187	0.00890	0.01335	0.01335	0.01483	0.01038	0.01038	0.01483	0.01335	0.01928	0.02225	0.03264	0.02077	0.06231	0.67512	0.01335	0.02225	0.00890	0.00445	0.00742
41	0.03388	0.01958	0.02264	0.01736	0.02392	0.02028	0.01434	0.39065	0.03288	0.29895	0.02513	0.02332	0.01673	0.01010	0.00833	0.00252	0.00830	0.00783	0.00911	0.01413
42	0.01208	0.00805	0.00906	0.00906	0.00906	0.00805	0.00503	0.01208	0.01208	0.01611	0.02618	0.05436	0.03020	0.70804	0.04228	0.00805	0.00805	0.01208	0.00503	0.00503
43	0.01027	0.00834	0.00854	0.00854	0.01079	0.00722	0.00606	0.01195	0.01758	0.02119	0.07270	0.07489	0.52980	0.15681	0.01623	0.00384	0.00497	0.01646	0.00718	0.00662
44	0.01208	0.00805	0.00906	0.00906	0.00906	0.00805	0.00503	0.01208	0.01208	0.01611	0.02618	0.05436	0.03020	0.70804	0.04228	0.00805	0.00805	0.01208	0.00503	0.00503
45	0.01835	0.01890	0.01883	0.01726	0.01882	0.17501	0.01340	0.02045	0.01549	0.01938	0.01714	0.02664	0.01655	0.10839	0.25508	0.00724	0.21274	0.00793	0.00424	0.00817
46	0.02056	0.01974	0.03372	0.05099	0.65622	0.01974	0.02550	0.02550	0.01892	0.02714	0.01563	0.02056	0.01316	0.00740	0.00822	0.00247	0.00987	0.00740	0.00411	0.01316
47	0.02056	0.01974	0.03372	0.05099	0.65622	0.01974	0.02550	0.02550	0.01892	0.02714	0.01563	0.02056	0.01316	0.00740	0.00822	0.00247	0.00987	0.00740	0.00411	0.01316
48	0.02833	0.24595	0.02967	0.01920	0.02435	0.47803	0.01549	0.03063	0.02150	0.02009	0.01245	0.01447	0.01069	0.00812	0.00683	0.00203	0.01311	0.00507	0.00406	0.00995
49	0.00982	0.00842	0.00842	0.00842	0.01122	0.00701	0.00631	0.01192	0.01894	0.02244	0.08416	0.07995	0.65285	0.02104	0.00982	0.00281	0.00421	0.01753	0.00771	0.00701
50	0.01208	0.00805	0.00906	0.00906	0.00906	0.00805	0.00503	0.01208	0.01208	0.01611	0.02618	0.05436	0.03020	0.70804	0.04228	0.00805	0.00805	0.01208	0.00503	0.00503
51	0.01666	0.04297	0.66500	0.02368	0.03596	0.01929	0.03069	0.02631	0.01754	0.02631	0.01491	0.01754	0.01052	0.00789	0.00789	0.00263	0.01228	0.00614	0.00351	0.01228
52	0.01549	0.00774	0.00774	0.00774	0.00968	0.00774	0.00581	0.01936	0.01742	0.03097	0.02710	0.03097	0.02129	0.00968	0.00581	0.00194	0.00387	0.00774	0.75416	0.00774
53	0.01125	0.00847	0.01040	0.00992	0.01210	0.00762	0.00744	0.01469	0.02231	0.03045	0.50245	0.06676	0.22956	0.01805	0.00980	0.00266	0.00400	0.01568	0.00877	0.00762
54	0.01155	0.00870	0.01086	0.01119	0.01331	0.00801	0.00885	0.01481	0.02070	0.02741	0.30113	0.10326	0.23585	0.02012	0.01028	0.00302	0.00502	0.17014	0.00827	0.00750
55	0.01549	0.00774	0.00774	0.00774	0.00968	0.00774	0.00581	0.01936	0.01742	0.03097	0.02710	0.03097	0.02129	0.00968	0.00581	0.00194	0.00387	0.00774	0.75416	0.00774
56	0.01687	0.01597	0.02704	0.53412	0.20197	0.01877	0.02366	0.02226	0.01717	0.02265	0.01497	0.02176	0.01158	0.00809	0.00829	0.00270	0.01078	0.00739	0.00379	0.01018
57	0.03103	0.03959	0.02354	0.02140	0.02568	0.67469	0.01605	0.03317	0.02354	0.02033	0.01284	0.01498	0.01070	0.00856	0.00749	0.00214	0.01498	0.00535	0.00428	0.00963
58	0.02051	0.01987	0.03446	0.05022	0.62668	0.01980	0.05445	0.02555	0.01895	0.02711	0.01568	0.02065	0.01313	0.00738	0.00830	0.00248	0.01007	0.00752	0.00412	0.01306
59	0.01627	0.00850	0.00858	0.00830	0.01047	0.00862	0.00630	0.04917	0.01848	0.03202	0.02675	0.03043	0.02094	0.00969	0.00593	0.00196	0.00413	0.00773	0.71766	0.00806
60	0.01818	0.01818	0.02545	0.02181	0.02181	0.02545	0.01818	0.01999	0.01272	0.01999	0.01091	0.01818	0.01091	0.01454	0.02726	0.00364	0.69284	0.00727	0.00364	0.00909
61	0.00982	0.00842	0.00842	0.00842	0.01122	0.00701	0.00631	0.01192	0.01894	0.02244	0.08416	0.07995	0.65285	0.02104	0.00982	0.00281	0.00421	0.01753	0.00771	0.00701
62	0.01666	0.04297	0.66500	0.02368	0.03596	0.01929	0.03069	0.02631	0.01754	0.02631	0.01491	0.01754	0.01052	0.00789	0.00789	0.00263	0.01228	0.00614	0.00351	0.01228
63	0.01549	0.00774	0.00774	0.00774	0.00968	0.00774	0.00581	0.01936	0.01742	0.03097	0.02710	0.03097	0.02129	0.00968	0.00581	0.00194	0.00387	0.00774	0.75416	0.00774
64	0.03672	0.01503	0.01983	0.01520	0.02165	0.01353	0.01256	0.09772	0.02526	0.60264	0.03153	0.02747	0.01994	0.01025	0.00835	0.00256	0.00727	0.00827	0.01009	0.01414
65	0.01723	0.01477	0.01723	0.01230	0.01969	0.01107	0.00984	0.02092	0.01723	0.02707	0.01477	0.01723	0.01230	0.00615	0.00615	0.00123	0.00615	0.00492	0.00492	0.75883
66	0.03103	0.03959	0.02354	0.02140	0.02568	0.67469	0.01605	0.03317	0.02354	0.02033	0.01284	0.01498	0.01070	0.00856	0.00749	0.00214	0.01498	0.00535	0.00428	0.00963
67	0.03053	0.02225	0.02381	0.01837	0.02471	0.02458	0.01514	0.58860	0.03764	0.05095	0.02041	0.02067	0.01460	0.00995	0.00815	0.00246	0.00880	0.00750	0.05718	0.01371
68	0.03105	0.03893	0.02360	0.02131	0.02569	0.64843	0.01604	0.05727	0.02417	0.02163	0.01313	0.01518	0.01084	0.00862	0.00752	0.00215	0.01474	0.00544	0.00444	0.00981
69	0.01012	0.00723	0.00964	0.01157	0.01205	0.00675	0.00771	0.01157	0.01591	0.02121	0.04579	0.70262	0.05495	0.02603	0.01060	0.00337	0.00482	0.02362	0.00771	0.00675
70	0.01331	0.00951	0.01328	0.01507	0.01698	0.00948	0.01312	0.01714	0.01933	0.02527	0.07316	0.09219	0.04928	0.02266	0.01139	0.00377	0.00747	0.57222	0.00772	0.00766
71	0.03106	0.02301	0.02464	0.01901	0.02557	0.02552	0.01566	0.60086	0.06756	0.05152	0.02060	0.02047	0.01466	0.01003	0.00832	0.00251	0.00902	0.00757	0.00832	0.01408
72	0.01549	0.00774	0.00774	0.00774	0.00968	0.00774	0.00581	0.01936	0.01742	0.03097	0.02710	0.03097	0.02129	0.00968	0.00581	0.00194	0.00387	0.00774	0.75416	0.00774
73	0.02056	0.01974	0.03372	0.05099	0.65622	0.01974	0.02550	0.02550	0.01892	0.02714	0.01563	0.02056	0.01316	0.00740	0.00822	0.00247	0.00987	0.00740	0.00411	0.01316
74	0.02426	0.02285	0.02060	0.01810	0.02300	0.14807	0.01410	0.12694	0.43409	0.03452	0.02774	0.02629	0.02089	0.01056	0.00825	0.00264	0.00858	0.00833	0.00762	0.01261
75	0.02783	0.02018	0.02167	0.01734	0.02309	0.02233	0.01409	0.41581	0.16967	0.07127	0.02424	0.02381	0.01758	0.01024	0.00810	0.00251	0.00798	0.00796	0.08101	0.01329
76	0.01139	0.00848	0.01059	0.01006	0.01218	0.00768	0.00755	0.01496	0.02264	0.03124	0.54356	0.06547	0.18796	0.01776	0.00980	0.00265	0.00397	0.01550	0.00887	0.00768
77	0.01208	0.00805	0.00906	0.00906	0.00906	0.00805	0.00503	0.01208	0.01208	0.01611	0.02618	0.05436	0.03020	0.70804	0.04228	0.00805	0.00805	0.01208	0.00503	0.00503
78	0.01208	0.00805	0.00906	0.00906	0.00906	0.00805	0.00503	0.01208	0.01208	0.01611	0.02618	0.05436	0.03020	0.70804	0.04228	0.00805	0.00805	0.01208	0.00503	0.00503
79	0.02056	0.01974	0.03372	0.05099	0.65622	0.01974	0.02550	0.02550	0.01892	0.02714	0.01563	0.02056	0.01316	0.00740	0.00822	0.00247	0.00987	0.00740	0.00411	0.01316
80	0.03103	0.03959	0.02354	0.02140	0.02568	0.67469	0.01605	0.03317	0.02354	0.02033	0.01284	0.01498	0.01070	0.00856	0.00749	0.00214	0.01498	0.00535	0.00428	0.00963
81	0.02056	0.01974	0.03372	0.05099	0.65622	0.01974	0.02550	0.02550	0.01892	0.02714	0.01563	0.02056	0.01316	0.00740	0.00822	0.00247	0.00987	0.00740	0.00411	0.01316
82	0.01818	0.01818	0.02545	0.02181	0.02181	0.02545	0.01818	0.01999	0.01272	0.01999	0.01091	0.01818	0.01091	0.01454	0.02726	0.00364	0.69284	0.00727	0.00364	0.00909
83	0.02056	0.01974	0.03372	0.05099	0.65622	0.01974	0.02550	0.02550	0.01892	0.02714	0.01563	0.02056	0.01316	0.00740	0.00822	0.00247	0.00987	0.00740	0.00411	0.01316
84	0.01208	0.00805	0.00906	0.00906	0.00906	0.00805	0.00503	0.01208	0.01208	0.01611	0.02618	0.05436	0.03020	0.70804	0.04228	0.00805	0.00805	0.01208	0.00503	0.00503
85	0.00982	0.00842	0.00842	0.00842	0.01122	0.00701	0.00631	0.01192	0.01894	0.02244	0.08416	0.07995	0.65285	0.02104	0.00982	0.00281	0.00421	0.01753	0.00771	0.00701
86	0.01993	0.01910	0.03259	0.13298	0.57913	0.01957	0.02518	0.02495	0.01862	0.02638	0.01552	0.02077	0.01289	0.00752	0.00823	0.00251	0.01002	0.00740	0.00406	0.01265
87	0.01006	0.00796	0.00906	0.00977	0.01162	0.00696	0.00695	0.01203	0.01806	0.02268	0.10653	0.31937	0.38418	0.02270	0.01012	0.00301	0.00443	0.01972	0.00781	0.00696
88	0.01687	0.01597	0.02704	0.53412	0.20197	0.01877	0.02366	0.02226	0.01717	0.02265	0.01497	0.02176	0.01158	0.00809	0.00829	0.00270	0.01078	0.00739	0.00379	0.01018
89	0.03103	0.03959	0.02354	0.02140	0.02568	0.67469	0.01605	0.03317	0.02354	0.02033	0.01284	0.01498	0.01070	0.00856	0.00749	0.00214	0.01498	0.00535	0.00428	0.00963
90	0.01916	0.01352	0.01368	0.01233	0.01538	0.05604	0.00962	0.13687	0.05294	0.03234	0.02423	0.02814	0.01934	0.01968	0.13288	0.00426	0.00921	0.00784	0.38327	0.00930
91	0.01718	0.01248	0.01504	0.01473	0.01737	0.01298	0.01154	0.19139	0.02344	0.03117	0.03784	0.34558	0.04127	0.02058	0.01017	0.00324	0.00681	0.17021	0.00787	0.00912
92	0.01443	0.00722	0.01082	0.01082	0.01082	0.00722	0.00722	0.01082	0.01082	0.01443	0.01443	0.02525	0.01443	0.02886	0.03247	0.75830	0.00722	0.00722	0.00361	0.00361
93	0.03002	0.03748	0.02308	0.02096	0.02529	0.61104	0.01577	0.03424	0.08366	0.02174	0.01488	0.01654	0.01213	0.00882	0.00758	0.00221	0.01416	0.00574	0.00469	0.00997
94	0.17281	0.19908	0.02620	0.01760	0.02274	0.38996	0.01422	0.02944	0.02008	0.02345	0.01228	0.01429	0.01036	0.00804	0.00650	0.00214	0.01182	0.00496	0.00427	0.00976
95	0.02056	0.01974	0.03372	0.05099	0.65622	0.01974	0.02550	0.02550	0.01892	0.02714	0.01563	0.02056	0.01316	0.00740	0.00822	0.00247	0.00987	0.00740	0.00411	0.01316
96	0.01549	0.00774	0.00774	0.00774	0.00968	0.00774	0.00581	0.01936	0.01742	0.03097	0.02710	0.03097	0.02129	0.00968	0.00581	0.00194	0.00387	0.00774	0.75416	0.00774
97	0.02514	0.49121	0.03707	0.01642	0.02276	0.20074	0.01480	0.06661	0.02008	0.02190	0.01244	0.01419	0.01090	0.00768	0.00609	0.00192	0.01050	0.00488	0.00406	0.01062
98	0.00982	0.00842	0.00842	0.00842	0.01122	0.00701	0.00631	0.01192	0.01894	0.02244	0.08416	0.07995	0.65285	0.02104	0.00982	0.00281	0.00421	0.01753	0.00771	0.00701
99	0.01549	0.00774	0.00774	0.00774	0.00968	0.00774	0.00581	0.01936	0.01742	0.03097	0.02710	0.03097	0.02129	0.00968	0.00581	0.00194	0.00387	0.00774	0.75416	0.00774
100	0.02778	0.16672	0.05925	0.02224	0.08403	0.28557	0.01719	0.18664	0.02558	0.02949	0.01481	0.01660	0.01181	0.00850	0.00737	0.00221	0.01164	0.00596	0.00514	0.01147
101	0.02028	0.02053	0.03827	0.04624	0.47393	0.02012	0.20415	0.02583	0.01912	0.02698	0.01598	0.02111	0.01299	0.00728	0.00869	0.00257	0.01110	0.00812	0.00414	0.01258
102	0.02264	0.02272	0.03098	0.04322	0.49799	0.11616	0.02296	0.05716	0.05479	0.02779	0.01643	0.02029	0.01352	0.00791	0.00813	0.00244	0.01040	0.00721	0.00458	0.01269
103	0.01180	0.00794	0.00914	0.00942	0.00948	0.00787	0.00541	0.01201	0.01262	0.01683	0.02896	0.14629	0.03371	0.61133	0.03779	0.00739	0.00760	0.01372	0.00541	0.00528
104	0.02588	0.01912	0.02158	0.01745	0.02260	0.02132	0.01423	0.45112	0.03163	0.04280	0.02061	0.02361	0.01605	0.02510	0.20107	0.00563	0.01293	0.00789	0.00719	0.01219
105	0.01197	0.00848	0.01121	0.01121	0.01195	0.00922	0.00771	0.01346	0.01272	0.01770	0.02421	0.04350	0.02548	0.38512	0.35876	0.01070	0.01515	0.01049	0.00474	0.00623
106	0.01208	0.00805	0.00906	0.00906	0.00906	0.00805	0.00503	0.01208	0.01208	0.01611	0.02618	0.05436	0.03020	0.70804	0.04228	0.00805	0.00805	0.01208	0.00503	0.00503
107	0.03049	0.02245	0.02415	0.01873	0.02506	0.02479	0.01538	0.59711	0.03788	0.05077	0.02126	0.05470	0.01621	0.01079	0.00843	0.00254	0.00892	0.00830	0.00828	0.01375
108	0.01326	0.00930	0.01075	0.01076	0.01171	0.00932	0.00696	0.07191	0.01624	0.02153	0.03471	0.24925	0.07038	0.39525	0.02757	0.00580	0.00697	0.01544	0.00631	0.00655
109	0.02050	0.01602	0.01905	0.01539	0.02036	0.01653	0.01243	0.22498	0.02322	0.03292	0.01863	0.02292	0.01545	0.02506	0.21286	0.00549	0.04521	0.00712	0.00586	0.24002
110	0.01676	0.01269	0.01422	0.01203	0.01682	0.01142	0.00936	0.02364	0.14168	0.08471	0.04629	0.07803	0.24431	0.01382	0.00833	0.00233	0.00556	0.01153	0.00724	0.23923
111	0.01155	0.00806	0.01024	0.01071	0.01119	0.00830	0.00699	0.01262	0.01333	0.01813	0.03005	0.20848	0.03401	0.38433	0.18743	0.00818	0.01069	0.01415	0.00555	0.00603
112	0.11981	0.10944	0.01573	0.01132	0.01440	0.01281	0.00896	0.01816	0.01946	0.05449	0.28891	0.17471	0.08969	0.01606	0.00861	0.00265	0.00530	0.01364	0.00746	0.00839
113	0.01793	0.01710	0.02819	0.04009	0.47699	0.01671	0.04376	0.02226	0.01895	0.02598	0.03223	0.03498	0.16773	0.01068	0.00867	0.00256	0.00866	0.00994	0.00499	0.01160
114	0.01881	0.01975	0.03898	0.21073	0.19514	0.02003	0.32224	0.02492	0.01865	0.02532	0.01598	0.02189	0.01234	0.00744	0.00903	0.00271	0.01223	0.00859	0.00405	0.01116
115	0.01311	0.01073	0.01574	0.01502	0.01621	0.01336	0.01192	0.01585	0.01323	0.01942	0.02001	0.02978	0.01882	0.05287	0.54709	0.01143	0.15478	0.00858	0.00429	0.00775
116	0.01000	0.00842	0.00866	0.00860	0.01133	0.00709	0.00645	0.01227	0.01935	0.02344	0.13607	0.07831	0.60032	0.02067	0.00982	0.00279	0.00418	0.01730	0.00785	0.00709
117	0.01187	0.00890	0.01335	0.01335	0.01483	0.01038	0.01038	0.01483	0.01335	0.01928	0.02225	0.03264	0.02077	0.06231	0.67512	0.01335	0.02225	0.00890	0.00445	0.00742
118	0.02102	0.02061	0.03327	0.04968	0.62839	0.04865	0.02508	0.02583	0.01912	0.02684	0.01550	0.02031	0.01305	0.00745	0.00819	0.00245	0.01009	0.00731	0.00412	0.01300
119	0.01549	0.00774	0.00774	0.00774	0.00968	0.00774	0.00581	0.01936	0.01742	0.03097	0.02710	0.03097	0.02129	0.00968	0.00581	0.00194	0.00387	0.00774	0.75416	0.00774
120	0.01011	0.00848	0.00882	0.00888	0.01159	0.00719	0.00676	0.01240	0.01920	0.02316	0.11332	0.07967	0.59046	0.02091	0.00990	0.00285	0.00437	0.04707	0.00779	0.00709
121	0.01443	0.00722	0.01082	0.01082	0.01082	0.00722	0.00722	0.01082	0.01082	0.01443	0.01443	0.02525	0.01443	0.02886	0.03247	0.75830	0.00722	0.00722	0.00361	0.00361
122	0.01549	0.00774	0.00774	0.00774	0.00968	0.00774	0.00581	0.01936	0.01742	0.03097	0.02710	0.03097	0.02129	0.00968	0.00581	0.00194	0.00387	0.00774	0.75416	0.00774
123	0.03103	0.03959	0.02354	0.02140	0.02568	0.67469	0.01605	0.03317	0.02354	0.02033	0.01284	0.01498	0.01070	0.00856	0.00749	0.00214	0.01498	0.00535	0.00428	0.00963
124	0.02037	0.02085	0.06389	0.04969	0.62658	0.01972	0.02574	0.02553	0.01885	0.02710	0.01559	0.02042	0.01303	0.00743	0.00821	0.00248	0.00998	0.00734	0.00408	0.01312
125	0.01262	0.04393	0.01449	0.01303	0.01482	0.01133	0.01028	0.01563	0.01379	0.02006	0.02204	0.03156	0.02030	0.05610	0.59787	0.01203	0.02038	0.00860	0.05353	0.00760
126	0.01208	0.00805	0.00906	0.00906	0.00906	0.00805	0.00503	0.01208	0.01208	0.01611	0.02618	0.05436	0.03020	0.70804	0.04228	0.00805	0.00805	0.01208	0.00503	0.00503
127	0.01818	0.01818	0.02545	0.02181	0.02181	0.02545	0.01818	0.01999	0.01272	0.01999	0.01091	0.01818	0.01091	0.01454	0.02726	0.00364	0.69284	0.00727	0.00364	0.00909
128	0.19373	0.00996	0.01095	0.01089	0.01319	0.01013	0.00808	0.01660	0.01905	0.03077	0.32192	0.23549	0.05484	0.01736	0.00891	0.00282	0.00479	0.01496	0.00776	0.00780
129	0.01877	0.01814	0.02942	0.19495	0.34488	0.02095	0.02297	0.02302	0.01672	0.02383	0.01417	0.02030	0.01206	0.00952	0.01331	0.00285	0.19176	0.00736	0.00389	0.01114
130	0.01549	0.00774	0.00774	0.00774	0.00968	0.00774	0.00581	0.01936	0.01742	0.03097	0.02710	0.03097	0.02129	0.00968	0.00581	0.00194	0.00387	0.00774	0.75416	0.00774
131	0.01033	0.00809	0.00936	0.00977	0.01172	0.00712	0.00705	0.01264	0.01906	0.02445	0.19672	0.25605	0.35488	0.02160	0.01004	0.00293	0.00432	0.01874	0.00803	0.00712
132	0.02566	0.02311	0.05385	0.01645	0.02149	0.21667	0.01342	0.03251	0.13896	0.18514	0.03602	0.03433	0.14284	0.01193	0.00837	0.00253	0.00913	0.00932	0.00721	0.01106
133	0.02012	0.01929	0.03292	0.10869	0.60197	0.01962	0.02528	0.02511	0.01871	0.02660	0.01555	0.02070	0.01297	0.00748	0.00823	0.00249	0.00998	0.00740	0.00407	0.01280
134	0.02102	0.02198	0.01805	0.01754	0.05136	0.26600	0.01272	0.02364	0.02061	0.05796	0.11248	0.03819	0.16161	0.01803	0.07465	0.00358	0.05563	0.01000	0.00595	0.00900
135	0.02403	0.01404	0.01598	0.01314	0.01759	0.01391	0.01037	0.19588	0.02501	0.19881	0.04023	0.04162	0.17269	0.09210	0.01231	0.00317	0.00677	0.01069	0.08090	0.01076
136	0.02094	0.04601	0.02329	0.05558	0.18764	0.01723	0.01635	0.06431	0.04561	0.11848	0.02074	0.02513	0.01670	0.02252	0.17427	0.00525	0.07744	0.00787	0.04366	0.01099
137	0.02029	0.01947	0.03324	0.08601	0.62329	0.01967	0.02536	0.02526	0.01879	0.02682	0.01558	0.02065	0.01304	0.00745	0.00823	0.00248	0.00994	0.00740	0.00409	0.01294
138	0.02053	0.02004	0.03153	0.11775	0.52896	0.05073	0.02417	0.02632	0.04991	0.02655	0.01631	0.02099	0.01342	0.00775	0.00821	0.00250	0.01008	0.00740	0.00429	0.01256
139	0.01875	0.02045	0.06045	0.07722	0.34759	0.09904	0.01980	0.02295	0.01928	0.02471	0.03174	0.03415	0.16716	0.01093	0.00850	0.00254	0.00936	0.00952	0.00494	0.01092

[dist]
# distance from previous block
# <min> <max>
3	13

[block]
# block no. 2 follows, 22 sequences, length 64
# corresponding to MSA columns:
# 259-322
name=unknown_C
#
# <colnr> <probs for GDERKNQSTAVLIFYWHMCP>
#	G	D	E	R	K	N	Q	S	T	A	V	L	I	F	Y	W	H	M	C	P
0	0.02272	0.02639	0.09261	0.03040	0.24191	0.17860	0.01992	0.03322	0.21285	0.02776	0.02052	0.02213	0.01607	0.00893	0.00808	0.00251	0.01034	0.00739	0.00544	0.01221
1	0.01979	0.02290	0.09266	0.04120	0.31569	0.02030	0.30986	0.02609	0.01913	0.02682	0.01613	0.02119	0.01268	0.00725	0.00894	0.00264	0.01202	0.00843	0.00410	0.01216
2	0.01980	0.02249	0.05615	0.02300	0.12276	0.20430	0.04557	0.02352	0.02097	0.02613	0.21513	0.06908	0.03479	0.01235	0.01026	0.00259	0.06547	0.01013	0.00587	0.00965
3	0.05515	0.11498	0.02894	0.03343	0.33669	0.08837	0.01959	0.02586	0.05308	0.02591	0.02012	0.03093	0.01858	0.01020	0.00814	0.00258	0.00957	0.10160	0.00490	0.01137
4	0.02250	0.47450	0.03930	0.02453	0.18961	0.08197	0.01735	0.02572	0.01796	0.02162	0.01273	0.01538	0.01132	0.00730	0.00627	0.00199	0.00964	0.00530	0.00376	0.01124
5	0.02412	0.01727	0.01618	0.01447	0.01837	0.14958	0.01105	0.05905	0.02180	0.22340	0.04047	0.19514	0.14303	0.01564	0.00898	0.00271	0.00778	0.01300	0.00783	0.01012
6	0.01025	0.00805	0.00927	0.00978	0.01169	0.00707	0.00702	0.01246	0.01875	0.02392	0.16971	0.27627	0.36237	0.02194	0.01007	0.00295	0.00435	0.01905	0.00796	0.00707
7	0.01549	0.00774	0.00774	0.00774	0.00968	0.00774	0.00581	0.01936	0.01742	0.03097	0.02710	0.03097	0.02129	0.00968	0.00581	0.00194	0.00387	0.00774	0.75416	0.00774
8	0.02264	0.01852	0.01905	0.01692	0.02176	0.05033	0.01320	0.04331	0.55703	0.09041	0.03274	0.03001	0.02425	0.01106	0.00840	0.00276	0.00701	0.00911	0.00842	0.01307
9	0.01187	0.00890	0.01335	0.01335	0.01483	0.01038	0.01038	0.01483	0.01335	0.01928	0.02225	0.03264	0.02077	0.06231	0.67512	0.01335	0.02225	0.00890	0.00445	0.00742
10	0.70647	0.01799	0.01314	0.01178	0.01685	0.07237	0.00957	0.02514	0.01491	0.03589	0.01167	0.01362	0.00914	0.00778	0.00533	0.00254	0.00713	0.00457	0.00507	0.00905
11	0.03058	0.07383	0.02456	0.02104	0.02546	0.64206	0.01596	0.03275	0.02320	0.02029	0.01278	0.01490	0.01070	0.00849	0.00738	0.00212	0.01467	0.00530	0.00424	0.00968
12	0.03015	0.03816	0.02362	0.05981	0.02750	0.63689	0.01646	0.03248	0.02314	0.02038	0.01295	0.01539	0.01072	0.00855	0.00754	0.00218	0.01476	0.00547	0.00425	0.00961
13	0.01949	0.02596	0.20022	0.04308	0.46506	0.01968	0.05455	0.02576	0.01859	0.02690	0.01549	0.01985	0.01244	0.00751	0.00821	0.00253	0.01069	0.00718	0.00396	0.01284
14	0.01190	0.00878	0.01271	0.01271	0.01398	0.01004	0.00959	0.01443	0.01316	0.01881	0.02283	0.03586	0.02217	0.15808	0.58126	0.01257	0.02015	0.00937	0.00454	0.00706
15	0.01023	0.00805	0.00925	0.00976	0.01168	0.00706	0.00701	0.01243	0.01871	0.02383	0.16510	0.27698	0.36646	0.02197	0.01007	0.00296	0.00436	0.01907	0.00795	0.00706
16	0.01012	0.00723	0.00964	0.01157	0.01205	0.00675	0.00771	0.01157	0.01591	0.02121	0.04579	0.70262	0.05495	0.02603	0.01060	0.00337	0.00482	0.02362	0.00771	0.00675
17	0.01142	0.00847	0.01240	0.01290	0.01412	0.00946	0.00970	0.01400	0.01400	0.01978	0.02826	0.20362	0.02949	0.05305	0.50553	0.01080	0.01780	0.01266	0.00528	0.00725
18	0.01723	0.01477	0.01723	0.01230	0.01969	0.01107	0.00984	0.02092	0.01723	0.02707	0.01477	0.01723	0.01230	0.00615	0.00615	0.00123	0.00615	0.00492	0.00492	0.75883
19	0.01280	0.01028	0.01514	0.01461	0.01587	0.01262	0.01154	0.01560	0.01326	0.01939	0.02057	0.03049	0.01931	0.05522	0.57904	0.01191	0.12171	0.00866	0.00433	0.00767
20	0.01744	0.03753	0.50208	0.02668	0.03793	0.01975	0.18816	0.02639	0.01809	0.02639	0.01541	0.01883	0.01107	0.00766	0.00840	0.00268	0.01273	0.00711	0.00369	0.01199
21	0.01086	0.00814	0.01008	0.01026	0.01203	0.00735	0.00744	0.01370	0.02041	0.02752	0.35637	0.23574	0.20897	0.02034	0.01002	0.00286	0.00423	0.01789	0.00843	0.00735
