[name]
unknown

[dist]
# distance from previous block
# <min> <max>
0	29

[block]
# block no. 0 follows, 22 sequences, length 10
# corresponding to MSA columns:
# 29-38
name=unknown_A
#
# <colnr> <probs for GDERKNQSTAVLIFYWHMCP>
#	G	D	E	R	K	N	Q	S	T	A	V	L	I	F	Y	W	H	M	C	P
0	0.01163	0.00861	0.01106	0.01178	0.01365	0.00805	0.00929	0.01475	0.01996	0.02648	0.24569	0.18009	0.17873	0.02117	0.01047	0.00316	0.00532	0.20450	0.00815	0.00744
1	0.02058	0.01930	0.03023	0.04303	0.50801	0.01995	0.02261	0.02985	0.16425	0.02892	0.01987	0.02300	0.01601	0.00831	0.00828	0.00255	0.00910	0.00787	0.00513	0.01316
2	0.01597	0.01500	0.02322	0.22152	0.03190	0.01876	0.04919	0.01956	0.01466	0.02095	0.01525	0.02292	0.01343	0.02293	0.17071	0.00546	0.25509	0.00768	0.00395	0.05183
3	0.02050	0.02248	0.02619	0.05749	0.18663	0.19221	0.10668	0.02531	0.05222	0.02427	0.03196	0.03382	0.16235	0.01108	0.00865	0.00254	0.01041	0.00968	0.00522	0.01031
4	0.01454	0.01113	0.01369	0.04697	0.01723	0.01130	0.00982	0.02081	0.16120	0.02386	0.03163	0.28578	0.03286	0.05624	0.01434	0.11498	0.00625	0.01396	0.00656	0.10681
5	0.01870	0.01191	0.01382	0.01192	0.01598	0.01124	0.00924	0.02574	0.13051	0.11949	0.12953	0.07334	0.05596	0.01192	0.00777	0.00227	0.00532	0.01004	0.18223	0.15305
6	0.01406	0.09785	0.01573	0.01129	0.01418	0.01184	0.00852	0.01735	0.04149	0.02538	0.23718	0.13369	0.04458	0.16348	0.01573	0.00358	0.00598	0.01253	0.00671	0.11886
7	0.06757	0.06094	0.02281	0.04275	0.02437	0.20770	0.01454	0.29955	0.02886	0.03633	0.02239	0.02327	0.06535	0.01014	0.00778	0.00238	0.01011	0.00739	0.03438	0.01139
8	0.02691	0.03258	0.02117	0.01998	0.02370	0.51935	0.01543	0.02945	0.02251	0.02139	0.02011	0.03337	0.01937	0.01192	0.00842	0.00253	0.01327	0.14430	0.00507	0.00917
9	0.01312	0.01027	0.01426	0.01311	0.01597	0.01055	0.01026	0.01626	0.01426	0.02110	0.02050	0.02904	0.01879	0.04919	0.51889	0.01052	0.01849	0.00797	0.00456	0.18291

[dist]
# distance from previous block
# <min> <max>
0	26

[block]
# block no. 1 follows, 22 sequences, length 12
# corresponding to MSA columns:
# 65-76
name=unknown_B
#
# <colnr> <probs for GDERKNQSTAVLIFYWHMCP>
#	G	D	E	R	K	N	Q	S	T	A	V	L	I	F	Y	W	H	M	C	P
0	0.01002	0.00842	0.00870	0.00863	0.01134	0.00710	0.00647	0.01231	0.01941	0.02357	0.14323	0.07809	0.59307	0.02062	0.00982	0.00279	0.00418	0.01727	0.00786	0.00710
1	0.06815	0.00939	0.01303	0.01287	0.01467	0.01073	0.01002	0.01564	0.01447	0.02209	0.08697	0.03427	0.02589	0.05352	0.55593	0.01143	0.01916	0.00921	0.00499	0.00758
2	0.02267	0.01783	0.01853	0.01602	0.01985	0.06697	0.01232	0.14415	0.23856	0.08568	0.02619	0.03152	0.02168	0.15322	0.04529	0.00424	0.04806	0.00904	0.00713	0.01104
3	0.02056	0.01974	0.03372	0.05099	0.65622	0.01974	0.02550	0.02550	0.01892	0.02714	0.01563	0.02056	0.01316	0.00740	0.00822	0.00247	0.00987	0.00740	0.00411	0.01316
4	0.02066	0.01785	0.01878	0.01691	0.02160	0.02066	0.01315	0.04414	0.64121	0.03475	0.03381	0.03099	0.02536	0.01127	0.00845	0.00282	0.00657	0.00939	0.00845	0.01315
5	0.06640	0.51248	0.03718	0.01563	0.02187	0.12149	0.01444	0.05490	0.01853	0.02228	0.01211	0.01412	0.01075	0.00783	0.00680	0.00200	0.04185	0.00485	0.00398	0.01051
6	0.01921	0.01749	0.02941	0.30997	0.18101	0.01916	0.11529	0.02743	0.11215	0.05758	0.01905	0.02348	0.01441	0.00845	0.00855	0.00270	0.01038	0.00812	0.00491	0.01125
7	0.01200	0.00838	0.01069	0.01069	0.01125	0.00894	0.00707	0.01313	0.01256	0.01731	0.02469	0.04612	0.02662	0.46289	0.28254	0.01007	0.01344	0.01087	0.00481	0.00594
8	0.01789	0.01710	0.02643	0.23433	0.31339	0.05170	0.02123	0.02246	0.01734	0.02342	0.01655	0.02318	0.01393	0.01877	0.14227	0.00473	0.01299	0.00759	0.00406	0.01063
9	0.02021	0.01938	0.03309	0.09639	0.61353	0.01965	0.02532	0.02519	0.01875	0.02672	0.01556	0.02067	0.01301	0.00747	0.00823	0.00249	0.00996	0.00740	0.00408	0.01288
10	0.01803	0.01716	0.02915	0.38182	0.34517	0.01907	0.02424	0.02328	0.01772	0.02407	0.01518	0.02139	0.01208	0.00787	0.00827	0.00262	0.01049	0.00739	0.00389	0.01112
11	0.01839	0.01752	0.02980	0.33497	0.38921	0.01917	0.02441	0.02359	0.01789	0.02450	0.01524	0.02127	0.01223	0.00780	0.00826	0.00260	0.01041	0.00739	0.00392	0.01141

[dist]
# distance from previous block
# <min> <max>
0	2

[block]
# block no. 2 follows, 22 sequences, length 59
# corresponding to MSA columns:
# 79-137
name=unknown_C
#
# <colnr> <probs for GDERKNQSTAVLIFYWHMCP>
#	G	D	E	R	K	N	Q	S	T	A	V	L	I	F	Y	W	H	M	C	P
0	0.02022	0.01958	0.03398	0.08850	0.58841	0.01973	0.05648	0.02530	0.01881	0.02676	0.01564	0.02075	0.01300	0.00744	0.00831	0.00250	0.01016	0.00753	0.00409	0.01282
1	0.01746	0.01624	0.02374	0.03311	0.35188	0.04892	0.01859	0.02153	0.01940	0.02582	0.05927	0.04785	0.11924	0.01351	0.00924	0.00282	0.00852	0.14659	0.00569	0.01056
2	0.01255	0.01155	0.01055	0.01073	0.01283	0.08093	0.00763	0.01435	0.01818	0.02166	0.08303	0.21369	0.35416	0.09448	0.01323	0.00342	0.00594	0.01691	0.00710	0.00706
3	0.02605	0.03326	0.08403	0.02114	0.02605	0.43765	0.07247	0.02955	0.02133	0.02282	0.01514	0.01810	0.01223	0.00877	0.00843	0.00229	0.04436	0.00623	0.10034	0.00976
4	0.01300	0.00941	0.01258	0.01236	0.01366	0.01040	0.00901	0.05076	0.01471	0.02050	0.02483	0.08364	0.02537	0.23987	0.41024	0.01052	0.01625	0.01072	0.00507	0.00710
5	0.01628	0.01614	0.03013	0.40587	0.04709	0.01781	0.20122	0.02163	0.01716	0.02249	0.01802	0.06537	0.01547	0.05661	0.01120	0.00317	0.01137	0.00940	0.00418	0.00938
6	0.01048	0.00760	0.00990	0.01109	0.01208	0.00702	0.00765	0.01254	0.01788	0.02410	0.18891	0.51173	0.10108	0.02359	0.01036	0.00316	0.00457	0.02121	0.00804	0.00702
7	0.01668	0.01491	0.02335	0.30719	0.18171	0.01674	0.01920	0.05682	0.01913	0.02581	0.09159	0.09331	0.04776	0.01159	0.00950	0.00276	0.03662	0.01018	0.00521	0.00995
8	0.02353	0.02537	0.03083	0.04260	0.47735	0.20553	0.02282	0.02767	0.02023	0.02521	0.01484	0.01898	0.01246	0.00773	0.00802	0.00237	0.01132	0.00682	0.00416	0.01216
9	0.02838	0.02482	0.02482	0.02012	0.02483	0.13447	0.01639	0.38764	0.03035	0.03948	0.01666	0.01870	0.01281	0.01079	0.01257	0.00270	0.16863	0.00707	0.00655	0.01221
10	0.02004	0.01920	0.03277	0.11945	0.59185	0.01960	0.02524	0.02504	0.01867	0.02650	0.01553	0.02073	0.01293	0.00750	0.00823	0.00250	0.01000	0.00740	0.00407	0.01274
11	0.02281	0.66720	0.04217	0.01470	0.02162	0.07656	0.01434	0.02544	0.01733	0.01960	0.01164	0.01344	0.01066	0.00721	0.00548	0.00180	0.00930	0.00450	0.00360	0.01059
12	0.02201	0.19088	0.25331	0.02622	0.14905	0.17443	0.02254	0.02742	0.01904	0.02354	0.01380	0.01656	0.01110	0.00777	0.00728	0.00229	0.01167	0.00581	0.00381	0.01146
13	0.02128	0.60071	0.14771	0.01580	0.02378	0.03060	0.01698	0.02512	0.01699	0.02068	0.01211	0.01403	0.01064	0.00724	0.00576	0.00192	0.00945	0.00473	0.00355	0.01093
14	0.01155	0.00943	0.01032	0.00993	0.01267	0.00869	0.00749	0.01644	0.08551	0.02705	0.25210	0.06936	0.41184	0.01878	0.00967	0.00275	0.00437	0.01591	0.00823	0.00791
15	0.01815	0.22269	0.49832	0.02114	0.03203	0.02293	0.02627	0.02592	0.01736	0.02449	0.01401	0.01641	0.01056	0.00768	0.00721	0.00240	0.01137	0.00568	0.00352	0.01184
16	0.02825	0.02130	0.02315	0.01754	0.02435	0.02236	0.01441	0.48765	0.03400	0.04649	0.01874	0.01931	0.01371	0.00909	0.00781	0.00220	0.00845	0.00689	0.00752	0.18678
17	0.01262	0.00858	0.01177	0.01177	0.01318	0.00960	0.00889	0.01545	0.01403	0.02129	0.02365	0.03464	0.02189	0.12114	0.47288	0.01049	0.01704	0.00901	0.15487	0.00723
18	0.01003	0.00842	0.00870	0.00863	0.01135	0.00710	0.00648	0.01233	0.01943	0.02361	0.14516	0.07803	0.59112	0.02060	0.00982	0.00278	0.00418	0.01726	0.00787	0.00710
19	0.01723	0.01477	0.01723	0.01230	0.01969	0.01107	0.00984	0.02092	0.01723	0.02707	0.01477	0.01723	0.01230	0.00615	0.00615	0.00123	0.00615	0.00492	0.00492	0.75883
20	0.01557	0.01434	0.02045	0.01832	0.01893	0.01923	0.01496	0.01786	0.01298	0.01970	0.01559	0.02415	0.01498	0.03427	0.29483	0.00765	0.41588	0.00794	0.00397	0.00840
21	0.00999	0.00847	0.00865	0.00874	0.01150	0.00713	0.00664	0.01217	0.01894	0.02256	0.08227	0.08060	0.62446	0.02113	0.00990	0.00285	0.00437	0.04488	0.00771	0.00704
22	0.01187	0.00890	0.01335	0.01335	0.01483	0.01038	0.01038	0.01483	0.01335	0.01928	0.02225	0.03264	0.02077	0.06231	0.67512	0.01335	0.02225	0.00890	0.00445	0.00742
23	0.02056	0.01974	0.03372	0.05099	0.65622	0.01974	0.02550	0.02550	0.01892	0.02714	0.01563	0.02056	0.01316	0.00740	0.00822	0.00247	0.00987	0.00740	0.00411	0.01316
24	0.02221	0.71304	0.04353	0.01421	0.02132	0.03287	0.01421	0.02488	0.01688	0.01955	0.01155	0.01333	0.01066	0.00711	0.00533	0.00178	0.00888	0.00444	0.00355	0.01066
25	0.00995	0.00842	0.00860	0.00855	0.01130	0.00707	0.00642	0.01218	0.01925	0.02318	0.12280	0.07873	0.61375	0.02076	0.00982	0.00279	0.00419	0.01736	0.00781	0.00707
26	0.03496	0.01363	0.01854	0.01439	0.02041	0.01181	0.01181	0.03824	0.02375	0.60512	0.08877	0.03133	0.02579	0.01089	0.00848	0.00257	0.00678	0.00896	0.01018	0.01357
27	0.01799	0.01522	0.01763	0.01266	0.02001	0.01185	0.01016	0.05307	0.01838	0.02841	0.01504	0.01737	0.01240	0.00635	0.00627	0.00130	0.00631	0.00506	0.00510	0.71942
28	0.02479	0.01797	0.01929	0.01546	0.02057	0.01933	0.01254	0.41288	0.03223	0.04387	0.08886	0.03350	0.10927	0.01212	0.00836	0.00248	0.00734	0.00961	0.09773	0.01179
29	0.01012	0.00723	0.00964	0.01157	0.01205	0.00675	0.00771	0.01157	0.01591	0.02121	0.04579	0.70262	0.05495	0.02603	0.01060	0.00337	0.00482	0.02362	0.00771	0.00675
30	0.02056	0.01974	0.03372	0.05099	0.65622	0.01974	0.02550	0.02550	0.01892	0.02714	0.01563	0.02056	0.01316	0.00740	0.00822	0.00247	0.00987	0.00740	0.00411	0.01316
31	0.30605	0.13945	0.24097	0.01609	0.02361	0.02032	0.01743	0.02411	0.01567	0.02866	0.01386	0.01691	0.01106	0.01354	0.07811	0.00362	0.01054	0.00552	0.00425	0.01022
32	0.01053	0.00762	0.01050	0.01198	0.01270	0.00759	0.00833	0.01232	0.01531	0.02076	0.04033	0.54729	0.04702	0.03444	0.16467	0.00569	0.00886	0.02020	0.00696	0.00690
33	0.03540	0.01402	0.01888	0.01466	0.02081	0.01235	0.01204	0.03947	0.04875	0.60709	0.06186	0.02997	0.02347	0.01064	0.00843	0.00258	0.00690	0.00871	0.01015	0.01380
34	0.02221	0.71304	0.04353	0.01421	0.02132	0.03287	0.01421	0.02488	0.01688	0.01955	0.01155	0.01333	0.01066	0.00711	0.00533	0.00178	0.00888	0.00444	0.00355	0.01066
35	0.01851	0.19438	0.40292	0.02366	0.03399	0.02277	0.14092	0.02603	0.01778	0.02480	0.01449	0.01750	0.01095	0.00754	0.00766	0.00247	0.01182	0.00645	0.00365	0.01170
36	0.01666	0.04297	0.66500	0.02368	0.03596	0.01929	0.03069	0.02631	0.01754	0.02631	0.01491	0.01754	0.01052	0.00789	0.00789	0.00263	0.01228	0.00614	0.00351	0.01228
37	0.01251	0.00984	0.01458	0.01421	0.01554	0.01192	0.01118	0.01536	0.01329	0.01936	0.02110	0.03117	0.01977	0.05745	0.60927	0.01236	0.09042	0.00874	0.00437	0.00759
38	0.03158	0.02327	0.02493	0.01911	0.02576	0.02576	0.01579	0.62852	0.03906	0.05236	0.01995	0.01995	0.01413	0.00997	0.00831	0.00249	0.00914	0.00748	0.00831	0.01413
39	0.01187	0.00890	0.01335	0.01335	0.01483	0.01038	0.01038	0.01483	0.01335	0.01928	0.02225	0.03264	0.02077	0.06231	0.67512	0.01335	0.02225	0.00890	0.00445	0.00742
40	0.02056	0.01974	0.03372	0.05099	0.65622	0.01974	0.02550	0.02550	0.01892	0.02714	0.01563	0.02056	0.01316	0.00740	0.00822	0.00247	0.00987	0.00740	0.00411	0.01316
41	0.01974	0.10645	0.08543	0.03184	0.04032	0.02233	0.51687	0.02638	0.01916	0.02575	0.01606	0.02103	0.01225	0.00707	0.00915	0.00267	0.01329	0.00894	0.00408	0.01120
42	0.01012	0.00723	0.00964	0.01157	0.01205	0.00675	0.00771	0.01157	0.01591	0.02121	0.04579	0.70262	0.05495	0.02603	0.01060	0.00337	0.00482	0.02362	0.00771	0.00675
43	0.01050	0.00752	0.00998	0.01131	0.01213	0.00700	0.00774	0.01252	0.01767	0.02401	0.18630	0.55411	0.06038	0.02393	0.01042	0.00320	0.00461	0.02162	0.00804	0.00700
44	0.02948	0.03704	0.02374	0.04697	0.02660	0.60096	0.01648	0.03173	0.02247	0.02034	0.01277	0.01549	0.01073	0.00900	0.00900	0.00228	0.06557	0.00557	0.00421	0.00957
45	0.03369	0.01374	0.01839	0.01443	0.02030	0.01219	0.01180	0.03805	0.05642	0.56221	0.09839	0.03200	0.02694	0.01104	0.00851	0.00259	0.00671	0.00912	0.01006	0.01342
46	0.01187	0.00890	0.01335	0.01335	0.01483	0.01038	0.01038	0.01483	0.01335	0.01928	0.02225	0.03264	0.02077	0.06231	0.67512	0.01335	0.02225	0.00890	0.00445	0.00742
47	0.01165	0.00812	0.00894	0.00894	0.00947	0.00785	0.00528	0.01205	0.01339	0.01732	0.03728	0.05927	0.14948	0.57644	0.03606	0.00705	0.00732	0.01313	0.00555	0.00541
48	0.01723	0.01477	0.01723	0.01230	0.01969	0.01107	0.00984	0.02092	0.01723	0.02707	0.01477	0.01723	0.01230	0.00615	0.00615	0.00123	0.00615	0.00492	0.00492	0.75883
49	0.01666	0.04297	0.66500	0.02368	0.03596	0.01929	0.03069	0.02631	0.01754	0.02631	0.01491	0.01754	0.01052	0.00789	0.00789	0.00263	0.01228	0.00614	0.00351	0.01228
50	0.02066	0.01785	0.01878	0.01691	0.02160	0.02066	0.01315	0.04414	0.64121	0.03475	0.03381	0.03099	0.02536	0.01127	0.00845	0.00282	0.00657	0.00939	0.00845	0.01315
51	0.01340	0.04797	0.01252	0.01042	0.01336	0.04500	0.00805	0.01624	0.02095	0.05079	0.28341	0.06430	0.34804	0.01771	0.00939	0.00263	0.00504	0.01490	0.00793	0.00793
52	0.01666	0.04297	0.66500	0.02368	0.03596	0.01929	0.03069	0.02631	0.01754	0.02631	0.01491	0.01754	0.01052	0.00789	0.00789	0.00263	0.01228	0.00614	0.00351	0.01228
53	0.01569	0.01477	0.02492	0.68808	0.05722	0.01846	0.02307	0.02123	0.01661	0.02123	0.01477	0.02215	0.01107	0.00831	0.00831	0.00277	0.01107	0.00738	0.00369	0.00923
54	0.01666	0.04297	0.66500	0.02368	0.03596	0.01929	0.03069	0.02631	0.01754	0.02631	0.01491	0.01754	0.01052	0.00789	0.00789	0.00263	0.01228	0.00614	0.00351	0.01228
55	0.01746	0.01647	0.02641	0.03868	0.46978	0.01606	0.01995	0.02157	0.01892	0.02578	0.03544	0.03773	0.19807	0.01134	0.00869	0.00256	0.00823	0.01033	0.00515	0.01138
56	0.01856	0.02234	0.15653	0.28198	0.28568	0.01890	0.02516	0.02460	0.01795	0.04736	0.01577	0.02082	0.01212	0.00794	0.00819	0.00262	0.01070	0.00718	0.00405	0.01155
57	0.01713	0.14810	0.02612	0.02772	0.27005	0.01750	0.01678	0.02079	0.01857	0.02421	0.03544	0.04625	0.16121	0.01333	0.00864	0.00267	0.00800	0.12175	0.00548	0.01027
58	0.02056	0.01974	0.03372	0.05099	0.65622	0.01974	0.02550	0.02550	0.01892	0.02714	0.01563	0.02056	0.01316	0.00740	0.00822	0.00247	0.00987	0.00740	0.00411	0.01316

[dist]
# distance from previous block
# <min> <max>
1	2

[block]
# block no. 3 follows, 22 sequences, length 10
# corresponding to MSA columns:
# 140-149
name=unknown_D
#
# <colnr> <probs for GDERKNQSTAVLIFYWHMCP>
#	G	D	E	R	K	N	Q	S	T	A	V	L	I	F	Y	W	H	M	C	P
0	0.17661	0.03252	0.25420	0.02513	0.13564	0.18992	0.02149	0.02757	0.01863	0.02717	0.01380	0.01655	0.01071	0.00794	0.00727	0.00246	0.01135	0.00581	0.00415	0.01106
1	0.02056	0.01974	0.03372	0.05099	0.65622	0.01974	0.02550	0.02550	0.01892	0.02714	0.01563	0.02056	0.01316	0.00740	0.00822	0.00247	0.00987	0.00740	0.00411	0.01316
2	0.01916	0.02811	0.26131	0.04114	0.43260	0.01958	0.02737	0.02579	0.01842	0.02684	0.01537	0.01947	0.01221	0.00758	0.00810	0.00253	0.01074	0.00695	0.00389	0.01284
3	0.01166	0.00860	0.01115	0.01205	0.01332	0.00860	0.00858	0.04701	0.01698	0.02268	0.04328	0.46316	0.10519	0.03215	0.14820	0.00534	0.00862	0.01905	0.00707	0.00733
4	0.02052	0.02299	0.08842	0.11788	0.21432	0.14130	0.01897	0.06676	0.01936	0.02448	0.01741	0.02638	0.01575	0.15327	0.01513	0.00362	0.01081	0.00786	0.00452	0.01026
5	0.09453	0.02466	0.15843	0.02772	0.07680	0.02028	0.27915	0.02989	0.14751	0.02935	0.01935	0.02221	0.01452	0.00816	0.00857	0.00273	0.01108	0.00830	0.00504	0.01173
6	0.02194	0.02604	0.09565	0.08476	0.37834	0.15551	0.06653	0.02696	0.01963	0.02520	0.01500	0.01934	0.01220	0.00773	0.00816	0.00246	0.01155	0.00702	0.00406	0.01193
7	0.02494	0.02956	0.02236	0.02431	0.12831	0.42664	0.01590	0.02741	0.02118	0.02165	0.02014	0.15851	0.02029	0.01199	0.00826	0.00245	0.01202	0.00948	0.00496	0.00962
8	0.07429	0.03009	0.24053	0.02818	0.19480	0.12451	0.02231	0.08617	0.02087	0.02869	0.01964	0.02204	0.05426	0.00894	0.00789	0.00250	0.01081	0.00712	0.00467	0.01169
9	0.01916	0.02468	0.18046	0.10814	0.45144	0.01951	0.02647	0.02526	0.01836	0.02636	0.01537	0.02001	0.01233	0.00761	0.00815	0.00254	0.01055	0.00710	0.00393	0.01256

[dist]
# distance from previous block
# <min> <max>
0	68

[block]
# block no. 4 follows, 22 sequences, length 17
# corresponding to MSA columns:
# 218-234
name=unknown_E
#
# <colnr> <probs for GDERKNQSTAVLIFYWHMCP>
#	G	D	E	R	K	N	Q	S	T	A	V	L	I	F	Y	W	H	M	C	P
0	0.02216	0.10132	0.16989	0.02524	0.17687	0.01940	0.01949	0.10300	0.04861	0.09968	0.05439	0.02348	0.01806	0.00901	0.00774	0.00242	0.00891	0.00744	0.07075	0.01214
1	0.01944	0.02664	0.17420	0.06387	0.16791	0.15756	0.05368	0.02416	0.01857	0.02347	0.02008	0.12193	0.01924	0.06003	0.01084	0.00300	0.01095	0.00952	0.00459	0.01035
2	0.02117	0.12181	0.08835	0.03025	0.28376	0.01906	0.01922	0.06725	0.01990	0.09258	0.02219	0.13638	0.02051	0.01106	0.00819	0.00255	0.00875	0.00972	0.00552	0.01178
3	0.07612	0.24574	0.08336	0.02431	0.15720	0.13613	0.01793	0.07503	0.06340	0.02671	0.01511	0.01724	0.01236	0.00804	0.00696	0.00224	0.01010	0.00595	0.00462	0.01147
4	0.07131	0.05654	0.06276	0.01503	0.01905	0.09445	0.01268	0.12328	0.02231	0.02978	0.10846	0.18201	0.07749	0.01577	0.00890	0.00279	0.00779	0.07336	0.00686	0.00937
5	0.01659	0.01218	0.01425	0.01370	0.04279	0.01194	0.00995	0.14689	0.02396	0.05891	0.17661	0.15051	0.25404	0.01751	0.00947	0.00276	0.00567	0.01492	0.00809	0.00925
6	0.02152	0.02754	0.13507	0.03162	0.26093	0.20413	0.02138	0.02620	0.01958	0.02423	0.01790	0.02628	0.01586	0.01357	0.06040	0.00338	0.01249	0.06246	0.00442	0.01104
7	0.02472	0.52163	0.03785	0.01626	0.02256	0.21529	0.01474	0.02723	0.01877	0.01977	0.01192	0.01380	0.01067	0.00752	0.00594	0.00188	0.01062	0.00470	0.00376	0.01037
8	0.08601	0.01290	0.03802	0.01175	0.01597	0.01148	0.00960	0.02205	0.10676	0.07661	0.17704	0.05023	0.24350	0.01469	0.00862	0.00256	0.00542	0.01219	0.00762	0.08698
9	0.01809	0.21560	0.50489	0.02124	0.03219	0.02279	0.02645	0.02594	0.01737	0.02457	0.01404	0.01645	0.01056	0.00769	0.00723	0.00241	0.01140	0.00570	0.00352	0.01186
10	0.01955	0.01830	0.03085	0.04595	0.56605	0.01830	0.02379	0.02433	0.01895	0.02682	0.01963	0.03088	0.01805	0.00960	0.00868	0.00266	0.00956	0.09107	0.00461	0.01238
11	0.01988	0.23527	0.02388	0.01388	0.01826	0.01814	0.01229	0.02270	0.01866	0.13100	0.03786	0.04799	0.15986	0.01466	0.00986	0.00272	0.06076	0.13615	0.00649	0.00969
12	0.01286	0.00939	0.01265	0.01428	0.01633	0.00919	0.01234	0.01643	0.01910	0.02450	0.04992	0.09168	0.13713	0.02267	0.01123	0.00367	0.00714	0.51427	0.00766	0.00756
13	0.01699	0.03566	0.48404	0.02474	0.07637	0.01990	0.02724	0.02473	0.01706	0.02558	0.04079	0.01971	0.01360	0.00937	0.01130	0.00279	0.12791	0.00679	0.00381	0.01161
14	0.01519	0.03555	0.52399	0.02040	0.03064	0.01666	0.02546	0.02322	0.01784	0.02548	0.02978	0.03094	0.14848	0.01072	0.00831	0.00267	0.01054	0.00859	0.00441	0.01115
15	0.02006	0.01922	0.03281	0.11709	0.59407	0.01961	0.02524	0.02505	0.01868	0.02653	0.01554	0.02073	0.01294	0.00750	0.00823	0.00250	0.00999	0.00740	0.00407	0.01275
16	0.01082	0.00773	0.01044	0.01237	0.01316	0.00735	0.00893	0.01278	0.01660	0.02199	0.04540	0.57184	0.05341	0.02537	0.01079	0.00347	0.00543	0.14747	0.00770	0.00694

[dist]
# distance from previous block
# <min> <max>
1	6

[block]
# block no. 5 follows, 22 sequences, length 43
# corresponding to MSA columns:
# 241-283
name=unknown_F
#
# <colnr> <probs for GDERKNQSTAVLIFYWHMCP>
#	G	D	E	R	K	N	Q	S	T	A	V	L	I	F	Y	W	H	M	C	P
0	0.01805	0.03406	0.41113	0.03149	0.16170	0.01974	0.15285	0.02621	0.01824	0.02654	0.01544	0.01915	0.01148	0.00761	0.00835	0.00263	0.01215	0.00715	0.00377	0.01223
1	0.02906	0.03621	0.02188	0.01997	0.02405	0.60308	0.01498	0.03130	0.02297	0.02102	0.01738	0.01928	0.04519	0.00928	0.00752	0.00216	0.01381	0.00612	0.04534	0.00939
2	0.02448	0.53990	0.03839	0.01606	0.02244	0.19788	0.01469	0.02701	0.01859	0.01975	0.01188	0.01375	0.01067	0.00748	0.00589	0.00187	0.01045	0.00468	0.00374	0.01040
3	0.01038	0.00839	0.00923	0.00912	0.01159	0.00723	0.00680	0.01297	0.02010	0.02546	0.24261	0.10147	0.46534	0.02011	0.00985	0.00278	0.00415	0.01708	0.00812	0.00723
4	0.02154	0.02121	0.07416	0.02970	0.20976	0.02031	0.10764	0.14941	0.15645	0.03332	0.02584	0.02734	0.06538	0.00978	0.00862	0.00263	0.00935	0.00889	0.00613	0.01252
5	0.02764	0.09021	0.02557	0.02090	0.02452	0.48714	0.01634	0.02975	0.02075	0.02020	0.01233	0.01551	0.01074	0.00969	0.01143	0.00242	0.15550	0.00568	0.00409	0.00960
6	0.01208	0.00805	0.00906	0.00906	0.00906	0.00805	0.00503	0.01208	0.01208	0.01611	0.02618	0.05436	0.03020	0.70804	0.04228	0.00805	0.00805	0.01208	0.00503	0.00503
7	0.01666	0.04297	0.66500	0.02368	0.03596	0.01929	0.03069	0.02631	0.01754	0.02631	0.01491	0.01754	0.01052	0.00789	0.00789	0.00263	0.01228	0.00614	0.00351	0.01228
8	0.02216	0.05425	0.02590	0.02106	0.02292	0.13265	0.01735	0.09861	0.01799	0.02408	0.01239	0.01765	0.01126	0.01264	0.02063	0.00316	0.46425	0.00685	0.00432	0.00988
9	0.00988	0.00817	0.00867	0.00907	0.01139	0.00696	0.00660	0.01185	0.01831	0.02219	0.07618	0.20949	0.52846	0.02208	0.00998	0.00292	0.00434	0.01880	0.00771	0.00696
10	0.03148	0.02638	0.02467	0.01955	0.02575	0.14939	0.01584	0.51510	0.03610	0.04626	0.01859	0.01900	0.01347	0.00970	0.00815	0.00243	0.01025	0.00707	0.00754	0.01327
11	0.02008	0.16339	0.16701	0.03795	0.40006	0.02228	0.02432	0.02554	0.01822	0.02545	0.01466	0.01848	0.01211	0.00745	0.00758	0.00236	0.01017	0.00655	0.00387	0.01248
12	0.00982	0.00842	0.00842	0.00842	0.01122	0.00701	0.00631	0.01192	0.01894	0.02244	0.08416	0.07995	0.65285	0.02104	0.00982	0.00281	0.00421	0.01753	0.00771	0.00701
13	0.02746	0.02554	0.02782	0.03120	0.25492	0.16502	0.01937	0.27955	0.02835	0.03621	0.01683	0.01909	0.01303	0.00873	0.00810	0.00241	0.01068	0.00699	0.00591	0.01280
14	0.02405	0.57294	0.03937	0.01571	0.02223	0.16639	0.01460	0.02660	0.01827	0.01971	0.01182	0.01367	0.01067	0.00741	0.00578	0.00185	0.01015	0.00463	0.00370	0.01045
15	0.14011	0.01751	0.02360	0.02012	0.02138	0.02336	0.04086	0.02071	0.01327	0.02304	0.01185	0.01835	0.01118	0.01564	0.05716	0.00394	0.51790	0.00701	0.00395	0.00907
16	0.02056	0.01974	0.03372	0.05099	0.65622	0.01974	0.02550	0.02550	0.01892	0.02714	0.01563	0.02056	0.01316	0.00740	0.00822	0.00247	0.00987	0.00740	0.00411	0.01316
17	0.02274	0.01888	0.02974	0.03959	0.44071	0.04715	0.05142	0.02729	0.02033	0.12467	0.07658	0.02539	0.02014	0.00876	0.00843	0.00250	0.00933	0.00827	0.00553	0.01256
18	0.02056	0.01974	0.03372	0.05099	0.65622	0.01974	0.02550	0.02550	0.01892	0.02714	0.01563	0.02056	0.01316	0.00740	0.00822	0.00247	0.00987	0.00740	0.00411	0.01316
19	0.03103	0.03959	0.02354	0.02140	0.02568	0.67469	0.01605	0.03317	0.02354	0.02033	0.01284	0.01498	0.01070	0.00856	0.00749	0.00214	0.01498	0.00535	0.00428	0.00963
20	0.02056	0.01974	0.03372	0.05099	0.65622	0.01974	0.02550	0.02550	0.01892	0.02714	0.01563	0.02056	0.01316	0.00740	0.00822	0.00247	0.00987	0.00740	0.00411	0.01316
21	0.01140	0.00873	0.00913	0.00886	0.01182	0.00733	0.00670	0.01365	0.01941	0.05780	0.10715	0.07632	0.59228	0.02027	0.00974	0.00278	0.00435	0.01692	0.00792	0.00744
22	0.01012	0.00723	0.00964	0.01157	0.01205	0.00675	0.00771	0.01157	0.01591	0.02121	0.04579	0.70262	0.05495	0.02603	0.01060	0.00337	0.00482	0.02362	0.00771	0.00675
23	0.02170	0.65154	0.10057	0.01508	0.02267	0.03163	0.01573	0.02501	0.01694	0.02017	0.01186	0.01371	0.01065	0.00718	0.00557	0.00186	0.00920	0.00460	0.00355	0.01081
24	0.01495	0.21640	0.01975	0.01104	0.01520	0.06229	0.00932	0.01722	0.01866	0.02145	0.05786	0.05585	0.41942	0.01608	0.00834	0.00246	0.00634	0.01284	0.00625	0.00827
25	0.03207	0.01602	0.01966	0.01578	0.02174	0.01584	0.01280	0.09549	0.19930	0.42915	0.03189	0.02828	0.02133	0.01053	0.00838	0.00263	0.00712	0.00857	0.00959	0.01386
26	0.01187	0.00890	0.01335	0.01335	0.01483	0.01038	0.01038	0.01483	0.01335	0.01928	0.02225	0.03264	0.02077	0.06231	0.67512	0.01335	0.02225	0.00890	0.00445	0.00742
27	0.02338	0.62450	0.04098	0.01506	0.02189	0.08926	0.01444	0.05104	0.01840	0.02100	0.01202	0.01375	0.01081	0.00736	0.00565	0.00184	0.00943	0.00465	0.00382	0.01072
28	0.01644	0.01257	0.01395	0.01218	0.01573	0.01258	0.00952	0.17043	0.05012	0.03435	0.26727	0.05651	0.26294	0.01642	0.00938	0.00266	0.00545	0.01378	0.00840	0.00935
29	0.01017	0.00853	0.00891	0.00910	0.01181	0.00726	0.00701	0.01244	0.01895	0.02268	0.08019	0.08131	0.59312	0.02123	0.00998	0.00291	0.00455	0.07507	0.00771	0.00708
30	0.01702	0.04084	0.60706	0.02618	0.09288	0.01933	0.03022	0.02623	0.01767	0.02639	0.01497	0.01782	0.01077	0.00785	0.00792	0.00262	0.01206	0.00625	0.00356	0.01236
31	0.02346	0.56695	0.07154	0.01549	0.02278	0.03103	0.01530	0.12350	0.02053	0.02524	0.01309	0.01462	0.01122	0.00761	0.00595	0.00194	0.00910	0.00502	0.00433	0.01131
32	0.02741	0.02120	0.02259	0.01827	0.02418	0.02382	0.01478	0.40553	0.26883	0.04564	0.02524	0.02416	0.01841	0.01047	0.00836	0.00262	0.00816	0.00821	0.00836	0.01375
33	0.01012	0.00723	0.00964	0.01157	0.01205	0.00675	0.00771	0.01157	0.01591	0.02121	0.04579	0.70262	0.05495	0.02603	0.01060	0.00337	0.00482	0.02362	0.00771	0.00675
34	0.01883	0.02047	0.08918	0.22803	0.43048	0.01934	0.02529	0.02437	0.01814	0.02540	0.01532	0.02073	0.01233	0.00770	0.00822	0.00257	0.01043	0.00728	0.00394	0.01197
35	0.02450	0.40468	0.03614	0.02230	0.12624	0.21673	0.01659	0.02738	0.01914	0.02101	0.01259	0.01499	0.01108	0.00758	0.00643	0.00199	0.01081	0.00519	0.00386	0.01077
36	0.01456	0.01242	0.01301	0.01216	0.01571	0.01286	0.00932	0.02586	0.28327	0.02844	0.10338	0.05790	0.34557	0.01661	0.00924	0.00280	0.00519	0.01390	0.00813	0.00968
37	0.01187	0.00890	0.01335	0.01335	0.01483	0.01038	0.01038	0.01483	0.01335	0.01928	0.02225	0.03264	0.02077	0.06231	0.67512	0.01335	0.02225	0.00890	0.00445	0.00742
38	0.01229	0.00868	0.01149	0.01260	0.01388	0.00849	0.00981	0.01495	0.01787	0.02386	0.14092	0.18491	0.05051	0.16128	0.01729	0.00440	0.00663	0.28576	0.00738	0.00700
39	0.02631	0.09929	0.02598	0.18910	0.03323	0.39838	0.01762	0.07188	0.02223	0.02277	0.01371	0.01698	0.01104	0.00845	0.00754	0.00229	0.01297	0.00593	0.00435	0.00995
40	0.02017	0.01718	0.02621	0.13913	0.07656	0.01853	0.11862	0.17591	0.02356	0.03149	0.02486	0.04226	0.02298	0.01299	0.01027	0.00303	0.03845	0.18105	0.00614	0.01062
41	0.02351	0.02534	0.03085	0.04265	0.47841	0.20444	0.02283	0.02766	0.02022	0.02522	0.01484	0.01899	0.01247	0.00773	0.00802	0.00238	0.01131	0.00682	0.00416	0.01216
42	0.01966	0.01553	0.04622	0.02026	0.12220	0.01480	0.01379	0.15430	0.04672	0.07948	0.15274	0.17330	0.03695	0.05233	0.01091	0.00302	0.00714	0.01266	0.00744	0.01056

[dist]
# distance from previous block
# <min> <max>
2	12

[block]
# block no. 6 follows, 22 sequences, length 69
# corresponding to MSA columns:
# 296-364
name=unknown_G
#
# <colnr> <probs for GDERKNQSTAVLIFYWHMCP>
#	G	D	E	R	K	N	Q	S	T	A	V	L	I	F	Y	W	H	M	C	P
0	0.02112	0.30692	0.22161	0.01829	0.02617	0.08995	0.01909	0.03000	0.14338	0.02470	0.01716	0.01830	0.01358	0.00832	0.00694	0.00228	0.01003	0.00603	0.00460	0.01154
1	0.02560	0.29072	0.09794	0.01815	0.02484	0.18931	0.01663	0.14901	0.06496	0.02802	0.01539	0.01669	0.01234	0.00840	0.00694	0.00217	0.01066	0.00578	0.00501	0.01143
2	0.02212	0.02281	0.03175	0.04505	0.52916	0.12366	0.02369	0.02647	0.01938	0.02576	0.01498	0.01958	0.01267	0.00789	0.00893	0.00247	0.04001	0.00707	0.00412	0.01243
3	0.01769	0.01644	0.02491	0.03496	0.39744	0.01645	0.01868	0.02437	0.10294	0.02691	0.03647	0.03791	0.18649	0.01158	0.00868	0.00261	0.00791	0.01039	0.00566	0.01151
4	0.02741	0.31576	0.03174	0.01845	0.02389	0.41149	0.01530	0.02977	0.02081	0.02001	0.01231	0.01430	0.01068	0.00796	0.00660	0.00199	0.01248	0.00498	0.00398	0.01005
5	0.01189	0.00883	0.01298	0.01298	0.01433	0.01018	0.00992	0.01460	0.01324	0.01901	0.02259	0.03452	0.02159	0.11837	0.62018	0.01289	0.02102	0.00918	0.00450	0.00721
6	0.01003	0.00759	0.00927	0.01062	0.01180	0.00683	0.00729	0.01167	0.01682	0.02158	0.05731	0.51563	0.23450	0.02453	0.01037	0.00320	0.00464	0.02179	0.00771	0.00683
7	0.01666	0.04297	0.66500	0.02368	0.03596	0.01929	0.03069	0.02631	0.01754	0.02631	0.01491	0.01754	0.01052	0.00789	0.00789	0.00263	0.01228	0.00614	0.00351	0.01228
8	0.00991	0.00804	0.00880	0.00941	0.01148	0.00693	0.00675	0.01181	0.01798	0.02205	0.07201	0.27707	0.46357	0.02262	0.01007	0.00299	0.00440	0.01946	0.00771	0.00693
9	0.03727	0.01414	0.01928	0.01478	0.02121	0.01221	0.01221	0.04049	0.02378	0.66198	0.03277	0.02828	0.02056	0.01028	0.00835	0.00257	0.00707	0.00835	0.01028	0.01414
10	0.02056	0.01974	0.03372	0.05099	0.65622	0.01974	0.02550	0.02550	0.01892	0.02714	0.01563	0.02056	0.01316	0.00740	0.00822	0.00247	0.00987	0.00740	0.00411	0.01316
11	0.01994	0.01911	0.03260	0.13178	0.58026	0.01958	0.02519	0.02495	0.01862	0.02639	0.01552	0.02076	0.01289	0.00752	0.00823	0.00251	0.01002	0.00740	0.00406	0.01266
12	0.01830	0.04030	0.53693	0.07679	0.03644	0.09753	0.02833	0.02672	0.01818	0.02519	0.01465	0.01760	0.01059	0.00801	0.00788	0.00258	0.01250	0.00614	0.00361	0.01172
13	0.02056	0.01974	0.03372	0.05099	0.65622	0.01974	0.02550	0.02550	0.01892	0.02714	0.01563	0.02056	0.01316	0.00740	0.00822	0.00247	0.00987	0.00740	0.00411	0.01316
14	0.02361	0.53253	0.08123	0.01630	0.02318	0.16112	0.01569	0.02664	0.01826	0.02016	0.01203	0.01394	0.01066	0.00745	0.00594	0.00191	0.01034	0.00474	0.00370	0.01056
15	0.01203	0.00860	0.01183	0.01375	0.01507	0.00840	0.01104	0.01487	0.01779	0.02335	0.04473	0.34592	0.05077	0.02422	0.01111	0.00364	0.00648	0.36144	0.00768	0.00728
16	0.01012	0.00723	0.00964	0.01157	0.01205	0.00675	0.00771	0.01157	0.01591	0.02121	0.04579	0.70262	0.05495	0.02603	0.01060	0.00337	0.00482	0.02362	0.00771	0.00675
17	0.01187	0.00890	0.01335	0.01335	0.01483	0.01038	0.01038	0.01483	0.01335	0.01928	0.02225	0.03264	0.02077	0.06231	0.67512	0.01335	0.02225	0.00890	0.00445	0.00742
18	0.02049	0.30595	0.23741	0.02159	0.08915	0.05654	0.02056	0.02833	0.09963	0.02450	0.01602	0.01779	0.01280	0.00801	0.00695	0.00227	0.01006	0.00597	0.00427	0.01170
19	0.02014	0.06740	0.11916	0.04496	0.53211	0.02052	0.02547	0.02556	0.01860	0.02654	0.01527	0.01969	0.01264	0.00745	0.00799	0.00244	0.01013	0.00704	0.00400	0.01288
20	0.01012	0.00723	0.00964	0.01157	0.01205	0.00675	0.00771	0.01157	0.01591	0.02121	0.04579	0.70262	0.05495	0.02603	0.01060	0.00337	0.00482	0.02362	0.00771	0.00675
21	0.00982	0.00842	0.00842	0.00842	0.01122	0.00701	0.00631	0.01192	0.01894	0.02244	0.08416	0.07995	0.65285	0.02104	0.00982	0.00281	0.00421	0.01753	0.00771	0.00701
22	0.02740	0.03216	0.01985	0.01821	0.02195	0.51896	0.01366	0.02995	0.02211	0.02282	0.01617	0.01872	0.01317	0.00882	0.00710	0.00209	0.01239	0.00591	0.17938	0.00919
23	0.28565	0.02796	0.02036	0.07753	0.06557	0.34680	0.01481	0.02859	0.01936	0.02676	0.01274	0.01544	0.01030	0.00817	0.00679	0.00237	0.01133	0.00536	0.00452	0.00960
24	0.01584	0.01469	0.01738	0.01569	0.01805	0.07932	0.01243	0.01861	0.01482	0.02071	0.01791	0.02565	0.01651	0.03889	0.37756	0.00845	0.15405	0.00762	0.00434	0.12148
25	0.03237	0.02201	0.02415	0.01851	0.02513	0.02389	0.01529	0.54716	0.03694	0.13670	0.02172	0.02110	0.01502	0.01002	0.00832	0.00250	0.00885	0.00760	0.00858	0.01413
26	0.01373	0.01084	0.01313	0.01226	0.01593	0.00936	0.00992	0.01677	0.01778	0.02419	0.04138	0.06240	0.16295	0.08503	0.01247	0.00320	0.00648	0.22778	0.00653	0.24787
27	0.01088	0.00794	0.01024	0.01076	0.01215	0.00729	0.00765	0.01357	0.01982	0.02712	0.33994	0.34118	0.11810	0.02125	0.01015	0.00296	0.00433	0.01897	0.00840	0.00729
28	0.03119	0.03505	0.02393	0.02076	0.02570	0.49400	0.01598	0.19895	0.02786	0.02925	0.01482	0.01636	0.01166	0.00895	0.00772	0.00224	0.01336	0.00594	0.00540	0.01088
29	0.02833	0.17084	0.02674	0.01876	0.02379	0.41368	0.01499	0.11227	0.02394	0.02525	0.01447	0.01636	0.01184	0.00853	0.00706	0.00210	0.01224	0.00561	0.05286	0.01033
30	0.03022	0.02427	0.02585	0.02310	0.10057	0.08139	0.01696	0.50527	0.03532	0.04658	0.01882	0.01959	0.01372	0.00954	0.00823	0.00246	0.00973	0.00729	0.00746	0.01362
31	0.03052	0.02608	0.02412	0.01938	0.02539	0.15591	0.01561	0.45798	0.08821	0.04438	0.01972	0.01991	0.01441	0.00980	0.00816	0.00245	0.01009	0.00722	0.00751	0.01314
32	0.02066	0.01785	0.01878	0.01691	0.02160	0.02066	0.01315	0.04414	0.64121	0.03475	0.03381	0.03099	0.02536	0.01127	0.00845	0.00282	0.00657	0.00939	0.00845	0.01315
33	0.01189	0.00801	0.00924	0.00937	0.00954	0.00793	0.00545	0.01227	0.01315	0.01766	0.06807	0.11114	0.03545	0.60444	0.03745	0.00730	0.00751	0.01327	0.00553	0.00536
34	0.02221	0.71304	0.04353	0.01421	0.02132	0.03287	0.01421	0.02488	0.01688	0.01955	0.01155	0.01333	0.01066	0.00711	0.00533	0.00178	0.00888	0.00444	0.00355	0.01066
35	0.01035	0.00732	0.00957	0.01128	0.01170	0.00690	0.00740	0.01163	0.01546	0.02062	0.04353	0.62786	0.05209	0.10468	0.01426	0.00391	0.00519	0.02229	0.00740	0.00655
36	0.01208	0.00805	0.00906	0.00906	0.00906	0.00805	0.00503	0.01208	0.01208	0.01611	0.02618	0.05436	0.03020	0.70804	0.04228	0.00805	0.00805	0.01208	0.00503	0.00503
37	0.76672	0.01607	0.01221	0.01092	0.01607	0.01864	0.00900	0.02442	0.01414	0.03727	0.01157	0.01350	0.00900	0.00771	0.00514	0.00257	0.00643	0.00450	0.00514	0.00900
38	0.01176	0.00849	0.01110	0.01045	0.01241	0.00784	0.00784	0.01568	0.02352	0.03331	0.65184	0.06206	0.07839	0.01698	0.00980	0.00261	0.00392	0.01502	0.00914	0.00784
39	0.01208	0.00805	0.00906	0.00906	0.00906	0.00805	0.00503	0.01208	0.01208	0.01611	0.02618	0.05436	0.03020	0.70804	0.04228	0.00805	0.00805	0.01208	0.00503	0.00503
40	0.01187	0.00890	0.01335	0.01335	0.01483	0.01038	0.01038	0.01483	0.01335	0.01928	0.02225	0.03264	0.02077	0.06231	0.67512	0.01335	0.02225	0.00890	0.00445	0.00742
41	0.02221	0.71304	0.04353	0.01421	0.02132	0.03287	0.01421	0.02488	0.01688	0.01955	0.01155	0.01333	0.01066	0.00711	0.00533	0.00178	0.00888	0.00444	0.00355	0.01066
42	0.03049	0.09132	0.02585	0.01983	0.02534	0.35092	0.01578	0.27837	0.02937	0.03349	0.01566	0.01689	0.01211	0.00902	0.00764	0.00225	0.01204	0.00615	0.00588	0.01158
43	0.02115	0.10684	0.10687	0.04107	0.45818	0.07388	0.02399	0.02613	0.01889	0.02559	0.01483	0.01890	0.01236	0.00752	0.00778	0.00238	0.01044	0.00674	0.00399	0.01248
44	0.02662	0.37624	0.03353	0.01781	0.02350	0.35386	0.01513	0.02903	0.02021	0.01994	0.01220	0.01415	0.01068	0.00783	0.00641	0.00196	0.01193	0.00490	0.00392	0.01015
45	0.01187	0.00890	0.01335	0.01335	0.01483	0.01038	0.01038	0.01483	0.01335	0.01928	0.02225	0.03264	0.02077	0.06231	0.67512	0.01335	0.02225	0.00890	0.00445	0.00742
46	0.02259	0.02474	0.15343	0.03577	0.35051	0.06278	0.02300	0.02988	0.08120	0.10626	0.01923	0.02159	0.01461	0.00832	0.00815	0.00252	0.01001	0.00733	0.00520	0.01287
47	0.02379	0.59212	0.03994	0.01551	0.02210	0.14812	0.01454	0.02637	0.01808	0.01969	0.01178	0.01362	0.01067	0.00737	0.00572	0.00184	0.00998	0.00461	0.00368	0.01048
48	0.19251	0.08897	0.42026	0.02177	0.07178	0.02026	0.02395	0.02570	0.01678	0.02838	0.01391	0.01646	0.01036	0.00775	0.00707	0.00254	0.01048	0.00570	0.00393	0.01144
49	0.02319	0.02603	0.05805	0.04192	0.46132	0.19456	0.02320	0.02758	0.02009	0.02529	0.01485	0.01894	0.01239	0.00773	0.00801	0.00239	0.01134	0.00680	0.00413	0.01218
50	0.02056	0.01974	0.03372	0.05099	0.65622	0.01974	0.02550	0.02550	0.01892	0.02714	0.01563	0.02056	0.01316	0.00740	0.00822	0.00247	0.00987	0.00740	0.00411	0.01316
51	0.01006	0.00748	0.00938	0.01089	0.01187	0.00680	0.00741	0.01164	0.01655	0.02147	0.05401	0.56914	0.18312	0.02496	0.01044	0.00325	0.00469	0.02231	0.00771	0.00680
52	0.01357	0.00857	0.01052	0.01075	0.01273	0.00766	0.00767	0.01553	0.01812	0.09950	0.10323	0.34002	0.22973	0.06769	0.01216	0.00336	0.00505	0.01849	0.00796	0.00769
53	0.02772	0.01956	0.14714	0.01641	0.02296	0.01399	0.01545	0.09071	0.02263	0.35951	0.03027	0.14639	0.02409	0.01260	0.00866	0.00272	0.00791	0.01057	0.00827	0.01244
54	0.01624	0.03998	0.60823	0.02253	0.03391	0.01830	0.02871	0.02539	0.01806	0.02692	0.07021	0.02140	0.01642	0.00868	0.00806	0.00263	0.01155	0.00691	0.00400	0.01189
55	0.01214	0.00891	0.01181	0.01341	0.01518	0.00858	0.01108	0.01520	0.01845	0.02373	0.05102	0.21310	0.14979	0.02325	0.01103	0.00357	0.00651	0.38822	0.00767	0.00736
56	0.02405	0.45248	0.10634	0.01725	0.02414	0.20946	0.01654	0.02734	0.01880	0.02051	0.01228	0.01425	0.01066	0.00760	0.00621	0.00197	0.01095	0.00488	0.00375	0.01055
57	0.02056	0.01974	0.03372	0.05099	0.65622	0.01974	0.02550	0.02550	0.01892	0.02714	0.01563	0.02056	0.01316	0.00740	0.00822	0.00247	0.00987	0.00740	0.00411	0.01316
58	0.01096	0.00878	0.01001	0.01062	0.01314	0.00783	0.00858	0.01362	0.01900	0.02322	0.07129	0.08436	0.45904	0.02165	0.01035	0.00313	0.00531	0.20421	0.00769	0.00722
59	0.01068	0.00808	0.00999	0.01129	0.01281	0.00740	0.00839	0.01281	0.01753	0.02234	0.05791	0.37832	0.24809	0.02379	0.01052	0.00328	0.00519	0.13687	0.00770	0.00701
60	0.03064	0.06928	0.02442	0.02109	0.02549	0.64640	0.01597	0.03281	0.02325	0.02030	0.01278	0.01491	0.01070	0.00850	0.00740	0.00212	0.01471	0.00531	0.00425	0.00968
61	0.01150	0.00826	0.01062	0.01205	0.01293	0.00797	0.00823	0.05120	0.01739	0.02321	0.04413	0.65877	0.05232	0.02500	0.01046	0.00332	0.00510	0.02258	0.00775	0.00722
62	0.01666	0.04297	0.66500	0.02368	0.03596	0.01929	0.03069	0.02631	0.01754	0.02631	0.01491	0.01754	0.01052	0.00789	0.00789	0.00263	0.01228	0.00614	0.00351	0.01228
63	0.01723	0.01477	0.01723	0.01230	0.01969	0.01107	0.00984	0.02092	0.01723	0.02707	0.01477	0.01723	0.01230	0.00615	0.00615	0.00123	0.00615	0.00492	0.00492	0.75883
64	0.01162	0.00786	0.00920	0.00965	0.00976	0.00775	0.00566	0.01196	0.01297	0.01730	0.03075	0.20573	0.03598	0.54879	0.03489	0.00696	0.00730	0.01477	0.00566	0.00543
65	0.02056	0.01974	0.03372	0.05099	0.65622	0.01974	0.02550	0.02550	0.01892	0.02714	0.01563	0.02056	0.01316	0.00740	0.00822	0.00247	0.00987	0.00740	0.00411	0.01316
66	0.03158	0.02327	0.02493	0.01911	0.02576	0.02576	0.01579	0.62852	0.03906	0.05236	0.01995	0.01995	0.01413	0.00997	0.00831	0.00249	0.00914	0.00748	0.00831	0.01413
67	0.03103	0.03959	0.02354	0.02140	0.02568	0.67469	0.01605	0.03317	0.02354	0.02033	0.01284	0.01498	0.01070	0.00856	0.00749	0.00214	0.01498	0.00535	0.00428	0.00963
68	0.02217	0.02357	0.03268	0.14103	0.29993	0.15181	0.13066	0.05069	0.02041	0.02575	0.01532	0.01999	0.01228	0.00781	0.00838	0.00251	0.01180	0.00742	0.00426	0.01152

[dist]
# distance from previous block
# <min> <max>
0	1

[block]
# block no. 7 follows, 22 sequences, length 42
# corresponding to MSA columns:
# 366-407
name=unknown_H
#
# <colnr> <probs for GDERKNQSTAVLIFYWHMCP>
#	G	D	E	R	K	N	Q	S	T	A	V	L	I	F	Y	W	H	M	C	P
0	0.42704	0.14314	0.07756	0.01412	0.02045	0.02238	0.01303	0.11721	0.04382	0.03535	0.01402	0.01550	0.01086	0.00811	0.00603	0.00243	0.00780	0.00528	0.00533	0.01053
1	0.03000	0.11854	0.02589	0.02056	0.02517	0.59945	0.01584	0.03220	0.02276	0.02024	0.01269	0.01479	0.01070	0.00839	0.00724	0.00210	0.01427	0.00524	0.00420	0.00975
2	0.01003	0.00810	0.00893	0.00941	0.01153	0.00700	0.00680	0.01207	0.01841	0.02283	0.11138	0.24863	0.45160	0.02213	0.01003	0.00295	0.00436	0.01903	0.00781	0.00700
3	0.01282	0.16476	0.01720	0.01216	0.01412	0.01258	0.00916	0.01454	0.01612	0.02084	0.03815	0.54878	0.04506	0.02180	0.00943	0.00302	0.00573	0.01934	0.00678	0.00762
4	0.01839	0.03094	0.30473	0.03031	0.04032	0.02030	0.37890	0.02649	0.01875	0.02649	0.01602	0.02039	0.01174	0.00737	0.00901	0.00273	0.01329	0.00828	0.00391	0.01165
5	0.01953	0.33743	0.02855	0.01427	0.01962	0.02378	0.01251	0.02949	0.23369	0.02664	0.10012	0.03011	0.07127	0.01074	0.00727	0.00231	0.00715	0.00837	0.00622	0.01092
6	0.01058	0.00845	0.00947	0.00922	0.01169	0.00734	0.00691	0.01340	0.02074	0.02672	0.30761	0.07291	0.42673	0.01944	0.00981	0.00273	0.00409	0.01655	0.00828	0.00734
7	0.02221	0.71304	0.04353	0.01421	0.02132	0.03287	0.01421	0.02488	0.01688	0.01955	0.01155	0.01333	0.01066	0.00711	0.00533	0.00178	0.00888	0.00444	0.00355	0.01066
8	0.02584	0.01706	0.01926	0.01630	0.02154	0.01844	0.01296	0.11032	0.37978	0.20020	0.06188	0.03050	0.02536	0.01114	0.00848	0.00271	0.00688	0.00917	0.00895	0.01326
9	0.01001	0.00765	0.00920	0.01044	0.01175	0.00684	0.00721	0.01169	0.01699	0.02165	0.05949	0.48032	0.26840	0.02425	0.01032	0.00317	0.00460	0.02144	0.00771	0.00684
10	0.01012	0.00723	0.00964	0.01157	0.01205	0.00675	0.00771	0.01157	0.01591	0.02121	0.04579	0.70262	0.05495	0.02603	0.01060	0.00337	0.00482	0.02362	0.00771	0.00675
11	0.02056	0.01974	0.03372	0.05099	0.65622	0.01974	0.02550	0.02550	0.01892	0.02714	0.01563	0.02056	0.01316	0.00740	0.00822	0.00247	0.00987	0.00740	0.00411	0.01316
12	0.02046	0.02013	0.03152	0.04659	0.57924	0.05575	0.02373	0.02505	0.01918	0.02646	0.01988	0.02407	0.05419	0.00834	0.00829	0.00247	0.00979	0.00794	0.00435	0.01256
