[name]
unknown

[dist]
# distance from previous block
# <min> <max>
14	59

[block]
# block no. 0 follows, 21 sequences, length 19
# corresponding to MSA columns:
# 71-89
name=unknown_A
#
# <colnr> <probs for GDERKNQSTAVLIFYWHMCP>
#	G	D	E	R	K	N	Q	S	T	A	V	L	I	F	Y	W	H	M	C	P
0	0.02360	0.01894	0.01887	0.01604	0.01969	0.09734	0.01282	0.22953	0.02535	0.03558	0.02085	0.02421	0.01649	0.01478	0.06198	0.00336	0.09862	0.00757	0.24378	0.01059
1	0.08714	0.02208	0.01821	0.01574	0.02018	0.17922	0.01233	0.19044	0.08147	0.03591	0.02141	0.02306	0.01643	0.00969	0.00727	0.00233	0.00875	0.00712	0.23040	0.01082
2	0.03019	0.03152	0.02336	0.01992	0.02510	0.36772	0.01551	0.25514	0.02978	0.03350	0.02203	0.02285	0.06526	0.01039	0.00819	0.00239	0.01215	0.00736	0.00625	0.01140
3	0.03179	0.04056	0.02412	0.02192	0.02631	0.66676	0.01644	0.03398	0.02412	0.02083	0.01315	0.01535	0.01096	0.00877	0.00767	0.00219	0.01535	0.00548	0.00438	0.00987
4	0.02153	0.01962	0.02174	0.01869	0.02377	0.05798	0.06379	0.06872	0.47835	0.03412	0.03453	0.03271	0.06281	0.01159	0.00880	0.00283	0.00784	0.00985	0.00799	0.01274
5	0.01640	0.01546	0.02611	0.63947	0.09706	0.01899	0.02380	0.02203	0.01717	0.02214	0.01518	0.02258	0.01148	0.00845	0.00850	0.00282	0.01126	0.00756	0.00381	0.00972
6	0.01411	0.01198	0.01741	0.01629	0.01735	0.01529	0.01305	0.01679	0.01348	0.01997	0.01929	0.02896	0.01823	0.04906	0.47432	0.01067	0.22270	0.00861	0.00431	0.00811
7	0.01607	0.01513	0.02552	0.68047	0.05861	0.01891	0.02363	0.02174	0.01702	0.02174	0.01513	0.02269	0.01134	0.00851	0.00851	0.00284	0.01134	0.00756	0.00378	0.00945
8	0.02106	0.02022	0.03454	0.05223	0.64784	0.02022	0.02612	0.02612	0.01938	0.02780	0.01601	0.02106	0.01348	0.00758	0.00842	0.00253	0.01011	0.00758	0.00421	0.01348
9	0.01006	0.00862	0.00862	0.00862	0.01149	0.00718	0.00647	0.01221	0.01940	0.02299	0.08621	0.08190	0.64438	0.02155	0.01006	0.00287	0.00431	0.01796	0.00790	0.00718
10	0.01569	0.01327	0.01414	0.01311	0.01679	0.01403	0.01007	0.02865	0.31457	0.03072	0.14539	0.05505	0.26235	0.01612	0.00938	0.00285	0.00543	0.01357	0.00849	0.01033
11	0.01192	0.00869	0.01120	0.01058	0.01264	0.00798	0.00793	0.01582	0.02380	0.03343	0.60842	0.06472	0.11566	0.01766	0.01004	0.00269	0.00403	0.01555	0.00928	0.00798
12	0.01006	0.00862	0.00862	0.00862	0.01149	0.00718	0.00647	0.01221	0.01940	0.02299	0.08621	0.08190	0.64438	0.02155	0.01006	0.00287	0.00431	0.01796	0.00790	0.00718
13	0.01765	0.01513	0.01765	0.01260	0.02017	0.01134	0.01008	0.02143	0.01765	0.02773	0.01513	0.01765	0.01260	0.00630	0.00630	0.00126	0.00630	0.00504	0.00504	0.75295
14	0.01256	0.00829	0.00948	0.00948	0.00969	0.00838	0.00555	0.01298	0.01277	0.01758	0.02661	0.05290	0.02980	0.62083	0.08087	0.00824	0.00893	0.01191	0.04765	0.00547
15	0.02690	0.33562	0.03360	0.05645	0.02619	0.25240	0.01598	0.11395	0.02293	0.02525	0.01372	0.01574	0.01147	0.00829	0.00685	0.00211	0.01145	0.00550	0.00461	0.01098
16	0.02373	0.19512	0.03799	0.05976	0.16314	0.13093	0.16514	0.07695	0.02143	0.02647	0.01512	0.01876	0.01227	0.00787	0.00797	0.00240	0.01175	0.00709	0.00446	0.01166
17	0.02279	0.02528	0.06797	0.04512	0.49984	0.13806	0.02466	0.02760	0.02016	0.02648	0.01545	0.01984	0.01287	0.00783	0.00827	0.00248	0.01120	0.00713	0.00421	0.01277
18	0.02340	0.34157	0.21950	0.01916	0.02739	0.15627	0.01999	0.05917	0.02007	0.02401	0.01357	0.01562	0.01108	0.00797	0.00684	0.00219	0.01139	0.00541	0.00403	0.01138

[dist]
# distance from previous block
# <min> <max>
0	2

[block]
# block no. 1 follows, 21 sequences, length 131
# corresponding to MSA columns:
# 92-222
name=unknown_B
#
# <colnr> <probs for GDERKNQSTAVLIFYWHMCP>
#	G	D	E	R	K	N	Q	S	T	A	V	L	I	F	Y	W	H	M	C	P
0	0.06096	0.01451	0.02589	0.02071	0.02533	0.01366	0.24775	0.01925	0.01880	0.02587	0.06555	0.20523	0.16138	0.01622	0.01003	0.00304	0.00871	0.04175	0.00638	0.00900
1	0.02253	0.02269	0.02592	0.03191	0.27459	0.14523	0.01897	0.03227	0.19411	0.02851	0.02249	0.02744	0.01869	0.00985	0.00843	0.00258	0.00982	0.04380	0.00578	0.05439
2	0.05692	0.00816	0.00984	0.01130	0.01247	0.00771	0.00776	0.01272	0.01667	0.02294	0.05089	0.55682	0.14562	0.02470	0.01039	0.00331	0.00494	0.02200	0.00774	0.00710
3	0.01724	0.03343	0.40899	0.02292	0.03068	0.02120	0.02588	0.02406	0.01608	0.02437	0.01445	0.01922	0.01161	0.01404	0.05880	0.00377	0.23152	0.00685	0.00370	0.01118
4	0.01216	0.00912	0.01368	0.01368	0.01520	0.01064	0.01064	0.01520	0.01368	0.01976	0.02279	0.03343	0.02127	0.06382	0.66720	0.01368	0.02279	0.00912	0.00456	0.00760
5	0.02106	0.02022	0.03454	0.05223	0.64784	0.02022	0.02612	0.02612	0.01938	0.02780	0.01601	0.02106	0.01348	0.00758	0.00842	0.00253	0.01011	0.00758	0.00421	0.01348
6	0.02919	0.03711	0.05161	0.05285	0.10597	0.53242	0.01857	0.03220	0.02298	0.02199	0.01368	0.01647	0.01129	0.00858	0.00782	0.00228	0.01441	0.00586	0.00431	0.01041
7	0.01028	0.00869	0.00894	0.00906	0.01188	0.00735	0.00692	0.01255	0.01941	0.02314	0.08366	0.08277	0.60742	0.02167	0.01016	0.00294	0.00453	0.05351	0.00790	0.00722
8	0.01765	0.01513	0.01765	0.01260	0.02017	0.01134	0.01008	0.02143	0.01765	0.02773	0.01513	0.01765	0.01260	0.00630	0.00630	0.00126	0.00630	0.00504	0.00504	0.75295
9	0.01212	0.00822	0.00927	0.00939	0.00960	0.00811	0.00540	0.01234	0.01304	0.01720	0.03166	0.09416	0.07048	0.61991	0.03938	0.00764	0.00781	0.01340	0.00548	0.00538
10	0.01998	0.42507	0.02984	0.01189	0.01704	0.02331	0.01109	0.02321	0.01751	0.02473	0.01824	0.02093	0.01530	0.00834	0.00566	0.00189	0.00703	0.00591	0.30330	0.00972
11	0.01479	0.01131	0.01575	0.01909	0.14477	0.01049	0.01158	0.01819	0.02102	0.06682	0.25445	0.11532	0.22937	0.01702	0.00969	0.00277	0.00565	0.01491	0.00780	0.00921
12	0.02175	0.23218	0.35076	0.02101	0.03037	0.15809	0.02351	0.02799	0.01905	0.02370	0.01385	0.01619	0.01086	0.00800	0.00725	0.00234	0.01216	0.00562	0.00377	0.01154
13	0.01746	0.30030	0.22671	0.01683	0.02385	0.02172	0.01796	0.02208	0.01722	0.02268	0.02286	0.20837	0.02374	0.01303	0.00782	0.00256	0.00901	0.01067	0.00483	0.01030
14	0.01037	0.00741	0.00987	0.01185	0.01234	0.00691	0.00790	0.01185	0.01629	0.02172	0.04690	0.69537	0.05629	0.02666	0.01086	0.00346	0.00494	0.02419	0.00790	0.00691
15	0.02580	0.43841	0.03647	0.01753	0.02346	0.25944	0.01541	0.02830	0.01954	0.02033	0.01227	0.01447	0.01095	0.00814	0.00723	0.00204	0.04081	0.00501	0.00391	0.01047
16	0.02110	0.01952	0.03097	0.18007	0.34891	0.05892	0.07656	0.02598	0.01938	0.06771	0.01868	0.06003	0.01575	0.00910	0.00869	0.00266	0.01060	0.00868	0.00477	0.01190
17	0.02106	0.02022	0.03454	0.05223	0.64784	0.02022	0.02612	0.02612	0.01938	0.02780	0.01601	0.02106	0.01348	0.00758	0.00842	0.00253	0.01011	0.00758	0.00421	0.01348
18	0.03225	0.02689	0.02528	0.02001	0.02638	0.14332	0.01622	0.51255	0.03711	0.04764	0.01910	0.01950	0.01383	0.00995	0.00836	0.00249	0.01046	0.00726	0.00776	0.01363
19	0.02106	0.02022	0.03454	0.05223	0.64784	0.02022	0.02612	0.02612	0.01938	0.02780	0.01601	0.02106	0.01348	0.00758	0.00842	0.00253	0.01011	0.00758	0.00421	0.01348
20	0.02428	0.02541	0.03151	0.04310	0.46297	0.17974	0.02323	0.05844	0.02160	0.02741	0.01553	0.01962	0.01291	0.00801	0.00824	0.00245	0.01136	0.00707	0.00448	0.01264
21	0.01957	0.33580	0.38699	0.01998	0.03023	0.02589	0.02400	0.02630	0.01767	0.02390	0.01376	0.01606	0.01084	0.00773	0.00693	0.00231	0.01104	0.00552	0.00361	0.01185
22	0.01021	0.00804	0.00922	0.01017	0.01190	0.00705	0.00716	0.01204	0.01790	0.02238	0.06731	0.37691	0.36157	0.02401	0.01044	0.00315	0.00461	0.02096	0.00790	0.00705
23	0.01037	0.00741	0.00987	0.01185	0.01234	0.00691	0.00790	0.01185	0.01629	0.02172	0.04690	0.69537	0.05629	0.02666	0.01086	0.00346	0.00494	0.02419	0.00790	0.00691
24	0.02535	0.07530	0.17390	0.02628	0.10096	0.33999	0.05233	0.02992	0.02098	0.02332	0.01401	0.01708	0.01132	0.00862	0.00889	0.00244	0.04800	0.00619	0.00410	0.01102
25	0.01006	0.00862	0.00862	0.00862	0.01149	0.00718	0.00647	0.01221	0.01940	0.02299	0.08621	0.08190	0.64438	0.02155	0.01006	0.00287	0.00431	0.01796	0.00790	0.00718
26	0.01252	0.00966	0.01438	0.01417	0.01560	0.01151	0.01109	0.01550	0.01364	0.01980	0.02213	0.03259	0.02070	0.06105	0.63092	0.01311	0.06040	0.00902	0.00451	0.00770
27	0.02106	0.02022	0.03454	0.05223	0.64784	0.02022	0.02612	0.02612	0.01938	0.02780	0.01601	0.02106	0.01348	0.00758	0.00842	0.00253	0.01011	0.00758	0.00421	0.01348
28	0.01464	0.01277	0.01499	0.01405	0.01636	0.01435	0.01099	0.02140	0.14966	0.02488	0.05079	0.09260	0.26759	0.06062	0.01569	0.00349	0.14678	0.05246	0.00702	0.00888
29	0.01118	0.00866	0.01017	0.00979	0.01218	0.00766	0.00735	0.01438	0.02204	0.02925	0.39965	0.07159	0.32703	0.01922	0.01005	0.00276	0.00414	0.01651	0.00873	0.00766
30	0.01607	0.01513	0.02552	0.68047	0.05861	0.01891	0.02363	0.02174	0.01702	0.02174	0.01513	0.02269	0.01134	0.00851	0.00851	0.00284	0.01134	0.00756	0.00378	0.00945
31	0.02666	0.09386	0.02509	0.05658	0.07528	0.43979	0.01643	0.02938	0.02215	0.02174	0.02104	0.02515	0.06785	0.01025	0.00795	0.00235	0.01289	0.03092	0.00472	0.00991
32	0.01845	0.01923	0.07083	0.03832	0.40196	0.01746	0.05188	0.02438	0.05212	0.02764	0.06239	0.06873	0.08755	0.01095	0.00890	0.00267	0.00905	0.01023	0.00531	0.01196
33	0.02503	0.18445	0.16116	0.02391	0.09667	0.25582	0.02019	0.02928	0.02016	0.04852	0.01434	0.01690	0.01162	0.00859	0.00855	0.00236	0.05105	0.00592	0.00425	0.01122
34	0.01745	0.08849	0.61570	0.02360	0.03583	0.02070	0.03031	0.02685	0.01792	0.02649	0.01504	0.01768	0.01079	0.00803	0.00791	0.00264	0.01234	0.00617	0.00360	0.01247
35	0.01252	0.01018	0.01544	0.23968	0.02842	0.01117	0.01362	0.01558	0.01674	0.02196	0.03597	0.42918	0.04053	0.02029	0.01012	0.00327	0.00730	0.05369	0.00649	0.00783
36	0.02717	0.05690	0.02924	0.03362	0.27629	0.32375	0.02024	0.08353	0.02338	0.02658	0.01491	0.01804	0.01229	0.00836	0.00797	0.00235	0.01245	0.00649	0.00466	0.01178
37	0.02474	0.02622	0.03107	0.04179	0.43628	0.20495	0.02281	0.06111	0.02187	0.02724	0.01544	0.01940	0.01282	0.00807	0.00822	0.00243	0.01156	0.00699	0.00450	0.01250
38	0.01060	0.00750	0.00981	0.01156	0.01199	0.00707	0.00759	0.01191	0.01585	0.02113	0.04461	0.62233	0.05339	0.10365	0.01457	0.00400	0.00532	0.02284	0.00759	0.00671
39	0.01765	0.01513	0.01765	0.01260	0.02017	0.01134	0.01008	0.02143	0.01765	0.02773	0.01513	0.01765	0.01260	0.00630	0.00630	0.00126	0.00630	0.00504	0.00504	0.75295
40	0.02909	0.02467	0.02909	0.02243	0.02889	0.08332	0.11333	0.41250	0.06571	0.04391	0.01958	0.02090	0.01436	0.00988	0.00958	0.00264	0.04163	0.00794	0.00725	0.01328
41	0.02275	0.70604	0.04459	0.01456	0.02184	0.03367	0.01456	0.02548	0.01729	0.02002	0.01183	0.01365	0.01092	0.00728	0.00546	0.00182	0.00910	0.00455	0.00364	0.01092
42	0.01238	0.00825	0.00928	0.00928	0.00928	0.00825	0.00516	0.01238	0.01238	0.01650	0.02681	0.05569	0.03094	0.70092	0.04331	0.00825	0.00825	0.01238	0.00516	0.00516
43	0.01086	0.00811	0.00995	0.01060	0.01208	0.00736	0.00744	0.01313	0.01901	0.02519	0.22042	0.33522	0.20752	0.05799	0.01213	0.00335	0.00470	0.01960	0.00816	0.00720
44	0.02167	0.55807	0.14538	0.01738	0.02561	0.03069	0.05202	0.02583	0.01756	0.02158	0.01271	0.01490	0.01101	0.00741	0.00616	0.00202	0.00997	0.00515	0.00367	0.01122
45	0.03179	0.04056	0.02412	0.02192	0.02631	0.66676	0.01644	0.03398	0.02412	0.02083	0.01315	0.01535	0.01096	0.00877	0.00767	0.00219	0.01535	0.00548	0.00438	0.00987
46	0.01037	0.00741	0.00987	0.01185	0.01234	0.00691	0.00790	0.01185	0.01629	0.02172	0.04690	0.69537	0.05629	0.02666	0.01086	0.00346	0.00494	0.02419	0.00790	0.00691
47	0.01238	0.00825	0.00928	0.00928	0.00928	0.00825	0.00516	0.01238	0.01238	0.01650	0.02681	0.05569	0.03094	0.70092	0.04331	0.00825	0.00825	0.01238	0.00516	0.00516
48	0.01742	0.03153	0.39852	0.02005	0.02864	0.01725	0.02289	0.09968	0.02056	0.02936	0.05635	0.13165	0.02356	0.05176	0.01072	0.00312	0.01021	0.01019	0.00533	0.01123
49	0.01586	0.00793	0.00793	0.00793	0.00991	0.00793	0.00595	0.01983	0.01785	0.03173	0.02776	0.03173	0.02181	0.00991	0.00595	0.00198	0.00397	0.00793	0.74817	0.00793
50	0.02117	0.01828	0.01924	0.01732	0.02213	0.02117	0.01347	0.04522	0.63246	0.03560	0.03464	0.03175	0.02598	0.01155	0.00866	0.00289	0.00673	0.00962	0.00866	0.01347
51	0.01940	0.01852	0.03153	0.26207	0.45103	0.01978	0.02529	0.02466	0.01859	0.02578	0.01571	0.02161	0.01277	0.00789	0.00845	0.00263	0.01052	0.00758	0.00407	0.01214
52	0.02106	0.02022	0.03454	0.05223	0.64784	0.02022	0.02612	0.02612	0.01938	0.02780	0.01601	0.02106	0.01348	0.00758	0.00842	0.00253	0.01011	0.00758	0.00421	0.01348
53	0.01226	0.00873	0.01169	0.01169	0.01252	0.00956	0.00816	0.01392	0.01309	0.01828	0.02461	0.04349	0.02564	0.35168	0.38531	0.01122	0.01622	0.01059	0.00483	0.00649
54	0.01155	0.00868	0.01069	0.01019	0.01241	0.00782	0.00764	0.01511	0.02293	0.03136	0.50515	0.06812	0.22022	0.01843	0.01004	0.00273	0.00409	0.01603	0.00900	0.00782
55	0.17078	0.01540	0.02282	0.54148	0.04986	0.01895	0.02064	0.02242	0.01649	0.02516	0.01445	0.02085	0.01090	0.00838	0.00783	0.00279	0.01036	0.00695	0.00409	0.00940
56	0.02304	0.01486	0.01560	0.01300	0.01709	0.01597	0.01040	0.28096	0.02750	0.04127	0.02457	0.02681	0.01862	0.01005	0.00707	0.00223	0.00632	0.00781	0.42606	0.01078
57	0.01060	0.00750	0.00981	0.01156	0.01200	0.00706	0.00759	0.01191	0.01585	0.02113	0.04463	0.62290	0.05341	0.10305	0.01454	0.00400	0.00531	0.02285	0.00759	0.00671
58	0.01037	0.00741	0.00987	0.01185	0.01234	0.00691	0.00790	0.01185	0.01629	0.02172	0.04690	0.69537	0.05629	0.02666	0.01086	0.00346	0.00494	0.02419	0.00790	0.00691
59	0.01765	0.01513	0.01765	0.01260	0.02017	0.01134	0.01008	0.02143	0.01765	0.02773	0.01513	0.01765	0.01260	0.00630	0.00630	0.00126	0.00630	0.00504	0.00504	0.75295
60	0.01400	0.01183	0.01721	0.01615	0.01723	0.01504	0.01291	0.01670	0.01349	0.01996	0.01948	0.02921	0.01839	0.04987	0.48488	0.01084	0.21175	0.00864	0.00432	0.00809
61	0.01707	0.04402	0.65683	0.02426	0.03683	0.01976	0.03144	0.02695	0.01797	0.02695	0.01527	0.01797	0.01078	0.00809	0.00809	0.00270	0.01258	0.00629	0.00359	0.01258
62	0.01192	0.00832	0.00915	0.00915	0.00971	0.00804	0.00541	0.01234	0.01374	0.01776	0.03838	0.06079	0.15038	0.56864	0.03684	0.00720	0.00748	0.01346	0.00569	0.00555
63	0.01169	0.00868	0.01088	0.01033	0.01249	0.00788	0.00775	0.01537	0.02324	0.03212	0.54282	0.06688	0.18208	0.01815	0.01004	0.00271	0.00407	0.01585	0.00910	0.00788
64	0.02111	0.01876	0.02904	0.31012	0.28220	0.02084	0.02319	0.13689	0.02230	0.03016	0.01648	0.02163	0.01277	0.00847	0.00848	0.00266	0.01049	0.00759	0.00485	0.01198
65	0.01006	0.00862	0.00862	0.00862	0.01149	0.00718	0.00647	0.01221	0.01940	0.02299	0.08621	0.08190	0.64438	0.02155	0.01006	0.00287	0.00431	0.01796	0.00790	0.00718
66	0.01217	0.00907	0.01344	0.01344	0.01488	0.01051	0.01035	0.01505	0.01361	0.01958	0.02301	0.03462	0.02179	0.09781	0.63392	0.01339	0.02202	0.00929	0.00459	0.00747
67	0.02106	0.02022	0.03454	0.05223	0.64784	0.02022	0.02612	0.02612	0.01938	0.02780	0.01601	0.02106	0.01348	0.00758	0.00842	0.00253	0.01011	0.00758	0.00421	0.01348
68	0.02117	0.01828	0.01924	0.01732	0.02213	0.02117	0.01347	0.04522	0.63246	0.03560	0.03464	0.03175	0.02598	0.01155	0.00866	0.00289	0.00673	0.00962	0.00866	0.01347
69	0.01151	0.00822	0.01118	0.01315	0.01414	0.00789	0.00988	0.01382	0.01742	0.02300	0.04628	0.49134	0.05380	0.02559	0.01117	0.00361	0.00592	0.21698	0.00788	0.00723
70	0.02199	0.02410	0.02141	0.02413	0.15059	0.26810	0.01553	0.02639	0.05586	0.02585	0.13051	0.03838	0.10141	0.01255	0.00881	0.00257	0.01012	0.04560	0.00605	0.01007
71	0.01073	0.00865	0.00956	0.00933	0.01191	0.00747	0.00700	0.01352	0.02099	0.02678	0.27586	0.07566	0.45237	0.02014	0.01005	0.00281	0.00421	0.01709	0.00840	0.00747
72	0.01057	0.00836	0.00952	0.00983	0.01196	0.00731	0.00715	0.01298	0.01972	0.02516	0.20058	0.22043	0.38264	0.02182	0.01024	0.00297	0.00439	0.01884	0.00823	0.00731
73	0.27295	0.01894	0.02704	0.03826	0.43292	0.01984	0.02036	0.02574	0.01771	0.03134	0.01459	0.01860	0.01203	0.00769	0.00735	0.00256	0.00891	0.00657	0.00457	0.01203
74	0.02014	0.01928	0.03287	0.16854	0.53875	0.01998	0.02566	0.02531	0.01894	0.02668	0.01584	0.02136	0.01308	0.00775	0.00844	0.00258	0.01034	0.00758	0.00413	0.01273
75	0.02702	0.03151	0.02876	0.03541	0.30285	0.37909	0.02075	0.03048	0.02201	0.02393	0.01442	0.01789	0.01208	0.00824	0.00801	0.00234	0.01302	0.00642	0.00431	0.01147
76	0.02602	0.46543	0.03719	0.01722	0.02346	0.26257	0.01524	0.02856	0.01976	0.02031	0.01231	0.01426	0.01094	0.00782	0.00626	0.00195	0.01136	0.00489	0.00391	0.01054
77	0.01999	0.01912	0.03260	0.18770	0.52079	0.01994	0.02558	0.02517	0.01887	0.02650	0.01582	0.02141	0.01302	0.00778	0.00844	0.00259	0.01038	0.00758	0.00412	0.01261
78	0.01832	0.17308	0.41114	0.02255	0.03248	0.02248	0.07918	0.02578	0.01807	0.02560	0.04669	0.01991	0.01458	0.00868	0.00889	0.00259	0.04748	0.00680	0.00397	0.01173
79	0.01037	0.00741	0.00987	0.01185	0.01234	0.00691	0.00790	0.01185	0.01629	0.02172	0.04690	0.69537	0.05629	0.02666	0.01086	0.00346	0.00494	0.02419	0.00790	0.00691
80	0.03005	0.08264	0.02474	0.02059	0.02522	0.55370	0.01577	0.06457	0.02428	0.02270	0.01736	0.01906	0.04494	0.00943	0.00770	0.00222	0.01401	0.00620	0.00475	0.01005
81	0.01055	0.00753	0.01008	0.01205	0.01263	0.00707	0.00821	0.01216	0.01647	0.02192	0.04681	0.66340	0.05590	0.02649	0.01091	0.00348	0.00509	0.05440	0.00790	0.00696
82	0.01037	0.00741	0.00987	0.01185	0.01234	0.00691	0.00790	0.01185	0.01629	0.02172	0.04690	0.69537	0.05629	0.02666	0.01086	0.00346	0.00494	0.02419	0.00790	0.00691
83	0.01131	0.00808	0.01096	0.01293	0.01384	0.00773	0.00954	0.01348	0.01723	0.02278	0.04638	0.52586	0.05422	0.02577	0.01111	0.00359	0.00576	0.18436	0.00788	0.00717
84	0.01862	0.01862	0.02607	0.02234	0.02234	0.02607	0.01862	0.02048	0.01303	0.02048	0.01117	0.01862	0.01117	0.01489	0.02793	0.00372	0.68535	0.00745	0.00372	0.00931
85	0.02009	0.02296	0.05022	0.03587	0.04448	0.02152	0.61693	0.02726	0.02009	0.02726	0.01722	0.02296	0.01291	0.00717	0.01004	0.00287	0.01435	0.01004	0.00430	0.01148
86	0.01980	0.02211	0.04551	0.03323	0.04017	0.02241	0.50043	0.02594	0.01871	0.02594	0.01604	0.02211	0.01257	0.00868	0.01353	0.00304	0.14500	0.00954	0.00419	0.01106
87	0.01191	0.00922	0.01120	0.01220	0.01461	0.00851	0.01014	0.01496	0.01950	0.02425	0.06533	0.08905	0.34230	0.02254	0.01092	0.00340	0.00610	0.30847	0.00787	0.00751
88	0.02106	0.02022	0.03454	0.05223	0.64784	0.02022	0.02612	0.02612	0.01938	0.02780	0.01601	0.02106	0.01348	0.00758	0.00842	0.00253	0.01011	0.00758	0.00421	0.01348
89	0.01607	0.01513	0.02552	0.68047	0.05861	0.01891	0.02363	0.02174	0.01702	0.02174	0.01513	0.02269	0.01134	0.00851	0.00851	0.00284	0.01134	0.00756	0.00378	0.00945
90	0.01006	0.00862	0.00862	0.00862	0.01149	0.00718	0.00647	0.01221	0.01940	0.02299	0.08621	0.08190	0.64438	0.02155	0.01006	0.00287	0.00431	0.01796	0.00790	0.00718
91	0.01476	0.01294	0.01866	0.01716	0.01807	0.01685	0.01385	0.01732	0.01342	0.02005	0.01812	0.02747	0.01721	0.04413	0.40990	0.00967	0.28946	0.00845	0.00422	0.00829
92	0.02564	0.01973	0.06025	0.03291	0.24721	0.01800	0.13888	0.06284	0.02166	0.20710	0.02189	0.02429	0.01594	0.01200	0.04968	0.00333	0.01100	0.00839	0.00626	0.01301
93	0.03185	0.03884	0.02426	0.02168	0.02632	0.60097	0.01642	0.09413	0.02575	0.02420	0.01390	0.01587	0.01132	0.00892	0.00776	0.00223	0.01473	0.00571	0.00481	0.01034
94	0.01238	0.00825	0.00928	0.00928	0.00928	0.00825	0.00516	0.01238	0.01238	0.01650	0.02681	0.05569	0.03094	0.70092	0.04331	0.00825	0.00825	0.01238	0.00516	0.00516
95	0.02275	0.70604	0.04459	0.01456	0.02184	0.03367	0.01456	0.02548	0.01729	0.02002	0.01183	0.01365	0.01092	0.00728	0.00546	0.00182	0.00910	0.00455	0.00364	0.01092
96	0.01118	0.00866	0.01017	0.00979	0.01218	0.00766	0.00735	0.01438	0.02204	0.02926	0.39976	0.07158	0.32692	0.01921	0.01005	0.00276	0.00414	0.01651	0.00873	0.00766
97	0.01817	0.01462	0.01548	0.01409	0.01831	0.01569	0.01092	0.03324	0.37938	0.06619	0.05296	0.04947	0.24617	0.01506	0.00915	0.00287	0.00590	0.01253	0.00850	0.01129
98	0.03160	0.02346	0.02512	0.01943	0.02610	0.02604	0.01599	0.58088	0.07981	0.05242	0.02139	0.02119	0.01525	0.01031	0.00852	0.00258	0.00919	0.00779	0.00852	0.01441
99	0.01006	0.00862	0.00862	0.00862	0.01149	0.00718	0.00647	0.01221	0.01940	0.02299	0.08621	0.08190	0.64438	0.02155	0.01006	0.00287	0.00431	0.01796	0.00790	0.00718
100	0.03144	0.02296	0.02457	0.01894	0.02548	0.02537	0.01561	0.58636	0.03879	0.05242	0.02084	0.02106	0.01488	0.01020	0.00837	0.00252	0.00907	0.00768	0.04934	0.01411
101	0.02106	0.02022	0.03454	0.05223	0.64784	0.02022	0.02612	0.02612	0.01938	0.02780	0.01601	0.02106	0.01348	0.00758	0.00842	0.00253	0.01011	0.00758	0.00421	0.01348
102	0.01037	0.00741	0.00987	0.01185	0.01234	0.00691	0.00790	0.01185	0.01629	0.02172	0.04690	0.69537	0.05629	0.02666	0.01086	0.00346	0.00494	0.02419	0.00790	0.00691
103	0.01238	0.00825	0.00928	0.00928	0.00928	0.00825	0.00516	0.01238	0.01238	0.01650	0.02681	0.05569	0.03094	0.70092	0.04331	0.00825	0.00825	0.01238	0.00516	0.00516
104	0.02009	0.02296	0.05022	0.03587	0.04448	0.02152	0.61693	0.02726	0.02009	0.02726	0.01722	0.02296	0.01291	0.00717	0.01004	0.00287	0.01435	0.01004	0.00430	0.01148
105	0.01033	0.00800	0.00928	0.01026	0.01180	0.00710	0.00711	0.01204	0.01749	0.02203	0.06363	0.38516	0.32076	0.05910	0.01217	0.00344	0.00482	0.02077	0.00776	0.00694
106	0.01225	0.00877	0.01191	0.01191	0.01282	0.00968	0.00843	0.01406	0.01315	0.01845	0.02441	0.04239	0.02516	0.32024	0.41610	0.01149	0.01694	0.01043	0.00480	0.00662
107	0.02130	0.02103	0.01831	0.01668	0.02098	0.15255	0.01279	0.03663	0.38672	0.03059	0.06643	0.03727	0.11702	0.01273	0.00873	0.00273	0.00804	0.01027	0.00769	0.01153
108	0.01222	0.00828	0.00924	0.00924	0.00943	0.00818	0.00524	0.01236	0.01285	0.01694	0.03080	0.05745	0.07215	0.65528	0.04108	0.00789	0.00799	0.01275	0.00534	0.00529
109	0.15753	0.02044	0.02141	0.01719	0.02332	0.02258	0.01403	0.34060	0.14946	0.11328	0.02315	0.02243	0.01653	0.01011	0.00798	0.00264	0.00813	0.00761	0.00820	0.01336
110	0.02018	0.02046	0.05865	0.14140	0.53819	0.02001	0.02598	0.02552	0.01898	0.02690	0.01585	0.02117	0.01306	0.00774	0.00842	0.00258	0.01039	0.00753	0.00413	0.01286
111	0.03060	0.02135	0.02350	0.01832	0.02431	0.02335	0.01492	0.51444	0.03569	0.08308	0.02051	0.02156	0.01488	0.01253	0.01145	0.09157	0.00901	0.00768	0.00806	0.01319
112	0.02033	0.01947	0.03322	0.14431	0.56148	0.02003	0.02575	0.02548	0.01903	0.02691	0.01588	0.02130	0.01317	0.00772	0.00844	0.00257	0.01029	0.00758	0.00415	0.01289
113	0.01765	0.01513	0.01765	0.01260	0.02017	0.01134	0.01008	0.02143	0.01765	0.02773	0.01513	0.01765	0.01260	0.00630	0.00630	0.00126	0.00630	0.00504	0.00504	0.75295
114	0.01423	0.01149	0.01300	0.01213	0.01517	0.01168	0.00924	0.02366	0.20166	0.03177	0.32501	0.05881	0.20557	0.01672	0.00964	0.00279	0.00489	0.01434	0.00879	0.00942
115	0.01438	0.04201	0.01866	0.01587	0.01788	0.01455	0.04641	0.01822	0.04099	0.02266	0.09687	0.07071	0.02840	0.06972	0.32672	0.00836	0.12342	0.01046	0.00533	0.00839
116	0.01031	0.00764	0.00963	0.01122	0.01218	0.00697	0.00762	0.01192	0.01690	0.02197	0.05456	0.57592	0.17079	0.02567	0.01071	0.00334	0.00482	0.02298	0.00790	0.00697
117	0.01016	0.00863	0.00876	0.00873	0.01156	0.00723	0.00655	0.01241	0.01964	0.02357	0.11526	0.08094	0.61497	0.02134	0.01006	0.00286	0.00430	0.01783	0.00798	0.00723
118	0.02106	0.02022	0.03454	0.05223	0.64784	0.02022	0.02612	0.02612	0.01938	0.02780	0.01601	0.02106	0.01348	0.00758	0.00842	0.00253	0.01011	0.00758	0.00421	0.01348
119	0.01711	0.01601	0.02225	0.02797	0.23399	0.06537	0.04463	0.02107	0.02016	0.02637	0.10144	0.09236	0.11232	0.01539	0.00975	0.00296	0.00847	0.14605	0.00633	0.00998
120	0.01037	0.00741	0.00987	0.01185	0.01234	0.00691	0.00790	0.01185	0.01629	0.02172	0.04690	0.69537	0.05629	0.02666	0.01086	0.00346	0.00494	0.02419	0.00790	0.00691
121	0.02991	0.02008	0.02228	0.01792	0.02403	0.02180	0.01453	0.31194	0.23028	0.17228	0.02780	0.02590	0.01960	0.01072	0.00857	0.00268	0.00806	0.00849	0.00898	0.01415
122	0.01784	0.07741	0.49446	0.05573	0.03821	0.02081	0.12480	0.02668	0.01823	0.02636	0.01538	0.01874	0.01116	0.00791	0.00827	0.00268	0.01261	0.00685	0.00372	0.01216
123	0.02139	0.01773	0.01806	0.01608	0.02069	0.05149	0.01252	0.06381	0.42991	0.07231	0.06813	0.03822	0.10687	0.01285	0.00884	0.00281	0.00688	0.01061	0.00849	0.01232
124	0.01238	0.00825	0.00928	0.00928	0.00928	0.00825	0.00516	0.01238	0.01238	0.01650	0.02681	0.05569	0.03094	0.70092	0.04331	0.00825	0.00825	0.01238	0.00516	0.00516
125	0.01062	0.00759	0.01014	0.01196	0.01261	0.00711	0.00818	0.01236	0.01690	0.02261	0.08117	0.63081	0.05732	0.02598	0.01086	0.00343	0.00502	0.05031	0.00798	0.00702
126	0.02500	0.02850	0.02524	0.28824	0.06787	0.34215	0.01977	0.05992	0.02189	0.02327	0.01447	0.01884	0.01142	0.00869	0.00809	0.00249	0.01318	0.00653	0.00435	0.01011
127	0.02659	0.03074	0.02351	0.16687	0.03217	0.41307	0.01743	0.05960	0.02236	0.02342	0.01484	0.01850	0.01197	0.00918	0.00883	0.00242	0.04792	0.00632	0.05440	0.00985
128	0.01188	0.00978	0.01085	0.01208	0.01362	0.04120	0.00883	0.01394	0.01801	0.02257	0.05529	0.40887	0.20835	0.02392	0.01062	0.00331	0.00574	0.10616	0.00771	0.00727
129	0.06636	0.02978	0.10282	0.02656	0.10904	0.25274	0.11673	0.03073	0.09360	0.02638	0.02066	0.02291	0.04570	0.00921	0.00831	0.00255	0.01208	0.00768	0.00499	0.01117
130	0.19025	0.09163	0.02364	0.09707	0.02740	0.36402	0.01561	0.02925	0.02009	0.02470	0.01290	0.01585	0.01062	0.00865	0.00783	0.00239	0.03840	0.00553	0.00442	0.00975

[dist]
# distance from previous block
# <min> <max>
0	33

[block]
# block no. 2 follows, 21 sequences, length 119
# corresponding to MSA columns:
# 256-374
name=unknown_C
#
# <colnr> <probs for GDERKNQSTAVLIFYWHMCP>
#	G	D	E	R	K	N	Q	S	T	A	V	L	I	F	Y	W	H	M	C	P
0	0.01818	0.01650	0.01462	0.01365	0.01641	0.14765	0.01022	0.07581	0.02346	0.03048	0.26536	0.14317	0.07502	0.01566	0.00905	0.00261	0.00704	0.01319	0.09311	0.00880
1	0.01959	0.01947	0.03255	0.07899	0.39919	0.04779	0.11721	0.02438	0.01913	0.02619	0.02040	0.11670	0.01921	0.01033	0.00900	0.00272	0.01036	0.01023	0.00473	0.01183
2	0.01765	0.01513	0.01765	0.01260	0.02017	0.01134	0.01008	0.02143	0.01765	0.02773	0.01513	0.01765	0.01260	0.00630	0.00630	0.00126	0.00630	0.00504	0.00504	0.75295
3	0.01478	0.00739	0.01109	0.01109	0.01109	0.00739	0.00739	0.01109	0.01109	0.01478	0.01478	0.02587	0.01478	0.02956	0.03326	0.75240	0.00739	0.00739	0.00370	0.00370
4	0.02333	0.02526	0.02074	0.01866	0.02104	0.29609	0.01459	0.02584	0.01883	0.02295	0.01615	0.02079	0.01387	0.01394	0.05018	0.00326	0.21838	0.00680	0.16016	0.00916
5	0.01115	0.00857	0.00960	0.00940	0.01140	0.00767	0.00667	0.01342	0.01936	0.02504	0.24422	0.07079	0.34315	0.16274	0.01703	0.00394	0.00505	0.01600	0.00778	0.00702
6	0.01607	0.01513	0.02552	0.68047	0.05861	0.01891	0.02363	0.02174	0.01702	0.02174	0.01513	0.02269	0.01134	0.00851	0.00851	0.00284	0.01134	0.00756	0.00378	0.00945
7	0.01707	0.04402	0.65683	0.02426	0.03683	0.01976	0.03144	0.02695	0.01797	0.02695	0.01527	0.01797	0.01078	0.00809	0.00809	0.00270	0.01258	0.00629	0.00359	0.01258
8	0.01077	0.00793	0.01008	0.01105	0.01231	0.00725	0.00771	0.01302	0.01884	0.02521	0.21115	0.43383	0.15269	0.02342	0.01052	0.00316	0.00460	0.02090	0.00829	0.00725
9	0.01075	0.00858	0.00962	0.00950	0.01195	0.00746	0.00707	0.01350	0.02082	0.02671	0.27338	0.10854	0.42124	0.02041	0.01009	0.00284	0.00424	0.01742	0.00840	0.00746
10	0.03413	0.02097	0.02377	0.01822	0.02496	0.02214	0.01505	0.44261	0.03522	0.23725	0.02445	0.02304	0.01649	0.01031	0.00853	0.00258	0.00871	0.00794	0.00913	0.01448
11	0.01006	0.00862	0.00862	0.00862	0.01149	0.00718	0.00647	0.01221	0.01940	0.02299	0.08621	0.08190	0.64438	0.02155	0.01006	0.00287	0.00431	0.01796	0.00790	0.00718
12	0.01232	0.00847	0.01040	0.01040	0.01079	0.00886	0.00656	0.01310	0.01271	0.01733	0.02579	0.05000	0.02847	0.53816	0.20270	0.00964	0.01197	0.01154	0.00500	0.00578
13	0.02414	0.01592	0.01677	0.01378	0.01818	0.01720	0.01108	0.32081	0.02897	0.04272	0.02408	0.02606	0.01813	0.01007	0.00724	0.00227	0.00668	0.00780	0.37690	0.01121
14	0.01225	0.00876	0.01185	0.01185	0.01274	0.00965	0.00836	0.01403	0.01314	0.01841	0.02446	0.04266	0.02528	0.32809	0.40841	0.01143	0.01676	0.01047	0.00481	0.00659
15	0.01193	0.00806	0.00941	0.00985	0.00996	0.00795	0.00577	0.01226	0.01325	0.01766	0.03128	0.19796	0.03658	0.55096	0.03610	0.00718	0.00751	0.01500	0.00577	0.00555
16	0.02018	0.01987	0.03116	0.24265	0.43047	0.05839	0.02478	0.02525	0.01894	0.02553	0.01557	0.02122	0.01268	0.00794	0.00841	0.00260	0.01080	0.00745	0.00409	0.01203
17	0.01006	0.00862	0.00862	0.00862	0.01149	0.00718	0.00647	0.01221	0.01940	0.02299	0.08621	0.08190	0.64438	0.02155	0.01006	0.00287	0.00431	0.01796	0.00790	0.00718
18	0.02239	0.29383	0.03151	0.01802	0.02289	0.19534	0.04939	0.02525	0.01821	0.02062	0.01489	0.01934	0.01337	0.02070	0.15483	0.00473	0.05446	0.00630	0.00409	0.00984
19	0.02994	0.17487	0.02921	0.01815	0.02496	0.02713	0.01552	0.43353	0.06274	0.07251	0.01980	0.01985	0.01453	0.00964	0.00784	0.00241	0.00908	0.00710	0.00753	0.01363
20	0.02074	0.02866	0.23967	0.03659	0.33461	0.05500	0.02554	0.02707	0.01923	0.05208	0.01623	0.01976	0.01267	0.00783	0.00811	0.00247	0.01081	0.00687	0.00433	0.07172
21	0.01929	0.09217	0.30074	0.06486	0.30412	0.02118	0.02724	0.02622	0.01848	0.02647	0.01528	0.01914	0.01200	0.00781	0.00802	0.00255	0.01113	0.00675	0.00388	0.01268
22	0.01678	0.01612	0.02246	0.02001	0.02012	0.02181	0.01623	0.01856	0.01376	0.02076	0.01912	0.16913	0.02120	0.01751	0.02413	0.00366	0.53402	0.01117	0.00465	0.00878
23	0.01119	0.00953	0.00976	0.00967	0.01261	0.00858	0.00725	0.01552	0.08104	0.02419	0.07892	0.10950	0.55074	0.02082	0.00996	0.00291	0.00459	0.01745	0.00798	0.00780
24	0.02260	0.42284	0.04067	0.02764	0.21513	0.06411	0.04997	0.02624	0.01846	0.02283	0.01347	0.01651	0.01181	0.00745	0.00673	0.00211	0.01003	0.00582	0.00389	0.01168
25	0.02277	0.02506	0.13484	0.02166	0.06235	0.08597	0.01854	0.20366	0.05236	0.03313	0.02194	0.08760	0.01962	0.01466	0.03818	0.00332	0.09540	0.04127	0.00612	0.01156
26	0.01007	0.00857	0.00868	0.00877	0.01153	0.00717	0.00653	0.01220	0.01926	0.02293	0.08443	0.10972	0.61771	0.02178	0.01009	0.00290	0.00434	0.01824	0.00790	0.00717
27	0.01228	0.00862	0.01118	0.01118	0.01183	0.00928	0.00752	0.01359	0.01294	0.01790	0.02508	0.04609	0.02677	0.42626	0.31228	0.01059	0.01452	0.01097	0.00490	0.00621
28	0.02018	0.01964	0.03150	0.04150	0.42316	0.02232	0.02342	0.02409	0.01710	0.02517	0.01427	0.02018	0.01265	0.01021	0.01543	0.00296	0.25265	0.00753	0.00404	0.01198
29	0.01883	0.01789	0.02879	0.03955	0.42001	0.01925	0.02159	0.02270	0.01778	0.02543	0.02223	0.09564	0.05265	0.01185	0.01267	0.00288	0.14406	0.00990	0.00471	0.01160
30	0.01586	0.00793	0.00793	0.00793	0.00991	0.00793	0.00595	0.01983	0.01785	0.03173	0.02776	0.03173	0.02181	0.00991	0.00595	0.00198	0.00397	0.00793	0.74817	0.00793
31	0.01627	0.01166	0.01330	0.01253	0.01585	0.01158	0.00963	0.02454	0.17961	0.09078	0.15215	0.12323	0.24263	0.01779	0.00970	0.00293	0.00541	0.04215	0.00860	0.00968
32	0.01765	0.01513	0.01765	0.01260	0.02017	0.01134	0.01008	0.02143	0.01765	0.02773	0.01513	0.01765	0.01260	0.00630	0.00630	0.00126	0.00630	0.00504	0.00504	0.75295
33	0.01218	0.00857	0.01080	0.01088	0.01226	0.00832	0.00783	0.01258	0.01610	0.02068	0.08519	0.15090	0.27073	0.02612	0.04794	0.23282	0.03892	0.01461	0.00635	0.00625
34	0.01068	0.00854	0.00891	0.00888	0.01107	0.00747	0.00626	0.01245	0.01808	0.02213	0.10238	0.07510	0.47820	0.17243	0.01745	0.00406	0.00517	0.01658	0.00737	0.00678
35	0.15085	0.01775	0.02043	0.01592	0.02236	0.01794	0.01314	0.22142	0.02774	0.36668	0.02598	0.02387	0.01711	0.01002	0.00802	0.00261	0.00781	0.00765	0.00906	0.01365
36	0.02082	0.02164	0.07167	0.05057	0.61138	0.02019	0.02644	0.02617	0.01929	0.02775	0.01596	0.02088	0.01332	0.00761	0.00840	0.00254	0.01026	0.00751	0.00418	0.01343
37	0.02742	0.03357	0.02179	0.02009	0.02384	0.52083	0.01515	0.02980	0.02179	0.02059	0.01530	0.01937	0.01326	0.02101	0.15436	0.00475	0.01700	0.00629	0.00442	0.00936
38	0.01055	0.00864	0.00930	0.00914	0.01180	0.00739	0.00685	0.01317	0.02056	0.02575	0.22434	0.07735	0.50453	0.02052	0.01005	0.00282	0.00424	0.01732	0.00827	0.00739
39	0.01496	0.01307	0.02254	0.09540	0.06002	0.01311	0.13448	0.01916	0.01847	0.02445	0.03416	0.18033	0.03626	0.04670	0.01202	0.00361	0.00912	0.24701	0.00638	0.00876
40	0.02424	0.02318	0.02411	0.09446	0.18708	0.22110	0.01841	0.02792	0.02112	0.09649	0.02321	0.05994	0.02108	0.01186	0.00887	0.00274	0.01097	0.10669	0.00571	0.01082
41	0.01214	0.00871	0.01188	0.01199	0.01290	0.00958	0.00851	0.01400	0.01334	0.01868	0.02552	0.07640	0.02662	0.29254	0.40670	0.01117	0.01659	0.01109	0.00495	0.00668
42	0.02139	0.02057	0.05402	0.02104	0.02698	0.02145	0.12124	0.07198	0.46443	0.03470	0.02991	0.02896	0.02236	0.01054	0.00887	0.00286	0.00849	0.00944	0.00765	0.01313
43	0.01765	0.01513	0.01765	0.01260	0.02017	0.01134	0.01008	0.02143	0.01765	0.02773	0.01513	0.01765	0.01260	0.00630	0.00630	0.00126	0.00630	0.00504	0.00504	0.75295
44	0.02106	0.02022	0.03454	0.05223	0.64784	0.02022	0.02612	0.02612	0.01938	0.02780	0.01601	0.02106	0.01348	0.00758	0.00842	0.00253	0.01011	0.00758	0.00421	0.01348
45	0.02275	0.70604	0.04459	0.01456	0.02184	0.03367	0.01456	0.02548	0.01729	0.02002	0.01183	0.01365	0.01092	0.00728	0.00546	0.00182	0.00910	0.00455	0.00364	0.01092
46	0.01663	0.01208	0.01331	0.01215	0.01512	0.04654	0.00928	0.02268	0.09584	0.08837	0.38977	0.05384	0.11587	0.01556	0.00937	0.00265	0.00529	0.01334	0.05305	0.00928
47	0.02088	0.01773	0.01864	0.01682	0.02148	0.02046	0.01307	0.04387	0.59975	0.03539	0.03427	0.03175	0.02576	0.01146	0.00851	0.00284	0.00659	0.00953	0.04802	0.01318
48	0.01007	0.00856	0.00868	0.00878	0.01154	0.00717	0.00653	0.01220	0.01925	0.02293	0.08432	0.11140	0.61611	0.02180	0.01010	0.00290	0.00434	0.01826	0.00790	0.00717
49	0.01006	0.00862	0.00862	0.00862	0.01149	0.00718	0.00647	0.01221	0.01940	0.02299	0.08621	0.08190	0.64438	0.02155	0.01006	0.00287	0.00431	0.01796	0.00790	0.00718
50	0.01176	0.00799	0.00946	0.01007	0.01022	0.00784	0.00600	0.01221	0.01357	0.01810	0.03296	0.25141	0.03869	0.49462	0.03338	0.00678	0.00724	0.01599	0.00600	0.00569
51	0.01216	0.00912	0.01368	0.01368	0.01520	0.01064	0.01064	0.01520	0.01368	0.01976	0.02279	0.03343	0.02127	0.06382	0.66720	0.01368	0.02279	0.00912	0.00456	0.00760
52	0.03019	0.02175	0.02323	0.01805	0.02423	0.02397	0.01483	0.54079	0.03710	0.05076	0.02139	0.02191	0.01544	0.01018	0.00818	0.00248	0.00866	0.00770	0.10556	0.01361
53	0.01693	0.01236	0.01393	0.01321	0.01563	0.01326	0.00959	0.10919	0.14487	0.02919	0.03297	0.21968	0.03306	0.16244	0.04788	0.00454	0.00740	0.01375	0.09098	0.00914
54	0.01195	0.00870	0.01125	0.01061	0.01266	0.00799	0.00796	0.01588	0.02388	0.03362	0.61804	0.06440	0.10592	0.01759	0.01004	0.00269	0.00403	0.01551	0.00930	0.00799
55	0.02053	0.02037	0.03553	0.04510	0.45974	0.02133	0.11261	0.02540	0.01848	0.02657	0.01542	0.02096	0.01303	0.00867	0.01174	0.00277	0.11714	0.00793	0.00415	0.01253
56	0.01251	0.00894	0.01233	0.01430	0.01573	0.00876	0.01163	0.01555	0.01841	0.02412	0.04572	0.31129	0.05160	0.02464	0.01143	0.00375	0.00679	0.38712	0.00786	0.00750
57	0.21992	0.03177	0.02124	0.08438	0.02695	0.43410	0.01528	0.03044	0.02091	0.02543	0.01301	0.01568	0.01055	0.00852	0.00713	0.00237	0.01267	0.00546	0.00455	0.00966
58	0.01924	0.01836	0.03125	0.28194	0.43239	0.01974	0.02521	0.02452	0.01851	0.02559	0.01569	0.02166	0.01270	0.00792	0.00846	0.00264	0.01056	0.00758	0.00405	0.01201
59	0.01783	0.01845	0.03434	0.02659	0.03088	0.02048	0.29148	0.02239	0.01642	0.02343	0.01658	0.02397	0.01426	0.02245	0.16476	0.00559	0.22699	0.00902	0.00418	0.00992
60	0.07018	0.41609	0.03502	0.01711	0.02319	0.26950	0.01495	0.02863	0.01968	0.02141	0.01233	0.01430	0.01083	0.00787	0.00628	0.00201	0.01129	0.00490	0.00402	0.01042
61	0.02051	0.01888	0.02217	0.02322	0.15288	0.05596	0.01508	0.03200	0.24677	0.03026	0.02244	0.02346	0.01766	0.00867	0.00770	0.00219	0.00780	0.00730	0.00617	0.27888
62	0.01105	0.00948	0.00957	0.00940	0.01244	0.00843	0.00709	0.01516	0.07414	0.02412	0.08161	0.07742	0.58917	0.02066	0.00993	0.00287	0.00453	0.01722	0.00797	0.00775
63	0.01045	0.00783	0.00975	0.01122	0.01239	0.00712	0.00782	0.01222	0.01724	0.02223	0.05673	0.51120	0.20434	0.02522	0.01070	0.00333	0.00492	0.05036	0.00790	0.00703
64	0.01996	0.01417	0.01580	0.01425	0.01765	0.01525	0.01094	0.21421	0.09519	0.03564	0.03180	0.23121	0.03044	0.01787	0.03986	0.00328	0.00722	0.01307	0.16182	0.01036
65	0.02869	0.03055	0.02467	0.02119	0.02531	0.33494	0.01669	0.18515	0.05385	0.03003	0.01563	0.01812	0.01261	0.01056	0.01219	0.00264	0.15388	0.00665	0.00552	0.01112
66	0.02836	0.01233	0.01649	0.01338	0.01831	0.01080	0.01076	0.03182	0.02400	0.42296	0.22909	0.04284	0.07443	0.01331	0.00911	0.00266	0.00606	0.01124	0.01002	0.01204
67	0.01314	0.00902	0.01128	0.01053	0.01298	0.00811	0.00796	0.01673	0.02312	0.06775	0.49113	0.06540	0.19514	0.01787	0.00996	0.00272	0.00426	0.01553	0.00913	0.00823
68	0.02202	0.01454	0.01694	0.01483	0.01916	0.01529	0.01160	0.03550	0.31602	0.16760	0.22066	0.04089	0.04155	0.01312	0.00906	0.00277	0.00601	0.01116	0.00928	0.01202
69	0.02106	0.02022	0.03454	0.05223	0.64784	0.02022	0.02612	0.02612	0.01938	0.02780	0.01601	0.02106	0.01348	0.00758	0.00842	0.00253	0.01011	0.00758	0.00421	0.01348
70	0.02413	0.02780	0.02525	0.02217	0.02400	0.29413	0.01771	0.02613	0.01767	0.02063	0.01200	0.01725	0.01108	0.01233	0.01945	0.00308	0.40502	0.00662	0.00400	0.00954
71	0.01195	0.00870	0.01125	0.01061	0.01266	0.00799	0.00796	0.01588	0.02387	0.03360	0.61727	0.06443	0.10670	0.01759	0.01004	0.00269	0.00403	0.01551	0.00930	0.00799
72	0.01508	0.01006	0.01116	0.01030	0.01375	0.00887	0.00793	0.01886	0.05618	0.11850	0.13079	0.06931	0.45984	0.01892	0.00975	0.00282	0.00486	0.01582	0.00848	0.00872
73	0.01109	0.00771	0.00966	0.01093	0.01124	0.00739	0.00691	0.01204	0.01489	0.01985	0.03969	0.46560	0.04718	0.26885	0.02252	0.00518	0.00613	0.01995	0.00691	0.00628
74	0.02407	0.02592	0.03162	0.04373	0.47353	0.20154	0.02340	0.02832	0.02071	0.02585	0.01521	0.01946	0.01277	0.00792	0.00821	0.00243	0.01158	0.00699	0.00426	0.01247
75	0.24102	0.01183	0.01071	0.00999	0.01381	0.01185	0.00782	0.04845	0.01899	0.02927	0.05996	0.05780	0.41651	0.01677	0.00851	0.00278	0.00527	0.01333	0.00713	0.00819
76	0.02354	0.39034	0.03620	0.01975	0.06016	0.11732	0.01646	0.05864	0.01871	0.02256	0.01260	0.01576	0.01133	0.00928	0.01088	0.00236	0.15362	0.00565	0.00406	0.01078
77	0.02564	0.02236	0.05505	0.01803	0.02321	0.08987	0.01483	0.36344	0.03083	0.04020	0.02639	0.19881	0.02499	0.01431	0.00902	0.00276	0.00901	0.01174	0.00764	0.01187
78	0.01224	0.00881	0.01210	0.01210	0.01307	0.00978	0.00867	0.01418	0.01321	0.01859	0.02424	0.04143	0.02475	0.29267	0.44310	0.01173	0.01757	0.01029	0.00477	0.00672
79	0.01850	0.06121	0.35623	0.02764	0.03729	0.02161	0.23028	0.02631	0.01814	0.02608	0.01536	0.01957	0.01156	0.00847	0.01077	0.00283	0.08489	0.00763	0.00385	0.01178
80	0.01238	0.00825	0.00928	0.00928	0.00928	0.00825	0.00516	0.01238	0.01238	0.01650	0.02681	0.05569	0.03094	0.70092	0.04331	0.00825	0.00825	0.01238	0.00516	0.00516
81	0.01846	0.01856	0.01858	0.01690	0.01806	0.15254	0.01279	0.02000	0.01526	0.01922	0.01820	0.03160	0.01876	0.23119	0.12870	0.00635	0.23372	0.00881	0.00443	0.00789
82	0.01990	0.02240	0.04710	0.03413	0.04162	0.02211	0.53984	0.02639	0.01918	0.02639	0.01644	0.02240	0.01269	0.00817	0.01235	0.00298	0.10080	0.00971	0.00423	0.01120
83	0.01256	0.00879	0.01114	0.01228	0.01359	0.00848	0.00853	0.01628	0.07214	0.05007	0.07414	0.55140	0.08012	0.02398	0.01049	0.00331	0.00512	0.02155	0.00814	0.00788
84	0.03696	0.01644	0.02096	0.01607	0.02270	0.01542	0.01328	0.16267	0.02764	0.52790	0.03082	0.02718	0.01968	0.01047	0.00855	0.00262	0.00769	0.00837	0.01011	0.01448
85	0.01015	0.00862	0.00875	0.00872	0.01155	0.00722	0.00654	0.01239	0.01961	0.02350	0.11172	0.08106	0.61856	0.02136	0.01006	0.00286	0.00430	0.01784	0.00797	0.00722
86	0.01052	0.00864	0.00926	0.00911	0.01178	0.00738	0.00683	0.01311	0.02049	0.02558	0.21559	0.07764	0.51339	0.02059	0.01005	0.00283	0.00424	0.01736	0.00824	0.00738
87	0.01037	0.00741	0.00987	0.01185	0.01234	0.00691	0.00790	0.01185	0.01629	0.02172	0.04690	0.69537	0.05629	0.02666	0.01086	0.00346	0.00494	0.02419	0.00790	0.00691
88	0.03179	0.04056	0.02412	0.02192	0.02631	0.66676	0.01644	0.03398	0.02412	0.02083	0.01315	0.01535	0.01096	0.00877	0.00767	0.00219	0.01535	0.00548	0.00438	0.00987
89	0.02383	0.01679	0.01770	0.01482	0.01942	0.01848	0.01183	0.27250	0.16367	0.04161	0.02627	0.02708	0.01972	0.01040	0.00761	0.00242	0.00681	0.00820	0.27899	0.01186
