[name]
unknown

[dist]
# distance from previous block
# <min> <max>
0	30

[block]
# block no. 0 follows, 22 sequences, length 40
# corresponding to MSA columns:
# 30-69
name=unknown_A
#
# <colnr> <probs for GDERKNQSTAVLIFYWHMCP>
#	G	D	E	R	K	N	Q	S	T	A	V	L	I	F	Y	W	H	M	C	P
0	0.01935	0.05691	0.02363	0.08249	0.23048	0.09697	0.01759	0.02316	0.01948	0.05590	0.03105	0.04458	0.10081	0.01310	0.00895	0.00278	0.00918	0.14770	0.00565	0.01024
1	0.04915	0.11356	0.01617	0.01154	0.01492	0.01220	0.00912	0.01933	0.01877	0.12854	0.10443	0.23846	0.19738	0.01770	0.00894	0.00275	0.00562	0.01506	0.00754	0.00881
2	0.13061	0.05975	0.07824	0.11713	0.37652	0.02040	0.02209	0.05192	0.01861	0.02856	0.01483	0.01904	0.01199	0.00769	0.00759	0.00249	0.00960	0.00671	0.00432	0.01190
3	0.07783	0.22206	0.05253	0.05486	0.02421	0.10545	0.01539	0.15672	0.02189	0.02940	0.01498	0.01762	0.01217	0.00918	0.00927	0.00237	0.09466	0.00606	0.06262	0.01073
4	0.02413	0.02583	0.23936	0.03136	0.26501	0.01740	0.02335	0.03013	0.01987	0.21184	0.02038	0.02180	0.01444	0.00840	0.00815	0.00255	0.00985	0.00726	0.00571	0.01315
5	0.01065	0.00787	0.01002	0.01118	0.01245	0.00724	0.00802	0.01284	0.01800	0.02376	0.15211	0.42922	0.16382	0.02336	0.01042	0.00319	0.00483	0.07600	0.00794	0.00706
6	0.01723	0.01591	0.02556	0.06466	0.41722	0.01577	0.01990	0.02146	0.01885	0.02563	0.03336	0.04208	0.15027	0.01221	0.00896	0.00272	0.00847	0.08343	0.00528	0.01103
7	0.20220	0.15797	0.36139	0.04891	0.02934	0.02158	0.02199	0.02535	0.01654	0.02754	0.01346	0.01598	0.01020	0.00772	0.00676	0.00247	0.01016	0.00548	0.00393	0.01104
8	0.01004	0.00842	0.00872	0.00865	0.01136	0.00711	0.00648	0.01235	0.01945	0.02367	0.14816	0.07793	0.58808	0.02058	0.00982	0.00278	0.00418	0.01725	0.00788	0.00711
9	0.01549	0.00774	0.00774	0.00774	0.00968	0.00774	0.00581	0.01936	0.01742	0.03097	0.02710	0.03097	0.02129	0.00968	0.00581	0.00194	0.00387	0.00774	0.75416	0.00774
10	0.02225	0.01679	0.01779	0.01450	0.01931	0.01767	0.01159	0.36032	0.02990	0.03897	0.04447	0.04454	0.25537	0.05516	0.01087	0.00294	0.00722	0.01153	0.00789	0.01092
11	0.01289	0.01165	0.02111	0.01840	0.02119	0.01090	0.18788	0.01595	0.01698	0.02278	0.03734	0.50443	0.04261	0.02048	0.01037	0.00321	0.00750	0.01959	0.00669	0.00805
12	0.01032	0.00744	0.00983	0.01167	0.01235	0.00695	0.00802	0.01196	0.01626	0.02151	0.04746	0.63352	0.08233	0.02559	0.01062	0.00338	0.00498	0.06131	0.00771	0.00682
13	0.03103	0.03959	0.02354	0.02140	0.02568	0.67469	0.01605	0.03317	0.02354	0.02033	0.01284	0.01498	0.01070	0.00856	0.00749	0.00214	0.01498	0.00535	0.00428	0.00963
14	0.03140	0.02870	0.02447	0.01987	0.02574	0.24147	0.01588	0.43062	0.03390	0.04171	0.01758	0.01830	0.01299	0.00950	0.00804	0.00238	0.01108	0.00677	0.00697	0.01263
15	0.02534	0.27539	0.03315	0.02601	0.17712	0.28646	0.01769	0.02835	0.02004	0.02170	0.01306	0.01574	0.01128	0.00776	0.00690	0.00209	0.01156	0.00552	0.00398	0.01085
16	0.02766	0.02989	0.02719	0.03080	0.23530	0.33349	0.01914	0.14391	0.02496	0.02869	0.01512	0.01778	0.01217	0.00844	0.00789	0.00232	0.01217	0.00644	0.00499	0.01166
17	0.01814	0.22158	0.49935	0.02116	0.03205	0.02291	0.02630	0.02593	0.01736	0.02451	0.01401	0.01642	0.01056	0.00768	0.00721	0.00240	0.01137	0.00569	0.00352	0.01185
18	0.02019	0.01936	0.03304	0.10006	0.61009	0.01964	0.02531	0.02517	0.01874	0.02668	0.01556	0.02068	0.01300	0.00747	0.00823	0.00249	0.00996	0.00740	0.00408	0.01286
19	0.02115	0.06673	0.17564	0.02931	0.23493	0.07438	0.02122	0.12673	0.02228	0.02962	0.02426	0.02627	0.09212	0.00973	0.00813	0.00248	0.00997	0.00804	0.00511	0.01191
20	0.01006	0.00843	0.00875	0.00867	0.01137	0.00712	0.00650	0.01239	0.01951	0.02380	0.15494	0.07772	0.58123	0.02053	0.00982	0.00278	0.00417	0.01722	0.00789	0.00712
21	0.01883	0.02775	0.21975	0.02951	0.11231	0.07282	0.24996	0.02556	0.01973	0.02691	0.09513	0.02510	0.02013	0.00869	0.00886	0.00263	0.01181	0.00872	0.00461	0.01121
22	0.01746	0.05154	0.02597	0.35023	0.21131	0.05656	0.02064	0.02204	0.01797	0.02287	0.02400	0.02857	0.09733	0.00971	0.00829	0.00260	0.00995	0.00848	0.00437	0.01010
23	0.71054	0.01592	0.01275	0.01122	0.01646	0.01814	0.00924	0.02566	0.01488	0.08539	0.01320	0.01463	0.00989	0.00791	0.00539	0.00257	0.00648	0.00480	0.00554	0.00939
24	0.00992	0.00800	0.00884	0.00951	0.01151	0.00692	0.00680	0.01180	0.01788	0.02201	0.07081	0.29660	0.44482	0.02277	0.01009	0.00300	0.00442	0.01965	0.00771	0.00692
25	0.01936	0.01852	0.03156	0.20756	0.50901	0.01942	0.02490	0.02445	0.01835	0.02569	0.01541	0.02095	0.01265	0.00762	0.00824	0.00254	0.01017	0.00740	0.00401	0.01219
26	0.07686	0.02274	0.02470	0.10579	0.18465	0.14632	0.01805	0.12805	0.12704	0.05661	0.01914	0.02114	0.01465	0.00894	0.00793	0.00251	0.00997	0.00719	0.00582	0.01192
27	0.01012	0.00723	0.00964	0.01157	0.01205	0.00675	0.00771	0.01157	0.01591	0.02121	0.04579	0.70262	0.05495	0.02603	0.01060	0.00337	0.00482	0.02362	0.00771	0.00675
28	0.01361	0.00825	0.01018	0.01018	0.01170	0.00885	0.00758	0.01665	0.01513	0.02445	0.02502	0.03443	0.02214	0.11401	0.28242	0.00731	0.01185	0.00873	0.36022	0.00729
29	0.15881	0.01083	0.01389	0.16783	0.02356	0.01193	0.01184	0.01663	0.01591	0.02455	0.03186	0.37567	0.03546	0.01819	0.00906	0.00310	0.00674	0.05004	0.00628	0.00781
30	0.01085	0.00754	0.00942	0.01063	0.01093	0.00723	0.00671	0.01176	0.01448	0.01931	0.03847	0.46089	0.04572	0.28034	0.02242	0.00512	0.00603	0.01932	0.00671	0.00611
31	0.00982	0.00842	0.00842	0.00842	0.01122	0.00701	0.00631	0.01192	0.01894	0.02244	0.08416	0.07995	0.65285	0.02104	0.00982	0.00281	0.00421	0.01753	0.00771	0.00701
32	0.11127	0.07164	0.06224	0.03277	0.35844	0.01794	0.01888	0.02254	0.01809	0.02680	0.02900	0.03129	0.14518	0.01028	0.00793	0.00251	0.00832	0.00885	0.00491	0.01112
33	0.02454	0.03001	0.06363	0.11042	0.15127	0.34135	0.01989	0.02804	0.01999	0.02206	0.01348	0.01753	0.01124	0.00906	0.01040	0.00251	0.10389	0.00630	0.00404	0.01034
34	0.02909	0.03562	0.02157	0.01970	0.02369	0.59154	0.01477	0.03145	0.02278	0.02166	0.01462	0.01697	0.01202	0.00870	0.00728	0.00211	0.01360	0.00565	0.09778	0.00940
35	0.29043	0.25273	0.02556	0.01429	0.02000	0.11137	0.01237	0.10081	0.01958	0.03065	0.01355	0.01531	0.01103	0.00800	0.00595	0.00221	0.00860	0.00513	0.04222	0.01022
36	0.02132	0.12084	0.02066	0.01437	0.01803	0.08160	0.01122	0.14766	0.05623	0.05847	0.02594	0.03499	0.06838	0.23219	0.01956	0.00422	0.03967	0.00920	0.00602	0.00946
37	0.01248	0.01101	0.01334	0.01658	0.10760	0.03877	0.01016	0.01474	0.01791	0.02254	0.05520	0.32175	0.28598	0.02049	0.00980	0.00296	0.00578	0.01796	0.00703	0.00793
38	0.03054	0.05138	0.02425	0.01878	0.02479	0.18593	0.01515	0.36219	0.05511	0.09093	0.01922	0.01945	0.01402	0.00943	0.00791	0.00234	0.01020	0.00687	0.00715	0.04436
39	0.02017	0.32227	0.19769	0.01974	0.02786	0.02558	0.09449	0.02917	0.13776	0.02508	0.01735	0.01894	0.01370	0.00810	0.00714	0.00232	0.00994	0.00650	0.00457	0.01162

[dist]
# distance from previous block
# <min> <max>
0	3

[block]
# block no. 1 follows, 22 sequences, length 63
# corresponding to MSA columns:
# 73-135
name=unknown_B
#
# <colnr> <probs for GDERKNQSTAVLIFYWHMCP>
#	G	D	E	R	K	N	Q	S	T	A	V	L	I	F	Y	W	H	M	C	P
0	0.01910	0.20429	0.43790	0.02287	0.06878	0.06181	0.02550	0.02632	0.01782	0.02436	0.01401	0.01654	0.01072	0.00771	0.00727	0.00238	0.01147	0.00575	0.00360	0.01178
1	0.01903	0.19264	0.34662	0.02899	0.20316	0.02258	0.02543	0.02575	0.01776	0.02496	0.01432	0.01739	0.01128	0.00757	0.00739	0.00239	0.01082	0.00609	0.00368	0.01214
2	0.01600	0.01551	0.01555	0.01509	0.01717	0.15349	0.01160	0.01878	0.01555	0.01951	0.02022	0.02883	0.01860	0.05073	0.53131	0.01094	0.02069	0.00814	0.00441	0.00789
3	0.02543	0.11191	0.02263	0.01776	0.02206	0.45554	0.01374	0.02762	0.02177	0.02069	0.02805	0.02878	0.14902	0.01108	0.00774	0.00224	0.01195	0.00787	0.00493	0.00919
4	0.01917	0.01815	0.01725	0.01608	0.01907	0.15643	0.01273	0.09210	0.05656	0.02645	0.07909	0.04107	0.06428	0.02752	0.19306	0.00570	0.04220	0.09785	0.00612	0.00912
5	0.01581	0.15994	0.01674	0.01042	0.01315	0.01372	0.00845	0.01878	0.01586	0.02441	0.02267	0.03025	0.01994	0.10167	0.14468	0.00492	0.00914	0.00777	0.35368	0.00799
6	0.01176	0.00849	0.01110	0.01045	0.01241	0.00784	0.00784	0.01568	0.02352	0.03331	0.65184	0.06206	0.07839	0.01698	0.00980	0.00261	0.00392	0.01502	0.00914	0.00784
7	0.02207	0.38775	0.03555	0.15520	0.10283	0.12793	0.01759	0.02550	0.01809	0.02089	0.01287	0.01620	0.01104	0.00761	0.00660	0.00211	0.01038	0.00552	0.00376	0.01050
8	0.01203	0.00983	0.01073	0.01074	0.01323	0.00947	0.00788	0.01783	0.12781	0.02504	0.11304	0.19423	0.35160	0.04485	0.01091	0.00310	0.00486	0.01692	0.00787	0.00804
9	0.01009	0.00770	0.00928	0.01043	0.01178	0.00689	0.00723	0.01188	0.01729	0.02218	0.08634	0.45889	0.26232	0.02390	0.01030	0.00314	0.00457	0.02113	0.00778	0.00689
10	0.01008	0.00829	0.00887	0.00902	0.01146	0.00708	0.00665	0.01232	0.01911	0.02356	0.14547	0.15095	0.51608	0.02115	0.00991	0.00285	0.00425	0.01796	0.00788	0.00708
11	0.01780	0.10556	0.57937	0.02269	0.03415	0.04861	0.02852	0.02647	0.01773	0.02542	0.01451	0.01704	0.01054	0.00785	0.00764	0.00253	0.01208	0.00595	0.00355	0.01201
12	0.03103	0.03959	0.02354	0.02140	0.02568	0.67469	0.01605	0.03317	0.02354	0.02033	0.01284	0.01498	0.01070	0.00856	0.00749	0.00214	0.01498	0.00535	0.00428	0.00963
13	0.03055	0.03867	0.02401	0.02277	0.05485	0.64439	0.01649	0.03282	0.02333	0.02065	0.01297	0.01524	0.01081	0.00851	0.00752	0.00216	0.01474	0.00545	0.00427	0.00979
14	0.01187	0.00890	0.01335	0.01335	0.01483	0.01038	0.01038	0.01483	0.01335	0.01928	0.02225	0.03264	0.02077	0.06231	0.67512	0.01335	0.02225	0.00890	0.00445	0.00742
15	0.01345	0.00959	0.01141	0.01161	0.01291	0.00958	0.00800	0.08456	0.01801	0.02392	0.06066	0.32991	0.07713	0.23971	0.02035	0.00472	0.00642	0.04393	0.00698	0.00717
16	0.02128	0.54370	0.03893	0.15013	0.02873	0.05744	0.01608	0.02450	0.01711	0.01992	0.01225	0.01517	0.01075	0.00741	0.00602	0.00199	0.00959	0.00507	0.00361	0.01033
17	0.01111	0.00847	0.01021	0.00977	0.01202	0.00756	0.00733	0.01443	0.02199	0.02970	0.46305	0.06801	0.26943	0.01833	0.00980	0.00268	0.00402	0.01586	0.00867	0.00756
18	0.01035	0.00844	0.00915	0.00897	0.01155	0.00724	0.00673	0.01295	0.02019	0.02541	0.23920	0.07506	0.49596	0.01993	0.00981	0.00275	0.00413	0.01685	0.00811	0.00724
19	0.01045	0.00858	0.00971	0.00983	0.01231	0.00785	0.00756	0.01283	0.01782	0.02195	0.06927	0.07126	0.48908	0.02946	0.14381	0.00499	0.00805	0.05102	0.00705	0.00713
20	0.01224	0.00898	0.01214	0.08921	0.01653	0.00977	0.00887	0.01385	0.01334	0.01809	0.02574	0.10960	0.02787	0.38087	0.20933	0.00843	0.01199	0.01182	0.00499	0.00635
21	0.01370	0.00840	0.01056	0.01034	0.01226	0.00785	0.00763	0.01707	0.02069	0.06665	0.35958	0.18232	0.05803	0.01684	0.00902	0.00262	0.00427	0.01480	0.16941	0.00796
22	0.01012	0.00723	0.00964	0.01157	0.01205	0.00675	0.00771	0.01157	0.01591	0.02121	0.04579	0.70262	0.05495	0.02603	0.01060	0.00337	0.00482	0.02362	0.00771	0.00675
23	0.02769	0.01982	0.02110	0.01669	0.02228	0.02183	0.01362	0.47099	0.07071	0.04700	0.02221	0.02282	0.01624	0.00999	0.00782	0.00240	0.00793	0.00765	0.15842	0.01278
24	0.01698	0.01332	0.01737	0.16340	0.02538	0.05144	0.01369	0.01966	0.01704	0.09609	0.03146	0.30436	0.05345	0.01729	0.01222	0.00310	0.11435	0.01442	0.00629	0.00870
25	0.01976	0.04224	0.52682	0.02319	0.03374	0.16048	0.02754	0.02779	0.01883	0.02502	0.01446	0.01699	0.01056	0.00804	0.00781	0.00253	0.01286	0.00597	0.00367	0.01171
26	0.05006	0.01080	0.01355	0.01228	0.01548	0.01027	0.00973	0.05571	0.02297	0.15197	0.34207	0.08249	0.08937	0.01621	0.00947	0.00278	0.00541	0.08123	0.00883	0.00933
27	0.02126	0.06267	0.44321	0.02476	0.10445	0.01856	0.02589	0.02885	0.01886	0.14697	0.01825	0.01976	0.01274	0.00826	0.00791	0.00256	0.01087	0.00664	0.00487	0.01267
28	0.02267	0.02373	0.03167	0.04504	0.52933	0.15154	0.02359	0.02704	0.01985	0.02577	0.01507	0.01944	0.01266	0.00764	0.00808	0.00240	0.01090	0.00699	0.00415	0.01245
29	0.10767	0.01662	0.01753	0.01535	0.01995	0.01862	0.01208	0.10570	0.37355	0.06200	0.12918	0.03257	0.03050	0.01159	0.00827	0.00271	0.00645	0.00947	0.00824	0.01197
30	0.02044	0.01947	0.03058	0.04410	0.52999	0.04695	0.02296	0.04837	0.01926	0.02693	0.01645	0.02170	0.01397	0.01392	0.08551	0.00372	0.01150	0.00749	0.00432	0.01238
31	0.19903	0.01997	0.05617	0.01619	0.02195	0.02040	0.01374	0.31164	0.06480	0.07639	0.02234	0.10098	0.01864	0.01134	0.00783	0.00265	0.00790	0.00880	0.00734	0.01189
32	0.02816	0.02233	0.02292	0.01848	0.02432	0.06114	0.01496	0.43199	0.17731	0.04500	0.02287	0.02278	0.01683	0.01244	0.03686	0.00301	0.00944	0.00786	0.00795	0.01335
33	0.02056	0.01974	0.03372	0.05099	0.65622	0.01974	0.02550	0.02550	0.01892	0.02714	0.01563	0.02056	0.01316	0.00740	0.00822	0.00247	0.00987	0.00740	0.00411	0.01316
34	0.01596	0.01549	0.08881	0.01369	0.01755	0.01281	0.01167	0.15710	0.02195	0.02894	0.04454	0.24675	0.19427	0.07665	0.01223	0.00333	0.00681	0.01527	0.00714	0.00903
35	0.14031	0.01460	0.08886	0.01341	0.01762	0.01166	0.04755	0.01816	0.01946	0.02944	0.24867	0.07539	0.17826	0.01534	0.00892	0.00276	0.00623	0.04776	0.00706	0.00852
36	0.01649	0.01930	0.10177	0.06254	0.02861	0.01899	0.16583	0.02085	0.01529	0.02204	0.01636	0.02456	0.01452	0.06163	0.16004	0.00561	0.22378	0.00839	0.00402	0.00939
37	0.02462	0.21112	0.10280	0.01866	0.02437	0.31566	0.01656	0.05524	0.02051	0.02217	0.01427	0.01733	0.01211	0.01502	0.09217	0.00355	0.01373	0.00576	0.00421	0.01013
38	0.01010	0.00836	0.00885	0.00888	0.01143	0.00711	0.00660	0.01242	0.01939	0.02386	0.15983	0.11321	0.53975	0.02077	0.00986	0.00281	0.00420	0.01754	0.00791	0.00711
39	0.02766	0.21412	0.02821	0.01907	0.02394	0.46987	0.01526	0.02998	0.02123	0.02007	0.01303	0.01553	0.01125	0.01116	0.04397	0.00267	0.01379	0.00531	0.00410	0.00978
40	0.01040	0.00762	0.01011	0.03664	0.01356	0.00726	0.00808	0.01197	0.01594	0.02105	0.04606	0.61025	0.08832	0.05579	0.01190	0.00353	0.00516	0.02212	0.00744	0.00678
41	0.02079	0.18900	0.19592	0.21384	0.03651	0.16481	0.02148	0.02600	0.01842	0.02197	0.01364	0.01735	0.01075	0.00798	0.00733	0.00237	0.01173	0.00594	0.00374	0.01044
42	0.01196	0.00855	0.01156	0.01156	0.01243	0.00941	0.00815	0.01369	0.01282	0.01796	0.02389	0.04169	0.02470	0.33136	0.41145	0.01114	0.01634	0.01023	0.00469	0.00642
43	0.01039	0.00844	0.00920	0.00901	0.01157	0.00725	0.00676	0.01302	0.02028	0.02562	0.25023	0.07471	0.48479	0.01985	0.00981	0.00275	0.00412	0.01680	0.00813	0.00725
44	0.01666	0.04297	0.66500	0.02368	0.03596	0.01929	0.03069	0.02631	0.01754	0.02631	0.01491	0.01754	0.01052	0.00789	0.00789	0.00263	0.01228	0.00614	0.00351	0.01228
45	0.00982	0.00842	0.00842	0.00842	0.01122	0.00701	0.00631	0.01192	0.01894	0.02244	0.08416	0.07995	0.65285	0.02104	0.00982	0.00281	0.00421	0.01753	0.00771	0.00701
46	0.01018	0.00836	0.00896	0.00896	0.01148	0.00714	0.00666	0.01257	0.01957	0.02430	0.18276	0.11270	0.51633	0.02061	0.00986	0.00280	0.00419	0.01744	0.00797	0.00714
47	0.01208	0.00805	0.00906	0.00906	0.00906	0.00805	0.00503	0.01208	0.01208	0.01611	0.02618	0.05436	0.03020	0.70804	0.04228	0.00805	0.00805	0.01208	0.00503	0.00503
48	0.01188	0.00885	0.01310	0.01310	0.01449	0.01025	0.01007	0.01467	0.01328	0.01910	0.02249	0.03393	0.02133	0.10083	0.63737	0.01304	0.02140	0.00909	0.00449	0.00728
49	0.02321	0.01911	0.02022	0.01742	0.02257	0.02185	0.01376	0.18024	0.50097	0.03885	0.03058	0.02842	0.02274	0.01097	0.00842	0.00274	0.00717	0.00895	0.00842	0.01338
50	0.01019	0.00737	0.00951	0.01118	0.01184	0.00683	0.00747	0.01162	0.01599	0.02108	0.04817	0.61930	0.10501	0.05715	0.01200	0.00354	0.00492	0.02256	0.00759	0.00669
51	0.03042	0.03456	0.02398	0.02089	0.02548	0.48603	0.01611	0.17134	0.02654	0.02778	0.01439	0.01632	0.01151	0.00923	0.00882	0.00231	0.05250	0.00596	0.00518	0.01065
52	0.01443	0.00722	0.01082	0.01082	0.01082	0.00722	0.00722	0.01082	0.01082	0.01443	0.01443	0.02525	0.01443	0.02886	0.03247	0.75830	0.00722	0.00722	0.00361	0.00361
53	0.01141	0.00822	0.01083	0.01094	0.01252	0.00763	0.00804	0.01470	0.02140	0.02988	0.47241	0.22613	0.07115	0.01953	0.01007	0.00286	0.00430	0.04171	0.00872	0.00755
54	0.01062	0.00744	0.00949	0.01092	0.01128	0.00708	0.00702	0.01170	0.01492	0.01990	0.04075	0.53619	0.04859	0.20112	0.01874	0.00458	0.00565	0.02066	0.00702	0.00631
55	0.01451	0.01249	0.01986	0.46251	0.04182	0.01500	0.01765	0.01873	0.01582	0.02103	0.02007	0.08574	0.01848	0.10382	0.05124	0.00407	0.01036	0.00949	0.04902	0.00828
56	0.02622	0.02909	0.02616	0.02718	0.15175	0.32780	0.01838	0.09781	0.02208	0.02534	0.01381	0.01737	0.01164	0.00978	0.01199	0.00257	0.15930	0.00642	0.00457	0.01075
57	0.01725	0.01577	0.02608	0.03849	0.45190	0.01562	0.01985	0.02108	0.01796	0.02526	0.02519	0.23690	0.02641	0.01331	0.00898	0.00275	0.00827	0.01254	0.00525	0.01113
58	0.01162	0.00786	0.00920	0.00964	0.00976	0.00775	0.00566	0.01196	0.01297	0.01730	0.03074	0.20534	0.03596	0.54920	0.03491	0.00696	0.00730	0.01477	0.00566	0.00543
59	0.38640	0.01723	0.02253	0.14096	0.20093	0.01905	0.05288	0.02429	0.01621	0.03106	0.01355	0.01747	0.01072	0.00769	0.00682	0.00259	0.00863	0.00612	0.00455	0.01031
60	0.17200	0.17219	0.06890	0.02899	0.24388	0.09833	0.05487	0.02615	0.01801	0.02667	0.01364	0.01686	0.01131	0.00754	0.00697	0.00233	0.00995	0.00601	0.00419	0.01120
61	0.13865	0.01633	0.01628	0.01554	0.05422	0.05545	0.01131	0.14105	0.11651	0.03354	0.02842	0.03107	0.08344	0.05466	0.03809	0.00327	0.00779	0.00859	0.13565	0.01017
62	0.02015	0.02010	0.01698	0.01531	0.01821	0.22224	0.01175	0.02287	0.01783	0.02312	0.01836	0.02418	0.01599	0.05081	0.12755	0.00440	0.09289	0.00701	0.17623	0.09404

[dist]
# distance from previous block
# <min> <max>
5	31

[block]
# block no. 2 follows, 22 sequences, length 60
# corresponding to MSA columns:
# 167-226
name=unknown_C
#
# <colnr> <probs for GDERKNQSTAVLIFYWHMCP>
#	G	D	E	R	K	N	Q	S	T	A	V	L	I	F	Y	W	H	M	C	P
0	0.02014	0.02612	0.12739	0.02734	0.12143	0.15846	0.16413	0.02516	0.01988	0.02522	0.08545	0.02762	0.06345	0.01010	0.01006	0.00263	0.06126	0.00883	0.00481	0.01052
1	0.18014	0.02923	0.23626	0.02725	0.19347	0.11757	0.02153	0.02617	0.01813	0.02783	0.01673	0.01948	0.03553	0.00833	0.00740	0.00251	0.01049	0.00644	0.00430	0.01121
2	0.02057	0.02078	0.02611	0.06407	0.31388	0.12749	0.04198	0.06824	0.02110	0.02655	0.03015	0.03244	0.14962	0.01073	0.00851	0.00251	0.00968	0.00932	0.00520	0.01106
3	0.01193	0.00806	0.00942	0.00955	0.00969	0.00813	0.00561	0.01225	0.01244	0.01670	0.02726	0.09815	0.03124	0.61308	0.08635	0.00811	0.00887	0.01266	0.00518	0.00533
4	0.01676	0.02620	0.27570	0.02828	0.19513	0.01708	0.05402	0.02324	0.01919	0.02789	0.16725	0.02927	0.02757	0.01023	0.00954	0.00264	0.04488	0.00885	0.00506	0.01123
5	0.02009	0.02849	0.23278	0.03878	0.38760	0.06754	0.02596	0.02707	0.04392	0.02669	0.01593	0.01961	0.01263	0.00780	0.00807	0.00251	0.01087	0.00693	0.00411	0.01262
6	0.03189	0.02575	0.02425	0.01924	0.02541	0.15008	0.01558	0.47055	0.03495	0.09076	0.01951	0.01960	0.01394	0.00972	0.00816	0.00243	0.01012	0.00713	0.00768	0.01326
7	0.07050	0.02275	0.21776	0.05449	0.09037	0.01596	0.01858	0.02195	0.04470	0.02574	0.02884	0.10117	0.11183	0.01229	0.00977	0.00270	0.06378	0.00992	0.00512	0.07179
8	0.02531	0.02659	0.22528	0.01900	0.02644	0.05677	0.01903	0.14655	0.06740	0.18374	0.06774	0.02465	0.01965	0.01013	0.00918	0.00262	0.04273	0.00781	0.00686	0.01251
9	0.01194	0.00800	0.00910	0.00924	0.00927	0.00796	0.00522	0.01204	0.01235	0.01646	0.02755	0.09974	0.03193	0.66030	0.04007	0.00773	0.00783	0.01289	0.00522	0.00515
10	0.01677	0.01425	0.02041	0.13010	0.07191	0.01536	0.05861	0.12382	0.02078	0.02758	0.03494	0.23219	0.11830	0.01600	0.01064	0.00295	0.05573	0.01388	0.00634	0.00945
11	0.02654	0.03209	0.02243	0.07449	0.02683	0.48760	0.01641	0.02916	0.02164	0.02098	0.01701	0.02627	0.01569	0.01088	0.00947	0.00252	0.06114	0.08492	0.00464	0.00930
12	0.01086	0.00810	0.00986	0.01044	0.01196	0.00741	0.00748	0.01309	0.01838	0.02417	0.19897	0.27011	0.22046	0.09282	0.01353	0.00355	0.00497	0.05908	0.00777	0.00697
13	0.76672	0.01607	0.01221	0.01092	0.01607	0.01864	0.00900	0.02442	0.01414	0.03727	0.01157	0.01350	0.00900	0.00771	0.00514	0.00257	0.00643	0.00450	0.00514	0.00900
14	0.01705	0.01558	0.01419	0.01416	0.01660	0.13816	0.01041	0.02216	0.10733	0.05168	0.08297	0.31874	0.09590	0.01867	0.00951	0.00294	0.00713	0.04079	0.00736	0.00867
15	0.01146	0.00779	0.00924	0.00986	0.01001	0.00764	0.00588	0.01192	0.01329	0.01773	0.03240	0.26016	0.03806	0.49153	0.03223	0.00657	0.00703	0.01574	0.00588	0.00558
16	0.01062	0.00750	0.00943	0.01075	0.01122	0.00710	0.00694	0.01172	0.01505	0.01993	0.04250	0.50172	0.07757	0.20523	0.01890	0.00458	0.00564	0.02029	0.00701	0.00631
17	0.01492	0.00905	0.01114	0.07076	0.01548	0.00998	0.00878	0.01868	0.01636	0.02736	0.02435	0.02995	0.01982	0.01993	0.13621	0.00429	0.03776	0.00791	0.50939	0.00787
18	0.01847	0.26165	0.46219	0.02059	0.03118	0.02372	0.02532	0.02584	0.01732	0.02410	0.01381	0.01616	0.01057	0.00764	0.00706	0.00235	0.01117	0.00559	0.00352	0.01175
19	0.02621	0.03203	0.02830	0.02348	0.02867	0.43342	0.16102	0.03076	0.05843	0.02282	0.02001	0.02224	0.05696	0.00922	0.00826	0.00238	0.01350	0.00750	0.00475	0.01003
20	0.01084	0.00802	0.01027	0.01162	0.01295	0.00745	0.00858	0.01309	0.01774	0.02315	0.10187	0.41059	0.16983	0.02373	0.01056	0.00329	0.00519	0.13635	0.00782	0.00707
21	0.02538	0.10282	0.02828	0.02696	0.15943	0.31570	0.01828	0.05066	0.02034	0.02285	0.01319	0.01680	0.01139	0.00936	0.01127	0.00247	0.14391	0.00614	0.00419	0.01056
22	0.01161	0.00786	0.00920	0.00966	0.00978	0.00774	0.00567	0.01196	0.01300	0.01733	0.03086	0.20933	0.03612	0.54501	0.03471	0.00694	0.00728	0.01484	0.00567	0.00544
23	0.01043	0.00771	0.00963	0.01067	0.01182	0.00704	0.00735	0.01236	0.01761	0.02328	0.15576	0.44689	0.17063	0.05382	0.01172	0.00334	0.00469	0.02049	0.00784	0.00691
24	0.01666	0.04297	0.66500	0.02368	0.03596	0.01929	0.03069	0.02631	0.01754	0.02631	0.01491	0.01754	0.01052	0.00789	0.00789	0.00263	0.01228	0.00614	0.00351	0.01228
25	0.01226	0.00881	0.01045	0.01027	0.01279	0.00781	0.00792	0.01519	0.02064	0.05895	0.26911	0.09648	0.33967	0.01950	0.00994	0.00285	0.00463	0.07671	0.00833	0.00771
26	0.01595	0.01049	0.01173	0.01059	0.01415	0.00949	0.00821	0.04368	0.05746	0.12816	0.13365	0.06438	0.42492	0.01784	0.00944	0.00273	0.00497	0.01490	0.00835	0.00889
27	0.01590	0.00965	0.01102	0.00999	0.01348	0.00821	0.00773	0.01842	0.02045	0.16045	0.13187	0.06704	0.45811	0.01832	0.00950	0.00274	0.00479	0.01531	0.00841	0.00862
28	0.01012	0.00723	0.00964	0.01157	0.01205	0.00675	0.00771	0.01157	0.01591	0.02121	0.04579	0.70262	0.05495	0.02603	0.01060	0.00337	0.00482	0.02362	0.00771	0.00675
29	0.02906	0.02775	0.02224	0.02093	0.06930	0.35651	0.01515	0.05994	0.02350	0.16101	0.08364	0.02348	0.02016	0.01005	0.00888	0.00239	0.04159	0.00733	0.00622	0.01086
30	0.02918	0.03607	0.02535	0.02665	0.13745	0.55860	0.01773	0.03181	0.02272	0.02154	0.01333	0.01597	0.01114	0.00836	0.00762	0.00220	0.01408	0.00571	0.00425	0.01026
31	0.01160	0.00813	0.00892	0.00892	0.00952	0.00783	0.00531	0.01205	0.01355	0.01746	0.03859	0.05984	0.16348	0.56100	0.03533	0.00693	0.00723	0.01325	0.00561	0.00546
32	0.02561	0.01966	0.02212	0.01773	0.02237	0.02250	0.01457	0.40460	0.03038	0.04152	0.02534	0.02658	0.08006	0.01198	0.01195	0.00271	0.14029	0.00850	0.05955	0.01197
33	0.01326	0.01087	0.01568	0.01489	0.01594	0.01351	0.01170	0.01576	0.01312	0.01921	0.02006	0.03106	0.01930	0.09909	0.48718	0.01084	0.16784	0.00878	0.00431	0.00761
34	0.03103	0.03959	0.02354	0.02140	0.02568	0.67469	0.01605	0.03317	0.02354	0.02033	0.01284	0.01498	0.01070	0.00856	0.00749	0.00214	0.01498	0.00535	0.00428	0.00963
35	0.02031	0.01463	0.02371	0.54396	0.04951	0.01712	0.02075	0.02535	0.01815	0.15837	0.01862	0.02346	0.01311	0.00873	0.00832	0.00273	0.01022	0.00759	0.00510	0.01028
36	0.01019	0.00843	0.00893	0.00881	0.01145	0.00717	0.00661	0.01265	0.01982	0.02454	0.19378	0.07649	0.54192	0.02026	0.00981	0.00277	0.00415	0.01705	0.00799	0.00717
37	0.01198	0.00844	0.01103	0.01103	0.01171	0.00912	0.00749	0.01334	0.01266	0.01757	0.02438	0.04440	0.02587	0.41178	0.33263	0.01048	0.01457	0.01062	0.00477	0.00613
38	0.01129	0.00871	0.00908	0.00882	0.01178	0.00731	0.00667	0.01353	0.01936	0.05548	0.10402	0.07661	0.59787	0.02033	0.00974	0.00279	0.00434	0.01697	0.00790	0.00741
39	0.01012	0.00723	0.00964	0.01157	0.01205	0.00675	0.00771	0.01157	0.01591	0.02121	0.04579	0.70262	0.05495	0.02603	0.01060	0.00337	0.00482	0.02362	0.00771	0.00675
40	0.02978	0.03407	0.02447	0.05518	0.06414	0.47907	0.01690	0.14711	0.02593	0.02696	0.01447	0.01662	0.01152	0.00875	0.00773	0.00226	0.01336	0.00598	0.00502	0.01069
41	0.01835	0.01232	0.01345	0.01215	0.01544	0.01314	0.00940	0.07147	0.20783	0.05947	0.15308	0.03625	0.03332	0.01166	0.00768	0.00240	0.00521	0.00969	0.29758	0.01011
42	0.00982	0.00842	0.00842	0.00842	0.01122	0.00701	0.00631	0.01192	0.01894	0.02244	0.08416	0.07995	0.65285	0.02104	0.00982	0.00281	0.00421	0.01753	0.00771	0.00701
43	0.01147	0.00780	0.00924	0.00984	0.00999	0.00765	0.00587	0.01192	0.01327	0.01770	0.03230	0.25674	0.03793	0.49513	0.03239	0.00659	0.00704	0.01568	0.00587	0.00557
44	0.01217	0.00934	0.01392	0.01375	0.01516	0.01110	0.01075	0.01508	0.01332	0.01932	0.02172	0.03195	0.02030	0.06005	0.64449	0.01289	0.05396	0.00882	0.00441	0.00750
45	0.01148	0.00780	0.00924	0.00984	0.00998	0.00765	0.00586	0.01192	0.01326	0.01768	0.03224	0.25470	0.03785	0.49727	0.03249	0.00661	0.00705	0.01565	0.00586	0.00556
46	0.01057	0.00751	0.00941	0.01074	0.01127	0.00708	0.00697	0.01172	0.01521	0.02008	0.04391	0.50212	0.09276	0.18869	0.01812	0.00445	0.00555	0.02041	0.00707	0.00636
47	0.01007	0.00744	0.00942	0.01101	0.01190	0.00679	0.00746	0.01163	0.01644	0.02142	0.05256	0.59269	0.16051	0.02515	0.01046	0.00327	0.00471	0.02254	0.00771	0.00679
48	0.01197	0.00849	0.01125	0.01125	0.01201	0.00924	0.00777	0.01349	0.01273	0.01773	0.02417	0.04327	0.02539	0.37835	0.36539	0.01076	0.01530	0.01046	0.00474	0.00625
49	0.01818	0.01818	0.02545	0.02181	0.02181	0.02545	0.01818	0.01999	0.01272	0.01999	0.01091	0.01818	0.01091	0.01454	0.02726	0.00364	0.69284	0.00727	0.00364	0.00909
50	0.01782	0.07722	0.49350	0.02897	0.16786	0.02018	0.02862	0.02605	0.01780	0.02609	0.01487	0.01794	0.01110	0.00774	0.00781	0.00255	0.01156	0.00631	0.00364	0.01237
51	0.01756	0.01668	0.02830	0.44319	0.28746	0.01895	0.02400	0.02287	0.01750	0.02350	0.01510	0.02154	0.01188	0.00796	0.00827	0.00265	0.01061	0.00739	0.00385	0.01074
52	0.01208	0.00805	0.00906	0.00906	0.00906	0.00805	0.00503	0.01208	0.01208	0.01611	0.02618	0.05436	0.03020	0.70804	0.04228	0.00805	0.00805	0.01208	0.00503	0.00503
53	0.01976	0.02024	0.02407	0.21855	0.03263	0.12816	0.01859	0.05315	0.01703	0.02201	0.01366	0.01998	0.01181	0.01498	0.06483	0.00379	0.29625	0.00712	0.00405	0.00935
54	0.01561	0.01958	0.15419	0.01834	0.08393	0.05946	0.01444	0.01859	0.01486	0.02011	0.02065	0.03705	0.02127	0.36471	0.05892	0.00590	0.05040	0.00942	0.00445	0.00810
55	0.07278	0.00902	0.01115	0.01139	0.01335	0.00874	0.00872	0.01566	0.02036	0.02943	0.35928	0.19070	0.08769	0.01914	0.00985	0.00296	0.00491	0.10898	0.00824	0.00765
56	0.01174	0.00797	0.00911	0.00935	0.00952	0.00785	0.00542	0.01201	0.01284	0.01700	0.03097	0.13676	0.05831	0.59485	0.03700	0.00726	0.00749	0.01375	0.00548	0.00533
57	0.01200	0.00916	0.01239	0.14836	0.02020	0.00959	0.00983	0.01400	0.01527	0.02015	0.03688	0.28116	0.09922	0.22617	0.01940	0.00455	0.00697	0.01565	0.03225	0.00680
58	0.02572	0.02120	0.02348	0.16194	0.03157	0.06105	0.01678	0.33388	0.16711	0.03991	0.02150	0.02258	0.01577	0.00982	0.00829	0.00260	0.00933	0.00776	0.00712	0.01260
59	0.02936	0.02161	0.02335	0.01833	0.02434	0.02380	0.01495	0.56472	0.03666	0.04913	0.02262	0.09054	0.01835	0.01163	0.00855	0.00258	0.00869	0.00915	0.00825	0.01336

[dist]
# distance from previous block
# <min> <max>
0	1

[block]
# block no. 3 follows, 22 sequences, length 29
# corresponding to MSA columns:
# 228-256
name=unknown_D
#
# <colnr> <probs for GDERKNQSTAVLIFYWHMCP>
#	G	D	E	R	K	N	Q	S	T	A	V	L	I	F	Y	W	H	M	C	P
0	0.02756	0.02251	0.02256	0.01799	0.02393	0.08969	0.01454	0.40429	0.08641	0.04232	0.02004	0.02103	0.01505	0.01332	0.05634	0.00313	0.01014	0.00725	0.00726	0.09464
1	0.01133	0.00852	0.01093	0.01169	0.01335	0.00749	0.00808	0.01316	0.01613	0.02221	0.04049	0.58569	0.04767	0.02264	0.00984	0.00301	0.00505	0.02043	0.00724	0.13506
2	0.01039	0.00754	0.00981	0.01114	0.01205	0.00696	0.00763	0.01232	0.01746	0.02343	0.15516	0.54499	0.10223	0.02408	0.01041	0.00320	0.00462	0.02167	0.00796	0.00696
3	0.01215	0.00868	0.01090	0.01166	0.01275	0.00844	0.00800	0.05696	0.01827	0.02467	0.13170	0.48224	0.05258	0.10315	0.01402	0.00374	0.00538	0.01982	0.00766	0.00724
4	0.03119	0.03493	0.02394	0.02075	0.02571	0.48948	0.01598	0.20309	0.02797	0.02947	0.01487	0.01640	0.01168	0.00896	0.00772	0.00224	0.01331	0.00596	0.00543	0.01091
5	0.01031	0.00731	0.00958	0.01133	0.01176	0.00687	0.00746	0.01162	0.01554	0.02072	0.04391	0.64053	0.05257	0.09136	0.01364	0.00382	0.00513	0.02251	0.00746	0.00658
6	0.00982	0.00842	0.00842	0.00842	0.01122	0.00701	0.00631	0.01192	0.01894	0.02244	0.08416	0.07995	0.65285	0.02104	0.00982	0.00281	0.00421	0.01753	0.00771	0.00701
7	0.01974	0.02463	0.16656	0.04524	0.52570	0.01964	0.02659	0.02567	0.01863	0.02697	0.01548	0.01993	0.01260	0.00751	0.00815	0.00250	0.01038	0.00714	0.00399	0.01297
8	0.01045	0.00779	0.00974	0.01063	0.01196	0.00707	0.00744	0.01264	0.01840	0.02441	0.20129	0.41432	0.18795	0.02277	0.01024	0.00307	0.00447	0.02023	0.00806	0.00707
9	0.02017	0.02022	0.03023	0.22999	0.42486	0.08211	0.02390	0.02501	0.01870	0.02480	0.01511	0.02048	0.01233	0.00777	0.00818	0.00252	0.01070	0.00720	0.00401	0.01170
10	0.01852	0.03192	0.36463	0.03667	0.33108	0.01951	0.02822	0.02592	0.01819	0.02670	0.01525	0.01898	0.01178	0.00766	0.00805	0.00255	0.01113	0.00674	0.00380	0.01270
11	0.03032	0.03824	0.02424	0.02342	0.06866	0.63005	0.01670	0.03265	0.02323	0.02080	0.01303	0.01536	0.01087	0.00848	0.00754	0.00216	0.01463	0.00549	0.00427	0.00987
12	0.01032	0.00789	0.00948	0.01024	0.01182	0.00705	0.00724	0.01247	0.01842	0.02394	0.17429	0.35983	0.27196	0.02254	0.01017	0.00303	0.00443	0.01983	0.00798	0.00705
13	0.01936	0.03629	0.41528	0.02993	0.16579	0.09603	0.06847	0.02696	0.01867	0.02581	0.01495	0.01821	0.01124	0.00781	0.00805	0.00255	0.01220	0.00656	0.00377	0.01208
14	0.02219	0.13504	0.02481	0.02164	0.11472	0.20687	0.01512	0.03000	0.16885	0.02511	0.02831	0.03076	0.09685	0.01096	0.00794	0.00244	0.00958	0.03234	0.00571	0.01075
15	0.01148	0.00852	0.01001	0.01020	0.01188	0.00792	0.00748	0.01366	0.01798	0.02333	0.18021	0.07123	0.25103	0.21659	0.01936	0.00444	0.00583	0.11488	0.00724	0.00673
16	0.02760	0.01969	0.02163	0.01745	0.02291	0.02144	0.01405	0.45482	0.06985	0.08112	0.02591	0.13755	0.02213	0.01281	0.00871	0.00267	0.00813	0.01040	0.00833	0.01281
17	0.02197	0.20296	0.21897	0.13404	0.03303	0.20957	0.02114	0.02705	0.01893	0.02206	0.01346	0.01655	0.01070	0.00796	0.00721	0.00230	0.01200	0.00571	0.00377	0.01060
18	0.01070	0.00797	0.01009	0.01142	0.01276	0.00735	0.00837	0.01285	0.01758	0.02281	0.08935	0.41998	0.19106	0.02384	0.01053	0.00328	0.00511	0.12012	0.00778	0.00703
19	0.01885	0.02071	0.10376	0.04157	0.48762	0.01795	0.02306	0.02360	0.01774	0.02540	0.01711	0.02523	0.01538	0.11159	0.01325	0.00332	0.00988	0.00795	0.00418	0.01185
20	0.02165	0.02442	0.02633	0.30730	0.03989	0.24584	0.06502	0.02556	0.01863	0.02113	0.01366	0.01909	0.01103	0.00925	0.01104	0.00269	0.11722	0.00685	0.00392	0.00949
21	0.02203	0.02282	0.02717	0.03579	0.36694	0.15842	0.01999	0.02933	0.12607	0.02665	0.02310	0.02546	0.06109	0.00930	0.00822	0.00248	0.00999	0.00804	0.00515	0.01196
22	0.15403	0.22779	0.02731	0.01756	0.02280	0.37958	0.01432	0.02931	0.02004	0.02300	0.01226	0.01426	0.01040	0.00800	0.00647	0.00211	0.01178	0.00495	0.00422	0.00982
23	0.02134	0.03855	0.38810	0.02709	0.12521	0.20642	0.02574	0.02815	0.01946	0.02473	0.01443	0.01726	0.01097	0.00801	0.00783	0.00247	0.01269	0.00610	0.00382	0.01165
24	0.01194	0.00923	0.01111	0.01216	0.01364	0.00922	0.00851	0.01734	0.12623	0.02372	0.04788	0.51629	0.11522	0.02288	0.01014	0.00321	0.00506	0.02045	0.00784	0.00790
25	0.01922	0.01973	0.02301	0.02097	0.06004	0.15128	0.11708	0.02559	0.12337	0.02359	0.02404	0.11222	0.02298	0.12769	0.06042	0.00432	0.03893	0.01059	0.00550	0.00943
26	0.01997	0.25296	0.20094	0.01980	0.02567	0.07049	0.02006	0.02416	0.01609	0.02155	0.01231	0.01621	0.01071	0.00994	0.01362	0.00266	0.24284	0.00592	0.00362	0.01048
27	0.02239	0.13992	0.06094	0.01845	0.05900	0.11741	0.01465	0.19483	0.02429	0.03041	0.02673	0.16572	0.06489	0.01313	0.00824	0.00253	0.00894	0.01064	0.00621	0.01067
28	0.04032	0.02121	0.17808	0.02013	0.09613	0.01550	0.01730	0.12379	0.02257	0.03139	0.12578	0.04411	0.13855	0.01350	0.00893	0.00275	0.00811	0.07486	0.00648	0.01050

[dist]
# distance from previous block
# <min> <max>
11	72

[block]
# block no. 4 follows, 22 sequences, length 29
# corresponding to MSA columns:
# 331-359
name=unknown_E
#
# <colnr> <probs for GDERKNQSTAVLIFYWHMCP>
#	G	D	E	R	K	N	Q	S	T	A	V	L	I	F	Y	W	H	M	C	P
0	0.09517	0.04726	0.15664	0.01658	0.04801	0.05441	0.01485	0.07896	0.05062	0.02892	0.11192	0.03723	0.11755	0.09282	0.01211	0.00321	0.00823	0.00975	0.00599	0.00977
1	0.02187	0.02689	0.09291	0.02890	0.19370	0.22929	0.07773	0.02724	0.05800	0.02445	0.02252	0.08693	0.05214	0.01054	0.00843	0.00254	0.01118	0.00905	0.00492	0.01079
2	0.02251	0.06351	0.26865	0.02681	0.11403	0.17008	0.08174	0.08512	0.04058	0.02751	0.01563	0.01829	0.01192	0.00816	0.00798	0.00247	0.01212	0.00663	0.00444	0.01182
3	0.01968	0.35785	0.16374	0.02283	0.12168	0.02495	0.06203	0.02451	0.01814	0.02386	0.07365	0.02051	0.01754	0.00823	0.00702	0.00220	0.00961	0.00661	0.00420	0.01114
4	0.06565	0.03249	0.33279	0.05730	0.17804	0.08135	0.08419	0.02647	0.01837	0.02644	0.01485	0.01840	0.01128	0.00776	0.00796	0.00257	0.01173	0.00666	0.00390	0.01180
5	0.01818	0.01656	0.01665	0.01668	0.06313	0.07876	0.01181	0.08341	0.21983	0.02922	0.04703	0.10017	0.23448	0.01511	0.00897	0.00274	0.00693	0.01259	0.00742	0.01031
6	0.01036	0.00778	0.00967	0.01107	0.01233	0.00709	0.00788	0.01221	0.01704	0.02190	0.05601	0.47480	0.21632	0.02438	0.01048	0.00326	0.00493	0.07788	0.00771	0.00691
7	0.01151	0.00842	0.00997	0.01025	0.01151	0.00770	0.00669	0.01269	0.01495	0.01996	0.04035	0.30562	0.12026	0.28668	0.02230	0.00490	0.00611	0.01660	0.00642	0.07711
8	0.01455	0.00947	0.01167	0.07719	0.06072	0.00962	0.00921	0.01826	0.01755	0.02746	0.03627	0.03926	0.14609	0.01431	0.04075	0.00280	0.00599	0.00970	0.44102	0.00811
9	0.02556	0.02274	0.02352	0.15527	0.09147	0.16252	0.01710	0.21875	0.02625	0.07711	0.02391	0.02562	0.07342	0.01015	0.00827	0.00250	0.01026	0.00800	0.00618	0.01140
10	0.01690	0.06829	0.08072	0.01602	0.01951	0.14579	0.01376	0.02033	0.01605	0.02019	0.01890	0.02627	0.01704	0.04236	0.42930	0.00925	0.01888	0.00761	0.00426	0.00856
11	0.02467	0.02309	0.01910	0.01683	0.02073	0.22708	0.01287	0.15441	0.14762	0.03001	0.02027	0.02261	0.01608	0.01292	0.01187	0.12928	0.00962	0.00717	0.08370	0.01007
12	0.01171	0.00809	0.01002	0.01034	0.01072	0.00830	0.00655	0.01255	0.01298	0.01760	0.02868	0.15885	0.03247	0.46430	0.16362	0.00833	0.01035	0.01338	0.00537	0.00580
13	0.01765	0.03627	0.46745	0.02808	0.06845	0.01978	0.19139	0.02635	0.01817	0.02643	0.01546	0.01900	0.01122	0.00763	0.00843	0.00267	0.01263	0.00719	0.00373	0.01203
14	0.02243	0.02968	0.15836	0.03690	0.33172	0.18904	0.06071	0.02771	0.01988	0.02518	0.01483	0.01863	0.01196	0.00778	0.00806	0.00244	0.01192	0.00677	0.00404	0.01195
15	0.01697	0.08006	0.63060	0.02315	0.03515	0.02004	0.02978	0.02623	0.01750	0.02593	0.01472	0.01731	0.01053	0.00785	0.00775	0.00258	0.01209	0.00604	0.00351	0.01219
16	0.01053	0.00763	0.00994	0.01109	0.01209	0.00705	0.00766	0.01265	0.01806	0.02441	0.20480	0.49906	0.09746	0.02338	0.01035	0.00314	0.00455	0.02102	0.00808	0.00705
17	0.01295	0.00960	0.01121	0.01052	0.01323	0.00896	0.00798	0.01808	0.08177	0.05480	0.36265	0.06413	0.27775	0.01762	0.00962	0.00270	0.00441	0.01511	0.00861	0.00831
18	0.01189	0.00859	0.01157	0.01146	0.01219	0.00873	0.03041	0.01307	0.01347	0.01827	0.02935	0.19161	0.03309	0.40178	0.16071	0.00788	0.01041	0.01390	0.00548	0.00612
19	0.01010	0.00730	0.00956	0.01137	0.01200	0.00676	0.00762	0.01159	0.01609	0.02128	0.04817	0.66403	0.09200	0.02572	0.01055	0.00334	0.00478	0.02324	0.00771	0.00676
20	0.01187	0.00890	0.01335	0.01335	0.01483	0.01038	0.01038	0.01483	0.01335	0.01928	0.02225	0.03264	0.02077	0.06231	0.67512	0.01335	0.02225	0.00890	0.00445	0.00742
21	0.02056	0.01974	0.03372	0.05099	0.65622	0.01974	0.02550	0.02550	0.01892	0.02714	0.01563	0.02056	0.01316	0.00740	0.00822	0.00247	0.00987	0.00740	0.00411	0.01316
22	0.01520	0.01337	0.01801	0.01613	0.01631	0.01729	0.01243	0.01648	0.01256	0.01848	0.01784	0.03318	0.01915	0.27532	0.10816	0.00639	0.36281	0.00923	0.00424	0.00740
23	0.01009	0.00735	0.00951	0.01124	0.01196	0.00678	0.00757	0.01160	0.01622	0.02134	0.04977	0.63798	0.11702	0.02551	0.01052	0.00331	0.00476	0.02299	0.00771	0.00678
24	0.01569	0.00923	0.01229	0.01168	0.01407	0.00844	0.00887	0.01900	0.02179	0.13273	0.39431	0.18441	0.06247	0.01804	0.00983	0.00283	0.00484	0.05190	0.00896	0.00864
25	0.01623	0.01549	0.01536	0.01473	0.01650	0.12098	0.01110	0.04482	0.01764	0.02190	0.03509	0.20345	0.12210	0.08971	0.08500	0.00460	0.11573	0.03573	0.00594	0.00789
26	0.05476	0.01940	0.06999	0.17353	0.27801	0.01844	0.14287	0.02354	0.01826	0.02580	0.02191	0.02634	0.07262	0.00884	0.00854	0.00264	0.01039	0.00862	0.00440	0.01111
27	0.18816	0.03384	0.02118	0.01906	0.02363	0.50542	0.01453	0.05807	0.02223	0.02539	0.01289	0.01489	0.01049	0.00844	0.00703	0.00225	0.01289	0.00526	0.00465	0.00970
28	0.09429	0.01313	0.01536	0.13027	0.02315	0.03927	0.01188	0.02336	0.08472	0.12159	0.03876	0.20753	0.13284	0.01557	0.00882	0.00286	0.00691	0.01325	0.00708	0.00937

[dist]
# distance from previous block
# <min> <max>
8	13

[block]
# block no. 5 follows, 22 sequences, length 34
# corresponding to MSA columns:
# 373-406
name=unknown_F
#
# <colnr> <probs for GDERKNQSTAVLIFYWHMCP>
#	G	D	E	R	K	N	Q	S	T	A	V	L	I	F	Y	W	H	M	C	P
0	0.05932	0.02660	0.02602	0.16241	0.13650	0.29517	0.05919	0.05282	0.02092	0.02427	0.01590	0.05336	0.01365	0.00913	0.00802	0.00247	0.01209	0.00739	0.00452	0.01025
1	0.01514	0.01532	0.08488	0.01370	0.01796	0.01287	0.01213	0.07232	0.13478	0.02987	0.16056	0.05748	0.23995	0.01637	0.00942	0.00285	0.00628	0.08091	0.00769	0.00953
2	0.01779	0.01293	0.04642	0.01517	0.05793	0.01111	0.01171	0.06130	0.02242	0.13173	0.23138	0.05703	0.18202	0.01605	0.00949	0.00279	0.00612	0.08883	0.00816	0.00963
3	0.01815	0.05908	0.25951	0.26113	0.12532	0.06219	0.05095	0.02480	0.01784	0.02395	0.01475	0.01942	0.01118	0.00794	0.00802	0.00259	0.01163	0.00677	0.00373	0.01103
4	0.03024	0.03828	0.02366	0.02143	0.02544	0.63485	0.01618	0.03236	0.02288	0.02031	0.01272	0.01518	0.01071	0.00893	0.00870	0.00223	0.05658	0.00547	0.00424	0.00960
5	0.01455	0.00800	0.00900	0.00900	0.01075	0.00832	0.00675	0.01805	0.01630	0.02777	0.02602	0.03244	0.02160	0.05411	0.15046	0.00466	0.00799	0.00820	0.55847	0.00754
6	0.26430	0.27631	0.18882	0.01581	0.02355	0.02439	0.01676	0.06050	0.01745	0.02896	0.01289	0.01483	0.01029	0.00767	0.00609	0.00229	0.00895	0.00507	0.00434	0.01073
7	0.01154	0.00783	0.00922	0.00975	0.00988	0.00769	0.00577	0.01194	0.01313	0.01751	0.03157	0.23256	0.03700	0.52056	0.03357	0.00677	0.00716	0.01525	0.00577	0.00550
8	0.01194	0.00865	0.01191	0.01177	0.01336	0.00930	0.00892	0.01488	0.01599	0.02288	0.15913	0.04341	0.07455	0.09543	0.40552	0.00934	0.01509	0.01092	0.04967	0.00732
9	0.18478	0.01948	0.02088	0.01633	0.02261	0.02088	0.01349	0.35563	0.03006	0.20286	0.02145	0.02071	0.01469	0.00958	0.00767	0.00253	0.00806	0.00708	0.00815	0.01307
10	0.01666	0.04297	0.66500	0.02368	0.03596	0.01929	0.03069	0.02631	0.01754	0.02631	0.01491	0.01754	0.01052	0.00789	0.00789	0.00263	0.01228	0.00614	0.00351	0.01228
11	0.01161	0.00832	0.01045	0.01159	0.01268	0.00800	0.00851	0.01347	0.01623	0.02108	0.04495	0.25683	0.12553	0.21191	0.01947	0.00472	0.00649	0.19460	0.00696	0.00659
12	0.01142	0.00852	0.01235	0.01359	0.01480	0.00813	0.03558	0.01376	0.01695	0.02244	0.04406	0.50630	0.05118	0.02437	0.01081	0.00347	0.00599	0.18155	0.00755	0.00719
13	0.01006	0.00815	0.00894	0.00932	0.01152	0.00703	0.00677	0.01218	0.01866	0.02315	0.12686	0.22108	0.46367	0.02181	0.01000	0.00292	0.00432	0.01870	0.00784	0.00703
14	0.01607	0.01464	0.02417	0.25243	0.27955	0.01574	0.01980	0.02024	0.01732	0.02354	0.02363	0.20858	0.02395	0.01282	0.00891	0.00282	0.00888	0.01185	0.00496	0.01009
