[name]
unknown

[dist]
# distance from previous block
# <min> <max>
17	26

[block]
# block no. 0 follows, 22 sequences, length 7
# corresponding to MSA columns:
# 26-32
name=unknown_A
#
# <colnr> <probs for GDERKNQSTAVLIFYWHMCP>
#	G	D	E	R	K	N	Q	S	T	A	V	L	I	F	Y	W	H	M	C	P
0	0.17926	0.47447	0.12115	0.01480	0.02219	0.02801	0.01534	0.02497	0.01639	0.02422	0.01201	0.01393	0.01029	0.00734	0.00564	0.00206	0.00882	0.00468	0.00388	0.01053
1	0.02140	0.15777	0.35626	0.02208	0.03137	0.14037	0.06477	0.06643	0.02004	0.02575	0.01440	0.01682	0.01096	0.00795	0.00753	0.00239	0.01208	0.00603	0.00401	0.01156
2	0.01915	0.17157	0.31886	0.03124	0.24853	0.02222	0.02553	0.02573	0.01788	0.02522	0.01447	0.01773	0.01147	0.00756	0.00749	0.00240	0.01075	0.00623	0.00373	0.01225
3	0.02344	0.02372	0.03109	0.04280	0.48582	0.14166	0.02292	0.07811	0.02148	0.02802	0.01548	0.01947	0.01279	0.00783	0.00810	0.00241	0.01076	0.00703	0.00450	0.01259
4	0.01065	0.00825	0.00981	0.01068	0.01257	0.00742	0.00804	0.01296	0.01834	0.02319	0.10311	0.27180	0.32907	0.02262	0.01034	0.00314	0.00496	0.11816	0.00780	0.00709
5	0.01904	0.01846	0.03227	0.23922	0.43118	0.01945	0.07075	0.02431	0.01828	0.02534	0.01546	0.02117	0.01250	0.00764	0.00837	0.00258	0.01054	0.00758	0.00399	0.01184
6	0.08438	0.01775	0.01891	0.14015	0.02672	0.08354	0.01411	0.10949	0.15959	0.06539	0.06537	0.07463	0.05184	0.01380	0.03542	0.00311	0.00886	0.00955	0.00674	0.01062

[dist]
# distance from previous block
# <min> <max>
12	20

[block]
# block no. 1 follows, 22 sequences, length 63
# corresponding to MSA columns:
# 56-118
name=unknown_B
#
# <colnr> <probs for GDERKNQSTAVLIFYWHMCP>
#	G	D	E	R	K	N	Q	S	T	A	V	L	I	F	Y	W	H	M	C	P
0	0.15487	0.02797	0.11721	0.07034	0.10975	0.24409	0.01790	0.02760	0.04295	0.02687	0.07046	0.02109	0.01723	0.00898	0.00753	0.00244	0.01082	0.00674	0.00484	0.01032
1	0.11021	0.02030	0.10527	0.07790	0.08530	0.01839	0.01646	0.21537	0.02525	0.03664	0.13793	0.03055	0.06370	0.01101	0.00823	0.00258	0.00820	0.00894	0.00661	0.01115
2	0.02683	0.21550	0.02961	0.04698	0.07554	0.36354	0.01644	0.06112	0.04919	0.02299	0.01408	0.01622	0.01172	0.00826	0.00709	0.00214	0.01212	0.00564	0.00444	0.01056
3	0.01005	0.00752	0.00934	0.01079	0.01185	0.00681	0.00737	0.01165	0.01665	0.02151	0.05522	0.54956	0.20192	0.02480	0.01041	0.00323	0.00467	0.02212	0.00771	0.00681
4	0.02259	0.19348	0.02553	0.01796	0.05330	0.22540	0.01392	0.06615	0.02028	0.02355	0.02217	0.02477	0.07740	0.01511	0.07315	0.00331	0.04665	0.00722	0.05833	0.00973
5	0.02076	0.19124	0.13044	0.08499	0.07201	0.05609	0.18143	0.05705	0.07816	0.02613	0.01657	0.01969	0.01291	0.00793	0.00790	0.00246	0.01111	0.00723	0.00450	0.01142
6	0.01107	0.00846	0.01015	0.00973	0.01199	0.00755	0.00730	0.01435	0.02190	0.02947	0.45135	0.06837	0.28127	0.01842	0.00981	0.00268	0.00402	0.01591	0.00864	0.00755
7	0.01012	0.00723	0.00964	0.01157	0.01205	0.00675	0.00771	0.01157	0.01591	0.02121	0.04579	0.70262	0.05495	0.02603	0.01060	0.00337	0.00482	0.02362	0.00771	0.00675
8	0.01908	0.02262	0.08431	0.07396	0.19374	0.17650	0.01780	0.02276	0.01896	0.02315	0.02635	0.20314	0.05625	0.01345	0.00873	0.00268	0.00981	0.01160	0.00521	0.00991
9	0.34810	0.02050	0.16402	0.01579	0.04418	0.01636	0.01483	0.02353	0.01558	0.05823	0.01635	0.01995	0.01294	0.01805	0.12968	0.00453	0.01070	0.00617	0.05076	0.00977
10	0.01029	0.00735	0.00984	0.01176	0.01232	0.00689	0.00801	0.01186	0.01607	0.02140	0.04569	0.67084	0.05457	0.02587	0.01065	0.00340	0.00497	0.05372	0.00771	0.00679
11	0.02589	0.03024	0.02410	0.02076	0.02477	0.42573	0.08800	0.02888	0.02108	0.02286	0.01557	0.01887	0.01274	0.00909	0.00923	0.00232	0.07267	0.00646	0.13130	0.00945
12	0.01189	0.00882	0.01293	0.01293	0.01426	0.01015	0.00986	0.01456	0.01323	0.01897	0.02264	0.03478	0.02170	0.12612	0.61259	0.01283	0.02085	0.00922	0.00451	0.00718
13	0.01540	0.01434	0.01755	0.01638	0.01774	0.07901	0.01300	0.01799	0.01418	0.01957	0.01833	0.02709	0.01718	0.04442	0.43856	0.00969	0.19917	0.00812	0.00422	0.00808
14	0.01973	0.01889	0.03222	0.15951	0.55419	0.01952	0.02508	0.02477	0.01852	0.02613	0.01548	0.02083	0.01280	0.00756	0.00824	0.00252	0.01007	0.00740	0.00404	0.01249
15	0.02056	0.01974	0.03372	0.05099	0.65622	0.01974	0.02550	0.02550	0.01892	0.02714	0.01563	0.02056	0.01316	0.00740	0.00822	0.00247	0.00987	0.00740	0.00411	0.01316
16	0.02998	0.03760	0.02457	0.02438	0.08912	0.60880	0.01700	0.03240	0.02308	0.02102	0.01312	0.01554	0.01095	0.00844	0.00756	0.00217	0.01447	0.00556	0.00426	0.00999
17	0.01216	0.01025	0.01346	0.01632	0.11976	0.00935	0.01003	0.01517	0.01993	0.02602	0.22028	0.10978	0.35066	0.01803	0.00960	0.00274	0.00512	0.01560	0.00749	0.00824
18	0.02065	0.01817	0.02132	0.02268	0.12916	0.02051	0.01524	0.04098	0.53575	0.03346	0.03073	0.02923	0.02329	0.01062	0.00841	0.00276	0.00713	0.00905	0.00772	0.01315
19	0.03103	0.03959	0.02354	0.02140	0.02568	0.67469	0.01605	0.03317	0.02354	0.02033	0.01284	0.01498	0.01070	0.00856	0.00749	0.00214	0.01498	0.00535	0.00428	0.00963
20	0.01077	0.00813	0.00995	0.01017	0.01198	0.00731	0.00737	0.01350	0.02016	0.02696	0.32735	0.23969	0.23523	0.02057	0.01002	0.00287	0.00424	0.01805	0.00835	0.00731
21	0.02750	0.07899	0.02481	0.02239	0.08658	0.35652	0.01602	0.06527	0.15549	0.05882	0.01890	0.01978	0.01476	0.00908	0.00770	0.00233	0.01153	0.00662	0.00562	0.01127
22	0.01045	0.00781	0.00978	0.01110	0.01237	0.00714	0.00793	0.01242	0.01736	0.02249	0.08632	0.45726	0.20244	0.02403	0.01045	0.00324	0.00490	0.07779	0.00778	0.00696
23	0.01012	0.00723	0.00964	0.01157	0.01205	0.00675	0.00771	0.01157	0.01591	0.02121	0.04579	0.70262	0.05495	0.02603	0.01060	0.00337	0.00482	0.02362	0.00771	0.00675
24	0.02055	0.01702	0.02134	0.01720	0.02173	0.05630	0.11484	0.19182	0.04674	0.03360	0.06060	0.06747	0.09833	0.04603	0.01009	0.00279	0.00814	0.01047	0.14476	0.01017
25	0.01889	0.02787	0.22798	0.02206	0.02867	0.11682	0.12383	0.05151	0.05039	0.02562	0.02249	0.16529	0.02133	0.01232	0.00979	0.00280	0.04611	0.01067	0.00511	0.01047
26	0.01047	0.00854	0.00932	0.00940	0.01199	0.00739	0.00724	0.01302	0.01967	0.02437	0.16887	0.07849	0.50430	0.02059	0.00998	0.00287	0.00450	0.07384	0.00793	0.00720
27	0.02056	0.01974	0.03372	0.05099	0.65622	0.01974	0.02550	0.02550	0.01892	0.02714	0.01563	0.02056	0.01316	0.00740	0.00822	0.00247	0.00987	0.00740	0.00411	0.01316
28	0.02463	0.38958	0.03576	0.02265	0.13026	0.22694	0.01669	0.02752	0.01926	0.02107	0.01264	0.01506	0.01110	0.00760	0.00648	0.00200	0.01092	0.00522	0.00387	0.01077
29	0.01875	0.01024	0.01217	0.01067	0.01452	0.00876	0.00836	0.02141	0.02100	0.22648	0.13339	0.06150	0.38606	0.01716	0.00935	0.00271	0.00508	0.01433	0.00869	0.00937
30	0.01989	0.01717	0.01804	0.01630	0.02086	0.01969	0.01266	0.04184	0.59671	0.03387	0.03741	0.03450	0.07024	0.01197	0.00855	0.00282	0.00641	0.00997	0.00840	0.01271
31	0.01053	0.00844	0.00941	0.00916	0.01166	0.00732	0.00687	0.01330	0.02062	0.02644	0.29305	0.07336	0.44146	0.01955	0.00981	0.00273	0.00410	0.01661	0.00824	0.00732
32	0.02430	0.15755	0.08769	0.01931	0.06787	0.19283	0.01577	0.13797	0.02305	0.02924	0.01707	0.01932	0.01353	0.00861	0.00700	0.00217	0.00996	0.00626	0.14969	0.01080
33	0.01208	0.00805	0.00906	0.00906	0.00906	0.00805	0.00503	0.01208	0.01208	0.01611	0.02618	0.05436	0.03020	0.70804	0.04228	0.00805	0.00805	0.01208	0.00503	0.00503
34	0.01043	0.00844	0.00927	0.00906	0.01160	0.00727	0.00680	0.01311	0.02039	0.02589	0.26415	0.07428	0.47070	0.01975	0.00981	0.00274	0.00412	0.01674	0.00817	0.00727
35	0.02731	0.02264	0.02764	0.03484	0.34824	0.16254	0.01988	0.03117	0.02123	0.19417	0.01956	0.02138	0.01458	0.00842	0.00810	0.00242	0.01026	0.00720	0.00579	0.01264
36	0.10131	0.20211	0.05681	0.02083	0.08638	0.15028	0.01636	0.21398	0.02500	0.03271	0.01495	0.01661	0.01182	0.00840	0.00705	0.00225	0.01013	0.00593	0.00538	0.01169
37	0.01286	0.00832	0.01047	0.01130	0.01301	0.00749	0.00810	0.01476	0.01758	0.08404	0.05386	0.45216	0.19820	0.02311	0.01024	0.00318	0.00504	0.05074	0.00796	0.00758
38	0.02000	0.20239	0.28279	0.02614	0.09546	0.06818	0.14162	0.02640	0.01833	0.02436	0.01438	0.01758	0.01124	0.00752	0.00764	0.00240	0.01172	0.00651	0.00377	0.01157
39	0.02146	0.53187	0.17792	0.01665	0.02474	0.06341	0.01790	0.02562	0.01737	0.02106	0.01235	0.01433	0.01063	0.00735	0.00600	0.00198	0.00994	0.00486	0.00358	0.01096
40	0.02074	0.53516	0.20851	0.01673	0.02521	0.02927	0.01859	0.02526	0.01705	0.02134	0.01244	0.01444	0.01062	0.00732	0.00601	0.00200	0.00978	0.00489	0.00354	0.01109
41	0.01005	0.00752	0.00934	0.01079	0.01185	0.00681	0.00737	0.01165	0.01665	0.02151	0.05522	0.54956	0.20192	0.02480	0.01041	0.00323	0.00467	0.02212	0.00771	0.00681
42	0.01919	0.01672	0.05206	0.18313	0.06131	0.01770	0.01655	0.03042	0.23508	0.08430	0.11762	0.03111	0.02696	0.01118	0.00991	0.00279	0.05685	0.00924	0.00674	0.01115
43	0.02271	0.07360	0.02682	0.09381	0.22876	0.20529	0.01866	0.03005	0.13467	0.02529	0.02084	0.02317	0.04257	0.00911	0.00793	0.00243	0.01050	0.00742	0.00504	0.01133
44	0.01392	0.01002	0.01339	0.01282	0.01433	0.01155	0.00980	0.04753	0.01508	0.02237	0.02259	0.03370	0.02110	0.13759	0.40625	0.00965	0.06481	0.00898	0.11692	0.00761
45	0.01042	0.00789	0.00968	0.01085	0.01229	0.00715	0.00781	0.01243	0.01757	0.02257	0.08918	0.41269	0.24695	0.02367	0.01039	0.00320	0.00484	0.07566	0.00778	0.00697
46	0.02255	0.03273	0.18748	0.02504	0.03195	0.25921	0.18132	0.02790	0.02025	0.02411	0.04724	0.02024	0.01467	0.00885	0.00974	0.00257	0.06197	0.00736	0.00427	0.01057
47	0.02521	0.23193	0.12671	0.02098	0.05318	0.32906	0.01825	0.02873	0.01996	0.02129	0.01280	0.01530	0.01078	0.00830	0.00798	0.00220	0.04757	0.00540	0.00391	0.01045
48	0.01901	0.23916	0.45077	0.02079	0.03115	0.05609	0.02513	0.02623	0.01765	0.02403	0.01382	0.01618	0.01057	0.00770	0.00712	0.00236	0.01142	0.00560	0.00356	0.01167
49	0.05509	0.02382	0.02599	0.12991	0.25293	0.19539	0.01961	0.03031	0.13442	0.02628	0.01793	0.02092	0.01426	0.00857	0.00795	0.00249	0.01066	0.00709	0.00494	0.01144
50	0.10364	0.09628	0.02404	0.01832	0.02358	0.31687	0.01461	0.21302	0.02641	0.03225	0.01542	0.01693	0.01206	0.00882	0.00722	0.00225	0.01123	0.00594	0.04017	0.01096
51	0.02129	0.02987	0.20298	0.07511	0.28990	0.15721	0.02446	0.02682	0.01910	0.02481	0.01458	0.01856	0.01170	0.00815	0.00883	0.00251	0.04182	0.00662	0.00394	0.01176
52	0.01260	0.00801	0.00886	0.00886	0.00915	0.00801	0.00515	0.01318	0.01289	0.01836	0.02632	0.05082	0.02885	0.60229	0.03676	0.00713	0.00742	0.01142	0.11847	0.00544
53	0.01940	0.01933	0.02727	0.06529	0.36231	0.09952	0.04989	0.02350	0.01903	0.02492	0.02252	0.12360	0.02225	0.01182	0.00889	0.00273	0.00983	0.07193	0.00500	0.01096
54	0.02157	0.47199	0.20626	0.01740	0.02561	0.08986	0.01875	0.02604	0.01768	0.02141	0.01256	0.01460	0.01063	0.00745	0.00621	0.00204	0.01036	0.00498	0.00361	0.01099
55	0.02006	0.04763	0.01689	0.01355	0.01783	0.04523	0.01094	0.05399	0.01935	0.14690	0.03262	0.04060	0.10484	0.05474	0.14299	0.00485	0.01027	0.07333	0.00661	0.13679
56	0.01244	0.00872	0.01247	0.01247	0.01402	0.00997	0.00966	0.01555	0.01399	0.02113	0.02302	0.03237	0.02085	0.05401	0.56965	0.01155	0.01936	0.00872	0.12259	0.00747
57	0.02769	0.01510	0.01820	0.01497	0.01968	0.01505	0.01177	0.21927	0.02596	0.27962	0.03060	0.16016	0.02618	0.08115	0.01208	0.00324	0.00738	0.01143	0.00864	0.01180
58	0.02031	0.01948	0.03327	0.08389	0.62529	0.01967	0.02537	0.02527	0.01880	0.02683	0.01558	0.02064	0.01305	0.00745	0.00823	0.00248	0.00993	0.00740	0.00409	0.01296
59	0.16515	0.02045	0.02092	0.01669	0.02258	0.02284	0.01366	0.42196	0.09264	0.04652	0.02021	0.02052	0.01473	0.00967	0.00759	0.00251	0.00806	0.00713	0.05348	0.01269
60	0.01071	0.00844	0.00905	0.00923	0.01126	0.00751	0.00667	0.01246	0.01727	0.02112	0.06608	0.07497	0.44225	0.19010	0.01796	0.00419	0.00548	0.07162	0.00705	0.00659
61	0.01704	0.01609	0.02567	0.14741	0.31819	0.01652	0.04942	0.02281	0.06306	0.02548	0.03368	0.03627	0.17089	0.01117	0.00873	0.00264	0.00866	0.01015	0.00524	0.01087
62	0.01010	0.00730	0.00956	0.01137	0.01200	0.00676	0.00763	0.01159	0.01609	0.02128	0.04814	0.66444	0.09161	0.02572	0.01056	0.00334	0.00478	0.02324	0.00771	0.00676

[dist]
# distance from previous block
# <min> <max>
0	1

[block]
# block no. 2 follows, 22 sequences, length 28
# corresponding to MSA columns:
# 120-147
name=unknown_C
#
# <colnr> <probs for GDERKNQSTAVLIFYWHMCP>
#	G	D	E	R	K	N	Q	S	T	A	V	L	I	F	Y	W	H	M	C	P
0	0.02017	0.02150	0.07116	0.04659	0.51077	0.01994	0.13495	0.02574	0.01897	0.02700	0.01580	0.02073	0.01291	0.00736	0.00849	0.00254	0.01075	0.00777	0.00410	0.01276
1	0.06154	0.06829	0.02449	0.21238	0.03406	0.41901	0.01763	0.02886	0.02073	0.02136	0.01326	0.01688	0.01072	0.00837	0.00749	0.00232	0.01311	0.00584	0.00411	0.00954
2	0.23503	0.01477	0.01491	0.01288	0.01657	0.01640	0.00994	0.19176	0.02087	0.03393	0.01979	0.02854	0.01776	0.18086	0.09603	0.00511	0.00932	0.00790	0.05839	0.00924
3	0.02161	0.02202	0.03180	0.08931	0.53368	0.10572	0.02409	0.02622	0.01937	0.02585	0.01520	0.01993	0.01270	0.00761	0.00813	0.00244	0.01062	0.00713	0.00411	0.01243
4	0.01079	0.00888	0.00954	0.00930	0.01200	0.00786	0.00700	0.01434	0.04976	0.02558	0.21485	0.07341	0.48816	0.01962	0.00975	0.00276	0.00425	0.01656	0.00809	0.00750
5	0.01001	0.00765	0.00920	0.01044	0.01175	0.00684	0.00721	0.01169	0.01699	0.02165	0.05951	0.47989	0.26881	0.02424	0.01032	0.00317	0.00460	0.02144	0.00771	0.00684
6	0.76672	0.01607	0.01221	0.01092	0.01607	0.01864	0.00900	0.02442	0.01414	0.03727	0.01157	0.01350	0.00900	0.00771	0.00514	0.00257	0.00643	0.00450	0.00514	0.00900
7	0.03158	0.02327	0.02493	0.01911	0.02576	0.02576	0.01579	0.62852	0.03906	0.05236	0.01995	0.01995	0.01413	0.00997	0.00831	0.00249	0.00914	0.00748	0.00831	0.01413
8	0.01194	0.00860	0.01180	0.01180	0.01275	0.00954	0.00845	0.01384	0.01289	0.01814	0.02367	0.04047	0.02417	0.29519	0.44689	0.01144	0.01713	0.01005	0.00466	0.00656
9	0.02029	0.02134	0.07735	0.04910	0.61336	0.01971	0.02585	0.02555	0.01882	0.02708	0.01558	0.02035	0.01298	0.00744	0.00820	0.00248	0.01004	0.00731	0.00407	0.01310
10	0.02650	0.03233	0.02113	0.01950	0.02311	0.51746	0.01471	0.02883	0.02113	0.02008	0.01507	0.01916	0.01308	0.02128	0.16551	0.00479	0.01670	0.00619	0.00432	0.00911
11	0.11936	0.03432	0.02340	0.02371	0.10097	0.51537	0.01634	0.03118	0.02184	0.02322	0.01302	0.01548	0.01079	0.00832	0.00729	0.00223	0.01332	0.00550	0.00436	0.00998
12	0.01380	0.01003	0.01369	0.01539	0.01746	0.01019	0.01337	0.01874	0.05437	0.02542	0.04341	0.09015	0.04654	0.02229	0.01130	0.00377	0.00759	0.56683	0.00770	0.00796
13	0.01256	0.00906	0.01308	0.01372	0.01537	0.00997	0.01116	0.01586	0.01550	0.02175	0.02980	0.05307	0.02988	0.04643	0.41846	0.00958	0.01642	0.20752	0.04329	0.00751
14	0.01012	0.00723	0.00964	0.01157	0.01205	0.00675	0.00771	0.01157	0.01591	0.02121	0.04579	0.70262	0.05495	0.02603	0.01060	0.00337	0.00482	0.02362	0.00771	0.00675
15	0.03103	0.03959	0.02354	0.02140	0.02568	0.67469	0.01605	0.03317	0.02354	0.02033	0.01284	0.01498	0.01070	0.00856	0.00749	0.00214	0.01498	0.00535	0.00428	0.00963
16	0.02995	0.03168	0.02341	0.02012	0.02521	0.38564	0.01561	0.22693	0.10346	0.03243	0.01768	0.01853	0.01359	0.00935	0.00787	0.00234	0.01207	0.00653	0.00609	0.01151
17	0.01984	0.02110	0.01975	0.01803	0.01998	0.22213	0.01418	0.02227	0.01655	0.02038	0.01628	0.02288	0.01481	0.02923	0.24780	0.00650	0.21210	0.00727	0.04033	0.00861
18	0.01076	0.00833	0.00991	0.01085	0.01249	0.00770	0.00777	0.01373	0.04758	0.02305	0.08775	0.39233	0.26296	0.02299	0.01023	0.00313	0.00479	0.04858	0.00781	0.00725
19	0.03103	0.03959	0.02354	0.02140	0.02568	0.67469	0.01605	0.03317	0.02354	0.02033	0.01284	0.01498	0.01070	0.00856	0.00749	0.00214	0.01498	0.00535	0.00428	0.00963
20	0.00997	0.00836	0.00867	0.00872	0.01135	0.00706	0.00649	0.01216	0.01909	0.02313	0.12137	0.11152	0.58165	0.02102	0.00986	0.00282	0.00422	0.01768	0.00781	0.00706
21	0.02221	0.71304	0.04353	0.01421	0.02132	0.03287	0.01421	0.02488	0.01688	0.01955	0.01155	0.01333	0.01066	0.00711	0.00533	0.00178	0.00888	0.00444	0.00355	0.01066
22	0.01043	0.00798	0.00958	0.01015	0.01184	0.00712	0.00724	0.01275	0.01895	0.02476	0.21540	0.31394	0.27606	0.02191	0.01011	0.00297	0.00437	0.01922	0.00808	0.00712
23	0.67563	0.01506	0.01167	0.01054	0.01529	0.01732	0.00861	0.02381	0.01454	0.03651	0.01345	0.01561	0.01049	0.00795	0.00522	0.00249	0.00612	0.00489	0.09597	0.00884
24	0.01081	0.00830	0.00896	0.00888	0.01064	0.00746	0.00607	0.01243	0.01719	0.02163	0.13343	0.06919	0.37410	0.25134	0.02072	0.00455	0.00546	0.01540	0.00699	0.00645
25	0.01666	0.04297	0.66500	0.02368	0.03596	0.01929	0.03069	0.02631	0.01754	0.02631	0.01491	0.01754	0.01052	0.00789	0.00789	0.00263	0.01228	0.00614	0.00351	0.01228
26	0.01187	0.00890	0.01335	0.01335	0.01483	0.01038	0.01038	0.01483	0.01335	0.01928	0.02225	0.03264	0.02077	0.06231	0.67512	0.01335	0.02225	0.00890	0.00445	0.00742
27	0.02662	0.14367	0.10413	0.01930	0.02547	0.28011	0.01697	0.16546	0.06023	0.02950	0.04127	0.01894	0.01499	0.00905	0.00752	0.00228	0.01142	0.00640	0.00541	0.01126

[dist]
# distance from previous block
# <min> <max>
0	1

[block]
# block no. 3 follows, 22 sequences, length 44
# corresponding to MSA columns:
# 149-192
name=unknown_D
#
# <colnr> <probs for GDERKNQSTAVLIFYWHMCP>
#	G	D	E	R	K	N	Q	S	T	A	V	L	I	F	Y	W	H	M	C	P
0	0.01011	0.00729	0.00958	0.01142	0.01201	0.00676	0.00764	0.01158	0.01605	0.02127	0.04762	0.67283	0.08355	0.02579	0.01057	0.00335	0.00479	0.02333	0.00771	0.00676
1	0.02766	0.29709	0.03119	0.01865	0.02402	0.42929	0.01535	0.03000	0.02099	0.02003	0.01235	0.01435	0.01069	0.00801	0.00666	0.00200	0.01265	0.00500	0.00400	0.01002
2	0.01687	0.01376	0.01460	0.01337	0.01730	0.01467	0.01033	0.03071	0.35736	0.05449	0.08140	0.05051	0.26053	0.01513	0.00902	0.00279	0.00559	0.01264	0.00828	0.01066
3	0.02020	0.16004	0.07630	0.03560	0.31568	0.02223	0.13277	0.02639	0.05493	0.02583	0.01715	0.02272	0.01445	0.00813	0.00805	0.00247	0.01030	0.03035	0.00437	0.01203
4	0.01280	0.01683	0.17192	0.01505	0.01877	0.01078	0.01399	0.04170	0.01745	0.02397	0.03699	0.47527	0.04192	0.02073	0.00988	0.00318	0.00698	0.04662	0.00670	0.00847
5	0.58575	0.01531	0.01354	0.01166	0.01689	0.01684	0.00957	0.02714	0.01650	0.15989	0.04760	0.01882	0.01472	0.00868	0.00600	0.00257	0.00643	0.00578	0.00635	0.00995
6	0.01796	0.02261	0.15535	0.27899	0.28362	0.01924	0.05551	0.02414	0.01783	0.02478	0.01523	0.02064	0.01185	0.00781	0.00827	0.00263	0.01099	0.00727	0.00384	0.01144
7	0.01932	0.01839	0.03042	0.04292	0.49920	0.01958	0.02288	0.02360	0.01746	0.02531	0.01564	0.02148	0.01363	0.01412	0.08023	0.00376	0.10845	0.00754	0.00408	0.01198
8	0.02176	0.01118	0.01287	0.01118	0.01454	0.01122	0.00879	0.10553	0.02108	0.15879	0.02640	0.02879	0.01984	0.01398	0.04969	0.03655	0.00652	0.00788	0.42372	0.00968
9	0.02314	0.02463	0.03121	0.04370	0.50088	0.18109	0.02317	0.02739	0.02006	0.02546	0.01494	0.01919	0.01255	0.00769	0.00804	0.00239	0.01113	0.00690	0.00415	0.01229
10	0.01187	0.00890	0.01335	0.01335	0.01483	0.01038	0.01038	0.01483	0.01335	0.01928	0.02225	0.03264	0.02077	0.06231	0.67512	0.01335	0.02225	0.00890	0.00445	0.00742
11	0.01807	0.01809	0.03342	0.34190	0.22803	0.01946	0.17232	0.02379	0.01802	0.02427	0.01552	0.02175	0.01206	0.00772	0.00865	0.00269	0.01145	0.00798	0.00394	0.01086
12	0.03051	0.08074	0.02487	0.02082	0.02541	0.59664	0.01592	0.06745	0.02403	0.02215	0.01318	0.01517	0.01090	0.00855	0.00740	0.00214	0.01426	0.00542	0.00447	0.00996
13	0.01135	0.00774	0.00928	0.01000	0.01018	0.00756	0.00604	0.01189	0.01352	0.01802	0.03354	0.29770	0.03949	0.45204	0.03039	0.00630	0.00684	0.01641	0.00604	0.00568
14	0.01636	0.01494	0.02018	0.01708	0.01950	0.01774	0.01394	0.01898	0.01413	0.02179	0.01477	0.02147	0.01372	0.02397	0.18099	0.00536	0.33656	0.00702	0.00419	0.21729
15	0.01309	0.01180	0.01610	0.01569	0.04338	0.01277	0.04074	0.01561	0.01705	0.02226	0.05144	0.12159	0.30976	0.02057	0.03983	0.00354	0.16303	0.06743	0.00633	0.00800
16	0.01187	0.00890	0.01335	0.01335	0.01483	0.01038	0.01038	0.01483	0.01335	0.01928	0.02225	0.03264	0.02077	0.06231	0.67512	0.01335	0.02225	0.00890	0.00445	0.00742
17	0.01818	0.01818	0.02545	0.02181	0.02181	0.02545	0.01818	0.01999	0.01272	0.01999	0.01091	0.01818	0.01091	0.01454	0.02726	0.00364	0.69284	0.00727	0.00364	0.00909
18	0.03103	0.03959	0.02354	0.02140	0.02568	0.67469	0.01605	0.03317	0.02354	0.02033	0.01284	0.01498	0.01070	0.00856	0.00749	0.00214	0.01498	0.00535	0.00428	0.00963
19	0.01362	0.01077	0.01619	0.10954	0.09196	0.01114	0.01452	0.01716	0.01790	0.02364	0.03737	0.23945	0.04091	0.02007	0.01045	0.00341	0.00760	0.29935	0.00674	0.00823
20	0.01193	0.00863	0.01200	0.01200	0.01301	0.00965	0.00870	0.01397	0.01295	0.01828	0.02349	0.03949	0.02374	0.26590	0.47560	0.01168	0.01778	0.00990	0.00463	0.00667
21	0.01049	0.00838	0.00938	0.00925	0.01166	0.00728	0.00689	0.01317	0.02033	0.02604	0.27321	0.10404	0.43075	0.01992	0.00985	0.00277	0.00414	0.01698	0.00820	0.00728
22	0.02496	0.02890	0.01954	0.01776	0.02143	0.43096	0.01346	0.02727	0.02210	0.04797	0.07972	0.03205	0.14021	0.01203	0.00918	0.00240	0.04665	0.00871	0.00555	0.00914
23	0.01045	0.00781	0.00978	0.01111	0.01237	0.00714	0.00793	0.01241	0.01734	0.02246	0.08437	0.45798	0.20267	0.02406	0.01046	0.00324	0.00491	0.07878	0.00778	0.00696
24	0.01028	0.00764	0.00962	0.01105	0.01214	0.00698	0.00770	0.01207	0.01698	0.02210	0.07686	0.51859	0.18033	0.02449	0.01045	0.00325	0.00479	0.05001	0.00776	0.00689
25	0.02056	0.01974	0.03372	0.05099	0.65622	0.01974	0.02550	0.02550	0.01892	0.02714	0.01563	0.02056	0.01316	0.00740	0.00822	0.00247	0.00987	0.00740	0.00411	0.01316
26	0.02645	0.02711	0.02248	0.02069	0.05071	0.29155	0.01566	0.17778	0.09429	0.03045	0.02018	0.02626	0.01709	0.01334	0.04154	0.00308	0.04452	0.05983	0.00601	0.01097
27	0.01170	0.00870	0.01078	0.01112	0.01165	0.00908	0.00744	0.01271	0.01415	0.01892	0.03691	0.26686	0.09787	0.32003	0.06436	0.00593	0.06364	0.01585	0.00604	0.00627
28	0.01208	0.00805	0.00906	0.00906	0.00906	0.00805	0.00503	0.01208	0.01208	0.01611	0.02618	0.05436	0.03020	0.70804	0.04228	0.00805	0.00805	0.01208	0.00503	0.00503
29	0.01184	0.00860	0.01203	0.01212	0.01315	0.00959	0.00882	0.01394	0.01313	0.01852	0.02440	0.06976	0.02490	0.23405	0.47412	0.01146	0.01762	0.01044	0.00476	0.00675
30	0.02247	0.02681	0.17964	0.03442	0.30977	0.05248	0.02351	0.15387	0.05942	0.03236	0.01729	0.02006	0.01333	0.00834	0.00814	0.00252	0.01034	0.00714	0.00511	0.01298
31	0.02160	0.02170	0.03271	0.04806	0.59381	0.08456	0.02456	0.02626	0.01937	0.02647	0.01535	0.02001	0.01292	0.00752	0.00815	0.00243	0.01038	0.00720	0.00413	0.01281
32	0.05743	0.15544	0.06923	0.02695	0.17751	0.33168	0.01862	0.02902	0.02045	0.02293	0.01336	0.01613	0.01120	0.00794	0.00720	0.00220	0.01211	0.00570	0.00410	0.01081
33	0.01208	0.00805	0.00906	0.00906	0.00906	0.00805	0.00503	0.01208	0.01208	0.01611	0.02618	0.05436	0.03020	0.70804	0.04228	0.00805	0.00805	0.01208	0.00503	0.00503
34	0.01374	0.00965	0.01154	0.01125	0.01357	0.00909	0.00839	0.06363	0.02097	0.05806	0.21514	0.21858	0.21464	0.05080	0.01136	0.00314	0.00515	0.04514	0.00815	0.00802
35	0.02352	0.02530	0.02961	0.13458	0.10304	0.21190	0.13038	0.08750	0.05779	0.02636	0.01593	0.01985	0.01260	0.00897	0.01015	0.00262	0.07697	0.00735	0.00473	0.01084
36	0.01823	0.01997	0.04745	0.01570	0.01851	0.21194	0.01252	0.02110	0.01756	0.02141	0.02492	0.09483	0.05715	0.03046	0.24604	0.00636	0.04533	0.00947	0.07272	0.00834
37	0.01029	0.00782	0.00948	0.01037	0.01184	0.00701	0.00728	0.01235	0.01811	0.02356	0.15605	0.39809	0.25181	0.02296	0.01022	0.00307	0.00448	0.02026	0.00794	0.00701
38	0.02136	0.10533	0.05947	0.09383	0.32708	0.10575	0.02145	0.04758	0.01912	0.02494	0.01486	0.01939	0.01250	0.01070	0.04012	0.00296	0.05110	0.00679	0.00415	0.01154
39	0.01898	0.03354	0.41528	0.03276	0.25100	0.01912	0.02802	0.02669	0.01831	0.05628	0.01599	0.01909	0.01191	0.00783	0.00803	0.00257	0.01120	0.00668	0.00403	0.01267
40	0.02656	0.01833	0.02891	0.02193	0.02830	0.01800	0.20614	0.17307	0.05414	0.21606	0.02618	0.09939	0.02056	0.01097	0.00906	0.00273	0.00948	0.01035	0.00752	0.01234
41	0.02720	0.06287	0.07529	0.02374	0.07489	0.45261	0.04611	0.03250	0.08340	0.02300	0.01542	0.01747	0.01241	0.00856	0.00769	0.00229	0.01326	0.00614	0.00459	0.01057
42	0.00997	0.00780	0.00905	0.01004	0.01165	0.00688	0.00703	0.01174	0.01737	0.02181	0.06437	0.40098	0.34459	0.02361	0.01022	0.00310	0.00452	0.02067	0.00771	0.00688
43	0.02296	0.01858	0.02355	0.02371	0.14891	0.01973	0.01601	0.27070	0.02584	0.03592	0.02010	0.08760	0.01768	0.01312	0.03842	0.00295	0.07233	0.00871	0.00629	0.12688

[dist]
# distance from previous block
# <min> <max>
0	1

[block]
# block no. 4 follows, 22 sequences, length 68
# corresponding to MSA columns:
# 194-261
name=unknown_E
#
# <colnr> <probs for GDERKNQSTAVLIFYWHMCP>
#	G	D	E	R	K	N	Q	S	T	A	V	L	I	F	Y	W	H	M	C	P
0	0.02896	0.07127	0.02507	0.01998	0.02487	0.32641	0.01586	0.22932	0.06468	0.03173	0.01622	0.01777	0.01274	0.00962	0.00938	0.00240	0.07020	0.00641	0.00577	0.01135
1	0.01086	0.00796	0.01020	0.01070	0.01213	0.00729	0.00762	0.01355	0.01984	0.02708	0.33722	0.33147	0.13089	0.02120	0.01014	0.00295	0.00433	0.01888	0.00839	0.00729
2	0.02420	0.56509	0.03945	0.01538	0.02228	0.06249	0.01457	0.12645	0.02092	0.02508	0.01302	0.01452	0.01124	0.00766	0.00593	0.00191	0.00922	0.00499	0.00439	0.01119
3	0.01006	0.00809	0.00898	0.00947	0.01155	0.00701	0.00683	0.01213	0.01847	0.02300	0.12048	0.25270	0.43793	0.02210	0.01004	0.00295	0.00436	0.01903	0.00783	0.00701
4	0.02394	0.01756	0.02028	0.13594	0.02718	0.01970	0.01447	0.32370	0.08139	0.04015	0.02192	0.02393	0.01626	0.00971	0.00772	0.00244	0.00800	0.00769	0.18639	0.01164
5	0.01052	0.00844	0.00939	0.00916	0.01165	0.00731	0.00687	0.01329	0.02060	0.02639	0.29044	0.07345	0.44410	0.01957	0.00981	0.00274	0.00410	0.01662	0.00823	0.00731
6	0.20830	0.02053	0.02075	0.01641	0.02239	0.02288	0.01351	0.44342	0.03165	0.04734	0.01838	0.01909	0.01335	0.00941	0.00738	0.00248	0.00815	0.00678	0.05534	0.01248
7	0.01367	0.01255	0.05138	0.01232	0.01561	0.01116	0.01011	0.02187	0.15564	0.03152	0.39272	0.05547	0.15179	0.01584	0.00940	0.00269	0.00504	0.01367	0.00844	0.00912
8	0.02428	0.02627	0.02643	0.18746	0.19660	0.26747	0.02003	0.07814	0.04773	0.02557	0.01548	0.01921	0.01232	0.00843	0.00798	0.00243	0.01189	0.00671	0.00460	0.01097
9	0.01949	0.01687	0.02037	0.18015	0.03021	0.01872	0.01514	0.06928	0.34137	0.03113	0.02493	0.02572	0.01887	0.00956	0.00800	0.00250	0.00775	0.00799	0.00665	0.14531
10	0.01387	0.00741	0.01040	0.01040	0.01040	0.00741	0.00670	0.01112	0.01112	0.01483	0.01723	0.03218	0.01819	0.19059	0.03480	0.57964	0.00741	0.00837	0.00395	0.00395
11	0.01345	0.01189	0.01186	0.01185	0.01452	0.04705	0.00873	0.02006	0.15453	0.02468	0.05875	0.23489	0.31732	0.01956	0.00960	0.00293	0.00549	0.01673	0.00768	0.00843
12	0.03103	0.03959	0.02354	0.02140	0.02568	0.67469	0.01605	0.03317	0.02354	0.02033	0.01284	0.01498	0.01070	0.00856	0.00749	0.00214	0.01498	0.00535	0.00428	0.00963
13	0.02012	0.02129	0.02367	0.15975	0.21322	0.19457	0.01850	0.02371	0.01916	0.02289	0.02179	0.15103	0.02167	0.01218	0.00865	0.00268	0.01044	0.03982	0.00493	0.00994
14	0.01852	0.01238	0.01411	0.01263	0.01580	0.01332	0.01006	0.18327	0.02253	0.03312	0.02860	0.03500	0.06117	0.02376	0.16644	0.00497	0.00991	0.04152	0.28355	0.00935
15	0.02056	0.01974	0.03372	0.05099	0.65622	0.01974	0.02550	0.02550	0.01892	0.02714	0.01563	0.02056	0.01316	0.00740	0.00822	0.00247	0.00987	0.00740	0.00411	0.01316
16	0.03158	0.02327	0.02493	0.01911	0.02576	0.02576	0.01579	0.62852	0.03906	0.05236	0.01995	0.01995	0.01413	0.00997	0.00831	0.00249	0.00914	0.00748	0.00831	0.01413
17	0.01056	0.00844	0.00944	0.00919	0.01167	0.00733	0.00689	0.01335	0.02068	0.02659	0.30057	0.07313	0.43385	0.01949	0.00981	0.00273	0.00410	0.01658	0.00826	0.00733
18	0.01006	0.00749	0.00938	0.01089	0.01187	0.00680	0.00741	0.01164	0.01656	0.02147	0.05406	0.56836	0.18387	0.02495	0.01043	0.00325	0.00469	0.02230	0.00771	0.00680
19	0.01157	0.00855	0.01085	0.01046	0.01254	0.00782	0.00796	0.01521	0.02254	0.03113	0.52740	0.06678	0.16294	0.01798	0.00991	0.00272	0.00420	0.05291	0.00883	0.00770
20	0.01017	0.00756	0.00931	0.01067	0.01167	0.00689	0.00722	0.01168	0.01640	0.02120	0.05375	0.51562	0.19585	0.06558	0.01231	0.00352	0.00487	0.02148	0.00755	0.00671
21	0.02832	0.03068	0.02251	0.01976	0.02459	0.37731	0.01522	0.14628	0.19389	0.03017	0.01984	0.02024	0.01531	0.00956	0.00790	0.00239	0.01162	0.00684	0.00616	0.01142
22	0.01076	0.00834	0.00979	0.00967	0.01186	0.00737	0.00716	0.01365	0.02079	0.02742	0.34657	0.13071	0.32682	0.01961	0.00988	0.00277	0.00413	0.01693	0.00838	0.00737
23	0.02139	0.01777	0.02061	0.01745	0.02067	0.05804	0.03331	0.23918	0.02346	0.03150	0.02129	0.08770	0.01999	0.10387	0.12118	0.00514	0.13171	0.00964	0.00606	0.01006
24	0.02123	0.02053	0.03229	0.08902	0.56042	0.05136	0.02447	0.05155	0.01986	0.02752	0.01562	0.02037	0.01295	0.00763	0.00820	0.00247	0.01016	0.00731	0.00427	0.01278
25	0.02127	0.02352	0.03380	0.20521	0.18225	0.16101	0.20172	0.02637	0.01952	0.02398	0.01515	0.02032	0.01192	0.00777	0.00856	0.00257	0.01252	0.00767	0.00407	0.01080
26	0.02127	0.02755	0.16569	0.04089	0.43297	0.11534	0.02521	0.02679	0.01930	0.02597	0.01507	0.01911	0.01224	0.00767	0.00805	0.00245	0.01113	0.00684	0.00401	0.01246
27	0.02157	0.02140	0.03097	0.04410	0.52037	0.08206	0.02312	0.02846	0.09383	0.02740	0.01754	0.02128	0.01439	0.00798	0.00818	0.00248	0.00996	0.00745	0.00465	0.01282
28	0.01499	0.01336	0.01878	0.01699	0.01757	0.01751	0.01357	0.01704	0.01289	0.01925	0.01715	0.02813	0.01705	0.11612	0.28103	0.00794	0.35007	0.00848	0.00412	0.00795
29	0.01095	0.00846	0.00998	0.00960	0.01191	0.00749	0.00720	0.01411	0.02160	0.02877	0.41441	0.06954	0.31865	0.01868	0.00981	0.00269	0.00404	0.01607	0.00855	0.00749
30	0.76672	0.01607	0.01221	0.01092	0.01607	0.01864	0.00900	0.02442	0.01414	0.03727	0.01157	0.01350	0.00900	0.00771	0.00514	0.00257	0.00643	0.00450	0.00514	0.00900
31	0.03020	0.05882	0.02520	0.05199	0.02705	0.27490	0.01617	0.34469	0.03107	0.03715	0.01661	0.01786	0.01252	0.00923	0.00787	0.00234	0.01147	0.00653	0.00634	0.01202
32	0.00998	0.00842	0.00864	0.00859	0.01132	0.00708	0.00644	0.01224	0.01932	0.02336	0.13234	0.07843	0.60409	0.02070	0.00982	0.00279	0.00418	0.01732	0.00784	0.00708
33	0.01751	0.01779	0.02407	0.02319	0.09699	0.05931	0.05310	0.02010	0.01587	0.02180	0.02774	0.03185	0.14969	0.01427	0.01899	0.00318	0.38110	0.00954	0.00464	0.00929
34	0.01076	0.00806	0.00999	0.01035	0.01201	0.00728	0.00744	0.01344	0.01992	0.02676	0.31840	0.27885	0.20446	0.02093	0.01007	0.00291	0.00429	0.01846	0.00834	0.00728
35	0.00999	0.00809	0.00887	0.00937	0.01150	0.00698	0.00677	0.01200	0.01831	0.02260	0.09969	0.25000	0.46240	0.02222	0.01003	0.00295	0.00436	0.01909	0.00778	0.00698
36	0.01012	0.00723	0.00964	0.01157	0.01205	0.00675	0.00771	0.01157	0.01591	0.02121	0.04579	0.70262	0.05495	0.02603	0.01060	0.00337	0.00482	0.02362	0.00771	0.00675
37	0.01227	0.00856	0.01163	0.01163	0.01275	0.00949	0.00847	0.01450	0.01339	0.01952	0.02380	0.03848	0.02342	0.23556	0.43685	0.01080	0.01659	0.00967	0.07583	0.00679
38	0.01723	0.01477	0.01723	0.01230	0.01969	0.01107	0.00984	0.02092	0.01723	0.02707	0.01477	0.01723	0.01230	0.00615	0.00615	0.00123	0.00615	0.00492	0.00492	0.75883
39	0.02749	0.02124	0.02263	0.01829	0.02420	0.02385	0.01480	0.40956	0.26469	0.04576	0.02514	0.02409	0.01834	0.01046	0.00836	0.00261	0.00818	0.00820	0.00836	0.01376
40	0.02280	0.02320	0.03085	0.08187	0.47029	0.13689	0.02309	0.06260	0.02081	0.02708	0.01534	0.01962	0.01265	0.00782	0.00810	0.00243	0.01081	0.00704	0.00437	0.01235
41	0.01911	0.02807	0.25383	0.03982	0.37557	0.01972	0.09197	0.02590	0.01851	0.02680	0.01550	0.01971	0.01219	0.00753	0.00828	0.00256	0.01115	0.00722	0.00391	0.01264
42	0.01254	0.00855	0.01111	0.01070	0.01268	0.00783	0.00793	0.01597	0.02218	0.05859	0.50700	0.15554	0.10141	0.01822	0.00985	0.00273	0.00420	0.01612	0.00891	0.00791
43	0.02677	0.02074	0.04967	0.01795	0.02379	0.05924	0.05061	0.25016	0.15856	0.12866	0.02473	0.02454	0.01783	0.00990	0.00807	0.00251	0.00845	0.00799	0.09719	0.01263
44	0.02243	0.11629	0.02191	0.01569	0.01994	0.05251	0.01272	0.21644	0.06177	0.06150	0.02553	0.16835	0.02391	0.01659	0.05179	0.00330	0.03950	0.01067	0.04841	0.01074
45	0.03158	0.02327	0.02493	0.01911	0.02576	0.02576	0.01579	0.62852	0.03906	0.05236	0.01995	0.01995	0.01413	0.00997	0.00831	0.00249	0.00914	0.00748	0.00831	0.01413
46	0.01135	0.00806	0.01037	0.01175	0.01262	0.00775	0.00844	0.01310	0.01604	0.02106	0.04330	0.37123	0.08340	0.17561	0.01777	0.00449	0.00620	0.16375	0.00710	0.00661
47	0.01867	0.01370	0.01632	0.01481	0.01766	0.01502	0.01150	0.22259	0.02321	0.03180	0.02910	0.21420	0.02953	0.06593	0.12596	0.00503	0.04262	0.04820	0.04469	0.00948
48	0.02128	0.02180	0.02871	0.09140	0.15113	0.13134	0.10839	0.07920	0.01961	0.02539	0.01552	0.02093	0.01300	0.01554	0.08885	0.00397	0.14137	0.00756	0.00445	0.01056
49	0.01209	0.00905	0.01128	0.01063	0.01284	0.00853	0.00800	0.01700	0.06035	0.03225	0.55427	0.06208	0.13613	0.01707	0.00972	0.00265	0.00411	0.01495	0.00895	0.00807
50	0.01187	0.00890	0.01335	0.01335	0.01483	0.01038	0.01038	0.01483	0.01335	0.01928	0.02225	0.03264	0.02077	0.06231	0.67512	0.01335	0.02225	0.00890	0.00445	0.00742
51	0.05576	0.02165	0.02652	0.18097	0.24307	0.13152	0.02038	0.05212	0.07838	0.02626	0.01627	0.02041	0.01308	0.00891	0.00965	0.00262	0.06953	0.00710	0.00464	0.01117
52	0.13334	0.02144	0.08646	0.04103	0.44729	0.01965	0.08049	0.02551	0.01814	0.02856	0.01506	0.01940	0.01225	0.00745	0.00788	0.00253	0.00995	0.00708	0.00422	0.01227
53	0.01204	0.00814	0.01118	0.01164	0.01261	0.00870	0.00837	0.01379	0.01397	0.02003	0.02815	0.19417	0.02962	0.12814	0.31872	0.07247	0.01329	0.01256	0.07577	0.00666
54	0.01251	0.00869	0.01235	0.01235	0.01391	0.00991	0.00957	0.01564	0.01408	0.02137	0.02312	0.03234	0.02086	0.05291	0.55569	0.01131	0.01897	0.00869	0.13823	0.00748
55	0.02647	0.01733	0.02272	0.02559	0.19590	0.05550	0.01641	0.03378	0.13204	0.26025	0.02838	0.03366	0.02205	0.01108	0.00866	0.00271	0.00830	0.07894	0.00758	0.01264
56	0.14696	0.02138	0.02090	0.06131	0.12087	0.15918	0.01497	0.13279	0.02292	0.06042	0.06226	0.06570	0.05460	0.01085	0.00792	0.00252	0.00921	0.00857	0.00607	0.01062
57	0.04595	0.01233	0.05263	0.07746	0.01979	0.01152	0.01181	0.01907	0.06042	0.04786	0.02770	0.15201	0.04449	0.02686	0.15535	0.10153	0.01028	0.03004	0.05036	0.04252
58	0.01563	0.02083	0.19575	0.02373	0.15838	0.01425	0.01835	0.05632	0.01918	0.02701	0.09145	0.26056	0.03368	0.01514	0.00913	0.00284	0.00812	0.01347	0.00597	0.01021
59	0.01847	0.02605	0.19307	0.02398	0.13696	0.13355	0.01919	0.02319	0.01827	0.02387	0.02322	0.11323	0.05651	0.01449	0.04883	0.00319	0.03748	0.00934	0.00474	0.07237
60	0.01473	0.01613	0.09649	0.11766	0.18088	0.01349	0.01657	0.01887	0.01796	0.02459	0.12139	0.10286	0.10741	0.09973	0.01309	0.00337	0.00805	0.01174	0.00562	0.00933
61	0.02538	0.02958	0.13753	0.01911	0.02567	0.21611	0.01719	0.22409	0.05080	0.03303	0.02324	0.02399	0.07345	0.01005	0.00801	0.00238	0.01071	0.00748	0.00598	0.05622
62	0.02553	0.07177	0.04939	0.01787	0.02323	0.28007	0.01463	0.15255	0.02423	0.02879	0.01945	0.02109	0.05047	0.00942	0.00818	0.00217	0.03727	0.00662	0.04044	0.11685
63	0.02454	0.02716	0.06226	0.06400	0.10211	0.25561	0.01788	0.05070	0.12304	0.05462	0.01784	0.02012	0.01407	0.00961	0.01030	0.00255	0.09618	0.00687	0.00521	0.03534
64	0.09207	0.05720	0.12258	0.03125	0.21057	0.12966	0.14865	0.02651	0.01933	0.02670	0.04686	0.02068	0.01504	0.00808	0.00804	0.00249	0.01127	0.00736	0.00440	0.01125
65	0.11051	0.01528	0.05383	0.01824	0.12918	0.05155	0.01217	0.01889	0.01848	0.02651	0.10831	0.04700	0.24332	0.05833	0.01054	0.00293	0.00682	0.01149	0.04777	0.00884
66	0.08252	0.06541	0.18532	0.04565	0.02310	0.09422	0.01570	0.05165	0.01908	0.02539	0.03703	0.03893	0.21532	0.05402	0.01015	0.00289	0.00886	0.00989	0.00542	0.00943
67	0.05427	0.07430	0.20143	0.02930	0.20141	0.25063	0.02223	0.02833	0.01985	0.02449	0.01404	0.01705	0.01126	0.00794	0.00758	0.00236	0.01212	0.00604	0.00402	0.01136

[dist]
# distance from previous block
# <min> <max>
9	94

[block]
# block no. 5 follows, 22 sequences, length 6
# corresponding to MSA columns:
# 363-368
name=unknown_F
#
# <colnr> <probs for GDERKNQSTAVLIFYWHMCP>
#	G	D	E	R	K	N	Q	S	T	A	V	L	I	F	Y	W	H	M	C	P
0	0.07759	0.02207	0.02191	0.08197	0.16437	0.20328	0.01600	0.02670	0.04949	0.06110	0.08214	0.02778	0.06775	0.01005	0.00796	0.00240	0.00965	0.00810	0.00555	0.05415
1	0.09033	0.08482	0.06677	0.02330	0.10492	0.13404	0.06308	0.20494	0.02512	0.06336	0.01804	0.05160	0.01462	0.00940	0.00783	0.00245	0.01023	0.00750	0.00586	0.01179
2	0.30531	0.02415	0.05988	0.07795	0.11846	0.19773	0.01585	0.02616	0.01793	0.02826	0.01476	0.05147	0.01272	0.00890	0.00696	0.00250	0.00995	0.00650	0.00466	0.00990
3	0.02128	0.06413	0.20863	0.02466	0.08702	0.18524	0.06711	0.02792	0.06533	0.02454	0.01802	0.02501	0.01535	0.01003	0.00984	0.00267	0.06954	0.05821	0.00455	0.01092
4	0.12922	0.16008	0.07395	0.09383	0.14512	0.08265	0.01718	0.05128	0.05307	0.02719	0.01884	0.02141	0.04360	0.00872	0.00710	0.00237	0.00921	0.00672	0.03772	0.01074
5	0.05294	0.01811	0.05811	0.02162	0.12261	0.07097	0.06719	0.02555	0.12893	0.02721	0.03141	0.03350	0.11748	0.01633	0.07734	0.00366	0.00971	0.00938	0.09773	0.01021

[dist]
# distance from previous block
# <min> <max>
2	8

[block]
# block no. 6 follows, 22 sequences, length 66
# corresponding to MSA columns:
# 377-442
name=unknown_G
#
# <colnr> <probs for GDERKNQSTAVLIFYWHMCP>
#	G	D	E	R	K	N	Q	S	T	A	V	L	I	F	Y	W	H	M	C	P
0	0.01319	0.01129	0.01408	0.01724	0.10806	0.04349	0.01067	0.01572	0.01841	0.02407	0.14118	0.30301	0.14903	0.05319	0.01141	0.00321	0.00612	0.04154	0.00710	0.00802
1	0.01983	0.02303	0.10236	0.22608	0.31886	0.08918	0.02387	0.02597	0.04471	0.02494	0.01576	0.02051	0.01251	0.00800	0.00814	0.00255	0.01090	0.00712	0.00412	0.01155
2	0.02277	0.03200	0.18739	0.06686	0.22797	0.23757	0.05596	0.02809	0.02003	0.02433	0.01454	0.01814	0.01155	0.00794	0.00799	0.00243	0.01245	0.00653	0.00400	0.01145
3	0.01953	0.02020	0.06724	0.15575	0.52192	0.01950	0.02538	0.02483	0.01846	0.02611	0.01544	0.02066	0.01267	0.00758	0.00822	0.00253	0.01020	0.00733	0.00401	0.01245
4	0.01414	0.01933	0.17585	0.01866	0.09758	0.01308	0.01579	0.02067	0.07797	0.02583	0.08156	0.05228	0.29581	0.01506	0.00910	0.00276	0.00728	0.04114	0.00637	0.00973
5	0.05925	0.12392	0.02886	0.05579	0.20393	0.16746	0.04347	0.03098	0.15458	0.02640	0.01818	0.02034	0.01459	0.00849	0.00761	0.00240	0.01020	0.00691	0.00505	0.01156
6	0.01864	0.01782	0.05249	0.02496	0.18715	0.04222	0.01607	0.05519	0.20727	0.02772	0.02450	0.05598	0.02119	0.08128	0.12551	0.00497	0.01090	0.00920	0.00588	0.01106
7	0.01867	0.01911	0.01929	0.02308	0.15663	0.17668	0.01459	0.02288	0.06071	0.02378	0.03398	0.19671	0.09363	0.01575	0.00920	0.00283	0.00886	0.08808	0.00612	0.00942
8	0.01884	0.12894	0.01973	0.04767	0.05321	0.07839	0.01166	0.05110	0.01857	0.02667	0.02320	0.02676	0.04884	0.01259	0.04239	0.00277	0.05341	0.00745	0.31868	0.00912
9	0.01584	0.01220	0.01373	0.01314	0.01636	0.01268	0.01010	0.02631	0.25440	0.06099	0.11467	0.14726	0.19011	0.01722	0.00946	0.00294	0.00557	0.05895	0.00827	0.00980
10	0.02050	0.02108	0.03087	0.14099	0.33390	0.09542	0.07803	0.02501	0.01842	0.02463	0.01474	0.01992	0.01222	0.00832	0.01017	0.00257	0.08196	0.00724	0.00407	0.04996
11	0.01624	0.11344	0.02635	0.30111	0.10872	0.01866	0.05163	0.02045	0.01739	0.02217	0.02941	0.03309	0.15080	0.01105	0.00926	0.00265	0.04418	0.00930	0.00462	0.00951
12	0.07912	0.01631	0.01534	0.01408	0.01810	0.07748	0.01092	0.02916	0.27858	0.02866	0.04163	0.04291	0.18394	0.01427	0.00944	0.03322	0.00681	0.04131	0.00716	0.05156
13	0.01034	0.00823	0.00896	0.00939	0.01141	0.00723	0.00676	0.01216	0.01758	0.02158	0.06837	0.18329	0.44267	0.10686	0.01405	0.00360	0.00497	0.04841	0.00738	0.00676
14	0.01019	0.00728	0.00970	0.01152	0.01206	0.00679	0.00772	0.01174	0.01623	0.02172	0.07132	0.67564	0.05593	0.02565	0.01057	0.00334	0.00478	0.02325	0.00777	0.00679
15	0.01795	0.01670	0.02767	0.04103	0.49628	0.01653	0.02100	0.02206	0.01834	0.02574	0.02524	0.15534	0.05667	0.01175	0.00877	0.00266	0.00858	0.01109	0.00501	0.01158
16	0.02449	0.02770	0.03047	0.06231	0.33424	0.28197	0.06733	0.02849	0.02073	0.02415	0.01457	0.01853	0.01205	0.00787	0.00805	0.00237	0.01228	0.00676	0.00417	0.01145
17	0.01208	0.00805	0.00906	0.00906	0.00906	0.00805	0.00503	0.01208	0.01208	0.01611	0.02618	0.05436	0.03020	0.70804	0.04228	0.00805	0.00805	0.01208	0.00503	0.00503
