[name]
unknown

[dist]
# distance from previous block
# <min> <max>
0	21

[block]
# block no. 0 follows, 21 sequences, length 26
# corresponding to MSA columns:
# 21-46
name=unknown_A
#
# <colnr> <probs for GDERKNQSTAVLIFYWHMCP>
#	G	D	E	R	K	N	Q	S	T	A	V	L	I	F	Y	W	H	M	C	P
0	0.01610	0.02491	0.26495	0.02548	0.14810	0.01543	0.02228	0.02237	0.01891	0.02626	0.03181	0.04991	0.08397	0.01426	0.00953	0.00307	0.00977	0.19670	0.00550	0.01071
1	0.26262	0.02774	0.18814	0.02561	0.16692	0.10802	0.02003	0.02781	0.01831	0.06068	0.01493	0.01751	0.01142	0.00812	0.00721	0.00256	0.01019	0.00604	0.00473	0.01141
2	0.28970	0.03392	0.42072	0.01947	0.02937	0.01952	0.02330	0.02624	0.01669	0.03107	0.01402	0.01645	0.01021	0.00802	0.00705	0.00267	0.01038	0.00567	0.00421	0.01135
3	0.14664	0.12859	0.08627	0.02000	0.02612	0.05085	0.09703	0.08920	0.13786	0.03116	0.01812	0.02015	0.01418	0.00950	0.00990	0.00269	0.08765	0.00712	0.00550	0.01148
4	0.02205	0.19265	0.07171	0.01628	0.02166	0.08289	0.01452	0.16503	0.02336	0.03051	0.07517	0.02519	0.02075	0.02035	0.13688	0.00451	0.01195	0.00758	0.04625	0.01071
5	0.02574	0.09250	0.02369	0.01842	0.02344	0.37754	0.01439	0.02926	0.04837	0.02293	0.01829	0.02019	0.04658	0.00925	0.00836	0.00211	0.04477	0.00627	0.00480	0.16310
6	0.02786	0.03311	0.02794	0.03303	0.25407	0.42983	0.01999	0.03110	0.02238	0.02338	0.01420	0.01744	0.01188	0.00833	0.00795	0.00232	0.01343	0.00625	0.00432	0.01119
7	0.02299	0.60947	0.08784	0.01580	0.02326	0.07852	0.01593	0.02621	0.01784	0.02059	0.01218	0.01409	0.01091	0.00745	0.00581	0.00191	0.00981	0.00474	0.00369	0.01097
8	0.02085	0.02767	0.18967	0.04301	0.44937	0.06734	0.02674	0.02690	0.01937	0.02708	0.01561	0.01987	0.01262	0.00780	0.00828	0.00254	0.01111	0.00710	0.00407	0.01299
9	0.01037	0.00741	0.00987	0.01185	0.01234	0.00691	0.00790	0.01185	0.01629	0.02172	0.04690	0.69537	0.05629	0.02666	0.01086	0.00346	0.00494	0.02419	0.00790	0.00691
10	0.01223	0.00883	0.01221	0.01221	0.01322	0.00984	0.00881	0.01425	0.01324	0.01867	0.02414	0.04086	0.02450	0.27657	0.45886	0.01186	0.01794	0.01021	0.00476	0.00678
11	0.01729	0.01212	0.01338	0.01198	0.01371	0.01273	0.00804	0.16443	0.01948	0.02604	0.02614	0.07631	0.02798	0.49685	0.03310	0.00660	0.00838	0.01174	0.00612	0.00757
12	0.02106	0.02022	0.03454	0.05223	0.64784	0.02022	0.02612	0.02612	0.01938	0.02780	0.01601	0.02106	0.01348	0.00758	0.00842	0.00253	0.01011	0.00758	0.00421	0.01348
13	0.01037	0.00741	0.00987	0.01185	0.01234	0.00691	0.00790	0.01185	0.01629	0.02172	0.04690	0.69537	0.05629	0.02666	0.01086	0.00346	0.00494	0.02419	0.00790	0.00691
14	0.01326	0.05950	0.01540	0.01322	0.01520	0.01206	0.01050	0.01636	0.01432	0.02086	0.02245	0.03184	0.02057	0.05485	0.55936	0.01176	0.02010	0.00868	0.07186	0.00787
15	0.01707	0.04402	0.65683	0.02426	0.03683	0.01976	0.03144	0.02695	0.01797	0.02695	0.01527	0.01797	0.01078	0.00809	0.00809	0.00270	0.01258	0.00629	0.00359	0.01258
16	0.01216	0.00912	0.01368	0.01368	0.01520	0.01064	0.01064	0.01520	0.01368	0.01976	0.02279	0.03343	0.02127	0.06382	0.66720	0.01368	0.02279	0.00912	0.00456	0.00760
17	0.01025	0.00863	0.00888	0.00882	0.01161	0.00726	0.00661	0.01258	0.01984	0.02405	0.13923	0.08015	0.59070	0.02116	0.01006	0.00285	0.00428	0.01772	0.00804	0.00726
18	0.03078	0.03054	0.02323	0.01998	0.02520	0.35017	0.01552	0.17184	0.12802	0.09108	0.02032	0.02052	0.01521	0.00973	0.00811	0.00243	0.01177	0.00696	0.00663	0.01196
19	0.02069	0.02118	0.03481	0.17039	0.37976	0.06703	0.13013	0.02603	0.01938	0.02601	0.01584	0.02130	0.01278	0.00778	0.00867	0.00262	0.01149	0.00786	0.00416	0.01207
20	0.01015	0.00826	0.00899	0.00957	0.01174	0.00710	0.00689	0.01211	0.01849	0.02262	0.07468	0.26189	0.47184	0.02305	0.01029	0.00304	0.00449	0.01979	0.00790	0.00710
21	0.20814	0.42160	0.07934	0.01513	0.02201	0.08926	0.01463	0.02628	0.01729	0.02515	0.01221	0.01417	0.01049	0.00764	0.00581	0.00212	0.00932	0.00478	0.00412	0.01051
22	0.02915	0.03392	0.02686	0.02931	0.18223	0.44588	0.01885	0.08567	0.02438	0.02558	0.01454	0.01725	0.01192	0.00860	0.00794	0.00231	0.01348	0.00621	0.00472	0.01119
23	0.01602	0.01044	0.01210	0.01132	0.01317	0.01048	0.00774	0.04291	0.07181	0.08174	0.06195	0.08121	0.10184	0.37296	0.06287	0.00623	0.00807	0.01271	0.00670	0.00773
24	0.02951	0.01915	0.02145	0.01662	0.02293	0.01980	0.01359	0.34826	0.05935	0.16302	0.02364	0.02332	0.01673	0.00981	0.00800	0.00237	0.00793	0.00762	0.07886	0.10803
25	0.08161	0.01156	0.01280	0.01182	0.01465	0.01242	0.00913	0.11241	0.01978	0.03064	0.03018	0.06025	0.08048	0.06311	0.17850	0.00561	0.01018	0.00972	0.23641	0.00873

[dist]
# distance from previous block
# <min> <max>
0	1

[block]
# block no. 1 follows, 21 sequences, length 10
# corresponding to MSA columns:
# 48-57
name=unknown_B
#
# <colnr> <probs for GDERKNQSTAVLIFYWHMCP>
#	G	D	E	R	K	N	Q	S	T	A	V	L	I	F	Y	W	H	M	C	P
0	0.02260	0.64332	0.04367	0.01801	0.07909	0.03244	0.01562	0.02554	0.01748	0.02073	0.01221	0.01433	0.01116	0.00731	0.00573	0.00188	0.00919	0.00483	0.00369	0.01116
1	0.16185	0.01660	0.10546	0.01285	0.01785	0.01320	0.01182	0.02207	0.08656	0.05268	0.12123	0.04946	0.26719	0.01488	0.00861	0.00277	0.00630	0.01205	0.00712	0.00943
2	0.02716	0.02967	0.02271	0.02167	0.07025	0.35168	0.01559	0.12539	0.11326	0.02891	0.02566	0.02627	0.08370	0.01072	0.00827	0.00245	0.01155	0.00795	0.00603	0.01109
3	0.01489	0.01320	0.01245	0.01251	0.01444	0.08776	0.00876	0.04222	0.05859	0.02308	0.04549	0.27960	0.17030	0.15774	0.01661	0.00407	0.00701	0.01657	0.00700	0.00772
4	0.01936	0.03287	0.34023	0.11957	0.03819	0.05906	0.10614	0.06492	0.01942	0.02697	0.01530	0.01939	0.01144	0.00891	0.01046	0.00281	0.08212	0.00714	0.00410	0.01161
5	0.01918	0.02024	0.05604	0.08853	0.24106	0.12204	0.01740	0.02234	0.01747	0.02219	0.01912	0.03198	0.01871	0.24548	0.02025	0.00447	0.01057	0.00881	0.00449	0.00962
6	0.01840	0.06535	0.37529	0.03256	0.24404	0.01987	0.02739	0.02594	0.01879	0.02735	0.05336	0.02158	0.01592	0.00844	0.00819	0.00259	0.01105	0.00720	0.00416	0.01253
7	0.20228	0.02410	0.02402	0.02811	0.22337	0.18960	0.01721	0.07528	0.02100	0.06282	0.01548	0.01840	0.01233	0.00929	0.00857	0.03507	0.01032	0.00637	0.00516	0.01122
8	0.02183	0.08117	0.13186	0.14332	0.14088	0.15092	0.02093	0.06339	0.06052	0.02709	0.06288	0.02290	0.01776	0.00919	0.00814	0.00252	0.01100	0.00741	0.00495	0.01133
9	0.02097	0.03009	0.23281	0.03993	0.38351	0.09136	0.02676	0.02725	0.01945	0.02676	0.01546	0.01944	0.01234	0.00787	0.00823	0.00254	0.01148	0.00694	0.00403	0.01279

[dist]
# distance from previous block
# <min> <max>
8	200

[block]
# block no. 2 follows, 21 sequences, length 14
# corresponding to MSA columns:
# 280-293
name=unknown_C
#
# <colnr> <probs for GDERKNQSTAVLIFYWHMCP>
#	G	D	E	R	K	N	Q	S	T	A	V	L	I	F	Y	W	H	M	C	P
0	0.26757	0.06009	0.02668	0.05839	0.07533	0.02035	0.13057	0.10404	0.02012	0.03377	0.01502	0.01809	0.01168	0.00781	0.00722	0.00242	0.00911	0.00653	0.00522	0.11999
1	0.06631	0.07197	0.05613	0.01479	0.01953	0.08671	0.01218	0.06027	0.10869	0.02689	0.02531	0.05768	0.05489	0.11987	0.06200	0.00406	0.00949	0.00887	0.00579	0.12856
2	0.02626	0.02949	0.02068	0.01846	0.02246	0.40209	0.01402	0.10010	0.02604	0.02859	0.19275	0.02964	0.03105	0.01139	0.00845	0.00237	0.01141	0.00856	0.00630	0.00991
3	0.02280	0.16445	0.02352	0.01629	0.02074	0.29070	0.01299	0.02692	0.06696	0.02362	0.09715	0.03437	0.14245	0.01209	0.00802	0.00235	0.01007	0.00910	0.00577	0.00963
4	0.11355	0.09804	0.09069	0.01627	0.02199	0.07396	0.01452	0.20676	0.02586	0.03637	0.15456	0.02930	0.02798	0.04292	0.00961	0.00276	0.00861	0.00853	0.00673	0.01100
5	0.01989	0.02178	0.06250	0.02906	0.21151	0.11699	0.01915	0.02360	0.01735	0.02344	0.01579	0.02177	0.01396	0.02075	0.14628	0.00493	0.16189	0.00731	0.00422	0.05782
6	0.02396	0.02132	0.02017	0.01765	0.02154	0.14998	0.01375	0.25557	0.02665	0.03371	0.02451	0.16374	0.02348	0.02172	0.10952	0.00441	0.03999	0.01092	0.00674	0.01068
7	0.01684	0.06727	0.01798	0.01482	0.01752	0.06936	0.01171	0.08310	0.01762	0.02336	0.02111	0.03027	0.01943	0.08656	0.45191	0.01026	0.01879	0.00849	0.00494	0.00865
8	0.07706	0.01378	0.05441	0.06884	0.01984	0.01264	0.01149	0.05760	0.06492	0.07868	0.03866	0.16715	0.12943	0.01495	0.00846	0.00274	0.00639	0.01257	0.15094	0.00946
9	0.01926	0.06215	0.11962	0.02216	0.02463	0.05670	0.02017	0.02237	0.01454	0.02142	0.01191	0.01808	0.01109	0.01317	0.02276	0.00339	0.51591	0.00702	0.00373	0.00991
10	0.02500	0.16035	0.02709	0.02173	0.09106	0.28931	0.01570	0.03155	0.12944	0.02448	0.02175	0.02288	0.05427	0.00955	0.00759	0.00228	0.01095	0.00704	0.00523	0.04276
11	0.09968	0.01947	0.06411	0.15369	0.13730	0.02085	0.06096	0.06879	0.01839	0.02751	0.01979	0.02440	0.05873	0.01084	0.01311	0.00295	0.17602	0.00809	0.00470	0.01063
12	0.01792	0.03131	0.35378	0.09146	0.06351	0.01877	0.07065	0.02763	0.08614	0.02755	0.01757	0.02046	0.01307	0.00816	0.00810	0.00253	0.01092	0.00696	0.00447	0.11904
13	0.02006	0.02344	0.09721	0.02211	0.12479	0.15753	0.01611	0.08480	0.02172	0.02647	0.03641	0.03899	0.19109	0.05284	0.04639	0.00349	0.01044	0.01023	0.00573	0.01014

[dist]
# distance from previous block
# <min> <max>
0	29

[block]
# block no. 3 follows, 21 sequences, length 146
# corresponding to MSA columns:
# 325-470
name=unknown_D
#
# <colnr> <probs for GDERKNQSTAVLIFYWHMCP>
#	G	D	E	R	K	N	Q	S	T	A	V	L	I	F	Y	W	H	M	C	P
0	0.05510	0.07799	0.17297	0.15911	0.11079	0.06271	0.07379	0.06572	0.08812	0.02829	0.01743	0.02074	0.01328	0.00853	0.00812	0.00263	0.01096	0.00723	0.00478	0.01172
1	0.02261	0.02253	0.02243	0.15303	0.03063	0.18907	0.04416	0.12783	0.07008	0.02888	0.02888	0.03705	0.08887	0.01241	0.00896	0.00277	0.01062	0.08271	0.00612	0.01036
2	0.11442	0.02737	0.19226	0.05955	0.02864	0.06480	0.01923	0.24450	0.02621	0.03715	0.02218	0.02622	0.04973	0.01050	0.00820	0.00268	0.01005	0.03822	0.00615	0.01193
3	0.02272	0.02008	0.02185	0.02341	0.13883	0.10328	0.01576	0.16458	0.11643	0.03424	0.07650	0.03766	0.05256	0.01243	0.00886	0.00271	0.00878	0.08145	0.04633	0.01153
4	0.05683	0.15061	0.02489	0.06358	0.06183	0.17844	0.01467	0.05383	0.11087	0.02825	0.14525	0.02826	0.02755	0.01059	0.00791	0.00242	0.00935	0.00826	0.00605	0.01057
5	0.02164	0.02301	0.03186	0.18159	0.27866	0.14111	0.10711	0.02652	0.01975	0.02506	0.01540	0.02043	0.01240	0.00788	0.00841	0.00251	0.01176	0.00739	0.00421	0.05329
6	0.02122	0.06935	0.02511	0.21563	0.11231	0.21854	0.01846	0.02500	0.01885	0.02171	0.01597	0.02179	0.01350	0.01968	0.14251	0.00474	0.01461	0.00703	0.00417	0.00981
7	0.11691	0.02749	0.14899	0.01838	0.02447	0.17562	0.01715	0.13061	0.02331	0.03101	0.02664	0.03520	0.07895	0.01224	0.00845	0.00274	0.01040	0.09494	0.00593	0.01059
8	0.06655	0.52071	0.11995	0.01685	0.02461	0.05936	0.04239	0.02611	0.01764	0.02234	0.01256	0.01469	0.01089	0.00748	0.00608	0.00204	0.00990	0.00505	0.00379	0.01101
9	0.01142	0.00896	0.01056	0.01127	0.01319	0.00821	0.00796	0.01477	0.05919	0.02340	0.05642	0.42256	0.23346	0.02291	0.01021	0.00311	0.00494	0.02020	0.00779	0.04948
10	0.01164	0.00806	0.01005	0.01075	0.01112	0.00808	0.00682	0.01255	0.01392	0.01876	0.03339	0.27849	0.03864	0.38163	0.11163	0.00725	0.00894	0.01613	0.00605	0.00609
11	0.09371	0.01462	0.01628	0.01670	0.05579	0.05319	0.01277	0.05876	0.06250	0.10961	0.03396	0.05192	0.05567	0.01496	0.00900	0.00298	0.00756	0.21119	0.10880	0.01002
12	0.01707	0.04402	0.65683	0.02426	0.03683	0.01976	0.03144	0.02695	0.01797	0.02695	0.01527	0.01797	0.01078	0.00809	0.00809	0.00270	0.01258	0.00629	0.00359	0.01258
13	0.01042	0.00864	0.00913	0.00900	0.01172	0.00734	0.00675	0.01292	0.02026	0.02504	0.18855	0.07853	0.54076	0.02079	0.01005	0.00284	0.00426	0.01749	0.00817	0.00734
14	0.01759	0.08331	0.58522	0.02432	0.03635	0.02071	0.06340	0.02688	0.01805	0.02654	0.01517	0.01798	0.01091	0.00798	0.00804	0.00265	0.01246	0.00639	0.00364	0.01241
15	0.03179	0.04056	0.02412	0.02192	0.02631	0.66676	0.01644	0.03398	0.02412	0.02083	0.01315	0.01535	0.01096	0.00877	0.00767	0.00219	0.01535	0.00548	0.00438	0.00987
16	0.01216	0.00912	0.01368	0.01368	0.01520	0.01064	0.01064	0.01520	0.01368	0.01976	0.02279	0.03343	0.02127	0.06382	0.66720	0.01368	0.02279	0.00912	0.00456	0.00760
17	0.01216	0.00912	0.01368	0.01368	0.01520	0.01064	0.01064	0.01520	0.01368	0.01976	0.02279	0.03343	0.02127	0.06382	0.66720	0.01368	0.02279	0.00912	0.00456	0.00760
18	0.01135	0.00799	0.01017	0.01088	0.01169	0.00757	0.00726	0.01321	0.01760	0.02405	0.21585	0.35261	0.05701	0.19105	0.01866	0.00442	0.00549	0.01870	0.00765	0.00680
19	0.01062	0.00875	0.00930	0.00955	0.01218	0.00756	0.00733	0.01291	0.01913	0.02303	0.07847	0.08259	0.54275	0.05039	0.01167	0.00323	0.00493	0.09064	0.00778	0.00718
20	0.01833	0.01292	0.01659	0.01492	0.01788	0.01443	0.01174	0.16404	0.02054	0.05767	0.02297	0.03140	0.02019	0.08716	0.43698	0.01011	0.01789	0.00893	0.00584	0.00945
21	0.02106	0.02022	0.03454	0.05223	0.64784	0.02022	0.02612	0.02612	0.01938	0.02780	0.01601	0.02106	0.01348	0.00758	0.00842	0.00253	0.01011	0.00758	0.00421	0.01348
22	0.01202	0.00899	0.01313	0.01434	0.01573	0.00862	0.03838	0.01464	0.01765	0.02332	0.04486	0.44957	0.05165	0.02462	0.01114	0.00359	0.00641	0.22617	0.00771	0.00746
23	0.02900	0.03550	0.02609	0.06234	0.14131	0.51459	0.01859	0.03190	0.02288	0.02215	0.01378	0.01678	0.01144	0.00854	0.00785	0.00229	0.01418	0.00597	0.00432	0.01050
24	0.01607	0.01513	0.02552	0.68047	0.05861	0.01891	0.02363	0.02174	0.01702	0.02174	0.01513	0.02269	0.01134	0.00851	0.00851	0.00284	0.01134	0.00756	0.00378	0.00945
25	0.02072	0.01987	0.03393	0.09492	0.60780	0.02013	0.02595	0.02582	0.01922	0.02739	0.01595	0.02117	0.01333	0.00765	0.00843	0.00255	0.01019	0.00758	0.00418	0.01321
26	0.01253	0.00919	0.01155	0.01262	0.01441	0.00883	0.01017	0.01522	0.01807	0.02302	0.05153	0.08427	0.19284	0.16132	0.01778	0.00454	0.00705	0.33062	0.00731	0.00713
27	0.01707	0.04402	0.65683	0.02426	0.03683	0.01976	0.03144	0.02695	0.01797	0.02695	0.01527	0.01797	0.01078	0.00809	0.00809	0.00270	0.01258	0.00629	0.00359	0.01258
28	0.01707	0.04402	0.65683	0.02426	0.03683	0.01976	0.03144	0.02695	0.01797	0.02695	0.01527	0.01797	0.01078	0.00809	0.00809	0.00270	0.01258	0.00629	0.00359	0.01258
29	0.01335	0.01087	0.01596	0.01527	0.01651	0.01348	0.01211	0.01617	0.01356	0.01989	0.02065	0.03070	0.01941	0.05481	0.54945	0.01184	0.14483	0.00881	0.00441	0.00791
30	0.02183	0.02189	0.03447	0.04919	0.57322	0.06930	0.05231	0.02677	0.01977	0.02725	0.01585	0.02072	0.01326	0.00765	0.00844	0.00252	0.01070	0.00754	0.00423	0.01311
31	0.02910	0.02452	0.02222	0.01806	0.02358	0.15388	0.01447	0.39525	0.03298	0.04272	0.02295	0.02370	0.04406	0.01041	0.00809	0.00242	0.00966	0.00773	0.10183	0.01236
32	0.01182	0.00944	0.01219	0.09535	0.01814	0.00909	0.00949	0.01532	0.02129	0.02830	0.35202	0.09166	0.25846	0.01805	0.00988	0.00280	0.00509	0.01563	0.00811	0.00788
33	0.07069	0.03505	0.02559	0.02751	0.15264	0.49827	0.01801	0.03187	0.02261	0.02323	0.01366	0.01643	0.01138	0.00848	0.00769	0.00229	0.01378	0.00586	0.00440	0.01057
34	0.01764	0.11024	0.59559	0.02329	0.03533	0.02116	0.02975	0.02680	0.01790	0.02626	0.01493	0.01754	0.01079	0.00800	0.00782	0.00261	0.01223	0.00611	0.00360	0.01241
35	0.01094	0.00885	0.00985	0.01015	0.01277	0.00776	0.00798	0.01361	0.01990	0.02456	0.13384	0.08273	0.47644	0.02151	0.01037	0.00305	0.00494	0.12530	0.00804	0.00739
36	0.02137	0.02912	0.19830	0.04095	0.40659	0.10243	0.02630	0.02734	0.01961	0.02669	0.01545	0.01951	0.01244	0.00787	0.00824	0.00253	0.01143	0.00697	0.00407	0.01278
37	0.01152	0.00935	0.01043	0.01089	0.01345	0.00858	0.00844	0.01541	0.06072	0.02415	0.07048	0.15389	0.42320	0.02184	0.01037	0.00314	0.00520	0.12332	0.00794	0.00770
38	0.01024	0.00860	0.00893	0.00914	0.01183	0.00729	0.00688	0.01244	0.01922	0.02303	0.08198	0.11929	0.58202	0.02195	0.01018	0.00296	0.00451	0.04443	0.00790	0.00720
39	0.02283	0.02392	0.02910	0.03997	0.42520	0.17798	0.02156	0.02696	0.02046	0.02605	0.01969	0.02348	0.04675	0.00875	0.00819	0.00243	0.01075	0.00763	0.04637	0.01194
40	0.03055	0.03086	0.02542	0.05763	0.06528	0.32057	0.01729	0.28259	0.03024	0.03529	0.01653	0.01825	0.01263	0.00930	0.00812	0.00240	0.01227	0.00665	0.00610	0.01203
41	0.01904	0.03140	0.31061	0.03525	0.20531	0.02040	0.20072	0.02681	0.01897	0.02727	0.01604	0.02026	0.01214	0.00768	0.00875	0.00270	0.01242	0.00774	0.00397	0.01250
42	0.23331	0.01551	0.02173	0.48530	0.04632	0.01896	0.01943	0.02270	0.01628	0.02654	0.01417	0.02010	0.01072	0.00833	0.00756	0.00278	0.00996	0.00670	0.00421	0.00938
43	0.02630	0.02544	0.02152	0.01863	0.02369	0.20743	0.01453	0.18486	0.26592	0.03505	0.02837	0.02757	0.06076	0.01109	0.00843	0.00260	0.00971	0.00850	0.00734	0.01226
44	0.02028	0.01987	0.13637	0.01614	0.02143	0.01605	0.01518	0.20784	0.02484	0.03562	0.02777	0.11863	0.02530	0.01354	0.00852	0.00273	0.00789	0.08381	0.18747	0.01071
45	0.02758	0.03333	0.02528	0.02685	0.14194	0.46223	0.01781	0.03028	0.02219	0.02224	0.01793	0.02063	0.04939	0.00973	0.00933	0.00240	0.05922	0.00676	0.00452	0.01035
46	0.01531	0.01138	0.01345	0.01323	0.01571	0.01126	0.00977	0.13665	0.02174	0.02885	0.04494	0.42053	0.12027	0.02156	0.01011	0.00312	0.00596	0.04494	0.00789	0.04332
47	0.02267	0.02189	0.12262	0.01938	0.05074	0.01910	0.01653	0.31247	0.02831	0.03845	0.02751	0.22667	0.02664	0.01479	0.00916	0.00285	0.00856	0.01250	0.00735	0.01181
48	0.19401	0.12018	0.39138	0.01943	0.02928	0.02097	0.02300	0.02713	0.01742	0.06403	0.01506	0.01706	0.01101	0.00808	0.00711	0.00257	0.01042	0.00580	0.00438	0.01168
49	0.01327	0.01114	0.01219	0.01295	0.01542	0.04881	0.01065	0.01639	0.02008	0.02475	0.09738	0.08343	0.28434	0.02145	0.01072	0.00332	0.00666	0.29160	0.00775	0.00771
50	0.01386	0.00887	0.01066	0.01054	0.01222	0.00844	0.00765	0.01633	0.01844	0.05492	0.19515	0.06190	0.11575	0.23410	0.02023	0.00454	0.00605	0.09124	0.10179	0.00729
51	0.02059	0.02153	0.04207	0.04438	0.35817	0.02084	0.30976	0.02667	0.01972	0.02754	0.01659	0.02197	0.01321	0.00739	0.00920	0.00269	0.01214	0.00876	0.00426	0.01252
52	0.02202	0.02204	0.03361	0.04952	0.59220	0.07809	0.02525	0.02682	0.01980	0.02718	0.01575	0.02055	0.01325	0.00769	0.00836	0.00250	0.01058	0.00739	0.00423	0.01316
53	0.01031	0.00863	0.00897	0.00889	0.01165	0.00729	0.00666	0.01270	0.01999	0.02441	0.15716	0.07957	0.57255	0.02102	0.01006	0.00285	0.00427	0.01763	0.00809	0.00729
54	0.02024	0.25305	0.17736	0.02019	0.02570	0.05701	0.02013	0.02426	0.01610	0.02183	0.01243	0.01667	0.01099	0.01052	0.01498	0.00279	0.27533	0.00613	0.00370	0.01062
55	0.09941	0.11424	0.02671	0.02377	0.13972	0.08811	0.01647	0.11901	0.13662	0.08544	0.02010	0.02120	0.01545	0.00949	0.00880	0.00256	0.04721	0.00713	0.00624	0.01234
56	0.01006	0.00862	0.00862	0.00862	0.01149	0.00718	0.00647	0.01221	0.01940	0.02299	0.08621	0.08190	0.64438	0.02155	0.01006	0.00287	0.00431	0.01796	0.00790	0.00718
57	0.01026	0.00783	0.00943	0.01071	0.01204	0.00701	0.00739	0.01198	0.01739	0.02217	0.06077	0.47897	0.26373	0.02486	0.01058	0.00325	0.00472	0.02199	0.00790	0.00701
58	0.02892	0.10937	0.02614	0.01935	0.02502	0.24094	0.01556	0.24479	0.14332	0.03526	0.01964	0.02005	0.01504	0.00963	0.00790	0.00241	0.01084	0.00693	0.00658	0.01232
59	0.06259	0.01511	0.01949	0.01657	0.01979	0.01747	0.01352	0.10066	0.01973	0.17734	0.02173	0.02561	0.01706	0.02461	0.17576	0.00559	0.19183	0.00803	0.05683	0.01068
60	0.01348	0.01106	0.01621	0.01545	0.01666	0.01379	0.01227	0.01628	0.01355	0.01990	0.02042	0.03041	0.01921	0.05384	0.53669	0.01164	0.15806	0.00878	0.00439	0.00795
61	0.02079	0.02639	0.15142	0.04190	0.37442	0.05993	0.14712	0.02698	0.01955	0.02711	0.01594	0.02053	0.01271	0.00766	0.00865	0.00261	0.01175	0.00772	0.00413	0.01268
62	0.02347	0.11403	0.23001	0.03028	0.21987	0.02027	0.05047	0.02949	0.01972	0.15430	0.01888	0.02084	0.01382	0.00829	0.00804	0.00253	0.01037	0.00710	0.00524	0.01298
63	0.01024	0.00863	0.00887	0.00881	0.01160	0.00726	0.00661	0.01256	0.01982	0.02399	0.13639	0.08025	0.59357	0.02118	0.01006	0.00286	0.00428	0.01773	0.00803	0.00726
64	0.01919	0.01958	0.06001	0.08076	0.50485	0.01846	0.02373	0.02414	0.01918	0.02681	0.02486	0.02876	0.09358	0.00944	0.00862	0.00260	0.00956	0.00884	0.00463	0.01241
65	0.02576	0.37727	0.06305	0.01741	0.02395	0.19250	0.01575	0.11629	0.02255	0.02570	0.01644	0.01789	0.03550	0.00868	0.00678	0.00211	0.01071	0.00584	0.00472	0.01112
66	0.01707	0.04402	0.65683	0.02426	0.03683	0.01976	0.03144	0.02695	0.01797	0.02695	0.01527	0.01797	0.01078	0.00809	0.00809	0.00270	0.01258	0.00629	0.00359	0.01258
67	0.01048	0.00749	0.00998	0.01177	0.01237	0.00699	0.00791	0.01214	0.01682	0.02257	0.08743	0.65244	0.05792	0.02603	0.01081	0.00340	0.00487	0.02359	0.00800	0.00699
68	0.02585	0.22893	0.03125	0.02215	0.07138	0.31205	0.01704	0.02836	0.01967	0.02106	0.01261	0.01590	0.01118	0.00940	0.01091	0.00240	0.13975	0.00574	0.00403	0.01034
69	0.02012	0.02083	0.02171	0.02656	0.20262	0.17669	0.01651	0.02495	0.06226	0.02518	0.03633	0.04682	0.14915	0.01398	0.00921	0.00280	0.00958	0.11848	0.00599	0.01024
70	0.01054	0.00754	0.01002	0.01174	0.01238	0.00702	0.00791	0.01227	0.01707	0.02296	0.10656	0.63217	0.05869	0.02573	0.01078	0.00338	0.00485	0.02331	0.00805	0.00702
71	0.01332	0.02114	0.23837	0.01497	0.02092	0.01196	0.01590	0.01895	0.02077	0.02884	0.28373	0.05203	0.19556	0.01514	0.00935	0.00273	0.00711	0.01282	0.00697	0.00942
72	0.02086	0.02078	0.03774	0.04889	0.52466	0.02049	0.14673	0.02635	0.01952	0.02769	0.01625	0.02145	0.01336	0.00750	0.00876	0.00260	0.01098	0.00808	0.00423	0.01307
73	0.03119	0.03941	0.02470	0.02363	0.06133	0.63033	0.01699	0.03354	0.02385	0.02122	0.01332	0.01567	0.01110	0.00870	0.00772	0.00221	0.01505	0.00560	0.00438	0.01007
74	0.02106	0.02022	0.03454	0.05223	0.64784	0.02022	0.02612	0.02612	0.01938	0.02780	0.01601	0.02106	0.01348	0.00758	0.00842	0.00253	0.01011	0.00758	0.00421	0.01348
75	0.01909	0.02236	0.07923	0.11448	0.04129	0.02201	0.38343	0.02515	0.01813	0.02515	0.01560	0.02173	0.01223	0.00898	0.01338	0.00303	0.15084	0.00897	0.00408	0.01084
76	0.01651	0.01128	0.01277	0.01193	0.01374	0.01179	0.00831	0.13731	0.01952	0.02717	0.02919	0.16447	0.03067	0.31146	0.05840	0.00568	0.00808	0.01290	0.10095	0.00787
77	0.01006	0.00862	0.00862	0.00862	0.01149	0.00718	0.00647	0.01221	0.01940	0.02299	0.08621	0.08190	0.64438	0.02155	0.01006	0.00287	0.00431	0.01796	0.00790	0.00718
78	0.01216	0.00912	0.01368	0.01368	0.01520	0.01064	0.01064	0.01520	0.01368	0.01976	0.02279	0.03343	0.02127	0.06382	0.66720	0.01368	0.02279	0.00912	0.00456	0.00760
79	0.02131	0.22166	0.07552	0.03954	0.42794	0.02412	0.02307	0.02598	0.01868	0.02548	0.01474	0.01871	0.01257	0.00753	0.00754	0.00233	0.00997	0.00662	0.00401	0.01268
80	0.02381	0.02383	0.02046	0.01847	0.02317	0.18195	0.01421	0.04242	0.48095	0.03192	0.02929	0.02767	0.02224	0.01085	0.00841	0.00271	0.00888	0.00859	0.00759	0.01257
81	0.01238	0.00825	0.00928	0.00928	0.00928	0.00825	0.00516	0.01238	0.01238	0.01650	0.02681	0.05569	0.03094	0.70092	0.04331	0.00825	0.00825	0.01238	0.00516	0.00516
82	0.01298	0.01033	0.01525	0.01478	0.01611	0.01260	0.01165	0.01587	0.01359	0.01985	0.02131	0.03155	0.01999	0.05759	0.58579	0.01241	0.10717	0.00891	0.00445	0.00782
83	0.03115	0.02290	0.02457	0.01896	0.02537	0.02530	0.01552	0.58310	0.03836	0.05141	0.02081	0.02254	0.01546	0.05159	0.01060	0.00290	0.00930	0.00794	0.00831	0.01391
84	0.01006	0.00862	0.00862	0.00862	0.01149	0.00718	0.00647	0.01221	0.01940	0.02299	0.08621	0.08190	0.64438	0.02155	0.01006	0.00287	0.00431	0.01796	0.00790	0.00718
85	0.01238	0.00825	0.00928	0.00928	0.00928	0.00825	0.00516	0.01238	0.01238	0.01650	0.02681	0.05569	0.03094	0.70092	0.04331	0.00825	0.00825	0.01238	0.00516	0.00516
86	0.01037	0.00741	0.00987	0.01185	0.01234	0.00691	0.00790	0.01185	0.01629	0.02172	0.04690	0.69537	0.05629	0.02666	0.01086	0.00346	0.00494	0.02419	0.00790	0.00691
87	0.02853	0.03512	0.02460	0.02203	0.02533	0.50799	0.01698	0.03064	0.02137	0.02074	0.01266	0.01616	0.01101	0.01029	0.01269	0.00257	0.18138	0.00597	0.00422	0.00973
88	0.01216	0.00912	0.01368	0.01368	0.01520	0.01064	0.01064	0.01520	0.01368	0.01976	0.02279	0.03343	0.02127	0.06382	0.66720	0.01368	0.02279	0.00912	0.00456	0.00760
89	0.01216	0.00912	0.01368	0.01368	0.01520	0.01064	0.01064	0.01520	0.01368	0.01976	0.02279	0.03343	0.02127	0.06382	0.66720	0.01368	0.02279	0.00912	0.00456	0.00760
90	0.02279	0.24534	0.02811	0.01605	0.02135	0.02383	0.01389	0.23176	0.02416	0.03179	0.01833	0.02229	0.01544	0.02617	0.21549	0.00582	0.01352	0.00709	0.00565	0.01112
91	0.01813	0.05820	0.02966	0.43232	0.25174	0.02023	0.02391	0.02342	0.01782	0.02365	0.01522	0.02161	0.01203	0.00813	0.00830	0.00267	0.01080	0.00739	0.00392	0.01088
92	0.01216	0.00912	0.01368	0.01368	0.01520	0.01064	0.01064	0.01520	0.01368	0.01976	0.02279	0.03343	0.02127	0.06382	0.66720	0.01368	0.02279	0.00912	0.00456	0.00760
93	0.02453	0.03191	0.29115	0.02240	0.03162	0.02300	0.05914	0.30062	0.06505	0.03976	0.01892	0.02023	0.01352	0.00922	0.00844	0.00265	0.01086	0.00735	0.00620	0.01344
94	0.01768	0.03972	0.53299	0.02663	0.03839	0.02012	0.15097	0.02701	0.01840	0.02701	0.01567	0.01899	0.01122	0.00790	0.00848	0.00273	0.01294	0.00705	0.00374	0.01235
95	0.01086	0.00836	0.00992	0.01014	0.01214	0.00743	0.00737	0.01353	0.02038	0.02676	0.28048	0.21953	0.29997	0.02124	0.01024	0.00294	0.00435	0.01849	0.00844	0.00743
96	0.02106	0.02022	0.03454	0.05223	0.64784	0.02022	0.02612	0.02612	0.01938	0.02780	0.01601	0.02106	0.01348	0.00758	0.00842	0.00253	0.01011	0.00758	0.00421	0.01348
97	0.01465	0.01297	0.02219	0.02222	0.10085	0.01236	0.13560	0.01872	0.01974	0.02677	0.15291	0.20605	0.07636	0.01762	0.01035	0.00312	0.00785	0.12360	0.00697	0.00908
98	0.01099	0.00892	0.00992	0.01042	0.01306	0.00785	0.00832	0.01360	0.01945	0.02362	0.07571	0.08550	0.49244	0.02205	0.01049	0.00314	0.00521	0.16408	0.00789	0.00735
99	0.02102	0.02033	0.03517	0.05158	0.62367	0.02027	0.04978	0.02616	0.01941	0.02778	0.01606	0.02114	0.01346	0.00757	0.00849	0.00254	0.01028	0.00768	0.00422	0.01340
100	0.23018	0.01086	0.01186	0.05236	0.01632	0.01162	0.00925	0.01699	0.01604	0.02693	0.07259	0.29521	0.03778	0.10513	0.01322	0.00376	0.00634	0.04929	0.00663	0.00765
101	0.03011	0.03776	0.02436	0.02198	0.02580	0.58517	0.01672	0.03226	0.02270	0.02078	0.01290	0.01576	0.01099	0.00955	0.01025	0.00239	0.10067	0.00573	0.00430	0.00979
102	0.02106	0.02022	0.03454	0.05223	0.64784	0.02022	0.02612	0.02612	0.01938	0.02780	0.01601	0.02106	0.01348	0.00758	0.00842	0.00253	0.01011	0.00758	0.00421	0.01348
103	0.07492	0.02504	0.02476	0.26849	0.07571	0.22100	0.01918	0.13834	0.02351	0.02894	0.01534	0.01929	0.01180	0.00881	0.00803	0.00255	0.01181	0.00674	0.00498	0.01075
104	0.01787	0.01691	0.02800	0.27256	0.35495	0.01809	0.02272	0.02277	0.01853	0.02501	0.02463	0.02939	0.09306	0.00969	0.00866	0.00268	0.00982	0.00890	0.00453	0.01123
105	0.01075	0.00850	0.00968	0.00970	0.01200	0.00743	0.00715	0.01345	0.02058	0.02653	0.26633	0.14863	0.38750	0.02078	0.01015	0.00288	0.00429	0.01785	0.00839	0.00743
106	0.01564	0.03679	0.52450	0.02106	0.03166	0.01720	0.02634	0.02394	0.01826	0.02614	0.02975	0.03102	0.14013	0.01083	0.00849	0.00273	0.01089	0.00867	0.00447	0.01148
107	0.01827	0.01826	0.03011	0.42964	0.16473	0.04788	0.09399	0.02370	0.01796	0.02344	0.01529	0.02192	0.01191	0.00846	0.00946	0.00279	0.04000	0.00777	0.00395	0.01046
108	0.01649	0.01554	0.02280	0.14380	0.02733	0.02078	0.01752	0.01937	0.01395	0.02053	0.01488	0.02316	0.01378	0.02618	0.18741	0.00610	0.38962	0.00790	0.00395	0.00890
109	0.01056	0.00764	0.01004	0.01189	0.01262	0.00711	0.00818	0.01224	0.01670	0.02204	0.04930	0.61814	0.09338	0.02613	0.01087	0.00345	0.00508	0.05975	0.00790	0.00699
110	0.01916	0.01983	0.06164	0.25808	0.38302	0.01985	0.06568	0.02478	0.01858	0.02572	0.01576	0.02159	0.01261	0.00789	0.00855	0.00266	0.01092	0.00768	0.00405	0.01197
111	0.01357	0.01069	0.01436	0.01360	0.01418	0.01279	0.00997	0.01509	0.01300	0.01854	0.02211	0.03973	0.02326	0.32075	0.27531	0.00937	0.15196	0.01014	0.00464	0.00692
112	0.01216	0.00912	0.01368	0.01368	0.01520	0.01064	0.01064	0.01520	0.01368	0.01976	0.02279	0.03343	0.02127	0.06382	0.66720	0.01368	0.02279	0.00912	0.00456	0.00760
113	0.02071	0.01776	0.01890	0.01722	0.02185	0.02047	0.01348	0.04353	0.59499	0.03498	0.03527	0.03568	0.02738	0.01228	0.00885	0.00295	0.00680	0.04514	0.00861	0.01313
114	0.03179	0.04056	0.02412	0.02192	0.02631	0.66676	0.01644	0.03398	0.02412	0.02083	0.01315	0.01535	0.01096	0.00877	0.00767	0.00219	0.01535	0.00548	0.00438	0.00987
115	0.01742	0.01043	0.01285	0.01147	0.01481	0.00951	0.00887	0.02201	0.05939	0.15786	0.33985	0.05929	0.20928	0.01671	0.00966	0.00273	0.00491	0.01431	0.00919	0.00946
116	0.02128	0.19472	0.39458	0.02152	0.03185	0.02222	0.06085	0.02847	0.01875	0.10516	0.01691	0.01866	0.01225	0.00815	0.00765	0.00249	0.01119	0.00640	0.00453	0.01236
117	0.01830	0.01872	0.02885	0.36100	0.04406	0.06018	0.09991	0.02283	0.01667	0.02204	0.01411	0.02108	0.01148	0.01024	0.01442	0.00307	0.21175	0.00773	0.00387	0.00970
118	0.01238	0.00825	0.00928	0.00928	0.00928	0.00825	0.00516	0.01238	0.01238	0.01650	0.02681	0.05569	0.03094	0.70092	0.04331	0.00825	0.00825	0.01238	0.00516	0.00516
119	0.01707	0.04402	0.65683	0.02426	0.03683	0.01976	0.03144	0.02695	0.01797	0.02695	0.01527	0.01797	0.01078	0.00809	0.00809	0.00270	0.01258	0.00629	0.00359	0.01258
120	0.02464	0.01510	0.02186	0.02550	0.20251	0.01442	0.01615	0.06411	0.02233	0.23582	0.03654	0.04550	0.10338	0.01350	0.00931	0.00287	0.00794	0.11879	0.00772	0.01201
121	0.01066	0.00857	0.00950	0.00943	0.01190	0.00741	0.00701	0.01331	0.02058	0.02616	0.24627	0.11406	0.44394	0.02065	0.01010	0.00285	0.00426	0.01759	0.00833	0.00741
122	0.01053	0.00782	0.00988	0.01145	0.01253	0.00716	0.00800	0.01232	0.01715	0.02224	0.05480	0.52940	0.17585	0.02540	0.01076	0.00337	0.00501	0.06140	0.00790	0.00703
123	0.02904	0.24726	0.03084	0.01917	0.02492	0.34843	0.01580	0.13987	0.02491	0.02666	0.01409	0.01576	0.01160	0.00857	0.00713	0.00214	0.01227	0.00559	0.00492	0.01105
124	0.02593	0.03034	0.02664	0.02774	0.14195	0.35844	0.01890	0.02857	0.01999	0.02204	0.01311	0.01737	0.01150	0.01033	0.01372	0.00270	0.20974	0.00645	0.00416	0.01038
125	0.01250	0.00941	0.01202	0.01333	0.01559	0.00893	0.01131	0.01583	0.01953	0.02464	0.05872	0.09131	0.24665	0.02286	0.01119	0.00357	0.00667	0.40046	0.00786	0.00762
126	0.01707	0.04402	0.65683	0.02426	0.03683	0.01976	0.03144	0.02695	0.01797	0.02695	0.01527	0.01797	0.01078	0.00809	0.00809	0.00270	0.01258	0.00629	0.00359	0.01258
127	0.02014	0.01886	0.02972	0.16352	0.40904	0.02017	0.02307	0.02919	0.14410	0.02825	0.01964	0.02355	0.01563	0.00857	0.00849	0.00266	0.00965	0.00800	0.00504	0.01272
128	0.03179	0.04056	0.02412	0.02192	0.02631	0.66676	0.01644	0.03398	0.02412	0.02083	0.01315	0.01535	0.01096	0.00877	0.00767	0.00219	0.01535	0.00548	0.00438	0.00987
129	0.16926	0.03056	0.36312	0.02001	0.02902	0.01772	0.06246	0.02555	0.01856	0.05543	0.10830	0.02464	0.02130	0.00946	0.00795	0.00269	0.00999	0.00764	0.00512	0.01122
130	0.01216	0.00912	0.01368	0.01368	0.01520	0.01064	0.01064	0.01520	0.01368	0.01976	0.02279	0.03343	0.02127	0.06382	0.66720	0.01368	0.02279	0.00912	0.00456	0.00760
131	0.03231	0.01694	0.02785	0.02410	0.10610	0.01533	0.13764	0.03662	0.02285	0.44612	0.02800	0.02673	0.01844	0.00947	0.00884	0.00267	0.00906	0.00874	0.00846	0.01374
132	0.01216	0.00912	0.01368	0.01368	0.01520	0.01064	0.01064	0.01520	0.01368	0.01976	0.02279	0.03343	0.02127	0.06382	0.66720	0.01368	0.02279	0.00912	0.00456	0.00760
133	0.01238	0.00825	0.00928	0.00928	0.00928	0.00825	0.00516	0.01238	0.01238	0.01650	0.02681	0.05569	0.03094	0.70092	0.04331	0.00825	0.00825	0.01238	0.00516	0.00516
134	0.01033	0.00855	0.00906	0.00911	0.01171	0.00727	0.00676	0.01268	0.01978	0.02432	0.15449	0.12125	0.53259	0.02137	0.01011	0.00289	0.00432	0.01806	0.00809	0.00727
135	0.02218	0.63982	0.10583	0.01553	0.02334	0.03228	0.01625	0.02563	0.01736	0.02071	0.01218	0.01408	0.01091	0.00736	0.00572	0.00191	0.00945	0.00472	0.00364	0.01109
136	0.01135	0.00904	0.01042	0.01111	0.01366	0.00811	0.00902	0.01412	0.01947	0.02386	0.07169	0.08687	0.43436	0.02224	0.01066	0.00324	0.00555	0.21994	0.00788	0.00741
137	0.01315	0.01033	0.01460	0.01405	0.01504	0.01241	0.01069	0.01540	0.01332	0.01920	0.02191	0.03580	0.02177	0.18672	0.44608	0.01111	0.11699	0.00954	0.00456	0.00735
138	0.02984	0.03467	0.02625	0.02733	0.14311	0.46601	0.01823	0.10496	0.02519	0.02620	0.01459	0.01705	0.01187	0.00873	0.00792	0.00230	0.01362	0.00615	0.00486	0.01111
139	0.02666	0.02905	0.02367	0.15520	0.03213	0.33163	0.01732	0.10815	0.13901	0.02797	0.01852	0.02058	0.01431	0.00942	0.00814	0.00250	0.01215	0.00696	0.00559	0.01105
140	0.02972	0.02314	0.02371	0.01892	0.02491	0.06505	0.01531	0.49369	0.07481	0.04767	0.02314	0.07852	0.01856	0.01161	0.00867	0.00263	0.00920	0.00906	0.00821	0.01347
141	0.01297	0.01112	0.01854	0.01685	0.01942	0.01045	0.13280	0.01595	0.01760	0.02319	0.04295	0.36475	0.10070	0.06753	0.01296	0.00368	0.00747	0.10622	0.00697	0.00789
142	0.01621	0.01612	0.02576	0.10581	0.06159	0.05337	0.19312	0.01999	0.01794	0.02283	0.03358	0.08581	0.13791	0.15312	0.01647	0.00395	0.01003	0.01225	0.00533	0.00882
143	0.11604	0.13225	0.05973	0.03792	0.40305	0.06095	0.02176	0.02638	0.01864	0.02742	0.01460	0.01847	0.01226	0.00767	0.00749	0.00241	0.00992	0.00653	0.00424	0.01227
144	0.02607	0.20563	0.02730	0.01705	0.02242	0.19922	0.01416	0.18969	0.02630	0.03200	0.09595	0.02344	0.02141	0.00994	0.00752	0.00224	0.00991	0.00725	0.05143	0.01106
145	0.12923	0.16019	0.10688	0.13752	0.09152	0.02067	0.01796	0.02752	0.04187	0.11901	0.05594	0.02256	0.01729	0.00898	0.00746	0.00251	0.00901	0.00706	0.00550	0.01132

[dist]
# distance from previous block
# <min> <max>
53	187

[block]
# block no. 4 follows, 21 sequences, length 8
# corresponding to MSA columns:
# 695-702
name=unknown_E
#
# <colnr> <probs for GDERKNQSTAVLIFYWHMCP>
#	G	D	E	R	K	N	Q	S	T	A	V	L	I	F	Y	W	H	M	C	P
0	0.23738	0.01734	0.06522	0.13156	0.02490	0.06872	0.01364	0.02141	0.01829	0.02955	0.15018	0.13235	0.03204	0.01300	0.00813	0.00277	0.00783	0.01064	0.00607	0.00897
1	0.19652	0.02123	0.02136	0.01888	0.07103	0.07709	0.01406	0.24430	0.02621	0.07447	0.01726	0.01849	0.01291	0.00866	0.00729	0.00231	0.00864	0.00634	0.00656	0.14639
2	0.06221	0.01732	0.11066	0.01601	0.04422	0.01354	0.01367	0.07377	0.05186	0.14553	0.03784	0.17623	0.11521	0.01492	0.00880	0.00280	0.00709	0.01259	0.06510	0.01063
3	0.01419	0.01082	0.01405	0.08683	0.01920	0.01172	0.01070	0.01889	0.08896	0.04602	0.03868	0.24764	0.10482	0.12955	0.08027	0.00498	0.04266	0.01515	0.00667	0.00820
4	0.06220	0.17543	0.07806	0.01789	0.02313	0.28044	0.01524	0.02947	0.08764	0.02323	0.01710	0.02164	0.01490	0.07865	0.03818	0.00333	0.01199	0.00659	0.00476	0.01013
5	0.37457	0.13941	0.24759	0.01640	0.02461	0.02172	0.01802	0.02578	0.01619	0.03120	0.01307	0.01527	0.01005	0.00786	0.00630	0.00252	0.00913	0.00520	0.00440	0.01069
6	0.21861	0.02647	0.12356	0.06810	0.23313	0.14143	0.02050	0.02718	0.01861	0.02876	0.01420	0.01768	0.01133	0.00802	0.00740	0.00254	0.01062	0.00619	0.00440	0.01129
7	0.05446	0.01743	0.02157	0.17476	0.12579	0.05559	0.01644	0.15408	0.02369	0.03313	0.08268	0.02910	0.04930	0.01039	0.00815	0.00254	0.00863	0.00862	0.11290	0.01074

[dist]
# distance from previous block
# <min> <max>
19	143

[block]
# block no. 5 follows, 21 sequences, length 8
# corresponding to MSA columns:
# 867-874
name=unknown_F
#
# <colnr> <probs for GDERKNQSTAVLIFYWHMCP>
#	G	D	E	R	K	N	Q	S	T	A	V	L	I	F	Y	W	H	M	C	P
0	0.10150	0.02258	0.02593	0.11953	0.17874	0.16060	0.04818	0.02785	0.01958	0.08459	0.01619	0.01964	0.01266	0.00849	0.00878	0.00246	0.04391	0.00675	0.00496	0.08708
1	0.15583	0.01915	0.02425	0.27461	0.17995	0.08470	0.01940	0.02458	0.01789	0.02670	0.01453	0.01940	0.01154	0.00798	0.00758	0.00250	0.01006	0.00655	0.00435	0.08846
2	0.15893	0.01583	0.02155	0.14868	0.15581	0.01790	0.01671	0.02339	0.03963	0.05896	0.06126	0.03054	0.09578	0.01148	0.01095	0.00285	0.10514	0.00887	0.00550	0.01025
3	0.01896	0.01818	0.02959	0.13443	0.41159	0.01969	0.02284	0.02337	0.01810	0.02540	0.02165	0.02655	0.07110	0.01009	0.01147	0.00278	0.10956	0.00852	0.00442	0.01170
4	0.02026	0.01734	0.01975	0.02194	0.13428	0.07569	0.01416	0.08253	0.15930	0.06176	0.06643	0.17109	0.08989	0.01479	0.00917	0.00282	0.00768	0.01275	0.00733	0.01104
5	0.02377	0.02864	0.09685	0.04047	0.40279	0.20834	0.02386	0.02849	0.02061	0.02568	0.01510	0.01907	0.01246	0.00798	0.00817	0.00245	0.01189	0.00683	0.00420	0.01233
6	0.01952	0.01795	0.02905	0.19546	0.38032	0.01928	0.02282	0.05423	0.04956	0.02719	0.01763	0.02321	0.01443	0.01388	0.07582	0.00376	0.01150	0.00784	0.00458	0.01196
7	0.13070	0.01921	0.07476	0.04027	0.02042	0.13216	0.01313	0.02073	0.01776	0.02486	0.02768	0.24638	0.02965	0.01693	0.01017	0.04407	0.00855	0.07151	0.00592	0.04513

[dist]
# distance from previous block
# <min> <max>
0	1

[block]
# block no. 6 follows, 21 sequences, length 70
# corresponding to MSA columns:
# 876-945
name=unknown_G
#
# <colnr> <probs for GDERKNQSTAVLIFYWHMCP>
#	G	D	E	R	K	N	Q	S	T	A	V	L	I	F	Y	W	H	M	C	P
0	0.05785	0.03007	0.31162	0.16220	0.16044	0.02027	0.02619	0.08169	0.01996	0.02917	0.01570	0.01956	0.01170	0.00826	0.00813	0.00267	0.01122	0.00685	0.00431	0.01212
1	0.02030	0.06638	0.13345	0.07542	0.48390	0.02092	0.02613	0.02600	0.01891	0.02689	0.01559	0.02019	0.01279	0.00769	0.00819	0.00252	0.01050	0.00719	0.00406	0.01299
2	0.03179	0.04056	0.02412	0.02192	0.02631	0.66676	0.01644	0.03398	0.02412	0.02083	0.01315	0.01535	0.01096	0.00877	0.00767	0.00219	0.01535	0.00548	0.00438	0.00987
3	0.01707	0.04402	0.65683	0.02426	0.03683	0.01976	0.03144	0.02695	0.01797	0.02695	0.01527	0.01797	0.01078	0.00809	0.00809	0.00270	0.01258	0.00629	0.00359	0.01258
4	0.01006	0.00862	0.00862	0.00862	0.01149	0.00718	0.00647	0.01221	0.01940	0.02299	0.08621	0.08190	0.64438	0.02155	0.01006	0.00287	0.00431	0.01796	0.00790	0.00718
5	0.01376	0.01053	0.01492	0.01430	0.01564	0.01282	0.01130	0.01673	0.01416	0.02158	0.02156	0.03072	0.01967	0.04803	0.46692	0.01036	0.13042	0.00867	0.10996	0.00793
6	0.01713	0.01457	0.02132	0.01828	0.02068	0.01725	0.07021	0.09672	0.01748	0.02483	0.01949	0.02896	0.01794	0.09061	0.31511	0.00837	0.17819	0.00887	0.00490	0.00908
7	0.01371	0.00980	0.01371	0.01567	0.01763	0.00980	0.01371	0.01763	0.01959	0.02547	0.04506	0.09599	0.04898	0.02351	0.01175	0.00392	0.00784	0.59056	0.00784	0.00784
8	0.01037	0.00741	0.00987	0.01185	0.01234	0.00691	0.00790	0.01185	0.01629	0.02172	0.04690	0.69537	0.05629	0.02666	0.01086	0.00346	0.00494	0.02419	0.00790	0.00691
9	0.01962	0.06812	0.09731	0.02998	0.03664	0.02332	0.37210	0.02537	0.01790	0.02502	0.01514	0.02079	0.01215	0.00925	0.01417	0.00301	0.18640	0.00869	0.00405	0.01098
10	0.01631	0.01145	0.01306	0.01188	0.01342	0.01215	0.00803	0.13318	0.01802	0.02428	0.02504	0.04589	0.02645	0.48350	0.11512	0.00780	0.01031	0.01103	0.00575	0.00731
11	0.03235	0.02384	0.02554	0.01958	0.02639	0.02639	0.01618	0.61946	0.04001	0.05363	0.02043	0.02043	0.01447	0.01022	0.00851	0.00255	0.00936	0.00766	0.00851	0.01447
12	0.01707	0.04402	0.65683	0.02426	0.03683	0.01976	0.03144	0.02695	0.01797	0.02695	0.01527	0.01797	0.01078	0.00809	0.00809	0.00270	0.01258	0.00629	0.00359	0.01258
13	0.02054	0.02108	0.06492	0.09105	0.57973	0.02011	0.02622	0.02588	0.01916	0.02737	0.01591	0.02101	0.01321	0.00767	0.00841	0.00256	0.01031	0.00752	0.00415	0.01318
14	0.03818	0.01448	0.01975	0.01514	0.02172	0.01251	0.01251	0.04147	0.02436	0.65373	0.03357	0.02897	0.02107	0.01053	0.00856	0.00263	0.00724	0.00856	0.01053	0.01448
15	0.01006	0.00862	0.00862	0.00862	0.01149	0.00718	0.00647	0.01221	0.01940	0.02299	0.08621	0.08190	0.64438	0.02155	0.01006	0.00287	0.00431	0.01796	0.00790	0.00718
16	0.02125	0.02103	0.03108	0.04300	0.46618	0.07050	0.02333	0.02641	0.04419	0.02655	0.01728	0.02419	0.01514	0.00949	0.01099	0.00273	0.09546	0.03425	0.00451	0.01241
17	0.01238	0.00825	0.00928	0.00928	0.00928	0.00825	0.00516	0.01238	0.01238	0.01650	0.02681	0.05569	0.03094	0.70092	0.04331	0.00825	0.00825	0.01238	0.00516	0.00516
18	0.01238	0.00825	0.00928	0.00928	0.00928	0.00825	0.00516	0.01238	0.01238	0.01650	0.02681	0.05569	0.03094	0.70092	0.04331	0.00825	0.00825	0.01238	0.00516	0.00516
19	0.02126	0.02115	0.03260	0.12915	0.52545	0.07004	0.02506	0.02617	0.01945	0.02650	0.01568	0.02083	0.01302	0.00779	0.00838	0.00254	0.01067	0.00742	0.00417	0.01269
20	0.02106	0.02022	0.03454	0.05223	0.64784	0.02022	0.02612	0.02612	0.01938	0.02780	0.01601	0.02106	0.01348	0.00758	0.00842	0.00253	0.01011	0.00758	0.00421	0.01348
21	0.03179	0.04056	0.02412	0.02192	0.02631	0.66676	0.01644	0.03398	0.02412	0.02083	0.01315	0.01535	0.01096	0.00877	0.00767	0.00219	0.01535	0.00548	0.00438	0.00987
