[name]
unknown

[dist]
# distance from previous block
# <min> <max>
11	21

[block]
# block no. 0 follows, 22 sequences, length 23
# corresponding to MSA columns:
# 21-43
name=unknown_A
#
# <colnr> <probs for GDERKNQSTAVLIFYWHMCP>
#	G	D	E	R	K	N	Q	S	T	A	V	L	I	F	Y	W	H	M	C	P
0	0.17574	0.02115	0.04557	0.01817	0.02406	0.10817	0.09522	0.11946	0.05146	0.15542	0.05878	0.02538	0.04587	0.00986	0.00791	0.00256	0.00913	0.00798	0.00680	0.01130
1	0.01858	0.09024	0.01915	0.01417	0.01762	0.05299	0.03380	0.12735	0.02098	0.02893	0.10505	0.03120	0.02556	0.05455	0.16911	0.03736	0.01109	0.00870	0.12450	0.00908
2	0.11408	0.01037	0.01143	0.01097	0.01325	0.01012	0.00768	0.04067	0.01636	0.02480	0.07199	0.24736	0.06295	0.21030	0.01800	0.00420	0.00620	0.01404	0.00640	0.09884
3	0.12908	0.01925	0.01960	0.01620	0.02184	0.07431	0.01302	0.14673	0.19359	0.24047	0.02616	0.02437	0.01830	0.01000	0.00787	0.00259	0.00790	0.00770	0.00822	0.01279
4	0.12391	0.07925	0.02022	0.04586	0.02152	0.11999	0.01259	0.21858	0.02497	0.03480	0.02440	0.02566	0.07829	0.01021	0.00726	0.00235	0.00841	0.00755	0.12366	0.01051
5	0.02383	0.02231	0.14862	0.01667	0.02330	0.01836	0.01581	0.25838	0.06805	0.08064	0.02202	0.02306	0.01608	0.00938	0.00756	0.00235	0.00812	0.00731	0.17327	0.05488
6	0.01626	0.01454	0.02175	0.29654	0.13966	0.01651	0.01806	0.02440	0.14247	0.02493	0.02564	0.17510	0.02406	0.01270	0.00883	0.00286	0.00858	0.01140	0.00561	0.01012
7	0.01666	0.04297	0.66500	0.02368	0.03596	0.01929	0.03069	0.02631	0.01754	0.02631	0.01491	0.01754	0.01052	0.00789	0.00789	0.00263	0.01228	0.00614	0.00351	0.01228
8	0.02819	0.03541	0.02151	0.01966	0.02374	0.58507	0.01474	0.03032	0.02292	0.02061	0.02241	0.02370	0.09689	0.01024	0.00780	0.00223	0.01354	0.00699	0.00474	0.00928
9	0.02221	0.71304	0.04353	0.01421	0.02132	0.03287	0.01421	0.02488	0.01688	0.01955	0.01155	0.01333	0.01066	0.00711	0.00533	0.00178	0.00888	0.00444	0.00355	0.01066
10	0.05180	0.01138	0.01458	0.13081	0.02229	0.01138	0.01124	0.02175	0.05481	0.14754	0.09782	0.13603	0.22425	0.01588	0.00908	0.00280	0.00627	0.01352	0.00754	0.00925
11	0.01040	0.00740	0.00974	0.01130	0.01189	0.00693	0.00755	0.01198	0.01636	0.02199	0.10019	0.60157	0.05549	0.06959	0.01259	0.00361	0.00495	0.02208	0.00767	0.00674
12	0.01569	0.01477	0.02492	0.68808	0.05722	0.01846	0.02307	0.02123	0.01661	0.02123	0.01477	0.02215	0.01107	0.00831	0.00831	0.00277	0.01107	0.00738	0.00369	0.00923
13	0.04656	0.03253	0.30640	0.02773	0.16932	0.12385	0.02378	0.07403	0.02078	0.02843	0.05648	0.02075	0.01579	0.00864	0.00796	0.00250	0.01118	0.00692	0.00457	0.01179
14	0.01947	0.02468	0.17380	0.07419	0.49066	0.01958	0.02654	0.02548	0.01850	0.02668	0.01543	0.01996	0.01248	0.00755	0.00815	0.00252	0.01046	0.00712	0.00396	0.01278
15	0.01312	0.01007	0.01110	0.01100	0.01400	0.00945	0.00860	0.01837	0.10258	0.05514	0.06738	0.10122	0.42357	0.01971	0.00984	0.00297	0.00519	0.10050	0.00793	0.00826
16	0.07287	0.00892	0.01031	0.01066	0.01252	0.00841	0.00749	0.01520	0.01689	0.07309	0.07403	0.33716	0.18363	0.11334	0.01403	0.00371	0.00538	0.01758	0.00741	0.00739
17	0.02139	0.01622	0.01788	0.01877	0.09598	0.08914	0.01262	0.02815	0.15558	0.14121	0.03594	0.12514	0.11154	0.01519	0.01085	0.06798	0.00752	0.01137	0.00715	0.01038
18	0.01755	0.09040	0.15074	0.12822	0.10505	0.01762	0.01817	0.02423	0.10217	0.02409	0.01812	0.02321	0.01488	0.03679	0.01274	0.12102	0.00909	0.00718	0.03858	0.04015
19	0.01658	0.11270	0.02469	0.01734	0.02198	0.10101	0.15121	0.01982	0.01910	0.02260	0.04547	0.11212	0.27277	0.01477	0.00897	0.00263	0.00857	0.01298	0.00588	0.00879
20	0.05950	0.16290	0.02411	0.04656	0.02269	0.21343	0.01352	0.14314	0.02350	0.02778	0.02929	0.02980	0.14889	0.01117	0.00764	0.00233	0.00971	0.00825	0.00568	0.01011
21	0.05344	0.09640	0.16894	0.02416	0.18497	0.01709	0.01824	0.02276	0.01707	0.02641	0.01827	0.02268	0.01492	0.01537	0.09666	0.00378	0.01047	0.00693	0.17092	0.01051
22	0.02056	0.02226	0.07474	0.06275	0.25720	0.10492	0.06748	0.08536	0.02143	0.02763	0.02674	0.03249	0.10071	0.01071	0.00866	0.00261	0.01013	0.04718	0.00522	0.01120

[dist]
# distance from previous block
# <min> <max>
2	23

[block]
# block no. 1 follows, 22 sequences, length 127
# corresponding to MSA columns:
# 67-193
name=unknown_B
#
# <colnr> <probs for GDERKNQSTAVLIFYWHMCP>
#	G	D	E	R	K	N	Q	S	T	A	V	L	I	F	Y	W	H	M	C	P
0	0.02168	0.08993	0.06016	0.07901	0.38226	0.14144	0.02192	0.02597	0.01923	0.02446	0.01605	0.05086	0.01418	0.00854	0.00791	0.00241	0.01067	0.00744	0.00420	0.01168
1	0.02339	0.02060	0.01884	0.01728	0.04951	0.16702	0.01280	0.10988	0.12768	0.09751	0.09320	0.03591	0.13304	0.01220	0.00845	0.00248	0.00838	0.00975	0.00724	0.04482
2	0.08547	0.05038	0.02131	0.01910	0.08163	0.12779	0.01382	0.20981	0.05488	0.03428	0.06397	0.03018	0.11275	0.01111	0.00799	0.00241	0.00863	0.00865	0.00657	0.04927
3	0.01615	0.02491	0.23906	0.01999	0.02635	0.06753	0.08984	0.02171	0.01852	0.02442	0.03326	0.07573	0.12118	0.01428	0.01019	0.00298	0.04208	0.13669	0.00540	0.00972
4	0.08832	0.12066	0.39417	0.02024	0.05767	0.01916	0.02259	0.02375	0.01740	0.02594	0.02456	0.02610	0.10675	0.00972	0.00760	0.00253	0.00996	0.00753	0.00433	0.01101
5	0.05715	0.02505	0.02207	0.05782	0.14799	0.27291	0.01587	0.08948	0.02253	0.02634	0.02920	0.03058	0.14667	0.01106	0.00815	0.00243	0.01050	0.00861	0.00541	0.01020
6	0.02032	0.01950	0.03329	0.08214	0.62694	0.01968	0.02538	0.02529	0.01880	0.02685	0.01558	0.02064	0.01306	0.00745	0.00823	0.00248	0.00993	0.00740	0.00409	0.01297
7	0.02052	0.01986	0.03444	0.05024	0.62736	0.01980	0.05378	0.02555	0.01895	0.02712	0.01568	0.02065	0.01313	0.00738	0.00830	0.00248	0.01006	0.00752	0.00412	0.01307
8	0.02879	0.03553	0.02632	0.02696	0.13284	0.53688	0.04310	0.03160	0.02260	0.02174	0.01348	0.01623	0.01120	0.00830	0.00771	0.00222	0.01408	0.00588	0.00425	0.01029
9	0.01320	0.00944	0.01313	0.01475	0.01666	0.00937	0.01275	0.01704	0.01962	0.02583	0.11331	0.09010	0.05130	0.02227	0.01128	0.00369	0.00722	0.53356	0.00782	0.00767
10	0.03155	0.02430	0.02484	0.01926	0.02576	0.06663	0.01581	0.59103	0.03808	0.05034	0.01950	0.01963	0.01391	0.00988	0.00826	0.00247	0.00951	0.00735	0.00806	0.01384
11	0.01031	0.00844	0.00910	0.00893	0.01152	0.00722	0.00670	0.01288	0.02010	0.02521	0.22888	0.07539	0.50639	0.02001	0.00981	0.00276	0.00413	0.01689	0.00808	0.00722
12	0.01439	0.01451	0.01205	0.01194	0.01489	0.13416	0.00925	0.01677	0.01984	0.02241	0.06444	0.06973	0.43794	0.01896	0.00963	0.00284	0.00678	0.10480	0.00705	0.00761
13	0.01960	0.02506	0.12003	0.02942	0.03597	0.06306	0.36041	0.02534	0.01788	0.02453	0.01485	0.02027	0.01180	0.00909	0.01376	0.00295	0.18289	0.00843	0.00398	0.01071
14	0.00982	0.00842	0.00842	0.00842	0.01122	0.00701	0.00631	0.01192	0.01894	0.02244	0.08416	0.07995	0.65285	0.02104	0.00982	0.00281	0.00421	0.01753	0.00771	0.00701
15	0.01826	0.01842	0.02681	0.02258	0.02306	0.02519	0.05345	0.02038	0.01312	0.02038	0.01125	0.01842	0.01100	0.01410	0.02625	0.00359	0.65345	0.00742	0.00367	0.00921
16	0.02056	0.01974	0.03372	0.05099	0.65622	0.01974	0.02550	0.02550	0.01892	0.02714	0.01563	0.02056	0.01316	0.00740	0.00822	0.00247	0.00987	0.00740	0.00411	0.01316
17	0.01208	0.00805	0.00906	0.00906	0.00906	0.00805	0.00503	0.01208	0.01208	0.01611	0.02618	0.05436	0.03020	0.70804	0.04228	0.00805	0.00805	0.01208	0.00503	0.00503
18	0.00982	0.00842	0.00842	0.00842	0.01122	0.00701	0.00631	0.01192	0.01894	0.02244	0.08416	0.07995	0.65285	0.02104	0.00982	0.00281	0.00421	0.01753	0.00771	0.00701
19	0.03103	0.03959	0.02354	0.02140	0.02568	0.67469	0.01605	0.03317	0.02354	0.02033	0.01284	0.01498	0.01070	0.00856	0.00749	0.00214	0.01498	0.00535	0.00428	0.00963
20	0.01907	0.01822	0.03102	0.24607	0.47281	0.01935	0.02475	0.02419	0.01821	0.02533	0.01536	0.02105	0.01252	0.00768	0.00825	0.00256	0.01024	0.00740	0.00398	0.01196
21	0.01012	0.00723	0.00964	0.01157	0.01205	0.00675	0.00771	0.01157	0.01591	0.02121	0.04579	0.70262	0.05495	0.02603	0.01060	0.00337	0.00482	0.02362	0.00771	0.00675
22	0.02056	0.01974	0.03372	0.05099	0.65622	0.01974	0.02550	0.02550	0.01892	0.02714	0.01563	0.02056	0.01316	0.00740	0.00822	0.00247	0.00987	0.00740	0.00411	0.01316
23	0.03103	0.03959	0.02354	0.02140	0.02568	0.67469	0.01605	0.03317	0.02354	0.02033	0.01284	0.01498	0.01070	0.00856	0.00749	0.00214	0.01498	0.00535	0.00428	0.00963
24	0.02799	0.01621	0.01900	0.01597	0.02143	0.01693	0.01273	0.04253	0.36884	0.31144	0.03335	0.02980	0.02324	0.01083	0.00841	0.00271	0.00679	0.00893	0.00926	0.01359
25	0.03028	0.03105	0.02436	0.02166	0.05516	0.35108	0.01626	0.27421	0.05819	0.03428	0.01682	0.01799	0.01288	0.00920	0.00790	0.00233	0.01199	0.00650	0.00610	0.01178
26	0.01860	0.01075	0.01289	0.01122	0.01493	0.00965	0.00879	0.05601	0.02262	0.18965	0.22666	0.05832	0.29402	0.01653	0.00935	0.00267	0.00514	0.01391	0.00880	0.00947
27	0.02582	0.01709	0.02208	0.02342	0.15507	0.01783	0.01546	0.03908	0.31758	0.22884	0.02966	0.02795	0.02130	0.01015	0.00837	0.00267	0.00742	0.00865	0.00811	0.01346
28	0.02570	0.18545	0.15524	0.02163	0.06646	0.22494	0.01907	0.15481	0.02385	0.02850	0.01463	0.01651	0.01153	0.00833	0.00731	0.00225	0.01154	0.00588	0.00480	0.01155
29	0.01012	0.00723	0.00964	0.01157	0.01205	0.00675	0.00771	0.01157	0.01591	0.02121	0.04579	0.70262	0.05495	0.02603	0.01060	0.00337	0.00482	0.02362	0.00771	0.00675
30	0.01683	0.04178	0.62926	0.02434	0.03639	0.01939	0.06524	0.02633	0.01766	0.02633	0.01502	0.01782	0.01064	0.00784	0.00800	0.00264	0.01238	0.00635	0.00355	0.01222
31	0.02008	0.02176	0.07642	0.04331	0.42774	0.02008	0.17466	0.02691	0.05511	0.02740	0.01693	0.02144	0.01356	0.00756	0.00861	0.00258	0.01086	0.00804	0.00435	0.01262
32	0.02992	0.02856	0.02479	0.06340	0.05379	0.26260	0.01675	0.34740	0.03113	0.03763	0.01684	0.01829	0.01264	0.00924	0.00801	0.00238	0.01143	0.00669	0.00637	0.01213
33	0.05176	0.18669	0.02433	0.01593	0.01854	0.02076	0.01355	0.01929	0.01408	0.02040	0.01577	0.02271	0.01482	0.03206	0.28784	0.00713	0.21442	0.00711	0.00402	0.00879
34	0.01024	0.00745	0.00944	0.01096	0.01170	0.00689	0.00732	0.01165	0.01599	0.02096	0.04918	0.57044	0.13018	0.07985	0.01303	0.00367	0.00500	0.02191	0.00750	0.00665
35	0.01774	0.01964	0.07037	0.03486	0.27031	0.01748	0.23162	0.02308	0.01908	0.02592	0.03042	0.03353	0.14747	0.01016	0.00909	0.00266	0.01026	0.01030	0.00487	0.01113
36	0.02236	0.01957	0.02170	0.02384	0.15445	0.10107	0.01541	0.12207	0.18634	0.06165	0.02750	0.15720	0.02480	0.01277	0.00868	0.00271	0.00841	0.01092	0.00693	0.01164
37	0.01012	0.00723	0.00964	0.01157	0.01205	0.00675	0.00771	0.01157	0.01591	0.02121	0.04579	0.70262	0.05495	0.02603	0.01060	0.00337	0.00482	0.02362	0.00771	0.00675
38	0.01537	0.02337	0.22380	0.02330	0.03011	0.01547	0.22648	0.02123	0.01767	0.02462	0.02641	0.25993	0.02685	0.01396	0.00950	0.00295	0.01025	0.01354	0.00522	0.00997
39	0.02062	0.27816	0.35702	0.02003	0.02938	0.11542	0.02286	0.02676	0.01814	0.02310	0.01344	0.01570	0.01060	0.00771	0.00694	0.00226	0.01146	0.00543	0.00363	0.01134
40	0.02221	0.71304	0.04353	0.01421	0.02132	0.03287	0.01421	0.02488	0.01688	0.01955	0.01155	0.01333	0.01066	0.00711	0.00533	0.00178	0.00888	0.00444	0.00355	0.01066
41	0.00982	0.00842	0.00842	0.00842	0.01122	0.00701	0.00631	0.01192	0.01894	0.02244	0.08416	0.07995	0.65285	0.02104	0.00982	0.00281	0.00421	0.01753	0.00771	0.00701
42	0.02056	0.01974	0.03372	0.05099	0.65622	0.01974	0.02550	0.02550	0.01892	0.02714	0.01563	0.02056	0.01316	0.00740	0.00822	0.00247	0.00987	0.00740	0.00411	0.01316
43	0.01963	0.01956	0.02566	0.15288	0.03133	0.07398	0.08206	0.02939	0.20753	0.02549	0.01946	0.02308	0.01553	0.01103	0.01434	0.00301	0.22215	0.00806	0.00523	0.01063
44	0.01012	0.00723	0.00964	0.01157	0.01205	0.00675	0.00771	0.01157	0.01591	0.02121	0.04579	0.70262	0.05495	0.02603	0.01060	0.00337	0.00482	0.02362	0.00771	0.00675
45	0.03103	0.03959	0.02354	0.02140	0.02568	0.67469	0.01605	0.03317	0.02354	0.02033	0.01284	0.01498	0.01070	0.00856	0.00749	0.00214	0.01498	0.00535	0.00428	0.00963
46	0.00982	0.00842	0.00842	0.00842	0.01122	0.00701	0.00631	0.01192	0.01894	0.02244	0.08416	0.07995	0.65285	0.02104	0.00982	0.00281	0.00421	0.01753	0.00771	0.00701
47	0.03158	0.02327	0.02493	0.01911	0.02576	0.02576	0.01579	0.62852	0.03906	0.05236	0.01995	0.01995	0.01413	0.00997	0.00831	0.00249	0.00914	0.00748	0.00831	0.01413
48	0.02056	0.01974	0.03372	0.05099	0.65622	0.01974	0.02550	0.02550	0.01892	0.02714	0.01563	0.02056	0.01316	0.00740	0.00822	0.00247	0.00987	0.00740	0.00411	0.01316
49	0.01187	0.00890	0.01335	0.01335	0.01483	0.01038	0.01038	0.01483	0.01335	0.01928	0.02225	0.03264	0.02077	0.06231	0.67512	0.01335	0.02225	0.00890	0.00445	0.00742
50	0.01006	0.00746	0.00940	0.01095	0.01189	0.00680	0.00744	0.01164	0.01650	0.02145	0.05334	0.58000	0.17269	0.02504	0.01045	0.00326	0.00470	0.02242	0.00771	0.00680
51	0.17635	0.02185	0.02243	0.01750	0.02385	0.02436	0.01445	0.50956	0.03415	0.04939	0.01830	0.01868	0.01312	0.00953	0.00769	0.00251	0.00861	0.00689	0.00769	0.01312
52	0.01666	0.04297	0.66500	0.02368	0.03596	0.01929	0.03069	0.02631	0.01754	0.02631	0.01491	0.01754	0.01052	0.00789	0.00789	0.00263	0.01228	0.00614	0.00351	0.01228
53	0.00982	0.00842	0.00842	0.00842	0.01122	0.00701	0.00631	0.01192	0.01894	0.02244	0.08416	0.07995	0.65285	0.02104	0.00982	0.00281	0.00421	0.01753	0.00771	0.00701
54	0.01076	0.00775	0.00931	0.01019	0.01097	0.00726	0.00663	0.01196	0.01552	0.02030	0.07157	0.36403	0.14867	0.24234	0.02054	0.00474	0.00571	0.01855	0.00692	0.00629
55	0.03126	0.03294	0.02411	0.02047	0.02571	0.41030	0.01594	0.27573	0.02986	0.03338	0.01574	0.01700	0.01210	0.00914	0.00782	0.00228	0.01260	0.00622	0.00592	0.01146
56	0.01468	0.01016	0.01339	0.01279	0.01490	0.01144	0.01000	0.07978	0.01688	0.02516	0.02302	0.03097	0.02018	0.04592	0.46656	0.00985	0.01707	0.00851	0.16056	0.00818
57	0.01024	0.00830	0.00909	0.00917	0.01155	0.00715	0.00677	0.01264	0.01953	0.02451	0.19506	0.14435	0.47106	0.02076	0.00990	0.00283	0.00422	0.01769	0.00800	0.00715
58	0.01106	0.00762	0.00936	0.01037	0.01062	0.00737	0.00643	0.01181	0.01408	0.01877	0.03642	0.39308	0.04313	0.35169	0.02573	0.00561	0.00636	0.01811	0.00643	0.00593
59	0.02834	0.24517	0.02964	0.01921	0.02435	0.47877	0.01549	0.03064	0.02151	0.02009	0.01245	0.01448	0.01069	0.00812	0.00683	0.00203	0.01312	0.00507	0.00406	0.00995
60	0.01012	0.00723	0.00964	0.01157	0.01205	0.00675	0.00771	0.01157	0.01591	0.02121	0.04579	0.70262	0.05495	0.02603	0.01060	0.00337	0.00482	0.02362	0.00771	0.00675
61	0.01814	0.01352	0.01436	0.01265	0.01642	0.01423	0.00989	0.15076	0.16186	0.03434	0.10970	0.04484	0.19214	0.01386	0.00841	0.00255	0.00568	0.01141	0.15515	0.01011
62	0.01402	0.01259	0.01610	0.01519	0.01650	0.04440	0.01197	0.01641	0.01458	0.02009	0.02871	0.08860	0.10209	0.03885	0.33209	0.00808	0.19636	0.01062	0.00491	0.00786
63	0.01695	0.05976	0.02374	0.01934	0.02014	0.02237	0.01609	0.01909	0.01313	0.01980	0.01361	0.02127	0.01321	0.02530	0.17818	0.00580	0.49212	0.00748	0.00382	0.00879
64	0.01135	0.00848	0.01054	0.01002	0.01216	0.00766	0.00752	0.01489	0.02255	0.03103	0.53234	0.06582	0.19931	0.01784	0.00980	0.00265	0.00398	0.01555	0.00884	0.00766
65	0.03030	0.03680	0.02374	0.05523	0.02730	0.58041	0.01639	0.08832	0.02464	0.02338	0.01360	0.01581	0.01104	0.00868	0.00761	0.00221	0.01423	0.00565	0.00463	0.01003
66	0.01957	0.01873	0.03194	0.18016	0.53478	0.01948	0.02500	0.02463	0.01845	0.02594	0.01545	0.02088	0.01274	0.00759	0.00824	0.00253	0.01011	0.00740	0.00403	0.01236
67	0.01187	0.00890	0.01335	0.01335	0.01483	0.01038	0.01038	0.01483	0.01335	0.01928	0.02225	0.03264	0.02077	0.06231	0.67512	0.01335	0.02225	0.00890	0.00445	0.00742
68	0.02956	0.02143	0.02326	0.01813	0.02453	0.02333	0.01484	0.47327	0.12232	0.08678	0.02242	0.02188	0.01602	0.00995	0.00821	0.00247	0.00847	0.00766	0.00826	0.05720
69	0.02112	0.58109	0.16591	0.01608	0.02420	0.03020	0.01746	0.02516	0.01701	0.02088	0.01221	0.01416	0.01063	0.00726	0.00584	0.00195	0.00955	0.00478	0.00354	0.01098
70	0.01006	0.00796	0.00906	0.00977	0.01162	0.00696	0.00695	0.01202	0.01805	0.02265	0.10504	0.32015	0.38494	0.02272	0.01012	0.00301	0.00443	0.01973	0.00780	0.00696
71	0.01204	0.00822	0.00991	0.00991	0.01020	0.00851	0.00609	0.01262	0.01233	0.01673	0.02540	0.05009	0.02834	0.58088	0.16690	0.00910	0.01085	0.01145	0.00492	0.00550
72	0.01039	0.00774	0.00968	0.01068	0.01195	0.00702	0.00744	0.01248	0.01809	0.02392	0.17683	0.44157	0.18556	0.02314	0.01027	0.00310	0.00451	0.02059	0.00800	0.00702
73	0.01063	0.00745	0.00949	0.01091	0.01127	0.00709	0.00701	0.01170	0.01490	0.01987	0.04066	0.53299	0.04847	0.20450	0.01889	0.00460	0.00567	0.02060	0.00701	0.00630
74	0.01047	0.00824	0.00946	0.00957	0.01173	0.00723	0.00702	0.01303	0.01986	0.02563	0.25483	0.17677	0.37542	0.02060	0.00994	0.00284	0.00422	0.01775	0.00816	0.00723
75	0.02853	0.03454	0.02399	0.02137	0.02492	0.51370	0.01646	0.06098	0.02220	0.02190	0.01282	0.01586	0.01092	0.00981	0.01143	0.00245	0.14817	0.00584	0.00436	0.00975
76	0.01054	0.00823	0.00869	0.00880	0.01060	0.00732	0.00599	0.01195	0.01662	0.02039	0.06384	0.10810	0.42390	0.23567	0.01999	0.00448	0.00544	0.01618	0.00688	0.00638
77	0.01005	0.00822	0.00891	0.00941	0.01168	0.00708	0.00695	0.01210	0.01831	0.02230	0.07414	0.21169	0.49777	0.02218	0.01006	0.00297	0.00450	0.04696	0.00771	0.00699
78	0.01854	0.01765	0.02978	0.24776	0.43902	0.01874	0.02384	0.02353	0.01820	0.02507	0.01858	0.02385	0.04258	0.00832	0.00832	0.00258	0.00998	0.00787	0.00415	0.01164
79	0.01216	0.00933	0.01392	0.01375	0.01516	0.01109	0.01075	0.01508	0.01332	0.01932	0.02172	0.03196	0.02031	0.06007	0.64480	0.01290	0.05364	0.00882	0.00441	0.00750
80	0.01054	0.00843	0.00946	0.00952	0.01192	0.00736	0.00719	0.01316	0.01993	0.02527	0.22377	0.11234	0.43715	0.02041	0.00995	0.00285	0.00437	0.05106	0.00807	0.00724
81	0.02225	0.02103	0.01934	0.01700	0.01968	0.18821	0.01346	0.10970	0.02056	0.02752	0.01779	0.02203	0.01477	0.01466	0.06260	0.00337	0.18866	0.00705	0.20084	0.00947
82	0.01582	0.16082	0.22592	0.01923	0.07338	0.01731	0.01818	0.02076	0.01770	0.02399	0.05936	0.17365	0.05734	0.01404	0.00851	0.00273	0.00859	0.06743	0.00533	0.00994
83	0.02685	0.03175	0.02292	0.02058	0.02423	0.43789	0.01583	0.03314	0.14338	0.02311	0.01665	0.01867	0.01362	0.01009	0.01097	0.00252	0.12610	0.00647	0.00499	0.01023
84	0.01187	0.00890	0.01335	0.01335	0.01483	0.01038	0.01038	0.01483	0.01335	0.01928	0.02225	0.03264	0.02077	0.06231	0.67512	0.01335	0.02225	0.00890	0.00445	0.00742
85	0.02240	0.10214	0.34176	0.02377	0.07780	0.15941	0.02375	0.10395	0.02157	0.02777	0.01484	0.01713	0.01123	0.00819	0.00764	0.00242	0.01194	0.00608	0.00433	0.01187
86	0.02676	0.07230	0.02566	0.02248	0.05415	0.44171	0.01693	0.02898	0.02019	0.02052	0.01241	0.01596	0.01087	0.00994	0.01242	0.00251	0.18654	0.00588	0.00407	0.00972
87	0.01540	0.00930	0.01227	0.01107	0.01367	0.00846	0.00846	0.01922	0.02355	0.12302	0.56350	0.05723	0.07013	0.01603	0.00959	0.00261	0.00437	0.01407	0.00931	0.00874
88	0.10242	0.19825	0.05225	0.01676	0.02265	0.18304	0.01445	0.18662	0.02436	0.03087	0.02119	0.02206	0.07287	0.00965	0.00717	0.00227	0.00988	0.00680	0.00556	0.01088
89	0.01654	0.03721	0.52830	0.02187	0.03201	0.04801	0.02668	0.02474	0.01713	0.02488	0.01602	0.01990	0.01222	0.01687	0.11761	0.00437	0.01404	0.00656	0.00370	0.01136
90	0.01469	0.01344	0.01860	0.01737	0.01758	0.01735	0.01364	0.01634	0.01410	0.02052	0.02601	0.31458	0.02998	0.01951	0.02005	0.00352	0.39488	0.01435	0.00540	0.00807
91	0.00982	0.00842	0.00842	0.00842	0.01122	0.00701	0.00631	0.01192	0.01894	0.02244	0.08416	0.07995	0.65285	0.02104	0.00982	0.00281	0.00421	0.01753	0.00771	0.00701
92	0.01846	0.25990	0.46381	0.02061	0.03122	0.02369	0.02536	0.02584	0.01733	0.02412	0.01382	0.01618	0.01057	0.00764	0.00706	0.00235	0.01118	0.00559	0.00352	0.01175
93	0.01888	0.01858	0.02786	0.24362	0.35734	0.07040	0.02228	0.02344	0.01828	0.02418	0.01802	0.08588	0.01631	0.00956	0.00842	0.00262	0.01017	0.00878	0.00434	0.01104
94	0.01354	0.01042	0.01138	0.01117	0.01406	0.01006	0.00833	0.02000	0.14778	0.05740	0.06300	0.19822	0.36438	0.01951	0.00963	0.00292	0.00497	0.01665	0.00800	0.00860
95	0.01387	0.00916	0.01058	0.00982	0.01284	0.00791	0.00751	0.01665	0.02089	0.10677	0.24434	0.06814	0.40395	0.01848	0.00963	0.00272	0.00449	0.01563	0.00846	0.00816
96	0.01208	0.00805	0.00906	0.00906	0.00906	0.00805	0.00503	0.01208	0.01208	0.01611	0.02618	0.05436	0.03020	0.70804	0.04228	0.00805	0.00805	0.01208	0.00503	0.00503
97	0.02253	0.01272	0.01543	0.01360	0.01767	0.01223	0.01077	0.11728	0.04747	0.22702	0.04520	0.17650	0.16202	0.01675	0.00938	0.00289	0.00637	0.06498	0.00863	0.01057
98	0.02006	0.02071	0.06915	0.08479	0.55611	0.01968	0.02509	0.02616	0.04750	0.02710	0.01638	0.02096	0.01345	0.00766	0.00822	0.00251	0.00993	0.00742	0.00425	0.01288
99	0.01202	0.00829	0.01026	0.01026	0.01067	0.00870	0.00652	0.01285	0.01243	0.01699	0.02508	0.04832	0.02758	0.52828	0.21845	0.00953	0.01201	0.01120	0.00487	0.00570
100	0.01208	0.00805	0.00906	0.00906	0.00906	0.00805	0.00503	0.01208	0.01208	0.01611	0.02618	0.05436	0.03020	0.70804	0.04228	0.00805	0.00805	0.01208	0.00503	0.00503
101	0.01904	0.01819	0.03097	0.24976	0.46934	0.01934	0.02474	0.02416	0.01820	0.02529	0.01536	0.02106	0.01251	0.00768	0.00825	0.00256	0.01025	0.00740	0.00398	0.01193
102	0.01012	0.00723	0.00964	0.01157	0.01205	0.00675	0.00771	0.01157	0.01591	0.02121	0.04579	0.70262	0.05495	0.02603	0.01060	0.00337	0.00482	0.02362	0.00771	0.00675
103	0.02038	0.47876	0.21909	0.01738	0.02551	0.02854	0.01915	0.02498	0.01681	0.02150	0.01246	0.01483	0.01064	0.00780	0.00744	0.00214	0.05292	0.00510	0.00355	0.01102
104	0.01683	0.04178	0.62926	0.02434	0.03639	0.01939	0.06524	0.02633	0.01766	0.02633	0.01502	0.01782	0.01064	0.00784	0.00800	0.00264	0.01238	0.00635	0.00355	0.01222
105	0.02230	0.13888	0.26021	0.02736	0.16146	0.20285	0.02304	0.02782	0.01939	0.02380	0.01398	0.01683	0.01115	0.00786	0.00746	0.00233	0.01200	0.00593	0.00386	0.01149
106	0.02221	0.71304	0.04353	0.01421	0.02132	0.03287	0.01421	0.02488	0.01688	0.01955	0.01155	0.01333	0.01066	0.00711	0.00533	0.00178	0.00888	0.00444	0.00355	0.01066
107	0.02220	0.02020	0.03234	0.08152	0.48053	0.02080	0.05127	0.13311	0.02242	0.03128	0.01640	0.02063	0.01319	0.00790	0.00832	0.00250	0.01000	0.00753	0.00484	0.01301
108	0.03106	0.03865	0.02362	0.02127	0.02569	0.63704	0.01604	0.06772	0.02444	0.02219	0.01325	0.01527	0.01090	0.00864	0.00754	0.00216	0.01464	0.00547	0.00451	0.00989
109	0.01222	0.00919	0.01310	0.01292	0.01404	0.01066	0.00971	0.01454	0.01307	0.01869	0.02247	0.03621	0.02214	0.18713	0.51883	0.01183	0.05224	0.00945	0.00453	0.00703
110	0.01208	0.00805	0.00906	0.00906	0.00906	0.00805	0.00503	0.01208	0.01208	0.01611	0.02618	0.05436	0.03020	0.70804	0.04228	0.00805	0.00805	0.01208	0.00503	0.00503
111	0.01208	0.00805	0.00906	0.00906	0.00906	0.00805	0.00503	0.01208	0.01208	0.01611	0.02618	0.05436	0.03020	0.70804	0.04228	0.00805	0.00805	0.01208	0.00503	0.00503
112	0.01030	0.00857	0.00956	0.00989	0.01195	0.00783	0.00725	0.01222	0.01784	0.02200	0.07050	0.24117	0.46418	0.02204	0.01087	0.00300	0.03762	0.01864	0.00752	0.00704
113	0.01072	0.00845	0.00967	0.00936	0.01178	0.00740	0.00702	0.01367	0.02107	0.02751	0.34853	0.07162	0.38531	0.01915	0.00981	0.00272	0.00407	0.01636	0.00838	0.00740
114	0.01208	0.00805	0.00906	0.00906	0.00906	0.00805	0.00503	0.01208	0.01208	0.01611	0.02618	0.05436	0.03020	0.70804	0.04228	0.00805	0.00805	0.01208	0.00503	0.00503
115	0.01584	0.01474	0.02097	0.01868	0.01923	0.01987	0.01529	0.01808	0.01296	0.01973	0.01510	0.02353	0.01455	0.03221	0.26698	0.00723	0.44471	0.00787	0.00394	0.00847
116	0.02048	0.50398	0.23743	0.01717	0.02589	0.02864	0.01936	0.02532	0.01709	0.02166	0.01260	0.01464	0.01062	0.00735	0.00613	0.00204	0.00994	0.00497	0.00354	0.01117
117	0.01020	0.00763	0.00951	0.01096	0.01209	0.00695	0.00763	0.01192	0.01681	0.02168	0.05520	0.51979	0.20263	0.02465	0.01045	0.00325	0.00480	0.04928	0.00771	0.00686
118	0.01187	0.00890	0.01335	0.01335	0.01483	0.01038	0.01038	0.01483	0.01335	0.01928	0.02225	0.03264	0.02077	0.06231	0.67512	0.01335	0.02225	0.00890	0.00445	0.00742
119	0.03103	0.03959	0.02354	0.02140	0.02568	0.67469	0.01605	0.03317	0.02354	0.02033	0.01284	0.01498	0.01070	0.00856	0.00749	0.00214	0.01498	0.00535	0.00428	0.00963
120	0.02922	0.03657	0.02381	0.02146	0.02514	0.58311	0.01635	0.03131	0.02202	0.02028	0.01257	0.01543	0.01073	0.00940	0.01028	0.00235	0.11060	0.00562	0.00419	0.00955
121	0.01047	0.00844	0.00932	0.00910	0.01162	0.00729	0.00683	0.01319	0.02048	0.02610	0.27535	0.07392	0.45938	0.01967	0.00981	0.00274	0.00411	0.01669	0.00820	0.00729
122	0.02664	0.20036	0.09099	0.02038	0.05509	0.15441	0.01743	0.24984	0.02639	0.03286	0.01540	0.01704	0.01207	0.00884	0.00813	0.00230	0.03823	0.00616	0.00548	0.01195
123	0.01961	0.17449	0.45978	0.02152	0.03175	0.10660	0.02556	0.02691	0.01818	0.02421	0.01398	0.01638	0.01057	0.00782	0.00734	0.00240	0.01196	0.00570	0.00362	0.01162
124	0.05888	0.07898	0.05757	0.04839	0.12576	0.04847	0.01755	0.24736	0.02539	0.03520	0.04581	0.02060	0.01556	0.00971	0.01014	0.00252	0.09277	0.00713	0.00584	0.04637
125	0.02570	0.02919	0.14872	0.01946	0.02617	0.17233	0.01776	0.26636	0.08723	0.03571	0.02386	0.02426	0.06567	0.01026	0.00818	0.00250	0.01046	0.00772	0.00640	0.01205
126	0.01634	0.01541	0.01605	0.01786	0.09271	0.12437	0.01139	0.01830	0.01652	0.02063	0.05585	0.10523	0.05339	0.24151	0.10180	0.00574	0.03941	0.03441	0.00533	0.00775

[dist]
# distance from previous block
# <min> <max>
13	177

[block]
# block no. 2 follows, 22 sequences, length 18
# corresponding to MSA columns:
# 374-391
name=unknown_C
#
# <colnr> <probs for GDERKNQSTAVLIFYWHMCP>
#	G	D	E	R	K	N	Q	S	T	A	V	L	I	F	Y	W	H	M	C	P
0	0.02174	0.04965	0.08279	0.02785	0.23338	0.11167	0.01816	0.02588	0.01944	0.11067	0.05328	0.02732	0.05297	0.01739	0.10742	0.00407	0.01165	0.00815	0.00539	0.01114
1	0.02222	0.08087	0.19649	0.01853	0.02481	0.18390	0.01782	0.12209	0.02259	0.02821	0.10122	0.02380	0.02076	0.01175	0.01048	0.08104	0.01054	0.00734	0.00526	0.01028
2	0.01206	0.00918	0.01132	0.01223	0.01378	0.00912	0.00881	0.01723	0.10804	0.02505	0.12310	0.43507	0.09801	0.02216	0.01019	0.00319	0.00511	0.06046	0.00800	0.00790
3	0.02224	0.02270	0.03184	0.12481	0.18794	0.12956	0.16203	0.09435	0.02112	0.02695	0.01552	0.02032	0.01239	0.00932	0.01062	0.03937	0.04577	0.00761	0.00453	0.01100
4	0.02252	0.02360	0.06739	0.03559	0.35649	0.13199	0.02092	0.02987	0.11356	0.05776	0.02141	0.02373	0.04033	0.00890	0.00818	0.00249	0.01004	0.00772	0.00520	0.01230
5	0.01118	0.00782	0.00962	0.01063	0.01115	0.00753	0.00695	0.01224	0.01471	0.01942	0.03951	0.34838	0.07686	0.31228	0.02395	0.00535	0.00637	0.06335	0.00658	0.00611
6	0.02337	0.02628	0.03490	0.03799	0.30516	0.21185	0.18585	0.02805	0.02046	0.02500	0.01513	0.01943	0.01229	0.00763	0.00844	0.00246	0.01249	0.00745	0.00419	0.01160
7	0.01948	0.02429	0.16431	0.08059	0.49428	0.01958	0.02644	0.02543	0.01850	0.02664	0.01543	0.02002	0.01250	0.00755	0.00816	0.00252	0.01044	0.00714	0.00396	0.01276
8	0.01651	0.00991	0.01160	0.01091	0.01413	0.00879	0.00825	0.01979	0.05046	0.16456	0.06229	0.19534	0.35721	0.01920	0.00959	0.00287	0.00509	0.01635	0.00832	0.00884
9	0.02056	0.01974	0.03372	0.05099	0.65622	0.01974	0.02550	0.02550	0.01892	0.02714	0.01563	0.02056	0.01316	0.00740	0.00822	0.00247	0.00987	0.00740	0.00411	0.01316
10	0.07801	0.07198	0.02389	0.01766	0.02378	0.13798	0.01447	0.30649	0.02965	0.18464	0.02054	0.02013	0.01445	0.00945	0.00777	0.00240	0.00951	0.00690	0.00752	0.01277
11	0.01941	0.12836	0.17568	0.07096	0.02745	0.10683	0.01895	0.02731	0.11599	0.02480	0.02238	0.03354	0.02004	0.01167	0.00937	0.00276	0.04949	0.11929	0.00520	0.01052
12	0.01695	0.00961	0.01211	0.01107	0.01409	0.00849	0.00844	0.01990	0.02138	0.17451	0.28058	0.14377	0.21119	0.01768	0.00958	0.00275	0.00484	0.01527	0.00885	0.00894
13	0.01202	0.00832	0.01041	0.01097	0.01166	0.00830	0.00755	0.01346	0.01497	0.02010	0.08472	0.14879	0.04029	0.38623	0.07143	0.00652	0.00813	0.12380	0.00619	0.00615
14	0.02043	0.02010	0.03579	0.04883	0.57317	0.01991	0.10688	0.02565	0.01901	0.02707	0.01579	0.02081	0.01308	0.00735	0.00844	0.00251	0.01043	0.00773	0.00412	0.01289
15	0.02362	0.02585	0.02973	0.08918	0.40530	0.23355	0.02223	0.02768	0.02025	0.02447	0.01465	0.01886	0.01220	0.00785	0.00799	0.00238	0.01163	0.00673	0.00414	0.01171
16	0.01134	0.00810	0.01103	0.01296	0.01397	0.00779	0.00982	0.01367	0.01710	0.02257	0.04512	0.47617	0.05229	0.02488	0.01093	0.00354	0.00587	0.23809	0.00769	0.00708
17	0.02082	0.02002	0.02056	0.01991	0.06998	0.13176	0.01456	0.02950	0.20360	0.05691	0.03206	0.03271	0.12592	0.01289	0.01286	0.00285	0.16687	0.00939	0.00624	0.01060

[dist]
# distance from previous block
# <min> <max>
0	1

[block]
# block no. 3 follows, 22 sequences, length 9
# corresponding to MSA columns:
# 393-401
name=unknown_D
#
# <colnr> <probs for GDERKNQSTAVLIFYWHMCP>
#	G	D	E	R	K	N	Q	S	T	A	V	L	I	F	Y	W	H	M	C	P
0	0.02447	0.01671	0.01874	0.05573	0.02228	0.01826	0.01283	0.25830	0.15316	0.09770	0.02639	0.05689	0.02026	0.01084	0.00791	0.00250	0.00721	0.00874	0.16916	0.01192
1	0.01475	0.01318	0.02018	0.01765	0.01907	0.01615	0.06971	0.01730	0.01355	0.01978	0.01844	0.02974	0.01795	0.12861	0.30821	0.00836	0.24625	0.00887	0.00423	0.00801
2	0.01210	0.00953	0.01272	0.10375	0.01973	0.00954	0.01138	0.01513	0.01796	0.02273	0.05176	0.16069	0.22857	0.05236	0.01184	0.00350	0.00669	0.23557	0.00702	0.00743
3	0.01574	0.01348	0.01547	0.13588	0.02256	0.08655	0.01233	0.01903	0.01639	0.02289	0.02351	0.11836	0.02204	0.02587	0.18714	0.00546	0.05295	0.00984	0.18642	0.00809
4	0.02003	0.02289	0.11945	0.04728	0.57199	0.01968	0.02620	0.02561	0.01873	0.02703	0.01553	0.02015	0.01280	0.00747	0.00818	0.00249	0.01020	0.00723	0.00403	0.01304
5	0.01797	0.20084	0.51858	0.02145	0.03251	0.02249	0.02681	0.02597	0.01738	0.02472	0.01412	0.01655	0.01056	0.00771	0.00729	0.00243	0.01148	0.00574	0.00352	0.01190
6	0.32763	0.02880	0.01909	0.01700	0.02181	0.35834	0.01319	0.07726	0.02099	0.02972	0.01290	0.01478	0.01029	0.00833	0.00661	0.00234	0.01107	0.00518	0.00495	0.00973
7	0.01861	0.02459	0.16348	0.25348	0.03912	0.08802	0.07056	0.02617	0.07884	0.02446	0.01640	0.02059	0.01255	0.00859	0.00918	0.00259	0.05100	0.00706	0.00433	0.08037
8	0.01695	0.04096	0.60462	0.02479	0.03669	0.01946	0.08905	0.02634	0.01774	0.02634	0.01509	0.01802	0.01073	0.00781	0.00808	0.00265	0.01245	0.00650	0.00358	0.01217

[dist]
# distance from previous block
# <min> <max>
0	6

[block]
# block no. 4 follows, 22 sequences, length 8
# corresponding to MSA columns:
# 408-415
name=unknown_E
#
# <colnr> <probs for GDERKNQSTAVLIFYWHMCP>
#	G	D	E	R	K	N	Q	S	T	A	V	L	I	F	Y	W	H	M	C	P
0	0.11245	0.02615	0.02238	0.02211	0.09924	0.25251	0.01550	0.11631	0.16168	0.06236	0.01967	0.02039	0.01503	0.00921	0.00768	0.00245	0.01031	0.00684	0.00614	0.01161
1	0.02164	0.56041	0.04475	0.01881	0.02621	0.03025	0.14943	0.02526	0.01748	0.02111	0.01271	0.01533	0.01109	0.00708	0.00632	0.00200	0.01002	0.00563	0.00370	0.01078
2	0.02647	0.02655	0.02172	0.01836	0.02377	0.25813	0.01432	0.17365	0.18029	0.03247	0.02003	0.02048	0.01541	0.00920	0.00772	0.00225	0.01017	0.00679	0.00636	0.12587
3	0.01206	0.00814	0.00952	0.00952	0.00967	0.00830	0.00560	0.01237	0.01222	0.01645	0.02576	0.05206	0.02920	0.63951	0.10945	0.00862	0.00956	0.01174	0.00497	0.00529
4	0.01085	0.00794	0.01007	0.01100	0.01224	0.00736	0.00783	0.01305	0.01806	0.02405	0.18498	0.37141	0.14612	0.06990	0.01256	0.00348	0.00499	0.06927	0.00784	0.00699
5	0.01150	0.00785	0.00938	0.00987	0.01016	0.00767	0.00600	0.01220	0.01401	0.01883	0.07804	0.23871	0.04078	0.46356	0.03090	0.00632	0.00683	0.01557	0.00610	0.00573
6	0.10396	0.09232	0.39937	0.02316	0.03284	0.02101	0.12373	0.02566	0.01716	0.02668	0.01432	0.01755	0.01072	0.00804	0.00877	0.00264	0.05038	0.00647	0.00382	0.01140
7	0.01804	0.01802	0.01796	0.01650	0.01801	0.16082	0.01273	0.02012	0.01546	0.01986	0.01792	0.02792	0.01728	0.12998	0.22257	0.00685	0.20003	0.00808	0.04383	0.00803

[dist]
# distance from previous block
# <min> <max>
6	34

[block]
# block no. 5 follows, 22 sequences, length 80
# corresponding to MSA columns:
# 450-529
name=unknown_F
#
# <colnr> <probs for GDERKNQSTAVLIFYWHMCP>
#	G	D	E	R	K	N	Q	S	T	A	V	L	I	F	Y	W	H	M	C	P
0	0.02453	0.02225	0.02853	0.09683	0.31582	0.08694	0.02081	0.21151	0.05249	0.03396	0.01738	0.02042	0.01355	0.00856	0.00820	0.00249	0.01013	0.00731	0.00557	0.01273
1	0.02038	0.14089	0.32673	0.02872	0.18712	0.10748	0.02491	0.02678	0.01857	0.02468	0.01429	0.01730	0.01123	0.00774	0.00752	0.00239	0.01150	0.00609	0.00377	0.01190
2	0.01719	0.15491	0.02005	0.01346	0.01770	0.04901	0.01105	0.02658	0.22066	0.02688	0.10150	0.04649	0.20801	0.01417	0.00843	0.00260	0.00656	0.03770	0.00708	0.00997
3	0.02032	0.01949	0.03328	0.08301	0.62611	0.01967	0.02537	0.02528	0.01880	0.02684	0.01558	0.02064	0.01305	0.00745	0.00823	0.00248	0.00993	0.00740	0.00409	0.01296
4	0.21373	0.01010	0.00974	0.00978	0.01214	0.01034	0.00702	0.01593	0.01561	0.02579	0.04075	0.17757	0.18402	0.14629	0.01443	0.00376	0.00562	0.01331	0.07689	0.00719
5	0.05087	0.01082	0.01553	0.01357	0.01624	0.01070	0.06175	0.04474	0.01627	0.08166	0.03168	0.03663	0.14359	0.02703	0.12139	0.28541	0.00958	0.00976	0.00553	0.00726
6	0.02223	0.01983	0.03089	0.04272	0.49829	0.02040	0.02278	0.14233	0.02253	0.03162	0.01683	0.02110	0.01376	0.01091	0.04481	0.00307	0.01041	0.00750	0.00495	0.01303
7	0.02413	0.02088	0.03087	0.04067	0.45210	0.02169	0.02235	0.22074	0.02544	0.03530	0.01702	0.02036	0.01347	0.00823	0.00825	0.00248	0.00963	0.00743	0.00547	0.01347
8	0.02693	0.09684	0.02392	0.01934	0.02325	0.45508	0.01498	0.05365	0.02183	0.02208	0.01591	0.06691	0.01459	0.01032	0.00912	0.00233	0.06908	0.00697	0.03730	0.00957
9	0.02657	0.02775	0.02745	0.02250	0.02777	0.31338	0.15280	0.08203	0.05156	0.08574	0.02040	0.08606	0.01734	0.01032	0.00851	0.00251	0.01214	0.00879	0.00570	0.01068
10	0.02234	0.01287	0.01528	0.01277	0.01674	0.01245	0.00991	0.14186	0.02414	0.20453	0.16470	0.04657	0.14496	0.11668	0.01392	0.00342	0.00647	0.01173	0.00843	0.01024
11	0.02109	0.57809	0.16869	0.01612	0.02427	0.03014	0.01753	0.02516	0.01701	0.02091	0.01223	0.01417	0.01063	0.00727	0.00585	0.00195	0.00957	0.00478	0.00354	0.01099
12	0.02025	0.02060	0.03867	0.04582	0.45781	0.02015	0.21994	0.02586	0.01914	0.02697	0.01601	0.02116	0.01298	0.00727	0.00874	0.00258	0.01121	0.00818	0.00414	0.01253
13	0.02043	0.02011	0.03189	0.14145	0.53507	0.05547	0.02463	0.02530	0.01884	0.02591	0.01535	0.02048	0.01272	0.00760	0.00820	0.00249	0.01032	0.00729	0.00406	0.01240
14	0.02562	0.01178	0.01539	0.01313	0.01747	0.01056	0.01030	0.02945	0.05165	0.37358	0.10981	0.16574	0.09894	0.01518	0.00910	0.00276	0.00597	0.01300	0.00931	0.01125
15	0.01187	0.00890	0.01335	0.01335	0.01483	0.01038	0.01038	0.01483	0.01335	0.01928	0.02225	0.03264	0.02077	0.06231	0.67512	0.01335	0.02225	0.00890	0.00445	0.00742
16	0.01108	0.00882	0.01017	0.01084	0.01333	0.00791	0.00881	0.01379	0.01900	0.02330	0.06999	0.08480	0.43950	0.02171	0.01040	0.00316	0.00542	0.22304	0.00769	0.00724
17	0.01966	0.01963	0.03542	0.07290	0.42080	0.01951	0.17391	0.02585	0.04689	0.02688	0.01952	0.02401	0.03986	0.00808	0.00870	0.00259	0.01058	0.00851	0.00446	0.01224
18	0.01698	0.08114	0.62960	0.02314	0.03512	0.02007	0.02976	0.02623	0.01750	0.02592	0.01472	0.01730	0.01053	0.00785	0.00775	0.00258	0.01208	0.00604	0.00351	0.01219
19	0.01271	0.00928	0.01248	0.01412	0.01609	0.00905	0.01208	0.01617	0.01894	0.02433	0.04993	0.12102	0.13645	0.02282	0.01119	0.00365	0.00701	0.48749	0.00766	0.00751
20	0.01031	0.00758	0.00932	0.01061	0.01149	0.00697	0.00708	0.01171	0.01602	0.02079	0.05097	0.49312	0.17213	0.11352	0.01456	0.00387	0.00512	0.02089	0.00736	0.00658
21	0.02899	0.03573	0.02552	0.02716	0.14846	0.54717	0.01789	0.03168	0.02264	0.02166	0.01338	0.01607	0.01118	0.00834	0.00763	0.00220	0.01399	0.00575	0.00425	0.01032
22	0.02527	0.47933	0.03659	0.01671	0.02284	0.25561	0.01485	0.02776	0.01919	0.01982	0.01200	0.01390	0.01067	0.00761	0.00608	0.00190	0.01100	0.00476	0.00381	0.01030
23	0.02044	0.01794	0.01638	0.01366	0.01826	0.13172	0.01064	0.11661	0.02287	0.03133	0.11979	0.02972	0.05319	0.01023	0.00740	0.00202	0.00733	0.00809	0.15200	0.21040
24	0.03024	0.10013	0.02534	0.02076	0.02529	0.61700	0.01589	0.03243	0.02294	0.02026	0.01272	0.01483	0.01070	0.00843	0.00730	0.00211	0.01443	0.00527	0.00422	0.00972
25	0.01027	0.00788	0.00925	0.01005	0.01158	0.00703	0.00701	0.01213	0.01765	0.02258	0.11837	0.35325	0.29759	0.06114	0.01197	0.00333	0.00467	0.01969	0.00770	0.00686
26	0.01180	0.00844	0.01118	0.01244	0.01374	0.00813	0.00957	0.01440	0.01799	0.02391	0.13355	0.28156	0.07919	0.09357	0.01405	0.00389	0.00608	0.24180	0.00762	0.00709
27	0.02056	0.01974	0.03372	0.05099	0.65622	0.01974	0.02550	0.02550	0.01892	0.02714	0.01563	0.02056	0.01316	0.00740	0.00822	0.00247	0.00987	0.00740	0.00411	0.01316
28	0.02314	0.02463	0.03121	0.04371	0.50098	0.18099	0.02317	0.02739	0.02005	0.02546	0.01494	0.01919	0.01255	0.00769	0.00804	0.00239	0.01113	0.00690	0.00415	0.01229
29	0.01014	0.00836	0.00890	0.00891	0.01145	0.00713	0.00663	0.01249	0.01948	0.02406	0.17019	0.11186	0.53031	0.02069	0.00986	0.00281	0.00420	0.01748	0.00794	0.00713
30	0.01729	0.03630	0.49480	0.02934	0.17714	0.01892	0.02855	0.02556	0.01791	0.02635	0.01777	0.02066	0.03611	0.00829	0.00804	0.00260	0.01141	0.00687	0.00381	0.01227
31	0.02107	0.02059	0.03238	0.04762	0.58971	0.05133	0.02434	0.02693	0.05458	0.02725	0.01653	0.02089	0.01374	0.00768	0.00820	0.00247	0.00993	0.00742	0.00437	0.01299
32	0.02028	0.02054	0.03831	0.04620	0.47249	0.02012	0.20555	0.02583	0.01912	0.02698	0.01598	0.02111	0.01299	0.00728	0.00870	0.00257	0.01111	0.00812	0.00414	0.01257
33	0.03103	0.03959	0.02354	0.02140	0.02568	0.67469	0.01605	0.03317	0.02354	0.02033	0.01284	0.01498	0.01070	0.00856	0.00749	0.00214	0.01498	0.00535	0.00428	0.00963
34	0.02061	0.02220	0.06743	0.14000	0.47383	0.08112	0.02455	0.02564	0.01893	0.02559	0.01520	0.02010	0.01247	0.00767	0.00815	0.00249	0.01066	0.00713	0.00403	0.01220
35	0.01314	0.01111	0.01608	0.02138	0.18477	0.01052	0.01238	0.01603	0.01835	0.02442	0.10467	0.27194	0.20014	0.01876	0.00972	0.00293	0.00605	0.04205	0.00688	0.00868
36	0.01569	0.01477	0.02492	0.68808	0.05722	0.01846	0.02307	0.02123	0.01661	0.02123	0.01477	0.02215	0.01107	0.00831	0.00831	0.00277	0.01107	0.00738	0.00369	0.00923
37	0.02014	0.01931	0.03296	0.10627	0.60425	0.01963	0.02529	0.02513	0.01872	0.02663	0.01555	0.02070	0.01298	0.00748	0.00823	0.00249	0.00997	0.00740	0.00408	0.01282
38	0.01120	0.00933	0.00990	0.00969	0.01247	0.00849	0.00728	0.01569	0.08204	0.02519	0.15890	0.09842	0.48245	0.01968	0.00971	0.00280	0.00443	0.01661	0.00799	0.00774
39	0.01012	0.00723	0.00964	0.01157	0.01205	0.00675	0.00771	0.01157	0.01591	0.02121	0.04579	0.70262	0.05495	0.02603	0.01060	0.00337	0.00482	0.02362	0.00771	0.00675
40	0.01010	0.00730	0.00957	0.01139	0.01200	0.00676	0.00763	0.01159	0.01607	0.02128	0.04793	0.66793	0.08826	0.02575	0.01056	0.00334	0.00479	0.02328	0.00771	0.00676
41	0.01549	0.00774	0.00774	0.00774	0.00968	0.00774	0.00581	0.01936	0.01742	0.03097	0.02710	0.03097	0.02129	0.00968	0.00581	0.00194	0.00387	0.00774	0.75416	0.00774
42	0.01137	0.00824	0.01097	0.01259	0.01386	0.00785	0.00965	0.01386	0.01774	0.02330	0.08208	0.39550	0.10320	0.02400	0.01081	0.00345	0.00574	0.23085	0.00777	0.00716
43	0.01187	0.00890	0.01335	0.01335	0.01483	0.01038	0.01038	0.01483	0.01335	0.01928	0.02225	0.03264	0.02077	0.06231	0.67512	0.01335	0.02225	0.00890	0.00445	0.00742
44	0.01181	0.00797	0.00925	0.00947	0.00964	0.00787	0.00554	0.01222	0.01323	0.01776	0.06438	0.13962	0.03618	0.57945	0.03629	0.00713	0.00740	0.01376	0.00562	0.00542
45	0.01666	0.04297	0.66500	0.02368	0.03596	0.01929	0.03069	0.02631	0.01754	0.02631	0.01491	0.01754	0.01052	0.00789	0.00789	0.00263	0.01228	0.00614	0.00351	0.01228
46	0.01012	0.00723	0.00964	0.01157	0.01205	0.00675	0.00771	0.01157	0.01591	0.02121	0.04579	0.70262	0.05495	0.02603	0.01060	0.00337	0.00482	0.02362	0.00771	0.00675
47	0.01078	0.00815	0.00996	0.01015	0.01198	0.00732	0.00737	0.01354	0.02025	0.02708	0.33314	0.23134	0.23775	0.02047	0.01001	0.00286	0.00423	0.01795	0.00837	0.00732
48	0.01051	0.00739	0.00952	0.01106	0.01145	0.00701	0.00717	0.01167	0.01514	0.02018	0.04186	0.57264	0.04998	0.16278	0.01696	0.00431	0.00547	0.02130	0.00717	0.00640
49	0.01345	0.01167	0.01499	0.01448	0.01542	0.04444	0.04443	0.01498	0.01512	0.02012	0.03244	0.37262	0.03763	0.17647	0.02025	0.00438	0.11724	0.01667	0.00608	0.00714
50	0.15676	0.05202	0.02797	0.09793	0.36540	0.11398	0.02043	0.02597	0.01841	0.02711	0.01423	0.01831	0.01175	0.00770	0.00744	0.00244	0.01005	0.00645	0.00426	0.01142
