[name]
unknown

[dist]
# distance from previous block
# <min> <max>
0	2

[block]
# block no. 0 follows, 22 sequences, length 47
# corresponding to MSA columns:
# 2-48
name=unknown_A
#
# <colnr> <probs for GDERKNQSTAVLIFYWHMCP>
#	G	D	E	R	K	N	Q	S	T	A	V	L	I	F	Y	W	H	M	C	P
0	0.01389	0.01028	0.01482	0.01782	0.06228	0.01028	0.01424	0.01780	0.01911	0.02502	0.04199	0.08855	0.04537	0.02185	0.01125	0.00373	0.00781	0.55849	0.00740	0.00804
1	0.02303	0.01607	0.02419	0.12722	0.24591	0.01644	0.01828	0.06996	0.05380	0.17418	0.02520	0.10167	0.02129	0.01127	0.00868	0.00271	0.00853	0.03308	0.00654	0.01194
2	0.02316	0.15450	0.17834	0.02888	0.21013	0.12442	0.02180	0.11283	0.02182	0.02811	0.01491	0.01760	0.01185	0.00801	0.00752	0.00233	0.01093	0.00627	0.00450	0.01209
3	0.10152	0.11539	0.16477	0.09180	0.02862	0.01806	0.06394	0.02406	0.01778	0.05724	0.06054	0.02104	0.01633	0.00811	0.00720	0.00221	0.00893	0.00661	0.00482	0.18102
4	0.01174	0.00878	0.01309	0.01322	0.01464	0.01012	0.01019	0.01460	0.01353	0.01942	0.02393	0.08050	0.02321	0.05971	0.62765	0.01264	0.02101	0.00995	0.00468	0.00737
5	0.01026	0.00764	0.00961	0.01110	0.01220	0.00699	0.00776	0.01201	0.01679	0.02172	0.05423	0.52459	0.18779	0.02472	0.01048	0.00328	0.00487	0.05939	0.00771	0.00686
6	0.03158	0.02327	0.02493	0.01911	0.02576	0.02576	0.01579	0.62852	0.03906	0.05236	0.01995	0.01995	0.01413	0.00997	0.00831	0.00249	0.00914	0.00748	0.00831	0.01413
7	0.03103	0.03959	0.02354	0.02140	0.02568	0.67469	0.01605	0.03317	0.02354	0.02033	0.01284	0.01498	0.01070	0.00856	0.00749	0.00214	0.01498	0.00535	0.00428	0.00963
8	0.02056	0.01974	0.03372	0.05099	0.65622	0.01974	0.02550	0.02550	0.01892	0.02714	0.01563	0.02056	0.01316	0.00740	0.00822	0.00247	0.00987	0.00740	0.00411	0.01316
9	0.02011	0.01928	0.03291	0.10935	0.60135	0.01962	0.02527	0.02510	0.01870	0.02660	0.01555	0.02071	0.01297	0.00748	0.00823	0.00249	0.00998	0.00740	0.00407	0.01280
10	0.01038	0.00844	0.00920	0.00901	0.01157	0.00725	0.00675	0.01301	0.02026	0.02559	0.24879	0.07476	0.48626	0.01986	0.00981	0.00275	0.00412	0.01681	0.00813	0.00725
11	0.01187	0.00890	0.01335	0.01335	0.01483	0.01038	0.01038	0.01483	0.01335	0.01928	0.02225	0.03264	0.02077	0.06231	0.67512	0.01335	0.02225	0.00890	0.00445	0.00742
12	0.01728	0.11750	0.59587	0.02263	0.03433	0.02080	0.02886	0.02615	0.01747	0.02556	0.01453	0.01707	0.01054	0.00781	0.00761	0.00254	0.01190	0.00595	0.00351	0.01210
13	0.01012	0.00723	0.00964	0.01157	0.01205	0.00675	0.00771	0.01157	0.01591	0.02121	0.04579	0.70262	0.05495	0.02603	0.01060	0.00337	0.00482	0.02362	0.00771	0.00675
14	0.00997	0.00783	0.00902	0.00997	0.01163	0.00688	0.00700	0.01175	0.01744	0.02183	0.06519	0.38768	0.35736	0.02350	0.01021	0.00309	0.00451	0.02054	0.00771	0.00688
15	0.03020	0.02240	0.02298	0.01812	0.02408	0.07327	0.01478	0.48043	0.03446	0.09081	0.02080	0.02132	0.01500	0.01222	0.03806	0.00293	0.00975	0.00746	0.04779	0.01314
16	0.02348	0.02337	0.05976	0.02118	0.02721	0.09418	0.11634	0.14922	0.32321	0.03467	0.02505	0.02500	0.01872	0.00984	0.00851	0.00267	0.00952	0.00848	0.00700	0.01258
17	0.18828	0.07210	0.12016	0.02147	0.07659	0.34143	0.01739	0.02911	0.01982	0.02545	0.01303	0.01541	0.01050	0.00810	0.00697	0.00231	0.01193	0.00540	0.00430	0.01024
18	0.07737	0.02318	0.06413	0.02291	0.11752	0.09416	0.01672	0.17529	0.23018	0.05976	0.02268	0.02285	0.01698	0.00958	0.00800	0.00257	0.00898	0.00760	0.00683	0.01268
19	0.01187	0.00890	0.01335	0.01335	0.01483	0.01038	0.01038	0.01483	0.01335	0.01928	0.02225	0.03264	0.02077	0.06231	0.67512	0.01335	0.02225	0.00890	0.00445	0.00742
20	0.01778	0.02539	0.22567	0.28860	0.09386	0.05624	0.02370	0.05571	0.01839	0.02476	0.01574	0.02101	0.01212	0.01321	0.06998	0.00363	0.01251	0.00702	0.00402	0.01064
21	0.68339	0.01592	0.01362	0.08606	0.02063	0.01862	0.01056	0.02407	0.01441	0.03549	0.01192	0.01446	0.00923	0.00778	0.00549	0.00259	0.00694	0.00482	0.00498	0.00902
22	0.01413	0.01264	0.02167	0.01854	0.02116	0.01429	0.12890	0.01773	0.01447	0.02077	0.01980	0.02888	0.01798	0.04578	0.46719	0.01012	0.10442	0.00887	0.00430	0.00835
23	0.01685	0.04183	0.63407	0.02502	0.06635	0.01931	0.03044	0.02627	0.01761	0.02635	0.01494	0.01769	0.01065	0.00787	0.00791	0.00262	0.01216	0.00620	0.00354	0.01232
24	0.12311	0.06436	0.17969	0.07931	0.15254	0.21615	0.02095	0.02747	0.01904	0.02542	0.01380	0.01698	0.01094	0.00797	0.00737	0.00241	0.01156	0.00594	0.00409	0.01089
25	0.16946	0.11052	0.23288	0.12973	0.03184	0.04644	0.02032	0.11589	0.02010	0.03053	0.01449	0.01726	0.01088	0.00817	0.00715	0.00250	0.01013	0.00599	0.00462	0.01110
26	0.00983	0.00835	0.00848	0.00858	0.01126	0.00700	0.00639	0.01190	0.01877	0.02238	0.08212	0.11298	0.62113	0.02130	0.00986	0.00284	0.00424	0.01786	0.00771	0.00700
27	0.01749	0.01618	0.02698	0.12784	0.42677	0.01657	0.02106	0.02171	0.01791	0.02497	0.02247	0.17816	0.02252	0.01182	0.00878	0.00272	0.00887	0.01114	0.00489	0.01115
28	0.05894	0.07561	0.29223	0.17258	0.03368	0.01789	0.02145	0.02305	0.04199	0.02493	0.02759	0.02977	0.12615	0.01041	0.00801	0.00264	0.00975	0.00838	0.00460	0.01036
29	0.02386	0.01173	0.01471	0.01224	0.01672	0.01040	0.00976	0.05280	0.02299	0.32177	0.17330	0.04978	0.21543	0.01475	0.00907	0.00264	0.00569	0.01234	0.00922	0.01079
30	0.01206	0.00809	0.00921	0.00916	0.00930	0.00804	0.00523	0.01234	0.01290	0.01734	0.07087	0.05491	0.03364	0.65867	0.03996	0.00767	0.00776	0.01229	0.00533	0.00523
31	0.01666	0.04297	0.66500	0.02368	0.03596	0.01929	0.03069	0.02631	0.01754	0.02631	0.01491	0.01754	0.01052	0.00789	0.00789	0.00263	0.01228	0.00614	0.00351	0.01228
32	0.01925	0.01926	0.02103	0.20066	0.05737	0.13759	0.01606	0.02580	0.12842	0.02261	0.01949	0.02789	0.01724	0.14157	0.01714	0.00376	0.10233	0.00824	0.00492	0.00937
33	0.01658	0.01567	0.02652	0.57187	0.16648	0.01869	0.02351	0.02200	0.01703	0.02230	0.01492	0.02186	0.01145	0.00814	0.00829	0.00271	0.01085	0.00739	0.00377	0.00995
34	0.01190	0.00879	0.01277	0.01277	0.01406	0.01007	0.00966	0.01446	0.01318	0.01886	0.02278	0.03557	0.02204	0.14942	0.58975	0.01264	0.02034	0.00933	0.00453	0.00710
35	0.01979	0.01289	0.01358	0.01284	0.01602	0.04978	0.01031	0.05308	0.11424	0.09905	0.03128	0.04298	0.02669	0.01283	0.00793	0.00259	0.00633	0.13742	0.32072	0.00963
36	0.02417	0.02715	0.02839	0.12489	0.31876	0.28616	0.02132	0.02804	0.02049	0.02357	0.01438	0.01850	0.01188	0.00800	0.00794	0.00237	0.01211	0.00656	0.00412	0.01119
37	0.01035	0.00795	0.00958	0.01050	0.01207	0.00704	0.00733	0.01222	0.01732	0.02240	0.08639	0.44213	0.25156	0.02324	0.01015	0.00307	0.00462	0.02053	0.00768	0.03386
38	0.01012	0.00723	0.00964	0.01157	0.01205	0.00675	0.00771	0.01157	0.01591	0.02121	0.04579	0.70262	0.05495	0.02603	0.01060	0.00337	0.00482	0.02362	0.00771	0.00675
39	0.02755	0.02848	0.02219	0.01934	0.02428	0.30585	0.01499	0.16710	0.24133	0.03234	0.02167	0.02162	0.01654	0.00981	0.00800	0.00245	0.01079	0.00722	0.00661	0.01183
40	0.01187	0.00890	0.01335	0.01335	0.01483	0.01038	0.01038	0.01483	0.01335	0.01928	0.02225	0.03264	0.02077	0.06231	0.67512	0.01335	0.02225	0.00890	0.00445	0.00742
41	0.01039	0.00734	0.00956	0.01123	0.01165	0.00692	0.00735	0.01164	0.01539	0.02052	0.04314	0.61517	0.05161	0.11803	0.01488	0.00401	0.00526	0.02206	0.00735	0.00652
42	0.13509	0.02456	0.01878	0.04838	0.02230	0.26493	0.01306	0.15319	0.02375	0.03191	0.01735	0.01964	0.01350	0.00896	0.00699	0.00226	0.00988	0.00629	0.16912	0.01005
43	0.01998	0.02229	0.13837	0.02290	0.11880	0.01811	0.04207	0.10604	0.16436	0.03165	0.02172	0.05811	0.01765	0.00942	0.00797	0.00237	0.00853	0.00806	0.00592	0.17567
44	0.02418	0.48328	0.03655	0.01560	0.02233	0.10486	0.01432	0.11111	0.02083	0.02487	0.01314	0.01476	0.01128	0.00761	0.00607	0.00188	0.00942	0.00502	0.00442	0.06848
45	0.02922	0.03587	0.02331	0.02197	0.05024	0.56038	0.01604	0.03435	0.10668	0.02255	0.01578	0.01736	0.01278	0.00888	0.00765	0.00224	0.01364	0.00598	0.00484	0.01025
46	0.02109	0.02195	0.02839	0.03967	0.45036	0.14147	0.02113	0.02511	0.01979	0.02522	0.02435	0.02752	0.09899	0.00946	0.00830	0.00245	0.01007	0.00838	0.00463	0.01166

[dist]
# distance from previous block
# <min> <max>
0	3

[block]
# block no. 1 follows, 22 sequences, length 47
# corresponding to MSA columns:
# 52-98
name=unknown_B
#
# <colnr> <probs for GDERKNQSTAVLIFYWHMCP>
#	G	D	E	R	K	N	Q	S	T	A	V	L	I	F	Y	W	H	M	C	P
0	0.01564	0.02050	0.17270	0.10448	0.02837	0.04514	0.08498	0.02103	0.01638	0.02335	0.01905	0.02558	0.01579	0.02804	0.25271	0.00650	0.01517	0.00786	0.08737	0.00936
1	0.01957	0.18139	0.03264	0.02143	0.02592	0.09506	0.16309	0.02312	0.01670	0.02139	0.01508	0.02075	0.01331	0.02032	0.15150	0.00487	0.15284	0.00736	0.00400	0.00968
2	0.02019	0.10480	0.47256	0.02232	0.03244	0.15792	0.02609	0.02761	0.01874	0.02442	0.01416	0.01661	0.01057	0.00796	0.00757	0.00245	0.01253	0.00582	0.00367	0.01157
3	0.01360	0.00947	0.01028	0.00966	0.01275	0.00832	0.00729	0.01679	0.04818	0.09426	0.10233	0.06959	0.48916	0.05733	0.01139	0.00306	0.00483	0.01570	0.00796	0.00802
4	0.00994	0.00842	0.00859	0.00855	0.01130	0.00707	0.00641	0.01216	0.01923	0.02314	0.12048	0.07880	0.61609	0.02078	0.00982	0.00279	0.00419	0.01737	0.00781	0.00707
5	0.03158	0.02327	0.02493	0.01911	0.02576	0.02576	0.01579	0.62852	0.03906	0.05236	0.01995	0.01995	0.01413	0.00997	0.00831	0.00249	0.00914	0.00748	0.00831	0.01413
6	0.01016	0.00788	0.00929	0.01036	0.01195	0.00701	0.00739	0.01202	0.01742	0.02194	0.06270	0.39502	0.31962	0.02366	0.01030	0.00315	0.00470	0.05083	0.00771	0.00691
7	0.02017	0.01939	0.03281	0.08414	0.59054	0.01997	0.02498	0.02498	0.01847	0.02645	0.01533	0.02052	0.01293	0.00782	0.00922	0.00254	0.04555	0.00739	0.00406	0.01273
8	0.01028	0.00775	0.00955	0.01078	0.01208	0.00702	0.00758	0.01218	0.01737	0.02245	0.09272	0.45916	0.22598	0.02393	0.01037	0.00319	0.00472	0.04816	0.00779	0.00693
9	0.01961	0.02241	0.04902	0.03501	0.04342	0.02101	0.62605	0.02661	0.01961	0.02661	0.01681	0.02241	0.01261	0.00700	0.00980	0.00280	0.01401	0.00980	0.00420	0.01120
10	0.01937	0.02040	0.03879	0.07585	0.21121	0.02135	0.30581	0.02471	0.01792	0.02517	0.01522	0.02107	0.01234	0.00864	0.01262	0.00287	0.14291	0.00850	0.00404	0.01123
11	0.01200	0.00838	0.01071	0.01071	0.01128	0.00895	0.00709	0.01314	0.01257	0.01733	0.02467	0.04602	0.02658	0.46020	0.28518	0.01009	0.01350	0.01086	0.00481	0.00595
12	0.00982	0.00842	0.00842	0.00842	0.01122	0.00701	0.00631	0.01192	0.01894	0.02244	0.08416	0.07995	0.65285	0.02104	0.00982	0.00281	0.00421	0.01753	0.00771	0.00701
13	0.03103	0.03959	0.02354	0.02140	0.02568	0.67469	0.01605	0.03317	0.02354	0.02033	0.01284	0.01498	0.01070	0.00856	0.00749	0.00214	0.01498	0.00535	0.00428	0.00963
14	0.01702	0.07676	0.60301	0.02310	0.03454	0.02029	0.02926	0.02594	0.01728	0.02566	0.01455	0.01735	0.01055	0.00816	0.00866	0.00263	0.04358	0.00610	0.00352	0.01205
15	0.02503	0.02989	0.02140	0.01958	0.02269	0.44246	0.01499	0.02733	0.01988	0.02005	0.01480	0.01947	0.01307	0.02179	0.16527	0.00493	0.09769	0.00641	0.00424	0.00905
16	0.01012	0.00723	0.00964	0.01157	0.01205	0.00675	0.00771	0.01157	0.01591	0.02121	0.04579	0.70262	0.05495	0.02603	0.01060	0.00337	0.00482	0.02362	0.00771	0.00675
17	0.03045	0.02618	0.02407	0.01939	0.02536	0.16129	0.01560	0.44921	0.09200	0.04400	0.01975	0.01994	0.01446	0.00980	0.00815	0.00245	0.01013	0.00721	0.00748	0.01309
18	0.01194	0.00808	0.00902	0.00902	0.00920	0.00799	0.00512	0.01207	0.01252	0.01651	0.02989	0.05600	0.07004	0.66409	0.04021	0.00772	0.00781	0.01243	0.00521	0.00516
19	0.18330	0.02559	0.02249	0.02038	0.06361	0.20763	0.01533	0.22713	0.02523	0.03492	0.01490	0.01703	0.01166	0.00944	0.00951	0.00253	0.08622	0.00622	0.00572	0.01116
20	0.02343	0.32608	0.20418	0.01896	0.02659	0.22662	0.01920	0.02781	0.01911	0.02160	0.01285	0.01497	0.01064	0.00777	0.00668	0.00212	0.01167	0.00518	0.00376	0.01078
21	0.02658	0.01966	0.02144	0.01743	0.02270	0.02154	0.01397	0.47207	0.06218	0.04501	0.02601	0.16353	0.02320	0.01340	0.00880	0.00269	0.00812	0.01095	0.00819	0.01254
22	0.02058	0.01930	0.03024	0.04306	0.50849	0.01995	0.02262	0.02984	0.16377	0.02891	0.01986	0.02299	0.01600	0.00830	0.00828	0.00255	0.00910	0.00787	0.00512	0.01316
23	0.03190	0.02276	0.02462	0.01887	0.02551	0.02501	0.01559	0.59587	0.03821	0.08621	0.02066	0.02041	0.01449	0.00999	0.00831	0.00250	0.00903	0.00753	0.00842	0.01413
24	0.01187	0.00890	0.01335	0.01335	0.01483	0.01038	0.01038	0.01483	0.01335	0.01928	0.02225	0.03264	0.02077	0.06231	0.67512	0.01335	0.02225	0.00890	0.00445	0.00742
25	0.01208	0.00805	0.00906	0.00906	0.00906	0.00805	0.00503	0.01208	0.01208	0.01611	0.02618	0.05436	0.03020	0.70804	0.04228	0.00805	0.00805	0.01208	0.00503	0.00503
26	0.01208	0.00805	0.00906	0.00906	0.00906	0.00805	0.00503	0.01208	0.01208	0.01611	0.02618	0.05436	0.03020	0.70804	0.04228	0.00805	0.00805	0.01208	0.00503	0.00503
27	0.76672	0.01607	0.01221	0.01092	0.01607	0.01864	0.00900	0.02442	0.01414	0.03727	0.01157	0.01350	0.00900	0.00771	0.00514	0.00257	0.00643	0.00450	0.00514	0.00900
28	0.01208	0.00805	0.00906	0.00906	0.00906	0.00805	0.00503	0.01208	0.01208	0.01611	0.02618	0.05436	0.03020	0.70804	0.04228	0.00805	0.00805	0.01208	0.00503	0.00503
29	0.03158	0.02327	0.02493	0.01911	0.02576	0.02576	0.01579	0.62852	0.03906	0.05236	0.01995	0.01995	0.01413	0.00997	0.00831	0.00249	0.00914	0.00748	0.00831	0.01413
30	0.02056	0.01974	0.03372	0.05099	0.65622	0.01974	0.02550	0.02550	0.01892	0.02714	0.01563	0.02056	0.01316	0.00740	0.00822	0.00247	0.00987	0.00740	0.00411	0.01316
31	0.01666	0.04297	0.66500	0.02368	0.03596	0.01929	0.03069	0.02631	0.01754	0.02631	0.01491	0.01754	0.01052	0.00789	0.00789	0.00263	0.01228	0.00614	0.00351	0.01228
32	0.01012	0.00723	0.00964	0.01157	0.01205	0.00675	0.00771	0.01157	0.01591	0.02121	0.04579	0.70262	0.05495	0.02603	0.01060	0.00337	0.00482	0.02362	0.00771	0.00675
33	0.01005	0.00751	0.00935	0.01083	0.01186	0.00681	0.00739	0.01165	0.01661	0.02149	0.05472	0.55768	0.19413	0.02487	0.01042	0.00324	0.00468	0.02220	0.00771	0.00681
34	0.01403	0.01003	0.01216	0.01109	0.01311	0.00988	0.00807	0.08292	0.02258	0.03142	0.43601	0.05559	0.06003	0.17707	0.01719	0.00387	0.00546	0.01350	0.00810	0.00788
35	0.01818	0.01818	0.02545	0.02181	0.02181	0.02545	0.01818	0.01999	0.01272	0.01999	0.01091	0.01818	0.01091	0.01454	0.02726	0.00364	0.69284	0.00727	0.00364	0.00909
36	0.01886	0.01100	0.01135	0.01013	0.01305	0.01152	0.00790	0.14703	0.02196	0.03545	0.02560	0.02866	0.01979	0.00974	0.00633	0.00205	0.00498	0.00769	0.59785	0.00908
37	0.01107	0.00790	0.01072	0.01265	0.01354	0.00756	0.00935	0.01320	0.01684	0.02226	0.04527	0.52650	0.05288	0.02514	0.01086	0.00350	0.00564	0.19042	0.00769	0.00701
38	0.01887	0.01801	0.03067	0.27183	0.44859	0.01929	0.02466	0.02402	0.01812	0.02509	0.01533	0.02111	0.01244	0.00772	0.00825	0.00257	0.01029	0.00740	0.00397	0.01180
39	0.01131	0.00847	0.01048	0.00998	0.01213	0.00765	0.00748	0.01480	0.02245	0.03078	0.51969	0.06622	0.21211	0.01793	0.00980	0.00266	0.00399	0.01561	0.00881	0.00765
40	0.01187	0.00890	0.01335	0.01335	0.01483	0.01038	0.01038	0.01483	0.01335	0.01928	0.02225	0.03264	0.02077	0.06231	0.67512	0.01335	0.02225	0.00890	0.00445	0.00742
41	0.01202	0.00830	0.01030	0.01030	0.01072	0.00873	0.00657	0.01287	0.01245	0.01702	0.02505	0.04811	0.02749	0.52207	0.22454	0.00958	0.01214	0.01117	0.00487	0.00572
42	0.01768	0.01502	0.01743	0.01590	0.01889	0.08686	0.03464	0.05577	0.09994	0.05284	0.02289	0.02919	0.01959	0.04228	0.42103	0.00923	0.01765	0.00850	0.00543	0.00924
43	0.02164	0.26898	0.24543	0.01869	0.02698	0.16040	0.01966	0.02666	0.01854	0.02282	0.01331	0.01552	0.01081	0.00757	0.00674	0.00208	0.01100	0.00526	0.00384	0.09410
44	0.01700	0.02930	0.36658	0.02339	0.09861	0.01611	0.05640	0.02377	0.01837	0.06612	0.03027	0.06725	0.12856	0.01127	0.00856	0.00269	0.00993	0.00961	0.00503	0.01119
45	0.01296	0.01769	0.17898	0.01809	0.07566	0.01151	0.01522	0.01691	0.01630	0.02267	0.03372	0.34896	0.06038	0.05447	0.07315	0.00423	0.00892	0.01556	0.00589	0.00872
46	0.02031	0.01527	0.08673	0.01394	0.01828	0.01313	0.01239	0.11073	0.02037	0.12944	0.02416	0.02795	0.01878	0.02524	0.20543	0.00558	0.01153	0.00797	0.22268	0.01009

[dist]
# distance from previous block
# <min> <max>
0	78

[block]
# block no. 2 follows, 22 sequences, length 108
# corresponding to MSA columns:
# 177-284
name=unknown_C
#
# <colnr> <probs for GDERKNQSTAVLIFYWHMCP>
#	G	D	E	R	K	N	Q	S	T	A	V	L	I	F	Y	W	H	M	C	P
0	0.12254	0.13779	0.05870	0.04723	0.02301	0.14772	0.05184	0.02499	0.04596	0.04983	0.02424	0.02755	0.08670	0.04852	0.06653	0.00361	0.01076	0.00783	0.00507	0.00957
1	0.02589	0.08239	0.05778	0.04835	0.05068	0.09836	0.01461	0.15245	0.02419	0.16952	0.02745	0.02745	0.08438	0.01027	0.00784	0.00235	0.00871	0.00801	0.04065	0.05865
2	0.05555	0.06682	0.12979	0.02193	0.12303	0.06943	0.01712	0.06616	0.09118	0.10335	0.02409	0.05675	0.04426	0.01003	0.00779	0.00245	0.00874	0.00815	0.04047	0.05290
3	0.02698	0.05276	0.02319	0.01831	0.02358	0.13448	0.05224	0.14571	0.17128	0.15121	0.02467	0.02694	0.01878	0.01144	0.00965	0.04425	0.00929	0.03612	0.00724	0.01187
4	0.10550	0.43680	0.22244	0.01662	0.02502	0.02726	0.01846	0.02524	0.01676	0.02355	0.01254	0.01458	0.01043	0.00741	0.00606	0.00212	0.00960	0.00495	0.00372	0.01095
5	0.01820	0.08897	0.33039	0.02568	0.16206	0.01816	0.02308	0.02463	0.01840	0.06596	0.02695	0.02845	0.11408	0.00997	0.00808	0.00255	0.00985	0.00822	0.00474	0.01161
6	0.01779	0.02317	0.22068	0.21066	0.09151	0.01684	0.02137	0.05845	0.01871	0.06520	0.02403	0.02868	0.07580	0.05046	0.03876	0.00342	0.01062	0.00838	0.00486	0.01060
7	0.01131	0.00849	0.01063	0.01204	0.01310	0.00835	0.00827	0.01530	0.08735	0.02280	0.04607	0.59935	0.07718	0.02413	0.01032	0.00329	0.00499	0.02173	0.00780	0.00749
8	0.01161	0.00832	0.00988	0.01019	0.01113	0.00818	0.00688	0.01283	0.01450	0.01889	0.04012	0.10151	0.15505	0.38950	0.10308	0.00692	0.00867	0.07077	0.00592	0.00606
9	0.06440	0.06267	0.18113	0.07097	0.31089	0.01983	0.05137	0.02707	0.04185	0.06768	0.01678	0.02009	0.01295	0.00788	0.00790	0.00253	0.01014	0.00701	0.00454	0.01232
10	0.01539	0.01905	0.13265	0.15282	0.09090	0.01639	0.04635	0.02120	0.05371	0.02374	0.03190	0.07689	0.14426	0.01511	0.04086	0.00334	0.09007	0.01053	0.00510	0.00976
11	0.00995	0.00790	0.00894	0.00977	0.01158	0.00690	0.00691	0.01177	0.01763	0.02191	0.06763	0.34818	0.39529	0.02319	0.01016	0.00305	0.00447	0.02015	0.00771	0.00690
12	0.01793	0.03511	0.44588	0.03167	0.19307	0.01957	0.08733	0.02613	0.01809	0.02655	0.01527	0.01878	0.01139	0.00768	0.00816	0.00261	0.01184	0.00681	0.00373	0.01240
13	0.02154	0.16683	0.06524	0.07844	0.34598	0.09714	0.05993	0.02608	0.01885	0.02434	0.01445	0.01850	0.01207	0.00753	0.00763	0.00233	0.01070	0.00664	0.00397	0.01182
14	0.02912	0.07587	0.06296	0.02277	0.06082	0.56457	0.01733	0.03189	0.02257	0.02102	0.01305	0.01535	0.01082	0.00838	0.00744	0.00217	0.01420	0.00546	0.00419	0.01004
15	0.02407	0.01243	0.01583	0.04329	0.01908	0.01155	0.01075	0.07843	0.02370	0.29910	0.18823	0.04598	0.16417	0.01398	0.00899	0.00263	0.00609	0.01172	0.00901	0.01095
16	0.02101	0.38051	0.07159	0.09981	0.15403	0.05877	0.01874	0.02476	0.01736	0.02170	0.01294	0.01640	0.01122	0.00788	0.00788	0.00221	0.05282	0.00569	0.00372	0.01094
17	0.01536	0.04144	0.05503	0.05899	0.02179	0.01325	0.09040	0.04747	0.01882	0.04906	0.13030	0.22886	0.06440	0.08325	0.01338	0.00340	0.03525	0.01431	0.00654	0.00869
18	0.01023	0.00809	0.00906	0.00949	0.01145	0.00709	0.00677	0.01224	0.01826	0.02294	0.13213	0.23912	0.40056	0.05979	0.01181	0.00322	0.00455	0.01855	0.00772	0.00692
19	0.02184	0.37795	0.22704	0.01902	0.02728	0.12998	0.04372	0.02669	0.01824	0.02198	0.01297	0.01521	0.01070	0.00757	0.00662	0.00213	0.01107	0.00531	0.00368	0.01100
20	0.01339	0.00956	0.01339	0.01530	0.01721	0.00956	0.01339	0.01721	0.01912	0.02486	0.04399	0.09371	0.04781	0.02295	0.01147	0.00382	0.00765	0.60031	0.00765	0.00765
21	0.06892	0.17366	0.32658	0.02129	0.06338	0.05252	0.02227	0.07409	0.04472	0.05622	0.01590	0.01767	0.01194	0.00813	0.00727	0.00241	0.01049	0.00605	0.00457	0.01192
22	0.10536	0.01901	0.03071	0.08648	0.54555	0.01953	0.02346	0.02510	0.01823	0.02792	0.01511	0.01985	0.01255	0.00749	0.00788	0.00250	0.00955	0.00707	0.00420	0.01244
23	0.01009	0.00736	0.00950	0.01121	0.01195	0.00678	0.00755	0.01161	0.01625	0.02135	0.05016	0.63160	0.12314	0.02546	0.01051	0.00331	0.00475	0.02292	0.00771	0.00678
24	0.01818	0.01818	0.02545	0.02181	0.02181	0.02545	0.01818	0.01999	0.01272	0.01999	0.01091	0.01818	0.01091	0.01454	0.02726	0.00364	0.69284	0.00727	0.00364	0.00909
25	0.01481	0.19747	0.06501	0.01572	0.01960	0.01607	0.08142	0.01774	0.01669	0.02171	0.03147	0.39934	0.03559	0.01770	0.00895	0.00284	0.00742	0.01586	0.00595	0.00864
26	0.01022	0.00804	0.00923	0.00975	0.01167	0.00705	0.00700	0.01239	0.01866	0.02372	0.15945	0.27884	0.37045	0.02203	0.01007	0.00296	0.00436	0.01912	0.00793	0.00705
27	0.01187	0.00890	0.01335	0.01335	0.01483	0.01038	0.01038	0.01483	0.01335	0.01928	0.02225	0.03264	0.02077	0.06231	0.67512	0.01335	0.02225	0.00890	0.00445	0.00742
28	0.01480	0.00781	0.00801	0.00801	0.00955	0.00781	0.00565	0.01790	0.01635	0.02799	0.02691	0.03567	0.02308	0.15000	0.01314	0.00317	0.00471	0.00861	0.60364	0.00720
29	0.02263	0.68078	0.04257	0.01456	0.02153	0.06362	0.01430	0.02527	0.01720	0.01958	0.01161	0.01341	0.01066	0.00718	0.00543	0.00179	0.00918	0.00449	0.00359	0.01061
30	0.01666	0.04297	0.66500	0.02368	0.03596	0.01929	0.03069	0.02631	0.01754	0.02631	0.01491	0.01754	0.01052	0.00789	0.00789	0.00263	0.01228	0.00614	0.00351	0.01228
31	0.01187	0.00890	0.01335	0.01335	0.01483	0.01038	0.01038	0.01483	0.01335	0.01928	0.02225	0.03264	0.02077	0.06231	0.67512	0.01335	0.02225	0.00890	0.00445	0.00742
32	0.01208	0.00805	0.00906	0.00906	0.00906	0.00805	0.00503	0.01208	0.01208	0.01611	0.02618	0.05436	0.03020	0.70804	0.04228	0.00805	0.00805	0.01208	0.00503	0.00503
33	0.01188	0.00885	0.01310	0.01310	0.01449	0.01025	0.01007	0.01467	0.01328	0.01910	0.02248	0.03391	0.02132	0.10031	0.63788	0.01304	0.02142	0.00909	0.00448	0.00728
34	0.01031	0.00822	0.00932	0.01006	0.01213	0.00723	0.00750	0.01243	0.01813	0.02238	0.06911	0.25131	0.42080	0.02262	0.01022	0.00308	0.00477	0.08566	0.00771	0.00701
35	0.01208	0.00805	0.00906	0.00906	0.00906	0.00805	0.00503	0.01208	0.01208	0.01611	0.02618	0.05436	0.03020	0.70804	0.04228	0.00805	0.00805	0.01208	0.00503	0.00503
36	0.02033	0.01950	0.03329	0.08183	0.62723	0.01968	0.02538	0.02529	0.01880	0.02685	0.01558	0.02064	0.01306	0.00745	0.00823	0.00248	0.00993	0.00740	0.00409	0.01297
37	0.03107	0.03857	0.02363	0.02126	0.02569	0.63389	0.01603	0.07060	0.02452	0.02235	0.01329	0.01529	0.01092	0.00865	0.00754	0.00216	0.01461	0.00548	0.00453	0.00991
38	0.01057	0.00845	0.00946	0.00920	0.01168	0.00733	0.00690	0.01337	0.02071	0.02665	0.30370	0.07303	0.43068	0.01947	0.00981	0.00273	0.00410	0.01656	0.00827	0.00733
39	0.01052	0.00758	0.01005	0.01189	0.01266	0.00711	0.00836	0.01229	0.01645	0.02172	0.04733	0.59784	0.08162	0.02541	0.01068	0.00340	0.00515	0.09538	0.00770	0.00687
40	0.01519	0.01232	0.01688	0.01544	0.01643	0.01576	0.01244	0.01791	0.01402	0.02221	0.01885	0.02652	0.01697	0.03143	0.26642	0.00691	0.28415	0.00799	0.17400	0.00815
41	0.01154	0.00848	0.01081	0.01023	0.01228	0.00775	0.00767	0.01526	0.02301	0.03211	0.58895	0.06404	0.14203	0.01743	0.00980	0.00263	0.00395	0.01530	0.00899	0.00775
42	0.01012	0.00723	0.00964	0.01157	0.01205	0.00675	0.00771	0.01157	0.01591	0.02121	0.04579	0.70262	0.05495	0.02603	0.01060	0.00337	0.00482	0.02362	0.00771	0.00675
43	0.02056	0.01974	0.03372	0.05099	0.65622	0.01974	0.02550	0.02550	0.01892	0.02714	0.01563	0.02056	0.01316	0.00740	0.00822	0.00247	0.00987	0.00740	0.00411	0.01316
44	0.05323	0.02391	0.17282	0.12832	0.11832	0.01954	0.02070	0.14993	0.07414	0.12770	0.02011	0.02173	0.01437	0.00894	0.00809	0.00261	0.00964	0.00731	0.00608	0.01251
45	0.01549	0.00774	0.00774	0.00774	0.00968	0.00774	0.00581	0.01936	0.01742	0.03097	0.02710	0.03097	0.02129	0.00968	0.00581	0.00194	0.00387	0.00774	0.75416	0.00774
46	0.06951	0.09017	0.18284	0.01657	0.02344	0.05757	0.01646	0.02652	0.01806	0.15731	0.01943	0.02195	0.01481	0.01908	0.14140	0.00449	0.01196	0.00670	0.00543	0.09630
47	0.01110	0.00842	0.01022	0.00987	0.01203	0.00754	0.00737	0.01436	0.02181	0.02950	0.45374	0.09325	0.25328	0.01859	0.00984	0.00270	0.00404	0.01614	0.00865	0.00754
48	0.01208	0.00805	0.00906	0.00906	0.00906	0.00805	0.00503	0.01208	0.01208	0.01611	0.02618	0.05436	0.03020	0.70804	0.04228	0.00805	0.00805	0.01208	0.00503	0.00503
49	0.01187	0.00890	0.01335	0.01335	0.01483	0.01038	0.01038	0.01483	0.01335	0.01928	0.02225	0.03264	0.02077	0.06231	0.67512	0.01335	0.02225	0.00890	0.00445	0.00742
50	0.02827	0.01196	0.01563	0.01274	0.01687	0.01073	0.00965	0.03034	0.01960	0.43128	0.03042	0.03759	0.02401	0.25951	0.02047	0.00453	0.00742	0.00969	0.00841	0.01089
51	0.01187	0.00890	0.01335	0.01335	0.01483	0.01038	0.01038	0.01483	0.01335	0.01928	0.02225	0.03264	0.02077	0.06231	0.67512	0.01335	0.02225	0.00890	0.00445	0.00742
52	0.01766	0.01532	0.01869	0.01545	0.02078	0.01485	0.04958	0.02909	0.26547	0.02920	0.02720	0.12754	0.02402	0.01127	0.00798	0.00229	0.00661	0.00986	0.00671	0.30044
53	0.02899	0.03366	0.02575	0.02707	0.15238	0.46575	0.01792	0.10259	0.02446	0.02552	0.01425	0.01669	0.01160	0.00850	0.00774	0.00225	0.01326	0.00602	0.00473	0.01088
54	0.01187	0.00890	0.01335	0.01335	0.01483	0.01038	0.01038	0.01483	0.01335	0.01928	0.02225	0.03264	0.02077	0.06231	0.67512	0.01335	0.02225	0.00890	0.00445	0.00742
55	0.02122	0.02099	0.03308	0.04913	0.61658	0.06092	0.02490	0.02598	0.01921	0.02671	0.01545	0.02021	0.01300	0.00747	0.00818	0.00245	0.01019	0.00727	0.00412	0.01294
56	0.02420	0.01333	0.01645	0.01364	0.01851	0.01260	0.01083	0.03196	0.15616	0.28133	0.18599	0.03860	0.06533	0.01227	0.00859	0.00252	0.00596	0.01033	0.00898	0.08241
57	0.01778	0.17760	0.54013	0.02178	0.03302	0.02202	0.02738	0.02602	0.01741	0.02495	0.01423	0.01669	0.01055	0.00773	0.00738	0.00246	0.01160	0.00580	0.00352	0.01195
58	0.02154	0.63175	0.11893	0.01536	0.02310	0.03122	0.01621	0.02505	0.01696	0.02037	0.01196	0.01384	0.01064	0.00720	0.00564	0.00188	0.00930	0.00465	0.00355	0.01086
59	0.01115	0.00766	0.00933	0.01025	0.01048	0.00744	0.00630	0.01184	0.01389	0.01852	0.03546	0.36139	0.04192	0.38503	0.02728	0.00584	0.00652	0.01754	0.00630	0.00585
60	0.02887	0.02529	0.18258	0.01890	0.02678	0.02002	0.01834	0.27917	0.06256	0.21799	0.02310	0.02232	0.01568	0.00961	0.00823	0.00257	0.00919	0.00750	0.00768	0.01362
61	0.01193	0.00863	0.01200	0.01200	0.01301	0.00965	0.00870	0.01397	0.01295	0.01828	0.02349	0.03949	0.02375	0.26605	0.47544	0.01168	0.01777	0.00990	0.00463	0.00667
62	0.01666	0.04297	0.66500	0.02368	0.03596	0.01929	0.03069	0.02631	0.01754	0.02631	0.01491	0.01754	0.01052	0.00789	0.00789	0.00263	0.01228	0.00614	0.00351	0.01228
63	0.01819	0.08272	0.08446	0.28768	0.20674	0.02106	0.06763	0.02339	0.01716	0.02335	0.01448	0.02016	0.01164	0.00844	0.00997	0.00268	0.07846	0.00718	0.00381	0.01079
64	0.03103	0.03959	0.02354	0.02140	0.02568	0.67469	0.01605	0.03317	0.02354	0.02033	0.01284	0.01498	0.01070	0.00856	0.00749	0.00214	0.01498	0.00535	0.00428	0.00963
65	0.01160	0.00785	0.00920	0.00968	0.00980	0.00773	0.00569	0.01195	0.01302	0.01736	0.03100	0.21396	0.03629	0.54014	0.03448	0.00690	0.00726	0.01492	0.00569	0.00546
66	0.01079	0.00798	0.00947	0.01025	0.01146	0.00737	0.00705	0.01237	0.01651	0.02127	0.08559	0.29835	0.22249	0.18282	0.01777	0.00429	0.00553	0.05496	0.00716	0.00654
67	0.01190	0.00876	0.01266	0.01266	0.01390	0.01001	0.00952	0.01439	0.01315	0.01877	0.02288	0.03614	0.02229	0.16648	0.57303	0.01250	0.01996	0.00941	0.00454	0.00703
68	0.01809	0.23133	0.09840	0.01600	0.02189	0.01956	0.06904	0.02445	0.09301	0.05460	0.10789	0.06157	0.12744	0.01206	0.00802	0.00246	0.00784	0.01008	0.00603	0.01025
69	0.01008	0.00741	0.00945	0.01109	0.01192	0.00679	0.00750	0.01162	0.01636	0.02139	0.05161	0.60815	0.14566	0.02527	0.01048	0.00329	0.00473	0.02269	0.00771	0.00679
70	0.01208	0.00805	0.00906	0.00906	0.00906	0.00805	0.00503	0.01208	0.01208	0.01611	0.02618	0.05436	0.03020	0.70804	0.04228	0.00805	0.00805	0.01208	0.00503	0.00503
71	0.02383	0.14558	0.16126	0.01979	0.02672	0.15372	0.05686	0.17318	0.02379	0.03004	0.01722	0.04576	0.01414	0.01117	0.03262	0.00277	0.01137	0.00712	0.03175	0.01129
72	0.01036	0.00820	0.00936	0.00980	0.01188	0.00720	0.00721	0.01268	0.01895	0.02399	0.16337	0.22530	0.39204	0.02167	0.01008	0.00296	0.00447	0.04544	0.00794	0.00711
73	0.01019	0.00792	0.00927	0.01000	0.01172	0.00700	0.00709	0.01223	0.01821	0.02325	0.13767	0.34178	0.32871	0.02266	0.01015	0.00302	0.00443	0.01980	0.00789	0.00700
74	0.01666	0.04297	0.66500	0.02368	0.03596	0.01929	0.03069	0.02631	0.01754	0.02631	0.01491	0.01754	0.01052	0.00789	0.00789	0.00263	0.01228	0.00614	0.00351	0.01228
75	0.14711	0.01808	0.02640	0.07671	0.37438	0.01889	0.01979	0.05989	0.05393	0.07116	0.04297	0.02219	0.01617	0.00844	0.00780	0.00254	0.00872	0.00740	0.00533	0.01211
76	0.02034	0.01951	0.03332	0.07983	0.62911	0.01968	0.02539	0.02530	0.01881	0.02687	0.01559	0.02063	0.01306	0.00744	0.00823	0.00248	0.00992	0.00740	0.00409	0.01298
77	0.01029	0.00777	0.00913	0.01010	0.01133	0.00703	0.00684	0.01177	0.01643	0.02092	0.05652	0.39060	0.26227	0.12152	0.01484	0.00384	0.00507	0.01983	0.00733	0.00660
78	0.02893	0.03560	0.02559	0.02735	0.15237	0.54310	0.01795	0.03163	0.02261	0.02170	0.01340	0.01610	0.01119	0.00833	0.00764	0.00221	0.01395	0.00576	0.00425	0.01034
79	0.01004	0.00842	0.00872	0.00865	0.01136	0.00711	0.00649	0.01235	0.01946	0.02368	0.14890	0.07791	0.58733	0.02058	0.00982	0.00278	0.00417	0.01725	0.00788	0.00711
80	0.01933	0.02072	0.03905	0.02930	0.03496	0.02220	0.38807	0.02678	0.08860	0.02571	0.01711	0.02222	0.01359	0.00957	0.01448	0.00303	0.20085	0.00906	0.00453	0.01084
81	0.02242	0.16191	0.04282	0.02818	0.03550	0.15469	0.38296	0.02759	0.01986	0.02396	0.01497	0.01913	0.01184	0.00734	0.00846	0.00247	0.01319	0.00785	0.00409	0.01078
82	0.01071	0.00758	0.00936	0.01053	0.01104	0.00718	0.00676	0.01176	0.01494	0.01970	0.04263	0.44940	0.09424	0.24045	0.02052	0.00480	0.00579	0.01950	0.00687	0.00623
83	0.01001	0.00806	0.00879	0.00934	0.01136	0.00698	0.00665	0.01183	0.01777	0.02181	0.07070	0.25504	0.45573	0.05323	0.01149	0.00320	0.00455	0.01901	0.00759	0.00685
84	0.01961	0.02241	0.04902	0.03501	0.04342	0.02101	0.62605	0.02661	0.01961	0.02661	0.01681	0.02241	0.01261	0.00700	0.00980	0.00280	0.01401	0.00980	0.00420	0.01120
85	0.00982	0.00842	0.00842	0.00842	0.01122	0.00701	0.00631	0.01192	0.01894	0.02244	0.08416	0.07995	0.65285	0.02104	0.00982	0.00281	0.00421	0.01753	0.00771	0.00701
86	0.01187	0.00890	0.01335	0.01335	0.01483	0.01038	0.01038	0.01483	0.01335	0.01928	0.02225	0.03264	0.02077	0.06231	0.67512	0.01335	0.02225	0.00890	0.00445	0.00742
87	0.01191	0.00817	0.00994	0.01007	0.01039	0.00843	0.00626	0.01259	0.01258	0.01706	0.02666	0.09157	0.02993	0.53719	0.16492	0.00880	0.01064	0.01219	0.00509	0.00561
88	0.02221	0.71304	0.04353	0.01421	0.02132	0.03287	0.01421	0.02488	0.01688	0.01955	0.01155	0.01333	0.01066	0.00711	0.00533	0.00178	0.00888	0.00444	0.00355	0.01066
89	0.02133	0.01924	0.01909	0.01719	0.02186	0.06252	0.01333	0.04344	0.60169	0.03383	0.03247	0.02997	0.02442	0.01110	0.00839	0.00277	0.00711	0.00913	0.00819	0.01292
90	0.01187	0.00890	0.01335	0.01335	0.01483	0.01038	0.01038	0.01483	0.01335	0.01928	0.02225	0.03264	0.02077	0.06231	0.67512	0.01335	0.02225	0.00890	0.00445	0.00742
91	0.02273	0.02193	0.03183	0.04479	0.52954	0.07984	0.02357	0.09263	0.02156	0.02930	0.01585	0.01999	0.01304	0.00779	0.00817	0.00244	0.01025	0.00722	0.00459	0.01295
92	0.02221	0.71304	0.04353	0.01421	0.02132	0.03287	0.01421	0.02488	0.01688	0.01955	0.01155	0.01333	0.01066	0.00711	0.00533	0.00178	0.00888	0.00444	0.00355	0.01066
93	0.02158	0.01764	0.01881	0.01679	0.02158	0.02020	0.01310	0.04394	0.60716	0.06934	0.03376	0.03084	0.02509	0.01122	0.00845	0.00280	0.00660	0.00934	0.00855	0.01320
94	0.03103	0.03959	0.02354	0.02140	0.02568	0.67469	0.01605	0.03317	0.02354	0.02033	0.01284	0.01498	0.01070	0.00856	0.00749	0.00214	0.01498	0.00535	0.00428	0.00963
95	0.03103	0.03959	0.02354	0.02140	0.02568	0.67469	0.01605	0.03317	0.02354	0.02033	0.01284	0.01498	0.01070	0.00856	0.00749	0.00214	0.01498	0.00535	0.00428	0.00963
96	0.01187	0.00890	0.01335	0.01335	0.01483	0.01038	0.01038	0.01483	0.01335	0.01928	0.02225	0.03264	0.02077	0.06231	0.67512	0.01335	0.02225	0.00890	0.00445	0.00742
97	0.01208	0.00805	0.00906	0.00906	0.00906	0.00805	0.00503	0.01208	0.01208	0.01611	0.02618	0.05436	0.03020	0.70804	0.04228	0.00805	0.00805	0.01208	0.00503	0.00503
98	0.01785	0.17338	0.50165	0.02169	0.03217	0.02236	0.02665	0.02562	0.01710	0.02457	0.01399	0.01675	0.01058	0.00816	0.00863	0.00253	0.05516	0.00588	0.00353	0.01175
99	0.01106	0.00796	0.01067	0.01251	0.01351	0.00758	0.00930	0.01322	0.01698	0.02232	0.04698	0.49768	0.07965	0.02491	0.01082	0.00348	0.00562	0.19103	0.00769	0.00702
100	0.01057	0.00823	0.00971	0.01058	0.01248	0.00737	0.00794	0.01282	0.01823	0.02294	0.09204	0.27498	0.34475	0.02271	0.01032	0.00313	0.00493	0.11144	0.00777	0.00707
101	0.02185	0.02218	0.03247	0.04735	0.57871	0.10025	0.02433	0.02644	0.01948	0.02630	0.01528	0.01988	0.01286	0.00754	0.00813	0.00243	0.01050	0.00715	0.00413	0.01273
102	0.02106	0.02164	0.02547	0.10732	0.19686	0.14772	0.05615	0.03021	0.17917	0.02708	0.05415	0.02734	0.04967	0.00983	0.00840	0.00257	0.00987	0.00852	0.00563	0.01131
103	0.01822	0.01653	0.01621	0.01503	0.01877	0.07955	0.01166	0.03208	0.34924	0.03085	0.14810	0.04558	0.11277	0.01408	0.00899	0.00279	0.00671	0.05412	0.00802	0.01070
104	0.02187	0.39397	0.10728	0.01760	0.02349	0.12712	0.01688	0.02513	0.01716	0.02050	0.01243	0.01558	0.01107	0.01071	0.03477	0.00267	0.12236	0.00540	0.00371	0.01031
105	0.01392	0.01122	0.01276	0.01226	0.01501	0.01154	0.00919	0.02325	0.21595	0.02969	0.24826	0.15842	0.17109	0.01743	0.00951	0.00284	0.00496	0.01512	0.00842	0.00917
106	0.05336	0.04165	0.63306	0.02305	0.03498	0.01926	0.02963	0.02622	0.01737	0.02685	0.01474	0.01734	0.01045	0.00788	0.00776	0.00263	0.01199	0.00606	0.00359	0.01212
107	0.03107	0.03855	0.02363	0.02126	0.02569	0.63316	0.01603	0.07127	0.02454	0.02238	0.01330	0.01530	0.01092	0.00865	0.00754	0.00216	0.01461	0.00549	0.00454	0.00992

[dist]
# distance from previous block
# <min> <max>
0	1

[block]
# block no. 3 follows, 22 sequences, length 46
# corresponding to MSA columns:
# 286-331
name=unknown_D
#
# <colnr> <probs for GDERKNQSTAVLIFYWHMCP>
#	G	D	E	R	K	N	Q	S	T	A	V	L	I	F	Y	W	H	M	C	P
0	0.06500	0.01274	0.01707	0.21533	0.02830	0.01447	0.01405	0.07472	0.04179	0.02556	0.03247	0.03891	0.14000	0.02596	0.18511	0.00559	0.01189	0.03665	0.00555	0.00883
1	0.01805	0.01485	0.01689	0.01410	0.01906	0.01479	0.01107	0.07194	0.23533	0.03226	0.14532	0.03187	0.03028	0.01402	0.05226	0.00294	0.00716	0.00887	0.00717	0.25176
2	0.01443	0.00722	0.01082	0.01082	0.01082	0.00722	0.00722	0.01082	0.01082	0.01443	0.01443	0.02525	0.01443	0.02886	0.03247	0.75830	0.00722	0.00722	0.00361	0.00361
3	0.01098	0.00822	0.01019	0.01021	0.01207	0.00743	0.00746	0.01399	0.02093	0.02838	0.39967	0.19552	0.20497	0.01974	0.00997	0.00281	0.00417	0.01733	0.00853	0.00743
4	0.01187	0.00890	0.01335	0.01335	0.01483	0.01038	0.01038	0.01483	0.01335	0.01928	0.02225	0.03264	0.02077	0.06231	0.67512	0.01335	0.02225	0.00890	0.00445	0.00742
5	0.02056	0.01974	0.03372	0.05099	0.65622	0.01974	0.02550	0.02550	0.01892	0.02714	0.01563	0.02056	0.01316	0.00740	0.00822	0.00247	0.00987	0.00740	0.00411	0.01316
6	0.01187	0.00890	0.01335	0.01335	0.01483	0.01038	0.01038	0.01483	0.01335	0.01928	0.02225	0.03264	0.02077	0.06231	0.67512	0.01335	0.02225	0.00890	0.00445	0.00742
7	0.00985	0.00829	0.00855	0.00875	0.01131	0.00698	0.00646	0.01188	0.01861	0.02231	0.08006	0.14650	0.58894	0.02157	0.00990	0.00287	0.00427	0.01818	0.00771	0.00698
8	0.01005	0.00751	0.00935	0.01082	0.01185	0.00681	0.00738	0.01165	0.01662	0.02150	0.05488	0.55506	0.19664	0.02484	0.01042	0.00324	0.00467	0.02217	0.00771	0.00681
9	0.01012	0.00723	0.00964	0.01157	0.01205	0.00675	0.00771	0.01157	0.01591	0.02121	0.04579	0.70262	0.05495	0.02603	0.01060	0.00337	0.00482	0.02362	0.00771	0.00675
10	0.01208	0.00805	0.00906	0.00906	0.00906	0.00805	0.00503	0.01208	0.01208	0.01611	0.02618	0.05436	0.03020	0.70804	0.04228	0.00805	0.00805	0.01208	0.00503	0.00503
11	0.01012	0.00723	0.00964	0.01157	0.01205	0.00675	0.00771	0.01157	0.01591	0.02121	0.04579	0.70262	0.05495	0.02603	0.01060	0.00337	0.00482	0.02362	0.00771	0.00675
12	0.03103	0.03959	0.02354	0.02140	0.02568	0.67469	0.01605	0.03317	0.02354	0.02033	0.01284	0.01498	0.01070	0.00856	0.00749	0.00214	0.01498	0.00535	0.00428	0.00963
13	0.01085	0.00846	0.00985	0.00950	0.01185	0.00745	0.00712	0.01392	0.02137	0.02822	0.38599	0.07043	0.34741	0.01888	0.00981	0.00270	0.00405	0.01620	0.00848	0.00745
14	0.01961	0.02241	0.04902	0.03501	0.04342	0.02101	0.62605	0.02661	0.01961	0.02661	0.01681	0.02241	0.01261	0.00700	0.00980	0.00280	0.01401	0.00980	0.00420	0.01120
15	0.01054	0.00904	0.00910	0.00898	0.01191	0.00792	0.00677	0.01406	0.06029	0.02326	0.08081	0.07670	0.61115	0.02039	0.00973	0.00281	0.00437	0.01699	0.00776	0.00742
16	0.01357	0.00831	0.01046	0.01046	0.01205	0.00900	0.00790	0.01676	0.01516	0.02451	0.02477	0.03331	0.02164	0.08073	0.32167	0.00769	0.01276	0.00857	0.35329	0.00741
17	0.01549	0.00774	0.00774	0.00774	0.00968	0.00774	0.00581	0.01936	0.01742	0.03097	0.02710	0.03097	0.02129	0.00968	0.00581	0.00194	0.00387	0.00774	0.75416	0.00774
18	0.00993	0.00842	0.00857	0.00853	0.01129	0.00706	0.00640	0.01214	0.01920	0.02306	0.11668	0.07892	0.61994	0.02081	0.00982	0.00279	0.00419	0.01739	0.00780	0.00706
19	0.03103	0.03959	0.02354	0.02140	0.02568	0.67469	0.01605	0.03317	0.02354	0.02033	0.01284	0.01498	0.01070	0.00856	0.00749	0.00214	0.01498	0.00535	0.00428	0.00963
20	0.00982	0.00842	0.00842	0.00842	0.01122	0.00701	0.00631	0.01192	0.01894	0.02244	0.08416	0.07995	0.65285	0.02104	0.00982	0.00281	0.00421	0.01753	0.00771	0.00701
21	0.01181	0.00810	0.00898	0.00898	0.00932	0.00793	0.00519	0.01206	0.01290	0.01687	0.03312	0.05743	0.10480	0.62573	0.03839	0.00743	0.00759	0.01273	0.00535	0.00527
22	0.01169	0.00789	0.00918	0.00956	0.00965	0.00780	0.00556	0.01198	0.01284	0.01712	0.03005	0.18248	0.03509	0.57325	0.03602	0.00713	0.00741	0.01436	0.00556	0.00537
23	0.01192	0.00867	0.01220	0.01220	0.01328	0.00976	0.00895	0.01410	0.01301	0.01843	0.02331	0.03847	0.02330	0.23564	0.50525	0.01193	0.01844	0.00975	0.00461	0.00678
24	0.01107	0.00798	0.01068	0.01250	0.01353	0.00759	0.00931	0.01325	0.01701	0.02235	0.04722	0.49158	0.08344	0.02487	0.01082	0.00348	0.00562	0.19301	0.00769	0.00703
25	0.01944	0.02190	0.04620	0.03343	0.04083	0.02154	0.55322	0.02582	0.01878	0.02582	0.01610	0.02190	0.01240	0.00791	0.01190	0.00290	0.09534	0.00950	0.00413	0.01095
26	0.01011	0.00729	0.00958	0.01140	0.01201	0.00676	0.00764	0.01159	0.01606	0.02127	0.04781	0.66983	0.08644	0.02576	0.01056	0.00334	0.00479	0.02330	0.00771	0.00676
27	0.01569	0.01477	0.02492	0.68808	0.05722	0.01846	0.02307	0.02123	0.01661	0.02123	0.01477	0.02215	0.01107	0.00831	0.00831	0.00277	0.01107	0.00738	0.00369	0.00923
28	0.01113	0.00877	0.01354	0.01378	0.01512	0.00819	0.06776	0.01326	0.01669	0.02241	0.07674	0.60088	0.05214	0.02368	0.01048	0.00328	0.00566	0.02180	0.00745	0.00724
29	0.03003	0.08106	0.02523	0.02222	0.05237	0.60636	0.01634	0.03232	0.02293	0.02057	0.01288	0.01512	0.01080	0.00842	0.00739	0.00213	0.01438	0.00538	0.00423	0.00985
30	0.01050	0.00849	0.00936	0.00928	0.01181	0.00735	0.00704	0.01317	0.02017	0.02546	0.23418	0.07579	0.47150	0.02004	0.00989	0.00280	0.00429	0.04352	0.00809	0.00726
31	0.01080	0.00751	0.00944	0.01070	0.01102	0.00720	0.00679	0.01174	0.01458	0.01945	0.03901	0.47869	0.04640	0.26162	0.02155	0.00499	0.00594	0.01963	0.00679	0.00616
32	0.03033	0.02302	0.06626	0.01871	0.02554	0.02327	0.01612	0.46774	0.08764	0.12215	0.02234	0.02173	0.01563	0.00998	0.00830	0.00254	0.00888	0.00766	0.00824	0.01392
33	0.02025	0.02021	0.03645	0.04637	0.50170	0.02026	0.14744	0.02546	0.01877	0.02670	0.01565	0.02083	0.01294	0.00766	0.00944	0.00259	0.04273	0.00788	0.00411	0.01257
34	0.02490	0.02080	0.02017	0.01695	0.02138	0.12350	0.01343	0.32186	0.02788	0.03634	0.02009	0.02456	0.01639	0.05785	0.16780	0.00526	0.01282	0.00773	0.04931	0.01099
35	0.03103	0.03959	0.02354	0.02140	0.02568	0.67469	0.01605	0.03317	0.02354	0.02033	0.01284	0.01498	0.01070	0.00856	0.00749	0.00214	0.01498	0.00535	0.00428	0.00963
36	0.01078	0.00792	0.00934	0.00993	0.01106	0.00731	0.00663	0.01229	0.01655	0.02158	0.12297	0.28586	0.20621	0.21126	0.01902	0.00442	0.00544	0.01783	0.00715	0.00648
