[name]
unknown

[dist]
# distance from previous block
# <min> <max>
16	204

[block]
# block no. 0 follows, 21 sequences, length 6
# corresponding to MSA columns:
# 245-250
name=unknown_A
#
# <colnr> <probs for GDERKNQSTAVLIFYWHMCP>
#	G	D	E	R	K	N	Q	S	T	A	V	L	I	F	Y	W	H	M	C	P
0	0.19938	0.12401	0.16426	0.02557	0.16776	0.08445	0.01990	0.07214	0.01964	0.03030	0.01432	0.01701	0.01134	0.00804	0.00711	0.00246	0.01011	0.00596	0.00459	0.01163
1	0.01654	0.15330	0.20337	0.01834	0.05386	0.01838	0.01763	0.02339	0.07432	0.02497	0.06263	0.06824	0.08171	0.02071	0.12168	0.00449	0.01129	0.00948	0.00526	0.01043
2	0.13288	0.02845	0.24669	0.02092	0.07685	0.07732	0.01965	0.05500	0.01907	0.02942	0.01638	0.05036	0.01358	0.00870	0.00741	0.00234	0.00981	0.00673	0.00475	0.17369
3	0.02400	0.02990	0.13271	0.06126	0.02809	0.24979	0.01781	0.10392	0.02324	0.02828	0.04379	0.02289	0.01636	0.00936	0.00793	0.00229	0.01132	0.03128	0.00523	0.15055
4	0.02127	0.02242	0.11524	0.01983	0.07361	0.07972	0.01592	0.18142	0.05722	0.03354	0.12601	0.06942	0.02959	0.10134	0.01327	0.00337	0.00906	0.01017	0.00670	0.01090
5	0.02211	0.01886	0.01974	0.09125	0.02486	0.07809	0.01362	0.18107	0.16128	0.03370	0.07420	0.03147	0.02416	0.11591	0.01374	0.00341	0.00871	0.00904	0.00692	0.06786

[dist]
# distance from previous block
# <min> <max>
0	2

[block]
# block no. 1 follows, 21 sequences, length 13
# corresponding to MSA columns:
# 253-265
name=unknown_B
#
# <colnr> <probs for GDERKNQSTAVLIFYWHMCP>
#	G	D	E	R	K	N	Q	S	T	A	V	L	I	F	Y	W	H	M	C	P
0	0.12829	0.12545	0.02495	0.01807	0.02205	0.13008	0.09452	0.02253	0.01777	0.02437	0.02345	0.22381	0.02482	0.01418	0.00999	0.00281	0.06655	0.01171	0.00541	0.00920
1	0.15834	0.01720	0.07325	0.14330	0.11597	0.01666	0.01698	0.02461	0.10098	0.02843	0.02542	0.13854	0.02421	0.01307	0.00857	0.00296	0.00835	0.06710	0.00584	0.01022
2	0.02382	0.02342	0.06624	0.04214	0.44884	0.05759	0.02378	0.15143	0.02391	0.03280	0.01674	0.02044	0.01340	0.00823	0.00838	0.00252	0.01038	0.00741	0.00509	0.01344
3	0.02186	0.05197	0.01891	0.01641	0.01975	0.22792	0.01240	0.12225	0.02397	0.02844	0.11322	0.24077	0.03576	0.01589	0.00907	0.00271	0.00915	0.01319	0.00687	0.00948
4	0.02604	0.11849	0.02646	0.06798	0.02611	0.19256	0.01599	0.20464	0.02488	0.03026	0.01619	0.02108	0.01377	0.06850	0.01359	0.00303	0.10706	0.00703	0.00545	0.01089
5	0.01807	0.01878	0.02665	0.11270	0.06238	0.09101	0.16299	0.02396	0.07126	0.02511	0.05648	0.07270	0.14456	0.01283	0.01073	0.00286	0.05998	0.01139	0.00567	0.00989
6	0.01177	0.00871	0.01106	0.01106	0.01235	0.00906	0.00784	0.01357	0.01448	0.01934	0.03802	0.05168	0.16056	0.27409	0.30888	0.00945	0.01375	0.01217	0.00549	0.00667
7	0.02311	0.26351	0.20097	0.02489	0.12670	0.17730	0.02134	0.02798	0.01942	0.02330	0.01372	0.01638	0.01130	0.00789	0.00715	0.00225	0.01166	0.00572	0.00389	0.01152
8	0.02147	0.35147	0.09405	0.01869	0.06827	0.12976	0.01581	0.02458	0.01797	0.02111	0.01685	0.06613	0.01656	0.09130	0.01116	0.00289	0.01015	0.00736	0.00427	0.01014
9	0.01623	0.01188	0.01434	0.01346	0.01569	0.01271	0.00991	0.13544	0.04959	0.02823	0.08102	0.18893	0.03504	0.16825	0.17300	0.00659	0.01075	0.01348	0.00683	0.00863
10	0.02524	0.02930	0.03250	0.03356	0.21071	0.29664	0.13878	0.02923	0.02101	0.02411	0.01463	0.01880	0.01210	0.00862	0.01005	0.00255	0.06956	0.00716	0.00426	0.01119
11	0.01764	0.01841	0.10451	0.11218	0.09713	0.01658	0.07220	0.07211	0.01879	0.02739	0.01961	0.02561	0.01600	0.02218	0.16733	0.00527	0.04292	0.00806	0.12587	0.01021
12	0.02109	0.05638	0.05365	0.25250	0.06274	0.11151	0.01881	0.11747	0.02245	0.02860	0.07073	0.02820	0.02009	0.01053	0.00908	0.00267	0.03285	0.03983	0.03039	0.01043

[dist]
# distance from previous block
# <min> <max>
14	79

[block]
# block no. 2 follows, 21 sequences, length 7
# corresponding to MSA columns:
# 359-365
name=unknown_C
#
# <colnr> <probs for GDERKNQSTAVLIFYWHMCP>
#	G	D	E	R	K	N	Q	S	T	A	V	L	I	F	Y	W	H	M	C	P
0	0.02401	0.14231	0.03314	0.02473	0.07993	0.07201	0.10158	0.16833	0.02261	0.03000	0.01492	0.01877	0.01235	0.01029	0.01370	0.00278	0.20474	0.00723	0.00504	0.01154
1	0.01619	0.01500	0.01604	0.06194	0.07237	0.10262	0.01203	0.05290	0.02084	0.02629	0.14445	0.26803	0.12182	0.01807	0.00966	0.00289	0.00729	0.01573	0.00710	0.00873
2	0.02135	0.16452	0.23422	0.03241	0.25821	0.09730	0.02444	0.02717	0.01906	0.02520	0.01463	0.01796	0.01183	0.00782	0.00765	0.00240	0.01130	0.00633	0.00392	0.01227
3	0.12415	0.10225	0.09373	0.06945	0.07744	0.02334	0.08756	0.02625	0.07999	0.02660	0.01555	0.01963	0.01275	0.01005	0.01309	0.00290	0.19275	0.00713	0.00454	0.01084
4	0.01843	0.01623	0.05726	0.02749	0.23589	0.01534	0.01671	0.09450	0.01888	0.02626	0.02058	0.08889	0.01958	0.05286	0.10129	0.15477	0.01069	0.00947	0.00505	0.00982
5	0.01710	0.01255	0.01590	0.01581	0.06934	0.01243	0.01093	0.04440	0.01913	0.09270	0.07985	0.07793	0.22557	0.10527	0.01579	0.00347	0.08461	0.01261	0.00688	0.07775
6	0.01411	0.01032	0.01530	0.01454	0.01657	0.01092	0.03765	0.01741	0.01795	0.05609	0.17546	0.13274	0.04208	0.03522	0.24992	0.00698	0.05217	0.07957	0.00675	0.00826

[dist]
# distance from previous block
# <min> <max>
18	39

[block]
# block no. 3 follows, 21 sequences, length 38
# corresponding to MSA columns:
# 407-444
name=unknown_D
#
# <colnr> <probs for GDERKNQSTAVLIFYWHMCP>
#	G	D	E	R	K	N	Q	S	T	A	V	L	I	F	Y	W	H	M	C	P
0	0.02188	0.02257	0.02439	0.16847	0.15310	0.18200	0.01815	0.05840	0.02028	0.02512	0.01681	0.04932	0.01480	0.04002	0.01035	0.00266	0.03692	0.00758	0.00471	0.12249
1	0.02610	0.02017	0.02080	0.01702	0.02178	0.05754	0.01357	0.34609	0.09973	0.04136	0.02273	0.02609	0.01792	0.07191	0.01233	0.00306	0.04761	0.00821	0.11394	0.01203
2	0.01968	0.01677	0.02122	0.10156	0.10724	0.01748	0.01542	0.09224	0.20063	0.03152	0.02729	0.06139	0.04502	0.01111	0.00841	0.00253	0.00781	0.03835	0.00660	0.16772
3	0.01096	0.00839	0.01019	0.01138	0.01313	0.00763	0.00856	0.01322	0.01822	0.02302	0.06210	0.32494	0.28791	0.02397	0.01073	0.00332	0.00530	0.14191	0.00789	0.00722
4	0.01680	0.04094	0.01386	0.01244	0.01531	0.01026	0.00957	0.02039	0.05210	0.13617	0.08436	0.28168	0.17676	0.02017	0.00996	0.00308	0.00572	0.07314	0.00830	0.00900
5	0.02086	0.24893	0.03098	0.01869	0.02340	0.14953	0.08299	0.02403	0.01762	0.02096	0.01587	0.02115	0.01420	0.02458	0.20126	0.00560	0.05863	0.00688	0.00414	0.00970
6	0.02203	0.01787	0.01622	0.01462	0.01811	0.13331	0.01111	0.11624	0.08879	0.06994	0.03171	0.10712	0.08398	0.01508	0.01093	0.08035	0.00790	0.01046	0.13455	0.00969
7	0.01037	0.00741	0.00987	0.01185	0.01234	0.00691	0.00790	0.01185	0.01629	0.02172	0.04690	0.69537	0.05629	0.02666	0.01086	0.00346	0.00494	0.02419	0.00790	0.00691
8	0.01553	0.01062	0.01176	0.01109	0.01447	0.00980	0.00843	0.02075	0.10319	0.11267	0.06734	0.13789	0.40582	0.01924	0.00975	0.00291	0.00512	0.01623	0.00837	0.00903
9	0.11292	0.03195	0.02178	0.01955	0.02426	0.41484	0.01494	0.06670	0.15919	0.02785	0.01817	0.01909	0.01429	0.00936	0.00766	0.00242	0.01211	0.00642	0.00566	0.01084
10	0.02746	0.11270	0.03260	0.02407	0.02968	0.37315	0.15169	0.06862	0.02287	0.02429	0.01428	0.01736	0.01163	0.00864	0.00902	0.00240	0.04775	0.00664	0.00451	0.01062
11	0.01122	0.00861	0.00994	0.00963	0.01179	0.00769	0.00702	0.01396	0.02070	0.02725	0.32994	0.07066	0.32052	0.09744	0.01385	0.00340	0.00463	0.01617	0.00825	0.00733
12	0.10258	0.01638	0.02638	0.22689	0.24966	0.01801	0.05384	0.02274	0.01711	0.02567	0.01658	0.02310	0.01376	0.01821	0.12923	0.00470	0.01264	0.00766	0.00427	0.01060
13	0.02308	0.02483	0.02341	0.21819	0.06526	0.26402	0.01808	0.06441	0.02079	0.02400	0.01594	0.02096	0.01301	0.01459	0.07443	0.00364	0.05240	0.00695	0.04213	0.00987
14	0.01221	0.00959	0.01352	0.01326	0.01492	0.01089	0.01033	0.01509	0.01507	0.02104	0.06398	0.04165	0.12091	0.05189	0.49232	0.01083	0.05883	0.01072	0.00528	0.00766
15	0.02881	0.01540	0.01821	0.01469	0.02020	0.01509	0.01190	0.15910	0.08575	0.31294	0.04020	0.03729	0.13471	0.01255	0.00868	0.00265	0.00692	0.01016	0.05208	0.01266
16	0.03179	0.04056	0.02412	0.02192	0.02631	0.66676	0.01644	0.03398	0.02412	0.02083	0.01315	0.01535	0.01096	0.00877	0.00767	0.00219	0.01535	0.00548	0.00438	0.00987
17	0.01323	0.00858	0.01100	0.01100	0.01227	0.00930	0.00798	0.01577	0.01450	0.02225	0.02516	0.03849	0.02382	0.20719	0.32986	0.00910	0.01399	0.00960	0.20981	0.00708
18	0.01912	0.03508	0.42580	0.02495	0.08748	0.02045	0.02615	0.06084	0.15774	0.03032	0.01996	0.02147	0.01463	0.00893	0.00827	0.00272	0.01088	0.00722	0.00504	0.01295
19	0.01183	0.00880	0.01298	0.01334	0.01467	0.00995	0.01013	0.01458	0.01416	0.02012	0.02722	0.15506	0.02771	0.05700	0.54660	0.01180	0.01951	0.01189	0.00517	0.00747
20	0.01133	0.00844	0.01058	0.01078	0.01261	0.00768	0.00795	0.01439	0.02114	0.02861	0.36510	0.21333	0.18840	0.02065	0.01031	0.00295	0.00447	0.04503	0.00866	0.00759
21	0.01048	0.00830	0.00943	0.00986	0.01193	0.00725	0.00712	0.01276	0.01933	0.02451	0.16885	0.24803	0.38753	0.02226	0.01028	0.00300	0.00443	0.01925	0.00815	0.00725
22	0.25188	0.12604	0.25571	0.01649	0.02483	0.01994	0.01812	0.02510	0.01673	0.02984	0.01438	0.01678	0.01114	0.00781	0.00649	0.00234	0.00898	0.00546	0.04618	0.09576
23	0.06573	0.01677	0.02743	0.44554	0.23566	0.01932	0.02346	0.02329	0.01757	0.02465	0.01518	0.02162	0.01186	0.00819	0.00827	0.00273	0.01066	0.00738	0.00401	0.01067
24	0.02106	0.02022	0.03454	0.05223	0.64784	0.02022	0.02612	0.02612	0.01938	0.02780	0.01601	0.02106	0.01348	0.00758	0.00842	0.00253	0.01011	0.00758	0.00421	0.01348
25	0.01574	0.01410	0.02236	0.15021	0.27267	0.01450	0.01769	0.01940	0.01778	0.02398	0.03215	0.19707	0.09689	0.05416	0.01125	0.00318	0.00829	0.01315	0.00552	0.00991
26	0.01586	0.00793	0.00793	0.00793	0.00991	0.00793	0.00595	0.01983	0.01785	0.03173	0.02776	0.03173	0.02181	0.00991	0.00595	0.00198	0.00397	0.00793	0.74817	0.00793
27	0.01216	0.00912	0.01368	0.01368	0.01520	0.01064	0.01064	0.01520	0.01368	0.01976	0.02279	0.03343	0.02127	0.06382	0.66720	0.01368	0.02279	0.00912	0.00456	0.00760
28	0.02366	0.21258	0.10361	0.02514	0.08812	0.16941	0.12866	0.06591	0.02120	0.02549	0.01622	0.02175	0.01378	0.00877	0.00790	0.00242	0.01189	0.03772	0.00452	0.01127
29	0.01586	0.00793	0.00793	0.00793	0.00991	0.00793	0.00595	0.01983	0.01785	0.03173	0.02776	0.03173	0.02181	0.00991	0.00595	0.00198	0.00397	0.00793	0.74817	0.00793
30	0.01233	0.00843	0.01019	0.01019	0.01051	0.00875	0.00629	0.01296	0.01265	0.01718	0.02598	0.05107	0.02893	0.56869	0.17280	0.00938	0.01127	0.01170	0.00503	0.00566
31	0.01514	0.01099	0.01329	0.01360	0.01603	0.01100	0.01079	0.10902	0.02167	0.02867	0.04755	0.25734	0.14093	0.02136	0.01041	0.00330	0.00644	0.20784	0.04614	0.00850
32	0.02667	0.02045	0.05147	0.02076	0.09001	0.09108	0.01527	0.18767	0.02622	0.17627	0.05610	0.14780	0.02608	0.01310	0.00890	0.00271	0.00873	0.01095	0.00773	0.01206
33	0.01657	0.01477	0.02026	0.14719	0.15521	0.01592	0.01588	0.02595	0.18766	0.02708	0.03928	0.11845	0.15264	0.01406	0.00914	0.00287	0.00758	0.01230	0.00657	0.01062
34	0.01881	0.01958	0.02888	0.17625	0.12885	0.08608	0.12568	0.02309	0.01801	0.02336	0.02258	0.02776	0.07905	0.01350	0.04577	0.00344	0.13579	0.00895	0.00447	0.01011
35	0.22300	0.14228	0.02474	0.05742	0.19693	0.01955	0.01543	0.02251	0.01688	0.02767	0.02046	0.15774	0.02061	0.01162	0.00752	0.00264	0.00794	0.00965	0.00514	0.01027
36	0.05155	0.02212	0.05405	0.10499	0.24765	0.15130	0.01905	0.02469	0.02067	0.02694	0.13193	0.03052	0.05812	0.01049	0.00851	0.00255	0.00990	0.00892	0.00534	0.01073
37	0.02118	0.01926	0.02577	0.02922	0.22323	0.07486	0.04967	0.06320	0.04200	0.05876	0.02631	0.05418	0.08486	0.01186	0.01217	0.00280	0.13279	0.00943	0.04730	0.01116

[dist]
# distance from previous block
# <min> <max>
0	17

[block]
# block no. 4 follows, 21 sequences, length 18
# corresponding to MSA columns:
# 462-479
name=unknown_E
#
# <colnr> <probs for GDERKNQSTAVLIFYWHMCP>
#	G	D	E	R	K	N	Q	S	T	A	V	L	I	F	Y	W	H	M	C	P
0	0.02270	0.14596	0.14711	0.02139	0.06490	0.17155	0.04536	0.06958	0.07964	0.02574	0.01807	0.02349	0.01548	0.09925	0.01235	0.00316	0.01119	0.00727	0.00489	0.01092
1	0.02315	0.10222	0.14835	0.02745	0.16919	0.17588	0.02093	0.08427	0.02204	0.02731	0.01910	0.02841	0.01700	0.01035	0.00832	0.00259	0.01135	0.08561	0.00498	0.01150
2	0.01888	0.01897	0.01601	0.01520	0.01827	0.18588	0.01142	0.06440	0.07983	0.02503	0.03953	0.16456	0.15997	0.02410	0.11407	0.00450	0.01090	0.01289	0.00655	0.00903
3	0.02071	0.10975	0.02261	0.08672	0.02422	0.01818	0.01276	0.15969	0.02186	0.03019	0.01786	0.02464	0.01573	0.12326	0.01311	0.00297	0.00827	0.00708	0.00554	0.27485
4	0.09641	0.07021	0.09241	0.01809	0.02403	0.02280	0.01626	0.24456	0.08315	0.07649	0.02366	0.02443	0.05566	0.01108	0.01069	0.00274	0.10043	0.00789	0.00677	0.01224
5	0.02107	0.02043	0.02987	0.08105	0.44380	0.06518	0.02279	0.02846	0.10276	0.02786	0.02011	0.02693	0.01711	0.00926	0.00862	0.00266	0.00995	0.04444	0.00503	0.01262
6	0.23574	0.01088	0.01192	0.01176	0.01434	0.01202	0.00904	0.01814	0.01587	0.02829	0.09147	0.13620	0.02974	0.03094	0.22952	0.00642	0.01124	0.01074	0.07767	0.00805
7	0.01275	0.00968	0.01228	0.01376	0.06484	0.00897	0.00950	0.01620	0.02084	0.02843	0.25739	0.06707	0.25565	0.01799	0.00969	0.00282	0.00511	0.09013	0.08875	0.00815
8	0.02652	0.02213	0.02145	0.01755	0.02289	0.10848	0.01393	0.32372	0.09611	0.03953	0.02142	0.02427	0.01688	0.05538	0.05666	0.00354	0.01029	0.00776	0.03838	0.07311
9	0.01161	0.00936	0.01051	0.01082	0.01329	0.00866	0.00821	0.01583	0.06976	0.02517	0.12505	0.17532	0.38044	0.02136	0.01025	0.00306	0.00497	0.08041	0.00810	0.00781
10	0.02562	0.25951	0.02934	0.01813	0.02303	0.34912	0.01488	0.02813	0.02016	0.02039	0.01425	0.01766	0.01259	0.01704	0.11205	0.00390	0.01443	0.00575	0.00416	0.00986
11	0.01909	0.09890	0.35458	0.03264	0.21358	0.02142	0.08851	0.02660	0.01853	0.02656	0.01535	0.01896	0.01180	0.00777	0.00813	0.00258	0.01171	0.00688	0.00385	0.01257
12	0.04721	0.00968	0.01398	0.06782	0.01812	0.01116	0.01104	0.01588	0.01401	0.02086	0.02192	0.05309	0.02049	0.04995	0.47276	0.08135	0.01826	0.00908	0.03591	0.00745
13	0.01446	0.01227	0.02008	0.02021	0.07915	0.01167	0.10727	0.01811	0.01870	0.02543	0.10093	0.22086	0.04227	0.06614	0.01271	0.00355	0.00788	0.16874	0.00680	0.04276
14	0.02090	0.02416	0.08822	0.03930	0.30299	0.06688	0.19003	0.02632	0.01896	0.02613	0.01545	0.02061	0.01262	0.00855	0.01136	0.00277	0.10058	0.00800	0.00414	0.01204
15	0.06288	0.01443	0.02161	0.09493	0.26759	0.01462	0.01729	0.02025	0.01868	0.02601	0.03810	0.08700	0.16604	0.01450	0.00927	0.00291	0.00802	0.09992	0.00586	0.01010
16	0.01713	0.01715	0.04433	0.14103	0.23638	0.06042	0.01820	0.02160	0.02030	0.02692	0.16376	0.04086	0.11144	0.01241	0.00906	0.00269	0.00859	0.03158	0.00588	0.01028
17	0.02366	0.02157	0.05359	0.09125	0.35913	0.02188	0.02245	0.19286	0.06776	0.03503	0.01845	0.02165	0.01435	0.00869	0.00846	0.00259	0.00986	0.00770	0.00567	0.01339

[dist]
# distance from previous block
# <min> <max>
4	53

[block]
# block no. 5 follows, 21 sequences, length 48
# corresponding to MSA columns:
# 533-580
name=unknown_F
#
# <colnr> <probs for GDERKNQSTAVLIFYWHMCP>
#	G	D	E	R	K	N	Q	S	T	A	V	L	I	F	Y	W	H	M	C	P
0	0.10163	0.01432	0.01834	0.02209	0.15840	0.01511	0.01388	0.02520	0.16012	0.02926	0.07277	0.12610	0.09653	0.01737	0.04447	0.00350	0.00776	0.05591	0.00685	0.01037
1	0.06304	0.02675	0.06512	0.03281	0.27951	0.21445	0.02022	0.02912	0.07153	0.02633	0.02004	0.02285	0.04729	0.00935	0.00885	0.00254	0.03634	0.00744	0.00484	0.01161
2	0.02745	0.03137	0.02844	0.03415	0.27955	0.36881	0.02037	0.06234	0.02304	0.02544	0.01471	0.01795	0.01218	0.00836	0.00802	0.00235	0.01289	0.00645	0.00454	0.01159
3	0.03003	0.02265	0.02337	0.01866	0.02452	0.08096	0.01517	0.44136	0.03384	0.09177	0.02109	0.02237	0.01557	0.01732	0.09709	0.00402	0.01155	0.00773	0.00776	0.01313
4	0.01234	0.00841	0.01009	0.01009	0.01037	0.00869	0.00617	0.01290	0.01262	0.01710	0.02607	0.05159	0.02916	0.58357	0.15824	0.00925	0.01093	0.01178	0.00505	0.00561
5	0.01739	0.01445	0.01506	0.01352	0.01768	0.01526	0.01052	0.10415	0.26700	0.03200	0.05708	0.05389	0.31563	0.01608	0.00930	0.00284	0.00593	0.01329	0.00828	0.01064
6	0.01238	0.00825	0.00928	0.00928	0.00928	0.00825	0.00516	0.01238	0.01238	0.01650	0.02681	0.05569	0.03094	0.70092	0.04331	0.00825	0.00825	0.01238	0.00516	0.00516
7	0.02801	0.02850	0.02265	0.01969	0.02479	0.28131	0.01529	0.17344	0.25153	0.03384	0.02274	0.02256	0.01730	0.01012	0.00823	0.00253	0.01080	0.00751	0.00691	0.01226
8	0.01216	0.00912	0.01368	0.01368	0.01520	0.01064	0.01064	0.01520	0.01368	0.01976	0.02279	0.03343	0.02127	0.06382	0.66720	0.01368	0.02279	0.00912	0.00456	0.00760
9	0.76103	0.01646	0.01251	0.01119	0.01646	0.01909	0.00922	0.02502	0.01448	0.03818	0.01185	0.01382	0.00922	0.00790	0.00527	0.00263	0.00658	0.00461	0.00527	0.00922
10	0.01238	0.00825	0.00928	0.00928	0.00928	0.00825	0.00516	0.01238	0.01238	0.01650	0.02681	0.05569	0.03094	0.70092	0.04331	0.00825	0.00825	0.01238	0.00516	0.00516
11	0.04599	0.00945	0.01362	0.01356	0.01525	0.01102	0.01057	0.01564	0.01371	0.02059	0.02230	0.03255	0.02073	0.06130	0.63730	0.01318	0.02206	0.00891	0.00459	0.00767
12	0.02990	0.02104	0.02271	0.01784	0.02394	0.02307	0.01460	0.46618	0.09143	0.08671	0.02335	0.02322	0.01673	0.01033	0.00825	0.00253	0.00841	0.00793	0.08816	0.01368
13	0.02068	0.01983	0.03386	0.10003	0.60301	0.02012	0.02593	0.02578	0.01920	0.02734	0.01594	0.02119	0.01332	0.00765	0.00843	0.00255	0.01020	0.00758	0.00418	0.01317
14	0.02094	0.02056	0.03651	0.05018	0.57205	0.02038	0.10033	0.02626	0.01947	0.02773	0.01616	0.02130	0.01341	0.00753	0.00863	0.00257	0.01064	0.00789	0.00422	0.01323
15	0.76103	0.01646	0.01251	0.01119	0.01646	0.01909	0.00922	0.02502	0.01448	0.03818	0.01185	0.01382	0.00922	0.00790	0.00527	0.00263	0.00658	0.00461	0.00527	0.00922
16	0.02156	0.01950	0.03063	0.13005	0.44061	0.02033	0.02326	0.11573	0.02222	0.03070	0.02012	0.02427	0.04532	0.00882	0.00853	0.00259	0.00987	0.00812	0.00500	0.01277
17	0.01217	0.00906	0.01341	0.01341	0.01483	0.01049	0.01030	0.01502	0.01360	0.01955	0.02304	0.03481	0.02187	0.10321	0.62863	0.01334	0.02190	0.00932	0.00460	0.00745
18	0.01862	0.01862	0.02607	0.02234	0.02234	0.02607	0.01862	0.02048	0.01303	0.02048	0.01117	0.01862	0.01117	0.01489	0.02793	0.00372	0.68535	0.00745	0.00372	0.00931
19	0.02079	0.16032	0.27973	0.02238	0.05501	0.08862	0.04727	0.02667	0.01873	0.05547	0.01810	0.02565	0.01541	0.01013	0.00954	0.00268	0.06262	0.06501	0.00452	0.01134
20	0.03179	0.04056	0.02412	0.02192	0.02631	0.66676	0.01644	0.03398	0.02412	0.02083	0.01315	0.01535	0.01096	0.00877	0.00767	0.00219	0.01535	0.00548	0.00438	0.00987
21	0.01707	0.04402	0.65683	0.02426	0.03683	0.01976	0.03144	0.02695	0.01797	0.02695	0.01527	0.01797	0.01078	0.00809	0.00809	0.00270	0.01258	0.00629	0.00359	0.01258
22	0.02214	0.63488	0.11041	0.01560	0.02345	0.03218	0.01638	0.02564	0.01736	0.02077	0.01220	0.01412	0.01091	0.00737	0.00574	0.00191	0.00947	0.00474	0.00364	0.01110
23	0.02019	0.01637	0.01716	0.01559	0.01988	0.01873	0.01208	0.04054	0.51925	0.03489	0.03337	0.03175	0.02521	0.01125	0.00816	0.00272	0.00622	0.00931	0.14488	0.01245
24	0.02917	0.01916	0.02085	0.01641	0.02208	0.02063	0.01342	0.41874	0.03321	0.11308	0.02354	0.02396	0.01688	0.01018	0.00793	0.00243	0.00789	0.00782	0.17968	0.01296
25	0.03235	0.02384	0.02554	0.01958	0.02639	0.02639	0.01618	0.61946	0.04001	0.05363	0.02043	0.02043	0.01447	0.01022	0.00851	0.00255	0.00936	0.00766	0.00851	0.01447
26	0.01862	0.01862	0.02607	0.02234	0.02234	0.02607	0.01862	0.02048	0.01303	0.02048	0.01117	0.01862	0.01117	0.01489	0.02793	0.00372	0.68535	0.00745	0.00372	0.00931
27	0.03159	0.01479	0.01879	0.01521	0.02092	0.01408	0.01228	0.03980	0.16648	0.44714	0.09493	0.03308	0.02815	0.01146	0.00873	0.00270	0.00680	0.00949	0.00998	0.01360
28	0.01941	0.01572	0.02301	0.01955	0.02377	0.01605	0.12770	0.19409	0.02471	0.03297	0.03308	0.23478	0.03413	0.01742	0.01022	0.00318	0.00868	0.14396	0.00738	0.01020
29	0.01217	0.00827	0.00984	0.01001	0.01023	0.00840	0.00603	0.01265	0.01287	0.01734	0.02815	0.11034	0.03210	0.56769	0.11184	0.00844	0.00962	0.01306	0.00533	0.00559
30	0.03232	0.02486	0.02545	0.01972	0.02639	0.06538	0.01619	0.58381	0.03904	0.05164	0.01999	0.02012	0.01426	0.01013	0.00846	0.00253	0.00973	0.00753	0.00826	0.01419
31	0.03107	0.02320	0.02482	0.01932	0.02590	0.02579	0.01587	0.55372	0.10784	0.05157	0.02206	0.02173	0.01579	0.01037	0.00853	0.00259	0.00906	0.00789	0.00853	0.01436
32	0.01414	0.01003	0.01354	0.01309	0.01493	0.01132	0.01005	0.06146	0.01605	0.02342	0.02353	0.03417	0.02165	0.10861	0.48748	0.01102	0.01836	0.00915	0.09005	0.00795
33	0.02091	0.02549	0.13157	0.04116	0.39787	0.07008	0.05959	0.02627	0.01883	0.02627	0.01519	0.01997	0.01257	0.00857	0.01064	0.00269	0.08845	0.00735	0.00408	0.01247
34	0.01006	0.00862	0.00862	0.00862	0.01149	0.00718	0.00647	0.01221	0.01940	0.02299	0.08621	0.08190	0.64438	0.02155	0.01006	0.00287	0.00431	0.01796	0.00790	0.00718
35	0.01424	0.01261	0.02178	0.15926	0.02853	0.01339	0.12943	0.01780	0.01587	0.02140	0.02524	0.15473	0.02574	0.15156	0.16370	0.00639	0.01275	0.01233	0.00507	0.00817
36	0.02609	0.02997	0.03034	0.03713	0.32555	0.32628	0.04908	0.02989	0.02165	0.02448	0.01471	0.01845	0.01226	0.00813	0.00814	0.00238	0.01279	0.00670	0.00430	0.01168
37	0.04874	0.03879	0.51564	0.02669	0.06729	0.02000	0.11081	0.02687	0.01818	0.02750	0.01543	0.01863	0.01114	0.00793	0.00825	0.00271	0.01245	0.00680	0.00379	0.01233
38	0.01070	0.00865	0.00951	0.00929	0.01189	0.00746	0.00697	0.01345	0.02090	0.02657	0.26522	0.07601	0.46314	0.02022	0.01005	0.00281	0.00422	0.01713	0.00837	0.00746
39	0.02492	0.02837	0.21261	0.03095	0.22668	0.05336	0.02341	0.16121	0.02439	0.10464	0.01865	0.02063	0.01365	0.00872	0.00832	0.00258	0.01060	0.00723	0.00573	0.01337
40	0.02224	0.02349	0.03446	0.07772	0.40337	0.12209	0.11343	0.02707	0.01986	0.02602	0.01551	0.02044	0.01280	0.00804	0.00930	0.00259	0.03751	0.00762	0.00421	0.01223
41	0.01134	0.00801	0.00989	0.01057	0.01134	0.00759	0.00692	0.01285	0.01666	0.02243	0.15684	0.32196	0.08875	0.25063	0.02153	0.00488	0.00583	0.01816	0.00726	0.00655
42	0.01072	0.00858	0.00972	0.00987	0.01200	0.00791	0.00720	0.01275	0.01735	0.02160	0.06515	0.11683	0.41892	0.10276	0.13474	0.00549	0.00819	0.01621	0.00699	0.00702
43	0.02610	0.05326	0.02413	0.04644	0.02574	0.27732	0.01619	0.10106	0.18204	0.02838	0.01930	0.02093	0.01532	0.01054	0.01110	0.00266	0.11526	0.00716	0.00582	0.01127
44	0.02381	0.02477	0.02178	0.12181	0.02814	0.26105	0.01595	0.12835	0.02298	0.02666	0.01990	0.10539	0.01848	0.01754	0.08050	0.00384	0.05459	0.00906	0.00543	0.00995
45	0.01163	0.00904	0.01084	0.01166	0.01402	0.00825	0.00948	0.01456	0.01962	0.02456	0.10063	0.11135	0.35250	0.02229	0.01076	0.00330	0.00571	0.24434	0.00796	0.00748
46	0.19380	0.02219	0.02816	0.07437	0.29991	0.10735	0.06513	0.06112	0.01999	0.03034	0.01496	0.01883	0.01204	0.00799	0.00773	0.00255	0.01036	0.00680	0.00471	0.01166
47	0.02507	0.02441	0.13055	0.07393	0.28185	0.04383	0.02265	0.14385	0.02388	0.11903	0.01903	0.02143	0.01407	0.00869	0.00838	0.00258	0.01023	0.00745	0.00581	0.01329

[dist]
# distance from previous block
# <min> <max>
0	11

[block]
# block no. 6 follows, 21 sequences, length 15
# corresponding to MSA columns:
# 592-606
name=unknown_G
#
# <colnr> <probs for GDERKNQSTAVLIFYWHMCP>
#	G	D	E	R	K	N	Q	S	T	A	V	L	I	F	Y	W	H	M	C	P
0	0.01464	0.01304	0.01914	0.26800	0.10147	0.01416	0.01648	0.01987	0.05160	0.02407	0.04325	0.05203	0.22155	0.01481	0.00945	0.00296	0.00821	0.09012	0.00597	0.00917
1	0.02256	0.02307	0.03308	0.04799	0.56086	0.11070	0.02476	0.02722	0.02004	0.02683	0.01561	0.02026	0.01313	0.00775	0.00832	0.00248	0.01084	0.00729	0.00424	0.01297
2	0.01222	0.00887	0.01242	0.01242	0.01351	0.00996	0.00907	0.01439	0.01331	0.01883	0.02394	0.03978	0.02403	0.24553	0.48926	0.01213	0.01865	0.01005	0.00473	0.00690
3	0.02966	0.03387	0.02321	0.06321	0.02718	0.47630	0.01608	0.12261	0.02564	0.02678	0.01550	0.01784	0.01234	0.00906	0.00773	0.00227	0.01331	0.00614	0.06085	0.01041
4	0.01103	0.00791	0.00945	0.01039	0.01111	0.00744	0.00668	0.01210	0.01541	0.02007	0.04633	0.36350	0.14616	0.26683	0.02233	0.00507	0.00602	0.01892	0.00692	0.00633
5	0.01180	0.00801	0.00945	0.01001	0.01015	0.00787	0.00594	0.01223	0.01349	0.01799	0.03253	0.23758	0.03815	0.50920	0.03409	0.00689	0.00731	0.01574	0.00594	0.00566
6	0.02005	0.25582	0.32934	0.02349	0.07430	0.05205	0.05502	0.02646	0.01802	0.02425	0.01405	0.01695	0.01115	0.00805	0.00815	0.00243	0.03889	0.00602	0.00373	0.01180
7	0.01826	0.18285	0.52844	0.02222	0.03369	0.02268	0.02790	0.02664	0.01783	0.02550	0.01455	0.01706	0.01081	0.00792	0.00753	0.00251	0.01185	0.00592	0.00360	0.01223
8	0.01091	0.00811	0.01017	0.01079	0.01231	0.00737	0.00766	0.01344	0.01972	0.02644	0.26945	0.34575	0.18206	0.02231	0.01040	0.00306	0.00448	0.01978	0.00843	0.00737
9	0.01169	0.00830	0.01107	0.01247	0.01342	0.00811	0.00913	0.01384	0.01696	0.02268	0.08420	0.37551	0.05058	0.12031	0.05493	0.00479	0.00712	0.16046	0.00741	0.00702
10	0.02218	0.02583	0.10228	0.04471	0.48943	0.11422	0.02530	0.02735	0.01991	0.02669	0.01551	0.01989	0.01281	0.00781	0.00828	0.00250	0.01115	0.00713	0.00417	0.01285
11	0.01340	0.01064	0.01483	0.08870	0.07371	0.01066	0.01172	0.04131	0.02007	0.02698	0.19071	0.28125	0.11685	0.01930	0.01004	0.00303	0.00612	0.04472	0.00751	0.00844
12	0.01193	0.00811	0.00956	0.00993	0.01018	0.00795	0.00595	0.01254	0.01407	0.01891	0.07705	0.19042	0.03994	0.50850	0.03403	0.00683	0.00724	0.01508	0.00605	0.00574
13	0.07485	0.11676	0.02679	0.02440	0.15234	0.09432	0.01661	0.10987	0.02058	0.02884	0.01609	0.02085	0.01379	0.04081	0.01275	0.00284	0.13736	0.00695	0.07231	0.01090
14	0.01422	0.04934	0.01897	0.02053	0.13485	0.01264	0.04391	0.01805	0.04183	0.02415	0.04696	0.22286	0.20540	0.02046	0.04003	0.00348	0.00756	0.05906	0.00666	0.00903

[dist]
# distance from previous block
# <min> <max>
12	60

[block]
# block no. 7 follows, 21 sequences, length 7
# corresponding to MSA columns:
# 667-673
name=unknown_H
#
# <colnr> <probs for GDERKNQSTAVLIFYWHMCP>
#	G	D	E	R	K	N	Q	S	T	A	V	L	I	F	Y	W	H	M	C	P
0	0.01734	0.01395	0.01838	0.06429	0.11381	0.01434	0.01333	0.13007	0.02117	0.02856	0.03428	0.13854	0.12157	0.07593	0.10148	0.00464	0.00967	0.01220	0.00632	0.06014
1	0.02405	0.16812	0.02995	0.02502	0.14346	0.12144	0.01758	0.12098	0.08447	0.02856	0.01695	0.01988	0.01405	0.01222	0.04199	0.00307	0.10440	0.00690	0.00520	0.01169
2	0.02208	0.06988	0.07889	0.02061	0.02686	0.09778	0.10998	0.02897	0.09885	0.07019	0.01829	0.02072	0.01433	0.00912	0.01060	0.00243	0.10351	0.00713	0.00531	0.18447
3	0.01321	0.00991	0.01197	0.01135	0.01421	0.00888	0.00845	0.01581	0.01677	0.02385	0.03867	0.18883	0.12876	0.08615	0.09783	0.00450	0.00787	0.04962	0.08229	0.18108
4	0.05205	0.01294	0.01583	0.01535	0.06031	0.01297	0.01076	0.10931	0.02158	0.09206	0.12981	0.04413	0.12287	0.12807	0.10014	0.00492	0.00894	0.01119	0.00713	0.03965
5	0.12210	0.08528	0.02693	0.02652	0.16799	0.11988	0.01787	0.02742	0.08014	0.02614	0.01515	0.01894	0.01291	0.01028	0.01324	0.00281	0.20409	0.00676	0.00464	0.01093
6	0.02215	0.02056	0.02008	0.14719	0.02821	0.14566	0.01451	0.15828	0.02418	0.03064	0.02813	0.03005	0.11241	0.01081	0.00807	0.00236	0.00929	0.00849	0.06633	0.11260

[dist]
# distance from previous block
# <min> <max>
0	2

[block]
# block no. 8 follows, 21 sequences, length 20
# corresponding to MSA columns:
# 676-695
name=unknown_I
#
# <colnr> <probs for GDERKNQSTAVLIFYWHMCP>
#	G	D	E	R	K	N	Q	S	T	A	V	L	I	F	Y	W	H	M	C	P
0	0.14560	0.08906	0.12672	0.02432	0.17522	0.01769	0.01804	0.02283	0.01852	0.02848	0.07593	0.03869	0.06504	0.01210	0.00833	0.00277	0.00854	0.10611	0.00551	0.01052
1	0.10714	0.10452	0.08804	0.08026	0.17309	0.12086	0.01902	0.03032	0.07930	0.09259	0.01812	0.02020	0.01389	0.00859	0.00762	0.00249	0.01012	0.00674	0.00529	0.01183
2	0.01923	0.11687	0.01911	0.01381	0.01771	0.01592	0.01094	0.08111	0.12644	0.09716	0.04155	0.24549	0.12685	0.01699	0.00907	0.00284	0.00646	0.01445	0.00774	0.01025
3	0.01965	0.09089	0.10981	0.01542	0.02095	0.01779	0.01411	0.13010	0.08882	0.03084	0.02178	0.02673	0.01805	0.07376	0.10317	0.00436	0.01022	0.00774	0.11334	0.08247
4	0.02054	0.02016	0.03179	0.12028	0.51937	0.05291	0.02443	0.02539	0.01935	0.02653	0.01898	0.02374	0.04201	0.00839	0.00847	0.00256	0.01026	0.00795	0.00434	0.01255
5	0.01155	0.00867	0.01074	0.01055	0.01269	0.00786	0.00798	0.01496	0.02221	0.03012	0.43417	0.10551	0.21825	0.01933	0.01019	0.00284	0.00437	0.05144	0.00883	0.00774
6	0.01216	0.00912	0.01368	0.01368	0.01520	0.01064	0.01064	0.01520	0.01368	0.01976	0.02279	0.03343	0.02127	0.06382	0.66720	0.01368	0.02279	0.00912	0.00456	0.00760
7	0.01092	0.00783	0.01037	0.01147	0.01247	0.00728	0.00794	0.01324	0.01887	0.02583	0.24434	0.48623	0.06423	0.02359	0.01059	0.00320	0.00463	0.02128	0.00839	0.00728
8	0.02225	0.02247	0.03339	0.04888	0.57895	0.09188	0.02505	0.02699	0.01990	0.02703	0.01569	0.02043	0.01320	0.00771	0.00834	0.00249	0.01069	0.00735	0.00423	0.01308
9	0.01677	0.01232	0.01409	0.01238	0.01520	0.01204	0.00879	0.13133	0.01998	0.02754	0.06202	0.15644	0.03189	0.28908	0.02255	0.00478	0.00730	0.01247	0.00651	0.13651
10	0.07133	0.01260	0.01440	0.01218	0.01642	0.01224	0.00966	0.08296	0.04955	0.17563	0.14936	0.03823	0.08220	0.01220	0.00800	0.00243	0.00570	0.00999	0.18198	0.05295
11	0.02239	0.02040	0.01820	0.01667	0.02009	0.16771	0.01254	0.21049	0.02568	0.03167	0.03057	0.32115	0.03235	0.01723	0.00937	0.00287	0.00879	0.01455	0.00727	0.01001
12	0.01863	0.01571	0.01817	0.01307	0.02058	0.01235	0.01049	0.06128	0.01914	0.02946	0.01548	0.01783	0.01273	0.00656	0.00645	0.00135	0.00651	0.00522	0.00527	0.70373
13	0.01829	0.01274	0.01491	0.01366	0.01648	0.01325	0.01032	0.12367	0.10047	0.06679	0.15465	0.11383	0.04129	0.17676	0.01758	0.00420	0.00697	0.07684	0.00790	0.00939
14	0.01208	0.00886	0.01269	0.01282	0.01401	0.00999	0.00953	0.01450	0.01363	0.01934	0.02506	0.08073	0.02521	0.16874	0.51889	0.01209	0.01917	0.01066	0.00488	0.00714
15	0.01817	0.01513	0.02106	0.01785	0.02015	0.01791	0.06254	0.11568	0.01832	0.02622	0.01962	0.02991	0.01828	0.14085	0.18189	0.00657	0.20419	0.00897	0.04757	0.00913
16	0.01122	0.00890	0.01312	0.01337	0.01491	0.00821	0.05789	0.01339	0.01740	0.02299	0.08102	0.53129	0.12596	0.02394	0.01065	0.00330	0.00559	0.02180	0.00768	0.00738
17	0.02184	0.02952	0.23239	0.02041	0.02771	0.11825	0.04025	0.16406	0.02453	0.03167	0.02748	0.03616	0.07808	0.01227	0.00893	0.00279	0.01081	0.09558	0.00594	0.01134
18	0.23844	0.02419	0.20539	0.02131	0.07687	0.01785	0.07534	0.05677	0.01818	0.03095	0.02043	0.13845	0.01907	0.01133	0.00798	0.00281	0.00922	0.00953	0.00525	0.01064
19	0.10379	0.02638	0.13540	0.03056	0.22567	0.12166	0.05419	0.02922	0.09621	0.02820	0.01777	0.02098	0.01413	0.01158	0.04569	0.00322	0.01151	0.00718	0.00483	0.01183

[dist]
# distance from previous block
# <min> <max>
1	8

[block]
# block no. 9 follows, 21 sequences, length 22
# corresponding to MSA columns:
# 704-725
name=unknown_J
#
# <colnr> <probs for GDERKNQSTAVLIFYWHMCP>
#	G	D	E	R	K	N	Q	S	T	A	V	L	I	F	Y	W	H	M	C	P
0	0.02389	0.06669	0.10462	0.01824	0.02508	0.19433	0.01602	0.09762	0.11315	0.02945	0.01792	0.01925	0.01402	0.00848	0.00746	0.00212	0.01014	0.00627	0.00553	0.21971
1	0.08573	0.11050	0.02306	0.01696	0.02180	0.15628	0.01376	0.08334	0.13701	0.10303	0.02399	0.02484	0.04479	0.01477	0.06235	0.00345	0.04910	0.00760	0.00640	0.01125
2	0.14225	0.15038	0.12557	0.02298	0.13766	0.02232	0.01806	0.13564	0.02190	0.03301	0.04449	0.01962	0.01513	0.00850	0.00723	0.00235	0.00900	0.00651	0.00529	0.07211
3	0.02010	0.02184	0.09792	0.02324	0.12724	0.05513	0.01734	0.05525	0.14509	0.02900	0.01956	0.02215	0.01566	0.01219	0.04798	0.00301	0.06450	0.00713	0.00546	0.21020
4	0.07971	0.07762	0.12370	0.02089	0.06037	0.02035	0.05854	0.09954	0.01915	0.02860	0.01629	0.02100	0.01358	0.01920	0.13078	0.00462	0.11403	0.00709	0.00478	0.08014
5	0.02253	0.15757	0.03142	0.02292	0.08083	0.12816	0.10595	0.07138	0.02040	0.02606	0.01612	0.05045	0.01424	0.00922	0.00950	0.00231	0.07263	0.00734	0.00476	0.14620
6	0.01503	0.01201	0.01672	0.01555	0.01707	0.01480	0.01241	0.05207	0.01536	0.02272	0.02042	0.02927	0.01867	0.04612	0.44131	0.01001	0.16772	0.00858	0.05576	0.00840
7	0.02276	0.52981	0.03964	0.01654	0.02230	0.08410	0.01543	0.02529	0.01710	0.02017	0.01182	0.01467	0.01097	0.00875	0.00962	0.00219	0.12944	0.00514	0.00372	0.01055
8	0.01220	0.00931	0.01161	0.01275	0.01509	0.00871	0.01071	0.01539	0.01951	0.02444	0.06209	0.09016	0.29540	0.02270	0.01105	0.00349	0.00638	0.35358	0.00786	0.00757
9	0.01097	0.00941	0.00949	0.00933	0.01236	0.00833	0.00704	0.01491	0.06954	0.02402	0.08199	0.07780	0.59381	0.02073	0.00994	0.00287	0.00451	0.01728	0.00796	0.00770
10	0.01593	0.00919	0.01044	0.01008	0.01224	0.00973	0.00774	0.05488	0.01814	0.03005	0.02607	0.03147	0.02123	0.02346	0.17206	0.00495	0.00902	0.00821	0.51687	0.00824
11	0.02671	0.03112	0.02467	0.23636	0.03684	0.41159	0.01877	0.07027	0.02290	0.02338	0.01430	0.01809	0.01133	0.00878	0.00800	0.00243	0.01363	0.00631	0.00447	0.01005
12	0.01244	0.00903	0.01323	0.01323	0.01479	0.01043	0.01027	0.01556	0.01400	0.02068	0.02318	0.03330	0.02132	0.05965	0.61595	0.01277	0.02134	0.00903	0.06219	0.00762
13	0.01238	0.00825	0.00928	0.00928	0.00928	0.00825	0.00516	0.01238	0.01238	0.01650	0.02681	0.05569	0.03094	0.70092	0.04331	0.00825	0.00825	0.01238	0.00516	0.00516
14	0.01291	0.00861	0.01113	0.01113	0.01221	0.00933	0.00791	0.01508	0.01399	0.02082	0.02507	0.04073	0.02468	0.27186	0.33336	0.00969	0.01439	0.01002	0.14026	0.00682
15	0.01800	0.19369	0.32908	0.01977	0.02878	0.02101	0.05257	0.02453	0.01738	0.02469	0.01589	0.01951	0.01272	0.01440	0.08568	0.00366	0.01225	0.00637	0.03128	0.06874
16	0.08532	0.20484	0.32303	0.02166	0.05788	0.06286	0.02295	0.02623	0.01749	0.02530	0.01365	0.01656	0.01085	0.00848	0.00891	0.00252	0.07037	0.00582	0.00384	0.01145
17	0.06058	0.01568	0.02484	0.14339	0.24585	0.01649	0.05861	0.02307	0.06765	0.02632	0.02556	0.20425	0.02541	0.01321	0.00904	0.00289	0.00873	0.01223	0.00556	0.01062
18	0.02833	0.17789	0.02975	0.01986	0.02573	0.28290	0.04983	0.19501	0.02665	0.03032	0.01845	0.01986	0.04077	0.00934	0.00767	0.00228	0.01176	0.00672	0.00554	0.01136
19	0.15220	0.17533	0.14201	0.13268	0.03112	0.18765	0.01875	0.02719	0.01862	0.02497	0.01337	0.01646	0.01068	0.00813	0.00700	0.00239	0.01128	0.00564	0.00413	0.01040
20	0.02339	0.18127	0.12409	0.05261	0.13356	0.21072	0.01997	0.02754	0.01945	0.02316	0.01372	0.01700	0.01148	0.00840	0.00872	0.00232	0.05805	0.00595	0.00404	0.05457
21	0.02100	0.02087	0.06538	0.03141	0.24972	0.04942	0.04832	0.10723	0.02059	0.02874	0.01857	0.05813	0.01681	0.06410	0.01458	0.00322	0.12731	0.00876	0.03448	0.01138

[dist]
# distance from previous block
# <min> <max>
7	172

[block]
# block no. 10 follows, 21 sequences, length 7
# corresponding to MSA columns:
# 923-929
name=unknown_K
#
# <colnr> <probs for GDERKNQSTAVLIFYWHMCP>
#	G	D	E	R	K	N	Q	S	T	A	V	L	I	F	Y	W	H	M	C	P
0	0.01974	0.02041	0.01932	0.02158	0.12609	0.17301	0.01396	0.02724	0.15751	0.02598	0.04087	0.10710	0.18377	0.01434	0.00897	0.00271	0.00859	0.01193	0.00659	0.01029
1	0.01942	0.01789	0.02638	0.08669	0.25921	0.02030	0.01967	0.08508	0.01963	0.02726	0.02623	0.03013	0.11302	0.01217	0.01405	0.00294	0.19453	0.00920	0.00509	0.01110
2	0.12263	0.12725	0.02875	0.10371	0.25591	0.02149	0.01868	0.08691	0.02047	0.07101	0.01695	0.02015	0.01332	0.00828	0.00742	0.00244	0.00900	0.00679	0.04694	0.01190
3	0.02114	0.02501	0.07646	0.09562	0.16123	0.22270	0.01826	0.02547	0.02181	0.02660	0.18711	0.03082	0.03056	0.01080	0.00861	0.00251	0.01045	0.00894	0.00558	0.01033
4	0.01990	0.02596	0.20170	0.13865	0.28057	0.02038	0.02521	0.06527	0.08511	0.02907	0.01793	0.02157	0.01379	0.00846	0.00838	0.00266	0.01058	0.00745	0.00472	0.01265
5	0.02044	0.06196	0.15772	0.01942	0.05244	0.19345	0.01716	0.05398	0.02167	0.02634	0.11684	0.03508	0.13244	0.01233	0.00942	0.00258	0.04139	0.00951	0.00567	0.01014
6	0.19511	0.25215	0.06655	0.01432	0.02014	0.10402	0.01308	0.04928	0.01875	0.02762	0.02170	0.02316	0.07673	0.00950	0.00651	0.00227	0.00857	0.00662	0.07395	0.00998

[dist]
# distance from previous block
# <min> <max>
0	1

[block]
# block no. 11 follows, 21 sequences, length 14
# corresponding to MSA columns:
# 931-944
name=unknown_L
#
# <colnr> <probs for GDERKNQSTAVLIFYWHMCP>
#	G	D	E	R	K	N	Q	S	T	A	V	L	I	F	Y	W	H	M	C	P
0	0.02295	0.02233	0.02485	0.06148	0.20239	0.14630	0.01783	0.10595	0.09442	0.02841	0.01935	0.02545	0.01661	0.09081	0.03605	0.00364	0.05649	0.00802	0.00541	0.01126
1	0.01939	0.09649	0.02454	0.02634	0.22130	0.06944	0.01601	0.05740	0.01986	0.04646	0.03103	0.11068	0.11272	0.01902	0.08803	0.00393	0.01033	0.01080	0.00565	0.01056
2	0.01891	0.01898	0.02223	0.05647	0.09826	0.13135	0.07197	0.02404	0.06867	0.02509	0.02680	0.19810	0.02708	0.01389	0.00900	0.00269	0.00921	0.05082	0.00590	0.12054
3	0.01870	0.01911	0.02668	0.02165	0.02603	0.13199	0.20705	0.02303	0.01812	0.02380	0.01985	0.02659	0.01678	0.02919	0.25741	0.00673	0.01648	0.00862	0.09290	0.00930
4	0.01721	0.02321	0.19329	0.02844	0.19376	0.01692	0.06098	0.02545	0.10424	0.02708	0.02640	0.19425	0.02542	0.01312	0.00910	0.00288	0.00926	0.01194	0.00562	0.01142
5	0.01587	0.01633	0.08684	0.02298	0.15388	0.01398	0.01549	0.04993	0.09986	0.02695	0.03395	0.35709	0.03616	0.01776	0.00963	0.00306	0.00732	0.01597	0.00677	0.01017
6	0.11080	0.19950	0.06709	0.01591	0.02103	0.21634	0.01389	0.02620	0.01880	0.02472	0.01605	0.01926	0.01345	0.01380	0.07096	0.00327	0.01145	0.00594	0.12181	0.00971
7	0.14157	0.01275	0.01224	0.01203	0.01449	0.07273	0.00891	0.01801	0.02018	0.02971	0.28926	0.21305	0.08889	0.01756	0.00921	0.00283	0.00579	0.01500	0.00773	0.00807
8	0.01483	0.01217	0.01355	0.01330	0.01616	0.01283	0.00987	0.02581	0.26656	0.02877	0.10703	0.24333	0.16466	0.01864	0.00973	0.00303	0.00545	0.01621	0.00835	0.00972
9	0.02746	0.03413	0.08541	0.05582	0.03243	0.37322	0.13871	0.10108	0.02432	0.02661	0.01512	0.01806	0.01177	0.00855	0.00833	0.00245	0.01400	0.00683	0.00476	0.01096
10	0.01283	0.00868	0.01301	0.01301	0.01415	0.00981	0.00981	0.01415	0.01301	0.01848	0.02075	0.03150	0.01961	0.05507	0.50513	0.20254	0.01886	0.00868	0.00434	0.00660
11	0.29281	0.01967	0.01985	0.11273	0.13712	0.11383	0.01520	0.02551	0.04665	0.02954	0.02316	0.02552	0.08688	0.00985	0.00737	0.00262	0.00891	0.00750	0.00521	0.01007
12	0.01668	0.02293	0.25878	0.01615	0.02295	0.01293	0.01741	0.02241	0.02046	0.10205	0.17092	0.04785	0.17870	0.01428	0.00920	0.00278	0.00792	0.03836	0.00688	0.01033
13	0.01892	0.02964	0.29269	0.10081	0.33704	0.01990	0.02810	0.02604	0.01856	0.02687	0.01562	0.01993	0.01215	0.00788	0.00829	0.00263	0.01126	0.00704	0.00391	0.01272

[dist]
# distance from previous block
# <min> <max>
10	16

[block]
# block no. 12 follows, 21 sequences, length 7
# corresponding to MSA columns:
# 961-967
name=unknown_M
#
# <colnr> <probs for GDERKNQSTAVLIFYWHMCP>
#	G	D	E	R	K	N	Q	S	T	A	V	L	I	F	Y	W	H	M	C	P
0	0.01460	0.01330	0.01375	0.01492	0.04642	0.10032	0.01005	0.01675	0.01759	0.02220	0.09467	0.25640	0.08913	0.11325	0.13169	0.00554	0.01012	0.01521	0.00642	0.00769
1	0.01279	0.01004	0.01488	0.01452	0.01589	0.01214	0.01141	0.01571	0.01361	0.01983	0.02166	0.03199	0.02029	0.05906	0.60494	0.01271	0.08732	0.00896	0.00448	0.00776
2	0.01785	0.01704	0.02311	0.01914	0.02289	0.11084	0.16406	0.02181	0.01761	0.02400	0.02116	0.02907	0.01830	0.06872	0.23352	0.00658	0.01494	0.00877	0.15177	0.00884
3	0.02117	0.01828	0.01924	0.01732	0.02213	0.02117	0.01347	0.04522	0.63246	0.03560	0.03464	0.03175	0.02598	0.01155	0.00866	0.00289	0.00673	0.00962	0.00866	0.01347
4	0.01428	0.01145	0.01582	0.01481	0.01572	0.01420	0.01151	0.01660	0.01367	0.02052	0.02073	0.03280	0.02012	0.14717	0.33418	0.00905	0.19876	0.00908	0.07183	0.00770
5	0.02783	0.15336	0.03063	0.07585	0.02994	0.34200	0.07466	0.11836	0.02430	0.02629	0.01456	0.01714	0.01170	0.00854	0.00770	0.00230	0.01291	0.00625	0.00481	0.01087
6	0.02115	0.02756	0.14518	0.12294	0.10981	0.16872	0.04957	0.02632	0.01946	0.02506	0.01491	0.01861	0.01181	0.00775	0.00774	0.00222	0.01123	0.00632	0.00429	0.19936

[dist]
# distance from previous block
# <min> <max>
0	4

[block]
# block no. 13 follows, 21 sequences, length 23
# corresponding to MSA columns:
# 972-994
name=unknown_N
#
# <colnr> <probs for GDERKNQSTAVLIFYWHMCP>
#	G	D	E	R	K	N	Q	S	T	A	V	L	I	F	Y	W	H	M	C	P
0	0.01063	0.00809	0.00986	0.01114	0.01262	0.00732	0.00803	0.01261	0.01774	0.02258	0.06048	0.41485	0.26158	0.02453	0.01068	0.00330	0.00503	0.08393	0.00789	0.00711
