[name]
unknown

[dist]
# distance from previous block
# <min> <max>
1	69

[block]
# block no. 0 follows, 22 sequences, length 6
# corresponding to MSA columns:
# 81-86
name=unknown_A
#
# <colnr> <probs for GDERKNQSTAVLIFYWHMCP>
#	G	D	E	R	K	N	Q	S	T	A	V	L	I	F	Y	W	H	M	C	P
0	0.27233	0.01631	0.04814	0.01891	0.11782	0.01598	0.01314	0.09185	0.01932	0.07272	0.02772	0.14946	0.07923	0.01270	0.00777	0.00272	0.00710	0.01035	0.00631	0.01013
1	0.01637	0.01574	0.02136	0.02335	0.14957	0.08869	0.08747	0.01959	0.01839	0.02407	0.11495	0.20188	0.03479	0.08689	0.05542	0.00398	0.00946	0.01319	0.00588	0.00897
2	0.01856	0.06689	0.02413	0.02794	0.27512	0.01693	0.01634	0.02252	0.01742	0.02682	0.01792	0.02229	0.01491	0.00870	0.00929	0.00225	0.08710	0.00696	0.21625	0.10168
3	0.11589	0.01579	0.02102	0.02420	0.20871	0.01589	0.01489	0.09751	0.02161	0.19626	0.02242	0.02376	0.01635	0.00895	0.00740	0.00240	0.00741	0.00737	0.16025	0.01191
4	0.02184	0.05696	0.02482	0.19441	0.07872	0.22099	0.01815	0.02768	0.09419	0.02268	0.01621	0.02042	0.01328	0.01212	0.04278	0.00315	0.11011	0.00692	0.00450	0.01008
5	0.02109	0.02536	0.07129	0.01920	0.06030	0.26171	0.01492	0.05523	0.02122	0.02419	0.06950	0.03635	0.18802	0.01298	0.01042	0.00258	0.08094	0.00969	0.00556	0.00943

[dist]
# distance from previous block
# <min> <max>
55	120

[block]
# block no. 1 follows, 22 sequences, length 72
# corresponding to MSA columns:
# 223-294
name=unknown_B
#
# <colnr> <probs for GDERKNQSTAVLIFYWHMCP>
#	G	D	E	R	K	N	Q	S	T	A	V	L	I	F	Y	W	H	M	C	P
0	0.04753	0.11555	0.21582	0.01973	0.05160	0.13406	0.04408	0.02430	0.01968	0.02609	0.15788	0.02748	0.02649	0.01252	0.04018	0.00295	0.01067	0.00806	0.00508	0.01023
1	0.02279	0.22826	0.11011	0.02558	0.13754	0.19609	0.07892	0.02705	0.01969	0.02330	0.04629	0.01893	0.01475	0.00813	0.00739	0.00224	0.01133	0.00648	0.00419	0.01093
2	0.01694	0.02826	0.32459	0.06669	0.03009	0.01704	0.02139	0.02529	0.07484	0.02627	0.01680	0.01984	0.01295	0.01088	0.04259	0.00289	0.04347	0.00640	0.00441	0.20838
3	0.02096	0.08046	0.19589	0.02197	0.02910	0.22163	0.13520	0.02603	0.01998	0.02340	0.02574	0.02760	0.11621	0.01003	0.00827	0.00248	0.01188	0.00834	0.00457	0.01027
4	0.01649	0.01071	0.01366	0.01295	0.01566	0.01060	0.00984	0.02167	0.09397	0.10879	0.11129	0.17065	0.03799	0.09276	0.12170	0.00509	0.00875	0.06742	0.00732	0.06270
5	0.01957	0.01895	0.01493	0.01449	0.01729	0.23076	0.01062	0.02155	0.01983	0.08066	0.04163	0.27904	0.16268	0.01767	0.00919	0.00277	0.00830	0.01481	0.00680	0.00845
6	0.02138	0.01739	0.06785	0.15922	0.02924	0.01872	0.01760	0.02583	0.04024	0.16824	0.07730	0.02580	0.01990	0.01190	0.01530	0.00302	0.25646	0.00826	0.00583	0.01052
7	0.01577	0.00929	0.01189	0.01107	0.01374	0.00831	0.00835	0.01885	0.02154	0.14297	0.34524	0.16400	0.16074	0.01794	0.00967	0.00276	0.00468	0.01565	0.00887	0.00866
8	0.03109	0.03798	0.02368	0.02118	0.02569	0.61044	0.01603	0.09212	0.02508	0.02350	0.01354	0.01547	0.01104	0.00870	0.00757	0.00218	0.01440	0.00556	0.00468	0.01008
9	0.03007	0.03757	0.02310	0.02098	0.02530	0.61397	0.01578	0.03419	0.08088	0.02167	0.01479	0.01647	0.01206	0.00881	0.00758	0.00220	0.01420	0.00573	0.00467	0.00996
10	0.01024	0.00746	0.00965	0.01115	0.01200	0.00688	0.00758	0.01198	0.01691	0.02245	0.10587	0.58119	0.11662	0.02469	0.01045	0.00325	0.00468	0.02221	0.00784	0.00688
11	0.01549	0.00774	0.00774	0.00774	0.00968	0.00774	0.00581	0.01936	0.01742	0.03097	0.02710	0.03097	0.02129	0.00968	0.00581	0.00194	0.00387	0.00774	0.75416	0.00774
12	0.01922	0.01825	0.03016	0.10514	0.51991	0.01860	0.02315	0.02476	0.04506	0.02652	0.02204	0.02611	0.06686	0.00879	0.00837	0.00254	0.00937	0.00833	0.00456	0.01228
13	0.02056	0.01974	0.03372	0.05099	0.65622	0.01974	0.02550	0.02550	0.01892	0.02714	0.01563	0.02056	0.01316	0.00740	0.00822	0.00247	0.00987	0.00740	0.00411	0.01316
14	0.00982	0.00842	0.00842	0.00842	0.01122	0.00701	0.00631	0.01192	0.01894	0.02244	0.08416	0.07995	0.65285	0.02104	0.00982	0.00281	0.00421	0.01753	0.00771	0.00701
15	0.01192	0.00868	0.01222	0.01222	0.01331	0.00977	0.00897	0.01411	0.01302	0.01845	0.02329	0.03836	0.02325	0.23239	0.50843	0.01196	0.01851	0.00974	0.00460	0.00679
16	0.01468	0.15783	0.02059	0.01406	0.01647	0.01644	0.01158	0.01726	0.01394	0.01918	0.01916	0.02870	0.01834	0.09236	0.42466	0.00957	0.08482	0.00803	0.00422	0.00809
17	0.01038	0.00771	0.00976	0.01128	0.01239	0.00708	0.00798	0.01220	0.01686	0.02183	0.05368	0.51108	0.17997	0.02467	0.01053	0.00330	0.00497	0.07973	0.00771	0.00689
18	0.25442	0.02109	0.02108	0.01663	0.02282	0.02360	0.01373	0.44540	0.03150	0.04778	0.01741	0.01799	0.01257	0.00929	0.00735	0.00252	0.00832	0.00658	0.00735	0.01257
19	0.01997	0.01987	0.02964	0.10762	0.48376	0.07376	0.02268	0.02446	0.01908	0.02554	0.02167	0.02576	0.07213	0.00886	0.00832	0.00250	0.00989	0.00817	0.00442	0.01190
20	0.03109	0.03798	0.02368	0.02118	0.02569	0.61044	0.01603	0.09212	0.02508	0.02350	0.01354	0.01547	0.01104	0.00870	0.00757	0.00218	0.01440	0.00556	0.00468	0.01008
21	0.44813	0.01880	0.01894	0.12956	0.12864	0.08408	0.01471	0.02494	0.01626	0.03130	0.01288	0.01622	0.01019	0.00784	0.00640	0.00254	0.00860	0.00553	0.00465	0.00978
22	0.01087	0.00846	0.00988	0.00952	0.01187	0.00746	0.00714	0.01397	0.02143	0.02837	0.39344	0.07020	0.33987	0.01883	0.00981	0.00270	0.00405	0.01617	0.00849	0.00746
23	0.02056	0.01974	0.03372	0.05099	0.65622	0.01974	0.02550	0.02550	0.01892	0.02714	0.01563	0.02056	0.01316	0.00740	0.00822	0.00247	0.00987	0.00740	0.00411	0.01316
24	0.02959	0.14992	0.02682	0.02022	0.02497	0.56955	0.01575	0.03181	0.02245	0.02020	0.01263	0.01471	0.01069	0.00832	0.00714	0.00208	0.01398	0.00520	0.00416	0.00980
25	0.01748	0.03809	0.53225	0.02942	0.16639	0.01939	0.02960	0.02614	0.01783	0.02648	0.01506	0.01817	0.01108	0.00779	0.00796	0.00260	0.01177	0.00640	0.00363	0.01246
26	0.02458	0.02997	0.10889	0.03475	0.30882	0.25287	0.02210	0.07165	0.02183	0.02643	0.01486	0.01815	0.01202	0.00806	0.00793	0.00237	0.01194	0.00652	0.00440	0.01186
27	0.01424	0.02355	0.27790	0.01839	0.02490	0.01358	0.07823	0.02037	0.01948	0.02785	0.23323	0.14514	0.04071	0.01382	0.00916	0.00276	0.00843	0.01234	0.00615	0.00978
28	0.01443	0.00722	0.01082	0.01082	0.01082	0.00722	0.00722	0.01082	0.01082	0.01443	0.01443	0.02525	0.01443	0.02886	0.03247	0.75830	0.00722	0.00722	0.00361	0.00361
29	0.01748	0.02263	0.14606	0.07660	0.24993	0.08116	0.01998	0.02229	0.01895	0.02456	0.03444	0.03625	0.19228	0.01151	0.00854	0.00258	0.00933	0.00981	0.00500	0.01063
30	0.01946	0.02035	0.02602	0.10824	0.08611	0.11188	0.04420	0.02238	0.01561	0.02109	0.01315	0.01966	0.01188	0.01535	0.06574	0.00387	0.37439	0.00726	0.00386	0.00953
31	0.01232	0.00957	0.01422	0.01396	0.01534	0.01147	0.01094	0.01521	0.01331	0.01934	0.02144	0.03160	0.02006	0.05887	0.62858	0.01265	0.07043	0.00878	0.00439	0.00754
32	0.01007	0.00742	0.00944	0.01105	0.01191	0.00679	0.00748	0.01163	0.01640	0.02141	0.05208	0.60053	0.15298	0.02521	0.01047	0.00328	0.00472	0.02262	0.00771	0.00679
33	0.01168	0.01050	0.00989	0.00987	0.01228	0.05462	0.00718	0.01373	0.01885	0.02263	0.11891	0.13395	0.45456	0.06966	0.01206	0.00318	0.00529	0.01667	0.00740	0.00710
34	0.01766	0.10181	0.50640	0.02466	0.03582	0.02083	0.12669	0.02623	0.01782	0.02573	0.01491	0.01795	0.01088	0.00767	0.00797	0.00258	0.01225	0.00658	0.00363	0.01195
35	0.01339	0.00887	0.01177	0.01146	0.01316	0.00899	0.00841	0.01579	0.01654	0.06798	0.15217	0.09448	0.09862	0.16743	0.26490	0.00775	0.01189	0.01255	0.00644	0.00743
36	0.12971	0.03861	0.05924	0.01187	0.01487	0.01222	0.01005	0.01842	0.01484	0.02530	0.02133	0.02960	0.01891	0.09813	0.26170	0.00699	0.01240	0.00787	0.19997	0.00798
37	0.01986	0.01902	0.03245	0.14282	0.56988	0.01955	0.02515	0.02488	0.01858	0.02629	0.01550	0.02079	0.01286	0.00753	0.00824	0.00251	0.01004	0.00740	0.00405	0.01259
38	0.01666	0.04297	0.66500	0.02368	0.03596	0.01929	0.03069	0.02631	0.01754	0.02631	0.01491	0.01754	0.01052	0.00789	0.00789	0.00263	0.01228	0.00614	0.00351	0.01228
39	0.02008	0.02894	0.22347	0.03035	0.23804	0.12580	0.02255	0.02760	0.08118	0.02609	0.02312	0.02526	0.07254	0.00939	0.00817	0.00253	0.01060	0.00781	0.00472	0.01174
40	0.01950	0.02455	0.17004	0.07354	0.49512	0.01958	0.02651	0.02548	0.01851	0.02670	0.01543	0.01998	0.01250	0.00755	0.00816	0.00252	0.01044	0.00713	0.00396	0.01279
41	0.02925	0.03674	0.02260	0.02065	0.02468	0.61302	0.01553	0.03147	0.02260	0.02023	0.01371	0.01662	0.01164	0.01355	0.06947	0.00318	0.01566	0.00568	0.00430	0.00943
42	0.01292	0.00973	0.01315	0.01269	0.01352	0.01136	0.00934	0.01479	0.01306	0.01891	0.02238	0.03800	0.02271	0.26962	0.34767	0.00977	0.10092	0.00970	0.04290	0.00685
43	0.01940	0.13589	0.12288	0.03060	0.25052	0.02271	0.02135	0.02374	0.01663	0.02389	0.01355	0.01808	0.01172	0.00922	0.01257	0.00260	0.18969	0.00652	0.00387	0.06459
44	0.01259	0.00973	0.01314	0.01269	0.01326	0.01064	0.02953	0.01375	0.01356	0.01863	0.02865	0.21717	0.03268	0.35027	0.09385	0.00660	0.09723	0.01410	0.00547	0.00646
45	0.01050	0.00832	0.00944	0.00941	0.01170	0.00726	0.00696	0.01314	0.02017	0.02596	0.27024	0.13593	0.40117	0.02018	0.00989	0.00280	0.00417	0.01730	0.00819	0.00726
46	0.02519	0.02349	0.02977	0.03768	0.38677	0.11156	0.02138	0.20133	0.02539	0.03351	0.01650	0.01962	0.01310	0.00831	0.00815	0.00243	0.01036	0.00714	0.00535	0.01295
47	0.01514	0.01383	0.01324	0.01260	0.01581	0.06764	0.00950	0.02389	0.20942	0.02698	0.11541	0.11555	0.29469	0.01707	0.00928	0.00279	0.00587	0.01434	0.00779	0.00916
48	0.02056	0.01974	0.03372	0.05099	0.65622	0.01974	0.02550	0.02550	0.01892	0.02714	0.01563	0.02056	0.01316	0.00740	0.00822	0.00247	0.00987	0.00740	0.00411	0.01316
49	0.02851	0.03377	0.08128	0.02275	0.02880	0.38022	0.09397	0.17568	0.02629	0.02937	0.01523	0.01733	0.01175	0.00865	0.00801	0.00235	0.01322	0.00649	0.00518	0.01114
50	0.01087	0.00841	0.01005	0.01078	0.01280	0.00759	0.00828	0.01341	0.01888	0.02400	0.13597	0.21389	0.32843	0.02202	0.01033	0.00312	0.00503	0.14108	0.00787	0.00719
51	0.01194	0.00800	0.00910	0.00924	0.00927	0.00796	0.00522	0.01204	0.01235	0.01647	0.02757	0.10047	0.03196	0.65953	0.04003	0.00772	0.00782	0.01290	0.00522	0.00516
52	0.01229	0.00878	0.01213	0.01405	0.01548	0.00862	0.01149	0.01532	0.01805	0.02364	0.04459	0.29741	0.05020	0.02398	0.01118	0.00367	0.00670	0.40739	0.00767	0.00735
53	0.01010	0.00731	0.00955	0.01134	0.01199	0.00677	0.00761	0.01159	0.01612	0.02129	0.04852	0.65833	0.09747	0.02567	0.01055	0.00333	0.00478	0.02318	0.00771	0.00677
54	0.01012	0.00723	0.00964	0.01157	0.01205	0.00675	0.00771	0.01157	0.01591	0.02121	0.04579	0.70262	0.05495	0.02603	0.01060	0.00337	0.00482	0.02362	0.00771	0.00675
55	0.01006	0.00748	0.00938	0.01090	0.01188	0.00680	0.00742	0.01164	0.01654	0.02147	0.05386	0.57168	0.18068	0.02498	0.01044	0.00325	0.00469	0.02234	0.00771	0.00680
56	0.76672	0.01607	0.01221	0.01092	0.01607	0.01864	0.00900	0.02442	0.01414	0.03727	0.01157	0.01350	0.00900	0.00771	0.00514	0.00257	0.00643	0.00450	0.00514	0.00900
57	0.01001	0.00768	0.00918	0.01037	0.01174	0.00685	0.00718	0.01170	0.01705	0.02167	0.06033	0.46667	0.28152	0.02414	0.01031	0.00316	0.00459	0.02131	0.00771	0.00685
58	0.02421	0.01907	0.02020	0.01704	0.02224	0.02157	0.01357	0.25241	0.37996	0.04081	0.02835	0.02702	0.02103	0.01069	0.00821	0.00264	0.00730	0.00859	0.06198	0.01311
59	0.02228	0.02299	0.03205	0.04614	0.55293	0.12703	0.02395	0.02675	0.01967	0.02603	0.01517	0.01965	0.01276	0.00759	0.00810	0.00241	0.01071	0.00707	0.00414	0.01258
60	0.02547	0.01836	0.02001	0.01640	0.02129	0.01998	0.01310	0.43847	0.03205	0.04369	0.02609	0.16460	0.02342	0.01332	0.00854	0.00262	0.00771	0.01090	0.08203	0.01194
61	0.02183	0.02480	0.06470	0.04029	0.34759	0.12738	0.19825	0.02711	0.01981	0.02583	0.01548	0.02005	0.01248	0.00750	0.00855	0.00252	0.01201	0.00771	0.00414	0.01198
62	0.14354	0.09162	0.17512	0.02347	0.12724	0.02091	0.01948	0.02301	0.01559	0.02542	0.01411	0.01883	0.01198	0.01546	0.08874	0.00397	0.16057	0.00647	0.00402	0.01045
63	0.01627	0.01521	0.02102	0.02312	0.15174	0.01766	0.01536	0.02111	0.07866	0.02455	0.07905	0.03934	0.18670	0.01460	0.01556	0.00302	0.25088	0.01076	0.00568	0.00971
64	0.01065	0.00845	0.00956	0.00929	0.01173	0.00737	0.00696	0.01353	0.02089	0.02709	0.32676	0.07230	0.40734	0.01931	0.00981	0.00272	0.00408	0.01646	0.00833	0.00737
65	0.07637	0.02365	0.03003	0.04189	0.47764	0.15739	0.02232	0.02703	0.01955	0.02644	0.01475	0.01888	0.01234	0.00767	0.00785	0.00241	0.01070	0.00676	0.00422	0.01212
66	0.04966	0.18311	0.08708	0.01488	0.02054	0.07989	0.01360	0.10864	0.02245	0.07436	0.12509	0.03458	0.13002	0.01183	0.00786	0.00239	0.00805	0.00923	0.00639	0.01036
67	0.01214	0.00879	0.01048	0.01057	0.01301	0.00785	0.00822	0.01497	0.02009	0.05403	0.21361	0.12272	0.33715	0.02024	0.01008	0.00296	0.00487	0.11243	0.00817	0.00762
68	0.01461	0.01241	0.01449	0.04174	0.01709	0.04496	0.01072	0.07176	0.01814	0.02368	0.03923	0.29553	0.13519	0.05697	0.07464	0.00429	0.09450	0.01557	0.00649	0.00800
69	0.01451	0.01169	0.01579	0.16569	0.02441	0.01312	0.01265	0.07300	0.01822	0.02448	0.03657	0.04089	0.18408	0.02884	0.21546	0.00600	0.03682	0.01056	0.05879	0.00843
70	0.07106	0.01294	0.01830	0.15031	0.13012	0.01369	0.01413	0.02108	0.01813	0.08869	0.10949	0.05880	0.08883	0.07659	0.01219	0.00315	0.03358	0.01028	0.05927	0.00937
71	0.21344	0.06745	0.10870	0.01701	0.08207	0.01632	0.01383	0.02314	0.07587	0.03012	0.13388	0.03542	0.12839	0.01173	0.00771	0.00258	0.00700	0.00937	0.00610	0.00986

[dist]
# distance from previous block
# <min> <max>
7	20

[block]
# block no. 2 follows, 22 sequences, length 46
# corresponding to MSA columns:
# 315-360
name=unknown_C
#
# <colnr> <probs for GDERKNQSTAVLIFYWHMCP>
#	G	D	E	R	K	N	Q	S	T	A	V	L	I	F	Y	W	H	M	C	P
0	0.05440	0.04450	0.01544	0.04447	0.05186	0.01348	0.01057	0.07595	0.09789	0.02803	0.08229	0.11780	0.29902	0.01643	0.00898	0.00275	0.00596	0.01377	0.00723	0.00916
1	0.02071	0.18532	0.06419	0.01475	0.01991	0.01902	0.01331	0.11968	0.02118	0.10024	0.03313	0.03608	0.14665	0.01885	0.09365	0.00389	0.03885	0.03399	0.00624	0.01037
2	0.02166	0.53929	0.12118	0.01910	0.08249	0.05250	0.01743	0.02541	0.01739	0.02114	0.01240	0.01460	0.01088	0.00729	0.00600	0.00196	0.00962	0.00497	0.00363	0.01106
3	0.01055	0.00833	0.00955	0.00974	0.01195	0.00732	0.00726	0.01313	0.01974	0.02528	0.22759	0.16217	0.38730	0.02075	0.01000	0.00288	0.00439	0.04674	0.00809	0.00723
4	0.01149	0.00842	0.01078	0.01032	0.01228	0.00770	0.00769	0.01511	0.02269	0.03167	0.56755	0.09728	0.13032	0.01783	0.00984	0.00267	0.00399	0.01571	0.00894	0.00770
5	0.01997	0.50724	0.03508	0.01430	0.01987	0.05411	0.01333	0.02269	0.01627	0.01951	0.01430	0.01826	0.01321	0.02109	0.17432	0.00471	0.01251	0.00560	0.00381	0.00980
6	0.02216	0.02125	0.02011	0.15006	0.02837	0.17945	0.01498	0.06089	0.20813	0.06227	0.06639	0.03087	0.07745	0.01112	0.00838	0.00260	0.00932	0.00892	0.00655	0.01073
7	0.01396	0.01229	0.01698	0.01617	0.01650	0.01546	0.01248	0.01564	0.01407	0.02024	0.02719	0.30617	0.03107	0.05755	0.07901	0.00461	0.31292	0.01446	0.00547	0.00777
8	0.00987	0.00822	0.00861	0.00893	0.01136	0.00697	0.00654	0.01186	0.01844	0.02224	0.07791	0.18128	0.55555	0.02185	0.00995	0.00290	0.00431	0.01852	0.00771	0.00697
9	0.06888	0.32084	0.22269	0.01887	0.02703	0.05816	0.04960	0.07637	0.01909	0.02584	0.01355	0.01584	0.01091	0.00794	0.00741	0.00227	0.03373	0.00561	0.00411	0.01125
10	0.01245	0.01039	0.01110	0.01058	0.01361	0.01001	0.00803	0.01935	0.14885	0.02715	0.18639	0.06625	0.40875	0.01821	0.00953	0.00277	0.00464	0.01535	0.00815	0.00845
11	0.01012	0.00723	0.00964	0.01157	0.01205	0.00675	0.00771	0.01157	0.01591	0.02121	0.04579	0.70262	0.05495	0.02603	0.01060	0.00337	0.00482	0.02362	0.00771	0.00675
12	0.03083	0.02151	0.02355	0.01818	0.02451	0.02341	0.01496	0.53695	0.03670	0.10567	0.06128	0.02337	0.01879	0.01045	0.00841	0.00251	0.00862	0.00804	0.00854	0.01373
13	0.06661	0.02063	0.03099	0.04394	0.51789	0.06186	0.02320	0.02541	0.01834	0.02666	0.01476	0.01955	0.01254	0.00816	0.00976	0.00256	0.07361	0.00708	0.00414	0.01230
14	0.01875	0.01789	0.03044	0.28804	0.43334	0.01926	0.02459	0.02391	0.01806	0.02494	0.01531	0.02115	0.01238	0.00774	0.00825	0.00258	0.01032	0.00739	0.00396	0.01170
15	0.01122	0.00875	0.01016	0.01074	0.01299	0.00794	0.00851	0.01377	0.01860	0.02311	0.08907	0.08146	0.38541	0.07926	0.01307	0.00356	0.00561	0.20215	0.00753	0.00708
16	0.02661	0.30388	0.03235	0.02121	0.08035	0.36254	0.01617	0.02921	0.02050	0.02063	0.01258	0.01483	0.01090	0.00788	0.00670	0.00203	0.01212	0.00518	0.00398	0.01035
17	0.01856	0.02824	0.27208	0.19820	0.04260	0.02013	0.19185	0.07894	0.01980	0.02741	0.01585	0.02029	0.01156	0.00794	0.00856	0.00270	0.01216	0.00759	0.00418	0.01136
18	0.01221	0.00872	0.01203	0.01395	0.01535	0.00855	0.01134	0.01518	0.01796	0.02354	0.04464	0.31340	0.05038	0.02406	0.01116	0.00366	0.00663	0.39224	0.00767	0.00732
19	0.01999	0.01707	0.01828	0.01676	0.02119	0.01963	0.01317	0.04163	0.58326	0.03383	0.03476	0.03684	0.02745	0.01236	0.00873	0.00291	0.00667	0.06444	0.00838	0.01264
20	0.02941	0.09002	0.02600	0.02349	0.08174	0.56636	0.01675	0.03184	0.02261	0.02088	0.01299	0.01535	0.01092	0.00834	0.00739	0.00214	0.01405	0.00546	0.00421	0.01003
21	0.10705	0.02954	0.02433	0.02558	0.14961	0.34189	0.01699	0.12349	0.05449	0.02916	0.01539	0.01749	0.01226	0.00859	0.00756	0.00234	0.01173	0.00620	0.00517	0.01113
22	0.01961	0.02241	0.04902	0.03501	0.04342	0.02101	0.62605	0.02661	0.01961	0.02661	0.01681	0.02241	0.01261	0.00700	0.00980	0.00280	0.01401	0.00980	0.00420	0.01120
23	0.01185	0.00957	0.01439	0.22194	0.02610	0.01039	0.01249	0.01457	0.01612	0.02121	0.03614	0.49101	0.04130	0.02052	0.00989	0.00319	0.00676	0.01857	0.00646	0.00752
24	0.03158	0.02327	0.02493	0.01911	0.02576	0.02576	0.01579	0.62852	0.03906	0.05236	0.01995	0.01995	0.01413	0.00997	0.00831	0.00249	0.00914	0.00748	0.00831	0.01413
25	0.00991	0.00805	0.00880	0.00940	0.01148	0.00693	0.00675	0.01181	0.01799	0.02206	0.07223	0.27358	0.46692	0.02259	0.01006	0.00298	0.00440	0.01942	0.00771	0.00693
26	0.01129	0.00772	0.00929	0.01007	0.01027	0.00753	0.00612	0.01187	0.01363	0.01817	0.03410	0.31635	0.04020	0.43241	0.02948	0.00616	0.00675	0.01674	0.00612	0.00573
27	0.01010	0.00730	0.00956	0.01137	0.01200	0.00676	0.00763	0.01159	0.01609	0.02128	0.04813	0.66457	0.09149	0.02572	0.01056	0.00334	0.00478	0.02324	0.00771	0.00676
28	0.01480	0.01322	0.01898	0.01729	0.01808	0.01739	0.01401	0.01723	0.01306	0.01961	0.01697	0.02591	0.01618	0.04008	0.37370	0.00883	0.33425	0.00814	0.00407	0.00819
29	0.00985	0.00831	0.00853	0.00870	0.01130	0.00699	0.00644	0.01189	0.01866	0.02233	0.08073	0.13564	0.59937	0.02149	0.00989	0.00286	0.00426	0.01808	0.00771	0.00699
30	0.01029	0.00799	0.00943	0.01048	0.01215	0.00713	0.00760	0.01226	0.01759	0.02211	0.06312	0.36183	0.32704	0.02346	0.01033	0.00316	0.00480	0.07457	0.00771	0.00695
31	0.01806	0.03134	0.32759	0.06535	0.04078	0.02009	0.32278	0.02618	0.01851	0.02618	0.01583	0.02018	0.01158	0.00748	0.00885	0.00272	0.01306	0.00801	0.00386	0.01158
32	0.01996	0.01913	0.03264	0.12931	0.58259	0.01958	0.02520	0.02497	0.01863	0.02641	0.01552	0.02076	0.01290	0.00751	0.00823	0.00250	0.01002	0.00740	0.00406	0.01268
33	0.01309	0.00722	0.01045	0.01105	0.01120	0.00707	0.00737	0.01105	0.01240	0.01654	0.02418	0.23590	0.02703	0.02798	0.02567	0.52354	0.00647	0.01232	0.00488	0.00458
34	0.02409	0.03026	0.08637	0.02720	0.12827	0.30626	0.05144	0.02755	0.01924	0.02222	0.01319	0.01733	0.01123	0.00978	0.01288	0.00266	0.18913	0.00648	0.00401	0.01039
35	0.01834	0.01740	0.02726	0.24045	0.34051	0.04567	0.02237	0.02316	0.01844	0.02465	0.01986	0.03272	0.01805	0.01026	0.00875	0.00277	0.01010	0.10379	0.00457	0.01090
36	0.01294	0.01034	0.01154	0.01147	0.01435	0.00992	0.00907	0.05370	0.07590	0.02626	0.08960	0.10496	0.38086	0.01995	0.00998	0.00301	0.00544	0.13468	0.00786	0.00815
37	0.01808	0.14869	0.46862	0.02489	0.07369	0.02168	0.08093	0.02605	0.01770	0.02529	0.01458	0.01748	0.01090	0.00765	0.00767	0.00250	0.01173	0.00627	0.00362	0.01197
38	0.02109	0.02321	0.05831	0.07543	0.38649	0.12558	0.09078	0.02582	0.01938	0.02525	0.01707	0.06151	0.01503	0.00875	0.00842	0.00253	0.01103	0.00828	0.00432	0.01172
39	0.01269	0.01011	0.01493	0.01445	0.01574	0.01235	0.01140	0.01551	0.01327	0.01938	0.02077	0.03075	0.01948	0.05608	0.59069	0.01208	0.10965	0.00869	0.00434	0.00763
40	0.02227	0.09428	0.14773	0.03612	0.34646	0.16221	0.02333	0.02724	0.01947	0.02480	0.01451	0.01812	0.01191	0.00771	0.00773	0.00236	0.01132	0.00645	0.00398	0.01200
41	0.02065	0.33585	0.15662	0.02316	0.12061	0.05654	0.01980	0.02483	0.01694	0.02209	0.01276	0.01609	0.01106	0.00858	0.00994	0.00236	0.12169	0.00572	0.00368	0.01104
42	0.01042	0.00844	0.00925	0.00905	0.01159	0.00727	0.00679	0.01309	0.02036	0.02582	0.26069	0.07438	0.47421	0.01978	0.00981	0.00275	0.00412	0.01675	0.00816	0.00727
43	0.01237	0.00966	0.01136	0.01073	0.01326	0.00925	0.00810	0.01829	0.10106	0.03056	0.41983	0.06292	0.22664	0.01735	0.00963	0.00269	0.00434	0.01498	0.00867	0.00829
44	0.02834	0.07717	0.02428	0.02149	0.05104	0.54843	0.01583	0.03070	0.02203	0.02048	0.01372	0.01669	0.01170	0.01323	0.06710	0.00313	0.01504	0.00570	0.00424	0.00964
45	0.01618	0.02791	0.32566	0.08014	0.12725	0.01698	0.02284	0.02450	0.07373	0.02600	0.03044	0.03198	0.13979	0.01076	0.00841	0.00267	0.00969	0.00899	0.00489	0.01119

[dist]
# distance from previous block
# <min> <max>
0	1

[block]
# block no. 3 follows, 22 sequences, length 34
# corresponding to MSA columns:
# 362-395
name=unknown_D
#
# <colnr> <probs for GDERKNQSTAVLIFYWHMCP>
#	G	D	E	R	K	N	Q	S	T	A	V	L	I	F	Y	W	H	M	C	P
0	0.00982	0.00842	0.00842	0.00842	0.01122	0.00701	0.00631	0.01192	0.01894	0.02244	0.08416	0.07995	0.65285	0.02104	0.00982	0.00281	0.00421	0.01753	0.00771	0.00701
1	0.02804	0.03361	0.02240	0.02231	0.08116	0.52750	0.01557	0.03066	0.02232	0.02235	0.01496	0.01759	0.01231	0.00860	0.00734	0.00214	0.01306	0.00585	0.10252	0.00971
2	0.11669	0.22245	0.16731	0.01568	0.02201	0.06155	0.01562	0.06928	0.01823	0.02619	0.01766	0.06736	0.01630	0.08388	0.01056	0.00293	0.00911	0.00740	0.03979	0.01000
3	0.01920	0.01883	0.03350	0.21022	0.42425	0.01958	0.10357	0.02456	0.01842	0.02557	0.01556	0.02121	0.01256	0.00758	0.00845	0.00259	0.01072	0.00771	0.00402	0.01191
4	0.00984	0.00835	0.00848	0.00859	0.01127	0.00700	0.00639	0.01190	0.01877	0.02237	0.08203	0.11445	0.61972	0.02132	0.00986	0.00284	0.00424	0.01787	0.00771	0.00700
5	0.01293	0.00933	0.01164	0.01256	0.01385	0.00924	0.00877	0.09241	0.01894	0.02529	0.04240	0.61317	0.04960	0.02392	0.01030	0.00326	0.00539	0.02150	0.00779	0.00771
6	0.02208	0.02656	0.18560	0.02640	0.18167	0.13157	0.02008	0.02790	0.04485	0.10917	0.06354	0.02823	0.07596	0.01010	0.00828	0.00252	0.00999	0.00832	0.00561	0.01155
7	0.21146	0.02503	0.06717	0.03038	0.23126	0.16523	0.10214	0.02713	0.01874	0.02807	0.01410	0.01760	0.01132	0.00771	0.00748	0.00248	0.01085	0.00646	0.00439	0.01100
8	0.01970	0.01712	0.01923	0.01919	0.07673	0.01932	0.01365	0.03959	0.52739	0.03334	0.05938	0.03401	0.06114	0.01170	0.00856	0.00278	0.00663	0.00989	0.00806	0.01260
9	0.02351	0.01908	0.02247	0.02072	0.10566	0.01936	0.01468	0.24560	0.14542	0.03770	0.02042	0.02130	0.01559	0.00868	0.00765	0.00215	0.00780	0.00703	0.00672	0.24846
10	0.01295	0.00921	0.01147	0.01222	0.01342	0.00915	0.00868	0.06890	0.01800	0.02402	0.06314	0.41067	0.04644	0.15505	0.01657	0.00422	0.00617	0.09515	0.00730	0.00725
11	0.01992	0.01909	0.03257	0.13447	0.57774	0.01957	0.02518	0.02494	0.01861	0.02637	0.01551	0.02077	0.01289	0.00752	0.00824	0.00251	0.01003	0.00740	0.00406	0.01264
12	0.02193	0.02234	0.03239	0.04711	0.57360	0.10556	0.02426	0.02650	0.01952	0.02625	0.01526	0.01983	0.01284	0.00755	0.00813	0.00242	0.01054	0.00713	0.00413	0.01270
13	0.01066	0.00756	0.00982	0.01104	0.01172	0.00711	0.00738	0.01235	0.01674	0.02266	0.14944	0.50541	0.05581	0.11380	0.01461	0.00385	0.00509	0.02060	0.00761	0.00671
14	0.03118	0.03509	0.02393	0.02077	0.02570	0.49562	0.01598	0.19746	0.02782	0.02917	0.01480	0.01635	0.01165	0.00895	0.00772	0.00224	0.01337	0.00594	0.00539	0.01087
15	0.01825	0.01048	0.01292	0.01140	0.01489	0.00952	0.00886	0.02271	0.06056	0.18966	0.30350	0.05641	0.21564	0.01603	0.00935	0.00267	0.00496	0.01366	0.00900	0.00954
16	0.01654	0.01564	0.02646	0.57642	0.16220	0.01868	0.02350	0.02197	0.01702	0.02226	0.01492	0.02187	0.01144	0.00815	0.00829	0.00272	0.01086	0.00739	0.00377	0.00992
17	0.02752	0.01735	0.01931	0.01569	0.02102	0.01852	0.01267	0.26260	0.16804	0.17639	0.02711	0.02618	0.01931	0.01028	0.00791	0.00249	0.00719	0.00815	0.13949	0.01279
18	0.01198	0.00801	0.00909	0.00920	0.00922	0.00798	0.00518	0.01205	0.01229	0.01638	0.02723	0.08913	0.03153	0.67147	0.04058	0.00780	0.00788	0.01270	0.00518	0.00513
19	0.02261	0.01544	0.01669	0.01411	0.01816	0.01660	0.01114	0.32335	0.02800	0.03998	0.02679	0.14316	0.02360	0.01269	0.00790	0.00247	0.00668	0.01039	0.24947	0.01077
20	0.03129	0.03183	0.02420	0.02031	0.02572	0.36609	0.01593	0.31630	0.03092	0.03556	0.01622	0.01734	0.01233	0.00923	0.00788	0.00231	0.01220	0.00636	0.00620	0.01177
21	0.01265	0.00878	0.01088	0.01018	0.01259	0.00787	0.00770	0.01608	0.02239	0.06453	0.47749	0.06468	0.21791	0.01763	0.00973	0.00266	0.00416	0.01529	0.00885	0.00797
22	0.01012	0.00723	0.00964	0.01157	0.01205	0.00675	0.00771	0.01157	0.01591	0.02121	0.04579	0.70262	0.05495	0.02603	0.01060	0.00337	0.00482	0.02362	0.00771	0.00675
23	0.01651	0.01573	0.02226	0.01958	0.01997	0.02148	0.01612	0.01863	0.01289	0.01981	0.01390	0.02199	0.01351	0.02713	0.19804	0.00620	0.51607	0.00770	0.00385	0.00865
24	0.01045	0.00817	0.00946	0.00970	0.01175	0.00719	0.00706	0.01293	0.01958	0.02531	0.23964	0.21323	0.35393	0.02098	0.00999	0.00288	0.00426	0.01816	0.00813	0.00719
25	0.01187	0.00890	0.01335	0.01335	0.01483	0.01038	0.01038	0.01483	0.01335	0.01928	0.02225	0.03264	0.02077	0.06231	0.67512	0.01335	0.02225	0.00890	0.00445	0.00742
26	0.03412	0.01920	0.02241	0.01718	0.02373	0.01972	0.01419	0.36619	0.03224	0.32432	0.02567	0.02366	0.01700	0.01011	0.00833	0.00253	0.00822	0.00787	0.00919	0.01413
27	0.02256	0.02172	0.03137	0.07449	0.49804	0.08004	0.02340	0.09548	0.02155	0.02915	0.01583	0.02006	0.01295	0.00785	0.00817	0.00245	0.01031	0.00722	0.00459	0.01276
28	0.22501	0.02656	0.02239	0.04696	0.12271	0.28294	0.01607	0.05591	0.01979	0.02744	0.01316	0.01624	0.01082	0.00875	0.00885	0.00248	0.07337	0.00579	0.00459	0.01016
29	0.20564	0.01314	0.01374	0.01294	0.01587	0.04898	0.01020	0.05669	0.01611	0.02716	0.01940	0.02588	0.01689	0.03687	0.35852	0.00816	0.01513	0.00739	0.08290	0.00839
30	0.06766	0.02782	0.29761	0.02227	0.05286	0.01765	0.10057	0.06005	0.04352	0.12978	0.01881	0.02112	0.01354	0.01029	0.01035	0.07164	0.01036	0.00722	0.00527	0.01161
31	0.08884	0.01836	0.02474	0.02136	0.06366	0.05388	0.14460	0.17503	0.02402	0.03302	0.05345	0.07338	0.10477	0.01278	0.00899	0.00277	0.00908	0.07025	0.00651	0.01050
32	0.05928	0.11517	0.02016	0.07590	0.02135	0.18700	0.01233	0.02190	0.01888	0.02325	0.14063	0.03286	0.05102	0.08377	0.09845	0.00432	0.01108	0.00878	0.00533	0.00853
33	0.07474	0.01975	0.04497	0.04589	0.07889	0.07790	0.01497	0.13075	0.11288	0.11556	0.08781	0.02801	0.04446	0.01076	0.00920	0.00258	0.04617	0.00843	0.00695	0.03932

[dist]
# distance from previous block
# <min> <max>
1	33

[block]
# block no. 4 follows, 22 sequences, length 42
# corresponding to MSA columns:
# 429-470
name=unknown_E
#
# <colnr> <probs for GDERKNQSTAVLIFYWHMCP>
#	G	D	E	R	K	N	Q	S	T	A	V	L	I	F	Y	W	H	M	C	P
0	0.13826	0.04861	0.10112	0.01998	0.12077	0.08800	0.01499	0.06655	0.01990	0.02794	0.03729	0.03764	0.22243	0.01231	0.00802	0.00255	0.00823	0.00977	0.00569	0.00994
1	0.02385	0.02827	0.20837	0.05977	0.09876	0.07006	0.02136	0.26746	0.02684	0.03603	0.01901	0.02455	0.01507	0.00986	0.00835	0.00262	0.01055	0.05094	0.00588	0.01241
2	0.02358	0.10615	0.09210	0.02958	0.12995	0.20554	0.21043	0.05739	0.02106	0.02537	0.01491	0.01847	0.01183	0.00774	0.00817	0.00242	0.01267	0.00714	0.00428	0.01124
3	0.02457	0.02015	0.02523	0.03005	0.27457	0.10001	0.01791	0.07371	0.05214	0.13522	0.04441	0.02528	0.01831	0.00916	0.00811	0.00237	0.00911	0.02739	0.00609	0.09622
4	0.01376	0.00947	0.00989	0.00980	0.01122	0.03637	0.00684	0.01593	0.01538	0.02264	0.03175	0.04378	0.09454	0.24993	0.13460	0.00604	0.00895	0.01037	0.26195	0.00679
5	0.01927	0.16506	0.02176	0.01326	0.01830	0.01800	0.01115	0.17349	0.02439	0.03225	0.16422	0.03947	0.15842	0.01269	0.00805	0.00229	0.00663	0.01020	0.00696	0.09413
6	0.01290	0.01837	0.17968	0.01537	0.02072	0.01177	0.05969	0.01768	0.01856	0.02479	0.12113	0.05289	0.27604	0.02087	0.08403	0.00396	0.00913	0.03738	0.00618	0.00884
7	0.01579	0.01374	0.01577	0.09168	0.02196	0.01389	0.01137	0.02596	0.23157	0.02750	0.04406	0.04310	0.22680	0.01304	0.00840	0.00247	0.00624	0.01088	0.00690	0.16888
8	0.02751	0.08307	0.02670	0.02537	0.12500	0.42487	0.01751	0.03014	0.02111	0.04572	0.01373	0.01661	0.01149	0.00900	0.00970	0.00235	0.08946	0.00594	0.00436	0.01038
9	0.26384	0.20335	0.06889	0.01242	0.01812	0.01924	0.01141	0.02161	0.01590	0.02679	0.02272	0.02626	0.09396	0.07094	0.00939	0.00273	0.00735	0.00699	0.00489	0.09321
10	0.01915	0.02063	0.04093	0.03410	0.13626	0.02032	0.41794	0.02602	0.05138	0.02639	0.02093	0.02555	0.04992	0.00865	0.01078	0.00281	0.06280	0.00966	0.00457	0.01122
11	0.01429	0.01302	0.04190	0.01560	0.01998	0.01087	0.14321	0.01774	0.01906	0.07106	0.05891	0.12944	0.37716	0.01724	0.00972	0.00284	0.00692	0.01541	0.00699	0.00862
12	0.02485	0.02850	0.02453	0.02684	0.17074	0.35043	0.01742	0.05103	0.02136	0.02337	0.02136	0.02395	0.08174	0.01038	0.01017	0.00247	0.08843	0.00746	0.00470	0.01028
13	0.01796	0.01702	0.02808	0.16150	0.44341	0.01748	0.02200	0.02255	0.01849	0.02530	0.02636	0.03030	0.11448	0.00974	0.00849	0.00258	0.00919	0.00901	0.00461	0.01146
14	0.01122	0.00799	0.00958	0.01007	0.01078	0.00782	0.00649	0.01223	0.01421	0.01870	0.03937	0.22082	0.12815	0.36146	0.09867	0.00666	0.00821	0.01548	0.00605	0.00603
15	0.01069	0.00839	0.00966	0.00947	0.01179	0.00736	0.00705	0.01356	0.02081	0.02718	0.33266	0.10209	0.37067	0.01949	0.00985	0.00275	0.00411	0.01672	0.00835	0.00736
16	0.02516	0.10261	0.02883	0.03046	0.25729	0.19727	0.01876	0.07537	0.10244	0.05653	0.01789	0.01992	0.01422	0.00851	0.00774	0.00235	0.01052	0.00683	0.00525	0.01205
17	0.01870	0.01834	0.02665	0.03804	0.44504	0.06540	0.01998	0.02280	0.01949	0.02597	0.06053	0.03439	0.14783	0.01076	0.00857	0.00252	0.00880	0.00971	0.00511	0.01137
18	0.01048	0.00753	0.00939	0.01072	0.01136	0.00704	0.00702	0.01171	0.01547	0.02032	0.04605	0.50419	0.11543	0.16252	0.01688	0.00425	0.00540	0.02063	0.00717	0.00643
19	0.13990	0.01619	0.01715	0.06498	0.02157	0.04808	0.01226	0.18982	0.05798	0.06906	0.02788	0.24442	0.02733	0.01479	0.00853	0.00282	0.00745	0.01236	0.00719	0.01025
20	0.02068	0.02028	0.03260	0.09693	0.58274	0.04978	0.02488	0.02553	0.01896	0.02639	0.01543	0.02042	0.01289	0.00752	0.00820	0.00247	0.01019	0.00731	0.00409	0.01270
21	0.26795	0.02177	0.09274	0.01861	0.02502	0.02115	0.09208	0.15887	0.13745	0.03695	0.01853	0.01987	0.01384	0.00901	0.00805	0.00267	0.03082	0.00700	0.00610	0.01152
22	0.02112	0.02076	0.03086	0.07600	0.50880	0.06864	0.02329	0.02795	0.08896	0.02720	0.01742	0.02139	0.01424	0.00797	0.00820	0.00250	0.00994	0.00747	0.00459	0.01270
23	0.01271	0.00813	0.00945	0.00923	0.01030	0.00792	0.00612	0.01484	0.01700	0.02498	0.23233	0.05185	0.04414	0.32978	0.02371	0.00494	0.00579	0.01211	0.16813	0.00654
24	0.06042	0.01728	0.02427	0.43645	0.04465	0.02080	0.02011	0.18204	0.02220	0.03026	0.01574	0.02087	0.01176	0.00907	0.00922	0.00273	0.04938	0.00725	0.00499	0.01050
25	0.01123	0.00822	0.01070	0.01174	0.01320	0.00769	0.00885	0.01391	0.01891	0.02520	0.20068	0.32682	0.13489	0.02245	0.01050	0.00322	0.00516	0.15133	0.00805	0.00726
26	0.01666	0.04297	0.66500	0.02368	0.03596	0.01929	0.03069	0.02631	0.01754	0.02631	0.01491	0.01754	0.01052	0.00789	0.00789	0.00263	0.01228	0.00614	0.00351	0.01228
27	0.02221	0.71304	0.04353	0.01421	0.02132	0.03287	0.01421	0.02488	0.01688	0.01955	0.01155	0.01333	0.01066	0.00711	0.00533	0.00178	0.00888	0.00444	0.00355	0.01066
28	0.01122	0.00880	0.01037	0.01092	0.01333	0.00795	0.00882	0.01411	0.01955	0.02454	0.13910	0.08232	0.38539	0.02118	0.01036	0.00312	0.00530	0.20844	0.00786	0.00732
29	0.01012	0.00723	0.00964	0.01157	0.01205	0.00675	0.00771	0.01157	0.01591	0.02121	0.04579	0.70262	0.05495	0.02603	0.01060	0.00337	0.00482	0.02362	0.00771	0.00675
30	0.01349	0.01029	0.01515	0.23372	0.02680	0.01178	0.01274	0.01685	0.01530	0.02172	0.02451	0.12925	0.02384	0.11299	0.16810	0.00586	0.01120	0.01076	0.12798	0.00767
31	0.01078	0.00765	0.00930	0.01033	0.01090	0.00724	0.00661	0.01179	0.01488	0.01954	0.04304	0.40489	0.11164	0.26700	0.02174	0.00497	0.00590	0.01887	0.00676	0.00617
32	0.01006	0.00749	0.00937	0.01088	0.01187	0.00681	0.00741	0.01164	0.01656	0.02147	0.05410	0.56770	0.18450	0.02495	0.01043	0.00325	0.00469	0.02230	0.00771	0.00681
33	0.21753	0.02028	0.02041	0.01618	0.02209	0.02260	0.01332	0.42929	0.03110	0.04692	0.01835	0.01913	0.01336	0.00938	0.00732	0.00247	0.00806	0.00674	0.06314	0.01235
34	0.03345	0.02026	0.02307	0.01769	0.02426	0.02130	0.01461	0.43496	0.03403	0.25303	0.02417	0.02269	0.01625	0.01007	0.00832	0.00252	0.00846	0.00777	0.00896	0.01413
35	0.01225	0.00905	0.01189	0.01339	0.01534	0.00870	0.01122	0.01544	0.01872	0.02393	0.05286	0.15905	0.17925	0.02288	0.01102	0.00355	0.00659	0.40978	0.00767	0.00741
36	0.01662	0.16464	0.02469	0.01691	0.01902	0.02125	0.01432	0.01906	0.01386	0.01962	0.01541	0.02270	0.01465	0.03133	0.27196	0.00697	0.28698	0.00729	0.00393	0.00878
37	0.01965	0.01881	0.03208	0.16999	0.54434	0.01950	0.02504	0.02470	0.01849	0.02604	0.01547	0.02086	0.01277	0.00757	0.00824	0.00252	0.01009	0.00740	0.00403	0.01242
38	0.01012	0.00723	0.00964	0.01157	0.01205	0.00675	0.00771	0.01157	0.01591	0.02121	0.04579	0.70262	0.05495	0.02603	0.01060	0.00337	0.00482	0.02362	0.00771	0.00675
39	0.02008	0.01924	0.03284	0.11440	0.59660	0.01961	0.02525	0.02507	0.01869	0.02655	0.01554	0.02072	0.01295	0.00749	0.00823	0.00250	0.00999	0.00740	0.00407	0.01277
40	0.00982	0.00842	0.00842	0.00842	0.01122	0.00701	0.00631	0.01192	0.01894	0.02244	0.08416	0.07995	0.65285	0.02104	0.00982	0.00281	0.00421	0.01753	0.00771	0.00701
41	0.02108	0.02086	0.03181	0.08149	0.54816	0.06834	0.02410	0.02669	0.04761	0.02667	0.01621	0.02071	0.01342	0.00771	0.00818	0.00248	0.01016	0.00734	0.00430	0.01269

[dist]
# distance from previous block
# <min> <max>
0	2

[block]
# block no. 5 follows, 22 sequences, length 6
# corresponding to MSA columns:
# 473-478
name=unknown_F
#
# <colnr> <probs for GDERKNQSTAVLIFYWHMCP>
#	G	D	E	R	K	N	Q	S	T	A	V	L	I	F	Y	W	H	M	C	P
0	0.02589	0.11854	0.14670	0.02495	0.11202	0.38729	0.01983	0.02986	0.02100	0.02227	0.01345	0.01601	0.01099	0.00811	0.00740	0.00223	0.01306	0.00566	0.00403	0.01072
1	0.02209	0.02240	0.03054	0.04281	0.49239	0.11487	0.02272	0.02874	0.09053	0.02702	0.01730	0.02094	0.01419	0.00801	0.00814	0.00246	0.01024	0.00733	0.00463	0.01265
2	0.02205	0.06694	0.16748	0.01953	0.02619	0.12988	0.08688	0.13194	0.04877	0.03051	0.02130	0.02338	0.04093	0.00923	0.00771	0.00239	0.01014	0.00746	0.13634	0.01096
3	0.01095	0.00857	0.01008	0.01068	0.01290	0.00770	0.00836	0.01361	0.01919	0.02419	0.13838	0.15210	0.36985	0.02158	0.01030	0.00309	0.00507	0.15831	0.00787	0.00724
4	0.01048	0.00770	0.00922	0.01025	0.01119	0.00710	0.00678	0.01177	0.01579	0.02038	0.05069	0.40930	0.19351	0.17562	0.01742	0.00427	0.00539	0.01960	0.00712	0.00643
5	0.01914	0.03550	0.38376	0.02469	0.03397	0.12678	0.14797	0.02638	0.01883	0.02500	0.01730	0.07018	0.01435	0.00920	0.00842	0.00264	0.01251	0.00808	0.00410	0.01120

[dist]
# distance from previous block
# <min> <max>
0	1

[block]
# block no. 6 follows, 22 sequences, length 9
# corresponding to MSA columns:
# 480-488
name=unknown_G
#
# <colnr> <probs for GDERKNQSTAVLIFYWHMCP>
#	G	D	E	R	K	N	Q	S	T	A	V	L	I	F	Y	W	H	M	C	P
0	0.02615	0.02581	0.02003	0.01734	0.02148	0.28964	0.01351	0.19167	0.02571	0.03131	0.02170	0.02351	0.05174	0.01024	0.00863	0.00232	0.04866	0.00723	0.15299	0.01031
1	0.01085	0.00837	0.00991	0.00971	0.01190	0.00742	0.00721	0.01385	0.02110	0.02801	0.37677	0.11655	0.30979	0.01930	0.00987	0.00275	0.00410	0.01668	0.00846	0.00742
2	0.01076	0.00845	0.00972	0.00940	0.01180	0.00741	0.00705	0.01375	0.02116	0.02772	0.35999	0.07125	0.37372	0.01907	0.00981	0.00271	0.00407	0.01631	0.00841	0.00741
3	0.01954	0.02373	0.10240	0.03741	0.17481	0.02058	0.44183	0.02634	0.01927	0.02670	0.01638	0.02156	0.01253	0.00717	0.00929	0.00271	0.01296	0.00895	0.00412	0.01172
4	0.01130	0.00877	0.01101	0.01128	0.01346	0.00848	0.00892	0.01422	0.01822	0.02368	0.14338	0.06793	0.29291	0.03132	0.17946	0.00566	0.00942	0.12616	0.00708	0.00736
5	0.01012	0.00723	0.00964	0.01157	0.01205	0.00675	0.00771	0.01157	0.01591	0.02121	0.04579	0.70262	0.05495	0.02603	0.01060	0.00337	0.00482	0.02362	0.00771	0.00675
6	0.03103	0.03959	0.02354	0.02140	0.02568	0.67469	0.01605	0.03317	0.02354	0.02033	0.01284	0.01498	0.01070	0.00856	0.00749	0.00214	0.01498	0.00535	0.00428	0.00963
7	0.01845	0.21201	0.19707	0.01505	0.02195	0.01811	0.01589	0.02303	0.01894	0.09846	0.08680	0.03723	0.18088	0.01206	0.00789	0.00243	0.00799	0.00957	0.00585	0.01034
8	0.02367	0.02953	0.08953	0.03144	0.19035	0.26463	0.11919	0.02797	0.01990	0.02360	0.01416	0.01822	0.01165	0.00865	0.01041	0.00255	0.09261	0.00690	0.00408	0.01097

[dist]
# distance from previous block
# <min> <max>
2	4

[block]
# block no. 7 follows, 22 sequences, length 57
# corresponding to MSA columns:
# 493-549
name=unknown_H
#
# <colnr> <probs for GDERKNQSTAVLIFYWHMCP>
#	G	D	E	R	K	N	Q	S	T	A	V	L	I	F	Y	W	H	M	C	P
0	0.02210	0.48608	0.17497	0.01713	0.02501	0.10867	0.01799	0.02620	0.01784	0.02110	0.01243	0.01444	0.01064	0.00745	0.00615	0.00201	0.01036	0.00492	0.00363	0.01088
1	0.17912	0.08477	0.16341	0.01715	0.02441	0.02117	0.01669	0.15438	0.12967	0.10147	0.02010	0.02028	0.01458	0.00905	0.00733	0.00254	0.00858	0.00672	0.00641	0.01218
2	0.03121	0.03423	0.02400	0.02065	0.02571	0.46165	0.01597	0.22863	0.02864	0.03085	0.01517	0.01661	0.01183	0.00902	0.00776	0.00226	0.01306	0.00605	0.00560	0.01111
3	0.01187	0.00890	0.01335	0.01335	0.01483	0.01038	0.01038	0.01483	0.01335	0.01928	0.02225	0.03264	0.02077	0.06231	0.67512	0.01335	0.02225	0.00890	0.00445	0.00742
4	0.01188	0.00797	0.00912	0.00932	0.00937	0.00792	0.00531	0.01203	0.01248	0.01664	0.02823	0.12220	0.03279	0.63667	0.03897	0.00756	0.00772	0.01329	0.00531	0.00521
5	0.01006	0.00748	0.00938	0.01090	0.01187	0.00680	0.00742	0.01164	0.01654	0.02147	0.05387	0.57148	0.18087	0.02498	0.01044	0.00325	0.00469	0.02234	0.00771	0.00680
6	0.01644	0.01227	0.01314	0.01202	0.01585	0.01227	0.00929	0.02604	0.23445	0.09362	0.06139	0.05763	0.36988	0.01654	0.00919	0.00278	0.00533	0.01376	0.00824	0.00988
7	0.01723	0.01477	0.01723	0.01230	0.01969	0.01107	0.00984	0.02092	0.01723	0.02707	0.01477	0.01723	0.01230	0.00615	0.00615	0.00123	0.00615	0.00492	0.00492	0.75883
8	0.03158	0.02327	0.02493	0.01911	0.02576	0.02576	0.01579	0.62852	0.03906	0.05236	0.01995	0.01995	0.01413	0.00997	0.00831	0.00249	0.00914	0.00748	0.00831	0.01413
9	0.01027	0.00743	0.00972	0.01126	0.01204	0.00688	0.00764	0.01202	0.01689	0.02255	0.11154	0.59768	0.09380	0.02478	0.01047	0.00326	0.00469	0.02235	0.00786	0.00688
10	0.01023	0.00731	0.00974	0.01149	0.01207	0.00682	0.00772	0.01184	0.01642	0.02202	0.08646	0.65963	0.05652	0.02542	0.01055	0.00332	0.00476	0.02304	0.00781	0.00682
11	0.01012	0.00723	0.00964	0.01157	0.01205	0.00675	0.00771	0.01157	0.01591	0.02121	0.04579	0.70262	0.05495	0.02603	0.01060	0.00337	0.00482	0.02362	0.00771	0.00675
12	0.01876	0.01428	0.01908	0.01628	0.01970	0.01598	0.05315	0.19390	0.02161	0.03060	0.02119	0.02743	0.01789	0.03570	0.33712	0.00785	0.04744	0.00835	0.08396	0.00973
13	0.01030	0.00736	0.00985	0.01177	0.01234	0.00690	0.00803	0.01188	0.01608	0.02141	0.04569	0.66880	0.05455	0.02586	0.01065	0.00340	0.00498	0.05565	0.00771	0.00680
14	0.03607	0.01606	0.02047	0.01569	0.02217	0.01506	0.01296	0.16433	0.02700	0.53358	0.03007	0.02652	0.01921	0.01022	0.00835	0.00255	0.00751	0.00817	0.00987	0.01414
15	0.03103	0.03959	0.02354	0.02140	0.02568	0.67469	0.01605	0.03317	0.02354	0.02033	0.01284	0.01498	0.01070	0.00856	0.00749	0.00214	0.01498	0.00535	0.00428	0.00963
16	0.01012	0.00723	0.00964	0.01157	0.01205	0.00675	0.00771	0.01157	0.01591	0.02121	0.04579	0.70262	0.05495	0.02603	0.01060	0.00337	0.00482	0.02362	0.00771	0.00675
17	0.03103	0.03959	0.02354	0.02140	0.02568	0.67469	0.01605	0.03317	0.02354	0.02033	0.01284	0.01498	0.01070	0.00856	0.00749	0.00214	0.01498	0.00535	0.00428	0.00963
