[name]
unknown

[dist]
# distance from previous block
# <min> <max>
6	723

[block]
# block no. 0 follows, 20 sequences, length 23
# corresponding to MSA columns:
# 736-758
name=unknown_A
#
# <colnr> <probs for GDERKNQSTAVLIFYWHMCP>
#	G	D	E	R	K	N	Q	S	T	A	V	L	I	F	Y	W	H	M	C	P
0	0.01094	0.00836	0.01005	0.01069	0.01244	0.00747	0.00761	0.01335	0.01980	0.02587	0.20760	0.32065	0.26743	0.02313	0.01063	0.00313	0.00460	0.02031	0.00847	0.00747
1	0.01463	0.01192	0.01286	0.01218	0.01544	0.01189	0.00922	0.06364	0.14916	0.02960	0.12333	0.14202	0.33234	0.01929	0.00999	0.00298	0.00537	0.01636	0.00846	0.00933
2	0.01197	0.00887	0.01204	0.09394	0.01778	0.00903	0.00938	0.01375	0.01611	0.02145	0.06524	0.41167	0.04626	0.19860	0.01948	0.00471	0.00673	0.01909	0.00690	0.00699
3	0.01313	0.00854	0.01016	0.01032	0.01138	0.00873	0.00700	0.01503	0.01510	0.02214	0.03283	0.09637	0.07345	0.29978	0.16342	0.00740	0.01011	0.01225	0.17609	0.00677
4	0.01109	0.00834	0.00963	0.01026	0.01168	0.00757	0.00695	0.01273	0.01761	0.02255	0.10304	0.28071	0.26701	0.16940	0.01799	0.00433	0.00549	0.01912	0.00760	0.00688
5	0.01671	0.01391	0.01768	0.01940	0.09404	0.04246	0.01291	0.06510	0.01942	0.02706	0.09079	0.21871	0.03542	0.05251	0.09381	0.00464	0.09011	0.01376	0.06240	0.00918
6	0.02289	0.01805	0.01993	0.01558	0.02171	0.01781	0.01229	0.21532	0.11895	0.03690	0.02182	0.02596	0.01794	0.09139	0.01214	0.00284	0.00779	0.00767	0.00691	0.30610
7	0.01826	0.01200	0.01596	0.01745	0.09295	0.01184	0.01123	0.02244	0.06611	0.12586	0.03976	0.09757	0.13586	0.16998	0.11799	0.00582	0.00973	0.01267	0.00699	0.00951
8	0.01999	0.03000	0.26440	0.04166	0.37220	0.02065	0.07117	0.02717	0.01938	0.02813	0.01622	0.02055	0.01275	0.00793	0.00863	0.00268	0.01162	0.00746	0.00409	0.01332
9	0.39547	0.01262	0.01054	0.00984	0.01360	0.01400	0.00782	0.02305	0.01652	0.03592	0.02008	0.02310	0.01573	0.00910	0.00574	0.00237	0.00544	0.00638	0.36385	0.00881
10	0.02075	0.02738	0.19559	0.02782	0.17059	0.09534	0.02156	0.09704	0.02157	0.02890	0.02121	0.10473	0.01932	0.01781	0.08739	0.00410	0.01252	0.00948	0.00523	0.01167
11	0.18055	0.01601	0.01778	0.08229	0.02354	0.01768	0.01290	0.10232	0.16422	0.09250	0.11673	0.08286	0.03020	0.01257	0.00847	0.00285	0.00718	0.01025	0.00781	0.01130
12	0.01360	0.01048	0.01192	0.01098	0.01393	0.00979	0.00839	0.07571	0.02427	0.03206	0.33332	0.06881	0.31656	0.01893	0.01014	0.00282	0.00481	0.01611	0.00886	0.00853
13	0.11357	0.01737	0.02578	0.13352	0.30071	0.01803	0.01978	0.02734	0.04581	0.10788	0.02627	0.02884	0.07836	0.01000	0.00844	0.00272	0.00897	0.00870	0.00580	0.01210
14	0.01807	0.01771	0.02323	0.06019	0.29018	0.08075	0.01749	0.02198	0.02086	0.02686	0.11413	0.04455	0.20185	0.01334	0.00925	0.00269	0.00847	0.01163	0.00607	0.01068
15	0.01716	0.01378	0.01983	0.01683	0.02074	0.01446	0.07269	0.09372	0.04311	0.02769	0.02223	0.02931	0.01916	0.04024	0.36994	0.00881	0.01700	0.00869	0.04290	0.10171
16	0.02489	0.01812	0.02216	0.01762	0.02312	0.01876	0.05604	0.21918	0.12954	0.09965	0.02504	0.02989	0.02014	0.11865	0.04336	0.00396	0.00933	0.00895	0.00749	0.10412
17	0.01253	0.00908	0.01268	0.01268	0.01378	0.01018	0.00923	0.01472	0.01362	0.01926	0.02459	0.04104	0.02475	0.25194	0.47639	0.01237	0.01894	0.01034	0.00485	0.00704
18	0.01179	0.00986	0.01179	0.01164	0.01355	0.00986	0.00875	0.01411	0.01913	0.02474	0.15492	0.20352	0.34652	0.02171	0.01277	0.00315	0.08864	0.01803	0.00780	0.00771
19	0.08120	0.02254	0.02264	0.02587	0.17612	0.19085	0.01652	0.02892	0.02171	0.13254	0.03043	0.03650	0.09556	0.01212	0.00876	0.00271	0.01007	0.06727	0.00642	0.01125
20	0.06174	0.02694	0.02261	0.05081	0.07182	0.27294	0.01591	0.14223	0.04862	0.03000	0.02276	0.02542	0.05956	0.01725	0.08960	0.00395	0.01328	0.00784	0.00578	0.01092
21	0.01965	0.01806	0.01869	0.09698	0.02429	0.11535	0.01367	0.02672	0.13783	0.05217	0.02924	0.06562	0.07017	0.08902	0.09254	0.00474	0.06171	0.01012	0.00611	0.04731
22	0.01976	0.01560	0.02080	0.01904	0.09810	0.01317	0.04260	0.02453	0.04462	0.09134	0.02983	0.03083	0.11129	0.00977	0.00786	0.00201	0.00717	0.00838	0.00621	0.39709

[dist]
# distance from previous block
# <min> <max>
14	53

[block]
# block no. 1 follows, 20 sequences, length 27
# corresponding to MSA columns:
# 812-838
name=unknown_B
#
# <colnr> <probs for GDERKNQSTAVLIFYWHMCP>
#	G	D	E	R	K	N	Q	S	T	A	V	L	I	F	Y	W	H	M	C	P
0	0.01533	0.02053	0.16142	0.01703	0.02115	0.04673	0.01612	0.01936	0.01624	0.02229	0.02993	0.03758	0.11510	0.10131	0.21088	0.00691	0.11814	0.01001	0.00491	0.00902
1	0.01680	0.10955	0.13134	0.01583	0.02112	0.06651	0.01494	0.02311	0.08211	0.02423	0.03724	0.03955	0.17127	0.02674	0.17575	0.00557	0.01259	0.01024	0.00566	0.00986
2	0.15630	0.07163	0.02427	0.01954	0.02498	0.35455	0.01540	0.17621	0.02668	0.03274	0.01503	0.01666	0.01182	0.00912	0.00752	0.00239	0.01228	0.00597	0.00566	0.01124
3	0.46981	0.01761	0.01832	0.07520	0.11158	0.02006	0.01391	0.02879	0.11182	0.03573	0.01674	0.01892	0.01298	0.00869	0.00670	0.00274	0.00771	0.00624	0.00566	0.01079
4	0.03258	0.04157	0.02472	0.02247	0.02697	0.65843	0.01685	0.03483	0.02472	0.02135	0.01348	0.01573	0.01124	0.00899	0.00787	0.00225	0.01573	0.00562	0.00449	0.01011
5	0.02217	0.62568	0.04235	0.01483	0.02167	0.03201	0.01450	0.02500	0.01733	0.02049	0.01332	0.01614	0.01232	0.01360	0.07479	0.00315	0.01081	0.00516	0.00383	0.01083
6	0.01063	0.00759	0.01012	0.01215	0.01265	0.00709	0.00810	0.01215	0.01670	0.02227	0.04808	0.68775	0.05769	0.02733	0.01113	0.00354	0.00506	0.02480	0.00810	0.00709
7	0.01268	0.00846	0.00951	0.00951	0.00951	0.00846	0.00529	0.01268	0.01268	0.01691	0.02748	0.05708	0.03171	0.69345	0.04440	0.00846	0.00846	0.01268	0.00529	0.00529
8	0.01782	0.04321	0.60038	0.02710	0.08472	0.02029	0.03180	0.02756	0.01853	0.02769	0.01571	0.01866	0.01127	0.00825	0.00831	0.00275	0.01269	0.00655	0.00373	0.01296
9	0.01250	0.00921	0.01331	0.01331	0.01462	0.01052	0.01002	0.01512	0.01381	0.01972	0.02401	0.03787	0.02337	0.16454	0.56189	0.01314	0.02101	0.00987	0.00477	0.00739
10	0.01268	0.00846	0.00951	0.00951	0.00951	0.00846	0.00529	0.01268	0.01268	0.01691	0.02748	0.05708	0.03171	0.69345	0.04440	0.00846	0.00846	0.01268	0.00529	0.00529
11	0.02687	0.01482	0.01783	0.01503	0.02018	0.01472	0.01195	0.03750	0.22896	0.29699	0.11641	0.04063	0.09281	0.01318	0.00915	0.00282	0.00652	0.01100	0.00972	0.01290
12	0.02302	0.01889	0.02338	0.02583	0.16472	0.02078	0.01672	0.04154	0.43780	0.08184	0.03102	0.02980	0.02328	0.01082	0.00881	0.00285	0.00774	0.00930	0.00797	0.01389
13	0.01160	0.00868	0.01221	0.08138	0.01817	0.00868	0.01041	0.01383	0.01714	0.02268	0.04448	0.55608	0.05210	0.02505	0.01098	0.00353	0.00606	0.08186	0.00765	0.00746
14	0.02215	0.01992	0.02244	0.02389	0.13194	0.07037	0.01595	0.08990	0.31922	0.03420	0.07483	0.03086	0.02600	0.01546	0.06015	0.00366	0.00955	0.00939	0.00743	0.01270
15	0.02959	0.08882	0.07494	0.02089	0.02645	0.41221	0.01719	0.13107	0.02576	0.02729	0.01565	0.01913	0.01304	0.04925	0.01001	0.00269	0.01352	0.00641	0.00514	0.01094
16	0.01806	0.04149	0.55279	0.02806	0.08582	0.02044	0.07718	0.02758	0.01870	0.02772	0.01587	0.01907	0.01144	0.00817	0.00847	0.00276	0.01283	0.00685	0.00379	0.01288
17	0.01844	0.09277	0.50699	0.02596	0.03779	0.02166	0.12165	0.02756	0.01870	0.02712	0.01569	0.01888	0.01141	0.00808	0.00839	0.00272	0.01290	0.00691	0.00380	0.01258
18	0.01788	0.21009	0.29805	0.01859	0.02670	0.04685	0.02068	0.02358	0.01830	0.02420	0.02608	0.14151	0.06819	0.01257	0.00822	0.00266	0.01000	0.01014	0.00486	0.01086
19	0.01835	0.09787	0.54266	0.02660	0.09036	0.02150	0.03028	0.02742	0.01849	0.02711	0.01542	0.01833	0.01131	0.00817	0.00809	0.00267	0.01237	0.00641	0.00374	0.01283
20	0.01837	0.01616	0.02628	0.03751	0.37348	0.01616	0.02133	0.02305	0.01996	0.02747	0.02914	0.05443	0.02938	0.01475	0.01009	0.00320	0.00937	0.25262	0.00591	0.01134
21	0.01905	0.04934	0.02131	0.01858	0.02020	0.14991	0.01462	0.02117	0.01676	0.02122	0.02222	0.17469	0.02369	0.02433	0.11879	0.00496	0.25389	0.01132	0.00507	0.00889
22	0.02021	0.02519	0.16042	0.11320	0.45410	0.02049	0.02762	0.02647	0.01931	0.02766	0.01616	0.02111	0.01302	0.00798	0.00857	0.00266	0.01102	0.00750	0.00414	0.01319
23	0.01750	0.04512	0.64825	0.02486	0.03775	0.02026	0.03223	0.02762	0.01842	0.02762	0.01565	0.01842	0.01105	0.00829	0.00829	0.00276	0.01289	0.00645	0.00368	0.01289
24	0.01730	0.09937	0.28365	0.10905	0.10534	0.01909	0.02378	0.02391	0.01875	0.02568	0.02658	0.03596	0.07861	0.01164	0.00879	0.00285	0.01057	0.08307	0.00480	0.01122
25	0.02105	0.02017	0.03443	0.11909	0.57771	0.02058	0.02650	0.02630	0.01961	0.02784	0.01631	0.02177	0.01359	0.00787	0.00864	0.00262	0.01050	0.00777	0.00427	0.01338
26	0.02159	0.02073	0.03541	0.05354	0.63903	0.02073	0.02677	0.02677	0.01986	0.02850	0.01641	0.02159	0.01382	0.00777	0.00864	0.00259	0.01036	0.00777	0.00432	0.01382

[dist]
# distance from previous block
# <min> <max>
3	19

[block]
# block no. 2 follows, 20 sequences, length 141
# corresponding to MSA columns:
# 858-998
name=unknown_C
#
# <colnr> <probs for GDERKNQSTAVLIFYWHMCP>
#	G	D	E	R	K	N	Q	S	T	A	V	L	I	F	Y	W	H	M	C	P
0	0.01061	0.00766	0.01005	0.01197	0.01260	0.00710	0.00802	0.01217	0.01687	0.02234	0.05025	0.65513	0.08891	0.02704	0.01109	0.00351	0.00503	0.02445	0.00810	0.00710
1	0.02006	0.01899	0.03211	0.17825	0.48614	0.01979	0.02509	0.02509	0.01898	0.02660	0.01682	0.02385	0.01433	0.04502	0.01059	0.00297	0.01052	0.00803	0.00428	0.01251
2	0.01670	0.01594	0.02753	0.63813	0.05929	0.01952	0.05573	0.02259	0.01761	0.02259	0.01562	0.02327	0.01171	0.00865	0.00881	0.00291	0.01179	0.00789	0.00390	0.00980
3	0.01515	0.00758	0.01136	0.01136	0.01136	0.00758	0.00758	0.01136	0.01136	0.01515	0.01515	0.02652	0.01515	0.03030	0.03409	0.74621	0.00758	0.00758	0.00379	0.00379
4	0.02159	0.02073	0.03541	0.05354	0.63903	0.02073	0.02677	0.02677	0.01986	0.02850	0.01641	0.02159	0.01382	0.00777	0.00864	0.00259	0.01036	0.00777	0.00432	0.01382
5	0.01246	0.00935	0.01402	0.01402	0.01558	0.01090	0.01090	0.01558	0.01402	0.02025	0.02336	0.03427	0.02181	0.06542	0.65888	0.01402	0.02336	0.00935	0.00467	0.00779
6	0.02332	0.69869	0.04571	0.01493	0.02239	0.03451	0.01493	0.02612	0.01772	0.02052	0.01213	0.01399	0.01119	0.00746	0.00560	0.00187	0.00933	0.00466	0.00373	0.01119
7	0.01087	0.00777	0.01040	0.01243	0.01304	0.00730	0.00853	0.01257	0.01694	0.02254	0.04794	0.64533	0.05715	0.02710	0.01120	0.00358	0.00527	0.06478	0.00809	0.00715
8	0.01261	0.00874	0.01093	0.01093	0.01142	0.00923	0.00706	0.01360	0.01311	0.01796	0.02619	0.04989	0.02859	0.49553	0.23804	0.01021	0.01315	0.01163	0.00509	0.00607
9	0.01783	0.08232	0.61395	0.02430	0.03688	0.02107	0.03124	0.02754	0.01838	0.02722	0.01545	0.01816	0.01106	0.00824	0.00813	0.00271	0.01269	0.00634	0.00369	0.01279
10	0.02159	0.02073	0.03541	0.05354	0.63903	0.02073	0.02677	0.02677	0.01986	0.02850	0.01641	0.02159	0.01382	0.00777	0.00864	0.00259	0.01036	0.00777	0.00432	0.01382
11	0.01031	0.00884	0.00884	0.00884	0.01178	0.00736	0.00663	0.01252	0.01988	0.02356	0.08837	0.08395	0.63549	0.02209	0.01031	0.00295	0.00442	0.01841	0.00810	0.00736
12	0.02159	0.02073	0.03541	0.05354	0.63903	0.02073	0.02677	0.02677	0.01986	0.02850	0.01641	0.02159	0.01382	0.00777	0.00864	0.00259	0.01036	0.00777	0.00432	0.01382
13	0.01750	0.04512	0.64825	0.02486	0.03775	0.02026	0.03223	0.02762	0.01842	0.02762	0.01565	0.01842	0.01105	0.00829	0.00829	0.00276	0.01289	0.00645	0.00368	0.01289
14	0.02159	0.02073	0.03541	0.05354	0.63903	0.02073	0.02677	0.02677	0.01986	0.02850	0.01641	0.02159	0.01382	0.00777	0.00864	0.00259	0.01036	0.00777	0.00432	0.01382
15	0.01379	0.00995	0.01368	0.01554	0.01762	0.00985	0.01352	0.01767	0.02007	0.02592	0.04922	0.09735	0.09233	0.02395	0.01192	0.00394	0.00777	0.53988	0.00804	0.00798
16	0.02159	0.02073	0.03541	0.05354	0.63903	0.02073	0.02677	0.02677	0.01986	0.02850	0.01641	0.02159	0.01382	0.00777	0.00864	0.00259	0.01036	0.00777	0.00432	0.01382
17	0.01904	0.02040	0.06393	0.26851	0.22334	0.06524	0.04874	0.02423	0.01831	0.02434	0.01651	0.02310	0.01351	0.01545	0.08753	0.00413	0.04070	0.00783	0.00416	0.01100
18	0.02179	0.52729	0.20373	0.01753	0.02642	0.03078	0.01946	0.02651	0.01791	0.02238	0.01305	0.01515	0.01116	0.00768	0.00630	0.00210	0.01026	0.00513	0.00372	0.01164
19	0.02101	0.26238	0.20696	0.02255	0.03074	0.02616	0.12468	0.06390	0.01936	0.02605	0.01507	0.01871	0.01224	0.01114	0.03811	0.00307	0.07515	0.00684	0.00421	0.01169
20	0.01795	0.07472	0.58546	0.02508	0.03748	0.02103	0.06452	0.02757	0.01851	0.02731	0.01560	0.01850	0.01118	0.00819	0.00828	0.00273	0.01283	0.00658	0.00373	0.01275
21	0.01394	0.01076	0.01320	0.01422	0.01632	0.01103	0.01099	0.02105	0.14259	0.02650	0.04857	0.31478	0.10156	0.02266	0.01088	0.00352	0.00631	0.19410	0.00824	0.00879
22	0.01852	0.01984	0.09273	0.03820	0.37968	0.01712	0.02280	0.02372	0.01976	0.02747	0.02875	0.04442	0.06712	0.01283	0.00955	0.00298	0.00963	0.14762	0.00543	0.01185
23	0.02195	0.02066	0.02651	0.43236	0.08222	0.09725	0.02199	0.13907	0.02306	0.02892	0.01638	0.02181	0.01233	0.00904	0.00861	0.00275	0.01165	0.00752	0.00492	0.01098
24	0.02033	0.01891	0.02911	0.20047	0.33736	0.02063	0.02285	0.03059	0.17176	0.02895	0.02101	0.02478	0.01650	0.00904	0.00872	0.00276	0.00981	0.00830	0.00536	0.01277
25	0.02266	0.01852	0.01975	0.01763	0.02266	0.02121	0.01375	0.04614	0.59035	0.06998	0.03544	0.03239	0.02635	0.01178	0.00887	0.00294	0.00693	0.00980	0.00898	0.01386
26	0.02128	0.02066	0.03601	0.08171	0.57305	0.02075	0.06443	0.02663	0.01979	0.02817	0.01645	0.02179	0.01368	0.00779	0.00875	0.00263	0.01071	0.00794	0.00430	0.01349
27	0.01094	0.00794	0.01033	0.01168	0.01266	0.00733	0.00802	0.01302	0.01849	0.02485	0.16576	0.52242	0.10410	0.02509	0.01091	0.00334	0.00483	0.02257	0.00839	0.00733
28	0.02042	0.01214	0.01257	0.01107	0.01432	0.01279	0.00868	0.16553	0.02389	0.03805	0.02661	0.02967	0.02050	0.01024	0.00674	0.00218	0.00543	0.00806	0.56132	0.00978
29	0.07193	0.01812	0.03019	0.34088	0.29384	0.02007	0.05178	0.02464	0.01840	0.02632	0.01573	0.02193	0.01245	0.00822	0.00852	0.00276	0.01090	0.00766	0.00419	0.01146
30	0.01612	0.01478	0.02186	0.14014	0.02706	0.01944	0.01698	0.01921	0.01436	0.02095	0.01666	0.02554	0.01536	0.03281	0.26070	0.00746	0.30921	0.00830	0.00415	0.00891
31	0.02124	0.02013	0.03365	0.05008	0.58051	0.02027	0.02556	0.02729	0.04848	0.02876	0.01872	0.02573	0.01614	0.00873	0.00881	0.00268	0.01009	0.03489	0.00471	0.01354
32	0.01252	0.00910	0.01277	0.01277	0.01390	0.01022	0.00935	0.01477	0.01365	0.01932	0.02451	0.04059	0.02455	0.23958	0.48847	0.01248	0.01923	0.01027	0.00484	0.00709
33	0.02159	0.02073	0.03541	0.05354	0.63903	0.02073	0.02677	0.02677	0.01986	0.02850	0.01641	0.02159	0.01382	0.00777	0.00864	0.00259	0.01036	0.00777	0.00432	0.01382
34	0.01063	0.00759	0.01012	0.01215	0.01265	0.00709	0.00810	0.01215	0.01670	0.02227	0.04808	0.68775	0.05769	0.02733	0.01113	0.00354	0.00506	0.02480	0.00810	0.00709
35	0.01809	0.01550	0.01809	0.01292	0.02067	0.01163	0.01034	0.02196	0.01809	0.02842	0.01550	0.01809	0.01292	0.00646	0.00646	0.00129	0.00646	0.00517	0.00517	0.74677
36	0.01094	0.00886	0.00971	0.00950	0.01217	0.00763	0.00712	0.01373	0.02136	0.02708	0.25668	0.07816	0.46499	0.02078	0.01030	0.00288	0.00432	0.01760	0.00856	0.00763
37	0.02332	0.69869	0.04571	0.01493	0.02239	0.03451	0.01493	0.02612	0.01772	0.02052	0.01213	0.01399	0.01119	0.00746	0.00560	0.00187	0.00933	0.00466	0.00373	0.01119
38	0.01268	0.00846	0.00951	0.00951	0.00951	0.00846	0.00529	0.01268	0.01268	0.01691	0.02748	0.05708	0.03171	0.69345	0.04440	0.00846	0.00846	0.01268	0.00529	0.00529
39	0.01266	0.00856	0.01002	0.01002	0.01019	0.00873	0.00591	0.01301	0.01283	0.01729	0.02702	0.05453	0.03060	0.62314	0.11318	0.00908	0.01013	0.01231	0.00522	0.00557
40	0.02159	0.02073	0.03541	0.05354	0.63903	0.02073	0.02677	0.02677	0.01986	0.02850	0.01641	0.02159	0.01382	0.00777	0.00864	0.00259	0.01036	0.00777	0.00432	0.01382
41	0.01063	0.00759	0.01012	0.01215	0.01265	0.00709	0.00810	0.01215	0.01670	0.02227	0.04808	0.68775	0.05769	0.02733	0.01113	0.00354	0.00506	0.02480	0.00810	0.00709
42	0.75506	0.01687	0.01282	0.01147	0.01687	0.01957	0.00945	0.02564	0.01484	0.03914	0.01215	0.01417	0.00945	0.00810	0.00540	0.00270	0.00675	0.00472	0.00540	0.00945
43	0.02403	0.65016	0.04430	0.01530	0.02272	0.03398	0.01504	0.06814	0.01940	0.02300	0.01276	0.01449	0.01146	0.00768	0.00582	0.00192	0.00935	0.00489	0.00409	0.01146
44	0.02296	0.02879	0.18445	0.02988	0.03920	0.02287	0.32771	0.17120	0.02511	0.03452	0.01799	0.02170	0.01312	0.00834	0.00944	0.00282	0.01302	0.00880	0.00530	0.01278
45	0.01131	0.00853	0.01046	0.01071	0.01258	0.00768	0.00775	0.01419	0.02118	0.02835	0.32337	0.24129	0.22754	0.02161	0.01053	0.00302	0.00446	0.01898	0.00878	0.00768
46	0.01792	0.01698	0.02877	0.49785	0.22342	0.01976	0.02494	0.02355	0.01812	0.02404	0.01576	0.02279	0.01225	0.00845	0.00870	0.00282	0.01127	0.00776	0.00400	0.01085
47	0.57411	0.01636	0.01470	0.01249	0.01823	0.01786	0.01030	0.02990	0.01740	0.19228	0.01777	0.01809	0.01252	0.00878	0.00625	0.00270	0.00692	0.00575	0.00676	0.01081
48	0.02159	0.02073	0.03541	0.05354	0.63903	0.02073	0.02677	0.02677	0.01986	0.02850	0.01641	0.02159	0.01382	0.00777	0.00864	0.00259	0.01036	0.00777	0.00432	0.01382
49	0.01103	0.00886	0.00984	0.00960	0.01223	0.00767	0.00720	0.01392	0.02159	0.02763	0.28279	0.07726	0.43853	0.02058	0.01030	0.00287	0.00431	0.01747	0.00863	0.00767
50	0.01214	0.00891	0.01138	0.01076	0.01291	0.00814	0.00807	0.01607	0.02421	0.03385	0.58034	0.06702	0.13710	0.01825	0.01029	0.00276	0.00415	0.01604	0.00945	0.00814
51	0.02407	0.02364	0.03546	0.02723	0.03248	0.07057	0.23272	0.16956	0.02362	0.03192	0.01619	0.02092	0.01292	0.01075	0.01555	0.00309	0.22381	0.00851	0.00529	0.01170
52	0.01213	0.00891	0.01136	0.01075	0.01290	0.00814	0.00806	0.01604	0.02418	0.03377	0.57658	0.06715	0.14091	0.01828	0.01029	0.00276	0.00415	0.01605	0.00944	0.00814
53	0.01935	0.03133	0.27254	0.03155	0.04139	0.02165	0.35988	0.02743	0.01937	0.02743	0.01656	0.02137	0.01232	0.00815	0.01058	0.00292	0.05131	0.00871	0.00411	0.01206
54	0.02802	0.31299	0.03413	0.02136	0.06489	0.35795	0.01670	0.03069	0.02150	0.02147	0.01311	0.01539	0.01139	0.00828	0.00697	0.00211	0.01272	0.00536	0.00417	0.01080
55	0.02059	0.02169	0.02787	0.02362	0.02458	0.09287	0.05122	0.02283	0.01495	0.02141	0.01201	0.01898	0.01153	0.01417	0.02543	0.00360	0.57144	0.00757	0.00392	0.00972
56	0.01074	0.00768	0.01022	0.01207	0.01268	0.00716	0.00811	0.01243	0.01722	0.02309	0.08623	0.64724	0.05929	0.02671	0.01108	0.00349	0.00500	0.02421	0.00820	0.00716
57	0.01031	0.00884	0.00884	0.00884	0.01178	0.00736	0.00663	0.01252	0.01988	0.02356	0.08837	0.08395	0.63549	0.02209	0.01031	0.00295	0.00442	0.01841	0.00810	0.00736
58	0.02159	0.02073	0.03541	0.05354	0.63903	0.02073	0.02677	0.02677	0.01986	0.02850	0.01641	0.02159	0.01382	0.00777	0.00864	0.00259	0.01036	0.00777	0.00432	0.01382
59	0.01114	0.00809	0.01050	0.01155	0.01271	0.00746	0.00803	0.01351	0.01940	0.02629	0.23208	0.45200	0.10688	0.02402	0.01081	0.00325	0.00472	0.02155	0.00856	0.00746
60	0.02332	0.69869	0.04571	0.01493	0.02239	0.03451	0.01493	0.02612	0.01772	0.02052	0.01213	0.01399	0.01119	0.00746	0.00560	0.00187	0.00933	0.00466	0.00373	0.01119
61	0.01079	0.00886	0.00951	0.00934	0.01208	0.00757	0.00701	0.01345	0.02102	0.02627	0.21779	0.07949	0.50438	0.02108	0.01030	0.00290	0.00435	0.01779	0.00846	0.00757
62	0.03273	0.03735	0.02508	0.02188	0.02699	0.50294	0.01679	0.17646	0.02873	0.02963	0.01532	0.01701	0.01212	0.00935	0.00808	0.00234	0.01422	0.00617	0.00554	0.01128
63	0.02990	0.01723	0.01989	0.01581	0.02101	0.01770	0.01249	0.27580	0.02888	0.23188	0.02695	0.03176	0.02085	0.15080	0.01592	0.00381	0.00837	0.00915	0.04932	0.01251
64	0.01044	0.00875	0.00894	0.00906	0.01172	0.00740	0.00665	0.01250	0.01936	0.02317	0.08316	0.11743	0.57361	0.05422	0.01197	0.00324	0.00465	0.01851	0.00797	0.00725
65	0.02278	0.02583	0.02980	0.06695	0.03049	0.22270	0.13865	0.02630	0.01876	0.02254	0.01488	0.02081	0.01285	0.01651	0.08328	0.00416	0.22075	0.00773	0.00425	0.01000
66	0.01162	0.00801	0.00983	0.01087	0.01114	0.00775	0.00674	0.01241	0.01476	0.01968	0.03812	0.38293	0.04514	0.34928	0.02721	0.00592	0.00670	0.01894	0.00674	0.00622
67	0.03914	0.01484	0.02024	0.01552	0.02227	0.01282	0.01282	0.04251	0.02497	0.64507	0.03441	0.02969	0.02159	0.01080	0.00877	0.00270	0.00742	0.00877	0.01080	0.01484
68	0.01908	0.01908	0.02672	0.02290	0.02290	0.02672	0.01908	0.02099	0.01336	0.02099	0.01145	0.01908	0.01145	0.01527	0.02863	0.00382	0.67748	0.00763	0.00382	0.00954
69	0.01063	0.00759	0.01012	0.01215	0.01265	0.00709	0.00810	0.01215	0.01670	0.02227	0.04808	0.68775	0.05769	0.02733	0.01113	0.00354	0.00506	0.02480	0.00810	0.00709
70	0.01246	0.00935	0.01402	0.01402	0.01558	0.01090	0.01090	0.01558	0.01402	0.02025	0.02336	0.03427	0.02181	0.06542	0.65888	0.01402	0.02336	0.00935	0.00467	0.00779
71	0.01031	0.00884	0.00884	0.00884	0.01178	0.00736	0.00663	0.01252	0.01988	0.02356	0.08837	0.08395	0.63549	0.02209	0.01031	0.00295	0.00442	0.01841	0.00810	0.00736
72	0.02159	0.02073	0.03541	0.05354	0.63903	0.02073	0.02677	0.02677	0.01986	0.02850	0.01641	0.02159	0.01382	0.00777	0.00864	0.00259	0.01036	0.00777	0.00432	0.01382
73	0.01647	0.01550	0.02616	0.67248	0.06008	0.01938	0.02422	0.02229	0.01744	0.02229	0.01550	0.02326	0.01163	0.00872	0.00872	0.00291	0.01163	0.00775	0.00388	0.00969
74	0.01246	0.00935	0.01402	0.01402	0.01558	0.01090	0.01090	0.01558	0.01402	0.02025	0.02336	0.03427	0.02181	0.06542	0.65888	0.01402	0.02336	0.00935	0.00467	0.00779
75	0.01386	0.00938	0.01047	0.01012	0.01052	0.00953	0.00594	0.04707	0.01432	0.01910	0.02711	0.05500	0.03074	0.65413	0.04234	0.00812	0.00852	0.01241	0.00548	0.00584
76	0.02636	0.07894	0.26305	0.02282	0.03081	0.34596	0.02258	0.06325	0.02283	0.02554	0.01464	0.01694	0.01136	0.00872	0.00795	0.00244	0.01395	0.00600	0.00438	0.01149
77	0.02104	0.44307	0.28138	0.01881	0.02840	0.02894	0.02169	0.02671	0.01799	0.02330	0.01351	0.01572	0.01114	0.00779	0.00665	0.00222	0.01072	0.00536	0.00371	0.01186
78	0.02159	0.02073	0.03541	0.05354	0.63903	0.02073	0.02677	0.02677	0.01986	0.02850	0.01641	0.02159	0.01382	0.00777	0.00864	0.00259	0.01036	0.00777	0.00432	0.01382
79	0.03166	0.01697	0.02036	0.01668	0.02270	0.01724	0.01343	0.07531	0.27093	0.36332	0.03412	0.03038	0.02328	0.01120	0.00881	0.00280	0.00733	0.00917	0.00990	0.01442
80	0.01938	0.02715	0.17165	0.03277	0.04211	0.02087	0.45596	0.02702	0.02010	0.02763	0.02116	0.02583	0.04728	0.00836	0.00988	0.00290	0.01376	0.00995	0.00447	0.01175
81	0.01060	0.00828	0.00962	0.01047	0.01226	0.00730	0.00740	0.01264	0.01880	0.02380	0.10960	0.35340	0.33653	0.02413	0.01068	0.00320	0.00468	0.02108	0.00821	0.00730
82	0.08580	0.01793	0.02738	0.20249	0.22725	0.02138	0.02156	0.02330	0.01667	0.02533	0.01480	0.02135	0.01263	0.01322	0.04897	0.00364	0.19375	0.00754	0.00418	0.01083
83	0.02159	0.02073	0.03541	0.05354	0.63903	0.02073	0.02677	0.02677	0.01986	0.02850	0.01641	0.02159	0.01382	0.00777	0.00864	0.00259	0.01036	0.00777	0.00432	0.01382
84	0.02159	0.02073	0.03541	0.05354	0.63903	0.02073	0.02677	0.02677	0.01986	0.02850	0.01641	0.02159	0.01382	0.00777	0.00864	0.00259	0.01036	0.00777	0.00432	0.01382
85	0.01247	0.00929	0.01376	0.01376	0.01523	0.01076	0.01058	0.01541	0.01394	0.02006	0.02360	0.03558	0.02238	0.10157	0.62351	0.01370	0.02251	0.00954	0.00471	0.00764
86	0.01933	0.03333	0.33742	0.03511	0.18793	0.02086	0.18499	0.02750	0.01935	0.02792	0.01637	0.02057	0.01232	0.00791	0.00891	0.00277	0.01275	0.00780	0.00403	0.01282
87	0.01108	0.00887	0.00991	0.00965	0.01226	0.00769	0.00724	0.01402	0.02171	0.02790	0.29598	0.07680	0.42517	0.02047	0.01030	0.00287	0.00430	0.01741	0.00867	0.00769
88	0.75506	0.01687	0.01282	0.01147	0.01687	0.01957	0.00945	0.02564	0.01484	0.03914	0.01215	0.01417	0.00945	0.00810	0.00540	0.00270	0.00675	0.00472	0.00540	0.00945
89	0.02058	0.02673	0.18633	0.04648	0.49096	0.02061	0.02811	0.02698	0.01951	0.02828	0.01622	0.02081	0.01314	0.00790	0.00855	0.00263	0.01099	0.00745	0.00416	0.01359
90	0.01426	0.01165	0.01681	0.01589	0.01709	0.01461	0.01265	0.01713	0.01407	0.02104	0.02072	0.03049	0.01932	0.05048	0.47319	0.01094	0.18146	0.00887	0.04110	0.00823
91	0.01052	0.00890	0.00913	0.00924	0.01213	0.00751	0.00704	0.01283	0.01989	0.02370	0.08603	0.08475	0.60305	0.02220	0.01041	0.00300	0.00462	0.04956	0.00810	0.00740
92	0.02332	0.69869	0.04571	0.01493	0.02239	0.03451	0.01493	0.02612	0.01772	0.02052	0.01213	0.01399	0.01119	0.00746	0.00560	0.00187	0.00933	0.00466	0.00373	0.01119
93	0.01235	0.00892	0.01166	0.01097	0.01303	0.00823	0.00823	0.01646	0.02469	0.03498	0.63443	0.06516	0.08230	0.01783	0.01029	0.00274	0.00412	0.01578	0.00960	0.00823
94	0.01235	0.00892	0.01166	0.01097	0.01303	0.00823	0.00823	0.01646	0.02469	0.03498	0.63443	0.06516	0.08230	0.01783	0.01029	0.00274	0.00412	0.01578	0.00960	0.00823
95	0.01044	0.00884	0.00902	0.00898	0.01186	0.00742	0.00673	0.01277	0.02020	0.02431	0.12390	0.08272	0.59950	0.02181	0.01031	0.00293	0.00440	0.01824	0.00820	0.00742
96	0.02042	0.01214	0.01257	0.01107	0.01432	0.01279	0.00868	0.16553	0.02389	0.03805	0.02661	0.02967	0.02050	0.01024	0.00674	0.00218	0.00543	0.00806	0.56132	0.00978
97	0.01246	0.00935	0.01402	0.01402	0.01558	0.01090	0.01090	0.01558	0.01402	0.02025	0.02336	0.03427	0.02181	0.06542	0.65888	0.01402	0.02336	0.00935	0.00467	0.00779
98	0.01044	0.00884	0.00902	0.00898	0.01186	0.00742	0.00673	0.01277	0.02020	0.02431	0.12390	0.08272	0.59950	0.02181	0.01031	0.00293	0.00440	0.01824	0.00820	0.00742
99	0.01908	0.01908	0.02672	0.02290	0.02290	0.02672	0.01908	0.02099	0.01336	0.02099	0.01145	0.01908	0.01145	0.01527	0.02863	0.00382	0.67748	0.00763	0.00382	0.00954
100	0.02067	0.01979	0.03375	0.16467	0.53508	0.02048	0.02631	0.02597	0.01943	0.02738	0.01625	0.02189	0.01342	0.00794	0.00865	0.00265	0.01059	0.00777	0.00424	0.01308
101	0.02159	0.02073	0.03541	0.05354	0.63903	0.02073	0.02677	0.02677	0.01986	0.02850	0.01641	0.02159	0.01382	0.00777	0.00864	0.00259	0.01036	0.00777	0.00432	0.01382
102	0.03258	0.04157	0.02472	0.02247	0.02697	0.65843	0.01685	0.03483	0.02472	0.02135	0.01348	0.01573	0.01124	0.00899	0.00787	0.00225	0.01573	0.00562	0.00449	0.01011
103	0.25909	0.02978	0.02231	0.02225	0.09231	0.32414	0.01560	0.08712	0.02265	0.03103	0.01412	0.01640	0.01131	0.00872	0.00726	0.00246	0.01170	0.00580	0.00517	0.01078
104	0.01031	0.00884	0.00884	0.00884	0.01178	0.00736	0.00663	0.01252	0.01988	0.02356	0.08837	0.08395	0.63549	0.02209	0.01031	0.00295	0.00442	0.01841	0.00810	0.00736
105	0.01033	0.00876	0.00892	0.00905	0.01184	0.00735	0.00672	0.01249	0.01968	0.02348	0.08574	0.12324	0.59790	0.02243	0.01036	0.00298	0.00446	0.01883	0.00810	0.00735
106	0.02059	0.02353	0.05147	0.03676	0.04559	0.02206	0.60735	0.02794	0.02059	0.02794	0.01765	0.02353	0.01324	0.00735	0.01029	0.00294	0.01471	0.01029	0.00441	0.01176
107	0.01235	0.00892	0.01166	0.01097	0.01303	0.00823	0.00823	0.01646	0.02469	0.03498	0.63443	0.06516	0.08230	0.01783	0.01029	0.00274	0.00412	0.01578	0.00960	0.00823
108	0.02170	0.01874	0.01972	0.01775	0.02268	0.02170	0.01381	0.04635	0.62327	0.03649	0.03550	0.03254	0.02663	0.01183	0.00888	0.00296	0.00690	0.00986	0.00888	0.01381
109	0.02560	0.53687	0.04054	0.01678	0.02352	0.18816	0.01540	0.02826	0.01945	0.02073	0.01246	0.01442	0.01120	0.00784	0.00616	0.00196	0.01090	0.00490	0.00392	0.01093
110	0.03030	0.20340	0.02989	0.02061	0.02584	0.50478	0.01638	0.03269	0.02300	0.02114	0.01315	0.01530	0.01123	0.00861	0.00731	0.00215	0.01415	0.00538	0.00431	0.01038
111	0.01750	0.04512	0.64825	0.02486	0.03775	0.02026	0.03223	0.02762	0.01842	0.02762	0.01565	0.01842	0.01105	0.00829	0.00829	0.00276	0.01289	0.00645	0.00368	0.01289
112	0.01767	0.04391	0.61468	0.02553	0.03819	0.02036	0.06458	0.02764	0.01854	0.02764	0.01577	0.01870	0.01117	0.00823	0.00840	0.00277	0.01299	0.00666	0.00372	0.01283
113	0.01750	0.04512	0.64825	0.02486	0.03775	0.02026	0.03223	0.02762	0.01842	0.02762	0.01565	0.01842	0.01105	0.00829	0.00829	0.00276	0.01289	0.00645	0.00368	0.01289
114	0.01031	0.00884	0.00884	0.00884	0.01178	0.00736	0.00663	0.01252	0.01988	0.02356	0.08837	0.08395	0.63549	0.02209	0.01031	0.00295	0.00442	0.01841	0.00810	0.00736
115	0.02230	0.02208	0.03471	0.05152	0.59921	0.06222	0.02613	0.02729	0.02018	0.02803	0.01622	0.02121	0.01365	0.00785	0.00859	0.00257	0.01071	0.00763	0.00433	0.01358
116	0.02086	0.05185	0.01752	0.01439	0.01861	0.01462	0.01162	0.03046	0.19691	0.15149	0.16716	0.05228	0.11771	0.01543	0.00953	0.00293	0.00637	0.08016	0.00891	0.01117
117	0.01063	0.00759	0.01012	0.01215	0.01265	0.00709	0.00810	0.01215	0.01670	0.02227	0.04808	0.68775	0.05769	0.02733	0.01113	0.00354	0.00506	0.02480	0.00810	0.00709
118	0.01868	0.01792	0.02941	0.34638	0.25091	0.02114	0.02418	0.02359	0.01754	0.02418	0.01509	0.02195	0.01234	0.00956	0.01222	0.00296	0.12912	0.00774	0.00402	0.01107
119	0.02139	0.01743	0.02263	0.22726	0.10792	0.05312	0.01749	0.05472	0.14333	0.08721	0.02362	0.03053	0.01930	0.12003	0.01446	0.00371	0.00972	0.00897	0.00610	0.01108
120	0.07432	0.03574	0.02441	0.02122	0.02641	0.45903	0.01636	0.18244	0.02835	0.03103	0.01533	0.01698	0.01206	0.00932	0.00794	0.00237	0.01363	0.00614	0.00564	0.01129
121	0.01063	0.00759	0.01012	0.01215	0.01265	0.00709	0.00810	0.01215	0.01670	0.02227	0.04808	0.68775	0.05769	0.02733	0.01113	0.00354	0.00506	0.02480	0.00810	0.00709
122	0.02306	0.02581	0.03932	0.08464	0.22161	0.15213	0.26920	0.02860	0.02099	0.02635	0.01626	0.02132	0.01288	0.00791	0.00918	0.00269	0.01339	0.00839	0.00436	0.01189
123	0.02033	0.01944	0.03313	0.20597	0.49645	0.02039	0.02614	0.02567	0.01927	0.02697	0.01619	0.02200	0.01328	0.00801	0.00866	0.00267	0.01067	0.00777	0.00421	0.01280
124	0.01074	0.00764	0.01009	0.01200	0.01247	0.00716	0.00794	0.01218	0.01647	0.02196	0.04690	0.65186	0.05621	0.06524	0.01303	0.00382	0.00525	0.02411	0.00794	0.00698
125	0.01895	0.01758	0.02871	0.35402	0.25454	0.02013	0.02370	0.05112	0.01897	0.02579	0.01630	0.02297	0.01311	0.01206	0.04679	0.00347	0.04840	0.00785	0.00430	0.01125
126	0.02305	0.43638	0.21577	0.01823	0.02704	0.06475	0.01988	0.02795	0.01872	0.05697	0.01444	0.01622	0.01173	0.00797	0.00667	0.00219	0.01061	0.00545	0.00415	0.01182
127	0.02771	0.01434	0.01793	0.01453	0.01956	0.01365	0.01169	0.13675	0.02760	0.30293	0.23719	0.04246	0.06787	0.01361	0.00934	0.00271	0.00657	0.01139	0.00989	0.01228
128	0.67145	0.01588	0.01229	0.01109	0.01611	0.01827	0.00907	0.02504	0.01523	0.03839	0.01399	0.01625	0.01091	0.00833	0.00548	0.00262	0.00644	0.00511	0.08874	0.00930
129	0.01407	0.01132	0.01326	0.01288	0.01387	0.04744	0.00912	0.01578	0.01463	0.01976	0.05909	0.04399	0.02838	0.32787	0.28367	0.00972	0.05218	0.01085	0.00516	0.00696
130	0.01113	0.00780	0.00997	0.01150	0.01188	0.00742	0.00740	0.01228	0.01571	0.02095	0.04301	0.53244	0.05129	0.19137	0.01933	0.00475	0.00590	0.02181	0.00740	0.00664
131	0.06181	0.02198	0.11594	0.16376	0.29797	0.01884	0.02338	0.02625	0.01897	0.06191	0.01677	0.02110	0.01307	0.00807	0.00818	0.00254	0.01015	0.00716	0.00466	0.09747
132	0.05689	0.05785	0.16391	0.07349	0.07315	0.02010	0.01963	0.07937	0.06956	0.08847	0.01878	0.02106	0.01417	0.00933	0.00989	0.00257	0.07459	0.00700	0.00563	0.13457
133	0.01927	0.02043	0.05549	0.21834	0.03356	0.11879	0.01667	0.04877	0.02036	0.02618	0.05701	0.07395	0.05366	0.01085	0.00835	0.00242	0.00970	0.00897	0.00536	0.19188
134	0.11905	0.01700	0.04721	0.02293	0.14499	0.01742	0.01542	0.02906	0.19912	0.03134	0.09212	0.03120	0.02624	0.02202	0.14195	0.00509	0.01091	0.00914	0.00647	0.01131
135	0.25276	0.01898	0.06954	0.05128	0.09499	0.01764	0.13648	0.02486	0.01872	0.06040	0.05806	0.03220	0.07939	0.01078	0.00836	0.00284	0.00916	0.03721	0.00577	0.01058
136	0.01911	0.03845	0.47195	0.02542	0.03595	0.02169	0.08439	0.06877	0.01964	0.02883	0.01572	0.01917	0.01158	0.00919	0.01095	0.00290	0.09259	0.00706	0.00413	0.01252
137	0.12904	0.02857	0.26015	0.05533	0.09571	0.01985	0.07012	0.07029	0.05960	0.06708	0.02157	0.02363	0.04281	0.00934	0.00828	0.00276	0.01047	0.00773	0.00539	0.01229
138	0.10783	0.01937	0.02568	0.03275	0.29983	0.05455	0.01879	0.03150	0.12111	0.11541	0.02372	0.07131	0.01955	0.01038	0.00846	0.00273	0.00888	0.00902	0.00638	0.01276
139	0.14689	0.13736	0.09874	0.02594	0.15935	0.21021	0.01872	0.02833	0.01963	0.02628	0.01455	0.01860	0.01238	0.03834	0.00891	0.00267	0.01138	0.00619	0.00443	0.01109
140	0.08887	0.26196	0.20782	0.01940	0.02769	0.02519	0.05267	0.05458	0.01904	0.06262	0.01524	0.01758	0.01198	0.00859	0.00863	0.00245	0.05826	0.00611	0.00462	0.04668

[dist]
# distance from previous block
# <min> <max>
8	179

[block]
# block no. 3 follows, 20 sequences, length 92
# corresponding to MSA columns:
# 1199-1290
name=unknown_D
#
# <colnr> <probs for GDERKNQSTAVLIFYWHMCP>
#	G	D	E	R	K	N	Q	S	T	A	V	L	I	F	Y	W	H	M	C	P
0	0.02386	0.07158	0.08879	0.02829	0.18988	0.18513	0.01929	0.03097	0.10528	0.05776	0.05755	0.06158	0.02145	0.01055	0.00848	0.00259	0.01064	0.00866	0.00575	0.01192
1	0.09731	0.05822	0.06116	0.02217	0.10388	0.02102	0.01667	0.08711	0.09511	0.06435	0.05429	0.02644	0.04770	0.01139	0.01221	0.00281	0.14323	0.00825	0.00613	0.06054
2	0.05982	0.09127	0.07683	0.02046	0.08078	0.16074	0.01588	0.03000	0.05725	0.13569	0.06556	0.03213	0.04889	0.04895	0.01034	0.00292	0.00989	0.03491	0.00646	0.01123
3	0.02616	0.02648	0.11686	0.05319	0.16923	0.12835	0.04593	0.06559	0.07975	0.13560	0.02095	0.02251	0.01544	0.00907	0.00847	0.00257	0.01081	0.00757	0.00609	0.04939
4	0.02487	0.10019	0.06082	0.09077	0.02718	0.18261	0.01582	0.03024	0.07261	0.12646	0.02533	0.06291	0.04854	0.01387	0.04292	0.00313	0.01105	0.00858	0.00613	0.04595
5	0.10204	0.02676	0.18894	0.02826	0.20106	0.08732	0.02110	0.02576	0.02011	0.02972	0.11550	0.02611	0.02335	0.00962	0.00822	0.00255	0.00994	0.00797	0.00520	0.06046
6	0.01842	0.13039	0.14766	0.01649	0.02220	0.09165	0.01569	0.05210	0.05266	0.02623	0.07054	0.12258	0.13209	0.01710	0.04341	0.00330	0.00968	0.01157	0.00608	0.01016
7	0.05775	0.18632	0.02942	0.05317	0.10805	0.17511	0.01661	0.02824	0.05510	0.02505	0.01509	0.01800	0.01272	0.00857	0.00856	0.00224	0.05474	0.00605	0.00463	0.13458
8	0.01807	0.17189	0.02159	0.01252	0.01809	0.01606	0.01053	0.02237	0.05191	0.06297	0.10706	0.04105	0.18277	0.01259	0.00796	0.00219	0.00641	0.01016	0.00663	0.21718
9	0.06339	0.20494	0.29664	0.02186	0.03102	0.06164	0.07654	0.02812	0.01873	0.06265	0.01551	0.01807	0.01186	0.00854	0.00869	0.00257	0.04655	0.00640	0.00434	0.01194
10	0.01957	0.07674	0.31519	0.03443	0.24931	0.02098	0.06506	0.02691	0.01900	0.02753	0.01581	0.01956	0.01229	0.00788	0.00825	0.00257	0.01150	0.00697	0.00405	0.05642
11	0.01107	0.00892	0.00989	0.00979	0.01244	0.00774	0.00744	0.01391	0.02127	0.02696	0.24288	0.07924	0.44933	0.02097	0.01039	0.00294	0.00450	0.04417	0.00853	0.00764
12	0.02160	0.02061	0.03448	0.05142	0.60260	0.02078	0.02600	0.02793	0.05553	0.02897	0.01754	0.02224	0.01457	0.00801	0.00865	0.00261	0.01016	0.00790	0.00459	0.01382
13	0.02080	0.03511	0.33692	0.03589	0.27333	0.09207	0.02835	0.02810	0.01969	0.02726	0.01571	0.01936	0.01216	0.00816	0.00838	0.00264	0.01221	0.00688	0.00402	0.01294
14	0.01956	0.09721	0.09935	0.03458	0.32077	0.02003	0.02168	0.02660	0.07980	0.02762	0.02709	0.03499	0.07175	0.01117	0.00879	0.00275	0.00943	0.06922	0.00536	0.01225
15	0.01063	0.00759	0.01012	0.01215	0.01265	0.00709	0.00810	0.01215	0.01670	0.02227	0.04808	0.68775	0.05769	0.02733	0.01113	0.00354	0.00506	0.02480	0.00810	0.00709
16	0.75506	0.01687	0.01282	0.01147	0.01687	0.01957	0.00945	0.02564	0.01484	0.03914	0.01215	0.01417	0.00945	0.00810	0.00540	0.00270	0.00675	0.00472	0.00540	0.00945
17	0.01181	0.00850	0.01118	0.01134	0.01291	0.00787	0.00819	0.01511	0.02218	0.03099	0.45025	0.26073	0.07457	0.02082	0.01055	0.00299	0.00441	0.01861	0.00913	0.00787
18	0.02259	0.14806	0.28008	0.02600	0.06814	0.12297	0.11590	0.06718	0.02121	0.02737	0.01543	0.01841	0.01185	0.00823	0.00813	0.00254	0.01266	0.00679	0.00430	0.01218
19	0.01268	0.00846	0.00951	0.00951	0.00951	0.00846	0.00529	0.01268	0.01268	0.01691	0.02748	0.05708	0.03171	0.69345	0.04440	0.00846	0.00846	0.01268	0.00529	0.00529
20	0.10143	0.01968	0.03734	0.28002	0.04797	0.02074	0.31451	0.02549	0.01873	0.02701	0.01620	0.02237	0.01219	0.00797	0.00914	0.00290	0.01262	0.00868	0.00432	0.01070
21	0.01885	0.01607	0.01977	0.02219	0.13052	0.01728	0.01434	0.06579	0.28982	0.03183	0.03967	0.16792	0.09823	0.01530	0.00944	0.00299	0.00704	0.01334	0.00780	0.01179
22	0.03258	0.04157	0.02472	0.02247	0.02697	0.65843	0.01685	0.03483	0.02472	0.02135	0.01348	0.01573	0.01124	0.00899	0.00787	0.00225	0.01573	0.00562	0.00449	0.01011
23	0.06514	0.23237	0.23806	0.02741	0.15312	0.06089	0.05564	0.02731	0.01877	0.02603	0.01453	0.01761	0.01169	0.00791	0.00747	0.00244	0.01121	0.00624	0.00401	0.01215
24	0.06902	0.22759	0.35127	0.02150	0.03121	0.05236	0.05126	0.02709	0.01813	0.02581	0.01422	0.01702	0.01111	0.00834	0.00831	0.00254	0.04147	0.00602	0.00389	0.01185
25	0.06535	0.02503	0.19596	0.01824	0.02560	0.01877	0.01805	0.14675	0.12441	0.07354	0.13218	0.03008	0.02784	0.01107	0.00860	0.00268	0.00863	0.00894	0.00723	0.05106
26	0.02434	0.07404	0.16195	0.02758	0.06045	0.24025	0.18682	0.03130	0.06138	0.02577	0.01661	0.01975	0.01289	0.00843	0.00860	0.00259	0.01366	0.00743	0.00454	0.01162
27	0.02332	0.69869	0.04571	0.01493	0.02239	0.03451	0.01493	0.02612	0.01772	0.02052	0.01213	0.01399	0.01119	0.00746	0.00560	0.00187	0.00933	0.00466	0.00373	0.01119
28	0.01063	0.00759	0.01012	0.01215	0.01265	0.00709	0.00810	0.01215	0.01670	0.02227	0.04808	0.68775	0.05769	0.02733	0.01113	0.00354	0.00506	0.02480	0.00810	0.00709
29	0.01406	0.01004	0.01406	0.01606	0.01807	0.01004	0.01406	0.01807	0.02008	0.02610	0.04618	0.09839	0.05020	0.02410	0.01205	0.00402	0.00803	0.58032	0.00803	0.00803
30	0.01246	0.00935	0.01402	0.01402	0.01558	0.01090	0.01090	0.01558	0.01402	0.02025	0.02336	0.03427	0.02181	0.06542	0.65888	0.01402	0.02336	0.00935	0.00467	0.00779
31	0.01064	0.00885	0.00929	0.00918	0.01198	0.00750	0.00688	0.01315	0.02065	0.02539	0.17595	0.08093	0.54677	0.02141	0.01031	0.00291	0.00437	0.01799	0.00834	0.00750
32	0.02159	0.02073	0.03541	0.05354	0.63903	0.02073	0.02677	0.02677	0.01986	0.02850	0.01641	0.02159	0.01382	0.00777	0.00864	0.00259	0.01036	0.00777	0.00432	0.01382
33	0.01750	0.04512	0.64825	0.02486	0.03775	0.02026	0.03223	0.02762	0.01842	0.02762	0.01565	0.01842	0.01105	0.00829	0.00829	0.00276	0.01289	0.00645	0.00368	0.01289
34	0.05278	0.07811	0.58646	0.02370	0.03596	0.02097	0.03024	0.02745	0.01821	0.02780	0.01530	0.01798	0.01098	0.00823	0.00801	0.00271	0.01241	0.00627	0.00377	0.01264
35	0.02988	0.06041	0.02853	0.02835	0.16469	0.28074	0.01891	0.22059	0.02864	0.03391	0.01652	0.01868	0.01299	0.00913	0.00822	0.00243	0.01223	0.00679	0.00580	0.01254
36	0.01809	0.01517	0.01904	0.02122	0.15081	0.04069	0.01327	0.02298	0.05439	0.06518	0.15051	0.04382	0.16670	0.01304	0.00884	0.00243	0.00689	0.01118	0.00698	0.16877
37	0.02477	0.09568	0.03142	0.07288	0.29365	0.05936	0.02113	0.18614	0.02557	0.03395	0.01894	0.02545	0.01595	0.00969	0.00852	0.00261	0.01027	0.04536	0.00569	0.01297
38	0.10572	0.06276	0.06407	0.04046	0.42371	0.06194	0.02267	0.02658	0.01967	0.02910	0.05051	0.02221	0.01673	0.00847	0.00811	0.00256	0.01001	0.00748	0.00468	0.01255
39	0.01996	0.02064	0.06687	0.22196	0.44664	0.02033	0.02637	0.02559	0.01912	0.02674	0.01612	0.02187	0.01306	0.00806	0.00864	0.00269	0.01085	0.00769	0.00416	0.01263
40	0.01750	0.01594	0.02630	0.11862	0.36924	0.01627	0.02058	0.02161	0.01856	0.02576	0.02624	0.23105	0.02732	0.01403	0.00943	0.00293	0.00886	0.01312	0.00545	0.01118
41	0.02159	0.02073	0.03541	0.05354	0.63903	0.02073	0.02677	0.02677	0.01986	0.02850	0.01641	0.02159	0.01382	0.00777	0.00864	0.00259	0.01036	0.00777	0.00432	0.01382
42	0.02503	0.02757	0.03047	0.04037	0.38781	0.24783	0.02240	0.02906	0.02129	0.02551	0.01573	0.02016	0.01332	0.01123	0.04252	0.00307	0.01296	0.00709	0.00440	0.01218
43	0.01031	0.00884	0.00884	0.00884	0.01178	0.00736	0.00663	0.01252	0.01988	0.02356	0.08837	0.08395	0.63549	0.02209	0.01031	0.00295	0.00442	0.01841	0.00810	0.00736
44	0.02170	0.01874	0.01972	0.01775	0.02268	0.02170	0.01381	0.04635	0.62327	0.03649	0.03550	0.03254	0.02663	0.01183	0.00888	0.00296	0.00690	0.00986	0.00888	0.01381
45	0.02042	0.29530	0.21115	0.02173	0.05557	0.02769	0.02153	0.02517	0.01682	0.02304	0.01314	0.01700	0.01135	0.00985	0.01281	0.00269	0.19350	0.00613	0.00377	0.01135
46	0.01259	0.00882	0.01137	0.01137	0.01202	0.00947	0.00761	0.01388	0.01324	0.01829	0.02578	0.04766	0.02762	0.43412	0.29813	0.01075	0.01461	0.01131	0.00503	0.00632
