[name]
unknown

[dist]
# distance from previous block
# <min> <max>
11	127

[block]
# block no. 0 follows, 19 sequences, length 21
# corresponding to MSA columns:
# 138-158
name=unknown_A
#
# <colnr> <probs for GDERKNQSTAVLIFYWHMCP>
#	G	D	E	R	K	N	Q	S	T	A	V	L	I	F	Y	W	H	M	C	P
0	0.02934	0.32103	0.03460	0.01972	0.02564	0.38590	0.01644	0.03189	0.02227	0.02153	0.01323	0.01537	0.01151	0.00855	0.00707	0.00214	0.01331	0.00534	0.00427	0.01085
1	0.01674	0.03596	0.45068	0.11344	0.03774	0.01857	0.02775	0.02532	0.01933	0.02768	0.06446	0.02916	0.07409	0.01056	0.00890	0.00287	0.01161	0.00860	0.00464	0.01190
2	0.02829	0.03356	0.02803	0.02970	0.15083	0.39399	0.01984	0.03114	0.02196	0.02333	0.01402	0.01807	0.01211	0.01027	0.01255	0.00270	0.14750	0.00664	0.00443	0.01104
3	0.02107	0.02162	0.01757	0.01667	0.02027	0.20605	0.01282	0.05209	0.11703	0.02809	0.08657	0.10465	0.15541	0.01678	0.00981	0.00297	0.00920	0.08395	0.00745	0.00992
4	0.02915	0.02320	0.02550	0.02889	0.20710	0.16636	0.01792	0.05757	0.02427	0.20340	0.05912	0.03024	0.06557	0.01093	0.00893	0.00264	0.01023	0.00900	0.00716	0.01282
5	0.02191	0.01593	0.01709	0.01448	0.01939	0.01630	0.01151	0.19872	0.11405	0.08796	0.05701	0.05405	0.30185	0.01652	0.00973	0.00290	0.00678	0.01347	0.00885	0.01150
6	0.02752	0.01879	0.02109	0.01711	0.02273	0.01953	0.01369	0.33912	0.03216	0.11411	0.03332	0.15099	0.07157	0.01467	0.00939	0.00281	0.00808	0.01208	0.00878	0.06245
7	0.01526	0.01336	0.02043	0.20327	0.03050	0.01681	0.01669	0.01891	0.01539	0.02164	0.02047	0.06254	0.01911	0.03775	0.30461	0.00839	0.15186	0.00959	0.00456	0.00888
8	0.01057	0.00906	0.00906	0.00906	0.01208	0.00755	0.00680	0.01284	0.02039	0.02417	0.09063	0.08610	0.62615	0.02266	0.01057	0.00302	0.00453	0.01888	0.00831	0.00755
9	0.02140	0.02048	0.03457	0.05198	0.59022	0.02038	0.02613	0.02652	0.02037	0.02890	0.02155	0.02624	0.05336	0.00891	0.00897	0.00268	0.01024	0.00867	0.00468	0.01375
10	0.02355	0.03228	0.16329	0.03592	0.18031	0.16687	0.21054	0.02994	0.02146	0.02716	0.01639	0.02073	0.01278	0.00823	0.00915	0.00273	0.01388	0.00802	0.00437	0.01242
11	0.01254	0.00864	0.00973	0.00990	0.01031	0.00842	0.00583	0.01294	0.01424	0.01863	0.03742	0.11470	0.10546	0.55069	0.03847	0.00757	0.00788	0.01477	0.00601	0.00583
12	0.01668	0.00834	0.00834	0.00834	0.01042	0.00834	0.00625	0.02085	0.01876	0.03335	0.02918	0.03335	0.02293	0.01042	0.00625	0.00208	0.00417	0.00834	0.73525	0.00834
13	0.02302	0.02292	0.03546	0.05244	0.58305	0.07003	0.02667	0.02810	0.02076	0.02866	0.01660	0.02168	0.01397	0.00807	0.00880	0.00263	0.01106	0.00780	0.00444	0.01388
14	0.01065	0.00877	0.00937	0.00985	0.01229	0.00749	0.00715	0.01275	0.01964	0.02386	0.08108	0.22333	0.49508	0.02390	0.01077	0.00316	0.00468	0.02040	0.00831	0.00749
15	0.01171	0.00837	0.01131	0.01339	0.01426	0.00797	0.00972	0.01386	0.01793	0.02375	0.04886	0.54594	0.05740	0.02726	0.01164	0.00375	0.00589	0.15122	0.00829	0.00749
16	0.23129	0.02166	0.01814	0.01663	0.02045	0.16933	0.01303	0.02783	0.09070	0.02887	0.02189	0.02559	0.04393	0.02351	0.15428	0.00541	0.06429	0.00766	0.00558	0.00992
17	0.01346	0.01117	0.01203	0.01145	0.01468	0.01079	0.00869	0.02092	0.14372	0.02961	0.20300	0.07079	0.37758	0.01948	0.01027	0.00298	0.00498	0.01645	0.00883	0.00912
18	0.01195	0.00892	0.00908	0.00904	0.01181	0.00776	0.00678	0.01472	0.02034	0.02673	0.10835	0.07414	0.47111	0.01989	0.00968	0.00282	0.00444	0.01656	0.15812	0.00776
19	0.02692	0.18411	0.07264	0.02035	0.02623	0.10787	0.01799	0.20616	0.07022	0.03391	0.01733	0.01948	0.01386	0.01068	0.01183	0.00272	0.13226	0.00701	0.00592	0.01250
20	0.01620	0.01223	0.01394	0.01265	0.01588	0.01200	0.00968	0.13518	0.02624	0.03488	0.26500	0.13842	0.23465	0.01928	0.01033	0.00295	0.00559	0.01647	0.00900	0.00942

[dist]
# distance from previous block
# <min> <max>
0	1

[block]
# block no. 1 follows, 19 sequences, length 7
# corresponding to MSA columns:
# 160-166
name=unknown_B
#
# <colnr> <probs for GDERKNQSTAVLIFYWHMCP>
#	G	D	E	R	K	N	Q	S	T	A	V	L	I	F	Y	W	H	M	C	P
0	0.01235	0.00876	0.01158	0.01215	0.01286	0.00919	0.00827	0.01392	0.01462	0.02007	0.03243	0.21942	0.03615	0.28524	0.25247	0.00934	0.01319	0.01517	0.00598	0.00684
1	0.02508	0.04460	0.35608	0.02437	0.03362	0.31085	0.02578	0.03174	0.02187	0.02536	0.01503	0.01762	0.01142	0.00883	0.00830	0.00259	0.01456	0.00622	0.00416	0.01191
2	0.02419	0.02603	0.03151	0.16385	0.35673	0.19151	0.02419	0.02881	0.02124	0.02601	0.01584	0.02084	0.01302	0.00850	0.00866	0.00262	0.01237	0.00737	0.00439	0.01232
3	0.01138	0.00799	0.01024	0.01184	0.01224	0.00759	0.00765	0.01258	0.01619	0.02159	0.04450	0.53830	0.05310	0.17775	0.01919	0.00478	0.00598	0.02260	0.00765	0.00685
4	0.02113	0.02022	0.03448	0.17249	0.52011	0.02099	0.02695	0.02657	0.01989	0.02800	0.01665	0.02247	0.01374	0.00816	0.00887	0.00272	0.01088	0.00797	0.00434	0.01335
5	0.02878	0.02630	0.02658	0.07246	0.11169	0.15056	0.01852	0.26079	0.14250	0.03966	0.02173	0.02293	0.01638	0.01019	0.00879	0.00269	0.01085	0.00796	0.00712	0.01351
6	0.13481	0.24994	0.17961	0.01789	0.02546	0.11588	0.01824	0.02718	0.01982	0.02774	0.08869	0.02219	0.02012	0.00950	0.00732	0.00244	0.01036	0.00678	0.00493	0.01110

[dist]
# distance from previous block
# <min> <max>
0	44

[block]
# block no. 2 follows, 19 sequences, length 80
# corresponding to MSA columns:
# 212-291
name=unknown_C
#
# <colnr> <probs for GDERKNQSTAVLIFYWHMCP>
#	G	D	E	R	K	N	Q	S	T	A	V	L	I	F	Y	W	H	M	C	P
0	0.02157	0.02133	0.06606	0.17910	0.34520	0.02059	0.02435	0.08399	0.02175	0.03052	0.01695	0.02188	0.01352	0.00835	0.00863	0.00260	0.01056	0.00761	0.00484	0.09059
1	0.02427	0.02620	0.03128	0.13170	0.33754	0.19328	0.02371	0.02861	0.02087	0.02572	0.01549	0.02055	0.01294	0.00903	0.01020	0.00270	0.06198	0.00735	0.00437	0.01219
2	0.02101	0.02798	0.19828	0.04701	0.47100	0.02113	0.02896	0.02769	0.01997	0.02899	0.01662	0.02127	0.01341	0.00811	0.00876	0.00270	0.01133	0.00761	0.00425	0.01392
3	0.02580	0.01854	0.01682	0.01485	0.01878	0.14405	0.01140	0.07957	0.02316	0.16279	0.03047	0.07431	0.05034	0.05122	0.04394	0.00348	0.00928	0.00985	0.20073	0.01061
4	0.02209	0.36120	0.27977	0.02000	0.02955	0.06923	0.02244	0.02894	0.04636	0.02475	0.01507	0.01715	0.01215	0.00830	0.00714	0.00236	0.01134	0.00582	0.00410	0.01222
5	0.01126	0.01132	0.05076	0.01079	0.01405	0.00844	0.00886	0.01410	0.02019	0.02513	0.12008	0.16587	0.46323	0.02218	0.01056	0.00308	0.00517	0.01882	0.00813	0.00795
6	0.01257	0.00799	0.00980	0.01119	0.01209	0.00764	0.00757	0.01472	0.01729	0.02527	0.04259	0.46755	0.04781	0.06644	0.01228	0.00355	0.00515	0.02008	0.20098	0.00743
7	0.02146	0.03064	0.20266	0.02521	0.06129	0.12276	0.11701	0.03245	0.15936	0.02908	0.02844	0.02972	0.07837	0.01073	0.00914	0.00283	0.01156	0.00927	0.00578	0.01225
8	0.02192	0.02189	0.03993	0.05113	0.50172	0.02156	0.15261	0.02772	0.02053	0.02910	0.01711	0.02258	0.01404	0.00788	0.00923	0.00274	0.01161	0.00854	0.00445	0.01371
9	0.03223	0.04074	0.02472	0.02255	0.02699	0.61295	0.01694	0.03459	0.02472	0.02183	0.01441	0.01723	0.01215	0.01255	0.04499	0.00300	0.01658	0.00598	0.00462	0.01023
10	0.19054	0.03707	0.02267	0.02057	0.02538	0.51138	0.01562	0.03365	0.02313	0.02590	0.01353	0.01578	0.01112	0.00902	0.00751	0.00241	0.01411	0.00556	0.00481	0.01022
11	0.01302	0.00928	0.01129	0.01082	0.01332	0.00827	0.00810	0.01641	0.02321	0.05634	0.39047	0.11168	0.25472	0.02003	0.01055	0.00293	0.00453	0.01736	0.00930	0.00836
12	0.01449	0.00806	0.01098	0.01109	0.01112	0.00803	0.00705	0.01213	0.01238	0.01651	0.02137	0.07213	0.02328	0.23895	0.03706	0.46791	0.00792	0.01038	0.00461	0.00455
13	0.02338	0.25861	0.02990	0.05891	0.02473	0.09127	0.01482	0.11061	0.09617	0.03142	0.14433	0.02941	0.02913	0.01110	0.00807	0.00246	0.00905	0.00858	0.00655	0.01149
14	0.01110	0.00845	0.01029	0.01165	0.01317	0.00764	0.00833	0.01314	0.01857	0.02365	0.06344	0.42208	0.25470	0.02587	0.01121	0.00347	0.00524	0.07225	0.00830	0.00745
15	0.01245	0.00844	0.00992	0.01047	0.01061	0.00830	0.00619	0.01286	0.01410	0.01881	0.03380	0.22360	0.03961	0.51087	0.03647	0.00733	0.00775	0.01631	0.00619	0.00591
16	0.01794	0.04628	0.63923	0.02550	0.03872	0.02078	0.03305	0.02833	0.01889	0.02833	0.01606	0.01889	0.01133	0.00850	0.00850	0.00283	0.01322	0.00661	0.00378	0.01322
17	0.01992	0.25956	0.44326	0.02213	0.03351	0.02561	0.02718	0.02782	0.01865	0.02592	0.01486	0.01739	0.01138	0.00822	0.00759	0.00253	0.01201	0.00601	0.00379	0.01265
18	0.01057	0.00906	0.00906	0.00906	0.01208	0.00755	0.00680	0.01284	0.02039	0.02417	0.09063	0.08610	0.62615	0.02266	0.01057	0.00302	0.00453	0.01888	0.00831	0.00755
19	0.01122	0.00896	0.00925	0.00925	0.01147	0.00785	0.00643	0.01288	0.01843	0.02236	0.07406	0.07879	0.46865	0.19854	0.01985	0.00452	0.00563	0.01732	0.00754	0.00699
20	0.01090	0.00779	0.01038	0.01246	0.01298	0.00727	0.00830	0.01246	0.01713	0.02284	0.04931	0.67975	0.05917	0.02803	0.01142	0.00363	0.00519	0.02543	0.00830	0.00727
21	0.03342	0.04264	0.02535	0.02305	0.02766	0.64967	0.01729	0.03572	0.02535	0.02190	0.01383	0.01613	0.01152	0.00922	0.00807	0.00230	0.01613	0.00576	0.00461	0.01037
22	0.03117	0.02232	0.02382	0.01858	0.02491	0.02457	0.01525	0.50519	0.03825	0.05262	0.02274	0.02342	0.01648	0.01069	0.00851	0.00259	0.00892	0.00810	0.12780	0.01409
23	0.02526	0.01535	0.01832	0.01601	0.02021	0.01559	0.01236	0.22104	0.02755	0.16903	0.03667	0.31109	0.03594	0.01837	0.01004	0.00312	0.00732	0.01586	0.00913	0.01174
24	0.01794	0.04628	0.63923	0.02550	0.03872	0.02078	0.03305	0.02833	0.01889	0.02833	0.01606	0.01889	0.01133	0.00850	0.00850	0.00283	0.01322	0.00661	0.00378	0.01322
25	0.01185	0.00918	0.01115	0.01094	0.01317	0.00869	0.00817	0.01476	0.02008	0.02651	0.23307	0.06729	0.29126	0.07454	0.15333	0.00582	0.00898	0.01564	0.00781	0.00778
26	0.01090	0.00779	0.01038	0.01246	0.01298	0.00727	0.00830	0.01246	0.01713	0.02284	0.04931	0.67975	0.05917	0.02803	0.01142	0.00363	0.00519	0.02543	0.00830	0.00727
27	0.03342	0.04264	0.02535	0.02305	0.02766	0.64967	0.01729	0.03572	0.02535	0.02190	0.01383	0.01613	0.01152	0.00922	0.00807	0.00230	0.01613	0.00576	0.00461	0.01037
28	0.02214	0.02126	0.03631	0.05491	0.62978	0.02126	0.02746	0.02746	0.02037	0.02923	0.01683	0.02214	0.01417	0.00797	0.00886	0.00266	0.01063	0.00797	0.00443	0.01417
29	0.01090	0.00882	0.00935	0.00967	0.01196	0.00763	0.00688	0.01280	0.01906	0.02320	0.07722	0.17479	0.47169	0.09808	0.01464	0.00375	0.00510	0.01923	0.00798	0.00727
30	0.01144	0.00926	0.01023	0.01062	0.01301	0.00832	0.00772	0.01489	0.05109	0.02546	0.12024	0.23927	0.40025	0.02318	0.01072	0.00317	0.00482	0.01994	0.00847	0.00790
31	0.02206	0.01353	0.01408	0.01214	0.01580	0.01436	0.00959	0.20062	0.02600	0.04050	0.02679	0.02967	0.02054	0.01052	0.00709	0.00227	0.00593	0.00825	0.50978	0.01047
32	0.01090	0.00779	0.01038	0.01246	0.01298	0.00727	0.00830	0.01246	0.01713	0.02284	0.04931	0.67975	0.05917	0.02803	0.01142	0.00363	0.00519	0.02543	0.00830	0.00727
33	0.03133	0.18504	0.03008	0.02135	0.02663	0.51475	0.01685	0.03376	0.02378	0.02171	0.01352	0.01574	0.01151	0.00888	0.00756	0.00222	0.01469	0.00555	0.00444	0.01062
34	0.02214	0.02126	0.03631	0.05491	0.62978	0.02126	0.02746	0.02746	0.02037	0.02923	0.01683	0.02214	0.01417	0.00797	0.00886	0.00266	0.01063	0.00797	0.00443	0.01417
35	0.05993	0.65750	0.04521	0.01513	0.02268	0.03464	0.01503	0.02676	0.01803	0.02200	0.01244	0.01436	0.01139	0.00769	0.00573	0.00196	0.00944	0.00479	0.00391	0.01139
36	0.01442	0.01030	0.01442	0.01648	0.01854	0.01030	0.01442	0.01854	0.02060	0.02677	0.04737	0.10092	0.05149	0.02471	0.01236	0.00412	0.00824	0.56956	0.00824	0.00824
37	0.01285	0.00861	0.00980	0.00996	0.01000	0.00857	0.00564	0.01297	0.01332	0.01776	0.02977	0.10491	0.03451	0.63651	0.04299	0.00830	0.00841	0.01394	0.00564	0.00556
38	0.01773	0.01750	0.02843	0.02354	0.02563	0.02109	0.14331	0.02072	0.01601	0.02314	0.02194	0.16155	0.02326	0.05333	0.02235	0.00392	0.34956	0.01242	0.00505	0.00952
39	0.02215	0.02116	0.03559	0.05326	0.60241	0.02130	0.02686	0.02836	0.04714	0.02960	0.01771	0.02265	0.01476	0.00816	0.00887	0.00267	0.01047	0.00807	0.00464	0.01417
40	0.02273	0.02238	0.03574	0.05324	0.59814	0.05427	0.02692	0.02789	0.02063	0.02884	0.01667	0.02183	0.01403	0.00804	0.00882	0.00264	0.01092	0.00786	0.00444	0.01397
41	0.03228	0.03637	0.02438	0.02142	0.02638	0.47105	0.01640	0.15278	0.02836	0.02998	0.01659	0.01855	0.01316	0.00963	0.00812	0.00237	0.01391	0.00644	0.06061	0.01123
42	0.01121	0.00883	0.01012	0.01034	0.01261	0.00774	0.00755	0.01386	0.02108	0.02709	0.22781	0.19979	0.36511	0.02255	0.01074	0.00309	0.00458	0.01946	0.00873	0.00774
43	0.02034	0.01942	0.03306	0.26410	0.43467	0.02078	0.02656	0.02588	0.01952	0.02704	0.01651	0.02273	0.01340	0.00831	0.00889	0.00277	0.01107	0.00796	0.00427	0.01272
44	0.01057	0.00906	0.00906	0.00906	0.01208	0.00755	0.00680	0.01284	0.02039	0.02417	0.09063	0.08610	0.62615	0.02266	0.01057	0.00302	0.00453	0.01888	0.00831	0.00755
45	0.02601	0.54857	0.04215	0.01701	0.02399	0.17032	0.01574	0.02875	0.01975	0.02123	0.01274	0.01474	0.01149	0.00800	0.00625	0.00200	0.01101	0.00500	0.00400	0.01124
46	0.01668	0.00834	0.00834	0.00834	0.01042	0.00834	0.00625	0.02085	0.01876	0.03335	0.02918	0.03335	0.02293	0.01042	0.00625	0.00208	0.00417	0.00834	0.73525	0.00834
47	0.03342	0.04264	0.02535	0.02305	0.02766	0.64967	0.01729	0.03572	0.02535	0.02190	0.01383	0.01613	0.01152	0.00922	0.00807	0.00230	0.01613	0.00576	0.00461	0.01037
48	0.02007	0.02776	0.20208	0.04116	0.33599	0.02044	0.11715	0.02693	0.02008	0.02856	0.02165	0.02576	0.05340	0.00901	0.00914	0.00279	0.01164	0.00872	0.00452	0.01315
49	0.01118	0.00790	0.01030	0.01211	0.01256	0.00745	0.00793	0.01253	0.01659	0.02212	0.04655	0.59871	0.05570	0.11381	0.01587	0.00429	0.00564	0.02381	0.00793	0.00703
50	0.02214	0.02126	0.03631	0.05491	0.62978	0.02126	0.02746	0.02746	0.02037	0.02923	0.01683	0.02214	0.01417	0.00797	0.00886	0.00266	0.01063	0.00797	0.00443	0.01417
51	0.01665	0.09109	0.12082	0.25325	0.03674	0.01860	0.01922	0.02391	0.07811	0.02534	0.03768	0.03972	0.17832	0.01274	0.00899	0.00286	0.00941	0.01055	0.00560	0.01040
52	0.01278	0.00959	0.01438	0.01438	0.01598	0.01118	0.01118	0.01598	0.01438	0.02077	0.02396	0.03515	0.02237	0.06710	0.65013	0.01438	0.02396	0.00959	0.00479	0.00799
53	0.01112	0.00908	0.00982	0.00964	0.01242	0.00779	0.00723	0.01390	0.02169	0.02724	0.23088	0.08104	0.48398	0.02151	0.01057	0.00297	0.00445	0.01817	0.00871	0.00779
54	0.03342	0.04264	0.02535	0.02305	0.02766	0.64967	0.01729	0.03572	0.02535	0.02190	0.01383	0.01613	0.01152	0.00922	0.00807	0.00230	0.01613	0.00576	0.00461	0.01037
55	0.01984	0.02072	0.01904	0.01931	0.05258	0.21466	0.01399	0.02287	0.01819	0.02158	0.02036	0.02841	0.01848	0.04553	0.41169	0.00991	0.02076	0.00828	0.00472	0.00908
56	0.01081	0.00812	0.01003	0.01156	0.01274	0.00734	0.00790	0.01256	0.01799	0.02319	0.06027	0.52225	0.20960	0.02660	0.01119	0.00347	0.00502	0.02370	0.00831	0.00734
57	0.03342	0.04264	0.02535	0.02305	0.02766	0.64967	0.01729	0.03572	0.02535	0.02190	0.01383	0.01613	0.01152	0.00922	0.00807	0.00230	0.01613	0.00576	0.00461	0.01037
58	0.01410	0.01156	0.01275	0.01221	0.01532	0.01149	0.00921	0.02266	0.17164	0.03050	0.21397	0.11246	0.28968	0.01925	0.01026	0.00302	0.00515	0.01645	0.00891	0.00944
59	0.01122	0.00792	0.01029	0.01205	0.01249	0.00748	0.00787	0.01254	0.01651	0.02201	0.04614	0.58655	0.05517	0.12668	0.01654	0.00439	0.00571	0.02357	0.00787	0.00699
60	0.01231	0.00838	0.00996	0.01065	0.01082	0.00821	0.00638	0.01283	0.01437	0.01916	0.03518	0.26406	0.04134	0.46804	0.03425	0.00701	0.00752	0.01712	0.00638	0.00603
61	0.02123	0.02654	0.16710	0.04471	0.43805	0.02125	0.02733	0.02970	0.08060	0.02987	0.01866	0.02257	0.01489	0.00851	0.00880	0.00273	0.01084	0.00789	0.00476	0.01396
62	0.06882	0.04426	0.59565	0.02454	0.03723	0.02073	0.03143	0.02819	0.01863	0.02915	0.01580	0.01859	0.01122	0.00849	0.00829	0.00283	0.01278	0.00649	0.00390	0.01298
63	0.02350	0.01894	0.02027	0.01805	0.02323	0.02162	0.01409	0.04727	0.57268	0.07909	0.03634	0.03318	0.02695	0.01206	0.00910	0.00302	0.00712	0.01004	0.00924	0.01423
64	0.03043	0.03765	0.02580	0.02314	0.02676	0.51520	0.01778	0.03266	0.02283	0.02182	0.01338	0.01688	0.01157	0.01061	0.01267	0.00265	0.15727	0.00621	0.00446	0.01025
65	0.03173	0.03943	0.02700	0.02783	0.11799	0.55539	0.01881	0.03448	0.02461	0.02300	0.01428	0.01704	0.01192	0.00903	0.00819	0.00236	0.01531	0.00609	0.00458	0.01094
66	0.22708	0.01233	0.01155	0.01050	0.01414	0.01319	0.00828	0.06150	0.01963	0.06735	0.02424	0.02708	0.01862	0.00987	0.00637	0.00235	0.00550	0.00736	0.44354	0.00952
67	0.02133	0.33122	0.24415	0.02360	0.03340	0.02776	0.14900	0.02771	0.01906	0.02513	0.01488	0.01800	0.01189	0.00791	0.00771	0.00246	0.01199	0.00666	0.00396	0.01219
68	0.01083	0.00806	0.01010	0.01172	0.01278	0.00733	0.00798	0.01254	0.01783	0.02313	0.05824	0.55146	0.18170	0.02687	0.01124	0.00350	0.00505	0.02402	0.00831	0.00733
69	0.01146	0.00802	0.01022	0.01174	0.01212	0.00764	0.00754	0.01260	0.01604	0.02138	0.04371	0.51494	0.05210	0.20249	0.02047	0.00497	0.00611	0.02214	0.00754	0.00678
70	0.01301	0.00867	0.00976	0.00976	0.00976	0.00867	0.00542	0.01301	0.01301	0.01735	0.02819	0.05855	0.03253	0.68559	0.04554	0.00867	0.00867	0.01301	0.00542	0.00542
71	0.02627	0.16599	0.03117	0.22832	0.03771	0.02684	0.01918	0.28877	0.02906	0.03787	0.01771	0.02071	0.01334	0.00949	0.00825	0.00261	0.01046	0.00731	0.00623	0.01270
72	0.01128	0.00876	0.01026	0.01059	0.01270	0.00774	0.00768	0.01394	0.02101	0.02730	0.23869	0.23412	0.31838	0.02275	0.01079	0.00312	0.00461	0.01978	0.00876	0.00774
73	0.01285	0.00861	0.00980	0.00996	0.01000	0.00857	0.00564	0.01297	0.01332	0.01776	0.02978	0.10538	0.03453	0.63601	0.04296	0.00829	0.00841	0.01395	0.00564	0.00556
74	0.01803	0.01547	0.01838	0.01668	0.01841	0.05790	0.01288	0.08275	0.01774	0.02426	0.02122	0.03382	0.02064	0.17427	0.27485	0.00880	0.16043	0.00949	0.00518	0.00881
75	0.01340	0.00940	0.01138	0.01207	0.01289	0.00931	0.00789	0.05650	0.01747	0.02332	0.03945	0.40167	0.04607	0.26909	0.02381	0.00542	0.00682	0.01956	0.00729	0.00718
76	0.01917	0.06962	0.44819	0.02970	0.08373	0.02186	0.14609	0.02826	0.01942	0.02813	0.01636	0.01998	0.01201	0.00823	0.00882	0.00281	0.01324	0.00743	0.00398	0.01298
77	0.05531	0.01452	0.01403	0.01373	0.01583	0.07933	0.00954	0.02313	0.11428	0.05517	0.03358	0.22339	0.03534	0.24737	0.02198	0.00504	0.00807	0.01469	0.00705	0.00862
78	0.02015	0.18431	0.44706	0.02306	0.03394	0.05798	0.02768	0.02805	0.01882	0.02607	0.01493	0.01779	0.01140	0.00872	0.00894	0.00266	0.04585	0.00623	0.00384	0.01252
79	0.03274	0.03883	0.02568	0.02272	0.02744	0.52573	0.01737	0.11633	0.02712	0.02685	0.01482	0.01709	0.01207	0.00979	0.00937	0.00245	0.05115	0.00621	0.00520	0.01104

[dist]
# distance from previous block
# <min> <max>
0	2

[block]
# block no. 3 follows, 19 sequences, length 38
# corresponding to MSA columns:
# 294-331
name=unknown_D
#
# <colnr> <probs for GDERKNQSTAVLIFYWHMCP>
#	G	D	E	R	K	N	Q	S	T	A	V	L	I	F	Y	W	H	M	C	P
0	0.03030	0.02246	0.02427	0.01874	0.02526	0.02419	0.01518	0.48109	0.03671	0.04964	0.02157	0.02489	0.01675	0.07794	0.01237	0.00314	0.00939	0.00826	0.00822	0.08963
1	0.01276	0.01111	0.01226	0.01329	0.05569	0.01025	0.00909	0.01798	0.09125	0.02610	0.07910	0.07543	0.51274	0.02040	0.01028	0.00300	0.00525	0.01709	0.00814	0.00879
2	0.01398	0.00950	0.01082	0.01053	0.01096	0.00971	0.00629	0.04077	0.01445	0.01938	0.02763	0.05547	0.03113	0.61861	0.07827	0.00872	0.00960	0.01258	0.00555	0.00603
3	0.01087	0.00878	0.00967	0.01008	0.01242	0.00758	0.00732	0.01317	0.02015	0.02508	0.13664	0.22144	0.43864	0.02345	0.01077	0.00314	0.00465	0.02012	0.00847	0.00758
4	0.01523	0.01297	0.01728	0.02147	0.14187	0.01275	0.01364	0.02134	0.09561	0.02727	0.05568	0.13192	0.25121	0.01927	0.01047	0.00323	0.00691	0.12444	0.00760	0.00986
5	0.01278	0.00959	0.01438	0.01438	0.01598	0.01118	0.01118	0.01598	0.01438	0.02077	0.02396	0.03515	0.02237	0.06710	0.65013	0.01438	0.02396	0.00959	0.00479	0.00799
6	0.01858	0.11444	0.57660	0.02442	0.03705	0.02232	0.03118	0.02817	0.01881	0.02756	0.01567	0.01841	0.01135	0.00841	0.00821	0.00274	0.01284	0.00642	0.00378	0.01304
7	0.01073	0.00846	0.00968	0.01066	0.01250	0.00742	0.00751	0.01266	0.01886	0.02354	0.07119	0.36542	0.35938	0.02518	0.01097	0.00331	0.00484	0.02196	0.00831	0.00742
8	0.01138	0.00909	0.01018	0.00991	0.01258	0.00789	0.00743	0.01439	0.02229	0.02867	0.29606	0.07869	0.41791	0.02098	0.01057	0.00294	0.00441	0.01784	0.00890	0.00789
9	0.01090	0.00779	0.01038	0.01246	0.01298	0.00727	0.00830	0.01246	0.01713	0.02284	0.04931	0.67975	0.05917	0.02803	0.01142	0.00363	0.00519	0.02543	0.00830	0.00727
10	0.01082	0.00808	0.01008	0.01167	0.01277	0.00733	0.00796	0.01255	0.01788	0.02315	0.05887	0.54240	0.19034	0.02679	0.01122	0.00349	0.00504	0.02392	0.00831	0.00733
11	0.01090	0.00779	0.01038	0.01246	0.01298	0.00727	0.00830	0.01246	0.01713	0.02284	0.04931	0.67975	0.05917	0.02803	0.01142	0.00363	0.00519	0.02543	0.00830	0.00727
12	0.02112	0.02413	0.05279	0.03771	0.04676	0.02262	0.59729	0.02866	0.02112	0.02866	0.01810	0.02413	0.01357	0.00754	0.01056	0.00302	0.01508	0.01056	0.00452	0.01207
13	0.02214	0.02126	0.03631	0.05491	0.62978	0.02126	0.02746	0.02746	0.02037	0.02923	0.01683	0.02214	0.01417	0.00797	0.00886	0.00266	0.01063	0.00797	0.00443	0.01417
14	0.01113	0.00857	0.01026	0.01148	0.01319	0.00770	0.00832	0.01325	0.01883	0.02379	0.06605	0.37616	0.29084	0.02548	0.01117	0.00343	0.00524	0.07933	0.00830	0.00748
15	0.01278	0.00959	0.01438	0.01438	0.01598	0.01118	0.01118	0.01598	0.01438	0.02077	0.02396	0.03515	0.02237	0.06710	0.65013	0.01438	0.02396	0.00959	0.00479	0.00799
16	0.01165	0.01000	0.01010	0.00991	0.01312	0.00891	0.00748	0.01605	0.07529	0.02539	0.08561	0.08122	0.57073	0.02168	0.01044	0.00302	0.00477	0.01807	0.00838	0.00816
17	0.01278	0.00959	0.01438	0.01438	0.01598	0.01118	0.01118	0.01598	0.01438	0.02077	0.02396	0.03515	0.02237	0.06710	0.65013	0.01438	0.02396	0.00959	0.00479	0.00799
18	0.02392	0.69097	0.04688	0.01531	0.02296	0.03540	0.01531	0.02679	0.01818	0.02105	0.01244	0.01435	0.01148	0.00765	0.00574	0.00191	0.00957	0.00478	0.00383	0.01148
19	0.03342	0.04264	0.02535	0.02305	0.02766	0.64967	0.01729	0.03572	0.02535	0.02190	0.01383	0.01613	0.01152	0.00922	0.00807	0.00230	0.01613	0.00576	0.00461	0.01037
20	0.01097	0.00908	0.00961	0.00947	0.01232	0.00772	0.00711	0.01360	0.02132	0.02637	0.19104	0.08248	0.52437	0.02184	0.01057	0.00298	0.00447	0.01837	0.00860	0.00772
21	0.03342	0.04264	0.02535	0.02305	0.02766	0.64967	0.01729	0.03572	0.02535	0.02190	0.01383	0.01613	0.01152	0.00922	0.00807	0.00230	0.01613	0.00576	0.00461	0.01037
22	0.01281	0.00859	0.00982	0.01001	0.01006	0.00854	0.00569	0.01296	0.01339	0.01786	0.03014	0.11603	0.03499	0.62474	0.04238	0.00821	0.00835	0.01416	0.00569	0.00559
23	0.01278	0.00959	0.01438	0.01438	0.01598	0.01118	0.01118	0.01598	0.01438	0.02077	0.02396	0.03515	0.02237	0.06710	0.65013	0.01438	0.02396	0.00959	0.00479	0.00799
24	0.01218	0.00833	0.01000	0.01082	0.01102	0.00812	0.00655	0.01279	0.01463	0.01950	0.03648	0.30226	0.04298	0.42761	0.03215	0.00670	0.00731	0.01788	0.00655	0.00615
25	0.01314	0.00947	0.01382	0.01382	0.01546	0.01092	0.01073	0.01643	0.01478	0.02193	0.02445	0.03498	0.02242	0.06185	0.59055	0.01324	0.02213	0.00947	0.07239	0.00802
26	0.01209	0.00891	0.01157	0.01220	0.01384	0.00802	0.00855	0.01461	0.01952	0.02702	0.20494	0.44960	0.06188	0.02336	0.01074	0.00319	0.00506	0.02102	0.00845	0.07542
27	0.01563	0.01377	0.01984	0.01820	0.01913	0.01798	0.01470	0.01830	0.01409	0.02109	0.01884	0.02862	0.01791	0.04553	0.38989	0.00999	0.29447	0.00885	0.00442	0.00874
28	0.02407	0.28229	0.16003	0.02073	0.02739	0.17300	0.02022	0.02819	0.01914	0.02283	0.01337	0.01668	0.01151	0.00969	0.01128	0.00257	0.13577	0.00596	0.00401	0.01126
29	0.03342	0.04264	0.02535	0.02305	0.02766	0.64967	0.01729	0.03572	0.02535	0.02190	0.01383	0.01613	0.01152	0.00922	0.00807	0.00230	0.01613	0.00576	0.00461	0.01037
30	0.01098	0.00908	0.00963	0.00949	0.01233	0.00773	0.00712	0.01363	0.02136	0.02646	0.19507	0.08233	0.52028	0.02180	0.01057	0.00298	0.00447	0.01835	0.00861	0.00773
31	0.01723	0.01021	0.01250	0.01131	0.01437	0.00908	0.00851	0.02026	0.02257	0.14310	0.28854	0.06498	0.23206	0.08882	0.01397	0.00349	0.00542	0.01532	0.00914	0.00913
32	0.01282	0.00941	0.01351	0.01351	0.01481	0.01071	0.01010	0.01542	0.01412	0.02013	0.02476	0.03954	0.02427	0.18330	0.53654	0.01331	0.02109	0.01023	0.00491	0.00751
33	0.03275	0.02384	0.02550	0.01969	0.02648	0.02633	0.01622	0.55772	0.04036	0.05470	0.02204	0.02235	0.01578	0.01072	0.00875	0.00264	0.00943	0.00808	0.06191	0.01471
34	0.02847	0.30361	0.07877	0.02011	0.02658	0.35680	0.01764	0.03159	0.02200	0.02202	0.01343	0.01562	0.01149	0.00854	0.00716	0.00219	0.01328	0.00543	0.00423	0.01103
35	0.02834	0.17447	0.03212	0.02743	0.13956	0.35875	0.01894	0.03130	0.02210	0.02307	0.01396	0.01712	0.01203	0.00909	0.00918	0.00240	0.05840	0.00611	0.00436	0.01128
36	0.01262	0.00978	0.01158	0.01114	0.01367	0.00911	0.00834	0.01762	0.06625	0.03165	0.38520	0.10291	0.24757	0.01972	0.01050	0.00294	0.00458	0.01707	0.00923	0.00852
37	0.03279	0.03523	0.02665	0.02455	0.07159	0.39678	0.01793	0.22298	0.03055	0.03391	0.01659	0.01835	0.01295	0.00963	0.00842	0.00246	0.01364	0.00669	0.00604	0.01226

[dist]
# distance from previous block
# <min> <max>
0	1

[block]
# block no. 4 follows, 19 sequences, length 22
# corresponding to MSA columns:
# 333-354
name=unknown_E
#
# <colnr> <probs for GDERKNQSTAVLIFYWHMCP>
#	G	D	E	R	K	N	Q	S	T	A	V	L	I	F	Y	W	H	M	C	P
0	0.02511	0.01728	0.01903	0.01485	0.02083	0.01705	0.01199	0.24370	0.02797	0.07357	0.02273	0.02438	0.01714	0.00948	0.00754	0.00213	0.00723	0.00739	0.20767	0.22293
1	0.01278	0.00959	0.01438	0.01438	0.01598	0.01118	0.01118	0.01598	0.01438	0.02077	0.02396	0.03515	0.02237	0.06710	0.65013	0.01438	0.02396	0.00959	0.00479	0.00799
2	0.01280	0.00952	0.01407	0.01407	0.01556	0.01102	0.01080	0.01578	0.01429	0.02054	0.02424	0.03670	0.02304	0.10825	0.60990	0.01400	0.02295	0.00981	0.00483	0.00782
3	0.01281	0.00947	0.01377	0.01377	0.01516	0.01086	0.01043	0.01559	0.01420	0.02032	0.02452	0.03820	0.02369	0.14786	0.57119	0.01363	0.02197	0.01003	0.00487	0.00765
4	0.03342	0.04264	0.02535	0.02305	0.02766	0.64967	0.01729	0.03572	0.02535	0.02190	0.01383	0.01613	0.01152	0.00922	0.00807	0.00230	0.01613	0.00576	0.00461	0.01037
5	0.01083	0.00806	0.01009	0.01172	0.01278	0.00733	0.00798	0.01254	0.01784	0.02313	0.05833	0.55010	0.18299	0.02686	0.01123	0.00350	0.00505	0.02400	0.00831	0.00733
6	0.01283	0.00938	0.01333	0.01333	0.01456	0.01061	0.00987	0.01530	0.01407	0.01999	0.02492	0.04046	0.02467	0.20756	0.51283	0.01308	0.02049	0.01036	0.00494	0.00740
7	0.14047	0.06319	0.02223	0.01632	0.02232	0.02249	0.01354	0.32966	0.03098	0.08839	0.02189	0.02275	0.01602	0.01013	0.00773	0.00254	0.00818	0.00747	0.14081	0.01287
8	0.01128	0.00818	0.01065	0.01196	0.01301	0.00755	0.00824	0.01349	0.01920	0.02589	0.18274	0.50215	0.10158	0.02547	0.01117	0.00341	0.00493	0.02291	0.00866	0.00755
9	0.02097	0.02006	0.03419	0.19161	0.50228	0.02095	0.02687	0.02642	0.01981	0.02780	0.01662	0.02253	0.01367	0.00819	0.00888	0.00273	0.01092	0.00797	0.00433	0.01322
10	0.01584	0.00841	0.00866	0.00866	0.01027	0.00841	0.00606	0.01907	0.01746	0.02972	0.02896	0.03908	0.02511	0.16375	0.01517	0.00358	0.00519	0.00940	0.56951	0.00768
11	0.01255	0.00848	0.00989	0.01035	0.01046	0.00837	0.00605	0.01289	0.01391	0.01855	0.03280	0.19421	0.03834	0.54198	0.03809	0.00757	0.00791	0.01572	0.00605	0.00582
12	0.02112	0.02413	0.05279	0.03771	0.04676	0.02262	0.59729	0.02866	0.02112	0.02866	0.01810	0.02413	0.01357	0.00754	0.01056	0.00302	0.01508	0.01056	0.00452	0.01207
13	0.01057	0.00906	0.00906	0.00906	0.01208	0.00755	0.00680	0.01284	0.02039	0.02417	0.09063	0.08610	0.62615	0.02266	0.01057	0.00302	0.00453	0.01888	0.00831	0.00755
14	0.01090	0.00779	0.01038	0.01246	0.01298	0.00727	0.00830	0.01246	0.01713	0.02284	0.04931	0.67975	0.05917	0.02803	0.01142	0.00363	0.00519	0.02543	0.00830	0.00727
15	0.01283	0.00938	0.01334	0.01334	0.01458	0.01062	0.00989	0.01531	0.01407	0.02000	0.02491	0.04040	0.02465	0.20589	0.51446	0.01310	0.02053	0.01035	0.00493	0.00741
16	0.02490	0.02274	0.02710	0.02257	0.02507	0.06736	0.01864	0.20047	0.02318	0.03228	0.01487	0.01994	0.01280	0.01373	0.02171	0.00343	0.42444	0.00777	0.00551	0.01149
17	0.02165	0.44639	0.27160	0.01917	0.02894	0.02985	0.02204	0.02737	0.01845	0.02381	0.01381	0.01607	0.01142	0.00797	0.00679	0.00226	0.01095	0.00548	0.00381	0.01214
18	0.11465	0.01166	0.01563	0.07066	0.02003	0.01384	0.01216	0.01805	0.01465	0.02338	0.02136	0.03238	0.01996	0.10108	0.42338	0.01076	0.05428	0.00897	0.00483	0.00828
19	0.01337	0.01045	0.01551	0.01517	0.01663	0.01259	0.01191	0.01646	0.01432	0.02083	0.02290	0.03379	0.02144	0.06262	0.59612	0.01347	0.08010	0.00943	0.00472	0.00814
20	0.02594	0.02006	0.02560	0.02520	0.12789	0.02160	0.04437	0.21258	0.18534	0.08155	0.02609	0.02881	0.02026	0.05777	0.05248	0.00393	0.01016	0.00920	0.00766	0.01351
21	0.02180	0.18471	0.37225	0.02275	0.03252	0.12361	0.02579	0.02871	0.01941	0.02527	0.01463	0.01751	0.01142	0.00891	0.00922	0.00262	0.05662	0.00616	0.00393	0.01216

[dist]
# distance from previous block
# <min> <max>
1	17

[block]
# block no. 5 follows, 19 sequences, length 41
# corresponding to MSA columns:
# 372-412
name=unknown_F
#
# <colnr> <probs for GDERKNQSTAVLIFYWHMCP>
#	G	D	E	R	K	N	Q	S	T	A	V	L	I	F	Y	W	H	M	C	P
0	0.07801	0.03071	0.02176	0.02001	0.02360	0.39782	0.01530	0.02898	0.02101	0.02288	0.01624	0.02120	0.01424	0.02467	0.17679	0.00559	0.06002	0.00683	0.00468	0.00966
1	0.01750	0.15261	0.05403	0.01442	0.01807	0.01561	0.01199	0.05685	0.02020	0.06572	0.07811	0.37778	0.04325	0.01984	0.00971	0.00306	0.00692	0.01729	0.00747	0.00958
2	0.02373	0.03395	0.19449	0.03515	0.18924	0.18357	0.15432	0.03009	0.02144	0.02697	0.01614	0.02019	0.01261	0.00833	0.00894	0.00269	0.01373	0.00763	0.00433	0.01247
3	0.12014	0.33040	0.28928	0.01908	0.02876	0.02721	0.02194	0.02737	0.01807	0.02669	0.01395	0.01627	0.01118	0.00810	0.00686	0.00241	0.01073	0.00555	0.00404	0.01196
4	0.02028	0.02053	0.04044	0.03378	0.11869	0.01980	0.36598	0.05693	0.02129	0.02955	0.02215	0.09009	0.01926	0.01289	0.04128	0.00351	0.01300	0.01137	0.04755	0.01163
5	0.03076	0.03540	0.03178	0.02591	0.03196	0.39961	0.14755	0.13318	0.02733	0.02947	0.01613	0.01887	0.01263	0.00911	0.00878	0.00253	0.01479	0.00724	0.00535	0.01160
6	0.02096	0.09058	0.02980	0.03274	0.27173	0.11562	0.06032	0.02493	0.02097	0.02590	0.03526	0.03725	0.17311	0.01193	0.00899	0.00265	0.01009	0.01034	0.00541	0.01143
7	0.01217	0.00894	0.01108	0.01124	0.01254	0.00892	0.00780	0.01403	0.01649	0.02193	0.09559	0.12561	0.16499	0.25220	0.18901	0.00789	0.01100	0.01499	0.00658	0.00701
8	0.02629	0.01204	0.01597	0.01331	0.01775	0.01072	0.01057	0.03014	0.02499	0.32704	0.29580	0.04676	0.04975	0.01422	0.00949	0.00274	0.00586	0.01213	0.06271	0.01173
9	0.07366	0.02270	0.08432	0.06002	0.09170	0.02183	0.15875	0.03648	0.28500	0.03313	0.02546	0.02690	0.01921	0.00985	0.00911	0.00295	0.01015	0.00921	0.00654	0.01303
10	0.02381	0.02502	0.03456	0.09131	0.44358	0.13808	0.05845	0.02874	0.02116	0.02738	0.01628	0.02126	0.01348	0.00825	0.00882	0.00264	0.01200	0.00771	0.00444	0.01304
11	0.01125	0.00840	0.01028	0.01147	0.01279	0.00766	0.00799	0.01317	0.01840	0.02383	0.09614	0.41000	0.20927	0.07319	0.01364	0.00380	0.00535	0.04783	0.00820	0.00733
12	0.01448	0.01209	0.01765	0.01666	0.01786	0.01525	0.01329	0.01737	0.01421	0.02096	0.02090	0.03124	0.01970	0.05419	0.49437	0.01175	0.18587	0.00914	0.00457	0.00844
13	0.02024	0.27361	0.36697	0.02166	0.03158	0.02665	0.02538	0.02710	0.01812	0.02506	0.01434	0.01734	0.01143	0.00891	0.00959	0.00261	0.07726	0.00608	0.00381	0.01226
14	0.01985	0.02857	0.20006	0.08993	0.08593	0.02222	0.30730	0.02734	0.01954	0.02747	0.01672	0.02219	0.01273	0.00866	0.01142	0.00302	0.07181	0.00887	0.00422	0.01213
15	0.01309	0.00949	0.01390	0.01390	0.01554	0.01096	0.01079	0.01636	0.01472	0.02176	0.02438	0.03501	0.02241	0.06263	0.59934	0.01341	0.02240	0.00949	0.06241	0.00802
16	0.01542	0.01312	0.01662	0.06501	0.07440	0.05696	0.01438	0.01875	0.01951	0.02499	0.04069	0.28453	0.04518	0.02215	0.01117	0.00361	0.00822	0.24924	0.00736	0.00870
17	0.01235	0.01010	0.01393	0.15814	0.02396	0.01034	0.01193	0.01523	0.01840	0.02343	0.05320	0.33553	0.20603	0.02206	0.01068	0.00334	0.00669	0.04932	0.00733	0.00800
18	0.01099	0.00874	0.00987	0.01030	0.01252	0.00762	0.00745	0.01339	0.02033	0.02569	0.16515	0.23791	0.39176	0.02336	0.01079	0.00315	0.00465	0.02016	0.00855	0.00762
19	0.01068	0.00865	0.00949	0.01017	0.01237	0.00746	0.00729	0.01271	0.01933	0.02373	0.07716	0.27961	0.44133	0.02441	0.01085	0.00322	0.00475	0.02102	0.00831	0.00746
20	0.02953	0.03477	0.02670	0.02528	0.07011	0.42416	0.01851	0.06860	0.02346	0.02458	0.01407	0.01769	0.01200	0.01067	0.01297	0.00272	0.16206	0.00653	0.00472	0.01083
21	0.02962	0.03591	0.02754	0.09504	0.14311	0.46792	0.01996	0.03286	0.02366	0.02336	0.01460	0.01805	0.01206	0.00896	0.00830	0.00244	0.01468	0.00640	0.00451	0.01103
22	0.01098	0.00831	0.01015	0.01132	0.01275	0.00747	0.00787	0.01303	0.01894	0.02458	0.12094	0.44000	0.23042	0.02543	0.01108	0.00337	0.00489	0.02253	0.00846	0.00747
23	0.01798	0.01701	0.02879	0.53834	0.17890	0.02016	0.02538	0.02381	0.01840	0.02417	0.01609	0.02350	0.01239	0.00874	0.00893	0.00291	0.01166	0.00795	0.00407	0.01081
24	0.02168	0.02078	0.03547	0.10882	0.57950	0.02113	0.02723	0.02705	0.02015	0.02866	0.01675	0.02229	0.01397	0.00806	0.00886	0.00269	0.01074	0.00797	0.00439	0.01380
25	0.23547	0.02714	0.02414	0.12429	0.14446	0.25143	0.01819	0.02945	0.02033	0.02871	0.01432	0.01800	0.01156	0.00868	0.00762	0.00261	0.01178	0.00625	0.00475	0.01083
26	0.02168	0.02078	0.03547	0.10882	0.57950	0.02113	0.02723	0.02705	0.02015	0.02866	0.01675	0.02229	0.01397	0.00806	0.00886	0.00269	0.01074	0.00797	0.00439	0.01380
27	0.01196	0.00886	0.01087	0.01122	0.01251	0.00879	0.00775	0.01364	0.01598	0.02093	0.04694	0.16408	0.18926	0.24257	0.18666	0.00782	0.01095	0.01575	0.00650	0.00695
28	0.01336	0.00981	0.01310	0.01378	0.01471	0.01051	0.01031	0.01545	0.01608	0.02177	0.03538	0.18165	0.03933	0.22875	0.14171	0.00727	0.05366	0.15962	0.00649	0.00727
29	0.01278	0.00959	0.01438	0.01438	0.01598	0.01118	0.01118	0.01598	0.01438	0.02077	0.02396	0.03515	0.02237	0.06710	0.65013	0.01438	0.02396	0.00959	0.00479	0.00799
30	0.01696	0.01297	0.01524	0.01350	0.01780	0.01190	0.01021	0.02412	0.13014	0.06066	0.10701	0.20602	0.09077	0.01624	0.00927	0.00264	0.00592	0.01411	0.00788	0.22663
31	0.02226	0.15363	0.15630	0.02313	0.02847	0.12270	0.05469	0.02648	0.01780	0.02329	0.01344	0.01820	0.01168	0.01126	0.01638	0.00302	0.27536	0.00686	0.00401	0.01102
32	0.01222	0.00905	0.01319	0.01381	0.01509	0.01002	0.01033	0.01493	0.01519	0.02138	0.03148	0.22642	0.03329	0.05550	0.46060	0.01119	0.01839	0.01429	0.00583	0.00777
33	0.01084	0.00888	0.00956	0.00981	0.01235	0.00760	0.00720	0.01320	0.02040	0.02517	0.13937	0.17516	0.48336	0.02303	0.01070	0.00309	0.00460	0.01961	0.00847	0.00760
34	0.03371	0.03410	0.02608	0.02185	0.02770	0.34768	0.01715	0.30970	0.03347	0.03864	0.01754	0.01873	0.01332	0.00996	0.00850	0.00249	0.01308	0.00688	0.00672	0.01272
35	0.01227	0.00921	0.01177	0.01177	0.01332	0.00957	0.00852	0.01438	0.01559	0.02075	0.04247	0.05461	0.18257	0.21848	0.32396	0.00991	0.01486	0.01291	0.00588	0.00720
36	0.01711	0.01402	0.01626	0.01234	0.01822	0.01108	0.00925	0.02004	0.01711	0.02607	0.01911	0.02899	0.01828	0.18377	0.01678	0.00324	0.00716	0.00731	0.00533	0.54855
37	0.01287	0.00862	0.00980	0.00993	0.00997	0.00858	0.00561	0.01297	0.01328	0.01770	0.02956	0.09891	0.03426	0.64286	0.04332	0.00835	0.00845	0.01382	0.00561	0.00554
38	0.03342	0.04264	0.02535	0.02305	0.02766	0.64967	0.01729	0.03572	0.02535	0.02190	0.01383	0.01613	0.01152	0.00922	0.00807	0.00230	0.01613	0.00576	0.00461	0.01037
39	0.01500	0.01888	0.17604	0.01592	0.02066	0.01305	0.01578	0.02029	0.01654	0.02557	0.02307	0.03050	0.01961	0.03908	0.33807	0.00860	0.01671	0.00853	0.16865	0.00943
40	0.03386	0.02965	0.02646	0.02123	0.02772	0.19000	0.01708	0.45274	0.03770	0.04739	0.01948	0.02008	0.01425	0.01034	0.00872	0.00259	0.01149	0.00746	0.00782	0.01395

[dist]
# distance from previous block
# <min> <max>
0	20

[block]
# block no. 6 follows, 19 sequences, length 17
# corresponding to MSA columns:
# 433-449
name=unknown_G
#
# <colnr> <probs for GDERKNQSTAVLIFYWHMCP>
#	G	D	E	R	K	N	Q	S	T	A	V	L	I	F	Y	W	H	M	C	P
0	0.02274	0.12461	0.31100	0.02573	0.03595	0.05761	0.14294	0.11827	0.02323	0.03148	0.01672	0.01962	0.01243	0.00858	0.00860	0.00270	0.01274	0.00736	0.00479	0.01291
1	0.02264	0.19296	0.25959	0.02393	0.03361	0.02407	0.14073	0.03122	0.07128	0.08831	0.01928	0.02127	0.01429	0.00867	0.00835	0.00266	0.01162	0.00752	0.00513	0.01284
2	0.02242	0.02303	0.04018	0.09858	0.32397	0.05380	0.22169	0.05275	0.02161	0.02929	0.01723	0.02264	0.01368	0.00809	0.00941	0.00279	0.01251	0.00875	0.00463	0.01294
3	0.01146	0.00872	0.01142	0.01226	0.01378	0.00868	0.00891	0.01376	0.01701	0.02246	0.05103	0.30905	0.18944	0.04007	0.23026	0.00716	0.01146	0.01835	0.00710	0.00759
4	0.01670	0.01290	0.01465	0.01310	0.01658	0.01303	0.01013	0.10767	0.10744	0.03644	0.32921	0.05992	0.19235	0.01733	0.01012	0.00287	0.00553	0.01476	0.00925	0.01004
5	0.01278	0.00959	0.01438	0.01438	0.01598	0.01118	0.01118	0.01598	0.01438	0.02077	0.02396	0.03515	0.02237	0.06710	0.65013	0.01438	0.02396	0.00959	0.00479	0.00799
6	0.02214	0.02126	0.03631	0.05491	0.62978	0.02126	0.02746	0.02746	0.02037	0.02923	0.01683	0.02214	0.01417	0.00797	0.00886	0.00266	0.01063	0.00797	0.00443	0.01417
7	0.03053	0.09346	0.02713	0.02317	0.05668	0.44508	0.01718	0.06657	0.10660	0.02619	0.01739	0.01895	0.01403	0.00951	0.00810	0.00241	0.01370	0.00651	0.00539	0.01144
8	0.02084	0.01971	0.03231	0.20427	0.42589	0.02101	0.02546	0.02833	0.07955	0.02845	0.01857	0.02370	0.01493	0.00864	0.00890	0.00278	0.01060	0.00818	0.00479	0.01311
9	0.03057	0.03424	0.02420	0.02146	0.02652	0.40528	0.01643	0.11145	0.18158	0.03040	0.02073	0.02134	0.01613	0.01018	0.00845	0.00254	0.01295	0.00720	0.00635	0.01199
10	0.02145	0.17462	0.30726	0.03116	0.19497	0.06905	0.02668	0.02830	0.01960	0.02658	0.01535	0.01862	0.01215	0.00823	0.00799	0.00255	0.01196	0.00654	0.00402	0.01291
11	0.03002	0.03287	0.02696	0.02527	0.07700	0.35077	0.01850	0.15072	0.02627	0.02967	0.01529	0.01840	0.01256	0.01064	0.01229	0.00271	0.13629	0.00681	0.00538	0.01159
12	0.01278	0.00959	0.01438	0.01438	0.01598	0.01118	0.01118	0.01598	0.01438	0.02077	0.02396	0.03515	0.02237	0.06710	0.65013	0.01438	0.02396	0.00959	0.00479	0.00799
13	0.01278	0.00959	0.01438	0.01438	0.01598	0.01118	0.01118	0.01598	0.01438	0.02077	0.02396	0.03515	0.02237	0.06710	0.65013	0.01438	0.02396	0.00959	0.00479	0.00799
14	0.01076	0.00903	0.00912	0.00912	0.01191	0.00764	0.00669	0.01285	0.01983	0.02365	0.08587	0.08400	0.58093	0.07316	0.01324	0.00345	0.00485	0.01843	0.00809	0.00739
15	0.03153	0.03985	0.02400	0.02189	0.02637	0.59643	0.01642	0.03383	0.02494	0.02208	0.02020	0.02194	0.06249	0.01033	0.00827	0.00236	0.01517	0.00685	0.00492	0.01014
16	0.02151	0.15876	0.39654	0.02588	0.08549	0.11025	0.02722	0.02900	0.01978	0.02622	0.01517	0.01798	0.01163	0.00840	0.00798	0.00258	0.01275	0.00629	0.00396	0.01260

[dist]
# distance from previous block
# <min> <max>
0	6

[block]
# block no. 7 follows, 19 sequences, length 20
# corresponding to MSA columns:
# 456-475
name=unknown_H
#
# <colnr> <probs for GDERKNQSTAVLIFYWHMCP>
#	G	D	E	R	K	N	Q	S	T	A	V	L	I	F	Y	W	H	M	C	P
0	0.02812	0.03599	0.08723	0.03276	0.18948	0.37997	0.06298	0.03234	0.02313	0.02492	0.01514	0.01855	0.01235	0.00870	0.00849	0.00250	0.01433	0.00677	0.00448	0.01176
1	0.02569	0.15022	0.11191	0.03348	0.24532	0.23360	0.02263	0.03021	0.02146	0.02522	0.01495	0.01834	0.01245	0.00840	0.00800	0.00243	0.01261	0.00649	0.00430	0.01230
2	0.01938	0.20175	0.49638	0.02304	0.03492	0.02430	0.02878	0.02796	0.01872	0.02658	0.01518	0.01779	0.01137	0.00830	0.00783	0.00261	0.01234	0.00617	0.00379	0.01280
3	0.01301	0.00867	0.00976	0.00976	0.00976	0.00867	0.00542	0.01301	0.01301	0.01735	0.02819	0.05855	0.03253	0.68559	0.04554	0.00867	0.00867	0.01301	0.00542	0.00542
4	0.01642	0.01332	0.01458	0.01363	0.01447	0.05850	0.00977	0.01800	0.01517	0.02165	0.02366	0.04115	0.02425	0.32854	0.08565	0.00659	0.14267	0.01032	0.13426	0.00740
5	0.03401	0.02506	0.02685	0.02058	0.02774	0.02774	0.01700	0.59995	0.04206	0.05638	0.02148	0.02148	0.01521	0.01074	0.00895	0.00268	0.00984	0.00805	0.00895	0.01521
6	0.01057	0.00906	0.00906	0.00906	0.01208	0.00755	0.00680	0.01284	0.02039	0.02417	0.09063	0.08610	0.62615	0.02266	0.01057	0.00302	0.00453	0.01888	0.00831	0.00755
