[name]
unknown

[dist]
# distance from previous block
# <min> <max>
0	0

[block]
# block no. 0 follows, 22 sequences, length 31
# corresponding to MSA columns:
# 0-30
name=unknown_A
#
# <colnr> <probs for GDERKNQSTAVLIFYWHMCP>
#	G	D	E	R	K	N	Q	S	T	A	V	L	I	F	Y	W	H	M	C	P
0	0.01339	0.00956	0.01339	0.01530	0.01721	0.00956	0.01339	0.01721	0.01912	0.02486	0.04399	0.09371	0.04781	0.02295	0.01147	0.00382	0.00765	0.60031	0.00765	0.00765
1	0.23597	0.01780	0.02259	0.13961	0.17046	0.01941	0.01687	0.14141	0.02161	0.11328	0.01729	0.01968	0.01273	0.00850	0.00739	0.00257	0.00861	0.00671	0.00591	0.01160
2	0.02349	0.02654	0.05635	0.04114	0.44484	0.21312	0.02292	0.02780	0.02023	0.02510	0.01477	0.01879	0.01233	0.00776	0.00799	0.00238	0.01148	0.00674	0.00414	0.01208
3	0.02053	0.02293	0.02186	0.17029	0.03021	0.27256	0.05596	0.02383	0.01881	0.02086	0.01946	0.10655	0.01837	0.02084	0.13563	0.00462	0.01415	0.00907	0.00460	0.00886
4	0.14301	0.01339	0.03912	0.01233	0.01619	0.01258	0.00993	0.06064	0.08393	0.05073	0.10712	0.17580	0.17058	0.01588	0.00861	0.00274	0.00578	0.01329	0.00730	0.05106
5	0.02133	0.01525	0.01739	0.01475	0.01850	0.01632	0.01148	0.28401	0.06982	0.03673	0.14012	0.08456	0.05754	0.01666	0.01344	0.14686	0.00710	0.01062	0.00750	0.01003
6	0.01346	0.01055	0.01506	0.01436	0.01561	0.01297	0.01138	0.01630	0.01367	0.02067	0.02061	0.02970	0.01894	0.04754	0.47964	0.01027	0.14825	0.00847	0.08477	0.00777
7	0.01666	0.04297	0.66500	0.02368	0.03596	0.01929	0.03069	0.02631	0.01754	0.02631	0.01491	0.01754	0.01052	0.00789	0.00789	0.00263	0.01228	0.00614	0.00351	0.01228
8	0.02991	0.03746	0.02463	0.02458	0.09336	0.60439	0.01707	0.03235	0.02305	0.02106	0.01314	0.01558	0.01096	0.00844	0.00757	0.00218	0.01443	0.00557	0.00426	0.01001
9	0.60564	0.01512	0.01299	0.01136	0.01637	0.01683	0.00929	0.02562	0.01621	0.11512	0.07339	0.01983	0.01686	0.00889	0.00597	0.00257	0.00628	0.00595	0.00615	0.00953
10	0.01205	0.00810	0.00928	0.00921	0.00942	0.00803	0.00533	0.01247	0.01331	0.01795	0.09333	0.05519	0.03537	0.63387	0.03880	0.00747	0.00761	0.01240	0.00548	0.00533
11	0.01012	0.00723	0.00964	0.01157	0.01205	0.00675	0.00771	0.01157	0.01591	0.02121	0.04579	0.70262	0.05495	0.02603	0.01060	0.00337	0.00482	0.02362	0.00771	0.00675
12	0.01003	0.00842	0.00870	0.00863	0.01135	0.00710	0.00648	0.01233	0.01943	0.02361	0.14509	0.07803	0.59119	0.02060	0.00982	0.00278	0.00418	0.01726	0.00787	0.00710
13	0.01191	0.00815	0.00939	0.00927	0.00976	0.00796	0.00559	0.01270	0.01443	0.01945	0.13881	0.05701	0.07029	0.55198	0.03494	0.00683	0.00713	0.01287	0.00589	0.00563
14	0.01666	0.04297	0.66500	0.02368	0.03596	0.01929	0.03069	0.02631	0.01754	0.02631	0.01491	0.01754	0.01052	0.00789	0.00789	0.00263	0.01228	0.00614	0.00351	0.01228
15	0.02221	0.71304	0.04353	0.01421	0.02132	0.03287	0.01421	0.02488	0.01688	0.01955	0.01155	0.01333	0.01066	0.00711	0.00533	0.00178	0.00888	0.00444	0.00355	0.01066
16	0.01187	0.00890	0.01335	0.01335	0.01483	0.01038	0.01038	0.01483	0.01335	0.01928	0.02225	0.03264	0.02077	0.06231	0.67512	0.01335	0.02225	0.00890	0.00445	0.00742
17	0.03103	0.03959	0.02354	0.02140	0.02568	0.67469	0.01605	0.03317	0.02354	0.02033	0.01284	0.01498	0.01070	0.00856	0.00749	0.00214	0.01498	0.00535	0.00428	0.00963
18	0.01222	0.00833	0.01006	0.01030	0.01070	0.00849	0.00665	0.01302	0.01310	0.01754	0.02798	0.05696	0.03139	0.55296	0.10635	0.00809	0.00953	0.08538	0.00530	0.00562
19	0.01132	0.00847	0.01050	0.00999	0.01214	0.00765	0.00749	0.01483	0.02248	0.03086	0.52347	0.06610	0.20829	0.01790	0.00980	0.00266	0.00398	0.01559	0.00882	0.00765
20	0.01732	0.01481	0.01565	0.01433	0.01835	0.01633	0.01106	0.03406	0.44118	0.03162	0.09371	0.04538	0.18321	0.01410	0.00889	0.00280	0.00579	0.01182	0.00833	0.01124
21	0.01187	0.00890	0.01335	0.01335	0.01483	0.01038	0.01038	0.01483	0.01335	0.01928	0.02225	0.03264	0.02077	0.06231	0.67512	0.01335	0.02225	0.00890	0.00445	0.00742
22	0.02139	0.01821	0.01919	0.01705	0.02188	0.02100	0.01332	0.08289	0.60129	0.03592	0.03289	0.03026	0.02461	0.01118	0.00844	0.00280	0.00674	0.00927	0.00844	0.01321
23	0.01850	0.01763	0.02999	0.32071	0.40262	0.01920	0.02447	0.02369	0.01794	0.02464	0.01526	0.02123	0.01228	0.00778	0.00826	0.00259	0.01038	0.00739	0.00393	0.01149
24	0.01787	0.01591	0.02304	0.33960	0.11726	0.01861	0.01901	0.02871	0.22480	0.02603	0.02120	0.02511	0.01632	0.01054	0.00995	0.05284	0.00917	0.00804	0.00533	0.01066
25	0.02273	0.02641	0.02895	0.28983	0.04164	0.28828	0.13526	0.02716	0.02003	0.02189	0.01437	0.01926	0.01121	0.00816	0.00826	0.00252	0.01324	0.00701	0.00403	0.00977
26	0.72586	0.01596	0.01261	0.01114	0.01635	0.01828	0.00918	0.02532	0.01468	0.07227	0.01276	0.01432	0.00964	0.00786	0.00532	0.00257	0.00646	0.00471	0.00543	0.00928
27	0.05004	0.02069	0.02615	0.38849	0.18590	0.14399	0.02172	0.02461	0.01836	0.02305	0.01447	0.02007	0.01139	0.00812	0.00800	0.00257	0.01136	0.00688	0.00396	0.01019
28	0.01987	0.02035	0.02807	0.24392	0.26609	0.10242	0.02215	0.02405	0.01758	0.02305	0.01410	0.01991	0.01176	0.00920	0.01179	0.00274	0.14123	0.00711	0.00391	0.01069
29	0.01243	0.01057	0.01385	0.01701	0.13441	0.00968	0.01020	0.01530	0.01941	0.02515	0.18472	0.06314	0.36866	0.06510	0.01176	0.00306	0.00549	0.01470	0.00714	0.00822
30	0.01988	0.15822	0.02098	0.01350	0.01745	0.01816	0.01115	0.17961	0.02184	0.03051	0.02230	0.07248	0.01992	0.05953	0.13648	0.00467	0.01011	0.00855	0.16491	0.00975

[dist]
# distance from previous block
# <min> <max>
4	7

[block]
# block no. 1 follows, 22 sequences, length 10
# corresponding to MSA columns:
# 38-47
name=unknown_B
#
# <colnr> <probs for GDERKNQSTAVLIFYWHMCP>
#	G	D	E	R	K	N	Q	S	T	A	V	L	I	F	Y	W	H	M	C	P
0	0.08939	0.01879	0.02018	0.02182	0.12472	0.13920	0.01475	0.02257	0.01669	0.02422	0.01680	0.02244	0.01463	0.02132	0.15640	0.00494	0.14787	0.00709	0.10686	0.00931
1	0.01106	0.00781	0.01025	0.01185	0.01252	0.00749	0.00833	0.01271	0.01587	0.02104	0.04217	0.47993	0.04947	0.13930	0.01606	0.00424	0.00589	0.13011	0.00725	0.00663
2	0.02622	0.03010	0.02531	0.02350	0.06810	0.36956	0.04175	0.06443	0.07958	0.02415	0.01516	0.01811	0.01256	0.01000	0.01191	0.00259	0.15526	0.00657	0.00475	0.01041
3	0.02808	0.03467	0.02398	0.02150	0.02479	0.52551	0.01654	0.03014	0.02106	0.02025	0.01240	0.01572	0.01075	0.00993	0.01203	0.00248	0.17074	0.00579	0.00413	0.00951
4	0.01206	0.00813	0.00947	0.00947	0.00961	0.00828	0.00554	0.01234	0.01220	0.01641	0.02580	0.05230	0.02930	0.64658	0.10252	0.00856	0.00941	0.01178	0.00498	0.00526
5	0.03025	0.03796	0.02318	0.02106	0.02538	0.62557	0.01583	0.03400	0.06993	0.02141	0.01442	0.01618	0.01180	0.00876	0.00756	0.00219	0.01435	0.00565	0.00459	0.00990
6	0.01550	0.01550	0.01309	0.01251	0.01510	0.16074	0.00929	0.01828	0.02155	0.02621	0.29232	0.11619	0.21839	0.01701	0.00935	0.00263	0.00662	0.01430	0.00750	0.00792
7	0.32986	0.02337	0.01916	0.01613	0.02159	0.15424	0.01294	0.23195	0.05684	0.03882	0.01581	0.01689	0.01193	0.00883	0.00686	0.00247	0.00909	0.00593	0.00621	0.01108
8	0.02666	0.01864	0.02229	0.02368	0.16709	0.08646	0.01536	0.03379	0.13269	0.24576	0.02742	0.02678	0.04573	0.00969	0.00810	0.00243	0.00826	0.00808	0.00727	0.08381
9	0.01342	0.01658	0.16239	0.01502	0.01904	0.01210	0.01448	0.01804	0.01482	0.02236	0.02117	0.02896	0.01848	0.04324	0.43832	0.00946	0.01767	0.00812	0.09775	0.00857

[dist]
# distance from previous block
# <min> <max>
0	6

[block]
# block no. 2 follows, 22 sequences, length 44
# corresponding to MSA columns:
# 54-97
name=unknown_C
#
# <colnr> <probs for GDERKNQSTAVLIFYWHMCP>
#	G	D	E	R	K	N	Q	S	T	A	V	L	I	F	Y	W	H	M	C	P
0	0.01780	0.01643	0.02734	0.04055	0.48559	0.01630	0.02078	0.02181	0.01812	0.02557	0.02362	0.20122	0.02423	0.01234	0.00885	0.00271	0.00853	0.01170	0.00507	0.01146
1	0.01639	0.01437	0.01525	0.04503	0.01834	0.06088	0.01001	0.05033	0.04414	0.02419	0.03000	0.09434	0.10605	0.16049	0.01592	0.00345	0.03251	0.01033	0.00573	0.24226
2	0.01154	0.00801	0.00990	0.01099	0.01188	0.00769	0.00769	0.01318	0.01573	0.02106	0.04225	0.31496	0.09902	0.21974	0.01949	0.00466	0.00613	0.11914	0.05044	0.00650
3	0.01881	0.02426	0.14854	0.10933	0.19095	0.02035	0.27812	0.02534	0.01839	0.02574	0.01566	0.02087	0.01212	0.00779	0.00982	0.00273	0.04750	0.00818	0.00397	0.01153
4	0.02908	0.03590	0.02544	0.02691	0.14312	0.55271	0.01781	0.03174	0.02268	0.02160	0.01336	0.01602	0.01116	0.00834	0.00763	0.00220	0.01403	0.00573	0.00425	0.01029
5	0.01273	0.00863	0.01202	0.01202	0.01361	0.00976	0.00930	0.01591	0.01432	0.02205	0.02340	0.03224	0.02089	0.04983	0.51648	0.01065	0.01790	0.00863	0.18215	0.00749
6	0.02829	0.03503	0.02395	0.02149	0.02486	0.53631	0.01650	0.03036	0.02124	0.02026	0.01243	0.01566	0.01074	0.00984	0.01170	0.00246	0.15946	0.00576	0.00414	0.00952
7	0.01470	0.00885	0.01151	0.04215	0.01431	0.00853	0.00809	0.01626	0.01622	0.10364	0.08175	0.31208	0.04171	0.25727	0.02105	0.00480	0.00644	0.01627	0.00705	0.00731
8	0.03089	0.02293	0.02454	0.01897	0.02550	0.02544	0.01562	0.59167	0.07703	0.05125	0.02082	0.02064	0.01484	0.01005	0.00832	0.00251	0.00898	0.00760	0.00832	0.01407
9	0.01093	0.00831	0.01004	0.01064	0.01170	0.00805	0.00730	0.01241	0.01621	0.02113	0.08557	0.33424	0.20748	0.16384	0.01766	0.00415	0.03828	0.01835	0.00705	0.00664
10	0.10224	0.16094	0.01930	0.01187	0.01624	0.01567	0.00996	0.05259	0.02095	0.10646	0.21859	0.04360	0.16389	0.01349	0.00808	0.00246	0.00597	0.01090	0.00731	0.00950
11	0.02549	0.02539	0.02491	0.24828	0.06666	0.22866	0.01881	0.20491	0.02556	0.03044	0.01573	0.01915	0.01196	0.00884	0.00804	0.00247	0.01168	0.00677	0.00527	0.01099
12	0.02746	0.03323	0.02488	0.02689	0.15450	0.49068	0.01757	0.03023	0.02183	0.02165	0.01411	0.01744	0.01195	0.01232	0.05726	0.00304	0.01447	0.00604	0.00426	0.01019
13	0.03121	0.03430	0.02399	0.02066	0.02571	0.46441	0.01597	0.22609	0.02857	0.03071	0.01514	0.01659	0.01181	0.00902	0.00776	0.00225	0.01309	0.00604	0.00559	0.01109
14	0.02079	0.02025	0.15624	0.02121	0.12494	0.04142	0.01680	0.02551	0.02060	0.17735	0.13958	0.07513	0.09964	0.01252	0.00874	0.00263	0.00797	0.01068	0.00694	0.01107
15	0.02796	0.02269	0.02021	0.01673	0.02196	0.18119	0.01328	0.25118	0.02840	0.14426	0.03361	0.03249	0.14570	0.01195	0.00842	0.00248	0.00922	0.00917	0.00753	0.01155
16	0.01070	0.00775	0.01062	0.01181	0.01269	0.00766	0.00830	0.01279	0.01633	0.02234	0.11797	0.47823	0.05065	0.03261	0.15213	0.00540	0.00842	0.01939	0.00720	0.00703
17	0.01647	0.01515	0.02534	0.33538	0.24459	0.01716	0.02116	0.02126	0.01667	0.02275	0.01664	0.02386	0.01382	0.01952	0.15040	0.00493	0.01306	0.00771	0.00399	0.01013
18	0.01338	0.01077	0.01445	0.17182	0.02381	0.01132	0.01177	0.06822	0.01931	0.02510	0.08939	0.30128	0.17015	0.01869	0.00963	0.00298	0.00648	0.01642	0.00692	0.00812
19	0.02240	0.01716	0.01586	0.01392	0.01750	0.13522	0.01047	0.08449	0.04540	0.15046	0.03637	0.04151	0.15033	0.16393	0.05459	0.00434	0.00924	0.01046	0.00691	0.00946
20	0.01953	0.01642	0.02109	0.02507	0.20162	0.04979	0.01545	0.02917	0.19800	0.07043	0.18528	0.03855	0.03559	0.01209	0.00885	0.00267	0.00737	0.04442	0.00723	0.01136
21	0.01666	0.04297	0.66500	0.02368	0.03596	0.01929	0.03069	0.02631	0.01754	0.02631	0.01491	0.01754	0.01052	0.00789	0.00789	0.00263	0.01228	0.00614	0.00351	0.01228
22	0.02514	0.02915	0.02553	0.02997	0.22924	0.37546	0.01838	0.02829	0.02071	0.02241	0.01497	0.01909	0.01281	0.01517	0.09449	0.00370	0.01426	0.00648	0.00425	0.01049
23	0.02115	0.02235	0.06381	0.04746	0.57905	0.06839	0.02505	0.02611	0.01919	0.02659	0.01538	0.02000	0.01285	0.00751	0.00815	0.00245	0.01037	0.00719	0.00410	0.01285
24	0.01127	0.00771	0.00930	0.01010	0.01030	0.00751	0.00615	0.01187	0.01367	0.01823	0.03433	0.32402	0.04049	0.42434	0.02911	0.00611	0.00671	0.01688	0.00615	0.00575
25	0.01204	0.00823	0.00994	0.00994	0.01025	0.00853	0.00613	0.01265	0.01234	0.01676	0.02537	0.04990	0.02826	0.57529	0.17238	0.00914	0.01097	0.01143	0.00491	0.00552
26	0.01765	0.02848	0.29692	0.03212	0.21756	0.01830	0.12657	0.02467	0.01866	0.02690	0.06416	0.05334	0.01869	0.00909	0.00858	0.00264	0.01090	0.00857	0.00441	0.01178
27	0.01941	0.01856	0.03163	0.20199	0.51424	0.01943	0.02492	0.02448	0.01837	0.02574	0.01542	0.02094	0.01266	0.00762	0.00824	0.00254	0.01015	0.00740	0.00401	0.01223
28	0.01068	0.00827	0.00959	0.00959	0.01164	0.00734	0.00698	0.01326	0.01986	0.02592	0.28336	0.15056	0.33485	0.05664	0.01163	0.00309	0.00438	0.01710	0.00809	0.00718
29	0.01748	0.02313	0.14843	0.02799	0.03574	0.01800	0.39534	0.02431	0.02005	0.02794	0.14703	0.02971	0.02577	0.00921	0.00947	0.00273	0.01163	0.01024	0.00510	0.01070
30	0.01993	0.01937	0.02947	0.06438	0.39749	0.06665	0.07053	0.05491	0.01978	0.02669	0.02064	0.13202	0.01974	0.01067	0.00870	0.00263	0.00977	0.01011	0.00492	0.01158
31	0.03110	0.03751	0.02372	0.02111	0.02569	0.59204	0.01602	0.10900	0.02552	0.02441	0.01375	0.01561	0.01114	0.00874	0.00760	0.00219	0.01424	0.00562	0.00479	0.01020
32	0.01055	0.00844	0.00943	0.00918	0.01167	0.00732	0.00689	0.01333	0.02066	0.02653	0.29749	0.07322	0.43697	0.01952	0.00981	0.00273	0.00410	0.01659	0.00825	0.00732
33	0.02357	0.02545	0.03079	0.04249	0.47497	0.20801	0.02278	0.02770	0.02025	0.02518	0.01483	0.01896	0.01245	0.00774	0.00801	0.00237	0.01134	0.00681	0.00416	0.01214
34	0.01790	0.01452	0.05893	0.01615	0.01934	0.01331	0.07694	0.14530	0.01925	0.02596	0.02234	0.16259	0.02225	0.02059	0.01885	0.31340	0.00818	0.01085	0.00551	0.00786
35	0.01006	0.00747	0.00939	0.01092	0.01188	0.00680	0.00742	0.01164	0.01653	0.02146	0.05368	0.57461	0.17786	0.02500	0.01044	0.00326	0.00469	0.02237	0.00771	0.00680
36	0.01075	0.00867	0.00971	0.01006	0.01260	0.00763	0.00795	0.01338	0.01938	0.02391	0.12527	0.08132	0.47363	0.02109	0.01017	0.00301	0.00492	0.14152	0.00783	0.00722
37	0.01889	0.01813	0.02805	0.04102	0.48547	0.05172	0.02120	0.02293	0.01852	0.02551	0.02191	0.16564	0.02193	0.01143	0.00869	0.00264	0.00906	0.01075	0.00489	0.01161
38	0.01683	0.01319	0.01883	0.01606	0.01907	0.01425	0.07929	0.14174	0.01907	0.02624	0.02199	0.03343	0.02046	0.18042	0.33120	0.00883	0.01566	0.00937	0.00534	0.00872
39	0.00987	0.00821	0.00863	0.00896	0.01137	0.00697	0.00656	0.01186	0.01841	0.02223	0.07748	0.18825	0.54885	0.02191	0.00995	0.00290	0.00431	0.01859	0.00771	0.00697
40	0.01536	0.01574	0.01497	0.01460	0.03973	0.11650	0.01080	0.01831	0.04139	0.02233	0.05625	0.05536	0.39731	0.01712	0.01226	0.00283	0.12131	0.01322	0.00638	0.00823
41	0.01990	0.01830	0.02988	0.18277	0.43968	0.01928	0.02347	0.06992	0.01997	0.02765	0.01756	0.02547	0.01497	0.00877	0.00845	0.00262	0.00993	0.04479	0.00456	0.01204
42	0.01004	0.00757	0.00929	0.01067	0.01181	0.00682	0.00731	0.01167	0.01677	0.02156	0.05672	0.52516	0.22535	0.02461	0.01038	0.00321	0.00465	0.02188	0.00771	0.00682
43	0.02028	0.01945	0.03321	0.08812	0.62131	0.01966	0.02535	0.02525	0.01878	0.02680	0.01558	0.02065	0.01304	0.00745	0.00823	0.00248	0.00994	0.00740	0.00409	0.01293

[dist]
# distance from previous block
# <min> <max>
0	2

[block]
# block no. 3 follows, 22 sequences, length 124
# corresponding to MSA columns:
# 100-223
name=unknown_D
#
# <colnr> <probs for GDERKNQSTAVLIFYWHMCP>
#	G	D	E	R	K	N	Q	S	T	A	V	L	I	F	Y	W	H	M	C	P
0	0.02277	0.02385	0.02735	0.17267	0.27511	0.19081	0.02088	0.05521	0.08167	0.02598	0.01670	0.02044	0.01332	0.00839	0.00808	0.00248	0.01110	0.00706	0.00468	0.01145
1	0.01964	0.01943	0.02994	0.20839	0.39415	0.05754	0.02349	0.02421	0.01788	0.02442	0.01470	0.02037	0.01223	0.00852	0.01040	0.00266	0.08933	0.00726	0.00396	0.01148
2	0.01134	0.00848	0.01053	0.01002	0.01216	0.00766	0.00751	0.01488	0.02254	0.03100	0.53092	0.06587	0.20075	0.01785	0.00980	0.00265	0.00398	0.01556	0.00884	0.00766
3	0.01804	0.02122	0.15471	0.23746	0.20577	0.01755	0.02249	0.02484	0.04970	0.05693	0.09041	0.02613	0.02047	0.00922	0.00838	0.00263	0.00975	0.00817	0.00495	0.01118
4	0.03103	0.03959	0.02354	0.02140	0.02568	0.67469	0.01605	0.03317	0.02354	0.02033	0.01284	0.01498	0.01070	0.00856	0.00749	0.00214	0.01498	0.00535	0.00428	0.00963
5	0.01040	0.00844	0.00922	0.00903	0.01158	0.00726	0.00677	0.01305	0.02031	0.02571	0.25487	0.07457	0.48010	0.01982	0.00981	0.00275	0.00412	0.01678	0.00814	0.00726
6	0.01187	0.00890	0.01335	0.01335	0.01483	0.01038	0.01038	0.01483	0.01335	0.01928	0.02225	0.03264	0.02077	0.06231	0.67512	0.01335	0.02225	0.00890	0.00445	0.00742
7	0.01012	0.00723	0.00964	0.01157	0.01205	0.00675	0.00771	0.01157	0.01591	0.02121	0.04579	0.70262	0.05495	0.02603	0.01060	0.00337	0.00482	0.02362	0.00771	0.00675
8	0.01192	0.00799	0.00911	0.00927	0.00931	0.00795	0.00526	0.01204	0.01240	0.01653	0.02780	0.10810	0.03225	0.65151	0.03966	0.00767	0.00779	0.01304	0.00526	0.00518
9	0.01042	0.00844	0.00926	0.00905	0.01159	0.00727	0.00679	0.01309	0.02037	0.02584	0.26140	0.07436	0.47349	0.01977	0.00981	0.00275	0.00412	0.01675	0.00816	0.00727
10	0.02119	0.01994	0.03322	0.04917	0.62016	0.02008	0.02494	0.05999	0.02007	0.02858	0.01587	0.02053	0.01321	0.00755	0.00823	0.00247	0.00983	0.00741	0.00435	0.01321
11	0.01208	0.00805	0.00906	0.00906	0.00906	0.00805	0.00503	0.01208	0.01208	0.01611	0.02618	0.05436	0.03020	0.70804	0.04228	0.00805	0.00805	0.01208	0.00503	0.00503
12	0.01453	0.00972	0.01128	0.01040	0.01348	0.00875	0.00796	0.01866	0.05842	0.10626	0.26412	0.06462	0.34501	0.01776	0.00955	0.00271	0.00461	0.01507	0.00855	0.00854
13	0.03158	0.02327	0.02493	0.01911	0.02576	0.02576	0.01579	0.62852	0.03906	0.05236	0.01995	0.01995	0.01413	0.00997	0.00831	0.00249	0.00914	0.00748	0.00831	0.01413
14	0.02759	0.02044	0.02218	0.01780	0.02337	0.02249	0.01437	0.49835	0.06988	0.04646	0.02479	0.12762	0.02117	0.01256	0.00868	0.00265	0.00832	0.01012	0.00822	0.01291
15	0.02056	0.01974	0.03372	0.05099	0.65622	0.01974	0.02550	0.02550	0.01892	0.02714	0.01563	0.02056	0.01316	0.00740	0.00822	0.00247	0.00987	0.00740	0.00411	0.01316
16	0.01549	0.00774	0.00774	0.00774	0.00968	0.00774	0.00581	0.01936	0.01742	0.03097	0.02710	0.03097	0.02129	0.00968	0.00581	0.00194	0.00387	0.00774	0.75416	0.00774
17	0.00982	0.00842	0.00842	0.00842	0.01122	0.00701	0.00631	0.01192	0.01894	0.02244	0.08416	0.07995	0.65285	0.02104	0.00982	0.00281	0.00421	0.01753	0.00771	0.00701
18	0.01063	0.00775	0.01008	0.01183	0.01251	0.00742	0.00798	0.01315	0.04632	0.02187	0.04521	0.66995	0.05351	0.02531	0.01050	0.00335	0.00491	0.02292	0.00775	0.00706
19	0.02056	0.01974	0.03372	0.05099	0.65622	0.01974	0.02550	0.02550	0.01892	0.02714	0.01563	0.02056	0.01316	0.00740	0.00822	0.00247	0.00987	0.00740	0.00411	0.01316
20	0.01268	0.00906	0.01258	0.01450	0.01610	0.00896	0.01217	0.01600	0.01843	0.02407	0.04437	0.22473	0.04935	0.02361	0.01129	0.00373	0.00704	0.47621	0.00766	0.00746
21	0.03158	0.02327	0.02493	0.01911	0.02576	0.02576	0.01579	0.62852	0.03906	0.05236	0.01995	0.01995	0.01413	0.00997	0.00831	0.00249	0.00914	0.00748	0.00831	0.01413
22	0.02197	0.01850	0.01952	0.01717	0.02210	0.02128	0.01347	0.11427	0.56895	0.03686	0.03215	0.02967	0.02401	0.01111	0.00844	0.00278	0.00688	0.00916	0.00844	0.01327
23	0.01201	0.00833	0.01047	0.01047	0.01096	0.00882	0.00679	0.01299	0.01250	0.01715	0.02489	0.04723	0.02710	0.49594	0.25015	0.00979	0.01272	0.01104	0.00484	0.00582
24	0.01187	0.00890	0.01335	0.01335	0.01483	0.01038	0.01038	0.01483	0.01335	0.01928	0.02225	0.03264	0.02077	0.06231	0.67512	0.01335	0.02225	0.00890	0.00445	0.00742
25	0.01187	0.00890	0.01335	0.01335	0.01483	0.01038	0.01038	0.01483	0.01335	0.01928	0.02225	0.03264	0.02077	0.06231	0.67512	0.01335	0.02225	0.00890	0.00445	0.00742
26	0.01006	0.00748	0.00938	0.01090	0.01187	0.00680	0.00741	0.01164	0.01655	0.02147	0.05396	0.56999	0.18230	0.02496	0.01044	0.00325	0.00469	0.02232	0.00771	0.00680
27	0.02056	0.01974	0.03372	0.05099	0.65622	0.01974	0.02550	0.02550	0.01892	0.02714	0.01563	0.02056	0.01316	0.00740	0.00822	0.00247	0.00987	0.00740	0.00411	0.01316
28	0.01188	0.00885	0.01310	0.01310	0.01450	0.01025	0.01007	0.01467	0.01328	0.01910	0.02248	0.03391	0.02132	0.10014	0.63804	0.01304	0.02142	0.00909	0.00448	0.00728
29	0.00982	0.00842	0.00842	0.00842	0.01122	0.00701	0.00631	0.01192	0.01894	0.02244	0.08416	0.07995	0.65285	0.02104	0.00982	0.00281	0.00421	0.01753	0.00771	0.00701
30	0.01065	0.00845	0.00957	0.00929	0.01173	0.00737	0.00696	0.01353	0.02089	0.02709	0.32694	0.07230	0.40716	0.01930	0.00981	0.00272	0.00408	0.01646	0.00833	0.00737
31	0.01666	0.04297	0.66500	0.02368	0.03596	0.01929	0.03069	0.02631	0.01754	0.02631	0.01491	0.01754	0.01052	0.00789	0.00789	0.00263	0.01228	0.00614	0.00351	0.01228
32	0.02238	0.02429	0.03426	0.06975	0.37124	0.15945	0.14497	0.02717	0.01994	0.02532	0.01523	0.01982	0.01243	0.00761	0.00839	0.00248	0.01185	0.00745	0.00415	0.01184
33	0.01004	0.00842	0.00873	0.00865	0.01136	0.00711	0.00649	0.01236	0.01946	0.02370	0.14970	0.07788	0.58652	0.02057	0.00982	0.00278	0.00417	0.01724	0.00788	0.00711
34	0.01187	0.00890	0.01335	0.01335	0.01483	0.01038	0.01038	0.01483	0.01335	0.01928	0.02225	0.03264	0.02077	0.06231	0.67512	0.01335	0.02225	0.00890	0.00445	0.00742
35	0.01823	0.15606	0.43154	0.02432	0.03491	0.02202	0.14835	0.02612	0.01784	0.02519	0.01470	0.01779	0.01097	0.00758	0.00783	0.00252	0.01203	0.00658	0.00366	0.01178
36	0.01793	0.02151	0.15974	0.06790	0.21613	0.01823	0.02138	0.02286	0.01645	0.05190	0.01678	0.02252	0.01404	0.02061	0.15351	0.00504	0.13089	0.00747	0.00422	0.01086
37	0.02119	0.02084	0.03239	0.04758	0.58786	0.05910	0.02434	0.02685	0.04911	0.02710	0.01633	0.02073	0.01360	0.00766	0.00819	0.00246	0.01002	0.00737	0.00433	0.01295
38	0.01012	0.00723	0.00964	0.01157	0.01205	0.00675	0.00771	0.01157	0.01591	0.02121	0.04579	0.70262	0.05495	0.02603	0.01060	0.00337	0.00482	0.02362	0.00771	0.00675
39	0.01881	0.30233	0.42445	0.02002	0.03029	0.02455	0.02432	0.02575	0.01728	0.02369	0.01361	0.01591	0.01058	0.00759	0.00690	0.00230	0.01096	0.00548	0.00353	0.01165
40	0.02104	0.05719	0.13386	0.03428	0.32563	0.02106	0.02219	0.08547	0.15719	0.03064	0.01971	0.02195	0.01537	0.00856	0.00809	0.00254	0.00943	0.00749	0.00533	0.01298
41	0.01596	0.01182	0.01325	0.01250	0.01533	0.01189	0.00936	0.17500	0.02294	0.03025	0.04877	0.31620	0.20944	0.01961	0.00955	0.00291	0.00574	0.01689	0.04376	0.00882
42	0.01140	0.00848	0.01061	0.01008	0.01219	0.00769	0.00756	0.01499	0.02268	0.03132	0.54798	0.06533	0.18349	0.01773	0.00980	0.00265	0.00397	0.01548	0.00888	0.00769
43	0.01569	0.01477	0.02492	0.68808	0.05722	0.01846	0.02307	0.02123	0.01661	0.02123	0.01477	0.02215	0.01107	0.00831	0.00831	0.00277	0.01107	0.00738	0.00369	0.00923
44	0.01176	0.00849	0.01110	0.01045	0.01241	0.00784	0.00784	0.01568	0.02352	0.03331	0.65184	0.06206	0.07839	0.01698	0.00980	0.00261	0.00392	0.01502	0.00914	0.00784
45	0.01176	0.00849	0.01110	0.01045	0.01241	0.00784	0.00784	0.01568	0.02352	0.03331	0.65184	0.06206	0.07839	0.01698	0.00980	0.00261	0.00392	0.01502	0.00914	0.00784
46	0.01012	0.00723	0.00964	0.01157	0.01205	0.00675	0.00771	0.01157	0.01591	0.02121	0.04579	0.70262	0.05495	0.02603	0.01060	0.00337	0.00482	0.02362	0.00771	0.00675
47	0.01723	0.01477	0.01723	0.01230	0.01969	0.01107	0.00984	0.02092	0.01723	0.02707	0.01477	0.01723	0.01230	0.00615	0.00615	0.00123	0.00615	0.00492	0.00492	0.75883
48	0.01031	0.00844	0.00910	0.00893	0.01152	0.00722	0.00670	0.01288	0.02010	0.02521	0.22892	0.07539	0.50636	0.02001	0.00981	0.00276	0.00413	0.01689	0.00808	0.00722
49	0.02544	0.01801	0.02080	0.01697	0.02191	0.01992	0.01380	0.39249	0.02972	0.07721	0.02145	0.02460	0.01669	0.02718	0.22734	0.00606	0.01333	0.00800	0.00716	0.01192
50	0.02409	0.56959	0.03927	0.01575	0.02225	0.16958	0.01461	0.02664	0.01830	0.01971	0.01182	0.01368	0.01067	0.00742	0.00579	0.00185	0.01018	0.00464	0.00371	0.01044
51	0.01006	0.00748	0.00938	0.01090	0.01187	0.00680	0.00741	0.01164	0.01655	0.02147	0.05396	0.56999	0.18230	0.02496	0.01044	0.00325	0.00469	0.02232	0.00771	0.00680
52	0.01818	0.01818	0.02545	0.02181	0.02181	0.02545	0.01818	0.01999	0.01272	0.01999	0.01091	0.01818	0.01091	0.01454	0.02726	0.00364	0.69284	0.00727	0.00364	0.00909
53	0.06192	0.01953	0.03253	0.04877	0.62073	0.01968	0.02458	0.02544	0.01865	0.02770	0.01540	0.02017	0.01293	0.00742	0.00805	0.00247	0.00968	0.00724	0.00417	0.01293
54	0.01012	0.00723	0.00964	0.01157	0.01205	0.00675	0.00771	0.01157	0.01591	0.02121	0.04579	0.70262	0.05495	0.02603	0.01060	0.00337	0.00482	0.02362	0.00771	0.00675
55	0.01187	0.00890	0.01335	0.01335	0.01483	0.01038	0.01038	0.01483	0.01335	0.01928	0.02225	0.03264	0.02077	0.06231	0.67512	0.01335	0.02225	0.00890	0.00445	0.00742
56	0.02866	0.02182	0.02329	0.01852	0.02465	0.02440	0.01508	0.47202	0.20032	0.04764	0.02366	0.02290	0.01714	0.01032	0.00835	0.00258	0.00845	0.00799	0.00835	0.01387
57	0.01195	0.00859	0.01176	0.01176	0.01270	0.00952	0.00840	0.01381	0.01288	0.01811	0.02371	0.04069	0.02426	0.30154	0.44067	0.01139	0.01699	0.01008	0.00467	0.00653
58	0.01049	0.00841	0.00939	0.00942	0.01183	0.00732	0.00709	0.01309	0.01993	0.02525	0.22488	0.11336	0.44426	0.02039	0.00993	0.00283	0.00432	0.04250	0.00808	0.00724
59	0.01251	0.00974	0.01417	0.01382	0.01503	0.01166	0.01069	0.01511	0.01318	0.01908	0.02147	0.03307	0.02060	0.11276	0.55743	0.01194	0.08692	0.00901	0.00442	0.00738
60	0.01355	0.01096	0.01490	0.01397	0.01455	0.01339	0.01046	0.01516	0.01274	0.01833	0.02076	0.03673	0.02163	0.28125	0.28340	0.00898	0.18818	0.00962	0.00445	0.00699
61	0.01801	0.03356	0.38320	0.02886	0.03937	0.02008	0.30306	0.02645	0.01849	0.02645	0.01578	0.01977	0.01148	0.00749	0.00877	0.00271	0.01307	0.00782	0.00383	0.01179
62	0.02856	0.03520	0.02490	0.02486	0.09811	0.53528	0.01735	0.03099	0.02194	0.02108	0.01297	0.01594	0.01100	0.00901	0.00952	0.00232	0.08099	0.00578	0.00420	0.00998
63	0.01204	0.00823	0.00997	0.00997	0.01029	0.00855	0.00617	0.01267	0.01235	0.01678	0.02534	0.04974	0.02819	0.57050	0.17708	0.00918	0.01108	0.01140	0.00491	0.00554
64	0.02051	0.01296	0.01371	0.01189	0.01531	0.01376	0.00933	0.22482	0.02462	0.03744	0.02614	0.07979	0.02150	0.01106	0.00703	0.00224	0.00573	0.00890	0.44345	0.00982
65	0.01162	0.00813	0.00893	0.00893	0.00950	0.00784	0.00529	0.01205	0.01347	0.01739	0.03791	0.05954	0.15627	0.56895	0.03571	0.00699	0.00728	0.01318	0.00558	0.00543
66	0.01732	0.01586	0.02145	0.02300	0.13067	0.04420	0.07461	0.02637	0.17940	0.02739	0.03875	0.05230	0.12621	0.01476	0.00954	0.00300	0.00816	0.16988	0.00677	0.01035
67	0.03111	0.03731	0.02374	0.02108	0.02569	0.58411	0.01601	0.11628	0.02571	0.02480	0.01383	0.01567	0.01118	0.00876	0.00761	0.00219	0.01417	0.00565	0.00484	0.01026
68	0.01225	0.00946	0.01408	0.01386	0.01525	0.01129	0.01085	0.01514	0.01331	0.01933	0.02157	0.03177	0.02018	0.05944	0.63623	0.01277	0.06251	0.00880	0.00440	0.00752
69	0.01187	0.00890	0.01335	0.01335	0.01483	0.01038	0.01038	0.01483	0.01335	0.01928	0.02225	0.03264	0.02077	0.06231	0.67512	0.01335	0.02225	0.00890	0.00445	0.00742
70	0.01834	0.03299	0.39381	0.03541	0.30242	0.01948	0.02846	0.02596	0.01813	0.02667	0.01522	0.01884	0.01166	0.00768	0.00804	0.00256	0.01124	0.00668	0.00377	0.01266
71	0.02217	0.20873	0.13684	0.02359	0.08919	0.17127	0.04868	0.02613	0.01798	0.02202	0.01292	0.01653	0.01104	0.00909	0.01118	0.00249	0.14963	0.00605	0.00381	0.01065
72	0.01200	0.00933	0.01034	0.01031	0.01221	0.00903	0.00720	0.01632	0.09455	0.02336	0.11909	0.15608	0.26675	0.19531	0.01804	0.00421	0.00554	0.01575	0.00728	0.00732
73	0.01012	0.00723	0.00964	0.01157	0.01205	0.00675	0.00771	0.01157	0.01591	0.02121	0.04579	0.70262	0.05495	0.02603	0.01060	0.00337	0.00482	0.02362	0.00771	0.00675
74	0.03078	0.02280	0.02450	0.01874	0.02543	0.02495	0.01546	0.59484	0.03785	0.05095	0.01966	0.01979	0.01403	0.00976	0.00819	0.00242	0.00898	0.00734	0.00812	0.05541
75	0.01951	0.01867	0.03183	0.18784	0.52755	0.01946	0.02497	0.02458	0.01842	0.02587	0.01544	0.02090	0.01271	0.00760	0.00824	0.00253	0.01013	0.00740	0.00402	0.01231
76	0.01982	0.01799	0.02525	0.13728	0.23127	0.04592	0.01919	0.09872	0.06873	0.02755	0.01803	0.02321	0.01491	0.01848	0.12619	0.00454	0.07918	0.00773	0.00492	0.01110
77	0.06237	0.41407	0.14168	0.01448	0.02149	0.02446	0.01515	0.02247	0.01725	0.02234	0.02683	0.02755	0.14056	0.01010	0.00667	0.00218	0.00838	0.00739	0.00448	0.01010
78	0.01740	0.00976	0.01282	0.05129	0.01688	0.00895	0.00947	0.01982	0.01903	0.18557	0.08349	0.32151	0.17231	0.01939	0.00968	0.00297	0.00558	0.01699	0.00821	0.00890
79	0.06681	0.02324	0.02470	0.19597	0.16661	0.18843	0.01881	0.11925	0.02237	0.02811	0.01924	0.02258	0.05030	0.00917	0.00798	0.00249	0.01084	0.00732	0.00498	0.01078
80	0.01708	0.02945	0.32936	0.20546	0.07829	0.01987	0.08730	0.02430	0.01711	0.02440	0.01471	0.01952	0.01108	0.00854	0.01012	0.00277	0.07885	0.00703	0.00368	0.01109
81	0.01023	0.00728	0.00961	0.01142	0.01188	0.00682	0.00756	0.01160	0.01569	0.02092	0.04467	0.66554	0.05353	0.06504	0.01242	0.00364	0.00500	0.02296	0.00756	0.00665
82	0.01903	0.01818	0.03096	0.25078	0.46837	0.01934	0.02474	0.02416	0.01819	0.02529	0.01536	0.02106	0.01251	0.00769	0.00825	0.00256	0.01025	0.00740	0.00398	0.01193
83	0.01626	0.01477	0.02446	0.41616	0.17671	0.01693	0.02163	0.02132	0.01761	0.02322	0.02086	0.03630	0.01896	0.01108	0.00893	0.00292	0.01012	0.12743	0.00458	0.00975
84	0.01526	0.15971	0.01964	0.01294	0.01510	0.01619	0.01035	0.01736	0.01410	0.01977	0.02004	0.03210	0.01985	0.20411	0.22482	0.00721	0.09729	0.00845	0.07797	0.00774
85	0.01648	0.01183	0.01517	0.01393	0.01657	0.01335	0.01101	0.14608	0.01930	0.02768	0.02232	0.02974	0.01941	0.04508	0.45580	0.00972	0.01734	0.00846	0.09184	0.00888
86	0.16759	0.00943	0.00865	0.00839	0.01097	0.00995	0.00645	0.02038	0.01676	0.03225	0.02396	0.02743	0.01880	0.00928	0.00567	0.00206	0.00439	0.00709	0.60251	0.00800
87	0.02262	0.01786	0.02012	0.01556	0.02170	0.01762	0.01254	0.26490	0.05319	0.03681	0.01996	0.07258	0.01689	0.00980	0.00831	0.00207	0.03471	0.00770	0.00660	0.33845
88	0.01198	0.00819	0.00970	0.00949	0.01011	0.00799	0.00591	0.01320	0.01565	0.02148	0.22152	0.05677	0.04525	0.49228	0.03214	0.00636	0.00676	0.01300	0.00632	0.00591
89	0.01031	0.00844	0.00910	0.00893	0.01152	0.00722	0.00670	0.01288	0.02010	0.02521	0.22892	0.07539	0.50636	0.02001	0.00981	0.00276	0.00413	0.01689	0.00808	0.00722
90	0.01038	0.00816	0.00938	0.00966	0.01172	0.00716	0.00702	0.01280	0.01941	0.02493	0.22009	0.21873	0.36871	0.02115	0.00999	0.00289	0.00428	0.01829	0.00808	0.00716
91	0.01184	0.00851	0.01104	0.01218	0.01334	0.00821	0.00870	0.04686	0.01854	0.02494	0.12795	0.51993	0.05526	0.02360	0.01045	0.00326	0.00520	0.07487	0.00794	0.00739
92	0.03103	0.03959	0.02354	0.02140	0.02568	0.67469	0.01605	0.03317	0.02354	0.02033	0.01284	0.01498	0.01070	0.00856	0.00749	0.00214	0.01498	0.00535	0.00428	0.00963
93	0.24855	0.08912	0.02514	0.02522	0.18722	0.09666	0.01654	0.05958	0.01793	0.02896	0.01315	0.01664	0.01105	0.00892	0.01005	0.00259	0.12152	0.00598	0.00455	0.01063
94	0.01941	0.01908	0.02421	0.02622	0.19342	0.08229	0.01689	0.02276	0.01691	0.02413	0.01426	0.01908	0.01253	0.01226	0.05245	0.00300	0.18609	0.00648	0.00428	0.24423
95	0.03053	0.03512	0.02442	0.02267	0.06264	0.50493	0.01655	0.15326	0.02641	0.02721	0.01444	0.01631	0.01154	0.00878	0.00770	0.00223	0.01350	0.00590	0.00509	0.01075
96	0.02177	0.01631	0.02676	0.20067	0.27086	0.01663	0.05345	0.02633	0.01940	0.16037	0.02586	0.02855	0.07702	0.00956	0.00852	0.00262	0.00925	0.00873	0.00568	0.01165
97	0.02800	0.02651	0.02214	0.01925	0.02302	0.31307	0.01511	0.03214	0.07249	0.15981	0.04414	0.02174	0.01680	0.01077	0.01206	0.00263	0.15653	0.00713	0.00597	0.01070
98	0.01091	0.00811	0.01004	0.01050	0.01207	0.00741	0.00757	0.01341	0.01923	0.02568	0.26903	0.26806	0.19569	0.06055	0.01200	0.00326	0.00468	0.04658	0.00807	0.00714
99	0.01877	0.01585	0.01715	0.01553	0.01964	0.01793	0.01202	0.03808	0.50964	0.03445	0.16546	0.03761	0.03665	0.01249	0.00874	0.00277	0.00601	0.01059	0.00860	0.01202
100	0.01346	0.01256	0.02278	0.01932	0.02241	0.01206	0.20509	0.01672	0.01708	0.02293	0.03677	0.43156	0.06509	0.01929	0.01099	0.00318	0.03572	0.01829	0.00643	0.00827
101	0.01829	0.01483	0.01709	0.01291	0.01912	0.01269	0.01031	0.11500	0.02174	0.03186	0.12146	0.02746	0.04935	0.00911	0.00723	0.00172	0.00618	0.00747	0.00625	0.48994
102	0.01222	0.00879	0.01280	0.01280	0.01433	0.01012	0.00993	0.01528	0.01375	0.02043	0.02273	0.03247	0.02082	0.05713	0.60936	0.01223	0.02045	0.00879	0.07811	0.00745
103	0.01525	0.03099	0.42546	0.05844	0.05595	0.01610	0.02421	0.02249	0.01756	0.02507	0.02550	0.11361	0.05805	0.01227	0.00870	0.00284	0.01029	0.06179	0.00468	0.01073
104	0.01787	0.01690	0.02512	0.23806	0.29456	0.05617	0.01982	0.02177	0.01702	0.02255	0.01744	0.02792	0.01599	0.15699	0.01546	0.00373	0.01016	0.00827	0.00419	0.01000
105	0.01083	0.00857	0.00986	0.01017	0.01254	0.00760	0.00792	0.01354	0.01968	0.02485	0.18186	0.11005	0.40829	0.02086	0.01015	0.00298	0.00479	0.12021	0.00797	0.00727
106	0.01187	0.00890	0.01335	0.01335	0.01483	0.01038	0.01038	0.01483	0.01335	0.01928	0.02225	0.03264	0.02077	0.06231	0.67512	0.01335	0.02225	0.00890	0.00445	0.00742
107	0.52162	0.09789	0.02367	0.01644	0.02250	0.02079	0.14104	0.02494	0.01562	0.03295	0.01268	0.01537	0.00996	0.00749	0.00616	0.00253	0.00832	0.00562	0.00476	0.00966
108	0.01500	0.01249	0.01909	0.15514	0.02687	0.01308	0.07765	0.07696	0.01987	0.02624	0.07199	0.25007	0.07078	0.01745	0.00987	0.00310	0.00788	0.11115	0.00664	0.00868
109	0.06693	0.58846	0.03921	0.01492	0.02156	0.11185	0.01414	0.02588	0.01755	0.02068	0.01171	0.01354	0.01057	0.00732	0.00559	0.00187	0.00950	0.00456	0.00374	0.01044
110	0.01131	0.00831	0.01003	0.00980	0.01146	0.00764	0.00694	0.01391	0.01978	0.02680	0.36833	0.10186	0.19003	0.15830	0.01643	0.00380	0.00487	0.01547	0.00792	0.00703
111	0.01038	0.00818	0.00936	0.00961	0.01170	0.00717	0.00700	0.01280	0.01946	0.02495	0.22075	0.20802	0.37900	0.02107	0.00998	0.00288	0.00426	0.01819	0.00808	0.00717
112	0.02066	0.02187	0.05395	0.03938	0.44016	0.09991	0.02168	0.02661	0.06812	0.02640	0.02341	0.02640	0.07655	0.00921	0.00829	0.00249	0.00979	0.00825	0.00480	0.01208
113	0.01416	0.04959	0.12177	0.01556	0.01937	0.01286	0.01471	0.01943	0.04971	0.02577	0.12310	0.13744	0.06914	0.01819	0.01072	0.00320	0.03759	0.24205	0.00685	0.00879
114	0.14293	0.05002	0.09995	0.01669	0.02195	0.10751	0.04379	0.11194	0.02076	0.06040	0.02253	0.05739	0.05232	0.04922	0.01040	0.00284	0.04310	0.00819	0.06796	0.01012
115	0.05630	0.14081	0.07798	0.10428	0.19675	0.02179	0.01885	0.06362	0.15136	0.02845	0.02159	0.02362	0.04193	0.00906	0.00768	0.00249	0.00888	0.00750	0.00529	0.01179
116	0.01684	0.01986	0.15143	0.19428	0.16608	0.01609	0.01992	0.02358	0.05420	0.02646	0.02269	0.02658	0.05114	0.00922	0.00777	0.00250	0.00887	0.00791	0.16411	0.01047
117	0.18614	0.02084	0.05478	0.06984	0.42223	0.05779	0.02139	0.02554	0.01796	0.02867	0.01449	0.01862	0.01188	0.00760	0.00749	0.00249	0.00957	0.00658	0.00430	0.01180
118	0.25446	0.02292	0.11879	0.05418	0.05871	0.13017	0.01490	0.02588	0.04247	0.02976	0.01676	0.01951	0.01303	0.00844	0.00660	0.00239	0.00878	0.00608	0.15638	0.00979
119	0.01602	0.01666	0.08539	0.18771	0.18423	0.01515	0.04518	0.02034	0.01660	0.02309	0.02117	0.05998	0.02016	0.15868	0.01568	0.00385	0.00952	0.04378	0.04741	0.00941
120	0.02608	0.02713	0.08993	0.06701	0.20068	0.15708	0.02037	0.24702	0.02696	0.03452	0.01651	0.01898	0.01263	0.00868	0.00808	0.00244	0.01096	0.00688	0.00560	0.01247
121	0.14240	0.01774	0.02674	0.06936	0.42628	0.01801	0.02009	0.02434	0.01778	0.02874	0.01551	0.01978	0.01277	0.00752	0.00739	0.00236	0.00867	0.00672	0.04828	0.07953
122	0.01879	0.02400	0.19008	0.05741	0.23137	0.01927	0.02228	0.08655	0.01933	0.02747	0.02001	0.02417	0.05132	0.01457	0.07188	0.00369	0.09393	0.00782	0.00457	0.01148
123	0.02384	0.02719	0.02457	0.13508	0.17119	0.32809	0.01836	0.02827	0.05107	0.02342	0.04860	0.02325	0.04309	0.00934	0.00805	0.00240	0.01179	0.00733	0.00473	0.01033

[dist]
# distance from previous block
# <min> <max>
16	118

[block]
# block no. 4 follows, 22 sequences, length 132
# corresponding to MSA columns:
# 342-473
name=unknown_E
#
# <colnr> <probs for GDERKNQSTAVLIFYWHMCP>
#	G	D	E	R	K	N	Q	S	T	A	V	L	I	F	Y	W	H	M	C	P
0	0.05518	0.01682	0.04694	0.23643	0.14027	0.01769	0.01794	0.05320	0.15210	0.02774	0.03016	0.03230	0.11708	0.01085	0.00839	0.00271	0.00853	0.00925	0.00570	0.01072
1	0.02317	0.02352	0.02661	0.07247	0.28350	0.16504	0.01956	0.06238	0.18270	0.02854	0.01991	0.02211	0.01571	0.00885	0.00813	0.00251	0.01018	0.00747	0.00547	0.01219
2	0.02272	0.02441	0.02978	0.12966	0.40504	0.19586	0.02262	0.02698	0.01985	0.02450	0.01476	0.01927	0.01221	0.00784	0.00804	0.00242	0.01141	0.00685	0.00410	0.01167
3	0.01710	0.01886	0.10991	0.05542	0.22959	0.01659	0.01908	0.02535	0.12523	0.02652	0.05345	0.03022	0.02143	0.02188	0.16034	0.00511	0.01210	0.03553	0.00526	0.01105
4	0.01840	0.08153	0.03115	0.27715	0.21271	0.02159	0.07175	0.02297	0.01683	0.02294	0.01419	0.02021	0.01171	0.00895	0.01150	0.00275	0.13195	0.00730	0.00383	0.01059
5	0.01797	0.01848	0.02270	0.17140	0.17246	0.12386	0.04651	0.02168	0.01880	0.02297	0.03242	0.03626	0.17078	0.04594	0.01020	0.00281	0.00955	0.00980	0.00502	0.04037
6	0.08368	0.01256	0.01883	0.23008	0.05548	0.01358	0.06543	0.01783	0.01622	0.02277	0.03129	0.14342	0.11206	0.12495	0.01417	0.00369	0.00839	0.01211	0.00531	0.00815
7	0.02115	0.01941	0.02926	0.04021	0.45360	0.02029	0.02168	0.06110	0.18726	0.03047	0.02074	0.02334	0.01649	0.00857	0.00829	0.00256	0.00895	0.00794	0.00549	0.01321
8	0.11822	0.15024	0.02719	0.11829	0.06575	0.11240	0.01673	0.12900	0.02064	0.02837	0.01379	0.01728	0.01131	0.00934	0.01048	0.00256	0.12689	0.00619	0.00474	0.01058
9	0.00982	0.00842	0.00842	0.00842	0.01122	0.00701	0.00631	0.01192	0.01894	0.02244	0.08416	0.07995	0.65285	0.02104	0.00982	0.00281	0.00421	0.01753	0.00771	0.00701
10	0.02056	0.01974	0.03372	0.05099	0.65622	0.01974	0.02550	0.02550	0.01892	0.02714	0.01563	0.02056	0.01316	0.00740	0.00822	0.00247	0.00987	0.00740	0.00411	0.01316
11	0.00990	0.00842	0.00853	0.00851	0.01127	0.00705	0.00638	0.01209	0.01914	0.02292	0.10920	0.07916	0.62750	0.02086	0.00982	0.00280	0.00420	0.01742	0.00778	0.00705
12	0.01793	0.03466	0.42435	0.03014	0.11825	0.01979	0.18355	0.02628	0.01825	0.02649	0.01549	0.01919	0.01140	0.00760	0.00843	0.00265	0.01241	0.00725	0.00377	0.01211
13	0.01988	0.01902	0.03224	0.08098	0.59985	0.01915	0.02459	0.02472	0.01880	0.02665	0.01840	0.02308	0.03937	0.00801	0.00829	0.00250	0.00970	0.00782	0.00424	0.01271
14	0.01337	0.04854	0.15432	0.01560	0.01966	0.01333	0.01491	0.01775	0.01441	0.02080	0.02019	0.02852	0.01811	0.04811	0.50143	0.01052	0.01950	0.00810	0.00421	0.00861
15	0.02056	0.01974	0.03372	0.05099	0.65622	0.01974	0.02550	0.02550	0.01892	0.02714	0.01563	0.02056	0.01316	0.00740	0.00822	0.00247	0.00987	0.00740	0.00411	0.01316
16	0.00982	0.00842	0.00842	0.00842	0.01122	0.00701	0.00631	0.01192	0.01894	0.02244	0.08416	0.07995	0.65285	0.02104	0.00982	0.00281	0.00421	0.01753	0.00771	0.00701
17	0.02034	0.02035	0.03720	0.04735	0.51666	0.02003	0.16227	0.02575	0.01907	0.02702	0.01590	0.02098	0.01303	0.00731	0.00858	0.00254	0.01081	0.00795	0.00413	0.01271
18	0.01762	0.01750	0.03199	0.40577	0.19074	0.01928	0.15031	0.02333	0.01777	0.02370	0.01539	0.02184	0.01187	0.00783	0.00860	0.00271	0.01142	0.00790	0.00389	0.01054
19	0.02328	0.01613	0.01813	0.01582	0.02061	0.01760	0.01242	0.04054	0.44951	0.16696	0.09504	0.03351	0.02962	0.01163	0.00857	0.00275	0.00641	0.00973	0.00891	0.01283
20	0.01026	0.00843	0.00903	0.00888	0.01149	0.00720	0.00666	0.01277	0.01997	0.02491	0.21287	0.07589	0.52260	0.02012	0.00981	0.00276	0.00414	0.01696	0.00804	0.00720
21	0.32202	0.02135	0.01682	0.01527	0.01915	0.19853	0.01202	0.05109	0.01758	0.02830	0.01469	0.01878	0.01247	0.02082	0.15962	0.00496	0.04666	0.00601	0.00481	0.00904
22	0.02056	0.01974	0.03372	0.05099	0.65622	0.01974	0.02550	0.02550	0.01892	0.02714	0.01563	0.02056	0.01316	0.00740	0.00822	0.00247	0.00987	0.00740	0.00411	0.01316
23	0.02838	0.02761	0.02453	0.05618	0.08457	0.26077	0.01682	0.28818	0.02886	0.03479	0.01683	0.01907	0.01304	0.01230	0.04831	0.00303	0.01223	0.00678	0.00599	0.01175
24	0.01012	0.00723	0.00964	0.01157	0.01205	0.00675	0.00771	0.01157	0.01591	0.02121	0.04579	0.70262	0.05495	0.02603	0.01060	0.00337	0.00482	0.02362	0.00771	0.00675
25	0.02529	0.02889	0.02546	0.02486	0.09728	0.33638	0.01788	0.05727	0.01994	0.02259	0.01283	0.01701	0.01123	0.01062	0.01463	0.00273	0.25444	0.00637	0.00423	0.01007
26	0.02015	0.01876	0.02866	0.04006	0.45878	0.01946	0.02138	0.02996	0.18650	0.02900	0.02334	0.02581	0.04276	0.00900	0.00835	0.00258	0.00875	0.00835	0.00543	0.01290
27	0.03077	0.02864	0.02448	0.02003	0.02555	0.24863	0.01599	0.39566	0.03250	0.03985	0.01708	0.01816	0.01280	0.00970	0.00891	0.00243	0.04304	0.00674	0.00671	0.01235
