[name]
unknown

[dist]
# distance from previous block
# <min> <max>
0	1

[block]
# block no. 0 follows, 19 sequences, length 22
# corresponding to MSA columns:
# 1-22
name=unknown_A
#
# <colnr> <probs for GDERKNQSTAVLIFYWHMCP>
#	G	D	E	R	K	N	Q	S	T	A	V	L	I	F	Y	W	H	M	C	P
0	0.01442	0.01030	0.01442	0.01648	0.01854	0.01030	0.01442	0.01854	0.02060	0.02677	0.04737	0.10092	0.05149	0.02471	0.01236	0.00412	0.00824	0.56956	0.00824	0.00824
1	0.03144	0.13194	0.02899	0.02381	0.06183	0.52754	0.01760	0.03400	0.02406	0.02220	0.01381	0.01623	0.01167	0.00893	0.00779	0.00227	0.01490	0.00575	0.00449	0.01075
2	0.08719	0.03463	0.33880	0.02721	0.11842	0.02259	0.02602	0.17651	0.02480	0.03679	0.01726	0.01964	0.01260	0.00899	0.00841	0.00276	0.01142	0.00702	0.00537	0.01356
3	0.01485	0.01190	0.01655	0.07065	0.02127	0.01353	0.01273	0.02142	0.09864	0.02384	0.02446	0.03280	0.02154	0.05031	0.46174	0.01093	0.01939	0.00923	0.00536	0.05885
4	0.01501	0.01296	0.01912	0.15836	0.05215	0.01518	0.01545	0.01840	0.01840	0.02542	0.13626	0.22697	0.04122	0.01851	0.01440	0.00339	0.14481	0.04850	0.00656	0.00893
5	0.02359	0.02487	0.03205	0.12386	0.37964	0.15213	0.02433	0.02807	0.02051	0.02623	0.01565	0.02089	0.01312	0.00902	0.01047	0.00273	0.06851	0.00750	0.00436	0.01246
6	0.01505	0.01293	0.01874	0.01743	0.01849	0.01661	0.01399	0.01783	0.01415	0.02102	0.01987	0.02993	0.01881	0.04988	0.44238	0.01088	0.23990	0.00900	0.00450	0.00859
7	0.02481	0.02029	0.02172	0.01815	0.02415	0.02228	0.01442	0.18764	0.38456	0.04123	0.02976	0.02828	0.02226	0.01103	0.00873	0.00271	0.00774	0.00893	0.00855	0.11277
8	0.02546	0.01647	0.01888	0.01615	0.02108	0.01718	0.01272	0.15164	0.19419	0.16997	0.08356	0.11859	0.08477	0.01500	0.00958	0.00296	0.00710	0.01259	0.00939	0.01274
9	0.06281	0.02041	0.02252	0.01774	0.02410	0.02180	0.01452	0.35263	0.07767	0.17870	0.02604	0.02527	0.01820	0.01078	0.00855	0.00267	0.00844	0.00831	0.08463	0.01419
10	0.01301	0.00867	0.00976	0.00976	0.00976	0.00867	0.00542	0.01301	0.01301	0.01735	0.02819	0.05855	0.03253	0.68559	0.04554	0.00867	0.00867	0.01301	0.00542	0.00542
11	0.01278	0.00959	0.01438	0.01438	0.01598	0.01118	0.01118	0.01598	0.01438	0.02077	0.02396	0.03515	0.02237	0.06710	0.65013	0.01438	0.02396	0.00959	0.00479	0.00799
12	0.01223	0.00913	0.01136	0.01080	0.01310	0.00826	0.00810	0.01604	0.02430	0.03344	0.51406	0.07083	0.19693	0.01920	0.01056	0.00286	0.00429	0.01674	0.00953	0.00826
13	0.01183	0.00818	0.01011	0.01127	0.01156	0.00789	0.00704	0.01270	0.01532	0.02042	0.04002	0.40655	0.04745	0.31721	0.02642	0.00585	0.00672	0.01997	0.00704	0.00645
14	0.02628	0.52952	0.04152	0.01724	0.02413	0.18837	0.01580	0.02901	0.01997	0.02126	0.01278	0.01480	0.01149	0.00804	0.00632	0.00201	0.01120	0.00503	0.00402	0.01120
15	0.01912	0.01042	0.01318	0.01272	0.01511	0.00989	0.00929	0.02240	0.04386	0.15859	0.08887	0.22916	0.04263	0.15760	0.01742	0.00430	0.00658	0.05709	0.07260	0.00917
16	0.02587	0.07745	0.02242	0.06547	0.02411	0.14780	0.01434	0.02877	0.02000	0.18073	0.02284	0.02847	0.01859	0.08251	0.15595	0.00579	0.05365	0.00830	0.00624	0.01069
17	0.02537	0.01776	0.04805	0.02364	0.13104	0.01675	0.01638	0.16344	0.02585	0.16595	0.03222	0.19173	0.02993	0.01553	0.00979	0.00305	0.00837	0.05453	0.00817	0.01246
18	0.01558	0.00924	0.01115	0.01093	0.01242	0.01004	0.00815	0.01835	0.01641	0.02701	0.02579	0.03464	0.02237	0.08429	0.15250	0.06879	0.04762	0.00894	0.40808	0.00771
19	0.21102	0.12637	0.20155	0.02273	0.03133	0.09290	0.13987	0.02847	0.01902	0.02971	0.01478	0.01789	0.01141	0.00821	0.00771	0.00266	0.01177	0.00662	0.00449	0.01150
20	0.32967	0.02626	0.08395	0.02050	0.07677	0.15141	0.01606	0.03239	0.12574	0.03367	0.01781	0.01938	0.01380	0.00917	0.00730	0.00272	0.00984	0.00644	0.00571	0.01140
21	0.02439	0.25544	0.03013	0.01709	0.02294	0.12534	0.01459	0.12858	0.02288	0.02832	0.01704	0.02067	0.01460	0.02070	0.14062	0.00464	0.01336	0.00658	0.00523	0.08686

[dist]
# distance from previous block
# <min> <max>
0	1

[block]
# block no. 1 follows, 19 sequences, length 25
# corresponding to MSA columns:
# 24-48
name=unknown_B
#
# <colnr> <probs for GDERKNQSTAVLIFYWHMCP>
#	G	D	E	R	K	N	Q	S	T	A	V	L	I	F	Y	W	H	M	C	P
0	0.02763	0.02210	0.06963	0.01744	0.02362	0.08967	0.01503	0.16761	0.05871	0.17194	0.03474	0.03691	0.09945	0.01271	0.00902	0.00272	0.00899	0.04322	0.03573	0.05312
1	0.02675	0.02955	0.19261	0.02626	0.12789	0.10253	0.02170	0.11913	0.04709	0.13942	0.02564	0.02633	0.05417	0.01035	0.00881	0.00272	0.01088	0.00828	0.00656	0.01334
2	0.01200	0.00836	0.00994	0.01075	0.01118	0.00804	0.00664	0.01278	0.01518	0.02001	0.04126	0.30090	0.08941	0.37931	0.02960	0.00628	0.00700	0.01827	0.00676	0.00630
3	0.01410	0.00795	0.01123	0.01159	0.01204	0.00769	0.00784	0.01219	0.01414	0.01875	0.06199	0.16045	0.07390	0.02913	0.02719	0.49998	0.00683	0.01251	0.00541	0.00507
4	0.02165	0.01975	0.03117	0.25031	0.34049	0.02154	0.02465	0.08695	0.05967	0.03048	0.01826	0.02336	0.01438	0.00885	0.00891	0.00279	0.01075	0.00811	0.00505	0.01288
5	0.02697	0.23803	0.02985	0.01807	0.02339	0.22732	0.01480	0.13850	0.02452	0.02790	0.01864	0.06338	0.01746	0.08079	0.01163	0.00300	0.01137	0.00791	0.00553	0.01095
6	0.01211	0.00847	0.01112	0.01271	0.01345	0.00823	0.00860	0.01449	0.05257	0.02290	0.04474	0.56742	0.05235	0.02741	0.01392	0.08624	0.00559	0.02252	0.00786	0.00730
7	0.02366	0.11765	0.20696	0.03093	0.13559	0.06040	0.16746	0.03022	0.02075	0.09544	0.01825	0.02128	0.01361	0.00839	0.00874	0.00269	0.01232	0.00780	0.00495	0.01292
8	0.01337	0.01037	0.01562	0.01442	0.01585	0.01033	0.07507	0.01516	0.01522	0.02061	0.03170	0.20877	0.03545	0.33800	0.13296	0.00769	0.01106	0.01532	0.00595	0.00708
9	0.02226	0.01504	0.01829	0.06621	0.02318	0.01539	0.01325	0.12462	0.10307	0.12686	0.11130	0.08633	0.10490	0.01556	0.00977	0.00297	0.00735	0.07468	0.00862	0.05034
10	0.01898	0.01682	0.02239	0.01704	0.02368	0.01497	0.08790	0.02712	0.13370	0.02937	0.02155	0.02665	0.01819	0.08404	0.01199	0.00270	0.00806	0.00779	0.00595	0.42111
11	0.02159	0.02049	0.02137	0.04679	0.05234	0.10287	0.01574	0.03609	0.32154	0.03040	0.02916	0.03460	0.02409	0.01897	0.08395	0.00437	0.06356	0.05302	0.00711	0.01197
12	0.01839	0.09488	0.59458	0.02473	0.03753	0.02188	0.03172	0.02822	0.01883	0.02778	0.01578	0.01855	0.01134	0.00844	0.00829	0.00276	0.01295	0.00647	0.00378	0.01309
13	0.02392	0.69097	0.04688	0.01531	0.02296	0.03540	0.01531	0.02679	0.01818	0.02105	0.01244	0.01435	0.01148	0.00765	0.00574	0.00191	0.00957	0.00478	0.00383	0.01148
14	0.01057	0.00906	0.00906	0.00906	0.01208	0.00755	0.00680	0.01284	0.02039	0.02417	0.09063	0.08610	0.62615	0.02266	0.01057	0.00302	0.00453	0.01888	0.00831	0.00755
15	0.01146	0.00910	0.01029	0.00999	0.01263	0.00793	0.00749	0.01455	0.02248	0.02911	0.31642	0.07796	0.39727	0.02081	0.01056	0.00293	0.00440	0.01774	0.00896	0.00793
16	0.01081	0.00907	0.00939	0.00931	0.01223	0.00765	0.00698	0.01329	0.02095	0.02548	0.15063	0.08394	0.56533	0.02217	0.01057	0.00300	0.00450	0.01858	0.00848	0.00765
17	0.01069	0.00907	0.00922	0.00919	0.01216	0.00760	0.00689	0.01306	0.02067	0.02482	0.12038	0.08503	0.59599	0.02241	0.01057	0.00301	0.00451	0.01873	0.00839	0.00760
18	0.11426	0.02419	0.02531	0.01959	0.02657	0.02688	0.01618	0.53554	0.03905	0.05456	0.02047	0.02070	0.01459	0.01047	0.00857	0.00269	0.00952	0.00769	0.00857	0.01459
19	0.01141	0.00830	0.01024	0.01131	0.01233	0.00769	0.00759	0.01312	0.01791	0.02363	0.11888	0.40809	0.14978	0.13661	0.01692	0.00429	0.00556	0.02121	0.00800	0.00714
20	0.02094	0.02079	0.03770	0.16777	0.40830	0.02126	0.13750	0.02681	0.02004	0.02790	0.01690	0.02285	0.01363	0.00807	0.00920	0.00279	0.01174	0.00847	0.00436	0.01296
21	0.03342	0.04264	0.02535	0.02305	0.02766	0.64967	0.01729	0.03572	0.02535	0.02190	0.01383	0.01613	0.01152	0.00922	0.00807	0.00230	0.01613	0.00576	0.00461	0.01037
22	0.01961	0.22032	0.02374	0.01314	0.01772	0.01757	0.01125	0.02286	0.02106	0.11094	0.19438	0.04522	0.13816	0.02035	0.08229	0.00389	0.00866	0.01137	0.00732	0.01012
23	0.02276	0.01427	0.01641	0.01379	0.01729	0.01427	0.01003	0.16349	0.02277	0.12449	0.02765	0.07067	0.02636	0.33009	0.02617	0.00546	0.00848	0.01113	0.00730	0.06712
24	0.02011	0.26887	0.13756	0.15928	0.14086	0.02498	0.02190	0.02522	0.01855	0.02425	0.01744	0.07070	0.01577	0.00972	0.00787	0.00256	0.01052	0.00794	0.00431	0.01160

[dist]
# distance from previous block
# <min> <max>
3	17

[block]
# block no. 2 follows, 19 sequences, length 12
# corresponding to MSA columns:
# 66-77
name=unknown_C
#
# <colnr> <probs for GDERKNQSTAVLIFYWHMCP>
#	G	D	E	R	K	N	Q	S	T	A	V	L	I	F	Y	W	H	M	C	P
0	0.01876	0.01463	0.02194	0.26008	0.11531	0.01578	0.01781	0.05804	0.02163	0.07994	0.11637	0.10101	0.09434	0.01378	0.00958	0.00295	0.00870	0.01211	0.00668	0.01055
1	0.02281	0.03098	0.16141	0.05049	0.03195	0.20267	0.11267	0.02886	0.05572	0.02521	0.01913	0.02735	0.01634	0.01239	0.01264	0.06081	0.05987	0.05312	0.00484	0.01075
2	0.02480	0.01693	0.01823	0.01626	0.02028	0.07668	0.01260	0.03227	0.15045	0.20586	0.04041	0.16782	0.09397	0.01620	0.01119	0.00308	0.05949	0.01326	0.00859	0.01164
3	0.01242	0.00992	0.01176	0.01143	0.01406	0.00962	0.00870	0.01704	0.06282	0.02735	0.20803	0.06633	0.31407	0.03048	0.14979	0.00544	0.00887	0.01554	0.00799	0.00835
4	0.02019	0.02595	0.16722	0.15853	0.35133	0.02101	0.07297	0.02690	0.01965	0.02782	0.01659	0.02190	0.01310	0.00823	0.00893	0.00278	0.01178	0.00787	0.00421	0.01303
5	0.02758	0.01808	0.02110	0.02014	0.07360	0.04976	0.01444	0.12876	0.14689	0.20782	0.03342	0.16112	0.02841	0.01435	0.00945	0.00295	0.00807	0.01218	0.00885	0.01303
6	0.01863	0.02013	0.08713	0.11563	0.20342	0.01841	0.06958	0.06371	0.02083	0.02821	0.03326	0.03667	0.14725	0.01511	0.04495	0.00353	0.04619	0.01052	0.00547	0.01140
7	0.01123	0.00864	0.01028	0.01083	0.01273	0.00768	0.00776	0.01376	0.02054	0.02676	0.21582	0.28957	0.28539	0.02340	0.01086	0.00318	0.00468	0.02048	0.00871	0.00768
8	0.02090	0.12716	0.38488	0.02995	0.15675	0.07564	0.02821	0.02857	0.01964	0.02700	0.01554	0.01872	0.01195	0.00834	0.00817	0.00263	0.01245	0.00657	0.00399	0.01294
9	0.02328	0.02526	0.03577	0.15618	0.28109	0.15001	0.14362	0.02856	0.02109	0.02644	0.01631	0.02164	0.01309	0.00832	0.00907	0.00272	0.01292	0.00805	0.00440	0.01218
10	0.01717	0.02181	0.15285	0.10460	0.03315	0.01781	0.14526	0.02276	0.01751	0.02526	0.02004	0.05409	0.01722	0.02219	0.13558	0.03290	0.07841	0.00933	0.06185	0.01021
11	0.02554	0.01259	0.01499	0.01259	0.01694	0.01171	0.00984	0.07606	0.02308	0.26386	0.04337	0.04475	0.14657	0.08583	0.01265	0.00330	0.00653	0.01123	0.16748	0.01110

[dist]
# distance from previous block
# <min> <max>
1	10

[block]
# block no. 3 follows, 19 sequences, length 11
# corresponding to MSA columns:
# 88-98
name=unknown_D
#
# <colnr> <probs for GDERKNQSTAVLIFYWHMCP>
#	G	D	E	R	K	N	Q	S	T	A	V	L	I	F	Y	W	H	M	C	P
0	0.05335	0.01609	0.05214	0.13102	0.03036	0.01468	0.11746	0.02316	0.01878	0.09771	0.05563	0.03330	0.08691	0.01498	0.01416	0.14542	0.00936	0.00970	0.00584	0.06994
1	0.02368	0.02621	0.02924	0.02981	0.15635	0.22463	0.11045	0.02901	0.05640	0.02687	0.06818	0.03282	0.05967	0.01156	0.01032	0.00280	0.04416	0.04102	0.00561	0.01120
2	0.06991	0.15441	0.22072	0.03045	0.19551	0.13008	0.02410	0.02893	0.02003	0.02692	0.01500	0.01821	0.01207	0.00831	0.00783	0.00252	0.01193	0.00640	0.00422	0.01246
3	0.07079	0.06439	0.08291	0.02332	0.02960	0.14392	0.15082	0.03103	0.05893	0.10707	0.02111	0.05165	0.01700	0.01353	0.04567	0.00347	0.05863	0.00876	0.00580	0.01160
4	0.01278	0.00959	0.01438	0.01438	0.01598	0.01118	0.01118	0.01598	0.01438	0.02077	0.02396	0.03515	0.02237	0.06710	0.65013	0.01438	0.02396	0.00959	0.00479	0.00799
5	0.01881	0.02615	0.21259	0.03654	0.31743	0.01832	0.02500	0.02542	0.02100	0.03041	0.14914	0.03090	0.02862	0.01038	0.00912	0.00274	0.01001	0.00935	0.00541	0.01264
6	0.01295	0.00913	0.01079	0.01124	0.01188	0.00912	0.00709	0.01538	0.05460	0.02164	0.07694	0.24691	0.04394	0.39410	0.03029	0.00636	0.00720	0.01683	0.00685	0.00677
7	0.01156	0.00859	0.01077	0.01131	0.01296	0.00780	0.00807	0.01435	0.02112	0.02844	0.29327	0.31363	0.17927	0.02300	0.01090	0.00318	0.00467	0.02037	0.00894	0.00780
8	0.02693	0.27466	0.03367	0.02031	0.02503	0.28947	0.01706	0.02936	0.02019	0.02151	0.01287	0.01623	0.01156	0.01005	0.01186	0.00251	0.15605	0.00585	0.00417	0.01065
9	0.01375	0.01084	0.01297	0.01201	0.01534	0.00907	0.00858	0.01604	0.01753	0.02454	0.04027	0.30844	0.10808	0.09610	0.01361	0.00335	0.00601	0.01626	0.00693	0.26026
10	0.02859	0.15420	0.07640	0.02751	0.13454	0.38267	0.01990	0.03213	0.02272	0.02352	0.01428	0.01709	0.01197	0.00867	0.00783	0.00234	0.01378	0.00604	0.00438	0.01145

[dist]
# distance from previous block
# <min> <max>
0	1

[block]
# block no. 4 follows, 19 sequences, length 68
# corresponding to MSA columns:
# 100-167
name=unknown_E
#
# <colnr> <probs for GDERKNQSTAVLIFYWHMCP>
#	G	D	E	R	K	N	Q	S	T	A	V	L	I	F	Y	W	H	M	C	P
0	0.02317	0.13366	0.03964	0.03377	0.18786	0.05345	0.19533	0.06126	0.09367	0.02945	0.01874	0.02239	0.01496	0.00889	0.00989	0.00274	0.04485	0.00839	0.00516	0.01275
1	0.01283	0.00865	0.00999	0.01008	0.01029	0.00855	0.00588	0.01329	0.01433	0.01928	0.07903	0.10512	0.03878	0.58191	0.04013	0.00782	0.00805	0.01419	0.00600	0.00581
2	0.01858	0.07005	0.54337	0.02657	0.03905	0.02160	0.10116	0.02831	0.01913	0.02807	0.01616	0.01934	0.01161	0.00835	0.00864	0.00282	0.01330	0.00702	0.00387	0.01301
3	0.24583	0.02632	0.02537	0.06699	0.22619	0.21400	0.01879	0.02938	0.02020	0.02992	0.01453	0.01808	0.01187	0.00851	0.00761	0.00260	0.01127	0.00634	0.00479	0.01140
4	0.02661	0.21301	0.02794	0.01782	0.02281	0.29019	0.01456	0.06595	0.02255	0.02553	0.01709	0.02015	0.01436	0.01385	0.06030	0.00319	0.01276	0.00634	0.11451	0.01049
5	0.02611	0.01682	0.01945	0.01591	0.02132	0.01673	0.01252	0.20159	0.07577	0.16037	0.03224	0.12968	0.05027	0.05718	0.01144	0.00307	0.00767	0.01143	0.00849	0.12195
6	0.01262	0.00868	0.01000	0.01017	0.01055	0.00860	0.00609	0.01311	0.01403	0.01855	0.03487	0.11085	0.08326	0.54296	0.07259	0.00810	0.00887	0.01434	0.00586	0.00589
7	0.01098	0.00856	0.01000	0.01097	0.01281	0.00759	0.00786	0.01311	0.01921	0.02424	0.09533	0.34433	0.32920	0.02489	0.01102	0.00333	0.00497	0.04573	0.00837	0.00750
8	0.01133	0.00833	0.01034	0.01137	0.01256	0.00765	0.00777	0.01331	0.01870	0.02471	0.15015	0.40785	0.16669	0.08862	0.01440	0.00387	0.00524	0.02149	0.00828	0.00734
9	0.01331	0.00944	0.01283	0.01468	0.01611	0.00930	0.01181	0.01630	0.01886	0.02472	0.04590	0.25411	0.05160	0.09458	0.01556	0.00446	0.00745	0.36332	0.00796	0.00768
10	0.01195	0.00912	0.01097	0.01051	0.01293	0.00814	0.00788	0.01550	0.02364	0.03188	0.44254	0.07341	0.26943	0.01978	0.01056	0.00288	0.00433	0.01710	0.00932	0.00814
11	0.02012	0.01919	0.03265	0.29016	0.41037	0.02072	0.02645	0.02568	0.01941	0.02677	0.01647	0.02280	0.01330	0.00835	0.00889	0.00278	0.01113	0.00796	0.00425	0.01254
12	0.29626	0.01713	0.02181	0.15266	0.09025	0.01906	0.05304	0.02790	0.08081	0.06052	0.07957	0.02581	0.02082	0.00989	0.00793	0.00285	0.00862	0.00805	0.00610	0.01093
13	0.22018	0.06746	0.18086	0.02169	0.10098	0.01948	0.01871	0.02605	0.05584	0.03045	0.02171	0.02504	0.04923	0.01818	0.10415	0.00449	0.01163	0.00755	0.00511	0.01120
14	0.01088	0.00787	0.01030	0.01224	0.01292	0.00729	0.00821	0.01248	0.01734	0.02292	0.05198	0.64140	0.09580	0.02768	0.01136	0.00359	0.00515	0.02501	0.00830	0.00729
15	0.01647	0.01509	0.02284	0.21483	0.03253	0.01965	0.01835	0.02006	0.01520	0.02168	0.01713	0.02612	0.01538	0.03096	0.23243	0.00716	0.25222	0.00846	0.00423	0.00923
16	0.02954	0.03620	0.06687	0.02859	0.13925	0.41135	0.01994	0.06649	0.06841	0.02676	0.01663	0.01900	0.01338	0.00924	0.00837	0.00248	0.01390	0.00668	0.00510	0.01181
17	0.02195	0.42391	0.09723	0.01688	0.02355	0.08825	0.01642	0.02558	0.01816	0.02180	0.01530	0.01925	0.01371	0.02012	0.13878	0.00461	0.01353	0.00605	0.00410	0.01083
18	0.01163	0.00919	0.01053	0.01045	0.01307	0.00809	0.00801	0.01474	0.02215	0.02851	0.27555	0.08053	0.38756	0.02129	0.01071	0.00304	0.00473	0.06346	0.00885	0.00792
19	0.06139	0.02520	0.16816	0.16184	0.12907	0.02193	0.04734	0.07264	0.01976	0.02931	0.01627	0.02138	0.01281	0.01004	0.01231	0.00299	0.13122	0.00758	0.03702	0.01176
20	0.06390	0.29706	0.04184	0.02377	0.03078	0.14503	0.19221	0.02873	0.02002	0.02457	0.01438	0.01793	0.01204	0.00835	0.00882	0.00247	0.04565	0.00688	0.00428	0.01127
21	0.01241	0.00913	0.01161	0.01099	0.01321	0.00833	0.00824	0.01639	0.02472	0.03445	0.55986	0.06918	0.15050	0.01882	0.01055	0.00284	0.00426	0.01651	0.00966	0.00833
22	0.01423	0.01178	0.01814	0.01675	0.01845	0.01404	0.04398	0.01733	0.01458	0.02115	0.02207	0.03339	0.02083	0.08537	0.49719	0.01198	0.11619	0.00954	0.00468	0.00835
23	0.01616	0.01021	0.01325	0.01265	0.01433	0.01137	0.00959	0.01909	0.01612	0.05962	0.02586	0.03655	0.02318	0.13498	0.27102	0.00817	0.06785	0.00953	0.23217	0.00828
24	0.02184	0.02095	0.03577	0.08996	0.59709	0.02118	0.02731	0.02719	0.02023	0.02886	0.01677	0.02224	0.01404	0.00803	0.00886	0.00268	0.01070	0.00797	0.00440	0.01393
25	0.02631	0.02510	0.02269	0.01930	0.02374	0.18019	0.01531	0.21307	0.07689	0.03527	0.05736	0.03249	0.10846	0.01331	0.01206	0.00285	0.10727	0.00959	0.00707	0.01166
26	0.01184	0.00911	0.01082	0.01040	0.01286	0.00809	0.00780	0.01530	0.02339	0.03128	0.41547	0.07439	0.29687	0.02000	0.01056	0.00290	0.00434	0.01724	0.00924	0.00809
27	0.02274	0.02753	0.10354	0.08181	0.28527	0.11417	0.17809	0.02879	0.02098	0.02749	0.01658	0.02155	0.01317	0.00816	0.00916	0.00274	0.01299	0.00819	0.00438	0.01267
28	0.01101	0.00869	0.00999	0.01093	0.01295	0.00767	0.00798	0.01317	0.01921	0.02389	0.07184	0.30596	0.36982	0.02481	0.01103	0.00334	0.00508	0.06683	0.00830	0.00750
29	0.02116	0.01497	0.02024	0.21189	0.03205	0.01668	0.01579	0.10996	0.05394	0.08896	0.02331	0.02812	0.01805	0.02160	0.13969	0.00504	0.01202	0.00845	0.11368	0.04442
30	0.01872	0.01549	0.01723	0.01600	0.01988	0.01720	0.01237	0.03609	0.39623	0.03562	0.18926	0.08220	0.04512	0.01530	0.00978	0.00307	0.00630	0.04295	0.00920	0.01198
31	0.01978	0.01884	0.03204	0.32957	0.37362	0.02063	0.02628	0.02538	0.01925	0.02636	0.01641	0.02291	0.01316	0.00841	0.00890	0.00280	0.01121	0.00796	0.00422	0.01226
32	0.02347	0.02517	0.03060	0.23153	0.30143	0.18357	0.02403	0.02820	0.02091	0.02540	0.01577	0.02111	0.01280	0.00859	0.00868	0.00266	0.01245	0.00739	0.00434	0.01190
33	0.02103	0.01617	0.01968	0.05737	0.11085	0.05146	0.01484	0.08559	0.07272	0.07227	0.12101	0.04622	0.06109	0.01399	0.00934	0.00287	0.00793	0.09308	0.11147	0.01101
34	0.01321	0.00989	0.01389	0.01368	0.01477	0.01141	0.01015	0.01551	0.01399	0.01992	0.02439	0.04036	0.02442	0.22446	0.45983	0.01233	0.05507	0.01038	0.00491	0.00742
35	0.74878	0.01730	0.01315	0.01177	0.01730	0.02007	0.00969	0.02630	0.01523	0.04014	0.01246	0.01453	0.00969	0.00830	0.00554	0.00277	0.00692	0.00484	0.00554	0.00969
36	0.02136	0.02288	0.08539	0.10278	0.53399	0.02110	0.02770	0.02715	0.02004	0.02863	0.01669	0.02201	0.01375	0.00810	0.00883	0.00270	0.01095	0.00786	0.00434	0.01374
37	0.01830	0.01793	0.06928	0.09076	0.05164	0.01671	0.01498	0.10875	0.14896	0.03209	0.05115	0.05006	0.26254	0.01531	0.00959	0.00294	0.00767	0.01271	0.00753	0.01110
38	0.01278	0.00959	0.01438	0.01438	0.01598	0.01118	0.01118	0.01598	0.01438	0.02077	0.02396	0.03515	0.02237	0.06710	0.65013	0.01438	0.02396	0.00959	0.00479	0.00799
39	0.02176	0.01968	0.03064	0.17159	0.36837	0.02102	0.02357	0.08482	0.07069	0.03067	0.01934	0.02534	0.01590	0.04562	0.01090	0.00308	0.01042	0.00843	0.00523	0.01293
40	0.02105	0.02221	0.06843	0.10220	0.32915	0.07155	0.02322	0.02838	0.08231	0.02814	0.02200	0.03160	0.01919	0.01309	0.03841	0.00340	0.01137	0.06660	0.00526	0.01247
41	0.01339	0.01065	0.01225	0.01185	0.01472	0.01023	0.00913	0.01987	0.10696	0.03093	0.29194	0.07214	0.27771	0.01959	0.01050	0.00303	0.00508	0.06209	0.00903	0.00891
42	0.01324	0.00971	0.01291	0.01463	0.01662	0.00938	0.01222	0.01667	0.02004	0.02574	0.05493	0.18543	0.14918	0.02487	0.01192	0.00386	0.00716	0.39526	0.00826	0.00798
43	0.01933	0.01782	0.03017	0.31504	0.33279	0.01955	0.02470	0.02416	0.01858	0.02534	0.01632	0.02330	0.01331	0.01030	0.01105	0.06366	0.01095	0.00795	0.00419	0.01149
44	0.01851	0.01502	0.02022	0.08941	0.02395	0.01843	0.01500	0.10618	0.01904	0.02740	0.02023	0.02903	0.01803	0.06975	0.23491	0.00732	0.18360	0.00882	0.06554	0.00964
45	0.01285	0.00937	0.01371	0.01388	0.01541	0.01070	0.01067	0.01596	0.01485	0.02165	0.02635	0.08827	0.02544	0.06067	0.56099	0.01280	0.02129	0.01082	0.04638	0.00795
46	0.01301	0.00867	0.00976	0.00976	0.00976	0.00867	0.00542	0.01301	0.01301	0.01735	0.02819	0.05855	0.03253	0.68559	0.04554	0.00867	0.00867	0.01301	0.00542	0.00542
47	0.02124	0.34825	0.03107	0.01524	0.02058	0.12860	0.01336	0.02394	0.01923	0.02175	0.02958	0.03170	0.13246	0.01976	0.10393	0.00407	0.01185	0.00841	0.00497	0.01001
48	0.02331	0.16076	0.15586	0.02221	0.02747	0.17259	0.02097	0.02725	0.01835	0.02291	0.01325	0.01762	0.01156	0.01114	0.01555	0.00293	0.25479	0.00651	0.00403	0.01095
49	0.01513	0.01067	0.01300	0.01235	0.01360	0.01146	0.00845	0.07519	0.01647	0.02250	0.02615	0.04728	0.02751	0.41964	0.23285	0.00985	0.01363	0.01141	0.00559	0.00725
50	0.01231	0.00918	0.01124	0.01186	0.01377	0.00853	0.00904	0.01507	0.02014	0.02622	0.17803	0.15471	0.22657	0.10669	0.01553	0.00404	0.00599	0.15522	0.00825	0.00760
51	0.02064	0.02185	0.10537	0.17133	0.12886	0.01963	0.13401	0.02976	0.10474	0.06783	0.02395	0.03287	0.01950	0.01071	0.00957	0.00303	0.01115	0.06728	0.00576	0.01216
52	0.15881	0.10386	0.02682	0.08157	0.14321	0.11718	0.01766	0.02858	0.06784	0.02860	0.01666	0.02027	0.01370	0.00967	0.01006	0.00271	0.08856	0.00685	0.04619	0.01121
53	0.01843	0.01660	0.02408	0.06138	0.27640	0.01703	0.01834	0.02698	0.13877	0.02989	0.08234	0.04527	0.14816	0.01355	0.00958	0.00292	0.00814	0.04353	0.00674	0.01186
54	0.01560	0.01175	0.01458	0.04968	0.01868	0.01098	0.01055	0.06403	0.01961	0.02636	0.04122	0.19478	0.14656	0.02038	0.01357	0.11362	0.00675	0.06005	0.00684	0.15440
55	0.02708	0.03073	0.07567	0.02460	0.10911	0.27793	0.01805	0.06748	0.02347	0.05484	0.01641	0.01879	0.01303	0.00850	0.00794	0.00219	0.01189	0.00631	0.00526	0.20072
56	0.01841	0.01960	0.07795	0.07000	0.15218	0.01844	0.10566	0.02728	0.13419	0.02823	0.02839	0.18606	0.02718	0.01420	0.01095	0.00313	0.04746	0.01295	0.00619	0.01155
57	0.30306	0.02155	0.01938	0.02024	0.09395	0.14112	0.01396	0.02666	0.04821	0.03040	0.02241	0.02510	0.07355	0.01215	0.01099	0.05056	0.06375	0.00751	0.00544	0.01001
58	0.24621	0.06592	0.06640	0.02578	0.13380	0.17836	0.05527	0.07659	0.02167	0.03240	0.01492	0.01776	0.01186	0.00860	0.00757	0.00260	0.01120	0.00638	0.00511	0.01160
59	0.10835	0.14591	0.02450	0.01921	0.07014	0.08607	0.01428	0.02479	0.06743	0.02620	0.02991	0.12632	0.09499	0.01437	0.01143	0.00290	0.10626	0.01087	0.00583	0.01023
60	0.02386	0.06741	0.07207	0.01740	0.02248	0.14638	0.01465	0.16724	0.05912	0.03296	0.02989	0.10888	0.07193	0.04423	0.01039	0.00295	0.00962	0.01064	0.07684	0.01105
61	0.01810	0.02414	0.20431	0.01900	0.05754	0.01559	0.01806	0.05576	0.05898	0.03041	0.03146	0.03491	0.10994	0.01135	0.00841	0.00247	0.00857	0.03180	0.06609	0.19310
62	0.14451	0.02880	0.13016	0.02038	0.02700	0.18204	0.06012	0.05965	0.02126	0.06431	0.01845	0.05531	0.01539	0.01269	0.03832	0.00317	0.03387	0.00770	0.00546	0.07139
63	0.01958	0.02571	0.13737	0.06778	0.08250	0.09402	0.16329	0.02699	0.06972	0.02718	0.03475	0.03672	0.15134	0.01181	0.00953	0.00287	0.01128	0.01073	0.00559	0.01126
64	0.02221	0.07635	0.07111	0.03493	0.23192	0.02007	0.17619	0.02785	0.02130	0.08967	0.07611	0.03187	0.02325	0.01020	0.00943	0.00282	0.01085	0.04557	0.00578	0.01253
65	0.24847	0.02041	0.06717	0.01525	0.02018	0.09354	0.01295	0.02724	0.09444	0.03203	0.05408	0.06047	0.02173	0.01768	0.08478	0.00407	0.01018	0.00836	0.05992	0.04704
66	0.06445	0.18170	0.02901	0.06077	0.02678	0.22129	0.04825	0.07493	0.02356	0.02825	0.10511	0.02838	0.02436	0.01087	0.00822	0.00251	0.01115	0.03400	0.00572	0.01068
67	0.02471	0.12512	0.10401	0.02104	0.06945	0.09673	0.01754	0.10025	0.10022	0.09203	0.02896	0.06766	0.05996	0.01233	0.00875	0.00275	0.00977	0.03966	0.00678	0.01228

[dist]
# distance from previous block
# <min> <max>
40	248

[block]
# block no. 5 follows, 19 sequences, length 55
# corresponding to MSA columns:
# 487-541
name=unknown_F
#
# <colnr> <probs for GDERKNQSTAVLIFYWHMCP>
#	G	D	E	R	K	N	Q	S	T	A	V	L	I	F	Y	W	H	M	C	P
0	0.11280	0.20826	0.17592	0.01850	0.02569	0.15890	0.01840	0.02769	0.01923	0.02608	0.01568	0.01890	0.01292	0.01384	0.06539	0.00347	0.01252	0.00610	0.04879	0.01093
1	0.02021	0.15278	0.06666	0.11259	0.18610	0.05092	0.01939	0.02759	0.10247	0.02670	0.03031	0.03226	0.11376	0.01108	0.00851	0.00266	0.00953	0.00922	0.00550	0.01177
2	0.01782	0.07824	0.10446	0.05765	0.05477	0.01657	0.04136	0.08916	0.02195	0.03012	0.08884	0.15599	0.09274	0.01701	0.03316	0.00328	0.00880	0.01287	0.06486	0.01037
3	0.15236	0.09491	0.02269	0.08087	0.11412	0.04721	0.01487	0.02360	0.01862	0.05408	0.10034	0.03017	0.02491	0.05075	0.12936	0.00508	0.01161	0.00860	0.00566	0.01019
4	0.02441	0.02794	0.06499	0.21450	0.16289	0.22687	0.02224	0.06647	0.02236	0.02633	0.01618	0.02104	0.01294	0.01169	0.03908	0.00320	0.01355	0.00724	0.00464	0.01142
5	0.14173	0.02139	0.02719	0.12239	0.29003	0.09678	0.02065	0.02873	0.02035	0.09189	0.02054	0.02387	0.03851	0.00923	0.00832	0.00270	0.01033	0.00774	0.00541	0.01223
6	0.02432	0.02745	0.08889	0.07209	0.36518	0.13883	0.02461	0.06476	0.05397	0.02955	0.01748	0.02136	0.01406	0.00869	0.00870	0.00265	0.01173	0.00755	0.00490	0.01323
7	0.11292	0.02212	0.10426	0.20847	0.24962	0.02022	0.05891	0.02731	0.01926	0.06913	0.01724	0.02193	0.01314	0.00852	0.00853	0.00281	0.01090	0.00763	0.00481	0.01228
8	0.01796	0.06679	0.02372	0.02237	0.09296	0.06114	0.01614	0.02099	0.01593	0.02209	0.01824	0.02652	0.01695	0.03768	0.31294	0.00838	0.19683	0.00830	0.00443	0.00964
9	0.02425	0.59637	0.04395	0.01645	0.02332	0.07693	0.01576	0.02701	0.01834	0.02114	0.01248	0.01486	0.01150	0.00836	0.00766	0.00209	0.05927	0.00508	0.00389	0.01128
10	0.01812	0.19767	0.18339	0.15305	0.03316	0.02249	0.02086	0.02319	0.01768	0.02364	0.02088	0.14210	0.02046	0.01269	0.01038	0.00288	0.07200	0.01004	0.00469	0.01065
11	0.03342	0.04264	0.02535	0.02305	0.02766	0.64967	0.01729	0.03572	0.02535	0.02190	0.01383	0.01613	0.01152	0.00922	0.00807	0.00230	0.01613	0.00576	0.00461	0.01037
12	0.07171	0.01500	0.01419	0.01315	0.01602	0.08696	0.01008	0.04884	0.02214	0.03107	0.20099	0.08293	0.16361	0.01613	0.01048	0.00279	0.05183	0.01297	0.12019	0.00893
13	0.01186	0.00850	0.01069	0.01130	0.01244	0.00794	0.00770	0.01407	0.01934	0.02626	0.24059	0.31499	0.10496	0.14705	0.01743	0.00425	0.00547	0.01954	0.00828	0.00734
14	0.02232	0.01875	0.02118	0.01811	0.02223	0.02181	0.01455	0.17202	0.23147	0.03622	0.03819	0.03787	0.13814	0.01458	0.01357	0.00313	0.14498	0.01084	0.00783	0.01222
15	0.01763	0.00952	0.00988	0.00946	0.01186	0.00978	0.00722	0.05916	0.02009	0.03425	0.02841	0.03265	0.02239	0.01333	0.03917	0.00275	0.00555	0.00838	0.64974	0.00878
16	0.01111	0.00882	0.00999	0.01026	0.01256	0.00769	0.00748	0.01366	0.02081	0.02651	0.20152	0.20558	0.38678	0.02280	0.01075	0.00310	0.00460	0.01964	0.00865	0.00769
17	0.02208	0.01796	0.02015	0.06094	0.02535	0.02051	0.01484	0.04297	0.48815	0.06621	0.03602	0.03892	0.02829	0.01305	0.00939	0.00312	0.00754	0.06235	0.00878	0.01338
18	0.01257	0.00849	0.00989	0.01032	0.01043	0.00838	0.00602	0.01290	0.01387	0.01849	0.03258	0.18775	0.03807	0.54882	0.03844	0.00763	0.00795	0.01559	0.00602	0.00580
19	0.02193	0.01720	0.02348	0.02820	0.19786	0.01811	0.01798	0.03407	0.23780	0.08848	0.03338	0.04678	0.02908	0.01398	0.00984	0.00317	0.00845	0.14969	0.00772	0.01278
20	0.01124	0.00896	0.00925	0.00925	0.01145	0.00786	0.00642	0.01289	0.01838	0.02231	0.07359	0.07858	0.46417	0.20355	0.02011	0.00456	0.00566	0.01728	0.00752	0.00697
21	0.02449	0.02560	0.03322	0.04642	0.47371	0.15201	0.02467	0.03020	0.05157	0.02812	0.01720	0.02146	0.01429	0.00844	0.00871	0.00260	0.01159	0.00762	0.00470	0.01338
22	0.22704	0.09520	0.02471	0.02118	0.06103	0.38206	0.01565	0.03181	0.02161	0.02724	0.01351	0.01590	0.01118	0.00875	0.00721	0.00242	0.01267	0.00555	0.00478	0.01052
23	0.01530	0.01131	0.01321	0.01223	0.01536	0.01103	0.00933	0.02292	0.13384	0.06324	0.35073	0.06364	0.20749	0.01788	0.01021	0.00291	0.00500	0.01537	0.00938	0.00962
24	0.02619	0.02028	0.02363	0.15274	0.03216	0.02306	0.01699	0.30204	0.16273	0.04301	0.02438	0.02575	0.01796	0.01065	0.00873	0.00277	0.00913	0.00852	0.07603	0.01324
25	0.01169	0.00812	0.01015	0.01145	0.01178	0.00779	0.00723	0.01266	0.01560	0.02079	0.04145	0.44855	0.04925	0.27275	0.02412	0.00551	0.00649	0.02081	0.00723	0.00658
26	0.01668	0.00834	0.00834	0.00834	0.01042	0.00834	0.00625	0.02085	0.01876	0.03335	0.02918	0.03335	0.02293	0.01042	0.00625	0.00208	0.00417	0.00834	0.73525	0.00834
27	0.01186	0.00911	0.01084	0.01041	0.01287	0.00810	0.00781	0.01532	0.02342	0.03136	0.41877	0.07427	0.29352	0.01998	0.01056	0.00289	0.00434	0.01722	0.00925	0.00810
28	0.12170	0.01031	0.01030	0.00960	0.01267	0.01048	0.00745	0.02396	0.01897	0.09658	0.02747	0.03042	0.02099	0.01019	0.00644	0.00225	0.00491	0.00792	0.55815	0.00924
29	0.01148	0.00835	0.00988	0.01084	0.01177	0.00777	0.00706	0.01272	0.01659	0.02143	0.05221	0.35026	0.18085	0.23151	0.02185	0.00506	0.00612	0.02006	0.00741	0.00676
30	0.03315	0.02052	0.02295	0.01786	0.02428	0.02172	0.01467	0.39179	0.03509	0.18992	0.02576	0.02517	0.01787	0.01078	0.00860	0.00262	0.00856	0.00831	0.10607	0.01430
31	0.03236	0.04009	0.07143	0.02284	0.02850	0.50300	0.01842	0.12563	0.02755	0.02791	0.01522	0.01720	0.01210	0.00941	0.00824	0.00241	0.01491	0.00619	0.00524	0.01136
32	0.01368	0.00986	0.01125	0.01109	0.01227	0.00991	0.00733	0.01709	0.07214	0.02296	0.11681	0.06253	0.09719	0.42840	0.03202	0.00653	0.00750	0.04760	0.00681	0.00702
33	0.02511	0.56753	0.04255	0.01651	0.02361	0.11774	0.01551	0.02910	0.05088	0.02204	0.01390	0.01561	0.01233	0.00810	0.00623	0.00203	0.01032	0.00520	0.00421	0.01147
34	0.01134	0.00839	0.01009	0.01124	0.01240	0.00772	0.00765	0.01292	0.01742	0.02239	0.05658	0.38481	0.20652	0.14349	0.01730	0.00439	0.00576	0.04475	0.00779	0.00706
35	0.01565	0.07691	0.13457	0.07724	0.02449	0.01663	0.01644	0.01972	0.01557	0.02181	0.02061	0.03246	0.01949	0.15713	0.25557	0.00823	0.06491	0.00897	0.00450	0.00910
36	0.02101	0.02574	0.14268	0.07727	0.41564	0.02130	0.11023	0.02756	0.02010	0.02868	0.01683	0.02195	0.01348	0.00805	0.00904	0.00276	0.01178	0.00811	0.00431	0.01350
37	0.01695	0.01456	0.02048	0.07845	0.02315	0.01845	0.01528	0.05834	0.01627	0.02341	0.01920	0.02961	0.01805	0.08650	0.29018	0.00853	0.23976	0.00899	0.00475	0.00909
38	0.06660	0.00941	0.01063	0.01073	0.01292	0.00879	0.00777	0.01509	0.02042	0.02841	0.24521	0.19602	0.24589	0.06676	0.01276	0.00345	0.00503	0.01792	0.00840	0.00779
39	0.01989	0.20274	0.41487	0.02538	0.06293	0.02457	0.07635	0.02794	0.01897	0.02660	0.01537	0.01836	0.01169	0.00818	0.00801	0.00261	0.01236	0.00656	0.00388	0.01274
40	0.15829	0.05391	0.02563	0.32053	0.10308	0.06459	0.02004	0.05263	0.06685	0.02927	0.01691	0.02155	0.01306	0.00901	0.00808	0.00280	0.01053	0.00723	0.00498	0.01101
41	0.07578	0.01574	0.07557	0.02193	0.14440	0.01323	0.01481	0.02131	0.01959	0.05896	0.11350	0.17929	0.07661	0.01809	0.03970	0.00345	0.00795	0.01348	0.07642	0.01016
42	0.02565	0.30047	0.17302	0.02172	0.05689	0.15874	0.02050	0.09623	0.02274	0.02740	0.01481	0.01695	0.01202	0.00855	0.00737	0.00233	0.01184	0.00593	0.00461	0.01221
43	0.01278	0.00959	0.01438	0.01438	0.01598	0.01118	0.01118	0.01598	0.01438	0.02077	0.02396	0.03515	0.02237	0.06710	0.65013	0.01438	0.02396	0.00959	0.00479	0.00799
44	0.01278	0.00959	0.01438	0.01438	0.01598	0.01118	0.01118	0.01598	0.01438	0.02077	0.02396	0.03515	0.02237	0.06710	0.65013	0.01438	0.02396	0.00959	0.00479	0.00799
45	0.02050	0.02039	0.03715	0.21756	0.35348	0.02116	0.14526	0.02645	0.01985	0.02737	0.01684	0.02302	0.01343	0.00815	0.00923	0.00282	0.01191	0.00850	0.00432	0.01258
46	0.01461	0.05598	0.01496	0.01279	0.01494	0.01207	0.01012	0.01805	0.01583	0.02422	0.02460	0.03323	0.02177	0.04756	0.43024	0.01017	0.01757	0.00892	0.20404	0.00832
47	0.01184	0.00933	0.01081	0.01173	0.01361	0.00878	0.00829	0.01589	0.07426	0.02470	0.06348	0.39822	0.26720	0.02454	0.01089	0.00335	0.00512	0.02156	0.00838	0.00802
48	0.01224	0.00835	0.00999	0.01075	0.01094	0.00816	0.00648	0.01281	0.01452	0.01936	0.03593	0.28628	0.04229	0.44452	0.03303	0.00683	0.00740	0.01756	0.00648	0.00610
49	0.15366	0.01767	0.02141	0.08015	0.07006	0.02042	0.01561	0.18289	0.02318	0.03573	0.01897	0.02396	0.01548	0.02301	0.15379	0.00544	0.07718	0.00779	0.04245	0.01115
50	0.15468	0.09127	0.02854	0.10545	0.19430	0.11814	0.04612	0.02756	0.01971	0.05502	0.01832	0.06880	0.01609	0.00992	0.00810	0.00268	0.01053	0.00821	0.00513	0.01142
51	0.18191	0.02058	0.17154	0.01619	0.02173	0.01536	0.01604	0.02122	0.01616	0.02735	0.02432	0.03014	0.06177	0.03556	0.29317	0.00796	0.01591	0.00845	0.00497	0.00967
52	0.08812	0.02395	0.11653	0.35326	0.10097	0.08536	0.02356	0.02700	0.04908	0.02652	0.01652	0.02177	0.01258	0.00892	0.00847	0.00284	0.01172	0.00735	0.00446	0.01105
53	0.05494	0.02269	0.12563	0.14640	0.21754	0.05967	0.02184	0.02416	0.01942	0.02711	0.07629	0.02864	0.04675	0.01208	0.01124	0.07067	0.01034	0.00868	0.00494	0.01100
54	0.10896	0.06864	0.05862	0.21459	0.14390	0.14515	0.02064	0.02665	0.01914	0.02572	0.01542	0.02148	0.01289	0.04110	0.01076	0.00300	0.04100	0.00711	0.00441	0.01081

[dist]
# distance from previous block
# <min> <max>
2	80

[block]
# block no. 6 follows, 19 sequences, length 63
# corresponding to MSA columns:
# 622-684
name=unknown_G
#
# <colnr> <probs for GDERKNQSTAVLIFYWHMCP>
#	G	D	E	R	K	N	Q	S	T	A	V	L	I	F	Y	W	H	M	C	P
0	0.07017	0.02965	0.12030	0.02131	0.05815	0.21168	0.01792	0.02790	0.02010	0.02676	0.01471	0.01789	0.01209	0.00878	0.00964	0.00228	0.07582	0.00601	0.00468	0.24416
1	0.07372	0.08648	0.02476	0.02215	0.11296	0.07044	0.01544	0.08925	0.10116	0.17218	0.08435	0.05956	0.02609	0.01156	0.00863	0.00270	0.00861	0.00944	0.00776	0.01276
2	0.02549	0.17023	0.11446	0.01853	0.02607	0.15184	0.01705	0.06213	0.08112	0.07335	0.01855	0.01973	0.01442	0.00875	0.00755	0.00222	0.01044	0.00638	0.00564	0.16606
3	0.09296	0.01455	0.01664	0.04710	0.02022	0.01471	0.01110	0.08024	0.09117	0.12223	0.08961	0.03983	0.06650	0.15411	0.01636	0.00391	0.00749	0.01036	0.00758	0.09334
4	0.07513	0.01975	0.02599	0.18282	0.12379	0.08255	0.05226	0.08049	0.02035	0.02810	0.01768	0.02402	0.01466	0.02158	0.14532	0.00529	0.05647	0.00800	0.00491	0.01082
5	0.02207	0.01683	0.01987	0.10961	0.02637	0.01826	0.01448	0.26325	0.02827	0.03712	0.03714	0.08667	0.12281	0.08238	0.01338	0.00359	0.00869	0.07057	0.00766	0.01098
6	0.03130	0.04028	0.08633	0.02491	0.06336	0.49909	0.01939	0.08239	0.02585	0.02587	0.01487	0.01720	0.01197	0.00921	0.00823	0.00241	0.01500	0.00617	0.00489	0.01128
7	0.01278	0.00959	0.01438	0.01438	0.01598	0.01118	0.01118	0.01598	0.01438	0.02077	0.02396	0.03515	0.02237	0.06710	0.65013	0.01438	0.02396	0.00959	0.00479	0.00799
8	0.02285	0.04554	0.01830	0.01613	0.02029	0.01396	0.01367	0.02988	0.11284	0.19348	0.04306	0.06647	0.06883	0.01815	0.01053	0.00342	0.00775	0.27473	0.00893	0.01116
9	0.02281	0.06520	0.23091	0.09536	0.19305	0.16202	0.05080	0.02916	0.02069	0.02627	0.01566	0.01963	0.01228	0.00848	0.00850	0.00265	0.01297	0.00699	0.00419	0.01238
10	0.01676	0.01107	0.01560	0.01473	0.01678	0.01220	0.01151	0.01980	0.01771	0.09868	0.11753	0.07915	0.03465	0.07637	0.31604	0.00879	0.07967	0.03737	0.00663	0.00895
11	0.01530	0.01167	0.01409	0.01349	0.01438	0.03983	0.00976	0.01659	0.01447	0.02049	0.02298	0.03899	0.02321	0.25123	0.21547	0.08740	0.09589	0.01000	0.07770	0.00707
12	0.01115	0.00813	0.01051	0.01192	0.01295	0.00749	0.00818	0.01321	0.01878	0.02509	0.14686	0.52103	0.11987	0.02591	0.01119	0.00344	0.00497	0.02328	0.00856	0.00749
13	0.02425	0.07957	0.24085	0.02926	0.12708	0.21751	0.06726	0.03138	0.05099	0.02648	0.01642	0.01937	0.01281	0.00870	0.00843	0.00261	0.01332	0.00691	0.00446	0.01233
14	0.02581	0.02770	0.02095	0.01930	0.02305	0.32179	0.01469	0.11588	0.02472	0.02745	0.02395	0.13582	0.02346	0.02196	0.10515	0.00447	0.01415	0.03345	0.00609	0.01015
15	0.01278	0.00959	0.01438	0.01438	0.01598	0.01118	0.01118	0.01598	0.01438	0.02077	0.02396	0.03515	0.02237	0.06710	0.65013	0.01438	0.02396	0.00959	0.00479	0.00799
16	0.02293	0.01966	0.02226	0.15779	0.03012	0.12495	0.01678	0.02700	0.04354	0.11437	0.02210	0.06821	0.01922	0.05575	0.07919	0.00453	0.14612	0.00937	0.00579	0.01033
17	0.01218	0.00918	0.01150	0.01293	0.01459	0.00871	0.00973	0.01552	0.04352	0.02473	0.05767	0.37363	0.18462	0.02532	0.01137	0.00359	0.00588	0.15916	0.00832	0.00786
18	0.01484	0.00875	0.01029	0.01029	0.01180	0.00919	0.00742	0.01786	0.01635	0.02654	0.02755	0.03916	0.02480	0.16839	0.19032	0.00683	0.01052	0.00966	0.38181	0.00763
19	0.01590	0.00850	0.00910	0.00903	0.01099	0.00852	0.00671	0.01982	0.01889	0.03215	0.08730	0.03791	0.02938	0.04565	0.04457	0.00315	0.00549	0.00939	0.58935	0.00819
20	0.02157	0.02044	0.03468	0.05205	0.58420	0.02044	0.02648	0.02679	0.02039	0.02905	0.01911	0.02802	0.01695	0.00922	0.00912	0.00277	0.01045	0.04985	0.00471	0.01373
21	0.02112	0.02413	0.05279	0.03771	0.04676	0.02262	0.59729	0.02866	0.02112	0.02866	0.01810	0.02413	0.01357	0.00754	0.01056	0.00302	0.01508	0.01056	0.00452	0.01207
22	0.01210	0.00880	0.01164	0.01333	0.01469	0.00834	0.01012	0.01472	0.01909	0.02507	0.08976	0.39619	0.11494	0.02581	0.01158	0.00367	0.00604	0.19806	0.00838	0.00768
23	0.01316	0.00946	0.01379	0.01379	0.01543	0.01090	0.01070	0.01645	0.01481	0.02200	0.02448	0.03497	0.02242	0.06154	0.58697	0.01317	0.02202	0.00946	0.07645	0.00802
24	0.03342	0.04264	0.02535	0.02305	0.02766	0.64967	0.01729	0.03572	0.02535	0.02190	0.01383	0.01613	0.01152	0.00922	0.00807	0.00230	0.01613	0.00576	0.00461	0.01037
25	0.01600	0.01437	0.02054	0.01873	0.01950	0.01890	0.01514	0.01852	0.01417	0.02123	0.01913	0.05592	0.01882	0.04035	0.31996	0.00881	0.33713	0.00943	0.00452	0.00883
26	0.01287	0.00862	0.00980	0.00993	0.00996	0.00858	0.00561	0.01297	0.01327	0.01770	0.02954	0.09840	0.03424	0.64339	0.04335	0.00835	0.00845	0.01381	0.00561	0.00554
27	0.01640	0.01196	0.01391	0.01386	0.01697	0.01200	0.01076	0.02457	0.16546	0.07322	0.05679	0.19643	0.21234	0.02071	0.01059	0.00333	0.00619	0.11601	0.00870	0.00981
28	0.03257	0.10365	0.02768	0.02193	0.02721	0.49791	0.01705	0.11786	0.02711	0.02689	0.01482	0.01675	0.01206	0.00929	0.00797	0.00232	0.01456	0.00600	0.00517	0.01119
29	0.09827	0.02634	0.02974	0.03683	0.31720	0.16114	0.02139	0.14289	0.02528	0.03407	0.01666	0.01994	0.01335	0.00883	0.00838	0.00260	0.01132	0.00719	0.00548	0.01310
30	0.01121	0.00906	0.01009	0.01071	0.01321	0.00793	0.00820	0.01366	0.01993	0.02437	0.07777	0.17733	0.45263	0.02378	0.01098	0.00328	0.00520	0.10474	0.00830	0.00762
31	0.01676	0.01151	0.01277	0.01191	0.01550	0.01073	0.00908	0.05283	0.07770	0.10417	0.06883	0.15437	0.37922	0.02030	0.01026	0.00306	0.00555	0.01713	0.00877	0.00953
32	0.01301	0.00867	0.00976	0.00976	0.00976	0.00867	0.00542	0.01301	0.01301	0.01735	0.02819	0.05855	0.03253	0.68559	0.04554	0.00867	0.00867	0.01301	0.00542	0.00542
33	0.01823	0.07714	0.61088	0.02501	0.03797	0.02148	0.03221	0.02826	0.01885	0.02798	0.01588	0.01867	0.01134	0.00846	0.00837	0.00279	0.01305	0.00652	0.00378	0.01314
34	0.02225	0.01922	0.02023	0.01821	0.02326	0.02225	0.01416	0.04754	0.61361	0.03742	0.03641	0.03338	0.02731	0.01214	0.00910	0.00303	0.00708	0.01011	0.00910	0.01416
35	0.02275	0.20873	0.06742	0.03870	0.32035	0.05093	0.11356	0.02784	0.02002	0.02654	0.01566	0.01992	0.01310	0.00789	0.00822	0.00250	0.01137	0.00735	0.00426	0.01290
36	0.02464	0.02599	0.03389	0.04786	0.49642	0.16043	0.02520	0.02929	0.02147	0.02760	0.01616	0.02081	0.01358	0.00825	0.00868	0.00258	0.01185	0.00748	0.00447	0.01333
37	0.01925	0.11570	0.48166	0.02875	0.12549	0.02251	0.03020	0.02803	0.01903	0.02764	0.01576	0.01886	0.01178	0.00832	0.00824	0.00270	0.01242	0.00661	0.00388	0.01317
38	0.02392	0.69097	0.04688	0.01531	0.02296	0.03540	0.01531	0.02679	0.01818	0.02105	0.01244	0.01435	0.01148	0.00765	0.00574	0.00191	0.00957	0.00478	0.00383	0.01148
39	0.01139	0.00853	0.01069	0.01222	0.01365	0.00784	0.00891	0.01355	0.01855	0.02383	0.05981	0.42983	0.20639	0.02608	0.01135	0.00355	0.00552	0.11251	0.00829	0.00750
40	0.01630	0.01417	0.02032	0.01845	0.01913	0.01858	0.01485	0.01820	0.01378	0.02061	0.01729	0.02692	0.01662	0.03895	0.29248	0.08179	0.33027	0.00857	0.00428	0.00844
