[name]
unknown

[dist]
# distance from previous block
# <min> <max>
0	0

[block]
# block no. 0 follows, 21 sequences, length 79
# corresponding to MSA columns:
# 0-78
name=unknown_A
#
# <colnr> <probs for GDERKNQSTAVLIFYWHMCP>
#	G	D	E	R	K	N	Q	S	T	A	V	L	I	F	Y	W	H	M	C	P
0	0.01371	0.00980	0.01371	0.01567	0.01763	0.00980	0.01371	0.01763	0.01959	0.02547	0.04506	0.09599	0.04898	0.02351	0.01175	0.00392	0.00784	0.59056	0.00784	0.00784
1	0.02275	0.70604	0.04459	0.01456	0.02184	0.03367	0.01456	0.02548	0.01729	0.02002	0.01183	0.01365	0.01092	0.00728	0.00546	0.00182	0.00910	0.00455	0.00364	0.01092
2	0.01006	0.00862	0.00862	0.00862	0.01149	0.00718	0.00647	0.01221	0.01940	0.02299	0.08621	0.08190	0.64438	0.02155	0.01006	0.00287	0.00431	0.01796	0.00790	0.00718
3	0.01586	0.00793	0.00793	0.00793	0.00991	0.00793	0.00595	0.01983	0.01785	0.03173	0.02776	0.03173	0.02181	0.00991	0.00595	0.00198	0.00397	0.00793	0.74817	0.00793
4	0.01006	0.00862	0.00862	0.00862	0.01149	0.00718	0.00647	0.01221	0.01940	0.02299	0.08621	0.08190	0.64438	0.02155	0.01006	0.00287	0.00431	0.01796	0.00790	0.00718
5	0.03222	0.02767	0.02521	0.02012	0.02637	0.17320	0.01624	0.48523	0.03637	0.04611	0.01876	0.01927	0.01367	0.00988	0.00832	0.00247	0.01074	0.00716	0.00757	0.01342
6	0.01933	0.01981	0.02596	0.02232	0.02256	0.06082	0.01850	0.02121	0.01363	0.02050	0.01128	0.01844	0.01116	0.01456	0.02683	0.00364	0.64900	0.00734	0.00376	0.00934
7	0.01068	0.00753	0.00978	0.01146	0.01188	0.00712	0.00748	0.01193	0.01569	0.02093	0.04383	0.59763	0.05241	0.12968	0.01582	0.00419	0.00544	0.02239	0.00748	0.00664
8	0.01216	0.00912	0.01368	0.01368	0.01520	0.01064	0.01064	0.01520	0.01368	0.01976	0.02279	0.03343	0.02127	0.06382	0.66720	0.01368	0.02279	0.00912	0.00456	0.00760
9	0.03179	0.04056	0.02412	0.02192	0.02631	0.66676	0.01644	0.03398	0.02412	0.02083	0.01315	0.01535	0.01096	0.00877	0.00767	0.00219	0.01535	0.00548	0.00438	0.00987
10	0.01607	0.01513	0.02552	0.68047	0.05861	0.01891	0.02363	0.02174	0.01702	0.02174	0.01513	0.02269	0.01134	0.00851	0.00851	0.00284	0.01134	0.00756	0.00378	0.00945
11	0.02009	0.02296	0.05022	0.03587	0.04448	0.02152	0.61693	0.02726	0.02009	0.02726	0.01722	0.02296	0.01291	0.00717	0.01004	0.00287	0.01435	0.01004	0.00430	0.01148
12	0.01036	0.00863	0.00904	0.00894	0.01168	0.00731	0.00670	0.01280	0.02011	0.02469	0.17133	0.07910	0.55820	0.02092	0.01005	0.00284	0.00427	0.01757	0.00813	0.00731
13	0.02361	0.02578	0.02973	0.14845	0.35239	0.22413	0.02264	0.02786	0.02048	0.02458	0.01496	0.01953	0.01233	0.00811	0.00820	0.00247	0.01197	0.00692	0.00419	0.01166
14	0.02106	0.02022	0.03454	0.05223	0.64784	0.02022	0.02612	0.02612	0.01938	0.02780	0.01601	0.02106	0.01348	0.00758	0.00842	0.00253	0.01011	0.00758	0.00421	0.01348
15	0.03182	0.03953	0.02420	0.02178	0.02631	0.62733	0.01643	0.07003	0.02509	0.02285	0.01360	0.01566	0.01118	0.00886	0.00773	0.00221	0.01498	0.00562	0.00464	0.01015
16	0.01019	0.00851	0.00888	0.00904	0.01164	0.00720	0.00668	0.01238	0.01934	0.02344	0.11100	0.14029	0.55855	0.02183	0.01013	0.00292	0.00436	0.01843	0.00798	0.00720
17	0.01037	0.00741	0.00987	0.01185	0.01234	0.00691	0.00790	0.01185	0.01629	0.02172	0.04690	0.69537	0.05629	0.02666	0.01086	0.00346	0.00494	0.02419	0.00790	0.00691
18	0.02009	0.02296	0.05022	0.03587	0.04448	0.02152	0.61693	0.02726	0.02009	0.02726	0.01722	0.02296	0.01291	0.00717	0.01004	0.00287	0.01435	0.01004	0.00430	0.01148
19	0.02275	0.70604	0.04459	0.01456	0.02184	0.03367	0.01456	0.02548	0.01729	0.02002	0.01183	0.01365	0.01092	0.00728	0.00546	0.00182	0.00910	0.00455	0.00364	0.01092
20	0.01137	0.00840	0.01062	0.01064	0.01245	0.00765	0.00776	0.01454	0.02165	0.02969	0.42663	0.20576	0.16119	0.02008	0.01022	0.00288	0.00426	0.01773	0.00882	0.00765
21	0.01238	0.00825	0.00928	0.00928	0.00928	0.00825	0.00516	0.01238	0.01238	0.01650	0.02681	0.05569	0.03094	0.70092	0.04331	0.00825	0.00825	0.01238	0.00516	0.00516
22	0.01216	0.00912	0.01368	0.01368	0.01520	0.01064	0.01064	0.01520	0.01368	0.01976	0.02279	0.03343	0.02127	0.06382	0.66720	0.01368	0.02279	0.00912	0.00456	0.00760
23	0.02106	0.02022	0.03454	0.05223	0.64784	0.02022	0.02612	0.02612	0.01938	0.02780	0.01601	0.02106	0.01348	0.00758	0.00842	0.00253	0.01011	0.00758	0.00421	0.01348
24	0.01035	0.00747	0.00981	0.01168	0.01230	0.00693	0.00783	0.01187	0.01645	0.02179	0.04892	0.66388	0.08647	0.02640	0.01082	0.00343	0.00491	0.02387	0.00790	0.00693
25	0.01707	0.04402	0.65683	0.02426	0.03683	0.01976	0.03144	0.02695	0.01797	0.02695	0.01527	0.01797	0.01078	0.00809	0.00809	0.00270	0.01258	0.00629	0.00359	0.01258
26	0.03136	0.07232	0.02509	0.02157	0.02610	0.63654	0.01635	0.03358	0.02379	0.02079	0.01309	0.01527	0.01096	0.00870	0.00757	0.00217	0.01505	0.00544	0.00435	0.00992
27	0.01180	0.00870	0.01158	0.01173	0.01295	0.00928	0.00845	0.01381	0.01430	0.01949	0.03408	0.09612	0.10904	0.22085	0.36801	0.01006	0.01521	0.01229	0.00541	0.00686
28	0.02232	0.65556	0.09128	0.01530	0.02299	0.03261	0.01585	0.02559	0.01734	0.02055	0.01209	0.01398	0.01091	0.00734	0.00566	0.00189	0.00937	0.00468	0.00364	0.01105
29	0.02937	0.06730	0.02534	0.02165	0.02550	0.54023	0.01669	0.03153	0.02211	0.02074	0.01279	0.01577	0.01099	0.00964	0.01067	0.00241	0.11743	0.00574	0.00425	0.00983
30	0.01707	0.04402	0.65683	0.02426	0.03683	0.01976	0.03144	0.02695	0.01797	0.02695	0.01527	0.01797	0.01078	0.00809	0.00809	0.00270	0.01258	0.00629	0.00359	0.01258
31	0.06517	0.18206	0.31437	0.02821	0.17267	0.02297	0.04930	0.02633	0.01801	0.02632	0.01455	0.01768	0.01142	0.00774	0.00749	0.00247	0.01095	0.00625	0.00388	0.01217
32	0.01238	0.00825	0.00928	0.00928	0.00928	0.00825	0.00516	0.01238	0.01238	0.01650	0.02681	0.05569	0.03094	0.70092	0.04331	0.00825	0.00825	0.01238	0.00516	0.00516
33	0.01037	0.00741	0.00987	0.01185	0.01234	0.00691	0.00790	0.01185	0.01629	0.02172	0.04690	0.69537	0.05629	0.02666	0.01086	0.00346	0.00494	0.02419	0.00790	0.00691
34	0.01586	0.00793	0.00793	0.00793	0.00991	0.00793	0.00595	0.01983	0.01785	0.03173	0.02776	0.03173	0.02181	0.00991	0.00595	0.00198	0.00397	0.00793	0.74817	0.00793
35	0.01238	0.00825	0.00928	0.00928	0.00928	0.00825	0.00516	0.01238	0.01238	0.01650	0.02681	0.05569	0.03094	0.70092	0.04331	0.00825	0.00825	0.01238	0.00516	0.00516
36	0.02275	0.70604	0.04459	0.01456	0.02184	0.03367	0.01456	0.02548	0.01729	0.02002	0.01183	0.01365	0.01092	0.00728	0.00546	0.00182	0.00910	0.00455	0.00364	0.01092
37	0.01192	0.00869	0.01121	0.01058	0.01264	0.00798	0.00793	0.01582	0.02380	0.03344	0.60904	0.06470	0.11503	0.01765	0.01004	0.00269	0.00403	0.01555	0.00928	0.00798
38	0.03179	0.04056	0.02412	0.02192	0.02631	0.66676	0.01644	0.03398	0.02412	0.02083	0.01315	0.01535	0.01096	0.00877	0.00767	0.00219	0.01535	0.00548	0.00438	0.00987
39	0.03078	0.02103	0.02349	0.01833	0.02423	0.02319	0.01511	0.45429	0.03426	0.12584	0.02196	0.02224	0.01562	0.01059	0.00980	0.00261	0.06023	0.00778	0.06501	0.01358
40	0.02983	0.02141	0.02285	0.01780	0.02387	0.02357	0.01461	0.52784	0.03663	0.05029	0.02155	0.02216	0.01559	0.01017	0.00812	0.00247	0.00854	0.00770	0.12152	0.01347
41	0.76103	0.01646	0.01251	0.01119	0.01646	0.01909	0.00922	0.02502	0.01448	0.03818	0.01185	0.01382	0.00922	0.00790	0.00527	0.00263	0.00658	0.00461	0.00527	0.00922
42	0.03195	0.03563	0.02454	0.02123	0.02633	0.47819	0.01636	0.20639	0.02880	0.03049	0.01530	0.01684	0.01200	0.00920	0.00792	0.00230	0.01359	0.00612	0.00560	0.01122
43	0.01114	0.00800	0.01056	0.01132	0.01251	0.00743	0.00796	0.01378	0.01988	0.02742	0.32107	0.40495	0.06732	0.02240	0.01048	0.00310	0.00451	0.02015	0.00857	0.00743
44	0.01062	0.00759	0.01017	0.01214	0.01275	0.00713	0.00834	0.01229	0.01655	0.02201	0.04676	0.64950	0.05573	0.02642	0.01093	0.00349	0.00516	0.06753	0.00789	0.00698
45	0.01204	0.00870	0.01138	0.01071	0.01271	0.00803	0.00803	0.01606	0.02409	0.03413	0.64335	0.06357	0.08030	0.01740	0.01004	0.00268	0.00401	0.01539	0.00937	0.00803
46	0.02842	0.01232	0.01662	0.01349	0.01836	0.01084	0.01084	0.03198	0.02426	0.42236	0.26128	0.04189	0.04318	0.01310	0.00911	0.00265	0.00604	0.01111	0.01010	0.01207
47	0.03179	0.01827	0.02091	0.01631	0.02231	0.01891	0.01338	0.33379	0.03137	0.25177	0.02596	0.02502	0.01781	0.01028	0.00814	0.00249	0.00783	0.00800	0.12220	0.01348
48	0.02635	0.02086	0.02216	0.01837	0.02411	0.02359	0.01472	0.31146	0.35778	0.04396	0.02805	0.02650	0.02064	0.01093	0.00859	0.00273	0.00795	0.00871	0.00859	0.01393
49	0.02106	0.02022	0.03454	0.05223	0.64784	0.02022	0.02612	0.02612	0.01938	0.02780	0.01601	0.02106	0.01348	0.00758	0.00842	0.00253	0.01011	0.00758	0.00421	0.01348
50	0.02361	0.02025	0.02057	0.01792	0.02307	0.05065	0.01408	0.14601	0.50105	0.03813	0.03118	0.02903	0.02328	0.01119	0.00859	0.00280	0.00758	0.00909	0.00844	0.01349
51	0.02727	0.02151	0.02666	0.02654	0.16234	0.02380	0.01813	0.39663	0.03139	0.04281	0.01893	0.02143	0.01452	0.01409	0.06038	0.00349	0.06211	0.00774	0.00690	0.01333
52	0.01080	0.00765	0.00969	0.01114	0.01163	0.00722	0.00723	0.01198	0.01557	0.02063	0.04425	0.52650	0.07728	0.17519	0.01799	0.00449	0.00564	0.02130	0.00729	0.00654
53	0.01216	0.00912	0.01368	0.01368	0.01520	0.01064	0.01064	0.01520	0.01368	0.01976	0.02279	0.03343	0.02127	0.06382	0.66720	0.01368	0.02279	0.00912	0.00456	0.00760
54	0.01238	0.00825	0.00928	0.00928	0.00928	0.00825	0.00516	0.01238	0.01238	0.01650	0.02681	0.05569	0.03094	0.70092	0.04331	0.00825	0.00825	0.01238	0.00516	0.00516
55	0.01238	0.00825	0.00928	0.00928	0.00928	0.00825	0.00516	0.01238	0.01238	0.01650	0.02681	0.05569	0.03094	0.70092	0.04331	0.00825	0.00825	0.01238	0.00516	0.00516
56	0.02278	0.02555	0.02545	0.02221	0.02359	0.22835	0.01793	0.02474	0.01653	0.02059	0.01180	0.01759	0.01111	0.01296	0.02153	0.00324	0.47381	0.00683	0.00393	0.00948
57	0.01023	0.00863	0.00886	0.00880	0.01160	0.00726	0.00660	0.01254	0.01980	0.02395	0.13426	0.08032	0.59574	0.02119	0.01006	0.00286	0.00429	0.01774	0.00803	0.00726
58	0.01030	0.00767	0.00960	0.01114	0.01216	0.00697	0.00758	0.01193	0.01698	0.02200	0.05558	0.56002	0.18604	0.02553	0.01068	0.00333	0.00480	0.02282	0.00790	0.00697
59	0.02328	0.01933	0.02044	0.01775	0.02294	0.02216	0.01398	0.15396	0.52027	0.03901	0.03195	0.02961	0.02380	0.01129	0.00863	0.00282	0.00723	0.00925	0.00863	0.01366
60	0.76103	0.01646	0.01251	0.01119	0.01646	0.01909	0.00922	0.02502	0.01448	0.03818	0.01185	0.01382	0.00922	0.00790	0.00527	0.00263	0.00658	0.00461	0.00527	0.00922
61	0.02117	0.01828	0.01924	0.01732	0.02213	0.02117	0.01347	0.04522	0.63246	0.03560	0.03464	0.03175	0.02598	0.01155	0.00866	0.00289	0.00673	0.00962	0.00866	0.01347
62	0.01037	0.00741	0.00987	0.01185	0.01234	0.00691	0.00790	0.01185	0.01629	0.02172	0.04690	0.69537	0.05629	0.02666	0.01086	0.00346	0.00494	0.02419	0.00790	0.00691
63	0.01037	0.00741	0.00987	0.01185	0.01234	0.00691	0.00790	0.01185	0.01629	0.02172	0.04690	0.69537	0.05629	0.02666	0.01086	0.00346	0.00494	0.02419	0.00790	0.00691
64	0.01128	0.00849	0.01103	0.01161	0.01326	0.00824	0.00866	0.01394	0.01820	0.02431	0.16829	0.24345	0.18213	0.03166	0.15540	0.00546	0.00878	0.06094	0.00745	0.00742
65	0.01896	0.03082	0.27674	0.03153	0.04162	0.02086	0.39830	0.02714	0.01929	0.02714	0.01649	0.02109	0.01212	0.00751	0.00931	0.00280	0.01369	0.00864	0.00404	0.01189
66	0.01379	0.01141	0.01639	0.01546	0.01647	0.01428	0.01215	0.01627	0.01340	0.01965	0.02024	0.03166	0.01959	0.10672	0.45390	0.01073	0.18670	0.00898	0.00440	0.00781
67	0.02335	0.02105	0.01614	0.01456	0.01813	0.21931	0.01114	0.09969	0.07420	0.03129	0.02283	0.02518	0.01784	0.00973	0.00703	0.00219	0.00845	0.00727	0.36081	0.00981
68	0.01216	0.00912	0.01368	0.01368	0.01520	0.01064	0.01064	0.01520	0.01368	0.01976	0.02279	0.03343	0.02127	0.06382	0.66720	0.01368	0.02279	0.00912	0.00456	0.00760
69	0.01360	0.00996	0.01410	0.01373	0.01560	0.01146	0.01072	0.05265	0.01552	0.02249	0.02292	0.03254	0.02089	0.05760	0.59077	0.01236	0.02095	0.00896	0.04514	0.00804
70	0.02909	0.17770	0.02918	0.02271	0.07294	0.48533	0.01679	0.03161	0.02233	0.02119	0.01310	0.01543	0.01115	0.00837	0.00727	0.00214	0.01364	0.00545	0.00422	0.01036
71	0.01707	0.04402	0.65683	0.02426	0.03683	0.01976	0.03144	0.02695	0.01797	0.02695	0.01527	0.01797	0.01078	0.00809	0.00809	0.00270	0.01258	0.00629	0.00359	0.01258
72	0.02218	0.03435	0.26528	0.03322	0.22759	0.18130	0.06207	0.02846	0.02008	0.02571	0.01510	0.01860	0.01181	0.00804	0.00821	0.00253	0.01260	0.00673	0.00403	0.01212
73	0.01849	0.18921	0.36560	0.02539	0.13089	0.02206	0.02479	0.02535	0.01815	0.02520	0.02003	0.02237	0.05974	0.00885	0.00769	0.00248	0.01075	0.00699	0.00403	0.01193
74	0.02293	0.02438	0.02816	0.06255	0.32715	0.19308	0.02087	0.02837	0.06669	0.02527	0.01689	0.02123	0.01414	0.01293	0.05954	0.00339	0.04890	0.00728	0.00458	0.01167
75	0.01583	0.03042	0.37914	0.02443	0.12327	0.01650	0.02384	0.02285	0.01823	0.02576	0.03150	0.03350	0.15163	0.01441	0.04916	0.00339	0.01101	0.00924	0.00470	0.01122
76	0.12397	0.14393	0.22179	0.02392	0.11313	0.12654	0.02106	0.08235	0.02060	0.02895	0.01448	0.01692	0.01133	0.00816	0.00729	0.00243	0.01099	0.00595	0.00450	0.01171
77	0.02138	0.07401	0.02447	0.16352	0.05621	0.16845	0.01712	0.07632	0.01951	0.02376	0.01614	0.02261	0.01402	0.04650	0.12306	0.00474	0.10657	0.00730	0.00452	0.00977
78	0.01432	0.01218	0.01867	0.02573	0.23676	0.01177	0.01424	0.01742	0.01855	0.02545	0.11031	0.33489	0.08889	0.01843	0.00984	0.00299	0.00661	0.01680	0.00677	0.00939

[dist]
# distance from previous block
# <min> <max>
51	156

[block]
# block no. 1 follows, 21 sequences, length 7
# corresponding to MSA columns:
# 266-272
name=unknown_B
#
# <colnr> <probs for GDERKNQSTAVLIFYWHMCP>
#	G	D	E	R	K	N	Q	S	T	A	V	L	I	F	Y	W	H	M	C	P
0	0.01821	0.01192	0.01460	0.01555	0.07835	0.01261	0.01047	0.09065	0.06884	0.03078	0.02409	0.02876	0.01949	0.01795	0.07874	0.09949	0.00783	0.00805	0.35451	0.00913
1	0.02155	0.11227	0.07211	0.01640	0.02070	0.24976	0.01390	0.02505	0.01996	0.02412	0.08118	0.02594	0.02148	0.01900	0.12018	0.00417	0.01264	0.00745	0.12284	0.00934
2	0.02528	0.30914	0.11379	0.01901	0.02554	0.21204	0.01773	0.08810	0.02132	0.02459	0.01348	0.01576	0.01129	0.00869	0.00844	0.00226	0.06255	0.00558	0.00435	0.01107
3	0.01633	0.01637	0.01499	0.01601	0.05774	0.14993	0.01116	0.01894	0.02011	0.02394	0.09727	0.18643	0.21684	0.01814	0.00961	0.00284	0.00758	0.06940	0.00690	0.03946
4	0.20417	0.02546	0.02289	0.07715	0.10604	0.21380	0.01632	0.15076	0.02390	0.06106	0.01578	0.01798	0.01207	0.00876	0.00748	0.00249	0.01065	0.00630	0.00565	0.01129
5	0.11778	0.21735	0.15767	0.01913	0.06472	0.05984	0.01752	0.07238	0.01929	0.02775	0.04564	0.02065	0.01582	0.01560	0.09151	0.00379	0.01144	0.00653	0.00471	0.01087
6	0.02261	0.05672	0.09205	0.01467	0.02022	0.01452	0.01323	0.07671	0.06972	0.20531	0.18227	0.04249	0.12682	0.01340	0.00891	0.00265	0.00690	0.01111	0.00835	0.01135

[dist]
# distance from previous block
# <min> <max>
4	83

[block]
# block no. 2 follows, 21 sequences, length 30
# corresponding to MSA columns:
# 356-385
name=unknown_C
#
# <colnr> <probs for GDERKNQSTAVLIFYWHMCP>
#	G	D	E	R	K	N	Q	S	T	A	V	L	I	F	Y	W	H	M	C	P
0	0.02618	0.02567	0.02076	0.01750	0.02282	0.28500	0.01359	0.08282	0.02254	0.08710	0.01756	0.02004	0.01401	0.01535	0.09064	0.00347	0.01251	0.00632	0.00556	0.21057
1	0.02439	0.14453	0.02371	0.01738	0.02186	0.35107	0.01366	0.02865	0.07773	0.02249	0.02978	0.05620	0.13136	0.01186	0.00796	0.00237	0.01103	0.00876	0.00544	0.00976
2	0.02311	0.02179	0.08160	0.02102	0.09731	0.14265	0.01585	0.02873	0.07730	0.14494	0.03455	0.09026	0.10170	0.01361	0.00901	0.00278	0.00917	0.06671	0.00691	0.01101
3	0.02155	0.17175	0.13066	0.02235	0.12145	0.04646	0.01782	0.02935	0.11916	0.09311	0.07933	0.06633	0.02396	0.01067	0.00804	0.00253	0.00878	0.00879	0.00608	0.01183
4	0.01724	0.36691	0.02844	0.01275	0.01765	0.02225	0.01157	0.01967	0.01782	0.02127	0.04216	0.04192	0.26972	0.01371	0.00911	0.00240	0.06048	0.01026	0.00539	0.00927
5	0.02198	0.15808	0.03503	0.03151	0.22544	0.12677	0.12896	0.02626	0.01926	0.02429	0.01553	0.02000	0.01314	0.01276	0.06852	0.00336	0.01253	0.00712	0.00421	0.04524
6	0.02557	0.03336	0.10711	0.02199	0.05548	0.38470	0.01762	0.03226	0.11691	0.02437	0.02020	0.08463	0.01780	0.01079	0.00823	0.00251	0.01237	0.00815	0.00528	0.01067
7	0.22073	0.01908	0.01906	0.01642	0.02078	0.14321	0.07008	0.02500	0.01857	0.08506	0.06038	0.02815	0.05932	0.02191	0.15147	0.00500	0.01236	0.00818	0.00575	0.00949
8	0.02602	0.02955	0.02370	0.02533	0.13811	0.37890	0.01676	0.06478	0.02404	0.02640	0.11549	0.02747	0.02412	0.01058	0.00840	0.00242	0.01193	0.03003	0.00553	0.01044
9	0.01824	0.10313	0.29789	0.05052	0.05467	0.09011	0.02145	0.02518	0.04888	0.02472	0.02614	0.05801	0.09189	0.01322	0.03739	0.00310	0.01115	0.00867	0.00474	0.01090
10	0.01422	0.01175	0.01636	0.01969	0.13796	0.01232	0.01182	0.01631	0.01566	0.02118	0.03472	0.07802	0.13113	0.26114	0.08706	0.00590	0.07148	0.03983	0.00550	0.00797
11	0.01973	0.02127	0.15615	0.01615	0.02213	0.01649	0.01532	0.14530	0.07831	0.03304	0.02318	0.06883	0.01955	0.05268	0.01056	0.00278	0.03041	0.00861	0.15253	0.10698
12	0.10213	0.20973	0.29065	0.01962	0.02792	0.02471	0.02162	0.07710	0.01870	0.02788	0.01392	0.01667	0.01102	0.00890	0.00963	0.00258	0.09556	0.00591	0.00423	0.01152
13	0.02749	0.03215	0.03133	0.03026	0.14749	0.37544	0.13673	0.06928	0.02346	0.02555	0.01497	0.01826	0.01205	0.00832	0.00834	0.00241	0.01377	0.00692	0.00460	0.01117
14	0.01719	0.01236	0.01430	0.01354	0.01576	0.01286	0.00971	0.18849	0.02234	0.02986	0.03487	0.36094	0.03866	0.16770	0.01720	0.00423	0.00694	0.01683	0.00748	0.00873
15	0.01838	0.01532	0.01988	0.02186	0.12653	0.04446	0.04095	0.13631	0.02186	0.02900	0.03139	0.28543	0.03369	0.08378	0.01300	0.00353	0.00811	0.04997	0.00679	0.00976
16	0.01791	0.01979	0.15554	0.04673	0.02351	0.01480	0.01566	0.04634	0.15202	0.07897	0.12476	0.14760	0.05843	0.01416	0.00905	0.00280	0.00751	0.01214	0.00725	0.04502
17	0.09446	0.16500	0.16984	0.05039	0.07980	0.16381	0.11037	0.02778	0.01923	0.02525	0.01414	0.01732	0.01125	0.00790	0.00754	0.00243	0.01194	0.00633	0.00410	0.01111
18	0.02819	0.03355	0.02511	0.02743	0.16056	0.47379	0.01773	0.03115	0.02259	0.02321	0.01493	0.01789	0.01237	0.00860	0.00770	0.00225	0.01331	0.00613	0.06301	0.01050
19	0.02236	0.26665	0.02656	0.01517	0.02004	0.23942	0.01267	0.02487	0.02012	0.02190	0.03055	0.03126	0.15671	0.01126	0.00730	0.00220	0.00971	0.00820	0.06359	0.00947
20	0.02474	0.01680	0.01792	0.01471	0.01930	0.01820	0.01180	0.35506	0.03016	0.04334	0.02490	0.06860	0.01995	0.01117	0.00770	0.00240	0.00705	0.00884	0.28583	0.01153
21	0.02134	0.01689	0.01947	0.01710	0.06964	0.01616	0.01252	0.22118	0.02565	0.03573	0.03110	0.03174	0.13404	0.01079	0.00791	0.00214	0.00715	0.00872	0.04097	0.26978
22	0.01445	0.00941	0.01145	0.01049	0.01307	0.00869	0.00783	0.01777	0.01995	0.05991	0.28081	0.05002	0.09964	0.08509	0.06391	0.00384	0.00629	0.01212	0.14880	0.07647
23	0.02722	0.03227	0.02464	0.02681	0.15203	0.44922	0.01746	0.03015	0.02198	0.02267	0.01521	0.01878	0.01284	0.01319	0.06296	0.00321	0.01438	0.00633	0.03832	0.01033
24	0.05654	0.46871	0.14051	0.01708	0.02471	0.12359	0.01736	0.02695	0.01828	0.02210	0.01259	0.01462	0.01083	0.00766	0.00621	0.00205	0.01047	0.00497	0.00382	0.01096
25	0.02138	0.33492	0.03424	0.02387	0.15780	0.09212	0.01690	0.02456	0.01762	0.02179	0.01458	0.01889	0.01314	0.01695	0.11287	0.00401	0.05340	0.00621	0.00399	0.01074
26	0.03022	0.02808	0.02347	0.01939	0.02470	0.24504	0.01520	0.35892	0.03185	0.03873	0.01855	0.02211	0.01486	0.07687	0.01161	0.00298	0.01132	0.00737	0.00677	0.01198
27	0.01418	0.01425	0.07512	0.01272	0.01681	0.01148	0.01095	0.04839	0.09556	0.03013	0.24411	0.08324	0.24057	0.01661	0.00946	0.00272	0.00568	0.01412	0.00793	0.04596
28	0.01833	0.01696	0.02826	0.10440	0.45184	0.01724	0.02179	0.02260	0.01832	0.02568	0.02185	0.14243	0.02158	0.03907	0.01028	0.00295	0.00924	0.01073	0.00486	0.01159
29	0.01704	0.01241	0.01511	0.07810	0.02025	0.01276	0.01121	0.15091	0.02267	0.05716	0.04502	0.32755	0.15698	0.01947	0.00984	0.00304	0.00653	0.01693	0.00775	0.00925

[dist]
# distance from previous block
# <min> <max>
0	1

[block]
# block no. 3 follows, 21 sequences, length 27
# corresponding to MSA columns:
# 387-413
name=unknown_D
#
# <colnr> <probs for GDERKNQSTAVLIFYWHMCP>
#	G	D	E	R	K	N	Q	S	T	A	V	L	I	F	Y	W	H	M	C	P
0	0.02805	0.03392	0.02343	0.02107	0.02441	0.49250	0.01618	0.03029	0.02144	0.02149	0.01373	0.01711	0.01173	0.01009	0.01167	0.00249	0.15072	0.00604	0.05401	0.00962
1	0.02106	0.02022	0.03454	0.05223	0.64784	0.02022	0.02612	0.02612	0.01938	0.02780	0.01601	0.02106	0.01348	0.00758	0.00842	0.00253	0.01011	0.00758	0.00421	0.01348
2	0.01607	0.01513	0.02552	0.68047	0.05861	0.01891	0.02363	0.02174	0.01702	0.02174	0.01513	0.02269	0.01134	0.00851	0.00851	0.00284	0.01134	0.00756	0.00378	0.00945
3	0.02107	0.02009	0.03354	0.04996	0.60704	0.02028	0.02529	0.02736	0.05935	0.02831	0.01722	0.02176	0.01429	0.00784	0.00844	0.00255	0.00989	0.00772	0.00450	0.01348
4	0.01743	0.01731	0.01867	0.01694	0.01834	0.12920	0.04196	0.01917	0.01637	0.02079	0.05398	0.16755	0.02878	0.18928	0.02301	0.00445	0.19122	0.01227	0.00536	0.00792
5	0.05176	0.01567	0.01731	0.01480	0.01898	0.01665	0.01142	0.20517	0.13261	0.10233	0.06242	0.10720	0.07404	0.11411	0.01393	0.00358	0.00729	0.01158	0.00807	0.01107
6	0.02355	0.01789	0.02319	0.02534	0.17932	0.01852	0.01613	0.25985	0.02700	0.06788	0.02650	0.19326	0.02515	0.01360	0.00900	0.00273	0.00818	0.01180	0.00722	0.04391
7	0.01411	0.01061	0.01272	0.01255	0.01497	0.01006	0.00908	0.09392	0.02030	0.02733	0.07239	0.43664	0.11156	0.02131	0.00994	0.00300	0.00556	0.01886	0.00775	0.08735
8	0.02106	0.02022	0.03454	0.05223	0.64784	0.02022	0.02612	0.02612	0.01938	0.02780	0.01601	0.02106	0.01348	0.00758	0.00842	0.00253	0.01011	0.00758	0.00421	0.01348
9	0.43582	0.02355	0.13801	0.01579	0.02283	0.02106	0.01519	0.17558	0.02159	0.03996	0.01467	0.01628	0.01084	0.00852	0.00662	0.00262	0.00842	0.00570	0.00577	0.01118
10	0.02192	0.02412	0.03892	0.02933	0.03641	0.10725	0.38460	0.03269	0.17535	0.02851	0.02108	0.02417	0.01595	0.00849	0.00938	0.00278	0.01256	0.00933	0.00542	0.01177
11	0.02269	0.02357	0.03380	0.04653	0.51565	0.12195	0.05834	0.02742	0.02016	0.02667	0.01563	0.02027	0.01305	0.00775	0.00840	0.00249	0.01118	0.00739	0.00424	0.01280
12	0.02026	0.01304	0.01560	0.01418	0.01791	0.01293	0.01142	0.15626	0.02488	0.12411	0.10097	0.14298	0.15380	0.01806	0.00995	0.00304	0.00669	0.13526	0.00855	0.01010
13	0.02040	0.01954	0.03334	0.13579	0.56947	0.02005	0.02579	0.02554	0.01906	0.02700	0.01589	0.02128	0.01320	0.00771	0.00844	0.00257	0.01027	0.00758	0.00416	0.01294
14	0.02092	0.02054	0.03283	0.13430	0.53906	0.05169	0.02531	0.02592	0.01930	0.02666	0.01575	0.02100	0.01307	0.00776	0.00840	0.00255	0.01053	0.00748	0.00416	0.01277
15	0.01346	0.01032	0.01296	0.01119	0.01460	0.00887	0.00855	0.01742	0.02246	0.03251	0.48462	0.05197	0.06319	0.01459	0.00909	0.00232	0.00459	0.01278	0.00827	0.19624
16	0.02106	0.02022	0.03454	0.05223	0.64784	0.02022	0.02612	0.02612	0.01938	0.02780	0.01601	0.02106	0.01348	0.00758	0.00842	0.00253	0.01011	0.00758	0.00421	0.01348
17	0.02106	0.02022	0.03454	0.05223	0.64784	0.02022	0.02612	0.02612	0.01938	0.02780	0.01601	0.02106	0.01348	0.00758	0.00842	0.00253	0.01011	0.00758	0.00421	0.01348
18	0.02000	0.01794	0.02783	0.38695	0.20071	0.02075	0.02286	0.11628	0.02102	0.02820	0.01599	0.02173	0.01236	0.00885	0.00941	0.00276	0.04290	0.00758	0.00463	0.01125
19	0.02817	0.02079	0.02308	0.01836	0.02407	0.02313	0.01503	0.49423	0.03455	0.04661	0.02092	0.02313	0.01588	0.02133	0.14503	0.00486	0.01215	0.00796	0.00769	0.01305
20	0.01943	0.01856	0.03160	0.25735	0.45546	0.01979	0.02531	0.02469	0.01861	0.02582	0.01572	0.02159	0.01278	0.00788	0.00845	0.00263	0.01051	0.00758	0.00407	0.01217
21	0.01747	0.01698	0.02924	0.02717	0.12394	0.04389	0.20627	0.02210	0.01729	0.02427	0.01930	0.02655	0.01649	0.02868	0.25168	0.00674	0.04960	0.00886	0.05353	0.00996
22	0.02586	0.02142	0.02463	0.02486	0.15007	0.05423	0.01666	0.29108	0.14446	0.03959	0.02202	0.02464	0.01727	0.05532	0.01067	0.00291	0.00909	0.00809	0.00707	0.05005
23	0.02070	0.15203	0.04136	0.02724	0.03357	0.05357	0.32153	0.02554	0.01816	0.02421	0.01465	0.01969	0.01207	0.00882	0.01259	0.00274	0.15207	0.00801	0.00410	0.04736
24	0.02005	0.01918	0.03271	0.18007	0.52794	0.01995	0.02561	0.02523	0.01890	0.02657	0.01583	0.02139	0.01305	0.00777	0.00844	0.00259	0.01036	0.00758	0.00412	0.01266
25	0.09600	0.03315	0.02353	0.02062	0.02499	0.43037	0.01599	0.12832	0.02462	0.02777	0.01401	0.01642	0.01141	0.00962	0.00988	0.00246	0.08927	0.00598	0.00507	0.01051
26	0.05071	0.01513	0.01893	0.01576	0.02041	0.01519	0.04150	0.17489	0.05210	0.14533	0.16061	0.12374	0.03706	0.01427	0.00917	0.00275	0.00707	0.04078	0.00845	0.04616

[dist]
# distance from previous block
# <min> <max>
0	3

[block]
# block no. 4 follows, 21 sequences, length 17
# corresponding to MSA columns:
# 417-433
name=unknown_E
#
# <colnr> <probs for GDERKNQSTAVLIFYWHMCP>
#	G	D	E	R	K	N	Q	S	T	A	V	L	I	F	Y	W	H	M	C	P
0	0.03194	0.03603	0.02450	0.02129	0.02633	0.49346	0.01637	0.19243	0.02842	0.02971	0.01512	0.01672	0.01191	0.00916	0.00790	0.00229	0.01373	0.00607	0.00550	0.01111
1	0.01708	0.01548	0.02559	0.32850	0.23354	0.01719	0.02209	0.02215	0.01836	0.02451	0.02239	0.03930	0.02080	0.01172	0.00924	0.00299	0.01014	0.14372	0.00486	0.01034
2	0.07779	0.02647	0.02051	0.01823	0.02246	0.28936	0.01398	0.18668	0.02569	0.03100	0.02160	0.13734	0.02043	0.01585	0.05142	0.00329	0.01177	0.00954	0.00619	0.01040
3	0.34774	0.01393	0.01471	0.01304	0.01716	0.01481	0.04887	0.06156	0.01856	0.03292	0.08427	0.14454	0.12932	0.01423	0.00794	0.00282	0.00642	0.01159	0.00665	0.00891
4	0.02052	0.34076	0.34340	0.01976	0.02946	0.06568	0.02295	0.02672	0.01804	0.02347	0.01360	0.01587	0.01085	0.00777	0.00688	0.00227	0.01119	0.00546	0.00366	0.01167
5	0.02968	0.19597	0.02890	0.02020	0.02527	0.51891	0.01600	0.03200	0.02252	0.02064	0.01285	0.01495	0.01095	0.00842	0.00716	0.00211	0.01389	0.00526	0.00421	0.01011
6	0.02035	0.01611	0.02090	0.02309	0.16595	0.01613	0.01465	0.05298	0.19783	0.08409	0.10422	0.03540	0.08824	0.01145	0.00857	0.00252	0.00705	0.00987	0.00729	0.11332
7	0.02817	0.03298	0.02246	0.02036	0.02489	0.44699	0.01543	0.03781	0.23120	0.02586	0.02047	0.02093	0.01607	0.00971	0.00801	0.00243	0.01242	0.00689	0.00584	0.01109
8	0.03078	0.03732	0.02315	0.02085	0.02524	0.58157	0.01574	0.07134	0.02474	0.02369	0.01459	0.01676	0.01190	0.00894	0.00761	0.00220	0.01421	0.00578	0.05355	0.01004
9	0.02313	0.01648	0.01849	0.01554	0.02019	0.01755	0.01233	0.23691	0.15716	0.09222	0.17798	0.07340	0.07394	0.01380	0.00913	0.00273	0.00682	0.01150	0.00885	0.01188
10	0.01971	0.01884	0.03210	0.22225	0.48838	0.01986	0.02545	0.02493	0.01874	0.02616	0.01577	0.02150	0.01290	0.00783	0.00845	0.00261	0.01044	0.00758	0.00410	0.01239
11	0.22013	0.02644	0.02049	0.01742	0.02274	0.23688	0.01378	0.22706	0.02663	0.03653	0.02036	0.02131	0.05590	0.00992	0.00750	0.00248	0.01028	0.00686	0.00625	0.01106
12	0.02071	0.01986	0.03391	0.09644	0.60638	0.02013	0.02594	0.02581	0.01921	0.02738	0.01595	0.02118	0.01333	0.00765	0.00843	0.00255	0.01020	0.00758	0.00418	0.01320
13	0.02789	0.03425	0.02285	0.02082	0.02442	0.51855	0.01584	0.03017	0.02168	0.02065	0.01431	0.01814	0.01240	0.01692	0.10049	0.00391	0.07670	0.00616	0.00435	0.00950
14	0.03183	0.03948	0.02421	0.02177	0.02631	0.62551	0.01643	0.07170	0.02514	0.02294	0.01362	0.01567	0.01119	0.00886	0.00773	0.00222	0.01496	0.00562	0.00465	0.01016
15	0.01977	0.35852	0.36598	0.01965	0.02971	0.02637	0.02342	0.02625	0.01765	0.02366	0.01364	0.01592	0.01085	0.00770	0.00684	0.00228	0.01093	0.00546	0.00362	0.01179
16	0.08147	0.01641	0.01477	0.01301	0.01699	0.09073	0.01016	0.15152	0.02449	0.03251	0.10868	0.04950	0.27853	0.01519	0.00876	0.00262	0.00688	0.01215	0.05621	0.00942

[dist]
# distance from previous block
# <min> <max>
0	1

[block]
# block no. 5 follows, 21 sequences, length 94
# corresponding to MSA columns:
# 435-528
name=unknown_F
#
# <colnr> <probs for GDERKNQSTAVLIFYWHMCP>
#	G	D	E	R	K	N	Q	S	T	A	V	L	I	F	Y	W	H	M	C	P
0	0.05712	0.02269	0.02138	0.01796	0.02310	0.13444	0.01428	0.27223	0.12158	0.03745	0.02113	0.02310	0.01648	0.01908	0.12108	0.00439	0.01206	0.00758	0.00684	0.04603
1	0.09334	0.02780	0.02443	0.02059	0.02525	0.26452	0.04873	0.18162	0.05669	0.03185	0.01641	0.01899	0.01307	0.01230	0.03915	0.00309	0.09856	0.00684	0.00567	0.01110
2	0.01950	0.01863	0.03172	0.24868	0.46359	0.01981	0.02534	0.02475	0.01864	0.02591	0.01573	0.02157	0.01281	0.00787	0.00845	0.00262	0.01050	0.00758	0.00408	0.01222
3	0.02015	0.01929	0.03289	0.16730	0.53991	0.01998	0.02566	0.02532	0.01894	0.02669	0.01585	0.02136	0.01309	0.00775	0.00844	0.00258	0.01034	0.00758	0.00413	0.01274
4	0.02743	0.02779	0.02204	0.01909	0.02382	0.29444	0.01487	0.21254	0.08178	0.03225	0.02195	0.02382	0.04384	0.01730	0.09493	0.00391	0.01320	0.00758	0.00623	0.01119
5	0.02137	0.01495	0.01722	0.01467	0.01955	0.01497	0.01160	0.08282	0.21602	0.12556	0.11307	0.06887	0.07299	0.01307	0.00876	0.00260	0.00642	0.03567	0.00831	0.13151
6	0.01755	0.24079	0.32107	0.01832	0.02698	0.02144	0.02119	0.02362	0.01810	0.02412	0.02674	0.03233	0.10319	0.01106	0.00787	0.00255	0.00993	0.05765	0.00458	0.01090
7	0.02226	0.64832	0.09798	0.01541	0.02315	0.03246	0.01603	0.02561	0.01735	0.02063	0.01213	0.01403	0.01091	0.00735	0.00569	0.00190	0.00940	0.00470	0.00364	0.01107
8	0.02550	0.14566	0.03224	0.03407	0.30042	0.27228	0.02040	0.02905	0.02085	0.02377	0.01419	0.01758	0.01207	0.00799	0.00763	0.00228	0.01196	0.00625	0.00418	0.01165
9	0.01592	0.01050	0.01174	0.01125	0.01292	0.01079	0.00777	0.11202	0.01901	0.02719	0.03078	0.19690	0.03225	0.27216	0.02150	0.00477	0.00667	0.01342	0.17473	0.00771
10	0.01726	0.06789	0.23232	0.02517	0.17658	0.01640	0.02017	0.02305	0.01802	0.02711	0.02222	0.11072	0.01994	0.01077	0.00788	0.00254	0.00879	0.00922	0.17305	0.01089
11	0.02292	0.64589	0.07094	0.01533	0.02272	0.06221	0.01540	0.02594	0.01764	0.02037	0.01205	0.01392	0.01092	0.00739	0.00568	0.00188	0.00954	0.00467	0.00367	0.01095
12	0.01707	0.04402	0.65683	0.02426	0.03683	0.01976	0.03144	0.02695	0.01797	0.02695	0.01527	0.01797	0.01078	0.00809	0.00809	0.00270	0.01258	0.00629	0.00359	0.01258
13	0.03129	0.03961	0.02460	0.02334	0.05538	0.63652	0.01690	0.03361	0.02389	0.02115	0.01329	0.01561	0.01108	0.00871	0.00771	0.00221	0.01510	0.00558	0.00438	0.01003
14	0.01772	0.01345	0.02058	0.02643	0.24151	0.01322	0.01529	0.02146	0.01933	0.09272	0.12505	0.07374	0.11211	0.02345	0.14045	0.00488	0.01037	0.01141	0.00641	0.01041
15	0.01431	0.01201	0.01726	0.01611	0.01718	0.01529	0.01291	0.01703	0.01365	0.02049	0.01941	0.02878	0.01817	0.04641	0.44153	0.01010	0.22685	0.00855	0.03580	0.00814
16	0.01006	0.00862	0.00862	0.00862	0.01149	0.00718	0.00647	0.01221	0.01940	0.02299	0.08621	0.08190	0.64438	0.02155	0.01006	0.00287	0.00431	0.01796	0.00790	0.00718
17	0.02041	0.01955	0.03336	0.13492	0.57029	0.02005	0.02579	0.02554	0.01907	0.02700	0.01589	0.02128	0.01320	0.00770	0.00844	0.00257	0.01027	0.00758	0.00416	0.01295
18	0.02106	0.02022	0.03454	0.05223	0.64784	0.02022	0.02612	0.02612	0.01938	0.02780	0.01601	0.02106	0.01348	0.00758	0.00842	0.00253	0.01011	0.00758	0.00421	0.01348
19	0.01126	0.00879	0.01037	0.01087	0.01317	0.00790	0.00851	0.01408	0.01999	0.02539	0.17107	0.13668	0.35800	0.02172	0.01051	0.00313	0.00511	0.14783	0.00814	0.00746
20	0.01788	0.01943	0.04107	0.03042	0.03719	0.01821	0.47891	0.02377	0.01923	0.02601	0.02394	0.17534	0.02274	0.01159	0.01023	0.00300	0.01221	0.01325	0.00512	0.01044
21	0.01238	0.00825	0.00928	0.00928	0.00928	0.00825	0.00516	0.01238	0.01238	0.01650	0.02681	0.05569	0.03094	0.70092	0.04331	0.00825	0.00825	0.01238	0.00516	0.00516
22	0.01006	0.00862	0.00862	0.00862	0.01149	0.00718	0.00647	0.01221	0.01940	0.02299	0.08621	0.08190	0.64438	0.02155	0.01006	0.00287	0.00431	0.01796	0.00790	0.00718
23	0.02106	0.02022	0.03454	0.05223	0.64784	0.02022	0.02612	0.02612	0.01938	0.02780	0.01601	0.02106	0.01348	0.00758	0.00842	0.00253	0.01011	0.00758	0.00421	0.01348
24	0.08002	0.03581	0.02361	0.02097	0.02542	0.51532	0.01606	0.09642	0.02454	0.02555	0.01374	0.01599	0.01124	0.00923	0.00881	0.00235	0.05397	0.00578	0.00485	0.01029
25	0.02275	0.70604	0.04459	0.01456	0.02184	0.03367	0.01456	0.02548	0.01729	0.02002	0.01183	0.01365	0.01092	0.00728	0.00546	0.00182	0.00910	0.00455	0.00364	0.01092
26	0.01973	0.02813	0.24150	0.04293	0.44463	0.02007	0.02789	0.02639	0.01891	0.02752	0.01576	0.02003	0.01258	0.00775	0.00831	0.00258	0.01093	0.00715	0.00401	0.01318
27	0.01236	0.00905	0.01336	0.01336	0.01491	0.01049	0.01038	0.01545	0.01391	0.02042	0.02307	0.03334	0.02130	0.06085	0.63071	0.01303	0.02176	0.00905	0.04559	0.00762
28	0.01033	0.00757	0.00971	0.01142	0.01223	0.00695	0.00771	0.01190	0.01670	0.02189	0.05208	0.61463	0.13369	0.02599	0.01076	0.00338	0.00485	0.02337	0.00790	0.00695
29	0.01037	0.00741	0.00987	0.01185	0.01234	0.00691	0.00790	0.01185	0.01629	0.02172	0.04690	0.69537	0.05629	0.02666	0.01086	0.00346	0.00494	0.02419	0.00790	0.00691
30	0.06020	0.00844	0.00820	0.00813	0.01030	0.00860	0.00614	0.02014	0.01765	0.03211	0.02681	0.03066	0.02106	0.00979	0.00591	0.00202	0.00412	0.00773	0.70396	0.00801
31	0.01134	0.00909	0.01018	0.00983	0.01246	0.00816	0.00740	0.01523	0.04938	0.02790	0.30064	0.07246	0.39648	0.01948	0.00999	0.00280	0.00431	0.01658	0.00851	0.00780
32	0.03160	0.02346	0.02512	0.01943	0.02610	0.02604	0.01599	0.58091	0.07978	0.05242	0.02139	0.02119	0.01524	0.01031	0.00852	0.00258	0.00919	0.00779	0.00852	0.01441
33	0.02321	0.02416	0.03155	0.04411	0.48661	0.14926	0.02343	0.02882	0.05680	0.02687	0.01655	0.02056	0.01372	0.00806	0.00829	0.00248	0.01095	0.00728	0.00451	0.01276
34	0.01607	0.01513	0.02552	0.68047	0.05861	0.01891	0.02363	0.02174	0.01702	0.02174	0.01513	0.02269	0.01134	0.00851	0.00851	0.00284	0.01134	0.00756	0.00378	0.00945
35	0.01216	0.00912	0.01368	0.01368	0.01520	0.01064	0.01064	0.01520	0.01368	0.01976	0.02279	0.03343	0.02127	0.06382	0.66720	0.01368	0.02279	0.00912	0.00456	0.00760
36	0.01030	0.00768	0.00959	0.01112	0.01215	0.00697	0.00757	0.01193	0.01700	0.02201	0.05581	0.55634	0.18956	0.02550	0.01068	0.00332	0.00480	0.02278	0.00790	0.00697
37	0.01761	0.01641	0.02078	0.01857	0.01988	0.06102	0.01503	0.05481	0.01562	0.02218	0.01666	0.02464	0.01553	0.03446	0.28985	0.00767	0.32790	0.00802	0.00440	0.00894
38	0.01006	0.00862	0.00862	0.00862	0.01149	0.00718	0.00647	0.01221	0.01940	0.02299	0.08621	0.08190	0.64438	0.02155	0.01006	0.00287	0.00431	0.01796	0.00790	0.00718
39	0.01222	0.00885	0.01232	0.01232	0.01337	0.00990	0.00894	0.01432	0.01327	0.01875	0.02404	0.04031	0.02426	0.26081	0.47430	0.01200	0.01830	0.01013	0.00474	0.00684
40	0.02089	0.02071	0.03733	0.04933	0.54071	0.02045	0.13101	0.02632	0.01950	0.02771	0.01622	0.02140	0.01338	0.00751	0.00871	0.00259	0.01086	0.00802	0.00423	0.01312
41	0.01029	0.00870	0.00895	0.00908	0.01189	0.00735	0.00693	0.01256	0.01941	0.02315	0.08356	0.08281	0.60597	0.02168	0.01017	0.00294	0.00454	0.05490	0.00790	0.00723
42	0.01883	0.01538	0.01185	0.01135	0.01351	0.15729	0.00818	0.02167	0.01826	0.02647	0.02428	0.03241	0.02103	0.13631	0.01319	0.00318	0.00733	0.00819	0.44342	0.00786
43	0.02275	0.03040	0.16552	0.03786	0.32792	0.17717	0.06302	0.02828	0.02027	0.02589	0.01524	0.01914	0.01226	0.00795	0.00827	0.00250	0.01218	0.00696	0.00413	0.01228
44	0.01487	0.01083	0.01411	0.01332	0.01515	0.01210	0.00995	0.09400	0.01681	0.02338	0.02352	0.03745	0.02287	0.22083	0.41985	0.01082	0.01728	0.00977	0.00523	0.00787
45	0.01897	0.01508	0.01778	0.01277	0.02027	0.01142	0.01024	0.02272	0.01808	0.06812	0.01632	0.01838	0.01315	0.00658	0.00645	0.00135	0.00636	0.00527	0.00540	0.70530
46	0.01006	0.00862	0.00862	0.00862	0.01149	0.00718	0.00647	0.01221	0.01940	0.02299	0.08621	0.08190	0.64438	0.02155	0.01006	0.00287	0.00431	0.01796	0.00790	0.00718
47	0.02029	0.01765	0.02153	0.14421	0.08244	0.02018	0.01623	0.07576	0.38816	0.03279	0.03149	0.03136	0.05819	0.01114	0.00868	0.00282	0.00792	0.00942	0.00731	0.01241
48	0.01607	0.01513	0.02552	0.68047	0.05861	0.01891	0.02363	0.02174	0.01702	0.02174	0.01513	0.02269	0.01134	0.00851	0.00851	0.00284	0.01134	0.00756	0.00378	0.00945
49	0.01006	0.00862	0.00862	0.00862	0.01149	0.00718	0.00647	0.01221	0.01940	0.02299	0.08621	0.08190	0.64438	0.02155	0.01006	0.00287	0.00431	0.01796	0.00790	0.00718
50	0.01083	0.00865	0.00969	0.00943	0.01197	0.00751	0.00708	0.01371	0.02123	0.02733	0.30344	0.07475	0.42445	0.01993	0.01005	0.00280	0.00420	0.01696	0.00847	0.00751
51	0.01263	0.00897	0.01295	0.01295	0.01453	0.01030	0.01005	0.01578	0.01420	0.02127	0.02342	0.03322	0.02134	0.05702	0.58373	0.01220	0.02042	0.00897	0.09843	0.00764
52	0.01074	0.00854	0.00975	0.01052	0.01271	0.00756	0.00800	0.01303	0.01873	0.02311	0.07046	0.22327	0.41216	0.02304	0.01052	0.00318	0.00504	0.11453	0.00789	0.00723
53	0.02275	0.70604	0.04459	0.01456	0.02184	0.03367	0.01456	0.02548	0.01729	0.02002	0.01183	0.01365	0.01092	0.00728	0.00546	0.00182	0.00910	0.00455	0.00364	0.01092
54	0.01067	0.00762	0.01022	0.01219	0.01282	0.00717	0.00842	0.01237	0.01659	0.02206	0.04674	0.64183	0.05563	0.02638	0.01094	0.00350	0.00520	0.07479	0.00789	0.00699
55	0.01081	0.00772	0.01038	0.01235	0.01304	0.00729	0.00866	0.01261	0.01673	0.02222	0.04666	0.61648	0.05532	0.02625	0.01098	0.00352	0.00532	0.09874	0.00789	0.00703
56	0.01241	0.00893	0.01276	0.01276	0.01410	0.01016	0.00964	0.01510	0.01375	0.02004	0.02362	0.03626	0.02258	0.14447	0.54574	0.01227	0.01976	0.00948	0.04888	0.00730
57	0.01037	0.00741	0.00987	0.01185	0.01234	0.00691	0.00790	0.01185	0.01629	0.02172	0.04690	0.69537	0.05629	0.02666	0.01086	0.00346	0.00494	0.02419	0.00790	0.00691
58	0.01586	0.00793	0.00793	0.00793	0.00991	0.00793	0.00595	0.01983	0.01785	0.03173	0.02776	0.03173	0.02181	0.00991	0.00595	0.00198	0.00397	0.00793	0.74817	0.00793
59	0.01150	0.00847	0.00864	0.00860	0.01122	0.00741	0.00645	0.01419	0.01935	0.02569	0.10889	0.06935	0.46692	0.01865	0.00913	0.00266	0.00421	0.01552	0.17576	0.00741
60	0.76103	0.01646	0.01251	0.01119	0.01646	0.01909	0.00922	0.02502	0.01448	0.03818	0.01185	0.01382	0.00922	0.00790	0.00527	0.00263	0.00658	0.00461	0.00527	0.00922
61	0.01007	0.00855	0.00869	0.00880	0.01154	0.00717	0.00654	0.01219	0.01923	0.02292	0.08404	0.11575	0.61194	0.02183	0.01010	0.00291	0.00435	0.01830	0.00790	0.00717
62	0.01707	0.04402	0.65683	0.02426	0.03683	0.01976	0.03144	0.02695	0.01797	0.02695	0.01527	0.01797	0.01078	0.00809	0.00809	0.00270	0.01258	0.00629	0.00359	0.01258
63	0.02117	0.01828	0.01924	0.01732	0.02213	0.02117	0.01347	0.04522	0.63246	0.03560	0.03464	0.03175	0.02598	0.01155	0.00866	0.00289	0.00673	0.00962	0.00866	0.01347
64	0.01045	0.00864	0.00917	0.00903	0.01174	0.00735	0.00678	0.01297	0.02033	0.02519	0.19653	0.07827	0.53269	0.02073	0.01005	0.00283	0.00425	0.01745	0.00819	0.00735
65	0.01006	0.00862	0.00862	0.00862	0.01149	0.00718	0.00647	0.01221	0.01940	0.02299	0.08621	0.08190	0.64438	0.02155	0.01006	0.00287	0.00431	0.01796	0.00790	0.00718
66	0.03235	0.02384	0.02554	0.01958	0.02639	0.02639	0.01618	0.61946	0.04001	0.05363	0.02043	0.02043	0.01447	0.01022	0.00851	0.00255	0.00936	0.00766	0.00851	0.01447
67	0.06951	0.19349	0.18619	0.03008	0.23326	0.10009	0.02239	0.02703	0.01878	0.02556	0.01421	0.01737	0.01163	0.00779	0.00733	0.00236	0.01086	0.00609	0.00401	0.01194
68	0.02060	0.06555	0.03387	0.04722	0.56502	0.02051	0.02434	0.02537	0.01887	0.02676	0.01616	0.02136	0.01381	0.01119	0.05071	0.00320	0.01086	0.00748	0.00420	0.01293
69	0.01037	0.00741	0.00987	0.01185	0.01234	0.00691	0.00790	0.01185	0.01629	0.02172	0.04690	0.69537	0.05629	0.02666	0.01086	0.00346	0.00494	0.02419	0.00790	0.00691
70	0.01238	0.00825	0.00928	0.00928	0.00928	0.00825	0.00516	0.01238	0.01238	0.01650	0.02681	0.05569	0.03094	0.70092	0.04331	0.00825	0.00825	0.01238	0.00516	0.00516
71	0.01192	0.00806	0.00942	0.00986	0.00998	0.00795	0.00578	0.01226	0.01326	0.01768	0.03137	0.20065	0.03668	0.54812	0.03596	0.00716	0.00750	0.01505	0.00578	0.00555
72	0.01765	0.01513	0.01765	0.01260	0.02017	0.01134	0.01008	0.02143	0.01765	0.02773	0.01513	0.01765	0.01260	0.00630	0.00630	0.00126	0.00630	0.00504	0.00504	0.75295
73	0.01586	0.00793	0.00793	0.00793	0.00991	0.00793	0.00595	0.01983	0.01785	0.03173	0.02776	0.03173	0.02181	0.00991	0.00595	0.00198	0.00397	0.00793	0.74817	0.00793
74	0.01238	0.00825	0.00928	0.00928	0.00928	0.00825	0.00516	0.01238	0.01238	0.01650	0.02681	0.05569	0.03094	0.70092	0.04331	0.00825	0.00825	0.01238	0.00516	0.00516
75	0.01238	0.00825	0.00928	0.00928	0.00928	0.00825	0.00516	0.01238	0.01238	0.01650	0.02681	0.05569	0.03094	0.70092	0.04331	0.00825	0.00825	0.01238	0.00516	0.00516
