[name]
unknown

[dist]
# distance from previous block
# <min> <max>
0	0

[block]
# block no. 0 follows, 22 sequences, length 49
# corresponding to MSA columns:
# 0-48
name=unknown_A
#
# <colnr> <probs for GDERKNQSTAVLIFYWHMCP>
#	G	D	E	R	K	N	Q	S	T	A	V	L	I	F	Y	W	H	M	C	P
0	0.01339	0.00956	0.01339	0.01530	0.01721	0.00956	0.01339	0.01721	0.01912	0.02486	0.04399	0.09371	0.04781	0.02295	0.01147	0.00382	0.00765	0.60031	0.00765	0.00765
1	0.02159	0.63853	0.11264	0.01527	0.02295	0.03136	0.01605	0.02504	0.01695	0.02030	0.01192	0.01379	0.01065	0.00719	0.00562	0.00187	0.00926	0.00463	0.00355	0.01084
2	0.01899	0.01663	0.02267	0.02820	0.23756	0.01785	0.01742	0.03170	0.28830	0.02992	0.02989	0.04156	0.02625	0.01258	0.00906	0.00292	0.00794	0.14187	0.00679	0.01191
3	0.20747	0.02554	0.06411	0.09069	0.17759	0.21120	0.01801	0.02822	0.05559	0.02747	0.01475	0.01776	0.01176	0.00817	0.00725	0.00246	0.01059	0.00612	0.00459	0.01066
4	0.02261	0.02389	0.03086	0.08513	0.47577	0.16724	0.02321	0.02695	0.01981	0.02523	0.01494	0.01941	0.01247	0.00772	0.00806	0.00241	0.01110	0.00694	0.00412	0.01211
5	0.01018	0.00843	0.00891	0.00879	0.01144	0.00717	0.00659	0.01262	0.01978	0.02446	0.18944	0.07663	0.54631	0.02029	0.00981	0.00277	0.00415	0.01707	0.00798	0.00717
6	0.01193	0.00864	0.01205	0.01205	0.01309	0.00968	0.00877	0.01400	0.01297	0.01832	0.02344	0.03920	0.02362	0.25751	0.48381	0.01175	0.01796	0.00986	0.00463	0.00670
7	0.01009	0.00736	0.00951	0.01123	0.01196	0.00678	0.00756	0.01161	0.01623	0.02134	0.04991	0.63572	0.11918	0.02549	0.01052	0.00331	0.00475	0.02296	0.00771	0.00678
8	0.01723	0.01477	0.01723	0.01230	0.01969	0.01107	0.00984	0.02092	0.01723	0.02707	0.01477	0.01723	0.01230	0.00615	0.00615	0.00123	0.00615	0.00492	0.00492	0.75883
9	0.02020	0.02460	0.13597	0.03360	0.32548	0.08789	0.02149	0.02533	0.01876	0.02625	0.01499	0.01862	0.01224	0.00730	0.00758	0.00215	0.00991	0.00635	0.00423	0.19707
10	0.19589	0.10573	0.02321	0.01814	0.02305	0.42140	0.01425	0.06380	0.02158	0.02587	0.01281	0.01475	0.01051	0.00829	0.00678	0.00222	0.01207	0.00518	0.00462	0.00985
11	0.01045	0.00844	0.00929	0.00908	0.01161	0.00728	0.00681	0.01314	0.02042	0.02597	0.26852	0.07414	0.46629	0.01972	0.00981	0.00274	0.00411	0.01672	0.00818	0.00728
12	0.02243	0.01462	0.01902	0.16651	0.02799	0.01581	0.01425	0.03327	0.23515	0.19645	0.13221	0.03346	0.02971	0.01129	0.00862	0.00271	0.00728	0.00960	0.00798	0.01164
13	0.01012	0.00723	0.00964	0.01157	0.01205	0.00675	0.00771	0.01157	0.01591	0.02121	0.04579	0.70262	0.05495	0.02603	0.01060	0.00337	0.00482	0.02362	0.00771	0.00675
14	0.01723	0.01477	0.01723	0.01230	0.01969	0.01107	0.00984	0.02092	0.01723	0.02707	0.01477	0.01723	0.01230	0.00615	0.00615	0.00123	0.00615	0.00492	0.00492	0.75883
15	0.01549	0.00774	0.00774	0.00774	0.00968	0.00774	0.00581	0.01936	0.01742	0.03097	0.02710	0.03097	0.02129	0.00968	0.00581	0.00194	0.00387	0.00774	0.75416	0.00774
16	0.02056	0.01974	0.03372	0.05099	0.65622	0.01974	0.02550	0.02550	0.01892	0.02714	0.01563	0.02056	0.01316	0.00740	0.00822	0.00247	0.00987	0.00740	0.00411	0.01316
17	0.01012	0.00723	0.00964	0.01157	0.01205	0.00675	0.00771	0.01157	0.01591	0.02121	0.04579	0.70262	0.05495	0.02603	0.01060	0.00337	0.00482	0.02362	0.00771	0.00675
18	0.02056	0.01974	0.03372	0.05099	0.65622	0.01974	0.02550	0.02550	0.01892	0.02714	0.01563	0.02056	0.01316	0.00740	0.00822	0.00247	0.00987	0.00740	0.00411	0.01316
19	0.01443	0.00722	0.01082	0.01082	0.01082	0.00722	0.00722	0.01082	0.01082	0.01443	0.01443	0.02525	0.01443	0.02886	0.03247	0.75830	0.00722	0.00722	0.00361	0.00361
20	0.03109	0.01492	0.01859	0.01508	0.02082	0.01439	0.01219	0.04011	0.20212	0.44845	0.03565	0.03166	0.05370	0.01111	0.00846	0.00265	0.00678	0.00912	0.00962	0.01349
21	0.01176	0.00849	0.01110	0.01045	0.01241	0.00784	0.00784	0.01568	0.02352	0.03331	0.65184	0.06206	0.07839	0.01698	0.00980	0.00261	0.00392	0.01502	0.00914	0.00784
22	0.02221	0.71304	0.04353	0.01421	0.02132	0.03287	0.01421	0.02488	0.01688	0.01955	0.01155	0.01333	0.01066	0.00711	0.00533	0.00178	0.00888	0.00444	0.00355	0.01066
23	0.02940	0.16449	0.02725	0.02007	0.02487	0.55566	0.01571	0.03163	0.02231	0.02019	0.01260	0.01467	0.01069	0.00829	0.00709	0.00207	0.01385	0.00518	0.00415	0.00982
24	0.03103	0.03959	0.02354	0.02140	0.02568	0.67469	0.01605	0.03317	0.02354	0.02033	0.01284	0.01498	0.01070	0.00856	0.00749	0.00214	0.01498	0.00535	0.00428	0.00963
25	0.03048	0.02272	0.02431	0.01889	0.02534	0.02525	0.01552	0.56957	0.09981	0.05058	0.02134	0.02106	0.01526	0.01010	0.00832	0.00253	0.00888	0.00767	0.00832	0.01403
26	0.01192	0.00897	0.01134	0.01209	0.01429	0.00839	0.00996	0.01523	0.02003	0.02597	0.19057	0.08244	0.24297	0.02104	0.01059	0.00324	0.00576	0.28973	0.00800	0.00749
27	0.01156	0.00848	0.01083	0.01025	0.01229	0.00776	0.00768	0.01530	0.02305	0.03222	0.59471	0.06386	0.13620	0.01739	0.00980	0.00263	0.00395	0.01528	0.00900	0.00776
28	0.03105	0.02301	0.02463	0.01901	0.02556	0.02552	0.01566	0.60026	0.06818	0.05150	0.02062	0.02048	0.01467	0.01004	0.00832	0.00251	0.00902	0.00757	0.00832	0.01408
29	0.02978	0.02099	0.02280	0.01772	0.02361	0.02293	0.01436	0.52231	0.03508	0.08737	0.02146	0.02431	0.01633	0.08762	0.01209	0.00312	0.00889	0.00805	0.00807	0.01312
30	0.03103	0.03959	0.02354	0.02140	0.02568	0.67469	0.01605	0.03317	0.02354	0.02033	0.01284	0.01498	0.01070	0.00856	0.00749	0.00214	0.01498	0.00535	0.00428	0.00963
31	0.01961	0.02241	0.04902	0.03501	0.04342	0.02101	0.62605	0.02661	0.01961	0.02661	0.01681	0.02241	0.01261	0.00700	0.00980	0.00280	0.01401	0.00980	0.00420	0.01120
32	0.00982	0.00842	0.00842	0.00842	0.01122	0.00701	0.00631	0.01192	0.01894	0.02244	0.08416	0.07995	0.65285	0.02104	0.00982	0.00281	0.00421	0.01753	0.00771	0.00701
33	0.00982	0.00842	0.00842	0.00842	0.01122	0.00701	0.00631	0.01192	0.01894	0.02244	0.08416	0.07995	0.65285	0.02104	0.00982	0.00281	0.00421	0.01753	0.00771	0.00701
34	0.03727	0.01414	0.01928	0.01478	0.02121	0.01221	0.01221	0.04049	0.02378	0.66198	0.03277	0.02828	0.02056	0.01028	0.00835	0.00257	0.00707	0.00835	0.01028	0.01414
35	0.01206	0.00814	0.00952	0.00952	0.00968	0.00830	0.00561	0.01238	0.01222	0.01645	0.02575	0.05203	0.02919	0.63867	0.11027	0.00862	0.00958	0.01174	0.00497	0.00529
36	0.01035	0.00839	0.00919	0.00910	0.01158	0.00722	0.00678	0.01292	0.02004	0.02532	0.23545	0.10131	0.47298	0.02016	0.00985	0.00278	0.00416	0.01711	0.00810	0.00722
37	0.00982	0.00842	0.00842	0.00842	0.01122	0.00701	0.00631	0.01192	0.01894	0.02244	0.08416	0.07995	0.65285	0.02104	0.00982	0.00281	0.00421	0.01753	0.00771	0.00701
38	0.01666	0.04297	0.66500	0.02368	0.03596	0.01929	0.03069	0.02631	0.01754	0.02631	0.01491	0.01754	0.01052	0.00789	0.00789	0.00263	0.01228	0.00614	0.00351	0.01228
39	0.02109	0.02571	0.16493	0.01876	0.02512	0.08854	0.01734	0.06995	0.37820	0.03225	0.05138	0.02693	0.02199	0.01038	0.00827	0.00268	0.00877	0.00836	0.00692	0.01243
40	0.17080	0.02698	0.12454	0.02991	0.24947	0.16709	0.02010	0.02833	0.05865	0.02798	0.01524	0.01810	0.01215	0.00805	0.00741	0.00246	0.01050	0.00629	0.00454	0.01140
41	0.02502	0.03055	0.06180	0.03276	0.21002	0.32252	0.14467	0.02931	0.02113	0.02385	0.01455	0.01822	0.01179	0.00788	0.00819	0.00239	0.01319	0.00689	0.00418	0.01109
42	0.01821	0.20750	0.47484	0.02201	0.03278	0.02275	0.06184	0.02597	0.01750	0.02465	0.01419	0.01679	0.01068	0.00765	0.00737	0.00243	0.01154	0.00594	0.00356	0.01181
43	0.01693	0.15946	0.02225	0.15480	0.02543	0.07686	0.01343	0.02154	0.05811	0.02339	0.13414	0.03523	0.08229	0.05530	0.08321	0.00394	0.00989	0.00937	0.00549	0.00895
44	0.01305	0.01019	0.01087	0.01039	0.01291	0.00974	0.00753	0.07947	0.04480	0.02486	0.06021	0.13811	0.37638	0.14568	0.01563	0.00380	0.00561	0.01582	0.00732	0.00763
45	0.02550	0.31563	0.03054	0.01653	0.02245	0.14660	0.01420	0.06818	0.16706	0.08777	0.01959	0.01964	0.01530	0.00884	0.00694	0.00221	0.00931	0.00634	0.00578	0.01160
46	0.26813	0.01459	0.04962	0.01201	0.01650	0.01363	0.01007	0.05573	0.01894	0.13043	0.10577	0.03802	0.13266	0.08689	0.01133	0.00320	0.00650	0.00967	0.00694	0.00937
47	0.01884	0.07345	0.33562	0.02609	0.03501	0.05820	0.20179	0.02595	0.01787	0.02491	0.01467	0.01865	0.01120	0.00841	0.01058	0.00272	0.09372	0.00720	0.00377	0.01134
48	0.02431	0.03166	0.13750	0.18724	0.03619	0.32246	0.05923	0.02897	0.02054	0.05436	0.01494	0.01835	0.01138	0.00837	0.00795	0.00245	0.01308	0.00643	0.00430	0.01032

[dist]
# distance from previous block
# <min> <max>
53	143

[block]
# block no. 1 follows, 22 sequences, length 32
# corresponding to MSA columns:
# 223-254
name=unknown_B
#
# <colnr> <probs for GDERKNQSTAVLIFYWHMCP>
#	G	D	E	R	K	N	Q	S	T	A	V	L	I	F	Y	W	H	M	C	P
0	0.02593	0.18423	0.05386	0.02473	0.09944	0.25139	0.09885	0.11656	0.02307	0.02666	0.01451	0.01705	0.01172	0.00808	0.00753	0.00225	0.01195	0.00631	0.00465	0.01122
1	0.02139	0.15429	0.02878	0.02364	0.12611	0.17073	0.08246	0.02715	0.08382	0.02611	0.14664	0.02767	0.02667	0.00993	0.00802	0.00236	0.00976	0.00840	0.00553	0.01056
2	0.02009	0.13489	0.10355	0.03025	0.24320	0.04452	0.04067	0.02744	0.10946	0.02549	0.01719	0.02063	0.01417	0.01104	0.03627	0.00300	0.09472	0.00712	0.00456	0.01174
3	0.02534	0.02707	0.02489	0.02437	0.11825	0.29237	0.05929	0.13824	0.02437	0.02822	0.02222	0.06171	0.06301	0.01038	0.00821	0.00238	0.01128	0.00831	0.00548	0.04459
4	0.01701	0.09526	0.23351	0.02459	0.09365	0.01814	0.15316	0.02341	0.01961	0.02758	0.17922	0.02996	0.02876	0.00991	0.00858	0.00256	0.00991	0.00919	0.00518	0.01082
5	0.04594	0.04961	0.15375	0.01585	0.02177	0.08762	0.01502	0.10196	0.02110	0.02791	0.03473	0.10616	0.15790	0.01346	0.00839	0.00255	0.00844	0.03591	0.00598	0.08595
6	0.05223	0.02770	0.06827	0.12343	0.05447	0.26503	0.01744	0.11863	0.10633	0.02854	0.02028	0.02211	0.04092	0.00951	0.00794	0.00247	0.01122	0.00715	0.00546	0.01089
7	0.01679	0.01908	0.05860	0.14771	0.02931	0.13048	0.10450	0.02071	0.01831	0.02217	0.03230	0.13232	0.13175	0.01848	0.07670	0.00382	0.01127	0.01165	0.00524	0.00882
8	0.02636	0.25917	0.03332	0.02211	0.06221	0.35871	0.07795	0.02933	0.02068	0.02110	0.01298	0.01551	0.01102	0.00786	0.00705	0.00211	0.01257	0.00562	0.00402	0.01033
9	0.02295	0.09881	0.17646	0.02944	0.22417	0.02278	0.02190	0.19669	0.06831	0.03379	0.01754	0.01967	0.01343	0.00848	0.00788	0.00246	0.00988	0.00696	0.00540	0.01297
10	0.02137	0.01838	0.02645	0.02744	0.18974	0.01901	0.09793	0.19803	0.08987	0.03399	0.02922	0.10291	0.08423	0.01193	0.00891	0.00269	0.00874	0.01077	0.00655	0.01184
11	0.01715	0.01529	0.01661	0.03979	0.01921	0.08630	0.01212	0.02241	0.09142	0.05084	0.09550	0.06883	0.11463	0.02167	0.10967	0.00434	0.10127	0.04437	0.00630	0.06232
12	0.07714	0.13771	0.02646	0.02207	0.09001	0.38064	0.01594	0.06899	0.02183	0.02414	0.01386	0.01655	0.01164	0.01133	0.04542	0.00281	0.01295	0.00571	0.00449	0.01029
13	0.01833	0.04076	0.57138	0.02457	0.06295	0.05320	0.02896	0.05696	0.01899	0.02735	0.01509	0.01767	0.01083	0.00801	0.00791	0.00259	0.01215	0.00622	0.00382	0.01227
14	0.02036	0.02030	0.03696	0.04761	0.52646	0.02001	0.15267	0.02573	0.01906	0.02703	0.01588	0.02095	0.01304	0.00732	0.00856	0.00254	0.01075	0.00791	0.00413	0.01275
15	0.02801	0.03153	0.02674	0.02985	0.21218	0.39408	0.01881	0.11064	0.02425	0.02663	0.01462	0.01730	0.01189	0.00841	0.00782	0.00228	0.01269	0.00624	0.00477	0.01128
16	0.02834	0.03554	0.02202	0.02005	0.02402	0.58107	0.01510	0.03046	0.02267	0.02054	0.02027	0.02192	0.07820	0.01009	0.00845	0.00226	0.03833	0.00670	0.00462	0.00934
17	0.01517	0.00898	0.01154	0.01094	0.01283	0.00832	0.00779	0.01767	0.01961	0.11658	0.31534	0.16604	0.05504	0.17659	0.01721	0.00399	0.00547	0.01488	0.00811	0.00790
18	0.00982	0.00842	0.00842	0.00842	0.01122	0.00701	0.00631	0.01192	0.01894	0.02244	0.08416	0.07995	0.65285	0.02104	0.00982	0.00281	0.00421	0.01753	0.00771	0.00701
19	0.03017	0.03815	0.02367	0.02143	0.02542	0.63088	0.01619	0.03228	0.02281	0.02031	0.01271	0.01520	0.01071	0.00896	0.00882	0.00224	0.06072	0.00548	0.00424	0.00959
20	0.01357	0.00942	0.01090	0.01084	0.01168	0.00954	0.00693	0.07672	0.01602	0.02138	0.03116	0.23708	0.03563	0.43864	0.02961	0.00612	0.00724	0.01491	0.00615	0.00648
21	0.00982	0.00842	0.00842	0.00842	0.01122	0.00701	0.00631	0.01192	0.01894	0.02244	0.08416	0.07995	0.65285	0.02104	0.00982	0.00281	0.00421	0.01753	0.00771	0.00701
22	0.01012	0.00723	0.00964	0.01157	0.01205	0.00675	0.00771	0.01157	0.01591	0.02121	0.04579	0.70262	0.05495	0.02603	0.01060	0.00337	0.00482	0.02362	0.00771	0.00675
23	0.03017	0.10853	0.02580	0.02039	0.02523	0.53420	0.01583	0.09931	0.02459	0.02385	0.01350	0.01537	0.01108	0.00857	0.00736	0.00214	0.01368	0.00549	0.00466	0.01025
24	0.10847	0.03366	0.02265	0.01982	0.02469	0.46833	0.01525	0.15832	0.02584	0.02889	0.01421	0.01588	0.01125	0.00877	0.00742	0.00226	0.01285	0.00571	0.00522	0.01052
25	0.01691	0.01601	0.02712	0.52852	0.20724	0.01878	0.02368	0.02229	0.01719	0.02271	0.01498	0.02175	0.01160	0.00808	0.00829	0.00269	0.01077	0.00739	0.00380	0.01021
26	0.02487	0.02835	0.02811	0.10434	0.30322	0.32088	0.02090	0.02858	0.02080	0.02339	0.01425	0.01816	0.01181	0.00803	0.00790	0.00235	0.01235	0.00646	0.00415	0.01112
27	0.02647	0.03097	0.02117	0.01963	0.02368	0.44712	0.01508	0.03336	0.15374	0.02399	0.02145	0.02892	0.01877	0.01106	0.00823	0.00251	0.01222	0.08589	0.00562	0.01011
28	0.11666	0.01133	0.01322	0.12826	0.02044	0.01264	0.01036	0.06269	0.01757	0.02936	0.02180	0.02821	0.01796	0.06633	0.07627	0.00381	0.00800	0.00767	0.33903	0.00839
29	0.01854	0.26989	0.45454	0.02047	0.03100	0.02389	0.02511	0.02582	0.01732	0.02402	0.01377	0.01611	0.01057	0.00763	0.00702	0.00234	0.01113	0.00556	0.00352	0.01173
30	0.00995	0.00842	0.00859	0.00855	0.01130	0.00707	0.00641	0.01217	0.01924	0.02316	0.12188	0.07876	0.61468	0.02077	0.00982	0.00279	0.00419	0.01737	0.00781	0.00707
31	0.02021	0.01938	0.03309	0.09630	0.61362	0.01965	0.02532	0.02519	0.01875	0.02672	0.01557	0.02067	0.01301	0.00747	0.00823	0.00249	0.00995	0.00740	0.00408	0.01288

[dist]
# distance from previous block
# <min> <max>
0	2

[block]
# block no. 2 follows, 22 sequences, length 20
# corresponding to MSA columns:
# 257-276
name=unknown_C
#
# <colnr> <probs for GDERKNQSTAVLIFYWHMCP>
#	G	D	E	R	K	N	Q	S	T	A	V	L	I	F	Y	W	H	M	C	P
0	0.03068	0.07121	0.02485	0.02057	0.02547	0.51225	0.01590	0.15129	0.02629	0.02667	0.01419	0.01588	0.01138	0.00877	0.00754	0.00219	0.01350	0.00573	0.00505	0.01058
1	0.03069	0.03410	0.02369	0.02056	0.02551	0.46621	0.01584	0.19627	0.05732	0.02977	0.01578	0.01710	0.01234	0.00908	0.00776	0.00227	0.01298	0.00613	0.00558	0.01103
2	0.01505	0.01353	0.01759	0.01603	0.01775	0.04743	0.01280	0.01772	0.01402	0.02022	0.01795	0.02636	0.01676	0.04134	0.40189	0.00901	0.20861	0.00792	0.00425	0.07377
3	0.01344	0.00903	0.01032	0.00967	0.01246	0.00786	0.00725	0.01598	0.02016	0.09408	0.21882	0.06809	0.39676	0.06490	0.01183	0.00308	0.00470	0.01554	0.00818	0.00786
4	0.01688	0.01178	0.01385	0.01227	0.01552	0.01136	0.00898	0.02341	0.14360	0.08758	0.13418	0.11214	0.03597	0.18595	0.01690	0.00384	0.00628	0.01167	0.00720	0.14064
5	0.01012	0.00723	0.00964	0.01157	0.01205	0.00675	0.00771	0.01157	0.01591	0.02121	0.04579	0.70262	0.05495	0.02603	0.01060	0.00337	0.00482	0.02362	0.00771	0.00675
6	0.01569	0.01477	0.02492	0.68808	0.05722	0.01846	0.02307	0.02123	0.01661	0.02123	0.01477	0.02215	0.01107	0.00831	0.00831	0.00277	0.01107	0.00738	0.00369	0.00923
7	0.03014	0.02188	0.02340	0.01810	0.02433	0.02415	0.01490	0.57414	0.03713	0.05045	0.02058	0.02093	0.01477	0.00995	0.00809	0.00244	0.00867	0.00750	0.07489	0.01356
8	0.02930	0.03308	0.02395	0.02250	0.06752	0.44747	0.01632	0.13701	0.09285	0.02790	0.01653	0.01795	0.01305	0.00902	0.00779	0.00230	0.01272	0.00629	0.00542	0.01103
9	0.02756	0.03244	0.02259	0.02112	0.05030	0.47506	0.01554	0.08552	0.02343	0.02368	0.01885	0.02118	0.05475	0.01280	0.04660	0.00294	0.04415	0.00674	0.00486	0.00987
10	0.02214	0.02107	0.02348	0.02000	0.02210	0.11261	0.01632	0.14268	0.01975	0.02707	0.01445	0.01953	0.01259	0.01488	0.05134	0.00358	0.39187	0.00716	0.04737	0.01001
11	0.76672	0.01607	0.01221	0.01092	0.01607	0.01864	0.00900	0.02442	0.01414	0.03727	0.01157	0.01350	0.00900	0.00771	0.00514	0.00257	0.00643	0.00450	0.00514	0.00900
12	0.01675	0.01585	0.02684	0.54902	0.18796	0.01874	0.02360	0.02216	0.01711	0.02252	0.01495	0.02180	0.01153	0.00811	0.00829	0.00270	0.01081	0.00739	0.00378	0.01009
13	0.00982	0.00842	0.00842	0.00842	0.01122	0.00701	0.00631	0.01192	0.01894	0.02244	0.08416	0.07995	0.65285	0.02104	0.00982	0.00281	0.00421	0.01753	0.00771	0.00701
14	0.02388	0.02744	0.02377	0.19029	0.03262	0.33112	0.01793	0.02889	0.07948	0.02189	0.01501	0.01891	0.01225	0.00981	0.01126	0.00263	0.13207	0.00659	0.00442	0.00977
15	0.00982	0.00842	0.00842	0.00842	0.01122	0.00701	0.00631	0.01192	0.01894	0.02244	0.08416	0.07995	0.65285	0.02104	0.00982	0.00281	0.00421	0.01753	0.00771	0.00701
16	0.01010	0.00770	0.00930	0.01044	0.01179	0.00689	0.00725	0.01190	0.01732	0.02225	0.09022	0.45902	0.25814	0.02387	0.01030	0.00314	0.00457	0.02112	0.00779	0.00689
17	0.02056	0.01974	0.03372	0.05099	0.65622	0.01974	0.02550	0.02550	0.01892	0.02714	0.01563	0.02056	0.01316	0.00740	0.00822	0.00247	0.00987	0.00740	0.00411	0.01316
18	0.02347	0.02669	0.03174	0.02882	0.12761	0.25408	0.21220	0.06143	0.02195	0.02545	0.02268	0.02555	0.08147	0.00931	0.00865	0.00250	0.01238	0.00854	0.00483	0.01066
19	0.02825	0.12398	0.02658	0.02026	0.02461	0.43472	0.01606	0.09486	0.02293	0.02365	0.01319	0.01572	0.01109	0.00930	0.00988	0.00233	0.10216	0.00571	0.00454	0.01018

[dist]
# distance from previous block
# <min> <max>
0	3

[block]
# block no. 3 follows, 22 sequences, length 44
# corresponding to MSA columns:
# 280-323
name=unknown_D
#
# <colnr> <probs for GDERKNQSTAVLIFYWHMCP>
#	G	D	E	R	K	N	Q	S	T	A	V	L	I	F	Y	W	H	M	C	P
0	0.01984	0.12116	0.34836	0.02499	0.03493	0.02222	0.18641	0.09388	0.02043	0.02845	0.01555	0.01857	0.01150	0.00779	0.00812	0.00255	0.01195	0.00705	0.00424	0.01199
1	0.02239	0.02348	0.02992	0.04156	0.46940	0.15992	0.02220	0.02737	0.04527	0.02580	0.01848	0.02214	0.03848	0.00835	0.00814	0.00242	0.01061	0.00744	0.00447	0.01216
2	0.08377	0.34759	0.21670	0.02013	0.02875	0.02582	0.12238	0.02553	0.01729	0.02416	0.01339	0.01607	0.01081	0.00736	0.00680	0.00226	0.01050	0.00584	0.00379	0.01107
3	0.01666	0.04297	0.66500	0.02368	0.03596	0.01929	0.03069	0.02631	0.01754	0.02631	0.01491	0.01754	0.01052	0.00789	0.00789	0.00263	0.01228	0.00614	0.00351	0.01228
4	0.01189	0.00883	0.01298	0.01298	0.01434	0.01019	0.00993	0.01460	0.01324	0.01901	0.02259	0.03449	0.02157	0.11743	0.62110	0.01290	0.02104	0.00917	0.00450	0.00721
5	0.01001	0.00842	0.00868	0.00861	0.01134	0.00709	0.00646	0.01228	0.01938	0.02349	0.13890	0.07822	0.59745	0.02065	0.00982	0.00279	0.00418	0.01729	0.00785	0.00709
6	0.01339	0.01058	0.01520	0.01450	0.01573	0.01305	0.01149	0.01621	0.01358	0.02042	0.02049	0.02972	0.01892	0.04864	0.49353	0.01051	0.14950	0.00849	0.06830	0.00777
7	0.00993	0.00842	0.00856	0.00853	0.01129	0.00706	0.00640	0.01213	0.01919	0.02304	0.11551	0.07896	0.62113	0.02082	0.00982	0.00279	0.00419	0.01739	0.00779	0.00706
8	0.02792	0.18678	0.02752	0.01921	0.02425	0.43320	0.01531	0.05531	0.09206	0.02300	0.01518	0.01660	0.01247	0.00859	0.00715	0.00215	0.01245	0.00568	0.00474	0.01043
9	0.02834	0.15436	0.02621	0.01849	0.02365	0.35434	0.01485	0.17012	0.02550	0.02854	0.01540	0.01711	0.01234	0.00872	0.00716	0.00214	0.01164	0.00588	0.06450	0.01072
10	0.01952	0.02112	0.13163	0.01748	0.02571	0.01489	0.08324	0.07522	0.01970	0.05750	0.01627	0.01859	0.01256	0.00705	0.00714	0.00181	0.00837	0.00605	0.00513	0.45101
11	0.02966	0.11217	0.02642	0.02157	0.05266	0.48512	0.01622	0.11350	0.02472	0.02493	0.01379	0.01572	0.01127	0.00854	0.00739	0.00216	0.01327	0.00563	0.00474	0.01052
12	0.01666	0.04297	0.66500	0.02368	0.03596	0.01929	0.03069	0.02631	0.01754	0.02631	0.01491	0.01754	0.01052	0.00789	0.00789	0.00263	0.01228	0.00614	0.00351	0.01228
13	0.01339	0.00879	0.01145	0.01182	0.01372	0.00780	0.00835	0.01548	0.01744	0.07771	0.09844	0.50752	0.04943	0.02159	0.00984	0.00299	0.00508	0.01940	0.00775	0.09199
14	0.01012	0.00723	0.00964	0.01157	0.01205	0.00675	0.00771	0.01157	0.01591	0.02121	0.04579	0.70262	0.05495	0.02603	0.01060	0.00337	0.00482	0.02362	0.00771	0.00675
15	0.01549	0.00774	0.00774	0.00774	0.00968	0.00774	0.00581	0.01936	0.01742	0.03097	0.02710	0.03097	0.02129	0.00968	0.00581	0.00194	0.00387	0.00774	0.75416	0.00774
16	0.01666	0.04297	0.66500	0.02368	0.03596	0.01929	0.03069	0.02631	0.01754	0.02631	0.01491	0.01754	0.01052	0.00789	0.00789	0.00263	0.01228	0.00614	0.00351	0.01228
17	0.00999	0.00842	0.00865	0.00860	0.01133	0.00709	0.00645	0.01225	0.01934	0.02341	0.13445	0.07836	0.60196	0.02068	0.00982	0.00279	0.00418	0.01731	0.00784	0.00709
18	0.02491	0.02471	0.02057	0.01902	0.05843	0.24698	0.01396	0.21968	0.02692	0.03160	0.03277	0.06230	0.15797	0.01253	0.00846	0.00248	0.00992	0.00971	0.00650	0.01057
19	0.02221	0.71304	0.04353	0.01421	0.02132	0.03287	0.01421	0.02488	0.01688	0.01955	0.01155	0.01333	0.01066	0.00711	0.00533	0.00178	0.00888	0.00444	0.00355	0.01066
20	0.01626	0.03005	0.40751	0.01879	0.02741	0.01548	0.02200	0.02429	0.04595	0.06070	0.15933	0.03356	0.08109	0.01124	0.00851	0.00265	0.00928	0.00927	0.00564	0.01101
21	0.01708	0.02211	0.16890	0.18643	0.28214	0.01752	0.02348	0.02285	0.01808	0.02497	0.02405	0.02972	0.08529	0.00985	0.00847	0.00266	0.00997	0.03086	0.00442	0.01115
22	0.01549	0.00774	0.00774	0.00774	0.00968	0.00774	0.00581	0.01936	0.01742	0.03097	0.02710	0.03097	0.02129	0.00968	0.00581	0.00194	0.00387	0.00774	0.75416	0.00774
23	0.02537	0.02797	0.02914	0.03735	0.36812	0.28547	0.02117	0.05977	0.02183	0.02568	0.01472	0.01827	0.01221	0.00800	0.00793	0.00234	0.01190	0.00657	0.00440	0.01178
24	0.01818	0.01818	0.02545	0.02181	0.02181	0.02545	0.01818	0.01999	0.01272	0.01999	0.01091	0.01818	0.01091	0.01454	0.02726	0.00364	0.69284	0.00727	0.00364	0.00909
25	0.01666	0.04297	0.66500	0.02368	0.03596	0.01929	0.03069	0.02631	0.01754	0.02631	0.01491	0.01754	0.01052	0.00789	0.00789	0.00263	0.01228	0.00614	0.00351	0.01228
26	0.01059	0.00845	0.00949	0.00923	0.01170	0.00734	0.00692	0.01342	0.02076	0.02678	0.31058	0.07281	0.42372	0.01942	0.00981	0.00273	0.00409	0.01653	0.00828	0.00734
27	0.01004	0.00842	0.00872	0.00864	0.01135	0.00711	0.00648	0.01234	0.01945	0.02366	0.14795	0.07794	0.58830	0.02058	0.00982	0.00278	0.00418	0.01725	0.00788	0.00711
28	0.01208	0.00805	0.00906	0.00906	0.00906	0.00805	0.00503	0.01208	0.01208	0.01611	0.02618	0.05436	0.03020	0.70804	0.04228	0.00805	0.00805	0.01208	0.00503	0.00503
29	0.03158	0.02327	0.02493	0.01911	0.02576	0.02576	0.01579	0.62852	0.03906	0.05236	0.01995	0.01995	0.01413	0.00997	0.00831	0.00249	0.00914	0.00748	0.00831	0.01413
30	0.76672	0.01607	0.01221	0.01092	0.01607	0.01864	0.00900	0.02442	0.01414	0.03727	0.01157	0.01350	0.00900	0.00771	0.00514	0.00257	0.00643	0.00450	0.00514	0.00900
31	0.01006	0.00748	0.00938	0.01089	0.01187	0.00680	0.00741	0.01164	0.01656	0.02147	0.05403	0.56891	0.18334	0.02496	0.01043	0.00325	0.00469	0.02231	0.00771	0.00680
32	0.01549	0.00774	0.00774	0.00774	0.00968	0.00774	0.00581	0.01936	0.01742	0.03097	0.02710	0.03097	0.02129	0.00968	0.00581	0.00194	0.00387	0.00774	0.75416	0.00774
33	0.02437	0.01702	0.01889	0.01643	0.02151	0.01878	0.01294	0.04333	0.50346	0.17469	0.03358	0.03039	0.02429	0.01105	0.00843	0.00276	0.00668	0.00916	0.00886	0.01337
34	0.03103	0.03959	0.02354	0.02140	0.02568	0.67469	0.01605	0.03317	0.02354	0.02033	0.01284	0.01498	0.01070	0.00856	0.00749	0.00214	0.01498	0.00535	0.00428	0.00963
35	0.01549	0.00774	0.00774	0.00774	0.00968	0.00774	0.00581	0.01936	0.01742	0.03097	0.02710	0.03097	0.02129	0.00968	0.00581	0.00194	0.00387	0.00774	0.75416	0.00774
36	0.01148	0.00780	0.00924	0.00984	0.00998	0.00765	0.00586	0.01192	0.01326	0.01768	0.03224	0.25481	0.03785	0.49716	0.03249	0.00661	0.00705	0.01565	0.00586	0.00556
37	0.01084	0.00780	0.01042	0.01226	0.01317	0.00739	0.00892	0.01284	0.01675	0.02208	0.04705	0.53978	0.07927	0.02512	0.01076	0.00345	0.00542	0.15202	0.00770	0.00696
38	0.06327	0.03497	0.02335	0.02044	0.02528	0.50291	0.01569	0.16412	0.02655	0.02814	0.01435	0.01601	0.01138	0.00884	0.00757	0.00224	0.01332	0.00578	0.00521	0.01060
39	0.01961	0.02241	0.04902	0.03501	0.04342	0.02101	0.62605	0.02661	0.01961	0.02661	0.01681	0.02241	0.01261	0.00700	0.00980	0.00280	0.01401	0.00980	0.00420	0.01120
40	0.01666	0.04297	0.66500	0.02368	0.03596	0.01929	0.03069	0.02631	0.01754	0.02631	0.01491	0.01754	0.01052	0.00789	0.00789	0.00263	0.01228	0.00614	0.00351	0.01228
41	0.01692	0.07441	0.63584	0.02323	0.03527	0.01993	0.02992	0.02624	0.01751	0.02599	0.01475	0.01734	0.01053	0.00786	0.00777	0.00259	0.01212	0.00606	0.00351	0.01220
42	0.01042	0.00861	0.00925	0.00957	0.01222	0.00744	0.00750	0.01281	0.01897	0.02285	0.07742	0.08226	0.55145	0.02136	0.01010	0.00298	0.00478	0.11520	0.00770	0.00712
43	0.02981	0.03988	0.07830	0.02160	0.02656	0.61874	0.01730	0.03259	0.02303	0.02084	0.01302	0.01520	0.01069	0.00850	0.00752	0.00218	0.01475	0.00542	0.00421	0.00986

[dist]
# distance from previous block
# <min> <max>
1	8

[block]
# block no. 4 follows, 22 sequences, length 77
# corresponding to MSA columns:
# 332-408
name=unknown_E
#
# <colnr> <probs for GDERKNQSTAVLIFYWHMCP>
#	G	D	E	R	K	N	Q	S	T	A	V	L	I	F	Y	W	H	M	C	P
0	0.02587	0.02791	0.02757	0.09292	0.25925	0.28980	0.02011	0.10749	0.02325	0.02711	0.01497	0.01833	0.01208	0.00830	0.00794	0.00236	0.01199	0.00657	0.00469	0.01148
1	0.01890	0.02966	0.30337	0.03932	0.39127	0.01955	0.02772	0.02584	0.01833	0.02679	0.01532	0.01927	0.01203	0.00761	0.00808	0.00254	0.01090	0.00686	0.00385	0.01278
2	0.02041	0.11085	0.45949	0.02221	0.03218	0.16563	0.02577	0.02768	0.01880	0.02429	0.01411	0.01654	0.01058	0.00796	0.00754	0.00243	0.01253	0.00579	0.00368	0.01153
3	0.01887	0.11231	0.10089	0.02877	0.03670	0.02104	0.42893	0.02524	0.01947	0.02635	0.08099	0.02485	0.01890	0.00812	0.00905	0.00263	0.01215	0.00931	0.00456	0.01089
4	0.02107	0.02050	0.03170	0.04608	0.56094	0.05130	0.02378	0.02777	0.08287	0.02759	0.01735	0.02136	0.01429	0.00785	0.00821	0.00249	0.00978	0.00751	0.00456	0.01299
5	0.01188	0.00886	0.01315	0.01315	0.01456	0.01027	0.01013	0.01470	0.01329	0.01913	0.02244	0.03368	0.02122	0.09333	0.64472	0.01310	0.02157	0.00905	0.00448	0.00730
6	0.01205	0.00810	0.00927	0.00920	0.00940	0.00803	0.00532	0.01245	0.01325	0.01787	0.09025	0.05515	0.03514	0.63727	0.03896	0.00750	0.00763	0.01238	0.00545	0.00532
7	0.01053	0.00769	0.00991	0.01095	0.01206	0.00707	0.00760	0.01270	0.01825	0.02457	0.21163	0.46773	0.12244	0.02310	0.01031	0.00311	0.00452	0.02070	0.00809	0.00707
8	0.02872	0.02185	0.02332	0.01854	0.02467	0.02443	0.01510	0.47559	0.19664	0.04775	0.02357	0.02284	0.01707	0.01031	0.00835	0.00258	0.00847	0.00798	0.00835	0.01387
9	0.01723	0.01477	0.01723	0.01230	0.01969	0.01107	0.00984	0.02092	0.01723	0.02707	0.01477	0.01723	0.01230	0.00615	0.00615	0.00123	0.00615	0.00492	0.00492	0.75883
10	0.60565	0.01764	0.01500	0.01272	0.01819	0.02020	0.01049	0.15678	0.01960	0.04058	0.01340	0.01491	0.01012	0.00821	0.00584	0.00255	0.00702	0.00515	0.00584	0.01012
11	0.01208	0.00805	0.00906	0.00906	0.00906	0.00805	0.00503	0.01208	0.01208	0.01611	0.02618	0.05436	0.03020	0.70804	0.04228	0.00805	0.00805	0.01208	0.00503	0.00503
12	0.01005	0.00749	0.00937	0.01087	0.01187	0.00681	0.00740	0.01165	0.01658	0.02148	0.05427	0.56491	0.18718	0.02492	0.01043	0.00325	0.00468	0.02227	0.00771	0.00681
13	0.01991	0.01717	0.01844	0.01590	0.02118	0.01856	0.01242	0.03905	0.50449	0.03307	0.02964	0.02798	0.02250	0.01015	0.00795	0.00247	0.00648	0.00841	0.00768	0.17653
14	0.19223	0.03444	0.02106	0.01911	0.02358	0.53094	0.01451	0.03125	0.02148	0.02404	0.01256	0.01466	0.01033	0.00837	0.00698	0.00223	0.01311	0.00516	0.00447	0.00949
15	0.01726	0.11377	0.38967	0.02349	0.03334	0.02001	0.15671	0.02473	0.01806	0.02518	0.02202	0.02450	0.07678	0.00895	0.00821	0.00259	0.01143	0.00791	0.00410	0.01131
16	0.02381	0.02591	0.03056	0.04180	0.46030	0.22324	0.02256	0.02788	0.02035	0.02502	0.01476	0.01883	0.01240	0.00776	0.00800	0.00237	0.01146	0.00676	0.00416	0.01206
17	0.01833	0.13556	0.43474	0.02834	0.17100	0.02137	0.02714	0.02592	0.01775	0.02551	0.01458	0.01759	0.01113	0.00767	0.00759	0.00247	0.01125	0.00617	0.00365	0.01224
18	0.01012	0.00723	0.00964	0.01157	0.01205	0.00675	0.00771	0.01157	0.01591	0.02121	0.04579	0.70262	0.05495	0.02603	0.01060	0.00337	0.00482	0.02362	0.00771	0.00675
19	0.01193	0.00864	0.01201	0.01201	0.01303	0.00966	0.00871	0.01397	0.01295	0.01829	0.02348	0.03943	0.02372	0.26427	0.47719	0.01169	0.01781	0.00990	0.00463	0.00667
20	0.00982	0.00842	0.00842	0.00842	0.01122	0.00701	0.00631	0.01192	0.01894	0.02244	0.08416	0.07995	0.65285	0.02104	0.00982	0.00281	0.00421	0.01753	0.00771	0.00701
21	0.03103	0.03959	0.02354	0.02140	0.02568	0.67469	0.01605	0.03317	0.02354	0.02033	0.01284	0.01498	0.01070	0.00856	0.00749	0.00214	0.01498	0.00535	0.00428	0.00963
22	0.02435	0.01845	0.01995	0.01709	0.02232	0.02072	0.01353	0.14984	0.46869	0.10218	0.03119	0.02871	0.02283	0.01093	0.00842	0.00273	0.00709	0.00894	0.00861	0.01343
23	0.02164	0.64442	0.10718	0.01518	0.02282	0.03148	0.01590	0.02502	0.01695	0.02024	0.01189	0.01376	0.01065	0.00719	0.00559	0.00186	0.00923	0.00462	0.00355	0.01083
24	0.02056	0.01974	0.03372	0.05099	0.65622	0.01974	0.02550	0.02550	0.01892	0.02714	0.01563	0.02056	0.01316	0.00740	0.00822	0.00247	0.00987	0.00740	0.00411	0.01316
25	0.02911	0.01233	0.01666	0.01339	0.01839	0.01081	0.01081	0.03254	0.02369	0.46075	0.23093	0.03909	0.03907	0.01243	0.00882	0.00258	0.00606	0.01049	0.00992	0.01212
26	0.01145	0.00874	0.00947	0.00955	0.01233	0.00750	0.00737	0.01375	0.01905	0.05182	0.07607	0.10552	0.53658	0.02096	0.00995	0.00292	0.00472	0.07705	0.00782	0.00739
27	0.02164	0.64442	0.10718	0.01518	0.02282	0.03148	0.01590	0.02502	0.01695	0.02024	0.01189	0.01376	0.01065	0.00719	0.00559	0.00186	0.00923	0.00462	0.00355	0.01083
28	0.01012	0.00723	0.00964	0.01157	0.01205	0.00675	0.00771	0.01157	0.01591	0.02121	0.04579	0.70262	0.05495	0.02603	0.01060	0.00337	0.00482	0.02362	0.00771	0.00675
29	0.01666	0.04297	0.66500	0.02368	0.03596	0.01929	0.03069	0.02631	0.01754	0.02631	0.01491	0.01754	0.01052	0.00789	0.00789	0.00263	0.01228	0.00614	0.00351	0.01228
30	0.02056	0.01974	0.03372	0.05099	0.65622	0.01974	0.02550	0.02550	0.01892	0.02714	0.01563	0.02056	0.01316	0.00740	0.00822	0.00247	0.00987	0.00740	0.00411	0.01316
31	0.01666	0.04297	0.66500	0.02368	0.03596	0.01929	0.03069	0.02631	0.01754	0.02631	0.01491	0.01754	0.01052	0.00789	0.00789	0.00263	0.01228	0.00614	0.00351	0.01228
32	0.01569	0.01477	0.02492	0.68808	0.05722	0.01846	0.02307	0.02123	0.01661	0.02123	0.01477	0.02215	0.01107	0.00831	0.00831	0.00277	0.01107	0.00738	0.00369	0.00923
33	0.01094	0.00868	0.00997	0.01028	0.01274	0.00772	0.00813	0.01374	0.01978	0.02487	0.17441	0.07984	0.42004	0.02075	0.01018	0.00300	0.00491	0.14479	0.00795	0.00730
34	0.02219	0.02000	0.03223	0.20918	0.18012	0.02140	0.15490	0.19672	0.02420	0.03263	0.01689	0.02122	0.01275	0.00829	0.00862	0.00263	0.01090	0.00795	0.00522	0.01195
35	0.02876	0.03483	0.02250	0.02042	0.02479	0.53139	0.01542	0.03558	0.15888	0.02349	0.01744	0.01849	0.01391	0.00915	0.00770	0.00229	0.01314	0.00624	0.00519	0.01040
36	0.00994	0.00830	0.00867	0.00884	0.01136	0.00703	0.00653	0.01207	0.01885	0.02285	0.10806	0.14284	0.56346	0.02135	0.00990	0.00285	0.00426	0.01803	0.00778	0.00703
37	0.00997	0.00842	0.00863	0.00858	0.01132	0.00708	0.00643	0.01222	0.01930	0.02331	0.12973	0.07851	0.60674	0.02071	0.00982	0.00279	0.00418	0.01733	0.00783	0.00708
38	0.02421	0.12108	0.09011	0.05509	0.18473	0.27608	0.08222	0.02842	0.02030	0.02313	0.01403	0.01741	0.01150	0.00785	0.00769	0.00231	0.01242	0.00634	0.00404	0.01103
39	0.02874	0.03524	0.02577	0.02789	0.16384	0.53119	0.01812	0.03149	0.02253	0.02182	0.01345	0.01620	0.01124	0.00831	0.00765	0.00221	0.01386	0.00580	0.00424	0.01040
40	0.01939	0.01855	0.03161	0.20377	0.51257	0.01943	0.02491	0.02447	0.01836	0.02572	0.01542	0.02094	0.01266	0.00762	0.00824	0.00254	0.01016	0.00740	0.00401	0.01222
41	0.02056	0.01974	0.03372	0.05099	0.65622	0.01974	0.02550	0.02550	0.01892	0.02714	0.01563	0.02056	0.01316	0.00740	0.00822	0.00247	0.00987	0.00740	0.00411	0.01316
42	0.01012	0.00723	0.00964	0.01157	0.01205	0.00675	0.00771	0.01157	0.01591	0.02121	0.04579	0.70262	0.05495	0.02603	0.01060	0.00337	0.00482	0.02362	0.00771	0.00675
43	0.01549	0.00774	0.00774	0.00774	0.00968	0.00774	0.00581	0.01936	0.01742	0.03097	0.02710	0.03097	0.02129	0.00968	0.00581	0.00194	0.00387	0.00774	0.75416	0.00774
44	0.01012	0.00723	0.00964	0.01157	0.01205	0.00675	0.00771	0.01157	0.01591	0.02121	0.04579	0.70262	0.05495	0.02603	0.01060	0.00337	0.00482	0.02362	0.00771	0.00675
45	0.01176	0.00849	0.01110	0.01045	0.01241	0.00784	0.00784	0.01568	0.02352	0.03331	0.65184	0.06206	0.07839	0.01698	0.00980	0.00261	0.00392	0.01502	0.00914	0.00784
46	0.01012	0.00723	0.00964	0.01157	0.01205	0.00675	0.00771	0.01157	0.01591	0.02121	0.04579	0.70262	0.05495	0.02603	0.01060	0.00337	0.00482	0.02362	0.00771	0.00675
47	0.02221	0.71304	0.04353	0.01421	0.02132	0.03287	0.01421	0.02488	0.01688	0.01955	0.01155	0.01333	0.01066	0.00711	0.00533	0.00178	0.00888	0.00444	0.00355	0.01066
48	0.01012	0.00723	0.00964	0.01157	0.01205	0.00675	0.00771	0.01157	0.01591	0.02121	0.04579	0.70262	0.05495	0.02603	0.01060	0.00337	0.00482	0.02362	0.00771	0.00675
49	0.02221	0.71304	0.04353	0.01421	0.02132	0.03287	0.01421	0.02488	0.01688	0.01955	0.01155	0.01333	0.01066	0.00711	0.00533	0.00178	0.00888	0.00444	0.00355	0.01066
50	0.03103	0.03959	0.02354	0.02140	0.02568	0.67469	0.01605	0.03317	0.02354	0.02033	0.01284	0.01498	0.01070	0.00856	0.00749	0.00214	0.01498	0.00535	0.00428	0.00963
51	0.02066	0.01785	0.01878	0.01691	0.02160	0.02066	0.01315	0.04414	0.64121	0.03475	0.03381	0.03099	0.02536	0.01127	0.00845	0.00282	0.00657	0.00939	0.00845	0.01315
52	0.01012	0.00723	0.00964	0.01157	0.01205	0.00675	0.00771	0.01157	0.01591	0.02121	0.04579	0.70262	0.05495	0.02603	0.01060	0.00337	0.00482	0.02362	0.00771	0.00675
53	0.01012	0.00723	0.00964	0.01157	0.01205	0.00675	0.00771	0.01157	0.01591	0.02121	0.04579	0.70262	0.05495	0.02603	0.01060	0.00337	0.00482	0.02362	0.00771	0.00675
54	0.01849	0.01911	0.03066	0.02473	0.02659	0.02446	0.15262	0.02146	0.01425	0.02146	0.01221	0.01911	0.01128	0.01287	0.02340	0.00345	0.54271	0.00783	0.00376	0.00956
55	0.03727	0.01414	0.01928	0.01478	0.02121	0.01221	0.01221	0.04049	0.02378	0.66198	0.03277	0.02828	0.02056	0.01028	0.00835	0.00257	0.00707	0.00835	0.01028	0.01414
56	0.03158	0.02327	0.02493	0.01911	0.02576	0.02576	0.01579	0.62852	0.03906	0.05236	0.01995	0.01995	0.01413	0.00997	0.00831	0.00249	0.00914	0.00748	0.00831	0.01413
57	0.01208	0.00805	0.00906	0.00906	0.00906	0.00805	0.00503	0.01208	0.01208	0.01611	0.02618	0.05436	0.03020	0.70804	0.04228	0.00805	0.00805	0.01208	0.00503	0.00503
58	0.01847	0.01308	0.01485	0.01298	0.01547	0.01414	0.00946	0.21110	0.02123	0.02901	0.02353	0.03841	0.02297	0.33833	0.14008	0.00690	0.01069	0.00984	0.04095	0.00850
59	0.01066	0.00808	0.00984	0.01018	0.01194	0.00725	0.00734	0.01327	0.01977	0.02627	0.29241	0.26648	0.24427	0.02102	0.01005	0.00291	0.00429	0.01845	0.00827	0.00725
60	0.01183	0.00993	0.01284	0.01308	0.01401	0.01095	0.00969	0.01352	0.01593	0.02123	0.04727	0.40192	0.18859	0.02229	0.01410	0.00330	0.15684	0.01854	0.00681	0.00733
61	0.03184	0.02285	0.02467	0.01892	0.02555	0.02514	0.01563	0.60169	0.03836	0.08017	0.02053	0.02033	0.01442	0.00999	0.00831	0.00250	0.00905	0.00752	0.00840	0.01413
62	0.01105	0.00846	0.01012	0.00971	0.01198	0.00754	0.00728	0.01430	0.02184	0.02934	0.44423	0.06860	0.28847	0.01847	0.00981	0.00268	0.00402	0.01594	0.00862	0.00754
63	0.02928	0.03668	0.02380	0.02146	0.02516	0.58633	0.01634	0.03138	0.02207	0.02029	0.01258	0.01542	0.01073	0.00937	0.01018	0.00234	0.10724	0.00561	0.00419	0.00956
64	0.01149	0.00878	0.01074	0.01109	0.01336	0.00802	0.00887	0.01468	0.02046	0.02665	0.25491	0.07823	0.29097	0.02029	0.01030	0.00304	0.00512	0.18739	0.00816	0.00746
65	0.02785	0.04034	0.16541	0.02191	0.02795	0.52974	0.01929	0.03165	0.02221	0.02165	0.01330	0.01555	0.01066	0.00841	0.00758	0.00225	0.01438	0.00552	0.00411	0.01022
66	0.02860	0.02846	0.02510	0.02518	0.13776	0.28542	0.01714	0.25073	0.02814	0.03388	0.01666	0.01859	0.01292	0.00893	0.00784	0.00232	0.01137	0.00662	0.04250	0.01183
67	0.02043	0.50201	0.20660	0.04975	0.02694	0.02858	0.01900	0.02507	0.01704	0.02141	0.01259	0.01487	0.01064	0.00737	0.00615	0.00205	0.00989	0.00503	0.00355	0.01102
68	0.01098	0.00846	0.01003	0.00964	0.01194	0.00751	0.00723	0.01418	0.02169	0.02897	0.42523	0.06920	0.30770	0.01860	0.00981	0.00269	0.00403	0.01603	0.00857	0.00751
69	0.00982	0.00842	0.00842	0.00842	0.01122	0.00701	0.00631	0.01192	0.01894	0.02244	0.08416	0.07995	0.65285	0.02104	0.00982	0.00281	0.00421	0.01753	0.00771	0.00701
70	0.03013	0.10856	0.02559	0.02067	0.02524	0.60896	0.01586	0.03232	0.02286	0.02025	0.01271	0.01481	0.01070	0.00841	0.00727	0.00210	0.01436	0.00526	0.00421	0.00974
71	0.00982	0.00842	0.00842	0.00842	0.01122	0.00701	0.00631	0.01192	0.01894	0.02244	0.08416	0.07995	0.65285	0.02104	0.00982	0.00281	0.00421	0.01753	0.00771	0.00701
72	0.02066	0.01785	0.01878	0.01691	0.02160	0.02066	0.01315	0.04414	0.64121	0.03475	0.03381	0.03099	0.02536	0.01127	0.00845	0.00282	0.00657	0.00939	0.00845	0.01315
73	0.02066	0.01785	0.01878	0.01691	0.02160	0.02066	0.01315	0.04414	0.64121	0.03475	0.03381	0.03099	0.02536	0.01127	0.00845	0.00282	0.00657	0.00939	0.00845	0.01315
74	0.02203	0.61517	0.10631	0.01550	0.02301	0.05936	0.01598	0.02538	0.01724	0.02027	0.01195	0.01383	0.01065	0.00725	0.00569	0.00188	0.00950	0.00466	0.00358	0.01078
75	0.01041	0.00797	0.00894	0.00954	0.01100	0.00716	0.00647	0.01185	0.01647	0.02066	0.05937	0.26837	0.32879	0.17453	0.01724	0.00414	0.00525	0.01822	0.00712	0.00649
76	0.10079	0.46338	0.03503	0.01578	0.02194	0.20133	0.01417	0.02703	0.01836	0.02157	0.01189	0.01378	0.01050	0.00755	0.00588	0.00195	0.01025	0.00469	0.00391	0.01022

[dist]
# distance from previous block
# <min> <max>
0	1

[block]
# block no. 5 follows, 22 sequences, length 8
# corresponding to MSA columns:
# 410-417
name=unknown_F
#
# <colnr> <probs for GDERKNQSTAVLIFYWHMCP>
#	G	D	E	R	K	N	Q	S	T	A	V	L	I	F	Y	W	H	M	C	P
0	0.14473	0.27956	0.28507	0.02007	0.07183	0.02413	0.02071	0.02541	0.01683	0.02576	0.01318	0.01555	0.01051	0.00754	0.00653	0.00230	0.00989	0.00534	0.00384	0.01120
1	0.01931	0.23699	0.28270	0.01818	0.02620	0.08840	0.01985	0.04835	0.01885	0.02402	0.02259	0.06515	0.07619	0.01023	0.00746	0.00238	0.01016	0.00781	0.00447	0.01074
2	0.01367	0.11608	0.18759	0.01506	0.01983	0.01388	0.01484	0.01761	0.01684	0.02257	0.03565	0.35098	0.08201	0.01806	0.00912	0.00293	0.00744	0.04100	0.00601	0.00882
3	0.01873	0.07431	0.32998	0.01733	0.02470	0.01581	0.01913	0.02405	0.01678	0.11706	0.02070	0.02988	0.01792	0.21797	0.01809	0.00419	0.01001	0.00813	0.00497	0.01027
4	0.18518	0.02210	0.06361	0.01535	0.02058	0.16935	0.01296	0.07452	0.02168	0.16507	0.07499	0.02385	0.01972	0.00966	0.00729	0.00241	0.00870	0.00712	0.08524	0.01063
5	0.01924	0.03162	0.36418	0.02730	0.09977	0.01908	0.13798	0.02664	0.01822	0.07219	0.01639	0.01956	0.01203	0.00815	0.00938	0.00263	0.05235	0.00712	0.00427	0.05191
6	0.01404	0.01604	0.13046	0.01479	0.01900	0.01151	0.01411	0.06128	0.02023	0.02678	0.08835	0.12710	0.18307	0.01872	0.01001	0.00315	0.00726	0.21827	0.00707	0.00873
7	0.27208	0.02401	0.01637	0.01504	0.01899	0.29199	0.01158	0.02646	0.01854	0.02757	0.01550	0.01857	0.01270	0.01317	0.06496	0.00323	0.01100	0.00576	0.12356	0.00893

[dist]
# distance from previous block
# <min> <max>
46	191

[block]
# block no. 6 follows, 22 sequences, length 7
# corresponding to MSA columns:
# 624-630
name=unknown_G
#
# <colnr> <probs for GDERKNQSTAVLIFYWHMCP>
#	G	D	E	R	K	N	Q	S	T	A	V	L	I	F	Y	W	H	M	C	P
0	0.01582	0.16447	0.17174	0.01819	0.02462	0.01758	0.11951	0.02067	0.01836	0.02427	0.08928	0.11699	0.13902	0.01302	0.00854	0.00260	0.00872	0.01144	0.00543	0.00972
1	0.16857	0.11279	0.02207	0.04623	0.05919	0.20308	0.01367	0.05024	0.01899	0.02711	0.01529	0.01834	0.01252	0.00884	0.00810	0.00232	0.06237	0.00593	0.13469	0.00965
2	0.06971	0.19179	0.07206	0.01461	0.02103	0.06555	0.01307	0.02705	0.06571	0.10792	0.01833	0.02126	0.01490	0.06208	0.00937	0.00245	0.00823	0.00624	0.00542	0.20321
3	0.01589	0.02663	0.30521	0.02396	0.12505	0.01549	0.04922	0.02207	0.01766	0.02542	0.02543	0.13343	0.06814	0.01151	0.00841	0.00258	0.00943	0.01006	0.00480	0.09960
