[name]
unknown

[dist]
# distance from previous block
# <min> <max>
0	0

[block]
# block no. 0 follows, 21 sequences, length 32
# corresponding to MSA columns:
# 0-31
name=unknown_A
#
# <colnr> <probs for GDERKNQSTAVLIFYWHMCP>
#	G	D	E	R	K	N	Q	S	T	A	V	L	I	F	Y	W	H	M	C	P
0	0.01371	0.00980	0.01371	0.01567	0.01763	0.00980	0.01371	0.01763	0.01959	0.02547	0.04506	0.09599	0.04898	0.02351	0.01175	0.00392	0.00784	0.59056	0.00784	0.00784
1	0.01267	0.01110	0.01068	0.01034	0.01290	0.04660	0.00751	0.01626	0.06245	0.02402	0.13155	0.06849	0.40829	0.12238	0.01485	0.00363	0.00568	0.01552	0.00750	0.00757
2	0.01316	0.01063	0.01091	0.01053	0.01204	0.05196	0.00717	0.01512	0.01859	0.02426	0.25853	0.06033	0.15256	0.29163	0.02323	0.00491	0.00652	0.01396	0.00710	0.00686
3	0.01310	0.00891	0.01017	0.01014	0.01055	0.00897	0.00607	0.04252	0.01428	0.01905	0.02920	0.13999	0.03353	0.57585	0.03722	0.00732	0.00786	0.01373	0.00569	0.00586
4	0.01991	0.01603	0.01530	0.01367	0.01639	0.10617	0.00989	0.09007	0.07201	0.07197	0.16574	0.04382	0.03634	0.26151	0.02134	0.00462	0.00823	0.01104	0.00706	0.00889
5	0.02538	0.02895	0.02194	0.02070	0.04642	0.38481	0.01537	0.05229	0.02106	0.02283	0.01596	0.02043	0.01376	0.01981	0.13302	0.00452	0.09045	0.00669	0.04600	0.00960
6	0.01362	0.01082	0.01209	0.01186	0.01453	0.01067	0.00879	0.06044	0.11320	0.02795	0.12479	0.24225	0.27627	0.02023	0.00996	0.00300	0.00518	0.01746	0.00822	0.00867
7	0.01209	0.00913	0.01196	0.01206	0.01410	0.00838	0.00869	0.01461	0.01742	0.02447	0.13804	0.38005	0.04796	0.02744	0.10924	0.00452	0.00770	0.01735	0.00718	0.12761
8	0.01190	0.00762	0.01047	0.01144	0.01205	0.00724	0.00778	0.01234	0.01612	0.02183	0.13769	0.39929	0.04851	0.02593	0.01709	0.21615	0.00548	0.01794	0.00695	0.00619
9	0.01404	0.00927	0.01161	0.01213	0.01345	0.00900	0.00834	0.06040	0.01834	0.05930	0.07402	0.46401	0.04820	0.13693	0.01594	0.00410	0.00591	0.01958	0.00772	0.00768
10	0.01362	0.00954	0.01175	0.01101	0.01355	0.00887	0.00831	0.01836	0.05989	0.06620	0.44429	0.08903	0.17758	0.01781	0.00991	0.00276	0.00445	0.01550	0.00906	0.00852
11	0.02459	0.01266	0.01568	0.01351	0.01793	0.01183	0.01058	0.05338	0.08994	0.30064	0.07606	0.15266	0.15238	0.01584	0.00932	0.00285	0.00615	0.01344	0.00923	0.01135
12	0.01595	0.01505	0.01719	0.01627	0.01793	0.10387	0.01278	0.01868	0.01501	0.02002	0.01952	0.02845	0.01816	0.04802	0.46899	0.01042	0.13275	0.00834	0.00439	0.00820
13	0.01715	0.01239	0.01445	0.01365	0.01603	0.01284	0.00993	0.18860	0.02323	0.03121	0.08216	0.36267	0.04249	0.11433	0.01460	0.00380	0.00661	0.01709	0.00781	0.00895
14	0.01216	0.01005	0.01037	0.01007	0.01276	0.00952	0.00733	0.01732	0.11265	0.02384	0.06832	0.06978	0.44637	0.13382	0.01541	0.00378	0.00534	0.01574	0.00756	0.00781
15	0.01253	0.00966	0.01389	0.01357	0.01502	0.01103	0.01051	0.01561	0.01613	0.02318	0.16371	0.07741	0.03588	0.04738	0.43104	0.00983	0.06878	0.01128	0.00578	0.00779
16	0.01527	0.00982	0.01156	0.01142	0.01416	0.00896	0.00843	0.01904	0.06604	0.11889	0.06035	0.28772	0.29405	0.02093	0.01001	0.00304	0.00516	0.01811	0.00836	0.00867
17	0.01125	0.00895	0.01020	0.01067	0.01275	0.00826	0.00769	0.01507	0.06626	0.02476	0.13047	0.29364	0.32489	0.02213	0.01023	0.00306	0.00469	0.01924	0.00812	0.00767
18	0.39162	0.01762	0.01712	0.01422	0.01979	0.01931	0.01160	0.19549	0.02336	0.13449	0.02005	0.06615	0.01583	0.01028	0.00708	0.00267	0.00736	0.00746	0.00717	0.01134
19	0.01304	0.01017	0.01130	0.01075	0.01355	0.00948	0.00810	0.08082	0.02234	0.02876	0.19965	0.15341	0.36731	0.02003	0.00999	0.00287	0.00489	0.01707	0.00830	0.00815
20	0.02080	0.01365	0.01555	0.01337	0.01749	0.01348	0.01049	0.18946	0.02608	0.12568	0.11653	0.13934	0.22935	0.01695	0.00951	0.00281	0.00623	0.01422	0.00863	0.01039
21	0.01079	0.00800	0.00934	0.01020	0.01129	0.00734	0.00675	0.01210	0.01623	0.02076	0.05372	0.34221	0.22949	0.19970	0.01902	0.00452	0.00560	0.01923	0.00719	0.00654
22	0.02020	0.01078	0.01383	0.01310	0.01575	0.01016	0.00954	0.06734	0.01998	0.20320	0.03883	0.38237	0.04021	0.09607	0.01365	0.00369	0.00630	0.01715	0.00839	0.00945
23	0.01396	0.01126	0.01154	0.01143	0.01184	0.06009	0.00725	0.01446	0.01390	0.01785	0.02777	0.14455	0.03193	0.50634	0.03484	0.00680	0.04946	0.01328	0.00541	0.00603
24	0.01761	0.01122	0.01316	0.01238	0.01567	0.01076	0.00935	0.02399	0.13355	0.14445	0.09097	0.21176	0.23403	0.01862	0.00971	0.00296	0.00545	0.01601	0.00863	0.00971
25	0.02114	0.21527	0.08341	0.21143	0.08171	0.11309	0.11060	0.02602	0.01878	0.02280	0.01432	0.01872	0.01152	0.00790	0.00774	0.00244	0.01173	0.00671	0.00392	0.01075
26	0.02103	0.15620	0.16040	0.02351	0.06287	0.11058	0.04559	0.02515	0.01698	0.02248	0.01293	0.01744	0.01122	0.01051	0.01507	0.00285	0.26417	0.00652	0.00382	0.01069
27	0.13029	0.01413	0.01522	0.01313	0.01722	0.01473	0.01034	0.13373	0.09285	0.03735	0.28541	0.04325	0.09061	0.01366	0.00867	0.00261	0.00586	0.01129	0.00815	0.05151
28	0.01987	0.07373	0.03321	0.02488	0.02827	0.07184	0.18460	0.02339	0.01620	0.02231	0.01388	0.02025	0.01234	0.01516	0.06487	0.00393	0.34942	0.00792	0.00399	0.00996
29	0.03241	0.02194	0.02422	0.01852	0.02534	0.02345	0.01528	0.49870	0.03640	0.14294	0.02212	0.02157	0.01537	0.01005	0.00840	0.00249	0.00887	0.00765	0.00862	0.05567
30	0.02176	0.02071	0.01761	0.01547	0.01938	0.18546	0.01193	0.16722	0.02681	0.03283	0.19823	0.06783	0.15109	0.01451	0.00908	0.00259	0.00839	0.01172	0.00752	0.00988
31	0.11658	0.01168	0.01479	0.01725	0.11935	0.01141	0.01087	0.01811	0.02090	0.03109	0.32405	0.05375	0.18782	0.01539	0.00911	0.00269	0.00546	0.01318	0.00760	0.00891

[dist]
# distance from previous block
# <min> <max>
0	2

[block]
# block no. 1 follows, 21 sequences, length 23
# corresponding to MSA columns:
# 34-56
name=unknown_B
#
# <colnr> <probs for GDERKNQSTAVLIFYWHMCP>
#	G	D	E	R	K	N	Q	S	T	A	V	L	I	F	Y	W	H	M	C	P
0	0.08536	0.02375	0.02701	0.03599	0.35536	0.18912	0.01998	0.02642	0.01985	0.02612	0.01855	0.09851	0.01751	0.01017	0.00825	0.00256	0.01058	0.00874	0.00478	0.01139
1	0.05843	0.01800	0.09131	0.01457	0.01949	0.01565	0.01282	0.20713	0.02577	0.03564	0.16460	0.04489	0.15764	0.08193	0.01237	0.00323	0.00733	0.01153	0.00748	0.01021
2	0.01983	0.01566	0.01640	0.01423	0.01792	0.05219	0.01100	0.22739	0.02753	0.03631	0.20867	0.12381	0.13000	0.04662	0.01095	0.00298	0.00689	0.01340	0.00820	0.01001
3	0.01631	0.01026	0.01210	0.01147	0.01327	0.01099	0.00849	0.08564	0.01816	0.02768	0.02613	0.10171	0.02438	0.10043	0.09756	0.08510	0.03512	0.01019	0.29720	0.00782
4	0.01731	0.01573	0.02589	0.03808	0.42506	0.01555	0.01973	0.02112	0.01830	0.02567	0.02684	0.25745	0.02849	0.01427	0.00928	0.00285	0.00830	0.01341	0.00551	0.01118
5	0.02131	0.02364	0.07289	0.16323	0.20736	0.12515	0.05891	0.04952	0.02014	0.02635	0.01540	0.01972	0.01229	0.00785	0.00802	0.00234	0.01096	0.00685	0.00443	0.14363
6	0.05311	0.10951	0.02578	0.18289	0.05771	0.20359	0.01717	0.09749	0.06066	0.02785	0.06916	0.02283	0.01831	0.00951	0.00790	0.00246	0.01081	0.00729	0.00535	0.01063
7	0.14376	0.01257	0.01653	0.01609	0.05665	0.01317	0.01191	0.02507	0.01724	0.20609	0.02367	0.02814	0.01874	0.03573	0.32709	0.00798	0.01485	0.00812	0.00638	0.01022
8	0.02113	0.02140	0.06711	0.16307	0.13061	0.02068	0.20506	0.12393	0.04767	0.03094	0.01759	0.02188	0.01334	0.00817	0.00878	0.00262	0.01123	0.00816	0.00508	0.07156
9	0.22928	0.05528	0.01547	0.12094	0.02109	0.01460	0.01062	0.01912	0.01688	0.02782	0.14846	0.03884	0.06942	0.16188	0.01538	0.00387	0.00722	0.00982	0.00590	0.00811
10	0.28436	0.02222	0.01873	0.01614	0.02105	0.15109	0.01288	0.19284	0.02350	0.03599	0.01634	0.01923	0.01304	0.01794	0.11568	0.00434	0.01181	0.00639	0.00589	0.01056
11	0.02414	0.10391	0.02597	0.02430	0.15133	0.17475	0.01627	0.13946	0.07614	0.02999	0.02882	0.02964	0.11773	0.01096	0.00820	0.00246	0.00986	0.00862	0.00598	0.01147
12	0.01490	0.00964	0.01224	0.01142	0.01386	0.00974	0.00864	0.01795	0.01562	0.04669	0.02410	0.03335	0.02143	0.11348	0.29459	0.00767	0.01298	0.00861	0.21931	0.10378
13	0.02144	0.01726	0.01883	0.01646	0.02004	0.05787	0.01293	0.25886	0.02581	0.03414	0.02973	0.17346	0.06464	0.02455	0.13064	0.00486	0.05898	0.01204	0.00702	0.01045
14	0.01293	0.00975	0.01158	0.01137	0.01240	0.01028	0.00772	0.01589	0.06438	0.02114	0.07949	0.12938	0.10830	0.35151	0.06925	0.00627	0.05129	0.01391	0.00626	0.00690
15	0.01107	0.00857	0.01014	0.01037	0.01254	0.00765	0.00780	0.01390	0.02053	0.02672	0.26204	0.16407	0.32326	0.02106	0.01031	0.00298	0.00460	0.06653	0.00838	0.00748
16	0.08110	0.03016	0.02337	0.04830	0.06467	0.34567	0.01611	0.18295	0.02667	0.03119	0.01989	0.02148	0.05252	0.00982	0.00795	0.00241	0.01197	0.00700	0.00571	0.01105
17	0.02434	0.02296	0.02770	0.08844	0.27724	0.12759	0.02026	0.15514	0.02395	0.03159	0.01697	0.02073	0.01355	0.00904	0.00933	0.00254	0.05124	0.00727	0.05802	0.01211
18	0.01996	0.01518	0.02006	0.06056	0.05540	0.01653	0.01418	0.06202	0.07070	0.10056	0.02568	0.17506	0.02443	0.01426	0.01305	0.00286	0.15913	0.01120	0.00645	0.13276
19	0.06866	0.01341	0.01466	0.01327	0.01546	0.04246	0.00974	0.02065	0.08988	0.02486	0.11739	0.04022	0.03096	0.25265	0.06480	0.00530	0.08829	0.01023	0.00598	0.07113
20	0.01946	0.13000	0.03024	0.07326	0.16030	0.02030	0.08754	0.02343	0.01710	0.06327	0.01765	0.02348	0.01500	0.02263	0.17477	0.00540	0.09319	0.00780	0.00453	0.01064
21	0.08202	0.01930	0.02729	0.21539	0.14809	0.09363	0.11668	0.02361	0.01780	0.02418	0.01705	0.02627	0.01500	0.12233	0.01412	0.00359	0.01117	0.00827	0.00437	0.00984
22	0.10419	0.01518	0.02348	0.34757	0.18089	0.01725	0.01991	0.02150	0.01714	0.02507	0.02017	0.13205	0.01898	0.01121	0.00849	0.00284	0.00944	0.00996	0.00473	0.00993

[dist]
# distance from previous block
# <min> <max>
10	19

[block]
# block no. 2 follows, 21 sequences, length 12
# corresponding to MSA columns:
# 77-88
name=unknown_C
#
# <colnr> <probs for GDERKNQSTAVLIFYWHMCP>
#	G	D	E	R	K	N	Q	S	T	A	V	L	I	F	Y	W	H	M	C	P
0	0.01809	0.01761	0.02561	0.49192	0.13012	0.07781	0.02220	0.02272	0.01758	0.02199	0.01504	0.02201	0.01182	0.00983	0.01009	0.05338	0.01128	0.00736	0.00389	0.00963
1	0.01801	0.01671	0.02829	0.38490	0.29432	0.01873	0.02364	0.02286	0.01761	0.02377	0.01546	0.02223	0.01242	0.00943	0.01000	0.04878	0.01060	0.00756	0.00395	0.01073
2	0.01830	0.01770	0.02577	0.08884	0.29173	0.07590	0.04242	0.02241	0.01778	0.02389	0.01968	0.06767	0.01806	0.02535	0.20032	0.00584	0.01422	0.00900	0.00453	0.01059
3	0.10099	0.02472	0.02546	0.02275	0.06689	0.19188	0.07018	0.13444	0.02311	0.03081	0.07240	0.02228	0.01818	0.01074	0.01213	0.00274	0.14637	0.00765	0.00554	0.01075
4	0.01745	0.14558	0.01960	0.01309	0.01719	0.07036	0.01067	0.08619	0.04629	0.02583	0.04849	0.08417	0.28529	0.02026	0.06916	0.00361	0.00854	0.01241	0.00659	0.00922
5	0.01760	0.01488	0.01508	0.01375	0.01596	0.07337	0.01000	0.10492	0.05789	0.02513	0.03239	0.08082	0.10324	0.27002	0.07787	0.00573	0.05524	0.01166	0.00615	0.00830
6	0.01621	0.01497	0.01514	0.01472	0.01683	0.13477	0.01131	0.01918	0.01603	0.02104	0.02142	0.02985	0.01937	0.04852	0.48247	0.01044	0.01968	0.00832	0.07167	0.00806
7	0.01391	0.01074	0.01510	0.01443	0.01599	0.01273	0.01122	0.04992	0.01501	0.02148	0.02195	0.03321	0.02078	0.10959	0.51975	0.01169	0.08064	0.00916	0.00476	0.00794
8	0.01576	0.01390	0.01965	0.01655	0.01952	0.01530	0.04592	0.01866	0.01480	0.02219	0.01774	0.02667	0.01668	0.08639	0.23563	0.00673	0.19156	0.00793	0.00450	0.20392
9	0.01774	0.15471	0.02469	0.01688	0.01946	0.05272	0.01415	0.01989	0.01609	0.02129	0.02874	0.08594	0.13463	0.01495	0.01673	0.00298	0.30314	0.01006	0.00493	0.04030
10	0.16268	0.13886	0.14305	0.02464	0.10762	0.02198	0.12762	0.02538	0.01742	0.02779	0.01422	0.01776	0.01143	0.00794	0.00856	0.00248	0.05163	0.00648	0.00427	0.07821
11	0.17547	0.16880	0.02814	0.13706	0.13794	0.17392	0.01749	0.02684	0.01863	0.02561	0.01345	0.01694	0.01110	0.00802	0.00698	0.00237	0.01061	0.00583	0.00427	0.01052

[dist]
# distance from previous block
# <min> <max>
0	16

[block]
# block no. 3 follows, 21 sequences, length 30
# corresponding to MSA columns:
# 105-134
name=unknown_D
#
# <colnr> <probs for GDERKNQSTAVLIFYWHMCP>
#	G	D	E	R	K	N	Q	S	T	A	V	L	I	F	Y	W	H	M	C	P
0	0.06011	0.02246	0.02365	0.04567	0.02537	0.15336	0.05825	0.18233	0.02353	0.03089	0.01727	0.02177	0.01423	0.02130	0.15012	0.00497	0.09471	0.00742	0.00548	0.03713
1	0.02406	0.02622	0.02286	0.02025	0.02298	0.28350	0.01597	0.08284	0.02027	0.02369	0.01509	0.02029	0.01334	0.02130	0.13998	0.00489	0.22115	0.00699	0.00461	0.00971
2	0.08721	0.02858	0.16721	0.08847	0.02874	0.19568	0.01844	0.03011	0.12448	0.02714	0.01903	0.02162	0.01475	0.01222	0.04546	0.00318	0.01164	0.00690	0.05840	0.01074
3	0.27351	0.16477	0.02547	0.07569	0.05787	0.10180	0.01488	0.09652	0.01966	0.03086	0.01349	0.01627	0.01097	0.00869	0.00807	0.00249	0.05788	0.00569	0.00491	0.01053
4	0.02306	0.02288	0.02015	0.09725	0.05571	0.23495	0.01430	0.08604	0.02264	0.05575	0.07979	0.03312	0.08436	0.08569	0.01218	0.00307	0.01032	0.00906	0.00593	0.04375
5	0.16225	0.02586	0.02144	0.01794	0.02347	0.19833	0.01427	0.28175	0.06736	0.03903	0.02147	0.02201	0.04856	0.01012	0.00779	0.00251	0.01004	0.00721	0.00677	0.01179
6	0.01832	0.02267	0.19846	0.02438	0.15586	0.01581	0.01930	0.02632	0.10146	0.07963	0.06761	0.09773	0.11063	0.01282	0.00892	0.00278	0.00847	0.01105	0.00631	0.01150
7	0.01238	0.00825	0.00928	0.00928	0.00928	0.00825	0.00516	0.01238	0.01238	0.01650	0.02681	0.05569	0.03094	0.70092	0.04331	0.00825	0.00825	0.01238	0.00516	0.00516
8	0.01085	0.00851	0.00981	0.00979	0.01206	0.00747	0.00723	0.01362	0.02080	0.02705	0.29216	0.14812	0.36099	0.02059	0.01015	0.00287	0.00427	0.01773	0.00846	0.00747
9	0.01682	0.07529	0.25553	0.23907	0.04044	0.01964	0.07725	0.02333	0.01739	0.02393	0.01816	0.08817	0.01579	0.01028	0.00943	0.00282	0.04311	0.00878	0.00416	0.01060
10	0.02552	0.01774	0.02208	0.05476	0.11339	0.01860	0.01534	0.20383	0.12723	0.14957	0.06641	0.03327	0.09074	0.01169	0.00879	0.00268	0.00790	0.00970	0.00803	0.01275
11	0.01238	0.00825	0.00928	0.00928	0.00928	0.00825	0.00516	0.01238	0.01238	0.01650	0.02681	0.05569	0.03094	0.70092	0.04331	0.00825	0.00825	0.01238	0.00516	0.00516
12	0.03179	0.04056	0.02412	0.02192	0.02631	0.66676	0.01644	0.03398	0.02412	0.02083	0.01315	0.01535	0.01096	0.00877	0.00767	0.00219	0.01535	0.00548	0.00438	0.00987
13	0.02106	0.02022	0.03454	0.05223	0.64784	0.02022	0.02612	0.02612	0.01938	0.02780	0.01601	0.02106	0.01348	0.00758	0.00842	0.00253	0.01011	0.00758	0.00421	0.01348
14	0.02147	0.02109	0.02831	0.31833	0.24532	0.10684	0.02274	0.08525	0.02107	0.02684	0.01569	0.02094	0.01231	0.00841	0.00837	0.00262	0.01127	0.00730	0.00448	0.01134
15	0.02596	0.03097	0.02363	0.02121	0.02403	0.41336	0.01649	0.02814	0.01982	0.02062	0.01355	0.01813	0.01207	0.01612	0.08026	0.00380	0.21172	0.00642	0.00421	0.00947
16	0.01591	0.01216	0.01739	0.01503	0.01774	0.01301	0.09023	0.02204	0.10011	0.02596	0.02534	0.03465	0.02225	0.14697	0.14652	0.00578	0.04241	0.00947	0.22837	0.00866
17	0.01235	0.00834	0.00973	0.00973	0.00988	0.00849	0.00571	0.01266	0.01251	0.01683	0.02641	0.05344	0.02996	0.63651	0.10639	0.00880	0.00972	0.01205	0.00510	0.00540
18	0.01180	0.00965	0.01064	0.01077	0.01278	0.03423	0.00784	0.01452	0.02068	0.02697	0.29264	0.22179	0.25334	0.02065	0.01015	0.00291	0.00480	0.01797	0.00834	0.00756
19	0.02106	0.02022	0.03454	0.05223	0.64784	0.02022	0.02612	0.02612	0.01938	0.02780	0.01601	0.02106	0.01348	0.00758	0.00842	0.00253	0.01011	0.00758	0.00421	0.01348
20	0.01849	0.01592	0.01890	0.01394	0.02070	0.01359	0.01125	0.05153	0.01831	0.02831	0.01499	0.01789	0.01255	0.00737	0.00860	0.00157	0.07511	0.00542	0.00508	0.64048
21	0.02171	0.01594	0.01761	0.01760	0.07681	0.07065	0.01224	0.06879	0.08959	0.14904	0.04256	0.14772	0.16681	0.01514	0.00908	0.00273	0.00723	0.01278	0.00774	0.04825
22	0.01523	0.01458	0.01374	0.01334	0.01551	0.12834	0.00993	0.01749	0.01679	0.02030	0.03708	0.04500	0.17286	0.12960	0.30298	0.00823	0.01497	0.01106	0.00542	0.00758
23	0.08617	0.01102	0.01269	0.01135	0.01415	0.01086	0.00845	0.06220	0.02141	0.10012	0.28653	0.05036	0.08568	0.15689	0.01607	0.00380	0.00589	0.01234	0.03536	0.00867
24	0.02824	0.01934	0.02753	0.02693	0.16327	0.01966	0.08343	0.16067	0.13052	0.21205	0.02526	0.02521	0.01793	0.00962	0.00870	0.00266	0.00903	0.00850	0.00770	0.01375
25	0.15088	0.01419	0.01949	0.09116	0.21766	0.01494	0.01461	0.01992	0.01605	0.02518	0.02398	0.06957	0.05599	0.21125	0.01823	0.00431	0.00845	0.00992	0.00504	0.00917
26	0.06790	0.09354	0.02586	0.05074	0.02500	0.02010	0.11590	0.14171	0.11780	0.03170	0.02204	0.02878	0.01864	0.13445	0.01438	0.00359	0.00911	0.00871	0.05937	0.01067
27	0.01841	0.28879	0.23001	0.02029	0.07077	0.02294	0.04886	0.02367	0.01817	0.02365	0.02695	0.02836	0.12592	0.01014	0.00756	0.00239	0.00966	0.00801	0.00447	0.01098
28	0.12847	0.17142	0.03523	0.02302	0.02973	0.17269	0.20477	0.08798	0.02165	0.02844	0.01471	0.01769	0.01168	0.00797	0.00770	0.00243	0.01187	0.00682	0.00474	0.01097
29	0.06065	0.01753	0.05694	0.04872	0.16022	0.01879	0.01830	0.06407	0.01787	0.02643	0.02004	0.03238	0.01879	0.02200	0.13280	0.00506	0.17689	0.08729	0.00497	0.01026

[dist]
# distance from previous block
# <min> <max>
1	25

[block]
# block no. 4 follows, 21 sequences, length 7
# corresponding to MSA columns:
# 160-166
name=unknown_E
#
# <colnr> <probs for GDERKNQSTAVLIFYWHMCP>
#	G	D	E	R	K	N	Q	S	T	A	V	L	I	F	Y	W	H	M	C	P
0	0.01057	0.00783	0.01022	0.01162	0.01261	0.00747	0.00807	0.01237	0.01639	0.02164	0.04940	0.51175	0.13898	0.03108	0.10224	0.00479	0.00733	0.02116	0.00743	0.00705
1	0.01340	0.00853	0.01161	0.01163	0.01189	0.00911	0.00786	0.01267	0.01254	0.01711	0.02299	0.11168	0.02509	0.23618	0.12182	0.29682	0.04792	0.01105	0.00474	0.00537
2	0.02155	0.01643	0.08928	0.01560	0.02004	0.01401	0.01368	0.02665	0.07211	0.21425	0.04045	0.15328	0.13941	0.01580	0.01189	0.00300	0.10139	0.01271	0.00769	0.01079
3	0.02022	0.14801	0.10611	0.19752	0.23831	0.06560	0.02297	0.02522	0.01821	0.02390	0.01449	0.01925	0.01187	0.00829	0.00885	0.00254	0.04660	0.00673	0.00391	0.01143
4	0.13689	0.09829	0.02482	0.07841	0.11763	0.08015	0.01586	0.17805	0.02465	0.03497	0.10874	0.02487	0.02229	0.00992	0.00780	0.00249	0.00894	0.00777	0.00616	0.01131
5	0.16520	0.11634	0.02452	0.04957	0.02452	0.07829	0.04301	0.15144	0.15725	0.03517	0.05831	0.02317	0.01904	0.00975	0.00759	0.00255	0.00874	0.00748	0.00651	0.01157
6	0.02605	0.12199	0.17511	0.06457	0.10332	0.15380	0.02057	0.06977	0.02185	0.13778	0.01805	0.01962	0.01327	0.00866	0.00782	0.00244	0.01114	0.00661	0.00541	0.01217

[dist]
# distance from previous block
# <min> <max>
19	102

[block]
# block no. 5 follows, 21 sequences, length 137
# corresponding to MSA columns:
# 269-405
name=unknown_F
#
# <colnr> <probs for GDERKNQSTAVLIFYWHMCP>
#	G	D	E	R	K	N	Q	S	T	A	V	L	I	F	Y	W	H	M	C	P
0	0.15660	0.12545	0.04995	0.05353	0.01985	0.01771	0.01178	0.02439	0.12317	0.02845	0.12630	0.03556	0.05489	0.12319	0.01339	0.00349	0.00734	0.00934	0.00619	0.00946
1	0.01827	0.01852	0.05865	0.08989	0.15340	0.04853	0.04962	0.05178	0.05175	0.02666	0.02963	0.03280	0.12301	0.01434	0.04568	0.00328	0.08147	0.00942	0.05082	0.04247
2	0.02151	0.06793	0.12892	0.02463	0.13208	0.15221	0.01866	0.03158	0.19251	0.02726	0.02384	0.09918	0.02079	0.01119	0.00838	0.00265	0.00999	0.00923	0.00579	0.01168
3	0.06012	0.15381	0.09302	0.01661	0.02201	0.05839	0.01540	0.02388	0.05089	0.02516	0.02142	0.03430	0.02029	0.01461	0.04484	0.00319	0.07313	0.12577	0.00520	0.13795
4	0.05636	0.23870	0.12234	0.02432	0.12399	0.05754	0.09521	0.02423	0.01735	0.02327	0.01420	0.01862	0.01208	0.01098	0.01130	0.11833	0.01038	0.00648	0.00394	0.01037
5	0.02322	0.38424	0.17981	0.02000	0.06006	0.08173	0.01938	0.09460	0.02073	0.02594	0.01394	0.01596	0.01144	0.00794	0.00675	0.00217	0.01050	0.00555	0.00428	0.01176
6	0.02631	0.30491	0.03351	0.05485	0.06413	0.09066	0.01643	0.22535	0.05229	0.03257	0.01625	0.01780	0.01294	0.00867	0.00718	0.00225	0.00988	0.00625	0.00560	0.01219
7	0.02025	0.03891	0.41798	0.02634	0.03666	0.13160	0.15418	0.02823	0.01948	0.02596	0.01532	0.01858	0.01127	0.00801	0.00843	0.00265	0.01343	0.00695	0.00388	0.01187
8	0.01223	0.00882	0.01219	0.01219	0.01320	0.00983	0.00879	0.01424	0.01324	0.01866	0.02415	0.04095	0.02454	0.27904	0.45645	0.01184	0.01788	0.01022	0.00476	0.00677
9	0.02236	0.55568	0.14506	0.01662	0.02460	0.06978	0.01748	0.02624	0.01782	0.02122	0.01248	0.01447	0.01090	0.00750	0.00603	0.00199	0.01006	0.00490	0.00368	0.01113
10	0.01037	0.00741	0.00987	0.01185	0.01234	0.00691	0.00790	0.01185	0.01629	0.02172	0.04690	0.69537	0.05629	0.02666	0.01086	0.00346	0.00494	0.02419	0.00790	0.00691
11	0.01098	0.00866	0.00990	0.00959	0.01206	0.00758	0.00719	0.01400	0.02158	0.02817	0.34532	0.07337	0.38204	0.01962	0.01005	0.00278	0.00417	0.01677	0.00858	0.00758
12	0.03141	0.03555	0.02421	0.02115	0.02613	0.48488	0.01624	0.17223	0.05732	0.02926	0.01591	0.01734	0.01251	0.00924	0.00792	0.00231	0.01352	0.00619	0.00556	0.01112
13	0.02157	0.48512	0.21808	0.01768	0.02633	0.06039	0.01946	0.02631	0.01781	0.02204	0.01288	0.01496	0.01088	0.00758	0.00632	0.00209	0.01039	0.00509	0.00366	0.01134
14	0.01438	0.01239	0.01794	0.01666	0.01766	0.01595	0.01339	0.01702	0.01346	0.02000	0.01879	0.02833	0.01780	0.04698	0.44709	0.01025	0.25092	0.00854	0.00427	0.00819
15	0.01018	0.00863	0.00879	0.00875	0.01157	0.00724	0.00656	0.01245	0.01968	0.02367	0.12002	0.08079	0.61016	0.02130	0.01006	0.00286	0.00429	0.01780	0.00799	0.00724
16	0.01037	0.00741	0.00987	0.01185	0.01234	0.00691	0.00790	0.01185	0.01629	0.02172	0.04690	0.69537	0.05629	0.02666	0.01086	0.00346	0.00494	0.02419	0.00790	0.00691
17	0.01084	0.00777	0.01030	0.01153	0.01245	0.00723	0.00794	0.01304	0.01850	0.02524	0.21607	0.51617	0.06310	0.02403	0.01063	0.00324	0.00468	0.02170	0.00832	0.00723
18	0.01926	0.01800	0.02986	0.34645	0.34029	0.01990	0.02447	0.05282	0.01927	0.02620	0.01581	0.02180	0.01252	0.00815	0.00847	0.00267	0.01065	0.00758	0.00422	0.01163
19	0.02051	0.01966	0.03355	0.12119	0.58317	0.02008	0.02584	0.02564	0.01912	0.02714	0.01591	0.02124	0.01325	0.00768	0.00843	0.00256	0.01025	0.00758	0.00417	0.01304
20	0.03179	0.04056	0.02412	0.02192	0.02631	0.66676	0.01644	0.03398	0.02412	0.02083	0.01315	0.01535	0.01096	0.00877	0.00767	0.00219	0.01535	0.00548	0.00438	0.00987
21	0.25617	0.01857	0.02143	0.24019	0.03415	0.02157	0.01650	0.23048	0.02421	0.03800	0.01594	0.01911	0.01176	0.00891	0.00749	0.00267	0.00916	0.00667	0.00589	0.01112
22	0.01887	0.01759	0.02949	0.04396	0.51760	0.01749	0.02238	0.02319	0.01875	0.02656	0.02234	0.15926	0.02225	0.01149	0.00892	0.00272	0.00905	0.01099	0.00497	0.01213
23	0.02834	0.02185	0.02328	0.01877	0.02486	0.02452	0.01521	0.41375	0.25224	0.04717	0.02552	0.02449	0.01859	0.01069	0.00857	0.00267	0.00842	0.00836	0.00857	0.01411
24	0.01006	0.00862	0.00862	0.00862	0.01149	0.00718	0.00647	0.01221	0.01940	0.02299	0.08621	0.08190	0.64438	0.02155	0.01006	0.00287	0.00431	0.01796	0.00790	0.00718
25	0.02200	0.02030	0.03300	0.08715	0.54352	0.02082	0.02487	0.09097	0.02150	0.03027	0.01644	0.02109	0.01346	0.00793	0.00844	0.00255	0.01010	0.00759	0.00466	0.01334
26	0.01887	0.25390	0.46273	0.02118	0.03208	0.02417	0.02609	0.02649	0.01775	0.02475	0.01418	0.01660	0.01082	0.00783	0.00725	0.00242	0.01147	0.00574	0.00361	0.01205
27	0.01074	0.00767	0.01030	0.01227	0.01292	0.00723	0.00854	0.01248	0.01665	0.02213	0.04670	0.62958	0.05548	0.02632	0.01096	0.00351	0.00526	0.08636	0.00789	0.00701
28	0.01264	0.00945	0.01222	0.01360	0.01583	0.00903	0.01158	0.01604	0.01953	0.02474	0.05717	0.09185	0.22417	0.02293	0.01126	0.00361	0.00680	0.42208	0.00786	0.00764
29	0.01909	0.11170	0.37343	0.03273	0.24451	0.02151	0.02768	0.02650	0.01837	0.02645	0.01513	0.01853	0.01172	0.00782	0.00790	0.00254	0.01133	0.00653	0.00381	0.01270
30	0.02496	0.02953	0.31316	0.02350	0.03320	0.01763	0.14491	0.03201	0.02060	0.24282	0.02197	0.02278	0.01476	0.00874	0.00865	0.00271	0.01110	0.00784	0.00613	0.01301
31	0.67581	0.01961	0.08632	0.01269	0.01879	0.01917	0.01176	0.02524	0.01488	0.03690	0.01224	0.01430	0.00940	0.00792	0.00559	0.00264	0.00727	0.00480	0.00507	0.00960
32	0.01383	0.01234	0.01726	0.02282	0.21496	0.01146	0.01295	0.01715	0.02000	0.02596	0.13564	0.06010	0.37006	0.01655	0.00953	0.00274	0.00613	0.01431	0.00691	0.00930
33	0.01478	0.00739	0.01109	0.01109	0.01109	0.00739	0.00739	0.01109	0.01109	0.01478	0.01478	0.02587	0.01478	0.02956	0.03326	0.75240	0.00739	0.00739	0.00370	0.00370
34	0.27010	0.01242	0.01310	0.01163	0.01568	0.01253	0.00918	0.02364	0.01993	0.16056	0.21068	0.08029	0.10123	0.01378	0.00818	0.00272	0.00563	0.01115	0.00798	0.00960
35	0.02106	0.01059	0.01231	0.01095	0.01401	0.01032	0.00825	0.02604	0.07473	0.18339	0.06702	0.03689	0.02704	0.12332	0.01318	0.00329	0.00573	0.00942	0.33287	0.00961
36	0.01765	0.01513	0.01765	0.01260	0.02017	0.01134	0.01008	0.02143	0.01765	0.02773	0.01513	0.01765	0.01260	0.00630	0.00630	0.00126	0.00630	0.00504	0.00504	0.75295
37	0.02106	0.02022	0.03454	0.05223	0.64784	0.02022	0.02612	0.02612	0.01938	0.02780	0.01601	0.02106	0.01348	0.00758	0.00842	0.00253	0.01011	0.00758	0.00421	0.01348
38	0.01707	0.04402	0.65683	0.02426	0.03683	0.01976	0.03144	0.02695	0.01797	0.02695	0.01527	0.01797	0.01078	0.00809	0.00809	0.00270	0.01258	0.00629	0.00359	0.01258
39	0.03179	0.04056	0.02412	0.02192	0.02631	0.66676	0.01644	0.03398	0.02412	0.02083	0.01315	0.01535	0.01096	0.00877	0.00767	0.00219	0.01535	0.00548	0.00438	0.00987
40	0.01031	0.00801	0.00938	0.01036	0.01198	0.00708	0.00727	0.01220	0.01803	0.02285	0.09155	0.39341	0.31929	0.02396	0.01047	0.00316	0.00462	0.02102	0.00797	0.00708
41	0.02201	0.02226	0.03284	0.08436	0.54326	0.09421	0.02487	0.02677	0.01979	0.02666	0.01563	0.02050	0.01307	0.00777	0.00834	0.00251	0.01078	0.00734	0.00421	0.01284
42	0.01333	0.00967	0.01318	0.01494	0.01699	0.00952	0.01296	0.01707	0.01957	0.02521	0.04936	0.09452	0.11123	0.02330	0.01158	0.00381	0.00747	0.53069	0.00784	0.00777
43	0.01006	0.00862	0.00862	0.00862	0.01149	0.00718	0.00647	0.01221	0.01940	0.02299	0.08621	0.08190	0.64438	0.02155	0.01006	0.00287	0.00431	0.01796	0.00790	0.00718
44	0.01607	0.01513	0.02552	0.68047	0.05861	0.01891	0.02363	0.02174	0.01702	0.02174	0.01513	0.02269	0.01134	0.00851	0.00851	0.00284	0.01134	0.00756	0.00378	0.00945
45	0.01804	0.03822	0.50527	0.03107	0.18565	0.01987	0.03015	0.02675	0.01831	0.02716	0.01545	0.01872	0.01144	0.00796	0.00817	0.00265	0.01198	0.00660	0.00374	0.01280
46	0.01607	0.01513	0.02552	0.68047	0.05861	0.01891	0.02363	0.02174	0.01702	0.02174	0.01513	0.02269	0.01134	0.00851	0.00851	0.00284	0.01134	0.00756	0.00378	0.00945
47	0.01930	0.01632	0.01763	0.01596	0.02020	0.01847	0.01236	0.03924	0.50778	0.03530	0.15939	0.03827	0.03711	0.01274	0.00894	0.00284	0.00618	0.01080	0.00880	0.01236
48	0.02959	0.20224	0.02909	0.02014	0.02522	0.51295	0.01599	0.03192	0.02246	0.02063	0.01283	0.01493	0.01095	0.00841	0.00714	0.00210	0.01383	0.00525	0.00420	0.01012
49	0.02338	0.02096	0.03270	0.04554	0.52048	0.02148	0.02408	0.14772	0.02361	0.03310	0.01691	0.02093	0.01368	0.00812	0.00844	0.00253	0.00996	0.00760	0.00509	0.01368
50	0.02039	0.01951	0.03295	0.04956	0.60884	0.01942	0.02491	0.02527	0.01938	0.02751	0.02031	0.02479	0.05214	0.00844	0.00853	0.00255	0.00975	0.00822	0.00444	0.01309
51	0.01017	0.00863	0.00877	0.00874	0.01156	0.00723	0.00655	0.01243	0.01966	0.02361	0.11731	0.08088	0.61289	0.02132	0.01006	0.00286	0.00429	0.01782	0.00798	0.00723
52	0.03179	0.04056	0.02412	0.02192	0.02631	0.66676	0.01644	0.03398	0.02412	0.02083	0.01315	0.01535	0.01096	0.00877	0.00767	0.00219	0.01535	0.00548	0.00438	0.00987
53	0.01478	0.00739	0.01109	0.01109	0.01109	0.00739	0.00739	0.01109	0.01109	0.01478	0.01478	0.02587	0.01478	0.02956	0.03326	0.75240	0.00739	0.00739	0.00370	0.00370
54	0.03179	0.04056	0.02412	0.02192	0.02631	0.66676	0.01644	0.03398	0.02412	0.02083	0.01315	0.01535	0.01096	0.00877	0.00767	0.00219	0.01535	0.00548	0.00438	0.00987
55	0.01216	0.00912	0.01368	0.01368	0.01520	0.01064	0.01064	0.01520	0.01368	0.01976	0.02279	0.03343	0.02127	0.06382	0.66720	0.01368	0.02279	0.00912	0.00456	0.00760
56	0.01008	0.00855	0.00870	0.00882	0.01155	0.00717	0.00655	0.01219	0.01921	0.02291	0.08383	0.11912	0.60870	0.02186	0.01011	0.00291	0.00435	0.01834	0.00790	0.00717
57	0.01037	0.00741	0.00987	0.01185	0.01234	0.00691	0.00790	0.01185	0.01629	0.02172	0.04690	0.69537	0.05629	0.02666	0.01086	0.00346	0.00494	0.02419	0.00790	0.00691
58	0.02106	0.02022	0.03454	0.05223	0.64784	0.02022	0.02612	0.02612	0.01938	0.02780	0.01601	0.02106	0.01348	0.00758	0.00842	0.00253	0.01011	0.00758	0.00421	0.01348
59	0.02106	0.02022	0.03454	0.05223	0.64784	0.02022	0.02612	0.02612	0.01938	0.02780	0.01601	0.02106	0.01348	0.00758	0.00842	0.00253	0.01011	0.00758	0.00421	0.01348
60	0.03179	0.04056	0.02412	0.02192	0.02631	0.66676	0.01644	0.03398	0.02412	0.02083	0.01315	0.01535	0.01096	0.00877	0.00767	0.00219	0.01535	0.00548	0.00438	0.00987
61	0.03179	0.04056	0.02412	0.02192	0.02631	0.66676	0.01644	0.03398	0.02412	0.02083	0.01315	0.01535	0.01096	0.00877	0.00767	0.00219	0.01535	0.00548	0.00438	0.00987
62	0.01826	0.03410	0.41018	0.03091	0.20830	0.01897	0.02759	0.02611	0.01833	0.02728	0.01546	0.01881	0.01175	0.00775	0.00799	0.00249	0.01119	0.00652	0.00393	0.09409
63	0.01037	0.00741	0.00987	0.01185	0.01234	0.00691	0.00790	0.01185	0.01629	0.02172	0.04690	0.69537	0.05629	0.02666	0.01086	0.00346	0.00494	0.02419	0.00790	0.00691
64	0.01037	0.00741	0.00987	0.01185	0.01234	0.00691	0.00790	0.01185	0.01629	0.02172	0.04690	0.69537	0.05629	0.02666	0.01086	0.00346	0.00494	0.02419	0.00790	0.00691
65	0.02731	0.02922	0.02709	0.03066	0.22248	0.29701	0.01914	0.11900	0.09173	0.02949	0.01749	0.01970	0.01392	0.00891	0.00814	0.00243	0.01186	0.00692	0.00541	0.01208
66	0.02431	0.59140	0.04107	0.01583	0.02261	0.14274	0.01489	0.02695	0.01847	0.02016	0.01206	0.01394	0.01093	0.00754	0.00584	0.00188	0.01018	0.00471	0.00377	0.01074
67	0.03179	0.04056	0.02412	0.02192	0.02631	0.66676	0.01644	0.03398	0.02412	0.02083	0.01315	0.01535	0.01096	0.00877	0.00767	0.00219	0.01535	0.00548	0.00438	0.00987
68	0.01182	0.00869	0.01106	0.01047	0.01257	0.00793	0.00785	0.01562	0.02355	0.03286	0.57986	0.06566	0.14457	0.01787	0.01004	0.00270	0.00405	0.01568	0.00920	0.00793
69	0.02275	0.70604	0.04459	0.01456	0.02184	0.03367	0.01456	0.02548	0.01729	0.02002	0.01183	0.01365	0.01092	0.00728	0.00546	0.00182	0.00910	0.00455	0.00364	0.01092
70	0.02023	0.01957	0.03211	0.08050	0.47245	0.02148	0.02427	0.02459	0.01780	0.02580	0.01486	0.02060	0.01283	0.00930	0.01287	0.00282	0.16400	0.00755	0.00408	0.01231
71	0.01006	0.00862	0.00862	0.00862	0.01149	0.00718	0.00647	0.01221	0.01940	0.02299	0.08621	0.08190	0.64438	0.02155	0.01006	0.00287	0.00431	0.01796	0.00790	0.00718
72	0.01216	0.00912	0.01368	0.01368	0.01520	0.01064	0.01064	0.01520	0.01368	0.01976	0.02279	0.03343	0.02127	0.06382	0.66720	0.01368	0.02279	0.00912	0.00456	0.00760
73	0.02515	0.18322	0.06613	0.02346	0.08888	0.25401	0.01829	0.06078	0.02036	0.02347	0.01327	0.01665	0.01144	0.00961	0.01147	0.00251	0.15022	0.00606	0.00425	0.01077
74	0.32243	0.14664	0.25472	0.01713	0.02537	0.05635	0.01867	0.02628	0.01676	0.03001	0.01317	0.01539	0.01018	0.00791	0.00646	0.00249	0.00968	0.00526	0.00433	0.01078
75	0.01006	0.00862	0.00862	0.00862	0.01149	0.00718	0.00647	0.01221	0.01940	0.02299	0.08621	0.08190	0.64438	0.02155	0.01006	0.00287	0.00431	0.01796	0.00790	0.00718
76	0.01216	0.00912	0.01368	0.01368	0.01520	0.01064	0.01064	0.01520	0.01368	0.01976	0.02279	0.03343	0.02127	0.06382	0.66720	0.01368	0.02279	0.00912	0.00456	0.00760
77	0.02498	0.14457	0.03225	0.06193	0.29373	0.22124	0.02057	0.05697	0.02137	0.02531	0.01459	0.01807	0.01222	0.00806	0.00769	0.00232	0.01156	0.00642	0.00436	0.01180
78	0.02106	0.02022	0.03454	0.05223	0.64784	0.02022	0.02612	0.02612	0.01938	0.02780	0.01601	0.02106	0.01348	0.00758	0.00842	0.00253	0.01011	0.00758	0.00421	0.01348
79	0.01824	0.11623	0.48219	0.02515	0.03643	0.02166	0.13037	0.02684	0.01825	0.02621	0.01521	0.01833	0.01116	0.00784	0.00812	0.00262	0.01248	0.00674	0.00372	0.01220
80	0.03122	0.03961	0.02420	0.02194	0.02614	0.63899	0.01654	0.03340	0.02364	0.02081	0.01307	0.01549	0.01097	0.00904	0.00855	0.00226	0.04438	0.00557	0.00436	0.00984
81	0.01137	0.00867	0.01044	0.01000	0.01230	0.00774	0.00750	0.01475	0.02250	0.03035	0.45439	0.06979	0.27161	0.01881	0.01004	0.00274	0.00412	0.01626	0.00887	0.00774
82	0.02295	0.63303	0.07662	0.01550	0.02290	0.06826	0.01558	0.02604	0.01771	0.02044	0.01209	0.01398	0.01092	0.00741	0.00573	0.00189	0.00964	0.00470	0.00368	0.01095
83	0.02275	0.70604	0.04459	0.01456	0.02184	0.03367	0.01456	0.02548	0.01729	0.02002	0.01183	0.01365	0.01092	0.00728	0.00546	0.00182	0.00910	0.00455	0.00364	0.01092
84	0.01034	0.00838	0.00918	0.00951	0.01180	0.00722	0.00693	0.01256	0.01928	0.02395	0.13930	0.20561	0.46195	0.02214	0.01022	0.00297	0.00441	0.01896	0.00806	0.00722
85	0.01184	0.00803	0.00944	0.00997	0.01010	0.00789	0.00589	0.01224	0.01342	0.01789	0.03216	0.22599	0.03769	0.52142	0.03468	0.00697	0.00737	0.01552	0.00589	0.00562
86	0.01238	0.00825	0.00928	0.00928	0.00928	0.00825	0.00516	0.01238	0.01238	0.01650	0.02681	0.05569	0.03094	0.70092	0.04331	0.00825	0.00825	0.01238	0.00516	0.00516
87	0.01790	0.01001	0.01314	0.01160	0.01470	0.00901	0.00897	0.02165	0.02390	0.17486	0.47408	0.05667	0.09734	0.01606	0.00970	0.00268	0.00477	0.01397	0.00955	0.00946
88	0.01238	0.00825	0.00928	0.00928	0.00928	0.00825	0.00516	0.01238	0.01238	0.01650	0.02681	0.05569	0.03094	0.70092	0.04331	0.00825	0.00825	0.01238	0.00516	0.00516
89	0.02275	0.70604	0.04459	0.01456	0.02184	0.03367	0.01456	0.02548	0.01729	0.02002	0.01183	0.01365	0.01092	0.00728	0.00546	0.00182	0.00910	0.00455	0.00364	0.01092
90	0.02117	0.01828	0.01924	0.01732	0.02213	0.02117	0.01347	0.04522	0.63246	0.03560	0.03464	0.03175	0.02598	0.01155	0.00866	0.00289	0.00673	0.00962	0.00866	0.01347
91	0.01879	0.01974	0.01720	0.01646	0.01895	0.23227	0.01260	0.02154	0.01720	0.02012	0.01954	0.02732	0.01779	0.04523	0.44441	0.00980	0.02028	0.00789	0.00450	0.00836
92	0.01765	0.01513	0.01765	0.01260	0.02017	0.01134	0.01008	0.02143	0.01765	0.02773	0.01513	0.01765	0.01260	0.00630	0.00630	0.00126	0.00630	0.00504	0.00504	0.75295
93	0.01219	0.00897	0.01292	0.01292	0.01418	0.01023	0.00969	0.01471	0.01345	0.01919	0.02349	0.03727	0.02294	0.17358	0.55972	0.01274	0.02029	0.00968	0.00466	0.00718
94	0.03197	0.03521	0.02457	0.02117	0.02633	0.46208	0.01636	0.22112	0.02920	0.03131	0.01548	0.01697	0.01208	0.00923	0.00794	0.00231	0.01343	0.00618	0.00570	0.01134
95	0.01216	0.00912	0.01368	0.01368	0.01520	0.01064	0.01064	0.01520	0.01368	0.01976	0.02279	0.03343	0.02127	0.06382	0.66720	0.01368	0.02279	0.00912	0.00456	0.00760
96	0.01037	0.00741	0.00987	0.01185	0.01234	0.00691	0.00790	0.01185	0.01629	0.02172	0.04690	0.69537	0.05629	0.02666	0.01086	0.00346	0.00494	0.02419	0.00790	0.00691
97	0.03179	0.04056	0.02412	0.02192	0.02631	0.66676	0.01644	0.03398	0.02412	0.02083	0.01315	0.01535	0.01096	0.00877	0.00767	0.00219	0.01535	0.00548	0.00438	0.00987
98	0.01113	0.00866	0.01011	0.00975	0.01215	0.00764	0.00731	0.01429	0.02193	0.02900	0.38685	0.07201	0.33999	0.01931	0.01005	0.00277	0.00415	0.01657	0.00869	0.00764
99	0.02117	0.01828	0.01924	0.01732	0.02213	0.02117	0.01347	0.04522	0.63246	0.03560	0.03464	0.03175	0.02598	0.01155	0.00866	0.00289	0.00673	0.00962	0.00866	0.01347
100	0.01371	0.00980	0.01371	0.01567	0.01763	0.00980	0.01371	0.01763	0.01959	0.02547	0.04506	0.09599	0.04898	0.02351	0.01175	0.00392	0.00784	0.59056	0.00784	0.00784
101	0.03235	0.02384	0.02554	0.01958	0.02639	0.02639	0.01618	0.61946	0.04001	0.05363	0.02043	0.02043	0.01447	0.01022	0.00851	0.00255	0.00936	0.00766	0.00851	0.01447
102	0.01204	0.00870	0.01138	0.01071	0.01271	0.00803	0.00803	0.01606	0.02409	0.03413	0.64335	0.06357	0.08030	0.01740	0.01004	0.00268	0.00401	0.01539	0.00937	0.00803
103	0.01238	0.00825	0.00928	0.00928	0.00928	0.00825	0.00516	0.01238	0.01238	0.01650	0.02681	0.05569	0.03094	0.70092	0.04331	0.00825	0.00825	0.01238	0.00516	0.00516
104	0.02984	0.02141	0.02286	0.01781	0.02388	0.02358	0.01462	0.52815	0.03664	0.05030	0.02155	0.02215	0.01559	0.01017	0.00812	0.00247	0.00854	0.00770	0.12115	0.01348
105	0.01037	0.00741	0.00987	0.01185	0.01234	0.00691	0.00790	0.01185	0.01629	0.02172	0.04690	0.69537	0.05629	0.02666	0.01086	0.00346	0.00494	0.02419	0.00790	0.00691
106	0.01283	0.01011	0.01497	0.01458	0.01594	0.01225	0.01147	0.01575	0.01361	0.01983	0.02158	0.03189	0.02022	0.05872	0.60054	0.01264	0.09188	0.00894	0.00447	0.00778
107	0.02106	0.02022	0.03454	0.05223	0.64784	0.02022	0.02612	0.02612	0.01938	0.02780	0.01601	0.02106	0.01348	0.00758	0.00842	0.00253	0.01011	0.00758	0.00421	0.01348
108	0.01132	0.00842	0.00898	0.00898	0.01029	0.00776	0.00575	0.01230	0.01558	0.01946	0.05389	0.06764	0.31061	0.39120	0.02815	0.00580	0.00645	0.01492	0.00641	0.00608
109	0.03317	0.01560	0.01960	0.01578	0.02184	0.01506	0.01279	0.04258	0.20357	0.47156	0.03389	0.02979	0.02251	0.01083	0.00859	0.00271	0.00709	0.00887	0.00998	0.01418
110	0.02734	0.02458	0.02470	0.02482	0.13197	0.15438	0.01698	0.20309	0.20385	0.06633	0.02293	0.02319	0.01723	0.00987	0.00837	0.00258	0.00986	0.00781	0.00707	0.01307
111	0.03042	0.02471	0.02331	0.01885	0.02474	0.13435	0.01515	0.39079	0.10021	0.07729	0.02186	0.02189	0.01590	0.01011	0.00824	0.00250	0.00969	0.00756	0.04922	0.01320
112	0.01216	0.00912	0.01368	0.01368	0.01520	0.01064	0.01064	0.01520	0.01368	0.01976	0.02279	0.03343	0.02127	0.06382	0.66720	0.01368	0.02279	0.00912	0.00456	0.00760
113	0.01047	0.00748	0.00997	0.01178	0.01237	0.00698	0.00791	0.01210	0.01677	0.02248	0.08310	0.65703	0.05774	0.02610	0.01081	0.00341	0.00488	0.02366	0.00799	0.00698
114	0.02954	0.03696	0.02292	0.02098	0.02504	0.59160	0.01578	0.03183	0.02292	0.02070	0.01426	0.01742	0.01214	0.01508	0.08322	0.00351	0.01620	0.00590	0.00440	0.00961
115	0.01707	0.04402	0.65683	0.02426	0.03683	0.01976	0.03144	0.02695	0.01797	0.02695	0.01527	0.01797	0.01078	0.00809	0.00809	0.00270	0.01258	0.00629	0.00359	0.01258
116	0.01938	0.01850	0.03150	0.26445	0.44880	0.01978	0.02528	0.02464	0.01858	0.02576	0.01571	0.02161	0.01276	0.00790	0.00845	0.00263	0.01053	0.00758	0.00407	0.01212
117	0.01852	0.01763	0.02995	0.37201	0.34792	0.01955	0.02485	0.02389	0.01818	0.02472	0.01556	0.02189	0.01239	0.00805	0.00847	0.00268	0.01074	0.00757	0.00399	0.01143
118	0.01748	0.02703	0.23424	0.02799	0.03660	0.01852	0.32984	0.02458	0.01895	0.02630	0.02374	0.10160	0.05142	0.01047	0.00952	0.00288	0.01217	0.01091	0.00469	0.01107
119	0.01933	0.01862	0.03216	0.26376	0.42314	0.01983	0.05040	0.02469	0.01861	0.02573	0.01576	0.02169	0.01273	0.00788	0.00852	0.00265	0.01071	0.00768	0.00407	0.01203
120	0.01330	0.00989	0.01226	0.01209	0.01457	0.00943	0.00967	0.05262	0.02290	0.03071	0.33147	0.07323	0.18831	0.01943	0.01039	0.00303	0.00540	0.16450	0.00861	0.00819
121	0.17236	0.17257	0.02700	0.02070	0.09350	0.19092	0.01524	0.12880	0.02272	0.03060	0.01727	0.01902	0.03829	0.00893	0.00705	0.00233	0.01018	0.00625	0.00524	0.01105
122	0.02768	0.02451	0.02356	0.05852	0.06410	0.16712	0.01648	0.31966	0.03046	0.03858	0.02140	0.02865	0.01775	0.01114	0.00857	0.00262	0.01043	0.07394	0.04280	0.01201
123	0.01983	0.01525	0.01862	0.01875	0.08768	0.01573	0.01347	0.22059	0.02735	0.03658	0.16338	0.05313	0.14418	0.01568	0.00964	0.00287	0.00720	0.11146	0.00799	0.01062
124	0.02134	0.11215	0.02070	0.01636	0.01942	0.28674	0.01237	0.02331	0.01899	0.02037	0.02343	0.18127	0.02485	0.09011	0.08734	0.00438	0.01221	0.01089	0.00521	0.00856
125	0.18789	0.02773	0.26359	0.08541	0.14939	0.01977	0.02267	0.02788	0.08480	0.03015	0.01674	0.01956	0.01266	0.00836	0.00761	0.00268	0.00998	0.00663	0.00467	0.01180
126	0.27147	0.01845	0.02257	0.06175	0.22232	0.02036	0.01678	0.06589	0.15921	0.03434	0.01909	0.02111	0.01485	0.00881	0.00742	0.00266	0.00817	0.00705	0.00582	0.01188
127	0.02201	0.02222	0.03299	0.07750	0.55281	0.09112	0.02494	0.02678	0.01979	0.02676	0.01565	0.02051	0.01311	0.00775	0.00835	0.00250	0.01074	0.00735	0.00421	0.01290
128	0.01915	0.01788	0.02573	0.03311	0.30325	0.05759	0.01952	0.04639	0.01852	0.02553	0.02007	0.03128	0.01866	0.02252	0.15316	0.00521	0.09496	0.07176	0.00481	0.01090
129	0.04936	0.09956	0.02000	0.01535	0.01918	0.20949	0.01209	0.04824	0.05592	0.02684	0.17406	0.03661	0.09485	0.01821	0.08061	0.00367	0.01053	0.00972	0.00631	0.00938
130	0.04848	0.14707	0.01800	0.01167	0.01411	0.04466	0.00857	0.04945	0.01591	0.02083	0.02548	0.04253	0.05867	0.40275	0.05399	0.00608	0.00909	0.01013	0.00514	0.00739
131	0.01214	0.00848	0.01066	0.01058	0.01144	0.00853	0.00706	0.01388	0.01613	0.02234	0.20208	0.08874	0.04465	0.36077	0.13960	0.00734	0.00938	0.01331	0.00640	0.00649
