[name]
unknown

[dist]
# distance from previous block
# <min> <max>
0	0

[block]
# block no. 0 follows, 22 sequences, length 88
# corresponding to MSA columns:
# 0-87
name=unknown_A
#
# <colnr> <probs for GDERKNQSTAVLIFYWHMCP>
#	G	D	E	R	K	N	Q	S	T	A	V	L	I	F	Y	W	H	M	C	P
0	0.01339	0.00956	0.01339	0.01530	0.01721	0.00956	0.01339	0.01721	0.01912	0.02486	0.04399	0.09371	0.04781	0.02295	0.01147	0.00382	0.00765	0.60031	0.00765	0.00765
1	0.01011	0.00729	0.00957	0.01140	0.01201	0.00676	0.00764	0.01159	0.01607	0.02127	0.04781	0.66976	0.08650	0.02576	0.01056	0.00334	0.00479	0.02330	0.00771	0.00676
2	0.16455	0.01997	0.02256	0.17148	0.03120	0.02276	0.01620	0.37655	0.02926	0.04239	0.01720	0.01925	0.01247	0.00917	0.00772	0.00257	0.00908	0.00690	0.00666	0.01205
3	0.01899	0.02492	0.18015	0.11279	0.35971	0.01968	0.11234	0.02537	0.01844	0.02622	0.01553	0.02031	0.01224	0.00756	0.00838	0.00259	0.01115	0.00745	0.00394	0.01224
4	0.01961	0.02241	0.04902	0.03501	0.04342	0.02101	0.62605	0.02661	0.01961	0.02661	0.01681	0.02241	0.01261	0.00700	0.00980	0.00280	0.01401	0.00980	0.00420	0.01120
5	0.01012	0.00723	0.00964	0.01157	0.01205	0.00675	0.00771	0.01157	0.01591	0.02121	0.04579	0.70262	0.05495	0.02603	0.01060	0.00337	0.00482	0.02362	0.00771	0.00675
6	0.02414	0.02733	0.02760	0.12767	0.26141	0.29735	0.02066	0.02777	0.02014	0.02294	0.01401	0.01827	0.01167	0.00850	0.00919	0.00245	0.05746	0.00652	0.00409	0.01083
7	0.02304	0.40904	0.17648	0.01784	0.02557	0.14326	0.01827	0.05852	0.01938	0.02291	0.01296	0.01490	0.01082	0.00769	0.00644	0.00207	0.01073	0.00514	0.00392	0.01102
8	0.01012	0.00723	0.00964	0.01157	0.01205	0.00675	0.00771	0.01157	0.01591	0.02121	0.04579	0.70262	0.05495	0.02603	0.01060	0.00337	0.00482	0.02362	0.00771	0.00675
9	0.01730	0.01641	0.02783	0.47756	0.25515	0.01888	0.02387	0.02264	0.01737	0.02318	0.01505	0.02162	0.01176	0.00801	0.00828	0.00267	0.01068	0.00739	0.00383	0.01053
10	0.01790	0.01448	0.10608	0.01341	0.01766	0.01023	0.01199	0.02189	0.02100	0.17396	0.26806	0.16815	0.08909	0.01609	0.00934	0.00276	0.00603	0.01398	0.00824	0.00967
11	0.01961	0.02241	0.04902	0.03501	0.04342	0.02101	0.62605	0.02661	0.01961	0.02661	0.01681	0.02241	0.01261	0.00700	0.00980	0.00280	0.01401	0.00980	0.00420	0.01120
12	0.02056	0.01974	0.03372	0.05099	0.65622	0.01974	0.02550	0.02550	0.01892	0.02714	0.01563	0.02056	0.01316	0.00740	0.00822	0.00247	0.00987	0.00740	0.00411	0.01316
13	0.02309	0.02668	0.03489	0.11126	0.15309	0.23647	0.24106	0.02793	0.02042	0.02399	0.01503	0.01958	0.01190	0.00775	0.00857	0.00252	0.01321	0.00760	0.00415	0.01081
14	0.01131	0.00847	0.01049	0.00998	0.01214	0.00765	0.00749	0.01481	0.02246	0.03081	0.52125	0.06617	0.21053	0.01792	0.00980	0.00266	0.00399	0.01560	0.00882	0.00765
15	0.02033	0.02708	0.13458	0.03203	0.04057	0.08640	0.47963	0.02723	0.01971	0.02594	0.01614	0.02097	0.01212	0.00729	0.00930	0.00271	0.01386	0.00883	0.00411	0.01120
16	0.01119	0.00830	0.01044	0.01026	0.01216	0.00754	0.00756	0.01445	0.02164	0.02972	0.46813	0.15675	0.17320	0.01897	0.00992	0.00275	0.00410	0.01668	0.00870	0.00754
17	0.01208	0.00805	0.00906	0.00906	0.00906	0.00805	0.00503	0.01208	0.01208	0.01611	0.02618	0.05436	0.03020	0.70804	0.04228	0.00805	0.00805	0.01208	0.00503	0.00503
18	0.01666	0.04297	0.66500	0.02368	0.03596	0.01929	0.03069	0.02631	0.01754	0.02631	0.01491	0.01754	0.01052	0.00789	0.00789	0.00263	0.01228	0.00614	0.00351	0.01228
19	0.02221	0.71304	0.04353	0.01421	0.02132	0.03287	0.01421	0.02488	0.01688	0.01955	0.01155	0.01333	0.01066	0.00711	0.00533	0.00178	0.00888	0.00444	0.00355	0.01066
20	0.02073	0.17900	0.03559	0.07056	0.48382	0.02270	0.02279	0.02517	0.01835	0.02513	0.01465	0.01897	0.01249	0.00737	0.00756	0.00232	0.00970	0.00672	0.00397	0.01241
21	0.03031	0.03442	0.02399	0.02090	0.02544	0.48239	0.01613	0.16925	0.02639	0.02768	0.01435	0.01633	0.01150	0.00928	0.00899	0.00232	0.05856	0.00597	0.00516	0.01063
22	0.01057	0.00854	0.00994	0.00984	0.01222	0.00791	0.00747	0.01313	0.01831	0.02327	0.15113	0.06651	0.42527	0.02995	0.16286	0.00520	0.00832	0.01519	0.00717	0.00722
23	0.02221	0.71304	0.04353	0.01421	0.02132	0.03287	0.01421	0.02488	0.01688	0.01955	0.01155	0.01333	0.01066	0.00711	0.00533	0.00178	0.00888	0.00444	0.00355	0.01066
24	0.02056	0.01974	0.03372	0.05099	0.65622	0.01974	0.02550	0.02550	0.01892	0.02714	0.01563	0.02056	0.01316	0.00740	0.00822	0.00247	0.00987	0.00740	0.00411	0.01316
25	0.01017	0.00759	0.00947	0.01076	0.01189	0.00689	0.00740	0.01195	0.01716	0.02238	0.09893	0.51254	0.19420	0.02422	0.01036	0.00319	0.00461	0.02159	0.00782	0.00689
26	0.02317	0.01909	0.02020	0.01741	0.02256	0.02184	0.01376	0.17857	0.50270	0.03880	0.03062	0.02845	0.02278	0.01097	0.00842	0.00274	0.00717	0.00895	0.00842	0.01337
27	0.01569	0.01477	0.02492	0.68808	0.05722	0.01846	0.02307	0.02123	0.01661	0.02123	0.01477	0.02215	0.01107	0.00831	0.00831	0.00277	0.01107	0.00738	0.00369	0.00923
28	0.02789	0.02932	0.02467	0.14509	0.06022	0.33339	0.01770	0.20531	0.02661	0.03020	0.01541	0.01801	0.01189	0.00888	0.00791	0.00237	0.01231	0.00644	0.00535	0.01104
29	0.02029	0.01947	0.03324	0.08582	0.62348	0.01967	0.02536	0.02526	0.01879	0.02682	0.01558	0.02065	0.01305	0.00745	0.00823	0.00248	0.00994	0.00740	0.00409	0.01294
30	0.01187	0.00890	0.01335	0.01335	0.01483	0.01038	0.01038	0.01483	0.01335	0.01928	0.02225	0.03264	0.02077	0.06231	0.67512	0.01335	0.02225	0.00890	0.00445	0.00742
31	0.02560	0.02374	0.02670	0.16696	0.17834	0.14490	0.01961	0.24976	0.02678	0.03398	0.01652	0.01962	0.01262	0.00876	0.00814	0.00248	0.01081	0.00704	0.00561	0.01203
32	0.01112	0.00797	0.01035	0.01192	0.01269	0.00763	0.00809	0.04018	0.01698	0.02265	0.04459	0.67097	0.05305	0.02528	0.01050	0.00333	0.00502	0.02287	0.00774	0.00709
33	0.01208	0.00805	0.00906	0.00906	0.00906	0.00805	0.00503	0.01208	0.01208	0.01611	0.02618	0.05436	0.03020	0.70804	0.04228	0.00805	0.00805	0.01208	0.00503	0.00503
34	0.01687	0.01598	0.02706	0.53297	0.20305	0.01877	0.02366	0.02227	0.01717	0.02267	0.01498	0.02176	0.01158	0.00809	0.00829	0.00270	0.01078	0.00739	0.00379	0.01019
35	0.03103	0.03959	0.02354	0.02140	0.02568	0.67469	0.01605	0.03317	0.02354	0.02033	0.01284	0.01498	0.01070	0.00856	0.00749	0.00214	0.01498	0.00535	0.00428	0.00963
36	0.01123	0.00837	0.01044	0.01022	0.01211	0.00772	0.00752	0.01431	0.02080	0.02840	0.41586	0.12104	0.19119	0.05273	0.04773	0.00356	0.00525	0.01585	0.00827	0.00742
37	0.01187	0.00890	0.01335	0.01335	0.01483	0.01038	0.01038	0.01483	0.01335	0.01928	0.02225	0.03264	0.02077	0.06231	0.67512	0.01335	0.02225	0.00890	0.00445	0.00742
38	0.02032	0.01949	0.03328	0.08282	0.62630	0.01967	0.02537	0.02528	0.01880	0.02684	0.01558	0.02064	0.01305	0.00745	0.00823	0.00248	0.00993	0.00740	0.00409	0.01296
39	0.02922	0.03213	0.02295	0.02009	0.02494	0.41730	0.01546	0.15983	0.14158	0.02972	0.01823	0.01900	0.01414	0.00936	0.00784	0.00234	0.01220	0.00655	0.00590	0.01123
40	0.01110	0.00792	0.00963	0.01012	0.01105	0.00745	0.00669	0.01270	0.01670	0.02238	0.17978	0.27228	0.12152	0.24878	0.02080	0.00468	0.00562	0.01717	0.00715	0.00646
41	0.01411	0.00925	0.01047	0.00970	0.01287	0.00791	0.00744	0.01671	0.02048	0.11595	0.18231	0.06923	0.45563	0.01875	0.00961	0.00274	0.00456	0.01575	0.00835	0.00819
42	0.01094	0.00806	0.01024	0.01053	0.01212	0.00736	0.00758	0.01378	0.02035	0.02776	0.37036	0.27628	0.15282	0.02055	0.01007	0.00289	0.00426	0.01822	0.00847	0.00736
43	0.02986	0.02212	0.02364	0.01845	0.02472	0.02455	0.01514	0.54610	0.09868	0.04975	0.02162	0.02148	0.01553	0.01009	0.00823	0.00250	0.00868	0.00768	0.03740	0.01378
44	0.02197	0.01758	0.01977	0.01455	0.02169	0.01593	0.01181	0.22169	0.02444	0.03543	0.01648	0.01812	0.01291	0.00741	0.00687	0.00165	0.00714	0.00577	0.00604	0.51275
45	0.01757	0.00913	0.01228	0.01245	0.01456	0.00825	0.00895	0.01950	0.01807	0.19703	0.04222	0.51759	0.04551	0.02171	0.00999	0.00315	0.00544	0.01943	0.00842	0.00878
46	0.01818	0.01818	0.02545	0.02181	0.02181	0.02545	0.01818	0.01999	0.01272	0.01999	0.01091	0.01818	0.01091	0.01454	0.02726	0.00364	0.69284	0.00727	0.00364	0.00909
47	0.01681	0.01201	0.03574	0.01159	0.01553	0.01037	0.00937	0.02241	0.10862	0.14470	0.06224	0.10222	0.38119	0.01747	0.00933	0.00279	0.00542	0.01463	0.00815	0.00941
48	0.01847	0.03787	0.53010	0.02215	0.03294	0.01946	0.02705	0.11176	0.02101	0.03050	0.05783	0.02083	0.01554	0.00879	0.00808	0.00261	0.01127	0.00692	0.00457	0.01225
49	0.03158	0.02327	0.02493	0.01911	0.02576	0.02576	0.01579	0.62852	0.03906	0.05236	0.01995	0.01995	0.01413	0.00997	0.00831	0.00249	0.00914	0.00748	0.00831	0.01413
50	0.01037	0.00838	0.00922	0.00912	0.01159	0.00723	0.00680	0.01296	0.02008	0.02543	0.24141	0.10233	0.46571	0.02012	0.00985	0.00278	0.00415	0.01710	0.00811	0.00723
51	0.02296	0.02520	0.02848	0.17828	0.32000	0.23488	0.02187	0.02710	0.01994	0.02363	0.01453	0.01907	0.01190	0.00798	0.00800	0.00242	0.01181	0.00672	0.00408	0.01115
52	0.02140	0.01896	0.03025	0.03118	0.22247	0.01923	0.15608	0.18859	0.02403	0.03282	0.02276	0.14934	0.02117	0.01153	0.00906	0.00272	0.00966	0.01102	0.00596	0.01177
53	0.01524	0.00779	0.00797	0.00792	0.00986	0.00775	0.00594	0.01911	0.01783	0.03113	0.06850	0.03303	0.02508	0.01016	0.00607	0.00198	0.00387	0.00823	0.70479	0.00775
54	0.01053	0.00759	0.00933	0.01054	0.01124	0.00709	0.00690	0.01174	0.01546	0.02021	0.04677	0.46442	0.13479	0.18220	0.01778	0.00437	0.00548	0.02009	0.00710	0.00639
55	0.02022	0.02952	0.21393	0.17146	0.03480	0.16682	0.02216	0.02678	0.06139	0.02325	0.01499	0.01906	0.01180	0.00961	0.01153	0.00275	0.13869	0.00668	0.00409	0.01047
56	0.02816	0.03415	0.02633	0.02952	0.19869	0.49498	0.01864	0.03107	0.02227	0.02220	0.01361	0.01651	0.01138	0.00824	0.00769	0.00223	0.01358	0.00591	0.00423	0.01060
57	0.01012	0.00723	0.00964	0.01157	0.01205	0.00675	0.00771	0.01157	0.01591	0.02121	0.04579	0.70262	0.05495	0.02603	0.01060	0.00337	0.00482	0.02362	0.00771	0.00675
58	0.02132	0.01702	0.05615	0.02407	0.19469	0.01550	0.01568	0.13548	0.02369	0.12254	0.09119	0.04002	0.18194	0.01260	0.00878	0.00259	0.00751	0.01071	0.00710	0.01142
59	0.27018	0.10630	0.01776	0.01288	0.01719	0.05361	0.01043	0.11251	0.01968	0.03181	0.02565	0.14868	0.06657	0.01254	0.00718	0.00255	0.00698	0.00972	0.05841	0.00937
60	0.01016	0.00800	0.00917	0.00978	0.01166	0.00702	0.00699	0.01224	0.01841	0.02330	0.13803	0.29864	0.37253	0.02233	0.01009	0.00298	0.00439	0.01939	0.00788	0.00702
61	0.03103	0.03959	0.02354	0.02140	0.02568	0.67469	0.01605	0.03317	0.02354	0.02033	0.01284	0.01498	0.01070	0.00856	0.00749	0.00214	0.01498	0.00535	0.00428	0.00963
62	0.02225	0.02317	0.03136	0.07911	0.50743	0.14139	0.02361	0.02670	0.01965	0.02556	0.01506	0.01961	0.01259	0.00766	0.00809	0.00242	0.01088	0.00702	0.00412	0.01230
63	0.03158	0.02327	0.02493	0.01911	0.02576	0.02576	0.01579	0.62852	0.03906	0.05236	0.01995	0.01995	0.01413	0.00997	0.00831	0.00249	0.00914	0.00748	0.00831	0.01413
64	0.01208	0.00805	0.00906	0.00906	0.00906	0.00805	0.00503	0.01208	0.01208	0.01611	0.02618	0.05436	0.03020	0.70804	0.04228	0.00805	0.00805	0.01208	0.00503	0.00503
65	0.10292	0.03163	0.23636	0.05189	0.06111	0.20581	0.06481	0.02731	0.01918	0.04844	0.01693	0.06538	0.01419	0.00935	0.00786	0.00254	0.01166	0.00742	0.00454	0.01068
66	0.02222	0.02875	0.28006	0.05155	0.03212	0.05122	0.10820	0.03234	0.13513	0.14210	0.02181	0.02275	0.01542	0.00888	0.00835	0.00266	0.01061	0.00768	0.00580	0.01236
67	0.01205	0.00818	0.00967	0.00967	0.00989	0.00839	0.00580	0.01247	0.01226	0.01656	0.02561	0.05126	0.02885	0.61566	0.13282	0.00881	0.01009	0.01163	0.00495	0.00537
68	0.02027	0.13742	0.31186	0.11697	0.03463	0.07097	0.04708	0.09282	0.02006	0.02679	0.01471	0.01784	0.01113	0.00832	0.00836	0.00251	0.03631	0.00633	0.00417	0.01145
69	0.02213	0.02354	0.03487	0.04309	0.43724	0.12914	0.13553	0.02698	0.01982	0.02591	0.01538	0.01997	0.01265	0.00752	0.00840	0.00247	0.01149	0.00751	0.00416	0.01221
70	0.01012	0.00723	0.00964	0.01157	0.01205	0.00675	0.00771	0.01157	0.01591	0.02121	0.04579	0.70262	0.05495	0.02603	0.01060	0.00337	0.00482	0.02362	0.00771	0.00675
71	0.01208	0.00805	0.00906	0.00906	0.00906	0.00805	0.00503	0.01208	0.01208	0.01611	0.02618	0.05436	0.03020	0.70804	0.04228	0.00805	0.00805	0.01208	0.00503	0.00503
72	0.01271	0.00841	0.01141	0.01160	0.01311	0.00928	0.00883	0.01577	0.01475	0.02275	0.02597	0.09944	0.02435	0.04393	0.42100	0.00915	0.01536	0.01005	0.21469	0.00744
73	0.01046	0.00749	0.00995	0.01133	0.01213	0.00698	0.00774	0.01243	0.01750	0.02374	0.17265	0.56854	0.05985	0.02413	0.01043	0.00321	0.00463	0.02182	0.00801	0.00698
74	0.01746	0.13883	0.57609	0.02232	0.03386	0.02124	0.02834	0.02610	0.01744	0.02534	0.01443	0.01694	0.01054	0.00778	0.00753	0.00251	0.01179	0.00590	0.00351	0.01205
75	0.01921	0.10232	0.51774	0.02251	0.03318	0.11427	0.02713	0.02716	0.01834	0.02485	0.01431	0.01680	0.01056	0.00792	0.00761	0.00248	0.01236	0.00587	0.00362	0.01175
76	0.27366	0.02225	0.02220	0.01766	0.02372	0.07952	0.05401	0.33725	0.02819	0.04288	0.01635	0.01755	0.01203	0.00891	0.00729	0.00251	0.00907	0.00646	0.00664	0.01185
77	0.02279	0.66842	0.04221	0.01469	0.02161	0.07540	0.01434	0.02543	0.01732	0.01960	0.01163	0.01344	0.01066	0.00720	0.00547	0.00180	0.00929	0.00450	0.00360	0.01059
78	0.01744	0.01339	0.01548	0.01415	0.01762	0.01411	0.01134	0.13549	0.15448	0.03461	0.24091	0.05525	0.09976	0.01596	0.00956	0.00288	0.00617	0.12295	0.00844	0.01001
79	0.01185	0.00943	0.01215	0.01205	0.01328	0.00988	0.00889	0.01419	0.01820	0.02490	0.24239	0.26630	0.14942	0.05473	0.01418	0.00331	0.10302	0.01696	0.00746	0.00739
80	0.01952	0.14249	0.02512	0.01795	0.01997	0.12260	0.01469	0.02136	0.01507	0.01936	0.01434	0.02308	0.01432	0.11507	0.07064	0.00443	0.31996	0.00728	0.00398	0.00875
81	0.01863	0.01390	0.01771	0.16867	0.02589	0.01571	0.01324	0.18473	0.02141	0.02963	0.02121	0.03058	0.01853	0.14917	0.14021	0.00557	0.01122	0.00861	0.09611	0.00927
82	0.01163	0.00786	0.00919	0.00964	0.00975	0.00775	0.00565	0.01196	0.01296	0.01728	0.03069	0.20349	0.03589	0.55116	0.03500	0.00698	0.00731	0.01473	0.00565	0.00543
83	0.01412	0.11073	0.01953	0.11334	0.02222	0.01482	0.01279	0.01745	0.01449	0.01990	0.01933	0.02774	0.01757	0.04429	0.45529	0.00967	0.01808	0.00789	0.00423	0.03654
84	0.13119	0.42477	0.03345	0.01576	0.02179	0.21054	0.01398	0.02713	0.01835	0.02230	0.01191	0.01381	0.01043	0.00760	0.00591	0.00199	0.01024	0.00470	0.00398	0.01013
85	0.04656	0.10996	0.37392	0.02245	0.03115	0.04633	0.07573	0.02586	0.01720	0.04610	0.01447	0.01770	0.01106	0.00886	0.01068	0.00268	0.11760	0.00642	0.00391	0.01135
86	0.05885	0.21376	0.24750	0.02280	0.06385	0.14796	0.08472	0.02713	0.01863	0.02402	0.01370	0.01642	0.01088	0.00768	0.00722	0.00232	0.01166	0.00591	0.00385	0.01112
87	0.10351	0.03986	0.58941	0.02220	0.03365	0.01922	0.02818	0.02609	0.01715	0.02758	0.01452	0.01707	0.01035	0.00787	0.00757	0.00262	0.01160	0.00595	0.00370	0.01190

[dist]
# distance from previous block
# <min> <max>
0	44

[block]
# block no. 1 follows, 22 sequences, length 71
# corresponding to MSA columns:
# 134-204
name=unknown_B
#
# <colnr> <probs for GDERKNQSTAVLIFYWHMCP>
#	G	D	E	R	K	N	Q	S	T	A	V	L	I	F	Y	W	H	M	C	P
0	0.02353	0.25783	0.13547	0.02293	0.05585	0.22395	0.11966	0.02795	0.01956	0.02235	0.01352	0.01631	0.01108	0.00767	0.00726	0.00222	0.01217	0.00600	0.00390	0.01080
1	0.02431	0.19227	0.02954	0.02556	0.17479	0.27303	0.01701	0.02829	0.04866	0.02283	0.01766	0.01987	0.04278	0.00855	0.00725	0.00215	0.01101	0.00638	0.00445	0.04360
2	0.01750	0.03715	0.49072	0.02689	0.03807	0.01978	0.19914	0.02639	0.01812	0.02639	0.01545	0.01892	0.01111	0.00764	0.00843	0.00268	0.01277	0.00718	0.00370	0.01197
3	0.01005	0.00829	0.00882	0.00896	0.01143	0.00707	0.00662	0.01226	0.01907	0.02340	0.13710	0.14606	0.52984	0.02118	0.00990	0.00285	0.00425	0.01794	0.00786	0.00707
4	0.01188	0.00886	0.01316	0.01316	0.01457	0.01028	0.01014	0.01471	0.01329	0.01914	0.02243	0.03362	0.02119	0.09141	0.64660	0.01311	0.02161	0.00904	0.00448	0.00731
5	0.01234	0.00997	0.01457	0.20341	0.02553	0.01084	0.01259	0.01608	0.04503	0.02202	0.03637	0.44877	0.04081	0.02018	0.00990	0.00320	0.00681	0.04719	0.00661	0.00779
6	0.02056	0.01974	0.03372	0.05099	0.65622	0.01974	0.02550	0.02550	0.01892	0.02714	0.01563	0.02056	0.01316	0.00740	0.00822	0.00247	0.00987	0.00740	0.00411	0.01316
7	0.01818	0.01818	0.02545	0.02181	0.02181	0.02545	0.01818	0.01999	0.01272	0.01999	0.01091	0.01818	0.01091	0.01454	0.02726	0.00364	0.69284	0.00727	0.00364	0.00909
8	0.01569	0.01477	0.02492	0.68808	0.05722	0.01846	0.02307	0.02123	0.01661	0.02123	0.01477	0.02215	0.01107	0.00831	0.00831	0.00277	0.01107	0.00738	0.00369	0.00923
9	0.01743	0.13537	0.57930	0.02237	0.03394	0.02117	0.02842	0.02611	0.01745	0.02538	0.01445	0.01696	0.01054	0.00778	0.00754	0.00251	0.01181	0.00590	0.00351	0.01205
10	0.01208	0.00805	0.00906	0.00906	0.00906	0.00805	0.00503	0.01208	0.01208	0.01611	0.02618	0.05436	0.03020	0.70804	0.04228	0.00805	0.00805	0.01208	0.00503	0.00503
11	0.01012	0.00723	0.00964	0.01157	0.01205	0.00675	0.00771	0.01157	0.01591	0.02121	0.04579	0.70262	0.05495	0.02603	0.01060	0.00337	0.00482	0.02362	0.00771	0.00675
12	0.02066	0.01785	0.01878	0.01691	0.02160	0.02066	0.01315	0.04414	0.64121	0.03475	0.03381	0.03099	0.02536	0.01127	0.00845	0.00282	0.00657	0.00939	0.00845	0.01315
13	0.01762	0.02740	0.26950	0.03132	0.19214	0.01815	0.16212	0.02464	0.01922	0.02760	0.10716	0.02583	0.02143	0.00887	0.00869	0.00263	0.01086	0.00858	0.00463	0.01162
14	0.01782	0.18320	0.53494	0.02170	0.03289	0.02213	0.02724	0.02601	0.01740	0.02489	0.01421	0.01666	0.01055	0.00773	0.00736	0.00245	0.01157	0.00578	0.00352	0.01194
15	0.01666	0.04297	0.66500	0.02368	0.03596	0.01929	0.03069	0.02631	0.01754	0.02631	0.01491	0.01754	0.01052	0.00789	0.00789	0.00263	0.01228	0.00614	0.00351	0.01228
16	0.01983	0.04114	0.49719	0.02382	0.03422	0.15637	0.06024	0.02776	0.01891	0.02508	0.01458	0.01727	0.01067	0.00798	0.00791	0.00254	0.01294	0.00617	0.00371	0.01167
17	0.02545	0.02727	0.02670	0.06043	0.25704	0.27931	0.01925	0.11189	0.02346	0.02745	0.01881	0.02156	0.04695	0.00900	0.00804	0.00237	0.01154	0.00715	0.00494	0.01139
18	0.01071	0.00847	0.01013	0.01008	0.01229	0.00789	0.00759	0.01337	0.01865	0.02419	0.19864	0.10008	0.35692	0.02901	0.14891	0.00500	0.00795	0.01549	0.00736	0.00727
19	0.00982	0.00842	0.00842	0.00842	0.01122	0.00701	0.00631	0.01192	0.01894	0.02244	0.08416	0.07995	0.65285	0.02104	0.00982	0.00281	0.00421	0.01753	0.00771	0.00701
20	0.01123	0.00779	0.00969	0.01059	0.01106	0.00752	0.00685	0.01238	0.01508	0.02024	0.08794	0.34881	0.04616	0.31208	0.02390	0.00530	0.00623	0.04430	0.00670	0.00616
21	0.02022	0.02550	0.16520	0.04394	0.49788	0.04946	0.02615	0.02601	0.01884	0.02666	0.01535	0.01968	0.01250	0.00756	0.00812	0.00249	0.01061	0.00704	0.00399	0.01281
22	0.02038	0.02080	0.06267	0.04974	0.62778	0.01972	0.02573	0.02553	0.01885	0.02710	0.01559	0.02042	0.01304	0.00742	0.00821	0.00247	0.00998	0.00734	0.00408	0.01312
23	0.01037	0.00844	0.00918	0.00899	0.01156	0.00725	0.00674	0.01298	0.02023	0.02552	0.24477	0.07489	0.49032	0.01989	0.00981	0.00275	0.00413	0.01682	0.00812	0.00725
24	0.02056	0.01974	0.03372	0.05099	0.65622	0.01974	0.02550	0.02550	0.01892	0.02714	0.01563	0.02056	0.01316	0.00740	0.00822	0.00247	0.00987	0.00740	0.00411	0.01316
25	0.02195	0.02084	0.05062	0.01991	0.08176	0.12571	0.01450	0.22006	0.02528	0.03217	0.02911	0.23880	0.05395	0.01498	0.00894	0.00273	0.00874	0.01262	0.00679	0.01054
26	0.01208	0.00805	0.00906	0.00906	0.00906	0.00805	0.00503	0.01208	0.01208	0.01611	0.02618	0.05436	0.03020	0.70804	0.04228	0.00805	0.00805	0.01208	0.00503	0.00503
27	0.01012	0.00723	0.00964	0.01157	0.01205	0.00675	0.00771	0.01157	0.01591	0.02121	0.04579	0.70262	0.05495	0.02603	0.01060	0.00337	0.00482	0.02362	0.00771	0.00675
28	0.02029	0.01947	0.03324	0.08589	0.62341	0.01967	0.02536	0.02526	0.01879	0.02682	0.01558	0.02065	0.01304	0.00745	0.00823	0.00248	0.00994	0.00740	0.00409	0.01294
29	0.01012	0.00723	0.00964	0.01157	0.01205	0.00675	0.00771	0.01157	0.01591	0.02121	0.04579	0.70262	0.05495	0.02603	0.01060	0.00337	0.00482	0.02362	0.00771	0.00675
30	0.01549	0.00774	0.00774	0.00774	0.00968	0.00774	0.00581	0.01936	0.01742	0.03097	0.02710	0.03097	0.02129	0.00968	0.00581	0.00194	0.00387	0.00774	0.75416	0.00774
31	0.03158	0.02327	0.02493	0.01911	0.02576	0.02576	0.01579	0.62852	0.03906	0.05236	0.01995	0.01995	0.01413	0.00997	0.00831	0.00249	0.00914	0.00748	0.00831	0.01413
32	0.01017	0.00787	0.00928	0.01011	0.01174	0.00698	0.00713	0.01217	0.01802	0.02305	0.12818	0.36827	0.31147	0.02292	0.01018	0.00305	0.00446	0.02010	0.00787	0.00698
33	0.01187	0.00890	0.01335	0.01335	0.01483	0.01038	0.01038	0.01483	0.01335	0.01928	0.02225	0.03264	0.02077	0.06231	0.67512	0.01335	0.02225	0.00890	0.00445	0.00742
34	0.02961	0.01663	0.01910	0.01515	0.02064	0.01711	0.01235	0.27088	0.05977	0.25513	0.02652	0.02565	0.01839	0.01008	0.00781	0.00242	0.00720	0.00793	0.16488	0.01275
35	0.02740	0.17962	0.02805	0.01993	0.02423	0.44980	0.01595	0.02961	0.02065	0.02012	0.01230	0.01507	0.01072	0.00907	0.00973	0.00227	0.10624	0.00542	0.00404	0.00978
36	0.01692	0.01602	0.02714	0.52694	0.20872	0.01878	0.02368	0.02231	0.01719	0.02272	0.01498	0.02175	0.01160	0.00808	0.00829	0.00269	0.01077	0.00739	0.00380	0.01022
37	0.02106	0.02069	0.03323	0.04957	0.62602	0.05111	0.02504	0.02586	0.01914	0.02681	0.01549	0.02029	0.01304	0.00746	0.00819	0.00245	0.01011	0.00730	0.00412	0.01299
38	0.01674	0.04163	0.63029	0.02358	0.03519	0.01963	0.03001	0.02597	0.01728	0.02597	0.01469	0.01757	0.01054	0.00825	0.00894	0.00269	0.04922	0.00620	0.00351	0.01210
39	0.01114	0.00847	0.01025	0.00980	0.01203	0.00758	0.00735	0.01448	0.02206	0.02986	0.47128	0.06775	0.26110	0.01827	0.00980	0.00267	0.00401	0.01582	0.00869	0.00758
40	0.02056	0.01974	0.03372	0.05099	0.65622	0.01974	0.02550	0.02550	0.01892	0.02714	0.01563	0.02056	0.01316	0.00740	0.00822	0.00247	0.00987	0.00740	0.00411	0.01316
41	0.00982	0.00842	0.00842	0.00842	0.01122	0.00701	0.00631	0.01192	0.01894	0.02244	0.08416	0.07995	0.65285	0.02104	0.00982	0.00281	0.00421	0.01753	0.00771	0.00701
42	0.01012	0.00723	0.00964	0.01157	0.01205	0.00675	0.00771	0.01157	0.01591	0.02121	0.04579	0.70262	0.05495	0.02603	0.01060	0.00337	0.00482	0.02362	0.00771	0.00675
43	0.00997	0.00781	0.00905	0.01004	0.01165	0.00688	0.00703	0.01174	0.01738	0.02181	0.06443	0.40017	0.34537	0.02360	0.01022	0.00310	0.00452	0.02066	0.00771	0.00688
44	0.01666	0.04297	0.66500	0.02368	0.03596	0.01929	0.03069	0.02631	0.01754	0.02631	0.01491	0.01754	0.01052	0.00789	0.00789	0.00263	0.01228	0.00614	0.00351	0.01228
45	0.01208	0.00805	0.00906	0.00906	0.00906	0.00805	0.00503	0.01208	0.01208	0.01611	0.02618	0.05436	0.03020	0.70804	0.04228	0.00805	0.00805	0.01208	0.00503	0.00503
46	0.01012	0.00723	0.00964	0.01157	0.01205	0.00675	0.00771	0.01157	0.01591	0.02121	0.04579	0.70262	0.05495	0.02603	0.01060	0.00337	0.00482	0.02362	0.00771	0.00675
47	0.00982	0.00842	0.00842	0.00842	0.01122	0.00701	0.00631	0.01192	0.01894	0.02244	0.08416	0.07995	0.65285	0.02104	0.00982	0.00281	0.00421	0.01753	0.00771	0.00701
48	0.01187	0.00890	0.01335	0.01335	0.01483	0.01038	0.01038	0.01483	0.01335	0.01928	0.02225	0.03264	0.02077	0.06231	0.67512	0.01335	0.02225	0.00890	0.00445	0.00742
49	0.02056	0.01974	0.03372	0.05099	0.65622	0.01974	0.02550	0.02550	0.01892	0.02714	0.01563	0.02056	0.01316	0.00740	0.00822	0.00247	0.00987	0.00740	0.00411	0.01316
50	0.01187	0.00890	0.01335	0.01335	0.01483	0.01038	0.01038	0.01483	0.01335	0.01928	0.02225	0.03264	0.02077	0.06231	0.67512	0.01335	0.02225	0.00890	0.00445	0.00742
51	0.01692	0.07423	0.63601	0.02324	0.03527	0.01993	0.02992	0.02624	0.01751	0.02599	0.01475	0.01734	0.01053	0.00786	0.00777	0.00259	0.01212	0.00606	0.00351	0.01220
52	0.00982	0.00842	0.00842	0.00842	0.01122	0.00701	0.00631	0.01192	0.01894	0.02244	0.08416	0.07995	0.65285	0.02104	0.00982	0.00281	0.00421	0.01753	0.00771	0.00701
53	0.03103	0.03959	0.02354	0.02140	0.02568	0.67469	0.01605	0.03317	0.02354	0.02033	0.01284	0.01498	0.01070	0.00856	0.00749	0.00214	0.01498	0.00535	0.00428	0.00963
54	0.01155	0.00848	0.01081	0.01023	0.01228	0.00775	0.00767	0.01527	0.02302	0.03213	0.58993	0.06401	0.14104	0.01743	0.00980	0.00263	0.00395	0.01530	0.00899	0.00775
55	0.02056	0.01974	0.03372	0.05099	0.65622	0.01974	0.02550	0.02550	0.01892	0.02714	0.01563	0.02056	0.01316	0.00740	0.00822	0.00247	0.00987	0.00740	0.00411	0.01316
56	0.01473	0.00799	0.00892	0.00892	0.01076	0.00830	0.00677	0.01841	0.01657	0.02853	0.02609	0.03132	0.02118	0.02069	0.14588	0.00432	0.00772	0.00799	0.59726	0.00767
57	0.10333	0.02067	0.02253	0.01742	0.02388	0.02224	0.01439	0.44748	0.03347	0.17849	0.02183	0.02107	0.01498	0.00982	0.00802	0.00252	0.00845	0.00738	0.00842	0.01364
58	0.02045	0.02736	0.13878	0.03045	0.03823	0.10244	0.40682	0.02682	0.01919	0.02522	0.01552	0.02038	0.01190	0.00797	0.01070	0.00276	0.07148	0.00847	0.00406	0.01099
59	0.02221	0.71304	0.04353	0.01421	0.02132	0.03287	0.01421	0.02488	0.01688	0.01955	0.01155	0.01333	0.01066	0.00711	0.00533	0.00178	0.00888	0.00444	0.00355	0.01066
60	0.00982	0.00842	0.00842	0.00842	0.01122	0.00701	0.00631	0.01192	0.01894	0.02244	0.08416	0.07995	0.65285	0.02104	0.00982	0.00281	0.00421	0.01753	0.00771	0.00701
61	0.01009	0.00736	0.00951	0.01122	0.01196	0.00678	0.00756	0.01161	0.01624	0.02134	0.04997	0.63471	0.12015	0.02548	0.01052	0.00331	0.00475	0.02295	0.00771	0.00678
62	0.01030	0.00736	0.00984	0.01177	0.01233	0.00690	0.00802	0.01187	0.01608	0.02141	0.04569	0.66957	0.05456	0.02586	0.01065	0.00340	0.00497	0.05492	0.00771	0.00680
63	0.01529	0.00776	0.00782	0.00782	0.00964	0.00776	0.00576	0.01893	0.01711	0.03010	0.02705	0.03234	0.02181	0.05052	0.00794	0.00229	0.00412	0.00800	0.71035	0.00758
64	0.00988	0.00817	0.00867	0.00907	0.01139	0.00696	0.00660	0.01185	0.01830	0.02218	0.07614	0.21009	0.52789	0.02208	0.00998	0.00292	0.00434	0.01880	0.00771	0.00696
65	0.01053	0.00740	0.00952	0.01104	0.01142	0.00702	0.00715	0.01167	0.01510	0.02014	0.04168	0.56695	0.04977	0.16876	0.01723	0.00435	0.00550	0.02120	0.00715	0.00639
66	0.01723	0.01477	0.01723	0.01230	0.01969	0.01107	0.00984	0.02092	0.01723	0.02707	0.01477	0.01723	0.01230	0.00615	0.00615	0.00123	0.00615	0.00492	0.00492	0.75883
67	0.02441	0.02892	0.02251	0.02488	0.15462	0.39807	0.01599	0.02712	0.02161	0.02220	0.02833	0.02973	0.14543	0.01093	0.00813	0.00235	0.01166	0.00833	0.00496	0.00982
68	0.01008	0.00778	0.00921	0.01021	0.01173	0.00691	0.00714	0.01192	0.01753	0.02232	0.09189	0.41392	0.30260	0.02352	0.01024	0.00310	0.00452	0.02068	0.00778	0.00691
69	0.02167	0.01559	0.01712	0.01426	0.01762	0.01691	0.01064	0.31566	0.02543	0.03414	0.02288	0.03615	0.02174	0.32668	0.06257	0.00563	0.00942	0.00963	0.00661	0.00965
70	0.01898	0.01735	0.01575	0.01520	0.01777	0.15033	0.01115	0.14520	0.02235	0.02754	0.03349	0.41603	0.03716	0.01902	0.00947	0.00293	0.00785	0.01642	0.00712	0.00889

[dist]
# distance from previous block
# <min> <max>
0	1

[block]
# block no. 2 follows, 22 sequences, length 29
# corresponding to MSA columns:
# 206-234
name=unknown_C
#
# <colnr> <probs for GDERKNQSTAVLIFYWHMCP>
#	G	D	E	R	K	N	Q	S	T	A	V	L	I	F	Y	W	H	M	C	P
0	0.02115	0.01381	0.01701	0.01366	0.01881	0.01256	0.03374	0.12067	0.02290	0.16252	0.07337	0.08911	0.18252	0.01347	0.00855	0.00241	0.00642	0.01135	0.00770	0.16826
1	0.02073	0.03482	0.31503	0.02255	0.02920	0.18634	0.02332	0.02618	0.01763	0.02294	0.01321	0.01708	0.01068	0.01002	0.01349	0.00280	0.21329	0.00627	0.00374	0.01067
2	0.01075	0.00757	0.00976	0.01116	0.01168	0.00719	0.00742	0.01214	0.01569	0.02100	0.07538	0.50950	0.05092	0.16369	0.01702	0.00430	0.00555	0.04552	0.00725	0.00650
3	0.02001	0.01875	0.03113	0.20138	0.47816	0.01977	0.02438	0.05795	0.01948	0.02713	0.01566	0.02091	0.01271	0.00776	0.00825	0.00254	0.01012	0.00740	0.00424	0.01227
4	0.03103	0.03959	0.02354	0.02140	0.02568	0.67469	0.01605	0.03317	0.02354	0.02033	0.01284	0.01498	0.01070	0.00856	0.00749	0.00214	0.01498	0.00535	0.00428	0.00963
5	0.00982	0.00842	0.00842	0.00842	0.01122	0.00701	0.00631	0.01192	0.01894	0.02244	0.08416	0.07995	0.65285	0.02104	0.00982	0.00281	0.00421	0.01753	0.00771	0.00701
6	0.01018	0.00738	0.00962	0.01128	0.01201	0.00682	0.00761	0.01179	0.01649	0.02188	0.07766	0.62586	0.10031	0.02522	0.01051	0.00330	0.00473	0.02275	0.00778	0.00682
7	0.01666	0.04297	0.66500	0.02368	0.03596	0.01929	0.03069	0.02631	0.01754	0.02631	0.01491	0.01754	0.01052	0.00789	0.00789	0.00263	0.01228	0.00614	0.00351	0.01228
8	0.00982	0.00842	0.00842	0.00842	0.01122	0.00701	0.00631	0.01192	0.01894	0.02244	0.08416	0.07995	0.65285	0.02104	0.00982	0.00281	0.00421	0.01753	0.00771	0.00701
9	0.00991	0.00807	0.00878	0.00934	0.01146	0.00694	0.00672	0.01182	0.01805	0.02208	0.07289	0.26279	0.47728	0.02250	0.01005	0.00297	0.00439	0.01932	0.00771	0.00694
10	0.01188	0.00884	0.01303	0.01303	0.01441	0.01021	0.00999	0.01463	0.01326	0.01905	0.02254	0.03424	0.02147	0.11009	0.62829	0.01296	0.02120	0.00914	0.00449	0.00724
11	0.00982	0.00842	0.00842	0.00842	0.01122	0.00701	0.00631	0.01192	0.01894	0.02244	0.08416	0.07995	0.65285	0.02104	0.00982	0.00281	0.00421	0.01753	0.00771	0.00701
12	0.01740	0.03779	0.50971	0.02654	0.03784	0.01973	0.18079	0.02638	0.01806	0.02638	0.01539	0.01877	0.01105	0.00767	0.00837	0.00267	0.01271	0.00706	0.00368	0.01201
13	0.06302	0.02472	0.02869	0.10899	0.37599	0.20795	0.02163	0.02719	0.01974	0.02509	0.01451	0.01875	0.01200	0.00785	0.00786	0.00241	0.01129	0.00665	0.00417	0.01150
14	0.02679	0.22873	0.03249	0.01981	0.02620	0.15863	0.08377	0.23165	0.05947	0.03239	0.01643	0.01786	0.01285	0.00858	0.00744	0.00226	0.01066	0.00652	0.00564	0.01182
15	0.02752	0.01935	0.02060	0.01625	0.02171	0.02122	0.01327	0.47494	0.03360	0.04696	0.02175	0.02273	0.01593	0.00990	0.00768	0.00235	0.00781	0.00755	0.19635	0.01252
16	0.02067	0.01341	0.01644	0.01265	0.01843	0.01112	0.01009	0.04959	0.02112	0.16321	0.17939	0.03097	0.03078	0.00991	0.00763	0.00191	0.00591	0.00830	0.00726	0.38122
17	0.01208	0.00805	0.00906	0.00906	0.00906	0.00805	0.00503	0.01208	0.01208	0.01611	0.02618	0.05436	0.03020	0.70804	0.04228	0.00805	0.00805	0.01208	0.00503	0.00503
18	0.01187	0.00822	0.00974	0.00961	0.01026	0.00812	0.00605	0.01297	0.01479	0.02005	0.15060	0.05574	0.07507	0.48627	0.08093	0.00709	0.00808	0.01273	0.00594	0.00587
19	0.01208	0.00805	0.00906	0.00906	0.00906	0.00805	0.00503	0.01208	0.01208	0.01611	0.02618	0.05436	0.03020	0.70804	0.04228	0.00805	0.00805	0.01208	0.00503	0.00503
20	0.01048	0.00798	0.00893	0.00948	0.01091	0.00720	0.00639	0.01186	0.01634	0.02049	0.05850	0.25262	0.32387	0.19567	0.01823	0.00429	0.00535	0.01791	0.00704	0.00644
21	0.03103	0.03959	0.02354	0.02140	0.02568	0.67469	0.01605	0.03317	0.02354	0.02033	0.01284	0.01498	0.01070	0.00856	0.00749	0.00214	0.01498	0.00535	0.00428	0.00963
22	0.03103	0.03959	0.02354	0.02140	0.02568	0.67469	0.01605	0.03317	0.02354	0.02033	0.01284	0.01498	0.01070	0.00856	0.00749	0.00214	0.01498	0.00535	0.00428	0.00963
23	0.01263	0.00854	0.01158	0.01158	0.01293	0.00950	0.00866	0.01534	0.01399	0.02118	0.02382	0.03552	0.02227	0.14748	0.44566	0.01025	0.01642	0.00914	0.15636	0.00713
24	0.01933	0.01848	0.03150	0.21161	0.50521	0.01942	0.02488	0.02442	0.01833	0.02565	0.01541	0.02096	0.01263	0.00763	0.00824	0.00254	0.01017	0.00740	0.00401	0.01217
25	0.02078	0.02252	0.02506	0.02173	0.02260	0.15710	0.01774	0.02267	0.01492	0.02006	0.01130	0.01753	0.01086	0.01333	0.02325	0.00333	0.55538	0.00688	0.00377	0.00920
26	0.02225	0.34808	0.19507	0.01871	0.02595	0.15896	0.01909	0.02651	0.01804	0.02145	0.01261	0.01514	0.01066	0.00823	0.00828	0.00222	0.06904	0.00530	0.00370	0.01073
27	0.01948	0.29582	0.21374	0.04943	0.03092	0.02554	0.13036	0.02489	0.01708	0.02282	0.01349	0.01705	0.01102	0.00819	0.00943	0.00245	0.08735	0.00632	0.00367	0.01097
28	0.01006	0.00747	0.00939	0.01093	0.01188	0.00680	0.00743	0.01164	0.01652	0.02146	0.05357	0.57636	0.17619	0.02502	0.01044	0.00326	0.00470	0.02238	0.00771	0.00680

[dist]
# distance from previous block
# <min> <max>
0	1

[block]
# block no. 3 follows, 22 sequences, length 36
# corresponding to MSA columns:
# 236-271
name=unknown_D
#
# <colnr> <probs for GDERKNQSTAVLIFYWHMCP>
#	G	D	E	R	K	N	Q	S	T	A	V	L	I	F	Y	W	H	M	C	P
0	0.01989	0.02360	0.13570	0.04582	0.52658	0.01973	0.05590	0.02568	0.01873	0.02698	0.01557	0.02017	0.01271	0.00746	0.00825	0.00251	0.01046	0.00732	0.00402	0.01292
1	0.02283	0.07655	0.02242	0.04710	0.05494	0.30493	0.01433	0.02578	0.01936	0.02196	0.01503	0.01900	0.01294	0.01719	0.12305	0.00390	0.01342	0.00599	0.00436	0.17490
2	0.01061	0.00828	0.00962	0.00964	0.01179	0.00729	0.00709	0.01332	0.02028	0.02646	0.29743	0.15979	0.34834	0.02017	0.00992	0.00281	0.00418	0.01741	0.00826	0.00729
3	0.02221	0.71304	0.04353	0.01421	0.02132	0.03287	0.01421	0.02488	0.01688	0.01955	0.01155	0.01333	0.01066	0.00711	0.00533	0.00178	0.00888	0.00444	0.00355	0.01066
4	0.01945	0.02557	0.17713	0.04076	0.35802	0.01997	0.18467	0.02597	0.01879	0.02682	0.01578	0.02038	0.01243	0.00741	0.00857	0.00259	0.01149	0.00776	0.00400	0.01245
5	0.02718	0.01930	0.02069	0.01701	0.02201	0.07918	0.01373	0.30530	0.02801	0.14632	0.02214	0.02437	0.01673	0.02406	0.18874	0.00541	0.01287	0.00782	0.00724	0.01190
6	0.01087	0.00846	0.00988	0.00952	0.01187	0.00746	0.00714	0.01397	0.02143	0.02836	0.39328	0.07021	0.34003	0.01883	0.00981	0.00270	0.00405	0.01617	0.00849	0.00746
7	0.01120	0.00785	0.00915	0.00974	0.01024	0.00753	0.00601	0.01191	0.01411	0.01846	0.03951	0.25396	0.11711	0.41387	0.02855	0.00597	0.00658	0.01627	0.00619	0.00581
8	0.01078	0.00838	0.00980	0.00961	0.01185	0.00740	0.00714	0.01372	0.02095	0.02762	0.35637	0.11197	0.33578	0.01940	0.00986	0.00275	0.00411	0.01672	0.00841	0.00740
9	0.01910	0.02090	0.04064	0.03032	0.03574	0.02259	0.40995	0.02426	0.01716	0.02426	0.01471	0.02090	0.01200	0.00968	0.01601	0.00310	0.25533	0.00890	0.00400	0.01045
10	0.02147	0.02377	0.02374	0.02090	0.02233	0.21994	0.01681	0.02349	0.01605	0.02003	0.01255	0.01856	0.01176	0.01719	0.08172	0.00409	0.42577	0.00684	0.00391	0.00910
11	0.01025	0.00843	0.00901	0.00887	0.01148	0.00720	0.00665	0.01275	0.01995	0.02484	0.20950	0.07600	0.52601	0.02014	0.00981	0.00276	0.00414	0.01698	0.00803	0.00720
12	0.02056	0.01974	0.03372	0.05099	0.65622	0.01974	0.02550	0.02550	0.01892	0.02714	0.01563	0.02056	0.01316	0.00740	0.00822	0.00247	0.00987	0.00740	0.00411	0.01316
13	0.01846	0.01759	0.02992	0.32627	0.39740	0.01918	0.02445	0.02365	0.01792	0.02458	0.01525	0.02125	0.01226	0.00779	0.00826	0.00260	0.01039	0.00739	0.00393	0.01146
14	0.02819	0.03486	0.02396	0.02149	0.02483	0.53134	0.01652	0.03026	0.02115	0.02026	0.01241	0.01569	0.01075	0.00988	0.01186	0.00247	0.16465	0.00577	0.00414	0.00951
15	0.01120	0.01045	0.00940	0.00926	0.01217	0.05064	0.00695	0.01331	0.01924	0.02230	0.07950	0.07570	0.61089	0.02022	0.00967	0.00276	0.00491	0.01674	0.00749	0.00718
16	0.03022	0.02364	0.02226	0.01792	0.02392	0.15733	0.01436	0.27968	0.08644	0.15924	0.02173	0.02128	0.01552	0.00950	0.00796	0.00235	0.00945	0.00714	0.00754	0.08255
17	0.00989	0.00815	0.00869	0.00911	0.01140	0.00695	0.00662	0.01184	0.01827	0.02217	0.07569	0.21743	0.52084	0.02214	0.00999	0.00293	0.00434	0.01888	0.00771	0.00695
18	0.01187	0.00890	0.01335	0.01335	0.01483	0.01038	0.01038	0.01483	0.01335	0.01928	0.02225	0.03264	0.02077	0.06231	0.67512	0.01335	0.02225	0.00890	0.00445	0.00742
19	0.02056	0.01974	0.03372	0.05099	0.65622	0.01974	0.02550	0.02550	0.01892	0.02714	0.01563	0.02056	0.01316	0.00740	0.00822	0.00247	0.00987	0.00740	0.00411	0.01316
20	0.01059	0.00894	0.00927	0.00932	0.01215	0.00784	0.00715	0.01381	0.04787	0.02319	0.07885	0.07869	0.57894	0.02073	0.00988	0.00288	0.00457	0.06026	0.00774	0.00735
21	0.01014	0.00786	0.00928	0.01036	0.01192	0.00699	0.00736	0.01198	0.01738	0.02192	0.06253	0.40152	0.31674	0.02370	0.01030	0.00315	0.00468	0.04758	0.00771	0.00691
22	0.01208	0.00805	0.00906	0.00906	0.00906	0.00805	0.00503	0.01208	0.01208	0.01611	0.02618	0.05436	0.03020	0.70804	0.04228	0.00805	0.00805	0.01208	0.00503	0.00503
23	0.08895	0.03978	0.47025	0.02202	0.03197	0.15661	0.02562	0.02757	0.01848	0.02607	0.01417	0.01663	0.01042	0.00802	0.00755	0.00252	0.01230	0.00582	0.00382	0.01142
24	0.01187	0.00890	0.01335	0.01335	0.01483	0.01038	0.01038	0.01483	0.01335	0.01928	0.02225	0.03264	0.02077	0.06231	0.67512	0.01335	0.02225	0.00890	0.00445	0.00742
25	0.01181	0.00851	0.00996	0.00990	0.01222	0.00746	0.00730	0.01438	0.01996	0.05728	0.23983	0.18521	0.34559	0.02023	0.00988	0.00284	0.00438	0.01745	0.00826	0.00756
26	0.01156	0.00928	0.01006	0.00956	0.01236	0.00829	0.00725	0.04783	0.02128	0.02700	0.22990	0.07184	0.46552	0.01935	0.00973	0.00274	0.00441	0.01630	0.00812	0.00763
27	0.06255	0.45347	0.24590	0.01714	0.02583	0.02761	0.01933	0.02532	0.01694	0.02277	0.01265	0.01472	0.01052	0.00740	0.00616	0.00210	0.00986	0.00500	0.00363	0.01110
28	0.01005	0.00749	0.00937	0.01087	0.01187	0.00681	0.00740	0.01165	0.01657	0.02148	0.05426	0.56514	0.18696	0.02493	0.01043	0.00325	0.00468	0.02227	0.00771	0.00681
29	0.00984	0.00833	0.00851	0.00865	0.01128	0.00699	0.00642	0.01190	0.01871	0.02235	0.08132	0.12600	0.60863	0.02141	0.00988	0.00285	0.00425	0.01798	0.00771	0.00699
30	0.17267	0.01375	0.01415	0.01341	0.01575	0.07403	0.01042	0.01915	0.01470	0.02408	0.01901	0.02719	0.01731	0.07971	0.32210	0.00794	0.06524	0.00763	0.07380	0.00795
31	0.08144	0.01727	0.01856	0.01495	0.02003	0.01868	0.01217	0.34550	0.02908	0.10052	0.02243	0.02365	0.01648	0.01234	0.04029	0.00290	0.00806	0.00748	0.19639	0.01181
32	0.15384	0.11212	0.02046	0.01433	0.01939	0.05016	0.01185	0.19408	0.08071	0.03398	0.03186	0.03199	0.14788	0.01452	0.04539	0.00310	0.00837	0.00880	0.00659	0.01058
33	0.08783	0.12429	0.02049	0.01455	0.01770	0.10088	0.01155	0.06094	0.04862	0.02388	0.02627	0.03366	0.10227	0.16556	0.01817	0.00381	0.11665	0.00890	0.00525	0.00875
34	0.25077	0.01169	0.01284	0.01325	0.04054	0.01219	0.00987	0.02045	0.01771	0.07679	0.12826	0.12219	0.03531	0.05395	0.01013	0.00315	0.00615	0.11042	0.05579	0.00855
35	0.02043	0.12399	0.02266	0.02080	0.15812	0.01617	0.01360	0.02549	0.07692	0.14595	0.06477	0.04134	0.21079	0.01274	0.00835	0.00252	0.00695	0.01065	0.00687	0.01089

[dist]
# distance from previous block
# <min> <max>
0	33

[block]
# block no. 4 follows, 22 sequences, length 62
# corresponding to MSA columns:
# 305-366
name=unknown_E
#
# <colnr> <probs for GDERKNQSTAVLIFYWHMCP>
#	G	D	E	R	K	N	Q	S	T	A	V	L	I	F	Y	W	H	M	C	P
0	0.01794	0.01661	0.02664	0.17048	0.03318	0.01842	0.15608	0.08357	0.08897	0.02697	0.02518	0.03145	0.06735	0.01719	0.09064	0.00415	0.07593	0.03374	0.00537	0.01014
1	0.16664	0.16843	0.09890	0.01810	0.07328	0.09426	0.01506	0.04939	0.01862	0.02779	0.04790	0.04369	0.01610	0.00870	0.00675	0.00218	0.00875	0.00646	0.00484	0.12417
2	0.01981	0.02027	0.01865	0.01961	0.09742	0.17388	0.01329	0.02910	0.21449	0.02732	0.09343	0.04012	0.17245	0.01295	0.00863	0.00259	0.00821	0.01059	0.00680	0.01039
3	0.04969	0.02993	0.36641	0.07413	0.06874	0.01762	0.02321	0.07202	0.02012	0.06256	0.09287	0.02443	0.01995	0.00932	0.00805	0.00259	0.01001	0.00758	0.02925	0.01152
4	0.01714	0.01571	0.07545	0.01553	0.02059	0.01313	0.08493	0.02494	0.14094	0.10305	0.09579	0.05044	0.27853	0.01469	0.00920	0.00275	0.00689	0.01272	0.00747	0.01009
5	0.02008	0.01725	0.01953	0.05625	0.02232	0.05785	0.01335	0.16255	0.05077	0.02956	0.02202	0.02668	0.05241	0.05107	0.12194	0.00448	0.10286	0.00794	0.00568	0.15542
6	0.01057	0.00866	0.00946	0.00987	0.01248	0.00755	0.00780	0.01304	0.01898	0.02295	0.07569	0.08285	0.52534	0.02144	0.01017	0.00302	0.00493	0.14035	0.00770	0.00715
7	0.02042	0.01688	0.01888	0.01445	0.02114	0.01562	0.01156	0.13031	0.15249	0.03304	0.01967	0.02060	0.01537	0.00789	0.00701	0.00178	0.00676	0.00630	0.00625	0.47360
8	0.01259	0.00858	0.01179	0.01179	0.01319	0.00961	0.00890	0.01539	0.01399	0.02117	0.02363	0.03478	0.02194	0.12535	0.47497	0.01056	0.01712	0.00904	0.14842	0.00721
9	0.01027	0.00843	0.00904	0.00889	0.01150	0.00720	0.00666	0.01279	0.01999	0.02495	0.21510	0.07582	0.52035	0.02010	0.00981	0.00276	0.00414	0.01695	0.00804	0.00720
10	0.02568	0.34881	0.03297	0.01812	0.02328	0.31347	0.01541	0.02803	0.01939	0.01993	0.01205	0.01453	0.01070	0.00848	0.00846	0.00212	0.07951	0.00512	0.00388	0.01005
11	0.01168	0.00800	0.00969	0.01006	0.01033	0.00808	0.00619	0.01231	0.01297	0.01747	0.02947	0.17619	0.03382	0.49972	0.11207	0.00779	0.00914	0.01391	0.00548	0.00565
12	0.01208	0.00805	0.00906	0.00906	0.00906	0.00805	0.00503	0.01208	0.01208	0.01611	0.02618	0.05436	0.03020	0.70804	0.04228	0.00805	0.00805	0.01208	0.00503	0.00503
