[name]
unknown

[dist]
# distance from previous block
# <min> <max>
0	0

[block]
# block no. 0 follows, 22 sequences, length 13
# corresponding to MSA columns:
# 0-12
name=unknown_A
#
# <colnr> <probs for GDERKNQSTAVLIFYWHMCP>
#	G	D	E	R	K	N	Q	S	T	A	V	L	I	F	Y	W	H	M	C	P
0	0.01339	0.00956	0.01339	0.01530	0.01721	0.00956	0.01339	0.01721	0.01912	0.02486	0.04399	0.09371	0.04781	0.02295	0.01147	0.00382	0.00765	0.60031	0.00765	0.00765
1	0.02056	0.01974	0.03372	0.05099	0.65622	0.01974	0.02550	0.02550	0.01892	0.02714	0.01563	0.02056	0.01316	0.00740	0.00822	0.00247	0.00987	0.00740	0.00411	0.01316
2	0.01359	0.00978	0.01198	0.01258	0.01399	0.00980	0.00879	0.10773	0.01926	0.02572	0.04047	0.55361	0.04696	0.06840	0.01233	0.00354	0.00571	0.02034	0.00763	0.00778
3	0.01376	0.00947	0.01077	0.01047	0.01123	0.00965	0.00655	0.07471	0.01542	0.02059	0.02860	0.15187	0.03242	0.53077	0.03389	0.00676	0.00766	0.01341	0.00578	0.00623
4	0.07333	0.16823	0.05132	0.01609	0.02241	0.02246	0.01411	0.26916	0.02627	0.12446	0.01938	0.02122	0.01478	0.04145	0.04439	0.00312	0.00927	0.00687	0.00668	0.04500
5	0.01530	0.01171	0.01271	0.01177	0.01457	0.01174	0.00868	0.13885	0.05788	0.02795	0.05144	0.17450	0.27272	0.13425	0.01502	0.00373	0.00610	0.01521	0.00743	0.00844
6	0.01151	0.00834	0.01094	0.06563	0.01500	0.00820	0.00824	0.01308	0.01634	0.02170	0.13569	0.29463	0.11513	0.16116	0.01825	0.06016	0.00595	0.01670	0.00676	0.00657
7	0.01380	0.01205	0.01684	0.02250	0.22215	0.01139	0.01234	0.01640	0.01754	0.02270	0.04994	0.05530	0.31692	0.15593	0.01588	0.00376	0.00684	0.01311	0.00599	0.00863
8	0.01896	0.01811	0.03084	0.25976	0.45993	0.01932	0.02470	0.02410	0.01816	0.02520	0.01534	0.02108	0.01248	0.00770	0.00825	0.00257	0.01026	0.00740	0.00397	0.01187
9	0.02403	0.02246	0.02481	0.06979	0.02701	0.13018	0.05606	0.22167	0.02446	0.03183	0.01736	0.06161	0.01493	0.01113	0.01245	0.00268	0.16186	0.00803	0.00568	0.07196
10	0.02291	0.01863	0.02347	0.25695	0.06712	0.09785	0.01815	0.02758	0.04585	0.15209	0.01840	0.02188	0.01373	0.00979	0.01139	0.00271	0.12823	0.00727	0.00539	0.05062
11	0.06403	0.01857	0.02112	0.05384	0.19208	0.11797	0.01563	0.02668	0.11614	0.05936	0.06461	0.16232	0.02729	0.01277	0.00856	0.00269	0.00846	0.01104	0.00622	0.01061
12	0.01199	0.00998	0.01185	0.01131	0.01269	0.01065	0.00829	0.01349	0.01560	0.02010	0.05102	0.08997	0.31481	0.20741	0.05274	0.00489	0.12608	0.01416	0.00613	0.00685

[dist]
# distance from previous block
# <min> <max>
12	74

[block]
# block no. 1 follows, 22 sequences, length 19
# corresponding to MSA columns:
# 87-105
name=unknown_B
#
# <colnr> <probs for GDERKNQSTAVLIFYWHMCP>
#	G	D	E	R	K	N	Q	S	T	A	V	L	I	F	Y	W	H	M	C	P
0	0.01662	0.01485	0.01921	0.20524	0.02863	0.04798	0.01506	0.07958	0.01998	0.02660	0.15356	0.07889	0.08605	0.01563	0.03676	0.00326	0.12629	0.01086	0.00594	0.00900
1	0.02131	0.02266	0.02313	0.25059	0.10579	0.23223	0.01829	0.04667	0.01954	0.02288	0.01599	0.02137	0.01308	0.01588	0.10021	0.00395	0.01338	0.00695	0.03645	0.00967
2	0.08877	0.01141	0.01286	0.01260	0.01427	0.05383	0.00932	0.01632	0.01379	0.02039	0.02152	0.03481	0.02121	0.20914	0.41194	0.01026	0.01677	0.00900	0.00465	0.00714
3	0.01569	0.00990	0.01152	0.01086	0.01285	0.01060	0.00809	0.08633	0.01777	0.02742	0.02475	0.03446	0.02196	0.15222	0.20051	0.00632	0.01039	0.00883	0.32166	0.00789
4	0.02117	0.02341	0.02330	0.02066	0.02198	0.21541	0.01650	0.02304	0.01624	0.02021	0.01497	0.08578	0.01526	0.01392	0.01975	0.00317	0.42364	0.00834	0.00423	0.00901
5	0.02466	0.02149	0.01993	0.01701	0.02143	0.13047	0.01310	0.25800	0.17630	0.03541	0.02453	0.06646	0.02105	0.11650	0.01347	0.00340	0.00910	0.00921	0.00713	0.01133
6	0.01154	0.00955	0.01025	0.00988	0.01272	0.00882	0.00747	0.01659	0.09372	0.02635	0.20586	0.07012	0.44928	0.01897	0.00965	0.00276	0.00442	0.01600	0.00812	0.00793
7	0.03058	0.07691	0.02484	0.02076	0.02544	0.57258	0.01592	0.09232	0.02471	0.02349	0.01348	0.01538	0.01104	0.00862	0.00745	0.00215	0.01404	0.00551	0.00464	0.01014
8	0.01187	0.00890	0.01335	0.01335	0.01483	0.01038	0.01038	0.01483	0.01335	0.01928	0.02225	0.03264	0.02077	0.06231	0.67512	0.01335	0.02225	0.00890	0.00445	0.00742
9	0.03085	0.02798	0.02290	0.02111	0.06744	0.32753	0.01545	0.10607	0.08698	0.18084	0.02078	0.02076	0.01512	0.00934	0.00794	0.00238	0.01119	0.00687	0.00661	0.01185
10	0.02304	0.02042	0.02198	0.01912	0.02135	0.15639	0.01542	0.02535	0.01696	0.12849	0.01690	0.02163	0.01414	0.02055	0.12817	0.00477	0.32319	0.00732	0.00503	0.00978
11	0.01021	0.00748	0.00960	0.01107	0.01197	0.00687	0.00754	0.01194	0.01690	0.02233	0.09880	0.57106	0.13438	0.02466	0.01044	0.00324	0.00467	0.02215	0.00783	0.00687
12	0.01745	0.01031	0.01208	0.01101	0.01440	0.00928	0.00838	0.02124	0.06243	0.17786	0.09855	0.12408	0.32983	0.05136	0.01102	0.00305	0.00529	0.01494	0.00835	0.00908
13	0.02219	0.02258	0.02357	0.02161	0.05597	0.17432	0.01658	0.09195	0.01884	0.02462	0.01432	0.01952	0.01263	0.01571	0.06871	0.00376	0.33451	0.00700	0.04178	0.00981
14	0.01647	0.00913	0.01229	0.01270	0.01468	0.00844	0.00946	0.01870	0.01818	0.15595	0.06399	0.41189	0.04639	0.05121	0.01161	0.00345	0.00585	0.11303	0.00818	0.00840
15	0.01170	0.00791	0.01022	0.01119	0.01247	0.00723	0.00780	0.01371	0.01787	0.05522	0.14757	0.49474	0.12485	0.02321	0.01027	0.00315	0.00472	0.02078	0.00807	0.00732
16	0.02599	0.02726	0.03038	0.10228	0.09614	0.24147	0.14522	0.17331	0.02521	0.03015	0.01588	0.01910	0.01221	0.00843	0.00834	0.00247	0.01241	0.00723	0.00515	0.01135
17	0.01926	0.02306	0.14029	0.12903	0.47264	0.01950	0.02607	0.02508	0.01838	0.02623	0.01539	0.02025	0.01244	0.00760	0.00818	0.00253	0.01044	0.00718	0.00395	0.01250
18	0.02028	0.01945	0.03321	0.08816	0.62127	0.01966	0.02535	0.02525	0.01878	0.02680	0.01558	0.02065	0.01304	0.00745	0.00823	0.00248	0.00994	0.00740	0.00409	0.01293

[dist]
# distance from previous block
# <min> <max>
0	1

[block]
# block no. 2 follows, 22 sequences, length 33
# corresponding to MSA columns:
# 107-139
name=unknown_C
#
# <colnr> <probs for GDERKNQSTAVLIFYWHMCP>
#	G	D	E	R	K	N	Q	S	T	A	V	L	I	F	Y	W	H	M	C	P
0	0.02172	0.02761	0.15429	0.19657	0.19471	0.15788	0.02309	0.07850	0.02078	0.02624	0.01505	0.01913	0.01168	0.00819	0.00803	0.00251	0.01167	0.00672	0.00429	0.01134
1	0.02643	0.26183	0.03088	0.02004	0.06802	0.21244	0.01573	0.17838	0.02431	0.02853	0.01487	0.01698	0.01225	0.01114	0.04180	0.00271	0.01146	0.00591	0.00504	0.01124
2	0.01758	0.01926	0.01418	0.01333	0.01677	0.22288	0.01004	0.02155	0.07438	0.02283	0.05686	0.05481	0.39196	0.01618	0.00895	0.00259	0.00788	0.01291	0.00667	0.00839
3	0.02619	0.02187	0.02084	0.01746	0.02216	0.12399	0.01368	0.37911	0.03060	0.03921	0.02438	0.16003	0.02267	0.04600	0.01025	0.00288	0.00914	0.01065	0.00739	0.01148
4	0.02350	0.16244	0.10582	0.02803	0.20168	0.21451	0.01974	0.02987	0.09121	0.02445	0.01602	0.01836	0.01304	0.00819	0.00744	0.00230	0.01109	0.00631	0.00448	0.01153
5	0.01666	0.04297	0.66500	0.02368	0.03596	0.01929	0.03069	0.02631	0.01754	0.02631	0.01491	0.01754	0.01052	0.00789	0.00789	0.00263	0.01228	0.00614	0.00351	0.01228
6	0.02298	0.01108	0.01407	0.01183	0.01612	0.00961	0.00940	0.02602	0.02223	0.32120	0.19100	0.05189	0.22774	0.01512	0.00914	0.00265	0.00547	0.01270	0.00923	0.01050
7	0.02897	0.02859	0.02389	0.02152	0.06340	0.29376	0.01602	0.29094	0.02915	0.03463	0.01693	0.01902	0.01322	0.01377	0.06579	0.00329	0.01275	0.00671	0.00604	0.01162
8	0.03024	0.01933	0.02184	0.01725	0.02311	0.02049	0.01403	0.42479	0.03291	0.18265	0.02588	0.10414	0.02047	0.01198	0.00860	0.00262	0.00816	0.00962	0.00867	0.01324
9	0.01051	0.00739	0.00952	0.01107	0.01145	0.00701	0.00718	0.01167	0.01514	0.02019	0.04188	0.57355	0.05002	0.16182	0.01691	0.00431	0.00546	0.02132	0.00718	0.00641
10	0.01820	0.01871	0.02021	0.01833	0.01978	0.14866	0.01462	0.02054	0.01513	0.01978	0.01585	0.02335	0.01483	0.03254	0.28360	0.00724	0.28847	0.00754	0.00409	0.00852
11	0.03169	0.02032	0.02277	0.01776	0.02412	0.02174	0.01457	0.41033	0.10787	0.20335	0.02484	0.02337	0.01710	0.01021	0.00834	0.00255	0.00831	0.00793	0.00882	0.01401
12	0.01050	0.00739	0.00953	0.01109	0.01148	0.00700	0.00720	0.01167	0.01517	0.02023	0.04204	0.57880	0.05022	0.15630	0.01665	0.00427	0.00544	0.02141	0.00720	0.00642
13	0.01012	0.00723	0.00964	0.01157	0.01205	0.00675	0.00771	0.01157	0.01591	0.02121	0.04579	0.70262	0.05495	0.02603	0.01060	0.00337	0.00482	0.02362	0.00771	0.00675
14	0.02399	0.02334	0.12326	0.01872	0.02427	0.06609	0.01684	0.20161	0.11047	0.09559	0.02301	0.07937	0.01883	0.01380	0.03803	0.00320	0.09215	0.00886	0.00671	0.01188
15	0.01865	0.10002	0.02154	0.10008	0.04614	0.01984	0.01394	0.03364	0.37637	0.02918	0.03546	0.03453	0.11267	0.01169	0.00825	0.00267	0.00718	0.00966	0.00701	0.01147
16	0.01026	0.00734	0.00977	0.01147	0.01208	0.00684	0.00772	0.01192	0.01657	0.02226	0.09835	0.64707	0.05698	0.02524	0.01053	0.00331	0.00474	0.02287	0.00784	0.00684
17	0.02507	0.02035	0.02588	0.02852	0.22589	0.02193	0.01801	0.30657	0.12786	0.03968	0.02227	0.06110	0.01796	0.01028	0.00844	0.00259	0.00871	0.00869	0.00696	0.01324
18	0.02199	0.02736	0.13207	0.03573	0.32185	0.15099	0.05424	0.02947	0.09473	0.02653	0.01721	0.02031	0.01369	0.00816	0.00813	0.00249	0.01110	0.00715	0.00458	0.01221
19	0.05808	0.01258	0.01780	0.14538	0.02473	0.01532	0.01408	0.06043	0.01576	0.02311	0.01866	0.02687	0.01656	0.03926	0.38238	0.00875	0.09916	0.00806	0.00452	0.00853
20	0.08136	0.02053	0.02998	0.12578	0.47384	0.07629	0.02303	0.02553	0.01864	0.02662	0.01495	0.01970	0.01234	0.00764	0.00792	0.00249	0.01019	0.00699	0.00416	0.01202
21	0.01488	0.01371	0.02369	0.02291	0.09824	0.01474	0.13615	0.01846	0.01571	0.02217	0.02367	0.16078	0.02382	0.03159	0.25055	0.00676	0.09669	0.01163	0.00491	0.00894
22	0.02110	0.22603	0.22039	0.08479	0.05079	0.09061	0.02046	0.09313	0.02005	0.02574	0.01483	0.01795	0.01185	0.01182	0.05417	0.00308	0.01174	0.00608	0.00425	0.01114
23	0.11013	0.07448	0.16612	0.05940	0.22085	0.06075	0.14066	0.02600	0.01823	0.02689	0.01472	0.01865	0.01158	0.00755	0.00785	0.00252	0.01106	0.00692	0.00408	0.01153
24	0.01724	0.01672	0.01449	0.01372	0.01679	0.14880	0.01039	0.04825	0.10144	0.02476	0.04381	0.10135	0.22409	0.02307	0.11449	0.00433	0.00987	0.01214	0.04550	0.00875
25	0.05075	0.01951	0.02829	0.03473	0.32933	0.05630	0.07083	0.11716	0.02200	0.03036	0.02134	0.07062	0.01970	0.01086	0.00874	0.00270	0.00969	0.07991	0.00546	0.01172
26	0.02066	0.10961	0.04874	0.07177	0.12621	0.12287	0.05286	0.02665	0.09260	0.02351	0.01652	0.02075	0.01390	0.01421	0.06938	0.00359	0.14395	0.00715	0.00448	0.01059
27	0.01684	0.01925	0.14665	0.02108	0.12139	0.01528	0.01661	0.06561	0.08903	0.02769	0.02684	0.03054	0.07246	0.02337	0.17554	0.00524	0.01182	0.00868	0.09566	0.01042
28	0.02255	0.02126	0.01780	0.01616	0.01955	0.20650	0.01212	0.17486	0.05331	0.02966	0.02663	0.21278	0.02663	0.06321	0.01096	0.00301	0.00911	0.01180	0.05243	0.00968
29	0.02356	0.02661	0.16194	0.02314	0.11292	0.14307	0.01868	0.03306	0.17135	0.12135	0.02609	0.02615	0.05536	0.00993	0.00818	0.00256	0.00981	0.00798	0.00620	0.01206
30	0.01863	0.01726	0.02222	0.02360	0.14148	0.09001	0.05975	0.02378	0.07337	0.05408	0.15401	0.13782	0.03411	0.01380	0.01137	0.00281	0.09383	0.01170	0.00634	0.01002
31	0.05657	0.02543	0.02275	0.02533	0.16692	0.27573	0.01615	0.10696	0.02277	0.02717	0.02251	0.12825	0.04497	0.01172	0.00825	0.00250	0.01060	0.00946	0.00551	0.01045
32	0.02304	0.02308	0.06507	0.05872	0.02417	0.16188	0.01474	0.22778	0.02711	0.03401	0.12765	0.06688	0.08566	0.01243	0.00860	0.00254	0.00923	0.00992	0.00685	0.01063

[dist]
# distance from previous block
# <min> <max>
2	71

[block]
# block no. 3 follows, 22 sequences, length 13
# corresponding to MSA columns:
# 216-228
name=unknown_D
#
# <colnr> <probs for GDERKNQSTAVLIFYWHMCP>
#	G	D	E	R	K	N	Q	S	T	A	V	L	I	F	Y	W	H	M	C	P
0	0.02047	0.15328	0.02337	0.01785	0.06505	0.18581	0.01327	0.02330	0.01808	0.02235	0.01844	0.08111	0.01735	0.01721	0.10001	0.00368	0.03872	0.00768	0.06839	0.10457
1	0.02177	0.15439	0.02669	0.01789	0.02239	0.06177	0.05388	0.14095	0.13327	0.02906	0.02373	0.02701	0.06163	0.06131	0.01352	0.00303	0.12276	0.00828	0.00584	0.01081
2	0.02501	0.16320	0.02524	0.04797	0.02382	0.30148	0.01450	0.07973	0.07749	0.02494	0.01698	0.01945	0.01392	0.01297	0.06011	0.00306	0.01209	0.00627	0.06157	0.01019
3	0.02008	0.15424	0.30617	0.02936	0.19262	0.08083	0.05274	0.02648	0.01841	0.02480	0.01440	0.01757	0.01134	0.00765	0.00758	0.00240	0.01138	0.00626	0.00377	0.01193
4	0.01342	0.01275	0.07362	0.01495	0.01797	0.01153	0.05563	0.01742	0.01482	0.02229	0.02197	0.03028	0.01934	0.04514	0.46178	0.00983	0.01786	0.00853	0.12268	0.00818
5	0.02407	0.02680	0.02450	0.02979	0.25215	0.31870	0.01771	0.02741	0.02089	0.02408	0.02046	0.02335	0.05875	0.00915	0.00775	0.00229	0.01118	0.00722	0.08324	0.01053
6	0.02217	0.02404	0.02141	0.02383	0.15300	0.25433	0.01521	0.02929	0.15231	0.02491	0.03002	0.03218	0.11792	0.05121	0.01023	0.00280	0.01001	0.00897	0.00572	0.01043
7	0.01226	0.00872	0.01069	0.01095	0.01287	0.00810	0.00791	0.01581	0.05215	0.05341	0.22914	0.31065	0.19460	0.02081	0.00998	0.00296	0.00461	0.01833	0.00828	0.00778
8	0.01034	0.00770	0.00964	0.01070	0.01194	0.00700	0.00744	0.01237	0.01789	0.02360	0.16058	0.45716	0.18657	0.02337	0.01029	0.00312	0.00453	0.02081	0.00796	0.00700
9	0.01899	0.13105	0.16595	0.02081	0.08991	0.04899	0.01791	0.02740	0.13347	0.05048	0.02041	0.02373	0.01651	0.02182	0.17125	0.00512	0.01279	0.00734	0.00504	0.01104
10	0.02173	0.16034	0.03270	0.16287	0.20932	0.14126	0.07445	0.02692	0.04931	0.02353	0.01513	0.01910	0.01234	0.00789	0.00769	0.00238	0.01105	0.00675	0.00417	0.01106
11	0.01443	0.00722	0.01082	0.01082	0.01082	0.00722	0.00722	0.01082	0.01082	0.01443	0.01443	0.02525	0.01443	0.02886	0.03247	0.75830	0.00722	0.00722	0.00361	0.00361
12	0.01818	0.01710	0.02808	0.08014	0.48403	0.01709	0.02165	0.02264	0.01879	0.02592	0.02804	0.03398	0.11738	0.01045	0.00865	0.00261	0.00892	0.03985	0.00485	0.01165

[dist]
# distance from previous block
# <min> <max>
0	1

[block]
# block no. 4 follows, 22 sequences, length 47
# corresponding to MSA columns:
# 230-276
name=unknown_E
#
# <colnr> <probs for GDERKNQSTAVLIFYWHMCP>
#	G	D	E	R	K	N	Q	S	T	A	V	L	I	F	Y	W	H	M	C	P
0	0.02076	0.17574	0.23735	0.07144	0.17685	0.02177	0.07078	0.02677	0.01837	0.08144	0.01609	0.01897	0.01226	0.00778	0.00764	0.00243	0.01058	0.00663	0.00433	0.01202
1	0.01969	0.01411	0.01894	0.02165	0.15415	0.01442	0.01349	0.15161	0.02192	0.07995	0.02922	0.24269	0.02926	0.06260	0.04238	0.00362	0.00800	0.01308	0.04894	0.01029
2	0.01066	0.00845	0.00959	0.00930	0.01174	0.00737	0.00698	0.01356	0.02093	0.02717	0.33109	0.07217	0.40297	0.01928	0.00981	0.00272	0.00408	0.01644	0.00834	0.00737
3	0.02056	0.01974	0.03372	0.05099	0.65622	0.01974	0.02550	0.02550	0.01892	0.02714	0.01563	0.02056	0.01316	0.00740	0.00822	0.00247	0.00987	0.00740	0.00411	0.01316
4	0.00982	0.00842	0.00842	0.00842	0.01122	0.00701	0.00631	0.01192	0.01894	0.02244	0.08416	0.07995	0.65285	0.02104	0.00982	0.00281	0.00421	0.01753	0.00771	0.00701
5	0.01193	0.00864	0.01205	0.01205	0.01308	0.00967	0.00876	0.01400	0.01296	0.01832	0.02345	0.03925	0.02364	0.25884	0.48251	0.01174	0.01793	0.00987	0.00463	0.00669
6	0.00993	0.00834	0.00863	0.00872	0.01133	0.00704	0.00648	0.01208	0.01896	0.02289	0.10908	0.11975	0.58606	0.02117	0.00987	0.00283	0.00423	0.01781	0.00778	0.00704
7	0.03158	0.02327	0.02493	0.01911	0.02576	0.02576	0.01579	0.62852	0.03906	0.05236	0.01995	0.01995	0.01413	0.00997	0.00831	0.00249	0.00914	0.00748	0.00831	0.01413
8	0.01443	0.00722	0.01082	0.01082	0.01082	0.00722	0.00722	0.01082	0.01082	0.01443	0.01443	0.02525	0.01443	0.02886	0.03247	0.75830	0.00722	0.00722	0.00361	0.00361
9	0.01359	0.00873	0.00961	0.00932	0.00997	0.00885	0.00568	0.04299	0.01427	0.02034	0.02603	0.04880	0.02794	0.55780	0.03456	0.00676	0.00741	0.01113	0.13029	0.00592
10	0.02020	0.01653	0.01882	0.01372	0.02095	0.01412	0.01108	0.14676	0.02175	0.03231	0.01584	0.01779	0.01268	0.00694	0.00660	0.00149	0.00677	0.00545	0.00562	0.60459
11	0.01666	0.04297	0.66500	0.02368	0.03596	0.01929	0.03069	0.02631	0.01754	0.02631	0.01491	0.01754	0.01052	0.00789	0.00789	0.00263	0.01228	0.00614	0.00351	0.01228
12	0.00992	0.00842	0.00856	0.00852	0.01128	0.00706	0.00639	0.01212	0.01918	0.02301	0.11390	0.07901	0.62276	0.02083	0.00982	0.00280	0.00419	0.01740	0.00779	0.00706
13	0.02254	0.02222	0.01890	0.01685	0.02108	0.19407	0.01298	0.09379	0.28148	0.03182	0.13241	0.03312	0.05937	0.01184	0.00847	0.00257	0.00853	0.00945	0.00740	0.01112
14	0.01829	0.21537	0.46363	0.02196	0.03265	0.02293	0.06530	0.02596	0.01750	0.02457	0.01416	0.01676	0.01070	0.00763	0.00735	0.00242	0.01151	0.00594	0.00357	0.01179
15	0.02221	0.71304	0.04353	0.01421	0.02132	0.03287	0.01421	0.02488	0.01688	0.01955	0.01155	0.01333	0.01066	0.00711	0.00533	0.00178	0.00888	0.00444	0.00355	0.01066
16	0.02056	0.01974	0.03372	0.05099	0.65622	0.01974	0.02550	0.02550	0.01892	0.02714	0.01563	0.02056	0.01316	0.00740	0.00822	0.00247	0.00987	0.00740	0.00411	0.01316
17	0.01187	0.00890	0.01335	0.01335	0.01483	0.01038	0.01038	0.01483	0.01335	0.01928	0.02225	0.03264	0.02077	0.06231	0.67512	0.01335	0.02225	0.00890	0.00445	0.00742
18	0.02007	0.01924	0.03284	0.11479	0.59624	0.01961	0.02525	0.02507	0.01869	0.02655	0.01554	0.02072	0.01295	0.00749	0.00823	0.00250	0.00999	0.00740	0.00407	0.01277
19	0.03158	0.02327	0.02493	0.01911	0.02576	0.02576	0.01579	0.62852	0.03906	0.05236	0.01995	0.01995	0.01413	0.00997	0.00831	0.00249	0.00914	0.00748	0.00831	0.01413
20	0.02056	0.01974	0.03372	0.05099	0.65622	0.01974	0.02550	0.02550	0.01892	0.02714	0.01563	0.02056	0.01316	0.00740	0.00822	0.00247	0.00987	0.00740	0.00411	0.01316
21	0.01549	0.00774	0.00774	0.00774	0.00968	0.00774	0.00581	0.01936	0.01742	0.03097	0.02710	0.03097	0.02129	0.00968	0.00581	0.00194	0.00387	0.00774	0.75416	0.00774
22	0.01208	0.00805	0.00906	0.00906	0.00906	0.00805	0.00503	0.01208	0.01208	0.01611	0.02618	0.05436	0.03020	0.70804	0.04228	0.00805	0.00805	0.01208	0.00503	0.00503
23	0.03139	0.02246	0.02430	0.01875	0.02529	0.02471	0.01545	0.56509	0.06742	0.08781	0.02138	0.02098	0.01506	0.01005	0.00832	0.00251	0.00889	0.00762	0.00843	0.01408
24	0.01013	0.00761	0.00939	0.01067	0.01185	0.00688	0.00734	0.01188	0.01711	0.02217	0.08767	0.50261	0.21613	0.02422	0.01035	0.00318	0.00461	0.02154	0.00779	0.00688
25	0.01723	0.01477	0.01723	0.01230	0.01969	0.01107	0.00984	0.02092	0.01723	0.02707	0.01477	0.01723	0.01230	0.00615	0.00615	0.00123	0.00615	0.00492	0.00492	0.75883
26	0.02179	0.01840	0.01942	0.01713	0.02203	0.02119	0.01342	0.10443	0.57909	0.03657	0.03238	0.02985	0.02420	0.01114	0.00844	0.00278	0.00684	0.00919	0.00844	0.01325
27	0.01684	0.01589	0.01606	0.01530	0.01763	0.14504	0.01183	0.05306	0.01685	0.02136	0.02023	0.02837	0.01837	0.04854	0.50314	0.01048	0.02005	0.00811	0.00463	0.00824
28	0.01023	0.00767	0.00953	0.01095	0.01212	0.00698	0.00766	0.01198	0.01688	0.02174	0.05574	0.50519	0.21123	0.02455	0.01045	0.00325	0.00482	0.05447	0.00771	0.00687
29	0.01642	0.01372	0.01495	0.01372	0.01736	0.01489	0.01056	0.03100	0.36914	0.03226	0.20799	0.04770	0.14706	0.01447	0.00905	0.00276	0.00546	0.01230	0.00851	0.01068
30	0.01121	0.00819	0.00881	0.00881	0.00989	0.00765	0.00553	0.01202	0.01472	0.01855	0.04852	0.06422	0.27014	0.44330	0.02977	0.00603	0.00657	0.01418	0.00607	0.00580
31	0.01818	0.01818	0.02545	0.02181	0.02181	0.02545	0.01818	0.01999	0.01272	0.01999	0.01091	0.01818	0.01091	0.01454	0.02726	0.00364	0.69284	0.00727	0.00364	0.00909
32	0.01114	0.00847	0.01025	0.00980	0.01203	0.00758	0.00735	0.01448	0.02206	0.02985	0.47113	0.06775	0.26125	0.01827	0.00980	0.00267	0.00401	0.01582	0.00869	0.00758
33	0.01176	0.00849	0.01110	0.01045	0.01241	0.00784	0.00784	0.01568	0.02352	0.03331	0.65184	0.06206	0.07839	0.01698	0.00980	0.00261	0.00392	0.01502	0.00914	0.00784
34	0.01061	0.00845	0.00951	0.00925	0.01171	0.00735	0.00694	0.01346	0.02081	0.02688	0.31591	0.07264	0.41833	0.01938	0.00981	0.00273	0.00409	0.01651	0.00830	0.00735
35	0.01980	0.01634	0.01859	0.01366	0.02080	0.01399	0.01100	0.12392	0.05050	0.03168	0.01654	0.01834	0.01323	0.00704	0.00662	0.00152	0.00667	0.00556	0.00566	0.59855
36	0.16061	0.07376	0.02371	0.04681	0.05761	0.33129	0.01560	0.08883	0.02149	0.02691	0.01329	0.01597	0.01090	0.00892	0.00884	0.00240	0.07250	0.00571	0.00470	0.01016
37	0.11407	0.16920	0.02581	0.01735	0.02270	0.23159	0.01427	0.18827	0.02431	0.03064	0.01517	0.01737	0.01231	0.01333	0.06654	0.00321	0.01180	0.00595	0.00533	0.01078
38	0.02133	0.43214	0.05766	0.01456	0.02006	0.09857	0.01324	0.05237	0.01773	0.02077	0.01526	0.02250	0.01487	0.15262	0.01347	0.00319	0.00954	0.00634	0.00417	0.00961
39	0.01809	0.01814	0.11664	0.05517	0.02269	0.04713	0.04564	0.02387	0.06990	0.12280	0.10081	0.04702	0.24998	0.01407	0.00897	0.00269	0.00754	0.01185	0.00704	0.00997
40	0.02219	0.02073	0.02219	0.02499	0.18193	0.12841	0.01581	0.08336	0.19639	0.05531	0.03289	0.03282	0.12436	0.01132	0.00845	0.00257	0.00867	0.00937	0.00659	0.01165
41	0.01223	0.01435	0.11163	0.01617	0.01934	0.01031	0.08498	0.01555	0.01659	0.02261	0.03774	0.51968	0.04329	0.02106	0.01011	0.00320	0.00702	0.01937	0.00667	0.00810
42	0.02214	0.01980	0.01973	0.01959	0.07725	0.13174	0.01386	0.05777	0.28548	0.06622	0.02749	0.02844	0.04524	0.01715	0.07865	0.05306	0.01003	0.00851	0.00668	0.01117
43	0.07578	0.18326	0.06518	0.01896	0.02451	0.39283	0.01590	0.05478	0.05396	0.02366	0.01398	0.01571	0.01147	0.00835	0.00697	0.00217	0.01226	0.00544	0.00451	0.01034
44	0.01676	0.01437	0.01364	0.01270	0.01618	0.07317	0.00960	0.02517	0.20432	0.06365	0.05498	0.08465	0.31154	0.04879	0.01067	0.00301	0.00629	0.01347	0.00764	0.00940
45	0.01012	0.00723	0.00964	0.01157	0.01205	0.00675	0.00771	0.01157	0.01591	0.02121	0.04579	0.70262	0.05495	0.02603	0.01060	0.00337	0.00482	0.02362	0.00771	0.00675
46	0.01858	0.02263	0.11460	0.03336	0.16417	0.02017	0.29781	0.02447	0.01779	0.02520	0.01606	0.02179	0.01297	0.01301	0.06989	0.00374	0.10011	0.00846	0.00405	0.01114

[dist]
# distance from previous block
# <min> <max>
0	3

[block]
# block no. 5 follows, 22 sequences, length 21
# corresponding to MSA columns:
# 280-300
name=unknown_F
#
# <colnr> <probs for GDERKNQSTAVLIFYWHMCP>
#	G	D	E	R	K	N	Q	S	T	A	V	L	I	F	Y	W	H	M	C	P
0	0.02184	0.02915	0.15019	0.03198	0.15468	0.16491	0.23260	0.02881	0.05591	0.02574	0.01634	0.02003	0.01265	0.00783	0.00856	0.00256	0.01268	0.00767	0.00432	0.01154
1	0.01193	0.00865	0.01206	0.01206	0.01310	0.00969	0.00878	0.01401	0.01297	0.01833	0.02343	0.03916	0.02360	0.25605	0.48524	0.01176	0.01799	0.00985	0.00463	0.00670
2	0.02028	0.48019	0.25949	0.01750	0.02641	0.02815	0.01994	0.02537	0.01711	0.02190	0.01272	0.01479	0.01061	0.00738	0.00622	0.00207	0.01006	0.00503	0.00354	0.01122
3	0.01984	0.09497	0.17474	0.01848	0.05200	0.19888	0.01611	0.02324	0.01737	0.02058	0.01784	0.02897	0.01735	0.24403	0.01914	0.00423	0.01116	0.00782	0.00427	0.00898
4	0.01266	0.00817	0.01077	0.01077	0.01142	0.00869	0.00733	0.01330	0.01266	0.01792	0.02276	0.03999	0.02348	0.31421	0.25682	0.14526	0.01253	0.00980	0.05569	0.00578
5	0.03035	0.03712	0.02434	0.02328	0.06899	0.58562	0.01668	0.07309	0.02428	0.02298	0.01352	0.01570	0.01110	0.00858	0.00760	0.00219	0.01423	0.00564	0.00454	0.01018
6	0.01196	0.00800	0.00910	0.00921	0.00924	0.00798	0.00519	0.01205	0.01231	0.01641	0.02735	0.09313	0.03168	0.66726	0.04039	0.00777	0.00786	0.01277	0.00519	0.00514
7	0.01991	0.17997	0.02561	0.01711	0.02087	0.13858	0.04749	0.06323	0.01878	0.02280	0.02350	0.13542	0.05501	0.01881	0.08785	0.00385	0.09693	0.00989	0.00508	0.00932
8	0.02039	0.10396	0.09490	0.03363	0.32745	0.02153	0.02099	0.03109	0.20479	0.02843	0.02051	0.02252	0.01624	0.00857	0.00791	0.00251	0.00901	0.00752	0.00528	0.01277
9	0.01013	0.00777	0.00910	0.01010	0.01150	0.00695	0.00695	0.01175	0.01689	0.02137	0.06024	0.40219	0.29927	0.07051	0.01244	0.00346	0.00479	0.02033	0.00753	0.00674
10	0.04891	0.00875	0.01077	0.01129	0.01320	0.00806	0.00806	0.01590	0.01773	0.09902	0.08303	0.44205	0.15821	0.02189	0.00989	0.00310	0.00500	0.01933	0.00798	0.00784
11	0.07356	0.02733	0.10294	0.03191	0.21715	0.18452	0.11273	0.02697	0.01898	0.02513	0.01420	0.01834	0.01161	0.00854	0.01024	0.00260	0.09113	0.00689	0.00411	0.01112
12	0.07648	0.02655	0.02193	0.09651	0.02700	0.29242	0.01575	0.09093	0.10471	0.02687	0.01966	0.02181	0.04340	0.01026	0.01004	0.00257	0.09043	0.00708	0.00533	0.01028
13	0.01755	0.01416	0.01455	0.01294	0.01664	0.04290	0.01017	0.19353	0.02527	0.03219	0.11259	0.10085	0.30575	0.01730	0.00942	0.00276	0.00635	0.04791	0.00787	0.00931
14	0.01997	0.02203	0.05883	0.10199	0.13126	0.15888	0.01831	0.04467	0.01787	0.02273	0.01572	0.02172	0.01363	0.02187	0.16582	0.00517	0.13825	0.00722	0.00421	0.00986
15	0.05155	0.02438	0.09524	0.14710	0.07227	0.20969	0.01725	0.05083	0.01935	0.02342	0.02134	0.07329	0.05827	0.01259	0.01062	0.07974	0.01068	0.00839	0.00470	0.00928
16	0.06527	0.14865	0.03220	0.03249	0.29201	0.08712	0.04303	0.05913	0.01899	0.02604	0.01399	0.01798	0.01193	0.00863	0.01022	0.00250	0.10749	0.00657	0.00426	0.01152
17	0.15143	0.02363	0.06320	0.09486	0.02635	0.17637	0.01517	0.06489	0.15785	0.07292	0.02351	0.02422	0.05168	0.00986	0.00766	0.00256	0.00952	0.00742	0.00607	0.01084
18	0.02497	0.03022	0.20416	0.02106	0.05652	0.21066	0.01906	0.09021	0.02233	0.12329	0.02123	0.10024	0.01788	0.01080	0.00823	0.00254	0.01096	0.00852	0.00578	0.01135
19	0.14832	0.04905	0.08523	0.01600	0.01963	0.11777	0.01369	0.02230	0.05135	0.02450	0.02379	0.15867	0.05085	0.01485	0.01255	0.05473	0.11246	0.01015	0.00526	0.00884
20	0.02370	0.02444	0.02263	0.06895	0.13901	0.23767	0.01620	0.13731	0.04762	0.02850	0.02938	0.03057	0.13659	0.01111	0.00832	0.00246	0.01031	0.00876	0.00578	0.01070

[dist]
# distance from previous block
# <min> <max>
7	137

[block]
# block no. 6 follows, 22 sequences, length 21
# corresponding to MSA columns:
# 458-478
name=unknown_G
#
# <colnr> <probs for GDERKNQSTAVLIFYWHMCP>
#	G	D	E	R	K	N	Q	S	T	A	V	L	I	F	Y	W	H	M	C	P
0	0.08534	0.02452	0.16939	0.03717	0.38531	0.01951	0.02368	0.06788	0.01953	0.02962	0.01537	0.01906	0.01224	0.00765	0.00778	0.00245	0.00985	0.00674	0.00441	0.05252
1	0.01910	0.02512	0.19231	0.10654	0.44083	0.01950	0.02657	0.02528	0.01834	0.02635	0.01536	0.01995	0.01229	0.00761	0.00815	0.00254	0.01060	0.00708	0.00392	0.01255
2	0.02252	0.02376	0.03086	0.08943	0.47508	0.16391	0.02324	0.02689	0.01977	0.02522	0.01495	0.01944	0.01247	0.00772	0.00807	0.00242	0.01108	0.00695	0.00412	0.01210
3	0.01973	0.13502	0.03312	0.12854	0.43547	0.02128	0.02248	0.02426	0.01797	0.02466	0.01517	0.02019	0.01286	0.01034	0.04256	0.00296	0.01051	0.00698	0.00398	0.01191
4	0.08858	0.19852	0.20242	0.02303	0.10475	0.20315	0.02012	0.02759	0.01890	0.02410	0.01332	0.01584	0.01080	0.00781	0.00696	0.00226	0.01139	0.00552	0.00395	0.01098
5	0.06047	0.35977	0.16760	0.14717	0.03231	0.02578	0.05564	0.02455	0.01698	0.02267	0.01318	0.01645	0.01074	0.00753	0.00669	0.00225	0.01018	0.00569	0.00370	0.01066
6	0.08698	0.06034	0.31824	0.02052	0.02884	0.15747	0.02184	0.09754	0.04485	0.02902	0.01683	0.02114	0.01331	0.00912	0.00772	0.00254	0.01139	0.03615	0.00477	0.01139
7	0.02609	0.21292	0.02926	0.02020	0.07890	0.12785	0.01553	0.26024	0.02704	0.03388	0.04921	0.04714	0.01746	0.00974	0.00753	0.00228	0.00962	0.00734	0.00602	0.01177
8	0.13475	0.09293	0.05402	0.01711	0.02168	0.22162	0.01434	0.09522	0.02077	0.02700	0.02243	0.02440	0.09086	0.01270	0.03490	0.00292	0.09010	0.00729	0.00513	0.00982
9	0.15237	0.02409	0.02227	0.01785	0.02388	0.17459	0.04621	0.23057	0.02600	0.06576	0.01648	0.01779	0.01239	0.00851	0.00733	0.00224	0.00975	0.00624	0.00617	0.12951
10	0.24815	0.10447	0.01835	0.01394	0.01768	0.11689	0.01130	0.02184	0.01559	0.02501	0.01619	0.02163	0.01434	0.03039	0.28315	0.00687	0.01460	0.00645	0.00452	0.00865
11	0.01591	0.17556	0.01933	0.01191	0.01521	0.01572	0.00968	0.07006	0.01942	0.02557	0.12285	0.11842	0.16245	0.08831	0.01257	0.00310	0.03399	0.01224	0.05921	0.00850
12	0.01024	0.00835	0.00906	0.00905	0.01153	0.00717	0.00672	0.01269	0.01970	0.02464	0.20065	0.11721	0.49302	0.02052	0.00987	0.00280	0.00419	0.01741	0.00801	0.00717
13	0.02137	0.02745	0.16030	0.02141	0.02697	0.13358	0.05888	0.05190	0.21015	0.02745	0.01982	0.02177	0.01545	0.01045	0.01220	0.00282	0.15368	0.00753	0.00539	0.01141
14	0.01189	0.00883	0.01298	0.01298	0.01433	0.01018	0.00992	0.01459	0.01324	0.01901	0.02259	0.03453	0.02159	0.11859	0.61996	0.01289	0.02101	0.00918	0.00450	0.00721
15	0.01909	0.01342	0.01574	0.01377	0.01681	0.01431	0.01050	0.17952	0.11879	0.03235	0.17455	0.03551	0.05384	0.01805	0.01617	0.23494	0.00672	0.00986	0.00707	0.00898
16	0.01315	0.01131	0.01160	0.01103	0.01441	0.01121	0.00841	0.02183	0.21024	0.02623	0.06868	0.06490	0.45994	0.01804	0.00940	0.00281	0.00494	0.01503	0.00794	0.00890
17	0.17862	0.01919	0.02631	0.06686	0.34428	0.02052	0.01947	0.12763	0.06217	0.03371	0.01666	0.01974	0.01315	0.00820	0.00761	0.00253	0.00887	0.00694	0.00530	0.01225
18	0.01863	0.01838	0.03309	0.28002	0.33537	0.01949	0.12554	0.02413	0.01819	0.02490	0.01551	0.02145	0.01231	0.00766	0.00852	0.00263	0.01100	0.00780	0.00397	0.01140
19	0.02253	0.37199	0.14668	0.02279	0.12254	0.14050	0.01914	0.02667	0.01847	0.02203	0.01299	0.01546	0.01103	0.00754	0.00660	0.00210	0.01069	0.00535	0.00376	0.01115
20	0.02145	0.01465	0.01689	0.01476	0.01896	0.01572	0.01165	0.03380	0.30739	0.16662	0.09152	0.04067	0.13744	0.01345	0.01002	0.00280	0.05125	0.01091	0.00846	0.01159

[dist]
# distance from previous block
# <min> <max>
3	7

[block]
# block no. 7 follows, 22 sequences, length 10
# corresponding to MSA columns:
# 486-495
name=unknown_H
#
# <colnr> <probs for GDERKNQSTAVLIFYWHMCP>
#	G	D	E	R	K	N	Q	S	T	A	V	L	I	F	Y	W	H	M	C	P
0	0.02134	0.02290	0.02474	0.11380	0.25349	0.20272	0.01865	0.02674	0.07357	0.02444	0.02634	0.02878	0.10694	0.01017	0.00828	0.00249	0.01035	0.00848	0.00501	0.01077
1	0.01135	0.01305	0.09695	0.01110	0.01490	0.00891	0.01005	0.01503	0.02020	0.02641	0.25504	0.06594	0.38480	0.01800	0.00955	0.00272	0.00519	0.01522	0.00761	0.00798
2	0.16389	0.03627	0.49427	0.02197	0.03257	0.01928	0.06778	0.02596	0.01702	0.02848	0.01439	0.01708	0.01037	0.00780	0.00749	0.00263	0.01125	0.00607	0.00388	0.01156
3	0.02801	0.17802	0.02863	0.07631	0.02748	0.20063	0.01614	0.28436	0.02811	0.03390	0.01576	0.01735	0.01219	0.00882	0.00744	0.00227	0.01082	0.00624	0.00579	0.01174
4	0.01125	0.00848	0.01045	0.01036	0.01246	0.00768	0.00787	0.01449	0.02136	0.02875	0.40088	0.11070	0.23648	0.01922	0.01000	0.00282	0.00438	0.06634	0.00852	0.00752
5	0.01243	0.01021	0.01502	0.15499	0.07651	0.01051	0.01231	0.01554	0.01797	0.02401	0.14919	0.32666	0.10543	0.01864	0.00970	0.00298	0.00633	0.01672	0.00683	0.00803
6	0.02165	0.02072	0.01987	0.01871	0.05692	0.15713	0.01378	0.15943	0.05572	0.02957	0.05326	0.10762	0.12996	0.01414	0.01124	0.00274	0.10008	0.01089	0.00645	0.01013
7	0.07070	0.02025	0.08836	0.01862	0.08230	0.11110	0.01431	0.07493	0.06211	0.02934	0.12048	0.07158	0.07918	0.01558	0.05276	0.00326	0.00914	0.00994	0.05615	0.00992
8	0.02642	0.02125	0.02869	0.02178	0.02836	0.10526	0.19069	0.12052	0.04786	0.17715	0.05057	0.02402	0.01795	0.00895	0.00848	0.00243	0.01018	0.00822	0.00671	0.09452
9	0.07787	0.16709	0.17233	0.02199	0.09890	0.06112	0.01902	0.11959	0.12831	0.03086	0.01795	0.01926	0.01385	0.00859	0.00734	0.00242	0.00958	0.00653	0.00533	0.01208

[dist]
# distance from previous block
# <min> <max>
12	41

[block]
# block no. 8 follows, 22 sequences, length 38
# corresponding to MSA columns:
# 539-576
name=unknown_I
#
# <colnr> <probs for GDERKNQSTAVLIFYWHMCP>
#	G	D	E	R	K	N	Q	S	T	A	V	L	I	F	Y	W	H	M	C	P
0	0.06840	0.07527	0.19341	0.02102	0.07175	0.01967	0.04464	0.09115	0.01968	0.02933	0.09168	0.02445	0.02031	0.01283	0.04372	0.00319	0.11126	0.00775	0.03979	0.01071
1	0.16904	0.01913	0.02433	0.02644	0.20247	0.09103	0.07710	0.02833	0.01961	0.15180	0.04507	0.02270	0.01673	0.00867	0.00762	0.00247	0.00898	0.00737	0.05979	0.01133
2	0.12783	0.09406	0.28430	0.01970	0.07074	0.05344	0.01966	0.02456	0.01719	0.02733	0.01582	0.01886	0.01235	0.01015	0.03445	0.00278	0.01009	0.00602	0.09535	0.05532
3	0.10442	0.02364	0.06292	0.08077	0.27918	0.10798	0.06399	0.12454	0.02211	0.03094	0.01550	0.01903	0.01220	0.00807	0.00791	0.00249	0.01057	0.00693	0.00487	0.01192
4	0.05218	0.22705	0.34209	0.01972	0.02863	0.11901	0.02217	0.02636	0.01792	0.02372	0.01383	0.01644	0.01095	0.01003	0.03482	0.00276	0.01189	0.00559	0.00374	0.01109
5	0.01837	0.01662	0.02495	0.28014	0.15950	0.01959	0.01993	0.09342	0.01912	0.02595	0.02063	0.06078	0.05243	0.01121	0.01208	0.00287	0.13848	0.00885	0.00477	0.01030
6	0.01666	0.01686	0.01353	0.01251	0.01585	0.16544	0.00949	0.06332	0.02207	0.02549	0.13100	0.05805	0.38512	0.01679	0.00916	0.00260	0.00707	0.01362	0.00712	0.00826
7	0.01196	0.00852	0.01141	0.01141	0.01222	0.00933	0.00796	0.01359	0.01278	0.01784	0.02403	0.04249	0.02505	0.35505	0.38822	0.01095	0.01582	0.01034	0.00471	0.00634
8	0.01207	0.00812	0.00938	0.00938	0.00949	0.00823	0.00543	0.01229	0.01218	0.01634	0.02588	0.05275	0.02950	0.65992	0.08944	0.00845	0.00911	0.01184	0.00499	0.00521
9	0.01208	0.00805	0.00906	0.00906	0.00906	0.00805	0.00503	0.01208	0.01208	0.01611	0.02618	0.05436	0.03020	0.70804	0.04228	0.00805	0.00805	0.01208	0.00503	0.00503
10	0.02735	0.02117	0.02255	0.01826	0.02415	0.02379	0.01477	0.40222	0.27225	0.04554	0.02532	0.02422	0.01848	0.01048	0.00837	0.00262	0.00815	0.00822	0.00837	0.01375
11	0.01158	0.00794	0.00929	0.00962	0.00997	0.00774	0.00581	0.01223	0.01393	0.01860	0.07745	0.18156	0.06418	0.49775	0.03246	0.00654	0.00697	0.01475	0.00596	0.00565
12	0.03103	0.03959	0.02354	0.02140	0.02568	0.67469	0.01605	0.03317	0.02354	0.02033	0.01284	0.01498	0.01070	0.00856	0.00749	0.00214	0.01498	0.00535	0.00428	0.00963
13	0.01137	0.00886	0.01053	0.01128	0.01338	0.00824	0.00872	0.01483	0.04663	0.02411	0.10622	0.21652	0.30660	0.02185	0.01032	0.00316	0.00525	0.15686	0.00784	0.00744
14	0.02095	0.02046	0.01857	0.01706	0.01979	0.19257	0.01303	0.13515	0.02166	0.02649	0.02521	0.23116	0.02621	0.02104	0.08660	0.00404	0.09266	0.01204	0.00604	0.00927
15	0.01819	0.22768	0.49369	0.02107	0.03192	0.02304	0.02615	0.02591	0.01736	0.02444	0.01398	0.01638	0.01056	0.00768	0.00719	0.00240	0.01134	0.00567	0.00352	0.01183
16	0.01012	0.00723	0.00964	0.01157	0.01205	0.00675	0.00771	0.01157	0.01591	0.02121	0.04579	0.70262	0.05495	0.02603	0.01060	0.00337	0.00482	0.02362	0.00771	0.00675
17	0.01700	0.02118	0.15144	0.07432	0.33838	0.01651	0.02199	0.02223	0.01834	0.02548	0.02852	0.07191	0.11128	0.01130	0.00867	0.00268	0.00919	0.03349	0.00486	0.01124
18	0.10606	0.12816	0.02558	0.02346	0.14644	0.27918	0.01575	0.04943	0.02068	0.02486	0.02141	0.02322	0.08390	0.00949	0.00735	0.00229	0.01070	0.00699	0.00478	0.01028
19	0.02917	0.03578	0.02165	0.01977	0.02377	0.59490	0.01483	0.03152	0.02281	0.02160	0.01455	0.01689	0.01197	0.00869	0.00729	0.00212	0.01365	0.00564	0.09400	0.00940
20	0.01819	0.19072	0.47932	0.02360	0.07891	0.02236	0.02663	0.02593	0.01749	0.02486	0.01421	0.01682	0.01075	0.00768	0.00735	0.00243	0.01134	0.00585	0.00356	0.01198
21	0.02422	0.02203	0.10383	0.05985	0.09956	0.01935	0.20188	0.10291	0.09197	0.15583	0.02180	0.02347	0.01554	0.00869	0.00873	0.00266	0.01044	0.00840	0.00626	0.01258
22	0.01733	0.17721	0.06793	0.01263	0.01698	0.01494	0.01124	0.02071	0.01989	0.10182	0.24241	0.09088	0.10711	0.05135	0.01024	0.00278	0.00640	0.01180	0.00707	0.00927
23	0.01872	0.01821	0.02875	0.24390	0.39804	0.04573	0.02297	0.02352	0.01840	0.02469	0.02018	0.02510	0.05850	0.00871	0.00833	0.00257	0.01005	0.00804	0.00425	0.01135
24	0.01838	0.03535	0.43599	0.03013	0.17120	0.04253	0.07129	0.02706	0.04149	0.02662	0.01584	0.01896	0.01181	0.00787	0.00811	0.00260	0.01176	0.00677	0.00390	0.01233
25	0.01440	0.01246	0.01693	0.02163	0.18125	0.01223	0.01297	0.01981	0.09278	0.02500	0.04942	0.13395	0.25463	0.04291	0.01072	0.00309	0.00653	0.07325	0.00676	0.00931
26	0.01006	0.00746	0.00940	0.01095	0.01189	0.00680	0.00744	0.01164	0.01650	0.02145	0.05334	0.58007	0.17262	0.02505	0.01045	0.00326	0.00470	0.02242	0.00771	0.00680
27	0.03124	0.03336	0.02407	0.02053	0.02571	0.42671	0.01595	0.26068	0.02947	0.03257	0.01556	0.01688	0.01201	0.00910	0.00780	0.00228	0.01275	0.00616	0.00582	0.01135
28	0.01665	0.11633	0.27190	0.19798	0.03760	0.01952	0.08604	0.02305	0.01723	0.02350	0.01833	0.10068	0.01622	0.00998	0.00819	0.00266	0.01081	0.00872	0.00414	0.01049
29	0.01549	0.00774	0.00774	0.00774	0.00968	0.00774	0.00581	0.01936	0.01742	0.03097	0.02710	0.03097	0.02129	0.00968	0.00581	0.00194	0.00387	0.00774	0.75416	0.00774
30	0.01115	0.00867	0.01036	0.01119	0.01339	0.00788	0.00893	0.01385	0.01888	0.02366	0.09440	0.15423	0.35294	0.02205	0.01046	0.00320	0.00542	0.21433	0.00776	0.00724
31	0.01772	0.01903	0.05911	0.22688	0.16388	0.01920	0.21683	0.02320	0.01774	0.02424	0.01763	0.07216	0.01521	0.00946	0.01029	0.00282	0.06049	0.00932	0.00423	0.01057
32	0.50161	0.08333	0.01958	0.01413	0.01949	0.01993	0.05468	0.02530	0.01550	0.07808	0.01355	0.01569	0.01053	0.00825	0.00746	0.00254	0.05991	0.00538	0.00517	0.03990
33	0.02621	0.08957	0.16686	0.02240	0.05665	0.38868	0.01942	0.05797	0.05278	0.02406	0.01468	0.01669	0.01165	0.00845	0.00753	0.00228	0.01300	0.00585	0.00443	0.01083
34	0.01293	0.00948	0.01157	0.05171	0.01365	0.01021	0.00757	0.01472	0.04231	0.01859	0.05423	0.08819	0.03132	0.52066	0.03441	0.00671	0.04804	0.01221	0.00537	0.00613
35	0.02307	0.01686	0.01840	0.01528	0.02020	0.01802	0.01222	0.26305	0.17393	0.08434	0.10782	0.03923	0.14501	0.01318	0.00880	0.00265	0.00687	0.01074	0.00847	0.01184
36	0.02262	0.08112	0.18018	0.03372	0.29360	0.15356	0.02332	0.06729	0.02072	0.02668	0.01488	0.01814	0.01192	0.00790	0.00779	0.00239	0.01135	0.00647	0.00424	0.01212
37	0.01998	0.02510	0.15425	0.04894	0.10191	0.06036	0.13444	0.03235	0.23489	0.02849	0.02155	0.02352	0.01642	0.00929	0.00961	0.00274	0.05048	0.00816	0.00549	0.01203

[dist]
# distance from previous block
# <min> <max>
3	18

[block]
# block no. 9 follows, 22 sequences, length 68
# corresponding to MSA columns:
# 595-662
name=unknown_J
#
# <colnr> <probs for GDERKNQSTAVLIFYWHMCP>
#	G	D	E	R	K	N	Q	S	T	A	V	L	I	F	Y	W	H	M	C	P
0	0.04387	0.12985	0.08619	0.01328	0.01898	0.04297	0.01194	0.04262	0.01834	0.02534	0.07202	0.03360	0.11954	0.08530	0.01102	0.00268	0.00746	0.00855	0.00542	0.22103
1	0.02209	0.23671	0.03027	0.01883	0.02329	0.21051	0.06752	0.02482	0.01820	0.02065	0.01851	0.02188	0.05934	0.01421	0.06406	0.00328	0.12502	0.00696	0.00421	0.00962
2	0.01602	0.01333	0.01561	0.01185	0.01777	0.01035	0.00908	0.01907	0.01649	0.02526	0.01871	0.07818	0.01799	0.09301	0.01091	0.00224	0.00627	0.00733	0.00517	0.60537
3	0.01208	0.00805	0.00906	0.00906	0.00906	0.00805	0.00503	0.01208	0.01208	0.01611	0.02618	0.05436	0.03020	0.70804	0.04228	0.00805	0.00805	0.01208	0.00503	0.00503
4	0.01012	0.00723	0.00964	0.01157	0.01205	0.00675	0.00771	0.01157	0.01591	0.02121	0.04579	0.70262	0.05495	0.02603	0.01060	0.00337	0.00482	0.02362	0.00771	0.00675
5	0.01203	0.00827	0.01014	0.01014	0.01051	0.00864	0.00637	0.01277	0.01240	0.01690	0.02519	0.04892	0.02784	0.54624	0.20086	0.00938	0.01161	0.01128	0.00489	0.00563
6	0.01087	0.00846	0.00988	0.00952	0.01187	0.00746	0.00714	0.01396	0.02142	0.02835	0.39250	0.07023	0.34082	0.01884	0.00981	0.00270	0.00405	0.01617	0.00849	0.00746
7	0.01190	0.00858	0.01130	0.01087	0.01283	0.00799	0.00832	0.01581	0.02314	0.03258	0.59916	0.06480	0.07574	0.01750	0.00994	0.00272	0.00424	0.06574	0.00902	0.00782
8	0.01187	0.00890	0.01335	0.01335	0.01483	0.01038	0.01038	0.01483	0.01335	0.01928	0.02225	0.03264	0.02077	0.06231	0.67512	0.01335	0.02225	0.00890	0.00445	0.00742
9	0.02221	0.71304	0.04353	0.01421	0.02132	0.03287	0.01421	0.02488	0.01688	0.01955	0.01155	0.01333	0.01066	0.00711	0.00533	0.00178	0.00888	0.00444	0.00355	0.01066
10	0.01206	0.00876	0.01263	0.01263	0.01397	0.01001	0.00960	0.01475	0.01340	0.01949	0.02290	0.03489	0.02181	0.12921	0.57601	0.01225	0.01987	0.00919	0.03940	0.00718
11	0.02056	0.01974	0.03372	0.05099	0.65622	0.01974	0.02550	0.02550	0.01892	0.02714	0.01563	0.02056	0.01316	0.00740	0.00822	0.00247	0.00987	0.00740	0.00411	0.01316
12	0.02278	0.02228	0.01975	0.01782	0.02243	0.15393	0.01374	0.04191	0.51535	0.03181	0.02954	0.02773	0.02237	0.01072	0.00826	0.00268	0.00829	0.00857	0.00760	0.01243
13	0.01036	0.00740	0.00992	0.01184	0.01243	0.00696	0.00813	0.01199	0.01614	0.02148	0.04565	0.65745	0.05442	0.02580	0.01067	0.00341	0.00503	0.06640	0.00771	0.00681
14	0.00999	0.00842	0.00865	0.00859	0.01132	0.00708	0.00644	0.01225	0.01933	0.02338	0.13335	0.07840	0.60307	0.02069	0.00982	0.00279	0.00418	0.01732	0.00784	0.00708
