[name]
unknown

[dist]
# distance from previous block
# <min> <max>
0	0

[block]
# block no. 0 follows, 23 sequences, length 38
# corresponding to MSA columns:
# 0-37
name=unknown_A
#
# <colnr> <probs for GDERKNQSTAVLIFYWHMCP>
#	G	D	E	R	K	N	Q	S	T	A	V	L	I	F	Y	W	H	M	C	P
0	0.01308	0.00934	0.01308	0.01494	0.01681	0.00934	0.01308	0.01681	0.01868	0.02428	0.04296	0.09153	0.04670	0.02242	0.01121	0.00374	0.00747	0.60960	0.00747	0.00747
1	0.01790	0.02908	0.29095	0.02931	0.08512	0.02034	0.26560	0.02493	0.01740	0.02505	0.01482	0.01931	0.01133	0.00820	0.01099	0.00275	0.10427	0.00765	0.00376	0.01123
2	0.02358	0.02102	0.03317	0.03581	0.31278	0.02156	0.15137	0.23512	0.02537	0.03485	0.01695	0.02026	0.01306	0.00801	0.00839	0.00249	0.01026	0.00775	0.00544	0.01277
3	0.01042	0.00729	0.00926	0.01062	0.01096	0.00695	0.00681	0.01144	0.01450	0.01933	0.03940	0.52726	0.04696	0.21686	0.01895	0.00456	0.00558	0.01994	0.00681	0.00613
4	0.00989	0.00706	0.00942	0.01130	0.01177	0.00659	0.00753	0.01130	0.01554	0.02071	0.04472	0.70954	0.05367	0.02542	0.01036	0.00330	0.00471	0.02307	0.00753	0.00659
5	0.02731	0.02928	0.02587	0.04886	0.07677	0.33809	0.05519	0.18596	0.02515	0.02883	0.01469	0.01729	0.01165	0.00903	0.00942	0.00239	0.07183	0.00643	0.00510	0.01084
6	0.01962	0.01881	0.03211	0.11213	0.60548	0.01916	0.02467	0.02450	0.01826	0.02595	0.01518	0.02023	0.01266	0.00732	0.00804	0.00244	0.00975	0.00723	0.00398	0.01248
7	0.01513	0.00756	0.00756	0.00756	0.00945	0.00756	0.00567	0.01891	0.01702	0.03025	0.02647	0.03025	0.02080	0.00945	0.00567	0.00189	0.00378	0.00756	0.75988	0.00756
8	0.01014	0.00717	0.00934	0.01097	0.01138	0.00676	0.00718	0.01137	0.01504	0.02005	0.04217	0.62195	0.05044	0.11741	0.01449	0.00391	0.00513	0.02156	0.00718	0.00637
9	0.02416	0.02245	0.02551	0.02417	0.10889	0.11287	0.01764	0.22948	0.02330	0.03112	0.01449	0.01822	0.01198	0.01099	0.01532	0.00283	0.28328	0.00693	0.00523	0.01113
10	0.20811	0.06549	0.01295	0.01027	0.01345	0.01204	0.00811	0.01719	0.01868	0.02949	0.28081	0.09069	0.17487	0.01491	0.00811	0.00257	0.00495	0.01228	0.00711	0.00792
11	0.02737	0.22049	0.02900	0.05202	0.02548	0.21778	0.01543	0.26014	0.02663	0.03162	0.01493	0.01638	0.01174	0.00848	0.00708	0.00215	0.01061	0.00587	0.00546	0.01134
12	0.12391	0.02362	0.02120	0.15855	0.02936	0.21659	0.01570	0.11495	0.13787	0.02922	0.01745	0.01958	0.01343	0.00910	0.00819	0.00250	0.03624	0.00662	0.00545	0.01047
13	0.02319	0.01741	0.01978	0.06244	0.02317	0.01910	0.01348	0.37682	0.07065	0.04012	0.07517	0.16812	0.02755	0.01353	0.00871	0.00266	0.00761	0.01130	0.00776	0.01142
14	0.02298	0.37509	0.17890	0.01744	0.02523	0.07198	0.01794	0.15358	0.02161	0.02734	0.01382	0.01541	0.01110	0.00780	0.00652	0.00209	0.00988	0.00539	0.00448	0.01141
15	0.02377	0.06097	0.01947	0.01651	0.01965	0.36648	0.01277	0.02636	0.01961	0.02296	0.01652	0.01970	0.01364	0.00930	0.00896	0.00218	0.09083	0.00612	0.23538	0.00883
16	0.30055	0.02005	0.07381	0.01486	0.02064	0.04745	0.01305	0.20842	0.02366	0.09342	0.09122	0.02223	0.01934	0.00951	0.00708	0.00248	0.00770	0.00696	0.00666	0.01090
17	0.11712	0.01040	0.01217	0.01126	0.01432	0.01003	0.00859	0.02078	0.04410	0.14624	0.25284	0.16997	0.11882	0.01608	0.00880	0.00271	0.00501	0.01375	0.00817	0.00884
18	0.01945	0.48187	0.03249	0.01312	0.01890	0.02517	0.01234	0.06899	0.01870	0.02243	0.02834	0.03096	0.14913	0.01076	0.00664	0.00210	0.00768	0.03628	0.00488	0.00979
19	0.24759	0.19701	0.21082	0.01608	0.02342	0.02118	0.03686	0.02487	0.04829	0.02828	0.06399	0.01911	0.01581	0.00829	0.00651	0.00236	0.00857	0.00605	0.00462	0.01030
20	0.01678	0.10564	0.61358	0.02226	0.03378	0.02009	0.02847	0.02557	0.01707	0.02508	0.01425	0.01674	0.01029	0.00764	0.00747	0.00249	0.01168	0.00584	0.00343	0.01184
21	0.01627	0.04197	0.67279	0.02313	0.03512	0.01884	0.02998	0.02570	0.01713	0.02570	0.01456	0.01713	0.01028	0.00771	0.00771	0.00257	0.01199	0.00600	0.00343	0.01199
22	0.27760	0.02079	0.01879	0.01575	0.02112	0.08522	0.01268	0.24826	0.15662	0.03957	0.01890	0.01916	0.01409	0.00913	0.00703	0.00249	0.00806	0.00652	0.00673	0.01149
23	0.01008	0.00769	0.00927	0.01004	0.01156	0.00688	0.00709	0.01216	0.01793	0.02333	0.17214	0.37213	0.26620	0.02211	0.00995	0.00297	0.00434	0.01947	0.00779	0.00688
24	0.01112	0.00758	0.00905	0.00972	0.00989	0.00741	0.00584	0.01162	0.01312	0.01750	0.03236	0.28591	0.03807	0.47033	0.03033	0.00625	0.00675	0.01580	0.00584	0.00551
25	0.01874	0.02510	0.15352	0.03366	0.09499	0.02013	0.47846	0.02585	0.01875	0.02599	0.01600	0.02092	0.01201	0.00702	0.00912	0.00268	0.01304	0.00876	0.00398	0.01129
26	0.01983	0.01635	0.01764	0.01592	0.02026	0.01837	0.01267	0.11644	0.43577	0.03402	0.03654	0.04056	0.07862	0.01308	0.00872	0.00283	0.00670	0.08581	0.00808	0.01179
27	0.01513	0.00756	0.00756	0.00756	0.00945	0.00756	0.00567	0.01891	0.01702	0.03025	0.02647	0.03025	0.02080	0.00945	0.00567	0.00189	0.00378	0.00756	0.75988	0.00756
28	0.02218	0.02347	0.03157	0.04300	0.50061	0.15825	0.05209	0.02653	0.01946	0.02509	0.01475	0.01903	0.01232	0.00745	0.00796	0.00236	0.01088	0.00692	0.00406	0.01204
29	0.01443	0.01115	0.01228	0.01153	0.01457	0.01086	0.00893	0.14318	0.02227	0.02839	0.07969	0.17520	0.35235	0.01913	0.00954	0.00284	0.00547	0.06213	0.00770	0.00834
30	0.01356	0.00878	0.01074	0.01037	0.01249	0.00802	0.00770	0.01605	0.01907	0.08683	0.25158	0.09079	0.20436	0.14791	0.01554	0.00373	0.00534	0.07192	0.00774	0.00747
31	0.10457	0.01069	0.01348	0.01536	0.09954	0.01040	0.01004	0.01693	0.02011	0.02958	0.34425	0.05460	0.18134	0.01535	0.00890	0.00262	0.00513	0.04136	0.00744	0.00831
32	0.51392	0.01458	0.01228	0.01095	0.01538	0.01658	0.00885	0.06587	0.05764	0.03596	0.01645	0.01830	0.01269	0.00831	0.00558	0.00239	0.00594	0.00557	0.16361	0.00914
33	0.01007	0.00714	0.00936	0.01106	0.01149	0.00671	0.00728	0.01135	0.01517	0.02023	0.04287	0.64616	0.05133	0.09199	0.01334	0.00374	0.00501	0.02198	0.00728	0.00643
34	0.31059	0.05829	0.14281	0.02302	0.15706	0.10808	0.01753	0.04907	0.01769	0.02987	0.01322	0.01579	0.01041	0.00767	0.00659	0.00240	0.00938	0.00551	0.00445	0.01059
35	0.02496	0.21030	0.03110	0.02786	0.21819	0.31133	0.01801	0.02801	0.01993	0.02168	0.01304	0.01587	0.01117	0.00765	0.00698	0.00209	0.01156	0.00560	0.00395	0.01072
36	0.35309	0.08159	0.14071	0.01619	0.02250	0.19087	0.01516	0.05011	0.01794	0.02937	0.01254	0.01452	0.00981	0.00782	0.00625	0.00235	0.00978	0.00501	0.00451	0.00986
37	0.01482	0.01355	0.01328	0.01378	0.04722	0.09110	0.00969	0.07040	0.02051	0.02513	0.10082	0.19258	0.30156	0.01821	0.00931	0.00275	0.00630	0.03377	0.00711	0.00810

[dist]
# distance from previous block
# <min> <max>
0	1

[block]
# block no. 1 follows, 23 sequences, length 7
# corresponding to MSA columns:
# 39-45
name=unknown_B
#
# <colnr> <probs for GDERKNQSTAVLIFYWHMCP>
#	G	D	E	R	K	N	Q	S	T	A	V	L	I	F	Y	W	H	M	C	P
0	0.08765	0.42444	0.03366	0.01542	0.02187	0.07991	0.01400	0.18588	0.02246	0.02902	0.01353	0.01485	0.01117	0.00784	0.00612	0.00201	0.00901	0.00519	0.00488	0.01109
1	0.12903	0.09894	0.51803	0.02045	0.03095	0.01994	0.02539	0.02530	0.01658	0.02669	0.01378	0.01618	0.01007	0.00761	0.00709	0.00249	0.01085	0.00561	0.00367	0.01137
2	0.17851	0.01026	0.01158	0.01097	0.01377	0.01026	0.00857	0.01842	0.01997	0.07181	0.36297	0.09265	0.07885	0.01543	0.00868	0.00270	0.00494	0.06362	0.00788	0.00817
3	0.09851	0.03656	0.02198	0.01996	0.02422	0.62121	0.01504	0.03162	0.02215	0.02138	0.01243	0.01450	0.01030	0.00829	0.00711	0.00213	0.01386	0.00515	0.00426	0.00935
4	0.06817	0.00831	0.00869	0.00860	0.01064	0.00870	0.00656	0.01860	0.01620	0.02899	0.02469	0.02928	0.01987	0.01695	0.10618	0.00359	0.00662	0.00751	0.59425	0.00760
5	0.01113	0.00843	0.01043	0.01083	0.01288	0.00772	0.00851	0.01416	0.01982	0.02604	0.26687	0.12836	0.25745	0.02007	0.01005	0.00297	0.00490	0.16414	0.00800	0.00726
6	0.02379	0.14875	0.08940	0.02935	0.22015	0.22580	0.05861	0.06599	0.02069	0.02463	0.01401	0.01700	0.01149	0.00771	0.00740	0.00223	0.01143	0.00616	0.00418	0.01123

[dist]
# distance from previous block
# <min> <max>
0	3

[block]
# block no. 2 follows, 23 sequences, length 24
# corresponding to MSA columns:
# 49-72
name=unknown_C
#
# <colnr> <probs for GDERKNQSTAVLIFYWHMCP>
#	G	D	E	R	K	N	Q	S	T	A	V	L	I	F	Y	W	H	M	C	P
0	0.07817	0.02204	0.02157	0.02375	0.17528	0.18530	0.01515	0.13309	0.02287	0.02939	0.04977	0.02923	0.12418	0.01053	0.00787	0.00234	0.00921	0.00836	0.00568	0.04622
1	0.22694	0.08621	0.18506	0.02256	0.12356	0.17970	0.01864	0.02657	0.01779	0.02679	0.01302	0.01557	0.01032	0.00768	0.00673	0.00234	0.01043	0.00543	0.00414	0.01050
2	0.02110	0.02397	0.06554	0.02696	0.17858	0.20034	0.08539	0.05629	0.02154	0.02696	0.16013	0.02763	0.02632	0.01001	0.00896	0.00244	0.03358	0.00854	0.00534	0.01038
3	0.01123	0.00933	0.01011	0.01039	0.01277	0.02806	0.00812	0.01388	0.01927	0.02400	0.16469	0.10390	0.39806	0.02012	0.00987	0.00291	0.00507	0.13341	0.00765	0.00717
4	0.31717	0.25620	0.20239	0.01513	0.02269	0.02299	0.01626	0.02450	0.01560	0.02774	0.01218	0.01420	0.00973	0.00738	0.00582	0.00227	0.00863	0.00481	0.00407	0.01020
5	0.02800	0.03430	0.02524	0.02743	0.16931	0.53265	0.01776	0.03071	0.02197	0.02136	0.01316	0.01586	0.01099	0.00811	0.00748	0.00216	0.01351	0.00568	0.00414	0.01018
6	0.02376	0.56244	0.03842	0.01496	0.02180	0.03054	0.01423	0.16259	0.02138	0.02632	0.01313	0.01448	0.01118	0.00757	0.00586	0.00189	0.00873	0.00501	0.00452	0.01118
7	0.01175	0.00807	0.00986	0.00986	0.01021	0.00842	0.00618	0.01245	0.01210	0.01648	0.02464	0.04799	0.02728	0.55724	0.19586	0.00911	0.01121	0.01105	0.00478	0.00548
8	0.01033	0.00734	0.00919	0.01048	0.01101	0.00692	0.00680	0.01144	0.01485	0.01960	0.04289	0.50448	0.09292	0.19119	0.01776	0.00436	0.00542	0.01991	0.00690	0.00621
9	0.01513	0.00756	0.00756	0.00756	0.00945	0.00756	0.00567	0.01891	0.01702	0.03025	0.02647	0.03025	0.02080	0.00945	0.00567	0.00189	0.00378	0.00756	0.75988	0.00756
10	0.51004	0.17443	0.01983	0.04215	0.01898	0.02113	0.01096	0.04287	0.01552	0.03170	0.01319	0.01742	0.01119	0.00820	0.00559	0.00240	0.00716	0.03317	0.00482	0.00926
11	0.01201	0.00830	0.00983	0.00960	0.01015	0.00833	0.00589	0.01259	0.01222	0.01669	0.02449	0.04833	0.02735	0.58725	0.13194	0.00830	0.00977	0.01102	0.00483	0.04111
12	0.02075	0.60111	0.15282	0.01550	0.02333	0.02979	0.01670	0.02454	0.01660	0.02025	0.01185	0.01374	0.01039	0.00708	0.00564	0.00188	0.00926	0.00463	0.00346	0.01069
13	0.07856	0.06052	0.02723	0.03055	0.25960	0.21923	0.01891	0.02593	0.01813	0.02344	0.01300	0.01710	0.01125	0.00901	0.01128	0.00252	0.15289	0.00624	0.00402	0.01058
14	0.01429	0.01301	0.01447	0.01417	0.01601	0.10688	0.01094	0.01707	0.01447	0.01898	0.02041	0.02940	0.01887	0.05330	0.58548	0.01146	0.02071	0.00819	0.00432	0.00756
15	0.02848	0.08465	0.01993	0.01436	0.01942	0.10940	0.01169	0.03157	0.02248	0.36932	0.16889	0.03178	0.03050	0.01098	0.00807	0.00238	0.00749	0.00884	0.00831	0.01146
16	0.02117	0.01930	0.03087	0.10797	0.51320	0.02000	0.02331	0.11262	0.02109	0.02949	0.01579	0.02015	0.01279	0.00768	0.00805	0.00244	0.00965	0.00724	0.00457	0.01262
17	0.02153	0.05519	0.02733	0.03450	0.36386	0.16966	0.01933	0.05354	0.01992	0.02497	0.01889	0.11771	0.01811	0.01021	0.00807	0.00243	0.00999	0.00892	0.00473	0.01109
18	0.02841	0.03555	0.11682	0.02072	0.02655	0.43850	0.01768	0.16790	0.02557	0.02776	0.01440	0.01609	0.01118	0.00858	0.00755	0.00224	0.01297	0.00581	0.00496	0.01077
19	0.02005	0.01711	0.10839	0.01317	0.01790	0.01452	0.01212	0.20711	0.02343	0.03592	0.02264	0.02510	0.01716	0.00929	0.00671	0.00215	0.00652	0.00726	0.42335	0.01009
20	0.01452	0.01155	0.01421	0.04877	0.01851	0.01224	0.01173	0.02357	0.19604	0.02824	0.16711	0.06324	0.10436	0.01713	0.00973	0.00307	0.00629	0.23286	0.00779	0.00903
21	0.01768	0.03359	0.43631	0.03299	0.26762	0.01901	0.02810	0.02540	0.01763	0.02600	0.01482	0.01822	0.01123	0.00753	0.00783	0.00251	0.01112	0.00645	0.00364	0.01231
22	0.22794	0.01445	0.04770	0.01321	0.01765	0.01377	0.01112	0.02646	0.10855	0.16123	0.03285	0.12659	0.08208	0.01360	0.00801	0.00279	0.00643	0.06835	0.00724	0.00997
23	0.01066	0.00911	0.01081	0.01274	0.07449	0.00802	0.00820	0.01288	0.01803	0.02218	0.06979	0.17210	0.50220	0.02003	0.00956	0.00280	0.00474	0.01710	0.00719	0.00739

[dist]
# distance from previous block
# <min> <max>
5	15

[block]
# block no. 3 follows, 23 sequences, length 49
# corresponding to MSA columns:
# 88-136
name=unknown_D
#
# <colnr> <probs for GDERKNQSTAVLIFYWHMCP>
#	G	D	E	R	K	N	Q	S	T	A	V	L	I	F	Y	W	H	M	C	P
0	0.04867	0.01759	0.02956	0.16976	0.45191	0.01832	0.04917	0.02327	0.01746	0.02508	0.01565	0.02228	0.01333	0.05232	0.01011	0.00283	0.00980	0.00751	0.00404	0.01136
1	0.02587	0.02283	0.06183	0.01750	0.02292	0.12945	0.01457	0.24773	0.14582	0.10044	0.06528	0.06490	0.02219	0.01103	0.00822	0.00251	0.00881	0.00873	0.00740	0.01195
2	0.18228	0.09019	0.24240	0.01614	0.02247	0.01760	0.01712	0.02188	0.01517	0.02585	0.01571	0.02006	0.01291	0.02005	0.16029	0.00485	0.04715	0.00625	0.05202	0.00962
3	0.01292	0.09326	0.01750	0.01360	0.01633	0.01247	0.04696	0.01588	0.01554	0.02052	0.03484	0.07768	0.14294	0.03801	0.33396	0.00772	0.01409	0.07270	0.00531	0.00775
4	0.01759	0.01326	0.01493	0.01339	0.01707	0.01353	0.01092	0.21933	0.02556	0.03337	0.12375	0.05960	0.24071	0.01691	0.00946	0.00284	0.00640	0.14413	0.00788	0.00938
5	0.03031	0.03867	0.02299	0.02090	0.02508	0.68226	0.01568	0.03240	0.02299	0.01986	0.01254	0.01463	0.01045	0.00836	0.00732	0.00209	0.01463	0.00523	0.00418	0.00941
6	0.00989	0.00706	0.00942	0.01130	0.01177	0.00659	0.00753	0.01130	0.01554	0.02071	0.04472	0.70954	0.05367	0.02542	0.01036	0.00330	0.00471	0.02307	0.00753	0.00659
7	0.03031	0.03867	0.02299	0.02090	0.02508	0.68226	0.01568	0.03240	0.02299	0.01986	0.01254	0.01463	0.01045	0.00836	0.00732	0.00209	0.01463	0.00523	0.00418	0.00941
8	0.02177	0.03428	0.49427	0.02075	0.03119	0.01696	0.02505	0.02948	0.01879	0.20154	0.01933	0.01999	0.01296	0.00835	0.00783	0.00255	0.01060	0.00659	0.00523	0.01249
9	0.01159	0.00869	0.01304	0.01304	0.01449	0.01014	0.01014	0.01449	0.01304	0.01884	0.02173	0.03188	0.02029	0.06086	0.68268	0.01304	0.02173	0.00869	0.00435	0.00724
10	0.01431	0.00782	0.00883	0.00883	0.01062	0.00816	0.00671	0.01788	0.01610	0.02761	0.02537	0.03063	0.02068	0.02136	0.16248	0.00447	0.00794	0.00782	0.58489	0.00749
11	0.01627	0.04197	0.67279	0.02313	0.03512	0.01884	0.02998	0.02570	0.01713	0.02570	0.01456	0.01713	0.01028	0.00771	0.00771	0.00257	0.01199	0.00600	0.00343	0.01199
12	0.03031	0.03867	0.02299	0.02090	0.02508	0.68226	0.01568	0.03240	0.02299	0.01986	0.01254	0.01463	0.01045	0.00836	0.00732	0.00209	0.01463	0.00523	0.00418	0.00941
13	0.02403	0.06608	0.02705	0.06094	0.16638	0.20606	0.01838	0.12728	0.02140	0.02645	0.01389	0.01761	0.01160	0.00956	0.01189	0.00256	0.16696	0.00649	0.00459	0.01082
14	0.01180	0.00787	0.00885	0.00885	0.00885	0.00787	0.00492	0.01180	0.01180	0.01573	0.02557	0.05310	0.02950	0.71483	0.04130	0.00787	0.00787	0.01180	0.00492	0.00492
15	0.03031	0.03867	0.02299	0.02090	0.02508	0.68226	0.01568	0.03240	0.02299	0.01986	0.01254	0.01463	0.01045	0.00836	0.00732	0.00209	0.01463	0.00523	0.00418	0.00941
16	0.01814	0.02328	0.18012	0.07372	0.33667	0.01831	0.02281	0.02652	0.11027	0.02672	0.02261	0.02527	0.06193	0.00894	0.00811	0.00254	0.00939	0.00795	0.00473	0.01198
17	0.01127	0.00836	0.01122	0.01226	0.01380	0.00831	0.00959	0.01395	0.01679	0.02220	0.07722	0.23960	0.13951	0.03109	0.15859	0.00545	0.00916	0.19763	0.00689	0.00710
18	0.01180	0.00787	0.00885	0.00885	0.00885	0.00787	0.00492	0.01180	0.01180	0.01573	0.02557	0.05310	0.02950	0.71483	0.04130	0.00787	0.00787	0.01180	0.00492	0.00492
19	0.02923	0.08230	0.02478	0.02191	0.05726	0.60600	0.01603	0.03149	0.02234	0.02015	0.01260	0.01480	0.01057	0.00821	0.00721	0.00208	0.01399	0.00527	0.00413	0.00965
20	0.00959	0.00822	0.00822	0.00822	0.01096	0.00685	0.00617	0.01165	0.01850	0.02192	0.08220	0.07809	0.66092	0.02055	0.00959	0.00274	0.00411	0.01713	0.00754	0.00685
21	0.01763	0.08496	0.59889	0.02209	0.03346	0.01937	0.02803	0.02630	0.01739	0.05739	0.01522	0.01738	0.01078	0.00778	0.00757	0.00251	0.01152	0.00600	0.00376	0.01198
22	0.01374	0.01147	0.01423	0.01385	0.01570	0.06058	0.01076	0.04039	0.01477	0.02019	0.02096	0.03011	0.01930	0.05495	0.60597	0.01181	0.02070	0.00838	0.00448	0.00766
23	0.01063	0.00826	0.00966	0.00931	0.01160	0.00729	0.00698	0.01365	0.02094	0.02773	0.39836	0.06853	0.34114	0.01838	0.00958	0.00264	0.00396	0.01578	0.00830	0.00729
24	0.02215	0.68397	0.04150	0.01425	0.02105	0.06623	0.01398	0.02472	0.01683	0.01913	0.01135	0.01310	0.01042	0.00702	0.00532	0.00175	0.00899	0.00439	0.00351	0.01036
25	0.01100	0.00781	0.01037	0.01110	0.01173	0.00808	0.00755	0.01244	0.01362	0.01862	0.03174	0.29901	0.03593	0.24607	0.22904	0.00772	0.01097	0.01517	0.00575	0.00629
26	0.01815	0.01521	0.01754	0.01265	0.01979	0.01217	0.01016	0.07879	0.01884	0.02878	0.01490	0.01708	0.01219	0.00636	0.00621	0.00132	0.00629	0.00504	0.00512	0.69341
27	0.01238	0.01091	0.01106	0.01226	0.01333	0.08639	0.00845	0.01404	0.01696	0.02136	0.07868	0.56624	0.07196	0.02271	0.00992	0.00309	0.00581	0.02025	0.00722	0.00700
28	0.01869	0.01520	0.02036	0.02380	0.19802	0.01574	0.01465	0.18890	0.02282	0.03074	0.03301	0.14079	0.12821	0.01936	0.08829	0.00387	0.00917	0.01159	0.00634	0.01046
29	0.01180	0.00787	0.00885	0.00885	0.00885	0.00787	0.00492	0.01180	0.01180	0.01573	0.02557	0.05310	0.02950	0.71483	0.04130	0.00787	0.00787	0.01180	0.00492	0.00492
30	0.01159	0.00869	0.01304	0.01304	0.01449	0.01014	0.01014	0.01449	0.01304	0.01884	0.02173	0.03188	0.02029	0.06086	0.68268	0.01304	0.02173	0.00869	0.00435	0.00724
31	0.01843	0.02888	0.29890	0.03749	0.35311	0.01920	0.07684	0.02532	0.01797	0.02613	0.01507	0.01901	0.01174	0.00740	0.00803	0.00250	0.01094	0.00691	0.00378	0.01234
32	0.01884	0.01466	0.01630	0.01463	0.01859	0.01617	0.01135	0.03518	0.43497	0.07521	0.20661	0.03850	0.03881	0.01249	0.00861	0.00268	0.00573	0.01063	0.00856	0.01147
33	0.00961	0.00816	0.00828	0.00838	0.01100	0.00684	0.00623	0.01163	0.01834	0.02186	0.08030	0.11015	0.63009	0.02080	0.00963	0.00277	0.00414	0.01743	0.00753	0.00684
34	0.01170	0.00827	0.01087	0.01087	0.01157	0.00896	0.00744	0.01310	0.01240	0.01723	0.02372	0.04286	0.02506	0.39937	0.35068	0.01036	0.01456	0.01030	0.00464	0.00604
35	0.01374	0.00829	0.01044	0.01082	0.01230	0.00760	0.00745	0.01528	0.01648	0.10546	0.06581	0.39301	0.12308	0.15238	0.01577	0.00396	0.00548	0.01794	0.00742	0.00729
36	0.03031	0.03867	0.02299	0.02090	0.02508	0.68226	0.01568	0.03240	0.02299	0.01986	0.01254	0.01463	0.01045	0.00836	0.00732	0.00209	0.01463	0.00523	0.00418	0.00941
37	0.01180	0.00787	0.00885	0.00885	0.00885	0.00787	0.00492	0.01180	0.01180	0.01573	0.02557	0.05310	0.02950	0.71483	0.04130	0.00787	0.00787	0.01180	0.00492	0.00492
38	0.01294	0.00893	0.01024	0.00987	0.01054	0.00918	0.00615	0.05302	0.01390	0.01859	0.02698	0.04983	0.05191	0.57923	0.09937	0.00781	0.00912	0.01141	0.00517	0.00580
39	0.02934	0.02127	0.02274	0.01761	0.02366	0.02348	0.01449	0.57791	0.03613	0.04914	0.02015	0.02051	0.01447	0.00971	0.00788	0.00238	0.00844	0.00733	0.08016	0.01320
40	0.03085	0.02273	0.02435	0.01867	0.02516	0.02516	0.01542	0.63716	0.03815	0.05114	0.01948	0.01948	0.01380	0.00974	0.00812	0.00244	0.00893	0.00731	0.00812	0.01380
41	0.01180	0.00787	0.00885	0.00885	0.00885	0.00787	0.00492	0.01180	0.01180	0.01573	0.02557	0.05310	0.02950	0.71483	0.04130	0.00787	0.00787	0.01180	0.00492	0.00492
42	0.05643	0.04394	0.01507	0.01312	0.01654	0.15243	0.01008	0.02301	0.10235	0.05558	0.04430	0.04856	0.25037	0.08167	0.01160	0.00310	0.00762	0.04909	0.00651	0.00862
43	0.01593	0.07736	0.45823	0.02144	0.03115	0.01795	0.08743	0.02348	0.01753	0.02476	0.02441	0.02796	0.09709	0.00977	0.00811	0.00260	0.01076	0.02889	0.00418	0.01095
44	0.01771	0.01800	0.02001	0.06740	0.19826	0.15981	0.01510	0.02070	0.01875	0.02327	0.08651	0.25959	0.03231	0.01468	0.00883	0.00268	0.00856	0.01294	0.00570	0.00920
45	0.05442	0.03571	0.50551	0.06830	0.09613	0.01889	0.05878	0.02523	0.01714	0.02601	0.01455	0.01775	0.01059	0.00764	0.00773	0.00257	0.01149	0.00629	0.00361	0.01167
46	0.23112	0.19432	0.08812	0.02014	0.10080	0.19680	0.01584	0.02652	0.01777	0.02563	0.01242	0.01475	0.01026	0.00759	0.00630	0.00221	0.01002	0.00510	0.00415	0.01015
47	0.01740	0.06074	0.02809	0.36650	0.28253	0.01888	0.02233	0.02231	0.01724	0.02303	0.01623	0.02463	0.01369	0.00855	0.00808	0.00259	0.01004	0.04267	0.00398	0.01047
48	0.01826	0.02828	0.28243	0.06384	0.29226	0.01927	0.12813	0.02522	0.01797	0.02587	0.01515	0.01931	0.01168	0.00739	0.00817	0.00254	0.01127	0.00714	0.00379	0.01204

[dist]
# distance from previous block
# <min> <max>
0	24

[block]
# block no. 4 follows, 23 sequences, length 36
# corresponding to MSA columns:
# 161-196
name=unknown_E
#
# <colnr> <probs for GDERKNQSTAVLIFYWHMCP>
#	G	D	E	R	K	N	Q	S	T	A	V	L	I	F	Y	W	H	M	C	P
0	0.01476	0.01222	0.01683	0.02046	0.16642	0.01233	0.01275	0.05874	0.03881	0.02559	0.06539	0.04789	0.22065	0.02433	0.14893	0.00481	0.00968	0.05447	0.03584	0.00909
1	0.01473	0.04787	0.01335	0.01126	0.01391	0.01164	0.00847	0.12088	0.01990	0.02617	0.04541	0.18782	0.22789	0.11068	0.04856	0.00390	0.00670	0.01421	0.05866	0.00800
2	0.01444	0.00997	0.01301	0.08343	0.01750	0.01029	0.00967	0.08914	0.01720	0.02238	0.03447	0.20256	0.13844	0.02176	0.01711	0.26669	0.00658	0.01285	0.00580	0.00672
3	0.02211	0.11015	0.36593	0.02106	0.02991	0.18507	0.02296	0.10247	0.02110	0.02669	0.01432	0.01637	0.01077	0.00804	0.00740	0.00235	0.01192	0.00579	0.00419	0.01141
4	0.01843	0.37083	0.29397	0.01723	0.02569	0.02417	0.01974	0.02392	0.01743	0.02318	0.08091	0.01969	0.01732	0.00827	0.00668	0.00216	0.00951	0.00610	0.00403	0.01076
5	0.02330	0.02745	0.01927	0.01796	0.02112	0.43068	0.01361	0.02570	0.01927	0.01948	0.01598	0.02109	0.01413	0.02801	0.26011	0.00619	0.01729	0.00652	0.00424	0.00860
6	0.01087	0.00919	0.00955	0.00951	0.01232	0.00835	0.00722	0.01517	0.08484	0.02324	0.07386	0.09792	0.54358	0.01981	0.00955	0.00281	0.00452	0.04258	0.00761	0.00750
7	0.01699	0.08891	0.06241	0.01575	0.01895	0.15020	0.01329	0.02008	0.01566	0.01956	0.01786	0.02489	0.01621	0.03922	0.40418	0.00857	0.04746	0.00730	0.00413	0.00839
8	0.01138	0.01069	0.05428	0.01117	0.01405	0.00840	0.00955	0.01490	0.02015	0.02666	0.29209	0.06973	0.28461	0.01851	0.00974	0.00283	0.00512	0.12073	0.00779	0.00761
9	0.01229	0.00878	0.01217	0.01404	0.01556	0.00866	0.01170	0.01545	0.01790	0.02340	0.04340	0.24435	0.04842	0.02316	0.01100	0.00363	0.00679	0.46456	0.00749	0.00725
10	0.02600	0.03163	0.02279	0.02316	0.10218	0.48414	0.01596	0.02841	0.02124	0.02087	0.02008	0.02220	0.07925	0.00991	0.00897	0.00230	0.06005	0.00686	0.00447	0.00953
11	0.02103	0.02335	0.02361	0.13932	0.22187	0.25061	0.01793	0.02450	0.01970	0.02239	0.02606	0.02873	0.12683	0.01014	0.00807	0.00240	0.01061	0.00828	0.00463	0.00993
12	0.01120	0.00793	0.00898	0.00904	0.00981	0.00756	0.00563	0.01210	0.01455	0.01906	0.10481	0.10395	0.16026	0.45739	0.02960	0.00598	0.00649	0.01392	0.00603	0.00570
13	0.01183	0.00862	0.01268	0.01268	0.01415	0.00997	0.00985	0.01478	0.01331	0.01960	0.02205	0.03177	0.02032	0.05744	0.63766	0.01230	0.02054	0.00862	0.05459	0.00727
14	0.01982	0.08173	0.26132	0.02950	0.14590	0.10216	0.17046	0.02614	0.01837	0.02450	0.01451	0.01821	0.01127	0.00766	0.00862	0.00249	0.03531	0.00689	0.00379	0.01135
15	0.02153	0.01943	0.02126	0.02481	0.19528	0.15319	0.01564	0.02618	0.06618	0.10353	0.03269	0.03837	0.13276	0.01233	0.00926	0.00262	0.03613	0.07225	0.00607	0.01046
16	0.01376	0.01012	0.01231	0.01284	0.01543	0.00997	0.01051	0.01938	0.10362	0.05235	0.05320	0.11895	0.22972	0.01999	0.01013	0.00322	0.00609	0.28248	0.00771	0.00822
17	0.01864	0.01964	0.07482	0.20760	0.47052	0.01894	0.02467	0.02393	0.01783	0.02502	0.01501	0.02026	0.01217	0.00748	0.00803	0.00249	0.01009	0.00714	0.00387	0.01184
18	0.02513	0.02766	0.02466	0.02631	0.16217	0.31471	0.01740	0.07280	0.12590	0.02575	0.01681	0.01907	0.01360	0.00927	0.00972	0.00245	0.08396	0.00665	0.00503	0.01097
19	0.01901	0.02289	0.07903	0.03365	0.04204	0.02044	0.60460	0.02598	0.01905	0.02598	0.01632	0.02165	0.01221	0.00688	0.00948	0.00273	0.01360	0.00940	0.00407	0.01100
20	0.02008	0.01928	0.03294	0.04981	0.66422	0.01928	0.02490	0.02490	0.01848	0.02651	0.01526	0.02008	0.01285	0.00723	0.00803	0.00241	0.00964	0.00723	0.00402	0.01285
21	0.01160	0.00865	0.01280	0.01280	0.01417	0.01001	0.00985	0.01434	0.01297	0.01866	0.02195	0.03308	0.02081	0.09787	0.64638	0.01275	0.02095	0.00887	0.00438	0.00711
22	0.01040	0.00812	0.00943	0.00939	0.01153	0.00715	0.00693	0.01311	0.01999	0.02613	0.31476	0.14384	0.35120	0.01949	0.00967	0.00273	0.00406	0.01681	0.00811	0.00715
23	0.00989	0.00706	0.00942	0.01130	0.01177	0.00659	0.00753	0.01130	0.01554	0.02071	0.04472	0.70954	0.05367	0.02542	0.01036	0.00330	0.00471	0.02307	0.00753	0.00659
24	0.00989	0.00706	0.00942	0.01130	0.01177	0.00659	0.00753	0.01130	0.01554	0.02071	0.04472	0.70954	0.05367	0.02542	0.01036	0.00330	0.00471	0.02307	0.00753	0.00659
25	0.01775	0.01775	0.02485	0.02130	0.02130	0.02485	0.01775	0.01953	0.01243	0.01953	0.01065	0.01775	0.01065	0.01420	0.02663	0.00355	0.69998	0.00710	0.00355	0.00888
26	0.02243	0.02389	0.03015	0.06747	0.48279	0.18317	0.02253	0.02660	0.01951	0.02464	0.01456	0.01879	0.01218	0.00754	0.00786	0.00234	0.01092	0.00673	0.00404	0.01185
27	0.03354	0.01314	0.01776	0.01385	0.01948	0.01145	0.01123	0.03647	0.02237	0.59466	0.05823	0.03089	0.02318	0.06213	0.01066	0.00291	0.00684	0.00870	0.00962	0.01289
28	0.02616	0.03153	0.02447	0.02394	0.08919	0.45223	0.01713	0.02845	0.01992	0.02045	0.01235	0.01596	0.01075	0.00969	0.01216	0.00248	0.18360	0.00589	0.00401	0.00963
29	0.03085	0.02273	0.02435	0.01867	0.02516	0.02516	0.01542	0.63716	0.03815	0.05114	0.01948	0.01948	0.01380	0.00974	0.00812	0.00244	0.00893	0.00731	0.00812	0.01380
30	0.01449	0.00922	0.01030	0.00947	0.01278	0.00781	0.00730	0.01687	0.01966	0.13784	0.11575	0.06784	0.50409	0.01839	0.00933	0.00269	0.00459	0.01535	0.00808	0.00815
31	0.01683	0.01442	0.01683	0.01202	0.01923	0.01082	0.00961	0.02043	0.01683	0.02644	0.01442	0.01683	0.01202	0.00601	0.00601	0.00120	0.00601	0.00481	0.00481	0.76444
32	0.02085	0.02291	0.02440	0.02120	0.02224	0.18689	0.01724	0.02270	0.01503	0.01961	0.01112	0.01698	0.01060	0.01276	0.02187	0.00319	0.53106	0.00664	0.00371	0.00901
33	0.01812	0.02989	0.31040	0.03268	0.16637	0.01955	0.25312	0.02564	0.01816	0.02597	0.01539	0.01950	0.01156	0.00729	0.00847	0.00260	0.01214	0.00758	0.00380	0.01178
34	0.02001	0.01947	0.03403	0.04866	0.61850	0.01937	0.06974	0.02498	0.01853	0.02647	0.01535	0.02022	0.01281	0.00720	0.00815	0.00243	0.00994	0.00740	0.00402	0.01271
35	0.02008	0.01928	0.03294	0.04981	0.66422	0.01928	0.02490	0.02490	0.01848	0.02651	0.01526	0.02008	0.01285	0.00723	0.00803	0.00241	0.00964	0.00723	0.00402	0.01285

[dist]
# distance from previous block
# <min> <max>
0	1

[block]
# block no. 5 follows, 23 sequences, length 158
# corresponding to MSA columns:
# 198-355
name=unknown_F
#
# <colnr> <probs for GDERKNQSTAVLIFYWHMCP>
#	G	D	E	R	K	N	Q	S	T	A	V	L	I	F	Y	W	H	M	C	P
0	0.02012	0.01852	0.02930	0.03970	0.45760	0.01986	0.02173	0.08441	0.01915	0.02737	0.01560	0.02070	0.01327	0.01295	0.06737	0.00346	0.10523	0.00734	0.00439	0.01193
1	0.01639	0.01542	0.01891	0.02403	0.22121	0.07386	0.01439	0.05096	0.01995	0.02502	0.04608	0.05261	0.28008	0.01489	0.00903	0.00269	0.00753	0.09140	0.00613	0.00943
2	0.03031	0.03867	0.02299	0.02090	0.02508	0.68226	0.01568	0.03240	0.02299	0.01986	0.01254	0.01463	0.01045	0.00836	0.00732	0.00209	0.01463	0.00523	0.00418	0.00941
3	0.18486	0.01331	0.01409	0.01225	0.01605	0.01394	0.00966	0.15665	0.02345	0.06224	0.25213	0.08067	0.10213	0.01371	0.00823	0.00258	0.00572	0.01124	0.00771	0.00939
4	0.03036	0.03717	0.02312	0.02069	0.02509	0.62041	0.01565	0.08932	0.02442	0.02280	0.01320	0.01509	0.01077	0.00849	0.00739	0.00212	0.01410	0.00542	0.00455	0.00982
5	0.01159	0.00869	0.01304	0.01304	0.01449	0.01014	0.01014	0.01449	0.01304	0.01884	0.02173	0.03188	0.02029	0.06086	0.68268	0.01304	0.02173	0.00869	0.00435	0.00724
6	0.01992	0.01974	0.03560	0.04702	0.55334	0.01950	0.13365	0.02510	0.01860	0.02642	0.01547	0.02040	0.01276	0.00716	0.00831	0.00247	0.01036	0.00765	0.00403	0.01251
7	0.03031	0.03867	0.02299	0.02090	0.02508	0.68226	0.01568	0.03240	0.02299	0.01986	0.01254	0.01463	0.01045	0.00836	0.00732	0.00209	0.01463	0.00523	0.00418	0.00941
8	0.77215	0.01569	0.01193	0.01067	0.01569	0.01820	0.00879	0.02385	0.01381	0.03641	0.01130	0.01318	0.00879	0.00753	0.00502	0.00251	0.00628	0.00439	0.00502	0.00879
9	0.02169	0.71972	0.04252	0.01388	0.02083	0.03211	0.01388	0.02430	0.01649	0.01909	0.01128	0.01302	0.01041	0.00694	0.00521	0.00174	0.00868	0.00434	0.00347	0.01041
10	0.03641	0.01381	0.01883	0.01444	0.02071	0.01193	0.01193	0.03954	0.02322	0.66984	0.03201	0.02762	0.02009	0.01004	0.00816	0.00251	0.00690	0.00816	0.01004	0.01381
11	0.01224	0.00976	0.01294	0.01301	0.01332	0.01122	0.00930	0.01346	0.01373	0.01906	0.03079	0.34511	0.03581	0.20215	0.06274	0.00512	0.16203	0.01573	0.00578	0.00671
12	0.01063	0.00789	0.00992	0.01126	0.01255	0.00733	0.00831	0.01264	0.01675	0.02154	0.05225	0.38756	0.19514	0.05905	0.01196	0.00350	0.00535	0.15224	0.00738	0.00676
13	0.01434	0.00781	0.00877	0.00877	0.01057	0.00813	0.00666	0.01793	0.01614	0.02773	0.02542	0.03061	0.02068	0.02083	0.15546	0.00436	0.00775	0.00781	0.59272	0.00749
14	0.03030	0.02246	0.02404	0.01856	0.02495	0.02491	0.01529	0.60661	0.06959	0.05025	0.02018	0.02004	0.01436	0.00981	0.00812	0.00245	0.00880	0.00740	0.00812	0.01375
15	0.02169	0.71972	0.04252	0.01388	0.02083	0.03211	0.01388	0.02430	0.01649	0.01909	0.01128	0.01302	0.01041	0.00694	0.00521	0.00174	0.00868	0.00434	0.00347	0.01041
16	0.02753	0.03404	0.02341	0.02099	0.02425	0.53681	0.01614	0.02955	0.02066	0.01979	0.01212	0.01532	0.01050	0.00965	0.01159	0.00241	0.16627	0.00564	0.00404	0.00929
17	0.01049	0.00851	0.00947	0.00995	0.01246	0.00749	0.00794	0.01297	0.01854	0.02253	0.07212	0.08154	0.50315	0.02103	0.01001	0.00300	0.00497	0.16931	0.00752	0.00701
18	0.00959	0.00822	0.00822	0.00822	0.01096	0.00685	0.00617	0.01165	0.01850	0.02192	0.08220	0.07809	0.66092	0.02055	0.00959	0.00274	0.00411	0.01713	0.00754	0.00685
19	0.03516	0.01580	0.02007	0.01538	0.02171	0.01489	0.01271	0.17318	0.02656	0.53148	0.02921	0.02580	0.01868	0.00998	0.00815	0.00249	0.00736	0.00797	0.00961	0.01381
20	0.00977	0.00823	0.00847	0.00841	0.01107	0.00693	0.00631	0.01200	0.01892	0.02294	0.13744	0.07642	0.60505	0.02017	0.00959	0.00272	0.00408	0.01689	0.00767	0.00693
21	0.03641	0.01381	0.01883	0.01444	0.02071	0.01193	0.01193	0.03954	0.02322	0.66984	0.03201	0.02762	0.02009	0.01004	0.00816	0.00251	0.00690	0.00816	0.01004	0.01381
22	0.02169	0.71972	0.04252	0.01388	0.02083	0.03211	0.01388	0.02430	0.01649	0.01909	0.01128	0.01302	0.01041	0.00694	0.00521	0.00174	0.00868	0.00434	0.00347	0.01041
23	0.77215	0.01569	0.01193	0.01067	0.01569	0.01820	0.00879	0.02385	0.01381	0.03641	0.01130	0.01318	0.00879	0.00753	0.00502	0.00251	0.00628	0.00439	0.00502	0.00879
24	0.01148	0.00829	0.01085	0.01021	0.01212	0.00766	0.00766	0.01531	0.02297	0.03254	0.65994	0.06061	0.07656	0.01659	0.00957	0.00255	0.00383	0.01467	0.00893	0.00766
25	0.03085	0.02273	0.02435	0.01867	0.02516	0.02516	0.01542	0.63716	0.03815	0.05114	0.01948	0.01948	0.01380	0.00974	0.00812	0.00244	0.00893	0.00731	0.00812	0.01380
26	0.03085	0.02273	0.02435	0.01867	0.02516	0.02516	0.01542	0.63716	0.03815	0.05114	0.01948	0.01948	0.01380	0.00974	0.00812	0.00244	0.00893	0.00731	0.00812	0.01380
27	0.00959	0.00822	0.00822	0.00822	0.01096	0.00685	0.00617	0.01165	0.01850	0.02192	0.08220	0.07809	0.66092	0.02055	0.00959	0.00274	0.00411	0.01713	0.00754	0.00685
28	0.02110	0.02122	0.03194	0.04692	0.60041	0.08546	0.02398	0.02565	0.01893	0.02585	0.01499	0.01954	0.01261	0.00734	0.00796	0.00238	0.01014	0.00703	0.00403	0.01251
29	0.02918	0.03685	0.02239	0.02043	0.02444	0.64148	0.01534	0.03131	0.02239	0.01980	0.01310	0.01568	0.01105	0.01155	0.04830	0.00275	0.01506	0.00544	0.00419	0.00928
30	0.02946	0.02187	0.02339	0.01812	0.02437	0.02415	0.01491	0.58403	0.06423	0.04912	0.02278	0.02248	0.04219	0.01026	0.00819	0.00246	0.00861	0.00781	0.00810	0.01346
31	0.77215	0.01569	0.01193	0.01067	0.01569	0.01820	0.00879	0.02385	0.01381	0.03641	0.01130	0.01318	0.00879	0.00753	0.00502	0.00251	0.00628	0.00439	0.00502	0.00879
32	0.00959	0.00822	0.00822	0.00822	0.01096	0.00685	0.00617	0.01165	0.01850	0.02192	0.08220	0.07809	0.66092	0.02055	0.00959	0.00274	0.00411	0.01713	0.00754	0.00685
33	0.03031	0.03867	0.02299	0.02090	0.02508	0.68226	0.01568	0.03240	0.02299	0.01986	0.01254	0.01463	0.01045	0.00836	0.00732	0.00209	0.01463	0.00523	0.00418	0.00941
34	0.01148	0.00829	0.01085	0.01021	0.01212	0.00766	0.00766	0.01531	0.02297	0.03254	0.65994	0.06061	0.07656	0.01659	0.00957	0.00255	0.00383	0.01467	0.00893	0.00766
35	0.21978	0.01949	0.01958	0.01557	0.02125	0.02172	0.01280	0.42143	0.02991	0.04539	0.01804	0.01888	0.01317	0.00915	0.00709	0.00240	0.00776	0.00658	0.07808	0.01192
36	0.03031	0.03867	0.02299	0.02090	0.02508	0.68226	0.01568	0.03240	0.02299	0.01986	0.01254	0.01463	0.01045	0.00836	0.00732	0.00209	0.01463	0.00523	0.00418	0.00941
37	0.01180	0.00787	0.00885	0.00885	0.00885	0.00787	0.00492	0.01180	0.01180	0.01573	0.02557	0.05310	0.02950	0.71483	0.04130	0.00787	0.00787	0.01180	0.00492	0.00492
38	0.03085	0.02273	0.02435	0.01867	0.02516	0.02516	0.01542	0.63716	0.03815	0.05114	0.01948	0.01948	0.01380	0.00974	0.00812	0.00244	0.00893	0.00731	0.00812	0.01380
39	0.02987	0.03783	0.02342	0.02215	0.05270	0.65361	0.01608	0.03208	0.02280	0.02015	0.01266	0.01487	0.01056	0.00831	0.00735	0.00210	0.01442	0.00531	0.00417	0.00956
40	0.01794	0.25056	0.47881	0.02028	0.03072	0.02293	0.02503	0.02527	0.01693	0.02366	0.01355	0.01586	0.01032	0.00747	0.00694	0.00231	0.01097	0.00549	0.00344	0.01151
41	0.00985	0.00722	0.00925	0.01088	0.01166	0.00663	0.00735	0.01135	0.01594	0.02088	0.04979	0.62414	0.13579	0.02476	0.01025	0.00322	0.00463	0.02226	0.00753	0.00663
42	0.00989	0.00706	0.00942	0.01130	0.01177	0.00659	0.00753	0.01130	0.01554	0.02071	0.04472	0.70954	0.05367	0.02542	0.01036	0.00330	0.00471	0.02307	0.00753	0.00659
43	0.02008	0.01928	0.03294	0.04981	0.66422	0.01928	0.02490	0.02490	0.01848	0.02651	0.01526	0.02008	0.01285	0.00723	0.00803	0.00241	0.00964	0.00723	0.00402	0.01285
44	0.02008	0.01928	0.03294	0.04981	0.66422	0.01928	0.02490	0.02490	0.01848	0.02651	0.01526	0.02008	0.01285	0.00723	0.00803	0.00241	0.00964	0.00723	0.00402	0.01285
45	0.01513	0.00756	0.00756	0.00756	0.00945	0.00756	0.00567	0.01891	0.01702	0.03025	0.02647	0.03025	0.02080	0.00945	0.00567	0.00189	0.00378	0.00756	0.75988	0.00756
46	0.00989	0.00706	0.00942	0.01130	0.01177	0.00659	0.00753	0.01130	0.01554	0.02071	0.04472	0.70954	0.05367	0.02542	0.01036	0.00330	0.00471	0.02307	0.00753	0.00659
47	0.03031	0.03867	0.02299	0.02090	0.02508	0.68226	0.01568	0.03240	0.02299	0.01986	0.01254	0.01463	0.01045	0.00836	0.00732	0.00209	0.01463	0.00523	0.00418	0.00941
48	0.00989	0.00706	0.00942	0.01130	0.01177	0.00659	0.00753	0.01130	0.01554	0.02071	0.04472	0.70954	0.05367	0.02542	0.01036	0.00330	0.00471	0.02307	0.00753	0.00659
49	0.01358	0.01162	0.01686	0.01571	0.01669	0.01490	0.01260	0.01612	0.01284	0.01906	0.01815	0.02731	0.01717	0.04577	0.47048	0.00997	0.24111	0.00818	0.00409	0.00777
50	0.01025	0.00748	0.00904	0.01012	0.01096	0.00693	0.00667	0.01148	0.01532	0.01986	0.04823	0.43372	0.17390	0.17695	0.01704	0.00419	0.00528	0.01935	0.00695	0.00627
51	0.01431	0.01279	0.01720	0.01598	0.01708	0.04214	0.01278	0.01682	0.01325	0.01910	0.01784	0.02669	0.01683	0.04391	0.44690	0.00958	0.23682	0.00805	0.00409	0.00785
52	0.01617	0.01607	0.02955	0.54905	0.05290	0.01858	0.15799	0.02190	0.01687	0.02190	0.01486	0.02169	0.01115	0.00783	0.00844	0.00271	0.01145	0.00773	0.00372	0.00944
53	0.01944	0.01537	0.01200	0.01119	0.01387	0.15791	0.00848	0.05941	0.01962	0.02922	0.02296	0.02614	0.01808	0.00923	0.00618	0.00197	0.00649	0.00703	0.54706	0.00835
54	0.01054	0.00826	0.00954	0.00922	0.01154	0.00726	0.00692	0.01349	0.02075	0.02726	0.37288	0.06930	0.36691	0.01856	0.00958	0.00265	0.00397	0.01589	0.00824	0.00726
55	0.02617	0.03204	0.02079	0.01916	0.02274	0.53355	0.01445	0.02844	0.02079	0.01963	0.01458	0.01845	0.01263	0.01998	0.15674	0.00451	0.01620	0.00599	0.00422	0.00893
56	0.02720	0.02841	0.02650	0.02951	0.22819	0.30281	0.01854	0.18536	0.02545	0.03001	0.01519	0.01761	0.01207	0.00836	0.00775	0.00228	0.01158	0.00640	0.00514	0.01163
57	0.19253	0.02111	0.11454	0.02127	0.12228	0.01841	0.01661	0.16546	0.02287	0.19934	0.01953	0.01993	0.01365	0.00865	0.00737	0.00249	0.00837	0.00668	0.00662	0.01229
58	0.01036	0.00762	0.00978	0.01139	0.01217	0.00725	0.00772	0.01284	0.04602	0.02141	0.04611	0.64421	0.08386	0.02448	0.01022	0.00324	0.00476	0.02209	0.00757	0.00690
59	0.01180	0.00787	0.00885	0.00885	0.00885	0.00787	0.00492	0.01180	0.01180	0.01573	0.02557	0.05310	0.02950	0.71483	0.04130	0.00787	0.00787	0.01180	0.00492	0.00492
60	0.01627	0.04197	0.67279	0.02313	0.03512	0.01884	0.02998	0.02570	0.01713	0.02570	0.01456	0.01713	0.01028	0.00771	0.00771	0.00257	0.01199	0.00600	0.00343	0.01199
61	0.01681	0.03254	0.43509	0.02160	0.05445	0.05171	0.02390	0.05276	0.01758	0.02511	0.01632	0.02053	0.01280	0.01971	0.15866	0.00487	0.01407	0.00667	0.00392	0.01092
62	0.01876	0.02459	0.13210	0.03271	0.04143	0.02029	0.55324	0.02595	0.01888	0.02595	0.01617	0.02125	0.01204	0.00696	0.00932	0.00271	0.01345	0.00909	0.00401	0.01109
63	0.03031	0.03867	0.02299	0.02090	0.02508	0.68226	0.01568	0.03240	0.02299	0.01986	0.01254	0.01463	0.01045	0.00836	0.00732	0.00209	0.01463	0.00523	0.00418	0.00941
64	0.01844	0.17402	0.03219	0.30684	0.24278	0.02169	0.04807	0.02310	0.01713	0.02245	0.01408	0.01922	0.01145	0.00751	0.00750	0.00239	0.01009	0.00668	0.00373	0.01064
65	0.01252	0.01584	0.15728	0.01335	0.01757	0.01022	0.01300	0.01741	0.02083	0.02920	0.40118	0.05572	0.11392	0.01558	0.00932	0.00269	0.00602	0.07237	0.00744	0.00852
66	0.01008	0.00824	0.00889	0.00873	0.01126	0.00706	0.00655	0.01259	0.01964	0.02465	0.23060	0.07360	0.51082	0.01953	0.00958	0.00269	0.00404	0.01650	0.00789	0.00706
67	0.01180	0.00787	0.00885	0.00885	0.00885	0.00787	0.00492	0.01180	0.01180	0.01573	0.02557	0.05310	0.02950	0.71483	0.04130	0.00787	0.00787	0.01180	0.00492	0.00492
68	0.02150	0.17038	0.03393	0.03913	0.46036	0.09143	0.02159	0.02556	0.01853	0.02423	0.01413	0.01801	0.01208	0.00729	0.00736	0.00223	0.00996	0.00640	0.00392	0.01197
69	0.01881	0.01968	0.03550	0.03257	0.17167	0.02195	0.25664	0.02320	0.01635	0.02356	0.01389	0.01986	0.01178	0.00983	0.01596	0.00298	0.28329	0.00808	0.00387	0.01055
70	0.01197	0.00924	0.01376	0.01354	0.01490	0.01104	0.01060	0.01480	0.01300	0.01888	0.02106	0.03102	0.01970	0.05803	0.64287	0.01246	0.06289	0.00860	0.00430	0.00734
71	0.03001	0.03346	0.02380	0.02157	0.05325	0.47334	0.01601	0.19748	0.02694	0.02871	0.01456	0.01620	0.01147	0.00869	0.00757	0.00220	0.01285	0.00588	0.00525	0.01076
72	0.01061	0.00794	0.01000	0.01125	0.01270	0.00733	0.00842	0.01285	0.01744	0.02253	0.09129	0.37123	0.20950	0.02297	0.01030	0.00321	0.00511	0.15080	0.00760	0.00692
73	0.02066	0.02026	0.02780	0.03809	0.43614	0.08139	0.02063	0.02912	0.15853	0.02735	0.02156	0.02410	0.04069	0.00870	0.00808	0.00247	0.00918	0.00786	0.00511	0.01229
74	0.01317	0.01102	0.01607	0.01516	0.01624	0.01392	0.01210	0.01578	0.01288	0.01901	0.01889	0.02825	0.01781	0.04887	0.51416	0.01060	0.19595	0.00828	0.00414	0.00766
75	0.02183	0.02338	0.03137	0.09989	0.40967	0.16597	0.08005	0.02629	0.01934	0.02447	0.01469	0.01919	0.01209	0.00752	0.00803	0.00240	0.01123	0.00701	0.00402	0.01157
76	0.02387	0.07750	0.18932	0.01866	0.02552	0.18666	0.01786	0.05589	0.11816	0.10823	0.02034	0.02291	0.01565	0.00926	0.00766	0.00238	0.01028	0.03278	0.00565	0.05143
77	0.01848	0.28339	0.29719	0.01837	0.02660	0.02355	0.02052	0.02390	0.01631	0.02264	0.01289	0.01567	0.01056	0.00802	0.00885	0.00224	0.09149	0.00540	0.00360	0.09035
78	0.01713	0.06440	0.50954	0.02521	0.03617	0.01974	0.16315	0.02571	0.01755	0.02550	0.01484	0.01802	0.01073	0.00749	0.00802	0.00257	0.01223	0.00672	0.00358	0.01170
79	0.01111	0.00835	0.00988	0.00997	0.01183	0.00767	0.00745	0.01358	0.01863	0.02434	0.23929	0.07031	0.27382	0.14766	0.01568	0.00378	0.00524	0.10712	0.00746	0.00683
80	0.00989	0.00706	0.00942	0.01130	0.01177	0.00659	0.00753	0.01130	0.01554	0.02071	0.04472	0.70954	0.05367	0.02542	0.01036	0.00330	0.00471	0.02307	0.00753	0.00659
81	0.02008	0.01928	0.03294	0.04981	0.66422	0.01928	0.02490	0.02490	0.01848	0.02651	0.01526	0.02008	0.01285	0.00723	0.00803	0.00241	0.00964	0.00723	0.00402	0.01285
