[name]
unknown

[dist]
# distance from previous block
# <min> <max>
0	1

[block]
# block no. 0 follows, 20 sequences, length 6
# corresponding to MSA columns:
# 1-6
name=unknown_A
#
# <colnr> <probs for GDERKNQSTAVLIFYWHMCP>
#	G	D	E	R	K	N	Q	S	T	A	V	L	I	F	Y	W	H	M	C	P
0	0.02127	0.01617	0.01832	0.01712	0.02147	0.01793	0.01378	0.03878	0.41634	0.08728	0.03814	0.04915	0.03222	0.01488	0.00968	0.00321	0.00724	0.15578	0.00883	0.01242
1	0.02425	0.02578	0.03282	0.04601	0.49073	0.17524	0.02437	0.02872	0.02104	0.02677	0.01570	0.02017	0.01319	0.00807	0.00845	0.00251	0.01166	0.00725	0.00436	0.01292
2	0.01230	0.00892	0.01139	0.01251	0.01400	0.00851	0.00958	0.01484	0.01860	0.02433	0.11135	0.22429	0.14118	0.12722	0.01638	0.00430	0.00645	0.21874	0.00780	0.00731
3	0.02129	0.01873	0.03276	0.12760	0.10476	0.01749	0.21580	0.02673	0.01975	0.09219	0.01832	0.02233	0.01384	0.00771	0.00859	0.00239	0.01058	0.00797	0.00521	0.22596
4	0.02841	0.03414	0.02728	0.09784	0.16827	0.44762	0.01986	0.03170	0.02286	0.02306	0.01435	0.01784	0.01186	0.00869	0.00813	0.00239	0.01409	0.00633	0.00439	0.01090
5	0.34332	0.12465	0.01934	0.01327	0.01788	0.07603	0.01075	0.06650	0.01786	0.03124	0.01650	0.02311	0.01483	0.11669	0.04105	0.00389	0.00904	0.00661	0.03806	0.00940

[dist]
# distance from previous block
# <min> <max>
0	4

[block]
# block no. 1 follows, 20 sequences, length 12
# corresponding to MSA columns:
# 11-22
name=unknown_B
#
# <colnr> <probs for GDERKNQSTAVLIFYWHMCP>
#	G	D	E	R	K	N	Q	S	T	A	V	L	I	F	Y	W	H	M	C	P
0	0.01364	0.01035	0.01162	0.01162	0.01322	0.01057	0.00785	0.01925	0.13349	0.02364	0.07032	0.18755	0.12772	0.29265	0.02400	0.00529	0.00665	0.01564	0.00718	0.00775
1	0.01356	0.00929	0.01080	0.01069	0.01124	0.00948	0.00660	0.04562	0.01478	0.01983	0.02919	0.12510	0.03307	0.53863	0.07953	0.00795	0.00913	0.01357	0.00575	0.00618
2	0.02437	0.01840	0.02013	0.01559	0.02196	0.01836	0.01260	0.26745	0.07866	0.04070	0.02133	0.02259	0.01624	0.00911	0.00755	0.00209	0.00745	0.00711	0.11404	0.27426
3	0.01264	0.01004	0.01362	0.01295	0.01558	0.00880	0.03750	0.01537	0.01888	0.02601	0.15216	0.37337	0.10695	0.02066	0.01008	0.00294	0.00553	0.01858	0.00771	0.13063
4	0.02271	0.01804	0.02228	0.14906	0.02980	0.01982	0.01584	0.22846	0.02546	0.03583	0.01951	0.04897	0.01588	0.01053	0.01038	0.00253	0.08442	0.00800	0.07546	0.15702
5	0.02123	0.11722	0.02980	0.25839	0.17289	0.02269	0.02072	0.10927	0.07836	0.02939	0.01919	0.04906	0.01579	0.00962	0.00836	0.00267	0.01001	0.00821	0.00528	0.01184
6	0.09557	0.02757	0.22075	0.10813	0.23663	0.02051	0.11393	0.02658	0.01874	0.02855	0.01582	0.02034	0.01219	0.00801	0.00845	0.00274	0.01156	0.00743	0.00420	0.01231
7	0.02094	0.02269	0.07252	0.09567	0.39383	0.06630	0.02448	0.02574	0.01874	0.02601	0.01565	0.02126	0.01325	0.01138	0.03780	0.00324	0.10643	0.00757	0.00419	0.01229
8	0.01877	0.01565	0.01962	0.30351	0.03531	0.07566	0.01625	0.06290	0.01895	0.02553	0.01867	0.02524	0.01498	0.01465	0.03862	0.11115	0.01019	0.00768	0.15783	0.00883
9	0.01487	0.01115	0.01637	0.04633	0.12938	0.01182	0.01253	0.01819	0.01627	0.02423	0.02599	0.10741	0.02504	0.09621	0.25054	0.00735	0.01314	0.01081	0.15365	0.00872
10	0.02580	0.03236	0.10036	0.03707	0.31053	0.29188	0.02317	0.03030	0.02176	0.02536	0.01508	0.01874	0.01241	0.00835	0.00827	0.00246	0.01293	0.00671	0.00432	0.01214
11	0.02448	0.37590	0.03329	0.01661	0.02233	0.23511	0.01438	0.02715	0.02070	0.02208	0.06317	0.02409	0.06891	0.00993	0.00707	0.00214	0.01065	0.00693	0.00477	0.01031

[dist]
# distance from previous block
# <min> <max>
7	19

[block]
# block no. 2 follows, 20 sequences, length 47
# corresponding to MSA columns:
# 42-88
name=unknown_C
#
# <colnr> <probs for GDERKNQSTAVLIFYWHMCP>
#	G	D	E	R	K	N	Q	S	T	A	V	L	I	F	Y	W	H	M	C	P
0	0.05674	0.01975	0.05803	0.19151	0.32233	0.01953	0.04559	0.02844	0.04842	0.09746	0.01895	0.02301	0.01443	0.00856	0.00858	0.00272	0.01028	0.00787	0.00519	0.01262
1	0.07120	0.02355	0.10805	0.07385	0.23335	0.07146	0.02102	0.03264	0.08124	0.16583	0.02166	0.02324	0.01583	0.00910	0.00838	0.00267	0.01000	0.00766	0.00618	0.01307
2	0.06900	0.01926	0.02811	0.03490	0.31967	0.01990	0.04481	0.15409	0.02402	0.03410	0.02530	0.03156	0.06766	0.01318	0.03831	0.00325	0.01010	0.04431	0.00593	0.01251
3	0.01246	0.00935	0.01402	0.01402	0.01558	0.01090	0.01090	0.01558	0.01402	0.02025	0.02336	0.03427	0.02181	0.06542	0.65888	0.01402	0.02336	0.00935	0.00467	0.00779
4	0.01247	0.01012	0.01116	0.01097	0.01349	0.00995	0.00830	0.01665	0.06851	0.02500	0.06650	0.13311	0.40094	0.02225	0.04040	0.00348	0.04743	0.01636	0.07482	0.00809
5	0.01802	0.01752	0.02468	0.02147	0.02172	0.02418	0.01777	0.02012	0.01346	0.02087	0.01336	0.02152	0.01311	0.02333	0.12991	0.00546	0.57236	0.00791	0.00395	0.00926
6	0.01788	0.01694	0.02870	0.50251	0.21906	0.01975	0.02492	0.02352	0.01811	0.02399	0.01575	0.02280	0.01223	0.00846	0.00870	0.00282	0.01128	0.00776	0.00400	0.01082
7	0.01626	0.00813	0.00813	0.00813	0.01016	0.00813	0.00610	0.02033	0.01829	0.03252	0.02846	0.03252	0.02236	0.01016	0.00610	0.00203	0.00407	0.00813	0.74187	0.00813
8	0.01208	0.00912	0.01086	0.01158	0.01333	0.00852	0.00821	0.05061	0.01973	0.02559	0.09753	0.42303	0.22954	0.02405	0.01068	0.00325	0.00509	0.02120	0.00824	0.00774
9	0.03066	0.17818	0.02908	0.02090	0.02601	0.52872	0.01645	0.03302	0.02326	0.02118	0.01320	0.01537	0.01123	0.00867	0.00739	0.00217	0.01440	0.00542	0.00434	0.01034
10	0.01093	0.00879	0.00978	0.00996	0.01245	0.00764	0.00748	0.01352	0.02047	0.02570	0.18364	0.14119	0.44302	0.02193	0.01048	0.00303	0.00462	0.04946	0.00838	0.00753
11	0.01690	0.01593	0.02693	0.62141	0.10785	0.01949	0.02443	0.02266	0.01764	0.02280	0.01558	0.02312	0.01181	0.00864	0.00871	0.00288	0.01152	0.00775	0.00391	0.01003
12	0.02126	0.02039	0.03481	0.09335	0.60179	0.02064	0.02661	0.02648	0.01971	0.02810	0.01635	0.02170	0.01368	0.00783	0.00864	0.00261	0.01044	0.00777	0.00429	0.01355
13	0.01130	0.00816	0.00964	0.01052	0.01135	0.00763	0.00679	0.01242	0.01593	0.02063	0.04911	0.33721	0.16854	0.26391	0.02283	0.00517	0.00614	0.01915	0.00709	0.00650
14	0.01589	0.02344	0.19811	0.02428	0.06802	0.01578	0.18165	0.02179	0.01921	0.02601	0.03836	0.13353	0.16782	0.01408	0.00976	0.00296	0.01007	0.01314	0.00563	0.01047
15	0.02218	0.02212	0.03395	0.08952	0.55248	0.07326	0.02579	0.02716	0.02011	0.02752	0.01611	0.02121	0.01347	0.00793	0.00858	0.00258	0.01088	0.00759	0.00430	0.01325
16	0.01465	0.01079	0.01563	0.01449	0.01636	0.01245	0.03947	0.01810	0.01545	0.02411	0.02316	0.03156	0.02038	0.04166	0.37577	0.00901	0.09092	0.00886	0.20890	0.00827
17	0.15610	0.21265	0.19756	0.01724	0.02442	0.05722	0.01793	0.02473	0.01699	0.02593	0.01551	0.01955	0.01304	0.01994	0.14223	0.00481	0.01310	0.00619	0.00427	0.01057
18	0.02034	0.06526	0.20494	0.03963	0.29956	0.02168	0.16807	0.02725	0.01953	0.02769	0.01627	0.02079	0.01279	0.00779	0.00878	0.00268	0.01204	0.00785	0.00414	0.01293
19	0.01711	0.01285	0.01742	0.01569	0.01863	0.01389	0.04396	0.13952	0.02117	0.02961	0.05078	0.15218	0.02884	0.03846	0.30254	0.00792	0.01469	0.01210	0.05326	0.00938
20	0.02427	0.02762	0.02702	0.29203	0.13844	0.29621	0.02144	0.02843	0.02098	0.02287	0.01477	0.01973	0.01181	0.00868	0.00834	0.00257	0.01320	0.00683	0.00421	0.01053
21	0.02423	0.02572	0.03284	0.04609	0.49229	0.17362	0.02439	0.02870	0.02103	0.02678	0.01571	0.02018	0.01320	0.00806	0.00845	0.00251	0.01165	0.00726	0.00436	0.01293
22	0.01231	0.00879	0.01205	0.01406	0.01531	0.00853	0.01101	0.01505	0.01836	0.02415	0.04715	0.39923	0.05402	0.02575	0.01158	0.00377	0.00652	0.29676	0.00807	0.00755
23	0.01922	0.03484	0.39012	0.03694	0.29102	0.02045	0.02993	0.02726	0.01903	0.02799	0.01597	0.01975	0.01222	0.00807	0.00843	0.00269	0.01183	0.00700	0.00395	0.01328
24	0.03121	0.03866	0.02379	0.02149	0.02601	0.58633	0.01619	0.06165	0.02521	0.02314	0.01858	0.02029	0.05083	0.00989	0.00806	0.00231	0.01472	0.00654	0.00493	0.01017
25	0.01782	0.01687	0.01571	0.01518	0.01751	0.16518	0.01162	0.02087	0.01720	0.02231	0.02175	0.02958	0.01936	0.04386	0.40794	0.00945	0.01872	0.00828	0.11240	0.00839
26	0.01351	0.00901	0.01239	0.01239	0.01408	0.01013	0.00957	0.01689	0.01520	0.02365	0.02478	0.03378	0.02196	0.05010	0.47794	0.01070	0.01802	0.00901	0.20901	0.00788
27	0.01620	0.01479	0.02397	0.01979	0.02409	0.01466	0.17489	0.02488	0.14606	0.02997	0.17530	0.16213	0.08033	0.01593	0.01022	0.00305	0.00797	0.03807	0.00759	0.01010
28	0.01246	0.00935	0.01402	0.01402	0.01558	0.01090	0.01090	0.01558	0.01402	0.02025	0.02336	0.03427	0.02181	0.06542	0.65888	0.01402	0.02336	0.00935	0.00467	0.00779
29	0.01076	0.00885	0.00946	0.00931	0.01206	0.00756	0.00698	0.01339	0.02095	0.02610	0.20969	0.07977	0.51259	0.02115	0.01030	0.00290	0.00435	0.01782	0.00843	0.00756
30	0.03115	0.14314	0.02796	0.02131	0.02626	0.56200	0.01656	0.03348	0.02364	0.02122	0.01327	0.01546	0.01123	0.00875	0.00751	0.00219	0.01474	0.00547	0.00438	0.01028
31	0.01072	0.00776	0.01014	0.01186	0.01262	0.00718	0.00801	0.01246	0.01743	0.02320	0.08971	0.60861	0.09532	0.02637	0.01103	0.00345	0.00496	0.02380	0.00820	0.00718
32	0.01962	0.01855	0.03203	0.04421	0.46983	0.01877	0.06221	0.02452	0.01870	0.02675	0.01794	0.02435	0.01544	0.01973	0.14392	0.00499	0.01336	0.00827	0.00440	0.01243
33	0.01946	0.07769	0.37164	0.03535	0.27013	0.02136	0.02900	0.02720	0.01893	0.02751	0.01572	0.01936	0.01213	0.00803	0.00825	0.00264	0.01168	0.00685	0.00393	0.01314
34	0.01368	0.01167	0.01675	0.01551	0.01806	0.01184	0.06780	0.01686	0.01909	0.02489	0.10046	0.09574	0.23119	0.06309	0.01506	0.00371	0.08215	0.17711	0.00719	0.00815
35	0.01048	0.00819	0.00951	0.01056	0.01223	0.00722	0.00739	0.01232	0.01823	0.02289	0.06738	0.39838	0.33460	0.02482	0.01074	0.00326	0.00475	0.02174	0.00810	0.00722
36	0.01706	0.01418	0.02074	0.17736	0.11846	0.03688	0.03942	0.02095	0.01946	0.06611	0.06949	0.17752	0.10842	0.01601	0.00981	0.00304	0.00844	0.06043	0.00652	0.00968
37	0.05287	0.08082	0.04404	0.11389	0.02770	0.24624	0.01578	0.06408	0.02119	0.02473	0.02201	0.15795	0.02178	0.01627	0.04990	0.00339	0.01199	0.01022	0.00539	0.00975
38	0.02687	0.02752	0.02913	0.03532	0.29981	0.22184	0.02081	0.14406	0.02557	0.03128	0.01935	0.02219	0.03880	0.00928	0.00848	0.00250	0.01165	0.00755	0.00540	0.01259
39	0.05552	0.01690	0.01702	0.01525	0.01862	0.08733	0.01182	0.17245	0.02289	0.03177	0.02356	0.06971	0.02117	0.07259	0.22236	0.00665	0.01356	0.00934	0.10173	0.00979
40	0.01687	0.01050	0.01294	0.01404	0.06442	0.01104	0.00962	0.05726	0.01885	0.03069	0.02577	0.03130	0.02104	0.02319	0.16241	0.00498	0.00955	0.00837	0.45823	0.00894
41	0.01888	0.02679	0.21415	0.03172	0.23779	0.07049	0.02350	0.02482	0.01862	0.02578	0.01926	0.02763	0.01673	0.02104	0.14386	0.00508	0.01413	0.04367	0.00445	0.01161
42	0.18861	0.06964	0.02482	0.02518	0.15074	0.25636	0.01664	0.06061	0.02109	0.02849	0.01493	0.01831	0.01244	0.01318	0.06110	0.00339	0.01251	0.00624	0.00486	0.01087
43	0.07583	0.06425	0.02448	0.02364	0.09904	0.38994	0.01639	0.03105	0.05536	0.02499	0.05473	0.02148	0.01744	0.01301	0.04934	0.00312	0.01343	0.00689	0.00507	0.01051
44	0.09025	0.05389	0.21762	0.06488	0.06790	0.07139	0.02053	0.06323	0.01991	0.09164	0.01867	0.02227	0.01436	0.01878	0.12291	0.00465	0.01325	0.00716	0.00519	0.01154
45	0.14447	0.06906	0.05545	0.02531	0.14676	0.15838	0.01776	0.18938	0.02575	0.03528	0.01892	0.02083	0.03737	0.00941	0.00783	0.00252	0.01053	0.00701	0.00583	0.01214
46	0.02667	0.03106	0.02305	0.02399	0.10327	0.42069	0.01631	0.02959	0.02190	0.02306	0.01666	0.02077	0.01414	0.01760	0.10787	0.00408	0.01521	0.00668	0.06732	0.01007

[dist]
# distance from previous block
# <min> <max>
4	87

[block]
# block no. 3 follows, 20 sequences, length 101
# corresponding to MSA columns:
# 176-276
name=unknown_D
#
# <colnr> <probs for GDERKNQSTAVLIFYWHMCP>
#	G	D	E	R	K	N	Q	S	T	A	V	L	I	F	Y	W	H	M	C	P
0	0.28451	0.07994	0.14340	0.01996	0.06869	0.17753	0.01722	0.02770	0.01883	0.02949	0.01761	0.01970	0.04465	0.00904	0.00708	0.00254	0.01049	0.00624	0.00478	0.01062
1	0.02189	0.03348	0.21725	0.04948	0.07024	0.25567	0.02055	0.02694	0.02113	0.02429	0.02978	0.03125	0.13920	0.01136	0.00859	0.00260	0.01199	0.00873	0.00494	0.01065
2	0.04664	0.06932	0.10145	0.15170	0.03040	0.13207	0.01785	0.02418	0.04107	0.02413	0.03108	0.03586	0.13801	0.01278	0.01070	0.00285	0.07888	0.03595	0.00522	0.00986
3	0.02351	0.02629	0.02178	0.02368	0.13153	0.30245	0.01543	0.05033	0.02353	0.02620	0.10841	0.03723	0.14869	0.01264	0.00885	0.00253	0.01073	0.01000	0.00602	0.01017
4	0.02595	0.03257	0.15101	0.02032	0.02743	0.26017	0.01846	0.09574	0.02331	0.05013	0.01588	0.01804	0.01236	0.00879	0.00868	0.00227	0.04106	0.00614	0.00516	0.17654
5	0.01827	0.01665	0.02497	0.02206	0.06787	0.04897	0.13475	0.02246	0.01803	0.02673	0.05277	0.02756	0.01981	0.01811	0.10195	0.00425	0.13556	0.00871	0.17066	0.05986
6	0.02240	0.05198	0.03060	0.06741	0.27237	0.10291	0.04540	0.06964	0.02042	0.02703	0.01739	0.06546	0.01584	0.01093	0.01252	0.00285	0.13971	0.00860	0.00479	0.01173
7	0.04955	0.02383	0.02278	0.15358	0.11891	0.22936	0.01735	0.05776	0.02143	0.02604	0.02269	0.05027	0.05740	0.01333	0.04128	0.00314	0.01180	0.00841	0.06085	0.01023
8	0.07207	0.01255	0.01558	0.01873	0.13309	0.01264	0.01143	0.04197	0.05235	0.02978	0.07156	0.09011	0.15171	0.06024	0.01084	0.00303	0.00628	0.01193	0.18466	0.00945
9	0.01920	0.06812	0.02136	0.05723	0.14637	0.09121	0.01451	0.02307	0.01842	0.02617	0.02037	0.02575	0.01711	0.02006	0.13761	0.00456	0.01157	0.00752	0.20975	0.06003
10	0.01928	0.06533	0.02486	0.03025	0.26873	0.11516	0.01728	0.02256	0.01969	0.02469	0.03259	0.19208	0.10290	0.01457	0.00914	0.00277	0.00906	0.01277	0.00572	0.01059
11	0.01832	0.01710	0.07999	0.02235	0.14453	0.01601	0.01535	0.06101	0.01830	0.02787	0.02150	0.03110	0.01927	0.14869	0.01813	0.00383	0.10804	0.00872	0.21003	0.00985
12	0.02130	0.01297	0.01513	0.01344	0.01732	0.01259	0.01030	0.11000	0.06881	0.17008	0.05031	0.18830	0.20208	0.05188	0.01151	0.00325	0.00640	0.01511	0.00872	0.01049
13	0.09856	0.02272	0.05174	0.05167	0.02438	0.13233	0.01480	0.19824	0.07119	0.03485	0.02595	0.18436	0.02473	0.01402	0.00882	0.00284	0.00935	0.01138	0.00698	0.01109
14	0.02150	0.11512	0.02621	0.01798	0.02269	0.05689	0.01507	0.08283	0.01906	0.02700	0.01404	0.01803	0.01226	0.01027	0.01450	0.00245	0.24534	0.00627	0.00481	0.26766
15	0.01589	0.06427	0.01693	0.01575	0.05793	0.01452	0.01063	0.02389	0.18522	0.02533	0.03874	0.19217	0.09503	0.18364	0.01802	0.00434	0.00703	0.01432	0.00703	0.00931
16	0.01261	0.00874	0.01093	0.01093	0.01142	0.00923	0.00705	0.01359	0.01310	0.01796	0.02619	0.04991	0.02860	0.49611	0.23748	0.01020	0.01314	0.01164	0.00509	0.00607
17	0.02756	0.29434	0.03377	0.02191	0.07137	0.34003	0.01695	0.03023	0.02114	0.02155	0.01309	0.01565	0.01142	0.00858	0.00795	0.00219	0.04182	0.00550	0.00415	0.01079
18	0.19334	0.26212	0.03041	0.06379	0.07353	0.15298	0.01574	0.06988	0.02030	0.02821	0.01361	0.01611	0.01130	0.00824	0.00668	0.00232	0.01027	0.00555	0.00468	0.01095
19	0.01985	0.01319	0.01513	0.01335	0.01635	0.01470	0.01060	0.16456	0.02265	0.03470	0.02433	0.02905	0.01960	0.02192	0.14205	0.00476	0.05822	0.00827	0.35689	0.00981
20	0.01741	0.01294	0.01603	0.01464	0.01724	0.01451	0.01116	0.13895	0.06347	0.02788	0.02456	0.03593	0.02269	0.17468	0.35688	0.00978	0.01640	0.00974	0.00593	0.00917
21	0.01095	0.00886	0.00973	0.00951	0.01218	0.00764	0.00713	0.01377	0.02140	0.02718	0.26125	0.07800	0.46036	0.02074	0.01030	0.00288	0.00432	0.01758	0.00858	0.00764
22	0.02170	0.01874	0.01972	0.01775	0.02268	0.02170	0.01381	0.04635	0.62327	0.03649	0.03550	0.03254	0.02663	0.01183	0.00888	0.00296	0.00690	0.00986	0.00888	0.01381
23	0.25219	0.02301	0.02205	0.01758	0.02396	0.05688	0.01443	0.40340	0.03224	0.04846	0.01789	0.01862	0.01302	0.00968	0.00767	0.00262	0.00905	0.00679	0.00750	0.01296
24	0.01188	0.00871	0.01137	0.01281	0.01433	0.00821	0.00984	0.01458	0.01909	0.02501	0.11322	0.34168	0.14377	0.02452	0.01122	0.00353	0.00584	0.20458	0.00823	0.00755
25	0.01492	0.01296	0.01874	0.01732	0.01830	0.01678	0.01394	0.01759	0.01377	0.02053	0.01894	0.02863	0.01796	0.04679	0.42476	0.01023	0.26635	0.00871	0.00435	0.00844
26	0.01052	0.00884	0.00913	0.00906	0.01191	0.00745	0.00679	0.01293	0.02038	0.02475	0.14500	0.08200	0.57812	0.02165	0.01031	0.00292	0.00439	0.01814	0.00826	0.00745
27	0.01282	0.00868	0.01064	0.01064	0.01117	0.00909	0.00683	0.01387	0.01335	0.01866	0.02644	0.04964	0.02855	0.48825	0.20659	0.00959	0.01220	0.01154	0.04532	0.00611
28	0.01750	0.04512	0.64825	0.02486	0.03775	0.02026	0.03223	0.02762	0.01842	0.02762	0.01565	0.01842	0.01105	0.00829	0.00829	0.00276	0.01289	0.00645	0.00368	0.01289
29	0.23072	0.02036	0.02095	0.01715	0.02271	0.02323	0.01404	0.31472	0.08962	0.04432	0.01964	0.02110	0.01486	0.01419	0.05605	0.00357	0.04580	0.00728	0.00725	0.01243
30	0.01060	0.00828	0.00962	0.01048	0.01226	0.00730	0.00741	0.01264	0.01880	0.02381	0.10980	0.35488	0.33481	0.02414	0.01068	0.00320	0.00469	0.02110	0.00821	0.00730
31	0.01461	0.01037	0.01179	0.01138	0.01277	0.01042	0.00756	0.08851	0.01840	0.02438	0.06719	0.18156	0.09811	0.37244	0.02809	0.00589	0.00730	0.01522	0.00678	0.00721
32	0.01105	0.00777	0.01000	0.01161	0.01201	0.00737	0.00752	0.01226	0.01588	0.02117	0.04386	0.55861	0.05237	0.16373	0.01795	0.00455	0.00576	0.02232	0.00752	0.00672
33	0.01347	0.01086	0.01227	0.01207	0.01475	0.01078	0.00896	0.02112	0.15781	0.02905	0.20251	0.19126	0.24235	0.01978	0.01015	0.00302	0.00504	0.01712	0.00865	0.00899
34	0.16117	0.01664	0.01900	0.01559	0.02160	0.01702	0.01263	0.06128	0.19092	0.34591	0.03027	0.02741	0.02060	0.01060	0.00820	0.00277	0.00724	0.00832	0.00923	0.01360
35	0.01469	0.00781	0.00974	0.01016	0.01112	0.00771	0.00706	0.01531	0.01538	0.02394	0.02751	0.16446	0.02691	0.02119	0.01757	0.27994	0.00558	0.01134	0.31629	0.00630
36	0.03316	0.02443	0.02618	0.02007	0.02705	0.02705	0.01658	0.60995	0.04101	0.05497	0.02094	0.02094	0.01483	0.01047	0.00873	0.00262	0.00960	0.00785	0.00873	0.01483
37	0.41739	0.08960	0.02032	0.01590	0.02115	0.25927	0.01272	0.02911	0.01880	0.03077	0.01264	0.01474	0.01028	0.00837	0.00634	0.00245	0.01034	0.00505	0.00491	0.00986
38	0.75506	0.01687	0.01282	0.01147	0.01687	0.01957	0.00945	0.02564	0.01484	0.03914	0.01215	0.01417	0.00945	0.00810	0.00540	0.00270	0.00675	0.00472	0.00540	0.00945
39	0.01182	0.01106	0.00992	0.00976	0.01281	0.05165	0.00732	0.01404	0.02021	0.02341	0.08327	0.07931	0.59303	0.02120	0.01014	0.00290	0.00519	0.01754	0.00785	0.00755
40	0.01112	0.00885	0.01000	0.00998	0.01249	0.00774	0.00752	0.01397	0.02123	0.02716	0.25404	0.10817	0.41001	0.02111	0.01042	0.00296	0.00451	0.04251	0.00856	0.00765
41	0.06242	0.02736	0.02502	0.02010	0.02641	0.15578	0.01621	0.44150	0.06393	0.04656	0.01973	0.02014	0.01443	0.01013	0.00842	0.00256	0.01061	0.00736	0.00773	0.01360
42	0.01035	0.00869	0.00899	0.00923	0.01188	0.00733	0.00680	0.01247	0.01951	0.02341	0.08361	0.15515	0.56735	0.02271	0.01041	0.00302	0.00449	0.01916	0.00810	0.00733
43	0.01238	0.00833	0.00960	0.00991	0.00998	0.00825	0.00571	0.01260	0.01328	0.01771	0.03056	0.15127	0.03559	0.59397	0.03943	0.00772	0.00795	0.01449	0.00571	0.00555
44	0.02422	0.63505	0.04368	0.01566	0.02283	0.09494	0.01511	0.02696	0.01840	0.02060	0.01226	0.01416	0.01120	0.00761	0.00582	0.00190	0.00995	0.00476	0.00381	0.01109
45	0.02128	0.02084	0.03223	0.04525	0.48682	0.05199	0.02402	0.02557	0.01878	0.02644	0.01616	0.02288	0.01433	0.04632	0.01341	0.00307	0.10584	0.00792	0.00431	0.01256
46	0.02663	0.03110	0.02537	0.02742	0.14762	0.38668	0.01806	0.03059	0.04936	0.02332	0.01623	0.02020	0.01381	0.01636	0.09171	0.00392	0.04944	0.00682	0.00465	0.01070
47	0.01293	0.00923	0.01191	0.01232	0.01332	0.00964	0.00852	0.04372	0.01594	0.02174	0.03323	0.27207	0.03712	0.23609	0.21324	0.00807	0.01174	0.01574	0.00628	0.00715
48	0.03184	0.04015	0.02545	0.02459	0.06860	0.61505	0.01753	0.03428	0.02439	0.02183	0.01368	0.01613	0.01141	0.00891	0.00792	0.00227	0.01537	0.00576	0.00448	0.01036
49	0.02355	0.02730	0.02136	0.01972	0.02221	0.33417	0.01505	0.02557	0.02002	0.02157	0.02413	0.15787	0.05471	0.01500	0.01378	0.00294	0.17585	0.01074	0.00526	0.00920
50	0.01057	0.00885	0.00920	0.00912	0.01194	0.00748	0.00684	0.01303	0.02051	0.02505	0.15953	0.08150	0.56340	0.02154	0.01031	0.00292	0.00438	0.01807	0.00830	0.00748
51	0.01131	0.00810	0.01080	0.01215	0.01316	0.00759	0.00858	0.01366	0.01892	0.02569	0.19229	0.48984	0.06318	0.02475	0.01099	0.00338	0.00505	0.06465	0.00846	0.00744
52	0.03044	0.02859	0.03099	0.02410	0.03083	0.18596	0.13762	0.34509	0.03270	0.04092	0.01838	0.02015	0.01360	0.00946	0.00883	0.00259	0.01220	0.00779	0.00677	0.01301
53	0.01738	0.01643	0.02781	0.56251	0.16295	0.01962	0.02468	0.02308	0.01787	0.02339	0.01566	0.02296	0.01202	0.00855	0.00871	0.00285	0.01140	0.00776	0.00395	0.01042
54	0.02037	0.01968	0.03412	0.19362	0.47710	0.02049	0.05564	0.02581	0.01935	0.02706	0.01626	0.02207	0.01329	0.00797	0.00874	0.00268	0.01087	0.00790	0.00422	0.01277
55	0.01163	0.00863	0.01084	0.01083	0.01273	0.00784	0.00792	0.01488	0.02220	0.03035	0.41740	0.19599	0.17549	0.02053	0.01046	0.00294	0.00436	0.01809	0.00903	0.00784
56	0.03005	0.09165	0.02477	0.01806	0.02418	0.08734	0.01476	0.19474	0.20618	0.17688	0.02667	0.02513	0.01913	0.01049	0.00837	0.00262	0.00890	0.00810	0.00830	0.01368
57	0.02961	0.11722	0.02619	0.02038	0.02541	0.43621	0.01589	0.03624	0.13780	0.04743	0.01829	0.01924	0.01455	0.00941	0.00781	0.00235	0.01295	0.00643	0.00547	0.01113
58	0.02525	0.02045	0.02232	0.01841	0.02229	0.05184	0.01457	0.30060	0.07303	0.03743	0.02114	0.02861	0.01834	0.15132	0.01999	0.00406	0.14312	0.00885	0.00686	0.01152
59	0.05650	0.01877	0.01682	0.01517	0.01944	0.14429	0.01135	0.02472	0.09560	0.02656	0.02794	0.23482	0.02855	0.01446	0.00850	0.00249	0.00798	0.01215	0.00645	0.22743
60	0.01031	0.00884	0.00884	0.00884	0.01178	0.00736	0.00663	0.01252	0.01988	0.02356	0.08837	0.08395	0.63549	0.02209	0.01031	0.00295	0.00442	0.01841	0.00810	0.00736
61	0.02374	0.02335	0.03348	0.04741	0.52199	0.09266	0.02485	0.07387	0.02208	0.02979	0.01644	0.02088	0.01361	0.00812	0.00856	0.00255	0.01090	0.00754	0.00469	0.01348
62	0.03188	0.09134	0.02631	0.02190	0.02662	0.61117	0.01671	0.03417	0.02419	0.02129	0.01338	0.01560	0.01123	0.00887	0.00769	0.00222	0.01525	0.00555	0.00444	0.01019
63	0.01081	0.00850	0.00980	0.01049	0.01251	0.00750	0.00764	0.01308	0.01936	0.02444	0.12891	0.27715	0.36341	0.02344	0.01066	0.00317	0.00478	0.04870	0.00825	0.00740
64	0.02900	0.02042	0.02173	0.01713	0.02289	0.02239	0.01400	0.46479	0.03542	0.04945	0.02279	0.02379	0.01669	0.01040	0.00808	0.00247	0.00824	0.00792	0.18922	0.01318
65	0.01838	0.01058	0.01418	0.01383	0.01689	0.00985	0.01143	0.02216	0.02250	0.15541	0.22931	0.07293	0.09862	0.01928	0.01070	0.00327	0.00642	0.24572	0.00909	0.00944
66	0.03274	0.03680	0.02513	0.02180	0.02699	0.48263	0.01678	0.19496	0.02926	0.03071	0.01556	0.01718	0.01224	0.00940	0.00810	0.00235	0.01402	0.00624	0.00567	0.01143
67	0.02008	0.01926	0.06076	0.07716	0.45644	0.01821	0.02295	0.02533	0.01936	0.02889	0.01863	0.02361	0.01519	0.00831	0.00814	0.00251	0.00935	0.00777	0.14559	0.01246
68	0.02272	0.02088	0.03289	0.04660	0.51609	0.02144	0.02444	0.08527	0.08425	0.03189	0.01882	0.02266	0.01524	0.00845	0.00867	0.00263	0.00993	0.00800	0.00522	0.01391
69	0.07130	0.04122	0.55575	0.02606	0.08178	0.02024	0.03016	0.02742	0.01827	0.02853	0.01546	0.01835	0.01114	0.00823	0.00810	0.00274	0.01225	0.00642	0.00386	0.01271
70	0.03191	0.08923	0.02624	0.02192	0.02663	0.61318	0.01671	0.03420	0.02421	0.02129	0.01338	0.01560	0.01123	0.00888	0.00770	0.00222	0.01527	0.00555	0.00444	0.01019
71	0.02747	0.01449	0.01755	0.01484	0.02011	0.01403	0.01194	0.03645	0.18694	0.32617	0.04589	0.04455	0.14489	0.01396	0.00927	0.00288	0.00672	0.03948	0.00961	0.01275
72	0.01101	0.00874	0.01002	0.01084	0.01304	0.00774	0.00823	0.01336	0.01915	0.02368	0.07159	0.23193	0.39822	0.02369	0.01080	0.00327	0.00518	0.11402	0.00809	0.00741
73	0.01791	0.00888	0.00973	0.00920	0.01160	0.00861	0.00693	0.02172	0.01934	0.09138	0.09159	0.03675	0.02891	0.04247	0.00855	0.00247	0.00460	0.00919	0.56151	0.00866
74	0.01268	0.00846	0.00951	0.00951	0.00951	0.00846	0.00529	0.01268	0.01268	0.01691	0.02748	0.05708	0.03171	0.69345	0.04440	0.00846	0.00846	0.01268	0.00529	0.00529
75	0.02088	0.01447	0.01640	0.01536	0.01897	0.05623	0.01264	0.10010	0.02480	0.12193	0.16256	0.06459	0.08960	0.01789	0.01035	0.00318	0.00760	0.22380	0.00861	0.01006
76	0.17316	0.55907	0.03897	0.01422	0.02126	0.03145	0.01380	0.02602	0.01713	0.02433	0.01213	0.01403	0.01084	0.00759	0.00556	0.00204	0.00880	0.00468	0.00407	0.01084
77	0.03283	0.03416	0.02535	0.02143	0.02700	0.38537	0.01674	0.28356	0.03177	0.03589	0.01671	0.01798	0.01279	0.00963	0.00824	0.00241	0.01308	0.00658	0.00632	0.01215
78	0.02213	0.01599	0.01849	0.01661	0.02056	0.01715	0.01346	0.28719	0.02860	0.03858	0.03314	0.17626	0.03291	0.01963	0.03837	0.00362	0.00862	0.15230	0.04544	0.01094
79	0.02456	0.48614	0.03926	0.01739	0.02333	0.15349	0.01582	0.02714	0.01852	0.02074	0.01230	0.01497	0.01123	0.00875	0.00895	0.00219	0.09531	0.00522	0.00389	0.01078
80	0.02639	0.16697	0.02944	0.02056	0.02467	0.25888	0.01689	0.08552	0.05437	0.02516	0.01456	0.01773	0.01248	0.01072	0.01332	0.00268	0.19759	0.00643	0.00480	0.01083
81	0.01073	0.00797	0.01006	0.01167	0.01275	0.00729	0.00810	0.01252	0.01752	0.02272	0.05617	0.53541	0.17478	0.02610	0.01101	0.00344	0.00508	0.05139	0.00809	0.00719
82	0.01282	0.00979	0.01435	0.01415	0.01552	0.01155	0.01092	0.01565	0.01389	0.02005	0.02304	0.03513	0.02199	0.10836	0.58154	0.01308	0.05630	0.00950	0.00467	0.00770
83	0.01134	0.00838	0.01003	0.01053	0.01190	0.00769	0.00721	0.01333	0.01853	0.02444	0.18765	0.27074	0.20311	0.15462	0.01726	0.00418	0.00535	0.01876	0.00789	0.00706
84	0.01094	0.00860	0.00989	0.01011	0.01231	0.00755	0.00737	0.01354	0.02057	0.02648	0.23216	0.20236	0.36315	0.02198	0.01047	0.00301	0.00447	0.01898	0.00852	0.00755
85	0.01926	0.01999	0.02019	0.01857	0.02042	0.17472	0.01465	0.02182	0.01647	0.02073	0.01761	0.02548	0.01632	0.03756	0.32313	0.00828	0.20361	0.00795	0.00439	0.00885
86	0.01075	0.00769	0.01023	0.01206	0.01268	0.00717	0.00811	0.01246	0.01728	0.02319	0.09060	0.64260	0.05948	0.02664	0.01107	0.00348	0.00499	0.02414	0.00821	0.00717
87	0.02905	0.17302	0.03061	0.02557	0.11743	0.43543	0.01794	0.03184	0.02256	0.02225	0.01364	0.01625	0.01161	0.00849	0.00752	0.00222	0.01362	0.00574	0.00431	0.01089
88	0.09035	0.02737	0.14843	0.13854	0.03124	0.17499	0.01857	0.06478	0.02129	0.02722	0.02985	0.03169	0.13781	0.01147	0.00843	0.00268	0.01084	0.00884	0.00532	0.01031
89	0.02060	0.02160	0.02175	0.19954	0.08124	0.17480	0.01698	0.02842	0.13776	0.02558	0.03389	0.03550	0.14238	0.01205	0.00886	0.00274	0.01014	0.00982	0.00590	0.01045
90	0.02755	0.02915	0.02160	0.01882	0.02344	0.33696	0.01451	0.17687	0.02841	0.03219	0.11537	0.03105	0.08323	0.01196	0.00868	0.00248	0.01133	0.00894	0.00669	0.01077
91	0.01819	0.05557	0.01681	0.01485	0.01802	0.19014	0.01165	0.02097	0.02113	0.02418	0.11115	0.08454	0.20520	0.02069	0.05381	0.00362	0.00969	0.10444	0.00679	0.00856
92	0.01899	0.01828	0.01797	0.01606	0.01920	0.16962	0.07081	0.02208	0.01984	0.02587	0.07331	0.18052	0.03145	0.06038	0.01105	0.00298	0.00868	0.01227	0.17369	0.04698
93	0.02120	0.02033	0.03471	0.10042	0.59518	0.02062	0.02658	0.02643	0.01968	0.02803	0.01634	0.02172	0.01365	0.00784	0.00864	0.00261	0.01046	0.00777	0.00428	0.01350
94	0.34464	0.02764	0.25497	0.04938	0.02744	0.01977	0.01927	0.06998	0.01884	0.03493	0.04826	0.01952	0.01454	0.00891	0.00717	0.00273	0.00938	0.00636	0.00516	0.01110
95	0.02080	0.02581	0.15003	0.11896	0.07224	0.12455	0.01960	0.10954	0.02227	0.02831	0.02572	0.06093	0.07649	0.01775	0.08495	0.00404	0.01253	0.00922	0.00540	0.01087
96	0.02467	0.02869	0.02459	0.02175	0.02401	0.31478	0.01722	0.02676	0.01901	0.02133	0.01761	0.02196	0.05380	0.01286	0.01787	0.00304	0.32856	0.00744	0.00442	0.00966
97	0.02078	0.15921	0.02631	0.02419	0.17077	0.14337	0.01502	0.02318	0.01813	0.02177	0.02044	0.07923	0.02108	0.20034	0.01801	0.00408	0.01026	0.00937	0.00479	0.00967
98	0.02654	0.03227	0.02215	0.02129	0.05463	0.44940	0.01542	0.02890	0.02270	0.02214	0.02883	0.03023	0.13921	0.01204	0.00983	0.00252	0.05856	0.00848	0.00518	0.00970
99	0.01514	0.01422	0.01357	0.01339	0.01551	0.10825	0.01000	0.01770	0.02048	0.02549	0.19315	0.18066	0.18384	0.05630	0.01302	0.00333	0.04169	0.05872	0.00754	0.00799
100	0.04398	0.01430	0.01472	0.06604	0.01902	0.05676	0.01051	0.11348	0.02166	0.02926	0.06869	0.04876	0.14832	0.17011	0.01695	0.00402	0.00773	0.03760	0.09937	0.00872

[dist]
# distance from previous block
# <min> <max>
14	32

[block]
# block no. 4 follows, 20 sequences, length 7
# corresponding to MSA columns:
# 309-315
name=unknown_E
#
# <colnr> <probs for GDERKNQSTAVLIFYWHMCP>
#	G	D	E	R	K	N	Q	S	T	A	V	L	I	F	Y	W	H	M	C	P
0	0.02136	0.40856	0.09794	0.01534	0.02213	0.02661	0.01507	0.09192	0.02039	0.02538	0.02442	0.02763	0.09225	0.06580	0.01001	0.00272	0.00904	0.00762	0.00499	0.01083
1	0.08284	0.14753	0.17813	0.07453	0.13328	0.12882	0.02165	0.05668	0.04931	0.02777	0.01571	0.01855	0.01241	0.00846	0.00765	0.00250	0.01127	0.00641	0.00458	0.01191
2	0.05852	0.02167	0.13800	0.02755	0.16841	0.01732	0.09335	0.02614	0.10099	0.02956	0.08633	0.10125	0.06857	0.01239	0.00917	0.00286	0.00913	0.01126	0.00606	0.01146
3	0.10628	0.01793	0.01847	0.01652	0.01963	0.08310	0.01288	0.11378	0.04719	0.03114	0.08123	0.19248	0.03069	0.01572	0.01256	0.00300	0.13093	0.01218	0.00674	0.04756
4	0.06440	0.01111	0.01264	0.01209	0.01471	0.01162	0.00907	0.02048	0.11853	0.02761	0.16384	0.05335	0.18142	0.10632	0.14876	0.00584	0.00935	0.01296	0.00730	0.00859
5	0.01822	0.15188	0.02591	0.01700	0.02102	0.01853	0.09166	0.08844	0.01853	0.02469	0.02094	0.03214	0.01985	0.17646	0.22928	0.00752	0.01450	0.00908	0.00506	0.00929
6	0.01155	0.00815	0.00968	0.01050	0.01108	0.00776	0.00660	0.01244	0.01523	0.01994	0.04357	0.31738	0.11867	0.33719	0.02654	0.00576	0.00656	0.01834	0.00679	0.00628

[dist]
# distance from previous block
# <min> <max>
1	13

[block]
# block no. 5 follows, 20 sequences, length 43
# corresponding to MSA columns:
# 329-371
name=unknown_F
#
# <colnr> <probs for GDERKNQSTAVLIFYWHMCP>
#	G	D	E	R	K	N	Q	S	T	A	V	L	I	F	Y	W	H	M	C	P
0	0.02136	0.19083	0.11581	0.03874	0.37771	0.02438	0.02414	0.02641	0.01881	0.02602	0.01499	0.01918	0.01269	0.00816	0.00890	0.00250	0.04564	0.00683	0.00407	0.01283
1	0.02017	0.02848	0.21774	0.04132	0.32718	0.02090	0.16199	0.02729	0.01961	0.02811	0.01647	0.02111	0.01288	0.00783	0.00892	0.00272	0.01210	0.00797	0.00415	0.01307
2	0.01928	0.05425	0.03281	0.08053	0.33309	0.01957	0.11137	0.02376	0.01846	0.02563	0.01994	0.08633	0.01892	0.06834	0.01306	0.00328	0.04522	0.00999	0.00468	0.01152
3	0.01377	0.01060	0.01522	0.01632	0.05098	0.01188	0.01203	0.01688	0.01574	0.02233	0.02990	0.04682	0.05925	0.08456	0.37048	0.00953	0.06035	0.10141	0.04383	0.00813
4	0.02369	0.01349	0.02054	0.01934	0.07311	0.01265	0.06764	0.02709	0.02024	0.25048	0.03521	0.08094	0.06838	0.09287	0.08307	0.00477	0.00990	0.07791	0.00774	0.01094
5	0.02634	0.06663	0.02646	0.10031	0.06457	0.37624	0.01830	0.02919	0.02079	0.02172	0.01392	0.01828	0.01194	0.01244	0.04099	0.00313	0.12789	0.00646	0.00426	0.01013
6	0.01128	0.00806	0.01084	0.01271	0.01354	0.00762	0.00906	0.01334	0.01770	0.02360	0.08104	0.55784	0.05789	0.02627	0.01123	0.00357	0.00548	0.11345	0.00817	0.00730
7	0.02936	0.03361	0.02332	0.02090	0.02569	0.42628	0.01592	0.07619	0.20489	0.02810	0.02056	0.02111	0.01608	0.00994	0.00822	0.00248	0.01268	0.00704	0.00608	0.01153
8	0.02433	0.02785	0.06919	0.04338	0.43677	0.19393	0.02440	0.02901	0.02109	0.02650	0.01557	0.01981	0.01295	0.00813	0.00841	0.00251	0.01197	0.00711	0.00433	0.01276
9	0.02214	0.02259	0.03228	0.16213	0.45074	0.10673	0.02497	0.02704	0.02008	0.02640	0.01585	0.02110	0.01307	0.00811	0.00855	0.00260	0.01132	0.00748	0.00426	0.01256
10	0.01861	0.03849	0.48177	0.03265	0.20110	0.02038	0.03075	0.02739	0.01881	0.02786	0.01586	0.01928	0.01180	0.00815	0.00838	0.00272	0.01220	0.00681	0.00386	0.01314
11	0.02184	0.13402	0.11370	0.03999	0.35716	0.05776	0.09919	0.02736	0.01970	0.02665	0.01563	0.01991	0.01284	0.00780	0.00828	0.00252	0.01135	0.00732	0.00417	0.01282
12	0.02350	0.02335	0.01920	0.01812	0.04583	0.22369	0.01329	0.10216	0.10185	0.05230	0.04103	0.08236	0.18867	0.01437	0.00906	0.00269	0.00947	0.01143	0.00706	0.01057
13	0.01133	0.00867	0.00913	0.00913	0.01081	0.00783	0.00605	0.01259	0.01679	0.02071	0.06224	0.07242	0.37640	0.31018	0.02494	0.00531	0.00615	0.01595	0.00689	0.00647
14	0.01487	0.01068	0.01229	0.01140	0.01456	0.01008	0.00871	0.02098	0.10479	0.07737	0.28828	0.06548	0.29100	0.01817	0.00999	0.00285	0.00487	0.01548	0.00899	0.00915
15	0.02594	0.09444	0.06779	0.03118	0.14507	0.29188	0.16519	0.03045	0.02182	0.02455	0.01504	0.01872	0.01219	0.00818	0.00842	0.00247	0.01374	0.00713	0.00433	0.01145
16	0.06757	0.01620	0.04433	0.01534	0.02129	0.01440	0.01296	0.11233	0.02631	0.37857	0.15967	0.03489	0.03269	0.01203	0.00890	0.00270	0.00719	0.00986	0.00970	0.01307
17	0.01204	0.00856	0.00933	0.00933	0.01013	0.00816	0.00565	0.01264	0.01464	0.01872	0.04402	0.06438	0.19574	0.51107	0.03514	0.00696	0.00736	0.01424	0.00605	0.00585
18	0.01080	0.00837	0.00968	0.01034	0.01212	0.00743	0.00728	0.01286	0.01887	0.02406	0.13462	0.30066	0.32454	0.06205	0.01257	0.00346	0.00485	0.02010	0.00811	0.00724
19	0.02082	0.01701	0.02167	0.01859	0.02107	0.02102	0.01518	0.17939	0.02140	0.03079	0.01859	0.02485	0.01607	0.02797	0.20206	0.00629	0.26310	0.00822	0.05554	0.01038
20	0.03059	0.18281	0.02923	0.02085	0.02598	0.52433	0.01644	0.03296	0.02322	0.02117	0.01319	0.01536	0.01123	0.00866	0.00738	0.00217	0.01435	0.00541	0.00433	0.01034
21	0.02568	0.03786	0.23193	0.02869	0.14068	0.29202	0.02368	0.06892	0.02284	0.02692	0.01522	0.01801	0.01188	0.00864	0.00820	0.00250	0.01343	0.00643	0.00447	0.01200
22	0.01031	0.00884	0.00884	0.00884	0.01178	0.00736	0.00663	0.01252	0.01988	0.02356	0.08837	0.08395	0.63549	0.02209	0.01031	0.00295	0.00442	0.01841	0.00810	0.00736
23	0.01783	0.01337	0.01524	0.01392	0.01732	0.01368	0.01099	0.17013	0.04989	0.03412	0.15236	0.10253	0.17807	0.06419	0.01249	0.00341	0.00671	0.10573	0.00836	0.00966
24	0.02490	0.02255	0.02848	0.09310	0.25984	0.08450	0.02077	0.18303	0.06136	0.03440	0.01851	0.02190	0.01456	0.00954	0.00987	0.00268	0.05567	0.00771	0.03379	0.01284
25	0.01246	0.00935	0.01402	0.01402	0.01558	0.01090	0.01090	0.01558	0.01402	0.02025	0.02336	0.03427	0.02181	0.06542	0.65888	0.01402	0.02336	0.00935	0.00467	0.00779
26	0.03042	0.03801	0.02476	0.02358	0.05809	0.56628	0.01709	0.03281	0.02368	0.02179	0.01647	0.01889	0.03586	0.00977	0.00910	0.00238	0.04994	0.00634	0.00459	0.01017
27	0.01092	0.00886	0.00968	0.00948	0.01216	0.00762	0.00711	0.01370	0.02132	0.02698	0.25176	0.07832	0.46997	0.02082	0.01030	0.00289	0.00433	0.01762	0.00855	0.00762
28	0.02355	0.02444	0.03350	0.04801	0.53010	0.13422	0.02501	0.02821	0.02073	0.02723	0.01589	0.02055	0.01336	0.00799	0.00850	0.00253	0.01132	0.00739	0.00435	0.01316
29	0.02526	0.02915	0.02288	0.08482	0.07746	0.38196	0.01666	0.02786	0.02076	0.02142	0.01586	0.02108	0.01370	0.02072	0.13032	0.05356	0.01577	0.00682	0.00441	0.00953
30	0.01063	0.00759	0.01012	0.01215	0.01265	0.00709	0.00810	0.01215	0.01670	0.02227	0.04808	0.68775	0.05769	0.02733	0.01113	0.00354	0.00506	0.02480	0.00810	0.00709
31	0.02963	0.03537	0.02336	0.02119	0.02580	0.48545	0.01603	0.03796	0.18732	0.02546	0.01947	0.02030	0.01542	0.00976	0.00814	0.00244	0.01333	0.00677	0.00568	0.01112
32	0.02280	0.01905	0.01654	0.01482	0.01871	0.12997	0.01145	0.10533	0.18669	0.03448	0.02675	0.02806	0.02058	0.01045	0.00750	0.00240	0.00762	0.00812	0.31782	0.01088
33	0.01626	0.00915	0.00954	0.00919	0.01096	0.00931	0.00648	0.05211	0.01807	0.02957	0.02776	0.03853	0.02447	0.19580	0.01665	0.00381	0.00558	0.00935	0.49967	0.00774
34	0.01307	0.00869	0.01023	0.00985	0.01205	0.00806	0.00739	0.01686	0.02216	0.03242	0.37932	0.05941	0.15769	0.01645	0.00915	0.00258	0.00415	0.01413	0.20828	0.00806
35	0.01031	0.00884	0.00884	0.00884	0.01178	0.00736	0.00663	0.01252	0.01988	0.02356	0.08837	0.08395	0.63549	0.02209	0.01031	0.00295	0.00442	0.01841	0.00810	0.00736
36	0.03258	0.04157	0.02472	0.02247	0.02697	0.65843	0.01685	0.03483	0.02472	0.02135	0.01348	0.01573	0.01124	0.00899	0.00787	0.00225	0.01573	0.00562	0.00449	0.01011
37	0.01809	0.01550	0.01809	0.01292	0.02067	0.01163	0.01034	0.02196	0.01809	0.02842	0.01550	0.01809	0.01292	0.00646	0.00646	0.00129	0.00646	0.00517	0.00517	0.74677
38	0.01495	0.01263	0.01557	0.01489	0.01625	0.05530	0.01143	0.01750	0.01471	0.02070	0.02188	0.03376	0.02098	0.13185	0.41283	0.01043	0.11027	0.00922	0.04695	0.00788
39	0.01262	0.00873	0.01092	0.01092	0.01141	0.00922	0.00704	0.01359	0.01310	0.01795	0.02620	0.04996	0.02862	0.49734	0.23628	0.01019	0.01311	0.01164	0.00509	0.00607
40	0.02561	0.48431	0.03900	0.01740	0.02366	0.20359	0.01567	0.02822	0.01939	0.02077	0.01246	0.01473	0.01122	0.00829	0.00743	0.00207	0.04633	0.00508	0.00394	0.01081
41	0.02853	0.03345	0.02592	0.02411	0.05929	0.41724	0.01795	0.06988	0.02262	0.02393	0.01362	0.01727	0.01168	0.01065	0.01334	0.00270	0.18633	0.00641	0.00460	0.01049
42	0.01906	0.01951	0.02078	0.02027	0.05317	0.15693	0.01517	0.02178	0.01650	0.02112	0.01775	0.02561	0.01639	0.03704	0.31891	0.00820	0.19034	0.00800	0.00439	0.00907

[dist]
# distance from previous block
# <min> <max>
0	2

[block]
# block no. 6 follows, 20 sequences, length 73
# corresponding to MSA columns:
# 374-446
name=unknown_G
#
# <colnr> <probs for GDERKNQSTAVLIFYWHMCP>
#	G	D	E	R	K	N	Q	S	T	A	V	L	I	F	Y	W	H	M	C	P
0	0.02270	0.06385	0.12622	0.02638	0.03210	0.17639	0.17685	0.02741	0.01898	0.02389	0.01425	0.01911	0.01180	0.01022	0.01458	0.00295	0.20983	0.00753	0.00411	0.01085
1	0.03275	0.03669	0.02513	0.02179	0.02699	0.47847	0.01678	0.19875	0.02936	0.03093	0.01561	0.01722	0.01226	0.00941	0.00811	0.00235	0.01398	0.00626	0.00570	0.01146
2	0.03258	0.04157	0.02472	0.02247	0.02697	0.65843	0.01685	0.03483	0.02472	0.02135	0.01348	0.01573	0.01124	0.00899	0.00787	0.00225	0.01573	0.00562	0.00449	0.01011
3	0.03274	0.03701	0.02511	0.02183	0.02699	0.49040	0.01678	0.18789	0.02906	0.03030	0.01547	0.01712	0.01219	0.00938	0.00809	0.00235	0.01410	0.00621	0.00562	0.01137
4	0.01066	0.00865	0.00950	0.00996	0.01233	0.00748	0.00737	0.01293	0.01952	0.02404	0.10762	0.20393	0.46223	0.02300	0.01056	0.00311	0.00471	0.04685	0.00818	0.00739
5	0.01626	0.00813	0.00813	0.00813	0.01016	0.00813	0.00610	0.02033	0.01829	0.03252	0.02846	0.03252	0.02236	0.01016	0.00610	0.00203	0.00407	0.00813	0.74187	0.00813
6	0.01218	0.00950	0.01113	0.01061	0.01317	0.00875	0.00799	0.01688	0.06012	0.03090	0.39765	0.07000	0.28103	0.01902	0.01021	0.00283	0.00440	0.01637	0.00901	0.00826
7	0.01063	0.00759	0.01012	0.01215	0.01265	0.00709	0.00810	0.01215	0.01670	0.02227	0.04808	0.68775	0.05769	0.02733	0.01113	0.00354	0.00506	0.02480	0.00810	0.00709
8	0.02665	0.02120	0.02251	0.01875	0.02457	0.02401	0.01500	0.28980	0.37177	0.04447	0.02921	0.02753	0.02153	0.01125	0.00881	0.00281	0.00807	0.00899	0.00881	0.01425
9	0.03356	0.02768	0.02529	0.02023	0.02660	0.17717	0.01631	0.42076	0.03566	0.10024	0.02037	0.02048	0.01458	0.01015	0.00852	0.00254	0.01087	0.00740	0.00790	0.01370
10	0.02979	0.03666	0.05623	0.02842	0.14543	0.46627	0.01947	0.06866	0.02450	0.02511	0.01461	0.01731	0.01195	0.00881	0.00809	0.00236	0.01418	0.00621	0.00469	0.01125
11	0.02161	0.02033	0.03228	0.04641	0.51625	0.02092	0.02419	0.03067	0.14007	0.03009	0.02021	0.02377	0.01637	0.00858	0.00868	0.00266	0.00967	0.00819	0.00523	0.01381
12	0.01639	0.01303	0.01387	0.01281	0.01668	0.01332	0.00986	0.02758	0.25692	0.06165	0.09790	0.05984	0.33144	0.01723	0.00967	0.00293	0.00553	0.01440	0.00864	0.01033
13	0.01235	0.00892	0.01166	0.01097	0.01303	0.00823	0.00823	0.01646	0.02469	0.03498	0.63443	0.06516	0.08230	0.01783	0.01029	0.00274	0.00412	0.01578	0.00960	0.00823
14	0.03316	0.02443	0.02618	0.02007	0.02705	0.02705	0.01658	0.60995	0.04101	0.05497	0.02094	0.02094	0.01483	0.01047	0.00873	0.00262	0.00960	0.00785	0.00873	0.01483
15	0.01103	0.00868	0.00996	0.01002	0.01232	0.00761	0.00737	0.01378	0.02103	0.02718	0.26445	0.16438	0.36829	0.02142	0.01042	0.00296	0.00441	0.01845	0.00860	0.00761
16	0.01076	0.00804	0.01005	0.01159	0.01277	0.00733	0.00811	0.01259	0.01767	0.02281	0.05762	0.50728	0.19579	0.02588	0.01099	0.00343	0.00509	0.05690	0.00809	0.00721
17	0.02021	0.02157	0.02015	0.01861	0.02075	0.21718	0.01456	0.02279	0.01723	0.02076	0.01766	0.02514	0.01623	0.03678	0.31718	0.00810	0.16398	0.00780	0.00443	0.00890
