[name]
unknown

[dist]
# distance from previous block
# <min> <max>
3	8

[block]
# block no. 0 follows, 22 sequences, length 194
# corresponding to MSA columns:
# 8-201
name=unknown_A
#
# <colnr> <probs for GDERKNQSTAVLIFYWHMCP>
#	G	D	E	R	K	N	Q	S	T	A	V	L	I	F	Y	W	H	M	C	P
0	0.01996	0.01899	0.03232	0.04840	0.61204	0.01909	0.02445	0.02476	0.01853	0.02660	0.01608	0.02139	0.01368	0.01118	0.05417	0.00322	0.01072	0.00751	0.00414	0.01276
1	0.01893	0.02144	0.04622	0.03318	0.04120	0.02004	0.58336	0.02560	0.01956	0.02632	0.02145	0.02637	0.05671	0.00797	0.00980	0.00280	0.01333	0.01034	0.00444	0.01092
2	0.01309	0.01063	0.01196	0.01121	0.01333	0.05378	0.00840	0.01688	0.02352	0.03242	0.60782	0.05881	0.07372	0.01640	0.00964	0.00258	0.00468	0.01436	0.00881	0.00796
3	0.01113	0.00893	0.01016	0.00985	0.01237	0.00818	0.00743	0.01493	0.04989	0.02648	0.26901	0.06831	0.38545	0.02205	0.05558	0.00347	0.00547	0.01570	0.00801	0.00761
4	0.03158	0.02327	0.02493	0.01911	0.02576	0.02576	0.01579	0.62852	0.03906	0.05236	0.01995	0.01995	0.01413	0.00997	0.00831	0.00249	0.00914	0.00748	0.00831	0.01413
5	0.03606	0.01471	0.02133	0.01617	0.02274	0.01282	0.05450	0.03953	0.02349	0.61821	0.03167	0.02787	0.02002	0.01006	0.00845	0.00259	0.00755	0.00845	0.00986	0.01394
6	0.02210	0.66528	0.04286	0.01675	0.06506	0.03197	0.01499	0.02492	0.01702	0.02007	0.01183	0.01382	0.01083	0.00713	0.00553	0.00182	0.00895	0.00465	0.00359	0.01083
7	0.02059	0.01816	0.02087	0.01815	0.02311	0.02069	0.05537	0.04294	0.59839	0.03419	0.03264	0.03040	0.02448	0.01098	0.00855	0.00282	0.00709	0.00942	0.00816	0.01302
8	0.01212	0.00882	0.01296	0.01296	0.01448	0.01020	0.01007	0.01515	0.01363	0.02009	0.02259	0.03252	0.02080	0.05868	0.62901	0.01256	0.02099	0.00882	0.05610	0.00744
9	0.01094	0.00846	0.00998	0.00960	0.01191	0.00749	0.00720	0.01410	0.02159	0.02875	0.41358	0.06957	0.31949	0.01869	0.00981	0.00269	0.00404	0.01608	0.00854	0.00749
10	0.01160	0.00833	0.01069	0.01209	0.01299	0.00806	0.00827	0.05407	0.01750	0.02335	0.04401	0.65559	0.05213	0.02492	0.01045	0.00331	0.00512	0.02251	0.00775	0.00726
11	0.01900	0.01145	0.01343	0.01229	0.01575	0.01101	0.00929	0.02531	0.14113	0.18369	0.05044	0.16990	0.21957	0.06468	0.01157	0.00322	0.00576	0.01439	0.00831	0.00981
12	0.71505	0.01792	0.05718	0.01180	0.01744	0.01868	0.01049	0.02455	0.01437	0.03652	0.01180	0.01377	0.00910	0.00772	0.00533	0.00257	0.00683	0.00461	0.00503	0.00922
13	0.03173	0.01378	0.01824	0.01411	0.02030	0.01163	0.01147	0.03490	0.02203	0.50139	0.03037	0.07270	0.02142	0.01061	0.00811	0.00238	0.00675	0.00878	0.00912	0.15021
14	0.02003	0.01906	0.03236	0.04855	0.61745	0.01902	0.02443	0.02490	0.01919	0.02751	0.05394	0.02306	0.01709	0.00798	0.00832	0.00248	0.00951	0.00786	0.00442	0.01284
15	0.02056	0.01974	0.03372	0.05099	0.65622	0.01974	0.02550	0.02550	0.01892	0.02714	0.01563	0.02056	0.01316	0.00740	0.00822	0.00247	0.00987	0.00740	0.00411	0.01316
16	0.53496	0.06186	0.01625	0.01321	0.01806	0.13925	0.01070	0.02539	0.01597	0.03186	0.01254	0.01508	0.01022	0.01159	0.05174	0.00319	0.00923	0.00495	0.00484	0.00910
17	0.76672	0.01607	0.01221	0.01092	0.01607	0.01864	0.00900	0.02442	0.01414	0.03727	0.01157	0.01350	0.00900	0.00771	0.00514	0.00257	0.00643	0.00450	0.00514	0.00900
18	0.01093	0.00846	0.00996	0.00959	0.01190	0.00749	0.00719	0.01408	0.02157	0.02869	0.41024	0.06967	0.32287	0.01871	0.00981	0.00269	0.00404	0.01609	0.00854	0.00749
19	0.03482	0.01585	0.02011	0.01551	0.02177	0.01494	0.01278	0.16685	0.02708	0.49964	0.05963	0.02809	0.02194	0.01054	0.00841	0.00256	0.00737	0.00848	0.00980	0.01383
20	0.01961	0.02241	0.04902	0.03501	0.04342	0.02101	0.62605	0.02661	0.01961	0.02661	0.01681	0.02241	0.01261	0.00700	0.00980	0.00280	0.01401	0.00980	0.00420	0.01120
21	0.01666	0.04297	0.66500	0.02368	0.03596	0.01929	0.03069	0.02631	0.01754	0.02631	0.01491	0.01754	0.01052	0.00789	0.00789	0.00263	0.01228	0.00614	0.00351	0.01228
22	0.01569	0.01477	0.02492	0.68808	0.05722	0.01846	0.02307	0.02123	0.01661	0.02123	0.01477	0.02215	0.01107	0.00831	0.00831	0.00277	0.01107	0.00738	0.00369	0.00923
23	0.01961	0.02241	0.04902	0.03501	0.04342	0.02101	0.62605	0.02661	0.01961	0.02661	0.01681	0.02241	0.01261	0.00700	0.00980	0.00280	0.01401	0.00980	0.00420	0.01120
24	0.01072	0.00845	0.00966	0.00936	0.01177	0.00739	0.00702	0.01366	0.02105	0.02747	0.34678	0.07167	0.38709	0.01916	0.00981	0.00272	0.00407	0.01637	0.00838	0.00739
25	0.03146	0.02681	0.02463	0.01961	0.02575	0.16652	0.01585	0.49938	0.03569	0.04541	0.01840	0.01887	0.01338	0.00967	0.00813	0.00242	0.01041	0.00702	0.00744	0.01315
26	0.01012	0.00723	0.00964	0.01157	0.01205	0.00675	0.00771	0.01157	0.01591	0.02121	0.04579	0.70262	0.05495	0.02603	0.01060	0.00337	0.00482	0.02362	0.00771	0.00675
27	0.03727	0.01414	0.01928	0.01478	0.02121	0.01221	0.01221	0.04049	0.02378	0.66198	0.03277	0.02828	0.02056	0.01028	0.00835	0.00257	0.00707	0.00835	0.01028	0.01414
28	0.01544	0.00772	0.00789	0.00789	0.00973	0.00772	0.00587	0.01895	0.01710	0.03018	0.02649	0.03070	0.02096	0.01060	0.00709	0.03830	0.00403	0.00772	0.71808	0.00754
29	0.00988	0.00816	0.00868	0.00910	0.01140	0.00696	0.00662	0.01185	0.01828	0.02217	0.07583	0.21502	0.52316	0.02212	0.00999	0.00293	0.00434	0.01885	0.00771	0.00696
30	0.02030	0.02344	0.04749	0.03419	0.04235	0.06037	0.58932	0.02701	0.01984	0.02623	0.01657	0.02196	0.01249	0.00710	0.00966	0.00276	0.01406	0.00954	0.00421	0.01111
31	0.01571	0.00818	0.00822	0.00814	0.01019	0.00830	0.00612	0.02042	0.04424	0.03113	0.02739	0.03097	0.02147	0.00975	0.00592	0.00197	0.00399	0.00781	0.72210	0.00798
32	0.01789	0.01516	0.01758	0.01262	0.01997	0.01175	0.01012	0.04881	0.01823	0.02823	0.01500	0.01735	0.01239	0.00633	0.00625	0.00129	0.00629	0.00504	0.00508	0.72465
33	0.01763	0.01674	0.02842	0.43463	0.29551	0.01897	0.02404	0.02292	0.01753	0.02358	0.01511	0.02152	0.01190	0.00795	0.00827	0.00265	0.01059	0.00739	0.00386	0.01079
34	0.01012	0.00723	0.00964	0.01157	0.01205	0.00675	0.00771	0.01157	0.01591	0.02121	0.04579	0.70262	0.05495	0.02603	0.01060	0.00337	0.00482	0.02362	0.00771	0.00675
35	0.01203	0.00827	0.01014	0.01014	0.01052	0.00864	0.00638	0.01278	0.01240	0.01691	0.02519	0.04888	0.02782	0.54513	0.20194	0.00939	0.01164	0.01128	0.00489	0.00564
36	0.01298	0.00929	0.01281	0.01408	0.01600	0.00913	0.01199	0.01682	0.02023	0.02699	0.19734	0.08572	0.05552	0.02144	0.01105	0.00352	0.00671	0.45264	0.00803	0.00770
37	0.02056	0.01974	0.03372	0.05099	0.65622	0.01974	0.02550	0.02550	0.01892	0.02714	0.01563	0.02056	0.01316	0.00740	0.00822	0.00247	0.00987	0.00740	0.00411	0.01316
38	0.03155	0.02403	0.02487	0.01922	0.02576	0.05588	0.01580	0.60089	0.03834	0.05087	0.01962	0.01971	0.01397	0.00991	0.00827	0.00248	0.00941	0.00738	0.00812	0.01392
39	0.01961	0.02241	0.04902	0.03501	0.04342	0.02101	0.62605	0.02661	0.01961	0.02661	0.01681	0.02241	0.01261	0.00700	0.00980	0.00280	0.01401	0.00980	0.00420	0.01120
40	0.02845	0.03312	0.02243	0.02013	0.02466	0.47061	0.01530	0.07179	0.18031	0.02590	0.01856	0.01932	0.01461	0.00933	0.00778	0.00233	0.01251	0.00650	0.00558	0.01079
41	0.01970	0.01397	0.01610	0.01395	0.01781	0.01459	0.01091	0.15005	0.16017	0.08794	0.28169	0.07406	0.07531	0.01436	0.00912	0.00267	0.00589	0.01221	0.00878	0.01072
42	0.01666	0.04297	0.66500	0.02368	0.03596	0.01929	0.03069	0.02631	0.01754	0.02631	0.01491	0.01754	0.01052	0.00789	0.00789	0.00263	0.01228	0.00614	0.00351	0.01228
43	0.02056	0.01974	0.03372	0.05099	0.65622	0.01974	0.02550	0.02550	0.01892	0.02714	0.01563	0.02056	0.01316	0.00740	0.00822	0.00247	0.00987	0.00740	0.00411	0.01316
44	0.02811	0.03042	0.02145	0.01885	0.02322	0.42342	0.01443	0.12852	0.02610	0.05728	0.12420	0.02446	0.02329	0.01031	0.00806	0.00230	0.01177	0.00749	0.00605	0.01027
45	0.01666	0.04297	0.66500	0.02368	0.03596	0.01929	0.03069	0.02631	0.01754	0.02631	0.01491	0.01754	0.01052	0.00789	0.00789	0.00263	0.01228	0.00614	0.00351	0.01228
46	0.01692	0.07373	0.63647	0.02324	0.03528	0.01992	0.02994	0.02624	0.01751	0.02600	0.01475	0.01735	0.01053	0.00786	0.00778	0.00259	0.01212	0.00606	0.00351	0.01220
47	0.01823	0.01473	0.01733	0.01243	0.01976	0.01113	0.00996	0.02190	0.01755	0.05879	0.01567	0.01778	0.01272	0.00636	0.00626	0.00130	0.00620	0.00509	0.00519	0.72162
48	0.01174	0.00791	0.00916	0.00949	0.00958	0.00783	0.00550	0.01199	0.01274	0.01699	0.02957	0.16656	0.03448	0.59000	0.03680	0.00724	0.00749	0.01408	0.00550	0.00533
49	0.03727	0.01414	0.01928	0.01478	0.02121	0.01221	0.01221	0.04049	0.02378	0.66198	0.03277	0.02828	0.02056	0.01028	0.00835	0.00257	0.00707	0.00835	0.01028	0.01414
50	0.01443	0.00722	0.01082	0.01082	0.01082	0.00722	0.00722	0.01082	0.01082	0.01443	0.01443	0.02525	0.01443	0.02886	0.03247	0.75830	0.00722	0.00722	0.00361	0.00361
51	0.01666	0.04297	0.66500	0.02368	0.03596	0.01929	0.03069	0.02631	0.01754	0.02631	0.01491	0.01754	0.01052	0.00789	0.00789	0.00263	0.01228	0.00614	0.00351	0.01228
52	0.03158	0.02327	0.02493	0.01911	0.02576	0.02576	0.01579	0.62852	0.03906	0.05236	0.01995	0.01995	0.01413	0.00997	0.00831	0.00249	0.00914	0.00748	0.00831	0.01413
53	0.01569	0.01477	0.02492	0.68808	0.05722	0.01846	0.02307	0.02123	0.01661	0.02123	0.01477	0.02215	0.01107	0.00831	0.00831	0.00277	0.01107	0.00738	0.00369	0.00923
54	0.01666	0.04297	0.66500	0.02368	0.03596	0.01929	0.03069	0.02631	0.01754	0.02631	0.01491	0.01754	0.01052	0.00789	0.00789	0.00263	0.01228	0.00614	0.00351	0.01228
55	0.01157	0.00792	0.00958	0.01007	0.01032	0.00793	0.00618	0.01219	0.01316	0.01767	0.03078	0.21600	0.03561	0.47916	0.08997	0.00734	0.00849	0.01471	0.00566	0.00568
56	0.00990	0.00842	0.00853	0.00850	0.01127	0.00705	0.00638	0.01208	0.01913	0.02290	0.10818	0.07919	0.62854	0.02087	0.00982	0.00280	0.00420	0.01743	0.00777	0.00705
57	0.01569	0.01477	0.02492	0.68808	0.05722	0.01846	0.02307	0.02123	0.01661	0.02123	0.01477	0.02215	0.01107	0.00831	0.00831	0.00277	0.01107	0.00738	0.00369	0.00923
58	0.02056	0.01974	0.03372	0.05099	0.65622	0.01974	0.02550	0.02550	0.01892	0.02714	0.01563	0.02056	0.01316	0.00740	0.00822	0.00247	0.00987	0.00740	0.00411	0.01316
59	0.01241	0.00892	0.01222	0.01406	0.01565	0.00874	0.01164	0.01556	0.01830	0.02383	0.04619	0.24692	0.07600	0.02364	0.01118	0.00367	0.00678	0.42921	0.00767	0.00739
60	0.00982	0.00842	0.00842	0.00842	0.01122	0.00701	0.00631	0.01192	0.01894	0.02244	0.08416	0.07995	0.65285	0.02104	0.00982	0.00281	0.00421	0.01753	0.00771	0.00701
61	0.00982	0.00842	0.00842	0.00842	0.01122	0.00701	0.00631	0.01192	0.01894	0.02244	0.08416	0.07995	0.65285	0.02104	0.00982	0.00281	0.00421	0.01753	0.00771	0.00701
62	0.76672	0.01607	0.01221	0.01092	0.01607	0.01864	0.00900	0.02442	0.01414	0.03727	0.01157	0.01350	0.00900	0.00771	0.00514	0.00257	0.00643	0.00450	0.00514	0.00900
63	0.02056	0.01974	0.03372	0.05099	0.65622	0.01974	0.02550	0.02550	0.01892	0.02714	0.01563	0.02056	0.01316	0.00740	0.00822	0.00247	0.00987	0.00740	0.00411	0.01316
64	0.03112	0.03693	0.02377	0.02103	0.02570	0.56900	0.01601	0.13013	0.02607	0.02555	0.01400	0.01579	0.01126	0.00879	0.00762	0.00220	0.01403	0.00570	0.00494	0.01036
65	0.01159	0.00849	0.01087	0.01027	0.01231	0.00777	0.00770	0.01535	0.02311	0.03236	0.60189	0.06363	0.12893	0.01734	0.00980	0.00263	0.00394	0.01524	0.00902	0.00777
66	0.03115	0.02305	0.02469	0.01903	0.02560	0.02556	0.01569	0.60539	0.06289	0.05166	0.02049	0.02038	0.01457	0.01002	0.00832	0.00251	0.00904	0.00756	0.00832	0.01409
67	0.01208	0.00805	0.00906	0.00906	0.00906	0.00805	0.00503	0.01208	0.01208	0.01611	0.02618	0.05436	0.03020	0.70804	0.04228	0.00805	0.00805	0.01208	0.00503	0.00503
68	0.01560	0.01151	0.01299	0.01206	0.01495	0.01218	0.00921	0.02616	0.23238	0.03329	0.30602	0.04474	0.04796	0.01346	0.00847	0.00254	0.00481	0.01153	0.17051	0.00962
69	0.01099	0.00790	0.01042	0.01098	0.01224	0.00733	0.00778	0.01375	0.01994	0.02763	0.36748	0.36261	0.06739	0.02123	0.01018	0.00297	0.00434	0.01906	0.00847	0.00733
70	0.01666	0.04297	0.66500	0.02368	0.03596	0.01929	0.03069	0.02631	0.01754	0.02631	0.01491	0.01754	0.01052	0.00789	0.00789	0.00263	0.01228	0.00614	0.00351	0.01228
71	0.01187	0.00890	0.01335	0.01335	0.01483	0.01038	0.01038	0.01483	0.01335	0.01928	0.02225	0.03264	0.02077	0.06231	0.67512	0.01335	0.02225	0.00890	0.00445	0.00742
72	0.01560	0.01233	0.01398	0.01265	0.01590	0.01279	0.00974	0.07524	0.19528	0.03357	0.33439	0.05276	0.15157	0.01546	0.00930	0.00269	0.00515	0.01323	0.00865	0.00971
73	0.01187	0.00890	0.01335	0.01335	0.01483	0.01038	0.01038	0.01483	0.01335	0.01928	0.02225	0.03264	0.02077	0.06231	0.67512	0.01335	0.02225	0.00890	0.00445	0.00742
74	0.03103	0.03959	0.02354	0.02140	0.02568	0.67469	0.01605	0.03317	0.02354	0.02033	0.01284	0.01498	0.01070	0.00856	0.00749	0.00214	0.01498	0.00535	0.00428	0.00963
75	0.03103	0.03959	0.02354	0.02140	0.02568	0.67469	0.01605	0.03317	0.02354	0.02033	0.01284	0.01498	0.01070	0.00856	0.00749	0.00214	0.01498	0.00535	0.00428	0.00963
76	0.01569	0.01477	0.02492	0.68808	0.05722	0.01846	0.02307	0.02123	0.01661	0.02123	0.01477	0.02215	0.01107	0.00831	0.00831	0.00277	0.01107	0.00738	0.00369	0.00923
77	0.02017	0.01999	0.03297	0.02540	0.03184	0.02083	0.30073	0.03592	0.34955	0.03093	0.02583	0.02697	0.01937	0.00927	0.00909	0.00281	0.01006	0.00959	0.00646	0.01224
78	0.01191	0.00872	0.01242	0.01242	0.01358	0.00988	0.00922	0.01424	0.01308	0.01860	0.02310	0.03735	0.02281	0.20238	0.53785	0.01220	0.01917	0.00959	0.00458	0.00690
79	0.01549	0.00774	0.00774	0.00774	0.00968	0.00774	0.00581	0.01936	0.01742	0.03097	0.02710	0.03097	0.02129	0.00968	0.00581	0.00194	0.00387	0.00774	0.75416	0.00774
80	0.03062	0.02279	0.02439	0.01892	0.02540	0.02531	0.01556	0.57710	0.09204	0.05081	0.02117	0.02092	0.01512	0.01009	0.00832	0.00252	0.00892	0.00765	0.00832	0.01404
81	0.01176	0.00849	0.01110	0.01045	0.01241	0.00784	0.00784	0.01568	0.02352	0.03331	0.65184	0.06206	0.07839	0.01698	0.00980	0.00261	0.00392	0.01502	0.00914	0.00784
82	0.01293	0.00897	0.01088	0.01061	0.01129	0.00946	0.00688	0.04139	0.01365	0.01859	0.02490	0.04728	0.02708	0.51273	0.20037	0.00913	0.01169	0.01107	0.00504	0.00606
83	0.01181	0.00838	0.01111	0.01128	0.01202	0.00903	0.00776	0.01332	0.01301	0.01804	0.02607	0.10127	0.02798	0.34692	0.33460	0.01011	0.01439	0.01161	0.00500	0.00630
84	0.01666	0.04297	0.66500	0.02368	0.03596	0.01929	0.03069	0.02631	0.01754	0.02631	0.01491	0.01754	0.01052	0.00789	0.00789	0.00263	0.01228	0.00614	0.00351	0.01228
85	0.06438	0.34960	0.33980	0.01856	0.02803	0.02550	0.02181	0.02554	0.01703	0.02386	0.01316	0.01536	0.01049	0.00752	0.00655	0.00223	0.01036	0.00526	0.00363	0.01134
86	0.01992	0.02113	0.04068	0.03119	0.06636	0.02086	0.44354	0.03098	0.17640	0.02869	0.02104	0.02449	0.01585	0.00810	0.00939	0.00279	0.01194	0.00959	0.00527	0.01179
87	0.03103	0.03959	0.02354	0.02140	0.02568	0.67469	0.01605	0.03317	0.02354	0.02033	0.01284	0.01498	0.01070	0.00856	0.00749	0.00214	0.01498	0.00535	0.00428	0.00963
88	0.01011	0.00728	0.00958	0.01142	0.01201	0.00676	0.00765	0.01158	0.01605	0.02126	0.04756	0.67385	0.08258	0.02580	0.01057	0.00335	0.00479	0.02334	0.00771	0.00676
89	0.09213	0.02102	0.02287	0.01766	0.02415	0.02271	0.01459	0.47237	0.03425	0.16231	0.02161	0.02094	0.01489	0.00985	0.00806	0.00251	0.00854	0.00740	0.00841	0.01371
90	0.01030	0.00843	0.00909	0.00892	0.01152	0.00722	0.00669	0.01286	0.02008	0.02515	0.22574	0.07549	0.50958	0.02003	0.00981	0.00276	0.00414	0.01691	0.00807	0.00722
91	0.01062	0.00759	0.01021	0.01214	0.01284	0.00718	0.00858	0.01243	0.01640	0.02177	0.04551	0.60945	0.05385	0.02556	0.01074	0.00344	0.00525	0.11186	0.00770	0.00689
92	0.01012	0.00723	0.00964	0.01157	0.01205	0.00675	0.00771	0.01157	0.01591	0.02121	0.04579	0.70262	0.05495	0.02603	0.01060	0.00337	0.00482	0.02362	0.00771	0.00675
93	0.01012	0.00723	0.00964	0.01157	0.01205	0.00675	0.00771	0.01157	0.01591	0.02121	0.04579	0.70262	0.05495	0.02603	0.01060	0.00337	0.00482	0.02362	0.00771	0.00675
94	0.01717	0.03943	0.55891	0.02563	0.03724	0.01959	0.13324	0.02636	0.01790	0.02636	0.01524	0.01838	0.01088	0.00774	0.00822	0.00266	0.01258	0.00677	0.00363	0.01209
95	0.01850	0.01764	0.03000	0.32029	0.40302	0.01920	0.02447	0.02369	0.01794	0.02464	0.01526	0.02123	0.01228	0.00778	0.00826	0.00259	0.01038	0.00739	0.00393	0.01150
96	0.76672	0.01607	0.01221	0.01092	0.01607	0.01864	0.00900	0.02442	0.01414	0.03727	0.01157	0.01350	0.00900	0.00771	0.00514	0.00257	0.00643	0.00450	0.00514	0.00900
97	0.01187	0.00890	0.01335	0.01335	0.01483	0.01038	0.01038	0.01483	0.01335	0.01928	0.02225	0.03264	0.02077	0.06231	0.67512	0.01335	0.02225	0.00890	0.00445	0.00742
98	0.03727	0.01414	0.01928	0.01478	0.02121	0.01221	0.01221	0.04049	0.02378	0.66198	0.03277	0.02828	0.02056	0.01028	0.00835	0.00257	0.00707	0.00835	0.01028	0.01414
99	0.02878	0.03488	0.02251	0.02043	0.02480	0.53282	0.01542	0.03555	0.15752	0.02346	0.01739	0.01845	0.01388	0.00915	0.00770	0.00229	0.01316	0.00623	0.00519	0.01039
100	0.01012	0.00723	0.00964	0.01157	0.01205	0.00675	0.00771	0.01157	0.01591	0.02121	0.04579	0.70262	0.05495	0.02603	0.01060	0.00337	0.00482	0.02362	0.00771	0.00675
101	0.01177	0.00861	0.01113	0.01083	0.01286	0.00796	0.00834	0.01552	0.02261	0.03139	0.53211	0.06726	0.12542	0.01803	0.00999	0.00277	0.00437	0.08243	0.00885	0.00774
102	0.02483	0.01806	0.01962	0.01593	0.02038	0.01967	0.01239	0.42037	0.03028	0.04055	0.02372	0.08687	0.02167	0.18746	0.01708	0.00397	0.00850	0.01002	0.00743	0.01120
103	0.03103	0.03959	0.02354	0.02140	0.02568	0.67469	0.01605	0.03317	0.02354	0.02033	0.01284	0.01498	0.01070	0.00856	0.00749	0.00214	0.01498	0.00535	0.00428	0.00963
104	0.02056	0.01974	0.03372	0.05099	0.65622	0.01974	0.02550	0.02550	0.01892	0.02714	0.01563	0.02056	0.01316	0.00740	0.00822	0.00247	0.00987	0.00740	0.00411	0.01316
105	0.03106	0.03881	0.02361	0.02129	0.02569	0.64349	0.01604	0.06179	0.02429	0.02187	0.01318	0.01522	0.01087	0.00863	0.00753	0.00216	0.01470	0.00545	0.00447	0.00985
106	0.01158	0.00848	0.01085	0.01026	0.01230	0.00776	0.00769	0.01532	0.02308	0.03229	0.59843	0.06374	0.13244	0.01737	0.00980	0.00263	0.00395	0.01526	0.00901	0.00776
107	0.02056	0.01974	0.03372	0.05099	0.65622	0.01974	0.02550	0.02550	0.01892	0.02714	0.01563	0.02056	0.01316	0.00740	0.00822	0.00247	0.00987	0.00740	0.00411	0.01316
108	0.02303	0.01902	0.02012	0.01739	0.02250	0.02177	0.01372	0.17090	0.51060	0.03857	0.03080	0.02860	0.02292	0.01099	0.00842	0.00275	0.00713	0.00898	0.00842	0.01336
109	0.03113	0.03680	0.02378	0.02101	0.02570	0.56372	0.01601	0.13498	0.02620	0.02581	0.01406	0.01583	0.01129	0.00880	0.00763	0.00220	0.01398	0.00571	0.00497	0.01040
110	0.01152	0.00843	0.01081	0.01032	0.01229	0.00772	0.00770	0.01517	0.02279	0.03184	0.57618	0.09181	0.12690	0.01773	0.00984	0.00266	0.00398	0.01562	0.00896	0.00772
111	0.01187	0.00890	0.01335	0.01335	0.01483	0.01038	0.01038	0.01483	0.01335	0.01928	0.02225	0.03264	0.02077	0.06231	0.67512	0.01335	0.02225	0.00890	0.00445	0.00742
112	0.10062	0.04594	0.02020	0.01490	0.02118	0.01531	0.01238	0.09168	0.05253	0.49381	0.02883	0.02567	0.01873	0.00993	0.00793	0.00254	0.00726	0.00781	0.00926	0.01348
113	0.02123	0.59463	0.15336	0.01589	0.02391	0.03047	0.01713	0.02513	0.01700	0.02074	0.01214	0.01407	0.01064	0.00725	0.00578	0.00193	0.00948	0.00474	0.00355	0.01095
114	0.01012	0.00723	0.00964	0.01157	0.01205	0.00675	0.00771	0.01157	0.01591	0.02121	0.04579	0.70262	0.05495	0.02603	0.01060	0.00337	0.00482	0.02362	0.00771	0.00675
115	0.01666	0.04297	0.66500	0.02368	0.03596	0.01929	0.03069	0.02631	0.01754	0.02631	0.01491	0.01754	0.01052	0.00789	0.00789	0.00263	0.01228	0.00614	0.00351	0.01228
116	0.02376	0.01957	0.02030	0.01535	0.02219	0.07241	0.01236	0.21633	0.02498	0.05923	0.01695	0.01833	0.01307	0.00774	0.00704	0.00176	0.00789	0.00591	0.00616	0.42869
117	0.01188	0.00886	0.01315	0.01315	0.01457	0.01028	0.01014	0.01471	0.01329	0.01914	0.02243	0.03364	0.02121	0.09228	0.64575	0.01311	0.02159	0.00905	0.00448	0.00731
118	0.01189	0.00883	0.01297	0.01297	0.01433	0.01018	0.00991	0.01459	0.01324	0.01901	0.02260	0.03455	0.02160	0.11912	0.61944	0.01289	0.02100	0.00918	0.00450	0.00721
119	0.01212	0.00976	0.01236	0.01384	0.06744	0.00916	0.00915	0.01626	0.05744	0.02714	0.26552	0.17992	0.25120	0.01879	0.00974	0.00281	0.00485	0.01642	0.00795	0.00815
120	0.01785	0.09650	0.45185	0.02523	0.03574	0.02110	0.15790	0.02600	0.01774	0.02553	0.01487	0.01825	0.01100	0.00789	0.00883	0.00263	0.03880	0.00683	0.00367	0.01178
121	0.03727	0.01414	0.01928	0.01478	0.02121	0.01221	0.01221	0.04049	0.02378	0.66198	0.03277	0.02828	0.02056	0.01028	0.00835	0.00257	0.00707	0.00835	0.01028	0.01414
122	0.02052	0.01986	0.03442	0.05026	0.62815	0.01980	0.05301	0.02555	0.01895	0.02712	0.01568	0.02065	0.01313	0.00738	0.00830	0.00248	0.01006	0.00751	0.00412	0.01307
123	0.02037	0.03953	0.50339	0.02274	0.03338	0.08185	0.02696	0.12234	0.02151	0.02987	0.01551	0.01768	0.01111	0.00828	0.00792	0.00256	0.01203	0.00628	0.00434	0.01232
124	0.01878	0.01792	0.03051	0.28360	0.43751	0.01927	0.02461	0.02394	0.01807	0.02498	0.01531	0.02114	0.01240	0.00773	0.00825	0.00258	0.01031	0.00739	0.00396	0.01172
125	0.02316	0.02487	0.03185	0.04279	0.46901	0.18504	0.05068	0.02748	0.02011	0.02540	0.01498	0.01924	0.01251	0.00768	0.00811	0.00240	0.01135	0.00699	0.00416	0.01218
126	0.01085	0.00795	0.01019	0.01071	0.01213	0.00728	0.00762	0.01352	0.01978	0.02698	0.33235	0.33681	0.13050	0.02127	0.01014	0.00296	0.00433	0.01895	0.00838	0.00728
127	0.76672	0.01607	0.01221	0.01092	0.01607	0.01864	0.00900	0.02442	0.01414	0.03727	0.01157	0.01350	0.00900	0.00771	0.00514	0.00257	0.00643	0.00450	0.00514	0.00900
128	0.00982	0.00842	0.00842	0.00842	0.01122	0.00701	0.00631	0.01192	0.01894	0.02244	0.08416	0.07995	0.65285	0.02104	0.00982	0.00281	0.00421	0.01753	0.00771	0.00701
129	0.01208	0.00805	0.00906	0.00906	0.00906	0.00805	0.00503	0.01208	0.01208	0.01611	0.02618	0.05436	0.03020	0.70804	0.04228	0.00805	0.00805	0.01208	0.00503	0.00503
130	0.72245	0.01650	0.01298	0.01142	0.01665	0.01907	0.00941	0.06080	0.01564	0.03818	0.01207	0.01388	0.00931	0.00785	0.00533	0.00257	0.00659	0.00468	0.00533	0.00931
131	0.03111	0.03738	0.02373	0.02109	0.02569	0.58680	0.01602	0.11381	0.02564	0.02467	0.01380	0.01565	0.01117	0.00875	0.00760	0.00219	0.01419	0.00564	0.00483	0.01024
132	0.03103	0.03959	0.02354	0.02140	0.02568	0.67469	0.01605	0.03317	0.02354	0.02033	0.01284	0.01498	0.01070	0.00856	0.00749	0.00214	0.01498	0.00535	0.00428	0.00963
133	0.00992	0.00842	0.00855	0.00852	0.01128	0.00705	0.00639	0.01211	0.01916	0.02299	0.11252	0.07906	0.62415	0.02084	0.00982	0.00280	0.00419	0.01741	0.00779	0.00705
134	0.02876	0.03529	0.02575	0.02782	0.16246	0.53262	0.01810	0.03151	0.02254	0.02181	0.01345	0.01619	0.01123	0.00831	0.00765	0.00221	0.01387	0.00580	0.00424	0.01040
135	0.02511	0.02156	0.02347	0.02327	0.12588	0.10934	0.01614	0.30613	0.02767	0.03618	0.01882	0.02233	0.01506	0.02158	0.16390	0.00498	0.01311	0.00751	0.00618	0.01179
136	0.01287	0.01003	0.01438	0.01389	0.01506	0.01210	0.01078	0.01546	0.01331	0.01954	0.02126	0.03257	0.02031	0.11161	0.50577	0.01113	0.11041	0.00892	0.03316	0.00744
137	0.01176	0.00849	0.01110	0.01045	0.01241	0.00784	0.00784	0.01568	0.02352	0.03331	0.65184	0.06206	0.07839	0.01698	0.00980	0.00261	0.00392	0.01502	0.00914	0.00784
138	0.01569	0.01477	0.02492	0.68808	0.05722	0.01846	0.02307	0.02123	0.01661	0.02123	0.01477	0.02215	0.01107	0.00831	0.00831	0.00277	0.01107	0.00738	0.00369	0.00923
139	0.03050	0.08015	0.02475	0.02097	0.02542	0.63604	0.01594	0.03267	0.02314	0.02028	0.01276	0.01488	0.01070	0.00847	0.00736	0.00212	0.01461	0.00530	0.00424	0.00969
140	0.00982	0.00842	0.00842	0.00842	0.01122	0.00701	0.00631	0.01192	0.01894	0.02244	0.08416	0.07995	0.65285	0.02104	0.00982	0.00281	0.00421	0.01753	0.00771	0.00701
141	0.01103	0.00846	0.01010	0.00969	0.01197	0.00753	0.00727	0.01427	0.02180	0.02925	0.43963	0.06874	0.29313	0.01850	0.00981	0.00268	0.00403	0.01596	0.00861	0.00753
142	0.01670	0.01664	0.01592	0.01538	0.01757	0.17798	0.01181	0.01946	0.01592	0.01955	0.01988	0.02818	0.01823	0.04875	0.50668	0.01052	0.02042	0.00801	0.00441	0.00798
143	0.02260	0.01615	0.01704	0.01395	0.01860	0.01712	0.01123	0.34082	0.02929	0.04017	0.03770	0.03748	0.17683	0.01270	0.00815	0.00245	0.00675	0.01007	0.16995	0.01095
144	0.01670	0.01664	0.01592	0.01538	0.01757	0.17798	0.01181	0.01946	0.01592	0.01955	0.01988	0.02818	0.01823	0.04875	0.50668	0.01052	0.02042	0.00801	0.00441	0.00798
145	0.03103	0.03959	0.02354	0.02140	0.02568	0.67469	0.01605	0.03317	0.02354	0.02033	0.01284	0.01498	0.01070	0.00856	0.00749	0.00214	0.01498	0.00535	0.00428	0.00963
146	0.02221	0.71304	0.04353	0.01421	0.02132	0.03287	0.01421	0.02488	0.01688	0.01955	0.01155	0.01333	0.01066	0.00711	0.00533	0.00178	0.00888	0.00444	0.00355	0.01066
147	0.02056	0.01974	0.03372	0.05099	0.65622	0.01974	0.02550	0.02550	0.01892	0.02714	0.01563	0.02056	0.01316	0.00740	0.00822	0.00247	0.00987	0.00740	0.00411	0.01316
148	0.03057	0.03872	0.02399	0.02270	0.05332	0.64598	0.01647	0.03284	0.02334	0.02063	0.01296	0.01523	0.01081	0.00851	0.00752	0.00215	0.01476	0.00544	0.00427	0.00979
149	0.01742	0.03767	0.50626	0.02660	0.03788	0.01974	0.18412	0.02639	0.01807	0.02639	0.01540	0.01879	0.01106	0.00766	0.00839	0.00267	0.01272	0.00708	0.00369	0.01200
150	0.03103	0.03959	0.02354	0.02140	0.02568	0.67469	0.01605	0.03317	0.02354	0.02033	0.01284	0.01498	0.01070	0.00856	0.00749	0.00214	0.01498	0.00535	0.00428	0.00963
151	0.02056	0.01974	0.03372	0.05099	0.65622	0.01974	0.02550	0.02550	0.01892	0.02714	0.01563	0.02056	0.01316	0.00740	0.00822	0.00247	0.00987	0.00740	0.00411	0.01316
152	0.02052	0.01987	0.03445	0.05023	0.62688	0.01980	0.05425	0.02555	0.01895	0.02712	0.01568	0.02065	0.01313	0.00738	0.00830	0.00248	0.01007	0.00752	0.00412	0.01307
153	0.01011	0.00831	0.00890	0.00900	0.01146	0.00710	0.00666	0.01238	0.01924	0.02376	0.15548	0.14037	0.51647	0.02101	0.00989	0.00284	0.00423	0.01781	0.00790	0.00710
154	0.01188	0.00886	0.01314	0.01314	0.01455	0.01027	0.01012	0.01470	0.01329	0.01913	0.02245	0.03372	0.02124	0.09457	0.64350	0.01309	0.02154	0.00906	0.00448	0.00730
155	0.02236	0.64732	0.07363	0.01503	0.02226	0.06292	0.01513	0.02534	0.01723	0.01992	0.01178	0.01362	0.01066	0.00722	0.00556	0.00184	0.00935	0.00457	0.00359	0.01069
156	0.01539	0.01008	0.01310	0.01382	0.01587	0.00997	0.01077	0.05467	0.04773	0.08132	0.04193	0.36460	0.04568	0.02195	0.01046	0.00338	0.00632	0.21651	0.00799	0.00844
157	0.01159	0.00785	0.00921	0.00969	0.00981	0.00772	0.00571	0.01195	0.01305	0.01739	0.03112	0.21791	0.03644	0.53598	0.03429	0.00687	0.00724	0.01499	0.00571	0.00547
158	0.01466	0.00938	0.01212	0.01163	0.01380	0.00882	0.00861	0.04739	0.02201	0.09000	0.37788	0.25112	0.06260	0.01874	0.00983	0.00283	0.00475	0.01662	0.00878	0.00842
159	0.03103	0.03959	0.02354	0.02140	0.02568	0.67469	0.01605	0.03317	0.02354	0.02033	0.01284	0.01498	0.01070	0.00856	0.00749	0.00214	0.01498	0.00535	0.00428	0.00963
160	0.01798	0.01710	0.02905	0.38896	0.33845	0.01906	0.02421	0.02323	0.01769	0.02400	0.01517	0.02140	0.01205	0.00788	0.00827	0.00263	0.01051	0.00739	0.00389	0.01107
161	0.02256	0.02370	0.02871	0.19072	0.32903	0.18307	0.02211	0.05528	0.02050	0.02527	0.01494	0.01951	0.01211	0.00802	0.00806	0.00246	0.01139	0.00689	0.00426	0.01141
162	0.01087	0.00779	0.01040	0.01167	0.01267	0.00731	0.00833	0.01319	0.01816	0.02464	0.19850	0.47816	0.06012	0.02343	0.01049	0.00323	0.00488	0.08097	0.00807	0.00712
163	0.01991	0.01948	0.03240	0.04283	0.46555	0.02124	0.05366	0.02416	0.01739	0.02531	0.01449	0.02005	0.01256	0.00918	0.01311	0.00278	0.18238	0.00749	0.00400	0.01203
164	0.01549	0.00774	0.00774	0.00774	0.00968	0.00774	0.00581	0.01936	0.01742	0.03097	0.02710	0.03097	0.02129	0.00968	0.00581	0.00194	0.00387	0.00774	0.75416	0.00774
165	0.01164	0.00849	0.01094	0.01033	0.01234	0.00779	0.00775	0.01545	0.02324	0.03266	0.61765	0.06313	0.11298	0.01723	0.00980	0.00262	0.00394	0.01517	0.00906	0.00779
166	0.01103	0.00846	0.01009	0.00968	0.01196	0.00753	0.00726	0.01426	0.02179	0.02922	0.43811	0.06879	0.29467	0.01851	0.00981	0.00269	0.00403	0.01597	0.00861	0.00753
167	0.01666	0.04297	0.66500	0.02368	0.03596	0.01929	0.03069	0.02631	0.01754	0.02631	0.01491	0.01754	0.01052	0.00789	0.00789	0.00263	0.01228	0.00614	0.00351	0.01228
168	0.01818	0.01818	0.02545	0.02181	0.02181	0.02545	0.01818	0.01999	0.01272	0.01999	0.01091	0.01818	0.01091	0.01454	0.02726	0.00364	0.69284	0.00727	0.00364	0.00909
169	0.01109	0.00847	0.01017	0.00975	0.01200	0.00755	0.00731	0.01438	0.02193	0.02955	0.45533	0.06825	0.27724	0.01839	0.00981	0.00268	0.00402	0.01589	0.00865	0.00755
170	0.01569	0.01477	0.02492	0.68808	0.05722	0.01846	0.02307	0.02123	0.01661	0.02123	0.01477	0.02215	0.01107	0.00831	0.00831	0.00277	0.01107	0.00738	0.00369	0.00923
171	0.02221	0.71304	0.04353	0.01421	0.02132	0.03287	0.01421	0.02488	0.01688	0.01955	0.01155	0.01333	0.01066	0.00711	0.00533	0.00178	0.00888	0.00444	0.00355	0.01066
172	0.76672	0.01607	0.01221	0.01092	0.01607	0.01864	0.00900	0.02442	0.01414	0.03727	0.01157	0.01350	0.00900	0.00771	0.00514	0.00257	0.00643	0.00450	0.00514	0.00900
173	0.21879	0.01867	0.02000	0.01573	0.02193	0.01983	0.01298	0.29682	0.02811	0.23442	0.02174	0.02086	0.01480	0.00950	0.00752	0.00254	0.00782	0.00699	0.00811	0.01284
174	0.02779	0.03419	0.02402	0.02150	0.02471	0.51089	0.01659	0.02985	0.02081	0.02025	0.01235	0.01579	0.01075	0.01007	0.01248	0.00252	0.18600	0.00583	0.00412	0.00949
175	0.01159	0.00785	0.00921	0.00969	0.00981	0.00772	0.00571	0.01195	0.01305	0.01739	0.03112	0.21791	0.03644	0.53598	0.03429	0.00687	0.00724	0.01499	0.00571	0.00547
176	0.01569	0.01477	0.02492	0.68808	0.05722	0.01846	0.02307	0.02123	0.01661	0.02123	0.01477	0.02215	0.01107	0.00831	0.00831	0.00277	0.01107	0.00738	0.00369	0.00923
177	0.01176	0.00849	0.01110	0.01045	0.01241	0.00784	0.00784	0.01568	0.02352	0.03331	0.65184	0.06206	0.07839	0.01698	0.00980	0.00261	0.00392	0.01502	0.00914	0.00784
178	0.01188	0.00885	0.01309	0.01309	0.01449	0.01024	0.01006	0.01467	0.01327	0.01909	0.02249	0.03394	0.02134	0.10119	0.63701	0.01303	0.02140	0.00909	0.00449	0.00727
179	0.03727	0.01414	0.01928	0.01478	0.02121	0.01221	0.01221	0.04049	0.02378	0.66198	0.03277	0.02828	0.02056	0.01028	0.00835	0.00257	0.00707	0.00835	0.01028	0.01414
180	0.01759	0.03671	0.48042	0.02780	0.06650	0.01975	0.18066	0.02635	0.01812	0.02642	0.01542	0.01891	0.01117	0.00765	0.00839	0.00267	0.01260	0.00712	0.00371	0.01205
181	0.01502	0.04758	0.07401	0.01715	0.06888	0.06979	0.01321	0.01841	0.01793	0.02367	0.06479	0.23607	0.06534	0.02140	0.06611	0.00382	0.00879	0.10820	0.05128	0.00853
182	0.01739	0.06874	0.45637	0.02139	0.03111	0.07416	0.05123	0.02493	0.01859	0.02557	0.05910	0.02550	0.07124	0.00958	0.00810	0.00257	0.01121	0.00769	0.00432	0.01120
183	0.11760	0.02027	0.08489	0.02610	0.20959	0.04458	0.01755	0.03098	0.07351	0.19811	0.02101	0.02183	0.01524	0.00853	0.00765	0.00243	0.00853	0.00704	0.00628	0.07828
184	0.02780	0.02728	0.02325	0.02372	0.12633	0.31267	0.01606	0.10560	0.05301	0.10789	0.02409	0.02477	0.07109	0.01001	0.00808	0.00238	0.01106	0.00761	0.00602	0.01127
185	0.02006	0.07572	0.49481	0.02271	0.03300	0.16214	0.02669	0.02773	0.01881	0.02467	0.01429	0.01677	0.01057	0.00800	0.00768	0.00248	0.01269	0.00588	0.00368	0.01162
186	0.02236	0.02979	0.16809	0.03760	0.36260	0.18488	0.02424	0.02761	0.01978	0.02524	0.01477	0.01850	0.01197	0.00780	0.00797	0.00242	0.01168	0.00661	0.00402	0.01208
187	0.01865	0.01896	0.05772	0.27757	0.41541	0.01926	0.02485	0.02400	0.01803	0.02499	0.01529	0.02100	0.01230	0.00775	0.00824	0.00258	0.01040	0.00734	0.00394	0.01172
188	0.01754	0.16788	0.40463	0.16595	0.03771	0.02177	0.02582	0.02493	0.01721	0.02388	0.01422	0.01772	0.01067	0.00783	0.00748	0.00249	0.01135	0.00608	0.00356	0.01130
189	0.01960	0.06243	0.36220	0.02110	0.05570	0.01851	0.02263	0.08007	0.06764	0.07817	0.05419	0.02805	0.04522	0.01019	0.00825	0.00265	0.00993	0.03602	0.00551	0.01195
190	0.28213	0.02000	0.05569	0.01716	0.07307	0.12161	0.01295	0.04764	0.02009	0.06001	0.18066	0.02815	0.02853	0.01045	0.00743	0.00250	0.00793	0.00801	0.00621	0.00977
191	0.01955	0.02151	0.04948	0.05621	0.14411	0.18090	0.04308	0.02467	0.06795	0.02414	0.02841	0.14990	0.05666	0.01384	0.00900	0.00279	0.00982	0.08243	0.00568	0.00987
192	0.15500	0.05196	0.02495	0.02896	0.26436	0.08420	0.01742	0.10649	0.04614	0.03202	0.06835	0.02495	0.01930	0.00944	0.00774	0.00250	0.00892	0.03029	0.00557	0.01144
193	0.06754	0.02197	0.07782	0.02563	0.18253	0.07913	0.01753	0.12913	0.13744	0.05775	0.09753	0.02655	0.02312	0.00999	0.00820	0.00255	0.00878	0.00828	0.00648	0.01206

[dist]
# distance from previous block
# <min> <max>
8	71

[block]
# block no. 1 follows, 22 sequences, length 8
# corresponding to MSA columns:
# 275-282
name=unknown_B
#
# <colnr> <probs for GDERKNQSTAVLIFYWHMCP>
#	G	D	E	R	K	N	Q	S	T	A	V	L	I	F	Y	W	H	M	C	P
0	0.14861	0.14419	0.18168	0.02643	0.20553	0.05530	0.02004	0.02480	0.01765	0.02668	0.01899	0.02148	0.05869	0.00860	0.00719	0.00241	0.00954	0.00673	0.00432	0.01116
1	0.16221	0.02184	0.02481	0.03212	0.32282	0.15048	0.01823	0.02652	0.01921	0.06062	0.02082	0.02339	0.06472	0.00896	0.00764	0.00245	0.00965	0.00732	0.00496	0.01122
2	0.40038	0.01893	0.01992	0.02300	0.18664	0.07834	0.01445	0.02775	0.01761	0.12018	0.01571	0.01756	0.01187	0.00807	0.00662	0.00250	0.00821	0.00588	0.00551	0.01087
3	0.08383	0.02765	0.14503	0.02322	0.10613	0.13955	0.01880	0.17271	0.09212	0.08308	0.01902	0.02002	0.01403	0.00898	0.00784	0.00250	0.01024	0.00687	0.00606	0.01233
4	0.18172	0.12629	0.05773	0.09579	0.14670	0.13855	0.01723	0.05566	0.01879	0.02708	0.01412	0.01765	0.01158	0.01104	0.04532	0.00300	0.01083	0.00599	0.00443	0.01051
5	0.13750	0.02587	0.15720	0.02826	0.20507	0.07991	0.04371	0.11170	0.02160	0.08808	0.01678	0.01902	0.01253	0.00826	0.00770	0.00251	0.01012	0.00670	0.00530	0.01217
6	0.11647	0.34876	0.08033	0.02261	0.16711	0.02469	0.01677	0.02422	0.01766	0.02535	0.07185	0.01982	0.01726	0.00822	0.00657	0.00218	0.00859	0.00623	0.00440	0.01088
7	0.13436	0.09042	0.19417	0.06391	0.06459	0.05076	0.01976	0.18439	0.02261	0.03326	0.01511	0.01758	0.01148	0.00880	0.00865	0.00255	0.05453	0.00628	0.00511	0.01166

[dist]
# distance from previous block
# <min> <max>
0	1

[block]
# block no. 2 follows, 22 sequences, length 176
# corresponding to MSA columns:
# 284-459
name=unknown_C
#
# <colnr> <probs for GDERKNQSTAVLIFYWHMCP>
#	G	D	E	R	K	N	Q	S	T	A	V	L	I	F	Y	W	H	M	C	P
0	0.02305	0.21695	0.14191	0.01648	0.02295	0.11321	0.01590	0.02816	0.04827	0.13359	0.13394	0.02657	0.02536	0.00999	0.00757	0.00232	0.00905	0.00770	0.00604	0.01099
1	0.02253	0.34631	0.23358	0.01885	0.02692	0.17806	0.01981	0.02726	0.01864	0.02185	0.01290	0.01503	0.01063	0.00769	0.00664	0.00213	0.01137	0.00519	0.00371	0.01093
2	0.18681	0.08790	0.14243	0.01772	0.02432	0.08097	0.04399	0.13436	0.08144	0.03314	0.04706	0.04937	0.01740	0.00969	0.00743	0.00253	0.00919	0.00743	0.00575	0.01109
3	0.02050	0.08510	0.05021	0.07660	0.05188	0.13063	0.01419	0.02671	0.10493	0.08649	0.10952	0.06378	0.08684	0.01445	0.03952	0.00304	0.00920	0.00984	0.00639	0.01017
4	0.15421	0.08063	0.02183	0.01911	0.07835	0.10904	0.04165	0.08253	0.07962	0.05822	0.02382	0.17008	0.02267	0.01244	0.00795	0.00264	0.00844	0.01028	0.00616	0.01033
5	0.05594	0.02343	0.06071	0.03326	0.25859	0.13484	0.13220	0.02774	0.04726	0.05531	0.01828	0.02404	0.01506	0.01097	0.03763	0.00304	0.01167	0.03374	0.00482	0.01149
6	0.05423	0.01779	0.02087	0.02078	0.10810	0.05071	0.01443	0.03305	0.24600	0.11387	0.05428	0.02614	0.02111	0.01019	0.00964	0.00254	0.06824	0.00805	0.00688	0.11308
7	0.09735	0.09622	0.22676	0.01874	0.02641	0.16392	0.01885	0.03150	0.04849	0.16794	0.01867	0.01920	0.01336	0.00864	0.00742	0.00243	0.01056	0.00629	0.00558	0.01168
8	0.05068	0.09250	0.40503	0.02067	0.05676	0.01797	0.02309	0.02358	0.01830	0.02691	0.10162	0.02941	0.05064	0.01030	0.00806	0.00261	0.00992	0.03622	0.00474	0.01098
9	0.22134	0.01829	0.02700	0.03857	0.45473	0.01898	0.02050	0.02483	0.01764	0.02977	0.01582	0.02197	0.01361	0.00819	0.00754	0.00256	0.00884	0.03349	0.00455	0.01179
10	0.01187	0.00890	0.01335	0.01335	0.01483	0.01038	0.01038	0.01483	0.01335	0.01928	0.02225	0.03264	0.02077	0.06231	0.67512	0.01335	0.02225	0.00890	0.00445	0.00742
11	0.01341	0.01117	0.01722	0.02398	0.21486	0.01084	0.01331	0.01595	0.01685	0.02307	0.03629	0.48789	0.04179	0.02016	0.00985	0.00309	0.00641	0.01851	0.00658	0.00877
12	0.02066	0.01785	0.01878	0.01691	0.02160	0.02066	0.01315	0.04414	0.64121	0.03475	0.03381	0.03099	0.02536	0.01127	0.00845	0.00282	0.00657	0.00939	0.00845	0.01315
13	0.01339	0.00956	0.01339	0.01530	0.01721	0.00956	0.01339	0.01721	0.01912	0.02486	0.04399	0.09371	0.04781	0.02295	0.01147	0.00382	0.00765	0.60031	0.00765	0.00765
14	0.01187	0.00890	0.01335	0.01335	0.01483	0.01038	0.01038	0.01483	0.01335	0.01928	0.02225	0.03264	0.02077	0.06231	0.67512	0.01335	0.02225	0.00890	0.00445	0.00742
15	0.01187	0.00890	0.01335	0.01335	0.01483	0.01038	0.01038	0.01483	0.01335	0.01928	0.02225	0.03264	0.02077	0.06231	0.67512	0.01335	0.02225	0.00890	0.00445	0.00742
16	0.01208	0.00805	0.00906	0.00906	0.00906	0.00805	0.00503	0.01208	0.01208	0.01611	0.02618	0.05436	0.03020	0.70804	0.04228	0.00805	0.00805	0.01208	0.00503	0.00503
17	0.03158	0.02327	0.02493	0.01911	0.02576	0.02576	0.01579	0.62852	0.03906	0.05236	0.01995	0.01995	0.01413	0.00997	0.00831	0.00249	0.00914	0.00748	0.00831	0.01413
18	0.01155	0.00814	0.00891	0.00891	0.00956	0.00781	0.00533	0.01204	0.01368	0.01758	0.03968	0.06032	0.17518	0.54809	0.03472	0.00683	0.00716	0.01335	0.00566	0.00549
19	0.02722	0.02089	0.02246	0.01815	0.02394	0.02344	0.01471	0.41589	0.22744	0.04527	0.02442	0.02402	0.01797	0.01282	0.03948	0.00310	0.00895	0.00815	0.00818	0.01351
20	0.01049	0.00751	0.00997	0.01132	0.01213	0.00699	0.00774	0.01248	0.01760	0.02390	0.18046	0.56028	0.06015	0.02402	0.01042	0.00320	0.00462	0.02171	0.00803	0.00699
21	0.01549	0.00774	0.00774	0.00774	0.00968	0.00774	0.00581	0.01936	0.01742	0.03097	0.02710	0.03097	0.02129	0.00968	0.00581	0.00194	0.00387	0.00774	0.75416	0.00774
22	0.76672	0.01607	0.01221	0.01092	0.01607	0.01864	0.00900	0.02442	0.01414	0.03727	0.01157	0.01350	0.00900	0.00771	0.00514	0.00257	0.00643	0.00450	0.00514	0.00900
23	0.00992	0.00842	0.00855	0.00852	0.01128	0.00705	0.00639	0.01211	0.01917	0.02299	0.11269	0.07905	0.62397	0.02084	0.00982	0.00280	0.00419	0.01741	0.00779	0.00705
24	0.00982	0.00842	0.00842	0.00842	0.01122	0.00701	0.00631	0.01192	0.01894	0.02244	0.08416	0.07995	0.65285	0.02104	0.00982	0.00281	0.00421	0.01753	0.00771	0.00701
25	0.01176	0.00849	0.01110	0.01045	0.01241	0.00784	0.00784	0.01568	0.02352	0.03331	0.65184	0.06206	0.07839	0.01698	0.00980	0.00261	0.00392	0.01502	0.00914	0.00784
26	0.02221	0.71304	0.04353	0.01421	0.02132	0.03287	0.01421	0.02488	0.01688	0.01955	0.01155	0.01333	0.01066	0.00711	0.00533	0.00178	0.00888	0.00444	0.00355	0.01066
27	0.01339	0.00956	0.01339	0.01530	0.01721	0.00956	0.01339	0.01721	0.01912	0.02486	0.04399	0.09371	0.04781	0.02295	0.01147	0.00382	0.00765	0.60031	0.00765	0.00765
28	0.01203	0.00825	0.01006	0.01006	0.01041	0.00860	0.00628	0.01272	0.01238	0.01685	0.02526	0.04931	0.02801	0.55769	0.18963	0.00929	0.01136	0.01134	0.00490	0.00559
29	0.02056	0.01974	0.03372	0.05099	0.65622	0.01974	0.02550	0.02550	0.01892	0.02714	0.01563	0.02056	0.01316	0.00740	0.00822	0.00247	0.00987	0.00740	0.00411	0.01316
30	0.02056	0.01974	0.03372	0.05099	0.65622	0.01974	0.02550	0.02550	0.01892	0.02714	0.01563	0.02056	0.01316	0.00740	0.00822	0.00247	0.00987	0.00740	0.00411	0.01316
31	0.01666	0.04297	0.66500	0.02368	0.03596	0.01929	0.03069	0.02631	0.01754	0.02631	0.01491	0.01754	0.01052	0.00789	0.00789	0.00263	0.01228	0.00614	0.00351	0.01228
32	0.01184	0.00872	0.01123	0.01123	0.01330	0.00810	0.00885	0.01548	0.02189	0.02990	0.43657	0.07160	0.15346	0.01888	0.01017	0.00291	0.00479	0.14479	0.00861	0.00768
33	0.01259	0.00876	0.01089	0.01020	0.01258	0.00787	0.00770	0.01605	0.02246	0.06238	0.48854	0.06452	0.20923	0.01759	0.00973	0.00266	0.00414	0.01527	0.00887	0.00796
34	0.02908	0.18850	0.02796	0.01981	0.02472	0.53278	0.01565	0.03134	0.02207	0.02016	0.01256	0.01462	0.01069	0.00824	0.00701	0.00206	0.01363	0.00515	0.00412	0.00986
35	0.03103	0.03959	0.02354	0.02140	0.02568	0.67469	0.01605	0.03317	0.02354	0.02033	0.01284	0.01498	0.01070	0.00856	0.00749	0.00214	0.01498	0.00535	0.00428	0.00963
36	0.01284	0.01612	0.15568	0.01338	0.01762	0.01037	0.01289	0.01803	0.02219	0.03176	0.51101	0.05221	0.06338	0.01497	0.00938	0.00262	0.00577	0.01306	0.00790	0.00882
37	0.01666	0.04297	0.66500	0.02368	0.03596	0.01929	0.03069	0.02631	0.01754	0.02631	0.01491	0.01754	0.01052	0.00789	0.00789	0.00263	0.01228	0.00614	0.00351	0.01228
