[name]
unknown

[dist]
# distance from previous block
# <min> <max>
0	0

[block]
# block no. 0 follows, 22 sequences, length 58
# corresponding to MSA columns:
# 0-57
name=unknown_A
#
# <colnr> <probs for GDERKNQSTAVLIFYWHMCP>
#	G	D	E	R	K	N	Q	S	T	A	V	L	I	F	Y	W	H	M	C	P
0	0.01339	0.00956	0.01339	0.01530	0.01721	0.00956	0.01339	0.01721	0.01912	0.02486	0.04399	0.09371	0.04781	0.02295	0.01147	0.00382	0.00765	0.60031	0.00765	0.00765
1	0.00987	0.00821	0.00862	0.00895	0.01136	0.00697	0.00655	0.01186	0.01842	0.02223	0.07764	0.18564	0.55137	0.02189	0.00995	0.00290	0.00431	0.01857	0.00771	0.00697
2	0.02852	0.02216	0.02270	0.01816	0.02404	0.05656	0.01473	0.45006	0.15469	0.04610	0.02270	0.02247	0.01655	0.01014	0.00816	0.00251	0.00864	0.00776	0.05001	0.01335
3	0.01018	0.00843	0.00892	0.00880	0.01145	0.00717	0.00660	0.01263	0.01980	0.02449	0.19103	0.07658	0.54470	0.02028	0.00981	0.00277	0.00415	0.01706	0.00798	0.00717
4	0.01961	0.02241	0.04902	0.03501	0.04342	0.02101	0.62605	0.02661	0.01961	0.02661	0.01681	0.02241	0.01261	0.00700	0.00980	0.00280	0.01401	0.00980	0.00420	0.01120
5	0.02066	0.01785	0.01878	0.01691	0.02160	0.02066	0.01315	0.04414	0.64121	0.03475	0.03381	0.03099	0.02536	0.01127	0.00845	0.00282	0.00657	0.00939	0.00845	0.01315
6	0.02154	0.01219	0.01423	0.01235	0.01600	0.01233	0.00966	0.08123	0.11991	0.16555	0.14958	0.03521	0.03193	0.01236	0.00894	0.03601	0.00560	0.00950	0.23553	0.01034
7	0.01889	0.02029	0.03722	0.02841	0.03260	0.02323	0.32179	0.02330	0.01616	0.02330	0.01385	0.02029	0.01175	0.01078	0.01854	0.00322	0.35378	0.00854	0.00392	0.01014
8	0.03158	0.02327	0.02493	0.01911	0.02576	0.02576	0.01579	0.62852	0.03906	0.05236	0.01995	0.01995	0.01413	0.00997	0.00831	0.00249	0.00914	0.00748	0.00831	0.01413
9	0.02733	0.02116	0.02254	0.01825	0.02414	0.02378	0.01476	0.40077	0.27374	0.04550	0.02535	0.02425	0.01851	0.01048	0.00837	0.00262	0.00814	0.00822	0.00837	0.01375
10	0.03103	0.03959	0.02354	0.02140	0.02568	0.67469	0.01605	0.03317	0.02354	0.02033	0.01284	0.01498	0.01070	0.00856	0.00749	0.00214	0.01498	0.00535	0.00428	0.00963
11	0.01776	0.02543	0.21429	0.23350	0.16460	0.01950	0.15624	0.02467	0.01797	0.02499	0.01542	0.02058	0.01165	0.00773	0.00850	0.00268	0.01182	0.00756	0.00383	0.01129
12	0.01239	0.00871	0.01083	0.01016	0.01251	0.00783	0.00767	0.01585	0.02246	0.05736	0.49406	0.06478	0.20913	0.01764	0.00974	0.00266	0.00412	0.01532	0.00886	0.00791
13	0.02835	0.24441	0.02962	0.01922	0.02436	0.47950	0.01549	0.03065	0.02152	0.02009	0.01245	0.01448	0.01069	0.00812	0.00683	0.00203	0.01313	0.00507	0.00406	0.00994
14	0.01191	0.00798	0.00911	0.00928	0.00932	0.00794	0.00526	0.01204	0.01241	0.01655	0.02786	0.11004	0.03233	0.64947	0.03956	0.00765	0.00778	0.01307	0.00526	0.00518
15	0.01006	0.00746	0.00940	0.01095	0.01189	0.00680	0.00744	0.01164	0.01650	0.02145	0.05328	0.58098	0.17174	0.02505	0.01045	0.00326	0.00470	0.02243	0.00771	0.00680
16	0.01021	0.00801	0.00924	0.00982	0.01169	0.00704	0.00703	0.01235	0.01856	0.02362	0.15471	0.29436	0.35950	0.02218	0.01009	0.00297	0.00438	0.01928	0.00792	0.00704
17	0.01843	0.01756	0.02986	0.33021	0.39370	0.01918	0.02443	0.02362	0.01791	0.02455	0.01525	0.02126	0.01225	0.00780	0.00826	0.00260	0.01040	0.00739	0.00393	0.01144
18	0.76672	0.01607	0.01221	0.01092	0.01607	0.01864	0.00900	0.02442	0.01414	0.03727	0.01157	0.01350	0.00900	0.00771	0.00514	0.00257	0.00643	0.00450	0.00514	0.00900
19	0.02012	0.01929	0.03293	0.10813	0.60250	0.01962	0.02528	0.02511	0.01871	0.02661	0.01555	0.02070	0.01297	0.00748	0.00823	0.00249	0.00998	0.00740	0.00407	0.01281
20	0.01208	0.00805	0.00906	0.00906	0.00906	0.00805	0.00503	0.01208	0.01208	0.01611	0.02618	0.05436	0.03020	0.70804	0.04228	0.00805	0.00805	0.01208	0.00503	0.00503
21	0.01058	0.00845	0.00947	0.00922	0.01169	0.00734	0.00691	0.01340	0.02074	0.02672	0.30763	0.07291	0.42671	0.01944	0.00981	0.00273	0.00409	0.01655	0.00828	0.00734
22	0.02056	0.01974	0.03372	0.05099	0.65622	0.01974	0.02550	0.02550	0.01892	0.02714	0.01563	0.02056	0.01316	0.00740	0.00822	0.00247	0.00987	0.00740	0.00411	0.01316
23	0.28370	0.08691	0.02084	0.01655	0.02066	0.26047	0.01325	0.02641	0.01760	0.02605	0.01276	0.01603	0.01089	0.01291	0.05923	0.00328	0.09327	0.00547	0.00445	0.00927
24	0.02818	0.09162	0.03074	0.02271	0.02878	0.29011	0.13497	0.21401	0.02694	0.03132	0.01568	0.01781	0.01212	0.00856	0.00800	0.00235	0.01245	0.00679	0.00544	0.01141
25	0.01824	0.03168	0.36132	0.06812	0.26912	0.01952	0.06272	0.02577	0.01813	0.02638	0.01528	0.01918	0.01166	0.00768	0.00815	0.00259	0.01142	0.00688	0.00378	0.01239
26	0.02321	0.02624	0.02879	0.20378	0.21047	0.26942	0.06994	0.02741	0.02014	0.02296	0.01444	0.01899	0.01163	0.00805	0.00809	0.00245	0.01247	0.00681	0.00407	0.01063
27	0.01892	0.23934	0.15095	0.01684	0.02260	0.11954	0.01638	0.02296	0.01680	0.02089	0.01607	0.02102	0.01411	0.02642	0.23602	0.00597	0.01505	0.00644	0.00396	0.00971
28	0.01177	0.00795	0.00923	0.00950	0.00966	0.00784	0.00556	0.01215	0.01313	0.01759	0.05472	0.15423	0.03597	0.57510	0.03609	0.00711	0.00739	0.01397	0.00561	0.00541
29	0.01006	0.00746	0.00940	0.01095	0.01189	0.00680	0.00744	0.01164	0.01650	0.02145	0.05328	0.58098	0.17174	0.02505	0.01045	0.00326	0.00470	0.02243	0.00771	0.00680
30	0.01020	0.00737	0.00965	0.01132	0.01202	0.00682	0.00764	0.01182	0.01651	0.02196	0.08203	0.63072	0.09076	0.02523	0.01051	0.00330	0.00473	0.02278	0.00779	0.00682
31	0.03403	0.01486	0.01918	0.01520	0.02128	0.01386	0.01239	0.04120	0.14439	0.53945	0.03298	0.02881	0.02150	0.01048	0.00837	0.00262	0.00697	0.00856	0.00992	0.01394
32	0.03614	0.01389	0.01891	0.01459	0.02082	0.01202	0.01202	0.03938	0.02377	0.63397	0.06035	0.02978	0.02314	0.01058	0.00842	0.00257	0.00693	0.00865	0.01023	0.01386
33	0.02056	0.01974	0.03372	0.05099	0.65622	0.01974	0.02550	0.02550	0.01892	0.02714	0.01563	0.02056	0.01316	0.00740	0.00822	0.00247	0.00987	0.00740	0.00411	0.01316
34	0.02272	0.67388	0.04237	0.01463	0.02158	0.07019	0.01432	0.02536	0.01727	0.01959	0.01162	0.01342	0.01066	0.00719	0.00546	0.00180	0.00924	0.00449	0.00360	0.01060
35	0.02434	0.01710	0.01808	0.01487	0.01960	0.01879	0.01196	0.32754	0.12698	0.04225	0.02459	0.02547	0.01836	0.01008	0.00748	0.00235	0.00693	0.00787	0.26358	0.01179
36	0.01187	0.00890	0.01335	0.01335	0.01483	0.01038	0.01038	0.01483	0.01335	0.01928	0.02225	0.03264	0.02077	0.06231	0.67512	0.01335	0.02225	0.00890	0.00445	0.00742
37	0.01012	0.00723	0.00964	0.01157	0.01205	0.00675	0.00771	0.01157	0.01591	0.02121	0.04579	0.70262	0.05495	0.02603	0.01060	0.00337	0.00482	0.02362	0.00771	0.00675
38	0.01666	0.04297	0.66500	0.02368	0.03596	0.01929	0.03069	0.02631	0.01754	0.02631	0.01491	0.01754	0.01052	0.00789	0.00789	0.00263	0.01228	0.00614	0.00351	0.01228
39	0.01019	0.00728	0.00970	0.01152	0.01207	0.00680	0.00772	0.01175	0.01624	0.02174	0.07223	0.67467	0.05597	0.02563	0.01057	0.00334	0.00478	0.02324	0.00777	0.00680
40	0.01031	0.00737	0.00986	0.01178	0.01235	0.00691	0.00804	0.01190	0.01609	0.02142	0.04568	0.66721	0.05453	0.02585	0.01065	0.00340	0.00498	0.05715	0.00771	0.00680
41	0.02254	0.02186	0.09367	0.01815	0.02412	0.02160	0.01571	0.16679	0.44174	0.03755	0.02870	0.02711	0.02127	0.01061	0.00836	0.00273	0.00777	0.00861	0.00786	0.01326
42	0.24924	0.01537	0.01475	0.01245	0.01691	0.01698	0.01006	0.22102	0.02353	0.03991	0.02003	0.02203	0.01520	0.00918	0.00643	0.00231	0.00638	0.00667	0.28134	0.01022
43	0.02393	0.58214	0.03965	0.01561	0.02217	0.15763	0.01457	0.02649	0.01817	0.01970	0.01180	0.01365	0.01067	0.00739	0.00575	0.00185	0.01007	0.00462	0.00369	0.01046
44	0.01197	0.00848	0.01121	0.01121	0.01195	0.00922	0.00771	0.01346	0.01272	0.01770	0.02421	0.04349	0.02548	0.38483	0.35904	0.01071	0.01516	0.01049	0.00474	0.00623
45	0.10588	0.02380	0.15300	0.04110	0.46274	0.01953	0.02459	0.02553	0.01810	0.02815	0.01502	0.01916	0.01217	0.00753	0.00780	0.00251	0.00994	0.00682	0.00411	0.01251
46	0.06078	0.04031	0.59139	0.02269	0.03424	0.01962	0.02860	0.06001	0.01855	0.02840	0.01500	0.01744	0.01064	0.00800	0.00776	0.00262	0.01176	0.00612	0.00387	0.01219
47	0.02405	0.02001	0.02027	0.01751	0.02263	0.05906	0.01379	0.15696	0.46373	0.06253	0.02987	0.02781	0.02214	0.01082	0.00837	0.00271	0.00758	0.00875	0.00826	0.01318
48	0.00984	0.00835	0.00849	0.00860	0.01127	0.00700	0.00639	0.01190	0.01876	0.02237	0.08193	0.11616	0.61808	0.02133	0.00986	0.00284	0.00424	0.01789	0.00771	0.00700
49	0.01310	0.00949	0.01324	0.01291	0.01428	0.01116	0.01003	0.01601	0.01398	0.02134	0.02228	0.03194	0.02037	0.07519	0.46900	0.01018	0.07846	0.00868	0.14083	0.00753
50	0.01270	0.00950	0.01192	0.01123	0.01344	0.00925	0.00844	0.01874	0.09351	0.03296	0.55541	0.08607	0.07134	0.01672	0.00968	0.00267	0.00426	0.01475	0.00900	0.00840
51	0.08451	0.02186	0.04582	0.03292	0.04104	0.02080	0.57245	0.02642	0.01913	0.02754	0.01635	0.02163	0.01229	0.00706	0.00940	0.00278	0.01335	0.00934	0.00428	0.01101
52	0.02922	0.03678	0.02233	0.02055	0.02450	0.61667	0.01533	0.03130	0.02288	0.02041	0.01570	0.07471	0.01454	0.01008	0.00776	0.00225	0.01410	0.00694	0.00458	0.00938
53	0.02021	0.01697	0.01783	0.01611	0.02057	0.01954	0.01251	0.04199	0.58703	0.03442	0.03323	0.03099	0.02501	0.01113	0.00822	0.00274	0.00634	0.00925	0.07323	0.01268
54	0.01219	0.00818	0.00944	0.00960	0.00977	0.00818	0.00576	0.01253	0.01269	0.01687	0.02772	0.05778	0.03173	0.64853	0.03961	0.00769	0.00802	0.06318	0.00526	0.00526
55	0.01044	0.00741	0.00972	0.01125	0.01182	0.00696	0.00749	0.01198	0.01626	0.02185	0.09844	0.58886	0.05490	0.08446	0.01328	0.00371	0.00502	0.02184	0.00761	0.00670
56	0.01956	0.01855	0.03151	0.07993	0.57022	0.01886	0.02406	0.02435	0.01832	0.02616	0.01616	0.02169	0.01371	0.01222	0.06616	0.00343	0.01101	0.00753	0.00412	0.01246
57	0.01046	0.00897	0.00918	0.00875	0.01196	0.00737	0.00662	0.01270	0.01879	0.02284	0.07813	0.07450	0.59721	0.01975	0.00950	0.00267	0.00438	0.01644	0.00747	0.07232

[dist]
# distance from previous block
# <min> <max>
0	24

[block]
# block no. 1 follows, 22 sequences, length 60
# corresponding to MSA columns:
# 82-141
name=unknown_B
#
# <colnr> <probs for GDERKNQSTAVLIFYWHMCP>
#	G	D	E	R	K	N	Q	S	T	A	V	L	I	F	Y	W	H	M	C	P
0	0.01028	0.01066	0.05195	0.00956	0.01289	0.00782	0.00798	0.01286	0.01872	0.02265	0.07798	0.10169	0.58546	0.02038	0.00972	0.00282	0.00477	0.01703	0.00744	0.00735
1	0.01436	0.01083	0.01328	0.01229	0.01289	0.01236	0.00849	0.05451	0.01411	0.01949	0.02282	0.04379	0.02494	0.47871	0.10431	0.00751	0.12316	0.01064	0.00496	0.00656
2	0.01161	0.00835	0.01072	0.01202	0.01297	0.00805	0.00825	0.05261	0.01777	0.02379	0.07035	0.62963	0.05326	0.02457	0.01042	0.00328	0.00507	0.02218	0.00781	0.00728
3	0.01889	0.02115	0.04498	0.03266	0.04003	0.02033	0.54811	0.02521	0.01894	0.02585	0.01837	0.06720	0.01531	0.00872	0.01092	0.00289	0.05470	0.01056	0.00440	0.01078
4	0.01251	0.00909	0.01069	0.01050	0.01290	0.00835	0.00778	0.01649	0.05949	0.05743	0.25448	0.18412	0.28629	0.01952	0.00980	0.00284	0.00452	0.01689	0.00835	0.00796
5	0.01474	0.01433	0.02766	0.02187	0.02623	0.01339	0.28576	0.01921	0.01920	0.02624	0.16290	0.25922	0.04094	0.01553	0.01007	0.00295	0.00876	0.01556	0.00644	0.00899
6	0.01772	0.03506	0.45806	0.05876	0.16915	0.01944	0.02808	0.02709	0.05910	0.02682	0.01631	0.01929	0.01210	0.00803	0.00802	0.00261	0.01133	0.00668	0.00397	0.01239
7	0.41373	0.10217	0.05919	0.01484	0.02079	0.10653	0.01300	0.12959	0.02016	0.03496	0.01337	0.01502	0.01038	0.00815	0.00618	0.00241	0.00864	0.00521	0.00529	0.01035
8	0.02056	0.01974	0.03372	0.05099	0.65622	0.01974	0.02550	0.02550	0.01892	0.02714	0.01563	0.02056	0.01316	0.00740	0.00822	0.00247	0.00987	0.00740	0.00411	0.01316
9	0.10560	0.10053	0.06590	0.05244	0.09547	0.07936	0.04414	0.02322	0.01580	0.02344	0.01314	0.01831	0.01158	0.01360	0.05661	0.00352	0.25678	0.00662	0.00398	0.00995
10	0.01727	0.01754	0.03201	0.02466	0.02847	0.01916	0.28685	0.02106	0.01569	0.02209	0.01725	0.02839	0.01618	0.16190	0.04715	0.00458	0.21694	0.00950	0.00422	0.00910
11	0.02221	0.71304	0.04353	0.01421	0.02132	0.03287	0.01421	0.02488	0.01688	0.01955	0.01155	0.01333	0.01066	0.00711	0.00533	0.00178	0.00888	0.00444	0.00355	0.01066
12	0.01761	0.01895	0.07019	0.24695	0.18206	0.01870	0.16305	0.02325	0.01800	0.02448	0.01855	0.02942	0.01598	0.00969	0.00980	0.00286	0.04121	0.07434	0.00434	0.01058
13	0.01208	0.00805	0.00906	0.00906	0.00906	0.00805	0.00503	0.01208	0.01208	0.01611	0.02618	0.05436	0.03020	0.70804	0.04228	0.00805	0.00805	0.01208	0.00503	0.00503
14	0.01014	0.00802	0.00913	0.00971	0.01163	0.00702	0.00696	0.01222	0.01843	0.02324	0.13485	0.28811	0.38664	0.02227	0.01008	0.00298	0.00438	0.01930	0.00787	0.00702
15	0.01058	0.00845	0.00947	0.00921	0.01169	0.00734	0.00691	0.01339	0.02073	0.02669	0.30606	0.07295	0.42830	0.01945	0.00981	0.00273	0.00410	0.01655	0.00827	0.00734
16	0.07238	0.01181	0.01528	0.01265	0.01706	0.01072	0.01011	0.02869	0.02305	0.34920	0.30048	0.04202	0.04496	0.01303	0.00878	0.00259	0.00566	0.01101	0.00946	0.01107
17	0.02221	0.71304	0.04353	0.01421	0.02132	0.03287	0.01421	0.02488	0.01688	0.01955	0.01155	0.01333	0.01066	0.00711	0.00533	0.00178	0.00888	0.00444	0.00355	0.01066
18	0.01705	0.09022	0.62118	0.02301	0.03492	0.02025	0.02953	0.02621	0.01749	0.02583	0.01467	0.01724	0.01053	0.00784	0.00771	0.00257	0.01204	0.00602	0.00351	0.01216
19	0.02000	0.01917	0.03271	0.12429	0.58731	0.01959	0.02522	0.02500	0.01865	0.02646	0.01553	0.02074	0.01292	0.00751	0.00823	0.00250	0.01001	0.00740	0.00406	0.01271
20	0.01012	0.00723	0.00964	0.01157	0.01205	0.00675	0.00771	0.01157	0.01591	0.02121	0.04579	0.70262	0.05495	0.02603	0.01060	0.00337	0.00482	0.02362	0.00771	0.00675
21	0.03103	0.03959	0.02354	0.02140	0.02568	0.67469	0.01605	0.03317	0.02354	0.02033	0.01284	0.01498	0.01070	0.00856	0.00749	0.00214	0.01498	0.00535	0.00428	0.00963
22	0.01201	0.00815	0.00950	0.00936	0.00978	0.00801	0.00564	0.01285	0.01454	0.01980	0.16053	0.05602	0.04055	0.55965	0.03531	0.00689	0.00717	0.01271	0.00592	0.00564
23	0.01569	0.01477	0.02492	0.68808	0.05722	0.01846	0.02307	0.02123	0.01661	0.02123	0.01477	0.02215	0.01107	0.00831	0.00831	0.00277	0.01107	0.00738	0.00369	0.00923
24	0.00985	0.00828	0.00855	0.00877	0.01131	0.00698	0.00647	0.01188	0.01860	0.02230	0.07986	0.14976	0.58582	0.02160	0.00991	0.00287	0.00428	0.01821	0.00771	0.00698
25	0.01012	0.00723	0.00964	0.01157	0.01205	0.00675	0.00771	0.01157	0.01591	0.02121	0.04579	0.70262	0.05495	0.02603	0.01060	0.00337	0.00482	0.02362	0.00771	0.00675
26	0.01883	0.02603	0.22261	0.04019	0.42845	0.01885	0.02594	0.02512	0.01879	0.02728	0.05570	0.02228	0.01649	0.00816	0.00822	0.00253	0.01022	0.00750	0.00425	0.01256
27	0.01204	0.00824	0.00998	0.00998	0.01030	0.00855	0.00618	0.01267	0.01235	0.01679	0.02533	0.04970	0.02818	0.56938	0.17818	0.00919	0.01110	0.01140	0.00491	0.00555
28	0.02299	0.60724	0.06851	0.01533	0.02246	0.07446	0.01513	0.05342	0.01838	0.02141	0.01217	0.01393	0.01082	0.00737	0.00572	0.00187	0.00945	0.00472	0.00382	0.01082
29	0.38493	0.07731	0.02215	0.14162	0.05394	0.10649	0.05717	0.02522	0.01665	0.02942	0.01287	0.01621	0.01017	0.00782	0.00651	0.00250	0.00930	0.00564	0.00452	0.00959
30	0.18451	0.01848	0.01857	0.01551	0.02075	0.02082	0.01250	0.26093	0.21068	0.04163	0.02302	0.02301	0.01712	0.00984	0.00741	0.00255	0.00724	0.00744	0.08593	0.01206
31	0.01208	0.00805	0.00906	0.00906	0.00906	0.00805	0.00503	0.01208	0.01208	0.01611	0.02618	0.05436	0.03020	0.70804	0.04228	0.00805	0.00805	0.01208	0.00503	0.00503
32	0.01122	0.00847	0.01036	0.00989	0.01208	0.00761	0.00741	0.01463	0.02224	0.03029	0.49399	0.06703	0.23812	0.01811	0.00980	0.00267	0.00400	0.01572	0.00875	0.00761
33	0.01699	0.04067	0.59594	0.02495	0.03679	0.01949	0.09744	0.02634	0.01777	0.02634	0.01512	0.01809	0.01076	0.00779	0.00811	0.00265	0.01247	0.00655	0.00359	0.01216
34	0.01531	0.01152	0.01373	0.01331	0.01585	0.01296	0.01017	0.02520	0.22631	0.02689	0.02969	0.10688	0.02625	0.03125	0.25141	0.00656	0.01160	0.01050	0.14528	0.00934
35	0.01610	0.01131	0.01233	0.05584	0.01603	0.05231	0.00932	0.04823	0.01743	0.02677	0.02364	0.03035	0.01985	0.05537	0.19423	0.00548	0.01061	0.00807	0.37867	0.00806
36	0.01208	0.00805	0.00906	0.00906	0.00906	0.00805	0.00503	0.01208	0.01208	0.01611	0.02618	0.05436	0.03020	0.70804	0.04228	0.00805	0.00805	0.01208	0.00503	0.00503
37	0.00992	0.00802	0.00883	0.00948	0.01150	0.00692	0.00678	0.01180	0.01791	0.02203	0.07121	0.29011	0.45104	0.02272	0.01008	0.00300	0.00441	0.01959	0.00771	0.00692
38	0.60685	0.16573	0.01894	0.01163	0.01719	0.02169	0.01012	0.02452	0.01473	0.03347	0.01156	0.01346	0.00935	0.00758	0.00518	0.00240	0.00695	0.00449	0.00480	0.00935
39	0.03103	0.03959	0.02354	0.02140	0.02568	0.67469	0.01605	0.03317	0.02354	0.02033	0.01284	0.01498	0.01070	0.00856	0.00749	0.00214	0.01498	0.00535	0.00428	0.00963
40	0.01109	0.00764	0.00935	0.01032	0.01057	0.00740	0.00638	0.01182	0.01401	0.01868	0.03606	0.38115	0.04268	0.36424	0.02631	0.00569	0.00642	0.01790	0.00638	0.00590
41	0.01318	0.01063	0.01551	0.19899	0.02485	0.01239	0.01238	0.01568	0.01410	0.01908	0.02337	0.11084	0.02430	0.24474	0.17645	0.00704	0.05351	0.01104	0.00474	0.00719
42	0.02444	0.01772	0.01955	0.01588	0.02069	0.01912	0.01275	0.40483	0.03234	0.04421	0.15833	0.08890	0.03192	0.01285	0.00867	0.00256	0.00731	0.01052	0.05567	0.01173
43	0.02225	0.11708	0.13503	0.02765	0.21663	0.02146	0.01993	0.17230	0.02309	0.03230	0.01642	0.01902	0.01288	0.00804	0.00747	0.00225	0.00930	0.00656	0.03757	0.09276
44	0.02281	0.02400	0.03153	0.04464	0.52082	0.16038	0.02347	0.02714	0.01991	0.02568	0.01503	0.01936	0.01263	0.00765	0.00807	0.00240	0.01097	0.00696	0.00415	0.01240
45	0.01012	0.00723	0.00964	0.01157	0.01205	0.00675	0.00771	0.01157	0.01591	0.02121	0.04579	0.70262	0.05495	0.02603	0.01060	0.00337	0.00482	0.02362	0.00771	0.00675
46	0.02020	0.01970	0.03105	0.15989	0.49399	0.04986	0.02409	0.02592	0.04615	0.02612	0.01615	0.02104	0.01322	0.00778	0.00821	0.00252	0.01017	0.00739	0.00424	0.01231
47	0.01387	0.01191	0.01778	0.02404	0.22937	0.01138	0.01345	0.01706	0.01887	0.02558	0.14967	0.23438	0.16561	0.01715	0.00950	0.00282	0.00624	0.01541	0.00675	0.00916
48	0.01191	0.00873	0.01250	0.01250	0.01369	0.00992	0.00932	0.01429	0.01310	0.01865	0.02303	0.03696	0.02264	0.19071	0.54928	0.01230	0.01943	0.00953	0.00457	0.00694
49	0.05351	0.01684	0.02347	0.02426	0.15777	0.01739	0.06802	0.20139	0.02566	0.03598	0.16845	0.07601	0.03312	0.01249	0.00897	0.00268	0.00803	0.04781	0.00703	0.01112
50	0.02079	0.10472	0.24212	0.03400	0.29431	0.04311	0.05128	0.02692	0.01872	0.06439	0.01594	0.01912	0.01236	0.00773	0.00785	0.00245	0.01074	0.00675	0.00424	0.01244
51	0.01262	0.01050	0.01507	0.08902	0.01969	0.01233	0.01191	0.01558	0.01468	0.02017	0.03164	0.03864	0.13588	0.04330	0.40508	0.00913	0.09201	0.01015	0.00488	0.00773
52	0.01675	0.01244	0.01427	0.01307	0.01600	0.01279	0.00988	0.19337	0.02378	0.03158	0.11087	0.24252	0.15323	0.05323	0.05324	0.00377	0.00713	0.01532	0.00772	0.00905
53	0.01920	0.01907	0.05728	0.03547	0.37833	0.01855	0.02018	0.02917	0.19103	0.02868	0.02831	0.02996	0.08812	0.01002	0.00845	0.00261	0.00844	0.00903	0.00569	0.01242
54	0.01671	0.01308	0.01680	0.01526	0.01830	0.01363	0.05112	0.14910	0.09153	0.03024	0.06390	0.33723	0.06562	0.02134	0.05183	0.00366	0.00759	0.01606	0.00755	0.00945
55	0.06828	0.04717	0.03162	0.06748	0.38929	0.02008	0.08912	0.02829	0.09562	0.05527	0.01828	0.02172	0.01446	0.00801	0.00813	0.00254	0.00960	0.00765	0.00495	0.01244
56	0.12024	0.01940	0.02584	0.03376	0.34315	0.05874	0.01946	0.11173	0.02151	0.03136	0.01994	0.03053	0.01797	0.01029	0.00829	0.00268	0.00928	0.09875	0.00541	0.01168
57	0.24246	0.09344	0.04817	0.04436	0.02184	0.14110	0.01318	0.02929	0.15213	0.03012	0.08864	0.02351	0.02094	0.00964	0.00709	0.00248	0.00848	0.00708	0.00584	0.01020
58	0.01781	0.12961	0.51616	0.02529	0.09908	0.02114	0.02796	0.02603	0.01760	0.02550	0.01454	0.01730	0.01082	0.00774	0.00759	0.00250	0.01157	0.00605	0.00358	0.01216
59	0.02408	0.02539	0.07156	0.03508	0.27476	0.11953	0.13375	0.15640	0.02398	0.03138	0.01631	0.01975	0.01274	0.00808	0.00841	0.00250	0.01139	0.00748	0.00502	0.01242

[dist]
# distance from previous block
# <min> <max>
2	47

[block]
# block no. 2 follows, 22 sequences, length 33
# corresponding to MSA columns:
# 189-221
name=unknown_C
#
# <colnr> <probs for GDERKNQSTAVLIFYWHMCP>
#	G	D	E	R	K	N	Q	S	T	A	V	L	I	F	Y	W	H	M	C	P
0	0.05653	0.01091	0.01029	0.01016	0.01194	0.05756	0.00697	0.01435	0.01628	0.02098	0.07226	0.10121	0.26355	0.24772	0.02140	0.04472	0.00660	0.01382	0.00626	0.00650
1	0.01401	0.01844	0.15525	0.01729	0.02231	0.01281	0.13788	0.01801	0.01651	0.02201	0.03656	0.04654	0.18004	0.24319	0.02017	0.00451	0.00919	0.01174	0.00522	0.00832
2	0.01815	0.13705	0.33040	0.02455	0.03363	0.02180	0.18300	0.02515	0.01744	0.02456	0.01499	0.01899	0.01164	0.01077	0.04341	0.00316	0.05922	0.00706	0.00375	0.01128
3	0.11509	0.14670	0.28807	0.02480	0.06883	0.02196	0.17060	0.02585	0.01758	0.02670	0.01442	0.01767	0.01101	0.00749	0.00759	0.00251	0.01123	0.00661	0.00393	0.01137
4	0.01400	0.01232	0.01449	0.01425	0.01604	0.08439	0.01102	0.01688	0.01449	0.01940	0.02120	0.03067	0.01965	0.05632	0.60074	0.01210	0.02144	0.00851	0.00443	0.00766
5	0.02478	0.01919	0.02386	0.09392	0.02674	0.04522	0.01681	0.20868	0.02309	0.11691	0.01756	0.02098	0.01359	0.01353	0.04136	0.00337	0.26563	0.00749	0.00602	0.01128
6	0.01947	0.01845	0.03057	0.14133	0.49632	0.01858	0.02339	0.02435	0.01839	0.02625	0.01540	0.02043	0.01275	0.00740	0.00801	0.00237	0.00963	0.00712	0.00414	0.09565
7	0.01491	0.01293	0.01833	0.01672	0.01758	0.01688	0.01353	0.01743	0.01335	0.02039	0.01755	0.02612	0.01643	0.03759	0.34292	0.00828	0.31807	0.00810	0.05473	0.00818
8	0.00982	0.00842	0.00842	0.00842	0.01122	0.00701	0.00631	0.01192	0.01894	0.02244	0.08416	0.07995	0.65285	0.02104	0.00982	0.00281	0.00421	0.01753	0.00771	0.00701
9	0.02680	0.03166	0.02424	0.02142	0.02440	0.42627	0.01674	0.05922	0.02075	0.02186	0.01256	0.01629	0.01094	0.01062	0.01409	0.00265	0.23944	0.00610	0.00427	0.00968
10	0.01089	0.00846	0.00990	0.00954	0.01188	0.00747	0.00715	0.01399	0.02146	0.02844	0.39733	0.07008	0.33593	0.01880	0.00981	0.00270	0.00405	0.01615	0.00850	0.00747
11	0.01549	0.00774	0.00774	0.00774	0.00968	0.00774	0.00581	0.01936	0.01742	0.03097	0.02710	0.03097	0.02129	0.00968	0.00581	0.00194	0.00387	0.00774	0.75416	0.00774
12	0.02513	0.02722	0.02941	0.03804	0.38348	0.25921	0.02139	0.06903	0.02197	0.02636	0.01490	0.01848	0.01233	0.00800	0.00796	0.00235	0.01169	0.00666	0.00446	0.01194
13	0.01445	0.01107	0.01231	0.01173	0.01452	0.01080	0.00878	0.13817	0.02224	0.02860	0.08165	0.27339	0.30023	0.02026	0.00977	0.00292	0.00541	0.01739	0.00789	0.00842
14	0.05356	0.05041	0.02780	0.08682	0.31927	0.13069	0.01997	0.02992	0.09970	0.07483	0.01840	0.02109	0.01444	0.00839	0.00790	0.00246	0.01002	0.00714	0.00515	0.01205
15	0.08429	0.14549	0.07195	0.02477	0.13783	0.25275	0.01810	0.05126	0.01982	0.02442	0.01323	0.01631	0.01115	0.00871	0.00933	0.00239	0.08744	0.00585	0.00423	0.01069
16	0.01799	0.01248	0.01435	0.01275	0.01607	0.01247	0.00977	0.17672	0.02469	0.07589	0.17822	0.17845	0.17388	0.04426	0.01074	0.00298	0.00591	0.01470	0.00825	0.00942
17	0.01192	0.00799	0.00911	0.00926	0.00930	0.00795	0.00525	0.01204	0.01239	0.01652	0.02775	0.10638	0.03219	0.65332	0.03974	0.00768	0.00779	0.01301	0.00525	0.00517
18	0.01057	0.00751	0.00942	0.01076	0.01128	0.00708	0.00698	0.01171	0.01521	0.02008	0.04376	0.50641	0.08993	0.18736	0.01806	0.00444	0.00554	0.02047	0.00708	0.00636
19	0.01046	0.00834	0.00937	0.00932	0.01167	0.00726	0.00691	0.01309	0.02015	0.02581	0.26211	0.12420	0.42168	0.02015	0.00987	0.00279	0.00416	0.01722	0.00817	0.00726
20	0.02960	0.02136	0.02282	0.01772	0.02379	0.02355	0.01456	0.55376	0.03640	0.04973	0.02082	0.02130	0.01501	0.00994	0.00800	0.00242	0.00849	0.00751	0.09985	0.01334
21	0.00982	0.00842	0.00842	0.00842	0.01122	0.00701	0.00631	0.01192	0.01894	0.02244	0.08416	0.07995	0.65285	0.02104	0.00982	0.00281	0.00421	0.01753	0.00771	0.00701
22	0.01666	0.04297	0.66500	0.02368	0.03596	0.01929	0.03069	0.02631	0.01754	0.02631	0.01491	0.01754	0.01052	0.00789	0.00789	0.00263	0.01228	0.00614	0.00351	0.01228
23	0.03103	0.03959	0.02354	0.02140	0.02568	0.67469	0.01605	0.03317	0.02354	0.02033	0.01284	0.01498	0.01070	0.00856	0.00749	0.00214	0.01498	0.00535	0.00428	0.00963
24	0.01114	0.00831	0.00938	0.00920	0.01080	0.00760	0.00629	0.01302	0.01783	0.02325	0.22098	0.06614	0.27840	0.25788	0.02106	0.00457	0.00546	0.01495	0.00718	0.00656
25	0.01045	0.00760	0.00970	0.01091	0.01185	0.00702	0.00743	0.01226	0.01720	0.02292	0.14180	0.49990	0.12324	0.06172	0.01214	0.00345	0.00479	0.02099	0.00778	0.00685
26	0.01204	0.00823	0.00994	0.00994	0.01024	0.00853	0.00613	0.01264	0.01234	0.01676	0.02537	0.04992	0.02827	0.57587	0.17182	0.00914	0.01096	0.01143	0.00491	0.00552
27	0.01163	0.00820	0.00937	0.00924	0.01011	0.00783	0.00582	0.01279	0.01558	0.02070	0.16407	0.06028	0.14560	0.45014	0.03013	0.00605	0.00656	0.01361	0.00633	0.00594
28	0.01538	0.01370	0.02214	0.33299	0.16497	0.01520	0.01852	0.02026	0.01937	0.02644	0.22618	0.03506	0.03382	0.01100	0.00878	0.00266	0.00846	0.00992	0.00559	0.00957
29	0.02111	0.01997	0.02913	0.03347	0.29565	0.09022	0.12142	0.02627	0.04667	0.07677	0.02917	0.03129	0.12127	0.01015	0.00870	0.00257	0.00982	0.00944	0.00543	0.01148
30	0.09758	0.01130	0.04015	0.01123	0.01452	0.00971	0.00925	0.01788	0.02016	0.07943	0.26020	0.09475	0.22905	0.01711	0.00924	0.00279	0.00521	0.05413	0.00794	0.00835
31	0.02196	0.02950	0.14982	0.02744	0.15188	0.23390	0.06123	0.02659	0.02010	0.02467	0.08505	0.02265	0.01884	0.00965	0.01014	0.00255	0.08128	0.00748	0.00457	0.01069
32	0.01995	0.07626	0.23164	0.01953	0.05351	0.16591	0.01868	0.04641	0.01988	0.02494	0.02585	0.02716	0.11717	0.00998	0.00774	0.00229	0.01029	0.00767	0.00477	0.11035

[dist]
# distance from previous block
# <min> <max>
1	4

[block]
# block no. 3 follows, 22 sequences, length 11
# corresponding to MSA columns:
# 226-236
name=unknown_D
#
# <colnr> <probs for GDERKNQSTAVLIFYWHMCP>
#	G	D	E	R	K	N	Q	S	T	A	V	L	I	F	Y	W	H	M	C	P
0	0.02225	0.06040	0.15961	0.06294	0.12154	0.24881	0.02064	0.02662	0.01887	0.02249	0.01424	0.01841	0.01185	0.01301	0.06137	0.00335	0.09275	0.00639	0.00397	0.01050
1	0.02482	0.02804	0.02888	0.07125	0.35345	0.30192	0.02130	0.02858	0.02079	0.02390	0.01438	0.01824	0.01199	0.00795	0.00791	0.00234	0.01213	0.00652	0.00416	0.01143
2	0.01861	0.01646	0.02348	0.02923	0.27192	0.06059	0.04765	0.04990	0.01851	0.02652	0.01947	0.02520	0.01642	0.02187	0.17634	0.00512	0.01243	0.00783	0.14203	0.01042
3	0.01404	0.01358	0.05810	0.02028	0.13577	0.01209	0.01323	0.02000	0.10946	0.02476	0.03957	0.37822	0.09011	0.01875	0.00960	0.00303	0.00646	0.01682	0.00687	0.00928
4	0.02879	0.03231	0.09839	0.02306	0.07509	0.30478	0.01835	0.25630	0.02835	0.03361	0.01597	0.01757	0.01216	0.00893	0.00790	0.00235	0.01208	0.00640	0.00570	0.01190
5	0.02124	0.33594	0.10664	0.02912	0.23362	0.05237	0.06364	0.02570	0.01809	0.02331	0.01368	0.01688	0.01161	0.00734	0.00697	0.00218	0.01019	0.00602	0.00381	0.01165
6	0.01378	0.00950	0.01249	0.01196	0.01398	0.01026	0.00925	0.05509	0.01820	0.02697	0.17401	0.03857	0.03426	0.03816	0.34659	0.00793	0.01355	0.01006	0.14739	0.00801
7	0.01754	0.14495	0.05937	0.01228	0.01592	0.01584	0.01096	0.05472	0.01775	0.02763	0.02125	0.02539	0.01737	0.01521	0.08076	0.00336	0.05875	0.00709	0.38484	0.00901
8	0.01586	0.06245	0.06564	0.13064	0.02432	0.01451	0.01374	0.10675	0.01942	0.02572	0.03111	0.29600	0.05825	0.01931	0.03712	0.04191	0.00817	0.01410	0.00617	0.00883
9	0.06548	0.03056	0.02694	0.03247	0.27277	0.38313	0.01939	0.02970	0.02123	0.02389	0.01387	0.01709	0.01158	0.00806	0.00766	0.00229	0.01253	0.00611	0.00426	0.01098
10	0.01666	0.01613	0.01834	0.01666	0.01907	0.13402	0.05586	0.01973	0.01589	0.02082	0.01958	0.02745	0.01762	0.04140	0.41180	0.00905	0.07039	0.00811	0.05317	0.00824

[dist]
# distance from previous block
# <min> <max>
6	17

[block]
# block no. 4 follows, 22 sequences, length 9
# corresponding to MSA columns:
# 254-262
name=unknown_E
#
# <colnr> <probs for GDERKNQSTAVLIFYWHMCP>
#	G	D	E	R	K	N	Q	S	T	A	V	L	I	F	Y	W	H	M	C	P
0	0.00985	0.00830	0.00853	0.00872	0.01130	0.00699	0.00645	0.01189	0.01865	0.02232	0.08050	0.13933	0.59583	0.02151	0.00989	0.00286	0.00427	0.01811	0.00771	0.00699
1	0.01412	0.00897	0.00997	0.00987	0.01221	0.00845	0.00733	0.01783	0.05140	0.06575	0.07507	0.13519	0.23923	0.06659	0.01103	0.00303	0.00489	0.03657	0.21464	0.00788
2	0.01571	0.01464	0.06354	0.02250	0.16674	0.01430	0.01495	0.01939	0.01555	0.02367	0.02009	0.02856	0.01800	0.08527	0.21202	0.00624	0.09379	0.00821	0.14765	0.00916
3	0.02191	0.44591	0.03691	0.01904	0.06359	0.08537	0.01605	0.02448	0.01661	0.02022	0.01178	0.01509	0.01089	0.00900	0.01087	0.00229	0.17059	0.00538	0.00367	0.01037
4	0.01936	0.01882	0.01923	0.01488	0.02084	0.10941	0.01184	0.02258	0.01755	0.02516	0.01398	0.01703	0.01189	0.00761	0.00913	0.00168	0.09794	0.00529	0.00466	0.55114
5	0.01122	0.00839	0.01017	0.01115	0.01272	0.00781	0.00838	0.01331	0.01719	0.02182	0.05491	0.22876	0.24677	0.13022	0.01554	0.00404	0.00590	0.17761	0.00728	0.00681
6	0.01747	0.01759	0.03432	0.02971	0.13322	0.01685	0.33822	0.02199	0.01720	0.02349	0.01947	0.03186	0.01807	0.22104	0.01946	0.00435	0.01151	0.01011	0.00444	0.00964
7	0.01456	0.01209	0.01711	0.02226	0.19119	0.01180	0.01278	0.05850	0.01873	0.02498	0.04201	0.30834	0.15570	0.05698	0.01141	0.00321	0.00658	0.01617	0.00661	0.00899
8	0.01946	0.01861	0.03172	0.19539	0.52045	0.01945	0.02495	0.02453	0.01839	0.02580	0.01543	0.02092	0.01269	0.00761	0.00824	0.00254	0.01014	0.00740	0.00402	0.01227

[dist]
# distance from previous block
# <min> <max>
5	21

[block]
# block no. 5 follows, 22 sequences, length 7
# corresponding to MSA columns:
# 284-290
name=unknown_F
#
# <colnr> <probs for GDERKNQSTAVLIFYWHMCP>
#	G	D	E	R	K	N	Q	S	T	A	V	L	I	F	Y	W	H	M	C	P
0	0.01502	0.01133	0.01278	0.01227	0.01496	0.01124	0.00925	0.14611	0.02199	0.02838	0.05202	0.26395	0.24732	0.05754	0.01162	0.00328	0.00593	0.05892	0.00769	0.00841
1	0.02436	0.01920	0.02276	0.06664	0.02538	0.02243	0.01567	0.34457	0.07713	0.03835	0.01954	0.02263	0.01528	0.01869	0.11312	0.00438	0.12359	0.00781	0.00663	0.01184
2	0.02268	0.01727	0.01900	0.01568	0.02050	0.01834	0.01231	0.29833	0.12963	0.03858	0.06466	0.11032	0.02607	0.06940	0.01124	0.00297	0.00743	0.01032	0.00765	0.09761
3	0.02230	0.02032	0.07116	0.01970	0.02570	0.01923	0.13580	0.29281	0.02722	0.03626	0.03024	0.03410	0.12053	0.09137	0.01274	0.00326	0.00940	0.01003	0.00667	0.01119
4	0.01173	0.00825	0.01063	0.01076	0.01155	0.00849	0.00728	0.01336	0.01478	0.02043	0.13051	0.13025	0.03865	0.33442	0.20469	0.00801	0.01082	0.01314	0.00588	0.00635
5	0.02115	0.02975	0.30078	0.03351	0.28088	0.01985	0.02580	0.09920	0.02102	0.06510	0.01679	0.01963	0.01256	0.00808	0.00810	0.00255	0.01065	0.00693	0.00470	0.01295
6	0.09762	0.08370	0.28825	0.12013	0.10751	0.02069	0.09190	0.04908	0.01824	0.02737	0.01476	0.01842	0.01113	0.00780	0.00773	0.00257	0.01101	0.00662	0.00405	0.01142

[dist]
# distance from previous block
# <min> <max>
4	6

[block]
# block no. 6 follows, 22 sequences, length 12
# corresponding to MSA columns:
# 297-308
name=unknown_G
#
# <colnr> <probs for GDERKNQSTAVLIFYWHMCP>
#	G	D	E	R	K	N	Q	S	T	A	V	L	I	F	Y	W	H	M	C	P
0	0.01270	0.01044	0.01355	0.01560	0.10196	0.00979	0.00987	0.01684	0.04897	0.02789	0.30437	0.06100	0.27220	0.04529	0.01086	0.00290	0.00514	0.01449	0.00773	0.00841
1	0.01231	0.00935	0.01336	0.01312	0.01424	0.01094	0.00992	0.01467	0.01308	0.01876	0.02223	0.03562	0.02183	0.17574	0.51899	0.01177	0.06309	0.00937	0.00450	0.00710
2	0.02230	0.02363	0.15459	0.07232	0.38332	0.01913	0.02412	0.07068	0.02055	0.10316	0.01777	0.02091	0.01347	0.00807	0.00819	0.00253	0.01002	0.00727	0.00500	0.01297
3	0.01089	0.00840	0.00998	0.00999	0.01215	0.00749	0.00750	0.01381	0.02065	0.02720	0.32609	0.13382	0.31058	0.01986	0.00998	0.00283	0.00433	0.04874	0.00834	0.00738
4	0.07262	0.02238	0.08911	0.02423	0.18176	0.13489	0.01650	0.08411	0.02081	0.03010	0.01855	0.02174	0.01463	0.00860	0.00715	0.00228	0.00899	0.00681	0.22409	0.01065
5	0.08874	0.01274	0.01852	0.13857	0.14865	0.01359	0.01537	0.01920	0.01721	0.02492	0.07019	0.04816	0.02899	0.08864	0.01412	0.05039	0.00832	0.17945	0.00559	0.00863
6	0.06480	0.08943	0.02120	0.01853	0.07866	0.23426	0.01327	0.09562	0.02216	0.02733	0.02841	0.02959	0.12846	0.01083	0.00752	0.00230	0.00940	0.00816	0.10021	0.00984
7	0.09460	0.02094	0.02008	0.06741	0.13443	0.18533	0.01482	0.02729	0.08501	0.02737	0.01895	0.02207	0.01514	0.00911	0.00811	0.00238	0.04278	0.00688	0.18723	0.01006
8	0.01936	0.01862	0.01852	0.10886	0.02483	0.13103	0.01276	0.04867	0.08492	0.02538	0.02015	0.07519	0.01833	0.07779	0.01090	0.00266	0.00866	0.00805	0.00537	0.27994
9	0.01823	0.02292	0.16506	0.02059	0.06866	0.07373	0.05606	0.08015	0.01842	0.02470	0.02177	0.07189	0.03750	0.19022	0.01917	0.00413	0.08276	0.00959	0.00492	0.00953
10	0.07604	0.02145	0.12963	0.01670	0.02312	0.01802	0.01536	0.23974	0.02513	0.14648	0.02136	0.02519	0.01647	0.09333	0.05319	0.00379	0.00966	0.00769	0.00682	0.05084
11	0.14606	0.01727	0.01843	0.11893	0.08583	0.11494	0.01412	0.02248	0.01775	0.07060	0.02693	0.17793	0.06605	0.01359	0.00944	0.00279	0.05085	0.01103	0.00573	0.00926

[dist]
# distance from previous block
# <min> <max>
11	63

[block]
# block no. 7 follows, 22 sequences, length 9
# corresponding to MSA columns:
# 372-380
name=unknown_H
#
# <colnr> <probs for GDERKNQSTAVLIFYWHMCP>
#	G	D	E	R	K	N	Q	S	T	A	V	L	I	F	Y	W	H	M	C	P
0	0.01391	0.01781	0.14318	0.02152	0.16528	0.01247	0.01573	0.01839	0.01929	0.02578	0.13270	0.05155	0.30040	0.01476	0.00907	0.00267	0.00706	0.01262	0.00625	0.00958
1	0.02497	0.02653	0.02961	0.03847	0.39376	0.23382	0.02154	0.08240	0.02224	0.02720	0.01511	0.01869	0.01244	0.00801	0.00799	0.00236	0.01147	0.00674	0.00455	0.01210
2	0.01072	0.00825	0.00987	0.01045	0.01236	0.00741	0.00780	0.01323	0.01916	0.02474	0.19229	0.23990	0.30523	0.02168	0.01020	0.00303	0.00469	0.08379	0.00802	0.00719
3	0.01694	0.01543	0.01853	0.02294	0.19005	0.08789	0.01303	0.02007	0.04542	0.02094	0.02159	0.03651	0.02178	0.31434	0.11425	0.00633	0.01122	0.00947	0.00478	0.00850
4	0.01642	0.01457	0.02345	0.08938	0.29547	0.01568	0.01817	0.02157	0.04971	0.02367	0.01935	0.02642	0.01688	0.03113	0.29293	0.00716	0.01508	0.00815	0.00445	0.01036
5	0.01679	0.11480	0.15716	0.04890	0.11904	0.01601	0.01675	0.02145	0.01915	0.06412	0.11754	0.04058	0.18986	0.01253	0.00840	0.00253	0.00785	0.01046	0.00588	0.01020
6	0.01301	0.01773	0.16329	0.12625	0.02498	0.01200	0.01490	0.01759	0.01807	0.02377	0.05047	0.05050	0.33576	0.01461	0.00875	0.00264	0.00730	0.01213	0.04304	0.04322
7	0.01170	0.00989	0.01069	0.00949	0.01328	0.00802	0.00726	0.01433	0.01895	0.02447	0.11828	0.06387	0.45408	0.01724	0.00897	0.00242	0.00463	0.01440	0.00720	0.18082
8	0.02146	0.03389	0.30420	0.02718	0.15248	0.17051	0.02351	0.06810	0.02030	0.02618	0.01569	0.02023	0.01268	0.05616	0.01025	0.00285	0.01193	0.00670	0.00424	0.01147

[dist]
# distance from previous block
# <min> <max>
2	4

[block]
# block no. 8 follows, 22 sequences, length 26
# corresponding to MSA columns:
# 385-410
name=unknown_I
#
# <colnr> <probs for GDERKNQSTAVLIFYWHMCP>
#	G	D	E	R	K	N	Q	S	T	A	V	L	I	F	Y	W	H	M	C	P
0	0.01938	0.02354	0.14766	0.06670	0.46781	0.01931	0.05728	0.02525	0.01863	0.02667	0.01654	0.02278	0.01382	0.00806	0.00837	0.00257	0.01048	0.02848	0.00412	0.01256
1	0.02060	0.03029	0.23625	0.11375	0.26792	0.13790	0.02519	0.02663	0.01903	0.02492	0.01478	0.01876	0.01160	0.00788	0.00799	0.00250	0.01172	0.00662	0.00390	0.01176
2	0.12748	0.16266	0.27813	0.01922	0.02783	0.10027	0.05166	0.02607	0.01773	0.02596	0.01362	0.01607	0.01064	0.00758	0.00689	0.00227	0.01059	0.00555	0.00402	0.08576
3	0.02327	0.02287	0.01798	0.01597	0.01937	0.25320	0.01180	0.15136	0.02283	0.02705	0.02159	0.09493	0.02104	0.17434	0.01598	0.00368	0.01018	0.00931	0.04522	0.03803
4	0.02687	0.10365	0.02426	0.01698	0.02265	0.02316	0.01396	0.37743	0.11330	0.07072	0.02314	0.05890	0.01869	0.05600	0.01030	0.00286	0.00837	0.00855	0.00760	0.01260
5	0.01421	0.01036	0.01310	0.01230	0.01302	0.01222	0.00904	0.01605	0.01373	0.02109	0.02235	0.03701	0.02217	0.27576	0.13910	0.00652	0.16071	0.00943	0.18484	0.00699
6	0.01133	0.00794	0.00963	0.00993	0.01107	0.00738	0.00671	0.01245	0.01654	0.02175	0.15985	0.20060	0.19175	0.18280	0.02031	0.09543	0.00555	0.01588	0.00686	0.00624
7	0.01834	0.02200	0.14648	0.13490	0.31625	0.01845	0.02303	0.02601	0.09308	0.02625	0.01912	0.05798	0.01609	0.00983	0.00916	0.02865	0.00974	0.00826	0.00463	0.01173
8	0.01208	0.00805	0.00906	0.00906	0.00906	0.00805	0.00503	0.01208	0.01208	0.01611	0.02618	0.05436	0.03020	0.70804	0.04228	0.00805	0.00805	0.01208	0.00503	0.00503
9	0.01999	0.01284	0.01648	0.13934	0.05702	0.01340	0.01240	0.10342	0.02080	0.09419	0.02388	0.05772	0.01892	0.00994	0.00724	0.00228	0.00675	0.00825	0.31660	0.05855
10	0.02173	0.02241	0.03402	0.04582	0.51875	0.09902	0.08439	0.02653	0.01954	0.02626	0.01541	0.02007	0.01281	0.00750	0.00829	0.00246	0.01090	0.00739	0.00414	0.01254
11	0.03058	0.07398	0.02456	0.02103	0.02546	0.64192	0.01596	0.03275	0.02320	0.02029	0.01278	0.01490	0.01070	0.00849	0.00738	0.00212	0.01467	0.00530	0.00424	0.00968
12	0.01030	0.00843	0.00909	0.00892	0.01152	0.00722	0.00669	0.01286	0.02008	0.02515	0.22568	0.07549	0.50964	0.02003	0.00981	0.00276	0.00414	0.01691	0.00807	0.00722
13	0.02625	0.02279	0.02123	0.01803	0.02322	0.13596	0.01422	0.21882	0.29776	0.06702	0.04882	0.02585	0.02112	0.01057	0.00829	0.00258	0.00875	0.00826	0.00779	0.01268
14	0.01403	0.00958	0.01065	0.01007	0.01073	0.00982	0.00611	0.07371	0.01478	0.01973	0.02555	0.05092	0.02860	0.63826	0.03889	0.00750	0.00816	0.01162	0.00536	0.00594
15	0.01060	0.00855	0.00950	0.00957	0.01211	0.00746	0.00738	0.01326	0.01989	0.02493	0.19618	0.07776	0.47033	0.02041	0.00999	0.00288	0.00452	0.07945	0.00800	0.00725
16	0.02054	0.01901	0.01815	0.01645	0.02090	0.08459	0.01271	0.03960	0.51280	0.03199	0.03711	0.03464	0.09111	0.01205	0.00850	0.00275	0.00716	0.00986	0.00796	0.01214
17	0.01186	0.00910	0.01325	0.01347	0.01462	0.01049	0.01025	0.01439	0.01392	0.01979	0.02715	0.19204	0.02831	0.05052	0.47399	0.01033	0.06165	0.01232	0.00518	0.00737
18	0.01007	0.00744	0.00942	0.01100	0.01190	0.00680	0.00746	0.01163	0.01645	0.02143	0.05273	0.59000	0.16309	0.02512	0.01046	0.00327	0.00471	0.02252	0.00771	0.00680
19	0.02197	0.12463	0.29796	0.02642	0.14660	0.05677	0.02366	0.15104	0.02248	0.03063	0.01552	0.01790	0.01179	0.00816	0.00767	0.00243	0.01086	0.00638	0.00466	0.01247
20	0.03911	0.00969	0.01322	0.03606	0.09209	0.01003	0.00966	0.01661	0.01457	0.02283	0.02043	0.02962	0.01835	0.08979	0.08009	0.23194	0.00806	0.00797	0.24295	0.00695
21	0.02065	0.14794	0.02922	0.02962	0.27621	0.02110	0.01811	0.05994	0.13523	0.02832	0.02023	0.02551	0.01717	0.00908	0.00772	0.00236	0.00849	0.04548	0.00536	0.09226
22	0.01922	0.02060	0.08713	0.06005	0.14282	0.05906	0.01821	0.05759	0.14252	0.02678	0.01958	0.02361	0.01603	0.01864	0.12226	0.00450	0.11178	0.00770	0.00514	0.03677
23	0.02191	0.15394	0.24825	0.02733	0.14739	0.17497	0.06209	0.02753	0.01922	0.02390	0.01409	0.01708	0.01122	0.00776	0.00754	0.00235	0.01198	0.00613	0.00385	0.01147
24	0.15938	0.19248	0.09277	0.05902	0.14271	0.06280	0.01825	0.02453	0.01650	0.02515	0.01279	0.01652	0.01087	0.00875	0.01007	0.00253	0.12444	0.00586	0.00401	0.01058
25	0.01354	0.01098	0.01648	0.06026	0.13574	0.01167	0.01250	0.01641	0.01535	0.02132	0.05924	0.07788	0.05993	0.15874	0.28431	0.00798	0.01370	0.01078	0.00507	0.00813

[dist]
# distance from previous block
# <min> <max>
40	189

[block]
# block no. 9 follows, 22 sequences, length 7
# corresponding to MSA columns:
# 631-637
name=unknown_J
#
# <colnr> <probs for GDERKNQSTAVLIFYWHMCP>
#	G	D	E	R	K	N	Q	S	T	A	V	L	I	F	Y	W	H	M	C	P
0	0.01850	0.01902	0.01678	0.01590	0.01827	0.20347	0.01207	0.05333	0.01875	0.02219	0.02961	0.16818	0.08908	0.02775	0.18014	0.00547	0.07597	0.01157	0.00555	0.00840
1	0.01596	0.01171	0.01497	0.01377	0.01606	0.01313	0.01055	0.14055	0.01841	0.02552	0.02247	0.03389	0.02108	0.16625	0.42558	0.01018	0.01703	0.00917	0.00535	0.00837
2	0.01487	0.01331	0.01910	0.01737	0.01815	0.01755	0.01409	0.01729	0.01305	0.01962	0.01685	0.02576	0.01608	0.03959	0.36696	0.00873	0.34123	0.00813	0.00406	0.00821
3	0.02581	0.21633	0.02764	0.01759	0.02327	0.36492	0.01428	0.02841	0.02044	0.02151	0.01289	0.01500	0.01102	0.00767	0.00663	0.00185	0.01152	0.00502	0.00422	0.16398
4	0.01627	0.03360	0.46406	0.01997	0.03017	0.01642	0.02404	0.02410	0.01809	0.02719	0.08085	0.02209	0.01792	0.00848	0.00773	0.00234	0.01015	0.00681	0.00438	0.16534
