[name]
unknown

[dist]
# distance from previous block
# <min> <max>
0	5

[block]
# block no. 0 follows, 21 sequences, length 28
# corresponding to MSA columns:
# 5-32
name=unknown_A
#
# <colnr> <probs for GDERKNQSTAVLIFYWHMCP>
#	G	D	E	R	K	N	Q	S	T	A	V	L	I	F	Y	W	H	M	C	P
0	0.01371	0.00980	0.01371	0.01567	0.01763	0.00980	0.01371	0.01763	0.01959	0.02547	0.04506	0.09599	0.04898	0.02351	0.01175	0.00392	0.00784	0.59056	0.00784	0.00784
1	0.02167	0.57945	0.16167	0.01642	0.02471	0.03101	0.01779	0.02576	0.01742	0.02135	0.01249	0.01448	0.01089	0.00743	0.00596	0.00199	0.00977	0.00488	0.00363	0.01124
2	0.02262	0.62051	0.04135	0.01495	0.02168	0.07066	0.01442	0.02533	0.01747	0.02005	0.01262	0.01503	0.01159	0.01103	0.04840	0.00261	0.01037	0.00490	0.00375	0.01064
3	0.01720	0.01293	0.01543	0.04980	0.01913	0.01327	0.01107	0.18302	0.02328	0.03108	0.03899	0.38801	0.08351	0.01960	0.00977	0.00301	0.00655	0.01717	0.00770	0.04951
4	0.01707	0.04402	0.65683	0.02426	0.03683	0.01976	0.03144	0.02695	0.01797	0.02695	0.01527	0.01797	0.01078	0.00809	0.00809	0.00270	0.01258	0.00629	0.00359	0.01258
5	0.02858	0.01930	0.02165	0.01717	0.02282	0.02060	0.01394	0.41598	0.03411	0.12393	0.11994	0.07010	0.02807	0.01239	0.00890	0.00264	0.00800	0.01000	0.00886	0.01301
6	0.11901	0.01815	0.02944	0.25731	0.32974	0.01970	0.05691	0.02456	0.01796	0.02713	0.01522	0.02074	0.01215	0.00791	0.00812	0.00267	0.01029	0.00732	0.00421	0.01143
7	0.03502	0.01924	0.06750	0.01704	0.02412	0.01692	0.01491	0.20222	0.02828	0.44036	0.02857	0.02578	0.01848	0.01027	0.00851	0.00262	0.00822	0.00814	0.00947	0.01434
8	0.01008	0.00855	0.00869	0.00881	0.01154	0.00717	0.00655	0.01219	0.01922	0.02292	0.08395	0.11711	0.61063	0.02185	0.01010	0.00291	0.00435	0.01832	0.00790	0.00717
9	0.01819	0.03736	0.48263	0.03209	0.20787	0.01989	0.02995	0.02672	0.01836	0.02719	0.01548	0.01883	0.01154	0.00794	0.00818	0.00265	0.01189	0.00665	0.00377	0.01283
10	0.02866	0.03521	0.02900	0.02836	0.12459	0.48593	0.09328	0.03192	0.02288	0.02271	0.01410	0.01718	0.01160	0.00839	0.00809	0.00233	0.01441	0.00638	0.00435	0.01063
11	0.01006	0.00862	0.00862	0.00862	0.01149	0.00718	0.00647	0.01221	0.01940	0.02299	0.08621	0.08190	0.64438	0.02155	0.01006	0.00287	0.00431	0.01796	0.00790	0.00718
12	0.01862	0.01862	0.02607	0.02234	0.02234	0.02607	0.01862	0.02048	0.01303	0.02048	0.01117	0.01862	0.01117	0.01489	0.02793	0.00372	0.68535	0.00745	0.00372	0.00931
13	0.06183	0.55676	0.09793	0.01585	0.02297	0.03104	0.01613	0.02522	0.01689	0.02168	0.01210	0.01443	0.01083	0.00795	0.00736	0.00209	0.05943	0.00493	0.00373	0.01086
14	0.01626	0.01564	0.01634	0.01572	0.01771	0.13694	0.01218	0.01907	0.01564	0.02000	0.02032	0.02917	0.01876	0.05065	0.50653	0.01094	0.05718	0.00833	0.00448	0.00812
15	0.01130	0.00807	0.01095	0.01292	0.01382	0.00772	0.00953	0.01347	0.01722	0.02277	0.04639	0.52758	0.05424	0.02578	0.01111	0.00359	0.00575	0.18274	0.00788	0.00717
16	0.02107	0.02010	0.03358	0.05003	0.60830	0.02028	0.02532	0.02732	0.05812	0.02830	0.01718	0.02174	0.01427	0.00783	0.00844	0.00255	0.00990	0.00771	0.00449	0.01348
17	0.12690	0.05867	0.37967	0.02647	0.14861	0.01956	0.02506	0.02577	0.01808	0.02894	0.05380	0.02062	0.01539	0.00851	0.00776	0.00262	0.01056	0.00679	0.00432	0.01191
18	0.01623	0.00937	0.01037	0.00987	0.01159	0.01037	0.00765	0.01992	0.01720	0.03021	0.02553	0.02996	0.02038	0.01058	0.00891	0.00222	0.09564	0.00787	0.64801	0.00812
19	0.01072	0.00820	0.01077	0.05964	0.01553	0.00783	0.00876	0.01264	0.01694	0.02197	0.05212	0.52935	0.16549	0.02437	0.01054	0.00330	0.00528	0.02180	0.00760	0.00715
20	0.06065	0.38453	0.08880	0.01748	0.02416	0.12817	0.01649	0.10111	0.02085	0.02587	0.01337	0.01545	0.01129	0.00845	0.00780	0.00220	0.05229	0.00542	0.00445	0.01116
21	0.01868	0.01778	0.03023	0.35252	0.36620	0.01959	0.02493	0.02403	0.01825	0.02491	0.01559	0.02184	0.01246	0.00802	0.00846	0.00267	0.01070	0.00757	0.00401	0.01156
22	0.02563	0.02707	0.02408	0.05320	0.11681	0.27343	0.01636	0.10754	0.02343	0.02823	0.01519	0.01784	0.01228	0.00809	0.00755	0.00206	0.01106	0.00605	0.00507	0.21901
23	0.01681	0.01726	0.01329	0.01280	0.01523	0.18686	0.00920	0.01847	0.01872	0.02072	0.04752	0.05724	0.26849	0.20836	0.01881	0.00425	0.00860	0.04382	0.00617	0.00738
24	0.01992	0.01879	0.01587	0.06194	0.02003	0.19396	0.01120	0.02307	0.01863	0.02487	0.02031	0.02655	0.01735	0.07059	0.07954	0.00374	0.01036	0.00728	0.23886	0.11711
25	0.10439	0.14082	0.03131	0.03369	0.31497	0.15464	0.01996	0.02722	0.01915	0.02583	0.01402	0.01772	0.01195	0.00816	0.00836	0.00241	0.04320	0.00630	0.00424	0.01164
26	0.02397	0.07573	0.02198	0.01940	0.06177	0.28046	0.01413	0.02941	0.09504	0.06191	0.11964	0.03039	0.05564	0.01497	0.05597	0.00324	0.01128	0.00863	0.00615	0.01030
27	0.02458	0.14992	0.06014	0.02791	0.19070	0.22687	0.01884	0.03218	0.13767	0.02566	0.01789	0.01983	0.01449	0.00869	0.00769	0.00237	0.01106	0.00670	0.00499	0.01184

[dist]
# distance from previous block
# <min> <max>
0	2

[block]
# block no. 1 follows, 21 sequences, length 54
# corresponding to MSA columns:
# 35-88
name=unknown_B
#
# <colnr> <probs for GDERKNQSTAVLIFYWHMCP>
#	G	D	E	R	K	N	Q	S	T	A	V	L	I	F	Y	W	H	M	C	P
0	0.19627	0.12896	0.08713	0.02047	0.08709	0.09645	0.01641	0.15724	0.04856	0.03439	0.04099	0.01931	0.01497	0.00893	0.00721	0.00245	0.00942	0.00648	0.00566	0.01160
1	0.05892	0.02799	0.33390	0.01804	0.02673	0.01529	0.02043	0.02698	0.01958	0.17173	0.03489	0.03432	0.15201	0.01160	0.00848	0.00272	0.00922	0.00929	0.00623	0.01166
2	0.04892	0.03544	0.42698	0.05511	0.06472	0.02015	0.17504	0.02669	0.01837	0.02731	0.01564	0.01936	0.01138	0.00785	0.00848	0.00273	0.01261	0.00726	0.00387	0.01207
3	0.01938	0.02807	0.18946	0.17940	0.03385	0.19367	0.02029	0.02430	0.01905	0.02287	0.02159	0.16693	0.02094	0.01245	0.00868	0.00276	0.01136	0.01030	0.00480	0.00984
4	0.02593	0.21423	0.02666	0.01617	0.02149	0.17192	0.01354	0.18762	0.02516	0.03191	0.01797	0.01985	0.01428	0.00900	0.00691	0.00214	0.00949	0.00635	0.16839	0.01099
5	0.01728	0.02149	0.18596	0.01562	0.02181	0.01500	0.01559	0.15289	0.02447	0.03290	0.15207	0.04778	0.23331	0.01467	0.00918	0.00272	0.00760	0.01208	0.00715	0.01041
6	0.02759	0.12613	0.02980	0.02928	0.19712	0.40169	0.01885	0.03065	0.02187	0.02264	0.01376	0.01669	0.01165	0.00824	0.00758	0.00223	0.01305	0.00593	0.00424	0.01101
7	0.02324	0.66988	0.04348	0.01496	0.02208	0.06808	0.01466	0.02594	0.01766	0.02007	0.01190	0.01374	0.01092	0.00736	0.00558	0.00184	0.00944	0.00460	0.00368	0.01086
8	0.01155	0.00885	0.01070	0.01071	0.01304	0.00799	0.00835	0.01484	0.02156	0.02845	0.33285	0.07584	0.29177	0.01998	0.01032	0.00295	0.00475	0.10928	0.00856	0.00767
9	0.02454	0.01839	0.02020	0.01589	0.02137	0.01895	0.01253	0.35228	0.02914	0.03993	0.02183	0.06374	0.01918	0.12615	0.01400	0.00328	0.00826	0.00881	0.00715	0.17441
10	0.01655	0.01188	0.01383	0.01329	0.01532	0.01229	0.00944	0.17050	0.02160	0.02888	0.03550	0.37595	0.03970	0.17344	0.01752	0.00429	0.00683	0.01723	0.00745	0.00849
11	0.01006	0.00862	0.00862	0.00862	0.01149	0.00718	0.00647	0.01221	0.01940	0.02299	0.08621	0.08190	0.64438	0.02155	0.01006	0.00287	0.00431	0.01796	0.00790	0.00718
12	0.01399	0.01181	0.01719	0.01613	0.01722	0.01501	0.01290	0.01669	0.01349	0.01996	0.01950	0.02924	0.01841	0.04997	0.48615	0.01086	0.21043	0.00864	0.00432	0.00808
13	0.03027	0.02770	0.02388	0.01992	0.02547	0.22757	0.01601	0.37256	0.03289	0.04037	0.02064	0.02653	0.01688	0.01111	0.00858	0.00258	0.01110	0.06645	0.00714	0.01234
14	0.03235	0.02384	0.02554	0.01958	0.02639	0.02639	0.01618	0.61946	0.04001	0.05363	0.02043	0.02043	0.01447	0.01022	0.00851	0.00255	0.00936	0.00766	0.00851	0.01447
15	0.01037	0.00741	0.00987	0.01185	0.01234	0.00691	0.00790	0.01185	0.01629	0.02172	0.04690	0.69537	0.05629	0.02666	0.01086	0.00346	0.00494	0.02419	0.00790	0.00691
16	0.02106	0.02022	0.03454	0.05223	0.64784	0.02022	0.02612	0.02612	0.01938	0.02780	0.01601	0.02106	0.01348	0.00758	0.00842	0.00253	0.01011	0.00758	0.00421	0.01348
17	0.02116	0.02780	0.17186	0.09393	0.38073	0.10478	0.02584	0.02697	0.01949	0.02620	0.01540	0.01975	0.01237	0.00793	0.00826	0.00255	0.01145	0.00702	0.00406	0.01247
18	0.01216	0.00912	0.01368	0.01368	0.01520	0.01064	0.01064	0.01520	0.01368	0.01976	0.02279	0.03343	0.02127	0.06382	0.66720	0.01368	0.02279	0.00912	0.00456	0.00760
19	0.01052	0.00858	0.00931	0.00926	0.01181	0.00736	0.00689	0.01306	0.02030	0.02544	0.21012	0.10951	0.48643	0.02088	0.01009	0.00286	0.00428	0.01770	0.00823	0.00736
20	0.01233	0.01603	0.15520	0.01416	0.01790	0.01012	0.01315	0.01644	0.01902	0.02646	0.21050	0.33709	0.07932	0.01965	0.00997	0.00304	0.00636	0.01741	0.00735	0.00851
21	0.01697	0.01688	0.03106	0.53604	0.05544	0.01949	0.15656	0.02298	0.01770	0.02298	0.01559	0.02275	0.01170	0.00821	0.00885	0.00284	0.01202	0.00812	0.00390	0.00991
22	0.01037	0.00741	0.00987	0.01185	0.01234	0.00691	0.00790	0.01185	0.01629	0.02172	0.04690	0.69537	0.05629	0.02666	0.01086	0.00346	0.00494	0.02419	0.00790	0.00691
23	0.02374	0.01641	0.02138	0.02345	0.16075	0.01689	0.01513	0.03545	0.26030	0.18181	0.06083	0.03513	0.08736	0.01168	0.00878	0.00273	0.00725	0.01000	0.00807	0.01285
24	0.02884	0.03564	0.02455	0.02202	0.02542	0.52321	0.01693	0.03096	0.02163	0.02075	0.01271	0.01608	0.01101	0.01014	0.01221	0.00254	0.16546	0.00592	0.00424	0.00974
25	0.01255	0.01079	0.01100	0.01057	0.01388	0.01032	0.00804	0.01961	0.15676	0.02581	0.07465	0.07066	0.50583	0.01931	0.00974	0.00288	0.00485	0.01609	0.00807	0.00859
26	0.03179	0.04056	0.02412	0.02192	0.02631	0.66676	0.01644	0.03398	0.02412	0.02083	0.01315	0.01535	0.01096	0.00877	0.00767	0.00219	0.01535	0.00548	0.00438	0.00987
27	0.03096	0.10154	0.02599	0.02125	0.02590	0.60874	0.01627	0.03320	0.02349	0.02075	0.01303	0.01519	0.01096	0.00863	0.00747	0.00216	0.01477	0.00540	0.00432	0.00996
28	0.01237	0.00829	0.00948	0.00948	0.00955	0.00836	0.00541	0.01250	0.01244	0.01665	0.02663	0.05467	0.03050	0.67184	0.07180	0.00850	0.00891	0.01223	0.00513	0.00527
29	0.01070	0.00883	0.00951	0.00985	0.01256	0.00764	0.00773	0.01316	0.01943	0.02342	0.07904	0.08436	0.54059	0.02189	0.01035	0.00306	0.00493	0.11778	0.00789	0.00730
30	0.01974	0.01971	0.03607	0.18710	0.38272	0.02022	0.15794	0.02541	0.01902	0.02634	0.01608	0.02185	0.01288	0.00770	0.00881	0.00267	0.01133	0.00813	0.00414	0.01214
31	0.01897	0.01902	0.03851	0.07060	0.07247	0.01830	0.41224	0.02522	0.01936	0.02793	0.01933	0.02475	0.01480	0.00788	0.00896	0.00265	0.01164	0.00929	0.16737	0.01069
32	0.01707	0.04402	0.65683	0.02426	0.03683	0.01976	0.03144	0.02695	0.01797	0.02695	0.01527	0.01797	0.01078	0.00809	0.00809	0.00270	0.01258	0.00629	0.00359	0.01258
33	0.03179	0.04056	0.02412	0.02192	0.02631	0.66676	0.01644	0.03398	0.02412	0.02083	0.01315	0.01535	0.01096	0.00877	0.00767	0.00219	0.01535	0.00548	0.00438	0.00987
34	0.01547	0.16670	0.02086	0.01402	0.01689	0.04658	0.01149	0.01823	0.01491	0.01969	0.02010	0.02936	0.01899	0.08318	0.45396	0.01018	0.01859	0.00810	0.00438	0.00832
35	0.01225	0.00854	0.01073	0.01058	0.01136	0.00874	0.00701	0.01382	0.01524	0.02109	0.16110	0.05243	0.03960	0.40830	0.17580	0.00824	0.01058	0.01231	0.00595	0.00633
36	0.01037	0.00741	0.00987	0.01185	0.01234	0.00691	0.00790	0.01185	0.01629	0.02172	0.04690	0.69537	0.05629	0.02666	0.01086	0.00346	0.00494	0.02419	0.00790	0.00691
37	0.01816	0.01726	0.02930	0.41753	0.30523	0.01946	0.02467	0.02357	0.01800	0.02428	0.01549	0.02201	0.01224	0.00812	0.00847	0.00271	0.01083	0.00757	0.00396	0.01114
38	0.02106	0.02022	0.03454	0.05223	0.64784	0.02022	0.02612	0.02612	0.01938	0.02780	0.01601	0.02106	0.01348	0.00758	0.00842	0.00253	0.01011	0.00758	0.00421	0.01348
39	0.02088	0.02121	0.06227	0.04912	0.58698	0.02025	0.02570	0.02716	0.05150	0.02817	0.01695	0.02148	0.01401	0.00781	0.00842	0.00255	0.01005	0.00763	0.00442	0.01344
40	0.03179	0.04056	0.02412	0.02192	0.02631	0.66676	0.01644	0.03398	0.02412	0.02083	0.01315	0.01535	0.01096	0.00877	0.00767	0.00219	0.01535	0.00548	0.00438	0.00987
41	0.01734	0.07520	0.62799	0.02380	0.03613	0.02042	0.03065	0.02688	0.01794	0.02662	0.01511	0.01776	0.01079	0.00805	0.00796	0.00265	0.01241	0.00621	0.00360	0.01250
42	0.01919	0.06102	0.29960	0.03061	0.12854	0.02109	0.19388	0.02871	0.08146	0.02774	0.01776	0.02106	0.01335	0.00807	0.00863	0.00270	0.01196	0.00781	0.00441	0.01242
43	0.01037	0.00741	0.00987	0.01185	0.01234	0.00691	0.00790	0.01185	0.01629	0.02172	0.04690	0.69537	0.05629	0.02666	0.01086	0.00346	0.00494	0.02419	0.00790	0.00691
44	0.01190	0.00880	0.00985	0.00972	0.01234	0.00758	0.00723	0.01439	0.02019	0.05699	0.18536	0.14554	0.43819	0.02078	0.01007	0.00289	0.00447	0.01770	0.00832	0.00769
45	0.02080	0.01995	0.03407	0.08522	0.61690	0.02015	0.02599	0.02589	0.01925	0.02748	0.01596	0.02115	0.01337	0.00763	0.00843	0.00254	0.01017	0.00758	0.00419	0.01327
46	0.02140	0.03171	0.23389	0.12655	0.22781	0.16165	0.02538	0.02749	0.01962	0.02513	0.01502	0.01903	0.01174	0.00814	0.00816	0.00255	0.01224	0.00670	0.00399	0.01182
47	0.02037	0.01441	0.01433	0.01272	0.01557	0.07507	0.00976	0.08725	0.02084	0.08567	0.05512	0.03605	0.07735	0.09029	0.01323	0.00309	0.06280	0.00938	0.28756	0.00916
48	0.02871	0.03242	0.02625	0.08128	0.13678	0.40487	0.01867	0.11956	0.02510	0.02704	0.01491	0.01771	0.01196	0.00876	0.00800	0.00236	0.01321	0.00635	0.00493	0.01115
49	0.01746	0.04154	0.58936	0.02654	0.07503	0.01988	0.05904	0.02691	0.01816	0.02702	0.01541	0.01840	0.01105	0.00801	0.00820	0.00269	0.01251	0.00655	0.00367	0.01258
50	0.04935	0.01686	0.02591	0.34558	0.19959	0.01824	0.02096	0.04877	0.01862	0.02641	0.01544	0.02092	0.01216	0.00793	0.00796	0.00246	0.00986	0.00701	0.00438	0.14159
51	0.06737	0.22132	0.02894	0.01900	0.02434	0.42561	0.01535	0.03156	0.02175	0.05363	0.01376	0.01549	0.01137	0.00840	0.00698	0.00214	0.01276	0.00534	0.00454	0.01036
52	0.02052	0.01182	0.01378	0.01204	0.01613	0.01078	0.00941	0.08740	0.02272	0.20485	0.05958	0.12995	0.33148	0.01776	0.00955	0.00284	0.00577	0.01487	0.00871	0.01002
53	0.01646	0.01196	0.01349	0.01252	0.01517	0.01200	0.00923	0.14778	0.02151	0.02884	0.04031	0.19905	0.13241	0.17303	0.01716	0.00410	0.00676	0.05020	0.04614	0.04188

[dist]
# distance from previous block
# <min> <max>
0	2

[block]
# block no. 2 follows, 21 sequences, length 6
# corresponding to MSA columns:
# 91-96
name=unknown_C
#
# <colnr> <probs for GDERKNQSTAVLIFYWHMCP>
#	G	D	E	R	K	N	Q	S	T	A	V	L	I	F	Y	W	H	M	C	P
0	0.01965	0.01722	0.01718	0.01586	0.01881	0.13600	0.01224	0.07664	0.06172	0.05650	0.02236	0.02966	0.01954	0.07495	0.37198	0.00892	0.01752	0.00848	0.00551	0.00928
1	0.02143	0.01950	0.02806	0.02965	0.19624	0.06347	0.11776	0.13527	0.02311	0.03056	0.02395	0.03980	0.02246	0.07412	0.01252	0.00338	0.01040	0.13129	0.00590	0.01114
2	0.11592	0.09739	0.02397	0.01944	0.02401	0.48920	0.01504	0.03092	0.02167	0.02274	0.01350	0.01617	0.01142	0.01208	0.04967	0.00295	0.01421	0.00553	0.00443	0.00974
3	0.10187	0.02370	0.13407	0.04313	0.47823	0.02002	0.02513	0.02613	0.01861	0.02881	0.01543	0.01976	0.01257	0.00770	0.00802	0.00257	0.01013	0.00704	0.00423	0.01286
4	0.02372	0.02520	0.10043	0.04026	0.40768	0.07384	0.02396	0.14378	0.02367	0.03223	0.01657	0.02013	0.01317	0.00825	0.00834	0.00252	0.01066	0.00729	0.00501	0.01328
5	0.40105	0.02335	0.02545	0.02032	0.02633	0.15641	0.17981	0.02753	0.01807	0.03148	0.01362	0.01669	0.01061	0.00788	0.00710	0.00261	0.01059	0.00630	0.00481	0.00998

[dist]
# distance from previous block
# <min> <max>
0	15

[block]
# block no. 3 follows, 21 sequences, length 44
# corresponding to MSA columns:
# 112-155
name=unknown_D
#
# <colnr> <probs for GDERKNQSTAVLIFYWHMCP>
#	G	D	E	R	K	N	Q	S	T	A	V	L	I	F	Y	W	H	M	C	P
0	0.01677	0.01424	0.01775	0.02010	0.11294	0.01499	0.01372	0.02801	0.24860	0.02949	0.07301	0.05625	0.16085	0.01595	0.00966	0.00305	0.00686	0.13943	0.00768	0.01066
1	0.01825	0.01820	0.02411	0.02101	0.02145	0.05333	0.01731	0.02031	0.01364	0.02039	0.01302	0.02070	0.01269	0.02200	0.12350	0.00516	0.55438	0.00761	0.00388	0.00908
2	0.29674	0.12119	0.05604	0.01906	0.09567	0.02160	0.01446	0.03133	0.17293	0.06625	0.01948	0.02025	0.01495	0.00885	0.00686	0.00257	0.00777	0.00653	0.00596	0.01152
3	0.01468	0.01252	0.01343	0.01387	0.01652	0.05392	0.01112	0.02085	0.11232	0.02623	0.08824	0.13172	0.19769	0.02015	0.01040	0.00326	0.00676	0.22987	0.00785	0.00858
4	0.01330	0.00875	0.01191	0.01191	0.01357	0.00981	0.00920	0.01662	0.01496	0.02344	0.02432	0.03291	0.02144	0.04724	0.46378	0.01008	0.01700	0.00875	0.23332	0.00770
5	0.01205	0.00911	0.01150	0.01278	0.01488	0.00855	0.01052	0.01507	0.01913	0.02417	0.05951	0.16222	0.25570	0.02321	0.01106	0.00350	0.00627	0.32540	0.00787	0.00750
6	0.02897	0.11594	0.02788	0.02419	0.09287	0.44900	0.01735	0.07021	0.02333	0.02364	0.01369	0.01625	0.01147	0.00884	0.00848	0.00228	0.04459	0.00583	0.00452	0.01066
7	0.01835	0.03638	0.45698	0.03324	0.23306	0.01991	0.02973	0.02668	0.01842	0.02722	0.01551	0.01896	0.01165	0.00792	0.00819	0.00264	0.01178	0.00670	0.00379	0.01287
8	0.01074	0.00884	0.00957	0.00994	0.01264	0.00767	0.00782	0.01322	0.01943	0.02345	0.07854	0.08453	0.53341	0.02192	0.01037	0.00307	0.00497	0.12468	0.00789	0.00731
9	0.02631	0.03119	0.02459	0.02184	0.02461	0.39340	0.01710	0.02953	0.05210	0.02148	0.01355	0.01743	0.01183	0.01120	0.01529	0.00280	0.26510	0.00643	0.00436	0.00985
10	0.02134	0.02318	0.11065	0.04445	0.45052	0.01995	0.11522	0.02720	0.01958	0.06067	0.01703	0.02139	0.01347	0.00774	0.00864	0.00260	0.01089	0.00785	0.00449	0.01312
11	0.01037	0.00741	0.00987	0.01185	0.01234	0.00691	0.00790	0.01185	0.01629	0.02172	0.04690	0.69537	0.05629	0.02666	0.01086	0.00346	0.00494	0.02419	0.00790	0.00691
12	0.03200	0.03431	0.02465	0.02105	0.02634	0.42762	0.01634	0.25263	0.03005	0.03308	0.01587	0.01725	0.01227	0.00931	0.00799	0.00233	0.01311	0.00630	0.00593	0.01159
13	0.02762	0.20520	0.03052	0.02337	0.09224	0.40160	0.01713	0.03024	0.02127	0.02136	0.01302	0.01572	0.01124	0.00860	0.00831	0.00222	0.05012	0.00558	0.00414	0.01049
14	0.01723	0.04292	0.62529	0.02486	0.03723	0.01986	0.06188	0.02697	0.01808	0.02697	0.01537	0.01823	0.01089	0.00804	0.00819	0.00270	0.01267	0.00648	0.00363	0.01252
15	0.03179	0.04056	0.02412	0.02192	0.02631	0.66676	0.01644	0.03398	0.02412	0.02083	0.01315	0.01535	0.01096	0.00877	0.00767	0.00219	0.01535	0.00548	0.00438	0.00987
16	0.01821	0.17735	0.53353	0.02230	0.03381	0.02257	0.02804	0.02665	0.01783	0.02556	0.01458	0.01710	0.01081	0.00792	0.00756	0.00252	0.01188	0.00594	0.00360	0.01224
17	0.01238	0.00825	0.00928	0.00928	0.00928	0.00825	0.00516	0.01238	0.01238	0.01650	0.02681	0.05569	0.03094	0.70092	0.04331	0.00825	0.00825	0.01238	0.00516	0.00516
18	0.01030	0.00870	0.00896	0.00909	0.01190	0.00736	0.00694	0.01257	0.01941	0.02315	0.08350	0.08283	0.60520	0.02168	0.01017	0.00294	0.00454	0.05564	0.00790	0.00723
19	0.02106	0.02022	0.03454	0.05223	0.64784	0.02022	0.02612	0.02612	0.01938	0.02780	0.01601	0.02106	0.01348	0.00758	0.00842	0.00253	0.01011	0.00758	0.00421	0.01348
20	0.01258	0.00975	0.01450	0.01425	0.01567	0.01166	0.01117	0.01555	0.01363	0.01980	0.02203	0.03245	0.02061	0.06059	0.62492	0.01302	0.06662	0.00901	0.00450	0.00771
21	0.02106	0.02022	0.03454	0.05223	0.64784	0.02022	0.02612	0.02612	0.01938	0.02780	0.01601	0.02106	0.01348	0.00758	0.00842	0.00253	0.01011	0.00758	0.00421	0.01348
22	0.01218	0.00846	0.01067	0.01080	0.01130	0.00890	0.00702	0.01321	0.01303	0.01785	0.02690	0.09094	0.02963	0.46056	0.23310	0.00960	0.01251	0.01215	0.00515	0.00602
23	0.01916	0.02944	0.23683	0.03230	0.04212	0.02098	0.43682	0.02716	0.01943	0.02716	0.01662	0.02142	0.01226	0.00745	0.00944	0.00282	0.01380	0.00889	0.00409	0.01182
24	0.02238	0.02413	0.03779	0.04262	0.36840	0.11822	0.20641	0.02766	0.02031	0.02658	0.01595	0.02078	0.01293	0.00764	0.00881	0.00258	0.01220	0.00802	0.00427	0.01232
25	0.01250	0.00932	0.01208	0.01351	0.01562	0.00890	0.01136	0.01578	0.01932	0.02455	0.05635	0.13161	0.21112	0.02319	0.01123	0.00360	0.00669	0.39781	0.00786	0.00760
26	0.01035	0.00746	0.00982	0.01170	0.01231	0.00692	0.00784	0.01187	0.01643	0.02178	0.04867	0.66787	0.08265	0.02643	0.01083	0.00343	0.00491	0.02391	0.00790	0.00692
27	0.01607	0.01513	0.02552	0.68047	0.05861	0.01891	0.02363	0.02174	0.01702	0.02174	0.01513	0.02269	0.01134	0.00851	0.00851	0.00284	0.01134	0.00756	0.00378	0.00945
28	0.02071	0.02723	0.17035	0.04076	0.34743	0.06295	0.15271	0.02706	0.01954	0.02705	0.01592	0.02043	0.01262	0.00768	0.00865	0.00261	0.01189	0.00769	0.00411	0.01262
29	0.03021	0.03793	0.02435	0.02197	0.02583	0.59003	0.01670	0.03236	0.02279	0.02079	0.01292	0.01574	0.01099	0.00950	0.01010	0.00238	0.09559	0.00572	0.00431	0.00980
30	0.01206	0.00843	0.00995	0.01058	0.01257	0.00741	0.00754	0.01398	0.01826	0.06411	0.06417	0.36812	0.32541	0.02324	0.01034	0.00313	0.00480	0.02028	0.00808	0.00754
31	0.03114	0.02324	0.02486	0.01934	0.02593	0.02583	0.01588	0.55730	0.10414	0.05168	0.02197	0.02166	0.01572	0.01036	0.00853	0.00259	0.00908	0.00787	0.00853	0.01436
32	0.01037	0.00741	0.00987	0.01185	0.01234	0.00691	0.00790	0.01185	0.01629	0.02172	0.04690	0.69537	0.05629	0.02666	0.01086	0.00346	0.00494	0.02419	0.00790	0.00691
33	0.02004	0.03520	0.39248	0.02613	0.03642	0.05486	0.17691	0.02939	0.05953	0.06117	0.01791	0.02059	0.01289	0.00825	0.00862	0.00272	0.01250	0.00754	0.00452	0.01231
34	0.01739	0.02059	0.11041	0.43768	0.12028	0.05416	0.02355	0.02326	0.01828	0.02393	0.05669	0.02416	0.01606	0.00894	0.00850	0.00273	0.01110	0.00780	0.00421	0.01028
35	0.03079	0.11773	0.02678	0.02069	0.02579	0.49427	0.01618	0.12135	0.02570	0.02568	0.01409	0.01591	0.01149	0.00881	0.00754	0.00220	0.01370	0.00570	0.00492	0.01069
36	0.02966	0.03716	0.02299	0.02103	0.02511	0.59574	0.01581	0.03195	0.02299	0.02071	0.01420	0.01730	0.01208	0.01473	0.07906	0.00344	0.01615	0.00587	0.00440	0.00962
37	0.02144	0.01184	0.01475	0.01307	0.01707	0.01110	0.01044	0.02725	0.09622	0.23284	0.19435	0.05566	0.16467	0.01595	0.00958	0.00286	0.00587	0.07525	0.00920	0.01060
38	0.01851	0.03222	0.32901	0.02886	0.03828	0.02125	0.27340	0.02630	0.01826	0.02630	0.01559	0.02012	0.01171	0.00852	0.01128	0.00289	0.09388	0.00799	0.00390	0.01173
39	0.01064	0.00761	0.01016	0.01199	0.01265	0.00713	0.00822	0.01239	0.01690	0.02261	0.07967	0.62817	0.05721	0.02598	0.01086	0.00344	0.00504	0.05431	0.00798	0.00702
40	0.03109	0.03922	0.02480	0.02391	0.06712	0.62430	0.01708	0.03347	0.02381	0.02129	0.01334	0.01572	0.01113	0.00869	0.00772	0.00221	0.01500	0.00562	0.00437	0.01010
41	0.02791	0.08789	0.02601	0.15397	0.03246	0.48638	0.01774	0.03085	0.02215	0.02095	0.01345	0.01669	0.01104	0.00860	0.00767	0.00229	0.01405	0.00583	0.00420	0.00987
42	0.02621	0.02500	0.02663	0.02167	0.02751	0.15267	0.10591	0.19770	0.25505	0.03631	0.02379	0.02402	0.01783	0.00996	0.00863	0.00265	0.01034	0.00831	0.00710	0.01272
43	0.01096	0.00835	0.01231	0.01330	0.01429	0.00780	0.04473	0.01278	0.01652	0.02206	0.04511	0.65471	0.05366	0.02548	0.01081	0.00342	0.00551	0.02334	0.00768	0.00719

[dist]
# distance from previous block
# <min> <max>
0	1

[block]
# block no. 4 follows, 21 sequences, length 15
# corresponding to MSA columns:
# 157-171
name=unknown_E
#
# <colnr> <probs for GDERKNQSTAVLIFYWHMCP>
#	G	D	E	R	K	N	Q	S	T	A	V	L	I	F	Y	W	H	M	C	P
0	0.01037	0.00741	0.00987	0.01185	0.01234	0.00691	0.00790	0.01185	0.01629	0.02172	0.04690	0.69537	0.05629	0.02666	0.01086	0.00346	0.00494	0.02419	0.00790	0.00691
1	0.02993	0.12362	0.02753	0.02291	0.06805	0.50574	0.01685	0.06507	0.02381	0.02303	0.01359	0.01580	0.01132	0.00858	0.00749	0.00219	0.01385	0.00563	0.00451	0.01050
2	0.01792	0.01637	0.02752	0.32934	0.29854	0.01807	0.02289	0.02255	0.01773	0.02400	0.01731	0.02674	0.01479	0.01056	0.01045	0.05675	0.01033	0.04333	0.00420	0.01062
3	0.02241	0.44021	0.11647	0.01730	0.02382	0.02889	0.01731	0.02592	0.01710	0.06857	0.01377	0.01629	0.01171	0.00907	0.01029	0.00235	0.13765	0.00562	0.00417	0.01109
4	0.02555	0.02936	0.02576	0.02993	0.21448	0.35688	0.01853	0.02973	0.04933	0.02350	0.01623	0.02013	0.01372	0.01548	0.09117	0.00378	0.01429	0.00677	0.00455	0.01085
5	0.01535	0.01195	0.01762	0.01574	0.01806	0.01353	0.04841	0.01829	0.01580	0.06854	0.03283	0.03872	0.13314	0.03999	0.34445	0.00845	0.13462	0.01046	0.00546	0.00858
6	0.02341	0.02516	0.15843	0.02124	0.07240	0.05109	0.01836	0.18561	0.16684	0.06853	0.06431	0.02885	0.05591	0.01089	0.00859	0.00267	0.00907	0.00881	0.00709	0.01273
7	0.01589	0.01531	0.02758	0.02168	0.02659	0.01445	0.23812	0.02013	0.01750	0.02458	0.02556	0.21031	0.02591	0.01991	0.09326	0.00414	0.03900	0.01287	0.00544	0.14177
8	0.01962	0.01968	0.02180	0.02233	0.09926	0.13504	0.01573	0.05787	0.01839	0.02367	0.02399	0.07448	0.07265	0.02297	0.13498	0.00495	0.20847	0.00954	0.00501	0.00958
9	0.05649	0.11038	0.16329	0.06934	0.02882	0.01962	0.09493	0.02748	0.14983	0.02720	0.02486	0.14528	0.02264	0.01203	0.00852	0.00279	0.00930	0.01056	0.00567	0.01097
10	0.02982	0.03683	0.02603	0.02748	0.14019	0.54829	0.01822	0.03254	0.02325	0.02211	0.01368	0.01639	0.01142	0.00855	0.00781	0.00225	0.01439	0.00587	0.00435	0.01053
11	0.17880	0.06100	0.04443	0.04005	0.02204	0.12133	0.01313	0.13530	0.02241	0.11636	0.02263	0.02673	0.04815	0.09844	0.01206	0.00324	0.00923	0.00771	0.00635	0.01061
12	0.13387	0.02125	0.07236	0.10789	0.29556	0.02021	0.17438	0.02582	0.01846	0.02855	0.01554	0.02042	0.01228	0.00766	0.00834	0.00267	0.01093	0.00767	0.00431	0.01182
13	0.03022	0.03339	0.02611	0.02619	0.12512	0.41333	0.01792	0.17048	0.02710	0.02965	0.01532	0.01745	0.01219	0.00892	0.00799	0.00233	0.01311	0.00633	0.00533	0.01152
14	0.11340	0.02456	0.17442	0.31995	0.11313	0.06593	0.02340	0.02478	0.01770	0.02571	0.01470	0.01972	0.01115	0.00824	0.00792	0.00270	0.01117	0.00673	0.00402	0.01065

[dist]
# distance from previous block
# <min> <max>
5	15

[block]
# block no. 5 follows, 21 sequences, length 7
# corresponding to MSA columns:
# 187-193
name=unknown_F
#
# <colnr> <probs for GDERKNQSTAVLIFYWHMCP>
#	G	D	E	R	K	N	Q	S	T	A	V	L	I	F	Y	W	H	M	C	P
0	0.01857	0.03474	0.40846	0.03382	0.22036	0.02008	0.08993	0.02673	0.01861	0.02724	0.01569	0.01940	0.01181	0.00784	0.00839	0.00266	0.01202	0.00706	0.00385	0.01273
1	0.05812	0.02394	0.11190	0.12808	0.06495	0.07319	0.01855	0.24800	0.02654	0.03562	0.02403	0.06709	0.06094	0.01113	0.00849	0.00267	0.00989	0.00892	0.00624	0.01171
2	0.02161	0.02035	0.02010	0.01977	0.08675	0.14774	0.01374	0.10286	0.07167	0.02906	0.02207	0.09458	0.01987	0.01662	0.08064	0.00353	0.01052	0.00879	0.04683	0.16292
3	0.02531	0.02986	0.02430	0.02597	0.14149	0.38021	0.01723	0.02800	0.02125	0.02239	0.02301	0.02553	0.09434	0.01096	0.01059	0.00253	0.09440	0.00775	0.00473	0.01013
4	0.01757	0.01518	0.02219	0.01959	0.05408	0.01593	0.11180	0.11550	0.02068	0.02757	0.03601	0.09381	0.14575	0.13237	0.01769	0.00393	0.08928	0.04551	0.00624	0.00933
5	0.01619	0.01216	0.01432	0.01380	0.01638	0.01272	0.01039	0.13066	0.08642	0.02991	0.07877	0.28451	0.09054	0.05890	0.06112	0.00418	0.00756	0.05455	0.00779	0.00914
6	0.09930	0.02505	0.20314	0.02194	0.10570	0.10013	0.01834	0.02235	0.01732	0.02480	0.02109	0.15640	0.02078	0.01474	0.01170	0.10307	0.00971	0.00996	0.00485	0.00963

[dist]
# distance from previous block
# <min> <max>
10	89

[block]
# block no. 6 follows, 21 sequences, length 6
# corresponding to MSA columns:
# 296-301
name=unknown_G
#
# <colnr> <probs for GDERKNQSTAVLIFYWHMCP>
#	G	D	E	R	K	N	Q	S	T	A	V	L	I	F	Y	W	H	M	C	P
0	0.11222	0.23290	0.02681	0.01920	0.10017	0.15862	0.01394	0.02429	0.01914	0.02410	0.02961	0.03054	0.15546	0.01097	0.00734	0.00233	0.00916	0.00820	0.00504	0.00996
1	0.23639	0.02465	0.02247	0.07671	0.16703	0.23230	0.01692	0.02740	0.01937	0.02783	0.01602	0.02295	0.01397	0.00936	0.00753	0.00258	0.01075	0.05063	0.00482	0.01032
2	0.01787	0.02761	0.25465	0.02675	0.14356	0.05513	0.02275	0.02324	0.01732	0.02450	0.02140	0.10112	0.04648	0.01240	0.01307	0.00297	0.16436	0.00940	0.00449	0.01093
3	0.02426	0.02659	0.02130	0.02116	0.07585	0.28930	0.01494	0.03490	0.25178	0.02723	0.03031	0.03005	0.09344	0.01126	0.00840	0.00256	0.01033	0.00873	0.00640	0.01120
4	0.01983	0.02251	0.07301	0.02242	0.06267	0.16403	0.12142	0.02409	0.01836	0.02395	0.01854	0.02439	0.01561	0.02363	0.18579	0.00551	0.05683	0.00789	0.09984	0.00969
5	0.01393	0.01105	0.01365	0.05157	0.01780	0.01000	0.00968	0.04995	0.01919	0.02642	0.09745	0.30302	0.12048	0.01791	0.00924	0.00266	0.00575	0.01573	0.00710	0.19743

[dist]
# distance from previous block
# <min> <max>
0	1

[block]
# block no. 7 follows, 21 sequences, length 89
# corresponding to MSA columns:
# 303-391
name=unknown_H
#
# <colnr> <probs for GDERKNQSTAVLIFYWHMCP>
#	G	D	E	R	K	N	Q	S	T	A	V	L	I	F	Y	W	H	M	C	P
0	0.06150	0.12524	0.16462	0.02033	0.02699	0.21834	0.04803	0.08871	0.02226	0.02781	0.07067	0.02098	0.01751	0.00950	0.00871	0.00246	0.04349	0.00692	0.00499	0.01093
1	0.01232	0.01059	0.01160	0.04958	0.01589	0.03957	0.00911	0.01529	0.02055	0.02583	0.21414	0.09981	0.34884	0.01956	0.01005	0.00292	0.00554	0.07323	0.00786	0.00771
2	0.02918	0.03927	0.09190	0.02347	0.02909	0.53963	0.07411	0.03263	0.02310	0.02206	0.01375	0.01633	0.01113	0.00855	0.00794	0.00231	0.01497	0.00599	0.00430	0.01030
3	0.01970	0.01522	0.01804	0.01486	0.01980	0.01510	0.01178	0.19508	0.02303	0.03257	0.02230	0.09864	0.02037	0.02511	0.18409	0.00521	0.01146	0.00905	0.00626	0.25232
4	0.01260	0.00909	0.01099	0.01131	0.01205	0.00928	0.00787	0.01381	0.01487	0.01953	0.03745	0.09988	0.10351	0.41583	0.03064	0.00628	0.04197	0.13071	0.00608	0.00623
5	0.02694	0.02372	0.02206	0.01895	0.02409	0.14862	0.01528	0.28992	0.15377	0.03894	0.02589	0.03401	0.02173	0.01236	0.00890	0.00277	0.00976	0.10239	0.00762	0.01228
6	0.01196	0.00812	0.00963	0.01019	0.01040	0.00801	0.00621	0.01250	0.01364	0.01816	0.03242	0.20865	0.03778	0.50961	0.03416	0.00691	0.00745	0.04255	0.00593	0.00570
7	0.05686	0.11066	0.50171	0.02237	0.03326	0.08164	0.02717	0.02736	0.01829	0.02623	0.01454	0.01707	0.01073	0.00806	0.00763	0.00255	0.01217	0.00595	0.00376	0.01198
8	0.05017	0.02981	0.27699	0.03446	0.21442	0.02058	0.16576	0.02639	0.01849	0.02743	0.01560	0.01989	0.01202	0.00804	0.00947	0.00273	0.04389	0.00753	0.00402	0.01229
9	0.01980	0.02551	0.18091	0.08606	0.46563	0.02003	0.02721	0.02603	0.01889	0.02721	0.01578	0.02044	0.01270	0.00776	0.00835	0.00259	0.01077	0.00728	0.00404	0.01301
10	0.01059	0.00844	0.00903	0.00919	0.01131	0.00738	0.00650	0.01245	0.01825	0.02254	0.10849	0.13988	0.44904	0.13068	0.01547	0.00378	0.00499	0.01754	0.00756	0.00689
11	0.02331	0.03276	0.21806	0.03405	0.26678	0.18454	0.02462	0.06655	0.02148	0.02744	0.01535	0.01864	0.01209	0.00820	0.00814	0.00249	0.01213	0.00667	0.00435	0.01236
12	0.02087	0.01847	0.02841	0.34972	0.24054	0.02080	0.02296	0.14073	0.02229	0.02995	0.01645	0.02172	0.01264	0.00855	0.00848	0.00268	0.01056	0.00759	0.00485	0.01173
13	0.01006	0.00862	0.00862	0.00862	0.01149	0.00718	0.00647	0.01221	0.01940	0.02299	0.08621	0.08190	0.64438	0.02155	0.01006	0.00287	0.00431	0.01796	0.00790	0.00718
14	0.01241	0.00843	0.00980	0.01041	0.01190	0.00827	0.00750	0.01484	0.01734	0.02505	0.04846	0.31115	0.18222	0.01969	0.01002	0.00288	0.03909	0.01685	0.23629	0.00741
15	0.02107	0.02525	0.17851	0.03864	0.38043	0.01983	0.02483	0.02987	0.10641	0.06293	0.01944	0.02228	0.01503	0.00843	0.00839	0.00262	0.01006	0.00762	0.00504	0.01332
16	0.01586	0.00793	0.00793	0.00793	0.00991	0.00793	0.00595	0.01983	0.01785	0.03173	0.02776	0.03173	0.02181	0.00991	0.00595	0.00198	0.00397	0.00793	0.74817	0.00793
17	0.02956	0.01799	0.02067	0.01697	0.02282	0.01904	0.01365	0.15683	0.29442	0.26428	0.03145	0.02851	0.02193	0.01092	0.00859	0.00273	0.00744	0.00885	0.00931	0.01404
18	0.02350	0.05808	0.04984	0.05848	0.14705	0.29604	0.01840	0.02713	0.02094	0.02330	0.02054	0.03352	0.01940	0.01378	0.03787	0.00314	0.01259	0.12125	0.00494	0.01021
19	0.01024	0.00836	0.00890	0.00929	0.01154	0.00719	0.00668	0.01215	0.01841	0.02239	0.07526	0.20117	0.49550	0.05931	0.01201	0.00328	0.00465	0.01888	0.00775	0.00702
20	0.01037	0.00741	0.00987	0.01185	0.01234	0.00691	0.00790	0.01185	0.01629	0.02172	0.04690	0.69537	0.05629	0.02666	0.01086	0.00346	0.00494	0.02419	0.00790	0.00691
21	0.01831	0.06043	0.36509	0.02624	0.03519	0.02197	0.16651	0.02569	0.01747	0.02547	0.01479	0.01910	0.01137	0.00918	0.01235	0.00290	0.14521	0.00733	0.00379	0.01161
22	0.05900	0.53577	0.16812	0.01637	0.02463	0.03009	0.01774	0.02576	0.01729	0.02236	0.01254	0.01454	0.01081	0.00748	0.00599	0.00204	0.00968	0.00491	0.00371	0.01117
23	0.01056	0.00878	0.00932	0.00959	0.01234	0.00754	0.00746	0.01296	0.01942	0.02333	0.08054	0.08384	0.56239	0.02182	0.01029	0.00302	0.00480	0.09681	0.00789	0.00727
24	0.01037	0.00741	0.00987	0.01185	0.01234	0.00691	0.00790	0.01185	0.01629	0.02172	0.04690	0.69537	0.05629	0.02666	0.01086	0.00346	0.00494	0.02419	0.00790	0.00691
25	0.03256	0.06302	0.02428	0.02031	0.02532	0.49348	0.01566	0.06382	0.02466	0.13383	0.01705	0.01792	0.01291	0.00909	0.00778	0.00227	0.01336	0.00609	0.00564	0.01095
26	0.01156	0.00938	0.01041	0.01074	0.01315	0.00873	0.00797	0.01599	0.08157	0.02475	0.10194	0.22128	0.38026	0.02159	0.01019	0.00305	0.00486	0.04667	0.00806	0.00784
27	0.01037	0.00741	0.00987	0.01185	0.01234	0.00691	0.00790	0.01185	0.01629	0.02172	0.04690	0.69537	0.05629	0.02666	0.01086	0.00346	0.00494	0.02419	0.00790	0.00691
28	0.03179	0.04056	0.02412	0.02192	0.02631	0.66676	0.01644	0.03398	0.02412	0.02083	0.01315	0.01535	0.01096	0.00877	0.00767	0.00219	0.01535	0.00548	0.00438	0.00987
29	0.02488	0.02349	0.03019	0.06069	0.06104	0.10679	0.13549	0.22388	0.02543	0.03334	0.01672	0.02070	0.01320	0.01265	0.04382	0.00333	0.13924	0.00787	0.00559	0.01167
30	0.03188	0.03783	0.02435	0.02154	0.02632	0.56243	0.01640	0.12937	0.02671	0.02617	0.01434	0.01618	0.01153	0.00901	0.00781	0.00225	0.01437	0.00584	0.00506	0.01062
31	0.01033	0.00799	0.00929	0.01028	0.01181	0.00710	0.00713	0.01204	0.01748	0.02203	0.06343	0.39036	0.31718	0.05764	0.01210	0.00343	0.00482	0.02083	0.00777	0.00695
32	0.02062	0.01976	0.03373	0.10851	0.59506	0.02010	0.02589	0.02573	0.01917	0.02726	0.01593	0.02121	0.01329	0.00767	0.00843	0.00256	0.01022	0.00758	0.00417	0.01312
33	0.01216	0.00912	0.01368	0.01368	0.01520	0.01064	0.01064	0.01520	0.01368	0.01976	0.02279	0.03343	0.02127	0.06382	0.66720	0.01368	0.02279	0.00912	0.00456	0.00760
34	0.02192	0.60952	0.13386	0.01597	0.02403	0.03165	0.01702	0.02570	0.01739	0.02103	0.01233	0.01428	0.01090	0.00740	0.00584	0.00195	0.00961	0.00480	0.00363	0.01116
35	0.01889	0.23266	0.44209	0.02222	0.03302	0.02387	0.06428	0.02655	0.01791	0.02498	0.01441	0.01705	0.01096	0.00780	0.00746	0.00246	0.01169	0.00603	0.00365	0.01203
36	0.01929	0.01610	0.01853	0.01339	0.02087	0.01303	0.01077	0.08845	0.02015	0.03063	0.01572	0.01796	0.01281	0.00674	0.00655	0.00141	0.00665	0.00534	0.00543	0.67018
37	0.15929	0.01093	0.01220	0.07105	0.01770	0.01139	0.00957	0.01779	0.05328	0.02737	0.10832	0.25138	0.18264	0.01829	0.00915	0.00299	0.00569	0.01561	0.00721	0.00815
38	0.01227	0.01004	0.01112	0.01141	0.01414	0.00955	0.00887	0.01769	0.10354	0.02504	0.06773	0.14018	0.39267	0.02105	0.01025	0.00312	0.00534	0.11985	0.00799	0.00814
39	0.01226	0.00820	0.00932	0.00943	0.00946	0.00817	0.00532	0.01235	0.01260	0.01680	0.02798	0.09278	0.03241	0.66182	0.04143	0.00797	0.00806	0.01306	0.00532	0.00526
40	0.02356	0.02224	0.04382	0.03158	0.03975	0.02130	0.47470	0.11021	0.02325	0.09256	0.01927	0.02320	0.01393	0.00792	0.00969	0.00280	0.01296	0.00957	0.00550	0.01219
41	0.02042	0.02419	0.15330	0.11394	0.38300	0.01976	0.07917	0.02658	0.01913	0.05500	0.01666	0.02118	0.01301	0.00788	0.00852	0.00263	0.01097	0.00760	0.00434	0.01272
42	0.02444	0.02262	0.02806	0.03437	0.31234	0.08977	0.02016	0.14819	0.16871	0.03399	0.02098	0.02286	0.01636	0.00916	0.00842	0.00258	0.00972	0.00786	0.00613	0.01329
43	0.01219	0.00873	0.01186	0.01316	0.01465	0.00840	0.01036	0.01533	0.01964	0.02642	0.19673	0.28536	0.05929	0.02300	0.01103	0.00345	0.00592	0.25865	0.00824	0.00758
44	0.02299	0.10602	0.10333	0.03861	0.38113	0.15290	0.02342	0.02773	0.01994	0.02540	0.01486	0.01870	0.01237	0.00784	0.00789	0.00240	0.01133	0.00666	0.00411	0.01235
45	0.02442	0.02632	0.02197	0.02318	0.10845	0.30272	0.01583	0.08860	0.05439	0.02659	0.02580	0.11581	0.04726	0.01316	0.00882	0.00267	0.01105	0.06669	0.00594	0.01033
46	0.01227	0.00926	0.01175	0.01304	0.01523	0.00874	0.01090	0.01545	0.01935	0.02441	0.05933	0.12356	0.25437	0.02301	0.01112	0.00353	0.00647	0.36278	0.00786	0.00756
47	0.02253	0.03138	0.19839	0.03760	0.33777	0.17277	0.02526	0.02820	0.02012	0.02593	0.01514	0.01889	0.01216	0.00800	0.00816	0.00249	0.01201	0.00674	0.00409	0.01239
48	0.01253	0.01062	0.03965	0.01090	0.01405	0.00848	0.00903	0.01576	0.02083	0.05441	0.22533	0.07321	0.37609	0.01955	0.01007	0.00291	0.00510	0.07522	0.00821	0.00804
49	0.01707	0.04402	0.65683	0.02426	0.03683	0.01976	0.03144	0.02695	0.01797	0.02695	0.01527	0.01797	0.01078	0.00809	0.00809	0.00270	0.01258	0.00629	0.00359	0.01258
50	0.02106	0.02022	0.03454	0.05223	0.64784	0.02022	0.02612	0.02612	0.01938	0.02780	0.01601	0.02106	0.01348	0.00758	0.00842	0.00253	0.01011	0.00758	0.00421	0.01348
51	0.01949	0.17127	0.46491	0.02370	0.07246	0.02217	0.02684	0.02732	0.01824	0.05656	0.01555	0.01786	0.01149	0.00802	0.00761	0.00251	0.01147	0.00614	0.00398	0.01240
52	0.01795	0.03866	0.51442	0.03000	0.15203	0.01992	0.05497	0.02681	0.01832	0.02712	0.01549	0.01876	0.01138	0.00795	0.00823	0.00267	0.01219	0.00669	0.00374	0.01270
53	0.01037	0.00741	0.00987	0.01185	0.01234	0.00691	0.00790	0.01185	0.01629	0.02172	0.04690	0.69537	0.05629	0.02666	0.01086	0.00346	0.00494	0.02419	0.00790	0.00691
54	0.01395	0.00988	0.01233	0.01357	0.05440	0.00887	0.00957	0.01664	0.01969	0.08060	0.09789	0.16357	0.34750	0.02044	0.01017	0.00305	0.00551	0.09606	0.00798	0.00834
55	0.01562	0.01974	0.16944	0.04907	0.13676	0.01411	0.01999	0.02100	0.01878	0.02576	0.03183	0.11499	0.03279	0.01671	0.01009	0.00330	0.00924	0.27481	0.00603	0.00995
56	0.01974	0.02193	0.04451	0.03267	0.03925	0.02259	0.47564	0.02566	0.01842	0.02566	0.01579	0.02193	0.01250	0.00900	0.01427	0.00307	0.17280	0.00943	0.00417	0.01097
57	0.03182	0.03976	0.02418	0.02181	0.02631	0.63628	0.01643	0.06185	0.02487	0.02239	0.01350	0.01559	0.01113	0.00884	0.00771	0.00221	0.01506	0.00558	0.00458	0.01008
58	0.02511	0.20587	0.12075	0.02098	0.08870	0.02308	0.01778	0.17459	0.02401	0.11705	0.02027	0.05659	0.01636	0.01221	0.03755	0.00294	0.00991	0.00771	0.00612	0.01243
59	0.01185	0.00826	0.01046	0.01093	0.01140	0.00850	0.00710	0.01292	0.01361	0.01851	0.03062	0.20177	0.03465	0.39096	0.18296	0.00840	0.01090	0.01440	0.00566	0.00615
60	0.01037	0.00741	0.00987	0.01185	0.01234	0.00691	0.00790	0.01185	0.01629	0.02172	0.04690	0.69537	0.05629	0.02666	0.01086	0.00346	0.00494	0.02419	0.00790	0.00691
61	0.02106	0.02022	0.03454	0.05223	0.64784	0.02022	0.02612	0.02612	0.01938	0.02780	0.01601	0.02106	0.01348	0.00758	0.00842	0.00253	0.01011	0.00758	0.00421	0.01348
62	0.02054	0.04320	0.50742	0.02370	0.03435	0.17255	0.02790	0.02861	0.01942	0.02550	0.01477	0.01735	0.01082	0.00825	0.00799	0.00258	0.01323	0.00610	0.00378	0.01194
63	0.02106	0.02022	0.03454	0.05223	0.64784	0.02022	0.02612	0.02612	0.01938	0.02780	0.01601	0.02106	0.01348	0.00758	0.00842	0.00253	0.01011	0.00758	0.00421	0.01348
64	0.01028	0.00863	0.00893	0.00885	0.01163	0.00728	0.00664	0.01264	0.01992	0.02424	0.14865	0.07984	0.58116	0.02109	0.01006	0.00285	0.00428	0.01767	0.00807	0.00728
65	0.01035	0.00748	0.00979	0.01164	0.01229	0.00693	0.00781	0.01187	0.01649	0.02181	0.04943	0.65589	0.09413	0.02633	0.01081	0.00342	0.00490	0.02379	0.00790	0.00693
66	0.01960	0.02632	0.14718	0.03401	0.04325	0.02124	0.52334	0.02721	0.01975	0.02721	0.01691	0.02216	0.01257	0.00732	0.00973	0.00284	0.01406	0.00944	0.00419	0.01165
67	0.01006	0.00862	0.00862	0.00862	0.01149	0.00718	0.00647	0.01221	0.01940	0.02299	0.08621	0.08190	0.64438	0.02155	0.01006	0.00287	0.00431	0.01796	0.00790	0.00718
68	0.01707	0.04402	0.65683	0.02426	0.03683	0.01976	0.03144	0.02695	0.01797	0.02695	0.01527	0.01797	0.01078	0.00809	0.00809	0.00270	0.01258	0.00629	0.00359	0.01258
69	0.02117	0.01828	0.01924	0.01732	0.02213	0.02117	0.01347	0.04522	0.63246	0.03560	0.03464	0.03175	0.02598	0.01155	0.00866	0.00289	0.00673	0.00962	0.00866	0.01347
70	0.01238	0.00825	0.00928	0.00928	0.00928	0.00825	0.00516	0.01238	0.01238	0.01650	0.02681	0.05569	0.03094	0.70092	0.04331	0.00825	0.00825	0.01238	0.00516	0.00516
71	0.01006	0.00862	0.00862	0.00862	0.01149	0.00718	0.00647	0.01221	0.01940	0.02299	0.08621	0.08190	0.64438	0.02155	0.01006	0.00287	0.00431	0.01796	0.00790	0.00718
72	0.01037	0.00741	0.00987	0.01185	0.01234	0.00691	0.00790	0.01185	0.01629	0.02172	0.04690	0.69537	0.05629	0.02666	0.01086	0.00346	0.00494	0.02419	0.00790	0.00691
