[name]
unknown

[dist]
# distance from previous block
# <min> <max>
0	28

[block]
# block no. 0 follows, 21 sequences, length 7
# corresponding to MSA columns:
# 28-34
name=unknown_A
#
# <colnr> <probs for GDERKNQSTAVLIFYWHMCP>
#	G	D	E	R	K	N	Q	S	T	A	V	L	I	F	Y	W	H	M	C	P
0	0.01174	0.00791	0.01087	0.01255	0.01328	0.00760	0.00906	0.01297	0.01622	0.02149	0.04173	0.46805	0.04855	0.02642	0.01438	0.11495	0.00592	0.14240	0.00726	0.00663
1	0.01181	0.00801	0.00945	0.01000	0.01014	0.00787	0.00593	0.01223	0.01348	0.01797	0.03246	0.23533	0.03806	0.51157	0.03420	0.00690	0.00732	0.01569	0.00593	0.00565
2	0.02181	0.02060	0.02665	0.06627	0.02731	0.06675	0.07623	0.14932	0.02113	0.02883	0.01917	0.02352	0.05289	0.01230	0.01715	0.00305	0.30752	0.00819	0.00518	0.04613
3	0.02051	0.01048	0.01266	0.01109	0.01414	0.00940	0.00803	0.02224	0.01843	0.23531	0.04580	0.05395	0.19985	0.27505	0.02214	0.00483	0.00680	0.01264	0.00776	0.00890
4	0.01195	0.00807	0.00941	0.00983	0.00993	0.00797	0.00574	0.01226	0.01321	0.01761	0.03108	0.19166	0.03633	0.55760	0.03642	0.00723	0.00755	0.01489	0.00574	0.00553
5	0.01073	0.00833	0.00936	0.00967	0.01152	0.00740	0.00679	0.01270	0.01841	0.02335	0.14713	0.20207	0.35747	0.11867	0.01495	0.00373	0.00496	0.01809	0.00772	0.00696
6	0.01482	0.00813	0.00868	0.00868	0.01056	0.00819	0.00644	0.01832	0.01719	0.02888	0.03153	0.03708	0.06871	0.05781	0.07961	0.00368	0.00627	0.00907	0.56866	0.00767

[dist]
# distance from previous block
# <min> <max>
1	2

[block]
# block no. 1 follows, 21 sequences, length 93
# corresponding to MSA columns:
# 37-129
name=unknown_B
#
# <colnr> <probs for GDERKNQSTAVLIFYWHMCP>
#	G	D	E	R	K	N	Q	S	T	A	V	L	I	F	Y	W	H	M	C	P
0	0.01160	0.00937	0.01137	0.01224	0.04870	0.00837	0.00853	0.01468	0.02110	0.02742	0.28164	0.07251	0.37338	0.01935	0.01004	0.00284	0.00472	0.04602	0.00822	0.00788
1	0.02964	0.01279	0.01693	0.01416	0.01911	0.01142	0.01120	0.03352	0.05294	0.44855	0.03955	0.17757	0.06470	0.01473	0.00915	0.00284	0.00655	0.01256	0.00971	0.01236
2	0.01595	0.01147	0.01292	0.01214	0.01407	0.01174	0.00844	0.14470	0.02022	0.02671	0.03726	0.22173	0.10095	0.29606	0.02343	0.00514	0.00718	0.01511	0.00692	0.00788
3	0.01089	0.00766	0.00982	0.01123	0.01169	0.00726	0.00731	0.01218	0.01584	0.02123	0.07362	0.52283	0.05201	0.17332	0.01790	0.00446	0.00561	0.02115	0.00738	0.00659
4	0.02326	0.01580	0.01754	0.01483	0.01941	0.01660	0.01160	0.17063	0.19304	0.13450	0.06675	0.04133	0.13238	0.08817	0.01269	0.00334	0.00706	0.01099	0.00844	0.01163
5	0.02106	0.02022	0.03454	0.05223	0.64784	0.02022	0.02612	0.02612	0.01938	0.02780	0.01601	0.02106	0.01348	0.00758	0.00842	0.00253	0.01011	0.00758	0.00421	0.01348
6	0.01027	0.00780	0.00946	0.01079	0.01207	0.00700	0.00743	0.01197	0.01731	0.02214	0.05976	0.49465	0.24870	0.02499	0.01060	0.00327	0.00473	0.02215	0.00790	0.00700
7	0.02287	0.01744	0.01838	0.01585	0.02055	0.01961	0.01252	0.18636	0.34700	0.03936	0.02951	0.02885	0.02213	0.01085	0.00803	0.00260	0.00680	0.00875	0.17001	0.01252
8	0.01311	0.00931	0.01181	0.01184	0.01284	0.00986	0.00815	0.04974	0.01523	0.02082	0.02904	0.17117	0.03173	0.31925	0.23901	0.00875	0.01243	0.01333	0.00570	0.00686
9	0.22614	0.02556	0.16167	0.02167	0.02968	0.02138	0.14893	0.17840	0.02336	0.06116	0.01679	0.01898	0.01216	0.00847	0.00787	0.00268	0.01030	0.00709	0.00573	0.01197
10	0.02004	0.02795	0.22555	0.06853	0.28995	0.04842	0.02502	0.02983	0.12603	0.02828	0.01886	0.02179	0.01460	0.00853	0.00833	0.00264	0.01058	0.00744	0.00478	0.01283
11	0.02166	0.02402	0.02201	0.01985	0.02185	0.25456	0.01567	0.02396	0.01723	0.02041	0.01503	0.02143	0.01382	0.02588	0.19312	0.00585	0.26322	0.00718	0.00419	0.00905
12	0.01740	0.01044	0.01247	0.01129	0.01473	0.00940	0.00869	0.02158	0.05894	0.16418	0.21170	0.09669	0.29383	0.01776	0.00968	0.00280	0.00506	0.01509	0.00890	0.00936
13	0.02016	0.01629	0.01863	0.01406	0.02078	0.01421	0.01120	0.15103	0.02240	0.03281	0.01931	0.08289	0.01718	0.00910	0.00722	0.00175	0.00684	0.00744	0.00607	0.52064
14	0.01216	0.00912	0.01368	0.01368	0.01520	0.01064	0.01064	0.01520	0.01368	0.01976	0.02279	0.03343	0.02127	0.06382	0.66720	0.01368	0.02279	0.00912	0.00456	0.00760
15	0.03267	0.02332	0.02522	0.01933	0.02613	0.02562	0.01597	0.58735	0.03914	0.08698	0.02116	0.02091	0.01484	0.01023	0.00852	0.00256	0.00925	0.00771	0.00863	0.01447
16	0.03182	0.03969	0.02419	0.02180	0.02631	0.63338	0.01643	0.06450	0.02494	0.02254	0.01353	0.01561	0.01114	0.00884	0.00772	0.00221	0.01503	0.00559	0.00460	0.01011
17	0.01729	0.01908	0.01386	0.01310	0.01642	0.22304	0.00983	0.01957	0.02123	0.02296	0.09632	0.05901	0.40270	0.01712	0.00928	0.00264	0.00790	0.01372	0.00684	0.00811
18	0.07314	0.01781	0.02072	0.01653	0.02271	0.01831	0.01347	0.18902	0.16052	0.33135	0.02924	0.02655	0.01980	0.01053	0.00839	0.00267	0.00764	0.00834	0.00932	0.01397
19	0.02580	0.01941	0.02178	0.01744	0.02307	0.02110	0.01419	0.39372	0.06487	0.04255	0.02119	0.02361	0.01640	0.02158	0.15204	0.00487	0.01183	0.00782	0.00730	0.08943
20	0.01044	0.00746	0.00994	0.01180	0.01236	0.00696	0.00791	0.01203	0.01663	0.02226	0.07260	0.66815	0.05732	0.02626	0.01083	0.00342	0.00490	0.02381	0.00796	0.00696
21	0.01057	0.00864	0.00932	0.00915	0.01181	0.00740	0.00687	0.01320	0.02060	0.02583	0.22852	0.07722	0.50030	0.02049	0.01005	0.00282	0.00423	0.01730	0.00828	0.00740
22	0.76103	0.01646	0.01251	0.01119	0.01646	0.01909	0.00922	0.02502	0.01448	0.03818	0.01185	0.01382	0.00922	0.00790	0.00527	0.00263	0.00658	0.00461	0.00527	0.00922
23	0.01862	0.01862	0.02607	0.02234	0.02234	0.02607	0.01862	0.02048	0.01303	0.02048	0.01117	0.01862	0.01117	0.01489	0.02793	0.00372	0.68535	0.00745	0.00372	0.00931
24	0.01077	0.00865	0.00960	0.00937	0.01193	0.00749	0.00702	0.01359	0.02107	0.02697	0.28515	0.07535	0.44296	0.02007	0.01005	0.00280	0.00420	0.01704	0.00843	0.00749
25	0.03179	0.04056	0.02412	0.02192	0.02631	0.66676	0.01644	0.03398	0.02412	0.02083	0.01315	0.01535	0.01096	0.00877	0.00767	0.00219	0.01535	0.00548	0.00438	0.00987
26	0.01617	0.01522	0.01310	0.01304	0.01425	0.15193	0.00876	0.01727	0.01589	0.01888	0.02761	0.17828	0.03087	0.34259	0.09372	0.00649	0.01062	0.01300	0.00550	0.00681
27	0.01057	0.00864	0.00932	0.00915	0.01181	0.00740	0.00687	0.01320	0.02060	0.02583	0.22852	0.07722	0.50030	0.02049	0.01005	0.00282	0.00423	0.01730	0.00828	0.00740
28	0.01073	0.00833	0.00977	0.01007	0.01208	0.00737	0.00730	0.01328	0.02002	0.02602	0.24374	0.23309	0.32451	0.02161	0.01026	0.00296	0.00438	0.01878	0.00834	0.00737
29	0.01765	0.01513	0.01765	0.01260	0.02017	0.01134	0.01008	0.02143	0.01765	0.02773	0.01513	0.01765	0.01260	0.00630	0.00630	0.00126	0.00630	0.00504	0.00504	0.75295
30	0.01520	0.01267	0.01376	0.01278	0.01624	0.01324	0.00979	0.02697	0.27648	0.03110	0.20700	0.05629	0.24219	0.01631	0.00947	0.00283	0.00525	0.01382	0.00859	0.01002
31	0.02265	0.01861	0.02386	0.04784	0.02628	0.01789	0.07810	0.23533	0.02580	0.03630	0.01919	0.06082	0.01592	0.00914	0.00787	0.00210	0.00841	0.00780	0.00632	0.32977
32	0.03179	0.04056	0.02412	0.02192	0.02631	0.66676	0.01644	0.03398	0.02412	0.02083	0.01315	0.01535	0.01096	0.00877	0.00767	0.00219	0.01535	0.00548	0.00438	0.00987
33	0.01282	0.01025	0.01522	0.02051	0.15084	0.00990	0.01171	0.01500	0.01673	0.02273	0.03893	0.50916	0.04540	0.06367	0.01231	0.00355	0.00627	0.01985	0.00693	0.00824
34	0.01137	0.00885	0.01009	0.01070	0.01267	0.00806	0.00764	0.04370	0.01902	0.02400	0.06443	0.36510	0.33698	0.02335	0.01035	0.00313	0.00487	0.02033	0.00793	0.00744
35	0.02996	0.18152	0.02895	0.01972	0.02535	0.36503	0.01596	0.18168	0.02669	0.02903	0.01472	0.01628	0.01185	0.00881	0.00740	0.00220	0.01246	0.00583	0.00528	0.01127
36	0.02962	0.20639	0.02970	0.01946	0.02519	0.34584	0.01590	0.17737	0.02633	0.02878	0.01463	0.01618	0.01182	0.00875	0.00732	0.00219	0.01226	0.00579	0.00522	0.01128
37	0.01819	0.01559	0.01644	0.01516	0.01705	0.08474	0.01131	0.11094	0.01927	0.02548	0.02603	0.17653	0.02739	0.17152	0.09108	0.00532	0.10973	0.01221	0.03754	0.00850
38	0.01128	0.00867	0.01032	0.00991	0.01225	0.00771	0.00743	0.01459	0.02229	0.02986	0.43010	0.07058	0.29620	0.01899	0.01005	0.00275	0.00413	0.01637	0.00881	0.00771
39	0.01035	0.00748	0.00980	0.01165	0.01229	0.00693	0.00781	0.01187	0.01648	0.02180	0.04930	0.65791	0.09219	0.02635	0.01081	0.00342	0.00490	0.02381	0.00790	0.00693
40	0.01078	0.00781	0.01018	0.01136	0.01239	0.00721	0.00785	0.01295	0.01847	0.02497	0.20166	0.49653	0.09833	0.02398	0.01060	0.00322	0.00466	0.02156	0.00827	0.00721
41	0.03235	0.02384	0.02554	0.01958	0.02639	0.02639	0.01618	0.61946	0.04001	0.05363	0.02043	0.02043	0.01447	0.01022	0.00851	0.00255	0.00936	0.00766	0.00851	0.01447
42	0.03235	0.02384	0.02554	0.01958	0.02639	0.02639	0.01618	0.61946	0.04001	0.05363	0.02043	0.02043	0.01447	0.01022	0.00851	0.00255	0.00936	0.00766	0.00851	0.01447
43	0.01753	0.01279	0.01546	0.04169	0.01766	0.01382	0.01047	0.16912	0.02203	0.03010	0.13496	0.04184	0.03269	0.23276	0.16310	0.00674	0.01108	0.01080	0.00658	0.00877
44	0.02985	0.18486	0.02866	0.02019	0.02534	0.49302	0.01602	0.06466	0.02351	0.02247	0.01327	0.01526	0.01115	0.00852	0.00724	0.00213	0.01365	0.00540	0.00445	0.01035
45	0.57490	0.01834	0.01584	0.01333	0.01899	0.02096	0.01099	0.17686	0.02100	0.04213	0.01404	0.01551	0.01056	0.00849	0.00610	0.00261	0.00729	0.00539	0.00610	0.01056
46	0.02684	0.03226	0.02104	0.01920	0.02309	0.48414	0.01443	0.03075	0.06073	0.02462	0.15198	0.02686	0.02700	0.01082	0.00825	0.00234	0.01236	0.00789	0.00573	0.00968
47	0.01143	0.00867	0.01052	0.01006	0.01233	0.00777	0.00754	0.01486	0.02263	0.03066	0.47008	0.06927	0.25573	0.01869	0.01004	0.00274	0.00411	0.01619	0.00891	0.00777
48	0.68228	0.01624	0.01330	0.01162	0.01703	0.01837	0.00957	0.02681	0.01556	0.10525	0.01422	0.01547	0.01051	0.00819	0.00563	0.00263	0.00665	0.00504	0.00584	0.00979
49	0.01087	0.00762	0.00973	0.01121	0.01158	0.00724	0.00722	0.01198	0.01532	0.02043	0.04191	0.53633	0.04998	0.19430	0.01893	0.00465	0.00576	0.02125	0.00722	0.00648
50	0.01037	0.00741	0.00987	0.01185	0.01234	0.00691	0.00790	0.01185	0.01629	0.02172	0.04690	0.69537	0.05629	0.02666	0.01086	0.00346	0.00494	0.02419	0.00790	0.00691
51	0.03179	0.04056	0.02412	0.02192	0.02631	0.66676	0.01644	0.03398	0.02412	0.02083	0.01315	0.01535	0.01096	0.00877	0.00767	0.00219	0.01535	0.00548	0.00438	0.00987
52	0.01216	0.00912	0.01368	0.01368	0.01520	0.01064	0.01064	0.01520	0.01368	0.01976	0.02279	0.03343	0.02127	0.06382	0.66720	0.01368	0.02279	0.00912	0.00456	0.00760
53	0.02081	0.01996	0.03409	0.08388	0.61816	0.02015	0.02599	0.02590	0.01926	0.02750	0.01596	0.02114	0.01337	0.00763	0.00843	0.00254	0.01017	0.00758	0.00419	0.01328
54	0.02117	0.01828	0.01924	0.01732	0.02213	0.02117	0.01347	0.04522	0.63246	0.03560	0.03464	0.03175	0.02598	0.01155	0.00866	0.00289	0.00673	0.00962	0.00866	0.01347
55	0.76103	0.01646	0.01251	0.01119	0.01646	0.01909	0.00922	0.02502	0.01448	0.03818	0.01185	0.01382	0.00922	0.00790	0.00527	0.00263	0.00658	0.00461	0.00527	0.00922
56	0.01772	0.01594	0.02098	0.02607	0.22358	0.01656	0.01545	0.02882	0.24331	0.02917	0.04440	0.04368	0.21209	0.01333	0.00901	0.00277	0.00709	0.01152	0.00697	0.01154
57	0.01079	0.00785	0.01032	0.01189	0.01279	0.00717	0.00802	0.01240	0.01637	0.02207	0.04508	0.65655	0.05378	0.02550	0.01060	0.00333	0.00502	0.02310	0.00774	0.04964
58	0.02117	0.23916	0.17462	0.03110	0.22250	0.05814	0.08757	0.02664	0.01875	0.02478	0.01454	0.01800	0.01191	0.00762	0.00757	0.00236	0.01107	0.00652	0.00392	0.01208
59	0.01716	0.01729	0.01625	0.01586	0.01787	0.17830	0.01201	0.01966	0.01677	0.02040	0.02396	0.14233	0.02422	0.04111	0.35628	0.00853	0.04810	0.01071	0.00505	0.00814
60	0.01659	0.00967	0.01279	0.01154	0.01429	0.00877	0.00882	0.02037	0.02380	0.14316	0.51014	0.08434	0.06880	0.01658	0.00981	0.00270	0.00462	0.01456	0.00951	0.00912
61	0.01768	0.02039	0.11092	0.03613	0.32663	0.01693	0.10023	0.02273	0.01850	0.02607	0.02396	0.19315	0.02399	0.01247	0.00922	0.00283	0.00967	0.01198	0.00509	0.01142
62	0.02635	0.03127	0.02131	0.01962	0.02343	0.45323	0.01485	0.03111	0.08812	0.02220	0.01760	0.02108	0.01485	0.02109	0.15171	0.00477	0.01603	0.00673	0.00489	0.00976
63	0.01669	0.01579	0.02237	0.01976	0.02021	0.02147	0.01624	0.01891	0.01322	0.02026	0.01463	0.02303	0.01418	0.02948	0.21842	0.00669	0.48791	0.00795	0.00397	0.00880
64	0.06312	0.01680	0.02755	0.44315	0.24030	0.01933	0.02353	0.02331	0.01760	0.02464	0.01520	0.02164	0.01188	0.00818	0.00828	0.00273	0.01067	0.00739	0.00401	0.01070
65	0.01840	0.07472	0.46386	0.03086	0.19207	0.02065	0.02914	0.02666	0.01829	0.02678	0.01527	0.01852	0.01148	0.00791	0.00803	0.00260	0.01175	0.00652	0.00375	0.01272
66	0.02652	0.10620	0.02407	0.01932	0.02340	0.45460	0.01497	0.02896	0.02109	0.02051	0.01511	0.01911	0.01321	0.02062	0.15136	0.00466	0.01629	0.00617	0.00434	0.00949
67	0.01707	0.04402	0.65683	0.02426	0.03683	0.01976	0.03144	0.02695	0.01797	0.02695	0.01527	0.01797	0.01078	0.00809	0.00809	0.00270	0.01258	0.00629	0.00359	0.01258
68	0.02396	0.19619	0.03515	0.03549	0.35232	0.02500	0.02100	0.15544	0.02335	0.03145	0.01591	0.01903	0.01304	0.00808	0.00769	0.00235	0.00969	0.00683	0.00500	0.01304
69	0.01087	0.00865	0.00974	0.00947	0.01199	0.00753	0.00710	0.01378	0.02131	0.02752	0.31307	0.07444	0.41470	0.01986	0.01005	0.00279	0.00419	0.01691	0.00850	0.00753
70	0.02081	0.01996	0.03409	0.08388	0.61816	0.02015	0.02599	0.02590	0.01926	0.02750	0.01596	0.02114	0.01337	0.00763	0.00843	0.00254	0.01017	0.00758	0.00419	0.01328
71	0.02106	0.02022	0.03454	0.05223	0.64784	0.02022	0.02612	0.02612	0.01938	0.02780	0.01601	0.02106	0.01348	0.00758	0.00842	0.00253	0.01011	0.00758	0.00421	0.01348
72	0.01075	0.00779	0.01016	0.01138	0.01238	0.00719	0.00784	0.01287	0.01833	0.02475	0.19110	0.50820	0.09740	0.02415	0.01062	0.00324	0.00468	0.02172	0.00825	0.00719
73	0.01577	0.01443	0.02061	0.01853	0.01920	0.01927	0.01510	0.01815	0.01332	0.02016	0.01629	0.02514	0.01562	0.03644	0.30945	0.00811	0.39357	0.00818	0.00409	0.00856
74	0.57205	0.01692	0.01423	0.01276	0.01791	0.01962	0.01030	0.03018	0.17234	0.03752	0.01767	0.01840	0.01350	0.00883	0.00613	0.00270	0.00662	0.00589	0.00613	0.01030
75	0.02561	0.49693	0.03828	0.01672	0.02324	0.19310	0.01513	0.06339	0.02038	0.02225	0.01268	0.01449	0.01115	0.00783	0.00620	0.00196	0.01069	0.00497	0.00412	0.01087
76	0.02213	0.63391	0.11130	0.01562	0.02348	0.03216	0.01640	0.02564	0.01737	0.02078	0.01221	0.01412	0.01091	0.00737	0.00575	0.00192	0.00948	0.00474	0.00364	0.01110
77	0.05471	0.02320	0.03004	0.04155	0.45307	0.13451	0.02226	0.04970	0.02081	0.02776	0.01915	0.02288	0.04578	0.00864	0.00824	0.00249	0.01056	0.00763	0.00465	0.01236
78	0.01362	0.01120	0.01622	0.01539	0.01649	0.01397	0.01214	0.01623	0.01346	0.01975	0.02040	0.03127	0.01952	0.08608	0.49145	0.01116	0.17048	0.00891	0.00440	0.00785
79	0.03295	0.01565	0.01959	0.01581	0.02185	0.01517	0.01280	0.04263	0.21139	0.46361	0.03390	0.02982	0.02258	0.01084	0.00859	0.00271	0.00709	0.00889	0.00996	0.01417
80	0.02767	0.01251	0.01619	0.01338	0.01781	0.01148	0.01037	0.03140	0.05485	0.38863	0.06623	0.03968	0.06215	0.15673	0.04815	0.00436	0.00785	0.01032	0.00882	0.01141
81	0.02196	0.01089	0.01455	0.01239	0.01613	0.00973	0.00973	0.02570	0.02419	0.26916	0.41205	0.05044	0.05783	0.01479	0.00948	0.00266	0.00524	0.01280	0.00981	0.01048
82	0.01037	0.00741	0.00987	0.01185	0.01234	0.00691	0.00790	0.01185	0.01629	0.02172	0.04690	0.69537	0.05629	0.02666	0.01086	0.00346	0.00494	0.02419	0.00790	0.00691
83	0.01038	0.00863	0.00906	0.00895	0.01169	0.00732	0.00672	0.01283	0.02015	0.02477	0.17539	0.07897	0.55410	0.02089	0.01005	0.00284	0.00426	0.01755	0.00814	0.00732
84	0.01460	0.01141	0.01487	0.01438	0.01676	0.01322	0.01118	0.02305	0.17190	0.02427	0.02601	0.03294	0.02250	0.04836	0.47314	0.01046	0.01796	0.00920	0.03467	0.00911
85	0.02256	0.02415	0.02964	0.20069	0.34258	0.18504	0.02303	0.02704	0.02000	0.02451	0.01506	0.02001	0.01231	0.00812	0.00825	0.00252	0.01175	0.00704	0.00415	0.01156
86	0.10609	0.16847	0.02742	0.18953	0.03266	0.29750	0.01712	0.02808	0.01981	0.02281	0.01325	0.01673	0.01086	0.00830	0.00717	0.00233	0.01206	0.00573	0.00417	0.00991
87	0.06659	0.06676	0.02335	0.01900	0.02436	0.43206	0.01469	0.06634	0.02296	0.02506	0.01385	0.01595	0.01141	0.00825	0.00722	0.00203	0.01242	0.00543	0.00478	0.15749
88	0.01316	0.00950	0.01222	0.01264	0.01400	0.00978	0.00900	0.07046	0.01802	0.02451	0.07291	0.38116	0.04344	0.10408	0.15726	0.00606	0.00955	0.01755	0.00703	0.00766
89	0.18002	0.03389	0.39778	0.02367	0.03388	0.01996	0.14090	0.02659	0.01762	0.02946	0.01490	0.01804	0.01086	0.00787	0.00785	0.00272	0.01161	0.00665	0.00410	0.01163
90	0.21106	0.02951	0.25417	0.02451	0.12777	0.05038	0.02159	0.12886	0.02139	0.03428	0.01531	0.01771	0.01146	0.00836	0.00747	0.00260	0.01022	0.00627	0.00501	0.01207
91	0.02800	0.32570	0.03339	0.01812	0.02439	0.22787	0.01556	0.17984	0.02521	0.02886	0.01444	0.01591	0.01184	0.00849	0.00693	0.00212	0.01110	0.00563	0.00512	0.01150
92	0.09720	0.09884	0.21362	0.01603	0.02243	0.01654	0.01649	0.05460	0.01910	0.05217	0.06290	0.17478	0.09382	0.01420	0.00845	0.00277	0.00814	0.01173	0.00603	0.01015

[dist]
# distance from previous block
# <min> <max>
0	3

[block]
# block no. 2 follows, 21 sequences, length 6
# corresponding to MSA columns:
# 133-138
name=unknown_C
#
# <colnr> <probs for GDERKNQSTAVLIFYWHMCP>
#	G	D	E	R	K	N	Q	S	T	A	V	L	I	F	Y	W	H	M	C	P
0	0.10950	0.03062	0.26813	0.02703	0.16886	0.10926	0.02258	0.02695	0.01913	0.05510	0.02137	0.02354	0.06368	0.00926	0.00795	0.00259	0.01077	0.00733	0.00471	0.01164
1	0.32992	0.17547	0.02304	0.01427	0.02008	0.07064	0.01219	0.08736	0.01972	0.11703	0.01629	0.01758	0.01246	0.01114	0.03851	0.00294	0.00898	0.00572	0.00584	0.01082
2	0.02655	0.10012	0.02524	0.02295	0.09822	0.43349	0.01601	0.02914	0.02220	0.02189	0.02362	0.02520	0.10018	0.01027	0.00788	0.00229	0.01255	0.00739	0.00478	0.01003
3	0.01724	0.01255	0.01358	0.01256	0.01505	0.06051	0.00960	0.01971	0.01771	0.09799	0.04103	0.04581	0.19301	0.09707	0.14904	0.00552	0.06555	0.01126	0.10679	0.00841
4	0.02125	0.01566	0.01909	0.04803	0.07304	0.01540	0.01304	0.07124	0.17699	0.11579	0.06197	0.03461	0.10910	0.01134	0.00834	0.00242	0.00692	0.00948	0.00743	0.17886
5	0.02447	0.03356	0.13739	0.02401	0.06001	0.35451	0.07869	0.02879	0.02079	0.02274	0.01556	0.01963	0.01283	0.01686	0.10907	0.00413	0.01563	0.00674	0.00425	0.01034

[dist]
# distance from previous block
# <min> <max>
0	1

[block]
# block no. 3 follows, 21 sequences, length 25
# corresponding to MSA columns:
# 140-164
name=unknown_D
#
# <colnr> <probs for GDERKNQSTAVLIFYWHMCP>
#	G	D	E	R	K	N	Q	S	T	A	V	L	I	F	Y	W	H	M	C	P
0	0.24694	0.07376	0.38246	0.01922	0.02875	0.02048	0.02248	0.02738	0.05442	0.03052	0.01519	0.01727	0.01124	0.00819	0.00709	0.00264	0.01016	0.00587	0.00442	0.01150
1	0.02336	0.43648	0.16810	0.01804	0.02585	0.15601	0.01845	0.02747	0.01878	0.02162	0.01281	0.01489	0.01090	0.00774	0.00645	0.00208	0.01106	0.00510	0.00378	0.01106
2	0.01737	0.01348	0.01603	0.05076	0.02036	0.01345	0.01173	0.02646	0.18975	0.05906	0.06354	0.04875	0.09361	0.06703	0.01163	0.00314	0.00688	0.11851	0.00728	0.16117
3	0.01216	0.00912	0.01368	0.01368	0.01520	0.01064	0.01064	0.01520	0.01368	0.01976	0.02279	0.03343	0.02127	0.06382	0.66720	0.01368	0.02279	0.00912	0.00456	0.00760
4	0.03097	0.02574	0.02391	0.01912	0.02510	0.14473	0.01544	0.46366	0.03533	0.04581	0.01964	0.02035	0.01438	0.00992	0.00816	0.00244	0.01007	0.00727	0.06486	0.01311
5	0.01216	0.00912	0.01368	0.01368	0.01520	0.01064	0.01064	0.01520	0.01368	0.01976	0.02279	0.03343	0.02127	0.06382	0.66720	0.01368	0.02279	0.00912	0.00456	0.00760
6	0.01021	0.00863	0.00883	0.00878	0.01159	0.00725	0.00659	0.01251	0.01976	0.02385	0.12923	0.08048	0.60083	0.02123	0.01006	0.00286	0.00429	0.01776	0.00802	0.00725
7	0.03127	0.08035	0.02546	0.02133	0.02604	0.58878	0.01631	0.06925	0.02467	0.02278	0.01352	0.01555	0.01117	0.00877	0.00759	0.00219	0.01460	0.00556	0.00459	0.01021
8	0.01204	0.00870	0.01138	0.01071	0.01271	0.00803	0.00803	0.01606	0.02409	0.03413	0.64335	0.06357	0.08030	0.01740	0.01004	0.00268	0.00401	0.01539	0.00937	0.00803
9	0.01216	0.00912	0.01368	0.01368	0.01520	0.01064	0.01064	0.01520	0.01368	0.01976	0.02279	0.03343	0.02127	0.06382	0.66720	0.01368	0.02279	0.00912	0.00456	0.00760
10	0.02742	0.18469	0.02890	0.02007	0.05369	0.17423	0.01583	0.21414	0.13844	0.03378	0.01915	0.01979	0.01490	0.00932	0.00763	0.00236	0.01023	0.00679	0.00626	0.01236
11	0.18742	0.01462	0.01413	0.01299	0.01725	0.01599	0.01014	0.02949	0.28459	0.03196	0.04672	0.04447	0.22981	0.01407	0.00835	0.00282	0.00589	0.01127	0.00763	0.01038
12	0.01726	0.02300	0.16265	0.01762	0.02233	0.13438	0.01679	0.02200	0.02048	0.02600	0.13108	0.11666	0.03898	0.01651	0.00978	0.00306	0.00941	0.19628	0.00647	0.00925
13	0.06776	0.20034	0.20089	0.01905	0.02609	0.21027	0.01892	0.02703	0.01883	0.02324	0.01455	0.01784	0.01210	0.01511	0.09034	0.00372	0.01345	0.00588	0.00406	0.01054
14	0.06767	0.01520	0.01688	0.01469	0.01845	0.01617	0.01114	0.21344	0.08768	0.09563	0.02995	0.18370	0.02868	0.14320	0.01538	0.00387	0.00749	0.01245	0.00776	0.01057
15	0.01498	0.01341	0.01758	0.01646	0.01773	0.05103	0.01310	0.01765	0.01408	0.02001	0.01914	0.02845	0.01799	0.04763	0.45891	0.01037	0.20050	0.00847	0.00432	0.00818
16	0.01037	0.00741	0.00987	0.01185	0.01234	0.00691	0.00790	0.01185	0.01629	0.02172	0.04690	0.69537	0.05629	0.02666	0.01086	0.00346	0.00494	0.02419	0.00790	0.00691
17	0.01037	0.00741	0.00987	0.01185	0.01234	0.00691	0.00790	0.01185	0.01629	0.02172	0.04690	0.69537	0.05629	0.02666	0.01086	0.00346	0.00494	0.02419	0.00790	0.00691
18	0.03216	0.02954	0.02505	0.02038	0.02636	0.24461	0.01627	0.41994	0.03460	0.04245	0.01795	0.01870	0.01328	0.00972	0.00823	0.00243	0.01140	0.00692	0.00711	0.01290
19	0.02309	0.01734	0.01868	0.01518	0.02019	0.01829	0.01224	0.36035	0.03184	0.04205	0.12470	0.04421	0.20670	0.01450	0.00917	0.00266	0.00716	0.01171	0.00845	0.01147
20	0.01190	0.00813	0.00934	0.00968	0.00993	0.00796	0.00570	0.01228	0.01346	0.01778	0.03379	0.16577	0.07213	0.54570	0.03581	0.00711	0.00745	0.01472	0.00579	0.00558
21	0.01707	0.04402	0.65683	0.02426	0.03683	0.01976	0.03144	0.02695	0.01797	0.02695	0.01527	0.01797	0.01078	0.00809	0.00809	0.00270	0.01258	0.00629	0.00359	0.01258
22	0.01256	0.00971	0.01445	0.01421	0.01564	0.01159	0.01113	0.01552	0.01364	0.01980	0.02207	0.03251	0.02065	0.06079	0.62755	0.01306	0.06389	0.00901	0.00451	0.00770
23	0.02166	0.02259	0.03005	0.22359	0.36556	0.14077	0.02361	0.02636	0.01960	0.02479	0.01523	0.02045	0.01241	0.00807	0.00831	0.00255	0.01144	0.00718	0.00412	0.01167
24	0.03179	0.04056	0.02412	0.02192	0.02631	0.66676	0.01644	0.03398	0.02412	0.02083	0.01315	0.01535	0.01096	0.00877	0.00767	0.00219	0.01535	0.00548	0.00438	0.00987

[dist]
# distance from previous block
# <min> <max>
0	1

[block]
# block no. 4 follows, 21 sequences, length 54
# corresponding to MSA columns:
# 166-219
name=unknown_E
#
# <colnr> <probs for GDERKNQSTAVLIFYWHMCP>
#	G	D	E	R	K	N	Q	S	T	A	V	L	I	F	Y	W	H	M	C	P
0	0.01707	0.04402	0.65683	0.02426	0.03683	0.01976	0.03144	0.02695	0.01797	0.02695	0.01527	0.01797	0.01078	0.00809	0.00809	0.00270	0.01258	0.00629	0.00359	0.01258
1	0.01326	0.01140	0.01258	0.01320	0.04752	0.01106	0.00943	0.02045	0.15327	0.02613	0.06900	0.06854	0.44342	0.01874	0.00976	0.00292	0.00534	0.04719	0.00787	0.00892
2	0.01039	0.00863	0.00908	0.00897	0.01170	0.00732	0.00672	0.01285	0.02017	0.02483	0.17841	0.07887	0.55104	0.02086	0.01005	0.00284	0.00426	0.01754	0.00815	0.00732
3	0.01941	0.03390	0.31425	0.02111	0.02925	0.17752	0.06494	0.02550	0.01996	0.02459	0.03038	0.03164	0.14933	0.01113	0.00856	0.00262	0.01159	0.00891	0.00478	0.01065
4	0.02275	0.70604	0.04459	0.01456	0.02184	0.03367	0.01456	0.02548	0.01729	0.02002	0.01183	0.01365	0.01092	0.00728	0.00546	0.00182	0.00910	0.00455	0.00364	0.01092
5	0.01238	0.00825	0.00928	0.00928	0.00928	0.00825	0.00516	0.01238	0.01238	0.01650	0.02681	0.05569	0.03094	0.70092	0.04331	0.00825	0.00825	0.01238	0.00516	0.00516
6	0.01055	0.00797	0.00934	0.01031	0.01159	0.00720	0.00698	0.01206	0.01685	0.02143	0.05823	0.38076	0.26553	0.12232	0.01526	0.00394	0.00519	0.02023	0.00750	0.00676
7	0.01049	0.00864	0.00922	0.00908	0.01176	0.00737	0.00681	0.01305	0.02042	0.02542	0.20786	0.07790	0.52122	0.02065	0.01005	0.00283	0.00425	0.01740	0.00822	0.00737
8	0.02137	0.02282	0.02625	0.03506	0.35203	0.18055	0.01938	0.02507	0.02058	0.02499	0.03062	0.03290	0.15060	0.01093	0.00859	0.00252	0.01017	0.00932	0.00506	0.01119
9	0.19567	0.26199	0.25081	0.01771	0.02617	0.07148	0.01937	0.02651	0.01736	0.02680	0.01314	0.01533	0.01047	0.00782	0.00650	0.00235	0.01018	0.00524	0.00406	0.01102
10	0.07223	0.08579	0.45910	0.02465	0.03562	0.02102	0.13174	0.02676	0.01804	0.02733	0.01512	0.01823	0.01105	0.00785	0.00804	0.00266	0.01220	0.00670	0.00384	0.01202
11	0.02520	0.02985	0.05769	0.03568	0.29270	0.29224	0.05101	0.02918	0.02096	0.02437	0.01455	0.01847	0.01214	0.00852	0.00934	0.00248	0.05307	0.00676	0.00423	0.01157
12	0.01033	0.00863	0.00899	0.00890	0.01166	0.00730	0.00668	0.01273	0.02003	0.02449	0.16125	0.07943	0.56840	0.02099	0.01006	0.00285	0.00427	0.01761	0.00810	0.00730
13	0.01212	0.00868	0.01129	0.01125	0.01219	0.00923	0.00780	0.01379	0.01395	0.01920	0.05904	0.04783	0.06586	0.34534	0.31500	0.01005	0.01422	0.01142	0.00527	0.00650
14	0.01075	0.00872	0.00959	0.00958	0.01220	0.00756	0.00733	0.01344	0.02044	0.02560	0.20491	0.07891	0.47851	0.02079	0.01018	0.00291	0.00450	0.05847	0.00822	0.00742
15	0.01105	0.00833	0.01108	0.01241	0.01305	0.00836	0.00862	0.01273	0.01664	0.02243	0.08157	0.58557	0.07693	0.02507	0.01201	0.00341	0.05367	0.02223	0.00769	0.00716
16	0.01059	0.00750	0.00981	0.01157	0.01201	0.00706	0.00760	0.01191	0.01587	0.02115	0.04471	0.62547	0.05352	0.10034	0.01441	0.00398	0.00530	0.02290	0.00760	0.00672
17	0.02536	0.06913	0.03032	0.06267	0.13846	0.27023	0.07997	0.07136	0.02155	0.02505	0.01432	0.01829	0.01191	0.00934	0.01113	0.00259	0.11608	0.00683	0.00447	0.01096
18	0.02711	0.38490	0.03471	0.01811	0.02400	0.33918	0.01547	0.02958	0.02058	0.02041	0.01247	0.01447	0.01094	0.00800	0.00653	0.00200	0.01211	0.00500	0.00400	0.01041
19	0.01731	0.01639	0.02776	0.52475	0.20466	0.01923	0.02425	0.02283	0.01760	0.02325	0.01534	0.02229	0.01187	0.00828	0.00849	0.00276	0.01104	0.00757	0.00389	0.01045
20	0.01006	0.00862	0.00862	0.00862	0.01149	0.00718	0.00647	0.01221	0.01940	0.02299	0.08621	0.08190	0.64438	0.02155	0.01006	0.00287	0.00431	0.01796	0.00790	0.00718
21	0.02485	0.55709	0.04043	0.01566	0.02284	0.03208	0.01491	0.15518	0.02225	0.02736	0.01371	0.01513	0.01170	0.00792	0.00613	0.00198	0.00916	0.00523	0.00470	0.01170
22	0.01060	0.00864	0.00938	0.00919	0.01183	0.00742	0.00689	0.01327	0.02068	0.02604	0.23906	0.07687	0.48963	0.02041	0.01005	0.00282	0.00423	0.01726	0.00830	0.00742
23	0.59837	0.01617	0.01535	0.15733	0.02566	0.01905	0.01236	0.02430	0.01504	0.03459	0.01256	0.01576	0.00968	0.00803	0.00597	0.00268	0.00762	0.00525	0.00494	0.00927
24	0.03134	0.07388	0.02514	0.02156	0.02608	0.63506	0.01635	0.03356	0.02377	0.02079	0.01309	0.01526	0.01096	0.00869	0.00756	0.00217	0.01503	0.00543	0.00435	0.00992
25	0.01058	0.00854	0.00941	0.00940	0.01187	0.00737	0.00697	0.01315	0.02032	0.02567	0.22229	0.12598	0.45679	0.02092	0.01012	0.00287	0.00429	0.01781	0.00827	0.00737
26	0.07224	0.02914	0.02180	0.01881	0.02383	0.32237	0.01463	0.20324	0.07132	0.03276	0.02473	0.02519	0.08218	0.01074	0.00811	0.00245	0.01125	0.00773	0.00634	0.01114
27	0.02599	0.40544	0.07321	0.01777	0.02448	0.21404	0.01627	0.08890	0.02162	0.02411	0.01330	0.01509	0.01129	0.00806	0.00657	0.00205	0.01113	0.00524	0.00435	0.01108
28	0.03088	0.03826	0.02427	0.06103	0.02824	0.59820	0.01686	0.06066	0.02444	0.02242	0.01361	0.01602	0.01115	0.00882	0.00776	0.00225	0.01483	0.00571	0.00454	0.01006
29	0.02775	0.02202	0.02761	0.07541	0.19072	0.02401	0.01919	0.39656	0.05893	0.04381	0.01952	0.02125	0.01449	0.00946	0.00850	0.00258	0.00959	0.00772	0.00706	0.01381
30	0.01184	0.00961	0.01156	0.05943	0.01642	0.00913	0.00927	0.01580	0.04865	0.02588	0.18134	0.11720	0.34868	0.01990	0.01012	0.00299	0.00532	0.08107	0.00792	0.00786
31	0.02116	0.10853	0.02046	0.01571	0.01940	0.24323	0.01217	0.05187	0.04367	0.02288	0.03216	0.08274	0.13474	0.06809	0.08277	0.00410	0.01146	0.01019	0.00563	0.00906
32	0.03235	0.02384	0.02554	0.01958	0.02639	0.02639	0.01618	0.61946	0.04001	0.05363	0.02043	0.02043	0.01447	0.01022	0.00851	0.00255	0.00936	0.00766	0.00851	0.01447
33	0.01020	0.00807	0.00918	0.01007	0.01188	0.00706	0.00711	0.01205	0.01800	0.02242	0.06854	0.35761	0.38007	0.02385	0.01042	0.00314	0.00459	0.02076	0.00790	0.00706
34	0.01954	0.01854	0.01708	0.01529	0.01851	0.14528	0.01181	0.10727	0.05655	0.02876	0.14071	0.04269	0.15361	0.04996	0.08384	0.00414	0.05917	0.01109	0.00679	0.00938
35	0.01238	0.00825	0.00928	0.00928	0.00928	0.00825	0.00516	0.01238	0.01238	0.01650	0.02681	0.05569	0.03094	0.70092	0.04331	0.00825	0.00825	0.01238	0.00516	0.00516
36	0.02081	0.02093	0.03863	0.04796	0.49035	0.02056	0.18033	0.02642	0.01956	0.02766	0.01632	0.02156	0.01333	0.00748	0.00885	0.00262	0.01122	0.00822	0.00424	0.01296
37	0.01772	0.09984	0.57066	0.02406	0.03596	0.02106	0.06229	0.02684	0.01803	0.02637	0.01508	0.01787	0.01091	0.00797	0.00797	0.00263	0.01238	0.00635	0.00364	0.01237
38	0.01339	0.01189	0.01323	0.01410	0.01489	0.07042	0.01004	0.01498	0.01661	0.02148	0.03929	0.54730	0.04642	0.02353	0.01271	0.00337	0.09146	0.02035	0.00705	0.00749
39	0.02966	0.03651	0.02619	0.02795	0.14991	0.53819	0.01837	0.03242	0.02317	0.02221	0.01372	0.01648	0.01146	0.00853	0.00782	0.00226	0.01431	0.00590	0.00435	0.01058
40	0.01042	0.00776	0.00971	0.01106	0.01218	0.00705	0.00760	0.01223	0.01753	0.02289	0.09827	0.51610	0.18642	0.02488	0.01063	0.00327	0.00473	0.02220	0.00801	0.00705
41	0.02964	0.15671	0.02827	0.02222	0.05811	0.52135	0.01662	0.03207	0.02267	0.02105	0.01307	0.01535	0.01109	0.00845	0.00732	0.00214	0.01397	0.00543	0.00424	0.01024
42	0.02067	0.01430	0.01576	0.01363	0.01736	0.01486	0.01049	0.24196	0.02546	0.03643	0.02856	0.18444	0.02704	0.05184	0.01016	0.00284	0.00662	0.01170	0.20159	0.06429
43	0.01006	0.00862	0.00862	0.00862	0.01149	0.00718	0.00647	0.01221	0.01940	0.02299	0.08621	0.08190	0.64438	0.02155	0.01006	0.00287	0.00431	0.01796	0.00790	0.00718
44	0.01216	0.00912	0.01368	0.01368	0.01520	0.01064	0.01064	0.01520	0.01368	0.01976	0.02279	0.03343	0.02127	0.06382	0.66720	0.01368	0.02279	0.00912	0.00456	0.00760
45	0.02728	0.01625	0.01879	0.01535	0.02061	0.01640	0.01232	0.24305	0.05675	0.22682	0.03958	0.10814	0.13254	0.01417	0.00906	0.00275	0.00722	0.01165	0.00896	0.01232
46	0.02077	0.01992	0.03401	0.08965	0.61275	0.02014	0.02597	0.02586	0.01924	0.02744	0.01595	0.02116	0.01335	0.00764	0.00843	0.00255	0.01018	0.00758	0.00419	0.01324
47	0.01064	0.00867	0.00948	0.00972	0.01228	0.00751	0.00743	0.01312	0.01971	0.02429	0.13650	0.11817	0.49281	0.02163	0.01027	0.00299	0.00467	0.07474	0.00805	0.00732
48	0.01040	0.00863	0.00909	0.00898	0.01170	0.00733	0.00673	0.01287	0.02019	0.02488	0.18079	0.07879	0.54862	0.02085	0.01005	0.00284	0.00426	0.01752	0.00815	0.00733
49	0.22069	0.02043	0.02256	0.02432	0.15805	0.13102	0.05863	0.02695	0.01939	0.09755	0.04915	0.09480	0.02049	0.01071	0.00792	0.00264	0.00923	0.00889	0.00587	0.01070
50	0.01405	0.01360	0.06237	0.02072	0.15299	0.01135	0.01353	0.01830	0.02143	0.03006	0.35553	0.12139	0.09921	0.01590	0.00964	0.00274	0.00608	0.01418	0.00756	0.00936
51	0.18454	0.09304	0.12566	0.02621	0.13714	0.13075	0.09557	0.06275	0.02001	0.02948	0.01452	0.01754	0.01145	0.00800	0.00748	0.00250	0.01100	0.00641	0.00459	0.01136
52	0.02337	0.30239	0.03059	0.01847	0.04929	0.23872	0.01484	0.02609	0.01886	0.02057	0.01485	0.01886	0.01331	0.02014	0.15081	0.00456	0.01421	0.00599	0.00411	0.00996
53	0.02205	0.14417	0.02275	0.01695	0.02080	0.26029	0.01357	0.02631	0.06566	0.02403	0.09230	0.11231	0.03064	0.01395	0.00860	0.00264	0.01004	0.09744	0.00604	0.00946

[dist]
# distance from previous block
# <min> <max>
0	1

[block]
# block no. 5 follows, 21 sequences, length 40
# corresponding to MSA columns:
# 221-260
name=unknown_F
#
# <colnr> <probs for GDERKNQSTAVLIFYWHMCP>
#	G	D	E	R	K	N	Q	S	T	A	V	L	I	F	Y	W	H	M	C	P
0	0.05242	0.02050	0.02098	0.02476	0.18910	0.15082	0.01519	0.05511	0.08368	0.02734	0.04018	0.04040	0.21921	0.01292	0.00869	0.00261	0.00878	0.01060	0.00616	0.01055
1	0.01209	0.00854	0.01021	0.01050	0.01259	0.00755	0.00760	0.01445	0.01955	0.05907	0.18223	0.28572	0.29507	0.02187	0.01025	0.00302	0.00463	0.01907	0.00834	0.00766
2	0.02879	0.02573	0.02330	0.01939	0.02506	0.16252	0.01540	0.31696	0.21876	0.04103	0.02323	0.02282	0.01725	0.01031	0.00838	0.00258	0.00984	0.00780	0.00767	0.01317
3	0.01054	0.00751	0.00992	0.01167	0.01222	0.00703	0.00778	0.01208	0.01650	0.02210	0.07572	0.63458	0.05632	0.05707	0.01231	0.00364	0.00504	0.02321	0.00785	0.00689
4	0.01203	0.00813	0.00947	0.00977	0.00993	0.00802	0.00573	0.01245	0.01353	0.01813	0.05714	0.16105	0.03726	0.56027	0.03653	0.00722	0.00752	0.01445	0.00579	0.00557
5	0.01218	0.00903	0.01323	0.01323	0.01459	0.01039	0.01008	0.01491	0.01354	0.01942	0.02320	0.03570	0.02226	0.12876	0.60361	0.01312	0.02131	0.00945	0.00462	0.00735
6	0.01204	0.00870	0.01138	0.01071	0.01271	0.00803	0.00803	0.01606	0.02409	0.03413	0.64335	0.06357	0.08030	0.01740	0.01004	0.00268	0.00401	0.01539	0.00937	0.00803
7	0.02275	0.70604	0.04459	0.01456	0.02184	0.03367	0.01456	0.02548	0.01729	0.02002	0.01183	0.01365	0.01092	0.00728	0.00546	0.00182	0.00910	0.00455	0.00364	0.01092
8	0.03079	0.08878	0.02409	0.01838	0.05731	0.05422	0.01430	0.18219	0.05940	0.28528	0.07610	0.02707	0.02252	0.01048	0.00830	0.00252	0.00827	0.00832	0.00844	0.01323
9	0.02365	0.21444	0.22974	0.02201	0.03027	0.19827	0.08182	0.05980	0.02083	0.02492	0.01426	0.01676	0.01128	0.00808	0.00750	0.00234	0.01242	0.00607	0.00415	0.01140
10	0.01358	0.01133	0.01455	0.01855	0.11748	0.04226	0.01083	0.01541	0.01647	0.02172	0.03640	0.43161	0.04226	0.14746	0.01631	0.00413	0.00692	0.01833	0.00661	0.00782
11	0.11507	0.01878	0.01607	0.01455	0.01742	0.15430	0.01071	0.11648	0.01986	0.02654	0.02041	0.03382	0.02002	0.23249	0.05784	0.06977	0.01046	0.03160	0.00549	0.00830
12	0.25368	0.01564	0.01494	0.01264	0.01718	0.01727	0.01021	0.21154	0.02382	0.04069	0.02047	0.02256	0.01555	0.00938	0.00655	0.00237	0.00649	0.00681	0.28181	0.01041
13	0.01618	0.01503	0.02138	0.01907	0.01964	0.02023	0.01560	0.01848	0.01328	0.02021	0.01556	0.02422	0.01499	0.03339	0.26954	0.00749	0.43493	0.00808	0.00404	0.00866
14	0.01036	0.00809	0.00941	0.01023	0.01197	0.00713	0.00723	0.01237	0.01841	0.02336	0.11530	0.35349	0.33539	0.02348	0.01041	0.00312	0.00456	0.02052	0.00802	0.00713
15	0.17466	0.01076	0.01209	0.01123	0.01425	0.01072	0.00877	0.01935	0.02153	0.07037	0.40811	0.05362	0.09124	0.01551	0.00902	0.00274	0.00498	0.04406	0.00839	0.00861
16	0.02442	0.02173	0.02080	0.07763	0.02535	0.14674	0.01458	0.26275	0.05418	0.03497	0.02620	0.20023	0.02515	0.01422	0.00898	0.00276	0.00943	0.01172	0.00711	0.01105
17	0.01098	0.00830	0.00955	0.00985	0.01145	0.00751	0.00680	0.01289	0.01815	0.02347	0.17052	0.20494	0.28386	0.16318	0.01714	0.00408	0.00521	0.01765	0.00761	0.00686
18	0.02710	0.28513	0.03191	0.01924	0.02425	0.36667	0.01597	0.02945	0.02046	0.02049	0.01246	0.01505	0.01097	0.00884	0.00892	0.00221	0.08132	0.00534	0.00404	0.01020
19	0.01514	0.01157	0.01353	0.01373	0.04973	0.01139	0.00955	0.02226	0.14749	0.06099	0.18470	0.05860	0.26168	0.08644	0.01298	0.00335	0.00563	0.01402	0.00803	0.00921
20	0.01397	0.00969	0.01168	0.01173	0.01384	0.00922	0.00847	0.04885	0.04658	0.06336	0.15118	0.33008	0.17588	0.05040	0.01159	0.00329	0.00525	0.01847	0.00825	0.00822
21	0.02690	0.02975	0.02209	0.02061	0.05045	0.36060	0.01517	0.10010	0.15608	0.02824	0.02617	0.02648	0.07925	0.01078	0.00826	0.00247	0.01147	0.00798	0.00612	0.01104
22	0.02300	0.02415	0.03184	0.08290	0.48389	0.15462	0.02396	0.02750	0.02022	0.02600	0.01536	0.01997	0.01283	0.00788	0.00827	0.00248	0.01127	0.00714	0.00422	0.01249
23	0.02517	0.02303	0.02871	0.03507	0.32241	0.09065	0.02053	0.18513	0.12016	0.03503	0.01974	0.02194	0.01541	0.00901	0.00840	0.00255	0.00995	0.00770	0.00604	0.01335
24	0.01262	0.00995	0.01169	0.01233	0.01455	0.00977	0.00935	0.01837	0.11443	0.02547	0.08280	0.27179	0.23151	0.02178	0.01039	0.00323	0.00549	0.11818	0.00807	0.00823
25	0.01930	0.02809	0.21615	0.01759	0.02417	0.15498	0.01748	0.08359	0.02231	0.02747	0.07109	0.04040	0.21637	0.01322	0.00877	0.00263	0.00976	0.01045	0.00594	0.01023
26	0.02474	0.02842	0.02570	0.02769	0.15804	0.32756	0.01838	0.02757	0.01973	0.02215	0.01434	0.01910	0.01260	0.01540	0.07927	0.00375	0.15434	0.00671	0.00423	0.01030
27	0.01808	0.20296	0.07740	0.01750	0.07254	0.04425	0.01404	0.07790	0.02024	0.02555	0.03674	0.17352	0.15727	0.01487	0.00844	0.00261	0.00784	0.01231	0.00600	0.00993
28	0.02022	0.01946	0.02536	0.09888	0.28931	0.08807	0.01922	0.05226	0.09039	0.02856	0.08360	0.03328	0.07399	0.01097	0.00878	0.00265	0.00926	0.02844	0.00579	0.01150
29	0.02106	0.02022	0.03454	0.05223	0.64784	0.02022	0.02612	0.02612	0.01938	0.02780	0.01601	0.02106	0.01348	0.00758	0.00842	0.00253	0.01011	0.00758	0.00421	0.01348
30	0.01006	0.00862	0.00862	0.00862	0.01149	0.00718	0.00647	0.01221	0.01940	0.02299	0.08621	0.08190	0.64438	0.02155	0.01006	0.00287	0.00431	0.01796	0.00790	0.00718
31	0.02474	0.02668	0.09475	0.02703	0.16700	0.14630	0.01920	0.16105	0.15327	0.03345	0.02312	0.02421	0.04135	0.00985	0.00838	0.00258	0.01029	0.00790	0.00620	0.01264
32	0.02164	0.03296	0.23051	0.03022	0.06883	0.15513	0.28215	0.02851	0.02024	0.02585	0.01571	0.01974	0.01188	0.00781	0.00887	0.00266	0.01380	0.00782	0.00410	0.01158
33	0.01087	0.00762	0.00973	0.01121	0.01158	0.00725	0.00721	0.01198	0.01531	0.02041	0.04187	0.53500	0.04993	0.19570	0.01900	0.00466	0.00577	0.02123	0.00721	0.00647
34	0.02162	0.02328	0.03524	0.07334	0.25705	0.11347	0.18020	0.02631	0.01900	0.02505	0.01503	0.02042	0.01245	0.00897	0.01216	0.00280	0.13007	0.00791	0.00415	0.01148
35	0.01072	0.00793	0.01006	0.01131	0.01251	0.00727	0.00796	0.01281	0.01812	0.02391	0.13890	0.46635	0.16341	0.02428	0.01065	0.00327	0.00484	0.05045	0.00811	0.00717
36	0.02950	0.03577	0.02307	0.02093	0.02541	0.52790	0.01580	0.03640	0.15497	0.02400	0.01778	0.01888	0.01419	0.00937	0.00789	0.00234	0.01349	0.00637	0.00530	0.01064
37	0.02696	0.24269	0.07027	0.02123	0.02741	0.36912	0.07795	0.03028	0.02125	0.02160	0.01329	0.01576	0.01114	0.00811	0.00726	0.00218	0.01317	0.00571	0.00410	0.01051
38	0.02350	0.02483	0.03218	0.04536	0.50685	0.16688	0.02392	0.02790	0.02045	0.02622	0.01536	0.01977	0.01291	0.00785	0.00825	0.00245	0.01130	0.00711	0.00425	0.01266
39	0.01516	0.01218	0.01360	0.01367	0.01630	0.03743	0.01075	0.07384	0.07173	0.02832	0.11045	0.19894	0.16946	0.02033	0.01033	0.00320	0.00647	0.17113	0.00801	0.00869

[dist]
# distance from previous block
# <min> <max>
7	24

[block]
# block no. 6 follows, 21 sequences, length 21
# corresponding to MSA columns:
# 285-305
name=unknown_G
#
# <colnr> <probs for GDERKNQSTAVLIFYWHMCP>
#	G	D	E	R	K	N	Q	S	T	A	V	L	I	F	Y	W	H	M	C	P
0	0.03185	0.03882	0.02426	0.02168	0.02632	0.60023	0.01642	0.09481	0.02577	0.02424	0.01391	0.01587	0.01133	0.00892	0.00776	0.00223	0.01473	0.00571	0.00481	0.01034
1	0.05967	0.02249	0.02685	0.07200	0.34951	0.16090	0.02010	0.02567	0.02030	0.02633	0.05562	0.02770	0.07731	0.00979	0.00835	0.00252	0.01026	0.00839	0.00492	0.01134
2	0.03045	0.03619	0.02403	0.05192	0.02755	0.52765	0.01656	0.09665	0.06381	0.02530	0.01538	0.01726	0.01230	0.00909	0.00786	0.00230	0.01398	0.00607	0.00507	0.01057
3	0.01738	0.01032	0.01337	0.01191	0.01492	0.00962	0.00917	0.02243	0.05971	0.14802	0.49576	0.05535	0.06624	0.01579	0.00968	0.00268	0.00477	0.01380	0.00954	0.00953
4	0.01099	0.00858	0.00997	0.00978	0.01211	0.00756	0.00727	0.01396	0.02136	0.02803	0.33978	0.11212	0.34809	0.01996	0.01010	0.00282	0.00421	0.01717	0.00858	0.00756
5	0.01128	0.00867	0.01031	0.00990	0.01224	0.00770	0.00743	0.01457	0.02228	0.02983	0.42830	0.07064	0.29803	0.01900	0.01005	0.00275	0.00413	0.01638	0.00880	0.00770
6	0.01067	0.00865	0.00947	0.00927	0.01187	0.00745	0.00695	0.01340	0.02085	0.02643	0.25829	0.07624	0.47015	0.02027	0.01005	0.00281	0.00422	0.01717	0.00836	0.00745
7	0.01216	0.00912	0.01368	0.01368	0.01520	0.01064	0.01064	0.01520	0.01368	0.01976	0.02279	0.03343	0.02127	0.06382	0.66720	0.01368	0.02279	0.00912	0.00456	0.00760
8	0.03011	0.16444	0.02793	0.02055	0.02548	0.54890	0.01609	0.03240	0.02285	0.02068	0.01291	0.01503	0.01095	0.00849	0.00726	0.00212	0.01418	0.00531	0.00425	0.01006
