[name]
unknown

[dist]
# distance from previous block
# <min> <max>
0	11

[block]
# block no. 0 follows, 23 sequences, length 269
# corresponding to MSA columns:
# 11-279
name=unknown_A
#
# <colnr> <probs for GDERKNQSTAVLIFYWHMCP>
#	G	D	E	R	K	N	Q	S	T	A	V	L	I	F	Y	W	H	M	C	P
0	0.01386	0.01152	0.01671	0.02182	0.17790	0.01114	0.01411	0.01740	0.01858	0.02418	0.04701	0.06980	0.21053	0.01808	0.00996	0.00312	0.00707	0.29196	0.00662	0.00865
1	0.03031	0.03867	0.02299	0.02090	0.02508	0.68226	0.01568	0.03240	0.02299	0.01986	0.01254	0.01463	0.01045	0.00836	0.00732	0.00209	0.01463	0.00523	0.00418	0.00941
2	0.01018	0.00727	0.00976	0.01164	0.01224	0.00685	0.00805	0.01181	0.01583	0.02105	0.04456	0.65171	0.05302	0.02514	0.01044	0.00334	0.00497	0.07795	0.00753	0.00667
3	0.01180	0.00787	0.00885	0.00885	0.00885	0.00787	0.00492	0.01180	0.01180	0.01573	0.02557	0.05310	0.02950	0.71483	0.04130	0.00787	0.00787	0.01180	0.00492	0.00492
4	0.01032	0.00724	0.00929	0.01075	0.01111	0.00688	0.00694	0.01141	0.01469	0.01959	0.04041	0.56181	0.04823	0.18057	0.01732	0.00432	0.00542	0.02053	0.00694	0.00621
5	0.00975	0.00758	0.00889	0.00993	0.01141	0.00671	0.00693	0.01145	0.01685	0.02125	0.06134	0.42949	0.32299	0.02326	0.01002	0.00305	0.00444	0.02043	0.00753	0.00671
6	0.03034	0.03779	0.02307	0.02078	0.02509	0.64577	0.01566	0.06599	0.02384	0.02160	0.01293	0.01490	0.01064	0.00844	0.00736	0.00211	0.01432	0.00534	0.00440	0.00965
7	0.03085	0.02273	0.02435	0.01867	0.02516	0.02516	0.01542	0.63716	0.03815	0.05114	0.01948	0.01948	0.01380	0.00974	0.00812	0.00244	0.00893	0.00731	0.00812	0.01380
8	0.01019	0.00869	0.00883	0.00880	0.01155	0.00758	0.00659	0.01338	0.05343	0.02254	0.07807	0.09909	0.60285	0.02020	0.00954	0.00276	0.00426	0.01691	0.00757	0.00717
9	0.01757	0.01752	0.02038	0.01822	0.01930	0.10977	0.01471	0.01981	0.01427	0.01988	0.01485	0.02199	0.01388	0.02663	0.21212	0.00601	0.37786	0.00733	0.03950	0.00842
10	0.02852	0.02157	0.02304	0.01820	0.02428	0.02408	0.01486	0.50738	0.17172	0.04738	0.02244	0.02184	0.01620	0.01002	0.00815	0.00250	0.00838	0.00771	0.00815	0.01359
11	0.00989	0.00706	0.00942	0.01130	0.01177	0.00659	0.00753	0.01130	0.01554	0.02071	0.04472	0.70954	0.05367	0.02542	0.01036	0.00330	0.00471	0.02307	0.00753	0.00659
12	0.01190	0.01023	0.01043	0.01003	0.01318	0.00976	0.00762	0.01852	0.15636	0.02455	0.07146	0.06764	0.52195	0.01847	0.00930	0.00274	0.00462	0.01539	0.00769	0.00816
13	0.01017	0.00718	0.00933	0.01094	0.01134	0.00678	0.00715	0.01137	0.01499	0.01999	0.04192	0.61364	0.05014	0.12614	0.01488	0.00396	0.00517	0.02142	0.00715	0.00635
14	0.01019	0.00728	0.00976	0.01165	0.01225	0.00685	0.00806	0.01182	0.01583	0.02105	0.04456	0.65069	0.05300	0.02514	0.01044	0.00334	0.00497	0.07892	0.00753	0.00667
15	0.01035	0.00846	0.00928	0.00969	0.01224	0.00739	0.00767	0.01277	0.01854	0.02244	0.07363	0.08103	0.52674	0.02096	0.00994	0.00296	0.00484	0.14656	0.00752	0.00699
16	0.01180	0.00787	0.00885	0.00885	0.00885	0.00787	0.00492	0.01180	0.01180	0.01573	0.02557	0.05310	0.02950	0.71483	0.04130	0.00787	0.00787	0.01180	0.00492	0.00492
17	0.01314	0.00971	0.01284	0.01432	0.01617	0.00990	0.01184	0.01843	0.08567	0.02454	0.04228	0.21997	0.04587	0.02185	0.01071	0.00353	0.00676	0.41705	0.00757	0.00786
18	0.09074	0.03439	0.46311	0.02039	0.03025	0.01933	0.02420	0.13239	0.02049	0.03140	0.01571	0.01782	0.01128	0.00814	0.00742	0.00251	0.01050	0.00615	0.04200	0.01178
19	0.00959	0.00822	0.00822	0.00822	0.01096	0.00685	0.00617	0.01165	0.01850	0.02192	0.08220	0.07809	0.66092	0.02055	0.00959	0.00274	0.00411	0.01713	0.00754	0.00685
20	0.01250	0.00841	0.00942	0.00921	0.00945	0.00850	0.00530	0.03474	0.01277	0.01703	0.02534	0.05187	0.02892	0.68897	0.04008	0.00767	0.00791	0.01164	0.00503	0.00524
21	0.01180	0.00787	0.00885	0.00885	0.00885	0.00787	0.00492	0.01180	0.01180	0.01573	0.02557	0.05310	0.02950	0.71483	0.04130	0.00787	0.00787	0.01180	0.00492	0.00492
22	0.01180	0.00787	0.00885	0.00885	0.00885	0.00787	0.00492	0.01180	0.01180	0.01573	0.02557	0.05310	0.02950	0.71483	0.04130	0.00787	0.00787	0.01180	0.00492	0.00492
23	0.00989	0.00706	0.00942	0.01130	0.01177	0.00659	0.00753	0.01130	0.01554	0.02071	0.04472	0.70954	0.05367	0.02542	0.01036	0.00330	0.00471	0.02307	0.00753	0.00659
24	0.00989	0.00706	0.00942	0.01130	0.01177	0.00659	0.00753	0.01130	0.01554	0.02071	0.04472	0.70954	0.05367	0.02542	0.01036	0.00330	0.00471	0.02307	0.00753	0.00659
25	0.02169	0.71972	0.04252	0.01388	0.02083	0.03211	0.01388	0.02430	0.01649	0.01909	0.01128	0.01302	0.01041	0.00694	0.00521	0.00174	0.00868	0.00434	0.00347	0.01041
26	0.77215	0.01569	0.01193	0.01067	0.01569	0.01820	0.00879	0.02385	0.01381	0.03641	0.01130	0.01318	0.00879	0.00753	0.00502	0.00251	0.00628	0.00439	0.00502	0.00879
27	0.00968	0.00822	0.00835	0.00832	0.01102	0.00689	0.00624	0.01183	0.01872	0.02245	0.11092	0.07722	0.63188	0.02035	0.00959	0.00273	0.00410	0.01700	0.00760	0.00689
28	0.03031	0.03867	0.02299	0.02090	0.02508	0.68226	0.01568	0.03240	0.02299	0.01986	0.01254	0.01463	0.01045	0.00836	0.00732	0.00209	0.01463	0.00523	0.00418	0.00941
29	0.02018	0.01743	0.01835	0.01651	0.02110	0.02018	0.01284	0.04312	0.64956	0.03394	0.03303	0.03027	0.02477	0.01101	0.00826	0.00275	0.00642	0.00917	0.00826	0.01284
30	0.01180	0.00787	0.00885	0.00885	0.00885	0.00787	0.00492	0.01180	0.01180	0.01573	0.02557	0.05310	0.02950	0.71483	0.04130	0.00787	0.00787	0.01180	0.00492	0.00492
31	0.01627	0.04197	0.67279	0.02313	0.03512	0.01884	0.02998	0.02570	0.01713	0.02570	0.01456	0.01713	0.01028	0.00771	0.00771	0.00257	0.01199	0.00600	0.00343	0.01199
32	0.01141	0.00787	0.00954	0.00964	0.01030	0.00760	0.00616	0.01279	0.01577	0.02161	0.22121	0.15766	0.04756	0.39536	0.02684	0.00554	0.00615	0.01443	0.00654	0.00601
33	0.00959	0.00822	0.00822	0.00822	0.01096	0.00685	0.00617	0.01165	0.01850	0.02192	0.08220	0.07809	0.66092	0.02055	0.00959	0.00274	0.00411	0.01713	0.00754	0.00685
34	0.02616	0.02683	0.02456	0.02049	0.02575	0.26242	0.08117	0.17097	0.21628	0.03183	0.02074	0.02125	0.01575	0.00931	0.00802	0.00244	0.01075	0.00736	0.00630	0.01160
35	0.01170	0.00870	0.00965	0.00982	0.01224	0.00776	0.00720	0.01473	0.05101	0.05780	0.06686	0.24140	0.43029	0.02077	0.00965	0.00288	0.00454	0.01780	0.00771	0.00748
36	0.01921	0.02275	0.09628	0.03834	0.24434	0.01997	0.38454	0.02561	0.01876	0.02614	0.01588	0.02089	0.01231	0.00704	0.00891	0.00262	0.01222	0.00851	0.00402	0.01166
37	0.01725	0.04061	0.64106	0.02271	0.03442	0.01851	0.02910	0.02637	0.01743	0.05695	0.01541	0.01764	0.01075	0.00782	0.00773	0.00257	0.01175	0.00610	0.00375	0.01208
38	0.01555	0.01466	0.02475	0.66401	0.08540	0.01809	0.02265	0.02093	0.01633	0.02101	0.01446	0.02156	0.01092	0.00807	0.00811	0.00269	0.01076	0.00721	0.00363	0.00920
39	0.01025	0.00834	0.00899	0.00935	0.01149	0.00744	0.00672	0.01297	0.04546	0.02183	0.06807	0.22346	0.45484	0.05940	0.01145	0.00315	0.00456	0.01788	0.00742	0.00695
40	0.02743	0.02103	0.02243	0.01798	0.02386	0.02357	0.01460	0.44691	0.23396	0.04563	0.02382	0.02294	0.01731	0.01015	0.00816	0.00254	0.00813	0.00790	0.00816	0.01349
41	0.01920	0.02176	0.04715	0.03496	0.07258	0.02046	0.60515	0.02594	0.01912	0.02602	0.01636	0.02180	0.01234	0.00686	0.00950	0.00272	0.01348	0.00946	0.00410	0.01104
42	0.01157	0.00886	0.01098	0.01205	0.01429	0.00827	0.01010	0.01458	0.01860	0.02326	0.05987	0.08574	0.31142	0.02161	0.01051	0.00331	0.00602	0.35425	0.00750	0.00720
43	0.00959	0.00822	0.00822	0.00822	0.01096	0.00685	0.00617	0.01165	0.01850	0.02192	0.08220	0.07809	0.66092	0.02055	0.00959	0.00274	0.00411	0.01713	0.00754	0.00685
44	0.01386	0.00705	0.01051	0.01061	0.01064	0.00702	0.00707	0.01061	0.01085	0.01446	0.01580	0.06270	0.01629	0.02804	0.03053	0.72168	0.00692	0.00794	0.00375	0.00369
45	0.01513	0.00756	0.00756	0.00756	0.00945	0.00756	0.00567	0.01891	0.01702	0.03025	0.02647	0.03025	0.02080	0.00945	0.00567	0.00189	0.00378	0.00756	0.75988	0.00756
46	0.02122	0.01608	0.01733	0.01460	0.01852	0.01759	0.01118	0.26839	0.17345	0.03534	0.06123	0.03610	0.05927	0.19359	0.01690	0.00394	0.00753	0.00983	0.00733	0.01057
47	0.01180	0.00787	0.00885	0.00885	0.00885	0.00787	0.00492	0.01180	0.01180	0.01573	0.02557	0.05310	0.02950	0.71483	0.04130	0.00787	0.00787	0.01180	0.00492	0.00492
48	0.01169	0.00782	0.00888	0.00899	0.00901	0.00780	0.00506	0.01177	0.01201	0.01601	0.02663	0.08955	0.03084	0.67655	0.03958	0.00761	0.00769	0.01243	0.00506	0.00501
49	0.01228	0.00813	0.01013	0.00963	0.01154	0.00764	0.00722	0.01610	0.02167	0.03204	0.52155	0.05398	0.06438	0.01503	0.00872	0.00241	0.00382	0.01312	0.17299	0.00764
50	0.01083	0.00794	0.01017	0.01110	0.01247	0.00740	0.00819	0.01325	0.01813	0.02410	0.19466	0.33074	0.14850	0.04893	0.01140	0.00329	0.00500	0.11917	0.00775	0.00697
51	0.01885	0.02098	0.04285	0.03138	0.03780	0.02147	0.49995	0.02458	0.01768	0.02458	0.01516	0.02098	0.01195	0.00845	0.01330	0.00291	0.16361	0.00904	0.00398	0.01049
52	0.00997	0.00785	0.00901	0.00952	0.01140	0.00689	0.00684	0.01208	0.01821	0.02313	0.15709	0.28115	0.37502	0.02154	0.00984	0.00289	0.00426	0.01869	0.00774	0.00689
53	0.53914	0.01468	0.01354	0.01190	0.01690	0.01599	0.00988	0.02661	0.01633	0.17363	0.01884	0.02380	0.01487	0.00950	0.00630	0.00263	0.00653	0.06284	0.00635	0.00976
54	0.01010	0.00772	0.00928	0.00999	0.01155	0.00690	0.00707	0.01223	0.01809	0.02354	0.18255	0.35460	0.27328	0.02191	0.00993	0.00295	0.00432	0.01926	0.00782	0.00690
55	0.00989	0.00706	0.00942	0.01130	0.01177	0.00659	0.00753	0.01130	0.01554	0.02071	0.04472	0.70954	0.05367	0.02542	0.01036	0.00330	0.00471	0.02307	0.00753	0.00659
56	0.02008	0.01928	0.03294	0.04981	0.66422	0.01928	0.02490	0.02490	0.01848	0.02651	0.01526	0.02008	0.01285	0.00723	0.00803	0.00241	0.00964	0.00723	0.00402	0.01285
57	0.01035	0.00825	0.00928	0.00902	0.01143	0.00717	0.00676	0.01312	0.02029	0.02619	0.31451	0.07106	0.42595	0.01896	0.00958	0.00266	0.00400	0.01614	0.00810	0.00717
58	0.03546	0.01514	0.04964	0.01485	0.02139	0.01225	0.01278	0.03889	0.02294	0.63949	0.03119	0.02712	0.01962	0.00993	0.00814	0.00251	0.00714	0.00806	0.00973	0.01372
59	0.01627	0.04197	0.67279	0.02313	0.03512	0.01884	0.02998	0.02570	0.01713	0.02570	0.01456	0.01713	0.01028	0.00771	0.00771	0.00257	0.01199	0.00600	0.00343	0.01199
60	0.01148	0.00829	0.01085	0.01021	0.01212	0.00766	0.00766	0.01531	0.02297	0.03254	0.65994	0.06061	0.07656	0.01659	0.00957	0.00255	0.00383	0.01467	0.00893	0.00766
61	0.01159	0.00778	0.00891	0.00911	0.00916	0.00773	0.00520	0.01175	0.01220	0.01627	0.02762	0.12352	0.03209	0.64087	0.03798	0.00738	0.00753	0.01301	0.00520	0.00510
62	0.03044	0.02173	0.02357	0.01817	0.02440	0.02388	0.01494	0.58655	0.03642	0.07684	0.01982	0.02004	0.01409	0.01047	0.00904	0.03208	0.00877	0.00733	0.00802	0.01340
63	0.02134	0.02641	0.17103	0.06769	0.32088	0.08200	0.05573	0.10612	0.02112	0.02864	0.01543	0.01902	0.01206	0.00779	0.00799	0.00245	0.01080	0.00690	0.00443	0.01218
64	0.02992	0.03625	0.02356	0.02195	0.05303	0.58837	0.01606	0.09181	0.02429	0.02324	0.01335	0.01535	0.01089	0.00845	0.00743	0.00214	0.01385	0.00552	0.00456	0.00999
65	0.02296	0.01789	0.04223	0.04943	0.05293	0.05293	0.01367	0.09111	0.18932	0.14744	0.08350	0.02700	0.02293	0.00978	0.00787	0.00233	0.00745	0.00804	0.00721	0.14400
66	0.09809	0.05914	0.02236	0.01959	0.05812	0.33720	0.01454	0.16109	0.02489	0.02996	0.08349	0.02072	0.01825	0.00934	0.00746	0.00226	0.01089	0.00669	0.00559	0.01036
67	0.52134	0.02101	0.14094	0.01679	0.08027	0.01808	0.01440	0.02414	0.01502	0.03296	0.01244	0.01476	0.00961	0.00747	0.00587	0.00245	0.00768	0.00499	0.00461	0.04518
68	0.02008	0.01928	0.03294	0.04981	0.66422	0.01928	0.02490	0.02490	0.01848	0.02651	0.01526	0.02008	0.01285	0.00723	0.00803	0.00241	0.00964	0.00723	0.00402	0.01285
69	0.01798	0.02319	0.14845	0.02624	0.05507	0.01863	0.28835	0.02384	0.01738	0.02521	0.01485	0.01933	0.01169	0.00779	0.01065	0.00247	0.10179	0.00749	0.00406	0.17554
70	0.00993	0.00800	0.00848	0.00877	0.01080	0.00694	0.00621	0.01161	0.01717	0.02092	0.06911	0.17000	0.48637	0.11256	0.01387	0.00350	0.00469	0.01732	0.00719	0.00656
71	0.01250	0.00900	0.01033	0.00976	0.01224	0.00821	0.00724	0.01615	0.05276	0.06132	0.27749	0.06420	0.32392	0.08417	0.01245	0.00315	0.00464	0.01484	0.00796	0.00765
72	0.01951	0.01374	0.01600	0.04649	0.01872	0.01525	0.01129	0.22939	0.02324	0.03354	0.02497	0.02873	0.05299	0.02184	0.15993	0.00473	0.03435	0.00823	0.22736	0.00970
73	0.01020	0.00819	0.00910	0.00898	0.01136	0.00709	0.00669	0.01278	0.01977	0.02520	0.26187	0.10086	0.45033	0.01952	0.00962	0.00271	0.00405	0.01662	0.00797	0.00709
74	0.02058	0.02246	0.02444	0.02121	0.02215	0.17280	0.01729	0.02242	0.01480	0.01960	0.01108	0.01705	0.01061	0.01289	0.02228	0.00322	0.54575	0.00668	0.00369	0.00900
75	0.01159	0.00869	0.01304	0.01304	0.01449	0.01014	0.01014	0.01449	0.01304	0.01884	0.02173	0.03188	0.02029	0.06086	0.68268	0.01304	0.02173	0.00869	0.00435	0.00724
76	0.01071	0.00762	0.01021	0.01198	0.01274	0.00728	0.00863	0.01257	0.01604	0.02124	0.04326	0.53401	0.05076	0.06303	0.01227	0.00365	0.00551	0.15444	0.00737	0.00670
77	0.01119	0.00761	0.00903	0.00963	0.00978	0.00746	0.00575	0.01164	0.01300	0.01733	0.03170	0.26333	0.03724	0.49404	0.03139	0.00640	0.00685	0.01541	0.00575	0.00545
78	0.00993	0.00823	0.00870	0.00858	0.01117	0.00700	0.00644	0.01231	0.01931	0.02384	0.18687	0.07492	0.55505	0.01983	0.00959	0.00271	0.00406	0.01668	0.00779	0.00700
79	0.01587	0.00923	0.01112	0.01048	0.01344	0.00801	0.00790	0.01820	0.01934	0.16848	0.11773	0.20302	0.32840	0.01887	0.00943	0.00279	0.00484	0.01617	0.00823	0.00844
80	0.01177	0.00864	0.01277	0.01277	0.01424	0.01001	0.00992	0.01471	0.01324	0.01940	0.02197	0.03180	0.02031	0.05830	0.64902	0.01249	0.02084	0.00864	0.04190	0.00726
81	0.01387	0.01068	0.01233	0.01145	0.01426	0.01054	0.00882	0.08355	0.08248	0.03082	0.31536	0.08995	0.22253	0.01710	0.00941	0.00270	0.00491	0.04245	0.00826	0.00853
82	0.01116	0.00799	0.00914	0.00910	0.01011	0.00754	0.00587	0.01245	0.01570	0.02072	0.16729	0.09083	0.17811	0.38948	0.02650	0.00546	0.00608	0.01407	0.00642	0.00597
83	0.00982	0.00731	0.00915	0.01063	0.01159	0.00665	0.00723	0.01137	0.01618	0.02098	0.05291	0.57159	0.18633	0.02436	0.01019	0.00317	0.00458	0.02177	0.00753	0.00665
84	0.01643	0.00882	0.01137	0.01127	0.01291	0.00817	0.00774	0.01780	0.01615	0.16531	0.03614	0.36016	0.03890	0.22773	0.01910	0.00448	0.00614	0.01635	0.00732	0.00772
85	0.01683	0.01442	0.01683	0.01202	0.01923	0.01082	0.00961	0.02043	0.01683	0.02644	0.01442	0.01683	0.01202	0.00601	0.00601	0.00120	0.00601	0.00481	0.00481	0.76444
86	0.00989	0.00706	0.00942	0.01130	0.01177	0.00659	0.00753	0.01130	0.01554	0.02071	0.04472	0.70954	0.05367	0.02542	0.01036	0.00330	0.00471	0.02307	0.00753	0.00659
87	0.02683	0.01970	0.02141	0.01712	0.02241	0.02159	0.01376	0.51483	0.03356	0.04497	0.02356	0.12501	0.02051	0.04365	0.00994	0.00281	0.00825	0.00988	0.00789	0.01232
88	0.03085	0.02273	0.02435	0.01867	0.02516	0.02516	0.01542	0.63716	0.03815	0.05114	0.01948	0.01948	0.01380	0.00974	0.00812	0.00244	0.00893	0.00731	0.00812	0.01380
89	0.03096	0.01744	0.02046	0.01601	0.02174	0.01783	0.01300	0.32577	0.02941	0.30006	0.02625	0.06081	0.01932	0.04984	0.01009	0.00281	0.00782	0.00873	0.00869	0.01293
90	0.00997	0.00710	0.00939	0.01119	0.01164	0.00665	0.00742	0.01132	0.01537	0.02049	0.04387	0.68017	0.05259	0.05627	0.01174	0.00350	0.00485	0.02256	0.00742	0.00652
91	0.00989	0.00706	0.00942	0.01130	0.01177	0.00659	0.00753	0.01130	0.01554	0.02071	0.04472	0.70954	0.05367	0.02542	0.01036	0.00330	0.00471	0.02307	0.00753	0.00659
92	0.01130	0.00766	0.00900	0.00949	0.00962	0.00753	0.00560	0.01167	0.01278	0.01704	0.03059	0.22518	0.03584	0.53411	0.03319	0.00667	0.00704	0.01475	0.00560	0.00536
93	0.02018	0.01743	0.01835	0.01651	0.02110	0.02018	0.01284	0.04312	0.64956	0.03394	0.03303	0.03027	0.02477	0.01101	0.00826	0.00275	0.00642	0.00917	0.00826	0.01284
94	0.03085	0.02273	0.02435	0.01867	0.02516	0.02516	0.01542	0.63716	0.03815	0.05114	0.01948	0.01948	0.01380	0.00974	0.00812	0.00244	0.00893	0.00731	0.00812	0.01380
95	0.03432	0.01715	0.02090	0.01602	0.02238	0.01688	0.01323	0.26321	0.02881	0.43828	0.02732	0.02457	0.01773	0.00993	0.00814	0.00248	0.00766	0.00784	0.00932	0.01381
96	0.00989	0.00706	0.00942	0.01130	0.01177	0.00659	0.00753	0.01130	0.01554	0.02071	0.04472	0.70954	0.05367	0.02542	0.01036	0.00330	0.00471	0.02307	0.00753	0.00659
97	0.03085	0.02273	0.02435	0.01867	0.02516	0.02516	0.01542	0.63716	0.03815	0.05114	0.01948	0.01948	0.01380	0.00974	0.00812	0.00244	0.00893	0.00731	0.00812	0.01380
98	0.01409	0.00705	0.01057	0.01057	0.01057	0.00705	0.00705	0.01057	0.01057	0.01409	0.01409	0.02467	0.01409	0.02819	0.03171	0.76392	0.00705	0.00705	0.00352	0.00352
99	0.02048	0.01669	0.01758	0.01519	0.01984	0.01843	0.01199	0.18535	0.35386	0.03556	0.04069	0.03832	0.16517	0.01284	0.00852	0.00267	0.00653	0.01049	0.00806	0.01173
100	0.02008	0.01928	0.03294	0.04981	0.66422	0.01928	0.02490	0.02490	0.01848	0.02651	0.01526	0.02008	0.01285	0.00723	0.00803	0.00241	0.00964	0.00723	0.00402	0.01285
101	0.01628	0.01179	0.01344	0.01289	0.01568	0.01219	0.00960	0.10164	0.15103	0.06031	0.04303	0.32167	0.12820	0.01819	0.00920	0.00289	0.00560	0.01582	0.04130	0.00927
102	0.01037	0.00825	0.00931	0.00904	0.01144	0.00718	0.00678	0.01316	0.02035	0.02632	0.32147	0.07085	0.41891	0.01891	0.00958	0.00266	0.00399	0.01611	0.00811	0.00718
103	0.01176	0.00864	0.01278	0.01278	0.01425	0.01002	0.00993	0.01470	0.01323	0.01937	0.02196	0.03180	0.02031	0.05845	0.65097	0.01252	0.02089	0.00864	0.03973	0.00726
104	0.01180	0.00787	0.00885	0.00885	0.00885	0.00787	0.00492	0.01180	0.01180	0.01573	0.02557	0.05310	0.02950	0.71483	0.04130	0.00787	0.00787	0.01180	0.00492	0.00492
105	0.01604	0.01284	0.01355	0.01245	0.01625	0.01337	0.00961	0.02793	0.31414	0.06353	0.05640	0.05291	0.32757	0.01550	0.00889	0.00273	0.00535	0.01291	0.00801	0.01004
106	0.01329	0.00982	0.01540	0.01393	0.01622	0.01061	0.07603	0.01683	0.01470	0.02247	0.02235	0.03040	0.01956	0.04214	0.44030	0.00913	0.01636	0.00850	0.19423	0.00772
107	0.01458	0.01149	0.01213	0.01078	0.01428	0.01106	0.00841	0.15280	0.02340	0.02963	0.13006	0.06303	0.45261	0.01769	0.00926	0.00265	0.00516	0.01465	0.00782	0.00850
108	0.00989	0.00706	0.00942	0.01130	0.01177	0.00659	0.00753	0.01130	0.01554	0.02071	0.04472	0.70954	0.05367	0.02542	0.01036	0.00330	0.00471	0.02307	0.00753	0.00659
109	0.26825	0.02047	0.02037	0.01611	0.02213	0.02293	0.01330	0.44074	0.03036	0.04642	0.01686	0.01746	0.01219	0.00903	0.00713	0.00246	0.00808	0.00637	0.00713	0.01219
110	0.00989	0.00706	0.00942	0.01130	0.01177	0.00659	0.00753	0.01130	0.01554	0.02071	0.04472	0.70954	0.05367	0.02542	0.01036	0.00330	0.00471	0.02307	0.00753	0.00659
111	0.02122	0.01531	0.01703	0.01413	0.01854	0.01605	0.01128	0.27098	0.08803	0.07377	0.20549	0.04223	0.14420	0.01360	0.00878	0.00255	0.00636	0.01122	0.00836	0.01084
112	0.02018	0.01743	0.01835	0.01651	0.02110	0.02018	0.01284	0.04312	0.64956	0.03394	0.03303	0.03027	0.02477	0.01101	0.00826	0.00275	0.00642	0.00917	0.00826	0.01284
113	0.03085	0.02273	0.02435	0.01867	0.02516	0.02516	0.01542	0.63716	0.03815	0.05114	0.01948	0.01948	0.01380	0.00974	0.00812	0.00244	0.00893	0.00731	0.00812	0.01380
114	0.01007	0.00824	0.00888	0.00872	0.01125	0.00705	0.00654	0.01257	0.01962	0.02459	0.22742	0.07370	0.51404	0.01955	0.00959	0.00269	0.00404	0.01651	0.00789	0.00705
115	0.01850	0.01785	0.02924	0.18885	0.38686	0.02022	0.02281	0.02279	0.01665	0.02368	0.01407	0.01992	0.01191	0.00895	0.01211	0.00273	0.16072	0.00720	0.00382	0.01112
116	0.00959	0.00822	0.00822	0.00822	0.01096	0.00685	0.00617	0.01165	0.01850	0.02192	0.08220	0.07809	0.66092	0.02055	0.00959	0.00274	0.00411	0.01713	0.00754	0.00685
117	0.01634	0.01545	0.02616	0.55813	0.18518	0.01829	0.02304	0.02162	0.01670	0.02196	0.01460	0.02130	0.01125	0.00792	0.00810	0.00264	0.01057	0.00722	0.00369	0.00983
118	0.35656	0.02225	0.16657	0.09547	0.16606	0.01856	0.01855	0.02416	0.01584	0.03015	0.01323	0.01648	0.01023	0.00757	0.00662	0.00252	0.00878	0.00568	0.00429	0.01042
119	0.00989	0.00706	0.00942	0.01130	0.01177	0.00659	0.00753	0.01130	0.01554	0.02071	0.04472	0.70954	0.05367	0.02542	0.01036	0.00330	0.00471	0.02307	0.00753	0.00659
120	0.01007	0.00714	0.00936	0.01107	0.01149	0.00671	0.00729	0.01135	0.01518	0.02024	0.04292	0.64775	0.05139	0.09031	0.01327	0.00373	0.00500	0.02201	0.00729	0.00643
121	0.01308	0.00953	0.01101	0.01111	0.01247	0.00958	0.00753	0.07287	0.05192	0.02275	0.03906	0.31108	0.10504	0.26131	0.02066	0.00471	0.00623	0.01626	0.00672	0.00707
122	0.00959	0.00822	0.00822	0.00822	0.01096	0.00685	0.00617	0.01165	0.01850	0.02192	0.08220	0.07809	0.66092	0.02055	0.00959	0.00274	0.00411	0.01713	0.00754	0.00685
123	0.05186	0.00796	0.00777	0.00771	0.00976	0.00808	0.00582	0.01915	0.01686	0.03055	0.02573	0.02942	0.02022	0.00936	0.00564	0.00192	0.00390	0.00741	0.72325	0.00762
124	0.01952	0.01733	0.01553	0.01479	0.01784	0.15818	0.01100	0.02679	0.17692	0.08636	0.06954	0.25634	0.06454	0.01590	0.00888	0.00275	0.00744	0.01352	0.00730	0.00953
125	0.01196	0.00895	0.01002	0.00953	0.01227	0.00798	0.00722	0.01561	0.05006	0.05673	0.25673	0.06799	0.41881	0.01837	0.00945	0.00267	0.00427	0.01556	0.00812	0.00772
126	0.02173	0.01709	0.01839	0.01632	0.02106	0.01940	0.01276	0.04278	0.58992	0.09449	0.03293	0.03002	0.02432	0.01092	0.00825	0.00273	0.00647	0.00908	0.00843	0.01294
127	0.01032	0.00724	0.00929	0.01075	0.01111	0.00688	0.00694	0.01141	0.01469	0.01959	0.04041	0.56181	0.04823	0.18057	0.01732	0.00432	0.00542	0.02053	0.00694	0.00621
128	0.01363	0.01086	0.01139	0.01038	0.01368	0.01027	0.00801	0.12744	0.02225	0.02785	0.10082	0.09169	0.48481	0.01853	0.00935	0.00270	0.00501	0.01541	0.00772	0.00817
129	0.02225	0.01737	0.01871	0.01634	0.02108	0.01958	0.01298	0.15049	0.44567	0.06432	0.03073	0.03156	0.02357	0.01130	0.00828	0.00270	0.00685	0.04206	0.04165	0.01253
130	0.77215	0.01569	0.01193	0.01067	0.01569	0.01820	0.00879	0.02385	0.01381	0.03641	0.01130	0.01318	0.00879	0.00753	0.00502	0.00251	0.00628	0.00439	0.00502	0.00879
131	0.01310	0.00862	0.00959	0.00937	0.00994	0.00873	0.00569	0.04684	0.01395	0.01938	0.02618	0.07807	0.02882	0.57350	0.03447	0.00676	0.00737	0.01162	0.08228	0.00575
132	0.01025	0.00792	0.00936	0.00969	0.01154	0.00703	0.00700	0.01267	0.01904	0.02484	0.24904	0.24891	0.31215	0.02069	0.00980	0.00284	0.00419	0.01803	0.00796	0.00703
133	0.01871	0.01624	0.02434	0.54750	0.04917	0.01959	0.02098	0.15540	0.02102	0.02737	0.01553	0.02116	0.01147	0.00847	0.00811	0.00265	0.01040	0.00723	0.00459	0.01006
134	0.01159	0.00790	0.00879	0.00879	0.00905	0.00777	0.00504	0.01179	0.01244	0.01632	0.03096	0.05548	0.08962	0.64873	0.03828	0.00738	0.00751	0.01231	0.00517	0.00510
135	0.01193	0.00919	0.01369	0.01349	0.01486	0.01095	0.01056	0.01477	0.01301	0.01887	0.02113	0.03110	0.01976	0.05829	0.64666	0.01252	0.05897	0.00861	0.00430	0.00733
136	0.01806	0.01713	0.02098	0.05120	0.02164	0.07549	0.01524	0.06942	0.04046	0.02250	0.01576	0.02237	0.01422	0.02638	0.21093	0.00600	0.33135	0.00750	0.00438	0.00900
137	0.02966	0.05407	0.02479	0.04924	0.02635	0.16868	0.01573	0.45264	0.03298	0.04165	0.01741	0.01826	0.01280	0.00925	0.00782	0.00234	0.01025	0.00673	0.00687	0.01249
138	0.01144	0.00804	0.01053	0.01180	0.01261	0.00793	0.00860	0.01323	0.01534	0.02033	0.03788	0.31385	0.04341	0.21428	0.05096	0.00514	0.00720	0.19437	0.00665	0.00643
139	0.01910	0.01463	0.01707	0.01260	0.01939	0.01185	0.01010	0.05001	0.04986	0.08642	0.01990	0.02106	0.03956	0.00737	0.00655	0.00151	0.00616	0.00594	0.00571	0.59519
140	0.02324	0.18036	0.02509	0.01698	0.02210	0.16774	0.01382	0.06453	0.34140	0.02833	0.02302	0.02246	0.01789	0.00946	0.00736	0.00236	0.00884	0.00714	0.00628	0.01159
141	0.01852	0.01312	0.01545	0.01349	0.01610	0.01434	0.01010	0.22750	0.02107	0.02857	0.02138	0.03326	0.02022	0.23535	0.19723	0.07935	0.01179	0.00899	0.00574	0.00845
142	0.02177	0.05911	0.02071	0.01685	0.02140	0.20001	0.01324	0.03194	0.25597	0.02627	0.02361	0.02405	0.04675	0.00996	0.00910	0.00233	0.06773	0.00731	0.00588	0.13600
143	0.01010	0.00824	0.00893	0.00876	0.01127	0.00707	0.00657	0.01263	0.01970	0.02478	0.23806	0.07337	0.50327	0.01948	0.00958	0.00269	0.00403	0.01646	0.00791	0.00707
144	0.01667	0.00964	0.01136	0.01014	0.01362	0.00827	0.00788	0.01932	0.02049	0.18670	0.17425	0.06224	0.39398	0.01719	0.00923	0.00265	0.00476	0.01443	0.00842	0.00875
145	0.01056	0.00762	0.00894	0.00969	0.01047	0.00714	0.00623	0.01157	0.01475	0.01907	0.04556	0.31973	0.17706	0.28886	0.02206	0.00493	0.00579	0.01745	0.00653	0.00601
146	0.01479	0.00767	0.00808	0.00808	0.00993	0.00781	0.00610	0.01849	0.01664	0.02916	0.02602	0.03041	0.02075	0.01435	0.07013	0.00295	0.00549	0.00767	0.68794	0.00753
147	0.01180	0.00787	0.00885	0.00885	0.00885	0.00787	0.00492	0.01180	0.01180	0.01573	0.02557	0.05310	0.02950	0.71483	0.04130	0.00787	0.00787	0.01180	0.00492	0.00492
148	0.01894	0.01593	0.01671	0.01488	0.01925	0.01772	0.01162	0.09976	0.44195	0.03308	0.04264	0.03988	0.16675	0.01302	0.00854	0.00272	0.00617	0.01076	0.00808	0.01160
149	0.01097	0.00825	0.01028	0.01142	0.01261	0.00798	0.00793	0.01468	0.07581	0.02316	0.10460	0.53157	0.10450	0.02283	0.01002	0.00313	0.00473	0.02048	0.00773	0.00730
150	0.00989	0.00706	0.00942	0.01130	0.01177	0.00659	0.00753	0.01130	0.01554	0.02071	0.04472	0.70954	0.05367	0.02542	0.01036	0.00330	0.00471	0.02307	0.00753	0.00659
151	0.00989	0.00706	0.00942	0.01130	0.01177	0.00659	0.00753	0.01130	0.01554	0.02071	0.04472	0.70954	0.05367	0.02542	0.01036	0.00330	0.00471	0.02307	0.00753	0.00659
152	0.10073	0.01072	0.01320	0.01253	0.01557	0.01030	0.00937	0.02346	0.05302	0.23102	0.03642	0.37872	0.03649	0.01778	0.00896	0.00293	0.00567	0.01552	0.00811	0.00949
153	0.01232	0.00844	0.01083	0.01029	0.01238	0.00768	0.00769	0.01573	0.02190	0.06030	0.51941	0.11551	0.13197	0.01743	0.00957	0.00263	0.00408	0.01533	0.00872	0.00777
154	0.01758	0.01733	0.02404	0.02072	0.02099	0.02399	0.01720	0.02033	0.04031	0.02013	0.01213	0.01893	0.01170	0.01615	0.05518	0.00394	0.63932	0.00726	0.00379	0.00898
155	0.01032	0.00835	0.00924	0.00965	0.01186	0.00744	0.00713	0.01317	0.04123	0.02279	0.10217	0.21811	0.43915	0.02117	0.00979	0.00290	0.00447	0.04633	0.00764	0.00709
156	0.01399	0.01041	0.01210	0.01152	0.01388	0.01023	0.00852	0.12214	0.02183	0.02904	0.20217	0.25486	0.18390	0.05366	0.01114	0.00306	0.00525	0.01634	0.00786	0.00810
157	0.01007	0.00824	0.00888	0.00872	0.01125	0.00705	0.00654	0.01257	0.01962	0.02459	0.22742	0.07370	0.51404	0.01955	0.00959	0.00269	0.00404	0.01651	0.00789	0.00705
158	0.01719	0.01073	0.01145	0.00976	0.01334	0.01018	0.00761	0.08558	0.01924	0.03163	0.02301	0.02607	0.01807	0.00871	0.00601	0.00179	0.00483	0.00692	0.50931	0.17856
159	0.01043	0.00814	0.00877	0.00868	0.01060	0.00723	0.00608	0.01224	0.01749	0.02197	0.15506	0.06917	0.41412	0.19446	0.01756	0.00400	0.00501	0.01542	0.00709	0.00649
160	0.01403	0.00934	0.01040	0.00974	0.01289	0.00815	0.00743	0.01716	0.04394	0.11669	0.11480	0.09737	0.47098	0.01859	0.00937	0.00272	0.00461	0.01562	0.00803	0.00814
161	0.01589	0.01030	0.01199	0.01068	0.01373	0.00957	0.00813	0.07499	0.02169	0.11249	0.24128	0.05824	0.27703	0.08305	0.01228	0.00311	0.00520	0.01377	0.00810	0.00848
162	0.01775	0.01775	0.02485	0.02130	0.02130	0.02485	0.01775	0.01953	0.01243	0.01953	0.01065	0.01775	0.01065	0.01420	0.02663	0.00355	0.69998	0.00710	0.00355	0.00888
163	0.01240	0.00847	0.00978	0.00977	0.01220	0.00734	0.00720	0.01456	0.01862	0.08431	0.12221	0.23036	0.39244	0.02040	0.00964	0.00284	0.00450	0.01754	0.00790	0.00752
164	0.02490	0.02099	0.18224	0.01631	0.02307	0.01470	0.01603	0.12070	0.02389	0.27124	0.16705	0.03118	0.02938	0.01088	0.00836	0.00252	0.00780	0.00895	0.00784	0.01197
165	0.01004	0.00718	0.00955	0.01119	0.01180	0.00669	0.00754	0.01168	0.01624	0.02184	0.10330	0.64775	0.05585	0.02458	0.01028	0.00322	0.00462	0.02227	0.00767	0.00669
166	0.01161	0.00862	0.01265	0.01265	0.01396	0.00993	0.00965	0.01424	0.01292	0.01855	0.02209	0.03386	0.02115	0.12205	0.62266	0.01256	0.02044	0.00898	0.00440	0.00703
167	0.01330	0.01094	0.01144	0.01088	0.01356	0.01113	0.00791	0.02124	0.20866	0.02418	0.05452	0.05794	0.32561	0.17389	0.01632	0.00390	0.00566	0.01351	0.00716	0.00824
168	0.01021	0.00729	0.00944	0.01084	0.01148	0.00682	0.00723	0.01171	0.01592	0.02130	0.09795	0.56379	0.07601	0.09317	0.01334	0.00367	0.00492	0.02099	0.00739	0.00653
169	0.03641	0.01381	0.01883	0.01444	0.02071	0.01193	0.01193	0.03954	0.02322	0.66984	0.03201	0.02762	0.02009	0.01004	0.00816	0.00251	0.00690	0.00816	0.01004	0.01381
170	0.02187	0.02031	0.03023	0.10534	0.47105	0.05228	0.02269	0.12425	0.02167	0.02963	0.01573	0.01987	0.01269	0.00778	0.00802	0.00243	0.00988	0.00714	0.00465	0.01247
171	0.01846	0.02371	0.12766	0.02988	0.03681	0.02124	0.41788	0.02454	0.01741	0.02454	0.01490	0.02034	0.01167	0.00857	0.01305	0.00289	0.16338	0.00855	0.00389	0.01063
172	0.00967	0.00822	0.00834	0.00831	0.01101	0.00689	0.00623	0.01181	0.01869	0.02239	0.10786	0.07731	0.63497	0.02037	0.00959	0.00273	0.00410	0.01702	0.00760	0.00689
173	0.02971	0.01365	0.01724	0.01377	0.01863	0.01286	0.01082	0.09964	0.04976	0.43081	0.02926	0.03240	0.02165	0.16402	0.01540	0.00368	0.00732	0.00891	0.00863	0.01182
174	0.01392	0.01156	0.01514	0.01444	0.01612	0.04232	0.01136	0.04511	0.01461	0.02047	0.02016	0.02918	0.01862	0.05166	0.55821	0.01115	0.08539	0.00832	0.00444	0.00781
175	0.00959	0.00822	0.00822	0.00822	0.01096	0.00685	0.00617	0.01165	0.01850	0.02192	0.08220	0.07809	0.66092	0.02055	0.00959	0.00274	0.00411	0.01713	0.00754	0.00685
176	0.02008	0.01928	0.03294	0.04981	0.66422	0.01928	0.02490	0.02490	0.01848	0.02651	0.01526	0.02008	0.01285	0.00723	0.00803	0.00241	0.00964	0.00723	0.00402	0.01285
177	0.01843	0.02124	0.10306	0.18446	0.32390	0.01924	0.16217	0.02432	0.01799	0.02504	0.01526	0.02051	0.01201	0.00739	0.00836	0.00256	0.01106	0.00762	0.00388	0.01149
178	0.02018	0.01982	0.03169	0.10475	0.57931	0.05213	0.02424	0.02491	0.01850	0.02567	0.01505	0.01995	0.01256	0.00736	0.00800	0.00242	0.00999	0.00713	0.00399	0.01235
179	0.01683	0.01442	0.01683	0.01202	0.01923	0.01082	0.00961	0.02043	0.01683	0.02644	0.01442	0.01683	0.01202	0.00601	0.00601	0.00120	0.00601	0.00481	0.00481	0.76444
180	0.00989	0.00706	0.00942	0.01130	0.01177	0.00659	0.00753	0.01130	0.01554	0.02071	0.04472	0.70954	0.05367	0.02542	0.01036	0.00330	0.00471	0.02307	0.00753	0.00659
181	0.01530	0.01345	0.02195	0.59744	0.04928	0.01654	0.02013	0.02047	0.01634	0.02209	0.01614	0.02286	0.01224	0.00830	0.00777	0.00259	0.00982	0.00726	0.11125	0.00881
182	0.03641	0.01381	0.01883	0.01444	0.02071	0.01193	0.01193	0.03954	0.02322	0.66984	0.03201	0.02762	0.02009	0.01004	0.00816	0.00251	0.00690	0.00816	0.01004	0.01381
183	0.01072	0.00741	0.00917	0.01023	0.01050	0.00715	0.00639	0.01152	0.01391	0.01855	0.03639	0.42401	0.04316	0.32529	0.02382	0.00528	0.00608	0.01817	0.00639	0.00586
184	0.02169	0.71972	0.04252	0.01388	0.02083	0.03211	0.01388	0.02430	0.01649	0.01909	0.01128	0.01302	0.01041	0.00694	0.00521	0.00174	0.00868	0.00434	0.00347	0.01041
185	0.02772	0.03255	0.02185	0.01968	0.02406	0.48485	0.01494	0.05966	0.18524	0.02476	0.01811	0.01886	0.01428	0.00910	0.00759	0.00228	0.01228	0.00633	0.00539	0.01047
186	0.01007	0.00824	0.00888	0.00872	0.01125	0.00705	0.00654	0.01257	0.01962	0.02459	0.22742	0.07370	0.51404	0.01955	0.00959	0.00269	0.00404	0.01651	0.00789	0.00705
187	0.01685	0.06634	0.55625	0.02377	0.03465	0.01982	0.08880	0.02539	0.01710	0.02518	0.01444	0.01746	0.01050	0.00788	0.00864	0.00260	0.04281	0.00633	0.00350	0.01168
188	0.01932	0.01590	0.01817	0.01320	0.02029	0.01337	0.01065	0.13033	0.02063	0.03084	0.01532	0.01730	0.01234	0.00667	0.00638	0.00142	0.00653	0.00525	0.00540	0.63067
189	0.01159	0.00869	0.01304	0.01304	0.01449	0.01014	0.01014	0.01449	0.01304	0.01884	0.02173	0.03188	0.02029	0.06086	0.68268	0.01304	0.02173	0.00869	0.00435	0.00724
190	0.01180	0.00787	0.00885	0.00885	0.00885	0.00787	0.00492	0.01180	0.01180	0.01573	0.02557	0.05310	0.02950	0.71483	0.04130	0.00787	0.00787	0.01180	0.00492	0.00492
191	0.01876	0.01997	0.03164	0.02513	0.02778	0.05435	0.20181	0.02206	0.01493	0.02147	0.01246	0.01884	0.01114	0.01173	0.02063	0.00324	0.46305	0.00775	0.00375	0.00952
192	0.01654	0.07486	0.64221	0.02268	0.03443	0.01949	0.02920	0.02563	0.01710	0.02538	0.01440	0.01693	0.01029	0.00767	0.00759	0.00253	0.01183	0.00592	0.00343	0.01192
193	0.00989	0.00706	0.00942	0.01130	0.01177	0.00659	0.00753	0.01130	0.01554	0.02071	0.04472	0.70954	0.05367	0.02542	0.01036	0.00330	0.00471	0.02307	0.00753	0.00659
194	0.01627	0.04197	0.67279	0.02313	0.03512	0.01884	0.02998	0.02570	0.01713	0.02570	0.01456	0.01713	0.01028	0.00771	0.00771	0.00257	0.01199	0.00600	0.00343	0.01199
195	0.02008	0.01928	0.03294	0.04981	0.66422	0.01928	0.02490	0.02490	0.01848	0.02651	0.01526	0.02008	0.01285	0.00723	0.00803	0.00241	0.00964	0.00723	0.00402	0.01285
196	0.01901	0.01819	0.03100	0.19507	0.52732	0.01900	0.02437	0.02396	0.01797	0.02521	0.01507	0.02043	0.01239	0.00743	0.00805	0.00248	0.00990	0.00723	0.00392	0.01199
197	0.03641	0.01381	0.01883	0.01444	0.02071	0.01193	0.01193	0.03954	0.02322	0.66984	0.03201	0.02762	0.02009	0.01004	0.00816	0.00251	0.00690	0.00816	0.01004	0.01381
198	0.00968	0.00822	0.00834	0.00831	0.01101	0.00689	0.00623	0.01182	0.01870	0.02242	0.10926	0.07727	0.63355	0.02036	0.00959	0.00273	0.00410	0.01701	0.00760	0.00689
199	0.00989	0.00706	0.00942	0.01130	0.01177	0.00659	0.00753	0.01130	0.01554	0.02071	0.04472	0.70954	0.05367	0.02542	0.01036	0.00330	0.00471	0.02307	0.00753	0.00659
200	0.00959	0.00822	0.00822	0.00822	0.01096	0.00685	0.00617	0.01165	0.01850	0.02192	0.08220	0.07809	0.66092	0.02055	0.00959	0.00274	0.00411	0.01713	0.00754	0.00685
201	0.01532	0.01442	0.02434	0.69533	0.05589	0.01803	0.02253	0.02073	0.01622	0.02073	0.01442	0.02163	0.01082	0.00811	0.00811	0.00270	0.01082	0.00721	0.00361	0.00901
202	0.03031	0.03867	0.02299	0.02090	0.02508	0.68226	0.01568	0.03240	0.02299	0.01986	0.01254	0.01463	0.01045	0.00836	0.00732	0.00209	0.01463	0.00523	0.00418	0.00941
203	0.02986	0.03782	0.02343	0.02217	0.05302	0.65328	0.01608	0.03207	0.02280	0.02015	0.01266	0.01487	0.01056	0.00831	0.00735	0.00210	0.01441	0.00531	0.00417	0.00956
204	0.00997	0.00710	0.00939	0.01119	0.01164	0.00665	0.00742	0.01132	0.01537	0.02050	0.04389	0.68084	0.05261	0.05556	0.01171	0.00350	0.00485	0.02257	0.00742	0.00652
205	0.00959	0.00822	0.00822	0.00822	0.01096	0.00685	0.00617	0.01165	0.01850	0.02192	0.08220	0.07809	0.66092	0.02055	0.00959	0.00274	0.00411	0.01713	0.00754	0.00685
206	0.01161	0.00861	0.01259	0.01259	0.01388	0.00990	0.00958	0.01420	0.01291	0.01850	0.02215	0.03415	0.02127	0.13101	0.61387	0.01249	0.02025	0.00903	0.00441	0.00700
207	0.04996	0.00911	0.01079	0.04568	0.01393	0.01012	0.00834	0.01830	0.01570	0.02696	0.02323	0.02867	0.01904	0.02078	0.15482	0.00449	0.04641	0.00762	0.47833	0.00770
208	0.01884	0.02404	0.11492	0.03301	0.04163	0.02034	0.56987	0.02596	0.01894	0.02596	0.01622	0.02138	0.01209	0.00693	0.00938	0.00272	0.01350	0.00919	0.00403	0.01106
209	0.01915	0.02189	0.04788	0.03420	0.04241	0.02052	0.63475	0.02599	0.01915	0.02599	0.01642	0.02189	0.01231	0.00684	0.00958	0.00274	0.01368	0.00958	0.00410	0.01094
210	0.03031	0.03867	0.02299	0.02090	0.02508	0.68226	0.01568	0.03240	0.02299	0.01986	0.01254	0.01463	0.01045	0.00836	0.00732	0.00209	0.01463	0.00523	0.00418	0.00941
211	0.02677	0.05902	0.02687	0.02970	0.22540	0.44906	0.01850	0.02973	0.02132	0.02192	0.01335	0.01628	0.01120	0.00795	0.00746	0.00218	0.01284	0.00582	0.00410	0.01053
212	0.00959	0.00822	0.00822	0.00822	0.01096	0.00685	0.00617	0.01165	0.01850	0.02192	0.08220	0.07809	0.66092	0.02055	0.00959	0.00274	0.00411	0.01713	0.00754	0.00685
213	0.03085	0.02273	0.02435	0.01867	0.02516	0.02516	0.01542	0.63716	0.03815	0.05114	0.01948	0.01948	0.01380	0.00974	0.00812	0.00244	0.00893	0.00731	0.00812	0.01380
214	0.01148	0.00829	0.01085	0.01021	0.01212	0.00766	0.00766	0.01531	0.02297	0.03254	0.65994	0.06061	0.07656	0.01659	0.00957	0.00255	0.00383	0.01467	0.00893	0.00766
215	0.02169	0.71972	0.04252	0.01388	0.02083	0.03211	0.01388	0.02430	0.01649	0.01909	0.01128	0.01302	0.01041	0.00694	0.00521	0.00174	0.00868	0.00434	0.00347	0.01041
216	0.00959	0.00822	0.00822	0.00822	0.01096	0.00685	0.00617	0.01165	0.01850	0.02192	0.08220	0.07809	0.66092	0.02055	0.00959	0.00274	0.00411	0.01713	0.00754	0.00685
217	0.00989	0.00706	0.00942	0.01130	0.01177	0.00659	0.00753	0.01130	0.01554	0.02071	0.04472	0.70954	0.05367	0.02542	0.01036	0.00330	0.00471	0.02307	0.00753	0.00659
218	0.77215	0.01569	0.01193	0.01067	0.01569	0.01820	0.00879	0.02385	0.01381	0.03641	0.01130	0.01318	0.00879	0.00753	0.00502	0.00251	0.00628	0.00439	0.00502	0.00879
219	0.03031	0.03867	0.02299	0.02090	0.02508	0.68226	0.01568	0.03240	0.02299	0.01986	0.01254	0.01463	0.01045	0.00836	0.00732	0.00209	0.01463	0.00523	0.00418	0.00941
220	0.02424	0.02802	0.01983	0.01822	0.02164	0.42683	0.01386	0.06015	0.02059	0.02126	0.01592	0.02052	0.01384	0.02554	0.22736	0.00568	0.01663	0.00647	0.00445	0.00895
221	0.01048	0.00769	0.01005	0.01136	0.01241	0.00695	0.00771	0.01208	0.01565	0.02120	0.04214	0.65049	0.05012	0.02377	0.00999	0.00312	0.00482	0.02151	0.00730	0.07119
222	0.01180	0.00787	0.00885	0.00885	0.00885	0.00787	0.00492	0.01180	0.01180	0.01573	0.02557	0.05310	0.02950	0.71483	0.04130	0.00787	0.00787	0.01180	0.00492	0.00492
223	0.01627	0.04197	0.67279	0.02313	0.03512	0.01884	0.02998	0.02570	0.01713	0.02570	0.01456	0.01713	0.01028	0.00771	0.00771	0.00257	0.01199	0.00600	0.00343	0.01199
224	0.01864	0.05480	0.01741	0.01503	0.01783	0.19562	0.01172	0.05490	0.01772	0.02201	0.01900	0.02533	0.01677	0.03595	0.36065	0.00780	0.01669	0.00733	0.07640	0.00840
225	0.01627	0.04197	0.67279	0.02313	0.03512	0.01884	0.02998	0.02570	0.01713	0.02570	0.01456	0.01713	0.01028	0.00771	0.00771	0.00257	0.01199	0.00600	0.00343	0.01199
226	0.01226	0.04289	0.06797	0.01179	0.01463	0.00966	0.01006	0.01625	0.02124	0.02978	0.48543	0.12175	0.06430	0.01657	0.00937	0.00265	0.00499	0.04236	0.00801	0.00803
227	0.02713	0.03171	0.02619	0.02985	0.22557	0.43821	0.01856	0.06325	0.02241	0.02366	0.01378	0.01661	0.01139	0.00808	0.00759	0.00221	0.01275	0.00597	0.00435	0.01073
228	0.02211	0.53620	0.06293	0.01529	0.02162	0.13132	0.01455	0.02493	0.01729	0.01946	0.01234	0.01476	0.01111	0.01098	0.05324	0.00262	0.01066	0.00485	0.00364	0.01010
229	0.73723	0.01602	0.01251	0.01105	0.01614	0.01853	0.00910	0.05275	0.01496	0.03710	0.01168	0.01348	0.00902	0.00764	0.00517	0.00251	0.00640	0.00453	0.00517	0.00902
230	0.00977	0.00823	0.00847	0.00841	0.01107	0.00693	0.00630	0.01199	0.01891	0.02291	0.13626	0.07645	0.60624	0.02018	0.00959	0.00272	0.00408	0.01690	0.00767	0.00693
231	0.02076	0.02076	0.03289	0.04709	0.59213	0.06592	0.05091	0.02548	0.01882	0.02602	0.01512	0.01978	0.01266	0.00729	0.00805	0.00240	0.01017	0.00719	0.00403	0.01253
232	0.01983	0.01903	0.03249	0.08361	0.63236	0.01921	0.02478	0.02468	0.01836	0.02621	0.01522	0.02016	0.01275	0.00728	0.00804	0.00243	0.00970	0.00723	0.00400	0.01265
233	0.00959	0.00822	0.00822	0.00822	0.01096	0.00685	0.00617	0.01165	0.01850	0.02192	0.08220	0.07809	0.66092	0.02055	0.00959	0.00274	0.00411	0.01713	0.00754	0.00685
234	0.02008	0.01928	0.03294	0.04981	0.66422	0.01928	0.02490	0.02490	0.01848	0.02651	0.01526	0.02008	0.01285	0.00723	0.00803	0.00241	0.00964	0.00723	0.00402	0.01285
235	0.01960	0.01702	0.01856	0.01780	0.05422	0.01940	0.01311	0.04044	0.58186	0.03289	0.03480	0.03237	0.05907	0.01133	0.00832	0.00273	0.00646	0.00951	0.00799	0.01251
236	0.01131	0.00900	0.00991	0.00940	0.01208	0.00807	0.00713	0.04558	0.02096	0.02685	0.26394	0.06942	0.43989	0.01872	0.00951	0.00266	0.00427	0.01583	0.00801	0.00747
237	0.05911	0.03778	0.02256	0.02051	0.02472	0.65648	0.01541	0.03207	0.02264	0.02050	0.01249	0.01458	0.01039	0.00833	0.00723	0.00211	0.01431	0.00519	0.00421	0.00938
238	0.01988	0.01983	0.03611	0.04649	0.53206	0.01954	0.15452	0.02513	0.01862	0.02640	0.01551	0.02047	0.01274	0.00715	0.00836	0.00248	0.01050	0.00773	0.00404	0.01245
239	0.02438	0.01810	0.01966	0.01568	0.02083	0.01944	0.01273	0.43750	0.03267	0.04370	0.14424	0.03508	0.11518	0.01248	0.00859	0.00250	0.00733	0.01001	0.00818	0.01172
240	0.30197	0.01718	0.02371	0.13476	0.32659	0.01868	0.01848	0.02386	0.01637	0.02934	0.01364	0.01773	0.01101	0.00748	0.00691	0.00249	0.00856	0.00616	0.00433	0.01073
241	0.09507	0.01066	0.01132	0.01089	0.01389	0.01048	0.00822	0.04792	0.07880	0.06216	0.07807	0.20235	0.30406	0.01808	0.00899	0.00281	0.00508	0.01527	0.00756	0.00833
