[name]
unknown

[dist]
# distance from previous block
# <min> <max>
0	6

[block]
# block no. 0 follows, 21 sequences, length 8
# corresponding to MSA columns:
# 6-13
name=unknown_A
#
# <colnr> <probs for GDERKNQSTAVLIFYWHMCP>
#	G	D	E	R	K	N	Q	S	T	A	V	L	I	F	Y	W	H	M	C	P
0	0.02059	0.07583	0.03034	0.07906	0.39825	0.07679	0.02206	0.02505	0.01952	0.02578	0.02030	0.03278	0.01895	0.01043	0.00869	0.00270	0.01018	0.10620	0.00477	0.01174
1	0.11359	0.01729	0.02603	0.38575	0.19190	0.01991	0.02173	0.07621	0.01930	0.02812	0.01539	0.02097	0.01186	0.00836	0.00808	0.00271	0.01027	0.00720	0.00449	0.01084
2	0.01999	0.02619	0.15580	0.27787	0.20921	0.11689	0.02481	0.02583	0.01892	0.02431	0.01510	0.02019	0.01175	0.00821	0.00827	0.00263	0.01186	0.00700	0.00395	0.01124
3	0.17448	0.02123	0.07692	0.04160	0.47057	0.01995	0.02301	0.02595	0.01825	0.02989	0.01509	0.01933	0.01239	0.00769	0.00774	0.00256	0.00956	0.00687	0.00438	0.01253
4	0.02043	0.04332	0.02101	0.20363	0.05786	0.07160	0.01569	0.08023	0.16745	0.03024	0.02290	0.02571	0.01756	0.00964	0.00777	0.00252	0.00858	0.00787	0.17523	0.01077
5	0.02303	0.03091	0.16714	0.03522	0.30140	0.20270	0.02362	0.02826	0.02031	0.02564	0.01499	0.01857	0.01212	0.00795	0.00801	0.00240	0.01191	0.00656	0.00417	0.05511
6	0.17482	0.01034	0.00947	0.00918	0.01258	0.00980	0.00707	0.01502	0.01832	0.02632	0.06990	0.06696	0.50503	0.01856	0.00901	0.00282	0.00481	0.01503	0.00732	0.00763
7	0.06547	0.06197	0.02296	0.01888	0.02404	0.31172	0.01477	0.08763	0.16910	0.10860	0.02136	0.02126	0.01603	0.00966	0.00787	0.00245	0.01101	0.00696	0.00655	0.01173

[dist]
# distance from previous block
# <min> <max>
0	1

[block]
# block no. 1 follows, 21 sequences, length 31
# corresponding to MSA columns:
# 15-45
name=unknown_B
#
# <colnr> <probs for GDERKNQSTAVLIFYWHMCP>
#	G	D	E	R	K	N	Q	S	T	A	V	L	I	F	Y	W	H	M	C	P
0	0.01219	0.00901	0.01311	0.01311	0.01443	0.01033	0.00993	0.01483	0.01351	0.01933	0.02332	0.03632	0.02253	0.14647	0.58627	0.01297	0.02091	0.00954	0.00464	0.00728
1	0.01833	0.01837	0.02366	0.02072	0.02130	0.06695	0.01700	0.02043	0.01391	0.02037	0.01344	0.02112	0.01301	0.02347	0.14407	0.00545	0.51782	0.00762	0.00392	0.00903
2	0.01707	0.04402	0.65683	0.02426	0.03683	0.01976	0.03144	0.02695	0.01797	0.02695	0.01527	0.01797	0.01078	0.00809	0.00809	0.00270	0.01258	0.00629	0.00359	0.01258
3	0.01787	0.03845	0.49646	0.02733	0.03885	0.02023	0.18623	0.02703	0.01853	0.02703	0.01579	0.01929	0.01134	0.00784	0.00860	0.00274	0.01304	0.00728	0.00378	0.01229
4	0.01126	0.00915	0.01004	0.00973	0.01243	0.00818	0.00732	0.01515	0.05295	0.02714	0.25821	0.07353	0.43515	0.01973	0.00998	0.00281	0.00434	0.01672	0.00840	0.00778
5	0.01220	0.00893	0.01275	0.01275	0.01395	0.01013	0.00948	0.01460	0.01340	0.01907	0.02364	0.03813	0.02332	0.19839	0.53542	0.01253	0.01972	0.00981	0.00469	0.00708
6	0.02041	0.01762	0.01852	0.01672	0.02140	0.02021	0.01299	0.04297	0.59062	0.03474	0.03816	0.03517	0.06818	0.01223	0.00875	0.00289	0.00657	0.01019	0.00861	0.01304
7	0.01216	0.00912	0.01368	0.01368	0.01520	0.01064	0.01064	0.01520	0.01368	0.01976	0.02279	0.03343	0.02127	0.06382	0.66720	0.01368	0.02279	0.00912	0.00456	0.00760
8	0.02106	0.02022	0.03454	0.05223	0.64784	0.02022	0.02612	0.02612	0.01938	0.02780	0.01601	0.02106	0.01348	0.00758	0.00842	0.00253	0.01011	0.00758	0.00421	0.01348
9	0.03179	0.04056	0.02412	0.02192	0.02631	0.66676	0.01644	0.03398	0.02412	0.02083	0.01315	0.01535	0.01096	0.00877	0.00767	0.00219	0.01535	0.00548	0.00438	0.00987
10	0.01617	0.23801	0.02295	0.01227	0.01691	0.01681	0.01038	0.01922	0.01922	0.02567	0.19099	0.12247	0.09543	0.01364	0.00796	0.00226	0.00625	0.01132	0.00637	0.14570
11	0.01707	0.04402	0.65683	0.02426	0.03683	0.01976	0.03144	0.02695	0.01797	0.02695	0.01527	0.01797	0.01078	0.00809	0.00809	0.00270	0.01258	0.00629	0.00359	0.01258
12	0.02106	0.02022	0.03454	0.05223	0.64784	0.02022	0.02612	0.02612	0.01938	0.02780	0.01601	0.02106	0.01348	0.00758	0.00842	0.00253	0.01011	0.00758	0.00421	0.01348
13	0.01216	0.00912	0.01368	0.01368	0.01520	0.01064	0.01064	0.01520	0.01368	0.01976	0.02279	0.03343	0.02127	0.06382	0.66720	0.01368	0.02279	0.00912	0.00456	0.00760
14	0.02275	0.70604	0.04459	0.01456	0.02184	0.03367	0.01456	0.02548	0.01729	0.02002	0.01183	0.01365	0.01092	0.00728	0.00546	0.00182	0.00910	0.00455	0.00364	0.01092
15	0.01707	0.04402	0.65683	0.02426	0.03683	0.01976	0.03144	0.02695	0.01797	0.02695	0.01527	0.01797	0.01078	0.00809	0.00809	0.00270	0.01258	0.00629	0.00359	0.01258
16	0.02155	0.56609	0.17402	0.01661	0.02501	0.03073	0.01813	0.02579	0.01743	0.02149	0.01256	0.01456	0.01089	0.00745	0.00602	0.00201	0.00984	0.00492	0.00363	0.01127
17	0.01160	0.00857	0.01013	0.00980	0.01154	0.00786	0.00690	0.01412	0.01993	0.02679	0.34231	0.06645	0.21712	0.18895	0.01834	0.00412	0.00515	0.01532	0.00793	0.00709
18	0.01067	0.00802	0.00989	0.01075	0.01221	0.00724	0.00756	0.01290	0.01887	0.02486	0.19206	0.39258	0.21499	0.02323	0.01047	0.00313	0.00457	0.02058	0.00823	0.00724
19	0.02201	0.62017	0.12401	0.01582	0.02379	0.03187	0.01675	0.02567	0.01738	0.02092	0.01228	0.01421	0.01090	0.00739	0.00580	0.00193	0.00955	0.00478	0.00363	0.01114
20	0.01032	0.00863	0.00898	0.00889	0.01165	0.00729	0.00667	0.01271	0.02001	0.02443	0.15848	0.07952	0.57121	0.02101	0.01006	0.00285	0.00427	0.01763	0.00809	0.00729
21	0.02275	0.70604	0.04459	0.01456	0.02184	0.03367	0.01456	0.02548	0.01729	0.02002	0.01183	0.01365	0.01092	0.00728	0.00546	0.00182	0.00910	0.00455	0.00364	0.01092
22	0.02907	0.03169	0.02717	0.02945	0.19064	0.36216	0.01894	0.15412	0.02618	0.02952	0.01543	0.01792	0.01236	0.00876	0.00805	0.00236	0.01271	0.00649	0.00520	0.01178
23	0.02857	0.03433	0.02640	0.02909	0.17836	0.47214	0.01865	0.03269	0.05707	0.02336	0.01506	0.01767	0.01242	0.00863	0.00791	0.00231	0.01358	0.00623	0.00458	0.01095
24	0.01157	0.00808	0.01009	0.01060	0.01135	0.00771	0.00695	0.01324	0.01712	0.02340	0.21033	0.28494	0.05405	0.26611	0.02228	0.00495	0.00586	0.01743	0.00733	0.00660
25	0.01037	0.00741	0.00987	0.01185	0.01234	0.00691	0.00790	0.01185	0.01629	0.02172	0.04690	0.69537	0.05629	0.02666	0.01086	0.00346	0.00494	0.02419	0.00790	0.00691
26	0.01973	0.01886	0.03214	0.21991	0.49058	0.01987	0.02545	0.02495	0.01875	0.02619	0.01577	0.02150	0.01291	0.00783	0.00845	0.00261	0.01044	0.00758	0.00410	0.01241
27	0.01143	0.00867	0.01052	0.01006	0.01233	0.00777	0.00754	0.01486	0.02263	0.03066	0.47005	0.06927	0.25576	0.01869	0.01004	0.00274	0.00411	0.01619	0.00891	0.00777
28	0.01602	0.01381	0.04701	0.13679	0.05054	0.01249	0.01336	0.02005	0.01667	0.02544	0.01909	0.02475	0.01582	0.01859	0.12185	0.03948	0.01009	0.00708	0.15835	0.23272
29	0.16224	0.17029	0.05427	0.01809	0.02344	0.35239	0.01509	0.02923	0.02009	0.02407	0.01328	0.01585	0.01120	0.01136	0.04378	0.00286	0.01275	0.00537	0.00437	0.00996
30	0.02418	0.02673	0.02959	0.12842	0.34574	0.24947	0.02234	0.02830	0.02073	0.02449	0.01487	0.01926	0.01229	0.00813	0.00817	0.00245	0.01214	0.00683	0.00421	0.01164

[dist]
# distance from previous block
# <min> <max>
0	1

[block]
# block no. 2 follows, 21 sequences, length 17
# corresponding to MSA columns:
# 47-63
name=unknown_C
#
# <colnr> <probs for GDERKNQSTAVLIFYWHMCP>
#	G	D	E	R	K	N	Q	S	T	A	V	L	I	F	Y	W	H	M	C	P
0	0.30340	0.01433	0.01393	0.01269	0.01620	0.01574	0.00958	0.13912	0.01967	0.03353	0.02455	0.18415	0.02530	0.13616	0.01402	0.00381	0.00705	0.01125	0.00652	0.00900
1	0.31844	0.02668	0.12075	0.01736	0.02411	0.12004	0.01589	0.20037	0.02397	0.03826	0.01510	0.01665	0.01127	0.00874	0.00703	0.00255	0.00969	0.00590	0.00581	0.01139
2	0.01073	0.00851	0.00965	0.00966	0.01198	0.00742	0.00713	0.01340	0.02054	0.02641	0.26007	0.14658	0.39615	0.02081	0.01014	0.00288	0.00429	0.01785	0.00837	0.00742
3	0.01037	0.00741	0.00987	0.01185	0.01234	0.00691	0.00790	0.01185	0.01629	0.02172	0.04690	0.69537	0.05629	0.02666	0.01086	0.00346	0.00494	0.02419	0.00790	0.00691
4	0.01950	0.01762	0.02800	0.42464	0.21621	0.02021	0.02337	0.09842	0.02057	0.02743	0.01604	0.02196	0.01233	0.00847	0.00849	0.00272	0.01076	0.00758	0.00450	0.01119
5	0.01793	0.02202	0.12832	0.33793	0.15849	0.01980	0.14443	0.02443	0.01820	0.02474	0.01573	0.02173	0.01196	0.00801	0.00874	0.00277	0.01191	0.00787	0.00394	0.01106
6	0.01033	0.00827	0.00924	0.00976	0.01185	0.00718	0.00703	0.01246	0.01892	0.02363	0.12550	0.25986	0.42074	0.02267	0.01029	0.00303	0.00447	0.01955	0.00804	0.00718
7	0.03179	0.04056	0.02412	0.02192	0.02631	0.66676	0.01644	0.03398	0.02412	0.02083	0.01315	0.01535	0.01096	0.00877	0.00767	0.00219	0.01535	0.00548	0.00438	0.00987
8	0.01056	0.00900	0.01006	0.06115	0.01524	0.00807	0.00795	0.01292	0.01889	0.02276	0.07663	0.14065	0.53448	0.02107	0.01002	0.00293	0.00492	0.01780	0.00758	0.00733
9	0.01210	0.00872	0.01203	0.01217	0.01314	0.00963	0.00873	0.01408	0.01346	0.01888	0.02577	0.08772	0.02680	0.26026	0.42531	0.01125	0.01697	0.01121	0.00498	0.00679
10	0.03129	0.02201	0.02420	0.01879	0.02519	0.02414	0.01548	0.52941	0.03683	0.09772	0.02163	0.02207	0.01549	0.01425	0.05774	0.00339	0.01020	0.00784	0.00837	0.01396
11	0.07568	0.02372	0.11674	0.06557	0.27448	0.07682	0.02075	0.02552	0.01870	0.02749	0.01507	0.01882	0.01222	0.00753	0.00757	0.00224	0.00983	0.00637	0.00440	0.19050
12	0.20186	0.02131	0.14666	0.13975	0.16730	0.01809	0.02007	0.02351	0.01656	0.02788	0.01576	0.02091	0.01276	0.01688	0.11256	0.00442	0.01196	0.00683	0.00433	0.01060
13	0.23722	0.12846	0.06148	0.02703	0.23759	0.02089	0.01724	0.02539	0.04954	0.02878	0.01497	0.01860	0.01246	0.00987	0.00929	0.07085	0.00863	0.00625	0.00459	0.01088
14	0.01918	0.02172	0.09854	0.23972	0.23451	0.08476	0.02216	0.02454	0.01906	0.02574	0.04910	0.02382	0.01647	0.00878	0.00819	0.00257	0.01045	0.00765	0.07213	0.01093
15	0.09375	0.02560	0.02659	0.03078	0.24466	0.19090	0.01901	0.17265	0.02523	0.03312	0.01737	0.02238	0.01439	0.00934	0.00812	0.00252	0.01087	0.03504	0.00558	0.01211
16	0.02096	0.02550	0.13317	0.04255	0.42814	0.06687	0.05730	0.02646	0.01907	0.02660	0.01540	0.02008	0.01267	0.00826	0.00983	0.00264	0.06038	0.00735	0.00410	0.01267

[dist]
# distance from previous block
# <min> <max>
0	2

[block]
# block no. 3 follows, 21 sequences, length 6
# corresponding to MSA columns:
# 66-71
name=unknown_D
#
# <colnr> <probs for GDERKNQSTAVLIFYWHMCP>
#	G	D	E	R	K	N	Q	S	T	A	V	L	I	F	Y	W	H	M	C	P
0	0.16493	0.10397	0.02234	0.01696	0.02150	0.26067	0.01355	0.05833	0.02029	0.02677	0.04720	0.01982	0.01561	0.01475	0.07516	0.00348	0.04991	0.00630	0.00497	0.05351
1	0.02060	0.02015	0.01610	0.01481	0.01795	0.21014	0.01087	0.02626	0.12342	0.05506	0.10230	0.04317	0.12681	0.15702	0.01598	0.00376	0.00900	0.01086	0.00668	0.00908
2	0.10068	0.01895	0.02983	0.08628	0.47573	0.01911	0.02249	0.02523	0.01851	0.02851	0.01541	0.02004	0.01278	0.00755	0.00787	0.00243	0.00942	0.00700	0.00438	0.08781
3	0.09499	0.02055	0.16360	0.19052	0.11468	0.01601	0.01958	0.02117	0.01760	0.02570	0.03040	0.10347	0.12326	0.01240	0.00857	0.00282	0.00906	0.01053	0.00510	0.01001
4	0.01693	0.02158	0.16147	0.01891	0.07918	0.07459	0.01593	0.02270	0.06487	0.05498	0.04462	0.13820	0.22096	0.01546	0.00917	0.00281	0.00818	0.01300	0.00643	0.01002
5	0.20226	0.02693	0.09836	0.16004	0.12167	0.20529	0.01936	0.02730	0.01889	0.02697	0.01391	0.01763	0.01096	0.00825	0.00742	0.00254	0.01131	0.00610	0.00436	0.01047

[dist]
# distance from previous block
# <min> <max>
3	21

[block]
# block no. 4 follows, 21 sequences, length 47
# corresponding to MSA columns:
# 93-139
name=unknown_E
#
# <colnr> <probs for GDERKNQSTAVLIFYWHMCP>
#	G	D	E	R	K	N	Q	S	T	A	V	L	I	F	Y	W	H	M	C	P
0	0.05828	0.09941	0.02909	0.03068	0.22934	0.36390	0.01912	0.03017	0.02147	0.02377	0.01390	0.01699	0.01171	0.00819	0.00760	0.00228	0.01263	0.00604	0.00429	0.01113
1	0.01646	0.01538	0.02328	0.24104	0.16734	0.01765	0.01875	0.02156	0.04895	0.02443	0.06126	0.03561	0.13783	0.01245	0.01201	0.00291	0.11784	0.01005	0.00519	0.01000
2	0.01175	0.00859	0.00989	0.00968	0.01201	0.00790	0.00729	0.01485	0.02013	0.02754	0.25046	0.06397	0.31174	0.02258	0.07274	0.00372	0.00595	0.01481	0.11680	0.00761
3	0.02029	0.01650	0.01733	0.01505	0.01972	0.01791	0.01186	0.17419	0.28975	0.03590	0.04789	0.04524	0.22353	0.01446	0.00908	0.00280	0.00659	0.01185	0.00838	0.01168
4	0.02436	0.02400	0.02077	0.01856	0.02338	0.17846	0.01434	0.07366	0.45235	0.03299	0.02864	0.02715	0.02170	0.01080	0.00841	0.00270	0.00897	0.00851	0.00761	0.01265
5	0.03179	0.04056	0.02412	0.02192	0.02631	0.66676	0.01644	0.03398	0.02412	0.02083	0.01315	0.01535	0.01096	0.00877	0.00767	0.00219	0.01535	0.00548	0.00438	0.00987
6	0.01017	0.00818	0.00908	0.00980	0.01181	0.00708	0.00699	0.01208	0.01826	0.02253	0.07182	0.30647	0.42910	0.02342	0.01035	0.00309	0.00454	0.02024	0.00790	0.00708
7	0.01543	0.01362	0.02065	0.02802	0.28491	0.01305	0.01541	0.01944	0.02093	0.02870	0.23869	0.04979	0.18882	0.01420	0.00935	0.00266	0.00670	0.01267	0.00680	0.01016
8	0.02926	0.12890	0.02742	0.02056	0.02529	0.40870	0.01636	0.12584	0.02458	0.02597	0.01394	0.01627	0.01154	0.00943	0.00958	0.00236	0.08252	0.00590	0.00488	0.01070
9	0.02093	0.49424	0.24047	0.01766	0.02664	0.02922	0.01996	0.02595	0.01751	0.02224	0.01293	0.01503	0.01088	0.00754	0.00630	0.00210	0.01021	0.00511	0.00363	0.01145
10	0.01049	0.00855	0.00933	0.00962	0.01207	0.00738	0.00721	0.01284	0.01946	0.02400	0.12986	0.15639	0.48570	0.02192	0.01025	0.00299	0.00457	0.05209	0.00803	0.00727
11	0.01946	0.01858	0.03165	0.25408	0.45852	0.01980	0.02532	0.02471	0.01862	0.02586	0.01572	0.02158	0.01279	0.00788	0.00845	0.00263	0.01051	0.00758	0.00407	0.01219
12	0.01221	0.00893	0.01270	0.01270	0.01388	0.01011	0.00942	0.01457	0.01339	0.01903	0.02369	0.03838	0.02342	0.20542	0.52854	0.01247	0.01956	0.00984	0.00469	0.00706
13	0.01337	0.00966	0.01324	0.01492	0.01694	0.00952	0.01291	0.01717	0.01982	0.02577	0.08036	0.09327	0.09148	0.02304	0.01154	0.00378	0.00739	0.52010	0.00792	0.00780
14	0.02213	0.66515	0.04278	0.01451	0.02145	0.03232	0.01433	0.02488	0.01708	0.02001	0.01247	0.01481	0.01153	0.01060	0.04429	0.00252	0.00990	0.00482	0.00369	0.01073
15	0.01006	0.00862	0.00862	0.00862	0.01149	0.00718	0.00647	0.01221	0.01940	0.02299	0.08621	0.08190	0.64438	0.02155	0.01006	0.00287	0.00431	0.01796	0.00790	0.00718
16	0.01037	0.00741	0.00987	0.01185	0.01234	0.00691	0.00790	0.01185	0.01629	0.02172	0.04690	0.69537	0.05629	0.02666	0.01086	0.00346	0.00494	0.02419	0.00790	0.00691
17	0.01014	0.00829	0.00896	0.00949	0.01172	0.00711	0.00685	0.01212	0.01856	0.02265	0.07563	0.24697	0.48614	0.02293	0.01027	0.00303	0.00448	0.01964	0.00790	0.00711
18	0.01586	0.00793	0.00793	0.00793	0.00991	0.00793	0.00595	0.01983	0.01785	0.03173	0.02776	0.03173	0.02181	0.00991	0.00595	0.00198	0.00397	0.00793	0.74817	0.00793
19	0.76103	0.01646	0.01251	0.01119	0.01646	0.01909	0.00922	0.02502	0.01448	0.03818	0.01185	0.01382	0.00922	0.00790	0.00527	0.00263	0.00658	0.00461	0.00527	0.00922
20	0.02275	0.70604	0.04459	0.01456	0.02184	0.03367	0.01456	0.02548	0.01729	0.02002	0.01183	0.01365	0.01092	0.00728	0.00546	0.00182	0.00910	0.00455	0.00364	0.01092
21	0.02106	0.02022	0.03454	0.05223	0.64784	0.02022	0.02612	0.02612	0.01938	0.02780	0.01601	0.02106	0.01348	0.00758	0.00842	0.00253	0.01011	0.00758	0.00421	0.01348
22	0.02936	0.21963	0.02963	0.01994	0.02511	0.49641	0.01594	0.03169	0.02228	0.02061	0.01280	0.01489	0.01095	0.00837	0.00708	0.00209	0.01367	0.00523	0.00418	0.01015
23	0.03235	0.02384	0.02554	0.01958	0.02639	0.02639	0.01618	0.61946	0.04001	0.05363	0.02043	0.02043	0.01447	0.01022	0.00851	0.00255	0.00936	0.00766	0.00851	0.01447
24	0.76103	0.01646	0.01251	0.01119	0.01646	0.01909	0.00922	0.02502	0.01448	0.03818	0.01185	0.01382	0.00922	0.00790	0.00527	0.00263	0.00658	0.00461	0.00527	0.00922
25	0.02106	0.02022	0.03454	0.05223	0.64784	0.02022	0.02612	0.02612	0.01938	0.02780	0.01601	0.02106	0.01348	0.00758	0.00842	0.00253	0.01011	0.00758	0.00421	0.01348
26	0.02117	0.01828	0.01924	0.01732	0.02213	0.02117	0.01347	0.04522	0.63246	0.03560	0.03464	0.03175	0.02598	0.01155	0.00866	0.00289	0.00673	0.00962	0.00866	0.01347
27	0.02117	0.01828	0.01924	0.01732	0.02213	0.02117	0.01347	0.04522	0.63246	0.03560	0.03464	0.03175	0.02598	0.01155	0.00866	0.00289	0.00673	0.00962	0.00866	0.01347
28	0.01238	0.00825	0.00928	0.00928	0.00928	0.00825	0.00516	0.01238	0.01238	0.01650	0.02681	0.05569	0.03094	0.70092	0.04331	0.00825	0.00825	0.01238	0.00516	0.00516
29	0.01037	0.00741	0.00987	0.01185	0.01234	0.00691	0.00790	0.01185	0.01629	0.02172	0.04690	0.69537	0.05629	0.02666	0.01086	0.00346	0.00494	0.02419	0.00790	0.00691
30	0.03183	0.03941	0.02421	0.02176	0.02631	0.62288	0.01642	0.07410	0.02521	0.02308	0.01365	0.01570	0.01120	0.00887	0.00773	0.00222	0.01494	0.00563	0.00467	0.01018
31	0.01586	0.00793	0.00793	0.00793	0.00991	0.00793	0.00595	0.01983	0.01785	0.03173	0.02776	0.03173	0.02181	0.00991	0.00595	0.00198	0.00397	0.00793	0.74817	0.00793
32	0.01024	0.00863	0.00888	0.00882	0.01161	0.00726	0.00661	0.01258	0.01984	0.02404	0.13866	0.08017	0.59128	0.02116	0.01006	0.00286	0.00428	0.01772	0.00804	0.00726
33	0.20957	0.02204	0.02237	0.01754	0.02397	0.02462	0.01448	0.47489	0.03380	0.04988	0.01834	0.01882	0.01319	0.00965	0.00772	0.00257	0.00869	0.00692	0.00772	0.01319
34	0.01586	0.00793	0.00793	0.00793	0.00991	0.00793	0.00595	0.01983	0.01785	0.03173	0.02776	0.03173	0.02181	0.00991	0.00595	0.00198	0.00397	0.00793	0.74817	0.00793
35	0.01195	0.00917	0.01099	0.01045	0.01285	0.00847	0.00786	0.01646	0.05410	0.03102	0.45274	0.06717	0.23873	0.01828	0.00997	0.00274	0.00424	0.01583	0.00891	0.00807
36	0.02039	0.43036	0.29954	0.01860	0.02808	0.02788	0.02159	0.02609	0.01757	0.02291	0.01326	0.01545	0.01086	0.00762	0.00655	0.00218	0.01055	0.00527	0.00362	0.01161
37	0.02573	0.02575	0.02487	0.08435	0.05931	0.21754	0.01761	0.18577	0.02438	0.02995	0.01568	0.01964	0.01282	0.01417	0.05758	0.00348	0.15806	0.00704	0.00530	0.01097
38	0.02053	0.01898	0.01606	0.01411	0.01741	0.17094	0.01021	0.09129	0.02005	0.02544	0.02196	0.06581	0.02161	0.23987	0.01941	0.00414	0.00922	0.00914	0.07543	0.12838
39	0.06295	0.02751	0.05493	0.05786	0.18346	0.28433	0.01800	0.02912	0.04872	0.02606	0.01704	0.02024	0.01373	0.00866	0.00760	0.00236	0.01124	0.00664	0.10879	0.01076
40	0.02311	0.05755	0.02076	0.01622	0.02084	0.01931	0.01290	0.30924	0.06973	0.03788	0.02694	0.18573	0.02549	0.01755	0.04338	0.03753	0.00853	0.01157	0.00749	0.04826
41	0.28757	0.02250	0.08260	0.08911	0.02519	0.13016	0.01465	0.02888	0.06828	0.08049	0.01788	0.01985	0.01341	0.00883	0.00694	0.00254	0.00906	0.00630	0.07541	0.01035
42	0.01944	0.01872	0.02001	0.10301	0.05884	0.14054	0.01515	0.07917	0.01981	0.02488	0.02319	0.03195	0.04960	0.02801	0.21708	0.00613	0.04786	0.04802	0.00517	0.04342
43	0.05560	0.06117	0.02355	0.02536	0.17720	0.15112	0.01617	0.02801	0.12698	0.02581	0.02295	0.02647	0.04537	0.02136	0.15099	0.00492	0.01285	0.00800	0.00529	0.01082
44	0.05712	0.20252	0.02823	0.02193	0.13259	0.10025	0.03966	0.05566	0.01999	0.05768	0.02106	0.02371	0.04630	0.01190	0.04160	0.00285	0.00982	0.00719	0.10918	0.01077
45	0.11795	0.12871	0.14365	0.01634	0.02279	0.04296	0.04632	0.04825	0.01925	0.11433	0.02909	0.06092	0.10320	0.05852	0.01029	0.00297	0.00879	0.00918	0.00595	0.01055
46	0.05555	0.05125	0.01860	0.01602	0.04940	0.04674	0.01209	0.18648	0.06591	0.03396	0.03214	0.03392	0.11838	0.01915	0.10036	0.00404	0.00955	0.00930	0.12666	0.01052

[dist]
# distance from previous block
# <min> <max>
8	121

[block]
# block no. 5 follows, 21 sequences, length 36
# corresponding to MSA columns:
# 261-296
name=unknown_F
#
# <colnr> <probs for GDERKNQSTAVLIFYWHMCP>
#	G	D	E	R	K	N	Q	S	T	A	V	L	I	F	Y	W	H	M	C	P
0	0.04806	0.02343	0.15746	0.01967	0.06081	0.07716	0.04256	0.05576	0.12766	0.02912	0.06686	0.04093	0.15924	0.01302	0.00888	0.00277	0.00885	0.04058	0.00639	0.01078
1	0.02399	0.02574	0.02536	0.02900	0.22852	0.24327	0.01767	0.05487	0.02161	0.02631	0.01868	0.02144	0.04530	0.00856	0.00778	0.00215	0.01075	0.00683	0.00485	0.17732
2	0.02077	0.02289	0.06090	0.17172	0.25029	0.13707	0.04963	0.02560	0.01964	0.02492	0.01831	0.02796	0.01607	0.00961	0.00860	0.00264	0.01122	0.06816	0.00455	0.04945
3	0.08566	0.02302	0.16137	0.20279	0.21335	0.01906	0.02308	0.05618	0.01955	0.05814	0.04602	0.02254	0.01553	0.00870	0.00818	0.00267	0.01019	0.00746	0.00483	0.01169
4	0.09630	0.03135	0.06305	0.11026	0.12138	0.35456	0.01900	0.06056	0.02205	0.02569	0.01421	0.01741	0.01139	0.00851	0.00773	0.00242	0.01275	0.00614	0.00453	0.01069
5	0.02067	0.02193	0.06827	0.04764	0.49919	0.02045	0.14247	0.02638	0.01945	0.02765	0.01621	0.02128	0.01324	0.00753	0.00873	0.00260	0.01106	0.00800	0.00420	0.01304
6	0.01926	0.02948	0.25280	0.03373	0.13737	0.02070	0.29726	0.02775	0.04563	0.02760	0.01711	0.02133	0.01284	0.00774	0.00906	0.00276	0.01274	0.00835	0.00424	0.01226
7	0.01045	0.00864	0.00916	0.00903	0.01173	0.00735	0.00677	0.01297	0.02032	0.02518	0.19569	0.07830	0.53354	0.02074	0.01005	0.00283	0.00425	0.01746	0.00819	0.00735
8	0.01060	0.00864	0.00937	0.00919	0.01182	0.00741	0.00689	0.01325	0.02067	0.02600	0.23691	0.07694	0.49181	0.02043	0.01005	0.00282	0.00423	0.01727	0.00830	0.00741
9	0.01801	0.01041	0.01374	0.01265	0.01389	0.01088	0.00900	0.12272	0.01639	0.02191	0.01582	0.02487	0.01473	0.02601	0.02872	0.61480	0.00775	0.00744	0.00458	0.00567
10	0.03179	0.04056	0.02412	0.02192	0.02631	0.66676	0.01644	0.03398	0.02412	0.02083	0.01315	0.01535	0.01096	0.00877	0.00767	0.00219	0.01535	0.00548	0.00438	0.00987
11	0.01685	0.18280	0.02244	0.01464	0.01800	0.05148	0.01220	0.05035	0.01649	0.02165	0.01947	0.02694	0.01783	0.04424	0.43556	0.00958	0.01834	0.00773	0.00453	0.00889
12	0.03179	0.04056	0.02412	0.02192	0.02631	0.66676	0.01644	0.03398	0.02412	0.02083	0.01315	0.01535	0.01096	0.00877	0.00767	0.00219	0.01535	0.00548	0.00438	0.00987
13	0.01971	0.01884	0.03210	0.22216	0.48846	0.01986	0.02545	0.02493	0.01874	0.02616	0.01577	0.02150	0.01290	0.00783	0.00845	0.00261	0.01044	0.00758	0.00410	0.01239
14	0.01037	0.00741	0.00987	0.01185	0.01234	0.00691	0.00790	0.01185	0.01629	0.02172	0.04690	0.69537	0.05629	0.02666	0.01086	0.00346	0.00494	0.02419	0.00790	0.00691
15	0.01725	0.04277	0.62077	0.02495	0.03729	0.01987	0.06625	0.02697	0.01809	0.02697	0.01539	0.01826	0.01091	0.00803	0.00820	0.00271	0.01268	0.00651	0.00364	0.01251
16	0.01058	0.00749	0.00981	0.01158	0.01202	0.00705	0.00761	0.01190	0.01588	0.02118	0.04480	0.62838	0.05363	0.09727	0.01426	0.00396	0.00528	0.02296	0.00761	0.00673
17	0.01037	0.00741	0.00987	0.01185	0.01234	0.00691	0.00790	0.01185	0.01629	0.02172	0.04690	0.69537	0.05629	0.02666	0.01086	0.00346	0.00494	0.02419	0.00790	0.00691
18	0.03235	0.02384	0.02554	0.01958	0.02639	0.02639	0.01618	0.61946	0.04001	0.05363	0.02043	0.02043	0.01447	0.01022	0.00851	0.00255	0.00936	0.00766	0.00851	0.01447
19	0.01216	0.00912	0.01368	0.01368	0.01520	0.01064	0.01064	0.01520	0.01368	0.01976	0.02279	0.03343	0.02127	0.06382	0.66720	0.01368	0.02279	0.00912	0.00456	0.00760
20	0.01071	0.00865	0.00953	0.00931	0.01189	0.00746	0.00698	0.01348	0.02094	0.02665	0.26916	0.07588	0.45915	0.02019	0.01005	0.00281	0.00421	0.01712	0.00838	0.00746
21	0.01765	0.01513	0.01765	0.01260	0.02017	0.01134	0.01008	0.02143	0.01765	0.02773	0.01513	0.01765	0.01260	0.00630	0.00630	0.00126	0.00630	0.00504	0.00504	0.75295
22	0.01006	0.00862	0.00862	0.00862	0.01149	0.00718	0.00647	0.01221	0.01940	0.02299	0.08621	0.08190	0.64438	0.02155	0.01006	0.00287	0.00431	0.01796	0.00790	0.00718
23	0.01008	0.00855	0.00870	0.00882	0.01155	0.00717	0.00655	0.01219	0.01921	0.02291	0.08383	0.11898	0.60883	0.02186	0.01011	0.00291	0.00435	0.01834	0.00790	0.00717
24	0.01234	0.00841	0.01009	0.01009	0.01037	0.00869	0.00616	0.01289	0.01261	0.01710	0.02608	0.05161	0.02917	0.58401	0.15780	0.00925	0.01092	0.01178	0.00505	0.00560
25	0.03235	0.02384	0.02554	0.01958	0.02639	0.02639	0.01618	0.61946	0.04001	0.05363	0.02043	0.02043	0.01447	0.01022	0.00851	0.00255	0.00936	0.00766	0.00851	0.01447
26	0.02106	0.02022	0.03454	0.05223	0.64784	0.02022	0.02612	0.02612	0.01938	0.02780	0.01601	0.02106	0.01348	0.00758	0.00842	0.00253	0.01011	0.00758	0.00421	0.01348
27	0.01065	0.00757	0.01004	0.01191	0.01246	0.00713	0.00806	0.01218	0.01626	0.02165	0.04576	0.63109	0.05459	0.06160	0.01260	0.00373	0.00526	0.05285	0.00775	0.00687
28	0.01933	0.01591	0.01668	0.01469	0.01918	0.01723	0.01151	0.13903	0.30889	0.03449	0.05010	0.04725	0.24060	0.01481	0.00912	0.00282	0.00637	0.01218	0.00837	0.01145
29	0.03179	0.04056	0.02412	0.02192	0.02631	0.66676	0.01644	0.03398	0.02412	0.02083	0.01315	0.01535	0.01096	0.00877	0.00767	0.00219	0.01535	0.00548	0.00438	0.00987
30	0.01607	0.01513	0.02552	0.68047	0.05861	0.01891	0.02363	0.02174	0.01702	0.02174	0.01513	0.02269	0.01134	0.00851	0.00851	0.00284	0.01134	0.00756	0.00378	0.00945
31	0.03179	0.04056	0.02412	0.02192	0.02631	0.66676	0.01644	0.03398	0.02412	0.02083	0.01315	0.01535	0.01096	0.00877	0.00767	0.00219	0.01535	0.00548	0.00438	0.00987
32	0.01216	0.00912	0.01368	0.01368	0.01520	0.01064	0.01064	0.01520	0.01368	0.01976	0.02279	0.03343	0.02127	0.06382	0.66720	0.01368	0.02279	0.00912	0.00456	0.00760
33	0.02136	0.54335	0.19505	0.01694	0.02553	0.03025	0.01871	0.02584	0.01746	0.02172	0.01268	0.01471	0.01089	0.00748	0.00611	0.00204	0.00996	0.00498	0.00363	0.01133
34	0.01959	0.01681	0.06542	0.02109	0.02683	0.01423	0.22360	0.02494	0.02236	0.13615	0.28274	0.04072	0.04245	0.01209	0.00967	0.00274	0.00870	0.01181	0.00744	0.01061
35	0.01159	0.00797	0.00975	0.01069	0.01100	0.00776	0.00675	0.01241	0.01440	0.01917	0.03629	0.33048	0.04264	0.37982	0.02791	0.00599	0.00682	0.04606	0.00646	0.00604

[dist]
# distance from previous block
# <min> <max>
0	2

[block]
# block no. 6 follows, 21 sequences, length 42
# corresponding to MSA columns:
# 299-340
name=unknown_G
#
# <colnr> <probs for GDERKNQSTAVLIFYWHMCP>
#	G	D	E	R	K	N	Q	S	T	A	V	L	I	F	Y	W	H	M	C	P
0	0.01882	0.01793	0.03049	0.33483	0.38279	0.01963	0.02500	0.02415	0.01832	0.02508	0.01561	0.02179	0.01252	0.00800	0.00846	0.00267	0.01067	0.00757	0.00402	0.01167
1	0.02107	0.02008	0.03343	0.04969	0.60221	0.02029	0.02520	0.02751	0.06408	0.02837	0.01737	0.02184	0.01439	0.00787	0.00844	0.00255	0.00986	0.00773	0.00454	0.01348
2	0.02219	0.02216	0.09294	0.02878	0.18712	0.02090	0.07117	0.16174	0.16248	0.03437	0.02194	0.02445	0.01700	0.01482	0.07575	0.00380	0.01109	0.00830	0.00616	0.01283
3	0.01238	0.00825	0.00928	0.00928	0.00928	0.00825	0.00516	0.01238	0.01238	0.01650	0.02681	0.05569	0.03094	0.70092	0.04331	0.00825	0.00825	0.01238	0.00516	0.00516
4	0.02106	0.02022	0.03454	0.05223	0.64784	0.02022	0.02612	0.02612	0.01938	0.02780	0.01601	0.02106	0.01348	0.00758	0.00842	0.00253	0.01011	0.00758	0.00421	0.01348
5	0.02171	0.02171	0.03310	0.08660	0.55852	0.07692	0.02512	0.02655	0.01965	0.02683	0.01570	0.02066	0.01313	0.00774	0.00836	0.00252	0.01064	0.00740	0.00420	0.01293
6	0.02640	0.15194	0.02501	0.01830	0.02293	0.44017	0.01437	0.02868	0.02209	0.02106	0.02569	0.02668	0.12170	0.01074	0.00770	0.00225	0.01232	0.00750	0.00487	0.00958
7	0.01238	0.00825	0.00928	0.00928	0.00928	0.00825	0.00516	0.01238	0.01238	0.01650	0.02681	0.05569	0.03094	0.70092	0.04331	0.00825	0.00825	0.01238	0.00516	0.00516
8	0.01034	0.00753	0.00975	0.01152	0.01226	0.00694	0.00775	0.01189	0.01661	0.02185	0.05091	0.63284	0.11623	0.02614	0.01078	0.00340	0.00487	0.02356	0.00790	0.00694
9	0.02275	0.70604	0.04459	0.01456	0.02184	0.03367	0.01456	0.02548	0.01729	0.02002	0.01183	0.01365	0.01092	0.00728	0.00546	0.00182	0.00910	0.00455	0.00364	0.01092
10	0.02117	0.01828	0.01924	0.01732	0.02213	0.02117	0.01347	0.04522	0.63246	0.03560	0.03464	0.03175	0.02598	0.01155	0.00866	0.00289	0.00673	0.00962	0.00866	0.01347
11	0.02275	0.70604	0.04459	0.01456	0.02184	0.03367	0.01456	0.02548	0.01729	0.02002	0.01183	0.01365	0.01092	0.00728	0.00546	0.00182	0.00910	0.00455	0.00364	0.01092
12	0.01075	0.00865	0.00959	0.00935	0.01192	0.00748	0.00701	0.01356	0.02104	0.02689	0.28159	0.07547	0.44657	0.02010	0.01005	0.00280	0.00421	0.01706	0.00842	0.00748
13	0.01586	0.00793	0.00793	0.00793	0.00991	0.00793	0.00595	0.01983	0.01785	0.03173	0.02776	0.03173	0.02181	0.00991	0.00595	0.00198	0.00397	0.00793	0.74817	0.00793
14	0.01788	0.03839	0.49469	0.02736	0.03888	0.02023	0.18794	0.02703	0.01853	0.02703	0.01579	0.01930	0.01135	0.00784	0.00861	0.00274	0.01305	0.00729	0.00378	0.01228
15	0.03212	0.01441	0.01901	0.01572	0.02130	0.01335	0.01316	0.09621	0.02492	0.45139	0.03477	0.04301	0.02660	0.01339	0.00927	0.00291	0.00759	0.13815	0.00972	0.01300
16	0.03235	0.02384	0.02554	0.01958	0.02639	0.02639	0.01618	0.61946	0.04001	0.05363	0.02043	0.02043	0.01447	0.01022	0.00851	0.00255	0.00936	0.00766	0.00851	0.01447
17	0.01009	0.00851	0.00874	0.00893	0.01158	0.00716	0.00660	0.01218	0.01910	0.02287	0.08248	0.14005	0.58864	0.02204	0.01013	0.00293	0.00437	0.01855	0.00790	0.00716
18	0.01238	0.00825	0.00928	0.00928	0.00928	0.00825	0.00516	0.01238	0.01238	0.01650	0.02681	0.05569	0.03094	0.70092	0.04331	0.00825	0.00825	0.01238	0.00516	0.00516
19	0.01030	0.00823	0.00923	0.00983	0.01186	0.00716	0.00705	0.01237	0.01872	0.02339	0.11395	0.28169	0.41045	0.02292	0.01032	0.00305	0.00449	0.01982	0.00801	0.00716
20	0.02117	0.01828	0.01924	0.01732	0.02213	0.02117	0.01347	0.04522	0.63246	0.03560	0.03464	0.03175	0.02598	0.01155	0.00866	0.00289	0.00673	0.00962	0.00866	0.01347
21	0.01808	0.01553	0.02593	0.49466	0.15681	0.01811	0.02250	0.02296	0.01748	0.05708	0.01627	0.02294	0.01245	0.00970	0.00996	0.04695	0.01067	0.00761	0.00422	0.01009
22	0.02241	0.66595	0.08167	0.01515	0.02275	0.03283	0.01558	0.02557	0.01733	0.02044	0.01204	0.01391	0.01091	0.00733	0.00562	0.00187	0.00931	0.00466	0.00364	0.01102
23	0.02275	0.70604	0.04459	0.01456	0.02184	0.03367	0.01456	0.02548	0.01729	0.02002	0.01183	0.01365	0.01092	0.00728	0.00546	0.00182	0.00910	0.00455	0.00364	0.01092
24	0.01037	0.00741	0.00987	0.01185	0.01234	0.00691	0.00790	0.01185	0.01629	0.02172	0.04690	0.69537	0.05629	0.02666	0.01086	0.00346	0.00494	0.02419	0.00790	0.00691
25	0.02669	0.18786	0.03631	0.02327	0.03014	0.16743	0.17643	0.19278	0.02585	0.03147	0.01595	0.01839	0.01245	0.00839	0.00802	0.00239	0.01195	0.00709	0.00533	0.01182
26	0.01238	0.00825	0.00928	0.00928	0.00928	0.00825	0.00516	0.01238	0.01238	0.01650	0.02681	0.05569	0.03094	0.70092	0.04331	0.00825	0.00825	0.01238	0.00516	0.00516
27	0.01006	0.00862	0.00862	0.00862	0.01149	0.00718	0.00647	0.01221	0.01940	0.02299	0.08621	0.08190	0.64438	0.02155	0.01006	0.00287	0.00431	0.01796	0.00790	0.00718
28	0.03179	0.04056	0.02412	0.02192	0.02631	0.66676	0.01644	0.03398	0.02412	0.02083	0.01315	0.01535	0.01096	0.00877	0.00767	0.00219	0.01535	0.00548	0.00438	0.00987
29	0.01216	0.00912	0.01368	0.01368	0.01520	0.01064	0.01064	0.01520	0.01368	0.01976	0.02279	0.03343	0.02127	0.06382	0.66720	0.01368	0.02279	0.00912	0.00456	0.00760
30	0.01707	0.04402	0.65683	0.02426	0.03683	0.01976	0.03144	0.02695	0.01797	0.02695	0.01527	0.01797	0.01078	0.00809	0.00809	0.00270	0.01258	0.00629	0.00359	0.01258
31	0.01238	0.00825	0.00928	0.00928	0.00928	0.00825	0.00516	0.01238	0.01238	0.01650	0.02681	0.05569	0.03094	0.70092	0.04331	0.00825	0.00825	0.01238	0.00516	0.00516
32	0.22380	0.02890	0.04953	0.01762	0.02232	0.32668	0.01424	0.06463	0.02105	0.02884	0.01474	0.01720	0.01182	0.00900	0.00788	0.00241	0.04310	0.00576	0.08061	0.00988
33	0.01019	0.00810	0.00916	0.01001	0.01186	0.00707	0.00708	0.01206	0.01806	0.02244	0.06924	0.34676	0.39048	0.02376	0.01041	0.00313	0.00458	0.02065	0.00790	0.00707
34	0.39530	0.13485	0.02041	0.01330	0.01891	0.02205	0.01134	0.15702	0.02100	0.03786	0.01541	0.01713	0.01199	0.00852	0.00609	0.00241	0.00736	0.00562	0.08289	0.01054
35	0.06168	0.03441	0.16190	0.02088	0.02748	0.30706	0.01887	0.10866	0.12318	0.02959	0.01798	0.01916	0.01373	0.00921	0.00792	0.00248	0.01216	0.00657	0.00548	0.01160
36	0.20817	0.17922	0.08052	0.01974	0.06910	0.18037	0.01618	0.10486	0.02142	0.03024	0.01387	0.01589	0.01115	0.00827	0.00679	0.00233	0.01040	0.00556	0.00489	0.01103
37	0.01362	0.00962	0.01112	0.01116	0.01224	0.00961	0.00731	0.07526	0.01706	0.02256	0.03715	0.26619	0.08237	0.35591	0.02651	0.00568	0.00698	0.01621	0.00662	0.00685
38	0.06248	0.01155	0.01396	0.11817	0.02043	0.01228	0.01022	0.06446	0.01833	0.09525	0.02463	0.03467	0.02128	0.19933	0.01705	0.00399	0.00723	0.00894	0.24707	0.00868
39	0.01957	0.01673	0.01852	0.01682	0.02022	0.04726	0.01341	0.03236	0.30840	0.05940	0.07191	0.04227	0.09233	0.01455	0.01244	0.00308	0.12261	0.06943	0.00759	0.01110
40	0.02744	0.26150	0.03266	0.02290	0.10439	0.25935	0.01700	0.12996	0.02390	0.02704	0.01431	0.01637	0.01187	0.00836	0.00716	0.00217	0.01153	0.00581	0.00481	0.01147
41	0.02070	0.32797	0.03317	0.01805	0.02172	0.06691	0.01595	0.02308	0.01567	0.02023	0.01262	0.01751	0.01195	0.01546	0.07349	0.00366	0.28196	0.00618	0.00380	0.00991

[dist]
# distance from previous block
# <min> <max>
0	1

[block]
# block no. 7 follows, 21 sequences, length 28
# corresponding to MSA columns:
# 342-369
name=unknown_H
#
# <colnr> <probs for GDERKNQSTAVLIFYWHMCP>
#	G	D	E	R	K	N	Q	S	T	A	V	L	I	F	Y	W	H	M	C	P
0	0.01238	0.00825	0.00928	0.00928	0.00928	0.00825	0.00516	0.01238	0.01238	0.01650	0.02681	0.05569	0.03094	0.70092	0.04331	0.00825	0.00825	0.01238	0.00516	0.00516
1	0.02450	0.52565	0.07003	0.01657	0.02357	0.14640	0.01579	0.05190	0.01950	0.02191	0.01260	0.01445	0.01107	0.00771	0.00611	0.00196	0.01040	0.00493	0.00398	0.01096
2	0.01216	0.00912	0.01368	0.01368	0.01520	0.01064	0.01064	0.01520	0.01368	0.01976	0.02279	0.03343	0.02127	0.06382	0.66720	0.01368	0.02279	0.00912	0.00456	0.00760
3	0.01050	0.00810	0.00948	0.01048	0.01206	0.00724	0.00740	0.01231	0.01760	0.02218	0.06296	0.36340	0.31235	0.06059	0.01230	0.00348	0.00498	0.04786	0.00775	0.00698
4	0.02277	0.02371	0.03371	0.04635	0.51218	0.12632	0.05757	0.02747	0.02019	0.02663	0.01561	0.02023	0.01304	0.00775	0.00839	0.00249	0.01121	0.00738	0.00425	0.01278
5	0.01024	0.00863	0.00887	0.00881	0.01160	0.00726	0.00661	0.01256	0.01982	0.02399	0.13615	0.08026	0.59382	0.02118	0.01006	0.00286	0.00428	0.01773	0.00803	0.00726
6	0.03061	0.03882	0.02327	0.02120	0.02550	0.63089	0.01590	0.03280	0.02386	0.02095	0.01713	0.01897	0.04541	0.00946	0.00780	0.00223	0.01475	0.00616	0.00458	0.00972
7	0.01238	0.00825	0.00928	0.00928	0.00928	0.00825	0.00516	0.01238	0.01238	0.01650	0.02681	0.05569	0.03094	0.70092	0.04331	0.00825	0.00825	0.01238	0.00516	0.00516
8	0.01586	0.00793	0.00793	0.00793	0.00991	0.00793	0.00595	0.01983	0.01785	0.03173	0.02776	0.03173	0.02181	0.00991	0.00595	0.00198	0.00397	0.00793	0.74817	0.00793
9	0.01707	0.04402	0.65683	0.02426	0.03683	0.01976	0.03144	0.02695	0.01797	0.02695	0.01527	0.01797	0.01078	0.00809	0.00809	0.00270	0.01258	0.00629	0.00359	0.01258
10	0.01221	0.00890	0.01255	0.01255	0.01368	0.01003	0.00924	0.01447	0.01334	0.01892	0.02382	0.03913	0.02375	0.22679	0.50761	0.01229	0.01907	0.00995	0.00471	0.00697
11	0.76103	0.01646	0.01251	0.01119	0.01646	0.01909	0.00922	0.02502	0.01448	0.03818	0.01185	0.01382	0.00922	0.00790	0.00527	0.00263	0.00658	0.00461	0.00527	0.00922
12	0.01923	0.29581	0.42397	0.02057	0.03113	0.02505	0.02502	0.02639	0.01771	0.02432	0.01396	0.01633	0.01083	0.00778	0.00709	0.00236	0.01125	0.00563	0.00361	0.01195
13	0.02275	0.70604	0.04459	0.01456	0.02184	0.03367	0.01456	0.02548	0.01729	0.02002	0.01183	0.01365	0.01092	0.00728	0.00546	0.00182	0.00910	0.00455	0.00364	0.01092
14	0.01082	0.00760	0.00974	0.01127	0.01165	0.00722	0.00728	0.01197	0.01540	0.02054	0.04234	0.54993	0.05052	0.17996	0.01824	0.00455	0.00569	0.02151	0.00728	0.00651
15	0.01187	0.00804	0.00943	0.00993	0.01006	0.00791	0.00585	0.01224	0.01337	0.01783	0.03191	0.21793	0.03737	0.52991	0.03508	0.00703	0.00741	0.01537	0.00585	0.00560
16	0.01665	0.01592	0.02565	0.53084	0.05037	0.02053	0.02249	0.02146	0.01611	0.02146	0.01423	0.02176	0.01130	0.00996	0.01292	0.00304	0.16459	0.00754	0.00377	0.00942
17	0.02106	0.02022	0.03454	0.05223	0.64784	0.02022	0.02612	0.02612	0.01938	0.02780	0.01601	0.02106	0.01348	0.00758	0.00842	0.00253	0.01011	0.00758	0.00421	0.01348
18	0.01024	0.00863	0.00887	0.00881	0.01160	0.00726	0.00661	0.01256	0.01982	0.02399	0.13615	0.08026	0.59382	0.02118	0.01006	0.00286	0.00428	0.01773	0.00803	0.00726
19	0.01903	0.01761	0.02847	0.38227	0.26895	0.01990	0.02361	0.05675	0.05110	0.02638	0.01675	0.02245	0.01305	0.00842	0.00849	0.00271	0.01055	0.00768	0.00445	0.01139
20	0.17069	0.01649	0.01966	0.07867	0.10455	0.04873	0.01461	0.05792	0.04774	0.17112	0.09948	0.03377	0.02605	0.01142	0.00831	0.00275	0.00800	0.06168	0.00718	0.01118
21	0.01216	0.00912	0.01368	0.01368	0.01520	0.01064	0.01064	0.01520	0.01368	0.01976	0.02279	0.03343	0.02127	0.06382	0.66720	0.01368	0.02279	0.00912	0.00456	0.00760
22	0.01280	0.00938	0.01358	0.07238	0.01786	0.01072	0.01068	0.01578	0.01434	0.02080	0.02401	0.06262	0.02292	0.11876	0.45329	0.01061	0.01773	0.00984	0.07439	0.00751
23	0.01987	0.07341	0.39156	0.03036	0.17636	0.04964	0.05444	0.05695	0.01974	0.02785	0.01550	0.01868	0.01170	0.00802	0.00811	0.00259	0.01185	0.00669	0.00405	0.01262
24	0.01150	0.00859	0.01070	0.01156	0.01331	0.00795	0.00880	0.01414	0.01915	0.02496	0.16437	0.23688	0.21751	0.05666	0.01234	0.00351	0.00547	0.15727	0.00801	0.00732
25	0.12197	0.01018	0.01268	0.01211	0.01411	0.01075	0.03855	0.01688	0.01506	0.02465	0.02698	0.15221	0.02751	0.17395	0.16534	0.00640	0.01025	0.01167	0.14131	0.00744
26	0.01834	0.17976	0.02514	0.13904	0.05383	0.05298	0.01500	0.07394	0.01874	0.02396	0.02171	0.13263	0.02123	0.02389	0.15788	0.00509	0.01234	0.00983	0.00507	0.00961
27	0.08338	0.04937	0.01611	0.01444	0.01697	0.13457	0.01110	0.01979	0.01653	0.02257	0.02369	0.13578	0.02353	0.03685	0.31009	0.00767	0.01537	0.01022	0.04374	0.00823

[dist]
# distance from previous block
# <min> <max>
19	63

[block]
# block no. 8 follows, 21 sequences, length 53
# corresponding to MSA columns:
# 439-491
name=unknown_I
#
# <colnr> <probs for GDERKNQSTAVLIFYWHMCP>
#	G	D	E	R	K	N	Q	S	T	A	V	L	I	F	Y	W	H	M	C	P
0	0.02123	0.21928	0.07808	0.08684	0.17181	0.05393	0.04282	0.05474	0.01943	0.02585	0.01464	0.01802	0.01210	0.00756	0.00721	0.00214	0.00982	0.00616	0.00434	0.14399
1	0.04643	0.01275	0.04618	0.01562	0.04746	0.01149	0.01175	0.02306	0.06277	0.15190	0.09051	0.25919	0.03766	0.02478	0.11306	0.00467	0.00894	0.01439	0.00761	0.00980
2	0.01913	0.01297	0.01478	0.01325	0.01584	0.01373	0.00949	0.12587	0.11226	0.07913	0.02904	0.10054	0.02827	0.32354	0.05996	0.00584	0.00862	0.01172	0.00693	0.00910
3	0.13731	0.05337	0.01969	0.01645	0.01980	0.17446	0.03909	0.05077	0.01841	0.02565	0.01973	0.08558	0.01881	0.06863	0.10729	0.00462	0.06802	0.00869	0.05465	0.00898
4	0.02942	0.02267	0.02751	0.02100	0.02743	0.02488	0.08468	0.49121	0.03525	0.04784	0.01997	0.02120	0.01450	0.01009	0.00953	0.00262	0.04353	0.00794	0.04519	0.01354
5	0.02583	0.02239	0.02217	0.04960	0.02524	0.12165	0.01456	0.29345	0.02831	0.03718	0.01809	0.02058	0.01411	0.01509	0.08254	0.00348	0.01123	0.00688	0.00639	0.18123
6	0.02204	0.02309	0.02189	0.15060	0.07133	0.21052	0.01690	0.03166	0.19905	0.02636	0.02658	0.03331	0.04786	0.01155	0.00871	0.00275	0.01043	0.06861	0.00602	0.01075
7	0.01577	0.01026	0.01181	0.01078	0.01417	0.00924	0.00830	0.02013	0.06547	0.12593	0.20970	0.06549	0.36450	0.01809	0.00972	0.00279	0.00487	0.01525	0.00873	0.00899
8	0.01190	0.00961	0.01215	0.08663	0.01831	0.00922	0.01019	0.01522	0.02022	0.02583	0.19478	0.07385	0.32934	0.01953	0.01021	0.00303	0.00573	0.12874	0.00775	0.00776
9	0.03129	0.03694	0.02489	0.02321	0.05996	0.53548	0.01693	0.12159	0.02625	0.02614	0.01440	0.01642	0.01163	0.00892	0.00784	0.00226	0.01416	0.00592	0.00500	0.01075
10	0.01099	0.00889	0.00993	0.01034	0.01296	0.00782	0.00820	0.01365	0.01968	0.02413	0.10555	0.08417	0.47943	0.02178	0.01044	0.00310	0.00510	0.14848	0.00796	0.00738
11	0.01180	0.00890	0.00979	0.00942	0.01225	0.00763	0.00712	0.01446	0.02076	0.05390	0.21935	0.07507	0.47933	0.02005	0.00999	0.00281	0.00437	0.01691	0.00838	0.00772
12	0.01707	0.04402	0.65683	0.02426	0.03683	0.01976	0.03144	0.02695	0.01797	0.02695	0.01527	0.01797	0.01078	0.00809	0.00809	0.00270	0.01258	0.00629	0.00359	0.01258
13	0.42180	0.06859	0.01835	0.01407	0.01952	0.05626	0.01158	0.13423	0.08998	0.03814	0.01672	0.01788	0.01282	0.00882	0.00641	0.00254	0.00764	0.00591	0.03799	0.01074
14	0.03818	0.01448	0.01975	0.01514	0.02172	0.01251	0.01251	0.04147	0.02436	0.65373	0.03357	0.02897	0.02107	0.01053	0.00856	0.00263	0.00724	0.00856	0.01053	0.01448
15	0.01029	0.00772	0.00955	0.01102	0.01212	0.00698	0.00753	0.01194	0.01709	0.02205	0.05704	0.53714	0.20797	0.02534	0.01065	0.00331	0.00478	0.02259	0.00790	0.00698
