[name]
unknown

[dist]
# distance from previous block
# <min> <max>
0	36

[block]
# block no. 0 follows, 21 sequences, length 6
# corresponding to MSA columns:
# 36-41
name=unknown_A
#
# <colnr> <probs for GDERKNQSTAVLIFYWHMCP>
#	G	D	E	R	K	N	Q	S	T	A	V	L	I	F	Y	W	H	M	C	P
0	0.08861	0.06077	0.12043	0.01703	0.02183	0.19566	0.01542	0.02375	0.01922	0.02416	0.02826	0.04368	0.07653	0.08517	0.01225	0.00337	0.01037	0.13891	0.00546	0.00911
1	0.08827	0.02007	0.02361	0.02651	0.20068	0.06602	0.01668	0.16184	0.11664	0.06499	0.06919	0.02863	0.05881	0.01058	0.00837	0.00261	0.00858	0.00874	0.00684	0.01234
2	0.03112	0.02758	0.02456	0.01996	0.02595	0.18997	0.01598	0.41344	0.09371	0.04347	0.01995	0.02023	0.01469	0.00997	0.00831	0.00249	0.01064	0.00729	0.00747	0.01319
3	0.09837	0.05767	0.09056	0.02326	0.12369	0.01994	0.01793	0.13641	0.02262	0.13482	0.02219	0.03009	0.01834	0.01141	0.01041	0.00284	0.07953	0.08144	0.00646	0.01201
4	0.09543	0.03127	0.02535	0.02184	0.02633	0.38755	0.07830	0.03242	0.09913	0.02495	0.01598	0.01845	0.01294	0.00954	0.01002	0.00256	0.08603	0.00662	0.00493	0.01037
5	0.06275	0.01140	0.01266	0.01210	0.01492	0.01162	0.00920	0.07274	0.07246	0.07380	0.03929	0.16008	0.10785	0.08776	0.01236	0.00340	0.00609	0.06649	0.15408	0.00895

[dist]
# distance from previous block
# <min> <max>
0	1

[block]
# block no. 1 follows, 21 sequences, length 54
# corresponding to MSA columns:
# 43-96
name=unknown_B
#
# <colnr> <probs for GDERKNQSTAVLIFYWHMCP>
#	G	D	E	R	K	N	Q	S	T	A	V	L	I	F	Y	W	H	M	C	P
0	0.21626	0.02106	0.01800	0.01581	0.02017	0.15603	0.01251	0.16178	0.02245	0.03332	0.01764	0.02137	0.01440	0.02196	0.16304	0.00509	0.01277	0.00676	0.04948	0.01011
1	0.02509	0.24569	0.03119	0.01971	0.02374	0.27931	0.01648	0.02736	0.01873	0.02047	0.01216	0.01576	0.01101	0.01008	0.01286	0.00252	0.20812	0.00576	0.00396	0.01004
2	0.06381	0.02486	0.17655	0.03194	0.25216	0.01971	0.05472	0.07302	0.09882	0.03084	0.02264	0.02708	0.04318	0.00967	0.00849	0.00271	0.00988	0.03210	0.00534	0.01247
3	0.01864	0.01753	0.01561	0.04725	0.01778	0.16672	0.01084	0.02057	0.01677	0.02171	0.02192	0.06097	0.02172	0.23836	0.02196	0.00443	0.10060	0.00940	0.15952	0.00770
4	0.09616	0.02247	0.15251	0.05734	0.02362	0.07620	0.01546	0.11454	0.02003	0.02824	0.02252	0.11848	0.02217	0.17477	0.01655	0.00404	0.00957	0.01019	0.00558	0.00956
5	0.08490	0.06467	0.02520	0.02562	0.17041	0.22120	0.01673	0.03187	0.02136	0.18852	0.01949	0.02101	0.01461	0.01178	0.04358	0.00302	0.01137	0.00686	0.00598	0.01181
6	0.02739	0.02437	0.02102	0.01754	0.02269	0.19788	0.01386	0.28390	0.03022	0.07065	0.06909	0.03282	0.12713	0.01224	0.00865	0.00252	0.00969	0.00937	0.00743	0.01154
7	0.02209	0.02879	0.10801	0.02409	0.12580	0.27763	0.01784	0.02576	0.02071	0.02329	0.03105	0.03257	0.16109	0.01188	0.00967	0.00257	0.05297	0.00901	0.00504	0.01016
8	0.02901	0.12533	0.02632	0.01965	0.02503	0.41699	0.01550	0.10769	0.04972	0.02613	0.01496	0.01664	0.01216	0.00866	0.00741	0.00214	0.01262	0.00577	0.00505	0.07321
9	0.03030	0.02091	0.02296	0.01800	0.02424	0.02263	0.01473	0.44457	0.09133	0.12487	0.05043	0.02687	0.04602	0.01115	0.00866	0.00261	0.00843	0.00870	0.00879	0.01382
10	0.01254	0.00824	0.00922	0.00922	0.00931	0.00824	0.00519	0.01273	0.01264	0.01723	0.02686	0.05454	0.03050	0.66784	0.04153	0.00795	0.00805	0.01216	0.04073	0.00529
11	0.01657	0.01563	0.05336	0.02253	0.15199	0.01493	0.01475	0.02653	0.20300	0.02990	0.15249	0.19186	0.04036	0.01524	0.00937	0.00289	0.00681	0.01359	0.00740	0.01080
12	0.02949	0.20978	0.02932	0.02005	0.02517	0.50577	0.01596	0.03182	0.02238	0.02062	0.01282	0.01492	0.01095	0.00839	0.00711	0.00210	0.01376	0.00524	0.00420	0.01013
13	0.02765	0.01678	0.01979	0.01633	0.02133	0.01743	0.01304	0.29350	0.02888	0.20054	0.02967	0.16735	0.02561	0.01789	0.05923	0.00361	0.00889	0.01153	0.00861	0.01234
14	0.03077	0.01359	0.01786	0.01438	0.01979	0.01238	0.01162	0.03627	0.08417	0.45696	0.16743	0.03683	0.03454	0.01214	0.00889	0.00267	0.00648	0.01016	0.01009	0.01297
15	0.03178	0.02355	0.02522	0.01946	0.02617	0.02612	0.01604	0.58998	0.07043	0.05271	0.02116	0.02101	0.01506	0.01028	0.00852	0.00257	0.00923	0.00776	0.00852	0.01442
16	0.01147	0.00868	0.01058	0.01010	0.01236	0.00779	0.00758	0.01495	0.02273	0.03091	0.48226	0.06887	0.24340	0.01860	0.01004	0.00273	0.00410	0.01613	0.00894	0.00779
17	0.01021	0.00863	0.00883	0.00878	0.01159	0.00725	0.00658	0.01251	0.01975	0.02384	0.12867	0.08050	0.60139	0.02124	0.01006	0.00286	0.00429	0.01776	0.00801	0.00725
18	0.01478	0.00739	0.01109	0.01109	0.01109	0.00739	0.00739	0.01109	0.01109	0.01478	0.01478	0.02587	0.01478	0.02956	0.03326	0.75240	0.00739	0.00739	0.00370	0.00370
19	0.01033	0.00863	0.00899	0.00890	0.01166	0.00730	0.00668	0.01273	0.02003	0.02450	0.16154	0.07942	0.56812	0.02099	0.01006	0.00285	0.00427	0.01761	0.00810	0.00730
20	0.01707	0.04402	0.65683	0.02426	0.03683	0.01976	0.03144	0.02695	0.01797	0.02695	0.01527	0.01797	0.01078	0.00809	0.00809	0.00270	0.01258	0.00629	0.00359	0.01258
21	0.02081	0.01997	0.03409	0.08348	0.61853	0.02015	0.02599	0.02590	0.01926	0.02750	0.01596	0.02114	0.01337	0.00763	0.00843	0.00254	0.01017	0.00758	0.00419	0.01328
22	0.01707	0.04402	0.65683	0.02426	0.03683	0.01976	0.03144	0.02695	0.01797	0.02695	0.01527	0.01797	0.01078	0.00809	0.00809	0.00270	0.01258	0.00629	0.00359	0.01258
23	0.02106	0.02022	0.03454	0.05223	0.64784	0.02022	0.02612	0.02612	0.01938	0.02780	0.01601	0.02106	0.01348	0.00758	0.00842	0.00253	0.01011	0.00758	0.00421	0.01348
24	0.01037	0.00741	0.00987	0.01185	0.01234	0.00691	0.00790	0.01185	0.01629	0.02172	0.04690	0.69537	0.05629	0.02666	0.01086	0.00346	0.00494	0.02419	0.00790	0.00691
25	0.02275	0.70604	0.04459	0.01456	0.02184	0.03367	0.01456	0.02548	0.01729	0.02002	0.01183	0.01365	0.01092	0.00728	0.00546	0.00182	0.00910	0.00455	0.00364	0.01092
26	0.03235	0.02384	0.02554	0.01958	0.02639	0.02639	0.01618	0.61946	0.04001	0.05363	0.02043	0.02043	0.01447	0.01022	0.00851	0.00255	0.00936	0.00766	0.00851	0.01447
27	0.01143	0.01019	0.00984	0.00980	0.01247	0.04130	0.00727	0.01376	0.01995	0.02408	0.14418	0.12309	0.50133	0.02080	0.00999	0.00286	0.00489	0.01749	0.00789	0.00740
28	0.01048	0.00864	0.00921	0.00907	0.01175	0.00736	0.00680	0.01303	0.02040	0.02536	0.20484	0.07800	0.52428	0.02067	0.01005	0.00283	0.00425	0.01741	0.00821	0.00736
29	0.01762	0.01732	0.02248	0.01989	0.02059	0.06140	0.01625	0.01984	0.01390	0.02030	0.01455	0.02256	0.01399	0.02821	0.20563	0.00642	0.45841	0.00779	0.00400	0.00886
30	0.01006	0.00862	0.00862	0.00862	0.01149	0.00718	0.00647	0.01221	0.01940	0.02299	0.08621	0.08190	0.64438	0.02155	0.01006	0.00287	0.00431	0.01796	0.00790	0.00718
31	0.01765	0.01513	0.01765	0.01260	0.02017	0.01134	0.01008	0.02143	0.01765	0.02773	0.01513	0.01765	0.01260	0.00630	0.00630	0.00126	0.00630	0.00504	0.00504	0.75295
32	0.01053	0.00753	0.01002	0.01174	0.01238	0.00702	0.00791	0.01225	0.01703	0.02289	0.10318	0.63576	0.05855	0.02579	0.01078	0.00338	0.00485	0.02336	0.00804	0.00702
33	0.01216	0.00912	0.01368	0.01368	0.01520	0.01064	0.01064	0.01520	0.01368	0.01976	0.02279	0.03343	0.02127	0.06382	0.66720	0.01368	0.02279	0.00912	0.00456	0.00760
34	0.03026	0.02019	0.02243	0.01796	0.02413	0.02188	0.01459	0.32512	0.21339	0.17603	0.02747	0.02562	0.01931	0.01068	0.00857	0.00267	0.00813	0.00844	0.00899	0.01418
35	0.02433	0.59020	0.04103	0.01584	0.02262	0.14387	0.01489	0.02696	0.01848	0.02016	0.01206	0.01395	0.01093	0.00754	0.00585	0.00188	0.01019	0.00471	0.00377	0.01074
36	0.01045	0.00801	0.00958	0.01052	0.01207	0.00714	0.00738	0.01247	0.01835	0.02364	0.13081	0.39400	0.27760	0.02369	0.01047	0.00315	0.00460	0.02085	0.00807	0.00714
37	0.02676	0.01947	0.02099	0.01670	0.02160	0.02131	0.01309	0.44952	0.03228	0.04324	0.02222	0.03030	0.01908	0.20357	0.01826	0.00415	0.00905	0.00898	0.00757	0.01186
38	0.02046	0.02036	0.03661	0.09409	0.42158	0.02049	0.16480	0.02724	0.05731	0.02769	0.01738	0.02230	0.01396	0.00780	0.00883	0.00265	0.01100	0.00829	0.00448	0.01270
39	0.01216	0.00912	0.01368	0.01368	0.01520	0.01064	0.01064	0.01520	0.01368	0.01976	0.02279	0.03343	0.02127	0.06382	0.66720	0.01368	0.02279	0.00912	0.00456	0.00760
40	0.01185	0.00846	0.01015	0.00993	0.01121	0.00796	0.00671	0.01396	0.01862	0.02535	0.30818	0.08899	0.13225	0.28359	0.02299	0.00490	0.00573	0.01491	0.00749	0.00676
41	0.02273	0.17435	0.22710	0.02310	0.05799	0.02417	0.10176	0.17819	0.02382	0.03260	0.01669	0.01908	0.01264	0.00839	0.00782	0.00246	0.01077	0.00691	0.03702	0.01240
42	0.02489	0.54874	0.03975	0.01630	0.02290	0.18332	0.01501	0.02749	0.01890	0.02021	0.01214	0.01405	0.01093	0.00763	0.00598	0.00191	0.01058	0.00477	0.00382	0.01067
43	0.01084	0.00761	0.00973	0.01124	0.01162	0.00723	0.00725	0.01197	0.01537	0.02049	0.04216	0.54416	0.05029	0.18604	0.01853	0.00459	0.00572	0.02140	0.00725	0.00650
44	0.06183	0.02453	0.01942	0.01670	0.02147	0.23306	0.01305	0.21606	0.02737	0.03292	0.03702	0.03657	0.19910	0.01297	0.00853	0.00253	0.00972	0.00983	0.00680	0.01053
45	0.01939	0.02270	0.12599	0.18306	0.42951	0.01987	0.02638	0.02530	0.01866	0.02637	0.01571	0.02095	0.01262	0.00786	0.00839	0.00262	0.01075	0.00738	0.00403	0.01248
46	0.02460	0.06882	0.02757	0.02240	0.02516	0.30162	0.04832	0.02693	0.01841	0.02095	0.01237	0.01714	0.01116	0.01141	0.01698	0.00291	0.32289	0.00657	0.00403	0.00976
47	0.01813	0.01556	0.01787	0.01326	0.02044	0.01270	0.01055	0.02471	0.10252	0.02882	0.01782	0.01959	0.01445	0.00703	0.00663	0.00148	0.00636	0.00567	0.00554	0.65086
48	0.01571	0.01999	0.16773	0.02004	0.10537	0.01408	0.01647	0.05793	0.05471	0.02998	0.19530	0.07254	0.16693	0.01437	0.00923	0.00274	0.00744	0.01230	0.00684	0.01031
49	0.02252	0.02424	0.02817	0.03801	0.39100	0.19613	0.02080	0.02640	0.02068	0.02523	0.02471	0.02772	0.09809	0.00980	0.00844	0.00248	0.01076	0.00841	0.00476	0.01164
50	0.02032	0.02231	0.04651	0.03974	0.18710	0.02121	0.47728	0.02699	0.01992	0.02739	0.01693	0.02251	0.01305	0.00727	0.00966	0.00279	0.01335	0.00946	0.00428	0.01195
51	0.22324	0.03037	0.29038	0.02687	0.15729	0.05297	0.05081	0.02662	0.01772	0.02991	0.01447	0.01757	0.01102	0.00792	0.00745	0.00263	0.01064	0.00623	0.00425	0.01165
52	0.02396	0.02590	0.03028	0.04108	0.42525	0.21730	0.02252	0.02808	0.02084	0.02555	0.01664	0.02319	0.01455	0.00877	0.00837	0.00250	0.01159	0.03711	0.00445	0.01208
53	0.02065	0.17324	0.19780	0.07415	0.28503	0.05800	0.02437	0.02636	0.01868	0.02517	0.01472	0.01847	0.01196	0.00777	0.00767	0.00242	0.01090	0.00648	0.00391	0.01225

[dist]
# distance from previous block
# <min> <max>
1	16

[block]
# block no. 2 follows, 21 sequences, length 21
# corresponding to MSA columns:
# 113-133
name=unknown_C
#
# <colnr> <probs for GDERKNQSTAVLIFYWHMCP>
#	G	D	E	R	K	N	Q	S	T	A	V	L	I	F	Y	W	H	M	C	P
0	0.01191	0.00924	0.01112	0.01093	0.01356	0.00819	0.00850	0.01510	0.02086	0.02769	0.27461	0.10207	0.27326	0.01952	0.01009	0.00288	0.00493	0.10680	0.00822	0.06053
1	0.01026	0.00783	0.00943	0.01071	0.01204	0.00701	0.00740	0.01198	0.01739	0.02217	0.06073	0.47952	0.26321	0.02486	0.01058	0.00325	0.00472	0.02200	0.00790	0.00701
2	0.02963	0.02248	0.02401	0.01903	0.02535	0.02512	0.01552	0.47973	0.18417	0.04924	0.02389	0.02319	0.01727	0.01054	0.00855	0.00263	0.00872	0.00814	0.00855	0.01423
3	0.02048	0.01962	0.03348	0.12607	0.57858	0.02007	0.02583	0.02560	0.01910	0.02709	0.01590	0.02125	0.01323	0.00769	0.00843	0.00256	0.01026	0.00758	0.00416	0.01301
4	0.01053	0.00864	0.00927	0.00912	0.01178	0.00738	0.00684	0.01312	0.02051	0.02563	0.21822	0.07756	0.51073	0.02057	0.01005	0.00283	0.00424	0.01735	0.00825	0.00738
5	0.01227	0.00867	0.01139	0.01139	0.01212	0.00940	0.00779	0.01373	0.01300	0.01806	0.02488	0.04500	0.02630	0.39494	0.34295	0.01086	0.01524	0.01081	0.00487	0.00633
6	0.01051	0.00747	0.00983	0.01167	0.01213	0.00701	0.00770	0.01189	0.01601	0.02135	0.04548	0.64995	0.05449	0.07454	0.01317	0.00380	0.00517	0.02335	0.00770	0.00679
7	0.01037	0.00741	0.00987	0.01185	0.01234	0.00691	0.00790	0.01185	0.01629	0.02172	0.04690	0.69537	0.05629	0.02666	0.01086	0.00346	0.00494	0.02419	0.00790	0.00691
8	0.01238	0.00825	0.00928	0.00928	0.00928	0.00825	0.00516	0.01238	0.01238	0.01650	0.02681	0.05569	0.03094	0.70092	0.04331	0.00825	0.00825	0.01238	0.00516	0.00516
9	0.02275	0.70604	0.04459	0.01456	0.02184	0.03367	0.01456	0.02548	0.01729	0.02002	0.01183	0.01365	0.01092	0.00728	0.00546	0.00182	0.00910	0.00455	0.00364	0.01092
10	0.02275	0.70604	0.04459	0.01456	0.02184	0.03367	0.01456	0.02548	0.01729	0.02002	0.01183	0.01365	0.01092	0.00728	0.00546	0.00182	0.00910	0.00455	0.00364	0.01092
11	0.02847	0.23169	0.03072	0.02179	0.06587	0.44117	0.01653	0.03101	0.02183	0.02105	0.01296	0.01523	0.01112	0.00826	0.00708	0.00211	0.01320	0.00535	0.00416	0.01041
12	0.02963	0.02248	0.02401	0.01903	0.02535	0.02512	0.01552	0.47973	0.18417	0.04924	0.02389	0.02319	0.01727	0.01054	0.00855	0.00263	0.00872	0.00814	0.00855	0.01423
13	0.01460	0.00825	0.00947	0.00947	0.01114	0.00862	0.00701	0.01794	0.01627	0.02726	0.02646	0.03459	0.02262	0.09375	0.17068	0.00547	0.00899	0.00868	0.49119	0.00757
14	0.03179	0.04056	0.02412	0.02192	0.02631	0.66676	0.01644	0.03398	0.02412	0.02083	0.01315	0.01535	0.01096	0.00877	0.00767	0.00219	0.01535	0.00548	0.00438	0.00987
15	0.01006	0.00862	0.00862	0.00862	0.01149	0.00718	0.00647	0.01221	0.01940	0.02299	0.08621	0.08190	0.64438	0.02155	0.01006	0.00287	0.00431	0.01796	0.00790	0.00718
16	0.03818	0.01448	0.01975	0.01514	0.02172	0.01251	0.01251	0.04147	0.02436	0.65373	0.03357	0.02897	0.02107	0.01053	0.00856	0.00263	0.00724	0.00856	0.01053	0.01448
17	0.01123	0.00825	0.01052	0.01082	0.01243	0.00755	0.00779	0.01415	0.02087	0.02853	0.37131	0.27837	0.14459	0.02105	0.01032	0.00296	0.00436	0.01868	0.00869	0.00755
18	0.02275	0.70604	0.04459	0.01456	0.02184	0.03367	0.01456	0.02548	0.01729	0.02002	0.01183	0.01365	0.01092	0.00728	0.00546	0.00182	0.00910	0.00455	0.00364	0.01092
19	0.01006	0.00862	0.00862	0.00862	0.01149	0.00718	0.00647	0.01221	0.01940	0.02299	0.08621	0.08190	0.64438	0.02155	0.01006	0.00287	0.00431	0.01796	0.00790	0.00718
20	0.03235	0.02384	0.02554	0.01958	0.02639	0.02639	0.01618	0.61946	0.04001	0.05363	0.02043	0.02043	0.01447	0.01022	0.00851	0.00255	0.00936	0.00766	0.00851	0.01447

[dist]
# distance from previous block
# <min> <max>
0	31

[block]
# block no. 3 follows, 21 sequences, length 50
# corresponding to MSA columns:
# 165-214
name=unknown_D
#
# <colnr> <probs for GDERKNQSTAVLIFYWHMCP>
#	G	D	E	R	K	N	Q	S	T	A	V	L	I	F	Y	W	H	M	C	P
0	0.02459	0.01584	0.01901	0.01399	0.02121	0.01318	0.01135	0.08764	0.02170	0.19635	0.02056	0.02093	0.01504	0.00782	0.00713	0.00176	0.00686	0.00624	0.00685	0.48195
1	0.01059	0.00789	0.00992	0.01144	0.01261	0.00722	0.00808	0.01243	0.01729	0.02234	0.05570	0.50381	0.18958	0.02523	0.01076	0.00336	0.00505	0.07177	0.00789	0.00705
2	0.01469	0.00831	0.00975	0.00975	0.01159	0.00879	0.00743	0.01836	0.01652	0.02793	0.02619	0.03227	0.02164	0.02700	0.21554	0.00569	0.00993	0.00831	0.51247	0.00783
3	0.18138	0.03391	0.27177	0.02154	0.05830	0.19440	0.02101	0.02945	0.01942	0.07297	0.01533	0.01732	0.01137	0.00838	0.00742	0.00253	0.01154	0.00594	0.00470	0.01131
4	0.02188	0.05775	0.16006	0.01787	0.02420	0.01854	0.01728	0.20554	0.02445	0.07815	0.02580	0.03256	0.05081	0.02277	0.14905	0.00506	0.01237	0.05798	0.00640	0.01147
5	0.01862	0.14552	0.15461	0.16265	0.03561	0.04866	0.11805	0.02412	0.01834	0.02444	0.07837	0.02363	0.01840	0.00959	0.01034	0.00269	0.08357	0.00788	0.00439	0.01051
6	0.07978	0.06156	0.02197	0.01860	0.02321	0.32891	0.01465	0.10741	0.08982	0.02853	0.02360	0.03003	0.04997	0.01143	0.00819	0.00256	0.01130	0.07202	0.00598	0.01049
7	0.06896	0.11319	0.02578	0.02054	0.02530	0.56255	0.01586	0.03257	0.02285	0.02165	0.01294	0.01508	0.01087	0.00856	0.00730	0.00217	0.01419	0.00533	0.00435	0.00995
8	0.02026	0.01959	0.03223	0.08092	0.48160	0.02139	0.02438	0.02467	0.01789	0.02590	0.01493	0.02063	0.01287	0.00919	0.01259	0.00280	0.15413	0.00755	0.00408	0.01237
9	0.01006	0.00862	0.00862	0.00862	0.01149	0.00718	0.00647	0.01221	0.01940	0.02299	0.08621	0.08190	0.64438	0.02155	0.01006	0.00287	0.00431	0.01796	0.00790	0.00718
10	0.01765	0.01513	0.01765	0.01260	0.02017	0.01134	0.01008	0.02143	0.01765	0.02773	0.01513	0.01765	0.01260	0.00630	0.00630	0.00126	0.00630	0.00504	0.00504	0.75295
11	0.01037	0.00741	0.00987	0.01185	0.01234	0.00691	0.00790	0.01185	0.01629	0.02172	0.04690	0.69537	0.05629	0.02666	0.01086	0.00346	0.00494	0.02419	0.00790	0.00691
12	0.01037	0.00741	0.00987	0.01185	0.01234	0.00691	0.00790	0.01185	0.01629	0.02172	0.04690	0.69537	0.05629	0.02666	0.01086	0.00346	0.00494	0.02419	0.00790	0.00691
13	0.01006	0.00862	0.00862	0.00862	0.01149	0.00718	0.00647	0.01221	0.01940	0.02299	0.08621	0.08190	0.64438	0.02155	0.01006	0.00287	0.00431	0.01796	0.00790	0.00718
14	0.01216	0.00912	0.01368	0.01368	0.01520	0.01064	0.01064	0.01520	0.01368	0.01976	0.02279	0.03343	0.02127	0.06382	0.66720	0.01368	0.02279	0.00912	0.00456	0.00760
15	0.01849	0.18392	0.49406	0.02364	0.06530	0.02275	0.02757	0.02659	0.01790	0.02552	0.01458	0.01721	0.01095	0.00789	0.00754	0.00250	0.01171	0.00598	0.00364	0.01227
16	0.02048	0.01749	0.02553	0.50143	0.04988	0.02093	0.02161	0.18367	0.02325	0.03038	0.01656	0.02208	0.01219	0.00897	0.00851	0.00276	0.01081	0.00759	0.00506	0.01081
17	0.01235	0.00902	0.01321	0.01321	0.01468	0.01040	0.01017	0.01531	0.01383	0.02021	0.02321	0.03428	0.02171	0.08796	0.60802	0.01287	0.02125	0.00920	0.04159	0.00751
18	0.01272	0.00996	0.01498	0.04865	0.01784	0.01193	0.01176	0.01583	0.01381	0.01990	0.02175	0.03205	0.02020	0.05823	0.59745	0.01256	0.05918	0.00894	0.00447	0.00779
19	0.01238	0.00825	0.00928	0.00928	0.00928	0.00825	0.00516	0.01238	0.01238	0.01650	0.02681	0.05569	0.03094	0.70092	0.04331	0.00825	0.00825	0.01238	0.00516	0.00516
20	0.01478	0.00739	0.01109	0.01109	0.01109	0.00739	0.00739	0.01109	0.01109	0.01478	0.01478	0.02587	0.01478	0.02956	0.03326	0.75240	0.00739	0.00739	0.00370	0.00370
21	0.02863	0.02242	0.02568	0.02033	0.02529	0.02630	0.01684	0.45719	0.03270	0.04465	0.01792	0.01994	0.01358	0.01148	0.01377	0.00287	0.19250	0.00760	0.00722	0.01307
22	0.01037	0.00741	0.00987	0.01185	0.01234	0.00691	0.00790	0.01185	0.01629	0.02172	0.04690	0.69537	0.05629	0.02666	0.01086	0.00346	0.00494	0.02419	0.00790	0.00691
23	0.01902	0.01979	0.03261	0.02601	0.02834	0.02483	0.18071	0.02232	0.01494	0.02232	0.01281	0.01979	0.01164	0.01280	0.02308	0.00349	0.50357	0.00815	0.00388	0.00990
24	0.01225	0.00820	0.00932	0.00944	0.00947	0.00817	0.00533	0.01234	0.01262	0.01682	0.02806	0.09522	0.03251	0.65926	0.04131	0.00795	0.00805	0.01311	0.00533	0.00526
25	0.01037	0.00741	0.00987	0.01185	0.01234	0.00691	0.00790	0.01185	0.01629	0.02172	0.04690	0.69537	0.05629	0.02666	0.01086	0.00346	0.00494	0.02419	0.00790	0.00691
26	0.01238	0.00825	0.00928	0.00928	0.00928	0.00825	0.00516	0.01238	0.01238	0.01650	0.02681	0.05569	0.03094	0.70092	0.04331	0.00825	0.00825	0.01238	0.00516	0.00516
27	0.01707	0.04402	0.65683	0.02426	0.03683	0.01976	0.03144	0.02695	0.01797	0.02695	0.01527	0.01797	0.01078	0.00809	0.00809	0.00270	0.01258	0.00629	0.00359	0.01258
28	0.02106	0.02022	0.03454	0.05223	0.64784	0.02022	0.02612	0.02612	0.01938	0.02780	0.01601	0.02106	0.01348	0.00758	0.00842	0.00253	0.01011	0.00758	0.00421	0.01348
29	0.02694	0.01961	0.02114	0.01679	0.02176	0.02148	0.01319	0.45500	0.03252	0.04357	0.02216	0.02998	0.01893	0.19734	0.01794	0.00410	0.00906	0.00894	0.00760	0.01195
30	0.02173	0.02148	0.03390	0.05036	0.60943	0.06017	0.02552	0.02660	0.01967	0.02737	0.01583	0.02071	0.01332	0.00766	0.00838	0.00251	0.01043	0.00745	0.00422	0.01326
31	0.01048	0.00864	0.00921	0.00907	0.01175	0.00736	0.00680	0.01303	0.02040	0.02536	0.20499	0.07799	0.52412	0.02067	0.01005	0.00283	0.00425	0.01741	0.00821	0.00736
32	0.02106	0.02022	0.03454	0.05223	0.64784	0.02022	0.02612	0.02612	0.01938	0.02780	0.01601	0.02106	0.01348	0.00758	0.00842	0.00253	0.01011	0.00758	0.00421	0.01348
33	0.01631	0.01527	0.02523	0.64926	0.05690	0.01901	0.02316	0.02285	0.04598	0.02240	0.01604	0.02312	0.01203	0.00865	0.00852	0.00284	0.01113	0.00766	0.00401	0.00964
34	0.02009	0.02296	0.05022	0.03587	0.04448	0.02152	0.61693	0.02726	0.02009	0.02726	0.01722	0.02296	0.01291	0.00717	0.01004	0.00287	0.01435	0.01004	0.00430	0.01148
35	0.02000	0.01913	0.03262	0.18617	0.52222	0.01994	0.02559	0.02518	0.01887	0.02651	0.01582	0.02141	0.01302	0.00778	0.00844	0.00259	0.01037	0.00758	0.00412	0.01262
36	0.01052	0.00763	0.00994	0.01150	0.01232	0.00705	0.00781	0.01230	0.01731	0.02308	0.11048	0.58675	0.10118	0.02535	0.01072	0.00333	0.00480	0.02285	0.00805	0.00705
37	0.02498	0.02951	0.02013	0.01824	0.02201	0.41064	0.01388	0.05562	0.02281	0.02299	0.03316	0.03386	0.18275	0.01275	0.00982	0.00251	0.06043	0.00911	0.00549	0.00932
38	0.01033	0.00813	0.00933	0.01009	0.01193	0.00713	0.00716	0.01234	0.01847	0.02328	0.11039	0.33087	0.36372	0.02334	0.01038	0.00310	0.00454	0.02032	0.00801	0.00713
39	0.02667	0.02765	0.02076	0.01815	0.02234	0.33155	0.01403	0.13786	0.02452	0.02911	0.01758	0.02041	0.01416	0.01231	0.04303	0.00286	0.04669	0.00659	0.13613	0.04761
40	0.02483	0.01972	0.02141	0.01698	0.02336	0.02066	0.01367	0.27607	0.22108	0.04092	0.02348	0.02325	0.01760	0.00958	0.00796	0.00231	0.00770	0.00757	0.00762	0.21422
41	0.01933	0.37083	0.03365	0.02069	0.12505	0.02384	0.04135	0.02206	0.01683	0.02123	0.01888	0.09169	0.01944	0.12674	0.01312	0.00324	0.00894	0.00863	0.00446	0.00999
42	0.01362	0.01874	0.18563	0.01450	0.01895	0.01208	0.01385	0.01918	0.07250	0.02332	0.03901	0.18422	0.13713	0.18843	0.01791	0.00430	0.00789	0.01397	0.00611	0.00865
43	0.12106	0.03667	0.07911	0.02063	0.02603	0.48251	0.01686	0.07451	0.02352	0.02590	0.01371	0.01576	0.01098	0.00870	0.00747	0.00232	0.01358	0.00560	0.00472	0.01036
44	0.20949	0.01019	0.01023	0.01063	0.01311	0.01025	0.00778	0.01542	0.01658	0.02620	0.04866	0.29364	0.22735	0.02020	0.01005	0.03412	0.00528	0.01634	0.00703	0.00748
45	0.02046	0.02027	0.03248	0.23387	0.20799	0.05382	0.14895	0.05734	0.08647	0.02762	0.01809	0.02279	0.01398	0.00840	0.00879	0.00272	0.01126	0.00822	0.00481	0.01168
46	0.01813	0.34994	0.09360	0.01464	0.02012	0.02246	0.01422	0.02181	0.01625	0.02174	0.01719	0.02212	0.01524	0.02572	0.21769	0.00572	0.01336	0.00651	0.07379	0.00975
47	0.17058	0.01259	0.01377	0.04650	0.01755	0.01314	0.03749	0.08035	0.01989	0.03220	0.03839	0.03957	0.18615	0.01248	0.00751	0.00250	0.00603	0.01001	0.24439	0.00891
48	0.01006	0.00862	0.00862	0.00862	0.01149	0.00718	0.00647	0.01221	0.01940	0.02299	0.08621	0.08190	0.64438	0.02155	0.01006	0.00287	0.00431	0.01796	0.00790	0.00718
49	0.02886	0.03547	0.07180	0.02729	0.13845	0.43950	0.01923	0.09122	0.02443	0.02583	0.01455	0.01707	0.01175	0.00865	0.00792	0.00233	0.01360	0.00614	0.00471	0.01117

[dist]
# distance from previous block
# <min> <max>
5	12

[block]
# block no. 4 follows, 21 sequences, length 23
# corresponding to MSA columns:
# 227-249
name=unknown_E
#
# <colnr> <probs for GDERKNQSTAVLIFYWHMCP>
#	G	D	E	R	K	N	Q	S	T	A	V	L	I	F	Y	W	H	M	C	P
0	0.02232	0.65590	0.09096	0.01530	0.02298	0.03262	0.01584	0.02559	0.01734	0.02055	0.01209	0.01398	0.01091	0.00734	0.00566	0.00189	0.00936	0.00468	0.00364	0.01105
1	0.01855	0.35655	0.19154	0.01678	0.02390	0.02414	0.01781	0.02317	0.01652	0.02171	0.01556	0.01991	0.01359	0.02224	0.17882	0.00514	0.01355	0.00618	0.00387	0.01047
2	0.01162	0.00837	0.01100	0.01100	0.01262	0.00775	0.00800	0.01499	0.02212	0.03099	0.49233	0.22353	0.07422	0.01974	0.01025	0.00287	0.00425	0.01762	0.00900	0.00775
3	0.01498	0.15999	0.02283	0.01539	0.01863	0.01634	0.05297	0.01823	0.01489	0.02033	0.02005	0.02846	0.01848	0.04778	0.47987	0.01039	0.01927	0.00820	0.00434	0.00858
4	0.01344	0.00971	0.01333	0.01514	0.01717	0.00960	0.01316	0.01722	0.01958	0.02528	0.04818	0.09493	0.09407	0.02336	0.01163	0.00384	0.00757	0.54719	0.00784	0.00779
5	0.01216	0.00912	0.01368	0.01368	0.01520	0.01064	0.01064	0.01520	0.01368	0.01976	0.02279	0.03343	0.02127	0.06382	0.66720	0.01368	0.02279	0.00912	0.00456	0.00760
6	0.02117	0.01828	0.01924	0.01732	0.02213	0.02117	0.01347	0.04522	0.63246	0.03560	0.03464	0.03175	0.02598	0.01155	0.00866	0.00289	0.00673	0.00962	0.00866	0.01347
7	0.03235	0.02384	0.02554	0.01958	0.02639	0.02639	0.01618	0.61946	0.04001	0.05363	0.02043	0.02043	0.01447	0.01022	0.00851	0.00255	0.00936	0.00766	0.00851	0.01447
8	0.01006	0.00862	0.00862	0.00862	0.01149	0.00718	0.00647	0.01221	0.01940	0.02299	0.08621	0.08190	0.64438	0.02155	0.01006	0.00287	0.00431	0.01796	0.00790	0.00718
9	0.01216	0.00912	0.01368	0.01368	0.01520	0.01064	0.01064	0.01520	0.01368	0.01976	0.02279	0.03343	0.02127	0.06382	0.66720	0.01368	0.02279	0.00912	0.00456	0.00760
10	0.03189	0.03765	0.02436	0.02152	0.02632	0.55520	0.01640	0.13597	0.02689	0.02654	0.01442	0.01623	0.01157	0.00902	0.00782	0.00226	0.01430	0.00586	0.00510	0.01067
11	0.02423	0.01600	0.01687	0.01384	0.01828	0.01730	0.01114	0.32417	0.02910	0.04285	0.02404	0.02599	0.01809	0.01007	0.00725	0.00227	0.00671	0.00779	0.37276	0.01125
12	0.03676	0.01453	0.01960	0.01497	0.02162	0.01243	0.01234	0.04009	0.02389	0.61038	0.03230	0.02818	0.02048	0.01024	0.00840	0.00254	0.00718	0.00831	0.01015	0.06562
13	0.01728	0.01732	0.01640	0.01583	0.01810	0.18187	0.01215	0.02010	0.01640	0.02004	0.02028	0.02871	0.01858	0.04946	0.49508	0.01068	0.02085	0.00817	0.00451	0.00819
14	0.03117	0.03836	0.02483	0.02363	0.06410	0.59065	0.01702	0.06716	0.02474	0.02314	0.01375	0.01599	0.01132	0.00878	0.00777	0.00223	0.01468	0.00573	0.00461	0.01035
15	0.02237	0.02401	0.02913	0.23153	0.31006	0.18856	0.02285	0.02687	0.01991	0.02418	0.01500	0.02006	0.01219	0.00817	0.00825	0.00253	0.01184	0.00703	0.00413	0.01134
16	0.02033	0.02193	0.01948	0.01751	0.02011	0.25439	0.05322	0.02249	0.01761	0.01985	0.01934	0.03113	0.01893	0.20352	0.18508	0.00680	0.04693	0.00861	0.00459	0.00815
17	0.05188	0.21035	0.47296	0.02122	0.03212	0.02325	0.02617	0.02649	0.01764	0.02570	0.01425	0.01669	0.01075	0.00787	0.00729	0.00247	0.01143	0.00577	0.00368	0.01201
18	0.02288	0.23667	0.11978	0.19178	0.03486	0.18786	0.01984	0.05077	0.01996	0.02300	0.01386	0.01732	0.01116	0.00821	0.00731	0.00233	0.01177	0.00594	0.00406	0.01065
19	0.01980	0.03005	0.26112	0.02365	0.03104	0.06570	0.10618	0.03102	0.17344	0.02768	0.01962	0.02209	0.01501	0.01002	0.01180	0.00291	0.12412	0.00780	0.00505	0.01192
20	0.02466	0.02475	0.02976	0.07402	0.36330	0.16147	0.02187	0.10962	0.05461	0.02988	0.01690	0.02037	0.01359	0.00845	0.00829	0.00249	0.01104	0.00724	0.00504	0.01261
21	0.07059	0.10322	0.02730	0.02744	0.18644	0.31441	0.01765	0.03020	0.06296	0.02473	0.01859	0.02082	0.04243	0.00904	0.00766	0.00235	0.01166	0.00675	0.00477	0.01100
22	0.11761	0.04840	0.01979	0.04619	0.02222	0.19327	0.01309	0.15509	0.02546	0.03343	0.16259	0.03227	0.07298	0.01179	0.00821	0.00250	0.00913	0.00905	0.00673	0.01021

[dist]
# distance from previous block
# <min> <max>
13	19

[block]
# block no. 5 follows, 21 sequences, length 17
# corresponding to MSA columns:
# 274-290
name=unknown_F
#
# <colnr> <probs for GDERKNQSTAVLIFYWHMCP>
#	G	D	E	R	K	N	Q	S	T	A	V	L	I	F	Y	W	H	M	C	P
0	0.02411	0.02406	0.01923	0.01679	0.02138	0.22908	0.01302	0.17567	0.10171	0.03152	0.03950	0.03857	0.20334	0.01330	0.00872	0.00257	0.00948	0.01027	0.00700	0.01066
1	0.02059	0.01927	0.03014	0.10615	0.44587	0.02031	0.02296	0.03008	0.16010	0.02900	0.02020	0.02368	0.01614	0.00858	0.00849	0.00264	0.00946	0.00805	0.00519	0.01308
2	0.02245	0.03309	0.23511	0.03550	0.29247	0.18221	0.02543	0.02836	0.02011	0.02578	0.01505	0.01862	0.01197	0.00804	0.00813	0.00250	0.01223	0.00663	0.00405	0.01228
3	0.19937	0.01040	0.01214	0.01246	0.01458	0.01154	0.00939	0.01657	0.01473	0.02502	0.02792	0.24465	0.02968	0.03767	0.28690	0.00757	0.01290	0.01291	0.00583	0.00778
4	0.02478	0.02208	0.01805	0.01601	0.02018	0.20250	0.01236	0.10504	0.17317	0.06074	0.02462	0.02552	0.01878	0.01005	0.00754	0.00236	0.00872	0.00764	0.22891	0.01095
5	0.01462	0.01229	0.01439	0.06516	0.01979	0.01221	0.01120	0.02243	0.15443	0.02674	0.05256	0.06096	0.26570	0.01681	0.00949	0.00288	0.00632	0.12380	0.00738	0.10084
6	0.01540	0.01298	0.01370	0.01362	0.01546	0.09090	0.01016	0.03894	0.01691	0.02285	0.02730	0.16829	0.02749	0.06885	0.31687	0.00806	0.01472	0.01173	0.09786	0.00792
7	0.02706	0.08314	0.02874	0.07844	0.19702	0.34505	0.01944	0.07531	0.02300	0.02525	0.01453	0.01770	0.01194	0.00842	0.00783	0.00233	0.01269	0.00630	0.00455	0.01125
8	0.02762	0.16426	0.03042	0.02736	0.16612	0.39837	0.01827	0.03056	0.02173	0.02225	0.01354	0.01631	0.01152	0.00821	0.00742	0.00220	0.01296	0.00578	0.00420	0.01089
9	0.02657	0.42473	0.03594	0.01767	0.02373	0.30129	0.01536	0.02908	0.02018	0.02036	0.01239	0.01437	0.01094	0.00791	0.00640	0.00198	0.01174	0.00494	0.00396	0.01047
10	0.01824	0.01534	0.02424	0.01945	0.02346	0.01599	0.16257	0.13859	0.02027	0.02770	0.02182	0.03315	0.01997	0.18063	0.23171	0.00753	0.01475	0.00978	0.00542	0.00940
11	0.01948	0.01505	0.01577	0.01325	0.01779	0.01530	0.01057	0.26891	0.02811	0.03594	0.05840	0.05592	0.37811	0.01676	0.00940	0.00274	0.00645	0.01361	0.00816	0.01027
12	0.01974	0.01821	0.02677	0.03640	0.38203	0.01890	0.01991	0.03012	0.20294	0.02954	0.03024	0.03176	0.09502	0.01049	0.00870	0.00268	0.00838	0.00947	0.00600	0.01270
13	0.01489	0.01313	0.01891	0.01734	0.01822	0.01716	0.01401	0.01743	0.01340	0.02006	0.01788	0.02717	0.01700	0.04314	0.39697	0.00947	0.30286	0.00841	0.00421	0.00832
14	0.01397	0.01025	0.01261	0.01300	0.01485	0.00998	0.00922	0.09924	0.01977	0.02666	0.04110	0.55572	0.04753	0.02301	0.01024	0.00319	0.00566	0.02061	0.00780	0.05560
15	0.02107	0.01590	0.01942	0.01668	0.02035	0.01820	0.01345	0.27094	0.02477	0.03412	0.02112	0.02707	0.01781	0.03830	0.35136	0.00839	0.05588	0.00840	0.00618	0.01060
16	0.01037	0.00741	0.00987	0.01185	0.01234	0.00691	0.00790	0.01185	0.01629	0.02172	0.04690	0.69537	0.05629	0.02666	0.01086	0.00346	0.00494	0.02419	0.00790	0.00691

[dist]
# distance from previous block
# <min> <max>
0	1

[block]
# block no. 6 follows, 21 sequences, length 6
# corresponding to MSA columns:
# 292-297
name=unknown_G
#
# <colnr> <probs for GDERKNQSTAVLIFYWHMCP>
#	G	D	E	R	K	N	Q	S	T	A	V	L	I	F	Y	W	H	M	C	P
0	0.03186	0.03852	0.02429	0.02164	0.02632	0.58867	0.01641	0.10538	0.02605	0.02483	0.01404	0.01597	0.01139	0.00895	0.00778	0.00224	0.01462	0.00575	0.00489	0.01043
1	0.18506	0.32902	0.02753	0.01352	0.01851	0.02305	0.01211	0.02210	0.01551	0.02401	0.01533	0.02000	0.01384	0.02545	0.21646	0.00578	0.01290	0.00602	0.00430	0.00948
2	0.01865	0.02036	0.01530	0.01550	0.01769	0.26286	0.01110	0.02046	0.01958	0.02148	0.03698	0.38216	0.08611	0.01931	0.00956	0.00292	0.00892	0.01643	0.00654	0.00808
3	0.01712	0.01567	0.02458	0.03541	0.40071	0.01531	0.01831	0.02075	0.01840	0.02503	0.03490	0.04098	0.17213	0.10830	0.01372	0.00342	0.00841	0.01082	0.00526	0.01075
4	0.02728	0.03200	0.02850	0.03468	0.28782	0.39473	0.02051	0.03067	0.02212	0.02376	0.01435	0.01775	0.01202	0.00827	0.00799	0.00233	0.01314	0.00637	0.00431	0.01139
5	0.02574	0.12638	0.02560	0.02209	0.09268	0.39707	0.01562	0.02832	0.02185	0.02185	0.02532	0.02671	0.11558	0.01053	0.00784	0.00229	0.01207	0.00764	0.00484	0.00998

[dist]
# distance from previous block
# <min> <max>
0	46

[block]
# block no. 7 follows, 21 sequences, length 24
# corresponding to MSA columns:
# 344-367
name=unknown_H
#
# <colnr> <probs for GDERKNQSTAVLIFYWHMCP>
#	G	D	E	R	K	N	Q	S	T	A	V	L	I	F	Y	W	H	M	C	P
0	0.02178	0.02184	0.01758	0.01638	0.01964	0.23309	0.01222	0.13440	0.02396	0.02800	0.05456	0.26159	0.08682	0.01674	0.00924	0.00278	0.00920	0.01390	0.00688	0.00940
1	0.01643	0.01589	0.01531	0.01528	0.01766	0.14956	0.01206	0.01938	0.01787	0.02162	0.03305	0.04903	0.09789	0.03830	0.30582	0.00782	0.01576	0.13754	0.00563	0.00808
2	0.02566	0.05264	0.02669	0.02686	0.19435	0.02172	0.01748	0.23934	0.12092	0.07107	0.02107	0.02215	0.01593	0.00912	0.00811	0.00241	0.00868	0.00753	0.00683	0.10145
3	0.02620	0.03192	0.02177	0.02185	0.07956	0.46785	0.01520	0.02864	0.02268	0.02192	0.02895	0.03002	0.14587	0.01138	0.00825	0.00237	0.01252	0.00833	0.00512	0.00962
4	0.02770	0.03280	0.02809	0.03349	0.26338	0.42014	0.02013	0.03098	0.02231	0.02349	0.01424	0.01753	0.01192	0.00832	0.00796	0.00232	0.01335	0.00628	0.00432	0.01124
5	0.05479	0.10909	0.56321	0.02263	0.03431	0.02113	0.02864	0.02671	0.01773	0.02682	0.01476	0.01733	0.01072	0.00800	0.00768	0.00260	0.01193	0.00603	0.00368	0.01224
6	0.01415	0.01108	0.01261	0.01060	0.01506	0.00896	0.00821	0.01722	0.01982	0.05337	0.15472	0.05487	0.30895	0.01524	0.00872	0.00229	0.00506	0.01277	0.00730	0.25903
7	0.02468	0.02708	0.03103	0.04202	0.43832	0.23817	0.02286	0.02877	0.02097	0.02545	0.01505	0.01914	0.01263	0.00798	0.00817	0.00241	0.01188	0.00687	0.00427	0.01226
8	0.01478	0.00739	0.01109	0.01109	0.01109	0.00739	0.00739	0.01109	0.01109	0.01478	0.01478	0.02587	0.01478	0.02956	0.03326	0.75240	0.00739	0.00739	0.00370	0.00370
9	0.01342	0.00916	0.01282	0.05311	0.01641	0.01040	0.01014	0.01688	0.01503	0.02318	0.02369	0.03230	0.02081	0.04557	0.44445	0.00979	0.01690	0.00870	0.20943	0.00780
10	0.01791	0.01508	0.02300	0.45550	0.04575	0.01643	0.01922	0.02292	0.01766	0.06372	0.01630	0.02171	0.01231	0.00803	0.00791	0.00239	0.00970	0.00694	0.00456	0.21294
11	0.01035	0.00748	0.00980	0.01167	0.01229	0.00693	0.00782	0.01187	0.01647	0.02180	0.04915	0.66037	0.08984	0.02637	0.01082	0.00342	0.00490	0.02384	0.00790	0.00693
12	0.02157	0.02095	0.03241	0.04707	0.55167	0.05019	0.02431	0.02854	0.08569	0.02832	0.01788	0.02195	0.01471	0.00806	0.00842	0.00255	0.00999	0.00771	0.00470	0.01331
13	0.01043	0.00868	0.00914	0.00916	0.01190	0.00739	0.00696	0.01287	0.01991	0.02430	0.14445	0.08055	0.55717	0.02119	0.01013	0.00290	0.00443	0.04307	0.00806	0.00730
14	0.02468	0.02708	0.03103	0.04202	0.43832	0.23817	0.02286	0.02877	0.02097	0.02545	0.01505	0.01914	0.01263	0.00798	0.00817	0.00241	0.01188	0.00687	0.00427	0.01226
15	0.01006	0.00862	0.00862	0.00862	0.01149	0.00718	0.00647	0.01221	0.01940	0.02299	0.08621	0.08190	0.64438	0.02155	0.01006	0.00287	0.00431	0.01796	0.00790	0.00718
16	0.01758	0.10356	0.60176	0.02338	0.03548	0.02101	0.02992	0.02682	0.01791	0.02633	0.01496	0.01758	0.01079	0.00801	0.00785	0.00262	0.01226	0.00613	0.00360	0.01243
17	0.02814	0.03488	0.15916	0.05101	0.03001	0.29811	0.01987	0.21684	0.02751	0.03253	0.01599	0.01784	0.01205	0.00907	0.00806	0.00244	0.01269	0.00643	0.00549	0.01188
18	0.01759	0.01049	0.01312	0.01202	0.01530	0.00964	0.00949	0.02208	0.05495	0.15709	0.29435	0.06252	0.19129	0.01730	0.00985	0.00286	0.00530	0.07628	0.00907	0.00942
19	0.24081	0.02867	0.25945	0.02426	0.03331	0.02015	0.22215	0.02648	0.01764	0.03042	0.01490	0.01841	0.01103	0.00772	0.00790	0.00274	0.01138	0.00705	0.00433	0.01120
20	0.02106	0.02022	0.03454	0.05223	0.64784	0.02022	0.02612	0.02612	0.01938	0.02780	0.01601	0.02106	0.01348	0.00758	0.00842	0.00253	0.01011	0.00758	0.00421	0.01348
21	0.02096	0.02051	0.03623	0.05047	0.58279	0.02036	0.08981	0.02624	0.01945	0.02774	0.01614	0.02127	0.01342	0.00754	0.00860	0.00256	0.01057	0.00785	0.00422	0.01326
22	0.02120	0.02242	0.02581	0.18174	0.25321	0.18413	0.01985	0.02498	0.01930	0.02317	0.01965	0.02666	0.04493	0.08352	0.01209	0.00315	0.01126	0.00806	0.00444	0.01042
23	0.01969	0.01854	0.02739	0.03891	0.43472	0.05441	0.02013	0.02437	0.04866	0.02520	0.01925	0.02921	0.01796	0.16683	0.01639	0.00384	0.00981	0.00866	0.00466	0.01136

[dist]
# distance from previous block
# <min> <max>
5	108

[block]
# block no. 8 follows, 21 sequences, length 15
# corresponding to MSA columns:
# 481-495
name=unknown_I
#
# <colnr> <probs for GDERKNQSTAVLIFYWHMCP>
#	G	D	E	R	K	N	Q	S	T	A	V	L	I	F	Y	W	H	M	C	P
0	0.03096	0.10405	0.02628	0.02095	0.02588	0.53642	0.01623	0.09554	0.02514	0.02424	0.01380	0.01572	0.01133	0.00878	0.00755	0.00219	0.01410	0.00562	0.00475	0.01046
1	0.02590	0.02018	0.03118	0.03587	0.32141	0.05154	0.09890	0.06127	0.02187	0.17565	0.02033	0.02265	0.01506	0.00835	0.00852	0.00251	0.01001	0.00789	0.00599	0.05493
2	0.02940	0.06583	0.02711	0.02712	0.14304	0.47027	0.01816	0.07420	0.02406	0.02446	0.01415	0.01671	0.01169	0.00858	0.00777	0.00226	0.01365	0.00599	0.00462	0.01092
3	0.01657	0.01111	0.01603	0.01949	0.13322	0.01039	0.01189	0.01939	0.01936	0.11527	0.12404	0.33527	0.09565	0.01907	0.00989	0.00301	0.00606	0.01710	0.00778	0.00941
4	0.01910	0.01437	0.01666	0.01468	0.01805	0.04706	0.03903	0.15832	0.02376	0.03358	0.11517	0.08557	0.03190	0.02043	0.09862	0.00411	0.00922	0.05159	0.18919	0.00960
5	0.02446	0.09352	0.02484	0.01889	0.02318	0.23566	0.03639	0.13687	0.02363	0.02749	0.02760	0.02913	0.12775	0.01217	0.01141	0.00262	0.11990	0.00857	0.00562	0.01031
6	0.10224	0.02490	0.02014	0.01977	0.07260	0.26163	0.01411	0.07928	0.04992	0.02734	0.03187	0.03267	0.16049	0.01223	0.00947	0.00259	0.05394	0.00900	0.00581	0.01001
7	0.01575	0.01209	0.01310	0.01174	0.01505	0.01186	0.00896	0.15510	0.02418	0.03119	0.14229	0.10283	0.33517	0.06748	0.01214	0.00320	0.00578	0.01519	0.00805	0.00885
8	0.02927	0.02982	0.03080	0.02427	0.03060	0.26246	0.15711	0.26375	0.02945	0.03530	0.01698	0.01914	0.01281	0.00897	0.00856	0.00249	0.01275	0.00741	0.00600	0.01206
9	0.02329	0.02845	0.11559	0.02790	0.11602	0.17557	0.08445	0.08109	0.02045	0.02625	0.01438	0.01873	0.01188	0.01023	0.01399	0.00285	0.20614	0.00714	0.00443	0.01118
10	0.01276	0.01634	0.16130	0.01370	0.01683	0.01047	0.01229	0.01561	0.01508	0.02080	0.03124	0.27384	0.03521	0.29924	0.02354	0.00525	0.00809	0.01514	0.00576	0.00752
11	0.06265	0.09911	0.14368	0.01918	0.02674	0.02469	0.01819	0.38316	0.03077	0.04243	0.01827	0.01966	0.01354	0.01241	0.04502	0.00313	0.01055	0.00701	0.00670	0.01310
12	0.01803	0.01765	0.01518	0.08520	0.02074	0.19389	0.01161	0.02063	0.01886	0.02336	0.03043	0.30766	0.03227	0.01655	0.00879	0.00276	0.00836	0.01410	0.14574	0.00821
13	0.01036	0.00816	0.00935	0.01006	0.01193	0.00715	0.00716	0.01241	0.01861	0.02349	0.12060	0.31873	0.36549	0.02317	0.01037	0.00308	0.00453	0.02015	0.00803	0.00715
14	0.07579	0.21928	0.02900	0.01979	0.06282	0.12398	0.01557	0.02938	0.13321	0.02532	0.01662	0.01893	0.01393	0.00977	0.01086	0.00252	0.13708	0.00642	0.00493	0.04480

[dist]
# distance from previous block
# <min> <max>
0	1

[block]
# block no. 9 follows, 21 sequences, length 17
# corresponding to MSA columns:
# 497-513
name=unknown_J
#
# <colnr> <probs for GDERKNQSTAVLIFYWHMCP>
#	G	D	E	R	K	N	Q	S	T	A	V	L	I	F	Y	W	H	M	C	P
0	0.02012	0.15657	0.31317	0.02388	0.03324	0.02350	0.13888	0.07032	0.05740	0.02790	0.01639	0.01920	0.01244	0.00845	0.00899	0.00262	0.04336	0.00706	0.00441	0.01210
1	0.02741	0.01838	0.02244	0.02157	0.11701	0.03914	0.01497	0.15883	0.10332	0.20453	0.06916	0.02686	0.02197	0.01003	0.00833	0.00244	0.00798	0.00829	0.00790	0.10944
2	0.01897	0.01997	0.12978	0.01768	0.02274	0.01767	0.01608	0.03176	0.26861	0.07265	0.02635	0.02877	0.02070	0.02574	0.19444	0.00591	0.05557	0.00868	0.00644	0.01147
3	0.02485	0.02776	0.02520	0.22217	0.10316	0.31924	0.01931	0.07066	0.02204	0.02417	0.01512	0.01954	0.01218	0.01172	0.04470	0.00309	0.01356	0.00669	0.00449	0.01034
4	0.07236	0.09383	0.14955	0.06575	0.32798	0.02051	0.02316	0.02764	0.01901	0.09699	0.01707	0.02018	0.01316	0.00804	0.00786	0.00252	0.00997	0.00693	0.00479	0.01268
5	0.02614	0.03929	0.24259	0.02433	0.06641	0.35779	0.02215	0.07531	0.02292	0.02582	0.01460	0.01697	0.01131	0.00857	0.00792	0.00241	0.01363	0.00605	0.00441	0.01136
6	0.01028	0.00774	0.00953	0.01096	0.01211	0.00699	0.00750	0.01195	0.01715	0.02207	0.05775	0.52608	0.21857	0.02525	0.01064	0.00330	0.00476	0.02247	0.00790	0.00699
7	0.02683	0.11848	0.02858	0.10631	0.13476	0.26300	0.01844	0.06671	0.02203	0.08191	0.01594	0.01871	0.01258	0.00887	0.00868	0.00241	0.04304	0.00648	0.00497	0.01126
8	0.02545	0.02871	0.02964	0.03769	0.34880	0.29344	0.02159	0.02911	0.02101	0.02443	0.01452	0.01851	0.01228	0.00851	0.00925	0.00246	0.05195	0.00669	0.00426	0.01171
9	0.01119	0.00812	0.01073	0.01252	0.01360	0.00767	0.00924	0.01334	0.01741	0.02279	0.05003	0.48780	0.10820	0.02540	0.01101	0.00352	0.00561	0.16677	0.00788	0.00717
10	0.01433	0.01252	0.01838	0.02507	0.23138	0.01193	0.01435	0.01757	0.01883	0.02470	0.04978	0.17869	0.24605	0.01794	0.00985	0.00299	0.00684	0.08281	0.00662	0.00938
11	0.01989	0.01847	0.02873	0.03860	0.43182	0.01717	0.02060	0.02450	0.01878	0.02778	0.01570	0.01989	0.01318	0.00714	0.00769	0.00209	0.00880	0.00671	0.00450	0.26798
12	0.01317	0.01000	0.01188	0.01229	0.01465	0.00956	0.00959	0.06915	0.02076	0.02660	0.08583	0.23399	0.26406	0.02210	0.01054	0.00324	0.00579	0.16079	0.00801	0.00798
13	0.01709	0.01741	0.03443	0.02964	0.11412	0.01646	0.32837	0.02235	0.01970	0.02704	0.10470	0.17211	0.03103	0.01273	0.01000	0.00292	0.01042	0.01344	0.00572	0.01032
