[name]
unknown

[dist]
# distance from previous block
# <min> <max>
0	28

[block]
# block no. 0 follows, 20 sequences, length 37
# corresponding to MSA columns:
# 28-64
name=unknown_A
#
# <colnr> <probs for GDERKNQSTAVLIFYWHMCP>
#	G	D	E	R	K	N	Q	S	T	A	V	L	I	F	Y	W	H	M	C	P
0	0.01262	0.00942	0.01402	0.01423	0.01583	0.01082	0.01122	0.01583	0.01463	0.02084	0.02568	0.04077	0.02469	0.06123	0.59331	0.01300	0.02181	0.06723	0.00501	0.00781
1	0.02073	0.01928	0.02971	0.10615	0.39924	0.01985	0.02237	0.02956	0.13461	0.02938	0.01987	0.02350	0.01595	0.00851	0.00847	0.00256	0.00944	0.00790	0.00523	0.08769
2	0.01120	0.00988	0.01065	0.01026	0.01291	0.00933	0.00789	0.01338	0.01922	0.02330	0.08057	0.07737	0.57223	0.02140	0.01217	0.00303	0.07265	0.01732	0.00767	0.00758
3	0.02759	0.03175	0.02705	0.03083	0.20596	0.36786	0.01927	0.03433	0.12045	0.02590	0.01792	0.02018	0.01449	0.00909	0.00826	0.00246	0.01272	0.00694	0.00515	0.01180
4	0.01214	0.00967	0.01212	0.01182	0.01362	0.00965	0.00887	0.01502	0.02070	0.02801	0.31010	0.18446	0.22163	0.02055	0.01231	0.00306	0.07264	0.01739	0.00832	0.00791
5	0.01861	0.01572	0.01695	0.01545	0.01959	0.01747	0.01193	0.03676	0.43906	0.03483	0.16201	0.04453	0.10177	0.01412	0.00931	0.00291	0.00608	0.01195	0.00894	0.01200
6	0.02289	0.62980	0.04378	0.01573	0.02244	0.03372	0.01535	0.02560	0.01728	0.02057	0.01206	0.01451	0.01122	0.00825	0.00793	0.00206	0.07706	0.00497	0.00374	0.01103
7	0.01268	0.00846	0.00951	0.00951	0.00951	0.00846	0.00529	0.01268	0.01268	0.01691	0.02748	0.05708	0.03171	0.69345	0.04440	0.00846	0.00846	0.01268	0.00529	0.00529
8	0.01316	0.01037	0.01535	0.01495	0.01635	0.01256	0.01176	0.01614	0.01395	0.02033	0.02211	0.03267	0.02072	0.06016	0.59273	0.01295	0.09201	0.00917	0.00458	0.00797
9	0.31972	0.13846	0.02338	0.01685	0.02219	0.30183	0.01358	0.02974	0.01964	0.02832	0.01273	0.01482	0.01051	0.00838	0.00651	0.00237	0.01110	0.00511	0.00473	0.01002
10	0.03258	0.04157	0.02472	0.02247	0.02697	0.65843	0.01685	0.03483	0.02472	0.02135	0.01348	0.01573	0.01124	0.00899	0.00787	0.00225	0.01573	0.00562	0.00449	0.01011
11	0.01790	0.04304	0.01454	0.01252	0.01543	0.04615	0.00963	0.11003	0.02154	0.03063	0.03551	0.16693	0.09154	0.02042	0.07507	0.00376	0.00799	0.01237	0.25590	0.00908
12	0.01285	0.00979	0.01425	0.01404	0.01535	0.01153	0.01077	0.01557	0.01384	0.01994	0.02313	0.03582	0.02227	0.12854	0.55934	0.01287	0.05817	0.00960	0.00469	0.00762
13	0.01750	0.04512	0.64825	0.02486	0.03775	0.02026	0.03223	0.02762	0.01842	0.02762	0.01565	0.01842	0.01105	0.00829	0.00829	0.00276	0.01289	0.00645	0.00368	0.01289
14	0.03316	0.02443	0.02618	0.02007	0.02705	0.02705	0.01658	0.60995	0.04101	0.05497	0.02094	0.02094	0.01483	0.01047	0.00873	0.00262	0.00960	0.00785	0.00873	0.01483
15	0.03258	0.04157	0.02472	0.02247	0.02697	0.65843	0.01685	0.03483	0.02472	0.02135	0.01348	0.01573	0.01124	0.00899	0.00787	0.00225	0.01573	0.00562	0.00449	0.01011
16	0.01187	0.07931	0.01318	0.01059	0.01321	0.01012	0.00802	0.01404	0.01900	0.02356	0.10172	0.25691	0.36418	0.02190	0.01007	0.00300	0.00510	0.01876	0.00774	0.00773
17	0.01040	0.00884	0.00897	0.00893	0.01184	0.00740	0.00670	0.01270	0.02010	0.02409	0.11334	0.08309	0.61020	0.02190	0.01031	0.00294	0.00440	0.01829	0.00817	0.00740
18	0.24550	0.06036	0.02322	0.02144	0.08712	0.18998	0.01549	0.07792	0.07761	0.03157	0.01581	0.01815	0.01274	0.00955	0.00939	0.00266	0.07876	0.00632	0.00540	0.01104
19	0.02139	0.02117	0.03769	0.04797	0.48162	0.02105	0.14323	0.02820	0.05678	0.02887	0.01782	0.02265	0.01448	0.00793	0.00899	0.00268	0.01103	0.00841	0.00461	0.01340
20	0.03264	0.03981	0.02487	0.02223	0.02697	0.59359	0.01683	0.09389	0.02639	0.02480	0.01425	0.01627	0.01161	0.00914	0.00795	0.00229	0.01510	0.00585	0.00493	0.01060
21	0.07506	0.06718	0.02613	0.02463	0.09038	0.49992	0.01734	0.05507	0.02391	0.02443	0.01393	0.01637	0.01153	0.00879	0.00773	0.00231	0.01409	0.00583	0.00466	0.01069
22	0.01494	0.01074	0.01367	0.01325	0.01476	0.01189	0.00976	0.07244	0.01729	0.02465	0.02864	0.16534	0.02964	0.17059	0.23746	0.00785	0.05326	0.01269	0.08318	0.00797
23	0.01761	0.01967	0.09332	0.47951	0.17466	0.01974	0.02558	0.02375	0.01803	0.02410	0.01570	0.02241	0.01201	0.00848	0.00866	0.00283	0.01150	0.00762	0.00394	0.01086
24	0.02230	0.02589	0.04692	0.03566	0.07396	0.11026	0.49516	0.02884	0.02112	0.02706	0.01700	0.02235	0.01299	0.00760	0.00987	0.00283	0.01462	0.00951	0.00442	0.01164
25	0.01052	0.00884	0.00913	0.00906	0.01191	0.00745	0.00680	0.01293	0.02039	0.02476	0.14567	0.08198	0.57744	0.02164	0.01031	0.00292	0.00439	0.01813	0.00826	0.00745
26	0.03261	0.04079	0.02479	0.02236	0.02697	0.62955	0.01684	0.06113	0.02546	0.02289	0.01382	0.01597	0.01140	0.00906	0.00790	0.00226	0.01545	0.00572	0.00469	0.01033
27	0.01268	0.00846	0.00951	0.00951	0.00951	0.00846	0.00529	0.01268	0.01268	0.01691	0.02748	0.05708	0.03171	0.69345	0.04440	0.00846	0.00846	0.01268	0.00529	0.00529
28	0.10332	0.02041	0.02267	0.08345	0.02767	0.02148	0.01498	0.33628	0.02992	0.04310	0.01805	0.01972	0.01345	0.00900	0.00779	0.00231	0.00869	0.00682	0.00696	0.20391
29	0.03295	0.03074	0.02564	0.02095	0.02702	0.25930	0.01668	0.39839	0.03502	0.04260	0.01820	0.01903	0.01351	0.00993	0.00841	0.00248	0.01185	0.00703	0.00717	0.01310
30	0.03258	0.04157	0.02472	0.02247	0.02697	0.65843	0.01685	0.03483	0.02472	0.02135	0.01348	0.01573	0.01124	0.00899	0.00787	0.00225	0.01573	0.00562	0.00449	0.01011
31	0.01466	0.01256	0.01486	0.01463	0.01651	0.07643	0.01131	0.01773	0.01528	0.02087	0.02257	0.03232	0.02076	0.05741	0.56583	0.01233	0.02179	0.00892	0.03520	0.00804
32	0.01031	0.00884	0.00884	0.00884	0.01178	0.00736	0.00663	0.01252	0.01988	0.02356	0.08837	0.08395	0.63549	0.02209	0.01031	0.00295	0.00442	0.01841	0.00810	0.00736
33	0.05418	0.03938	0.49666	0.02661	0.03831	0.02059	0.14727	0.02759	0.01868	0.02825	0.01588	0.01924	0.01141	0.00809	0.00855	0.00280	0.01296	0.00714	0.00391	0.01250
34	0.01037	0.00858	0.00910	0.00950	0.01196	0.00731	0.00692	0.01244	0.01924	0.02330	0.08023	0.20589	0.51880	0.02315	0.01048	0.00307	0.00455	0.01970	0.00810	0.00731
35	0.02529	0.15568	0.02311	0.01618	0.02040	0.31916	0.01284	0.02826	0.02121	0.02497	0.01829	0.02108	0.01499	0.00909	0.00683	0.00210	0.01056	0.00629	0.25400	0.00965
36	0.01750	0.04512	0.64825	0.02486	0.03775	0.02026	0.03223	0.02762	0.01842	0.02762	0.01565	0.01842	0.01105	0.00829	0.00829	0.00276	0.01289	0.00645	0.00368	0.01289

[dist]
# distance from previous block
# <min> <max>
10	79

[block]
# block no. 1 follows, 20 sequences, length 41
# corresponding to MSA columns:
# 147-187
name=unknown_B
#
# <colnr> <probs for GDERKNQSTAVLIFYWHMCP>
#	G	D	E	R	K	N	Q	S	T	A	V	L	I	F	Y	W	H	M	C	P
0	0.02755	0.22808	0.13579	0.01986	0.02747	0.15626	0.01877	0.22533	0.02713	0.03352	0.01597	0.01743	0.01241	0.00893	0.00756	0.00235	0.01132	0.00623	0.00557	0.01249
1	0.17734	0.16677	0.02684	0.01826	0.02400	0.28491	0.01491	0.13804	0.02432	0.03103	0.01432	0.01603	0.01153	0.00877	0.00706	0.00233	0.01147	0.00566	0.00531	0.01107
2	0.03278	0.03578	0.02521	0.02166	0.02699	0.44518	0.01676	0.22908	0.03022	0.03271	0.01600	0.01749	0.01245	0.00949	0.00816	0.00237	0.01366	0.00637	0.00592	0.01171
3	0.01224	0.00840	0.00951	0.00973	0.01007	0.00821	0.00571	0.01261	0.01381	0.01813	0.03556	0.12668	0.09290	0.55772	0.03757	0.00740	0.00771	0.01453	0.00586	0.00568
4	0.01137	0.00888	0.01031	0.00995	0.01244	0.00782	0.00747	0.01458	0.02240	0.02953	0.37385	0.07412	0.34628	0.01986	0.01030	0.00284	0.00426	0.01703	0.00889	0.00782
5	0.01531	0.01062	0.01382	0.14016	0.02221	0.01117	0.01113	0.05083	0.01882	0.02793	0.03194	0.26377	0.03206	0.01587	0.00857	0.00274	0.00631	0.01387	0.26128	0.04158
6	0.01059	0.00885	0.00922	0.00913	0.01195	0.00748	0.00685	0.01306	0.02054	0.02513	0.16311	0.08137	0.55977	0.02151	0.01031	0.00292	0.00438	0.01805	0.00831	0.00748
7	0.71502	0.01676	0.01324	0.01170	0.01717	0.01919	0.00964	0.02658	0.01541	0.07302	0.01339	0.01504	0.01013	0.00825	0.00559	0.00270	0.00679	0.00495	0.00570	0.00975
8	0.02607	0.02022	0.02580	0.02418	0.11438	0.02189	0.05025	0.35171	0.03061	0.04200	0.02092	0.02424	0.01627	0.02005	0.12890	0.00471	0.01227	0.00827	0.04439	0.01287
9	0.01916	0.23148	0.47644	0.02203	0.03337	0.02432	0.02729	0.02720	0.01822	0.02560	0.01465	0.01715	0.01109	0.00805	0.00752	0.00251	0.01188	0.00594	0.00370	0.01241
10	0.02790	0.15816	0.02921	0.14269	0.03233	0.31252	0.01783	0.12901	0.02481	0.02711	0.01488	0.01770	0.01192	0.00890	0.00774	0.00236	0.01270	0.00622	0.00496	0.01104
11	0.01031	0.00884	0.00884	0.00884	0.01178	0.00736	0.00663	0.01252	0.01988	0.02356	0.08837	0.08395	0.63549	0.02209	0.01031	0.00295	0.00442	0.01841	0.00810	0.00736
12	0.02073	0.01985	0.03386	0.15722	0.54205	0.02050	0.02634	0.02602	0.01946	0.02746	0.01626	0.02187	0.01345	0.00793	0.00865	0.00264	0.01057	0.00777	0.00424	0.01313
13	0.02776	0.01407	0.01766	0.01518	0.01999	0.01366	0.01190	0.03611	0.17281	0.33851	0.06502	0.16562	0.03297	0.01473	0.00935	0.00294	0.00666	0.01262	0.00971	0.01271
14	0.01248	0.00837	0.00958	0.00978	0.00983	0.00832	0.00557	0.01263	0.01309	0.01746	0.02958	0.12116	0.03435	0.62577	0.04102	0.00796	0.00811	0.01392	0.00557	0.00547
15	0.02164	0.01761	0.02000	0.01461	0.02218	0.01526	0.01181	0.16062	0.02349	0.03468	0.01679	0.01876	0.01337	0.00741	0.00699	0.00160	0.00720	0.00580	0.00601	0.57417
16	0.01268	0.00846	0.00951	0.00951	0.00951	0.00846	0.00529	0.01268	0.01268	0.01691	0.02748	0.05708	0.03171	0.69345	0.04440	0.00846	0.00846	0.01268	0.00529	0.00529
17	0.01063	0.00759	0.01012	0.01215	0.01265	0.00709	0.00810	0.01215	0.01670	0.02227	0.04808	0.68775	0.05769	0.02733	0.01113	0.00354	0.00506	0.02480	0.00810	0.00709
18	0.01908	0.01908	0.02672	0.02290	0.02290	0.02672	0.01908	0.02099	0.01336	0.02099	0.01145	0.01908	0.01145	0.01527	0.02863	0.00382	0.67748	0.00763	0.00382	0.00954
19	0.02134	0.47595	0.25106	0.01831	0.02762	0.02966	0.02082	0.02663	0.01796	0.02294	0.01333	0.01550	0.01114	0.00774	0.00651	0.00217	0.01054	0.00527	0.00371	0.01177
20	0.02059	0.02353	0.05147	0.03676	0.04559	0.02206	0.60735	0.02794	0.02059	0.02794	0.01765	0.02353	0.01324	0.00735	0.01029	0.00294	0.01471	0.01029	0.00441	0.01176
21	0.01063	0.00759	0.01012	0.01215	0.01265	0.00709	0.00810	0.01215	0.01670	0.02227	0.04808	0.68775	0.05769	0.02733	0.01113	0.00354	0.00506	0.02480	0.00810	0.00709
22	0.01262	0.01085	0.01105	0.01065	0.01399	0.01027	0.00808	0.01939	0.14237	0.02619	0.07763	0.07351	0.51189	0.02001	0.01002	0.00295	0.00492	0.01667	0.00826	0.00867
23	0.01033	0.00874	0.00893	0.00908	0.01185	0.00734	0.00674	0.01249	0.01964	0.02347	0.08534	0.12921	0.59218	0.02248	0.01037	0.00299	0.00447	0.01889	0.00810	0.00734
24	0.07938	0.01994	0.02073	0.01783	0.02328	0.02280	0.01413	0.17770	0.44036	0.04105	0.03032	0.02843	0.02256	0.01123	0.00858	0.00286	0.00753	0.00900	0.00858	0.01372
25	0.01986	0.01896	0.03228	0.26259	0.44349	0.02027	0.02591	0.02526	0.01904	0.02640	0.01610	0.02215	0.01308	0.00809	0.00866	0.00270	0.01079	0.00777	0.00417	0.01242
26	0.02734	0.17023	0.06324	0.02840	0.17110	0.34873	0.01959	0.03079	0.02183	0.02319	0.01401	0.01690	0.01183	0.00836	0.00761	0.00228	0.01302	0.00598	0.00426	0.01135
27	0.01132	0.00888	0.01024	0.00990	0.01240	0.00780	0.00743	0.01448	0.02228	0.02925	0.36025	0.07459	0.36006	0.01997	0.01030	0.00284	0.00427	0.01710	0.00885	0.00780
28	0.01184	0.00961	0.01059	0.01022	0.01302	0.00873	0.00770	0.01637	0.06672	0.02833	0.26621	0.07384	0.40567	0.01990	0.01019	0.00288	0.00450	0.01689	0.00866	0.00814
29	0.01653	0.01003	0.01189	0.01076	0.01419	0.00868	0.00830	0.01952	0.02227	0.14829	0.23667	0.06788	0.35466	0.01865	0.01000	0.00284	0.00492	0.01576	0.00906	0.00908
30	0.02919	0.02187	0.02330	0.01863	0.02475	0.02437	0.01514	0.43284	0.17661	0.04893	0.02494	0.02455	0.01818	0.01077	0.00856	0.00265	0.00855	0.00835	0.06373	0.01409
31	0.01246	0.00935	0.01402	0.01402	0.01558	0.01090	0.01090	0.01558	0.01402	0.02025	0.02336	0.03427	0.02181	0.06542	0.65888	0.01402	0.02336	0.00935	0.00467	0.00779
32	0.02131	0.02044	0.03490	0.08718	0.60757	0.02065	0.02663	0.02653	0.01973	0.02816	0.01636	0.02168	0.01370	0.00782	0.00864	0.00261	0.01043	0.00777	0.00429	0.01359
33	0.01430	0.00876	0.01117	0.01117	0.01296	0.00956	0.00858	0.01787	0.01609	0.02618	0.02583	0.03342	0.02207	0.03870	0.34320	0.00822	0.01403	0.00876	0.36118	0.00795
34	0.23003	0.09127	0.25959	0.02111	0.02955	0.02148	0.10616	0.02609	0.01763	0.03026	0.04155	0.01963	0.01407	0.00884	0.00875	0.00275	0.04866	0.00683	0.00455	0.01119
35	0.01992	0.23113	0.44495	0.02191	0.03283	0.05671	0.02652	0.02756	0.01854	0.02528	0.01454	0.01702	0.01110	0.00809	0.00750	0.00248	0.01202	0.00590	0.00374	0.01227
36	0.02005	0.02153	0.06802	0.16650	0.33231	0.02102	0.16023	0.02596	0.01920	0.02679	0.01626	0.02209	0.01301	0.00822	0.00990	0.00280	0.04132	0.00828	0.00420	0.01231
37	0.19658	0.02114	0.05817	0.03321	0.30545	0.02105	0.01991	0.14415	0.02247	0.03566	0.01622	0.01979	0.01292	0.00957	0.00916	0.04037	0.00934	0.00699	0.00541	0.01244
38	0.25120	0.06554	0.25688	0.01794	0.02590	0.02016	0.01914	0.08250	0.04762	0.03335	0.01924	0.08884	0.01660	0.01058	0.00760	0.00277	0.00933	0.00805	0.00543	0.01133
39	0.06520	0.18337	0.23872	0.01966	0.02748	0.20741	0.02023	0.02859	0.01988	0.02535	0.01523	0.01772	0.01209	0.00847	0.00720	0.00234	0.01176	0.00587	0.07234	0.01107
40	0.01970	0.17638	0.03144	0.01966	0.02547	0.05485	0.16587	0.07691	0.02267	0.02889	0.14308	0.03901	0.13537	0.01230	0.00893	0.00259	0.00926	0.01095	0.00627	0.01040

[dist]
# distance from previous block
# <min> <max>
17	58

[block]
# block no. 2 follows, 20 sequences, length 6
# corresponding to MSA columns:
# 246-251
name=unknown_C
#
# <colnr> <probs for GDERKNQSTAVLIFYWHMCP>
#	G	D	E	R	K	N	Q	S	T	A	V	L	I	F	Y	W	H	M	C	P
0	0.02281	0.02305	0.03422	0.05008	0.57083	0.09178	0.02567	0.02767	0.02040	0.02770	0.01608	0.02094	0.01353	0.00791	0.00855	0.00255	0.01096	0.00753	0.00434	0.01340
1	0.02159	0.02073	0.03541	0.05354	0.63903	0.02073	0.02677	0.02677	0.01986	0.02850	0.01641	0.02159	0.01382	0.00777	0.00864	0.00259	0.01036	0.00777	0.00432	0.01382
2	0.02152	0.02380	0.07396	0.18669	0.39210	0.09936	0.02534	0.02682	0.01982	0.02616	0.01579	0.02102	0.01282	0.00817	0.00854	0.00263	0.01148	0.00741	0.00420	0.01237
3	0.02280	0.02181	0.03787	0.04563	0.43001	0.02181	0.15586	0.09925	0.02264	0.03165	0.01725	0.02194	0.01381	0.00801	0.00902	0.00267	0.01124	0.00835	0.00488	0.01348
4	0.02125	0.38388	0.22688	0.02457	0.13291	0.02782	0.02221	0.02669	0.01830	0.02405	0.01393	0.01664	0.01160	0.00777	0.00694	0.00226	0.01059	0.00574	0.00382	0.01216
5	0.02044	0.01955	0.03333	0.19250	0.50905	0.02042	0.02620	0.02576	0.01932	0.02710	0.01620	0.02196	0.01333	0.00799	0.00865	0.00266	0.01065	0.00777	0.00422	0.01289

[dist]
# distance from previous block
# <min> <max>
0	19

[block]
# block no. 3 follows, 20 sequences, length 30
# corresponding to MSA columns:
# 271-300
name=unknown_D
#
# <colnr> <probs for GDERKNQSTAVLIFYWHMCP>
#	G	D	E	R	K	N	Q	S	T	A	V	L	I	F	Y	W	H	M	C	P
0	0.01117	0.00975	0.01087	0.01226	0.05975	0.00839	0.00817	0.01361	0.01988	0.02394	0.08286	0.07918	0.58795	0.02100	0.01018	0.00292	0.00487	0.01760	0.00781	0.00786
1	0.08484	0.48288	0.03877	0.01883	0.06985	0.13471	0.01570	0.02756	0.01880	0.02280	0.01268	0.01487	0.01126	0.00779	0.00619	0.00205	0.01025	0.00506	0.00404	0.01107
2	0.01654	0.01077	0.01307	0.01373	0.06176	0.00938	0.00942	0.01914	0.02060	0.13900	0.07000	0.11211	0.43307	0.01928	0.00996	0.00292	0.00548	0.01627	0.00831	0.00922
3	0.02864	0.02663	0.02579	0.19148	0.03567	0.19192	0.01865	0.30411	0.03054	0.03753	0.01755	0.02017	0.01304	0.00962	0.00850	0.00260	0.01175	0.00724	0.00634	0.01224
4	0.01268	0.00846	0.00951	0.00951	0.00951	0.00846	0.00529	0.01268	0.01268	0.01691	0.02748	0.05708	0.03171	0.69345	0.04440	0.00846	0.00846	0.01268	0.00529	0.00529
5	0.02097	0.02081	0.01922	0.01746	0.01948	0.19316	0.01373	0.02374	0.01789	0.02399	0.01842	0.02417	0.01595	0.02044	0.12054	0.00459	0.21159	0.00749	0.19734	0.00904
6	0.01033	0.00877	0.00890	0.00901	0.01183	0.00735	0.00670	0.01250	0.01972	0.02350	0.08630	0.11490	0.60588	0.02236	0.01035	0.00298	0.00445	0.01874	0.00810	0.00735
7	0.02170	0.01874	0.01972	0.01775	0.02268	0.02170	0.01381	0.04635	0.62327	0.03649	0.03550	0.03254	0.02663	0.01183	0.00888	0.00296	0.00690	0.00986	0.00888	0.01381
8	0.01076	0.00765	0.01008	0.01198	0.01245	0.00717	0.00792	0.01218	0.01644	0.02192	0.04675	0.64710	0.05602	0.07026	0.01328	0.00386	0.00528	0.02402	0.00792	0.00697
9	0.03258	0.04157	0.02472	0.02247	0.02697	0.65843	0.01685	0.03483	0.02472	0.02135	0.01348	0.01573	0.01124	0.00899	0.00787	0.00225	0.01573	0.00562	0.00449	0.01011
10	0.01048	0.00884	0.00907	0.00901	0.01188	0.00743	0.00676	0.01284	0.02028	0.02450	0.13324	0.08240	0.59003	0.02174	0.01031	0.00293	0.00439	0.01819	0.00822	0.00743
11	0.03258	0.04157	0.02472	0.02247	0.02697	0.65843	0.01685	0.03483	0.02472	0.02135	0.01348	0.01573	0.01124	0.00899	0.00787	0.00225	0.01573	0.00562	0.00449	0.01011
12	0.03016	0.02294	0.02449	0.01946	0.02591	0.02565	0.01585	0.46242	0.19342	0.05014	0.02475	0.02398	0.01792	0.01083	0.00877	0.00271	0.00889	0.00838	0.00877	0.01457
13	0.01063	0.00759	0.01012	0.01215	0.01265	0.00709	0.00810	0.01215	0.01670	0.02227	0.04808	0.68775	0.05769	0.02733	0.01113	0.00354	0.00506	0.02480	0.00810	0.00709
14	0.01167	0.00879	0.01079	0.01051	0.01267	0.00791	0.00780	0.01507	0.02278	0.03095	0.44331	0.12124	0.22508	0.01973	0.01036	0.00286	0.00427	0.01721	0.00909	0.00791
15	0.75506	0.01687	0.01282	0.01147	0.01687	0.01957	0.00945	0.02564	0.01484	0.03914	0.01215	0.01417	0.00945	0.00810	0.00540	0.00270	0.00675	0.00472	0.00540	0.00945
16	0.02073	0.02772	0.18731	0.02181	0.02664	0.09797	0.02084	0.08238	0.01889	0.02606	0.01544	0.02086	0.01313	0.01937	0.10872	0.00469	0.26484	0.00735	0.00447	0.01076
17	0.01248	0.00928	0.01370	0.01370	0.01514	0.01073	0.01050	0.01537	0.01392	0.02001	0.02366	0.03589	0.02251	0.11013	0.61513	0.01362	0.02230	0.00958	0.00472	0.00761
18	0.02365	0.01124	0.01280	0.01106	0.01473	0.01093	0.00873	0.07508	0.02193	0.19473	0.02939	0.03082	0.02153	0.01035	0.00702	0.00226	0.00540	0.00828	0.48964	0.01044
19	0.50104	0.19941	0.07373	0.01348	0.02004	0.02358	0.01277	0.02593	0.01590	0.03327	0.01243	0.01447	0.01004	0.00795	0.00569	0.00248	0.00793	0.00485	0.00482	0.01019
20	0.01647	0.01550	0.02616	0.67248	0.06008	0.01938	0.02422	0.02229	0.01744	0.02229	0.01550	0.02326	0.01163	0.00872	0.00872	0.00291	0.01163	0.00775	0.00388	0.00969
21	0.02347	0.01704	0.01818	0.01618	0.02002	0.06150	0.01237	0.24045	0.02719	0.09659	0.03410	0.32476	0.03475	0.01807	0.00976	0.00302	0.00775	0.01549	0.00835	0.01097
22	0.03342	0.03360	0.02472	0.02103	0.02652	0.39847	0.01637	0.21370	0.02979	0.09401	0.01788	0.01874	0.01338	0.00963	0.00822	0.00241	0.01300	0.00662	0.00643	0.01205
23	0.01332	0.01060	0.01566	0.01517	0.01652	0.01294	0.01196	0.01628	0.01393	0.02035	0.02183	0.03231	0.02047	0.05895	0.57753	0.01270	0.10779	0.00912	0.00456	0.00801
24	0.03258	0.04157	0.02472	0.02247	0.02697	0.65843	0.01685	0.03483	0.02472	0.02135	0.01348	0.01573	0.01124	0.00899	0.00787	0.00225	0.01573	0.00562	0.00449	0.01011
25	0.01031	0.00884	0.00884	0.00884	0.01178	0.00736	0.00663	0.01252	0.01988	0.02356	0.08837	0.08395	0.63549	0.02209	0.01031	0.00295	0.00442	0.01841	0.00810	0.00736
26	0.01406	0.01004	0.01406	0.01606	0.01807	0.01004	0.01406	0.01807	0.02008	0.02610	0.04618	0.09839	0.05020	0.02410	0.01205	0.00402	0.00803	0.58032	0.00803	0.00803
27	0.03194	0.03692	0.02464	0.02172	0.02669	0.50126	0.01660	0.13894	0.06877	0.02843	0.01634	0.01782	0.01294	0.00945	0.00809	0.00236	0.01402	0.00631	0.00556	0.01121
28	0.01254	0.00920	0.01198	0.01243	0.01450	0.00865	0.00993	0.01621	0.02207	0.02979	0.33344	0.11366	0.14538	0.02101	0.01092	0.00324	0.00550	0.20279	0.00880	0.00798
29	0.02078	0.02061	0.03619	0.08686	0.42961	0.02162	0.11619	0.02592	0.01898	0.02704	0.01590	0.02168	0.01328	0.00874	0.01148	0.00282	0.09723	0.00815	0.00424	0.01268

[dist]
# distance from previous block
# <min> <max>
0	10

[block]
# block no. 4 follows, 20 sequences, length 9
# corresponding to MSA columns:
# 311-319
name=unknown_E
#
# <colnr> <probs for GDERKNQSTAVLIFYWHMCP>
#	G	D	E	R	K	N	Q	S	T	A	V	L	I	F	Y	W	H	M	C	P
0	0.01177	0.00889	0.01087	0.01037	0.01268	0.00799	0.00778	0.01536	0.02334	0.03178	0.48131	0.07043	0.23743	0.01903	0.01029	0.00280	0.00420	0.01651	0.00918	0.00799
1	0.02232	0.58674	0.14892	0.01663	0.02502	0.03207	0.01789	0.02638	0.01784	0.02174	0.01273	0.01475	0.01117	0.00760	0.00606	0.00202	0.00994	0.00497	0.00372	0.01148
2	0.75506	0.01687	0.01282	0.01147	0.01687	0.01957	0.00945	0.02564	0.01484	0.03914	0.01215	0.01417	0.00945	0.00810	0.00540	0.00270	0.00675	0.00472	0.00540	0.00945
3	0.01177	0.00889	0.01087	0.01037	0.01268	0.00799	0.00778	0.01536	0.02334	0.03178	0.48131	0.07043	0.23743	0.01903	0.01029	0.00280	0.00420	0.01651	0.00918	0.00799
4	0.01255	0.00899	0.01220	0.01220	0.01314	0.00992	0.00864	0.01441	0.01348	0.01891	0.02502	0.04345	0.02580	0.31828	0.41147	0.01178	0.01736	0.01069	0.00492	0.00678
5	0.03258	0.04157	0.02472	0.02247	0.02697	0.65843	0.01685	0.03483	0.02472	0.02135	0.01348	0.01573	0.01124	0.00899	0.00787	0.00225	0.01573	0.00562	0.00449	0.01011
6	0.01094	0.00886	0.00972	0.00950	0.01217	0.00763	0.00713	0.01375	0.02138	0.02712	0.25859	0.07809	0.46305	0.02076	0.01030	0.00288	0.00432	0.01759	0.00857	0.00763
7	0.02322	0.01842	0.02378	0.01834	0.02414	0.01881	0.05552	0.16940	0.02334	0.07504	0.01815	0.02127	0.01438	0.01346	0.05706	0.00316	0.12402	0.00716	0.00612	0.28523
8	0.03056	0.02749	0.02750	0.02949	0.19580	0.22025	0.01899	0.19488	0.02798	0.11450	0.01913	0.02064	0.01432	0.00930	0.00844	0.00251	0.01144	0.00725	0.00646	0.01308

[dist]
# distance from previous block
# <min> <max>
0	1

[block]
# block no. 5 follows, 20 sequences, length 31
# corresponding to MSA columns:
# 321-351
name=unknown_F
#
# <colnr> <probs for GDERKNQSTAVLIFYWHMCP>
#	G	D	E	R	K	N	Q	S	T	A	V	L	I	F	Y	W	H	M	C	P
0	0.01282	0.00890	0.01057	0.01071	0.01302	0.00783	0.00781	0.01528	0.02025	0.06870	0.18153	0.25550	0.31112	0.02201	0.01044	0.00307	0.00476	0.01911	0.00859	0.00797
1	0.09954	0.21187	0.42230	0.02082	0.03148	0.02389	0.02524	0.02702	0.01785	0.02704	0.01435	0.01680	0.01091	0.00805	0.00727	0.00252	0.01129	0.00579	0.00388	0.01207
2	0.02078	0.28665	0.35254	0.02091	0.03061	0.07026	0.02413	0.02726	0.01837	0.02425	0.01400	0.01662	0.01113	0.00835	0.00819	0.00244	0.04206	0.00578	0.00376	0.01191
3	0.01860	0.01757	0.02836	0.04168	0.47263	0.01718	0.02143	0.02299	0.01987	0.02719	0.03550	0.03813	0.17874	0.01157	0.00908	0.00268	0.00879	0.01059	0.00532	0.01211
4	0.01321	0.00916	0.01137	0.01176	0.01390	0.00838	0.00899	0.01599	0.02022	0.05878	0.18208	0.19270	0.22598	0.05858	0.01259	0.00352	0.00558	0.13091	0.00839	0.00791
5	0.02328	0.01606	0.02133	0.01652	0.02285	0.01433	0.06549	0.09290	0.04952	0.15448	0.02594	0.12327	0.02230	0.01127	0.00835	0.00229	0.00756	0.00984	0.00724	0.30517
6	0.02130	0.02043	0.03489	0.08812	0.60668	0.02065	0.02663	0.02652	0.01973	0.02815	0.01636	0.02168	0.01369	0.00783	0.00864	0.00261	0.01043	0.00777	0.00429	0.01359
7	0.02046	0.01958	0.03337	0.18967	0.51170	0.02043	0.02621	0.02578	0.01933	0.02713	0.01621	0.02196	0.01334	0.00798	0.00865	0.00266	0.01064	0.00777	0.00422	0.01291
8	0.07287	0.03520	0.02376	0.02082	0.02591	0.47541	0.01597	0.10585	0.02621	0.09455	0.01661	0.01781	0.01271	0.00932	0.00794	0.00237	0.01358	0.00619	0.00575	0.01117
9	0.03106	0.02128	0.02343	0.01837	0.02446	0.02303	0.01488	0.47125	0.03586	0.11483	0.02447	0.06365	0.01927	0.05902	0.01135	0.00309	0.00901	0.00929	0.00868	0.01371
10	0.01301	0.01078	0.01453	0.01471	0.01525	0.01247	0.01086	0.01467	0.01565	0.02161	0.03840	0.41160	0.07467	0.06224	0.05173	0.00440	0.18059	0.01851	0.00665	0.00768
11	0.02924	0.02711	0.02367	0.01994	0.02559	0.19278	0.01574	0.27198	0.22823	0.03997	0.02375	0.02338	0.01776	0.01053	0.00855	0.00263	0.01034	0.00792	0.00765	0.01324
12	0.01268	0.00846	0.00951	0.00951	0.00951	0.00846	0.00529	0.01268	0.01268	0.01691	0.02748	0.05708	0.03171	0.69345	0.04440	0.00846	0.00846	0.01268	0.00529	0.00529
13	0.02041	0.02300	0.04855	0.03513	0.04291	0.02261	0.53785	0.02712	0.01973	0.02712	0.01691	0.02300	0.01302	0.00829	0.01246	0.00304	0.09301	0.00998	0.00434	0.01150
14	0.01182	0.00857	0.01114	0.01253	0.01382	0.00811	0.00934	0.01422	0.01845	0.02430	0.10820	0.36134	0.11841	0.07133	0.01352	0.00387	0.00592	0.16975	0.00803	0.00735
15	0.02215	0.01936	0.03175	0.04569	0.51152	0.01932	0.02388	0.05214	0.02134	0.06359	0.05286	0.02845	0.01995	0.00947	0.00892	0.00268	0.00970	0.03858	0.00535	0.01331
16	0.01214	0.00823	0.00967	0.01021	0.01035	0.00809	0.00603	0.01254	0.01375	0.01833	0.03295	0.22439	0.03860	0.51674	0.03557	0.00715	0.00756	0.01590	0.00603	0.00576
17	0.01063	0.00759	0.01012	0.01215	0.01265	0.00709	0.00810	0.01215	0.01670	0.02227	0.04808	0.68775	0.05769	0.02733	0.01113	0.00354	0.00506	0.02480	0.00810	0.00709
18	0.02332	0.69869	0.04571	0.01493	0.02239	0.03451	0.01493	0.02612	0.01772	0.02052	0.01213	0.01399	0.01119	0.00746	0.00560	0.00187	0.00933	0.00466	0.00373	0.01119
19	0.01179	0.00836	0.00940	0.00981	0.01079	0.00787	0.00626	0.01288	0.01568	0.02049	0.04792	0.19295	0.19681	0.34704	0.02676	0.00569	0.00649	0.01649	0.04019	0.00634
20	0.02204	0.01371	0.01430	0.01221	0.01594	0.01460	0.00968	0.22199	0.02606	0.04020	0.02589	0.02856	0.01978	0.01027	0.00700	0.00223	0.00596	0.00804	0.49111	0.01042
21	0.01105	0.00783	0.01029	0.01209	0.01263	0.00741	0.00814	0.01255	0.01646	0.02191	0.04572	0.58421	0.05441	0.09986	0.01482	0.00411	0.00561	0.05617	0.00779	0.00694
22	0.02697	0.03199	0.02182	0.02010	0.02399	0.44649	0.01521	0.03185	0.08772	0.02276	0.01806	0.02164	0.01524	0.02171	0.15116	0.00491	0.01645	0.00690	0.00501	0.01000
23	0.02646	0.47745	0.03878	0.01729	0.02393	0.19951	0.01555	0.06906	0.02120	0.02314	0.01310	0.01494	0.01146	0.00808	0.00642	0.00202	0.01105	0.00514	0.00428	0.01116
24	0.75506	0.01687	0.01282	0.01147	0.01687	0.01957	0.00945	0.02564	0.01484	0.03914	0.01215	0.01417	0.00945	0.00810	0.00540	0.00270	0.00675	0.00472	0.00540	0.00945
25	0.02067	0.01433	0.01885	0.02140	0.14536	0.01393	0.01374	0.02784	0.12877	0.15167	0.05080	0.05189	0.24109	0.01516	0.00950	0.00289	0.00690	0.04583	0.00800	0.01138
26	0.01227	0.00933	0.01187	0.01232	0.01442	0.00808	0.00859	0.01431	0.01701	0.02362	0.04091	0.54047	0.04785	0.02274	0.01011	0.00305	0.00537	0.02048	0.00745	0.16977
27	0.01239	0.01277	0.08049	0.01213	0.01545	0.00930	0.01052	0.01661	0.02253	0.03107	0.41951	0.10253	0.18540	0.01825	0.01013	0.00284	0.00519	0.01585	0.00856	0.00849
28	0.01858	0.03866	0.48599	0.03245	0.19695	0.02038	0.03078	0.02740	0.01880	0.02786	0.01585	0.01926	0.01178	0.00815	0.00838	0.00272	0.01222	0.00680	0.00385	0.01314
29	0.02268	0.62734	0.11149	0.01601	0.02407	0.03296	0.01681	0.02628	0.01780	0.02130	0.01251	0.01448	0.01118	0.00755	0.00589	0.00196	0.00972	0.00486	0.00373	0.01138
30	0.01967	0.10610	0.35221	0.03062	0.19396	0.02207	0.02691	0.02928	0.08476	0.02806	0.01764	0.02032	0.01350	0.00845	0.00815	0.00264	0.01118	0.00698	0.00442	0.01305

[dist]
# distance from previous block
# <min> <max>
0	1

[block]
# block no. 6 follows, 20 sequences, length 52
# corresponding to MSA columns:
# 353-404
name=unknown_G
#
# <colnr> <probs for GDERKNQSTAVLIFYWHMCP>
#	G	D	E	R	K	N	Q	S	T	A	V	L	I	F	Y	W	H	M	C	P
0	0.02816	0.03042	0.03311	0.06648	0.03458	0.27609	0.19274	0.17186	0.02700	0.03154	0.01666	0.01978	0.01273	0.00885	0.00885	0.00258	0.01368	0.00768	0.00546	0.01173
1	0.02316	0.47468	0.07325	0.02458	0.16264	0.06607	0.01860	0.02684	0.01864	0.02274	0.01335	0.01603	0.01178	0.00766	0.00655	0.00210	0.01011	0.00551	0.00390	0.01181
2	0.02148	0.02085	0.03561	0.04733	0.49402	0.02100	0.09776	0.02917	0.08938	0.02935	0.01876	0.02309	0.01522	0.00819	0.00887	0.00268	0.01051	0.00833	0.00485	0.01356
3	0.01284	0.00917	0.01353	0.01353	0.01501	0.01054	0.01043	0.01557	0.01408	0.02060	0.02312	0.03368	0.02141	0.06016	0.58341	0.05987	0.02130	0.00917	0.04503	0.00755
4	0.02459	0.02546	0.03206	0.06873	0.44016	0.16502	0.02380	0.06461	0.02218	0.02828	0.01599	0.02029	0.01321	0.00825	0.00847	0.00253	0.01158	0.00729	0.00461	0.01288
5	0.01031	0.00884	0.00884	0.00884	0.01178	0.00736	0.00663	0.01252	0.01988	0.02356	0.08837	0.08395	0.63549	0.02209	0.01031	0.00295	0.00442	0.01841	0.00810	0.00736
6	0.01669	0.01490	0.03994	0.01669	0.05657	0.01475	0.01239	0.02914	0.26180	0.03415	0.29886	0.04898	0.08972	0.01475	0.00955	0.00283	0.00596	0.01275	0.00867	0.01091
7	0.01515	0.00758	0.01136	0.01136	0.01136	0.00758	0.00758	0.01136	0.01136	0.01515	0.01515	0.02652	0.01515	0.03030	0.03409	0.74621	0.00758	0.00758	0.00379	0.00379
8	0.07234	0.03003	0.02739	0.10570	0.21206	0.32569	0.02018	0.05776	0.02260	0.02628	0.01486	0.01849	0.01211	0.00861	0.00808	0.00247	0.01281	0.00655	0.00463	0.01135
9	0.02389	0.02585	0.03514	0.04137	0.35470	0.16498	0.13316	0.02990	0.05476	0.02722	0.01705	0.02124	0.01384	0.00819	0.00879	0.00260	0.01220	0.00788	0.00463	0.01259
10	0.03211	0.07545	0.02580	0.02208	0.02673	0.62627	0.01675	0.03438	0.02436	0.02131	0.01341	0.01564	0.01123	0.00891	0.00775	0.00223	0.01540	0.00557	0.00446	0.01017
11	0.02826	0.21431	0.06204	0.01948	0.02551	0.30887	0.01659	0.13245	0.02538	0.02815	0.04978	0.01912	0.01588	0.00930	0.00756	0.00226	0.01212	0.00637	0.00528	0.01127
12	0.01108	0.00861	0.01015	0.01090	0.01291	0.00769	0.00811	0.01351	0.01953	0.02482	0.13615	0.26284	0.33096	0.02337	0.01075	0.00322	0.00499	0.08465	0.00827	0.00746
13	0.01246	0.00935	0.01402	0.01402	0.01558	0.01090	0.01090	0.01558	0.01402	0.02025	0.02336	0.03427	0.02181	0.06542	0.65888	0.01402	0.02336	0.00935	0.00467	0.00779
14	0.02159	0.02073	0.03541	0.05354	0.63903	0.02073	0.02677	0.02677	0.01986	0.02850	0.01641	0.02159	0.01382	0.00777	0.00864	0.00259	0.01036	0.00777	0.00432	0.01382
15	0.01246	0.00935	0.01402	0.01402	0.01558	0.01090	0.01090	0.01558	0.01402	0.02025	0.02336	0.03427	0.02181	0.06542	0.65888	0.01402	0.02336	0.00935	0.00467	0.00779
16	0.01647	0.01550	0.02616	0.67248	0.06008	0.01938	0.02422	0.02229	0.01744	0.02229	0.01550	0.02326	0.01163	0.00872	0.00872	0.00291	0.01163	0.00775	0.00388	0.00969
17	0.03258	0.04157	0.02472	0.02247	0.02697	0.65843	0.01685	0.03483	0.02472	0.02135	0.01348	0.01573	0.01124	0.00899	0.00787	0.00225	0.01573	0.00562	0.00449	0.01011
18	0.01110	0.00899	0.00994	0.01005	0.01273	0.00783	0.00777	0.01386	0.02076	0.02588	0.18031	0.08228	0.47009	0.02157	0.01051	0.00303	0.00478	0.08260	0.00836	0.00759
19	0.02153	0.02088	0.03630	0.05260	0.60592	0.02080	0.05916	0.02684	0.01990	0.02847	0.01648	0.02170	0.01378	0.00775	0.00873	0.00261	0.01061	0.00791	0.00432	0.01370
20	0.01750	0.04512	0.64825	0.02486	0.03775	0.02026	0.03223	0.02762	0.01842	0.02762	0.01565	0.01842	0.01105	0.00829	0.00829	0.00276	0.01289	0.00645	0.00368	0.01289
21	0.01510	0.01300	0.01341	0.01258	0.01636	0.01339	0.00964	0.02674	0.27350	0.02900	0.06615	0.06234	0.37958	0.01778	0.00971	0.00295	0.00546	0.01482	0.00843	0.01007
22	0.01750	0.04512	0.64825	0.02486	0.03775	0.02026	0.03223	0.02762	0.01842	0.02762	0.01565	0.01842	0.01105	0.00829	0.00829	0.00276	0.01289	0.00645	0.00368	0.01289
23	0.01246	0.00935	0.01402	0.01402	0.01558	0.01090	0.01090	0.01558	0.01402	0.02025	0.02336	0.03427	0.02181	0.06542	0.65888	0.01402	0.02336	0.00935	0.00467	0.00779
24	0.01031	0.00884	0.00884	0.00884	0.01178	0.00736	0.00663	0.01252	0.01988	0.02356	0.08837	0.08395	0.63549	0.02209	0.01031	0.00295	0.00442	0.01841	0.00810	0.00736
25	0.01275	0.00977	0.01458	0.01441	0.01590	0.01160	0.01126	0.01581	0.01399	0.02028	0.02284	0.03360	0.02135	0.06322	0.63121	0.01357	0.05208	0.00927	0.00464	0.00787
26	0.03010	0.03687	0.02713	0.02949	0.16513	0.51447	0.01909	0.03301	0.02362	0.02296	0.01414	0.01705	0.01182	0.00871	0.00804	0.00232	0.01452	0.00610	0.00445	0.01095
27	0.01263	0.00866	0.01053	0.01053	0.01088	0.00901	0.00655	0.01334	0.01299	0.01767	0.02655	0.05193	0.02948	0.55168	0.18311	0.00971	0.01182	0.01193	0.00515	0.00585
28	0.01063	0.00759	0.01012	0.01215	0.01265	0.00709	0.00810	0.01215	0.01670	0.02227	0.04808	0.68775	0.05769	0.02733	0.01113	0.00354	0.00506	0.02480	0.00810	0.00709
29	0.01217	0.00830	0.00992	0.01041	0.01062	0.00826	0.00629	0.01272	0.01374	0.01840	0.03226	0.20915	0.03747	0.49583	0.07117	0.00758	0.00848	0.01544	0.00593	0.00587
30	0.09815	0.01013	0.01351	0.01335	0.01538	0.01172	0.01043	0.01704	0.01439	0.02320	0.02240	0.03184	0.02042	0.05531	0.54222	0.01195	0.02023	0.00874	0.05158	0.00800
31	0.01824	0.07956	0.54446	0.02664	0.07218	0.02120	0.06377	0.02751	0.01858	0.02729	0.01561	0.01864	0.01134	0.00816	0.00827	0.00271	0.01265	0.00664	0.00376	0.01278
32	0.03037	0.02305	0.02461	0.01951	0.02599	0.02575	0.01591	0.47290	0.18260	0.05048	0.02448	0.02376	0.01770	0.01080	0.00876	0.00270	0.00894	0.00834	0.00876	0.01458
33	0.01268	0.00846	0.00951	0.00951	0.00951	0.00846	0.00529	0.01268	0.01268	0.01691	0.02748	0.05708	0.03171	0.69345	0.04440	0.00846	0.00846	0.01268	0.00529	0.00529
34	0.03112	0.08088	0.02615	0.02203	0.02641	0.57806	0.01688	0.03338	0.02354	0.02127	0.01326	0.01584	0.01125	0.00931	0.00909	0.00233	0.05895	0.00569	0.00440	0.01014
35	0.01164	0.00889	0.01068	0.01024	0.01260	0.00793	0.00768	0.01510	0.02303	0.03104	0.44580	0.07165	0.27339	0.01930	0.01030	0.00281	0.00422	0.01669	0.00908	0.00793
36	0.03258	0.04157	0.02472	0.02247	0.02697	0.65843	0.01685	0.03483	0.02472	0.02135	0.01348	0.01573	0.01124	0.00899	0.00787	0.00225	0.01573	0.00562	0.00449	0.01011
37	0.24137	0.01542	0.01815	0.01438	0.02074	0.01473	0.01187	0.03774	0.02211	0.47391	0.02812	0.02531	0.01816	0.01003	0.00782	0.00270	0.00723	0.00763	0.00927	0.01332
38	0.01307	0.00895	0.01342	0.01342	0.01463	0.01015	0.01015	0.01463	0.01342	0.01910	0.02151	0.03252	0.02030	0.05749	0.51784	0.17930	0.01980	0.00895	0.00447	0.00689
39	0.01061	0.00809	0.00977	0.01095	0.01238	0.00724	0.00760	0.01251	0.01823	0.02342	0.09452	0.44724	0.25598	0.02501	0.01081	0.00329	0.00479	0.02212	0.00818	0.00724
40	0.01056	0.00787	0.00983	0.01140	0.01246	0.00715	0.00777	0.01223	0.01742	0.02256	0.05717	0.55145	0.18812	0.02615	0.01095	0.00341	0.00492	0.02336	0.00810	0.00715
41	0.01626	0.00813	0.00813	0.00813	0.01016	0.00813	0.00610	0.02033	0.01829	0.03252	0.02846	0.03252	0.02236	0.01016	0.00610	0.00203	0.00407	0.00813	0.74187	0.00813
42	0.01423	0.01030	0.01156	0.01091	0.01266	0.01013	0.00744	0.07834	0.01948	0.02570	0.13826	0.09737	0.16918	0.32734	0.02576	0.00543	0.00682	0.01460	0.00712	0.00735
43	0.03268	0.03863	0.02497	0.02206	0.02698	0.54995	0.01681	0.13364	0.02752	0.02713	0.01476	0.01663	0.01185	0.00924	0.00801	0.00231	0.01468	0.00600	0.00522	0.01092
44	0.01891	0.20405	0.50173	0.02245	0.03402	0.02372	0.02802	0.02726	0.01825	0.02590	0.01480	0.01734	0.01108	0.00809	0.00763	0.00254	0.01202	0.00601	0.00369	0.01248
45	0.42309	0.02547	0.01852	0.01614	0.02152	0.21181	0.01281	0.12222	0.02200	0.03636	0.01396	0.01572	0.01085	0.00875	0.00667	0.00255	0.00989	0.00549	0.00566	0.01051
46	0.02159	0.02073	0.03541	0.05354	0.63903	0.02073	0.02677	0.02677	0.01986	0.02850	0.01641	0.02159	0.01382	0.00777	0.00864	0.00259	0.01036	0.00777	0.00432	0.01382
47	0.02034	0.01946	0.03316	0.20405	0.49825	0.02040	0.02615	0.02568	0.01927	0.02699	0.01619	0.02199	0.01328	0.00800	0.00866	0.00267	0.01067	0.00777	0.00421	0.01281
48	0.01990	0.02157	0.04377	0.11306	0.04405	0.02075	0.45222	0.02754	0.04801	0.02768	0.01801	0.02342	0.01363	0.00765	0.00968	0.00279	0.01320	0.00949	0.00462	0.07897
49	0.02297	0.02343	0.03049	0.20667	0.33976	0.13824	0.02368	0.06146	0.02137	0.02713	0.01590	0.02090	0.01283	0.00840	0.00852	0.00261	0.01164	0.00737	0.00450	0.01212
50	0.02617	0.42073	0.14247	0.01677	0.02498	0.02680	0.01737	0.03036	0.01960	0.17361	0.01815	0.01857	0.01370	0.00841	0.00683	0.00222	0.00947	0.00597	0.00544	0.01237
51	0.07747	0.03891	0.02408	0.02163	0.02635	0.57716	0.01638	0.07217	0.02518	0.02467	0.01389	0.01598	0.01136	0.00903	0.00777	0.00230	0.01477	0.00571	0.00483	0.01038

[dist]
# distance from previous block
# <min> <max>
0	4

[block]
# block no. 7 follows, 20 sequences, length 40
# corresponding to MSA columns:
# 409-448
name=unknown_H
#
# <colnr> <probs for GDERKNQSTAVLIFYWHMCP>
#	G	D	E	R	K	N	Q	S	T	A	V	L	I	F	Y	W	H	M	C	P
0	0.12716	0.02963	0.02456	0.02237	0.07184	0.26397	0.01651	0.27186	0.02982	0.03820	0.01663	0.01813	0.01269	0.00940	0.00796	0.00249	0.01160	0.00659	0.00636	0.01227
1	0.01351	0.00936	0.01144	0.01093	0.01358	0.00837	0.00842	0.01693	0.02273	0.06976	0.36654	0.07174	0.26324	0.01929	0.01033	0.00290	0.00473	0.05880	0.00905	0.00835
2	0.01259	0.00906	0.01208	0.01229	0.01419	0.00855	0.00960	0.01643	0.02284	0.03167	0.43947	0.13193	0.07236	0.02022	0.01079	0.00312	0.00513	0.15051	0.00909	0.00808
3	0.02226	0.43272	0.23668	0.01876	0.02770	0.08394	0.02063	0.02735	0.01855	0.02287	0.01337	0.01556	0.01115	0.00786	0.00665	0.00219	0.01102	0.00532	0.00378	0.01164
4	0.02482	0.14038	0.02311	0.01547	0.02035	0.06128	0.01247	0.10524	0.17181	0.12000	0.02606	0.03016	0.02113	0.11947	0.01366	0.00344	0.00836	0.00856	0.06264	0.01159
5	0.01063	0.00759	0.01012	0.01215	0.01265	0.00709	0.00810	0.01215	0.01670	0.02227	0.04808	0.68775	0.05769	0.02733	0.01113	0.00354	0.00506	0.02480	0.00810	0.00709
6	0.02039	0.01212	0.01254	0.01105	0.01429	0.01276	0.00866	0.16451	0.02385	0.03801	0.02662	0.02969	0.02052	0.01024	0.00674	0.00218	0.00542	0.00806	0.56259	0.00977
7	0.48448	0.01665	0.01596	0.01326	0.01918	0.01784	0.01094	0.06447	0.01958	0.23410	0.01978	0.01953	0.01364	0.00910	0.00667	0.00269	0.00713	0.00620	0.00732	0.01148
8	0.01836	0.01689	0.02642	0.28899	0.24062	0.01876	0.02184	0.02624	0.10288	0.02668	0.02507	0.03314	0.05304	0.01076	0.00906	0.00290	0.00987	0.05185	0.00527	0.01137
9	0.01268	0.00846	0.00951	0.00951	0.00951	0.00846	0.00529	0.01268	0.01268	0.01691	0.02748	0.05708	0.03171	0.69345	0.04440	0.00846	0.00846	0.01268	0.00529	0.00529
10	0.01766	0.04400	0.61721	0.02548	0.03816	0.02035	0.06214	0.02764	0.01853	0.02764	0.01576	0.01868	0.01116	0.00824	0.00839	0.00277	0.01299	0.00665	0.00372	0.01283
11	0.01217	0.00891	0.01142	0.01079	0.01292	0.00816	0.00809	0.01612	0.02428	0.03399	0.58718	0.06678	0.13017	0.01820	0.01029	0.00276	0.00414	0.01600	0.00947	0.00816
12	0.03258	0.04157	0.02472	0.02247	0.02697	0.65843	0.01685	0.03483	0.02472	0.02135	0.01348	0.01573	0.01124	0.00899	0.00787	0.00225	0.01573	0.00562	0.00449	0.01011
13	0.01261	0.00925	0.01010	0.00967	0.01271	0.00788	0.00733	0.01524	0.02108	0.06741	0.18152	0.07697	0.49613	0.02058	0.01020	0.00289	0.00457	0.01729	0.00855	0.00802
14	0.03088	0.02325	0.02394	0.01923	0.02552	0.06570	0.01556	0.38083	0.18081	0.10407	0.02529	0.02427	0.01812	0.01074	0.00871	0.00268	0.00913	0.00829	0.00868	0.01428
15	0.02332	0.69869	0.04571	0.01493	0.02239	0.03451	0.01493	0.02612	0.01772	0.02052	0.01213	0.01399	0.01119	0.00746	0.00560	0.00187	0.00933	0.00466	0.00373	0.01119
16	0.01181	0.00859	0.01112	0.01114	0.01287	0.00790	0.00811	0.01518	0.02246	0.03122	0.45980	0.21848	0.10793	0.02040	0.01050	0.00295	0.00436	0.01813	0.00915	0.00790
17	0.01069	0.00885	0.00937	0.00924	0.01202	0.00753	0.00693	0.01326	0.02079	0.02572	0.19153	0.08040	0.53098	0.02129	0.01031	0.00291	0.00436	0.01791	0.00838	0.00753
18	0.02780	0.01877	0.02218	0.01810	0.02358	0.01988	0.03642	0.30426	0.10650	0.14378	0.03024	0.15490	0.02581	0.01389	0.00929	0.00287	0.00820	0.01168	0.00880	0.01307
19	0.03258	0.04157	0.02472	0.02247	0.02697	0.65843	0.01685	0.03483	0.02472	0.02135	0.01348	0.01573	0.01124	0.00899	0.00787	0.00225	0.01573	0.00562	0.00449	0.01011
20	0.02098	0.01848	0.02892	0.23169	0.31815	0.02009	0.02288	0.02986	0.13111	0.06017	0.02061	0.02454	0.01593	0.00897	0.00871	0.00276	0.00995	0.00820	0.00537	0.01262
21	0.01235	0.00892	0.01166	0.01097	0.01303	0.00823	0.00823	0.01646	0.02469	0.03498	0.63443	0.06516	0.08230	0.01783	0.01029	0.00274	0.00412	0.01578	0.00960	0.00823
22	0.01092	0.00878	0.00974	0.00967	0.01220	0.00760	0.00719	0.01364	0.02107	0.02680	0.24460	0.11798	0.43675	0.02119	0.01036	0.00293	0.00437	0.01806	0.00854	0.00760
23	0.03184	0.09681	0.02667	0.02159	0.02658	0.54472	0.01666	0.08847	0.02565	0.02446	0.01407	0.01607	0.01157	0.00900	0.00775	0.00225	0.01460	0.00575	0.00483	0.01065
24	0.03193	0.01600	0.01958	0.01583	0.02182	0.01559	0.01281	0.08365	0.17205	0.39797	0.03833	0.03442	0.07543	0.01200	0.00893	0.00278	0.00720	0.00980	0.00994	0.01394
25	0.02159	0.02073	0.03541	0.05354	0.63903	0.02073	0.02677	0.02677	0.01986	0.02850	0.01641	0.02159	0.01382	0.00777	0.00864	0.00259	0.01036	0.00777	0.00432	0.01382
26	0.01246	0.00935	0.01402	0.01402	0.01558	0.01090	0.01090	0.01558	0.01402	0.02025	0.02336	0.03427	0.02181	0.06542	0.65888	0.01402	0.02336	0.00935	0.00467	0.00779
