[name]
unknown

[dist]
# distance from previous block
# <min> <max>
0	5

[block]
# block no. 0 follows, 22 sequences, length 32
# corresponding to MSA columns:
# 5-36
name=unknown_A
#
# <colnr> <probs for GDERKNQSTAVLIFYWHMCP>
#	G	D	E	R	K	N	Q	S	T	A	V	L	I	F	Y	W	H	M	C	P
0	0.05446	0.01646	0.01947	0.14889	0.09137	0.09533	0.01627	0.05203	0.01968	0.02577	0.02744	0.08007	0.02758	0.01467	0.00926	0.00299	0.00924	0.23600	0.00589	0.04710
1	0.02299	0.05329	0.24365	0.02234	0.06932	0.09361	0.04495	0.08744	0.02078	0.12207	0.01847	0.02100	0.01380	0.01465	0.08139	0.00373	0.04251	0.00703	0.00526	0.01172
2	0.02253	0.02344	0.02483	0.08925	0.17545	0.21404	0.04405	0.08595	0.05178	0.02621	0.01996	0.09825	0.01817	0.01401	0.05235	0.00325	0.01170	0.00895	0.00519	0.01064
3	0.01880	0.01850	0.05946	0.23117	0.25270	0.01767	0.02073	0.06148	0.01903	0.02689	0.01540	0.02006	0.01225	0.00757	0.00775	0.00228	0.00944	0.00675	0.00441	0.18767
4	0.10066	0.02388	0.02220	0.09209	0.02728	0.16573	0.01522	0.28935	0.02764	0.03670	0.01657	0.01868	0.01260	0.01089	0.03300	0.00275	0.01060	0.00652	0.00613	0.08152
5	0.12488	0.07486	0.34778	0.01954	0.02793	0.14290	0.02155	0.02617	0.01877	0.02704	0.07898	0.02079	0.01729	0.00888	0.00747	0.00248	0.01091	0.00657	0.00446	0.01076
6	0.27241	0.01521	0.02057	0.45661	0.04315	0.01852	0.01826	0.02232	0.01577	0.02671	0.01367	0.01919	0.01036	0.00810	0.00722	0.00270	0.00949	0.00640	0.00419	0.00915
7	0.01600	0.01508	0.02548	0.64760	0.09527	0.01854	0.02323	0.02150	0.01676	0.02160	0.01482	0.02205	0.01121	0.00825	0.00830	0.00275	0.01100	0.00738	0.00372	0.00948
8	0.02056	0.01974	0.03372	0.05099	0.65622	0.01974	0.02550	0.02550	0.01892	0.02714	0.01563	0.02056	0.01316	0.00740	0.00822	0.00247	0.00987	0.00740	0.00411	0.01316
9	0.06706	0.03265	0.02267	0.01954	0.02465	0.44294	0.01506	0.15679	0.02574	0.02855	0.01445	0.01616	0.01149	0.00859	0.00742	0.00215	0.01249	0.00571	0.00523	0.08066
10	0.01153	0.00848	0.01079	0.01021	0.01227	0.00774	0.00766	0.01523	0.02298	0.03203	0.58487	0.06417	0.14616	0.01746	0.00980	0.00264	0.00395	0.01532	0.00898	0.00774
11	0.64433	0.01628	0.01429	0.08866	0.02125	0.01897	0.01094	0.05416	0.01566	0.03619	0.01235	0.01480	0.00949	0.00789	0.00566	0.00259	0.00709	0.00498	0.00513	0.00928
12	0.02905	0.01833	0.02074	0.01673	0.02210	0.05018	0.01360	0.29613	0.02835	0.22333	0.02387	0.02485	0.01726	0.02109	0.14969	0.00480	0.01160	0.00793	0.00788	0.01249
13	0.01059	0.00826	0.00974	0.01070	0.01261	0.00741	0.00809	0.01281	0.01803	0.02252	0.06462	0.27627	0.35231	0.02295	0.01038	0.00318	0.00505	0.12974	0.00770	0.00705
14	0.01012	0.00723	0.00964	0.01157	0.01205	0.00675	0.00771	0.01157	0.01591	0.02121	0.04579	0.70262	0.05495	0.02603	0.01060	0.00337	0.00482	0.02362	0.00771	0.00675
15	0.01962	0.02072	0.02192	0.01927	0.02149	0.18908	0.05470	0.02233	0.01646	0.02096	0.01607	0.02260	0.01446	0.02612	0.20857	0.00592	0.23475	0.00744	0.04871	0.00880
16	0.02284	0.05769	0.19230	0.20322	0.03681	0.18570	0.02167	0.13181	0.02253	0.02770	0.01510	0.01841	0.01135	0.00851	0.00788	0.00249	0.01195	0.00645	0.00459	0.01104
17	0.01187	0.00890	0.01335	0.01335	0.01483	0.01038	0.01038	0.01483	0.01335	0.01928	0.02225	0.03264	0.02077	0.06231	0.67512	0.01335	0.02225	0.00890	0.00445	0.00742
18	0.01187	0.00890	0.01335	0.01335	0.01483	0.01038	0.01038	0.01483	0.01335	0.01928	0.02225	0.03264	0.02077	0.06231	0.67512	0.01335	0.02225	0.00890	0.00445	0.00742
19	0.19919	0.03422	0.02095	0.01901	0.02348	0.52474	0.01444	0.03117	0.02139	0.02420	0.01255	0.01464	0.01031	0.00837	0.00695	0.00224	0.01303	0.00516	0.00448	0.00949
20	0.01027	0.00783	0.00930	0.01017	0.01163	0.00702	0.00708	0.01213	0.01758	0.02259	0.11831	0.37822	0.27623	0.05729	0.01181	0.00332	0.00467	0.01996	0.00772	0.00687
21	0.01906	0.24578	0.44452	0.02070	0.03101	0.05633	0.02497	0.02622	0.01764	0.02396	0.01379	0.01613	0.01057	0.00769	0.00710	0.00235	0.01139	0.00559	0.00356	0.01165
22	0.26399	0.09523	0.06364	0.07717	0.02502	0.19117	0.01469	0.02952	0.08560	0.05972	0.01587	0.01755	0.01225	0.00845	0.00676	0.00243	0.00977	0.00581	0.00513	0.01027
23	0.07894	0.02869	0.32431	0.25210	0.08280	0.01905	0.05109	0.02437	0.01712	0.02555	0.01471	0.01918	0.01085	0.00795	0.00791	0.00267	0.01129	0.00667	0.00378	0.01098
24	0.03127	0.03264	0.02413	0.02043	0.02572	0.39830	0.01594	0.28674	0.03015	0.03397	0.01587	0.01710	0.01216	0.00916	0.00784	0.00229	0.01249	0.00626	0.00600	0.01155
25	0.13677	0.02565	0.09569	0.08275	0.23093	0.14626	0.02015	0.11328	0.02164	0.03043	0.01495	0.01812	0.01174	0.00817	0.00760	0.00247	0.01058	0.00644	0.00480	0.01158
26	0.02039	0.02599	0.18634	0.01744	0.02338	0.13848	0.01670	0.12090	0.05017	0.03203	0.20255	0.03179	0.03218	0.01125	0.00834	0.00248	0.00910	0.00903	0.05091	0.01055
27	0.18799	0.04717	0.09016	0.05068	0.06389	0.05591	0.01439	0.05741	0.07774	0.08888	0.06090	0.03134	0.11888	0.01105	0.00771	0.00258	0.00788	0.00865	0.00627	0.01051
28	0.07028	0.11996	0.14435	0.06151	0.11661	0.01889	0.04424	0.07915	0.02102	0.03020	0.18101	0.02942	0.02898	0.01025	0.00803	0.00248	0.00857	0.00864	0.00568	0.01073
29	0.01889	0.05358	0.02585	0.02180	0.06199	0.09463	0.15273	0.02777	0.18123	0.02654	0.05773	0.15821	0.02779	0.04045	0.01031	0.00297	0.00916	0.01178	0.00624	0.01034
30	0.01937	0.21336	0.39001	0.02333	0.08898	0.02286	0.02462	0.02615	0.01754	0.04983	0.01464	0.01718	0.01123	0.00803	0.00812	0.00243	0.04065	0.00595	0.00385	0.01187
31	0.05498	0.09375	0.17281	0.02163	0.05067	0.05627	0.14949	0.02206	0.01747	0.02411	0.02310	0.19327	0.02327	0.04763	0.01032	0.00300	0.00998	0.01141	0.00496	0.00982

[dist]
# distance from previous block
# <min> <max>
13	90

[block]
# block no. 1 follows, 22 sequences, length 203
# corresponding to MSA columns:
# 128-330
name=unknown_B
#
# <colnr> <probs for GDERKNQSTAVLIFYWHMCP>
#	G	D	E	R	K	N	Q	S	T	A	V	L	I	F	Y	W	H	M	C	P
0	0.02178	0.14854	0.25260	0.02193	0.05874	0.22369	0.04566	0.02698	0.01956	0.02307	0.01954	0.02155	0.06390	0.00899	0.00760	0.00235	0.01184	0.00677	0.00416	0.01075
1	0.05310	0.03351	0.28734	0.02025	0.02804	0.18273	0.02084	0.13603	0.02349	0.03079	0.08789	0.02225	0.01891	0.00947	0.00797	0.00248	0.01119	0.00713	0.00528	0.01131
2	0.01626	0.12192	0.02172	0.05055	0.10993	0.01496	0.01361	0.02007	0.01906	0.02618	0.14576	0.04449	0.05688	0.01278	0.00839	0.00244	0.00715	0.13332	0.00603	0.16850
3	0.05531	0.23017	0.11023	0.01577	0.02165	0.15388	0.01468	0.02563	0.07425	0.02397	0.05816	0.03033	0.13271	0.01093	0.00741	0.00232	0.00916	0.00820	0.00523	0.01001
4	0.02043	0.20005	0.05649	0.02438	0.15119	0.02220	0.07891	0.05723	0.13891	0.02754	0.02149	0.02315	0.04468	0.00868	0.00752	0.00228	0.00879	0.00742	0.00525	0.09342
5	0.01784	0.01134	0.04443	0.01279	0.01605	0.00928	0.01046	0.02093	0.02008	0.18392	0.15456	0.23533	0.12425	0.01860	0.00977	0.00298	0.00583	0.08397	0.00840	0.00919
6	0.02762	0.02853	0.02334	0.02196	0.07648	0.30906	0.01588	0.18844	0.13133	0.03229	0.04951	0.02172	0.01756	0.00970	0.00804	0.00240	0.01108	0.00723	0.00625	0.01160
7	0.01805	0.30288	0.22267	0.01832	0.05369	0.02244	0.01855	0.02304	0.01648	0.02241	0.01564	0.01967	0.01328	0.01872	0.14270	0.00443	0.01245	0.00615	0.03795	0.01047
8	0.10057	0.01433	0.01575	0.01424	0.01820	0.01507	0.01178	0.21219	0.02528	0.03521	0.09118	0.05596	0.15858	0.01626	0.00930	0.00295	0.00698	0.17871	0.00772	0.00975
9	0.02117	0.50801	0.20432	0.01700	0.02533	0.05858	0.01859	0.02563	0.01736	0.02134	0.01248	0.01450	0.01063	0.00738	0.00610	0.00202	0.01004	0.00492	0.00357	0.01103
10	0.01679	0.04205	0.63744	0.02419	0.03629	0.01937	0.05733	0.02632	0.01763	0.02632	0.01499	0.01776	0.01062	0.00785	0.00798	0.00264	0.01235	0.00630	0.00354	0.01223
11	0.01051	0.00740	0.00952	0.01106	0.01145	0.00701	0.00717	0.01167	0.01514	0.02018	0.04185	0.57253	0.04998	0.16289	0.01696	0.00431	0.00547	0.02130	0.00717	0.00640
12	0.02714	0.33662	0.03236	0.01823	0.02376	0.39161	0.01524	0.02951	0.02060	0.01998	0.01227	0.01425	0.01068	0.00792	0.00654	0.00198	0.01229	0.00495	0.00396	0.01009
13	0.01831	0.01753	0.03204	0.07316	0.28947	0.01735	0.18912	0.02358	0.01894	0.02640	0.02220	0.03639	0.02027	0.01058	0.00919	0.00282	0.01033	0.12707	0.04424	0.01100
14	0.02173	0.05387	0.03163	0.11426	0.46411	0.12179	0.02325	0.02619	0.01929	0.02509	0.01491	0.01954	0.01244	0.00767	0.00799	0.00242	0.01075	0.00695	0.00407	0.01207
15	0.02835	0.02015	0.02148	0.01683	0.02253	0.02215	0.01379	0.50628	0.03472	0.04806	0.02138	0.02216	0.01557	0.00991	0.00781	0.00238	0.00808	0.00753	0.15799	0.01285
16	0.02589	0.02106	0.02232	0.09115	0.02730	0.06129	0.01541	0.32681	0.21615	0.04091	0.02342	0.02365	0.01726	0.01009	0.00821	0.00258	0.00872	0.00793	0.03707	0.01278
17	0.04982	0.28887	0.30631	0.01932	0.02812	0.13066	0.02140	0.02682	0.01814	0.02326	0.01320	0.01541	0.01054	0.00770	0.00678	0.00223	0.01124	0.00532	0.00371	0.01113
18	0.01208	0.00805	0.00906	0.00906	0.00906	0.00805	0.00503	0.01208	0.01208	0.01611	0.02618	0.05436	0.03020	0.70804	0.04228	0.00805	0.00805	0.01208	0.00503	0.00503
19	0.03103	0.03959	0.02354	0.02140	0.02568	0.67469	0.01605	0.03317	0.02354	0.02033	0.01284	0.01498	0.01070	0.00856	0.00749	0.00214	0.01498	0.00535	0.00428	0.00963
20	0.06216	0.01057	0.01355	0.01174	0.01518	0.00973	0.00918	0.02341	0.02306	0.21682	0.43491	0.04944	0.05758	0.01450	0.00911	0.00260	0.00498	0.01248	0.00925	0.00974
21	0.02956	0.16108	0.02784	0.01920	0.02489	0.31349	0.01561	0.25149	0.02801	0.03201	0.01522	0.01650	0.01196	0.00881	0.00738	0.00220	0.01167	0.00596	0.00563	0.01149
22	0.01859	0.19023	0.26149	0.01746	0.02500	0.12337	0.01870	0.02362	0.01867	0.02286	0.03037	0.03109	0.16430	0.01096	0.00769	0.00240	0.00998	0.00835	0.00465	0.01022
23	0.01187	0.00890	0.01335	0.01335	0.01483	0.01038	0.01038	0.01483	0.01335	0.01928	0.02225	0.03264	0.02077	0.06231	0.67512	0.01335	0.02225	0.00890	0.00445	0.00742
24	0.01208	0.00805	0.00906	0.00906	0.00906	0.00805	0.00503	0.01208	0.01208	0.01611	0.02618	0.05436	0.03020	0.70804	0.04228	0.00805	0.00805	0.01208	0.00503	0.00503
25	0.01886	0.01801	0.03065	0.27299	0.44749	0.01929	0.02465	0.02401	0.01811	0.02508	0.01533	0.02111	0.01243	0.00772	0.00825	0.00257	0.01029	0.00740	0.00397	0.01179
26	0.01860	0.02320	0.15828	0.19942	0.38704	0.01934	0.02595	0.02463	0.01808	0.02554	0.01527	0.02034	0.01213	0.00772	0.00818	0.00257	0.01064	0.00714	0.00389	0.01203
27	0.01039	0.00759	0.00984	0.01153	0.01243	0.00704	0.00807	0.01213	0.01657	0.02169	0.05023	0.57146	0.12609	0.02514	0.01059	0.00335	0.00501	0.07628	0.00771	0.00686
28	0.01012	0.00723	0.00964	0.01157	0.01205	0.00675	0.00771	0.01157	0.01591	0.02121	0.04579	0.70262	0.05495	0.02603	0.01060	0.00337	0.00482	0.02362	0.00771	0.00675
29	0.01752	0.03722	0.49647	0.02771	0.07441	0.01968	0.15701	0.02632	0.01806	0.02642	0.01535	0.01875	0.01112	0.00767	0.00832	0.00266	0.01250	0.00699	0.00369	0.01210
30	0.02212	0.02604	0.10069	0.04240	0.46903	0.14381	0.02427	0.02704	0.01964	0.02576	0.01502	0.01917	0.01241	0.00768	0.00805	0.00242	0.01110	0.00688	0.00408	0.01239
31	0.03231	0.02016	0.02265	0.01745	0.02382	0.02139	0.01439	0.44692	0.03407	0.20997	0.02362	0.02263	0.01614	0.01004	0.00820	0.00249	0.00835	0.00772	0.04384	0.01383
32	0.02814	0.02234	0.02294	0.01853	0.02446	0.05463	0.01498	0.41774	0.22673	0.04534	0.02395	0.02317	0.01748	0.01031	0.00832	0.00258	0.00861	0.00798	0.00817	0.01361
33	0.01078	0.00770	0.01039	0.01232	0.01309	0.00731	0.00885	0.01270	0.01655	0.02194	0.04543	0.58043	0.05351	0.02541	0.01078	0.00346	0.00539	0.13934	0.00770	0.00693
34	0.02009	0.19229	0.18200	0.02240	0.10300	0.11857	0.01934	0.02564	0.04741	0.02293	0.01580	0.01961	0.01327	0.01687	0.11467	0.00410	0.04075	0.00642	0.00410	0.01074
35	0.02124	0.59593	0.15215	0.01587	0.02388	0.03050	0.01709	0.02513	0.01700	0.02073	0.01214	0.01406	0.01064	0.00724	0.00578	0.00193	0.00948	0.00474	0.00355	0.01094
36	0.01012	0.00723	0.00964	0.01157	0.01205	0.00675	0.00771	0.01157	0.01591	0.02121	0.04579	0.70262	0.05495	0.02603	0.01060	0.00337	0.00482	0.02362	0.00771	0.00675
37	0.00982	0.00842	0.00842	0.00842	0.01122	0.00701	0.00631	0.01192	0.01894	0.02244	0.08416	0.07995	0.65285	0.02104	0.00982	0.00281	0.00421	0.01753	0.00771	0.00701
38	0.02682	0.03128	0.03193	0.02552	0.03117	0.36337	0.21110	0.09542	0.02345	0.02582	0.01479	0.01805	0.01169	0.00851	0.00928	0.00246	0.04697	0.00710	0.00466	0.01060
39	0.01964	0.01880	0.03205	0.17162	0.54280	0.01950	0.02504	0.02469	0.01848	0.02602	0.01546	0.02086	0.01276	0.00757	0.00824	0.00252	0.01010	0.00740	0.00403	0.01241
40	0.03279	0.02133	0.02373	0.01819	0.02480	0.02288	0.01503	0.50365	0.03581	0.18181	0.02267	0.02171	0.01549	0.01004	0.00832	0.00251	0.00870	0.00767	0.00873	0.01413
41	0.02034	0.01951	0.03332	0.08002	0.62893	0.01968	0.02539	0.02530	0.01881	0.02687	0.01559	0.02063	0.01306	0.00744	0.00823	0.00248	0.00992	0.00740	0.00409	0.01298
42	0.02178	0.02258	0.03075	0.07959	0.45770	0.12817	0.02310	0.02599	0.01896	0.02500	0.01467	0.01950	0.01242	0.00832	0.00992	0.00254	0.07590	0.00705	0.00407	0.01197
43	0.01045	0.00852	0.00933	0.00961	0.01214	0.00740	0.00742	0.01289	0.01918	0.02354	0.12031	0.10590	0.50469	0.02119	0.01007	0.00295	0.00467	0.09477	0.00781	0.00715
44	0.01778	0.17744	0.54029	0.02178	0.03302	0.02202	0.02739	0.02602	0.01741	0.02495	0.01423	0.01669	0.01055	0.00774	0.00738	0.00246	0.01160	0.00580	0.00352	0.01195
45	0.02003	0.01920	0.03276	0.12053	0.59084	0.01960	0.02523	0.02503	0.01866	0.02649	0.01553	0.02073	0.01293	0.00750	0.00823	0.00250	0.01000	0.00740	0.00407	0.01273
46	0.01666	0.04297	0.66500	0.02368	0.03596	0.01929	0.03069	0.02631	0.01754	0.02631	0.01491	0.01754	0.01052	0.00789	0.00789	0.00263	0.01228	0.00614	0.00351	0.01228
47	0.00982	0.00842	0.00842	0.00842	0.01122	0.00701	0.00631	0.01192	0.01894	0.02244	0.08416	0.07995	0.65285	0.02104	0.00982	0.00281	0.00421	0.01753	0.00771	0.00701
48	0.02056	0.01974	0.03372	0.05099	0.65622	0.01974	0.02550	0.02550	0.01892	0.02714	0.01563	0.02056	0.01316	0.00740	0.00822	0.00247	0.00987	0.00740	0.00411	0.01316
49	0.01961	0.02241	0.04902	0.03501	0.04342	0.02101	0.62605	0.02661	0.01961	0.02661	0.01681	0.02241	0.01261	0.00700	0.00980	0.00280	0.01401	0.00980	0.00420	0.01120
50	0.03018	0.03798	0.02437	0.02380	0.07686	0.62154	0.01682	0.03255	0.02317	0.02088	0.01307	0.01543	0.01090	0.00847	0.00755	0.00217	0.01457	0.00552	0.00427	0.00992
51	0.02189	0.67491	0.07890	0.01475	0.02215	0.03210	0.01515	0.02496	0.01692	0.01993	0.01174	0.01357	0.01065	0.00715	0.00548	0.00183	0.00908	0.00454	0.00355	0.01075
52	0.03121	0.03418	0.02400	0.02064	0.02571	0.45931	0.01596	0.23077	0.02869	0.03096	0.01520	0.01663	0.01184	0.00903	0.00776	0.00226	0.01304	0.00606	0.00562	0.01112
53	0.01779	0.01198	0.01298	0.01146	0.01354	0.01263	0.00799	0.17470	0.02009	0.02824	0.02471	0.04119	0.02441	0.40085	0.02689	0.00551	0.00759	0.01010	0.13946	0.00790
54	0.01253	0.00929	0.01220	0.01365	0.01578	0.00895	0.01169	0.01595	0.01908	0.02428	0.05360	0.09042	0.19260	0.02249	0.01108	0.00358	0.00683	0.46084	0.00767	0.00750
55	0.01961	0.02241	0.04902	0.03501	0.04342	0.02101	0.62605	0.02661	0.01961	0.02661	0.01681	0.02241	0.01261	0.00700	0.00980	0.00280	0.01401	0.00980	0.00420	0.01120
56	0.02939	0.02218	0.02370	0.01867	0.02493	0.02474	0.01526	0.51125	0.15990	0.04882	0.02273	0.02216	0.01638	0.01023	0.00834	0.00256	0.00863	0.00786	0.00834	0.01393
57	0.01075	0.00805	0.00997	0.01033	0.01201	0.00728	0.00743	0.01341	0.01989	0.02669	0.31483	0.27895	0.20808	0.02096	0.01007	0.00291	0.00429	0.01848	0.00833	0.00728
58	0.01137	0.00848	0.01056	0.01004	0.01217	0.00767	0.00753	0.01492	0.02260	0.03113	0.53792	0.06565	0.19367	0.01780	0.00980	0.00265	0.00398	0.01553	0.00886	0.00767
59	0.01187	0.00890	0.01335	0.01335	0.01483	0.01038	0.01038	0.01483	0.01335	0.01928	0.02225	0.03264	0.02077	0.06231	0.67512	0.01335	0.02225	0.00890	0.00445	0.00742
60	0.01734	0.04281	0.63453	0.02357	0.03547	0.05043	0.03000	0.02663	0.01782	0.02602	0.01481	0.01742	0.01053	0.00792	0.00787	0.00261	0.01241	0.00610	0.00354	0.01215
61	0.03103	0.03959	0.02354	0.02140	0.02568	0.67469	0.01605	0.03317	0.02354	0.02033	0.01284	0.01498	0.01070	0.00856	0.00749	0.00214	0.01498	0.00535	0.00428	0.00963
62	0.01187	0.00890	0.01335	0.01335	0.01483	0.01038	0.01038	0.01483	0.01335	0.01928	0.02225	0.03264	0.02077	0.06231	0.67512	0.01335	0.02225	0.00890	0.00445	0.00742
63	0.02967	0.03558	0.02429	0.06046	0.06061	0.54077	0.01692	0.08931	0.02440	0.02382	0.01378	0.01616	0.01118	0.00862	0.00765	0.00223	0.01393	0.00578	0.00463	0.01023
64	0.02056	0.01974	0.03372	0.05099	0.65622	0.01974	0.02550	0.02550	0.01892	0.02714	0.01563	0.02056	0.01316	0.00740	0.00822	0.00247	0.00987	0.00740	0.00411	0.01316
65	0.01208	0.00805	0.00906	0.00906	0.00906	0.00805	0.00503	0.01208	0.01208	0.01611	0.02618	0.05436	0.03020	0.70804	0.04228	0.00805	0.00805	0.01208	0.00503	0.00503
66	0.01029	0.00857	0.00907	0.00932	0.01201	0.00735	0.00724	0.01262	0.01896	0.02276	0.07889	0.08175	0.57348	0.02129	0.01004	0.00294	0.00466	0.09399	0.00771	0.00710
67	0.02043	0.17473	0.11109	0.02450	0.15758	0.15173	0.01821	0.02446	0.01789	0.02214	0.01567	0.02037	0.01360	0.02077	0.16700	0.00488	0.01396	0.00654	0.00403	0.01042
68	0.03727	0.01414	0.01928	0.01478	0.02121	0.01221	0.01221	0.04049	0.02378	0.66198	0.03277	0.02828	0.02056	0.01028	0.00835	0.00257	0.00707	0.00835	0.01028	0.01414
69	0.13087	0.01765	0.08733	0.01532	0.02212	0.01423	0.01381	0.03702	0.05184	0.48083	0.02811	0.02530	0.01819	0.00973	0.00788	0.00259	0.00752	0.00766	0.00879	0.01321
70	0.02221	0.71304	0.04353	0.01421	0.02132	0.03287	0.01421	0.02488	0.01688	0.01955	0.01155	0.01333	0.01066	0.00711	0.00533	0.00178	0.00888	0.00444	0.00355	0.01066
71	0.02564	0.01547	0.01786	0.01521	0.02035	0.01608	0.01207	0.03935	0.34671	0.26505	0.03881	0.03522	0.09065	0.01195	0.00856	0.00273	0.00650	0.00988	0.00905	0.01286
72	0.01017	0.00819	0.00906	0.00935	0.01156	0.00708	0.00682	0.01240	0.01900	0.02380	0.16014	0.20227	0.44818	0.02144	0.00997	0.00289	0.00429	0.01838	0.00792	0.00708
73	0.01248	0.00950	0.01159	0.01089	0.01326	0.00913	0.00822	0.01830	0.09034	0.03206	0.51050	0.06099	0.14736	0.01689	0.00965	0.00266	0.00425	0.01474	0.00888	0.00831
74	0.01569	0.04215	0.01424	0.01357	0.01515	0.15607	0.00958	0.01722	0.01678	0.01993	0.03191	0.35898	0.03644	0.13941	0.06996	0.00465	0.00921	0.01567	0.00607	0.00730
75	0.01020	0.00729	0.00971	0.01151	0.01207	0.00680	0.00772	0.01177	0.01629	0.02181	0.07607	0.67062	0.05612	0.02557	0.01056	0.00334	0.00477	0.02319	0.00778	0.00680
76	0.02056	0.01974	0.03372	0.05099	0.65622	0.01974	0.02550	0.02550	0.01892	0.02714	0.01563	0.02056	0.01316	0.00740	0.00822	0.00247	0.00987	0.00740	0.00411	0.01316
77	0.10381	0.02927	0.15439	0.08663	0.23027	0.20727	0.02182	0.02738	0.01925	0.02563	0.01417	0.01772	0.01129	0.00794	0.00762	0.00244	0.01155	0.00624	0.00412	0.01118
78	0.02814	0.09867	0.02763	0.02644	0.15181	0.42265	0.01775	0.08505	0.02339	0.02454	0.01392	0.01639	0.01150	0.00832	0.00751	0.00220	0.01284	0.00587	0.00454	0.01085
79	0.01208	0.00805	0.00906	0.00906	0.00906	0.00805	0.00503	0.01208	0.01208	0.01611	0.02618	0.05436	0.03020	0.70804	0.04228	0.00805	0.00805	0.01208	0.00503	0.00503
80	0.14935	0.01918	0.02731	0.07493	0.41636	0.04731	0.02059	0.05366	0.01940	0.02983	0.05278	0.02163	0.01614	0.00825	0.00776	0.00250	0.00918	0.00727	0.00477	0.01180
81	0.05501	0.08532	0.02414	0.01992	0.05381	0.26241	0.06818	0.02601	0.01907	0.02394	0.01626	0.02011	0.01355	0.01165	0.04120	0.00286	0.08584	0.00659	0.15466	0.00947
82	0.01176	0.00849	0.01110	0.01045	0.01241	0.00784	0.00784	0.01568	0.02352	0.03331	0.65184	0.06206	0.07839	0.01698	0.00980	0.00261	0.00392	0.01502	0.00914	0.00784
83	0.02003	0.01920	0.03276	0.12053	0.59084	0.01960	0.02523	0.02503	0.01866	0.02649	0.01553	0.02073	0.01293	0.00750	0.00823	0.00250	0.01000	0.00740	0.00407	0.01273
84	0.01975	0.20789	0.39877	0.02060	0.03009	0.10905	0.02382	0.02639	0.01800	0.02355	0.01410	0.01677	0.01100	0.01001	0.03451	0.00279	0.01220	0.00573	0.00366	0.01133
85	0.02033	0.01950	0.03330	0.08147	0.62757	0.01968	0.02538	0.02529	0.01881	0.02686	0.01559	0.02064	0.01306	0.00745	0.00823	0.00248	0.00993	0.00740	0.00409	0.01297
86	0.01071	0.00865	0.00965	0.00998	0.01253	0.00760	0.00787	0.01332	0.01938	0.02389	0.12644	0.08112	0.48049	0.02106	0.01015	0.00299	0.00487	0.13426	0.00783	0.00721
87	0.18676	0.02439	0.02575	0.06002	0.31173	0.20603	0.01909	0.02727	0.01909	0.02718	0.01391	0.01749	0.01146	0.00784	0.00734	0.00241	0.01062	0.00618	0.00437	0.01108
88	0.05119	0.17161	0.18425	0.02087	0.09246	0.11697	0.01803	0.02333	0.01791	0.02333	0.02122	0.18037	0.02143	0.01210	0.00786	0.00253	0.00966	0.00991	0.00478	0.01017
89	0.00982	0.00842	0.00842	0.00842	0.01122	0.00701	0.00631	0.01192	0.01894	0.02244	0.08416	0.07995	0.65285	0.02104	0.00982	0.00281	0.00421	0.01753	0.00771	0.00701
90	0.03053	0.07770	0.02467	0.02100	0.02544	0.63837	0.01595	0.03270	0.02316	0.02029	0.01277	0.01489	0.01070	0.00848	0.00737	0.00212	0.01464	0.00530	0.00424	0.00969
91	0.02141	0.16486	0.26878	0.02579	0.09653	0.15368	0.10472	0.02737	0.01904	0.02395	0.01418	0.01720	0.01114	0.00771	0.00762	0.00238	0.01216	0.00628	0.00383	0.01138
92	0.01870	0.07880	0.02993	0.02279	0.02444	0.02554	0.09301	0.02123	0.01393	0.02077	0.01169	0.01828	0.01109	0.01297	0.02321	0.00337	0.54973	0.00734	0.00370	0.00949
93	0.00999	0.00774	0.00911	0.01021	0.01169	0.00686	0.00711	0.01172	0.01721	0.02174	0.06233	0.43419	0.31270	0.02388	0.01026	0.00313	0.00456	0.02099	0.00771	0.00686
94	0.06760	0.24461	0.13617	0.01772	0.02467	0.11151	0.01691	0.10703	0.14369	0.02903	0.01775	0.01859	0.01389	0.00865	0.00703	0.00231	0.00969	0.00621	0.00531	0.01163
95	0.01450	0.01008	0.01315	0.01252	0.01412	0.01169	0.00974	0.04124	0.01554	0.02425	0.02265	0.03105	0.02004	0.06896	0.33509	0.00798	0.08841	0.00845	0.24267	0.00786
96	0.00982	0.00842	0.00842	0.00842	0.01122	0.00701	0.00631	0.01192	0.01894	0.02244	0.08416	0.07995	0.65285	0.02104	0.00982	0.00281	0.00421	0.01753	0.00771	0.00701
97	0.02221	0.71304	0.04353	0.01421	0.02132	0.03287	0.01421	0.02488	0.01688	0.01955	0.01155	0.01333	0.01066	0.00711	0.00533	0.00178	0.00888	0.00444	0.00355	0.01066
98	0.02558	0.13717	0.02914	0.02811	0.20386	0.29009	0.01813	0.05582	0.08784	0.02503	0.01597	0.01823	0.01310	0.00835	0.00750	0.00226	0.01142	0.00631	0.00473	0.01136
99	0.02810	0.03100	0.07593	0.02250	0.02852	0.28641	0.09334	0.23866	0.02749	0.03271	0.01588	0.01798	0.01213	0.00909	0.00903	0.00245	0.04482	0.00680	0.00559	0.01157
100	0.02596	0.01871	0.02011	0.01603	0.02081	0.02045	0.01262	0.44479	0.03132	0.04241	0.02186	0.02884	0.01840	0.17701	0.01629	0.00379	0.00857	0.00860	0.05186	0.01157
101	0.02521	0.02853	0.02654	0.02848	0.17557	0.31946	0.01885	0.05503	0.02033	0.02333	0.01333	0.01737	0.01150	0.00990	0.01285	0.00262	0.18986	0.00644	0.00426	0.01054
102	0.01585	0.01305	0.01920	0.02552	0.23717	0.01306	0.01414	0.06749	0.01825	0.02502	0.02996	0.30332	0.03300	0.12891	0.01473	0.00374	0.00746	0.01476	0.00607	0.00931
103	0.01370	0.01057	0.01285	0.01265	0.01496	0.01084	0.00957	0.02180	0.16943	0.03049	0.32893	0.18595	0.05831	0.01796	0.00979	0.00292	0.00506	0.06680	0.00856	0.00887
104	0.03039	0.03743	0.02293	0.02070	0.02500	0.61439	0.01560	0.06151	0.02403	0.02235	0.01380	0.01591	0.01132	0.00868	0.00746	0.00215	0.01422	0.00556	0.03682	0.00977
105	0.02564	0.02926	0.02683	0.09984	0.14181	0.34795	0.05313	0.05908	0.05869	0.02439	0.01527	0.01852	0.01233	0.00875	0.00888	0.00243	0.04523	0.00663	0.00459	0.01071
106	0.02371	0.13769	0.03131	0.09626	0.29576	0.20126	0.02042	0.05335	0.02051	0.02458	0.01431	0.01798	0.01192	0.00787	0.00756	0.00230	0.01119	0.00636	0.00421	0.01145
107	0.01141	0.00928	0.01021	0.00983	0.01253	0.00849	0.00741	0.01600	0.07573	0.02706	0.26379	0.06979	0.41077	0.01886	0.00969	0.00274	0.00432	0.01600	0.00824	0.00783
108	0.21663	0.05765	0.01767	0.01343	0.01787	0.01881	0.01068	0.24526	0.02348	0.03687	0.01930	0.02598	0.01659	0.14927	0.01385	0.00353	0.00763	0.00748	0.08795	0.01006
109	0.02183	0.02207	0.05778	0.06198	0.31740	0.09094	0.02020	0.10703	0.09433	0.02991	0.02396	0.02623	0.07044	0.00958	0.00831	0.00253	0.00962	0.00825	0.00546	0.01215
110	0.02663	0.11391	0.17923	0.02116	0.02766	0.44779	0.01935	0.03062	0.02138	0.02168	0.01319	0.01541	0.01065	0.00824	0.00735	0.00222	0.01367	0.00544	0.00402	0.01038
111	0.01121	0.00849	0.01120	0.01141	0.01291	0.00887	0.00842	0.01342	0.01480	0.01983	0.04015	0.11994	0.17700	0.13321	0.36033	0.00904	0.01417	0.01299	0.00566	0.00693
112	0.04700	0.03227	0.37095	0.03316	0.23426	0.01960	0.09318	0.02601	0.01807	0.02703	0.01522	0.01888	0.01153	0.00763	0.00810	0.00259	0.01147	0.00688	0.00384	0.01232
113	0.02033	0.02038	0.03738	0.04717	0.50957	0.02004	0.16922	0.02576	0.01908	0.02701	0.01591	0.02100	0.01303	0.00731	0.00860	0.00255	0.01086	0.00798	0.00413	0.01269
114	0.01058	0.00856	0.00948	0.00956	0.01210	0.00745	0.00738	0.01322	0.01984	0.02480	0.18897	0.07801	0.47631	0.02047	0.01000	0.00288	0.00453	0.08066	0.00798	0.00724
115	0.01782	0.03439	0.43476	0.06143	0.20775	0.01946	0.05605	0.02587	0.01797	0.02632	0.01519	0.01880	0.01137	0.00774	0.00809	0.00260	0.01164	0.00671	0.00371	0.01233
116	0.03049	0.03534	0.02314	0.02043	0.02504	0.53037	0.01558	0.13981	0.02608	0.02654	0.01471	0.01653	0.01175	0.00886	0.00757	0.00220	0.01347	0.00583	0.03588	0.01036
117	0.01002	0.00764	0.00921	0.01047	0.01176	0.00684	0.00722	0.01169	0.01696	0.02164	0.05916	0.48565	0.26329	0.02429	0.01033	0.00318	0.00461	0.02150	0.00771	0.00684
118	0.00992	0.00804	0.00881	0.00942	0.01149	0.00693	0.00676	0.01181	0.01797	0.02205	0.07189	0.27898	0.46174	0.02263	0.01007	0.00299	0.00440	0.01948	0.00771	0.00693
119	0.01950	0.02918	0.21775	0.02857	0.03684	0.09140	0.33234	0.02621	0.01895	0.02527	0.01694	0.05256	0.01375	0.00869	0.00988	0.00275	0.04543	0.00882	0.00415	0.01102
120	0.00982	0.00842	0.00842	0.00842	0.01122	0.00701	0.00631	0.01192	0.01894	0.02244	0.08416	0.07995	0.65285	0.02104	0.00982	0.00281	0.00421	0.01753	0.00771	0.00701
121	0.02056	0.01974	0.03372	0.05099	0.65622	0.01974	0.02550	0.02550	0.01892	0.02714	0.01563	0.02056	0.01316	0.00740	0.00822	0.00247	0.00987	0.00740	0.00411	0.01316
122	0.01931	0.02716	0.23550	0.04226	0.45796	0.01960	0.02716	0.02576	0.01848	0.02687	0.01540	0.01960	0.01232	0.00756	0.00812	0.00252	0.01064	0.00700	0.00392	0.01288
123	0.01030	0.00737	0.00980	0.01145	0.01209	0.00687	0.00773	0.01202	0.01674	0.02253	0.11194	0.63271	0.05750	0.02504	0.01052	0.00329	0.00472	0.02268	0.00787	0.00687
124	0.01010	0.00730	0.00957	0.01138	0.01200	0.00676	0.00763	0.01159	0.01609	0.02128	0.04807	0.66561	0.09049	0.02573	0.01056	0.00334	0.00478	0.02326	0.00771	0.00676
125	0.02651	0.03148	0.02628	0.02855	0.17597	0.41603	0.01864	0.02927	0.02074	0.02191	0.01320	0.01682	0.01132	0.00922	0.01077	0.00245	0.12017	0.00614	0.00414	0.01039
126	0.21764	0.30290	0.02884	0.01582	0.02105	0.18204	0.01368	0.02627	0.01736	0.02439	0.01180	0.01424	0.01026	0.00834	0.00793	0.00225	0.07628	0.00495	0.00415	0.00983
127	0.01073	0.00845	0.00967	0.00937	0.01178	0.00740	0.00703	0.01368	0.02108	0.02753	0.34999	0.07157	0.38384	0.01914	0.00981	0.00272	0.00407	0.01636	0.00838	0.00740
128	0.02449	0.02869	0.02451	0.02161	0.02371	0.34424	0.01713	0.02646	0.01804	0.02016	0.01186	0.01661	0.01080	0.01160	0.01755	0.00290	0.36000	0.00633	0.00395	0.00935
129	0.01820	0.02126	0.12029	0.01751	0.04738	0.07479	0.01487	0.05341	0.25354	0.02883	0.04081	0.06784	0.17987	0.01337	0.00870	0.00272	0.00780	0.01102	0.00689	0.01092
130	0.00982	0.00842	0.00842	0.00842	0.01122	0.00701	0.00631	0.01192	0.01894	0.02244	0.08416	0.07995	0.65285	0.02104	0.00982	0.00281	0.00421	0.01753	0.00771	0.00701
131	0.01339	0.00956	0.01339	0.01530	0.01721	0.00956	0.01339	0.01721	0.01912	0.02486	0.04399	0.09371	0.04781	0.02295	0.01147	0.00382	0.00765	0.60031	0.00765	0.00765
132	0.02373	0.02237	0.06041	0.03650	0.30774	0.02190	0.14114	0.21850	0.02543	0.03506	0.01721	0.02060	0.01325	0.00817	0.00855	0.00255	0.01055	0.00785	0.00545	0.01305
133	0.01280	0.01080	0.01144	0.01120	0.01436	0.01056	0.00872	0.02021	0.16787	0.02565	0.06772	0.06974	0.43665	0.01891	0.00967	0.00292	0.00515	0.07919	0.00788	0.00855
134	0.01723	0.01477	0.01723	0.01230	0.01969	0.01107	0.00984	0.02092	0.01723	0.02707	0.01477	0.01723	0.01230	0.00615	0.00615	0.00123	0.00615	0.00492	0.00492	0.75883
135	0.01867	0.02318	0.13391	0.24625	0.23372	0.04800	0.12754	0.02479	0.01828	0.02473	0.01532	0.02066	0.01187	0.00775	0.00843	0.00263	0.01157	0.00751	0.00390	0.01127
136	0.01812	0.02135	0.09156	0.30856	0.09519	0.13068	0.02034	0.02294	0.01747	0.02176	0.01603	0.02238	0.01308	0.01906	0.14193	0.00474	0.01401	0.00720	0.00396	0.00962
137	0.01339	0.00956	0.01339	0.01530	0.01721	0.00956	0.01339	0.01721	0.01912	0.02486	0.04399	0.09371	0.04781	0.02295	0.01147	0.00382	0.00765	0.60031	0.00765	0.00765
138	0.01201	0.00834	0.01049	0.01049	0.01098	0.00883	0.00682	0.01300	0.01250	0.01717	0.02487	0.04713	0.02706	0.49294	0.25309	0.00982	0.01278	0.01102	0.00484	0.00583
139	0.02717	0.20970	0.02909	0.04899	0.02510	0.02634	0.01510	0.40032	0.03042	0.03989	0.01777	0.02021	0.01395	0.04884	0.00943	0.00263	0.00910	0.00691	0.00661	0.01243
140	0.01185	0.00940	0.01475	0.01421	0.01573	0.00936	0.07547	0.01407	0.01517	0.02063	0.03426	0.37769	0.03869	0.12711	0.17451	0.00636	0.01046	0.01698	0.00617	0.00716
141	0.00982	0.00842	0.00842	0.00842	0.01122	0.00701	0.00631	0.01192	0.01894	0.02244	0.08416	0.07995	0.65285	0.02104	0.00982	0.00281	0.00421	0.01753	0.00771	0.00701
142	0.01229	0.00887	0.01042	0.01066	0.01283	0.00812	0.00774	0.01575	0.05577	0.05791	0.14628	0.29112	0.28937	0.02107	0.00993	0.00297	0.00467	0.01835	0.00810	0.00778
143	0.01564	0.02409	0.24649	0.13638	0.08872	0.01622	0.10458	0.02161	0.01718	0.02400	0.02231	0.16670	0.02152	0.04492	0.01046	0.00308	0.01031	0.01096	0.00465	0.01017
144	0.25942	0.01945	0.02584	0.06747	0.38682	0.05639	0.01957	0.02538	0.01754	0.02971	0.01413	0.01806	0.01159	0.00761	0.00720	0.00250	0.00912	0.00636	0.00443	0.01144
145	0.02035	0.23898	0.10954	0.07258	0.35160	0.02372	0.02243	0.02515	0.01799	0.02433	0.01422	0.01804	0.01195	0.00742	0.00729	0.00229	0.00991	0.00633	0.00384	0.01205
146	0.01187	0.00890	0.01335	0.01335	0.01483	0.01038	0.01038	0.01483	0.01335	0.01928	0.02225	0.03264	0.02077	0.06231	0.67512	0.01335	0.02225	0.00890	0.00445	0.00742
147	0.01291	0.01096	0.01149	0.01115	0.01438	0.01076	0.00863	0.02071	0.18086	0.02583	0.06801	0.06826	0.44371	0.01864	0.00959	0.00289	0.00508	0.05960	0.00790	0.00866
148	0.02031	0.02430	0.11936	0.03787	0.30761	0.05195	0.18761	0.02831	0.08707	0.02739	0.01770	0.02153	0.01387	0.00784	0.00860	0.00260	0.01120	0.00801	0.00454	0.01234
149	0.06805	0.01978	0.02239	0.01724	0.02374	0.02076	0.01424	0.39750	0.03262	0.26175	0.02397	0.02251	0.01611	0.00997	0.00818	0.00252	0.00830	0.00764	0.00884	0.01389
150	0.01010	0.00730	0.00957	0.01139	0.01200	0.00676	0.00763	0.01159	0.01608	0.02128	0.04797	0.66719	0.08897	0.02574	0.01056	0.00334	0.00478	0.02327	0.00771	0.00676
151	0.01933	0.02248	0.10500	0.11288	0.34353	0.01993	0.20294	0.02545	0.01872	0.02625	0.01580	0.02096	0.01249	0.00744	0.00866	0.00262	0.01148	0.00797	0.00403	0.01206
152	0.01130	0.00819	0.01092	0.01269	0.01389	0.00781	0.00969	0.01368	0.01734	0.02266	0.04829	0.42631	0.10172	0.02448	0.01086	0.00349	0.00581	0.23607	0.00769	0.00710
153	0.01208	0.00805	0.00906	0.00906	0.00906	0.00805	0.00503	0.01208	0.01208	0.01611	0.02618	0.05436	0.03020	0.70804	0.04228	0.00805	0.00805	0.01208	0.00503	0.00503
154	0.01043	0.00861	0.00927	0.00960	0.01225	0.00745	0.00753	0.01283	0.01897	0.02286	0.07727	0.08231	0.54908	0.02137	0.01010	0.00298	0.00480	0.11748	0.00770	0.00712
155	0.06091	0.10869	0.39672	0.02807	0.15814	0.02093	0.06201	0.02590	0.01767	0.02638	0.01461	0.01775	0.01110	0.00765	0.00764	0.00251	0.01119	0.00633	0.00377	0.01203
156	0.02564	0.01142	0.01526	0.01296	0.01720	0.01004	0.01018	0.02861	0.02201	0.38254	0.16230	0.16100	0.07442	0.01511	0.00914	0.00274	0.00586	0.01300	0.00944	0.01112
157	0.01235	0.00879	0.01030	0.00973	0.01236	0.00770	0.00737	0.01535	0.02134	0.06548	0.34308	0.06862	0.35016	0.01853	0.00972	0.00270	0.00424	0.01583	0.00853	0.00782
158	0.01723	0.01477	0.01723	0.01230	0.01969	0.01107	0.00984	0.02092	0.01723	0.02707	0.01477	0.01723	0.01230	0.00615	0.00615	0.00123	0.00615	0.00492	0.00492	0.75883
159	0.01208	0.00805	0.00906	0.00906	0.00906	0.00805	0.00503	0.01208	0.01208	0.01611	0.02618	0.05436	0.03020	0.70804	0.04228	0.00805	0.00805	0.01208	0.00503	0.00503
160	0.01161	0.00786	0.00920	0.00966	0.00978	0.00774	0.00567	0.01196	0.01300	0.01733	0.03087	0.20950	0.03612	0.54483	0.03470	0.00693	0.00728	0.01484	0.00567	0.00544
161	0.01552	0.04146	0.01910	0.01647	0.01757	0.04538	0.01315	0.01768	0.01355	0.01926	0.01755	0.02801	0.01723	0.11019	0.30538	0.00815	0.27389	0.00830	0.00416	0.00801
162	0.02205	0.13541	0.03838	0.03678	0.30789	0.05315	0.19465	0.02697	0.01929	0.06315	0.01618	0.02009	0.01291	0.00747	0.00817	0.00244	0.01097	0.00756	0.00442	0.01208
163	0.03103	0.03959	0.02354	0.02140	0.02568	0.67469	0.01605	0.03317	0.02354	0.02033	0.01284	0.01498	0.01070	0.00856	0.00749	0.00214	0.01498	0.00535	0.00428	0.00963
164	0.01750	0.01679	0.02902	0.44402	0.25618	0.01901	0.05318	0.02291	0.01753	0.02346	0.01515	0.02163	0.01184	0.00794	0.00835	0.00267	0.01082	0.00751	0.00386	0.01063
165	0.08720	0.21739	0.02958	0.02016	0.05979	0.11724	0.01618	0.08026	0.01833	0.02483	0.01253	0.01626	0.01108	0.01017	0.01352	0.00264	0.24225	0.00599	0.00429	0.01031
166	0.01118	0.00858	0.01083	0.04330	0.01490	0.00812	0.00908	0.01361	0.01787	0.02285	0.09136	0.27074	0.24403	0.05553	0.01192	0.00344	0.00563	0.14247	0.00746	0.00712
167	0.01859	0.01698	0.01900	0.22243	0.03011	0.10232	0.01480	0.12246	0.02322	0.02943	0.17935	0.06362	0.09827	0.01280	0.00881	0.00263	0.00854	0.01072	0.00647	0.00943
168	0.01678	0.01224	0.01369	0.01142	0.01593	0.01089	0.00898	0.09829	0.02213	0.08143	0.11775	0.05225	0.31557	0.01503	0.00870	0.00238	0.00549	0.01245	0.00756	0.17104
169	0.01208	0.00805	0.00906	0.00906	0.00906	0.00805	0.00503	0.01208	0.01208	0.01611	0.02618	0.05436	0.03020	0.70804	0.04228	0.00805	0.00805	0.01208	0.00503	0.00503
170	0.01640	0.01475	0.02721	0.19507	0.03436	0.01498	0.21689	0.02070	0.01797	0.05136	0.08034	0.10523	0.05612	0.05235	0.01263	0.04804	0.00981	0.01144	0.00534	0.00902
171	0.02502	0.20720	0.02496	0.01626	0.02072	0.34809	0.01312	0.02771	0.02034	0.02267	0.01592	0.01838	0.01323	0.00845	0.00653	0.00200	0.01074	0.00569	0.18355	0.00945
172	0.01012	0.00723	0.00964	0.01157	0.01205	0.00675	0.00771	0.01157	0.01591	0.02121	0.04579	0.70262	0.05495	0.02603	0.01060	0.00337	0.00482	0.02362	0.00771	0.00675
173	0.01188	0.00885	0.01310	0.01310	0.01449	0.01025	0.01007	0.01467	0.01328	0.01910	0.02249	0.03393	0.02133	0.10069	0.63750	0.01304	0.02141	0.00909	0.00449	0.00728
174	0.01096	0.00791	0.01054	0.01223	0.01325	0.00749	0.00899	0.01313	0.01721	0.02273	0.07653	0.49102	0.08839	0.02457	0.01073	0.00341	0.00542	0.16068	0.00777	0.00703
175	0.02221	0.71304	0.04353	0.01421	0.02132	0.03287	0.01421	0.02488	0.01688	0.01955	0.01155	0.01333	0.01066	0.00711	0.00533	0.00178	0.00888	0.00444	0.00355	0.01066
176	0.02120	0.01325	0.01384	0.01178	0.01538	0.01414	0.00935	0.23547	0.02510	0.03856	0.02456	0.02706	0.01875	0.00978	0.00670	0.00213	0.00574	0.00765	0.48956	0.01001
177	0.02582	0.11224	0.19311	0.02270	0.05939	0.40210	0.02013	0.03011	0.02103	0.02214	0.01338	0.01575	0.01077	0.00817	0.00740	0.00224	0.01336	0.00556	0.00399	0.01061
178	0.03039	0.03852	0.02364	0.02142	0.02549	0.64225	0.01616	0.03251	0.02300	0.02031	0.01274	0.01514	0.01071	0.00886	0.00848	0.00221	0.04885	0.00545	0.00425	0.00960
179	0.01082	0.00773	0.01044	0.01236	0.01315	0.00735	0.00892	0.01277	0.01659	0.02198	0.04540	0.57312	0.05343	0.02537	0.01079	0.00347	0.00542	0.14627	0.00770	0.00694
180	0.03624	0.01558	0.05154	0.01523	0.02194	0.01256	0.01313	0.03978	0.02347	0.63022	0.03188	0.02774	0.02006	0.01016	0.00833	0.00257	0.00733	0.00824	0.00994	0.01404
181	0.03029	0.03313	0.02405	0.06033	0.02758	0.43727	0.01639	0.21449	0.02787	0.03018	0.01513	0.01693	0.01177	0.00898	0.00779	0.00229	0.01296	0.00612	0.00548	0.01098
182	0.00982	0.00842	0.00842	0.00842	0.01122	0.00701	0.00631	0.01192	0.01894	0.02244	0.08416	0.07995	0.65285	0.02104	0.00982	0.00281	0.00421	0.01753	0.00771	0.00701
183	0.03727	0.01414	0.01928	0.01478	0.02121	0.01221	0.01221	0.04049	0.02378	0.66198	0.03277	0.02828	0.02056	0.01028	0.00835	0.00257	0.00707	0.00835	0.01028	0.01414
184	0.01549	0.00774	0.00774	0.00774	0.00968	0.00774	0.00581	0.01936	0.01742	0.03097	0.02710	0.03097	0.02129	0.00968	0.00581	0.00194	0.00387	0.00774	0.75416	0.00774
185	0.01812	0.01460	0.01907	0.01679	0.01915	0.01774	0.01358	0.16295	0.01935	0.02737	0.01893	0.02607	0.01677	0.03814	0.35759	0.00838	0.18261	0.00816	0.00518	0.00943
186	0.01161	0.00820	0.01078	0.01134	0.01202	0.00856	0.00779	0.01309	0.01374	0.01877	0.03048	0.20447	0.03396	0.30514	0.23548	0.00842	0.01180	0.04241	0.00562	0.00633
187	0.01193	0.00866	0.01214	0.01214	0.01320	0.00972	0.00887	0.01405	0.01299	0.01838	0.02336	0.03879	0.02344	0.24525	0.49583	0.01185	0.01823	0.00980	0.00462	0.00674
188	0.01268	0.01885	0.21898	0.01484	0.01898	0.01107	0.01442	0.01640	0.01551	0.02162	0.03122	0.32851	0.03483	0.18345	0.01732	0.00426	0.00798	0.01527	0.00573	0.00810
189	0.01945	0.02624	0.20794	0.04277	0.45830	0.01967	0.05380	0.02577	0.01857	0.02689	0.01548	0.01981	0.01241	0.00752	0.00820	0.00253	0.01072	0.00716	0.00395	0.01283
190	0.01718	0.01858	0.08782	0.03107	0.24168	0.01606	0.14915	0.02170	0.01732	0.02406	0.02143	0.03675	0.02065	0.17673	0.01704	0.00404	0.01031	0.07364	0.00468	0.01011
191	0.01012	0.00723	0.00964	0.01157	0.01205	0.00675	0.00771	0.01157	0.01591	0.02121	0.04579	0.70262	0.05495	0.02603	0.01060	0.00337	0.00482	0.02362	0.00771	0.00675
192	0.05523	0.02390	0.02685	0.17011	0.13158	0.20642	0.05397	0.02544	0.01806	0.02263	0.01340	0.01853	0.01125	0.00964	0.01259	0.00275	0.17683	0.00679	0.00400	0.01003
193	0.10278	0.02327	0.02690	0.11997	0.28834	0.17681	0.02034	0.02606	0.01853	0.02505	0.01389	0.01841	0.01160	0.00861	0.00980	0.00257	0.08542	0.00658	0.00416	0.01090
194	0.33440	0.02413	0.20021	0.05618	0.02586	0.01872	0.01713	0.09146	0.01919	0.11756	0.01641	0.01780	0.01163	0.00838	0.00687	0.00259	0.00874	0.00596	0.00561	0.01117
195	0.05581	0.01501	0.02203	0.06407	0.23146	0.01527	0.05160	0.02312	0.10112	0.02735	0.09556	0.04060	0.16343	0.04543	0.01033	0.00291	0.00764	0.01087	0.00606	0.01033
196	0.02303	0.02403	0.01939	0.01643	0.02170	0.24676	0.01270	0.07743	0.12916	0.02757	0.02529	0.02581	0.08335	0.00980	0.00759	0.00210	0.00936	0.00741	0.00588	0.22520
197	0.02231	0.05551	0.01930	0.01567	0.01992	0.21222	0.01223	0.15602	0.02535	0.03061	0.15407	0.06536	0.11650	0.01290	0.00843	0.00240	0.00880	0.01021	0.00677	0.04541
198	0.06734	0.02324	0.02114	0.10876	0.07845	0.23028	0.01557	0.12229	0.02370	0.02927	0.10436	0.03107	0.05457	0.01117	0.00830	0.00252	0.01017	0.04183	0.00590	0.01008
199	0.13541	0.10698	0.02301	0.08092	0.20060	0.01759	0.01522	0.02244	0.04854	0.02711	0.05391	0.11158	0.05789	0.01141	0.00770	0.00254	0.00753	0.00966	0.04987	0.01010
200	0.05481	0.02079	0.12034	0.04893	0.10821	0.05562	0.01681	0.15485	0.02195	0.03030	0.02500	0.21328	0.02480	0.01657	0.04663	0.00337	0.00955	0.01164	0.00603	0.01052
201	0.06513	0.02776	0.25695	0.02144	0.09221	0.07229	0.01984	0.02661	0.01854	0.09105	0.01637	0.01839	0.01224	0.00764	0.00728	0.00217	0.00965	0.00598	0.00482	0.22364
202	0.05329	0.02299	0.13908	0.02037	0.07472	0.11294	0.01718	0.02515	0.01923	0.09557	0.11662	0.02969	0.02473	0.01155	0.01147	0.00272	0.12717	0.03504	0.05019	0.01030

[dist]
# distance from previous block
# <min> <max>
1	205

[block]
# block no. 2 follows, 22 sequences, length 76
# corresponding to MSA columns:
# 536-611
name=unknown_C
#
# <colnr> <probs for GDERKNQSTAVLIFYWHMCP>
#	G	D	E	R	K	N	Q	S	T	A	V	L	I	F	Y	W	H	M	C	P
0	0.06489	0.02953	0.27151	0.02564	0.08399	0.06639	0.15671	0.07476	0.02025	0.02844	0.02232	0.02483	0.07515	0.00917	0.00837	0.00262	0.01124	0.00814	0.00468	0.01135
1	0.10563	0.02731	0.15689	0.02516	0.12886	0.11364	0.02017	0.14364	0.02156	0.03076	0.01462	0.01781	0.01158	0.00952	0.01123	0.00269	0.13608	0.00652	0.00486	0.01146
2	0.25926	0.18016	0.10705	0.05910	0.08427	0.02156	0.01593	0.02628	0.06153	0.05446	0.01560	0.01802	0.01236	0.01072	0.04022	0.00296	0.00919	0.00589	0.00479	0.01065
3	0.08995	0.08206	0.14220	0.02276	0.11445	0.17479	0.04782	0.02586	0.01959	0.05208	0.04930	0.02726	0.09783	0.01004	0.00783	0.00244	0.01025	0.00796	0.00503	0.01050
4	0.01966	0.01639	0.02200	0.02073	0.09697	0.05545	0.08689	0.05892	0.04566	0.05397	0.05093	0.02578	0.01908	0.01225	0.04324	0.00292	0.07829	0.00795	0.19217	0.09074
