[name]
unknown

[dist]
# distance from previous block
# <min> <max>
0	14

[block]
# block no. 0 follows, 23 sequences, length 72
# corresponding to MSA columns:
# 14-85
name=unknown_A
#
# <colnr> <probs for GDERKNQSTAVLIFYWHMCP>
#	G	D	E	R	K	N	Q	S	T	A	V	L	I	F	Y	W	H	M	C	P
0	0.01308	0.00934	0.01308	0.01494	0.01681	0.00934	0.01308	0.01681	0.01868	0.02428	0.04296	0.09153	0.04670	0.02242	0.01121	0.00374	0.00747	0.60960	0.00747	0.00747
1	0.02271	0.02405	0.02899	0.11245	0.40085	0.19606	0.02180	0.05094	0.02022	0.02508	0.01461	0.01878	0.01203	0.00773	0.00785	0.00236	0.01107	0.00670	0.00418	0.01155
2	0.01763	0.03819	0.53639	0.02724	0.13444	0.05448	0.02841	0.02593	0.01766	0.02551	0.01456	0.01747	0.01070	0.00767	0.00774	0.00252	0.01176	0.00615	0.00356	0.01199
3	0.00989	0.00706	0.00942	0.01130	0.01177	0.00659	0.00753	0.01130	0.01554	0.02071	0.04472	0.70954	0.05367	0.02542	0.01036	0.00330	0.00471	0.02307	0.00753	0.00659
4	0.01582	0.03880	0.61045	0.02191	0.03295	0.01779	0.02788	0.02472	0.01768	0.02634	0.07534	0.02123	0.01652	0.00855	0.00788	0.00257	0.01122	0.00681	0.00394	0.01158
5	0.01857	0.32963	0.40528	0.01920	0.02905	0.02447	0.02315	0.02510	0.01686	0.02289	0.01317	0.01538	0.01034	0.00738	0.00665	0.00222	0.01059	0.00529	0.00345	0.01132
6	0.02129	0.01227	0.01422	0.01228	0.01666	0.01167	0.00969	0.02852	0.16529	0.24856	0.05355	0.04965	0.29316	0.01472	0.00879	0.00266	0.00561	0.01220	0.00857	0.01063
7	0.01159	0.00869	0.01304	0.01304	0.01449	0.01014	0.01014	0.01449	0.01304	0.01884	0.02173	0.03188	0.02029	0.06086	0.68268	0.01304	0.02173	0.00869	0.00435	0.00724
8	0.03031	0.03867	0.02299	0.02090	0.02508	0.68226	0.01568	0.03240	0.02299	0.01986	0.01254	0.01463	0.01045	0.00836	0.00732	0.00209	0.01463	0.00523	0.00418	0.00941
9	0.01062	0.00911	0.00920	0.00903	0.01195	0.00815	0.00681	0.01470	0.07981	0.02309	0.07742	0.07344	0.59912	0.01962	0.00946	0.00274	0.00433	0.01635	0.00761	0.00743
10	0.01513	0.00756	0.00756	0.00756	0.00945	0.00756	0.00567	0.01891	0.01702	0.03025	0.02647	0.03025	0.02080	0.00945	0.00567	0.00189	0.00378	0.00756	0.75988	0.00756
11	0.01323	0.01104	0.01589	0.01495	0.01592	0.01388	0.01181	0.01565	0.01280	0.01882	0.01905	0.02953	0.01834	0.09123	0.46729	0.01019	0.20020	0.00848	0.00417	0.00752
12	0.25471	0.01733	0.01696	0.01385	0.01891	0.01927	0.01131	0.31715	0.02618	0.04216	0.01847	0.01985	0.01376	0.00900	0.00665	0.00234	0.00702	0.00647	0.16769	0.01093
13	0.77215	0.01569	0.01193	0.01067	0.01569	0.01820	0.00879	0.02385	0.01381	0.03641	0.01130	0.01318	0.00879	0.00753	0.00502	0.00251	0.00628	0.00439	0.00502	0.00879
14	0.07734	0.00990	0.01189	0.01245	0.01446	0.01000	0.00909	0.01944	0.09944	0.08290	0.03914	0.46022	0.04264	0.02045	0.00949	0.00312	0.00544	0.05664	0.00764	0.00831
15	0.03031	0.03867	0.02299	0.02090	0.02508	0.68226	0.01568	0.03240	0.02299	0.01986	0.01254	0.01463	0.01045	0.00836	0.00732	0.00209	0.01463	0.00523	0.00418	0.00941
16	0.01739	0.01582	0.02531	0.03586	0.43069	0.01575	0.01893	0.02280	0.05349	0.02832	0.18943	0.03371	0.05672	0.01045	0.00851	0.00248	0.00771	0.00971	0.00569	0.01123
17	0.00959	0.00822	0.00822	0.00822	0.01096	0.00685	0.00617	0.01165	0.01850	0.02192	0.08220	0.07809	0.66092	0.02055	0.00959	0.00274	0.00411	0.01713	0.00754	0.00685
18	0.01723	0.16185	0.56131	0.02149	0.03259	0.02119	0.02713	0.02545	0.01702	0.02453	0.01398	0.01640	0.01030	0.00757	0.00727	0.00242	0.01141	0.00570	0.00343	0.01171
19	0.01899	0.01816	0.03096	0.19829	0.52429	0.01899	0.02436	0.02394	0.01796	0.02518	0.01507	0.02044	0.01238	0.00743	0.00805	0.00248	0.00991	0.00723	0.00392	0.01197
20	0.01513	0.00756	0.00756	0.00756	0.00945	0.00756	0.00567	0.01891	0.01702	0.03025	0.02647	0.03025	0.02080	0.00945	0.00567	0.00189	0.00378	0.00756	0.75988	0.00756
21	0.01338	0.01152	0.01818	0.01543	0.01835	0.01099	0.14069	0.01698	0.03926	0.02268	0.09764	0.05725	0.15941	0.22909	0.01946	0.00444	0.00786	0.10372	0.00615	0.00751
22	0.01180	0.00787	0.00885	0.00885	0.00885	0.00787	0.00492	0.01180	0.01180	0.01573	0.02557	0.05310	0.02950	0.71483	0.04130	0.00787	0.00787	0.01180	0.00492	0.00492
23	0.33464	0.01342	0.01429	0.01199	0.01682	0.01361	0.00973	0.02793	0.01929	0.27336	0.15665	0.02866	0.02740	0.01040	0.00716	0.00252	0.00599	0.00799	0.00774	0.01043
24	0.02096	0.02117	0.03137	0.08134	0.56060	0.09274	0.02375	0.02551	0.01886	0.02546	0.01492	0.01956	0.01248	0.00740	0.00796	0.00239	0.01026	0.00701	0.00401	0.01226
25	0.01970	0.02513	0.22493	0.03382	0.33538	0.01743	0.02338	0.02563	0.01820	0.07461	0.01619	0.01930	0.01250	0.00742	0.00767	0.00230	0.00965	0.00659	0.00440	0.11576
26	0.01115	0.00828	0.01038	0.00985	0.01191	0.00751	0.00739	0.01466	0.02217	0.03064	0.55662	0.06374	0.18106	0.01730	0.00957	0.00259	0.00388	0.01511	0.00868	0.00751
27	0.02047	0.01785	0.02473	0.03128	0.32551	0.04507	0.01784	0.15263	0.02406	0.03309	0.19035	0.03069	0.03018	0.01034	0.00844	0.00244	0.00813	0.00918	0.00622	0.01150
28	0.01532	0.01442	0.02434	0.69533	0.05589	0.01803	0.02253	0.02073	0.01622	0.02073	0.01442	0.02163	0.01082	0.00811	0.00811	0.00270	0.01082	0.00721	0.00361	0.00901
29	0.02021	0.01765	0.02683	0.40161	0.11435	0.02022	0.06090	0.18456	0.02246	0.02976	0.01598	0.02091	0.01193	0.00836	0.00820	0.00260	0.01037	0.00739	0.00488	0.01083
30	0.00970	0.00822	0.00837	0.00834	0.01103	0.00690	0.00625	0.01186	0.01875	0.02254	0.11572	0.07708	0.62702	0.02032	0.00959	0.00273	0.00409	0.01698	0.00762	0.00690
31	0.02979	0.03780	0.02307	0.02092	0.02493	0.65493	0.01576	0.03187	0.02256	0.01985	0.01246	0.01476	0.01046	0.00860	0.00812	0.00215	0.04312	0.00530	0.00415	0.00938
32	0.26101	0.01506	0.01847	0.02302	0.21333	0.01574	0.01399	0.06097	0.01828	0.03013	0.03106	0.03684	0.15224	0.01175	0.00769	0.00264	0.00713	0.06514	0.00568	0.00982
33	0.01912	0.02386	0.16344	0.20421	0.13649	0.05568	0.02241	0.08367	0.01849	0.02541	0.01419	0.01902	0.01127	0.00935	0.01190	0.00275	0.15706	0.00684	0.00410	0.01072
34	0.01829	0.22469	0.31741	0.02555	0.16336	0.02208	0.02310	0.02440	0.01697	0.02357	0.01426	0.01757	0.01152	0.01086	0.05116	0.00299	0.01120	0.00597	0.00362	0.01142
35	0.01109	0.00879	0.01008	0.01027	0.01239	0.00822	0.00749	0.01534	0.07814	0.02511	0.19716	0.23818	0.30788	0.02006	0.00966	0.00285	0.00442	0.01741	0.00792	0.00753
36	0.01994	0.42356	0.07954	0.08092	0.06133	0.02738	0.06576	0.02358	0.01627	0.02067	0.01231	0.01579	0.01075	0.00809	0.00903	0.00224	0.10324	0.00565	0.00357	0.01035
37	0.01354	0.00987	0.01342	0.01505	0.01709	0.01005	0.01306	0.01853	0.05988	0.02491	0.04231	0.08753	0.04527	0.02167	0.01101	0.00367	0.00740	0.57039	0.00752	0.00782
38	0.01159	0.00869	0.01304	0.01304	0.01449	0.01014	0.01014	0.01449	0.01304	0.01884	0.02173	0.03188	0.02029	0.06086	0.68268	0.01304	0.02173	0.00869	0.00435	0.00724
39	0.01848	0.02050	0.04402	0.03206	0.03957	0.01928	0.56580	0.02497	0.01910	0.02580	0.01936	0.02961	0.01613	0.00857	0.00976	0.00285	0.01299	0.07612	0.00448	0.01056
40	0.00989	0.00706	0.00942	0.01130	0.01177	0.00659	0.00753	0.01130	0.01554	0.02071	0.04472	0.70954	0.05367	0.02542	0.01036	0.00330	0.00471	0.02307	0.00753	0.00659
41	0.01438	0.00780	0.00873	0.00873	0.01052	0.00811	0.00662	0.01797	0.01617	0.02783	0.02546	0.03060	0.02069	0.02037	0.14943	0.00426	0.00759	0.00780	0.59945	0.00750
42	0.00980	0.00823	0.00851	0.00844	0.01109	0.00694	0.00633	0.01205	0.01899	0.02310	0.14627	0.07615	0.59611	0.02011	0.00959	0.00272	0.00408	0.01685	0.00769	0.00694
43	0.00978	0.00798	0.00865	0.00900	0.01121	0.00685	0.00655	0.01181	0.01816	0.02236	0.11198	0.21088	0.49397	0.02132	0.00975	0.00285	0.00422	0.01823	0.00763	0.00685
44	0.01775	0.01775	0.02485	0.02130	0.02130	0.02485	0.01775	0.01953	0.01243	0.01953	0.01065	0.01775	0.01065	0.01420	0.02663	0.00355	0.69998	0.00710	0.00355	0.00888
45	0.01159	0.00869	0.01304	0.01304	0.01449	0.01014	0.01014	0.01449	0.01304	0.01884	0.02173	0.03188	0.02029	0.06086	0.68268	0.01304	0.02173	0.00869	0.00435	0.00724
46	0.01915	0.02189	0.04788	0.03420	0.04241	0.02052	0.63475	0.02599	0.01915	0.02599	0.01642	0.02189	0.01231	0.00684	0.00958	0.00274	0.01368	0.00958	0.00410	0.01094
47	0.01020	0.00757	0.01011	0.04456	0.01388	0.00722	0.00816	0.01196	0.01614	0.02133	0.07315	0.59493	0.10314	0.02378	0.01015	0.00319	0.00492	0.02143	0.00740	0.00678
48	0.01928	0.01157	0.01200	0.01050	0.01361	0.01222	0.00825	0.18241	0.02261	0.03578	0.02462	0.02740	0.01895	0.00953	0.00632	0.00203	0.00514	0.00749	0.56107	0.00921
49	0.03031	0.03867	0.02299	0.02090	0.02508	0.68226	0.01568	0.03240	0.02299	0.01986	0.01254	0.01463	0.01045	0.00836	0.00732	0.00209	0.01463	0.00523	0.00418	0.00941
50	0.01895	0.01813	0.03089	0.20319	0.51967	0.01898	0.02434	0.02391	0.01794	0.02514	0.01506	0.02045	0.01237	0.00744	0.00805	0.00248	0.00992	0.00723	0.00392	0.01194
51	0.01655	0.07673	0.64047	0.02265	0.03439	0.01952	0.02915	0.02563	0.01710	0.02536	0.01439	0.01692	0.01029	0.00767	0.00758	0.00253	0.01182	0.00591	0.00343	0.01191
52	0.02003	0.01942	0.03374	0.04897	0.63088	0.01935	0.05759	0.02496	0.01851	0.02648	0.01532	0.02018	0.01282	0.00721	0.00812	0.00243	0.00986	0.00736	0.00402	0.01275
53	0.00988	0.00798	0.00879	0.00911	0.01127	0.00689	0.00664	0.01201	0.01841	0.02294	0.14389	0.21007	0.46153	0.02111	0.00975	0.00284	0.00420	0.01809	0.00770	0.00689
54	0.01159	0.00869	0.01304	0.01304	0.01449	0.01014	0.01014	0.01449	0.01304	0.01884	0.02173	0.03188	0.02029	0.06086	0.68268	0.01304	0.02173	0.00869	0.00435	0.00724
55	0.02008	0.01928	0.03294	0.04981	0.66422	0.01928	0.02490	0.02490	0.01848	0.02651	0.01526	0.02008	0.01285	0.00723	0.00803	0.00241	0.00964	0.00723	0.00402	0.01285
56	0.01093	0.00865	0.01008	0.01080	0.01320	0.00780	0.00882	0.01363	0.01857	0.02283	0.06715	0.08324	0.42536	0.02127	0.01021	0.00312	0.00540	0.24435	0.00751	0.00709
57	0.03135	0.02192	0.02385	0.01829	0.02476	0.02396	0.01511	0.58292	0.03680	0.10729	0.02062	0.02022	0.01437	0.00977	0.00812	0.00244	0.00875	0.00738	0.00829	0.01380
58	0.01253	0.00839	0.01159	0.01159	0.01316	0.00946	0.00896	0.01566	0.01409	0.02186	0.02299	0.03145	0.02042	0.04726	0.50363	0.01009	0.01699	0.00839	0.20416	0.00733
59	0.01091	0.00870	0.00983	0.00947	0.01195	0.00785	0.00713	0.01475	0.05136	0.02702	0.32500	0.06833	0.38168	0.01840	0.00952	0.00266	0.00410	0.01569	0.00816	0.00749
60	0.01888	0.02377	0.10653	0.03316	0.04172	0.02036	0.57799	0.02596	0.01896	0.02596	0.01624	0.02144	0.01212	0.00692	0.00940	0.00272	0.01352	0.00924	0.00404	0.01104
61	0.01916	0.40320	0.33687	0.01820	0.02750	0.02591	0.02140	0.02495	0.01679	0.02218	0.01281	0.01494	0.01035	0.00730	0.00638	0.00213	0.01023	0.00511	0.00345	0.01115
62	0.02399	0.53845	0.03732	0.01575	0.02196	0.20515	0.01436	0.02645	0.01822	0.01930	0.01162	0.01345	0.01042	0.00732	0.00577	0.00183	0.01026	0.00457	0.00366	0.01015
63	0.01145	0.00812	0.01091	0.01257	0.01359	0.00790	0.00959	0.01369	0.01646	0.02168	0.04185	0.37443	0.04803	0.10061	0.01415	0.00399	0.00623	0.27077	0.00722	0.00678
64	0.02257	0.45567	0.14943	0.01700	0.02425	0.16783	0.01710	0.02626	0.01798	0.02042	0.01213	0.01408	0.01040	0.00738	0.00610	0.00196	0.01053	0.00482	0.00361	0.01048
65	0.01049	0.00831	0.00960	0.01035	0.01252	0.00742	0.00807	0.01285	0.01807	0.02230	0.06664	0.18207	0.41406	0.02178	0.01011	0.00307	0.00503	0.16278	0.00752	0.00696
66	0.02459	0.01704	0.01852	0.04952	0.02129	0.01869	0.01240	0.39091	0.02969	0.04233	0.02165	0.02333	0.01608	0.00956	0.00727	0.00226	0.00724	0.00739	0.26887	0.01139
67	0.03031	0.03867	0.02299	0.02090	0.02508	0.68226	0.01568	0.03240	0.02299	0.01986	0.01254	0.01463	0.01045	0.00836	0.00732	0.00209	0.01463	0.00523	0.00418	0.00941
68	0.06577	0.01832	0.01920	0.01555	0.02070	0.02029	0.01260	0.38185	0.12620	0.04328	0.02260	0.02308	0.01670	0.00976	0.00745	0.00237	0.00731	0.00749	0.16742	0.01206
69	0.01180	0.00787	0.00885	0.00885	0.00885	0.00787	0.00492	0.01180	0.01180	0.01573	0.02557	0.05310	0.02950	0.71483	0.04130	0.00787	0.00787	0.01180	0.00492	0.00492
70	0.01172	0.00818	0.01042	0.01042	0.01097	0.00872	0.00688	0.01281	0.01227	0.01690	0.02413	0.04513	0.02604	0.46935	0.28205	0.00981	0.01307	0.01063	0.00470	0.00579
71	0.02169	0.71972	0.04252	0.01388	0.02083	0.03211	0.01388	0.02430	0.01649	0.01909	0.01128	0.01302	0.01041	0.00694	0.00521	0.00174	0.00868	0.00434	0.00347	0.01041

[dist]
# distance from previous block
# <min> <max>
0	1

[block]
# block no. 1 follows, 23 sequences, length 48
# corresponding to MSA columns:
# 87-134
name=unknown_B
#
# <colnr> <probs for GDERKNQSTAVLIFYWHMCP>
#	G	D	E	R	K	N	Q	S	T	A	V	L	I	F	Y	W	H	M	C	P
0	0.36436	0.01718	0.02251	0.09171	0.31057	0.01867	0.01730	0.02403	0.01613	0.03051	0.01337	0.01706	0.01080	0.00745	0.00666	0.00248	0.00821	0.00593	0.00444	0.01063
1	0.01658	0.08022	0.63722	0.02261	0.03431	0.01959	0.02907	0.02562	0.01710	0.02532	0.01438	0.01690	0.01029	0.00767	0.00757	0.00252	0.01180	0.00590	0.00343	0.01190
2	0.01641	0.01258	0.01507	0.01418	0.01675	0.01406	0.01085	0.11912	0.14804	0.02835	0.03029	0.23056	0.02969	0.02672	0.16601	0.00524	0.04204	0.01271	0.05202	0.00933
3	0.02008	0.01928	0.03294	0.04981	0.66422	0.01928	0.02490	0.02490	0.01848	0.02651	0.01526	0.02008	0.01285	0.00723	0.00803	0.00241	0.00964	0.00723	0.00402	0.01285
4	0.01219	0.00899	0.01189	0.01337	0.01534	0.00868	0.01136	0.01546	0.01847	0.02361	0.05107	0.12208	0.17257	0.02220	0.01083	0.00351	0.00664	0.45695	0.00749	0.00730
5	0.01159	0.00869	0.01304	0.01304	0.01449	0.01014	0.01014	0.01449	0.01304	0.01884	0.02173	0.03188	0.02029	0.06086	0.68268	0.01304	0.02173	0.00869	0.00435	0.00724
6	0.01191	0.00843	0.01094	0.01203	0.01323	0.00824	0.00924	0.01421	0.01670	0.02201	0.09054	0.18180	0.07592	0.20290	0.01870	0.00459	0.00665	0.27837	0.00694	0.00664
7	0.03085	0.02273	0.02435	0.01867	0.02516	0.02516	0.01542	0.63716	0.03815	0.05114	0.01948	0.01948	0.01380	0.00974	0.00812	0.00244	0.00893	0.00731	0.00812	0.01380
8	0.02362	0.18202	0.03211	0.03271	0.32290	0.18891	0.01957	0.06120	0.02027	0.02456	0.01392	0.01709	0.01175	0.00759	0.00722	0.00218	0.01064	0.00608	0.00417	0.01149
9	0.02169	0.71972	0.04252	0.01388	0.02083	0.03211	0.01388	0.02430	0.01649	0.01909	0.01128	0.01302	0.01041	0.00694	0.00521	0.00174	0.00868	0.00434	0.00347	0.01041
10	0.77215	0.01569	0.01193	0.01067	0.01569	0.01820	0.00879	0.02385	0.01381	0.03641	0.01130	0.01318	0.00879	0.00753	0.00502	0.00251	0.00628	0.00439	0.00502	0.00879
11	0.02537	0.03329	0.20090	0.02046	0.02738	0.26708	0.01920	0.17337	0.10020	0.03047	0.01718	0.01833	0.01291	0.00882	0.00772	0.00238	0.01159	0.00640	0.00538	0.01156
12	0.01032	0.00812	0.00932	0.00929	0.01148	0.00712	0.00686	0.01295	0.01981	0.02569	0.29042	0.14132	0.37914	0.01963	0.00967	0.00273	0.00407	0.01688	0.00805	0.00712
13	0.77215	0.01569	0.01193	0.01067	0.01569	0.01820	0.00879	0.02385	0.01381	0.03641	0.01130	0.01318	0.00879	0.00753	0.00502	0.00251	0.00628	0.00439	0.00502	0.00879
14	0.01513	0.00756	0.00756	0.00756	0.00945	0.00756	0.00567	0.01891	0.01702	0.03025	0.02647	0.03025	0.02080	0.00945	0.00567	0.00189	0.00378	0.00756	0.75988	0.00756
15	0.00989	0.00706	0.00942	0.01130	0.01177	0.00659	0.00753	0.01130	0.01554	0.02071	0.04472	0.70954	0.05367	0.02542	0.01036	0.00330	0.00471	0.02307	0.00753	0.00659
16	0.01180	0.00787	0.00885	0.00885	0.00885	0.00787	0.00492	0.01180	0.01180	0.01573	0.02557	0.05310	0.02950	0.71483	0.04130	0.00787	0.00787	0.01180	0.00492	0.00492
17	0.02338	0.02259	0.01604	0.01452	0.01790	0.29923	0.01104	0.09290	0.02191	0.02809	0.01972	0.02236	0.01558	0.00902	0.00665	0.00204	0.00901	0.00653	0.35244	0.00904
18	0.02515	0.02894	0.02032	0.01851	0.02261	0.40524	0.01405	0.03391	0.22140	0.02437	0.02268	0.02339	0.04478	0.01258	0.04411	0.00292	0.01193	0.00720	0.00564	0.01027
19	0.02570	0.12737	0.13210	0.01984	0.02572	0.41136	0.01747	0.03144	0.09229	0.02232	0.01503	0.01661	0.01204	0.00837	0.00721	0.00220	0.01247	0.00568	0.00442	0.01036
20	0.01809	0.26930	0.46138	0.02003	0.03033	0.02329	0.02458	0.02523	0.01692	0.02348	0.01346	0.01575	0.01032	0.00745	0.00687	0.00229	0.01088	0.00544	0.00344	0.01146
21	0.02290	0.02802	0.10241	0.03759	0.38968	0.22993	0.02255	0.02738	0.01976	0.02430	0.01432	0.01802	0.01180	0.00764	0.00777	0.00233	0.01149	0.00645	0.00400	0.01166
22	0.02008	0.01928	0.03294	0.04981	0.66422	0.01928	0.02490	0.02490	0.01848	0.02651	0.01526	0.02008	0.01285	0.00723	0.00803	0.00241	0.00964	0.00723	0.00402	0.01285
23	0.01150	0.00925	0.01386	0.21494	0.02490	0.01000	0.01200	0.01411	0.01574	0.02072	0.03570	0.50475	0.04091	0.02027	0.00969	0.00312	0.00653	0.01835	0.00636	0.00731
24	0.01899	0.01553	0.02340	0.40939	0.09711	0.01792	0.01987	0.12289	0.02067	0.05695	0.01979	0.03033	0.01649	0.01022	0.00850	0.00276	0.00979	0.08406	0.00518	0.01016
25	0.00999	0.00835	0.00877	0.00898	0.01162	0.00713	0.00695	0.01223	0.01852	0.02219	0.07775	0.07962	0.59120	0.02076	0.00977	0.00285	0.00449	0.08438	0.00753	0.00692
26	0.02262	0.25888	0.16165	0.01864	0.02480	0.24774	0.01780	0.02631	0.01844	0.02081	0.01392	0.04803	0.01248	0.00906	0.00844	0.00225	0.06805	0.00610	0.00390	0.01009
27	0.00989	0.00706	0.00942	0.01130	0.01177	0.00659	0.00753	0.01130	0.01554	0.02071	0.04472	0.70954	0.05367	0.02542	0.01036	0.00330	0.00471	0.02307	0.00753	0.00659
28	0.01180	0.00787	0.00885	0.00885	0.00885	0.00787	0.00492	0.01180	0.01180	0.01573	0.02557	0.05310	0.02950	0.71483	0.04130	0.00787	0.00787	0.01180	0.00492	0.00492
29	0.02009	0.01919	0.03219	0.04811	0.63141	0.01933	0.02429	0.02583	0.05067	0.02689	0.01617	0.02060	0.01346	0.00742	0.00804	0.00243	0.00948	0.00733	0.00423	0.01285
30	0.03031	0.03867	0.02299	0.02090	0.02508	0.68226	0.01568	0.03240	0.02299	0.01986	0.01254	0.01463	0.01045	0.00836	0.00732	0.00209	0.01463	0.00523	0.00418	0.00941
31	0.01608	0.15384	0.34911	0.01757	0.02565	0.01830	0.02017	0.02341	0.05212	0.02612	0.15088	0.02964	0.06368	0.01033	0.00778	0.00244	0.00896	0.00831	0.00506	0.01056
32	0.27754	0.01812	0.01884	0.10344	0.02507	0.02080	0.01354	0.22058	0.15960	0.03847	0.01899	0.01997	0.01409	0.00906	0.00710	0.00256	0.00773	0.00671	0.00651	0.01127
33	0.02575	0.17347	0.02586	0.01954	0.05507	0.44130	0.01473	0.02808	0.02094	0.02027	0.02011	0.02158	0.08232	0.00936	0.00717	0.00211	0.01200	0.00646	0.00440	0.00951
34	0.02751	0.03173	0.02590	0.02874	0.20315	0.43398	0.01822	0.08883	0.02320	0.02474	0.01397	0.01662	0.01144	0.00818	0.00759	0.00221	0.01269	0.00599	0.00452	0.01079
35	0.77215	0.01569	0.01193	0.01067	0.01569	0.01820	0.00879	0.02385	0.01381	0.03641	0.01130	0.01318	0.00879	0.00753	0.00502	0.00251	0.00628	0.00439	0.00502	0.00879
36	0.02455	0.02415	0.02971	0.03613	0.35928	0.15612	0.05079	0.16431	0.02386	0.03067	0.01571	0.01892	0.01255	0.00801	0.00798	0.00237	0.01070	0.00695	0.00498	0.01227
37	0.01180	0.00787	0.00885	0.00885	0.00885	0.00787	0.00492	0.01180	0.01180	0.01573	0.02557	0.05310	0.02950	0.71483	0.04130	0.00787	0.00787	0.01180	0.00492	0.00492
38	0.01179	0.00791	0.00906	0.00906	0.00914	0.00798	0.00518	0.01194	0.01186	0.01589	0.02537	0.05202	0.02903	0.68167	0.07383	0.00813	0.00857	0.01164	0.00489	0.00503
39	0.01150	0.00789	0.00957	0.00989	0.01035	0.00780	0.00630	0.01251	0.01417	0.01917	0.10806	0.16167	0.03969	0.45496	0.05849	0.00649	0.00743	0.04238	0.00594	0.00575
40	0.02018	0.01743	0.01835	0.01651	0.02110	0.02018	0.01284	0.04312	0.64956	0.03394	0.03303	0.03027	0.02477	0.01101	0.00826	0.00275	0.00642	0.00917	0.00826	0.01284
41	0.01866	0.01098	0.01134	0.01006	0.01299	0.01152	0.00787	0.15808	0.02177	0.03495	0.02490	0.02783	0.01922	0.00952	0.00622	0.00201	0.00494	0.00750	0.59065	0.00897
42	0.01193	0.00883	0.01157	0.01302	0.01492	0.00847	0.01089	0.01502	0.01828	0.02335	0.05200	0.15866	0.18576	0.02234	0.01075	0.00346	0.00640	0.40965	0.00749	0.00723
43	0.03031	0.03867	0.02299	0.02090	0.02508	0.68226	0.01568	0.03240	0.02299	0.01986	0.01254	0.01463	0.01045	0.00836	0.00732	0.00209	0.01463	0.00523	0.00418	0.00941
44	0.03060	0.03010	0.02372	0.01970	0.02513	0.32890	0.01554	0.35762	0.03115	0.03668	0.01627	0.01724	0.01225	0.00910	0.00775	0.00228	0.01157	0.00634	0.00630	0.01177
45	0.01202	0.00851	0.01042	0.00981	0.01216	0.00761	0.00741	0.01529	0.02167	0.05724	0.46298	0.06430	0.24558	0.01747	0.00951	0.00261	0.00405	0.01511	0.00857	0.00769
46	0.01929	0.01453	0.01651	0.01376	0.01834	0.01413	0.01068	0.22416	0.02359	0.03318	0.02615	0.23135	0.02594	0.01343	0.00803	0.00230	0.00645	0.01142	0.05208	0.23468
47	0.01002	0.00824	0.00881	0.00867	0.01122	0.00703	0.00650	0.01247	0.01950	0.02431	0.21225	0.07416	0.52938	0.01966	0.00959	0.00270	0.00405	0.01657	0.00785	0.00703

[dist]
# distance from previous block
# <min> <max>
0	1

[block]
# block no. 2 follows, 23 sequences, length 39
# corresponding to MSA columns:
# 136-174
name=unknown_C
#
# <colnr> <probs for GDERKNQSTAVLIFYWHMCP>
#	G	D	E	R	K	N	Q	S	T	A	V	L	I	F	Y	W	H	M	C	P
0	0.02754	0.03072	0.02237	0.02159	0.07070	0.43632	0.01546	0.03482	0.17093	0.06316	0.01877	0.01952	0.01460	0.00901	0.00764	0.00230	0.01185	0.00649	0.00549	0.01074
1	0.02169	0.71972	0.04252	0.01388	0.02083	0.03211	0.01388	0.02430	0.01649	0.01909	0.01128	0.01302	0.01041	0.00694	0.00521	0.00174	0.00868	0.00434	0.00347	0.01041
2	0.01123	0.00916	0.01009	0.01030	0.01262	0.00863	0.00753	0.01605	0.10284	0.02399	0.10799	0.23758	0.37183	0.02027	0.00961	0.00287	0.00456	0.01745	0.00773	0.00765
3	0.01775	0.01775	0.02485	0.02130	0.02130	0.02485	0.01775	0.01953	0.01243	0.01953	0.01065	0.01775	0.01065	0.01420	0.02663	0.00355	0.69998	0.00710	0.00355	0.00888
4	0.01925	0.01843	0.03143	0.16276	0.55777	0.01906	0.02449	0.02417	0.01808	0.02550	0.01512	0.02035	0.01250	0.00738	0.00805	0.00246	0.00985	0.00723	0.00394	0.01218
5	0.01892	0.01885	0.02746	0.33497	0.30086	0.08148	0.02240	0.02459	0.04744	0.02364	0.01546	0.02074	0.01227	0.00791	0.00801	0.00253	0.01049	0.00712	0.00405	0.01081
6	0.01180	0.00787	0.00885	0.00885	0.00885	0.00787	0.00492	0.01180	0.01180	0.01573	0.02557	0.05310	0.02950	0.71483	0.04130	0.00787	0.00787	0.01180	0.00492	0.00492
7	0.01180	0.00787	0.00885	0.00885	0.00885	0.00787	0.00492	0.01180	0.01180	0.01573	0.02557	0.05310	0.02950	0.71483	0.04130	0.00787	0.00787	0.01180	0.00492	0.00492
8	0.01180	0.00880	0.01101	0.01206	0.01399	0.00836	0.00988	0.01455	0.01781	0.02251	0.05353	0.08265	0.24239	0.10379	0.01425	0.00390	0.00644	0.34810	0.00719	0.00697
9	0.01480	0.01341	0.01919	0.01734	0.01803	0.01780	0.01410	0.01711	0.01272	0.01920	0.01597	0.02453	0.01527	0.03659	0.34139	0.00810	0.37457	0.00787	0.00393	0.00809
10	0.06219	0.04038	0.63265	0.02237	0.03394	0.01881	0.02869	0.02558	0.01693	0.02635	0.01436	0.01689	0.01019	0.00770	0.00755	0.00257	0.01164	0.00590	0.00352	0.01180
11	0.03085	0.02273	0.02435	0.01867	0.02516	0.02516	0.01542	0.63716	0.03815	0.05114	0.01948	0.01948	0.01380	0.00974	0.00812	0.00244	0.00893	0.00731	0.00812	0.01380
12	0.01180	0.00787	0.00885	0.00885	0.00885	0.00787	0.00492	0.01180	0.01180	0.01573	0.02557	0.05310	0.02950	0.71483	0.04130	0.00787	0.00787	0.01180	0.00492	0.00492
13	0.01513	0.00756	0.00756	0.00756	0.00945	0.00756	0.00567	0.01891	0.01702	0.03025	0.02647	0.03025	0.02080	0.00945	0.00567	0.00189	0.00378	0.00756	0.75988	0.00756
14	0.03085	0.02273	0.02435	0.01867	0.02516	0.02516	0.01542	0.63716	0.03815	0.05114	0.01948	0.01948	0.01380	0.00974	0.00812	0.00244	0.00893	0.00731	0.00812	0.01380
15	0.01180	0.00787	0.00885	0.00885	0.00885	0.00787	0.00492	0.01180	0.01180	0.01573	0.02557	0.05310	0.02950	0.71483	0.04130	0.00787	0.00787	0.01180	0.00492	0.00492
16	0.03031	0.03867	0.02299	0.02090	0.02508	0.68226	0.01568	0.03240	0.02299	0.01986	0.01254	0.01463	0.01045	0.00836	0.00732	0.00209	0.01463	0.00523	0.00418	0.00941
17	0.02821	0.01724	0.01992	0.01631	0.02177	0.01813	0.01325	0.24407	0.17908	0.24093	0.02905	0.05541	0.02187	0.01147	0.00843	0.00264	0.00743	0.04315	0.00870	0.01293
18	0.02961	0.02895	0.02321	0.01941	0.02475	0.30180	0.01529	0.32583	0.08970	0.03632	0.01784	0.01846	0.01343	0.00928	0.00779	0.00232	0.01110	0.00661	0.00647	0.01186
19	0.02977	0.03764	0.02352	0.02245	0.05916	0.64691	0.01617	0.03200	0.02275	0.02021	0.01269	0.01492	0.01058	0.00830	0.00735	0.00211	0.01437	0.00533	0.00417	0.00959
20	0.02123	0.01871	0.01889	0.01684	0.02151	0.05145	0.01312	0.07470	0.58719	0.03421	0.03134	0.02896	0.02351	0.01082	0.00820	0.00270	0.00694	0.00889	0.00806	0.01273
21	0.00989	0.00706	0.00942	0.01130	0.01177	0.00659	0.00753	0.01130	0.01554	0.02071	0.04472	0.70954	0.05367	0.02542	0.01036	0.00330	0.00471	0.02307	0.00753	0.00659
22	0.01076	0.00769	0.01042	0.01230	0.01316	0.00735	0.00906	0.01282	0.01640	0.02170	0.04424	0.53949	0.05175	0.02459	0.01059	0.00342	0.00547	0.18446	0.00752	0.00683
23	0.00966	0.00796	0.00849	0.00891	0.01114	0.00679	0.00647	0.01157	0.01783	0.02165	0.07381	0.21940	0.52503	0.02164	0.00976	0.00286	0.00424	0.01845	0.00753	0.00679
24	0.01159	0.00869	0.01304	0.01304	0.01449	0.01014	0.01014	0.01449	0.01304	0.01884	0.02173	0.03188	0.02029	0.06086	0.68268	0.01304	0.02173	0.00869	0.00435	0.00724
25	0.03006	0.02234	0.02391	0.01851	0.02487	0.02480	0.01523	0.59364	0.08294	0.04988	0.02047	0.02027	0.01460	0.00983	0.00813	0.00246	0.00875	0.00744	0.00813	0.01373
26	0.03641	0.01381	0.01883	0.01444	0.02071	0.01193	0.01193	0.03954	0.02322	0.66984	0.03201	0.02762	0.02009	0.01004	0.00816	0.00251	0.00690	0.00816	0.01004	0.01381
27	0.01627	0.04197	0.67279	0.02313	0.03512	0.01884	0.02998	0.02570	0.01713	0.02570	0.01456	0.01713	0.01028	0.00771	0.00771	0.00257	0.01199	0.00600	0.00343	0.01199
28	0.02955	0.02720	0.02329	0.01915	0.02471	0.23207	0.01523	0.38348	0.09797	0.03945	0.01872	0.01909	0.01390	0.00944	0.00788	0.00236	0.01046	0.00685	0.00689	0.01231
29	0.02176	0.40204	0.17963	0.01992	0.07533	0.13401	0.01864	0.02598	0.01785	0.02128	0.01253	0.01476	0.01058	0.00737	0.00633	0.00203	0.01046	0.00508	0.00362	0.01079
30	0.02169	0.71972	0.04252	0.01388	0.02083	0.03211	0.01388	0.02430	0.01649	0.01909	0.01128	0.01302	0.01041	0.00694	0.00521	0.00174	0.00868	0.00434	0.00347	0.01041
31	0.01310	0.01162	0.01780	0.01567	0.01923	0.01093	0.12655	0.01777	0.05296	0.02453	0.08124	0.06827	0.29203	0.01785	0.01001	0.00303	0.00704	0.19523	0.00697	0.00817
32	0.01821	0.01737	0.02955	0.30381	0.42485	0.01879	0.02397	0.02326	0.01759	0.02424	0.01493	0.02069	0.01205	0.00758	0.00806	0.00253	0.01010	0.00722	0.00385	0.01134
33	0.01041	0.00725	0.00993	0.01145	0.01200	0.00705	0.00780	0.01162	0.01485	0.01998	0.03963	0.57626	0.04665	0.02982	0.09138	0.06362	0.00690	0.02012	0.00684	0.00643
34	0.02008	0.01928	0.03294	0.04981	0.66422	0.01928	0.02490	0.02490	0.01848	0.02651	0.01526	0.02008	0.01285	0.00723	0.00803	0.00241	0.00964	0.00723	0.00402	0.01285
35	0.01981	0.01900	0.03244	0.08679	0.62936	0.01921	0.02477	0.02466	0.01835	0.02618	0.01521	0.02017	0.01274	0.00728	0.00804	0.00243	0.00971	0.00723	0.00399	0.01263
36	0.01667	0.09162	0.62662	0.02245	0.03407	0.01982	0.02880	0.02559	0.01708	0.02521	0.01432	0.01683	0.01029	0.00765	0.00753	0.00251	0.01175	0.00587	0.00343	0.01188
37	0.08498	0.02840	0.02487	0.02656	0.17874	0.31337	0.01731	0.17511	0.02484	0.03025	0.01477	0.01700	0.01171	0.00836	0.00751	0.00228	0.01142	0.00615	0.00515	0.01125
38	0.02856	0.03062	0.02248	0.01951	0.02436	0.38992	0.01508	0.19004	0.14351	0.03053	0.01814	0.01879	0.01398	0.00921	0.00770	0.00230	0.01164	0.00650	0.00595	0.01118

[dist]
# distance from previous block
# <min> <max>
0	1

[block]
# block no. 3 follows, 23 sequences, length 105
# corresponding to MSA columns:
# 176-280
name=unknown_D
#
# <colnr> <probs for GDERKNQSTAVLIFYWHMCP>
#	G	D	E	R	K	N	Q	S	T	A	V	L	I	F	Y	W	H	M	C	P
0	0.01272	0.00950	0.01153	0.01202	0.01361	0.00966	0.00875	0.04752	0.07555	0.02314	0.04137	0.30627	0.10854	0.13564	0.06816	0.00470	0.00721	0.08972	0.00695	0.00746
1	0.01793	0.01900	0.03744	0.02712	0.03421	0.01763	0.42922	0.02365	0.01877	0.02641	0.07560	0.02433	0.01816	0.00790	0.00960	0.00246	0.04020	0.00902	0.00467	0.15668
2	0.02001	0.07299	0.13238	0.03986	0.45979	0.02006	0.02377	0.05575	0.01905	0.02709	0.01505	0.01894	0.01229	0.00736	0.00770	0.00234	0.00975	0.00673	0.00413	0.04496
3	0.02148	0.01914	0.02945	0.12729	0.43079	0.01996	0.02209	0.14674	0.02205	0.03067	0.01596	0.02004	0.01274	0.00780	0.00798	0.00241	0.00951	0.00715	0.00481	0.04191
4	0.02118	0.65525	0.10247	0.01476	0.02219	0.03085	0.01541	0.02443	0.01655	0.01972	0.01159	0.01341	0.01040	0.00701	0.00544	0.00181	0.00899	0.00450	0.00347	0.01056
5	0.01034	0.00759	0.00964	0.01074	0.01186	0.00700	0.00753	0.01232	0.01726	0.02288	0.15257	0.44777	0.15032	0.04792	0.01127	0.00327	0.00472	0.05052	0.00767	0.00679
6	0.01984	0.48771	0.25827	0.01705	0.02572	0.02757	0.01939	0.02478	0.01671	0.02135	0.01240	0.01442	0.01037	0.00720	0.00606	0.00202	0.00981	0.00491	0.00346	0.01095
7	0.01867	0.01134	0.01281	0.01184	0.01523	0.04333	0.00929	0.02129	0.02010	0.20244	0.10309	0.12957	0.26769	0.01743	0.00934	0.00280	0.00584	0.08072	0.00816	0.00902
8	0.01093	0.00709	0.00965	0.01103	0.01137	0.00675	0.00731	0.01115	0.01424	0.01899	0.03692	0.52537	0.04362	0.05562	0.01655	0.17675	0.00538	0.01893	0.00651	0.00582
9	0.02131	0.12543	0.03279	0.07054	0.46525	0.09952	0.02207	0.02551	0.01861	0.02436	0.01431	0.01846	0.01211	0.00736	0.00753	0.00229	0.01014	0.00656	0.00394	0.01191
10	0.02008	0.01928	0.03294	0.04981	0.66422	0.01928	0.02490	0.02490	0.01848	0.02651	0.01526	0.02008	0.01285	0.00723	0.00803	0.00241	0.00964	0.00723	0.00402	0.01285
11	0.00980	0.00740	0.00906	0.01039	0.01153	0.00667	0.00713	0.01140	0.01641	0.02107	0.05577	0.52333	0.23274	0.02398	0.01013	0.00313	0.00453	0.02132	0.00753	0.00667
12	0.03031	0.03867	0.02299	0.02090	0.02508	0.68226	0.01568	0.03240	0.02299	0.01986	0.01254	0.01463	0.01045	0.00836	0.00732	0.00209	0.01463	0.00523	0.00418	0.00941
13	0.02866	0.03522	0.02224	0.02019	0.02444	0.57457	0.01522	0.03414	0.12491	0.02215	0.01587	0.01718	0.01278	0.00879	0.00747	0.00220	0.01330	0.00587	0.00484	0.00997
14	0.55712	0.01644	0.01651	0.01421	0.01812	0.01993	0.03543	0.02287	0.01368	0.03185	0.01134	0.01465	0.00938	0.00915	0.01052	0.00278	0.17727	0.00526	0.00462	0.00889
15	0.01036	0.00822	0.00913	0.00892	0.01122	0.00718	0.00659	0.01288	0.01957	0.02508	0.27107	0.07074	0.42771	0.06175	0.01153	0.00299	0.00425	0.01598	0.00784	0.00700
16	0.01160	0.00865	0.01282	0.01282	0.01420	0.01003	0.00987	0.01435	0.01298	0.01868	0.02193	0.03297	0.02076	0.09451	0.64967	0.01277	0.02102	0.00885	0.00438	0.00712
17	0.01722	0.01449	0.01571	0.01431	0.01811	0.01609	0.01105	0.03386	0.44776	0.03256	0.18392	0.04156	0.09262	0.01315	0.00868	0.00270	0.00561	0.01116	0.00835	0.01111
18	0.01694	0.12558	0.59504	0.02199	0.03336	0.02048	0.02799	0.02552	0.01705	0.02488	0.01416	0.01662	0.01030	0.00761	0.00740	0.00247	0.01158	0.00579	0.00343	0.01180
19	0.02134	0.01900	0.01894	0.01689	0.02155	0.06098	0.01315	0.07250	0.58026	0.03395	0.03109	0.02877	0.02334	0.01078	0.00819	0.00270	0.00705	0.00884	0.00800	0.01268
20	0.01180	0.00787	0.00885	0.00885	0.00885	0.00787	0.00492	0.01180	0.01180	0.01573	0.02557	0.05310	0.02950	0.71483	0.04130	0.00787	0.00787	0.01180	0.00492	0.00492
21	0.77215	0.01569	0.01193	0.01067	0.01569	0.01820	0.00879	0.02385	0.01381	0.03641	0.01130	0.01318	0.00879	0.00753	0.00502	0.00251	0.00628	0.00439	0.00502	0.00879
22	0.01670	0.09553	0.62298	0.02240	0.03399	0.01989	0.02871	0.02559	0.01708	0.02517	0.01430	0.01681	0.01029	0.00765	0.00751	0.00250	0.01173	0.00587	0.00343	0.01187
23	0.01924	0.02164	0.04648	0.03566	0.10063	0.02040	0.57764	0.02589	0.01909	0.02604	0.01631	0.02172	0.01236	0.00688	0.00943	0.00271	0.01330	0.00936	0.00410	0.01112
24	0.01191	0.00809	0.01043	0.01043	0.01092	0.00858	0.00688	0.01263	0.01213	0.01667	0.02334	0.04356	0.02512	0.43577	0.26101	0.06940	0.01257	0.01036	0.00461	0.00561
25	0.02830	0.19779	0.02756	0.01926	0.02409	0.53035	0.01526	0.03051	0.02147	0.01968	0.01225	0.01426	0.01044	0.00803	0.00682	0.00201	0.01324	0.00502	0.00401	0.00964
26	0.01301	0.00824	0.01085	0.01085	0.01247	0.00911	0.00835	0.01626	0.01463	0.02341	0.02363	0.03123	0.02049	0.04027	0.41156	0.00858	0.01454	0.00824	0.30691	0.00737
27	0.03017	0.02609	0.02373	0.01907	0.02494	0.17459	0.01535	0.46883	0.06616	0.04313	0.01860	0.01893	0.01360	0.00949	0.00794	0.00237	0.01010	0.00693	0.00723	0.01275
28	0.01688	0.01183	0.01299	0.01147	0.01320	0.01248	0.00772	0.17867	0.01883	0.02518	0.02394	0.04413	0.02531	0.52669	0.03245	0.00642	0.00815	0.01060	0.00577	0.00729
29	0.01180	0.00787	0.00885	0.00885	0.00885	0.00787	0.00492	0.01180	0.01180	0.01573	0.02557	0.05310	0.02950	0.71483	0.04130	0.00787	0.00787	0.01180	0.00492	0.00492
30	0.01693	0.01724	0.01588	0.01528	0.01751	0.20177	0.01172	0.01960	0.01588	0.01913	0.01911	0.02696	0.01748	0.04589	0.49013	0.00992	0.01971	0.00771	0.00430	0.00786
31	0.00989	0.00706	0.00942	0.01130	0.01177	0.00659	0.00753	0.01130	0.01554	0.02071	0.04472	0.70954	0.05367	0.02542	0.01036	0.00330	0.00471	0.02307	0.00753	0.00659
32	0.01164	0.00850	0.01206	0.01206	0.01317	0.00961	0.00892	0.01386	0.01275	0.01811	0.02263	0.03684	0.02244	0.21365	0.53282	0.01183	0.01849	0.00942	0.00448	0.00670
33	0.01074	0.00772	0.01018	0.01072	0.01196	0.00716	0.00760	0.01344	0.01950	0.02702	0.37259	0.36370	0.06587	0.02071	0.00994	0.00290	0.00424	0.01859	0.00828	0.00716
34	0.01159	0.00869	0.01304	0.01304	0.01449	0.01014	0.01014	0.01449	0.01304	0.01884	0.02173	0.03188	0.02029	0.06086	0.68268	0.01304	0.02173	0.00869	0.00435	0.00724
35	0.03031	0.03867	0.02299	0.02090	0.02508	0.68226	0.01568	0.03240	0.02299	0.01986	0.01254	0.01463	0.01045	0.00836	0.00732	0.00209	0.01463	0.00523	0.00418	0.00941
36	0.01002	0.00716	0.00957	0.01145	0.01198	0.00670	0.00776	0.01153	0.01567	0.02086	0.04465	0.68394	0.05338	0.02530	0.01039	0.00331	0.00482	0.04736	0.00753	0.00663
37	0.01150	0.01031	0.04525	0.01348	0.03955	0.00857	0.01044	0.01443	0.01795	0.02353	0.11043	0.27733	0.19562	0.02102	0.01008	0.00313	0.00574	0.16681	0.00731	0.00750
38	0.02130	0.58681	0.13525	0.01559	0.02315	0.06087	0.01636	0.02489	0.01689	0.02011	0.01183	0.01370	0.01039	0.00712	0.00568	0.00188	0.00945	0.00463	0.00350	0.01060
39	0.03031	0.03867	0.02299	0.02090	0.02508	0.68226	0.01568	0.03240	0.02299	0.01986	0.01254	0.01463	0.01045	0.00836	0.00732	0.00209	0.01463	0.00523	0.00418	0.00941
40	0.02222	0.01906	0.01945	0.01701	0.02188	0.04609	0.01335	0.13472	0.53107	0.03607	0.03015	0.02801	0.02253	0.01071	0.00820	0.00268	0.00712	0.00873	0.00808	0.01286
41	0.01076	0.00827	0.00984	0.00945	0.01168	0.00735	0.00708	0.01391	0.02125	0.02847	0.43834	0.06732	0.30070	0.01811	0.00958	0.00262	0.00394	0.01561	0.00840	0.00735
42	0.02008	0.01928	0.03294	0.04981	0.66422	0.01928	0.02490	0.02490	0.01848	0.02651	0.01526	0.02008	0.01285	0.00723	0.00803	0.00241	0.00964	0.00723	0.00402	0.01285
43	0.01255	0.00924	0.01328	0.01304	0.01472	0.01067	0.01017	0.04092	0.01427	0.02069	0.02184	0.03128	0.02003	0.05650	0.62520	0.01212	0.02042	0.00859	0.03691	0.00753
44	0.00994	0.00823	0.00870	0.00858	0.01117	0.00700	0.00644	0.01232	0.01932	0.02387	0.18818	0.07488	0.55373	0.01982	0.00959	0.00271	0.00406	0.01668	0.00779	0.00700
45	0.01920	0.01657	0.01741	0.01574	0.02016	0.01894	0.01222	0.04019	0.59090	0.03283	0.03760	0.03472	0.08390	0.01190	0.00838	0.00275	0.00621	0.00991	0.00819	0.01229
46	0.01133	0.00838	0.01063	0.01033	0.01237	0.00768	0.00792	0.01486	0.02185	0.03006	0.50945	0.06630	0.16799	0.01777	0.00973	0.00269	0.00421	0.07037	0.00857	0.00751
47	0.02008	0.01928	0.03294	0.04981	0.66422	0.01928	0.02490	0.02490	0.01848	0.02651	0.01526	0.02008	0.01285	0.00723	0.00803	0.00241	0.00964	0.00723	0.00402	0.01285
48	0.02169	0.71972	0.04252	0.01388	0.02083	0.03211	0.01388	0.02430	0.01649	0.01909	0.01128	0.01302	0.01041	0.00694	0.00521	0.00174	0.00868	0.00434	0.00347	0.01041
49	0.01093	0.00827	0.01008	0.00963	0.01178	0.00742	0.00722	0.01425	0.02167	0.02945	0.49197	0.06569	0.24646	0.01774	0.00958	0.00261	0.00391	0.01539	0.00853	0.00742
50	0.02545	0.02005	0.02131	0.01758	0.02311	0.02264	0.01412	0.33651	0.34759	0.04244	0.02634	0.02494	0.01935	0.01038	0.00819	0.00260	0.00766	0.00825	0.00819	0.01332
51	0.24254	0.02018	0.02047	0.01613	0.02219	0.02237	0.01332	0.42570	0.03030	0.08483	0.01792	0.01818	0.01276	0.00913	0.00724	0.00246	0.00805	0.00653	0.00735	0.01237
52	0.01513	0.00756	0.00756	0.00756	0.00945	0.00756	0.00567	0.01891	0.01702	0.03025	0.02647	0.03025	0.02080	0.00945	0.00567	0.00189	0.00378	0.00756	0.75988	0.00756
53	0.01164	0.00850	0.01204	0.01204	0.01314	0.00960	0.00889	0.01385	0.01274	0.01809	0.02265	0.03696	0.02249	0.21733	0.52921	0.01180	0.01842	0.00944	0.00448	0.00669
54	0.01159	0.00869	0.01304	0.01304	0.01449	0.01014	0.01014	0.01449	0.01304	0.01884	0.02173	0.03188	0.02029	0.06086	0.68268	0.01304	0.02173	0.00869	0.00435	0.00724
55	0.03062	0.02933	0.02379	0.01960	0.02513	0.29738	0.01553	0.38663	0.03187	0.03818	0.01661	0.01747	0.01241	0.00917	0.00779	0.00229	0.01129	0.00644	0.00649	0.01198
56	0.01683	0.01442	0.01683	0.01202	0.01923	0.01082	0.00961	0.02043	0.01683	0.02644	0.01442	0.01683	0.01202	0.00601	0.00601	0.00120	0.00601	0.00481	0.00481	0.76444
57	0.01909	0.02083	0.04193	0.03471	0.13879	0.02099	0.44189	0.02482	0.01801	0.02508	0.01534	0.02096	0.01214	0.00804	0.01196	0.00281	0.11885	0.00882	0.00400	0.01093
58	0.01180	0.00787	0.00885	0.00885	0.00885	0.00787	0.00492	0.01180	0.01180	0.01573	0.02557	0.05310	0.02950	0.71483	0.04130	0.00787	0.00787	0.01180	0.00492	0.00492
59	0.00959	0.00822	0.00822	0.00822	0.01096	0.00685	0.00617	0.01165	0.01850	0.02192	0.08220	0.07809	0.66092	0.02055	0.00959	0.00274	0.00411	0.01713	0.00754	0.00685
60	0.02169	0.71972	0.04252	0.01388	0.02083	0.03211	0.01388	0.02430	0.01649	0.01909	0.01128	0.01302	0.01041	0.00694	0.00521	0.00174	0.00868	0.00434	0.00347	0.01041
61	0.01933	0.33322	0.36834	0.01904	0.02846	0.05869	0.02232	0.02544	0.01716	0.02256	0.01305	0.01523	0.01035	0.00741	0.00661	0.00219	0.01070	0.00524	0.00348	0.01118
62	0.02249	0.02227	0.01941	0.01751	0.02201	0.17100	0.01349	0.04068	0.50683	0.03074	0.02836	0.02671	0.02151	0.01041	0.00804	0.00260	0.00829	0.00827	0.00733	0.01206
63	0.03085	0.02273	0.02435	0.01867	0.02516	0.02516	0.01542	0.63716	0.03815	0.05114	0.01948	0.01948	0.01380	0.00974	0.00812	0.00244	0.00893	0.00731	0.00812	0.01380
64	0.01180	0.00787	0.00885	0.00885	0.00885	0.00787	0.00492	0.01180	0.01180	0.01573	0.02557	0.05310	0.02950	0.71483	0.04130	0.00787	0.00787	0.01180	0.00492	0.00492
65	0.01133	0.00829	0.01064	0.01005	0.01203	0.00759	0.00754	0.01502	0.02262	0.03170	0.61428	0.06199	0.12275	0.01690	0.00957	0.00257	0.00385	0.01487	0.00882	0.00759
66	0.01513	0.00756	0.00756	0.00756	0.00945	0.00756	0.00567	0.01891	0.01702	0.03025	0.02647	0.03025	0.02080	0.00945	0.00567	0.00189	0.00378	0.00756	0.75988	0.00756
67	0.00989	0.00706	0.00942	0.01130	0.01177	0.00659	0.00753	0.01130	0.01554	0.02071	0.04472	0.70954	0.05367	0.02542	0.01036	0.00330	0.00471	0.02307	0.00753	0.00659
68	0.03119	0.02218	0.02401	0.01841	0.02489	0.02435	0.01521	0.60056	0.03724	0.08903	0.02025	0.01998	0.01418	0.00976	0.00812	0.00244	0.00880	0.00736	0.00824	0.01380
69	0.01146	0.00856	0.01275	0.01290	0.01427	0.00986	0.00994	0.01424	0.01324	0.01898	0.02355	0.08543	0.02292	0.05806	0.62954	0.01227	0.02039	0.00983	0.00460	0.00719
70	0.01562	0.01472	0.02486	0.65580	0.09314	0.01810	0.02268	0.02099	0.01636	0.02109	0.01447	0.02154	0.01094	0.00806	0.00811	0.00269	0.01074	0.00721	0.00363	0.00925
71	0.02018	0.01743	0.01835	0.01651	0.02110	0.02018	0.01284	0.04312	0.64956	0.03394	0.03303	0.03027	0.02477	0.01101	0.00826	0.00275	0.00642	0.00917	0.00826	0.01284
72	0.01313	0.01022	0.01219	0.01163	0.01404	0.01032	0.00871	0.02089	0.16447	0.03065	0.40017	0.13316	0.10535	0.01668	0.00937	0.00270	0.00455	0.01461	0.00851	0.00865
73	0.01683	0.01442	0.01683	0.01202	0.01923	0.01082	0.00961	0.02043	0.01683	0.02644	0.01442	0.01683	0.01202	0.00601	0.00601	0.00120	0.00601	0.00481	0.00481	0.76444
74	0.01160	0.00865	0.01283	0.01283	0.01420	0.01003	0.00988	0.01435	0.01298	0.01868	0.02193	0.03295	0.02075	0.09393	0.65024	0.01278	0.02103	0.00885	0.00438	0.00713
75	0.01532	0.01442	0.02434	0.69533	0.05589	0.01803	0.02253	0.02073	0.01622	0.02073	0.01442	0.02163	0.01082	0.00811	0.00811	0.00270	0.01082	0.00721	0.00361	0.00901
76	0.00989	0.00706	0.00942	0.01130	0.01177	0.00659	0.00753	0.01130	0.01554	0.02071	0.04472	0.70954	0.05367	0.02542	0.01036	0.00330	0.00471	0.02307	0.00753	0.00659
77	0.77215	0.01569	0.01193	0.01067	0.01569	0.01820	0.00879	0.02385	0.01381	0.03641	0.01130	0.01318	0.00879	0.00753	0.00502	0.00251	0.00628	0.00439	0.00502	0.00879
78	0.00987	0.00831	0.00860	0.00875	0.01142	0.00705	0.00671	0.01205	0.01851	0.02211	0.07910	0.07915	0.61238	0.02070	0.00972	0.00282	0.00438	0.06395	0.00753	0.00690
79	0.01208	0.00941	0.01397	0.01369	0.01503	0.01131	0.01074	0.01489	0.01299	0.01889	0.02086	0.03076	0.01952	0.05717	0.63083	0.01229	0.07534	0.00857	0.00428	0.00737
