[name]
unknown

[dist]
# distance from previous block
# <min> <max>
4	55

[block]
# block no. 0 follows, 22 sequences, length 55
# corresponding to MSA columns:
# 55-109
name=unknown_A
#
# <colnr> <probs for GDERKNQSTAVLIFYWHMCP>
#	G	D	E	R	K	N	Q	S	T	A	V	L	I	F	Y	W	H	M	C	P
0	0.01692	0.03304	0.42643	0.19111	0.12042	0.01914	0.02815	0.02495	0.01749	0.02516	0.01496	0.01906	0.01100	0.00793	0.00804	0.00264	0.01167	0.00661	0.00363	0.01164
1	0.71765	0.06200	0.01427	0.01114	0.01641	0.01957	0.00934	0.02445	0.01432	0.03610	0.01157	0.01348	0.00911	0.00767	0.00515	0.00252	0.00659	0.00449	0.00504	0.00911
2	0.01053	0.00844	0.00940	0.00916	0.01166	0.00732	0.00687	0.01330	0.02062	0.02643	0.29239	0.07339	0.44213	0.01955	0.00981	0.00273	0.00410	0.01661	0.00824	0.00732
3	0.01859	0.27639	0.44851	0.02038	0.03086	0.02402	0.02495	0.02581	0.01731	0.02395	0.01374	0.01607	0.01057	0.00762	0.00700	0.00233	0.01110	0.00555	0.00352	0.01171
4	0.01208	0.00805	0.00906	0.00906	0.00906	0.00805	0.00503	0.01208	0.01208	0.01611	0.02618	0.05436	0.03020	0.70804	0.04228	0.00805	0.00805	0.01208	0.00503	0.00503
5	0.01003	0.00758	0.00928	0.01064	0.01181	0.00683	0.00730	0.01167	0.01679	0.02157	0.05703	0.52011	0.23020	0.02456	0.01037	0.00321	0.00464	0.02183	0.00771	0.00683
6	0.01908	0.01823	0.03105	0.24435	0.47442	0.01935	0.02476	0.02420	0.01822	0.02535	0.01537	0.02104	0.01253	0.00768	0.00825	0.00256	0.01023	0.00740	0.00398	0.01197
7	0.01749	0.03716	0.49102	0.02688	0.03806	0.01978	0.19885	0.02639	0.01812	0.02639	0.01544	0.01891	0.01111	0.00764	0.00843	0.00268	0.01277	0.00717	0.00370	0.01197
8	0.02176	0.01760	0.01882	0.01677	0.02158	0.02011	0.01309	0.04390	0.60052	0.07609	0.03374	0.03082	0.02504	0.01121	0.00845	0.00280	0.00661	0.00932	0.00857	0.01321
9	0.02221	0.71304	0.04353	0.01421	0.02132	0.03287	0.01421	0.02488	0.01688	0.01955	0.01155	0.01333	0.01066	0.00711	0.00533	0.00178	0.00888	0.00444	0.00355	0.01066
10	0.03615	0.01594	0.02039	0.01563	0.02210	0.01488	0.01292	0.15639	0.02679	0.54181	0.03025	0.02663	0.01930	0.01022	0.00835	0.00256	0.00748	0.00818	0.00989	0.01414
11	0.00982	0.00842	0.00842	0.00842	0.01122	0.00701	0.00631	0.01192	0.01894	0.02244	0.08416	0.07995	0.65285	0.02104	0.00982	0.00281	0.00421	0.01753	0.00771	0.00701
12	0.01043	0.00745	0.01000	0.01192	0.01254	0.00702	0.00825	0.01211	0.01621	0.02156	0.04562	0.64434	0.05426	0.02573	0.01069	0.00342	0.00509	0.07882	0.00771	0.00683
13	0.02221	0.71304	0.04353	0.01421	0.02132	0.03287	0.01421	0.02488	0.01688	0.01955	0.01155	0.01333	0.01066	0.00711	0.00533	0.00178	0.00888	0.00444	0.00355	0.01066
14	0.02014	0.46287	0.27556	0.01775	0.02679	0.02780	0.02037	0.02541	0.01713	0.02207	0.01280	0.01490	0.01061	0.00740	0.00629	0.00210	0.01015	0.00508	0.00354	0.01126
15	0.02221	0.71304	0.04353	0.01421	0.02132	0.03287	0.01421	0.02488	0.01688	0.01955	0.01155	0.01333	0.01066	0.00711	0.00533	0.00178	0.00888	0.00444	0.00355	0.01066
16	0.00982	0.00842	0.00842	0.00842	0.01122	0.00701	0.00631	0.01192	0.01894	0.02244	0.08416	0.07995	0.65285	0.02104	0.00982	0.00281	0.00421	0.01753	0.00771	0.00701
17	0.01208	0.00805	0.00906	0.00906	0.00906	0.00805	0.00503	0.01208	0.01208	0.01611	0.02618	0.05436	0.03020	0.70804	0.04228	0.00805	0.00805	0.01208	0.00503	0.00503
18	0.01287	0.00969	0.01150	0.01092	0.01402	0.00810	0.00799	0.01513	0.01747	0.04952	0.04943	0.32034	0.22488	0.01907	0.00920	0.00265	0.00505	0.01663	0.00715	0.18842
19	0.01067	0.00900	0.00931	0.00913	0.01197	0.00793	0.00688	0.01426	0.05750	0.02424	0.13541	0.07524	0.55942	0.02005	0.00973	0.00279	0.00433	0.01679	0.00790	0.00747
20	0.01012	0.00723	0.00964	0.01157	0.01205	0.00675	0.00771	0.01157	0.01591	0.02121	0.04579	0.70262	0.05495	0.02603	0.01060	0.00337	0.00482	0.02362	0.00771	0.00675
21	0.02056	0.01974	0.03372	0.05099	0.65622	0.01974	0.02550	0.02550	0.01892	0.02714	0.01563	0.02056	0.01316	0.00740	0.00822	0.00247	0.00987	0.00740	0.00411	0.01316
22	0.01569	0.01477	0.02492	0.68808	0.05722	0.01846	0.02307	0.02123	0.01661	0.02123	0.01477	0.02215	0.01107	0.00831	0.00831	0.00277	0.01107	0.00738	0.00369	0.00923
23	0.01151	0.00830	0.01088	0.01062	0.01236	0.00767	0.00782	0.01505	0.02236	0.03147	0.55945	0.15970	0.07481	0.01836	0.00992	0.00273	0.00406	0.01633	0.00893	0.00767
24	0.01549	0.00774	0.00774	0.00774	0.00968	0.00774	0.00581	0.01936	0.01742	0.03097	0.02710	0.03097	0.02129	0.00968	0.00581	0.00194	0.00387	0.00774	0.75416	0.00774
25	0.03158	0.02327	0.02493	0.01911	0.02576	0.02576	0.01579	0.62852	0.03906	0.05236	0.01995	0.01995	0.01413	0.00997	0.00831	0.00249	0.00914	0.00748	0.00831	0.01413
26	0.01201	0.00835	0.01056	0.01056	0.01107	0.00887	0.00690	0.01304	0.01252	0.01721	0.02481	0.04680	0.02692	0.48310	0.26274	0.00990	0.01300	0.01097	0.00483	0.00586
27	0.01053	0.00740	0.00952	0.01105	0.01143	0.00702	0.00716	0.01167	0.01511	0.02015	0.04171	0.56793	0.04980	0.16774	0.01719	0.00435	0.00549	0.02122	0.00716	0.00639
28	0.01208	0.00805	0.00906	0.00906	0.00906	0.00805	0.00503	0.01208	0.01208	0.01611	0.02618	0.05436	0.03020	0.70804	0.04228	0.00805	0.00805	0.01208	0.00503	0.00503
29	0.01204	0.00822	0.00991	0.00991	0.01020	0.00851	0.00609	0.01262	0.01233	0.01673	0.02540	0.05008	0.02834	0.58076	0.16702	0.00910	0.01085	0.01145	0.00492	0.00550
30	0.01549	0.00774	0.00774	0.00774	0.00968	0.00774	0.00581	0.01936	0.01742	0.03097	0.02710	0.03097	0.02129	0.00968	0.00581	0.00194	0.00387	0.00774	0.75416	0.00774
31	0.01182	0.00840	0.01068	0.01016	0.01171	0.00788	0.00726	0.01493	0.02114	0.02974	0.52184	0.06046	0.06837	0.16057	0.01655	0.00374	0.00478	0.01441	0.00829	0.00726
32	0.02056	0.01974	0.03372	0.05099	0.65622	0.01974	0.02550	0.02550	0.01892	0.02714	0.01563	0.02056	0.01316	0.00740	0.00822	0.00247	0.00987	0.00740	0.00411	0.01316
33	0.03035	0.03845	0.02364	0.02142	0.02548	0.64016	0.01616	0.03247	0.02297	0.02031	0.01274	0.01515	0.01071	0.00888	0.00854	0.00222	0.05103	0.00545	0.00425	0.00960
34	0.02544	0.46625	0.03621	0.01685	0.02292	0.26807	0.01489	0.02792	0.01932	0.01983	0.01202	0.01393	0.01068	0.00764	0.00612	0.00191	0.01112	0.00477	0.00382	0.01028
35	0.02656	0.17452	0.03026	0.02737	0.18376	0.37619	0.01805	0.02951	0.02099	0.02189	0.01327	0.01604	0.01131	0.00797	0.00723	0.00215	0.01243	0.00568	0.00409	0.01073
36	0.01208	0.00805	0.00906	0.00906	0.00906	0.00805	0.00503	0.01208	0.01208	0.01611	0.02618	0.05436	0.03020	0.70804	0.04228	0.00805	0.00805	0.01208	0.00503	0.00503
37	0.01882	0.30380	0.42309	0.01999	0.03026	0.02458	0.02428	0.02575	0.01728	0.02368	0.01360	0.01590	0.01058	0.00759	0.00690	0.00230	0.01096	0.00548	0.00353	0.01165
38	0.01570	0.01073	0.01253	0.01157	0.01353	0.01146	0.00840	0.11506	0.01811	0.02580	0.02721	0.04023	0.05499	0.26741	0.19503	0.00720	0.01104	0.01001	0.13626	0.00772
39	0.01069	0.00767	0.01015	0.01118	0.01218	0.00713	0.00776	0.01300	0.01856	0.02542	0.25691	0.47948	0.06311	0.02288	0.01032	0.00311	0.00451	0.02062	0.00821	0.00713
40	0.01476	0.01707	0.12018	0.06628	0.20361	0.01359	0.01748	0.01881	0.01662	0.02326	0.02705	0.25804	0.02864	0.05486	0.07775	0.00420	0.00973	0.01318	0.00531	0.00958
41	0.02816	0.09551	0.02797	0.02621	0.15630	0.29370	0.01776	0.19893	0.02632	0.03072	0.01530	0.01738	0.01218	0.00858	0.00767	0.00227	0.01168	0.00629	0.00531	0.01173
42	0.01262	0.00866	0.01219	0.01219	0.01376	0.00984	0.00943	0.01577	0.01420	0.02171	0.02326	0.03229	0.02088	0.05137	0.53605	0.01098	0.01843	0.00866	0.16023	0.00748
43	0.01750	0.26476	0.24984	0.01731	0.02448	0.02124	0.04558	0.02224	0.01604	0.02148	0.01658	0.02478	0.01532	0.15605	0.05096	0.00406	0.01085	0.00710	0.00392	0.00990
44	0.06269	0.20553	0.02914	0.06414	0.14909	0.18207	0.01649	0.05329	0.01987	0.02461	0.01647	0.01905	0.03715	0.00822	0.00699	0.00213	0.01013	0.00614	0.00445	0.08235
45	0.06207	0.01534	0.02273	0.11855	0.22545	0.01561	0.01709	0.06529	0.02019	0.17290	0.02545	0.15657	0.02265	0.01204	0.00858	0.00272	0.00817	0.01066	0.00651	0.01142
46	0.17587	0.02439	0.16659	0.09376	0.25508	0.05487	0.02165	0.02638	0.01795	0.06702	0.01544	0.01874	0.01183	0.00790	0.00749	0.00254	0.00991	0.00646	0.00454	0.01159
47	0.06088	0.02199	0.02742	0.17985	0.32498	0.15497	0.02129	0.02551	0.01881	0.02454	0.01501	0.02004	0.01239	0.01088	0.04463	0.00307	0.01169	0.00690	0.00413	0.01103
48	0.02471	0.01479	0.01999	0.02153	0.15069	0.01458	0.01371	0.06318	0.10837	0.24854	0.03038	0.06686	0.04848	0.12001	0.01381	0.00349	0.00762	0.00998	0.00758	0.01171
49	0.26249	0.02500	0.21276	0.01821	0.06178	0.05380	0.01715	0.07863	0.01869	0.03226	0.01707	0.04925	0.01383	0.00907	0.00691	0.00251	0.00875	0.00675	0.09460	0.01049
50	0.15925	0.02469	0.08540	0.10709	0.16798	0.14871	0.01886	0.10022	0.02128	0.06878	0.01574	0.01848	0.01198	0.00833	0.00752	0.00248	0.01037	0.00642	0.00511	0.01132
51	0.02697	0.06195	0.06674	0.02395	0.14804	0.16139	0.01696	0.11772	0.02376	0.16884	0.02573	0.02605	0.07532	0.00999	0.00808	0.00243	0.00982	0.00790	0.00640	0.01196
52	0.01844	0.02221	0.13429	0.23215	0.34284	0.01937	0.06242	0.02445	0.01806	0.02524	0.01533	0.02065	0.01209	0.00772	0.00829	0.00260	0.01087	0.00734	0.00390	0.01175
53	0.18932	0.05170	0.02259	0.12339	0.05966	0.05779	0.01543	0.24378	0.06588	0.03734	0.01698	0.01893	0.01278	0.00879	0.00734	0.00247	0.00889	0.00656	0.00610	0.04430
54	0.09114	0.01755	0.02067	0.02413	0.20480	0.05944	0.01473	0.12856	0.02224	0.03070	0.03676	0.03740	0.20870	0.01207	0.00826	0.00249	0.00779	0.00995	0.00612	0.05650

[dist]
# distance from previous block
# <min> <max>
5	67

[block]
# block no. 1 follows, 22 sequences, length 12
# corresponding to MSA columns:
# 178-189
name=unknown_B
#
# <colnr> <probs for GDERKNQSTAVLIFYWHMCP>
#	G	D	E	R	K	N	Q	S	T	A	V	L	I	F	Y	W	H	M	C	P
0	0.02387	0.05211	0.02112	0.01839	0.05684	0.18026	0.01386	0.15125	0.04993	0.06364	0.07210	0.03404	0.07295	0.01168	0.00829	0.00242	0.00918	0.06483	0.00658	0.08667
1	0.01772	0.13471	0.02576	0.06941	0.10460	0.01679	0.07284	0.02189	0.01794	0.02530	0.02132	0.03372	0.01972	0.01026	0.00775	0.00231	0.00826	0.11864	0.08296	0.18811
2	0.09618	0.01673	0.01715	0.01931	0.11395	0.12079	0.01263	0.02199	0.07476	0.02382	0.02940	0.03713	0.11541	0.01667	0.01413	0.18252	0.00833	0.06526	0.00542	0.00840
3	0.02654	0.03209	0.02469	0.18245	0.08386	0.46587	0.01848	0.02971	0.02152	0.02109	0.01352	0.01714	0.01099	0.00841	0.00774	0.00232	0.01364	0.00600	0.00413	0.00982
4	0.02233	0.20228	0.08591	0.01543	0.02058	0.10899	0.01369	0.08553	0.02009	0.09063	0.05409	0.02773	0.02006	0.14413	0.05121	0.00394	0.01019	0.00773	0.00547	0.00999
5	0.01823	0.01031	0.01346	0.01287	0.01586	0.00927	0.00996	0.02076	0.01841	0.17471	0.03889	0.24402	0.06499	0.08463	0.01280	0.00348	0.00641	0.14632	0.00776	0.08687
6	0.01872	0.10874	0.14203	0.01478	0.02153	0.01679	0.01424	0.11354	0.02033	0.02881	0.02337	0.02696	0.07300	0.06522	0.00992	0.00250	0.00792	0.00742	0.06023	0.22392
7	0.01420	0.01215	0.01574	0.01500	0.01655	0.01378	0.01137	0.01828	0.08029	0.02292	0.03162	0.37084	0.03518	0.01918	0.01445	0.00315	0.19324	0.01563	0.00637	0.09005
8	0.14950	0.11787	0.15299	0.02198	0.10517	0.05715	0.06215	0.04892	0.08323	0.02934	0.01731	0.01964	0.01348	0.00826	0.00710	0.00242	0.00926	0.00655	0.07656	0.01110
9	0.09683	0.02636	0.15505	0.03443	0.32608	0.10309	0.02247	0.02831	0.07836	0.02786	0.01646	0.01953	0.01307	0.00805	0.00777	0.00250	0.01034	0.00678	0.00453	0.01211
10	0.02581	0.23680	0.15099	0.01926	0.02635	0.23436	0.01822	0.14510	0.02345	0.02745	0.01423	0.01594	0.01132	0.00828	0.00709	0.00219	0.01153	0.00564	0.00470	0.01131
11	0.01680	0.16020	0.42681	0.01984	0.02927	0.01977	0.02386	0.02393	0.01770	0.02461	0.02275	0.03014	0.06227	0.01045	0.00797	0.00262	0.01052	0.07511	0.00430	0.01106

[dist]
# distance from previous block
# <min> <max>
0	1

[block]
# block no. 2 follows, 22 sequences, length 58
# corresponding to MSA columns:
# 191-248
name=unknown_C
#
# <colnr> <probs for GDERKNQSTAVLIFYWHMCP>
#	G	D	E	R	K	N	Q	S	T	A	V	L	I	F	Y	W	H	M	C	P
0	0.01630	0.01420	0.01824	0.02107	0.14648	0.01516	0.01346	0.02683	0.24158	0.02720	0.04007	0.04107	0.17412	0.02282	0.13887	0.00480	0.00973	0.01087	0.00661	0.01054
1	0.01485	0.01591	0.11381	0.02145	0.14677	0.01226	0.01518	0.01863	0.04556	0.02374	0.08025	0.18267	0.05971	0.01825	0.01383	0.15035	0.00757	0.04481	0.00570	0.00871
2	0.02546	0.29917	0.03343	0.02459	0.15186	0.29063	0.01725	0.02837	0.02000	0.02140	0.01290	0.01547	0.01118	0.00776	0.00679	0.00206	0.01156	0.00541	0.00396	0.01075
3	0.01363	0.01110	0.01748	0.02099	0.14492	0.01228	0.01345	0.01700	0.01448	0.02088	0.02091	0.03019	0.01923	0.05117	0.53986	0.01114	0.01974	0.00860	0.00438	0.00858
4	0.01764	0.02917	0.29852	0.02760	0.17904	0.07135	0.05257	0.02396	0.01894	0.02571	0.05315	0.03009	0.11605	0.01026	0.00842	0.00259	0.01037	0.00874	0.00466	0.01119
5	0.01208	0.00805	0.00906	0.00906	0.00906	0.00805	0.00503	0.01208	0.01208	0.01611	0.02618	0.05436	0.03020	0.70804	0.04228	0.00805	0.00805	0.01208	0.00503	0.00503
6	0.06456	0.08438	0.14209	0.02027	0.05296	0.08858	0.01807	0.32151	0.02882	0.03888	0.04862	0.02026	0.01575	0.00934	0.00781	0.00243	0.00991	0.00699	0.00634	0.01243
7	0.01955	0.21291	0.08736	0.08841	0.15211	0.02479	0.08082	0.02372	0.01653	0.02256	0.01328	0.01804	0.01143	0.00921	0.01238	0.00265	0.18301	0.00668	0.00376	0.01081
8	0.22601	0.03078	0.35546	0.02567	0.15623	0.01920	0.02361	0.02562	0.01687	0.02953	0.01413	0.01703	0.01063	0.00774	0.00719	0.00258	0.01016	0.00594	0.00408	0.01154
9	0.02221	0.71304	0.04353	0.01421	0.02132	0.03287	0.01421	0.02488	0.01688	0.01955	0.01155	0.01333	0.01066	0.00711	0.00533	0.00178	0.00888	0.00444	0.00355	0.01066
10	0.01167	0.00793	0.00939	0.00978	0.00996	0.00791	0.00584	0.01211	0.01292	0.01730	0.02996	0.18475	0.03475	0.53741	0.06753	0.00737	0.00811	0.01426	0.00555	0.00550
11	0.00982	0.00842	0.00842	0.00842	0.01122	0.00701	0.00631	0.01192	0.01894	0.02244	0.08416	0.07995	0.65285	0.02104	0.00982	0.00281	0.00421	0.01753	0.00771	0.00701
12	0.00982	0.00842	0.00842	0.00842	0.01122	0.00701	0.00631	0.01192	0.01894	0.02244	0.08416	0.07995	0.65285	0.02104	0.00982	0.00281	0.00421	0.01753	0.00771	0.00701
13	0.01035	0.00844	0.00916	0.00898	0.01155	0.00724	0.00673	0.01296	0.02020	0.02545	0.24123	0.07500	0.49390	0.01992	0.00981	0.00275	0.00413	0.01684	0.00811	0.00724
14	0.02056	0.01974	0.03372	0.05099	0.65622	0.01974	0.02550	0.02550	0.01892	0.02714	0.01563	0.02056	0.01316	0.00740	0.00822	0.00247	0.00987	0.00740	0.00411	0.01316
15	0.03007	0.03776	0.02448	0.02413	0.08391	0.61421	0.01692	0.03246	0.02311	0.02096	0.01310	0.01550	0.01093	0.00845	0.00756	0.00217	0.01451	0.00554	0.00426	0.00996
16	0.00982	0.00842	0.00842	0.00842	0.01122	0.00701	0.00631	0.01192	0.01894	0.02244	0.08416	0.07995	0.65285	0.02104	0.00982	0.00281	0.00421	0.01753	0.00771	0.00701
17	0.03103	0.03959	0.02354	0.02140	0.02568	0.67469	0.01605	0.03317	0.02354	0.02033	0.01284	0.01498	0.01070	0.00856	0.00749	0.00214	0.01498	0.00535	0.00428	0.00963
18	0.01593	0.01501	0.02535	0.65686	0.08657	0.01852	0.02319	0.02143	0.01672	0.02152	0.01481	0.02207	0.01118	0.00826	0.00830	0.00275	0.01102	0.00738	0.00371	0.00942
19	0.01012	0.00723	0.00964	0.01157	0.01205	0.00675	0.00771	0.01157	0.01591	0.02121	0.04579	0.70262	0.05495	0.02603	0.01060	0.00337	0.00482	0.02362	0.00771	0.00675
20	0.01012	0.00723	0.00964	0.01157	0.01205	0.00675	0.00771	0.01157	0.01591	0.02121	0.04579	0.70262	0.05495	0.02603	0.01060	0.00337	0.00482	0.02362	0.00771	0.00675
21	0.01026	0.00733	0.00976	0.01147	0.01208	0.00684	0.00772	0.01191	0.01654	0.02221	0.09600	0.64955	0.05689	0.02528	0.01054	0.00331	0.00475	0.02290	0.00783	0.00684
22	0.03103	0.03959	0.02354	0.02140	0.02568	0.67469	0.01605	0.03317	0.02354	0.02033	0.01284	0.01498	0.01070	0.00856	0.00749	0.00214	0.01498	0.00535	0.00428	0.00963
23	0.02025	0.02149	0.08464	0.04558	0.54623	0.01979	0.02479	0.02728	0.07627	0.02777	0.01725	0.02127	0.01407	0.00780	0.00822	0.00251	0.00976	0.00748	0.00446	0.01309
24	0.01006	0.00747	0.00939	0.01093	0.01188	0.00680	0.00743	0.01164	0.01652	0.02146	0.05357	0.57633	0.17621	0.02502	0.01044	0.00326	0.00470	0.02238	0.00771	0.00680
25	0.01047	0.00844	0.00932	0.00910	0.01162	0.00729	0.00683	0.01319	0.02048	0.02611	0.27580	0.07391	0.45892	0.01967	0.00981	0.00274	0.00411	0.01669	0.00820	0.00729
26	0.02099	0.56555	0.18032	0.01630	0.02454	0.02988	0.01784	0.02519	0.01703	0.02103	0.01229	0.01425	0.01063	0.00728	0.00589	0.00196	0.00963	0.00482	0.00354	0.01102
27	0.03054	0.07691	0.02465	0.02100	0.02544	0.63913	0.01595	0.03271	0.02317	0.02029	0.01277	0.01489	0.01070	0.00848	0.00737	0.00212	0.01464	0.00530	0.00424	0.00969
28	0.01187	0.00890	0.01335	0.01335	0.01483	0.01038	0.01038	0.01483	0.01335	0.01928	0.02225	0.03264	0.02077	0.06231	0.67512	0.01335	0.02225	0.00890	0.00445	0.00742
29	0.01176	0.00849	0.01110	0.01045	0.01241	0.00784	0.00784	0.01568	0.02352	0.03331	0.65184	0.06206	0.07839	0.01698	0.00980	0.00261	0.00392	0.01502	0.00914	0.00784
30	0.76672	0.01607	0.01221	0.01092	0.01607	0.01864	0.00900	0.02442	0.01414	0.03727	0.01157	0.01350	0.00900	0.00771	0.00514	0.00257	0.00643	0.00450	0.00514	0.00900
31	0.01187	0.00890	0.01335	0.01335	0.01483	0.01038	0.01038	0.01483	0.01335	0.01928	0.02225	0.03264	0.02077	0.06231	0.67512	0.01335	0.02225	0.00890	0.00445	0.00742
32	0.03024	0.02253	0.02420	0.01863	0.02522	0.02469	0.01533	0.56561	0.06798	0.05007	0.02035	0.02035	0.01459	0.00983	0.00820	0.00244	0.00885	0.00743	0.00813	0.05534
33	0.01443	0.00722	0.01082	0.01082	0.01082	0.00722	0.00722	0.01082	0.01082	0.01443	0.01443	0.02525	0.01443	0.02886	0.03247	0.75830	0.00722	0.00722	0.00361	0.00361
34	0.01012	0.00723	0.00964	0.01157	0.01205	0.00675	0.00771	0.01157	0.01591	0.02121	0.04579	0.70262	0.05495	0.02603	0.01060	0.00337	0.00482	0.02362	0.00771	0.00675
35	0.01549	0.00774	0.00774	0.00774	0.00968	0.00774	0.00581	0.01936	0.01742	0.03097	0.02710	0.03097	0.02129	0.00968	0.00581	0.00194	0.00387	0.00774	0.75416	0.00774
36	0.01012	0.00723	0.00964	0.01157	0.01205	0.00675	0.00771	0.01157	0.01591	0.02121	0.04579	0.70262	0.05495	0.02603	0.01060	0.00337	0.00482	0.02362	0.00771	0.00675
37	0.01282	0.01102	0.01128	0.01077	0.01409	0.01079	0.00820	0.02084	0.19112	0.02585	0.07023	0.06640	0.47922	0.01834	0.00944	0.00281	0.00486	0.01528	0.00792	0.00871
38	0.01050	0.00758	0.00993	0.01116	0.01210	0.00702	0.00768	0.01256	0.01785	0.02414	0.19163	0.52275	0.08695	0.02366	0.01038	0.00317	0.00458	0.02130	0.00805	0.00702
39	0.02330	0.01807	0.01962	0.01679	0.02149	0.02007	0.01320	0.29328	0.25087	0.03971	0.03017	0.16238	0.02644	0.01370	0.00883	0.00279	0.00734	0.01144	0.00824	0.01228
40	0.01699	0.04105	0.61270	0.02594	0.08734	0.01933	0.03026	0.02624	0.01765	0.02638	0.01497	0.01779	0.01074	0.00785	0.00792	0.00262	0.01208	0.00624	0.00356	0.01235
41	0.01187	0.00890	0.01335	0.01335	0.01483	0.01038	0.01038	0.01483	0.01335	0.01928	0.02225	0.03264	0.02077	0.06231	0.67512	0.01335	0.02225	0.00890	0.00445	0.00742
42	0.01076	0.00768	0.01037	0.01230	0.01306	0.00730	0.00882	0.01267	0.01653	0.02192	0.04544	0.58376	0.05355	0.02543	0.01077	0.00346	0.00537	0.13619	0.00770	0.00692
43	0.03103	0.03959	0.02354	0.02140	0.02568	0.67469	0.01605	0.03317	0.02354	0.02033	0.01284	0.01498	0.01070	0.00856	0.00749	0.00214	0.01498	0.00535	0.00428	0.00963
44	0.02277	0.21433	0.05798	0.01847	0.05259	0.27525	0.01484	0.02595	0.02081	0.02333	0.14269	0.02516	0.02492	0.01187	0.03330	0.00261	0.01098	0.00734	0.00503	0.00976
45	0.01010	0.00733	0.00954	0.01131	0.01198	0.00677	0.00760	0.01160	0.01616	0.02131	0.04897	0.65103	0.10448	0.02561	0.01054	0.00333	0.00477	0.02311	0.00771	0.00677
46	0.02221	0.71304	0.04353	0.01421	0.02132	0.03287	0.01421	0.02488	0.01688	0.01955	0.01155	0.01333	0.01066	0.00711	0.00533	0.00178	0.00888	0.00444	0.00355	0.01066
47	0.09236	0.11407	0.01983	0.01447	0.01836	0.01755	0.01204	0.14317	0.04780	0.03034	0.07522	0.06040	0.02617	0.02655	0.19265	0.00561	0.01159	0.07592	0.00622	0.00968
48	0.01156	0.00814	0.01022	0.01056	0.01117	0.00836	0.00693	0.01268	0.01344	0.01815	0.03166	0.16521	0.06437	0.38737	0.19584	0.00830	0.01089	0.01360	0.00550	0.00605
49	0.01382	0.01135	0.01267	0.01268	0.01577	0.01151	0.01017	0.02234	0.19201	0.02653	0.05904	0.07014	0.31096	0.01885	0.00990	0.00309	0.00582	0.17652	0.00790	0.00890
50	0.02487	0.02805	0.02899	0.03698	0.35698	0.29701	0.02113	0.02846	0.02055	0.02389	0.01421	0.01808	0.01200	0.00826	0.00889	0.00239	0.04711	0.00653	0.00416	0.01146
51	0.01985	0.08888	0.02471	0.06095	0.21678	0.14536	0.01676	0.02345	0.01795	0.02311	0.01737	0.02284	0.01500	0.02174	0.17620	0.00505	0.01341	0.00711	0.07342	0.01007
52	0.01614	0.05137	0.06507	0.07950	0.03238	0.01653	0.30687	0.02101	0.01771	0.02376	0.02522	0.22339	0.02550	0.04297	0.01100	0.00313	0.01046	0.01332	0.00516	0.00949
53	0.29504	0.07881	0.20497	0.01494	0.02186	0.01754	0.01565	0.02508	0.01734	0.08353	0.07954	0.02207	0.01841	0.00901	0.00674	0.00248	0.00794	0.00659	0.06218	0.01030
54	0.02157	0.29614	0.03537	0.12741	0.25193	0.05871	0.01969	0.05437	0.01898	0.02412	0.01394	0.01760	0.01178	0.00760	0.00705	0.00222	0.00988	0.00612	0.00404	0.01145
55	0.06186	0.11926	0.05590	0.02002	0.08527	0.23357	0.01511	0.10558	0.02253	0.02678	0.02839	0.02921	0.14154	0.01089	0.00775	0.00235	0.01010	0.00818	0.00540	0.01029
56	0.02171	0.19707	0.15853	0.02489	0.15052	0.08886	0.01978	0.05520	0.15206	0.02708	0.01825	0.01981	0.01441	0.00847	0.00742	0.00237	0.00989	0.00664	0.00497	0.01205
57	0.01959	0.02535	0.18317	0.04373	0.47849	0.01970	0.05776	0.02574	0.01863	0.02692	0.01552	0.01994	0.01251	0.00750	0.00823	0.00252	0.01065	0.00723	0.00397	0.01285

[dist]
# distance from previous block
# <min> <max>
3	27

[block]
# block no. 3 follows, 22 sequences, length 10
# corresponding to MSA columns:
# 276-285
name=unknown_D
#
# <colnr> <probs for GDERKNQSTAVLIFYWHMCP>
#	G	D	E	R	K	N	Q	S	T	A	V	L	I	F	Y	W	H	M	C	P
0	0.01806	0.04594	0.02367	0.02105	0.07900	0.08276	0.13185	0.04513	0.01695	0.02166	0.01995	0.12342	0.01969	0.01977	0.04548	0.25296	0.01005	0.00995	0.00469	0.00798
1	0.02418	0.01840	0.05641	0.02577	0.14783	0.01696	0.13504	0.11588	0.02185	0.17721	0.02240	0.02868	0.01792	0.13654	0.01479	0.00359	0.00969	0.00890	0.00633	0.01162
2	0.01866	0.02312	0.15526	0.19467	0.39466	0.01935	0.02595	0.02466	0.01811	0.02559	0.01528	0.02034	0.01216	0.00771	0.00818	0.00257	0.01062	0.00715	0.00390	0.01207
3	0.02212	0.02230	0.02709	0.03515	0.35209	0.15876	0.01991	0.07475	0.02054	0.02632	0.01660	0.02152	0.01410	0.01790	0.13004	0.00439	0.01317	0.00724	0.00456	0.01143
4	0.02081	0.25939	0.04216	0.03304	0.23497	0.02468	0.22016	0.02565	0.01844	0.02435	0.01461	0.01868	0.01212	0.00717	0.00775	0.00234	0.01090	0.00718	0.00395	0.01165
5	0.01254	0.01009	0.01338	0.01460	0.06422	0.01023	0.00987	0.01625	0.04607	0.02535	0.21429	0.14893	0.17272	0.05613	0.11125	0.00466	0.03977	0.01455	0.00706	0.00803
6	0.01240	0.00873	0.01252	0.01252	0.01407	0.00999	0.00971	0.01550	0.01395	0.02101	0.02297	0.03239	0.02085	0.05453	0.57625	0.01166	0.01954	0.00873	0.11520	0.00747
7	0.02244	0.15844	0.03413	0.03939	0.43822	0.11963	0.02188	0.02651	0.01920	0.02464	0.01441	0.01832	0.01230	0.00752	0.00755	0.00228	0.01044	0.00652	0.00403	0.01215
8	0.01377	0.01384	0.01147	0.01153	0.01406	0.12906	0.00842	0.01573	0.01907	0.02177	0.06214	0.21372	0.39555	0.01992	0.00958	0.00282	0.00632	0.01673	0.00709	0.00743
9	0.01164	0.00825	0.00963	0.00942	0.01047	0.00783	0.00614	0.01323	0.01682	0.02264	0.23814	0.06067	0.13838	0.38136	0.02690	0.00551	0.00614	0.01385	0.00677	0.00624

[dist]
# distance from previous block
# <min> <max>
0	9

[block]
# block no. 4 follows, 22 sequences, length 12
# corresponding to MSA columns:
# 295-306
name=unknown_E
#
# <colnr> <probs for GDERKNQSTAVLIFYWHMCP>
#	G	D	E	R	K	N	Q	S	T	A	V	L	I	F	Y	W	H	M	C	P
0	0.01972	0.02235	0.11360	0.09259	0.53474	0.01959	0.02599	0.02530	0.01858	0.02662	0.01547	0.02029	0.01268	0.00753	0.00819	0.00251	0.01026	0.00724	0.00401	0.01277
1	0.01919	0.02747	0.23537	0.04001	0.36990	0.01979	0.11573	0.02592	0.01858	0.02680	0.01557	0.01988	0.01224	0.00750	0.00835	0.00257	0.01124	0.00736	0.00393	0.01259
2	0.01013	0.00819	0.00885	0.00914	0.01133	0.00708	0.00659	0.01212	0.01833	0.02261	0.11253	0.18657	0.47441	0.05996	0.01177	0.00318	0.00451	0.01813	0.00766	0.00691
3	0.01734	0.02878	0.33259	0.01917	0.02723	0.01814	0.02086	0.03121	0.25014	0.02974	0.07515	0.02994	0.06221	0.01068	0.00837	0.00271	0.00900	0.00876	0.00605	0.01193
4	0.01936	0.02433	0.13356	0.03723	0.22643	0.02069	0.31245	0.02575	0.01860	0.02625	0.01574	0.02083	0.01234	0.00780	0.01030	0.00273	0.06143	0.00835	0.00403	0.01180
5	0.06494	0.00911	0.01254	0.04107	0.01575	0.00895	0.03673	0.01435	0.01740	0.02486	0.15371	0.47422	0.05225	0.02142	0.00993	0.00312	0.00545	0.01933	0.00747	0.00742
6	0.02264	0.11231	0.03339	0.07934	0.35444	0.16235	0.06788	0.02688	0.01956	0.02429	0.01454	0.01868	0.01214	0.00764	0.00782	0.00235	0.01124	0.00677	0.00406	0.01168
7	0.04597	0.02653	0.22890	0.23442	0.12983	0.05584	0.06264	0.02622	0.06274	0.02554	0.01621	0.02040	0.01223	0.00817	0.00811	0.00265	0.01119	0.00707	0.00416	0.01118
8	0.11786	0.04771	0.02007	0.09467	0.08736	0.06672	0.01390	0.07278	0.06266	0.14862	0.03335	0.03328	0.14444	0.01140	0.00803	0.00257	0.00796	0.00912	0.00670	0.01081
9	0.01985	0.02044	0.06828	0.07042	0.13485	0.09360	0.01713	0.10255	0.02038	0.02724	0.02511	0.02858	0.09505	0.01493	0.05862	0.00343	0.11828	0.00849	0.06249	0.01029
10	0.01860	0.02587	0.18944	0.07939	0.19314	0.06475	0.16824	0.02480	0.01911	0.02584	0.04853	0.02604	0.06046	0.00897	0.00866	0.00262	0.01124	0.00858	0.00445	0.01126
11	0.01372	0.01155	0.01751	0.01540	0.01824	0.01101	0.11644	0.05860	0.01852	0.02415	0.04443	0.27041	0.17201	0.11601	0.01463	0.00377	0.00723	0.05168	0.00676	0.00793

[dist]
# distance from previous block
# <min> <max>
11	41

[block]
# block no. 5 follows, 22 sequences, length 32
# corresponding to MSA columns:
# 351-382
name=unknown_F
#
# <colnr> <probs for GDERKNQSTAVLIFYWHMCP>
#	G	D	E	R	K	N	Q	S	T	A	V	L	I	F	Y	W	H	M	C	P
0	0.05341	0.02978	0.34696	0.07647	0.11267	0.01808	0.02401	0.02946	0.06024	0.14108	0.01931	0.02094	0.01363	0.00851	0.00797	0.00262	0.01031	0.00694	0.00522	0.01240
1	0.01855	0.02346	0.18971	0.02727	0.21875	0.05923	0.02005	0.02377	0.01954	0.07076	0.07503	0.03663	0.13594	0.01160	0.00863	0.00262	0.00910	0.03276	0.00556	0.01104
2	0.02013	0.03064	0.24496	0.02881	0.11284	0.11579	0.14692	0.02607	0.01810	0.02442	0.01433	0.01867	0.01138	0.00900	0.01192	0.00276	0.14106	0.00715	0.00386	0.01119
3	0.01606	0.01475	0.02232	0.11477	0.29560	0.01500	0.01736	0.02145	0.06700	0.02518	0.03895	0.08996	0.20129	0.01315	0.00889	0.00270	0.00776	0.01169	0.00571	0.01040
4	0.02145	0.06590	0.02112	0.02123	0.10938	0.29807	0.01413	0.02399	0.02048	0.02259	0.07516	0.17670	0.06903	0.01369	0.00849	0.00252	0.01005	0.01122	0.00559	0.00923
5	0.01944	0.03094	0.24338	0.01824	0.02479	0.23470	0.01820	0.02432	0.02030	0.02382	0.07444	0.03517	0.17450	0.01199	0.00836	0.00251	0.01062	0.00930	0.00519	0.00979
6	0.02270	0.01975	0.07259	0.15908	0.20418	0.01861	0.12365	0.05288	0.06878	0.14369	0.02034	0.02318	0.01483	0.00847	0.00853	0.00264	0.01017	0.00806	0.00564	0.01222
7	0.01924	0.01831	0.03111	0.16144	0.52239	0.01894	0.02429	0.02413	0.01838	0.02584	0.01680	0.05086	0.01463	0.00838	0.00834	0.00256	0.00986	0.00811	0.00420	0.01218
8	0.02391	0.02399	0.02274	0.19900	0.03293	0.20937	0.01685	0.13229	0.14324	0.02933	0.01877	0.02103	0.01434	0.00907	0.00793	0.00243	0.01062	0.00701	0.00566	0.06948
9	0.02538	0.02559	0.02864	0.03456	0.31496	0.19486	0.02049	0.14878	0.02375	0.02989	0.01541	0.01878	0.01254	0.00876	0.00946	0.00247	0.06173	0.00686	0.00497	0.01212
10	0.01187	0.00890	0.01335	0.01335	0.01483	0.01038	0.01038	0.01483	0.01335	0.01928	0.02225	0.03264	0.02077	0.06231	0.67512	0.01335	0.02225	0.00890	0.00445	0.00742
11	0.01244	0.00996	0.01137	0.01132	0.01385	0.00969	0.00858	0.01864	0.12535	0.02710	0.20043	0.15639	0.27959	0.01928	0.00982	0.00292	0.00490	0.06194	0.00817	0.00826
12	0.03103	0.03959	0.02354	0.02140	0.02568	0.67469	0.01605	0.03317	0.02354	0.02033	0.01284	0.01498	0.01070	0.00856	0.00749	0.00214	0.01498	0.00535	0.00428	0.00963
13	0.01187	0.00890	0.01335	0.01335	0.01483	0.01038	0.01038	0.01483	0.01335	0.01928	0.02225	0.03264	0.02077	0.06231	0.67512	0.01335	0.02225	0.00890	0.00445	0.00742
14	0.01008	0.00740	0.00947	0.01112	0.01193	0.00679	0.00751	0.01162	0.01633	0.02138	0.05120	0.61473	0.13934	0.02532	0.01049	0.00329	0.00473	0.02276	0.00771	0.00679
15	0.01406	0.01175	0.01774	0.01520	0.01656	0.01285	0.09535	0.01568	0.01339	0.01856	0.02203	0.04171	0.02363	0.42640	0.10892	0.00724	0.11683	0.01064	0.00463	0.00681
16	0.01549	0.00774	0.00774	0.00774	0.00968	0.00774	0.00581	0.01936	0.01742	0.03097	0.02710	0.03097	0.02129	0.00968	0.00581	0.00194	0.00387	0.00774	0.75416	0.00774
17	0.01187	0.00890	0.01335	0.01335	0.01483	0.01038	0.01038	0.01483	0.01335	0.01928	0.02225	0.03264	0.02077	0.06231	0.67512	0.01335	0.02225	0.00890	0.00445	0.00742
18	0.01187	0.00890	0.01335	0.01335	0.01483	0.01038	0.01038	0.01483	0.01335	0.01928	0.02225	0.03264	0.02077	0.06231	0.67512	0.01335	0.02225	0.00890	0.00445	0.00742
19	0.22939	0.14315	0.02425	0.01670	0.02235	0.20830	0.01375	0.19382	0.02414	0.03364	0.01424	0.01567	0.01118	0.00847	0.00671	0.00229	0.01001	0.00555	0.00550	0.01088
20	0.02852	0.03525	0.02449	0.02343	0.06722	0.53934	0.01698	0.03080	0.02171	0.02074	0.01275	0.01580	0.01089	0.00933	0.01033	0.00237	0.11032	0.00576	0.00418	0.00979
21	0.01160	0.00818	0.01006	0.01020	0.01099	0.00817	0.00671	0.01296	0.01487	0.02013	0.12052	0.13046	0.08520	0.37357	0.13412	0.00720	0.00910	0.01375	0.00604	0.00617
22	0.01485	0.01001	0.01067	0.00992	0.01180	0.01003	0.00685	0.09267	0.01817	0.02536	0.03793	0.05027	0.15886	0.31905	0.02301	0.00488	0.00646	0.01170	0.17027	0.00722
23	0.02304	0.01895	0.02042	0.01733	0.02106	0.06409	0.01378	0.30643	0.02704	0.03576	0.02796	0.17522	0.06506	0.01496	0.01209	0.00288	0.12443	0.01156	0.00707	0.01085
24	0.02517	0.01905	0.02100	0.01681	0.02243	0.02062	0.01363	0.37096	0.11730	0.04177	0.02184	0.02322	0.01662	0.01639	0.09346	0.00376	0.00990	0.00763	0.03566	0.10277
25	0.08402	0.13767	0.02466	0.01599	0.02213	0.02340	0.01353	0.37442	0.02986	0.04071	0.02588	0.02590	0.09495	0.01057	0.00766	0.00236	0.00813	0.00791	0.00704	0.04321
26	0.02155	0.02265	0.02123	0.11698	0.13291	0.25670	0.01604	0.02506	0.01920	0.02329	0.01744	0.02233	0.01450	0.01657	0.10743	0.00393	0.01274	0.00693	0.13301	0.00952
27	0.07301	0.06983	0.02015	0.01601	0.01939	0.10240	0.01289	0.10838	0.06935	0.02917	0.12973	0.02887	0.02614	0.02150	0.13955	0.00470	0.10470	0.00850	0.00599	0.00975
28	0.07547	0.15501	0.02398	0.15519	0.02768	0.18052	0.01472	0.04448	0.04139	0.02544	0.12551	0.02755	0.05046	0.01027	0.00762	0.00238	0.00954	0.00791	0.00533	0.00955
29	0.02508	0.11526	0.02577	0.02289	0.12075	0.28583	0.01585	0.11197	0.02416	0.02801	0.12270	0.02434	0.02306	0.00983	0.00784	0.00227	0.01070	0.00750	0.00556	0.01064
30	0.15748	0.19727	0.05579	0.02326	0.14496	0.19925	0.01659	0.02850	0.06027	0.02571	0.01432	0.01656	0.01183	0.00798	0.00676	0.00226	0.01027	0.00567	0.00447	0.01080
31	0.05335	0.03131	0.18434	0.02647	0.13514	0.23795	0.06780	0.02852	0.05770	0.02518	0.02017	0.02244	0.05544	0.00905	0.00801	0.00247	0.01177	0.00728	0.00458	0.01102

[dist]
# distance from previous block
# <min> <max>
1	37

[block]
# block no. 6 follows, 22 sequences, length 7
# corresponding to MSA columns:
# 420-426
name=unknown_G
#
# <colnr> <probs for GDERKNQSTAVLIFYWHMCP>
#	G	D	E	R	K	N	Q	S	T	A	V	L	I	F	Y	W	H	M	C	P
0	0.07787	0.10546	0.22955	0.02313	0.03103	0.23347	0.13365	0.02830	0.01955	0.02454	0.01400	0.01688	0.01087	0.00785	0.00765	0.00241	0.01269	0.00627	0.00401	0.01081
1	0.16337	0.02706	0.02136	0.09842	0.09148	0.33972	0.01568	0.02756	0.02051	0.02564	0.07919	0.02098	0.01768	0.00912	0.00746	0.00238	0.01126	0.00664	0.00486	0.00965
2	0.01822	0.09700	0.38527	0.02455	0.10289	0.02087	0.02473	0.02741	0.08827	0.02630	0.01653	0.01906	0.01263	0.00856	0.00911	0.00257	0.06100	0.00653	0.00422	0.04429
3	0.02565	0.31611	0.03372	0.02312	0.12901	0.23670	0.01683	0.08406	0.02144	0.02413	0.01343	0.01568	0.01141	0.00789	0.00679	0.00208	0.01104	0.00551	0.00433	0.01107
4	0.01722	0.01310	0.01337	0.01221	0.01519	0.06883	0.00917	0.08118	0.02222	0.08734	0.20574	0.12856	0.20597	0.06801	0.01180	0.00310	0.00622	0.01420	0.00789	0.00868
5	0.01137	0.00816	0.00881	0.00886	0.01047	0.00748	0.00603	0.01309	0.01672	0.02211	0.09870	0.09730	0.30421	0.24243	0.01992	0.00442	0.00543	0.01477	0.09321	0.00650
6	0.01506	0.01409	0.01435	0.01405	0.01602	0.12726	0.01064	0.01790	0.01732	0.02229	0.14042	0.10440	0.03327	0.04057	0.36391	0.00833	0.01574	0.01094	0.00563	0.00782

[dist]
# distance from previous block
# <min> <max>
6	8

[block]
# block no. 7 follows, 22 sequences, length 19
# corresponding to MSA columns:
# 435-453
name=unknown_H
#
# <colnr> <probs for GDERKNQSTAVLIFYWHMCP>
#	G	D	E	R	K	N	Q	S	T	A	V	L	I	F	Y	W	H	M	C	P
0	0.01375	0.01165	0.01399	0.01363	0.01498	0.06324	0.01025	0.01604	0.01389	0.01881	0.02164	0.03452	0.02121	0.17553	0.47093	0.01097	0.05409	0.00913	0.00450	0.00724
1	0.05163	0.18967	0.03389	0.15046	0.15183	0.11752	0.10742	0.05835	0.01966	0.02491	0.01432	0.01826	0.01162	0.00776	0.00755	0.00236	0.01102	0.00663	0.00420	0.01092
2	0.01443	0.00722	0.01082	0.01082	0.01082	0.00722	0.00722	0.01082	0.01082	0.01443	0.01443	0.02525	0.01443	0.02886	0.03247	0.75830	0.00722	0.00722	0.00361	0.00361
3	0.01016	0.00843	0.00889	0.00877	0.01143	0.00716	0.00658	0.01258	0.01974	0.02435	0.18367	0.07681	0.55215	0.02033	0.00981	0.00277	0.00416	0.01709	0.00797	0.00716
4	0.01246	0.00855	0.01095	0.01131	0.01217	0.00895	0.00808	0.01419	0.01403	0.01943	0.02848	0.05448	0.03042	0.36673	0.20568	0.00836	0.01158	0.12026	0.04759	0.00632
5	0.05940	0.15249	0.02660	0.05362	0.02536	0.05499	0.01507	0.31180	0.15124	0.03885	0.02013	0.02049	0.01515	0.00943	0.00760	0.00242	0.00883	0.00705	0.00687	0.01258
6	0.02305	0.39846	0.18420	0.01765	0.02576	0.05704	0.01843	0.13773	0.02145	0.02725	0.01395	0.01561	0.01127	0.00789	0.00658	0.00213	0.01000	0.00544	0.00446	0.01164
7	0.09250	0.30991	0.14615	0.01669	0.02400	0.02565	0.01677	0.16516	0.02164	0.03007	0.01496	0.01717	0.01209	0.01234	0.05940	0.00309	0.01038	0.00582	0.00488	0.01135
8	0.02176	0.03422	0.31198	0.02726	0.14993	0.15786	0.02396	0.09216	0.02146	0.02786	0.01811	0.02050	0.03883	0.00873	0.00800	0.00249	0.01171	0.00684	0.00449	0.01186
9	0.02442	0.31654	0.08406	0.02192	0.10051	0.17852	0.01765	0.08974	0.02085	0.02462	0.01345	0.01583	0.01133	0.00818	0.00768	0.00217	0.04151	0.00559	0.00429	0.01114
10	0.01808	0.17243	0.02179	0.01381	0.01814	0.10844	0.01114	0.02053	0.01769	0.02239	0.05579	0.12725	0.07302	0.05852	0.01085	0.00258	0.04546	0.00974	0.00530	0.18704
11	0.02236	0.27783	0.03084	0.05667	0.09903	0.02499	0.01596	0.14670	0.12149	0.02973	0.01953	0.02365	0.01631	0.01174	0.03779	0.00285	0.00935	0.03591	0.00560	0.01167
12	0.18992	0.07639	0.10902	0.05859	0.12949	0.08709	0.01740	0.07316	0.01909	0.06202	0.01592	0.01917	0.01259	0.01398	0.07938	0.00363	0.01107	0.00635	0.00491	0.01084
13	0.18392	0.12983	0.19623	0.01946	0.02689	0.09799	0.10788	0.02528	0.01806	0.02715	0.04615	0.02185	0.04856	0.00881	0.00733	0.00247	0.01025	0.00700	0.00455	0.01036
14	0.04980	0.07907	0.09010	0.01766	0.05586	0.19916	0.01408	0.02490	0.06018	0.02449	0.02451	0.12579	0.04358	0.03938	0.00906	0.00266	0.00924	0.00950	0.11153	0.00944
15	0.02370	0.06122	0.09030	0.05068	0.07521	0.14857	0.05003	0.05887	0.02190	0.13430	0.13586	0.02775	0.02543	0.01049	0.00937	0.00252	0.04825	0.00840	0.00621	0.01094
16	0.01933	0.02375	0.15390	0.03413	0.27421	0.01893	0.13601	0.05829	0.05399	0.02834	0.02146	0.02463	0.05579	0.00861	0.00846	0.00253	0.01030	0.00826	0.00476	0.05430
17	0.02184	0.06353	0.16474	0.03649	0.34146	0.02156	0.05717	0.13773	0.02230	0.03121	0.01612	0.01952	0.01262	0.00794	0.00810	0.00249	0.01041	0.00712	0.00474	0.01291
18	0.16683	0.07867	0.08092	0.08910	0.02502	0.20959	0.01498	0.02437	0.01805	0.02431	0.02099	0.02416	0.07328	0.01656	0.09631	0.00387	0.01208	0.00705	0.00461	0.00925

[dist]
# distance from previous block
# <min> <max>
43	119

[block]
# block no. 8 follows, 22 sequences, length 7
# corresponding to MSA columns:
# 583-589
name=unknown_I
#
# <colnr> <probs for GDERKNQSTAVLIFYWHMCP>
#	G	D	E	R	K	N	Q	S	T	A	V	L	I	F	Y	W	H	M	C	P
0	0.15362	0.02491	0.13464	0.08969	0.12682	0.15598	0.01808	0.02500	0.01783	0.02609	0.01574	0.02060	0.01295	0.03993	0.05065	0.00335	0.01117	0.00653	0.05635	0.01005
1	0.06839	0.03147	0.19062	0.02574	0.13942	0.25189	0.02067	0.02864	0.02024	0.06466	0.01760	0.02383	0.01465	0.00941	0.00797	0.00252	0.01176	0.05475	0.00475	0.01103
2	0.06629	0.26174	0.08045	0.01526	0.02074	0.08549	0.01414	0.07980	0.02117	0.02788	0.15546	0.03277	0.02919	0.01129	0.00759	0.00238	0.00844	0.06412	0.00578	0.01002
3	0.06364	0.10083	0.18145	0.02189	0.06036	0.02047	0.07653	0.02259	0.01706	0.02528	0.07706	0.02901	0.02086	0.01160	0.01291	0.00290	0.17745	0.06325	0.00467	0.01020
4	0.02155	0.01877	0.02152	0.08871	0.10958	0.11751	0.01580	0.02612	0.05957	0.10185	0.02350	0.03165	0.04232	0.04587	0.01247	0.00292	0.09858	0.06362	0.00568	0.09241
5	0.18799	0.02133	0.01780	0.07869	0.02299	0.20685	0.01314	0.08308	0.02194	0.03045	0.15235	0.03230	0.02817	0.01146	0.00794	0.00257	0.00918	0.05631	0.00612	0.00935
6	0.09233	0.07643	0.02052	0.04173	0.02094	0.14632	0.01309	0.12054	0.01998	0.02657	0.01849	0.06083	0.01727	0.08589	0.13718	0.00509	0.07422	0.00809	0.00517	0.00932

[dist]
# distance from previous block
# <min> <max>
33	137

[block]
# block no. 9 follows, 22 sequences, length 91
# corresponding to MSA columns:
# 750-840
name=unknown_J
#
# <colnr> <probs for GDERKNQSTAVLIFYWHMCP>
#	G	D	E	R	K	N	Q	S	T	A	V	L	I	F	Y	W	H	M	C	P
0	0.02206	0.02057	0.02840	0.19862	0.26244	0.07621	0.04923	0.15210	0.02303	0.03018	0.01911	0.02301	0.04032	0.00884	0.00834	0.00255	0.01040	0.00779	0.00507	0.01172
1	0.28015	0.01822	0.07660	0.15923	0.16896	0.01786	0.01770	0.02412	0.01641	0.05998	0.01540	0.01960	0.01209	0.01271	0.06587	0.00354	0.01007	0.00645	0.00467	0.01037
2	0.02528	0.12062	0.09027	0.01838	0.04994	0.18627	0.01542	0.02891	0.02023	0.17103	0.04875	0.02291	0.01760	0.01577	0.09268	0.00366	0.01177	0.00698	0.00577	0.04778
3	0.02557	0.20041	0.02667	0.04972	0.02393	0.21979	0.01420	0.09589	0.02236	0.08600	0.04677	0.04963	0.01731	0.00945	0.00728	0.00215	0.01003	0.00697	0.00553	0.08033
4	0.01681	0.07898	0.05489	0.18095	0.02968	0.07442	0.04342	0.02031	0.01670	0.02131	0.02655	0.09283	0.10520	0.01525	0.04116	0.00332	0.15454	0.01000	0.00471	0.00897
5	0.02219	0.17961	0.25457	0.02126	0.02936	0.19244	0.07589	0.05339	0.02014	0.02432	0.01704	0.01922	0.03866	0.00848	0.00752	0.00234	0.01194	0.00646	0.00417	0.01100
6	0.02224	0.32908	0.13022	0.08005	0.05886	0.16653	0.01806	0.02630	0.01853	0.02189	0.01366	0.01643	0.01137	0.00780	0.00663	0.00212	0.01071	0.00549	0.04351	0.01052
7	0.05634	0.13141	0.30059	0.02068	0.02906	0.20891	0.02173	0.09048	0.02124	0.02686	0.01423	0.01630	0.01090	0.00818	0.00735	0.00236	0.01200	0.00575	0.00431	0.01134
8	0.02327	0.18713	0.02947	0.01890	0.02363	0.08571	0.04199	0.15267	0.05236	0.02840	0.01488	0.01784	0.01243	0.01003	0.01266	0.00253	0.19901	0.00647	0.00504	0.07558
9	0.01066	0.00771	0.01063	0.01214	0.01291	0.00767	0.00857	0.01255	0.01551	0.02097	0.04060	0.52753	0.04719	0.03373	0.15460	0.00556	0.00874	0.04879	0.00700	0.00694
10	0.01837	0.02027	0.06134	0.05404	0.02955	0.02372	0.17527	0.02204	0.01489	0.02204	0.01278	0.01941	0.01133	0.01202	0.02105	0.00334	0.45711	0.00787	0.00378	0.00979
11	0.01465	0.01300	0.01870	0.01709	0.01792	0.01704	0.01383	0.01711	0.01307	0.01960	0.01724	0.02625	0.01641	0.04120	0.38884	0.00906	0.31858	0.00818	0.00409	0.00816
12	0.01012	0.00723	0.00964	0.01157	0.01205	0.00675	0.00771	0.01157	0.01591	0.02121	0.04579	0.70262	0.05495	0.02603	0.01060	0.00337	0.00482	0.02362	0.00771	0.00675
13	0.01187	0.00890	0.01335	0.01335	0.01483	0.01038	0.01038	0.01483	0.01335	0.01928	0.02225	0.03264	0.02077	0.06231	0.67512	0.01335	0.02225	0.00890	0.00445	0.00742
14	0.02056	0.01974	0.03372	0.05099	0.65622	0.01974	0.02550	0.02550	0.01892	0.02714	0.01563	0.02056	0.01316	0.00740	0.00822	0.00247	0.00987	0.00740	0.00411	0.01316
15	0.03727	0.01414	0.01928	0.01478	0.02121	0.01221	0.01221	0.04049	0.02378	0.66198	0.03277	0.02828	0.02056	0.01028	0.00835	0.00257	0.00707	0.00835	0.01028	0.01414
16	0.01012	0.00723	0.00964	0.01157	0.01205	0.00675	0.00771	0.01157	0.01591	0.02121	0.04579	0.70262	0.05495	0.02603	0.01060	0.00337	0.00482	0.02362	0.00771	0.00675
17	0.01549	0.00774	0.00774	0.00774	0.00968	0.00774	0.00581	0.01936	0.01742	0.03097	0.02710	0.03097	0.02129	0.00968	0.00581	0.00194	0.00387	0.00774	0.75416	0.00774
