[name]
unknown

[dist]
# distance from previous block
# <min> <max>
5	7

[block]
# block no. 0 follows, 20 sequences, length 94
# corresponding to MSA columns:
# 7-100
name=unknown_A
#
# <colnr> <probs for GDERKNQSTAVLIFYWHMCP>
#	G	D	E	R	K	N	Q	S	T	A	V	L	I	F	Y	W	H	M	C	P
0	0.03028	0.02723	0.02389	0.01960	0.02536	0.19489	0.01561	0.36848	0.06349	0.04245	0.05248	0.02543	0.04922	0.01108	0.00866	0.00256	0.01059	0.00827	0.00760	0.01282
1	0.02079	0.02515	0.14132	0.04700	0.47808	0.02078	0.08503	0.02703	0.01969	0.02829	0.01640	0.02124	0.01329	0.00782	0.00874	0.00265	0.01122	0.00780	0.00422	0.01346
2	0.02149	0.01658	0.01879	0.01477	0.02136	0.01532	0.01175	0.06256	0.19642	0.08685	0.02652	0.02639	0.04518	0.00932	0.00766	0.00205	0.00676	0.00759	0.00707	0.39559
3	0.07870	0.02110	0.04943	0.02969	0.25993	0.10290	0.01781	0.06479	0.02155	0.02880	0.03654	0.03787	0.19088	0.01227	0.00875	0.00266	0.00915	0.01023	0.00579	0.01116
4	0.08587	0.03215	0.02700	0.06372	0.20815	0.38745	0.01956	0.03109	0.02214	0.02491	0.01434	0.01771	0.01187	0.00855	0.00794	0.00242	0.01323	0.00629	0.00448	0.01113
5	0.22721	0.01303	0.01416	0.01317	0.01616	0.01468	0.01009	0.08765	0.01736	0.02930	0.02188	0.06628	0.02101	0.14194	0.26098	0.00797	0.01359	0.00923	0.00564	0.00865
6	0.01330	0.01106	0.01548	0.16297	0.06013	0.01128	0.01236	0.01713	0.02081	0.02766	0.27749	0.05769	0.20826	0.05317	0.01170	0.00314	0.00651	0.01402	0.00735	0.00850
7	0.01985	0.08981	0.20811	0.02918	0.19224	0.02182	0.02281	0.03001	0.14588	0.02897	0.05589	0.02464	0.01932	0.00993	0.00999	0.00276	0.06285	0.00800	0.00531	0.01263
8	0.01264	0.00864	0.01046	0.01046	0.01079	0.00897	0.00647	0.01329	0.01297	0.01761	0.02662	0.05229	0.02963	0.56141	0.17359	0.00963	0.01159	0.01198	0.00516	0.00581
9	0.02487	0.17426	0.26916	0.05353	0.03130	0.06122	0.02222	0.13184	0.02335	0.10288	0.01791	0.01934	0.01303	0.00886	0.00785	0.00252	0.01102	0.00661	0.00548	0.01278
10	0.06242	0.10526	0.02951	0.03088	0.23838	0.18105	0.01915	0.06651	0.12816	0.02930	0.01860	0.02076	0.01496	0.00893	0.00797	0.00249	0.01073	0.00709	0.00541	0.01243
11	0.01311	0.01047	0.01699	0.01582	0.01796	0.01179	0.05825	0.01656	0.01454	0.02086	0.02291	0.03342	0.02113	0.06081	0.60740	0.01314	0.02268	0.00942	0.00465	0.00810
12	0.01783	0.01673	0.02599	0.23448	0.24080	0.04146	0.02101	0.02240	0.01743	0.02375	0.01767	0.02520	0.01508	0.02394	0.18439	0.00580	0.04308	0.00810	0.00426	0.01058
13	0.01246	0.00935	0.01402	0.01402	0.01558	0.01090	0.01090	0.01558	0.01402	0.02025	0.02336	0.03427	0.02181	0.06542	0.65888	0.01402	0.02336	0.00935	0.00467	0.00779
14	0.01237	0.00952	0.01072	0.04565	0.01511	0.00841	0.00811	0.01508	0.02062	0.05653	0.15116	0.07549	0.49985	0.02025	0.01014	0.00291	0.00493	0.01700	0.00820	0.00798
15	0.75506	0.01687	0.01282	0.01147	0.01687	0.01957	0.00945	0.02564	0.01484	0.03914	0.01215	0.01417	0.00945	0.00810	0.00540	0.00270	0.00675	0.00472	0.00540	0.00945
16	0.02016	0.21435	0.32116	0.02991	0.19553	0.02422	0.02610	0.02699	0.01862	0.02595	0.01491	0.01808	0.01183	0.00793	0.00766	0.00247	0.01125	0.00632	0.00387	0.01268
17	0.01063	0.00759	0.01012	0.01215	0.01265	0.00709	0.00810	0.01215	0.01670	0.02227	0.04808	0.68775	0.05769	0.02733	0.01113	0.00354	0.00506	0.02480	0.00810	0.00709
18	0.03128	0.13434	0.02768	0.02141	0.02632	0.57035	0.01658	0.03360	0.02373	0.02123	0.01329	0.01549	0.01123	0.00877	0.00754	0.00219	0.01483	0.00548	0.00439	0.01027
19	0.02585	0.06107	0.02346	0.02118	0.07503	0.27684	0.01523	0.13885	0.02706	0.03202	0.18211	0.03043	0.03126	0.01147	0.00863	0.00246	0.01065	0.00891	0.00662	0.01088
20	0.02303	0.26053	0.18118	0.02606	0.10311	0.13800	0.09985	0.02833	0.01976	0.02425	0.01443	0.01750	0.01175	0.00795	0.00761	0.00237	0.01213	0.00637	0.00402	0.01178
21	0.06380	0.03538	0.02446	0.12910	0.03196	0.49615	0.01771	0.05684	0.02375	0.02377	0.01407	0.01712	0.01137	0.00897	0.00793	0.00239	0.01437	0.00602	0.00462	0.01021
22	0.01389	0.01952	0.18540	0.01804	0.02297	0.01241	0.07262	0.01880	0.01883	0.02620	0.11396	0.32078	0.04366	0.01883	0.01024	0.00320	0.00817	0.05641	0.00676	0.00931
23	0.01817	0.01579	0.01878	0.01372	0.02085	0.01284	0.01104	0.02189	0.01771	0.02782	0.01518	0.01817	0.01280	0.00717	0.00825	0.00150	0.06057	0.00537	0.00506	0.68732
24	0.02405	0.05603	0.02682	0.02241	0.02432	0.25117	0.01812	0.02612	0.01758	0.02110	0.01220	0.01768	0.01136	0.01271	0.02028	0.00318	0.41422	0.00679	0.00405	0.00981
25	0.75506	0.01687	0.01282	0.01147	0.01687	0.01957	0.00945	0.02564	0.01484	0.03914	0.01215	0.01417	0.00945	0.00810	0.00540	0.00270	0.00675	0.00472	0.00540	0.00945
26	0.01824	0.01725	0.02839	0.23962	0.36080	0.01823	0.02284	0.02315	0.01911	0.02579	0.02733	0.03182	0.10993	0.01030	0.00892	0.00274	0.00983	0.00942	0.00477	0.01152
27	0.75506	0.01687	0.01282	0.01147	0.01687	0.01957	0.00945	0.02564	0.01484	0.03914	0.01215	0.01417	0.00945	0.00810	0.00540	0.00270	0.00675	0.00472	0.00540	0.00945
28	0.01155	0.00888	0.01067	0.01167	0.01325	0.00840	0.00819	0.01526	0.06621	0.02462	0.09855	0.43923	0.20307	0.02411	0.01069	0.00329	0.00498	0.02136	0.00827	0.00777
29	0.01080	0.00891	0.00952	0.00952	0.01229	0.00763	0.00725	0.01339	0.02061	0.02540	0.16802	0.08187	0.52289	0.02156	0.01039	0.00297	0.00456	0.04657	0.00832	0.00753
30	0.01079	0.00766	0.01007	0.01194	0.01240	0.00719	0.00787	0.01219	0.01638	0.02184	0.04644	0.63769	0.05563	0.08020	0.01377	0.00393	0.00533	0.02384	0.00787	0.00694
31	0.01488	0.01290	0.01866	0.01726	0.01825	0.01668	0.01389	0.01756	0.01378	0.02052	0.01901	0.02872	0.01802	0.04710	0.42861	0.01029	0.26236	0.00872	0.00436	0.00843
32	0.02646	0.03907	0.19204	0.02378	0.05523	0.40801	0.02094	0.03102	0.02197	0.02326	0.01498	0.01818	0.01214	0.01323	0.05968	0.00333	0.01534	0.00623	0.00428	0.01083
33	0.03209	0.02859	0.02527	0.02053	0.02668	0.19645	0.01643	0.41052	0.08285	0.04446	0.02009	0.02046	0.01480	0.01018	0.00851	0.00255	0.01103	0.00741	0.00760	0.01348
34	0.75506	0.01687	0.01282	0.01147	0.01687	0.01957	0.00945	0.02564	0.01484	0.03914	0.01215	0.01417	0.00945	0.00810	0.00540	0.00270	0.00675	0.00472	0.00540	0.00945
35	0.02040	0.12606	0.48315	0.02328	0.03428	0.11416	0.02785	0.02848	0.01924	0.02583	0.01490	0.01748	0.01109	0.00829	0.00789	0.00258	0.01286	0.00610	0.00381	0.01228
36	0.03452	0.02226	0.02483	0.01904	0.02596	0.02382	0.01573	0.48116	0.03737	0.18891	0.02400	0.02293	0.01637	0.01054	0.00874	0.00264	0.00910	0.00806	0.00920	0.01484
37	0.01268	0.00846	0.00951	0.00951	0.00951	0.00846	0.00529	0.01268	0.01268	0.01691	0.02748	0.05708	0.03171	0.69345	0.04440	0.00846	0.00846	0.01268	0.00529	0.00529
38	0.01251	0.00915	0.01303	0.01303	0.01424	0.01037	0.00967	0.01494	0.01373	0.01952	0.02427	0.03928	0.02398	0.20337	0.52391	0.01280	0.02009	0.01008	0.00481	0.00724
39	0.71476	0.01639	0.01256	0.01129	0.01650	0.01894	0.00926	0.02535	0.01503	0.03878	0.01304	0.01517	0.01015	0.00821	0.00544	0.00266	0.00660	0.00491	0.04557	0.00937
40	0.02345	0.01910	0.02146	0.01800	0.02129	0.05248	0.01424	0.26130	0.02523	0.03409	0.02006	0.02894	0.01805	0.15004	0.10290	0.00544	0.15814	0.00882	0.00626	0.01070
41	0.01268	0.00846	0.00951	0.00951	0.00951	0.00846	0.00529	0.01268	0.01268	0.01691	0.02748	0.05708	0.03171	0.69345	0.04440	0.00846	0.00846	0.01268	0.00529	0.00529
42	0.01539	0.01201	0.01336	0.01258	0.01579	0.01195	0.00968	0.12435	0.04867	0.02953	0.05981	0.16975	0.32219	0.02393	0.06165	0.00391	0.00725	0.04119	0.00797	0.00903
43	0.03204	0.04054	0.02525	0.02400	0.05716	0.62697	0.01734	0.03443	0.02448	0.02170	0.01363	0.01602	0.01136	0.00893	0.00790	0.00226	0.01547	0.00572	0.00449	0.01030
44	0.75506	0.01687	0.01282	0.01147	0.01687	0.01957	0.00945	0.02564	0.01484	0.03914	0.01215	0.01417	0.00945	0.00810	0.00540	0.00270	0.00675	0.00472	0.00540	0.00945
45	0.02159	0.02073	0.03541	0.05354	0.63903	0.02073	0.02677	0.02677	0.01986	0.02850	0.01641	0.02159	0.01382	0.00777	0.00864	0.00259	0.01036	0.00777	0.00432	0.01382
46	0.02060	0.01971	0.03361	0.17348	0.52684	0.02046	0.02628	0.02590	0.01939	0.02729	0.01623	0.02191	0.01339	0.00796	0.00865	0.00265	0.01061	0.00777	0.00423	0.01302
47	0.02484	0.03476	0.15585	0.02269	0.02761	0.32400	0.02041	0.02869	0.01984	0.02252	0.01386	0.01807	0.01175	0.01317	0.04404	0.00333	0.19349	0.00651	0.00415	0.01043
48	0.75506	0.01687	0.01282	0.01147	0.01687	0.01957	0.00945	0.02564	0.01484	0.03914	0.01215	0.01417	0.00945	0.00810	0.00540	0.00270	0.00675	0.00472	0.00540	0.00945
49	0.01780	0.01725	0.02974	0.11283	0.28930	0.01713	0.11998	0.02268	0.01971	0.02639	0.03460	0.04081	0.15670	0.01203	0.00951	0.00285	0.00977	0.04441	0.00536	0.01116
50	0.75506	0.01687	0.01282	0.01147	0.01687	0.01957	0.00945	0.02564	0.01484	0.03914	0.01215	0.01417	0.00945	0.00810	0.00540	0.00270	0.00675	0.00472	0.00540	0.00945
51	0.01045	0.00884	0.00904	0.00899	0.01187	0.00742	0.00674	0.01280	0.02022	0.02437	0.12682	0.08262	0.59654	0.02179	0.01031	0.00293	0.00440	0.01822	0.00821	0.00742
52	0.01248	0.00928	0.01366	0.01366	0.01510	0.01071	0.01046	0.01535	0.01391	0.01998	0.02369	0.03608	0.02259	0.11527	0.61011	0.01358	0.02218	0.00961	0.00472	0.00759
53	0.01033	0.00876	0.00891	0.00903	0.01183	0.00735	0.00671	0.01250	0.01969	0.02349	0.08599	0.11959	0.60139	0.02240	0.01036	0.00298	0.00446	0.01879	0.00810	0.00735
54	0.02423	0.63387	0.04364	0.01567	0.02284	0.09606	0.01512	0.02698	0.01841	0.02060	0.01226	0.01416	0.01120	0.00761	0.00582	0.00190	0.00996	0.00476	0.00381	0.01109
55	0.02109	0.02100	0.03433	0.16877	0.45201	0.05292	0.07031	0.02641	0.01970	0.02691	0.01618	0.02176	0.01322	0.00798	0.00874	0.00266	0.01121	0.00785	0.00425	0.01268
56	0.02492	0.05959	0.02716	0.03074	0.22318	0.30074	0.01908	0.02837	0.02123	0.02383	0.01783	0.02555	0.01606	0.01622	0.08481	0.00385	0.01405	0.04718	0.00467	0.01094
57	0.01063	0.00759	0.01012	0.01215	0.01265	0.00709	0.00810	0.01215	0.01670	0.02227	0.04808	0.68775	0.05769	0.02733	0.01113	0.00354	0.00506	0.02480	0.00810	0.00709
58	0.02082	0.01798	0.01889	0.01707	0.02185	0.02060	0.01326	0.04376	0.57700	0.03550	0.03956	0.03649	0.07332	0.01262	0.00899	0.00296	0.00671	0.01052	0.00882	0.01331
59	0.02052	0.01954	0.03277	0.18209	0.49006	0.02049	0.02566	0.02669	0.04603	0.02754	0.01706	0.02242	0.01392	0.00815	0.00866	0.00267	0.01048	0.00786	0.00443	0.01295
60	0.01246	0.00935	0.01402	0.01402	0.01558	0.01090	0.01090	0.01558	0.01402	0.02025	0.02336	0.03427	0.02181	0.06542	0.65888	0.01402	0.02336	0.00935	0.00467	0.00779
61	0.01127	0.00985	0.01109	0.01264	0.06510	0.00850	0.00834	0.01373	0.01988	0.02398	0.08225	0.07865	0.58265	0.02087	0.01017	0.00292	0.00492	0.01751	0.00778	0.00791
62	0.02568	0.02094	0.01802	0.01538	0.01968	0.15156	0.01207	0.23240	0.02770	0.03813	0.02264	0.02489	0.01735	0.01003	0.00740	0.00229	0.00848	0.00750	0.32693	0.01092
63	0.02493	0.02795	0.02294	0.02408	0.11103	0.31885	0.01630	0.03212	0.14005	0.02532	0.02366	0.02611	0.05012	0.01775	0.09666	0.00407	0.01365	0.00796	0.00555	0.01090
64	0.01515	0.00758	0.01136	0.01136	0.01136	0.00758	0.00758	0.01136	0.01136	0.01515	0.01515	0.02652	0.01515	0.03030	0.03409	0.74621	0.00758	0.00758	0.00379	0.00379
65	0.02104	0.01521	0.02374	0.03078	0.29449	0.01460	0.01730	0.02550	0.02258	0.13594	0.25597	0.03964	0.04135	0.01214	0.00929	0.00267	0.00747	0.01100	0.00744	0.01185
66	0.02370	0.27907	0.02970	0.01737	0.02219	0.25053	0.01453	0.02639	0.01922	0.02074	0.01563	0.02007	0.01406	0.02360	0.18212	0.00527	0.01539	0.00626	0.00426	0.00989
67	0.18077	0.44822	0.03534	0.01540	0.02194	0.13116	0.01407	0.02741	0.01823	0.02462	0.01235	0.01431	0.01083	0.00784	0.00592	0.00210	0.00980	0.00483	0.00421	0.01065
68	0.02432	0.02596	0.03139	0.04210	0.41746	0.18673	0.02315	0.02956	0.05140	0.02666	0.01636	0.02050	0.01368	0.00868	0.00946	0.00258	0.04548	0.00731	0.00457	0.01264
69	0.01297	0.00915	0.01128	0.01060	0.01310	0.00820	0.00800	0.01654	0.02341	0.05867	0.46123	0.06866	0.22844	0.01867	0.01023	0.00280	0.00434	0.01618	0.00925	0.00829
70	0.01643	0.10928	0.04553	0.01396	0.01653	0.01594	0.01109	0.07490	0.01788	0.02373	0.03090	0.19807	0.06350	0.23064	0.02224	0.00473	0.07666	0.01358	0.00603	0.00838
71	0.27801	0.07797	0.02403	0.12727	0.11659	0.19273	0.01675	0.02777	0.01887	0.02863	0.01366	0.01711	0.01105	0.00834	0.00708	0.00253	0.01068	0.00589	0.00462	0.01043
72	0.07206	0.02743	0.20909	0.04238	0.42326	0.02051	0.02711	0.02694	0.01910	0.02900	0.01589	0.02016	0.01272	0.00794	0.00831	0.00265	0.01083	0.00718	0.00421	0.01324
73	0.01178	0.00848	0.01116	0.01136	0.01291	0.00785	0.00819	0.01505	0.02207	0.03081	0.44206	0.26942	0.07423	0.02095	0.01057	0.00301	0.00443	0.01874	0.00911	0.00785
74	0.02142	0.02045	0.03355	0.04854	0.54673	0.02122	0.02520	0.02792	0.06730	0.02860	0.01757	0.02228	0.01467	0.00862	0.01006	0.00271	0.05706	0.00793	0.00464	0.01352
75	0.01191	0.00890	0.01105	0.01052	0.01276	0.00804	0.00789	0.01562	0.02366	0.03253	0.51734	0.06919	0.20093	0.01875	0.01029	0.00279	0.00418	0.01634	0.00928	0.00804
76	0.01963	0.01927	0.02850	0.03788	0.37618	0.07138	0.05487	0.02412	0.02090	0.02818	0.11925	0.06872	0.07039	0.01149	0.00918	0.00268	0.00939	0.01066	0.00563	0.01169
77	0.01806	0.01630	0.02276	0.12755	0.02984	0.01398	0.07165	0.02261	0.01822	0.02733	0.01572	0.01950	0.01273	0.00693	0.00722	0.00173	0.00815	0.00611	0.00487	0.54872
78	0.01254	0.00860	0.01049	0.01058	0.01094	0.00891	0.00660	0.01327	0.01315	0.01787	0.02758	0.08183	0.03085	0.53020	0.17203	0.00940	0.01143	0.01255	0.00529	0.00590
79	0.02703	0.21322	0.03082	0.02054	0.02481	0.34723	0.01684	0.02935	0.02026	0.02105	0.01266	0.01602	0.01127	0.01000	0.01197	0.00250	0.16421	0.00582	0.00414	0.01027
80	0.03265	0.02590	0.02416	0.01941	0.02553	0.16167	0.01561	0.36920	0.03422	0.12992	0.05743	0.02365	0.01899	0.01063	0.00864	0.00256	0.01030	0.00796	0.00815	0.01342
81	0.02546	0.31649	0.14815	0.02111	0.05387	0.25233	0.01930	0.02951	0.02042	0.02247	0.01344	0.01575	0.01130	0.00817	0.00703	0.00220	0.01229	0.00546	0.00402	0.01124
82	0.02235	0.01707	0.02558	0.18716	0.23410	0.01803	0.01980	0.03039	0.12170	0.13286	0.02887	0.03076	0.07208	0.01047	0.00887	0.00278	0.00906	0.00924	0.00642	0.01242
83	0.01237	0.00888	0.01150	0.01086	0.01276	0.00825	0.00800	0.01617	0.02377	0.03359	0.58788	0.06454	0.07842	0.06965	0.01290	0.00318	0.00445	0.01554	0.00927	0.00800
84	0.01270	0.00894	0.01168	0.01183	0.01261	0.00956	0.00822	0.01426	0.01379	0.01896	0.02726	0.05107	0.02914	0.38931	0.28926	0.01035	0.01442	0.05488	0.00525	0.00650
85	0.01751	0.01303	0.01582	0.01458	0.01738	0.01412	0.01111	0.15210	0.06877	0.03157	0.11336	0.16265	0.03656	0.07915	0.20388	0.00662	0.01174	0.01314	0.00730	0.00960
86	0.01260	0.00860	0.00978	0.00992	0.01029	0.00848	0.00601	0.01305	0.01376	0.01807	0.03347	0.06205	0.07932	0.59483	0.03951	0.00772	0.00812	0.05309	0.00569	0.00564
87	0.01204	0.00874	0.01175	0.01214	0.01316	0.00930	0.00860	0.01396	0.01452	0.01993	0.03307	0.16908	0.06760	0.22469	0.33046	0.00985	0.01471	0.01375	0.00570	0.00695
88	0.01308	0.01043	0.01689	0.01576	0.01788	0.01176	0.05665	0.01652	0.01452	0.02084	0.02293	0.03344	0.02115	0.06097	0.60914	0.01317	0.02270	0.00942	0.00465	0.00809
89	0.02551	0.02629	0.07492	0.03945	0.36964	0.11397	0.02341	0.16035	0.02526	0.03342	0.01696	0.02038	0.01348	0.00860	0.00852	0.00256	0.01114	0.00739	0.00530	0.01345
90	0.03027	0.09091	0.02731	0.02428	0.07332	0.52554	0.01758	0.03277	0.02317	0.02181	0.01349	0.01622	0.01144	0.00912	0.00888	0.00233	0.05091	0.00582	0.00438	0.01045
91	0.43211	0.14147	0.08591	0.01690	0.06762	0.02170	0.01422	0.02521	0.01605	0.03228	0.01373	0.01676	0.01126	0.01260	0.05867	0.00346	0.00946	0.00550	0.00478	0.01032
92	0.01537	0.01124	0.01659	0.01708	0.06458	0.01045	0.05282	0.01893	0.02106	0.07679	0.20582	0.18070	0.14788	0.01921	0.01048	0.00312	0.00644	0.10424	0.00816	0.00905
93	0.01132	0.00975	0.01107	0.01242	0.05998	0.00845	0.00829	0.01389	0.02022	0.02475	0.12130	0.07784	0.54886	0.02069	0.01018	0.00290	0.00485	0.01741	0.00792	0.00792

[dist]
# distance from previous block
# <min> <max>
54	171

[block]
# block no. 1 follows, 20 sequences, length 19
# corresponding to MSA columns:
# 281-299
name=unknown_B
#
# <colnr> <probs for GDERKNQSTAVLIFYWHMCP>
#	G	D	E	R	K	N	Q	S	T	A	V	L	I	F	Y	W	H	M	C	P
0	0.07652	0.29575	0.06274	0.02549	0.17423	0.02652	0.01832	0.08459	0.02004	0.02793	0.01473	0.01798	0.01255	0.01057	0.03315	0.00278	0.04938	0.00621	0.00459	0.03592
1	0.02149	0.02303	0.07889	0.02549	0.15915	0.12042	0.01746	0.10651	0.08886	0.03018	0.03179	0.14287	0.08927	0.01374	0.00913	0.00280	0.00942	0.01162	0.00645	0.01142
2	0.01827	0.02945	0.27057	0.02047	0.02708	0.12547	0.05677	0.02315	0.01843	0.02383	0.02365	0.19043	0.02360	0.01563	0.01189	0.08418	0.01091	0.01136	0.00501	0.00986
3	0.01789	0.16830	0.10208	0.02066	0.10526	0.04625	0.01628	0.02358	0.06567	0.02428	0.03142	0.03430	0.12916	0.02328	0.14942	0.00501	0.01214	0.00929	0.00525	0.01048
4	0.02729	0.20551	0.11434	0.02331	0.08378	0.24605	0.01928	0.12990	0.02444	0.02842	0.01498	0.01708	0.01206	0.00865	0.00756	0.00231	0.01216	0.00607	0.00490	0.01191
5	0.01588	0.07792	0.01535	0.01206	0.01527	0.10722	0.00910	0.01910	0.05473	0.02260	0.05690	0.05985	0.34815	0.13102	0.01516	0.00367	0.00737	0.01378	0.00674	0.00815
6	0.01448	0.00997	0.01132	0.01099	0.01178	0.01016	0.00687	0.07391	0.01619	0.02162	0.02990	0.14791	0.03387	0.52349	0.03575	0.00712	0.00806	0.01400	0.00606	0.00654
7	0.01678	0.01185	0.01442	0.01314	0.01554	0.01276	0.00980	0.11867	0.01899	0.02708	0.02429	0.03726	0.02297	0.21804	0.27784	0.00864	0.01404	0.00968	0.08751	0.04069
8	0.02709	0.01997	0.02120	0.01729	0.02283	0.02220	0.01394	0.35571	0.18817	0.04607	0.02610	0.02607	0.01927	0.01077	0.00828	0.00260	0.00789	0.00843	0.14277	0.01334
9	0.03084	0.02296	0.02468	0.01941	0.02583	0.02542	0.01584	0.52523	0.09161	0.05144	0.02380	0.06034	0.01835	0.01156	0.00888	0.00270	0.00910	0.00901	0.00870	0.01430
10	0.02531	0.01952	0.01945	0.01651	0.02101	0.07654	0.01296	0.32664	0.03035	0.04097	0.02745	0.16727	0.02511	0.01394	0.00872	0.00268	0.00821	0.01138	0.13441	0.01157
11	0.02708	0.25785	0.13975	0.01937	0.02731	0.08479	0.01874	0.26065	0.02778	0.03560	0.01638	0.01769	0.01263	0.00894	0.00751	0.00235	0.01062	0.00633	0.00579	0.01285
12	0.02267	0.07733	0.02164	0.01625	0.02072	0.01977	0.01334	0.27367	0.02635	0.03624	0.02172	0.02656	0.01789	0.03215	0.26826	0.00706	0.01464	0.00819	0.06439	0.01116
13	0.05877	0.08480	0.02378	0.01740	0.02316	0.08096	0.01425	0.31628	0.11093	0.04194	0.02443	0.02477	0.04009	0.01055	0.00801	0.00251	0.00884	0.00793	0.08790	0.01268
14	0.02876	0.07577	0.02510	0.01847	0.02438	0.05322	0.01505	0.42395	0.07158	0.04505	0.02353	0.08197	0.01967	0.04074	0.01018	0.00289	0.00923	0.00935	0.00795	0.01317
15	0.02107	0.16913	0.08350	0.02747	0.13293	0.02442	0.10873	0.07828	0.01978	0.02701	0.01791	0.07966	0.01653	0.01118	0.01238	0.00283	0.14199	0.00890	0.00480	0.01150
16	0.02347	0.01704	0.01881	0.01570	0.01973	0.01833	0.01203	0.33625	0.02962	0.03984	0.08146	0.11916	0.03048	0.17721	0.01774	0.00415	0.00825	0.01190	0.00790	0.01095
17	0.06010	0.01795	0.11404	0.01426	0.01927	0.01406	0.01314	0.12555	0.02296	0.03133	0.09497	0.05498	0.25218	0.07670	0.01256	0.00339	0.00741	0.04829	0.00722	0.00965
18	0.30839	0.08736	0.06149	0.12228	0.02865	0.16028	0.01593	0.07328	0.01996	0.03136	0.01389	0.01676	0.01087	0.00853	0.00693	0.00256	0.01033	0.00575	0.00496	0.01043

[dist]
# distance from previous block
# <min> <max>
0	1

[block]
# block no. 2 follows, 20 sequences, length 9
# corresponding to MSA columns:
# 301-309
name=unknown_C
#
# <colnr> <probs for GDERKNQSTAVLIFYWHMCP>
#	G	D	E	R	K	N	Q	S	T	A	V	L	I	F	Y	W	H	M	C	P
0	0.02732	0.17655	0.02735	0.01764	0.02391	0.22970	0.01445	0.07863	0.06548	0.08155	0.01762	0.01869	0.01388	0.00860	0.00729	0.00208	0.01049	0.00607	0.00568	0.16702
1	0.01415	0.01181	0.01643	0.01565	0.01631	0.01458	0.01198	0.01614	0.01410	0.02032	0.02487	0.15052	0.02668	0.14082	0.25871	0.00822	0.21369	0.01212	0.00513	0.00780
2	0.01106	0.00855	0.00922	0.00949	0.01122	0.00765	0.00643	0.01252	0.01729	0.02139	0.06459	0.15891	0.37522	0.22390	0.02063	0.00468	0.00572	0.01757	0.00726	0.00670
3	0.02170	0.14055	0.06960	0.02037	0.09285	0.04756	0.01573	0.15450	0.06961	0.03412	0.15478	0.03514	0.08357	0.01209	0.00857	0.00256	0.00832	0.00984	0.00694	0.01161
4	0.01967	0.07909	0.02289	0.02288	0.14337	0.07778	0.01525	0.06761	0.09131	0.02883	0.08055	0.04584	0.15947	0.01428	0.00991	0.00281	0.03382	0.06719	0.00668	0.01076
5	0.01531	0.01134	0.01450	0.08912	0.01997	0.01195	0.01108	0.10016	0.01970	0.02614	0.03567	0.32303	0.03978	0.17032	0.01797	0.00447	0.00749	0.06675	0.00707	0.00819
6	0.24136	0.02897	0.20566	0.02634	0.16090	0.09377	0.02109	0.02905	0.06280	0.03119	0.01598	0.01857	0.01234	0.00846	0.00749	0.00266	0.01038	0.00638	0.00481	0.01181
7	0.11642	0.01817	0.02763	0.10132	0.36935	0.01946	0.02119	0.02399	0.01835	0.02801	0.02358	0.02772	0.08442	0.01026	0.01029	0.00279	0.07197	0.00858	0.00481	0.01169
8	0.02070	0.02250	0.09204	0.11221	0.52517	0.02055	0.02703	0.02641	0.01949	0.02780	0.01625	0.02146	0.01334	0.00791	0.00861	0.00264	0.01073	0.00765	0.00421	0.01332

[dist]
# distance from previous block
# <min> <max>
19	75

[block]
# block no. 3 follows, 20 sequences, length 7
# corresponding to MSA columns:
# 386-392
name=unknown_D
#
# <colnr> <probs for GDERKNQSTAVLIFYWHMCP>
#	G	D	E	R	K	N	Q	S	T	A	V	L	I	F	Y	W	H	M	C	P
0	0.02149	0.16184	0.12241	0.10097	0.23328	0.06495	0.04890	0.02899	0.08499	0.02648	0.01728	0.02068	0.01386	0.00839	0.00803	0.00254	0.01082	0.00715	0.00457	0.01238
1	0.01981	0.09383	0.02403	0.10695	0.10087	0.14960	0.01671	0.02328	0.01934	0.02309	0.02846	0.03983	0.09033	0.01883	0.07938	0.00403	0.05114	0.09552	0.00524	0.00971
2	0.02141	0.01748	0.02236	0.02498	0.17277	0.01841	0.01582	0.18172	0.12705	0.03674	0.11313	0.10014	0.08289	0.01368	0.00931	0.00280	0.00771	0.01181	0.00767	0.01212
3	0.01781	0.10194	0.19963	0.01729	0.02311	0.05544	0.01687	0.02605	0.13097	0.02523	0.02646	0.13978	0.02563	0.13822	0.01519	0.00384	0.00940	0.01106	0.00575	0.01033
4	0.11848	0.02615	0.19500	0.10760	0.33188	0.02030	0.02562	0.02636	0.01854	0.02902	0.01554	0.01993	0.01225	0.00806	0.00812	0.00269	0.01069	0.00701	0.00425	0.01253
5	0.02277	0.01975	0.02161	0.01881	0.02236	0.08040	0.01518	0.19059	0.10473	0.03283	0.02249	0.02945	0.01922	0.02557	0.17065	0.00571	0.13851	0.04182	0.00640	0.01115
6	0.11202	0.01004	0.01075	0.01101	0.01304	0.00997	0.00816	0.01555	0.01672	0.02387	0.04750	0.06827	0.21123	0.25683	0.02202	0.00508	0.00694	0.13720	0.00673	0.00706

[dist]
# distance from previous block
# <min> <max>
0	7

[block]
# block no. 4 follows, 20 sequences, length 85
# corresponding to MSA columns:
# 400-484
name=unknown_E
#
# <colnr> <probs for GDERKNQSTAVLIFYWHMCP>
#	G	D	E	R	K	N	Q	S	T	A	V	L	I	F	Y	W	H	M	C	P
0	0.06978	0.01853	0.02215	0.02625	0.21198	0.05782	0.01590	0.14877	0.02443	0.03281	0.04150	0.04188	0.22589	0.01335	0.00896	0.00270	0.00827	0.01108	0.00665	0.01131
1	0.02615	0.06530	0.07597	0.06839	0.05977	0.34665	0.10023	0.03017	0.02161	0.02351	0.01444	0.01802	0.01176	0.00874	0.00924	0.00245	0.04933	0.00660	0.00434	0.05733
2	0.03209	0.03966	0.02531	0.02383	0.05631	0.59411	0.01731	0.06518	0.02536	0.02349	0.01402	0.01629	0.01155	0.00901	0.00795	0.00228	0.01515	0.00584	0.00471	0.01054
3	0.07532	0.02695	0.02155	0.02011	0.06176	0.26645	0.01470	0.18184	0.02704	0.03241	0.03180	0.03217	0.14757	0.01209	0.00851	0.00255	0.01071	0.00906	0.00645	0.01096
4	0.07134	0.06724	0.18933	0.02029	0.02793	0.11208	0.01956	0.17193	0.16900	0.03574	0.02094	0.02151	0.01561	0.00970	0.00814	0.00265	0.01049	0.00728	0.00635	0.01288
5	0.02982	0.19177	0.02986	0.01960	0.02561	0.27002	0.01610	0.21285	0.06798	0.03264	0.01695	0.01806	0.01337	0.00928	0.00766	0.00232	0.01170	0.00637	0.00592	0.01209
6	0.01061	0.00767	0.01004	0.01194	0.01260	0.00710	0.00800	0.01217	0.01690	0.02235	0.05063	0.64954	0.09426	0.02700	0.01108	0.00350	0.00502	0.02439	0.00810	0.00710
7	0.02196	0.02302	0.02895	0.06894	0.37556	0.14653	0.02167	0.02602	0.02037	0.02574	0.02476	0.02837	0.09293	0.01031	0.00979	0.00265	0.04712	0.00870	0.00479	0.01182
8	0.01031	0.00884	0.00884	0.00884	0.01178	0.00736	0.00663	0.01252	0.01988	0.02356	0.08837	0.08395	0.63549	0.02209	0.01031	0.00295	0.00442	0.01841	0.00810	0.00736
9	0.01846	0.15336	0.54846	0.02322	0.03521	0.02262	0.02936	0.02738	0.01830	0.02645	0.01507	0.01768	0.01107	0.00815	0.00784	0.00261	0.01230	0.00615	0.00369	0.01261
10	0.03002	0.03446	0.02846	0.02903	0.14541	0.44592	0.06231	0.03329	0.02350	0.06474	0.01575	0.01836	0.01257	0.00875	0.00825	0.00239	0.01407	0.00659	0.00487	0.01126
11	0.01246	0.00935	0.01402	0.01402	0.01558	0.01090	0.01090	0.01558	0.01402	0.02025	0.02336	0.03427	0.02181	0.06542	0.65888	0.01402	0.02336	0.00935	0.00467	0.00779
12	0.01802	0.04144	0.54643	0.02689	0.03909	0.02057	0.13035	0.02768	0.01879	0.02768	0.01599	0.01929	0.01142	0.00813	0.00863	0.00279	0.01320	0.00710	0.00381	0.01270
13	0.01978	0.01415	0.01660	0.01555	0.01887	0.01491	0.01203	0.17325	0.10656	0.06287	0.06321	0.29573	0.04083	0.01930	0.01017	0.00321	0.00692	0.08698	0.00855	0.01053
14	0.01515	0.00758	0.01136	0.01136	0.01136	0.00758	0.00758	0.01136	0.01136	0.01515	0.01515	0.02652	0.01515	0.03030	0.03409	0.74621	0.00758	0.00758	0.00379	0.00379
15	0.03151	0.02914	0.05522	0.02072	0.02725	0.17728	0.01721	0.40704	0.07480	0.04439	0.01988	0.02035	0.01458	0.01010	0.00851	0.00256	0.01104	0.00739	0.00748	0.01354
16	0.01671	0.01521	0.02454	0.34567	0.18614	0.01716	0.02077	0.02247	0.05091	0.02454	0.02387	0.16742	0.02296	0.01270	0.00923	0.00297	0.00964	0.01157	0.00517	0.01034
17	0.01911	0.02520	0.18000	0.22174	0.30364	0.02029	0.05397	0.02575	0.01886	0.02650	0.01603	0.02139	0.01251	0.00815	0.00865	0.00274	0.01153	0.00756	0.00404	0.01233
18	0.01838	0.03897	0.47825	0.02825	0.03999	0.02077	0.19606	0.02771	0.01903	0.02771	0.01622	0.01987	0.01167	0.00802	0.00886	0.00281	0.01341	0.00754	0.00389	0.01257
19	0.01222	0.00891	0.01148	0.01084	0.01295	0.00818	0.00813	0.01621	0.02439	0.03426	0.59987	0.06635	0.11732	0.01810	0.01029	0.00276	0.00413	0.01594	0.00951	0.00818
20	0.02871	0.01262	0.01643	0.01336	0.01855	0.01092	0.01076	0.03195	0.02382	0.41520	0.13967	0.04698	0.16415	0.01434	0.00934	0.00276	0.00626	0.01195	0.01003	0.01219
21	0.02024	0.02249	0.04571	0.03354	0.04030	0.02314	0.47034	0.02632	0.01890	0.02632	0.01620	0.02249	0.01282	0.00920	0.01456	0.00315	0.16907	0.00967	0.00427	0.01125
22	0.01515	0.00758	0.01136	0.01136	0.01136	0.00758	0.00758	0.01136	0.01136	0.01515	0.01515	0.02652	0.01515	0.03030	0.03409	0.74621	0.00758	0.00758	0.00379	0.00379
23	0.01063	0.00759	0.01012	0.01215	0.01265	0.00709	0.00810	0.01215	0.01670	0.02227	0.04808	0.68775	0.05769	0.02733	0.01113	0.00354	0.00506	0.02480	0.00810	0.00709
24	0.02468	0.01863	0.02082	0.01782	0.02283	0.02041	0.01464	0.31255	0.14664	0.04312	0.09209	0.04449	0.03168	0.01444	0.00964	0.00300	0.00818	0.13316	0.00869	0.01249
25	0.01084	0.00774	0.01037	0.01239	0.01299	0.00727	0.00847	0.01251	0.01691	0.02251	0.04796	0.65109	0.05723	0.02713	0.01119	0.00357	0.00525	0.05936	0.00809	0.00714
26	0.01626	0.00813	0.00813	0.00813	0.01016	0.00813	0.00610	0.02033	0.01829	0.03252	0.02846	0.03252	0.02236	0.01016	0.00610	0.00203	0.00407	0.00813	0.74187	0.00813
27	0.03198	0.03800	0.02558	0.02409	0.06505	0.53507	0.01743	0.11056	0.02658	0.02625	0.01465	0.01679	0.01187	0.00911	0.00803	0.00232	0.01458	0.00605	0.00504	0.01097
28	0.01740	0.01040	0.01352	0.01207	0.01507	0.00965	0.00928	0.02235	0.05280	0.14009	0.50304	0.05752	0.06924	0.01634	0.00996	0.00275	0.00482	0.01429	0.00977	0.00963
29	0.01809	0.01550	0.01809	0.01292	0.02067	0.01163	0.01034	0.02196	0.01809	0.02842	0.01550	0.01809	0.01292	0.00646	0.00646	0.00129	0.00646	0.00517	0.00517	0.74677
30	0.01147	0.00913	0.01046	0.01085	0.01345	0.00812	0.00861	0.01437	0.02056	0.02568	0.15030	0.08492	0.42264	0.02201	0.01072	0.00317	0.00524	0.15237	0.00828	0.00764
31	0.02159	0.02073	0.03541	0.05354	0.63903	0.02073	0.02677	0.02677	0.01986	0.02850	0.01641	0.02159	0.01382	0.00777	0.00864	0.00259	0.01036	0.00777	0.00432	0.01382
32	0.01515	0.00758	0.01136	0.01136	0.01136	0.00758	0.00758	0.01136	0.01136	0.01515	0.01515	0.02652	0.01515	0.03030	0.03409	0.74621	0.00758	0.00758	0.00379	0.00379
33	0.01381	0.00938	0.01073	0.01027	0.01323	0.00809	0.00774	0.01646	0.02110	0.09190	0.18774	0.12861	0.40812	0.02051	0.01022	0.00293	0.00474	0.01743	0.00869	0.00831
34	0.01439	0.01178	0.01311	0.01287	0.01584	0.01205	0.00974	0.02383	0.20813	0.02902	0.13499	0.17071	0.24039	0.01934	0.01010	0.00308	0.00546	0.04715	0.00854	0.00948
35	0.08271	0.02005	0.02271	0.01768	0.02434	0.02099	0.01455	0.32749	0.06960	0.26959	0.02621	0.02443	0.01769	0.01052	0.00853	0.00267	0.00844	0.00811	0.00927	0.01442
36	0.01399	0.00908	0.01078	0.01025	0.01176	0.00852	0.00688	0.01579	0.01820	0.06519	0.22046	0.06168	0.13590	0.34416	0.02666	0.00553	0.00648	0.01421	0.00737	0.00712
37	0.01246	0.00935	0.01402	0.01402	0.01558	0.01090	0.01090	0.01558	0.01402	0.02025	0.02336	0.03427	0.02181	0.06542	0.65888	0.01402	0.02336	0.00935	0.00467	0.00779
38	0.02104	0.02063	0.03292	0.18358	0.48628	0.05139	0.02575	0.02621	0.01958	0.02683	0.01607	0.02166	0.01323	0.00803	0.00862	0.00264	0.01089	0.00766	0.00423	0.01276
39	0.03258	0.04157	0.02472	0.02247	0.02697	0.65843	0.01685	0.03483	0.02472	0.02135	0.01348	0.01573	0.01124	0.00899	0.00787	0.00225	0.01573	0.00562	0.00449	0.01011
40	0.03185	0.04018	0.02543	0.02454	0.06772	0.61597	0.01751	0.03429	0.02440	0.02182	0.01368	0.01612	0.01141	0.00891	0.00792	0.00227	0.01537	0.00576	0.00448	0.01036
41	0.01085	0.00886	0.00958	0.00940	0.01211	0.00759	0.00705	0.01356	0.02116	0.02659	0.23304	0.07897	0.48893	0.02096	0.01030	0.00289	0.00434	0.01771	0.00850	0.00759
42	0.02393	0.02250	0.02081	0.01859	0.02355	0.11895	0.01441	0.07268	0.50309	0.03510	0.03142	0.02941	0.02370	0.01133	0.00871	0.00283	0.00838	0.00912	0.00820	0.01330
43	0.75506	0.01687	0.01282	0.01147	0.01687	0.01957	0.00945	0.02564	0.01484	0.03914	0.01215	0.01417	0.00945	0.00810	0.00540	0.00270	0.00675	0.00472	0.00540	0.00945
44	0.02267	0.25256	0.07535	0.01995	0.02636	0.09874	0.10791	0.07902	0.02057	0.02609	0.01643	0.02117	0.01406	0.04856	0.04151	0.00321	0.03908	0.00703	0.03841	0.04133
45	0.01969	0.01705	0.02790	0.11518	0.38345	0.01734	0.02219	0.02447	0.01986	0.05595	0.02696	0.04090	0.05445	0.01207	0.00943	0.00294	0.00959	0.12320	0.00552	0.01187
46	0.01063	0.00759	0.01012	0.01215	0.01265	0.00709	0.00810	0.01215	0.01670	0.02227	0.04808	0.68775	0.05769	0.02733	0.01113	0.00354	0.00506	0.02480	0.00810	0.00709
47	0.02781	0.20684	0.03246	0.02726	0.15847	0.35897	0.01851	0.03083	0.02186	0.02268	0.01377	0.01655	0.01178	0.00833	0.00745	0.00222	0.01291	0.00584	0.00426	0.01119
48	0.02300	0.06721	0.02401	0.16376	0.03117	0.23769	0.01702	0.06550	0.04756	0.02416	0.01737	0.02256	0.01455	0.02158	0.15010	0.00505	0.04561	0.00727	0.00479	0.01004
49	0.01076	0.00852	0.00975	0.01062	0.01265	0.00751	0.00780	0.01290	0.01882	0.02336	0.07086	0.28986	0.38621	0.02405	0.01075	0.00325	0.00497	0.07193	0.00809	0.00733
50	0.03209	0.07669	0.02584	0.02207	0.02672	0.62508	0.01675	0.03437	0.02435	0.02130	0.01341	0.01564	0.01123	0.00891	0.00774	0.00223	0.01539	0.00557	0.00445	0.01017
51	0.01042	0.00841	0.00928	0.00997	0.01208	0.00727	0.00713	0.01239	0.01880	0.02312	0.07461	0.29015	0.43817	0.02388	0.01059	0.00315	0.00464	0.02059	0.00810	0.00727
52	0.02282	0.12042	0.19251	0.02130	0.02730	0.22602	0.02046	0.02726	0.01897	0.02273	0.01457	0.01879	0.01234	0.01573	0.08071	0.00387	0.13301	0.00647	0.00408	0.01064
53	0.01752	0.01309	0.01493	0.01392	0.01714	0.01402	0.01056	0.02833	0.24936	0.06902	0.06853	0.04963	0.13170	0.13043	0.10115	0.00532	0.00888	0.03863	0.00774	0.01012
54	0.01060	0.00879	0.00928	0.00929	0.01199	0.00747	0.00692	0.01303	0.02038	0.02504	0.16024	0.11071	0.53265	0.02177	0.01035	0.00295	0.00441	0.01836	0.00830	0.00747
55	0.01647	0.01550	0.02616	0.67248	0.06008	0.01938	0.02422	0.02229	0.01744	0.02229	0.01550	0.02326	0.01163	0.00872	0.00872	0.00291	0.01163	0.00775	0.00388	0.00969
56	0.03163	0.04180	0.06418	0.02262	0.02765	0.61804	0.01783	0.03438	0.02432	0.02175	0.01362	0.01590	0.01122	0.00894	0.00789	0.00228	0.01555	0.00567	0.00444	0.01029
57	0.02096	0.03158	0.24004	0.03465	0.18173	0.08662	0.18728	0.02789	0.01974	0.02692	0.01594	0.02035	0.01235	0.00835	0.00997	0.00277	0.04860	0.00780	0.00413	0.01234
58	0.01098	0.00779	0.01025	0.01209	0.01262	0.00735	0.00812	0.01247	0.01649	0.02195	0.04609	0.60206	0.05495	0.08848	0.01424	0.00402	0.00551	0.04975	0.00784	0.00696
59	0.71831	0.01828	0.04448	0.01214	0.01791	0.01960	0.01058	0.02574	0.01502	0.03856	0.01232	0.01438	0.00953	0.00811	0.00554	0.00270	0.00705	0.00481	0.00531	0.00962
60	0.01031	0.00884	0.00884	0.00884	0.01178	0.00736	0.00663	0.01252	0.01988	0.02356	0.08837	0.08395	0.63549	0.02209	0.01031	0.00295	0.00442	0.01841	0.00810	0.00736
61	0.01067	0.00791	0.00981	0.01128	0.01229	0.00722	0.00763	0.01226	0.01717	0.02226	0.05569	0.52245	0.18154	0.06253	0.01277	0.00368	0.00511	0.02275	0.00794	0.00705
62	0.02580	0.01723	0.02025	0.01498	0.02235	0.01511	0.01218	0.14929	0.02437	0.16766	0.02074	0.02120	0.01520	0.00824	0.00743	0.00187	0.00732	0.00651	0.00713	0.43514
63	0.01247	0.00930	0.01381	0.01381	0.01530	0.01079	0.01064	0.01544	0.01396	0.02010	0.02355	0.03532	0.02226	0.09442	0.63050	0.01376	0.02268	0.00950	0.00470	0.00767
64	0.75506	0.01687	0.01282	0.01147	0.01687	0.01957	0.00945	0.02564	0.01484	0.03914	0.01215	0.01417	0.00945	0.00810	0.00540	0.00270	0.00675	0.00472	0.00540	0.00945
65	0.01944	0.02015	0.03263	0.02621	0.02832	0.02560	0.15969	0.02265	0.01509	0.02265	0.01293	0.02015	0.01188	0.01338	0.02424	0.00361	0.51906	0.00827	0.00396	0.01007
66	0.03876	0.01544	0.02061	0.01580	0.02256	0.01371	0.01305	0.07781	0.02596	0.60837	0.03357	0.02915	0.02117	0.01078	0.00877	0.00269	0.00756	0.00871	0.01067	0.01484
67	0.01031	0.00884	0.00884	0.00884	0.01178	0.00736	0.00663	0.01252	0.01988	0.02356	0.08837	0.08395	0.63549	0.02209	0.01031	0.00295	0.00442	0.01841	0.00810	0.00736
68	0.02159	0.02073	0.03541	0.05354	0.63903	0.02073	0.02677	0.02677	0.01986	0.02850	0.01641	0.02159	0.01382	0.00777	0.00864	0.00259	0.01036	0.00777	0.00432	0.01382
69	0.01101	0.00812	0.01004	0.01141	0.01249	0.00749	0.00788	0.01268	0.01719	0.02223	0.05449	0.45046	0.17969	0.09690	0.01456	0.00397	0.00548	0.05911	0.00779	0.00702
70	0.01063	0.00759	0.01012	0.01215	0.01265	0.00709	0.00810	0.01215	0.01670	0.02227	0.04808	0.68775	0.05769	0.02733	0.01113	0.00354	0.00506	0.02480	0.00810	0.00709
71	0.02059	0.02353	0.05147	0.03676	0.04559	0.02206	0.60735	0.02794	0.02059	0.02794	0.01765	0.02353	0.01324	0.00735	0.01029	0.00294	0.01471	0.01029	0.00441	0.01176
72	0.01063	0.00759	0.01012	0.01215	0.01265	0.00709	0.00810	0.01215	0.01670	0.02227	0.04808	0.68775	0.05769	0.02733	0.01113	0.00354	0.00506	0.02480	0.00810	0.00709
73	0.01031	0.00884	0.00884	0.00884	0.01178	0.00736	0.00663	0.01252	0.01988	0.02356	0.08837	0.08395	0.63549	0.02209	0.01031	0.00295	0.00442	0.01841	0.00810	0.00736
74	0.02159	0.02073	0.03541	0.05354	0.63903	0.02073	0.02677	0.02677	0.01986	0.02850	0.01641	0.02159	0.01382	0.00777	0.00864	0.00259	0.01036	0.00777	0.00432	0.01382
75	0.03258	0.04157	0.02472	0.02247	0.02697	0.65843	0.01685	0.03483	0.02472	0.02135	0.01348	0.01573	0.01124	0.00899	0.00787	0.00225	0.01573	0.00562	0.00449	0.01011
76	0.01063	0.00759	0.01012	0.01215	0.01265	0.00709	0.00810	0.01215	0.01670	0.02227	0.04808	0.68775	0.05769	0.02733	0.01113	0.00354	0.00506	0.02480	0.00810	0.00709
77	0.01737	0.01724	0.03165	0.53466	0.05694	0.01996	0.15064	0.02351	0.01812	0.02351	0.01597	0.02332	0.01198	0.00842	0.00906	0.00291	0.01230	0.00830	0.00399	0.01014
78	0.01355	0.01005	0.01227	0.01129	0.01386	0.00948	0.00858	0.05985	0.02511	0.03457	0.49838	0.06499	0.16901	0.01799	0.01018	0.00277	0.00457	0.01562	0.00929	0.00858
79	0.01798	0.01345	0.01695	0.01702	0.01997	0.01475	0.01429	0.02769	0.19188	0.06245	0.03992	0.06998	0.03904	0.01922	0.01219	0.00363	0.05736	0.34395	0.00811	0.01016
80	0.03776	0.01549	0.02256	0.01710	0.02400	0.01351	0.05694	0.04143	0.02464	0.59928	0.03317	0.02923	0.02097	0.01054	0.00888	0.00272	0.00796	0.00888	0.01032	0.01462
81	0.01315	0.01004	0.01444	0.01430	0.01610	0.01170	0.01112	0.01786	0.05923	0.02145	0.02427	0.03414	0.02216	0.06144	0.61064	0.01320	0.02214	0.00938	0.00498	0.00823
82	0.03158	0.03990	0.02487	0.02250	0.02666	0.61155	0.01702	0.03380	0.02388	0.02132	0.01333	0.01598	0.01125	0.00945	0.00941	0.00236	0.06484	0.00577	0.00444	0.01007
83	0.02154	0.02046	0.03285	0.04374	0.44767	0.02106	0.06676	0.03154	0.16414	0.03037	0.02106	0.02435	0.01684	0.00871	0.00882	0.00270	0.00986	0.00846	0.00541	0.01366
84	0.01914	0.01763	0.02875	0.45071	0.21978	0.02033	0.02437	0.06715	0.01987	0.02645	0.01616	0.02262	0.01248	0.00859	0.00870	0.00280	0.01112	0.00777	0.00436	0.01123

[dist]
# distance from previous block
# <min> <max>
20	138

[block]
# block no. 5 follows, 20 sequences, length 7
# corresponding to MSA columns:
# 644-650
name=unknown_F
#
# <colnr> <probs for GDERKNQSTAVLIFYWHMCP>
#	G	D	E	R	K	N	Q	S	T	A	V	L	I	F	Y	W	H	M	C	P
0	0.11108	0.06703	0.05194	0.02829	0.21759	0.10886	0.01812	0.03132	0.07483	0.12820	0.06238	0.02455	0.01977	0.00952	0.00809	0.00258	0.00952	0.00775	0.00621	0.01235
1	0.11036	0.26669	0.02748	0.01476	0.02075	0.12380	0.01274	0.02747	0.01988	0.11248	0.02713	0.02725	0.10582	0.01037	0.00715	0.00226	0.00885	0.00749	0.00580	0.06147
2	0.13659	0.01428	0.01656	0.01686	0.07249	0.01514	0.01159	0.02846	0.18065	0.08253	0.20090	0.04063	0.03890	0.09226	0.01285	0.00344	0.00661	0.01079	0.00786	0.01060
3	0.01201	0.00817	0.00971	0.01038	0.01055	0.00800	0.00621	0.01251	0.01401	0.01868	0.03427	0.26498	0.04028	0.47386	0.03343	0.00684	0.00734	0.01668	0.00621	0.00588
4	0.01558	0.01278	0.01662	0.01509	0.01805	0.01329	0.05756	0.05704	0.14599	0.02688	0.04197	0.18419	0.13238	0.12032	0.09672	0.00524	0.00918	0.01474	0.00717	0.00922
5	0.02100	0.02458	0.11187	0.10752	0.20873	0.09963	0.07927	0.06978	0.02096	0.02755	0.01941	0.07548	0.01706	0.01447	0.06100	0.00364	0.01251	0.00907	0.00488	0.01159
6	0.13911	0.13827	0.07823	0.10800	0.27220	0.07381	0.02131	0.02667	0.01869	0.02748	0.01460	0.01860	0.01200	0.00802	0.00752	0.00251	0.01038	0.00648	0.00430	0.01182

[dist]
# distance from previous block
# <min> <max>
52	158

[block]
# block no. 6 follows, 20 sequences, length 8
# corresponding to MSA columns:
# 819-826
name=unknown_G
#
# <colnr> <probs for GDERKNQSTAVLIFYWHMCP>
#	G	D	E	R	K	N	Q	S	T	A	V	L	I	F	Y	W	H	M	C	P
0	0.02138	0.09371	0.03128	0.03854	0.39486	0.06007	0.02127	0.02837	0.09827	0.02776	0.02515	0.02782	0.07472	0.00972	0.00845	0.00257	0.00956	0.00860	0.00522	0.01269
1	0.17973	0.06379	0.17614	0.07560	0.28839	0.02106	0.02347	0.02640	0.01815	0.02975	0.01500	0.01890	0.01192	0.00801	0.00768	0.00263	0.01020	0.00662	0.00434	0.01223
2	0.01481	0.01466	0.05049	0.02404	0.19988	0.01287	0.01462	0.01965	0.05847	0.02586	0.05318	0.15895	0.28372	0.01734	0.00975	0.00293	0.00688	0.01515	0.00680	0.00993
3	0.01872	0.04857	0.15307	0.03040	0.24550	0.01711	0.06164	0.02448	0.01894	0.02874	0.02112	0.05838	0.01773	0.00951	0.00800	0.00252	0.00914	0.00854	0.20643	0.01147
4	0.02524	0.02364	0.03133	0.04088	0.40510	0.09090	0.02274	0.15280	0.06193	0.03384	0.01823	0.02149	0.01454	0.00873	0.00859	0.00258	0.01057	0.00769	0.00555	0.01363
5	0.02141	0.30389	0.24048	0.08514	0.08165	0.08216	0.02268	0.02707	0.01872	0.02376	0.01409	0.01712	0.01140	0.00802	0.00723	0.00235	0.01138	0.00589	0.00384	0.01173
6	0.02490	0.02376	0.03329	0.07638	0.34941	0.09092	0.07993	0.15419	0.02491	0.03307	0.01715	0.02110	0.01358	0.00850	0.00874	0.00261	0.01127	0.00780	0.00528	0.01320
7	0.01216	0.00921	0.01108	0.01106	0.01217	0.00944	0.00760	0.01352	0.01530	0.02002	0.04458	0.11916	0.19688	0.30595	0.13060	0.00712	0.04676	0.01459	0.00615	0.00667

[dist]
# distance from previous block
# <min> <max>
111	201

[block]
# block no. 7 follows, 20 sequences, length 80
# corresponding to MSA columns:
# 1039-1118
name=unknown_H
#
# <colnr> <probs for GDERKNQSTAVLIFYWHMCP>
#	G	D	E	R	K	N	Q	S	T	A	V	L	I	F	Y	W	H	M	C	P
0	0.02324	0.01793	0.01939	0.01654	0.02143	0.01944	0.01319	0.28560	0.16504	0.04042	0.04032	0.10557	0.13484	0.01525	0.00945	0.00292	0.00753	0.04122	0.00855	0.01214
1	0.03285	0.02271	0.02498	0.01930	0.02601	0.02478	0.01591	0.52162	0.03805	0.11693	0.02250	0.02249	0.01588	0.01302	0.03850	0.00315	0.00999	0.00802	0.00876	0.01451
2	0.02893	0.02287	0.05783	0.01856	0.02581	0.02256	0.01583	0.38821	0.08517	0.08265	0.02174	0.02182	0.01571	0.00976	0.00831	0.00242	0.00884	0.00752	0.00794	0.14752
3	0.02196	0.02169	0.10629	0.02100	0.05791	0.02061	0.01759	0.12906	0.16081	0.06398	0.02453	0.08176	0.02067	0.01502	0.04213	0.00348	0.13011	0.00955	0.00666	0.04517
