[name]
unknown

[dist]
# distance from previous block
# <min> <max>
0	0

[block]
# block no. 0 follows, 23 sequences, length 12
# corresponding to MSA columns:
# 0-11
name=unknown_A
#
# <colnr> <probs for GDERKNQSTAVLIFYWHMCP>
#	G	D	E	R	K	N	Q	S	T	A	V	L	I	F	Y	W	H	M	C	P
0	0.01308	0.00934	0.01308	0.01494	0.01681	0.00934	0.01308	0.01681	0.01868	0.02428	0.04296	0.09153	0.04670	0.02242	0.01121	0.00374	0.00747	0.60960	0.00747	0.00747
1	0.03038	0.03664	0.02317	0.02062	0.02509	0.59864	0.01565	0.10936	0.02492	0.02384	0.01343	0.01525	0.01088	0.00854	0.00742	0.00213	0.01391	0.00549	0.00468	0.00997
2	0.10473	0.01192	0.01535	0.19277	0.02520	0.01361	0.01249	0.07338	0.01742	0.02686	0.02347	0.07835	0.04416	0.02138	0.14976	0.00472	0.01027	0.00886	0.15680	0.00848
3	0.12184	0.01993	0.02096	0.01629	0.02258	0.02131	0.01333	0.40298	0.07720	0.04351	0.01854	0.01901	0.01367	0.00888	0.00735	0.00225	0.00788	0.00662	0.00714	0.14874
4	0.01854	0.01501	0.01511	0.01328	0.01698	0.04665	0.01022	0.15707	0.17679	0.03196	0.08654	0.04349	0.18552	0.07676	0.01140	0.00303	0.00652	0.01110	0.06414	0.00989
5	0.02421	0.01283	0.01578	0.01342	0.01739	0.01254	0.01056	0.13575	0.02222	0.26316	0.03261	0.08601	0.06208	0.12051	0.04933	0.00399	0.00778	0.05537	0.04403	0.01044
6	0.01083	0.00791	0.00925	0.00954	0.01060	0.00752	0.00631	0.01213	0.01518	0.01977	0.09178	0.17734	0.20388	0.30536	0.07222	0.00566	0.00702	0.01523	0.00634	0.00611
7	0.01941	0.01476	0.01600	0.01366	0.01775	0.01540	0.01076	0.28056	0.06042	0.03568	0.09180	0.12956	0.22933	0.01575	0.00899	0.00267	0.00634	0.01308	0.00793	0.01016
8	0.01538	0.01434	0.02159	0.22670	0.03016	0.01888	0.01722	0.01857	0.01376	0.01972	0.01473	0.02267	0.01324	0.02461	0.19361	0.00579	0.30922	0.00755	0.00378	0.00849
9	0.01154	0.00776	0.00893	0.00918	0.00924	0.00770	0.00527	0.01173	0.01230	0.01640	0.02813	0.14104	0.03274	0.62248	0.03715	0.00725	0.00744	0.01331	0.00527	0.00514
10	0.02008	0.01928	0.03294	0.04981	0.66422	0.01928	0.02490	0.02490	0.01848	0.02651	0.01526	0.02008	0.01285	0.00723	0.00803	0.00241	0.00964	0.00723	0.00402	0.01285
11	0.01839	0.39095	0.26142	0.01692	0.02489	0.02441	0.01891	0.02333	0.01647	0.02153	0.01545	0.06682	0.01406	0.01135	0.04131	0.00273	0.01023	0.00653	0.00380	0.01053

[dist]
# distance from previous block
# <min> <max>
15	29

[block]
# block no. 1 follows, 23 sequences, length 10
# corresponding to MSA columns:
# 41-50
name=unknown_B
#
# <colnr> <probs for GDERKNQSTAVLIFYWHMCP>
#	G	D	E	R	K	N	Q	S	T	A	V	L	I	F	Y	W	H	M	C	P
0	0.02132	0.02133	0.02027	0.01811	0.02054	0.19411	0.01416	0.12881	0.02041	0.02534	0.02056	0.16334	0.02080	0.01723	0.05707	0.00353	0.20829	0.01009	0.00540	0.00929
1	0.01233	0.00858	0.01136	0.01182	0.01290	0.00881	0.00837	0.05248	0.01602	0.02182	0.06933	0.34456	0.03859	0.08885	0.16797	0.08817	0.00931	0.01563	0.00628	0.00680
2	0.23057	0.02209	0.02563	0.02006	0.02602	0.10737	0.15431	0.22411	0.02409	0.03590	0.01573	0.01820	0.01193	0.01050	0.03657	0.00294	0.01058	0.00681	0.00568	0.01092
3	0.18096	0.01976	0.09314	0.15014	0.19476	0.01850	0.10508	0.05123	0.01745	0.02783	0.01447	0.01907	0.01138	0.00879	0.00897	0.04721	0.00975	0.00681	0.00427	0.01042
4	0.01290	0.00916	0.01050	0.01064	0.01254	0.00878	0.00746	0.01679	0.08848	0.05970	0.05062	0.26696	0.23337	0.15567	0.01578	0.00390	0.00546	0.01656	0.00725	0.00748
5	0.08848	0.03089	0.02414	0.02510	0.14266	0.40947	0.01679	0.11901	0.02364	0.02701	0.01396	0.01624	0.01125	0.00829	0.00738	0.00223	0.01220	0.00583	0.00480	0.01064
6	0.26765	0.01695	0.01390	0.01281	0.01645	0.13506	0.00987	0.02334	0.05593	0.05722	0.17154	0.08787	0.07664	0.01249	0.00758	0.00254	0.00699	0.00981	0.00657	0.00877
7	0.01923	0.01546	0.02421	0.01903	0.02382	0.01523	0.18155	0.16043	0.02399	0.07328	0.16896	0.13937	0.07195	0.01353	0.00927	0.00270	0.00804	0.01262	0.00720	0.01014
8	0.19187	0.01786	0.08525	0.12212	0.14453	0.01658	0.01609	0.08418	0.01895	0.02935	0.02981	0.03155	0.15888	0.01077	0.00768	0.00257	0.00794	0.00870	0.00535	0.00998
9	0.02029	0.02087	0.02895	0.23008	0.39183	0.12090	0.02281	0.02486	0.01853	0.02383	0.01460	0.01969	0.01190	0.00766	0.00795	0.00244	0.01074	0.00692	0.00392	0.01122

[dist]
# distance from previous block
# <min> <max>
0	1

[block]
# block no. 2 follows, 23 sequences, length 21
# corresponding to MSA columns:
# 52-72
name=unknown_C
#
# <colnr> <probs for GDERKNQSTAVLIFYWHMCP>
#	G	D	E	R	K	N	Q	S	T	A	V	L	I	F	Y	W	H	M	C	P
0	0.02157	0.02037	0.01847	0.01640	0.01957	0.19412	0.01274	0.16204	0.02152	0.02689	0.01856	0.02488	0.01621	0.07270	0.23299	0.00623	0.05642	0.00750	0.04155	0.00928
1	0.17391	0.01683	0.01817	0.01499	0.01974	0.01859	0.01211	0.30173	0.02535	0.08734	0.01965	0.02342	0.01557	0.06145	0.15037	0.00499	0.01086	0.00735	0.00667	0.01091
2	0.02903	0.02179	0.02046	0.01694	0.02231	0.15874	0.01347	0.19696	0.14126	0.21089	0.02777	0.02625	0.05623	0.01042	0.00807	0.00246	0.00883	0.00804	0.00781	0.01227
3	0.02260	0.01545	0.01743	0.01514	0.01944	0.01666	0.01175	0.13014	0.30351	0.14400	0.05589	0.11025	0.02791	0.05872	0.01068	0.00305	0.00670	0.01071	0.00827	0.01171
4	0.01063	0.01115	0.08704	0.01268	0.01450	0.00802	0.01016	0.01298	0.01572	0.02130	0.04119	0.62852	0.04859	0.02335	0.01005	0.00321	0.00556	0.02107	0.00705	0.00722
5	0.77215	0.01569	0.01193	0.01067	0.01569	0.01820	0.00879	0.02385	0.01381	0.03641	0.01130	0.01318	0.00879	0.00753	0.00502	0.00251	0.00628	0.00439	0.00502	0.00879
6	0.01904	0.02155	0.04601	0.03315	0.04070	0.02087	0.58475	0.02547	0.01861	0.02547	0.01595	0.02155	0.01218	0.00744	0.01096	0.00280	0.06930	0.00938	0.00406	0.01078
7	0.00989	0.00706	0.00942	0.01130	0.01177	0.00659	0.00753	0.01130	0.01554	0.02071	0.04472	0.70954	0.05367	0.02542	0.01036	0.00330	0.00471	0.02307	0.00753	0.00659
8	0.01175	0.00984	0.01055	0.00984	0.01303	0.00890	0.00748	0.01671	0.09459	0.02541	0.16273	0.06462	0.43926	0.01760	0.00914	0.00259	0.00450	0.01479	0.00762	0.06909
9	0.02047	0.54160	0.17523	0.01763	0.05590	0.02867	0.01783	0.02462	0.01672	0.02086	0.01217	0.01424	0.01051	0.00712	0.00588	0.00195	0.00943	0.00483	0.00349	0.01087
10	0.01532	0.01442	0.02434	0.69533	0.05589	0.01803	0.02253	0.02073	0.01622	0.02073	0.01442	0.02163	0.01082	0.00811	0.00811	0.00270	0.01082	0.00721	0.00361	0.00901
11	0.01848	0.01765	0.03004	0.26692	0.45961	0.01886	0.02411	0.02350	0.01772	0.02457	0.01498	0.02060	0.01217	0.00753	0.00806	0.00251	0.01004	0.00722	0.00388	0.01156
12	0.02008	0.01928	0.03294	0.04981	0.66422	0.01928	0.02490	0.02490	0.01848	0.02651	0.01526	0.02008	0.01285	0.00723	0.00803	0.00241	0.00964	0.00723	0.00402	0.01285
13	0.02636	0.03161	0.02545	0.09859	0.17688	0.45827	0.01854	0.02943	0.02123	0.02150	0.01337	0.01664	0.01105	0.00807	0.00757	0.00223	0.01307	0.00590	0.00408	0.01017
14	0.01748	0.02227	0.14366	0.01534	0.02010	0.15389	0.01408	0.06137	0.02234	0.02858	0.29157	0.04155	0.10892	0.01309	0.00863	0.00247	0.00808	0.01076	0.00664	0.00919
15	0.01179	0.00867	0.01075	0.01100	0.01267	0.00822	0.00792	0.05382	0.02002	0.02704	0.26497	0.35359	0.13773	0.02065	0.00983	0.00290	0.00460	0.01830	0.00806	0.00747
16	0.02275	0.21831	0.02528	0.01618	0.02069	0.28180	0.01315	0.02779	0.09450	0.02398	0.15180	0.02576	0.02613	0.01002	0.00732	0.00217	0.00973	0.00744	0.00547	0.00972
17	0.01419	0.01386	0.01220	0.01308	0.01453	0.14982	0.00915	0.01580	0.01736	0.02063	0.04094	0.51109	0.09372	0.02141	0.00965	0.00299	0.00676	0.01880	0.00682	0.00721
18	0.02341	0.02184	0.06221	0.02062	0.06365	0.07634	0.08738	0.30801	0.02803	0.03633	0.03127	0.03167	0.15023	0.01130	0.00850	0.00251	0.00918	0.00939	0.00666	0.01145
19	0.02058	0.13553	0.16317	0.01851	0.02524	0.06122	0.05371	0.06542	0.17612	0.05121	0.02209	0.02291	0.04133	0.00939	0.00863	0.00243	0.04885	0.00729	0.00551	0.06088
20	0.06210	0.17877	0.02908	0.02458	0.15918	0.24192	0.01686	0.14477	0.02309	0.02790	0.01412	0.01630	0.01152	0.00804	0.00705	0.00217	0.01078	0.00582	0.00479	0.01117

[dist]
# distance from previous block
# <min> <max>
0	2

[block]
# block no. 3 follows, 23 sequences, length 25
# corresponding to MSA columns:
# 75-99
name=unknown_D
#
# <colnr> <probs for GDERKNQSTAVLIFYWHMCP>
#	G	D	E	R	K	N	Q	S	T	A	V	L	I	F	Y	W	H	M	C	P
0	0.01853	0.03858	0.50764	0.02635	0.11634	0.10187	0.02753	0.02643	0.01804	0.02507	0.01440	0.01721	0.01064	0.00773	0.00770	0.00249	0.01201	0.00606	0.00360	0.01178
1	0.01276	0.01186	0.01096	0.01048	0.01307	0.08721	0.00786	0.01549	0.02072	0.02569	0.29245	0.06396	0.36281	0.01761	0.00931	0.00259	0.00525	0.01479	0.00767	0.00746
2	0.01016	0.00787	0.00926	0.00970	0.01151	0.00697	0.00698	0.01246	0.01867	0.02420	0.21541	0.27577	0.31972	0.02111	0.00983	0.00287	0.00423	0.01841	0.00789	0.00697
3	0.01780	0.01695	0.02881	0.35957	0.37230	0.01868	0.02377	0.02290	0.01740	0.02374	0.01486	0.02083	0.01188	0.00765	0.00807	0.00255	0.01020	0.00722	0.00382	0.01101
4	0.02420	0.01837	0.02236	0.22564	0.03276	0.02088	0.01646	0.37413	0.02890	0.03930	0.01875	0.02142	0.01371	0.00921	0.00783	0.00245	0.00890	0.00731	0.09584	0.01159
5	0.01159	0.00869	0.01304	0.01304	0.01449	0.01014	0.01014	0.01449	0.01304	0.01884	0.02173	0.03188	0.02029	0.06086	0.68268	0.01304	0.02173	0.00869	0.00435	0.00724
6	0.02008	0.01928	0.03294	0.04981	0.66422	0.01928	0.02490	0.02490	0.01848	0.02651	0.01526	0.02008	0.01285	0.00723	0.00803	0.00241	0.00964	0.00723	0.00402	0.01285
7	0.01532	0.01442	0.02434	0.69533	0.05589	0.01803	0.02253	0.02073	0.01622	0.02073	0.01442	0.02163	0.01082	0.00811	0.00811	0.00270	0.01082	0.00721	0.00361	0.00901
8	0.01916	0.00999	0.01330	0.01151	0.01477	0.00897	0.00897	0.02277	0.02305	0.22871	0.46665	0.05046	0.05918	0.01457	0.00914	0.00254	0.00478	0.01267	0.00927	0.00955
9	0.03031	0.03867	0.02299	0.02090	0.02508	0.68226	0.01568	0.03240	0.02299	0.01986	0.01254	0.01463	0.01045	0.00836	0.00732	0.00209	0.01463	0.00523	0.00418	0.00941
10	0.00965	0.00799	0.00846	0.00884	0.01112	0.00680	0.00644	0.01158	0.01790	0.02168	0.07465	0.20532	0.53857	0.02153	0.00974	0.00285	0.00423	0.01832	0.00753	0.00680
11	0.01980	0.01899	0.03243	0.08788	0.62834	0.01921	0.02476	0.02466	0.01834	0.02617	0.01521	0.02017	0.01273	0.00728	0.00804	0.00243	0.00971	0.00723	0.00399	0.01263
12	0.02008	0.01928	0.03294	0.04981	0.66422	0.01928	0.02490	0.02490	0.01848	0.02651	0.01526	0.02008	0.01285	0.00723	0.00803	0.00241	0.00964	0.00723	0.00402	0.01285
13	0.00961	0.00815	0.00829	0.00840	0.01101	0.00684	0.00624	0.01163	0.01832	0.02185	0.08004	0.11445	0.62595	0.02083	0.00963	0.00277	0.00414	0.01747	0.00753	0.00684
14	0.00989	0.00706	0.00942	0.01130	0.01177	0.00659	0.00753	0.01130	0.01554	0.02071	0.04472	0.70954	0.05367	0.02542	0.01036	0.00330	0.00471	0.02307	0.00753	0.00659
15	0.02003	0.01944	0.03385	0.04885	0.62603	0.01936	0.06236	0.02497	0.01852	0.02648	0.01533	0.02019	0.01282	0.00721	0.00813	0.00243	0.00989	0.00737	0.00402	0.01274
16	0.49108	0.19961	0.02111	0.01271	0.01813	0.10049	0.01092	0.02498	0.01559	0.02999	0.01144	0.01331	0.00940	0.00748	0.00534	0.00226	0.00789	0.00448	0.00452	0.00928
17	0.30834	0.11183	0.01979	0.01488	0.01948	0.27716	0.01189	0.02648	0.01843	0.02728	0.05231	0.01742	0.01435	0.00843	0.00625	0.00222	0.00956	0.00549	0.03929	0.00911
18	0.02041	0.15949	0.02974	0.03098	0.31540	0.02168	0.01840	0.05458	0.17193	0.02819	0.05496	0.02337	0.01885	0.00872	0.00761	0.00237	0.00831	0.00754	0.00538	0.01211
19	0.02009	0.01915	0.03193	0.04750	0.61974	0.01934	0.02407	0.02616	0.06212	0.02702	0.01649	0.02079	0.01368	0.00749	0.00805	0.00243	0.00942	0.00736	0.00431	0.01285
20	0.07373	0.02069	0.09993	0.02516	0.19642	0.01806	0.01746	0.16074	0.05713	0.03267	0.01836	0.05872	0.01532	0.00888	0.00753	0.00227	0.00832	0.00743	0.00553	0.16565
21	0.20776	0.07513	0.18128	0.05536	0.18942	0.01857	0.01908	0.02505	0.01691	0.06617	0.01553	0.01833	0.01191	0.00776	0.00684	0.00241	0.00879	0.00608	0.05669	0.01096
22	0.19768	0.06066	0.36598	0.02226	0.07691	0.06082	0.05679	0.02558	0.01689	0.02769	0.01368	0.01635	0.01025	0.00759	0.00707	0.00249	0.01058	0.00579	0.00394	0.01101
23	0.05965	0.01243	0.01469	0.01465	0.05545	0.01304	0.01011	0.10836	0.05448	0.07174	0.03285	0.16901	0.08980	0.15499	0.01585	0.00376	0.03829	0.01228	0.05973	0.00886
24	0.01757	0.02261	0.15760	0.02702	0.13793	0.05824	0.16609	0.04544	0.01799	0.02464	0.01885	0.06984	0.01655	0.02046	0.15698	0.00490	0.01368	0.00884	0.00440	0.01038

[dist]
# distance from previous block
# <min> <max>
60	122

[block]
# block no. 4 follows, 23 sequences, length 69
# corresponding to MSA columns:
# 231-299
name=unknown_E
#
# <colnr> <probs for GDERKNQSTAVLIFYWHMCP>
#	G	D	E	R	K	N	Q	S	T	A	V	L	I	F	Y	W	H	M	C	P
0	0.01679	0.08383	0.02483	0.22769	0.15425	0.01716	0.05331	0.05060	0.01718	0.02272	0.01982	0.06700	0.01907	0.14643	0.01460	0.00362	0.00939	0.03788	0.00458	0.00925
1	0.07657	0.11407	0.08701	0.02758	0.23978	0.05921	0.01842	0.04299	0.01737	0.02535	0.01521	0.01956	0.01287	0.01355	0.07548	0.00346	0.08236	0.00655	0.05194	0.01066
2	0.02229	0.16199	0.16752	0.06049	0.05833	0.21532	0.01875	0.03043	0.14130	0.02408	0.01695	0.01858	0.01332	0.00839	0.00727	0.00231	0.01087	0.00620	0.00463	0.01097
3	0.01902	0.02045	0.07935	0.07780	0.38887	0.02037	0.05359	0.02475	0.05236	0.02514	0.01532	0.02016	0.01275	0.00886	0.01171	0.00270	0.14371	0.00734	0.00410	0.01169
4	0.02153	0.02764	0.12243	0.15747	0.12849	0.21663	0.10722	0.02798	0.06717	0.02378	0.01570	0.01936	0.01220	0.00804	0.00802	0.00247	0.01202	0.00693	0.00423	0.01069
5	0.02238	0.14947	0.02227	0.01453	0.01837	0.01717	0.01227	0.02531	0.01921	0.22365	0.18009	0.03135	0.03050	0.01463	0.04793	0.00314	0.14161	0.00887	0.00693	0.01031
6	0.01564	0.01126	0.04778	0.01053	0.01442	0.00864	0.00882	0.01850	0.01984	0.15562	0.12693	0.06259	0.43418	0.01728	0.00919	0.00266	0.00509	0.01442	0.00796	0.00864
7	0.02120	0.15828	0.03253	0.02201	0.02658	0.15162	0.15599	0.02448	0.01712	0.02150	0.01273	0.01710	0.01105	0.00937	0.01331	0.00255	0.22504	0.00659	0.00388	0.06708
8	0.02227	0.60880	0.07777	0.01516	0.02211	0.09894	0.01502	0.02522	0.01720	0.01956	0.01161	0.01343	0.01041	0.00714	0.00557	0.00182	0.00949	0.00453	0.00354	0.01040
9	0.01627	0.04197	0.67279	0.02313	0.03512	0.01884	0.02998	0.02570	0.01713	0.02570	0.01456	0.01713	0.01028	0.00771	0.00771	0.00257	0.01199	0.00600	0.00343	0.01199
10	0.02580	0.03149	0.02734	0.06077	0.02902	0.44051	0.11576	0.02879	0.02042	0.02084	0.01299	0.01666	0.01080	0.00898	0.01061	0.00245	0.11686	0.00632	0.00404	0.00955
11	0.01199	0.00854	0.01025	0.00967	0.01211	0.00756	0.00730	0.01512	0.02129	0.05977	0.41124	0.06559	0.29421	0.01776	0.00951	0.00262	0.00409	0.01528	0.00846	0.00765
12	0.02008	0.01928	0.03294	0.04981	0.66422	0.01928	0.02490	0.02490	0.01848	0.02651	0.01526	0.02008	0.01285	0.00723	0.00803	0.00241	0.00964	0.00723	0.00402	0.01285
13	0.02464	0.48694	0.03585	0.01628	0.02228	0.25433	0.01450	0.02707	0.01871	0.01935	0.01171	0.01357	0.01043	0.00743	0.00593	0.00186	0.01071	0.00464	0.00371	0.01007
14	0.03118	0.01795	0.02088	0.01647	0.02251	0.01862	0.01345	0.27165	0.14761	0.30982	0.02735	0.02497	0.01854	0.01011	0.00816	0.00253	0.00760	0.00802	0.00896	0.01362
15	0.01130	0.00829	0.01059	0.01001	0.01201	0.00758	0.00751	0.01495	0.02253	0.03149	0.60298	0.06233	0.13417	0.01698	0.00957	0.00257	0.00386	0.01492	0.00879	0.00758
16	0.02169	0.71972	0.04252	0.01388	0.02083	0.03211	0.01388	0.02430	0.01649	0.01909	0.01128	0.01302	0.01041	0.00694	0.00521	0.00174	0.00868	0.00434	0.00347	0.01041
17	0.01743	0.03510	0.47905	0.03121	0.22560	0.01898	0.02844	0.02546	0.01754	0.02594	0.01477	0.01803	0.01106	0.00756	0.00781	0.00252	0.01128	0.00637	0.00361	0.01225
18	0.00989	0.00706	0.00942	0.01130	0.01177	0.00659	0.00753	0.01130	0.01554	0.02071	0.04472	0.70954	0.05367	0.02542	0.01036	0.00330	0.00471	0.02307	0.00753	0.00659
19	0.01180	0.00787	0.00885	0.00885	0.00885	0.00787	0.00492	0.01180	0.01180	0.01573	0.02557	0.05310	0.02950	0.71483	0.04130	0.00787	0.00787	0.01180	0.00492	0.00492
20	0.01668	0.01099	0.01326	0.01246	0.01497	0.01189	0.00954	0.04877	0.13314	0.07447	0.02724	0.03706	0.02384	0.12941	0.21337	0.00642	0.01088	0.04446	0.15236	0.00879
21	0.02611	0.01935	0.02107	0.01722	0.02268	0.02140	0.01398	0.37020	0.21781	0.07362	0.05727	0.02864	0.02211	0.01109	0.00838	0.00260	0.00776	0.03754	0.00826	0.01290
22	0.01817	0.01733	0.02948	0.30890	0.42005	0.01878	0.02395	0.02323	0.01757	0.02419	0.01493	0.02071	0.01204	0.00758	0.00806	0.00253	0.01011	0.00722	0.00385	0.01131
23	0.16249	0.03689	0.54495	0.02072	0.03136	0.01872	0.02588	0.02534	0.01649	0.02777	0.01393	0.01637	0.00999	0.00767	0.00719	0.00256	0.01089	0.00569	0.00373	0.01137
24	0.02009	0.01914	0.03185	0.04732	0.61618	0.01935	0.02400	0.02626	0.06561	0.02706	0.01659	0.02084	0.01374	0.00751	0.00805	0.00244	0.00940	0.00737	0.00433	0.01285
25	0.01972	0.01891	0.03228	0.09879	0.61805	0.01918	0.02472	0.02459	0.01831	0.02607	0.01520	0.02020	0.01270	0.00730	0.00804	0.00243	0.00973	0.00723	0.00399	0.01256
26	0.02008	0.01928	0.03294	0.04981	0.66422	0.01928	0.02490	0.02490	0.01848	0.02651	0.01526	0.02008	0.01285	0.00723	0.00803	0.00241	0.00964	0.00723	0.00402	0.01285
27	0.02311	0.02658	0.02928	0.02968	0.18185	0.29141	0.13742	0.02685	0.01960	0.02253	0.01481	0.01930	0.01243	0.01354	0.07911	0.00350	0.04757	0.00701	0.00411	0.01029
28	0.01011	0.00730	0.00963	0.01140	0.01211	0.00681	0.00788	0.01174	0.01594	0.02105	0.04668	0.62737	0.08706	0.02492	0.01038	0.00330	0.00488	0.06724	0.00753	0.00667
29	0.01308	0.00934	0.01308	0.01494	0.01681	0.00934	0.01308	0.01681	0.01868	0.02428	0.04296	0.09153	0.04670	0.02242	0.01121	0.00374	0.00747	0.60960	0.00747	0.00747
30	0.01994	0.05685	0.03303	0.07951	0.59966	0.01991	0.02419	0.02467	0.01826	0.02583	0.01501	0.01978	0.01262	0.00726	0.00788	0.00239	0.00965	0.00707	0.00397	0.01253
31	0.01532	0.01442	0.02434	0.69533	0.05589	0.01803	0.02253	0.02073	0.01622	0.02073	0.01442	0.02163	0.01082	0.00811	0.00811	0.00270	0.01082	0.00721	0.00361	0.00901
32	0.00968	0.00788	0.00857	0.00912	0.01120	0.00677	0.00656	0.01154	0.01763	0.02157	0.07126	0.26249	0.48359	0.02197	0.00981	0.00290	0.00428	0.01886	0.00753	0.00677
33	0.01006	0.00824	0.00887	0.00871	0.01125	0.00705	0.00653	0.01255	0.01960	0.02454	0.22469	0.07378	0.51680	0.01957	0.00959	0.00269	0.00404	0.01652	0.00788	0.00705
34	0.01180	0.00787	0.00885	0.00885	0.00885	0.00787	0.00492	0.01180	0.01180	0.01573	0.02557	0.05310	0.02950	0.71483	0.04130	0.00787	0.00787	0.01180	0.00492	0.00492
35	0.02174	0.02415	0.03125	0.17519	0.23737	0.20363	0.14003	0.02632	0.01939	0.02334	0.01455	0.01924	0.01165	0.00766	0.00815	0.00245	0.01206	0.00712	0.00399	0.01071
36	0.03054	0.03197	0.02356	0.01996	0.02512	0.40605	0.01557	0.28661	0.02937	0.03301	0.01546	0.01667	0.01186	0.00894	0.00765	0.00224	0.01224	0.00610	0.00584	0.01125
37	0.02795	0.03044	0.02076	0.01829	0.02256	0.44157	0.01400	0.15096	0.02505	0.02779	0.01619	0.01814	0.01280	0.00881	0.00721	0.00213	0.01173	0.00602	0.12759	0.00998
38	0.01547	0.01318	0.01812	0.01627	0.01705	0.01728	0.01323	0.01796	0.01349	0.02140	0.01690	0.02423	0.01538	0.02669	0.21103	0.00596	0.37047	0.00765	0.15009	0.00815
39	0.02169	0.71972	0.04252	0.01388	0.02083	0.03211	0.01388	0.02430	0.01649	0.01909	0.01128	0.01302	0.01041	0.00694	0.00521	0.00174	0.00868	0.00434	0.00347	0.01041
40	0.01159	0.00869	0.01304	0.01304	0.01449	0.01014	0.01014	0.01449	0.01304	0.01884	0.02173	0.03188	0.02029	0.06086	0.68268	0.01304	0.02173	0.00869	0.00435	0.00724
41	0.01207	0.00869	0.01188	0.01366	0.01520	0.00850	0.01128	0.01512	0.01785	0.02323	0.04538	0.25197	0.07924	0.02311	0.01090	0.00357	0.00658	0.42706	0.00749	0.00721
42	0.01738	0.19761	0.32628	0.01949	0.02684	0.02231	0.02166	0.02300	0.01564	0.02219	0.01376	0.01779	0.01142	0.01431	0.08097	0.00365	0.14555	0.00609	0.00356	0.01051
43	0.00994	0.00716	0.00942	0.01112	0.01175	0.00665	0.00748	0.01148	0.01597	0.02126	0.07222	0.65534	0.08048	0.02484	0.01029	0.00324	0.00465	0.02246	0.00759	0.00665
44	0.00970	0.00822	0.00837	0.00833	0.01102	0.00690	0.00625	0.01185	0.01874	0.02251	0.11447	0.07711	0.62828	0.02033	0.00959	0.00273	0.00409	0.01699	0.00761	0.00690
45	0.02320	0.20056	0.21779	0.01991	0.02672	0.28326	0.01959	0.02753	0.01893	0.02136	0.01269	0.01521	0.01041	0.00828	0.00839	0.00226	0.06445	0.00538	0.00374	0.01036
46	0.01907	0.01860	0.03274	0.17338	0.48502	0.01916	0.08456	0.02420	0.01811	0.02534	0.01521	0.02056	0.01240	0.00736	0.00820	0.00250	0.01027	0.00746	0.00395	0.01192
47	0.01297	0.01072	0.01568	0.01489	0.01601	0.01343	0.01184	0.01562	0.01290	0.01899	0.01926	0.02872	0.01813	0.05043	0.53607	0.01092	0.17331	0.00834	0.00417	0.00761
48	0.01677	0.03789	0.55082	0.02466	0.03553	0.01937	0.11776	0.02545	0.01720	0.02545	0.01465	0.01786	0.01059	0.00789	0.00888	0.00264	0.04481	0.00657	0.00353	0.01169
49	0.01811	0.03948	0.60290	0.02244	0.03384	0.01888	0.02825	0.06253	0.01867	0.05827	0.01569	0.01778	0.01096	0.00794	0.00775	0.00256	0.01157	0.00618	0.00402	0.01219
50	0.01311	0.01835	0.21070	0.01399	0.01790	0.01163	0.01352	0.01653	0.01365	0.01935	0.02149	0.03810	0.02189	0.37397	0.15544	0.00727	0.01180	0.00944	0.00435	0.00751
51	0.01884	0.01802	0.03070	0.21779	0.50591	0.01895	0.02429	0.02382	0.01789	0.02501	0.01504	0.02049	0.01232	0.00746	0.00805	0.00249	0.00995	0.00722	0.00391	0.01185
52	0.24575	0.02051	0.17515	0.01593	0.02237	0.01510	0.07538	0.02317	0.01777	0.08902	0.09984	0.03146	0.11540	0.01072	0.00762	0.00259	0.00784	0.00872	0.00584	0.00982
53	0.01894	0.01926	0.02497	0.20611	0.28249	0.11813	0.01963	0.02401	0.04862	0.02405	0.04604	0.02799	0.08618	0.00961	0.00818	0.00250	0.00974	0.00837	0.00470	0.01048
54	0.01963	0.38751	0.22672	0.02051	0.02916	0.02601	0.13889	0.02503	0.01719	0.02235	0.01323	0.01593	0.01074	0.00715	0.00678	0.00217	0.01061	0.00584	0.00358	0.01097
55	0.01962	0.46004	0.28400	0.01743	0.02630	0.02703	0.02005	0.02483	0.01673	0.02162	0.01254	0.01459	0.01036	0.00724	0.00617	0.00206	0.00995	0.00497	0.00345	0.01102
56	0.02175	0.63152	0.08929	0.01496	0.02214	0.06620	0.01520	0.02484	0.01689	0.01963	0.01160	0.01342	0.01040	0.00708	0.00551	0.00182	0.00925	0.00451	0.00351	0.01048
57	0.02203	0.02570	0.15287	0.11655	0.29908	0.12648	0.02281	0.02721	0.01914	0.08797	0.01623	0.01956	0.01242	0.00789	0.00788	0.00244	0.01079	0.00675	0.00447	0.01174
58	0.01178	0.00793	0.00917	0.00917	0.00928	0.00804	0.00531	0.01200	0.01189	0.01597	0.02528	0.05149	0.02880	0.66521	0.08997	0.00826	0.00892	0.01156	0.00487	0.00509
59	0.01159	0.00869	0.01304	0.01304	0.01449	0.01014	0.01014	0.01449	0.01304	0.01884	0.02173	0.03188	0.02029	0.06086	0.68268	0.01304	0.02173	0.00869	0.00435	0.00724
60	0.03123	0.03429	0.02245	0.01985	0.02445	0.55321	0.01512	0.06207	0.02375	0.11630	0.01572	0.01676	0.01202	0.00867	0.00748	0.00217	0.01323	0.00575	0.00522	0.01026
61	0.02174	0.01337	0.01481	0.01269	0.01631	0.01396	0.00990	0.23344	0.02448	0.09845	0.02722	0.12659	0.02352	0.04534	0.00913	0.00263	0.00620	0.01000	0.28016	0.01007
62	0.09389	0.18694	0.02194	0.01451	0.01849	0.10891	0.01182	0.10038	0.04069	0.02631	0.02523	0.23020	0.02641	0.01420	0.00787	0.00257	0.00794	0.04648	0.00594	0.00930
63	0.02472	0.03019	0.08496	0.01908	0.02375	0.37790	0.01581	0.09455	0.05172	0.02430	0.01633	0.01964	0.01347	0.01919	0.14414	0.00442	0.01480	0.00642	0.00476	0.00987
64	0.11255	0.20545	0.04761	0.01572	0.02139	0.06251	0.01371	0.25502	0.02421	0.03334	0.01629	0.01951	0.01339	0.04764	0.07502	0.00355	0.01020	0.00636	0.00561	0.01092
65	0.05984	0.01395	0.01896	0.02014	0.14278	0.01341	0.01328	0.08047	0.02248	0.19858	0.20951	0.03715	0.03500	0.01169	0.00842	0.00249	0.00667	0.04189	0.00768	0.05563
66	0.25237	0.06250	0.05368	0.05903	0.05886	0.34136	0.01512	0.02799	0.01896	0.02553	0.01246	0.01495	0.01009	0.00793	0.00662	0.00228	0.01119	0.00519	0.00432	0.00956
67	0.02204	0.06417	0.18438	0.03078	0.25785	0.18355	0.02188	0.05615	0.02004	0.02567	0.01498	0.01815	0.01196	0.00784	0.00752	0.00231	0.01107	0.00631	0.04189	0.01145
68	0.02780	0.03300	0.14947	0.02045	0.02706	0.29370	0.01835	0.27038	0.02785	0.03337	0.01568	0.01704	0.01174	0.00878	0.00771	0.00232	0.01186	0.00620	0.00559	0.01165

[dist]
# distance from previous block
# <min> <max>
8	56

[block]
# block no. 5 follows, 23 sequences, length 17
# corresponding to MSA columns:
# 360-376
name=unknown_F
#
# <colnr> <probs for GDERKNQSTAVLIFYWHMCP>
#	G	D	E	R	K	N	Q	S	T	A	V	L	I	F	Y	W	H	M	C	P
0	0.06782	0.02046	0.02361	0.02612	0.19753	0.07844	0.01693	0.20765	0.14374	0.03492	0.02209	0.02793	0.01824	0.01028	0.00817	0.00259	0.00885	0.06615	0.00643	0.01206
1	0.02660	0.02000	0.01963	0.01805	0.05893	0.16694	0.01341	0.06424	0.09000	0.22680	0.02584	0.07171	0.02092	0.01107	0.00811	0.00244	0.00870	0.05195	0.00717	0.08750
2	0.02510	0.05720	0.05698	0.01931	0.05257	0.32507	0.01507	0.10186	0.02236	0.02607	0.01409	0.01614	0.01139	0.00774	0.00702	0.00191	0.01095	0.00546	0.00476	0.21897
3	0.01904	0.36743	0.02780	0.01318	0.01820	0.12819	0.01161	0.02146	0.01843	0.02068	0.06301	0.03464	0.20463	0.01162	0.00704	0.00213	0.00807	0.00873	0.00504	0.00907
4	0.09082	0.22531	0.13193	0.01976	0.12618	0.01953	0.01593	0.02167	0.01799	0.02570	0.13159	0.03009	0.09239	0.01030	0.00729	0.00231	0.00782	0.00825	0.00508	0.01006
5	0.01693	0.25343	0.02527	0.01455	0.01727	0.02108	0.01235	0.01900	0.01407	0.01925	0.01609	0.02504	0.01587	0.13477	0.13022	0.00513	0.19678	0.00723	0.04726	0.00840
6	0.42265	0.01365	0.01319	0.01188	0.01608	0.01521	0.00953	0.02203	0.05502	0.03011	0.01605	0.02007	0.01348	0.02296	0.20059	0.00542	0.01071	0.00599	0.00501	0.09037
7	0.01261	0.01019	0.01499	0.01441	0.01562	0.01257	0.01140	0.01532	0.01294	0.01895	0.01990	0.02954	0.01869	0.05315	0.57427	0.01147	0.13381	0.00843	0.00422	0.00751
8	0.01008	0.00728	0.00922	0.01068	0.01134	0.00677	0.00708	0.01139	0.01542	0.02026	0.04655	0.56485	0.11657	0.10509	0.01387	0.00377	0.00501	0.02111	0.00723	0.00642
9	0.01326	0.01083	0.01497	0.01404	0.01471	0.01335	0.01069	0.01506	0.01254	0.01816	0.01990	0.03406	0.02032	0.22943	0.33412	0.00913	0.19498	0.00914	0.00430	0.00703
10	0.01627	0.04197	0.67279	0.02313	0.03512	0.01884	0.02998	0.02570	0.01713	0.02570	0.01456	0.01713	0.01028	0.00771	0.00771	0.00257	0.01199	0.00600	0.00343	0.01199
11	0.01148	0.00829	0.01085	0.01021	0.01212	0.00766	0.00766	0.01531	0.02297	0.03254	0.65994	0.06061	0.07656	0.01659	0.00957	0.00255	0.00383	0.01467	0.00893	0.00766
12	0.01839	0.30709	0.42624	0.01951	0.02953	0.02403	0.02368	0.02515	0.01688	0.02311	0.01328	0.01552	0.01033	0.00741	0.00673	0.00224	0.01070	0.00535	0.00344	0.01137
13	0.02390	0.02524	0.02631	0.14102	0.23884	0.24211	0.01961	0.09416	0.06255	0.02647	0.01582	0.01910	0.01258	0.00827	0.00783	0.00238	0.01122	0.00669	0.00472	0.01117
14	0.01905	0.38956	0.34955	0.01839	0.02779	0.02565	0.02172	0.02498	0.01680	0.02231	0.01288	0.01502	0.01035	0.00732	0.00643	0.00214	0.01029	0.00515	0.00345	0.01118
15	0.02678	0.03027	0.02061	0.01858	0.02290	0.45442	0.01417	0.03211	0.11393	0.05956	0.02170	0.02425	0.04969	0.00996	0.00772	0.00227	0.01176	0.03075	0.00545	0.04312
16	0.04861	0.09575	0.11189	0.01743	0.02321	0.23396	0.01548	0.14139	0.05714	0.02813	0.02655	0.02699	0.11901	0.01052	0.00766	0.00234	0.01015	0.00778	0.00555	0.01043

[dist]
# distance from previous block
# <min> <max>
3	10

[block]
# block no. 6 follows, 23 sequences, length 7
# corresponding to MSA columns:
# 387-393
name=unknown_G
#
# <colnr> <probs for GDERKNQSTAVLIFYWHMCP>
#	G	D	E	R	K	N	Q	S	T	A	V	L	I	F	Y	W	H	M	C	P
0	0.01147	0.00845	0.01062	0.01067	0.01256	0.00786	0.00823	0.01460	0.02023	0.02731	0.36642	0.06958	0.17830	0.08137	0.01276	0.00331	0.00499	0.13605	0.00801	0.00722
1	0.32150	0.07697	0.08677	0.01636	0.02211	0.23889	0.01427	0.08892	0.01983	0.03011	0.01287	0.01469	0.01011	0.00801	0.00638	0.00232	0.01006	0.00512	0.00478	0.00994
2	0.01307	0.00974	0.01274	0.08139	0.01823	0.01021	0.01067	0.01853	0.09668	0.02520	0.09605	0.29762	0.04308	0.01878	0.00949	0.00304	0.00593	0.13709	0.08448	0.00800
3	0.13302	0.01721	0.02111	0.01753	0.02133	0.09870	0.11548	0.02280	0.01855	0.08709	0.12957	0.09174	0.07035	0.01267	0.01089	0.00273	0.10361	0.01034	0.00608	0.00920
4	0.01371	0.01094	0.01480	0.01235	0.01518	0.00976	0.06594	0.01549	0.01424	0.02015	0.02342	0.10212	0.02531	0.38597	0.02558	0.00510	0.00760	0.01071	0.00506	0.21659
5	0.01964	0.01919	0.02240	0.02431	0.20895	0.10590	0.01493	0.02339	0.01816	0.02555	0.01441	0.01748	0.01205	0.00669	0.00678	0.00168	0.00826	0.00557	0.00449	0.44017
6	0.01722	0.01802	0.06153	0.01960	0.10982	0.12085	0.01357	0.02202	0.08114	0.02175	0.02309	0.03787	0.02251	0.21700	0.11779	0.00565	0.01137	0.06546	0.00507	0.00866

[dist]
# distance from previous block
# <min> <max>
0	1

[block]
# block no. 7 follows, 23 sequences, length 64
# corresponding to MSA columns:
# 395-458
name=unknown_H
#
# <colnr> <probs for GDERKNQSTAVLIFYWHMCP>
#	G	D	E	R	K	N	Q	S	T	A	V	L	I	F	Y	W	H	M	C	P
0	0.02405	0.02413	0.02895	0.03698	0.38822	0.16922	0.02097	0.12696	0.02246	0.02876	0.01515	0.01866	0.01238	0.00820	0.00868	0.00239	0.04028	0.00679	0.00471	0.01206
1	0.02678	0.03080	0.02332	0.02078	0.05103	0.42859	0.04052	0.08336	0.05129	0.02486	0.01466	0.01665	0.01183	0.00810	0.00734	0.00204	0.01209	0.00578	0.00480	0.13539
2	0.02631	0.03187	0.02353	0.16181	0.06048	0.48650	0.01740	0.03009	0.04773	0.02094	0.01392	0.01699	0.01124	0.00837	0.00755	0.00226	0.01327	0.00589	0.00423	0.00963
3	0.01212	0.00924	0.01143	0.01260	0.01397	0.00942	0.00901	0.01785	0.13743	0.02354	0.04233	0.52855	0.04755	0.02241	0.01002	0.00323	0.00526	0.06849	0.00767	0.00786
4	0.03031	0.03867	0.02299	0.02090	0.02508	0.68226	0.01568	0.03240	0.02299	0.01986	0.01254	0.01463	0.01045	0.00836	0.00732	0.00209	0.01463	0.00523	0.00418	0.00941
5	0.01015	0.00824	0.00899	0.00881	0.01130	0.00709	0.00660	0.01273	0.01981	0.02505	0.25260	0.07294	0.48857	0.01938	0.00958	0.00268	0.00403	0.01640	0.00795	0.00709
6	0.03085	0.02273	0.02435	0.01867	0.02516	0.02516	0.01542	0.63716	0.03815	0.05114	0.01948	0.01948	0.01380	0.00974	0.00812	0.00244	0.00893	0.00731	0.00812	0.01380
7	0.00959	0.00822	0.00822	0.00822	0.01096	0.00685	0.00617	0.01165	0.01850	0.02192	0.08220	0.07809	0.66092	0.02055	0.00959	0.00274	0.00411	0.01713	0.00754	0.00685
8	0.01180	0.00787	0.00885	0.00885	0.00885	0.00787	0.00492	0.01180	0.01180	0.01573	0.02557	0.05310	0.02950	0.71483	0.04130	0.00787	0.00787	0.01180	0.00492	0.00492
9	0.02594	0.02044	0.02453	0.01847	0.02521	0.02110	0.07262	0.40648	0.05873	0.04213	0.01860	0.01956	0.01373	0.00864	0.00776	0.00219	0.00857	0.00701	0.00696	0.19134
10	0.01627	0.04197	0.67279	0.02313	0.03512	0.01884	0.02998	0.02570	0.01713	0.02570	0.01456	0.01713	0.01028	0.00771	0.00771	0.00257	0.01199	0.00600	0.00343	0.01199
11	0.01256	0.00871	0.01016	0.00954	0.01224	0.00760	0.00725	0.01543	0.02071	0.07938	0.31442	0.06680	0.36933	0.01807	0.00946	0.00264	0.00422	0.01539	0.00831	0.00775
12	0.77215	0.01569	0.01193	0.01067	0.01569	0.01820	0.00879	0.02385	0.01381	0.03641	0.01130	0.01318	0.00879	0.00753	0.00502	0.00251	0.00628	0.00439	0.00502	0.00879
13	0.01969	0.01888	0.03223	0.10273	0.61434	0.01918	0.02471	0.02456	0.01829	0.02604	0.01519	0.02021	0.01269	0.00730	0.00804	0.00243	0.00974	0.00723	0.00398	0.01254
14	0.01863	0.01780	0.03032	0.24624	0.47910	0.01890	0.02418	0.02363	0.01779	0.02475	0.01501	0.02055	0.01223	0.00750	0.00806	0.00250	0.01000	0.00722	0.00389	0.01168
15	0.02080	0.44086	0.23998	0.01747	0.02575	0.08952	0.01914	0.02551	0.01731	0.02125	0.01244	0.01447	0.01037	0.00732	0.00620	0.00203	0.01029	0.00495	0.00352	0.01082
16	0.00959	0.00822	0.00822	0.00822	0.01096	0.00685	0.00617	0.01165	0.01850	0.02192	0.08220	0.07809	0.66092	0.02055	0.00959	0.00274	0.00411	0.01713	0.00754	0.00685
17	0.00987	0.00713	0.00935	0.01112	0.01172	0.00661	0.00745	0.01132	0.01571	0.02078	0.04688	0.67321	0.08861	0.02514	0.01031	0.00326	0.00467	0.02273	0.00753	0.00661
18	0.01783	0.23622	0.49215	0.02048	0.03102	0.02265	0.02537	0.02530	0.01695	0.02380	0.01362	0.01595	0.01032	0.00749	0.00699	0.00233	0.01104	0.00552	0.00344	0.01154
19	0.02631	0.02091	0.02142	0.01737	0.02296	0.05269	0.01402	0.40235	0.19787	0.04283	0.02772	0.02676	0.06782	0.01087	0.00823	0.00253	0.00815	0.00848	0.00793	0.01279
20	0.01513	0.00756	0.00756	0.00756	0.00945	0.00756	0.00567	0.01891	0.01702	0.03025	0.02647	0.03025	0.02080	0.00945	0.00567	0.00189	0.00378	0.00756	0.75988	0.00756
21	0.02008	0.01928	0.03294	0.04981	0.66422	0.01928	0.02490	0.02490	0.01848	0.02651	0.01526	0.02008	0.01285	0.00723	0.00803	0.00241	0.00964	0.00723	0.00402	0.01285
22	0.01554	0.01465	0.02473	0.66557	0.08393	0.01809	0.02264	0.02092	0.01633	0.02100	0.01446	0.02156	0.01091	0.00807	0.00811	0.00269	0.01076	0.00721	0.00362	0.00919
23	0.01841	0.01757	0.02991	0.27734	0.44979	0.01884	0.02407	0.02343	0.01768	0.02447	0.01497	0.02063	0.01214	0.00754	0.00806	0.00251	0.01005	0.00722	0.00387	0.01150
24	0.01840	0.01756	0.02989	0.27838	0.44882	0.01884	0.02406	0.02343	0.01768	0.02446	0.01497	0.02063	0.01213	0.00754	0.00806	0.00251	0.01006	0.00722	0.00387	0.01149
25	0.02977	0.03700	0.02314	0.02082	0.02492	0.62274	0.01576	0.05917	0.02320	0.02126	0.01277	0.01499	0.01061	0.00869	0.00823	0.00217	0.04544	0.00541	0.00433	0.00958
26	0.01308	0.00934	0.01308	0.01494	0.01681	0.00934	0.01308	0.01681	0.01868	0.02428	0.04296	0.09153	0.04670	0.02242	0.01121	0.00374	0.00747	0.60960	0.00747	0.00747
27	0.01915	0.02189	0.04788	0.03420	0.04241	0.02052	0.63475	0.02599	0.01915	0.02599	0.01642	0.02189	0.01231	0.00684	0.00958	0.00274	0.01368	0.00958	0.00410	0.01094
28	0.03045	0.03456	0.02334	0.02033	0.02511	0.51284	0.01561	0.18833	0.02690	0.02792	0.01433	0.01588	0.01132	0.00872	0.00752	0.00218	0.01316	0.00576	0.00520	0.01054
29	0.01627	0.04197	0.67279	0.02313	0.03512	0.01884	0.02998	0.02570	0.01713	0.02570	0.01456	0.01713	0.01028	0.00771	0.00771	0.00257	0.01199	0.00600	0.00343	0.01199
30	0.00988	0.00831	0.00862	0.00877	0.01144	0.00705	0.00673	0.01207	0.01851	0.02211	0.07898	0.07919	0.61057	0.02070	0.00972	0.00282	0.00439	0.06570	0.00753	0.00690
31	0.02934	0.03683	0.02394	0.02364	0.08565	0.61943	0.01655	0.03169	0.02257	0.02049	0.01280	0.01515	0.01068	0.00825	0.00738	0.00212	0.01416	0.00542	0.00417	0.00973
32	0.01969	0.01888	0.03223	0.10273	0.61434	0.01918	0.02471	0.02456	0.01829	0.02604	0.01519	0.02021	0.01269	0.00730	0.00804	0.00243	0.00974	0.00723	0.00398	0.01254
33	0.03031	0.03867	0.02299	0.02090	0.02508	0.68226	0.01568	0.03240	0.02299	0.01986	0.01254	0.01463	0.01045	0.00836	0.00732	0.00209	0.01463	0.00523	0.00418	0.00941
34	0.03085	0.02273	0.02435	0.01867	0.02516	0.02516	0.01542	0.63716	0.03815	0.05114	0.01948	0.01948	0.01380	0.00974	0.00812	0.00244	0.00893	0.00731	0.00812	0.01380
35	0.02158	0.45156	0.10126	0.01938	0.02676	0.09550	0.13471	0.02559	0.01773	0.02112	0.01271	0.01527	0.01077	0.00714	0.00650	0.00204	0.01056	0.00559	0.00366	0.01056
36	0.09456	0.01822	0.14105	0.01430	0.02052	0.01306	0.01371	0.05477	0.02076	0.27629	0.07352	0.03709	0.16381	0.01208	0.00818	0.00257	0.00711	0.00973	0.00758	0.01107
37	0.01912	0.01830	0.03120	0.17992	0.54160	0.01903	0.02443	0.02406	0.01802	0.02534	0.01509	0.02040	0.01244	0.00741	0.00805	0.00247	0.00988	0.00723	0.00393	0.01208
38	0.03031	0.03867	0.02299	0.02090	0.02508	0.68226	0.01568	0.03240	0.02299	0.01986	0.01254	0.01463	0.01045	0.00836	0.00732	0.00209	0.01463	0.00523	0.00418	0.00941
39	0.01073	0.00831	0.00998	0.01096	0.01294	0.00756	0.00859	0.01316	0.01791	0.02239	0.06197	0.21921	0.33985	0.02218	0.01026	0.00317	0.00528	0.20105	0.00751	0.00699
40	0.01180	0.00787	0.00885	0.00885	0.00885	0.00787	0.00492	0.01180	0.01180	0.01573	0.02557	0.05310	0.02950	0.71483	0.04130	0.00787	0.00787	0.01180	0.00492	0.00492
41	0.03031	0.03867	0.02299	0.02090	0.02508	0.68226	0.01568	0.03240	0.02299	0.01986	0.01254	0.01463	0.01045	0.00836	0.00732	0.00209	0.01463	0.00523	0.00418	0.00941
42	0.02630	0.03194	0.02414	0.16364	0.08711	0.48646	0.01791	0.02932	0.02119	0.02062	0.01317	0.01656	0.01074	0.00821	0.00754	0.00225	0.01340	0.00581	0.00405	0.00963
43	0.02208	0.68916	0.04164	0.01420	0.02102	0.06127	0.01396	0.02466	0.01678	0.01913	0.01134	0.01309	0.01041	0.00701	0.00530	0.00175	0.00894	0.00438	0.00350	0.01037
44	0.00975	0.00823	0.00844	0.00838	0.01106	0.00692	0.00629	0.01195	0.01886	0.02279	0.12957	0.07666	0.61301	0.02023	0.00959	0.00272	0.00409	0.01692	0.00765	0.00692
45	0.01163	0.00854	0.01224	0.01224	0.01341	0.00971	0.00914	0.01397	0.01280	0.01824	0.02247	0.03595	0.02205	0.18632	0.55963	0.01205	0.01907	0.00929	0.00446	0.00680
46	0.01180	0.00787	0.00885	0.00885	0.00885	0.00787	0.00492	0.01180	0.01180	0.01573	0.02557	0.05310	0.02950	0.71483	0.04130	0.00787	0.00787	0.01180	0.00492	0.00492
47	0.01409	0.00705	0.01057	0.01057	0.01057	0.00705	0.00705	0.01057	0.01057	0.01409	0.01409	0.02467	0.01409	0.02819	0.03171	0.76392	0.00705	0.00705	0.00352	0.00352
48	0.01219	0.00946	0.01202	0.01384	0.04040	0.00960	0.00922	0.01768	0.13168	0.02337	0.04137	0.55679	0.04670	0.02203	0.00988	0.00316	0.00522	0.01987	0.00752	0.00799
49	0.02008	0.01928	0.03294	0.04981	0.66422	0.01928	0.02490	0.02490	0.01848	0.02651	0.01526	0.02008	0.01285	0.00723	0.00803	0.00241	0.00964	0.00723	0.00402	0.01285
50	0.01532	0.01442	0.02434	0.69533	0.05589	0.01803	0.02253	0.02073	0.01622	0.02073	0.01442	0.02163	0.01082	0.00811	0.00811	0.00270	0.01082	0.00721	0.00361	0.00901
51	0.02008	0.01928	0.03294	0.04981	0.66422	0.01928	0.02490	0.02490	0.01848	0.02651	0.01526	0.02008	0.01285	0.00723	0.00803	0.00241	0.00964	0.00723	0.00402	0.01285
52	0.01138	0.00829	0.01070	0.01009	0.01206	0.00761	0.00757	0.01510	0.02271	0.03193	0.62670	0.06162	0.11018	0.01682	0.00957	0.00256	0.00384	0.01482	0.00885	0.00761
53	0.01775	0.01775	0.02485	0.02130	0.02130	0.02485	0.01775	0.01953	0.01243	0.01953	0.01065	0.01775	0.01065	0.01420	0.02663	0.00355	0.69998	0.00710	0.00355	0.00888
54	0.01532	0.01442	0.02434	0.69533	0.05589	0.01803	0.02253	0.02073	0.01622	0.02073	0.01442	0.02163	0.01082	0.00811	0.00811	0.00270	0.01082	0.00721	0.00361	0.00901
55	0.03209	0.02073	0.02311	0.01772	0.02417	0.02219	0.01464	0.50314	0.03480	0.18989	0.02229	0.02131	0.01521	0.00981	0.00813	0.00245	0.00847	0.00750	0.00855	0.01380
56	0.01084	0.00827	0.00995	0.00953	0.01173	0.00738	0.00715	0.01407	0.02145	0.02893	0.46366	0.06655	0.27509	0.01793	0.00958	0.00262	0.00392	0.01551	0.00846	0.00738
57	0.48844	0.28185	0.02349	0.01189	0.01763	0.02346	0.01071	0.02402	0.01482	0.02986	0.01129	0.01312	0.00940	0.00731	0.00509	0.00222	0.00718	0.00437	0.00444	0.00940
58	0.01409	0.00705	0.01057	0.01057	0.01057	0.00705	0.00705	0.01057	0.01057	0.01409	0.01409	0.02467	0.01409	0.02819	0.03171	0.76392	0.00705	0.00705	0.00352	0.00352
59	0.02182	0.18228	0.06906	0.02801	0.09077	0.14989	0.29338	0.02673	0.01914	0.02330	0.01433	0.01812	0.01149	0.00723	0.00794	0.00235	0.01229	0.00719	0.00394	0.01075
60	0.00983	0.00728	0.00919	0.01071	0.01161	0.00664	0.00727	0.01136	0.01610	0.02095	0.05191	0.58839	0.17017	0.02449	0.01021	0.00319	0.00459	0.02193	0.00753	0.00664
61	0.01809	0.01463	0.01540	0.01358	0.01752	0.01576	0.01048	0.14418	0.27260	0.03172	0.04524	0.04546	0.22394	0.08047	0.01178	0.00317	0.00631	0.01157	0.00769	0.01038
62	0.02178	0.01484	0.01768	0.01309	0.01992	0.01224	0.01055	0.05372	0.05554	0.16351	0.01943	0.01999	0.01453	0.00732	0.00669	0.00162	0.00635	0.00588	0.00626	0.52907
63	0.14457	0.28423	0.10663	0.01375	0.01996	0.02072	0.01340	0.02351	0.01677	0.08142	0.04886	0.02298	0.04496	0.04351	0.03857	0.00289	0.00850	0.00653	0.00493	0.05333

[dist]
# distance from previous block
# <min> <max>
0	4

[block]
# block no. 8 follows, 23 sequences, length 20
# corresponding to MSA columns:
# 463-482
name=unknown_I
#
# <colnr> <probs for GDERKNQSTAVLIFYWHMCP>
#	G	D	E	R	K	N	Q	S	T	A	V	L	I	F	Y	W	H	M	C	P
0	0.18011	0.02631	0.02119	0.17230	0.03018	0.30760	0.01579	0.10721	0.02154	0.02757	0.01362	0.01656	0.01063	0.00831	0.00713	0.00236	0.01129	0.00578	0.00474	0.00976
1	0.01196	0.07071	0.01642	0.01389	0.01580	0.01033	0.07425	0.01416	0.01633	0.02166	0.06626	0.54744	0.04656	0.02146	0.00979	0.00307	0.00596	0.01964	0.00688	0.00743
2	0.16548	0.02686	0.02256	0.07561	0.15058	0.31953	0.01647	0.02937	0.07441	0.02556	0.01477	0.01732	0.01188	0.00820	0.00717	0.00234	0.01108	0.00596	0.00462	0.01024
3	0.01816	0.07814	0.03004	0.32700	0.34404	0.01985	0.02292	0.02304	0.01733	0.02335	0.01455	0.02014	0.01176	0.00759	0.00782	0.00248	0.01007	0.00697	0.00379	0.01097
4	0.29848	0.05153	0.02509	0.02214	0.10231	0.12648	0.11116	0.11967	0.02053	0.03245	0.01404	0.01658	0.01094	0.00783	0.00695	0.00242	0.00969	0.00613	0.00503	0.01056
5	0.02068	0.42442	0.20991	0.01870	0.02689	0.07732	0.07353	0.02544	0.01739	0.02153	0.01271	0.01503	0.01055	0.00725	0.00643	0.00207	0.01046	0.00532	0.00357	0.01081
