[name]
unknown

[dist]
# distance from previous block
# <min> <max>
0	1

[block]
# block no. 0 follows, 22 sequences, length 37
# corresponding to MSA columns:
# 1-37
name=unknown_A
#
# <colnr> <probs for GDERKNQSTAVLIFYWHMCP>
#	G	D	E	R	K	N	Q	S	T	A	V	L	I	F	Y	W	H	M	C	P
0	0.01055	0.00866	0.00939	0.00980	0.01219	0.00769	0.00731	0.01353	0.04429	0.02287	0.07226	0.19677	0.47536	0.02170	0.01001	0.00298	0.00464	0.05499	0.00774	0.00726
1	0.02839	0.02138	0.02322	0.01760	0.02441	0.02250	0.01447	0.49349	0.03421	0.04674	0.01879	0.01934	0.01372	0.00912	0.00783	0.00221	0.00848	0.00691	0.00756	0.17963
2	0.02744	0.02158	0.02646	0.01980	0.02680	0.02245	0.08963	0.44180	0.03262	0.04450	0.01860	0.01974	0.01360	0.00890	0.00809	0.00230	0.00918	0.00729	0.00718	0.15203
3	0.01569	0.01477	0.02492	0.68808	0.05722	0.01846	0.02307	0.02123	0.01661	0.02123	0.01477	0.02215	0.01107	0.00831	0.00831	0.00277	0.01107	0.00738	0.00369	0.00923
4	0.13066	0.02766	0.02356	0.10664	0.14101	0.32815	0.01733	0.02988	0.04777	0.05102	0.01514	0.01791	0.01200	0.00839	0.00747	0.00238	0.01168	0.00615	0.00473	0.01047
5	0.01502	0.01146	0.01347	0.01172	0.01483	0.01095	0.00867	0.05887	0.08362	0.02992	0.29934	0.04637	0.04657	0.16043	0.01579	0.00353	0.00581	0.01150	0.00738	0.14476
6	0.01148	0.00793	0.00913	0.00947	0.00999	0.00763	0.00579	0.01192	0.01376	0.01792	0.03810	0.17195	0.12970	0.45498	0.03130	0.03587	0.00686	0.01477	0.00586	0.00559
7	0.01480	0.01407	0.01310	0.01355	0.01487	0.13439	0.00955	0.01658	0.01784	0.02207	0.11093	0.41159	0.04552	0.07561	0.01318	0.00343	0.03722	0.01746	0.00684	0.00739
8	0.02026	0.01950	0.03240	0.06911	0.43575	0.02002	0.09681	0.02899	0.13683	0.02827	0.01918	0.02283	0.01532	0.00812	0.00847	0.00259	0.00980	0.00807	0.00493	0.01275
9	0.07933	0.00917	0.01026	0.01021	0.01270	0.00847	0.00756	0.01544	0.01898	0.06459	0.17960	0.22028	0.29430	0.01961	0.00950	0.00287	0.00467	0.01680	0.00793	0.00772
10	0.01778	0.02705	0.26664	0.21384	0.26233	0.01922	0.02677	0.02464	0.01778	0.02522	0.01512	0.01987	0.01161	0.00783	0.00812	0.00261	0.01109	0.00693	0.00377	0.01176
11	0.01672	0.01786	0.08073	0.50175	0.04858	0.01895	0.02187	0.02602	0.13506	0.02424	0.01839	0.02341	0.01373	0.00883	0.00830	0.00277	0.01033	0.00765	0.00458	0.01024
12	0.02501	0.03609	0.18522	0.02564	0.10541	0.37266	0.02106	0.02934	0.02051	0.02263	0.01353	0.01659	0.01098	0.00878	0.00944	0.00244	0.07401	0.00597	0.00401	0.01068
13	0.01041	0.00770	0.01019	0.01151	0.01247	0.00747	0.00804	0.01223	0.01580	0.02100	0.04618	0.49697	0.12402	0.03227	0.13643	0.00519	0.00805	0.02006	0.00709	0.00691
14	0.02075	0.01685	0.01668	0.01459	0.01888	0.07407	0.01140	0.12163	0.21641	0.08053	0.11810	0.04360	0.18395	0.01388	0.00884	0.00266	0.00684	0.01137	0.00810	0.01089
15	0.01147	0.00838	0.00956	0.00979	0.01088	0.00801	0.00638	0.01344	0.03842	0.02075	0.09925	0.18223	0.18302	0.33363	0.02468	0.00528	0.00613	0.01568	0.00665	0.00636
16	0.01184	0.00795	0.00913	0.00937	0.00943	0.00789	0.00536	0.01202	0.01255	0.01673	0.02858	0.13397	0.03324	0.62429	0.03839	0.00748	0.00766	0.01350	0.00536	0.00524
17	0.01930	0.08112	0.03615	0.16791	0.03836	0.02185	0.27020	0.05839	0.01858	0.02528	0.01500	0.02039	0.01190	0.00861	0.01156	0.00272	0.12098	0.00795	0.00423	0.05950
18	0.01937	0.02195	0.04757	0.07422	0.04425	0.02086	0.58985	0.02629	0.01943	0.02629	0.01668	0.02239	0.01251	0.00708	0.00971	0.00280	0.01383	0.00966	0.00417	0.01109
19	0.01204	0.00851	0.00992	0.00999	0.01230	0.00744	0.00732	0.01438	0.01932	0.06595	0.17354	0.22891	0.35853	0.02085	0.00992	0.00290	0.00450	0.01800	0.00814	0.00756
20	0.01921	0.01836	0.03128	0.22758	0.49019	0.01938	0.02482	0.02431	0.01828	0.02550	0.01539	0.02100	0.01258	0.00765	0.00825	0.00255	0.01020	0.00740	0.00400	0.01207
21	0.01916	0.02038	0.02461	0.53745	0.05009	0.16672	0.02149	0.02392	0.01818	0.02102	0.01433	0.02053	0.01099	0.00836	0.00812	0.00263	0.01196	0.00692	0.00382	0.00932
22	0.01566	0.00938	0.01143	0.01107	0.01263	0.00893	0.00738	0.01770	0.04232	0.11028	0.03267	0.23656	0.03509	0.35203	0.02532	0.00541	0.00683	0.01450	0.00670	0.03811
23	0.02024	0.02010	0.03097	0.19271	0.47367	0.06849	0.02424	0.02511	0.01874	0.02529	0.01522	0.02050	0.01250	0.00769	0.00819	0.00251	0.01052	0.00724	0.00403	0.01201
24	0.02193	0.02248	0.02964	0.17709	0.38882	0.13933	0.02284	0.05214	0.02015	0.02576	0.01513	0.01985	0.01232	0.00791	0.00811	0.00247	0.01102	0.00703	0.00424	0.01174
25	0.01588	0.01160	0.01541	0.01788	0.13537	0.01038	0.01111	0.01888	0.01964	0.10305	0.10872	0.09419	0.32667	0.01614	0.00915	0.00263	0.00577	0.01383	0.00730	0.05638
26	0.02145	0.20084	0.25177	0.01922	0.02705	0.02394	0.02027	0.10257	0.11264	0.05439	0.01787	0.01928	0.01365	0.00914	0.00913	0.00252	0.07056	0.00655	0.00513	0.01202
27	0.01404	0.01151	0.01248	0.01159	0.01483	0.01156	0.00887	0.04671	0.18334	0.02963	0.21164	0.06018	0.31774	0.01701	0.00939	0.00275	0.00496	0.01436	0.00829	0.00912
28	0.01666	0.04297	0.66500	0.02368	0.03596	0.01929	0.03069	0.02631	0.01754	0.02631	0.01491	0.01754	0.01052	0.00789	0.00789	0.00263	0.01228	0.00614	0.00351	0.01228
29	0.02190	0.02202	0.02789	0.07671	0.36425	0.12060	0.02081	0.03107	0.17496	0.02763	0.01969	0.02241	0.01570	0.00860	0.00817	0.00252	0.00991	0.00758	0.00520	0.01237
30	0.01957	0.02051	0.03100	0.17791	0.27022	0.09896	0.13575	0.02440	0.01912	0.02447	0.02200	0.02636	0.07466	0.00899	0.00861	0.00259	0.01099	0.00859	0.00441	0.01091
31	0.11157	0.19408	0.06583	0.18330	0.02974	0.12886	0.01600	0.02377	0.01792	0.02371	0.07066	0.02292	0.01778	0.05132	0.00922	0.00269	0.00986	0.00685	0.00449	0.00944
32	0.13416	0.01594	0.01714	0.01628	0.05721	0.05605	0.01196	0.13471	0.02267	0.16182	0.03414	0.14964	0.10306	0.01415	0.00850	0.00274	0.00729	0.03442	0.00753	0.01059
33	0.01988	0.01992	0.03599	0.07263	0.15309	0.02122	0.27138	0.07771	0.01937	0.02701	0.01597	0.02165	0.01293	0.01214	0.05246	0.00350	0.13915	0.00847	0.00443	0.01109
34	0.17702	0.09007	0.30709	0.01718	0.02478	0.05809	0.01890	0.02349	0.01637	0.02601	0.01827	0.02417	0.03937	0.11246	0.01224	0.00333	0.00993	0.00694	0.00431	0.00998
35	0.02351	0.02644	0.01855	0.01689	0.02054	0.36781	0.01274	0.07884	0.02378	0.02572	0.13305	0.07582	0.11662	0.01298	0.00848	0.00242	0.01043	0.01005	0.00616	0.00918
36	0.21410	0.14857	0.02439	0.01855	0.09840	0.01986	0.01374	0.08401	0.02082	0.25187	0.02020	0.02006	0.01431	0.00866	0.00696	0.00240	0.00778	0.00645	0.00679	0.01207

[dist]
# distance from previous block
# <min> <max>
4	19

[block]
# block no. 1 follows, 22 sequences, length 8
# corresponding to MSA columns:
# 57-64
name=unknown_B
#
# <colnr> <probs for GDERKNQSTAVLIFYWHMCP>
#	G	D	E	R	K	N	Q	S	T	A	V	L	I	F	Y	W	H	M	C	P
0	0.02469	0.02625	0.02447	0.22046	0.03457	0.27233	0.01841	0.13134	0.02262	0.02612	0.01438	0.01845	0.01144	0.00959	0.01071	0.00260	0.11002	0.00660	0.00471	0.01022
1	0.02159	0.01967	0.02981	0.04100	0.46679	0.02048	0.02204	0.08427	0.15023	0.03102	0.01980	0.02268	0.01579	0.00844	0.00828	0.00254	0.00912	0.00782	0.00540	0.01325
2	0.02253	0.02026	0.01985	0.01726	0.02107	0.12712	0.01360	0.11716	0.22178	0.05822	0.14700	0.03106	0.02964	0.01216	0.01106	0.00272	0.09981	0.00923	0.00731	0.01116
3	0.01456	0.19235	0.02121	0.01358	0.01652	0.01624	0.01138	0.01745	0.01427	0.01935	0.01946	0.02761	0.01814	0.04792	0.50062	0.01034	0.01877	0.00774	0.00422	0.00826
4	0.01024	0.00747	0.00942	0.01091	0.01169	0.00689	0.00730	0.01166	0.01603	0.02098	0.04972	0.56134	0.13872	0.07999	0.01303	0.00367	0.00499	0.02182	0.00750	0.00665
5	0.02555	0.02500	0.02438	0.02562	0.15555	0.19190	0.01701	0.15579	0.22883	0.03298	0.02176	0.02241	0.01673	0.00950	0.00813	0.00250	0.00997	0.00754	0.00643	0.01243
6	0.03028	0.02101	0.02230	0.01784	0.02387	0.05611	0.01446	0.34312	0.17063	0.17354	0.02536	0.02390	0.01781	0.01025	0.00831	0.00256	0.00844	0.00798	0.00854	0.01367
7	0.03072	0.02449	0.02298	0.01840	0.02446	0.15760	0.01480	0.34698	0.06786	0.13048	0.02080	0.02059	0.01489	0.00956	0.00802	0.00237	0.00972	0.00711	0.00755	0.06065

[dist]
# distance from previous block
# <min> <max>
15	44

[block]
# block no. 2 follows, 22 sequences, length 8
# corresponding to MSA columns:
# 112-119
name=unknown_C
#
# <colnr> <probs for GDERKNQSTAVLIFYWHMCP>
#	G	D	E	R	K	N	Q	S	T	A	V	L	I	F	Y	W	H	M	C	P
0	0.03160	0.03395	0.02357	0.02040	0.02539	0.47498	0.01572	0.17440	0.02723	0.07278	0.01591	0.01708	0.01220	0.00901	0.00774	0.00225	0.01305	0.00606	0.00565	0.01101
1	0.02611	0.02476	0.02164	0.01877	0.02346	0.20653	0.01471	0.13845	0.29153	0.06391	0.02394	0.02360	0.01810	0.01045	0.00941	0.00261	0.05517	0.00773	0.00702	0.01210
2	0.02887	0.01873	0.02226	0.09031	0.08361	0.06641	0.01557	0.12730	0.14706	0.27224	0.02609	0.02521	0.01813	0.00983	0.00829	0.00259	0.00855	0.00801	0.00792	0.01300
3	0.02578	0.02848	0.02106	0.01855	0.02234	0.36663	0.01425	0.12883	0.02375	0.02577	0.02434	0.02734	0.09981	0.05276	0.01207	0.00280	0.08237	0.00797	0.00541	0.00971
4	0.01577	0.01467	0.01840	0.02005	0.10088	0.08640	0.01380	0.01879	0.01514	0.02050	0.01917	0.02761	0.01764	0.04423	0.44691	0.00968	0.08933	0.00814	0.00430	0.00859
5	0.01589	0.01259	0.01440	0.01403	0.01673	0.01356	0.01039	0.07012	0.25571	0.02999	0.10613	0.32658	0.04328	0.01824	0.00953	0.00301	0.00571	0.01608	0.00820	0.00984
6	0.02625	0.21091	0.02912	0.01961	0.02380	0.38227	0.01598	0.02847	0.01972	0.02006	0.01213	0.01517	0.01073	0.00934	0.01074	0.00233	0.14413	0.00548	0.00397	0.00979
7	0.01746	0.10677	0.02684	0.03215	0.35018	0.01726	0.01797	0.02136	0.01899	0.02571	0.09372	0.06917	0.11454	0.01200	0.00852	0.00255	0.00796	0.04060	0.00543	0.01081

[dist]
# distance from previous block
# <min> <max>
36	221

[block]
# block no. 3 follows, 22 sequences, length 65
# corresponding to MSA columns:
# 364-428
name=unknown_D
#
# <colnr> <probs for GDERKNQSTAVLIFYWHMCP>
#	G	D	E	R	K	N	Q	S	T	A	V	L	I	F	Y	W	H	M	C	P
0	0.10173	0.06321	0.02061	0.01648	0.02130	0.22756	0.04171	0.06169	0.09309	0.05285	0.03164	0.03160	0.14883	0.01131	0.00786	0.00241	0.00939	0.00869	0.00604	0.04198
1	0.18661	0.02402	0.02010	0.01747	0.02124	0.22025	0.01390	0.11899	0.02110	0.02917	0.02079	0.02298	0.07877	0.01120	0.01160	0.00268	0.15681	0.00720	0.00532	0.00980
2	0.24987	0.02147	0.05496	0.01530	0.02052	0.11389	0.01288	0.19341	0.02450	0.03712	0.12624	0.02677	0.04925	0.01061	0.00752	0.00251	0.00826	0.00789	0.00660	0.01044
3	0.10290	0.02312	0.01894	0.01704	0.02136	0.22329	0.01366	0.18118	0.02514	0.03164	0.02866	0.03995	0.08535	0.01326	0.00856	0.00271	0.00986	0.13686	0.00650	0.01003
4	0.21083	0.02782	0.01914	0.01732	0.02167	0.36670	0.01332	0.03011	0.05511	0.06245	0.01586	0.01816	0.01274	0.01428	0.07757	0.00349	0.01270	0.00592	0.00510	0.00970
5	0.10843	0.03333	0.02238	0.01970	0.02451	0.46423	0.01514	0.13657	0.05163	0.02832	0.01484	0.01637	0.01174	0.00883	0.00743	0.00228	0.01270	0.00580	0.00525	0.01050
6	0.02004	0.01632	0.01894	0.01660	0.05661	0.01572	0.01228	0.03222	0.28375	0.06718	0.02398	0.02393	0.01840	0.00865	0.00738	0.00205	0.00660	0.00717	0.00669	0.35549
7	0.03103	0.03959	0.02354	0.02140	0.02568	0.67469	0.01605	0.03317	0.02354	0.02033	0.01284	0.01498	0.01070	0.00856	0.00749	0.00214	0.01498	0.00535	0.00428	0.00963
8	0.01058	0.00796	0.00980	0.01037	0.01195	0.00718	0.00739	0.01302	0.01922	0.02554	0.25655	0.32718	0.21953	0.02172	0.01013	0.00297	0.00436	0.01918	0.00819	0.00718
9	0.01187	0.00890	0.01335	0.01335	0.01483	0.01038	0.01038	0.01483	0.01335	0.01928	0.02225	0.03264	0.02077	0.06231	0.67512	0.01335	0.02225	0.00890	0.00445	0.00742
10	0.01020	0.00854	0.00894	0.00914	0.01185	0.00728	0.00706	0.01248	0.01896	0.02270	0.07991	0.08140	0.58891	0.02124	0.00999	0.00291	0.00457	0.07912	0.00771	0.00708
11	0.02988	0.07078	0.02461	0.02108	0.02525	0.60708	0.01608	0.03203	0.02261	0.02027	0.01267	0.01508	0.01071	0.00883	0.00851	0.00221	0.05305	0.00542	0.00421	0.00965
12	0.02056	0.01974	0.03372	0.05099	0.65622	0.01974	0.02550	0.02550	0.01892	0.02714	0.01563	0.02056	0.01316	0.00740	0.00822	0.00247	0.00987	0.00740	0.00411	0.01316
13	0.01012	0.00723	0.00964	0.01157	0.01205	0.00675	0.00771	0.01157	0.01591	0.02121	0.04579	0.70262	0.05495	0.02603	0.01060	0.00337	0.00482	0.02362	0.00771	0.00675
14	0.01818	0.01818	0.02545	0.02181	0.02181	0.02545	0.01818	0.01999	0.01272	0.01999	0.01091	0.01818	0.01091	0.01454	0.02726	0.00364	0.69284	0.00727	0.00364	0.00909
15	0.02221	0.71304	0.04353	0.01421	0.02132	0.03287	0.01421	0.02488	0.01688	0.01955	0.01155	0.01333	0.01066	0.00711	0.00533	0.00178	0.00888	0.00444	0.00355	0.01066
16	0.01187	0.00890	0.01335	0.01335	0.01483	0.01038	0.01038	0.01483	0.01335	0.01928	0.02225	0.03264	0.02077	0.06231	0.67512	0.01335	0.02225	0.00890	0.00445	0.00742
17	0.01012	0.00723	0.00964	0.01157	0.01205	0.00675	0.00771	0.01157	0.01591	0.02121	0.04579	0.70262	0.05495	0.02603	0.01060	0.00337	0.00482	0.02362	0.00771	0.00675
18	0.02317	0.64232	0.04163	0.01472	0.02178	0.03214	0.01438	0.08677	0.01915	0.02291	0.01241	0.01400	0.01102	0.00740	0.00564	0.00185	0.00891	0.00475	0.00404	0.01102
19	0.01002	0.00842	0.00869	0.00862	0.01134	0.00710	0.00647	0.01231	0.01941	0.02356	0.14236	0.07811	0.59395	0.02062	0.00982	0.00279	0.00418	0.01728	0.00786	0.00710
20	0.03223	0.01978	0.02252	0.01737	0.02370	0.02079	0.01431	0.42141	0.03370	0.23254	0.05710	0.02464	0.01943	0.01043	0.00840	0.00252	0.00825	0.00814	0.00894	0.01380
21	0.02184	0.02510	0.03399	0.02669	0.03134	0.19448	0.26628	0.02593	0.01844	0.02276	0.01441	0.01979	0.01204	0.01228	0.04753	0.00339	0.20174	0.00788	0.00408	0.01001
22	0.02057	0.01963	0.03287	0.04906	0.62031	0.01979	0.02480	0.02655	0.05413	0.02757	0.01666	0.02115	0.01385	0.00762	0.00824	0.00249	0.00968	0.00751	0.00436	0.01316
23	0.03158	0.02327	0.02493	0.01911	0.02576	0.02576	0.01579	0.62852	0.03906	0.05236	0.01995	0.01995	0.01413	0.00997	0.00831	0.00249	0.00914	0.00748	0.00831	0.01413
24	0.01666	0.04297	0.66500	0.02368	0.03596	0.01929	0.03069	0.02631	0.01754	0.02631	0.01491	0.01754	0.01052	0.00789	0.00789	0.00263	0.01228	0.00614	0.00351	0.01228
25	0.19165	0.03106	0.02136	0.01864	0.02360	0.39645	0.01446	0.15522	0.02472	0.03070	0.01404	0.01569	0.01104	0.00867	0.00715	0.00231	0.01190	0.00561	0.00531	0.01043
26	0.01935	0.36755	0.36397	0.01909	0.02887	0.02587	0.02271	0.02561	0.01722	0.02303	0.01328	0.01550	0.01059	0.00751	0.00665	0.00222	0.01063	0.00532	0.00353	0.01149
27	0.02056	0.01974	0.03372	0.05099	0.65622	0.01974	0.02550	0.02550	0.01892	0.02714	0.01563	0.02056	0.01316	0.00740	0.00822	0.00247	0.00987	0.00740	0.00411	0.01316
28	0.01133	0.00868	0.00934	0.00903	0.01185	0.00738	0.00682	0.01379	0.01992	0.05200	0.17743	0.07470	0.52880	0.01989	0.00975	0.00276	0.00428	0.01671	0.00807	0.00746
29	0.01935	0.01850	0.03153	0.20958	0.50712	0.01942	0.02489	0.02443	0.01834	0.02567	0.01541	0.02096	0.01264	0.00763	0.00824	0.00254	0.01017	0.00740	0.00401	0.01218
30	0.00982	0.00842	0.00842	0.00842	0.01122	0.00701	0.00631	0.01192	0.01894	0.02244	0.08416	0.07995	0.65285	0.02104	0.00982	0.00281	0.00421	0.01753	0.00771	0.00701
31	0.03103	0.03959	0.02354	0.02140	0.02568	0.67469	0.01605	0.03317	0.02354	0.02033	0.01284	0.01498	0.01070	0.00856	0.00749	0.00214	0.01498	0.00535	0.00428	0.00963
32	0.02056	0.01974	0.03372	0.05099	0.65622	0.01974	0.02550	0.02550	0.01892	0.02714	0.01563	0.02056	0.01316	0.00740	0.00822	0.00247	0.00987	0.00740	0.00411	0.01316
33	0.01101	0.00963	0.01310	0.01203	0.01486	0.00847	0.07219	0.01356	0.01853	0.02308	0.09343	0.21348	0.42504	0.02050	0.00999	0.00292	0.00537	0.01798	0.00741	0.00743
34	0.01012	0.00723	0.00964	0.01157	0.01205	0.00675	0.00771	0.01157	0.01591	0.02121	0.04579	0.70262	0.05495	0.02603	0.01060	0.00337	0.00482	0.02362	0.00771	0.00675
35	0.03118	0.03509	0.02393	0.02077	0.02570	0.49547	0.01598	0.19760	0.02783	0.02918	0.01480	0.01635	0.01165	0.00895	0.00772	0.00224	0.01337	0.00594	0.00539	0.01087
36	0.01875	0.01789	0.03044	0.28808	0.43331	0.01926	0.02459	0.02391	0.01806	0.02494	0.01531	0.02115	0.01238	0.00774	0.00825	0.00258	0.01032	0.00739	0.00396	0.01170
37	0.01012	0.00723	0.00964	0.01157	0.01205	0.00675	0.00771	0.01157	0.01591	0.02121	0.04579	0.70262	0.05495	0.02603	0.01060	0.00337	0.00482	0.02362	0.00771	0.00675
38	0.01771	0.01728	0.03069	0.40654	0.24364	0.01918	0.09902	0.02324	0.01771	0.02375	0.01529	0.02168	0.01192	0.00786	0.00847	0.00268	0.01106	0.00769	0.00389	0.01071
39	0.02826	0.03305	0.02319	0.02206	0.06140	0.46710	0.01597	0.06369	0.15470	0.02532	0.01778	0.01893	0.01411	0.00913	0.00778	0.00232	0.01263	0.00643	0.00535	0.01080
40	0.01869	0.28742	0.43828	0.02023	0.03062	0.02425	0.02468	0.02579	0.01730	0.02384	0.01368	0.01600	0.01057	0.00761	0.00696	0.00232	0.01104	0.00552	0.00352	0.01169
41	0.03103	0.03959	0.02354	0.02140	0.02568	0.67469	0.01605	0.03317	0.02354	0.02033	0.01284	0.01498	0.01070	0.00856	0.00749	0.00214	0.01498	0.00535	0.00428	0.00963
42	0.01006	0.00749	0.00937	0.01088	0.01187	0.00681	0.00741	0.01164	0.01657	0.02148	0.05416	0.56678	0.18539	0.02494	0.01043	0.00325	0.00469	0.02229	0.00771	0.00681
43	0.02297	0.01899	0.02009	0.01737	0.02248	0.02174	0.01371	0.16778	0.51381	0.03848	0.03088	0.02866	0.02298	0.01100	0.00842	0.00275	0.00712	0.00899	0.00842	0.01336
44	0.00982	0.00842	0.00842	0.00842	0.01122	0.00701	0.00631	0.01192	0.01894	0.02244	0.08416	0.07995	0.65285	0.02104	0.00982	0.00281	0.00421	0.01753	0.00771	0.00701
45	0.02092	0.01811	0.02193	0.01872	0.02097	0.04926	0.01526	0.12839	0.05158	0.06157	0.02447	0.06560	0.08110	0.01442	0.01834	0.00317	0.36091	0.00939	0.00575	0.01013
46	0.01803	0.01121	0.01372	0.01197	0.01536	0.01067	0.00933	0.07863	0.04899	0.14003	0.38075	0.05368	0.14305	0.01554	0.00936	0.00263	0.00510	0.01332	0.00902	0.00959
47	0.00982	0.00842	0.00842	0.00842	0.01122	0.00701	0.00631	0.01192	0.01894	0.02244	0.08416	0.07995	0.65285	0.02104	0.00982	0.00281	0.00421	0.01753	0.00771	0.00701
48	0.01012	0.00723	0.00964	0.01157	0.01205	0.00675	0.00771	0.01157	0.01591	0.02121	0.04579	0.70262	0.05495	0.02603	0.01060	0.00337	0.00482	0.02362	0.00771	0.00675
49	0.02361	0.33570	0.19103	0.01881	0.02631	0.23111	0.01887	0.02784	0.01914	0.02147	0.01279	0.01489	0.01064	0.00776	0.00664	0.00210	0.01164	0.00515	0.00377	0.01074
50	0.01595	0.01162	0.01403	0.01228	0.01524	0.01163	0.00952	0.14534	0.02680	0.03734	0.51815	0.05315	0.06479	0.01550	0.00948	0.00259	0.00502	0.01343	0.00897	0.00917
51	0.01012	0.00723	0.00964	0.01157	0.01205	0.00675	0.00771	0.01157	0.01591	0.02121	0.04579	0.70262	0.05495	0.02603	0.01060	0.00337	0.00482	0.02362	0.00771	0.00675
52	0.02056	0.01974	0.03372	0.05099	0.65622	0.01974	0.02550	0.02550	0.01892	0.02714	0.01563	0.02056	0.01316	0.00740	0.00822	0.00247	0.00987	0.00740	0.00411	0.01316
53	0.02924	0.18701	0.02872	0.01877	0.02472	0.24837	0.01552	0.28736	0.02869	0.03393	0.01560	0.01674	0.01217	0.00883	0.00735	0.00221	0.01107	0.00606	0.00585	0.01180
54	0.01012	0.00723	0.00964	0.01157	0.01205	0.00675	0.00771	0.01157	0.01591	0.02121	0.04579	0.70262	0.05495	0.02603	0.01060	0.00337	0.00482	0.02362	0.00771	0.00675
55	0.01549	0.00774	0.00774	0.00774	0.00968	0.00774	0.00581	0.01936	0.01742	0.03097	0.02710	0.03097	0.02129	0.00968	0.00581	0.00194	0.00387	0.00774	0.75416	0.00774
56	0.02586	0.02719	0.02222	0.02169	0.08975	0.30424	0.01527	0.15614	0.08189	0.02991	0.05095	0.02752	0.09009	0.01077	0.00819	0.00241	0.01074	0.00819	0.00609	0.01090
57	0.00991	0.00806	0.00878	0.00936	0.01147	0.00693	0.00673	0.01182	0.01803	0.02207	0.07265	0.26663	0.47359	0.02253	0.01005	0.00298	0.00439	0.01936	0.00771	0.00693
58	0.01097	0.00759	0.00939	0.01048	0.01075	0.00732	0.00655	0.01179	0.01424	0.01899	0.03726	0.42088	0.04419	0.32244	0.02437	0.00541	0.00623	0.01860	0.00655	0.00600
59	0.01022	0.00727	0.00961	0.01144	0.01190	0.00681	0.00758	0.01159	0.01571	0.02095	0.04480	0.66996	0.05370	0.06039	0.01220	0.00361	0.00498	0.02304	0.00758	0.00666
60	0.02056	0.01974	0.03372	0.05099	0.65622	0.01974	0.02550	0.02550	0.01892	0.02714	0.01563	0.02056	0.01316	0.00740	0.00822	0.00247	0.00987	0.00740	0.00411	0.01316
61	0.01908	0.01823	0.03104	0.24469	0.47410	0.01935	0.02476	0.02420	0.01822	0.02534	0.01536	0.02104	0.01253	0.00768	0.00825	0.00256	0.01024	0.00740	0.00398	0.01196
62	0.07019	0.06492	0.02279	0.01859	0.02366	0.27580	0.01461	0.15224	0.21347	0.03193	0.02047	0.02065	0.01573	0.00953	0.00769	0.00242	0.01045	0.00690	0.00635	0.01160
63	0.02625	0.01973	0.02167	0.01668	0.02289	0.02060	0.01361	0.43098	0.03277	0.04494	0.09770	0.02465	0.02178	0.01009	0.00807	0.00226	0.00789	0.00791	0.00774	0.16180
64	0.01460	0.01368	0.01868	0.01633	0.01766	0.01675	0.03880	0.01661	0.01494	0.02060	0.03644	0.04242	0.21523	0.09232	0.06021	0.00437	0.33602	0.01121	0.00514	0.00800

[dist]
# distance from previous block
# <min> <max>
1	4

[block]
# block no. 4 follows, 22 sequences, length 12
# corresponding to MSA columns:
# 433-444
name=unknown_E
#
# <colnr> <probs for GDERKNQSTAVLIFYWHMCP>
#	G	D	E	R	K	N	Q	S	T	A	V	L	I	F	Y	W	H	M	C	P
0	0.01326	0.00992	0.01156	0.01153	0.01362	0.00961	0.00834	0.09662	0.02061	0.02701	0.12346	0.34017	0.20859	0.05181	0.01140	0.00322	0.00529	0.01827	0.00785	0.00788
1	0.02426	0.55665	0.03889	0.01588	0.02233	0.18192	0.01464	0.02680	0.01843	0.01973	0.01185	0.01371	0.01067	0.00744	0.00583	0.00186	0.01030	0.00465	0.00372	0.01042
2	0.02639	0.07596	0.02493	0.02426	0.14262	0.30986	0.01627	0.12521	0.02386	0.02818	0.01637	0.01891	0.01317	0.00862	0.00738	0.00221	0.01112	0.00635	0.10749	0.01084
3	0.01108	0.00771	0.01025	0.01206	0.01290	0.00735	0.00869	0.01313	0.01662	0.02251	0.04430	0.54384	0.05151	0.02443	0.01048	0.00337	0.00531	0.13426	0.05319	0.00698
4	0.01008	0.00843	0.00878	0.00869	0.01138	0.00713	0.00652	0.01244	0.01956	0.02393	0.16186	0.07750	0.57422	0.02048	0.00982	0.00278	0.00417	0.01719	0.00791	0.00713
5	0.01380	0.01158	0.01492	0.07957	0.01940	0.01122	0.01058	0.01734	0.01951	0.02755	0.27801	0.04567	0.14141	0.01384	0.01037	0.00241	0.06951	0.01142	0.00680	0.19508
6	0.01241	0.00986	0.01143	0.01153	0.01409	0.00952	0.00901	0.01811	0.10492	0.02683	0.18857	0.11342	0.28971	0.01953	0.00999	0.00300	0.00516	0.12666	0.00811	0.00813
7	0.02454	0.38531	0.12159	0.01803	0.02485	0.25594	0.01711	0.02798	0.01930	0.02075	0.01246	0.01448	0.01066	0.00772	0.00644	0.00202	0.01149	0.00499	0.00380	0.01052
8	0.01866	0.01978	0.01696	0.01621	0.01868	0.24596	0.01239	0.02134	0.01696	0.01966	0.01891	0.02638	0.01720	0.04325	0.43837	0.00938	0.01967	0.00764	0.00439	0.00820
9	0.01077	0.00779	0.01064	0.01170	0.01266	0.00766	0.00825	0.01298	0.01685	0.02313	0.15601	0.45163	0.05277	0.03134	0.13906	0.00516	0.00802	0.01914	0.00735	0.00708
10	0.02734	0.16617	0.02934	0.02561	0.14426	0.42643	0.01748	0.03011	0.02138	0.02147	0.01312	0.01572	0.01116	0.00806	0.00721	0.00213	0.01283	0.00556	0.00411	0.01050
11	0.02703	0.03120	0.02171	0.01967	0.02411	0.42222	0.01493	0.03741	0.26198	0.02590	0.02094	0.02116	0.01636	0.00961	0.00786	0.00240	0.01174	0.00691	0.00589	0.01099

[dist]
# distance from previous block
# <min> <max>
6	67

[block]
# block no. 5 follows, 22 sequences, length 113
# corresponding to MSA columns:
# 512-624
name=unknown_F
#
# <colnr> <probs for GDERKNQSTAVLIFYWHMCP>
#	G	D	E	R	K	N	Q	S	T	A	V	L	I	F	Y	W	H	M	C	P
0	0.01130	0.00811	0.01054	0.01109	0.01188	0.00835	0.00757	0.01279	0.01403	0.01899	0.03435	0.23555	0.07483	0.26373	0.23056	0.00804	0.01135	0.01475	0.00579	0.00641
1	0.02330	0.02933	0.12117	0.03774	0.36838	0.22614	0.02326	0.02803	0.02018	0.02487	0.01465	0.01837	0.01201	0.00784	0.00795	0.00239	0.01183	0.00657	0.00408	0.01192
2	0.07794	0.03244	0.07372	0.02007	0.02589	0.34638	0.01665	0.24688	0.02806	0.03346	0.01548	0.01688	0.01181	0.00896	0.00767	0.00233	0.01211	0.00613	0.00573	0.01142
3	0.01360	0.06182	0.01743	0.01472	0.01639	0.01436	0.01187	0.01637	0.01351	0.01941	0.01971	0.02899	0.01850	0.05087	0.52583	0.01100	0.12512	0.00832	0.00426	0.00791
4	0.01208	0.00805	0.00906	0.00906	0.00906	0.00805	0.00503	0.01208	0.01208	0.01611	0.02618	0.05436	0.03020	0.70804	0.04228	0.00805	0.00805	0.01208	0.00503	0.00503
5	0.01745	0.06981	0.52546	0.02529	0.03664	0.02022	0.13743	0.02630	0.01788	0.02605	0.01510	0.01823	0.01091	0.00770	0.00812	0.00262	0.01243	0.00672	0.00364	0.01201
6	0.01788	0.16244	0.50776	0.02280	0.03386	0.02187	0.07125	0.02607	0.01757	0.02511	0.01444	0.01713	0.01070	0.00769	0.00757	0.00249	0.01179	0.00610	0.00357	0.01191
7	0.01592	0.01222	0.01639	0.01506	0.01736	0.01434	0.01197	0.12604	0.01794	0.02531	0.02094	0.02921	0.01879	0.04910	0.50382	0.01063	0.07258	0.00852	0.00508	0.00876
8	0.01208	0.00805	0.00906	0.00906	0.00906	0.00805	0.00503	0.01208	0.01208	0.01611	0.02618	0.05436	0.03020	0.70804	0.04228	0.00805	0.00805	0.01208	0.00503	0.00503
9	0.01419	0.01140	0.01306	0.01236	0.01531	0.01169	0.00955	0.02368	0.20996	0.03094	0.30487	0.05855	0.17614	0.01650	0.00952	0.00280	0.00506	0.05661	0.00854	0.00927
10	0.02182	0.02325	0.02357	0.02059	0.02234	0.19867	0.01659	0.06254	0.01742	0.02211	0.01326	0.01902	0.01215	0.01789	0.09200	0.00423	0.39203	0.00695	0.00420	0.00938
11	0.01033	0.00844	0.00913	0.00896	0.01154	0.00723	0.00672	0.01292	0.02015	0.02533	0.23489	0.07520	0.50031	0.01996	0.00981	0.00275	0.00413	0.01687	0.00809	0.00723
12	0.10353	0.03839	0.54146	0.02187	0.03290	0.01971	0.02707	0.07212	0.01880	0.02955	0.01491	0.01726	0.01062	0.00803	0.00761	0.00261	0.01137	0.00605	0.00406	0.01204
13	0.05341	0.02940	0.02510	0.14877	0.15119	0.37562	0.01875	0.02968	0.04850	0.02307	0.01461	0.01802	0.01183	0.00838	0.00773	0.00236	0.01259	0.00626	0.00436	0.01036
14	0.01187	0.00890	0.01335	0.01335	0.01483	0.01038	0.01038	0.01483	0.01335	0.01928	0.02225	0.03264	0.02077	0.06231	0.67512	0.01335	0.02225	0.00890	0.00445	0.00742
15	0.00992	0.00800	0.00884	0.00952	0.01151	0.00692	0.00680	0.01180	0.01787	0.02201	0.07071	0.29815	0.44333	0.02279	0.01009	0.00300	0.00442	0.01966	0.00771	0.00692
16	0.01817	0.01790	0.03004	0.03113	0.22454	0.01806	0.18353	0.02635	0.13120	0.02717	0.03211	0.03418	0.13713	0.01089	0.00980	0.00274	0.03785	0.01034	0.00559	0.01128
17	0.02832	0.03278	0.02636	0.02899	0.19206	0.43909	0.01852	0.08876	0.02382	0.02523	0.01426	0.01693	0.01168	0.00839	0.00776	0.00226	0.01307	0.00610	0.00463	0.01100
18	0.01267	0.01018	0.01378	0.01369	0.01529	0.03813	0.01062	0.01560	0.01378	0.01933	0.02186	0.03190	0.02035	0.06006	0.64723	0.01288	0.02195	0.00875	0.00444	0.00751
19	0.00999	0.00835	0.00870	0.00876	0.01136	0.00706	0.00651	0.01220	0.01912	0.02322	0.12653	0.11491	0.57279	0.02101	0.00986	0.00282	0.00422	0.01769	0.00783	0.00706
20	0.02129	0.01500	0.01424	0.01241	0.01596	0.06575	0.00972	0.18278	0.06417	0.03602	0.02453	0.02681	0.01883	0.00977	0.00677	0.00216	0.00631	0.00759	0.44995	0.00993
21	0.01156	0.00784	0.00921	0.00973	0.00985	0.00771	0.00574	0.01194	0.01310	0.01746	0.03138	0.22650	0.03677	0.52695	0.03387	0.00681	0.00720	0.01514	0.00574	0.00549
22	0.00982	0.00842	0.00842	0.00842	0.01122	0.00701	0.00631	0.01192	0.01894	0.02244	0.08416	0.07995	0.65285	0.02104	0.00982	0.00281	0.00421	0.01753	0.00771	0.00701
23	0.03103	0.03959	0.02354	0.02140	0.02568	0.67469	0.01605	0.03317	0.02354	0.02033	0.01284	0.01498	0.01070	0.00856	0.00749	0.00214	0.01498	0.00535	0.00428	0.00963
24	0.01666	0.04297	0.66500	0.02368	0.03596	0.01929	0.03069	0.02631	0.01754	0.02631	0.01491	0.01754	0.01052	0.00789	0.00789	0.00263	0.01228	0.00614	0.00351	0.01228
25	0.01972	0.12415	0.11432	0.23190	0.03692	0.11641	0.06495	0.02430	0.01725	0.02169	0.01346	0.01849	0.01097	0.00921	0.01143	0.00268	0.14173	0.00666	0.00376	0.01002
26	0.02771	0.29344	0.03108	0.01869	0.02404	0.43276	0.01536	0.03005	0.02103	0.02004	0.01235	0.01436	0.01069	0.00801	0.00668	0.00200	0.01268	0.00501	0.00401	0.01002
27	0.00984	0.00833	0.00851	0.00865	0.01128	0.00699	0.00641	0.01190	0.01871	0.02235	0.08135	0.12547	0.60914	0.02140	0.00988	0.00285	0.00425	0.01798	0.00771	0.00699
28	0.01203	0.00823	0.00996	0.00993	0.01030	0.00849	0.00617	0.01276	0.01283	0.01747	0.05326	0.05060	0.03056	0.55514	0.16057	0.00881	0.01056	0.01161	0.00511	0.00561
29	0.02238	0.33074	0.18140	0.02305	0.11670	0.15028	0.01998	0.02688	0.01859	0.02234	0.01315	0.01565	0.01100	0.00761	0.00675	0.00214	0.01097	0.00543	0.00376	0.01120
30	0.01012	0.00723	0.00964	0.01157	0.01205	0.00675	0.00771	0.01157	0.01591	0.02121	0.04579	0.70262	0.05495	0.02603	0.01060	0.00337	0.00482	0.02362	0.00771	0.00675
31	0.01162	0.00834	0.01137	0.01172	0.01258	0.00902	0.00827	0.01341	0.01343	0.01867	0.02771	0.16065	0.02983	0.25197	0.36238	0.00993	0.01478	0.01253	0.00522	0.00657
32	0.02056	0.01974	0.03372	0.05099	0.65622	0.01974	0.02550	0.02550	0.01892	0.02714	0.01563	0.02056	0.01316	0.00740	0.00822	0.00247	0.00987	0.00740	0.00411	0.01316
33	0.01205	0.00884	0.01307	0.01307	0.01458	0.01025	0.01016	0.01506	0.01355	0.01987	0.02249	0.03255	0.02079	0.05969	0.64186	0.01278	0.02134	0.00884	0.04171	0.00743
34	0.01165	0.00812	0.01040	0.01165	0.01233	0.00793	0.00823	0.01320	0.01539	0.02036	0.03845	0.31907	0.04444	0.26423	0.02193	0.00513	0.00668	0.16768	0.00676	0.00638
35	0.01187	0.00890	0.01335	0.01335	0.01483	0.01038	0.01038	0.01483	0.01335	0.01928	0.02225	0.03264	0.02077	0.06231	0.67512	0.01335	0.02225	0.00890	0.00445	0.00742
36	0.01239	0.00873	0.01255	0.01255	0.01409	0.01000	0.00973	0.01548	0.01394	0.02096	0.02295	0.03240	0.02084	0.05475	0.57900	0.01171	0.01961	0.00873	0.11212	0.00746
37	0.01012	0.00723	0.00964	0.01157	0.01205	0.00675	0.00771	0.01157	0.01591	0.02121	0.04579	0.70262	0.05495	0.02603	0.01060	0.00337	0.00482	0.02362	0.00771	0.00675
38	0.03042	0.03843	0.02414	0.02313	0.06251	0.63644	0.01660	0.03272	0.02327	0.02073	0.01300	0.01531	0.01084	0.00849	0.00753	0.00216	0.01468	0.00547	0.00427	0.00984
39	0.01187	0.00890	0.01335	0.01335	0.01483	0.01038	0.01038	0.01483	0.01335	0.01928	0.02225	0.03264	0.02077	0.06231	0.67512	0.01335	0.02225	0.00890	0.00445	0.00742
40	0.02648	0.01645	0.01941	0.01490	0.02147	0.01530	0.01207	0.13364	0.11261	0.23261	0.02406	0.02315	0.01709	0.00884	0.00754	0.00210	0.00701	0.00708	0.00769	0.29048
41	0.01064	0.00778	0.01019	0.01162	0.01261	0.00706	0.00787	0.01225	0.01600	0.02164	0.04352	0.65251	0.05183	0.02457	0.01028	0.00322	0.00492	0.02225	0.00751	0.06173
42	0.02879	0.06455	0.02655	0.02431	0.11219	0.29091	0.01725	0.24494	0.02768	0.03272	0.01563	0.01758	0.01228	0.00909	0.00862	0.00236	0.04074	0.00643	0.00564	0.01176
43	0.01193	0.01012	0.01715	0.01604	0.01803	0.00947	0.12565	0.01444	0.01661	0.02224	0.04026	0.57288	0.04687	0.02240	0.01045	0.00326	0.00657	0.02098	0.00704	0.00760
44	0.02261	0.25678	0.25549	0.02140	0.06015	0.20447	0.02108	0.02770	0.01905	0.02252	0.01329	0.01563	0.01075	0.00780	0.00697	0.00221	0.01181	0.00544	0.00377	0.01107
45	0.01571	0.01311	0.01427	0.01316	0.01668	0.01400	0.01011	0.02889	0.32853	0.03143	0.20994	0.05094	0.18935	0.01512	0.00914	0.00276	0.00530	0.01283	0.00846	0.01027
46	0.01392	0.01126	0.01490	0.01531	0.01716	0.01245	0.01297	0.01791	0.04443	0.02397	0.04478	0.07493	0.14864	0.02059	0.01390	0.00356	0.13069	0.36361	0.00697	0.00803
47	0.01666	0.04297	0.66500	0.02368	0.03596	0.01929	0.03069	0.02631	0.01754	0.02631	0.01491	0.01754	0.01052	0.00789	0.00789	0.00263	0.01228	0.00614	0.00351	0.01228
48	0.01031	0.00754	0.00973	0.01132	0.01222	0.00696	0.00782	0.01205	0.01673	0.02200	0.07318	0.57096	0.12978	0.02491	0.01052	0.00330	0.00485	0.05120	0.00776	0.00687
49	0.01012	0.00723	0.00964	0.01157	0.01205	0.00675	0.00771	0.01157	0.01591	0.02121	0.04579	0.70262	0.05495	0.02603	0.01060	0.00337	0.00482	0.02362	0.00771	0.00675
50	0.01641	0.01701	0.03480	0.02669	0.03230	0.01600	0.39767	0.02159	0.01855	0.02496	0.02736	0.21532	0.02759	0.01375	0.01018	0.00306	0.01088	0.07072	0.00550	0.00964
51	0.01666	0.04297	0.66500	0.02368	0.03596	0.01929	0.03069	0.02631	0.01754	0.02631	0.01491	0.01754	0.01052	0.00789	0.00789	0.00263	0.01228	0.00614	0.00351	0.01228
52	0.01902	0.01886	0.03419	0.22520	0.37268	0.01962	0.13937	0.02452	0.01841	0.02539	0.01561	0.02136	0.01247	0.00758	0.00855	0.00261	0.01099	0.00785	0.00401	0.01169
53	0.01154	0.00783	0.00922	0.00976	0.00989	0.00769	0.00578	0.01194	0.01314	0.01752	0.03161	0.23413	0.03706	0.51891	0.03350	0.00676	0.00716	0.01528	0.00578	0.00551
54	0.01187	0.00890	0.01335	0.01335	0.01483	0.01038	0.01038	0.01483	0.01335	0.01928	0.02225	0.03264	0.02077	0.06231	0.67512	0.01335	0.02225	0.00890	0.00445	0.00742
55	0.01012	0.00723	0.00964	0.01157	0.01205	0.00675	0.00771	0.01157	0.01591	0.02121	0.04579	0.70262	0.05495	0.02603	0.01060	0.00337	0.00482	0.02362	0.00771	0.00675
56	0.01701	0.01584	0.02200	0.01924	0.01964	0.02158	0.01586	0.01919	0.01327	0.02095	0.01410	0.02148	0.01332	0.02090	0.11787	0.00486	0.53023	0.00755	0.07638	0.00872
57	0.01100	0.00877	0.01006	0.01061	0.01311	0.00783	0.00855	0.01371	0.01920	0.02367	0.09710	0.08337	0.44199	0.02144	0.01032	0.00311	0.00525	0.19592	0.00776	0.00724
58	0.02268	0.63284	0.06726	0.01516	0.02226	0.08276	0.01503	0.02559	0.01743	0.01988	0.01179	0.01363	0.01066	0.00725	0.00560	0.00184	0.00950	0.00458	0.00361	0.01065
59	0.02056	0.01974	0.03372	0.05099	0.65622	0.01974	0.02550	0.02550	0.01892	0.02714	0.01563	0.02056	0.01316	0.00740	0.00822	0.00247	0.00987	0.00740	0.00411	0.01316
60	0.01025	0.00728	0.00960	0.01140	0.01186	0.00683	0.00754	0.01160	0.01566	0.02088	0.04451	0.66047	0.05334	0.07037	0.01266	0.00368	0.00503	0.02287	0.00754	0.00664
61	0.02137	0.61139	0.13781	0.01565	0.02354	0.03081	0.01671	0.02509	0.01698	0.02057	0.01206	0.01397	0.01064	0.00723	0.00572	0.00191	0.00940	0.00470	0.00355	0.01091
62	0.02962	0.03325	0.02278	0.01988	0.02464	0.46420	0.01527	0.17994	0.02707	0.02846	0.01983	0.02097	0.05850	0.00982	0.00787	0.00228	0.01274	0.00677	0.00554	0.01056
63	0.01008	0.00740	0.00946	0.01111	0.01193	0.00679	0.00751	0.01162	0.01634	0.02138	0.05130	0.61320	0.14081	0.02531	0.01049	0.00329	0.00473	0.02274	0.00771	0.00679
64	0.02056	0.01974	0.03372	0.05099	0.65622	0.01974	0.02550	0.02550	0.01892	0.02714	0.01563	0.02056	0.01316	0.00740	0.00822	0.00247	0.00987	0.00740	0.00411	0.01316
65	0.01715	0.01425	0.01570	0.01433	0.01801	0.01570	0.01103	0.03302	0.40376	0.03366	0.24295	0.04381	0.07428	0.01367	0.00897	0.00275	0.00557	0.01168	0.00865	0.01107
66	0.06393	0.01080	0.01328	0.01146	0.01529	0.00974	0.00902	0.02362	0.02200	0.24123	0.27676	0.05205	0.18727	0.01514	0.00905	0.00264	0.00519	0.01276	0.00896	0.00982
67	0.01918	0.02536	0.13748	0.03339	0.04235	0.02076	0.54055	0.02657	0.01931	0.02657	0.01653	0.02171	0.01231	0.00713	0.00953	0.00278	0.01376	0.00928	0.00410	0.01136
68	0.01142	0.00875	0.00905	0.00879	0.01180	0.00732	0.00666	0.01359	0.01922	0.05979	0.08116	0.07693	0.61592	0.02041	0.00973	0.00279	0.00437	0.01700	0.00786	0.00743
69	0.01196	0.00851	0.01139	0.01139	0.01220	0.00932	0.00794	0.01358	0.01277	0.01784	0.02404	0.04255	0.02507	0.35693	0.38638	0.01093	0.01577	0.01035	0.00472	0.00633
70	0.01277	0.01023	0.01509	0.01457	0.01584	0.01255	0.01150	0.01558	0.01326	0.01939	0.02062	0.03056	0.01935	0.05545	0.58208	0.01196	0.11856	0.00867	0.00433	0.00766
71	0.01058	0.00866	0.00948	0.00989	0.01250	0.00756	0.00783	0.01306	0.01898	0.02296	0.07555	0.08290	0.52323	0.02145	0.01017	0.00302	0.00495	0.14238	0.00770	0.00715
72	0.01008	0.00843	0.00878	0.00869	0.01138	0.00713	0.00652	0.01243	0.01956	0.02392	0.16156	0.07751	0.57452	0.02049	0.00982	0.00278	0.00417	0.01719	0.00791	0.00713
73	0.02082	0.02355	0.03761	0.16766	0.04167	0.14467	0.36099	0.02647	0.01965	0.02445	0.01600	0.02125	0.01224	0.00767	0.00890	0.00264	0.01321	0.00837	0.03181	0.01036
74	0.02667	0.02017	0.02210	0.01787	0.02340	0.02258	0.01451	0.42893	0.15022	0.04425	0.02292	0.02388	0.01722	0.01774	0.10410	0.00411	0.01053	0.00805	0.00778	0.01298
75	0.01207	0.00812	0.00937	0.00937	0.00948	0.00822	0.00542	0.01228	0.01217	0.01634	0.02589	0.05278	0.02951	0.66083	0.08855	0.00844	0.00909	0.01185	0.00499	0.00521
76	0.01187	0.00890	0.01335	0.01335	0.01483	0.01038	0.01038	0.01483	0.01335	0.01928	0.02225	0.03264	0.02077	0.06231	0.67512	0.01335	0.02225	0.00890	0.00445	0.00742
77	0.02058	0.02576	0.14843	0.04213	0.43330	0.07126	0.08585	0.02636	0.01910	0.02640	0.01540	0.01976	0.01243	0.00754	0.00827	0.00250	0.01112	0.00725	0.00403	0.01253
78	0.02161	0.02399	0.02391	0.02102	0.02244	0.22258	0.01691	0.02361	0.01608	0.02004	0.01239	0.01834	0.01162	0.01647	0.07214	0.00394	0.43308	0.00681	0.00390	0.00912
79	0.01723	0.01207	0.01325	0.01171	0.01347	0.01273	0.00787	0.17473	0.01920	0.02567	0.02453	0.04528	0.02596	0.52386	0.03332	0.00659	0.00834	0.01087	0.00590	0.00743
80	0.01187	0.00890	0.01335	0.01335	0.01483	0.01038	0.01038	0.01483	0.01335	0.01928	0.02225	0.03264	0.02077	0.06231	0.67512	0.01335	0.02225	0.00890	0.00445	0.00742
81	0.01563	0.01111	0.01427	0.01554	0.05272	0.01114	0.01070	0.11848	0.02054	0.05118	0.03902	0.47718	0.04377	0.02140	0.01005	0.00317	0.00614	0.06152	0.00769	0.00872
82	0.01986	0.01902	0.03246	0.14248	0.57020	0.01955	0.02515	0.02488	0.01859	0.02629	0.01550	0.02079	0.01286	0.00753	0.00824	0.00251	0.01004	0.00740	0.00405	0.01259
83	0.01788	0.12155	0.47746	0.02456	0.03551	0.02127	0.13616	0.02619	0.01783	0.02553	0.01484	0.01790	0.01092	0.00764	0.00792	0.00256	0.01217	0.00659	0.00364	0.01189
84	0.01349	0.01059	0.01301	0.01097	0.01478	0.00888	0.00843	0.01724	0.02118	0.03067	0.40978	0.04798	0.08569	0.01357	0.00858	0.00216	0.00468	0.01177	0.00766	0.25889
85	0.02221	0.71304	0.04353	0.01421	0.02132	0.03287	0.01421	0.02488	0.01688	0.01955	0.01155	0.01333	0.01066	0.00711	0.00533	0.00178	0.00888	0.00444	0.00355	0.01066
86	0.07216	0.02243	0.02136	0.01739	0.02306	0.11681	0.01398	0.32545	0.09912	0.11194	0.02647	0.02574	0.06551	0.01068	0.00814	0.00252	0.00893	0.00810	0.00773	0.01250
87	0.01199	0.00840	0.01083	0.01083	0.01144	0.00901	0.00724	0.01322	0.01260	0.01742	0.02456	0.04541	0.02632	0.44200	0.30301	0.01024	0.01390	0.01077	0.00479	0.00602
88	0.01068	0.00747	0.00947	0.01085	0.01119	0.00712	0.00694	0.01172	0.01481	0.01974	0.04015	0.51625	0.04783	0.22211	0.01971	0.00472	0.00575	0.02030	0.00694	0.00625
89	0.01724	0.01432	0.01532	0.01384	0.01776	0.01547	0.01073	0.07401	0.33848	0.03257	0.14047	0.04786	0.19840	0.01463	0.00901	0.00276	0.00573	0.01226	0.00835	0.01079
90	0.01074	0.00767	0.01026	0.01155	0.01215	0.00763	0.00784	0.01226	0.01487	0.02011	0.03848	0.48173	0.04487	0.13089	0.14190	0.00595	0.00861	0.01915	0.00670	0.00663
91	0.01891	0.01091	0.01361	0.01208	0.01559	0.01019	0.00948	0.02431	0.08499	0.19158	0.30812	0.05475	0.15445	0.01565	0.00937	0.00271	0.00521	0.03921	0.00906	0.00983
92	0.01130	0.00847	0.01047	0.00997	0.01213	0.00764	0.00748	0.01479	0.02243	0.03074	0.51768	0.06628	0.21415	0.01794	0.00980	0.00266	0.00399	0.01562	0.00881	0.00764
93	0.02535	0.47336	0.03642	0.01677	0.02287	0.26129	0.01487	0.02783	0.01925	0.01983	0.01201	0.01392	0.01068	0.00762	0.00610	0.00191	0.01105	0.00477	0.00381	0.01029
94	0.01820	0.22901	0.49245	0.02105	0.03189	0.02306	0.02612	0.02591	0.01736	0.02443	0.01398	0.01637	0.01056	0.00767	0.00718	0.00239	0.01134	0.00567	0.00352	0.01183
95	0.02056	0.01974	0.03372	0.05099	0.65622	0.01974	0.02550	0.02550	0.01892	0.02714	0.01563	0.02056	0.01316	0.00740	0.00822	0.00247	0.00987	0.00740	0.00411	0.01316
96	0.01092	0.00784	0.00946	0.01043	0.01121	0.00739	0.00692	0.01213	0.01532	0.01992	0.04547	0.34736	0.14512	0.25305	0.02112	0.00487	0.00597	0.05243	0.00681	0.00627
97	0.02219	0.02109	0.05525	0.11182	0.36341	0.02104	0.08785	0.15738	0.02310	0.03193	0.01658	0.02069	0.01299	0.00804	0.00841	0.00255	0.01037	0.00763	0.00497	0.01269
98	0.02268	0.02222	0.02725	0.06903	0.34208	0.14392	0.02037	0.03004	0.12229	0.05372	0.02018	0.02526	0.01663	0.00920	0.00829	0.00255	0.01013	0.03685	0.00528	0.01205
99	0.02486	0.01624	0.01885	0.01562	0.02029	0.01760	0.01262	0.27638	0.07829	0.12857	0.02432	0.02641	0.01842	0.02294	0.17180	0.00514	0.01126	0.00814	0.09056	0.01169
100	0.01188	0.00883	0.01301	0.01301	0.01438	0.01020	0.00996	0.01462	0.01325	0.01904	0.02256	0.03434	0.02151	0.11305	0.62539	0.01293	0.02114	0.00915	0.00450	0.00723
101	0.06720	0.03122	0.13982	0.08589	0.03058	0.28795	0.06303	0.03178	0.13315	0.02557	0.01743	0.01950	0.01341	0.00874	0.00785	0.00249	0.01202	0.00670	0.00489	0.01079
102	0.06557	0.25813	0.18827	0.02142	0.02935	0.14905	0.12868	0.02709	0.01864	0.02363	0.01355	0.01630	0.01089	0.00759	0.00715	0.00228	0.01164	0.00599	0.00389	0.01085
103	0.16617	0.17846	0.05026	0.01812	0.06690	0.17521	0.01404	0.05534	0.01906	0.02597	0.01890	0.13924	0.01870	0.01118	0.00722	0.00243	0.00934	0.00857	0.00507	0.00982
104	0.21648	0.05164	0.01637	0.01364	0.01741	0.07053	0.01065	0.13695	0.02168	0.03303	0.11432	0.20481	0.03238	0.01438	0.00808	0.00270	0.00700	0.01173	0.00686	0.00936
105	0.01322	0.01098	0.01544	0.18802	0.02475	0.01229	0.01244	0.01727	0.04835	0.02390	0.16089	0.19886	0.08486	0.08356	0.01401	0.00346	0.05921	0.01409	0.00643	0.00797
