[name]
unknown

[dist]
# distance from previous block
# <min> <max>
0	3

[block]
# block no. 0 follows, 22 sequences, length 14
# corresponding to MSA columns:
# 3-16
name=unknown_A
#
# <colnr> <probs for GDERKNQSTAVLIFYWHMCP>
#	G	D	E	R	K	N	Q	S	T	A	V	L	I	F	Y	W	H	M	C	P
0	0.01339	0.00956	0.01339	0.01530	0.01721	0.00956	0.01339	0.01721	0.01912	0.02486	0.04399	0.09371	0.04781	0.02295	0.01147	0.00382	0.00765	0.60031	0.00765	0.00765
1	0.01960	0.39788	0.33583	0.01867	0.02820	0.02649	0.02197	0.02555	0.01719	0.02273	0.01313	0.01531	0.01060	0.00748	0.00654	0.00218	0.01048	0.00524	0.00353	0.01142
2	0.01569	0.01477	0.02492	0.68808	0.05722	0.01846	0.02307	0.02123	0.01661	0.02123	0.01477	0.02215	0.01107	0.00831	0.00831	0.00277	0.01107	0.00738	0.00369	0.00923
3	0.71378	0.01553	0.01213	0.01089	0.01581	0.01788	0.00892	0.02381	0.01480	0.03700	0.05647	0.01690	0.01386	0.00836	0.00547	0.00257	0.00625	0.00524	0.00542	0.00892
4	0.01569	0.01477	0.02492	0.68808	0.05722	0.01846	0.02307	0.02123	0.01661	0.02123	0.01477	0.02215	0.01107	0.00831	0.00831	0.00277	0.01107	0.00738	0.00369	0.00923
5	0.02411	0.02022	0.02199	0.01967	0.07507	0.05185	0.01448	0.23529	0.21921	0.03772	0.02243	0.02260	0.01698	0.00926	0.00784	0.00230	0.00803	0.00741	0.00707	0.17648
6	0.03240	0.03402	0.02261	0.01995	0.02470	0.52973	0.01521	0.03477	0.02359	0.16074	0.01720	0.01789	0.01286	0.00894	0.00768	0.00223	0.01325	0.00601	0.00559	0.01062
7	0.47823	0.01362	0.01299	0.01194	0.01596	0.01557	0.00964	0.02223	0.01444	0.06770	0.01628	0.02059	0.01351	0.02566	0.22377	0.00609	0.01162	0.00616	0.00521	0.00878
8	0.01569	0.01477	0.02492	0.68808	0.05722	0.01846	0.02307	0.02123	0.01661	0.02123	0.01477	0.02215	0.01107	0.00831	0.00831	0.00277	0.01107	0.00738	0.00369	0.00923
9	0.01569	0.01477	0.02492	0.68808	0.05722	0.01846	0.02307	0.02123	0.01661	0.02123	0.01477	0.02215	0.01107	0.00831	0.00831	0.00277	0.01107	0.00738	0.00369	0.00923
10	0.03017	0.03796	0.02438	0.02384	0.07762	0.62074	0.01683	0.03254	0.02316	0.02089	0.01307	0.01544	0.01090	0.00847	0.00755	0.00217	0.01456	0.00552	0.00427	0.00992
11	0.03103	0.03959	0.02354	0.02140	0.02568	0.67469	0.01605	0.03317	0.02354	0.02033	0.01284	0.01498	0.01070	0.00856	0.00749	0.00214	0.01498	0.00535	0.00428	0.00963
12	0.02081	0.54451	0.19984	0.01659	0.02500	0.02946	0.01836	0.02524	0.01705	0.02125	0.01239	0.01439	0.01063	0.00730	0.00597	0.00199	0.00974	0.00487	0.00354	0.01107
13	0.01728	0.01681	0.01463	0.01390	0.01636	0.17626	0.01029	0.05101	0.02266	0.02839	0.32569	0.18820	0.05289	0.01648	0.00932	0.00265	0.00717	0.01408	0.00756	0.00838

[dist]
# distance from previous block
# <min> <max>
0	1

[block]
# block no. 1 follows, 22 sequences, length 83
# corresponding to MSA columns:
# 18-100
name=unknown_B
#
# <colnr> <probs for GDERKNQSTAVLIFYWHMCP>
#	G	D	E	R	K	N	Q	S	T	A	V	L	I	F	Y	W	H	M	C	P
0	0.03119	0.03480	0.02395	0.02073	0.02571	0.48403	0.01597	0.20810	0.02810	0.02974	0.01493	0.01644	0.01171	0.00898	0.00773	0.00224	0.01327	0.00598	0.00546	0.01095
1	0.02681	0.02043	0.01845	0.01596	0.02081	0.17466	0.01246	0.03516	0.19270	0.23169	0.03641	0.03403	0.12028	0.01185	0.00840	0.00257	0.00840	0.00937	0.00791	0.01164
2	0.01232	0.00825	0.01138	0.05765	0.01451	0.00850	0.00833	0.01292	0.01423	0.01925	0.08238	0.20797	0.03467	0.19452	0.09931	0.18031	0.00851	0.01345	0.00559	0.00595
3	0.01569	0.01477	0.02492	0.68808	0.05722	0.01846	0.02307	0.02123	0.01661	0.02123	0.01477	0.02215	0.01107	0.00831	0.00831	0.00277	0.01107	0.00738	0.00369	0.00923
4	0.01790	0.19287	0.52597	0.02156	0.03268	0.02233	0.02701	0.02599	0.01739	0.02480	0.01416	0.01660	0.01055	0.00772	0.00732	0.00244	0.01152	0.00576	0.00352	0.01192
5	0.76672	0.01607	0.01221	0.01092	0.01607	0.01864	0.00900	0.02442	0.01414	0.03727	0.01157	0.01350	0.00900	0.00771	0.00514	0.00257	0.00643	0.00450	0.00514	0.00900
6	0.03103	0.03959	0.02354	0.02140	0.02568	0.67469	0.01605	0.03317	0.02354	0.02033	0.01284	0.01498	0.01070	0.00856	0.00749	0.00214	0.01498	0.00535	0.00428	0.00963
7	0.01510	0.01186	0.01258	0.01115	0.01474	0.01146	0.00870	0.15514	0.02418	0.03076	0.14184	0.06377	0.43157	0.01796	0.00947	0.00271	0.00531	0.01488	0.00804	0.00877
8	0.01943	0.01859	0.03168	0.19848	0.51755	0.01944	0.02493	0.02451	0.01838	0.02577	0.01543	0.02093	0.01268	0.00761	0.00824	0.00254	0.01015	0.00740	0.00401	0.01225
9	0.03103	0.03959	0.02354	0.02140	0.02568	0.67469	0.01605	0.03317	0.02354	0.02033	0.01284	0.01498	0.01070	0.00856	0.00749	0.00214	0.01498	0.00535	0.00428	0.00963
10	0.01827	0.23741	0.48466	0.02093	0.03171	0.02323	0.02591	0.02589	0.01735	0.02435	0.01393	0.01632	0.01056	0.00766	0.00715	0.00238	0.01129	0.00565	0.00352	0.01181
11	0.02770	0.02769	0.02180	0.01881	0.02372	0.29006	0.01463	0.20395	0.17763	0.03359	0.02084	0.02128	0.01589	0.00969	0.00785	0.00239	0.01059	0.00709	0.05317	0.01164
12	0.20289	0.01578	0.01651	0.01396	0.01860	0.01687	0.01111	0.20081	0.06743	0.06660	0.14707	0.09507	0.03062	0.01230	0.00796	0.00258	0.00659	0.00988	0.00757	0.04980
13	0.02221	0.71304	0.04353	0.01421	0.02132	0.03287	0.01421	0.02488	0.01688	0.01955	0.01155	0.01333	0.01066	0.00711	0.00533	0.00178	0.00888	0.00444	0.00355	0.01066
14	0.02268	0.36743	0.21485	0.01856	0.02647	0.17761	0.01931	0.02720	0.01861	0.02164	0.01280	0.01490	0.01063	0.00767	0.00656	0.00210	0.01126	0.00513	0.00371	0.01088
15	0.02269	0.02569	0.02478	0.02167	0.02317	0.25336	0.01743	0.02462	0.01652	0.02011	0.01158	0.01705	0.01083	0.01244	0.02032	0.00311	0.45488	0.00660	0.00386	0.00928
16	0.01943	0.02189	0.04613	0.03339	0.04077	0.02155	0.55149	0.02580	0.01876	0.02580	0.01608	0.02189	0.01240	0.00793	0.01195	0.00290	0.09727	0.00949	0.00413	0.01094
17	0.01208	0.00805	0.00906	0.00906	0.00906	0.00805	0.00503	0.01208	0.01208	0.01611	0.02618	0.05436	0.03020	0.70804	0.04228	0.00805	0.00805	0.01208	0.00503	0.00503
18	0.01443	0.00722	0.01082	0.01082	0.01082	0.00722	0.00722	0.01082	0.01082	0.01443	0.01443	0.02525	0.01443	0.02886	0.03247	0.75830	0.00722	0.00722	0.00361	0.00361
19	0.02585	0.01905	0.02069	0.01733	0.02281	0.02123	0.01384	0.21940	0.38942	0.11194	0.02952	0.02736	0.02143	0.01077	0.00840	0.00269	0.00740	0.00870	0.00862	0.01356
20	0.03107	0.03858	0.02363	0.02126	0.02569	0.63425	0.01604	0.07027	0.02451	0.02233	0.01328	0.01529	0.01091	0.00865	0.00754	0.00216	0.01462	0.00548	0.00453	0.00991
21	0.00983	0.00836	0.00848	0.00857	0.01126	0.00700	0.00638	0.01190	0.01878	0.02238	0.08223	0.11117	0.62287	0.02129	0.00986	0.00283	0.00424	0.01784	0.00771	0.00700
22	0.02029	0.48111	0.25864	0.01749	0.02639	0.02817	0.01992	0.02537	0.01711	0.02189	0.01271	0.01478	0.01061	0.00738	0.00622	0.00207	0.01006	0.00503	0.00354	0.01122
23	0.03106	0.03874	0.02361	0.02128	0.02569	0.64074	0.01604	0.06432	0.02435	0.02201	0.01321	0.01524	0.01088	0.00863	0.00753	0.00216	0.01468	0.00546	0.00449	0.00987
24	0.01773	0.01913	0.04035	0.02975	0.03647	0.01843	0.47647	0.02375	0.01809	0.02483	0.01813	0.02489	0.01459	0.02044	0.17144	0.00536	0.01601	0.00958	0.00426	0.01028
25	0.01187	0.00890	0.01335	0.01335	0.01483	0.01038	0.01038	0.01483	0.01335	0.01928	0.02225	0.03264	0.02077	0.06231	0.67512	0.01335	0.02225	0.00890	0.00445	0.00742
26	0.01208	0.00805	0.00906	0.00906	0.00906	0.00805	0.00503	0.01208	0.01208	0.01611	0.02618	0.05436	0.03020	0.70804	0.04228	0.00805	0.00805	0.01208	0.00503	0.00503
27	0.02767	0.01950	0.02076	0.01635	0.02185	0.02138	0.01336	0.48052	0.03380	0.04716	0.02168	0.02262	0.01587	0.00990	0.00770	0.00236	0.00786	0.00754	0.18952	0.01258
28	0.03103	0.03959	0.02354	0.02140	0.02568	0.67469	0.01605	0.03317	0.02354	0.02033	0.01284	0.01498	0.01070	0.00856	0.00749	0.00214	0.01498	0.00535	0.00428	0.00963
29	0.01207	0.00811	0.00936	0.00936	0.00946	0.00822	0.00540	0.01227	0.01217	0.01633	0.02590	0.05286	0.02955	0.66341	0.08603	0.00842	0.00904	0.01186	0.00499	0.00520
30	0.02221	0.71304	0.04353	0.01421	0.02132	0.03287	0.01421	0.02488	0.01688	0.01955	0.01155	0.01333	0.01066	0.00711	0.00533	0.00178	0.00888	0.00444	0.00355	0.01066
31	0.02027	0.01945	0.03320	0.08838	0.62107	0.01966	0.02535	0.02524	0.01878	0.02679	0.01558	0.02065	0.01304	0.00745	0.00823	0.00248	0.00994	0.00740	0.00409	0.01293
32	0.01955	0.01683	0.02492	0.52555	0.04957	0.02023	0.02130	0.16877	0.02207	0.02879	0.01602	0.02161	0.01182	0.00871	0.00831	0.00270	0.01060	0.00741	0.00481	0.01042
33	0.00994	0.00795	0.00890	0.00966	0.01155	0.00691	0.00686	0.01178	0.01774	0.02196	0.06904	0.32535	0.41721	0.02300	0.01013	0.00303	0.00445	0.01993	0.00771	0.00691
34	0.00982	0.00842	0.00842	0.00842	0.01122	0.00701	0.00631	0.01192	0.01894	0.02244	0.08416	0.07995	0.65285	0.02104	0.00982	0.00281	0.00421	0.01753	0.00771	0.00701
35	0.02940	0.02219	0.02371	0.01867	0.02493	0.02475	0.01526	0.51208	0.15905	0.04885	0.02271	0.02215	0.01637	0.01023	0.00834	0.00256	0.00863	0.00786	0.00834	0.01393
36	0.03418	0.01483	0.01919	0.01518	0.02128	0.01379	0.01239	0.04117	0.13887	0.54506	0.03297	0.02878	0.02146	0.01047	0.00837	0.00262	0.00698	0.00855	0.00994	0.01395
37	0.01208	0.00805	0.00906	0.00906	0.00906	0.00805	0.00503	0.01208	0.01208	0.01611	0.02618	0.05436	0.03020	0.70804	0.04228	0.00805	0.00805	0.01208	0.00503	0.00503
38	0.01666	0.04297	0.66500	0.02368	0.03596	0.01929	0.03069	0.02631	0.01754	0.02631	0.01491	0.01754	0.01052	0.00789	0.00789	0.00263	0.01228	0.00614	0.00351	0.01228
39	0.02435	0.54943	0.03868	0.01596	0.02238	0.18880	0.01466	0.02689	0.01850	0.01974	0.01186	0.01373	0.01067	0.00746	0.00586	0.00187	0.01037	0.00466	0.00373	0.01041
40	0.01818	0.01818	0.02545	0.02181	0.02181	0.02545	0.01818	0.01999	0.01272	0.01999	0.01091	0.01818	0.01091	0.01454	0.02726	0.00364	0.69284	0.00727	0.00364	0.00909
41	0.00982	0.00842	0.00842	0.00842	0.01122	0.00701	0.00631	0.01192	0.01894	0.02244	0.08416	0.07995	0.65285	0.02104	0.00982	0.00281	0.00421	0.01753	0.00771	0.00701
42	0.02000	0.01917	0.03271	0.12402	0.58756	0.01959	0.02522	0.02501	0.01865	0.02646	0.01553	0.02074	0.01292	0.00751	0.00823	0.00250	0.01001	0.00740	0.00406	0.01271
43	0.01549	0.00774	0.00774	0.00774	0.00968	0.00774	0.00581	0.01936	0.01742	0.03097	0.02710	0.03097	0.02129	0.00968	0.00581	0.00194	0.00387	0.00774	0.75416	0.00774
44	0.02066	0.01785	0.01878	0.01691	0.02160	0.02066	0.01315	0.04414	0.64121	0.03475	0.03381	0.03099	0.02536	0.01127	0.00845	0.00282	0.00657	0.00939	0.00845	0.01315
45	0.02221	0.71304	0.04353	0.01421	0.02132	0.03287	0.01421	0.02488	0.01688	0.01955	0.01155	0.01333	0.01066	0.00711	0.00533	0.00178	0.00888	0.00444	0.00355	0.01066
46	0.01187	0.00890	0.01335	0.01335	0.01483	0.01038	0.01038	0.01483	0.01335	0.01928	0.02225	0.03264	0.02077	0.06231	0.67512	0.01335	0.02225	0.00890	0.00445	0.00742
47	0.00982	0.00842	0.00842	0.00842	0.01122	0.00701	0.00631	0.01192	0.01894	0.02244	0.08416	0.07995	0.65285	0.02104	0.00982	0.00281	0.00421	0.01753	0.00771	0.00701
48	0.01549	0.00774	0.00774	0.00774	0.00968	0.00774	0.00581	0.01936	0.01742	0.03097	0.02710	0.03097	0.02129	0.00968	0.00581	0.00194	0.00387	0.00774	0.75416	0.00774
49	0.02978	0.07948	0.02555	0.02290	0.06900	0.56124	0.01658	0.05798	0.02348	0.02214	0.01326	0.01548	0.01102	0.00845	0.00744	0.00216	0.01399	0.00553	0.00440	0.01013
50	0.02056	0.01974	0.03372	0.05099	0.65622	0.01974	0.02550	0.02550	0.01892	0.02714	0.01563	0.02056	0.01316	0.00740	0.00822	0.00247	0.00987	0.00740	0.00411	0.01316
51	0.00982	0.00842	0.00842	0.00842	0.01122	0.00701	0.00631	0.01192	0.01894	0.02244	0.08416	0.07995	0.65285	0.02104	0.00982	0.00281	0.00421	0.01753	0.00771	0.00701
52	0.02056	0.01974	0.03372	0.05099	0.65622	0.01974	0.02550	0.02550	0.01892	0.02714	0.01563	0.02056	0.01316	0.00740	0.00822	0.00247	0.00987	0.00740	0.00411	0.01316
53	0.02667	0.03133	0.02778	0.03372	0.28816	0.40206	0.01998	0.02998	0.02162	0.02317	0.01400	0.01730	0.01172	0.00808	0.00780	0.00228	0.01285	0.00620	0.00421	0.01110
54	0.01922	0.01947	0.05720	0.20466	0.48552	0.01941	0.02512	0.02449	0.01830	0.02567	0.01539	0.02082	0.01255	0.00764	0.00823	0.00255	0.01026	0.00735	0.00399	0.01217
55	0.02056	0.01974	0.03372	0.05099	0.65622	0.01974	0.02550	0.02550	0.01892	0.02714	0.01563	0.02056	0.01316	0.00740	0.00822	0.00247	0.00987	0.00740	0.00411	0.01316
56	0.00982	0.00842	0.00842	0.00842	0.01122	0.00701	0.00631	0.01192	0.01894	0.02244	0.08416	0.07995	0.65285	0.02104	0.00982	0.00281	0.00421	0.01753	0.00771	0.00701
57	0.02861	0.03500	0.02590	0.02825	0.17165	0.52307	0.01824	0.03140	0.02247	0.02191	0.01349	0.01627	0.01127	0.00829	0.00766	0.00222	0.01380	0.00583	0.00424	0.01045
58	0.02056	0.01974	0.03372	0.05099	0.65622	0.01974	0.02550	0.02550	0.01892	0.02714	0.01563	0.02056	0.01316	0.00740	0.00822	0.00247	0.00987	0.00740	0.00411	0.01316
59	0.01966	0.02512	0.17986	0.04467	0.51263	0.01964	0.02670	0.02568	0.01860	0.02695	0.01546	0.01986	0.01255	0.00752	0.00815	0.00251	0.01043	0.00711	0.00397	0.01295
60	0.00997	0.00784	0.00901	0.00995	0.01162	0.00688	0.00699	0.01175	0.01746	0.02184	0.06553	0.38219	0.36263	0.02346	0.01020	0.00308	0.00450	0.02049	0.00771	0.00688
61	0.01191	0.00798	0.00911	0.00928	0.00932	0.00794	0.00527	0.01204	0.01241	0.01655	0.02788	0.11056	0.03235	0.64892	0.03954	0.00765	0.00777	0.01308	0.00527	0.00518
62	0.01961	0.02365	0.10637	0.03886	0.23390	0.02044	0.37859	0.02623	0.01918	0.02675	0.01625	0.02134	0.01257	0.00722	0.00912	0.00268	0.01254	0.00868	0.00410	0.01192
63	0.03106	0.03864	0.02362	0.02127	0.02569	0.63661	0.01604	0.06811	0.02445	0.02221	0.01326	0.01527	0.01090	0.00864	0.00754	0.00216	0.01464	0.00548	0.00452	0.00989
64	0.00995	0.00842	0.00860	0.00856	0.01130	0.00707	0.00642	0.01218	0.01925	0.02319	0.12340	0.07871	0.61314	0.02076	0.00982	0.00279	0.00419	0.01736	0.00781	0.00707
65	0.02861	0.03500	0.02590	0.02825	0.17165	0.52307	0.01824	0.03140	0.02247	0.02191	0.01349	0.01627	0.01127	0.00829	0.00766	0.00222	0.01380	0.00583	0.00424	0.01045
66	0.01549	0.00774	0.00774	0.00774	0.00968	0.00774	0.00581	0.01936	0.01742	0.03097	0.02710	0.03097	0.02129	0.00968	0.00581	0.00194	0.00387	0.00774	0.75416	0.00774
67	0.01366	0.01203	0.02161	0.01837	0.02145	0.01284	0.15291	0.01756	0.01480	0.02098	0.02099	0.03027	0.01888	0.04950	0.52110	0.01091	0.02034	0.00911	0.00439	0.00829
68	0.02078	0.02073	0.06804	0.03737	0.39420	0.02024	0.02157	0.05489	0.21455	0.03046	0.02145	0.02362	0.01685	0.00874	0.00828	0.00259	0.00896	0.00795	0.00560	0.01314
69	0.03158	0.02327	0.02493	0.01911	0.02576	0.02576	0.01579	0.62852	0.03906	0.05236	0.01995	0.01995	0.01413	0.00997	0.00831	0.00249	0.00914	0.00748	0.00831	0.01413
70	0.03094	0.02295	0.02457	0.01898	0.02552	0.02546	0.01563	0.59423	0.07440	0.05132	0.02076	0.02059	0.01479	0.01005	0.00832	0.00251	0.00899	0.00759	0.00832	0.01407
71	0.01176	0.00849	0.01110	0.01045	0.01241	0.00784	0.00784	0.01568	0.02352	0.03331	0.65184	0.06206	0.07839	0.01698	0.00980	0.00261	0.00392	0.01502	0.00914	0.00784
72	0.02056	0.01974	0.03372	0.05099	0.65622	0.01974	0.02550	0.02550	0.01892	0.02714	0.01563	0.02056	0.01316	0.00740	0.00822	0.00247	0.00987	0.00740	0.00411	0.01316
73	0.00982	0.00842	0.00842	0.00842	0.01122	0.00701	0.00631	0.01192	0.01894	0.02244	0.08416	0.07995	0.65285	0.02104	0.00982	0.00281	0.00421	0.01753	0.00771	0.00701
74	0.02056	0.01974	0.03372	0.05099	0.65622	0.01974	0.02550	0.02550	0.01892	0.02714	0.01563	0.02056	0.01316	0.00740	0.00822	0.00247	0.00987	0.00740	0.00411	0.01316
75	0.01010	0.00731	0.00955	0.01135	0.01199	0.00677	0.00761	0.01159	0.01611	0.02129	0.04844	0.65958	0.09627	0.02568	0.01055	0.00333	0.00478	0.02320	0.00771	0.00677
76	0.03103	0.03959	0.02354	0.02140	0.02568	0.67469	0.01605	0.03317	0.02354	0.02033	0.01284	0.01498	0.01070	0.00856	0.00749	0.00214	0.01498	0.00535	0.00428	0.00963
77	0.19922	0.01479	0.01918	0.04350	0.06515	0.01407	0.08121	0.02182	0.01762	0.06546	0.03140	0.03251	0.16032	0.01049	0.00753	0.00233	0.00718	0.00877	0.00575	0.19171
78	0.03065	0.03616	0.02421	0.02237	0.05393	0.54418	0.01643	0.12566	0.02575	0.02563	0.01407	0.01601	0.01135	0.00873	0.00765	0.00221	0.01384	0.00577	0.00490	0.01049
79	0.01929	0.36089	0.37014	0.01919	0.02901	0.02574	0.02288	0.02563	0.01723	0.02310	0.01331	0.01554	0.01059	0.00752	0.00668	0.00223	0.01067	0.00533	0.00353	0.01151
80	0.01913	0.02016	0.07526	0.20094	0.47059	0.01940	0.02528	0.02453	0.01827	0.02567	0.01537	0.02073	0.01248	0.00765	0.00822	0.00255	0.01032	0.00731	0.00397	0.01216
81	0.02863	0.03429	0.02596	0.02815	0.17165	0.49489	0.01823	0.05725	0.02315	0.02330	0.01379	0.01649	0.01142	0.00835	0.00770	0.00223	0.01354	0.00592	0.00442	0.01064
82	0.06774	0.08044	0.17857	0.01934	0.02571	0.29675	0.01801	0.08235	0.02177	0.02581	0.01961	0.06210	0.04722	0.01012	0.00769	0.00240	0.01167	0.00740	0.00485	0.01040

[dist]
# distance from previous block
# <min> <max>
4	11

[block]
# block no. 2 follows, 22 sequences, length 9
# corresponding to MSA columns:
# 112-120
name=unknown_C
#
# <colnr> <probs for GDERKNQSTAVLIFYWHMCP>
#	G	D	E	R	K	N	Q	S	T	A	V	L	I	F	Y	W	H	M	C	P
0	0.02478	0.27437	0.07713	0.02347	0.09586	0.27371	0.07126	0.02835	0.01992	0.02176	0.01318	0.01584	0.01111	0.00774	0.00704	0.00214	0.01199	0.00570	0.00395	0.01070
1	0.01342	0.01570	0.14159	0.01547	0.01922	0.01177	0.01480	0.01797	0.01582	0.02278	0.02629	0.04405	0.02521	0.03868	0.34078	0.00820	0.01558	0.14876	0.05545	0.00845
2	0.01549	0.02021	0.15272	0.07503	0.03061	0.01519	0.20266	0.02104	0.01823	0.02440	0.03231	0.04639	0.11514	0.06283	0.01197	0.00335	0.01029	0.12736	0.00529	0.00949
3	0.02270	0.01997	0.01882	0.01648	0.02017	0.14652	0.01272	0.24289	0.02496	0.03155	0.02249	0.10022	0.02094	0.08550	0.16979	0.00559	0.01284	0.00958	0.00624	0.01003
4	0.16794	0.07684	0.08706	0.05340	0.03269	0.09133	0.26834	0.02596	0.01789	0.02672	0.01423	0.01841	0.01117	0.00805	0.00946	0.00266	0.06597	0.00726	0.00422	0.01040
5	0.02897	0.03567	0.02555	0.02724	0.15012	0.54543	0.01792	0.03166	0.02263	0.02168	0.01339	0.01608	0.01119	0.00833	0.00764	0.00220	0.01397	0.00576	0.00425	0.01033
6	0.02379	0.02347	0.02568	0.03033	0.25493	0.18475	0.01842	0.14449	0.02304	0.02896	0.01699	0.02124	0.01412	0.01826	0.13023	0.00438	0.01329	0.00717	0.00505	0.01141
7	0.02072	0.02801	0.15293	0.02313	0.02891	0.20599	0.13951	0.02568	0.01967	0.02381	0.02128	0.03591	0.01987	0.01201	0.01055	0.00289	0.06645	0.14787	0.00486	0.00995
8	0.01814	0.01574	0.02107	0.02721	0.25857	0.05044	0.01505	0.08570	0.01890	0.02536	0.02405	0.14457	0.02506	0.21236	0.01839	0.00421	0.00870	0.01137	0.00545	0.00966

[dist]
# distance from previous block
# <min> <max>
23	118

[block]
# block no. 3 follows, 22 sequences, length 11
# corresponding to MSA columns:
# 239-249
name=unknown_D
#
# <colnr> <probs for GDERKNQSTAVLIFYWHMCP>
#	G	D	E	R	K	N	Q	S	T	A	V	L	I	F	Y	W	H	M	C	P
0	0.02219	0.13033	0.12023	0.09840	0.07813	0.24959	0.01905	0.02639	0.01980	0.02246	0.01842	0.02908	0.01689	0.01045	0.00802	0.00253	0.01165	0.10176	0.00452	0.01008
1	0.01156	0.00998	0.01249	0.06058	0.07874	0.00922	0.00986	0.01431	0.01881	0.02331	0.09103	0.10019	0.46276	0.01898	0.00968	0.00284	0.00544	0.04525	0.00713	0.00783
2	0.02368	0.03044	0.12879	0.03619	0.33485	0.25277	0.02295	0.02836	0.02035	0.02459	0.01452	0.01810	0.01187	0.00789	0.00791	0.00238	0.01207	0.00647	0.00408	0.01177
3	0.08146	0.09311	0.02905	0.06433	0.28388	0.19749	0.01973	0.02668	0.01888	0.02438	0.01366	0.01764	0.01161	0.00844	0.00933	0.00245	0.07640	0.00632	0.00412	0.01106
4	0.01624	0.03099	0.39620	0.02027	0.02845	0.05660	0.02337	0.02329	0.01846	0.02531	0.02689	0.04344	0.05245	0.01313	0.00905	0.00297	0.01066	0.18675	0.00501	0.01046
5	0.01971	0.03071	0.26399	0.02395	0.07326	0.14543	0.08643	0.02764	0.08107	0.02570	0.02366	0.03016	0.05570	0.01046	0.00856	0.00268	0.01132	0.06362	0.00492	0.01103
6	0.02420	0.02638	0.02030	0.01992	0.07093	0.32983	0.01407	0.11866	0.02395	0.02632	0.03097	0.09668	0.13780	0.01279	0.00843	0.00247	0.01062	0.00997	0.00588	0.00982
7	0.04022	0.00841	0.00924	0.00967	0.01172	0.00758	0.00703	0.01248	0.01724	0.02201	0.06404	0.20333	0.40421	0.04923	0.01285	0.06012	0.00495	0.04176	0.00720	0.00673
8	0.02422	0.22800	0.02634	0.01657	0.02095	0.29196	0.01324	0.07097	0.02048	0.02190	0.01712	0.06285	0.01673	0.12043	0.01264	0.00308	0.01104	0.00742	0.00470	0.00937
9	0.15707	0.10298	0.02494	0.01819	0.02208	0.08567	0.04513	0.02743	0.04242	0.13236	0.01621	0.01889	0.01282	0.01061	0.01391	0.00282	0.24408	0.00664	0.00530	0.01044
10	0.01509	0.01103	0.01320	0.01299	0.01525	0.01127	0.01012	0.11328	0.02008	0.02628	0.04122	0.11397	0.13520	0.17416	0.06742	0.00506	0.00830	0.19120	0.00696	0.00793

[dist]
# distance from previous block
# <min> <max>
4	32

[block]
# block no. 4 follows, 22 sequences, length 39
# corresponding to MSA columns:
# 282-320
name=unknown_E
#
# <colnr> <probs for GDERKNQSTAVLIFYWHMCP>
#	G	D	E	R	K	N	Q	S	T	A	V	L	I	F	Y	W	H	M	C	P
0	0.01726	0.01831	0.05154	0.22748	0.03172	0.08238	0.01731	0.04697	0.01770	0.02266	0.02821	0.05900	0.13453	0.01319	0.01364	0.00295	0.19154	0.00969	0.00486	0.00907
1	0.01957	0.30568	0.26909	0.02289	0.06021	0.02522	0.11588	0.02553	0.01750	0.02348	0.01376	0.01678	0.01104	0.00764	0.00784	0.00234	0.03437	0.00613	0.00367	0.01140
2	0.02356	0.02642	0.02102	0.02094	0.07656	0.35064	0.01481	0.05448	0.02041	0.02240	0.01645	0.02133	0.01430	0.02526	0.21667	0.00566	0.01616	0.00672	0.00454	0.04166
3	0.02064	0.01514	0.05251	0.01348	0.01908	0.01232	0.01133	0.08920	0.02233	0.14526	0.19495	0.03343	0.03287	0.03926	0.00937	0.00235	0.00645	0.00897	0.00735	0.26370
4	0.01434	0.01181	0.01514	0.01376	0.01735	0.01113	0.04016	0.02080	0.11799	0.02712	0.12232	0.17286	0.11404	0.01657	0.00929	0.00274	0.00605	0.10439	0.00730	0.15483
5	0.02007	0.01626	0.01765	0.01611	0.02031	0.03944	0.01317	0.16067	0.21078	0.03364	0.03673	0.05127	0.08310	0.01517	0.00935	0.00297	0.00755	0.19444	0.00781	0.04351
6	0.04988	0.00851	0.00940	0.00943	0.01019	0.00871	0.00603	0.01435	0.01352	0.02034	0.02627	0.04902	0.02795	0.48587	0.06417	0.00677	0.00793	0.03869	0.13703	0.00595
7	0.07753	0.31711	0.20115	0.17476	0.03321	0.02478	0.02025	0.02436	0.01678	0.02312	0.01320	0.01653	0.01059	0.00764	0.00669	0.00230	0.01010	0.00559	0.00370	0.01062
8	0.02324	0.23963	0.16832	0.02110	0.02860	0.22854	0.09803	0.02783	0.01948	0.02247	0.01349	0.01609	0.01097	0.00767	0.00717	0.00218	0.01206	0.00581	0.00392	0.04338
9	0.01734	0.02497	0.22785	0.30412	0.21588	0.01907	0.02613	0.02400	0.01754	0.02445	0.01505	0.02027	0.01148	0.00793	0.00815	0.00264	0.01112	0.00700	0.00375	0.01127
10	0.02296	0.01801	0.02857	0.07140	0.42730	0.01775	0.02109	0.02867	0.05786	0.13731	0.01961	0.02236	0.01502	0.00809	0.00810	0.00242	0.00895	0.00749	0.00549	0.07154
11	0.02654	0.01841	0.01955	0.01555	0.02072	0.02012	0.01266	0.43770	0.03228	0.04566	0.02219	0.02340	0.01637	0.00988	0.00753	0.00232	0.00749	0.00756	0.24194	0.01213
12	0.01053	0.00830	0.00862	0.00862	0.01054	0.00734	0.00591	0.01197	0.01679	0.02046	0.06599	0.07194	0.45781	0.23624	0.01999	0.00445	0.00541	0.01583	0.00687	0.00639
13	0.00988	0.00819	0.00865	0.00901	0.01138	0.00696	0.00658	0.01186	0.01836	0.02221	0.07689	0.19795	0.53954	0.02198	0.00997	0.00291	0.00432	0.01869	0.00771	0.00696
14	0.01885	0.30696	0.42016	0.01995	0.03019	0.02464	0.02420	0.02574	0.01728	0.02364	0.01359	0.01588	0.01058	0.00758	0.00688	0.00229	0.01094	0.00547	0.00353	0.01164
15	0.07199	0.00861	0.00900	0.00890	0.00975	0.00881	0.00553	0.01476	0.01350	0.02126	0.02525	0.04567	0.02645	0.48913	0.03081	0.00619	0.00694	0.01047	0.18102	0.00598
16	0.01339	0.00956	0.01339	0.01530	0.01721	0.00956	0.01339	0.01721	0.01912	0.02486	0.04399	0.09371	0.04781	0.02295	0.01147	0.00382	0.00765	0.60031	0.00765	0.00765
17	0.01723	0.01477	0.01723	0.01230	0.01969	0.01107	0.00984	0.02092	0.01723	0.02707	0.01477	0.01723	0.01230	0.00615	0.00615	0.00123	0.00615	0.00492	0.00492	0.75883
18	0.01288	0.00917	0.01266	0.01448	0.01611	0.00910	0.01220	0.01619	0.01834	0.02393	0.04335	0.17490	0.04792	0.05709	0.01287	0.00397	0.00728	0.49262	0.00753	0.00740
19	0.03727	0.01414	0.01928	0.01478	0.02121	0.01221	0.01221	0.04049	0.02378	0.66198	0.03277	0.02828	0.02056	0.01028	0.00835	0.00257	0.00707	0.00835	0.01028	0.01414
20	0.25300	0.01727	0.02465	0.20702	0.29720	0.01905	0.01969	0.02403	0.01681	0.02875	0.01413	0.01877	0.01130	0.00774	0.00728	0.00258	0.00911	0.00649	0.00432	0.01082
21	0.03103	0.03959	0.02354	0.02140	0.02568	0.67469	0.01605	0.03317	0.02354	0.02033	0.01284	0.01498	0.01070	0.00856	0.00749	0.00214	0.01498	0.00535	0.00428	0.00963
22	0.02133	0.04077	0.42974	0.02360	0.03315	0.22469	0.05928	0.02848	0.01953	0.02445	0.01437	0.01701	0.01070	0.00805	0.00787	0.00249	0.01322	0.00610	0.00379	0.01139
23	0.01064	0.00745	0.00949	0.01090	0.01126	0.00709	0.00700	0.01170	0.01489	0.01986	0.04060	0.53109	0.04840	0.20649	0.01899	0.00461	0.00568	0.02056	0.00700	0.00629
24	0.01012	0.00723	0.00964	0.01157	0.01205	0.00675	0.00771	0.01157	0.01591	0.02121	0.04579	0.70262	0.05495	0.02603	0.01060	0.00337	0.00482	0.02362	0.00771	0.00675
25	0.01012	0.00723	0.00964	0.01157	0.01205	0.00675	0.00771	0.01157	0.01591	0.02121	0.04579	0.70262	0.05495	0.02603	0.01060	0.00337	0.00482	0.02362	0.00771	0.00675
26	0.03103	0.03959	0.02354	0.02140	0.02568	0.67469	0.01605	0.03317	0.02354	0.02033	0.01284	0.01498	0.01070	0.00856	0.00749	0.00214	0.01498	0.00535	0.00428	0.00963
27	0.02066	0.01785	0.01878	0.01691	0.02160	0.02066	0.01315	0.04414	0.64121	0.03475	0.03381	0.03099	0.02536	0.01127	0.00845	0.00282	0.00657	0.00939	0.00845	0.01315
28	0.01122	0.00802	0.01088	0.01269	0.01368	0.00768	0.00950	0.01352	0.01726	0.02290	0.07257	0.48298	0.05377	0.02465	0.01084	0.00348	0.00567	0.20387	0.00776	0.00708
29	0.01804	0.01770	0.02430	0.02048	0.02151	0.02344	0.01701	0.02012	0.01335	0.02098	0.01144	0.01804	0.01110	0.01337	0.02432	0.00330	0.59707	0.00694	0.00381	0.11365
30	0.02220	0.02488	0.02485	0.02168	0.02302	0.22882	0.01751	0.02412	0.01611	0.02010	0.01151	0.01717	0.01084	0.01267	0.02107	0.00317	0.48050	0.00667	0.00384	0.00926
31	0.01960	0.02217	0.02527	0.02109	0.02518	0.22080	0.17786	0.02287	0.01953	0.02249	0.03086	0.18850	0.10485	0.01419	0.01014	0.00277	0.04476	0.01256	0.00548	0.00901
32	0.02792	0.03017	0.02111	0.01913	0.02306	0.43928	0.01448	0.03176	0.07058	0.09630	0.02062	0.09935	0.01825	0.01130	0.00889	0.00245	0.04133	0.00826	0.00568	0.01007
33	0.01543	0.01502	0.01520	0.01815	0.09099	0.13842	0.01144	0.01743	0.01775	0.02174	0.03580	0.48788	0.04138	0.02042	0.00972	0.00303	0.00740	0.01814	0.00662	0.00807
34	0.01385	0.01278	0.01975	0.47518	0.04281	0.01487	0.01782	0.01831	0.01734	0.02161	0.03650	0.04025	0.21211	0.01229	0.00878	0.00278	0.00892	0.01056	0.00495	0.00853
35	0.02653	0.04065	0.22448	0.02211	0.02890	0.46939	0.02064	0.03102	0.02166	0.02220	0.01349	0.01578	0.01065	0.00835	0.00762	0.00229	0.01413	0.00560	0.00404	0.01046
36	0.08978	0.09301	0.18139	0.02977	0.22529	0.02024	0.07391	0.05477	0.01955	0.11019	0.01720	0.01962	0.01286	0.00797	0.00774	0.00249	0.00999	0.00688	0.00500	0.01233
37	0.02246	0.02534	0.02735	0.02445	0.06024	0.22812	0.07049	0.02500	0.01705	0.02107	0.01229	0.01767	0.01111	0.01162	0.01850	0.00303	0.38373	0.00690	0.00391	0.00967
38	0.01725	0.02403	0.22199	0.05687	0.08193	0.01481	0.01847	0.02302	0.01744	0.02651	0.01488	0.01789	0.01175	0.00693	0.00700	0.00186	0.00867	0.00565	0.00434	0.41871

[dist]
# distance from previous block
# <min> <max>
0	1

[block]
# block no. 5 follows, 22 sequences, length 14
# corresponding to MSA columns:
# 322-335
name=unknown_F
#
# <colnr> <probs for GDERKNQSTAVLIFYWHMCP>
#	G	D	E	R	K	N	Q	S	T	A	V	L	I	F	Y	W	H	M	C	P
0	0.30634	0.02919	0.01904	0.01707	0.02180	0.38748	0.01317	0.03037	0.02004	0.06740	0.01363	0.01527	0.01069	0.00835	0.00667	0.00233	0.01128	0.00522	0.00498	0.00968
1	0.01293	0.00956	0.01269	0.01198	0.01415	0.00973	0.00893	0.01547	0.01416	0.02085	0.02325	0.06906	0.02286	0.16112	0.37624	0.00917	0.01502	0.00950	0.05207	0.13125
2	0.01774	0.01485	0.01792	0.01554	0.06266	0.01325	0.01104	0.05817	0.05698	0.02700	0.01807	0.02467	0.01620	0.12321	0.01340	0.00272	0.03468	0.00681	0.00526	0.45983
3	0.01493	0.15345	0.01916	0.01216	0.01508	0.01419	0.03040	0.01667	0.01440	0.01933	0.02211	0.07814	0.02363	0.32392	0.10719	0.00608	0.00979	0.00983	0.00478	0.10475
4	0.02397	0.16541	0.02992	0.02003	0.02512	0.17143	0.09240	0.14729	0.02265	0.02749	0.01926	0.02198	0.05291	0.01253	0.04272	0.00300	0.09883	0.00735	0.00508	0.01061
5	0.01421	0.01055	0.01393	0.01521	0.01748	0.01087	0.01302	0.02054	0.09833	0.02663	0.07967	0.08382	0.04682	0.02110	0.01099	0.00362	0.00729	0.48972	0.00784	0.00836
6	0.25615	0.02646	0.01841	0.01671	0.02091	0.33103	0.01291	0.05517	0.01966	0.02691	0.01433	0.01767	0.01200	0.01725	0.11721	0.00414	0.01326	0.00577	0.00476	0.00928
7	0.01712	0.01618	0.02675	0.31757	0.31866	0.01758	0.02203	0.02195	0.01793	0.02402	0.02395	0.02877	0.09344	0.00952	0.00846	0.00264	0.00967	0.00868	0.00439	0.01070
8	0.02797	0.08236	0.02335	0.01951	0.02370	0.54555	0.01488	0.03038	0.02308	0.02192	0.09383	0.02084	0.01929	0.00953	0.00763	0.00217	0.01315	0.00651	0.00485	0.00947
9	0.01610	0.01240	0.01449	0.01337	0.01679	0.01215	0.01047	0.09948	0.08127	0.02862	0.06737	0.14196	0.10047	0.08500	0.01255	0.00331	0.00660	0.13758	0.00719	0.13283
10	0.03118	0.03532	0.02391	0.02080	0.02570	0.50498	0.01598	0.18888	0.02760	0.02871	0.01470	0.01628	0.01160	0.00893	0.00771	0.00223	0.01345	0.00591	0.00533	0.01081
11	0.01579	0.01502	0.01703	0.01551	0.01729	0.09689	0.03674	0.01779	0.01542	0.02011	0.02577	0.13558	0.05613	0.15811	0.14410	0.00588	0.14335	0.01127	0.00506	0.04715
12	0.01288	0.01002	0.01084	0.00979	0.01249	0.00897	0.00688	0.04485	0.01724	0.02241	0.04946	0.05810	0.29884	0.26458	0.02082	0.00443	0.00614	0.01313	0.00636	0.12180
13	0.07448	0.02171	0.02560	0.02046	0.02507	0.12797	0.13179	0.16283	0.02227	0.02989	0.01790	0.04817	0.01594	0.09858	0.01498	0.00332	0.09855	0.00839	0.00542	0.04668

[dist]
# distance from previous block
# <min> <max>
42	135

[block]
# block no. 6 follows, 22 sequences, length 9
# corresponding to MSA columns:
# 474-482
name=unknown_G
#
# <colnr> <probs for GDERKNQSTAVLIFYWHMCP>
#	G	D	E	R	K	N	Q	S	T	A	V	L	I	F	Y	W	H	M	C	P
0	0.01864	0.20452	0.02518	0.11061	0.02452	0.12877	0.01430	0.02156	0.01705	0.02023	0.02306	0.02739	0.08794	0.02225	0.16022	0.00487	0.06772	0.00777	0.00439	0.00900
1	0.11380	0.02820	0.02094	0.01862	0.02311	0.33507	0.01439	0.06246	0.18496	0.05602	0.01932	0.01999	0.01496	0.00961	0.00851	0.00248	0.04416	0.00664	0.00590	0.01086
2	0.10869	0.01531	0.01651	0.01413	0.01864	0.01611	0.01105	0.15440	0.15523	0.10344	0.05224	0.10196	0.08369	0.05661	0.01041	0.00298	0.00674	0.01063	0.00770	0.05351
3	0.02959	0.03761	0.06063	0.02326	0.06591	0.55941	0.01746	0.06619	0.02379	0.02292	0.01354	0.01576	0.01104	0.00853	0.00761	0.00221	0.01417	0.00565	0.00446	0.01026
4	0.06508	0.11645	0.02593	0.02183	0.08320	0.33054	0.01590	0.10196	0.11110	0.02751	0.01667	0.01807	0.01332	0.00877	0.00740	0.00228	0.01142	0.00621	0.00528	0.01108
5	0.02079	0.08691	0.02019	0.01536	0.02022	0.23314	0.01187	0.02339	0.01902	0.02288	0.02038	0.16106	0.02063	0.01125	0.00746	0.00204	0.00907	0.00897	0.00517	0.28020
6	0.01542	0.17047	0.01790	0.01109	0.01363	0.06709	0.00827	0.01664	0.01554	0.01857	0.03405	0.04730	0.15588	0.34760	0.02424	0.00505	0.00799	0.01096	0.00520	0.00710
7	0.01726	0.08193	0.02425	0.01866	0.02283	0.10202	0.14172	0.02131	0.02046	0.02561	0.15500	0.05324	0.08670	0.01484	0.00955	0.00287	0.00907	0.17737	0.00639	0.00893
8	0.02900	0.03420	0.02401	0.02120	0.02506	0.49332	0.01637	0.10047	0.02359	0.02401	0.01335	0.01608	0.01113	0.00970	0.01080	0.00242	0.12464	0.00591	0.00465	0.01007

[dist]
# distance from previous block
# <min> <max>
147	339

[block]
# block no. 7 follows, 22 sequences, length 13
# corresponding to MSA columns:
# 917-929
name=unknown_H
#
# <colnr> <probs for GDERKNQSTAVLIFYWHMCP>
#	G	D	E	R	K	N	Q	S	T	A	V	L	I	F	Y	W	H	M	C	P
0	0.05516	0.07744	0.19798	0.01875	0.06415	0.07136	0.01723	0.02895	0.15561	0.02883	0.02136	0.02309	0.01641	0.00901	0.00719	0.00239	0.00860	0.00704	0.17847	0.01098
1	0.01794	0.21162	0.20427	0.01785	0.02469	0.06897	0.05711	0.02309	0.01925	0.02506	0.13769	0.03385	0.05578	0.01119	0.00803	0.00248	0.00938	0.05644	0.00520	0.01013
2	0.01196	0.00881	0.01158	0.01314	0.01489	0.00843	0.01074	0.01491	0.01834	0.02356	0.05197	0.23200	0.16349	0.02330	0.01096	0.00353	0.00635	0.35704	0.00768	0.00732
3	0.03103	0.03959	0.02354	0.02140	0.02568	0.67469	0.01605	0.03317	0.02354	0.02033	0.01284	0.01498	0.01070	0.00856	0.00749	0.00214	0.01498	0.00535	0.00428	0.00963
4	0.01452	0.01204	0.01706	0.02148	0.16336	0.01183	0.01385	0.01952	0.05951	0.02686	0.14102	0.06495	0.16719	0.01727	0.00993	0.00305	0.00680	0.21345	0.00713	0.00918
5	0.01875	0.01959	0.01579	0.01503	0.01710	0.24617	0.01092	0.02060	0.01663	0.01878	0.01999	0.03237	0.01980	0.22186	0.26240	0.00790	0.01574	0.00852	0.00455	0.00755
6	0.01755	0.01668	0.02670	0.01927	0.02655	0.01393	0.20247	0.02230	0.01845	0.02740	0.06413	0.02228	0.01745	0.00725	0.00757	0.00183	0.00844	0.00722	0.00502	0.46750
7	0.02355	0.02252	0.01765	0.01591	0.01979	0.24893	0.01242	0.11496	0.06284	0.02970	0.02274	0.03006	0.01929	0.01075	0.00759	0.00233	0.00930	0.07311	0.21305	0.04353
8	0.02866	0.02480	0.06349	0.01789	0.02426	0.17019	0.01501	0.19651	0.07686	0.16157	0.02095	0.02083	0.01505	0.00912	0.00780	0.00228	0.00963	0.00686	0.00698	0.12125
9	0.01166	0.00865	0.01120	0.01267	0.01440	0.00819	0.01018	0.01443	0.01819	0.02329	0.05378	0.25902	0.18977	0.02336	0.01085	0.00346	0.00607	0.30589	0.00768	0.00725
10	0.03042	0.03470	0.02349	0.02061	0.02541	0.49477	0.01579	0.15687	0.07013	0.02796	0.01578	0.01713	0.01244	0.00904	0.00773	0.00226	0.01319	0.00607	0.00541	0.01081
11	0.02661	0.30400	0.07673	0.01836	0.02469	0.27259	0.01631	0.12285	0.02292	0.02547	0.01359	0.01528	0.01121	0.00816	0.00679	0.00209	0.01146	0.00538	0.00457	0.01093
12	0.01368	0.00977	0.01227	0.01286	0.01450	0.00977	0.00993	0.06447	0.01891	0.02502	0.08676	0.19144	0.07082	0.17323	0.01766	0.00443	0.00689	0.24289	0.00725	0.00742

[dist]
# distance from previous block
# <min> <max>
35	122

[block]
# block no. 8 follows, 22 sequences, length 7
# corresponding to MSA columns:
# 1057-1063
name=unknown_I
#
# <colnr> <probs for GDERKNQSTAVLIFYWHMCP>
#	G	D	E	R	K	N	Q	S	T	A	V	L	I	F	Y	W	H	M	C	P
0	0.01735	0.01378	0.01448	0.01349	0.01600	0.05938	0.00995	0.13384	0.02025	0.02648	0.02967	0.18357	0.03192	0.23520	0.01973	0.00449	0.00788	0.09164	0.00652	0.06436
1	0.01234	0.00848	0.01039	0.01074	0.01148	0.00838	0.00743	0.01382	0.01542	0.02070	0.12189	0.06483	0.04143	0.44442	0.03022	0.00625	0.00735	0.15210	0.00626	0.00606
2	0.01801	0.01637	0.01451	0.01391	0.01610	0.14486	0.01020	0.08727	0.01948	0.02346	0.03177	0.10742	0.07597	0.26271	0.02108	0.00472	0.00894	0.10938	0.00612	0.00773
3	0.14248	0.01841	0.01478	0.01393	0.01653	0.17991	0.01006	0.06627	0.01813	0.02451	0.02328	0.15174	0.02456	0.20522	0.05153	0.00465	0.00976	0.01071	0.00557	0.00798
4	0.02144	0.31927	0.03562	0.02533	0.18390	0.07322	0.06290	0.02513	0.01816	0.02331	0.01361	0.01662	0.01172	0.00713	0.00670	0.00197	0.00953	0.00575	0.00402	0.13468
5	0.01974	0.02086	0.02340	0.03032	0.29288	0.17388	0.01728	0.02315	0.01955	0.02368	0.03204	0.03457	0.16728	0.01575	0.06654	0.00342	0.01082	0.00948	0.00505	0.01033
6	0.01821	0.01911	0.02216	0.01916	0.02299	0.16003	0.13086	0.02273	0.04947	0.02452	0.08221	0.07871	0.13250	0.01512	0.01038	0.00292	0.03953	0.13419	0.00622	0.00897

[dist]
# distance from previous block
# <min> <max>
8	65

[block]
# block no. 9 follows, 22 sequences, length 11
# corresponding to MSA columns:
# 1130-1140
name=unknown_J
#
# <colnr> <probs for GDERKNQSTAVLIFYWHMCP>
#	G	D	E	R	K	N	Q	S	T	A	V	L	I	F	Y	W	H	M	C	P
0	0.17286	0.02486	0.02214	0.07404	0.02629	0.18075	0.01525	0.28695	0.02731	0.03752	0.01573	0.01759	0.01189	0.00927	0.00840	0.00250	0.04279	0.00636	0.00611	0.01139
1	0.18656	0.15467	0.06409	0.01428	0.01914	0.07115	0.03583	0.02328	0.01695	0.08622	0.02341	0.09726	0.05058	0.10916	0.01209	0.00326	0.00831	0.00898	0.00549	0.00929
2	0.01731	0.01779	0.01376	0.01348	0.01647	0.20507	0.01047	0.01992	0.02019	0.02310	0.05001	0.05858	0.28830	0.01661	0.00905	0.00272	0.00801	0.12235	0.07884	0.00798
3	0.19477	0.01729	0.01631	0.01340	0.01882	0.07835	0.01072	0.10737	0.02143	0.12547	0.03089	0.03051	0.13902	0.01081	0.00739	0.00231	0.00723	0.00821	0.00672	0.15297
4	0.02855	0.17137	0.02745	0.01903	0.02447	0.39518	0.01528	0.13310	0.02450	0.02607	0.01391	0.01563	0.01137	0.00837	0.00712	0.00207	0.01224	0.00551	0.00486	0.05392
5	0.16094	0.01029	0.01243	0.01245	0.01481	0.01151	0.00996	0.01728	0.01493	0.02472	0.02668	0.03968	0.05365	0.03967	0.36208	0.00843	0.01468	0.09170	0.06635	0.00777
6	0.01978	0.01816	0.02883	0.20635	0.37860	0.01885	0.02226	0.07100	0.01970	0.02760	0.01564	0.02052	0.01260	0.00768	0.00801	0.00240	0.00968	0.00711	0.00443	0.10080
7	0.03109	0.03787	0.02369	0.02116	0.02569	0.60635	0.01602	0.09587	0.02518	0.02370	0.01359	0.01550	0.01106	0.00871	0.00758	0.00218	0.01437	0.00557	0.00470	0.01010
8	0.09370	0.29820	0.11095	0.02171	0.12010	0.12156	0.01745	0.02552	0.01771	0.02336	0.01366	0.01680	0.01170	0.01203	0.06103	0.00306	0.01122	0.00561	0.00397	0.01067
9	0.01674	0.01233	0.01445	0.01348	0.01639	0.01259	0.01043	0.18486	0.02457	0.03284	0.16442	0.24874	0.11565	0.01885	0.00981	0.00296	0.00607	0.07754	0.00816	0.00915
10	0.01243	0.00884	0.01140	0.01202	0.01352	0.00824	0.00879	0.01409	0.01574	0.02130	0.03574	0.29702	0.04060	0.16093	0.01817	0.05455	0.00649	0.16125	0.00656	0.09232

[dist]
# distance from previous block
# <min> <max>
0	2

[block]
# block no. 10 follows, 22 sequences, length 7
# corresponding to MSA columns:
# 1143-1149
name=unknown_K
#
# <colnr> <probs for GDERKNQSTAVLIFYWHMCP>
#	G	D	E	R	K	N	Q	S	T	A	V	L	I	F	Y	W	H	M	C	P
0	0.17155	0.10115	0.02350	0.01846	0.02340	0.42418	0.01449	0.08574	0.02250	0.02647	0.01312	0.01499	0.01069	0.00838	0.00690	0.00222	0.01219	0.00529	0.00475	0.01003
1	0.02099	0.20117	0.03629	0.04137	0.49007	0.02318	0.02254	0.02533	0.01838	0.02515	0.01456	0.01867	0.01251	0.00732	0.00747	0.00229	0.00961	0.00663	0.00397	0.01251
2	0.01749	0.01761	0.03167	0.02536	0.02920	0.01952	0.25868	0.02190	0.01714	0.02390	0.02191	0.03963	0.02124	0.01374	0.01619	0.00335	0.24354	0.16347	0.00491	0.00955
3	0.01141	0.00827	0.01001	0.01077	0.01194	0.00783	0.00767	0.01313	0.01634	0.02118	0.07930	0.21050	0.17170	0.24397	0.02079	0.00481	0.00624	0.13076	0.00691	0.00648
4	0.01889	0.01870	0.01649	0.01653	0.01961	0.18525	0.01339	0.02541	0.12451	0.02511	0.03785	0.06132	0.09032	0.01705	0.00977	0.00312	0.00907	0.29167	0.00691	0.00903
5	0.04544	0.01048	0.01202	0.01138	0.01393	0.01014	0.00839	0.01918	0.07969	0.06695	0.09602	0.08964	0.14440	0.21660	0.01875	0.00431	0.00637	0.07825	0.00700	0.06106
6	0.02032	0.02020	0.02569	0.02417	0.12167	0.08914	0.08852	0.02804	0.13982	0.02682	0.01812	0.02094	0.01466	0.00887	0.01042	0.00235	0.10372	0.00713	0.00515	0.22424

[dist]
# distance from previous block
# <min> <max>
1	13

[block]
# block no. 11 follows, 22 sequences, length 11
# corresponding to MSA columns:
# 1163-1173
name=unknown_L
#
# <colnr> <probs for GDERKNQSTAVLIFYWHMCP>
#	G	D	E	R	K	N	Q	S	T	A	V	L	I	F	Y	W	H	M	C	P
0	0.02278	0.01883	0.02063	0.01688	0.02217	0.08308	0.03691	0.10720	0.16841	0.09231	0.02224	0.02365	0.01716	0.01517	0.08284	0.00351	0.04188	0.00743	0.00651	0.19041
1	0.02108	0.18323	0.06132	0.01766	0.02370	0.12702	0.07501	0.08411	0.02100	0.02592	0.02509	0.03143	0.08658	0.01067	0.00780	0.00230	0.00957	0.06699	0.00528	0.11426
2	0.01108	0.00848	0.01020	0.01084	0.01264	0.00799	0.00819	0.01326	0.01705	0.02158	0.05658	0.16068	0.30038	0.11503	0.08841	0.00493	0.00747	0.13132	0.00699	0.00689
3	0.01888	0.21664	0.02414	0.01530	0.01899	0.15752	0.01268	0.02159	0.01652	0.01958	0.01720	0.02338	0.01575	0.03515	0.34229	0.00767	0.01689	0.00687	0.00416	0.00881
4	0.22883	0.01976	0.08703	0.09971	0.20676	0.01806	0.01804	0.05373	0.01816	0.06016	0.01522	0.01836	0.01178	0.00774	0.00708	0.00239	0.00864	0.00619	0.00489	0.10744
5	0.02059	0.01966	0.02612	0.06656	0.36342	0.10145	0.01954	0.02599	0.06309	0.05195	0.05761	0.05827	0.06898	0.01038	0.00847	0.00254	0.00926	0.00923	0.00537	0.01151
6	0.53669	0.08876	0.01789	0.01322	0.01864	0.08685	0.01098	0.09252	0.01813	0.03548	0.01263	0.01435	0.00990	0.00799	0.00575	0.00244	0.00783	0.00491	0.00525	0.00980
7	0.01172	0.00862	0.01168	0.01168	0.01289	0.00941	0.00851	0.01379	0.01356	0.01873	0.02950	0.04331	0.08641	0.23516	0.43531	0.01085	0.01656	0.01063	0.00494	0.00672
8	0.01549	0.01323	0.01880	0.01607	0.02004	0.01372	0.07280	0.02327	0.14531	0.02471	0.02269	0.02835	0.01930	0.03551	0.34309	0.00781	0.01512	0.00834	0.00535	0.15100
