[name]
unknown

[dist]
# distance from previous block
# <min> <max>
0	3

[block]
# block no. 0 follows, 21 sequences, length 57
# corresponding to MSA columns:
# 3-59
name=unknown_A
#
# <colnr> <probs for GDERKNQSTAVLIFYWHMCP>
#	G	D	E	R	K	N	Q	S	T	A	V	L	I	F	Y	W	H	M	C	P
0	0.01344	0.00971	0.01333	0.01514	0.01716	0.00960	0.01316	0.01722	0.01958	0.02528	0.04819	0.09492	0.09427	0.02336	0.01163	0.00384	0.00757	0.54700	0.00784	0.00779
1	0.01484	0.01324	0.01776	0.02262	0.19851	0.01284	0.01322	0.02079	0.09800	0.02690	0.10394	0.05629	0.33615	0.01587	0.00940	0.00276	0.00629	0.01366	0.00704	0.00989
2	0.07163	0.41699	0.03348	0.01475	0.02149	0.06701	0.01339	0.02742	0.08538	0.02440	0.01503	0.01649	0.01277	0.00771	0.00609	0.00191	0.00856	0.00526	0.00460	0.14564
3	0.01677	0.00975	0.01292	0.01303	0.01553	0.00882	0.00990	0.01931	0.01896	0.14406	0.06855	0.36879	0.07057	0.02122	0.01025	0.00320	0.00592	0.12159	0.00828	0.05259
4	0.01996	0.01873	0.02893	0.40872	0.15947	0.04552	0.06649	0.09969	0.02088	0.02729	0.01604	0.02184	0.01223	0.00847	0.00857	0.00272	0.01124	0.00768	0.00453	0.01099
5	0.06592	0.02331	0.02884	0.18925	0.33618	0.16272	0.02240	0.02677	0.01959	0.02546	0.01493	0.01975	0.01218	0.00808	0.00809	0.00253	0.01135	0.00694	0.00421	0.01149
6	0.01671	0.01511	0.01856	0.25306	0.03179	0.05500	0.01455	0.06276	0.01975	0.02545	0.06145	0.03867	0.15632	0.06251	0.01107	0.00292	0.00850	0.01005	0.00564	0.13013
7	0.01091	0.00802	0.01023	0.01101	0.01236	0.00734	0.00775	0.01337	0.01943	0.02622	0.26017	0.39151	0.14482	0.02274	0.01046	0.00310	0.00453	0.02027	0.00841	0.00734
8	0.01762	0.00949	0.01231	0.01180	0.01387	0.00873	0.00835	0.01963	0.01867	0.16977	0.14765	0.27467	0.04649	0.18003	0.01782	0.00425	0.00609	0.01617	0.00813	0.00846
9	0.02000	0.01972	0.03074	0.26933	0.40343	0.06034	0.02464	0.02509	0.01885	0.02525	0.01552	0.02127	0.01258	0.00798	0.00841	0.00261	0.01087	0.00744	0.00407	0.01185
10	0.01667	0.01574	0.02661	0.60476	0.12962	0.01907	0.02393	0.02227	0.01730	0.02247	0.01523	0.02249	0.01160	0.00840	0.00850	0.00280	0.01120	0.00757	0.00383	0.00994
11	0.01404	0.01045	0.01191	0.01193	0.01501	0.00988	0.00959	0.01937	0.09362	0.06268	0.06594	0.07645	0.37472	0.02021	0.01025	0.00314	0.00571	0.16841	0.00813	0.00855
12	0.01874	0.01304	0.01566	0.01581	0.05624	0.01326	0.01108	0.06125	0.16169	0.10764	0.04336	0.16175	0.14136	0.09912	0.01357	0.00360	0.00665	0.03814	0.00788	0.01014
13	0.02804	0.02526	0.02632	0.06772	0.17779	0.20237	0.01866	0.13276	0.04381	0.12038	0.01872	0.02076	0.01415	0.00947	0.00957	0.00256	0.05620	0.00720	0.00600	0.01226
14	0.01233	0.00844	0.01025	0.01025	0.01059	0.00878	0.00637	0.01300	0.01266	0.01722	0.02593	0.05077	0.02880	0.56014	0.18118	0.00945	0.01146	0.01166	0.00502	0.00570
15	0.01231	0.00907	0.01343	0.01343	0.01497	0.01052	0.01044	0.01539	0.01385	0.02026	0.02301	0.03336	0.02130	0.06154	0.63916	0.01318	0.02200	0.00907	0.03609	0.00761
16	0.01966	0.02234	0.11233	0.16143	0.46411	0.01993	0.02635	0.02544	0.01877	0.02661	0.01576	0.02096	0.01275	0.00781	0.00840	0.00260	0.01065	0.00741	0.00406	0.01264
17	0.02978	0.03731	0.02430	0.10596	0.03043	0.58409	0.01736	0.03242	0.02321	0.02094	0.01341	0.01628	0.01101	0.00874	0.00778	0.00227	0.01484	0.00575	0.00431	0.00981
18	0.01133	0.00867	0.01038	0.00996	0.01228	0.00773	0.00747	0.01468	0.02240	0.03012	0.44289	0.07016	0.28326	0.01889	0.01004	0.00275	0.00412	0.01632	0.00884	0.00773
19	0.02776	0.06439	0.02713	0.02726	0.16293	0.29669	0.01807	0.13940	0.09967	0.03008	0.01765	0.01944	0.01398	0.00903	0.00800	0.00240	0.01174	0.00680	0.00558	0.01199
20	0.02459	0.01840	0.03066	0.17043	0.26336	0.01871	0.09720	0.06617	0.02143	0.17369	0.02034	0.02344	0.01479	0.00857	0.00869	0.00266	0.01019	0.00812	0.00587	0.01268
21	0.03125	0.08014	0.02533	0.02149	0.02604	0.62910	0.01633	0.03348	0.02371	0.02078	0.01308	0.01525	0.01096	0.00868	0.00754	0.00217	0.01498	0.00543	0.00434	0.00993
22	0.01851	0.01355	0.01545	0.01394	0.01781	0.01409	0.01073	0.03068	0.28446	0.09554	0.19195	0.09300	0.10655	0.01488	0.00921	0.00279	0.00570	0.01273	0.00875	0.03967
23	0.02517	0.01844	0.02555	0.01896	0.02599	0.01733	0.11918	0.19280	0.02583	0.13677	0.05940	0.02408	0.01880	0.00893	0.00818	0.00222	0.00859	0.00788	0.00705	0.24885
24	0.01285	0.01059	0.01312	0.05223	0.01738	0.00968	0.00971	0.01559	0.01802	0.02422	0.07619	0.22610	0.21824	0.01844	0.01015	0.00276	0.03164	0.05394	0.00692	0.17221
25	0.01238	0.00825	0.00928	0.00928	0.00928	0.00825	0.00516	0.01238	0.01238	0.01650	0.02681	0.05569	0.03094	0.70092	0.04331	0.00825	0.00825	0.01238	0.00516	0.00516
26	0.01995	0.00981	0.01239	0.01132	0.01423	0.00980	0.00887	0.02349	0.01812	0.17286	0.02764	0.03159	0.02148	0.02607	0.20297	0.00561	0.01032	0.00843	0.35570	0.00936
27	0.01791	0.01480	0.01665	0.01614	0.01988	0.01642	0.01303	0.03377	0.38701	0.03136	0.04184	0.05644	0.07898	0.01619	0.00977	0.00322	0.00692	0.20016	0.00833	0.01117
28	0.03042	0.03796	0.02545	0.02579	0.10562	0.58426	0.01768	0.03298	0.02351	0.02172	0.01352	0.01608	0.01128	0.00862	0.00777	0.00224	0.01468	0.00575	0.00436	0.01033
29	0.01057	0.00755	0.01010	0.01208	0.01266	0.00708	0.00825	0.01219	0.01649	0.02195	0.04679	0.65972	0.05585	0.02647	0.01092	0.00348	0.00511	0.05788	0.00790	0.00697
30	0.01153	0.00869	0.01092	0.01226	0.01406	0.00808	0.00963	0.01414	0.01852	0.02353	0.05869	0.27503	0.24022	0.02385	0.01094	0.00345	0.00583	0.23539	0.00788	0.00735
31	0.01208	0.00825	0.00999	0.01069	0.01106	0.00814	0.00689	0.01292	0.01421	0.01886	0.03382	0.20963	0.03914	0.45764	0.03174	0.00658	0.00743	0.08890	0.00614	0.00591
32	0.01359	0.01083	0.01566	0.01496	0.01622	0.01337	0.01186	0.01646	0.01380	0.02060	0.02091	0.03056	0.01941	0.05147	0.50837	0.01112	0.14587	0.00873	0.04827	0.00794
33	0.02777	0.03403	0.02587	0.08957	0.02997	0.47897	0.04822	0.03052	0.02165	0.02120	0.01329	0.01694	0.01113	0.00951	0.01069	0.00251	0.10792	0.00620	0.00423	0.00983
34	0.01238	0.00825	0.00928	0.00928	0.00928	0.00825	0.00516	0.01238	0.01238	0.01650	0.02681	0.05569	0.03094	0.70092	0.04331	0.00825	0.00825	0.01238	0.00516	0.00516
35	0.02246	0.51218	0.07144	0.01686	0.02302	0.07829	0.01622	0.02537	0.01714	0.02051	0.01200	0.01480	0.01096	0.00866	0.00939	0.00220	0.11896	0.00518	0.00371	0.01067
36	0.02114	0.24079	0.17071	0.21219	0.03667	0.13805	0.02127	0.02622	0.01857	0.02220	0.01379	0.01754	0.01102	0.00808	0.00732	0.00238	0.01163	0.00598	0.00380	0.01067
37	0.02275	0.70604	0.04459	0.01456	0.02184	0.03367	0.01456	0.02548	0.01729	0.02002	0.01183	0.01365	0.01092	0.00728	0.00546	0.00182	0.00910	0.00455	0.00364	0.01092
38	0.01081	0.00759	0.00974	0.01128	0.01167	0.00721	0.00729	0.01197	0.01543	0.02057	0.04246	0.55401	0.05068	0.17566	0.01803	0.00452	0.00567	0.02158	0.00729	0.00652
39	0.01006	0.00862	0.00862	0.00862	0.01149	0.00718	0.00647	0.01221	0.01940	0.02299	0.08621	0.08190	0.64438	0.02155	0.01006	0.00287	0.00431	0.01796	0.00790	0.00718
40	0.01501	0.00870	0.01047	0.01038	0.01198	0.00821	0.00717	0.01710	0.01752	0.08826	0.11661	0.20439	0.07691	0.20789	0.01856	0.00429	0.00575	0.01470	0.14852	0.00755
41	0.01972	0.01638	0.01853	0.08581	0.02414	0.01836	0.01341	0.11437	0.33783	0.03491	0.11025	0.03917	0.10470	0.01297	0.00896	0.00281	0.00696	0.01084	0.00812	0.01176
42	0.01037	0.00741	0.00987	0.01185	0.01234	0.00691	0.00790	0.01185	0.01629	0.02172	0.04690	0.69537	0.05629	0.02666	0.01086	0.00346	0.00494	0.02419	0.00790	0.00691
43	0.01065	0.00854	0.00954	0.00977	0.01214	0.00744	0.00730	0.01314	0.01986	0.02498	0.18016	0.15758	0.43652	0.02155	0.01024	0.00297	0.00452	0.04760	0.00816	0.00734
44	0.01983	0.01977	0.03582	0.08145	0.39219	0.02025	0.16196	0.02508	0.01863	0.02634	0.01632	0.02219	0.01354	0.01144	0.05008	0.00338	0.05713	0.00824	0.00420	0.01214
45	0.01715	0.01470	0.01546	0.01435	0.01832	0.01607	0.01101	0.03321	0.40966	0.03095	0.05105	0.08615	0.21585	0.01548	0.00921	0.00292	0.00589	0.01302	0.00838	0.01117
46	0.01277	0.00957	0.01388	0.01366	0.01506	0.01129	0.01060	0.01567	0.01384	0.02039	0.02257	0.03337	0.02111	0.08397	0.56388	0.01216	0.06014	0.00908	0.04937	0.00762
47	0.01887	0.01844	0.02441	0.25502	0.19064	0.09533	0.02027	0.02466	0.05765	0.02474	0.02458	0.03760	0.04472	0.01174	0.00905	0.00288	0.01031	0.11353	0.00517	0.01038
48	0.11837	0.02648	0.02489	0.21794	0.14419	0.28106	0.01933	0.02788	0.01998	0.02454	0.01407	0.01830	0.01130	0.00837	0.00774	0.00250	0.01214	0.00635	0.00429	0.01030
49	0.01025	0.00819	0.00918	0.00986	0.01185	0.00712	0.00704	0.01223	0.01846	0.02296	0.09360	0.30218	0.41072	0.02323	0.01035	0.00308	0.00452	0.02011	0.00796	0.00712
50	0.01037	0.00741	0.00987	0.01185	0.01234	0.00691	0.00790	0.01185	0.01629	0.02172	0.04690	0.69537	0.05629	0.02666	0.01086	0.00346	0.00494	0.02419	0.00790	0.00691
51	0.02185	0.02172	0.03378	0.05001	0.60213	0.06777	0.02541	0.02670	0.01973	0.02729	0.01580	0.02064	0.01329	0.00767	0.00837	0.00250	0.01050	0.00743	0.00423	0.01321
52	0.02076	0.01991	0.03400	0.09012	0.61231	0.02014	0.02597	0.02585	0.01924	0.02744	0.01595	0.02116	0.01335	0.00764	0.00843	0.00255	0.01018	0.00758	0.00419	0.01324
53	0.01343	0.01091	0.01581	0.01508	0.01621	0.01349	0.01184	0.01605	0.01347	0.01969	0.02079	0.03195	0.01992	0.09431	0.50381	0.01140	0.15063	0.00900	0.00443	0.00778
54	0.01842	0.03900	0.54542	0.02519	0.07984	0.01886	0.02892	0.02731	0.01871	0.06511	0.04292	0.02078	0.01453	0.00859	0.00822	0.00268	0.01171	0.00690	0.00430	0.01257
55	0.02275	0.02299	0.07445	0.03536	0.24148	0.02263	0.17102	0.15685	0.02322	0.03239	0.01662	0.02089	0.01309	0.00903	0.01132	0.00278	0.09732	0.00812	0.00508	0.01261
56	0.06640	0.02640	0.10880	0.03229	0.27222	0.18008	0.02088	0.02636	0.01916	0.02527	0.01604	0.02079	0.01350	0.01705	0.11440	0.00427	0.01358	0.00696	0.00429	0.01125

[dist]
# distance from previous block
# <min> <max>
2	16

[block]
# block no. 1 follows, 21 sequences, length 36
# corresponding to MSA columns:
# 76-111
name=unknown_B
#
# <colnr> <probs for GDERKNQSTAVLIFYWHMCP>
#	G	D	E	R	K	N	Q	S	T	A	V	L	I	F	Y	W	H	M	C	P
0	0.14299	0.05330	0.02436	0.11407	0.08743	0.19666	0.01741	0.02559	0.01765	0.02429	0.01335	0.01815	0.01145	0.01222	0.03990	0.00323	0.17742	0.00642	0.00424	0.00987
1	0.01210	0.00863	0.01092	0.01109	0.01208	0.00856	0.00741	0.01355	0.01464	0.02019	0.06823	0.21127	0.03739	0.32067	0.15693	0.00740	0.00998	0.01448	0.00598	0.04850
2	0.01889	0.06253	0.09278	0.02468	0.14794	0.01955	0.01805	0.09275	0.01902	0.02716	0.02001	0.09243	0.01870	0.01996	0.11106	0.00449	0.14975	0.00921	0.04038	0.01065
3	0.01970	0.35020	0.37367	0.01977	0.02990	0.02620	0.02363	0.02627	0.01765	0.02375	0.01368	0.01597	0.01085	0.00771	0.00687	0.00229	0.01097	0.00548	0.00362	0.01181
4	0.01822	0.17767	0.53323	0.02230	0.03381	0.02257	0.02803	0.02665	0.01783	0.02555	0.01458	0.01710	0.01081	0.00792	0.00756	0.00252	0.01188	0.00594	0.00360	0.01224
5	0.01346	0.01104	0.01618	0.01543	0.01664	0.01375	0.01225	0.01626	0.01355	0.01990	0.02045	0.03044	0.01924	0.05395	0.53814	0.01167	0.15656	0.00878	0.00439	0.00794
6	0.01182	0.00823	0.01042	0.01091	0.01137	0.00845	0.00707	0.01288	0.01365	0.01854	0.03094	0.21073	0.03511	0.38933	0.17514	0.00827	0.01068	0.01460	0.00571	0.00614
7	0.01448	0.00928	0.01195	0.01236	0.01466	0.00853	0.00967	0.01737	0.01997	0.09345	0.15012	0.23044	0.17877	0.02149	0.01055	0.00324	0.00568	0.17137	0.00841	0.00822
8	0.01013	0.00835	0.00890	0.00935	0.01169	0.00712	0.00679	0.01213	0.01870	0.02271	0.07739	0.21951	0.51246	0.02270	0.01024	0.00300	0.00445	0.01936	0.00790	0.00712
9	0.01238	0.00825	0.00928	0.00928	0.00928	0.00825	0.00516	0.01238	0.01238	0.01650	0.02681	0.05569	0.03094	0.70092	0.04331	0.00825	0.00825	0.01238	0.00516	0.00516
10	0.03139	0.03693	0.02412	0.02135	0.02613	0.53724	0.01627	0.12607	0.05426	0.02663	0.01527	0.01689	0.01219	0.00912	0.00785	0.00228	0.01402	0.00601	0.00522	0.01075
11	0.01216	0.00912	0.01368	0.01368	0.01520	0.01064	0.01064	0.01520	0.01368	0.01976	0.02279	0.03343	0.02127	0.06382	0.66720	0.01368	0.02279	0.00912	0.00456	0.00760
12	0.01140	0.00867	0.01049	0.01003	0.01232	0.00776	0.00753	0.01482	0.02258	0.03053	0.46362	0.06948	0.26227	0.01874	0.01004	0.00274	0.00411	0.01622	0.00890	0.00776
13	0.01198	0.00961	0.01100	0.01155	0.01423	0.00893	0.00935	0.01607	0.05706	0.02460	0.06910	0.08360	0.40460	0.02160	0.01055	0.00323	0.00565	0.21158	0.00793	0.00779
14	0.01215	0.00822	0.00962	0.00983	0.00997	0.00826	0.00579	0.01250	0.01287	0.01725	0.02866	0.12106	0.03298	0.59039	0.07924	0.00809	0.00882	0.01340	0.00541	0.00549
15	0.03138	0.02290	0.02450	0.01889	0.02542	0.02530	0.01557	0.58409	0.03870	0.05234	0.02086	0.02110	0.01491	0.01020	0.00836	0.00252	0.00905	0.00768	0.05214	0.01409
16	0.01354	0.01115	0.01633	0.01553	0.01672	0.01394	0.01234	0.01633	0.01354	0.01991	0.02031	0.03026	0.01911	0.05336	0.53049	0.01155	0.16448	0.00876	0.00438	0.00796
17	0.01094	0.00804	0.00972	0.01046	0.01163	0.00740	0.00708	0.01269	0.01747	0.02297	0.14576	0.33658	0.18716	0.15239	0.01673	0.00412	0.00528	0.01916	0.00761	0.00681
18	0.02787	0.03361	0.02278	0.01986	0.02471	0.48356	0.01514	0.03040	0.02204	0.02236	0.01348	0.01605	0.01134	0.00856	0.00851	0.00207	0.05116	0.00549	0.00449	0.17652
19	0.01345	0.00892	0.01020	0.01030	0.01102	0.00896	0.00649	0.04800	0.01544	0.02146	0.03106	0.19456	0.03469	0.43510	0.02999	0.00617	0.00711	0.01427	0.08643	0.00639
20	0.01159	0.00828	0.01098	0.01146	0.01247	0.00829	0.00800	0.01376	0.01688	0.02334	0.18671	0.26135	0.04939	0.16705	0.16435	0.00651	0.00937	0.01625	0.00697	0.00700
21	0.01502	0.00918	0.01184	0.01222	0.01383	0.00867	0.00857	0.04225	0.01874	0.09972	0.10455	0.46090	0.05040	0.08557	0.01341	0.00368	0.00562	0.01959	0.00814	0.00810
22	0.02702	0.02006	0.02245	0.01787	0.02354	0.02203	0.01460	0.45120	0.03288	0.04462	0.02067	0.02320	0.01590	0.02203	0.15615	0.00498	0.01221	0.00785	0.00744	0.05333
23	0.01726	0.04269	0.61860	0.02499	0.03731	0.01987	0.06834	0.02697	0.01810	0.02697	0.01539	0.01828	0.01091	0.00803	0.00821	0.00271	0.01269	0.00653	0.00364	0.01251
24	0.01150	0.01028	0.04575	0.01355	0.01507	0.00856	0.04307	0.01356	0.01614	0.02170	0.04126	0.54807	0.04854	0.10283	0.01444	0.00394	0.00625	0.02109	0.00716	0.00726
25	0.06728	0.46288	0.03687	0.01614	0.02290	0.10000	0.01478	0.14143	0.02227	0.02765	0.01364	0.01516	0.01152	0.00805	0.00628	0.00205	0.00969	0.00526	0.00476	0.01140
26	0.01770	0.01799	0.03344	0.02668	0.06477	0.01747	0.32075	0.05936	0.02041	0.02711	0.03519	0.09685	0.15854	0.01282	0.01094	0.00293	0.04844	0.01268	0.00567	0.01028
27	0.10917	0.03534	0.02304	0.06117	0.02703	0.52639	0.01620	0.03162	0.02211	0.02275	0.01304	0.01579	0.01081	0.00895	0.00843	0.00235	0.04605	0.00561	0.00441	0.00974
28	0.02861	0.07442	0.02569	0.02158	0.02525	0.50098	0.01677	0.03077	0.02149	0.02071	0.01268	0.01591	0.01100	0.00992	0.01164	0.00248	0.15025	0.00582	0.00421	0.00981
29	0.02475	0.01803	0.01986	0.01668	0.02154	0.01952	0.01320	0.33744	0.12019	0.06914	0.03284	0.17742	0.06209	0.01477	0.00915	0.00283	0.00760	0.01229	0.00845	0.01221
30	0.01618	0.15223	0.02170	0.01402	0.01810	0.01665	0.01167	0.01917	0.01637	0.02303	0.06057	0.05681	0.05082	0.02617	0.19786	0.00545	0.08482	0.00847	0.00501	0.19490
31	0.01289	0.01116	0.01469	0.01448	0.01530	0.01297	0.01097	0.01463	0.01590	0.02159	0.04365	0.35956	0.16089	0.02194	0.01604	0.00342	0.21791	0.01769	0.00659	0.00772
32	0.01238	0.00825	0.00928	0.00928	0.00928	0.00825	0.00516	0.01238	0.01238	0.01650	0.02681	0.05569	0.03094	0.70092	0.04331	0.00825	0.00825	0.01238	0.00516	0.00516
33	0.02135	0.53023	0.16706	0.01700	0.02490	0.03040	0.01822	0.02547	0.01717	0.02145	0.01249	0.01483	0.01091	0.00791	0.00737	0.00211	0.05127	0.00508	0.00364	0.01116
34	0.01088	0.00860	0.01016	0.01084	0.01295	0.00788	0.00825	0.01325	0.01818	0.02274	0.06546	0.20254	0.37211	0.02744	0.08163	0.00431	0.00695	0.10103	0.00753	0.00727
35	0.01732	0.00987	0.01202	0.01105	0.01373	0.00892	0.00797	0.01981	0.01799	0.12406	0.08834	0.18614	0.03553	0.15172	0.01533	0.00364	0.00585	0.01290	0.15700	0.10083

[dist]
# distance from previous block
# <min> <max>
0	1

[block]
# block no. 2 follows, 21 sequences, length 9
# corresponding to MSA columns:
# 113-121
name=unknown_C
#
# <colnr> <probs for GDERKNQSTAVLIFYWHMCP>
#	G	D	E	R	K	N	Q	S	T	A	V	L	I	F	Y	W	H	M	C	P
0	0.01525	0.01356	0.01917	0.01739	0.01805	0.01776	0.01393	0.01745	0.01325	0.01980	0.01764	0.02843	0.01736	0.09895	0.30600	0.00845	0.33655	0.00862	0.00422	0.00819
1	0.02240	0.58601	0.04373	0.02023	0.09699	0.03139	0.05042	0.02566	0.01770	0.02135	0.01263	0.01506	0.01134	0.00731	0.00607	0.00196	0.00952	0.00522	0.00375	0.01125
2	0.01158	0.00792	0.00952	0.01030	0.01049	0.00772	0.00624	0.01217	0.01392	0.01856	0.03474	0.30817	0.04094	0.43480	0.03051	0.00636	0.00694	0.01704	0.00624	0.00585
3	0.03044	0.03244	0.02300	0.01989	0.02477	0.41225	0.01536	0.20780	0.02827	0.03168	0.01673	0.01843	0.01305	0.00931	0.00776	0.00228	0.01247	0.00637	0.07666	0.01106
4	0.07972	0.03211	0.33695	0.02239	0.07324	0.07311	0.02261	0.02923	0.12652	0.02859	0.02454	0.02570	0.06948	0.00989	0.00812	0.00269	0.01038	0.00779	0.00511	0.01182
5	0.02356	0.02097	0.07810	0.03074	0.25855	0.02014	0.01970	0.17885	0.02378	0.07239	0.01931	0.02413	0.01559	0.05968	0.01244	0.00304	0.06602	0.00792	0.05267	0.01242
6	0.02221	0.01827	0.02089	0.13607	0.08702	0.09051	0.01594	0.07921	0.14861	0.08688	0.02673	0.07286	0.02252	0.01190	0.00863	0.00275	0.00884	0.05675	0.07223	0.01117
7	0.13808	0.11469	0.02077	0.06697	0.12851	0.01646	0.01286	0.02054	0.01720	0.02683	0.09118	0.08929	0.02693	0.11092	0.01269	0.00334	0.00747	0.00973	0.07637	0.00918
8	0.20129	0.01763	0.10892	0.13392	0.08111	0.01520	0.01592	0.02069	0.01733	0.02826	0.07772	0.15820	0.06508	0.01332	0.00831	0.00285	0.00792	0.01120	0.00569	0.00944

[dist]
# distance from previous block
# <min> <max>
115	185

[block]
# block no. 3 follows, 21 sequences, length 35
# corresponding to MSA columns:
# 361-395
name=unknown_D
#
# <colnr> <probs for GDERKNQSTAVLIFYWHMCP>
#	G	D	E	R	K	N	Q	S	T	A	V	L	I	F	Y	W	H	M	C	P
0	0.31983	0.01594	0.01963	0.07981	0.21378	0.01704	0.01510	0.02252	0.01719	0.03056	0.02827	0.03041	0.13765	0.01058	0.00747	0.00267	0.00762	0.00844	0.00534	0.01015
1	0.01661	0.03117	0.37444	0.02720	0.14598	0.01743	0.06133	0.02385	0.01850	0.02628	0.02791	0.05965	0.11118	0.01086	0.00870	0.00274	0.01060	0.00938	0.00461	0.01159
2	0.02302	0.02031	0.03139	0.04017	0.41178	0.02098	0.05266	0.17015	0.02397	0.03340	0.01772	0.02205	0.01435	0.01295	0.06412	0.00349	0.01122	0.00786	0.00530	0.01312
3	0.02247	0.02906	0.11354	0.13719	0.10011	0.20399	0.21776	0.02812	0.02039	0.02455	0.01536	0.01994	0.01189	0.00800	0.00871	0.00262	0.01350	0.00763	0.00414	0.01103
4	0.01182	0.00850	0.01040	0.01135	0.01246	0.00813	0.00815	0.01352	0.01633	0.02110	0.04660	0.22204	0.15002	0.25328	0.02193	0.00509	0.00666	0.15906	0.00696	0.00659
5	0.01091	0.00865	0.00981	0.00952	0.01202	0.00755	0.00714	0.01387	0.02142	0.02778	0.32607	0.07401	0.40153	0.01976	0.01005	0.00279	0.00418	0.01685	0.00853	0.00755
6	0.02144	0.02653	0.18519	0.03647	0.30789	0.02109	0.07477	0.10294	0.08210	0.03157	0.01832	0.02144	0.01413	0.00839	0.00851	0.00264	0.01064	0.00768	0.00505	0.01321
7	0.02159	0.03357	0.30349	0.02913	0.09864	0.08482	0.17048	0.10217	0.02201	0.02987	0.01626	0.01955	0.01206	0.00815	0.00861	0.00265	0.01263	0.00743	0.00453	0.01237
8	0.01118	0.00799	0.01077	0.01253	0.01344	0.00759	0.00908	0.01336	0.01760	0.02350	0.09562	0.52234	0.05679	0.02526	0.01097	0.00349	0.00545	0.13784	0.00801	0.00719
9	0.02168	0.12929	0.03728	0.04335	0.46140	0.04994	0.08412	0.02647	0.01932	0.02623	0.01535	0.01985	0.01291	0.00754	0.00809	0.00244	0.01061	0.00727	0.00414	0.01272
10	0.02589	0.02705	0.02446	0.14931	0.06310	0.27058	0.01784	0.16009	0.02485	0.02882	0.01961	0.02254	0.05070	0.01028	0.00992	0.00259	0.06882	0.00741	0.00534	0.01079
11	0.01037	0.00741	0.00987	0.01185	0.01234	0.00691	0.00790	0.01185	0.01629	0.02172	0.04690	0.69537	0.05629	0.02666	0.01086	0.00346	0.00494	0.02419	0.00790	0.00691
12	0.01274	0.00957	0.01401	0.01381	0.01527	0.01133	0.01079	0.01577	0.01390	0.02053	0.02245	0.03250	0.02075	0.05781	0.59120	0.01241	0.05851	0.00895	0.04998	0.00771
13	0.09298	0.01544	0.01857	0.01520	0.02093	0.01531	0.01228	0.03985	0.19711	0.39365	0.06322	0.03025	0.02450	0.01095	0.00838	0.00271	0.00688	0.00888	0.00949	0.01342
14	0.02157	0.02354	0.02563	0.02225	0.02323	0.16979	0.01813	0.02351	0.01552	0.02056	0.01162	0.01788	0.01112	0.01352	0.02338	0.00338	0.53505	0.00701	0.00387	0.00943
15	0.01346	0.01023	0.01270	0.01251	0.01497	0.01012	0.00989	0.01999	0.10497	0.03131	0.37289	0.06831	0.12044	0.01838	0.01024	0.00300	0.00527	0.14389	0.00879	0.00864
16	0.01440	0.01261	0.01979	0.01767	0.01941	0.01532	0.06374	0.01750	0.01406	0.02057	0.01949	0.02893	0.01810	0.04710	0.45564	0.01033	0.18388	0.00879	0.00433	0.00834
17	0.01216	0.00912	0.01368	0.01368	0.01520	0.01064	0.01064	0.01520	0.01368	0.01976	0.02279	0.03343	0.02127	0.06382	0.66720	0.01368	0.02279	0.00912	0.00456	0.00760
18	0.01478	0.00739	0.01109	0.01109	0.01109	0.00739	0.00739	0.01109	0.01109	0.01478	0.01478	0.02587	0.01478	0.02956	0.03326	0.75240	0.00739	0.00739	0.00370	0.00370
19	0.05748	0.01782	0.02778	0.13291	0.35950	0.01847	0.02137	0.02877	0.07217	0.11459	0.02115	0.02667	0.01684	0.00927	0.00849	0.00269	0.00933	0.03653	0.00563	0.01254
20	0.01365	0.00864	0.01136	0.01136	0.01306	0.00954	0.00874	0.01707	0.01536	0.02459	0.02480	0.03274	0.02149	0.04205	0.40014	0.00895	0.01519	0.00864	0.30488	0.00773
21	0.01037	0.00741	0.00987	0.01185	0.01234	0.00691	0.00790	0.01185	0.01629	0.02172	0.04690	0.69537	0.05629	0.02666	0.01086	0.00346	0.00494	0.02419	0.00790	0.00691
22	0.02112	0.01734	0.01829	0.01657	0.02091	0.04710	0.01343	0.17178	0.23587	0.03520	0.03928	0.05028	0.10590	0.01528	0.00951	0.00303	0.00772	0.15188	0.00813	0.01138
23	0.01756	0.03093	0.34548	0.10873	0.03916	0.01892	0.19053	0.02482	0.01776	0.02518	0.01574	0.02072	0.01184	0.01000	0.01116	0.07663	0.01240	0.00760	0.00382	0.01100
24	0.01037	0.00741	0.00987	0.01185	0.01234	0.00691	0.00790	0.01185	0.01629	0.02172	0.04690	0.69537	0.05629	0.02666	0.01086	0.00346	0.00494	0.02419	0.00790	0.00691
25	0.02943	0.07458	0.02654	0.02213	0.02640	0.53826	0.04140	0.03183	0.02242	0.02101	0.01304	0.01591	0.01106	0.00926	0.00975	0.00236	0.08459	0.00582	0.00427	0.00993
26	0.01082	0.00853	0.00977	0.00972	0.01203	0.00747	0.00719	0.01360	0.02082	0.02698	0.28830	0.13766	0.37575	0.02054	0.01013	0.00286	0.00427	0.01765	0.00844	0.00747
27	0.02119	0.02131	0.03174	0.17044	0.47071	0.08588	0.02465	0.02607	0.01940	0.02592	0.01555	0.02079	0.01281	0.00788	0.00836	0.00255	0.01088	0.00736	0.00415	0.01233
28	0.01586	0.00793	0.00793	0.00793	0.00991	0.00793	0.00595	0.01983	0.01785	0.03173	0.02776	0.03173	0.02181	0.00991	0.00595	0.00198	0.00397	0.00793	0.74817	0.00793
29	0.02196	0.02380	0.02770	0.31410	0.21765	0.20327	0.02230	0.02647	0.01971	0.02321	0.01482	0.02014	0.01185	0.00832	0.00825	0.00257	0.01213	0.00698	0.00408	0.01072
30	0.01799	0.01700	0.02327	0.46022	0.04584	0.06657	0.02006	0.07404	0.01959	0.02454	0.02281	0.05873	0.06713	0.01088	0.00941	0.00283	0.03560	0.00908	0.00478	0.00961
31	0.02094	0.01939	0.02122	0.10585	0.11473	0.12052	0.01571	0.13798	0.05476	0.03013	0.06533	0.17707	0.05244	0.01404	0.00905	0.00277	0.00902	0.01198	0.00653	0.01052
32	0.07143	0.02725	0.01961	0.01756	0.02131	0.34618	0.01325	0.11125	0.02276	0.02604	0.01828	0.02169	0.03974	0.01358	0.01265	0.14846	0.01137	0.00677	0.04176	0.00907
33	0.05714	0.12747	0.03256	0.05833	0.08706	0.30679	0.12980	0.02918	0.02068	0.02333	0.01394	0.01750	0.01151	0.00838	0.00873	0.00242	0.04382	0.00655	0.00422	0.01058
34	0.01742	0.01730	0.01628	0.04634	0.01963	0.14308	0.01215	0.02263	0.08457	0.02657	0.18841	0.05221	0.17170	0.01596	0.01104	0.00287	0.06485	0.07097	0.00708	0.00893

[dist]
# distance from previous block
# <min> <max>
2	25

[block]
# block no. 4 follows, 21 sequences, length 51
# corresponding to MSA columns:
# 421-471
name=unknown_E
#
# <colnr> <probs for GDERKNQSTAVLIFYWHMCP>
#	G	D	E	R	K	N	Q	S	T	A	V	L	I	F	Y	W	H	M	C	P
0	0.02301	0.02483	0.03559	0.04291	0.40313	0.14960	0.14226	0.02792	0.02047	0.02630	0.01568	0.02030	0.01286	0.00774	0.00860	0.00253	0.01200	0.00765	0.00427	0.01236
1	0.02511	0.17802	0.02569	0.01794	0.02235	0.36931	0.01435	0.02782	0.02199	0.02290	0.11383	0.02675	0.02391	0.01277	0.03579	0.00275	0.01220	0.03174	0.00516	0.00962
2	0.01012	0.00838	0.00887	0.00927	0.01166	0.00713	0.00675	0.01214	0.01878	0.02274	0.07836	0.20442	0.52693	0.02257	0.01022	0.00299	0.00444	0.01921	0.00790	0.00713
3	0.01260	0.00977	0.01452	0.01427	0.01568	0.01169	0.01118	0.01556	0.01363	0.01980	0.02200	0.03242	0.02059	0.06048	0.62356	0.01300	0.06802	0.00900	0.00450	0.00772
4	0.01266	0.05734	0.13168	0.01273	0.01690	0.01130	0.01189	0.01621	0.01844	0.02416	0.12896	0.15744	0.26240	0.08501	0.01279	0.00337	0.00658	0.01508	0.00677	0.00828
5	0.20638	0.40322	0.03260	0.01520	0.02141	0.15660	0.01362	0.02707	0.01796	0.02466	0.01210	0.01403	0.01051	0.00773	0.00585	0.00209	0.00973	0.00475	0.00419	0.01029
6	0.01006	0.00862	0.00862	0.00862	0.01149	0.00718	0.00647	0.01221	0.01940	0.02299	0.08621	0.08190	0.64438	0.02155	0.01006	0.00287	0.00431	0.01796	0.00790	0.00718
7	0.01216	0.00912	0.01368	0.01368	0.01520	0.01064	0.01064	0.01520	0.01368	0.01976	0.02279	0.03343	0.02127	0.06382	0.66720	0.01368	0.02279	0.00912	0.00456	0.00760
8	0.02106	0.02022	0.03454	0.05223	0.64784	0.02022	0.02612	0.02612	0.01938	0.02780	0.01601	0.02106	0.01348	0.00758	0.00842	0.00253	0.01011	0.00758	0.00421	0.01348
9	0.03179	0.04056	0.02412	0.02192	0.02631	0.66676	0.01644	0.03398	0.02412	0.02083	0.01315	0.01535	0.01096	0.00877	0.00767	0.00219	0.01535	0.00548	0.00438	0.00987
10	0.01043	0.00864	0.00913	0.00901	0.01172	0.00734	0.00676	0.01293	0.02027	0.02505	0.18952	0.07850	0.53978	0.02078	0.01005	0.00284	0.00426	0.01748	0.00817	0.00734
11	0.01216	0.00912	0.01368	0.01368	0.01520	0.01064	0.01064	0.01520	0.01368	0.01976	0.02279	0.03343	0.02127	0.06382	0.66720	0.01368	0.02279	0.00912	0.00456	0.00760
12	0.02677	0.03183	0.02155	0.01980	0.02370	0.46111	0.01498	0.03196	0.10127	0.02255	0.01774	0.02083	0.01483	0.01934	0.13016	0.00441	0.01561	0.00669	0.00497	0.00991
13	0.01037	0.00741	0.00987	0.01185	0.01234	0.00691	0.00790	0.01185	0.01629	0.02172	0.04690	0.69537	0.05629	0.02666	0.01086	0.00346	0.00494	0.02419	0.00790	0.00691
14	0.01270	0.00936	0.01245	0.01220	0.01290	0.01056	0.00860	0.01423	0.01302	0.01827	0.02390	0.04290	0.02513	0.36021	0.33025	0.01045	0.06099	0.01054	0.00478	0.00657
15	0.02054	0.02331	0.11544	0.04860	0.56841	0.02016	0.02681	0.02623	0.01919	0.02769	0.01591	0.02066	0.01313	0.00765	0.00838	0.00255	0.01043	0.00741	0.00413	0.01336
16	0.01597	0.01486	0.02330	0.37085	0.04022	0.01917	0.01969	0.02010	0.01528	0.02101	0.01560	0.02374	0.01328	0.02127	0.14535	0.00524	0.19425	0.00784	0.00392	0.00904
17	0.01371	0.00980	0.01371	0.01567	0.01763	0.00980	0.01371	0.01763	0.01959	0.02547	0.04506	0.09599	0.04898	0.02351	0.01175	0.00392	0.00784	0.59056	0.00784	0.00784
18	0.03027	0.03827	0.02751	0.02374	0.02867	0.58288	0.09451	0.03311	0.02359	0.02166	0.01368	0.01634	0.01122	0.00856	0.00798	0.00228	0.01522	0.00607	0.00437	0.01008
19	0.02152	0.02588	0.09101	0.27808	0.20616	0.18464	0.02325	0.02656	0.01956	0.02366	0.01487	0.01990	0.01176	0.00828	0.00823	0.00257	0.01216	0.00691	0.00403	0.01095
20	0.01702	0.01480	0.02060	0.02703	0.20742	0.05284	0.01760	0.02117	0.01980	0.02589	0.03440	0.06859	0.03601	0.01783	0.01051	0.00340	0.00898	0.37993	0.00654	0.00965
21	0.01719	0.01665	0.02188	0.01946	0.02020	0.05508	0.01587	0.01946	0.01384	0.02026	0.01511	0.02333	0.01449	0.03070	0.23763	0.00692	0.43123	0.00789	0.00403	0.00877
22	0.01896	0.01505	0.02072	0.14452	0.14977	0.01634	0.01527	0.13863	0.02051	0.02811	0.02107	0.03328	0.01959	0.22914	0.05042	0.00489	0.00988	0.00919	0.04490	0.00974
23	0.02241	0.03948	0.35025	0.02536	0.03460	0.23337	0.12105	0.02932	0.02034	0.02498	0.01489	0.01791	0.01118	0.00816	0.00827	0.00256	0.01378	0.00663	0.00397	0.01151
24	0.02919	0.03516	0.02459	0.02186	0.02552	0.49990	0.01686	0.06686	0.02287	0.02275	0.01320	0.01631	0.01122	0.01008	0.01177	0.00252	0.14879	0.00601	0.00450	0.01003
25	0.01061	0.00815	0.00934	0.01000	0.01159	0.00728	0.00691	0.01237	0.01770	0.02246	0.10254	0.29548	0.31692	0.11141	0.01467	0.00377	0.00503	0.01928	0.00764	0.00688
26	0.02116	0.03570	0.31718	0.02952	0.09935	0.14946	0.17209	0.02835	0.01986	0.02589	0.01540	0.01899	0.01162	0.00795	0.00852	0.00262	0.01331	0.00718	0.00399	0.01186
27	0.01464	0.01196	0.01760	0.05854	0.14472	0.01191	0.01541	0.01856	0.01937	0.02527	0.04513	0.07437	0.14889	0.01914	0.01060	0.00339	0.00784	0.33682	0.00690	0.00893
28	0.01248	0.00927	0.01207	0.01355	0.01559	0.00886	0.01134	0.01572	0.01921	0.02448	0.05538	0.15274	0.19635	0.02334	0.01125	0.00361	0.00668	0.39264	0.00786	0.00758
29	0.02610	0.03063	0.02245	0.02305	0.10354	0.41612	0.01568	0.06107	0.02344	0.02398	0.02852	0.02966	0.13798	0.01125	0.00829	0.00239	0.01214	0.00837	0.00529	0.01005
30	0.01767	0.01814	0.06268	0.24049	0.22412	0.01787	0.09994	0.02323	0.01869	0.02530	0.02165	0.03663	0.01968	0.01103	0.00931	0.00296	0.01073	0.12433	0.00478	0.01077
31	0.02106	0.02022	0.03454	0.05223	0.64784	0.02022	0.02612	0.02612	0.01938	0.02780	0.01601	0.02106	0.01348	0.00758	0.00842	0.00253	0.01011	0.00758	0.00421	0.01348
32	0.02018	0.01932	0.03294	0.16358	0.54340	0.01999	0.02568	0.02534	0.01896	0.02673	0.01585	0.02135	0.01310	0.00775	0.00844	0.00258	0.01033	0.00758	0.00414	0.01277
33	0.01781	0.03883	0.50743	0.02712	0.03871	0.02020	0.17564	0.02703	0.01849	0.02703	0.01575	0.01920	0.01131	0.00786	0.00857	0.00274	0.01301	0.00721	0.00377	0.01231
34	0.01944	0.02766	0.18915	0.03410	0.07616	0.02104	0.44924	0.02713	0.01956	0.02722	0.01670	0.02170	0.01245	0.00741	0.00950	0.00281	0.01370	0.00904	0.00414	0.01184
35	0.01037	0.00741	0.00987	0.01185	0.01234	0.00691	0.00790	0.01185	0.01629	0.02172	0.04690	0.69537	0.05629	0.02666	0.01086	0.00346	0.00494	0.02419	0.00790	0.00691
36	0.03235	0.02384	0.02554	0.01958	0.02639	0.02639	0.01618	0.61946	0.04001	0.05363	0.02043	0.02043	0.01447	0.01022	0.00851	0.00255	0.00936	0.00766	0.00851	0.01447
37	0.01006	0.00862	0.00862	0.00862	0.01149	0.00718	0.00647	0.01221	0.01940	0.02299	0.08621	0.08190	0.64438	0.02155	0.01006	0.00287	0.00431	0.01796	0.00790	0.00718
38	0.02117	0.01828	0.01924	0.01732	0.02213	0.02117	0.01347	0.04522	0.63246	0.03560	0.03464	0.03175	0.02598	0.01155	0.00866	0.00289	0.00673	0.00962	0.00866	0.01347
39	0.01862	0.01862	0.02607	0.02234	0.02234	0.02607	0.01862	0.02048	0.01303	0.02048	0.01117	0.01862	0.01117	0.01489	0.02793	0.00372	0.68535	0.00745	0.00372	0.00931
40	0.03179	0.04056	0.02412	0.02192	0.02631	0.66676	0.01644	0.03398	0.02412	0.02083	0.01315	0.01535	0.01096	0.00877	0.00767	0.00219	0.01535	0.00548	0.00438	0.00987
41	0.02653	0.03038	0.01942	0.01791	0.02151	0.45972	0.01346	0.02921	0.02186	0.02344	0.01741	0.02062	0.01434	0.01281	0.05227	0.00292	0.01305	0.00633	0.18757	0.00923
42	0.01707	0.04402	0.65683	0.02426	0.03683	0.01976	0.03144	0.02695	0.01797	0.02695	0.01527	0.01797	0.01078	0.00809	0.00809	0.00270	0.01258	0.00629	0.00359	0.01258
43	0.01371	0.00980	0.01371	0.01567	0.01763	0.00980	0.01371	0.01763	0.01959	0.02547	0.04506	0.09599	0.04898	0.02351	0.01175	0.00392	0.00784	0.59056	0.00784	0.00784
44	0.01723	0.04290	0.62472	0.02487	0.03724	0.01986	0.06243	0.02697	0.01808	0.02697	0.01537	0.01823	0.01089	0.00804	0.00819	0.00270	0.01267	0.00649	0.00363	0.01252
45	0.02995	0.17598	0.02828	0.02043	0.02540	0.53793	0.01606	0.03225	0.02273	0.02066	0.01289	0.01500	0.01095	0.00847	0.00722	0.00212	0.01408	0.00529	0.00423	0.01008
46	0.01033	0.00814	0.00914	0.00988	0.01166	0.00715	0.00692	0.01209	0.01775	0.02207	0.06737	0.31095	0.38122	0.06985	0.01263	0.00346	0.00482	0.01992	0.00771	0.00694
47	0.01006	0.00862	0.00862	0.00862	0.01149	0.00718	0.00647	0.01221	0.01940	0.02299	0.08621	0.08190	0.64438	0.02155	0.01006	0.00287	0.00431	0.01796	0.00790	0.00718
48	0.03072	0.12384	0.02705	0.02051	0.02574	0.46064	0.01615	0.14608	0.02630	0.02707	0.01439	0.01611	0.01164	0.00886	0.00755	0.00221	0.01338	0.00578	0.00509	0.01089
49	0.02157	0.03657	0.48578	0.02319	0.03428	0.01841	0.06755	0.02993	0.01941	0.15452	0.01913	0.02055	0.01302	0.00852	0.00832	0.00269	0.01161	0.00701	0.00505	0.01289
50	0.02703	0.03101	0.02500	0.02685	0.14949	0.37855	0.01764	0.03518	0.17299	0.02586	0.01902	0.02053	0.01516	0.00922	0.00807	0.00243	0.01218	0.00692	0.00540	0.01148

[dist]
# distance from previous block
# <min> <max>
1	11

[block]
# block no. 5 follows, 21 sequences, length 74
# corresponding to MSA columns:
# 485-558
name=unknown_F
#
# <colnr> <probs for GDERKNQSTAVLIFYWHMCP>
#	G	D	E	R	K	N	Q	S	T	A	V	L	I	F	Y	W	H	M	C	P
0	0.06177	0.14344	0.03522	0.04066	0.43548	0.06331	0.04990	0.02649	0.01907	0.02651	0.01492	0.01908	0.01261	0.00760	0.00776	0.00240	0.01027	0.00686	0.00418	0.01248
1	0.03050	0.08471	0.02521	0.02113	0.02574	0.58279	0.01613	0.03411	0.06194	0.02170	0.01442	0.01626	0.01190	0.00884	0.00758	0.00221	0.01438	0.00568	0.00460	0.01016
2	0.05928	0.03087	0.29370	0.02547	0.09126	0.02132	0.07845	0.17585	0.05220	0.06323	0.01836	0.02027	0.01325	0.00875	0.00831	0.00266	0.01090	0.00728	0.00558	0.01300
3	0.02401	0.10584	0.27886	0.02493	0.09125	0.23824	0.02315	0.06963	0.02161	0.02611	0.01464	0.01713	0.01137	0.00833	0.00775	0.00241	0.01269	0.00606	0.00426	0.01172
4	0.18907	0.05651	0.01616	0.01316	0.01634	0.01574	0.01031	0.09916	0.01741	0.02802	0.01998	0.02993	0.01867	0.15573	0.27004	0.00789	0.01372	0.00818	0.00531	0.00867
5	0.06678	0.02090	0.03755	0.02827	0.03468	0.02187	0.36175	0.03041	0.16069	0.02901	0.02014	0.02386	0.01548	0.00923	0.01173	0.00297	0.09860	0.00927	0.00530	0.01152
6	0.06661	0.02462	0.12706	0.03774	0.22719	0.02072	0.31589	0.02672	0.01922	0.02807	0.01624	0.02111	0.01256	0.00747	0.00897	0.00273	0.01231	0.00842	0.00424	0.01210
7	0.02475	0.02443	0.03178	0.03452	0.25910	0.16195	0.13070	0.03201	0.10487	0.08186	0.01969	0.02231	0.01519	0.00857	0.00860	0.00258	0.01133	0.00794	0.00543	0.01240
8	0.01042	0.00858	0.00916	0.00913	0.01175	0.00732	0.00680	0.01286	0.02006	0.02485	0.18050	0.10764	0.51933	0.02108	0.01009	0.00287	0.00429	0.01781	0.00816	0.00732
9	0.03179	0.04056	0.02412	0.02192	0.02631	0.66676	0.01644	0.03398	0.02412	0.02083	0.01315	0.01535	0.01096	0.00877	0.00767	0.00219	0.01535	0.00548	0.00438	0.00987
10	0.02310	0.57288	0.10368	0.01627	0.02379	0.09607	0.01644	0.02649	0.01805	0.02080	0.01231	0.01425	0.01091	0.00751	0.00595	0.00195	0.01008	0.00482	0.00371	0.01098
11	0.01294	0.00924	0.01282	0.01479	0.01641	0.00913	0.01237	0.01629	0.01883	0.02460	0.04549	0.23485	0.05067	0.02424	0.01155	0.00381	0.00716	0.45935	0.00785	0.00762
12	0.01204	0.00870	0.01138	0.01071	0.01271	0.00803	0.00803	0.01606	0.02409	0.03413	0.64335	0.06357	0.08030	0.01740	0.01004	0.00268	0.00401	0.01539	0.00937	0.00803
13	0.01229	0.00859	0.01101	0.01101	0.01161	0.00919	0.00731	0.01349	0.01289	0.01778	0.02523	0.04694	0.02714	0.45035	0.28869	0.01038	0.01397	0.01109	0.00492	0.00612
14	0.02106	0.02022	0.03454	0.05223	0.64784	0.02022	0.02612	0.02612	0.01938	0.02780	0.01601	0.02106	0.01348	0.00758	0.00842	0.00253	0.01011	0.00758	0.00421	0.01348
15	0.01862	0.01862	0.02607	0.02234	0.02234	0.02607	0.01862	0.02048	0.01303	0.02048	0.01117	0.01862	0.01117	0.01489	0.02793	0.00372	0.68535	0.00745	0.00372	0.00931
16	0.01006	0.00862	0.00862	0.00862	0.01149	0.00718	0.00647	0.01221	0.01940	0.02299	0.08621	0.08190	0.64438	0.02155	0.01006	0.00287	0.00431	0.01796	0.00790	0.00718
17	0.03818	0.01448	0.01975	0.01514	0.02172	0.01251	0.01251	0.04147	0.02436	0.65373	0.03357	0.02897	0.02107	0.01053	0.00856	0.00263	0.00724	0.00856	0.01053	0.01448
18	0.01707	0.04402	0.65683	0.02426	0.03683	0.01976	0.03144	0.02695	0.01797	0.02695	0.01527	0.01797	0.01078	0.00809	0.00809	0.00270	0.01258	0.00629	0.00359	0.01258
19	0.02106	0.02022	0.03454	0.05223	0.64784	0.02022	0.02612	0.02612	0.01938	0.02780	0.01601	0.02106	0.01348	0.00758	0.00842	0.00253	0.01011	0.00758	0.00421	0.01348
20	0.02147	0.03228	0.25795	0.03520	0.28927	0.13166	0.02579	0.02868	0.04857	0.02666	0.01613	0.01946	0.01265	0.00816	0.00818	0.00255	0.01175	0.00685	0.00423	0.01253
21	0.03818	0.01448	0.01975	0.01514	0.02172	0.01251	0.01251	0.04147	0.02436	0.65373	0.03357	0.02897	0.02107	0.01053	0.00856	0.00263	0.00724	0.00856	0.01053	0.01448
22	0.01037	0.00741	0.00987	0.01185	0.01234	0.00691	0.00790	0.01185	0.01629	0.02172	0.04690	0.69537	0.05629	0.02666	0.01086	0.00346	0.00494	0.02419	0.00790	0.00691
23	0.02495	0.05706	0.01877	0.01545	0.01942	0.25493	0.01203	0.13027	0.02401	0.03097	0.02032	0.02283	0.01600	0.00942	0.00701	0.00215	0.00935	0.00682	0.30831	0.00994
24	0.01607	0.01513	0.02552	0.68047	0.05861	0.01891	0.02363	0.02174	0.01702	0.02174	0.01513	0.02269	0.01134	0.00851	0.00851	0.00284	0.01134	0.00756	0.00378	0.00945
25	0.01862	0.01862	0.02607	0.02234	0.02234	0.02607	0.01862	0.02048	0.01303	0.02048	0.01117	0.01862	0.01117	0.01489	0.02793	0.00372	0.68535	0.00745	0.00372	0.00931
26	0.01727	0.01059	0.01187	0.01068	0.01453	0.00930	0.00831	0.02107	0.05913	0.16990	0.07077	0.06648	0.46106	0.01837	0.00962	0.00282	0.00514	0.01526	0.00856	0.00927
27	0.01737	0.08667	0.55658	0.08424	0.03782	0.02064	0.02957	0.02637	0.01783	0.02600	0.01502	0.01811	0.01084	0.00807	0.00794	0.00265	0.01223	0.00629	0.00361	0.01217
28	0.01862	0.01862	0.02607	0.02234	0.02234	0.02607	0.01862	0.02048	0.01303	0.02048	0.01117	0.01862	0.01117	0.01489	0.02793	0.00372	0.68535	0.00745	0.00372	0.00931
29	0.01707	0.04402	0.65683	0.02426	0.03683	0.01976	0.03144	0.02695	0.01797	0.02695	0.01527	0.01797	0.01078	0.00809	0.00809	0.00270	0.01258	0.00629	0.00359	0.01258
30	0.01160	0.00831	0.01116	0.01235	0.01361	0.00787	0.00922	0.01436	0.01931	0.02620	0.22221	0.37757	0.06175	0.02324	0.01082	0.00333	0.00530	0.14602	0.00832	0.00744
31	0.02867	0.03342	0.02729	0.03069	0.20942	0.43245	0.01927	0.07174	0.02381	0.02513	0.01449	0.01738	0.01194	0.00852	0.00795	0.00232	0.01339	0.00625	0.00462	0.01125
32	0.01096	0.00866	0.00987	0.00957	0.01205	0.00757	0.00718	0.01396	0.02153	0.02805	0.33919	0.07358	0.38825	0.01967	0.01005	0.00278	0.00418	0.01679	0.00857	0.00757
33	0.01291	0.00954	0.01259	0.01412	0.01628	0.00922	0.01212	0.01644	0.01955	0.02492	0.05410	0.09290	0.17977	0.02308	0.01138	0.00369	0.00706	0.46477	0.00785	0.00769
34	0.02040	0.02209	0.04525	0.04105	0.23545	0.02111	0.42993	0.02690	0.01986	0.02743	0.01683	0.02236	0.01309	0.00730	0.00953	0.00276	0.01301	0.00926	0.00428	0.01211
35	0.01681	0.01598	0.02810	0.11038	0.03092	0.01719	0.20715	0.04703	0.01821	0.02519	0.02534	0.22061	0.02568	0.01460	0.01270	0.00312	0.11841	0.01326	0.03983	0.00948
36	0.01062	0.00864	0.00940	0.00921	0.01184	0.00742	0.00691	0.01330	0.02073	0.02614	0.24401	0.07671	0.48462	0.02038	0.01005	0.00282	0.00423	0.01723	0.00832	0.00742
37	0.03179	0.04056	0.02412	0.02192	0.02631	0.66676	0.01644	0.03398	0.02412	0.02083	0.01315	0.01535	0.01096	0.00877	0.00767	0.00219	0.01535	0.00548	0.00438	0.00987
38	0.01110	0.00793	0.01072	0.01269	0.01350	0.00755	0.00918	0.01312	0.01702	0.02255	0.04650	0.56370	0.05468	0.02597	0.01106	0.00356	0.00557	0.14861	0.00789	0.00712
39	0.02055	0.01989	0.03452	0.10945	0.56227	0.02017	0.05636	0.02577	0.01920	0.02721	0.01599	0.02131	0.01325	0.00765	0.00852	0.00257	0.01044	0.00771	0.00418	0.01300
40	0.01707	0.04402	0.65683	0.02426	0.03683	0.01976	0.03144	0.02695	0.01797	0.02695	0.01527	0.01797	0.01078	0.00809	0.00809	0.00270	0.01258	0.00629	0.00359	0.01258
41	0.01216	0.00912	0.01368	0.01368	0.01520	0.01064	0.01064	0.01520	0.01368	0.01976	0.02279	0.03343	0.02127	0.06382	0.66720	0.01368	0.02279	0.00912	0.00456	0.00760
42	0.02106	0.02022	0.03454	0.05223	0.64784	0.02022	0.02612	0.02612	0.01938	0.02780	0.01601	0.02106	0.01348	0.00758	0.00842	0.00253	0.01011	0.00758	0.00421	0.01348
43	0.01775	0.03184	0.36092	0.17676	0.13737	0.01981	0.08461	0.02568	0.01817	0.02595	0.01554	0.01998	0.01153	0.00802	0.00842	0.00272	0.01209	0.00713	0.00380	0.01191
44	0.02791	0.03410	0.02469	0.02205	0.02514	0.47801	0.01708	0.03000	0.02085	0.02073	0.01257	0.01631	0.01102	0.01057	0.01364	0.00264	0.21273	0.00606	0.00419	0.00970
45	0.01006	0.00862	0.00862	0.00862	0.01149	0.00718	0.00647	0.01221	0.01940	0.02299	0.08621	0.08190	0.64438	0.02155	0.01006	0.00287	0.00431	0.01796	0.00790	0.00718
46	0.01179	0.00800	0.00946	0.01003	0.01018	0.00786	0.00596	0.01222	0.01352	0.01803	0.03269	0.24283	0.03835	0.50367	0.03382	0.00685	0.00728	0.01583	0.00596	0.00567
47	0.01216	0.00912	0.01368	0.01368	0.01520	0.01064	0.01064	0.01520	0.01368	0.01976	0.02279	0.03343	0.02127	0.06382	0.66720	0.01368	0.02279	0.00912	0.00456	0.00760
