[name]
unknown

[dist]
# distance from previous block
# <min> <max>
1	30

[block]
# block no. 0 follows, 22 sequences, length 10
# corresponding to MSA columns:
# 30-39
name=unknown_A
#
# <colnr> <probs for GDERKNQSTAVLIFYWHMCP>
#	G	D	E	R	K	N	Q	S	T	A	V	L	I	F	Y	W	H	M	C	P
0	0.10465	0.02057	0.10291	0.07368	0.02459	0.06960	0.01484	0.10834	0.04177	0.03015	0.01769	0.02119	0.01407	0.01569	0.09923	0.00374	0.01060	0.00658	0.06600	0.15412
1	0.01587	0.01423	0.02223	0.01825	0.02133	0.03842	0.15480	0.01930	0.01562	0.02252	0.02030	0.03054	0.01858	0.13547	0.19923	0.00644	0.09409	0.00899	0.10786	0.03593
2	0.02477	0.10017	0.03005	0.02135	0.02684	0.11108	0.15325	0.12494	0.02217	0.11694	0.01862	0.02176	0.01442	0.01610	0.09760	0.00397	0.07154	0.00766	0.00565	0.01113
3	0.44660	0.01773	0.01486	0.01323	0.01784	0.10275	0.01059	0.02623	0.01658	0.11833	0.01640	0.01884	0.01273	0.01705	0.11475	0.00427	0.01021	0.00586	0.00563	0.00953
4	0.01395	0.00918	0.01306	0.01264	0.01436	0.01000	0.00959	0.01661	0.01485	0.07219	0.07479	0.03767	0.02673	0.14351	0.47958	0.01087	0.01757	0.00979	0.00539	0.00767
5	0.01038	0.00817	0.00937	0.00964	0.01171	0.00716	0.00701	0.01279	0.01940	0.02490	0.21835	0.21688	0.37243	0.02115	0.00999	0.00289	0.00427	0.01828	0.00807	0.00716
6	0.02703	0.03276	0.02499	0.11854	0.10164	0.47511	0.01822	0.02995	0.02149	0.02121	0.01333	0.01679	0.01104	0.00870	0.00869	0.00234	0.04810	0.00597	0.00415	0.00995
7	0.27407	0.01802	0.01729	0.01911	0.12045	0.10837	0.01233	0.02468	0.07138	0.02958	0.10061	0.02839	0.02338	0.10595	0.01200	0.00328	0.00810	0.00794	0.00565	0.00942
8	0.01494	0.01428	0.01305	0.01221	0.01555	0.10265	0.00911	0.01911	0.07287	0.02432	0.08946	0.16982	0.27473	0.01703	0.00901	0.00259	0.00629	0.01432	0.00700	0.11166
9	0.01923	0.01179	0.01407	0.01295	0.01600	0.01157	0.00966	0.11862	0.04664	0.14605	0.04238	0.29506	0.12264	0.07812	0.01235	0.00338	0.00621	0.01572	0.00809	0.00947

[dist]
# distance from previous block
# <min> <max>
0	2

[block]
# block no. 1 follows, 22 sequences, length 18
# corresponding to MSA columns:
# 42-59
name=unknown_B
#
# <colnr> <probs for GDERKNQSTAVLIFYWHMCP>
#	G	D	E	R	K	N	Q	S	T	A	V	L	I	F	Y	W	H	M	C	P
0	0.02449	0.02524	0.02123	0.05253	0.02396	0.28987	0.01498	0.03036	0.12101	0.07667	0.05871	0.06312	0.02070	0.01170	0.01145	0.00267	0.12696	0.00836	0.00581	0.01018
1	0.02212	0.02735	0.08992	0.01769	0.02260	0.29845	0.01487	0.02555	0.01987	0.02356	0.05534	0.05744	0.01852	0.01247	0.04078	0.00273	0.05002	0.00733	0.04088	0.15253
2	0.01796	0.01449	0.02189	0.22772	0.16081	0.01590	0.01745	0.02515	0.10532	0.07484	0.13137	0.03154	0.02696	0.01549	0.07392	0.00371	0.00974	0.00923	0.00597	0.01053
3	0.02012	0.08536	0.02733	0.02638	0.16053	0.09420	0.01810	0.02221	0.01547	0.02101	0.01256	0.01859	0.01170	0.01302	0.01935	0.07699	0.33680	0.00682	0.00380	0.00965
4	0.01928	0.07328	0.14013	0.19354	0.15384	0.08341	0.07398	0.02476	0.01824	0.02425	0.01471	0.01909	0.01160	0.00760	0.00777	0.00235	0.01088	0.00664	0.00399	0.11064
5	0.13649	0.02097	0.06041	0.19136	0.11511	0.09787	0.01827	0.05502	0.10379	0.02785	0.01719	0.02089	0.01351	0.01148	0.04073	0.00316	0.04339	0.00697	0.00493	0.01061
6	0.02019	0.01665	0.02404	0.27036	0.16375	0.01874	0.01901	0.16874	0.02233	0.03078	0.01806	0.02306	0.01408	0.01334	0.06578	0.00347	0.01062	0.00758	0.07851	0.01092
7	0.02245	0.01931	0.02836	0.23478	0.28126	0.02119	0.02179	0.20878	0.02438	0.03306	0.01669	0.02085	0.01282	0.00846	0.00828	0.00257	0.01001	0.00742	0.00527	0.01226
8	0.01813	0.01703	0.02723	0.17456	0.39108	0.01786	0.02137	0.02442	0.07232	0.02595	0.02615	0.02970	0.09898	0.00974	0.00847	0.00261	0.00908	0.00892	0.00488	0.01152
9	0.01183	0.00867	0.00942	0.00910	0.01187	0.00739	0.00684	0.01381	0.01912	0.05917	0.12712	0.07209	0.52720	0.02055	0.01112	0.04900	0.00453	0.01616	0.00774	0.00728
10	0.02329	0.02306	0.01981	0.01743	0.02119	0.23259	0.01364	0.17644	0.02371	0.02836	0.02393	0.02741	0.07613	0.02486	0.18814	0.00538	0.05095	0.00812	0.00564	0.00990
11	0.01570	0.01470	0.02364	0.36861	0.20704	0.01628	0.02004	0.02032	0.01774	0.02307	0.03024	0.03443	0.15267	0.01086	0.00862	0.00270	0.00924	0.00962	0.00469	0.00979
12	0.01931	0.01616	0.01899	0.13403	0.12417	0.08559	0.01477	0.02584	0.10191	0.06420	0.02938	0.03412	0.08094	0.01104	0.00800	0.00253	0.00803	0.04053	0.17037	0.01008
13	0.01189	0.00882	0.01293	0.01293	0.01427	0.01016	0.00986	0.01456	0.01323	0.01897	0.02264	0.03477	0.02169	0.12558	0.61311	0.01283	0.02086	0.00921	0.00451	0.00718
14	0.34576	0.01456	0.01543	0.01289	0.01821	0.01490	0.01048	0.03135	0.04799	0.30812	0.05343	0.05341	0.02008	0.01024	0.00715	0.00262	0.00652	0.00774	0.00783	0.01127
15	0.01764	0.01737	0.03133	0.40960	0.21210	0.01923	0.12642	0.02326	0.01773	0.02370	0.01534	0.02178	0.01188	0.00785	0.00854	0.00270	0.01126	0.00780	0.00389	0.01060
16	0.02056	0.01974	0.03372	0.05099	0.65622	0.01974	0.02550	0.02550	0.01892	0.02714	0.01563	0.02056	0.01316	0.00740	0.00822	0.00247	0.00987	0.00740	0.00411	0.01316
17	0.02056	0.01974	0.03372	0.05099	0.65622	0.01974	0.02550	0.02550	0.01892	0.02714	0.01563	0.02056	0.01316	0.00740	0.00822	0.00247	0.00987	0.00740	0.00411	0.01316

[dist]
# distance from previous block
# <min> <max>
1	7

[block]
# block no. 2 follows, 22 sequences, length 29
# corresponding to MSA columns:
# 67-95
name=unknown_C
#
# <colnr> <probs for GDERKNQSTAVLIFYWHMCP>
#	G	D	E	R	K	N	Q	S	T	A	V	L	I	F	Y	W	H	M	C	P
0	0.06897	0.03543	0.50004	0.02082	0.03090	0.01806	0.02536	0.02625	0.06219	0.02846	0.08750	0.02321	0.01908	0.00914	0.00795	0.00264	0.01053	0.00725	0.00461	0.01161
1	0.02103	0.02129	0.03396	0.08065	0.51524	0.07098	0.08360	0.02598	0.01922	0.02624	0.01548	0.02039	0.01280	0.00750	0.00833	0.00249	0.01074	0.00748	0.00411	0.01248
2	0.01766	0.16399	0.55276	0.02197	0.03331	0.02175	0.02772	0.02605	0.01742	0.02509	0.01430	0.01678	0.01055	0.00775	0.00743	0.00248	0.01166	0.00583	0.00352	0.01199
3	0.02185	0.07430	0.10580	0.01804	0.02308	0.19467	0.01583	0.10709	0.07912	0.02639	0.01877	0.02269	0.01554	0.02501	0.20879	0.00567	0.01481	0.00712	0.00511	0.01032
4	0.01187	0.00890	0.01335	0.01335	0.01483	0.01038	0.01038	0.01483	0.01335	0.01928	0.02225	0.03264	0.02077	0.06231	0.67512	0.01335	0.02225	0.00890	0.00445	0.00742
5	0.01872	0.20473	0.48300	0.02128	0.03191	0.05508	0.02599	0.02630	0.01768	0.02438	0.01399	0.01639	0.01057	0.00774	0.00725	0.00240	0.01159	0.00569	0.00356	0.01176
6	0.02130	0.04014	0.42236	0.02513	0.08133	0.21684	0.02587	0.02831	0.01946	0.02457	0.01434	0.01700	0.01078	0.00806	0.00780	0.00247	0.01290	0.00600	0.00379	0.01155
7	0.01180	0.00851	0.01177	0.01192	0.01288	0.00940	0.00856	0.01375	0.01317	0.01848	0.02527	0.09154	0.02628	0.25407	0.43248	0.01098	0.01661	0.01101	0.00488	0.00665
8	0.01207	0.00811	0.00936	0.00936	0.00947	0.00822	0.00541	0.01228	0.01217	0.01633	0.02590	0.05282	0.02953	0.66227	0.08715	0.00843	0.00906	0.01186	0.00499	0.00520
9	0.01933	0.01849	0.03150	0.21138	0.50542	0.01942	0.02489	0.02442	0.01834	0.02565	0.01541	0.02096	0.01263	0.00763	0.00824	0.00254	0.01017	0.00740	0.00401	0.01217
10	0.01741	0.03854	0.54471	0.02888	0.15415	0.01938	0.02970	0.02615	0.01780	0.02647	0.01505	0.01812	0.01103	0.00780	0.00796	0.00260	0.01182	0.00638	0.00362	0.01245
11	0.01012	0.00723	0.00964	0.01157	0.01205	0.00675	0.00771	0.01157	0.01591	0.02121	0.04579	0.70262	0.05495	0.02603	0.01060	0.00337	0.00482	0.02362	0.00771	0.00675
12	0.02221	0.71304	0.04353	0.01421	0.02132	0.03287	0.01421	0.02488	0.01688	0.01955	0.01155	0.01333	0.01066	0.00711	0.00533	0.00178	0.00888	0.00444	0.00355	0.01066
13	0.02056	0.01974	0.03372	0.05099	0.65622	0.01974	0.02550	0.02550	0.01892	0.02714	0.01563	0.02056	0.01316	0.00740	0.00822	0.00247	0.00987	0.00740	0.00411	0.01316
14	0.00984	0.00834	0.00849	0.00861	0.01127	0.00700	0.00640	0.01190	0.01875	0.02237	0.08181	0.11801	0.61630	0.02134	0.00987	0.00284	0.00425	0.01790	0.00771	0.00700
15	0.01208	0.00805	0.00906	0.00906	0.00906	0.00805	0.00503	0.01208	0.01208	0.01611	0.02618	0.05436	0.03020	0.70804	0.04228	0.00805	0.00805	0.01208	0.00503	0.00503
16	0.03103	0.03959	0.02354	0.02140	0.02568	0.67469	0.01605	0.03317	0.02354	0.02033	0.01284	0.01498	0.01070	0.00856	0.00749	0.00214	0.01498	0.00535	0.00428	0.00963
17	0.01806	0.21167	0.50854	0.02130	0.03227	0.02271	0.02654	0.02595	0.01737	0.02461	0.01406	0.01648	0.01056	0.00769	0.00725	0.00242	0.01142	0.00571	0.00352	0.01187
18	0.01692	0.05504	0.17497	0.01325	0.01867	0.01324	0.01348	0.05242	0.01832	0.02945	0.02169	0.02514	0.01696	0.01130	0.03773	0.00261	0.00753	0.00699	0.39625	0.06803
19	0.02076	0.53839	0.20551	0.01668	0.02514	0.02933	0.01851	0.02525	0.01705	0.02131	0.01242	0.01442	0.01063	0.00731	0.00600	0.00200	0.00977	0.00488	0.00354	0.01108
20	0.01512	0.19471	0.10032	0.01483	0.01907	0.01727	0.01384	0.01882	0.01477	0.02021	0.01860	0.02582	0.01692	0.04145	0.42124	0.00906	0.01759	0.00741	0.00410	0.00884
21	0.02010	0.45875	0.27938	0.01781	0.02688	0.02772	0.02047	0.02542	0.01713	0.02211	0.01282	0.01493	0.01061	0.00741	0.00630	0.00210	0.01017	0.00509	0.00354	0.01127
22	0.02103	0.07105	0.27905	0.02574	0.03523	0.01948	0.25227	0.02813	0.01915	0.11525	0.01793	0.02063	0.01280	0.00778	0.00846	0.00258	0.01177	0.00769	0.00478	0.03919
23	0.01939	0.05958	0.23653	0.04052	0.42773	0.02021	0.02663	0.02573	0.01838	0.02652	0.01521	0.01925	0.01220	0.00755	0.00798	0.00249	0.01060	0.00686	0.00389	0.01276
24	0.01951	0.02332	0.07972	0.03525	0.07419	0.02086	0.56510	0.02654	0.01947	0.02662	0.01665	0.02207	0.01253	0.00707	0.00963	0.00278	0.01371	0.00949	0.00416	0.01136
25	0.01151	0.00830	0.01089	0.01062	0.01236	0.00768	0.00782	0.01506	0.02238	0.03151	0.56151	0.15753	0.07489	0.01833	0.00992	0.00273	0.00405	0.01630	0.00893	0.00768
26	0.01661	0.04138	0.62894	0.06110	0.03715	0.01925	0.03026	0.02602	0.01749	0.02602	0.01490	0.01780	0.01055	0.00792	0.00792	0.00264	0.01221	0.00621	0.00352	0.01211
27	0.01736	0.03866	0.54540	0.02816	0.12657	0.01944	0.05673	0.02620	0.01783	0.02644	0.01510	0.01820	0.01100	0.00778	0.00803	0.00261	0.01200	0.00649	0.00363	0.01236
28	0.01666	0.04297	0.66500	0.02368	0.03596	0.01929	0.03069	0.02631	0.01754	0.02631	0.01491	0.01754	0.01052	0.00789	0.00789	0.00263	0.01228	0.00614	0.00351	0.01228

[dist]
# distance from previous block
# <min> <max>
0	1

[block]
# block no. 3 follows, 22 sequences, length 46
# corresponding to MSA columns:
# 97-142
name=unknown_D
#
# <colnr> <probs for GDERKNQSTAVLIFYWHMCP>
#	G	D	E	R	K	N	Q	S	T	A	V	L	I	F	Y	W	H	M	C	P
0	0.01666	0.04297	0.66500	0.02368	0.03596	0.01929	0.03069	0.02631	0.01754	0.02631	0.01491	0.01754	0.01052	0.00789	0.00789	0.00263	0.01228	0.00614	0.00351	0.01228
1	0.01896	0.01810	0.03082	0.26051	0.45922	0.01932	0.02470	0.02409	0.01816	0.02520	0.01534	0.02108	0.01247	0.00770	0.00825	0.00257	0.01027	0.00740	0.00397	0.01187
2	0.01908	0.16642	0.03252	0.28237	0.29523	0.02207	0.02217	0.02376	0.01761	0.02329	0.01443	0.01961	0.01184	0.00768	0.00763	0.00243	0.01011	0.00676	0.00383	0.01115
3	0.02304	0.02464	0.03066	0.07389	0.46424	0.18924	0.02293	0.02728	0.02000	0.02509	0.01486	0.01919	0.01242	0.00775	0.00804	0.00240	0.01125	0.00687	0.00414	0.01206
4	0.01666	0.04297	0.66500	0.02368	0.03596	0.01929	0.03069	0.02631	0.01754	0.02631	0.01491	0.01754	0.01052	0.00789	0.00789	0.00263	0.01228	0.00614	0.00351	0.01228
5	0.01855	0.21353	0.41088	0.02294	0.03329	0.02307	0.11635	0.02598	0.01768	0.02460	0.01432	0.01718	0.01087	0.00755	0.00752	0.00244	0.01166	0.00625	0.00362	0.01170
6	0.01750	0.03799	0.52974	0.02953	0.16886	0.01939	0.02958	0.02613	0.01783	0.02649	0.01506	0.01819	0.01109	0.00779	0.00796	0.00260	0.01176	0.00641	0.00364	0.01247
7	0.01172	0.00867	0.01129	0.01280	0.01451	0.00824	0.01031	0.01453	0.01820	0.02334	0.05309	0.25824	0.17941	0.02339	0.01088	0.00348	0.00613	0.31682	0.00768	0.00727
8	0.02464	0.52781	0.03803	0.01619	0.02252	0.20940	0.01472	0.02716	0.01871	0.01976	0.01190	0.01378	0.01067	0.00751	0.00592	0.00188	0.01056	0.00469	0.00375	0.01038
9	0.02225	0.01127	0.01464	0.01345	0.01672	0.01051	0.01013	0.07799	0.02095	0.26465	0.03857	0.38789	0.03836	0.01867	0.00955	0.00299	0.00605	0.01643	0.00873	0.01019
10	0.01576	0.00942	0.01097	0.01036	0.01351	0.00808	0.00783	0.01798	0.01942	0.15925	0.06613	0.18280	0.40798	0.01965	0.00965	0.00286	0.00493	0.01668	0.00826	0.00849
11	0.02294	0.01732	0.01923	0.01625	0.02084	0.01946	0.01301	0.28313	0.19547	0.03855	0.02486	0.02666	0.01925	0.02151	0.15100	0.00486	0.01078	0.00833	0.07470	0.01185
12	0.01666	0.04297	0.66500	0.02368	0.03596	0.01929	0.03069	0.02631	0.01754	0.02631	0.01491	0.01754	0.01052	0.00789	0.00789	0.00263	0.01228	0.00614	0.00351	0.01228
13	0.02031	0.02043	0.03768	0.04685	0.49742	0.02007	0.18112	0.02578	0.01910	0.02700	0.01593	0.02104	0.01302	0.00730	0.00863	0.00255	0.01094	0.00802	0.00414	0.01265
14	0.02189	0.67384	0.07989	0.01477	0.02218	0.03208	0.01518	0.02496	0.01692	0.01994	0.01175	0.01357	0.01065	0.00715	0.00548	0.00183	0.00908	0.00454	0.00355	0.01076
15	0.01012	0.00723	0.00964	0.01157	0.01205	0.00675	0.00771	0.01157	0.01591	0.02121	0.04579	0.70262	0.05495	0.02603	0.01060	0.00337	0.00482	0.02362	0.00771	0.00675
16	0.01012	0.00723	0.00964	0.01157	0.01205	0.00675	0.00771	0.01157	0.01591	0.02121	0.04579	0.70262	0.05495	0.02603	0.01060	0.00337	0.00482	0.02362	0.00771	0.00675
17	0.02047	0.13007	0.44610	0.02195	0.03184	0.16150	0.02540	0.02759	0.01874	0.02414	0.01403	0.01644	0.01058	0.00793	0.00747	0.00241	0.01241	0.00575	0.00368	0.01150
18	0.01046	0.00844	0.00930	0.00909	0.01161	0.00729	0.00682	0.01316	0.02045	0.02604	0.27186	0.07403	0.46291	0.01970	0.00981	0.00274	0.00411	0.01670	0.00819	0.00729
19	0.03103	0.03959	0.02354	0.02140	0.02568	0.67469	0.01605	0.03317	0.02354	0.02033	0.01284	0.01498	0.01070	0.00856	0.00749	0.00214	0.01498	0.00535	0.00428	0.00963
20	0.01208	0.00805	0.00906	0.00906	0.00906	0.00805	0.00503	0.01208	0.01208	0.01611	0.02618	0.05436	0.03020	0.70804	0.04228	0.00805	0.00805	0.01208	0.00503	0.00503
21	0.01549	0.00774	0.00774	0.00774	0.00968	0.00774	0.00581	0.01936	0.01742	0.03097	0.02710	0.03097	0.02129	0.00968	0.00581	0.00194	0.00387	0.00774	0.75416	0.00774
22	0.03103	0.03959	0.02354	0.02140	0.02568	0.67469	0.01605	0.03317	0.02354	0.02033	0.01284	0.01498	0.01070	0.00856	0.00749	0.00214	0.01498	0.00535	0.00428	0.00963
23	0.01189	0.00882	0.01296	0.01296	0.01431	0.01017	0.00990	0.01459	0.01324	0.01900	0.02261	0.03459	0.02162	0.12047	0.61812	0.01287	0.02097	0.00919	0.00450	0.00720
24	0.01666	0.04297	0.66500	0.02368	0.03596	0.01929	0.03069	0.02631	0.01754	0.02631	0.01491	0.01754	0.01052	0.00789	0.00789	0.00263	0.01228	0.00614	0.00351	0.01228
25	0.02355	0.02682	0.02634	0.24863	0.18106	0.30715	0.02054	0.02746	0.02019	0.02219	0.01412	0.01863	0.01139	0.00821	0.00793	0.00242	0.01251	0.00649	0.00405	0.01031
26	0.02221	0.71304	0.04353	0.01421	0.02132	0.03287	0.01421	0.02488	0.01688	0.01955	0.01155	0.01333	0.01066	0.00711	0.00533	0.00178	0.00888	0.00444	0.00355	0.01066
27	0.01723	0.01477	0.01723	0.01230	0.01969	0.01107	0.00984	0.02092	0.01723	0.02707	0.01477	0.01723	0.01230	0.00615	0.00615	0.00123	0.00615	0.00492	0.00492	0.75883
28	0.01569	0.01477	0.02492	0.68808	0.05722	0.01846	0.02307	0.02123	0.01661	0.02123	0.01477	0.02215	0.01107	0.00831	0.00831	0.00277	0.01107	0.00738	0.00369	0.00923
29	0.03158	0.02327	0.02493	0.01911	0.02576	0.02576	0.01579	0.62852	0.03906	0.05236	0.01995	0.01995	0.01413	0.00997	0.00831	0.00249	0.00914	0.00748	0.00831	0.01413
30	0.01020	0.00729	0.00971	0.01152	0.01207	0.00680	0.00772	0.01175	0.01625	0.02175	0.07310	0.67375	0.05600	0.02562	0.01057	0.00334	0.00478	0.02323	0.00778	0.00680
31	0.03556	0.01689	0.02098	0.01609	0.02258	0.01629	0.01329	0.21764	0.02838	0.47832	0.02891	0.02577	0.01863	0.01019	0.00834	0.00255	0.00769	0.00809	0.00969	0.01413
32	0.03103	0.03959	0.02354	0.02140	0.02568	0.67469	0.01605	0.03317	0.02354	0.02033	0.01284	0.01498	0.01070	0.00856	0.00749	0.00214	0.01498	0.00535	0.00428	0.00963
33	0.01012	0.00723	0.00964	0.01157	0.01205	0.00675	0.00771	0.01157	0.01591	0.02121	0.04579	0.70262	0.05495	0.02603	0.01060	0.00337	0.00482	0.02362	0.00771	0.00675
34	0.01176	0.00849	0.01110	0.01045	0.01241	0.00784	0.00784	0.01568	0.02352	0.03331	0.65184	0.06206	0.07839	0.01698	0.00980	0.00261	0.00392	0.01502	0.00914	0.00784
35	0.01922	0.01837	0.03129	0.22682	0.49090	0.01938	0.02483	0.02432	0.01828	0.02551	0.01539	0.02100	0.01258	0.00765	0.00825	0.00255	0.01020	0.00740	0.00400	0.01207
36	0.02487	0.11754	0.12298	0.02637	0.16326	0.24194	0.01956	0.10370	0.02248	0.02711	0.01512	0.01771	0.01211	0.00825	0.00746	0.00227	0.01146	0.00617	0.03822	0.01140
37	0.01917	0.01832	0.03120	0.23305	0.48504	0.01937	0.02480	0.02428	0.01826	0.02545	0.01538	0.02101	0.01256	0.00766	0.00825	0.00255	0.01021	0.00740	0.00399	0.01204
38	0.02699	0.02099	0.02235	0.01819	0.02401	0.02362	0.01468	0.38272	0.29234	0.04495	0.02578	0.02459	0.01885	0.01052	0.00837	0.00263	0.00806	0.00828	0.00837	0.01372
39	0.01809	0.07888	0.36399	0.03113	0.22331	0.01978	0.05398	0.02537	0.01835	0.02651	0.05145	0.02095	0.01532	0.00817	0.00802	0.00253	0.01091	0.00708	0.00405	0.01213
40	0.06890	0.13022	0.50143	0.02142	0.03184	0.02142	0.02630	0.02564	0.01695	0.02580	0.01401	0.01673	0.01046	0.00814	0.00842	0.00257	0.04861	0.00586	0.00363	0.01166
41	0.11101	0.03959	0.58289	0.02207	0.03345	0.01921	0.02796	0.02607	0.01711	0.02769	0.01449	0.01703	0.01033	0.00787	0.00755	0.00262	0.01154	0.00593	0.00371	0.01186
42	0.13475	0.04524	0.04787	0.01103	0.01505	0.01171	0.00928	0.01870	0.04600	0.06917	0.05607	0.11309	0.35889	0.01680	0.00866	0.00275	0.00558	0.01376	0.00709	0.00853
43	0.09464	0.07663	0.49289	0.02169	0.03238	0.01961	0.05067	0.02702	0.01767	0.07060	0.01567	0.01782	0.01115	0.00796	0.00757	0.00258	0.01120	0.00618	0.00417	0.01193
44	0.02123	0.06780	0.06625	0.21575	0.32112	0.05537	0.02262	0.02613	0.01877	0.08280	0.01649	0.02073	0.01281	0.00798	0.00800	0.00250	0.01029	0.00710	0.00450	0.01176
45	0.06997	0.09686	0.42383	0.05663	0.03166	0.01962	0.02412	0.05276	0.01860	0.06349	0.01966	0.02150	0.04878	0.00883	0.00765	0.00256	0.01059	0.00679	0.00448	0.01162

[dist]
# distance from previous block
# <min> <max>
1	50

[block]
# block no. 4 follows, 22 sequences, length 19
# corresponding to MSA columns:
# 193-211
name=unknown_E
#
# <colnr> <probs for GDERKNQSTAVLIFYWHMCP>
#	G	D	E	R	K	N	Q	S	T	A	V	L	I	F	Y	W	H	M	C	P
0	0.09445	0.02191	0.09702	0.09811	0.25989	0.05971	0.02106	0.05081	0.01806	0.02670	0.01585	0.05385	0.01391	0.00989	0.01109	0.00275	0.12179	0.00766	0.00441	0.01108
1	0.18589	0.03240	0.21234	0.06072	0.02934	0.23715	0.04679	0.05665	0.01986	0.02767	0.01381	0.01642	0.01055	0.00816	0.00729	0.00246	0.01175	0.00582	0.00439	0.01054
2	0.17718	0.02400	0.05295	0.05495	0.08712	0.19677	0.01541	0.02971	0.14477	0.02795	0.02260	0.02400	0.06194	0.00995	0.00829	0.00257	0.03660	0.00734	0.00545	0.01046
3	0.01970	0.06200	0.18848	0.06094	0.20225	0.09515	0.02163	0.02739	0.09736	0.02570	0.02213	0.02456	0.06195	0.00958	0.00905	0.00258	0.04558	0.00771	0.00473	0.01153
4	0.02461	0.02742	0.02978	0.03955	0.41235	0.27306	0.02184	0.02846	0.02071	0.02451	0.01455	0.01840	0.01221	0.00785	0.00794	0.00234	0.01185	0.00661	0.00418	0.01179
5	0.02175	0.10223	0.22227	0.01956	0.02612	0.27190	0.01918	0.02640	0.01995	0.02270	0.02216	0.05936	0.05516	0.01114	0.00806	0.00251	0.01171	0.06311	0.00465	0.01008
6	0.02243	0.01979	0.01971	0.01742	0.02228	0.06320	0.01360	0.10230	0.54088	0.03560	0.03107	0.02885	0.02329	0.01097	0.00838	0.00274	0.00737	0.00894	0.00817	0.01302
7	0.01163	0.00838	0.01133	0.01314	0.01442	0.00808	0.01029	0.01422	0.01757	0.02298	0.04698	0.38507	0.08326	0.02432	0.01097	0.00355	0.00611	0.29283	0.00768	0.00718
8	0.01742	0.02677	0.26828	0.02052	0.02994	0.01590	0.12375	0.02394	0.01775	0.02670	0.01517	0.01824	0.01168	0.00696	0.00744	0.00203	0.00983	0.00622	0.00426	0.34719
9	0.01187	0.00890	0.01335	0.01335	0.01483	0.01038	0.01038	0.01483	0.01335	0.01928	0.02225	0.03264	0.02077	0.06231	0.67512	0.01335	0.02225	0.00890	0.00445	0.00742
10	0.03158	0.02327	0.02493	0.01911	0.02576	0.02576	0.01579	0.62852	0.03906	0.05236	0.01995	0.01995	0.01413	0.00997	0.00831	0.00249	0.00914	0.00748	0.00831	0.01413
11	0.01187	0.00890	0.01335	0.01335	0.01483	0.01038	0.01038	0.01483	0.01335	0.01928	0.02225	0.03264	0.02077	0.06231	0.67512	0.01335	0.02225	0.00890	0.00445	0.00742
12	0.02221	0.71304	0.04353	0.01421	0.02132	0.03287	0.01421	0.02488	0.01688	0.01955	0.01155	0.01333	0.01066	0.00711	0.00533	0.00178	0.00888	0.00444	0.00355	0.01066
13	0.01187	0.00890	0.01335	0.01335	0.01483	0.01038	0.01038	0.01483	0.01335	0.01928	0.02225	0.03264	0.02077	0.06231	0.67512	0.01335	0.02225	0.00890	0.00445	0.00742
14	0.02049	0.50491	0.23657	0.01715	0.02587	0.02865	0.01933	0.02532	0.01708	0.02165	0.01259	0.01463	0.01062	0.00735	0.00613	0.00204	0.00994	0.00497	0.00354	0.01116
15	0.01569	0.01477	0.02492	0.68808	0.05722	0.01846	0.02307	0.02123	0.01661	0.02123	0.01477	0.02215	0.01107	0.00831	0.00831	0.00277	0.01107	0.00738	0.00369	0.00923
16	0.01072	0.00845	0.00967	0.00937	0.01178	0.00740	0.00703	0.01368	0.02108	0.02752	0.34948	0.07159	0.38436	0.01914	0.00981	0.00272	0.00407	0.01636	0.00838	0.00740
17	0.01082	0.00752	0.00943	0.01068	0.01099	0.00721	0.00676	0.01175	0.01455	0.01940	0.03884	0.47300	0.04618	0.26760	0.02182	0.00503	0.00597	0.01953	0.00676	0.00614
18	0.02056	0.01974	0.03372	0.05099	0.65622	0.01974	0.02550	0.02550	0.01892	0.02714	0.01563	0.02056	0.01316	0.00740	0.00822	0.00247	0.00987	0.00740	0.00411	0.01316

[dist]
# distance from previous block
# <min> <max>
0	1

[block]
# block no. 5 follows, 22 sequences, length 64
# corresponding to MSA columns:
# 213-276
name=unknown_F
#
# <colnr> <probs for GDERKNQSTAVLIFYWHMCP>
#	G	D	E	R	K	N	Q	S	T	A	V	L	I	F	Y	W	H	M	C	P
0	0.02104	0.02055	0.03248	0.04787	0.59457	0.04965	0.02442	0.02681	0.05139	0.02722	0.01644	0.02085	0.01368	0.00766	0.00820	0.00247	0.00993	0.00741	0.00434	0.01300
1	0.01957	0.02565	0.19446	0.04404	0.49829	0.01963	0.02682	0.02570	0.01857	0.02693	0.01544	0.01979	0.01249	0.00753	0.00814	0.00251	0.01048	0.00708	0.00396	0.01293
2	0.01202	0.00828	0.01023	0.01023	0.01063	0.00869	0.00649	0.01283	0.01243	0.01697	0.02511	0.04844	0.02763	0.53205	0.21476	0.00950	0.01192	0.01121	0.00487	0.00568
3	0.01012	0.00723	0.00964	0.01157	0.01205	0.00675	0.00771	0.01157	0.01591	0.02121	0.04579	0.70262	0.05495	0.02603	0.01060	0.00337	0.00482	0.02362	0.00771	0.00675
4	0.01874	0.02310	0.13250	0.03063	0.15669	0.01797	0.25968	0.02490	0.01855	0.02679	0.01576	0.01998	0.01232	0.00700	0.00827	0.00231	0.01093	0.00753	0.00426	0.20211
5	0.01666	0.04297	0.66500	0.02368	0.03596	0.01929	0.03069	0.02631	0.01754	0.02631	0.01491	0.01754	0.01052	0.00789	0.00789	0.00263	0.01228	0.00614	0.00351	0.01228
6	0.02006	0.02093	0.07273	0.08231	0.58639	0.01964	0.02569	0.02532	0.01871	0.02678	0.01554	0.02045	0.01289	0.00748	0.00821	0.00249	0.01008	0.00732	0.00405	0.01290
7	0.01001	0.00842	0.00868	0.00861	0.01134	0.00709	0.00646	0.01229	0.01938	0.02350	0.13957	0.07820	0.59678	0.02064	0.00982	0.00279	0.00418	0.01729	0.00785	0.00709
8	0.01787	0.12758	0.18895	0.02186	0.06572	0.01890	0.10105	0.02275	0.01725	0.05213	0.02160	0.16242	0.02090	0.01213	0.01022	0.00271	0.07721	0.01029	0.00491	0.04356
9	0.01142	0.00848	0.01241	0.01290	0.01413	0.00946	0.00970	0.01400	0.01400	0.01977	0.02824	0.20323	0.02947	0.05307	0.50592	0.01081	0.01781	0.01265	0.00528	0.00725
10	0.02056	0.01974	0.03372	0.05099	0.65622	0.01974	0.02550	0.02550	0.01892	0.02714	0.01563	0.02056	0.01316	0.00740	0.00822	0.00247	0.00987	0.00740	0.00411	0.01316
11	0.02086	0.50119	0.17482	0.01990	0.08785	0.02867	0.01885	0.02524	0.01722	0.02174	0.01267	0.01495	0.01088	0.00730	0.00616	0.00203	0.00970	0.00510	0.00360	0.01125
12	0.02009	0.01925	0.03286	0.11317	0.59775	0.01961	0.02526	0.02508	0.01869	0.02656	0.01554	0.02072	0.01296	0.00749	0.00823	0.00250	0.00999	0.00740	0.00407	0.01278
13	0.01198	0.00805	0.00928	0.00936	0.00945	0.00810	0.00539	0.01218	0.01231	0.01648	0.02688	0.08231	0.03089	0.64915	0.06878	0.00808	0.00854	0.01246	0.00513	0.00522
14	0.02621	0.01981	0.02107	0.01679	0.02249	0.02157	0.01366	0.44895	0.09524	0.04472	0.03395	0.03284	0.14081	0.01228	0.00862	0.00259	0.00792	0.00965	0.00821	0.01263
15	0.01033	0.00739	0.00983	0.01142	0.01210	0.00689	0.00773	0.01209	0.01688	0.02276	0.12350	0.62048	0.05795	0.02487	0.01050	0.00328	0.00470	0.02251	0.00790	0.00689
16	0.05427	0.02841	0.14032	0.06473	0.27722	0.18895	0.04512	0.02810	0.01981	0.05419	0.01539	0.01879	0.01210	0.00796	0.00792	0.00245	0.01156	0.00666	0.00436	0.01170
17	0.01797	0.20053	0.51887	0.02145	0.03251	0.02249	0.02682	0.02597	0.01738	0.02472	0.01412	0.01655	0.01056	0.00771	0.00729	0.00243	0.01148	0.00574	0.00352	0.01190
18	0.02355	0.48341	0.06459	0.01970	0.08620	0.15716	0.01639	0.02663	0.01842	0.02074	0.01235	0.01455	0.01091	0.00746	0.00615	0.00195	0.01032	0.00499	0.00375	0.01078
19	0.01809	0.02899	0.29697	0.03190	0.21207	0.02012	0.08450	0.02463	0.01722	0.02530	0.01502	0.01966	0.01200	0.01111	0.04094	0.00323	0.11556	0.00716	0.00381	0.01172
20	0.09507	0.03599	0.32395	0.02090	0.02918	0.20789	0.02196	0.05721	0.08171	0.02768	0.01609	0.01785	0.01206	0.00850	0.00758	0.00250	0.01178	0.00614	0.00460	0.01137
21	0.02130	0.02141	0.03215	0.08786	0.55580	0.08507	0.02440	0.02600	0.01923	0.02609	0.01529	0.02010	0.01278	0.00757	0.00816	0.00245	0.01046	0.00720	0.00410	0.01256
22	0.01008	0.00740	0.00947	0.01112	0.01193	0.00679	0.00751	0.01162	0.01633	0.02138	0.05121	0.61463	0.13944	0.02532	0.01049	0.00329	0.00473	0.02276	0.00771	0.00679
23	0.01104	0.00846	0.01011	0.00970	0.01197	0.00753	0.00727	0.01429	0.02182	0.02930	0.44218	0.06866	0.29055	0.01848	0.00981	0.00268	0.00403	0.01595	0.00862	0.00753
24	0.05602	0.33883	0.23311	0.01845	0.02653	0.15413	0.01951	0.02694	0.01827	0.02263	0.01286	0.01498	0.01055	0.00767	0.00655	0.00215	0.01104	0.00516	0.00375	0.01089
25	0.02183	0.02254	0.02323	0.22582	0.03383	0.18049	0.01786	0.06128	0.16573	0.02563	0.01843	0.02173	0.01448	0.01015	0.01118	0.00275	0.12003	0.00735	0.00519	0.01048
26	0.01114	0.00841	0.01029	0.01008	0.01200	0.00781	0.00740	0.01398	0.01981	0.02667	0.33926	0.09694	0.23548	0.08132	0.07851	0.00423	0.00622	0.01535	0.00784	0.00726
27	0.02388	0.58527	0.03974	0.01558	0.02215	0.15464	0.01456	0.02645	0.01814	0.01969	0.01179	0.01364	0.01067	0.00738	0.00574	0.00185	0.01004	0.00461	0.00369	0.01047
28	0.01408	0.01123	0.01295	0.01204	0.01493	0.01148	0.00917	0.02347	0.20453	0.03207	0.38286	0.05567	0.15099	0.01593	0.00941	0.00270	0.00474	0.01375	0.00872	0.00927
29	0.03047	0.03588	0.02386	0.02106	0.02550	0.53752	0.01612	0.12808	0.02548	0.02546	0.01388	0.01594	0.01126	0.00909	0.00863	0.00227	0.04849	0.00579	0.00489	0.01033
30	0.01465	0.01196	0.01351	0.04876	0.01738	0.01277	0.00995	0.02410	0.23636	0.02550	0.04496	0.11762	0.17745	0.15258	0.01582	0.00396	0.00644	0.05009	0.00723	0.00892
31	0.01324	0.00946	0.01322	0.01513	0.01698	0.00944	0.01314	0.01696	0.01898	0.02470	0.04407	0.12063	0.04813	0.02309	0.01144	0.00380	0.00752	0.57480	0.00765	0.00761
32	0.03103	0.03959	0.02354	0.02140	0.02568	0.67469	0.01605	0.03317	0.02354	0.02033	0.01284	0.01498	0.01070	0.00856	0.00749	0.00214	0.01498	0.00535	0.00428	0.00963
33	0.02239	0.64105	0.07570	0.01511	0.02234	0.06659	0.01519	0.02540	0.01727	0.01995	0.01180	0.01364	0.01066	0.00723	0.00558	0.00184	0.00939	0.00458	0.00359	0.01069
34	0.01155	0.00814	0.00891	0.00891	0.00957	0.00781	0.00533	0.01204	0.01369	0.01760	0.03981	0.06038	0.17661	0.54650	0.03465	0.00682	0.00715	0.01336	0.00566	0.00550
35	0.01012	0.00723	0.00964	0.01157	0.01205	0.00675	0.00771	0.01157	0.01591	0.02121	0.04579	0.70262	0.05495	0.02603	0.01060	0.00337	0.00482	0.02362	0.00771	0.00675
36	0.03117	0.03544	0.02390	0.02082	0.02570	0.50946	0.01598	0.18476	0.02749	0.02849	0.01465	0.01625	0.01157	0.00892	0.00770	0.00223	0.01349	0.00589	0.00531	0.01078
37	0.03059	0.07472	0.02470	0.02087	0.02545	0.59968	0.01594	0.06994	0.02415	0.02229	0.01322	0.01520	0.01091	0.00857	0.00743	0.00214	0.01429	0.00543	0.00449	0.00997
38	0.01335	0.01108	0.01619	0.01534	0.01647	0.01393	0.01222	0.01605	0.01320	0.01945	0.01958	0.02924	0.01845	0.05107	0.52279	0.01107	0.17993	0.00852	0.00426	0.00781
39	0.02060	0.02252	0.04089	0.07402	0.23567	0.07227	0.35629	0.02649	0.01954	0.02599	0.01601	0.02122	0.01255	0.00732	0.00904	0.00264	0.01262	0.00856	0.00415	0.01159
40	0.03103	0.03959	0.02354	0.02140	0.02568	0.67469	0.01605	0.03317	0.02354	0.02033	0.01284	0.01498	0.01070	0.00856	0.00749	0.00214	0.01498	0.00535	0.00428	0.00963
41	0.02314	0.64243	0.04144	0.01497	0.02178	0.10016	0.01441	0.02575	0.01758	0.01963	0.01168	0.01350	0.01067	0.00726	0.00556	0.00181	0.00952	0.00454	0.00363	0.01055
42	0.01667	0.01163	0.01279	0.01142	0.01299	0.01222	0.00756	0.15703	0.01842	0.02463	0.02471	0.04627	0.02642	0.54390	0.03430	0.00675	0.00831	0.01100	0.00580	0.00717
43	0.02312	0.12111	0.11724	0.02086	0.02833	0.14955	0.12190	0.11750	0.02218	0.02836	0.01511	0.01760	0.01185	0.00772	0.00750	0.00214	0.01091	0.00634	0.00480	0.16587
44	0.21331	0.05459	0.07747	0.12948	0.14950	0.01691	0.01611	0.02137	0.01706	0.02726	0.03025	0.03227	0.16177	0.01086	0.00762	0.00260	0.00799	0.00875	0.00508	0.00977
45	0.02224	0.01658	0.01905	0.01418	0.02116	0.01470	0.01146	0.14474	0.06120	0.09453	0.01874	0.01970	0.01429	0.00763	0.00694	0.00171	0.00686	0.00604	0.00634	0.49189
46	0.01208	0.00805	0.00906	0.00906	0.00906	0.00805	0.00503	0.01208	0.01208	0.01611	0.02618	0.05436	0.03020	0.70804	0.04228	0.00805	0.00805	0.01208	0.00503	0.00503
47	0.01187	0.00890	0.01335	0.01335	0.01483	0.01038	0.01038	0.01483	0.01335	0.01928	0.02225	0.03264	0.02077	0.06231	0.67512	0.01335	0.02225	0.00890	0.00445	0.00742
48	0.02056	0.01974	0.03372	0.05099	0.65622	0.01974	0.02550	0.02550	0.01892	0.02714	0.01563	0.02056	0.01316	0.00740	0.00822	0.00247	0.00987	0.00740	0.00411	0.01316
49	0.56191	0.01552	0.01419	0.01201	0.01751	0.01683	0.00990	0.02893	0.01684	0.21268	0.01752	0.01765	0.01224	0.00843	0.00604	0.00257	0.00661	0.00558	0.00658	0.01044
50	0.01643	0.01552	0.02625	0.59142	0.14810	0.01865	0.02344	0.02187	0.01696	0.02212	0.01490	0.02191	0.01139	0.00817	0.00829	0.00272	0.01089	0.00739	0.00376	0.00982
51	0.01569	0.01477	0.02492	0.68808	0.05722	0.01846	0.02307	0.02123	0.01661	0.02123	0.01477	0.02215	0.01107	0.00831	0.00831	0.00277	0.01107	0.00738	0.00369	0.00923
52	0.02221	0.71304	0.04353	0.01421	0.02132	0.03287	0.01421	0.02488	0.01688	0.01955	0.01155	0.01333	0.01066	0.00711	0.00533	0.00178	0.00888	0.00444	0.00355	0.01066
53	0.02065	0.01970	0.03374	0.14885	0.34660	0.02040	0.14165	0.08470	0.04839	0.02886	0.01695	0.02159	0.01334	0.00790	0.00857	0.00260	0.01066	0.00797	0.00466	0.01222
54	0.01359	0.01149	0.01763	0.16840	0.02545	0.01427	0.01433	0.01699	0.01401	0.01982	0.01901	0.02828	0.01722	0.04352	0.43526	0.00962	0.11055	0.00833	0.00417	0.00806
55	0.01208	0.00805	0.00906	0.00906	0.00906	0.00805	0.00503	0.01208	0.01208	0.01611	0.02618	0.05436	0.03020	0.70804	0.04228	0.00805	0.00805	0.01208	0.00503	0.00503
56	0.62333	0.01569	0.01360	0.01168	0.01708	0.01737	0.00963	0.02758	0.01603	0.16007	0.01574	0.01640	0.01127	0.00822	0.00577	0.00257	0.00655	0.00526	0.00615	0.01001
57	0.01569	0.01477	0.02492	0.68808	0.05722	0.01846	0.02307	0.02123	0.01661	0.02123	0.01477	0.02215	0.01107	0.00831	0.00831	0.00277	0.01107	0.00738	0.00369	0.00923
58	0.01666	0.04297	0.66500	0.02368	0.03596	0.01929	0.03069	0.02631	0.01754	0.02631	0.01491	0.01754	0.01052	0.00789	0.00789	0.00263	0.01228	0.00614	0.00351	0.01228
59	0.02221	0.71304	0.04353	0.01421	0.02132	0.03287	0.01421	0.02488	0.01688	0.01955	0.01155	0.01333	0.01066	0.00711	0.00533	0.00178	0.00888	0.00444	0.00355	0.01066
60	0.01044	0.00926	0.04458	0.01191	0.01325	0.00744	0.00880	0.01239	0.01629	0.02160	0.04787	0.60538	0.11075	0.02457	0.01038	0.00328	0.00516	0.02209	0.00749	0.00707
61	0.02046	0.04808	0.02828	0.02152	0.02645	0.13651	0.20124	0.02600	0.07015	0.04827	0.10697	0.02973	0.02429	0.07800	0.01311	0.00309	0.05315	0.00923	0.00553	0.04995
62	0.14666	0.02444	0.09238	0.05273	0.05651	0.11953	0.22226	0.05823	0.01966	0.02837	0.01634	0.04916	0.01342	0.00848	0.00808	0.00254	0.01126	0.00786	0.00470	0.05738
63	0.24966	0.30175	0.08543	0.05644	0.02268	0.02443	0.01451	0.02395	0.01578	0.02636	0.01284	0.01564	0.01075	0.00817	0.00745	0.00232	0.06250	0.00520	0.04421	0.00992

[dist]
# distance from previous block
# <min> <max>
7	87

[block]
# block no. 6 follows, 22 sequences, length 43
# corresponding to MSA columns:
# 365-407
name=unknown_G
#
# <colnr> <probs for GDERKNQSTAVLIFYWHMCP>
#	G	D	E	R	K	N	Q	S	T	A	V	L	I	F	Y	W	H	M	C	P
0	0.05083	0.01104	0.01347	0.01355	0.01616	0.01161	0.01098	0.04985	0.09067	0.02729	0.09991	0.09153	0.12019	0.02669	0.13110	0.00504	0.00925	0.20509	0.00723	0.00852
1	0.14563	0.01648	0.10343	0.01383	0.01747	0.04905	0.01191	0.04723	0.01762	0.02630	0.03538	0.36496	0.08332	0.01812	0.00892	0.00297	0.00688	0.01553	0.00651	0.00846
2	0.01944	0.02041	0.08608	0.11828	0.27547	0.04877	0.02033	0.08246	0.05626	0.02955	0.11216	0.02895	0.04588	0.00998	0.00848	0.00256	0.00917	0.00878	0.00552	0.01149
3	0.01962	0.33025	0.37255	0.01953	0.02926	0.05156	0.02303	0.02597	0.01750	0.02317	0.01338	0.01563	0.01059	0.00758	0.00678	0.00224	0.01093	0.00538	0.00356	0.01148
4	0.02395	0.19225	0.03838	0.02698	0.08079	0.23219	0.23841	0.02820	0.02016	0.02297	0.01420	0.01773	0.01158	0.00756	0.00788	0.00232	0.01277	0.00692	0.00407	0.01073
5	0.01044	0.00745	0.01000	0.01193	0.01255	0.00702	0.00826	0.01211	0.01621	0.02156	0.04561	0.64409	0.05426	0.02573	0.01069	0.00342	0.00509	0.07905	0.00771	0.00683
6	0.01666	0.04297	0.66500	0.02368	0.03596	0.01929	0.03069	0.02631	0.01754	0.02631	0.01491	0.01754	0.01052	0.00789	0.00789	0.00263	0.01228	0.00614	0.00351	0.01228
7	0.03158	0.02327	0.02493	0.01911	0.02576	0.02576	0.01579	0.62852	0.03906	0.05236	0.01995	0.01995	0.01413	0.00997	0.00831	0.00249	0.00914	0.00748	0.00831	0.01413
8	0.01092	0.00846	0.00994	0.00957	0.01189	0.00748	0.00718	0.01405	0.02153	0.02859	0.40517	0.06983	0.32801	0.01875	0.00981	0.00270	0.00404	0.01611	0.00852	0.00748
9	0.01983	0.09139	0.02521	0.01972	0.02218	0.16914	0.06288	0.02214	0.01685	0.02081	0.01960	0.16880	0.02072	0.01438	0.01549	0.00298	0.26379	0.01037	0.00472	0.00902
10	0.01208	0.00805	0.00906	0.00906	0.00906	0.00805	0.00503	0.01208	0.01208	0.01611	0.02618	0.05436	0.03020	0.70804	0.04228	0.00805	0.00805	0.01208	0.00503	0.00503
11	0.01012	0.00723	0.00964	0.01157	0.01205	0.00675	0.00771	0.01157	0.01591	0.02121	0.04579	0.70262	0.05495	0.02603	0.01060	0.00337	0.00482	0.02362	0.00771	0.00675
12	0.01763	0.01674	0.02842	0.43471	0.29544	0.01897	0.02404	0.02292	0.01753	0.02358	0.01511	0.02152	0.01190	0.00795	0.00827	0.00265	0.01059	0.00739	0.00386	0.01079
13	0.02184	0.02226	0.02879	0.25823	0.24442	0.14352	0.05293	0.08067	0.02088	0.02612	0.01526	0.02009	0.01205	0.00814	0.00820	0.00253	0.01139	0.00714	0.00439	0.01114
14	0.00992	0.00842	0.00856	0.00853	0.01128	0.00706	0.00639	0.01212	0.01918	0.02303	0.11467	0.07899	0.62198	0.02082	0.00982	0.00279	0.00419	0.01740	0.00779	0.00706
15	0.01705	0.01616	0.02738	0.50991	0.22473	0.01882	0.02375	0.02242	0.01726	0.02288	0.01501	0.02170	0.01166	0.00805	0.00828	0.00268	0.01074	0.00739	0.00381	0.01033
16	0.02452	0.09399	0.06286	0.20144	0.08399	0.25677	0.01928	0.11259	0.02254	0.02591	0.01458	0.01803	0.01147	0.00842	0.00770	0.00238	0.01197	0.00632	0.00457	0.01069
17	0.02108	0.22681	0.31900	0.02076	0.02977	0.10672	0.05174	0.05618	0.04858	0.02531	0.01493	0.01702	0.01155	0.00797	0.00726	0.00234	0.01134	0.00596	0.00411	0.01157
18	0.01208	0.00805	0.00906	0.00906	0.00906	0.00805	0.00503	0.01208	0.01208	0.01611	0.02618	0.05436	0.03020	0.70804	0.04228	0.00805	0.00805	0.01208	0.00503	0.00503
19	0.01953	0.35723	0.03311	0.01727	0.02089	0.02761	0.01548	0.02188	0.01482	0.01970	0.01233	0.01721	0.01175	0.01556	0.07973	0.00367	0.29281	0.00605	0.00367	0.00969
20	0.01089	0.00845	0.01055	0.07249	0.01541	0.00815	0.00819	0.01266	0.01624	0.02067	0.05159	0.32325	0.23706	0.14701	0.01591	0.00399	0.00579	0.01808	0.00685	0.00675
21	0.01754	0.10469	0.54909	0.02523	0.09030	0.02063	0.02866	0.02610	0.01760	0.02574	0.01465	0.01741	0.01077	0.00777	0.00768	0.00253	0.01174	0.00609	0.00357	0.01220
22	0.01569	0.01477	0.02492	0.68808	0.05722	0.01846	0.02307	0.02123	0.01661	0.02123	0.01477	0.02215	0.01107	0.00831	0.00831	0.00277	0.01107	0.00738	0.00369	0.00923
23	0.18360	0.41472	0.03240	0.01510	0.02116	0.17189	0.01350	0.02661	0.01777	0.02352	0.01184	0.01373	0.01031	0.00756	0.00577	0.00203	0.00971	0.00466	0.00405	0.01008
24	0.08727	0.02656	0.13556	0.01697	0.02272	0.19570	0.01542	0.13487	0.02334	0.03031	0.05767	0.03062	0.12683	0.01125	0.00793	0.00246	0.00968	0.00852	0.04608	0.01024
25	0.01466	0.19746	0.02110	0.01324	0.01612	0.01622	0.01099	0.01731	0.01420	0.01910	0.01969	0.02918	0.01880	0.09841	0.44582	0.00983	0.01755	0.00796	0.00426	0.00810
26	0.01094	0.00868	0.00998	0.01028	0.01274	0.00772	0.00813	0.01374	0.01978	0.02487	0.17466	0.07983	0.41980	0.02075	0.01018	0.00299	0.00491	0.14478	0.00795	0.00730
27	0.02616	0.17860	0.03215	0.02137	0.02731	0.26893	0.12628	0.13344	0.02409	0.02756	0.04665	0.01921	0.01504	0.00863	0.00770	0.00227	0.01190	0.00682	0.00506	0.01084
28	0.02250	0.21344	0.35609	0.01947	0.02898	0.05038	0.02236	0.02882	0.01877	0.14004	0.01719	0.01828	0.01240	0.00815	0.00729	0.00237	0.01056	0.00606	0.00479	0.01208
29	0.03012	0.01906	0.02231	0.01859	0.04883	0.02022	0.01456	0.34571	0.08623	0.21046	0.02463	0.02419	0.01735	0.01419	0.06088	0.00340	0.00942	0.00799	0.00838	0.01347
30	0.01109	0.00847	0.01018	0.00975	0.01200	0.00755	0.00731	0.01438	0.02194	0.02957	0.45640	0.06822	0.27615	0.01838	0.00981	0.00268	0.00402	0.01589	0.00865	0.00755
31	0.01964	0.02134	0.06435	0.25209	0.32454	0.07825	0.07146	0.02493	0.01857	0.02453	0.01515	0.02056	0.01208	0.00779	0.00829	0.00257	0.01117	0.00733	0.00397	0.01137
32	0.02031	0.15113	0.13161	0.02892	0.03739	0.05964	0.39895	0.02662	0.01905	0.02494	0.01537	0.01968	0.01186	0.00723	0.00860	0.00256	0.01290	0.00808	0.00399	0.01117
33	0.01034	0.00844	0.00914	0.00896	0.01154	0.00723	0.00672	0.01293	0.02016	0.02535	0.23623	0.07516	0.49896	0.01995	0.00981	0.00275	0.00413	0.01686	0.00810	0.00723
34	0.01791	0.03556	0.46369	0.03239	0.23376	0.01944	0.02904	0.02605	0.01798	0.02657	0.01514	0.01850	0.01136	0.00774	0.00800	0.00258	0.01151	0.00654	0.00370	0.01256
35	0.21922	0.05719	0.18272	0.06018	0.15375	0.02011	0.08784	0.02675	0.06620	0.02953	0.01569	0.01870	0.01207	0.00790	0.00738	0.00258	0.00975	0.00660	0.00454	0.01129
36	0.02135	0.02567	0.14845	0.03165	0.17146	0.04565	0.18944	0.11403	0.04694	0.02986	0.01663	0.02043	0.01286	0.00866	0.01048	0.00271	0.07905	0.00784	0.00478	0.01207
37	0.01196	0.00852	0.01143	0.01143	0.01225	0.00934	0.00799	0.01360	0.01278	0.01786	0.02401	0.04237	0.02499	0.35148	0.39172	0.01098	0.01589	0.01032	0.00471	0.00635
38	0.02441	0.02271	0.08091	0.01825	0.04952	0.19468	0.01477	0.02917	0.05215	0.17491	0.14588	0.03352	0.02948	0.01437	0.04596	0.00314	0.01011	0.03842	0.00694	0.01069
39	0.02226	0.14716	0.07103	0.03107	0.20537	0.13633	0.15166	0.02880	0.07926	0.02519	0.01639	0.01955	0.01320	0.00786	0.00793	0.00240	0.01130	0.00717	0.00445	0.01163
40	0.25144	0.09518	0.04447	0.01710	0.05419	0.07582	0.04178	0.06114	0.01905	0.14069	0.01806	0.01994	0.01366	0.01314	0.06549	0.00337	0.00973	0.00640	0.03868	0.01067
41	0.24633	0.02635	0.17442	0.01850	0.02570	0.09144	0.06477	0.13220	0.02148	0.06191	0.01916	0.02062	0.04511	0.00901	0.00737	0.00255	0.00975	0.00678	0.00551	0.01105
42	0.07980	0.17499	0.02389	0.01812	0.07832	0.20623	0.01326	0.02413	0.02065	0.02571	0.18764	0.03104	0.06268	0.01098	0.00764	0.00229	0.00895	0.00851	0.00566	0.00952

[dist]
# distance from previous block
# <min> <max>
9	44

[block]
# block no. 7 follows, 22 sequences, length 20
# corresponding to MSA columns:
# 452-471
name=unknown_H
#
# <colnr> <probs for GDERKNQSTAVLIFYWHMCP>
#	G	D	E	R	K	N	Q	S	T	A	V	L	I	F	Y	W	H	M	C	P
0	0.05733	0.15426	0.18063	0.02005	0.10194	0.01804	0.01754	0.02371	0.01879	0.07282	0.10340	0.03139	0.06518	0.01053	0.00777	0.00241	0.00837	0.03775	0.00548	0.06260
1	0.16648	0.11830	0.26676	0.02332	0.12913	0.06568	0.02080	0.02519	0.01708	0.02667	0.01450	0.01884	0.01193	0.05197	0.00922	0.00279	0.01021	0.00612	0.00408	0.01092
2	0.21186	0.10429	0.32783	0.01852	0.02717	0.05138	0.02075	0.06752	0.01820	0.02964	0.01426	0.01675	0.01085	0.01030	0.03587	0.00296	0.01075	0.00571	0.00435	0.01106
3	0.07657	0.02674	0.14783	0.12315	0.15103	0.13790	0.02096	0.10554	0.02105	0.02841	0.01593	0.04190	0.01305	0.00921	0.00889	0.00259	0.04626	0.00714	0.00470	0.01118
