[name]
unknown

[dist]
# distance from previous block
# <min> <max>
0	2

[block]
# block no. 0 follows, 21 sequences, length 50
# corresponding to MSA columns:
# 2-51
name=unknown_A
#
# <colnr> <probs for GDERKNQSTAVLIFYWHMCP>
#	G	D	E	R	K	N	Q	S	T	A	V	L	I	F	Y	W	H	M	C	P
0	0.01343	0.00970	0.01331	0.01512	0.01715	0.00959	0.01315	0.01721	0.01958	0.02527	0.04828	0.09489	0.09564	0.02336	0.01162	0.00384	0.00756	0.54568	0.00784	0.00779
1	0.01098	0.00778	0.00957	0.01074	0.01129	0.00736	0.00690	0.01205	0.01531	0.02016	0.04393	0.43690	0.09986	0.24183	0.02117	0.00494	0.00594	0.01987	0.00702	0.00637
2	0.02265	0.01766	0.02077	0.01731	0.02070	0.02037	0.01380	0.29073	0.02690	0.03694	0.09945	0.08711	0.02736	0.08861	0.01706	0.00353	0.16056	0.01051	0.00712	0.01084
3	0.02024	0.23858	0.17083	0.01795	0.02496	0.02441	0.01785	0.03263	0.24913	0.02807	0.04821	0.02379	0.01954	0.00983	0.00842	0.00254	0.03777	0.00744	0.00577	0.01206
4	0.02470	0.02092	0.02809	0.03363	0.30281	0.02241	0.01998	0.22032	0.16933	0.03789	0.02178	0.02336	0.01672	0.00935	0.00851	0.00262	0.00908	0.00808	0.00663	0.01379
5	0.01023	0.00796	0.00930	0.01038	0.01196	0.00704	0.00725	0.01201	0.01770	0.02230	0.06478	0.41635	0.32376	0.02434	0.01050	0.00319	0.00465	0.02136	0.00790	0.00704
6	0.01990	0.01903	0.03243	0.19913	0.51006	0.01991	0.02554	0.02509	0.01883	0.02639	0.01580	0.02144	0.01298	0.00780	0.00844	0.00260	0.01040	0.00758	0.00411	0.01254
7	0.02619	0.02167	0.02688	0.03353	0.31158	0.13574	0.01942	0.03114	0.05241	0.16739	0.02094	0.02332	0.01598	0.01308	0.05996	0.00338	0.01124	0.00764	0.00592	0.01259
8	0.01519	0.01377	0.02285	0.53017	0.04883	0.01704	0.02070	0.02027	0.01626	0.02130	0.01685	0.02511	0.01358	0.02098	0.15698	0.00528	0.01393	0.00791	0.00396	0.00904
9	0.01006	0.00862	0.00862	0.00862	0.01149	0.00718	0.00647	0.01221	0.01940	0.02299	0.08621	0.08190	0.64438	0.02155	0.01006	0.00287	0.00431	0.01796	0.00790	0.00718
10	0.01867	0.01539	0.02008	0.01768	0.01982	0.01891	0.01427	0.15286	0.01961	0.02778	0.02037	0.07757	0.01920	0.03292	0.25948	0.00713	0.23374	0.00943	0.00544	0.00965
11	0.02352	0.25053	0.03372	0.02667	0.16933	0.17162	0.01854	0.02649	0.01842	0.02212	0.01297	0.01682	0.01158	0.00929	0.01140	0.00247	0.15354	0.00608	0.00396	0.01094
12	0.01006	0.00862	0.00862	0.00862	0.01149	0.00718	0.00647	0.01221	0.01940	0.02299	0.08621	0.08190	0.64438	0.02155	0.01006	0.00287	0.00431	0.01796	0.00790	0.00718
13	0.01006	0.00862	0.00862	0.00862	0.01149	0.00718	0.00647	0.01221	0.01940	0.02299	0.08621	0.08190	0.64438	0.02155	0.01006	0.00287	0.00431	0.01796	0.00790	0.00718
14	0.01814	0.01489	0.04834	0.01435	0.01808	0.01429	0.01156	0.10975	0.16143	0.05858	0.24763	0.11453	0.04626	0.06888	0.01205	0.00323	0.00639	0.01297	0.00835	0.01032
15	0.19660	0.22007	0.03030	0.02608	0.20268	0.14639	0.01701	0.02717	0.01853	0.02667	0.01330	0.01616	0.01127	0.00780	0.00669	0.00229	0.00999	0.00562	0.00433	0.01106
16	0.03127	0.03958	0.02462	0.02339	0.05637	0.63548	0.01691	0.03360	0.02389	0.02117	0.01329	0.01562	0.01108	0.00871	0.00771	0.00221	0.01509	0.00558	0.00438	0.01004
17	0.02705	0.03247	0.02959	0.02930	0.14168	0.40379	0.09638	0.03038	0.02167	0.02290	0.01401	0.01769	0.01169	0.00893	0.01005	0.00249	0.07829	0.00664	0.00428	0.01068
18	0.01155	0.00812	0.01061	0.01217	0.01289	0.00784	0.00863	0.01326	0.01621	0.02146	0.04225	0.42519	0.04929	0.16833	0.01792	0.00457	0.00629	0.14936	0.00731	0.00675
19	0.01021	0.00863	0.00883	0.00878	0.01159	0.00725	0.00658	0.01251	0.01975	0.02384	0.12859	0.08051	0.60148	0.02124	0.01006	0.00286	0.00429	0.01776	0.00801	0.00725
20	0.07198	0.01805	0.15927	0.15573	0.02797	0.01334	0.01664	0.01854	0.01699	0.02469	0.05383	0.32231	0.03380	0.01681	0.00927	0.00306	0.00810	0.01476	0.00591	0.00895
21	0.01975	0.03200	0.31708	0.03809	0.34076	0.05037	0.02808	0.02687	0.01896	0.02709	0.01554	0.01939	0.01213	0.00787	0.00824	0.00259	0.01148	0.00690	0.00394	0.01290
22	0.02538	0.17323	0.03037	0.02479	0.11311	0.29645	0.01792	0.02802	0.01950	0.02157	0.01283	0.01654	0.01136	0.00967	0.01188	0.00251	0.16430	0.00603	0.00405	0.01048
23	0.01975	0.03795	0.42523	0.02635	0.09184	0.11290	0.02713	0.02703	0.01834	0.02532	0.01451	0.01797	0.01111	0.00902	0.01064	0.00274	0.10009	0.00645	0.00378	0.01185
24	0.02466	0.56552	0.04027	0.01612	0.02279	0.16735	0.01496	0.02728	0.01873	0.02019	0.01211	0.01401	0.01093	0.00760	0.00593	0.00190	0.01042	0.00475	0.00380	0.01070
25	0.02504	0.02974	0.17149	0.03227	0.22820	0.17029	0.06942	0.03042	0.02093	0.11521	0.01777	0.02030	0.01332	0.00836	0.00832	0.00253	0.01181	0.00713	0.00502	0.01242
26	0.01872	0.02877	0.25808	0.11909	0.17961	0.02027	0.19965	0.02618	0.01878	0.02656	0.01598	0.02073	0.01208	0.00776	0.00879	0.00273	0.01238	0.00784	0.00396	0.01206
27	0.02285	0.02239	0.01979	0.01788	0.02243	0.15668	0.01376	0.04105	0.46649	0.03239	0.06764	0.03025	0.02616	0.01132	0.00854	0.00273	0.00839	0.00910	0.00780	0.01237
28	0.03179	0.04056	0.02412	0.02192	0.02631	0.66676	0.01644	0.03398	0.02412	0.02083	0.01315	0.01535	0.01096	0.00877	0.00767	0.00219	0.01535	0.00548	0.00438	0.00987
29	0.01118	0.00851	0.01211	0.10721	0.01894	0.00862	0.01014	0.01326	0.01640	0.02173	0.04237	0.59943	0.04988	0.02407	0.01053	0.00337	0.00585	0.02182	0.00731	0.00727
30	0.01903	0.02102	0.09253	0.04168	0.42047	0.01845	0.10074	0.02431	0.01889	0.02678	0.02050	0.11718	0.01925	0.01030	0.00895	0.00272	0.01016	0.01015	0.00469	0.01220
31	0.03179	0.04056	0.02412	0.02192	0.02631	0.66676	0.01644	0.03398	0.02412	0.02083	0.01315	0.01535	0.01096	0.00877	0.00767	0.00219	0.01535	0.00548	0.00438	0.00987
32	0.01192	0.00869	0.01121	0.01058	0.01264	0.00798	0.00793	0.01582	0.02380	0.03344	0.60899	0.06470	0.11508	0.01765	0.01004	0.00269	0.00403	0.01555	0.00928	0.00798
33	0.01114	0.00806	0.01012	0.01078	0.01193	0.00748	0.00739	0.01328	0.01851	0.02499	0.23452	0.34026	0.12405	0.11938	0.01515	0.00383	0.00505	0.01908	0.00797	0.00704
34	0.03047	0.03533	0.02354	0.02104	0.02564	0.50748	0.01618	0.13125	0.02644	0.02671	0.01688	0.02252	0.01453	0.01017	0.00813	0.00239	0.01375	0.05170	0.00535	0.01048
35	0.03179	0.04056	0.02412	0.02192	0.02631	0.66676	0.01644	0.03398	0.02412	0.02083	0.01315	0.01535	0.01096	0.00877	0.00767	0.00219	0.01535	0.00548	0.00438	0.00987
36	0.01543	0.00971	0.01081	0.01069	0.01319	0.00973	0.00850	0.06469	0.01993	0.02993	0.04116	0.05189	0.14576	0.01789	0.04874	0.00326	0.00630	0.11224	0.37189	0.00826
37	0.02518	0.01922	0.02139	0.01772	0.02287	0.02162	0.01429	0.34899	0.17260	0.04178	0.02429	0.02601	0.01870	0.02261	0.15702	0.00514	0.01178	0.00845	0.00766	0.01269
38	0.01122	0.00799	0.01015	0.01116	0.01201	0.00754	0.00759	0.01300	0.01717	0.02306	0.14782	0.39409	0.08416	0.16238	0.01735	0.00430	0.00557	0.04904	0.00759	0.00681
39	0.01006	0.00862	0.00862	0.00862	0.01149	0.00718	0.00647	0.01221	0.01940	0.02299	0.08621	0.08190	0.64438	0.02155	0.01006	0.00287	0.00431	0.01796	0.00790	0.00718
40	0.01695	0.03824	0.51951	0.02469	0.03594	0.01903	0.11299	0.02584	0.01838	0.02668	0.02111	0.02369	0.06074	0.00901	0.00852	0.00273	0.01218	0.00774	0.00403	0.01200
41	0.02981	0.03752	0.11465	0.02176	0.02783	0.43927	0.01853	0.15661	0.02660	0.02863	0.01499	0.01679	0.01168	0.00898	0.00791	0.00234	0.01369	0.00606	0.00514	0.01123
42	0.02536	0.01381	0.01886	0.01946	0.10819	0.01307	0.01310	0.05130	0.06986	0.29279	0.06537	0.17335	0.06878	0.01459	0.00919	0.00283	0.00687	0.01267	0.00864	0.01191
43	0.01037	0.00741	0.00987	0.01185	0.01234	0.00691	0.00790	0.01185	0.01629	0.02172	0.04690	0.69537	0.05629	0.02666	0.01086	0.00346	0.00494	0.02419	0.00790	0.00691
44	0.01791	0.01700	0.02884	0.44926	0.27546	0.01939	0.02455	0.02335	0.01789	0.02397	0.01545	0.02209	0.01213	0.00817	0.00848	0.00272	0.01089	0.00757	0.00394	0.01094
45	0.02017	0.01931	0.03293	0.16476	0.54230	0.01998	0.02567	0.02533	0.01895	0.02672	0.01585	0.02135	0.01310	0.00775	0.00844	0.00258	0.01033	0.00758	0.00414	0.01276
46	0.01943	0.12892	0.32880	0.02567	0.12662	0.02213	0.02415	0.03073	0.15660	0.02804	0.01926	0.02094	0.01465	0.00867	0.00789	0.00259	0.01038	0.00699	0.00484	0.01268
47	0.01640	0.01568	0.01301	0.01251	0.01408	0.15679	0.00848	0.01753	0.01616	0.01875	0.03177	0.04792	0.11287	0.37882	0.09831	0.00671	0.01087	0.01126	0.00531	0.00677
48	0.01846	0.01939	0.02291	0.01950	0.02366	0.15951	0.13904	0.02176	0.01922	0.02374	0.02840	0.27266	0.03031	0.01545	0.00937	0.00276	0.00961	0.04335	0.00594	0.11499
49	0.01819	0.03503	0.42661	0.03029	0.17249	0.02077	0.02841	0.02584	0.01758	0.02622	0.01485	0.01876	0.01144	0.00894	0.01099	0.00280	0.10797	0.00675	0.00375	0.01231

[dist]
# distance from previous block
# <min> <max>
0	1

[block]
# block no. 1 follows, 21 sequences, length 20
# corresponding to MSA columns:
# 53-72
name=unknown_B
#
# <colnr> <probs for GDERKNQSTAVLIFYWHMCP>
#	G	D	E	R	K	N	Q	S	T	A	V	L	I	F	Y	W	H	M	C	P
0	0.14815	0.01027	0.01253	0.01229	0.01417	0.01166	0.00921	0.01638	0.01355	0.02241	0.02166	0.03461	0.02114	0.18931	0.41422	0.01052	0.01676	0.00899	0.00481	0.00737
1	0.01903	0.01671	0.02553	0.56050	0.05276	0.02027	0.02228	0.13025	0.02119	0.02753	0.01609	0.02228	0.01191	0.00882	0.00851	0.00278	0.01098	0.00758	0.00464	0.01036
2	0.01607	0.01513	0.02552	0.68047	0.05861	0.01891	0.02363	0.02174	0.01702	0.02174	0.01513	0.02269	0.01134	0.00851	0.00851	0.00284	0.01134	0.00756	0.00378	0.00945
3	0.01806	0.01350	0.01540	0.01412	0.01761	0.01382	0.01126	0.20749	0.02589	0.03396	0.09817	0.16678	0.18812	0.01880	0.01001	0.00304	0.00665	0.11945	0.00821	0.00966
4	0.02160	0.01857	0.02515	0.02325	0.13749	0.01702	0.06558	0.15009	0.02293	0.03322	0.01659	0.01931	0.01319	0.00744	0.00747	0.00190	0.00833	0.00648	0.00557	0.39883
5	0.01985	0.01978	0.03606	0.17537	0.40063	0.02023	0.15140	0.02548	0.01905	0.02647	0.01609	0.02179	0.01293	0.00768	0.00879	0.00266	0.01126	0.00810	0.00415	0.01224
6	0.08995	0.03150	0.02327	0.02344	0.09437	0.40199	0.01629	0.03473	0.15228	0.02622	0.01794	0.01935	0.01429	0.00915	0.00776	0.00242	0.01218	0.00652	0.00535	0.01098
7	0.01925	0.01862	0.03280	0.03880	0.35166	0.01884	0.14802	0.02599	0.07031	0.02688	0.01907	0.02461	0.01583	0.01804	0.12838	0.00465	0.01303	0.00856	0.00467	0.01199
8	0.01082	0.00774	0.01036	0.01209	0.01286	0.00728	0.00844	0.01276	0.01730	0.02319	0.10087	0.58362	0.05780	0.02553	0.01087	0.00343	0.00512	0.07480	0.00803	0.00710
9	0.02312	0.02496	0.02883	0.03669	0.33985	0.20517	0.02117	0.02679	0.01947	0.02423	0.01510	0.02008	0.01307	0.01327	0.06227	0.00346	0.09972	0.00708	0.00423	0.01145
10	0.18074	0.02348	0.02250	0.02427	0.15519	0.19054	0.01588	0.03322	0.08946	0.15512	0.02002	0.02083	0.01486	0.00900	0.00762	0.00252	0.00982	0.00683	0.00625	0.01184
11	0.01022	0.00800	0.00927	0.01028	0.01193	0.00704	0.00720	0.01203	0.01780	0.02234	0.06600	0.39734	0.34199	0.02418	0.01047	0.00317	0.00463	0.02116	0.00790	0.00704
12	0.01006	0.00862	0.00862	0.00862	0.01149	0.00718	0.00647	0.01221	0.01940	0.02299	0.08621	0.08190	0.64438	0.02155	0.01006	0.00287	0.00431	0.01796	0.00790	0.00718
13	0.01124	0.00840	0.01060	0.01168	0.01329	0.00775	0.00878	0.01379	0.01894	0.02472	0.14826	0.32395	0.20187	0.02333	0.01072	0.00329	0.00524	0.13869	0.00811	0.00734
14	0.02366	0.34381	0.03075	0.01696	0.05060	0.19941	0.01379	0.02662	0.01936	0.02311	0.01578	0.01832	0.01337	0.00826	0.00631	0.00199	0.00975	0.00567	0.16237	0.01012
15	0.01137	0.00867	0.01044	0.01000	0.01230	0.00774	0.00750	0.01476	0.02250	0.03036	0.45487	0.06977	0.27113	0.01880	0.01004	0.00274	0.00411	0.01626	0.00887	0.00774
16	0.01037	0.00790	0.00954	0.01068	0.01208	0.00708	0.00742	0.01224	0.01784	0.02294	0.09804	0.44634	0.25820	0.02433	0.01054	0.00321	0.00467	0.02151	0.00799	0.00708
17	0.15441	0.01853	0.02877	0.16841	0.41727	0.01976	0.02256	0.02506	0.01802	0.02849	0.01508	0.02007	0.01229	0.00782	0.00787	0.00261	0.00971	0.00704	0.00432	0.01191
18	0.02740	0.03224	0.02838	0.03431	0.28038	0.40246	0.02040	0.03077	0.02218	0.02368	0.01432	0.01768	0.01199	0.00828	0.00798	0.00233	0.01321	0.00634	0.00431	0.01134
19	0.02115	0.16281	0.02309	0.01471	0.01969	0.02060	0.01227	0.17358	0.14841	0.03491	0.14224	0.03649	0.09903	0.01242	0.00823	0.00250	0.00701	0.00997	0.03964	0.01124

[dist]
# distance from previous block
# <min> <max>
0	1

[block]
# block no. 2 follows, 21 sequences, length 9
# corresponding to MSA columns:
# 74-82
name=unknown_C
#
# <colnr> <probs for GDERKNQSTAVLIFYWHMCP>
#	G	D	E	R	K	N	Q	S	T	A	V	L	I	F	Y	W	H	M	C	P
0	0.01522	0.22426	0.02034	0.01105	0.01382	0.01608	0.00856	0.01655	0.01504	0.01875	0.03106	0.04552	0.11815	0.34874	0.05937	0.00572	0.00868	0.01064	0.00508	0.00738
1	0.01769	0.02525	0.21657	0.02764	0.13766	0.01705	0.14999	0.02428	0.01960	0.02844	0.11679	0.02686	0.02317	0.00903	0.00861	0.00248	0.01020	0.00860	0.00500	0.12510
2	0.15837	0.14639	0.02357	0.01694	0.02162	0.27815	0.01348	0.08214	0.02147	0.02701	0.01853	0.11935	0.01791	0.01123	0.00742	0.00243	0.01052	0.00823	0.00534	0.00991
3	0.07697	0.25442	0.25362	0.01755	0.02524	0.02225	0.01926	0.02360	0.01648	0.02388	0.01558	0.01976	0.01312	0.02063	0.15862	0.00492	0.01329	0.00623	0.00396	0.01061
4	0.15494	0.17326	0.02272	0.01506	0.04856	0.01862	0.01192	0.02713	0.07694	0.12138	0.16444	0.02985	0.02987	0.01056	0.00744	0.00238	0.00682	0.00832	0.00687	0.06291
5	0.02254	0.01747	0.02175	0.02159	0.12152	0.01800	0.01465	0.20821	0.07402	0.06105	0.08358	0.08063	0.02554	0.04044	0.01070	0.00275	0.03329	0.00970	0.00710	0.12547
6	0.01628	0.01246	0.01534	0.01372	0.01634	0.01309	0.01027	0.10742	0.01836	0.02573	0.02519	0.13746	0.02596	0.18427	0.17549	0.00655	0.05861	0.01129	0.00584	0.12032
7	0.01961	0.01510	0.02152	0.02646	0.21199	0.01544	0.01649	0.02819	0.15308	0.08834	0.12439	0.04785	0.03528	0.01388	0.00950	0.00296	0.00766	0.14342	0.00739	0.01144
8	0.15101	0.01687	0.02721	0.17749	0.10658	0.01741	0.16596	0.02267	0.01802	0.02735	0.02659	0.03019	0.11347	0.00992	0.00842	0.00268	0.00966	0.00917	0.00497	0.05434

[dist]
# distance from previous block
# <min> <max>
0	1

[block]
# block no. 3 follows, 21 sequences, length 7
# corresponding to MSA columns:
# 84-90
name=unknown_D
#
# <colnr> <probs for GDERKNQSTAVLIFYWHMCP>
#	G	D	E	R	K	N	Q	S	T	A	V	L	I	F	Y	W	H	M	C	P
0	0.18356	0.07807	0.19052	0.01908	0.07151	0.01847	0.01745	0.02522	0.08169	0.02835	0.02234	0.02535	0.05586	0.01908	0.12433	0.00458	0.01141	0.00750	0.00501	0.01062
1	0.01576	0.01593	0.01920	0.01955	0.10258	0.09430	0.08461	0.01869	0.01932	0.02319	0.05277	0.05532	0.33691	0.08899	0.01309	0.00332	0.00813	0.01342	0.00623	0.00868
2	0.02549	0.02130	0.02395	0.18500	0.07710	0.08943	0.01756	0.29573	0.02852	0.03781	0.01889	0.02184	0.01412	0.00941	0.00811	0.00252	0.00990	0.00743	0.09397	0.01190
3	0.11466	0.02256	0.08728	0.19064	0.22667	0.09789	0.02117	0.02607	0.04648	0.02641	0.01564	0.02028	0.01249	0.00934	0.00918	0.04049	0.01055	0.00690	0.00438	0.01093
4	0.02235	0.02423	0.02763	0.13316	0.31683	0.20657	0.02101	0.02639	0.02040	0.02440	0.02192	0.02560	0.07418	0.00943	0.00838	0.00251	0.01125	0.00798	0.00456	0.01121
5	0.18901	0.10360	0.13639	0.10838	0.22272	0.02094	0.02087	0.02615	0.01773	0.05865	0.01518	0.01859	0.01185	0.00796	0.00731	0.00254	0.00963	0.00637	0.00453	0.01161
6	0.10794	0.01503	0.02163	0.02892	0.28148	0.01556	0.01594	0.04930	0.01758	0.02673	0.02242	0.11796	0.02258	0.13754	0.07898	0.00476	0.00986	0.01045	0.00524	0.01009

[dist]
# distance from previous block
# <min> <max>
0	1

[block]
# block no. 4 follows, 21 sequences, length 6
# corresponding to MSA columns:
# 92-97
name=unknown_E
#
# <colnr> <probs for GDERKNQSTAVLIFYWHMCP>
#	G	D	E	R	K	N	Q	S	T	A	V	L	I	F	Y	W	H	M	C	P
0	0.01656	0.01605	0.03016	0.02806	0.12297	0.01533	0.24863	0.02143	0.01923	0.02578	0.03272	0.14781	0.06864	0.01509	0.01034	0.00316	0.01004	0.15215	0.00593	0.00993
1	0.14820	0.02466	0.09529	0.15708	0.20817	0.12409	0.07282	0.02654	0.01876	0.02715	0.01469	0.01905	0.01159	0.00803	0.00788	0.00260	0.01122	0.00680	0.00428	0.01112
2	0.02130	0.01866	0.02420	0.12897	0.19521	0.06301	0.01885	0.15813	0.02408	0.03144	0.02750	0.04092	0.06169	0.01275	0.00923	0.00288	0.00963	0.13420	0.00616	0.01121
3	0.10116	0.01935	0.02199	0.19434	0.12539	0.10146	0.01699	0.12035	0.02188	0.03134	0.01791	0.02190	0.01388	0.00888	0.00756	0.00248	0.00944	0.00707	0.14602	0.01062
4	0.14477	0.06345	0.16575	0.02720	0.20466	0.01935	0.01994	0.08740	0.01985	0.03075	0.02008	0.12149	0.01864	0.01092	0.00802	0.00269	0.00914	0.00916	0.00524	0.01151
5	0.02711	0.02596	0.06115	0.05634	0.12302	0.18277	0.01894	0.13316	0.02350	0.11268	0.01745	0.02004	0.01337	0.01015	0.01184	0.00271	0.13512	0.00710	0.00571	0.01188

[dist]
# distance from previous block
# <min> <max>
55	137

[block]
# block no. 5 follows, 21 sequences, length 11
# corresponding to MSA columns:
# 268-278
name=unknown_F
#
# <colnr> <probs for GDERKNQSTAVLIFYWHMCP>
#	G	D	E	R	K	N	Q	S	T	A	V	L	I	F	Y	W	H	M	C	P
0	0.13970	0.01119	0.01103	0.01139	0.01332	0.04579	0.00804	0.01589	0.01713	0.02527	0.10662	0.30435	0.12132	0.11426	0.01404	0.00375	0.00607	0.01642	0.00704	0.00738
1	0.01947	0.02023	0.10327	0.09394	0.09035	0.01842	0.01719	0.12130	0.19386	0.03281	0.06797	0.03612	0.12439	0.01212	0.00883	0.00275	0.00821	0.01014	0.00690	0.01173
2	0.07435	0.02855	0.05843	0.02245	0.08848	0.25081	0.01674	0.18119	0.06571	0.03286	0.01979	0.02115	0.03845	0.00947	0.00791	0.00239	0.01101	0.00698	0.00590	0.05740
3	0.02389	0.02778	0.13389	0.01975	0.02616	0.20810	0.06895	0.03024	0.08317	0.09959	0.02449	0.02699	0.05834	0.05226	0.01039	0.00280	0.01092	0.00804	0.00575	0.07850
4	0.02039	0.02125	0.06604	0.09804	0.51658	0.02022	0.08043	0.02592	0.01919	0.02724	0.01601	0.02121	0.01313	0.00764	0.00856	0.00259	0.01072	0.00774	0.00416	0.01294
5	0.01350	0.06290	0.17061	0.01457	0.01988	0.01263	0.01489	0.01802	0.01896	0.02438	0.05385	0.06533	0.30094	0.01782	0.00970	0.00302	0.00751	0.15604	0.00656	0.00891
6	0.02317	0.14037	0.03448	0.04067	0.43565	0.13244	0.02251	0.02735	0.01983	0.02529	0.01481	0.01883	0.01262	0.00773	0.00779	0.00235	0.01083	0.00671	0.00414	0.01243
7	0.14696	0.13302	0.22750	0.01785	0.02547	0.02166	0.01851	0.08050	0.13299	0.03133	0.02064	0.07185	0.01720	0.01020	0.00755	0.00263	0.00905	0.00786	0.00559	0.01164
8	0.02389	0.08345	0.11563	0.02447	0.10977	0.29129	0.01913	0.02907	0.05394	0.02417	0.02032	0.03097	0.01855	0.01105	0.00841	0.00261	0.01202	0.10558	0.00501	0.01067
9	0.01715	0.01258	0.01529	0.01454	0.01734	0.01327	0.01149	0.16816	0.02296	0.03069	0.06548	0.17254	0.07849	0.06477	0.12384	0.00526	0.00983	0.13981	0.00739	0.00912
10	0.01841	0.02159	0.06280	0.02249	0.08769	0.15484	0.12973	0.02241	0.02064	0.02484	0.08489	0.07872	0.20784	0.01374	0.00929	0.00270	0.00974	0.01211	0.00592	0.00961

[dist]
# distance from previous block
# <min> <max>
5	9

[block]
# block no. 6 follows, 21 sequences, length 15
# corresponding to MSA columns:
# 288-302
name=unknown_G
#
# <colnr> <probs for GDERKNQSTAVLIFYWHMCP>
#	G	D	E	R	K	N	Q	S	T	A	V	L	I	F	Y	W	H	M	C	P
0	0.03018	0.03720	0.09925	0.02167	0.02757	0.44600	0.01816	0.16505	0.02697	0.02894	0.01504	0.01680	0.01173	0.00901	0.00791	0.00233	0.01367	0.00607	0.00522	0.01122
1	0.02378	0.02437	0.02258	0.02385	0.12554	0.24590	0.01603	0.12252	0.02273	0.02711	0.01897	0.05276	0.01682	0.02465	0.18810	0.00550	0.01506	0.00802	0.00524	0.01047
2	0.02225	0.06967	0.01969	0.01549	0.01976	0.01742	0.01249	0.21172	0.08223	0.09001	0.03486	0.17514	0.06714	0.04032	0.01049	0.00311	0.00747	0.08182	0.00796	0.01097
3	0.02537	0.01513	0.01764	0.01477	0.01972	0.01524	0.01175	0.14128	0.14634	0.22905	0.08891	0.07814	0.13134	0.01399	0.00907	0.00276	0.00666	0.01161	0.00910	0.01212
4	0.02129	0.10368	0.02407	0.05771	0.02362	0.17736	0.04957	0.06995	0.01983	0.02396	0.02267	0.07397	0.05417	0.07937	0.03977	0.00359	0.09640	0.00914	0.04048	0.00936
5	0.02974	0.10324	0.02662	0.02021	0.02543	0.32814	0.01615	0.21895	0.05612	0.03184	0.01621	0.01774	0.01279	0.00956	0.00895	0.00239	0.05216	0.00639	0.00578	0.01158
6	0.02272	0.02366	0.01906	0.01756	0.02092	0.25716	0.01328	0.09609	0.09608	0.02720	0.05217	0.17650	0.05148	0.01661	0.03579	0.00317	0.04262	0.01157	0.00648	0.00988
7	0.01701	0.01236	0.01478	0.01450	0.01696	0.01279	0.01095	0.18496	0.02342	0.03123	0.03917	0.43193	0.04354	0.02162	0.01030	0.00326	0.00654	0.08745	0.00807	0.00917
8	0.07859	0.02598	0.02849	0.03500	0.31880	0.19024	0.02044	0.14446	0.02431	0.03178	0.01583	0.01893	0.01271	0.00843	0.00802	0.00245	0.01108	0.00684	0.00518	0.01243
9	0.05903	0.14981	0.06640	0.02536	0.12863	0.38548	0.01830	0.03043	0.02139	0.02296	0.01347	0.01609	0.01129	0.00824	0.00734	0.00223	0.01287	0.00568	0.00422	0.01078
10	0.01092	0.00865	0.00982	0.00953	0.01202	0.00755	0.00715	0.01388	0.02144	0.02783	0.32819	0.07394	0.39939	0.01975	0.01005	0.00279	0.00418	0.01684	0.00854	0.00755
11	0.01661	0.01553	0.02502	0.03419	0.36057	0.01499	0.04817	0.02052	0.01905	0.02568	0.03970	0.11933	0.19762	0.01382	0.00926	0.00275	0.00806	0.01264	0.00571	0.01080
12	0.02154	0.02215	0.02546	0.03292	0.31592	0.16199	0.01862	0.06038	0.02190	0.02714	0.05864	0.03377	0.14110	0.01123	0.00866	0.00253	0.00980	0.00954	0.00548	0.01123
13	0.02204	0.01822	0.01495	0.01337	0.01653	0.15975	0.01008	0.13136	0.02264	0.03144	0.02302	0.02885	0.01913	0.09262	0.01129	0.00289	0.00803	0.00786	0.35671	0.00923
14	0.01032	0.00854	0.00904	0.00910	0.01170	0.00727	0.00676	0.01265	0.01974	0.02424	0.15027	0.12323	0.53497	0.02142	0.01011	0.00289	0.00432	0.01809	0.00808	0.00727

[dist]
# distance from previous block
# <min> <max>
3	9

[block]
# block no. 7 follows, 21 sequences, length 222
# corresponding to MSA columns:
# 312-533
name=unknown_H
#
# <colnr> <probs for GDERKNQSTAVLIFYWHMCP>
#	G	D	E	R	K	N	Q	S	T	A	V	L	I	F	Y	W	H	M	C	P
0	0.01808	0.01571	0.02064	0.05715	0.18593	0.01641	0.01523	0.07398	0.17810	0.03090	0.09617	0.04343	0.18607	0.01336	0.00907	0.00274	0.00719	0.01150	0.00710	0.01123
1	0.02837	0.03373	0.02255	0.02019	0.02492	0.47546	0.01529	0.03539	0.15419	0.02455	0.01792	0.01905	0.01432	0.00917	0.00777	0.00227	0.01277	0.00633	0.00536	0.07039
2	0.01037	0.00741	0.00987	0.01185	0.01234	0.00691	0.00790	0.01185	0.01629	0.02172	0.04690	0.69537	0.05629	0.02666	0.01086	0.00346	0.00494	0.02419	0.00790	0.00691
3	0.05809	0.12236	0.02697	0.18852	0.06380	0.30104	0.01785	0.02953	0.02074	0.07370	0.01522	0.01830	0.01193	0.00854	0.00758	0.00238	0.01216	0.00620	0.00466	0.01043
4	0.02545	0.24511	0.08036	0.01879	0.02484	0.27481	0.01641	0.03320	0.15431	0.02429	0.01760	0.01861	0.01421	0.00885	0.00723	0.00227	0.01128	0.00616	0.00502	0.01120
5	0.01220	0.00893	0.01273	0.01273	0.01393	0.01013	0.00946	0.01459	0.01340	0.01906	0.02366	0.03821	0.02335	0.20059	0.53327	0.01251	0.01967	0.00982	0.00469	0.00707
6	0.02106	0.02022	0.03454	0.05223	0.64784	0.02022	0.02612	0.02612	0.01938	0.02780	0.01601	0.02106	0.01348	0.00758	0.00842	0.00253	0.01011	0.00758	0.00421	0.01348
7	0.76103	0.01646	0.01251	0.01119	0.01646	0.01909	0.00922	0.02502	0.01448	0.03818	0.01185	0.01382	0.00922	0.00790	0.00527	0.00263	0.00658	0.00461	0.00527	0.00922
8	0.01006	0.00862	0.00862	0.00862	0.01149	0.00718	0.00647	0.01221	0.01940	0.02299	0.08621	0.08190	0.64438	0.02155	0.01006	0.00287	0.00431	0.01796	0.00790	0.00718
9	0.02411	0.02827	0.06748	0.03758	0.33297	0.23272	0.04717	0.02834	0.02037	0.02485	0.01469	0.01889	0.01229	0.00857	0.00979	0.00254	0.06644	0.00691	0.00420	0.01182
10	0.03102	0.03928	0.02423	0.02195	0.02608	0.62929	0.01657	0.03319	0.02347	0.02081	0.01304	0.01554	0.01097	0.00913	0.00886	0.00228	0.05453	0.00560	0.00435	0.00983
11	0.01009	0.00849	0.00876	0.00897	0.01159	0.00715	0.00662	0.01217	0.01906	0.02285	0.08190	0.14911	0.57995	0.02211	0.01015	0.00294	0.00438	0.01864	0.00790	0.00715
12	0.02106	0.02022	0.03454	0.05223	0.64784	0.02022	0.02612	0.02612	0.01938	0.02780	0.01601	0.02106	0.01348	0.00758	0.00842	0.00253	0.01011	0.00758	0.00421	0.01348
13	0.02161	0.02040	0.03410	0.05064	0.61748	0.02052	0.02563	0.05510	0.02039	0.02906	0.01622	0.02103	0.01353	0.00771	0.00843	0.00253	0.01007	0.00759	0.00442	0.01353
14	0.02275	0.70604	0.04459	0.01456	0.02184	0.03367	0.01456	0.02548	0.01729	0.02002	0.01183	0.01365	0.01092	0.00728	0.00546	0.00182	0.00910	0.00455	0.00364	0.01092
15	0.01009	0.00850	0.00874	0.00893	0.01158	0.00716	0.00660	0.01218	0.01910	0.02287	0.08245	0.14056	0.58815	0.02204	0.01013	0.00293	0.00437	0.01856	0.00790	0.00716
16	0.01149	0.00818	0.01094	0.01193	0.01266	0.00836	0.00829	0.01316	0.01487	0.02019	0.03579	0.33987	0.04079	0.19409	0.19022	0.00728	0.01054	0.04824	0.00638	0.00673
17	0.01246	0.00902	0.01321	0.01321	0.01477	0.01042	0.01026	0.01557	0.01401	0.02072	0.02319	0.03330	0.02132	0.05949	0.61403	0.01274	0.02128	0.00902	0.06435	0.00763
18	0.03235	0.02384	0.02554	0.01958	0.02639	0.02639	0.01618	0.61946	0.04001	0.05363	0.02043	0.02043	0.01447	0.01022	0.00851	0.00255	0.00936	0.00766	0.00851	0.01447
19	0.01006	0.00862	0.00862	0.00862	0.01149	0.00718	0.00647	0.01221	0.01940	0.02299	0.08621	0.08190	0.64438	0.02155	0.01006	0.00287	0.00431	0.01796	0.00790	0.00718
20	0.01049	0.00864	0.00922	0.00908	0.01176	0.00737	0.00681	0.01305	0.02042	0.02542	0.20786	0.07790	0.52122	0.02065	0.01005	0.00283	0.00425	0.01740	0.00822	0.00737
21	0.01216	0.00912	0.01368	0.01368	0.01520	0.01064	0.01064	0.01520	0.01368	0.01976	0.02279	0.03343	0.02127	0.06382	0.66720	0.01368	0.02279	0.00912	0.00456	0.00760
22	0.01765	0.01513	0.01765	0.01260	0.02017	0.01134	0.01008	0.02143	0.01765	0.02773	0.01513	0.01765	0.01260	0.00630	0.00630	0.00126	0.00630	0.00504	0.00504	0.75295
23	0.01359	0.01113	0.01604	0.01522	0.01629	0.01382	0.01194	0.01613	0.01343	0.01965	0.02057	0.03198	0.01984	0.10434	0.47707	0.01106	0.16668	0.00901	0.00442	0.00778
24	0.01986	0.01895	0.03170	0.04746	0.57812	0.01879	0.02396	0.02459	0.01938	0.02728	0.02370	0.02773	0.08260	0.00911	0.00860	0.00257	0.00947	0.00872	0.00462	0.01279
25	0.01227	0.00866	0.01133	0.01133	0.01204	0.00936	0.00771	0.01369	0.01298	0.01802	0.02494	0.04530	0.02643	0.40353	0.33454	0.01078	0.01504	0.01085	0.00488	0.00630
26	0.01607	0.01513	0.02552	0.68047	0.05861	0.01891	0.02363	0.02174	0.01702	0.02174	0.01513	0.02269	0.01134	0.00851	0.00851	0.00284	0.01134	0.00756	0.00378	0.00945
27	0.08002	0.03181	0.25985	0.01991	0.02713	0.17156	0.02016	0.02587	0.01851	0.02547	0.01682	0.07517	0.01487	0.01021	0.00957	0.00254	0.07231	0.00744	0.00448	0.10627
28	0.26709	0.26131	0.02777	0.01534	0.02155	0.09670	0.01337	0.15377	0.02200	0.03326	0.01383	0.01535	0.01113	0.00828	0.00629	0.00228	0.00902	0.00534	0.00530	0.01101
29	0.03103	0.03811	0.02339	0.02111	0.02550	0.60207	0.01591	0.06267	0.02460	0.02301	0.01424	0.01641	0.01167	0.00890	0.00763	0.00220	0.01448	0.00571	0.04134	0.01000
30	0.01194	0.00807	0.00941	0.00983	0.00994	0.00796	0.00575	0.01226	0.01322	0.01762	0.03113	0.19301	0.03638	0.55618	0.03635	0.00722	0.00754	0.01491	0.00575	0.00553
31	0.03122	0.03141	0.02434	0.02048	0.02588	0.33965	0.01607	0.30683	0.03110	0.03611	0.01696	0.01849	0.01304	0.01178	0.03602	0.00285	0.01287	0.00665	0.00632	0.01192
32	0.02148	0.01678	0.01763	0.01560	0.02006	0.01900	0.01221	0.11432	0.42361	0.03711	0.03132	0.03028	0.02359	0.01102	0.00806	0.00265	0.00648	0.00900	0.16739	0.01241
33	0.01006	0.00862	0.00862	0.00862	0.01149	0.00718	0.00647	0.01221	0.01940	0.02299	0.08621	0.08190	0.64438	0.02155	0.01006	0.00287	0.00431	0.01796	0.00790	0.00718
34	0.01065	0.00864	0.00944	0.00924	0.01186	0.00743	0.00693	0.01335	0.02079	0.02629	0.25146	0.07646	0.47707	0.02032	0.01005	0.00282	0.00422	0.01720	0.00834	0.00743
35	0.03186	0.03840	0.02430	0.02162	0.02632	0.58399	0.01641	0.10966	0.02617	0.02507	0.01409	0.01600	0.01142	0.00896	0.00778	0.00224	0.01457	0.00576	0.00492	0.01046
36	0.01006	0.00862	0.00862	0.00862	0.01149	0.00718	0.00647	0.01221	0.01940	0.02299	0.08621	0.08190	0.64438	0.02155	0.01006	0.00287	0.00431	0.01796	0.00790	0.00718
37	0.02779	0.02862	0.02136	0.01851	0.02268	0.33370	0.01394	0.20461	0.02635	0.02972	0.01827	0.02553	0.01630	0.15779	0.01558	0.00360	0.01203	0.00761	0.00579	0.01023
38	0.76103	0.01646	0.01251	0.01119	0.01646	0.01909	0.00922	0.02502	0.01448	0.03818	0.01185	0.01382	0.00922	0.00790	0.00527	0.00263	0.00658	0.00461	0.00527	0.00922
39	0.01497	0.01352	0.01282	0.01195	0.01533	0.06358	0.00911	0.04741	0.12541	0.02791	0.14755	0.06268	0.38027	0.01773	0.00956	0.00278	0.00579	0.01471	0.00798	0.00891
40	0.03217	0.02932	0.02507	0.02035	0.02636	0.23637	0.01626	0.42748	0.03480	0.04288	0.01805	0.01876	0.01332	0.00974	0.00824	0.00244	0.01133	0.00695	0.00716	0.01296
41	0.76103	0.01646	0.01251	0.01119	0.01646	0.01909	0.00922	0.02502	0.01448	0.03818	0.01185	0.01382	0.00922	0.00790	0.00527	0.00263	0.00658	0.00461	0.00527	0.00922
42	0.03053	0.02171	0.02361	0.01865	0.02501	0.02389	0.01523	0.43862	0.16564	0.10953	0.02479	0.02371	0.01760	0.01053	0.00855	0.00263	0.00859	0.00817	0.00875	0.01426
43	0.76103	0.01646	0.01251	0.01119	0.01646	0.01909	0.00922	0.02502	0.01448	0.03818	0.01185	0.01382	0.00922	0.00790	0.00527	0.00263	0.00658	0.00461	0.00527	0.00922
44	0.02106	0.02022	0.03454	0.05223	0.64784	0.02022	0.02612	0.02612	0.01938	0.02780	0.01601	0.02106	0.01348	0.00758	0.00842	0.00253	0.01011	0.00758	0.00421	0.01348
45	0.02117	0.01828	0.01924	0.01732	0.02213	0.02117	0.01347	0.04522	0.63246	0.03560	0.03464	0.03175	0.02598	0.01155	0.00866	0.00289	0.00673	0.00962	0.00866	0.01347
46	0.02361	0.01949	0.02062	0.01781	0.02306	0.02231	0.01406	0.17061	0.50310	0.03954	0.03154	0.02928	0.02347	0.01126	0.00863	0.00281	0.00731	0.00919	0.00863	0.01369
47	0.01037	0.00741	0.00987	0.01185	0.01234	0.00691	0.00790	0.01185	0.01629	0.02172	0.04690	0.69537	0.05629	0.02666	0.01086	0.00346	0.00494	0.02419	0.00790	0.00691
48	0.03292	0.02078	0.02343	0.01805	0.02459	0.02204	0.01488	0.44564	0.03532	0.20507	0.05177	0.02454	0.01910	0.01062	0.00859	0.00258	0.00859	0.00824	0.00906	0.01419
49	0.01253	0.00967	0.01440	0.01418	0.01561	0.01154	0.01110	0.01551	0.01364	0.01980	0.02211	0.03257	0.02068	0.06096	0.62982	0.01309	0.06154	0.00902	0.00451	0.00770
50	0.03818	0.01448	0.01975	0.01514	0.02172	0.01251	0.01251	0.04147	0.02436	0.65373	0.03357	0.02897	0.02107	0.01053	0.00856	0.00263	0.00724	0.00856	0.01053	0.01448
51	0.01006	0.00862	0.00862	0.00862	0.01149	0.00718	0.00647	0.01221	0.01940	0.02299	0.08621	0.08190	0.64438	0.02155	0.01006	0.00287	0.00431	0.01796	0.00790	0.00718
52	0.07086	0.01457	0.01942	0.01496	0.02149	0.01281	0.01236	0.04073	0.02391	0.62590	0.03259	0.02828	0.02053	0.01041	0.00841	0.00263	0.00721	0.00838	0.01029	0.01424
53	0.76103	0.01646	0.01251	0.01119	0.01646	0.01909	0.00922	0.02502	0.01448	0.03818	0.01185	0.01382	0.00922	0.00790	0.00527	0.00263	0.00658	0.00461	0.00527	0.00922
54	0.01707	0.04402	0.65683	0.02426	0.03683	0.01976	0.03144	0.02695	0.01797	0.02695	0.01527	0.01797	0.01078	0.00809	0.00809	0.00270	0.01258	0.00629	0.00359	0.01258
55	0.01586	0.00793	0.00793	0.00793	0.00991	0.00793	0.00595	0.01983	0.01785	0.03173	0.02776	0.03173	0.02181	0.00991	0.00595	0.00198	0.00397	0.00793	0.74817	0.00793
56	0.11755	0.42205	0.11509	0.01660	0.02382	0.13642	0.01635	0.02704	0.01817	0.02335	0.01249	0.01451	0.01069	0.00771	0.00614	0.00210	0.01027	0.00494	0.00397	0.01074
57	0.01946	0.01140	0.01178	0.01048	0.01351	0.01196	0.00818	0.15076	0.02269	0.03651	0.02616	0.02926	0.02021	0.00998	0.00651	0.00211	0.00514	0.00787	0.58666	0.00936
58	0.01786	0.01589	0.01949	0.01473	0.02064	0.01456	0.01195	0.02122	0.01664	0.02615	0.01426	0.01786	0.01229	0.00818	0.01102	0.00180	0.15457	0.00557	0.00475	0.59057
59	0.01238	0.00825	0.00928	0.00928	0.00928	0.00825	0.00516	0.01238	0.01238	0.01650	0.02681	0.05569	0.03094	0.70092	0.04331	0.00825	0.00825	0.01238	0.00516	0.00516
60	0.01238	0.00825	0.00928	0.00928	0.00928	0.00825	0.00516	0.01238	0.01238	0.01650	0.02681	0.05569	0.03094	0.70092	0.04331	0.00825	0.00825	0.01238	0.00516	0.00516
61	0.01216	0.00912	0.01368	0.01368	0.01520	0.01064	0.01064	0.01520	0.01368	0.01976	0.02279	0.03343	0.02127	0.06382	0.66720	0.01368	0.02279	0.00912	0.00456	0.00760
62	0.01040	0.00819	0.00943	0.01035	0.01220	0.00723	0.00748	0.01238	0.01814	0.02262	0.06773	0.33357	0.36909	0.02376	0.01049	0.00317	0.00477	0.05399	0.00790	0.00711
63	0.02166	0.02134	0.03397	0.05056	0.61350	0.05594	0.02558	0.02655	0.01964	0.02742	0.01585	0.02075	0.01334	0.00765	0.00838	0.00251	0.01040	0.00747	0.00422	0.01328
64	0.01037	0.00741	0.00987	0.01185	0.01234	0.00691	0.00790	0.01185	0.01629	0.02172	0.04690	0.69537	0.05629	0.02666	0.01086	0.00346	0.00494	0.02419	0.00790	0.00691
65	0.01765	0.01513	0.01765	0.01260	0.02017	0.01134	0.01008	0.02143	0.01765	0.02773	0.01513	0.01765	0.01260	0.00630	0.00630	0.00126	0.00630	0.00504	0.00504	0.75295
66	0.01707	0.04402	0.65683	0.02426	0.03683	0.01976	0.03144	0.02695	0.01797	0.02695	0.01527	0.01797	0.01078	0.00809	0.00809	0.00270	0.01258	0.00629	0.00359	0.01258
67	0.01216	0.00912	0.01368	0.01368	0.01520	0.01064	0.01064	0.01520	0.01368	0.01976	0.02279	0.03343	0.02127	0.06382	0.66720	0.01368	0.02279	0.00912	0.00456	0.00760
68	0.01099	0.00870	0.00997	0.01012	0.01253	0.00767	0.00775	0.01378	0.02046	0.02608	0.22418	0.11455	0.39818	0.02099	0.01029	0.00297	0.00466	0.08039	0.00828	0.00746
69	0.01909	0.01821	0.03098	0.30038	0.41510	0.01970	0.02514	0.02439	0.01844	0.02541	0.01566	0.02170	0.01264	0.00795	0.00846	0.00265	0.01060	0.00757	0.00404	0.01189
70	0.01216	0.00912	0.01368	0.01368	0.01520	0.01064	0.01064	0.01520	0.01368	0.01976	0.02279	0.03343	0.02127	0.06382	0.66720	0.01368	0.02279	0.00912	0.00456	0.00760
71	0.01020	0.00806	0.00920	0.01010	0.01188	0.00706	0.00712	0.01205	0.01797	0.02241	0.06819	0.36318	0.37474	0.02389	0.01043	0.00314	0.00460	0.02082	0.00790	0.00706
72	0.03074	0.02288	0.02467	0.01882	0.02571	0.02474	0.01551	0.55394	0.03756	0.05080	0.01985	0.02013	0.01427	0.00979	0.00827	0.00241	0.00903	0.00737	0.00813	0.09538
73	0.03105	0.03835	0.02431	0.02182	0.02608	0.59391	0.01656	0.06554	0.02435	0.02262	0.01344	0.01582	0.01117	0.00921	0.00890	0.00230	0.05420	0.00572	0.00457	0.01009
74	0.02213	0.63352	0.11167	0.01562	0.02348	0.03215	0.01641	0.02564	0.01737	0.02078	0.01221	0.01412	0.01091	0.00737	0.00575	0.00192	0.00948	0.00474	0.00364	0.01110
75	0.03146	0.03177	0.07511	0.02053	0.02673	0.30177	0.01715	0.26073	0.02980	0.09705	0.01817	0.01888	0.01331	0.00945	0.00812	0.00242	0.01200	0.00670	0.00653	0.01233
76	0.02106	0.02022	0.03454	0.05223	0.64784	0.02022	0.02612	0.02612	0.01938	0.02780	0.01601	0.02106	0.01348	0.00758	0.00842	0.00253	0.01011	0.00758	0.00421	0.01348
77	0.03179	0.04056	0.02412	0.02192	0.02631	0.66676	0.01644	0.03398	0.02412	0.02083	0.01315	0.01535	0.01096	0.00877	0.00767	0.00219	0.01535	0.00548	0.00438	0.00987
78	0.03179	0.04056	0.02412	0.02192	0.02631	0.66676	0.01644	0.03398	0.02412	0.02083	0.01315	0.01535	0.01096	0.00877	0.00767	0.00219	0.01535	0.00548	0.00438	0.00987
79	0.02106	0.02022	0.03454	0.05223	0.64784	0.02022	0.02612	0.02612	0.01938	0.02780	0.01601	0.02106	0.01348	0.00758	0.00842	0.00253	0.01011	0.00758	0.00421	0.01348
80	0.01059	0.00779	0.00999	0.01165	0.01263	0.00719	0.00814	0.01237	0.01705	0.02223	0.05297	0.55020	0.14866	0.02560	0.01081	0.00340	0.00507	0.06875	0.00790	0.00703
81	0.02002	0.01915	0.03265	0.18387	0.52437	0.01994	0.02560	0.02520	0.01888	0.02653	0.01582	0.02140	0.01303	0.00778	0.00844	0.00259	0.01037	0.00758	0.00412	0.01264
82	0.01013	0.00835	0.00890	0.00933	0.01168	0.00712	0.00678	0.01213	0.01872	0.02271	0.07760	0.21621	0.51563	0.02267	0.01023	0.00300	0.00445	0.01932	0.00790	0.00712
83	0.01018	0.00815	0.00911	0.00987	0.01182	0.00708	0.00702	0.01207	0.01819	0.02250	0.07096	0.31996	0.41617	0.02354	0.01037	0.00310	0.00455	0.02038	0.00790	0.00708
84	0.01238	0.00825	0.00928	0.00928	0.00928	0.00825	0.00516	0.01238	0.01238	0.01650	0.02681	0.05569	0.03094	0.70092	0.04331	0.00825	0.00825	0.01238	0.00516	0.00516
85	0.01707	0.04402	0.65683	0.02426	0.03683	0.01976	0.03144	0.02695	0.01797	0.02695	0.01527	0.01797	0.01078	0.00809	0.00809	0.00270	0.01258	0.00629	0.00359	0.01258
86	0.01903	0.02030	0.03743	0.02862	0.03296	0.02305	0.31485	0.02358	0.01656	0.02381	0.01474	0.02150	0.01253	0.01348	0.05065	0.00379	0.31995	0.00882	0.00405	0.01030
87	0.01017	0.00863	0.00877	0.00873	0.01156	0.00723	0.00655	0.01242	0.01965	0.02359	0.11647	0.08090	0.61375	0.02133	0.01006	0.00286	0.00429	0.01782	0.00798	0.00723
88	0.02018	0.01931	0.03270	0.10086	0.57292	0.01955	0.02507	0.02516	0.01919	0.02711	0.01897	0.02383	0.04061	0.00826	0.00850	0.00257	0.00996	0.00803	0.00434	0.01288
89	0.02935	0.03594	0.02649	0.02881	0.16754	0.51984	0.01864	0.03219	0.02304	0.02241	0.01380	0.01665	0.01153	0.00850	0.00784	0.00227	0.01416	0.00596	0.00435	0.01069
90	0.01707	0.04402	0.65683	0.02426	0.03683	0.01976	0.03144	0.02695	0.01797	0.02695	0.01527	0.01797	0.01078	0.00809	0.00809	0.00270	0.01258	0.00629	0.00359	0.01258
91	0.01233	0.00906	0.01342	0.01342	0.01496	0.01051	0.01042	0.01541	0.01387	0.02030	0.02302	0.03335	0.02130	0.06138	0.63716	0.01315	0.02194	0.00906	0.03834	0.00761
92	0.02830	0.25579	0.03085	0.01955	0.02469	0.43396	0.01592	0.03065	0.02143	0.02055	0.01264	0.01493	0.01096	0.00855	0.00781	0.00214	0.04172	0.00526	0.00411	0.01018
93	0.05676	0.05157	0.11390	0.04507	0.51245	0.02066	0.02550	0.02614	0.01887	0.02788	0.01554	0.02000	0.01282	0.00765	0.00810	0.00252	0.01021	0.00714	0.00416	0.01305
94	0.10286	0.01253	0.01515	0.01238	0.01733	0.01166	0.01003	0.03274	0.02124	0.38847	0.02950	0.02836	0.02013	0.01007	0.00737	0.00242	0.00610	0.00796	0.25188	0.01181
95	0.01006	0.00862	0.00862	0.00862	0.01149	0.00718	0.00647	0.01221	0.01940	0.02299	0.08621	0.08190	0.64438	0.02155	0.01006	0.00287	0.00431	0.01796	0.00790	0.00718
96	0.01037	0.00741	0.00987	0.01185	0.01234	0.00691	0.00790	0.01185	0.01629	0.02172	0.04690	0.69537	0.05629	0.02666	0.01086	0.00346	0.00494	0.02419	0.00790	0.00691
97	0.01586	0.00793	0.00793	0.00793	0.00991	0.00793	0.00595	0.01983	0.01785	0.03173	0.02776	0.03173	0.02181	0.00991	0.00595	0.00198	0.00397	0.00793	0.74817	0.00793
98	0.01006	0.00862	0.00862	0.00862	0.01149	0.00718	0.00647	0.01221	0.01940	0.02299	0.08621	0.08190	0.64438	0.02155	0.01006	0.00287	0.00431	0.01796	0.00790	0.00718
99	0.02275	0.70604	0.04459	0.01456	0.02184	0.03367	0.01456	0.02548	0.01729	0.02002	0.01183	0.01365	0.01092	0.00728	0.00546	0.00182	0.00910	0.00455	0.00364	0.01092
100	0.02275	0.70604	0.04459	0.01456	0.02184	0.03367	0.01456	0.02548	0.01729	0.02002	0.01183	0.01365	0.01092	0.00728	0.00546	0.00182	0.00910	0.00455	0.00364	0.01092
101	0.01123	0.00889	0.01026	0.01056	0.01307	0.00791	0.00835	0.01413	0.02033	0.02565	0.18306	0.08149	0.40722	0.02119	0.01042	0.00306	0.00502	0.14250	0.00817	0.00749
102	0.02275	0.70604	0.04459	0.01456	0.02184	0.03367	0.01456	0.02548	0.01729	0.02002	0.01183	0.01365	0.01092	0.00728	0.00546	0.00182	0.00910	0.00455	0.00364	0.01092
103	0.01083	0.00865	0.00969	0.00943	0.01197	0.00751	0.00707	0.01370	0.02121	0.02730	0.30181	0.07481	0.42610	0.01994	0.01005	0.00280	0.00420	0.01697	0.00847	0.00751
104	0.01015	0.00826	0.00900	0.00959	0.01175	0.00710	0.00689	0.01210	0.01847	0.02261	0.07447	0.26518	0.46868	0.02308	0.01030	0.00305	0.00450	0.01982	0.00790	0.00710
105	0.01182	0.00802	0.00945	0.00999	0.01013	0.00788	0.00592	0.01223	0.01346	0.01795	0.03239	0.23315	0.03797	0.51387	0.03431	0.00692	0.00733	0.01565	0.00592	0.00564
106	0.03162	0.02719	0.02489	0.01997	0.02614	0.16593	0.01609	0.46044	0.06872	0.04549	0.01961	0.01994	0.01433	0.00997	0.00834	0.00249	0.01053	0.00729	0.00762	0.01341
107	0.03101	0.02374	0.02824	0.02136	0.02837	0.02586	0.08199	0.55458	0.03783	0.05074	0.02008	0.02071	0.01430	0.00988	0.00868	0.00259	0.00991	0.00792	0.00805	0.01414
108	0.02106	0.02022	0.03454	0.05223	0.64784	0.02022	0.02612	0.02612	0.01938	0.02780	0.01601	0.02106	0.01348	0.00758	0.00842	0.00253	0.01011	0.00758	0.00421	0.01348
109	0.02147	0.55694	0.18248	0.01674	0.02522	0.03054	0.01836	0.02581	0.01744	0.02158	0.01261	0.01462	0.01089	0.00746	0.00605	0.00202	0.00988	0.00494	0.00363	0.01129
110	0.02275	0.70604	0.04459	0.01456	0.02184	0.03367	0.01456	0.02548	0.01729	0.02002	0.01183	0.01365	0.01092	0.00728	0.00546	0.00182	0.00910	0.00455	0.00364	0.01092
111	0.02901	0.02218	0.02366	0.01890	0.02512	0.02483	0.01537	0.44790	0.21701	0.04825	0.02468	0.02381	0.01791	0.01061	0.00856	0.00265	0.00858	0.00825	0.00856	0.01417
112	0.01620	0.01378	0.01459	0.01349	0.01730	0.01473	0.01037	0.03023	0.34680	0.03093	0.11975	0.05315	0.25285	0.01576	0.00931	0.00286	0.00557	0.01323	0.00847	0.01063
113	0.02275	0.70604	0.04459	0.01456	0.02184	0.03367	0.01456	0.02548	0.01729	0.02002	0.01183	0.01365	0.01092	0.00728	0.00546	0.00182	0.00910	0.00455	0.00364	0.01092
114	0.01035	0.00782	0.00956	0.01084	0.01211	0.00704	0.00748	0.01213	0.01754	0.02262	0.08340	0.48587	0.23298	0.02475	0.01059	0.00325	0.00471	0.02197	0.00796	0.00704
