[name]
unknown

[dist]
# distance from previous block
# <min> <max>
0	0

[block]
# block no. 0 follows, 21 sequences, length 10
# corresponding to MSA columns:
# 37-46
name=unknown_A
#
# <colnr> <probs for GDERKNQSTAVLIFYWHMCP>
#	G	D	E	R	K	N	Q	S	T	A	V	L	I	F	Y	W	H	M	C	P
0	0.01371	0.00980	0.01371	0.01567	0.01763	0.00980	0.01371	0.01763	0.01959	0.02547	0.04506	0.09599	0.04898	0.02351	0.01175	0.00392	0.00784	0.59056	0.00784	0.00784
1	0.02807	0.14168	0.02876	0.05532	0.08047	0.33172	0.01738	0.13383	0.02450	0.02711	0.01447	0.01698	0.01182	0.00897	0.00857	0.00233	0.04590	0.00609	0.00491	0.01111
2	0.10159	0.03825	0.02301	0.02090	0.02537	0.60476	0.01575	0.03312	0.02319	0.02249	0.01303	0.01520	0.01079	0.00869	0.00744	0.00223	0.01451	0.00540	0.00447	0.00980
3	0.01238	0.00825	0.00928	0.00928	0.00928	0.00825	0.00516	0.01238	0.01238	0.01650	0.02681	0.05569	0.03094	0.70092	0.04331	0.00825	0.00825	0.01238	0.00516	0.00516
4	0.01178	0.00841	0.01149	0.01346	0.01457	0.00813	0.01035	0.01429	0.01768	0.02330	0.04613	0.44270	0.05320	0.02533	0.01124	0.00365	0.00616	0.26295	0.00787	0.00730
5	0.01170	0.00869	0.01090	0.01035	0.01250	0.00788	0.00776	0.01540	0.02328	0.03221	0.54729	0.06673	0.17755	0.01811	0.01004	0.00271	0.00407	0.01583	0.00912	0.00788
6	0.01788	0.01763	0.03186	0.42862	0.18579	0.01966	0.12874	0.02368	0.01808	0.02405	0.01569	0.02238	0.01209	0.00807	0.00876	0.00277	0.01160	0.00800	0.00397	0.01070
7	0.01064	0.00840	0.00960	0.00981	0.01198	0.00735	0.00716	0.01316	0.02002	0.02568	0.22563	0.19807	0.37936	0.02146	0.01021	0.00294	0.00436	0.01851	0.00829	0.00735
8	0.02436	0.02024	0.02972	0.03264	0.25141	0.02262	0.05090	0.15969	0.02275	0.08545	0.01725	0.02103	0.01369	0.01041	0.01389	0.00289	0.19515	0.00777	0.00560	0.01254
9	0.30412	0.01727	0.01736	0.01475	0.02028	0.01900	0.01190	0.08623	0.21994	0.16927	0.02462	0.02344	0.01764	0.00984	0.00735	0.00271	0.00701	0.00734	0.00777	0.01217

[dist]
# distance from previous block
# <min> <max>
1	3

[block]
# block no. 1 follows, 21 sequences, length 21
# corresponding to MSA columns:
# 50-70
name=unknown_B
#
# <colnr> <probs for GDERKNQSTAVLIFYWHMCP>
#	G	D	E	R	K	N	Q	S	T	A	V	L	I	F	Y	W	H	M	C	P
0	0.05285	0.20221	0.44835	0.02267	0.06202	0.02313	0.02607	0.02646	0.01771	0.02583	0.01432	0.01688	0.01087	0.00786	0.00734	0.00247	0.01134	0.00585	0.00371	0.01206
1	0.01898	0.02610	0.18873	0.11153	0.18572	0.02089	0.20952	0.02564	0.01839	0.02604	0.01566	0.02086	0.01219	0.00836	0.01064	0.00282	0.07411	0.00802	0.00399	0.01178
2	0.01178	0.00939	0.01066	0.01050	0.01298	0.00872	0.00780	0.01648	0.07684	0.02772	0.26293	0.14335	0.33007	0.01985	0.01002	0.00288	0.00451	0.01707	0.00846	0.00801
3	0.02215	0.02420	0.02332	0.28508	0.03713	0.25651	0.01857	0.02588	0.01918	0.02224	0.01514	0.02036	0.01223	0.00959	0.01050	0.00263	0.10081	0.00682	0.07823	0.00943
4	0.02585	0.31543	0.07548	0.02242	0.09502	0.28801	0.01774	0.02910	0.02034	0.02168	0.01306	0.01546	0.01122	0.00797	0.00686	0.00211	0.01198	0.00538	0.00400	0.01089
5	0.01830	0.11982	0.35361	0.02232	0.08970	0.01893	0.02260	0.02458	0.01760	0.05761	0.02102	0.02698	0.04545	0.11100	0.01310	0.00339	0.01055	0.00778	0.00447	0.01119
6	0.01039	0.00834	0.00929	0.00968	0.01186	0.00723	0.00702	0.01263	0.01926	0.02415	0.15002	0.22832	0.42744	0.02225	0.01025	0.00299	0.00442	0.01913	0.00809	0.00723
7	0.02086	0.02128	0.10873	0.06319	0.18227	0.02072	0.02080	0.02792	0.09905	0.08745	0.01898	0.02279	0.01510	0.01316	0.04366	0.00347	0.20578	0.00781	0.00520	0.01177
8	0.02400	0.02661	0.05937	0.02762	0.16913	0.23525	0.05830	0.06630	0.05463	0.02728	0.01788	0.02136	0.01443	0.01147	0.03897	0.00296	0.03555	0.00720	0.09058	0.01110
9	0.01683	0.01366	0.02173	0.01767	0.02193	0.01287	0.15642	0.07413	0.02198	0.07093	0.14725	0.17572	0.17972	0.01658	0.00997	0.00291	0.00748	0.01525	0.00751	0.00948
10	0.01238	0.00825	0.00928	0.00928	0.00928	0.00825	0.00516	0.01238	0.01238	0.01650	0.02681	0.05569	0.03094	0.70092	0.04331	0.00825	0.00825	0.01238	0.00516	0.00516
11	0.02639	0.02003	0.07824	0.01707	0.02329	0.01874	0.01481	0.17217	0.22970	0.18768	0.03451	0.03224	0.08304	0.01168	0.00869	0.00273	0.00776	0.00944	0.00854	0.01323
12	0.02087	0.09789	0.21731	0.03439	0.23274	0.08100	0.14242	0.02724	0.01934	0.02603	0.01536	0.01928	0.01210	0.00773	0.00828	0.00254	0.01204	0.00720	0.00401	0.01224
13	0.02502	0.02869	0.02750	0.02324	0.02810	0.31733	0.13518	0.03263	0.14176	0.02541	0.02100	0.02765	0.01780	0.01067	0.00979	0.00270	0.04837	0.06098	0.00549	0.01068
14	0.01212	0.00824	0.00943	0.00952	0.00981	0.00810	0.00559	0.01258	0.01372	0.01830	0.07141	0.10041	0.06321	0.58029	0.03746	0.00732	0.00757	0.01362	0.00574	0.00555
15	0.08220	0.01060	0.01091	0.01107	0.01275	0.04444	0.00785	0.01684	0.01740	0.02632	0.13618	0.21088	0.04055	0.13093	0.05618	0.00432	0.00698	0.01380	0.15241	0.00743
16	0.02341	0.03506	0.30877	0.02299	0.05943	0.14762	0.02295	0.17111	0.02468	0.03201	0.02067	0.02227	0.05223	0.00957	0.00825	0.00257	0.01170	0.00727	0.00525	0.01220
17	0.15053	0.05656	0.06583	0.07082	0.13026	0.01973	0.20646	0.04683	0.01951	0.03014	0.07301	0.02365	0.01825	0.00852	0.00826	0.00260	0.01022	0.00820	0.00501	0.04563
18	0.02770	0.17143	0.03057	0.02673	0.15685	0.37196	0.01809	0.05688	0.02243	0.02361	0.01381	0.01644	0.01164	0.00828	0.00742	0.00220	0.01269	0.00583	0.00438	0.01105
19	0.05308	0.04997	0.01844	0.01722	0.07505	0.12547	0.01161	0.04955	0.05919	0.02588	0.05073	0.05752	0.02324	0.18225	0.01646	0.00373	0.00867	0.00899	0.05553	0.10741
20	0.02249	0.12628	0.06555	0.01622	0.02146	0.13628	0.01394	0.02576	0.01896	0.10475	0.05131	0.02448	0.01851	0.05231	0.08817	0.00386	0.05558	0.00716	0.00541	0.14150

[dist]
# distance from previous block
# <min> <max>
2	30

[block]
# block no. 2 follows, 21 sequences, length 25
# corresponding to MSA columns:
# 101-125
name=unknown_C
#
# <colnr> <probs for GDERKNQSTAVLIFYWHMCP>
#	G	D	E	R	K	N	Q	S	T	A	V	L	I	F	Y	W	H	M	C	P
0	0.02154	0.03579	0.32337	0.03253	0.22632	0.16116	0.02650	0.02822	0.01975	0.02588	0.01504	0.01837	0.01167	0.00808	0.00810	0.00253	0.01241	0.00652	0.00396	0.01227
1	0.01949	0.02765	0.23577	0.07814	0.41696	0.02000	0.02771	0.02614	0.01879	0.02719	0.01572	0.02015	0.01249	0.00780	0.00832	0.00260	0.01098	0.00716	0.00399	0.01296
2	0.02311	0.02003	0.02752	0.13074	0.32249	0.09010	0.02059	0.02753	0.02025	0.10946	0.04366	0.02314	0.01656	0.00853	0.00823	0.00243	0.00988	0.00755	0.00530	0.08290
3	0.02156	0.17500	0.11781	0.01664	0.02363	0.14798	0.01547	0.05809	0.02060	0.02610	0.05345	0.02269	0.05100	0.00896	0.00719	0.00202	0.00956	0.00665	0.00499	0.21060
4	0.01792	0.01698	0.02832	0.31704	0.33767	0.01847	0.02326	0.02298	0.01837	0.02477	0.02204	0.02731	0.07014	0.00925	0.00861	0.00269	0.01011	0.00852	0.00436	0.01118
5	0.01216	0.00912	0.01368	0.01368	0.01520	0.01064	0.01064	0.01520	0.01368	0.01976	0.02279	0.03343	0.02127	0.06382	0.66720	0.01368	0.02279	0.00912	0.00456	0.00760
6	0.01067	0.00868	0.00952	0.00971	0.01226	0.00752	0.00741	0.01320	0.01988	0.02463	0.15430	0.11225	0.48507	0.02144	0.01025	0.00297	0.00463	0.07020	0.00809	0.00734
7	0.01031	0.00765	0.00963	0.01121	0.01217	0.00697	0.00762	0.01192	0.01691	0.02198	0.05471	0.57359	0.17303	0.02565	0.01070	0.00334	0.00481	0.02296	0.00790	0.00697
8	0.02227	0.01883	0.01987	0.01754	0.02255	0.02168	0.01374	0.10201	0.57387	0.03738	0.03323	0.03063	0.02484	0.01141	0.00864	0.00285	0.00700	0.00943	0.00864	0.01357
9	0.01822	0.07576	0.48655	0.02916	0.14411	0.02070	0.05507	0.02674	0.01827	0.02673	0.01529	0.01849	0.01136	0.00791	0.00808	0.00262	0.01203	0.00658	0.00374	0.01260
10	0.02347	0.02309	0.02920	0.07110	0.28579	0.11742	0.02134	0.11394	0.02154	0.02858	0.01507	0.01965	0.01260	0.00990	0.01286	0.00278	0.16777	0.00725	0.00474	0.01190
11	0.01216	0.00912	0.01368	0.01368	0.01520	0.01064	0.01064	0.01520	0.01368	0.01976	0.02279	0.03343	0.02127	0.06382	0.66720	0.01368	0.02279	0.00912	0.00456	0.00760
12	0.01214	0.00876	0.01150	0.01098	0.01298	0.00813	0.00834	0.01615	0.02384	0.03365	0.61062	0.06534	0.07858	0.01773	0.01013	0.00274	0.00422	0.04685	0.00928	0.00802
13	0.02293	0.54216	0.12780	0.01671	0.02441	0.09978	0.01712	0.02660	0.01812	0.02108	0.01245	0.01444	0.01091	0.00755	0.00606	0.00198	0.01026	0.00489	0.00371	0.01104
14	0.02225	0.02524	0.09235	0.09233	0.02864	0.14892	0.01720	0.03835	0.37479	0.03017	0.02605	0.02595	0.01968	0.01027	0.00838	0.00272	0.00961	0.00820	0.00670	0.01221
15	0.01219	0.00898	0.01296	0.01296	0.01423	0.01025	0.00975	0.01474	0.01347	0.01923	0.02345	0.03705	0.02285	0.16745	0.56573	0.01279	0.02043	0.00965	0.00466	0.00720
16	0.01145	0.00850	0.01092	0.01245	0.01398	0.00797	0.00959	0.01393	0.01812	0.02330	0.05502	0.35174	0.18468	0.02443	0.01099	0.00349	0.00580	0.21846	0.00788	0.00729
17	0.01590	0.01389	0.01562	0.01639	0.07420	0.01447	0.01131	0.02787	0.28654	0.02892	0.05733	0.05449	0.31733	0.01592	0.00930	0.00285	0.00590	0.01338	0.00790	0.01050
18	0.01787	0.01584	0.02062	0.01473	0.02239	0.01227	0.06547	0.02196	0.01787	0.02769	0.01532	0.01813	0.01263	0.00638	0.00664	0.00141	0.00704	0.00550	0.00497	0.68528
19	0.01296	0.00986	0.01329	0.01292	0.01361	0.01142	0.00933	0.01459	0.01319	0.01864	0.02397	0.06781	0.02532	0.30840	0.31532	0.00989	0.09703	0.01083	0.00483	0.00681
20	0.01037	0.00741	0.00987	0.01185	0.01234	0.00691	0.00790	0.01185	0.01629	0.02172	0.04690	0.69537	0.05629	0.02666	0.01086	0.00346	0.00494	0.02419	0.00790	0.00691
21	0.01052	0.00873	0.00972	0.00972	0.01230	0.00794	0.00738	0.01286	0.01815	0.02228	0.07236	0.07132	0.50834	0.03078	0.15353	0.00523	0.00835	0.01603	0.00717	0.00727
22	0.01934	0.01846	0.03143	0.26872	0.44479	0.01977	0.02526	0.02461	0.01856	0.02571	0.01570	0.02162	0.01274	0.00790	0.00845	0.00263	0.01054	0.00758	0.00406	0.01209
23	0.02748	0.06875	0.10198	0.02401	0.03104	0.24598	0.14890	0.16501	0.02581	0.05618	0.01670	0.01892	0.01258	0.00866	0.00834	0.00248	0.01278	0.00714	0.00543	0.01182
24	0.02520	0.27945	0.13846	0.02208	0.07613	0.27832	0.01905	0.02911	0.02025	0.02212	0.01326	0.01563	0.01112	0.00802	0.00700	0.00217	0.01221	0.00545	0.00397	0.01099

[dist]
# distance from previous block
# <min> <max>
0	48

[block]
# block no. 3 follows, 21 sequences, length 17
# corresponding to MSA columns:
# 175-191
name=unknown_D
#
# <colnr> <probs for GDERKNQSTAVLIFYWHMCP>
#	G	D	E	R	K	N	Q	S	T	A	V	L	I	F	Y	W	H	M	C	P
0	0.17454	0.27333	0.02825	0.01589	0.02110	0.16228	0.01365	0.06123	0.01919	0.02679	0.01378	0.01624	0.01164	0.00874	0.00800	0.00228	0.06636	0.00544	0.06109	0.01020
1	0.01709	0.18307	0.02194	0.05175	0.01999	0.04801	0.01129	0.01961	0.01784	0.02272	0.03415	0.03804	0.17860	0.01355	0.00980	0.06520	0.00738	0.03675	0.00536	0.19787
2	0.01210	0.00849	0.01098	0.01117	0.01179	0.00902	0.00747	0.01338	0.01324	0.01822	0.02722	0.10837	0.02974	0.39791	0.27396	0.00983	0.01338	0.01228	0.00519	0.00624
3	0.01717	0.01619	0.02250	0.02548	0.16487	0.05734	0.01674	0.02031	0.01547	0.02189	0.01750	0.02546	0.01611	0.03420	0.30149	0.00770	0.19769	0.00809	0.00424	0.00957
4	0.02179	0.01428	0.01638	0.01402	0.01782	0.01552	0.01121	0.23524	0.02497	0.06462	0.02403	0.02801	0.01899	0.02481	0.18796	0.00542	0.01121	0.00819	0.24505	0.01049
5	0.01142	0.00867	0.01050	0.01005	0.01233	0.00776	0.00753	0.01484	0.02260	0.03060	0.46702	0.06937	0.25883	0.01871	0.01004	0.00274	0.00411	0.01620	0.00890	0.00776
6	0.04800	0.01657	0.01791	0.01870	0.09130	0.07670	0.01249	0.15800	0.02372	0.03160	0.10934	0.18448	0.08095	0.07682	0.01224	0.00327	0.00776	0.01322	0.00711	0.00982
7	0.01586	0.00793	0.00793	0.00793	0.00991	0.00793	0.00595	0.01983	0.01785	0.03173	0.02776	0.03173	0.02181	0.00991	0.00595	0.00198	0.00397	0.00793	0.74817	0.00793
8	0.01963	0.23050	0.29726	0.02490	0.03475	0.02434	0.20150	0.02662	0.01840	0.02503	0.01485	0.01820	0.01146	0.00758	0.00791	0.00249	0.01209	0.00690	0.00382	0.01177
9	0.01092	0.00816	0.00963	0.01055	0.01185	0.00749	0.00731	0.01252	0.01679	0.02138	0.05579	0.31710	0.24611	0.16041	0.01719	0.00426	0.00562	0.06285	0.00734	0.00672
10	0.02606	0.39918	0.03549	0.01776	0.02363	0.22672	0.01554	0.07767	0.02101	0.02312	0.01292	0.01507	0.01125	0.00849	0.00788	0.00212	0.05574	0.00529	0.00428	0.01079
11	0.01271	0.00899	0.01074	0.01057	0.01309	0.00798	0.00808	0.01566	0.02104	0.06391	0.26503	0.12383	0.31879	0.02008	0.01017	0.00293	0.00473	0.06520	0.00855	0.00793
12	0.08808	0.01646	0.02164	0.21846	0.07350	0.01726	0.01620	0.12380	0.02210	0.07940	0.06997	0.02424	0.01862	0.00911	0.00787	0.00239	0.00850	0.00751	0.00599	0.16888
13	0.10658	0.04355	0.02067	0.11278	0.07287	0.01852	0.01457	0.13742	0.10796	0.03324	0.02230	0.02961	0.01873	0.05262	0.01001	0.00291	0.00814	0.04935	0.06489	0.07327
14	0.26238	0.08071	0.16548	0.02400	0.16795	0.01952	0.01843	0.02554	0.01696	0.06061	0.01589	0.02060	0.01307	0.06450	0.00992	0.00301	0.00913	0.00650	0.00476	0.01104
15	0.02924	0.03223	0.10614	0.02288	0.06505	0.31109	0.01859	0.13303	0.02506	0.10540	0.01723	0.01880	0.01295	0.00948	0.00936	0.00250	0.05693	0.00660	0.00569	0.01176
16	0.04989	0.02067	0.07000	0.05702	0.02322	0.10334	0.01419	0.16557	0.07085	0.03216	0.06352	0.14921	0.11608	0.01462	0.00896	0.00277	0.00848	0.01203	0.00700	0.01042

[dist]
# distance from previous block
# <min> <max>
0	85

[block]
# block no. 4 follows, 21 sequences, length 21
# corresponding to MSA columns:
# 278-298
name=unknown_E
#
# <colnr> <probs for GDERKNQSTAVLIFYWHMCP>
#	G	D	E	R	K	N	Q	S	T	A	V	L	I	F	Y	W	H	M	C	P
0	0.05131	0.17015	0.02347	0.01495	0.01930	0.01852	0.04095	0.10821	0.01967	0.02671	0.02536	0.03623	0.06052	0.11029	0.14590	0.00546	0.01139	0.05863	0.00556	0.04742
1	0.02188	0.02424	0.08925	0.06336	0.12148	0.10157	0.12084	0.09838	0.02159	0.02881	0.01737	0.02389	0.01448	0.00943	0.01016	0.00258	0.06926	0.03999	0.00497	0.11648
2	0.02676	0.03302	0.06559	0.16364	0.03373	0.40865	0.01906	0.06807	0.02261	0.02353	0.01408	0.01761	0.01127	0.00910	0.00905	0.00247	0.05088	0.00623	0.00443	0.01022
3	0.06001	0.01634	0.02149	0.14251	0.15160	0.01789	0.01645	0.03008	0.24221	0.03009	0.06956	0.03314	0.08068	0.01110	0.00852	0.00271	0.00781	0.00953	0.00653	0.04176
4	0.01023	0.00794	0.00933	0.01044	0.01197	0.00703	0.00727	0.01201	0.01765	0.02228	0.06407	0.42747	0.31310	0.02443	0.01051	0.00320	0.00466	0.02147	0.00790	0.00703
5	0.02313	0.02581	0.02962	0.02404	0.02915	0.24952	0.21251	0.07724	0.02239	0.02598	0.02275	0.17210	0.02216	0.01241	0.00925	0.00273	0.01215	0.01141	0.00551	0.01013
6	0.01120	0.00817	0.00985	0.01031	0.01154	0.00756	0.00700	0.01308	0.01790	0.02379	0.19683	0.26570	0.17355	0.18324	0.01819	0.00428	0.00537	0.01798	0.00761	0.00683
7	0.01962	0.03279	0.30480	0.02651	0.06067	0.10055	0.13387	0.02620	0.01816	0.02488	0.01511	0.01958	0.01190	0.01187	0.04459	0.00337	0.12304	0.00727	0.00392	0.01130
8	0.01096	0.00765	0.00970	0.01110	0.01145	0.00730	0.00710	0.01200	0.01515	0.02019	0.04102	0.50796	0.04886	0.22421	0.02037	0.00486	0.00591	0.02073	0.00710	0.00640
9	0.01397	0.01005	0.01397	0.01347	0.01480	0.01195	0.01052	0.01668	0.01434	0.02215	0.02186	0.03065	0.01967	0.04374	0.40383	0.05057	0.10715	0.00854	0.16440	0.00769
10	0.43300	0.01644	0.01633	0.01340	0.01928	0.01741	0.01105	0.08651	0.02042	0.26095	0.02046	0.01989	0.01397	0.00906	0.00675	0.00263	0.00708	0.00631	0.00746	0.01160
11	0.03087	0.02275	0.02433	0.01890	0.02536	0.02521	0.01553	0.55495	0.07737	0.05147	0.02169	0.02168	0.01555	0.01029	0.00841	0.00255	0.00895	0.00780	0.04223	0.01411
12	0.02025	0.12833	0.12323	0.02726	0.07136	0.05573	0.19324	0.02511	0.01734	0.02375	0.01399	0.01903	0.01172	0.00980	0.01438	0.00290	0.22020	0.00751	0.00392	0.01093
13	0.01036	0.00863	0.00904	0.00894	0.01168	0.00731	0.00670	0.01279	0.02011	0.02467	0.17033	0.07913	0.55921	0.02093	0.01005	0.00284	0.00427	0.01757	0.00812	0.00731
14	0.01216	0.00912	0.01368	0.01368	0.01520	0.01064	0.01064	0.01520	0.01368	0.01976	0.02279	0.03343	0.02127	0.06382	0.66720	0.01368	0.02279	0.00912	0.00456	0.00760
15	0.01238	0.00825	0.00928	0.00928	0.00928	0.00825	0.00516	0.01238	0.01238	0.01650	0.02681	0.05569	0.03094	0.70092	0.04331	0.00825	0.00825	0.01238	0.00516	0.00516
16	0.01862	0.03952	0.50869	0.02919	0.14680	0.05619	0.02964	0.02719	0.01857	0.02676	0.01529	0.01838	0.01128	0.00803	0.00812	0.00264	0.01229	0.00648	0.00375	0.01259
17	0.02919	0.18895	0.02897	0.02007	0.02512	0.43881	0.01609	0.08192	0.02343	0.02346	0.01339	0.01555	0.01126	0.00884	0.00817	0.00221	0.04400	0.00555	0.00454	0.01048
18	0.04345	0.00972	0.01227	0.01348	0.01580	0.00944	0.01143	0.01650	0.01956	0.02582	0.08455	0.08744	0.19738	0.02207	0.01098	0.00354	0.00671	0.39430	0.00783	0.00774
19	0.01556	0.03455	0.47215	0.02114	0.03121	0.01687	0.05542	0.02347	0.01841	0.02603	0.03219	0.03338	0.16113	0.01123	0.00865	0.00275	0.01071	0.00925	0.00465	0.01124
20	0.02727	0.08900	0.08834	0.02611	0.14185	0.28308	0.01901	0.03188	0.04837	0.10522	0.01727	0.01917	0.01339	0.00902	0.00886	0.00244	0.04640	0.00655	0.00516	0.01162

[dist]
# distance from previous block
# <min> <max>
0	3

[block]
# block no. 5 follows, 21 sequences, length 6
# corresponding to MSA columns:
# 302-307
name=unknown_F
#
# <colnr> <probs for GDERKNQSTAVLIFYWHMCP>
#	G	D	E	R	K	N	Q	S	T	A	V	L	I	F	Y	W	H	M	C	P
0	0.01993	0.02827	0.19986	0.12375	0.15352	0.08529	0.15020	0.02621	0.01869	0.02521	0.01519	0.02006	0.01187	0.00858	0.01048	0.00277	0.07712	0.00753	0.00398	0.01149
1	0.01716	0.01824	0.09204	0.01792	0.02353	0.01535	0.12068	0.10769	0.08079	0.03133	0.12818	0.04814	0.23434	0.01433	0.00948	0.00278	0.00794	0.01262	0.00714	0.01031
2	0.07173	0.01904	0.07238	0.10841	0.38012	0.01770	0.02162	0.02344	0.01904	0.02784	0.07212	0.02993	0.08100	0.00991	0.00847	0.00263	0.00911	0.00893	0.00497	0.01161
3	0.01586	0.01565	0.06798	0.05298	0.08363	0.01502	0.01466	0.02549	0.18829	0.02671	0.06051	0.08984	0.06557	0.02837	0.20384	0.00606	0.01209	0.01092	0.00627	0.01025
4	0.02712	0.08382	0.02647	0.02639	0.15044	0.43322	0.01742	0.02993	0.02225	0.02236	0.01974	0.02194	0.06445	0.00949	0.00786	0.00229	0.01289	0.00688	0.00459	0.01045
5	0.06894	0.02728	0.19828	0.02891	0.13901	0.02133	0.14483	0.17483	0.02421	0.03486	0.04342	0.02181	0.01545	0.00873	0.00856	0.00266	0.01097	0.00791	0.00543	0.01258

[dist]
# distance from previous block
# <min> <max>
0	5

[block]
# block no. 6 follows, 21 sequences, length 25
# corresponding to MSA columns:
# 313-337
name=unknown_G
#
# <colnr> <probs for GDERKNQSTAVLIFYWHMCP>
#	G	D	E	R	K	N	Q	S	T	A	V	L	I	F	Y	W	H	M	C	P
0	0.01899	0.01993	0.03196	0.14413	0.08345	0.08747	0.22799	0.02480	0.04244	0.02412	0.01800	0.02440	0.01472	0.02020	0.15092	0.00511	0.03806	0.00862	0.00442	0.01027
1	0.23449	0.02495	0.02009	0.06382	0.07265	0.24422	0.01460	0.03080	0.12431	0.02901	0.02059	0.02209	0.04598	0.00955	0.00739	0.00254	0.01013	0.00689	0.00549	0.01041
2	0.02077	0.01913	0.02830	0.08183	0.39743	0.04798	0.02103	0.07995	0.02030	0.02796	0.01762	0.02463	0.01536	0.07341	0.05584	0.00375	0.01090	0.00792	0.00474	0.04115
3	0.02196	0.02128	0.08542	0.06671	0.31937	0.01948	0.04902	0.06057	0.06856	0.07789	0.01872	0.02195	0.01455	0.00858	0.00926	0.00256	0.04239	0.00759	0.00527	0.07887
4	0.01176	0.00871	0.01105	0.01105	0.01235	0.00905	0.00784	0.01357	0.01451	0.01936	0.03829	0.05183	0.16332	0.27202	0.30778	0.00942	0.01371	0.01220	0.00551	0.00667
5	0.01718	0.01645	0.02766	0.28370	0.27164	0.01755	0.06159	0.02211	0.01853	0.02462	0.02792	0.03236	0.12199	0.01033	0.00885	0.00273	0.00986	0.00954	0.00469	0.01071
6	0.01877	0.03874	0.52195	0.02468	0.03609	0.01963	0.09416	0.02872	0.05030	0.06179	0.01749	0.01983	0.01236	0.00830	0.00836	0.00272	0.01218	0.00700	0.00431	0.01261
7	0.01216	0.00905	0.01331	0.01326	0.01475	0.01033	0.01020	0.01514	0.01443	0.02074	0.07135	0.03672	0.02628	0.08707	0.58964	0.01259	0.02072	0.00974	0.00496	0.00753
8	0.02340	0.02505	0.02918	0.03928	0.39545	0.20918	0.02190	0.02749	0.02079	0.02549	0.01838	0.02766	0.01666	0.00969	0.00857	0.00258	0.01140	0.07138	0.00466	0.01179
9	0.01021	0.00863	0.00884	0.00878	0.01159	0.00725	0.00659	0.01251	0.01976	0.02386	0.12965	0.08047	0.60040	0.02123	0.01006	0.00286	0.00429	0.01776	0.00802	0.00725
10	0.02044	0.01959	0.03343	0.13007	0.57483	0.02006	0.02581	0.02558	0.01908	0.02705	0.01590	0.02126	0.01322	0.00770	0.00844	0.00257	0.01026	0.00758	0.00416	0.01298
11	0.02985	0.18331	0.02851	0.02034	0.02535	0.53095	0.01604	0.03216	0.02265	0.02065	0.01287	0.01498	0.01095	0.00845	0.00720	0.00211	0.01401	0.00528	0.00423	0.01009
12	0.01920	0.01853	0.03217	0.27907	0.39983	0.01982	0.05889	0.02460	0.01856	0.02557	0.01576	0.02176	0.01267	0.00789	0.00855	0.00266	0.01080	0.00772	0.00406	0.01191
13	0.02934	0.22996	0.03064	0.01892	0.02503	0.25072	0.01579	0.24191	0.02783	0.03238	0.01538	0.01668	0.01221	0.00885	0.00733	0.00221	0.01136	0.00599	0.00565	0.01183
14	0.01195	0.00876	0.01125	0.01082	0.01292	0.00806	0.00825	0.01577	0.02331	0.03240	0.54615	0.06762	0.13608	0.01823	0.01015	0.00278	0.00430	0.05414	0.00912	0.00793
15	0.01037	0.00741	0.00987	0.01185	0.01234	0.00691	0.00790	0.01185	0.01629	0.02172	0.04690	0.69537	0.05629	0.02666	0.01086	0.00346	0.00494	0.02419	0.00790	0.00691
16	0.01037	0.00741	0.00987	0.01185	0.01234	0.00691	0.00790	0.01185	0.01629	0.02172	0.04690	0.69537	0.05629	0.02666	0.01086	0.00346	0.00494	0.02419	0.00790	0.00691
17	0.01056	0.00802	0.00973	0.01062	0.01213	0.00719	0.00746	0.01269	0.01864	0.02427	0.16259	0.38928	0.24921	0.02342	0.01046	0.00313	0.00458	0.02067	0.00815	0.00719
18	0.01641	0.04803	0.02234	0.01874	0.01966	0.02068	0.01545	0.01875	0.01348	0.02019	0.01553	0.02390	0.01492	0.03276	0.26505	0.00734	0.40605	0.00793	0.00403	0.00875
19	0.76103	0.01646	0.01251	0.01119	0.01646	0.01909	0.00922	0.02502	0.01448	0.03818	0.01185	0.01382	0.00922	0.00790	0.00527	0.00263	0.00658	0.00461	0.00527	0.00922
20	0.02280	0.19048	0.02479	0.01527	0.01984	0.08487	0.01244	0.20198	0.02357	0.02963	0.02236	0.03008	0.04792	0.16786	0.06685	0.00449	0.01044	0.00833	0.00581	0.01017
21	0.01416	0.00798	0.00906	0.00906	0.00984	0.00798	0.00585	0.01508	0.01430	0.02218	0.02510	0.04111	0.02455	0.31322	0.02690	0.13478	0.00642	0.00977	0.29665	0.00599
22	0.02615	0.02763	0.02204	0.06386	0.02593	0.32078	0.01549	0.15043	0.05242	0.02810	0.01784	0.02152	0.01461	0.02099	0.14942	0.00481	0.01505	0.00704	0.00543	0.01047
23	0.01249	0.00926	0.01368	0.01410	0.01572	0.01046	0.01130	0.01572	0.01495	0.02098	0.02757	0.04685	0.02722	0.05518	0.52660	0.01158	0.01959	0.13384	0.00526	0.00765
24	0.09892	0.01270	0.01525	0.16017	0.02462	0.01369	0.01200	0.02395	0.10249	0.05773	0.07400	0.03681	0.11819	0.01175	0.00786	0.00255	0.00660	0.00965	0.16567	0.04541

[dist]
# distance from previous block
# <min> <max>
0	45

[block]
# block no. 7 follows, 21 sequences, length 12
# corresponding to MSA columns:
# 383-394
name=unknown_H
#
# <colnr> <probs for GDERKNQSTAVLIFYWHMCP>
#	G	D	E	R	K	N	Q	S	T	A	V	L	I	F	Y	W	H	M	C	P
0	0.02270	0.33153	0.03060	0.01748	0.07393	0.06402	0.01385	0.09930	0.04764	0.02827	0.01798	0.02017	0.01474	0.00855	0.00648	0.00208	0.00832	0.00625	0.17514	0.01094
1	0.01140	0.00887	0.01048	0.01063	0.01304	0.00795	0.00834	0.01450	0.02099	0.02714	0.26314	0.07845	0.34643	0.02054	0.01037	0.00300	0.00487	0.12390	0.00838	0.00759
2	0.02241	0.02065	0.03347	0.04833	0.57356	0.02096	0.02493	0.09703	0.02184	0.03089	0.01654	0.02099	0.01360	0.00790	0.00844	0.00253	0.01002	0.00759	0.00473	0.01360
3	0.40897	0.11417	0.14546	0.01700	0.05224	0.02194	0.01579	0.08513	0.01833	0.03463	0.01358	0.01562	0.01048	0.00807	0.00632	0.00252	0.00854	0.00538	0.00500	0.01083
4	0.01037	0.00741	0.00987	0.01185	0.01234	0.00691	0.00790	0.01185	0.01629	0.02172	0.04690	0.69537	0.05629	0.02666	0.01086	0.00346	0.00494	0.02419	0.00790	0.00691
5	0.01216	0.00912	0.01368	0.01368	0.01520	0.01064	0.01064	0.01520	0.01368	0.01976	0.02279	0.03343	0.02127	0.06382	0.66720	0.01368	0.02279	0.00912	0.00456	0.00760
6	0.02321	0.21603	0.08675	0.02219	0.02865	0.22052	0.14849	0.02739	0.01962	0.02240	0.01499	0.01889	0.01257	0.01440	0.08490	0.00363	0.01405	0.00672	0.00412	0.01047
7	0.01259	0.00987	0.01446	0.01433	0.01557	0.01174	0.01111	0.01533	0.01392	0.02006	0.02451	0.11106	0.02445	0.05448	0.52464	0.01146	0.08711	0.01075	0.00487	0.00769
8	0.01011	0.00841	0.00884	0.00919	0.01164	0.00714	0.00672	0.01215	0.01885	0.02277	0.07932	0.18939	0.54134	0.02245	0.01020	0.00298	0.00442	0.01905	0.00790	0.00714
9	0.02181	0.02666	0.15847	0.08595	0.28373	0.06065	0.10601	0.10005	0.02186	0.02987	0.01633	0.02040	0.01267	0.00810	0.00855	0.00261	0.01150	0.00754	0.00461	0.01262
10	0.02173	0.03234	0.23563	0.03459	0.23081	0.14773	0.12144	0.02812	0.01997	0.02607	0.01540	0.01924	0.01202	0.00791	0.00843	0.00257	0.01262	0.00715	0.00406	0.01215
11	0.03140	0.07440	0.02556	0.02103	0.02608	0.49896	0.01628	0.15448	0.02702	0.02756	0.01458	0.01630	0.01168	0.00898	0.00772	0.00225	0.01376	0.00588	0.00520	0.01088

[dist]
# distance from previous block
# <min> <max>
0	3

[block]
# block no. 8 follows, 21 sequences, length 25
# corresponding to MSA columns:
# 398-422
name=unknown_I
#
# <colnr> <probs for GDERKNQSTAVLIFYWHMCP>
#	G	D	E	R	K	N	Q	S	T	A	V	L	I	F	Y	W	H	M	C	P
0	0.01750	0.01769	0.05788	0.07375	0.39457	0.01633	0.02056	0.02216	0.01965	0.02710	0.09245	0.03726	0.14446	0.01140	0.00890	0.00264	0.00855	0.01035	0.00540	0.01142
1	0.05071	0.02380	0.14235	0.06390	0.12609	0.02217	0.07154	0.06093	0.11671	0.02846	0.01771	0.02148	0.01410	0.01042	0.01357	0.00298	0.18869	0.00773	0.00495	0.01170
2	0.02889	0.25440	0.03070	0.01956	0.02487	0.46333	0.01584	0.03125	0.02192	0.02057	0.01273	0.01480	0.01095	0.00829	0.00696	0.00207	0.01334	0.00518	0.00415	0.01020
3	0.01030	0.00812	0.00930	0.01007	0.01191	0.00712	0.00715	0.01228	0.01838	0.02310	0.10162	0.33422	0.36946	0.02343	0.01039	0.00310	0.00455	0.02039	0.00798	0.00712
4	0.06642	0.03488	0.19368	0.02839	0.16316	0.28661	0.02210	0.05934	0.02172	0.02658	0.01463	0.01745	0.01154	0.00835	0.00785	0.00244	0.01269	0.00621	0.00439	0.01156
5	0.02490	0.30728	0.12212	0.02228	0.09934	0.09629	0.01884	0.16109	0.02350	0.02960	0.01489	0.01684	0.01201	0.00825	0.00710	0.00223	0.01043	0.00595	0.00488	0.01214
6	0.02189	0.01025	0.01224	0.01070	0.01431	0.00925	0.00835	0.02473	0.01997	0.23650	0.04271	0.04229	0.16810	0.01407	0.00946	0.04838	0.00535	0.01048	0.28129	0.00969
7	0.01139	0.00787	0.00970	0.01061	0.01097	0.00759	0.00665	0.01235	0.01498	0.02010	0.07426	0.36444	0.04618	0.33411	0.02564	0.00560	0.00639	0.01826	0.00674	0.00618
8	0.07029	0.03480	0.02572	0.02789	0.16036	0.49048	0.01813	0.03178	0.02255	0.02331	0.01370	0.01650	0.01141	0.00846	0.00770	0.00229	0.01372	0.00589	0.00440	0.01061
9	0.02404	0.02500	0.02043	0.09795	0.05352	0.29487	0.01492	0.08628	0.02240	0.02650	0.01973	0.06778	0.01713	0.01349	0.04647	0.00304	0.01173	0.00798	0.13696	0.00977
10	0.01072	0.00813	0.00996	0.01112	0.01263	0.00737	0.00804	0.01285	0.01817	0.02337	0.10050	0.39245	0.24743	0.02405	0.01064	0.00326	0.00497	0.07919	0.00800	0.00717
11	0.01856	0.03945	0.50939	0.02930	0.14909	0.05314	0.02969	0.02716	0.01854	0.02679	0.01530	0.01840	0.01129	0.00803	0.00813	0.00264	0.01226	0.00649	0.00375	0.01260
12	0.76103	0.01646	0.01251	0.01119	0.01646	0.01909	0.00922	0.02502	0.01448	0.03818	0.01185	0.01382	0.00922	0.00790	0.00527	0.00263	0.00658	0.00461	0.00527	0.00922
13	0.03228	0.02591	0.02536	0.01987	0.02638	0.10582	0.01621	0.54684	0.03804	0.04956	0.01953	0.01980	0.01404	0.01004	0.00841	0.00251	0.01011	0.00739	0.00800	0.01390
14	0.01238	0.00825	0.00928	0.00928	0.00928	0.00825	0.00516	0.01238	0.01238	0.01650	0.02681	0.05569	0.03094	0.70092	0.04331	0.00825	0.00825	0.01238	0.00516	0.00516
15	0.01121	0.00854	0.00955	0.00936	0.01124	0.00770	0.00654	0.01330	0.01881	0.02430	0.22230	0.06995	0.32787	0.20069	0.01888	0.00425	0.00528	0.01578	0.00757	0.00688
16	0.01047	0.00752	0.00977	0.01152	0.01212	0.00701	0.00766	0.01190	0.01623	0.02149	0.04790	0.62402	0.08726	0.06590	0.01272	0.00370	0.00510	0.02316	0.00774	0.00682
17	0.01085	0.00820	0.00905	0.00957	0.01123	0.00735	0.00657	0.01249	0.01716	0.02181	0.06180	0.23741	0.34310	0.15190	0.01642	0.00401	0.00521	0.01809	0.04100	0.00676
18	0.01216	0.00912	0.01368	0.01368	0.01520	0.01064	0.01064	0.01520	0.01368	0.01976	0.02279	0.03343	0.02127	0.06382	0.66720	0.01368	0.02279	0.00912	0.00456	0.00760
19	0.01199	0.00886	0.01006	0.00972	0.01239	0.00768	0.00730	0.01475	0.02098	0.05526	0.25892	0.10090	0.41076	0.01996	0.01002	0.00283	0.00438	0.01699	0.00849	0.00777
20	0.01864	0.08199	0.16622	0.02292	0.02755	0.02348	0.10044	0.02317	0.01574	0.02353	0.01407	0.01954	0.01203	0.01140	0.01782	0.00311	0.34564	0.00733	0.05502	0.01035
21	0.01237	0.00905	0.01335	0.01335	0.01490	0.01049	0.01037	0.01546	0.01391	0.02043	0.02307	0.03334	0.02131	0.06080	0.63011	0.01302	0.02174	0.00905	0.04627	0.00762
22	0.02352	0.19356	0.30132	0.02040	0.02980	0.02526	0.02235	0.22462	0.02517	0.03423	0.01618	0.01777	0.01205	0.00861	0.00761	0.00244	0.01068	0.00634	0.00525	0.01282
23	0.02222	0.08310	0.02482	0.02602	0.18840	0.23241	0.01644	0.02532	0.02027	0.02376	0.02818	0.03035	0.12933	0.01114	0.00925	0.00246	0.05163	0.00856	0.05609	0.01026
24	0.16333	0.16092	0.20996	0.01793	0.02564	0.05247	0.01837	0.05364	0.16336	0.03054	0.01862	0.01956	0.01424	0.00882	0.00716	0.00253	0.00937	0.00643	0.00534	0.01177

[dist]
# distance from previous block
# <min> <max>
0	1

[block]
# block no. 9 follows, 21 sequences, length 44
# corresponding to MSA columns:
# 424-467
name=unknown_J
#
# <colnr> <probs for GDERKNQSTAVLIFYWHMCP>
#	G	D	E	R	K	N	Q	S	T	A	V	L	I	F	Y	W	H	M	C	P
0	0.02201	0.02601	0.07242	0.03182	0.15112	0.15037	0.18217	0.02648	0.01867	0.02420	0.01439	0.01958	0.01202	0.00976	0.01409	0.00289	0.19920	0.00771	0.00410	0.01101
1	0.02043	0.01071	0.01315	0.01138	0.01537	0.00925	0.00894	0.02339	0.02216	0.24841	0.18767	0.05923	0.30242	0.01676	0.00952	0.00275	0.00528	0.01408	0.00915	0.00995
2	0.02976	0.03671	0.02609	0.02766	0.14401	0.54432	0.01828	0.03249	0.02322	0.02215	0.01369	0.01643	0.01144	0.00854	0.00782	0.00226	0.01435	0.00588	0.00435	0.01055
3	0.01164	0.00873	0.01041	0.01064	0.01252	0.00803	0.00795	0.01421	0.01938	0.02532	0.22241	0.09982	0.25594	0.13942	0.01617	0.00396	0.00553	0.11293	0.00782	0.00716
4	0.01278	0.00968	0.01351	0.01321	0.01456	0.01122	0.01012	0.01540	0.01412	0.02041	0.02684	0.03777	0.06317	0.12233	0.46454	0.01086	0.07190	0.00985	0.05025	0.00747
5	0.01221	0.00818	0.00933	0.00949	0.00953	0.00814	0.00538	0.01233	0.01269	0.01692	0.02842	0.10692	0.03297	0.64693	0.04072	0.00787	0.00799	0.01332	0.00538	0.00530
6	0.01311	0.00812	0.00898	0.00910	0.00962	0.00809	0.00551	0.01418	0.01395	0.02056	0.02824	0.08783	0.03020	0.49087	0.03219	0.00642	0.00700	0.01199	0.18807	0.00594
7	0.03094	0.03877	0.02373	0.02156	0.02597	0.61506	0.01620	0.03488	0.07284	0.02201	0.01487	0.01666	0.01216	0.00899	0.00775	0.00225	0.01466	0.00581	0.00473	0.01015
8	0.02275	0.70604	0.04459	0.01456	0.02184	0.03367	0.01456	0.02548	0.01729	0.02002	0.01183	0.01365	0.01092	0.00728	0.00546	0.00182	0.00910	0.00455	0.00364	0.01092
9	0.02764	0.02139	0.03446	0.02967	0.12832	0.06556	0.24384	0.09131	0.02353	0.21379	0.02187	0.02363	0.01542	0.00865	0.00903	0.00267	0.01117	0.00866	0.00655	0.01286
10	0.01333	0.00791	0.00999	0.00999	0.00999	0.00791	0.00604	0.01187	0.01187	0.01582	0.02206	0.04392	0.02456	0.43594	0.03935	0.30196	0.00791	0.01041	0.00458	0.00458
11	0.76103	0.01646	0.01251	0.01119	0.01646	0.01909	0.00922	0.02502	0.01448	0.03818	0.01185	0.01382	0.00922	0.00790	0.00527	0.00263	0.00658	0.00461	0.00527	0.00922
12	0.01473	0.01124	0.01660	0.02074	0.10506	0.01124	0.01543	0.01881	0.01956	0.02579	0.04103	0.08560	0.04405	0.02130	0.01129	0.00373	0.00815	0.50968	0.00733	0.00862
13	0.02070	0.01985	0.03389	0.09742	0.60546	0.02013	0.02594	0.02580	0.01921	0.02737	0.01594	0.02118	0.01333	0.00765	0.00843	0.00255	0.01020	0.00758	0.00418	0.01319
14	0.03235	0.02384	0.02554	0.01958	0.02639	0.02639	0.01618	0.61946	0.04001	0.05363	0.02043	0.02043	0.01447	0.01022	0.00851	0.00255	0.00936	0.00766	0.00851	0.01447
15	0.01212	0.00831	0.00990	0.00988	0.01047	0.00808	0.00616	0.01334	0.01589	0.02174	0.19704	0.10907	0.04647	0.45998	0.03161	0.00634	0.00683	0.01415	0.00653	0.00608
16	0.01056	0.00855	0.00947	0.01006	0.01240	0.00746	0.00761	0.01282	0.01888	0.02307	0.07422	0.19124	0.46753	0.02269	0.01041	0.00311	0.00486	0.08994	0.00789	0.00722
17	0.01229	0.00858	0.01093	0.01093	0.01151	0.00915	0.00722	0.01344	0.01286	0.01772	0.02530	0.04732	0.02731	0.46137	0.27790	0.01029	0.01372	0.01115	0.00493	0.00607
18	0.01238	0.00825	0.00928	0.00928	0.00928	0.00825	0.00516	0.01238	0.01238	0.01650	0.02681	0.05569	0.03094	0.70092	0.04331	0.00825	0.00825	0.01238	0.00516	0.00516
19	0.01307	0.01039	0.01515	0.01464	0.01586	0.01265	0.01144	0.01577	0.01352	0.01968	0.02140	0.03260	0.02040	0.09201	0.54426	0.01200	0.11391	0.00906	0.00448	0.00770
20	0.05152	0.03578	0.50097	0.02108	0.03116	0.01738	0.02584	0.02447	0.01847	0.02805	0.09687	0.06881	0.02256	0.01050	0.00838	0.00274	0.01069	0.00856	0.00469	0.01146
21	0.02136	0.02803	0.12593	0.03330	0.07407	0.11073	0.42378	0.02809	0.02033	0.02636	0.01633	0.02114	0.01239	0.00754	0.00937	0.00273	0.01402	0.00878	0.00422	0.01151
22	0.02826	0.02791	0.05115	0.02526	0.12439	0.20034	0.01806	0.26190	0.11310	0.03698	0.01948	0.02059	0.01479	0.00950	0.00827	0.00250	0.01089	0.00726	0.00652	0.01284
23	0.03235	0.02384	0.02554	0.01958	0.02639	0.02639	0.01618	0.61946	0.04001	0.05363	0.02043	0.02043	0.01447	0.01022	0.00851	0.00255	0.00936	0.00766	0.00851	0.01447
24	0.01031	0.00854	0.00903	0.00910	0.01170	0.00726	0.00675	0.01263	0.01972	0.02419	0.14823	0.12421	0.53610	0.02144	0.01011	0.00289	0.00432	0.01811	0.00807	0.00726
25	0.01052	0.00836	0.00944	0.00976	0.01192	0.00729	0.00709	0.01288	0.01961	0.02488	0.18602	0.21657	0.40183	0.02189	0.01024	0.00297	0.00439	0.01886	0.00819	0.00729
26	0.01062	0.00759	0.00984	0.01144	0.01205	0.00710	0.00760	0.01211	0.01644	0.02190	0.07536	0.58356	0.07816	0.08652	0.01370	0.00383	0.00517	0.02246	0.00772	0.00682
27	0.02117	0.01828	0.01924	0.01732	0.02213	0.02117	0.01347	0.04522	0.63246	0.03560	0.03464	0.03175	0.02598	0.01155	0.00866	0.00289	0.00673	0.00962	0.00866	0.01347
28	0.03182	0.03956	0.02420	0.02178	0.02631	0.62868	0.01643	0.06880	0.02506	0.02278	0.01359	0.01565	0.01117	0.00886	0.00772	0.00221	0.01499	0.00561	0.00463	0.01014
29	0.01854	0.01361	0.01636	0.01581	0.01917	0.01417	0.01326	0.19265	0.02531	0.03318	0.04228	0.11553	0.10146	0.01964	0.01057	0.00338	0.00771	0.31969	0.00805	0.00964
30	0.01216	0.00912	0.01368	0.01368	0.01520	0.01064	0.01064	0.01520	0.01368	0.01976	0.02279	0.03343	0.02127	0.06382	0.66720	0.01368	0.02279	0.00912	0.00456	0.00760
31	0.61852	0.01808	0.01418	0.01239	0.01778	0.06755	0.01007	0.02695	0.01616	0.08824	0.01389	0.01535	0.01046	0.00813	0.00576	0.00255	0.00730	0.00502	0.00563	0.03597
32	0.01481	0.01208	0.01469	0.01252	0.01639	0.01058	0.00926	0.01722	0.01613	0.02379	0.02576	0.21730	0.02784	0.12060	0.01480	0.00314	0.05159	0.01181	0.00579	0.37389
33	0.01238	0.00825	0.00928	0.00928	0.00928	0.00825	0.00516	0.01238	0.01238	0.01650	0.02681	0.05569	0.03094	0.70092	0.04331	0.00825	0.00825	0.01238	0.00516	0.00516
34	0.01029	0.00839	0.00888	0.00920	0.01146	0.00723	0.00660	0.01217	0.01833	0.02226	0.07503	0.18008	0.49912	0.07679	0.01285	0.00340	0.00473	0.01853	0.00768	0.00698
35	0.02753	0.03239	0.02484	0.02192	0.02502	0.41881	0.01714	0.06538	0.02148	0.02272	0.01295	0.01672	0.01124	0.01085	0.01433	0.00271	0.23333	0.00626	0.00442	0.00997
36	0.01253	0.00966	0.01438	0.01417	0.01560	0.01152	0.01109	0.01550	0.01364	0.01980	0.02213	0.03259	0.02070	0.06104	0.63078	0.01311	0.06054	0.00902	0.00451	0.00770
37	0.02638	0.30235	0.03289	0.02025	0.04895	0.32182	0.01631	0.02887	0.02005	0.02075	0.01253	0.01524	0.01107	0.00877	0.00894	0.00222	0.08283	0.00540	0.00401	0.01037
38	0.01235	0.00836	0.00983	0.00983	0.01002	0.00855	0.00584	0.01273	0.01254	0.01691	0.02631	0.05292	0.02974	0.62169	0.12091	0.00893	0.01006	0.01197	0.00508	0.00546
39	0.03179	0.04056	0.02412	0.02192	0.02631	0.66676	0.01644	0.03398	0.02412	0.02083	0.01315	0.01535	0.01096	0.00877	0.00767	0.00219	0.01535	0.00548	0.00438	0.00987
40	0.01225	0.00876	0.01186	0.01186	0.01275	0.00965	0.00837	0.01403	0.01314	0.01841	0.02446	0.04264	0.02527	0.32742	0.40907	0.01143	0.01678	0.01047	0.00481	0.00659
41	0.01574	0.01424	0.01431	0.04040	0.01834	0.05299	0.01060	0.02580	0.23191	0.02789	0.08981	0.05766	0.30920	0.01663	0.00944	0.00287	0.00625	0.03841	0.00786	0.00969
42	0.02150	0.02446	0.08274	0.07783	0.27500	0.13344	0.08928	0.02655	0.01976	0.02630	0.01628	0.02057	0.01312	0.00790	0.00808	0.00239	0.01103	0.00718	0.05775	0.07884
43	0.19623	0.01169	0.01438	0.08432	0.02005	0.01226	0.04317	0.01738	0.01698	0.02676	0.06426	0.23822	0.15948	0.01912	0.03597	0.00342	0.00711	0.01454	0.00653	0.00813

[dist]
# distance from previous block
# <min> <max>
0	1

[block]
# block no. 10 follows, 21 sequences, length 29
# corresponding to MSA columns:
# 469-497
name=unknown_K
#
# <colnr> <probs for GDERKNQSTAVLIFYWHMCP>
#	G	D	E	R	K	N	Q	S	T	A	V	L	I	F	Y	W	H	M	C	P
0	0.02828	0.14972	0.06668	0.02391	0.09249	0.41141	0.01804	0.06867	0.02311	0.02390	0.01383	0.01615	0.01144	0.00844	0.00746	0.00222	0.01319	0.00574	0.00446	0.01089
1	0.23128	0.11410	0.06729	0.02886	0.25818	0.02184	0.01834	0.02839	0.10163	0.03070	0.01676	0.01926	0.01346	0.00821	0.00713	0.00252	0.00867	0.00652	0.00500	0.01186
2	0.11469	0.06979	0.14254	0.01825	0.02398	0.29479	0.01648	0.02718	0.02078	0.02573	0.09649	0.02568	0.04587	0.03256	0.00888	0.00261	0.01126	0.00746	0.00510	0.00987
3	0.02383	0.03854	0.29386	0.02210	0.02986	0.30311	0.02234	0.05720	0.02134	0.02491	0.01524	0.01827	0.01194	0.01329	0.06469	0.00341	0.01452	0.00624	0.00426	0.01105
4	0.01219	0.00899	0.01303	0.01303	0.01433	0.01029	0.00983	0.01478	0.01349	0.01928	0.02339	0.03670	0.02270	0.15747	0.57549	0.01288	0.02066	0.00960	0.00465	0.00724
5	0.01117	0.00934	0.01290	0.01247	0.01477	0.00835	0.05975	0.01357	0.01839	0.02345	0.09515	0.33910	0.30542	0.02227	0.01040	0.00311	0.00543	0.01981	0.00767	0.00749
6	0.01238	0.00825	0.00928	0.00928	0.00928	0.00825	0.00516	0.01238	0.01238	0.01650	0.02681	0.05569	0.03094	0.70092	0.04331	0.00825	0.00825	0.01238	0.00516	0.00516
7	0.02620	0.45249	0.03679	0.01737	0.02354	0.27488	0.01528	0.02872	0.01989	0.02033	0.01234	0.01430	0.01094	0.00785	0.00630	0.00196	0.01148	0.00490	0.00392	0.01052
8	0.02457	0.51817	0.03904	0.01655	0.02287	0.14921	0.01520	0.05086	0.01923	0.02156	0.01239	0.01451	0.01109	0.00809	0.00723	0.00202	0.04764	0.00501	0.00398	0.01078
9	0.02365	0.02219	0.05812	0.02076	0.07626	0.12017	0.01584	0.23305	0.02640	0.03374	0.02506	0.06942	0.02377	0.09357	0.01311	0.00346	0.00994	0.11392	0.00666	0.01090
10	0.03235	0.02384	0.02554	0.01958	0.02639	0.02639	0.01618	0.61946	0.04001	0.05363	0.02043	0.02043	0.01447	0.01022	0.00851	0.00255	0.00936	0.00766	0.00851	0.01447
11	0.01128	0.00867	0.01031	0.00990	0.01224	0.00770	0.00743	0.01457	0.02228	0.02982	0.42806	0.07065	0.29827	0.01900	0.01005	0.00275	0.00413	0.01638	0.00880	0.00770
12	0.02280	0.05681	0.12364	0.13120	0.23184	0.20506	0.05698	0.02787	0.02012	0.02443	0.01485	0.01902	0.01191	0.00810	0.00814	0.00249	0.01236	0.00681	0.00409	0.01149
13	0.14908	0.21975	0.24541	0.02386	0.13050	0.02386	0.02147	0.02582	0.01722	0.02687	0.01368	0.01658	0.01101	0.00800	0.00766	0.00245	0.03546	0.00577	0.00401	0.01155
14	0.05423	0.12142	0.28407	0.04641	0.02974	0.07721	0.04624	0.02490	0.01714	0.02417	0.01481	0.01914	0.01206	0.01506	0.08280	0.00389	0.10541	0.00658	0.00391	0.01080
15	0.01130	0.01008	0.04773	0.01183	0.01359	0.00812	0.00903	0.01367	0.01766	0.02358	0.13399	0.38725	0.13718	0.09472	0.01394	0.00374	0.00563	0.04211	0.00757	0.00729
16	0.03179	0.04056	0.02412	0.02192	0.02631	0.66676	0.01644	0.03398	0.02412	0.02083	0.01315	0.01535	0.01096	0.00877	0.00767	0.00219	0.01535	0.00548	0.00438	0.00987
17	0.01047	0.00748	0.00996	0.01178	0.01237	0.00698	0.00791	0.01210	0.01676	0.02247	0.08264	0.65751	0.05772	0.02611	0.01081	0.00341	0.00488	0.02367	0.00799	0.00698
18	0.01084	0.00849	0.00950	0.00951	0.01164	0.00749	0.00685	0.01317	0.01954	0.02499	0.21742	0.12877	0.38185	0.09560	0.01378	0.00347	0.00472	0.01725	0.00797	0.00715
19	0.02033	0.08188	0.09815	0.02137	0.02689	0.05456	0.09947	0.05751	0.04236	0.02601	0.01486	0.01897	0.01240	0.00997	0.01407	0.00265	0.22397	0.00693	0.00455	0.16311
20	0.02126	0.07831	0.02435	0.01902	0.02199	0.05662	0.01562	0.11635	0.13501	0.02831	0.01963	0.04650	0.01708	0.01801	0.08314	0.00415	0.26991	0.00831	0.00564	0.01078
21	0.02213	0.28481	0.02993	0.01672	0.02144	0.08518	0.01449	0.12131	0.02033	0.02563	0.01598	0.02032	0.01407	0.02257	0.17050	0.00509	0.08774	0.00659	0.00475	0.01042
