[name]
unknown

[dist]
# distance from previous block
# <min> <max>
4	9

[block]
# block no. 0 follows, 22 sequences, length 12
# corresponding to MSA columns:
# 9-20
name=unknown_A
#
# <colnr> <probs for GDERKNQSTAVLIFYWHMCP>
#	G	D	E	R	K	N	Q	S	T	A	V	L	I	F	Y	W	H	M	C	P
0	0.01096	0.00799	0.00953	0.00993	0.01110	0.00741	0.00668	0.01268	0.01712	0.02265	0.17944	0.24575	0.18260	0.21611	0.01923	0.00441	0.00541	0.01718	0.00726	0.00656
1	0.01177	0.00762	0.00915	0.00998	0.01069	0.00733	0.00652	0.01296	0.01498	0.02105	0.03792	0.33112	0.07877	0.21830	0.02002	0.04535	0.00568	0.01646	0.12807	0.00627
2	0.01045	0.00779	0.00973	0.01062	0.01196	0.00707	0.00744	0.01263	0.01839	0.02438	0.19966	0.41381	0.19017	0.02277	0.01024	0.00307	0.00447	0.02023	0.00806	0.00707
3	0.09586	0.01972	0.02088	0.01713	0.02286	0.02198	0.01383	0.29510	0.27107	0.09471	0.02566	0.02436	0.01858	0.01030	0.00808	0.00263	0.00771	0.00802	0.00824	0.01327
4	0.02922	0.03616	0.02530	0.02651	0.13462	0.56154	0.01768	0.03185	0.02274	0.02151	0.01332	0.01595	0.01113	0.00836	0.00762	0.00220	0.01410	0.00570	0.00425	0.01024
5	0.01301	0.01084	0.01139	0.01085	0.01382	0.01073	0.00810	0.02062	0.18042	0.02596	0.11286	0.06337	0.38438	0.08178	0.01247	0.00328	0.00516	0.01470	0.00778	0.00849
6	0.01382	0.00787	0.00883	0.00907	0.01043	0.00797	0.00641	0.01661	0.01583	0.02583	0.02865	0.11654	0.02690	0.14248	0.08758	0.00448	0.00679	0.01057	0.44625	0.00710
7	0.01778	0.01838	0.01689	0.01931	0.12585	0.18302	0.01182	0.01983	0.01834	0.02106	0.03869	0.04614	0.21334	0.19429	0.01739	0.00394	0.00899	0.01120	0.00550	0.00824
8	0.06003	0.07691	0.02324	0.01903	0.02354	0.41288	0.01482	0.12320	0.02376	0.02590	0.01507	0.01794	0.01250	0.01581	0.09634	0.00368	0.01425	0.00606	0.00492	0.01008
9	0.01885	0.02122	0.01489	0.01421	0.01715	0.28464	0.01041	0.02073	0.01997	0.02092	0.04565	0.11887	0.27044	0.07175	0.01155	0.00301	0.00906	0.01269	0.00607	0.00791
10	0.02474	0.02297	0.01911	0.01888	0.06103	0.28225	0.01338	0.02718	0.02054	0.13253	0.02534	0.18592	0.02403	0.01337	0.00921	0.00259	0.04024	0.01069	0.05621	0.00979
11	0.02713	0.02658	0.02085	0.02044	0.08055	0.34423	0.01439	0.03066	0.04951	0.14372	0.03012	0.02995	0.12438	0.01106	0.00817	0.00240	0.01078	0.00839	0.00618	0.01052

[dist]
# distance from previous block
# <min> <max>
21	61

[block]
# block no. 1 follows, 22 sequences, length 15
# corresponding to MSA columns:
# 86-100
name=unknown_B
#
# <colnr> <probs for GDERKNQSTAVLIFYWHMCP>
#	G	D	E	R	K	N	Q	S	T	A	V	L	I	F	Y	W	H	M	C	P
0	0.01719	0.01933	0.09940	0.02495	0.15349	0.06022	0.08160	0.02176	0.01844	0.02609	0.11956	0.06754	0.02664	0.01618	0.07346	0.00367	0.07599	0.00967	0.07486	0.00995
1	0.06253	0.01949	0.05838	0.04815	0.14017	0.08657	0.01582	0.08370	0.11387	0.02976	0.09724	0.03588	0.02691	0.07738	0.01171	0.00319	0.00876	0.06377	0.00620	0.01052
2	0.01995	0.02254	0.14581	0.07613	0.11461	0.04633	0.01837	0.16143	0.07079	0.03185	0.05926	0.09276	0.08034	0.01202	0.00863	0.00267	0.00893	0.01010	0.00619	0.01129
3	0.06666	0.01634	0.02435	0.03176	0.33631	0.01628	0.01743	0.05905	0.01929	0.14456	0.02091	0.02830	0.01775	0.14817	0.01488	0.00361	0.00874	0.00835	0.00573	0.01152
4	0.02228	0.02219	0.01960	0.07895	0.02435	0.21974	0.01363	0.11744	0.02199	0.02711	0.01922	0.08548	0.01732	0.01572	0.07872	0.00338	0.01132	0.00801	0.03408	0.15949
5	0.01752	0.01276	0.01327	0.01208	0.01464	0.04896	0.00857	0.07581	0.06355	0.08164	0.03677	0.11646	0.12639	0.28166	0.02174	0.00474	0.00733	0.01255	0.00672	0.03683
6	0.01321	0.00948	0.01117	0.01144	0.01273	0.00941	0.00776	0.08491	0.01783	0.02354	0.04068	0.37490	0.09957	0.22122	0.01943	0.00457	0.00621	0.01779	0.00701	0.00715
7	0.01368	0.01181	0.01432	0.01411	0.01586	0.07331	0.01092	0.01657	0.01432	0.01938	0.02136	0.03096	0.01981	0.05721	0.61189	0.01229	0.02156	0.00856	0.00443	0.00763
8	0.01300	0.01099	0.01481	0.01846	0.14116	0.01045	0.01111	0.01711	0.05583	0.02570	0.15630	0.19624	0.26086	0.01812	0.00958	0.00283	0.00556	0.01591	0.00728	0.00869
9	0.03021	0.10227	0.02540	0.02073	0.02528	0.61496	0.01588	0.03240	0.02292	0.02026	0.01272	0.01483	0.01070	0.00843	0.00729	0.00211	0.01441	0.00527	0.00421	0.00973
10	0.02278	0.02542	0.03307	0.11461	0.27201	0.20757	0.15233	0.02743	0.02012	0.02437	0.01498	0.01955	0.01209	0.00775	0.00837	0.00248	0.01237	0.00733	0.00413	0.01126
11	0.01477	0.01249	0.01904	0.05374	0.14627	0.01233	0.04268	0.04020	0.01733	0.02415	0.02893	0.29776	0.03104	0.02348	0.11308	0.00443	0.00959	0.01404	0.00585	0.08880
12	0.01890	0.04879	0.02157	0.02416	0.20005	0.01682	0.01469	0.07425	0.16819	0.02880	0.05721	0.03194	0.07250	0.03957	0.01244	0.09401	0.00750	0.00911	0.04890	0.01058
13	0.02343	0.02094	0.02451	0.02817	0.22767	0.10108	0.01729	0.20927	0.06044	0.03302	0.02156	0.09480	0.01932	0.04296	0.03527	0.00321	0.00995	0.00927	0.00610	0.01176
14	0.04775	0.01687	0.05594	0.07462	0.06519	0.04102	0.01392	0.12276	0.11860	0.03114	0.08221	0.09947	0.02606	0.01372	0.01058	0.07420	0.00762	0.00991	0.07838	0.01003

[dist]
# distance from previous block
# <min> <max>
21	84

[block]
# block no. 2 follows, 22 sequences, length 40
# corresponding to MSA columns:
# 187-226
name=unknown_C
#
# <colnr> <probs for GDERKNQSTAVLIFYWHMCP>
#	G	D	E	R	K	N	Q	S	T	A	V	L	I	F	Y	W	H	M	C	P
0	0.02581	0.03192	0.09695	0.02710	0.13793	0.33105	0.04511	0.08069	0.04493	0.02567	0.01494	0.01781	0.01204	0.00890	0.00939	0.00245	0.06516	0.00646	0.00461	0.01108
1	0.02046	0.01778	0.01557	0.01375	0.01692	0.13692	0.01012	0.13150	0.07391	0.02810	0.02636	0.03527	0.05873	0.21625	0.01782	0.00398	0.00848	0.00914	0.11836	0.04057
2	0.02468	0.16233	0.03155	0.02156	0.02704	0.27865	0.14757	0.07829	0.02165	0.02408	0.01661	0.05695	0.01491	0.04709	0.00971	0.00263	0.01214	0.00770	0.00469	0.01015
3	0.18307	0.12558	0.02363	0.01873	0.07420	0.08691	0.04638	0.02741	0.13209	0.02805	0.06282	0.02477	0.01964	0.06328	0.01095	0.00294	0.04640	0.00750	0.00547	0.01017
4	0.10726	0.22996	0.02714	0.01671	0.02206	0.24280	0.01389	0.10916	0.04742	0.02797	0.06834	0.01964	0.01730	0.00905	0.00694	0.00220	0.01018	0.00626	0.00529	0.01046
5	0.01960	0.20390	0.09775	0.01838	0.02337	0.14779	0.06706	0.02306	0.01818	0.02181	0.02234	0.17110	0.02311	0.01316	0.00932	0.00263	0.05119	0.05178	0.00495	0.00952
6	0.04135	0.00915	0.01244	0.01479	0.05256	0.00893	0.01041	0.01506	0.01801	0.02495	0.13012	0.37426	0.05208	0.02203	0.01037	0.00330	0.00583	0.17916	0.00759	0.00763
7	0.08044	0.03976	0.58173	0.02311	0.03461	0.01932	0.05580	0.02616	0.01734	0.02725	0.01471	0.01742	0.01049	0.00784	0.00775	0.00263	0.01186	0.00617	0.00368	0.01195
8	0.06862	0.01533	0.03715	0.04911	0.15953	0.05294	0.01362	0.02087	0.06575	0.02691	0.13096	0.08203	0.21621	0.01433	0.00881	0.00267	0.00698	0.01221	0.00649	0.00950
9	0.01243	0.01407	0.10865	0.01589	0.01899	0.01023	0.06169	0.01595	0.01703	0.02305	0.03865	0.43648	0.04379	0.02130	0.01031	0.00330	0.00716	0.12614	0.00681	0.00807
10	0.02056	0.01974	0.03372	0.05099	0.65622	0.01974	0.02550	0.02550	0.01892	0.02714	0.01563	0.02056	0.01316	0.00740	0.00822	0.00247	0.00987	0.00740	0.00411	0.01316
11	0.02089	0.02241	0.05791	0.08038	0.45435	0.07542	0.11525	0.02611	0.01923	0.02612	0.01549	0.02034	0.01265	0.00751	0.00839	0.00251	0.01108	0.00754	0.00409	0.01231
12	0.02714	0.02779	0.02725	0.03169	0.25949	0.28794	0.01934	0.09572	0.02312	0.07177	0.01599	0.01866	0.01270	0.00864	0.00868	0.00239	0.03825	0.00663	0.00506	0.01173
13	0.01175	0.01117	0.06662	0.01256	0.01438	0.00880	0.02997	0.01401	0.01613	0.02202	0.11631	0.36097	0.04608	0.20825	0.01886	0.00447	0.00653	0.01740	0.00669	0.00705
14	0.01164	0.00840	0.01100	0.01053	0.01239	0.00776	0.00783	0.01539	0.02298	0.03246	0.60895	0.10739	0.07673	0.01762	0.00986	0.00267	0.00398	0.01563	0.00904	0.00776
15	0.01140	0.00949	0.01247	0.01118	0.01391	0.00845	0.05444	0.01429	0.01989	0.02576	0.25862	0.06753	0.36391	0.07693	0.01257	0.00319	0.00520	0.01566	0.00768	0.00744
16	0.36899	0.08030	0.11122	0.02353	0.14535	0.02043	0.09028	0.02518	0.01641	0.03106	0.01343	0.01646	0.01058	0.00754	0.00668	0.00252	0.00900	0.00591	0.00448	0.01065
17	0.01766	0.09212	0.52463	0.02690	0.12487	0.02042	0.02865	0.02608	0.01769	0.02590	0.01475	0.01765	0.01092	0.00776	0.00774	0.00254	0.01166	0.00619	0.00360	0.01228
18	0.02945	0.16332	0.02743	0.01980	0.02488	0.48044	0.01568	0.10002	0.02408	0.02386	0.01342	0.01524	0.01109	0.00845	0.00718	0.00211	0.01317	0.00543	0.00461	0.01034
19	0.01723	0.01477	0.01723	0.01230	0.01969	0.01107	0.00984	0.02092	0.01723	0.02707	0.01477	0.01723	0.01230	0.00615	0.00615	0.00123	0.00615	0.00492	0.00492	0.75883
20	0.02722	0.28550	0.08164	0.01806	0.02543	0.02356	0.08127	0.11733	0.02244	0.21107	0.01972	0.01991	0.01422	0.00849	0.00731	0.00229	0.00921	0.00672	0.00625	0.01235
21	0.01207	0.00811	0.00936	0.00936	0.00947	0.00822	0.00541	0.01228	0.01217	0.01633	0.02590	0.05283	0.02953	0.66235	0.08707	0.00843	0.00906	0.01186	0.00499	0.00520
22	0.00992	0.00842	0.00856	0.00853	0.01129	0.00706	0.00639	0.01213	0.01918	0.02303	0.11505	0.07898	0.62159	0.02082	0.00982	0.00279	0.00419	0.01740	0.00779	0.00706
23	0.02022	0.02070	0.03555	0.04231	0.41298	0.05565	0.17951	0.02539	0.01892	0.02602	0.01629	0.02166	0.01347	0.01159	0.05997	0.00337	0.01218	0.00803	0.00417	0.01201
24	0.01625	0.03184	0.42129	0.05277	0.12151	0.01758	0.02568	0.02375	0.01688	0.02485	0.01644	0.02111	0.01292	0.01845	0.13812	0.00470	0.01383	0.00691	0.00379	0.01133
25	0.01569	0.01477	0.02492	0.68808	0.05722	0.01846	0.02307	0.02123	0.01661	0.02123	0.01477	0.02215	0.01107	0.00831	0.00831	0.00277	0.01107	0.00738	0.00369	0.00923
26	0.01012	0.00723	0.00964	0.01157	0.01205	0.00675	0.00771	0.01157	0.01591	0.02121	0.04579	0.70262	0.05495	0.02603	0.01060	0.00337	0.00482	0.02362	0.00771	0.00675
27	0.02445	0.13612	0.32069	0.01916	0.02822	0.04640	0.02124	0.03142	0.04778	0.21540	0.02050	0.02060	0.01422	0.00867	0.00765	0.00247	0.01005	0.00665	0.00580	0.01252
28	0.01973	0.01887	0.03177	0.04771	0.60653	0.01876	0.02402	0.02445	0.01892	0.02678	0.02091	0.02514	0.06244	0.00845	0.00835	0.00249	0.00943	0.00818	0.00439	0.01269
29	0.01196	0.00855	0.01157	0.01157	0.01244	0.00942	0.00816	0.01369	0.01282	0.01797	0.02388	0.04165	0.02468	0.33024	0.41254	0.01115	0.01636	0.01022	0.00469	0.00643
30	0.03023	0.03806	0.02433	0.02368	0.07426	0.62423	0.01678	0.03258	0.02319	0.02086	0.01306	0.01541	0.01089	0.00847	0.00755	0.00217	0.01459	0.00551	0.00427	0.00990
31	0.01862	0.11168	0.46922	0.02470	0.08115	0.02086	0.04905	0.02641	0.01769	0.05219	0.01524	0.01797	0.01126	0.00814	0.00860	0.00257	0.04237	0.00633	0.00388	0.01206
32	0.01007	0.00745	0.00941	0.01099	0.01190	0.00680	0.00745	0.01163	0.01646	0.02143	0.05285	0.58798	0.16502	0.02511	0.01046	0.00327	0.00471	0.02250	0.00771	0.00680
33	0.02056	0.01974	0.03372	0.05099	0.65622	0.01974	0.02550	0.02550	0.01892	0.02714	0.01563	0.02056	0.01316	0.00740	0.00822	0.00247	0.00987	0.00740	0.00411	0.01316
34	0.01666	0.04297	0.66500	0.02368	0.03596	0.01929	0.03069	0.02631	0.01754	0.02631	0.01491	0.01754	0.01052	0.00789	0.00789	0.00263	0.01228	0.00614	0.00351	0.01228
35	0.02056	0.01974	0.03372	0.05099	0.65622	0.01974	0.02550	0.02550	0.01892	0.02714	0.01563	0.02056	0.01316	0.00740	0.00822	0.00247	0.00987	0.00740	0.00411	0.01316
36	0.01966	0.01882	0.03210	0.16828	0.54594	0.01950	0.02505	0.02471	0.01849	0.02605	0.01547	0.02085	0.01278	0.00757	0.00824	0.00252	0.01009	0.00740	0.00403	0.01244
37	0.01915	0.01830	0.03118	0.23494	0.48327	0.01937	0.02480	0.02426	0.01825	0.02543	0.01538	0.02102	0.01256	0.00766	0.00825	0.00255	0.01022	0.00740	0.00399	0.01202
38	0.01649	0.02031	0.12140	0.02867	0.17607	0.01674	0.17219	0.02153	0.01821	0.02489	0.03253	0.08162	0.15485	0.01221	0.01056	0.00280	0.06229	0.01117	0.00505	0.01043
39	0.01870	0.13852	0.41201	0.02148	0.03111	0.09242	0.06060	0.02571	0.01834	0.02435	0.01985	0.02193	0.06221	0.00885	0.00774	0.00247	0.01153	0.00693	0.00398	0.01126

[dist]
# distance from previous block
# <min> <max>
3	7

[block]
# block no. 3 follows, 22 sequences, length 68
# corresponding to MSA columns:
# 234-301
name=unknown_D
#
# <colnr> <probs for GDERKNQSTAVLIFYWHMCP>
#	G	D	E	R	K	N	Q	S	T	A	V	L	I	F	Y	W	H	M	C	P
0	0.06015	0.40730	0.06335	0.01446	0.02013	0.08395	0.01332	0.05519	0.01807	0.02265	0.04103	0.02245	0.01660	0.11697	0.01174	0.00294	0.00915	0.00640	0.00441	0.00975
1	0.01973	0.05429	0.27908	0.01906	0.05649	0.01579	0.01940	0.02577	0.01819	0.10165	0.01687	0.01866	0.01254	0.00744	0.00718	0.00203	0.00900	0.00591	0.00490	0.30603
2	0.02403	0.02700	0.07977	0.03071	0.19031	0.17875	0.10178	0.12023	0.02229	0.02830	0.01509	0.01882	0.01213	0.00904	0.01085	0.00261	0.10491	0.00713	0.00470	0.01158
3	0.08823	0.00879	0.01059	0.01118	0.01239	0.00915	0.00779	0.01380	0.01438	0.02126	0.03410	0.28739	0.06787	0.19168	0.17685	0.00675	0.00989	0.01512	0.00604	0.00675
4	0.01754	0.01708	0.05676	0.13042	0.20390	0.01752	0.01841	0.02738	0.18621	0.02636	0.02198	0.02638	0.01784	0.02179	0.16831	0.00523	0.01226	0.00823	0.00528	0.01112
5	0.01834	0.01747	0.02971	0.34142	0.38316	0.01915	0.02439	0.02355	0.01787	0.02444	0.01523	0.02128	0.01221	0.00781	0.00826	0.00260	0.01042	0.00739	0.00392	0.01137
6	0.02292	0.02750	0.17993	0.02378	0.09296	0.08470	0.07414	0.18947	0.02425	0.03305	0.01629	0.01862	0.01233	0.00805	0.00783	0.00227	0.01040	0.00664	0.00529	0.15958
7	0.00982	0.00842	0.00842	0.00842	0.01122	0.00701	0.00631	0.01192	0.01894	0.02244	0.08416	0.07995	0.65285	0.02104	0.00982	0.00281	0.00421	0.01753	0.00771	0.00701
8	0.02885	0.03501	0.02254	0.02045	0.02482	0.53694	0.01544	0.03548	0.15364	0.02337	0.01726	0.01835	0.01379	0.00913	0.00769	0.00228	0.01321	0.00620	0.00516	0.01037
9	0.01045	0.00844	0.00929	0.00908	0.01161	0.00728	0.00681	0.01314	0.02042	0.02597	0.26837	0.07414	0.46643	0.01972	0.00981	0.00274	0.00411	0.01672	0.00818	0.00728
10	0.01746	0.03739	0.49766	0.02676	0.03798	0.01976	0.19243	0.02639	0.01810	0.02639	0.01542	0.01886	0.01109	0.00765	0.00841	0.00268	0.01275	0.00713	0.00370	0.01199
11	0.01012	0.00723	0.00964	0.01157	0.01205	0.00675	0.00771	0.01157	0.01591	0.02121	0.04579	0.70262	0.05495	0.02603	0.01060	0.00337	0.00482	0.02362	0.00771	0.00675
12	0.01012	0.00723	0.00964	0.01157	0.01205	0.00675	0.00771	0.01157	0.01591	0.02121	0.04579	0.70262	0.05495	0.02603	0.01060	0.00337	0.00482	0.02362	0.00771	0.00675
13	0.02221	0.71304	0.04353	0.01421	0.02132	0.03287	0.01421	0.02488	0.01688	0.01955	0.01155	0.01333	0.01066	0.00711	0.00533	0.00178	0.00888	0.00444	0.00355	0.01066
14	0.76672	0.01607	0.01221	0.01092	0.01607	0.01864	0.00900	0.02442	0.01414	0.03727	0.01157	0.01350	0.00900	0.00771	0.00514	0.00257	0.00643	0.00450	0.00514	0.00900
15	0.03158	0.02327	0.02493	0.01911	0.02576	0.02576	0.01579	0.62852	0.03906	0.05236	0.01995	0.01995	0.01413	0.00997	0.00831	0.00249	0.00914	0.00748	0.00831	0.01413
16	0.01035	0.00844	0.00915	0.00897	0.01154	0.00724	0.00673	0.01294	0.02018	0.02540	0.23838	0.07509	0.49679	0.01994	0.00981	0.00275	0.00413	0.01685	0.00810	0.00724
17	0.01963	0.01879	0.03203	0.17294	0.54156	0.01949	0.02503	0.02468	0.01847	0.02601	0.01546	0.02086	0.01276	0.00757	0.00824	0.00252	0.01010	0.00740	0.00403	0.01241
18	0.01877	0.02068	0.11850	0.01593	0.02082	0.07478	0.01439	0.14107	0.06155	0.03267	0.22012	0.04083	0.12185	0.01351	0.00984	0.00264	0.04386	0.01087	0.00713	0.01021
19	0.72806	0.01596	0.01258	0.01113	0.01634	0.01830	0.00917	0.02527	0.01465	0.07038	0.01269	0.01428	0.00961	0.00785	0.00531	0.00257	0.00646	0.00470	0.00541	0.00927
20	0.01817	0.03245	0.34985	0.02948	0.03977	0.02017	0.33529	0.02646	0.01860	0.02646	0.01588	0.02003	0.01159	0.00744	0.00887	0.00272	0.01316	0.00801	0.00386	0.01173
21	0.01968	0.01374	0.01766	0.02066	0.16826	0.01431	0.01274	0.14059	0.02183	0.03365	0.02268	0.02639	0.01790	0.01197	0.04225	0.00278	0.00732	0.00767	0.38764	0.01028
22	0.02362	0.02760	0.02090	0.01915	0.02199	0.38760	0.01474	0.02595	0.01901	0.01998	0.01525	0.02052	0.01362	0.02487	0.20204	0.00558	0.11775	0.00665	0.00423	0.00891
23	0.01154	0.00848	0.01080	0.01022	0.01228	0.00775	0.00767	0.01525	0.02300	0.03209	0.58773	0.06408	0.14326	0.01744	0.00980	0.00263	0.00395	0.01531	0.00898	0.00775
24	0.02066	0.01785	0.01878	0.01691	0.02160	0.02066	0.01315	0.04414	0.64121	0.03475	0.03381	0.03099	0.02536	0.01127	0.00845	0.00282	0.00657	0.00939	0.00845	0.01315
25	0.02066	0.01785	0.01878	0.01691	0.02160	0.02066	0.01315	0.04414	0.64121	0.03475	0.03381	0.03099	0.02536	0.01127	0.00845	0.00282	0.00657	0.00939	0.00845	0.01315
26	0.01723	0.01477	0.01723	0.01230	0.01969	0.01107	0.00984	0.02092	0.01723	0.02707	0.01477	0.01723	0.01230	0.00615	0.00615	0.00123	0.00615	0.00492	0.00492	0.75883
27	0.01203	0.00826	0.01009	0.01009	0.01045	0.00861	0.00632	0.01274	0.01239	0.01687	0.02523	0.04915	0.02794	0.55309	0.19414	0.00933	0.01146	0.01132	0.00489	0.00561
28	0.02026	0.15818	0.04136	0.02726	0.03326	0.05142	0.33771	0.02499	0.01762	0.02341	0.01422	0.01932	0.01174	0.00886	0.01292	0.00277	0.17227	0.00797	0.00394	0.01054
29	0.00982	0.00842	0.00842	0.00842	0.01122	0.00701	0.00631	0.01192	0.01894	0.02244	0.08416	0.07995	0.65285	0.02104	0.00982	0.00281	0.00421	0.01753	0.00771	0.00701
30	0.03727	0.01414	0.01928	0.01478	0.02121	0.01221	0.01221	0.04049	0.02378	0.66198	0.03277	0.02828	0.02056	0.01028	0.00835	0.00257	0.00707	0.00835	0.01028	0.01414
31	0.02467	0.01823	0.02008	0.01676	0.02147	0.01984	0.01325	0.41754	0.05940	0.04224	0.02830	0.22463	0.02684	0.01483	0.00900	0.00277	0.00773	0.01239	0.00814	0.01188
32	0.02901	0.02258	0.03041	0.02270	0.02976	0.02390	0.16204	0.45292	0.03358	0.07849	0.01987	0.02098	0.01410	0.00928	0.00867	0.00257	0.01020	0.00808	0.00743	0.01343
33	0.00982	0.00842	0.00842	0.00842	0.01122	0.00701	0.00631	0.01192	0.01894	0.02244	0.08416	0.07995	0.65285	0.02104	0.00982	0.00281	0.00421	0.01753	0.00771	0.00701
34	0.03158	0.02327	0.02493	0.01911	0.02576	0.02576	0.01579	0.62852	0.03906	0.05236	0.01995	0.01995	0.01413	0.00997	0.00831	0.00249	0.00914	0.00748	0.00831	0.01413
35	0.02056	0.01974	0.03372	0.05099	0.65622	0.01974	0.02550	0.02550	0.01892	0.02714	0.01563	0.02056	0.01316	0.00740	0.00822	0.00247	0.00987	0.00740	0.00411	0.01316
36	0.01802	0.01715	0.02913	0.38323	0.34384	0.01907	0.02423	0.02327	0.01771	0.02406	0.01518	0.02139	0.01207	0.00787	0.00827	0.00262	0.01050	0.00739	0.00389	0.01111
37	0.01012	0.00723	0.00964	0.01157	0.01205	0.00675	0.00771	0.01157	0.01591	0.02121	0.04579	0.70262	0.05495	0.02603	0.01060	0.00337	0.00482	0.02362	0.00771	0.00675
38	0.03591	0.01633	0.02064	0.01582	0.02230	0.01546	0.01307	0.18159	0.02744	0.51569	0.02970	0.02628	0.01902	0.01021	0.00834	0.00255	0.00757	0.00814	0.00981	0.01414
39	0.01666	0.04297	0.66500	0.02368	0.03596	0.01929	0.03069	0.02631	0.01754	0.02631	0.01491	0.01754	0.01052	0.00789	0.00789	0.00263	0.01228	0.00614	0.00351	0.01228
40	0.02376	0.48303	0.10218	0.01691	0.02386	0.18550	0.01634	0.02701	0.01855	0.02042	0.01220	0.01415	0.01066	0.00754	0.00611	0.00195	0.01069	0.00483	0.00372	0.01058
41	0.03216	0.02234	0.02435	0.01867	0.02530	0.02438	0.01542	0.56849	0.03750	0.11459	0.02125	0.02080	0.01478	0.01000	0.00831	0.00250	0.00893	0.00757	0.00851	0.01413
42	0.00984	0.00835	0.00848	0.00859	0.01127	0.00700	0.00639	0.01190	0.01877	0.02237	0.08205	0.11418	0.61998	0.02131	0.00986	0.00284	0.00424	0.01787	0.00771	0.00700
43	0.01176	0.00849	0.01110	0.01045	0.01241	0.00784	0.00784	0.01568	0.02352	0.03331	0.65184	0.06206	0.07839	0.01698	0.00980	0.00261	0.00392	0.01502	0.00914	0.00784
44	0.03220	0.01412	0.01778	0.01399	0.01956	0.01318	0.01144	0.11656	0.02461	0.45449	0.02991	0.02767	0.01983	0.01012	0.00785	0.00243	0.00672	0.00811	0.15655	0.01288
45	0.01875	0.01952	0.06879	0.25609	0.42457	0.01930	0.02502	0.02416	0.01809	0.02517	0.01530	0.02089	0.01232	0.00772	0.00823	0.00257	0.01040	0.00732	0.00394	0.01183
46	0.01155	0.00848	0.01082	0.01023	0.01228	0.00775	0.00768	0.01528	0.02303	0.03216	0.59137	0.06396	0.13958	0.01742	0.00980	0.00263	0.00395	0.01529	0.00899	0.00775
47	0.01806	0.01558	0.01630	0.01487	0.01911	0.01739	0.01151	0.03641	0.49189	0.03180	0.04589	0.04274	0.17593	0.01361	0.00878	0.00281	0.00601	0.01135	0.00828	0.01168
48	0.01187	0.00890	0.01335	0.01335	0.01483	0.01038	0.01038	0.01483	0.01335	0.01928	0.02225	0.03264	0.02077	0.06231	0.67512	0.01335	0.02225	0.00890	0.00445	0.00742
49	0.01167	0.00883	0.01235	0.01470	0.07017	0.00832	0.00936	0.01436	0.01902	0.02627	0.26959	0.40181	0.05994	0.02097	0.01009	0.00301	0.00494	0.01895	0.00792	0.00773
50	0.01799	0.20376	0.51587	0.02141	0.03244	0.02255	0.02674	0.02596	0.01738	0.02469	0.01410	0.01653	0.01056	0.00770	0.00728	0.00243	0.01146	0.00573	0.00352	0.01189
51	0.02178	0.10841	0.03120	0.07291	0.38179	0.12160	0.02090	0.02590	0.01908	0.02481	0.01455	0.01854	0.01227	0.00747	0.00754	0.00222	0.01022	0.00646	0.00413	0.08821
52	0.01165	0.00849	0.01096	0.01034	0.01235	0.00779	0.00775	0.01547	0.02326	0.03271	0.62046	0.06304	0.11013	0.01721	0.00980	0.00262	0.00394	0.01516	0.00907	0.00779
53	0.02348	0.35669	0.18520	0.01857	0.02607	0.21768	0.01866	0.02765	0.01899	0.02138	0.01273	0.01481	0.01064	0.00772	0.00657	0.00209	0.01148	0.00511	0.00376	0.01074
54	0.01141	0.00903	0.01395	0.01374	0.01532	0.00842	0.07087	0.01391	0.01778	0.02414	0.16222	0.50699	0.05524	0.02230	0.01036	0.00317	0.00558	0.02051	0.00764	0.00742
55	0.02040	0.07768	0.47814	0.02263	0.03271	0.17728	0.02631	0.02788	0.01894	0.02452	0.01423	0.01670	0.01057	0.00801	0.00766	0.00247	0.01275	0.00586	0.00370	0.01156
56	0.01012	0.00723	0.00964	0.01157	0.01205	0.00675	0.00771	0.01157	0.01591	0.02121	0.04579	0.70262	0.05495	0.02603	0.01060	0.00337	0.00482	0.02362	0.00771	0.00675
57	0.01549	0.00774	0.00774	0.00774	0.00968	0.00774	0.00581	0.01936	0.01742	0.03097	0.02710	0.03097	0.02129	0.00968	0.00581	0.00194	0.00387	0.00774	0.75416	0.00774
58	0.02221	0.71304	0.04353	0.01421	0.02132	0.03287	0.01421	0.02488	0.01688	0.01955	0.01155	0.01333	0.01066	0.00711	0.00533	0.00178	0.00888	0.00444	0.00355	0.01066
59	0.01001	0.00842	0.00867	0.00861	0.01134	0.00709	0.00646	0.01228	0.01938	0.02349	0.13884	0.07823	0.59752	0.02065	0.00982	0.00279	0.00418	0.01729	0.00785	0.00709
60	0.01666	0.04297	0.66500	0.02368	0.03596	0.01929	0.03069	0.02631	0.01754	0.02631	0.01491	0.01754	0.01052	0.00789	0.00789	0.00263	0.01228	0.00614	0.00351	0.01228
61	0.02091	0.28243	0.34148	0.01993	0.02910	0.12729	0.02249	0.02688	0.01825	0.02295	0.01338	0.01563	0.01060	0.00772	0.00691	0.00225	0.01149	0.00541	0.00365	0.01128
62	0.17680	0.11039	0.36720	0.01839	0.02759	0.01951	0.02142	0.02633	0.01737	0.08440	0.01868	0.02010	0.04142	0.00860	0.00715	0.00252	0.00981	0.00633	0.00466	0.01132
63	0.01778	0.17031	0.42742	0.02208	0.03182	0.02188	0.07418	0.02503	0.01724	0.02442	0.01558	0.04816	0.01275	0.00885	0.00874	0.00257	0.04902	0.00696	0.00377	0.01145
64	0.02080	0.16638	0.26804	0.02251	0.03115	0.06187	0.13926	0.10075	0.02055	0.02736	0.01574	0.01984	0.01250	0.04656	0.00969	0.00275	0.01148	0.00697	0.00438	0.01142
65	0.04937	0.07127	0.25298	0.02179	0.02874	0.10985	0.08471	0.02501	0.01775	0.02473	0.04735	0.01975	0.01447	0.00953	0.01160	0.00265	0.14568	0.00687	0.00416	0.05175
66	0.05385	0.03332	0.24953	0.02295	0.03069	0.20759	0.10384	0.05715	0.02072	0.08307	0.01607	0.01842	0.01189	0.00861	0.00900	0.00255	0.04803	0.00667	0.00473	0.01133
67	0.06216	0.06125	0.26969	0.02736	0.14367	0.05155	0.07971	0.11344	0.05859	0.03073	0.01664	0.01916	0.01253	0.00821	0.00794	0.00254	0.01087	0.00689	0.00479	0.01228

[dist]
# distance from previous block
# <min> <max>
1	60

[block]
# block no. 4 follows, 22 sequences, length 128
# corresponding to MSA columns:
# 362-489
name=unknown_E
#
# <colnr> <probs for GDERKNQSTAVLIFYWHMCP>
#	G	D	E	R	K	N	Q	S	T	A	V	L	I	F	Y	W	H	M	C	P
0	0.08956	0.02410	0.13527	0.02094	0.07729	0.14013	0.06891	0.02643	0.01920	0.09098	0.05004	0.02326	0.01723	0.01345	0.06609	0.00335	0.01110	0.00728	0.07541	0.03999
1	0.05570	0.09410	0.14559	0.05087	0.05484	0.13225	0.04421	0.13929	0.02263	0.02957	0.04826	0.10566	0.02012	0.01097	0.00807	0.00253	0.01014	0.00890	0.00549	0.01082
2	0.15388	0.01829	0.02222	0.02182	0.10961	0.04888	0.04543	0.07693	0.10166	0.05573	0.02188	0.05336	0.04489	0.01103	0.01133	0.00274	0.13391	0.00825	0.00577	0.05240
3	0.25659	0.07742	0.01844	0.01386	0.01878	0.07398	0.01131	0.16336	0.05082	0.03526	0.08914	0.02999	0.10748	0.01120	0.00736	0.00250	0.00743	0.00834	0.00658	0.01018
4	0.05032	0.02290	0.19999	0.05757	0.08779	0.01646	0.16069	0.02330	0.01830	0.02676	0.02294	0.03755	0.02064	0.01125	0.00891	0.00287	0.01037	0.14322	0.06779	0.01037
5	0.02277	0.02451	0.14230	0.05799	0.19737	0.07434	0.02041	0.06022	0.18739	0.09522	0.02208	0.02318	0.01646	0.00908	0.00818	0.00259	0.00959	0.00763	0.00599	0.01267
6	0.19761	0.01861	0.01934	0.01505	0.02145	0.01924	0.01230	0.26901	0.05350	0.06771	0.01775	0.01856	0.01322	0.00847	0.00699	0.00218	0.00748	0.00621	0.00673	0.21860
7	0.01022	0.00801	0.00929	0.01009	0.01190	0.00708	0.00729	0.01225	0.01802	0.02268	0.09880	0.32186	0.35864	0.02285	0.01020	0.00307	0.00460	0.04836	0.00779	0.00699
8	0.01020	0.00726	0.00962	0.01146	0.01192	0.00680	0.00760	0.01159	0.01575	0.02099	0.04497	0.67551	0.05391	0.05455	0.01193	0.00357	0.00495	0.02313	0.00760	0.00668
9	0.01443	0.00722	0.01082	0.01082	0.01082	0.00722	0.00722	0.01082	0.01082	0.01443	0.01443	0.02525	0.01443	0.02886	0.03247	0.75830	0.00722	0.00722	0.00361	0.00361
10	0.02221	0.71304	0.04353	0.01421	0.02132	0.03287	0.01421	0.02488	0.01688	0.01955	0.01155	0.01333	0.01066	0.00711	0.00533	0.00178	0.00888	0.00444	0.00355	0.01066
11	0.01220	0.00872	0.01203	0.01395	0.01534	0.00854	0.01133	0.01517	0.01796	0.02354	0.04464	0.31413	0.05039	0.02406	0.01116	0.00366	0.00663	0.39155	0.00767	0.00732
12	0.13886	0.03614	0.02188	0.01987	0.02427	0.57853	0.01502	0.03189	0.02216	0.02281	0.01265	0.01476	0.01045	0.00844	0.00715	0.00220	0.01373	0.00523	0.00441	0.00954
13	0.01381	0.01327	0.09632	0.01241	0.01595	0.00957	0.01104	0.01843	0.02276	0.06734	0.53488	0.05441	0.06638	0.01543	0.00947	0.00261	0.00518	0.01350	0.00848	0.00876
14	0.01723	0.01477	0.01723	0.01230	0.01969	0.01107	0.00984	0.02092	0.01723	0.02707	0.01477	0.01723	0.01230	0.00615	0.00615	0.00123	0.00615	0.00492	0.00492	0.75883
15	0.01012	0.00723	0.00964	0.01157	0.01205	0.00675	0.00771	0.01157	0.01591	0.02121	0.04579	0.70262	0.05495	0.02603	0.01060	0.00337	0.00482	0.02362	0.00771	0.00675
16	0.00998	0.00777	0.00909	0.01014	0.01167	0.00687	0.00708	0.01173	0.01728	0.02177	0.06317	0.42057	0.32578	0.02377	0.01025	0.00312	0.00454	0.02086	0.00771	0.00687
17	0.76672	0.01607	0.01221	0.01092	0.01607	0.01864	0.00900	0.02442	0.01414	0.03727	0.01157	0.01350	0.00900	0.00771	0.00514	0.00257	0.00643	0.00450	0.00514	0.00900
18	0.03123	0.03369	0.02404	0.02057	0.02571	0.43990	0.01596	0.24858	0.02916	0.03192	0.01541	0.01678	0.01194	0.00907	0.00779	0.00227	0.01287	0.00612	0.00574	0.01126
19	0.01549	0.00774	0.00774	0.00774	0.00968	0.00774	0.00581	0.01936	0.01742	0.03097	0.02710	0.03097	0.02129	0.00968	0.00581	0.00194	0.00387	0.00774	0.75416	0.00774
20	0.02024	0.01974	0.03469	0.07984	0.57196	0.01979	0.08003	0.02539	0.01887	0.02681	0.01569	0.02080	0.01301	0.00741	0.00837	0.00251	0.01030	0.00762	0.00410	0.01279
21	0.01004	0.00826	0.00883	0.00904	0.01144	0.00705	0.00664	0.01221	0.01893	0.02325	0.12997	0.16477	0.51811	0.02137	0.00993	0.00287	0.00427	0.01815	0.00784	0.00705
22	0.01896	0.04023	0.51747	0.02606	0.09566	0.10657	0.02823	0.02714	0.01847	0.02560	0.01470	0.01750	0.01081	0.00793	0.00787	0.00255	0.01240	0.00616	0.00367	0.01201
23	0.01208	0.00805	0.00906	0.00906	0.00906	0.00805	0.00503	0.01208	0.01208	0.01611	0.02618	0.05436	0.03020	0.70804	0.04228	0.00805	0.00805	0.01208	0.00503	0.00503
24	0.01005	0.00750	0.00936	0.01085	0.01186	0.00681	0.00739	0.01165	0.01660	0.02149	0.05457	0.56010	0.19180	0.02489	0.01042	0.00324	0.00468	0.02222	0.00771	0.00681
25	0.20099	0.03171	0.02084	0.01857	0.02328	0.43516	0.01427	0.08581	0.04974	0.02780	0.01411	0.01579	0.01126	0.00861	0.00706	0.00230	0.01210	0.00552	0.00503	0.01005
26	0.01093	0.00858	0.01006	0.01078	0.01301	0.00771	0.00848	0.01351	0.01887	0.02355	0.10012	0.15968	0.38377	0.02195	0.01036	0.00314	0.00520	0.17535	0.00778	0.00720
27	0.01807	0.12745	0.44129	0.02501	0.03572	0.02149	0.16477	0.02619	0.01792	0.02548	0.01490	0.01809	0.01102	0.00758	0.00799	0.00256	0.01222	0.00675	0.00367	0.01182
28	0.02506	0.02411	0.02364	0.02007	0.02368	0.16421	0.01612	0.19313	0.14041	0.03166	0.01809	0.02038	0.01446	0.01140	0.01431	0.00285	0.23182	0.00731	0.00595	0.01134
29	0.01644	0.03613	0.51458	0.02086	0.03178	0.01719	0.02570	0.02463	0.01755	0.02626	0.01822	0.02049	0.04182	0.00821	0.00767	0.00238	0.01077	0.00646	0.00397	0.14890
30	0.05033	0.04074	0.60488	0.02368	0.03544	0.01935	0.05964	0.02624	0.01749	0.02681	0.01485	0.01760	0.01056	0.00784	0.00787	0.00264	0.01210	0.00625	0.00362	0.01208
31	0.37315	0.01503	0.01602	0.01301	0.01884	0.01517	0.01073	0.03309	0.01934	0.37433	0.02301	0.02147	0.01524	0.00910	0.00687	0.00257	0.00677	0.00658	0.00791	0.01177
32	0.02034	0.02035	0.03722	0.04733	0.51596	0.02003	0.16296	0.02575	0.01907	0.02702	0.01590	0.02098	0.01303	0.00731	0.00859	0.00254	0.01082	0.00795	0.00413	0.01271
33	0.02056	0.01974	0.03372	0.05099	0.65622	0.01974	0.02550	0.02550	0.01892	0.02714	0.01563	0.02056	0.01316	0.00740	0.00822	0.00247	0.00987	0.00740	0.00411	0.01316
34	0.01446	0.01079	0.01234	0.01142	0.01449	0.01057	0.00873	0.02197	0.15500	0.06503	0.30060	0.05929	0.24977	0.01669	0.00943	0.00272	0.00476	0.01425	0.00860	0.00906
35	0.01208	0.00805	0.00906	0.00906	0.00906	0.00805	0.00503	0.01208	0.01208	0.01611	0.02618	0.05436	0.03020	0.70804	0.04228	0.00805	0.00805	0.01208	0.00503	0.00503
36	0.01443	0.00722	0.01082	0.01082	0.01082	0.00722	0.00722	0.01082	0.01082	0.01443	0.01443	0.02525	0.01443	0.02886	0.03247	0.75830	0.00722	0.00722	0.00361	0.00361
37	0.01818	0.01818	0.02545	0.02181	0.02181	0.02545	0.01818	0.01999	0.01272	0.01999	0.01091	0.01818	0.01091	0.01454	0.02726	0.00364	0.69284	0.00727	0.00364	0.00909
38	0.03158	0.02327	0.02493	0.01911	0.02576	0.02576	0.01579	0.62852	0.03906	0.05236	0.01995	0.01995	0.01413	0.00997	0.00831	0.00249	0.00914	0.00748	0.00831	0.01413
39	0.03158	0.02327	0.02493	0.01911	0.02576	0.02576	0.01579	0.62852	0.03906	0.05236	0.01995	0.01995	0.01413	0.00997	0.00831	0.00249	0.00914	0.00748	0.00831	0.01413
40	0.03727	0.01414	0.01928	0.01478	0.02121	0.01221	0.01221	0.04049	0.02378	0.66198	0.03277	0.02828	0.02056	0.01028	0.00835	0.00257	0.00707	0.00835	0.01028	0.01414
41	0.01818	0.01818	0.02545	0.02181	0.02181	0.02545	0.01818	0.01999	0.01272	0.01999	0.01091	0.01818	0.01091	0.01454	0.02726	0.00364	0.69284	0.00727	0.00364	0.00909
42	0.00998	0.00847	0.00864	0.00873	0.01150	0.00713	0.00664	0.01217	0.01894	0.02255	0.08231	0.08058	0.62507	0.02113	0.00989	0.00285	0.00437	0.04429	0.00771	0.00704
43	0.01012	0.00723	0.00964	0.01157	0.01205	0.00675	0.00771	0.01157	0.01591	0.02121	0.04579	0.70262	0.05495	0.02603	0.01060	0.00337	0.00482	0.02362	0.00771	0.00675
44	0.76672	0.01607	0.01221	0.01092	0.01607	0.01864	0.00900	0.02442	0.01414	0.03727	0.01157	0.01350	0.00900	0.00771	0.00514	0.00257	0.00643	0.00450	0.00514	0.00900
45	0.03158	0.02327	0.02493	0.01911	0.02576	0.02576	0.01579	0.62852	0.03906	0.05236	0.01995	0.01995	0.01413	0.00997	0.00831	0.00249	0.00914	0.00748	0.00831	0.01413
46	0.03158	0.02327	0.02493	0.01911	0.02576	0.02576	0.01579	0.62852	0.03906	0.05236	0.01995	0.01995	0.01413	0.00997	0.00831	0.00249	0.00914	0.00748	0.00831	0.01413
47	0.01012	0.00723	0.00964	0.01157	0.01205	0.00675	0.00771	0.01157	0.01591	0.02121	0.04579	0.70262	0.05495	0.02603	0.01060	0.00337	0.00482	0.02362	0.00771	0.00675
48	0.01666	0.04297	0.66500	0.02368	0.03596	0.01929	0.03069	0.02631	0.01754	0.02631	0.01491	0.01754	0.01052	0.00789	0.00789	0.00263	0.01228	0.00614	0.00351	0.01228
49	0.02010	0.01927	0.03289	0.11069	0.60009	0.01962	0.02527	0.02510	0.01870	0.02659	0.01555	0.02071	0.01296	0.00749	0.00823	0.00250	0.00998	0.00740	0.00407	0.01279
50	0.01008	0.00739	0.00947	0.01113	0.01193	0.00678	0.00752	0.01162	0.01633	0.02138	0.05111	0.61627	0.13786	0.02533	0.01049	0.00329	0.00473	0.02277	0.00771	0.00678
51	0.01202	0.00829	0.01025	0.01025	0.01066	0.00870	0.00651	0.01284	0.01243	0.01699	0.02509	0.04835	0.02759	0.52939	0.21737	0.00952	0.01198	0.01120	0.00487	0.00569
52	0.76672	0.01607	0.01221	0.01092	0.01607	0.01864	0.00900	0.02442	0.01414	0.03727	0.01157	0.01350	0.00900	0.00771	0.00514	0.00257	0.00643	0.00450	0.00514	0.00900
53	0.76672	0.01607	0.01221	0.01092	0.01607	0.01864	0.00900	0.02442	0.01414	0.03727	0.01157	0.01350	0.00900	0.00771	0.00514	0.00257	0.00643	0.00450	0.00514	0.00900
54	0.01192	0.00871	0.01237	0.01237	0.01351	0.00985	0.00916	0.01420	0.01306	0.01856	0.02315	0.03761	0.02293	0.21011	0.53027	0.01214	0.01900	0.00963	0.00458	0.00687
55	0.01012	0.00723	0.00964	0.01157	0.01205	0.00675	0.00771	0.01157	0.01591	0.02121	0.04579	0.70262	0.05495	0.02603	0.01060	0.00337	0.00482	0.02362	0.00771	0.00675
56	0.02066	0.01785	0.01878	0.01691	0.02160	0.02066	0.01315	0.04414	0.64121	0.03475	0.03381	0.03099	0.02536	0.01127	0.00845	0.00282	0.00657	0.00939	0.00845	0.01315
57	0.00991	0.00842	0.00855	0.00851	0.01128	0.00705	0.00639	0.01210	0.01916	0.02297	0.11174	0.07908	0.62493	0.02084	0.00982	0.00280	0.00419	0.01741	0.00778	0.00705
58	0.76672	0.01607	0.01221	0.01092	0.01607	0.01864	0.00900	0.02442	0.01414	0.03727	0.01157	0.01350	0.00900	0.00771	0.00514	0.00257	0.00643	0.00450	0.00514	0.00900
59	0.01723	0.01477	0.01723	0.01230	0.01969	0.01107	0.00984	0.02092	0.01723	0.02707	0.01477	0.01723	0.01230	0.00615	0.00615	0.00123	0.00615	0.00492	0.00492	0.75883
60	0.03133	0.01514	0.01924	0.01450	0.02121	0.01314	0.01190	0.08870	0.02339	0.43456	0.02673	0.02453	0.01774	0.00914	0.00775	0.00220	0.00701	0.00735	0.00865	0.21580
61	0.01012	0.00723	0.00964	0.01157	0.01205	0.00675	0.00771	0.01157	0.01591	0.02121	0.04579	0.70262	0.05495	0.02603	0.01060	0.00337	0.00482	0.02362	0.00771	0.00675
62	0.02443	0.02539	0.03014	0.03998	0.42633	0.19541	0.02203	0.08622	0.02211	0.02777	0.01530	0.01901	0.01260	0.00796	0.00804	0.00238	0.01117	0.00686	0.00457	0.01231
63	0.01684	0.04192	0.63653	0.02491	0.06393	0.01931	0.03046	0.02627	0.01760	0.02635	0.01494	0.01768	0.01064	0.00787	0.00791	0.00262	0.01217	0.00620	0.00354	0.01232
64	0.76672	0.01607	0.01221	0.01092	0.01607	0.01864	0.00900	0.02442	0.01414	0.03727	0.01157	0.01350	0.00900	0.00771	0.00514	0.00257	0.00643	0.00450	0.00514	0.00900
65	0.01208	0.00805	0.00906	0.00906	0.00906	0.00805	0.00503	0.01208	0.01208	0.01611	0.02618	0.05436	0.03020	0.70804	0.04228	0.00805	0.00805	0.01208	0.00503	0.00503
66	0.01187	0.00890	0.01335	0.01335	0.01483	0.01038	0.01038	0.01483	0.01335	0.01928	0.02225	0.03264	0.02077	0.06231	0.67512	0.01335	0.02225	0.00890	0.00445	0.00742
67	0.01187	0.00890	0.01335	0.01335	0.01483	0.01038	0.01038	0.01483	0.01335	0.01928	0.02225	0.03264	0.02077	0.06231	0.67512	0.01335	0.02225	0.00890	0.00445	0.00742
68	0.02221	0.71304	0.04353	0.01421	0.02132	0.03287	0.01421	0.02488	0.01688	0.01955	0.01155	0.01333	0.01066	0.00711	0.00533	0.00178	0.00888	0.00444	0.00355	0.01066
69	0.00982	0.00842	0.00842	0.00842	0.01122	0.00701	0.00631	0.01192	0.01894	0.02244	0.08416	0.07995	0.65285	0.02104	0.00982	0.00281	0.00421	0.01753	0.00771	0.00701
70	0.01198	0.00844	0.01102	0.01102	0.01169	0.00912	0.00747	0.01334	0.01266	0.01756	0.02439	0.04446	0.02590	0.41364	0.33080	0.01047	0.01453	0.01063	0.00477	0.00612
71	0.01012	0.00723	0.00964	0.01157	0.01205	0.00675	0.00771	0.01157	0.01591	0.02121	0.04579	0.70262	0.05495	0.02603	0.01060	0.00337	0.00482	0.02362	0.00771	0.00675
72	0.46718	0.02122	0.01702	0.13157	0.02545	0.16877	0.01307	0.02587	0.01672	0.03059	0.01242	0.01535	0.00975	0.00801	0.00623	0.00251	0.00920	0.00520	0.00469	0.00918
73	0.02738	0.22043	0.08636	0.01968	0.02543	0.44393	0.01687	0.03033	0.02122	0.02066	0.01268	0.01477	0.01067	0.00811	0.00695	0.00209	0.01310	0.00518	0.00402	0.01014
74	0.01645	0.01544	0.01282	0.01232	0.01345	0.16264	0.00809	0.01722	0.01485	0.01739	0.02272	0.04319	0.02480	0.48513	0.09395	0.00718	0.01100	0.01022	0.00480	0.00632
75	0.03211	0.02241	0.02440	0.01871	0.02534	0.02449	0.01545	0.57338	0.03763	0.10952	0.02115	0.02073	0.01473	0.01000	0.00831	0.00250	0.00895	0.00756	0.00850	0.01413
76	0.00982	0.00842	0.00842	0.00842	0.01122	0.00701	0.00631	0.01192	0.01894	0.02244	0.08416	0.07995	0.65285	0.02104	0.00982	0.00281	0.00421	0.01753	0.00771	0.00701
77	0.02303	0.02116	0.01875	0.01660	0.02088	0.16761	0.01282	0.11392	0.24639	0.06079	0.11245	0.06468	0.06028	0.01239	0.00856	0.00261	0.00831	0.01000	0.00758	0.01120
78	0.03116	0.03581	0.02386	0.02087	0.02570	0.52443	0.01599	0.17103	0.02714	0.02775	0.01449	0.01613	0.01149	0.00889	0.00768	0.00222	0.01363	0.00584	0.00521	0.01067
79	0.01791	0.19314	0.52573	0.02156	0.03268	0.02234	0.02700	0.02599	0.01739	0.02479	0.01416	0.01660	0.01055	0.00772	0.00732	0.00244	0.01152	0.00576	0.00352	0.01192
80	0.02107	0.30004	0.03254	0.01871	0.02199	0.09236	0.01637	0.02326	0.01546	0.01985	0.01136	0.01591	0.01079	0.01096	0.01649	0.00274	0.35073	0.00594	0.00367	0.00977
81	0.01187	0.00890	0.01335	0.01335	0.01483	0.01038	0.01038	0.01483	0.01335	0.01928	0.02225	0.03264	0.02077	0.06231	0.67512	0.01335	0.02225	0.00890	0.00445	0.00742
82	0.02161	0.02144	0.03073	0.04354	0.50967	0.08435	0.02292	0.02873	0.10220	0.02748	0.01777	0.02140	0.01454	0.00803	0.00818	0.00248	0.00993	0.00746	0.00471	0.01281
83	0.01872	0.01786	0.03039	0.29195	0.42967	0.01925	0.02458	0.02388	0.01804	0.02490	0.01530	0.02116	0.01237	0.00774	0.00826	0.00258	0.01032	0.00739	0.00395	0.01167
84	0.00993	0.00842	0.00857	0.00853	0.01129	0.00706	0.00640	0.01213	0.01919	0.02305	0.11570	0.07896	0.62093	0.02081	0.00982	0.00279	0.00419	0.01739	0.00779	0.00706
85	0.01666	0.04297	0.66500	0.02368	0.03596	0.01929	0.03069	0.02631	0.01754	0.02631	0.01491	0.01754	0.01052	0.00789	0.00789	0.00263	0.01228	0.00614	0.00351	0.01228
86	0.02258	0.35547	0.22591	0.01873	0.02673	0.17741	0.01960	0.02723	0.01862	0.02176	0.01286	0.01498	0.01063	0.00768	0.00660	0.00212	0.01132	0.00516	0.00371	0.01091
87	0.01666	0.04297	0.66500	0.02368	0.03596	0.01929	0.03069	0.02631	0.01754	0.02631	0.01491	0.01754	0.01052	0.00789	0.00789	0.00263	0.01228	0.00614	0.00351	0.01228
88	0.01203	0.00825	0.01005	0.01005	0.01040	0.00859	0.00627	0.01272	0.01238	0.01684	0.02527	0.04933	0.02802	0.55852	0.18882	0.00928	0.01134	0.01134	0.00490	0.00559
89	0.03139	0.03669	0.02347	0.02085	0.02547	0.57650	0.01584	0.09379	0.02512	0.05507	0.01454	0.01614	0.01153	0.00879	0.00762	0.00220	0.01400	0.00571	0.00498	0.01031
90	0.02078	0.02035	0.03289	0.07887	0.60226	0.04729	0.02499	0.02562	0.01901	0.02658	0.01547	0.02040	0.01296	0.00749	0.00820	0.00247	0.01014	0.00731	0.00410	0.01283
91	0.01012	0.00723	0.00964	0.01157	0.01205	0.00675	0.00771	0.01157	0.01591	0.02121	0.04579	0.70262	0.05495	0.02603	0.01060	0.00337	0.00482	0.02362	0.00771	0.00675
92	0.01167	0.00893	0.01075	0.01022	0.01254	0.00824	0.00769	0.01606	0.05259	0.03044	0.46777	0.06538	0.23135	0.01780	0.00974	0.00268	0.00413	0.01543	0.00872	0.00788
93	0.02056	0.01974	0.03372	0.05099	0.65622	0.01974	0.02550	0.02550	0.01892	0.02714	0.01563	0.02056	0.01316	0.00740	0.00822	0.00247	0.00987	0.00740	0.00411	0.01316
94	0.01717	0.07315	0.58445	0.02417	0.03588	0.02008	0.07919	0.02627	0.01768	0.02601	0.01491	0.01774	0.01070	0.00778	0.00793	0.00260	0.01226	0.00636	0.00357	0.01211
95	0.03103	0.03959	0.02354	0.02140	0.02568	0.67469	0.01605	0.03317	0.02354	0.02033	0.01284	0.01498	0.01070	0.00856	0.00749	0.00214	0.01498	0.00535	0.00428	0.00963
96	0.01981	0.01027	0.01368	0.01182	0.01519	0.00922	0.00922	0.02350	0.02360	0.23165	0.45653	0.05140	0.06014	0.01487	0.00934	0.00260	0.00491	0.01292	0.00950	0.00983
97	0.01961	0.03654	0.45877	0.02127	0.03162	0.07773	0.02495	0.05241	0.01924	0.05566	0.01572	0.01785	0.01140	0.00790	0.00765	0.00238	0.01129	0.00605	0.00429	0.11766
98	0.01208	0.00805	0.00906	0.00906	0.00906	0.00805	0.00503	0.01208	0.01208	0.01611	0.02618	0.05436	0.03020	0.70804	0.04228	0.00805	0.00805	0.01208	0.00503	0.00503
99	0.01666	0.04297	0.66500	0.02368	0.03596	0.01929	0.03069	0.02631	0.01754	0.02631	0.01491	0.01754	0.01052	0.00789	0.00789	0.00263	0.01228	0.00614	0.00351	0.01228
100	0.02056	0.01974	0.03372	0.05099	0.65622	0.01974	0.02550	0.02550	0.01892	0.02714	0.01563	0.02056	0.01316	0.00740	0.00822	0.00247	0.00987	0.00740	0.00411	0.01316
101	0.01133	0.00812	0.01091	0.01212	0.01335	0.00770	0.00906	0.01402	0.01877	0.02542	0.21384	0.38356	0.05981	0.02280	0.01058	0.00327	0.00522	0.15477	0.00810	0.00726
