[name]
unknown

[dist]
# distance from previous block
# <min> <max>
0	0

[block]
# block no. 0 follows, 22 sequences, length 225
# corresponding to MSA columns:
# 0-224
name=unknown_A
#
# <colnr> <probs for GDERKNQSTAVLIFYWHMCP>
#	G	D	E	R	K	N	Q	S	T	A	V	L	I	F	Y	W	H	M	C	P
0	0.01339	0.00956	0.01339	0.01530	0.01721	0.00956	0.01339	0.01721	0.01912	0.02486	0.04399	0.09371	0.04781	0.02295	0.01147	0.00382	0.00765	0.60031	0.00765	0.00765
1	0.02306	0.64837	0.04161	0.01490	0.02174	0.09450	0.01439	0.02567	0.01752	0.01962	0.01167	0.01349	0.01066	0.00725	0.00554	0.00181	0.00947	0.00453	0.00362	0.01056
2	0.02141	0.01682	0.01947	0.01457	0.02123	0.01539	0.01181	0.14960	0.04549	0.06387	0.01724	0.01892	0.01351	0.00784	0.00802	0.00176	0.04660	0.00593	0.00596	0.49453
3	0.01080	0.00795	0.01037	0.01164	0.01278	0.00716	0.00792	0.01247	0.01603	0.02177	0.04281	0.63681	0.05085	0.02412	0.01018	0.00317	0.00495	0.02182	0.00744	0.07897
4	0.01975	0.01566	0.01790	0.01398	0.01992	0.01419	0.01104	0.18045	0.02278	0.03272	0.02173	0.14149	0.02047	0.01075	0.00753	0.00195	0.00671	0.00897	0.00632	0.42568
5	0.01034	0.00754	0.00974	0.01108	0.01202	0.00694	0.00759	0.01222	0.01736	0.02316	0.14101	0.54279	0.11926	0.02416	0.01040	0.00320	0.00462	0.02170	0.00793	0.00694
6	0.01072	0.00748	0.00946	0.01080	0.01114	0.00715	0.00689	0.01172	0.01474	0.01965	0.03980	0.50479	0.04739	0.23417	0.02027	0.00480	0.00581	0.02010	0.00689	0.00622
7	0.01853	0.29040	0.40750	0.01974	0.02966	0.02397	0.02374	0.02531	0.01712	0.02351	0.01396	0.01659	0.01099	0.00983	0.03430	0.00275	0.01143	0.00562	0.00356	0.01148
8	0.01666	0.04297	0.66500	0.02368	0.03596	0.01929	0.03069	0.02631	0.01754	0.02631	0.01491	0.01754	0.01052	0.00789	0.00789	0.00263	0.01228	0.00614	0.00351	0.01228
9	0.01028	0.00733	0.00969	0.01141	0.01195	0.00685	0.00761	0.01179	0.01612	0.02159	0.07478	0.64483	0.05509	0.05327	0.01185	0.00353	0.00491	0.02273	0.00767	0.00673
10	0.01689	0.04163	0.62844	0.02526	0.07187	0.01932	0.03039	0.02626	0.01762	0.02636	0.01495	0.01771	0.01068	0.00786	0.00791	0.00262	0.01214	0.00621	0.00354	0.01233
11	0.02835	0.03512	0.02394	0.02149	0.02487	0.53911	0.01649	0.03042	0.02128	0.02026	0.01244	0.01565	0.01074	0.00981	0.01162	0.00245	0.15654	0.00575	0.00415	0.00952
12	0.02196	0.68267	0.07170	0.01464	0.02199	0.03226	0.01496	0.02494	0.01691	0.01985	0.01170	0.01352	0.01065	0.00714	0.00545	0.00182	0.00904	0.00452	0.00355	0.01073
13	0.01122	0.00801	0.01090	0.01282	0.01378	0.00769	0.00961	0.01346	0.01698	0.02243	0.04518	0.49845	0.05255	0.02499	0.01090	0.00353	0.00577	0.21698	0.00769	0.00705
14	0.02266	0.02354	0.02942	0.03693	0.35988	0.15330	0.05577	0.03102	0.14985	0.02731	0.01893	0.02171	0.01517	0.00842	0.00821	0.00249	0.01046	0.00754	0.00506	0.01233
15	0.01506	0.01093	0.01324	0.01283	0.01501	0.01102	0.00943	0.14155	0.02285	0.03107	0.20850	0.38237	0.05292	0.02017	0.00990	0.00298	0.00547	0.01786	0.00823	0.00859
16	0.01012	0.00723	0.00964	0.01157	0.01205	0.00675	0.00771	0.01157	0.01591	0.02121	0.04579	0.70262	0.05495	0.02603	0.01060	0.00337	0.00482	0.02362	0.00771	0.00675
17	0.01117	0.01013	0.00949	0.00932	0.01227	0.03570	0.00701	0.01418	0.04538	0.02287	0.07903	0.07515	0.59935	0.02010	0.00966	0.00278	0.00476	0.01668	0.00760	0.00738
18	0.02226	0.01272	0.01533	0.01345	0.01754	0.01242	0.01046	0.05737	0.14809	0.23576	0.10644	0.15026	0.13167	0.01542	0.00912	0.00279	0.00593	0.01314	0.00888	0.01096
19	0.01666	0.04297	0.66500	0.02368	0.03596	0.01929	0.03069	0.02631	0.01754	0.02631	0.01491	0.01754	0.01052	0.00789	0.00789	0.00263	0.01228	0.00614	0.00351	0.01228
20	0.02230	0.01671	0.01800	0.01544	0.02032	0.01815	0.01222	0.15928	0.33071	0.09495	0.04107	0.03839	0.15027	0.01289	0.00869	0.00272	0.00668	0.01055	0.00845	0.01220
21	0.01899	0.01813	0.03088	0.25659	0.46292	0.01932	0.02471	0.02412	0.01817	0.02523	0.01535	0.02107	0.01249	0.00769	0.00825	0.00256	0.01026	0.00740	0.00398	0.01189
22	0.02056	0.01974	0.03372	0.05099	0.65622	0.01974	0.02550	0.02550	0.01892	0.02714	0.01563	0.02056	0.01316	0.00740	0.00822	0.00247	0.00987	0.00740	0.00411	0.01316
23	0.02028	0.01945	0.03321	0.08788	0.62153	0.01966	0.02536	0.02525	0.01878	0.02680	0.01558	0.02065	0.01304	0.00745	0.00823	0.00248	0.00994	0.00740	0.00409	0.01293
24	0.02964	0.03695	0.02490	0.02534	0.10970	0.58742	0.01731	0.03215	0.02293	0.02124	0.01321	0.01572	0.01103	0.00841	0.00759	0.00218	0.01430	0.00562	0.00426	0.01010
25	0.01047	0.00844	0.00932	0.00910	0.01162	0.00729	0.00682	0.01318	0.02047	0.02609	0.27450	0.07395	0.46023	0.01968	0.00981	0.00274	0.00411	0.01669	0.00819	0.00729
26	0.01585	0.00992	0.01162	0.01088	0.01240	0.01148	0.00855	0.01926	0.01626	0.02816	0.02356	0.02845	0.01915	0.01328	0.04340	0.00285	0.14500	0.00770	0.56420	0.00800
27	0.01022	0.00843	0.00898	0.00884	0.01147	0.00719	0.00663	0.01271	0.01989	0.02471	0.20271	0.07621	0.53289	0.02019	0.00981	0.00277	0.00415	0.01701	0.00801	0.00719
28	0.02056	0.01974	0.03372	0.05099	0.65622	0.01974	0.02550	0.02550	0.01892	0.02714	0.01563	0.02056	0.01316	0.00740	0.00822	0.00247	0.00987	0.00740	0.00411	0.01316
29	0.01723	0.11109	0.60182	0.02272	0.03447	0.02067	0.02902	0.02616	0.01747	0.02562	0.01457	0.01711	0.01054	0.00781	0.00763	0.00254	0.01193	0.00597	0.00351	0.01211
30	0.02052	0.01986	0.03441	0.05027	0.62845	0.01980	0.05271	0.02555	0.01895	0.02712	0.01568	0.02064	0.01313	0.00738	0.00830	0.00248	0.01006	0.00751	0.00412	0.01307
31	0.01735	0.01497	0.01562	0.01432	0.01843	0.01650	0.01106	0.03431	0.45131	0.03099	0.04918	0.04593	0.21686	0.01425	0.00887	0.00281	0.00585	0.01188	0.00823	0.01128
32	0.01666	0.04297	0.66500	0.02368	0.03596	0.01929	0.03069	0.02631	0.01754	0.02631	0.01491	0.01754	0.01052	0.00789	0.00789	0.00263	0.01228	0.00614	0.00351	0.01228
33	0.00982	0.00842	0.00842	0.00842	0.01122	0.00701	0.00631	0.01192	0.01894	0.02244	0.08416	0.07995	0.65285	0.02104	0.00982	0.00281	0.00421	0.01753	0.00771	0.00701
34	0.01781	0.01101	0.01148	0.01046	0.01308	0.01165	0.00786	0.10697	0.08315	0.03231	0.02664	0.03267	0.02193	0.10692	0.01150	0.00295	0.00547	0.00848	0.46884	0.00882
35	0.01047	0.00891	0.00908	0.00895	0.01181	0.00776	0.00674	0.01377	0.05151	0.02357	0.10706	0.07660	0.59438	0.02035	0.00975	0.00280	0.00432	0.01700	0.00782	0.00737
36	0.00990	0.00842	0.00853	0.00850	0.01127	0.00705	0.00638	0.01208	0.01913	0.02290	0.10822	0.07919	0.62850	0.02087	0.00982	0.00280	0.00420	0.01743	0.00778	0.00705
37	0.02056	0.01974	0.03372	0.05099	0.65622	0.01974	0.02550	0.02550	0.01892	0.02714	0.01563	0.02056	0.01316	0.00740	0.00822	0.00247	0.00987	0.00740	0.00411	0.01316
38	0.01036	0.00888	0.00893	0.00884	0.01174	0.00769	0.00665	0.01352	0.04983	0.02305	0.08166	0.07752	0.62170	0.02055	0.00975	0.00281	0.00433	0.01713	0.00775	0.00732
39	0.02056	0.01974	0.03372	0.05099	0.65622	0.01974	0.02550	0.02550	0.01892	0.02714	0.01563	0.02056	0.01316	0.00740	0.00822	0.00247	0.00987	0.00740	0.00411	0.01316
40	0.03103	0.03959	0.02354	0.02140	0.02568	0.67469	0.01605	0.03317	0.02354	0.02033	0.01284	0.01498	0.01070	0.00856	0.00749	0.00214	0.01498	0.00535	0.00428	0.00963
41	0.01187	0.00890	0.01335	0.01335	0.01483	0.01038	0.01038	0.01483	0.01335	0.01928	0.02225	0.03264	0.02077	0.06231	0.67512	0.01335	0.02225	0.00890	0.00445	0.00742
42	0.02973	0.03733	0.02414	0.05604	0.06005	0.60805	0.01689	0.03218	0.02296	0.02073	0.01308	0.01563	0.01085	0.00849	0.00757	0.00219	0.01452	0.00556	0.00424	0.00979
43	0.03158	0.02327	0.02493	0.01911	0.02576	0.02576	0.01579	0.62852	0.03906	0.05236	0.01995	0.01995	0.01413	0.00997	0.00831	0.00249	0.00914	0.00748	0.00831	0.01413
44	0.00982	0.00842	0.00842	0.00842	0.01122	0.00701	0.00631	0.01192	0.01894	0.02244	0.08416	0.07995	0.65285	0.02104	0.00982	0.00281	0.00421	0.01753	0.00771	0.00701
45	0.01001	0.00809	0.00877	0.00927	0.01133	0.00700	0.00661	0.01184	0.01780	0.02181	0.07127	0.24110	0.46598	0.05644	0.01163	0.00321	0.00456	0.01885	0.00758	0.00685
46	0.01784	0.02843	0.30442	0.02802	0.19377	0.01851	0.02341	0.02834	0.14497	0.02787	0.02559	0.02707	0.07592	0.00971	0.00828	0.00264	0.00971	0.00823	0.00508	0.01218
47	0.02658	0.01942	0.02157	0.01729	0.02260	0.02157	0.01412	0.46707	0.03251	0.04428	0.02082	0.02320	0.01591	0.02089	0.14742	0.00473	0.01159	0.00779	0.04828	0.01238
48	0.03064	0.03718	0.02411	0.02244	0.05242	0.58462	0.01643	0.09002	0.02484	0.02370	0.01364	0.01569	0.01113	0.00865	0.00760	0.00219	0.01420	0.00564	0.00466	0.01021
49	0.17638	0.01897	0.02923	0.04262	0.52254	0.01951	0.02205	0.02527	0.01792	0.02926	0.01478	0.01909	0.01229	0.00747	0.00758	0.00249	0.00915	0.00680	0.00433	0.01229
50	0.03112	0.03696	0.02377	0.02103	0.02570	0.56994	0.01601	0.12928	0.02605	0.02550	0.01399	0.01578	0.01125	0.00879	0.00762	0.00220	0.01404	0.00569	0.00493	0.01036
51	0.02204	0.02438	0.03601	0.02752	0.03307	0.15444	0.32372	0.05619	0.01995	0.02558	0.01557	0.02042	0.01242	0.00904	0.01237	0.00276	0.14256	0.00819	0.04333	0.01045
52	0.01012	0.00723	0.00964	0.01157	0.01205	0.00675	0.00771	0.01157	0.01591	0.02121	0.04579	0.70262	0.05495	0.02603	0.01060	0.00337	0.00482	0.02362	0.00771	0.00675
53	0.01066	0.00746	0.00948	0.01087	0.01122	0.00711	0.00697	0.01171	0.01484	0.01979	0.04035	0.52280	0.04808	0.21521	0.01939	0.00467	0.00572	0.02042	0.00697	0.00627
54	0.02800	0.02666	0.02078	0.01767	0.02237	0.28562	0.01381	0.25946	0.02824	0.03488	0.01855	0.02023	0.01423	0.00934	0.00745	0.00223	0.01041	0.00667	0.16243	0.01097
55	0.02941	0.17353	0.02829	0.01896	0.02480	0.27419	0.01556	0.27591	0.02852	0.03332	0.01549	0.01667	0.01210	0.00884	0.00738	0.00221	0.01131	0.00603	0.00578	0.01169
56	0.01208	0.00805	0.00906	0.00906	0.00906	0.00805	0.00503	0.01208	0.01208	0.01611	0.02618	0.05436	0.03020	0.70804	0.04228	0.00805	0.00805	0.01208	0.00503	0.00503
57	0.01666	0.04297	0.66500	0.02368	0.03596	0.01929	0.03069	0.02631	0.01754	0.02631	0.01491	0.01754	0.01052	0.00789	0.00789	0.00263	0.01228	0.00614	0.00351	0.01228
58	0.01208	0.00805	0.00906	0.00906	0.00906	0.00805	0.00503	0.01208	0.01208	0.01611	0.02618	0.05436	0.03020	0.70804	0.04228	0.00805	0.00805	0.01208	0.00503	0.00503
59	0.01723	0.01477	0.01723	0.01230	0.01969	0.01107	0.00984	0.02092	0.01723	0.02707	0.01477	0.01723	0.01230	0.00615	0.00615	0.00123	0.00615	0.00492	0.00492	0.75883
60	0.01021	0.00776	0.00945	0.01074	0.01207	0.00700	0.00758	0.01201	0.01710	0.02183	0.05842	0.46060	0.25307	0.02419	0.01039	0.00321	0.00478	0.05499	0.00771	0.00689
61	0.02442	0.43960	0.09700	0.01735	0.02408	0.23085	0.01637	0.02759	0.01901	0.02044	0.01227	0.01424	0.01066	0.00763	0.00625	0.00197	0.01110	0.00489	0.00377	0.01050
62	0.01782	0.18290	0.53522	0.02170	0.03290	0.02213	0.02725	0.02601	0.01740	0.02490	0.01421	0.01666	0.01055	0.00773	0.00736	0.00245	0.01157	0.00578	0.00352	0.01194
63	0.00982	0.00842	0.00842	0.00842	0.01122	0.00701	0.00631	0.01192	0.01894	0.02244	0.08416	0.07995	0.65285	0.02104	0.00982	0.00281	0.00421	0.01753	0.00771	0.00701
64	0.00990	0.00811	0.00873	0.00922	0.01143	0.00695	0.00667	0.01183	0.01816	0.02213	0.07432	0.23952	0.49963	0.02232	0.01002	0.00295	0.00436	0.01909	0.00771	0.00695
65	0.01838	0.24994	0.47305	0.02076	0.03144	0.02349	0.02560	0.02587	0.01734	0.02422	0.01387	0.01624	0.01057	0.00765	0.00710	0.00237	0.01123	0.00561	0.00352	0.01178
66	0.00982	0.00842	0.00842	0.00842	0.01122	0.00701	0.00631	0.01192	0.01894	0.02244	0.08416	0.07995	0.65285	0.02104	0.00982	0.00281	0.00421	0.01753	0.00771	0.00701
67	0.01049	0.00844	0.00935	0.00913	0.01164	0.00730	0.00684	0.01323	0.02053	0.02623	0.28201	0.07371	0.45263	0.01963	0.00981	0.00274	0.00411	0.01666	0.00821	0.00730
68	0.03019	0.10426	0.02546	0.02071	0.02526	0.61306	0.01587	0.03238	0.02290	0.02026	0.01272	0.01482	0.01070	0.00842	0.00728	0.00211	0.01440	0.00526	0.00421	0.00973
69	0.01010	0.00843	0.00881	0.00871	0.01139	0.00713	0.00653	0.01247	0.01960	0.02402	0.16661	0.07735	0.56941	0.02045	0.00982	0.00278	0.00417	0.01717	0.00792	0.00713
70	0.53511	0.01506	0.01257	0.01109	0.01572	0.01709	0.00902	0.08478	0.01736	0.03749	0.01566	0.01780	0.01209	0.00835	0.00560	0.00243	0.00617	0.00548	0.16188	0.00926
71	0.01680	0.00994	0.01257	0.01213	0.01526	0.00898	0.00990	0.01995	0.02072	0.15510	0.15362	0.07070	0.24769	0.01877	0.01002	0.00304	0.00579	0.19180	0.00845	0.00879
72	0.02754	0.03405	0.02756	0.02346	0.02775	0.48715	0.10608	0.03035	0.02144	0.02121	0.01315	0.01652	0.01101	0.00917	0.01061	0.00245	0.11025	0.00628	0.00418	0.00979
73	0.01003	0.00842	0.00870	0.00863	0.01135	0.00710	0.00648	0.01232	0.01943	0.02361	0.14497	0.07803	0.59131	0.02060	0.00982	0.00278	0.00418	0.01726	0.00787	0.00710
74	0.09996	0.17221	0.02671	0.01863	0.02388	0.39407	0.01497	0.11046	0.02336	0.02609	0.01341	0.01517	0.01099	0.00837	0.00694	0.00215	0.01214	0.00537	0.00476	0.01038
75	0.03100	0.02433	0.02452	0.01919	0.02555	0.07846	0.01568	0.55118	0.06743	0.04888	0.02005	0.02008	0.01440	0.00992	0.00825	0.00248	0.00949	0.00740	0.00799	0.01371
76	0.01736	0.01726	0.02866	0.02316	0.02561	0.02107	0.17000	0.02077	0.01475	0.02198	0.01496	0.02220	0.01342	0.02053	0.13169	0.00500	0.38051	0.00821	0.03358	0.00929
77	0.02009	0.01926	0.03287	0.11217	0.59870	0.01962	0.02526	0.02509	0.01869	0.02657	0.01554	0.02071	0.01296	0.00749	0.00823	0.00250	0.00998	0.00740	0.00407	0.01278
78	0.00982	0.00842	0.00842	0.00842	0.01122	0.00701	0.00631	0.01192	0.01894	0.02244	0.08416	0.07995	0.65285	0.02104	0.00982	0.00281	0.00421	0.01753	0.00771	0.00701
79	0.02344	0.02155	0.01892	0.01620	0.02093	0.15511	0.01272	0.22873	0.13530	0.03418	0.03894	0.03771	0.19502	0.01302	0.00859	0.00256	0.00853	0.01020	0.00733	0.01102
80	0.02324	0.02436	0.01756	0.01618	0.01944	0.33361	0.01230	0.06043	0.02082	0.02466	0.01877	0.02290	0.01562	0.01986	0.14299	0.00439	0.01332	0.00680	0.19378	0.00896
81	0.01099	0.00921	0.00966	0.00963	0.01236	0.00834	0.00718	0.01517	0.07873	0.02405	0.10399	0.13299	0.50756	0.02037	0.00976	0.00285	0.00448	0.01720	0.00786	0.00762
82	0.01549	0.00774	0.00774	0.00774	0.00968	0.00774	0.00581	0.01936	0.01742	0.03097	0.02710	0.03097	0.02129	0.00968	0.00581	0.00194	0.00387	0.00774	0.75416	0.00774
83	0.01012	0.00723	0.00964	0.01157	0.01205	0.00675	0.00771	0.01157	0.01591	0.02121	0.04579	0.70262	0.05495	0.02603	0.01060	0.00337	0.00482	0.02362	0.00771	0.00675
84	0.01784	0.01382	0.01564	0.01469	0.01779	0.01494	0.01103	0.15037	0.20842	0.03236	0.06659	0.32739	0.03871	0.01781	0.00944	0.00299	0.00620	0.01556	0.00813	0.01026
85	0.01242	0.00920	0.00984	0.00952	0.01215	0.00864	0.00718	0.01731	0.07934	0.02763	0.18626	0.06154	0.34409	0.01694	0.00887	0.00259	0.00431	0.01423	0.16000	0.00792
86	0.00999	0.00818	0.00881	0.00917	0.01145	0.00700	0.00668	0.01206	0.01857	0.02278	0.10738	0.20570	0.49976	0.02183	0.00998	0.00291	0.00432	0.01863	0.00779	0.00700
87	0.01981	0.02149	0.04378	0.03889	0.21249	0.02084	0.43382	0.02602	0.01913	0.02648	0.01623	0.02172	0.01269	0.00743	0.01010	0.00274	0.04150	0.00903	0.00415	0.01166
88	0.01671	0.01580	0.02676	0.55503	0.18231	0.01872	0.02358	0.02212	0.01709	0.02246	0.01495	0.02182	0.01151	0.00812	0.00829	0.00271	0.01082	0.00739	0.00378	0.01005
89	0.01100	0.00835	0.01013	0.00993	0.01201	0.00748	0.00735	0.01412	0.02136	0.02878	0.41738	0.12912	0.25450	0.01911	0.00988	0.00275	0.00410	0.01663	0.00856	0.00748
90	0.01127	0.00811	0.01067	0.01079	0.01230	0.00751	0.00780	0.01445	0.02124	0.02969	0.47030	0.25394	0.07136	0.01969	0.01004	0.00284	0.00419	0.01760	0.00872	0.00751
91	0.01205	0.00768	0.00920	0.00999	0.01071	0.00755	0.00657	0.01367	0.01495	0.02178	0.03429	0.31526	0.03791	0.23559	0.05085	0.00497	0.00643	0.01569	0.17837	0.00648
92	0.01187	0.00890	0.01335	0.01335	0.01483	0.01038	0.01038	0.01483	0.01335	0.01928	0.02225	0.03264	0.02077	0.06231	0.67512	0.01335	0.02225	0.00890	0.00445	0.00742
93	0.00993	0.00840	0.00845	0.00845	0.01111	0.00706	0.00625	0.01193	0.01860	0.02213	0.08130	0.07869	0.62220	0.05485	0.01142	0.00306	0.00440	0.01726	0.00758	0.00692
94	0.01012	0.00723	0.00964	0.01157	0.01205	0.00675	0.00771	0.01157	0.01591	0.02121	0.04579	0.70262	0.05495	0.02603	0.01060	0.00337	0.00482	0.02362	0.00771	0.00675
95	0.01293	0.00912	0.01278	0.01260	0.01410	0.01057	0.00981	0.01603	0.01417	0.02176	0.02271	0.03158	0.02039	0.04896	0.50346	0.01049	0.05142	0.00858	0.16097	0.00757
96	0.01030	0.00801	0.00999	0.04421	0.01402	0.00742	0.00800	0.01217	0.01697	0.02163	0.05727	0.45724	0.25581	0.02345	0.01022	0.00315	0.00492	0.02074	0.00751	0.00696
97	0.00982	0.00842	0.00842	0.00842	0.01122	0.00701	0.00631	0.01192	0.01894	0.02244	0.08416	0.07995	0.65285	0.02104	0.00982	0.00281	0.00421	0.01753	0.00771	0.00701
98	0.02221	0.71304	0.04353	0.01421	0.02132	0.03287	0.01421	0.02488	0.01688	0.01955	0.01155	0.01333	0.01066	0.00711	0.00533	0.00178	0.00888	0.00444	0.00355	0.01066
99	0.03103	0.03959	0.02354	0.02140	0.02568	0.67469	0.01605	0.03317	0.02354	0.02033	0.01284	0.01498	0.01070	0.00856	0.00749	0.00214	0.01498	0.00535	0.00428	0.00963
100	0.01980	0.01897	0.03235	0.15001	0.56313	0.01954	0.02512	0.02483	0.01856	0.02622	0.01549	0.02081	0.01283	0.00754	0.00824	0.00251	0.01006	0.00740	0.00405	0.01255
101	0.01995	0.31321	0.23139	0.01924	0.02618	0.05578	0.02033	0.02456	0.01642	0.02178	0.01250	0.01584	0.01068	0.00914	0.01132	0.00249	0.16918	0.00567	0.00359	0.01075
102	0.01341	0.01090	0.01363	0.01535	0.06902	0.01090	0.01032	0.02003	0.13822	0.02663	0.14192	0.25681	0.17060	0.01903	0.00975	0.00298	0.00548	0.04846	0.00776	0.00880
103	0.00982	0.00842	0.00842	0.00842	0.01122	0.00701	0.00631	0.01192	0.01894	0.02244	0.08416	0.07995	0.65285	0.02104	0.00982	0.00281	0.00421	0.01753	0.00771	0.00701
104	0.02298	0.02479	0.03156	0.07264	0.42934	0.18904	0.05772	0.02734	0.02004	0.02507	0.01493	0.01930	0.01239	0.00772	0.00813	0.00242	0.01149	0.00701	0.00414	0.01195
105	0.02655	0.03032	0.02746	0.05892	0.26177	0.36910	0.01983	0.06238	0.02239	0.02465	0.01434	0.01762	0.01182	0.00820	0.00784	0.00231	0.01260	0.00631	0.00441	0.01117
106	0.01208	0.00805	0.00906	0.00906	0.00906	0.00805	0.00503	0.01208	0.01208	0.01611	0.02618	0.05436	0.03020	0.70804	0.04228	0.00805	0.00805	0.01208	0.00503	0.00503
107	0.02067	0.16506	0.03290	0.18649	0.33353	0.07739	0.02179	0.02504	0.01835	0.02363	0.01434	0.01894	0.01195	0.00764	0.00758	0.00236	0.01037	0.00661	0.00391	0.01144
108	0.01573	0.03131	0.41859	0.02082	0.02880	0.01794	0.02396	0.02272	0.01632	0.02437	0.04462	0.02255	0.01563	0.01973	0.13916	0.00484	0.11103	0.00723	0.00396	0.01069
109	0.00982	0.00842	0.00842	0.00842	0.01122	0.00701	0.00631	0.01192	0.01894	0.02244	0.08416	0.07995	0.65285	0.02104	0.00982	0.00281	0.00421	0.01753	0.00771	0.00701
110	0.03004	0.06592	0.02445	0.02113	0.02531	0.61664	0.01608	0.03219	0.02274	0.02028	0.01269	0.01507	0.01071	0.00880	0.00838	0.00220	0.04810	0.00541	0.00422	0.00965
111	0.00993	0.00842	0.00857	0.00853	0.01129	0.00706	0.00640	0.01214	0.01920	0.02307	0.11703	0.07891	0.61958	0.02080	0.00982	0.00279	0.00419	0.01739	0.00780	0.00706
112	0.01681	0.04197	0.63498	0.02423	0.03632	0.01938	0.05971	0.02632	0.01764	0.02632	0.01500	0.01778	0.01062	0.00785	0.00799	0.00264	0.01236	0.00632	0.00354	0.01223
113	0.02143	0.01866	0.03028	0.04353	0.52659	0.01869	0.02262	0.02764	0.07079	0.07746	0.02137	0.02454	0.04174	0.00852	0.00832	0.00252	0.00914	0.00807	0.00511	0.01298
114	0.01867	0.02286	0.10147	0.03010	0.03675	0.02132	0.40996	0.02462	0.01764	0.02482	0.01560	0.02149	0.01241	0.01122	0.04354	0.00344	0.16052	0.00886	0.00402	0.01068
115	0.00985	0.00831	0.00853	0.00870	0.01130	0.00699	0.00644	0.01189	0.01866	0.02233	0.08065	0.13681	0.59825	0.02149	0.00989	0.00286	0.00426	0.01809	0.00771	0.00699
116	0.01666	0.04297	0.66500	0.02368	0.03596	0.01929	0.03069	0.02631	0.01754	0.02631	0.01491	0.01754	0.01052	0.00789	0.00789	0.00263	0.01228	0.00614	0.00351	0.01228
117	0.01723	0.01622	0.02586	0.03777	0.45596	0.01579	0.01954	0.02128	0.01892	0.02568	0.03690	0.03900	0.21178	0.01164	0.00872	0.00257	0.00811	0.01055	0.00523	0.01125
118	0.00982	0.00842	0.00842	0.00842	0.01122	0.00701	0.00631	0.01192	0.01894	0.02244	0.08416	0.07995	0.65285	0.02104	0.00982	0.00281	0.00421	0.01753	0.00771	0.00701
119	0.02066	0.01785	0.01878	0.01691	0.02160	0.02066	0.01315	0.04414	0.64121	0.03475	0.03381	0.03099	0.02536	0.01127	0.00845	0.00282	0.00657	0.00939	0.00845	0.01315
120	0.03103	0.03959	0.02354	0.02140	0.02568	0.67469	0.01605	0.03317	0.02354	0.02033	0.01284	0.01498	0.01070	0.00856	0.00749	0.00214	0.01498	0.00535	0.00428	0.00963
121	0.02008	0.01932	0.03335	0.04822	0.59467	0.01921	0.05389	0.02507	0.01918	0.02742	0.04700	0.02269	0.01634	0.00785	0.00838	0.00249	0.00978	0.00789	0.00436	0.01280
122	0.01012	0.00723	0.00964	0.01157	0.01205	0.00675	0.00771	0.01157	0.01591	0.02121	0.04579	0.70262	0.05495	0.02603	0.01060	0.00337	0.00482	0.02362	0.00771	0.00675
123	0.01208	0.00805	0.00906	0.00906	0.00906	0.00805	0.00503	0.01208	0.01208	0.01611	0.02618	0.05436	0.03020	0.70804	0.04228	0.00805	0.00805	0.01208	0.00503	0.00503
124	0.02221	0.71304	0.04353	0.01421	0.02132	0.03287	0.01421	0.02488	0.01688	0.01955	0.01155	0.01333	0.01066	0.00711	0.00533	0.00178	0.00888	0.00444	0.00355	0.01066
125	0.01012	0.00723	0.00964	0.01157	0.01205	0.00675	0.00771	0.01157	0.01591	0.02121	0.04579	0.70262	0.05495	0.02603	0.01060	0.00337	0.00482	0.02362	0.00771	0.00675
126	0.02066	0.01785	0.01878	0.01691	0.02160	0.02066	0.01315	0.04414	0.64121	0.03475	0.03381	0.03099	0.02536	0.01127	0.00845	0.00282	0.00657	0.00939	0.00845	0.01315
127	0.01208	0.00805	0.00906	0.00906	0.00906	0.00805	0.00503	0.01208	0.01208	0.01611	0.02618	0.05436	0.03020	0.70804	0.04228	0.00805	0.00805	0.01208	0.00503	0.00503
128	0.01440	0.01419	0.01224	0.01271	0.01464	0.14282	0.00906	0.01629	0.01866	0.02204	0.08386	0.36845	0.19818	0.02069	0.00973	0.00294	0.00668	0.01787	0.00710	0.00746
129	0.05875	0.26598	0.36859	0.01965	0.02915	0.07905	0.02281	0.02631	0.01765	0.02411	0.01343	0.01570	0.01051	0.00768	0.00686	0.00230	0.01106	0.00542	0.00367	0.01134
130	0.02221	0.71304	0.04353	0.01421	0.02132	0.03287	0.01421	0.02488	0.01688	0.01955	0.01155	0.01333	0.01066	0.00711	0.00533	0.00178	0.00888	0.00444	0.00355	0.01066
131	0.01955	0.01851	0.03036	0.18057	0.46662	0.01956	0.02373	0.02650	0.08170	0.02668	0.01730	0.02195	0.01396	0.00798	0.00826	0.00257	0.00979	0.00760	0.00447	0.01234
132	0.02033	0.01950	0.03330	0.08121	0.62780	0.01968	0.02538	0.02529	0.01881	0.02686	0.01559	0.02064	0.01306	0.00744	0.00823	0.00248	0.00993	0.00740	0.00409	0.01297
133	0.01020	0.00837	0.00898	0.00895	0.01149	0.00716	0.00667	0.01261	0.01965	0.02443	0.18911	0.10719	0.51535	0.02052	0.00985	0.00280	0.00418	0.01736	0.00798	0.00716
134	0.01012	0.00723	0.00964	0.01157	0.01205	0.00675	0.00771	0.01157	0.01591	0.02121	0.04579	0.70262	0.05495	0.02603	0.01060	0.00337	0.00482	0.02362	0.00771	0.00675
135	0.01021	0.00843	0.00896	0.00883	0.01146	0.00718	0.00662	0.01269	0.01987	0.02465	0.19969	0.07631	0.53593	0.02021	0.00981	0.00277	0.00415	0.01702	0.00801	0.00718
136	0.02056	0.01974	0.03372	0.05099	0.65622	0.01974	0.02550	0.02550	0.01892	0.02714	0.01563	0.02056	0.01316	0.00740	0.00822	0.00247	0.00987	0.00740	0.00411	0.01316
137	0.00982	0.00842	0.00842	0.00842	0.01122	0.00701	0.00631	0.01192	0.01894	0.02244	0.08416	0.07995	0.65285	0.02104	0.00982	0.00281	0.00421	0.01753	0.00771	0.00701
138	0.01067	0.00765	0.01013	0.01119	0.01217	0.00711	0.00775	0.01295	0.01846	0.02527	0.24900	0.48784	0.06280	0.02299	0.01033	0.00312	0.00452	0.02074	0.00819	0.00711
139	0.01961	0.02241	0.04902	0.03501	0.04342	0.02101	0.62605	0.02661	0.01961	0.02661	0.01681	0.02241	0.01261	0.00700	0.00980	0.00280	0.01401	0.00980	0.00420	0.01120
140	0.00982	0.00842	0.00842	0.00842	0.01122	0.00701	0.00631	0.01192	0.01894	0.02244	0.08416	0.07995	0.65285	0.02104	0.00982	0.00281	0.00421	0.01753	0.00771	0.00701
141	0.01203	0.01033	0.01053	0.01014	0.01333	0.00979	0.00770	0.01848	0.14558	0.02495	0.07391	0.06999	0.52514	0.01905	0.00954	0.00281	0.00469	0.01588	0.00786	0.00826
142	0.01012	0.00723	0.00964	0.01157	0.01205	0.00675	0.00771	0.01157	0.01591	0.02121	0.04579	0.70262	0.05495	0.02603	0.01060	0.00337	0.00482	0.02362	0.00771	0.00675
143	0.02618	0.01661	0.01895	0.01620	0.02147	0.01786	0.01284	0.04293	0.43619	0.24302	0.03347	0.03009	0.02377	0.01094	0.00842	0.00274	0.00674	0.00905	0.00906	0.01348
144	0.03632	0.01417	0.01918	0.01466	0.02113	0.01216	0.01210	0.03956	0.02347	0.63186	0.03192	0.02775	0.02017	0.01009	0.00825	0.00251	0.00703	0.00819	0.01003	0.04947
145	0.01208	0.00805	0.00906	0.00906	0.00906	0.00805	0.00503	0.01208	0.01208	0.01611	0.02618	0.05436	0.03020	0.70804	0.04228	0.00805	0.00805	0.01208	0.00503	0.00503
146	0.03158	0.02327	0.02493	0.01911	0.02576	0.02576	0.01579	0.62852	0.03906	0.05236	0.01995	0.01995	0.01413	0.00997	0.00831	0.00249	0.00914	0.00748	0.00831	0.01413
147	0.02013	0.01687	0.02012	0.01548	0.02110	0.01669	0.01261	0.14734	0.02079	0.03070	0.01552	0.01872	0.01285	0.01122	0.04327	0.00252	0.13083	0.00607	0.00538	0.43180
148	0.02102	0.02345	0.04240	0.03784	0.20308	0.08713	0.40580	0.02698	0.01983	0.02611	0.01609	0.02117	0.01256	0.00727	0.00915	0.00265	0.01301	0.00872	0.00419	0.01156
149	0.01187	0.00890	0.01335	0.01335	0.01483	0.01038	0.01038	0.01483	0.01335	0.01928	0.02225	0.03264	0.02077	0.06231	0.67512	0.01335	0.02225	0.00890	0.00445	0.00742
150	0.01073	0.00868	0.00968	0.01009	0.01265	0.00764	0.00800	0.01331	0.01920	0.02353	0.10264	0.08222	0.48651	0.02128	0.01020	0.00303	0.00498	0.15066	0.00777	0.00720
151	0.01647	0.04024	0.60389	0.02360	0.03511	0.01875	0.05705	0.02559	0.01755	0.02607	0.01654	0.05191	0.01283	0.00876	0.00812	0.00268	0.01199	0.00718	0.00375	0.01195
152	0.01188	0.00885	0.01312	0.01312	0.01452	0.01026	0.01009	0.01468	0.01328	0.01911	0.02247	0.03382	0.02128	0.09760	0.64053	0.01306	0.02148	0.00907	0.00448	0.00729
153	0.01208	0.00883	0.01303	0.01303	0.01454	0.01023	0.01012	0.01510	0.01359	0.01996	0.02253	0.03254	0.02080	0.05926	0.63636	0.01269	0.02119	0.00883	0.04787	0.00744
154	0.09933	0.10920	0.02461	0.01965	0.02431	0.54451	0.01519	0.03146	0.02195	0.02184	0.01258	0.01466	0.01054	0.00833	0.00704	0.00214	0.01353	0.00517	0.00428	0.00968
155	0.01977	0.01894	0.03230	0.15383	0.55953	0.01953	0.02510	0.02481	0.01854	0.02619	0.01549	0.02082	0.01282	0.00755	0.00824	0.00252	0.01006	0.00740	0.00404	0.01252
156	0.02272	0.67404	0.04237	0.01463	0.02157	0.07004	0.01432	0.02536	0.01727	0.01959	0.01162	0.01342	0.01066	0.00719	0.00546	0.00180	0.00924	0.00449	0.00360	0.01060
157	0.01756	0.01980	0.01394	0.01316	0.01650	0.25082	0.00987	0.01968	0.02062	0.02167	0.05812	0.05623	0.41837	0.01648	0.00897	0.00256	0.00814	0.01308	0.00646	0.00797
158	0.00982	0.00842	0.00842	0.00842	0.01122	0.00701	0.00631	0.01192	0.01894	0.02244	0.08416	0.07995	0.65285	0.02104	0.00982	0.00281	0.00421	0.01753	0.00771	0.00701
159	0.02888	0.20399	0.02842	0.01965	0.02462	0.51802	0.01560	0.03115	0.02192	0.02014	0.01253	0.01458	0.01069	0.00821	0.00696	0.00205	0.01349	0.00513	0.00410	0.00988
160	0.02066	0.01785	0.01878	0.01691	0.02160	0.02066	0.01315	0.04414	0.64121	0.03475	0.03381	0.03099	0.02536	0.01127	0.00845	0.00282	0.00657	0.00939	0.00845	0.01315
161	0.01006	0.00748	0.00938	0.01091	0.01188	0.00680	0.00742	0.01164	0.01654	0.02146	0.05380	0.57259	0.17981	0.02499	0.01044	0.00326	0.00469	0.02235	0.00771	0.00680
162	0.01012	0.00723	0.00964	0.01157	0.01205	0.00675	0.00771	0.01157	0.01591	0.02121	0.04579	0.70262	0.05495	0.02603	0.01060	0.00337	0.00482	0.02362	0.00771	0.00675
163	0.02056	0.01974	0.03372	0.05099	0.65622	0.01974	0.02550	0.02550	0.01892	0.02714	0.01563	0.02056	0.01316	0.00740	0.00822	0.00247	0.00987	0.00740	0.00411	0.01316
164	0.00982	0.00842	0.00842	0.00842	0.01122	0.00701	0.00631	0.01192	0.01894	0.02244	0.08416	0.07995	0.65285	0.02104	0.00982	0.00281	0.00421	0.01753	0.00771	0.00701
165	0.01012	0.00723	0.00964	0.01157	0.01205	0.00675	0.00771	0.01157	0.01591	0.02121	0.04579	0.70262	0.05495	0.02603	0.01060	0.00337	0.00482	0.02362	0.00771	0.00675
166	0.01188	0.00886	0.01314	0.01314	0.01455	0.01027	0.01012	0.01470	0.01329	0.01913	0.02244	0.03370	0.02123	0.09378	0.64428	0.01309	0.02156	0.00906	0.00448	0.00730
167	0.03189	0.02277	0.02462	0.01888	0.02551	0.02502	0.01559	0.59638	0.03822	0.08568	0.02065	0.02040	0.01448	0.00999	0.00831	0.00250	0.00903	0.00753	0.00842	0.01413
168	0.01047	0.00844	0.00932	0.00910	0.01162	0.00729	0.00682	0.01318	0.02047	0.02609	0.27450	0.07395	0.46023	0.01968	0.00981	0.00274	0.00411	0.01669	0.00819	0.00729
169	0.01187	0.00890	0.01335	0.01335	0.01483	0.01038	0.01038	0.01483	0.01335	0.01928	0.02225	0.03264	0.02077	0.06231	0.67512	0.01335	0.02225	0.00890	0.00445	0.00742
170	0.01187	0.00890	0.01335	0.01335	0.01483	0.01038	0.01038	0.01483	0.01335	0.01928	0.02225	0.03264	0.02077	0.06231	0.67512	0.01335	0.02225	0.00890	0.00445	0.00742
171	0.03098	0.02297	0.02460	0.01899	0.02554	0.02548	0.01565	0.59658	0.07198	0.05139	0.02070	0.02055	0.01474	0.01004	0.00832	0.00251	0.00900	0.00758	0.00832	0.01407
172	0.03158	0.02327	0.02493	0.01911	0.02576	0.02576	0.01579	0.62852	0.03906	0.05236	0.01995	0.01995	0.01413	0.00997	0.00831	0.00249	0.00914	0.00748	0.00831	0.01413
173	0.01012	0.00723	0.00964	0.01157	0.01205	0.00675	0.00771	0.01157	0.01591	0.02121	0.04579	0.70262	0.05495	0.02603	0.01060	0.00337	0.00482	0.02362	0.00771	0.00675
174	0.01331	0.01074	0.01556	0.01482	0.01602	0.01333	0.01176	0.01609	0.01341	0.01995	0.02016	0.02962	0.01878	0.05022	0.51318	0.01086	0.15790	0.00852	0.03799	0.00777
175	0.02165	0.64492	0.10671	0.01518	0.02281	0.03149	0.01589	0.02502	0.01695	0.02023	0.01189	0.01375	0.01065	0.00719	0.00559	0.00186	0.00923	0.00461	0.00355	0.01083
176	0.02747	0.03002	0.02606	0.09155	0.16042	0.35404	0.01865	0.14096	0.02479	0.02779	0.01493	0.01776	0.01189	0.00856	0.00787	0.00233	0.01245	0.00637	0.00494	0.01116
177	0.03169	0.06283	0.02366	0.02003	0.02478	0.54070	0.01535	0.03403	0.02331	0.12480	0.01604	0.01708	0.01231	0.00878	0.00754	0.00220	0.01344	0.00580	0.00523	0.01041
178	0.01655	0.01473	0.01839	0.01704	0.01876	0.01814	0.01330	0.02552	0.22442	0.02531	0.02922	0.23113	0.02918	0.01695	0.01588	0.00328	0.25299	0.01297	0.00649	0.00974
179	0.00992	0.00842	0.00856	0.00853	0.01129	0.00706	0.00640	0.01213	0.01919	0.02304	0.11519	0.07897	0.62145	0.02082	0.00982	0.00279	0.00419	0.01740	0.00779	0.00706
180	0.01012	0.00723	0.00964	0.01157	0.01205	0.00675	0.00771	0.01157	0.01591	0.02121	0.04579	0.70262	0.05495	0.02603	0.01060	0.00337	0.00482	0.02362	0.00771	0.00675
181	0.01187	0.00890	0.01335	0.01335	0.01483	0.01038	0.01038	0.01483	0.01335	0.01928	0.02225	0.03264	0.02077	0.06231	0.67512	0.01335	0.02225	0.00890	0.00445	0.00742
182	0.01951	0.02328	0.07854	0.03529	0.07493	0.02086	0.56551	0.02654	0.01947	0.02662	0.01665	0.02207	0.01253	0.00707	0.00963	0.00278	0.01371	0.00950	0.00416	0.01136
183	0.02066	0.01785	0.01878	0.01691	0.02160	0.02066	0.01315	0.04414	0.64121	0.03475	0.03381	0.03099	0.02536	0.01127	0.00845	0.00282	0.00657	0.00939	0.00845	0.01315
184	0.01628	0.00851	0.00859	0.00830	0.01047	0.00863	0.00630	0.04930	0.01849	0.03202	0.02675	0.03043	0.02094	0.00969	0.00593	0.00196	0.00413	0.00773	0.71750	0.00806
185	0.01549	0.00774	0.00774	0.00774	0.00968	0.00774	0.00581	0.01936	0.01742	0.03097	0.02710	0.03097	0.02129	0.00968	0.00581	0.00194	0.00387	0.00774	0.75416	0.00774
186	0.03481	0.01359	0.01849	0.01436	0.02036	0.01179	0.01179	0.03809	0.02375	0.60125	0.09257	0.03154	0.02615	0.01093	0.00849	0.00257	0.00676	0.00900	0.01017	0.01353
187	0.03641	0.01433	0.01925	0.01489	0.02123	0.01265	0.01226	0.04068	0.05590	0.62935	0.03283	0.02842	0.02081	0.01033	0.00836	0.00258	0.00704	0.00841	0.01019	0.01409
188	0.01187	0.00890	0.01335	0.01335	0.01483	0.01038	0.01038	0.01483	0.01335	0.01928	0.02225	0.03264	0.02077	0.06231	0.67512	0.01335	0.02225	0.00890	0.00445	0.00742
189	0.01884	0.02997	0.31177	0.03896	0.38303	0.01954	0.02779	0.02585	0.01831	0.02677	0.01531	0.01923	0.01200	0.00762	0.00808	0.00254	0.01093	0.00685	0.00385	0.01277
190	0.01961	0.02241	0.04902	0.03501	0.04342	0.02101	0.62605	0.02661	0.01961	0.02661	0.01681	0.02241	0.01261	0.00700	0.00980	0.00280	0.01401	0.00980	0.00420	0.01120
191	0.01012	0.00723	0.00964	0.01157	0.01205	0.00675	0.00771	0.01157	0.01591	0.02121	0.04579	0.70262	0.05495	0.02603	0.01060	0.00337	0.00482	0.02362	0.00771	0.00675
192	0.01012	0.00723	0.00964	0.01157	0.01205	0.00675	0.00771	0.01157	0.01591	0.02121	0.04579	0.70262	0.05495	0.02603	0.01060	0.00337	0.00482	0.02362	0.00771	0.00675
193	0.03103	0.03959	0.02354	0.02140	0.02568	0.67469	0.01605	0.03317	0.02354	0.02033	0.01284	0.01498	0.01070	0.00856	0.00749	0.00214	0.01498	0.00535	0.00428	0.00963
194	0.03158	0.02327	0.02493	0.01911	0.02576	0.02576	0.01579	0.62852	0.03906	0.05236	0.01995	0.01995	0.01413	0.00997	0.00831	0.00249	0.00914	0.00748	0.00831	0.01413
195	0.01012	0.00723	0.00964	0.01157	0.01205	0.00675	0.00771	0.01157	0.01591	0.02121	0.04579	0.70262	0.05495	0.02603	0.01060	0.00337	0.00482	0.02362	0.00771	0.00675
196	0.01031	0.00884	0.00888	0.00880	0.01169	0.00763	0.00662	0.01337	0.04691	0.02300	0.08189	0.07775	0.62464	0.02060	0.00976	0.00281	0.00431	0.01717	0.00775	0.00729
197	0.02221	0.71304	0.04353	0.01421	0.02132	0.03287	0.01421	0.02488	0.01688	0.01955	0.01155	0.01333	0.01066	0.00711	0.00533	0.00178	0.00888	0.00444	0.00355	0.01066
198	0.01135	0.00836	0.01062	0.01029	0.01222	0.00763	0.00763	0.01480	0.02220	0.03075	0.52066	0.12467	0.15121	0.01836	0.00988	0.00271	0.00404	0.01616	0.00882	0.00763
199	0.01549	0.00774	0.00774	0.00774	0.00968	0.00774	0.00581	0.01936	0.01742	0.03097	0.02710	0.03097	0.02129	0.00968	0.00581	0.00194	0.00387	0.00774	0.75416	0.00774
200	0.03103	0.03959	0.02354	0.02140	0.02568	0.67469	0.01605	0.03317	0.02354	0.02033	0.01284	0.01498	0.01070	0.00856	0.00749	0.00214	0.01498	0.00535	0.00428	0.00963
201	0.01905	0.01934	0.05785	0.22656	0.46395	0.01936	0.02504	0.02435	0.01822	0.02546	0.01536	0.02087	0.01247	0.00767	0.00823	0.00256	0.01030	0.00734	0.00397	0.01203
202	0.01666	0.04297	0.66500	0.02368	0.03596	0.01929	0.03069	0.02631	0.01754	0.02631	0.01491	0.01754	0.01052	0.00789	0.00789	0.00263	0.01228	0.00614	0.00351	0.01228
203	0.18351	0.02839	0.08334	0.01851	0.02469	0.21169	0.01588	0.27203	0.02729	0.03743	0.01565	0.01693	0.01172	0.00889	0.00737	0.00242	0.01057	0.00611	0.00602	0.01158
204	0.01426	0.01303	0.04882	0.10402	0.05371	0.01215	0.04460	0.07548	0.01886	0.02516	0.03691	0.40812	0.07339	0.01905	0.00974	0.00306	0.00712	0.01719	0.00668	0.00863
205	0.04970	0.15235	0.01780	0.01190	0.01506	0.01360	0.00996	0.01764	0.02016	0.02761	0.30351	0.08812	0.11269	0.01637	0.00899	0.00270	0.00574	0.11046	0.00735	0.00830
206	0.23327	0.03013	0.01942	0.01773	0.02198	0.42915	0.01355	0.02899	0.01996	0.02493	0.01339	0.01626	0.01119	0.01347	0.07071	0.00333	0.01330	0.00545	0.00454	0.00924
207	0.01727	0.01194	0.01704	0.01495	0.01871	0.01129	0.06946	0.05510	0.02046	0.11279	0.09919	0.08952	0.16055	0.02145	0.07913	0.00400	0.00852	0.13523	0.00740	0.04598
208	0.02375	0.05430	0.13062	0.05546	0.05885	0.05812	0.01822	0.21886	0.22706	0.03629	0.02238	0.02273	0.01663	0.00964	0.00811	0.00258	0.00927	0.00762	0.00669	0.01281
209	0.01993	0.11490	0.21646	0.02066	0.08975	0.07053	0.01875	0.02526	0.01868	0.06041	0.05221	0.02018	0.01580	0.00797	0.00722	0.00207	0.00935	0.00628	0.00473	0.21888
210	0.09654	0.01751	0.01934	0.04719	0.02196	0.01926	0.01296	0.28459	0.02598	0.03887	0.01879	0.02111	0.01437	0.00957	0.00905	0.00235	0.07320	0.00690	0.15579	0.10468
211	0.02447	0.21348	0.02709	0.01584	0.02212	0.09120	0.01349	0.23960	0.02576	0.03287	0.02219	0.02291	0.07384	0.00946	0.00719	0.00208	0.00871	0.00696	0.00595	0.13479
212	0.06127	0.06603	0.02125	0.01776	0.02168	0.37552	0.01380	0.06126	0.02170	0.02337	0.02746	0.02861	0.14152	0.01160	0.00956	0.00243	0.07264	0.00803	0.00516	0.00933
213	0.08803	0.01230	0.01371	0.01296	0.01576	0.01293	0.00971	0.14082	0.05728	0.03067	0.08756	0.28532	0.09602	0.04788	0.04692	0.00370	0.00690	0.01514	0.00746	0.00892
214	0.16573	0.02640	0.11085	0.02852	0.22434	0.15649	0.01945	0.08905	0.02108	0.06129	0.01546	0.01797	0.01196	0.00817	0.00746	0.00245	0.01040	0.00631	0.00499	0.01166
215	0.01990	0.02591	0.15295	0.02641	0.18321	0.16625	0.01910	0.05311	0.02005	0.02513	0.02532	0.16451	0.05788	0.01257	0.00858	0.00264	0.01011	0.01065	0.00519	0.01053
216	0.06133	0.16049	0.05918	0.01909	0.05779	0.02180	0.07312	0.21155	0.02378	0.03363	0.01820	0.02114	0.01439	0.01383	0.07264	0.00338	0.01019	0.00703	0.10624	0.01121
217	0.05988	0.10798	0.15868	0.02452	0.14889	0.08309	0.01945	0.02481	0.04854	0.02532	0.02174	0.06263	0.02058	0.01178	0.00908	0.00275	0.03852	0.11615	0.00499	0.01063
218	0.17432	0.01070	0.01203	0.01249	0.04815	0.01115	0.00886	0.01871	0.01630	0.05302	0.05902	0.03569	0.12291	0.02158	0.11610	0.07675	0.00818	0.00912	0.17690	0.00800
219	0.01956	0.06016	0.16813	0.01974	0.06117	0.05152	0.01749	0.03381	0.30941	0.03008	0.05511	0.02583	0.02116	0.00972	0.00795	0.00250	0.00843	0.00793	0.00631	0.08399
220	0.02159	0.19343	0.13237	0.01681	0.02306	0.05771	0.01588	0.16568	0.08317	0.03107	0.08048	0.06400	0.02291	0.04523	0.00944	0.00269	0.00887	0.00847	0.00602	0.01114
221	0.05476	0.32341	0.13085	0.01664	0.05194	0.02243	0.01554	0.02198	0.01768	0.02390	0.09869	0.06363	0.07319	0.01100	0.00811	0.00235	0.04059	0.00840	0.00491	0.01003
222	0.05853	0.06716	0.17662	0.03306	0.25796	0.15720	0.08095	0.02730	0.01929	0.02556	0.01457	0.01814	0.01165	0.00772	0.00784	0.00244	0.01166	0.00661	0.00404	0.01169
223	0.01977	0.02226	0.08706	0.03090	0.26932	0.10820	0.04648	0.02693	0.09682	0.02832	0.15032	0.02953	0.02766	0.01007	0.00852	0.00253	0.00935	0.00894	0.00567	0.01138
224	0.01891	0.06387	0.31520	0.03704	0.34918	0.02018	0.02726	0.02583	0.01820	0.02640	0.01511	0.01886	0.01186	0.00761	0.00794	0.00251	0.01089	0.00670	0.00382	0.01264

[dist]
# distance from previous block
# <min> <max>
5	82

[block]
# block no. 1 follows, 22 sequences, length 29
# corresponding to MSA columns:
# 307-335
name=unknown_B
#
# <colnr> <probs for GDERKNQSTAVLIFYWHMCP>
#	G	D	E	R	K	N	Q	S	T	A	V	L	I	F	Y	W	H	M	C	P
0	0.02362	0.03278	0.18952	0.02882	0.19021	0.26546	0.02172	0.06406	0.02151	0.02564	0.01812	0.02066	0.04400	0.00881	0.00795	0.00240	0.01208	0.00683	0.00445	0.01135
1	0.02133	0.09222	0.02052	0.04959	0.02123	0.21157	0.01282	0.09432	0.02278	0.02790	0.17899	0.03080	0.03023	0.01702	0.08535	0.00359	0.01082	0.00864	0.05088	0.00942
2	0.01324	0.01146	0.01660	0.01931	0.14788	0.01063	0.03993	0.01684	0.02066	0.02765	0.27693	0.05822	0.27649	0.01603	0.00948	0.00266	0.00574	0.01413	0.00733	0.00880
3	0.02407	0.16856	0.03423	0.02336	0.02845	0.26429	0.16614	0.02746	0.01924	0.02165	0.01320	0.01706	0.01120	0.00898	0.01124	0.00250	0.13764	0.00661	0.00399	0.01013
4	0.01130	0.00806	0.01003	0.01053	0.01125	0.00810	0.00696	0.01250	0.01403	0.01872	0.03634	0.21826	0.09858	0.32896	0.16222	0.00742	0.00978	0.01493	0.00587	0.00617
5	0.01187	0.00890	0.01335	0.01335	0.01483	0.01038	0.01038	0.01483	0.01335	0.01928	0.02225	0.03264	0.02077	0.06231	0.67512	0.01335	0.02225	0.00890	0.00445	0.00742
6	0.01207	0.00811	0.00932	0.00932	0.00941	0.00819	0.00536	0.01225	0.01216	0.01630	0.02594	0.05305	0.02963	0.66912	0.08043	0.00837	0.00891	0.01189	0.00500	0.00518
7	0.01666	0.04297	0.66500	0.02368	0.03596	0.01929	0.03069	0.02631	0.01754	0.02631	0.01491	0.01754	0.01052	0.00789	0.00789	0.00263	0.01228	0.00614	0.00351	0.01228
8	0.03107	0.03862	0.02363	0.02126	0.02569	0.63585	0.01604	0.06881	0.02447	0.02225	0.01327	0.01528	0.01091	0.00865	0.00754	0.00216	0.01463	0.00548	0.00452	0.00990
9	0.01202	0.00828	0.01023	0.01023	0.01063	0.00869	0.00649	0.01283	0.01243	0.01697	0.02511	0.04845	0.02763	0.53223	0.21459	0.00950	0.01192	0.01122	0.00487	0.00568
10	0.01850	0.33943	0.03040	0.01553	0.01931	0.02465	0.01383	0.02122	0.01727	0.02300	0.16615	0.02652	0.02710	0.01167	0.01283	0.00252	0.20778	0.00783	0.00493	0.00952
11	0.01012	0.00723	0.00964	0.01157	0.01205	0.00675	0.00771	0.01157	0.01591	0.02121	0.04579	0.70262	0.05495	0.02603	0.01060	0.00337	0.00482	0.02362	0.00771	0.00675
12	0.01830	0.01830	0.03062	0.02267	0.02881	0.01784	0.23642	0.02279	0.01711	0.02535	0.01467	0.01932	0.01211	0.00830	0.01210	0.00233	0.15927	0.00722	0.00438	0.32209
13	0.01187	0.00890	0.01335	0.01335	0.01483	0.01038	0.01038	0.01483	0.01335	0.01928	0.02225	0.03264	0.02077	0.06231	0.67512	0.01335	0.02225	0.00890	0.00445	0.00742
14	0.02653	0.38459	0.03389	0.01758	0.02345	0.30887	0.01509	0.06209	0.02098	0.02171	0.01257	0.01441	0.01087	0.00789	0.00643	0.00197	0.01152	0.00500	0.00413	0.01041
15	0.01826	0.01543	0.01665	0.01513	0.01916	0.01731	0.01169	0.03659	0.48164	0.03377	0.16136	0.04001	0.07126	0.01297	0.00880	0.00278	0.00591	0.01099	0.00855	0.01173
