[name]
unknown

[dist]
# distance from previous block
# <min> <max>
0	4

[block]
# block no. 0 follows, 22 sequences, length 11
# corresponding to MSA columns:
# 4-14
name=unknown_A
#
# <colnr> <probs for GDERKNQSTAVLIFYWHMCP>
#	G	D	E	R	K	N	Q	S	T	A	V	L	I	F	Y	W	H	M	C	P
0	0.01885	0.16307	0.02178	0.01632	0.01981	0.15062	0.01411	0.02208	0.01956	0.02282	0.03081	0.06075	0.03243	0.01668	0.00937	0.00305	0.00941	0.35368	0.00610	0.00869
1	0.02175	0.21841	0.26035	0.02527	0.13441	0.15720	0.02239	0.02719	0.01882	0.02341	0.01370	0.01639	0.01104	0.00774	0.00718	0.00227	0.01151	0.00573	0.00378	0.01145
2	0.07182	0.12096	0.27823	0.01872	0.02640	0.15316	0.01976	0.02672	0.01966	0.06314	0.10500	0.02312	0.02066	0.00934	0.00759	0.00241	0.01050	0.00703	0.00498	0.01078
3	0.01062	0.00771	0.00922	0.01021	0.01103	0.00717	0.00667	0.01179	0.01544	0.02001	0.04808	0.39129	0.17034	0.21844	0.01943	0.00458	0.00561	0.01910	0.00695	0.00632
4	0.01202	0.00870	0.01161	0.01128	0.01191	0.00849	0.04306	0.01282	0.01354	0.01809	0.03079	0.22368	0.03568	0.48577	0.03196	0.00650	0.00756	0.01499	0.00569	0.00586
5	0.02172	0.09043	0.41199	0.02225	0.03156	0.23278	0.02475	0.02843	0.01944	0.02388	0.01399	0.01640	0.01059	0.00805	0.00758	0.00241	0.01291	0.00576	0.00376	0.01130
6	0.09327	0.01233	0.05102	0.08327	0.01983	0.01088	0.01135	0.01882	0.01815	0.09922	0.07997	0.22204	0.17881	0.01748	0.00919	0.00294	0.00632	0.04934	0.00716	0.00861
7	0.01454	0.01161	0.01441	0.01389	0.01591	0.05023	0.01082	0.05789	0.01593	0.02227	0.02183	0.03064	0.01976	0.05254	0.55172	0.01129	0.01987	0.00853	0.04831	0.00802
8	0.06748	0.02387	0.02818	0.02790	0.17622	0.19015	0.12328	0.02745	0.01986	0.05865	0.01556	0.01868	0.01237	0.00754	0.00769	0.00219	0.01080	0.00663	0.00472	0.17077
9	0.02691	0.03525	0.15524	0.07717	0.03044	0.36792	0.01959	0.13879	0.02455	0.02744	0.01471	0.01700	0.01132	0.00866	0.00779	0.00236	0.01304	0.00607	0.00480	0.01095
10	0.10744	0.22571	0.17512	0.10382	0.18652	0.02318	0.02116	0.02487	0.01718	0.02525	0.01370	0.01713	0.01111	0.00757	0.00695	0.00235	0.00986	0.00591	0.00389	0.01128

[dist]
# distance from previous block
# <min> <max>
1	9

[block]
# block no. 1 follows, 22 sequences, length 7
# corresponding to MSA columns:
# 24-30
name=unknown_B
#
# <colnr> <probs for GDERKNQSTAVLIFYWHMCP>
#	G	D	E	R	K	N	Q	S	T	A	V	L	I	F	Y	W	H	M	C	P
0	0.23475	0.17683	0.17931	0.01745	0.02450	0.19377	0.01719	0.02727	0.01801	0.02642	0.01270	0.01482	0.01017	0.00785	0.00646	0.00230	0.01060	0.00511	0.00418	0.01031
1	0.01360	0.05782	0.01351	0.01223	0.01360	0.01024	0.00874	0.06368	0.01690	0.02235	0.03508	0.46440	0.04048	0.02393	0.01435	0.15178	0.00593	0.01771	0.00666	0.00702
2	0.01769	0.01784	0.02002	0.12567	0.14878	0.14864	0.01543	0.02087	0.01825	0.02246	0.05906	0.15539	0.05247	0.04981	0.08700	0.00414	0.01094	0.01124	0.00526	0.00905
3	0.02777	0.13654	0.02885	0.02550	0.14567	0.32257	0.01752	0.14760	0.02468	0.02782	0.01457	0.01677	0.01184	0.00839	0.00746	0.00222	0.01191	0.00602	0.00493	0.01135
4	0.19105	0.13402	0.02000	0.07742	0.02037	0.01805	0.01221	0.01910	0.01524	0.02449	0.02353	0.25190	0.02557	0.01501	0.01077	0.00289	0.11270	0.01176	0.00538	0.00855
5	0.01436	0.01035	0.01147	0.01085	0.01250	0.01039	0.00734	0.10713	0.01816	0.02370	0.03951	0.14934	0.15391	0.36485	0.02599	0.00547	0.00699	0.01414	0.00646	0.00708
6	0.01557	0.01469	0.01834	0.02359	0.21018	0.07198	0.01383	0.01888	0.01983	0.02545	0.14121	0.10566	0.22295	0.01562	0.00928	0.00272	0.00712	0.04732	0.00652	0.00927

[dist]
# distance from previous block
# <min> <max>
5	61

[block]
# block no. 2 follows, 22 sequences, length 19
# corresponding to MSA columns:
# 93-111
name=unknown_C
#
# <colnr> <probs for GDERKNQSTAVLIFYWHMCP>
#	G	D	E	R	K	N	Q	S	T	A	V	L	I	F	Y	W	H	M	C	P
0	0.01758	0.21640	0.20053	0.01584	0.02184	0.01992	0.01664	0.02242	0.01644	0.02425	0.01735	0.02128	0.01431	0.01427	0.07617	0.00340	0.07508	0.00645	0.18991	0.00990
1	0.02224	0.33972	0.02906	0.01449	0.01991	0.09185	0.01271	0.08446	0.10398	0.02685	0.02057	0.02175	0.03624	0.00900	0.00649	0.00208	0.00822	0.00649	0.13328	0.01060
2	0.20402	0.15531	0.17983	0.08710	0.02574	0.01955	0.01677	0.02289	0.01650	0.02721	0.06095	0.02139	0.01654	0.01365	0.07038	0.00346	0.01006	0.00650	0.03229	0.00987
3	0.04705	0.02122	0.08999	0.07244	0.14091	0.02036	0.01816	0.28567	0.02649	0.03729	0.01872	0.02189	0.01440	0.01486	0.08164	0.00369	0.01076	0.00740	0.05500	0.01208
4	0.02085	0.01715	0.01736	0.01504	0.01865	0.07886	0.01157	0.22610	0.06911	0.03148	0.02854	0.03537	0.08505	0.14858	0.15308	0.00578	0.01153	0.00959	0.00648	0.00985
5	0.31115	0.23159	0.09257	0.01420	0.02042	0.02266	0.01349	0.08609	0.01809	0.03072	0.01605	0.08019	0.01458	0.00953	0.00634	0.00240	0.00793	0.00679	0.00506	0.01017
6	0.02097	0.11025	0.43587	0.02194	0.03181	0.14008	0.02520	0.07295	0.02019	0.02649	0.01457	0.01682	0.01084	0.00809	0.00759	0.00244	0.01218	0.00592	0.00402	0.01177
7	0.01915	0.34338	0.38639	0.01944	0.02939	0.02538	0.02331	0.02567	0.01724	0.02328	0.01340	0.01565	0.01059	0.00754	0.00674	0.00225	0.01076	0.00538	0.00353	0.01155
8	0.11913	0.03414	0.32917	0.04998	0.09772	0.15355	0.02347	0.02692	0.01823	0.02617	0.01395	0.01701	0.01068	0.00824	0.00829	0.00255	0.03972	0.00599	0.00396	0.01115
9	0.01048	0.00738	0.00953	0.01111	0.01151	0.00698	0.00723	0.01166	0.01521	0.02028	0.04223	0.58503	0.05046	0.14975	0.01635	0.00422	0.00541	0.02152	0.00723	0.00644
10	0.01290	0.00946	0.01291	0.01256	0.01361	0.01100	0.00939	0.01517	0.01343	0.01986	0.02260	0.03613	0.02208	0.20222	0.39483	0.00998	0.08087	0.00936	0.08459	0.00706
11	0.02292	0.35552	0.14844	0.01673	0.02411	0.02555	0.01696	0.12858	0.02096	0.07314	0.01616	0.01815	0.01291	0.01323	0.07033	0.00321	0.01068	0.00598	0.00493	0.01149
12	0.02189	0.02768	0.06485	0.01701	0.02115	0.36575	0.01374	0.02466	0.02070	0.02126	0.03432	0.03557	0.19474	0.01781	0.07949	0.00356	0.01249	0.00926	0.00522	0.00884
13	0.14324	0.00976	0.01033	0.00982	0.01151	0.00992	0.00662	0.01592	0.01559	0.04614	0.15403	0.04959	0.07594	0.37886	0.02603	0.00548	0.00666	0.01159	0.00624	0.00673
14	0.02693	0.35247	0.03283	0.01806	0.02366	0.37651	0.01520	0.02932	0.02045	0.01997	0.01224	0.01421	0.01068	0.00789	0.00649	0.00197	0.01215	0.00493	0.00394	0.01011
15	0.02074	0.16797	0.09272	0.14708	0.14572	0.13170	0.08267	0.02545	0.01909	0.02361	0.05509	0.02098	0.01573	0.00832	0.00775	0.00238	0.01102	0.00706	0.00422	0.01071
16	0.01972	0.01825	0.02581	0.03445	0.36523	0.05945	0.01912	0.08706	0.02036	0.02748	0.02421	0.02848	0.08072	0.01912	0.12933	0.00446	0.01178	0.00860	0.00501	0.01136
17	0.03049	0.03847	0.02330	0.02117	0.02547	0.64076	0.01590	0.03374	0.05559	0.02108	0.01393	0.01581	0.01146	0.00870	0.00754	0.00218	0.01455	0.00556	0.00450	0.00981
18	0.02070	0.01893	0.02824	0.14832	0.37674	0.04355	0.02152	0.10668	0.02195	0.03001	0.08392	0.02497	0.01982	0.00897	0.00839	0.00252	0.00953	0.00815	0.00516	0.01193

[dist]
# distance from previous block
# <min> <max>
0	1

[block]
# block no. 3 follows, 22 sequences, length 82
# corresponding to MSA columns:
# 113-194
name=unknown_D
#
# <colnr> <probs for GDERKNQSTAVLIFYWHMCP>
#	G	D	E	R	K	N	Q	S	T	A	V	L	I	F	Y	W	H	M	C	P
0	0.01470	0.01093	0.01296	0.01245	0.01484	0.01096	0.00923	0.11951	0.05072	0.03072	0.21794	0.30833	0.11512	0.01952	0.00980	0.00292	0.00532	0.01713	0.00826	0.00864
1	0.02083	0.01632	0.01895	0.01479	0.02066	0.01580	0.01193	0.22124	0.02363	0.03378	0.01810	0.02146	0.01474	0.01955	0.15136	0.00427	0.01062	0.00663	0.00594	0.34940
2	0.01605	0.01499	0.01302	0.01264	0.01386	0.15242	0.00853	0.01713	0.01495	0.01783	0.02338	0.06895	0.02526	0.40733	0.15207	0.00757	0.01208	0.01051	0.00487	0.00655
3	0.02519	0.21748	0.03273	0.02885	0.23433	0.16528	0.01864	0.13189	0.02285	0.02795	0.01464	0.01724	0.01210	0.00802	0.00728	0.00221	0.01057	0.00615	0.00472	0.01187
4	0.02057	0.01965	0.03299	0.04932	0.62504	0.01978	0.02489	0.02641	0.04949	0.02751	0.01652	0.02107	0.01376	0.00759	0.00824	0.00248	0.00971	0.00750	0.00433	0.01316
5	0.01970	0.02830	0.24339	0.04066	0.42337	0.04704	0.02683	0.02609	0.01865	0.02658	0.01527	0.01932	0.01218	0.00761	0.00808	0.00251	0.01088	0.00690	0.00392	0.01272
6	0.01659	0.01567	0.02145	0.14015	0.24205	0.04855	0.01669	0.04725	0.01968	0.02510	0.04219	0.04362	0.26157	0.01304	0.00882	0.00263	0.00810	0.01124	0.00564	0.00996
7	0.01346	0.01095	0.01585	0.01502	0.01619	0.01368	0.01195	0.01620	0.01339	0.01995	0.01989	0.02929	0.01856	0.04919	0.49911	0.01065	0.17349	0.00848	0.03690	0.00781
8	0.01485	0.03136	0.44722	0.01940	0.02808	0.01536	0.02307	0.02232	0.01870	0.02732	0.16098	0.10201	0.03056	0.01190	0.00861	0.00271	0.00959	0.01003	0.00523	0.01068
9	0.01967	0.02518	0.16848	0.12090	0.41696	0.05332	0.02584	0.02555	0.01858	0.02589	0.01522	0.01981	0.01221	0.00768	0.00812	0.00252	0.01080	0.00702	0.00394	0.01231
10	0.00989	0.00815	0.00869	0.00913	0.01141	0.00695	0.00663	0.01184	0.01825	0.02216	0.07546	0.22112	0.51729	0.02217	0.01000	0.00293	0.00435	0.01891	0.00771	0.00695
11	0.00982	0.00842	0.00842	0.00842	0.01122	0.00701	0.00631	0.01192	0.01894	0.02244	0.08416	0.07995	0.65285	0.02104	0.00982	0.00281	0.00421	0.01753	0.00771	0.00701
12	0.01988	0.01904	0.03249	0.13992	0.57261	0.01956	0.02516	0.02490	0.01859	0.02631	0.01551	0.02078	0.01287	0.00753	0.00824	0.00251	0.01004	0.00740	0.00405	0.01261
13	0.02050	0.01991	0.03472	0.04995	0.61629	0.01982	0.06463	0.02557	0.01896	0.02711	0.01570	0.02068	0.01312	0.00738	0.00833	0.00249	0.01014	0.00756	0.00412	0.01303
14	0.00982	0.00842	0.00842	0.00842	0.01122	0.00701	0.00631	0.01192	0.01894	0.02244	0.08416	0.07995	0.65285	0.02104	0.00982	0.00281	0.00421	0.01753	0.00771	0.00701
15	0.01549	0.00774	0.00774	0.00774	0.00968	0.00774	0.00581	0.01936	0.01742	0.03097	0.02710	0.03097	0.02129	0.00968	0.00581	0.00194	0.00387	0.00774	0.75416	0.00774
16	0.01795	0.01560	0.01729	0.01576	0.01837	0.09159	0.01242	0.12320	0.01937	0.02577	0.04738	0.02865	0.02026	0.04165	0.40741	0.00902	0.06572	0.00839	0.00524	0.00897
17	0.02053	0.01487	0.02374	0.49559	0.04694	0.01760	0.02038	0.02530	0.01788	0.15953	0.01838	0.02319	0.01311	0.00917	0.00966	0.00279	0.05837	0.00758	0.00511	0.01028
18	0.03103	0.03959	0.02354	0.02140	0.02568	0.67469	0.01605	0.03317	0.02354	0.02033	0.01284	0.01498	0.01070	0.00856	0.00749	0.00214	0.01498	0.00535	0.00428	0.00963
19	0.07670	0.51899	0.03702	0.01553	0.02189	0.16988	0.01424	0.02663	0.01812	0.02097	0.01183	0.01369	0.01055	0.00746	0.00578	0.00191	0.01002	0.00464	0.00382	0.01032
20	0.01012	0.00723	0.00964	0.01157	0.01205	0.00675	0.00771	0.01157	0.01591	0.02121	0.04579	0.70262	0.05495	0.02603	0.01060	0.00337	0.00482	0.02362	0.00771	0.00675
21	0.02056	0.01974	0.03372	0.05099	0.65622	0.01974	0.02550	0.02550	0.01892	0.02714	0.01563	0.02056	0.01316	0.00740	0.00822	0.00247	0.00987	0.00740	0.00411	0.01316
22	0.01433	0.01252	0.01807	0.01665	0.01755	0.01626	0.01342	0.01685	0.01311	0.01956	0.01783	0.02700	0.01692	0.04368	0.42248	0.00956	0.28376	0.00826	0.00413	0.00807
23	0.01160	0.00849	0.01088	0.01072	0.01209	0.00862	0.00767	0.01384	0.01628	0.02225	0.18490	0.05282	0.13020	0.22682	0.23838	0.00771	0.01117	0.01255	0.00623	0.00679
24	0.03012	0.10919	0.02561	0.02066	0.02523	0.60837	0.01586	0.03232	0.02285	0.02025	0.01271	0.01481	0.01070	0.00841	0.00727	0.00210	0.01435	0.00526	0.00421	0.00974
25	0.01187	0.00890	0.01335	0.01335	0.01483	0.01038	0.01038	0.01483	0.01335	0.01928	0.02225	0.03264	0.02077	0.06231	0.67512	0.01335	0.02225	0.00890	0.00445	0.00742
26	0.01166	0.00885	0.01284	0.01284	0.01446	0.01004	0.00996	0.01453	0.01393	0.01961	0.02865	0.03753	0.08609	0.05804	0.60637	0.01226	0.02039	0.00979	0.00479	0.00738
27	0.01044	0.00844	0.00927	0.00906	0.01160	0.00728	0.00680	0.01312	0.02039	0.02590	0.26489	0.07425	0.46996	0.01975	0.00981	0.00274	0.00412	0.01673	0.00817	0.00728
28	0.03103	0.03959	0.02354	0.02140	0.02568	0.67469	0.01605	0.03317	0.02354	0.02033	0.01284	0.01498	0.01070	0.00856	0.00749	0.00214	0.01498	0.00535	0.00428	0.00963
29	0.03103	0.03959	0.02354	0.02140	0.02568	0.67469	0.01605	0.03317	0.02354	0.02033	0.01284	0.01498	0.01070	0.00856	0.00749	0.00214	0.01498	0.00535	0.00428	0.00963
30	0.01202	0.00828	0.01021	0.01021	0.01061	0.00868	0.00647	0.01282	0.01242	0.01696	0.02513	0.04855	0.02768	0.53521	0.21166	0.00947	0.01185	0.01123	0.00488	0.00567
31	0.01763	0.15955	0.55688	0.02203	0.03341	0.02166	0.02783	0.02606	0.01742	0.02513	0.01432	0.01681	0.01055	0.00776	0.00745	0.00248	0.01169	0.00584	0.00352	0.01200
32	0.02056	0.01974	0.03372	0.05099	0.65622	0.01974	0.02550	0.02550	0.01892	0.02714	0.01563	0.02056	0.01316	0.00740	0.00822	0.00247	0.00987	0.00740	0.00411	0.01316
33	0.00982	0.00842	0.00842	0.00842	0.01122	0.00701	0.00631	0.01192	0.01894	0.02244	0.08416	0.07995	0.65285	0.02104	0.00982	0.00281	0.00421	0.01753	0.00771	0.00701
34	0.01978	0.01918	0.03342	0.14393	0.52793	0.01963	0.06427	0.02494	0.01862	0.02623	0.01558	0.02092	0.01282	0.00751	0.00834	0.00253	0.01032	0.00756	0.00406	0.01245
35	0.02914	0.18441	0.02784	0.01986	0.02474	0.53668	0.01566	0.03139	0.02211	0.02016	0.01256	0.01463	0.01069	0.00825	0.00703	0.00206	0.01367	0.00516	0.00412	0.00985
36	0.01002	0.00842	0.00869	0.00863	0.01134	0.00710	0.00647	0.01231	0.01941	0.02357	0.14282	0.07810	0.59349	0.02062	0.00982	0.00279	0.00418	0.01727	0.00786	0.00710
37	0.02022	0.01939	0.03310	0.09600	0.61391	0.01965	0.02532	0.02519	0.01875	0.02672	0.01557	0.02067	0.01301	0.00747	0.00823	0.00249	0.00995	0.00740	0.00408	0.01288
38	0.60438	0.01444	0.01197	0.01082	0.01528	0.01631	0.00875	0.02254	0.01615	0.03642	0.14925	0.02394	0.02392	0.00971	0.00614	0.00258	0.00589	0.00676	0.00600	0.00875
39	0.00990	0.00811	0.00873	0.00923	0.01144	0.00694	0.00667	0.01183	0.01815	0.02212	0.07423	0.24098	0.49822	0.02233	0.01002	0.00295	0.00437	0.01911	0.00771	0.00694
40	0.02035	0.01952	0.03333	0.07913	0.62976	0.01968	0.02539	0.02531	0.01881	0.02688	0.01559	0.02063	0.01307	0.00744	0.00823	0.00248	0.00992	0.00740	0.00409	0.01299
41	0.09413	0.18293	0.15997	0.01471	0.02052	0.04673	0.01473	0.02179	0.01971	0.02842	0.27065	0.03398	0.03778	0.01139	0.00776	0.00240	0.00763	0.00912	0.00600	0.00965
42	0.01626	0.01535	0.02595	0.61366	0.12719	0.01861	0.02335	0.02172	0.01688	0.02192	0.01487	0.02196	0.01132	0.00820	0.00830	0.00273	0.01093	0.00739	0.00374	0.00969
43	0.76672	0.01607	0.01221	0.01092	0.01607	0.01864	0.00900	0.02442	0.01414	0.03727	0.01157	0.01350	0.00900	0.00771	0.00514	0.00257	0.00643	0.00450	0.00514	0.00900
44	0.01666	0.04297	0.66500	0.02368	0.03596	0.01929	0.03069	0.02631	0.01754	0.02631	0.01491	0.01754	0.01052	0.00789	0.00789	0.00263	0.01228	0.00614	0.00351	0.01228
45	0.03020	0.10289	0.02542	0.02073	0.02527	0.61437	0.01588	0.03239	0.02292	0.02026	0.01272	0.01483	0.01070	0.00842	0.00729	0.00211	0.01441	0.00527	0.00421	0.00973
46	0.01601	0.01509	0.02549	0.64656	0.09625	0.01854	0.02323	0.02150	0.01676	0.02161	0.01482	0.02204	0.01121	0.00825	0.00830	0.00275	0.01100	0.00738	0.00372	0.00948
47	0.01024	0.00843	0.00900	0.00886	0.01148	0.00719	0.00664	0.01273	0.01992	0.02479	0.20677	0.07608	0.52877	0.02016	0.00981	0.00276	0.00415	0.01699	0.00802	0.00719
48	0.01526	0.00763	0.00841	0.00841	0.00993	0.00763	0.00611	0.01751	0.01600	0.02740	0.02436	0.02974	0.01981	0.01382	0.01157	0.16530	0.00459	0.00763	0.59205	0.00685
49	0.01166	0.00849	0.01097	0.01035	0.01235	0.00780	0.00776	0.01548	0.02328	0.03275	0.62263	0.06298	0.10795	0.01719	0.00980	0.00262	0.00393	0.01515	0.00907	0.00780
50	0.01012	0.00723	0.00964	0.01157	0.01205	0.00675	0.00771	0.01157	0.01591	0.02121	0.04579	0.70262	0.05495	0.02603	0.01060	0.00337	0.00482	0.02362	0.00771	0.00675
51	0.01110	0.00910	0.00986	0.00955	0.01227	0.00819	0.00720	0.01519	0.06410	0.02618	0.23017	0.07178	0.45716	0.01928	0.00972	0.00276	0.00430	0.01630	0.00814	0.00766
52	0.01012	0.00723	0.00964	0.01157	0.01205	0.00675	0.00771	0.01157	0.01591	0.02121	0.04579	0.70262	0.05495	0.02603	0.01060	0.00337	0.00482	0.02362	0.00771	0.00675
53	0.01549	0.00774	0.00774	0.00774	0.00968	0.00774	0.00581	0.01936	0.01742	0.03097	0.02710	0.03097	0.02129	0.00968	0.00581	0.00194	0.00387	0.00774	0.75416	0.00774
54	0.01012	0.00723	0.00964	0.01157	0.01205	0.00675	0.00771	0.01157	0.01591	0.02121	0.04579	0.70262	0.05495	0.02603	0.01060	0.00337	0.00482	0.02362	0.00771	0.00675
55	0.03103	0.03959	0.02354	0.02140	0.02568	0.67469	0.01605	0.03317	0.02354	0.02033	0.01284	0.01498	0.01070	0.00856	0.00749	0.00214	0.01498	0.00535	0.00428	0.00963
56	0.01196	0.00853	0.01148	0.01148	0.01232	0.00937	0.00805	0.01363	0.01280	0.01790	0.02396	0.04211	0.02488	0.34394	0.39911	0.01104	0.01606	0.01029	0.00470	0.00638
57	0.00982	0.00842	0.00842	0.00842	0.01122	0.00701	0.00631	0.01192	0.01894	0.02244	0.08416	0.07995	0.65285	0.02104	0.00982	0.00281	0.00421	0.01753	0.00771	0.00701
58	0.01187	0.00890	0.01335	0.01335	0.01483	0.01038	0.01038	0.01483	0.01335	0.01928	0.02225	0.03264	0.02077	0.06231	0.67512	0.01335	0.02225	0.00890	0.00445	0.00742
59	0.01549	0.00774	0.00774	0.00774	0.00968	0.00774	0.00581	0.01936	0.01742	0.03097	0.02710	0.03097	0.02129	0.00968	0.00581	0.00194	0.00387	0.00774	0.75416	0.00774
60	0.03103	0.03959	0.02354	0.02140	0.02568	0.67469	0.01605	0.03317	0.02354	0.02033	0.01284	0.01498	0.01070	0.00856	0.00749	0.00214	0.01498	0.00535	0.00428	0.00963
61	0.01006	0.00748	0.00938	0.01089	0.01187	0.00680	0.00741	0.01164	0.01656	0.02147	0.05404	0.56873	0.18352	0.02495	0.01043	0.00325	0.00469	0.02231	0.00771	0.00680
62	0.03103	0.03959	0.02354	0.02140	0.02568	0.67469	0.01605	0.03317	0.02354	0.02033	0.01284	0.01498	0.01070	0.00856	0.00749	0.00214	0.01498	0.00535	0.00428	0.00963
63	0.02918	0.18337	0.02800	0.01961	0.02475	0.46915	0.01563	0.09277	0.02370	0.02346	0.01329	0.01514	0.01105	0.00839	0.00711	0.00210	0.01306	0.00537	0.00454	0.01032
64	0.01786	0.18770	0.53077	0.02163	0.03279	0.02223	0.02713	0.02600	0.01740	0.02485	0.01418	0.01663	0.01055	0.00772	0.00734	0.00245	0.01154	0.00577	0.00352	0.01193
65	0.01058	0.00908	0.00915	0.00902	0.01195	0.00798	0.00679	0.01420	0.06289	0.02331	0.08060	0.07649	0.60852	0.02035	0.00972	0.00281	0.00438	0.01696	0.00777	0.00745
66	0.01339	0.00956	0.01339	0.01530	0.01721	0.00956	0.01339	0.01721	0.01912	0.02486	0.04399	0.09371	0.04781	0.02295	0.01147	0.00382	0.00765	0.60031	0.00765	0.00765
67	0.02066	0.01785	0.01878	0.01691	0.02160	0.02066	0.01315	0.04414	0.64121	0.03475	0.03381	0.03099	0.02536	0.01127	0.00845	0.00282	0.00657	0.00939	0.00845	0.01315
68	0.01004	0.00834	0.00881	0.00914	0.01163	0.00711	0.00684	0.01215	0.01859	0.02242	0.07761	0.15340	0.55187	0.02172	0.01000	0.00292	0.00446	0.04823	0.00771	0.00701
69	0.01655	0.01636	0.02790	0.02265	0.02537	0.01946	0.17839	0.02012	0.01477	0.02154	0.01610	0.02391	0.01450	0.02773	0.22885	0.00651	0.29765	0.00847	0.00405	0.00912
70	0.01666	0.04297	0.66500	0.02368	0.03596	0.01929	0.03069	0.02631	0.01754	0.02631	0.01491	0.01754	0.01052	0.00789	0.00789	0.00263	0.01228	0.00614	0.00351	0.01228
71	0.01012	0.00723	0.00964	0.01157	0.01205	0.00675	0.00771	0.01157	0.01591	0.02121	0.04579	0.70262	0.05495	0.02603	0.01060	0.00337	0.00482	0.02362	0.00771	0.00675
72	0.02056	0.01974	0.03372	0.05099	0.65622	0.01974	0.02550	0.02550	0.01892	0.02714	0.01563	0.02056	0.01316	0.00740	0.00822	0.00247	0.00987	0.00740	0.00411	0.01316
73	0.02075	0.02180	0.02126	0.20445	0.03121	0.22599	0.01650	0.06607	0.01929	0.02253	0.01642	0.02245	0.01389	0.02401	0.19650	0.00557	0.05054	0.00716	0.00442	0.00919
74	0.01961	0.02241	0.04902	0.03501	0.04342	0.02101	0.62605	0.02661	0.01961	0.02661	0.01681	0.02241	0.01261	0.00700	0.00980	0.00280	0.01401	0.00980	0.00420	0.01120
75	0.00985	0.00828	0.00856	0.00878	0.01132	0.00698	0.00648	0.01188	0.01858	0.02230	0.07968	0.15269	0.58301	0.02162	0.00991	0.00287	0.00428	0.01824	0.00771	0.00698
76	0.02056	0.01974	0.03372	0.05099	0.65622	0.01974	0.02550	0.02550	0.01892	0.02714	0.01563	0.02056	0.01316	0.00740	0.00822	0.00247	0.00987	0.00740	0.00411	0.01316
77	0.01765	0.01854	0.07005	0.39696	0.28884	0.01901	0.02451	0.02322	0.01757	0.02386	0.01511	0.02123	0.01185	0.00793	0.00825	0.00264	0.01068	0.00731	0.00384	0.01096
78	0.03103	0.03959	0.02354	0.02140	0.02568	0.67469	0.01605	0.03317	0.02354	0.02033	0.01284	0.01498	0.01070	0.00856	0.00749	0.00214	0.01498	0.00535	0.00428	0.00963
79	0.01040	0.00879	0.00906	0.00915	0.01183	0.00769	0.00680	0.01355	0.05067	0.02296	0.07796	0.13595	0.56437	0.02101	0.00982	0.00286	0.00439	0.01769	0.00775	0.00730
80	0.02471	0.14194	0.02806	0.01954	0.02517	0.16454	0.07767	0.14491	0.19628	0.03081	0.02062	0.02164	0.01606	0.01158	0.03773	0.00290	0.01074	0.00734	0.00607	0.01169
81	0.02049	0.01993	0.03480	0.04986	0.61293	0.01983	0.06792	0.02557	0.01896	0.02710	0.01571	0.02069	0.01312	0.00737	0.00834	0.00249	0.01016	0.00757	0.00412	0.01302

[dist]
# distance from previous block
# <min> <max>
0	1

[block]
# block no. 4 follows, 22 sequences, length 50
# corresponding to MSA columns:
# 196-245
name=unknown_E
#
# <colnr> <probs for GDERKNQSTAVLIFYWHMCP>
#	G	D	E	R	K	N	Q	S	T	A	V	L	I	F	Y	W	H	M	C	P
0	0.01972	0.01811	0.02636	0.15263	0.30274	0.01987	0.02028	0.03194	0.25926	0.02902	0.02251	0.02488	0.01750	0.00906	0.00833	0.00266	0.00881	0.00817	0.00572	0.01245
1	0.01896	0.01811	0.03083	0.25996	0.45974	0.01932	0.02470	0.02409	0.01816	0.02520	0.01534	0.02108	0.01248	0.00770	0.00825	0.00257	0.01026	0.00740	0.00397	0.01187
2	0.01138	0.00848	0.01058	0.01005	0.01218	0.00768	0.00754	0.01494	0.02262	0.03119	0.54096	0.06555	0.19059	0.01778	0.00980	0.00265	0.00398	0.01551	0.00887	0.00768
3	0.01187	0.00890	0.01335	0.01335	0.01483	0.01038	0.01038	0.01483	0.01335	0.01928	0.02225	0.03264	0.02077	0.06231	0.67512	0.01335	0.02225	0.00890	0.00445	0.00742
4	0.01549	0.00774	0.00774	0.00774	0.00968	0.00774	0.00581	0.01936	0.01742	0.03097	0.02710	0.03097	0.02129	0.00968	0.00581	0.00194	0.00387	0.00774	0.75416	0.00774
5	0.02056	0.01974	0.03372	0.05099	0.65622	0.01974	0.02550	0.02550	0.01892	0.02714	0.01563	0.02056	0.01316	0.00740	0.00822	0.00247	0.00987	0.00740	0.00411	0.01316
6	0.02478	0.02931	0.02304	0.02065	0.02324	0.39200	0.01612	0.02690	0.01893	0.02011	0.01324	0.01795	0.01187	0.01638	0.08695	0.00385	0.23502	0.00636	0.00409	0.00921
7	0.01012	0.00723	0.00964	0.01157	0.01205	0.00675	0.00771	0.01157	0.01591	0.02121	0.04579	0.70262	0.05495	0.02603	0.01060	0.00337	0.00482	0.02362	0.00771	0.00675
8	0.03727	0.01414	0.01928	0.01478	0.02121	0.01221	0.01221	0.04049	0.02378	0.66198	0.03277	0.02828	0.02056	0.01028	0.00835	0.00257	0.00707	0.00835	0.01028	0.01414
9	0.02056	0.01974	0.03372	0.05099	0.65622	0.01974	0.02550	0.02550	0.01892	0.02714	0.01563	0.02056	0.01316	0.00740	0.00822	0.00247	0.00987	0.00740	0.00411	0.01316
10	0.00982	0.00842	0.00842	0.00842	0.01122	0.00701	0.00631	0.01192	0.01894	0.02244	0.08416	0.07995	0.65285	0.02104	0.00982	0.00281	0.00421	0.01753	0.00771	0.00701
11	0.00994	0.00796	0.00889	0.00964	0.01154	0.00691	0.00685	0.01178	0.01776	0.02196	0.06931	0.32085	0.42153	0.02297	0.01012	0.00303	0.00444	0.01989	0.00771	0.00691
12	0.01203	0.00826	0.01012	0.01012	0.01048	0.00863	0.00635	0.01276	0.01239	0.01689	0.02521	0.04902	0.02788	0.54927	0.19788	0.00936	0.01154	0.01130	0.00489	0.00562
13	0.02168	0.02017	0.01644	0.01528	0.01881	0.22098	0.01162	0.06013	0.05714	0.09412	0.04005	0.16453	0.16397	0.01573	0.00899	0.00271	0.00865	0.04264	0.00698	0.00937
14	0.00998	0.00847	0.00864	0.00873	0.01149	0.00713	0.00663	0.01216	0.01894	0.02255	0.08233	0.08058	0.62534	0.02113	0.00989	0.00285	0.00436	0.04404	0.00771	0.00704
15	0.01549	0.00774	0.00774	0.00774	0.00968	0.00774	0.00581	0.01936	0.01742	0.03097	0.02710	0.03097	0.02129	0.00968	0.00581	0.00194	0.00387	0.00774	0.75416	0.00774
16	0.15692	0.05937	0.02075	0.05321	0.02374	0.42462	0.01399	0.02914	0.02057	0.02448	0.01423	0.01678	0.01158	0.00846	0.00685	0.00221	0.01180	0.00553	0.08644	0.00934
17	0.01825	0.01882	0.06347	0.32523	0.36403	0.01916	0.02472	0.02369	0.01785	0.02454	0.01522	0.02109	0.01212	0.00782	0.00824	0.00261	0.01052	0.00733	0.00390	0.01141
18	0.01012	0.00723	0.00964	0.01157	0.01205	0.00675	0.00771	0.01157	0.01591	0.02121	0.04579	0.70262	0.05495	0.02603	0.01060	0.00337	0.00482	0.02362	0.00771	0.00675
19	0.06344	0.19770	0.22536	0.02632	0.07917	0.02319	0.22027	0.02588	0.01796	0.02545	0.01456	0.01808	0.01134	0.00736	0.00775	0.00246	0.01149	0.00692	0.00389	0.01140
20	0.00984	0.00835	0.00849	0.00860	0.01127	0.00700	0.00639	0.01190	0.01876	0.02237	0.08196	0.11556	0.61866	0.02132	0.00986	0.00284	0.00424	0.01788	0.00771	0.00700
21	0.01914	0.01824	0.03050	0.07900	0.55491	0.01828	0.02327	0.02379	0.01880	0.02632	0.02308	0.02714	0.08306	0.00894	0.00840	0.00252	0.00931	0.00851	0.00448	0.01228
22	0.03110	0.03756	0.02372	0.02112	0.02569	0.59370	0.01602	0.10748	0.02548	0.02433	0.01373	0.01560	0.01113	0.00874	0.00759	0.00218	0.01425	0.00562	0.00478	0.01019
23	0.01227	0.00809	0.00927	0.00927	0.00948	0.00819	0.00543	0.01269	0.01248	0.01719	0.02597	0.05155	0.02906	0.62435	0.08186	0.00804	0.00874	0.01162	0.04910	0.00535
24	0.01582	0.01207	0.01365	0.01304	0.01642	0.01236	0.01035	0.02554	0.22491	0.06470	0.11951	0.06138	0.23789	0.01710	0.00958	0.00296	0.00574	0.11909	0.00825	0.00965
25	0.02365	0.02542	0.02725	0.06792	0.30715	0.22725	0.02007	0.03119	0.13663	0.02610	0.01810	0.02083	0.01456	0.00854	0.00804	0.00244	0.01093	0.00712	0.00496	0.01184
26	0.07584	0.07095	0.02171	0.01846	0.02248	0.47500	0.01414	0.02914	0.02099	0.02204	0.01472	0.01785	0.01243	0.01438	0.08016	0.00336	0.01408	0.00580	0.05718	0.00927
27	0.02221	0.71304	0.04353	0.01421	0.02132	0.03287	0.01421	0.02488	0.01688	0.01955	0.01155	0.01333	0.01066	0.00711	0.00533	0.00178	0.00888	0.00444	0.00355	0.01066
28	0.01049	0.00795	0.00921	0.01003	0.01140	0.00721	0.00692	0.01204	0.01655	0.02093	0.05733	0.31398	0.28626	0.14685	0.01604	0.00401	0.00528	0.04371	0.00723	0.00658
29	0.01012	0.00723	0.00964	0.01157	0.01205	0.00675	0.00771	0.01157	0.01591	0.02121	0.04579	0.70262	0.05495	0.02603	0.01060	0.00337	0.00482	0.02362	0.00771	0.00675
30	0.01938	0.01604	0.01838	0.01333	0.02060	0.01328	0.01074	0.11205	0.02050	0.03086	0.01554	0.01763	0.01258	0.00673	0.00648	0.00142	0.00660	0.00531	0.00543	0.64713
31	0.01194	0.00863	0.01196	0.01196	0.01297	0.00963	0.00865	0.01394	0.01294	0.01826	0.02352	0.03966	0.02382	0.27116	0.47044	0.01164	0.01766	0.00993	0.00464	0.00665
32	0.01276	0.00936	0.01252	0.01409	0.01616	0.00912	0.01215	0.01628	0.01909	0.02444	0.05103	0.09130	0.15392	0.02261	0.01118	0.00365	0.00705	0.49810	0.00766	0.00754
33	0.01721	0.03913	0.54981	0.02580	0.03735	0.01961	0.14202	0.02637	0.01793	0.02637	0.01526	0.01845	0.01091	0.00773	0.00825	0.00266	0.01260	0.00682	0.00364	0.01208
34	0.02056	0.01974	0.03372	0.05099	0.65622	0.01974	0.02550	0.02550	0.01892	0.02714	0.01563	0.02056	0.01316	0.00740	0.00822	0.00247	0.00987	0.00740	0.00411	0.01316
35	0.01418	0.00816	0.00976	0.00976	0.01154	0.00869	0.00746	0.01773	0.01596	0.02676	0.02535	0.03157	0.02110	0.02863	0.24688	0.00605	0.01049	0.00816	0.48413	0.00763
36	0.00982	0.00842	0.00842	0.00842	0.01122	0.00701	0.00631	0.01192	0.01894	0.02244	0.08416	0.07995	0.65285	0.02104	0.00982	0.00281	0.00421	0.01753	0.00771	0.00701
37	0.01758	0.01540	0.01808	0.01955	0.11215	0.01660	0.01305	0.03220	0.36943	0.03047	0.06716	0.04296	0.18363	0.01338	0.00881	0.00276	0.00636	0.01136	0.00765	0.01140
38	0.02221	0.02331	0.01860	0.01695	0.02119	0.22993	0.01295	0.03523	0.33774	0.02804	0.03542	0.03397	0.12518	0.01202	0.00837	0.00260	0.00890	0.00944	0.00698	0.01099
39	0.01007	0.00850	0.00877	0.00890	0.01164	0.00719	0.00681	0.01230	0.01895	0.02261	0.08133	0.08092	0.61020	0.02117	0.00994	0.00288	0.00445	0.05862	0.00771	0.00706
40	0.00996	0.00842	0.00861	0.00856	0.01130	0.00707	0.00642	0.01219	0.01926	0.02321	0.12418	0.07869	0.61235	0.02075	0.00982	0.00279	0.00419	0.01736	0.00782	0.00707
41	0.02128	0.02270	0.02410	0.07485	0.19602	0.21651	0.01850	0.02474	0.01919	0.02299	0.01990	0.03311	0.01895	0.01474	0.04996	0.00341	0.08657	0.11772	0.00476	0.01000
42	0.01890	0.01804	0.03072	0.26844	0.45177	0.01930	0.02467	0.02404	0.01813	0.02512	0.01533	0.02110	0.01245	0.00771	0.00825	0.00257	0.01028	0.00740	0.00397	0.01182
43	0.01147	0.00839	0.01107	0.01273	0.01414	0.00798	0.00994	0.01402	0.01769	0.02293	0.05025	0.35820	0.13348	0.02403	0.01087	0.00349	0.00594	0.26852	0.00769	0.00717
44	0.02056	0.01974	0.03372	0.05099	0.65622	0.01974	0.02550	0.02550	0.01892	0.02714	0.01563	0.02056	0.01316	0.00740	0.00822	0.00247	0.00987	0.00740	0.00411	0.01316
45	0.02089	0.02309	0.01838	0.01968	0.08805	0.30214	0.01286	0.02283	0.01887	0.02046	0.02472	0.15028	0.04734	0.14891	0.04199	0.00402	0.01114	0.01077	0.00516	0.00842
46	0.01048	0.00741	0.00964	0.01117	0.01166	0.00698	0.00735	0.01186	0.01579	0.02115	0.07533	0.58012	0.05282	0.11860	0.01488	0.00397	0.00521	0.02159	0.00742	0.00657
47	0.02597	0.14630	0.06594	0.02275	0.02860	0.33091	0.13070	0.06870	0.02178	0.02379	0.01384	0.01674	0.01128	0.00843	0.00877	0.00234	0.05202	0.00632	0.00433	0.01050
48	0.02678	0.28192	0.03143	0.01981	0.04890	0.33390	0.01585	0.07288	0.02152	0.02265	0.01290	0.01513	0.01105	0.00840	0.00781	0.00212	0.04689	0.00536	0.00427	0.01045
49	0.02579	0.07067	0.02538	0.02592	0.15778	0.38468	0.01700	0.03082	0.08729	0.02340	0.02028	0.02205	0.05511	0.00934	0.00777	0.00230	0.01194	0.00696	0.00487	0.01064

[dist]
# distance from previous block
# <min> <max>
7	11

[block]
# block no. 5 follows, 22 sequences, length 26
# corresponding to MSA columns:
# 257-282
name=unknown_F
#
# <colnr> <probs for GDERKNQSTAVLIFYWHMCP>
#	G	D	E	R	K	N	Q	S	T	A	V	L	I	F	Y	W	H	M	C	P
0	0.02205	0.02885	0.23300	0.02825	0.07998	0.02169	0.22990	0.19213	0.02427	0.03364	0.01700	0.02008	0.01242	0.00813	0.00869	0.00264	0.01183	0.00785	0.00511	0.01248
1	0.02023	0.01875	0.03005	0.18138	0.43642	0.01992	0.02334	0.06413	0.07160	0.02811	0.01723	0.02173	0.01380	0.00808	0.00827	0.00256	0.00980	0.00757	0.00465	0.01238
2	0.01749	0.01660	0.02817	0.45281	0.27842	0.01893	0.02397	0.02280	0.01746	0.02341	0.01508	0.02156	0.01184	0.00797	0.00828	0.00266	0.01063	0.00739	0.00385	0.01068
3	0.01852	0.01083	0.01375	0.01282	0.01590	0.01037	0.00991	0.02418	0.09997	0.17544	0.23019	0.18139	0.07776	0.01721	0.00960	0.00289	0.00550	0.06521	0.00884	0.00970
4	0.03103	0.03959	0.02354	0.02140	0.02568	0.67469	0.01605	0.03317	0.02354	0.02033	0.01284	0.01498	0.01070	0.00856	0.00749	0.00214	0.01498	0.00535	0.00428	0.00963
5	0.01528	0.00955	0.01058	0.00968	0.01321	0.00805	0.00749	0.01761	0.01990	0.14977	0.07393	0.06966	0.52697	0.01890	0.00953	0.00276	0.00478	0.01571	0.00823	0.00843
6	0.01208	0.00805	0.00906	0.00906	0.00906	0.00805	0.00503	0.01208	0.01208	0.01611	0.02618	0.05436	0.03020	0.70804	0.04228	0.00805	0.00805	0.01208	0.00503	0.00503
7	0.02186	0.65294	0.04197	0.01487	0.02136	0.03223	0.01456	0.02445	0.01652	0.01958	0.01149	0.01375	0.01068	0.00775	0.00723	0.00194	0.06804	0.00469	0.00356	0.01052
8	0.06789	0.52233	0.17772	0.01608	0.02420	0.02900	0.01750	0.02516	0.01685	0.02214	0.01229	0.01426	0.01053	0.00732	0.00588	0.00201	0.00947	0.00482	0.00364	0.01091
9	0.01001	0.00830	0.00876	0.00890	0.01140	0.00706	0.00658	0.01220	0.01901	0.02323	0.12766	0.14084	0.54503	0.02120	0.00990	0.00285	0.00425	0.01793	0.00783	0.00706
10	0.01208	0.00805	0.00906	0.00906	0.00906	0.00805	0.00503	0.01208	0.01208	0.01611	0.02618	0.05436	0.03020	0.70804	0.04228	0.00805	0.00805	0.01208	0.00503	0.00503
11	0.02129	0.36446	0.27863	0.01882	0.02752	0.11550	0.02077	0.02656	0.01804	0.02224	0.01301	0.01516	0.01061	0.00761	0.00661	0.00215	0.01102	0.00522	0.00364	0.01114
12	0.01153	0.00801	0.01006	0.01056	0.01098	0.00818	0.00679	0.01250	0.01332	0.01806	0.03046	0.21732	0.03471	0.40349	0.16010	0.00790	0.01005	0.01442	0.00561	0.00595
13	0.00982	0.00842	0.00842	0.00842	0.01122	0.00701	0.00631	0.01192	0.01894	0.02244	0.08416	0.07995	0.65285	0.02104	0.00982	0.00281	0.00421	0.01753	0.00771	0.00701
14	0.03103	0.03959	0.02354	0.02140	0.02568	0.67469	0.01605	0.03317	0.02354	0.02033	0.01284	0.01498	0.01070	0.00856	0.00749	0.00214	0.01498	0.00535	0.00428	0.00963
15	0.03103	0.03959	0.02354	0.02140	0.02568	0.67469	0.01605	0.03317	0.02354	0.02033	0.01284	0.01498	0.01070	0.00856	0.00749	0.00214	0.01498	0.00535	0.00428	0.00963
16	0.22509	0.01800	0.12201	0.01335	0.01821	0.01477	0.01214	0.07466	0.01754	0.09280	0.02047	0.02930	0.01793	0.20621	0.01675	0.00407	0.00794	0.00785	0.07165	0.00927
17	0.02612	0.02052	0.02423	0.05278	0.12311	0.02264	0.01662	0.35584	0.16468	0.04235	0.02236	0.02300	0.01658	0.00977	0.00822	0.00255	0.00856	0.00789	0.03889	0.01328
18	0.05739	0.26618	0.02806	0.01634	0.02157	0.21271	0.01369	0.12753	0.02237	0.02694	0.01728	0.07566	0.01568	0.00984	0.00694	0.00219	0.00992	0.00709	0.05227	0.01035
19	0.02442	0.48881	0.06941	0.01673	0.02330	0.21350	0.01557	0.02729	0.01880	0.02011	0.01208	0.01401	0.01067	0.00756	0.00607	0.00192	0.01078	0.00478	0.00376	0.01045
20	0.02407	0.39580	0.06628	0.01653	0.02297	0.11196	0.01528	0.14537	0.02190	0.02650	0.01445	0.01668	0.01219	0.01251	0.06220	0.00298	0.01101	0.00562	0.00467	0.01103
21	0.02037	0.02834	0.21111	0.01770	0.02367	0.18044	0.01684	0.07673	0.01941	0.02436	0.01792	0.02722	0.01646	0.20083	0.01714	0.00387	0.01099	0.00759	0.00467	0.07435
22	0.01678	0.07244	0.08130	0.01444	0.01834	0.01302	0.01266	0.07154	0.02016	0.07650	0.09869	0.26718	0.04009	0.01773	0.00940	0.00293	0.00689	0.11254	0.00722	0.04016
23	0.01561	0.13315	0.08425	0.01713	0.07407	0.06946	0.01344	0.01873	0.01794	0.02237	0.03908	0.23880	0.15430	0.01676	0.00888	0.00276	0.00760	0.05082	0.00599	0.00887
24	0.01796	0.11115	0.08465	0.02290	0.13751	0.05059	0.06834	0.07408	0.01999	0.02592	0.03284	0.16488	0.12790	0.01365	0.00866	0.00264	0.00856	0.01193	0.00569	0.01018
25	0.01768	0.16462	0.29042	0.01959	0.05681	0.01947	0.02009	0.07282	0.01951	0.02693	0.07495	0.13559	0.02429	0.01171	0.00805	0.00256	0.00925	0.00967	0.00514	0.01084

[dist]
# distance from previous block
# <min> <max>
69	233

[block]
# block no. 6 follows, 22 sequences, length 116
# corresponding to MSA columns:
# 557-672
name=unknown_G
#
# <colnr> <probs for GDERKNQSTAVLIFYWHMCP>
#	G	D	E	R	K	N	Q	S	T	A	V	L	I	F	Y	W	H	M	C	P
0	0.05083	0.02042	0.02909	0.14384	0.36789	0.04814	0.02191	0.16023	0.02307	0.03194	0.01619	0.02018	0.01278	0.00818	0.00811	0.00251	0.00998	0.00722	0.00503	0.01244
1	0.01976	0.06041	0.44046	0.02478	0.10444	0.01831	0.02591	0.02736	0.01858	0.10760	0.01912	0.02425	0.01464	0.00913	0.00813	0.00265	0.01088	0.04662	0.00473	0.01224
2	0.01871	0.07477	0.17530	0.02035	0.09634	0.01745	0.01743	0.14240	0.02415	0.03367	0.25049	0.03446	0.03657	0.01154	0.00852	0.00251	0.00803	0.00970	0.00662	0.01099
3	0.02381	0.02232	0.06345	0.06937	0.14405	0.12373	0.01753	0.05710	0.20787	0.10990	0.02327	0.02434	0.01753	0.01225	0.04384	0.00315	0.01020	0.00780	0.00635	0.01213
4	0.02270	0.01902	0.03187	0.04635	0.57475	0.01877	0.02379	0.02742	0.01954	0.10859	0.01783	0.02155	0.01411	0.00777	0.00824	0.00248	0.00951	0.00752	0.00490	0.01328
5	0.02119	0.30479	0.19739	0.02550	0.14563	0.08863	0.05919	0.02627	0.01825	0.02320	0.01362	0.01648	0.01122	0.00750	0.00701	0.00222	0.01084	0.00585	0.00376	0.01147
6	0.01397	0.01308	0.01843	0.01623	0.01960	0.05224	0.12465	0.01746	0.01954	0.02470	0.12126	0.14561	0.22721	0.01817	0.01010	0.00302	0.00745	0.13214	0.00700	0.00815
7	0.01906	0.36746	0.15881	0.01608	0.02276	0.06498	0.01648	0.02311	0.01688	0.02105	0.01819	0.02145	0.04686	0.01843	0.13153	0.00419	0.01220	0.00637	0.00398	0.01012
8	0.01803	0.01893	0.06882	0.02914	0.21183	0.01591	0.14523	0.02309	0.01846	0.02656	0.02095	0.02766	0.04741	0.00870	0.00818	0.00227	0.00928	0.04759	0.00477	0.24719
9	0.02628	0.03166	0.03162	0.03034	0.15054	0.39218	0.16460	0.03013	0.02171	0.02314	0.01433	0.01784	0.01163	0.00796	0.00819	0.00236	0.01377	0.00681	0.00423	0.01068
10	0.01293	0.01247	0.05794	0.01679	0.08962	0.01057	0.01218	0.01655	0.01965	0.02659	0.22990	0.13643	0.18915	0.01793	0.01047	0.00293	0.03225	0.08992	0.00728	0.00846
11	0.01076	0.00792	0.01023	0.01183	0.01300	0.00739	0.00868	0.01282	0.01709	0.02219	0.05182	0.46968	0.15339	0.02454	0.01066	0.00337	0.00532	0.14463	0.00770	0.00698
12	0.01044	0.00890	0.00904	0.00892	0.01179	0.00774	0.00672	0.01370	0.05069	0.02348	0.10297	0.07679	0.59938	0.02039	0.00975	0.00280	0.00432	0.01703	0.00781	0.00736
13	0.01835	0.12236	0.39262	0.02707	0.07777	0.02148	0.17324	0.02614	0.01805	0.02557	0.01499	0.01839	0.01123	0.00754	0.00805	0.00255	0.01210	0.00690	0.00372	0.01187
14	0.01292	0.01010	0.01395	0.01338	0.01419	0.01204	0.00999	0.01481	0.01287	0.01844	0.02166	0.03691	0.02206	0.24922	0.38318	0.01024	0.12296	0.00960	0.00450	0.00696
15	0.01012	0.00723	0.00964	0.01157	0.01205	0.00675	0.00771	0.01157	0.01591	0.02121	0.04579	0.70262	0.05495	0.02603	0.01060	0.00337	0.00482	0.02362	0.00771	0.00675
16	0.01666	0.04297	0.66500	0.02368	0.03596	0.01929	0.03069	0.02631	0.01754	0.02631	0.01491	0.01754	0.01052	0.00789	0.00789	0.00263	0.01228	0.00614	0.00351	0.01228
17	0.02033	0.01951	0.03331	0.08059	0.62839	0.01968	0.02538	0.02530	0.01881	0.02687	0.01559	0.02063	0.01306	0.00744	0.00823	0.00248	0.00993	0.00740	0.00409	0.01298
18	0.03103	0.03959	0.02354	0.02140	0.02568	0.67469	0.01605	0.03317	0.02354	0.02033	0.01284	0.01498	0.01070	0.00856	0.00749	0.00214	0.01498	0.00535	0.00428	0.00963
19	0.01149	0.00840	0.01027	0.00985	0.01159	0.00774	0.00706	0.01438	0.02061	0.02828	0.43987	0.06361	0.16541	0.14696	0.01588	0.00366	0.00474	0.01489	0.00814	0.00718
20	0.02271	0.02254	0.02253	0.02418	0.14115	0.15105	0.01604	0.03846	0.40148	0.03045	0.02622	0.02585	0.02015	0.01001	0.00822	0.00262	0.00887	0.00821	0.00681	0.01245
21	0.01145	0.00864	0.01106	0.01171	0.01348	0.00756	0.00811	0.01332	0.01615	0.02230	0.03998	0.57439	0.04697	0.02231	0.00977	0.00297	0.00507	0.02012	0.00719	0.14746
22	0.01012	0.00723	0.00964	0.01157	0.01205	0.00675	0.00771	0.01157	0.01591	0.02121	0.04579	0.70262	0.05495	0.02603	0.01060	0.00337	0.00482	0.02362	0.00771	0.00675
23	0.03158	0.02327	0.02493	0.01911	0.02576	0.02576	0.01579	0.62852	0.03906	0.05236	0.01995	0.01995	0.01413	0.00997	0.00831	0.00249	0.00914	0.00748	0.00831	0.01413
24	0.01134	0.00918	0.01469	0.01458	0.01607	0.00858	0.08704	0.01350	0.01638	0.02190	0.04207	0.61535	0.04951	0.02359	0.01050	0.00330	0.00600	0.02184	0.00726	0.00732
25	0.01187	0.00890	0.01335	0.01335	0.01483	0.01038	0.01038	0.01483	0.01335	0.01928	0.02225	0.03264	0.02077	0.06231	0.67512	0.01335	0.02225	0.00890	0.00445	0.00742
26	0.03120	0.02216	0.02393	0.01842	0.02486	0.02433	0.01519	0.57340	0.03739	0.08241	0.02089	0.02083	0.01475	0.00998	0.00821	0.00247	0.00882	0.00753	0.03936	0.01386
27	0.01549	0.00774	0.00774	0.00774	0.00968	0.00774	0.00581	0.01936	0.01742	0.03097	0.02710	0.03097	0.02129	0.00968	0.00581	0.00194	0.00387	0.00774	0.75416	0.00774
28	0.01085	0.00840	0.00989	0.00963	0.01188	0.00744	0.00718	0.01389	0.02122	0.02812	0.38161	0.09788	0.32386	0.01912	0.00984	0.00273	0.00408	0.01648	0.00847	0.00744
29	0.01055	0.00785	0.00984	0.01060	0.01199	0.00713	0.00747	0.01288	0.01880	0.02510	0.23590	0.38548	0.18136	0.02231	0.01020	0.00303	0.00443	0.01982	0.00814	0.00713
30	0.01187	0.00890	0.01335	0.01335	0.01483	0.01038	0.01038	0.01483	0.01335	0.01928	0.02225	0.03264	0.02077	0.06231	0.67512	0.01335	0.02225	0.00890	0.00445	0.00742
31	0.03003	0.02226	0.02404	0.01871	0.02499	0.02471	0.01538	0.56942	0.06477	0.04980	0.02069	0.02112	0.01499	0.01283	0.04397	0.00309	0.00973	0.00764	0.00811	0.01372
32	0.01112	0.00798	0.00901	0.00940	0.01020	0.00753	0.00589	0.01194	0.01456	0.01871	0.04460	0.19017	0.19099	0.39995	0.02783	0.00581	0.00645	0.01575	0.00624	0.00587
33	0.01203	0.00826	0.01011	0.01011	0.01047	0.00862	0.00634	0.01275	0.01239	0.01689	0.02522	0.04905	0.02789	0.55002	0.19715	0.00935	0.01153	0.01130	0.00489	0.00562
34	0.01075	0.00836	0.00921	0.00905	0.01109	0.00743	0.00644	0.01289	0.01871	0.02389	0.21409	0.07038	0.38536	0.15717	0.01629	0.00381	0.00490	0.01582	0.00754	0.00682
35	0.01051	0.00800	0.00976	0.01089	0.01244	0.00725	0.00796	0.01261	0.01773	0.02267	0.08712	0.37723	0.26397	0.02347	0.01040	0.00320	0.00493	0.09508	0.00777	0.00701
36	0.01667	0.00931	0.01266	0.01190	0.01277	0.00963	0.00833	0.09138	0.01451	0.01938	0.01515	0.02456	0.01439	0.02640	0.02932	0.65972	0.00747	0.00725	0.00422	0.00498
37	0.02969	0.03705	0.02485	0.02520	0.10658	0.59067	0.01726	0.03219	0.02295	0.02121	0.01320	0.01570	0.01102	0.00841	0.00758	0.00218	0.01433	0.00561	0.00426	0.01008
38	0.11473	0.01769	0.02783	0.24245	0.31806	0.01931	0.04682	0.02533	0.05962	0.02708	0.01611	0.02093	0.01277	0.00797	0.00794	0.00261	0.00975	0.00726	0.00441	0.01131
