[name]
unknown

[dist]
# distance from previous block
# <min> <max>
0	29

[block]
# block no. 0 follows, 22 sequences, length 16
# corresponding to MSA columns:
# 29-44
name=unknown_A
#
# <colnr> <probs for GDERKNQSTAVLIFYWHMCP>
#	G	D	E	R	K	N	Q	S	T	A	V	L	I	F	Y	W	H	M	C	P
0	0.01339	0.00956	0.01339	0.01530	0.01721	0.00956	0.01339	0.01721	0.01912	0.02486	0.04399	0.09371	0.04781	0.02295	0.01147	0.00382	0.00765	0.60031	0.00765	0.00765
1	0.03146	0.02680	0.02463	0.01961	0.02575	0.16631	0.01585	0.49958	0.03570	0.04542	0.01841	0.01887	0.01339	0.00967	0.00813	0.00242	0.01041	0.00702	0.00744	0.01315
2	0.02540	0.03028	0.02369	0.02113	0.02372	0.40628	0.01652	0.02747	0.01912	0.02015	0.01264	0.01706	0.01130	0.01353	0.04965	0.00327	0.25920	0.00623	0.00406	0.00932
3	0.06629	0.12176	0.02231	0.21144	0.02962	0.04769	0.01463	0.12477	0.02121	0.02813	0.03063	0.03260	0.15099	0.01122	0.00780	0.00249	0.00838	0.00890	0.04942	0.00972
4	0.01666	0.04297	0.66500	0.02368	0.03596	0.01929	0.03069	0.02631	0.01754	0.02631	0.01491	0.01754	0.01052	0.00789	0.00789	0.00263	0.01228	0.00614	0.00351	0.01228
5	0.00982	0.00842	0.00842	0.00842	0.01122	0.00701	0.00631	0.01192	0.01894	0.02244	0.08416	0.07995	0.65285	0.02104	0.00982	0.00281	0.00421	0.01753	0.00771	0.00701
6	0.02300	0.01722	0.06712	0.01685	0.02224	0.01538	0.06877	0.16580	0.05424	0.17034	0.10963	0.11484	0.09064	0.01353	0.00904	0.00271	0.00761	0.01171	0.00799	0.01134
7	0.02056	0.01974	0.03372	0.05099	0.65622	0.01974	0.02550	0.02550	0.01892	0.02714	0.01563	0.02056	0.01316	0.00740	0.00822	0.00247	0.00987	0.00740	0.00411	0.01316
8	0.01206	0.00816	0.00958	0.00958	0.00976	0.00834	0.00568	0.01241	0.01223	0.01649	0.02570	0.05174	0.02906	0.62995	0.11882	0.00869	0.00977	0.01170	0.00496	0.00532
9	0.01951	0.01866	0.03181	0.18898	0.52648	0.01946	0.02497	0.02457	0.01842	0.02586	0.01544	0.02090	0.01271	0.00760	0.00824	0.00253	0.01013	0.00740	0.00402	0.01231
10	0.02176	0.07422	0.16147	0.02154	0.08635	0.28377	0.01793	0.02582	0.02037	0.02270	0.02888	0.03000	0.14954	0.01090	0.00802	0.00240	0.01118	0.00830	0.00479	0.01005
11	0.18345	0.02294	0.02283	0.26801	0.11200	0.21139	0.01826	0.02595	0.01839	0.02516	0.01361	0.01798	0.01077	0.00814	0.00737	0.00250	0.01107	0.00616	0.00423	0.00978
12	0.17028	0.02668	0.02376	0.02825	0.22876	0.29347	0.01718	0.02771	0.01992	0.02599	0.01768	0.02032	0.04879	0.00875	0.00741	0.00237	0.01101	0.00657	0.00460	0.01051
13	0.02531	0.02472	0.02371	0.02524	0.14721	0.22439	0.01725	0.19163	0.02594	0.03143	0.02208	0.03449	0.02016	0.01184	0.00872	0.00267	0.01079	0.13520	0.00608	0.01113
14	0.09215	0.06301	0.24682	0.10232	0.07110	0.04953	0.02137	0.13670	0.05025	0.03104	0.01651	0.01936	0.01246	0.01100	0.03920	0.00306	0.01100	0.00662	0.00492	0.01160
15	0.02346	0.06441	0.16119	0.13680	0.09310	0.18055	0.02118	0.13758	0.02268	0.02824	0.01502	0.01825	0.01160	0.00873	0.00875	0.00250	0.04348	0.00649	0.00468	0.01131

[dist]
# distance from previous block
# <min> <max>
5	10

[block]
# block no. 1 follows, 22 sequences, length 6
# corresponding to MSA columns:
# 55-60
name=unknown_B
#
# <colnr> <probs for GDERKNQSTAVLIFYWHMCP>
#	G	D	E	R	K	N	Q	S	T	A	V	L	I	F	Y	W	H	M	C	P
0	0.01950	0.02146	0.08457	0.10128	0.26721	0.07502	0.01967	0.02428	0.01839	0.02580	0.01493	0.01885	0.01219	0.00723	0.00745	0.00207	0.00944	0.00628	0.00430	0.26006
1	0.02185	0.02252	0.08176	0.02914	0.24680	0.08227	0.01885	0.15029	0.08662	0.03165	0.02855	0.02981	0.11234	0.01057	0.00841	0.00254	0.00922	0.00887	0.00593	0.01199
2	0.02458	0.02594	0.02997	0.03958	0.41703	0.21516	0.02189	0.07707	0.02194	0.02717	0.01515	0.01885	0.01251	0.00796	0.00801	0.00237	0.01133	0.00680	0.00451	0.01219
3	0.01773	0.01927	0.07683	0.01423	0.01828	0.15937	0.01217	0.02114	0.02103	0.06628	0.16080	0.05381	0.24265	0.01567	0.00916	0.00268	0.00786	0.06528	0.00696	0.00879
4	0.25830	0.02342	0.11368	0.10820	0.14199	0.10681	0.01816	0.02721	0.01801	0.08980	0.01541	0.01809	0.01158	0.00812	0.00713	0.00253	0.00970	0.00612	0.00491	0.01083
5	0.02029	0.02288	0.01876	0.01903	0.07649	0.27593	0.01331	0.02280	0.02054	0.02277	0.09421	0.04059	0.21908	0.01378	0.01058	0.00258	0.08130	0.01046	0.00573	0.00890

[dist]
# distance from previous block
# <min> <max>
8	12

[block]
# block no. 2 follows, 22 sequences, length 19
# corresponding to MSA columns:
# 73-91
name=unknown_C
#
# <colnr> <probs for GDERKNQSTAVLIFYWHMCP>
#	G	D	E	R	K	N	Q	S	T	A	V	L	I	F	Y	W	H	M	C	P
0	0.01895	0.01402	0.01567	0.01412	0.01763	0.01526	0.01064	0.03280	0.35844	0.08722	0.15215	0.04078	0.03604	0.13193	0.01451	0.00366	0.00636	0.01085	0.00816	0.01082
1	0.02106	0.01955	0.01862	0.01683	0.02136	0.08957	0.01301	0.04088	0.53486	0.03241	0.03485	0.03247	0.06457	0.01162	0.00844	0.00274	0.00732	0.00949	0.00796	0.01238
2	0.01723	0.01477	0.01723	0.01230	0.01969	0.01107	0.00984	0.02092	0.01723	0.02707	0.01477	0.01723	0.01230	0.00615	0.00615	0.00123	0.00615	0.00492	0.00492	0.75883
3	0.01206	0.00813	0.00944	0.00944	0.00958	0.00826	0.00551	0.01233	0.01219	0.01639	0.02583	0.05243	0.02936	0.65045	0.09873	0.00853	0.00932	0.01180	0.00498	0.00525
4	0.01774	0.17280	0.54459	0.02184	0.03312	0.02192	0.02750	0.02603	0.01741	0.02500	0.01426	0.01672	0.01055	0.00774	0.00740	0.00247	0.01162	0.00581	0.00352	0.01196
5	0.01004	0.00842	0.00872	0.00865	0.01136	0.00711	0.00649	0.01235	0.01946	0.02369	0.14914	0.07790	0.58710	0.02058	0.00982	0.00278	0.00417	0.01725	0.00788	0.00711
6	0.01191	0.00875	0.01259	0.01259	0.01381	0.00997	0.00943	0.01435	0.01313	0.01872	0.02295	0.03649	0.02244	0.17690	0.56282	0.01241	0.01973	0.00947	0.00455	0.00699
7	0.02150	0.01987	0.03235	0.07897	0.55944	0.02032	0.02434	0.08964	0.02095	0.02954	0.01604	0.02057	0.01316	0.00772	0.00824	0.00248	0.00985	0.00741	0.00454	0.01307
8	0.01443	0.00722	0.01082	0.01082	0.01082	0.00722	0.00722	0.01082	0.01082	0.01443	0.01443	0.02525	0.01443	0.02886	0.03247	0.75830	0.00722	0.00722	0.00361	0.00361
9	0.03158	0.02327	0.02493	0.01911	0.02576	0.02576	0.01579	0.62852	0.03906	0.05236	0.01995	0.01995	0.01413	0.00997	0.00831	0.00249	0.00914	0.00748	0.00831	0.01413
10	0.01834	0.15223	0.02436	0.01725	0.01971	0.10487	0.01434	0.02078	0.01514	0.01970	0.01535	0.02202	0.01437	0.02949	0.25317	0.00657	0.23240	0.00706	0.00400	0.00886
11	0.00995	0.00842	0.00860	0.00856	0.01130	0.00707	0.00642	0.01218	0.01925	0.02320	0.12376	0.07870	0.61277	0.02076	0.00982	0.00279	0.00419	0.01736	0.00781	0.00707
12	0.01046	0.00737	0.00954	0.01114	0.01154	0.00697	0.00725	0.01166	0.01525	0.02033	0.04242	0.59132	0.05070	0.14313	0.01604	0.00418	0.00538	0.02164	0.00725	0.00645
13	0.03009	0.11146	0.02568	0.02063	0.02522	0.60620	0.01586	0.03229	0.02283	0.02025	0.01270	0.01480	0.01070	0.00841	0.00726	0.00210	0.01433	0.00525	0.00420	0.00974
14	0.02066	0.01785	0.01878	0.01691	0.02160	0.02066	0.01315	0.04414	0.64121	0.03475	0.03381	0.03099	0.02536	0.01127	0.00845	0.00282	0.00657	0.00939	0.00845	0.01315
15	0.02215	0.02355	0.02899	0.04000	0.44546	0.17777	0.02149	0.02615	0.02004	0.02507	0.02106	0.02450	0.06962	0.00890	0.00819	0.00242	0.01061	0.00781	0.00447	0.01175
16	0.03103	0.03959	0.02354	0.02140	0.02568	0.67469	0.01605	0.03317	0.02354	0.02033	0.01284	0.01498	0.01070	0.00856	0.00749	0.00214	0.01498	0.00535	0.00428	0.00963
17	0.01666	0.04297	0.66500	0.02368	0.03596	0.01929	0.03069	0.02631	0.01754	0.02631	0.01491	0.01754	0.01052	0.00789	0.00789	0.00263	0.01228	0.00614	0.00351	0.01228
18	0.02069	0.01905	0.03092	0.18335	0.46204	0.02010	0.02395	0.08826	0.02055	0.02854	0.01590	0.02083	0.01282	0.00787	0.00825	0.00253	0.01005	0.00741	0.00447	0.01242

[dist]
# distance from previous block
# <min> <max>
11	50

[block]
# block no. 3 follows, 22 sequences, length 100
# corresponding to MSA columns:
# 142-241
name=unknown_D
#
# <colnr> <probs for GDERKNQSTAVLIFYWHMCP>
#	G	D	E	R	K	N	Q	S	T	A	V	L	I	F	Y	W	H	M	C	P
0	0.01984	0.24493	0.18547	0.07450	0.26897	0.02372	0.02299	0.02521	0.01779	0.02415	0.01411	0.01765	0.01161	0.00748	0.00723	0.00231	0.01020	0.00616	0.00376	0.01190
1	0.19554	0.04664	0.02386	0.05599	0.21967	0.06177	0.01637	0.09361	0.01990	0.03136	0.01463	0.01763	0.01178	0.00763	0.00696	0.00222	0.00862	0.00601	0.00496	0.15484
2	0.01558	0.01596	0.01271	0.01273	0.01489	0.17706	0.00905	0.01725	0.01838	0.02077	0.04762	0.24493	0.23689	0.10231	0.01338	0.00344	0.00760	0.01558	0.00652	0.00736
3	0.16695	0.01291	0.01464	0.06378	0.04527	0.01382	0.01100	0.08933	0.06293	0.03012	0.07239	0.24490	0.10811	0.01621	0.00867	0.00287	0.00631	0.01377	0.00695	0.00905
4	0.02707	0.04663	0.04414	0.01585	0.02153	0.01763	0.01324	0.08494	0.28150	0.26084	0.03027	0.02790	0.02132	0.01041	0.00808	0.00259	0.00709	0.00843	0.05744	0.01309
5	0.01576	0.01232	0.01618	0.01464	0.01774	0.01196	0.05269	0.13456	0.02097	0.02839	0.03685	0.41998	0.06383	0.01915	0.00957	0.00290	0.00643	0.01717	0.00728	0.09164
6	0.01008	0.00737	0.00949	0.01119	0.01195	0.00678	0.00754	0.01161	0.01627	0.02136	0.05042	0.62742	0.12715	0.02542	0.01051	0.00331	0.00475	0.02288	0.00771	0.00678
7	0.02301	0.47027	0.03494	0.01544	0.02127	0.18012	0.01387	0.02571	0.01924	0.02139	0.08918	0.01960	0.01885	0.00864	0.00638	0.00196	0.00971	0.00593	0.00440	0.01008
8	0.01017	0.00801	0.00887	0.00946	0.01122	0.00705	0.00659	0.01183	0.01721	0.02133	0.06566	0.26781	0.39728	0.10237	0.01383	0.00359	0.00484	0.01876	0.00740	0.00670
9	0.02197	0.02473	0.02246	0.02008	0.02201	0.27371	0.01590	0.02413	0.01702	0.01999	0.01376	0.01963	0.01266	0.02111	0.14015	0.00486	0.30594	0.00683	0.00404	0.00899
10	0.01905	0.01884	0.02895	0.34235	0.33626	0.06493	0.02372	0.02407	0.01818	0.02394	0.01504	0.02090	0.01203	0.00790	0.00821	0.00258	0.01078	0.00725	0.00393	0.01110
11	0.01574	0.00995	0.01101	0.01004	0.01365	0.00862	0.00777	0.01896	0.04622	0.15011	0.07181	0.06761	0.50060	0.01849	0.00947	0.00276	0.00488	0.01536	0.00826	0.00869
12	0.01729	0.00972	0.01237	0.01177	0.01474	0.00868	0.00914	0.02008	0.02040	0.17872	0.16520	0.18528	0.20542	0.01888	0.00981	0.00295	0.00538	0.08667	0.00859	0.00891
13	0.02376	0.02594	0.02793	0.02795	0.14644	0.23113	0.05846	0.06822	0.01965	0.02417	0.01345	0.01801	0.01161	0.01045	0.01484	0.00280	0.25350	0.00686	0.00430	0.01053
14	0.01655	0.01582	0.02570	0.50868	0.09692	0.01992	0.02231	0.02132	0.01603	0.02145	0.01408	0.02125	0.01120	0.00945	0.01199	0.00291	0.14383	0.00736	0.00371	0.00951
15	0.01231	0.00955	0.01420	0.01394	0.01532	0.01144	0.01093	0.01520	0.01331	0.01933	0.02146	0.03163	0.02008	0.05897	0.62984	0.01267	0.06912	0.00879	0.00439	0.00753
16	0.25378	0.01928	0.02122	0.14805	0.02816	0.09621	0.04280	0.06564	0.01737	0.02819	0.01373	0.01838	0.01126	0.01296	0.05459	0.00348	0.14439	0.00644	0.00460	0.00949
17	0.00997	0.00819	0.00878	0.00912	0.01144	0.00700	0.00665	0.01202	0.01855	0.02269	0.10232	0.20048	0.51039	0.02183	0.00997	0.00291	0.00431	0.01860	0.00778	0.00700
18	0.01098	0.00853	0.01003	0.00984	0.01218	0.00757	0.00750	0.01406	0.02114	0.02780	0.35291	0.07229	0.33868	0.01923	0.00992	0.00278	0.00429	0.05442	0.00839	0.00745
19	0.00982	0.00842	0.00842	0.00842	0.01122	0.00701	0.00631	0.01192	0.01894	0.02244	0.08416	0.07995	0.65285	0.02104	0.00982	0.00281	0.00421	0.01753	0.00771	0.00701
20	0.03103	0.03959	0.02354	0.02140	0.02568	0.67469	0.01605	0.03317	0.02354	0.02033	0.01284	0.01498	0.01070	0.00856	0.00749	0.00214	0.01498	0.00535	0.00428	0.00963
21	0.01790	0.36536	0.15267	0.01486	0.02136	0.02248	0.01539	0.02229	0.01907	0.02513	0.21134	0.02929	0.03170	0.01033	0.00721	0.00220	0.00799	0.00806	0.00528	0.01009
22	0.02702	0.03231	0.02844	0.03142	0.22016	0.42828	0.06158	0.03036	0.02185	0.02286	0.01397	0.01721	0.01159	0.00810	0.00788	0.00229	0.01335	0.00629	0.00422	0.01082
23	0.01666	0.04297	0.66500	0.02368	0.03596	0.01929	0.03069	0.02631	0.01754	0.02631	0.01491	0.01754	0.01052	0.00789	0.00789	0.00263	0.01228	0.00614	0.00351	0.01228
24	0.03034	0.03829	0.02421	0.02335	0.06719	0.63157	0.01667	0.03267	0.02324	0.02078	0.01302	0.01535	0.01086	0.00848	0.00754	0.00216	0.01464	0.00549	0.00427	0.00986
25	0.02221	0.71304	0.04353	0.01421	0.02132	0.03287	0.01421	0.02488	0.01688	0.01955	0.01155	0.01333	0.01066	0.00711	0.00533	0.00178	0.00888	0.00444	0.00355	0.01066
26	0.01086	0.00868	0.00992	0.01057	0.01299	0.00773	0.00843	0.01342	0.01882	0.02307	0.07043	0.11904	0.44503	0.02187	0.01034	0.00313	0.00523	0.18555	0.00770	0.00718
27	0.01160	0.00827	0.01074	0.01123	0.01206	0.00856	0.00781	0.01316	0.01404	0.01898	0.03309	0.17606	0.06742	0.29646	0.22634	0.00821	0.01155	0.05234	0.00569	0.00637
28	0.01127	0.00839	0.01048	0.01013	0.01215	0.00760	0.00753	0.01466	0.02209	0.03035	0.49886	0.11031	0.18869	0.01841	0.00986	0.00270	0.00404	0.01611	0.00877	0.00760
29	0.04705	0.06929	0.61334	0.02278	0.03456	0.01982	0.02915	0.02617	0.01738	0.02647	0.01464	0.01720	0.01047	0.00785	0.00768	0.00259	0.01190	0.00600	0.00358	0.01208
30	0.02857	0.03493	0.02593	0.02835	0.17381	0.52083	0.01827	0.03137	0.02246	0.02193	0.01350	0.01629	0.01128	0.00829	0.00766	0.00222	0.01378	0.00583	0.00424	0.01046
31	0.01791	0.12013	0.48106	0.02548	0.07211	0.02116	0.09718	0.02612	0.01778	0.02558	0.01476	0.01777	0.01094	0.00767	0.00782	0.00254	0.01192	0.00643	0.00363	0.01201
32	0.00982	0.00842	0.00842	0.00842	0.01122	0.00701	0.00631	0.01192	0.01894	0.02244	0.08416	0.07995	0.65285	0.02104	0.00982	0.00281	0.00421	0.01753	0.00771	0.00701
33	0.02681	0.02931	0.05498	0.02873	0.14983	0.26513	0.11329	0.17396	0.02555	0.03057	0.01579	0.01850	0.01229	0.00841	0.00820	0.00241	0.01233	0.00698	0.00518	0.01174
34	0.02721	0.03003	0.02150	0.01937	0.02390	0.39119	0.01476	0.03778	0.26614	0.05179	0.02188	0.02180	0.01685	0.00969	0.00790	0.00242	0.01136	0.00706	0.00616	0.01119
35	0.01364	0.00980	0.01334	0.01285	0.01429	0.01096	0.00962	0.01683	0.04042	0.04739	0.09527	0.06743	0.03013	0.17669	0.34909	0.00916	0.05918	0.01074	0.00558	0.00758
36	0.01208	0.00805	0.00906	0.00906	0.00906	0.00805	0.00503	0.01208	0.01208	0.01611	0.02618	0.05436	0.03020	0.70804	0.04228	0.00805	0.00805	0.01208	0.00503	0.00503
37	0.01930	0.04405	0.01972	0.01617	0.01916	0.01816	0.01305	0.20394	0.02121	0.02935	0.01963	0.02707	0.01739	0.07537	0.30776	0.00777	0.11746	0.00822	0.00551	0.00972
38	0.02999	0.03672	0.02306	0.02079	0.02508	0.59186	0.01571	0.07375	0.02405	0.02251	0.01387	0.01632	0.01151	0.01169	0.04522	0.00280	0.01498	0.00570	0.00457	0.00982
39	0.01139	0.00823	0.01004	0.01089	0.01202	0.00781	0.00776	0.01310	0.01627	0.02109	0.07067	0.23356	0.16332	0.23414	0.02035	0.00477	0.00623	0.13493	0.00693	0.00650
40	0.01100	0.00851	0.01021	0.01107	0.01313	0.00773	0.00865	0.01357	0.01871	0.02359	0.10299	0.20205	0.33194	0.02226	0.01043	0.00319	0.00526	0.18072	0.00779	0.00719
41	0.03103	0.03959	0.02354	0.02140	0.02568	0.67469	0.01605	0.03317	0.02354	0.02033	0.01284	0.01498	0.01070	0.00856	0.00749	0.00214	0.01498	0.00535	0.00428	0.00963
42	0.02256	0.15703	0.02349	0.01617	0.02102	0.16892	0.01308	0.10229	0.18766	0.02824	0.03111	0.05799	0.11323	0.01177	0.00790	0.00244	0.00881	0.00910	0.00640	0.01080
43	0.01030	0.00745	0.00974	0.01124	0.01204	0.00690	0.00764	0.01208	0.01701	0.02274	0.12127	0.58806	0.09350	0.02464	0.01046	0.00325	0.00467	0.02222	0.00788	0.00690
44	0.01957	0.03913	0.54027	0.02279	0.03397	0.02055	0.02779	0.14366	0.02173	0.03138	0.01589	0.01801	0.01123	0.00830	0.00797	0.00260	0.01167	0.00640	0.00444	0.01264
45	0.01605	0.18040	0.02167	0.01424	0.01770	0.01778	0.01184	0.02288	0.13465	0.02231	0.02189	0.02767	0.01921	0.03921	0.38573	0.00854	0.01602	0.00792	0.00500	0.00930
46	0.01775	0.01808	0.02037	0.14906	0.02683	0.14289	0.01576	0.02080	0.01580	0.02003	0.01636	0.02385	0.01466	0.03037	0.26654	0.00688	0.17377	0.00755	0.00408	0.00858
47	0.01137	0.00776	0.00927	0.00997	0.01014	0.00758	0.00600	0.01190	0.01346	0.01795	0.03327	0.28896	0.03916	0.46123	0.03082	0.00636	0.00688	0.01626	0.00600	0.00565
48	0.02096	0.33838	0.15562	0.01838	0.02450	0.10247	0.01826	0.02475	0.01680	0.02102	0.01261	0.01603	0.01106	0.01099	0.03532	0.00279	0.15036	0.00562	0.00368	0.01041
49	0.02566	0.02995	0.02516	0.07181	0.18515	0.39378	0.01822	0.02981	0.04982	0.02360	0.05638	0.02066	0.01643	0.00893	0.00792	0.00233	0.01234	0.00681	0.00471	0.01053
50	0.02429	0.02772	0.01880	0.01747	0.02076	0.42124	0.01319	0.02688	0.02029	0.02173	0.01717	0.02145	0.01462	0.02094	0.15887	0.00466	0.01492	0.00652	0.11964	0.00884
51	0.01955	0.29129	0.15284	0.02043	0.06781	0.02280	0.09086	0.02444	0.01755	0.02397	0.01385	0.01662	0.01143	0.00703	0.00673	0.00197	0.00954	0.00571	0.00399	0.19159
52	0.05279	0.01290	0.01500	0.01383	0.01699	0.01357	0.01042	0.10497	0.14178	0.10503	0.07374	0.24212	0.03533	0.06755	0.05123	0.00389	0.00729	0.01377	0.00784	0.00995
53	0.01827	0.01003	0.01189	0.01073	0.01438	0.00857	0.00828	0.02064	0.02007	0.21830	0.06395	0.13644	0.38962	0.01832	0.00946	0.00280	0.00516	0.01543	0.00850	0.00917
54	0.11167	0.01906	0.02142	0.02353	0.14263	0.09414	0.01629	0.14084	0.02243	0.03129	0.02402	0.04119	0.02302	0.01334	0.01011	0.00294	0.05696	0.18853	0.00612	0.01046
55	0.02088	0.04964	0.06626	0.12899	0.09272	0.19772	0.05249	0.05017	0.02020	0.02403	0.02076	0.03398	0.01918	0.01484	0.05524	0.00346	0.01222	0.12242	0.00493	0.00987
56	0.01097	0.00799	0.00948	0.00989	0.01103	0.00741	0.00662	0.01261	0.01691	0.02231	0.16702	0.24330	0.18451	0.22932	0.01985	0.00451	0.00549	0.01710	0.00718	0.00650
57	0.01018	0.00755	0.00951	0.01088	0.01192	0.00687	0.00745	0.01192	0.01702	0.02229	0.09551	0.53840	0.17128	0.02444	0.01040	0.00321	0.00464	0.02185	0.00781	0.00687
58	0.02100	0.02179	0.05844	0.04823	0.59580	0.05667	0.02517	0.02596	0.01912	0.02672	0.01544	0.02013	0.01291	0.00749	0.00817	0.00246	0.01025	0.00724	0.00410	0.01292
59	0.02234	0.02769	0.14571	0.09781	0.07104	0.19239	0.01942	0.10322	0.08413	0.02779	0.01972	0.02636	0.01639	0.01299	0.04590	0.00321	0.01192	0.05574	0.00526	0.01095
60	0.01802	0.00980	0.01240	0.01133	0.01447	0.00863	0.00863	0.02081	0.02098	0.20247	0.21978	0.17653	0.20749	0.01786	0.00955	0.00279	0.00503	0.01543	0.00882	0.00917
61	0.01831	0.01707	0.02832	0.12089	0.45852	0.01741	0.02232	0.02297	0.01866	0.02580	0.02401	0.03399	0.06421	0.01040	0.00875	0.00269	0.00933	0.08003	0.00476	0.01156
62	0.01958	0.02500	0.16537	0.04230	0.40982	0.01990	0.14415	0.02588	0.01877	0.02687	0.01571	0.02031	0.01251	0.00742	0.00847	0.00257	0.01117	0.00761	0.00401	0.01260
63	0.03103	0.03959	0.02354	0.02140	0.02568	0.67469	0.01605	0.03317	0.02354	0.02033	0.01284	0.01498	0.01070	0.00856	0.00749	0.00214	0.01498	0.00535	0.00428	0.00963
64	0.01666	0.04297	0.66500	0.02368	0.03596	0.01929	0.03069	0.02631	0.01754	0.02631	0.01491	0.01754	0.01052	0.00789	0.00789	0.00263	0.01228	0.00614	0.00351	0.01228
65	0.03158	0.02327	0.02493	0.01911	0.02576	0.02576	0.01579	0.62852	0.03906	0.05236	0.01995	0.01995	0.01413	0.00997	0.00831	0.00249	0.00914	0.00748	0.00831	0.01413
66	0.01455	0.01311	0.01808	0.01688	0.01713	0.01682	0.01317	0.01617	0.01389	0.02018	0.02527	0.27559	0.02886	0.06224	0.04902	0.00421	0.36794	0.01371	0.00527	0.00791
67	0.01030	0.00820	0.00869	0.00892	0.01090	0.00718	0.00623	0.01191	0.01723	0.02106	0.06822	0.15016	0.45931	0.15551	0.01624	0.00390	0.00503	0.01721	0.00719	0.00660
68	0.01208	0.00805	0.00906	0.00906	0.00906	0.00805	0.00503	0.01208	0.01208	0.01611	0.02618	0.05436	0.03020	0.70804	0.04228	0.00805	0.00805	0.01208	0.00503	0.00503
69	0.01188	0.00885	0.01309	0.01309	0.01449	0.01025	0.01006	0.01467	0.01328	0.01910	0.02249	0.03393	0.02133	0.10088	0.63731	0.01303	0.02140	0.00909	0.00449	0.00727
70	0.01153	0.00858	0.01263	0.01300	0.01429	0.00968	0.00986	0.01420	0.01385	0.01966	0.02684	0.16319	0.02743	0.05524	0.54563	0.01141	0.01886	0.01177	0.00509	0.00729
71	0.00995	0.00791	0.00894	0.00976	0.01157	0.00690	0.00691	0.01177	0.01764	0.02191	0.06776	0.34598	0.39740	0.02317	0.01015	0.00305	0.00447	0.02013	0.00771	0.00690
72	0.01187	0.00890	0.01335	0.01335	0.01483	0.01038	0.01038	0.01483	0.01335	0.01928	0.02225	0.03264	0.02077	0.06231	0.67512	0.01335	0.02225	0.00890	0.00445	0.00742
73	0.02909	0.03381	0.02566	0.02680	0.14665	0.47068	0.01783	0.10360	0.02453	0.02551	0.01423	0.01665	0.01159	0.00851	0.00773	0.00225	0.01330	0.00600	0.00473	0.01085
74	0.02977	0.03720	0.02477	0.02498	0.10183	0.59559	0.01719	0.03225	0.02298	0.02115	0.01318	0.01566	0.01100	0.00842	0.00758	0.00218	0.01436	0.00560	0.00426	0.01006
75	0.01252	0.00821	0.00981	0.01041	0.01107	0.00816	0.00707	0.01390	0.01454	0.02020	0.03204	0.13451	0.03543	0.41098	0.02819	0.00595	0.00709	0.12752	0.09633	0.00607
76	0.01918	0.01779	0.02982	0.04414	0.53364	0.01779	0.02317	0.02391	0.01896	0.02670	0.02107	0.03459	0.01981	0.01038	0.00885	0.00273	0.00944	0.12114	0.00479	0.01210
77	0.01095	0.00833	0.00965	0.00976	0.01129	0.00798	0.00678	0.01252	0.01551	0.01976	0.05162	0.09778	0.29934	0.24629	0.14976	0.00655	0.00897	0.01447	0.00623	0.00645
78	0.01155	0.00839	0.00980	0.00984	0.01192	0.00744	0.00712	0.01390	0.01926	0.04846	0.21782	0.19312	0.32304	0.06579	0.01205	0.00320	0.00461	0.01737	0.00800	0.00731
79	0.01758	0.01735	0.02532	0.18246	0.03035	0.02376	0.01936	0.02029	0.01366	0.02029	0.01184	0.01913	0.01095	0.01304	0.02269	0.00343	0.52846	0.00730	0.00365	0.00912
80	0.16767	0.01238	0.01469	0.01237	0.01691	0.01174	0.00989	0.02790	0.02121	0.31069	0.19268	0.06608	0.07607	0.01289	0.00830	0.00263	0.00585	0.01058	0.00873	0.01074
81	0.01025	0.00728	0.00960	0.01140	0.01185	0.00683	0.00754	0.01160	0.01566	0.02087	0.04451	0.66025	0.05333	0.07060	0.01267	0.00368	0.00503	0.02286	0.00754	0.00664
82	0.01723	0.01477	0.01723	0.01230	0.01969	0.01107	0.00984	0.02092	0.01723	0.02707	0.01477	0.01723	0.01230	0.00615	0.00615	0.00123	0.00615	0.00492	0.00492	0.75883
83	0.01137	0.00820	0.01041	0.01078	0.01166	0.00839	0.00734	0.01281	0.01403	0.01882	0.03574	0.17516	0.10726	0.29634	0.22623	0.00815	0.01132	0.01398	0.00569	0.00633
84	0.02056	0.01974	0.03372	0.05099	0.65622	0.01974	0.02550	0.02550	0.01892	0.02714	0.01563	0.02056	0.01316	0.00740	0.00822	0.00247	0.00987	0.00740	0.00411	0.01316
85	0.01390	0.00803	0.00860	0.00868	0.01049	0.00791	0.00641	0.01698	0.01684	0.02692	0.03614	0.04391	0.12051	0.09653	0.05464	0.00360	0.00577	0.03417	0.47268	0.00729
86	0.01208	0.00805	0.00906	0.00906	0.00906	0.00805	0.00503	0.01208	0.01208	0.01611	0.02618	0.05436	0.03020	0.70804	0.04228	0.00805	0.00805	0.01208	0.00503	0.00503
87	0.01443	0.00722	0.01082	0.01082	0.01082	0.00722	0.00722	0.01082	0.01082	0.01443	0.01443	0.02525	0.01443	0.02886	0.03247	0.75830	0.00722	0.00722	0.00361	0.00361
88	0.01990	0.02000	0.02971	0.08448	0.27155	0.05871	0.06342	0.02500	0.05758	0.02430	0.01504	0.02035	0.01284	0.01023	0.01489	0.00292	0.24620	0.00754	0.00421	0.01112
89	0.01187	0.00890	0.01335	0.01335	0.01483	0.01038	0.01038	0.01483	0.01335	0.01928	0.02225	0.03264	0.02077	0.06231	0.67512	0.01335	0.02225	0.00890	0.00445	0.00742
90	0.07107	0.16324	0.30857	0.02450	0.03408	0.02239	0.21119	0.02600	0.01782	0.02587	0.01462	0.01796	0.01109	0.00745	0.00780	0.00252	0.01176	0.00684	0.00385	0.01140
91	0.02516	0.03019	0.02042	0.01893	0.02236	0.47110	0.01431	0.02755	0.02042	0.02001	0.01573	0.02039	0.01379	0.02503	0.21210	0.00558	0.01721	0.00644	0.00433	0.00895
92	0.01743	0.01028	0.01258	0.01130	0.01462	0.00929	0.00863	0.02093	0.04437	0.16985	0.16870	0.09954	0.23231	0.05840	0.05092	0.00362	0.00631	0.01374	0.00815	0.03905
93	0.10725	0.03972	0.58616	0.02214	0.03355	0.01921	0.02807	0.02608	0.01713	0.02763	0.01450	0.01705	0.01034	0.00787	0.00756	0.00262	0.01157	0.00594	0.00371	0.01188
94	0.02370	0.32157	0.19527	0.01889	0.02648	0.21592	0.01900	0.04945	0.01979	0.02268	0.01308	0.01512	0.01076	0.00783	0.00672	0.00213	0.01153	0.00525	0.00393	0.01090
95	0.01360	0.01277	0.01763	0.01528	0.01813	0.05347	0.12594	0.01607	0.01727	0.02156	0.04567	0.21560	0.21701	0.15265	0.01619	0.00393	0.00769	0.01571	0.00629	0.00754
96	0.01269	0.00976	0.01350	0.01306	0.01391	0.01149	0.00969	0.01461	0.01289	0.01840	0.02208	0.03755	0.02247	0.25444	0.40293	0.01055	0.09889	0.00968	0.00453	0.00689
97	0.02191	0.02285	0.02134	0.02263	0.14456	0.21781	0.01469	0.02766	0.09499	0.02587	0.02230	0.02413	0.05891	0.00903	0.00748	0.00210	0.00936	0.00714	0.05416	0.19108
98	0.02236	0.06527	0.06315	0.01481	0.01972	0.14234	0.01251	0.05973	0.04961	0.14959	0.04242	0.08005	0.21686	0.01390	0.00855	0.00257	0.00816	0.01114	0.00705	0.01019
99	0.02473	0.20513	0.02833	0.02179	0.12042	0.19827	0.01554	0.12901	0.02290	0.02784	0.01844	0.02049	0.03799	0.00885	0.00709	0.00216	0.01001	0.00652	0.08356	0.01091

[dist]
# distance from previous block
# <min> <max>
5	12

[block]
# block no. 4 follows, 22 sequences, length 33
# corresponding to MSA columns:
# 254-286
name=unknown_E
#
# <colnr> <probs for GDERKNQSTAVLIFYWHMCP>
#	G	D	E	R	K	N	Q	S	T	A	V	L	I	F	Y	W	H	M	C	P
0	0.01919	0.17281	0.02762	0.01816	0.02231	0.12819	0.12205	0.02219	0.01707	0.02112	0.01855	0.05116	0.01761	0.11700	0.11574	0.00484	0.04193	0.00836	0.04519	0.00891
1	0.01971	0.30806	0.35714	0.01972	0.02901	0.06065	0.02284	0.02586	0.01741	0.02304	0.01330	0.01575	0.01060	0.00789	0.00764	0.00231	0.03869	0.00547	0.00357	0.01136
2	0.03103	0.03959	0.02354	0.02140	0.02568	0.67469	0.01605	0.03317	0.02354	0.02033	0.01284	0.01498	0.01070	0.00856	0.00749	0.00214	0.01498	0.00535	0.00428	0.00963
3	0.01666	0.04297	0.66500	0.02368	0.03596	0.01929	0.03069	0.02631	0.01754	0.02631	0.01491	0.01754	0.01052	0.00789	0.00789	0.00263	0.01228	0.00614	0.00351	0.01228
4	0.01187	0.00890	0.01335	0.01335	0.01483	0.01038	0.01038	0.01483	0.01335	0.01928	0.02225	0.03264	0.02077	0.06231	0.67512	0.01335	0.02225	0.00890	0.00445	0.00742
5	0.01005	0.00749	0.00937	0.01087	0.01187	0.00681	0.00740	0.01165	0.01658	0.02148	0.05430	0.56449	0.18758	0.02492	0.01043	0.00325	0.00468	0.02227	0.00771	0.00681
6	0.01208	0.00805	0.00906	0.00906	0.00906	0.00805	0.00503	0.01208	0.01208	0.01611	0.02618	0.05436	0.03020	0.70804	0.04228	0.00805	0.00805	0.01208	0.00503	0.00503
7	0.02175	0.02212	0.03454	0.07706	0.41822	0.08535	0.13222	0.05801	0.02044	0.02738	0.01574	0.02039	0.01276	0.00763	0.00845	0.00251	0.01115	0.00763	0.00434	0.01230
8	0.03001	0.08112	0.02489	0.02030	0.02520	0.48720	0.01574	0.13533	0.05678	0.02650	0.01503	0.01653	0.01202	0.00884	0.00753	0.00221	0.01315	0.00586	0.00513	0.01065
9	0.01107	0.00835	0.01023	0.01001	0.01205	0.00751	0.00741	0.01425	0.02152	0.02916	0.43768	0.13061	0.23178	0.01898	0.00988	0.00274	0.00409	0.01656	0.00861	0.00751
10	0.02314	0.64207	0.04143	0.01497	0.02178	0.10051	0.01441	0.02575	0.01758	0.01963	0.01169	0.01350	0.01067	0.00726	0.00556	0.00182	0.00953	0.00454	0.00363	0.01055
11	0.01007	0.00744	0.00942	0.01100	0.01190	0.00680	0.00746	0.01163	0.01645	0.02143	0.05271	0.59034	0.16277	0.02513	0.01046	0.00327	0.00471	0.02252	0.00771	0.00680
12	0.19424	0.03437	0.02103	0.01908	0.02355	0.52916	0.01449	0.03123	0.02146	0.02409	0.01256	0.01465	0.01032	0.00837	0.00697	0.00224	0.01308	0.00516	0.00447	0.00949
13	0.02017	0.01979	0.03409	0.04575	0.51751	0.02059	0.08071	0.02489	0.01819	0.02617	0.01513	0.02043	0.01282	0.00828	0.01082	0.00265	0.09790	0.00761	0.00406	0.01245
14	0.01029	0.00801	0.00939	0.01017	0.01194	0.00711	0.00733	0.01240	0.01821	0.02315	0.12372	0.32350	0.33338	0.02268	0.01020	0.00306	0.00458	0.04604	0.00785	0.00702
15	0.02309	0.64607	0.04154	0.01493	0.02176	0.09670	0.01440	0.02570	0.01754	0.01962	0.01168	0.01349	0.01066	0.00725	0.00555	0.00181	0.00949	0.00453	0.00363	0.01056
16	0.01517	0.04130	0.01454	0.01298	0.01532	0.01227	0.00982	0.12438	0.01978	0.02623	0.03744	0.26678	0.09973	0.09593	0.13173	0.00536	0.00930	0.04688	0.00679	0.00827
17	0.01075	0.00738	0.00943	0.01096	0.01148	0.00700	0.00721	0.01216	0.01548	0.02116	0.04182	0.56769	0.04925	0.11923	0.01466	0.00392	0.00520	0.02095	0.05768	0.00658
18	0.01012	0.00723	0.00964	0.01157	0.01205	0.00675	0.00771	0.01157	0.01591	0.02121	0.04579	0.70262	0.05495	0.02603	0.01060	0.00337	0.00482	0.02362	0.00771	0.00675
19	0.02040	0.02081	0.02662	0.39008	0.18270	0.13748	0.02195	0.05741	0.01960	0.02407	0.01489	0.02038	0.01164	0.00824	0.00814	0.00257	0.01141	0.00703	0.00414	0.01044
20	0.18533	0.20766	0.36113	0.01842	0.02779	0.02261	0.02166	0.02552	0.01661	0.02703	0.01331	0.01556	0.01022	0.00765	0.00663	0.00240	0.01011	0.00534	0.00388	0.01113
21	0.01889	0.31214	0.41536	0.01988	0.03008	0.02475	0.02407	0.02573	0.01727	0.02359	0.01356	0.01585	0.01058	0.00758	0.00686	0.00229	0.01091	0.00546	0.00353	0.01163
22	0.12427	0.28826	0.20181	0.04272	0.02526	0.02273	0.01815	0.02378	0.01703	0.02484	0.01800	0.02825	0.01660	0.01010	0.00714	0.00250	0.00934	0.10447	0.00445	0.01031
23	0.01854	0.20280	0.02247	0.01401	0.01828	0.01903	0.01148	0.05177	0.20449	0.05284	0.03513	0.19691	0.09045	0.01467	0.00827	0.00265	0.00666	0.01226	0.00694	0.01036
24	0.01527	0.13679	0.01830	0.01360	0.01638	0.01424	0.01107	0.07682	0.01907	0.02475	0.03690	0.29952	0.06776	0.02254	0.05439	0.00374	0.00776	0.14586	0.00679	0.00845
25	0.02542	0.02910	0.01992	0.01849	0.02200	0.42524	0.01376	0.09006	0.02311	0.02394	0.02252	0.20190	0.02306	0.01344	0.00842	0.00251	0.01161	0.01053	0.00564	0.00932
26	0.02181	0.05796	0.01856	0.01541	0.01912	0.21973	0.01183	0.13890	0.02303	0.02707	0.03230	0.10024	0.13386	0.06280	0.04572	0.00341	0.01001	0.01047	0.03849	0.00929
27	0.15855	0.01720	0.01836	0.01874	0.08274	0.06124	0.01359	0.09181	0.15922	0.06359	0.08448	0.03857	0.02773	0.01250	0.00841	0.00281	0.00768	0.11485	0.00712	0.01081
28	0.02204	0.01595	0.02012	0.02106	0.13373	0.01623	0.01388	0.19840	0.05114	0.09625	0.03133	0.10520	0.08458	0.07933	0.01196	0.00316	0.00771	0.03365	0.00713	0.04713
29	0.02411	0.02828	0.05647	0.02711	0.11848	0.26985	0.13485	0.03233	0.14797	0.02596	0.01845	0.02067	0.01447	0.00854	0.00821	0.00244	0.01192	0.00735	0.00508	0.03747
30	0.09895	0.02803	0.05536	0.02815	0.20964	0.28275	0.01818	0.06908	0.04301	0.02708	0.01872	0.02102	0.04697	0.00897	0.00771	0.00239	0.01123	0.00685	0.00488	0.01101
31	0.02254	0.02835	0.13169	0.02887	0.20274	0.22906	0.02065	0.05690	0.02123	0.02566	0.01994	0.03142	0.01822	0.01079	0.00852	0.00264	0.01148	0.11345	0.00491	0.01093
32	0.01792	0.14997	0.20148	0.13971	0.03053	0.08828	0.01917	0.02393	0.04817	0.02323	0.02770	0.03150	0.12009	0.01086	0.00796	0.00254	0.00992	0.03214	0.00474	0.01013

[dist]
# distance from previous block
# <min> <max>
22	31

[block]
# block no. 5 follows, 22 sequences, length 13
# corresponding to MSA columns:
# 318-330
name=unknown_F
#
# <colnr> <probs for GDERKNQSTAVLIFYWHMCP>
#	G	D	E	R	K	N	Q	S	T	A	V	L	I	F	Y	W	H	M	C	P
0	0.01622	0.01342	0.01832	0.12555	0.02350	0.01609	0.01376	0.02162	0.09064	0.05208	0.18357	0.07610	0.03465	0.07165	0.01690	0.00344	0.19627	0.01096	0.00627	0.00900
1	0.13670	0.15969	0.02718	0.02519	0.19526	0.07554	0.01649	0.02343	0.01650	0.02449	0.01448	0.01925	0.01279	0.01740	0.11961	0.00425	0.09088	0.00641	0.00417	0.01029
2	0.01361	0.01090	0.01464	0.04155	0.01687	0.01206	0.01053	0.01694	0.04389	0.02066	0.02324	0.09089	0.02333	0.16561	0.29344	0.00813	0.08287	0.01010	0.00498	0.09577
3	0.12142	0.02055	0.06371	0.06730	0.16897	0.05368	0.01953	0.02294	0.01537	0.02446	0.01264	0.01813	0.01114	0.01092	0.01664	0.00304	0.32859	0.00677	0.00398	0.01023
4	0.01542	0.01307	0.01389	0.01441	0.05163	0.06635	0.00905	0.01880	0.08672	0.01979	0.02546	0.07916	0.02717	0.44860	0.03082	0.00610	0.04973	0.01126	0.00537	0.00718
5	0.10197	0.01240	0.01867	0.01655	0.04244	0.01250	0.10114	0.02063	0.01827	0.08369	0.16060	0.03714	0.06774	0.02581	0.19267	0.00556	0.01128	0.01019	0.05169	0.00905
6	0.02670	0.14330	0.02598	0.05906	0.02588	0.34438	0.01582	0.12799	0.02409	0.02609	0.01754	0.02510	0.01559	0.01021	0.00778	0.00237	0.01192	0.07474	0.00518	0.01029
7	0.10732	0.01802	0.02616	0.28930	0.23117	0.02023	0.02084	0.13538	0.02119	0.03068	0.01562	0.02025	0.01204	0.00827	0.00791	0.00260	0.00981	0.00707	0.00484	0.01132
8	0.02329	0.02395	0.16348	0.02566	0.16771	0.01902	0.01973	0.14119	0.11151	0.10529	0.02073	0.02177	0.01525	0.00872	0.00798	0.00243	0.00904	0.00725	0.00618	0.09982
9	0.12645	0.02772	0.23330	0.02200	0.10020	0.09992	0.01926	0.02810	0.12049	0.02744	0.01869	0.02350	0.01538	0.08973	0.01157	0.00320	0.01006	0.00718	0.00491	0.01089
10	0.22965	0.01579	0.01976	0.02271	0.18271	0.01643	0.04296	0.05860	0.06637	0.03077	0.03497	0.03569	0.18830	0.01166	0.00789	0.00263	0.00725	0.00963	0.00598	0.01026
11	0.01417	0.01075	0.05052	0.01223	0.01430	0.00969	0.00971	0.01642	0.01548	0.05980	0.12150	0.03919	0.03024	0.16198	0.26633	0.09644	0.01259	0.01000	0.04134	0.00730
12	0.02120	0.02026	0.01934	0.02011	0.09346	0.16392	0.01366	0.13606	0.09401	0.02912	0.03188	0.21374	0.07865	0.01486	0.00889	0.00272	0.00865	0.01250	0.00672	0.01026

[dist]
# distance from previous block
# <min> <max>
32	52

[block]
# block no. 6 follows, 22 sequences, length 15
# corresponding to MSA columns:
# 391-405
name=unknown_G
#
# <colnr> <probs for GDERKNQSTAVLIFYWHMCP>
#	G	D	E	R	K	N	Q	S	T	A	V	L	I	F	Y	W	H	M	C	P
0	0.02757	0.02438	0.02414	0.10660	0.08065	0.17478	0.01698	0.24606	0.10574	0.08082	0.01995	0.02111	0.01474	0.00941	0.00813	0.00249	0.01034	0.00727	0.00660	0.01225
1	0.16074	0.05084	0.02117	0.02190	0.12887	0.29666	0.01452	0.02607	0.01993	0.02498	0.02602	0.02743	0.12776	0.01043	0.00753	0.00238	0.01034	0.00773	0.00501	0.00968
2	0.11843	0.02126	0.01942	0.01651	0.02116	0.14009	0.01315	0.26790	0.02615	0.03538	0.02272	0.02525	0.06058	0.02130	0.14888	0.00476	0.01229	0.00774	0.00631	0.01072
3	0.01804	0.02482	0.23750	0.02242	0.02864	0.01810	0.13217	0.02345	0.01707	0.07624	0.02146	0.14423	0.01991	0.01270	0.01306	0.00301	0.16125	0.01043	0.00499	0.01052
4	0.01839	0.01790	0.02143	0.02740	0.25042	0.12673	0.01548	0.02115	0.01680	0.02151	0.01925	0.03092	0.01874	0.20325	0.14954	0.00605	0.01272	0.00858	0.00445	0.00927
5	0.01224	0.00946	0.01103	0.01172	0.01328	0.00949	0.00814	0.01762	0.12980	0.02323	0.04732	0.39811	0.14288	0.10854	0.01408	0.00377	0.00545	0.01859	0.00751	0.00774
6	0.05186	0.01777	0.02417	0.03049	0.29070	0.01889	0.01772	0.03300	0.28165	0.05659	0.02858	0.02909	0.06265	0.01011	0.00831	0.00265	0.00783	0.00886	0.00649	0.01260
7	0.02130	0.01794	0.02589	0.12419	0.03031	0.02073	0.10373	0.08329	0.18724	0.08411	0.04284	0.02536	0.01847	0.01092	0.01285	0.00293	0.16176	0.00860	0.00620	0.01135
8	0.02127	0.01678	0.01997	0.01849	0.07721	0.01666	0.01376	0.22907	0.05068	0.03527	0.02841	0.03809	0.07260	0.01206	0.00844	0.00244	0.00764	0.11567	0.00688	0.20860
9	0.01721	0.01465	0.01777	0.01857	0.08787	0.06079	0.01254	0.09442	0.01769	0.02383	0.02133	0.05764	0.02093	0.18578	0.24393	0.00754	0.07437	0.00944	0.00507	0.00865
10	0.26064	0.02691	0.27268	0.02197	0.10575	0.01813	0.04582	0.02492	0.01667	0.03024	0.01450	0.01736	0.01103	0.00768	0.00691	0.00247	0.00935	0.00590	0.03585	0.06523
11	0.02331	0.02490	0.02486	0.02239	0.05723	0.24624	0.06601	0.09793	0.02065	0.02481	0.01549	0.02043	0.01330	0.01975	0.13536	0.00465	0.16093	0.00715	0.00464	0.00996
12	0.02099	0.02182	0.02830	0.03957	0.44946	0.13890	0.02107	0.02501	0.01977	0.02523	0.02471	0.02785	0.10228	0.00953	0.00831	0.00245	0.01002	0.00844	0.00465	0.01165
13	0.01782	0.01410	0.01504	0.01345	0.01714	0.04125	0.01026	0.04663	0.19365	0.06069	0.07933	0.04552	0.09992	0.13982	0.01477	0.00358	0.00690	0.06277	0.00716	0.11020
14	0.11481	0.01433	0.01886	0.02112	0.16055	0.01375	0.01311	0.02498	0.05034	0.14414	0.02469	0.12955	0.02247	0.07305	0.01091	0.00295	0.00718	0.00982	0.00638	0.13700

[dist]
# distance from previous block
# <min> <max>
0	1

[block]
# block no. 7 follows, 22 sequences, length 10
# corresponding to MSA columns:
# 407-416
name=unknown_H
#
# <colnr> <probs for GDERKNQSTAVLIFYWHMCP>
#	G	D	E	R	K	N	Q	S	T	A	V	L	I	F	Y	W	H	M	C	P
0	0.02533	0.15263	0.02744	0.02218	0.09248	0.25984	0.01620	0.07560	0.15867	0.02641	0.01795	0.01936	0.01446	0.00920	0.00853	0.00237	0.04821	0.00656	0.00531	0.01127
1	0.02484	0.02821	0.01990	0.09083	0.02510	0.42104	0.01436	0.02722	0.02040	0.02148	0.01574	0.01979	0.01309	0.01305	0.04431	0.05973	0.01274	0.00625	0.11318	0.00874
2	0.01830	0.02021	0.15848	0.01528	0.02019	0.01557	0.01394	0.15276	0.07028	0.02832	0.02238	0.03498	0.02107	0.30980	0.02274	0.00488	0.00901	0.00919	0.00568	0.04696
3	0.13112	0.01275	0.01519	0.01559	0.08547	0.01168	0.01023	0.01842	0.01618	0.02591	0.02641	0.17589	0.05976	0.08824	0.01135	0.00288	0.00640	0.01075	0.00565	0.27012
4	0.01239	0.00780	0.00952	0.00966	0.00992	0.00765	0.00592	0.01169	0.01257	0.01654	0.02913	0.09553	0.07808	0.42102	0.03473	0.20851	0.00728	0.01205	0.00506	0.00494
5	0.01432	0.01181	0.01649	0.01998	0.13520	0.01196	0.01320	0.01974	0.07717	0.02581	0.10831	0.05856	0.15472	0.02402	0.11287	0.00462	0.00916	0.16626	0.00674	0.00906
6	0.02397	0.09159	0.02768	0.18840	0.15857	0.25926	0.01933	0.06234	0.04705	0.02426	0.01503	0.01863	0.01209	0.00832	0.00772	0.00237	0.01175	0.00646	0.00444	0.01074
7	0.01954	0.13375	0.22765	0.07288	0.03210	0.02114	0.11085	0.07536	0.07799	0.02791	0.01683	0.01939	0.01282	0.00792	0.00767	0.00235	0.01031	0.00677	0.00468	0.11209
8	0.01897	0.02023	0.08034	0.21696	0.45010	0.01937	0.02526	0.02443	0.01820	0.02552	0.01534	0.02075	0.01240	0.00768	0.00822	0.00256	0.01037	0.00730	0.00395	0.01205
9	0.01833	0.01746	0.02969	0.34276	0.38189	0.01915	0.02439	0.02354	0.01786	0.02443	0.01523	0.02129	0.01220	0.00782	0.00826	0.00261	0.01042	0.00739	0.00392	0.01136

[dist]
# distance from previous block
# <min> <max>
1	2

[block]
# block no. 8 follows, 22 sequences, length 14
# corresponding to MSA columns:
# 419-432
name=unknown_I
#
# <colnr> <probs for GDERKNQSTAVLIFYWHMCP>
#	G	D	E	R	K	N	Q	S	T	A	V	L	I	F	Y	W	H	M	C	P
0	0.01080	0.00806	0.00999	0.01093	0.01240	0.00740	0.00795	0.01302	0.01807	0.02359	0.14717	0.33685	0.21092	0.05523	0.01189	0.00339	0.00503	0.09250	0.00780	0.00701
1	0.02978	0.02375	0.02290	0.01819	0.02403	0.10907	0.01475	0.48494	0.03470	0.04585	0.01978	0.02048	0.01445	0.00976	0.00793	0.00239	0.00934	0.00723	0.08783	0.01285
2	0.02617	0.02447	0.02163	0.01858	0.02373	0.17535	0.01457	0.20638	0.32666	0.03634	0.02499	0.02413	0.01876	0.01027	0.00819	0.00257	0.00927	0.00791	0.00744	0.01260
3	0.01584	0.00989	0.01250	0.01234	0.01510	0.00922	0.00982	0.01981	0.04922	0.12316	0.16449	0.14808	0.18878	0.01930	0.01005	0.00307	0.00567	0.16660	0.00839	0.00867
4	0.16097	0.10613	0.02039	0.01393	0.01956	0.01789	0.01162	0.09565	0.09620	0.21315	0.06468	0.02804	0.06243	0.01042	0.00747	0.00244	0.00693	0.00803	0.00755	0.04651
5	0.02935	0.02216	0.02367	0.01866	0.02491	0.02472	0.01525	0.50903	0.16218	0.04876	0.02278	0.02220	0.01642	0.01024	0.00834	0.00256	0.00862	0.00787	0.00834	0.01393
6	0.02663	0.02093	0.02368	0.01862	0.02401	0.02354	0.01532	0.40412	0.06800	0.04213	0.01847	0.01995	0.01398	0.01041	0.01154	0.00256	0.13477	0.00723	0.00703	0.10707
7	0.02976	0.03402	0.02315	0.02043	0.02516	0.48069	0.01563	0.13378	0.10726	0.02756	0.01678	0.01791	0.01320	0.00915	0.00775	0.00229	0.01290	0.00624	0.00550	0.01084
8	0.02730	0.10778	0.02370	0.01892	0.02331	0.51810	0.01457	0.02949	0.02222	0.02052	0.02207	0.02334	0.09505	0.01004	0.00756	0.00219	0.01291	0.00685	0.00465	0.00940
9	0.02180	0.01386	0.03813	0.01316	0.01805	0.01197	0.01084	0.10311	0.02336	0.20619	0.15761	0.08203	0.14824	0.01388	0.00875	0.00250	0.00614	0.01164	0.00830	0.10042
10	0.02348	0.02801	0.10342	0.02212	0.09247	0.25974	0.01714	0.12390	0.02303	0.02714	0.02340	0.02591	0.08169	0.01666	0.09172	0.00377	0.01289	0.00777	0.00521	0.01052
11	0.02417	0.10384	0.02017	0.01473	0.01917	0.09946	0.01193	0.03072	0.12687	0.19003	0.02507	0.02634	0.01903	0.01936	0.13059	0.00437	0.01060	0.00768	0.10500	0.01088
12	0.01885	0.04610	0.11119	0.01926	0.09957	0.01469	0.01497	0.05335	0.09489	0.11134	0.10172	0.14126	0.10996	0.01411	0.00885	0.00272	0.00723	0.01212	0.00710	0.01074
13	0.01706	0.09136	0.02736	0.14870	0.03010	0.02036	0.10213	0.02151	0.03802	0.02229	0.02126	0.03243	0.04327	0.01588	0.05878	0.00376	0.20946	0.08231	0.00461	0.00935

[dist]
# distance from previous block
# <min> <max>
42	81

[block]
# block no. 9 follows, 22 sequences, length 25
# corresponding to MSA columns:
# 523-547
name=unknown_J
#
# <colnr> <probs for GDERKNQSTAVLIFYWHMCP>
#	G	D	E	R	K	N	Q	S	T	A	V	L	I	F	Y	W	H	M	C	P
0	0.02552	0.02513	0.02331	0.02412	0.13795	0.22985	0.01636	0.21049	0.02659	0.03196	0.02609	0.03094	0.08893	0.01131	0.00844	0.00251	0.01047	0.05270	0.00613	0.01120
1	0.07241	0.01984	0.08713	0.01653	0.01980	0.12422	0.04125	0.02021	0.01604	0.02170	0.02366	0.05887	0.06627	0.15072	0.12787	0.00553	0.10554	0.00935	0.00474	0.00832
2	0.15630	0.06596	0.20612	0.01672	0.02251	0.01816	0.01708	0.02198	0.01613	0.04897	0.02608	0.02856	0.11836	0.01540	0.06146	0.00358	0.13382	0.00812	0.00486	0.00981
3	0.02333	0.02579	0.02505	0.03119	0.27905	0.28727	0.01789	0.02622	0.01958	0.02233	0.01640	0.02440	0.01524	0.13516	0.01411	0.00335	0.01164	0.00741	0.00435	0.01023
