[name]
unknown

[dist]
# distance from previous block
# <min> <max>
0	9

[block]
# block no. 0 follows, 21 sequences, length 23
# corresponding to MSA columns:
# 9-31
name=unknown_A
#
# <colnr> <probs for GDERKNQSTAVLIFYWHMCP>
#	G	D	E	R	K	N	Q	S	T	A	V	L	I	F	Y	W	H	M	C	P
0	0.01371	0.00980	0.01371	0.01567	0.01763	0.00980	0.01371	0.01763	0.01959	0.02547	0.04506	0.09599	0.04898	0.02351	0.01175	0.00392	0.00784	0.59056	0.00784	0.00784
1	0.76103	0.01646	0.01251	0.01119	0.01646	0.01909	0.00922	0.02502	0.01448	0.03818	0.01185	0.01382	0.00922	0.00790	0.00527	0.00263	0.00658	0.00461	0.00527	0.00922
2	0.02375	0.02832	0.04022	0.03048	0.03716	0.22911	0.38399	0.02897	0.02091	0.02474	0.01551	0.02022	0.01217	0.00820	0.01048	0.00271	0.05956	0.00840	0.00429	0.01081
3	0.18325	0.02845	0.02288	0.02091	0.06587	0.26929	0.01549	0.23202	0.02723	0.03614	0.01556	0.01715	0.01197	0.00900	0.00751	0.00243	0.01112	0.00619	0.00597	0.01155
4	0.03188	0.03793	0.02434	0.02156	0.02632	0.56611	0.01640	0.12600	0.02661	0.02598	0.01430	0.01615	0.01151	0.00900	0.00781	0.00225	0.01441	0.00582	0.00503	0.01059
5	0.03115	0.02135	0.02341	0.01827	0.02469	0.02312	0.01498	0.45987	0.09029	0.13428	0.02650	0.02540	0.04472	0.01089	0.00860	0.00261	0.00860	0.00843	0.00878	0.01406
6	0.02106	0.02022	0.03454	0.05223	0.64784	0.02022	0.02612	0.02612	0.01938	0.02780	0.01601	0.02106	0.01348	0.00758	0.00842	0.00253	0.01011	0.00758	0.00421	0.01348
7	0.02001	0.02034	0.02233	0.21194	0.03199	0.15305	0.01727	0.06000	0.02008	0.02519	0.11373	0.06181	0.02453	0.01247	0.01315	0.00290	0.16526	0.00920	0.00528	0.00946
8	0.01056	0.00864	0.00932	0.00915	0.01180	0.00740	0.00686	0.01319	0.02059	0.02582	0.22762	0.07725	0.50121	0.02050	0.01005	0.00282	0.00424	0.01731	0.00827	0.00740
9	0.01757	0.01755	0.02408	0.02547	0.15121	0.06174	0.05289	0.02062	0.01702	0.02294	0.03066	0.03480	0.15527	0.01856	0.07711	0.00406	0.24380	0.01002	0.00492	0.00971
10	0.02265	0.01692	0.01826	0.01536	0.02012	0.01818	0.01213	0.23684	0.19566	0.06965	0.07157	0.04119	0.15369	0.05528	0.01107	0.00307	0.00713	0.01108	0.00837	0.01178
11	0.01114	0.00805	0.00962	0.01030	0.01125	0.00752	0.00677	0.01256	0.01648	0.02167	0.11472	0.30597	0.15906	0.24129	0.02105	0.00480	0.00578	0.01826	0.00718	0.00652
12	0.01090	0.00774	0.00974	0.01100	0.01161	0.00729	0.00719	0.01221	0.01599	0.02124	0.07522	0.47788	0.08851	0.18062	0.01822	0.00448	0.00561	0.02064	0.00735	0.00658
13	0.01718	0.18167	0.21517	0.02108	0.02834	0.01984	0.14262	0.02258	0.01780	0.02401	0.02346	0.20160	0.02359	0.01275	0.00864	0.00274	0.01008	0.01152	0.00492	0.01043
14	0.02000	0.02003	0.02803	0.03989	0.44513	0.09044	0.02101	0.02409	0.01975	0.02595	0.02825	0.06534	0.11378	0.01090	0.00872	0.00259	0.00953	0.00984	0.00500	0.01175
15	0.02333	0.01602	0.02382	0.01880	0.02413	0.01559	0.13750	0.13608	0.05179	0.17302	0.09311	0.12181	0.09886	0.01380	0.00947	0.00282	0.00816	0.01248	0.00803	0.01140
16	0.03080	0.03501	0.02548	0.02456	0.09030	0.46782	0.01738	0.15422	0.02691	0.02833	0.01495	0.01699	0.01195	0.00895	0.00792	0.00230	0.01357	0.00615	0.00522	0.01119
17	0.05095	0.20077	0.32992	0.01860	0.02840	0.02126	0.02138	0.02523	0.01757	0.02590	0.01423	0.01664	0.01117	0.00747	0.00690	0.00215	0.01001	0.00550	0.00401	0.18194
18	0.02212	0.02848	0.17183	0.16717	0.19866	0.15362	0.02361	0.02861	0.04775	0.05404	0.01672	0.02036	0.01281	0.00845	0.00823	0.00258	0.01173	0.00698	0.00451	0.01173
19	0.02504	0.21076	0.03407	0.03199	0.27792	0.15994	0.01984	0.09454	0.02213	0.02715	0.01478	0.01779	0.01237	0.00805	0.00747	0.00227	0.01085	0.00633	0.00458	0.01214
20	0.01248	0.00787	0.00982	0.01025	0.01036	0.00777	0.00626	0.01197	0.01294	0.01725	0.02848	0.18836	0.03282	0.40284	0.03398	0.17476	0.00733	0.01383	0.00543	0.00521
21	0.02279	0.08653	0.03052	0.09781	0.33345	0.16933	0.02129	0.02779	0.04761	0.02488	0.01606	0.02030	0.01341	0.01079	0.03956	0.00297	0.01179	0.00699	0.00438	0.01175
22	0.01920	0.18772	0.38609	0.02063	0.03039	0.02319	0.02390	0.03043	0.14589	0.02719	0.01853	0.01987	0.01398	0.00863	0.00761	0.00254	0.01058	0.00659	0.00466	0.01239

[dist]
# distance from previous block
# <min> <max>
0	3

[block]
# block no. 1 follows, 21 sequences, length 8
# corresponding to MSA columns:
# 35-42
name=unknown_B
#
# <colnr> <probs for GDERKNQSTAVLIFYWHMCP>
#	G	D	E	R	K	N	Q	S	T	A	V	L	I	F	Y	W	H	M	C	P
0	0.02245	0.01831	0.02264	0.02565	0.19245	0.06239	0.01603	0.10798	0.13467	0.08636	0.18303	0.03413	0.03356	0.01151	0.00885	0.00262	0.00795	0.00991	0.00746	0.01204
1	0.02040	0.43197	0.29805	0.01857	0.02805	0.02791	0.02155	0.02609	0.01757	0.02289	0.01326	0.01544	0.01086	0.00761	0.00655	0.00218	0.01054	0.00527	0.00362	0.01161
2	0.01095	0.00782	0.00958	0.01063	0.01159	0.00721	0.00711	0.01195	0.01605	0.02070	0.05094	0.39696	0.19312	0.12265	0.01721	0.06689	0.00547	0.01956	0.00715	0.00646
3	0.01265	0.00896	0.01291	0.01291	0.01449	0.01028	0.01001	0.01581	0.01423	0.02135	0.02346	0.03320	0.02135	0.05663	0.57896	0.01212	0.02028	0.00896	0.10379	0.00764
4	0.17066	0.01646	0.01740	0.01517	0.01966	0.01793	0.01190	0.21725	0.10638	0.08113	0.02879	0.20643	0.02689	0.01447	0.00853	0.00287	0.00710	0.01191	0.00786	0.01122
5	0.01781	0.03886	0.50834	0.02710	0.03870	0.02019	0.17476	0.02703	0.01849	0.02703	0.01575	0.01919	0.01130	0.00786	0.00856	0.00274	0.01301	0.00721	0.00377	0.01231
6	0.01140	0.00808	0.01075	0.01251	0.01331	0.00776	0.00903	0.01332	0.01668	0.02208	0.04429	0.47968	0.05176	0.09858	0.01458	0.00409	0.00600	0.16156	0.00759	0.00695
7	0.01845	0.01344	0.01563	0.01469	0.01751	0.01407	0.01094	0.23515	0.02501	0.03345	0.03718	0.44732	0.04092	0.02062	0.01000	0.00312	0.00656	0.01812	0.00813	0.00969

[dist]
# distance from previous block
# <min> <max>
5	9

[block]
# block no. 2 follows, 21 sequences, length 37
# corresponding to MSA columns:
# 52-88
name=unknown_C
#
# <colnr> <probs for GDERKNQSTAVLIFYWHMCP>
#	G	D	E	R	K	N	Q	S	T	A	V	L	I	F	Y	W	H	M	C	P
0	0.01745	0.01604	0.02552	0.06298	0.23860	0.01795	0.05273	0.02099	0.01690	0.02459	0.02229	0.16556	0.02253	0.01374	0.01386	0.00303	0.18208	0.01127	0.06164	0.01027
1	0.02870	0.02877	0.02693	0.06916	0.16122	0.26404	0.01887	0.23600	0.02821	0.03383	0.01643	0.01881	0.01275	0.00900	0.00818	0.00243	0.01189	0.00682	0.00575	0.01222
2	0.10179	0.25043	0.04193	0.02488	0.03231	0.08359	0.29745	0.02704	0.01892	0.02545	0.01449	0.01820	0.01168	0.00743	0.00779	0.00243	0.01186	0.00722	0.00419	0.01090
3	0.16300	0.16009	0.18591	0.01863	0.07045	0.05999	0.01727	0.02488	0.01739	0.02780	0.01625	0.01942	0.01305	0.01127	0.04316	0.00296	0.00991	0.00608	0.12201	0.01049
4	0.02506	0.53610	0.03936	0.01644	0.02298	0.19535	0.01504	0.02765	0.01903	0.02023	0.01217	0.01408	0.01093	0.00766	0.00603	0.00192	0.01070	0.00479	0.00383	0.01065
5	0.01238	0.00825	0.00928	0.00928	0.00928	0.00825	0.00516	0.01238	0.01238	0.01650	0.02681	0.05569	0.03094	0.70092	0.04331	0.00825	0.00825	0.01238	0.00516	0.00516
6	0.01735	0.01283	0.01638	0.01486	0.01762	0.01450	0.01164	0.17001	0.02033	0.02820	0.02250	0.03180	0.02027	0.09870	0.45058	0.01041	0.01824	0.00899	0.00562	0.00918
7	0.01282	0.00887	0.01191	0.07159	0.01633	0.00876	0.00895	0.01502	0.01764	0.04897	0.17614	0.32591	0.05090	0.16635	0.01730	0.00421	0.00611	0.01751	0.00738	0.00733
8	0.01387	0.01022	0.01109	0.01026	0.01322	0.00963	0.00786	0.08141	0.02263	0.03046	0.21098	0.06315	0.34151	0.01755	0.00928	0.00266	0.00474	0.01471	0.11645	0.00831
9	0.02214	0.02227	0.03349	0.04918	0.58521	0.08537	0.02514	0.02691	0.01985	0.02710	0.01572	0.02049	0.01323	0.00770	0.00835	0.00249	0.01064	0.00737	0.00423	0.01312
10	0.02089	0.04899	0.03062	0.19939	0.18793	0.12149	0.07532	0.02508	0.01813	0.02325	0.01425	0.01995	0.01190	0.00952	0.01253	0.00281	0.15590	0.00733	0.00401	0.01072
11	0.01098	0.00863	0.00975	0.00949	0.01185	0.00758	0.00701	0.01375	0.02085	0.02703	0.30389	0.07311	0.38512	0.05910	0.01197	0.00311	0.00442	0.01662	0.00833	0.00740
12	0.01104	0.00846	0.01011	0.01012	0.01220	0.00753	0.00743	0.01395	0.02108	0.02798	0.33977	0.17365	0.28500	0.02045	0.01018	0.00288	0.00428	0.01778	0.00859	0.00753
13	0.02275	0.70604	0.04459	0.01456	0.02184	0.03367	0.01456	0.02548	0.01729	0.02002	0.01183	0.01365	0.01092	0.00728	0.00546	0.00182	0.00910	0.00455	0.00364	0.01092
14	0.02647	0.43204	0.03616	0.01759	0.02368	0.29434	0.01534	0.02898	0.02010	0.02035	0.01238	0.01435	0.01094	0.00789	0.00637	0.00197	0.01167	0.00493	0.00395	0.01049
15	0.01688	0.02893	0.35275	0.01880	0.02689	0.01618	0.02123	0.08675	0.02258	0.03245	0.24560	0.03491	0.03661	0.01172	0.00885	0.00267	0.00910	0.00977	0.00624	0.01112
16	0.02446	0.08785	0.16283	0.07820	0.18894	0.08940	0.02156	0.03090	0.05803	0.14739	0.01965	0.02143	0.01448	0.00868	0.00805	0.00253	0.01044	0.00712	0.00551	0.01255
17	0.02678	0.02977	0.02054	0.01854	0.02222	0.41356	0.01415	0.07400	0.02284	0.02535	0.01703	0.02023	0.01399	0.01292	0.05016	0.00299	0.05024	0.00646	0.14855	0.00967
18	0.01221	0.00872	0.01047	0.01031	0.01260	0.00773	0.00762	0.01508	0.02105	0.05618	0.30702	0.17283	0.28664	0.02018	0.01011	0.00288	0.00443	0.01750	0.00863	0.00782
19	0.02003	0.01613	0.02036	0.14675	0.06707	0.01829	0.01531	0.07701	0.28111	0.05958	0.02749	0.05540	0.02243	0.06993	0.06170	0.00409	0.00934	0.00963	0.00689	0.01146
20	0.01230	0.00921	0.01093	0.01097	0.01271	0.00887	0.00786	0.01626	0.06572	0.02601	0.23555	0.15233	0.16929	0.16730	0.01736	0.00412	0.00556	0.05232	0.00782	0.00749
21	0.01131	0.00780	0.00960	0.01064	0.01090	0.00754	0.00661	0.01210	0.01445	0.01927	0.03746	0.39453	0.04437	0.34376	0.02612	0.00571	0.00650	0.01864	0.00661	0.00609
22	0.01238	0.00825	0.00928	0.00928	0.00928	0.00825	0.00516	0.01238	0.01238	0.01650	0.02681	0.05569	0.03094	0.70092	0.04331	0.00825	0.00825	0.01238	0.00516	0.00516
23	0.02304	0.02238	0.03213	0.04425	0.48813	0.08175	0.02375	0.08571	0.02148	0.02926	0.01588	0.02031	0.01320	0.00842	0.00959	0.00257	0.05315	0.00739	0.00463	0.01298
24	0.01238	0.00825	0.00928	0.00928	0.00928	0.00825	0.00516	0.01238	0.01238	0.01650	0.02681	0.05569	0.03094	0.70092	0.04331	0.00825	0.00825	0.01238	0.00516	0.00516
25	0.01080	0.00770	0.01013	0.01149	0.01225	0.00720	0.00778	0.01269	0.01759	0.02384	0.16131	0.53841	0.05956	0.06136	0.01246	0.00356	0.00494	0.02185	0.00804	0.00703
26	0.01243	0.00938	0.01193	0.01320	0.01548	0.00888	0.01117	0.01573	0.01952	0.02460	0.05948	0.09106	0.25757	0.02282	0.01116	0.00355	0.00660	0.38996	0.00786	0.00761
27	0.03017	0.03137	0.02286	0.02004	0.02501	0.39043	0.01542	0.10950	0.15613	0.08523	0.02049	0.02071	0.01552	0.00970	0.00807	0.00243	0.01203	0.00691	0.00636	0.01162
28	0.02117	0.01828	0.01924	0.01732	0.02213	0.02117	0.01347	0.04522	0.63246	0.03560	0.03464	0.03175	0.02598	0.01155	0.00866	0.00289	0.00673	0.00962	0.00866	0.01347
29	0.01037	0.00741	0.00987	0.01185	0.01234	0.00691	0.00790	0.01185	0.01629	0.02172	0.04690	0.69537	0.05629	0.02666	0.01086	0.00346	0.00494	0.02419	0.00790	0.00691
30	0.01888	0.02403	0.17850	0.32449	0.10599	0.02056	0.05211	0.08795	0.01988	0.02721	0.01570	0.02095	0.01182	0.00878	0.00952	0.00279	0.04792	0.00738	0.00431	0.01123
31	0.02099	0.02072	0.03256	0.14345	0.52216	0.05994	0.02515	0.02595	0.01932	0.02647	0.01570	0.02095	0.01301	0.00779	0.00839	0.00255	0.01062	0.00745	0.00416	0.01266
32	0.01089	0.00790	0.01028	0.01128	0.01241	0.00729	0.00785	0.01322	0.01899	0.02579	0.24101	0.45445	0.10031	0.02337	0.01055	0.00317	0.00460	0.02098	0.00837	0.00729
33	0.01036	0.00805	0.00942	0.01031	0.01199	0.00712	0.00726	0.01233	0.01829	0.02324	0.11013	0.37096	0.32288	0.02365	0.01044	0.00313	0.00458	0.02072	0.00801	0.00712
34	0.01716	0.01654	0.02738	0.04881	0.02769	0.01787	0.19843	0.02544	0.14868	0.02620	0.02840	0.21613	0.02776	0.01491	0.01267	0.00317	0.11294	0.01349	0.00615	0.01019
35	0.24844	0.13918	0.02753	0.02750	0.22946	0.14735	0.01715	0.02720	0.01845	0.02829	0.01348	0.01650	0.01126	0.00786	0.00682	0.00237	0.00988	0.00576	0.00447	0.01105
36	0.16521	0.07748	0.17758	0.02107	0.05139	0.02073	0.09628	0.10174	0.05607	0.06387	0.01729	0.01923	0.01289	0.00828	0.00756	0.00249	0.00972	0.00673	0.00542	0.07897

[dist]
# distance from previous block
# <min> <max>
0	1

[block]
# block no. 3 follows, 21 sequences, length 52
# corresponding to MSA columns:
# 90-141
name=unknown_D
#
# <colnr> <probs for GDERKNQSTAVLIFYWHMCP>
#	G	D	E	R	K	N	Q	S	T	A	V	L	I	F	Y	W	H	M	C	P
0	0.20028	0.08138	0.02372	0.01803	0.02338	0.19163	0.01467	0.23588	0.02607	0.03631	0.01515	0.01689	0.01180	0.00941	0.00874	0.00251	0.06073	0.00612	0.00593	0.01138
1	0.02168	0.27576	0.17758	0.01938	0.05229	0.10011	0.01846	0.03001	0.12835	0.02561	0.01808	0.01959	0.01440	0.00859	0.00706	0.00230	0.00993	0.00632	0.05293	0.01156
2	0.20276	0.05735	0.08621	0.02186	0.14034	0.09362	0.01575	0.02327	0.01813	0.02754	0.03045	0.03194	0.15868	0.01149	0.00880	0.00264	0.04514	0.00872	0.00523	0.01008
3	0.01522	0.01240	0.01331	0.05519	0.01659	0.07989	0.00974	0.01767	0.01539	0.02124	0.02327	0.03667	0.02231	0.22093	0.26390	0.00817	0.01388	0.00932	0.13759	0.00734
4	0.01109	0.00830	0.01030	0.01056	0.01232	0.00750	0.00763	0.01393	0.02070	0.02789	0.33827	0.25476	0.20337	0.02110	0.01029	0.00295	0.00436	0.01859	0.00860	0.00750
5	0.02299	0.29287	0.03868	0.06450	0.03041	0.10308	0.15639	0.07006	0.01991	0.02446	0.01401	0.01769	0.01171	0.00862	0.00984	0.00245	0.09045	0.00670	0.00426	0.01091
6	0.01942	0.31815	0.40332	0.02024	0.03063	0.02552	0.02445	0.02634	0.01769	0.02408	0.01385	0.01618	0.01084	0.00775	0.00700	0.00233	0.01114	0.00557	0.00361	0.01189
7	0.01586	0.00793	0.00793	0.00793	0.00991	0.00793	0.00595	0.01983	0.01785	0.03173	0.02776	0.03173	0.02181	0.00991	0.00595	0.00198	0.00397	0.00793	0.74817	0.00793
8	0.02312	0.02412	0.03254	0.04642	0.52854	0.14431	0.02426	0.02763	0.02029	0.02646	0.01546	0.01997	0.01300	0.00781	0.00828	0.00246	0.01112	0.00718	0.00425	0.01279
9	0.01867	0.01019	0.01265	0.01137	0.01483	0.00890	0.00875	0.02156	0.02169	0.20673	0.20968	0.12733	0.25833	0.01787	0.00971	0.00282	0.00514	0.01527	0.00903	0.00947
10	0.01586	0.00793	0.00793	0.00793	0.00991	0.00793	0.00595	0.01983	0.01785	0.03173	0.02776	0.03173	0.02181	0.00991	0.00595	0.00198	0.00397	0.00793	0.74817	0.00793
11	0.01165	0.00868	0.01083	0.01029	0.01247	0.00786	0.00772	0.01530	0.02316	0.03192	0.53291	0.06720	0.19211	0.01822	0.01004	0.00272	0.00407	0.01590	0.00908	0.00786
12	0.02270	0.02695	0.09791	0.08234	0.40737	0.16371	0.02438	0.02768	0.02013	0.02578	0.01524	0.01957	0.01250	0.00796	0.00823	0.00249	0.01161	0.00698	0.00416	0.01233
13	0.01006	0.00862	0.00862	0.00862	0.01149	0.00718	0.00647	0.01221	0.01940	0.02299	0.08621	0.08190	0.64438	0.02155	0.01006	0.00287	0.00431	0.01796	0.00790	0.00718
14	0.01457	0.00801	0.00861	0.00861	0.00977	0.00801	0.00576	0.01665	0.01549	0.02529	0.02659	0.03974	0.02455	0.25324	0.02081	0.05285	0.00569	0.00945	0.43961	0.00668
15	0.01170	0.00921	0.01352	0.16773	0.02313	0.00971	0.01157	0.01416	0.01646	0.02173	0.03950	0.53854	0.04581	0.02243	0.01031	0.00331	0.00643	0.02032	0.00694	0.00750
16	0.02164	0.01763	0.01580	0.01520	0.01831	0.16350	0.01194	0.06222	0.02161	0.09376	0.03167	0.14491	0.03067	0.01563	0.00897	0.00284	0.00841	0.15186	0.15412	0.00932
17	0.01072	0.00838	0.00972	0.00996	0.01205	0.00738	0.00725	0.01329	0.02012	0.02605	0.24477	0.21144	0.34564	0.02143	0.01023	0.00294	0.00436	0.01856	0.00834	0.00738
18	0.01146	0.00786	0.00955	0.01046	0.01068	0.00764	0.00641	0.01213	0.01417	0.01889	0.03601	0.34852	0.04254	0.39226	0.02846	0.00606	0.00673	0.01779	0.00641	0.00596
19	0.01765	0.01513	0.01765	0.01260	0.02017	0.01134	0.01008	0.02143	0.01765	0.02773	0.01513	0.01765	0.01260	0.00630	0.00630	0.00126	0.00630	0.00504	0.00504	0.75295
20	0.01151	0.00868	0.01063	0.01014	0.01238	0.00780	0.00761	0.01502	0.02282	0.03111	0.49236	0.06854	0.23317	0.01852	0.01004	0.00273	0.00409	0.01609	0.00897	0.00780
21	0.01069	0.00830	0.00980	0.01071	0.01254	0.00741	0.00787	0.01290	0.01856	0.02349	0.10250	0.31069	0.32623	0.02340	0.01054	0.00319	0.00490	0.08109	0.00799	0.00721
22	0.02009	0.02296	0.05022	0.03587	0.04448	0.02152	0.61693	0.02726	0.02009	0.02726	0.01722	0.02296	0.01291	0.00717	0.01004	0.00287	0.01435	0.01004	0.00430	0.01148
23	0.01217	0.00907	0.01344	0.01344	0.01488	0.01051	0.01034	0.01504	0.01361	0.01958	0.02301	0.03463	0.02180	0.09816	0.63357	0.01338	0.02201	0.00929	0.00459	0.00747
24	0.03179	0.04056	0.02412	0.02192	0.02631	0.66676	0.01644	0.03398	0.02412	0.02083	0.01315	0.01535	0.01096	0.00877	0.00767	0.00219	0.01535	0.00548	0.00438	0.00987
25	0.01390	0.00974	0.01338	0.01305	0.01494	0.01107	0.01017	0.04968	0.01584	0.02364	0.02349	0.03242	0.02098	0.05187	0.52045	0.01111	0.01891	0.00884	0.12848	0.00804
26	0.02171	0.02242	0.03245	0.04098	0.39694	0.09734	0.06164	0.02586	0.01857	0.02532	0.01468	0.01997	0.01264	0.00932	0.01277	0.00278	0.16100	0.00747	0.00413	0.01200
27	0.02078	0.01994	0.03404	0.08730	0.61495	0.02015	0.02598	0.02587	0.01925	0.02746	0.01596	0.02115	0.01336	0.00763	0.00843	0.00254	0.01018	0.00758	0.00419	0.01326
28	0.01755	0.01613	0.02672	0.18501	0.36601	0.01689	0.02115	0.02183	0.01790	0.02472	0.02189	0.14293	0.02156	0.04988	0.01082	0.00308	0.00937	0.01079	0.00482	0.01094
29	0.02087	0.08578	0.46995	0.02309	0.03342	0.17149	0.02686	0.02850	0.01936	0.02508	0.01456	0.01708	0.01083	0.00819	0.00782	0.00252	0.01300	0.00599	0.00378	0.01184
30	0.01108	0.00855	0.00945	0.00928	0.01128	0.00764	0.00654	0.01319	0.01891	0.02420	0.20859	0.07131	0.36344	0.17892	0.01781	0.00408	0.00516	0.01603	0.00762	0.00692
31	0.01212	0.00823	0.00927	0.00938	0.00959	0.00811	0.00539	0.01234	0.01304	0.01720	0.03170	0.09304	0.07123	0.62025	0.03940	0.00764	0.00782	0.01339	0.00548	0.00538
32	0.02769	0.29329	0.06568	0.01850	0.02516	0.19733	0.01642	0.20447	0.02588	0.03059	0.01492	0.01634	0.01198	0.00859	0.00709	0.00218	0.01100	0.00581	0.00528	0.01179
33	0.01037	0.00741	0.00987	0.01185	0.01234	0.00691	0.00790	0.01185	0.01629	0.02172	0.04690	0.69537	0.05629	0.02666	0.01086	0.00346	0.00494	0.02419	0.00790	0.00691
34	0.01197	0.00855	0.01172	0.01368	0.01488	0.00830	0.01069	0.01462	0.01788	0.02352	0.04602	0.40775	0.05278	0.02515	0.01129	0.00368	0.00633	0.29597	0.00787	0.00736
35	0.01478	0.00739	0.01109	0.01109	0.01109	0.00739	0.00739	0.01109	0.01109	0.01478	0.01478	0.02587	0.01478	0.02956	0.03326	0.75240	0.00739	0.00739	0.00370	0.00370
36	0.01887	0.01798	0.03058	0.32833	0.38888	0.01964	0.02503	0.02420	0.01834	0.02514	0.01562	0.02178	0.01254	0.00799	0.00846	0.00266	0.01065	0.00757	0.00402	0.01171
37	0.01771	0.04020	0.55694	0.02875	0.13491	0.01984	0.03059	0.02682	0.01819	0.02709	0.01539	0.01846	0.01121	0.00800	0.00814	0.00267	0.01218	0.00650	0.00369	0.01272
38	0.02911	0.23789	0.03019	0.01974	0.02498	0.47904	0.01588	0.03146	0.02209	0.02059	0.01276	0.01484	0.01095	0.00833	0.00702	0.00208	0.01349	0.00521	0.00416	0.01018
39	0.02497	0.02913	0.02217	0.16635	0.03113	0.40362	0.01669	0.02815	0.02091	0.02161	0.01566	0.02015	0.01295	0.01523	0.08501	0.00367	0.01460	0.00653	0.05210	0.00938
40	0.01166	0.00853	0.01042	0.01046	0.01208	0.00790	0.00751	0.01424	0.01974	0.02661	0.31174	0.13490	0.17471	0.15506	0.01684	0.00398	0.00526	0.05321	0.00800	0.00717
41	0.01857	0.03570	0.46756	0.02349	0.07266	0.01789	0.02625	0.02669	0.01835	0.06093	0.01628	0.01870	0.01184	0.00786	0.00781	0.00242	0.01100	0.00627	0.00427	0.14544
42	0.02292	0.02168	0.02172	0.06192	0.05032	0.18952	0.07738	0.11496	0.02322	0.03028	0.02407	0.02690	0.05586	0.00992	0.00777	0.00235	0.00969	0.00807	0.23135	0.01010
43	0.01301	0.00993	0.01187	0.01116	0.01367	0.00858	0.00767	0.01477	0.01573	0.02202	0.03417	0.28503	0.06825	0.21314	0.01878	0.00416	0.00624	0.01498	0.00630	0.22054
44	0.01594	0.05688	0.01506	0.01211	0.01562	0.04666	0.00943	0.02126	0.08652	0.06342	0.26248	0.08157	0.20719	0.01615	0.00922	0.00262	0.00567	0.01364	0.00803	0.05054
45	0.01585	0.02097	0.18040	0.02103	0.02710	0.01445	0.18758	0.02151	0.01809	0.02652	0.02694	0.20874	0.02605	0.01330	0.00900	0.00282	0.00933	0.01261	0.14789	0.00981
46	0.09811	0.01829	0.02725	0.06341	0.02911	0.01888	0.16818	0.02778	0.13536	0.02900	0.01859	0.02175	0.01464	0.00885	0.01028	0.00252	0.08835	0.00760	0.00534	0.20670
47	0.03099	0.03596	0.02394	0.02115	0.02597	0.50787	0.01615	0.13067	0.07776	0.02743	0.01615	0.01755	0.01280	0.00924	0.00789	0.00231	0.01365	0.00619	0.00542	0.01092
48	0.01216	0.00912	0.01368	0.01368	0.01520	0.01064	0.01064	0.01520	0.01368	0.01976	0.02279	0.03343	0.02127	0.06382	0.66720	0.01368	0.02279	0.00912	0.00456	0.00760
49	0.10419	0.01725	0.05500	0.02243	0.16512	0.04904	0.01487	0.02611	0.02074	0.17323	0.10978	0.03853	0.14414	0.01228	0.00856	0.00264	0.00761	0.01025	0.00711	0.01111
50	0.01562	0.00801	0.00830	0.00830	0.01026	0.00811	0.00625	0.01953	0.01758	0.03095	0.02744	0.03184	0.02178	0.01341	0.04884	0.00274	0.00519	0.00801	0.69993	0.00791
51	0.02624	0.02942	0.02515	0.02767	0.17001	0.33074	0.01785	0.03537	0.19761	0.02669	0.01999	0.02139	0.01586	0.00929	0.00813	0.00247	0.01165	0.00716	0.00557	0.01174

[dist]
# distance from previous block
# <min> <max>
0	1

[block]
# block no. 4 follows, 21 sequences, length 27
# corresponding to MSA columns:
# 143-169
name=unknown_E
#
# <colnr> <probs for GDERKNQSTAVLIFYWHMCP>
#	G	D	E	R	K	N	Q	S	T	A	V	L	I	F	Y	W	H	M	C	P
0	0.03179	0.04056	0.02412	0.02192	0.02631	0.66676	0.01644	0.03398	0.02412	0.02083	0.01315	0.01535	0.01096	0.00877	0.00767	0.00219	0.01535	0.00548	0.00438	0.00987
1	0.01067	0.00864	0.00947	0.00926	0.01187	0.00744	0.00695	0.01340	0.02084	0.02642	0.25779	0.07625	0.47066	0.02027	0.01005	0.00281	0.00422	0.01717	0.00835	0.00744
2	0.01034	0.00751	0.00976	0.01157	0.01227	0.00694	0.00777	0.01188	0.01657	0.02184	0.05036	0.64144	0.10799	0.02621	0.01079	0.00340	0.00488	0.02364	0.00790	0.00694
3	0.01006	0.00862	0.00862	0.00862	0.01149	0.00718	0.00647	0.01221	0.01940	0.02299	0.08621	0.08190	0.64438	0.02155	0.01006	0.00287	0.00431	0.01796	0.00790	0.00718
4	0.01054	0.00748	0.00983	0.01164	0.01209	0.00702	0.00767	0.01189	0.01597	0.02129	0.04524	0.64223	0.05418	0.08267	0.01356	0.00385	0.00521	0.02321	0.00767	0.00677
5	0.01862	0.01862	0.02607	0.02234	0.02234	0.02607	0.01862	0.02048	0.01303	0.02048	0.01117	0.01862	0.01117	0.01489	0.02793	0.00372	0.68535	0.00745	0.00372	0.00931
6	0.01047	0.00835	0.00945	0.01024	0.01230	0.00733	0.00754	0.01258	0.01846	0.02282	0.07049	0.27207	0.41092	0.02330	0.01045	0.00314	0.00481	0.07022	0.00790	0.00716
7	0.01229	0.00859	0.01102	0.01102	0.01162	0.00920	0.00733	0.01349	0.01289	0.01779	0.02522	0.04688	0.02711	0.44870	0.29030	0.01040	0.01401	0.01109	0.00492	0.00612
8	0.03184	0.03917	0.02423	0.02173	0.02632	0.61356	0.01642	0.08262	0.02544	0.02355	0.01376	0.01577	0.01125	0.00889	0.00774	0.00222	0.01485	0.00566	0.00473	0.01025
9	0.01238	0.00825	0.00928	0.00928	0.00928	0.00825	0.00516	0.01238	0.01238	0.01650	0.02681	0.05569	0.03094	0.70092	0.04331	0.00825	0.00825	0.01238	0.00516	0.00516
10	0.01113	0.00785	0.00952	0.01053	0.01105	0.00747	0.00668	0.01209	0.01503	0.01978	0.04265	0.38436	0.10163	0.29311	0.02363	0.00530	0.00619	0.01893	0.00681	0.00624
11	0.01037	0.00741	0.00987	0.01185	0.01234	0.00691	0.00790	0.01185	0.01629	0.02172	0.04690	0.69537	0.05629	0.02666	0.01086	0.00346	0.00494	0.02419	0.00790	0.00691
12	0.01032	0.00830	0.00924	0.00994	0.01204	0.00722	0.00724	0.01235	0.01845	0.02271	0.07219	0.27149	0.43562	0.02322	0.01038	0.00310	0.00467	0.04646	0.00790	0.00713
13	0.02243	0.01149	0.01438	0.01292	0.01678	0.01048	0.00991	0.02678	0.07442	0.27738	0.04946	0.22872	0.17398	0.01768	0.00956	0.00294	0.00588	0.01520	0.00903	0.01060
14	0.01037	0.00741	0.00987	0.01185	0.01234	0.00691	0.00790	0.01185	0.01629	0.02172	0.04690	0.69537	0.05629	0.02666	0.01086	0.00346	0.00494	0.02419	0.00790	0.00691
15	0.01238	0.00825	0.00928	0.00928	0.00928	0.00825	0.00516	0.01238	0.01238	0.01650	0.02681	0.05569	0.03094	0.70092	0.04331	0.00825	0.00825	0.01238	0.00516	0.00516
16	0.02117	0.01828	0.01924	0.01732	0.02213	0.02117	0.01347	0.04522	0.63246	0.03560	0.03464	0.03175	0.02598	0.01155	0.00866	0.00289	0.00673	0.00962	0.00866	0.01347
17	0.01707	0.04402	0.65683	0.02426	0.03683	0.01976	0.03144	0.02695	0.01797	0.02695	0.01527	0.01797	0.01078	0.00809	0.00809	0.00270	0.01258	0.00629	0.00359	0.01258
18	0.25558	0.09164	0.02234	0.01797	0.02288	0.41164	0.01405	0.03047	0.02055	0.02610	0.01264	0.01473	0.01042	0.00837	0.00674	0.00230	0.01210	0.00513	0.00459	0.00976
19	0.01069	0.00867	0.00955	0.00977	0.01229	0.00753	0.00745	0.01321	0.01984	0.02463	0.15401	0.11952	0.47610	0.02151	0.01027	0.00298	0.00464	0.07193	0.00809	0.00734
20	0.02119	0.01307	0.01362	0.01169	0.01523	0.01389	0.00925	0.21345	0.02500	0.03880	0.02539	0.02808	0.01944	0.01001	0.00678	0.00217	0.00571	0.00784	0.50933	0.01004
21	0.01006	0.00862	0.00862	0.00862	0.01149	0.00718	0.00647	0.01221	0.01940	0.02299	0.08621	0.08190	0.64438	0.02155	0.01006	0.00287	0.00431	0.01796	0.00790	0.00718
22	0.06933	0.02753	0.02647	0.11521	0.13568	0.29667	0.04973	0.02998	0.02091	0.08305	0.01584	0.01910	0.01241	0.00895	0.00926	0.00253	0.05490	0.00672	0.00486	0.01087
23	0.25102	0.01964	0.02545	0.03211	0.31271	0.02104	0.01855	0.13509	0.04815	0.03606	0.01634	0.01918	0.01289	0.00833	0.00748	0.00258	0.00874	0.00677	0.00552	0.01235
24	0.34601	0.01709	0.02134	0.20115	0.15462	0.01929	0.01695	0.05153	0.01773	0.06060	0.01495	0.01866	0.01142	0.00822	0.00707	0.00266	0.00873	0.00632	0.00504	0.01061
25	0.16875	0.02346	0.06547	0.17279	0.05427	0.18837	0.01655	0.02602	0.01930	0.06221	0.02471	0.02698	0.09725	0.01028	0.00782	0.00260	0.01031	0.00780	0.00519	0.00988
26	0.10242	0.02779	0.06332	0.06655	0.10228	0.22747	0.08350	0.13616	0.02392	0.03104	0.01604	0.01899	0.01244	0.00862	0.00792	0.00248	0.01169	0.00683	0.03926	0.01128

[dist]
# distance from previous block
# <min> <max>
3	30

[block]
# block no. 5 follows, 21 sequences, length 31
# corresponding to MSA columns:
# 203-233
name=unknown_F
#
# <colnr> <probs for GDERKNQSTAVLIFYWHMCP>
#	G	D	E	R	K	N	Q	S	T	A	V	L	I	F	Y	W	H	M	C	P
0	0.01844	0.01723	0.02061	0.10268	0.12165	0.08166	0.01617	0.05005	0.10632	0.02658	0.03450	0.04518	0.11937	0.01685	0.04565	0.00354	0.04655	0.11063	0.00618	0.01016
1	0.01813	0.01353	0.01597	0.01332	0.01780	0.01291	0.01034	0.07362	0.11706	0.06572	0.22301	0.03845	0.03859	0.05295	0.04636	0.00322	0.00695	0.01013	0.00756	0.21438
2	0.01118	0.00863	0.01101	0.01199	0.01320	0.00826	0.00840	0.01291	0.01665	0.02217	0.04908	0.52873	0.13961	0.02413	0.01144	0.00326	0.04269	0.02128	0.00751	0.04787
3	0.02400	0.01325	0.01646	0.01341	0.01808	0.01237	0.01069	0.11027	0.02548	0.23403	0.26755	0.04034	0.04248	0.01273	0.00877	0.00247	0.00602	0.01073	0.04960	0.08127
4	0.01763	0.01622	0.02610	0.03754	0.42788	0.01587	0.01961	0.02204	0.02027	0.02825	0.14593	0.03864	0.12483	0.01163	0.00899	0.00261	0.00805	0.01069	0.00577	0.01146
5	0.03088	0.10771	0.02618	0.02118	0.02586	0.60288	0.01625	0.03312	0.02343	0.02075	0.01302	0.01518	0.01096	0.00862	0.00745	0.00215	0.01472	0.00539	0.00431	0.00997
6	0.02073	0.01551	0.01769	0.01584	0.02007	0.01731	0.01243	0.06549	0.36285	0.09454	0.03447	0.03449	0.06366	0.02371	0.15597	0.00526	0.01036	0.00984	0.00788	0.01191
7	0.01099	0.00866	0.00991	0.00960	0.01207	0.00758	0.00720	0.01402	0.02160	0.02821	0.34734	0.07331	0.38000	0.01961	0.01005	0.00278	0.00417	0.01676	0.00859	0.00758
8	0.02275	0.70604	0.04459	0.01456	0.02184	0.03367	0.01456	0.02548	0.01729	0.02002	0.01183	0.01365	0.01092	0.00728	0.00546	0.00182	0.00910	0.00455	0.00364	0.01092
9	0.01085	0.00865	0.00972	0.00946	0.01198	0.00752	0.00709	0.01375	0.02128	0.02745	0.30945	0.07455	0.41836	0.01989	0.01005	0.00279	0.00419	0.01693	0.00849	0.00752
10	0.01587	0.01323	0.01717	0.10826	0.05708	0.05510	0.01348	0.04941	0.01690	0.02349	0.02112	0.02926	0.01851	0.04132	0.39655	0.00907	0.01744	0.00839	0.07966	0.00871
11	0.02020	0.01934	0.03298	0.16135	0.54550	0.01999	0.02569	0.02536	0.01897	0.02675	0.01585	0.02134	0.01311	0.00774	0.00844	0.00258	0.01032	0.00758	0.00414	0.01278
12	0.01037	0.00741	0.00987	0.01185	0.01234	0.00691	0.00790	0.01185	0.01629	0.02172	0.04690	0.69537	0.05629	0.02666	0.01086	0.00346	0.00494	0.02419	0.00790	0.00691
13	0.01478	0.00739	0.01109	0.01109	0.01109	0.00739	0.00739	0.01109	0.01109	0.01478	0.01478	0.02587	0.01478	0.02956	0.03326	0.75240	0.00739	0.00739	0.00370	0.00370
14	0.01566	0.01144	0.01335	0.01284	0.01510	0.01157	0.00931	0.14825	0.02232	0.02974	0.10729	0.34258	0.10604	0.09690	0.01380	0.00365	0.00613	0.01759	0.00789	0.00855
15	0.02173	0.02109	0.02226	0.05162	0.02374	0.12743	0.01572	0.09920	0.12101	0.02923	0.11498	0.02763	0.02471	0.01285	0.01535	0.00299	0.24309	0.00875	0.00610	0.01052
16	0.02228	0.02061	0.03357	0.04870	0.58054	0.02089	0.02504	0.09037	0.02161	0.03060	0.01649	0.02099	0.01359	0.00787	0.00843	0.00253	0.01003	0.00759	0.00468	0.01359
17	0.01215	0.00837	0.01043	0.01139	0.01196	0.00824	0.00779	0.01341	0.01502	0.01988	0.03619	0.23348	0.04166	0.37156	0.02770	0.00602	0.00728	0.14477	0.00648	0.00622
18	0.01826	0.01344	0.01468	0.01303	0.01662	0.01394	0.01010	0.17677	0.09137	0.03520	0.13755	0.11918	0.17249	0.01581	0.00902	0.00270	0.00588	0.01327	0.11072	0.00998
19	0.01330	0.01079	0.01160	0.01105	0.01417	0.01065	0.00848	0.04378	0.11481	0.02629	0.06417	0.06262	0.40861	0.02436	0.09427	0.00421	0.00727	0.01456	0.04644	0.00856
20	0.01998	0.01728	0.02268	0.01944	0.02136	0.02207	0.01597	0.15301	0.01923	0.02770	0.01631	0.02293	0.01458	0.02676	0.19225	0.00609	0.35940	0.00794	0.00501	0.01001
21	0.06665	0.02807	0.28908	0.02161	0.02990	0.01810	0.13618	0.08469	0.02006	0.03070	0.01869	0.02325	0.01441	0.04476	0.00981	0.00288	0.01051	0.00765	0.13184	0.01115
22	0.01791	0.16816	0.03005	0.18168	0.03252	0.05142	0.10954	0.02166	0.01730	0.02204	0.02131	0.17035	0.02151	0.01279	0.01067	0.00282	0.08307	0.01089	0.00477	0.00953
23	0.01950	0.11810	0.02032	0.01524	0.01872	0.18221	0.01193	0.02475	0.08951	0.02636	0.20872	0.10648	0.03915	0.01778	0.06115	0.00342	0.00956	0.01110	0.00664	0.00937
24	0.02486	0.02383	0.05806	0.06655	0.22066	0.16232	0.07962	0.02929	0.02145	0.13152	0.05973	0.02591	0.03895	0.00945	0.00859	0.00255	0.01084	0.00829	0.00572	0.01183
25	0.01639	0.01771	0.11845	0.02369	0.16009	0.01479	0.01716	0.05297	0.01748	0.02573	0.02048	0.02738	0.01758	0.03421	0.31464	0.00769	0.01573	0.00814	0.07958	0.01010
26	0.06111	0.02111	0.07627	0.01550	0.01968	0.15711	0.01292	0.02750	0.11535	0.06285	0.11175	0.06639	0.02886	0.05160	0.03703	0.00331	0.00910	0.00955	0.10312	0.00989
27	0.02297	0.13244	0.02663	0.14606	0.09145	0.02238	0.01671	0.21279	0.02456	0.03387	0.01831	0.02163	0.01427	0.00933	0.00857	0.00245	0.04430	0.00715	0.13270	0.01143
28	0.02577	0.02276	0.02164	0.01951	0.06235	0.15087	0.01438	0.29409	0.03019	0.03841	0.13127	0.03206	0.06043	0.04554	0.01040	0.00280	0.00936	0.00936	0.00735	0.01149
29	0.16445	0.02272	0.05150	0.08622	0.09365	0.19639	0.01493	0.02485	0.01927	0.02689	0.02647	0.02869	0.11064	0.01052	0.00758	0.00249	0.00957	0.00801	0.08553	0.00962
30	0.02406	0.02590	0.02533	0.02077	0.02563	0.26320	0.12994	0.12037	0.02383	0.02716	0.02800	0.03250	0.11266	0.08811	0.01262	0.00317	0.01169	0.00943	0.00566	0.00997

[dist]
# distance from previous block
# <min> <max>
47	103

[block]
# block no. 6 follows, 21 sequences, length 24
# corresponding to MSA columns:
# 347-360,362-371
name=unknown_G
#
# <colnr> <probs for GDERKNQSTAVLIFYWHMCP>
#	G	D	E	R	K	N	Q	S	T	A	V	L	I	F	Y	W	H	M	C	P
0	0.02057	0.06366	0.07982	0.01903	0.02438	0.06352	0.05931	0.10924	0.02041	0.02826	0.01851	0.09515	0.01718	0.01142	0.01213	0.00255	0.15040	0.00857	0.00529	0.19059
1	0.22717	0.02424	0.07185	0.06989	0.11332	0.14968	0.01659	0.10674	0.02151	0.03183	0.02123	0.02330	0.06969	0.00966	0.00754	0.00256	0.00984	0.00720	0.00538	0.01077
2	0.11421	0.09662	0.32060	0.02060	0.02948	0.13159	0.02226	0.09593	0.04192	0.03001	0.01542	0.01737	0.01157	0.00847	0.00750	0.00251	0.01143	0.00606	0.00467	0.01180
3	0.02445	0.13433	0.15896	0.02673	0.17293	0.11576	0.02063	0.02932	0.02033	0.13285	0.02012	0.02576	0.01629	0.00960	0.00807	0.00253	0.01056	0.05331	0.00540	0.01208
4	0.02435	0.02586	0.01882	0.01676	0.02104	0.33336	0.01273	0.02815	0.05395	0.07062	0.11981	0.03421	0.11512	0.01196	0.00836	0.00235	0.01022	0.00916	0.00636	0.07682
5	0.02252	0.10780	0.10504	0.02511	0.11831	0.13024	0.09236	0.06741	0.04430	0.02755	0.01591	0.01870	0.01271	0.00781	0.00766	0.00219	0.01069	0.00655	0.00475	0.17240
6	0.02463	0.07957	0.03308	0.03471	0.27963	0.14324	0.09443	0.11001	0.06441	0.02986	0.01715	0.02027	0.01371	0.00836	0.00828	0.00248	0.01120	0.00740	0.00510	0.01249
7	0.01383	0.01113	0.01385	0.01370	0.01546	0.05470	0.01060	0.01689	0.01477	0.02093	0.02260	0.03205	0.02063	0.05513	0.56163	0.01182	0.02055	0.00876	0.07317	0.00778
8	0.07669	0.02454	0.26487	0.05090	0.02605	0.01518	0.01859	0.02475	0.06344	0.08529	0.06650	0.09435	0.12814	0.01303	0.00866	0.00280	0.00857	0.01076	0.00618	0.01072
9	0.01186	0.00842	0.00993	0.01024	0.01106	0.00827	0.00672	0.01292	0.01456	0.01901	0.03984	0.11871	0.14027	0.41673	0.09002	0.00709	0.00858	0.05367	0.00601	0.00608
10	0.02226	0.01573	0.01764	0.01479	0.01937	0.01647	0.01176	0.21727	0.13185	0.09620	0.20050	0.04378	0.12787	0.01407	0.00918	0.00270	0.00654	0.01167	0.00886	0.01150
11	0.02897	0.03522	0.02685	0.02988	0.18949	0.49701	0.01898	0.03192	0.02287	0.02266	0.01390	0.01685	0.01162	0.00846	0.00787	0.00228	0.01397	0.00603	0.00434	0.01081
12	0.16053	0.48419	0.03602	0.05983	0.02366	0.02945	0.01429	0.06526	0.01828	0.02579	0.01264	0.01476	0.01087	0.00768	0.00584	0.00209	0.00880	0.00498	0.00428	0.01074
13	0.01889	0.02111	0.17326	0.01734	0.02370	0.01489	0.06372	0.10911	0.02383	0.08874	0.20070	0.04298	0.13890	0.01336	0.00921	0.00271	0.00804	0.01145	0.00730	0.01078
14	0.02345	0.02166	0.02456	0.08201	0.23979	0.17271	0.01837	0.02728	0.02128	0.10316	0.06700	0.03331	0.06744	0.01110	0.00872	0.00262	0.01012	0.04838	0.00587	0.01119
15	0.13344	0.01215	0.01686	0.14599	0.02466	0.01364	0.05585	0.02027	0.01614	0.02706	0.02055	0.02693	0.01693	0.02431	0.19308	0.00562	0.01192	0.00782	0.21819	0.00860
16	0.01158	0.00838	0.01100	0.01144	0.01299	0.00780	0.00844	0.01470	0.02099	0.02892	0.37554	0.27084	0.09154	0.02110	0.01046	0.00305	0.00467	0.07026	0.00870	0.00762
17	0.02362	0.02763	0.13630	0.03585	0.31881	0.11527	0.02328	0.11651	0.06483	0.03100	0.01740	0.02034	0.01366	0.00850	0.00829	0.00254	0.01095	0.00721	0.00507	0.01295
18	0.01379	0.00946	0.01265	0.01235	0.01377	0.01090	0.00949	0.01678	0.01476	0.02312	0.02363	0.03337	0.02133	0.09041	0.37508	0.00903	0.06915	0.00887	0.22441	0.00766
19	0.08839	0.01885	0.01995	0.01695	0.02041	0.11339	0.05717	0.11001	0.02072	0.03071	0.01913	0.02332	0.01551	0.01455	0.06339	0.00345	0.12347	0.00740	0.22347	0.00975
20	0.01945	0.02248	0.15990	0.02550	0.17525	0.01704	0.03887	0.11692	0.02203	0.03142	0.02807	0.03012	0.10578	0.01028	0.00818	0.00245	0.00878	0.00872	0.09017	0.07860
21	0.02465	0.02041	0.06222	0.01616	0.02117	0.11142	0.01358	0.16623	0.02748	0.14404	0.25410	0.03712	0.03945	0.01260	0.00894	0.00257	0.00810	0.01029	0.00824	0.01125
22	0.11525	0.34720	0.08997	0.01642	0.02310	0.12539	0.01548	0.07134	0.03981	0.02680	0.04741	0.01808	0.01515	0.00856	0.00659	0.00219	0.00974	0.00583	0.00478	0.01089
23	0.01909	0.19487	0.33676	0.02503	0.12130	0.04559	0.02417	0.02565	0.01784	0.02454	0.01518	0.01873	0.01219	0.01299	0.06832	0.00346	0.01243	0.00630	0.00381	0.01176

[dist]
# distance from previous block
# <min> <max>
8	39

[block]
# block no. 7 follows, 21 sequences, length 109
# corresponding to MSA columns:
# 411-519
name=unknown_H
#
# <colnr> <probs for GDERKNQSTAVLIFYWHMCP>
#	G	D	E	R	K	N	Q	S	T	A	V	L	I	F	Y	W	H	M	C	P
0	0.01890	0.05677	0.09504	0.01532	0.02110	0.15586	0.01345	0.02367	0.04988	0.02570	0.09077	0.03604	0.15667	0.01174	0.00806	0.00223	0.00854	0.00928	0.00586	0.19510
1	0.02465	0.02186	0.02324	0.02472	0.15866	0.13206	0.01613	0.09229	0.17466	0.08968	0.02693	0.02721	0.05984	0.01015	0.00828	0.00247	0.00909	0.00828	0.00671	0.08310
2	0.01893	0.01785	0.01863	0.01712	0.01913	0.12691	0.01336	0.07922	0.01859	0.02445	0.02267	0.14277	0.02266	0.02797	0.18508	0.00580	0.17494	0.01056	0.04439	0.00897
3	0.02862	0.10430	0.02541	0.01959	0.02453	0.36703	0.01549	0.17125	0.02595	0.02848	0.01591	0.01854	0.01303	0.01551	0.08618	0.00361	0.01413	0.00634	0.00532	0.01081
4	0.02824	0.18231	0.02882	0.08765	0.02865	0.42486	0.01675	0.06495	0.02282	0.02265	0.01349	0.01602	0.01120	0.00850	0.00732	0.00220	0.01322	0.00562	0.00440	0.01032
5	0.05543	0.34024	0.02884	0.01404	0.01951	0.02372	0.01253	0.05321	0.12498	0.02701	0.08394	0.03398	0.10290	0.01164	0.00742	0.00238	0.00746	0.03416	0.00605	0.01056
6	0.01015	0.00862	0.00875	0.00872	0.01155	0.00723	0.00654	0.01240	0.01962	0.02353	0.11322	0.08101	0.61704	0.02135	0.01006	0.00286	0.00430	0.01784	0.00797	0.00723
7	0.02896	0.25033	0.03070	0.01943	0.02490	0.42250	0.01583	0.07116	0.02304	0.02281	0.01323	0.01516	0.01119	0.00840	0.00703	0.00210	0.01296	0.00533	0.00443	0.01051
8	0.01037	0.00741	0.00987	0.01185	0.01234	0.00691	0.00790	0.01185	0.01629	0.02172	0.04690	0.69537	0.05629	0.02666	0.01086	0.00346	0.00494	0.02419	0.00790	0.00691
9	0.02028	0.04327	0.51899	0.02375	0.03454	0.16072	0.02817	0.02848	0.01931	0.02562	0.01481	0.01740	0.01082	0.00823	0.00800	0.00259	0.01318	0.00611	0.00377	0.01199
10	0.01076	0.00778	0.01070	0.01225	0.01297	0.00773	0.00850	0.01258	0.01572	0.02129	0.04164	0.55082	0.04864	0.03478	0.15419	0.00569	0.00884	0.02090	0.00717	0.00706
11	0.01006	0.00862	0.00862	0.00862	0.01149	0.00718	0.00647	0.01221	0.01940	0.02299	0.08621	0.08190	0.64438	0.02155	0.01006	0.00287	0.00431	0.01796	0.00790	0.00718
12	0.02340	0.02465	0.03227	0.04563	0.51243	0.16107	0.02401	0.02783	0.02041	0.02628	0.01539	0.01982	0.01293	0.00784	0.00826	0.00245	0.01125	0.00712	0.00425	0.01269
13	0.03179	0.04056	0.02412	0.02192	0.02631	0.66676	0.01644	0.03398	0.02412	0.02083	0.01315	0.01535	0.01096	0.00877	0.00767	0.00219	0.01535	0.00548	0.00438	0.00987
14	0.01607	0.01513	0.02552	0.68047	0.05861	0.01891	0.02363	0.02174	0.01702	0.02174	0.01513	0.02269	0.01134	0.00851	0.00851	0.00284	0.01134	0.00756	0.00378	0.00945
15	0.01848	0.01494	0.01562	0.01365	0.01801	0.01566	0.01073	0.16698	0.19390	0.03383	0.05617	0.05329	0.32227	0.01607	0.00930	0.00280	0.00619	0.01318	0.00826	0.01067
16	0.02715	0.22029	0.06182	0.02198	0.11475	0.16230	0.01656	0.03056	0.02094	0.17385	0.02245	0.02297	0.05060	0.00930	0.00752	0.00231	0.01006	0.00703	0.00579	0.01179
17	0.01009	0.00850	0.00875	0.00895	0.01158	0.00716	0.00661	0.01218	0.01908	0.02286	0.08218	0.14475	0.58413	0.02208	0.01014	0.00293	0.00437	0.01860	0.00790	0.00716
18	0.01037	0.00741	0.00987	0.01185	0.01234	0.00691	0.00790	0.01185	0.01629	0.02172	0.04690	0.69537	0.05629	0.02666	0.01086	0.00346	0.00494	0.02419	0.00790	0.00691
19	0.02106	0.02022	0.03454	0.05223	0.64784	0.02022	0.02612	0.02612	0.01938	0.02780	0.01601	0.02106	0.01348	0.00758	0.00842	0.00253	0.01011	0.00758	0.00421	0.01348
20	0.01586	0.00793	0.00793	0.00793	0.00991	0.00793	0.00595	0.01983	0.01785	0.03173	0.02776	0.03173	0.02181	0.00991	0.00595	0.00198	0.00397	0.00793	0.74817	0.00793
21	0.01037	0.00741	0.00987	0.01185	0.01234	0.00691	0.00790	0.01185	0.01629	0.02172	0.04690	0.69537	0.05629	0.02666	0.01086	0.00346	0.00494	0.02419	0.00790	0.00691
22	0.01037	0.00741	0.00987	0.01185	0.01234	0.00691	0.00790	0.01185	0.01629	0.02172	0.04690	0.69537	0.05629	0.02666	0.01086	0.00346	0.00494	0.02419	0.00790	0.00691
23	0.01016	0.00863	0.00877	0.00873	0.01156	0.00723	0.00655	0.01242	0.01965	0.02359	0.11616	0.08091	0.61406	0.02133	0.01006	0.00286	0.00429	0.01782	0.00798	0.00723
24	0.01037	0.00741	0.00987	0.01185	0.01234	0.00691	0.00790	0.01185	0.01629	0.02172	0.04690	0.69537	0.05629	0.02666	0.01086	0.00346	0.00494	0.02419	0.00790	0.00691
25	0.01037	0.00741	0.00987	0.01185	0.01234	0.00691	0.00790	0.01185	0.01629	0.02172	0.04690	0.69537	0.05629	0.02666	0.01086	0.00346	0.00494	0.02419	0.00790	0.00691
26	0.03235	0.02384	0.02554	0.01958	0.02639	0.02639	0.01618	0.61946	0.04001	0.05363	0.02043	0.02043	0.01447	0.01022	0.00851	0.00255	0.00936	0.00766	0.00851	0.01447
27	0.03235	0.02384	0.02554	0.01958	0.02639	0.02639	0.01618	0.61946	0.04001	0.05363	0.02043	0.02043	0.01447	0.01022	0.00851	0.00255	0.00936	0.00766	0.00851	0.01447
28	0.01216	0.00912	0.01368	0.01368	0.01520	0.01064	0.01064	0.01520	0.01368	0.01976	0.02279	0.03343	0.02127	0.06382	0.66720	0.01368	0.02279	0.00912	0.00456	0.00760
29	0.01269	0.00924	0.01232	0.01331	0.01530	0.00887	0.01102	0.01634	0.02074	0.02758	0.22547	0.11374	0.11951	0.02166	0.01103	0.00342	0.00621	0.33548	0.00830	0.00778
30	0.01216	0.00912	0.01368	0.01368	0.01520	0.01064	0.01064	0.01520	0.01368	0.01976	0.02279	0.03343	0.02127	0.06382	0.66720	0.01368	0.02279	0.00912	0.00456	0.00760
