[name]
unknown

[dist]
# distance from previous block
# <min> <max>
0	13

[block]
# block no. 0 follows, 20 sequences, length 6
# corresponding to MSA columns:
# 13-18
name=unknown_A
#
# <colnr> <probs for GDERKNQSTAVLIFYWHMCP>
#	G	D	E	R	K	N	Q	S	T	A	V	L	I	F	Y	W	H	M	C	P
0	0.01496	0.01200	0.01394	0.01414	0.01708	0.01244	0.01125	0.02441	0.19892	0.02865	0.08560	0.13917	0.18377	0.02000	0.01050	0.00333	0.00630	0.18566	0.00839	0.00949
1	0.02120	0.02182	0.04165	0.04702	0.40826	0.02124	0.25254	0.02723	0.02014	0.02828	0.01689	0.02234	0.01359	0.00761	0.00928	0.00273	0.01205	0.00875	0.00435	0.01302
2	0.01098	0.00774	0.01002	0.01169	0.01211	0.00732	0.00761	0.01224	0.01601	0.02135	0.04454	0.57933	0.05323	0.14184	0.01685	0.00439	0.00564	0.02272	0.00761	0.00678
3	0.02173	0.02459	0.13244	0.10225	0.42149	0.02122	0.02630	0.09052	0.02173	0.03069	0.01670	0.02116	0.01328	0.00824	0.00860	0.00265	0.01080	0.00757	0.00466	0.01340
4	0.40568	0.02036	0.01698	0.13072	0.02587	0.13779	0.01315	0.02531	0.01772	0.03108	0.02147	0.02384	0.07981	0.00993	0.00700	0.00268	0.00904	0.00695	0.00526	0.00938
5	0.01526	0.01170	0.01704	0.09104	0.13486	0.01178	0.01306	0.01975	0.02179	0.03191	0.33747	0.04630	0.05051	0.01351	0.00902	0.00260	0.00610	0.01197	0.14490	0.00942

[dist]
# distance from previous block
# <min> <max>
6	10

[block]
# block no. 1 follows, 20 sequences, length 24
# corresponding to MSA columns:
# 29-52
name=unknown_B
#
# <colnr> <probs for GDERKNQSTAVLIFYWHMCP>
#	G	D	E	R	K	N	Q	S	T	A	V	L	I	F	Y	W	H	M	C	P
0	0.01091	0.00781	0.01038	0.01195	0.01271	0.00728	0.00812	0.01286	0.01803	0.02438	0.14561	0.58419	0.06179	0.02575	0.01099	0.00341	0.00490	0.02330	0.00835	0.00728
1	0.01721	0.01456	0.01471	0.01345	0.01694	0.05410	0.01028	0.10771	0.11208	0.03214	0.17354	0.12283	0.24074	0.01773	0.00979	0.00288	0.00627	0.01492	0.00838	0.00973
2	0.01065	0.00848	0.00956	0.01007	0.01219	0.00739	0.00726	0.01288	0.01952	0.02455	0.14192	0.26056	0.39799	0.02313	0.01055	0.00310	0.00457	0.01999	0.00828	0.00739
3	0.01312	0.01023	0.01226	0.01116	0.01397	0.00937	0.00812	0.01544	0.01667	0.02285	0.07817	0.05119	0.18065	0.19842	0.16513	0.00650	0.01013	0.01202	0.00611	0.15848
4	0.01254	0.00854	0.00887	0.00887	0.01067	0.00790	0.00608	0.01453	0.01725	0.02375	0.05439	0.06267	0.29375	0.22767	0.01984	0.00443	0.00558	0.01405	0.19171	0.00691
5	0.02237	0.01301	0.01565	0.01392	0.01708	0.01295	0.01025	0.14546	0.02270	0.16897	0.03407	0.23918	0.03392	0.18749	0.01845	0.00439	0.00741	0.01454	0.00813	0.01003
6	0.01748	0.01325	0.01737	0.08194	0.08994	0.01400	0.01239	0.12510	0.02003	0.02690	0.02798	0.18415	0.02977	0.24437	0.02233	0.03632	0.00839	0.01327	0.00624	0.00879
7	0.01301	0.01008	0.01199	0.01130	0.01391	0.00965	0.00854	0.01915	0.09539	0.03257	0.43886	0.06550	0.20099	0.01808	0.01012	0.00282	0.00452	0.01566	0.00917	0.00870
8	0.02252	0.02250	0.03450	0.05090	0.58703	0.07490	0.02593	0.02746	0.02027	0.02789	0.01616	0.02109	0.01360	0.00788	0.00857	0.00256	0.01082	0.00759	0.00433	0.01350
9	0.01924	0.01423	0.01587	0.01424	0.01808	0.01477	0.01098	0.14407	0.15196	0.06705	0.11858	0.16606	0.17431	0.01739	0.00975	0.00295	0.00625	0.01478	0.00872	0.01071
10	0.01291	0.01000	0.01488	0.01462	0.01607	0.01197	0.01146	0.01594	0.01397	0.02030	0.02256	0.03324	0.02111	0.06203	0.61632	0.01333	0.06753	0.00923	0.00462	0.00791
11	0.01860	0.01857	0.01971	0.05435	0.12023	0.15912	0.01463	0.02152	0.01758	0.02167	0.02172	0.07304	0.02114	0.11229	0.25879	0.00761	0.01599	0.00958	0.00483	0.00904
12	0.01268	0.00998	0.01280	0.01492	0.08279	0.00932	0.00910	0.01503	0.01882	0.02490	0.18438	0.12974	0.22662	0.18885	0.01877	0.00431	0.00611	0.01584	0.00730	0.00774
13	0.02044	0.01932	0.03153	0.18974	0.43786	0.02053	0.02472	0.02798	0.08781	0.02800	0.01837	0.02321	0.01478	0.00845	0.00868	0.00270	0.01026	0.00800	0.00474	0.01288
14	0.02265	0.02447	0.06087	0.04720	0.49031	0.09730	0.07513	0.02787	0.02045	0.02756	0.01613	0.02092	0.01334	0.00790	0.00867	0.00259	0.01148	0.00767	0.00432	0.01316
15	0.01784	0.01239	0.01579	0.09225	0.02140	0.01311	0.01163	0.02539	0.17102	0.08027	0.17004	0.04274	0.09902	0.01772	0.01465	0.15991	0.00676	0.01128	0.00745	0.00934
16	0.02519	0.02908	0.05972	0.02656	0.09340	0.27160	0.12168	0.09422	0.02363	0.02747	0.02002	0.09977	0.01825	0.01311	0.03429	0.00309	0.01316	0.00941	0.00534	0.01102
17	0.17496	0.01472	0.01639	0.01361	0.01841	0.01520	0.04982	0.07428	0.09213	0.03535	0.02261	0.02497	0.01752	0.00922	0.00684	0.00229	0.00650	0.00731	0.28010	0.11777
18	0.01504	0.01146	0.01557	0.10967	0.02248	0.01165	0.03380	0.02046	0.09098	0.06654	0.04887	0.30572	0.17406	0.01969	0.01013	0.00316	0.00662	0.01744	0.00762	0.00904
19	0.02377	0.02096	0.02065	0.07798	0.02419	0.15217	0.01452	0.15853	0.02270	0.02922	0.01727	0.02238	0.01430	0.01480	0.01627	0.15976	0.10008	0.00732	0.09361	0.00952
20	0.02679	0.02990	0.15981	0.03002	0.18737	0.09970	0.02255	0.26732	0.02882	0.03832	0.01776	0.01995	0.01334	0.00913	0.00851	0.00260	0.01123	0.00727	0.00601	0.01359
21	0.02917	0.02959	0.02448	0.05340	0.02763	0.28184	0.01674	0.21009	0.13433	0.03426	0.01961	0.02087	0.01508	0.01033	0.00967	0.00262	0.05437	0.00728	0.00648	0.01214
22	0.01769	0.01725	0.02014	0.01948	0.04730	0.10587	0.01469	0.02028	0.01551	0.02086	0.01824	0.02748	0.01726	0.06657	0.32146	0.00853	0.21981	0.00838	0.00440	0.00881
23	0.01742	0.09152	0.09722	0.01815	0.02158	0.07312	0.01625	0.02100	0.01570	0.02142	0.01771	0.02521	0.01615	0.03628	0.31360	0.00807	0.16821	0.00780	0.00425	0.00936

[dist]
# distance from previous block
# <min> <max>
6	13

[block]
# block no. 2 follows, 20 sequences, length 17
# corresponding to MSA columns:
# 66-82
name=unknown_C
#
# <colnr> <probs for GDERKNQSTAVLIFYWHMCP>
#	G	D	E	R	K	N	Q	S	T	A	V	L	I	F	Y	W	H	M	C	P
0	0.21390	0.19869	0.02705	0.01701	0.02300	0.17765	0.01425	0.14244	0.05735	0.03305	0.01548	0.01685	0.01234	0.00882	0.00688	0.00238	0.01012	0.00582	0.00560	0.01134
1	0.02580	0.03023	0.02458	0.13594	0.10687	0.38448	0.01821	0.02927	0.02287	0.02419	0.09579	0.02424	0.02096	0.00995	0.00843	0.00247	0.01284	0.00759	0.00504	0.01025
2	0.01342	0.01056	0.01323	0.01314	0.01561	0.01048	0.00968	0.01858	0.09187	0.02444	0.03934	0.30541	0.08613	0.03177	0.17234	0.00575	0.01000	0.01597	0.00695	0.10532
3	0.01290	0.00956	0.01103	0.01054	0.01237	0.00859	0.00690	0.01416	0.01538	0.02086	0.03758	0.17973	0.11361	0.35255	0.02667	0.00550	0.00690	0.01456	0.00620	0.13442
4	0.01220	0.00854	0.01041	0.01114	0.01181	0.00838	0.00745	0.01339	0.01519	0.02001	0.03911	0.20838	0.08556	0.37240	0.05830	0.00658	0.00800	0.09034	0.00648	0.00633
5	0.01279	0.01005	0.01420	0.01757	0.09565	0.00933	0.01074	0.01516	0.01777	0.02445	0.08116	0.50317	0.04995	0.02241	0.01037	0.00318	0.00581	0.02034	0.00746	0.06843
6	0.02008	0.01919	0.02962	0.07646	0.03054	0.06744	0.19595	0.02434	0.01911	0.06562	0.04997	0.03240	0.09922	0.01225	0.01406	0.00302	0.17162	0.01015	0.04876	0.01020
7	0.02728	0.12357	0.07673	0.02529	0.03185	0.37077	0.16819	0.03144	0.02232	0.02335	0.01451	0.01767	0.01173	0.00832	0.00822	0.00241	0.01443	0.00674	0.00432	0.01086
8	0.02287	0.02315	0.03416	0.04993	0.56782	0.09492	0.02562	0.02771	0.02043	0.02767	0.01607	0.02091	0.01352	0.00791	0.00855	0.00255	0.01099	0.00752	0.00434	0.01339
9	0.11785	0.01893	0.02585	0.02679	0.17056	0.05976	0.11820	0.06154	0.06637	0.03252	0.02066	0.02415	0.01618	0.00890	0.00783	0.00253	0.00908	0.00793	0.19312	0.01125
10	0.15204	0.02432	0.02289	0.10836	0.10396	0.21033	0.01693	0.02992	0.06111	0.07747	0.02039	0.02287	0.04205	0.01007	0.00948	0.00269	0.06148	0.00730	0.00548	0.01087
11	0.02003	0.01877	0.02551	0.03488	0.35124	0.07155	0.01897	0.05635	0.02112	0.02835	0.03200	0.08315	0.12388	0.01214	0.00887	0.00266	0.00890	0.01073	0.05936	0.01153
12	0.06315	0.01025	0.01176	0.01103	0.01395	0.00919	0.00805	0.01597	0.01905	0.02739	0.19216	0.19036	0.16461	0.08322	0.01277	0.00325	0.00538	0.01535	0.00751	0.13560
13	0.01811	0.01441	0.01996	0.10682	0.12822	0.01542	0.01466	0.11950	0.02194	0.03012	0.14350	0.03917	0.03199	0.15670	0.09707	0.00528	0.01038	0.01057	0.00631	0.00985
14	0.14578	0.01870	0.02069	0.02163	0.10164	0.07161	0.01505	0.03014	0.19703	0.02957	0.02193	0.02535	0.01799	0.02158	0.14083	0.00513	0.09042	0.00800	0.00589	0.01105
15	0.02262	0.02854	0.10800	0.03224	0.25790	0.22143	0.02089	0.02701	0.02122	0.02526	0.02768	0.02997	0.11890	0.01067	0.00863	0.00256	0.01139	0.00873	0.00494	0.01141
16	0.02225	0.02494	0.05668	0.12965	0.29589	0.16668	0.02242	0.02661	0.02003	0.02498	0.01987	0.02422	0.05326	0.00976	0.01020	0.00269	0.06597	0.00790	0.00447	0.01155

[dist]
# distance from previous block
# <min> <max>
5	23

[block]
# block no. 3 follows, 20 sequences, length 9
# corresponding to MSA columns:
# 106-114
name=unknown_D
#
# <colnr> <probs for GDERKNQSTAVLIFYWHMCP>
#	G	D	E	R	K	N	Q	S	T	A	V	L	I	F	Y	W	H	M	C	P
0	0.02272	0.02419	0.02539	0.30737	0.07698	0.21680	0.02031	0.06587	0.02097	0.02437	0.01569	0.02129	0.01261	0.01347	0.05844	0.00355	0.04802	0.00722	0.00448	0.01027
1	0.23878	0.02863	0.07491	0.02572	0.15276	0.22441	0.01801	0.08724	0.02195	0.03187	0.01463	0.01724	0.01160	0.00857	0.00743	0.00253	0.01116	0.00610	0.00508	0.01139
2	0.02318	0.02127	0.02402	0.02761	0.20209	0.11432	0.01714	0.14697	0.05312	0.03235	0.02789	0.07805	0.07795	0.01212	0.00965	0.00268	0.04130	0.00990	0.06675	0.01167
3	0.01725	0.01643	0.01637	0.01496	0.01650	0.12344	0.01113	0.01955	0.01935	0.02522	0.24792	0.04539	0.04299	0.18866	0.02227	0.00434	0.14209	0.01161	0.00646	0.00806
4	0.01581	0.01364	0.01731	0.01557	0.01675	0.01653	0.01196	0.02028	0.08628	0.02448	0.13714	0.04402	0.08250	0.18957	0.02556	0.00464	0.25170	0.01154	0.00617	0.00853
5	0.01703	0.01636	0.02719	0.02936	0.19798	0.01741	0.11152	0.02104	0.01774	0.02458	0.03092	0.03593	0.13363	0.02322	0.14275	0.00521	0.12223	0.01050	0.00504	0.01035
6	0.08277	0.05682	0.02667	0.06935	0.14916	0.02057	0.06080	0.15543	0.07173	0.03364	0.01959	0.02531	0.01636	0.08789	0.01229	0.00319	0.00936	0.00803	0.00590	0.08515
7	0.02399	0.02572	0.02524	0.16591	0.13737	0.25387	0.01915	0.07489	0.02191	0.02536	0.01665	0.02181	0.01379	0.01806	0.11460	0.00440	0.01467	0.00724	0.00471	0.01067
8	0.09392	0.08622	0.11047	0.17782	0.18603	0.01932	0.02063	0.02380	0.01925	0.02843	0.12682	0.02791	0.02459	0.00988	0.00828	0.00266	0.00940	0.00842	0.00514	0.01102

[dist]
# distance from previous block
# <min> <max>
2	3

[block]
# block no. 4 follows, 20 sequences, length 13
# corresponding to MSA columns:
# 118-130
name=unknown_E
#
# <colnr> <probs for GDERKNQSTAVLIFYWHMCP>
#	G	D	E	R	K	N	Q	S	T	A	V	L	I	F	Y	W	H	M	C	P
0	0.02395	0.02309	0.01934	0.01757	0.02193	0.22072	0.01379	0.08807	0.09661	0.06060	0.03243	0.08416	0.07665	0.01431	0.00915	0.00277	0.00986	0.10778	0.00699	0.07022
1	0.01090	0.00818	0.00999	0.01105	0.01229	0.00761	0.00759	0.01258	0.01698	0.02191	0.05556	0.39458	0.21887	0.10093	0.06463	0.00471	0.00666	0.02045	0.00753	0.00702
2	0.01192	0.00813	0.00974	0.01049	0.01068	0.00795	0.00633	0.01248	0.01418	0.01891	0.03515	0.29179	0.04138	0.44555	0.03202	0.00663	0.00719	0.01719	0.00633	0.00596
3	0.01536	0.01095	0.01460	0.01321	0.01626	0.01030	0.04286	0.02021	0.06199	0.07917	0.27454	0.06507	0.18864	0.07022	0.01291	0.00339	0.00600	0.07691	0.00851	0.00889
4	0.11613	0.02566	0.07967	0.02295	0.09645	0.11630	0.01746	0.15335	0.21557	0.03663	0.02236	0.02286	0.01692	0.00988	0.00818	0.00269	0.00968	0.00764	0.00677	0.01285
5	0.01949	0.01517	0.01953	0.15670	0.02746	0.01742	0.01461	0.10822	0.11929	0.02894	0.02377	0.02823	0.04715	0.01518	0.01565	0.15207	0.07660	0.00852	0.06548	0.04053
6	0.01529	0.01026	0.01217	0.01106	0.01325	0.00921	0.00732	0.01659	0.01530	0.06225	0.02862	0.14629	0.03110	0.39545	0.02863	0.00576	0.00742	0.01272	0.00607	0.16524
7	0.02691	0.15630	0.02636	0.01888	0.02397	0.34241	0.01501	0.05745	0.13100	0.02552	0.02427	0.02482	0.07067	0.01046	0.00788	0.00238	0.01167	0.00745	0.00564	0.01093
8	0.01157	0.00837	0.01079	0.01170	0.01285	0.00769	0.00796	0.01355	0.01786	0.02443	0.15348	0.47012	0.05714	0.09248	0.01412	0.00377	0.00531	0.02079	0.00793	0.04810
9	0.02605	0.01980	0.04828	0.01649	0.02254	0.08126	0.01359	0.03627	0.20618	0.20257	0.07687	0.02933	0.02489	0.01058	0.00838	0.00248	0.00792	0.00857	0.00809	0.14987
10	0.19934	0.02025	0.01881	0.04194	0.02130	0.15553	0.01380	0.02324	0.01678	0.02554	0.01818	0.08849	0.01758	0.02250	0.13345	0.00505	0.15564	0.00857	0.00495	0.00907
11	0.13920	0.01747	0.02390	0.07706	0.17960	0.02071	0.01798	0.02543	0.07821	0.02808	0.01744	0.02254	0.01469	0.01514	0.06615	0.00390	0.19101	0.00760	0.04306	0.01084
12	0.14755	0.01708	0.06567	0.05202	0.02234	0.01614	0.01339	0.05538	0.12395	0.17191	0.02570	0.02882	0.01965	0.07044	0.06972	0.00419	0.00923	0.00832	0.06716	0.01135

[dist]
# distance from previous block
# <min> <max>
49	138

[block]
# block no. 5 follows, 20 sequences, length 8
# corresponding to MSA columns:
# 281-288
name=unknown_F
#
# <colnr> <probs for GDERKNQSTAVLIFYWHMCP>
#	G	D	E	R	K	N	Q	S	T	A	V	L	I	F	Y	W	H	M	C	P
0	0.02121	0.30972	0.03287	0.01940	0.06787	0.06286	0.05569	0.06724	0.02007	0.02526	0.02142	0.15817	0.02174	0.01190	0.00776	0.00238	0.00906	0.00987	0.00528	0.07020
1	0.10879	0.08759	0.02299	0.01753	0.02275	0.23109	0.01401	0.14679	0.02407	0.03112	0.01675	0.01968	0.01369	0.01609	0.09080	0.00375	0.01254	0.00642	0.03246	0.08111
2	0.18202	0.06569	0.12001	0.02049	0.07222	0.16402	0.01711	0.06197	0.02091	0.07987	0.01607	0.01790	0.01229	0.00840	0.00727	0.00236	0.01034	0.00599	0.00534	0.10973
3	0.02181	0.07492	0.15130	0.05636	0.07703	0.15240	0.01896	0.05597	0.05775	0.02665	0.01963	0.02789	0.01720	0.06247	0.01096	0.00294	0.01095	0.04920	0.00511	0.10048
4	0.11910	0.11297	0.12549	0.01651	0.02233	0.05905	0.01528	0.11434	0.06808	0.03186	0.05017	0.12240	0.02412	0.04585	0.00985	0.00297	0.00875	0.00991	0.03018	0.01080
5	0.02606	0.20601	0.03242	0.02651	0.16980	0.14051	0.01807	0.13966	0.07063	0.03070	0.01702	0.01905	0.01379	0.00867	0.00761	0.00230	0.01045	0.00660	0.00542	0.04872
6	0.14600	0.03079	0.12146	0.02230	0.05962	0.26017	0.07372	0.02849	0.02057	0.02702	0.01956	0.02191	0.05506	0.00922	0.00785	0.00246	0.01187	0.00702	0.00481	0.07012
7	0.10760	0.02675	0.09767	0.01912	0.02641	0.16268	0.05920	0.10007	0.02264	0.06423	0.01653	0.01853	0.01265	0.00823	0.00756	0.00220	0.01040	0.00627	0.00555	0.22569

[dist]
# distance from previous block
# <min> <max>
3	5

[block]
# block no. 6 follows, 20 sequences, length 37
# corresponding to MSA columns:
# 294-330
name=unknown_G
#
# <colnr> <probs for GDERKNQSTAVLIFYWHMCP>
#	G	D	E	R	K	N	Q	S	T	A	V	L	I	F	Y	W	H	M	C	P
0	0.18012	0.05975	0.02206	0.05339	0.02525	0.36399	0.01473	0.03171	0.02179	0.09375	0.01896	0.02037	0.04042	0.00952	0.00751	0.00244	0.01194	0.00643	0.00547	0.01040
1	0.10519	0.05578	0.11806	0.02243	0.08924	0.18906	0.04249	0.02852	0.07440	0.02865	0.10569	0.02868	0.05478	0.01067	0.00829	0.00259	0.01043	0.00847	0.00570	0.01089
2	0.05897	0.02095	0.03169	0.17076	0.45078	0.06484	0.02469	0.02639	0.01947	0.02733	0.01581	0.02113	0.01298	0.00806	0.00843	0.00263	0.01080	0.00746	0.00430	0.01252
3	0.02318	0.02190	0.02829	0.03679	0.35776	0.09223	0.02058	0.13269	0.02431	0.03177	0.02829	0.03066	0.11200	0.01067	0.00883	0.00261	0.00989	0.00922	0.00575	0.01256
4	0.11170	0.03105	0.02632	0.02887	0.18301	0.33488	0.01852	0.11134	0.02461	0.02985	0.01512	0.01778	0.01219	0.00878	0.00790	0.00244	0.01249	0.00638	0.00514	0.01164
5	0.02055	0.02018	0.03188	0.24926	0.42152	0.05455	0.02543	0.02577	0.01935	0.02613	0.01596	0.02181	0.01298	0.00814	0.00862	0.00267	0.01105	0.00765	0.00419	0.01230
6	0.02037	0.01931	0.03270	0.12070	0.52982	0.01970	0.02519	0.02554	0.01992	0.02825	0.05937	0.02481	0.01834	0.00858	0.00876	0.00264	0.01007	0.00833	0.00464	0.01296
7	0.01797	0.01648	0.02683	0.22238	0.31093	0.01761	0.02151	0.02370	0.04667	0.02703	0.08318	0.10027	0.02554	0.01140	0.00911	0.00282	0.00936	0.01055	0.00535	0.01131
8	0.02657	0.03079	0.02247	0.02037	0.02389	0.40766	0.01564	0.06272	0.02206	0.02303	0.01606	0.02074	0.01397	0.02302	0.16382	0.00520	0.08066	0.00682	0.00472	0.00979
9	0.01253	0.00906	0.01255	0.01255	0.01360	0.01010	0.00907	0.01463	0.01358	0.01916	0.02471	0.04172	0.02504	0.27045	0.45827	0.01220	0.01850	0.01044	0.00487	0.00697
10	0.02054	0.01939	0.03272	0.04872	0.56811	0.01931	0.02467	0.02560	0.02041	0.02923	0.08643	0.02653	0.02158	0.00891	0.00882	0.00261	0.00965	0.00868	0.00492	0.01318
11	0.01268	0.00846	0.00951	0.00951	0.00951	0.00846	0.00529	0.01268	0.01268	0.01691	0.02748	0.05708	0.03171	0.69345	0.04440	0.00846	0.00846	0.01268	0.00529	0.00529
12	0.02094	0.01534	0.01764	0.01658	0.02079	0.01668	0.01341	0.03623	0.35473	0.10186	0.04104	0.05342	0.06307	0.01570	0.00983	0.00323	0.00716	0.17159	0.00882	0.01197
13	0.03145	0.02342	0.02526	0.01926	0.02633	0.02530	0.01587	0.54333	0.03841	0.05197	0.02033	0.02062	0.01462	0.01002	0.00847	0.00247	0.00924	0.00755	0.00832	0.09776
14	0.01515	0.00758	0.01136	0.01136	0.01136	0.00758	0.00758	0.01136	0.01136	0.01515	0.01515	0.02652	0.01515	0.03030	0.03409	0.74621	0.00758	0.00758	0.00379	0.00379
15	0.03258	0.04157	0.02472	0.02247	0.02697	0.65843	0.01685	0.03483	0.02472	0.02135	0.01348	0.01573	0.01124	0.00899	0.00787	0.00225	0.01573	0.00562	0.00449	0.01011
16	0.03258	0.04157	0.02472	0.02247	0.02697	0.65843	0.01685	0.03483	0.02472	0.02135	0.01348	0.01573	0.01124	0.00899	0.00787	0.00225	0.01573	0.00562	0.00449	0.01011
17	0.02126	0.01882	0.02311	0.02536	0.16290	0.02033	0.01637	0.03913	0.41721	0.03375	0.02889	0.02841	0.02216	0.01030	0.00855	0.00269	0.00764	0.00885	0.00742	0.09685
18	0.02988	0.03644	0.02735	0.03011	0.17753	0.50156	0.01929	0.03285	0.02352	0.02311	0.01420	0.01717	0.01187	0.00869	0.00805	0.00233	0.01441	0.00615	0.00445	0.01102
19	0.01750	0.04512	0.64825	0.02486	0.03775	0.02026	0.03223	0.02762	0.01842	0.02762	0.01565	0.01842	0.01105	0.00829	0.00829	0.00276	0.01289	0.00645	0.00368	0.01289
20	0.01170	0.00928	0.01077	0.01151	0.01411	0.00835	0.00938	0.01457	0.01996	0.02450	0.07275	0.08929	0.41888	0.02283	0.01095	0.00334	0.00576	0.22637	0.00807	0.00761
21	0.02961	0.03542	0.02659	0.07811	0.12640	0.47742	0.01899	0.06002	0.02416	0.02416	0.01446	0.01749	0.01185	0.00885	0.00810	0.00237	0.01427	0.00623	0.00462	0.01089
22	0.03225	0.03350	0.02587	0.02310	0.05861	0.36767	0.01725	0.26926	0.03112	0.03545	0.01668	0.01816	0.01284	0.00953	0.00826	0.00242	0.01295	0.00664	0.00621	0.01223
23	0.01268	0.00846	0.00951	0.00951	0.00951	0.00846	0.00529	0.01268	0.01268	0.01691	0.02748	0.05708	0.03171	0.69345	0.04440	0.00846	0.00846	0.01268	0.00529	0.00529
24	0.02437	0.62424	0.04333	0.01578	0.02291	0.10520	0.01514	0.02711	0.01852	0.02062	0.01228	0.01419	0.01120	0.00764	0.00585	0.00191	0.01005	0.00477	0.00382	0.01107
25	0.01096	0.00812	0.01024	0.01127	0.01258	0.00740	0.00786	0.01320	0.01910	0.02540	0.18906	0.43540	0.16903	0.02421	0.01079	0.00325	0.00473	0.02157	0.00844	0.00740
26	0.01980	0.03827	0.48539	0.02978	0.15353	0.01983	0.02982	0.02850	0.01915	0.07082	0.01711	0.01982	0.01232	0.00836	0.00839	0.00272	0.01202	0.00687	0.00430	0.01321
27	0.02159	0.02073	0.03541	0.05354	0.63903	0.02073	0.02677	0.02677	0.01986	0.02850	0.01641	0.02159	0.01382	0.00777	0.00864	0.00259	0.01036	0.00777	0.00432	0.01382
28	0.01246	0.00935	0.01402	0.01402	0.01558	0.01090	0.01090	0.01558	0.01402	0.02025	0.02336	0.03427	0.02181	0.06542	0.65888	0.01402	0.02336	0.00935	0.00467	0.00779
29	0.03062	0.18691	0.02988	0.02014	0.02594	0.35413	0.01634	0.18053	0.02731	0.02979	0.01509	0.01667	0.01215	0.00902	0.00757	0.00226	0.01270	0.00597	0.00541	0.01157
30	0.01355	0.01166	0.01635	0.02165	0.17351	0.01091	0.01269	0.01647	0.01909	0.02468	0.05681	0.22095	0.28961	0.01987	0.01021	0.00308	0.00636	0.05644	0.00712	0.00900
31	0.01749	0.08195	0.02447	0.01893	0.02032	0.02306	0.01585	0.01955	0.01526	0.02153	0.02904	0.03338	0.15362	0.01607	0.02224	0.00343	0.46001	0.00980	0.00478	0.00920
32	0.03258	0.04157	0.02472	0.02247	0.02697	0.65843	0.01685	0.03483	0.02472	0.02135	0.01348	0.01573	0.01124	0.00899	0.00787	0.00225	0.01573	0.00562	0.00449	0.01011
33	0.02136	0.08031	0.47100	0.02340	0.03440	0.07910	0.02767	0.10880	0.02207	0.03043	0.01598	0.01827	0.01160	0.00860	0.00815	0.00264	0.01248	0.00646	0.00446	0.01281
34	0.19222	0.12179	0.02347	0.01575	0.02159	0.02229	0.01318	0.21841	0.02491	0.06919	0.01995	0.08240	0.01718	0.01091	0.00835	0.00253	0.03652	0.00805	0.00669	0.08459
35	0.01941	0.11173	0.02400	0.02198	0.13943	0.07468	0.01454	0.02619	0.10466	0.02996	0.21985	0.03535	0.03725	0.01153	0.00847	0.00241	0.00774	0.00976	0.00670	0.09434
36	0.07237	0.18661	0.05533	0.01973	0.02580	0.32684	0.01657	0.14592	0.02551	0.02913	0.01466	0.01639	0.01183	0.00885	0.00739	0.00228	0.01241	0.00583	0.00518	0.01137

[dist]
# distance from previous block
# <min> <max>
1	5

[block]
# block no. 7 follows, 20 sequences, length 13
# corresponding to MSA columns:
# 336-348
name=unknown_H
#
# <colnr> <probs for GDERKNQSTAVLIFYWHMCP>
#	G	D	E	R	K	N	Q	S	T	A	V	L	I	F	Y	W	H	M	C	P
0	0.01946	0.02197	0.07514	0.02719	0.03383	0.02076	0.29014	0.02484	0.01808	0.02629	0.01549	0.02088	0.01258	0.00919	0.01389	0.00278	0.17833	0.00824	0.00439	0.17654
1	0.02290	0.05552	0.05698	0.03132	0.26156	0.13837	0.01929	0.02712	0.02086	0.08054	0.08766	0.02717	0.02247	0.01664	0.09004	0.00396	0.01212	0.00834	0.00550	0.01165
2	0.01257	0.00893	0.01192	0.01192	0.01276	0.00977	0.00829	0.01423	0.01340	0.01870	0.02528	0.04488	0.02641	0.35743	0.37317	0.01143	0.01643	0.01090	0.00496	0.00662
3	0.01997	0.02170	0.04131	0.03107	0.03628	0.02397	0.36590	0.02509	0.01762	0.02509	0.01510	0.02170	0.01250	0.01060	0.01782	0.00330	0.28674	0.00920	0.00417	0.01085
4	0.03316	0.02443	0.02618	0.02007	0.02705	0.02705	0.01658	0.60995	0.04101	0.05497	0.02094	0.02094	0.01483	0.01047	0.00873	0.00262	0.00960	0.00785	0.00873	0.01483
5	0.03764	0.01724	0.02172	0.01666	0.02346	0.01637	0.01376	0.18412	0.02897	0.49781	0.03105	0.02751	0.01991	0.01072	0.00876	0.00268	0.00797	0.00854	0.01028	0.01484
6	0.01515	0.01301	0.01463	0.01396	0.01492	0.06868	0.01006	0.01672	0.01431	0.01902	0.02276	0.04042	0.02379	0.32051	0.26267	0.00936	0.09785	0.01022	0.00481	0.00715
7	0.01252	0.00912	0.01289	0.01289	0.01406	0.01029	0.00950	0.01485	0.01369	0.01942	0.02439	0.03996	0.02428	0.22215	0.50553	0.01263	0.01964	0.01018	0.00483	0.00716
8	0.02799	0.02110	0.02263	0.01838	0.02419	0.02347	0.01482	0.40107	0.18361	0.04711	0.02673	0.06822	0.02096	0.01190	0.00879	0.00273	0.00836	0.00948	0.04471	0.01374
9	0.03084	0.01830	0.02099	0.01652	0.02222	0.01886	0.01325	0.31449	0.03082	0.23232	0.03003	0.03240	0.05584	0.10603	0.01378	0.00347	0.00845	0.00943	0.00886	0.01307
10	0.01420	0.01280	0.01810	0.07993	0.19408	0.01227	0.01400	0.01771	0.02001	0.02569	0.10147	0.05955	0.36390	0.01654	0.00969	0.00283	0.00672	0.01426	0.00677	0.00946
11	0.02286	0.02118	0.02987	0.12567	0.36610	0.06259	0.02249	0.12940	0.02362	0.03154	0.02216	0.02587	0.05898	0.00951	0.00873	0.00264	0.01032	0.00842	0.00533	0.01273
12	0.02651	0.02986	0.02618	0.07135	0.17100	0.32449	0.01897	0.03472	0.15768	0.02648	0.01925	0.02137	0.01532	0.00933	0.00833	0.00253	0.01222	0.00721	0.00540	0.01178

[dist]
# distance from previous block
# <min> <max>
1	51

[block]
# block no. 8 follows, 20 sequences, length 36
# corresponding to MSA columns:
# 400-435
name=unknown_I
#
# <colnr> <probs for GDERKNQSTAVLIFYWHMCP>
#	G	D	E	R	K	N	Q	S	T	A	V	L	I	F	Y	W	H	M	C	P
0	0.13040	0.05532	0.02711	0.02746	0.17671	0.16491	0.01809	0.23149	0.02751	0.03727	0.01656	0.01870	0.01288	0.00901	0.00791	0.00251	0.01074	0.00676	0.00602	0.01263
1	0.07750	0.05308	0.19310	0.01951	0.05532	0.04569	0.01829	0.10718	0.05133	0.03336	0.09761	0.02501	0.02202	0.00960	0.00794	0.00238	0.00910	0.00759	0.00590	0.15847
2	0.02938	0.27618	0.03284	0.01896	0.02532	0.23287	0.01606	0.21174	0.02727	0.03158	0.01532	0.01673	0.01235	0.00890	0.00731	0.00222	0.01147	0.00597	0.00554	0.01199
3	0.08051	0.01659	0.01952	0.06831	0.02463	0.01778	0.01372	0.04023	0.30434	0.23646	0.06029	0.03106	0.02515	0.01125	0.00864	0.00284	0.00731	0.00924	0.00889	0.01324
4	0.02531	0.02816	0.02244	0.02006	0.02358	0.31379	0.01559	0.06427	0.10815	0.02549	0.02299	0.02556	0.06042	0.01610	0.06388	0.00365	0.13665	0.00797	0.00552	0.01042
5	0.01945	0.01846	0.02590	0.11277	0.02800	0.02485	0.01916	0.06647	0.01611	0.02376	0.01341	0.02064	0.01231	0.01674	0.05897	0.00416	0.49696	0.00776	0.00425	0.00988
6	0.01717	0.01327	0.01502	0.01382	0.01726	0.01338	0.01043	0.13972	0.09560	0.03219	0.08452	0.27378	0.14746	0.01892	0.00982	0.00296	0.00614	0.01635	0.00820	0.06398
7	0.03258	0.04157	0.02472	0.02247	0.02697	0.65843	0.01685	0.03483	0.02472	0.02135	0.01348	0.01573	0.01124	0.00899	0.00787	0.00225	0.01573	0.00562	0.00449	0.01011
8	0.01112	0.00880	0.00961	0.00944	0.01178	0.00772	0.00683	0.01349	0.02008	0.02543	0.21207	0.07579	0.42065	0.11138	0.01489	0.00364	0.00489	0.01700	0.00808	0.00729
9	0.01892	0.01779	0.02900	0.04261	0.48404	0.01747	0.02188	0.02348	0.02015	0.02794	0.06603	0.03591	0.13526	0.01106	0.00905	0.00267	0.00888	0.01025	0.00534	0.01227
10	0.01031	0.00884	0.00884	0.00884	0.01178	0.00736	0.00663	0.01252	0.01988	0.02356	0.08837	0.08395	0.63549	0.02209	0.01031	0.00295	0.00442	0.01841	0.00810	0.00736
11	0.03258	0.04157	0.02472	0.02247	0.02697	0.65843	0.01685	0.03483	0.02472	0.02135	0.01348	0.01573	0.01124	0.00899	0.00787	0.00225	0.01573	0.00562	0.00449	0.01011
12	0.02112	0.02203	0.04286	0.04576	0.36363	0.02134	0.29620	0.02731	0.02020	0.02824	0.01698	0.02249	0.01355	0.00758	0.00941	0.00275	0.01238	0.00894	0.00436	0.01286
13	0.01750	0.04512	0.64825	0.02486	0.03775	0.02026	0.03223	0.02762	0.01842	0.02762	0.01565	0.01842	0.01105	0.00829	0.00829	0.00276	0.01289	0.00645	0.00368	0.01289
14	0.01061	0.00766	0.01005	0.01197	0.01260	0.00710	0.00802	0.01217	0.01687	0.02234	0.05026	0.65507	0.08897	0.02704	0.01109	0.00351	0.00503	0.02445	0.00810	0.00710
15	0.01207	0.00891	0.01128	0.01069	0.01286	0.00811	0.00801	0.01593	0.02404	0.03344	0.56097	0.06769	0.15673	0.01841	0.01029	0.00277	0.00416	0.01613	0.00940	0.00811
16	0.03258	0.04157	0.02472	0.02247	0.02697	0.65843	0.01685	0.03483	0.02472	0.02135	0.01348	0.01573	0.01124	0.00899	0.00787	0.00225	0.01573	0.00562	0.00449	0.01011
17	0.03397	0.01675	0.02065	0.01653	0.02281	0.01647	0.01342	0.09515	0.18501	0.43008	0.03348	0.02965	0.02231	0.01104	0.00880	0.00276	0.00748	0.00898	0.01010	0.01457
18	0.01242	0.00893	0.01140	0.01278	0.01380	0.00867	0.00877	0.05970	0.01863	0.02487	0.04592	0.63471	0.05428	0.02599	0.01094	0.00347	0.00542	0.02345	0.00815	0.00770
19	0.03316	0.02443	0.02618	0.02007	0.02705	0.02705	0.01658	0.60995	0.04101	0.05497	0.02094	0.02094	0.01483	0.01047	0.00873	0.00262	0.00960	0.00785	0.00873	0.01483
20	0.01235	0.00892	0.01166	0.01097	0.01303	0.00823	0.00823	0.01646	0.02469	0.03498	0.63443	0.06516	0.08230	0.01783	0.01029	0.00274	0.00412	0.01578	0.00960	0.00823
21	0.01773	0.04345	0.60205	0.02578	0.03836	0.02040	0.07675	0.02765	0.01858	0.02765	0.01581	0.01881	0.01122	0.00821	0.00844	0.00278	0.01303	0.00674	0.00374	0.01280
22	0.01829	0.13382	0.56648	0.02351	0.03567	0.02219	0.02988	0.02742	0.01832	0.02666	0.01518	0.01782	0.01107	0.00818	0.00792	0.00264	0.01241	0.00620	0.00369	0.01266
23	0.01054	0.00793	0.00977	0.01125	0.01242	0.00716	0.00770	0.01225	0.01756	0.02262	0.05896	0.52457	0.21384	0.02591	0.01091	0.00338	0.00489	0.02307	0.00810	0.00716
24	0.01129	0.00787	0.00993	0.01130	0.01165	0.00752	0.00720	0.01232	0.01541	0.02055	0.04147	0.48548	0.04936	0.24097	0.02180	0.00512	0.00615	0.02091	0.00720	0.00651
25	0.02965	0.24978	0.03137	0.02008	0.02552	0.46075	0.01624	0.03207	0.02250	0.02109	0.01305	0.01518	0.01122	0.00851	0.00715	0.00213	0.01370	0.00532	0.00425	0.01046
26	0.01195	0.00890	0.01111	0.01056	0.01279	0.00806	0.00792	0.01570	0.02376	0.03278	0.52905	0.06878	0.18906	0.01865	0.01029	0.00278	0.00417	0.01628	0.00931	0.00806
27	0.01060	0.00768	0.01003	0.01190	0.01259	0.00711	0.00799	0.01217	0.01693	0.02236	0.05104	0.64337	0.10017	0.02694	0.01107	0.00350	0.00501	0.02433	0.00810	0.00711
28	0.08526	0.20700	0.02750	0.06754	0.02543	0.21168	0.01479	0.05283	0.02173	0.11497	0.02333	0.02417	0.06956	0.01000	0.00751	0.00238	0.01049	0.00717	0.00573	0.01095
29	0.02159	0.02073	0.03541	0.05354	0.63903	0.02073	0.02677	0.02677	0.01986	0.02850	0.01641	0.02159	0.01382	0.00777	0.00864	0.00259	0.01036	0.00777	0.00432	0.01382
30	0.01410	0.01175	0.01716	0.01621	0.01739	0.01481	0.01293	0.01692	0.01386	0.02043	0.02042	0.03051	0.01925	0.05302	0.50307	0.01150	0.18508	0.00892	0.00446	0.00822
31	0.02308	0.05784	0.13770	0.01849	0.02448	0.09617	0.01705	0.21130	0.02545	0.03387	0.02173	0.07571	0.01868	0.02095	0.12536	0.00465	0.01268	0.00880	0.05459	0.01141
32	0.07155	0.21558	0.28621	0.02073	0.02953	0.18820	0.02218	0.02895	0.01962	0.02489	0.01393	0.01627	0.01103	0.00824	0.00728	0.00239	0.01227	0.00565	0.00402	0.01150
33	0.02601	0.02685	0.02291	0.06405	0.05361	0.27401	0.01622	0.14574	0.07135	0.02941	0.01905	0.02279	0.01554	0.02147	0.14702	0.00495	0.01494	0.00743	0.00567	0.01099
34	0.06376	0.02084	0.05676	0.02998	0.23508	0.02003	0.01928	0.16210	0.06997	0.19898	0.02336	0.02389	0.01670	0.00951	0.00854	0.00267	0.00911	0.00800	0.00737	0.01406
35	0.02208	0.02180	0.05067	0.03041	0.23890	0.07422	0.01907	0.09916	0.14544	0.03151	0.02992	0.03135	0.09971	0.01147	0.01016	0.00278	0.05330	0.00939	0.00624	0.01244

[dist]
# distance from previous block
# <min> <max>
2	64

[block]
# block no. 9 follows, 20 sequences, length 33
# corresponding to MSA columns:
# 500-532
name=unknown_J
#
# <colnr> <probs for GDERKNQSTAVLIFYWHMCP>
#	G	D	E	R	K	N	Q	S	T	A	V	L	I	F	Y	W	H	M	C	P
0	0.05915	0.02754	0.18671	0.03272	0.23806	0.04891	0.06984	0.08473	0.02139	0.03108	0.01630	0.01977	0.01271	0.00804	0.00820	0.00248	0.01081	0.00705	0.00478	0.10974
1	0.07996	0.02042	0.03361	0.05019	0.58952	0.02063	0.02539	0.02668	0.01946	0.02934	0.01607	0.02100	0.01347	0.00780	0.00838	0.00260	0.01008	0.00753	0.00440	0.01347
2	0.02227	0.02589	0.07847	0.12376	0.32484	0.16695	0.02306	0.02703	0.02055	0.02557	0.02096	0.02489	0.05943	0.00930	0.00857	0.00259	0.01153	0.00797	0.00453	0.01185
3	0.02297	0.02235	0.02819	0.03323	0.25976	0.08988	0.02042	0.06815	0.15984	0.02966	0.01973	0.02292	0.01606	0.01063	0.01294	0.00291	0.15423	0.00800	0.00556	0.01257
4	0.01228	0.01016	0.01092	0.01050	0.01350	0.00945	0.00794	0.01788	0.10051	0.02788	0.20625	0.07288	0.42876	0.01977	0.01012	0.00290	0.00468	0.01668	0.00855	0.00841
5	0.01248	0.00837	0.00957	0.00978	0.00983	0.00832	0.00556	0.01263	0.01308	0.01745	0.02953	0.11978	0.03430	0.62723	0.04109	0.00797	0.00812	0.01389	0.00556	0.00546
6	0.03258	0.04157	0.02472	0.02247	0.02697	0.65843	0.01685	0.03483	0.02472	0.02135	0.01348	0.01573	0.01124	0.00899	0.00787	0.00225	0.01573	0.00562	0.00449	0.01011
7	0.01767	0.04388	0.61411	0.02554	0.03820	0.02036	0.06513	0.02764	0.01854	0.02764	0.01577	0.01871	0.01117	0.00823	0.00840	0.00277	0.01300	0.00667	0.00372	0.01283
8	0.01235	0.00892	0.01166	0.01097	0.01303	0.00823	0.00823	0.01646	0.02469	0.03498	0.63443	0.06516	0.08230	0.01783	0.01029	0.00274	0.00412	0.01578	0.00960	0.00823
9	0.03258	0.04157	0.02472	0.02247	0.02697	0.65843	0.01685	0.03483	0.02472	0.02135	0.01348	0.01573	0.01124	0.00899	0.00787	0.00225	0.01573	0.00562	0.00449	0.01011
10	0.01035	0.00866	0.00902	0.00931	0.01191	0.00732	0.00684	0.01246	0.01943	0.02338	0.08259	0.17057	0.55260	0.02284	0.01043	0.00303	0.00451	0.01933	0.00810	0.00732
11	0.01235	0.00892	0.01166	0.01097	0.01303	0.00823	0.00823	0.01646	0.02469	0.03498	0.63443	0.06516	0.08230	0.01783	0.01029	0.00274	0.00412	0.01578	0.00960	0.00823
12	0.02170	0.01874	0.01972	0.01775	0.02268	0.02170	0.01381	0.04635	0.62327	0.03649	0.03550	0.03254	0.02663	0.01183	0.00888	0.00296	0.00690	0.00986	0.00888	0.01381
13	0.03914	0.01484	0.02024	0.01552	0.02227	0.01282	0.01282	0.04251	0.02497	0.64507	0.03441	0.02969	0.02159	0.01080	0.00877	0.00270	0.00742	0.00877	0.01080	0.01484
14	0.01246	0.00935	0.01402	0.01402	0.01558	0.01090	0.01090	0.01558	0.01402	0.02025	0.02336	0.03427	0.02181	0.06542	0.65888	0.01402	0.02336	0.00935	0.00467	0.00779
15	0.01908	0.01908	0.02672	0.02290	0.02290	0.02672	0.01908	0.02099	0.01336	0.02099	0.01145	0.01908	0.01145	0.01527	0.02863	0.00382	0.67748	0.00763	0.00382	0.00954
16	0.01647	0.01550	0.02616	0.67248	0.06008	0.01938	0.02422	0.02229	0.01744	0.02229	0.01550	0.02326	0.01163	0.00872	0.00872	0.00291	0.01163	0.00775	0.00388	0.00969
17	0.01046	0.00884	0.00905	0.00900	0.01188	0.00743	0.00675	0.01281	0.02024	0.02442	0.12941	0.08253	0.59391	0.02177	0.01031	0.00293	0.00440	0.01821	0.00821	0.00743
18	0.03914	0.01484	0.02024	0.01552	0.02227	0.01282	0.01282	0.04251	0.02497	0.64507	0.03441	0.02969	0.02159	0.01080	0.00877	0.00270	0.00742	0.00877	0.01080	0.01484
19	0.02159	0.02073	0.03541	0.05354	0.63903	0.02073	0.02677	0.02677	0.01986	0.02850	0.01641	0.02159	0.01382	0.00777	0.00864	0.00259	0.01036	0.00777	0.00432	0.01382
20	0.01908	0.01908	0.02672	0.02290	0.02290	0.02672	0.01908	0.02099	0.01336	0.02099	0.01145	0.01908	0.01145	0.01527	0.02863	0.00382	0.67748	0.00763	0.00382	0.00954
21	0.01176	0.00889	0.01085	0.01036	0.01267	0.00798	0.00777	0.01532	0.02330	0.03169	0.47694	0.07058	0.24185	0.01906	0.01029	0.00280	0.00420	0.01653	0.00917	0.00798
22	0.02024	0.01935	0.03296	0.21714	0.48601	0.02037	0.02610	0.02559	0.01922	0.02686	0.01617	0.02203	0.01324	0.00802	0.00866	0.00267	0.01070	0.00777	0.00420	0.01273
23	0.03258	0.04157	0.02472	0.02247	0.02697	0.65843	0.01685	0.03483	0.02472	0.02135	0.01348	0.01573	0.01124	0.00899	0.00787	0.00225	0.01573	0.00562	0.00449	0.01011
24	0.02159	0.02073	0.03541	0.05354	0.63903	0.02073	0.02677	0.02677	0.01986	0.02850	0.01641	0.02159	0.01382	0.00777	0.00864	0.00259	0.01036	0.00777	0.00432	0.01382
25	0.03275	0.03651	0.02515	0.02176	0.02699	0.47176	0.01677	0.20487	0.02954	0.03129	0.01569	0.01727	0.01230	0.00943	0.00812	0.00236	0.01392	0.00628	0.00575	0.01151
26	0.01256	0.00895	0.01202	0.01202	0.01288	0.00982	0.00841	0.01429	0.01343	0.01877	0.02520	0.04441	0.02621	0.34455	0.38577	0.01155	0.01674	0.01083	0.00495	0.00668
27	0.01537	0.01125	0.01476	0.07238	0.01954	0.01224	0.01153	0.08637	0.01914	0.02654	0.03269	0.15328	0.06070	0.07627	0.22057	0.00692	0.01242	0.06265	0.07683	0.00855
28	0.01685	0.01327	0.01972	0.02315	0.15119	0.01328	0.04201	0.08946	0.01984	0.02695	0.03201	0.34107	0.03509	0.02047	0.01334	0.10284	0.00757	0.01603	0.00660	0.00928
29	0.02308	0.02425	0.03062	0.15555	0.37023	0.15995	0.02348	0.02873	0.05133	0.02623	0.01658	0.02117	0.01352	0.00842	0.00849	0.00259	0.01159	0.00740	0.00451	0.01227
30	0.24743	0.02842	0.20718	0.02669	0.16971	0.07635	0.02120	0.02885	0.06367	0.03149	0.01605	0.01867	0.01239	0.00844	0.00749	0.00267	0.01021	0.00641	0.00482	0.01187
31	0.02624	0.03666	0.16640	0.07381	0.03100	0.37237	0.02028	0.06722	0.02314	0.02508	0.01722	0.06779	0.01495	0.01028	0.00833	0.00254	0.01356	0.00756	0.00480	0.01079
32	0.18698	0.01442	0.01544	0.06301	0.02023	0.01607	0.01109	0.02868	0.20451	0.06917	0.02818	0.10185	0.02562	0.15960	0.01598	0.00413	0.00740	0.01064	0.00697	0.01002

[dist]
# distance from previous block
# <min> <max>
1	4

[block]
# block no. 10 follows, 20 sequences, length 28
# corresponding to MSA columns:
# 537-564
name=unknown_K
#
# <colnr> <probs for GDERKNQSTAVLIFYWHMCP>
#	G	D	E	R	K	N	Q	S	T	A	V	L	I	F	Y	W	H	M	C	P
0	0.23066	0.17407	0.08678	0.02372	0.03158	0.02398	0.25849	0.02685	0.01814	0.02946	0.01468	0.01832	0.01152	0.00766	0.00769	0.00262	0.01109	0.00714	0.00448	0.01107
1	0.27362	0.03265	0.25002	0.01913	0.02718	0.16198	0.01972	0.02957	0.01905	0.07197	0.01524	0.01713	0.01126	0.00855	0.00724	0.00262	0.01106	0.00583	0.00493	0.01123
2	0.15960	0.07931	0.06739	0.01694	0.02187	0.22844	0.01432	0.02672	0.01929	0.05701	0.02152	0.02474	0.05593	0.02151	0.14452	0.00489	0.01375	0.00725	0.00515	0.00985
3	0.02552	0.02822	0.23360	0.02028	0.02863	0.02089	0.02046	0.15804	0.19902	0.13630	0.02555	0.02486	0.01806	0.01018	0.00863	0.00278	0.00958	0.00811	0.00740	0.01388
4	0.01962	0.01254	0.01506	0.01387	0.01791	0.01190	0.01118	0.05334	0.09077	0.14432	0.05064	0.11125	0.19480	0.01792	0.00995	0.00305	0.00654	0.14138	0.00849	0.06547
5	0.13024	0.25488	0.03061	0.01764	0.02404	0.16144	0.01508	0.21019	0.02607	0.03405	0.01517	0.01655	0.01210	0.00881	0.00702	0.00230	0.01040	0.00587	0.00568	0.01186
6	0.06461	0.10669	0.02774	0.01952	0.02577	0.10789	0.01623	0.40615	0.03336	0.04390	0.01799	0.01903	0.01350	0.01009	0.00922	0.00255	0.04834	0.00703	0.00716	0.01325
7	0.01723	0.22397	0.02085	0.01124	0.01446	0.01676	0.00922	0.01988	0.01637	0.02388	0.02256	0.03242	0.02090	0.16819	0.08940	0.00479	0.00890	0.00820	0.26236	0.00841
8	0.01268	0.00846	0.00951	0.00951	0.00951	0.00846	0.00529	0.01268	0.01268	0.01691	0.02748	0.05708	0.03171	0.69345	0.04440	0.00846	0.00846	0.01268	0.00529	0.00529
9	0.02332	0.69869	0.04571	0.01493	0.02239	0.03451	0.01493	0.02612	0.01772	0.02052	0.01213	0.01399	0.01119	0.00746	0.00560	0.00187	0.00933	0.00466	0.00373	0.01119
10	0.02062	0.01990	0.01924	0.01470	0.02179	0.11726	0.01156	0.02522	0.04818	0.02766	0.01613	0.01840	0.01330	0.00713	0.00680	0.00153	0.00799	0.00547	0.00524	0.59187
11	0.01131	0.00888	0.01022	0.00989	0.01240	0.00779	0.00741	0.01446	0.02224	0.02917	0.35662	0.07472	0.36374	0.02000	0.01030	0.00285	0.00427	0.01712	0.00884	0.00779
12	0.02170	0.01874	0.01972	0.01775	0.02268	0.02170	0.01381	0.04635	0.62327	0.03649	0.03550	0.03254	0.02663	0.01183	0.00888	0.00296	0.00690	0.00986	0.00888	0.01381
13	0.01863	0.01309	0.01435	0.01258	0.01461	0.01385	0.00856	0.18608	0.02091	0.02796	0.02558	0.04659	0.02681	0.49517	0.03404	0.00676	0.00879	0.01128	0.00628	0.00806
14	0.03316	0.02443	0.02618	0.02007	0.02705	0.02705	0.01658	0.60995	0.04101	0.05497	0.02094	0.02094	0.01483	0.01047	0.00873	0.00262	0.00960	0.00785	0.00873	0.01483
15	0.01063	0.00759	0.01012	0.01215	0.01265	0.00709	0.00810	0.01215	0.01670	0.02227	0.04808	0.68775	0.05769	0.02733	0.01113	0.00354	0.00506	0.02480	0.00810	0.00709
16	0.01253	0.00839	0.00956	0.00971	0.00975	0.00835	0.00550	0.01264	0.01299	0.01731	0.02903	0.10439	0.03366	0.64348	0.04190	0.00809	0.00820	0.01359	0.00550	0.00542
17	0.01750	0.04512	0.64825	0.02486	0.03775	0.02026	0.03223	0.02762	0.01842	0.02762	0.01565	0.01842	0.01105	0.00829	0.00829	0.00276	0.01289	0.00645	0.00368	0.01289
18	0.02918	0.03444	0.02316	0.02100	0.02563	0.45961	0.01590	0.03843	0.21162	0.02608	0.02036	0.02098	0.01604	0.00988	0.00818	0.00247	0.01297	0.00694	0.00586	0.01127
19	0.01246	0.00935	0.01402	0.01402	0.01558	0.01090	0.01090	0.01558	0.01402	0.02025	0.02336	0.03427	0.02181	0.06542	0.65888	0.01402	0.02336	0.00935	0.00467	0.00779
20	0.03399	0.02310	0.02535	0.01944	0.02638	0.02507	0.01606	0.53093	0.03878	0.13715	0.02282	0.02216	0.01578	0.01052	0.00873	0.00263	0.00930	0.00798	0.00901	0.01484
21	0.02798	0.03148	0.02308	0.01998	0.02510	0.37867	0.01537	0.07941	0.10595	0.02732	0.01734	0.01901	0.01393	0.00934	0.00877	0.00228	0.04255	0.00639	0.00552	0.14054
22	0.01533	0.00946	0.01249	0.01167	0.01409	0.00863	0.00876	0.01903	0.02371	0.10626	0.48865	0.13959	0.07194	0.01819	0.01021	0.00284	0.00463	0.01608	0.00955	0.00888
23	0.25712	0.16277	0.02396	0.01535	0.02136	0.06091	0.01304	0.11844	0.09052	0.06031	0.01894	0.02215	0.01531	0.00957	0.00700	0.00249	0.00835	0.03274	0.00624	0.05343
24	0.19875	0.30949	0.07243	0.01557	0.02266	0.06356	0.01462	0.07421	0.01993	0.07551	0.01502	0.01640	0.01194	0.00819	0.00640	0.00224	0.00905	0.00545	0.00518	0.05338
25	0.02113	0.02842	0.30030	0.01936	0.02713	0.01765	0.02077	0.14649	0.02194	0.06548	0.02114	0.02459	0.04277	0.01476	0.01462	0.17912	0.01023	0.00771	0.00538	0.01099
26	0.01946	0.02436	0.13892	0.03003	0.16674	0.04958	0.14460	0.02508	0.01904	0.02698	0.01848	0.07346	0.01628	0.00951	0.00966	0.00254	0.04525	0.00877	0.00469	0.16658
27	0.08600	0.02094	0.10525	0.20885	0.07862	0.01881	0.08520	0.08479	0.02156	0.09153	0.06627	0.02521	0.01857	0.00939	0.00857	0.00272	0.01018	0.00823	0.00575	0.04355

[dist]
# distance from previous block
# <min> <max>
16	112

[block]
# block no. 11 follows, 20 sequences, length 20
# corresponding to MSA columns:
# 680-699
name=unknown_L
#
# <colnr> <probs for GDERKNQSTAVLIFYWHMCP>
#	G	D	E	R	K	N	Q	S	T	A	V	L	I	F	Y	W	H	M	C	P
0	0.11355	0.13520	0.05628	0.02190	0.09041	0.20589	0.01662	0.06340	0.06677	0.12311	0.01876	0.01969	0.01421	0.00904	0.00758	0.00244	0.01070	0.00655	0.00593	0.01199
1	0.02251	0.09995	0.15124	0.02372	0.09379	0.13356	0.01984	0.02669	0.01908	0.07450	0.02160	0.06620	0.04821	0.01187	0.01246	0.00283	0.14727	0.00852	0.00503	0.01113
2	0.01896	0.02213	0.07257	0.01918	0.02316	0.16540	0.08585	0.02261	0.02021	0.02464	0.10101	0.08672	0.09212	0.07480	0.01427	0.00346	0.06302	0.07472	0.00602	0.00914
