[name]
unknown

[dist]
# distance from previous block
# <min> <max>
147	403

[block]
# block no. 0 follows, 22 sequences, length 66
# corresponding to MSA columns:
# 534-599
name=unknown_A
#
# <colnr> <probs for GDERKNQSTAVLIFYWHMCP>
#	G	D	E	R	K	N	Q	S	T	A	V	L	I	F	Y	W	H	M	C	P
0	0.06024	0.08298	0.02222	0.02257	0.14965	0.06650	0.01520	0.02863	0.20121	0.02786	0.03163	0.04132	0.07957	0.01278	0.00855	0.00277	0.00807	0.12101	0.00639	0.01084
1	0.01603	0.01293	0.01465	0.01268	0.01668	0.01253	0.00963	0.05647	0.16774	0.02972	0.15978	0.08967	0.09427	0.07510	0.01145	0.00287	0.00585	0.01140	0.00729	0.19325
2	0.02685	0.03144	0.05332	0.04960	0.05939	0.40110	0.01632	0.10451	0.05754	0.02539	0.01647	0.02092	0.01391	0.07484	0.01102	0.00285	0.01257	0.00671	0.00501	0.01025
3	0.01923	0.01913	0.02283	0.31355	0.09590	0.15122	0.01849	0.02200	0.01686	0.02022	0.01410	0.02083	0.01182	0.01264	0.01412	0.14630	0.06138	0.00693	0.00383	0.00860
4	0.01511	0.01912	0.14629	0.08909	0.02903	0.01504	0.16547	0.02000	0.01576	0.02197	0.01955	0.03063	0.01775	0.16496	0.18708	0.00655	0.01428	0.00909	0.00425	0.00897
5	0.24220	0.02099	0.02417	0.06498	0.24714	0.08243	0.01765	0.14905	0.02195	0.03430	0.01501	0.01792	0.01179	0.00818	0.00727	0.00249	0.00926	0.00637	0.00527	0.01159
6	0.01726	0.09132	0.58798	0.02433	0.06545	0.02032	0.02922	0.02616	0.01756	0.02585	0.01470	0.01738	0.01066	0.00781	0.00772	0.00256	0.01191	0.00608	0.00354	0.01220
7	0.02499	0.02497	0.02563	0.10997	0.21703	0.23784	0.01893	0.03179	0.11727	0.08251	0.01896	0.02121	0.01465	0.00876	0.00804	0.00246	0.01096	0.00711	0.00535	0.01159
8	0.01780	0.04139	0.62948	0.02319	0.03514	0.01890	0.02968	0.02709	0.01788	0.06127	0.01589	0.01813	0.01108	0.00802	0.00792	0.00263	0.01199	0.00626	0.00388	0.01238
9	0.01914	0.01814	0.03004	0.23517	0.43381	0.01943	0.02387	0.02562	0.06420	0.02597	0.01672	0.02180	0.01345	0.00795	0.00827	0.00258	0.00998	0.00754	0.00431	0.01201
10	0.01035	0.00842	0.00876	0.00886	0.01119	0.00730	0.00647	0.01221	0.01789	0.02159	0.07322	0.07670	0.52665	0.12688	0.01490	0.00366	0.00497	0.04594	0.00730	0.00674
11	0.01996	0.02101	0.02120	0.02589	0.19700	0.20689	0.01636	0.02331	0.02033	0.02376	0.03371	0.04791	0.12910	0.01407	0.00912	0.00278	0.00984	0.16242	0.00569	0.00966
12	0.01753	0.03695	0.48449	0.02700	0.03814	0.01980	0.20516	0.02640	0.01815	0.02640	0.01546	0.01897	0.01113	0.00763	0.00845	0.00268	0.01278	0.00721	0.00371	0.01196
13	0.01012	0.00723	0.00964	0.01157	0.01205	0.00675	0.00771	0.01157	0.01591	0.02121	0.04579	0.70262	0.05495	0.02603	0.01060	0.00337	0.00482	0.02362	0.00771	0.00675
14	0.01569	0.01463	0.01952	0.01771	0.01861	0.04644	0.01432	0.01807	0.01350	0.01967	0.01647	0.02502	0.01566	0.03736	0.33941	0.00826	0.33932	0.00797	0.00406	0.00830
15	0.01903	0.01818	0.03096	0.25072	0.46843	0.01934	0.02474	0.02416	0.01819	0.02529	0.01536	0.02106	0.01251	0.00769	0.00825	0.00256	0.01025	0.00740	0.00398	0.01193
16	0.03103	0.03959	0.02354	0.02140	0.02568	0.67469	0.01605	0.03317	0.02354	0.02033	0.01284	0.01498	0.01070	0.00856	0.00749	0.00214	0.01498	0.00535	0.00428	0.00963
17	0.02567	0.39960	0.03452	0.01629	0.02301	0.08657	0.01464	0.21465	0.02444	0.03030	0.01447	0.01576	0.01184	0.00808	0.00650	0.00200	0.00936	0.00550	0.00518	0.05161
18	0.02030	0.01947	0.03325	0.08501	0.62424	0.01967	0.02537	0.02527	0.01879	0.02682	0.01558	0.02065	0.01305	0.00745	0.00823	0.00248	0.00993	0.00740	0.00409	0.01295
19	0.08109	0.02186	0.01929	0.01634	0.02107	0.17641	0.01293	0.17449	0.05589	0.12332	0.05565	0.03149	0.12191	0.01187	0.00900	0.00254	0.03783	0.00891	0.00713	0.01098
20	0.02066	0.01785	0.01878	0.01691	0.02160	0.02066	0.01315	0.04414	0.64121	0.03475	0.03381	0.03099	0.02536	0.01127	0.00845	0.00282	0.00657	0.00939	0.00845	0.01315
21	0.03103	0.03959	0.02354	0.02140	0.02568	0.67469	0.01605	0.03317	0.02354	0.02033	0.01284	0.01498	0.01070	0.00856	0.00749	0.00214	0.01498	0.00535	0.00428	0.00963
22	0.00982	0.00842	0.00842	0.00842	0.01122	0.00701	0.00631	0.01192	0.01894	0.02244	0.08416	0.07995	0.65285	0.02104	0.00982	0.00281	0.00421	0.01753	0.00771	0.00701
23	0.02155	0.02472	0.01953	0.02106	0.11473	0.31377	0.01391	0.02500	0.04736	0.02270	0.03928	0.03939	0.23798	0.01290	0.00846	0.00245	0.01006	0.01012	0.00564	0.00938
24	0.00989	0.00812	0.00872	0.00919	0.01142	0.00695	0.00666	0.01184	0.01819	0.02214	0.07475	0.23269	0.50619	0.02226	0.01001	0.00294	0.00436	0.01903	0.00771	0.00695
25	0.01187	0.00890	0.01335	0.01335	0.01483	0.01038	0.01038	0.01483	0.01335	0.01928	0.02225	0.03264	0.02077	0.06231	0.67512	0.01335	0.02225	0.00890	0.00445	0.00742
26	0.01918	0.01818	0.03084	0.18000	0.49953	0.01894	0.02436	0.02418	0.01845	0.02581	0.01694	0.02474	0.01455	0.00841	0.00841	0.00260	0.01000	0.03860	0.00421	0.01206
27	0.01569	0.01477	0.02492	0.68808	0.05722	0.01846	0.02307	0.02123	0.01661	0.02123	0.01477	0.02215	0.01107	0.00831	0.00831	0.00277	0.01107	0.00738	0.00369	0.00923
28	0.01284	0.00939	0.01262	0.01424	0.01629	0.00917	0.01230	0.01640	0.01910	0.02449	0.05017	0.09159	0.14094	0.02266	0.01122	0.00367	0.00712	0.51061	0.00766	0.00755
29	0.01187	0.00890	0.01335	0.01335	0.01483	0.01038	0.01038	0.01483	0.01335	0.01928	0.02225	0.03264	0.02077	0.06231	0.67512	0.01335	0.02225	0.00890	0.00445	0.00742
30	0.01961	0.02241	0.04902	0.03501	0.04342	0.02101	0.62605	0.02661	0.01961	0.02661	0.01681	0.02241	0.01261	0.00700	0.00980	0.00280	0.01401	0.00980	0.00420	0.01120
31	0.03158	0.02327	0.02493	0.01911	0.02576	0.02576	0.01579	0.62852	0.03906	0.05236	0.01995	0.01995	0.01413	0.00997	0.00831	0.00249	0.00914	0.00748	0.00831	0.01413
32	0.01191	0.00873	0.01247	0.01247	0.01365	0.00991	0.00929	0.01427	0.01309	0.01863	0.02305	0.03708	0.02270	0.19442	0.54565	0.01227	0.01935	0.00955	0.00457	0.00693
33	0.01211	0.00947	0.01061	0.01080	0.01320	0.00879	0.00809	0.06705	0.01985	0.02492	0.06423	0.25810	0.37613	0.02166	0.01004	0.00302	0.00508	0.06147	0.00776	0.00762
34	0.01062	0.00751	0.00980	0.01122	0.01169	0.00726	0.00740	0.01191	0.01499	0.02010	0.04032	0.52990	0.04772	0.15836	0.06571	0.00500	0.00672	0.02034	0.00696	0.00647
35	0.01012	0.00723	0.00964	0.01157	0.01205	0.00675	0.00771	0.01157	0.01591	0.02121	0.04579	0.70262	0.05495	0.02603	0.01060	0.00337	0.00482	0.02362	0.00771	0.00675
36	0.01913	0.01828	0.03114	0.23769	0.48068	0.01936	0.02479	0.02424	0.01824	0.02541	0.01537	0.02103	0.01255	0.00767	0.00825	0.00256	0.01022	0.00740	0.00399	0.01201
37	0.01940	0.01855	0.03162	0.20287	0.51342	0.01943	0.02492	0.02448	0.01837	0.02573	0.01542	0.02094	0.01266	0.00762	0.00824	0.00254	0.01016	0.00740	0.00401	0.01222
38	0.01666	0.04297	0.66500	0.02368	0.03596	0.01929	0.03069	0.02631	0.01754	0.02631	0.01491	0.01754	0.01052	0.00789	0.00789	0.00263	0.01228	0.00614	0.00351	0.01228
39	0.01530	0.01473	0.02758	0.02210	0.02598	0.01570	0.23701	0.01964	0.01559	0.02204	0.01918	0.02752	0.01684	0.03750	0.36983	0.00856	0.08256	0.00908	0.00428	0.00896
40	0.02597	0.02972	0.02590	0.16075	0.08893	0.37249	0.04879	0.07418	0.05000	0.02444	0.01513	0.01839	0.01199	0.00855	0.00794	0.00239	0.01287	0.00651	0.00462	0.01043
41	0.08435	0.14883	0.47904	0.02092	0.03121	0.02170	0.02556	0.02564	0.01693	0.02592	0.01390	0.01652	0.01043	0.00802	0.00803	0.00253	0.03945	0.00576	0.00367	0.01159
42	0.01012	0.00723	0.00964	0.01157	0.01205	0.00675	0.00771	0.01157	0.01591	0.02121	0.04579	0.70262	0.05495	0.02603	0.01060	0.00337	0.00482	0.02362	0.00771	0.00675
43	0.00993	0.00798	0.00886	0.00957	0.01152	0.00692	0.00683	0.01179	0.01782	0.02199	0.07008	0.30841	0.43347	0.02287	0.01011	0.00301	0.00443	0.01977	0.00771	0.00692
44	0.02426	0.16709	0.08455	0.01654	0.02203	0.23735	0.01452	0.02759	0.02118	0.11454	0.10148	0.02911	0.08489	0.01074	0.00773	0.00230	0.00990	0.00808	0.00586	0.01025
45	0.01738	0.03796	0.51485	0.02644	0.03777	0.01971	0.17582	0.02638	0.01804	0.02638	0.01537	0.01873	0.01103	0.00768	0.00836	0.00267	0.01270	0.00703	0.00368	0.01202
46	0.02840	0.03521	0.02393	0.02149	0.02489	0.54186	0.01649	0.03048	0.02133	0.02026	0.01245	0.01563	0.01074	0.00978	0.01154	0.00245	0.15367	0.00574	0.00415	0.00952
47	0.01669	0.01578	0.02672	0.55773	0.17977	0.01872	0.02357	0.02210	0.01708	0.02244	0.01494	0.02182	0.01150	0.00812	0.00829	0.00271	0.01083	0.00739	0.00378	0.01003
48	0.01963	0.01871	0.03142	0.17186	0.51547	0.01953	0.02453	0.02543	0.04378	0.02631	0.01620	0.02129	0.01326	0.00773	0.00825	0.00254	0.00997	0.00748	0.00421	0.01240
49	0.02003	0.01899	0.03222	0.04835	0.60902	0.01899	0.02460	0.02488	0.01893	0.02697	0.01772	0.02596	0.01572	0.00855	0.00846	0.00257	0.00971	0.05119	0.00437	0.01275
50	0.01273	0.01916	0.20427	0.01595	0.02105	0.01159	0.05966	0.01711	0.01729	0.02323	0.04366	0.26952	0.19024	0.04272	0.01070	0.00314	0.00764	0.01551	0.00612	0.00870
51	0.08785	0.03549	0.37571	0.12431	0.03531	0.15320	0.02455	0.02676	0.01831	0.02530	0.01416	0.01736	0.01051	0.00808	0.00762	0.00255	0.01211	0.00602	0.00384	0.01097
52	0.01474	0.01325	0.01786	0.26323	0.06116	0.01467	0.01483	0.02267	0.14670	0.02476	0.04485	0.04565	0.25557	0.01367	0.00890	0.00278	0.00750	0.01162	0.00621	0.00939
53	0.03103	0.03959	0.02354	0.02140	0.02568	0.67469	0.01605	0.03317	0.02354	0.02033	0.01284	0.01498	0.01070	0.00856	0.00749	0.00214	0.01498	0.00535	0.00428	0.00963
54	0.01892	0.01752	0.02934	0.07764	0.50152	0.01771	0.02303	0.02367	0.01883	0.02639	0.02105	0.03474	0.01973	0.01045	0.00886	0.00274	0.00950	0.12169	0.00477	0.01189
55	0.02056	0.01974	0.03372	0.05099	0.65622	0.01974	0.02550	0.02550	0.01892	0.02714	0.01563	0.02056	0.01316	0.00740	0.00822	0.00247	0.00987	0.00740	0.00411	0.01316
56	0.01012	0.00723	0.00964	0.01157	0.01205	0.00675	0.00771	0.01157	0.01591	0.02121	0.04579	0.70262	0.05495	0.02603	0.01060	0.00337	0.00482	0.02362	0.00771	0.00675
57	0.02270	0.02380	0.03164	0.04494	0.52722	0.15374	0.02356	0.02707	0.01986	0.02575	0.01506	0.01942	0.01266	0.00764	0.00807	0.00240	0.01092	0.00698	0.00415	0.01244
58	0.01187	0.00890	0.01335	0.01335	0.01483	0.01038	0.01038	0.01483	0.01335	0.01928	0.02225	0.03264	0.02077	0.06231	0.67512	0.01335	0.02225	0.00890	0.00445	0.00742
59	0.01666	0.04297	0.66500	0.02368	0.03596	0.01929	0.03069	0.02631	0.01754	0.02631	0.01491	0.01754	0.01052	0.00789	0.00789	0.00263	0.01228	0.00614	0.00351	0.01228
60	0.01068	0.00751	0.00970	0.01123	0.01168	0.00715	0.00743	0.01194	0.01528	0.02034	0.04169	0.54097	0.04954	0.16542	0.01713	0.00435	0.00562	0.04874	0.00716	0.00644
61	0.02466	0.34438	0.09664	0.02003	0.05129	0.20083	0.04760	0.08103	0.02091	0.02399	0.01340	0.01551	0.01117	0.00783	0.00676	0.00210	0.01116	0.00551	0.00422	0.01098
62	0.03135	0.03026	0.02434	0.02009	0.02573	0.30383	0.01590	0.37342	0.03241	0.03863	0.01690	0.01782	0.01266	0.00937	0.00796	0.00234	0.01164	0.00657	0.00658	0.01220
63	0.01012	0.00723	0.00964	0.01157	0.01205	0.00675	0.00771	0.01157	0.01591	0.02121	0.04579	0.70262	0.05495	0.02603	0.01060	0.00337	0.00482	0.02362	0.00771	0.00675
64	0.01905	0.01852	0.03250	0.23627	0.42618	0.01948	0.07820	0.02434	0.01830	0.02536	0.01548	0.02119	0.01250	0.00763	0.00839	0.00259	0.01059	0.00761	0.00400	0.01183
65	0.30053	0.06655	0.02061	0.01696	0.02192	0.34096	0.01334	0.08246	0.02111	0.02935	0.01293	0.01479	0.01038	0.00829	0.00658	0.00231	0.01099	0.00518	0.00491	0.00985

[dist]
# distance from previous block
# <min> <max>
0	1

[block]
# block no. 1 follows, 22 sequences, length 47
# corresponding to MSA columns:
# 601-647
name=unknown_B
#
# <colnr> <probs for GDERKNQSTAVLIFYWHMCP>
#	G	D	E	R	K	N	Q	S	T	A	V	L	I	F	Y	W	H	M	C	P
0	0.09329	0.10861	0.02437	0.01918	0.02388	0.47306	0.01496	0.07141	0.02260	0.02386	0.01350	0.01581	0.01124	0.01085	0.03726	0.00267	0.01350	0.00548	0.00456	0.00990
1	0.03130	0.03147	0.02423	0.02026	0.02572	0.35182	0.01592	0.32939	0.03126	0.03627	0.01638	0.01745	0.01241	0.00926	0.00790	0.00232	0.01208	0.00641	0.00629	0.01187
2	0.01187	0.00890	0.01335	0.01335	0.01483	0.01038	0.01038	0.01483	0.01335	0.01928	0.02225	0.03264	0.02077	0.06231	0.67512	0.01335	0.02225	0.00890	0.00445	0.00742
3	0.01187	0.00890	0.01335	0.01335	0.01483	0.01038	0.01038	0.01483	0.01335	0.01928	0.02225	0.03264	0.02077	0.06231	0.67512	0.01335	0.02225	0.00890	0.00445	0.00742
4	0.03119	0.02190	0.02384	0.01850	0.02495	0.02398	0.01521	0.51973	0.08998	0.11087	0.02242	0.02173	0.01574	0.01012	0.00833	0.00253	0.00871	0.00773	0.00852	0.01404
5	0.03103	0.03959	0.02354	0.02140	0.02568	0.67469	0.01605	0.03317	0.02354	0.02033	0.01284	0.01498	0.01070	0.00856	0.00749	0.00214	0.01498	0.00535	0.00428	0.00963
6	0.01201	0.00812	0.00989	0.01008	0.01050	0.00836	0.00637	0.01291	0.01295	0.01792	0.02738	0.11259	0.03038	0.48314	0.16037	0.00834	0.01030	0.01239	0.04021	0.00579
7	0.01208	0.00805	0.00906	0.00906	0.00906	0.00805	0.00503	0.01208	0.01208	0.01611	0.02618	0.05436	0.03020	0.70804	0.04228	0.00805	0.00805	0.01208	0.00503	0.00503
8	0.01159	0.00785	0.00921	0.00969	0.00981	0.00773	0.00571	0.01195	0.01304	0.01739	0.03109	0.21696	0.03641	0.53698	0.03434	0.00688	0.00724	0.01497	0.00571	0.00546
9	0.02476	0.02798	0.02877	0.07892	0.34611	0.30203	0.02127	0.02853	0.02076	0.02383	0.01437	0.01826	0.01197	0.00796	0.00791	0.00235	0.01215	0.00652	0.00416	0.01139
10	0.02966	0.03636	0.02383	0.02132	0.02526	0.56830	0.01627	0.06440	0.02321	0.02205	0.01302	0.01560	0.01091	0.00929	0.00969	0.00232	0.08857	0.00568	0.00443	0.00982
11	0.02190	0.67510	0.07872	0.01475	0.02215	0.03210	0.01515	0.02496	0.01692	0.01993	0.01174	0.01356	0.01065	0.00715	0.00548	0.00183	0.00908	0.00454	0.00355	0.01075
12	0.03208	0.02247	0.02444	0.01874	0.02537	0.02458	0.01548	0.57733	0.03773	0.10543	0.02106	0.02067	0.01469	0.01000	0.00831	0.00250	0.00896	0.00756	0.00848	0.01413
13	0.02082	0.54497	0.19941	0.01659	0.02499	0.02947	0.01835	0.02524	0.01705	0.02124	0.01239	0.01438	0.01063	0.00730	0.00597	0.00199	0.00974	0.00487	0.00354	0.01107
14	0.03103	0.03959	0.02354	0.02140	0.02568	0.67469	0.01605	0.03317	0.02354	0.02033	0.01284	0.01498	0.01070	0.00856	0.00749	0.00214	0.01498	0.00535	0.00428	0.00963
15	0.01006	0.00746	0.00940	0.01096	0.01189	0.00680	0.00744	0.01164	0.01649	0.02145	0.05324	0.58170	0.17106	0.02506	0.01045	0.00326	0.00470	0.02244	0.00771	0.00680
16	0.01153	0.00782	0.00922	0.00977	0.00990	0.00769	0.00579	0.01194	0.01316	0.01754	0.03169	0.23669	0.03716	0.51622	0.03337	0.00674	0.00714	0.01533	0.00579	0.00552
17	0.05814	0.36442	0.33180	0.01846	0.02788	0.02580	0.02163	0.02552	0.01705	0.02362	0.01312	0.01530	0.01051	0.00750	0.00652	0.00222	0.01034	0.00524	0.00361	0.01133
18	0.02068	0.52863	0.21456	0.01682	0.02535	0.02913	0.01875	0.02527	0.01706	0.02141	0.01247	0.01449	0.01062	0.00732	0.00604	0.00201	0.00982	0.00491	0.00354	0.01111
19	0.01012	0.00723	0.00964	0.01157	0.01205	0.00675	0.00771	0.01157	0.01591	0.02121	0.04579	0.70262	0.05495	0.02603	0.01060	0.00337	0.00482	0.02362	0.00771	0.00675
20	0.03727	0.01414	0.01928	0.01478	0.02121	0.01221	0.01221	0.04049	0.02378	0.66198	0.03277	0.02828	0.02056	0.01028	0.00835	0.00257	0.00707	0.00835	0.01028	0.01414
21	0.02807	0.02065	0.02247	0.01766	0.02343	0.02261	0.01440	0.52200	0.03606	0.04856	0.10523	0.05302	0.02434	0.01155	0.00860	0.00254	0.00827	0.00913	0.00840	0.01299
22	0.76672	0.01607	0.01221	0.01092	0.01607	0.01864	0.00900	0.02442	0.01414	0.03727	0.01157	0.01350	0.00900	0.00771	0.00514	0.00257	0.00643	0.00450	0.00514	0.00900
23	0.01011	0.00837	0.00850	0.00850	0.01094	0.00715	0.00615	0.01194	0.01806	0.02163	0.07672	0.07667	0.57294	0.10921	0.01398	0.00348	0.00470	0.01683	0.00737	0.00676
24	0.03088	0.02292	0.02454	0.01897	0.02549	0.02543	0.01562	0.59085	0.07788	0.05122	0.02084	0.02066	0.01485	0.01006	0.00832	0.00251	0.00898	0.00760	0.00832	0.01406
25	0.03115	0.03608	0.02384	0.02091	0.02570	0.53507	0.01600	0.16126	0.02688	0.02722	0.01437	0.01605	0.01144	0.00886	0.00767	0.00222	0.01372	0.00581	0.00515	0.01060
26	0.00982	0.00842	0.00842	0.00842	0.01122	0.00701	0.00631	0.01192	0.01894	0.02244	0.08416	0.07995	0.65285	0.02104	0.00982	0.00281	0.00421	0.01753	0.00771	0.00701
27	0.01259	0.00768	0.00971	0.00995	0.01002	0.00761	0.00608	0.01161	0.01216	0.01622	0.02489	0.12813	0.02827	0.40046	0.03504	0.25054	0.00737	0.01198	0.00492	0.00479
28	0.02056	0.01974	0.03372	0.05099	0.65622	0.01974	0.02550	0.02550	0.01892	0.02714	0.01563	0.02056	0.01316	0.00740	0.00822	0.00247	0.00987	0.00740	0.00411	0.01316
29	0.01443	0.00722	0.01082	0.01082	0.01082	0.00722	0.00722	0.01082	0.01082	0.01443	0.01443	0.02525	0.01443	0.02886	0.03247	0.75830	0.00722	0.00722	0.00361	0.00361
30	0.01257	0.00930	0.01225	0.01373	0.01584	0.00898	0.01177	0.01600	0.01908	0.02431	0.05316	0.09057	0.18598	0.02251	0.01110	0.00359	0.00686	0.46722	0.00766	0.00750
31	0.02334	0.62661	0.04097	0.01514	0.02188	0.11524	0.01445	0.02594	0.01773	0.01965	0.01172	0.01354	0.01067	0.00729	0.00561	0.00182	0.00967	0.00456	0.00365	0.01053
32	0.01105	0.00875	0.01017	0.01091	0.01330	0.00787	0.00879	0.01371	0.01885	0.02321	0.06864	0.11457	0.41815	0.02193	0.01042	0.00318	0.00541	0.21620	0.00769	0.00722
33	0.01763	0.15926	0.55715	0.02204	0.03342	0.02165	0.02783	0.02606	0.01742	0.02514	0.01433	0.01681	0.01055	0.00776	0.00745	0.00248	0.01169	0.00584	0.00352	0.01200
34	0.13325	0.03330	0.02223	0.01952	0.02436	0.46345	0.01502	0.14222	0.02511	0.02861	0.01398	0.01569	0.01110	0.00870	0.00732	0.00227	0.01271	0.00563	0.00515	0.01038
35	0.02014	0.01931	0.03295	0.10646	0.60407	0.01963	0.02528	0.02512	0.01872	0.02663	0.01555	0.02070	0.01298	0.00748	0.00823	0.00249	0.00997	0.00740	0.00408	0.01282
36	0.01546	0.01326	0.01370	0.07023	0.01867	0.04309	0.01003	0.13072	0.02277	0.02791	0.06257	0.06047	0.44547	0.01724	0.00929	0.00271	0.00625	0.01417	0.00732	0.00868
37	0.19978	0.01361	0.01433	0.01226	0.01685	0.01373	0.00975	0.05930	0.09226	0.12723	0.14362	0.03852	0.13718	0.01245	0.00791	0.00253	0.00584	0.00997	0.00761	0.07527
38	0.01960	0.02153	0.03993	0.02926	0.03612	0.05109	0.42288	0.02517	0.01847	0.02543	0.01549	0.02072	0.01223	0.00803	0.01167	0.00267	0.10999	0.00854	0.00423	0.11694
39	0.08427	0.01776	0.02412	0.03208	0.32343	0.05427	0.01836	0.02635	0.10698	0.02901	0.08508	0.03527	0.02564	0.01113	0.00855	0.00271	0.00850	0.08937	0.00581	0.01131
40	0.02631	0.02907	0.02578	0.09053	0.17868	0.34478	0.01880	0.10285	0.02349	0.02621	0.01606	0.02138	0.01353	0.00913	0.00803	0.00240	0.01232	0.03490	0.00484	0.01089
41	0.02283	0.01872	0.01896	0.01606	0.01983	0.10805	0.01248	0.20840	0.02327	0.06601	0.02030	0.02788	0.01777	0.14116	0.14467	0.00552	0.05608	0.00813	0.00603	0.05786
42	0.21250	0.12568	0.04746	0.01515	0.02020	0.04680	0.01321	0.09843	0.02006	0.11849	0.05538	0.02405	0.05679	0.01056	0.00971	0.00258	0.09903	0.00726	0.00608	0.01057
43	0.12120	0.02392	0.02888	0.02707	0.13679	0.18772	0.16852	0.02623	0.01923	0.02602	0.01815	0.02151	0.04676	0.00859	0.00875	0.00244	0.04061	0.00742	0.00456	0.07561
44	0.09160	0.14275	0.02576	0.02138	0.11495	0.17952	0.01525	0.06814	0.02174	0.15014	0.04847	0.02389	0.01781	0.00950	0.00752	0.00236	0.00968	0.03227	0.00600	0.01127
45	0.19280	0.01685	0.02186	0.09254	0.19649	0.05804	0.05468	0.02234	0.01855	0.02874	0.11257	0.03190	0.09873	0.01062	0.00798	0.00258	0.00825	0.00905	0.00547	0.00994
46	0.02466	0.02595	0.11729	0.07161	0.12807	0.10703	0.09767	0.18843	0.02484	0.06835	0.01733	0.01984	0.01289	0.00842	0.00821	0.00245	0.01093	0.00720	0.00555	0.05328

[dist]
# distance from previous block
# <min> <max>
29	173

[block]
# block no. 2 follows, 22 sequences, length 10
# corresponding to MSA columns:
# 858-867
name=unknown_C
#
# <colnr> <probs for GDERKNQSTAVLIFYWHMCP>
#	G	D	E	R	K	N	Q	S	T	A	V	L	I	F	Y	W	H	M	C	P
0	0.02401	0.25177	0.07352	0.01876	0.02433	0.24612	0.05128	0.02725	0.01909	0.05127	0.01478	0.01792	0.01247	0.01469	0.08740	0.00351	0.04139	0.00601	0.00427	0.01016
1	0.15894	0.01356	0.01288	0.01200	0.01436	0.06926	0.00851	0.02131	0.07579	0.06690	0.05933	0.05923	0.02529	0.25943	0.02256	0.08988	0.00769	0.00958	0.00585	0.00764
2	0.01649	0.06764	0.05479	0.01473	0.04434	0.10060	0.01156	0.01955	0.01966	0.04848	0.16273	0.05290	0.18560	0.09351	0.01276	0.00326	0.00755	0.06874	0.00661	0.00849
3	0.01916	0.01779	0.01822	0.01458	0.01976	0.08874	0.01161	0.08891	0.02014	0.02741	0.02738	0.02891	0.12973	0.01064	0.00988	0.00207	0.09360	0.00787	0.00558	0.35800
4	0.02182	0.01943	0.02301	0.06981	0.10432	0.07430	0.01689	0.16766	0.10301	0.03117	0.02284	0.06990	0.02060	0.01284	0.01222	0.00293	0.13459	0.07541	0.00617	0.01107
5	0.11717	0.08858	0.02661	0.01943	0.02467	0.15009	0.14664	0.09606	0.02075	0.02881	0.01714	0.02086	0.01378	0.01421	0.08104	0.00356	0.01177	0.00708	0.10170	0.01004
6	0.02124	0.02712	0.22136	0.01821	0.02487	0.12190	0.01791	0.07990	0.09433	0.08911	0.03010	0.10422	0.08948	0.01231	0.00849	0.00266	0.00953	0.00996	0.00623	0.01109
7	0.07494	0.01266	0.01268	0.01198	0.01454	0.06869	0.00928	0.06228	0.01777	0.02787	0.02242	0.02805	0.01873	0.02827	0.24539	0.00612	0.01198	0.00768	0.31033	0.00834
8	0.02484	0.01804	0.01890	0.01914	0.09142	0.13226	0.01355	0.02955	0.07124	0.22519	0.03818	0.04306	0.13787	0.01332	0.00886	0.00270	0.00833	0.08504	0.00755	0.01100
9	0.05888	0.25809	0.03018	0.05996	0.09556	0.09975	0.01572	0.16166	0.02340	0.03020	0.07621	0.02108	0.01823	0.00901	0.00718	0.00224	0.00929	0.00677	0.00540	0.01117

[dist]
# distance from previous block
# <min> <max>
128	251

[block]
# block no. 3 follows, 22 sequences, length 21
# corresponding to MSA columns:
# 1199-1219
name=unknown_D
#
# <colnr> <probs for GDERKNQSTAVLIFYWHMCP>
#	G	D	E	R	K	N	Q	S	T	A	V	L	I	F	Y	W	H	M	C	P
0	0.01944	0.01944	0.02177	0.02733	0.23167	0.14821	0.01604	0.02491	0.09348	0.02483	0.04673	0.16115	0.02716	0.06369	0.01123	0.00309	0.00910	0.03479	0.00575	0.01019
1	0.02620	0.01926	0.02216	0.01772	0.02319	0.05378	0.05654	0.24106	0.15233	0.13317	0.05406	0.02815	0.02139	0.06945	0.01128	0.00300	0.00850	0.00869	0.00776	0.04229
2	0.02852	0.11268	0.02529	0.01881	0.02402	0.34155	0.01489	0.20641	0.02644	0.02975	0.01559	0.01849	0.01284	0.04685	0.00932	0.00248	0.01177	0.00622	0.00545	0.04262
3	0.01928	0.01871	0.06493	0.06234	0.02394	0.04888	0.04701	0.15812	0.14858	0.03178	0.04098	0.07512	0.19787	0.01371	0.00890	0.00272	0.00791	0.01147	0.00706	0.01069
4	0.01717	0.01468	0.02296	0.02315	0.13744	0.01468	0.11615	0.07835	0.04610	0.02796	0.13982	0.04259	0.03250	0.18932	0.01771	0.00409	0.00864	0.05109	0.00612	0.00948
5	0.02205	0.14409	0.06871	0.02421	0.08740	0.22161	0.13956	0.02605	0.01952	0.02252	0.01977	0.02317	0.05786	0.01383	0.07114	0.00338	0.01302	0.00754	0.00434	0.01022
6	0.02027	0.50081	0.12140	0.01760	0.06721	0.02751	0.01635	0.02393	0.01714	0.02142	0.04317	0.01909	0.01514	0.04887	0.00825	0.00235	0.00912	0.00582	0.00394	0.01059
7	0.01937	0.02051	0.02865	0.12530	0.15586	0.13911	0.14919	0.02382	0.01817	0.02290	0.01693	0.02324	0.01422	0.02167	0.17856	0.00530	0.01505	0.00792	0.00419	0.01004
8	0.01691	0.01546	0.02521	0.19891	0.32572	0.01622	0.02053	0.02153	0.01862	0.02526	0.06020	0.03863	0.07873	0.01152	0.00892	0.00277	0.00903	0.09015	0.00509	0.01058
9	0.01633	0.02206	0.19890	0.01838	0.06731	0.01570	0.01672	0.05966	0.16803	0.02850	0.04410	0.04304	0.24028	0.01340	0.00875	0.00272	0.00773	0.01109	0.00648	0.01080
10	0.01983	0.01961	0.03151	0.21266	0.44497	0.05415	0.04769	0.02485	0.01860	0.02524	0.01530	0.02075	0.01247	0.00768	0.00827	0.00254	0.01061	0.00738	0.00402	0.01189
11	0.01932	0.01847	0.03147	0.21351	0.50342	0.01941	0.02488	0.02441	0.01833	0.02563	0.01541	0.02097	0.01263	0.00763	0.00825	0.00254	0.01018	0.00740	0.00400	0.01216
12	0.02998	0.03759	0.02457	0.02439	0.08928	0.60863	0.01700	0.03240	0.02308	0.02102	0.01312	0.01554	0.01095	0.00844	0.00756	0.00217	0.01447	0.00556	0.00426	0.00999
13	0.03158	0.02327	0.02493	0.01911	0.02576	0.02576	0.01579	0.62852	0.03906	0.05236	0.01995	0.01995	0.01413	0.00997	0.00831	0.00249	0.00914	0.00748	0.00831	0.01413
14	0.01203	0.00827	0.01016	0.01016	0.01053	0.00865	0.00640	0.01278	0.01240	0.01692	0.02517	0.04882	0.02780	0.54332	0.20372	0.00941	0.01168	0.01127	0.00488	0.00564
15	0.01012	0.00723	0.00964	0.01157	0.01205	0.00675	0.00771	0.01157	0.01591	0.02121	0.04579	0.70262	0.05495	0.02603	0.01060	0.00337	0.00482	0.02362	0.00771	0.00675
16	0.01443	0.00722	0.01082	0.01082	0.01082	0.00722	0.00722	0.01082	0.01082	0.01443	0.01443	0.02525	0.01443	0.02886	0.03247	0.75830	0.00722	0.00722	0.00361	0.00361
17	0.01777	0.03526	0.43407	0.02793	0.03875	0.01994	0.25389	0.02642	0.01831	0.02642	0.01562	0.01936	0.01130	0.00756	0.00861	0.00269	0.01293	0.00751	0.00377	0.01188
18	0.01932	0.01847	0.03147	0.21351	0.50342	0.01941	0.02488	0.02441	0.01833	0.02563	0.01541	0.02097	0.01263	0.00763	0.00825	0.00254	0.01018	0.00740	0.00400	0.01216
19	0.01808	0.21390	0.50647	0.02126	0.03222	0.02276	0.02649	0.02594	0.01737	0.02458	0.01405	0.01646	0.01056	0.00769	0.00724	0.00241	0.01141	0.00571	0.00352	0.01187
20	0.02915	0.02887	0.02312	0.01961	0.02489	0.29096	0.01536	0.26616	0.15439	0.03566	0.01983	0.02014	0.01499	0.00966	0.00800	0.00241	0.01102	0.00699	0.00669	0.01209

[dist]
# distance from previous block
# <min> <max>
0	3

[block]
# block no. 4 follows, 22 sequences, length 11
# corresponding to MSA columns:
# 1223-1233
name=unknown_E
#
# <colnr> <probs for GDERKNQSTAVLIFYWHMCP>
#	G	D	E	R	K	N	Q	S	T	A	V	L	I	F	Y	W	H	M	C	P
0	0.01618	0.01246	0.01426	0.01221	0.01647	0.01160	0.00946	0.05200	0.12416	0.05834	0.18953	0.07652	0.16782	0.01407	0.00861	0.00238	0.00540	0.01193	0.00766	0.18892
1	0.07390	0.01011	0.01144	0.01131	0.01321	0.01036	0.00817	0.01837	0.09533	0.02616	0.18819	0.12287	0.08750	0.21342	0.01871	0.00438	0.00607	0.06571	0.00719	0.00761
2	0.01880	0.01794	0.03054	0.28124	0.43974	0.01928	0.02462	0.02395	0.01808	0.02500	0.01532	0.02113	0.01241	0.00773	0.00825	0.00258	0.01030	0.00740	0.00396	0.01174
3	0.01909	0.01824	0.03106	0.24353	0.47519	0.01935	0.02476	0.02421	0.01822	0.02535	0.01537	0.02104	0.01253	0.00768	0.00825	0.00256	0.01023	0.00740	0.00399	0.01197
4	0.20314	0.01649	0.02420	0.19500	0.29268	0.01804	0.01920	0.02287	0.01645	0.02705	0.01430	0.01962	0.01173	0.00961	0.00964	0.06972	0.00908	0.00666	0.00422	0.01031
5	0.12040	0.23152	0.08465	0.01598	0.02158	0.23428	0.01434	0.02678	0.01883	0.02452	0.01471	0.01703	0.01211	0.00813	0.00632	0.00210	0.01007	0.00542	0.12142	0.00980
6	0.01401	0.00972	0.01141	0.01057	0.01348	0.00895	0.00807	0.01874	0.07175	0.08548	0.32613	0.06346	0.29183	0.01750	0.00957	0.00270	0.00453	0.01494	0.00864	0.00851
7	0.01909	0.01796	0.02995	0.04451	0.54951	0.01784	0.02292	0.02370	0.01894	0.02657	0.02353	0.03163	0.06692	0.00984	0.00863	0.00261	0.00923	0.05974	0.00471	0.01219
8	0.01332	0.00997	0.01408	0.01359	0.01494	0.01200	0.01070	0.01627	0.01393	0.02129	0.02150	0.03040	0.01951	0.04722	0.47781	0.01017	0.11056	0.00849	0.12655	0.00770
9	0.18105	0.01736	0.01738	0.01746	0.07351	0.12478	0.01245	0.02515	0.01824	0.13005	0.07048	0.02620	0.02053	0.02468	0.19921	0.00559	0.01261	0.00764	0.00587	0.00976
10	0.01965	0.02054	0.02549	0.08282	0.10900	0.14512	0.09243	0.02344	0.01770	0.02297	0.01567	0.02120	0.01340	0.01821	0.13085	0.00437	0.09138	0.00714	0.00426	0.13434

[dist]
# distance from previous block
# <min> <max>
2	5

[block]
# block no. 5 follows, 22 sequences, length 9
# corresponding to MSA columns:
# 1239-1247
name=unknown_F
#
# <colnr> <probs for GDERKNQSTAVLIFYWHMCP>
#	G	D	E	R	K	N	Q	S	T	A	V	L	I	F	Y	W	H	M	C	P
0	0.01306	0.01562	0.11709	0.01324	0.01622	0.05233	0.01136	0.01577	0.01607	0.02087	0.03842	0.25076	0.13058	0.17914	0.06752	0.00491	0.00865	0.01490	0.00595	0.00753
1	0.02236	0.09013	0.32685	0.01938	0.02795	0.08321	0.02121	0.03076	0.08841	0.13249	0.02028	0.02108	0.01457	0.00878	0.00764	0.00248	0.01021	0.00675	0.05346	0.01199
2	0.07775	0.09438	0.13696	0.02431	0.16315	0.06887	0.01835	0.08417	0.01974	0.05557	0.01738	0.02099	0.01395	0.01616	0.10562	0.00399	0.01159	0.00679	0.04915	0.01113
3	0.09565	0.10154	0.03351	0.15625	0.23105	0.02164	0.14282	0.02432	0.01742	0.02551	0.01444	0.01947	0.01176	0.00803	0.00934	0.00261	0.06234	0.00722	0.00405	0.01100
4	0.10989	0.06830	0.32277	0.01951	0.02804	0.02063	0.02134	0.08862	0.11349	0.07161	0.01864	0.01981	0.01360	0.00899	0.00842	0.00263	0.03959	0.00666	0.00536	0.01209
5	0.01971	0.01909	0.03377	0.23842	0.29084	0.02009	0.15696	0.07026	0.01990	0.02714	0.01595	0.02141	0.01248	0.00778	0.00861	0.00263	0.01110	0.00793	0.00432	0.01161
6	0.02120	0.01700	0.01887	0.01803	0.06720	0.07295	0.01320	0.20465	0.02320	0.03230	0.02055	0.02524	0.01687	0.02486	0.20007	0.00553	0.05005	0.00774	0.15024	0.01023
7	0.02014	0.01708	0.01559	0.01365	0.01642	0.11344	0.00981	0.18665	0.02199	0.02745	0.02814	0.04137	0.08409	0.34078	0.02439	0.00510	0.00902	0.01032	0.00610	0.00845
8	0.02005	0.01359	0.01562	0.01416	0.01744	0.05269	0.01079	0.07498	0.06812	0.14280	0.02929	0.17597	0.02748	0.07139	0.17900	0.00573	0.01104	0.01169	0.00694	0.05123

[dist]
# distance from previous block
# <min> <max>
2	7

[block]
# block no. 6 follows, 22 sequences, length 9
# corresponding to MSA columns:
# 1255-1263
name=unknown_G
#
# <colnr> <probs for GDERKNQSTAVLIFYWHMCP>
#	G	D	E	R	K	N	Q	S	T	A	V	L	I	F	Y	W	H	M	C	P
0	0.01965	0.21557	0.08501	0.06120	0.02732	0.08779	0.10240	0.02381	0.01800	0.02328	0.01654	0.07377	0.01502	0.00872	0.00724	0.00210	0.00968	0.00734	0.00440	0.19115
1	0.16237	0.06013	0.02153	0.07409	0.07812	0.13191	0.01430	0.09796	0.08488	0.03046	0.01983	0.02155	0.04544	0.00894	0.00718	0.00230	0.00890	0.00671	0.00551	0.11789
2	0.02089	0.01351	0.01567	0.01383	0.01725	0.01394	0.01053	0.15574	0.09779	0.12650	0.06522	0.13257	0.06281	0.16145	0.01616	0.00394	0.00709	0.04727	0.00783	0.01002
3	0.01477	0.01004	0.01391	0.01654	0.10417	0.00963	0.00980	0.01672	0.01673	0.07670	0.11021	0.25808	0.04100	0.24048	0.02017	0.00459	0.00666	0.01520	0.00673	0.00788
4	0.01541	0.01175	0.01581	0.01459	0.01752	0.01178	0.06044	0.02307	0.16749	0.06915	0.11911	0.30707	0.09612	0.01831	0.00971	0.00300	0.00598	0.01646	0.00795	0.00930
5	0.02778	0.02609	0.02346	0.01967	0.02492	0.23499	0.04917	0.20997	0.15797	0.07428	0.02240	0.05313	0.01761	0.01038	0.00827	0.00251	0.01045	0.00813	0.00689	0.01194
6	0.02188	0.02429	0.02156	0.11331	0.10997	0.29557	0.01670	0.02528	0.02092	0.02317	0.06549	0.03794	0.05560	0.01228	0.00872	0.00265	0.01111	0.11882	0.00531	0.00942
7	0.02400	0.24213	0.22560	0.01995	0.02752	0.28232	0.01998	0.02859	0.01971	0.02192	0.01309	0.01527	0.01063	0.00792	0.00697	0.00218	0.01233	0.00532	0.00383	0.01075
8	0.01852	0.01305	0.01432	0.01232	0.01598	0.01350	0.00967	0.19827	0.02337	0.03304	0.03567	0.03868	0.15240	0.05359	0.09832	0.00407	0.00829	0.00995	0.19791	0.04909

[dist]
# distance from previous block
# <min> <max>
0	3

[block]
# block no. 7 follows, 22 sequences, length 20
# corresponding to MSA columns:
# 1267-1286
name=unknown_H
#
# <colnr> <probs for GDERKNQSTAVLIFYWHMCP>
#	G	D	E	R	K	N	Q	S	T	A	V	L	I	F	Y	W	H	M	C	P
0	0.03103	0.03959	0.02354	0.02140	0.02568	0.67469	0.01605	0.03317	0.02354	0.02033	0.01284	0.01498	0.01070	0.00856	0.00749	0.00214	0.01498	0.00535	0.00428	0.00963
1	0.00982	0.00842	0.00842	0.00842	0.01122	0.00701	0.00631	0.01192	0.01894	0.02244	0.08416	0.07995	0.65285	0.02104	0.00982	0.00281	0.00421	0.01753	0.00771	0.00701
2	0.01012	0.00843	0.00884	0.00874	0.01141	0.00714	0.00655	0.01251	0.01965	0.02415	0.17326	0.07714	0.56268	0.02040	0.00982	0.00278	0.00416	0.01714	0.00794	0.00714
3	0.02235	0.62963	0.08393	0.01526	0.02255	0.06878	0.01542	0.02545	0.01731	0.02004	0.01185	0.01370	0.01065	0.00724	0.00563	0.00185	0.00946	0.00461	0.00359	0.01071
4	0.01211	0.00882	0.01297	0.01297	0.01449	0.01021	0.01008	0.01514	0.01363	0.02007	0.02258	0.03252	0.02080	0.05875	0.62991	0.01258	0.02101	0.00882	0.05509	0.00744
5	0.00990	0.00810	0.00874	0.00925	0.01144	0.00694	0.00668	0.01183	0.01813	0.02211	0.07394	0.24575	0.49364	0.02237	0.01003	0.00296	0.00437	0.01915	0.00771	0.00694
6	0.02056	0.01974	0.03372	0.05099	0.65622	0.01974	0.02550	0.02550	0.01892	0.02714	0.01563	0.02056	0.01316	0.00740	0.00822	0.00247	0.00987	0.00740	0.00411	0.01316
7	0.29366	0.01714	0.02201	0.02859	0.28810	0.01836	0.01638	0.02640	0.09063	0.03232	0.07423	0.02297	0.01901	0.00884	0.00726	0.00256	0.00768	0.00726	0.00546	0.01115
8	0.01827	0.01740	0.02957	0.35108	0.37407	0.01913	0.02435	0.02348	0.01783	0.02435	0.01522	0.02131	0.01218	0.00783	0.00826	0.00261	0.01044	0.00739	0.00391	0.01131
9	0.01012	0.00723	0.00964	0.01157	0.01205	0.00675	0.00771	0.01157	0.01591	0.02121	0.04579	0.70262	0.05495	0.02603	0.01060	0.00337	0.00482	0.02362	0.00771	0.00675
10	0.02216	0.02029	0.02450	0.02031	0.02365	0.09020	0.06511	0.19469	0.02207	0.02967	0.01654	0.02170	0.01400	0.02195	0.15342	0.00511	0.23130	0.00767	0.00525	0.01041
11	0.02086	0.06763	0.01886	0.01598	0.01960	0.21598	0.01273	0.10120	0.02289	0.02654	0.07016	0.10023	0.12256	0.01540	0.00901	0.00274	0.00921	0.13274	0.00653	0.00915
12	0.23180	0.07300	0.02464	0.30697	0.16742	0.01995	0.01884	0.02333	0.01641	0.02691	0.01377	0.01863	0.01088	0.00785	0.00714	0.00257	0.00932	0.00632	0.00418	0.01010
13	0.29745	0.02354	0.01717	0.01533	0.01982	0.24136	0.01198	0.09232	0.02055	0.03024	0.02136	0.02315	0.07864	0.01380	0.05771	0.00326	0.01062	0.00682	0.00542	0.00945
14	0.10178	0.01725	0.02669	0.27982	0.29897	0.01905	0.02169	0.05828	0.01870	0.02743	0.01632	0.02346	0.01346	0.00859	0.00806	0.00265	0.00980	0.03247	0.00446	0.01106
15	0.02325	0.02312	0.01852	0.01636	0.02040	0.24124	0.01256	0.15448	0.08434	0.02856	0.03315	0.03391	0.16015	0.01558	0.03460	0.06437	0.01009	0.00926	0.00628	0.00977
16	0.01542	0.01804	0.14137	0.01754	0.05255	0.01419	0.01554	0.04958	0.01879	0.02672	0.09083	0.10777	0.09912	0.01522	0.01158	0.00291	0.10327	0.09517	0.06694	0.03746
17	0.23444	0.02109	0.01944	0.08154	0.12068	0.17372	0.01431	0.02615	0.06833	0.02709	0.01896	0.02420	0.03826	0.08634	0.01103	0.00311	0.00953	0.00715	0.00500	0.00964
18	0.02075	0.07872	0.02733	0.06725	0.22965	0.18358	0.06370	0.02439	0.01984	0.02344	0.02892	0.03118	0.14554	0.01054	0.00826	0.00244	0.01028	0.00894	0.00484	0.01041
19	0.05831	0.01898	0.14461	0.01679	0.05743	0.01399	0.01478	0.02739	0.11219	0.16564	0.07263	0.04129	0.19557	0.01296	0.00858	0.00268	0.00721	0.01068	0.00728	0.01102

[dist]
# distance from previous block
# <min> <max>
2	77

[block]
# block no. 8 follows, 22 sequences, length 32
# corresponding to MSA columns:
# 1371-1402
name=unknown_I
#
# <colnr> <probs for GDERKNQSTAVLIFYWHMCP>
#	G	D	E	R	K	N	Q	S	T	A	V	L	I	F	Y	W	H	M	C	P
0	0.05662	0.08970	0.01895	0.01780	0.09831	0.10746	0.01232	0.01958	0.01810	0.02280	0.03980	0.04466	0.22349	0.02303	0.13085	0.00455	0.01060	0.04701	0.00558	0.00878
1	0.10575	0.27777	0.03314	0.02752	0.23421	0.11878	0.01784	0.02602	0.01804	0.02420	0.01308	0.01621	0.01133	0.00779	0.00749	0.00223	0.03781	0.00569	0.00403	0.01110
2	0.01826	0.08634	0.21111	0.02129	0.05978	0.08252	0.10506	0.04904	0.01968	0.02547	0.03113	0.03246	0.16154	0.01081	0.00830	0.00248	0.01002	0.00916	0.00498	0.05057
3	0.08862	0.02382	0.24616	0.02123	0.09133	0.01571	0.05839	0.02265	0.05027	0.02635	0.07305	0.06870	0.02346	0.13835	0.01445	0.00367	0.00935	0.00938	0.00504	0.01001
4	0.02081	0.05775	0.24858	0.02686	0.17481	0.05470	0.02201	0.03034	0.13354	0.08109	0.05280	0.02360	0.01824	0.00907	0.00808	0.00256	0.00980	0.00756	0.00546	0.01236
5	0.02169	0.07269	0.13826	0.03728	0.36676	0.13391	0.02360	0.02662	0.01901	0.02494	0.01450	0.01848	0.01200	0.00805	0.00889	0.00246	0.04824	0.00663	0.00398	0.01202
6	0.08506	0.01592	0.01719	0.01455	0.01844	0.01719	0.01111	0.27989	0.05750	0.06583	0.02574	0.12436	0.02429	0.18590	0.01683	0.00403	0.00781	0.01077	0.00725	0.01035
7	0.01002	0.00809	0.00892	0.00942	0.01152	0.00699	0.00679	0.01204	0.01835	0.02273	0.10628	0.25377	0.45166	0.02220	0.01004	0.00295	0.00436	0.01910	0.00780	0.00699
8	0.01206	0.00814	0.00951	0.00951	0.00967	0.00830	0.00560	0.01237	0.01222	0.01644	0.02576	0.05207	0.02921	0.63980	0.10917	0.00861	0.00955	0.01174	0.00497	0.00529
9	0.01818	0.01818	0.02545	0.02181	0.02181	0.02545	0.01818	0.01999	0.01272	0.01999	0.01091	0.01818	0.01091	0.01454	0.02726	0.00364	0.69284	0.00727	0.00364	0.00909
10	0.00982	0.00842	0.00842	0.00842	0.01122	0.00701	0.00631	0.01192	0.01894	0.02244	0.08416	0.07995	0.65285	0.02104	0.00982	0.00281	0.00421	0.01753	0.00771	0.00701
11	0.01925	0.01138	0.01177	0.01040	0.01344	0.01196	0.00814	0.16190	0.02248	0.03598	0.02543	0.02839	0.01962	0.00975	0.00639	0.00207	0.00510	0.00768	0.57963	0.00924
12	0.03045	0.03545	0.02390	0.02100	0.02549	0.52083	0.01612	0.14181	0.02581	0.02620	0.01404	0.01606	0.01134	0.00914	0.00870	0.00228	0.05011	0.00584	0.00499	0.01043
13	0.01291	0.00848	0.01127	0.01127	0.01271	0.00937	0.00847	0.01578	0.01434	0.02219	0.02408	0.03473	0.02203	0.12356	0.41265	0.00952	0.01542	0.00895	0.21505	0.00723
14	0.02023	0.02217	0.08508	0.12069	0.50130	0.05460	0.02515	0.02548	0.01878	0.02602	0.01532	0.02019	0.01257	0.00761	0.00817	0.00250	0.01048	0.00718	0.00402	0.01244
15	0.05953	0.04143	0.62769	0.02295	0.03482	0.01926	0.02945	0.02620	0.01734	0.02694	0.01472	0.01731	0.01044	0.00788	0.00774	0.00263	0.01194	0.00604	0.00360	0.01209
16	0.02955	0.15315	0.02691	0.02019	0.02495	0.56647	0.01574	0.03177	0.02242	0.02020	0.01262	0.01470	0.01069	0.00832	0.00713	0.00208	0.01395	0.00520	0.00416	0.00980
17	0.01984	0.02401	0.14966	0.04597	0.54230	0.01966	0.02645	0.02564	0.01866	0.02699	0.01549	0.02001	0.01267	0.00749	0.00816	0.00250	0.01031	0.00717	0.00400	0.01300
18	0.01187	0.00890	0.01335	0.01335	0.01483	0.01038	0.01038	0.01483	0.01335	0.01928	0.02225	0.03264	0.02077	0.06231	0.67512	0.01335	0.02225	0.00890	0.00445	0.00742
19	0.01152	0.00899	0.01055	0.01034	0.01277	0.00825	0.00794	0.01559	0.05008	0.02815	0.33541	0.07076	0.31042	0.01891	0.00989	0.00281	0.00449	0.06702	0.00839	0.00773
20	0.01723	0.01477	0.01723	0.01230	0.01969	0.01107	0.00984	0.02092	0.01723	0.02707	0.01477	0.01723	0.01230	0.00615	0.00615	0.00123	0.00615	0.00492	0.00492	0.75883
21	0.00996	0.00785	0.00900	0.00992	0.01162	0.00689	0.00698	0.01175	0.01749	0.02185	0.06589	0.37642	0.36817	0.02341	0.01019	0.00308	0.00450	0.02043	0.00771	0.00689
22	0.03103	0.03959	0.02354	0.02140	0.02568	0.67469	0.01605	0.03317	0.02354	0.02033	0.01284	0.01498	0.01070	0.00856	0.00749	0.00214	0.01498	0.00535	0.00428	0.00963
23	0.01088	0.00782	0.01032	0.01105	0.01222	0.00725	0.00777	0.01348	0.01944	0.02683	0.32729	0.40509	0.06583	0.02183	0.01023	0.00302	0.00440	0.01963	0.00838	0.00725
24	0.23570	0.06268	0.02080	0.01658	0.02182	0.21963	0.01326	0.18581	0.05378	0.03424	0.01897	0.01991	0.04510	0.00939	0.00709	0.00240	0.00976	0.00644	0.00592	0.01072
25	0.02910	0.02695	0.02416	0.01982	0.02508	0.26447	0.04820	0.21893	0.02736	0.10446	0.04735	0.02093	0.01624	0.00976	0.00917	0.00241	0.05060	0.00715	0.00644	0.04142
26	0.01195	0.00800	0.00910	0.00923	0.00926	0.00797	0.00521	0.01205	0.01233	0.01644	0.02747	0.09710	0.03183	0.66308	0.04019	0.00775	0.00784	0.01284	0.00521	0.00515
27	0.01207	0.00811	0.00933	0.00933	0.00942	0.00820	0.00537	0.01225	0.01216	0.01631	0.02593	0.05302	0.02962	0.66796	0.08157	0.00838	0.00894	0.01188	0.00500	0.00518
28	0.01424	0.00992	0.01246	0.01269	0.01477	0.00956	0.00963	0.06506	0.01940	0.04920	0.09546	0.30463	0.08138	0.07860	0.01286	0.00357	0.00612	0.14994	0.00761	0.04291
29	0.06698	0.01355	0.01433	0.01265	0.01627	0.03777	0.00986	0.10542	0.09380	0.06732	0.28389	0.04946	0.16612	0.01488	0.00897	0.00263	0.00575	0.01242	0.00828	0.00963
30	0.02417	0.24526	0.02953	0.01977	0.08306	0.22275	0.01496	0.06109	0.02046	0.02407	0.01353	0.01577	0.01148	0.00753	0.00662	0.00187	0.01025	0.00528	0.00441	0.17812
31	0.01884	0.18758	0.22172	0.02329	0.14188	0.02024	0.02003	0.02431	0.01755	0.02509	0.01421	0.01702	0.01154	0.00713	0.00687	0.00201	0.00932	0.00563	0.00403	0.22171

[dist]
# distance from previous block
# <min> <max>
0	2

[block]
# block no. 9 follows, 22 sequences, length 14
# corresponding to MSA columns:
# 1405-1418
name=unknown_J
#
# <colnr> <probs for GDERKNQSTAVLIFYWHMCP>
#	G	D	E	R	K	N	Q	S	T	A	V	L	I	F	Y	W	H	M	C	P
0	0.02026	0.02075	0.02901	0.28177	0.34491	0.11311	0.02325	0.02502	0.01873	0.02398	0.01491	0.02035	0.01204	0.00790	0.00815	0.00253	0.01105	0.00710	0.00398	0.01120
1	0.02183	0.02102	0.07770	0.01661	0.02138	0.12634	0.01402	0.05356	0.21707	0.10105	0.14648	0.06391	0.03291	0.01257	0.00870	0.00268	0.00813	0.03538	0.00756	0.01110
2	0.02150	0.02237	0.02104	0.08685	0.02481	0.21194	0.01523	0.08459	0.05014	0.02526	0.06202	0.10214	0.04711	0.01326	0.01297	0.00282	0.17127	0.00962	0.00551	0.00953
3	0.01764	0.01409	0.01614	0.01380	0.01832	0.01361	0.01060	0.10955	0.13936	0.03125	0.08604	0.19734	0.03194	0.01369	0.00836	0.00238	0.00612	0.01179	0.00717	0.25080
