[name]
unknown

[dist]
# distance from previous block
# <min> <max>
0	0

[block]
# block no. 0 follows, 21 sequences, length 33
# corresponding to MSA columns:
# 0-32
name=unknown_A
#
# <colnr> <probs for GDERKNQSTAVLIFYWHMCP>
#	G	D	E	R	K	N	Q	S	T	A	V	L	I	F	Y	W	H	M	C	P
0	0.01371	0.00980	0.01371	0.01567	0.01763	0.00980	0.01371	0.01763	0.01959	0.02547	0.04506	0.09599	0.04898	0.02351	0.01175	0.00392	0.00784	0.59056	0.00784	0.00784
1	0.03001	0.03766	0.02365	0.02150	0.02549	0.59639	0.01625	0.03223	0.02295	0.02075	0.01357	0.01651	0.01153	0.01209	0.04461	0.00290	0.05205	0.00579	0.00436	0.00971
2	0.01607	0.01513	0.02552	0.68047	0.05861	0.01891	0.02363	0.02174	0.01702	0.02174	0.01513	0.02269	0.01134	0.00851	0.00851	0.00284	0.01134	0.00756	0.00378	0.00945
3	0.01006	0.00862	0.00862	0.00862	0.01149	0.00718	0.00647	0.01221	0.01940	0.02299	0.08621	0.08190	0.64438	0.02155	0.01006	0.00287	0.00431	0.01796	0.00790	0.00718
4	0.02350	0.01944	0.02056	0.01779	0.02302	0.02226	0.01404	0.16524	0.50864	0.03937	0.03167	0.02938	0.02357	0.01127	0.00863	0.00282	0.00728	0.00921	0.00863	0.01368
5	0.01037	0.00741	0.00987	0.01185	0.01234	0.00691	0.00790	0.01185	0.01629	0.02172	0.04690	0.69537	0.05629	0.02666	0.01086	0.00346	0.00494	0.02419	0.00790	0.00691
6	0.01216	0.00912	0.01368	0.01368	0.01520	0.01064	0.01064	0.01520	0.01368	0.01976	0.02279	0.03343	0.02127	0.06382	0.66720	0.01368	0.02279	0.00912	0.00456	0.00760
7	0.02220	0.64213	0.10370	0.01550	0.02329	0.03233	0.01619	0.02562	0.01736	0.02069	0.01216	0.01407	0.01091	0.00736	0.00571	0.00190	0.00944	0.00472	0.00364	0.01108
8	0.01238	0.00825	0.00928	0.00928	0.00928	0.00825	0.00516	0.01238	0.01238	0.01650	0.02681	0.05569	0.03094	0.70092	0.04331	0.00825	0.00825	0.01238	0.00516	0.00516
9	0.01047	0.00864	0.00920	0.00906	0.01175	0.00736	0.00679	0.01302	0.02038	0.02532	0.20265	0.07807	0.52649	0.02068	0.01005	0.00283	0.00425	0.01742	0.00821	0.00736
10	0.01027	0.00779	0.00948	0.01084	0.01208	0.00700	0.00745	0.01196	0.01726	0.02212	0.05918	0.50375	0.23998	0.02507	0.01061	0.00327	0.00474	0.02225	0.00790	0.00700
11	0.02275	0.70604	0.04459	0.01456	0.02184	0.03367	0.01456	0.02548	0.01729	0.02002	0.01183	0.01365	0.01092	0.00728	0.00546	0.00182	0.00910	0.00455	0.00364	0.01092
12	0.01707	0.04402	0.65683	0.02426	0.03683	0.01976	0.03144	0.02695	0.01797	0.02695	0.01527	0.01797	0.01078	0.00809	0.00809	0.00270	0.01258	0.00629	0.00359	0.01258
13	0.01051	0.00864	0.00924	0.00909	0.01177	0.00737	0.00682	0.01308	0.02046	0.02550	0.21189	0.07776	0.51713	0.02062	0.01005	0.00283	0.00424	0.01738	0.00823	0.00737
14	0.01894	0.01806	0.03072	0.31880	0.39782	0.01966	0.02506	0.02426	0.01838	0.02523	0.01563	0.02175	0.01257	0.00798	0.00846	0.00266	0.01063	0.00757	0.00403	0.01177
15	0.76103	0.01646	0.01251	0.01119	0.01646	0.01909	0.00922	0.02502	0.01448	0.03818	0.01185	0.01382	0.00922	0.00790	0.00527	0.00263	0.00658	0.00461	0.00527	0.00922
16	0.76103	0.01646	0.01251	0.01119	0.01646	0.01909	0.00922	0.02502	0.01448	0.03818	0.01185	0.01382	0.00922	0.00790	0.00527	0.00263	0.00658	0.00461	0.00527	0.00922
17	0.01739	0.01594	0.02390	0.50926	0.04919	0.01949	0.02101	0.02780	0.17591	0.02532	0.02016	0.02503	0.01512	0.00929	0.00855	0.00285	0.01015	0.00809	0.00504	0.01049
18	0.01351	0.01110	0.01627	0.01549	0.01669	0.01386	0.01231	0.01630	0.01354	0.01991	0.02037	0.03034	0.01916	0.05360	0.53360	0.01160	0.16126	0.00877	0.00438	0.00796
19	0.01273	0.00955	0.01398	0.01379	0.01525	0.01129	0.01078	0.01576	0.01390	0.02052	0.02248	0.03254	0.02077	0.05795	0.59303	0.01244	0.05680	0.00896	0.04978	0.00771
20	0.02187	0.42363	0.23910	0.01845	0.02713	0.09558	0.02018	0.02685	0.01822	0.02233	0.01308	0.01522	0.01088	0.00770	0.00654	0.00214	0.01087	0.00521	0.00370	0.01134
21	0.02439	0.01943	0.02350	0.18861	0.03315	0.02100	0.01666	0.30521	0.06546	0.03889	0.01882	0.02112	0.01397	0.00904	0.00806	0.00238	0.00908	0.00721	0.00657	0.16746
22	0.01216	0.00912	0.01368	0.01368	0.01520	0.01064	0.01064	0.01520	0.01368	0.01976	0.02279	0.03343	0.02127	0.06382	0.66720	0.01368	0.02279	0.00912	0.00456	0.00760
23	0.01464	0.01374	0.02481	0.02072	0.02389	0.01430	0.19510	0.01830	0.01644	0.02277	0.02795	0.24987	0.02938	0.02911	0.18182	0.00594	0.08271	0.01426	0.00551	0.00873
24	0.03111	0.02299	0.02460	0.01897	0.02556	0.02533	0.01564	0.58578	0.03887	0.05193	0.02408	0.02384	0.04941	0.01084	0.00860	0.00257	0.00908	0.00823	0.00848	0.01407
25	0.02238	0.66280	0.08459	0.01519	0.02282	0.03276	0.01566	0.02558	0.01734	0.02047	0.01206	0.01393	0.01091	0.00733	0.00563	0.00188	0.00933	0.00466	0.00364	0.01103
26	0.19522	0.02948	0.02251	0.02088	0.06177	0.32099	0.01544	0.15328	0.02452	0.03201	0.01447	0.01655	0.01146	0.00906	0.00819	0.00245	0.03948	0.00595	0.00541	0.01088
27	0.01826	0.18238	0.52888	0.02223	0.03370	0.02267	0.02791	0.02664	0.01783	0.02550	0.01455	0.01707	0.01081	0.00792	0.00754	0.00251	0.01185	0.00593	0.00360	0.01223
28	0.02682	0.03061	0.02139	0.01931	0.02280	0.42823	0.01478	0.05805	0.02211	0.02390	0.01603	0.01949	0.01339	0.01327	0.05275	0.00310	0.08661	0.00639	0.11139	0.00961
29	0.09914	0.02070	0.02135	0.01737	0.02307	0.05620	0.01399	0.34220	0.08907	0.12393	0.02485	0.08688	0.01978	0.01167	0.00841	0.00267	0.00847	0.00915	0.00820	0.01290
30	0.05658	0.04256	0.62261	0.02356	0.03575	0.01973	0.03026	0.02685	0.01778	0.02755	0.01509	0.01775	0.01070	0.00808	0.00794	0.00269	0.01226	0.00620	0.00368	0.01240
31	0.14423	0.06803	0.41498	0.05215	0.03453	0.02051	0.09797	0.02636	0.01756	0.02833	0.01475	0.01787	0.01081	0.00792	0.00773	0.00267	0.01155	0.00643	0.00398	0.01165
32	0.14946	0.13997	0.19058	0.02151	0.06479	0.07706	0.05169	0.06121	0.07825	0.02927	0.01602	0.01829	0.01252	0.00872	0.00842	0.00256	0.04697	0.00639	0.00480	0.01151

[dist]
# distance from previous block
# <min> <max>
12	43

[block]
# block no. 1 follows, 21 sequences, length 108
# corresponding to MSA columns:
# 79-186
name=unknown_B
#
# <colnr> <probs for GDERKNQSTAVLIFYWHMCP>
#	G	D	E	R	K	N	Q	S	T	A	V	L	I	F	Y	W	H	M	C	P
0	0.02449	0.02461	0.02291	0.02597	0.17671	0.25616	0.01633	0.02937	0.07278	0.08382	0.05760	0.06532	0.08451	0.01157	0.00856	0.00254	0.01033	0.00941	0.00607	0.01097
1	0.09780	0.02772	0.14578	0.02157	0.06612	0.19713	0.07054	0.02511	0.01967	0.02532	0.02996	0.03156	0.15052	0.01144	0.00928	0.00264	0.04380	0.00893	0.00505	0.01009
2	0.02484	0.02894	0.05986	0.03117	0.23218	0.28067	0.01998	0.05996	0.02174	0.02535	0.01920	0.02231	0.05340	0.00982	0.01003	0.00254	0.07477	0.00734	0.00468	0.01123
3	0.06086	0.02669	0.02679	0.02126	0.02737	0.27456	0.14603	0.02760	0.02095	0.02575	0.04858	0.02019	0.01551	0.00816	0.00782	0.00213	0.01156	0.00685	0.00486	0.21648
4	0.19395	0.03114	0.15043	0.05124	0.02709	0.25222	0.01771	0.09379	0.02185	0.02984	0.01765	0.01961	0.04091	0.00918	0.00745	0.00250	0.01139	0.00638	0.00502	0.01064
5	0.10178	0.02566	0.02763	0.03226	0.26054	0.20395	0.05029	0.05985	0.10288	0.02918	0.01752	0.02018	0.01400	0.00859	0.00800	0.00251	0.01096	0.00708	0.00518	0.01195
6	0.01997	0.38157	0.34466	0.01931	0.02919	0.02686	0.02283	0.02620	0.01762	0.02342	0.01352	0.01577	0.01085	0.00767	0.00675	0.00225	0.01080	0.00540	0.00362	0.01173
7	0.01868	0.23169	0.48327	0.02151	0.03258	0.02371	0.02666	0.02653	0.01778	0.02499	0.01430	0.01674	0.01082	0.00786	0.00734	0.00245	0.01159	0.00580	0.00361	0.01211
8	0.02275	0.02553	0.02255	0.14071	0.02998	0.30112	0.04159	0.02827	0.08366	0.02256	0.01817	0.02292	0.01507	0.02172	0.16112	0.00508	0.01540	0.00733	0.00476	0.00971
9	0.02085	0.02074	0.03728	0.04672	0.47908	0.02056	0.15871	0.02737	0.05154	0.02809	0.01725	0.02205	0.01400	0.00770	0.00880	0.00262	0.01089	0.00824	0.00447	0.01303
10	0.01358	0.01121	0.01640	0.01558	0.01677	0.01403	0.01239	0.01636	0.01354	0.01991	0.02024	0.03017	0.01905	0.05305	0.52649	0.01149	0.16863	0.00875	0.00438	0.00797
11	0.02275	0.70604	0.04459	0.01456	0.02184	0.03367	0.01456	0.02548	0.01729	0.02002	0.01183	0.01365	0.01092	0.00728	0.00546	0.00182	0.00910	0.00455	0.00364	0.01092
12	0.01238	0.00825	0.00928	0.00928	0.00928	0.00825	0.00516	0.01238	0.01238	0.01650	0.02681	0.05569	0.03094	0.70092	0.04331	0.00825	0.00825	0.01238	0.00516	0.00516
13	0.01216	0.00912	0.01368	0.01368	0.01520	0.01064	0.01064	0.01520	0.01368	0.01976	0.02279	0.03343	0.02127	0.06382	0.66720	0.01368	0.02279	0.00912	0.00456	0.00760
14	0.02064	0.02105	0.06244	0.08166	0.59122	0.02013	0.02624	0.02594	0.01920	0.02747	0.01593	0.02100	0.01325	0.00765	0.00841	0.00255	0.01028	0.00752	0.00416	0.01324
15	0.01238	0.00825	0.00928	0.00928	0.00928	0.00825	0.00516	0.01238	0.01238	0.01650	0.02681	0.05569	0.03094	0.70092	0.04331	0.00825	0.00825	0.01238	0.00516	0.00516
16	0.01037	0.00741	0.00987	0.01185	0.01234	0.00691	0.00790	0.01185	0.01629	0.02172	0.04690	0.69537	0.05629	0.02666	0.01086	0.00346	0.00494	0.02419	0.00790	0.00691
17	0.02275	0.70604	0.04459	0.01456	0.02184	0.03367	0.01456	0.02548	0.01729	0.02002	0.01183	0.01365	0.01092	0.00728	0.00546	0.00182	0.00910	0.00455	0.00364	0.01092
18	0.02678	0.18098	0.02762	0.01928	0.02420	0.35148	0.01546	0.03401	0.15930	0.02397	0.01761	0.01883	0.01435	0.00936	0.00837	0.00234	0.04374	0.00630	0.00515	0.01088
19	0.01140	0.00815	0.00926	0.00969	0.01047	0.00771	0.00606	0.01222	0.01487	0.01916	0.04502	0.20257	0.17892	0.39481	0.02845	0.00595	0.00661	0.01627	0.00640	0.00601
20	0.01238	0.00825	0.00928	0.00928	0.00928	0.00825	0.00516	0.01238	0.01238	0.01650	0.02681	0.05569	0.03094	0.70092	0.04331	0.00825	0.00825	0.01238	0.00516	0.00516
21	0.02106	0.02022	0.03454	0.05223	0.64784	0.02022	0.02612	0.02612	0.01938	0.02780	0.01601	0.02106	0.01348	0.00758	0.00842	0.00253	0.01011	0.00758	0.00421	0.01348
22	0.02814	0.01890	0.02106	0.01742	0.02319	0.02057	0.01398	0.19940	0.33134	0.18395	0.03055	0.02805	0.02173	0.01095	0.00860	0.00274	0.00756	0.00885	0.00905	0.01398
23	0.02394	0.40026	0.03576	0.01798	0.02299	0.17896	0.01589	0.02635	0.01794	0.02031	0.01199	0.01514	0.01099	0.00930	0.01092	0.00233	0.15940	0.00540	0.00383	0.01032
24	0.02939	0.02237	0.02387	0.01898	0.02526	0.02501	0.01546	0.46741	0.19689	0.04886	0.02419	0.02343	0.01752	0.01057	0.00855	0.00264	0.00867	0.00818	0.00855	0.01421
25	0.01006	0.00862	0.00862	0.00862	0.01149	0.00718	0.00647	0.01221	0.01940	0.02299	0.08621	0.08190	0.64438	0.02155	0.01006	0.00287	0.00431	0.01796	0.00790	0.00718
26	0.01765	0.01513	0.01765	0.01260	0.02017	0.01134	0.01008	0.02143	0.01765	0.02773	0.01513	0.01765	0.01260	0.00630	0.00630	0.00126	0.00630	0.00504	0.00504	0.75295
27	0.02164	0.48791	0.21359	0.01763	0.02624	0.06239	0.01935	0.02633	0.01783	0.02199	0.01285	0.01494	0.01088	0.00758	0.00630	0.00208	0.01039	0.00508	0.00367	0.01133
28	0.03179	0.04056	0.02412	0.02192	0.02631	0.66676	0.01644	0.03398	0.02412	0.02083	0.01315	0.01535	0.01096	0.00877	0.00767	0.00219	0.01535	0.00548	0.00438	0.00987
29	0.03818	0.01448	0.01975	0.01514	0.02172	0.01251	0.01251	0.04147	0.02436	0.65373	0.03357	0.02897	0.02107	0.01053	0.00856	0.00263	0.00724	0.00856	0.01053	0.01448
30	0.01037	0.00741	0.00987	0.01185	0.01234	0.00691	0.00790	0.01185	0.01629	0.02172	0.04690	0.69537	0.05629	0.02666	0.01086	0.00346	0.00494	0.02419	0.00790	0.00691
31	0.01839	0.19769	0.51471	0.02201	0.03335	0.02299	0.02752	0.02661	0.01781	0.02534	0.01447	0.01697	0.01081	0.00790	0.00748	0.00249	0.01177	0.00589	0.00360	0.01219
32	0.01862	0.01862	0.02607	0.02234	0.02234	0.02607	0.01862	0.02048	0.01303	0.02048	0.01117	0.01862	0.01117	0.01489	0.02793	0.00372	0.68535	0.00745	0.00372	0.00931
33	0.01371	0.00980	0.01371	0.01567	0.01763	0.00980	0.01371	0.01763	0.01959	0.02547	0.04506	0.09599	0.04898	0.02351	0.01175	0.00392	0.00784	0.59056	0.00784	0.00784
34	0.01099	0.00816	0.01039	0.01192	0.01324	0.00756	0.00878	0.01312	0.01765	0.02277	0.05518	0.43732	0.18423	0.02489	0.01087	0.00342	0.00539	0.13906	0.00789	0.00716
35	0.02747	0.03364	0.02182	0.02011	0.02386	0.52234	0.01517	0.02985	0.02182	0.02059	0.01528	0.01933	0.01323	0.02089	0.15284	0.00472	0.01699	0.00628	0.00442	0.00937
36	0.01204	0.00870	0.01138	0.01071	0.01271	0.00803	0.00803	0.01606	0.02409	0.03413	0.64335	0.06357	0.08030	0.01740	0.01004	0.00268	0.00401	0.01539	0.00937	0.00803
37	0.01765	0.01513	0.01765	0.01260	0.02017	0.01134	0.01008	0.02143	0.01765	0.02773	0.01513	0.01765	0.01260	0.00630	0.00630	0.00126	0.00630	0.00504	0.00504	0.75295
38	0.01207	0.00871	0.01142	0.01142	0.01242	0.00935	0.00800	0.01377	0.01363	0.01868	0.02989	0.04683	0.07863	0.32485	0.35179	0.01050	0.01517	0.01123	0.00509	0.00655
39	0.01254	0.00824	0.00922	0.00922	0.00931	0.00824	0.00519	0.01273	0.01264	0.01722	0.02686	0.05455	0.03051	0.66808	0.04154	0.00795	0.00805	0.01216	0.04047	0.00529
40	0.01138	0.00783	0.00958	0.01056	0.01080	0.00758	0.00652	0.01211	0.01432	0.01910	0.03681	0.37394	0.04355	0.36546	0.02717	0.00587	0.00660	0.01825	0.00652	0.00603
41	0.01707	0.04402	0.65683	0.02426	0.03683	0.01976	0.03144	0.02695	0.01797	0.02695	0.01527	0.01797	0.01078	0.00809	0.00809	0.00270	0.01258	0.00629	0.00359	0.01258
42	0.02106	0.02022	0.03454	0.05223	0.64784	0.02022	0.02612	0.02612	0.01938	0.02780	0.01601	0.02106	0.01348	0.00758	0.00842	0.00253	0.01011	0.00758	0.00421	0.01348
43	0.01013	0.00834	0.00891	0.00937	0.01169	0.00712	0.00680	0.01213	0.01868	0.02270	0.07709	0.22430	0.50787	0.02274	0.01024	0.00301	0.00446	0.01941	0.00790	0.00712
44	0.01371	0.00980	0.01371	0.01567	0.01763	0.00980	0.01371	0.01763	0.01959	0.02547	0.04506	0.09599	0.04898	0.02351	0.01175	0.00392	0.00784	0.59056	0.00784	0.00784
45	0.03235	0.02384	0.02554	0.01958	0.02639	0.02639	0.01618	0.61946	0.04001	0.05363	0.02043	0.02043	0.01447	0.01022	0.00851	0.00255	0.00936	0.00766	0.00851	0.01447
46	0.01178	0.00809	0.00937	0.00980	0.01010	0.00789	0.00585	0.01225	0.01370	0.01807	0.03512	0.19820	0.07661	0.50811	0.03400	0.00684	0.00726	0.01534	0.00594	0.00568
47	0.03235	0.02384	0.02554	0.01958	0.02639	0.02639	0.01618	0.61946	0.04001	0.05363	0.02043	0.02043	0.01447	0.01022	0.00851	0.00255	0.00936	0.00766	0.00851	0.01447
48	0.01238	0.00825	0.00928	0.00928	0.00928	0.00825	0.00516	0.01238	0.01238	0.01650	0.02681	0.05569	0.03094	0.70092	0.04331	0.00825	0.00825	0.01238	0.00516	0.00516
49	0.01048	0.00749	0.00997	0.01177	0.01237	0.00699	0.00791	0.01212	0.01680	0.02253	0.08589	0.65407	0.05785	0.02606	0.01081	0.00341	0.00488	0.02362	0.00800	0.00699
50	0.01037	0.00741	0.00987	0.01185	0.01234	0.00691	0.00790	0.01185	0.01629	0.02172	0.04690	0.69537	0.05629	0.02666	0.01086	0.00346	0.00494	0.02419	0.00790	0.00691
51	0.01586	0.00793	0.00793	0.00793	0.00991	0.00793	0.00595	0.01983	0.01785	0.03173	0.02776	0.03173	0.02181	0.00991	0.00595	0.00198	0.00397	0.00793	0.74817	0.00793
52	0.01037	0.00741	0.00987	0.01185	0.01234	0.00691	0.00790	0.01185	0.01629	0.02172	0.04690	0.69537	0.05629	0.02666	0.01086	0.00346	0.00494	0.02419	0.00790	0.00691
53	0.02275	0.70604	0.04459	0.01456	0.02184	0.03367	0.01456	0.02548	0.01729	0.02002	0.01183	0.01365	0.01092	0.00728	0.00546	0.00182	0.00910	0.00455	0.00364	0.01092
54	0.03179	0.04056	0.02412	0.02192	0.02631	0.66676	0.01644	0.03398	0.02412	0.02083	0.01315	0.01535	0.01096	0.00877	0.00767	0.00219	0.01535	0.00548	0.00438	0.00987
55	0.01006	0.00862	0.00862	0.00862	0.01149	0.00718	0.00647	0.01221	0.01940	0.02299	0.08621	0.08190	0.64438	0.02155	0.01006	0.00287	0.00431	0.01796	0.00790	0.00718
56	0.01037	0.00741	0.00987	0.01185	0.01234	0.00691	0.00790	0.01185	0.01629	0.02172	0.04690	0.69537	0.05629	0.02666	0.01086	0.00346	0.00494	0.02419	0.00790	0.00691
57	0.01216	0.00912	0.01368	0.01368	0.01520	0.01064	0.01064	0.01520	0.01368	0.01976	0.02279	0.03343	0.02127	0.06382	0.66720	0.01368	0.02279	0.00912	0.00456	0.00760
58	0.02275	0.70604	0.04459	0.01456	0.02184	0.03367	0.01456	0.02548	0.01729	0.02002	0.01183	0.01365	0.01092	0.00728	0.00546	0.00182	0.00910	0.00455	0.00364	0.01092
59	0.01006	0.00862	0.00862	0.00862	0.01149	0.00718	0.00647	0.01221	0.01940	0.02299	0.08621	0.08190	0.64438	0.02155	0.01006	0.00287	0.00431	0.01796	0.00790	0.00718
60	0.02117	0.01828	0.01924	0.01732	0.02213	0.02117	0.01347	0.04522	0.63246	0.03560	0.03464	0.03175	0.02598	0.01155	0.00866	0.00289	0.00673	0.00962	0.00866	0.01347
61	0.01238	0.00825	0.00928	0.00928	0.00928	0.00825	0.00516	0.01238	0.01238	0.01650	0.02681	0.05569	0.03094	0.70092	0.04331	0.00825	0.00825	0.01238	0.00516	0.00516
62	0.01371	0.00980	0.01371	0.01567	0.01763	0.00980	0.01371	0.01763	0.01959	0.02547	0.04506	0.09599	0.04898	0.02351	0.01175	0.00392	0.00784	0.59056	0.00784	0.00784
63	0.01765	0.01513	0.01765	0.01260	0.02017	0.01134	0.01008	0.02143	0.01765	0.02773	0.01513	0.01765	0.01260	0.00630	0.00630	0.00126	0.00630	0.00504	0.00504	0.75295
64	0.01095	0.00866	0.00985	0.00955	0.01204	0.00756	0.00717	0.01393	0.02150	0.02797	0.33547	0.07370	0.39201	0.01969	0.01005	0.00279	0.00418	0.01681	0.00856	0.00756
65	0.02009	0.02296	0.05022	0.03587	0.04448	0.02152	0.61693	0.02726	0.02009	0.02726	0.01722	0.02296	0.01291	0.00717	0.01004	0.00287	0.01435	0.01004	0.00430	0.01148
66	0.01204	0.00870	0.01138	0.01071	0.01271	0.00803	0.00803	0.01606	0.02409	0.03413	0.64335	0.06357	0.08030	0.01740	0.01004	0.00268	0.00401	0.01539	0.00937	0.00803
67	0.01183	0.00891	0.00978	0.00941	0.01225	0.00763	0.00711	0.01447	0.02073	0.05484	0.21451	0.07514	0.48311	0.02007	0.00998	0.00282	0.00438	0.01692	0.00837	0.00772
68	0.01607	0.01513	0.02552	0.68047	0.05861	0.01891	0.02363	0.02174	0.01702	0.02174	0.01513	0.02269	0.01134	0.00851	0.00851	0.00284	0.01134	0.00756	0.00378	0.00945
69	0.03235	0.02384	0.02554	0.01958	0.02639	0.02639	0.01618	0.61946	0.04001	0.05363	0.02043	0.02043	0.01447	0.01022	0.00851	0.00255	0.00936	0.00766	0.00851	0.01447
70	0.01014	0.00829	0.00897	0.00951	0.01173	0.00711	0.00686	0.01211	0.01855	0.02264	0.07542	0.25027	0.48298	0.02295	0.01028	0.00303	0.00448	0.01967	0.00790	0.00711
71	0.01782	0.01087	0.01164	0.01058	0.01296	0.01140	0.00783	0.12390	0.02035	0.03165	0.02600	0.03506	0.02248	0.16377	0.04909	0.00406	0.00684	0.00892	0.41631	0.00846
72	0.01013	0.00834	0.00891	0.00937	0.01169	0.00712	0.00680	0.01213	0.01868	0.02270	0.07709	0.22430	0.50787	0.02274	0.01024	0.00301	0.00446	0.01941	0.00790	0.00712
73	0.01037	0.00741	0.00987	0.01185	0.01234	0.00691	0.00790	0.01185	0.01629	0.02172	0.04690	0.69537	0.05629	0.02666	0.01086	0.00346	0.00494	0.02419	0.00790	0.00691
74	0.01196	0.00925	0.01050	0.01074	0.01255	0.00887	0.00751	0.01603	0.08173	0.02403	0.12301	0.23066	0.24667	0.14822	0.01633	0.00401	0.00543	0.01739	0.00764	0.00749
75	0.01684	0.01253	0.01643	0.01505	0.01779	0.01429	0.01192	0.15546	0.01979	0.02762	0.02225	0.03041	0.01970	0.05138	0.51430	0.01109	0.01968	0.00878	0.00548	0.00919
76	0.01307	0.01087	0.01231	0.04423	0.01649	0.01094	0.00932	0.02035	0.15919	0.02610	0.09048	0.20899	0.30636	0.01960	0.00985	0.00300	0.00534	0.01686	0.00795	0.00871
77	0.01193	0.00806	0.00941	0.00985	0.00996	0.00796	0.00576	0.01226	0.01324	0.01765	0.03124	0.19649	0.03652	0.55251	0.03617	0.00720	0.00752	0.01498	0.00576	0.00554
78	0.01094	0.00765	0.00971	0.01112	0.01148	0.00729	0.00712	0.01200	0.01518	0.02024	0.04121	0.51396	0.04910	0.21788	0.02007	0.00482	0.00588	0.02084	0.00712	0.00641
79	0.02014	0.01928	0.03288	0.16821	0.53907	0.01998	0.02566	0.02531	0.01894	0.02668	0.01584	0.02136	0.01309	0.00775	0.00844	0.00258	0.01034	0.00758	0.00413	0.01274
80	0.03179	0.04056	0.02412	0.02192	0.02631	0.66676	0.01644	0.03398	0.02412	0.02083	0.01315	0.01535	0.01096	0.00877	0.00767	0.00219	0.01535	0.00548	0.00438	0.00987
81	0.02341	0.01290	0.01527	0.01296	0.01745	0.01221	0.01017	0.05952	0.10704	0.25979	0.07988	0.04954	0.22718	0.05970	0.01140	0.00311	0.00624	0.01230	0.00891	0.01105
82	0.20256	0.02170	0.02224	0.01743	0.02387	0.02407	0.01439	0.45508	0.03336	0.07675	0.01902	0.01927	0.01354	0.00969	0.00776	0.00258	0.00862	0.00699	0.00785	0.01325
83	0.01999	0.01997	0.02637	0.20451	0.03403	0.07829	0.05005	0.05295	0.07060	0.02410	0.01523	0.02092	0.01274	0.01169	0.01730	0.00317	0.31584	0.00764	0.00448	0.01012
84	0.02888	0.03463	0.02455	0.08791	0.02914	0.49307	0.01737	0.06961	0.02329	0.02303	0.01362	0.01676	0.01125	0.00948	0.00992	0.00244	0.08442	0.00604	0.00453	0.01007
85	0.01161	0.00824	0.00920	0.00942	0.01015	0.00785	0.00577	0.01228	0.01445	0.01860	0.04290	0.13487	0.17623	0.46618	0.03189	0.00645	0.00696	0.01502	0.00611	0.00583
86	0.01125	0.00801	0.01073	0.01260	0.01341	0.00765	0.00910	0.01322	0.01685	0.02231	0.04539	0.52167	0.05322	0.06236	0.01282	0.00382	0.00579	0.15502	0.00774	0.00703
87	0.02463	0.02890	0.02239	0.17102	0.03166	0.38795	0.01687	0.02880	0.05178	0.02178	0.01921	0.02291	0.04372	0.01500	0.07423	0.00356	0.01421	0.00714	0.00465	0.00959
88	0.01356	0.01225	0.01666	0.16001	0.02450	0.01411	0.01324	0.01661	0.01782	0.02338	0.11668	0.08448	0.26562	0.01696	0.01379	0.00306	0.15946	0.01333	0.00622	0.00825
89	0.01238	0.00825	0.00928	0.00928	0.00928	0.00825	0.00516	0.01238	0.01238	0.01650	0.02681	0.05569	0.03094	0.70092	0.04331	0.00825	0.00825	0.01238	0.00516	0.00516
90	0.01478	0.01019	0.01183	0.01144	0.01405	0.01039	0.00902	0.07653	0.01973	0.02800	0.04436	0.05201	0.20151	0.02720	0.16148	0.00521	0.00938	0.07180	0.21279	0.00829
91	0.02928	0.25473	0.03047	0.01909	0.02456	0.41863	0.01558	0.03171	0.02192	0.06193	0.01406	0.01569	0.01161	0.00840	0.00701	0.00210	0.01279	0.00538	0.00455	0.01051
92	0.01096	0.00845	0.00916	0.00920	0.01100	0.00757	0.00631	0.01263	0.01761	0.02211	0.12234	0.10541	0.37350	0.22352	0.01999	0.00448	0.00549	0.01638	0.00723	0.00665
93	0.02082	0.01997	0.03410	0.08336	0.61865	0.02015	0.02599	0.02590	0.01926	0.02750	0.01596	0.02114	0.01337	0.00763	0.00843	0.00254	0.01017	0.00758	0.00419	0.01328
94	0.03179	0.04056	0.02412	0.02192	0.02631	0.66676	0.01644	0.03398	0.02412	0.02083	0.01315	0.01535	0.01096	0.00877	0.00767	0.00219	0.01535	0.00548	0.00438	0.00987
95	0.01196	0.00853	0.01071	0.01081	0.01164	0.00886	0.00726	0.01327	0.01374	0.01853	0.03272	0.08442	0.09302	0.38305	0.24559	0.00924	0.01250	0.01249	0.00539	0.00627
96	0.02096	0.02051	0.03618	0.05053	0.58492	0.02036	0.08772	0.02624	0.01945	0.02775	0.01613	0.02126	0.01342	0.00754	0.00859	0.00256	0.01055	0.00784	0.00422	0.01327
97	0.01224	0.00820	0.00932	0.00945	0.00948	0.00816	0.00534	0.01234	0.01263	0.01684	0.02813	0.09750	0.03260	0.65685	0.04119	0.00794	0.00803	0.01315	0.00534	0.00527
98	0.01216	0.00912	0.01368	0.01368	0.01520	0.01064	0.01064	0.01520	0.01368	0.01976	0.02279	0.03343	0.02127	0.06382	0.66720	0.01368	0.02279	0.00912	0.00456	0.00760
99	0.02080	0.02178	0.07522	0.05041	0.60790	0.02019	0.02647	0.02617	0.01929	0.02775	0.01596	0.02086	0.01330	0.00762	0.00840	0.00254	0.01027	0.00750	0.00417	0.01342
100	0.01216	0.00912	0.01368	0.01368	0.01520	0.01064	0.01064	0.01520	0.01368	0.01976	0.02279	0.03343	0.02127	0.06382	0.66720	0.01368	0.02279	0.00912	0.00456	0.00760
101	0.03818	0.01448	0.01975	0.01514	0.02172	0.01251	0.01251	0.04147	0.02436	0.65373	0.03357	0.02897	0.02107	0.01053	0.00856	0.00263	0.00724	0.00856	0.01053	0.01448
102	0.01988	0.01587	0.01744	0.01568	0.01992	0.01769	0.01216	0.03827	0.46152	0.06547	0.17588	0.03900	0.03835	0.01285	0.00897	0.00283	0.00613	0.01091	0.00892	0.01226
103	0.02476	0.02401	0.02101	0.01861	0.02353	0.17155	0.01443	0.10025	0.43179	0.03398	0.02822	0.02681	0.02134	0.01077	0.00842	0.00269	0.00900	0.00846	0.00765	0.01273
104	0.02013	0.01911	0.01491	0.01418	0.01683	0.22774	0.01074	0.02325	0.01877	0.02478	0.02152	0.02675	0.01806	0.02451	0.19019	0.00530	0.01298	0.00745	0.29432	0.00848
105	0.02528	0.03002	0.02020	0.01874	0.02202	0.44836	0.01396	0.02745	0.02051	0.02014	0.01676	0.02359	0.01536	0.09102	0.16435	0.00547	0.01636	0.00702	0.00450	0.00887
106	0.01627	0.01415	0.02117	0.02648	0.22469	0.01562	0.01523	0.01866	0.01515	0.02156	0.02101	0.06745	0.02189	0.25070	0.08765	0.00581	0.13268	0.01017	0.00466	0.00900
107	0.02248	0.18159	0.03659	0.03965	0.41072	0.08830	0.05127	0.02682	0.01940	0.02527	0.01481	0.01886	0.01261	0.00761	0.00774	0.00235	0.01061	0.00679	0.00410	0.01243

[dist]
# distance from previous block
# <min> <max>
0	1

[block]
# block no. 2 follows, 21 sequences, length 23
# corresponding to MSA columns:
# 188-210
name=unknown_C
#
# <colnr> <probs for GDERKNQSTAVLIFYWHMCP>
#	G	D	E	R	K	N	Q	S	T	A	V	L	I	F	Y	W	H	M	C	P
0	0.01681	0.01299	0.01724	0.02024	0.12990	0.01325	0.01234	0.13003	0.02073	0.02805	0.03302	0.34137	0.03647	0.12892	0.01521	0.00389	0.00725	0.01613	0.00690	0.00926
1	0.02106	0.02022	0.03454	0.05223	0.64784	0.02022	0.02612	0.02612	0.01938	0.02780	0.01601	0.02106	0.01348	0.00758	0.00842	0.00253	0.01011	0.00758	0.00421	0.01348
2	0.02024	0.01938	0.03306	0.15574	0.55076	0.02000	0.02571	0.02540	0.01899	0.02680	0.01586	0.02133	0.01313	0.00773	0.00844	0.00258	0.01031	0.00758	0.00414	0.01282
3	0.01216	0.00912	0.01368	0.01368	0.01520	0.01064	0.01064	0.01520	0.01368	0.01976	0.02279	0.03343	0.02127	0.06382	0.66720	0.01368	0.02279	0.00912	0.00456	0.00760
4	0.02071	0.02235	0.09011	0.04974	0.59327	0.02018	0.02659	0.02619	0.01925	0.02773	0.01594	0.02079	0.01324	0.00763	0.00839	0.00254	0.01033	0.00747	0.00416	0.01340
5	0.02810	0.01407	0.05071	0.01410	0.01944	0.01136	0.01198	0.03199	0.02393	0.40792	0.24175	0.04025	0.04084	0.01276	0.00904	0.00265	0.00642	0.01078	0.00976	0.01217
6	0.09255	0.01526	0.02419	0.61176	0.05428	0.01893	0.02215	0.02208	0.01676	0.02343	0.01479	0.02178	0.01113	0.00845	0.00818	0.00282	0.01086	0.00726	0.00393	0.00943
7	0.08857	0.00958	0.01099	0.01067	0.01323	0.00911	0.00827	0.01613	0.02148	0.03087	0.37986	0.06616	0.21606	0.01805	0.00971	0.00284	0.00470	0.06739	0.00843	0.00792
8	0.01031	0.00858	0.00869	0.00869	0.01126	0.00730	0.00632	0.01223	0.01864	0.02229	0.07982	0.07908	0.57842	0.09460	0.01363	0.00345	0.00473	0.01736	0.00761	0.00697
9	0.02102	0.02114	0.03141	0.19305	0.44905	0.08629	0.02456	0.02592	0.01932	0.02570	0.01551	0.02085	0.01273	0.00792	0.00837	0.00256	0.01093	0.00736	0.00413	0.01219
10	0.02784	0.02912	0.02163	0.01864	0.02352	0.33570	0.01446	0.21789	0.02832	0.03178	0.02938	0.02963	0.13250	0.01166	0.00840	0.00244	0.01133	0.00855	0.00638	0.01084
11	0.02570	0.01829	0.01985	0.01630	0.02118	0.01987	0.01302	0.41234	0.03213	0.04430	0.02642	0.14480	0.02325	0.01315	0.00853	0.00263	0.00769	0.01071	0.12781	0.01204
12	0.03087	0.11062	0.02645	0.02092	0.02584	0.54150	0.01622	0.08535	0.02480	0.02367	0.01366	0.01562	0.01127	0.00874	0.00751	0.00218	0.01414	0.00558	0.00467	0.01039
13	0.10159	0.02461	0.08106	0.09672	0.37654	0.12432	0.02296	0.02695	0.01929	0.02718	0.01496	0.01925	0.01220	0.00793	0.00794	0.00253	0.01089	0.00681	0.00426	0.01200
14	0.01303	0.00886	0.01012	0.01011	0.01049	0.00891	0.00604	0.04045	0.01419	0.01893	0.02923	0.14054	0.03360	0.57774	0.03731	0.00734	0.00785	0.01375	0.00568	0.00583
15	0.02587	0.02032	0.02409	0.02385	0.14182	0.02175	0.01631	0.37287	0.06752	0.04261	0.03126	0.03134	0.11874	0.01166	0.00876	0.00262	0.00852	0.00946	0.00760	0.01302
16	0.02065	0.04745	0.02104	0.01760	0.02156	0.22082	0.04497	0.04650	0.01897	0.02279	0.01801	0.02398	0.01586	0.03219	0.29270	0.00708	0.01695	0.00729	0.00467	0.09892
17	0.02279	0.02096	0.01750	0.01547	0.01966	0.17295	0.01198	0.14012	0.14366	0.03238	0.03497	0.03490	0.13348	0.01216	0.00814	0.00248	0.00834	0.00947	0.14804	0.01058
18	0.12388	0.09862	0.26663	0.08810	0.21099	0.02115	0.02433	0.02582	0.01773	0.02761	0.01463	0.01825	0.01140	0.00787	0.00755	0.00256	0.01055	0.00636	0.00403	0.01191
19	0.08316	0.01533	0.02413	0.39175	0.16011	0.01767	0.02118	0.02219	0.01766	0.02498	0.01993	0.03367	0.01776	0.01075	0.00874	0.00294	0.01011	0.10335	0.00466	0.00993
20	0.15838	0.01592	0.02249	0.22878	0.20836	0.01750	0.01823	0.02329	0.05028	0.02753	0.02750	0.03078	0.11662	0.01044	0.00813	0.00272	0.00868	0.00883	0.00512	0.01039
21	0.02116	0.09458	0.18053	0.15686	0.20323	0.02049	0.02322	0.02863	0.06952	0.09357	0.01866	0.02161	0.01400	0.00850	0.00809	0.00260	0.01025	0.00723	0.00497	0.01232
22	0.02167	0.07947	0.02252	0.15830	0.02952	0.20818	0.01555	0.03042	0.18223	0.02518	0.02996	0.03096	0.10881	0.01122	0.00828	0.00258	0.01007	0.00879	0.00585	0.01042

[dist]
# distance from previous block
# <min> <max>
9	57

[block]
# block no. 3 follows, 21 sequences, length 17
# corresponding to MSA columns:
# 271-287
name=unknown_D
#
# <colnr> <probs for GDERKNQSTAVLIFYWHMCP>
#	G	D	E	R	K	N	Q	S	T	A	V	L	I	F	Y	W	H	M	C	P
0	0.06411	0.02323	0.02681	0.03516	0.33965	0.17277	0.01972	0.05820	0.02092	0.02726	0.01975	0.11561	0.01881	0.01075	0.00842	0.00259	0.01038	0.00929	0.00507	0.01150
1	0.02556	0.12914	0.02444	0.01682	0.02228	0.13626	0.01383	0.27984	0.02856	0.03522	0.03089	0.03113	0.13788	0.01388	0.03445	0.00288	0.00992	0.00888	0.00675	0.01139
2	0.01233	0.01134	0.04930	0.01378	0.01561	0.01028	0.03846	0.01464	0.01538	0.02091	0.03660	0.28519	0.08703	0.16308	0.14731	0.00631	0.04308	0.01589	0.00609	0.00738
3	0.02143	0.46912	0.15474	0.01683	0.02469	0.02902	0.01753	0.02901	0.11876	0.02388	0.01623	0.01744	0.01338	0.00813	0.00648	0.00216	0.00936	0.00571	0.00446	0.01165
4	0.02043	0.09511	0.14417	0.01773	0.02301	0.09155	0.01671	0.11155	0.02039	0.02778	0.01828	0.02288	0.01515	0.02234	0.16448	0.00512	0.07491	0.00718	0.09085	0.01038
5	0.02700	0.01966	0.02118	0.01682	0.02180	0.02153	0.01322	0.45673	0.03260	0.04368	0.02214	0.02988	0.01889	0.19536	0.01784	0.00408	0.00907	0.00893	0.00761	0.01198
6	0.01376	0.00992	0.01302	0.01257	0.01395	0.01099	0.00912	0.05992	0.01521	0.02117	0.02404	0.04032	0.02418	0.28513	0.39667	0.01092	0.01663	0.01016	0.00507	0.00725
7	0.02187	0.02225	0.01939	0.01922	0.08472	0.20837	0.01335	0.11835	0.02416	0.02853	0.06282	0.04052	0.22152	0.01321	0.00865	0.00246	0.00914	0.01047	0.00642	0.06457
8	0.01441	0.01159	0.01688	0.01747	0.06316	0.01133	0.06549	0.07728	0.01929	0.02577	0.04045	0.44293	0.07875	0.05819	0.01208	0.00347	0.00678	0.01895	0.00721	0.00851
9	0.02113	0.02139	0.02859	0.03960	0.42332	0.12477	0.02128	0.02517	0.01900	0.02494	0.01704	0.02359	0.01504	0.04965	0.10478	0.00436	0.01271	0.00769	0.00434	0.01163
10	0.02366	0.02447	0.03087	0.10095	0.41914	0.16361	0.02315	0.06305	0.02145	0.02725	0.01556	0.01991	0.01279	0.00809	0.00827	0.00248	0.01134	0.00712	0.00447	0.01237
11	0.02264	0.12456	0.09280	0.02599	0.16107	0.20435	0.01866	0.05311	0.02006	0.02415	0.01610	0.02054	0.01375	0.01950	0.14188	0.00462	0.01426	0.00673	0.00438	0.01084
12	0.02257	0.01901	0.02531	0.02024	0.02582	0.02021	0.12821	0.22832	0.19553	0.03746	0.03254	0.10085	0.07930	0.01277	0.00923	0.00283	0.00866	0.01134	0.00763	0.01216
13	0.02284	0.01725	0.01900	0.01537	0.02016	0.01812	0.01191	0.28166	0.08955	0.03666	0.02271	0.03045	0.01974	0.18150	0.05076	0.00434	0.00901	0.00866	0.00693	0.13339
14	0.02127	0.19179	0.03357	0.20682	0.27083	0.09017	0.02158	0.02561	0.01872	0.02353	0.01444	0.01906	0.01201	0.00788	0.00763	0.00240	0.01073	0.00660	0.00397	0.01140
15	0.02918	0.03376	0.02686	0.02923	0.18113	0.43941	0.01882	0.09265	0.02458	0.02596	0.01462	0.01730	0.01195	0.00862	0.00795	0.00231	0.01342	0.00623	0.00477	0.01124
16	0.01490	0.01047	0.01224	0.01174	0.01300	0.01090	0.00787	0.10173	0.01732	0.02330	0.02933	0.17140	0.03240	0.40365	0.09656	0.00705	0.00928	0.01362	0.00612	0.00712

[dist]
# distance from previous block
# <min> <max>
0	2

[block]
# block no. 4 follows, 21 sequences, length 12
# corresponding to MSA columns:
# 290-301
name=unknown_E
#
# <colnr> <probs for GDERKNQSTAVLIFYWHMCP>
#	G	D	E	R	K	N	Q	S	T	A	V	L	I	F	Y	W	H	M	C	P
0	0.07693	0.03935	0.01177	0.01047	0.01149	0.01055	0.00688	0.01441	0.01320	0.01931	0.02555	0.08691	0.02838	0.47685	0.12689	0.00798	0.01005	0.01163	0.00518	0.00622
1	0.47797	0.01818	0.01626	0.01397	0.01942	0.02085	0.01135	0.13790	0.14420	0.04049	0.01803	0.01866	0.01357	0.00906	0.00655	0.00267	0.00712	0.00618	0.00655	0.01104
2	0.01651	0.04423	0.02010	0.01690	0.01850	0.07213	0.04330	0.01864	0.01457	0.01968	0.01899	0.03166	0.01902	0.18896	0.22937	0.00766	0.19838	0.00896	0.00440	0.00803
3	0.02069	0.02114	0.02435	0.02089	0.02249	0.11557	0.01706	0.05210	0.01633	0.02265	0.01297	0.01916	0.01208	0.01644	0.06505	0.00394	0.46450	0.00712	0.00421	0.06129
4	0.01877	0.14739	0.02764	0.16678	0.07392	0.06845	0.01788	0.02210	0.01608	0.02109	0.01478	0.02123	0.01316	0.02004	0.13356	0.00480	0.19160	0.00710	0.00396	0.00967
5	0.01481	0.01085	0.01243	0.01192	0.01484	0.01061	0.00894	0.02190	0.14850	0.07163	0.18118	0.17616	0.24583	0.01876	0.00980	0.00292	0.00507	0.01616	0.00855	0.00914
6	0.02931	0.22314	0.02973	0.01990	0.02508	0.49306	0.01593	0.03165	0.02224	0.02061	0.01279	0.01488	0.01095	0.00836	0.00707	0.00209	0.01363	0.00523	0.00418	0.01016
7	0.32323	0.13719	0.01798	0.01169	0.01617	0.01813	0.00985	0.05014	0.01808	0.03303	0.10573	0.02525	0.02268	0.01246	0.04021	0.00295	0.00718	0.00708	0.13168	0.00930
8	0.01571	0.01097	0.01235	0.01157	0.01290	0.01136	0.00761	0.12340	0.01805	0.02412	0.02882	0.15032	0.03193	0.46796	0.03182	0.00645	0.00793	0.01338	0.00620	0.00714
9	0.02093	0.01653	0.02059	0.21490	0.03215	0.01868	0.01586	0.12010	0.22856	0.07540	0.03394	0.03429	0.10787	0.01179	0.00878	0.00280	0.00820	0.00983	0.00720	0.01159
10	0.01340	0.01034	0.01383	0.01288	0.01476	0.01106	0.00958	0.01566	0.01385	0.02006	0.02206	0.03624	0.02200	0.22384	0.36520	0.00982	0.05782	0.00931	0.00474	0.11354
11	0.02691	0.07403	0.02490	0.02109	0.05062	0.31334	0.01603	0.15268	0.02437	0.02781	0.01593	0.01941	0.01330	0.01732	0.10370	0.00403	0.07202	0.00666	0.00517	0.01069

[dist]
# distance from previous block
# <min> <max>
0	1

[block]
# block no. 5 follows, 21 sequences, length 7
# corresponding to MSA columns:
# 303-309
name=unknown_F
#
# <colnr> <probs for GDERKNQSTAVLIFYWHMCP>
#	G	D	E	R	K	N	Q	S	T	A	V	L	I	F	Y	W	H	M	C	P
0	0.02964	0.04106	0.11642	0.02226	0.02784	0.57237	0.01863	0.03296	0.02322	0.02172	0.01346	0.01573	0.01094	0.00867	0.00773	0.00227	0.01494	0.00560	0.00427	0.01026
1	0.02003	0.01412	0.01523	0.01385	0.01671	0.09576	0.01053	0.02289	0.01949	0.15232	0.16854	0.03976	0.03474	0.10917	0.22111	0.00673	0.01258	0.01037	0.00694	0.00912
2	0.03235	0.02384	0.02554	0.01958	0.02639	0.02639	0.01618	0.61946	0.04001	0.05363	0.02043	0.02043	0.01447	0.01022	0.00851	0.00255	0.00936	0.00766	0.00851	0.01447
3	0.02732	0.03346	0.02324	0.02092	0.02428	0.48179	0.01607	0.02944	0.02147	0.02093	0.01875	0.02148	0.06299	0.01107	0.01200	0.00256	0.15125	0.00691	0.00454	0.00953
4	0.03235	0.02384	0.02554	0.01958	0.02639	0.02639	0.01618	0.61946	0.04001	0.05363	0.02043	0.02043	0.01447	0.01022	0.00851	0.00255	0.00936	0.00766	0.00851	0.01447
5	0.02201	0.36858	0.26391	0.01916	0.02794	0.12098	0.02097	0.02726	0.01853	0.02266	0.01327	0.01547	0.01088	0.00779	0.00674	0.00219	0.01127	0.00532	0.00373	0.01137
6	0.01891	0.32863	0.30548	0.01864	0.02746	0.02465	0.02135	0.02478	0.01711	0.02299	0.01475	0.01810	0.01221	0.01501	0.09295	0.00375	0.01239	0.00590	0.00374	0.01120

[dist]
# distance from previous block
# <min> <max>
34	97

[block]
# block no. 6 follows, 21 sequences, length 14
# corresponding to MSA columns:
# 410-423
name=unknown_G
#
# <colnr> <probs for GDERKNQSTAVLIFYWHMCP>
#	G	D	E	R	K	N	Q	S	T	A	V	L	I	F	Y	W	H	M	C	P
0	0.01875	0.03372	0.38235	0.03513	0.25136	0.02009	0.08432	0.02669	0.01866	0.02728	0.01571	0.01952	0.01192	0.00782	0.00839	0.00265	0.01188	0.00709	0.00388	0.01279
1	0.02026	0.14420	0.02206	0.01541	0.01918	0.12342	0.01258	0.09882	0.01984	0.02548	0.01937	0.02501	0.01686	0.03249	0.29107	0.00709	0.01556	0.00739	0.07440	0.00950
2	0.02134	0.01471	0.01665	0.01458	0.01873	0.01528	0.01135	0.16549	0.15162	0.11265	0.09239	0.16175	0.13540	0.01603	0.00936	0.00286	0.00646	0.01357	0.00865	0.01113
3	0.01996	0.21128	0.23938	0.13563	0.14824	0.05905	0.02384	0.02593	0.01823	0.02406	0.01435	0.01802	0.01142	0.00789	0.00749	0.00243	0.01114	0.00623	0.00379	0.01163
4	0.28124	0.19219	0.02715	0.02129	0.12879	0.09336	0.01510	0.10003	0.02023	0.03193	0.01377	0.01601	0.01121	0.00807	0.00652	0.00236	0.00910	0.00558	0.00499	0.01110
5	0.06049	0.02495	0.14371	0.06958	0.28975	0.06988	0.02264	0.05734	0.02093	0.13242	0.01852	0.02106	0.01377	0.00845	0.00818	0.00257	0.01036	0.00720	0.00539	0.01281
6	0.01325	0.00943	0.01163	0.01161	0.01416	0.00809	0.00831	0.01538	0.01756	0.06000	0.04732	0.42585	0.15002	0.02114	0.00976	0.00291	0.00521	0.01872	0.00754	0.14212
7	0.01078	0.00803	0.01002	0.01091	0.01221	0.00743	0.00761	0.01284	0.01791	0.02367	0.15216	0.38509	0.18619	0.06260	0.04792	0.00401	0.00580	0.01990	0.00781	0.00710
8	0.01926	0.01898	0.03437	0.13661	0.38755	0.01919	0.14400	0.02453	0.01892	0.02631	0.01868	0.07751	0.01660	0.00921	0.00897	0.00272	0.01072	0.00945	0.00447	0.01195
9	0.02392	0.10060	0.02688	0.02693	0.17797	0.27893	0.01751	0.02706	0.01981	0.02277	0.01559	0.02003	0.01352	0.01649	0.10184	0.00394	0.05312	0.00664	0.03603	0.01044
10	0.33268	0.02110	0.08607	0.01883	0.10062	0.09406	0.01422	0.02399	0.01816	0.03125	0.08134	0.02863	0.09694	0.01059	0.00732	0.00261	0.00821	0.00797	0.00556	0.00984
11	0.06010	0.12518	0.05048	0.01781	0.02286	0.09345	0.01524	0.19927	0.07493	0.03272	0.02381	0.02538	0.07280	0.01340	0.03693	0.00308	0.10726	0.00791	0.00609	0.01132
12	0.02533	0.01919	0.02321	0.02339	0.13705	0.02057	0.01583	0.36229	0.03054	0.04186	0.02459	0.13349	0.02181	0.01244	0.00869	0.00265	0.00834	0.01041	0.06580	0.01252
13	0.01447	0.00999	0.01245	0.01164	0.01437	0.00971	0.00893	0.01938	0.06893	0.08024	0.29765	0.05704	0.19512	0.02590	0.13067	0.00476	0.00802	0.01383	0.00817	0.00871

[dist]
# distance from previous block
# <min> <max>
15	35

[block]
# block no. 7 follows, 21 sequences, length 15
# corresponding to MSA columns:
# 459-473
name=unknown_H
#
# <colnr> <probs for GDERKNQSTAVLIFYWHMCP>
#	G	D	E	R	K	N	Q	S	T	A	V	L	I	F	Y	W	H	M	C	P
0	0.09484	0.02374	0.05725	0.18356	0.18507	0.18209	0.01992	0.02576	0.01881	0.02468	0.01540	0.02053	0.01266	0.01455	0.08279	0.00380	0.01294	0.00686	0.00427	0.01047
1	0.15077	0.01773	0.02741	0.26930	0.32522	0.01955	0.02223	0.02436	0.01766	0.02748	0.01495	0.02036	0.01196	0.00797	0.00789	0.00266	0.00992	0.00705	0.00425	0.01128
2	0.02444	0.02485	0.03007	0.03953	0.39969	0.16329	0.02197	0.08217	0.07724	0.02925	0.01744	0.02071	0.01413	0.00843	0.00829	0.00249	0.01089	0.00731	0.00503	0.01277
3	0.22379	0.01570	0.02096	0.13441	0.17897	0.01766	0.01648	0.02437	0.07072	0.02859	0.01785	0.02300	0.01476	0.02057	0.15275	0.00510	0.01183	0.00727	0.00490	0.01032
4	0.01418	0.01203	0.01778	0.24103	0.09939	0.01304	0.01457	0.01731	0.01649	0.02137	0.03363	0.08004	0.12816	0.20461	0.01871	0.00440	0.00865	0.04117	0.00533	0.00812
5	0.23193	0.12752	0.11513	0.01707	0.02368	0.19055	0.01568	0.03048	0.01959	0.13237	0.01632	0.01734	0.01214	0.00851	0.00689	0.00241	0.01024	0.00573	0.00543	0.01101
6	0.01944	0.02983	0.24674	0.20914	0.10958	0.12327	0.04824	0.02586	0.01868	0.02420	0.01550	0.02032	0.01198	0.01153	0.04738	0.00329	0.01308	0.00698	0.00393	0.01104
7	0.01368	0.01193	0.01647	0.02152	0.18872	0.01114	0.01258	0.01679	0.01929	0.02483	0.09201	0.06373	0.34959	0.05542	0.01160	0.00316	0.00644	0.06538	0.00680	0.00893
8	0.01968	0.01881	0.03204	0.22671	0.48419	0.01986	0.02543	0.02490	0.01872	0.02612	0.01576	0.02151	0.01289	0.00784	0.00845	0.00261	0.01045	0.00758	0.00409	0.01236
9	0.01488	0.01290	0.02019	0.14004	0.14317	0.01464	0.01624	0.01838	0.01607	0.02235	0.02483	0.16423	0.02530	0.02931	0.20199	0.00618	0.07891	0.03622	0.00509	0.00908
10	0.02087	0.02191	0.02831	0.03552	0.32377	0.15319	0.07245	0.02473	0.01976	0.02495	0.02232	0.16862	0.02233	0.01200	0.00895	0.00269	0.01045	0.01102	0.00507	0.01110
11	0.02106	0.02022	0.03454	0.05223	0.64784	0.02022	0.02612	0.02612	0.01938	0.02780	0.01601	0.02106	0.01348	0.00758	0.00842	0.00253	0.01011	0.00758	0.00421	0.01348
12	0.02111	0.07073	0.13188	0.26135	0.16147	0.16301	0.02324	0.02640	0.01922	0.02348	0.01468	0.01940	0.01156	0.00824	0.00804	0.00255	0.01204	0.00671	0.00396	0.01094
13	0.01985	0.02449	0.14493	0.03632	0.33959	0.08262	0.02354	0.02528	0.01963	0.02646	0.02169	0.03565	0.02018	0.01114	0.00899	0.00282	0.01062	0.12957	0.00488	0.01177
14	0.01101	0.00822	0.01013	0.01101	0.01230	0.00782	0.00776	0.01278	0.01641	0.02124	0.05152	0.31099	0.20909	0.13462	0.09581	0.00532	0.00763	0.05242	0.00706	0.00685

[dist]
# distance from previous block
# <min> <max>
0	35

[block]
# block no. 8 follows, 21 sequences, length 19
# corresponding to MSA columns:
# 509-527
name=unknown_I
#
# <colnr> <probs for GDERKNQSTAVLIFYWHMCP>
#	G	D	E	R	K	N	Q	S	T	A	V	L	I	F	Y	W	H	M	C	P
0	0.02298	0.02595	0.03937	0.03812	0.23661	0.16328	0.29255	0.02837	0.02074	0.02602	0.01593	0.02066	0.01267	0.00766	0.00899	0.00261	0.01319	0.00824	0.00429	0.01177
1	0.01471	0.01211	0.01704	0.02176	0.15441	0.01213	0.01356	0.01999	0.08494	0.02531	0.04142	0.24822	0.10041	0.05005	0.01167	0.00345	0.00701	0.14552	0.00703	0.00923
