[name]
unknown

[dist]
# distance from previous block
# <min> <max>
0	0

[block]
# block no. 0 follows, 21 sequences, length 9
# corresponding to MSA columns:
# 0-8
name=unknown_A
#
# <colnr> <probs for GDERKNQSTAVLIFYWHMCP>
#	G	D	E	R	K	N	Q	S	T	A	V	L	I	F	Y	W	H	M	C	P
0	0.01371	0.00980	0.01371	0.01567	0.01763	0.00980	0.01371	0.01763	0.01959	0.02547	0.04506	0.09599	0.04898	0.02351	0.01175	0.00392	0.00784	0.59056	0.00784	0.00784
1	0.01221	0.00892	0.01268	0.01268	0.01385	0.01009	0.00939	0.01455	0.01338	0.01901	0.02371	0.03850	0.02348	0.20901	0.52502	0.01244	0.01948	0.00986	0.00470	0.00704
2	0.01278	0.00961	0.01363	0.01253	0.01352	0.00936	0.06899	0.01381	0.01394	0.01864	0.02975	0.17741	0.03403	0.49727	0.03352	0.00676	0.00823	0.01445	0.00560	0.00615
3	0.03207	0.03208	0.02484	0.02074	0.02635	0.34204	0.01631	0.33087	0.03218	0.03746	0.01684	0.01793	0.01274	0.00950	0.00810	0.00238	0.01231	0.00659	0.00648	0.01220
4	0.02106	0.02022	0.03454	0.05223	0.64784	0.02022	0.02612	0.02612	0.01938	0.02780	0.01601	0.02106	0.01348	0.00758	0.00842	0.00253	0.01011	0.00758	0.00421	0.01348
5	0.01877	0.24209	0.47366	0.02136	0.03235	0.02393	0.02639	0.02651	0.01776	0.02488	0.01424	0.01668	0.01082	0.00784	0.00730	0.00243	0.01154	0.00577	0.00361	0.01208
6	0.02029	0.01853	0.02979	0.30787	0.33359	0.02038	0.02396	0.09209	0.02076	0.02825	0.01615	0.02166	0.01271	0.00827	0.00847	0.00266	0.01053	0.00758	0.00453	0.01193
7	0.02045	0.02055	0.03039	0.26407	0.38276	0.08582	0.02428	0.02542	0.01905	0.02502	0.01541	0.02103	0.01249	0.00802	0.00838	0.00260	0.01107	0.00736	0.00408	0.01173
8	0.02056	0.25388	0.39011	0.02091	0.03087	0.09809	0.02437	0.02729	0.01845	0.02405	0.01394	0.01630	0.01085	0.00791	0.00720	0.00236	0.01179	0.00564	0.00370	0.01174

[dist]
# distance from previous block
# <min> <max>
2	5

[block]
# block no. 1 follows, 21 sequences, length 25
# corresponding to MSA columns:
# 14-38
name=unknown_B
#
# <colnr> <probs for GDERKNQSTAVLIFYWHMCP>
#	G	D	E	R	K	N	Q	S	T	A	V	L	I	F	Y	W	H	M	C	P
0	0.01721	0.15613	0.36192	0.01881	0.02793	0.01930	0.02189	0.02409	0.01898	0.02712	0.13456	0.02585	0.02425	0.00955	0.00781	0.00240	0.00972	0.00759	0.00484	0.08006
1	0.39380	0.01738	0.01977	0.02350	0.19606	0.01884	0.01448	0.08324	0.01923	0.03569	0.05397	0.02319	0.05073	0.00935	0.00703	0.00261	0.00759	0.00712	0.00567	0.01077
2	0.02172	0.02147	0.03390	0.05038	0.60975	0.05983	0.02552	0.02660	0.01967	0.02737	0.01583	0.02071	0.01333	0.00766	0.00838	0.00251	0.01043	0.00745	0.00422	0.01326
3	0.02058	0.02079	0.02526	0.49344	0.04946	0.14331	0.02157	0.07950	0.02050	0.02453	0.01524	0.02108	0.01156	0.00872	0.00835	0.00269	0.01192	0.00717	0.00434	0.01000
4	0.19662	0.02384	0.01966	0.01663	0.02179	0.18730	0.01319	0.21766	0.02674	0.06237	0.07590	0.02549	0.05686	0.01065	0.00778	0.00251	0.00941	0.00774	0.00682	0.01106
5	0.01570	0.01154	0.01388	0.01246	0.01542	0.01144	0.00974	0.12660	0.02634	0.03622	0.44466	0.05921	0.11449	0.01681	0.00986	0.00275	0.00526	0.04951	0.00899	0.00913
6	0.42812	0.01295	0.01154	0.01061	0.01451	0.01409	0.00842	0.02091	0.01793	0.03520	0.20313	0.03568	0.08953	0.01205	0.00714	0.00263	0.00547	0.00918	0.05231	0.00860
7	0.07448	0.02882	0.02087	0.01836	0.02319	0.36204	0.01413	0.06663	0.08255	0.12720	0.02566	0.02553	0.07330	0.01054	0.00803	0.00244	0.01131	0.00761	0.00640	0.01092
8	0.02206	0.02211	0.03358	0.04942	0.59021	0.08017	0.02522	0.02685	0.01982	0.02716	0.01574	0.02053	0.01325	0.00769	0.00836	0.00250	0.01060	0.00739	0.00423	0.01314
9	0.03190	0.03737	0.02439	0.02148	0.02632	0.54448	0.01639	0.14578	0.02715	0.02709	0.01454	0.01632	0.01163	0.00905	0.00783	0.00226	0.01420	0.00590	0.00517	0.01075
10	0.01522	0.01186	0.01508	0.01459	0.01841	0.01082	0.01223	0.02020	0.05642	0.02659	0.03508	0.10105	0.03650	0.01752	0.00979	0.00299	0.00712	0.33823	0.00701	0.24328
11	0.02363	0.01703	0.01956	0.01684	0.02161	0.01801	0.01388	0.29561	0.06672	0.06538	0.06664	0.08493	0.03087	0.01501	0.00948	0.00293	0.00795	0.16227	0.00825	0.05338
12	0.05588	0.02002	0.02017	0.01728	0.02086	0.11043	0.01375	0.16864	0.08932	0.03480	0.19551	0.03251	0.03301	0.01294	0.01226	0.00279	0.13238	0.00957	0.00716	0.01070
13	0.01943	0.02102	0.03944	0.02983	0.03460	0.02355	0.35002	0.02424	0.01694	0.02424	0.01452	0.02102	0.01214	0.01062	0.01802	0.00325	0.31368	0.00889	0.00405	0.01051
14	0.01902	0.01814	0.03086	0.30876	0.40724	0.01968	0.02510	0.02433	0.01841	0.02533	0.01565	0.02173	0.01261	0.00796	0.00846	0.00265	0.01061	0.00757	0.00404	0.01184
15	0.03179	0.04056	0.02412	0.02192	0.02631	0.66676	0.01644	0.03398	0.02412	0.02083	0.01315	0.01535	0.01096	0.00877	0.00767	0.00219	0.01535	0.00548	0.00438	0.00987
16	0.01971	0.01884	0.03211	0.22200	0.48861	0.01987	0.02545	0.02494	0.01874	0.02617	0.01577	0.02150	0.01290	0.00783	0.00845	0.00261	0.01044	0.00758	0.00410	0.01239
17	0.02106	0.02022	0.03454	0.05223	0.64784	0.02022	0.02612	0.02612	0.01938	0.02780	0.01601	0.02106	0.01348	0.00758	0.00842	0.00253	0.01011	0.00758	0.00421	0.01348
18	0.01216	0.00912	0.01368	0.01368	0.01520	0.01064	0.01064	0.01520	0.01368	0.01976	0.02279	0.03343	0.02127	0.06382	0.66720	0.01368	0.02279	0.00912	0.00456	0.00760
19	0.24848	0.01117	0.01186	0.01139	0.01433	0.01162	0.00892	0.01877	0.02016	0.03385	0.35216	0.08944	0.05349	0.01553	0.00874	0.00283	0.00524	0.06586	0.00784	0.00832
20	0.01749	0.01657	0.02808	0.50226	0.22576	0.01928	0.02434	0.02298	0.01769	0.02346	0.01538	0.02223	0.01195	0.00825	0.00848	0.00275	0.01099	0.00757	0.00390	0.01060
21	0.03104	0.03931	0.02423	0.02195	0.02608	0.63034	0.01657	0.03321	0.02349	0.02081	0.01304	0.01553	0.01097	0.00912	0.00882	0.00228	0.05344	0.00559	0.00435	0.00983
22	0.01805	0.01034	0.01343	0.01345	0.01627	0.00966	0.01063	0.02171	0.04641	0.16676	0.04852	0.25652	0.13010	0.02071	0.01038	0.00329	0.00627	0.17977	0.00851	0.00922
23	0.02077	0.01992	0.03401	0.08956	0.61283	0.02014	0.02597	0.02586	0.01924	0.02744	0.01596	0.02116	0.01335	0.00764	0.00843	0.00255	0.01018	0.00758	0.00419	0.01324
24	0.02056	0.02139	0.04229	0.03125	0.03746	0.02230	0.42781	0.02613	0.01840	0.05555	0.01639	0.02208	0.01284	0.00940	0.01476	0.00309	0.19353	0.00928	0.00445	0.01104

[dist]
# distance from previous block
# <min> <max>
0	2

[block]
# block no. 2 follows, 21 sequences, length 23
# corresponding to MSA columns:
# 41-63
name=unknown_C
#
# <colnr> <probs for GDERKNQSTAVLIFYWHMCP>
#	G	D	E	R	K	N	Q	S	T	A	V	L	I	F	Y	W	H	M	C	P
0	0.02922	0.02198	0.02386	0.01809	0.02507	0.02319	0.01488	0.49206	0.03525	0.04811	0.01930	0.01984	0.01407	0.00938	0.00804	0.00228	0.00871	0.00710	0.00777	0.17179
1	0.01702	0.01237	0.01490	0.01408	0.01684	0.01269	0.01090	0.17206	0.02507	0.03396	0.20342	0.26307	0.05097	0.01940	0.01015	0.00307	0.00624	0.09604	0.00845	0.00932
2	0.01216	0.00912	0.01368	0.01368	0.01520	0.01064	0.01064	0.01520	0.01368	0.01976	0.02279	0.03343	0.02127	0.06382	0.66720	0.01368	0.02279	0.00912	0.00456	0.00760
3	0.03179	0.04056	0.02412	0.02192	0.02631	0.66676	0.01644	0.03398	0.02412	0.02083	0.01315	0.01535	0.01096	0.00877	0.00767	0.00219	0.01535	0.00548	0.00438	0.00987
4	0.02477	0.02914	0.01976	0.01888	0.02247	0.42536	0.01467	0.02740	0.02243	0.02227	0.02925	0.04344	0.08837	0.01397	0.00899	0.00271	0.01221	0.15920	0.00566	0.00905
5	0.01958	0.01870	0.03186	0.23916	0.47252	0.01983	0.02538	0.02482	0.01867	0.02600	0.01575	0.02155	0.01284	0.00786	0.00845	0.00262	0.01048	0.00758	0.00408	0.01228
6	0.01216	0.00912	0.01368	0.01368	0.01520	0.01064	0.01064	0.01520	0.01368	0.01976	0.02279	0.03343	0.02127	0.06382	0.66720	0.01368	0.02279	0.00912	0.00456	0.00760
7	0.01058	0.00864	0.00934	0.00916	0.01181	0.00740	0.00687	0.01321	0.02062	0.02589	0.23132	0.07713	0.49747	0.02047	0.01005	0.00282	0.00423	0.01729	0.00828	0.00740
8	0.03179	0.04056	0.02412	0.02192	0.02631	0.66676	0.01644	0.03398	0.02412	0.02083	0.01315	0.01535	0.01096	0.00877	0.00767	0.00219	0.01535	0.00548	0.00438	0.00987
9	0.02106	0.02022	0.03454	0.05223	0.64784	0.02022	0.02612	0.02612	0.01938	0.02780	0.01601	0.02106	0.01348	0.00758	0.00842	0.00253	0.01011	0.00758	0.00421	0.01348
10	0.01238	0.00825	0.00928	0.00928	0.00928	0.00825	0.00516	0.01238	0.01238	0.01650	0.02681	0.05569	0.03094	0.70092	0.04331	0.00825	0.00825	0.01238	0.00516	0.00516
11	0.01758	0.01781	0.02710	0.02234	0.02527	0.06741	0.15745	0.02116	0.01577	0.02185	0.01702	0.02484	0.01528	0.03056	0.25679	0.00706	0.23273	0.00853	0.00422	0.00924
12	0.02106	0.02022	0.03454	0.05223	0.64784	0.02022	0.02612	0.02612	0.01938	0.02780	0.01601	0.02106	0.01348	0.00758	0.00842	0.00253	0.01011	0.00758	0.00421	0.01348
13	0.01607	0.01513	0.02552	0.68047	0.05861	0.01891	0.02363	0.02174	0.01702	0.02174	0.01513	0.02269	0.01134	0.00851	0.00851	0.00284	0.01134	0.00756	0.00378	0.00945
14	0.03098	0.03831	0.02431	0.02183	0.02606	0.59333	0.01657	0.06296	0.02422	0.02248	0.01340	0.01581	0.01115	0.00923	0.00901	0.00231	0.05770	0.00572	0.00455	0.01007
15	0.02981	0.03259	0.02650	0.02733	0.14860	0.38775	0.01828	0.17124	0.02695	0.02998	0.01544	0.01768	0.01229	0.00888	0.00802	0.00234	0.01290	0.00641	0.00533	0.01167
16	0.02511	0.53272	0.03926	0.01648	0.02301	0.19856	0.01505	0.02770	0.01907	0.02023	0.01218	0.01409	0.01093	0.00767	0.00604	0.00192	0.01073	0.00479	0.00383	0.01065
17	0.01024	0.00790	0.00937	0.01054	0.01200	0.00702	0.00732	0.01200	0.01755	0.02224	0.06283	0.44673	0.29464	0.02459	0.01054	0.00322	0.00468	0.02167	0.00790	0.00702
18	0.02229	0.01941	0.02909	0.25988	0.28325	0.02138	0.02267	0.17915	0.02394	0.03245	0.01686	0.02146	0.01300	0.00859	0.00848	0.00264	0.01034	0.00760	0.00518	0.01235
19	0.01966	0.01640	0.01767	0.01582	0.02015	0.01840	0.01230	0.07480	0.45295	0.03584	0.14692	0.03937	0.06668	0.01303	0.00897	0.00283	0.00628	0.01097	0.00874	0.01222
20	0.01843	0.01672	0.02729	0.08819	0.43730	0.01700	0.02047	0.02221	0.01738	0.02440	0.01876	0.03020	0.01787	0.18824	0.01752	0.00404	0.00972	0.00883	0.00443	0.01101
21	0.02202	0.02393	0.02983	0.26450	0.23304	0.18825	0.06706	0.02671	0.01983	0.02381	0.01504	0.02029	0.01203	0.00819	0.00838	0.00257	0.01223	0.00721	0.00411	0.01097
22	0.52734	0.02318	0.01631	0.01449	0.01962	0.18822	0.01152	0.06305	0.01852	0.03459	0.01270	0.01462	0.00999	0.00827	0.00609	0.00251	0.00903	0.00502	0.00523	0.00970

[dist]
# distance from previous block
# <min> <max>
17	25

[block]
# block no. 3 follows, 21 sequences, length 11
# corresponding to MSA columns:
# 89-99
name=unknown_D
#
# <colnr> <probs for GDERKNQSTAVLIFYWHMCP>
#	G	D	E	R	K	N	Q	S	T	A	V	L	I	F	Y	W	H	M	C	P
0	0.03093	0.02684	0.02273	0.01898	0.02415	0.26986	0.01499	0.17613	0.02711	0.16707	0.05241	0.02236	0.01773	0.01025	0.00941	0.00246	0.05323	0.00731	0.00697	0.03908
1	0.02757	0.03126	0.03397	0.02667	0.03302	0.32128	0.23771	0.12995	0.02530	0.02871	0.01588	0.01901	0.01227	0.00842	0.00869	0.00250	0.01397	0.00753	0.00505	0.01123
2	0.02080	0.02323	0.03956	0.02956	0.03578	0.08968	0.37443	0.02602	0.01879	0.02516	0.01531	0.02078	0.01231	0.00894	0.01334	0.00285	0.15850	0.00859	0.00425	0.07212
3	0.05842	0.01205	0.01372	0.01247	0.01552	0.01211	0.00936	0.11043	0.05031	0.08052	0.18433	0.15916	0.13183	0.09532	0.01331	0.00346	0.00604	0.01434	0.00813	0.00919
4	0.01292	0.01023	0.01513	0.01469	0.01604	0.01245	0.01158	0.01582	0.01360	0.01984	0.02143	0.03169	0.02009	0.05808	0.59210	0.01251	0.10063	0.00892	0.00446	0.00780
5	0.01450	0.00881	0.01038	0.01000	0.01062	0.00873	0.00606	0.01493	0.01344	0.06934	0.02716	0.05230	0.02961	0.60996	0.07365	0.00807	0.00894	0.01189	0.00557	0.00606
6	0.03046	0.03652	0.02447	0.02173	0.02590	0.53304	0.01664	0.09306	0.02459	0.02418	0.01370	0.01622	0.01135	0.00956	0.00990	0.00239	0.08536	0.00591	0.00474	0.01028
7	0.01999	0.01912	0.03260	0.18773	0.52076	0.01994	0.02558	0.02517	0.01887	0.02650	0.01582	0.02141	0.01302	0.00778	0.00844	0.00259	0.01038	0.00758	0.00412	0.01261
8	0.03023	0.03518	0.02354	0.02094	0.02568	0.49259	0.01596	0.10449	0.11921	0.02695	0.01730	0.01846	0.01368	0.00936	0.00792	0.00234	0.01332	0.00637	0.00552	0.01096
9	0.02170	0.01729	0.01669	0.01537	0.01879	0.11782	0.01157	0.12735	0.06656	0.10285	0.05590	0.28921	0.06868	0.01738	0.00944	0.00290	0.00771	0.01482	0.00785	0.01011
10	0.02041	0.01749	0.01505	0.01377	0.01770	0.15186	0.01066	0.02515	0.08581	0.12041	0.05481	0.05491	0.31601	0.01616	0.00926	0.00275	0.00758	0.04303	0.00762	0.00958

[dist]
# distance from previous block
# <min> <max>
0	1

[block]
# block no. 4 follows, 21 sequences, length 9
# corresponding to MSA columns:
# 101-109
name=unknown_E
#
# <colnr> <probs for GDERKNQSTAVLIFYWHMCP>
#	G	D	E	R	K	N	Q	S	T	A	V	L	I	F	Y	W	H	M	C	P
0	0.03151	0.03430	0.02376	0.02075	0.02574	0.46321	0.01594	0.14199	0.07106	0.06665	0.01729	0.01830	0.01331	0.00934	0.00795	0.00234	0.01314	0.00637	0.00582	0.01125
1	0.01998	0.02145	0.02517	0.51667	0.05058	0.18005	0.02185	0.02479	0.01878	0.02152	0.01464	0.02086	0.01125	0.00857	0.00830	0.00268	0.01234	0.00705	0.00393	0.00956
2	0.12398	0.03337	0.02300	0.01999	0.02509	0.42602	0.01546	0.17820	0.02685	0.03116	0.01480	0.01642	0.01161	0.00902	0.00758	0.00234	0.01276	0.00591	0.00552	0.01093
3	0.02754	0.02740	0.02178	0.01863	0.02369	0.26958	0.01455	0.23500	0.10533	0.03435	0.02883	0.02869	0.10471	0.01145	0.00843	0.00250	0.01061	0.00854	0.00685	0.01153
4	0.02106	0.02022	0.03454	0.05223	0.64784	0.02022	0.02612	0.02612	0.01938	0.02780	0.01601	0.02106	0.01348	0.00758	0.00842	0.00253	0.01011	0.00758	0.00421	0.01348
5	0.01950	0.32756	0.39461	0.02010	0.03041	0.02572	0.02421	0.02632	0.01768	0.02398	0.01380	0.01612	0.01084	0.00774	0.00696	0.00232	0.01109	0.00554	0.00361	0.01187
6	0.02642	0.02997	0.02183	0.01955	0.02367	0.37578	0.01501	0.07031	0.14941	0.02615	0.02509	0.02588	0.07669	0.01119	0.00981	0.00255	0.06643	0.00786	0.00582	0.01059
7	0.01675	0.01540	0.02176	0.01826	0.02280	0.01587	0.13563	0.02888	0.27190	0.02890	0.04549	0.13029	0.18111	0.01513	0.00958	0.00296	0.00747	0.01371	0.00747	0.01063
8	0.01932	0.02038	0.02523	0.54446	0.05194	0.15271	0.02215	0.02427	0.01848	0.02155	0.01472	0.02117	0.01127	0.00856	0.00834	0.00270	0.01217	0.00713	0.00391	0.00954

[dist]
# distance from previous block
# <min> <max>
2	4

[block]
# block no. 5 follows, 21 sequences, length 45
# corresponding to MSA columns:
# 114-158
name=unknown_F
#
# <colnr> <probs for GDERKNQSTAVLIFYWHMCP>
#	G	D	E	R	K	N	Q	S	T	A	V	L	I	F	Y	W	H	M	C	P
0	0.02170	0.01680	0.01665	0.01465	0.01837	0.11288	0.01130	0.08305	0.08707	0.12428	0.31074	0.07043	0.04815	0.01418	0.00921	0.00264	0.00705	0.01192	0.00856	0.01038
1	0.01705	0.01695	0.01628	0.01573	0.01797	0.17417	0.01208	0.01988	0.01628	0.02002	0.02039	0.02892	0.01870	0.05010	0.50282	0.01081	0.02094	0.00821	0.00452	0.00816
2	0.02106	0.02022	0.03454	0.05223	0.64784	0.02022	0.02612	0.02612	0.01938	0.02780	0.01601	0.02106	0.01348	0.00758	0.00842	0.00253	0.01011	0.00758	0.00421	0.01348
3	0.02082	0.02090	0.03845	0.04816	0.49746	0.02054	0.17337	0.02640	0.01955	0.02767	0.01631	0.02153	0.01334	0.00748	0.00883	0.00261	0.01117	0.00820	0.00424	0.01298
4	0.03122	0.03839	0.02392	0.02154	0.02608	0.59533	0.01626	0.06653	0.05940	0.02345	0.01477	0.01655	0.01200	0.00901	0.00777	0.00225	0.01453	0.00583	0.00485	0.01032
5	0.01216	0.00912	0.01368	0.01368	0.01520	0.01064	0.01064	0.01520	0.01368	0.01976	0.02279	0.03343	0.02127	0.06382	0.66720	0.01368	0.02279	0.00912	0.00456	0.00760
6	0.01226	0.00820	0.00932	0.00943	0.00946	0.00817	0.00532	0.01234	0.01261	0.01681	0.02800	0.09335	0.03243	0.66123	0.04140	0.00797	0.00806	0.01307	0.00532	0.00526
7	0.15955	0.32967	0.03061	0.01585	0.02196	0.18474	0.01380	0.02954	0.01937	0.10424	0.01493	0.01605	0.01192	0.00817	0.00637	0.00216	0.00995	0.00530	0.00499	0.01081
8	0.02147	0.02472	0.04292	0.03188	0.03859	0.11111	0.44265	0.02715	0.01956	0.02534	0.01573	0.02124	0.01238	0.00857	0.01245	0.00291	0.11716	0.00902	0.00423	0.01092
9	0.02275	0.70604	0.04459	0.01456	0.02184	0.03367	0.01456	0.02548	0.01729	0.02002	0.01183	0.01365	0.01092	0.00728	0.00546	0.00182	0.00910	0.00455	0.00364	0.01092
10	0.03179	0.04056	0.02412	0.02192	0.02631	0.66676	0.01644	0.03398	0.02412	0.02083	0.01315	0.01535	0.01096	0.00877	0.00767	0.00219	0.01535	0.00548	0.00438	0.00987
11	0.01006	0.00862	0.00862	0.00862	0.01149	0.00718	0.00647	0.01221	0.01940	0.02299	0.08621	0.08190	0.64438	0.02155	0.01006	0.00287	0.00431	0.01796	0.00790	0.00718
12	0.03179	0.04056	0.02412	0.02192	0.02631	0.66676	0.01644	0.03398	0.02412	0.02083	0.01315	0.01535	0.01096	0.00877	0.00767	0.00219	0.01535	0.00548	0.00438	0.00987
13	0.01216	0.00912	0.01368	0.01368	0.01520	0.01064	0.01064	0.01520	0.01368	0.01976	0.02279	0.03343	0.02127	0.06382	0.66720	0.01368	0.02279	0.00912	0.00456	0.00760
14	0.03179	0.04056	0.02412	0.02192	0.02631	0.66676	0.01644	0.03398	0.02412	0.02083	0.01315	0.01535	0.01096	0.00877	0.00767	0.00219	0.01535	0.00548	0.00438	0.00987
15	0.02623	0.02079	0.02209	0.01834	0.02406	0.02353	0.01469	0.30496	0.36449	0.04376	0.02821	0.02663	0.02077	0.01094	0.00859	0.00274	0.00792	0.00874	0.00859	0.01392
16	0.01109	0.00771	0.00966	0.01093	0.01125	0.00739	0.00692	0.01204	0.01489	0.01986	0.03973	0.46680	0.04723	0.26759	0.02246	0.00517	0.00612	0.01997	0.00692	0.00628
17	0.01006	0.00862	0.00862	0.00862	0.01149	0.00718	0.00647	0.01221	0.01940	0.02299	0.08621	0.08190	0.64438	0.02155	0.01006	0.00287	0.00431	0.01796	0.00790	0.00718
18	0.03179	0.04056	0.02412	0.02192	0.02631	0.66676	0.01644	0.03398	0.02412	0.02083	0.01315	0.01535	0.01096	0.00877	0.00767	0.00219	0.01535	0.00548	0.00438	0.00987
19	0.03107	0.02260	0.02437	0.01905	0.02557	0.02498	0.01562	0.51078	0.12202	0.08065	0.02306	0.02243	0.01640	0.01042	0.00854	0.00260	0.00889	0.00798	0.00863	0.01433
20	0.02009	0.02296	0.05022	0.03587	0.04448	0.02152	0.61693	0.02726	0.02009	0.02726	0.01722	0.02296	0.01291	0.00717	0.01004	0.00287	0.01435	0.01004	0.00430	0.01148
21	0.02065	0.01774	0.01880	0.01694	0.02160	0.02042	0.01316	0.04357	0.59804	0.03552	0.06908	0.03355	0.02905	0.01188	0.00874	0.00287	0.00658	0.00995	0.00870	0.01316
22	0.02074	0.01543	0.01712	0.01312	0.01911	0.01411	0.01052	0.16484	0.02307	0.03496	0.01955	0.02183	0.01535	0.00814	0.00675	0.00175	0.00646	0.00639	0.19109	0.38968
23	0.01171	0.00869	0.01091	0.01036	0.01251	0.00789	0.00777	0.01542	0.02330	0.03226	0.55017	0.06663	0.17463	0.01809	0.01004	0.00271	0.00406	0.01582	0.00912	0.00789
24	0.01586	0.00793	0.00793	0.00793	0.00991	0.00793	0.00595	0.01983	0.01785	0.03173	0.02776	0.03173	0.02181	0.00991	0.00595	0.00198	0.00397	0.00793	0.74817	0.00793
25	0.03119	0.02293	0.02460	0.01898	0.02540	0.02534	0.01554	0.58420	0.03841	0.05148	0.02080	0.02248	0.01543	0.05033	0.01053	0.00288	0.00930	0.00794	0.00832	0.01393
26	0.01065	0.00846	0.00886	0.00898	0.01100	0.00743	0.00623	0.01223	0.01747	0.02130	0.06916	0.11151	0.45753	0.19045	0.01836	0.00424	0.00533	0.01694	0.00722	0.00666
27	0.01862	0.01862	0.02607	0.02234	0.02234	0.02607	0.01862	0.02048	0.01303	0.02048	0.01117	0.01862	0.01117	0.01489	0.02793	0.00372	0.68535	0.00745	0.00372	0.00931
28	0.01006	0.00862	0.00862	0.00862	0.01149	0.00718	0.00647	0.01221	0.01940	0.02299	0.08621	0.08190	0.64438	0.02155	0.01006	0.00287	0.00431	0.01796	0.00790	0.00718
29	0.01989	0.37256	0.35300	0.01944	0.02939	0.02667	0.02306	0.02622	0.01763	0.02351	0.01356	0.01583	0.01085	0.00769	0.00678	0.00226	0.01085	0.00543	0.00362	0.01176
30	0.02106	0.02022	0.03454	0.05223	0.64784	0.02022	0.02612	0.02612	0.01938	0.02780	0.01601	0.02106	0.01348	0.00758	0.00842	0.00253	0.01011	0.00758	0.00421	0.01348
31	0.02283	0.01911	0.02018	0.01766	0.02276	0.02194	0.01387	0.13070	0.54427	0.03828	0.03252	0.03007	0.02427	0.01135	0.00864	0.00284	0.00713	0.00933	0.00864	0.01362
32	0.02098	0.49918	0.23590	0.01759	0.02653	0.02933	0.01984	0.02594	0.01750	0.02219	0.01291	0.01500	0.01088	0.00753	0.00628	0.00209	0.01019	0.00509	0.00363	0.01144
33	0.01979	0.34398	0.35135	0.02037	0.03036	0.02616	0.05002	0.02630	0.01776	0.02382	0.01380	0.01623	0.01094	0.00768	0.00698	0.00231	0.01108	0.00567	0.00365	0.01177
34	0.02135	0.54251	0.19583	0.01696	0.02554	0.03024	0.01873	0.02585	0.01746	0.02173	0.01268	0.01472	0.01089	0.00748	0.00611	0.00204	0.00996	0.00498	0.00363	0.01133
35	0.01006	0.00862	0.00862	0.00862	0.01149	0.00718	0.00647	0.01221	0.01940	0.02299	0.08621	0.08190	0.64438	0.02155	0.01006	0.00287	0.00431	0.01796	0.00790	0.00718
36	0.02425	0.02361	0.03094	0.04133	0.43584	0.11553	0.02263	0.11347	0.05441	0.03089	0.01718	0.02068	0.01389	0.00834	0.00834	0.00250	0.01059	0.00739	0.00508	0.01309
37	0.02593	0.02944	0.02981	0.03849	0.36600	0.31340	0.02173	0.02968	0.02153	0.02464	0.01471	0.01847	0.01234	0.00812	0.00808	0.00238	0.01248	0.00663	0.00429	0.01184
38	0.02009	0.02296	0.05022	0.03587	0.04448	0.02152	0.61693	0.02726	0.02009	0.02726	0.01722	0.02296	0.01291	0.00717	0.01004	0.00287	0.01435	0.01004	0.00430	0.01148
39	0.01762	0.01870	0.02246	0.02040	0.05415	0.14632	0.13128	0.02063	0.01910	0.02289	0.03804	0.20096	0.15372	0.05051	0.01214	0.00317	0.03901	0.01411	0.00596	0.00883
40	0.02298	0.02499	0.03632	0.04209	0.37369	0.15068	0.17011	0.02798	0.02051	0.02626	0.01573	0.02038	0.01283	0.00772	0.00867	0.00254	0.01221	0.00777	0.00427	0.01226
41	0.01285	0.01026	0.01134	0.01123	0.01279	0.04192	0.00801	0.01475	0.01542	0.02016	0.03956	0.05131	0.17903	0.24225	0.25042	0.00823	0.01253	0.01208	0.03898	0.00688
42	0.02550	0.02829	0.02001	0.01787	0.02225	0.35614	0.01365	0.11023	0.07979	0.02721	0.03430	0.03411	0.17067	0.01240	0.00847	0.00247	0.01100	0.00926	0.00621	0.01016
43	0.02132	0.11134	0.43608	0.02268	0.03267	0.18245	0.02597	0.02855	0.01943	0.02471	0.01439	0.01687	0.01084	0.00817	0.00771	0.00248	0.01291	0.00591	0.00380	0.01173
44	0.02373	0.06166	0.02858	0.02356	0.05882	0.16571	0.11547	0.08536	0.18600	0.02903	0.02061	0.02290	0.01630	0.01261	0.04347	0.00325	0.07759	0.00798	0.00578	0.01159

[dist]
# distance from previous block
# <min> <max>
0	3

[block]
# block no. 6 follows, 21 sequences, length 6
# corresponding to MSA columns:
# 162-167
name=unknown_G
#
# <colnr> <probs for GDERKNQSTAVLIFYWHMCP>
#	G	D	E	R	K	N	Q	S	T	A	V	L	I	F	Y	W	H	M	C	P
0	0.02047	0.01607	0.01950	0.01658	0.02042	0.01799	0.01330	0.21503	0.05507	0.03272	0.02188	0.06536	0.01926	0.02931	0.23086	0.00634	0.09227	0.00893	0.00622	0.09243
1	0.02357	0.02766	0.02523	0.02362	0.06946	0.34641	0.10951	0.02657	0.02110	0.02257	0.02284	0.19519	0.02333	0.01312	0.00894	0.00265	0.01209	0.01125	0.00528	0.00960
2	0.02031	0.17679	0.02361	0.01580	0.01917	0.16300	0.01301	0.02311	0.01743	0.02209	0.01757	0.02285	0.01550	0.02407	0.18576	0.00533	0.09333	0.00687	0.12528	0.00912
3	0.02391	0.06468	0.02515	0.02752	0.19536	0.29981	0.01705	0.02767	0.04705	0.02327	0.02177	0.08099	0.04584	0.05132	0.01028	0.00279	0.01137	0.00876	0.00498	0.01043
4	0.02898	0.03558	0.02557	0.02552	0.09862	0.51524	0.01783	0.03146	0.02225	0.02160	0.01325	0.01640	0.01128	0.00936	0.01016	0.00241	0.09401	0.00596	0.00429	0.01022
5	0.05372	0.01661	0.01982	0.08336	0.02407	0.01890	0.01411	0.19351	0.09315	0.05784	0.09855	0.03462	0.09738	0.01602	0.05005	0.00349	0.09679	0.00992	0.00715	0.01096

[dist]
# distance from previous block
# <min> <max>
0	7

[block]
# block no. 7 follows, 21 sequences, length 88
# corresponding to MSA columns:
# 175-262
name=unknown_H
#
# <colnr> <probs for GDERKNQSTAVLIFYWHMCP>
#	G	D	E	R	K	N	Q	S	T	A	V	L	I	F	Y	W	H	M	C	P
0	0.02017	0.04745	0.04587	0.01484	0.01953	0.07072	0.04023	0.11105	0.02439	0.09933	0.18177	0.04833	0.21240	0.01469	0.00916	0.00264	0.00733	0.01224	0.00776	0.01010
1	0.02634	0.02132	0.02656	0.02091	0.02710	0.02323	0.10208	0.34327	0.19966	0.04317	0.02527	0.05904	0.01960	0.01100	0.00890	0.00274	0.00913	0.00941	0.00791	0.01337
2	0.02642	0.03186	0.03052	0.02758	0.09003	0.39210	0.15124	0.03003	0.02163	0.02287	0.01474	0.01871	0.01219	0.01148	0.04365	0.00305	0.05014	0.00700	0.00432	0.01043
3	0.02371	0.02213	0.02246	0.01874	0.02283	0.14568	0.04153	0.18849	0.05089	0.03090	0.01962	0.05393	0.01755	0.08922	0.04635	0.00377	0.11249	0.00849	0.00592	0.07530
4	0.02528	0.06347	0.05390	0.02057	0.08772	0.10647	0.01535	0.16323	0.05280	0.12066	0.02750	0.11616	0.05317	0.01222	0.00850	0.00257	0.00897	0.00999	0.00699	0.04448
5	0.01223	0.00883	0.01223	0.01223	0.01325	0.00985	0.00884	0.01427	0.01325	0.01869	0.02411	0.04074	0.02445	0.27302	0.46234	0.01189	0.01802	0.01019	0.00476	0.00680
6	0.01765	0.01513	0.01765	0.01260	0.02017	0.01134	0.01008	0.02143	0.01765	0.02773	0.01513	0.01765	0.01260	0.00630	0.00630	0.00126	0.00630	0.00504	0.00504	0.75295
7	0.02343	0.01845	0.01993	0.01704	0.02201	0.02051	0.01358	0.25303	0.29149	0.04040	0.06123	0.06936	0.05907	0.01318	0.00900	0.00283	0.00742	0.03687	0.00852	0.01266
8	0.01238	0.00825	0.00928	0.00928	0.00928	0.00825	0.00516	0.01238	0.01238	0.01650	0.02681	0.05569	0.03094	0.70092	0.04331	0.00825	0.00825	0.01238	0.00516	0.00516
9	0.01159	0.00873	0.01074	0.01039	0.01264	0.00789	0.00790	0.01509	0.02257	0.03062	0.45947	0.07028	0.23327	0.01885	0.01013	0.00280	0.00430	0.04607	0.00889	0.00779
10	0.01707	0.04402	0.65683	0.02426	0.03683	0.01976	0.03144	0.02695	0.01797	0.02695	0.01527	0.01797	0.01078	0.00809	0.00809	0.00270	0.01258	0.00629	0.00359	0.01258
11	0.01736	0.04197	0.59783	0.02538	0.03758	0.01993	0.08839	0.02698	0.01817	0.02698	0.01546	0.01845	0.01099	0.00800	0.00828	0.00271	0.01275	0.00665	0.00366	0.01247
12	0.01061	0.00864	0.00938	0.00920	0.01183	0.00742	0.00690	0.01327	0.02069	0.02606	0.23993	0.07684	0.48875	0.02041	0.01005	0.00282	0.00423	0.01725	0.00831	0.00742
13	0.02631	0.03224	0.02037	0.01904	0.02267	0.49879	0.01413	0.02838	0.02243	0.02118	0.02558	0.12868	0.07982	0.01283	0.00841	0.00246	0.01264	0.00964	0.00528	0.00914
14	0.01238	0.00825	0.00928	0.00928	0.00928	0.00825	0.00516	0.01238	0.01238	0.01650	0.02681	0.05569	0.03094	0.70092	0.04331	0.00825	0.00825	0.01238	0.00516	0.00516
15	0.02214	0.02033	0.01969	0.01774	0.02251	0.08041	0.01374	0.04419	0.57664	0.03424	0.03267	0.03025	0.02460	0.01129	0.00857	0.00282	0.00753	0.00924	0.00827	0.01314
16	0.02442	0.22222	0.11987	0.01902	0.02551	0.23135	0.01732	0.03344	0.17620	0.02525	0.01856	0.01942	0.01475	0.00896	0.00736	0.00234	0.01100	0.00639	0.00515	0.01147
17	0.02942	0.03553	0.02456	0.02186	0.02559	0.51061	0.01682	0.06734	0.02307	0.02277	0.01324	0.01626	0.01121	0.00998	0.01142	0.00249	0.13730	0.00597	0.00452	0.01005
18	0.01041	0.00806	0.00949	0.01034	0.01202	0.00715	0.00729	0.01244	0.01844	0.02356	0.12575	0.36505	0.31259	0.02350	0.01043	0.00312	0.00457	0.02059	0.00805	0.00715
19	0.01204	0.00870	0.01138	0.01071	0.01271	0.00803	0.00803	0.01606	0.02409	0.03413	0.64335	0.06357	0.08030	0.01740	0.01004	0.00268	0.00401	0.01539	0.00937	0.00803
20	0.01456	0.01406	0.02362	0.02011	0.02342	0.04402	0.20527	0.01792	0.01790	0.02347	0.03565	0.44455	0.04003	0.01948	0.01044	0.00320	0.00849	0.01870	0.00656	0.00853
21	0.01088	0.00762	0.00972	0.01120	0.01156	0.00725	0.00720	0.01198	0.01530	0.02039	0.04179	0.53251	0.04983	0.19833	0.01912	0.00468	0.00578	0.02118	0.00720	0.00647
22	0.02475	0.02006	0.02126	0.01804	0.02349	0.02284	0.01434	0.22923	0.44262	0.04138	0.03009	0.02812	0.02229	0.01112	0.00861	0.00278	0.00758	0.00899	0.00861	0.01379
23	0.52940	0.01582	0.01483	0.01246	0.01815	0.01698	0.01027	0.03029	0.01765	0.23543	0.01881	0.01868	0.01301	0.00874	0.00632	0.00263	0.00679	0.00587	0.00695	0.01090
24	0.01006	0.00862	0.00862	0.00862	0.01149	0.00718	0.00647	0.01221	0.01940	0.02299	0.08621	0.08190	0.64438	0.02155	0.01006	0.00287	0.00431	0.01796	0.00790	0.00718
25	0.01037	0.00741	0.00987	0.01185	0.01234	0.00691	0.00790	0.01185	0.01629	0.02172	0.04690	0.69537	0.05629	0.02666	0.01086	0.00346	0.00494	0.02419	0.00790	0.00691
26	0.01033	0.00863	0.00900	0.00891	0.01166	0.00730	0.00668	0.01275	0.02005	0.02453	0.16340	0.07936	0.56623	0.02098	0.01005	0.00285	0.00427	0.01760	0.00811	0.00730
27	0.01037	0.00741	0.00987	0.01185	0.01234	0.00691	0.00790	0.01185	0.01629	0.02172	0.04690	0.69537	0.05629	0.02666	0.01086	0.00346	0.00494	0.02419	0.00790	0.00691
28	0.02456	0.01922	0.02136	0.01589	0.02309	0.01842	0.01295	0.30267	0.02816	0.03991	0.01762	0.01896	0.01348	0.00814	0.00734	0.00187	0.00774	0.00627	0.00667	0.40566
29	0.02486	0.02577	0.02093	0.01879	0.02281	0.26730	0.01445	0.11380	0.17560	0.02902	0.02331	0.08131	0.02015	0.01685	0.07336	0.00371	0.04187	0.00889	0.00632	0.01090
30	0.03182	0.03954	0.02420	0.02178	0.02631	0.62757	0.01643	0.06981	0.02509	0.02283	0.01360	0.01566	0.01118	0.00886	0.00772	0.00221	0.01498	0.00561	0.00464	0.01015
31	0.02275	0.70604	0.04459	0.01456	0.02184	0.03367	0.01456	0.02548	0.01729	0.02002	0.01183	0.01365	0.01092	0.00728	0.00546	0.00182	0.00910	0.00455	0.00364	0.01092
32	0.02106	0.02022	0.03454	0.05223	0.64784	0.02022	0.02612	0.02612	0.01938	0.02780	0.01601	0.02106	0.01348	0.00758	0.00842	0.00253	0.01011	0.00758	0.00421	0.01348
33	0.01006	0.00862	0.00862	0.00862	0.01149	0.00718	0.00647	0.01221	0.01940	0.02299	0.08621	0.08190	0.64438	0.02155	0.01006	0.00287	0.00431	0.01796	0.00790	0.00718
34	0.01238	0.00825	0.00928	0.00928	0.00928	0.00825	0.00516	0.01238	0.01238	0.01650	0.02681	0.05569	0.03094	0.70092	0.04331	0.00825	0.00825	0.01238	0.00516	0.00516
35	0.02844	0.03497	0.02461	0.02203	0.02530	0.50364	0.01700	0.03054	0.02129	0.02074	0.01265	0.01618	0.01102	0.01033	0.01283	0.00258	0.18593	0.00598	0.00422	0.00972
36	0.03179	0.04056	0.02412	0.02192	0.02631	0.66676	0.01644	0.03398	0.02412	0.02083	0.01315	0.01535	0.01096	0.00877	0.00767	0.00219	0.01535	0.00548	0.00438	0.00987
37	0.01382	0.00999	0.01234	0.01306	0.01455	0.00997	0.00920	0.10732	0.02002	0.02674	0.04274	0.58932	0.04972	0.02408	0.01049	0.00331	0.00563	0.02160	0.00800	0.00810
38	0.01852	0.21257	0.50096	0.02179	0.03302	0.02330	0.02714	0.02658	0.01780	0.02519	0.01440	0.01687	0.01082	0.00788	0.00742	0.00247	0.01169	0.00585	0.00361	0.01216
39	0.01238	0.00825	0.00928	0.00928	0.00928	0.00825	0.00516	0.01238	0.01238	0.01650	0.02681	0.05569	0.03094	0.70092	0.04331	0.00825	0.00825	0.01238	0.00516	0.00516
40	0.01707	0.04402	0.65683	0.02426	0.03683	0.01976	0.03144	0.02695	0.01797	0.02695	0.01527	0.01797	0.01078	0.00809	0.00809	0.00270	0.01258	0.00629	0.00359	0.01258
41	0.76103	0.01646	0.01251	0.01119	0.01646	0.01909	0.00922	0.02502	0.01448	0.03818	0.01185	0.01382	0.00922	0.00790	0.00527	0.00263	0.00658	0.00461	0.00527	0.00922
42	0.02082	0.01997	0.03410	0.08301	0.61898	0.02016	0.02600	0.02590	0.01926	0.02751	0.01596	0.02114	0.01338	0.00763	0.00843	0.00254	0.01017	0.00758	0.00419	0.01328
43	0.02117	0.01828	0.01924	0.01732	0.02213	0.02117	0.01347	0.04522	0.63246	0.03560	0.03464	0.03175	0.02598	0.01155	0.00866	0.00289	0.00673	0.00962	0.00866	0.01347
44	0.02597	0.03025	0.02162	0.01957	0.02350	0.39450	0.01496	0.03310	0.16099	0.02437	0.02524	0.02610	0.07837	0.01125	0.01000	0.00256	0.07376	0.00786	0.00565	0.01036
45	0.01765	0.01513	0.01765	0.01260	0.02017	0.01134	0.01008	0.02143	0.01765	0.02773	0.01513	0.01765	0.01260	0.00630	0.00630	0.00126	0.00630	0.00504	0.00504	0.75295
46	0.02062	0.01521	0.01709	0.01507	0.01880	0.01603	0.01161	0.29414	0.02795	0.03720	0.06454	0.29473	0.09512	0.01812	0.00966	0.00295	0.00689	0.01553	0.00825	0.01050
47	0.01765	0.01513	0.01765	0.01260	0.02017	0.01134	0.01008	0.02143	0.01765	0.02773	0.01513	0.01765	0.01260	0.00630	0.00630	0.00126	0.00630	0.00504	0.00504	0.75295
48	0.02797	0.03000	0.02111	0.01856	0.02319	0.39060	0.01424	0.13351	0.02601	0.06003	0.02979	0.02997	0.13596	0.01162	0.00833	0.00241	0.01171	0.00847	0.00612	0.01040
49	0.01893	0.26035	0.45676	0.02109	0.03193	0.02431	0.02593	0.02647	0.01775	0.02469	0.01415	0.01656	0.01083	0.00782	0.00723	0.00241	0.01144	0.00572	0.00361	0.01204
50	0.01586	0.00793	0.00793	0.00793	0.00991	0.00793	0.00595	0.01983	0.01785	0.03173	0.02776	0.03173	0.02181	0.00991	0.00595	0.00198	0.00397	0.00793	0.74817	0.00793
51	0.03179	0.04056	0.02412	0.02192	0.02631	0.66676	0.01644	0.03398	0.02412	0.02083	0.01315	0.01535	0.01096	0.00877	0.00767	0.00219	0.01535	0.00548	0.00438	0.00987
52	0.01037	0.00741	0.00987	0.01185	0.01234	0.00691	0.00790	0.01185	0.01629	0.02172	0.04690	0.69537	0.05629	0.02666	0.01086	0.00346	0.00494	0.02419	0.00790	0.00691
53	0.02680	0.02288	0.01940	0.01636	0.02097	0.18337	0.01289	0.27377	0.02870	0.03810	0.02098	0.02284	0.01599	0.00975	0.00746	0.00227	0.00912	0.00720	0.25001	0.01115
54	0.01006	0.00862	0.00862	0.00862	0.01149	0.00718	0.00647	0.01221	0.01940	0.02299	0.08621	0.08190	0.64438	0.02155	0.01006	0.00287	0.00431	0.01796	0.00790	0.00718
55	0.01216	0.00912	0.01368	0.01368	0.01520	0.01064	0.01064	0.01520	0.01368	0.01976	0.02279	0.03343	0.02127	0.06382	0.66720	0.01368	0.02279	0.00912	0.00456	0.00760
56	0.01144	0.00867	0.01053	0.01007	0.01234	0.00777	0.00755	0.01488	0.02265	0.03071	0.47252	0.06919	0.25325	0.01867	0.01004	0.00274	0.00411	0.01618	0.00892	0.00777
57	0.03179	0.04056	0.02412	0.02192	0.02631	0.66676	0.01644	0.03398	0.02412	0.02083	0.01315	0.01535	0.01096	0.00877	0.00767	0.00219	0.01535	0.00548	0.00438	0.00987
58	0.01192	0.00869	0.01121	0.01058	0.01264	0.00798	0.00793	0.01582	0.02380	0.03344	0.60926	0.06469	0.11481	0.01765	0.01004	0.00269	0.00403	0.01555	0.00928	0.00798
59	0.01166	0.00873	0.01084	0.01044	0.01265	0.00791	0.00792	0.01524	0.02280	0.03116	0.48765	0.06926	0.20956	0.01863	0.01012	0.00278	0.00425	0.04160	0.00896	0.00783
60	0.03179	0.04056	0.02412	0.02192	0.02631	0.66676	0.01644	0.03398	0.02412	0.02083	0.01315	0.01535	0.01096	0.00877	0.00767	0.00219	0.01535	0.00548	0.00438	0.00987
61	0.02058	0.02058	0.03765	0.08144	0.47893	0.02045	0.16112	0.02615	0.01942	0.02736	0.01624	0.02158	0.01324	0.00754	0.00880	0.00262	0.01114	0.00814	0.00421	0.01281
62	0.01505	0.01265	0.01491	0.01444	0.01648	0.07245	0.01121	0.04376	0.01600	0.02190	0.02202	0.03109	0.02004	0.05382	0.54592	0.01157	0.02063	0.00866	0.03927	0.00813
63	0.02490	0.32557	0.03319	0.01815	0.02420	0.18266	0.04151	0.05974	0.16143	0.02568	0.01803	0.01894	0.01464	0.00875	0.00707	0.00224	0.01031	0.00633	0.00523	0.01144
64	0.02610	0.01977	0.02235	0.01768	0.02335	0.02148	0.01445	0.40266	0.03103	0.04254	0.01973	0.02231	0.01530	0.01952	0.12750	0.00443	0.04070	0.00755	0.00712	0.11444
65	0.01954	0.02134	0.04122	0.03083	0.03623	0.02321	0.39405	0.02473	0.01746	0.02473	0.01496	0.02134	0.01226	0.01005	0.01671	0.00319	0.26430	0.00908	0.00409	0.01067
66	0.01267	0.00955	0.01404	0.01384	0.01531	0.01130	0.01082	0.01570	0.01385	0.02038	0.02244	0.03258	0.02078	0.05865	0.60167	0.01259	0.05615	0.00897	0.04101	0.00770
67	0.01231	0.00853	0.01069	0.01069	0.01118	0.00902	0.00691	0.01328	0.01279	0.01754	0.02553	0.04856	0.02784	0.49677	0.24323	0.00999	0.01291	0.01133	0.00497	0.00594
68	0.02106	0.02022	0.03454	0.05223	0.64784	0.02022	0.02612	0.02612	0.01938	0.02780	0.01601	0.02106	0.01348	0.00758	0.00842	0.00253	0.01011	0.00758	0.00421	0.01348
69	0.02009	0.02296	0.05022	0.03587	0.04448	0.02152	0.61693	0.02726	0.02009	0.02726	0.01722	0.02296	0.01291	0.00717	0.01004	0.00287	0.01435	0.01004	0.00430	0.01148
70	0.01037	0.00741	0.00987	0.01185	0.01234	0.00691	0.00790	0.01185	0.01629	0.02172	0.04690	0.69537	0.05629	0.02666	0.01086	0.00346	0.00494	0.02419	0.00790	0.00691
71	0.01242	0.00920	0.01272	0.01264	0.01359	0.01042	0.00920	0.01442	0.01338	0.01890	0.02466	0.07158	0.02544	0.25253	0.41824	0.01110	0.04704	0.01076	0.00486	0.00690
72	0.01830	0.01665	0.02357	0.01952	0.08441	0.01355	0.09142	0.02265	0.01814	0.02768	0.01549	0.01868	0.01273	0.00654	0.00700	0.00160	0.00773	0.00595	0.00486	0.58355
73	0.01424	0.00897	0.01186	0.01140	0.01352	0.00822	0.00844	0.01760	0.02233	0.09237	0.44682	0.20466	0.06897	0.01884	0.01008	0.00285	0.00454	0.01673	0.00915	0.00841
74	0.03177	0.02355	0.02521	0.01946	0.02617	0.02612	0.01603	0.58959	0.07083	0.05269	0.02117	0.02102	0.01507	0.01028	0.00852	0.00257	0.00923	0.00776	0.00852	0.01442
75	0.01216	0.00912	0.01368	0.01368	0.01520	0.01064	0.01064	0.01520	0.01368	0.01976	0.02279	0.03343	0.02127	0.06382	0.66720	0.01368	0.02279	0.00912	0.00456	0.00760
76	0.03179	0.04056	0.02412	0.02192	0.02631	0.66676	0.01644	0.03398	0.02412	0.02083	0.01315	0.01535	0.01096	0.00877	0.00767	0.00219	0.01535	0.00548	0.00438	0.00987
77	0.01238	0.00825	0.00928	0.00928	0.00928	0.00825	0.00516	0.01238	0.01238	0.01650	0.02681	0.05569	0.03094	0.70092	0.04331	0.00825	0.00825	0.01238	0.00516	0.00516
78	0.02106	0.02022	0.03454	0.05223	0.64784	0.02022	0.02612	0.02612	0.01938	0.02780	0.01601	0.02106	0.01348	0.00758	0.00842	0.00253	0.01011	0.00758	0.00421	0.01348
79	0.14646	0.03427	0.02250	0.01989	0.02477	0.46926	0.01527	0.12009	0.02498	0.02846	0.01404	0.01587	0.01121	0.00885	0.00742	0.00232	0.01308	0.00567	0.00514	0.01045
80	0.01607	0.01513	0.02552	0.68047	0.05861	0.01891	0.02363	0.02174	0.01702	0.02174	0.01513	0.02269	0.01134	0.00851	0.00851	0.00284	0.01134	0.00756	0.00378	0.00945
81	0.01037	0.00741	0.00987	0.01185	0.01234	0.00691	0.00790	0.01185	0.01629	0.02172	0.04690	0.69537	0.05629	0.02666	0.01086	0.00346	0.00494	0.02419	0.00790	0.00691
82	0.01107	0.00770	0.00967	0.01095	0.01127	0.00738	0.00694	0.01203	0.01492	0.01989	0.03985	0.47062	0.04738	0.26356	0.02226	0.00514	0.00610	0.02004	0.00694	0.00630
83	0.01232	0.00847	0.01040	0.01040	0.01079	0.00886	0.00655	0.01309	0.01271	0.01733	0.02579	0.05002	0.02848	0.53872	0.20215	0.00963	0.01195	0.01155	0.00500	0.00578
84	0.03681	0.01418	0.01931	0.01491	0.02125	0.01227	0.01227	0.04014	0.02434	0.62123	0.06556	0.03078	0.02417	0.01089	0.00864	0.00264	0.00707	0.00892	0.01047	0.01414
85	0.02291	0.01546	0.01757	0.01505	0.01970	0.01627	0.01188	0.11357	0.25727	0.15053	0.16095	0.04098	0.09406	0.01333	0.00903	0.00275	0.00640	0.01113	0.00906	0.01208
86	0.01936	0.01572	0.01774	0.01464	0.02007	0.01511	0.01140	0.11991	0.16155	0.03246	0.02667	0.15431	0.02453	0.01212	0.00809	0.00227	0.00662	0.01026	0.00698	0.32020
87	0.02967	0.20463	0.02979	0.01930	0.02520	0.30038	0.01588	0.21943	0.02747	0.03113	0.01515	0.01654	0.01208	0.00885	0.00738	0.00221	0.01184	0.00594	0.00552	0.01161

[dist]
# distance from previous block
# <min> <max>
0	2

[block]
# block no. 8 follows, 21 sequences, length 112
# corresponding to MSA columns:
# 265-376
name=unknown_I
#
# <colnr> <probs for GDERKNQSTAVLIFYWHMCP>
#	G	D	E	R	K	N	Q	S	T	A	V	L	I	F	Y	W	H	M	C	P
0	0.02971	0.03479	0.06647	0.02093	0.02625	0.42789	0.01691	0.17623	0.02716	0.02936	0.01701	0.05553	0.01440	0.01010	0.00809	0.00239	0.01309	0.00714	0.00555	0.01101
1	0.02950	0.19210	0.02948	0.01792	0.02469	0.02703	0.01537	0.39794	0.07606	0.07820	0.02007	0.02005	0.01479	0.00960	0.00777	0.00240	0.00899	0.00708	0.00743	0.01352
2	0.07866	0.01393	0.01505	0.01367	0.01753	0.01498	0.01059	0.03065	0.29808	0.06172	0.21655	0.04588	0.11987	0.01419	0.00896	0.00279	0.00564	0.01192	0.00857	0.01077
3	0.01138	0.00867	0.01045	0.01001	0.01230	0.00775	0.00750	0.01477	0.02251	0.03038	0.45609	0.06973	0.26989	0.01879	0.01004	0.00274	0.00411	0.01625	0.00888	0.00775
4	0.02275	0.70604	0.04459	0.01456	0.02184	0.03367	0.01456	0.02548	0.01729	0.02002	0.01183	0.01365	0.01092	0.00728	0.00546	0.00182	0.00910	0.00455	0.00364	0.01092
5	0.03155	0.02344	0.02509	0.01942	0.02608	0.02602	0.01598	0.57819	0.08259	0.05234	0.02145	0.02125	0.01530	0.01031	0.00852	0.00258	0.00918	0.00780	0.00852	0.01440
6	0.02987	0.02261	0.02415	0.01908	0.02545	0.02523	0.01558	0.49230	0.17121	0.04964	0.02358	0.02294	0.01702	0.01051	0.00855	0.00263	0.00878	0.00810	0.00855	0.01425
7	0.01037	0.00741	0.00987	0.01185	0.01234	0.00691	0.00790	0.01185	0.01629	0.02172	0.04690	0.69537	0.05629	0.02666	0.01086	0.00346	0.00494	0.02419	0.00790	0.00691
8	0.01037	0.00741	0.00987	0.01185	0.01234	0.00691	0.00790	0.01185	0.01629	0.02172	0.04690	0.69537	0.05629	0.02666	0.01086	0.00346	0.00494	0.02419	0.00790	0.00691
9	0.01055	0.00864	0.00930	0.00913	0.01179	0.00739	0.00685	0.01316	0.02055	0.02573	0.22322	0.07739	0.50566	0.02053	0.01005	0.00283	0.00424	0.01733	0.00826	0.00739
10	0.02275	0.70604	0.04459	0.01456	0.02184	0.03367	0.01456	0.02548	0.01729	0.02002	0.01183	0.01365	0.01092	0.00728	0.00546	0.00182	0.00910	0.00455	0.00364	0.01092
11	0.02096	0.02050	0.03615	0.05055	0.58589	0.02035	0.08677	0.02623	0.01945	0.02775	0.01613	0.02126	0.01342	0.00754	0.00859	0.00256	0.01054	0.00784	0.00422	0.01327
12	0.01006	0.00862	0.00862	0.00862	0.01149	0.00718	0.00647	0.01221	0.01940	0.02299	0.08621	0.08190	0.64438	0.02155	0.01006	0.00287	0.00431	0.01796	0.00790	0.00718
13	0.01017	0.00863	0.00877	0.00874	0.01156	0.00723	0.00655	0.01243	0.01966	0.02361	0.11725	0.08088	0.61295	0.02132	0.01006	0.00286	0.00429	0.01782	0.00798	0.00723
14	0.01019	0.00863	0.00881	0.00876	0.01158	0.00724	0.00657	0.01247	0.01971	0.02374	0.12391	0.08066	0.60621	0.02127	0.01006	0.00286	0.00429	0.01779	0.00800	0.00724
