[name]
unknown

[dist]
# distance from previous block
# <min> <max>
2	43

[block]
# block no. 0 follows, 20 sequences, length 8
# corresponding to MSA columns:
# 48-55
name=unknown_A
#
# <colnr> <probs for GDERKNQSTAVLIFYWHMCP>
#	G	D	E	R	K	N	Q	S	T	A	V	L	I	F	Y	W	H	M	C	P
0	0.14619	0.08932	0.12172	0.02622	0.17787	0.11446	0.01873	0.02525	0.01874	0.02725	0.02034	0.13653	0.01980	0.01153	0.00807	0.00268	0.00990	0.00945	0.00505	0.01093
1	0.02046	0.01399	0.01638	0.06559	0.02066	0.01415	0.01136	0.16832	0.02558	0.10523	0.12653	0.05175	0.22531	0.08025	0.01285	0.00333	0.00700	0.01286	0.00817	0.01023
2	0.01849	0.01865	0.02142	0.01841	0.02229	0.14092	0.11359	0.05281	0.02268	0.02798	0.16447	0.13875	0.12933	0.01631	0.00998	0.00291	0.00901	0.05566	0.00709	0.00926
3	0.02041	0.07924	0.12217	0.02566	0.12600	0.13049	0.01972	0.02419	0.01811	0.02351	0.01983	0.13716	0.01993	0.01339	0.01367	0.00298	0.17829	0.00994	0.00475	0.01056
4	0.01753	0.01412	0.01703	0.01423	0.01864	0.01338	0.01096	0.09165	0.01957	0.02833	0.02467	0.17332	0.02515	0.06514	0.06368	0.00366	0.05840	0.01096	0.00614	0.32343
5	0.01664	0.01551	0.01824	0.01782	0.06753	0.06442	0.01274	0.01960	0.01743	0.02385	0.03098	0.08287	0.12090	0.02441	0.14629	0.00491	0.10584	0.01029	0.00546	0.19428
6	0.02477	0.02071	0.01980	0.01720	0.02105	0.13150	0.01319	0.23045	0.08310	0.03311	0.02166	0.07232	0.01889	0.01921	0.04611	0.19109	0.01024	0.00890	0.00650	0.01020
7	0.01603	0.14344	0.22665	0.01772	0.02402	0.01815	0.01858	0.02138	0.01611	0.02270	0.01885	0.02549	0.01641	0.03648	0.33052	0.00819	0.01745	0.00757	0.00418	0.01006

[dist]
# distance from previous block
# <min> <max>
0	1

[block]
# block no. 1 follows, 20 sequences, length 14
# corresponding to MSA columns:
# 57-70
name=unknown_B
#
# <colnr> <probs for GDERKNQSTAVLIFYWHMCP>
#	G	D	E	R	K	N	Q	S	T	A	V	L	I	F	Y	W	H	M	C	P
0	0.02033	0.01168	0.01456	0.01332	0.01661	0.01105	0.01009	0.09123	0.02332	0.17598	0.15109	0.27612	0.11062	0.01914	0.01005	0.00303	0.00592	0.01668	0.00908	0.01008
1	0.01994	0.01636	0.02246	0.01830	0.02309	0.04231	0.12909	0.06122	0.12312	0.09110	0.09187	0.04817	0.17059	0.06644	0.01240	0.00332	0.00839	0.03372	0.00756	0.01057
2	0.01253	0.00909	0.01271	0.01271	0.01381	0.01019	0.00927	0.01473	0.01363	0.01928	0.02456	0.04091	0.02469	0.24835	0.47989	0.01240	0.01902	0.01032	0.00485	0.00706
3	0.01515	0.00758	0.01136	0.01136	0.01136	0.00758	0.00758	0.01136	0.01136	0.01515	0.01515	0.02652	0.01515	0.03030	0.03409	0.74621	0.00758	0.00758	0.00379	0.00379
4	0.01765	0.01640	0.02641	0.08736	0.39544	0.01635	0.02035	0.02186	0.01930	0.02630	0.03439	0.11331	0.14233	0.01301	0.00927	0.00280	0.00865	0.01191	0.00548	0.01142
5	0.02495	0.08360	0.11016	0.02594	0.13981	0.23749	0.01907	0.08159	0.02173	0.02559	0.01518	0.01931	0.01267	0.01219	0.01228	0.12471	0.01192	0.00659	0.00457	0.01067
6	0.01239	0.00855	0.00969	0.00969	0.01013	0.00847	0.00576	0.01283	0.01362	0.01789	0.03449	0.05898	0.10294	0.57791	0.07528	0.00812	0.00882	0.01318	0.00559	0.00567
7	0.01268	0.00846	0.00951	0.00951	0.00951	0.00846	0.00529	0.01268	0.01268	0.01691	0.02748	0.05708	0.03171	0.69345	0.04440	0.00846	0.00846	0.01268	0.00529	0.00529
8	0.02163	0.01749	0.02313	0.07309	0.02672	0.01867	0.08428	0.23699	0.08700	0.03641	0.03297	0.20835	0.06410	0.01538	0.00968	0.00299	0.00856	0.01359	0.00762	0.01138
9	0.02138	0.02288	0.07575	0.10152	0.52277	0.04918	0.02648	0.02682	0.01978	0.02760	0.01615	0.02125	0.01333	0.00794	0.00858	0.00261	0.01088	0.00758	0.00425	0.01325
10	0.08563	0.16299	0.07962	0.03114	0.24063	0.20889	0.02052	0.02896	0.02032	0.02565	0.01430	0.01752	0.01197	0.00813	0.00751	0.00237	0.01161	0.00617	0.00429	0.01178
11	0.10288	0.02189	0.18925	0.15484	0.07211	0.01574	0.01898	0.02120	0.01837	0.02659	0.03939	0.04089	0.21843	0.01290	0.00873	0.00283	0.00891	0.01057	0.00544	0.01004
12	0.01929	0.07961	0.23032	0.03141	0.21763	0.02178	0.02450	0.02510	0.01763	0.02579	0.01520	0.01994	0.01262	0.01207	0.04375	0.00331	0.13677	0.00701	0.00404	0.05224
13	0.09782	0.02701	0.20919	0.09994	0.09850	0.06506	0.02073	0.02557	0.01845	0.02808	0.01514	0.01859	0.01181	0.00778	0.00751	0.00229	0.01015	0.00613	0.00445	0.22580

[dist]
# distance from previous block
# <min> <max>
0	6

[block]
# block no. 2 follows, 20 sequences, length 22
# corresponding to MSA columns:
# 77-98
name=unknown_C
#
# <colnr> <probs for GDERKNQSTAVLIFYWHMCP>
#	G	D	E	R	K	N	Q	S	T	A	V	L	I	F	Y	W	H	M	C	P
0	0.11086	0.07825	0.06550	0.02678	0.20000	0.02083	0.01791	0.12727	0.02254	0.03294	0.06134	0.03019	0.09778	0.01130	0.00975	0.00270	0.05755	0.00890	0.00591	0.01170
1	0.02729	0.15248	0.02737	0.02133	0.05726	0.41294	0.01603	0.02977	0.02216	0.02181	0.02151	0.02336	0.07974	0.01038	0.00873	0.00235	0.04355	0.00706	0.00471	0.01018
2	0.03002	0.08187	0.02774	0.02035	0.02599	0.09676	0.01687	0.40398	0.03286	0.04298	0.01787	0.01949	0.01359	0.01082	0.01155	0.00271	0.11701	0.00731	0.00706	0.01317
3	0.02825	0.01979	0.02185	0.01751	0.02282	0.02148	0.01394	0.42420	0.03324	0.08359	0.02478	0.07580	0.02100	0.10781	0.03974	0.00395	0.00952	0.00988	0.00818	0.01267
4	0.01211	0.00891	0.01133	0.01073	0.01289	0.00813	0.00805	0.01601	0.02414	0.03367	0.57157	0.06732	0.14598	0.01832	0.01029	0.00277	0.00415	0.01608	0.00943	0.00813
5	0.01869	0.06395	0.32944	0.05585	0.08472	0.02289	0.05778	0.02535	0.01712	0.02523	0.01444	0.01916	0.01155	0.01018	0.01417	0.00303	0.20382	0.00708	0.00383	0.01172
6	0.01070	0.00863	0.00959	0.01025	0.01252	0.00752	0.00761	0.01289	0.01912	0.02346	0.07501	0.23220	0.44556	0.02354	0.01066	0.00318	0.00488	0.06723	0.00809	0.00735
7	0.02232	0.02143	0.02976	0.04022	0.40480	0.06170	0.02203	0.03349	0.21127	0.03057	0.02227	0.02468	0.01771	0.00914	0.00866	0.00269	0.00961	0.00830	0.00577	0.01358
8	0.02809	0.08196	0.02937	0.02127	0.02734	0.11194	0.07144	0.30677	0.02962	0.03859	0.01726	0.01942	0.01331	0.00997	0.01073	0.00257	0.09214	0.00726	0.00643	0.07452
9	0.02218	0.02447	0.06707	0.02058	0.02674	0.15795	0.11917	0.05238	0.05909	0.02772	0.01836	0.02280	0.01507	0.04548	0.01086	0.00261	0.04139	0.00741	0.05904	0.19963
10	0.09405	0.15486	0.07313	0.02141	0.02838	0.18631	0.12060	0.05742	0.02212	0.13586	0.01801	0.01951	0.01339	0.00867	0.00787	0.00247	0.01161	0.00689	0.00566	0.01178
11	0.02236	0.01741	0.01845	0.01579	0.02061	0.01897	0.01248	0.22781	0.23181	0.03918	0.04169	0.06829	0.15109	0.01409	0.00904	0.00280	0.00703	0.01151	0.05743	0.01213
12	0.01067	0.00803	0.00988	0.01115	0.01244	0.00725	0.00770	0.01256	0.01816	0.02355	0.10209	0.47591	0.21861	0.02519	0.01084	0.00332	0.00481	0.02238	0.00821	0.00725
13	0.02063	0.19151	0.16342	0.02971	0.09886	0.02499	0.23972	0.02673	0.01878	0.02555	0.01526	0.01963	0.01222	0.00827	0.01012	0.00268	0.06833	0.00768	0.00404	0.01188
14	0.01079	0.00766	0.01007	0.01194	0.01240	0.00719	0.00787	0.01219	0.01638	0.02184	0.04645	0.63787	0.05564	0.08002	0.01376	0.00393	0.00533	0.02384	0.00787	0.00694
15	0.01975	0.01877	0.03079	0.08898	0.41762	0.02058	0.02344	0.02416	0.01788	0.02579	0.01625	0.02269	0.01414	0.01564	0.08522	0.00411	0.12995	0.00792	0.00424	0.01208
16	0.03263	0.04013	0.02484	0.02227	0.02697	0.60532	0.01683	0.08321	0.02609	0.02418	0.01411	0.01617	0.01154	0.00911	0.00794	0.00228	0.01521	0.00581	0.00485	0.01051
17	0.01169	0.00889	0.01076	0.01029	0.01263	0.00795	0.00772	0.01520	0.02315	0.03132	0.45949	0.07118	0.25953	0.01920	0.01029	0.00281	0.00421	0.01662	0.00912	0.00795
18	0.01979	0.01870	0.03043	0.09279	0.42783	0.01982	0.02300	0.02413	0.01826	0.02620	0.01762	0.05364	0.01614	0.04126	0.01294	0.00304	0.09758	0.00865	0.00447	0.04371
19	0.01070	0.00857	0.00962	0.01036	0.01253	0.00750	0.00764	0.01285	0.01899	0.02339	0.07349	0.25806	0.42368	0.02375	0.01068	0.00320	0.00489	0.06468	0.00809	0.00734
20	0.02902	0.03587	0.02283	0.02098	0.02495	0.54386	0.01580	0.03142	0.02283	0.02115	0.01523	0.01901	0.01311	0.01897	0.12305	0.00433	0.01708	0.00628	0.00453	0.00970
21	0.07045	0.03564	0.02488	0.02295	0.05424	0.46954	0.01697	0.12091	0.02592	0.02774	0.01459	0.01686	0.01182	0.00940	0.00886	0.00242	0.04462	0.00610	0.00515	0.01094

[dist]
# distance from previous block
# <min> <max>
0	1

[block]
# block no. 3 follows, 20 sequences, length 18
# corresponding to MSA columns:
# 100-117
name=unknown_D
#
# <colnr> <probs for GDERKNQSTAVLIFYWHMCP>
#	G	D	E	R	K	N	Q	S	T	A	V	L	I	F	Y	W	H	M	C	P
0	0.01953	0.01927	0.01891	0.02007	0.08348	0.17421	0.01389	0.02454	0.06905	0.02376	0.02162	0.02803	0.01879	0.03626	0.32003	0.00797	0.01713	0.00819	0.06574	0.00953
1	0.01754	0.01498	0.01582	0.01454	0.01864	0.01632	0.01121	0.03382	0.39437	0.03253	0.10131	0.05051	0.21170	0.01538	0.00942	0.00294	0.00593	0.01289	0.00871	0.01143
2	0.01146	0.00858	0.00980	0.01007	0.01145	0.00810	0.00677	0.01285	0.01618	0.02058	0.05368	0.14900	0.27102	0.27621	0.09058	0.00622	0.00797	0.01619	0.00670	0.00660
3	0.02628	0.21864	0.02799	0.01713	0.02257	0.18475	0.01430	0.15936	0.05395	0.03092	0.01840	0.02046	0.01484	0.01192	0.03880	0.00280	0.01083	0.00658	0.10817	0.01127
4	0.75506	0.01687	0.01282	0.01147	0.01687	0.01957	0.00945	0.02564	0.01484	0.03914	0.01215	0.01417	0.00945	0.00810	0.00540	0.00270	0.00675	0.00472	0.00540	0.00945
5	0.01501	0.16096	0.08243	0.01358	0.01761	0.01560	0.01191	0.01945	0.06404	0.02333	0.04229	0.25366	0.15175	0.07513	0.01213	0.00336	0.00707	0.01520	0.00654	0.00897
6	0.01611	0.00966	0.01179	0.01169	0.01451	0.00851	0.00883	0.01846	0.01985	0.14009	0.06228	0.26531	0.29291	0.02178	0.01041	0.00317	0.00546	0.06184	0.00860	0.00873
7	0.01980	0.01859	0.03027	0.03963	0.40669	0.01756	0.05725	0.02450	0.01923	0.02792	0.01893	0.07668	0.01725	0.00908	0.00844	0.00239	0.00928	0.00875	0.00484	0.18293
8	0.01109	0.00790	0.00987	0.01124	0.01183	0.00744	0.00730	0.01231	0.01601	0.02110	0.04656	0.48626	0.10024	0.18590	0.01900	0.00467	0.00582	0.02137	0.00743	0.00668
9	0.02332	0.69869	0.04571	0.01493	0.02239	0.03451	0.01493	0.02612	0.01772	0.02052	0.01213	0.01399	0.01119	0.00746	0.00560	0.00187	0.00933	0.00466	0.00373	0.01119
10	0.02769	0.02971	0.10875	0.02514	0.10396	0.20673	0.01964	0.13942	0.02472	0.09123	0.01747	0.01968	0.01334	0.00980	0.01061	0.00261	0.08893	0.00694	0.00573	0.04791
11	0.01278	0.00956	0.01325	0.01318	0.01413	0.01090	0.00964	0.01484	0.01383	0.01955	0.02579	0.09346	0.02683	0.23079	0.39864	0.01100	0.05817	0.01143	0.00507	0.00715
12	0.02599	0.02022	0.02699	0.02811	0.17348	0.02274	0.01909	0.23083	0.02624	0.09062	0.02096	0.02798	0.01738	0.01211	0.01362	0.00302	0.16503	0.05616	0.00664	0.01278
13	0.01626	0.00813	0.00813	0.00813	0.01016	0.00813	0.00610	0.02033	0.01829	0.03252	0.02846	0.03252	0.02236	0.01016	0.00610	0.00203	0.00407	0.00813	0.74187	0.00813
14	0.02252	0.01481	0.01806	0.01336	0.02041	0.01163	0.01074	0.02630	0.02023	0.17260	0.07095	0.02467	0.02066	0.00841	0.00731	0.00174	0.00649	0.00688	0.00684	0.51537
15	0.01628	0.01576	0.06817	0.01790	0.02061	0.01638	0.06368	0.02017	0.01571	0.02451	0.02010	0.02745	0.01746	0.02921	0.22541	0.00657	0.20220	0.00844	0.17489	0.00909
16	0.01188	0.00812	0.00975	0.01055	0.01074	0.00792	0.00639	0.01247	0.01426	0.01901	0.03556	0.30452	0.04191	0.43210	0.03135	0.00653	0.00712	0.01744	0.00639	0.00599
17	0.24899	0.01299	0.01349	0.01259	0.01579	0.01471	0.00974	0.05301	0.06296	0.03044	0.02172	0.02944	0.01909	0.10422	0.21858	0.00689	0.01207	0.00807	0.09628	0.00891

[dist]
# distance from previous block
# <min> <max>
5	7

[block]
# block no. 4 follows, 20 sequences, length 26
# corresponding to MSA columns:
# 125-150
name=unknown_E
#
# <colnr> <probs for GDERKNQSTAVLIFYWHMCP>
#	G	D	E	R	K	N	Q	S	T	A	V	L	I	F	Y	W	H	M	C	P
0	0.02148	0.02124	0.02334	0.01957	0.02360	0.17468	0.11962	0.06977	0.02132	0.02756	0.02517	0.07393	0.05091	0.01713	0.07579	0.00377	0.05072	0.00967	0.16099	0.00973
1	0.02836	0.03061	0.02915	0.03428	0.26729	0.30575	0.02070	0.12486	0.02545	0.02960	0.01584	0.01888	0.01283	0.00875	0.00831	0.00244	0.01263	0.00683	0.00511	0.01233
2	0.25392	0.08227	0.05662	0.01828	0.02354	0.29853	0.01520	0.03032	0.01997	0.05941	0.01402	0.01622	0.01122	0.00910	0.00849	0.00252	0.05944	0.00562	0.00495	0.01035
3	0.15066	0.02471	0.02878	0.03800	0.37076	0.15749	0.02116	0.05699	0.02108	0.03010	0.01527	0.01903	0.01256	0.00822	0.00792	0.00254	0.01085	0.00679	0.00476	0.01232
4	0.02098	0.03441	0.34187	0.03499	0.25873	0.05677	0.02822	0.06958	0.02093	0.02956	0.01619	0.01962	0.01236	0.00829	0.00842	0.00266	0.01188	0.00699	0.00433	0.01322
5	0.01958	0.02486	0.17847	0.02748	0.17671	0.01978	0.02090	0.03379	0.26963	0.03114	0.03075	0.03108	0.07562	0.01090	0.00880	0.00282	0.00901	0.00929	0.00640	0.01299
6	0.01251	0.00916	0.01307	0.01307	0.01430	0.01039	0.00972	0.01497	0.01374	0.01954	0.02423	0.03909	0.02390	0.19808	0.52908	0.01284	0.02022	0.01005	0.00480	0.00726
7	0.01690	0.01574	0.06601	0.01666	0.04406	0.01369	0.04050	0.12172	0.02379	0.03151	0.13876	0.05986	0.20229	0.06563	0.01253	0.00339	0.00752	0.10222	0.00757	0.00966
8	0.71322	0.01675	0.01325	0.01171	0.01718	0.01917	0.00964	0.02663	0.01544	0.07455	0.01345	0.01508	0.01016	0.00825	0.00560	0.00270	0.00679	0.00496	0.00571	0.00976
9	0.02177	0.09134	0.02105	0.01675	0.02056	0.22255	0.01311	0.07021	0.05505	0.02479	0.02911	0.07806	0.09327	0.02617	0.17173	0.00541	0.01390	0.00978	0.00573	0.00967
10	0.01268	0.00846	0.00951	0.00951	0.00951	0.00846	0.00529	0.01268	0.01268	0.01691	0.02748	0.05708	0.03171	0.69345	0.04440	0.00846	0.00846	0.01268	0.00529	0.00529
11	0.02161	0.02106	0.03051	0.13772	0.40077	0.06551	0.02341	0.03011	0.12613	0.02847	0.01943	0.02336	0.01556	0.00872	0.00864	0.00268	0.01032	0.00799	0.00507	0.01294
12	0.19990	0.01936	0.05070	0.02601	0.20630	0.06721	0.01643	0.05184	0.01886	0.03106	0.01796	0.02247	0.01479	0.01688	0.10286	0.00420	0.01104	0.00708	0.10421	0.01081
13	0.01647	0.01550	0.02616	0.67248	0.06008	0.01938	0.02422	0.02229	0.01744	0.02229	0.01550	0.02326	0.01163	0.00872	0.00872	0.00291	0.01163	0.00775	0.00388	0.00969
14	0.02210	0.03040	0.18044	0.02695	0.12125	0.17393	0.02208	0.02679	0.01867	0.02468	0.01494	0.01945	0.01243	0.01053	0.01397	0.00287	0.20467	0.00691	0.05589	0.01107
15	0.01105	0.00843	0.01016	0.01066	0.01247	0.00753	0.00764	0.01361	0.02026	0.02664	0.24321	0.28932	0.26226	0.02261	0.01059	0.00309	0.00455	0.01983	0.00856	0.00753
16	0.02152	0.22086	0.12368	0.02554	0.15502	0.02501	0.01960	0.03356	0.23008	0.02884	0.02173	0.02274	0.01712	0.00918	0.00778	0.00253	0.00923	0.00740	0.00565	0.01291
17	0.75506	0.01687	0.01282	0.01147	0.01687	0.01957	0.00945	0.02564	0.01484	0.03914	0.01215	0.01417	0.00945	0.00810	0.00540	0.00270	0.00675	0.00472	0.00540	0.00945
18	0.01260	0.00915	0.01276	0.01279	0.01416	0.00992	0.00960	0.01534	0.01597	0.02248	0.12795	0.04833	0.03583	0.17544	0.38669	0.01036	0.01620	0.05119	0.00585	0.00740
19	0.75506	0.01687	0.01282	0.01147	0.01687	0.01957	0.00945	0.02564	0.01484	0.03914	0.01215	0.01417	0.00945	0.00810	0.00540	0.00270	0.00675	0.00472	0.00540	0.00945
20	0.02013	0.02885	0.23003	0.04161	0.34632	0.02081	0.13075	0.02724	0.01954	0.02813	0.01639	0.02094	0.01285	0.00786	0.00882	0.00271	0.01192	0.00780	0.00414	0.01317
21	0.01031	0.00884	0.00884	0.00884	0.01178	0.00736	0.00663	0.01252	0.01988	0.02356	0.08837	0.08395	0.63549	0.02209	0.01031	0.00295	0.00442	0.01841	0.00810	0.00736
22	0.01345	0.01240	0.01754	0.01698	0.06219	0.01187	0.08136	0.01753	0.04959	0.02482	0.06363	0.12741	0.39173	0.01893	0.01123	0.00303	0.04408	0.01629	0.00718	0.00877
23	0.03169	0.02370	0.02535	0.01977	0.02649	0.02636	0.01622	0.53777	0.11558	0.05261	0.02281	0.02243	0.01634	0.01065	0.00875	0.00266	0.00925	0.00811	0.00875	0.01470
24	0.02456	0.11480	0.03611	0.03473	0.24381	0.20189	0.13500	0.02897	0.02102	0.02534	0.01523	0.01918	0.01260	0.00793	0.00825	0.00241	0.01242	0.00714	0.00435	0.04427
25	0.07643	0.17254	0.03587	0.02501	0.06060	0.13162	0.15803	0.05886	0.01988	0.02616	0.01424	0.01835	0.01195	0.00946	0.01197	0.00271	0.14373	0.00710	0.00446	0.01103

[dist]
# distance from previous block
# <min> <max>
0	1

[block]
# block no. 5 follows, 20 sequences, length 21
# corresponding to MSA columns:
# 152-172
name=unknown_F
#
# <colnr> <probs for GDERKNQSTAVLIFYWHMCP>
#	G	D	E	R	K	N	Q	S	T	A	V	L	I	F	Y	W	H	M	C	P
0	0.01359	0.00962	0.01214	0.01205	0.01307	0.01024	0.00827	0.05037	0.01543	0.02112	0.02854	0.13430	0.03092	0.34742	0.24496	0.00929	0.01309	0.01293	0.00568	0.00697
1	0.01633	0.01314	0.01525	0.01423	0.01714	0.01416	0.01087	0.07885	0.16780	0.03136	0.16040	0.17771	0.14038	0.02009	0.03775	0.00351	0.04782	0.01507	0.00824	0.00990
2	0.01246	0.00935	0.01402	0.01402	0.01558	0.01090	0.01090	0.01558	0.01402	0.02025	0.02336	0.03427	0.02181	0.06542	0.65888	0.01402	0.02336	0.00935	0.00467	0.00779
3	0.01865	0.02730	0.23437	0.15630	0.24140	0.01971	0.08102	0.02571	0.01929	0.02738	0.05252	0.02361	0.01648	0.00867	0.00879	0.00275	0.01146	0.00804	0.00435	0.01222
4	0.75506	0.01687	0.01282	0.01147	0.01687	0.01957	0.00945	0.02564	0.01484	0.03914	0.01215	0.01417	0.00945	0.00810	0.00540	0.00270	0.00675	0.00472	0.00540	0.00945
5	0.01395	0.01156	0.01713	0.05294	0.01949	0.01441	0.01322	0.01699	0.01409	0.02051	0.02064	0.03074	0.01925	0.05263	0.50161	0.01144	0.14778	0.00893	0.00446	0.00823
6	0.01050	0.00884	0.00910	0.00904	0.01190	0.00745	0.00678	0.01289	0.02034	0.02465	0.14027	0.08216	0.58291	0.02169	0.01031	0.00293	0.00439	0.01816	0.00824	0.00745
7	0.01847	0.01649	0.02215	0.17752	0.08695	0.05705	0.01735	0.08679	0.01902	0.02555	0.01882	0.02637	0.01620	0.03204	0.26942	0.00732	0.07950	0.00826	0.00481	0.00991
8	0.02687	0.11922	0.02914	0.14883	0.11385	0.37164	0.01932	0.03025	0.02179	0.02237	0.01408	0.01771	0.01165	0.00858	0.00783	0.00237	0.01341	0.00618	0.00425	0.01066
9	0.50671	0.01392	0.01170	0.01081	0.01466	0.01572	0.00837	0.02216	0.01473	0.03354	0.01627	0.02253	0.01416	0.08753	0.01255	0.07246	0.00667	0.00633	0.10090	0.00828
10	0.02162	0.03023	0.21405	0.04163	0.39373	0.09233	0.02726	0.02793	0.01998	0.02744	0.01586	0.02000	0.01271	0.00806	0.00845	0.00260	0.01171	0.00714	0.00415	0.01313
11	0.02111	0.02024	0.03455	0.11115	0.58515	0.02060	0.02653	0.02635	0.01964	0.02792	0.01632	0.02174	0.01361	0.00786	0.00864	0.00262	0.01048	0.00777	0.00428	0.01343
12	0.02440	0.04732	0.01983	0.01658	0.02014	0.19068	0.01275	0.16473	0.02339	0.02896	0.01817	0.02316	0.01527	0.02041	0.08096	0.18560	0.01162	0.00724	0.07949	0.00931
13	0.26550	0.01976	0.02970	0.03766	0.36528	0.02049	0.08632	0.02653	0.01827	0.03197	0.01513	0.01934	0.01230	0.00783	0.00775	0.00267	0.00965	0.00704	0.00469	0.01213
14	0.01787	0.01725	0.03043	0.25542	0.18520	0.01866	0.12710	0.02328	0.01962	0.02694	0.12456	0.03002	0.02484	0.01023	0.01043	0.00286	0.04979	0.00962	0.00508	0.01078
15	0.75506	0.01687	0.01282	0.01147	0.01687	0.01957	0.00945	0.02564	0.01484	0.03914	0.01215	0.01417	0.00945	0.00810	0.00540	0.00270	0.00675	0.00472	0.00540	0.00945
16	0.02547	0.02197	0.03231	0.04231	0.43373	0.02285	0.02335	0.22241	0.02696	0.03738	0.01793	0.02137	0.01416	0.00868	0.00867	0.00260	0.01011	0.00780	0.00580	0.01416
17	0.16312	0.01593	0.01566	0.01433	0.01775	0.07924	0.01129	0.10166	0.01958	0.03061	0.02060	0.02640	0.01746	0.03292	0.28103	0.00731	0.01463	0.00769	0.11344	0.00936
18	0.01535	0.01263	0.01366	0.01318	0.01641	0.01308	0.00989	0.05449	0.22094	0.02917	0.05754	0.20996	0.26087	0.01935	0.00995	0.00308	0.00567	0.01657	0.00839	0.00982
19	0.01218	0.00830	0.00986	0.01025	0.01057	0.00812	0.00621	0.01292	0.01474	0.01985	0.08989	0.20207	0.04246	0.47690	0.03355	0.00679	0.00727	0.01575	0.00634	0.00598
20	0.01712	0.01278	0.01549	0.12936	0.04699	0.05113	0.01128	0.01908	0.01651	0.07921	0.03000	0.11133	0.05905	0.33428	0.02582	0.00552	0.00888	0.01236	0.00591	0.00791

[dist]
# distance from previous block
# <min> <max>
0	24

[block]
# block no. 6 follows, 20 sequences, length 23
# corresponding to MSA columns:
# 197-219
name=unknown_G
#
# <colnr> <probs for GDERKNQSTAVLIFYWHMCP>
#	G	D	E	R	K	N	Q	S	T	A	V	L	I	F	Y	W	H	M	C	P
0	0.11350	0.01968	0.02241	0.06183	0.02606	0.04910	0.05281	0.24127	0.08343	0.06794	0.08517	0.03304	0.05222	0.01192	0.00881	0.00279	0.00879	0.03960	0.00766	0.01198
1	0.02358	0.02367	0.06679	0.02857	0.20556	0.11941	0.01870	0.16704	0.02645	0.03472	0.13762	0.05820	0.02863	0.01146	0.00894	0.00263	0.00975	0.00966	0.00656	0.01204
2	0.01130	0.00835	0.01063	0.01166	0.01309	0.00768	0.00842	0.01378	0.01946	0.02586	0.19395	0.38130	0.16284	0.02387	0.01087	0.00329	0.00500	0.07273	0.00845	0.00749
3	0.01188	0.01004	0.01130	0.05466	0.01645	0.00937	0.00915	0.01592	0.05674	0.02458	0.07511	0.07849	0.48515	0.02081	0.01033	0.00307	0.00549	0.08560	0.00786	0.00800
4	0.01246	0.00935	0.01402	0.01402	0.01558	0.01090	0.01090	0.01558	0.01402	0.02025	0.02336	0.03427	0.02181	0.06542	0.65888	0.01402	0.02336	0.00935	0.00467	0.00779
5	0.02340	0.02567	0.06675	0.03270	0.27658	0.18174	0.02000	0.05926	0.04986	0.02839	0.02335	0.02613	0.06196	0.00976	0.00833	0.00251	0.01066	0.00808	0.07300	0.01185
6	0.75506	0.01687	0.01282	0.01147	0.01687	0.01957	0.00945	0.02564	0.01484	0.03914	0.01215	0.01417	0.00945	0.00810	0.00540	0.00270	0.00675	0.00472	0.00540	0.00945
7	0.08629	0.07442	0.11660	0.01624	0.02147	0.01721	0.01530	0.12285	0.02156	0.03056	0.03120	0.04592	0.08291	0.06478	0.09045	0.00468	0.01059	0.13057	0.00630	0.01009
8	0.01515	0.00758	0.01136	0.01136	0.01136	0.00758	0.00758	0.01136	0.01136	0.01515	0.01515	0.02652	0.01515	0.03030	0.03409	0.74621	0.00758	0.00758	0.00379	0.00379
9	0.01919	0.01795	0.02986	0.12469	0.45351	0.01828	0.02306	0.02418	0.02019	0.02833	0.10116	0.03045	0.05151	0.00989	0.00894	0.00267	0.00942	0.00932	0.00513	0.01225
10	0.16347	0.03390	0.02271	0.09860	0.02909	0.46414	0.01638	0.03163	0.02203	0.02473	0.01348	0.01635	0.01095	0.00879	0.00751	0.00241	0.01359	0.00571	0.00459	0.00994
11	0.03034	0.20111	0.02982	0.02064	0.02585	0.50695	0.01639	0.03272	0.02302	0.02115	0.01315	0.01531	0.01123	0.00862	0.00731	0.00215	0.01418	0.00539	0.00431	0.01037
12	0.02150	0.02098	0.03689	0.05200	0.58437	0.02085	0.08025	0.02688	0.01993	0.02845	0.01652	0.02177	0.01376	0.00773	0.00879	0.00262	0.01076	0.00800	0.00433	0.01363
13	0.01647	0.01550	0.02616	0.67248	0.06008	0.01938	0.02422	0.02229	0.01744	0.02229	0.01550	0.02326	0.01163	0.00872	0.00872	0.00291	0.01163	0.00775	0.00388	0.00969
14	0.02740	0.16026	0.02847	0.02067	0.02478	0.39572	0.01656	0.02974	0.02084	0.02107	0.01340	0.01698	0.01183	0.01281	0.04583	0.00308	0.13023	0.00599	0.00424	0.01009
15	0.69896	0.01716	0.01455	0.01469	0.06446	0.01966	0.01077	0.02573	0.01523	0.03832	0.01247	0.01474	0.00978	0.00807	0.00565	0.00269	0.00702	0.00496	0.00532	0.00978
16	0.01394	0.01130	0.01811	0.11164	0.02367	0.01322	0.04337	0.01716	0.01465	0.02064	0.02085	0.03091	0.01898	0.04960	0.46141	0.05896	0.05010	0.00897	0.00445	0.00809
17	0.75506	0.01687	0.01282	0.01147	0.01687	0.01957	0.00945	0.02564	0.01484	0.03914	0.01215	0.01417	0.00945	0.00810	0.00540	0.00270	0.00675	0.00472	0.00540	0.00945
18	0.01645	0.01410	0.01846	0.01943	0.10044	0.01446	0.03680	0.02684	0.20731	0.03237	0.25039	0.05078	0.14648	0.01493	0.00964	0.00283	0.00629	0.01311	0.00821	0.01069
19	0.01075	0.00794	0.01011	0.01178	0.01279	0.00729	0.00816	0.01253	0.01744	0.02270	0.05500	0.55112	0.15797	0.02624	0.01104	0.00346	0.00511	0.05331	0.00809	0.00718
20	0.02072	0.01822	0.02737	0.10112	0.33498	0.01915	0.02061	0.10035	0.07719	0.03068	0.02338	0.11393	0.02155	0.03939	0.01048	0.00303	0.00928	0.01047	0.00581	0.01227
21	0.01091	0.00808	0.00983	0.01095	0.01208	0.00739	0.00741	0.01257	0.01747	0.02271	0.09130	0.42619	0.19631	0.10659	0.01493	0.00395	0.00526	0.02122	0.00785	0.00700
22	0.01979	0.07846	0.02352	0.17742	0.06750	0.01902	0.01634	0.16281	0.02312	0.03091	0.06214	0.10730	0.02448	0.02171	0.12210	0.00472	0.01160	0.01037	0.00609	0.01059

[dist]
# distance from previous block
# <min> <max>
1	32

[block]
# block no. 7 follows, 20 sequences, length 24
# corresponding to MSA columns:
# 252-275
name=unknown_H
#
# <colnr> <probs for GDERKNQSTAVLIFYWHMCP>
#	G	D	E	R	K	N	Q	S	T	A	V	L	I	F	Y	W	H	M	C	P
0	0.07387	0.05824	0.08565	0.07465	0.12407	0.17410	0.12301	0.02761	0.01963	0.02594	0.01538	0.01979	0.01245	0.00904	0.01036	0.00268	0.08356	0.00723	0.04173	0.01102
1	0.05305	0.01814	0.05222	0.07500	0.26657	0.01645	0.01842	0.02483	0.04357	0.02951	0.05573	0.02419	0.01846	0.00848	0.00782	0.00226	0.00836	0.00747	0.05786	0.21161
2	0.02325	0.02169	0.02933	0.06954	0.32993	0.07503	0.02161	0.12194	0.05776	0.03117	0.01815	0.02252	0.01485	0.01364	0.06085	0.00358	0.05934	0.00784	0.00528	0.01268
3	0.01629	0.01535	0.01827	0.02248	0.16586	0.08569	0.01351	0.01969	0.02104	0.02727	0.20225	0.13418	0.15729	0.01870	0.04021	0.00332	0.00805	0.01408	0.00702	0.00946
4	0.01434	0.01230	0.01776	0.05320	0.15548	0.01208	0.01346	0.01779	0.01834	0.02487	0.08306	0.10292	0.19160	0.02724	0.15858	0.00533	0.01063	0.01287	0.00616	0.06199
5	0.01439	0.01186	0.01404	0.06293	0.01937	0.01240	0.01119	0.02296	0.18063	0.02697	0.05392	0.20615	0.21581	0.01980	0.01022	0.00322	0.00625	0.09062	0.00798	0.00929
6	0.01246	0.00935	0.01402	0.01402	0.01558	0.01090	0.01090	0.01558	0.01402	0.02025	0.02336	0.03427	0.02181	0.06542	0.65888	0.01402	0.02336	0.00935	0.00467	0.00779
7	0.02072	0.02976	0.24272	0.03649	0.30494	0.05069	0.02610	0.03059	0.11648	0.02915	0.01908	0.02198	0.01480	0.00866	0.00852	0.00269	0.01093	0.00755	0.00484	0.01332
8	0.75506	0.01687	0.01282	0.01147	0.01687	0.01957	0.00945	0.02564	0.01484	0.03914	0.01215	0.01417	0.00945	0.00810	0.00540	0.00270	0.00675	0.00472	0.00540	0.00945
9	0.01422	0.00823	0.01187	0.01187	0.01250	0.00873	0.00839	0.01341	0.01277	0.01809	0.01945	0.03129	0.01879	0.08108	0.23135	0.41611	0.01240	0.00849	0.05549	0.00545
10	0.01459	0.00778	0.01094	0.01094	0.01094	0.00778	0.00705	0.01167	0.01167	0.01556	0.01798	0.03353	0.01895	0.18257	0.03646	0.57681	0.00778	0.00875	0.00413	0.00413
11	0.01973	0.01866	0.03155	0.19484	0.45919	0.01952	0.02485	0.02499	0.01964	0.02751	0.06045	0.02510	0.01821	0.00871	0.00877	0.00268	0.01021	0.00834	0.00459	0.01245
12	0.02577	0.03105	0.03316	0.07192	0.03477	0.34497	0.21957	0.03009	0.02196	0.02359	0.01582	0.02038	0.01278	0.01282	0.05963	0.00345	0.01569	0.00766	0.00444	0.01047
13	0.02949	0.26108	0.03173	0.01995	0.02544	0.45001	0.01621	0.03192	0.02238	0.02107	0.01303	0.01515	0.01122	0.00848	0.00711	0.00212	0.01359	0.00530	0.00424	0.01047
14	0.06289	0.02786	0.20650	0.03935	0.30105	0.02084	0.16058	0.02721	0.01934	0.02875	0.01624	0.02073	0.01267	0.00784	0.00873	0.00272	0.01185	0.00781	0.00423	0.01284
15	0.01647	0.01550	0.02616	0.67248	0.06008	0.01938	0.02422	0.02229	0.01744	0.02229	0.01550	0.02326	0.01163	0.00872	0.00872	0.00291	0.01163	0.00775	0.00388	0.00969
16	0.01846	0.06005	0.02373	0.01958	0.02093	0.07796	0.01606	0.02083	0.01484	0.02076	0.01541	0.02324	0.01466	0.02996	0.22309	0.00676	0.37258	0.00781	0.00414	0.00914
17	0.01253	0.00839	0.00956	0.00971	0.00975	0.00835	0.00550	0.01264	0.01299	0.01732	0.02904	0.10459	0.03367	0.64327	0.04189	0.00809	0.00820	0.01360	0.00550	0.00542
18	0.01246	0.00935	0.01402	0.01402	0.01558	0.01090	0.01090	0.01558	0.01402	0.02025	0.02336	0.03427	0.02181	0.06542	0.65888	0.01402	0.02336	0.00935	0.00467	0.00779
19	0.75506	0.01687	0.01282	0.01147	0.01687	0.01957	0.00945	0.02564	0.01484	0.03914	0.01215	0.01417	0.00945	0.00810	0.00540	0.00270	0.00675	0.00472	0.00540	0.00945
20	0.01093	0.00886	0.00970	0.00949	0.01216	0.00763	0.00712	0.01372	0.02135	0.02704	0.25482	0.07822	0.46687	0.02079	0.01030	0.00288	0.00433	0.01761	0.00856	0.00763
21	0.02059	0.02353	0.05147	0.03676	0.04559	0.02206	0.60735	0.02794	0.02059	0.02794	0.01765	0.02353	0.01324	0.00735	0.01029	0.00294	0.01471	0.01029	0.00441	0.01176
22	0.01840	0.01814	0.01951	0.14547	0.02671	0.14832	0.01499	0.02096	0.01653	0.02032	0.01812	0.02774	0.01671	0.08333	0.22968	0.06296	0.09121	0.00819	0.00436	0.00835
23	0.01248	0.00928	0.01367	0.01367	0.01510	0.01071	0.01046	0.01535	0.01391	0.01999	0.02369	0.03605	0.02258	0.11450	0.61086	0.01358	0.02220	0.00961	0.00472	0.00759

[dist]
# distance from previous block
# <min> <max>
0	2

[block]
# block no. 8 follows, 20 sequences, length 25
# corresponding to MSA columns:
# 278-302
name=unknown_I
#
# <colnr> <probs for GDERKNQSTAVLIFYWHMCP>
#	G	D	E	R	K	N	Q	S	T	A	V	L	I	F	Y	W	H	M	C	P
0	0.02780	0.21694	0.02835	0.01778	0.02325	0.25951	0.01464	0.06189	0.05965	0.10002	0.08904	0.02391	0.02179	0.01005	0.00772	0.00231	0.01074	0.00727	0.00611	0.01123
1	0.09002	0.03681	0.02351	0.02097	0.02582	0.53010	0.01595	0.06091	0.02470	0.07184	0.01531	0.01691	0.01205	0.00912	0.00778	0.00233	0.01411	0.00589	0.00524	0.01064
2	0.03112	0.01805	0.02046	0.01610	0.02192	0.01875	0.01317	0.31564	0.03134	0.21956	0.02649	0.02603	0.01845	0.01050	0.00815	0.00251	0.00774	0.00818	0.17250	0.01335
3	0.01486	0.01095	0.01535	0.01724	0.09880	0.01058	0.01126	0.01853	0.02103	0.06576	0.29159	0.05437	0.15884	0.02637	0.14008	0.00502	0.00908	0.01346	0.00769	0.00914
4	0.01246	0.00935	0.01402	0.01402	0.01558	0.01090	0.01090	0.01558	0.01402	0.02025	0.02336	0.03427	0.02181	0.06542	0.65888	0.01402	0.02336	0.00935	0.00467	0.00779
5	0.01409	0.01011	0.01029	0.01025	0.01229	0.04003	0.00748	0.01704	0.01912	0.02742	0.13669	0.10754	0.17525	0.07373	0.05059	0.00373	0.00633	0.01343	0.25686	0.00773
6	0.75506	0.01687	0.01282	0.01147	0.01687	0.01957	0.00945	0.02564	0.01484	0.03914	0.01215	0.01417	0.00945	0.00810	0.00540	0.00270	0.00675	0.00472	0.00540	0.00945
7	0.01267	0.00853	0.00988	0.00988	0.01000	0.00865	0.00574	0.01292	0.01279	0.01718	0.02715	0.05525	0.03092	0.64299	0.09376	0.00890	0.00965	0.01242	0.00524	0.00549
8	0.01515	0.00758	0.01136	0.01136	0.01136	0.00758	0.00758	0.01136	0.01136	0.01515	0.01515	0.02652	0.01515	0.03030	0.03409	0.74621	0.00758	0.00758	0.00379	0.00379
9	0.02520	0.02360	0.12642	0.03668	0.33837	0.04826	0.02322	0.03053	0.02108	0.17292	0.02194	0.02673	0.01699	0.00947	0.00875	0.00270	0.01020	0.03758	0.00594	0.01344
10	0.07170	0.02325	0.08908	0.19619	0.30374	0.08166	0.02380	0.02727	0.01952	0.05905	0.01648	0.02105	0.01287	0.00835	0.00834	0.00267	0.01104	0.00728	0.00458	0.01210
11	0.03189	0.09104	0.02630	0.02190	0.02662	0.61146	0.01671	0.03418	0.02419	0.02129	0.01338	0.01560	0.01123	0.00887	0.00769	0.00222	0.01525	0.00555	0.00444	0.01019
12	0.02145	0.02124	0.03462	0.12551	0.50960	0.05102	0.05608	0.02668	0.01984	0.02738	0.01622	0.02161	0.01340	0.00792	0.00870	0.00263	0.01100	0.00780	0.00428	0.01304
13	0.02086	0.01998	0.03408	0.14215	0.55615	0.02053	0.02641	0.02613	0.01952	0.02761	0.01628	0.02183	0.01350	0.00791	0.00865	0.00264	0.01054	0.00777	0.00425	0.01323
14	0.01791	0.01025	0.01224	0.01136	0.01305	0.01062	0.00818	0.10021	0.01807	0.02689	0.02149	0.03021	0.01888	0.07390	0.02178	0.32783	0.00674	0.00821	0.25521	0.00696
15	0.59181	0.01773	0.01785	0.02083	0.15535	0.01983	0.01330	0.02589	0.01596	0.03677	0.01309	0.01582	0.01042	0.00802	0.00612	0.00267	0.00755	0.00540	0.00516	0.01042
16	0.01232	0.00877	0.01173	0.01198	0.01279	0.00945	0.00831	0.01399	0.01382	0.01917	0.02809	0.12471	0.03024	0.31206	0.33233	0.01049	0.01512	0.01260	0.00534	0.00670
17	0.75506	0.01687	0.01282	0.01147	0.01687	0.01957	0.00945	0.02564	0.01484	0.03914	0.01215	0.01417	0.00945	0.00810	0.00540	0.00270	0.00675	0.00472	0.00540	0.00945
18	0.02058	0.02246	0.09369	0.12505	0.51127	0.02052	0.02699	0.02631	0.01943	0.02767	0.01623	0.02148	0.01329	0.00794	0.00861	0.00265	0.01076	0.00764	0.00420	0.01323
19	0.01304	0.00971	0.01264	0.01410	0.01636	0.00931	0.01204	0.01656	0.02003	0.02541	0.05765	0.09447	0.20923	0.02355	0.01158	0.00373	0.00705	0.42764	0.00805	0.00785
20	0.01451	0.01051	0.01180	0.01132	0.01374	0.01054	0.00831	0.02046	0.13942	0.02670	0.12547	0.05372	0.22762	0.06006	0.01588	0.13641	0.00565	0.01295	0.08683	0.00809
21	0.01515	0.00758	0.01136	0.01136	0.01136	0.00758	0.00758	0.01136	0.01136	0.01515	0.01515	0.02652	0.01515	0.03030	0.03409	0.74621	0.00758	0.00758	0.00379	0.00379
22	0.01213	0.00885	0.01098	0.01098	0.01212	0.00911	0.00755	0.01368	0.01460	0.01943	0.03823	0.05437	0.14931	0.33579	0.25573	0.00933	0.01294	0.01265	0.00563	0.00659
23	0.02044	0.01457	0.05208	0.05893	0.09230	0.01316	0.03839	0.02441	0.01972	0.16942	0.12020	0.03863	0.05729	0.07864	0.15665	0.00571	0.01158	0.01048	0.00690	0.01051
24	0.02497	0.08157	0.03234	0.07279	0.36383	0.22542	0.02252	0.02906	0.02112	0.02525	0.01508	0.01919	0.01267	0.00819	0.00815	0.00244	0.01206	0.00683	0.00430	0.01221

[dist]
# distance from previous block
# <min> <max>
7	52

[block]
# block no. 9 follows, 20 sequences, length 32
# corresponding to MSA columns:
# 358-389
name=unknown_J
#
# <colnr> <probs for GDERKNQSTAVLIFYWHMCP>
#	G	D	E	R	K	N	Q	S	T	A	V	L	I	F	Y	W	H	M	C	P
0	0.02157	0.02345	0.10120	0.09062	0.25256	0.07761	0.02151	0.03109	0.15288	0.05340	0.02321	0.07204	0.01938	0.01047	0.00877	0.00276	0.01000	0.00915	0.00576	0.01255
1	0.04946	0.01502	0.02057	0.02366	0.18223	0.01454	0.01453	0.05224	0.04711	0.11179	0.09172	0.05958	0.02630	0.01332	0.03853	0.00297	0.00793	0.00931	0.10693	0.11224
2	0.02288	0.06683	0.02825	0.08146	0.32863	0.01864	0.01961	0.05389	0.02040	0.10833	0.02069	0.02633	0.01690	0.06911	0.01136	0.00304	0.00921	0.00815	0.07406	0.01222
3	0.02173	0.02095	0.02650	0.08159	0.31350	0.11365	0.01940	0.07010	0.02043	0.02640	0.01879	0.02889	0.01743	0.16473	0.01670	0.00390	0.01076	0.00858	0.00488	0.01109
4	0.01581	0.01361	0.02052	0.07761	0.24338	0.01357	0.01531	0.01922	0.01891	0.02581	0.14150	0.04698	0.12256	0.16829	0.01735	0.00403	0.00801	0.01192	0.00602	0.00958
5	0.01116	0.00877	0.01008	0.00996	0.01236	0.00769	0.00739	0.01409	0.02158	0.02809	0.30670	0.12361	0.36587	0.02077	0.01037	0.00291	0.00435	0.01784	0.00871	0.00769
6	0.01834	0.02407	0.14567	0.02792	0.03427	0.02084	0.28083	0.02418	0.01776	0.02528	0.01854	0.07078	0.01635	0.01533	0.06498	0.00402	0.16563	0.00999	0.00444	0.01081
7	0.03173	0.03601	0.02520	0.02196	0.02669	0.46803	0.01695	0.16508	0.02761	0.02900	0.01504	0.01717	0.01207	0.00979	0.00958	0.00245	0.06283	0.00628	0.00541	0.01115
8	0.01461	0.01321	0.05860	0.01259	0.01629	0.01102	0.01051	0.02149	0.11302	0.05809	0.26413	0.09370	0.24356	0.01778	0.00991	0.00288	0.00547	0.01520	0.00855	0.00938
9	0.01246	0.00935	0.01402	0.01402	0.01558	0.01090	0.01090	0.01558	0.01402	0.02025	0.02336	0.03427	0.02181	0.06542	0.65888	0.01402	0.02336	0.00935	0.00467	0.00779
10	0.01160	0.00884	0.01070	0.01058	0.01281	0.00793	0.00794	0.01487	0.02224	0.02975	0.37886	0.12171	0.26469	0.02029	0.01044	0.00293	0.00447	0.04260	0.00891	0.00784
11	0.75506	0.01687	0.01282	0.01147	0.01687	0.01957	0.00945	0.02564	0.01484	0.03914	0.01215	0.01417	0.00945	0.00810	0.00540	0.00270	0.00675	0.00472	0.00540	0.00945
12	0.01820	0.04019	0.51205	0.02758	0.03954	0.02067	0.16349	0.02770	0.01891	0.02770	0.01611	0.01958	0.01155	0.00807	0.00875	0.00280	0.01331	0.00732	0.00385	0.01263
13	0.01515	0.00758	0.01136	0.01136	0.01136	0.00758	0.00758	0.01136	0.01136	0.01515	0.01515	0.02652	0.01515	0.03030	0.03409	0.74621	0.00758	0.00758	0.00379	0.00379
14	0.02038	0.02141	0.06609	0.04449	0.41174	0.01989	0.15682	0.02617	0.01998	0.02808	0.01975	0.02986	0.01734	0.00940	0.00935	0.00283	0.01122	0.06781	0.00469	0.01271
15	0.03258	0.04157	0.02472	0.02247	0.02697	0.65843	0.01685	0.03483	0.02472	0.02135	0.01348	0.01573	0.01124	0.00899	0.00787	0.00225	0.01573	0.00562	0.00449	0.01011
16	0.02332	0.69869	0.04571	0.01493	0.02239	0.03451	0.01493	0.02612	0.01772	0.02052	0.01213	0.01399	0.01119	0.00746	0.00560	0.00187	0.00933	0.00466	0.00373	0.01119
17	0.02251	0.03283	0.26111	0.03590	0.28225	0.10379	0.02662	0.07942	0.02181	0.02957	0.01615	0.01959	0.01254	0.00836	0.00841	0.00261	0.01193	0.00701	0.00449	0.01308
18	0.01497	0.01827	0.13521	0.06735	0.02697	0.01363	0.10469	0.01991	0.01850	0.02488	0.03496	0.16325	0.06247	0.07045	0.01315	0.00376	0.00954	0.18264	0.00619	0.00919
19	0.02166	0.02992	0.16814	0.02326	0.02718	0.16271	0.02160	0.02552	0.01699	0.02258	0.01285	0.01820	0.01131	0.01231	0.01947	0.00323	0.38180	0.00692	0.00393	0.01043
20	0.75506	0.01687	0.01282	0.01147	0.01687	0.01957	0.00945	0.02564	0.01484	0.03914	0.01215	0.01417	0.00945	0.00810	0.00540	0.00270	0.00675	0.00472	0.00540	0.00945
21	0.01195	0.00892	0.01224	0.01252	0.01392	0.00960	0.00925	0.01434	0.01499	0.02054	0.03576	0.13495	0.10764	0.13322	0.40717	0.01042	0.01648	0.01310	0.00567	0.00732
22	0.75506	0.01687	0.01282	0.01147	0.01687	0.01957	0.00945	0.02564	0.01484	0.03914	0.01215	0.01417	0.00945	0.00810	0.00540	0.00270	0.00675	0.00472	0.00540	0.00945
23	0.02048	0.01815	0.02216	0.02499	0.16221	0.01997	0.01601	0.03834	0.42237	0.03331	0.03668	0.03543	0.08747	0.01198	0.00897	0.00287	0.00743	0.01028	0.00775	0.01313
24	0.01251	0.00914	0.01299	0.01299	0.01419	0.01034	0.00962	0.01492	0.01371	0.01949	0.02430	0.03947	0.02407	0.20876	0.51863	0.01275	0.01996	0.01011	0.00481	0.00722
25	0.01189	0.00863	0.00953	0.00953	0.01058	0.00823	0.00602	0.01278	0.01512	0.01927	0.04726	0.06470	0.22944	0.43995	0.06555	0.00694	0.00792	0.01439	0.00618	0.00610
26	0.01515	0.00758	0.01136	0.01136	0.01136	0.00758	0.00758	0.01136	0.01136	0.01515	0.01515	0.02652	0.01515	0.03030	0.03409	0.74621	0.00758	0.00758	0.00379	0.00379
27	0.01258	0.00841	0.00955	0.00965	0.00968	0.00839	0.00543	0.01266	0.01289	0.01719	0.02855	0.08979	0.03306	0.65890	0.04267	0.00820	0.00828	0.01331	0.00543	0.00538
28	0.01908	0.01888	0.07178	0.06806	0.32973	0.01730	0.02043	0.06560	0.02170	0.03059	0.15706	0.03401	0.03044	0.06402	0.01179	0.00312	0.00900	0.00987	0.00584	0.01168
29	0.02030	0.01925	0.03191	0.20840	0.44689	0.02045	0.02518	0.02705	0.06315	0.02750	0.01757	0.02281	0.01419	0.00831	0.00867	0.00270	0.01043	0.00792	0.00454	0.01277
30	0.07351	0.02084	0.07502	0.18193	0.27932	0.02123	0.04882	0.02590	0.04602	0.02712	0.01609	0.02144	0.01304	0.00925	0.01123	0.00288	0.10252	0.00763	0.00440	0.01182
31	0.08244	0.01916	0.07131	0.06650	0.29016	0.01830	0.02052	0.02670	0.04538	0.08764	0.01959	0.02425	0.01579	0.01889	0.12454	0.00473	0.03898	0.00788	0.00522	0.01203

[dist]
# distance from previous block
# <min> <max>
3	40

[block]
# block no. 10 follows, 20 sequences, length 84
# corresponding to MSA columns:
# 430-513
name=unknown_K
#
# <colnr> <probs for GDERKNQSTAVLIFYWHMCP>
#	G	D	E	R	K	N	Q	S	T	A	V	L	I	F	Y	W	H	M	C	P
0	0.08643	0.06707	0.06159	0.02592	0.16910	0.22092	0.01744	0.05792	0.02189	0.02712	0.02853	0.03009	0.12871	0.01102	0.00823	0.00253	0.01068	0.00856	0.00534	0.01090
1	0.08046	0.01349	0.01398	0.01270	0.01680	0.01388	0.00988	0.05094	0.20013	0.06797	0.09023	0.05573	0.30727	0.01644	0.00930	0.00289	0.00574	0.01353	0.00837	0.01027
2	0.01459	0.01236	0.01346	0.01209	0.01618	0.01179	0.00932	0.02264	0.16486	0.02792	0.08982	0.05660	0.31799	0.01939	0.04822	0.00333	0.00648	0.01346	0.00768	0.13182
3	0.01489	0.05316	0.01874	0.01589	0.01720	0.01621	0.01264	0.01730	0.01391	0.02007	0.02003	0.03174	0.01961	0.12310	0.38032	0.00993	0.19364	0.00901	0.00446	0.00816
4	0.02012	0.02478	0.12363	0.03676	0.20171	0.02244	0.24450	0.02610	0.01855	0.02657	0.01571	0.02135	0.01271	0.00928	0.01348	0.00301	0.15464	0.00851	0.00416	0.01201
5	0.07542	0.03710	0.02390	0.02132	0.02615	0.52054	0.01622	0.09587	0.05651	0.02676	0.01532	0.01705	0.01230	0.00924	0.00786	0.00235	0.01409	0.00602	0.00522	0.01076
6	0.14174	0.10754	0.36073	0.01984	0.02976	0.02034	0.02298	0.02992	0.01899	0.14426	0.01820	0.01935	0.01278	0.00863	0.00761	0.00264	0.01048	0.00640	0.00530	0.01251
7	0.11106	0.07704	0.02399	0.08723	0.06299	0.20271	0.01574	0.13118	0.05935	0.03032	0.01781	0.02269	0.01492	0.06993	0.03454	0.00343	0.01148	0.00718	0.00555	0.01085
8	0.01275	0.00925	0.01356	0.01356	0.01516	0.01069	0.01053	0.01594	0.01435	0.02120	0.02376	0.03413	0.02185	0.06116	0.60852	0.01309	0.02188	0.00925	0.06154	0.00781
9	0.02426	0.63177	0.04357	0.01569	0.02285	0.09806	0.01512	0.02701	0.01844	0.02061	0.01226	0.01417	0.01120	0.00762	0.00583	0.00190	0.00998	0.00476	0.00381	0.01108
10	0.02400	0.02168	0.03439	0.04541	0.47330	0.02215	0.05904	0.15123	0.02442	0.03411	0.01745	0.02157	0.01400	0.00832	0.00875	0.00262	0.01046	0.00794	0.00526	0.01391
11	0.01246	0.00935	0.01402	0.01402	0.01558	0.01090	0.01090	0.01558	0.01402	0.02025	0.02336	0.03427	0.02181	0.06542	0.65888	0.01402	0.02336	0.00935	0.00467	0.00779
12	0.01975	0.02983	0.32838	0.01975	0.02807	0.01781	0.02167	0.13609	0.02321	0.05831	0.07738	0.10171	0.04768	0.03873	0.01035	0.00304	0.00992	0.01034	0.00618	0.01180
13	0.75506	0.01687	0.01282	0.01147	0.01687	0.01957	0.00945	0.02564	0.01484	0.03914	0.01215	0.01417	0.00945	0.00810	0.00540	0.00270	0.00675	0.00472	0.00540	0.00945
14	0.01247	0.00931	0.01383	0.01383	0.01533	0.01080	0.01067	0.01546	0.01396	0.02011	0.02353	0.03520	0.02221	0.09115	0.63370	0.01379	0.02275	0.00948	0.00470	0.00769
