[name]
unknown

[dist]
# distance from previous block
# <min> <max>
0	3

[block]
# block no. 0 follows, 22 sequences, length 104
# corresponding to MSA columns:
# 3-106
name=unknown_A
#
# <colnr> <probs for GDERKNQSTAVLIFYWHMCP>
#	G	D	E	R	K	N	Q	S	T	A	V	L	I	F	Y	W	H	M	C	P
0	0.01591	0.01005	0.01401	0.01524	0.01763	0.00984	0.01326	0.01967	0.01962	0.09213	0.04280	0.08680	0.04493	0.02161	0.01115	0.00369	0.00759	0.53780	0.00793	0.00833
1	0.02056	0.01974	0.03372	0.05099	0.65622	0.01974	0.02550	0.02550	0.01892	0.02714	0.01563	0.02056	0.01316	0.00740	0.00822	0.00247	0.00987	0.00740	0.00411	0.01316
2	0.01707	0.01034	0.01325	0.01180	0.01480	0.00978	0.00909	0.02265	0.07980	0.14440	0.48631	0.05327	0.06335	0.01528	0.00942	0.00262	0.00472	0.01333	0.00928	0.00943
3	0.01592	0.01500	0.02533	0.65792	0.08557	0.01852	0.02319	0.02143	0.01672	0.02151	0.01481	0.02207	0.01117	0.00826	0.00830	0.00275	0.01102	0.00738	0.00371	0.00941
4	0.01900	0.01815	0.03090	0.25500	0.46441	0.01933	0.02472	0.02413	0.01818	0.02525	0.01535	0.02107	0.01249	0.00769	0.00825	0.00256	0.01026	0.00740	0.00398	0.01190
5	0.02066	0.01785	0.01878	0.01691	0.02160	0.02066	0.01315	0.04414	0.64121	0.03475	0.03381	0.03099	0.02536	0.01127	0.00845	0.00282	0.00657	0.00939	0.00845	0.01315
6	0.01204	0.00824	0.00998	0.00998	0.01030	0.00855	0.00618	0.01267	0.01235	0.01679	0.02533	0.04970	0.02818	0.56945	0.17811	0.00919	0.01110	0.01140	0.00491	0.00555
7	0.01854	0.00999	0.01328	0.01160	0.01475	0.00900	0.00900	0.02227	0.02359	0.20033	0.48738	0.05308	0.06302	0.01520	0.00941	0.00260	0.00476	0.01325	0.00945	0.00951
8	0.01012	0.00723	0.00964	0.01157	0.01205	0.00675	0.00771	0.01157	0.01591	0.02121	0.04579	0.70262	0.05495	0.02603	0.01060	0.00337	0.00482	0.02362	0.00771	0.00675
9	0.01075	0.00845	0.00971	0.00940	0.01179	0.00741	0.00705	0.01373	0.02114	0.02768	0.35787	0.07132	0.37586	0.01908	0.00981	0.00271	0.00407	0.01632	0.00840	0.00741
10	0.01036	0.00844	0.00916	0.00898	0.01155	0.00724	0.00674	0.01297	0.02021	0.02546	0.24187	0.07498	0.49325	0.01991	0.00981	0.00275	0.00413	0.01684	0.00811	0.00724
11	0.76672	0.01607	0.01221	0.01092	0.01607	0.01864	0.00900	0.02442	0.01414	0.03727	0.01157	0.01350	0.00900	0.00771	0.00514	0.00257	0.00643	0.00450	0.00514	0.00900
12	0.76672	0.01607	0.01221	0.01092	0.01607	0.01864	0.00900	0.02442	0.01414	0.03727	0.01157	0.01350	0.00900	0.00771	0.00514	0.00257	0.00643	0.00450	0.00514	0.00900
13	0.76672	0.01607	0.01221	0.01092	0.01607	0.01864	0.00900	0.02442	0.01414	0.03727	0.01157	0.01350	0.00900	0.00771	0.00514	0.00257	0.00643	0.00450	0.00514	0.00900
14	0.01723	0.01477	0.01723	0.01230	0.01969	0.01107	0.00984	0.02092	0.01723	0.02707	0.01477	0.01723	0.01230	0.00615	0.00615	0.00123	0.00615	0.00492	0.00492	0.75883
15	0.02066	0.01785	0.01878	0.01691	0.02160	0.02066	0.01315	0.04414	0.64121	0.03475	0.03381	0.03099	0.02536	0.01127	0.00845	0.00282	0.00657	0.00939	0.00845	0.01315
16	0.76672	0.01607	0.01221	0.01092	0.01607	0.01864	0.00900	0.02442	0.01414	0.03727	0.01157	0.01350	0.00900	0.00771	0.00514	0.00257	0.00643	0.00450	0.00514	0.00900
17	0.01014	0.00836	0.00890	0.00891	0.01145	0.00713	0.00663	0.01249	0.01948	0.02407	0.17071	0.11212	0.52951	0.02069	0.00986	0.00281	0.00420	0.01748	0.00794	0.00713
18	0.02066	0.01785	0.01878	0.01691	0.02160	0.02066	0.01315	0.04414	0.64121	0.03475	0.03381	0.03099	0.02536	0.01127	0.00845	0.00282	0.00657	0.00939	0.00845	0.01315
19	0.02299	0.01900	0.02009	0.01738	0.02249	0.02175	0.01371	0.16867	0.51290	0.03850	0.03086	0.02864	0.02297	0.01099	0.00842	0.00275	0.00712	0.00898	0.00842	0.01336
20	0.60894	0.01761	0.01494	0.01268	0.01815	0.02017	0.01045	0.15408	0.01949	0.04051	0.01337	0.01488	0.01010	0.00820	0.00582	0.00255	0.00701	0.00514	0.00582	0.01010
21	0.01112	0.00801	0.01075	0.01258	0.01362	0.00764	0.00941	0.01334	0.01705	0.02241	0.04707	0.48283	0.08149	0.02483	0.01084	0.00349	0.00567	0.20310	0.00769	0.00704
22	0.01187	0.00890	0.01335	0.01335	0.01483	0.01038	0.01038	0.01483	0.01335	0.01928	0.02225	0.03264	0.02077	0.06231	0.67512	0.01335	0.02225	0.00890	0.00445	0.00742
23	0.01064	0.00745	0.00949	0.01091	0.01126	0.00709	0.00701	0.01170	0.01490	0.01987	0.04063	0.53229	0.04844	0.20523	0.01893	0.00460	0.00567	0.02059	0.00701	0.00630
24	0.01961	0.02241	0.04902	0.03501	0.04342	0.02101	0.62605	0.02661	0.01961	0.02661	0.01681	0.02241	0.01261	0.00700	0.00980	0.00280	0.01401	0.00980	0.00420	0.01120
25	0.02056	0.01974	0.03372	0.05099	0.65622	0.01974	0.02550	0.02550	0.01892	0.02714	0.01563	0.02056	0.01316	0.00740	0.00822	0.00247	0.00987	0.00740	0.00411	0.01316
26	0.01414	0.01224	0.01770	0.01640	0.01734	0.01580	0.01319	0.01669	0.01312	0.01954	0.01817	0.02743	0.01722	0.04512	0.44198	0.00985	0.26357	0.00831	0.00416	0.00802
27	0.26042	0.02146	0.02231	0.20230	0.15662	0.15860	0.01755	0.02564	0.01776	0.02735	0.01350	0.01753	0.01074	0.00799	0.00710	0.00251	0.01018	0.00603	0.00436	0.01002
28	0.00982	0.00842	0.00842	0.00842	0.01122	0.00701	0.00631	0.01192	0.01894	0.02244	0.08416	0.07995	0.65285	0.02104	0.00982	0.00281	0.00421	0.01753	0.00771	0.00701
29	0.01723	0.01477	0.01723	0.01230	0.01969	0.01107	0.00984	0.02092	0.01723	0.02707	0.01477	0.01723	0.01230	0.00615	0.00615	0.00123	0.00615	0.00492	0.00492	0.75883
30	0.01818	0.01818	0.02545	0.02181	0.02181	0.02545	0.01818	0.01999	0.01272	0.01999	0.01091	0.01818	0.01091	0.01454	0.02726	0.00364	0.69284	0.00727	0.00364	0.00909
31	0.00984	0.00835	0.00848	0.00859	0.01127	0.00700	0.00639	0.01190	0.01877	0.02237	0.08202	0.11469	0.61949	0.02132	0.00986	0.00284	0.00424	0.01787	0.00771	0.00700
32	0.01012	0.00723	0.00964	0.01157	0.01205	0.00675	0.00771	0.01157	0.01591	0.02121	0.04579	0.70262	0.05495	0.02603	0.01060	0.00337	0.00482	0.02362	0.00771	0.00675
33	0.01023	0.00843	0.00899	0.00885	0.01148	0.00719	0.00664	0.01273	0.01992	0.02478	0.20600	0.07611	0.52955	0.02017	0.00981	0.00276	0.00415	0.01699	0.00802	0.00719
34	0.01666	0.04297	0.66500	0.02368	0.03596	0.01929	0.03069	0.02631	0.01754	0.02631	0.01491	0.01754	0.01052	0.00789	0.00789	0.00263	0.01228	0.00614	0.00351	0.01228
35	0.02012	0.01929	0.03292	0.10883	0.60184	0.01962	0.02528	0.02511	0.01871	0.02660	0.01555	0.02071	0.01297	0.00748	0.00823	0.00249	0.00998	0.00740	0.00407	0.01280
36	0.02314	0.64193	0.04142	0.01497	0.02178	0.10064	0.01441	0.02575	0.01758	0.01963	0.01169	0.01350	0.01067	0.00726	0.00556	0.00182	0.00953	0.00454	0.00363	0.01055
37	0.02029	0.01946	0.03323	0.08654	0.62280	0.01967	0.02536	0.02526	0.01879	0.02681	0.01558	0.02065	0.01304	0.00745	0.00823	0.00248	0.00994	0.00740	0.00409	0.01294
38	0.01642	0.01264	0.01645	0.01482	0.01614	0.01583	0.01195	0.04601	0.01571	0.02518	0.01958	0.02602	0.01693	0.02329	0.16362	0.00515	0.26832	0.00781	0.26966	0.00847
39	0.00985	0.00829	0.00854	0.00875	0.01131	0.00699	0.00646	0.01188	0.01862	0.02231	0.08011	0.14570	0.58972	0.02157	0.00990	0.00287	0.00427	0.01818	0.00771	0.00699
40	0.05123	0.18430	0.46753	0.02261	0.06655	0.02220	0.02591	0.02587	0.01732	0.02539	0.01408	0.01662	0.01063	0.00769	0.00724	0.00244	0.01116	0.00577	0.00362	0.01183
41	0.02146	0.02144	0.03285	0.04846	0.60232	0.07573	0.02469	0.02615	0.01931	0.02656	0.01539	0.02008	0.01295	0.00750	0.00816	0.00244	0.01031	0.00723	0.00413	0.01286
42	0.01094	0.00873	0.00985	0.00977	0.01214	0.00785	0.00724	0.01449	0.04757	0.02629	0.25707	0.13788	0.38065	0.01985	0.00983	0.00281	0.00429	0.01702	0.00820	0.00752
43	0.01723	0.01477	0.01723	0.01230	0.01969	0.01107	0.00984	0.02092	0.01723	0.02707	0.01477	0.01723	0.01230	0.00615	0.00615	0.00123	0.00615	0.00492	0.00492	0.75883
44	0.02033	0.01950	0.03330	0.08165	0.62740	0.01968	0.02538	0.02529	0.01881	0.02686	0.01558	0.02064	0.01306	0.00745	0.00823	0.00248	0.00993	0.00740	0.00409	0.01297
45	0.03727	0.01414	0.01928	0.01478	0.02121	0.01221	0.01221	0.04049	0.02378	0.66198	0.03277	0.02828	0.02056	0.01028	0.00835	0.00257	0.00707	0.00835	0.01028	0.01414
46	0.01818	0.01818	0.02545	0.02181	0.02181	0.02545	0.01818	0.01999	0.01272	0.01999	0.01091	0.01818	0.01091	0.01454	0.02726	0.00364	0.69284	0.00727	0.00364	0.00909
47	0.01187	0.00890	0.01335	0.01335	0.01483	0.01038	0.01038	0.01483	0.01335	0.01928	0.02225	0.03264	0.02077	0.06231	0.67512	0.01335	0.02225	0.00890	0.00445	0.00742
48	0.01187	0.00890	0.01335	0.01335	0.01483	0.01038	0.01038	0.01483	0.01335	0.01928	0.02225	0.03264	0.02077	0.06231	0.67512	0.01335	0.02225	0.00890	0.00445	0.00742
49	0.03106	0.03868	0.02362	0.02127	0.02569	0.63825	0.01604	0.06660	0.02441	0.02213	0.01324	0.01526	0.01089	0.00864	0.00754	0.00216	0.01465	0.00547	0.00451	0.00988
50	0.03103	0.03959	0.02354	0.02140	0.02568	0.67469	0.01605	0.03317	0.02354	0.02033	0.01284	0.01498	0.01070	0.00856	0.00749	0.00214	0.01498	0.00535	0.00428	0.00963
51	0.01961	0.02241	0.04902	0.03501	0.04342	0.02101	0.62605	0.02661	0.01961	0.02661	0.01681	0.02241	0.01261	0.00700	0.00980	0.00280	0.01401	0.00980	0.00420	0.01120
52	0.02066	0.01785	0.01878	0.01691	0.02160	0.02066	0.01315	0.04414	0.64121	0.03475	0.03381	0.03099	0.02536	0.01127	0.00845	0.00282	0.00657	0.00939	0.00845	0.01315
53	0.01339	0.00956	0.01339	0.01530	0.01721	0.00956	0.01339	0.01721	0.01912	0.02486	0.04399	0.09371	0.04781	0.02295	0.01147	0.00382	0.00765	0.60031	0.00765	0.00765
54	0.01666	0.04297	0.66500	0.02368	0.03596	0.01929	0.03069	0.02631	0.01754	0.02631	0.01491	0.01754	0.01052	0.00789	0.00789	0.00263	0.01228	0.00614	0.00351	0.01228
55	0.03180	0.01293	0.01752	0.01385	0.01932	0.01127	0.01127	0.03516	0.02372	0.52704	0.16565	0.03553	0.03297	0.01172	0.00866	0.00258	0.00639	0.00979	0.01004	0.01279
56	0.01443	0.00722	0.01082	0.01082	0.01082	0.00722	0.00722	0.01082	0.01082	0.01443	0.01443	0.02525	0.01443	0.02886	0.03247	0.75830	0.00722	0.00722	0.00361	0.00361
57	0.01569	0.01477	0.02492	0.68808	0.05722	0.01846	0.02307	0.02123	0.01661	0.02123	0.01477	0.02215	0.01107	0.00831	0.00831	0.00277	0.01107	0.00738	0.00369	0.00923
58	0.34977	0.01695	0.01650	0.01389	0.01838	0.01956	0.01138	0.19651	0.02170	0.03871	0.01653	0.01879	0.01275	0.00941	0.00850	0.00255	0.07925	0.00619	0.13241	0.01027
59	0.00984	0.00831	0.00852	0.00869	0.01129	0.00699	0.00643	0.01189	0.01867	0.02233	0.08080	0.13444	0.60052	0.02148	0.00989	0.00286	0.00426	0.01807	0.00771	0.00699
60	0.01719	0.01237	0.01464	0.01310	0.01534	0.01350	0.00960	0.17672	0.01965	0.02675	0.02327	0.03830	0.02293	0.31681	0.23493	0.00826	0.01287	0.00985	0.00572	0.00821
61	0.01818	0.01818	0.02545	0.02181	0.02181	0.02545	0.01818	0.01999	0.01272	0.01999	0.01091	0.01818	0.01091	0.01454	0.02726	0.00364	0.69284	0.00727	0.00364	0.00909
62	0.01012	0.00723	0.00964	0.01157	0.01205	0.00675	0.00771	0.01157	0.01591	0.02121	0.04579	0.70262	0.05495	0.02603	0.01060	0.00337	0.00482	0.02362	0.00771	0.00675
63	0.02221	0.71304	0.04353	0.01421	0.02132	0.03287	0.01421	0.02488	0.01688	0.01955	0.01155	0.01333	0.01066	0.00711	0.00533	0.00178	0.00888	0.00444	0.00355	0.01066
64	0.02056	0.01974	0.03372	0.05099	0.65622	0.01974	0.02550	0.02550	0.01892	0.02714	0.01563	0.02056	0.01316	0.00740	0.00822	0.00247	0.00987	0.00740	0.00411	0.01316
65	0.01549	0.00774	0.00774	0.00774	0.00968	0.00774	0.00581	0.01936	0.01742	0.03097	0.02710	0.03097	0.02129	0.00968	0.00581	0.00194	0.00387	0.00774	0.75416	0.00774
66	0.01136	0.00817	0.00885	0.00885	0.00975	0.00772	0.00544	0.01203	0.01428	0.01814	0.04474	0.06256	0.22959	0.48805	0.03189	0.00637	0.00682	0.01383	0.00589	0.00567
67	0.01463	0.01208	0.06827	0.01401	0.01658	0.00972	0.01163	0.04328	0.01841	0.07840	0.04052	0.42685	0.04490	0.02177	0.01026	0.00330	0.00644	0.14300	0.00758	0.00837
68	0.03103	0.03959	0.02354	0.02140	0.02568	0.67469	0.01605	0.03317	0.02354	0.02033	0.01284	0.01498	0.01070	0.00856	0.00749	0.00214	0.01498	0.00535	0.00428	0.00963
69	0.01666	0.04297	0.66500	0.02368	0.03596	0.01929	0.03069	0.02631	0.01754	0.02631	0.01491	0.01754	0.01052	0.00789	0.00789	0.00263	0.01228	0.00614	0.00351	0.01228
70	0.02066	0.01785	0.01878	0.01691	0.02160	0.02066	0.01315	0.04414	0.64121	0.03475	0.03381	0.03099	0.02536	0.01127	0.00845	0.00282	0.00657	0.00939	0.00845	0.01315
71	0.01666	0.04297	0.66500	0.02368	0.03596	0.01929	0.03069	0.02631	0.01754	0.02631	0.01491	0.01754	0.01052	0.00789	0.00789	0.00263	0.01228	0.00614	0.00351	0.01228
72	0.02490	0.43625	0.03626	0.01974	0.07829	0.23769	0.01579	0.02759	0.01920	0.02046	0.01232	0.01449	0.01089	0.00760	0.00628	0.00195	0.01093	0.00499	0.00384	0.01055
73	0.01047	0.00756	0.00991	0.01118	0.01209	0.00700	0.00768	0.01249	0.01772	0.02394	0.18163	0.53332	0.08655	0.02380	0.01039	0.00318	0.00459	0.02145	0.00803	0.00700
74	0.02582	0.17602	0.03112	0.02924	0.22667	0.29953	0.01867	0.05525	0.02133	0.02376	0.01377	0.01663	0.01163	0.00794	0.00730	0.00218	0.01179	0.00591	0.00425	0.01118
75	0.01021	0.00727	0.00961	0.01146	0.01192	0.00681	0.00759	0.01159	0.01574	0.02098	0.04492	0.67398	0.05385	0.05616	0.01200	0.00358	0.00496	0.02311	0.00759	0.00667
76	0.01443	0.00722	0.01082	0.01082	0.01082	0.00722	0.00722	0.01082	0.01082	0.01443	0.01443	0.02525	0.01443	0.02886	0.03247	0.75830	0.00722	0.00722	0.00361	0.00361
77	0.01962	0.01878	0.03202	0.17383	0.54072	0.01949	0.02503	0.02467	0.01847	0.02600	0.01546	0.02087	0.01276	0.00758	0.00824	0.00253	0.01010	0.00740	0.00403	0.01240
78	0.02409	0.02342	0.02046	0.01816	0.02294	0.17368	0.01407	0.09552	0.44157	0.03301	0.02764	0.02624	0.02090	0.01052	0.00822	0.00263	0.00877	0.00827	0.00747	0.01242
79	0.01208	0.00805	0.00906	0.00906	0.00906	0.00805	0.00503	0.01208	0.01208	0.01611	0.02618	0.05436	0.03020	0.70804	0.04228	0.00805	0.00805	0.01208	0.00503	0.00503
80	0.01961	0.02241	0.04902	0.03501	0.04342	0.02101	0.62605	0.02661	0.01961	0.02661	0.01681	0.02241	0.01261	0.00700	0.00980	0.00280	0.01401	0.00980	0.00420	0.01120
81	0.01187	0.00890	0.01335	0.01335	0.01483	0.01038	0.01038	0.01483	0.01335	0.01928	0.02225	0.03264	0.02077	0.06231	0.67512	0.01335	0.02225	0.00890	0.00445	0.00742
82	0.41435	0.01543	0.01376	0.01184	0.01647	0.01732	0.00961	0.15183	0.02030	0.03885	0.01740	0.01942	0.01329	0.00871	0.00599	0.00239	0.00634	0.00598	0.20097	0.00976
83	0.01066	0.00777	0.01011	0.01184	0.01254	0.00746	0.00799	0.01323	0.04782	0.02190	0.04518	0.66835	0.05344	0.02527	0.01049	0.00335	0.00491	0.02289	0.00775	0.00707
84	0.03144	0.02745	0.02458	0.01970	0.02574	0.19189	0.01586	0.47611	0.03509	0.04416	0.01813	0.01867	0.01325	0.00961	0.00810	0.00240	0.01064	0.00693	0.00728	0.01298
85	0.01052	0.00824	0.00964	0.01056	0.01249	0.00736	0.00794	0.01271	0.01802	0.02247	0.06541	0.27637	0.36428	0.02292	0.01034	0.00315	0.00498	0.11786	0.00770	0.00704
86	0.01997	0.01934	0.02943	0.13895	0.30272	0.04960	0.05211	0.05730	0.01861	0.02566	0.01603	0.02363	0.01394	0.00999	0.01250	0.00283	0.15587	0.03594	0.00436	0.01121
87	0.02109	0.02065	0.03256	0.04803	0.59704	0.05260	0.02449	0.02669	0.04619	0.02713	0.01628	0.02073	0.01357	0.00763	0.00820	0.00247	0.00998	0.00739	0.00431	0.01298
88	0.06001	0.45625	0.14371	0.01681	0.02423	0.13345	0.01703	0.02643	0.01793	0.02170	0.01233	0.01431	0.01056	0.00750	0.00610	0.00202	0.01032	0.00488	0.00374	0.01068
89	0.02076	0.02088	0.03478	0.07527	0.51902	0.05327	0.10217	0.02584	0.01914	0.02647	0.01560	0.02058	0.01287	0.00745	0.00839	0.00251	0.01071	0.00761	0.00411	0.01256
90	0.01951	0.01584	0.01959	0.02196	0.15520	0.01676	0.01407	0.06444	0.27867	0.06272	0.03947	0.03843	0.15537	0.01232	0.00855	0.00266	0.00681	0.01046	0.04550	0.01167
91	0.01015	0.00820	0.00903	0.00930	0.01155	0.00708	0.00679	0.01238	0.01900	0.02373	0.15624	0.19624	0.45843	0.02142	0.00997	0.00289	0.00428	0.01834	0.00791	0.00708
92	0.09892	0.01197	0.01191	0.01054	0.01386	0.01271	0.00830	0.14937	0.02175	0.03582	0.02644	0.02892	0.04637	0.01003	0.00645	0.00216	0.00528	0.00777	0.48221	0.00921
93	0.02021	0.01688	0.02230	0.02605	0.22006	0.01768	0.01598	0.17952	0.08925	0.03263	0.03398	0.03545	0.15182	0.01725	0.07986	0.00375	0.00945	0.00995	0.00646	0.01149
94	0.01187	0.00890	0.01335	0.01335	0.01483	0.01038	0.01038	0.01483	0.01335	0.01928	0.02225	0.03264	0.02077	0.06231	0.67512	0.01335	0.02225	0.00890	0.00445	0.00742
95	0.02579	0.43984	0.03542	0.01713	0.02309	0.29324	0.01496	0.02824	0.01958	0.01986	0.01207	0.01400	0.01068	0.00770	0.00621	0.00192	0.01136	0.00481	0.00385	0.01024
96	0.03103	0.03959	0.02354	0.02140	0.02568	0.67469	0.01605	0.03317	0.02354	0.02033	0.01284	0.01498	0.01070	0.00856	0.00749	0.00214	0.01498	0.00535	0.00428	0.00963
97	0.01208	0.00805	0.00906	0.00906	0.00906	0.00805	0.00503	0.01208	0.01208	0.01611	0.02618	0.05436	0.03020	0.70804	0.04228	0.00805	0.00805	0.01208	0.00503	0.00503
98	0.01331	0.01086	0.01405	0.16246	0.02274	0.01168	0.01127	0.01806	0.08204	0.02184	0.04120	0.05410	0.19106	0.20495	0.04768	0.00478	0.00815	0.06606	0.00602	0.00770
99	0.06598	0.18483	0.02732	0.01931	0.02425	0.50227	0.01530	0.03093	0.02162	0.02101	0.01250	0.01455	0.01061	0.00820	0.00690	0.00208	0.01323	0.00511	0.00417	0.00982
100	0.02056	0.01974	0.03372	0.05099	0.65622	0.01974	0.02550	0.02550	0.01892	0.02714	0.01563	0.02056	0.01316	0.00740	0.00822	0.00247	0.00987	0.00740	0.00411	0.01316
101	0.01187	0.00890	0.01335	0.01335	0.01483	0.01038	0.01038	0.01483	0.01335	0.01928	0.02225	0.03264	0.02077	0.06231	0.67512	0.01335	0.02225	0.00890	0.00445	0.00742
102	0.01580	0.01304	0.01456	0.01416	0.01750	0.01401	0.01121	0.02838	0.31136	0.02924	0.07838	0.08853	0.16900	0.01690	0.00957	0.00305	0.00609	0.14104	0.00812	0.01006
103	0.01187	0.00890	0.01335	0.01335	0.01483	0.01038	0.01038	0.01483	0.01335	0.01928	0.02225	0.03264	0.02077	0.06231	0.67512	0.01335	0.02225	0.00890	0.00445	0.00742

[dist]
# distance from previous block
# <min> <max>
0	8

[block]
# block no. 1 follows, 22 sequences, length 36
# corresponding to MSA columns:
# 115-150
name=unknown_B
#
# <colnr> <probs for GDERKNQSTAVLIFYWHMCP>
#	G	D	E	R	K	N	Q	S	T	A	V	L	I	F	Y	W	H	M	C	P
0	0.01899	0.01657	0.02651	0.17471	0.34680	0.01743	0.02085	0.02539	0.07203	0.05553	0.08736	0.03021	0.02280	0.00985	0.00860	0.00265	0.00897	0.03785	0.00538	0.01153
1	0.02734	0.32305	0.03205	0.01826	0.02385	0.37225	0.01526	0.05860	0.02148	0.02156	0.01264	0.01452	0.01085	0.00802	0.00662	0.00200	0.01212	0.00507	0.00417	0.01028
2	0.02027	0.01750	0.01930	0.01865	0.05538	0.02002	0.01382	0.04170	0.57452	0.03381	0.03338	0.03380	0.02591	0.01169	0.00860	0.00285	0.00681	0.04096	0.00818	0.01286
3	0.01187	0.00890	0.01335	0.01335	0.01483	0.01038	0.01038	0.01483	0.01335	0.01928	0.02225	0.03264	0.02077	0.06231	0.67512	0.01335	0.02225	0.00890	0.00445	0.00742
4	0.01187	0.00890	0.01335	0.01335	0.01483	0.01038	0.01038	0.01483	0.01335	0.01928	0.02225	0.03264	0.02077	0.06231	0.67512	0.01335	0.02225	0.00890	0.00445	0.00742
5	0.01666	0.04297	0.66500	0.02368	0.03596	0.01929	0.03069	0.02631	0.01754	0.02631	0.01491	0.01754	0.01052	0.00789	0.00789	0.00263	0.01228	0.00614	0.00351	0.01228
6	0.02221	0.71304	0.04353	0.01421	0.02132	0.03287	0.01421	0.02488	0.01688	0.01955	0.01155	0.01333	0.01066	0.00711	0.00533	0.00178	0.00888	0.00444	0.00355	0.01066
7	0.00982	0.00842	0.00842	0.00842	0.01122	0.00701	0.00631	0.01192	0.01894	0.02244	0.08416	0.07995	0.65285	0.02104	0.00982	0.00281	0.00421	0.01753	0.00771	0.00701
8	0.03158	0.02327	0.02493	0.01911	0.02576	0.02576	0.01579	0.62852	0.03906	0.05236	0.01995	0.01995	0.01413	0.00997	0.00831	0.00249	0.00914	0.00748	0.00831	0.01413
9	0.01723	0.01477	0.01723	0.01230	0.01969	0.01107	0.00984	0.02092	0.01723	0.02707	0.01477	0.01723	0.01230	0.00615	0.00615	0.00123	0.00615	0.00492	0.00492	0.75883
10	0.03158	0.02327	0.02493	0.01911	0.02576	0.02576	0.01579	0.62852	0.03906	0.05236	0.01995	0.01995	0.01413	0.00997	0.00831	0.00249	0.00914	0.00748	0.00831	0.01413
11	0.02056	0.01974	0.03372	0.05099	0.65622	0.01974	0.02550	0.02550	0.01892	0.02714	0.01563	0.02056	0.01316	0.00740	0.00822	0.00247	0.00987	0.00740	0.00411	0.01316
12	0.01176	0.00849	0.01110	0.01045	0.01241	0.00784	0.00784	0.01568	0.02352	0.03331	0.65184	0.06206	0.07839	0.01698	0.00980	0.00261	0.00392	0.01502	0.00914	0.00784
13	0.02389	0.01635	0.01822	0.01585	0.02083	0.01777	0.01248	0.04117	0.45419	0.18257	0.03686	0.03355	0.06528	0.01168	0.00852	0.00276	0.00654	0.00968	0.00884	0.01298
14	0.01818	0.01818	0.02545	0.02181	0.02181	0.02545	0.01818	0.01999	0.01272	0.01999	0.01091	0.01818	0.01091	0.01454	0.02726	0.00364	0.69284	0.00727	0.00364	0.00909
15	0.01012	0.00723	0.00964	0.01157	0.01205	0.00675	0.00771	0.01157	0.01591	0.02121	0.04579	0.70262	0.05495	0.02603	0.01060	0.00337	0.00482	0.02362	0.00771	0.00675
16	0.03158	0.02327	0.02493	0.01911	0.02576	0.02576	0.01579	0.62852	0.03906	0.05236	0.01995	0.01995	0.01413	0.00997	0.00831	0.00249	0.00914	0.00748	0.00831	0.01413
17	0.01961	0.02241	0.04902	0.03501	0.04342	0.02101	0.62605	0.02661	0.01961	0.02661	0.01681	0.02241	0.01261	0.00700	0.00980	0.00280	0.01401	0.00980	0.00420	0.01120
18	0.01187	0.00890	0.01335	0.01335	0.01483	0.01038	0.01038	0.01483	0.01335	0.01928	0.02225	0.03264	0.02077	0.06231	0.67512	0.01335	0.02225	0.00890	0.00445	0.00742
19	0.02056	0.01974	0.03372	0.05099	0.65622	0.01974	0.02550	0.02550	0.01892	0.02714	0.01563	0.02056	0.01316	0.00740	0.00822	0.00247	0.00987	0.00740	0.00411	0.01316
20	0.01023	0.00731	0.00974	0.01149	0.01207	0.00682	0.00772	0.01184	0.01640	0.02200	0.08544	0.66071	0.05648	0.02543	0.01055	0.00332	0.00476	0.02305	0.00781	0.00682
21	0.01012	0.00723	0.00964	0.01157	0.01205	0.00675	0.00771	0.01157	0.01591	0.02121	0.04579	0.70262	0.05495	0.02603	0.01060	0.00337	0.00482	0.02362	0.00771	0.00675
22	0.76672	0.01607	0.01221	0.01092	0.01607	0.01864	0.00900	0.02442	0.01414	0.03727	0.01157	0.01350	0.00900	0.00771	0.00514	0.00257	0.00643	0.00450	0.00514	0.00900
23	0.00982	0.00842	0.00842	0.00842	0.01122	0.00701	0.00631	0.01192	0.01894	0.02244	0.08416	0.07995	0.65285	0.02104	0.00982	0.00281	0.00421	0.01753	0.00771	0.00701
24	0.01012	0.00723	0.00964	0.01157	0.01205	0.00675	0.00771	0.01157	0.01591	0.02121	0.04579	0.70262	0.05495	0.02603	0.01060	0.00337	0.00482	0.02362	0.00771	0.00675
25	0.01187	0.00890	0.01335	0.01335	0.01483	0.01038	0.01038	0.01483	0.01335	0.01928	0.02225	0.03264	0.02077	0.06231	0.67512	0.01335	0.02225	0.00890	0.00445	0.00742
26	0.02882	0.02713	0.02304	0.01931	0.02475	0.22899	0.01525	0.30249	0.17686	0.03810	0.02099	0.02100	0.01571	0.00984	0.00809	0.00246	0.01037	0.00726	0.00707	0.01248
27	0.01247	0.00978	0.01450	0.01416	0.01550	0.01182	0.01112	0.01532	0.01329	0.01935	0.02117	0.03126	0.01983	0.05776	0.61354	0.01243	0.08600	0.00875	0.00437	0.00758
28	0.01187	0.00890	0.01335	0.01335	0.01483	0.01038	0.01038	0.01483	0.01335	0.01928	0.02225	0.03264	0.02077	0.06231	0.67512	0.01335	0.02225	0.00890	0.00445	0.00742
29	0.01121	0.00791	0.00971	0.01071	0.01136	0.00758	0.00715	0.01240	0.01503	0.01972	0.04138	0.32869	0.09805	0.29134	0.02299	0.00520	0.00633	0.08039	0.00666	0.00620
30	0.02689	0.02839	0.02062	0.01804	0.02195	0.36174	0.01350	0.17755	0.02484	0.02740	0.01763	0.02511	0.01596	0.16671	0.01555	0.00356	0.01196	0.00740	0.00546	0.00972
31	0.02067	0.02155	0.02890	0.06888	0.34711	0.14288	0.06874	0.02486	0.01889	0.02424	0.01729	0.05023	0.01530	0.01555	0.09486	0.00390	0.01263	0.00808	0.00433	0.01112
32	0.01153	0.01036	0.00994	0.00981	0.01255	0.04741	0.00745	0.01397	0.01984	0.02391	0.15504	0.07429	0.50638	0.01983	0.00976	0.00279	0.00499	0.04514	0.00770	0.00731
33	0.02056	0.01974	0.03372	0.05099	0.65622	0.01974	0.02550	0.02550	0.01892	0.02714	0.01563	0.02056	0.01316	0.00740	0.00822	0.00247	0.00987	0.00740	0.00411	0.01316
34	0.01535	0.00927	0.01102	0.01171	0.04981	0.00964	0.00814	0.01916	0.01821	0.03041	0.12871	0.03465	0.02957	0.01107	0.00802	0.00219	0.04932	0.00890	0.53668	0.00817
35	0.02459	0.53263	0.03829	0.01599	0.02249	0.16485	0.01469	0.06289	0.01959	0.02168	0.01232	0.01407	0.01088	0.00758	0.00596	0.00189	0.01016	0.00481	0.00399	0.01066

[dist]
# distance from previous block
# <min> <max>
0	2

[block]
# block no. 2 follows, 22 sequences, length 31
# corresponding to MSA columns:
# 153-183
name=unknown_C
#
# <colnr> <probs for GDERKNQSTAVLIFYWHMCP>
#	G	D	E	R	K	N	Q	S	T	A	V	L	I	F	Y	W	H	M	C	P
0	0.01993	0.02114	0.06417	0.04334	0.43583	0.02060	0.14464	0.02514	0.01830	0.02620	0.01531	0.02053	0.01268	0.00814	0.01064	0.00267	0.08659	0.00781	0.00405	0.01228
1	0.02005	0.01921	0.03279	0.11843	0.59282	0.01960	0.02524	0.02504	0.01867	0.02651	0.01554	0.02073	0.01294	0.00750	0.00823	0.00250	0.01000	0.00740	0.00407	0.01274
2	0.01841	0.01903	0.02512	0.54933	0.08085	0.12499	0.02205	0.02337	0.01785	0.02136	0.01449	0.02091	0.01111	0.00830	0.00817	0.00265	0.01165	0.00705	0.00381	0.00948
3	0.05254	0.12427	0.41602	0.01997	0.03001	0.01953	0.02362	0.02912	0.01867	0.16374	0.01820	0.01915	0.01266	0.00830	0.00754	0.00250	0.01046	0.00633	0.00505	0.01233
4	0.01208	0.00805	0.00906	0.00906	0.00906	0.00805	0.00503	0.01208	0.01208	0.01611	0.02618	0.05436	0.03020	0.70804	0.04228	0.00805	0.00805	0.01208	0.00503	0.00503
5	0.01012	0.00723	0.00964	0.01157	0.01205	0.00675	0.00771	0.01157	0.01591	0.02121	0.04579	0.70262	0.05495	0.02603	0.01060	0.00337	0.00482	0.02362	0.00771	0.00675
6	0.02005	0.01921	0.03279	0.11843	0.59282	0.01960	0.02524	0.02504	0.01867	0.02651	0.01554	0.02073	0.01294	0.00750	0.00823	0.00250	0.01000	0.00740	0.00407	0.01274
7	0.02697	0.03237	0.02598	0.10204	0.17108	0.45449	0.01896	0.03012	0.02173	0.02196	0.01368	0.01703	0.01130	0.00827	0.00775	0.00228	0.01340	0.00604	0.00418	0.01038
8	0.01004	0.00849	0.00872	0.00884	0.01159	0.00717	0.00674	0.01225	0.01895	0.02259	0.08170	0.08079	0.61583	0.02116	0.00992	0.00287	0.00442	0.05319	0.00771	0.00705
9	0.01839	0.01779	0.03022	0.24776	0.29276	0.01882	0.08614	0.02343	0.01771	0.02478	0.01511	0.02076	0.01221	0.00791	0.00926	0.00253	0.04880	0.00737	0.00405	0.09420
10	0.01012	0.00723	0.00964	0.01157	0.01205	0.00675	0.00771	0.01157	0.01591	0.02121	0.04579	0.70262	0.05495	0.02603	0.01060	0.00337	0.00482	0.02362	0.00771	0.00675
11	0.02056	0.01974	0.03372	0.05099	0.65622	0.01974	0.02550	0.02550	0.01892	0.02714	0.01563	0.02056	0.01316	0.00740	0.00822	0.00247	0.00987	0.00740	0.00411	0.01316
12	0.01071	0.00753	0.00971	0.01122	0.01167	0.00717	0.00743	0.01197	0.01525	0.02030	0.04147	0.53141	0.04924	0.17279	0.01747	0.00441	0.00566	0.05103	0.00713	0.00643
13	0.03158	0.02327	0.02493	0.01911	0.02576	0.02576	0.01579	0.62852	0.03906	0.05236	0.01995	0.01995	0.01413	0.00997	0.00831	0.00249	0.00914	0.00748	0.00831	0.01413
14	0.02066	0.01785	0.01878	0.01691	0.02160	0.02066	0.01315	0.04414	0.64121	0.03475	0.03381	0.03099	0.02536	0.01127	0.00845	0.00282	0.00657	0.00939	0.00845	0.01315
15	0.01591	0.01507	0.02340	0.02002	0.02152	0.01915	0.08263	0.01874	0.01373	0.02045	0.01593	0.02421	0.01489	0.03210	0.27482	0.00728	0.35927	0.00818	0.00401	0.00868
16	0.01755	0.01666	0.02827	0.44513	0.28564	0.01895	0.02400	0.02285	0.01749	0.02348	0.01509	0.02154	0.01187	0.00796	0.00827	0.00265	0.01061	0.00739	0.00385	0.01073
17	0.01306	0.00977	0.01122	0.01146	0.01381	0.00934	0.00875	0.07829	0.02012	0.02609	0.05692	0.25559	0.28433	0.02097	0.00991	0.00304	0.00540	0.10425	0.04986	0.00782
18	0.01056	0.00742	0.00951	0.01100	0.01138	0.00704	0.00711	0.01168	0.01504	0.02006	0.04137	0.55674	0.04938	0.17951	0.01773	0.00443	0.00555	0.02102	0.00711	0.00636
19	0.02040	0.02054	0.03034	0.21427	0.43301	0.08873	0.02386	0.02519	0.01880	0.02487	0.01511	0.02038	0.01235	0.00776	0.00817	0.00251	0.01073	0.00718	0.00402	0.01176
20	0.02126	0.09447	0.02208	0.01992	0.09015	0.20174	0.01396	0.08395	0.02019	0.02435	0.02039	0.09702	0.01944	0.04633	0.15567	0.00497	0.01302	0.00880	0.03273	0.00956
21	0.01017	0.00853	0.00890	0.00909	0.01181	0.00726	0.00701	0.01244	0.01895	0.02268	0.08021	0.08130	0.59335	0.02123	0.00998	0.00291	0.00455	0.07484	0.00771	0.00708
22	0.01345	0.00981	0.01109	0.01126	0.01227	0.03844	0.00789	0.01537	0.01485	0.02142	0.02861	0.18225	0.03008	0.22033	0.15049	0.00631	0.03883	0.01251	0.16789	0.00684
23	0.12756	0.02624	0.11835	0.10588	0.15373	0.13347	0.01986	0.16198	0.02310	0.03222	0.01534	0.01823	0.01174	0.00840	0.00765	0.00249	0.01060	0.00647	0.00509	0.01159
24	0.02336	0.02666	0.02171	0.09139	0.06474	0.32805	0.01579	0.02910	0.11078	0.02320	0.02582	0.02751	0.10047	0.01103	0.00964	0.00253	0.06500	0.00809	0.00523	0.00992
25	0.02686	0.01990	0.02180	0.01718	0.02299	0.02163	0.01403	0.45086	0.06026	0.04469	0.02077	0.02217	0.01558	0.01523	0.07857	0.00352	0.00986	0.00751	0.04968	0.07691
26	0.12130	0.17774	0.15690	0.07287	0.09550	0.02049	0.01772	0.05985	0.01891	0.02794	0.08327	0.05392	0.04154	0.00998	0.00741	0.00245	0.00869	0.00793	0.00503	0.01055
27	0.01149	0.08580	0.01316	0.01119	0.01281	0.00975	0.00807	0.01313	0.01641	0.02104	0.04815	0.48767	0.15721	0.05019	0.01114	0.00328	0.00529	0.01993	0.00714	0.00716
28	0.18141	0.12932	0.02427	0.02149	0.14938	0.04308	0.04766	0.02343	0.01687	0.02783	0.01615	0.01988	0.01339	0.01064	0.03843	0.00278	0.03788	0.00634	0.13820	0.05157
29	0.07236	0.07315	0.15646	0.09413	0.02975	0.28491	0.04448	0.02721	0.02033	0.02439	0.08113	0.02140	0.01784	0.00907	0.00772	0.00240	0.01183	0.00684	0.00458	0.01003
30	0.01816	0.05908	0.29417	0.02071	0.06432	0.08944	0.02029	0.05669	0.01872	0.02511	0.04620	0.10736	0.02017	0.01461	0.03322	0.07729	0.01064	0.00892	0.00472	0.01016

[dist]
# distance from previous block
# <min> <max>
2	81

[block]
# block no. 3 follows, 22 sequences, length 27
# corresponding to MSA columns:
# 267-293
name=unknown_D
#
# <colnr> <probs for GDERKNQSTAVLIFYWHMCP>
#	G	D	E	R	K	N	Q	S	T	A	V	L	I	F	Y	W	H	M	C	P
0	0.24479	0.16150	0.10860	0.01396	0.01968	0.09372	0.01312	0.02273	0.01708	0.02633	0.02711	0.02917	0.13711	0.04356	0.00851	0.00268	0.00835	0.00773	0.00500	0.00928
1	0.02096	0.11020	0.40802	0.02371	0.06759	0.18046	0.02512	0.02779	0.01901	0.02420	0.01410	0.01665	0.01073	0.00795	0.00755	0.00241	0.01245	0.00584	0.00374	0.01152
2	0.02581	0.15959	0.12085	0.02252	0.12194	0.08954	0.01785	0.09138	0.02184	0.17481	0.02072	0.06169	0.01641	0.00962	0.00772	0.00240	0.00953	0.00764	0.00602	0.01210
3	0.01597	0.01383	0.01689	0.02144	0.17758	0.07259	0.01244	0.01897	0.01843	0.02537	0.11464	0.18059	0.06387	0.08196	0.01190	0.00313	0.00707	0.01273	0.12182	0.00881
4	0.01399	0.01159	0.04383	0.01310	0.01513	0.01154	0.01026	0.07159	0.01556	0.02175	0.02286	0.03719	0.02247	0.24639	0.39406	0.01027	0.01635	0.00958	0.00494	0.00756
5	0.02087	0.06394	0.09326	0.09531	0.24401	0.04899	0.02029	0.13826	0.02171	0.02935	0.01823	0.05741	0.01564	0.01484	0.07829	0.00366	0.01130	0.00804	0.00501	0.01161
6	0.02754	0.07316	0.02760	0.02940	0.20470	0.45111	0.01863	0.03051	0.02184	0.02222	0.01356	0.01647	0.01140	0.00815	0.00757	0.00221	0.01317	0.00588	0.00419	0.01069
7	0.01238	0.00836	0.01064	0.01064	0.01146	0.00896	0.00728	0.01402	0.01320	0.01908	0.02470	0.04294	0.02538	0.36816	0.29322	0.00949	0.01330	0.01030	0.09017	0.00630
8	0.04732	0.00877	0.01012	0.01006	0.01080	0.00928	0.00666	0.01450	0.01359	0.02072	0.02573	0.09855	0.02720	0.36975	0.06575	0.04997	0.04032	0.01117	0.15360	0.00614
9	0.10279	0.10031	0.02501	0.01729	0.02371	0.02456	0.01452	0.42100	0.06989	0.09077	0.01995	0.01984	0.01439	0.00952	0.00767	0.00244	0.00853	0.00702	0.00761	0.01317
10	0.01187	0.00890	0.01335	0.01335	0.01483	0.01038	0.01038	0.01483	0.01335	0.01928	0.02225	0.03264	0.02077	0.06231	0.67512	0.01335	0.02225	0.00890	0.00445	0.00742
11	0.02221	0.71304	0.04353	0.01421	0.02132	0.03287	0.01421	0.02488	0.01688	0.01955	0.01155	0.01333	0.01066	0.00711	0.00533	0.00178	0.00888	0.00444	0.00355	0.01066
12	0.01623	0.01346	0.01671	0.01349	0.01859	0.01208	0.03502	0.02120	0.07091	0.05048	0.03547	0.03838	0.17171	0.01429	0.04084	0.00269	0.04638	0.03441	0.00610	0.34156
13	0.03158	0.02327	0.02493	0.01911	0.02576	0.02576	0.01579	0.62852	0.03906	0.05236	0.01995	0.01995	0.01413	0.00997	0.00831	0.00249	0.00914	0.00748	0.00831	0.01413
14	0.01700	0.04063	0.59480	0.02497	0.03681	0.01949	0.09854	0.02634	0.01777	0.02634	0.01512	0.01809	0.01076	0.00779	0.00811	0.00265	0.01247	0.00656	0.00359	0.01216
15	0.01206	0.00849	0.01084	0.01177	0.01284	0.00828	0.00874	0.01412	0.01663	0.02202	0.10010	0.18328	0.07311	0.25211	0.02139	0.00500	0.00677	0.21891	0.00694	0.00661
16	0.01012	0.00723	0.00964	0.01157	0.01205	0.00675	0.00771	0.01157	0.01591	0.02121	0.04579	0.70262	0.05495	0.02603	0.01060	0.00337	0.00482	0.02362	0.00771	0.00675
17	0.01020	0.00849	0.00894	0.00900	0.01169	0.00724	0.00687	0.01255	0.01932	0.02348	0.12804	0.07933	0.56883	0.02083	0.00992	0.00285	0.00440	0.05308	0.00783	0.00712
18	0.76672	0.01607	0.01221	0.01092	0.01607	0.01864	0.00900	0.02442	0.01414	0.03727	0.01157	0.01350	0.00900	0.00771	0.00514	0.00257	0.00643	0.00450	0.00514	0.00900
19	0.01252	0.00986	0.01460	0.01423	0.01556	0.01194	0.01119	0.01537	0.01329	0.01936	0.02108	0.03114	0.01975	0.05736	0.60804	0.01235	0.09169	0.00873	0.00437	0.00759
20	0.01749	0.03803	0.53064	0.02949	0.16797	0.01939	0.02959	0.02614	0.01783	0.02649	0.01506	0.01818	0.01108	0.00779	0.00796	0.00260	0.01176	0.00641	0.00364	0.01247
21	0.01205	0.00820	0.00978	0.00978	0.01002	0.00844	0.00592	0.01254	0.01229	0.01664	0.02552	0.05075	0.02863	0.60049	0.14769	0.00894	0.01042	0.01155	0.00494	0.00543
22	0.01154	0.00848	0.01080	0.01022	0.01228	0.00774	0.00766	0.01525	0.02299	0.03208	0.58720	0.06409	0.14380	0.01745	0.00980	0.00263	0.00395	0.01531	0.00898	0.00774
23	0.02801	0.21659	0.03037	0.02032	0.02560	0.46554	0.05240	0.03058	0.02154	0.02050	0.01274	0.01499	0.01081	0.00808	0.00706	0.00208	0.01331	0.00538	0.00408	0.01000
24	0.01208	0.00805	0.00906	0.00906	0.00906	0.00805	0.00503	0.01208	0.01208	0.01611	0.02618	0.05436	0.03020	0.70804	0.04228	0.00805	0.00805	0.01208	0.00503	0.00503
25	0.12332	0.01009	0.01209	0.06907	0.01731	0.01032	0.01004	0.01592	0.01740	0.02522	0.10662	0.12623	0.18693	0.01930	0.01174	0.08004	0.00619	0.13811	0.00671	0.00734
26	0.02757	0.10449	0.02809	0.02787	0.17891	0.44860	0.01816	0.03044	0.02172	0.02191	0.01339	0.01617	0.01130	0.00813	0.00745	0.00218	0.01310	0.00576	0.00416	0.01060

[dist]
# distance from previous block
# <min> <max>
23	96

[block]
# block no. 4 follows, 22 sequences, length 204
# corresponding to MSA columns:
# 395-598
name=unknown_E
#
# <colnr> <probs for GDERKNQSTAVLIFYWHMCP>
#	G	D	E	R	K	N	Q	S	T	A	V	L	I	F	Y	W	H	M	C	P
0	0.02125	0.01863	0.02420	0.01911	0.04917	0.05373	0.11183	0.11097	0.05012	0.05838	0.02104	0.02284	0.04686	0.00822	0.00760	0.00198	0.00847	0.00721	0.00576	0.35262
1	0.07041	0.03355	0.02984	0.02451	0.02996	0.45850	0.18203	0.03088	0.02193	0.02302	0.01385	0.01692	0.01112	0.00809	0.00799	0.00235	0.01422	0.00652	0.00431	0.01002
2	0.21928	0.01079	0.01170	0.01119	0.01376	0.01177	0.00846	0.01847	0.01471	0.05848	0.02547	0.05929	0.05696	0.14087	0.22787	0.00692	0.01140	0.00915	0.07568	0.00779
3	0.01101	0.00846	0.01006	0.00966	0.01195	0.00752	0.00725	0.01422	0.02174	0.02910	0.43168	0.06899	0.30117	0.01856	0.00981	0.00269	0.00403	0.01600	0.00859	0.00752
4	0.01094	0.00845	0.01012	0.01073	0.01279	0.00763	0.00826	0.01360	0.01926	0.02468	0.17205	0.19057	0.32037	0.02158	0.01029	0.00308	0.00496	0.13544	0.00796	0.00724
5	0.02121	0.01812	0.01909	0.01702	0.02181	0.02092	0.01328	0.07354	0.61092	0.03564	0.03311	0.03044	0.02479	0.01121	0.00845	0.00280	0.00670	0.00930	0.00845	0.01320
6	0.01811	0.01605	0.02679	0.22220	0.32427	0.01703	0.05211	0.02311	0.01800	0.02621	0.01775	0.02320	0.01418	0.00810	0.00784	0.00246	0.00922	0.00759	0.15494	0.01085
7	0.01085	0.00846	0.00985	0.00950	0.01185	0.00745	0.00712	0.01392	0.02137	0.02822	0.38603	0.07043	0.34737	0.01888	0.00981	0.00270	0.00405	0.01620	0.00848	0.00745
8	0.01811	0.01724	0.02930	0.37104	0.35530	0.01909	0.02428	0.02335	0.01776	0.02417	0.01519	0.02136	0.01211	0.00786	0.00827	0.00262	0.01047	0.00739	0.00390	0.01118
9	0.03103	0.03959	0.02354	0.02140	0.02568	0.67469	0.01605	0.03317	0.02354	0.02033	0.01284	0.01498	0.01070	0.00856	0.00749	0.00214	0.01498	0.00535	0.00428	0.00963
10	0.01048	0.00758	0.00992	0.01116	0.01209	0.00701	0.00767	0.01253	0.01781	0.02406	0.18759	0.52420	0.08967	0.02369	0.01038	0.00317	0.00458	0.02133	0.00804	0.00701
11	0.01794	0.02401	0.19727	0.01938	0.02391	0.07991	0.01876	0.02236	0.01578	0.05140	0.01667	0.02258	0.01424	0.02652	0.21684	0.00613	0.20503	0.00733	0.00422	0.00974
12	0.02872	0.03304	0.02259	0.02015	0.02476	0.46199	0.01536	0.09410	0.16580	0.02676	0.01832	0.01912	0.01438	0.00932	0.00779	0.00233	0.01249	0.00648	0.00563	0.01087
13	0.02843	0.06719	0.02463	0.02225	0.05757	0.54183	0.01631	0.03076	0.02188	0.02058	0.01326	0.01621	0.01132	0.01132	0.04016	0.00276	0.05393	0.00569	0.00421	0.00973
14	0.01536	0.03371	0.48533	0.02223	0.06033	0.01646	0.02521	0.02291	0.01723	0.02519	0.02198	0.17378	0.02077	0.01200	0.00853	0.00279	0.01046	0.01018	0.00449	0.01106
15	0.01666	0.04297	0.66500	0.02368	0.03596	0.01929	0.03069	0.02631	0.01754	0.02631	0.01491	0.01754	0.01052	0.00789	0.00789	0.00263	0.01228	0.00614	0.00351	0.01228
16	0.01666	0.04297	0.66500	0.02368	0.03596	0.01929	0.03069	0.02631	0.01754	0.02631	0.01491	0.01754	0.01052	0.00789	0.00789	0.00263	0.01228	0.00614	0.00351	0.01228
17	0.01091	0.00843	0.01005	0.01040	0.01251	0.00757	0.00793	0.01368	0.01984	0.02570	0.23463	0.16389	0.32107	0.02085	0.01015	0.00297	0.00469	0.09929	0.00811	0.00730
18	0.01026	0.00843	0.00903	0.00888	0.01149	0.00720	0.00666	0.01278	0.01998	0.02492	0.21365	0.07587	0.52181	0.02011	0.00981	0.00276	0.00414	0.01696	0.00804	0.00720
19	0.01044	0.00736	0.00955	0.01116	0.01156	0.00696	0.00728	0.01165	0.01528	0.02038	0.04260	0.59732	0.05093	0.13681	0.01575	0.00413	0.00535	0.02174	0.00728	0.00647
20	0.03158	0.02327	0.02493	0.01911	0.02576	0.02576	0.01579	0.62852	0.03906	0.05236	0.01995	0.01995	0.01413	0.00997	0.00831	0.00249	0.00914	0.00748	0.00831	0.01413
21	0.03060	0.07261	0.02452	0.02105	0.02547	0.64323	0.01596	0.03277	0.02322	0.02029	0.01278	0.01490	0.01070	0.00849	0.00738	0.00212	0.01468	0.00531	0.00424	0.00968
22	0.01187	0.00890	0.01335	0.01335	0.01483	0.01038	0.01038	0.01483	0.01335	0.01928	0.02225	0.03264	0.02077	0.06231	0.67512	0.01335	0.02225	0.00890	0.00445	0.00742
23	0.01176	0.00849	0.01110	0.01045	0.01241	0.00784	0.00784	0.01568	0.02352	0.03331	0.65184	0.06206	0.07839	0.01698	0.00980	0.00261	0.00392	0.01502	0.00914	0.00784
24	0.01199	0.00807	0.00903	0.00903	0.00915	0.00801	0.00509	0.01207	0.01236	0.01637	0.02857	0.05542	0.05594	0.67965	0.04094	0.00784	0.00789	0.01231	0.00514	0.00512
25	0.01176	0.00849	0.01110	0.01045	0.01241	0.00784	0.00784	0.01568	0.02352	0.03331	0.65184	0.06206	0.07839	0.01698	0.00980	0.00261	0.00392	0.01502	0.00914	0.00784
26	0.02051	0.01191	0.01256	0.01090	0.01422	0.01244	0.00859	0.17222	0.02311	0.06561	0.02558	0.02810	0.01947	0.00978	0.00655	0.00210	0.00533	0.00771	0.53366	0.00963
27	0.01666	0.04297	0.66500	0.02368	0.03596	0.01929	0.03069	0.02631	0.01754	0.02631	0.01491	0.01754	0.01052	0.00789	0.00789	0.00263	0.01228	0.00614	0.00351	0.01228
28	0.76672	0.01607	0.01221	0.01092	0.01607	0.01864	0.00900	0.02442	0.01414	0.03727	0.01157	0.01350	0.00900	0.00771	0.00514	0.00257	0.00643	0.00450	0.00514	0.00900
29	0.76672	0.01607	0.01221	0.01092	0.01607	0.01864	0.00900	0.02442	0.01414	0.03727	0.01157	0.01350	0.00900	0.00771	0.00514	0.00257	0.00643	0.00450	0.00514	0.00900
30	0.02056	0.01974	0.03372	0.05099	0.65622	0.01974	0.02550	0.02550	0.01892	0.02714	0.01563	0.02056	0.01316	0.00740	0.00822	0.00247	0.00987	0.00740	0.00411	0.01316
31	0.03158	0.02327	0.02493	0.01911	0.02576	0.02576	0.01579	0.62852	0.03906	0.05236	0.01995	0.01995	0.01413	0.00997	0.00831	0.00249	0.00914	0.00748	0.00831	0.01413
32	0.15852	0.02967	0.18286	0.02025	0.05604	0.16948	0.01832	0.17206	0.02353	0.03347	0.01572	0.01765	0.01184	0.00858	0.00731	0.00243	0.01053	0.00613	0.04424	0.01134
33	0.00982	0.00842	0.00842	0.00842	0.01122	0.00701	0.00631	0.01192	0.01894	0.02244	0.08416	0.07995	0.65285	0.02104	0.00982	0.00281	0.00421	0.01753	0.00771	0.00701
34	0.02056	0.01974	0.03372	0.05099	0.65622	0.01974	0.02550	0.02550	0.01892	0.02714	0.01563	0.02056	0.01316	0.00740	0.00822	0.00247	0.00987	0.00740	0.00411	0.01316
35	0.02187	0.02423	0.06421	0.03562	0.34849	0.16779	0.02119	0.02781	0.07030	0.02588	0.01983	0.02876	0.01760	0.00988	0.00845	0.00259	0.01064	0.07834	0.00489	0.01164
36	0.05311	0.01939	0.05815	0.02246	0.14776	0.05194	0.01513	0.21802	0.02430	0.03343	0.07876	0.03119	0.02302	0.16888	0.01597	0.00376	0.00892	0.00891	0.00618	0.01071
37	0.01012	0.00723	0.00964	0.01157	0.01205	0.00675	0.00771	0.01157	0.01591	0.02121	0.04579	0.70262	0.05495	0.02603	0.01060	0.00337	0.00482	0.02362	0.00771	0.00675
38	0.02615	0.03040	0.02823	0.05653	0.14400	0.36991	0.07858	0.05800	0.02174	0.02375	0.01399	0.01758	0.01154	0.00881	0.00978	0.00245	0.07709	0.00654	0.00435	0.01058
