[name]
unknown

[dist]
# distance from previous block
# <min> <max>
0	22

[block]
# block no. 0 follows, 22 sequences, length 9
# corresponding to MSA columns:
# 22-30
name=unknown_A
#
# <colnr> <probs for GDERKNQSTAVLIFYWHMCP>
#	G	D	E	R	K	N	Q	S	T	A	V	L	I	F	Y	W	H	M	C	P
0	0.06700	0.01601	0.01932	0.10827	0.02478	0.01885	0.01451	0.14957	0.13017	0.03236	0.02308	0.03051	0.01929	0.01392	0.03892	0.00328	0.11236	0.06425	0.10309	0.01047
1	0.07141	0.01417	0.07535	0.01619	0.08754	0.01169	0.01192	0.02246	0.01906	0.12481	0.16958	0.03715	0.03282	0.10128	0.01226	0.00315	0.00655	0.00967	0.16344	0.00951
2	0.01663	0.08767	0.01794	0.01358	0.01652	0.01608	0.01087	0.07835	0.09435	0.02633	0.06206	0.03811	0.11950	0.08516	0.13753	0.00511	0.08440	0.00998	0.07078	0.00906
3	0.02173	0.02190	0.02241	0.15965	0.08897	0.18098	0.01643	0.07957	0.06638	0.02632	0.01688	0.02059	0.01358	0.01289	0.06538	0.00317	0.01142	0.00667	0.00495	0.16014
4	0.01621	0.01148	0.01672	0.13923	0.10445	0.01201	0.01319	0.01948	0.01709	0.07965	0.03318	0.03727	0.14018	0.02338	0.14716	0.04982	0.01030	0.00979	0.11058	0.00883
5	0.12601	0.01324	0.02011	0.10800	0.02513	0.01331	0.13712	0.01863	0.01851	0.02690	0.13293	0.09338	0.20580	0.01416	0.00896	0.00278	0.00750	0.01267	0.00627	0.00858
6	0.23964	0.01775	0.02110	0.02261	0.15091	0.07489	0.06659	0.05065	0.01809	0.02889	0.02433	0.02757	0.09561	0.01753	0.10584	0.00415	0.01072	0.00811	0.00515	0.00985
7	0.06831	0.01578	0.02014	0.02127	0.14190	0.01627	0.01381	0.15086	0.08393	0.06426	0.07371	0.02569	0.02053	0.01364	0.01303	0.15825	0.00763	0.00788	0.00621	0.07689
8	0.01707	0.01520	0.02501	0.40681	0.22368	0.01730	0.02131	0.02219	0.01739	0.02433	0.01677	0.02295	0.01313	0.00824	0.00793	0.00256	0.00970	0.00744	0.11082	0.01015

[dist]
# distance from previous block
# <min> <max>
0	4

[block]
# block no. 1 follows, 22 sequences, length 25
# corresponding to MSA columns:
# 35-59
name=unknown_B
#
# <colnr> <probs for GDERKNQSTAVLIFYWHMCP>
#	G	D	E	R	K	N	Q	S	T	A	V	L	I	F	Y	W	H	M	C	P
0	0.01668	0.01385	0.04875	0.01318	0.01590	0.03899	0.01049	0.11609	0.01868	0.02642	0.02386	0.06388	0.02248	0.18375	0.21870	0.00699	0.01221	0.00956	0.13115	0.00835
1	0.02427	0.01980	0.02094	0.01757	0.02210	0.07391	0.01412	0.31732	0.09966	0.03722	0.02123	0.02424	0.01684	0.02459	0.19245	0.00554	0.04194	0.00791	0.00674	0.01159
2	0.02869	0.02944	0.02283	0.01943	0.02469	0.32456	0.01514	0.22056	0.13324	0.03317	0.01874	0.01938	0.01436	0.00933	0.00784	0.00232	0.01125	0.00668	0.00629	0.05208
3	0.29374	0.01879	0.01673	0.01505	0.01988	0.06787	0.01185	0.03614	0.36705	0.03461	0.02416	0.02343	0.01831	0.00977	0.00717	0.00268	0.00714	0.00731	0.00694	0.01138
4	0.60756	0.01992	0.10156	0.01313	0.01935	0.01875	0.01233	0.04898	0.01595	0.06085	0.01318	0.01488	0.00986	0.00793	0.00576	0.00258	0.00735	0.00499	0.00525	0.00984
5	0.01905	0.03621	0.52329	0.02138	0.03201	0.01738	0.02630	0.02735	0.01888	0.11314	0.07002	0.02268	0.01750	0.00897	0.00811	0.00262	0.01088	0.00717	0.00489	0.01216
6	0.01187	0.00890	0.01335	0.01335	0.01483	0.01038	0.01038	0.01483	0.01335	0.01928	0.02225	0.03264	0.02077	0.06231	0.67512	0.01335	0.02225	0.00890	0.00445	0.00742
7	0.03158	0.02327	0.02493	0.01911	0.02576	0.02576	0.01579	0.62852	0.03906	0.05236	0.01995	0.01995	0.01413	0.00997	0.00831	0.00249	0.00914	0.00748	0.00831	0.01413
8	0.03158	0.02327	0.02493	0.01911	0.02576	0.02576	0.01579	0.62852	0.03906	0.05236	0.01995	0.01995	0.01413	0.00997	0.00831	0.00249	0.00914	0.00748	0.00831	0.01413
9	0.02996	0.02745	0.02364	0.01943	0.02494	0.23282	0.01548	0.39255	0.03220	0.03966	0.01784	0.01928	0.01352	0.01336	0.05693	0.00318	0.01198	0.00690	0.00673	0.01219
10	0.01062	0.00857	0.00953	0.00965	0.01219	0.00748	0.00748	0.01328	0.01981	0.02477	0.18477	0.07833	0.47068	0.02052	0.01002	0.00290	0.00458	0.08959	0.00797	0.00725
11	0.03158	0.02327	0.02493	0.01911	0.02576	0.02576	0.01579	0.62852	0.03906	0.05236	0.01995	0.01995	0.01413	0.00997	0.00831	0.00249	0.00914	0.00748	0.00831	0.01413
12	0.01605	0.01513	0.02556	0.64138	0.10113	0.01855	0.02325	0.02154	0.01678	0.02166	0.01483	0.02203	0.01123	0.00824	0.00830	0.00275	0.01099	0.00738	0.00372	0.00952
13	0.01003	0.00842	0.00871	0.00864	0.01135	0.00710	0.00648	0.01233	0.01943	0.02361	0.14531	0.07802	0.59097	0.02060	0.00982	0.00278	0.00418	0.01726	0.00787	0.00710
14	0.01204	0.00810	0.00939	0.00965	0.00982	0.00807	0.00578	0.01239	0.01282	0.01705	0.02871	0.10102	0.03308	0.61529	0.03804	0.00745	0.00781	0.05277	0.00539	0.00533
15	0.02771	0.03304	0.02185	0.01983	0.02379	0.51174	0.01504	0.07260	0.02287	0.02244	0.01500	0.01843	0.01271	0.01809	0.12461	0.00413	0.01584	0.00613	0.00460	0.00956
16	0.02364	0.02421	0.02753	0.06642	0.22676	0.17570	0.01994	0.10747	0.02101	0.02680	0.01429	0.01864	0.01202	0.00991	0.01298	0.00271	0.18728	0.00690	0.00458	0.01120
17	0.00998	0.00779	0.00907	0.01009	0.01166	0.00687	0.00706	0.01173	0.01732	0.02179	0.06376	0.41096	0.33501	0.02369	0.01024	0.00311	0.00453	0.02077	0.00771	0.00687
18	0.03114	0.03650	0.02381	0.02097	0.02570	0.55177	0.01600	0.14595	0.02648	0.02640	0.01419	0.01592	0.01135	0.00883	0.00765	0.00221	0.01388	0.00575	0.00504	0.01048
19	0.09238	0.10392	0.28657	0.02037	0.02876	0.16028	0.04945	0.02940	0.01939	0.11161	0.01632	0.01787	0.01190	0.00822	0.00744	0.00243	0.01134	0.00612	0.00478	0.01144
20	0.02050	0.02142	0.06212	0.07787	0.54756	0.04421	0.05361	0.02567	0.01895	0.02655	0.01550	0.02038	0.01282	0.00749	0.00826	0.00249	0.01042	0.00738	0.00408	0.01271
21	0.01053	0.00772	0.01055	0.04722	0.01446	0.00744	0.00853	0.01237	0.01649	0.02207	0.08756	0.62080	0.05431	0.02444	0.01042	0.00329	0.00509	0.02214	0.00760	0.00696
22	0.02203	0.02285	0.03332	0.04550	0.51960	0.11615	0.06712	0.02670	0.01965	0.02610	0.01530	0.01987	0.01276	0.00754	0.00823	0.00244	0.01092	0.00727	0.00414	0.01250
23	0.14400	0.02799	0.11442	0.02879	0.21875	0.18933	0.01982	0.10924	0.02188	0.03032	0.01474	0.01748	0.01162	0.00817	0.00751	0.00243	0.01087	0.00624	0.00481	0.01159
24	0.01727	0.02206	0.15269	0.12670	0.18031	0.07679	0.01981	0.02267	0.02015	0.02736	0.21297	0.03257	0.03237	0.01073	0.00859	0.00256	0.00917	0.00932	0.00551	0.01040

[dist]
# distance from previous block
# <min> <max>
6	82

[block]
# block no. 2 follows, 22 sequences, length 84
# corresponding to MSA columns:
# 146-229
name=unknown_C
#
# <colnr> <probs for GDERKNQSTAVLIFYWHMCP>
#	G	D	E	R	K	N	Q	S	T	A	V	L	I	F	Y	W	H	M	C	P
0	0.06383	0.02196	0.06304	0.03048	0.27523	0.14010	0.01853	0.02376	0.01844	0.02490	0.02025	0.14804	0.02006	0.01151	0.00922	0.00259	0.04520	0.00971	0.00487	0.04827
1	0.02279	0.14471	0.13916	0.02470	0.15474	0.12307	0.01905	0.02721	0.01896	0.08448	0.01563	0.01804	0.01235	0.00807	0.00822	0.00221	0.04446	0.00607	0.00462	0.12148
2	0.01415	0.01031	0.01235	0.01138	0.01442	0.00913	0.00838	0.04758	0.01933	0.05377	0.14675	0.25171	0.14837	0.05499	0.01095	0.00290	0.00532	0.01530	0.00741	0.15551
3	0.01700	0.25318	0.02744	0.02232	0.18710	0.01924	0.01439	0.01993	0.01770	0.02249	0.03427	0.14916	0.15784	0.01348	0.00799	0.00246	0.00743	0.01139	0.00532	0.00986
4	0.02140	0.16401	0.02300	0.01476	0.01939	0.01831	0.01234	0.09619	0.05154	0.12238	0.02287	0.08922	0.02003	0.02237	0.15490	0.00477	0.04435	0.00868	0.00613	0.08336
5	0.00992	0.00842	0.00856	0.00853	0.01129	0.00706	0.00639	0.01212	0.01918	0.02303	0.11478	0.07898	0.62186	0.02082	0.00982	0.00279	0.00419	0.01740	0.00779	0.00706
6	0.08543	0.00986	0.01282	0.01265	0.01466	0.01114	0.00978	0.01738	0.04629	0.02381	0.08182	0.06824	0.02702	0.04566	0.44599	0.00968	0.01638	0.00978	0.04375	0.00788
7	0.01931	0.01896	0.02988	0.28719	0.39850	0.05471	0.02408	0.02432	0.01831	0.02456	0.01515	0.02085	0.01225	0.00780	0.00821	0.00256	0.01060	0.00728	0.00396	0.01150
8	0.01965	0.02228	0.04827	0.03580	0.07348	0.02095	0.59659	0.02656	0.01957	0.02664	0.01675	0.02232	0.01263	0.00702	0.00973	0.00278	0.01380	0.00969	0.00420	0.01130
9	0.01171	0.00848	0.01136	0.01148	0.01247	0.00917	0.00815	0.01352	0.01340	0.01850	0.02866	0.08354	0.06320	0.27941	0.37842	0.01031	0.01526	0.01139	0.00504	0.00653
10	0.01782	0.18254	0.53555	0.02171	0.03291	0.02212	0.02726	0.02601	0.01740	0.02490	0.01421	0.01666	0.01055	0.00773	0.00736	0.00245	0.01157	0.00579	0.00352	0.01194
11	0.24286	0.10448	0.02512	0.02301	0.15371	0.09012	0.01567	0.19304	0.02334	0.03548	0.01486	0.01689	0.01166	0.00829	0.00693	0.00239	0.00907	0.00601	0.00553	0.01155
12	0.01999	0.01040	0.01324	0.01144	0.01512	0.00913	0.00896	0.02323	0.02250	0.24517	0.30350	0.05485	0.19743	0.01568	0.00931	0.00264	0.00506	0.01335	0.00919	0.00979
13	0.01024	0.00838	0.00904	0.00898	0.01151	0.00718	0.00669	0.01271	0.01979	0.02471	0.20354	0.10171	0.50588	0.02038	0.00985	0.00279	0.00417	0.01725	0.00802	0.00718
14	0.02582	0.02269	0.02214	0.02267	0.13051	0.17808	0.01531	0.19209	0.05620	0.06736	0.02015	0.02221	0.01550	0.01137	0.03508	0.00278	0.01011	0.00719	0.13128	0.01148
15	0.02218	0.02282	0.03214	0.04640	0.55844	0.12131	0.02403	0.02669	0.01963	0.02608	0.01519	0.01970	0.01278	0.00758	0.00811	0.00242	0.01066	0.00708	0.00414	0.01261
16	0.01156	0.00891	0.01088	0.01191	0.01416	0.00823	0.00981	0.01446	0.01886	0.02354	0.06268	0.12025	0.32827	0.02223	0.01066	0.00333	0.00590	0.29937	0.00768	0.00731
17	0.02410	0.06908	0.18705	0.10339	0.06544	0.33663	0.04856	0.02892	0.02046	0.02254	0.01385	0.01702	0.01091	0.00816	0.00772	0.00237	0.01322	0.00605	0.00397	0.01055
18	0.01165	0.00831	0.01119	0.01185	0.01269	0.00873	0.00846	0.01346	0.01417	0.01937	0.03130	0.21026	0.03456	0.23765	0.26269	0.00843	0.01240	0.07053	0.00573	0.00658
19	0.11778	0.13304	0.02591	0.01798	0.02390	0.19684	0.01480	0.30659	0.02858	0.03707	0.01578	0.01685	0.01208	0.00889	0.00726	0.00230	0.01031	0.00609	0.00614	0.01180
20	0.01935	0.01866	0.03226	0.20323	0.48610	0.01949	0.05072	0.02452	0.01839	0.02570	0.01547	0.02102	0.01263	0.00760	0.00831	0.00255	0.01034	0.00750	0.00402	0.01213
21	0.01339	0.00956	0.01339	0.01530	0.01721	0.00956	0.01339	0.01721	0.01912	0.02486	0.04399	0.09371	0.04781	0.02295	0.01147	0.00382	0.00765	0.60031	0.00765	0.00765
22	0.01150	0.00819	0.01108	0.01290	0.01391	0.00792	0.00979	0.01380	0.01697	0.02237	0.04406	0.43064	0.05087	0.06034	0.01259	0.00379	0.00610	0.24864	0.00755	0.00701
23	0.76672	0.01607	0.01221	0.01092	0.01607	0.01864	0.00900	0.02442	0.01414	0.03727	0.01157	0.01350	0.00900	0.00771	0.00514	0.00257	0.00643	0.00450	0.00514	0.00900
24	0.01569	0.01477	0.02492	0.68808	0.05722	0.01846	0.02307	0.02123	0.01661	0.02123	0.01477	0.02215	0.01107	0.00831	0.00831	0.00277	0.01107	0.00738	0.00369	0.00923
25	0.02221	0.71304	0.04353	0.01421	0.02132	0.03287	0.01421	0.02488	0.01688	0.01955	0.01155	0.01333	0.01066	0.00711	0.00533	0.00178	0.00888	0.00444	0.00355	0.01066
26	0.01012	0.00723	0.00964	0.01157	0.01205	0.00675	0.00771	0.01157	0.01591	0.02121	0.04579	0.70262	0.05495	0.02603	0.01060	0.00337	0.00482	0.02362	0.00771	0.00675
27	0.03158	0.02327	0.02493	0.01911	0.02576	0.02576	0.01579	0.62852	0.03906	0.05236	0.01995	0.01995	0.01413	0.00997	0.00831	0.00249	0.00914	0.00748	0.00831	0.01413
28	0.01262	0.01001	0.01480	0.01436	0.01567	0.01218	0.01131	0.01545	0.01328	0.01937	0.02090	0.03091	0.01959	0.05660	0.59775	0.01219	0.10233	0.00871	0.00435	0.00762
29	0.01549	0.00774	0.00774	0.00774	0.00968	0.00774	0.00581	0.01936	0.01742	0.03097	0.02710	0.03097	0.02129	0.00968	0.00581	0.00194	0.00387	0.00774	0.75416	0.00774
30	0.01339	0.00956	0.01339	0.01530	0.01721	0.00956	0.01339	0.01721	0.01912	0.02486	0.04399	0.09371	0.04781	0.02295	0.01147	0.00382	0.00765	0.60031	0.00765	0.00765
31	0.03110	0.03764	0.02371	0.02113	0.02569	0.59720	0.01602	0.10427	0.02540	0.02416	0.01369	0.01557	0.01111	0.00873	0.00759	0.00218	0.01428	0.00560	0.00476	0.01017
32	0.00982	0.00842	0.00842	0.00842	0.01122	0.00701	0.00631	0.01192	0.01894	0.02244	0.08416	0.07995	0.65285	0.02104	0.00982	0.00281	0.00421	0.01753	0.00771	0.00701
33	0.01016	0.00747	0.00953	0.01104	0.01194	0.00684	0.00751	0.01182	0.01674	0.02199	0.08165	0.57688	0.14632	0.02483	0.01045	0.00325	0.00468	0.02227	0.00778	0.00684
34	0.03186	0.02282	0.02465	0.01890	0.02554	0.02509	0.01561	0.59934	0.03830	0.08261	0.02058	0.02036	0.01445	0.00999	0.00831	0.00250	0.00904	0.00752	0.00841	0.01413
35	0.02056	0.01974	0.03372	0.05099	0.65622	0.01974	0.02550	0.02550	0.01892	0.02714	0.01563	0.02056	0.01316	0.00740	0.00822	0.00247	0.00987	0.00740	0.00411	0.01316
36	0.01019	0.00840	0.00901	0.00939	0.01187	0.00723	0.00713	0.01239	0.01864	0.02255	0.07644	0.14465	0.53458	0.02173	0.01006	0.00296	0.00460	0.07344	0.00771	0.00705
37	0.02097	0.09939	0.21812	0.02948	0.22392	0.13246	0.02241	0.02645	0.01890	0.02495	0.01442	0.01758	0.01160	0.00757	0.00746	0.00224	0.01092	0.00608	0.00400	0.10109
38	0.01295	0.01043	0.01517	0.01455	0.01571	0.01281	0.01142	0.01556	0.01318	0.01923	0.02054	0.03136	0.01960	0.08910	0.53097	0.01142	0.13529	0.00880	0.00434	0.00757
39	0.01208	0.00805	0.00906	0.00906	0.00906	0.00805	0.00503	0.01208	0.01208	0.01611	0.02618	0.05436	0.03020	0.70804	0.04228	0.00805	0.00805	0.01208	0.00503	0.00503
40	0.10798	0.01758	0.02810	0.26667	0.37248	0.01916	0.02269	0.02389	0.01755	0.02630	0.01484	0.02027	0.01194	0.00775	0.00788	0.00258	0.00988	0.00705	0.00409	0.01130
41	0.27605	0.16928	0.20196	0.02206	0.13361	0.02197	0.01891	0.02522	0.01647	0.02881	0.01319	0.01580	0.01048	0.00758	0.00647	0.00240	0.00914	0.00544	0.00418	0.01097
42	0.02273	0.06753	0.02591	0.02121	0.02308	0.24347	0.01722	0.02471	0.01660	0.02008	0.01159	0.01681	0.01082	0.01209	0.01931	0.00302	0.42416	0.00646	0.00385	0.00937
43	0.01646	0.04944	0.05187	0.01459	0.05256	0.01357	0.01148	0.08130	0.05682	0.02792	0.04269	0.04216	0.25664	0.01271	0.00807	0.00222	0.00641	0.01041	0.00635	0.23633
44	0.01208	0.00805	0.00906	0.00906	0.00906	0.00805	0.00503	0.01208	0.01208	0.01611	0.02618	0.05436	0.03020	0.70804	0.04228	0.00805	0.00805	0.01208	0.00503	0.00503
45	0.01443	0.00722	0.01082	0.01082	0.01082	0.00722	0.00722	0.01082	0.01082	0.01443	0.01443	0.02525	0.01443	0.02886	0.03247	0.75830	0.00722	0.00722	0.00361	0.00361
46	0.01236	0.01108	0.04497	0.01288	0.01520	0.01014	0.01053	0.01660	0.05017	0.02534	0.19047	0.17028	0.14033	0.02654	0.12072	0.00475	0.03776	0.08473	0.00716	0.00798
47	0.01916	0.01857	0.02906	0.16621	0.43149	0.05377	0.02272	0.02382	0.01806	0.02471	0.01610	0.02200	0.01354	0.01419	0.08784	0.00381	0.01185	0.00747	0.00408	0.01153
48	0.02696	0.01214	0.01465	0.01204	0.01647	0.01150	0.00968	0.08700	0.02238	0.32104	0.02901	0.02869	0.02028	0.00998	0.00721	0.00228	0.00583	0.00800	0.34360	0.01127
49	0.02463	0.01405	0.01550	0.01277	0.01706	0.01456	0.01026	0.22748	0.02578	0.14660	0.02567	0.02681	0.01876	0.00988	0.00709	0.00223	0.00619	0.00776	0.37593	0.01099
50	0.03056	0.07605	0.02462	0.02101	0.02545	0.63995	0.01595	0.03272	0.02318	0.02029	0.01277	0.01489	0.01070	0.00848	0.00737	0.00212	0.01465	0.00530	0.00424	0.00969
51	0.01772	0.01684	0.02858	0.42267	0.30676	0.01899	0.02408	0.02300	0.01757	0.02369	0.01512	0.02149	0.01194	0.00793	0.00827	0.00264	0.01057	0.00739	0.00387	0.01087
52	0.01022	0.00727	0.00961	0.01144	0.01190	0.00681	0.00757	0.01159	0.01571	0.02094	0.04478	0.66923	0.05367	0.06116	0.01224	0.00361	0.00499	0.02302	0.00757	0.00666
53	0.01245	0.01007	0.01127	0.01068	0.01348	0.00969	0.00809	0.01895	0.12771	0.02888	0.30111	0.06442	0.31670	0.01775	0.00958	0.00273	0.00450	0.01514	0.00841	0.00840
54	0.02056	0.01974	0.03372	0.05099	0.65622	0.01974	0.02550	0.02550	0.01892	0.02714	0.01563	0.02056	0.01316	0.00740	0.00822	0.00247	0.00987	0.00740	0.00411	0.01316
55	0.76672	0.01607	0.01221	0.01092	0.01607	0.01864	0.00900	0.02442	0.01414	0.03727	0.01157	0.01350	0.00900	0.00771	0.00514	0.00257	0.00643	0.00450	0.00514	0.00900
56	0.01692	0.01652	0.01940	0.01860	0.05296	0.11635	0.04434	0.01935	0.01521	0.01984	0.01870	0.02974	0.01815	0.15018	0.27092	0.00775	0.14402	0.00856	0.00434	0.00817
57	0.01339	0.00956	0.01339	0.01530	0.01721	0.00956	0.01339	0.01721	0.01912	0.02486	0.04399	0.09371	0.04781	0.02295	0.01147	0.00382	0.00765	0.60031	0.00765	0.00765
58	0.01007	0.00782	0.00917	0.01011	0.01170	0.00692	0.00710	0.01194	0.01765	0.02238	0.09408	0.39249	0.32227	0.02334	0.01021	0.00308	0.00450	0.02047	0.00779	0.00692
59	0.01818	0.01818	0.02545	0.02181	0.02181	0.02545	0.01818	0.01999	0.01272	0.01999	0.01091	0.01818	0.01091	0.01454	0.02726	0.00364	0.69284	0.00727	0.00364	0.00909
60	0.01661	0.01571	0.02658	0.56739	0.17069	0.01870	0.02353	0.02203	0.01705	0.02235	0.01493	0.02185	0.01147	0.00813	0.00829	0.00271	0.01085	0.00739	0.00377	0.00997
61	0.00982	0.00842	0.00842	0.00842	0.01122	0.00701	0.00631	0.01192	0.01894	0.02244	0.08416	0.07995	0.65285	0.02104	0.00982	0.00281	0.00421	0.01753	0.00771	0.00701
62	0.03103	0.03959	0.02354	0.02140	0.02568	0.67469	0.01605	0.03317	0.02354	0.02033	0.01284	0.01498	0.01070	0.00856	0.00749	0.00214	0.01498	0.00535	0.00428	0.00963
63	0.01887	0.01483	0.04394	0.04482	0.02043	0.01442	0.01244	0.05952	0.22241	0.10583	0.10651	0.04912	0.16145	0.01466	0.00914	0.00284	0.00656	0.07344	0.00807	0.01070
64	0.05119	0.02554	0.16625	0.02957	0.03724	0.02128	0.38203	0.02538	0.01784	0.02594	0.01524	0.02037	0.01176	0.00843	0.01206	0.00289	0.12357	0.00843	0.00401	0.01098
65	0.03158	0.02327	0.02493	0.01911	0.02576	0.02576	0.01579	0.62852	0.03906	0.05236	0.01995	0.01995	0.01413	0.00997	0.00831	0.00249	0.00914	0.00748	0.00831	0.01413
66	0.01188	0.00885	0.01312	0.01312	0.01452	0.01026	0.01009	0.01469	0.01328	0.01911	0.02246	0.03381	0.02128	0.09726	0.64087	0.01306	0.02148	0.00907	0.00448	0.00729
67	0.01194	0.00861	0.01188	0.01188	0.01285	0.00958	0.00855	0.01389	0.01291	0.01819	0.02360	0.04010	0.02401	0.28404	0.45782	0.01153	0.01738	0.00999	0.00465	0.00660
68	0.01008	0.00830	0.00886	0.00898	0.01145	0.00708	0.00664	0.01233	0.01917	0.02361	0.14800	0.14195	0.52266	0.02107	0.00990	0.00284	0.00424	0.01786	0.00788	0.00708
69	0.01137	0.00921	0.01032	0.01067	0.01331	0.00842	0.00850	0.01514	0.05275	0.02420	0.09721	0.07990	0.44365	0.02080	0.01015	0.00305	0.00517	0.16085	0.00780	0.00754
70	0.03629	0.01571	0.02025	0.01553	0.02199	0.01454	0.01283	0.14155	0.02640	0.55720	0.03057	0.02684	0.01946	0.01023	0.00835	0.00256	0.00743	0.00820	0.00994	0.01414
71	0.03103	0.03959	0.02354	0.02140	0.02568	0.67469	0.01605	0.03317	0.02354	0.02033	0.01284	0.01498	0.01070	0.00856	0.00749	0.00214	0.01498	0.00535	0.00428	0.00963
72	0.03382	0.01968	0.02271	0.01741	0.02397	0.02043	0.01438	0.39735	0.03305	0.29201	0.02499	0.02322	0.01666	0.01009	0.00833	0.00252	0.00833	0.00782	0.00909	0.01413
73	0.01020	0.00726	0.00962	0.01147	0.01193	0.00680	0.00761	0.01159	0.01576	0.02101	0.04502	0.67734	0.05398	0.05263	0.01184	0.00356	0.00495	0.02317	0.00761	0.00668
74	0.06986	0.02289	0.02427	0.01869	0.02526	0.02539	0.01544	0.59706	0.03776	0.05157	0.01951	0.01961	0.01386	0.00985	0.00815	0.00250	0.00900	0.00732	0.00815	0.01386
75	0.02150	0.02173	0.03213	0.07969	0.55479	0.09374	0.02431	0.02615	0.01932	0.02607	0.01527	0.02001	0.01278	0.00758	0.00815	0.00245	0.01051	0.00717	0.00411	0.01256
76	0.14362	0.01030	0.01171	0.01068	0.01370	0.00999	0.00825	0.01900	0.02136	0.09050	0.41429	0.05282	0.13251	0.01528	0.00887	0.00263	0.00468	0.01291	0.00838	0.00851
77	0.14863	0.25836	0.02682	0.01545	0.02006	0.05943	0.01349	0.05518	0.07955	0.02681	0.01734	0.02304	0.01531	0.01027	0.00972	0.00251	0.11366	0.04886	0.04538	0.01012
78	0.01140	0.00834	0.01077	0.01134	0.01270	0.00795	0.00805	0.01508	0.05137	0.02733	0.31689	0.38101	0.06394	0.02122	0.01013	0.00300	0.00451	0.01904	0.00839	0.00756
79	0.01019	0.00736	0.00966	0.01135	0.01203	0.00682	0.00765	0.01181	0.01647	0.02192	0.08051	0.63609	0.08686	0.02528	0.01052	0.00330	0.00474	0.02284	0.00779	0.00682
80	0.01380	0.01184	0.01672	0.01503	0.01700	0.04662	0.08251	0.01626	0.01440	0.01938	0.02343	0.07053	0.02373	0.24023	0.34076	0.00943	0.01584	0.01049	0.00475	0.00726
81	0.23980	0.18967	0.07643	0.01441	0.01992	0.12376	0.01297	0.05747	0.01820	0.02838	0.01510	0.01856	0.01263	0.04397	0.00794	0.00252	0.00878	0.00569	0.09410	0.00970
82	0.16016	0.05265	0.02003	0.08919	0.10374	0.03934	0.01375	0.08573	0.06812	0.03048	0.02442	0.05849	0.07221	0.01025	0.00738	0.00240	0.00762	0.00821	0.04614	0.09970
83	0.13936	0.27207	0.03006	0.02182	0.15228	0.02422	0.01540	0.09607	0.01962	0.02908	0.04198	0.01897	0.01486	0.00855	0.00760	0.00227	0.04330	0.00621	0.04530	0.01097

[dist]
# distance from previous block
# <min> <max>
0	1

[block]
# block no. 3 follows, 22 sequences, length 6
# corresponding to MSA columns:
# 231-236
name=unknown_D
#
# <colnr> <probs for GDERKNQSTAVLIFYWHMCP>
#	G	D	E	R	K	N	Q	S	T	A	V	L	I	F	Y	W	H	M	C	P
0	0.02127	0.02391	0.11124	0.12445	0.25820	0.05265	0.14482	0.10897	0.02159	0.02929	0.01612	0.02042	0.01246	0.00792	0.00849	0.00258	0.01131	0.00764	0.00459	0.01209
1	0.07877	0.02067	0.06680	0.13303	0.02954	0.13474	0.12285	0.02200	0.01901	0.02407	0.03665	0.03829	0.21564	0.01210	0.00862	0.00265	0.00982	0.01036	0.00528	0.00914
2	0.29674	0.06597	0.01867	0.13759	0.05570	0.01827	0.01320	0.05581	0.06819	0.03020	0.02455	0.02683	0.09458	0.01308	0.04622	0.00322	0.00843	0.00765	0.00544	0.00963
3	0.01961	0.14809	0.03231	0.02685	0.16936	0.02094	0.13341	0.06705	0.01981	0.02703	0.07340	0.02606	0.05548	0.00964	0.00983	0.00244	0.07317	0.00835	0.00499	0.07215
4	0.05162	0.05088	0.20048	0.01955	0.06706	0.01581	0.04495	0.02351	0.06262	0.05997	0.05020	0.03026	0.07277	0.02399	0.18402	0.00544	0.01268	0.00866	0.00522	0.01032
5	0.01758	0.02496	0.21371	0.02966	0.17701	0.01901	0.12029	0.02354	0.01827	0.02653	0.10870	0.02571	0.02156	0.01009	0.01180	0.00279	0.12453	0.00853	0.00462	0.01112

[dist]
# distance from previous block
# <min> <max>
7	49

[block]
# block no. 4 follows, 22 sequences, length 18
# corresponding to MSA columns:
# 288-305
name=unknown_E
#
# <colnr> <probs for GDERKNQSTAVLIFYWHMCP>
#	G	D	E	R	K	N	Q	S	T	A	V	L	I	F	Y	W	H	M	C	P
0	0.01687	0.05732	0.19882	0.16528	0.03076	0.06694	0.01866	0.05528	0.01914	0.02525	0.04766	0.10500	0.09812	0.01215	0.00835	0.00264	0.00936	0.01008	0.04253	0.00978
1	0.01902	0.06382	0.33851	0.01901	0.02714	0.01869	0.02097	0.14282	0.04558	0.03107	0.04801	0.07573	0.01974	0.04487	0.00976	0.00286	0.00970	0.00856	0.04277	0.01139
2	0.11235	0.01999	0.12619	0.01518	0.02080	0.03682	0.01403	0.15985	0.02356	0.08212	0.11200	0.08884	0.12799	0.01329	0.00844	0.00266	0.00756	0.01076	0.00709	0.01049
3	0.09840	0.02294	0.10123	0.01707	0.02332	0.06986	0.01511	0.28201	0.02689	0.03789	0.04395	0.09650	0.01968	0.01099	0.00794	0.00245	0.00868	0.00864	0.00664	0.09983
4	0.01813	0.02067	0.12675	0.02218	0.14685	0.01507	0.01665	0.02502	0.08007	0.02773	0.01686	0.01931	0.01349	0.00719	0.00707	0.00186	0.00792	0.00605	0.00489	0.41623
5	0.01204	0.00811	0.00932	0.00924	0.00948	0.00803	0.00539	0.01254	0.01352	0.01828	0.10519	0.05534	0.03629	0.62078	0.03818	0.00737	0.00753	0.01245	0.00555	0.00539
6	0.07585	0.02063	0.15104	0.12056	0.05622	0.01689	0.04776	0.10564	0.05593	0.03038	0.02501	0.07956	0.05317	0.01113	0.00812	0.00266	0.00872	0.02638	0.09390	0.01046
7	0.01652	0.09947	0.01851	0.11713	0.02162	0.01401	0.01145	0.01932	0.01544	0.07003	0.02097	0.03153	0.01929	0.18091	0.18628	0.00634	0.01176	0.00832	0.04777	0.08332
8	0.01035	0.00844	0.00916	0.00898	0.01155	0.00724	0.00673	0.01296	0.02020	0.02545	0.24101	0.07501	0.49412	0.01992	0.00981	0.00275	0.00413	0.01684	0.00811	0.00724
9	0.02540	0.02203	0.02335	0.08911	0.10627	0.12229	0.01644	0.30294	0.02830	0.03664	0.02099	0.09659	0.01806	0.01105	0.00832	0.00254	0.00962	0.00895	0.03941	0.01171
10	0.01222	0.00833	0.01006	0.01030	0.01070	0.00849	0.00665	0.01302	0.01310	0.01755	0.02801	0.05705	0.03144	0.55378	0.10479	0.00808	0.00949	0.08603	0.00530	0.00561
11	0.07839	0.49612	0.13883	0.01686	0.04747	0.02816	0.01672	0.02468	0.01671	0.02228	0.01269	0.01509	0.01103	0.00958	0.03360	0.00248	0.00983	0.00502	0.00373	0.01075
12	0.61676	0.15646	0.01852	0.01159	0.01712	0.02150	0.01005	0.02451	0.01469	0.03370	0.01156	0.01346	0.00933	0.00759	0.00518	0.00241	0.00692	0.00449	0.00482	0.00933
13	0.02005	0.11981	0.02496	0.10567	0.10420	0.13605	0.01619	0.02642	0.11481	0.02344	0.02292	0.02610	0.06412	0.01609	0.08429	0.00375	0.06810	0.00786	0.00496	0.01022
14	0.01090	0.00846	0.00992	0.00956	0.01189	0.00748	0.00717	0.01403	0.02150	0.02853	0.40208	0.06993	0.33113	0.01877	0.00981	0.00270	0.00405	0.01613	0.00852	0.00748
15	0.01820	0.01559	0.02285	0.03062	0.31769	0.01566	0.01700	0.02542	0.12910	0.05864	0.03653	0.10303	0.14872	0.01284	0.00883	0.00269	0.00750	0.01147	0.00628	0.01133
16	0.01346	0.00981	0.01192	0.01177	0.01366	0.00960	0.00851	0.09088	0.02133	0.02891	0.24265	0.32158	0.10227	0.05970	0.01180	0.00324	0.00521	0.01764	0.00810	0.00796
17	0.01961	0.03314	0.32663	0.02902	0.17036	0.12106	0.05503	0.02611	0.01872	0.02505	0.01845	0.02152	0.04658	0.00889	0.00906	0.00259	0.04542	0.00716	0.00403	0.01156

[dist]
# distance from previous block
# <min> <max>
3	35

[block]
# block no. 5 follows, 22 sequences, length 60
# corresponding to MSA columns:
# 341-400
name=unknown_F
#
# <colnr> <probs for GDERKNQSTAVLIFYWHMCP>
#	G	D	E	R	K	N	Q	S	T	A	V	L	I	F	Y	W	H	M	C	P
0	0.02135	0.06535	0.02603	0.15037	0.21115	0.09219	0.01843	0.11758	0.06575	0.02837	0.02335	0.02696	0.07108	0.03552	0.00940	0.00271	0.00968	0.00821	0.00532	0.01118
1	0.01256	0.00980	0.01488	0.06259	0.04938	0.01108	0.01169	0.01593	0.01521	0.02168	0.10522	0.03521	0.02738	0.04972	0.50620	0.01063	0.01840	0.00953	0.00500	0.00789
2	0.01818	0.01818	0.02545	0.02181	0.02181	0.02545	0.01818	0.01999	0.01272	0.01999	0.01091	0.01818	0.01091	0.01454	0.02726	0.00364	0.69284	0.00727	0.00364	0.00909
3	0.02186	0.02402	0.03489	0.12064	0.27260	0.15655	0.19619	0.02688	0.01979	0.02482	0.01528	0.02013	0.01222	0.00764	0.00854	0.00253	0.01228	0.00766	0.00412	0.01136
4	0.01020	0.00843	0.00895	0.00882	0.01146	0.00718	0.00661	0.01267	0.01984	0.02460	0.19670	0.07640	0.53896	0.02024	0.00981	0.00277	0.00415	0.01704	0.00800	0.00718
5	0.01187	0.00890	0.01335	0.01335	0.01483	0.01038	0.01038	0.01483	0.01335	0.01928	0.02225	0.03264	0.02077	0.06231	0.67512	0.01335	0.02225	0.00890	0.00445	0.00742
6	0.02347	0.46043	0.12862	0.01711	0.02444	0.14273	0.01700	0.06001	0.01937	0.02248	0.01273	0.01459	0.01084	0.00763	0.00624	0.00200	0.01045	0.00501	0.00394	0.01091
7	0.01728	0.03868	0.53653	0.02604	0.03751	0.01965	0.15487	0.02637	0.01797	0.02637	0.01530	0.01855	0.01096	0.00771	0.00829	0.00267	0.01264	0.00690	0.00365	0.01205
8	0.01008	0.00843	0.00877	0.00869	0.01138	0.00712	0.00652	0.01242	0.01955	0.02389	0.15974	0.07757	0.57636	0.02050	0.00982	0.00278	0.00417	0.01720	0.00790	0.00712
9	0.03626	0.01576	0.02028	0.01555	0.02202	0.01462	0.01285	0.14487	0.02649	0.55376	0.03050	0.02680	0.01942	0.01023	0.00835	0.00256	0.00744	0.00820	0.00993	0.01414
10	0.01116	0.00834	0.01014	0.01053	0.01192	0.00815	0.00750	0.01290	0.01551	0.02006	0.04746	0.14698	0.22857	0.21803	0.15767	0.00659	0.00935	0.05630	0.00630	0.00657
11	0.01569	0.01477	0.02492	0.68808	0.05722	0.01846	0.02307	0.02123	0.01661	0.02123	0.01477	0.02215	0.01107	0.00831	0.00831	0.00277	0.01107	0.00738	0.00369	0.00923
12	0.01208	0.00805	0.00906	0.00906	0.00906	0.00805	0.00503	0.01208	0.01208	0.01611	0.02618	0.05436	0.03020	0.70804	0.04228	0.00805	0.00805	0.01208	0.00503	0.00503
13	0.01028	0.00763	0.00964	0.01116	0.01223	0.00699	0.00780	0.01202	0.01676	0.02171	0.05367	0.53152	0.17917	0.02478	0.01050	0.00329	0.00488	0.06139	0.00771	0.00686
14	0.01073	0.00819	0.01062	0.01140	0.01292	0.00808	0.00841	0.01294	0.01612	0.02113	0.04925	0.29023	0.21321	0.03574	0.21686	0.00633	0.01019	0.04387	0.00670	0.00707
15	0.02392	0.43399	0.03588	0.01717	0.02337	0.17851	0.04231	0.02943	0.10167	0.02207	0.01505	0.01647	0.01272	0.00799	0.00645	0.00205	0.01021	0.00555	0.00440	0.01078
16	0.01125	0.00864	0.01045	0.01112	0.01299	0.00806	0.00831	0.01471	0.04834	0.02488	0.16470	0.27892	0.24593	0.02173	0.01023	0.00309	0.00493	0.09628	0.00799	0.00745
17	0.01784	0.03515	0.43775	0.02955	0.10486	0.01978	0.18389	0.02630	0.01822	0.02648	0.01548	0.01912	0.01135	0.00761	0.00842	0.00266	0.01246	0.00722	0.00375	0.01210
18	0.02278	0.02565	0.10865	0.18716	0.06460	0.18009	0.01928	0.08225	0.06896	0.06104	0.01771	0.02202	0.01392	0.04572	0.01074	0.00287	0.04361	0.00718	0.00505	0.01072
19	0.01273	0.00920	0.01225	0.01376	0.01553	0.00902	0.01155	0.01589	0.01830	0.02359	0.04697	0.11087	0.11638	0.08945	0.01425	0.00410	0.00719	0.45430	0.00741	0.00729
20	0.02726	0.27181	0.03058	0.01893	0.02396	0.41625	0.01553	0.02957	0.02063	0.02004	0.01229	0.01458	0.01070	0.00839	0.00784	0.00210	0.05046	0.00514	0.00399	0.00996
21	0.01046	0.00773	0.00984	0.01116	0.01230	0.00710	0.00788	0.01244	0.01744	0.02291	0.11363	0.48434	0.16294	0.02401	0.01044	0.00323	0.00482	0.06249	0.00785	0.00697
22	0.02267	0.67775	0.04248	0.01459	0.02155	0.06650	0.01431	0.02531	0.01723	0.01959	0.01162	0.01341	0.01066	0.00718	0.00544	0.00180	0.00920	0.00449	0.00359	0.01061
23	0.17443	0.02176	0.13121	0.01525	0.02120	0.04605	0.01434	0.20658	0.02358	0.03745	0.01899	0.02100	0.01425	0.00900	0.00687	0.00237	0.00796	0.00661	0.21029	0.01082
24	0.01005	0.00842	0.00873	0.00866	0.01136	0.00711	0.00649	0.01237	0.01948	0.02373	0.15130	0.07783	0.58491	0.02056	0.00982	0.00278	0.00417	0.01724	0.00788	0.00711
25	0.03158	0.02327	0.02493	0.01911	0.02576	0.02576	0.01579	0.62852	0.03906	0.05236	0.01995	0.01995	0.01413	0.00997	0.00831	0.00249	0.00914	0.00748	0.00831	0.01413
26	0.01549	0.00774	0.00774	0.00774	0.00968	0.00774	0.00581	0.01936	0.01742	0.03097	0.02710	0.03097	0.02129	0.00968	0.00581	0.00194	0.00387	0.00774	0.75416	0.00774
27	0.01363	0.01120	0.01233	0.01157	0.01465	0.01128	0.00881	0.02259	0.20282	0.02959	0.25415	0.05978	0.28197	0.01686	0.00941	0.00275	0.00481	0.01433	0.00840	0.00908
28	0.01006	0.00748	0.00938	0.01091	0.01188	0.00680	0.00742	0.01164	0.01654	0.02146	0.05379	0.57275	0.17965	0.02499	0.01044	0.00326	0.00469	0.02235	0.00771	0.00680
29	0.03103	0.03959	0.02354	0.02140	0.02568	0.67469	0.01605	0.03317	0.02354	0.02033	0.01284	0.01498	0.01070	0.00856	0.00749	0.00214	0.01498	0.00535	0.00428	0.00963
30	0.01125	0.00804	0.01094	0.01286	0.01384	0.00772	0.00968	0.01352	0.01702	0.02247	0.04516	0.49161	0.05247	0.02496	0.01091	0.00353	0.00580	0.22346	0.00769	0.00706
31	0.01205	0.00817	0.00963	0.00963	0.00983	0.00836	0.00575	0.01245	0.01225	0.01653	0.02565	0.05147	0.02895	0.62206	0.12655	0.00876	0.00994	0.01166	0.00496	0.00535
32	0.03370	0.01987	0.02283	0.01750	0.02407	0.02072	0.01446	0.40986	0.03338	0.27904	0.02472	0.02304	0.01652	0.01009	0.00833	0.00252	0.00837	0.00780	0.00904	0.01413
33	0.02024	0.01941	0.03314	0.09268	0.61702	0.01965	0.02534	0.02522	0.01877	0.02675	0.01557	0.02066	0.01302	0.00746	0.00823	0.00249	0.00995	0.00740	0.00408	0.01290
34	0.01049	0.00756	0.01002	0.01185	0.01261	0.00709	0.00831	0.01224	0.01642	0.02169	0.04736	0.60302	0.08186	0.02544	0.01067	0.00340	0.00512	0.09030	0.00770	0.00686
35	0.03036	0.03727	0.02329	0.02098	0.02541	0.59641	0.01584	0.06511	0.06618	0.02299	0.01463	0.01633	0.01187	0.00882	0.00760	0.00220	0.01411	0.00574	0.00477	0.01010
36	0.01071	0.00772	0.01023	0.01184	0.01276	0.00725	0.00844	0.01273	0.01718	0.02286	0.10209	0.53210	0.08361	0.02456	0.01061	0.00334	0.00510	0.10207	0.00783	0.00698
37	0.01922	0.12690	0.02440	0.24564	0.03266	0.14282	0.01656	0.04535	0.01842	0.02191	0.02031	0.16100	0.02020	0.01235	0.00945	0.00267	0.05625	0.00992	0.00479	0.00919
38	0.01862	0.14074	0.40392	0.02585	0.13490	0.02127	0.02549	0.05526	0.01879	0.02652	0.01772	0.02018	0.03869	0.00836	0.00765	0.00247	0.01085	0.00664	0.00403	0.01204
39	0.01187	0.00890	0.01335	0.01335	0.01483	0.01038	0.01038	0.01483	0.01335	0.01928	0.02225	0.03264	0.02077	0.06231	0.67512	0.01335	0.02225	0.00890	0.00445	0.00742
40	0.03103	0.03959	0.02354	0.02140	0.02568	0.67469	0.01605	0.03317	0.02354	0.02033	0.01284	0.01498	0.01070	0.00856	0.00749	0.00214	0.01498	0.00535	0.00428	0.00963
41	0.01060	0.00754	0.00939	0.01066	0.01121	0.00710	0.00691	0.01173	0.01518	0.02001	0.04402	0.48417	0.09916	0.20004	0.01864	0.00452	0.00560	0.02015	0.00703	0.00633
42	0.01009	0.00734	0.00953	0.01128	0.01197	0.00677	0.00758	0.01160	0.01619	0.02132	0.04933	0.64506	0.11022	0.02557	0.01053	0.00332	0.00476	0.02305	0.00771	0.00677
43	0.51973	0.01666	0.01457	0.01246	0.01732	0.01891	0.00999	0.15258	0.01924	0.03801	0.01509	0.01971	0.01261	0.09103	0.01021	0.00320	0.00720	0.00603	0.00581	0.00963
44	0.01187	0.00890	0.01335	0.01335	0.01483	0.01038	0.01038	0.01483	0.01335	0.01928	0.02225	0.03264	0.02077	0.06231	0.67512	0.01335	0.02225	0.00890	0.00445	0.00742
45	0.01186	0.00877	0.01280	0.01305	0.01439	0.00992	0.01002	0.01457	0.01381	0.01956	0.02555	0.08353	0.02552	0.10298	0.54190	0.01168	0.01911	0.04882	0.00492	0.00722
46	0.01162	0.00786	0.00920	0.00965	0.00976	0.00775	0.00566	0.01196	0.01298	0.01730	0.03076	0.20604	0.03599	0.54847	0.03487	0.00696	0.00730	0.01478	0.00566	0.00543
47	0.03626	0.01576	0.02028	0.01555	0.02202	0.01462	0.01285	0.14487	0.02649	0.55376	0.03050	0.02680	0.01942	0.01023	0.00835	0.00256	0.00744	0.00820	0.00993	0.01414
48	0.02221	0.71304	0.04353	0.01421	0.02132	0.03287	0.01421	0.02488	0.01688	0.01955	0.01155	0.01333	0.01066	0.00711	0.00533	0.00178	0.00888	0.00444	0.00355	0.01066
49	0.01185	0.00885	0.01305	0.01297	0.01451	0.01005	0.01005	0.01495	0.01470	0.02115	0.10608	0.03655	0.02844	0.05627	0.58654	0.01192	0.01981	0.00972	0.00508	0.00747
50	0.01284	0.00842	0.00979	0.00949	0.01040	0.00808	0.00597	0.01390	0.01535	0.04686	0.14598	0.05728	0.10212	0.48328	0.03165	0.00630	0.00687	0.01302	0.00627	0.00613
51	0.01157	0.00829	0.01082	0.01077	0.01234	0.00774	0.00788	0.01480	0.02125	0.02972	0.47883	0.17370	0.06981	0.06404	0.01214	0.00315	0.00451	0.04262	0.00856	0.00746
52	0.01136	0.00846	0.01140	0.01284	0.01351	0.00863	0.00933	0.01319	0.01607	0.02153	0.04207	0.51530	0.04939	0.05706	0.01344	0.00369	0.05418	0.12428	0.00728	0.00699
53	0.08821	0.01891	0.07688	0.01652	0.02187	0.01851	0.01428	0.16155	0.20749	0.09580	0.02461	0.02591	0.01871	0.02092	0.14712	0.00488	0.01095	0.00805	0.00703	0.01182
54	0.01463	0.04663	0.13641	0.06567	0.10769	0.01386	0.04775	0.01864	0.01678	0.02264	0.03175	0.14857	0.09599	0.13754	0.01497	0.00378	0.00863	0.05374	0.00536	0.00897
55	0.01028	0.00751	0.00938	0.01079	0.01160	0.00693	0.00720	0.01168	0.01600	0.02087	0.04996	0.53326	0.14952	0.09693	0.01381	0.00377	0.00506	0.02141	0.00743	0.00661
56	0.04808	0.02164	0.02783	0.33566	0.18170	0.15580	0.06431	0.02517	0.01869	0.02333	0.01458	0.02000	0.01149	0.00804	0.00811	0.00257	0.01166	0.00703	0.00400	0.01032
57	0.01970	0.09450	0.07136	0.26488	0.09414	0.15136	0.01969	0.02395	0.01834	0.02229	0.04692	0.05195	0.01644	0.00981	0.00936	0.00258	0.06092	0.00769	0.00427	0.00985
58	0.06323	0.05001	0.10926	0.07266	0.16821	0.17891	0.01870	0.02733	0.05115	0.05499	0.10493	0.02491	0.02178	0.00948	0.00797	0.00245	0.01018	0.00767	0.00528	0.01088
59	0.01835	0.02144	0.10843	0.02105	0.09605	0.10109	0.06850	0.09392	0.02179	0.02754	0.06295	0.08773	0.20927	0.01368	0.00894	0.00265	0.00886	0.01166	0.00609	0.01002

[dist]
# distance from previous block
# <min> <max>
14	69

[block]
# block no. 6 follows, 22 sequences, length 70
# corresponding to MSA columns:
# 479-548
name=unknown_G
#
# <colnr> <probs for GDERKNQSTAVLIFYWHMCP>
#	G	D	E	R	K	N	Q	S	T	A	V	L	I	F	Y	W	H	M	C	P
0	0.02308	0.01771	0.02247	0.08659	0.02627	0.01962	0.05548	0.33170	0.02745	0.03738	0.02030	0.02508	0.01619	0.04762	0.16543	0.00526	0.01245	0.00814	0.04054	0.01123
1	0.02006	0.01961	0.10588	0.01804	0.04368	0.01808	0.01521	0.22580	0.02377	0.03263	0.05736	0.12747	0.05121	0.09567	0.01524	0.00347	0.09901	0.01097	0.00644	0.01041
2	0.02092	0.17441	0.02537	0.01709	0.02101	0.14711	0.04458	0.05068	0.01957	0.05230	0.05419	0.11321	0.06883	0.01349	0.01075	0.00266	0.09980	0.04892	0.00560	0.00952
3	0.09534	0.05145	0.02283	0.02558	0.21118	0.13527	0.01574	0.02662	0.04907	0.09362	0.06760	0.02933	0.08376	0.01296	0.04198	0.00301	0.00961	0.00843	0.00580	0.01082
4	0.02287	0.06143	0.22003	0.06073	0.20077	0.10821	0.02320	0.14949	0.02302	0.03050	0.01570	0.01853	0.01203	0.00826	0.00792	0.00246	0.01113	0.00663	0.00476	0.01233
5	0.05589	0.06221	0.24817	0.08172	0.16851	0.13852	0.07812	0.02685	0.01884	0.02524	0.01454	0.01815	0.01129	0.00782	0.00785	0.00249	0.01188	0.00654	0.00393	0.01142
6	0.06564	0.01806	0.02692	0.19398	0.33589	0.04159	0.02103	0.02664	0.06050	0.07668	0.02005	0.02371	0.03609	0.00864	0.00811	0.00258	0.00949	0.00771	0.00499	0.01170
7	0.01893	0.01581	0.02037	0.10969	0.12739	0.01723	0.01517	0.07650	0.22680	0.03048	0.02660	0.02861	0.04675	0.01392	0.05832	0.00332	0.00867	0.00850	0.08504	0.06188
8	0.02428	0.02572	0.01933	0.01741	0.02144	0.30822	0.01328	0.06856	0.19605	0.02892	0.10881	0.02753	0.02521	0.01066	0.00799	0.00240	0.00988	0.00813	0.06570	0.01048
9	0.01460	0.13684	0.01701	0.01178	0.01440	0.01394	0.00895	0.04503	0.06615	0.02236	0.03845	0.20962	0.13713	0.17783	0.04596	0.00442	0.00730	0.01396	0.00629	0.00798
10	0.01109	0.00786	0.00878	0.00946	0.01105	0.00714	0.00660	0.01308	0.01701	0.02289	0.05591	0.28580	0.28166	0.08265	0.01233	0.00333	0.00471	0.01749	0.13429	0.00687
11	0.01686	0.01579	0.05129	0.09957	0.02320	0.01711	0.01426	0.10277	0.04477	0.02552	0.03087	0.06616	0.13128	0.10957	0.04131	0.00406	0.18031	0.01060	0.00561	0.00906
12	0.01222	0.00954	0.01153	0.01038	0.01344	0.00818	0.00785	0.01556	0.02095	0.02910	0.37692	0.09070	0.19563	0.01641	0.00918	0.00245	0.00443	0.01421	0.00798	0.14334
13	0.02309	0.35119	0.14318	0.02236	0.10900	0.17758	0.01894	0.02712	0.01881	0.02188	0.01296	0.01538	0.01098	0.00762	0.00665	0.00210	0.01100	0.00533	0.00379	0.01103
14	0.06005	0.02071	0.02864	0.23268	0.36219	0.10614	0.02265	0.02520	0.01860	0.02503	0.01479	0.01991	0.01200	0.00784	0.00799	0.00252	0.01072	0.00697	0.00406	0.01131
15	0.05557	0.01680	0.10136	0.01544	0.01879	0.04364	0.01380	0.04700	0.01609	0.02453	0.01949	0.02621	0.01688	0.03375	0.31208	0.00748	0.10014	0.00771	0.11443	0.00881
16	0.02967	0.14994	0.02728	0.01961	0.02496	0.40374	0.01567	0.18030	0.02628	0.02819	0.01439	0.01594	0.01155	0.00867	0.00733	0.00217	0.01249	0.00573	0.00516	0.01093
17	0.01027	0.00843	0.00904	0.00889	0.01150	0.00720	0.00666	0.01279	0.01999	0.02495	0.21510	0.07582	0.52034	0.02010	0.00981	0.00276	0.00414	0.01695	0.00804	0.00720
18	0.02945	0.02121	0.02265	0.01761	0.02363	0.02337	0.01447	0.54775	0.03619	0.04952	0.02089	0.02141	0.01508	0.00993	0.00798	0.00242	0.00844	0.00751	0.10720	0.01328
19	0.02056	0.01974	0.03372	0.05099	0.65622	0.01974	0.02550	0.02550	0.01892	0.02714	0.01563	0.02056	0.01316	0.00740	0.00822	0.00247	0.00987	0.00740	0.00411	0.01316
20	0.01035	0.00740	0.00988	0.01169	0.01231	0.00693	0.00798	0.01202	0.01640	0.02192	0.07302	0.64504	0.05567	0.02547	0.01061	0.00336	0.00491	0.05041	0.00777	0.00684
21	0.01259	0.00874	0.01102	0.01030	0.01261	0.00790	0.00778	0.01617	0.02275	0.06016	0.52713	0.06355	0.17335	0.01737	0.00974	0.00264	0.00411	0.01515	0.00895	0.00799
22	0.00982	0.00842	0.00842	0.00842	0.01122	0.00701	0.00631	0.01192	0.01894	0.02244	0.08416	0.07995	0.65285	0.02104	0.00982	0.00281	0.00421	0.01753	0.00771	0.00701
23	0.00997	0.00842	0.00863	0.00858	0.01132	0.00708	0.00643	0.01222	0.01930	0.02330	0.12908	0.07853	0.60739	0.02072	0.00982	0.00279	0.00419	0.01733	0.00783	0.00708
24	0.01025	0.00733	0.00976	0.01148	0.01208	0.00683	0.00772	0.01189	0.01651	0.02216	0.09375	0.65193	0.05680	0.02531	0.01054	0.00331	0.00475	0.02294	0.00783	0.00683
25	0.01988	0.02102	0.02519	0.02176	0.02232	0.11153	0.01789	0.02174	0.01416	0.02004	0.01116	0.01775	0.01088	0.01375	0.02464	0.00344	0.60296	0.00702	0.00372	0.00916
26	0.02979	0.02066	0.02231	0.01735	0.02336	0.02256	0.01425	0.51235	0.03527	0.08623	0.02167	0.02191	0.01547	0.00995	0.00798	0.00242	0.00832	0.00757	0.10732	0.01328
27	0.01012	0.00723	0.00964	0.01157	0.01205	0.00675	0.00771	0.01157	0.01591	0.02121	0.04579	0.70262	0.05495	0.02603	0.01060	0.00337	0.00482	0.02362	0.00771	0.00675
28	0.02526	0.01152	0.01519	0.01255	0.01701	0.01010	0.01002	0.02859	0.02313	0.37021	0.25392	0.04593	0.11300	0.01384	0.00902	0.00261	0.00565	0.01172	0.00959	0.01113
29	0.02373	0.02574	0.03064	0.04204	0.46549	0.21785	0.02264	0.02782	0.02032	0.02508	0.01478	0.01887	0.01242	0.00775	0.00800	0.00237	0.01142	0.00678	0.00416	0.01209
30	0.02080	0.01520	0.01744	0.01567	0.01928	0.01620	0.01232	0.30698	0.02739	0.03657	0.03321	0.29584	0.03450	0.01795	0.00962	0.00301	0.00726	0.09237	0.00799	0.01039
31	0.28345	0.11707	0.02258	0.01688	0.02110	0.25121	0.01372	0.02679	0.01755	0.02606	0.01190	0.01479	0.01014	0.00909	0.00975	0.00250	0.12636	0.00526	0.00437	0.00945
