[name]
unknown

[dist]
# distance from previous block
# <min> <max>
1	37

[block]
# block no. 0 follows, 22 sequences, length 90
# corresponding to MSA columns:
# 37-126
name=unknown_A
#
# <colnr> <probs for GDERKNQSTAVLIFYWHMCP>
#	G	D	E	R	K	N	Q	S	T	A	V	L	I	F	Y	W	H	M	C	P
0	0.02036	0.02712	0.19127	0.01793	0.02406	0.15392	0.01710	0.05582	0.17437	0.02917	0.08833	0.02915	0.05411	0.01068	0.00808	0.00252	0.00936	0.00843	0.06727	0.01094
1	0.01639	0.16647	0.13118	0.01474	0.01947	0.04436	0.01393	0.02025	0.01882	0.05094	0.15864	0.21268	0.03903	0.01538	0.00866	0.00268	0.00747	0.04331	0.00635	0.00925
2	0.16533	0.33137	0.14835	0.05684	0.07227	0.02470	0.01731	0.02449	0.01689	0.02550	0.04035	0.01729	0.01345	0.00789	0.00635	0.00223	0.00901	0.00561	0.00415	0.01062
3	0.02469	0.02180	0.02374	0.02466	0.15816	0.09942	0.01637	0.21046	0.18746	0.03601	0.02184	0.02275	0.01669	0.00936	0.00798	0.00243	0.00890	0.00757	0.04390	0.05583
4	0.02549	0.02491	0.02500	0.02545	0.16068	0.19434	0.01694	0.18654	0.02481	0.03160	0.01559	0.01813	0.01247	0.00856	0.00875	0.00221	0.04977	0.00639	0.00540	0.15696
5	0.01810	0.01652	0.01847	0.15943	0.02745	0.06622	0.01431	0.03138	0.32627	0.02785	0.03076	0.17316	0.02761	0.01363	0.00881	0.00288	0.00779	0.01174	0.00696	0.01066
6	0.01122	0.00815	0.01057	0.01064	0.01225	0.00750	0.00773	0.01438	0.02124	0.02951	0.46020	0.23428	0.10205	0.01961	0.01001	0.00283	0.00418	0.01745	0.00869	0.00750
7	0.01124	0.00872	0.01039	0.01070	0.01305	0.00788	0.00850	0.01426	0.02021	0.02597	0.22639	0.07861	0.34630	0.02043	0.01023	0.00301	0.00500	0.16363	0.00808	0.00739
8	0.03158	0.02327	0.02493	0.01911	0.02576	0.02576	0.01579	0.62852	0.03906	0.05236	0.01995	0.01995	0.01413	0.00997	0.00831	0.00249	0.00914	0.00748	0.00831	0.01413
9	0.01146	0.00779	0.00924	0.00986	0.01001	0.00764	0.00588	0.01192	0.01330	0.01773	0.03240	0.26024	0.03806	0.49145	0.03222	0.00657	0.00703	0.01574	0.00588	0.00558
10	0.02385	0.02904	0.01842	0.01701	0.02079	0.44873	0.01276	0.02598	0.02198	0.02105	0.03698	0.03697	0.22802	0.01278	0.00828	0.00237	0.01134	0.00947	0.00544	0.00874
11	0.01611	0.01193	0.01428	0.01418	0.01675	0.01231	0.01107	0.14814	0.05453	0.02966	0.04200	0.31994	0.08761	0.02064	0.01016	0.00323	0.00651	0.16417	0.00786	0.00892
12	0.01785	0.18607	0.53228	0.02166	0.03283	0.02219	0.02717	0.02600	0.01740	0.02486	0.01419	0.01664	0.01055	0.00772	0.00735	0.00245	0.01155	0.00578	0.00352	0.01193
13	0.01501	0.01182	0.01320	0.01266	0.01543	0.01254	0.00944	0.02572	0.26020	0.02968	0.17244	0.15960	0.10917	0.04664	0.01055	0.00303	0.00531	0.01392	0.06415	0.00949
14	0.01765	0.01676	0.02845	0.43214	0.29785	0.01897	0.02405	0.02294	0.01754	0.02360	0.01511	0.02151	0.01191	0.00794	0.00827	0.00265	0.01059	0.00739	0.00386	0.01081
15	0.03106	0.03878	0.02361	0.02129	0.02569	0.64239	0.01604	0.06281	0.02431	0.02193	0.01319	0.01523	0.01087	0.00863	0.00753	0.00216	0.01469	0.00546	0.00448	0.00985
16	0.10571	0.03295	0.02276	0.01974	0.02473	0.43875	0.01527	0.18777	0.02664	0.03041	0.01457	0.01613	0.01142	0.00884	0.00747	0.00228	0.01259	0.00582	0.00542	0.01074
17	0.01012	0.00843	0.00883	0.00873	0.01140	0.00714	0.00655	0.01250	0.01964	0.02411	0.17124	0.07720	0.56472	0.02042	0.00982	0.00278	0.00416	0.01715	0.00793	0.00714
18	0.01717	0.01628	0.02759	0.49443	0.23929	0.01885	0.02381	0.02252	0.01731	0.02302	0.01503	0.02167	0.01171	0.00803	0.00828	0.00268	0.01071	0.00739	0.00382	0.01042
19	0.01214	0.00930	0.01387	0.01372	0.01514	0.01103	0.01072	0.01506	0.01332	0.01932	0.02176	0.03201	0.02034	0.06025	0.64719	0.01293	0.05116	0.00883	0.00442	0.00749
20	0.02133	0.01063	0.01408	0.01200	0.01569	0.00946	0.00942	0.02490	0.02340	0.27102	0.39047	0.05010	0.08358	0.01464	0.00925	0.00261	0.00513	0.01261	0.00951	0.01019
21	0.76672	0.01607	0.01221	0.01092	0.01607	0.01864	0.00900	0.02442	0.01414	0.03727	0.01157	0.01350	0.00900	0.00771	0.00514	0.00257	0.00643	0.00450	0.00514	0.00900
22	0.00985	0.00830	0.00854	0.00874	0.01130	0.00699	0.00645	0.01189	0.01863	0.02232	0.08027	0.14303	0.59228	0.02154	0.00990	0.00286	0.00427	0.01815	0.00771	0.00699
23	0.01549	0.00774	0.00774	0.00774	0.00968	0.00774	0.00581	0.01936	0.01742	0.03097	0.02710	0.03097	0.02129	0.00968	0.00581	0.00194	0.00387	0.00774	0.75416	0.00774
24	0.00993	0.00842	0.00857	0.00853	0.01129	0.00706	0.00640	0.01214	0.01920	0.02307	0.11695	0.07892	0.61966	0.02081	0.00982	0.00279	0.00419	0.01739	0.00780	0.00706
25	0.01187	0.00890	0.01335	0.01335	0.01483	0.01038	0.01038	0.01483	0.01335	0.01928	0.02225	0.03264	0.02077	0.06231	0.67512	0.01335	0.02225	0.00890	0.00445	0.00742
26	0.02922	0.18132	0.02799	0.01957	0.02476	0.45428	0.01563	0.10786	0.02411	0.02428	0.01348	0.01527	0.01113	0.00843	0.00713	0.00211	0.01293	0.00543	0.00464	0.01043
27	0.01539	0.01257	0.01381	0.01367	0.01660	0.04065	0.01104	0.07203	0.09778	0.02830	0.11116	0.09979	0.19748	0.01883	0.01002	0.00311	0.00658	0.21458	0.00783	0.00878
28	0.02113	0.05690	0.04689	0.01797	0.02165	0.18409	0.01468	0.05938	0.15331	0.02500	0.02000	0.02378	0.01672	0.02405	0.18622	0.00545	0.09985	0.00750	0.00529	0.01013
29	0.02511	0.02005	0.02129	0.01781	0.02330	0.02274	0.01422	0.28206	0.39606	0.04192	0.02817	0.02650	0.02079	0.01074	0.00840	0.00269	0.00762	0.00861	0.00840	0.01355
30	0.03103	0.03959	0.02354	0.02140	0.02568	0.67469	0.01605	0.03317	0.02354	0.02033	0.01284	0.01498	0.01070	0.00856	0.00749	0.00214	0.01498	0.00535	0.00428	0.00963
31	0.01657	0.04033	0.61572	0.02248	0.03399	0.01843	0.02883	0.02579	0.01753	0.02666	0.01582	0.01855	0.01133	0.00803	0.00774	0.00258	0.01165	0.00626	0.05979	0.01194
32	0.01208	0.00805	0.00906	0.00906	0.00906	0.00805	0.00503	0.01208	0.01208	0.01611	0.02618	0.05436	0.03020	0.70804	0.04228	0.00805	0.00805	0.01208	0.00503	0.00503
33	0.03158	0.02327	0.02493	0.01911	0.02576	0.02576	0.01579	0.62852	0.03906	0.05236	0.01995	0.01995	0.01413	0.00997	0.00831	0.00249	0.00914	0.00748	0.00831	0.01413
34	0.01012	0.00723	0.00964	0.01157	0.01205	0.00675	0.00771	0.01157	0.01591	0.02121	0.04579	0.70262	0.05495	0.02603	0.01060	0.00337	0.00482	0.02362	0.00771	0.00675
35	0.01897	0.01110	0.01146	0.01020	0.01316	0.01164	0.00797	0.15110	0.02210	0.03560	0.02555	0.02859	0.01974	0.00974	0.00635	0.00206	0.00501	0.00769	0.59285	0.00912
36	0.01666	0.04297	0.66500	0.02368	0.03596	0.01929	0.03069	0.02631	0.01754	0.02631	0.01491	0.01754	0.01052	0.00789	0.00789	0.00263	0.01228	0.00614	0.00351	0.01228
37	0.01187	0.00890	0.01335	0.01335	0.01483	0.01038	0.01038	0.01483	0.01335	0.01928	0.02225	0.03264	0.02077	0.06231	0.67512	0.01335	0.02225	0.00890	0.00445	0.00742
38	0.00982	0.00842	0.00842	0.00842	0.01122	0.00701	0.00631	0.01192	0.01894	0.02244	0.08416	0.07995	0.65285	0.02104	0.00982	0.00281	0.00421	0.01753	0.00771	0.00701
39	0.01666	0.04297	0.66500	0.02368	0.03596	0.01929	0.03069	0.02631	0.01754	0.02631	0.01491	0.01754	0.01052	0.00789	0.00789	0.00263	0.01228	0.00614	0.00351	0.01228
40	0.03103	0.03959	0.02354	0.02140	0.02568	0.67469	0.01605	0.03317	0.02354	0.02033	0.01284	0.01498	0.01070	0.00856	0.00749	0.00214	0.01498	0.00535	0.00428	0.00963
41	0.01842	0.25577	0.46764	0.02067	0.03131	0.02361	0.02546	0.02585	0.01733	0.02416	0.01384	0.01620	0.01057	0.00764	0.00708	0.00236	0.01120	0.00560	0.00352	0.01176
42	0.01818	0.01818	0.02545	0.02181	0.02181	0.02545	0.01818	0.01999	0.01272	0.01999	0.01091	0.01818	0.01091	0.01454	0.02726	0.00364	0.69284	0.00727	0.00364	0.00909
43	0.01193	0.00799	0.00910	0.00925	0.00928	0.00796	0.00523	0.01204	0.01237	0.01649	0.02765	0.10297	0.03206	0.65691	0.03991	0.00770	0.00781	0.01295	0.00523	0.00516
44	0.02066	0.01785	0.01878	0.01691	0.02160	0.02066	0.01315	0.04414	0.64121	0.03475	0.03381	0.03099	0.02536	0.01127	0.00845	0.00282	0.00657	0.00939	0.00845	0.01315
45	0.01364	0.01096	0.01247	0.01166	0.01456	0.01104	0.00887	0.02230	0.18670	0.03096	0.34444	0.05830	0.20896	0.01649	0.00945	0.00272	0.00470	0.01416	0.00860	0.00904
46	0.01012	0.00723	0.00964	0.01157	0.01205	0.00675	0.00771	0.01157	0.01591	0.02121	0.04579	0.70262	0.05495	0.02603	0.01060	0.00337	0.00482	0.02362	0.00771	0.00675
47	0.01666	0.04297	0.66500	0.02368	0.03596	0.01929	0.03069	0.02631	0.01754	0.02631	0.01491	0.01754	0.01052	0.00789	0.00789	0.00263	0.01228	0.00614	0.00351	0.01228
48	0.03158	0.02327	0.02493	0.01911	0.02576	0.02576	0.01579	0.62852	0.03906	0.05236	0.01995	0.01995	0.01413	0.00997	0.00831	0.00249	0.00914	0.00748	0.00831	0.01413
49	0.01016	0.00821	0.00906	0.00950	0.01171	0.00711	0.00699	0.01232	0.01864	0.02308	0.11699	0.21278	0.45893	0.02188	0.01005	0.00295	0.00445	0.04033	0.00782	0.00704
50	0.01010	0.00732	0.00955	0.01133	0.01199	0.00677	0.00761	0.01159	0.01613	0.02130	0.04866	0.65594	0.09977	0.02565	0.01054	0.00333	0.00477	0.02316	0.00771	0.00677
51	0.00988	0.00816	0.00868	0.00909	0.01140	0.00696	0.00661	0.01185	0.01829	0.02218	0.07596	0.21293	0.52516	0.02210	0.00999	0.00293	0.00434	0.01883	0.00771	0.00696
52	0.01961	0.02241	0.04902	0.03501	0.04342	0.02101	0.62605	0.02661	0.01961	0.02661	0.01681	0.02241	0.01261	0.00700	0.00980	0.00280	0.01401	0.00980	0.00420	0.01120
53	0.01771	0.01209	0.01249	0.01168	0.01480	0.01330	0.00896	0.03001	0.28555	0.03260	0.02999	0.03098	0.02304	0.01036	0.00694	0.00231	0.00503	0.00845	0.43363	0.01007
54	0.01891	0.04982	0.02514	0.50480	0.04815	0.13239	0.02090	0.02477	0.05390	0.02178	0.01539	0.02104	0.01182	0.00847	0.00804	0.00262	0.01139	0.00702	0.00406	0.00959
55	0.01723	0.01477	0.01723	0.01230	0.01969	0.01107	0.00984	0.02092	0.01723	0.02707	0.01477	0.01723	0.01230	0.00615	0.00615	0.00123	0.00615	0.00492	0.00492	0.75883
56	0.02680	0.16977	0.02643	0.01690	0.02302	0.02423	0.01424	0.25267	0.21878	0.10680	0.02383	0.02285	0.01756	0.00979	0.00771	0.00245	0.00806	0.00751	0.00754	0.01308
57	0.02214	0.01552	0.01782	0.01725	0.08223	0.01647	0.01219	0.27660	0.02668	0.03849	0.02701	0.07792	0.04976	0.01133	0.00766	0.00237	0.00679	0.00925	0.27164	0.01088
58	0.01180	0.00786	0.00913	0.00955	0.00973	0.00776	0.00565	0.01228	0.01314	0.01785	0.03046	0.19355	0.03517	0.53030	0.03385	0.00678	0.00717	0.01439	0.03805	0.00552
59	0.01006	0.00749	0.00937	0.01089	0.01187	0.00681	0.00741	0.01164	0.01656	0.02147	0.05409	0.56796	0.18426	0.02495	0.01043	0.00325	0.00469	0.02230	0.00771	0.00681
60	0.01191	0.00874	0.01252	0.01252	0.01372	0.00993	0.00935	0.01430	0.01311	0.01867	0.02301	0.03683	0.02259	0.18704	0.55288	0.01233	0.01951	0.00952	0.00456	0.00696
61	0.01027	0.00729	0.00960	0.01138	0.01183	0.00685	0.00751	0.01161	0.01562	0.02082	0.04432	0.65402	0.05309	0.07716	0.01298	0.00372	0.00506	0.02275	0.00751	0.00662
62	0.02538	0.01965	0.02159	0.01633	0.02316	0.01973	0.01332	0.35956	0.06186	0.04151	0.01863	0.01945	0.01400	0.00854	0.00747	0.00201	0.00783	0.00658	0.00699	0.30641
63	0.02596	0.02202	0.01997	0.01670	0.02101	0.15701	0.01330	0.28684	0.02772	0.03713	0.01968	0.02178	0.01511	0.00997	0.00900	0.00236	0.06484	0.00709	0.21148	0.01102
64	0.03057	0.03781	0.02409	0.02268	0.05544	0.60998	0.01648	0.06383	0.02413	0.02232	0.01334	0.01550	0.01100	0.00858	0.00757	0.00217	0.01444	0.00556	0.00448	0.01003
65	0.02315	0.45008	0.14801	0.01743	0.02483	0.16930	0.01750	0.02692	0.01844	0.02090	0.01242	0.01442	0.01065	0.00756	0.00625	0.00200	0.01080	0.00494	0.00370	0.01072
66	0.01943	0.01897	0.02581	0.03562	0.39560	0.08312	0.01919	0.05279	0.02027	0.02645	0.03159	0.06019	0.15298	0.01134	0.00859	0.00254	0.00892	0.01004	0.00526	0.01126
67	0.01022	0.00792	0.00935	0.01033	0.01196	0.00705	0.00739	0.01218	0.01772	0.02244	0.08769	0.37140	0.31818	0.02330	0.01027	0.00312	0.00466	0.05008	0.00777	0.00696
68	0.02221	0.71304	0.04353	0.01421	0.02132	0.03287	0.01421	0.02488	0.01688	0.01955	0.01155	0.01333	0.01066	0.00711	0.00533	0.00178	0.00888	0.00444	0.00355	0.01066
69	0.02293	0.42429	0.17193	0.01779	0.02539	0.16878	0.01813	0.02698	0.01846	0.02116	0.01255	0.01458	0.01064	0.00759	0.00634	0.00204	0.01093	0.00500	0.00370	0.01078
70	0.02056	0.01974	0.03372	0.05099	0.65622	0.01974	0.02550	0.02550	0.01892	0.02714	0.01563	0.02056	0.01316	0.00740	0.00822	0.00247	0.00987	0.00740	0.00411	0.01316
71	0.01569	0.01477	0.02492	0.68808	0.05722	0.01846	0.02307	0.02123	0.01661	0.02123	0.01477	0.02215	0.01107	0.00831	0.00831	0.00277	0.01107	0.00738	0.00369	0.00923
72	0.00990	0.00842	0.00853	0.00850	0.01127	0.00705	0.00638	0.01208	0.01913	0.02291	0.10871	0.07918	0.62801	0.02086	0.00982	0.00280	0.00420	0.01742	0.00778	0.00705
73	0.02103	0.02133	0.03210	0.04273	0.46583	0.07796	0.05019	0.02528	0.01830	0.02531	0.01463	0.01975	0.01254	0.00870	0.01147	0.00265	0.12679	0.00731	0.00405	0.01207
74	0.01075	0.00768	0.01036	0.01228	0.01304	0.00729	0.00880	0.01265	0.01652	0.02191	0.04544	0.58618	0.05358	0.02544	0.01077	0.00346	0.00536	0.13390	0.00770	0.00692
75	0.00982	0.00842	0.00842	0.00842	0.01122	0.00701	0.00631	0.01192	0.01894	0.02244	0.08416	0.07995	0.65285	0.02104	0.00982	0.00281	0.00421	0.01753	0.00771	0.00701
76	0.01127	0.00740	0.00917	0.01058	0.01150	0.00698	0.00723	0.01327	0.01639	0.02338	0.04367	0.52613	0.07766	0.02224	0.00953	0.00303	0.00458	0.01988	0.16915	0.00698
77	0.02988	0.08566	0.02504	0.02016	0.02514	0.46284	0.01570	0.14873	0.06174	0.02732	0.01533	0.01675	0.01221	0.00888	0.00754	0.00222	0.01291	0.00593	0.00525	0.01078
78	0.01031	0.00736	0.00986	0.01178	0.01235	0.00691	0.00804	0.01189	0.01609	0.02142	0.04568	0.66744	0.05453	0.02585	0.01065	0.00340	0.00498	0.05693	0.00771	0.00680
79	0.01549	0.00774	0.00774	0.00774	0.00968	0.00774	0.00581	0.01936	0.01742	0.03097	0.02710	0.03097	0.02129	0.00968	0.00581	0.00194	0.00387	0.00774	0.75416	0.00774
80	0.01785	0.18607	0.53228	0.02166	0.03283	0.02219	0.02717	0.02600	0.01740	0.02486	0.01419	0.01664	0.01055	0.00772	0.00735	0.00245	0.01155	0.00578	0.00352	0.01193
81	0.01015	0.00831	0.00895	0.00905	0.01149	0.00711	0.00669	0.01246	0.01933	0.02398	0.16719	0.14029	0.50432	0.02092	0.00989	0.00283	0.00423	0.01776	0.00793	0.00711
82	0.02056	0.01974	0.03372	0.05099	0.65622	0.01974	0.02550	0.02550	0.01892	0.02714	0.01563	0.02056	0.01316	0.00740	0.00822	0.00247	0.00987	0.00740	0.00411	0.01316
83	0.07408	0.01716	0.08260	0.01619	0.01966	0.01674	0.01389	0.15438	0.02044	0.02996	0.02563	0.22940	0.02614	0.01940	0.06430	0.00381	0.12722	0.01215	0.03723	0.00963
84	0.01637	0.01572	0.07818	0.22577	0.16509	0.01487	0.01796	0.02140	0.01709	0.02559	0.01931	0.02503	0.01543	0.01395	0.07508	0.00352	0.00996	0.00753	0.22241	0.00973
85	0.01666	0.04297	0.66500	0.02368	0.03596	0.01929	0.03069	0.02631	0.01754	0.02631	0.01491	0.01754	0.01052	0.00789	0.00789	0.00263	0.01228	0.00614	0.00351	0.01228
86	0.01012	0.00723	0.00964	0.01157	0.01205	0.00675	0.00771	0.01157	0.01591	0.02121	0.04579	0.70262	0.05495	0.02603	0.01060	0.00337	0.00482	0.02362	0.00771	0.00675
87	0.21080	0.02170	0.01826	0.01524	0.02091	0.15929	0.01201	0.08265	0.11550	0.03163	0.01693	0.01816	0.01329	0.00819	0.00673	0.00212	0.00846	0.00582	0.00568	0.22659
88	0.01999	0.01916	0.03270	0.12511	0.58653	0.01959	0.02521	0.02500	0.01865	0.02645	0.01553	0.02075	0.01292	0.00751	0.00823	0.00250	0.01001	0.00740	0.00406	0.01270
89	0.02356	0.20123	0.02492	0.01591	0.02091	0.22718	0.01305	0.07473	0.08047	0.05101	0.03111	0.03089	0.14989	0.01129	0.00763	0.00230	0.00954	0.00839	0.00579	0.01021

[dist]
# distance from previous block
# <min> <max>
2	3

[block]
# block no. 1 follows, 22 sequences, length 15
# corresponding to MSA columns:
# 130-144
name=unknown_B
#
# <colnr> <probs for GDERKNQSTAVLIFYWHMCP>
#	G	D	E	R	K	N	Q	S	T	A	V	L	I	F	Y	W	H	M	C	P
0	0.02210	0.03189	0.18327	0.02864	0.03678	0.20199	0.32022	0.02836	0.02022	0.02480	0.01527	0.01923	0.01160	0.00764	0.00872	0.00258	0.01388	0.00773	0.00406	0.01101
1	0.02475	0.01934	0.02052	0.01690	0.02234	0.02144	0.01358	0.33505	0.25514	0.04202	0.03344	0.03186	0.10232	0.01190	0.00856	0.00265	0.00756	0.00950	0.00828	0.01284
2	0.10258	0.01260	0.04092	0.01260	0.01602	0.01209	0.01077	0.04890	0.07050	0.05770	0.03319	0.04717	0.06835	0.01602	0.03756	0.00321	0.00693	0.15967	0.23418	0.00901
3	0.03042	0.02215	0.02369	0.01829	0.02460	0.02446	0.01507	0.58452	0.03750	0.05081	0.02046	0.02074	0.01465	0.00995	0.00813	0.00245	0.00876	0.00750	0.06219	0.01367
4	0.01081	0.00873	0.00980	0.01033	0.01288	0.00772	0.00827	0.01339	0.01899	0.02311	0.07301	0.08377	0.48498	0.02157	0.01028	0.00309	0.00516	0.17923	0.00770	0.00719
5	0.01666	0.04297	0.66500	0.02368	0.03596	0.01929	0.03069	0.02631	0.01754	0.02631	0.01491	0.01754	0.01052	0.00789	0.00789	0.00263	0.01228	0.00614	0.00351	0.01228
6	0.02842	0.03294	0.02242	0.02010	0.02464	0.46411	0.01529	0.07575	0.18251	0.02616	0.01868	0.01941	0.01468	0.00935	0.00779	0.00234	0.01244	0.00653	0.00562	0.01083
7	0.02221	0.71304	0.04353	0.01421	0.02132	0.03287	0.01421	0.02488	0.01688	0.01955	0.01155	0.01333	0.01066	0.00711	0.00533	0.00178	0.00888	0.00444	0.00355	0.01066
8	0.01012	0.00723	0.00964	0.01157	0.01205	0.00675	0.00771	0.01157	0.01591	0.02121	0.04579	0.70262	0.05495	0.02603	0.01060	0.00337	0.00482	0.02362	0.00771	0.00675
9	0.02346	0.02899	0.18562	0.01994	0.02639	0.17274	0.01911	0.19452	0.02534	0.03187	0.02250	0.03509	0.02013	0.01209	0.00874	0.00275	0.01097	0.14264	0.00598	0.01111
10	0.02056	0.01974	0.03372	0.05099	0.65622	0.01974	0.02550	0.02550	0.01892	0.02714	0.01563	0.02056	0.01316	0.00740	0.00822	0.00247	0.00987	0.00740	0.00411	0.01316
11	0.01012	0.00723	0.00964	0.01157	0.01205	0.00675	0.00771	0.01157	0.01591	0.02121	0.04579	0.70262	0.05495	0.02603	0.01060	0.00337	0.00482	0.02362	0.00771	0.00675
12	0.01001	0.00768	0.00918	0.01038	0.01174	0.00685	0.00718	0.01170	0.01705	0.02167	0.06030	0.46704	0.28115	0.02414	0.01031	0.00316	0.00459	0.02131	0.00771	0.00685
13	0.02142	0.02136	0.03289	0.04857	0.60469	0.07326	0.02472	0.02612	0.01929	0.02658	0.01540	0.02010	0.01296	0.00750	0.00816	0.00244	0.01029	0.00723	0.00413	0.01287
14	0.18921	0.01979	0.09835	0.01397	0.01974	0.08541	0.01249	0.02241	0.01885	0.03017	0.17673	0.02763	0.02804	0.00977	0.00722	0.00217	0.00739	0.00761	0.00580	0.21724

[dist]
# distance from previous block
# <min> <max>
0	1

[block]
# block no. 2 follows, 22 sequences, length 10
# corresponding to MSA columns:
# 146-155
name=unknown_C
#
# <colnr> <probs for GDERKNQSTAVLIFYWHMCP>
#	G	D	E	R	K	N	Q	S	T	A	V	L	I	F	Y	W	H	M	C	P
0	0.02401	0.21253	0.24619	0.01965	0.02804	0.10464	0.02045	0.19406	0.02408	0.03104	0.01518	0.01679	0.01158	0.00835	0.00729	0.00231	0.01085	0.00597	0.00495	0.01205
1	0.02373	0.59677	0.04008	0.01546	0.02207	0.14368	0.01453	0.02631	0.01803	0.01968	0.01177	0.01361	0.01067	0.00736	0.00570	0.00184	0.00994	0.00460	0.00368	0.01048
2	0.01098	0.00846	0.01003	0.00964	0.01194	0.00751	0.00723	0.01418	0.02168	0.02897	0.42486	0.06921	0.30808	0.01861	0.00981	0.00269	0.00403	0.01603	0.00857	0.00751
3	0.02056	0.01974	0.03372	0.05099	0.65622	0.01974	0.02550	0.02550	0.01892	0.02714	0.01563	0.02056	0.01316	0.00740	0.00822	0.00247	0.00987	0.00740	0.00411	0.01316
4	0.02763	0.03414	0.02685	0.02307	0.02715	0.49382	0.08824	0.03029	0.02135	0.02102	0.01300	0.01637	0.01096	0.00933	0.01093	0.00246	0.12333	0.00618	0.00417	0.00973
5	0.01387	0.00821	0.00999	0.00999	0.01162	0.00878	0.00752	0.01713	0.01550	0.02549	0.02517	0.03317	0.02169	0.07650	0.26564	0.00673	0.01122	0.00848	0.41588	0.00744
6	0.01067	0.00845	0.00959	0.00931	0.01174	0.00737	0.00698	0.01357	0.02094	0.02720	0.33283	0.07211	0.40120	0.01926	0.00981	0.00272	0.00408	0.01643	0.00834	0.00737
7	0.02654	0.02083	0.02400	0.01919	0.02354	0.02448	0.01573	0.41794	0.02993	0.04092	0.01785	0.02177	0.01432	0.05828	0.01586	0.00319	0.19899	0.00773	0.00679	0.01211
8	0.01208	0.00805	0.00906	0.00906	0.00906	0.00805	0.00503	0.01208	0.01208	0.01611	0.02618	0.05436	0.03020	0.70804	0.04228	0.00805	0.00805	0.01208	0.00503	0.00503
9	0.01079	0.00751	0.00944	0.01071	0.01103	0.00719	0.00680	0.01174	0.01460	0.01947	0.03909	0.48136	0.04650	0.25881	0.02142	0.00497	0.00592	0.01968	0.00680	0.00616

[dist]
# distance from previous block
# <min> <max>
0	1

[block]
# block no. 3 follows, 22 sequences, length 59
# corresponding to MSA columns:
# 157-215
name=unknown_D
#
# <colnr> <probs for GDERKNQSTAVLIFYWHMCP>
#	G	D	E	R	K	N	Q	S	T	A	V	L	I	F	Y	W	H	M	C	P
0	0.02460	0.21074	0.03282	0.03104	0.27059	0.24860	0.01925	0.02797	0.01997	0.02278	0.01358	0.01672	0.01165	0.00772	0.00720	0.00217	0.01137	0.00591	0.00402	0.01128
1	0.01041	0.00744	0.00997	0.01190	0.01251	0.00700	0.00822	0.01207	0.01619	0.02153	0.04563	0.64815	0.05431	0.02575	0.01068	0.00341	0.00507	0.07520	0.00771	0.00683
2	0.01989	0.02157	0.07631	0.02985	0.11009	0.02041	0.29534	0.06324	0.14818	0.02924	0.02143	0.05770	0.01732	0.00945	0.00992	0.00280	0.04044	0.00964	0.00541	0.01176
3	0.01007	0.00742	0.00944	0.01106	0.01192	0.00679	0.00749	0.01162	0.01639	0.02140	0.05193	0.60294	0.15067	0.02523	0.01048	0.00328	0.00472	0.02264	0.00771	0.00679
4	0.15974	0.01446	0.01809	0.01413	0.02034	0.01329	0.01167	0.03779	0.02216	0.55710	0.02921	0.02579	0.01862	0.00985	0.00781	0.00257	0.00696	0.00771	0.00942	0.01327
5	0.01626	0.00849	0.00857	0.00829	0.01045	0.00861	0.00629	0.04861	0.01846	0.03200	0.02676	0.03044	0.02095	0.00969	0.00593	0.00196	0.00412	0.00773	0.71834	0.00805
6	0.01897	0.01812	0.03085	0.25847	0.46115	0.01932	0.02471	0.02410	0.01817	0.02521	0.01535	0.02108	0.01248	0.00770	0.00825	0.00257	0.01026	0.00740	0.00398	0.01188
7	0.03201	0.02067	0.02298	0.01770	0.02408	0.02214	0.01459	0.47927	0.03491	0.17707	0.02292	0.02217	0.01578	0.01002	0.00820	0.00248	0.00847	0.00767	0.04300	0.01384
8	0.01091	0.00767	0.00958	0.01080	0.01130	0.00733	0.00706	0.01204	0.01496	0.01979	0.04106	0.43233	0.07379	0.24775	0.02093	0.00489	0.00599	0.04873	0.00684	0.00625
9	0.02156	0.01555	0.01543	0.01340	0.01729	0.04691	0.01053	0.18331	0.16404	0.03686	0.02609	0.02736	0.01985	0.01006	0.00713	0.00229	0.00637	0.00793	0.35732	0.01070
10	0.03158	0.02327	0.02493	0.01911	0.02576	0.02576	0.01579	0.62852	0.03906	0.05236	0.01995	0.01995	0.01413	0.00997	0.00831	0.00249	0.00914	0.00748	0.00831	0.01413
11	0.00982	0.00842	0.00842	0.00842	0.01122	0.00701	0.00631	0.01192	0.01894	0.02244	0.08416	0.07995	0.65285	0.02104	0.00982	0.00281	0.00421	0.01753	0.00771	0.00701
12	0.01069	0.00845	0.00962	0.00933	0.01175	0.00738	0.00700	0.01361	0.02099	0.02732	0.33867	0.07193	0.39529	0.01922	0.00981	0.00272	0.00408	0.01641	0.00836	0.00738
13	0.02056	0.01974	0.03372	0.05099	0.65622	0.01974	0.02550	0.02550	0.01892	0.02714	0.01563	0.02056	0.01316	0.00740	0.00822	0.00247	0.00987	0.00740	0.00411	0.01316
14	0.01531	0.07541	0.02088	0.01681	0.01821	0.01842	0.01384	0.01779	0.01341	0.01959	0.01676	0.02513	0.01592	0.03827	0.35610	0.00843	0.28945	0.00785	0.00404	0.00838
15	0.01104	0.00789	0.01069	0.01262	0.01350	0.00754	0.00931	0.01315	0.01681	0.02223	0.04528	0.53147	0.05294	0.02516	0.01085	0.00350	0.00562	0.18571	0.00769	0.00700
16	0.02872	0.18118	0.02852	0.02093	0.05462	0.41291	0.01607	0.11608	0.02411	0.02506	0.01371	0.01560	0.01130	0.00839	0.00718	0.00213	0.01259	0.00556	0.00469	0.01066
17	0.01012	0.00723	0.00964	0.01157	0.01205	0.00675	0.00771	0.01157	0.01591	0.02121	0.04579	0.70262	0.05495	0.02603	0.01060	0.00337	0.00482	0.02362	0.00771	0.00675
18	0.01012	0.00723	0.00964	0.01157	0.01205	0.00675	0.00771	0.01157	0.01591	0.02121	0.04579	0.70262	0.05495	0.02603	0.01060	0.00337	0.00482	0.02362	0.00771	0.00675
19	0.03103	0.03959	0.02354	0.02140	0.02568	0.67469	0.01605	0.03317	0.02354	0.02033	0.01284	0.01498	0.01070	0.00856	0.00749	0.00214	0.01498	0.00535	0.00428	0.00963
20	0.02107	0.57488	0.17167	0.01617	0.02434	0.03007	0.01761	0.02517	0.01702	0.02094	0.01224	0.01419	0.01063	0.00727	0.00586	0.00195	0.00958	0.00479	0.00354	0.01099
21	0.02074	0.33887	0.02940	0.01548	0.02015	0.16360	0.01336	0.02339	0.01716	0.01963	0.01531	0.01997	0.01396	0.02540	0.22392	0.00562	0.01455	0.00609	0.00400	0.00938
22	0.09524	0.02370	0.02374	0.01855	0.02492	0.06706	0.01522	0.53773	0.03590	0.04898	0.01876	0.01907	0.01346	0.00969	0.00798	0.00248	0.00928	0.00708	0.00778	0.01339
23	0.03498	0.01634	0.02046	0.01585	0.02221	0.01567	0.01304	0.16721	0.06694	0.49034	0.03008	0.02666	0.01949	0.01028	0.00835	0.00257	0.00748	0.00823	0.00974	0.01407
24	0.01290	0.01099	0.01142	0.01086	0.01413	0.01079	0.00828	0.02096	0.18909	0.02650	0.10708	0.06543	0.44446	0.01811	0.00944	0.00280	0.00484	0.01515	0.00801	0.00874
25	0.03059	0.03776	0.02409	0.02262	0.05444	0.60793	0.01647	0.06667	0.02421	0.02246	0.01337	0.01552	0.01101	0.00859	0.00757	0.00218	0.01442	0.00557	0.00450	0.01005
26	0.02056	0.01974	0.03372	0.05099	0.65622	0.01974	0.02550	0.02550	0.01892	0.02714	0.01563	0.02056	0.01316	0.00740	0.00822	0.00247	0.00987	0.00740	0.00411	0.01316
27	0.01549	0.00774	0.00774	0.00774	0.00968	0.00774	0.00581	0.01936	0.01742	0.03097	0.02710	0.03097	0.02129	0.00968	0.00581	0.00194	0.00387	0.00774	0.75416	0.00774
28	0.01402	0.01166	0.01268	0.01228	0.01528	0.01204	0.00921	0.02400	0.24673	0.02771	0.11013	0.17397	0.26193	0.01800	0.00946	0.00290	0.00516	0.01543	0.00811	0.00929
29	0.01019	0.00735	0.00965	0.01135	0.01202	0.00682	0.00764	0.01179	0.01644	0.02187	0.07779	0.63813	0.08761	0.02532	0.01052	0.00331	0.00474	0.02287	0.00778	0.00682
30	0.02059	0.01922	0.02964	0.04169	0.48299	0.01999	0.02213	0.03059	0.18878	0.02922	0.02059	0.02341	0.01649	0.00846	0.00829	0.00256	0.00897	0.00795	0.00530	0.01316
31	0.02695	0.03182	0.02102	0.01924	0.02242	0.50374	0.01434	0.02789	0.02036	0.01910	0.01307	0.01726	0.01148	0.01305	0.01366	0.15813	0.04818	0.00583	0.00411	0.00836
32	0.01187	0.00890	0.01335	0.01335	0.01483	0.01038	0.01038	0.01483	0.01335	0.01928	0.02225	0.03264	0.02077	0.06231	0.67512	0.01335	0.02225	0.00890	0.00445	0.00742
33	0.02827	0.03499	0.02395	0.02149	0.02485	0.53504	0.01651	0.03034	0.02121	0.02026	0.01242	0.01567	0.01074	0.00985	0.01174	0.00246	0.16078	0.00576	0.00414	0.00951
34	0.00982	0.00842	0.00842	0.00842	0.01122	0.00701	0.00631	0.01192	0.01894	0.02244	0.08416	0.07995	0.65285	0.02104	0.00982	0.00281	0.00421	0.01753	0.00771	0.00701
35	0.03115	0.03623	0.02383	0.02093	0.02570	0.54089	0.01600	0.15593	0.02674	0.02693	0.01431	0.01600	0.01141	0.00885	0.00766	0.00221	0.01378	0.00579	0.00511	0.01056
36	0.01819	0.02440	0.19187	0.21714	0.30346	0.01934	0.05780	0.02459	0.01797	0.02529	0.01527	0.02033	0.01189	0.00775	0.00825	0.00261	0.01103	0.00720	0.00385	0.01176
37	0.01187	0.00890	0.01335	0.01335	0.01483	0.01038	0.01038	0.01483	0.01335	0.01928	0.02225	0.03264	0.02077	0.06231	0.67512	0.01335	0.02225	0.00890	0.00445	0.00742
38	0.01098	0.00788	0.01046	0.01137	0.01253	0.00736	0.00813	0.01355	0.01912	0.02622	0.28485	0.41049	0.06374	0.02226	0.01034	0.00310	0.00465	0.05747	0.00827	0.00724
39	0.02056	0.01974	0.03372	0.05099	0.65622	0.01974	0.02550	0.02550	0.01892	0.02714	0.01563	0.02056	0.01316	0.00740	0.00822	0.00247	0.00987	0.00740	0.00411	0.01316
40	0.01012	0.00723	0.00964	0.01157	0.01205	0.00675	0.00771	0.01157	0.01591	0.02121	0.04579	0.70262	0.05495	0.02603	0.01060	0.00337	0.00482	0.02362	0.00771	0.00675
41	0.02221	0.71304	0.04353	0.01421	0.02132	0.03287	0.01421	0.02488	0.01688	0.01955	0.01155	0.01333	0.01066	0.00711	0.00533	0.00178	0.00888	0.00444	0.00355	0.01066
42	0.01842	0.01687	0.02810	0.09755	0.45158	0.01719	0.02239	0.02314	0.01877	0.02608	0.02234	0.03819	0.02127	0.01120	0.00901	0.00282	0.00944	0.14922	0.00492	0.01150
43	0.03727	0.01414	0.01928	0.01478	0.02121	0.01221	0.01221	0.04049	0.02378	0.66198	0.03277	0.02828	0.02056	0.01028	0.00835	0.00257	0.00707	0.00835	0.01028	0.01414
44	0.03727	0.01414	0.01928	0.01478	0.02121	0.01221	0.01221	0.04049	0.02378	0.66198	0.03277	0.02828	0.02056	0.01028	0.00835	0.00257	0.00707	0.00835	0.01028	0.01414
45	0.01377	0.01125	0.01263	0.01245	0.01548	0.01138	0.00988	0.02230	0.18937	0.02760	0.12835	0.06745	0.28405	0.01831	0.00980	0.00301	0.00556	0.14037	0.00807	0.00892
46	0.01173	0.00836	0.00931	0.00922	0.01155	0.00753	0.00701	0.01481	0.01996	0.02747	0.23430	0.06539	0.32564	0.01762	0.00907	0.00262	0.00423	0.04471	0.16203	0.00743
47	0.03578	0.01654	0.02077	0.01592	0.02241	0.01577	0.01315	0.19516	0.02780	0.50162	0.02940	0.02608	0.01887	0.01020	0.00834	0.00255	0.00761	0.00812	0.00976	0.01414
48	0.01012	0.00723	0.00964	0.01157	0.01205	0.00675	0.00771	0.01157	0.01591	0.02121	0.04579	0.70262	0.05495	0.02603	0.01060	0.00337	0.00482	0.02362	0.00771	0.00675
49	0.03103	0.03959	0.02354	0.02140	0.02568	0.67469	0.01605	0.03317	0.02354	0.02033	0.01284	0.01498	0.01070	0.00856	0.00749	0.00214	0.01498	0.00535	0.00428	0.00963
50	0.01047	0.00837	0.00936	0.00926	0.01166	0.00727	0.00689	0.01312	0.02025	0.02591	0.26685	0.10952	0.43178	0.02000	0.00986	0.00277	0.00415	0.01706	0.00818	0.00727
51	0.01818	0.01858	0.01948	0.01769	0.01904	0.15270	0.01387	0.02024	0.01508	0.01942	0.01652	0.02596	0.01604	0.10284	0.22897	0.00686	0.26820	0.00790	0.00418	0.00824
52	0.02475	0.17088	0.11557	0.01808	0.02508	0.02192	0.05071	0.09200	0.20441	0.15683	0.02391	0.02325	0.01739	0.00934	0.00775	0.00249	0.00863	0.00751	0.00683	0.01267
53	0.01791	0.21800	0.32921	0.01886	0.02710	0.05428	0.02128	0.02390	0.01680	0.02272	0.01540	0.01938	0.01268	0.01893	0.14475	0.00458	0.01355	0.00621	0.00375	0.01070
54	0.01638	0.04778	0.01936	0.01856	0.08509	0.07432	0.01325	0.02011	0.05774	0.02275	0.04403	0.04485	0.28319	0.01545	0.01391	0.00289	0.19410	0.01146	0.00577	0.00903
55	0.07055	0.01794	0.01978	0.01742	0.02122	0.05353	0.01443	0.25979	0.02568	0.03524	0.02558	0.06662	0.02433	0.01709	0.04439	0.00356	0.09574	0.16967	0.00691	0.01053
56	0.01500	0.01451	0.05568	0.05835	0.20217	0.01323	0.01608	0.02006	0.05829	0.02491	0.03805	0.19374	0.11832	0.01655	0.00956	0.00301	0.00755	0.11906	0.00627	0.00964
57	0.16014	0.25497	0.24780	0.01674	0.02497	0.02247	0.01844	0.02635	0.01754	0.08653	0.04327	0.01839	0.01426	0.00823	0.00666	0.00233	0.00920	0.00588	0.00472	0.01111
58	0.01934	0.06281	0.20758	0.03127	0.19036	0.07176	0.14775	0.02533	0.01815	0.02484	0.01558	0.02023	0.01255	0.01264	0.06698	0.00352	0.04659	0.00736	0.00396	0.01141

[dist]
# distance from previous block
# <min> <max>
0	14

[block]
# block no. 4 follows, 22 sequences, length 84
# corresponding to MSA columns:
# 230-313
name=unknown_E
#
# <colnr> <probs for GDERKNQSTAVLIFYWHMCP>
#	G	D	E	R	K	N	Q	S	T	A	V	L	I	F	Y	W	H	M	C	P
0	0.02427	0.02237	0.03005	0.08819	0.13100	0.07938	0.11348	0.23215	0.02511	0.03342	0.01620	0.01991	0.01263	0.00958	0.01157	0.00272	0.12305	0.00760	0.00547	0.01186
1	0.17998	0.02026	0.02132	0.18879	0.03064	0.09677	0.01600	0.19154	0.02280	0.03348	0.01554	0.01894	0.01191	0.00932	0.00918	0.00262	0.07279	0.00657	0.04104	0.01050
2	0.43921	0.01740	0.01555	0.01339	0.01870	0.05898	0.01082	0.03168	0.11531	0.17619	0.01990	0.01966	0.01427	0.00890	0.00653	0.00258	0.00713	0.00619	0.00676	0.01084
3	0.06199	0.03495	0.02309	0.02038	0.02511	0.51106	0.01558	0.13194	0.05231	0.02698	0.01487	0.01643	0.01183	0.00888	0.00757	0.00225	0.01329	0.00584	0.00516	0.01050
4	0.05855	0.02397	0.02030	0.01801	0.02280	0.19251	0.01396	0.09418	0.39511	0.03271	0.02602	0.02498	0.01973	0.01028	0.00804	0.00260	0.00901	0.00793	0.00719	0.01213
5	0.01259	0.01007	0.01188	0.01301	0.01488	0.03685	0.01015	0.01519	0.01797	0.02305	0.04764	0.31491	0.13437	0.02237	0.01046	0.00330	0.00632	0.24221	0.00740	0.04538
6	0.02066	0.01785	0.01878	0.01691	0.02160	0.02066	0.01315	0.04414	0.64121	0.03475	0.03381	0.03099	0.02536	0.01127	0.00845	0.00282	0.00657	0.00939	0.00845	0.01315
7	0.01012	0.00723	0.00964	0.01157	0.01205	0.00675	0.00771	0.01157	0.01591	0.02121	0.04579	0.70262	0.05495	0.02603	0.01060	0.00337	0.00482	0.02362	0.00771	0.00675
8	0.01191	0.00872	0.01241	0.01241	0.01357	0.00987	0.00921	0.01423	0.01307	0.01859	0.02311	0.03739	0.02283	0.20349	0.53676	0.01219	0.01915	0.00960	0.00458	0.00690
9	0.02177	0.06421	0.02967	0.03678	0.39132	0.02141	0.02066	0.08899	0.18021	0.03106	0.02044	0.02271	0.01622	0.00862	0.00811	0.00252	0.00889	0.00773	0.00560	0.01309
10	0.01195	0.00800	0.00910	0.00922	0.00925	0.00797	0.00521	0.01205	0.01233	0.01644	0.02744	0.09608	0.03179	0.66415	0.04024	0.00775	0.00785	0.01282	0.00521	0.00514
11	0.01012	0.00723	0.00964	0.01157	0.01205	0.00675	0.00771	0.01157	0.01591	0.02121	0.04579	0.70262	0.05495	0.02603	0.01060	0.00337	0.00482	0.02362	0.00771	0.00675
12	0.03103	0.03959	0.02354	0.02140	0.02568	0.67469	0.01605	0.03317	0.02354	0.02033	0.01284	0.01498	0.01070	0.00856	0.00749	0.00214	0.01498	0.00535	0.00428	0.00963
13	0.02034	0.01951	0.03332	0.08022	0.62874	0.01968	0.02538	0.02530	0.01881	0.02687	0.01559	0.02063	0.01306	0.00744	0.00823	0.00248	0.00992	0.00740	0.00409	0.01298
14	0.01549	0.00774	0.00774	0.00774	0.00968	0.00774	0.00581	0.01936	0.01742	0.03097	0.02710	0.03097	0.02129	0.00968	0.00581	0.00194	0.00387	0.00774	0.75416	0.00774
15	0.02056	0.01974	0.03372	0.05099	0.65622	0.01974	0.02550	0.02550	0.01892	0.02714	0.01563	0.02056	0.01316	0.00740	0.00822	0.00247	0.00987	0.00740	0.00411	0.01316
16	0.02066	0.01785	0.01878	0.01691	0.02160	0.02066	0.01315	0.04414	0.64121	0.03475	0.03381	0.03099	0.02536	0.01127	0.00845	0.00282	0.00657	0.00939	0.00845	0.01315
17	0.02056	0.01974	0.03372	0.05099	0.65622	0.01974	0.02550	0.02550	0.01892	0.02714	0.01563	0.02056	0.01316	0.00740	0.00822	0.00247	0.00987	0.00740	0.00411	0.01316
18	0.00982	0.00842	0.00842	0.00842	0.01122	0.00701	0.00631	0.01192	0.01894	0.02244	0.08416	0.07995	0.65285	0.02104	0.00982	0.00281	0.00421	0.01753	0.00771	0.00701
19	0.76672	0.01607	0.01221	0.01092	0.01607	0.01864	0.00900	0.02442	0.01414	0.03727	0.01157	0.01350	0.00900	0.00771	0.00514	0.00257	0.00643	0.00450	0.00514	0.00900
20	0.01707	0.03695	0.50203	0.02552	0.03649	0.01914	0.15822	0.02589	0.01826	0.02669	0.04448	0.02063	0.01408	0.00812	0.00839	0.00267	0.01227	0.00734	0.00392	0.01184
21	0.01569	0.01477	0.02492	0.68808	0.05722	0.01846	0.02307	0.02123	0.01661	0.02123	0.01477	0.02215	0.01107	0.00831	0.00831	0.00277	0.01107	0.00738	0.00369	0.00923
22	0.02056	0.01974	0.03372	0.05099	0.65622	0.01974	0.02550	0.02550	0.01892	0.02714	0.01563	0.02056	0.01316	0.00740	0.00822	0.00247	0.00987	0.00740	0.00411	0.01316
23	0.01012	0.00723	0.00964	0.01157	0.01205	0.00675	0.00771	0.01157	0.01591	0.02121	0.04579	0.70262	0.05495	0.02603	0.01060	0.00337	0.00482	0.02362	0.00771	0.00675
24	0.01012	0.00723	0.00964	0.01157	0.01205	0.00675	0.00771	0.01157	0.01591	0.02121	0.04579	0.70262	0.05495	0.02603	0.01060	0.00337	0.00482	0.02362	0.00771	0.00675
25	0.02218	0.02661	0.07782	0.03620	0.22467	0.16169	0.27484	0.02767	0.02012	0.02540	0.01547	0.01994	0.01223	0.00752	0.00871	0.00255	0.01285	0.00788	0.00415	0.01152
26	0.01443	0.00722	0.01082	0.01082	0.01082	0.00722	0.00722	0.01082	0.01082	0.01443	0.01443	0.02525	0.01443	0.02886	0.03247	0.75830	0.00722	0.00722	0.00361	0.00361
27	0.01053	0.00844	0.00940	0.00916	0.01166	0.00732	0.00687	0.01330	0.02061	0.02643	0.29215	0.07339	0.44237	0.01955	0.00981	0.00273	0.00410	0.01661	0.00824	0.00732
28	0.01299	0.00974	0.01259	0.01390	0.01614	0.00958	0.01185	0.01746	0.05121	0.02485	0.05214	0.08750	0.17732	0.02193	0.01096	0.00355	0.00685	0.44394	0.00771	0.00780
29	0.01818	0.01818	0.02545	0.02181	0.02181	0.02545	0.01818	0.01999	0.01272	0.01999	0.01091	0.01818	0.01091	0.01454	0.02726	0.00364	0.69284	0.00727	0.00364	0.00909
30	0.01723	0.01477	0.01723	0.01230	0.01969	0.01107	0.00984	0.02092	0.01723	0.02707	0.01477	0.01723	0.01230	0.00615	0.00615	0.00123	0.00615	0.00492	0.00492	0.75883
31	0.00984	0.00834	0.00849	0.00861	0.01127	0.00700	0.00640	0.01190	0.01874	0.02236	0.08173	0.11931	0.61506	0.02135	0.00987	0.00284	0.00425	0.01792	0.00771	0.00700
32	0.01569	0.01477	0.02492	0.68808	0.05722	0.01846	0.02307	0.02123	0.01661	0.02123	0.01477	0.02215	0.01107	0.00831	0.00831	0.00277	0.01107	0.00738	0.00369	0.00923
33	0.02221	0.71304	0.04353	0.01421	0.02132	0.03287	0.01421	0.02488	0.01688	0.01955	0.01155	0.01333	0.01066	0.00711	0.00533	0.00178	0.00888	0.00444	0.00355	0.01066
34	0.01627	0.06998	0.56026	0.02176	0.03253	0.01854	0.02727	0.02480	0.01781	0.02618	0.05733	0.05558	0.01719	0.00938	0.00804	0.00263	0.01120	0.00753	0.00409	0.01163
35	0.02336	0.01803	0.02974	0.03896	0.42668	0.01800	0.04715	0.02778	0.01979	0.15748	0.05115	0.02418	0.01782	0.00891	0.00960	0.00258	0.05234	0.00808	0.00561	0.01275
36	0.02056	0.01974	0.03372	0.05099	0.65622	0.01974	0.02550	0.02550	0.01892	0.02714	0.01563	0.02056	0.01316	0.00740	0.00822	0.00247	0.00987	0.00740	0.00411	0.01316
37	0.00982	0.00842	0.00842	0.00842	0.01122	0.00701	0.00631	0.01192	0.01894	0.02244	0.08416	0.07995	0.65285	0.02104	0.00982	0.00281	0.00421	0.01753	0.00771	0.00701
38	0.03103	0.03959	0.02354	0.02140	0.02568	0.67469	0.01605	0.03317	0.02354	0.02033	0.01284	0.01498	0.01070	0.00856	0.00749	0.00214	0.01498	0.00535	0.00428	0.00963
39	0.01764	0.08177	0.49552	0.02545	0.03658	0.02053	0.15479	0.02628	0.01793	0.02594	0.01509	0.01829	0.01097	0.00766	0.00813	0.00261	0.01242	0.00680	0.00366	0.01195
40	0.01569	0.01477	0.02492	0.68808	0.05722	0.01846	0.02307	0.02123	0.01661	0.02123	0.01477	0.02215	0.01107	0.00831	0.00831	0.00277	0.01107	0.00738	0.00369	0.00923
41	0.01012	0.00723	0.00964	0.01157	0.01205	0.00675	0.00771	0.01157	0.01591	0.02121	0.04579	0.70262	0.05495	0.02603	0.01060	0.00337	0.00482	0.02362	0.00771	0.00675
42	0.02266	0.67891	0.04252	0.01458	0.02154	0.06540	0.01431	0.02530	0.01722	0.01959	0.01161	0.01341	0.01066	0.00718	0.00544	0.00180	0.00919	0.00449	0.00359	0.01061
43	0.01261	0.00926	0.01235	0.01393	0.01593	0.00899	0.01189	0.01603	0.01895	0.02427	0.05110	0.11870	0.15410	0.02275	0.01115	0.00363	0.00692	0.47229	0.00766	0.00750
44	0.01176	0.00849	0.01110	0.01045	0.01241	0.00784	0.00784	0.01568	0.02352	0.03331	0.65184	0.06206	0.07839	0.01698	0.00980	0.00261	0.00392	0.01502	0.00914	0.00784
45	0.02157	0.03424	0.38824	0.02383	0.03389	0.02148	0.10683	0.20824	0.02432	0.03422	0.01669	0.01893	0.01189	0.00840	0.00828	0.00261	0.01156	0.00704	0.00505	0.01269
46	0.01032	0.00858	0.00911	0.00938	0.01206	0.00737	0.00730	0.01266	0.01896	0.02278	0.07853	0.08188	0.56806	0.02131	0.01005	0.00295	0.00469	0.09921	0.00771	0.00710
47	0.01135	0.00795	0.01027	0.01165	0.01230	0.00770	0.00816	0.01290	0.01551	0.02055	0.03993	0.39364	0.04654	0.21578	0.01963	0.00478	0.00632	0.14163	0.00695	0.00646
48	0.02276	0.02391	0.03158	0.04477	0.52367	0.15742	0.02351	0.02711	0.01989	0.02571	0.01504	0.01939	0.01264	0.00765	0.00807	0.00240	0.01094	0.00697	0.00415	0.01242
49	0.01834	0.24506	0.47757	0.02082	0.03154	0.02339	0.02572	0.02588	0.01734	0.02427	0.01390	0.01627	0.01056	0.00766	0.00712	0.00237	0.01125	0.00563	0.00352	0.01179
50	0.02125	0.59706	0.15110	0.01585	0.02385	0.03052	0.01707	0.02512	0.01699	0.02072	0.01213	0.01406	0.01064	0.00724	0.00577	0.00192	0.00947	0.00474	0.00355	0.01094
51	0.29751	0.02267	0.02516	0.01978	0.02592	0.11006	0.14163	0.20070	0.02377	0.03710	0.01526	0.01743	0.01147	0.00833	0.00736	0.00254	0.00996	0.00659	0.00574	0.01103
52	0.01712	0.00968	0.01282	0.01136	0.01426	0.00876	0.00876	0.02089	0.02357	0.16547	0.52170	0.05495	0.06623	0.01557	0.00949	0.00260	0.00458	0.01362	0.00938	0.00916
53	0.01370	0.01071	0.01294	0.01368	0.01606	0.01099	0.01092	0.02109	0.15656	0.02587	0.04906	0.20540	0.14905	0.02067	0.01033	0.00333	0.00622	0.24698	0.00785	0.00857
54	0.01569	0.01477	0.02492	0.68808	0.05722	0.01846	0.02307	0.02123	0.01661	0.02123	0.01477	0.02215	0.01107	0.00831	0.00831	0.00277	0.01107	0.00738	0.00369	0.00923
55	0.03158	0.02327	0.02493	0.01911	0.02576	0.02576	0.01579	0.62852	0.03906	0.05236	0.01995	0.01995	0.01413	0.00997	0.00831	0.00249	0.00914	0.00748	0.00831	0.01413
56	0.01176	0.00884	0.01125	0.01256	0.01453	0.00832	0.01029	0.01467	0.01856	0.02353	0.05686	0.18426	0.23853	0.02283	0.01082	0.00344	0.00613	0.32783	0.00768	0.00731
57	0.00982	0.00842	0.00842	0.00842	0.01122	0.00701	0.00631	0.01192	0.01894	0.02244	0.08416	0.07995	0.65285	0.02104	0.00982	0.00281	0.00421	0.01753	0.00771	0.00701
58	0.01961	0.02241	0.04902	0.03501	0.04342	0.02101	0.62605	0.02661	0.01961	0.02661	0.01681	0.02241	0.01261	0.00700	0.00980	0.00280	0.01401	0.00980	0.00420	0.01120
59	0.06514	0.02144	0.02343	0.01803	0.02458	0.02320	0.01489	0.50419	0.03542	0.15279	0.02170	0.02104	0.01497	0.00992	0.00818	0.00251	0.00868	0.00749	0.00850	0.01390
60	0.02145	0.62128	0.12864	0.01551	0.02333	0.03101	0.01647	0.02507	0.01697	0.02047	0.01201	0.01390	0.01064	0.00721	0.00568	0.00189	0.00935	0.00467	0.00355	0.01088
61	0.01187	0.00890	0.01335	0.01335	0.01483	0.01038	0.01038	0.01483	0.01335	0.01928	0.02225	0.03264	0.02077	0.06231	0.67512	0.01335	0.02225	0.00890	0.00445	0.00742
62	0.01012	0.00723	0.00964	0.01157	0.01205	0.00675	0.00771	0.01157	0.01591	0.02121	0.04579	0.70262	0.05495	0.02603	0.01060	0.00337	0.00482	0.02362	0.00771	0.00675
