[name]
unknown

[dist]
# distance from previous block
# <min> <max>
6	188

[block]
# block no. 0 follows, 22 sequences, length 7
# corresponding to MSA columns:
# 208-214
name=unknown_A
#
# <colnr> <probs for GDERKNQSTAVLIFYWHMCP>
#	G	D	E	R	K	N	Q	S	T	A	V	L	I	F	Y	W	H	M	C	P
0	0.15985	0.19607	0.06537	0.02191	0.05197	0.02302	0.19759	0.06445	0.01863	0.02854	0.01504	0.01839	0.01198	0.00789	0.00794	0.00243	0.03605	0.00679	0.05543	0.01066
1	0.02638	0.24219	0.03156	0.02471	0.14186	0.35602	0.01725	0.02920	0.02064	0.02136	0.01296	0.01551	0.01115	0.00790	0.00697	0.00209	0.01216	0.00545	0.00403	0.01060
2	0.02525	0.10334	0.02197	0.01573	0.02079	0.07326	0.01291	0.16616	0.09029	0.16116	0.02794	0.02857	0.06778	0.01962	0.12318	0.00433	0.01077	0.00836	0.00710	0.01150
3	0.02136	0.01444	0.01678	0.01436	0.01847	0.01456	0.01117	0.23524	0.02617	0.10284	0.11012	0.22799	0.06551	0.01582	0.00908	0.00270	0.00655	0.01352	0.00817	0.06514
4	0.01366	0.01193	0.01528	0.13898	0.02266	0.05954	0.01232	0.01663	0.01523	0.01995	0.02640	0.12484	0.05184	0.07698	0.34613	0.00842	0.01565	0.01095	0.00492	0.00767
5	0.21080	0.02241	0.06187	0.10996	0.05238	0.13846	0.01558	0.03185	0.17674	0.07270	0.01972	0.02096	0.01481	0.00903	0.00737	0.00258	0.00923	0.00678	0.00583	0.01093
6	0.01874	0.02278	0.11097	0.16879	0.11932	0.13546	0.01864	0.02322	0.01833	0.02359	0.01917	0.12035	0.01796	0.01044	0.00806	0.00242	0.01001	0.00884	0.00464	0.13827

[dist]
# distance from previous block
# <min> <max>
0	5

[block]
# block no. 1 follows, 22 sequences, length 8
# corresponding to MSA columns:
# 220-227
name=unknown_B
#
# <colnr> <probs for GDERKNQSTAVLIFYWHMCP>
#	G	D	E	R	K	N	Q	S	T	A	V	L	I	F	Y	W	H	M	C	P
0	0.02209	0.01931	0.02728	0.15484	0.07326	0.02123	0.10805	0.18731	0.16364	0.03393	0.02061	0.02304	0.01552	0.00931	0.00927	0.00264	0.03968	0.00808	0.00615	0.05476
1	0.06498	0.06200	0.02391	0.02076	0.06417	0.24676	0.01547	0.19111	0.16779	0.03332	0.01956	0.02015	0.01502	0.00936	0.00774	0.00241	0.01045	0.00688	0.00629	0.01186
2	0.01336	0.01076	0.01685	0.01981	0.12490	0.01199	0.01298	0.01666	0.01431	0.02063	0.02111	0.03056	0.01946	0.05288	0.56068	0.01148	0.02013	0.00864	0.00439	0.00840
3	0.05859	0.02219	0.14870	0.14621	0.26617	0.01871	0.04893	0.05814	0.01855	0.02704	0.01617	0.02129	0.01297	0.01402	0.08366	0.00380	0.01189	0.00728	0.00426	0.01141
4	0.01978	0.07278	0.02511	0.23345	0.15402	0.07929	0.01832	0.09190	0.02038	0.02673	0.05067	0.02389	0.01689	0.01404	0.07268	0.00351	0.01110	0.00756	0.04751	0.01036
5	0.17853	0.12214	0.05665	0.15538	0.17024	0.01991	0.01784	0.02695	0.01792	0.13585	0.01690	0.01949	0.01265	0.00812	0.00717	0.00247	0.00887	0.00645	0.00519	0.01126
6	0.01909	0.07481	0.07311	0.27484	0.20345	0.04943	0.02154	0.02746	0.12480	0.02530	0.01793	0.02191	0.01399	0.00846	0.00801	0.00258	0.01007	0.00732	0.00462	0.01129
7	0.02096	0.01899	0.03014	0.20986	0.40778	0.02031	0.02342	0.11486	0.02135	0.02940	0.01605	0.02088	0.01277	0.00802	0.00826	0.00255	0.01007	0.00741	0.00463	0.01229

[dist]
# distance from previous block
# <min> <max>
20	56

[block]
# block no. 2 follows, 22 sequences, length 20
# corresponding to MSA columns:
# 287-306
name=unknown_C
#
# <colnr> <probs for GDERKNQSTAVLIFYWHMCP>
#	G	D	E	R	K	N	Q	S	T	A	V	L	I	F	Y	W	H	M	C	P
0	0.09480	0.02062	0.02955	0.04249	0.50798	0.07708	0.02216	0.02546	0.01885	0.02733	0.01807	0.02205	0.04137	0.00815	0.00793	0.00246	0.00973	0.00739	0.00439	0.01216
1	0.01786	0.01599	0.02378	0.31874	0.17586	0.01789	0.01944	0.08277	0.07367	0.02696	0.02782	0.03126	0.11209	0.01049	0.00853	0.00268	0.00917	0.00914	0.00527	0.01058
2	0.01961	0.01798	0.02906	0.04219	0.51369	0.01804	0.02160	0.05538	0.01919	0.02695	0.02057	0.02752	0.04765	0.09074	0.01232	0.00314	0.00933	0.00847	0.00463	0.01194
3	0.02243	0.02526	0.09242	0.03780	0.30528	0.11877	0.18629	0.02783	0.01994	0.05974	0.01637	0.02036	0.01279	0.00767	0.00852	0.00253	0.01183	0.00768	0.00444	0.01207
4	0.01889	0.01853	0.02064	0.02377	0.15970	0.14141	0.01508	0.06031	0.01934	0.02470	0.05982	0.18105	0.02711	0.02126	0.10745	0.00431	0.07011	0.01141	0.00555	0.00957
5	0.02078	0.02536	0.12611	0.03797	0.37796	0.10951	0.02355	0.02561	0.01841	0.02495	0.01486	0.01955	0.01247	0.01065	0.03702	0.00302	0.08938	0.00698	0.00400	0.01185
6	0.02969	0.14195	0.02658	0.02031	0.02502	0.57715	0.01577	0.03191	0.02253	0.02021	0.01264	0.01473	0.01069	0.00834	0.00716	0.00208	0.01405	0.00521	0.00417	0.00979
7	0.02344	0.01900	0.05657	0.01651	0.02170	0.01946	0.01378	0.23498	0.24429	0.06755	0.02624	0.02768	0.02008	0.05040	0.05321	0.00357	0.00866	0.00847	0.07220	0.01221
8	0.00989	0.00814	0.00870	0.00914	0.01141	0.00695	0.00664	0.01184	0.01824	0.02216	0.07529	0.22387	0.51466	0.02219	0.01000	0.00294	0.00435	0.01894	0.00771	0.00695
9	0.02460	0.12557	0.02381	0.01644	0.02169	0.09028	0.01350	0.28805	0.08211	0.03724	0.10530	0.05626	0.05662	0.01164	0.00815	0.00244	0.00839	0.00912	0.00723	0.01157
10	0.02348	0.37543	0.17592	0.01812	0.02579	0.15256	0.01836	0.07895	0.02022	0.02403	0.01327	0.01515	0.01094	0.00781	0.00657	0.00210	0.01083	0.00526	0.00409	0.01112
11	0.01800	0.01712	0.02908	0.38646	0.34081	0.01906	0.02422	0.02325	0.01770	0.02403	0.01517	0.02140	0.01206	0.00788	0.00827	0.00263	0.01050	0.00739	0.00389	0.01109
12	0.01381	0.00899	0.01064	0.01051	0.01241	0.00834	0.00766	0.01566	0.01721	0.07794	0.09053	0.06712	0.22824	0.27097	0.02182	0.00486	0.00643	0.11274	0.00705	0.00709
13	0.02082	0.02196	0.02772	0.19873	0.24403	0.14652	0.02145	0.02468	0.01785	0.02276	0.01383	0.01936	0.01166	0.00943	0.01233	0.00274	0.16263	0.00697	0.00393	0.01059
14	0.08792	0.13364	0.02766	0.02421	0.14089	0.23081	0.01675	0.15751	0.05302	0.03038	0.01555	0.01745	0.01243	0.00848	0.00732	0.00229	0.01075	0.00616	0.00526	0.01152
15	0.01178	0.00793	0.00915	0.00944	0.00951	0.00786	0.00544	0.01200	0.01266	0.01688	0.02914	0.15248	0.03395	0.60482	0.03749	0.00735	0.00756	0.01383	0.00544	0.00529
16	0.01125	0.00882	0.01032	0.01072	0.01284	0.00816	0.00803	0.01498	0.05527	0.02526	0.18063	0.21902	0.30464	0.02101	0.01008	0.00300	0.00477	0.07561	0.00803	0.00753
17	0.02118	0.18030	0.02788	0.02433	0.17222	0.11988	0.01627	0.08317	0.01958	0.02465	0.01654	0.02136	0.01443	0.02313	0.19407	0.00531	0.01381	0.00683	0.00452	0.01054
18	0.01809	0.03394	0.40987	0.03210	0.18437	0.01969	0.13132	0.02617	0.01822	0.02656	0.01540	0.01909	0.01150	0.00762	0.00830	0.00262	0.01200	0.00707	0.00377	0.01230
19	0.16602	0.06466	0.17421	0.03405	0.32434	0.02024	0.05081	0.02549	0.01758	0.02847	0.01449	0.01816	0.01157	0.00754	0.00745	0.00250	0.00988	0.00649	0.00415	0.01191

[dist]
# distance from previous block
# <min> <max>
3	5

[block]
# block no. 3 follows, 22 sequences, length 19
# corresponding to MSA columns:
# 312-330
name=unknown_D
#
# <colnr> <probs for GDERKNQSTAVLIFYWHMCP>
#	G	D	E	R	K	N	Q	S	T	A	V	L	I	F	Y	W	H	M	C	P
0	0.01232	0.00934	0.01327	0.01303	0.01411	0.01089	0.00980	0.01461	0.01305	0.01868	0.02231	0.03614	0.02205	0.19135	0.50311	0.01163	0.06331	0.00944	0.00452	0.00704
1	0.02374	0.43948	0.06790	0.01669	0.02288	0.21338	0.01533	0.02664	0.01857	0.02010	0.01281	0.01531	0.01134	0.01127	0.05103	0.00270	0.01169	0.00509	0.00382	0.01023
2	0.01087	0.00803	0.01023	0.01105	0.01251	0.00739	0.00805	0.01340	0.01902	0.02541	0.23474	0.34566	0.16319	0.02216	0.01031	0.00309	0.00471	0.07482	0.00814	0.00721
3	0.02221	0.71304	0.04353	0.01421	0.02132	0.03287	0.01421	0.02488	0.01688	0.01955	0.01155	0.01333	0.01066	0.00711	0.00533	0.00178	0.00888	0.00444	0.00355	0.01066
4	0.01025	0.00729	0.00960	0.01140	0.01185	0.00684	0.00753	0.01160	0.01565	0.02086	0.04446	0.65874	0.05327	0.07220	0.01275	0.00369	0.00504	0.02284	0.00753	0.00663
5	0.01208	0.00805	0.00906	0.00906	0.00906	0.00805	0.00503	0.01208	0.01208	0.01611	0.02618	0.05436	0.03020	0.70804	0.04228	0.00805	0.00805	0.01208	0.00503	0.00503
6	0.02021	0.13976	0.07196	0.02699	0.19401	0.02268	0.01891	0.09835	0.01883	0.02623	0.01530	0.02020	0.01325	0.01705	0.10615	0.00416	0.16343	0.00700	0.00444	0.01107
7	0.01222	0.00913	0.01286	0.01268	0.01373	0.01052	0.00942	0.01439	0.01300	0.01853	0.02269	0.03737	0.02265	0.22110	0.48632	0.01157	0.05074	0.00962	0.00456	0.00690
8	0.01043	0.00736	0.00955	0.01117	0.01158	0.00695	0.00729	0.01165	0.01530	0.02040	0.04268	0.59989	0.05102	0.13411	0.01562	0.00412	0.00533	0.02179	0.00729	0.00648
9	0.03077	0.02647	0.02424	0.01947	0.02548	0.16636	0.01568	0.46218	0.07387	0.04429	0.01928	0.01957	0.01410	0.00975	0.00814	0.00244	0.01025	0.00714	0.00744	0.01309
10	0.02163	0.01956	0.01638	0.01482	0.01842	0.18891	0.01141	0.08383	0.10807	0.05260	0.02915	0.03095	0.08478	0.01786	0.09658	0.00380	0.01031	0.00852	0.17266	0.00973
11	0.01164	0.00998	0.04173	0.01417	0.05575	0.00855	0.00940	0.01351	0.01574	0.02135	0.06931	0.44983	0.04586	0.17291	0.01722	0.00426	0.00617	0.01874	0.00676	0.00712
12	0.09672	0.02364	0.02414	0.02528	0.16212	0.13943	0.01678	0.21227	0.15274	0.03603	0.01976	0.02084	0.01511	0.00921	0.00787	0.00250	0.00957	0.00719	0.00639	0.01242
13	0.13647	0.12225	0.27793	0.01873	0.02679	0.08361	0.01988	0.03038	0.15415	0.02840	0.01789	0.01905	0.01357	0.00856	0.00721	0.00250	0.00992	0.00630	0.00493	0.01149
14	0.09145	0.02248	0.06660	0.19321	0.20621	0.13216	0.02001	0.02714	0.08345	0.02602	0.01901	0.02248	0.03736	0.00881	0.00789	0.00256	0.01032	0.00728	0.00469	0.01088
15	0.05218	0.21363	0.13302	0.02942	0.22674	0.13480	0.04873	0.02677	0.01878	0.02419	0.01383	0.01699	0.01146	0.00759	0.00722	0.00227	0.01090	0.00605	0.00394	0.01149
16	0.02124	0.09416	0.40932	0.04606	0.03263	0.07495	0.02486	0.14684	0.02224	0.03027	0.01546	0.01763	0.01129	0.00831	0.00774	0.00250	0.01154	0.00625	0.00454	0.01218
17	0.02465	0.16344	0.07084	0.07396	0.03010	0.22978	0.10373	0.09577	0.08119	0.02641	0.01621	0.01851	0.01275	0.00841	0.00767	0.00235	0.01173	0.00663	0.00487	0.01102
18	0.02328	0.02270	0.06513	0.07492	0.11244	0.17534	0.01686	0.02961	0.09402	0.11380	0.06936	0.03131	0.02279	0.01077	0.00840	0.00256	0.00976	0.06400	0.00619	0.04676

[dist]
# distance from previous block
# <min> <max>
0	17

[block]
# block no. 4 follows, 22 sequences, length 19
# corresponding to MSA columns:
# 348-366
name=unknown_E
#
# <colnr> <probs for GDERKNQSTAVLIFYWHMCP>
#	G	D	E	R	K	N	Q	S	T	A	V	L	I	F	Y	W	H	M	C	P
0	0.11665	0.07786	0.02419	0.08515	0.12535	0.04790	0.01608	0.03064	0.08004	0.20437	0.02062	0.02188	0.01514	0.00956	0.00982	0.00263	0.08700	0.00714	0.00626	0.01171
1	0.01109	0.00779	0.00946	0.01039	0.01092	0.00746	0.00669	0.01207	0.01465	0.01927	0.04038	0.34379	0.09311	0.32032	0.02427	0.00537	0.00629	0.04405	0.00655	0.00607
2	0.01552	0.01100	0.01244	0.01151	0.01460	0.01049	0.00874	0.11572	0.02249	0.07086	0.13115	0.19485	0.31071	0.01905	0.00963	0.00283	0.00530	0.01624	0.00816	0.00870
3	0.01754	0.01791	0.01597	0.07021	0.02056	0.19310	0.01199	0.04437	0.01886	0.02200	0.03291	0.21338	0.10372	0.02605	0.14784	0.00496	0.01187	0.01278	0.00578	0.00822
4	0.01439	0.00989	0.01105	0.01042	0.01127	0.01017	0.00649	0.08807	0.01560	0.02083	0.02637	0.08192	0.02943	0.58851	0.03654	0.00714	0.00803	0.01208	0.00557	0.00624
5	0.01032	0.00829	0.00921	0.00929	0.01161	0.00718	0.00685	0.01278	0.01967	0.02490	0.21596	0.15204	0.44135	0.02068	0.00991	0.00283	0.00421	0.01768	0.00806	0.00718
6	0.01046	0.00830	0.00948	0.01009	0.01222	0.00733	0.00759	0.01276	0.01862	0.02323	0.11039	0.21538	0.40905	0.02207	0.01019	0.00304	0.00474	0.09018	0.00781	0.00709
7	0.02583	0.19282	0.05517	0.02078	0.02749	0.02651	0.11229	0.31704	0.02774	0.03681	0.01651	0.01849	0.01266	0.00909	0.00929	0.00246	0.06366	0.00704	0.00596	0.01236
8	0.01666	0.04297	0.66500	0.02368	0.03596	0.01929	0.03069	0.02631	0.01754	0.02631	0.01491	0.01754	0.01052	0.00789	0.00789	0.00263	0.01228	0.00614	0.00351	0.01228
9	0.01082	0.00795	0.00932	0.00984	0.01099	0.00734	0.00656	0.01232	0.01653	0.02152	0.12473	0.26436	0.21221	0.22482	0.01964	0.00451	0.00550	0.01751	0.00710	0.00645
10	0.01528	0.15658	0.06552	0.01538	0.01986	0.01567	0.08654	0.04349	0.01934	0.02527	0.13345	0.19662	0.14338	0.01568	0.00889	0.00267	0.00720	0.01378	0.00640	0.00898
11	0.17473	0.02198	0.02670	0.07866	0.35458	0.12356	0.01999	0.05627	0.01953	0.02899	0.01451	0.01831	0.01183	0.00784	0.00749	0.00246	0.01002	0.00649	0.00453	0.01154
12	0.06654	0.01998	0.12903	0.03184	0.32455	0.01598	0.01992	0.02204	0.01879	0.02754	0.10046	0.06012	0.10633	0.01119	0.00846	0.00260	0.00838	0.00990	0.00530	0.01104
13	0.05074	0.01450	0.01888	0.02045	0.11907	0.01493	0.04184	0.07342	0.14206	0.02942	0.04346	0.05328	0.19200	0.01522	0.00931	0.00293	0.00724	0.13401	0.00705	0.01018
14	0.01846	0.01895	0.02399	0.15916	0.03026	0.14376	0.11083	0.02156	0.01733	0.02131	0.04595	0.02652	0.04560	0.01922	0.10083	0.09063	0.08437	0.00834	0.00439	0.00856
15	0.01614	0.01712	0.07604	0.10258	0.05373	0.03901	0.14043	0.04707	0.01832	0.02483	0.02835	0.22181	0.05231	0.03990	0.01097	0.00306	0.03091	0.01301	0.05519	0.00922
16	0.02300	0.13147	0.05853	0.02676	0.19549	0.02129	0.06751	0.17370	0.02394	0.06016	0.06001	0.02323	0.01816	0.00893	0.00780	0.00237	0.00896	0.00766	0.06900	0.01203
17	0.08326	0.02803	0.14742	0.15372	0.16532	0.18055	0.04820	0.05157	0.01982	0.02604	0.01454	0.01839	0.01134	0.00806	0.00782	0.00250	0.01168	0.00652	0.00422	0.01099
18	0.05711	0.03027	0.24585	0.12905	0.06536	0.15214	0.07456	0.02596	0.01850	0.02466	0.01479	0.01872	0.01142	0.01011	0.03533	0.00291	0.01238	0.00651	0.00400	0.06037

[dist]
# distance from previous block
# <min> <max>
11	83

[block]
# block no. 5 follows, 22 sequences, length 22
# corresponding to MSA columns:
# 451-472
name=unknown_F
#
# <colnr> <probs for GDERKNQSTAVLIFYWHMCP>
#	G	D	E	R	K	N	Q	S	T	A	V	L	I	F	Y	W	H	M	C	P
0	0.01770	0.08178	0.10903	0.02081	0.05648	0.04281	0.08762	0.04807	0.04494	0.02470	0.03165	0.03566	0.15787	0.01301	0.01290	0.00287	0.16412	0.03279	0.00521	0.00999
1	0.02436	0.09992	0.11381	0.01866	0.05032	0.20167	0.01594	0.08983	0.02277	0.10134	0.07426	0.02761	0.07482	0.01043	0.00786	0.00236	0.00992	0.00797	0.03532	0.01081
2	0.02004	0.02666	0.18229	0.03871	0.36123	0.07103	0.09899	0.02593	0.01879	0.02593	0.01578	0.02090	0.01291	0.03369	0.00955	0.00273	0.01128	0.00741	0.00403	0.01213
3	0.02666	0.02814	0.02514	0.02675	0.17040	0.30693	0.01748	0.15504	0.02469	0.02887	0.01579	0.01877	0.01283	0.01261	0.05905	0.00311	0.01275	0.00653	0.00513	0.04333
4	0.01787	0.11512	0.09544	0.01698	0.07450	0.01617	0.01353	0.04585	0.04961	0.07516	0.06478	0.04014	0.13945	0.15144	0.01585	0.00366	0.03869	0.01022	0.00594	0.00959
5	0.01283	0.01111	0.01077	0.01037	0.01240	0.06647	0.00738	0.01505	0.01928	0.02434	0.24824	0.06267	0.27028	0.17336	0.01692	0.00387	0.00593	0.01442	0.00727	0.00707
6	0.03111	0.03741	0.02373	0.02110	0.02569	0.58779	0.01602	0.11290	0.02562	0.02462	0.01379	0.01565	0.01116	0.00875	0.00760	0.00219	0.01420	0.00564	0.00482	0.01023
7	0.01006	0.00843	0.00875	0.00867	0.01137	0.00712	0.00650	0.01239	0.01951	0.02380	0.15528	0.07771	0.58088	0.02053	0.00982	0.00278	0.00417	0.01722	0.00789	0.00712
8	0.01956	0.01872	0.03191	0.18169	0.53334	0.01948	0.02500	0.02462	0.01844	0.02593	0.01545	0.02089	0.01273	0.00759	0.00824	0.00253	0.01012	0.00740	0.00403	0.01235
9	0.01761	0.09942	0.53636	0.02603	0.10714	0.02054	0.02863	0.02609	0.01764	0.02581	0.01470	0.01752	0.01084	0.00777	0.00771	0.00254	0.01170	0.00614	0.00358	0.01224
10	0.08527	0.02892	0.02665	0.06054	0.27169	0.33915	0.01946	0.02897	0.02069	0.02438	0.01391	0.01734	0.01154	0.00803	0.00762	0.00233	0.01214	0.00617	0.00426	0.01094
11	0.00982	0.00842	0.00842	0.00842	0.01122	0.00701	0.00631	0.01192	0.01894	0.02244	0.08416	0.07995	0.65285	0.02104	0.00982	0.00281	0.00421	0.01753	0.00771	0.00701
12	0.02363	0.29350	0.17210	0.01844	0.02596	0.02707	0.01863	0.21500	0.02368	0.03140	0.01488	0.01672	0.01174	0.00878	0.00859	0.00234	0.06453	0.00600	0.00505	0.01198
13	0.01103	0.00801	0.00897	0.00933	0.01027	0.00750	0.00592	0.01194	0.01486	0.01897	0.04732	0.18272	0.22273	0.37378	0.02659	0.00560	0.00629	0.01587	0.00634	0.00595
14	0.01804	0.11695	0.47490	0.02765	0.14967	0.02096	0.02780	0.02599	0.01772	0.02567	0.01465	0.01761	0.01103	0.00771	0.00765	0.00250	0.01143	0.00618	0.00363	0.01225
15	0.01634	0.01318	0.02028	0.07589	0.02264	0.01498	0.10743	0.02111	0.04122	0.02583	0.02093	0.02669	0.01717	0.01773	0.10759	0.00415	0.13823	0.00818	0.29157	0.00884
16	0.00982	0.00842	0.00842	0.00842	0.01122	0.00701	0.00631	0.01192	0.01894	0.02244	0.08416	0.07995	0.65285	0.02104	0.00982	0.00281	0.00421	0.01753	0.00771	0.00701
17	0.01525	0.01323	0.01871	0.02453	0.21673	0.01330	0.01429	0.02161	0.11819	0.02570	0.04095	0.23346	0.14103	0.01672	0.00942	0.00293	0.00676	0.05060	0.00669	0.00990
18	0.03103	0.03959	0.02354	0.02140	0.02568	0.67469	0.01605	0.03317	0.02354	0.02033	0.01284	0.01498	0.01070	0.00856	0.00749	0.00214	0.01498	0.00535	0.00428	0.00963
19	0.01504	0.01357	0.01943	0.01761	0.01834	0.01796	0.01430	0.01743	0.01304	0.01964	0.01654	0.02536	0.01581	0.03828	0.34927	0.00846	0.35954	0.00808	0.00404	0.00826
20	0.02269	0.56534	0.10443	0.01603	0.02333	0.10725	0.01611	0.02600	0.01773	0.02033	0.01204	0.01395	0.01065	0.00736	0.00585	0.00191	0.00995	0.00472	0.00363	0.01070
21	0.06088	0.06861	0.22792	0.05189	0.13090	0.21907	0.02199	0.07616	0.02106	0.02673	0.01445	0.01720	0.01124	0.00815	0.00760	0.00240	0.01194	0.00609	0.00432	0.01140

[dist]
# distance from previous block
# <min> <max>
0	1

[block]
# block no. 6 follows, 22 sequences, length 35
# corresponding to MSA columns:
# 474-508
name=unknown_G
#
# <colnr> <probs for GDERKNQSTAVLIFYWHMCP>
#	G	D	E	R	K	N	Q	S	T	A	V	L	I	F	Y	W	H	M	C	P
0	0.02104	0.02100	0.05462	0.03089	0.27232	0.05791	0.01898	0.03535	0.33201	0.03054	0.02458	0.02535	0.01903	0.00944	0.00828	0.00263	0.00862	0.00823	0.00628	0.01291
1	0.02901	0.19363	0.02811	0.01976	0.02468	0.52789	0.01563	0.03128	0.02202	0.02015	0.01255	0.01460	0.01069	0.00823	0.00700	0.00206	0.01359	0.00514	0.00411	0.00987
2	0.01097	0.00755	0.00955	0.01056	0.01146	0.00697	0.00714	0.01154	0.01543	0.01993	0.04760	0.39681	0.18274	0.06470	0.01632	0.14399	0.00531	0.01851	0.00679	0.00613
3	0.01648	0.01558	0.02635	0.58422	0.15487	0.01867	0.02347	0.02192	0.01699	0.02219	0.01491	0.02189	0.01141	0.00816	0.00829	0.00272	0.01088	0.00739	0.00376	0.00987
4	0.02761	0.03389	0.02405	0.02151	0.02465	0.50170	0.01662	0.02966	0.02066	0.02024	0.01233	0.01583	0.01076	0.01015	0.01276	0.00254	0.19560	0.00586	0.00411	0.00949
5	0.01137	0.00874	0.01057	0.01086	0.01317	0.00794	0.00865	0.01449	0.02042	0.02650	0.25206	0.07794	0.31329	0.02027	0.01025	0.00301	0.00502	0.16987	0.00815	0.00744
6	0.01208	0.00805	0.00906	0.00906	0.00906	0.00805	0.00503	0.01208	0.01208	0.01611	0.02618	0.05436	0.03020	0.70804	0.04228	0.00805	0.00805	0.01208	0.00503	0.00503
7	0.01208	0.00805	0.00906	0.00906	0.00906	0.00805	0.00503	0.01208	0.01208	0.01611	0.02618	0.05436	0.03020	0.70804	0.04228	0.00805	0.00805	0.01208	0.00503	0.00503
8	0.01109	0.00790	0.00965	0.01065	0.01141	0.00752	0.00716	0.01235	0.01530	0.01996	0.04388	0.33435	0.12488	0.26215	0.02160	0.00497	0.00614	0.07600	0.00677	0.00628
9	0.01682	0.04186	0.63176	0.02429	0.03636	0.01939	0.06282	0.02633	0.01765	0.02633	0.01501	0.01780	0.01064	0.00784	0.00800	0.00264	0.01237	0.00634	0.00355	0.01222
10	0.02939	0.16491	0.02726	0.02006	0.02487	0.55526	0.01571	0.03163	0.02230	0.02019	0.01260	0.01467	0.01069	0.00829	0.00709	0.00207	0.01385	0.00518	0.00415	0.00982
11	0.00982	0.00842	0.00842	0.00842	0.01122	0.00701	0.00631	0.01192	0.01894	0.02244	0.08416	0.07995	0.65285	0.02104	0.00982	0.00281	0.00421	0.01753	0.00771	0.00701
12	0.02558	0.03042	0.03189	0.02831	0.09907	0.35134	0.20000	0.03131	0.07475	0.02419	0.01613	0.01919	0.01279	0.00820	0.00835	0.00243	0.01341	0.00726	0.00460	0.01079
13	0.00982	0.00842	0.00842	0.00842	0.01122	0.00701	0.00631	0.01192	0.01894	0.02244	0.08416	0.07995	0.65285	0.02104	0.00982	0.00281	0.00421	0.01753	0.00771	0.00701
14	0.02292	0.34875	0.07743	0.01819	0.02344	0.14697	0.01669	0.05327	0.01819	0.02178	0.01225	0.01536	0.01088	0.00931	0.01120	0.00237	0.17118	0.00553	0.00392	0.01037
15	0.01158	0.00845	0.01195	0.01231	0.01337	0.00932	0.00901	0.01377	0.01362	0.01912	0.02728	0.16088	0.02868	0.16176	0.44739	0.01062	0.01667	0.01216	0.00515	0.00690
16	0.03106	0.03867	0.02362	0.02127	0.02569	0.63796	0.01604	0.06687	0.02442	0.02214	0.01324	0.01526	0.01089	0.00864	0.00754	0.00216	0.01465	0.00547	0.00451	0.00989
17	0.26142	0.18504	0.02511	0.01814	0.05796	0.28238	0.01394	0.02806	0.01877	0.02591	0.01230	0.01445	0.01029	0.00789	0.00629	0.00221	0.01058	0.00499	0.00438	0.00987
18	0.01927	0.01830	0.03052	0.21879	0.46018	0.01945	0.02414	0.02543	0.05403	0.02600	0.01644	0.02158	0.01330	0.00786	0.00826	0.00257	0.01000	0.00751	0.00425	0.01211
19	0.02207	0.05895	0.10792	0.04061	0.43753	0.13910	0.02387	0.02696	0.01949	0.02545	0.01484	0.01884	0.01228	0.00766	0.00791	0.00239	0.01104	0.00674	0.00404	0.01230
20	0.01254	0.00863	0.01062	0.01025	0.01243	0.00776	0.00756	0.01549	0.02096	0.06444	0.37135	0.14059	0.21877	0.04759	0.01117	0.00298	0.00445	0.01619	0.00850	0.00774
21	0.01883	0.06232	0.16594	0.02316	0.11944	0.05511	0.06761	0.02691	0.11533	0.05872	0.06711	0.03387	0.12784	0.01116	0.00848	0.00260	0.00902	0.00956	0.00585	0.01115
22	0.01085	0.00812	0.01008	0.01030	0.01204	0.00734	0.00745	0.01366	0.02033	0.02742	0.35161	0.24623	0.20319	0.02045	0.01003	0.00287	0.00424	0.01801	0.00841	0.00734
23	0.02462	0.01777	0.01953	0.01593	0.02047	0.01947	0.01260	0.40604	0.02999	0.04084	0.02301	0.06546	0.01985	0.11574	0.07556	0.00432	0.00961	0.00920	0.05864	0.01134
24	0.01723	0.01477	0.01723	0.01230	0.01969	0.01107	0.00984	0.02092	0.01723	0.02707	0.01477	0.01723	0.01230	0.00615	0.00615	0.00123	0.00615	0.00492	0.00492	0.75883
25	0.01208	0.00805	0.00906	0.00906	0.00906	0.00805	0.00503	0.01208	0.01208	0.01611	0.02618	0.05436	0.03020	0.70804	0.04228	0.00805	0.00805	0.01208	0.00503	0.00503
26	0.07365	0.02119	0.05915	0.04107	0.46692	0.02076	0.02279	0.13767	0.02227	0.03249	0.01612	0.01982	0.01293	0.00792	0.00801	0.00249	0.00961	0.00716	0.00494	0.01301
27	0.03158	0.02327	0.02493	0.01911	0.02576	0.02576	0.01579	0.62852	0.03906	0.05236	0.01995	0.01995	0.01413	0.00997	0.00831	0.00249	0.00914	0.00748	0.00831	0.01413
28	0.02168	0.02836	0.25860	0.01991	0.02785	0.02132	0.02023	0.17123	0.27339	0.03566	0.02367	0.02350	0.01732	0.00973	0.00821	0.00267	0.00927	0.00775	0.00660	0.01305
29	0.01468	0.01442	0.07014	0.11055	0.02271	0.01291	0.01285	0.07910	0.08086	0.02724	0.08711	0.19672	0.20431	0.01688	0.00933	0.00287	0.00673	0.01452	0.00700	0.00909
30	0.01080	0.00843	0.00965	0.00936	0.01164	0.00744	0.00693	0.01361	0.02064	0.02698	0.33526	0.07063	0.36395	0.05432	0.01147	0.00299	0.00428	0.01613	0.00822	0.00728
31	0.10812	0.04963	0.10345	0.01193	0.01608	0.01187	0.01092	0.01752	0.01920	0.02817	0.26071	0.05130	0.20100	0.06252	0.01095	0.00299	0.00601	0.01236	0.00692	0.00834
32	0.01962	0.40060	0.33331	0.01863	0.02815	0.02654	0.02190	0.02554	0.01719	0.02270	0.01312	0.01529	0.01060	0.00747	0.00653	0.00218	0.01047	0.00523	0.00353	0.01141
33	0.02471	0.11977	0.02429	0.07568	0.02599	0.32522	0.01515	0.03290	0.18641	0.02425	0.02201	0.02291	0.04691	0.00969	0.00765	0.00236	0.01105	0.00709	0.00542	0.01054
34	0.02278	0.05446	0.04515	0.01695	0.06275	0.16370	0.01280	0.02593	0.02157	0.16800	0.12581	0.04091	0.17919	0.01301	0.00854	0.00249	0.00823	0.01050	0.00708	0.01016

[dist]
# distance from previous block
# <min> <max>
11	41

[block]
# block no. 7 follows, 22 sequences, length 6
# corresponding to MSA columns:
# 551-556
name=unknown_H
#
# <colnr> <probs for GDERKNQSTAVLIFYWHMCP>
#	G	D	E	R	K	N	Q	S	T	A	V	L	I	F	Y	W	H	M	C	P
0	0.02220	0.31345	0.20980	0.02052	0.02877	0.11642	0.09041	0.06405	0.01968	0.02436	0.01378	0.01617	0.01107	0.00769	0.00704	0.00222	0.01127	0.00584	0.00401	0.01124
1	0.02114	0.02211	0.05067	0.07110	0.19863	0.14243	0.04781	0.08411	0.02209	0.02854	0.10606	0.02729	0.04719	0.00968	0.00823	0.00236	0.00973	0.00829	0.00544	0.08710
2	0.01224	0.00927	0.01090	0.01115	0.01272	0.00918	0.00775	0.01701	0.10340	0.02454	0.16135	0.27078	0.13340	0.15852	0.01640	0.00401	0.00545	0.01685	0.00755	0.00753
3	0.01891	0.01741	0.02776	0.03909	0.44597	0.01808	0.02090	0.02603	0.10382	0.02669	0.01940	0.02431	0.01630	0.01843	0.13571	0.00460	0.01178	0.00796	0.00478	0.01206
4	0.01246	0.01981	0.22514	0.01385	0.01960	0.01122	0.01465	0.01741	0.01939	0.02590	0.17522	0.05581	0.32614	0.01590	0.00918	0.00271	0.00681	0.01328	0.00662	0.00891
5	0.01352	0.01010	0.01229	0.01159	0.01329	0.01122	0.00905	0.01590	0.01614	0.02353	0.04204	0.04507	0.23296	0.02273	0.10555	0.04196	0.13837	0.01111	0.21608	0.00750

[dist]
# distance from previous block
# <min> <max>
8	24

[block]
# block no. 8 follows, 22 sequences, length 33
# corresponding to MSA columns:
# 581-613
name=unknown_I
#
# <colnr> <probs for GDERKNQSTAVLIFYWHMCP>
#	G	D	E	R	K	N	Q	S	T	A	V	L	I	F	Y	W	H	M	C	P
0	0.10219	0.02720	0.22978	0.01820	0.02576	0.07587	0.01844	0.14096	0.02186	0.03178	0.01906	0.05555	0.01638	0.01010	0.00778	0.00246	0.00960	0.05365	0.00543	0.12794
1	0.02300	0.06637	0.07829	0.05423	0.02476	0.10678	0.01566	0.21892	0.08354	0.03364	0.02771	0.03408	0.07360	0.01191	0.00838	0.00262	0.00921	0.07701	0.03916	0.01114
2	0.01935	0.02050	0.02382	0.02190	0.05720	0.16011	0.06351	0.02215	0.01611	0.02077	0.01535	0.02216	0.01399	0.02619	0.20934	0.00601	0.26081	0.00754	0.00408	0.00911
3	0.01028	0.00840	0.00886	0.00877	0.01123	0.00722	0.00644	0.01249	0.01907	0.02355	0.16358	0.07528	0.51873	0.07463	0.01238	0.00319	0.00447	0.01673	0.00771	0.00698
4	0.01915	0.08391	0.01966	0.01711	0.04840	0.20744	0.01275	0.02201	0.01726	0.02092	0.01857	0.02496	0.01656	0.03461	0.33199	0.00756	0.01682	0.00728	0.06438	0.00866
5	0.01074	0.00848	0.01031	0.04000	0.01433	0.00781	0.00849	0.01312	0.01818	0.02293	0.09532	0.26885	0.33064	0.02204	0.01021	0.00310	0.00513	0.09554	0.00761	0.00716
6	0.02615	0.03242	0.02006	0.01841	0.02235	0.52098	0.01381	0.02828	0.02248	0.02082	0.02926	0.02994	0.15853	0.01143	0.00803	0.00229	0.01250	0.00815	0.00507	0.00903
7	0.01975	0.41604	0.31899	0.01841	0.02781	0.02685	0.02152	0.02551	0.01717	0.02254	0.01304	0.01519	0.01060	0.00746	0.00647	0.00216	0.01039	0.00519	0.00353	0.01138
8	0.12343	0.02497	0.08091	0.02101	0.07221	0.20981	0.01660	0.02452	0.01778	0.02399	0.01936	0.02553	0.05396	0.01416	0.04871	0.00336	0.16648	0.03907	0.00458	0.00955
9	0.02246	0.09110	0.02273	0.01790	0.02144	0.29082	0.03524	0.02519	0.01868	0.02167	0.01600	0.02057	0.01387	0.01906	0.13322	0.00432	0.09425	0.00655	0.08588	0.03906
10	0.01537	0.01438	0.01296	0.01229	0.01447	0.12549	0.00887	0.01878	0.05330	0.02423	0.21625	0.05111	0.14711	0.17648	0.06919	0.00466	0.00844	0.01230	0.00670	0.00763
11	0.02104	0.01719	0.02158	0.02242	0.14887	0.01822	0.01494	0.23893	0.02595	0.03503	0.08270	0.03695	0.16569	0.01281	0.01035	0.00262	0.06794	0.01026	0.00684	0.03968
12	0.01006	0.00747	0.00939	0.01093	0.01188	0.00680	0.00743	0.01164	0.01652	0.02146	0.05358	0.57612	0.17642	0.02501	0.01044	0.00326	0.00470	0.02238	0.00771	0.00680
13	0.02640	0.03220	0.02279	0.02047	0.02365	0.47256	0.01577	0.02846	0.02069	0.02042	0.01802	0.02084	0.06140	0.01092	0.01223	0.00254	0.17018	0.00675	0.00440	0.00930
14	0.02123	0.01878	0.07530	0.01517	0.02094	0.01652	0.01285	0.24709	0.02434	0.03402	0.02028	0.05323	0.01817	0.15113	0.01463	0.00330	0.00815	0.00819	0.00620	0.23047
15	0.01827	0.25293	0.39130	0.01999	0.02926	0.02352	0.02355	0.02483	0.01680	0.02337	0.01398	0.01706	0.01115	0.01101	0.04442	0.00300	0.05488	0.00582	0.00358	0.01130
16	0.18295	0.01043	0.01089	0.01092	0.01391	0.01038	0.00881	0.01663	0.01868	0.02824	0.15624	0.06493	0.26828	0.01775	0.00913	0.00295	0.00545	0.14830	0.00736	0.00775
17	0.01170	0.00998	0.01026	0.01003	0.01305	0.00935	0.00756	0.01746	0.12602	0.02450	0.07360	0.10211	0.51533	0.01960	0.00962	0.00284	0.00465	0.01643	0.00784	0.00806
18	0.02097	0.01918	0.07017	0.02401	0.06275	0.01736	0.23492	0.10660	0.05293	0.08803	0.13556	0.03041	0.02660	0.00998	0.00893	0.00262	0.00951	0.00979	0.05841	0.01127
19	0.01208	0.00805	0.00906	0.00906	0.00906	0.00805	0.00503	0.01208	0.01208	0.01611	0.02618	0.05436	0.03020	0.70804	0.04228	0.00805	0.00805	0.01208	0.00503	0.00503
20	0.01028	0.00729	0.00959	0.01137	0.01181	0.00685	0.00750	0.01161	0.01560	0.02080	0.04424	0.65149	0.05299	0.07983	0.01310	0.00374	0.00507	0.02271	0.00750	0.00661
21	0.01187	0.00890	0.01335	0.01335	0.01483	0.01038	0.01038	0.01483	0.01335	0.01928	0.02225	0.03264	0.02077	0.06231	0.67512	0.01335	0.02225	0.00890	0.00445	0.00742
22	0.01208	0.00805	0.00906	0.00906	0.00906	0.00805	0.00503	0.01208	0.01208	0.01611	0.02618	0.05436	0.03020	0.70804	0.04228	0.00805	0.00805	0.01208	0.00503	0.00503
23	0.01010	0.00730	0.00956	0.01137	0.01200	0.00676	0.00762	0.01159	0.01610	0.02129	0.04822	0.66315	0.09285	0.02571	0.01055	0.00334	0.00478	0.02323	0.00771	0.00676
24	0.01012	0.00723	0.00964	0.01157	0.01205	0.00675	0.00771	0.01157	0.01591	0.02121	0.04579	0.70262	0.05495	0.02603	0.01060	0.00337	0.00482	0.02362	0.00771	0.00675
25	0.01006	0.00793	0.00893	0.00969	0.01143	0.00697	0.00679	0.01179	0.01736	0.02161	0.06585	0.32407	0.38297	0.06066	0.01191	0.00332	0.00466	0.01963	0.00757	0.00680
26	0.01549	0.00774	0.00774	0.00774	0.00968	0.00774	0.00581	0.01936	0.01742	0.03097	0.02710	0.03097	0.02129	0.00968	0.00581	0.00194	0.00387	0.00774	0.75416	0.00774
27	0.02855	0.22905	0.02917	0.01938	0.02446	0.49413	0.01553	0.03084	0.02167	0.02011	0.01248	0.01452	0.01069	0.00815	0.00688	0.00204	0.01327	0.00509	0.00408	0.00992
28	0.01835	0.01409	0.01518	0.01384	0.01663	0.07032	0.01080	0.13897	0.02014	0.02834	0.02175	0.02792	0.01844	0.03421	0.31036	0.03731	0.01433	0.00799	0.17216	0.00886
29	0.01023	0.00754	0.00980	0.01130	0.01218	0.00710	0.00776	0.01190	0.01609	0.02120	0.04884	0.56025	0.13189	0.02856	0.06912	0.00418	0.00628	0.02150	0.00742	0.00684
30	0.01759	0.01249	0.01495	0.01336	0.01604	0.01388	0.01040	0.16685	0.02054	0.02944	0.02540	0.03320	0.04883	0.10773	0.25851	0.00708	0.04025	0.00902	0.14552	0.00892
31	0.08232	0.13119	0.02493	0.06555	0.05897	0.26856	0.01509	0.10541	0.02255	0.06212	0.01609	0.01819	0.01264	0.00857	0.00709	0.00223	0.01070	0.00605	0.07118	0.01056
32	0.14061	0.33850	0.11492	0.01795	0.02501	0.14246	0.06758	0.02661	0.01795	0.02395	0.01266	0.01496	0.01055	0.00755	0.00639	0.00216	0.01045	0.00528	0.00398	0.01047

[dist]
# distance from previous block
# <min> <max>
6	79

[block]
# block no. 9 follows, 22 sequences, length 19
# corresponding to MSA columns:
# 694-712
name=unknown_J
#
# <colnr> <probs for GDERKNQSTAVLIFYWHMCP>
#	G	D	E	R	K	N	Q	S	T	A	V	L	I	F	Y	W	H	M	C	P
0	0.24460	0.08699	0.09134	0.01857	0.07941	0.05665	0.01509	0.11267	0.05553	0.09443	0.02113	0.02188	0.05043	0.00925	0.00709	0.00249	0.00841	0.00682	0.00596	0.01127
1	0.01901	0.01436	0.01660	0.01501	0.01842	0.01590	0.01164	0.18976	0.15580	0.03277	0.02939	0.17194	0.02726	0.02627	0.16933	0.00534	0.01053	0.01170	0.04860	0.01037
2	0.01191	0.00857	0.01050	0.01187	0.04610	0.00832	0.00688	0.01271	0.01398	0.01846	0.03570	0.19259	0.09844	0.45368	0.03033	0.00621	0.00707	0.01483	0.00583	0.00605
3	0.02884	0.11454	0.02530	0.02006	0.02472	0.52650	0.01551	0.03347	0.09304	0.02188	0.01508	0.01661	0.01236	0.00870	0.00735	0.00218	0.01332	0.00571	0.00467	0.01015
4	0.01096	0.00811	0.01006	0.01092	0.01251	0.00741	0.00807	0.01301	0.01808	0.02341	0.13960	0.29486	0.24151	0.02294	0.01160	0.04566	0.00504	0.10167	0.00767	0.00693
5	0.01939	0.02752	0.21194	0.06625	0.20018	0.11050	0.02184	0.02728	0.09462	0.02598	0.02506	0.02708	0.08694	0.00980	0.00824	0.00257	0.01031	0.00815	0.00488	0.01147
6	0.02367	0.19119	0.06776	0.02642	0.17616	0.25243	0.01839	0.02699	0.01946	0.02217	0.01511	0.05561	0.01382	0.00923	0.00845	0.00232	0.04912	0.00683	0.00418	0.01068
7	0.00985	0.00830	0.00854	0.00873	0.01130	0.00699	0.00645	0.01189	0.01863	0.02232	0.08032	0.14224	0.59304	0.02154	0.00990	0.00286	0.00427	0.01814	0.00771	0.00699
8	0.01178	0.00839	0.01067	0.01176	0.01287	0.00810	0.00872	0.01380	0.01660	0.02178	0.07577	0.23790	0.10166	0.20836	0.01933	0.00469	0.00651	0.20759	0.00704	0.00666
9	0.04823	0.10672	0.10054	0.08377	0.06164	0.05243	0.01818	0.19065	0.11866	0.03278	0.01813	0.02017	0.01399	0.00967	0.00993	0.00261	0.08725	0.00702	0.00572	0.01189
10	0.05846	0.03057	0.02589	0.02495	0.09914	0.41486	0.08555	0.02892	0.02091	0.02245	0.01470	0.01855	0.01235	0.01474	0.08882	0.00363	0.01478	0.00649	0.00431	0.00992
11	0.01113	0.00836	0.01054	0.01189	0.01354	0.00777	0.00920	0.01356	0.01787	0.02280	0.05645	0.31554	0.22812	0.02353	0.01067	0.00336	0.00559	0.21526	0.00769	0.00713
12	0.02047	0.30464	0.34898	0.01972	0.02906	0.09916	0.02258	0.02653	0.01796	0.02298	0.01336	0.01560	0.01060	0.00766	0.00684	0.00224	0.01126	0.00539	0.00361	0.01134
13	0.02051	0.02723	0.31264	0.02303	0.09904	0.01608	0.04326	0.02764	0.04073	0.15291	0.09334	0.06230	0.02348	0.01040	0.00847	0.00265	0.00949	0.00891	0.00597	0.01194
14	0.01756	0.02696	0.25098	0.02350	0.10231	0.09279	0.02101	0.02292	0.01662	0.02295	0.01645	0.02211	0.01391	0.02460	0.20550	0.00581	0.09264	0.00714	0.00396	0.01029
15	0.01595	0.01172	0.01402	0.01389	0.01644	0.01195	0.01083	0.15883	0.02250	0.02959	0.04361	0.32370	0.11160	0.02092	0.01018	0.00321	0.00645	0.15803	0.00784	0.00874
16	0.02293	0.10179	0.15505	0.01727	0.02400	0.02033	0.01662	0.23660	0.06332	0.07418	0.15387	0.02879	0.02769	0.01080	0.00821	0.00249	0.00837	0.00863	0.00708	0.01196
17	0.01841	0.01659	0.02750	0.10174	0.44745	0.01714	0.02123	0.02303	0.01780	0.02591	0.01760	0.02340	0.01481	0.01513	0.09805	0.00391	0.01105	0.00764	0.08015	0.01146
18	0.01827	0.31534	0.08963	0.01628	0.02126	0.02308	0.01560	0.02286	0.04980	0.02202	0.02029	0.03255	0.01959	0.01762	0.08656	0.00385	0.09346	0.11744	0.00469	0.00982

[dist]
# distance from previous block
# <min> <max>
0	1

[block]
# block no. 10 follows, 22 sequences, length 41
# corresponding to MSA columns:
# 714-754
name=unknown_K
#
# <colnr> <probs for GDERKNQSTAVLIFYWHMCP>
#	G	D	E	R	K	N	Q	S	T	A	V	L	I	F	Y	W	H	M	C	P
0	0.13986	0.01408	0.01519	0.07178	0.02002	0.04275	0.01127	0.14182	0.02113	0.03079	0.06169	0.32883	0.03456	0.01699	0.00887	0.00292	0.00690	0.01455	0.00699	0.00902
1	0.10575	0.02296	0.08931	0.02250	0.02936	0.02223	0.17479	0.22172	0.13290	0.03714	0.01977	0.02150	0.01465	0.00917	0.00911	0.00270	0.03798	0.00795	0.00627	0.01225
2	0.01933	0.03204	0.37727	0.02482	0.09074	0.01934	0.06468	0.13467	0.02197	0.03126	0.05210	0.05751	0.01761	0.00962	0.00838	0.00264	0.01074	0.00816	0.00502	0.01209
3	0.01852	0.03102	0.32297	0.03387	0.19207	0.01992	0.20863	0.02620	0.01850	0.02661	0.01566	0.01975	0.01180	0.00750	0.00855	0.00264	0.01220	0.00756	0.00387	0.01217
4	0.03103	0.03959	0.02354	0.02140	0.02568	0.67469	0.01605	0.03317	0.02354	0.02033	0.01284	0.01498	0.01070	0.00856	0.00749	0.00214	0.01498	0.00535	0.00428	0.00963
5	0.00995	0.00842	0.00859	0.00855	0.01130	0.00707	0.00641	0.01217	0.01924	0.02317	0.12197	0.07876	0.61458	0.02077	0.00982	0.00279	0.00419	0.01737	0.00781	0.00707
6	0.01199	0.00801	0.00909	0.00918	0.00921	0.00799	0.00516	0.01206	0.01227	0.01636	0.02713	0.08583	0.03140	0.67494	0.04075	0.00783	0.00790	0.01264	0.00516	0.00512
7	0.01012	0.00723	0.00964	0.01157	0.01205	0.00675	0.00771	0.01157	0.01591	0.02121	0.04579	0.70262	0.05495	0.02603	0.01060	0.00337	0.00482	0.02362	0.00771	0.00675
8	0.03151	0.02545	0.02475	0.01942	0.02575	0.11244	0.01582	0.54900	0.03699	0.04808	0.01900	0.01928	0.01367	0.00978	0.00820	0.00245	0.00992	0.00720	0.00777	0.01353
9	0.01012	0.00723	0.00964	0.01157	0.01205	0.00675	0.00771	0.01157	0.01591	0.02121	0.04579	0.70262	0.05495	0.02603	0.01060	0.00337	0.00482	0.02362	0.00771	0.00675
10	0.01549	0.00774	0.00774	0.00774	0.00968	0.00774	0.00581	0.01936	0.01742	0.03097	0.02710	0.03097	0.02129	0.00968	0.00581	0.00194	0.00387	0.00774	0.75416	0.00774
11	0.03235	0.01450	0.01812	0.01422	0.01987	0.01367	0.01164	0.13524	0.02518	0.44472	0.02959	0.02737	0.01962	0.01012	0.00788	0.00244	0.00683	0.00810	0.14556	0.01297
12	0.01818	0.01533	0.01774	0.01276	0.02009	0.01205	0.01024	0.06139	0.01868	0.02875	0.01511	0.01741	0.01243	0.00641	0.00630	0.00131	0.00635	0.00509	0.00515	0.70922
13	0.01099	0.00846	0.01004	0.00965	0.01194	0.00751	0.00724	0.01420	0.02171	0.02903	0.42806	0.06911	0.30484	0.01858	0.00981	0.00269	0.00403	0.01601	0.00858	0.00751
14	0.01404	0.01416	0.01167	0.01130	0.01425	0.12893	0.00856	0.01642	0.02026	0.02329	0.12819	0.06686	0.44950	0.01843	0.00947	0.00271	0.00629	0.04085	0.00723	0.00760
15	0.01305	0.01064	0.01562	0.01494	0.01614	0.01321	0.01185	0.01580	0.01323	0.01942	0.02012	0.02992	0.01892	0.05334	0.55351	0.01153	0.14813	0.00859	0.00430	0.00773
16	0.01072	0.00765	0.01032	0.01225	0.01299	0.00726	0.00875	0.01260	0.01649	0.02187	0.04546	0.59162	0.05364	0.02547	0.01076	0.00346	0.00534	0.12874	0.00770	0.00691
17	0.05933	0.67829	0.04197	0.01405	0.02106	0.03216	0.01395	0.02485	0.01674	0.02043	0.01155	0.01333	0.01058	0.00714	0.00532	0.00182	0.00876	0.00444	0.00363	0.01058
18	0.01196	0.00800	0.00910	0.00922	0.00925	0.00797	0.00520	0.01205	0.01232	0.01643	0.02740	0.09495	0.03175	0.66535	0.04030	0.00776	0.00785	0.01280	0.00520	0.00514
19	0.02887	0.02192	0.02341	0.01857	0.02473	0.02450	0.01513	0.48356	0.18843	0.04799	0.02339	0.02269	0.01691	0.01029	0.00835	0.00257	0.00850	0.00795	0.00835	0.01389
20	0.05718	0.28633	0.02878	0.01548	0.02144	0.05338	0.01348	0.19514	0.10943	0.03196	0.02503	0.02504	0.08446	0.01011	0.00717	0.00229	0.00827	0.00746	0.00612	0.01145
21	0.18510	0.02680	0.02184	0.01811	0.02371	0.22465	0.01445	0.31839	0.02906	0.03931	0.01600	0.01706	0.01200	0.00906	0.00739	0.00240	0.01038	0.00620	0.00640	0.01167
22	0.01180	0.00973	0.01052	0.01009	0.01295	0.00910	0.00763	0.01730	0.10576	0.02686	0.21918	0.06873	0.42281	0.01868	0.00963	0.00276	0.00446	0.01578	0.00817	0.00806
23	0.03103	0.03959	0.02354	0.02140	0.02568	0.67469	0.01605	0.03317	0.02354	0.02033	0.01284	0.01498	0.01070	0.00856	0.00749	0.00214	0.01498	0.00535	0.00428	0.00963
24	0.01154	0.00823	0.01025	0.01097	0.01206	0.00786	0.00781	0.01345	0.01689	0.02242	0.14139	0.22633	0.11417	0.22879	0.02009	0.00468	0.00610	0.12323	0.00713	0.00660
25	0.01176	0.00849	0.01110	0.01045	0.01241	0.00784	0.00784	0.01568	0.02352	0.03331	0.65184	0.06206	0.07839	0.01698	0.00980	0.00261	0.00392	0.01502	0.00914	0.00784
26	0.02574	0.29669	0.03052	0.01766	0.02325	0.27125	0.01479	0.06368	0.13438	0.02436	0.01654	0.01752	0.01354	0.00856	0.00687	0.00214	0.01077	0.00585	0.00497	0.01091
27	0.01287	0.00823	0.01000	0.01000	0.01092	0.00866	0.00681	0.01472	0.01379	0.02077	0.02525	0.04209	0.02518	0.34234	0.22024	0.00809	0.01120	0.01005	0.19238	0.00642
28	0.01061	0.00743	0.00950	0.01095	0.01131	0.00707	0.00705	0.01169	0.01496	0.01994	0.04092	0.54182	0.04881	0.19521	0.01846	0.00453	0.00562	0.02076	0.00705	0.00632
29	0.02156	0.02439	0.18383	0.06131	0.18581	0.01953	0.02129	0.14349	0.09026	0.06590	0.01978	0.02248	0.01504	0.01384	0.07130	0.00360	0.01105	0.00751	0.00559	0.01244
30	0.01687	0.08932	0.15079	0.01869	0.05194	0.01864	0.01652	0.02475	0.14053	0.02411	0.02223	0.07799	0.02039	0.09163	0.09451	0.00464	0.11205	0.00914	0.00515	0.01009
31	0.01261	0.00998	0.03503	0.01064	0.01220	0.00906	0.00769	0.01578	0.04830	0.02365	0.19579	0.08730	0.06782	0.31913	0.05903	0.00557	0.00720	0.01291	0.05337	0.00694
32	0.01028	0.00735	0.00978	0.01146	0.01208	0.00685	0.00772	0.01196	0.01663	0.02235	0.10313	0.64201	0.05716	0.02517	0.01053	0.00330	0.00473	0.02280	0.00785	0.00685
33	0.02331	0.23917	0.06152	0.02380	0.11226	0.22129	0.08398	0.02700	0.01939	0.02251	0.01452	0.01779	0.01223	0.01013	0.03590	0.00264	0.01189	0.00616	0.04397	0.01053
34	0.06241	0.02711	0.20754	0.01873	0.02660	0.09023	0.01852	0.14580	0.02439	0.26385	0.02202	0.02146	0.01483	0.00923	0.00797	0.00253	0.00981	0.00704	0.00705	0.01287
35	0.02262	0.01931	0.02101	0.02364	0.17708	0.11386	0.01477	0.17446	0.02374	0.03249	0.02125	0.05877	0.01811	0.04761	0.00950	0.00264	0.00860	0.00828	0.19148	0.01077
36	0.02072	0.06540	0.01921	0.06064	0.02168	0.26254	0.01263	0.04900	0.02050	0.02333	0.08268	0.19410	0.02942	0.04921	0.01014	0.00278	0.00967	0.01132	0.00576	0.04925
37	0.04524	0.05428	0.01958	0.06087	0.05496	0.08532	0.01276	0.04450	0.01970	0.05261	0.12443	0.03304	0.10605	0.01148	0.00969	0.00233	0.07230	0.00892	0.00592	0.17603
38	0.16532	0.04609	0.01951	0.01884	0.07635	0.21216	0.01369	0.08158	0.02146	0.02867	0.05570	0.03574	0.08468	0.01211	0.00803	0.00260	0.00945	0.09252	0.00585	0.00965
39	0.24887	0.07657	0.09843	0.01857	0.04676	0.23149	0.01574	0.08431	0.02058	0.02962	0.01507	0.01966	0.01259	0.00899	0.00700	0.00244	0.01051	0.03757	0.00495	0.01028
