[name]
unknown

[dist]
# distance from previous block
# <min> <max>
0	3

[block]
# block no. 0 follows, 21 sequences, length 12
# corresponding to MSA columns:
# 3-14
name=unknown_A
#
# <colnr> <probs for GDERKNQSTAVLIFYWHMCP>
#	G	D	E	R	K	N	Q	S	T	A	V	L	I	F	Y	W	H	M	C	P
0	0.01651	0.01283	0.02015	0.01676	0.02118	0.01156	0.12649	0.02062	0.02074	0.08571	0.15681	0.05895	0.16888	0.01591	0.00991	0.00288	0.00741	0.13727	0.00744	0.08198
1	0.01952	0.02027	0.07157	0.08150	0.02646	0.09214	0.07987	0.13537	0.02464	0.03165	0.16525	0.04124	0.14848	0.01311	0.00917	0.00267	0.00893	0.01119	0.00679	0.01018
2	0.02070	0.02214	0.02335	0.02992	0.25984	0.20498	0.01722	0.02383	0.02010	0.02393	0.02947	0.17140	0.09062	0.01356	0.00891	0.00267	0.00989	0.01168	0.00546	0.01032
3	0.01099	0.00820	0.01008	0.01055	0.01212	0.00744	0.00747	0.01346	0.01960	0.02617	0.26752	0.29272	0.20250	0.05667	0.01204	0.00329	0.00463	0.01898	0.00828	0.00728
4	0.02106	0.02022	0.03454	0.05223	0.64784	0.02022	0.02612	0.02612	0.01938	0.02780	0.01601	0.02106	0.01348	0.00758	0.00842	0.00253	0.01011	0.00758	0.00421	0.01348
5	0.02643	0.03164	0.02491	0.02209	0.02470	0.40617	0.01733	0.02849	0.01961	0.02069	0.01235	0.01668	0.01105	0.01126	0.01591	0.00282	0.28785	0.00628	0.00412	0.00964
6	0.09187	0.07559	0.01612	0.01206	0.01560	0.01240	0.00950	0.02270	0.02111	0.16455	0.29960	0.09587	0.04864	0.06413	0.01129	0.00305	0.00581	0.01233	0.00826	0.00951
7	0.02088	0.02224	0.14343	0.02416	0.14353	0.01822	0.01850	0.20771	0.02613	0.03627	0.14375	0.10198	0.03105	0.01250	0.00897	0.00270	0.00859	0.01070	0.00685	0.01183
8	0.02461	0.02569	0.02861	0.06719	0.32760	0.21452	0.02124	0.08469	0.02269	0.02773	0.01763	0.02477	0.01528	0.00939	0.00845	0.00254	0.01151	0.04905	0.00492	0.01189
9	0.17929	0.01523	0.01940	0.07952	0.02373	0.01664	0.07749	0.13536	0.02091	0.03367	0.02150	0.07646	0.01838	0.01675	0.08499	0.00390	0.00969	0.00878	0.14845	0.00987
10	0.01415	0.01105	0.01581	0.15671	0.02338	0.01312	0.01252	0.01709	0.01473	0.02128	0.02235	0.06242	0.02150	0.16134	0.22013	0.00724	0.08637	0.00973	0.10135	0.00773
11	0.02441	0.01836	0.02816	0.21050	0.28630	0.01941	0.02157	0.11513	0.02266	0.14076	0.01953	0.02281	0.01439	0.00874	0.00848	0.00263	0.00983	0.00776	0.00585	0.01272

[dist]
# distance from previous block
# <min> <max>
0	1

[block]
# block no. 1 follows, 21 sequences, length 8
# corresponding to MSA columns:
# 16-23
name=unknown_B
#
# <colnr> <probs for GDERKNQSTAVLIFYWHMCP>
#	G	D	E	R	K	N	Q	S	T	A	V	L	I	F	Y	W	H	M	C	P
0	0.01059	0.00854	0.00877	0.00877	0.01099	0.00743	0.00617	0.01225	0.01779	0.02151	0.07265	0.07592	0.50432	0.17666	0.01765	0.00410	0.00521	0.01669	0.00728	0.00672
1	0.01177	0.00819	0.01012	0.01039	0.01117	0.00784	0.00678	0.01345	0.01719	0.02357	0.23375	0.21762	0.05342	0.30908	0.02433	0.00523	0.00604	0.01631	0.00722	0.00653
2	0.02611	0.09956	0.02788	0.09661	0.03007	0.15303	0.06097	0.20713	0.15113	0.03407	0.02008	0.02143	0.01525	0.00945	0.00815	0.00253	0.01059	0.00745	0.00632	0.01216
3	0.02084	0.10371	0.02563	0.20886	0.03261	0.19205	0.01773	0.02417	0.01772	0.02077	0.01475	0.02068	0.01274	0.01830	0.11576	0.00442	0.12892	0.00688	0.00404	0.00942
4	0.01408	0.00899	0.01136	0.01107	0.01336	0.00807	0.00818	0.01701	0.02121	0.09651	0.31482	0.22350	0.17986	0.01982	0.01009	0.00291	0.00466	0.01738	0.00883	0.00828
5	0.01854	0.01884	0.07587	0.03270	0.31656	0.01744	0.01915	0.02687	0.14576	0.02709	0.02397	0.08150	0.02200	0.11997	0.01417	0.00360	0.00890	0.00997	0.00553	0.01157
6	0.14196	0.02312	0.02427	0.07543	0.07610	0.20459	0.10989	0.02621	0.02012	0.05539	0.02834	0.03021	0.12798	0.01069	0.00827	0.00260	0.01063	0.00883	0.00539	0.00999
7	0.23822	0.02068	0.12791	0.02148	0.12121	0.01757	0.01685	0.06965	0.01871	0.10190	0.01827	0.02162	0.01419	0.01900	0.13291	0.00472	0.01153	0.00690	0.00552	0.01114

[dist]
# distance from previous block
# <min> <max>
24	78

[block]
# block no. 2 follows, 21 sequences, length 10
# corresponding to MSA columns:
# 113-122
name=unknown_C
#
# <colnr> <probs for GDERKNQSTAVLIFYWHMCP>
#	G	D	E	R	K	N	Q	S	T	A	V	L	I	F	Y	W	H	M	C	P
0	0.18849	0.02840	0.20922	0.02061	0.06059	0.10391	0.01921	0.05304	0.01846	0.02931	0.01401	0.01701	0.01105	0.00876	0.00950	0.00253	0.08837	0.00591	0.00454	0.10709
1	0.02814	0.03030	0.02339	0.07682	0.02814	0.34864	0.01634	0.14208	0.16404	0.03022	0.01951	0.02061	0.01503	0.00964	0.00812	0.00247	0.01197	0.00699	0.00605	0.01148
2	0.01513	0.01145	0.01468	0.01385	0.01550	0.01360	0.01071	0.02058	0.09444	0.02408	0.02397	0.03285	0.02142	0.10407	0.27986	0.00773	0.11864	0.00901	0.16001	0.00844
3	0.01312	0.01179	0.01162	0.01291	0.01409	0.09238	0.00890	0.01474	0.01754	0.02170	0.04553	0.56055	0.09524	0.02396	0.01039	0.00325	0.00624	0.02129	0.00744	0.00732
4	0.01704	0.01281	0.01568	0.13396	0.02344	0.01353	0.01182	0.06767	0.11736	0.07333	0.04584	0.09139	0.21803	0.10421	0.01368	0.00356	0.00713	0.01294	0.00716	0.00942
5	0.02472	0.04126	0.32962	0.02291	0.03139	0.31728	0.02367	0.06456	0.02207	0.02569	0.01460	0.01691	0.01108	0.00852	0.00792	0.00246	0.01366	0.00600	0.00424	0.01144
6	0.01189	0.00805	0.00943	0.00990	0.01002	0.00793	0.00582	0.01225	0.01332	0.01776	0.03167	0.21036	0.03707	0.53789	0.03547	0.00709	0.00745	0.01523	0.00582	0.00558
7	0.01768	0.01303	0.01824	0.01523	0.01942	0.01254	0.08806	0.02519	0.13320	0.11209	0.23108	0.05259	0.19590	0.01515	0.00960	0.00278	0.00635	0.01340	0.00837	0.01010
8	0.03024	0.08415	0.06668	0.02160	0.02670	0.58334	0.01730	0.03297	0.02327	0.02117	0.01321	0.01541	0.01095	0.00863	0.00756	0.00220	0.01476	0.00547	0.00428	0.01011
9	0.14271	0.03136	0.35161	0.06429	0.16591	0.01938	0.02531	0.02680	0.01792	0.05663	0.01567	0.01870	0.01159	0.00808	0.00773	0.00265	0.01074	0.00646	0.00433	0.01212

[dist]
# distance from previous block
# <min> <max>
0	1

[block]
# block no. 3 follows, 21 sequences, length 16
# corresponding to MSA columns:
# 124-139
name=unknown_D
#
# <colnr> <probs for GDERKNQSTAVLIFYWHMCP>
#	G	D	E	R	K	N	Q	S	T	A	V	L	I	F	Y	W	H	M	C	P
0	0.02494	0.20251	0.10911	0.02824	0.18803	0.26111	0.02032	0.02895	0.02042	0.02319	0.01382	0.01673	0.01158	0.00800	0.00736	0.00225	0.01208	0.00589	0.00406	0.01140
1	0.02106	0.02022	0.03454	0.05223	0.64784	0.02022	0.02612	0.02612	0.01938	0.02780	0.01601	0.02106	0.01348	0.00758	0.00842	0.00253	0.01011	0.00758	0.00421	0.01348
2	0.01022	0.00863	0.00885	0.00879	0.01160	0.00725	0.00660	0.01253	0.01979	0.02391	0.13232	0.08038	0.59770	0.02121	0.01006	0.00286	0.00429	0.01775	0.00802	0.00725
3	0.01111	0.00866	0.01008	0.00972	0.01214	0.00763	0.00729	0.01425	0.02188	0.02887	0.38053	0.07222	0.34639	0.01936	0.01005	0.00277	0.00415	0.01660	0.00868	0.00763
4	0.01216	0.00912	0.01368	0.01368	0.01520	0.01064	0.01064	0.01520	0.01368	0.01976	0.02279	0.03343	0.02127	0.06382	0.66720	0.01368	0.02279	0.00912	0.00456	0.00760
5	0.02291	0.51268	0.11592	0.01700	0.02422	0.10592	0.01704	0.02641	0.01796	0.02098	0.01237	0.01463	0.01092	0.00794	0.00717	0.00207	0.04420	0.00502	0.00373	0.01092
6	0.03069	0.12171	0.02661	0.02103	0.02576	0.58956	0.01621	0.03295	0.02328	0.02073	0.01299	0.01514	0.01096	0.00859	0.00740	0.00215	0.01459	0.00537	0.00429	0.00999
7	0.01788	0.01006	0.01233	0.01131	0.01451	0.00889	0.00867	0.02052	0.02067	0.18253	0.15835	0.10599	0.26514	0.07445	0.01257	0.00332	0.00557	0.04962	0.00858	0.00901
8	0.02316	0.08395	0.29419	0.02750	0.13490	0.24201	0.02427	0.02911	0.02026	0.02453	0.01444	0.01730	0.01131	0.00818	0.00782	0.00244	0.01287	0.00611	0.00397	0.01169
9	0.02275	0.70604	0.04459	0.01456	0.02184	0.03367	0.01456	0.02548	0.01729	0.02002	0.01183	0.01365	0.01092	0.00728	0.00546	0.00182	0.00910	0.00455	0.00364	0.01092
10	0.01037	0.00741	0.00987	0.01185	0.01234	0.00691	0.00790	0.01185	0.01629	0.02172	0.04690	0.69537	0.05629	0.02666	0.01086	0.00346	0.00494	0.02419	0.00790	0.00691
11	0.02339	0.02736	0.02210	0.15501	0.03003	0.34817	0.01657	0.02622	0.02043	0.02128	0.02377	0.05629	0.09037	0.01181	0.01066	0.00264	0.09136	0.00851	0.00477	0.00925
12	0.02067	0.02820	0.25575	0.03567	0.31392	0.01971	0.02567	0.02967	0.09393	0.06616	0.01907	0.02173	0.01449	0.00842	0.00834	0.00264	0.01041	0.00742	0.00491	0.01321
13	0.01360	0.01088	0.01116	0.01133	0.01197	0.06281	0.00726	0.01442	0.01420	0.01819	0.02873	0.16264	0.03256	0.44516	0.11229	0.00758	0.01006	0.01349	0.00550	0.00616
14	0.01586	0.00793	0.00793	0.00793	0.00991	0.00793	0.00595	0.01983	0.01785	0.03173	0.02776	0.03173	0.02181	0.00991	0.00595	0.00198	0.00397	0.00793	0.74817	0.00793
15	0.01464	0.23586	0.05225	0.01266	0.01643	0.01627	0.01090	0.01708	0.01734	0.02169	0.04215	0.31443	0.16125	0.01842	0.00881	0.00277	0.00653	0.01567	0.00631	0.00854

[dist]
# distance from previous block
# <min> <max>
0	1

[block]
# block no. 4 follows, 21 sequences, length 35
# corresponding to MSA columns:
# 141-175
name=unknown_E
#
# <colnr> <probs for GDERKNQSTAVLIFYWHMCP>
#	G	D	E	R	K	N	Q	S	T	A	V	L	I	F	Y	W	H	M	C	P
0	0.09316	0.02238	0.03012	0.04146	0.45451	0.10199	0.02227	0.05611	0.02071	0.05460	0.01618	0.01995	0.01312	0.00801	0.00804	0.00250	0.01029	0.00708	0.00480	0.01271
1	0.01223	0.00819	0.00932	0.00947	0.00950	0.00815	0.00535	0.01234	0.01266	0.01688	0.02827	0.10196	0.03277	0.65216	0.04097	0.00790	0.00801	0.01323	0.00535	0.00528
2	0.02077	0.01993	0.03402	0.08844	0.61388	0.02014	0.02597	0.02587	0.01924	0.02745	0.01596	0.02116	0.01336	0.00764	0.00843	0.00255	0.01018	0.00758	0.00419	0.01325
3	0.02106	0.02022	0.03454	0.05223	0.64784	0.02022	0.02612	0.02612	0.01938	0.02780	0.01601	0.02106	0.01348	0.00758	0.00842	0.00253	0.01011	0.00758	0.00421	0.01348
4	0.01145	0.00842	0.01042	0.01070	0.01194	0.00828	0.00741	0.01325	0.01607	0.02136	0.10717	0.17029	0.16820	0.22764	0.16247	0.00686	0.00954	0.01526	0.00654	0.00673
5	0.01957	0.01885	0.03240	0.21085	0.43345	0.01957	0.05945	0.02485	0.01874	0.02621	0.01581	0.02144	0.01286	0.00774	0.00845	0.00257	0.01051	0.00761	0.00414	0.04492
6	0.02652	0.01713	0.01844	0.01484	0.01981	0.01839	0.01203	0.35031	0.03048	0.08873	0.02416	0.02533	0.01773	0.01012	0.00754	0.00234	0.00716	0.00783	0.28909	0.01199
7	0.02017	0.40508	0.32292	0.01897	0.02866	0.02735	0.02224	0.02615	0.01760	0.02317	0.01340	0.01561	0.01086	0.00765	0.00665	0.00222	0.01068	0.00534	0.00362	0.01167
8	0.01068	0.00764	0.01015	0.01164	0.01241	0.00712	0.00792	0.01262	0.01772	0.02400	0.15612	0.57968	0.06068	0.02497	0.01071	0.00331	0.00477	0.02258	0.00817	0.00712
9	0.02122	0.02206	0.01808	0.05471	0.02139	0.26530	0.01322	0.02420	0.01874	0.02287	0.01883	0.02439	0.01610	0.02442	0.18827	0.00542	0.06320	0.00725	0.16156	0.00878
10	0.01007	0.00855	0.00869	0.00880	0.01154	0.00717	0.00654	0.01219	0.01923	0.02292	0.08405	0.11564	0.61204	0.02183	0.01010	0.00291	0.00434	0.01830	0.00790	0.00717
11	0.01773	0.01498	0.02327	0.08141	0.02653	0.01536	0.13991	0.14794	0.02231	0.02982	0.03190	0.34354	0.03382	0.01727	0.00996	0.00308	0.00849	0.01605	0.00689	0.00976
12	0.02117	0.01828	0.01924	0.01732	0.02213	0.02117	0.01347	0.04522	0.63246	0.03560	0.03464	0.03175	0.02598	0.01155	0.00866	0.00289	0.00673	0.00962	0.00866	0.01347
13	0.03235	0.02384	0.02554	0.01958	0.02639	0.02639	0.01618	0.61946	0.04001	0.05363	0.02043	0.02043	0.01447	0.01022	0.00851	0.00255	0.00936	0.00766	0.00851	0.01447
14	0.03235	0.02384	0.02554	0.01958	0.02639	0.02639	0.01618	0.61946	0.04001	0.05363	0.02043	0.02043	0.01447	0.01022	0.00851	0.00255	0.00936	0.00766	0.00851	0.01447
15	0.03179	0.04056	0.02412	0.02192	0.02631	0.66676	0.01644	0.03398	0.02412	0.02083	0.01315	0.01535	0.01096	0.00877	0.00767	0.00219	0.01535	0.00548	0.00438	0.00987
16	0.01607	0.01513	0.02552	0.68047	0.05861	0.01891	0.02363	0.02174	0.01702	0.02174	0.01513	0.02269	0.01134	0.00851	0.00851	0.00284	0.01134	0.00756	0.00378	0.00945
17	0.01707	0.04402	0.65683	0.02426	0.03683	0.01976	0.03144	0.02695	0.01797	0.02695	0.01527	0.01797	0.01078	0.00809	0.00809	0.00270	0.01258	0.00629	0.00359	0.01258
18	0.01216	0.00912	0.01368	0.01368	0.01520	0.01064	0.01064	0.01520	0.01368	0.01976	0.02279	0.03343	0.02127	0.06382	0.66720	0.01368	0.02279	0.00912	0.00456	0.00760
19	0.01144	0.00868	0.01053	0.01007	0.01234	0.00777	0.00755	0.01489	0.02266	0.03073	0.47325	0.06916	0.25251	0.01867	0.01004	0.00274	0.00411	0.01617	0.00892	0.00777
20	0.01785	0.01531	0.01774	0.01288	0.02028	0.01192	0.01028	0.02283	0.05384	0.02819	0.01627	0.01848	0.01339	0.00661	0.00644	0.00136	0.00633	0.00531	0.00525	0.70942
21	0.01220	0.00893	0.01275	0.01275	0.01395	0.01013	0.00948	0.01460	0.01340	0.01907	0.02364	0.03814	0.02332	0.19849	0.53533	0.01253	0.01972	0.00981	0.00469	0.00708
22	0.01547	0.01398	0.02002	0.01812	0.01886	0.01854	0.01473	0.01790	0.01335	0.02013	0.01684	0.02584	0.01610	0.03876	0.33974	0.00858	0.36218	0.00826	0.00413	0.00847
23	0.01136	0.00811	0.00929	0.00980	0.01055	0.00768	0.00615	0.01221	0.01491	0.01925	0.04487	0.22564	0.17062	0.38030	0.02776	0.00585	0.00654	0.01662	0.00646	0.00605
24	0.01222	0.00886	0.01235	0.01235	0.01342	0.00992	0.00899	0.01435	0.01329	0.01878	0.02400	0.04013	0.02418	0.25551	0.47949	0.01204	0.01842	0.01010	0.00474	0.00686
25	0.02275	0.70604	0.04459	0.01456	0.02184	0.03367	0.01456	0.02548	0.01729	0.02002	0.01183	0.01365	0.01092	0.00728	0.00546	0.00182	0.00910	0.00455	0.00364	0.01092
26	0.01611	0.01183	0.01291	0.01195	0.01360	0.01268	0.00795	0.07634	0.14604	0.02403	0.02787	0.04732	0.02834	0.49033	0.03272	0.00658	0.00803	0.01135	0.00621	0.00779
27	0.01238	0.00825	0.00928	0.00928	0.00928	0.00825	0.00516	0.01238	0.01238	0.01650	0.02681	0.05569	0.03094	0.70092	0.04331	0.00825	0.00825	0.01238	0.00516	0.00516
28	0.01032	0.00760	0.00968	0.01134	0.01221	0.00696	0.00767	0.01191	0.01678	0.02192	0.05312	0.59831	0.14933	0.02585	0.01073	0.00336	0.00484	0.02321	0.00790	0.00696
29	0.03067	0.02532	0.02333	0.01864	0.02474	0.16230	0.01498	0.37328	0.03255	0.08676	0.01972	0.02026	0.01439	0.00959	0.00803	0.00235	0.01000	0.00705	0.04298	0.07304
30	0.02066	0.02092	0.02232	0.10124	0.02606	0.15664	0.01639	0.05788	0.01797	0.02335	0.01549	0.02158	0.01358	0.02008	0.12421	0.00469	0.25229	0.00727	0.03965	0.03773
31	0.31465	0.01651	0.01672	0.08380	0.02285	0.05215	0.01218	0.02737	0.06913	0.10984	0.01864	0.02109	0.01430	0.01529	0.08715	0.00384	0.00961	0.00649	0.00590	0.09250
32	0.02474	0.01952	0.02054	0.01694	0.02219	0.05146	0.01339	0.33423	0.08143	0.04028	0.02635	0.16731	0.02411	0.01333	0.00871	0.00260	0.00809	0.01098	0.00775	0.10605
33	0.01478	0.01046	0.01173	0.01118	0.01255	0.01062	0.00738	0.10242	0.01780	0.02351	0.03485	0.16144	0.09041	0.42015	0.02952	0.00609	0.00748	0.01421	0.00638	0.00703
34	0.01971	0.03072	0.28508	0.03403	0.17155	0.02079	0.22784	0.05616	0.02008	0.02856	0.01635	0.02045	0.01227	0.00777	0.00884	0.00271	0.01248	0.00791	0.00421	0.01249

[dist]
# distance from previous block
# <min> <max>
3	7

[block]
# block no. 5 follows, 21 sequences, length 8
# corresponding to MSA columns:
# 183-190
name=unknown_F
#
# <colnr> <probs for GDERKNQSTAVLIFYWHMCP>
#	G	D	E	R	K	N	Q	S	T	A	V	L	I	F	Y	W	H	M	C	P
0	0.02116	0.01342	0.01587	0.01411	0.01802	0.01362	0.01090	0.07647	0.18221	0.16460	0.16122	0.15135	0.08952	0.01572	0.00938	0.00286	0.00602	0.01349	0.00900	0.01108
1	0.02088	0.27290	0.03243	0.06430	0.02545	0.02539	0.06351	0.10350	0.01944	0.02542	0.01768	0.08697	0.01704	0.04077	0.01310	0.00289	0.14455	0.00850	0.00488	0.01038
2	0.02321	0.02429	0.03246	0.04617	0.52350	0.14956	0.02418	0.02769	0.02033	0.02641	0.01544	0.01992	0.01298	0.00782	0.00827	0.00246	0.01116	0.00716	0.00425	0.01276
3	0.01403	0.01230	0.01353	0.01432	0.05735	0.05453	0.00981	0.01885	0.07056	0.02867	0.29883	0.11087	0.22878	0.01762	0.00973	0.00277	0.00558	0.01517	0.00808	0.00863
4	0.07356	0.11758	0.18919	0.01973	0.06774	0.02005	0.01845	0.14236	0.02243	0.03200	0.02567	0.03309	0.06798	0.01139	0.00810	0.00265	0.00910	0.07706	0.05058	0.01127
5	0.02267	0.19909	0.03435	0.02611	0.14352	0.08085	0.14340	0.02672	0.01997	0.09355	0.02644	0.02818	0.09940	0.00976	0.00816	0.00244	0.01012	0.00865	0.00530	0.01131
6	0.01605	0.01305	0.01384	0.01405	0.01600	0.06433	0.01008	0.12226	0.02117	0.02735	0.03941	0.51915	0.04511	0.02226	0.01018	0.00319	0.00658	0.01971	0.00772	0.00850
7	0.01837	0.01995	0.06722	0.03004	0.27330	0.08688	0.01825	0.02377	0.05849	0.02535	0.03298	0.03577	0.15162	0.01866	0.09808	0.00411	0.01110	0.00985	0.00532	0.01086

[dist]
# distance from previous block
# <min> <max>
56	108

[block]
# block no. 6 follows, 21 sequences, length 86
# corresponding to MSA columns:
# 321-406
name=unknown_G
#
# <colnr> <probs for GDERKNQSTAVLIFYWHMCP>
#	G	D	E	R	K	N	Q	S	T	A	V	L	I	F	Y	W	H	M	C	P
0	0.01916	0.01842	0.05278	0.03651	0.38154	0.01825	0.02040	0.02583	0.09078	0.02699	0.02002	0.02672	0.01732	0.07919	0.04753	0.00376	0.04700	0.00833	0.04769	0.01177
1	0.06636	0.02944	0.18586	0.02630	0.13614	0.11659	0.02133	0.14685	0.08287	0.03254	0.01752	0.01976	0.01343	0.00933	0.00947	0.00265	0.05880	0.00698	0.00540	0.01237
2	0.01911	0.01915	0.05445	0.01772	0.04546	0.13162	0.01362	0.10899	0.02026	0.02582	0.02370	0.12349	0.02310	0.07353	0.25277	0.00706	0.01489	0.01039	0.00556	0.00931
3	0.05717	0.06302	0.08291	0.01262	0.01661	0.01238	0.01107	0.01865	0.04798	0.05171	0.04892	0.15075	0.25422	0.05554	0.07494	0.00416	0.00801	0.01399	0.00668	0.00868
4	0.01933	0.02243	0.20681	0.01981	0.06796	0.01504	0.01786	0.10182	0.02109	0.09623	0.02906	0.25716	0.02860	0.01504	0.00912	0.00287	0.00846	0.01303	0.00661	0.04167
5	0.02795	0.02048	0.02487	0.05007	0.12452	0.02203	0.01690	0.39484	0.03215	0.08746	0.02330	0.09388	0.01916	0.01152	0.00875	0.00266	0.00893	0.00949	0.00772	0.01330
6	0.01323	0.00917	0.01131	0.01211	0.01349	0.00901	0.00852	0.07271	0.01934	0.02680	0.08465	0.51370	0.05022	0.02261	0.01005	0.00316	0.00520	0.02022	0.08664	0.00784
7	0.01146	0.00751	0.00949	0.01107	0.01186	0.00711	0.00751	0.01344	0.01660	0.02371	0.04310	0.56342	0.04943	0.02333	0.00989	0.00316	0.00474	0.02096	0.15508	0.00711
8	0.01935	0.02617	0.16891	0.06342	0.13887	0.02116	0.33382	0.02629	0.01890	0.02656	0.01610	0.02131	0.01238	0.00803	0.01059	0.00284	0.06085	0.00859	0.00408	0.01178
9	0.01325	0.01065	0.01502	0.01460	0.01558	0.01273	0.01126	0.01563	0.01451	0.02075	0.05567	0.12300	0.02887	0.11050	0.33649	0.00894	0.14560	0.03408	0.00526	0.00762
10	0.02100	0.02082	0.03231	0.15393	0.50628	0.06594	0.02502	0.02595	0.01932	0.02631	0.01566	0.02093	0.01295	0.00782	0.00839	0.00255	0.01069	0.00743	0.00415	0.01256
11	0.09821	0.08920	0.13999	0.02806	0.15545	0.01971	0.15026	0.02416	0.01742	0.02630	0.01664	0.02190	0.01373	0.01877	0.13907	0.00479	0.01351	0.00759	0.00425	0.01101
12	0.01108	0.00824	0.01032	0.01069	0.01235	0.00748	0.00768	0.01386	0.02049	0.02768	0.32915	0.28376	0.18317	0.02139	0.01032	0.00298	0.00439	0.01891	0.00858	0.00748
13	0.02598	0.16828	0.03527	0.02773	0.12667	0.24502	0.13694	0.08676	0.02273	0.02624	0.01485	0.01791	0.01208	0.00810	0.00789	0.00234	0.01246	0.00674	0.00459	0.01142
14	0.02373	0.03008	0.09440	0.02546	0.08706	0.28218	0.04582	0.02711	0.01910	0.02238	0.01463	0.04559	0.01321	0.01112	0.01423	0.00283	0.21922	0.00735	0.00422	0.01029
15	0.01081	0.00844	0.00993	0.01092	0.01286	0.00756	0.00822	0.01306	0.01844	0.02303	0.06626	0.28106	0.34947	0.02354	0.01062	0.00325	0.00514	0.12228	0.00789	0.00721
16	0.06275	0.17972	0.06564	0.02311	0.09239	0.36119	0.01759	0.05931	0.02211	0.02420	0.01359	0.01593	0.01130	0.00831	0.00723	0.00222	0.01257	0.00562	0.00441	0.01083
17	0.01112	0.00871	0.00995	0.01060	0.01274	0.00783	0.00811	0.01339	0.01843	0.02279	0.06715	0.14983	0.38975	0.08691	0.01367	0.00368	0.00553	0.14507	0.00763	0.00711
18	0.02275	0.70604	0.04459	0.01456	0.02184	0.03367	0.01456	0.02548	0.01729	0.02002	0.01183	0.01365	0.01092	0.00728	0.00546	0.00182	0.00910	0.00455	0.00364	0.01092
19	0.03232	0.02485	0.02545	0.01972	0.02639	0.06510	0.01619	0.58407	0.03905	0.05165	0.01999	0.02012	0.01426	0.01013	0.00846	0.00253	0.00973	0.00753	0.00826	0.01419
20	0.01217	0.00906	0.01336	0.01336	0.01478	0.01047	0.01025	0.01500	0.01358	0.01952	0.02308	0.03501	0.02196	0.10909	0.62287	0.01329	0.02176	0.00935	0.00460	0.00742
21	0.01026	0.00863	0.00890	0.00884	0.01162	0.00727	0.00663	0.01261	0.01988	0.02413	0.14343	0.08002	0.58645	0.02113	0.01006	0.00285	0.00428	0.01770	0.00805	0.00727
22	0.02106	0.02022	0.03454	0.05223	0.64784	0.02022	0.02612	0.02612	0.01938	0.02780	0.01601	0.02106	0.01348	0.00758	0.00842	0.00253	0.01011	0.00758	0.00421	0.01348
23	0.01037	0.00741	0.00987	0.01185	0.01234	0.00691	0.00790	0.01185	0.01629	0.02172	0.04690	0.69537	0.05629	0.02666	0.01086	0.00346	0.00494	0.02419	0.00790	0.00691
24	0.03235	0.02384	0.02554	0.01958	0.02639	0.02639	0.01618	0.61946	0.04001	0.05363	0.02043	0.02043	0.01447	0.01022	0.00851	0.00255	0.00936	0.00766	0.00851	0.01447
25	0.01034	0.00752	0.00975	0.01153	0.01226	0.00694	0.00776	0.01188	0.01660	0.02185	0.05074	0.63555	0.11363	0.02616	0.01078	0.00340	0.00488	0.02359	0.00790	0.00694
26	0.01556	0.02070	0.14209	0.02345	0.02998	0.01537	0.26642	0.02106	0.01881	0.02523	0.03688	0.16780	0.15024	0.01415	0.00986	0.00296	0.01011	0.01380	0.00563	0.00989
27	0.01970	0.01883	0.03208	0.22357	0.48714	0.01986	0.02544	0.02492	0.01873	0.02615	0.01577	0.02151	0.01290	0.00783	0.00845	0.00261	0.01045	0.00758	0.00409	0.01238
28	0.03179	0.04056	0.02412	0.02192	0.02631	0.66676	0.01644	0.03398	0.02412	0.02083	0.01315	0.01535	0.01096	0.00877	0.00767	0.00219	0.01535	0.00548	0.00438	0.00987
29	0.01228	0.00821	0.00931	0.00941	0.00943	0.00818	0.00529	0.01235	0.01257	0.01676	0.02781	0.08734	0.03219	0.66756	0.04171	0.00801	0.00809	0.01296	0.00529	0.00524
30	0.02373	0.02728	0.02645	0.06961	0.02759	0.27935	0.04772	0.02626	0.01806	0.02104	0.01254	0.01783	0.01119	0.01163	0.01763	0.00301	0.33862	0.00680	0.00402	0.00965
31	0.01180	0.00897	0.01104	0.01133	0.01363	0.00821	0.00904	0.01512	0.02118	0.02777	0.27983	0.07904	0.27292	0.02056	0.01052	0.00309	0.00517	0.17468	0.00842	0.00767
32	0.02085	0.02138	0.06265	0.05033	0.59603	0.02025	0.05068	0.02620	0.01934	0.02774	0.01602	0.02100	0.01334	0.00759	0.00848	0.00255	0.01039	0.00763	0.00419	0.01336
33	0.01216	0.00912	0.01368	0.01368	0.01520	0.01064	0.01064	0.01520	0.01368	0.01976	0.02279	0.03343	0.02127	0.06382	0.66720	0.01368	0.02279	0.00912	0.00456	0.00760
34	0.01082	0.00764	0.00988	0.01134	0.01186	0.00721	0.00746	0.01224	0.01620	0.02174	0.08596	0.54474	0.05380	0.13746	0.01617	0.00419	0.00542	0.02161	0.00755	0.00670
35	0.02117	0.01828	0.01924	0.01732	0.02213	0.02117	0.01347	0.04522	0.63246	0.03560	0.03464	0.03175	0.02598	0.01155	0.00866	0.00289	0.00673	0.00962	0.00866	0.01347
36	0.02421	0.01847	0.01998	0.01733	0.02255	0.02080	0.01366	0.10699	0.50286	0.10409	0.03298	0.03023	0.02420	0.01129	0.00863	0.00282	0.00707	0.00929	0.00885	0.01369
37	0.01597	0.01503	0.01391	0.01294	0.01542	0.13900	0.00970	0.01962	0.02409	0.03148	0.51805	0.05398	0.06651	0.01568	0.00957	0.00258	0.00627	0.01342	0.00838	0.00839
38	0.02009	0.02296	0.05022	0.03587	0.04448	0.02152	0.61693	0.02726	0.02009	0.02726	0.01722	0.02296	0.01291	0.00717	0.01004	0.00287	0.01435	0.01004	0.00430	0.01148
39	0.01216	0.00912	0.01368	0.01368	0.01520	0.01064	0.01064	0.01520	0.01368	0.01976	0.02279	0.03343	0.02127	0.06382	0.66720	0.01368	0.02279	0.00912	0.00456	0.00760
40	0.01657	0.00843	0.00902	0.00867	0.01098	0.00818	0.00657	0.02042	0.01892	0.06916	0.09128	0.03698	0.05597	0.01122	0.00670	0.00213	0.00418	0.00916	0.59714	0.00830
41	0.01258	0.00963	0.01179	0.01297	0.01434	0.00983	0.00904	0.01867	0.14225	0.02456	0.04440	0.55971	0.05009	0.02357	0.01041	0.00334	0.00530	0.02121	0.00805	0.00825
42	0.01238	0.00825	0.00928	0.00928	0.00928	0.00825	0.00516	0.01238	0.01238	0.01650	0.02681	0.05569	0.03094	0.70092	0.04331	0.00825	0.00825	0.01238	0.00516	0.00516
43	0.01765	0.01513	0.01765	0.01260	0.02017	0.01134	0.01008	0.02143	0.01765	0.02773	0.01513	0.01765	0.01260	0.00630	0.00630	0.00126	0.00630	0.00504	0.00504	0.75295
44	0.01090	0.00771	0.00964	0.01095	0.01145	0.00730	0.00706	0.01202	0.01540	0.02036	0.04373	0.48160	0.08483	0.21259	0.01978	0.00475	0.00581	0.02055	0.00714	0.00644
45	0.01234	0.00829	0.00956	0.00977	0.00990	0.00826	0.00577	0.01264	0.01298	0.01727	0.02888	0.09166	0.03327	0.62817	0.03987	0.00776	0.00805	0.04473	0.00545	0.00540
46	0.01131	0.00803	0.01004	0.01070	0.01160	0.00757	0.00714	0.01311	0.01751	0.02370	0.20076	0.32806	0.08993	0.19874	0.01901	0.00446	0.00552	0.01846	0.00757	0.00677
47	0.02106	0.02022	0.03454	0.05223	0.64784	0.02022	0.02612	0.02612	0.01938	0.02780	0.01601	0.02106	0.01348	0.00758	0.00842	0.00253	0.01011	0.00758	0.00421	0.01348
48	0.02999	0.17287	0.02819	0.02046	0.02542	0.54089	0.01607	0.03229	0.02276	0.02067	0.01289	0.01501	0.01095	0.00847	0.00723	0.00212	0.01410	0.00530	0.00424	0.01008
49	0.01186	0.00853	0.01165	0.01204	0.01291	0.00920	0.00850	0.01371	0.01382	0.01920	0.02875	0.17149	0.03104	0.24121	0.35577	0.01007	0.01503	0.01306	0.00540	0.00675
50	0.02275	0.70604	0.04459	0.01456	0.02184	0.03367	0.01456	0.02548	0.01729	0.02002	0.01183	0.01365	0.01092	0.00728	0.00546	0.00182	0.00910	0.00455	0.00364	0.01092
51	0.01041	0.00782	0.00965	0.01092	0.01215	0.00706	0.00753	0.01224	0.01766	0.02294	0.09962	0.48920	0.21260	0.02466	0.01059	0.00325	0.00471	0.02193	0.00800	0.00706
52	0.01037	0.00741	0.00987	0.01185	0.01234	0.00691	0.00790	0.01185	0.01629	0.02172	0.04690	0.69537	0.05629	0.02666	0.01086	0.00346	0.00494	0.02419	0.00790	0.00691
53	0.01070	0.00865	0.00951	0.00929	0.01189	0.00746	0.00697	0.01345	0.02091	0.02658	0.26597	0.07599	0.46239	0.02021	0.01005	0.00281	0.00422	0.01713	0.00838	0.00746
54	0.02218	0.02104	0.02475	0.02102	0.02297	0.08734	0.01725	0.14381	0.01968	0.02723	0.01421	0.01989	0.01266	0.01736	0.07451	0.00415	0.42739	0.00744	0.00484	0.01028
55	0.03235	0.02384	0.02554	0.01958	0.02639	0.02639	0.01618	0.61946	0.04001	0.05363	0.02043	0.02043	0.01447	0.01022	0.00851	0.00255	0.00936	0.00766	0.00851	0.01447
56	0.01333	0.00925	0.01092	0.01035	0.01145	0.00914	0.00679	0.04630	0.01813	0.02492	0.25113	0.05667	0.04804	0.41479	0.02932	0.00591	0.00677	0.01322	0.00687	0.00670
57	0.02106	0.02022	0.03454	0.05223	0.64784	0.02022	0.02612	0.02612	0.01938	0.02780	0.01601	0.02106	0.01348	0.00758	0.00842	0.00253	0.01011	0.00758	0.00421	0.01348
58	0.49453	0.01916	0.01727	0.01426	0.02009	0.02176	0.01176	0.24243	0.02382	0.04383	0.01499	0.01624	0.01114	0.00875	0.00645	0.00260	0.00760	0.00573	0.00645	0.01114
59	0.02568	0.02052	0.02178	0.01823	0.02385	0.02327	0.01456	0.27678	0.39356	0.04287	0.02891	0.02719	0.02134	0.01101	0.00860	0.00275	0.00780	0.00883	0.00860	0.01387
60	0.76103	0.01646	0.01251	0.01119	0.01646	0.01909	0.00922	0.02502	0.01448	0.03818	0.01185	0.01382	0.00922	0.00790	0.00527	0.00263	0.00658	0.00461	0.00527	0.00922
61	0.02106	0.02022	0.03454	0.05223	0.64784	0.02022	0.02612	0.02612	0.01938	0.02780	0.01601	0.02106	0.01348	0.00758	0.00842	0.00253	0.01011	0.00758	0.00421	0.01348
62	0.02117	0.01828	0.01924	0.01732	0.02213	0.02117	0.01347	0.04522	0.63246	0.03560	0.03464	0.03175	0.02598	0.01155	0.00866	0.00289	0.00673	0.00962	0.00866	0.01347
63	0.01039	0.00765	0.00974	0.01130	0.01223	0.00700	0.00768	0.01208	0.01711	0.02245	0.07835	0.57262	0.14929	0.02547	0.01070	0.00333	0.00480	0.02284	0.00796	0.00700
64	0.21037	0.01756	0.01913	0.01517	0.02123	0.01828	0.01249	0.22144	0.02659	0.27441	0.02374	0.02272	0.01612	0.00975	0.00759	0.00257	0.00756	0.00727	0.05319	0.01281
65	0.01216	0.00912	0.01368	0.01368	0.01520	0.01064	0.01064	0.01520	0.01368	0.01976	0.02279	0.03343	0.02127	0.06382	0.66720	0.01368	0.02279	0.00912	0.00456	0.00760
66	0.02140	0.01170	0.01359	0.01238	0.01580	0.01176	0.01009	0.11120	0.02251	0.13262	0.03114	0.04276	0.02616	0.01284	0.00793	0.00257	0.00607	0.12710	0.37047	0.00992
67	0.01480	0.01484	0.01241	0.01241	0.01488	0.14204	0.00905	0.01698	0.02005	0.02341	0.12091	0.22760	0.29957	0.01984	0.00978	0.00287	0.00670	0.01677	0.00734	0.00775
68	0.01838	0.01362	0.01577	0.01179	0.01816	0.01071	0.00937	0.02218	0.01805	0.06215	0.01870	0.02113	0.01494	0.00727	0.00635	0.00148	0.00588	0.00582	0.15725	0.56101
69	0.01037	0.00741	0.00987	0.01185	0.01234	0.00691	0.00790	0.01185	0.01629	0.02172	0.04690	0.69537	0.05629	0.02666	0.01086	0.00346	0.00494	0.02419	0.00790	0.00691
70	0.01552	0.00906	0.01179	0.01179	0.01395	0.00817	0.00856	0.01798	0.01986	0.13363	0.18893	0.36405	0.12132	0.02114	0.01018	0.00307	0.00505	0.01874	0.00870	0.00851
71	0.01862	0.01862	0.02607	0.02234	0.02234	0.02607	0.01862	0.02048	0.01303	0.02048	0.01117	0.01862	0.01117	0.01489	0.02793	0.00372	0.68535	0.00745	0.00372	0.00931
72	0.02106	0.02022	0.03454	0.05223	0.64784	0.02022	0.02612	0.02612	0.01938	0.02780	0.01601	0.02106	0.01348	0.00758	0.00842	0.00253	0.01011	0.00758	0.00421	0.01348
73	0.01015	0.00862	0.00875	0.00872	0.01155	0.00722	0.00654	0.01240	0.01962	0.02352	0.11285	0.08102	0.61741	0.02135	0.01006	0.00286	0.00430	0.01784	0.00797	0.00722
74	0.01006	0.00862	0.00862	0.00862	0.01149	0.00718	0.00647	0.01221	0.01940	0.02299	0.08621	0.08190	0.64438	0.02155	0.01006	0.00287	0.00431	0.01796	0.00790	0.00718
75	0.01827	0.01059	0.01249	0.01133	0.01497	0.00942	0.00872	0.02204	0.05605	0.19019	0.10476	0.12983	0.34148	0.01833	0.00967	0.00286	0.00527	0.01550	0.00874	0.00950
76	0.02009	0.02296	0.05022	0.03587	0.04448	0.02152	0.61693	0.02726	0.02009	0.02726	0.01722	0.02296	0.01291	0.00717	0.01004	0.00287	0.01435	0.01004	0.00430	0.01148
77	0.01013	0.00834	0.00891	0.00937	0.01169	0.00712	0.00680	0.01213	0.01868	0.02270	0.07711	0.22394	0.50821	0.02274	0.01024	0.00301	0.00446	0.01940	0.00790	0.00712
78	0.22353	0.03326	0.02115	0.01897	0.02372	0.45957	0.01453	0.06538	0.02250	0.02728	0.01323	0.01524	0.01071	0.00862	0.00709	0.00233	0.01270	0.00538	0.00485	0.00996
79	0.02506	0.02781	0.03065	0.04093	0.41601	0.26137	0.02251	0.02905	0.02114	0.02520	0.01494	0.01893	0.01254	0.00803	0.00814	0.00240	0.01206	0.00680	0.00428	0.01213
80	0.01032	0.00759	0.00968	0.01135	0.01221	0.00695	0.00768	0.01191	0.01678	0.02192	0.05301	0.60003	0.14768	0.02587	0.01074	0.00337	0.00484	0.02322	0.00790	0.00695
81	0.02082	0.01997	0.03410	0.08303	0.61895	0.02016	0.02600	0.02590	0.01926	0.02751	0.01596	0.02114	0.01338	0.00763	0.00843	0.00254	0.01017	0.00758	0.00419	0.01328
82	0.01865	0.01913	0.06118	0.33002	0.35591	0.01961	0.02528	0.02421	0.01826	0.02507	0.01558	0.02163	0.01240	0.00802	0.00845	0.00267	0.01078	0.00751	0.00399	0.01165
83	0.02137	0.27503	0.03172	0.02376	0.14923	0.12258	0.01677	0.02456	0.01806	0.02201	0.01639	0.02330	0.01517	0.01795	0.11417	0.00415	0.05138	0.03766	0.00425	0.01049
84	0.01637	0.01232	0.01450	0.01337	0.01497	0.01446	0.01002	0.02290	0.14084	0.02556	0.02537	0.03571	0.02300	0.20121	0.05372	0.00479	0.14210	0.00944	0.21079	0.00857
85	0.02345	0.02533	0.02370	0.02486	0.14727	0.24784	0.01646	0.02826	0.06382	0.02531	0.01736	0.02277	0.01501	0.00923	0.00892	0.00224	0.04954	0.03759	0.00497	0.20605

[dist]
# distance from previous block
# <min> <max>
0	1

[block]
# block no. 7 follows, 21 sequences, length 160
# corresponding to MSA columns:
# 408-567
name=unknown_H
#
# <colnr> <probs for GDERKNQSTAVLIFYWHMCP>
#	G	D	E	R	K	N	Q	S	T	A	V	L	I	F	Y	W	H	M	C	P
0	0.01024	0.00832	0.00895	0.00941	0.01159	0.00717	0.00674	0.01214	0.01833	0.02238	0.07416	0.22403	0.47733	0.05551	0.01185	0.00327	0.00465	0.01915	0.00777	0.00702
1	0.02106	0.02022	0.03454	0.05223	0.64784	0.02022	0.02612	0.02612	0.01938	0.02780	0.01601	0.02106	0.01348	0.00758	0.00842	0.00253	0.01011	0.00758	0.00421	0.01348
2	0.01945	0.32097	0.40071	0.02020	0.03056	0.02558	0.02438	0.02634	0.01768	0.02405	0.01383	0.01616	0.01084	0.00775	0.00699	0.00233	0.01112	0.00556	0.00361	0.01188
3	0.03039	0.08113	0.02556	0.05690	0.02777	0.56424	0.01670	0.05744	0.02397	0.02221	0.01348	0.01585	0.01113	0.00872	0.00761	0.00222	0.01448	0.00563	0.00448	0.01011
4	0.01315	0.00977	0.01397	0.01368	0.01536	0.01124	0.01055	0.04416	0.01486	0.02118	0.02294	0.03423	0.02157	0.10207	0.59545	0.01279	0.02121	0.00926	0.00479	0.00777
5	0.01195	0.00867	0.01112	0.01052	0.01248	0.00799	0.00781	0.01567	0.02328	0.03267	0.58288	0.06425	0.11028	0.04933	0.01158	0.00295	0.00423	0.01540	0.00909	0.00785
6	0.01229	0.00974	0.01310	0.01363	0.01403	0.01093	0.00976	0.01375	0.01504	0.02073	0.03626	0.45020	0.04259	0.10940	0.05565	0.00468	0.13576	0.01869	0.00658	0.00719
7	0.16834	0.01484	0.01845	0.01443	0.02078	0.01369	0.01192	0.03851	0.02258	0.54289	0.02966	0.02624	0.01893	0.01006	0.00797	0.00263	0.00712	0.00785	0.00958	0.01353
8	0.01037	0.00741	0.00987	0.01185	0.01234	0.00691	0.00790	0.01185	0.01629	0.02172	0.04690	0.69537	0.05629	0.02666	0.01086	0.00346	0.00494	0.02419	0.00790	0.00691
9	0.01015	0.00862	0.00875	0.00872	0.01155	0.00722	0.00654	0.01239	0.01962	0.02351	0.11237	0.08104	0.61789	0.02136	0.01006	0.00286	0.00430	0.01784	0.00797	0.00722
10	0.01063	0.00864	0.00941	0.00922	0.01185	0.00743	0.00692	0.01332	0.02075	0.02620	0.24661	0.07662	0.48198	0.02036	0.01005	0.00282	0.00423	0.01722	0.00832	0.00743
11	0.01586	0.00793	0.00793	0.00793	0.00991	0.00793	0.00595	0.01983	0.01785	0.03173	0.02776	0.03173	0.02181	0.00991	0.00595	0.00198	0.00397	0.00793	0.74817	0.00793
12	0.01765	0.01513	0.01765	0.01260	0.02017	0.01134	0.01008	0.02143	0.01765	0.02773	0.01513	0.01765	0.01260	0.00630	0.00630	0.00126	0.00630	0.00504	0.00504	0.75295
13	0.03179	0.04056	0.02412	0.02192	0.02631	0.66676	0.01644	0.03398	0.02412	0.02083	0.01315	0.01535	0.01096	0.00877	0.00767	0.00219	0.01535	0.00548	0.00438	0.00987
14	0.01211	0.01047	0.01388	0.19844	0.02500	0.01064	0.01159	0.01559	0.01957	0.02464	0.16648	0.06190	0.36431	0.01713	0.00962	0.00283	0.00624	0.01457	0.00700	0.00798
15	0.01008	0.00855	0.00869	0.00880	0.01154	0.00717	0.00655	0.01219	0.01922	0.02292	0.08398	0.11666	0.61106	0.02184	0.01010	0.00291	0.00435	0.01831	0.00790	0.00717
16	0.01037	0.00741	0.00987	0.01185	0.01234	0.00691	0.00790	0.01185	0.01629	0.02172	0.04690	0.69537	0.05629	0.02666	0.01086	0.00346	0.00494	0.02419	0.00790	0.00691
17	0.01192	0.00869	0.01120	0.01057	0.01264	0.00798	0.00793	0.01581	0.02379	0.03341	0.60764	0.06474	0.11645	0.01766	0.01004	0.00269	0.00403	0.01555	0.00927	0.00798
18	0.01707	0.04402	0.65683	0.02426	0.03683	0.01976	0.03144	0.02695	0.01797	0.02695	0.01527	0.01797	0.01078	0.00809	0.00809	0.00270	0.01258	0.00629	0.00359	0.01258
19	0.02009	0.02296	0.05022	0.03587	0.04448	0.02152	0.61693	0.02726	0.02009	0.02726	0.01722	0.02296	0.01291	0.00717	0.01004	0.00287	0.01435	0.01004	0.00430	0.01148
20	0.02442	0.01990	0.02107	0.01798	0.02337	0.02269	0.01426	0.21216	0.46023	0.04084	0.03051	0.02846	0.02263	0.01116	0.00862	0.00279	0.00750	0.00905	0.00862	0.01376
21	0.01216	0.00912	0.01368	0.01368	0.01520	0.01064	0.01064	0.01520	0.01368	0.01976	0.02279	0.03343	0.02127	0.06382	0.66720	0.01368	0.02279	0.00912	0.00456	0.00760
22	0.20601	0.02061	0.02066	0.02000	0.09730	0.13942	0.01413	0.03429	0.02137	0.31173	0.02242	0.02183	0.01542	0.00922	0.00759	0.00254	0.00897	0.00692	0.00735	0.01224
23	0.01040	0.00863	0.00910	0.00899	0.01171	0.00733	0.00674	0.01289	0.02022	0.02494	0.18356	0.07870	0.54582	0.02083	0.01005	0.00284	0.00426	0.01751	0.00816	0.00733
24	0.01061	0.00830	0.00962	0.01003	0.01202	0.00731	0.00724	0.01302	0.01962	0.02526	0.20635	0.25125	0.34500	0.02202	0.01028	0.00299	0.00442	0.01912	0.00825	0.00731
25	0.02106	0.02022	0.03454	0.05223	0.64784	0.02022	0.02612	0.02612	0.01938	0.02780	0.01601	0.02106	0.01348	0.00758	0.00842	0.00253	0.01011	0.00758	0.00421	0.01348
26	0.02100	0.02040	0.03555	0.05119	0.60917	0.02030	0.06398	0.02619	0.01942	0.02777	0.01608	0.02118	0.01344	0.00756	0.00853	0.00255	0.01038	0.00774	0.00422	0.01335
27	0.01037	0.00741	0.00987	0.01185	0.01234	0.00691	0.00790	0.01185	0.01629	0.02172	0.04690	0.69537	0.05629	0.02666	0.01086	0.00346	0.00494	0.02419	0.00790	0.00691
28	0.01018	0.00815	0.00911	0.00987	0.01182	0.00708	0.00702	0.01207	0.01819	0.02250	0.07095	0.32004	0.41610	0.02354	0.01037	0.00310	0.00455	0.02038	0.00790	0.00708
29	0.01312	0.00960	0.01288	0.01452	0.01663	0.00937	0.01253	0.01675	0.01956	0.02506	0.05178	0.09369	0.14628	0.02319	0.01148	0.00375	0.00726	0.49698	0.00785	0.00773
30	0.01216	0.00912	0.01368	0.01368	0.01520	0.01064	0.01064	0.01520	0.01368	0.01976	0.02279	0.03343	0.02127	0.06382	0.66720	0.01368	0.02279	0.00912	0.00456	0.00760
31	0.01862	0.01862	0.02607	0.02234	0.02234	0.02607	0.01862	0.02048	0.01303	0.02048	0.01117	0.01862	0.01117	0.01489	0.02793	0.00372	0.68535	0.00745	0.00372	0.00931
32	0.01765	0.01513	0.01765	0.01260	0.02017	0.01134	0.01008	0.02143	0.01765	0.02773	0.01513	0.01765	0.01260	0.00630	0.00630	0.00126	0.00630	0.00504	0.00504	0.75295
33	0.01277	0.00892	0.01272	0.01272	0.01432	0.01019	0.00986	0.01596	0.01437	0.02174	0.02362	0.03315	0.02136	0.05489	0.55758	0.01174	0.01967	0.00892	0.12783	0.00765
34	0.20051	0.06455	0.02366	0.02274	0.09918	0.40641	0.01584	0.03052	0.02096	0.02569	0.01313	0.01560	0.01086	0.00835	0.00710	0.00232	0.01236	0.00549	0.00453	0.01020
35	0.01010	0.00847	0.00877	0.00901	0.01160	0.00715	0.00664	0.01217	0.01902	0.02284	0.08144	0.15631	0.57305	0.02217	0.01016	0.00294	0.00439	0.01872	0.00790	0.00715
36	0.01241	0.01067	0.01259	0.01446	0.08936	0.00961	0.00932	0.03963	0.02045	0.02531	0.09704	0.07120	0.51893	0.01922	0.00979	0.00281	0.00522	0.01617	0.00754	0.00829
37	0.01586	0.00793	0.00793	0.00793	0.00991	0.00793	0.00595	0.01983	0.01785	0.03173	0.02776	0.03173	0.02181	0.00991	0.00595	0.00198	0.00397	0.00793	0.74817	0.00793
38	0.01782	0.01745	0.02454	0.02128	0.02146	0.02417	0.01764	0.01983	0.01311	0.02039	0.01260	0.02044	0.01241	0.02091	0.10650	0.00495	0.60391	0.00765	0.00383	0.00910
39	0.01334	0.01101	0.01431	0.01417	0.01587	0.05019	0.01099	0.01633	0.01431	0.01982	0.02221	0.03234	0.02065	0.06051	0.62744	0.01298	0.02235	0.00890	0.00455	0.00773
40	0.01211	0.00928	0.01148	0.01258	0.01494	0.00865	0.01053	0.01525	0.01951	0.02438	0.06313	0.08980	0.31047	0.02265	0.01101	0.00346	0.00629	0.33908	0.00787	0.00755
41	0.01862	0.01862	0.02607	0.02234	0.02234	0.02607	0.01862	0.02048	0.01303	0.02048	0.01117	0.01862	0.01117	0.01489	0.02793	0.00372	0.68535	0.00745	0.00372	0.00931
42	0.76103	0.01646	0.01251	0.01119	0.01646	0.01909	0.00922	0.02502	0.01448	0.03818	0.01185	0.01382	0.00922	0.00790	0.00527	0.00263	0.00658	0.00461	0.00527	0.00922
43	0.01866	0.01777	0.03020	0.35461	0.36424	0.01959	0.02492	0.02401	0.01824	0.02489	0.01558	0.02185	0.01245	0.00803	0.00847	0.00268	0.01070	0.00757	0.00401	0.01154
44	0.02106	0.02022	0.03454	0.05223	0.64784	0.02022	0.02612	0.02612	0.01938	0.02780	0.01601	0.02106	0.01348	0.00758	0.00842	0.00253	0.01011	0.00758	0.00421	0.01348
45	0.02622	0.03164	0.02115	0.01958	0.02316	0.48063	0.01480	0.02865	0.02115	0.02052	0.01589	0.02048	0.01389	0.02439	0.19477	0.00545	0.01746	0.00651	0.00443	0.00922
46	0.01224	0.00926	0.01171	0.01296	0.01518	0.00872	0.01084	0.01541	0.01936	0.02440	0.05988	0.11986	0.26250	0.02296	0.01110	0.00352	0.00643	0.35824	0.00786	0.00756
47	0.03179	0.04056	0.02412	0.02192	0.02631	0.66676	0.01644	0.03398	0.02412	0.02083	0.01315	0.01535	0.01096	0.00877	0.00767	0.00219	0.01535	0.00548	0.00438	0.00987
48	0.01285	0.00952	0.01251	0.01400	0.01618	0.00918	0.01200	0.01635	0.01954	0.02488	0.05480	0.09266	0.18992	0.02305	0.01135	0.00367	0.00700	0.45501	0.00785	0.00768
49	0.02020	0.02262	0.04831	0.03785	0.11766	0.02136	0.54526	0.02712	0.02000	0.02733	0.01707	0.02273	0.01298	0.00722	0.00985	0.00283	0.01383	0.00974	0.00429	0.01172
50	0.42611	0.24613	0.02773	0.01530	0.02164	0.02423	0.08471	0.02544	0.01609	0.03083	0.01249	0.01487	0.01023	0.00761	0.00591	0.00239	0.00836	0.00525	0.00461	0.01006
51	0.01707	0.04402	0.65683	0.02426	0.03683	0.01976	0.03144	0.02695	0.01797	0.02695	0.01527	0.01797	0.01078	0.00809	0.00809	0.00270	0.01258	0.00629	0.00359	0.01258
52	0.01043	0.00855	0.00923	0.00953	0.01202	0.00736	0.00714	0.01273	0.01936	0.02370	0.11509	0.15139	0.50723	0.02198	0.01025	0.00299	0.00456	0.05123	0.00799	0.00724
53	0.02409	0.21451	0.11607	0.02716	0.17327	0.22887	0.02011	0.02820	0.02014	0.02327	0.01510	0.01999	0.01312	0.00862	0.00748	0.00231	0.01174	0.03048	0.00418	0.01128
54	0.02055	0.04320	0.50705	0.02370	0.03434	0.17292	0.02789	0.02862	0.01942	0.02550	0.01477	0.01735	0.01082	0.00825	0.00799	0.00258	0.01323	0.00610	0.00378	0.01194
55	0.01054	0.00761	0.01002	0.01189	0.01260	0.00709	0.00815	0.01220	0.01666	0.02201	0.04903	0.62632	0.08919	0.02619	0.01087	0.00345	0.00507	0.05624	0.00790	0.00698
56	0.02106	0.02022	0.03454	0.05223	0.64784	0.02022	0.02612	0.02612	0.01938	0.02780	0.01601	0.02106	0.01348	0.00758	0.00842	0.00253	0.01011	0.00758	0.00421	0.01348
57	0.02106	0.02022	0.03454	0.05223	0.64784	0.02022	0.02612	0.02612	0.01938	0.02780	0.01601	0.02106	0.01348	0.00758	0.00842	0.00253	0.01011	0.00758	0.00421	0.01348
