[name]
unknown

[dist]
# distance from previous block
# <min> <max>
0	11

[block]
# block no. 0 follows, 22 sequences, length 16
# corresponding to MSA columns:
# 11-26
name=unknown_A
#
# <colnr> <probs for GDERKNQSTAVLIFYWHMCP>
#	G	D	E	R	K	N	Q	S	T	A	V	L	I	F	Y	W	H	M	C	P
0	0.01406	0.01032	0.01388	0.01545	0.01762	0.01058	0.01337	0.01969	0.07629	0.02577	0.04305	0.08795	0.04575	0.02188	0.01120	0.00373	0.00755	0.54601	0.00772	0.00815
1	0.31066	0.11800	0.02023	0.01432	0.01966	0.12742	0.01178	0.03026	0.08960	0.13017	0.02044	0.02058	0.03763	0.00909	0.00662	0.00242	0.00822	0.00630	0.00607	0.01055
2	0.01236	0.01083	0.01318	0.01564	0.11037	0.00999	0.00982	0.01655	0.06430	0.02469	0.10330	0.06630	0.47622	0.01801	0.00948	0.00274	0.00523	0.01525	0.00730	0.00844
3	0.01993	0.01373	0.01725	0.07764	0.02210	0.01337	0.01210	0.02573	0.08420	0.12274	0.02361	0.02956	0.01914	0.01011	0.00887	0.00225	0.05635	0.05799	0.12034	0.26299
4	0.01778	0.01657	0.02744	0.32114	0.26628	0.01768	0.04710	0.02287	0.01768	0.02471	0.01572	0.02141	0.01250	0.00774	0.00798	0.00244	0.00986	0.00722	0.03792	0.09796
5	0.16154	0.08218	0.02266	0.11081	0.02718	0.30192	0.01515	0.08449	0.02106	0.02646	0.01413	0.01732	0.01149	0.01228	0.05547	0.00312	0.01235	0.00586	0.00469	0.00981
6	0.02645	0.02840	0.11994	0.01901	0.02497	0.19081	0.01663	0.29641	0.02800	0.03503	0.01820	0.02308	0.01492	0.10636	0.01276	0.00320	0.01098	0.00736	0.00608	0.01141
7	0.01126	0.00842	0.01057	0.01179	0.01294	0.00819	0.00816	0.01506	0.07621	0.02368	0.10258	0.54347	0.08930	0.02350	0.01028	0.00322	0.00487	0.02112	0.00791	0.00747
8	0.01868	0.01799	0.02822	0.16515	0.42306	0.04861	0.02212	0.02311	0.01828	0.02487	0.01953	0.11545	0.01846	0.01022	0.00854	0.00264	0.00964	0.00956	0.00454	0.01135
9	0.01803	0.01284	0.01820	0.01528	0.01944	0.01227	0.09503	0.02485	0.12694	0.13582	0.13066	0.11930	0.20532	0.01556	0.00941	0.00280	0.00649	0.01380	0.00799	0.00995
10	0.12000	0.00981	0.01160	0.01146	0.01364	0.00957	0.00822	0.01843	0.01740	0.12261	0.12128	0.32320	0.04312	0.11495	0.01381	0.00369	0.00571	0.01581	0.00758	0.00811
11	0.02557	0.02671	0.05805	0.02786	0.12461	0.23139	0.13936	0.02954	0.02028	0.11206	0.01664	0.01973	0.01285	0.00913	0.01101	0.00262	0.10921	0.00728	0.00495	0.01115
12	0.01873	0.12178	0.01947	0.01411	0.01789	0.07305	0.01116	0.14030	0.06719	0.02827	0.03891	0.23784	0.14590	0.01645	0.00877	0.00270	0.00718	0.01375	0.00696	0.00957
13	0.02445	0.01587	0.01957	0.10923	0.02549	0.01690	0.01388	0.24160	0.05327	0.16013	0.02909	0.19965	0.02607	0.01403	0.00892	0.00279	0.00776	0.01191	0.00791	0.01149
14	0.01564	0.11024	0.02071	0.01927	0.12138	0.01624	0.01289	0.02110	0.10387	0.02405	0.04144	0.17199	0.19350	0.01589	0.01050	0.00280	0.06952	0.01318	0.00627	0.00952
15	0.01934	0.01817	0.03057	0.04535	0.56669	0.01808	0.02304	0.02413	0.01956	0.02800	0.10410	0.02633	0.02223	0.00873	0.00844	0.00249	0.00904	0.00846	0.00481	0.01242

[dist]
# distance from previous block
# <min> <max>
6	13

[block]
# block no. 1 follows, 22 sequences, length 85
# corresponding to MSA columns:
# 40-124
name=unknown_B
#
# <colnr> <probs for GDERKNQSTAVLIFYWHMCP>
#	G	D	E	R	K	N	Q	S	T	A	V	L	I	F	Y	W	H	M	C	P
0	0.01572	0.01381	0.02211	0.03132	0.33833	0.01353	0.01674	0.01941	0.01888	0.02652	0.14623	0.23492	0.03826	0.01487	0.00924	0.00277	0.00720	0.01376	0.00616	0.01020
1	0.01509	0.00917	0.01130	0.01080	0.01237	0.00955	0.00784	0.01740	0.01582	0.07428	0.05991	0.07147	0.06040	0.20714	0.14092	0.00596	0.04600	0.01073	0.20640	0.00747
2	0.02248	0.02090	0.02442	0.05255	0.26263	0.13851	0.01782	0.02976	0.14650	0.06965	0.02324	0.02553	0.04704	0.01103	0.01018	0.06336	0.00950	0.00798	0.00558	0.01137
3	0.02340	0.04578	0.11376	0.01915	0.07273	0.01578	0.01595	0.05944	0.01920	0.22961	0.02279	0.02636	0.01746	0.04902	0.17509	0.00548	0.06347	0.00795	0.00630	0.01127
4	0.01867	0.01831	0.02874	0.37035	0.32039	0.05447	0.02376	0.02376	0.01800	0.02379	0.01504	0.02106	0.01198	0.00792	0.00823	0.00260	0.01075	0.00728	0.00391	0.01099
5	0.08116	0.02966	0.02211	0.02118	0.07423	0.40888	0.01515	0.03262	0.02257	0.15457	0.04752	0.02030	0.01603	0.00916	0.00768	0.00231	0.01183	0.00654	0.00579	0.01071
6	0.02936	0.24825	0.02957	0.01919	0.07358	0.16457	0.01496	0.06436	0.02191	0.22896	0.01945	0.01944	0.01425	0.00862	0.00717	0.00221	0.00972	0.00630	0.00618	0.01194
7	0.01166	0.00820	0.00976	0.00963	0.01060	0.00782	0.00629	0.01332	0.01694	0.02304	0.25432	0.09434	0.10302	0.36597	0.02621	0.00541	0.00608	0.01422	0.00687	0.00629
8	0.01187	0.00890	0.01335	0.01335	0.01483	0.01038	0.01038	0.01483	0.01335	0.01928	0.02225	0.03264	0.02077	0.06231	0.67512	0.01335	0.02225	0.00890	0.00445	0.00742
9	0.01538	0.01625	0.07066	0.06906	0.18124	0.04343	0.01556	0.02034	0.05261	0.02575	0.12407	0.15484	0.14771	0.01484	0.00911	0.00274	0.00745	0.01305	0.00627	0.00967
10	0.02007	0.01923	0.03283	0.11552	0.59555	0.01961	0.02525	0.02506	0.01868	0.02654	0.01554	0.02072	0.01295	0.00749	0.00823	0.00250	0.00999	0.00740	0.00407	0.01276
11	0.01655	0.01587	0.01972	0.01775	0.01858	0.07107	0.01415	0.01858	0.01373	0.01940	0.01628	0.02624	0.01603	0.09886	0.23817	0.00712	0.35149	0.00813	0.00409	0.00818
12	0.02023	0.01940	0.03311	0.09481	0.61502	0.01965	0.02533	0.02520	0.01876	0.02673	0.01557	0.02067	0.01302	0.00746	0.00823	0.00249	0.00995	0.00740	0.00408	0.01289
13	0.21333	0.02566	0.18955	0.02215	0.07822	0.02060	0.08031	0.17900	0.02277	0.06906	0.01652	0.01842	0.01200	0.00837	0.00754	0.00258	0.00970	0.00665	0.00561	0.01197
14	0.01067	0.00770	0.00973	0.01123	0.01233	0.00713	0.00797	0.01260	0.01683	0.02228	0.05121	0.50041	0.15423	0.02406	0.01033	0.00325	0.00496	0.08196	0.04417	0.00694
15	0.01540	0.01387	0.01303	0.01331	0.04695	0.09907	0.00868	0.04901	0.01806	0.02188	0.06557	0.05387	0.22603	0.29441	0.02241	0.00479	0.00776	0.01253	0.00607	0.00731
16	0.01964	0.02039	0.06144	0.07697	0.44864	0.02077	0.05439	0.02435	0.01762	0.02545	0.01474	0.02016	0.01249	0.00877	0.01180	0.00272	0.13619	0.00744	0.00398	0.01206
17	0.02226	0.01332	0.01832	0.13977	0.05937	0.01345	0.01360	0.06660	0.05294	0.22360	0.12586	0.10409	0.08461	0.01331	0.00891	0.00272	0.00713	0.01145	0.00786	0.01083
18	0.02302	0.01166	0.01341	0.01151	0.01529	0.01155	0.00910	0.07920	0.07153	0.20475	0.05991	0.03085	0.02367	0.01036	0.00713	0.00226	0.00541	0.00838	0.39052	0.01047
19	0.06975	0.22220	0.45216	0.02024	0.03063	0.02292	0.02475	0.02579	0.01713	0.02524	0.01377	0.01612	0.01046	0.00767	0.00701	0.00240	0.01096	0.00557	0.00363	0.01161
20	0.02248	0.02588	0.07374	0.10153	0.39806	0.18494	0.02324	0.02709	0.01977	0.02481	0.01479	0.01909	0.01216	0.00781	0.00802	0.00242	0.01144	0.00680	0.00407	0.01184
21	0.01893	0.18321	0.30863	0.02563	0.03539	0.02289	0.23923	0.02610	0.01813	0.02493	0.01485	0.01835	0.01130	0.00740	0.00801	0.00250	0.01215	0.00707	0.00377	0.01154
22	0.01183	0.01023	0.01190	0.01342	0.07605	0.00934	0.00884	0.01592	0.06459	0.02468	0.11939	0.06906	0.49749	0.01865	0.00956	0.00276	0.00492	0.01573	0.00753	0.00814
23	0.02328	0.21063	0.02965	0.05876	0.15142	0.17093	0.01683	0.07634	0.08394	0.02572	0.02075	0.02252	0.05713	0.00917	0.00742	0.00228	0.01004	0.00704	0.00500	0.01114
24	0.01847	0.01758	0.02952	0.21972	0.44808	0.01847	0.02346	0.02336	0.01830	0.02521	0.02035	0.02528	0.05882	0.00863	0.00836	0.00257	0.00979	0.00813	0.00426	0.01165
25	0.01733	0.12351	0.59030	0.02254	0.03420	0.02093	0.02871	0.02614	0.01746	0.02550	0.01450	0.01703	0.01054	0.00780	0.00758	0.00253	0.01187	0.00593	0.00351	0.01208
26	0.34569	0.01938	0.05194	0.19617	0.02978	0.07157	0.01509	0.08830	0.01867	0.03181	0.01753	0.02044	0.04510	0.00891	0.00692	0.00260	0.00885	0.00646	0.00507	0.00972
27	0.01352	0.01234	0.01747	0.10719	0.19408	0.01197	0.01372	0.01684	0.01863	0.02358	0.05646	0.05625	0.39511	0.01567	0.00919	0.00271	0.00664	0.01345	0.00621	0.00898
28	0.01459	0.01553	0.07001	0.13978	0.02563	0.01609	0.01556	0.01912	0.04993	0.02244	0.03645	0.06814	0.18709	0.01790	0.05012	0.00365	0.19189	0.04189	0.00540	0.00878
29	0.01012	0.00723	0.00964	0.01157	0.01205	0.00675	0.00771	0.01157	0.01591	0.02121	0.04579	0.70262	0.05495	0.02603	0.01060	0.00337	0.00482	0.02362	0.00771	0.00675
30	0.22897	0.01766	0.05740	0.21852	0.20403	0.01803	0.01885	0.02424	0.01732	0.06041	0.04835	0.02143	0.01503	0.00842	0.00745	0.00261	0.00893	0.00696	0.00482	0.01058
31	0.02707	0.11039	0.12353	0.01887	0.02606	0.07696	0.01742	0.38580	0.03087	0.04038	0.02073	0.02131	0.04414	0.00974	0.00789	0.00241	0.00982	0.00723	0.00665	0.01272
32	0.01157	0.00871	0.01276	0.04796	0.01610	0.00961	0.01012	0.01431	0.01494	0.02089	0.07179	0.22264	0.03384	0.04615	0.40748	0.00925	0.01550	0.01338	0.00565	0.00735
33	0.01012	0.00723	0.00964	0.01157	0.01205	0.00675	0.00771	0.01157	0.01591	0.02121	0.04579	0.70262	0.05495	0.02603	0.01060	0.00337	0.00482	0.02362	0.00771	0.00675
34	0.01208	0.00805	0.00906	0.00906	0.00906	0.00805	0.00503	0.01208	0.01208	0.01611	0.02618	0.05436	0.03020	0.70804	0.04228	0.00805	0.00805	0.01208	0.00503	0.00503
35	0.01983	0.01899	0.03240	0.14670	0.56624	0.01955	0.02513	0.02485	0.01857	0.02625	0.01550	0.02080	0.01285	0.00754	0.00824	0.00251	0.01005	0.00740	0.00405	0.01257
36	0.02056	0.01974	0.03372	0.05099	0.65622	0.01974	0.02550	0.02550	0.01892	0.02714	0.01563	0.02056	0.01316	0.00740	0.00822	0.00247	0.00987	0.00740	0.00411	0.01316
37	0.02022	0.16726	0.20594	0.03510	0.33739	0.04567	0.02428	0.02586	0.01830	0.02513	0.01451	0.01808	0.01185	0.00752	0.00752	0.00236	0.01050	0.00639	0.00384	0.01229
38	0.01523	0.02747	0.34542	0.02448	0.13492	0.01533	0.02240	0.02142	0.01725	0.02481	0.02498	0.23866	0.02528	0.01365	0.00882	0.00284	0.00946	0.01198	0.00497	0.01065
39	0.02796	0.01665	0.04691	0.01751	0.02172	0.01732	0.01491	0.06209	0.01993	0.34613	0.02350	0.02451	0.01673	0.01573	0.06810	0.00378	0.22943	0.00791	0.00730	0.01190
40	0.01153	0.00811	0.01129	0.01207	0.01319	0.00865	0.00884	0.01398	0.01479	0.02124	0.03222	0.30214	0.03458	0.04237	0.33986	0.00818	0.01337	0.01471	0.08170	0.00718
41	0.01071	0.00772	0.01027	0.01210	0.01296	0.00728	0.00869	0.01263	0.01665	0.02194	0.04738	0.55910	0.08363	0.02521	0.01072	0.00343	0.00531	0.12965	0.00770	0.00693
42	0.02925	0.03339	0.02307	0.02031	0.02452	0.47681	0.01562	0.13183	0.02496	0.02628	0.01466	0.01694	0.01187	0.00934	0.00913	0.00231	0.06796	0.00599	0.04551	0.01024
43	0.01666	0.04297	0.66500	0.02368	0.03596	0.01929	0.03069	0.02631	0.01754	0.02631	0.01491	0.01754	0.01052	0.00789	0.00789	0.00263	0.01228	0.00614	0.00351	0.01228
44	0.02056	0.01974	0.03372	0.05099	0.65622	0.01974	0.02550	0.02550	0.01892	0.02714	0.01563	0.02056	0.01316	0.00740	0.00822	0.00247	0.00987	0.00740	0.00411	0.01316
45	0.02221	0.71304	0.04353	0.01421	0.02132	0.03287	0.01421	0.02488	0.01688	0.01955	0.01155	0.01333	0.01066	0.00711	0.00533	0.00178	0.00888	0.00444	0.00355	0.01066
46	0.00982	0.00842	0.00842	0.00842	0.01122	0.00701	0.00631	0.01192	0.01894	0.02244	0.08416	0.07995	0.65285	0.02104	0.00982	0.00281	0.00421	0.01753	0.00771	0.00701
47	0.19292	0.02470	0.02188	0.01774	0.02362	0.14386	0.01435	0.38608	0.03073	0.04314	0.01680	0.01761	0.01237	0.00922	0.00746	0.00245	0.00962	0.00643	0.00687	0.01217
48	0.02056	0.01974	0.03372	0.05099	0.65622	0.01974	0.02550	0.02550	0.01892	0.02714	0.01563	0.02056	0.01316	0.00740	0.00822	0.00247	0.00987	0.00740	0.00411	0.01316
49	0.01022	0.00815	0.00916	0.00950	0.01162	0.00709	0.00690	0.01248	0.01901	0.02400	0.17174	0.22214	0.41570	0.02151	0.01000	0.00291	0.00430	0.01853	0.00796	0.00709
50	0.01012	0.00723	0.00964	0.01157	0.01205	0.00675	0.00771	0.01157	0.01591	0.02121	0.04579	0.70262	0.05495	0.02603	0.01060	0.00337	0.00482	0.02362	0.00771	0.00675
51	0.02682	0.03160	0.02764	0.03331	0.27948	0.41107	0.01985	0.03008	0.02168	0.02307	0.01396	0.01723	0.01169	0.00809	0.00779	0.00227	0.01292	0.00618	0.00421	0.01105
52	0.02056	0.01974	0.03372	0.05099	0.65622	0.01974	0.02550	0.02550	0.01892	0.02714	0.01563	0.02056	0.01316	0.00740	0.00822	0.00247	0.00987	0.00740	0.00411	0.01316
53	0.01113	0.00847	0.01023	0.00979	0.01203	0.00757	0.00734	0.01446	0.02203	0.02979	0.46777	0.06786	0.26466	0.01830	0.00980	0.00268	0.00401	0.01584	0.00868	0.00757
54	0.00982	0.00842	0.00842	0.00842	0.01122	0.00701	0.00631	0.01192	0.01894	0.02244	0.08416	0.07995	0.65285	0.02104	0.00982	0.00281	0.00421	0.01753	0.00771	0.00701
55	0.02056	0.01974	0.03372	0.05099	0.65622	0.01974	0.02550	0.02550	0.01892	0.02714	0.01563	0.02056	0.01316	0.00740	0.00822	0.00247	0.00987	0.00740	0.00411	0.01316
56	0.26083	0.01856	0.02679	0.03809	0.45009	0.01938	0.02018	0.02515	0.01738	0.03040	0.01432	0.01829	0.01182	0.00750	0.00723	0.00250	0.00876	0.00647	0.00444	0.01182
57	0.01952	0.01867	0.03183	0.18770	0.52768	0.01946	0.02498	0.02458	0.01842	0.02587	0.01544	0.02090	0.01271	0.00760	0.00824	0.00253	0.01013	0.00740	0.00402	0.01232
58	0.00992	0.00842	0.00856	0.00853	0.01129	0.00706	0.00639	0.01213	0.01918	0.02303	0.11489	0.07898	0.62175	0.02082	0.00982	0.00279	0.00419	0.01740	0.00779	0.00706
59	0.02059	0.01929	0.03016	0.04286	0.50492	0.01996	0.02255	0.02994	0.16728	0.02896	0.01996	0.02305	0.01607	0.00832	0.00828	0.00255	0.00908	0.00788	0.00515	0.01316
60	0.02866	0.03564	0.02389	0.02148	0.02497	0.55497	0.01644	0.03074	0.02155	0.02027	0.01248	0.01557	0.01074	0.00966	0.01114	0.00242	0.13998	0.00570	0.00416	0.00953
61	0.01731	0.12152	0.59215	0.02257	0.03424	0.02088	0.02876	0.02614	0.01746	0.02552	0.01451	0.01705	0.01054	0.00780	0.00759	0.00253	0.01188	0.00594	0.00351	0.01209
62	0.01167	0.00839	0.01159	0.01199	0.01332	0.00908	0.00893	0.01420	0.01453	0.02069	0.03193	0.17453	0.07176	0.07853	0.40872	0.00940	0.01527	0.01258	0.06572	0.00716
63	0.01067	0.00845	0.00959	0.00931	0.01174	0.00737	0.00698	0.01357	0.02094	0.02720	0.33255	0.07212	0.40149	0.01926	0.00981	0.00272	0.00408	0.01643	0.00834	0.00737
64	0.01443	0.00722	0.01082	0.01082	0.01082	0.00722	0.00722	0.01082	0.01082	0.01443	0.01443	0.02525	0.01443	0.02886	0.03247	0.75830	0.00722	0.00722	0.00361	0.00361
65	0.02630	0.40211	0.03439	0.01742	0.02333	0.29874	0.01505	0.05599	0.02066	0.02138	0.01247	0.01432	0.01084	0.00784	0.00636	0.00196	0.01142	0.00496	0.00407	0.01039
66	0.02164	0.26238	0.06387	0.14005	0.02882	0.07825	0.01644	0.13706	0.02190	0.02700	0.02216	0.02670	0.07039	0.01010	0.00748	0.00237	0.00955	0.03813	0.00512	0.01057
67	0.01009	0.00809	0.00905	0.00977	0.01178	0.00705	0.00711	0.01207	0.01797	0.02216	0.06984	0.28112	0.43077	0.02274	0.01015	0.00304	0.00457	0.04796	0.00771	0.00696
68	0.01950	0.02029	0.03865	0.09534	0.28033	0.02075	0.28012	0.02505	0.01839	0.02569	0.01558	0.02124	0.01252	0.00803	0.01083	0.00275	0.08089	0.00841	0.00407	0.01158
69	0.02486	0.02960	0.02410	0.28974	0.03837	0.41056	0.01888	0.02836	0.02075	0.02069	0.01362	0.01787	0.01085	0.00846	0.00782	0.00239	0.01341	0.00617	0.00404	0.00947
70	0.01101	0.00809	0.01045	0.01156	0.01295	0.00753	0.00857	0.01350	0.01850	0.02452	0.17424	0.36732	0.14765	0.02288	0.01048	0.00322	0.00507	0.12731	0.00799	0.00718
71	0.00989	0.00812	0.00872	0.00921	0.01143	0.00695	0.00667	0.01183	0.01817	0.02213	0.07447	0.23715	0.50190	0.02230	0.01002	0.00295	0.00436	0.01907	0.00771	0.00695
72	0.01208	0.00805	0.00906	0.00906	0.00906	0.00805	0.00503	0.01208	0.01208	0.01611	0.02618	0.05436	0.03020	0.70804	0.04228	0.00805	0.00805	0.01208	0.00503	0.00503
73	0.01982	0.01597	0.02313	0.03105	0.33300	0.01645	0.01712	0.07395	0.08309	0.03117	0.02151	0.02492	0.01709	0.00873	0.00748	0.00233	0.00755	0.00772	0.24641	0.01149
74	0.01393	0.00876	0.00968	0.00933	0.01039	0.00881	0.00606	0.04460	0.01602	0.02368	0.08949	0.04707	0.03186	0.41319	0.02737	0.00556	0.00655	0.01097	0.21017	0.00650
75	0.02835	0.03512	0.02394	0.02149	0.02487	0.53920	0.01649	0.03042	0.02128	0.02026	0.01244	0.01565	0.01074	0.00981	0.01162	0.00245	0.15644	0.00575	0.00415	0.00952
76	0.01065	0.00764	0.01011	0.01121	0.01217	0.00710	0.00775	0.01289	0.01836	0.02511	0.24094	0.49636	0.06249	0.02311	0.01034	0.00313	0.00453	0.02085	0.00817	0.00710
77	0.20690	0.01761	0.06624	0.12418	0.24559	0.01705	0.01807	0.02285	0.01812	0.02993	0.13174	0.02645	0.02365	0.00941	0.00772	0.00258	0.00824	0.00798	0.00520	0.01049
78	0.01904	0.01781	0.01483	0.01396	0.01616	0.19877	0.01054	0.02176	0.01751	0.02344	0.02076	0.02775	0.01814	0.07730	0.15529	0.00507	0.06146	0.00763	0.26471	0.00809
79	0.01586	0.01051	0.01343	0.09296	0.01924	0.01013	0.01010	0.02013	0.05306	0.12390	0.22048	0.09114	0.25383	0.01648	0.00938	0.00274	0.00556	0.01410	0.00806	0.00891
80	0.18915	0.15584	0.20019	0.08274	0.02835	0.13092	0.01892	0.02593	0.01730	0.02571	0.01296	0.01590	0.01031	0.00822	0.00782	0.00245	0.04743	0.00551	0.00404	0.01033
81	0.26354	0.09068	0.18355	0.01799	0.02481	0.24289	0.01732	0.02791	0.01843	0.02723	0.01284	0.01501	0.01010	0.00799	0.00665	0.00237	0.01102	0.00520	0.00430	0.01018
82	0.23567	0.02099	0.02251	0.02277	0.13768	0.10723	0.03923	0.14536	0.02249	0.11051	0.01738	0.01926	0.01307	0.01100	0.03792	0.00298	0.00984	0.00660	0.00601	0.01148
83	0.14916	0.09580	0.07462	0.05512	0.04853	0.22965	0.01583	0.08043	0.08375	0.02814	0.01739	0.05456	0.01468	0.00950	0.00732	0.00243	0.01041	0.00695	0.00521	0.01054
84	0.04496	0.08049	0.01929	0.01573	0.06906	0.03996	0.01146	0.10946	0.02134	0.03015	0.07352	0.05818	0.11004	0.01108	0.00750	0.00213	0.00677	0.00899	0.08034	0.19956

[dist]
# distance from previous block
# <min> <max>
15	68

[block]
# block no. 2 follows, 22 sequences, length 72
# corresponding to MSA columns:
# 214-285
name=unknown_C
#
# <colnr> <probs for GDERKNQSTAVLIFYWHMCP>
#	G	D	E	R	K	N	Q	S	T	A	V	L	I	F	Y	W	H	M	C	P
0	0.01361	0.01058	0.01222	0.04817	0.01596	0.01102	0.00900	0.02065	0.16268	0.02521	0.07668	0.20530	0.15782	0.12174	0.01420	0.00366	0.00582	0.01485	0.06252	0.00830
1	0.05704	0.01309	0.01554	0.01666	0.08607	0.01396	0.01053	0.02561	0.20737	0.05946	0.02782	0.06910	0.02628	0.30983	0.02284	0.00502	0.00751	0.01065	0.00639	0.00922
2	0.01573	0.01399	0.01842	0.01497	0.01922	0.04665	0.07792	0.01878	0.01574	0.02235	0.01921	0.02924	0.01811	0.15949	0.19951	0.00616	0.01234	0.00800	0.00470	0.27948
3	0.01224	0.00945	0.01407	0.01385	0.01525	0.01127	0.01084	0.01514	0.01331	0.01933	0.02158	0.03178	0.02019	0.05948	0.63687	0.01278	0.06185	0.00880	0.00440	0.00752
4	0.03103	0.03959	0.02354	0.02140	0.02568	0.67469	0.01605	0.03317	0.02354	0.02033	0.01284	0.01498	0.01070	0.00856	0.00749	0.00214	0.01498	0.00535	0.00428	0.00963
5	0.01891	0.01900	0.03514	0.23037	0.32521	0.01970	0.18010	0.02455	0.01843	0.02530	0.01568	0.02150	0.01242	0.00756	0.00866	0.00264	0.01129	0.00802	0.00401	0.01152
6	0.02080	0.02126	0.02217	0.02376	0.13705	0.18696	0.01595	0.02361	0.01741	0.02291	0.01625	0.02230	0.01439	0.04201	0.06380	0.00366	0.20782	0.00719	0.12123	0.00948
7	0.01175	0.00837	0.01006	0.01017	0.01103	0.00843	0.00679	0.01290	0.01387	0.01828	0.03589	0.05662	0.13051	0.42886	0.15915	0.00799	0.01019	0.04765	0.00551	0.00598
8	0.02221	0.71304	0.04353	0.01421	0.02132	0.03287	0.01421	0.02488	0.01688	0.01955	0.01155	0.01333	0.01066	0.00711	0.00533	0.00178	0.00888	0.00444	0.00355	0.01066
9	0.01818	0.01818	0.02545	0.02181	0.02181	0.02545	0.01818	0.01999	0.01272	0.01999	0.01091	0.01818	0.01091	0.01454	0.02726	0.00364	0.69284	0.00727	0.00364	0.00909
10	0.01062	0.00845	0.00953	0.00926	0.01171	0.00735	0.00694	0.01347	0.02083	0.02694	0.31887	0.07255	0.41534	0.01936	0.00981	0.00273	0.00409	0.01650	0.00831	0.00735
11	0.03103	0.03959	0.02354	0.02140	0.02568	0.67469	0.01605	0.03317	0.02354	0.02033	0.01284	0.01498	0.01070	0.00856	0.00749	0.00214	0.01498	0.00535	0.00428	0.00963
12	0.01911	0.01012	0.01346	0.01170	0.01494	0.00910	0.00910	0.02282	0.02359	0.21440	0.47352	0.05232	0.06173	0.01505	0.00938	0.00260	0.00483	0.01310	0.00947	0.00965
13	0.01188	0.00885	0.01309	0.01309	0.01449	0.01024	0.01006	0.01467	0.01327	0.01909	0.02249	0.03394	0.02133	0.10107	0.63714	0.01303	0.02140	0.00909	0.00449	0.00727
14	0.01012	0.00723	0.00964	0.01157	0.01205	0.00675	0.00771	0.01157	0.01591	0.02121	0.04579	0.70262	0.05495	0.02603	0.01060	0.00337	0.00482	0.02362	0.00771	0.00675
15	0.01012	0.00723	0.00964	0.01157	0.01205	0.00675	0.00771	0.01157	0.01591	0.02121	0.04579	0.70262	0.05495	0.02603	0.01060	0.00337	0.00482	0.02362	0.00771	0.00675
16	0.03283	0.02126	0.02369	0.01816	0.02476	0.02278	0.01500	0.49908	0.03570	0.18655	0.02277	0.02178	0.01554	0.01004	0.00832	0.00251	0.00869	0.00767	0.00874	0.01413
17	0.00992	0.00842	0.00856	0.00853	0.01129	0.00706	0.00639	0.01213	0.01918	0.02303	0.11495	0.07898	0.62169	0.02082	0.00982	0.00279	0.00419	0.01740	0.00779	0.00706
18	0.03727	0.01414	0.01928	0.01478	0.02121	0.01221	0.01221	0.04049	0.02378	0.66198	0.03277	0.02828	0.02056	0.01028	0.00835	0.00257	0.00707	0.00835	0.01028	0.01414
19	0.01061	0.00822	0.00972	0.01019	0.01215	0.00733	0.00754	0.01311	0.01928	0.02488	0.20561	0.23119	0.32428	0.02146	0.01013	0.00298	0.00455	0.06153	0.00805	0.00719
20	0.01983	0.02178	0.04540	0.03880	0.18852	0.02071	0.48385	0.02635	0.01944	0.02674	0.01653	0.02197	0.01274	0.00710	0.00943	0.00272	0.01303	0.00924	0.00418	0.01167
21	0.01795	0.01582	0.02183	0.02727	0.24860	0.01658	0.01601	0.02897	0.23721	0.03102	0.17661	0.03711	0.06584	0.01173	0.00876	0.00264	0.00701	0.01043	0.00701	0.01158
22	0.01136	0.00837	0.01044	0.01166	0.01289	0.00793	0.00819	0.04465	0.01774	0.02321	0.05012	0.54498	0.14259	0.02428	0.01040	0.00326	0.00508	0.04789	0.00774	0.00722
23	0.03103	0.03959	0.02354	0.02140	0.02568	0.67469	0.01605	0.03317	0.02354	0.02033	0.01284	0.01498	0.01070	0.00856	0.00749	0.00214	0.01498	0.00535	0.00428	0.00963
24	0.01909	0.01820	0.03039	0.07937	0.55193	0.01823	0.02320	0.02374	0.01880	0.02630	0.02335	0.02737	0.08552	0.00899	0.00841	0.00252	0.00929	0.00855	0.00450	0.01226
25	0.01594	0.01502	0.02537	0.65528	0.08805	0.01852	0.02320	0.02145	0.01673	0.02153	0.01481	0.02207	0.01118	0.00826	0.00830	0.00275	0.01101	0.00738	0.00371	0.00943
26	0.03024	0.10893	0.02624	0.01982	0.02522	0.38190	0.01576	0.23537	0.02810	0.03117	0.01512	0.01649	0.01187	0.00888	0.00753	0.00222	0.01231	0.00598	0.00557	0.01128
27	0.03369	0.01633	0.02026	0.01575	0.02191	0.01582	0.01293	0.18981	0.05520	0.44389	0.06312	0.02810	0.02227	0.01061	0.00843	0.00256	0.00741	0.00854	0.00963	0.01375
28	0.02310	0.01735	0.01772	0.01522	0.01909	0.07794	0.01209	0.13512	0.14433	0.10280	0.02887	0.02944	0.06529	0.01139	0.00989	0.00255	0.08338	0.00854	0.18498	0.01091
29	0.01095	0.00777	0.01000	0.01146	0.01215	0.00741	0.00792	0.01247	0.01574	0.02077	0.04340	0.46255	0.07575	0.15899	0.01690	0.00433	0.00582	0.10188	0.00718	0.00655
30	0.01152	0.00782	0.00923	0.00978	0.00992	0.00768	0.00581	0.01193	0.01318	0.01758	0.03182	0.24109	0.03733	0.51159	0.03316	0.00671	0.00712	0.01540	0.00581	0.00553
31	0.03118	0.03527	0.02391	0.02080	0.02570	0.50278	0.01598	0.19089	0.02765	0.02882	0.01472	0.01630	0.01161	0.00893	0.00771	0.00223	0.01343	0.00591	0.00535	0.01082
32	0.01208	0.00805	0.00906	0.00906	0.00906	0.00805	0.00503	0.01208	0.01208	0.01611	0.02618	0.05436	0.03020	0.70804	0.04228	0.00805	0.00805	0.01208	0.00503	0.00503
33	0.01019	0.00735	0.00952	0.01122	0.01185	0.00683	0.00749	0.01162	0.01596	0.02107	0.04775	0.62769	0.09804	0.05606	0.01196	0.00354	0.00492	0.02265	0.00759	0.00669
34	0.01204	0.00822	0.00990	0.00990	0.01019	0.00851	0.00608	0.01262	0.01233	0.01673	0.02541	0.05011	0.02835	0.58153	0.16627	0.00909	0.01084	0.01146	0.00492	0.00550
35	0.03055	0.02046	0.02256	0.01748	0.02360	0.02198	0.01429	0.48060	0.03448	0.14312	0.02491	0.02550	0.04251	0.04641	0.01013	0.00280	0.00856	0.00827	0.00842	0.01337
36	0.01187	0.00890	0.01335	0.01335	0.01483	0.01038	0.01038	0.01483	0.01335	0.01928	0.02225	0.03264	0.02077	0.06231	0.67512	0.01335	0.02225	0.00890	0.00445	0.00742
37	0.01006	0.00746	0.00940	0.01095	0.01189	0.00680	0.00744	0.01164	0.01650	0.02145	0.05330	0.58063	0.17209	0.02505	0.01045	0.00326	0.00470	0.02242	0.00771	0.00680
38	0.02019	0.02466	0.09995	0.26754	0.09921	0.14798	0.11206	0.02651	0.05178	0.02364	0.01566	0.02045	0.01212	0.00841	0.00900	0.00264	0.03622	0.00731	0.00415	0.01051
39	0.02157	0.12610	0.07643	0.01768	0.02218	0.05260	0.05968	0.02500	0.01766	0.14737	0.02195	0.09765	0.01921	0.01661	0.07357	0.00370	0.13633	0.00903	0.04540	0.01028
40	0.01979	0.01601	0.01556	0.01365	0.01615	0.08748	0.00975	0.19220	0.02122	0.02725	0.02261	0.03846	0.02271	0.38142	0.07541	0.00619	0.01019	0.00977	0.00585	0.00834
41	0.01370	0.01018	0.01249	0.01220	0.01349	0.03464	0.00910	0.01616	0.01424	0.02105	0.02296	0.03506	0.02177	0.17364	0.35629	0.00908	0.05517	0.00907	0.15251	0.00719
42	0.02342	0.02204	0.14833	0.21397	0.08210	0.01874	0.02053	0.11846	0.07987	0.15825	0.02104	0.02287	0.01482	0.00908	0.00824	0.00264	0.00970	0.00754	0.00615	0.01220
43	0.02981	0.10744	0.02608	0.01955	0.02505	0.33152	0.01562	0.25637	0.05508	0.03289	0.01626	0.01735	0.01261	0.00905	0.00760	0.00226	0.01175	0.00622	0.00589	0.01159
44	0.01181	0.00906	0.01119	0.01226	0.01456	0.00844	0.01026	0.01487	0.01904	0.02379	0.06175	0.08763	0.31530	0.02210	0.01074	0.00337	0.00613	0.34266	0.00768	0.00737
45	0.01699	0.04068	0.59648	0.02494	0.03679	0.01948	0.09692	0.02634	0.01777	0.02634	0.01512	0.01808	0.01076	0.00779	0.00811	0.00265	0.01247	0.00655	0.00359	0.01216
46	0.01723	0.01477	0.01723	0.01230	0.01969	0.01107	0.00984	0.02092	0.01723	0.02707	0.01477	0.01723	0.01230	0.00615	0.00615	0.00123	0.00615	0.00492	0.00492	0.75883
47	0.01569	0.01477	0.02492	0.68808	0.05722	0.01846	0.02307	0.02123	0.01661	0.02123	0.01477	0.02215	0.01107	0.00831	0.00831	0.00277	0.01107	0.00738	0.00369	0.00923
48	0.01826	0.01843	0.02684	0.02259	0.02309	0.02518	0.05407	0.02038	0.01313	0.02038	0.01125	0.01843	0.01101	0.01410	0.02623	0.00359	0.65276	0.00742	0.00367	0.00921
49	0.01208	0.00805	0.00906	0.00906	0.00906	0.00805	0.00503	0.01208	0.01208	0.01611	0.02618	0.05436	0.03020	0.70804	0.04228	0.00805	0.00805	0.01208	0.00503	0.00503
50	0.01013	0.00750	0.00948	0.01094	0.01191	0.00684	0.00746	0.01181	0.01678	0.02194	0.07834	0.56071	0.16635	0.02473	0.01042	0.00324	0.00467	0.02213	0.00777	0.00684
51	0.01795	0.02046	0.07851	0.02505	0.02850	0.02246	0.19355	0.02194	0.01511	0.02231	0.01385	0.02055	0.01219	0.01585	0.07472	0.00413	0.39118	0.00805	0.00386	0.00979
52	0.01012	0.00843	0.00883	0.00873	0.01140	0.00714	0.00655	0.01250	0.01964	0.02412	0.17161	0.07719	0.56435	0.02041	0.00982	0.00278	0.00416	0.01715	0.00793	0.00714
53	0.01208	0.00805	0.00906	0.00906	0.00906	0.00805	0.00503	0.01208	0.01208	0.01611	0.02618	0.05436	0.03020	0.70804	0.04228	0.00805	0.00805	0.01208	0.00503	0.00503
54	0.01255	0.01039	0.01445	0.01457	0.01512	0.01230	0.01094	0.01439	0.01458	0.02052	0.03216	0.39436	0.03686	0.03016	0.14510	0.00540	0.18616	0.01651	0.00602	0.00748
55	0.01105	0.00846	0.01013	0.00971	0.01198	0.00754	0.00728	0.01431	0.02185	0.02937	0.44582	0.06855	0.28687	0.01846	0.00981	0.00268	0.00402	0.01593	0.00863	0.00754
56	0.01012	0.00723	0.00964	0.01157	0.01205	0.00675	0.00771	0.01157	0.01591	0.02121	0.04579	0.70262	0.05495	0.02603	0.01060	0.00337	0.00482	0.02362	0.00771	0.00675
57	0.01242	0.00918	0.01167	0.01093	0.01309	0.00879	0.00823	0.01778	0.06918	0.03342	0.60615	0.05976	0.07447	0.01656	0.00970	0.00263	0.00412	0.01461	0.00909	0.00823
58	0.02056	0.01974	0.03372	0.05099	0.65622	0.01974	0.02550	0.02550	0.01892	0.02714	0.01563	0.02056	0.01316	0.00740	0.00822	0.00247	0.00987	0.00740	0.00411	0.01316
59	0.02701	0.03290	0.02324	0.02086	0.02390	0.48677	0.01598	0.02896	0.02039	0.02003	0.01308	0.01779	0.01177	0.04643	0.01397	0.00280	0.17455	0.00615	0.00417	0.00926
60	0.02066	0.01785	0.01878	0.01691	0.02160	0.02066	0.01315	0.04414	0.64121	0.03475	0.03381	0.03099	0.02536	0.01127	0.00845	0.00282	0.00657	0.00939	0.00845	0.01315
61	0.01194	0.00859	0.01180	0.01180	0.01274	0.00954	0.00845	0.01384	0.01289	0.01813	0.02367	0.04050	0.02418	0.29605	0.44605	0.01143	0.01711	0.01005	0.00466	0.00655
62	0.01569	0.01477	0.02492	0.68808	0.05722	0.01846	0.02307	0.02123	0.01661	0.02123	0.01477	0.02215	0.01107	0.00831	0.00831	0.00277	0.01107	0.00738	0.00369	0.00923
63	0.02261	0.42342	0.03549	0.09145	0.02618	0.14886	0.01604	0.02539	0.01756	0.01993	0.01206	0.01522	0.01075	0.00845	0.00882	0.00219	0.09646	0.00529	0.00371	0.01011
64	0.01358	0.00847	0.01102	0.01131	0.01310	0.00769	0.00812	0.01600	0.01925	0.09608	0.22248	0.38515	0.11352	0.02121	0.01005	0.00301	0.00475	0.01888	0.00841	0.00791
65	0.02412	0.02557	0.06841	0.01907	0.05663	0.20740	0.01507	0.19846	0.02577	0.03150	0.02857	0.02914	0.13057	0.01089	0.00808	0.00232	0.00986	0.00833	0.00608	0.09416
66	0.02145	0.02158	0.06949	0.01927	0.06707	0.19568	0.04151	0.02428	0.02011	0.09586	0.12507	0.12116	0.02968	0.01460	0.01136	0.08664	0.00938	0.01042	0.00608	0.00931
67	0.01353	0.05062	0.08215	0.01604	0.06797	0.01185	0.01214	0.01839	0.06446	0.02596	0.18750	0.27860	0.07420	0.04519	0.01072	0.00307	0.00623	0.01557	0.00706	0.00873
68	0.02001	0.01912	0.07068	0.09400	0.02713	0.02040	0.04923	0.18831	0.02182	0.03017	0.02129	0.15338	0.02051	0.01394	0.01427	0.00305	0.20594	0.01059	0.00576	0.01039
69	0.13610	0.02057	0.02322	0.11503	0.20138	0.14630	0.01750	0.02504	0.01794	0.05870	0.01647	0.05610	0.01433	0.01075	0.01059	0.04723	0.06041	0.00746	0.00470	0.01015
70	0.20120	0.02345	0.12320	0.01553	0.02061	0.14470	0.01390	0.07956	0.02024	0.03014	0.12692	0.02878	0.02491	0.09950	0.01193	0.00320	0.00910	0.00803	0.00568	0.00943
71	0.09682	0.06137	0.05502	0.01821	0.04828	0.26618	0.01432	0.02820	0.01997	0.11263	0.02052	0.02245	0.04630	0.01500	0.08161	0.00348	0.01198	0.00676	0.00536	0.06555

[dist]
# distance from previous block
# <min> <max>
1	131

[block]
# block no. 3 follows, 22 sequences, length 67
# corresponding to MSA columns:
# 417-483
name=unknown_D
#
# <colnr> <probs for GDERKNQSTAVLIFYWHMCP>
#	G	D	E	R	K	N	Q	S	T	A	V	L	I	F	Y	W	H	M	C	P
0	0.01903	0.02609	0.22177	0.02436	0.03159	0.01988	0.18500	0.02490	0.01719	0.05934	0.01537	0.01956	0.01195	0.00923	0.01307	0.00275	0.18208	0.00738	0.00427	0.10520
1	0.01583	0.01662	0.04753	0.10095	0.08740	0.09958	0.01361	0.01916	0.01863	0.02362	0.07502	0.18102	0.15360	0.01489	0.00881	0.00260	0.00779	0.01278	0.00596	0.09459
2	0.01407	0.01226	0.01879	0.01696	0.01844	0.01517	0.04871	0.01695	0.01355	0.01991	0.01880	0.02804	0.01756	0.04586	0.45701	0.01005	0.20707	0.00850	0.00421	0.00810
3	0.02284	0.01315	0.01976	0.16419	0.10246	0.01344	0.01473	0.04907	0.01868	0.21343	0.05046	0.02644	0.01839	0.01493	0.01504	0.21086	0.00825	0.00799	0.00613	0.00975
4	0.02194	0.24011	0.17017	0.01822	0.02466	0.02399	0.01818	0.02911	0.10876	0.10658	0.01818	0.01971	0.01412	0.00972	0.01094	0.00258	0.13975	0.00659	0.00515	0.01153
5	0.02014	0.02100	0.03692	0.03907	0.30846	0.04328	0.22501	0.02508	0.01812	0.02537	0.01503	0.02054	0.01246	0.00867	0.01237	0.00279	0.14193	0.00811	0.00406	0.01161
6	0.01371	0.00934	0.01094	0.01099	0.01393	0.00827	0.00889	0.01640	0.01950	0.09074	0.06762	0.07829	0.41881	0.02043	0.01012	0.00306	0.00546	0.17760	0.00797	0.00794
7	0.09101	0.00988	0.01055	0.01026	0.01311	0.00974	0.00788	0.01595	0.05423	0.02486	0.09975	0.05981	0.38861	0.02667	0.13637	0.00478	0.00801	0.01386	0.00696	0.00772
8	0.01433	0.01086	0.01643	0.19641	0.02615	0.01214	0.04648	0.01845	0.01621	0.02405	0.02542	0.03176	0.05878	0.02551	0.20564	0.00566	0.01188	0.00874	0.23692	0.00820
9	0.03225	0.02219	0.02426	0.01860	0.02522	0.02416	0.01537	0.55898	0.03725	0.12445	0.02146	0.02093	0.01489	0.01001	0.00832	0.00250	0.00890	0.00758	0.00854	0.01413
10	0.01787	0.03456	0.41316	0.02831	0.03901	0.01999	0.27410	0.02643	0.01838	0.02643	0.01568	0.01953	0.01137	0.00753	0.00867	0.00270	0.01298	0.00764	0.00379	0.01184
11	0.02026	0.01943	0.03317	0.09082	0.61878	0.01966	0.02534	0.02523	0.01877	0.02677	0.01557	0.02066	0.01303	0.00746	0.00823	0.00249	0.00994	0.00740	0.00409	0.01291
12	0.03035	0.03831	0.02420	0.02332	0.06653	0.63226	0.01666	0.03268	0.02324	0.02077	0.01302	0.01534	0.01086	0.00849	0.00754	0.00216	0.01465	0.00548	0.00427	0.00986
13	0.01101	0.00760	0.00938	0.01044	0.01070	0.00734	0.00650	0.01180	0.01418	0.01890	0.03693	0.40987	0.04377	0.33402	0.02491	0.00549	0.00628	0.01841	0.00650	0.00597
14	0.00997	0.00783	0.00902	0.00998	0.01163	0.00688	0.00701	0.01175	0.01743	0.02183	0.06510	0.38914	0.35596	0.02352	0.01021	0.00309	0.00451	0.02055	0.00771	0.00688
15	0.01806	0.03016	0.30736	0.09391	0.03337	0.05791	0.06344	0.02406	0.01630	0.02334	0.01356	0.01841	0.01085	0.01014	0.01453	0.00297	0.24045	0.00684	0.00366	0.01067
16	0.01054	0.00770	0.00991	0.01092	0.01206	0.00708	0.00760	0.01274	0.01833	0.02468	0.21689	0.45964	0.12522	0.02300	0.01030	0.00310	0.00451	0.02060	0.00811	0.00708
17	0.01012	0.00723	0.00964	0.01157	0.01205	0.00675	0.00771	0.01157	0.01591	0.02121	0.04579	0.70262	0.05495	0.02603	0.01060	0.00337	0.00482	0.02362	0.00771	0.00675
18	0.02495	0.02010	0.02066	0.01758	0.02287	0.05283	0.01393	0.19697	0.41901	0.07365	0.02911	0.02717	0.02144	0.01074	0.00836	0.00269	0.00768	0.00864	0.00832	0.01329
19	0.01602	0.01482	0.02501	0.05925	0.27296	0.01511	0.08147	0.01963	0.01731	0.02405	0.02720	0.28723	0.02920	0.01514	0.01056	0.00295	0.05263	0.01398	0.00548	0.01001
20	0.01434	0.01248	0.01787	0.01645	0.01728	0.01616	0.01317	0.01672	0.01304	0.01941	0.01801	0.02802	0.01737	0.07454	0.39165	0.00930	0.28365	0.00842	0.00416	0.00796
21	0.01549	0.00774	0.00774	0.00774	0.00968	0.00774	0.00581	0.01936	0.01742	0.03097	0.02710	0.03097	0.02129	0.00968	0.00581	0.00194	0.00387	0.00774	0.75416	0.00774
22	0.02208	0.01277	0.01474	0.01259	0.01715	0.01213	0.00998	0.06136	0.12779	0.24050	0.05478	0.05094	0.29838	0.01515	0.00901	0.00271	0.00585	0.01251	0.00873	0.01084
23	0.01757	0.26582	0.31796	0.01786	0.02623	0.02173	0.02048	0.02360	0.01806	0.02476	0.11447	0.02382	0.02175	0.01163	0.03883	0.00284	0.01027	0.00709	0.00446	0.01079
24	0.02826	0.03350	0.02577	0.05584	0.15636	0.47417	0.01827	0.06607	0.02321	0.02365	0.01391	0.01672	0.01142	0.00840	0.00772	0.00225	0.01342	0.00598	0.00446	0.01060
25	0.01013	0.00843	0.00885	0.00874	0.01141	0.00715	0.00656	0.01253	0.01968	0.02420	0.17583	0.07706	0.56009	0.02038	0.00982	0.00277	0.00416	0.01713	0.00795	0.00715
26	0.03048	0.08169	0.02479	0.02095	0.02541	0.63457	0.01594	0.03265	0.02313	0.02028	0.01276	0.01488	0.01070	0.00847	0.00736	0.00212	0.01460	0.00529	0.00423	0.00970
27	0.01179	0.00839	0.01123	0.01171	0.01263	0.00879	0.00839	0.01371	0.01462	0.02006	0.06908	0.16065	0.03593	0.25348	0.25236	0.00833	0.01216	0.07426	0.00581	0.00660
28	0.01206	0.00814	0.00951	0.00951	0.00967	0.00830	0.00560	0.01237	0.01222	0.01644	0.02576	0.05207	0.02920	0.63976	0.10920	0.00861	0.00956	0.01174	0.00497	0.00529
29	0.02865	0.02182	0.02328	0.01852	0.02465	0.02440	0.01508	0.47189	0.20046	0.04764	0.02366	0.02291	0.01714	0.01032	0.00835	0.00258	0.00845	0.00799	0.00835	0.01387
30	0.01131	0.00809	0.01040	0.01091	0.01171	0.00822	0.00740	0.01281	0.01445	0.01956	0.06233	0.23177	0.07851	0.27072	0.19646	0.00755	0.01045	0.01496	0.00599	0.00640
31	0.03103	0.03959	0.02354	0.02140	0.02568	0.67469	0.01605	0.03317	0.02354	0.02033	0.01284	0.01498	0.01070	0.00856	0.00749	0.00214	0.01498	0.00535	0.00428	0.00963
32	0.02185	0.66963	0.08379	0.01483	0.02227	0.03199	0.01528	0.02497	0.01692	0.01998	0.01177	0.01360	0.01065	0.00716	0.00550	0.00183	0.00910	0.00455	0.00355	0.01077
33	0.01035	0.00844	0.00915	0.00897	0.01155	0.00724	0.00673	0.01295	0.02018	0.02541	0.23889	0.07507	0.49627	0.01993	0.00981	0.00275	0.00413	0.01685	0.00810	0.00724
34	0.45614	0.01607	0.01572	0.01295	0.01866	0.01712	0.01068	0.08417	0.01961	0.24795	0.01943	0.01903	0.01333	0.00878	0.00650	0.00256	0.00689	0.00606	0.00715	0.01118
35	0.01220	0.00968	0.01499	0.01512	0.01705	0.00921	0.07492	0.01507	0.01754	0.02307	0.04426	0.39195	0.08140	0.02271	0.01077	0.00343	0.00671	0.21505	0.00732	0.00754
36	0.01545	0.01311	0.01391	0.01289	0.01653	0.01390	0.00990	0.02840	0.32852	0.02995	0.13199	0.05334	0.26757	0.01567	0.00914	0.00279	0.00535	0.01317	0.00826	0.01017
37	0.01549	0.00774	0.00774	0.00774	0.00968	0.00774	0.00581	0.01936	0.01742	0.03097	0.02710	0.03097	0.02129	0.00968	0.00581	0.00194	0.00387	0.00774	0.75416	0.00774
38	0.01826	0.11532	0.56572	0.02221	0.03364	0.02045	0.02800	0.02683	0.01777	0.05598	0.01539	0.01759	0.01102	0.00792	0.00763	0.00253	0.01165	0.00606	0.00384	0.01219
39	0.03514	0.01663	0.02071	0.01598	0.02239	0.01602	0.01316	0.19122	0.05281	0.48035	0.02953	0.02625	0.01911	0.01024	0.00835	0.00256	0.00758	0.00817	0.00970	0.01410
40	0.01012	0.00723	0.00964	0.01157	0.01205	0.00675	0.00771	0.01157	0.01591	0.02121	0.04579	0.70262	0.05495	0.02603	0.01060	0.00337	0.00482	0.02362	0.00771	0.00675
41	0.01796	0.01086	0.01117	0.01028	0.01311	0.01153	0.00793	0.08830	0.10909	0.03381	0.02729	0.02979	0.02111	0.00994	0.00645	0.00212	0.00482	0.00795	0.56728	0.00920
42	0.01236	0.00917	0.01246	0.01222	0.01303	0.01045	0.00880	0.01409	0.01281	0.01809	0.02305	0.04019	0.02382	0.31158	0.38583	0.01065	0.06014	0.01004	0.00463	0.00659
43	0.01208	0.00805	0.00906	0.00906	0.00906	0.00805	0.00503	0.01208	0.01208	0.01611	0.02618	0.05436	0.03020	0.70804	0.04228	0.00805	0.00805	0.01208	0.00503	0.00503
44	0.02640	0.02067	0.02299	0.01978	0.06340	0.02244	0.01505	0.36730	0.19962	0.04331	0.02291	0.02271	0.01694	0.00976	0.00812	0.00245	0.00817	0.00773	0.00773	0.09255
45	0.01151	0.00849	0.01047	0.01158	0.01284	0.00806	0.00803	0.05298	0.01793	0.02349	0.05010	0.55873	0.14643	0.02416	0.01033	0.00323	0.00501	0.02158	0.00775	0.00728
46	0.01914	0.01829	0.03116	0.23614	0.48214	0.01937	0.02479	0.02425	0.01825	0.02542	0.01538	0.02102	0.01255	0.00766	0.00825	0.00255	0.01022	0.00740	0.00399	0.01202
47	0.02058	0.33400	0.23285	0.02153	0.03028	0.06718	0.13627	0.02617	0.01802	0.02301	0.01366	0.01645	0.01099	0.00742	0.00710	0.00226	0.01128	0.00604	0.00371	0.01119
48	0.03103	0.03959	0.02354	0.02140	0.02568	0.67469	0.01605	0.03317	0.02354	0.02033	0.01284	0.01498	0.01070	0.00856	0.00749	0.00214	0.01498	0.00535	0.00428	0.00963
49	0.01723	0.01477	0.01723	0.01230	0.01969	0.01107	0.00984	0.02092	0.01723	0.02707	0.01477	0.01723	0.01230	0.00615	0.00615	0.00123	0.00615	0.00492	0.00492	0.75883
50	0.01208	0.00805	0.00906	0.00906	0.00906	0.00805	0.00503	0.01208	0.01208	0.01611	0.02618	0.05436	0.03020	0.70804	0.04228	0.00805	0.00805	0.01208	0.00503	0.00503
51	0.01900	0.01273	0.01489	0.01268	0.01643	0.01259	0.00999	0.16933	0.02654	0.10249	0.32475	0.05137	0.16281	0.01529	0.00928	0.00261	0.00560	0.01292	0.00879	0.00991
52	0.01743	0.09244	0.35637	0.01891	0.02840	0.01810	0.02153	0.02402	0.01711	0.02560	0.01434	0.01709	0.01115	0.00761	0.00816	0.00214	0.04785	0.00564	0.00399	0.26211
53	0.01195	0.00857	0.01167	0.01167	0.01258	0.00947	0.00829	0.01376	0.01285	0.01804	0.02379	0.04113	0.02446	0.31467	0.42780	0.01128	0.01670	0.01014	0.00468	0.00649
54	0.01443	0.00722	0.01082	0.01082	0.01082	0.00722	0.00722	0.01082	0.01082	0.01443	0.01443	0.02525	0.01443	0.02886	0.03247	0.75830	0.00722	0.00722	0.00361	0.00361
55	0.03103	0.03959	0.02354	0.02140	0.02568	0.67469	0.01605	0.03317	0.02354	0.02033	0.01284	0.01498	0.01070	0.00856	0.00749	0.00214	0.01498	0.00535	0.00428	0.00963
56	0.06429	0.32350	0.19413	0.01879	0.02689	0.02524	0.08245	0.06485	0.04818	0.02600	0.01765	0.01946	0.03911	0.00831	0.00697	0.00229	0.00984	0.00643	0.00442	0.01121
57	0.01180	0.00807	0.00960	0.00965	0.01015	0.00787	0.00597	0.01286	0.01514	0.02064	0.17331	0.12469	0.04399	0.47570	0.03140	0.00630	0.00675	0.01398	0.00627	0.00587
58	0.01012	0.00723	0.00964	0.01157	0.01205	0.00675	0.00771	0.01157	0.01591	0.02121	0.04579	0.70262	0.05495	0.02603	0.01060	0.00337	0.00482	0.02362	0.00771	0.00675
59	0.01716	0.01195	0.01334	0.01215	0.01415	0.01253	0.00848	0.17770	0.02040	0.02779	0.02832	0.16744	0.03002	0.34379	0.02468	0.00526	0.00745	0.01276	0.05664	0.00798
60	0.01383	0.01181	0.01737	0.05583	0.01928	0.01502	0.01329	0.01664	0.01337	0.01960	0.01868	0.02803	0.01747	0.04593	0.45691	0.01004	0.20638	0.00836	0.00418	0.00799
61	0.01119	0.00903	0.00987	0.00957	0.01209	0.00819	0.00710	0.01505	0.06010	0.02586	0.23388	0.07032	0.41684	0.06017	0.01166	0.00307	0.00451	0.01599	0.00800	0.00752
62	0.01195	0.00800	0.00910	0.00923	0.00926	0.00797	0.00521	0.01205	0.01234	0.01645	0.02749	0.09782	0.03186	0.66232	0.04016	0.00774	0.00784	0.01285	0.00521	0.00515
63	0.27051	0.33844	0.16386	0.01510	0.02264	0.02524	0.01594	0.02502	0.01610	0.02691	0.01226	0.01427	0.01007	0.00748	0.00581	0.00222	0.00877	0.00482	0.00408	0.01044
64	0.01075	0.00826	0.00983	0.00984	0.01189	0.00735	0.00723	0.01358	0.02055	0.02721	0.33699	0.16991	0.29666	0.01998	0.00993	0.00281	0.00417	0.01735	0.00837	0.00735
65	0.10566	0.02501	0.02282	0.01887	0.02355	0.18462	0.01519	0.26024	0.02609	0.03495	0.01523	0.01751	0.01200	0.01000	0.01125	0.00255	0.14074	0.00643	0.00586	0.06143
