[name]
unknown

[dist]
# distance from previous block
# <min> <max>
0	35

[block]
# block no. 0 follows, 22 sequences, length 50
# corresponding to MSA columns:
# 35-84
name=unknown_A
#
# <colnr> <probs for GDERKNQSTAVLIFYWHMCP>
#	G	D	E	R	K	N	Q	S	T	A	V	L	I	F	Y	W	H	M	C	P
0	0.02155	0.01946	0.04577	0.01673	0.02060	0.11322	0.01385	0.21263	0.02490	0.03159	0.02822	0.08385	0.02808	0.10804	0.01381	0.00364	0.00930	0.18812	0.00684	0.00979
1	0.07670	0.13014	0.14843	0.12375	0.06063	0.18859	0.04698	0.02644	0.01872	0.02392	0.01372	0.01701	0.01093	0.00778	0.00722	0.00227	0.01129	0.00588	0.00404	0.07554
2	0.01586	0.18203	0.17138	0.01504	0.02076	0.01782	0.01524	0.02145	0.05116	0.02626	0.20619	0.03900	0.12376	0.01273	0.00917	0.00251	0.04374	0.01015	0.00599	0.00975
3	0.02041	0.07217	0.02769	0.22134	0.25815	0.14403	0.02034	0.02445	0.01864	0.02283	0.01786	0.02356	0.03866	0.04450	0.00971	0.00274	0.01079	0.00744	0.00418	0.01051
4	0.01918	0.17254	0.20377	0.26226	0.07141	0.09037	0.02267	0.02485	0.01776	0.02247	0.01397	0.01820	0.01091	0.00792	0.00748	0.00244	0.01129	0.00621	0.00370	0.01061
5	0.01752	0.11644	0.18795	0.18323	0.08553	0.06687	0.02030	0.02308	0.01904	0.02527	0.14862	0.02755	0.02522	0.00981	0.00805	0.00250	0.00977	0.00814	0.00485	0.01026
6	0.02075	0.48489	0.18691	0.02026	0.09107	0.02834	0.01922	0.02527	0.01725	0.02191	0.01276	0.01506	0.01089	0.00732	0.00623	0.00205	0.00978	0.00515	0.00360	0.01130
7	0.01478	0.01156	0.01364	0.01289	0.01447	0.01259	0.00911	0.04364	0.12162	0.02293	0.02960	0.19464	0.03154	0.29209	0.02426	0.00502	0.07856	0.01325	0.00622	0.04759
8	0.01174	0.00794	0.00925	0.00954	0.00971	0.00783	0.00560	0.01215	0.01322	0.01771	0.05678	0.16306	0.03644	0.56385	0.03557	0.00703	0.00733	0.01414	0.00566	0.00544
9	0.01012	0.00723	0.00964	0.01157	0.01205	0.00675	0.00771	0.01157	0.01591	0.02121	0.04579	0.70262	0.05495	0.02603	0.01060	0.00337	0.00482	0.02362	0.00771	0.00675
10	0.02327	0.36661	0.18899	0.01847	0.02606	0.20466	0.01872	0.02749	0.01886	0.02140	0.01272	0.01480	0.01064	0.00769	0.00654	0.00208	0.01137	0.00510	0.00374	0.01077
11	0.01019	0.00840	0.00900	0.00918	0.01170	0.00720	0.00692	0.01249	0.01911	0.02339	0.12688	0.12510	0.52841	0.02117	0.00996	0.00289	0.00441	0.04868	0.00783	0.00710
12	0.01208	0.00805	0.00906	0.00906	0.00906	0.00805	0.00503	0.01208	0.01208	0.01611	0.02618	0.05436	0.03020	0.70804	0.04228	0.00805	0.00805	0.01208	0.00503	0.00503
13	0.01569	0.01477	0.02492	0.68808	0.05722	0.01846	0.02307	0.02123	0.01661	0.02123	0.01477	0.02215	0.01107	0.00831	0.00831	0.00277	0.01107	0.00738	0.00369	0.00923
14	0.76672	0.01607	0.01221	0.01092	0.01607	0.01864	0.00900	0.02442	0.01414	0.03727	0.01157	0.01350	0.00900	0.00771	0.00514	0.00257	0.00643	0.00450	0.00514	0.00900
15	0.76672	0.01607	0.01221	0.01092	0.01607	0.01864	0.00900	0.02442	0.01414	0.03727	0.01157	0.01350	0.00900	0.00771	0.00514	0.00257	0.00643	0.00450	0.00514	0.00900
16	0.01723	0.01477	0.01723	0.01230	0.01969	0.01107	0.00984	0.02092	0.01723	0.02707	0.01477	0.01723	0.01230	0.00615	0.00615	0.00123	0.00615	0.00492	0.00492	0.75883
17	0.76672	0.01607	0.01221	0.01092	0.01607	0.01864	0.00900	0.02442	0.01414	0.03727	0.01157	0.01350	0.00900	0.00771	0.00514	0.00257	0.00643	0.00450	0.00514	0.00900
18	0.01808	0.01608	0.02419	0.03253	0.33821	0.01650	0.01826	0.02636	0.14262	0.02974	0.15589	0.03791	0.03241	0.01157	0.00889	0.00269	0.00777	0.06240	0.00635	0.01154
19	0.01818	0.01818	0.02545	0.02181	0.02181	0.02545	0.01818	0.01999	0.01272	0.01999	0.01091	0.01818	0.01091	0.01454	0.02726	0.00364	0.69284	0.00727	0.00364	0.00909
20	0.01570	0.01344	0.01258	0.01196	0.01360	0.08030	0.00799	0.02103	0.14643	0.02095	0.03067	0.04721	0.07307	0.43736	0.02912	0.00594	0.00818	0.01121	0.00587	0.00737
21	0.01456	0.00784	0.00794	0.00794	0.00978	0.00770	0.00578	0.01786	0.01705	0.02862	0.03297	0.03839	0.08817	0.07955	0.00981	0.00263	0.00432	0.00919	0.60248	0.00740
22	0.03158	0.02327	0.02493	0.01911	0.02576	0.02576	0.01579	0.62852	0.03906	0.05236	0.01995	0.01995	0.01413	0.00997	0.00831	0.00249	0.00914	0.00748	0.00831	0.01413
23	0.59286	0.01987	0.09737	0.01677	0.08605	0.01884	0.01349	0.02477	0.01507	0.03481	0.01242	0.01475	0.00963	0.00770	0.00582	0.00257	0.00753	0.00501	0.00483	0.00985
24	0.01868	0.01932	0.02302	0.23480	0.18558	0.13612	0.01835	0.02363	0.05017	0.02343	0.03021	0.03309	0.14754	0.01097	0.00846	0.00259	0.00982	0.00926	0.00499	0.00999
25	0.01762	0.03722	0.51077	0.02851	0.15305	0.01945	0.02878	0.02710	0.05088	0.02691	0.01605	0.01883	0.01181	0.00798	0.00799	0.00261	0.01152	0.00655	0.00388	0.01249
26	0.03103	0.03959	0.02354	0.02140	0.02568	0.67469	0.01605	0.03317	0.02354	0.02033	0.01284	0.01498	0.01070	0.00856	0.00749	0.00214	0.01498	0.00535	0.00428	0.00963
27	0.01239	0.00898	0.01086	0.01032	0.01169	0.00877	0.00688	0.01373	0.01389	0.01914	0.05581	0.04813	0.07437	0.41763	0.16812	0.00783	0.01038	0.01119	0.00528	0.08458
28	0.01191	0.00808	0.00955	0.00969	0.00988	0.00820	0.00579	0.01233	0.01250	0.01682	0.02721	0.09990	0.03104	0.59026	0.10608	0.00826	0.00930	0.01260	0.00517	0.00541
29	0.01012	0.00723	0.00964	0.01157	0.01205	0.00675	0.00771	0.01157	0.01591	0.02121	0.04579	0.70262	0.05495	0.02603	0.01060	0.00337	0.00482	0.02362	0.00771	0.00675
30	0.01666	0.04297	0.66500	0.02368	0.03596	0.01929	0.03069	0.02631	0.01754	0.02631	0.01491	0.01754	0.01052	0.00789	0.00789	0.00263	0.01228	0.00614	0.00351	0.01228
31	0.02283	0.02081	0.01878	0.01650	0.02106	0.13190	0.01285	0.13872	0.31895	0.03376	0.03255	0.03143	0.08616	0.01148	0.00821	0.00258	0.00802	0.00909	0.06263	0.01167
32	0.03060	0.07353	0.02464	0.02093	0.02546	0.61156	0.01594	0.06033	0.02392	0.02178	0.01310	0.01513	0.01086	0.00855	0.00742	0.00214	0.01440	0.00540	0.00443	0.00989
33	0.02147	0.01825	0.01924	0.01707	0.02191	0.02104	0.01334	0.08724	0.59680	0.03605	0.03279	0.03018	0.02453	0.01118	0.00844	0.00279	0.00676	0.00925	0.00844	0.01322
34	0.01012	0.00723	0.00964	0.01157	0.01205	0.00675	0.00771	0.01157	0.01591	0.02121	0.04579	0.70262	0.05495	0.02603	0.01060	0.00337	0.00482	0.02362	0.00771	0.00675
35	0.01801	0.18319	0.50502	0.02294	0.06131	0.02218	0.02698	0.02597	0.01746	0.02492	0.01423	0.01679	0.01067	0.00770	0.00737	0.00244	0.01145	0.00584	0.00355	0.01198
36	0.01608	0.01787	0.06161	0.01422	0.01689	0.16341	0.01120	0.01884	0.01927	0.02375	0.17717	0.23167	0.06679	0.07906	0.04123	0.00367	0.00854	0.01418	0.00657	0.00797
37	0.02518	0.48618	0.03680	0.01664	0.02279	0.24907	0.01483	0.02767	0.01912	0.01981	0.01198	0.01388	0.01067	0.00760	0.00606	0.00190	0.01094	0.00475	0.00380	0.01031
38	0.00982	0.00842	0.00842	0.00842	0.01122	0.00701	0.00631	0.01192	0.01894	0.02244	0.08416	0.07995	0.65285	0.02104	0.00982	0.00281	0.00421	0.01753	0.00771	0.00701
39	0.01831	0.01762	0.03050	0.33851	0.35449	0.01922	0.05444	0.02362	0.01791	0.02444	0.01530	0.02137	0.01219	0.00779	0.00834	0.00262	0.01062	0.00751	0.00393	0.01128
40	0.02299	0.02435	0.03136	0.04412	0.50972	0.17192	0.02330	0.02728	0.01999	0.02556	0.01498	0.01926	0.01259	0.00767	0.00805	0.00239	0.01106	0.00693	0.00415	0.01234
41	0.01688	0.04169	0.63005	0.02519	0.07029	0.01932	0.03041	0.02626	0.01762	0.02635	0.01495	0.01771	0.01067	0.00787	0.00791	0.00262	0.01214	0.00621	0.00354	0.01233
42	0.01171	0.00790	0.00917	0.00954	0.00963	0.00781	0.00554	0.01198	0.01281	0.01707	0.02989	0.17712	0.03489	0.57889	0.03628	0.00717	0.00744	0.01427	0.00554	0.00536
43	0.01004	0.00757	0.00929	0.01067	0.01181	0.00682	0.00731	0.01167	0.01677	0.02156	0.05671	0.52541	0.22511	0.02461	0.01038	0.00321	0.00465	0.02189	0.00771	0.00682
44	0.02056	0.01974	0.03372	0.05099	0.65622	0.01974	0.02550	0.02550	0.01892	0.02714	0.01563	0.02056	0.01316	0.00740	0.00822	0.00247	0.00987	0.00740	0.00411	0.01316
45	0.02762	0.03349	0.02688	0.05587	0.16714	0.47647	0.04310	0.03072	0.02208	0.02213	0.01370	0.01681	0.01134	0.00823	0.00778	0.00227	0.01365	0.00607	0.00422	0.01046
46	0.05046	0.00834	0.00964	0.01026	0.01205	0.00767	0.00733	0.01315	0.01828	0.02478	0.17205	0.33460	0.25837	0.02166	0.00990	0.00300	0.00453	0.01892	0.00785	0.00716
47	0.05690	0.19593	0.42186	0.02200	0.03229	0.02261	0.08795	0.02591	0.01743	0.02533	0.01415	0.01686	0.01069	0.00761	0.00735	0.00245	0.01136	0.00604	0.00368	0.01162
48	0.02541	0.02785	0.01814	0.01659	0.02019	0.41461	0.01250	0.05410	0.02216	0.02506	0.02059	0.02288	0.04203	0.00951	0.00712	0.00212	0.01088	0.00670	0.23242	0.00914
49	0.01914	0.01590	0.01825	0.01321	0.02050	0.01303	0.01064	0.10182	0.02013	0.03044	0.01546	0.01759	0.01255	0.00666	0.00644	0.00140	0.00655	0.00526	0.00537	0.65967

[dist]
# distance from previous block
# <min> <max>
4	33

[block]
# block no. 1 follows, 22 sequences, length 23
# corresponding to MSA columns:
# 118-140
name=unknown_B
#
# <colnr> <probs for GDERKNQSTAVLIFYWHMCP>
#	G	D	E	R	K	N	Q	S	T	A	V	L	I	F	Y	W	H	M	C	P
0	0.01083	0.00831	0.01027	0.01057	0.01223	0.00810	0.00767	0.01293	0.01631	0.02125	0.08626	0.17016	0.26483	0.11025	0.20480	0.00651	0.00991	0.01535	0.00656	0.00691
1	0.01720	0.08498	0.58718	0.02376	0.03547	0.02027	0.06605	0.02623	0.01762	0.02589	0.01481	0.01757	0.01066	0.00779	0.00784	0.00259	0.01216	0.00625	0.00355	0.01211
2	0.02367	0.07628	0.18769	0.02438	0.11718	0.22895	0.02016	0.11056	0.02270	0.02738	0.02049	0.02232	0.06395	0.00935	0.00786	0.00239	0.01148	0.00708	0.00485	0.01128
3	0.01224	0.00875	0.01039	0.00981	0.01236	0.00771	0.00742	0.01536	0.02160	0.06074	0.38083	0.06788	0.31778	0.01835	0.00973	0.00269	0.00420	0.01574	0.00860	0.00781
4	0.01038	0.00844	0.00920	0.00901	0.01157	0.00725	0.00676	0.01301	0.02027	0.02560	0.24920	0.07475	0.48584	0.01986	0.00981	0.00275	0.00412	0.01680	0.00813	0.00725
5	0.02481	0.51430	0.03763	0.01634	0.02261	0.22228	0.01476	0.02732	0.01885	0.01978	0.01193	0.01381	0.01067	0.00754	0.00597	0.00188	0.01068	0.00471	0.00377	0.01036
6	0.02930	0.03427	0.02545	0.02622	0.13406	0.48597	0.01764	0.10172	0.02457	0.02526	0.01415	0.01652	0.01153	0.00853	0.00771	0.00224	0.01342	0.00595	0.00472	0.01076
7	0.01012	0.00723	0.00964	0.01157	0.01205	0.00675	0.00771	0.01157	0.01591	0.02121	0.04579	0.70262	0.05495	0.02603	0.01060	0.00337	0.00482	0.02362	0.00771	0.00675
8	0.15182	0.10043	0.02327	0.10987	0.06490	0.19298	0.01515	0.10112	0.05281	0.02923	0.01603	0.01860	0.01265	0.00855	0.00701	0.00234	0.00993	0.00617	0.06678	0.01037
9	0.02134	0.61499	0.08003	0.06985	0.02515	0.03086	0.01595	0.02467	0.01690	0.02010	0.01202	0.01430	0.01069	0.00725	0.00573	0.00191	0.00927	0.00479	0.00356	0.01064
10	0.01856	0.21670	0.43097	0.02424	0.10138	0.02292	0.02578	0.02584	0.01752	0.02462	0.01410	0.01677	0.01085	0.00763	0.00726	0.00239	0.01112	0.00583	0.00359	0.01195
11	0.02188	0.67265	0.08100	0.01479	0.02220	0.03205	0.01521	0.02496	0.01692	0.01995	0.01175	0.01358	0.01065	0.00715	0.00548	0.00183	0.00909	0.00454	0.00355	0.01076
12	0.02144	0.01132	0.01414	0.01212	0.01613	0.01031	0.00954	0.02629	0.07306	0.26220	0.24723	0.05108	0.18075	0.01496	0.00916	0.00266	0.00536	0.01267	0.00919	0.01041
13	0.01162	0.01017	0.01337	0.20407	0.02455	0.01033	0.01130	0.01476	0.01830	0.02257	0.09062	0.10263	0.40056	0.01750	0.00943	0.00282	0.00621	0.01488	0.00663	0.00767
14	0.02309	0.03316	0.21040	0.03008	0.20709	0.24717	0.02270	0.02992	0.07097	0.02516	0.01594	0.01861	0.01254	0.00826	0.00789	0.00243	0.01207	0.00649	0.00435	0.01168
15	0.01138	0.00841	0.01063	0.01023	0.01222	0.00766	0.00761	0.01489	0.02241	0.03103	0.53434	0.10283	0.15930	0.01810	0.00985	0.00269	0.00401	0.01590	0.00885	0.00766
16	0.01364	0.01117	0.01540	0.01441	0.01507	0.01380	0.01096	0.01544	0.01282	0.01856	0.02030	0.03496	0.02081	0.23495	0.31754	0.00919	0.20003	0.00937	0.00440	0.00719
17	0.06733	0.06556	0.16583	0.05597	0.21479	0.18111	0.04257	0.06368	0.02051	0.02677	0.01460	0.01783	0.01157	0.00797	0.00770	0.00242	0.01153	0.00639	0.00430	0.01156
18	0.05113	0.02362	0.02414	0.06631	0.17153	0.20519	0.01747	0.13002	0.02220	0.02796	0.01633	0.02068	0.01356	0.01797	0.12333	0.00432	0.04152	0.00698	0.00494	0.01078
19	0.00998	0.00777	0.00908	0.01014	0.01167	0.00687	0.00708	0.01173	0.01728	0.02177	0.06319	0.42020	0.32614	0.02376	0.01025	0.00312	0.00454	0.02086	0.00771	0.00687
20	0.02324	0.02829	0.06915	0.10117	0.14759	0.29574	0.06149	0.02837	0.05675	0.02356	0.02109	0.02381	0.06511	0.00935	0.00816	0.00245	0.01196	0.00757	0.00465	0.01052
21	0.01811	0.02551	0.22361	0.07580	0.37318	0.01837	0.02519	0.02426	0.01836	0.02611	0.02161	0.02515	0.07061	0.00885	0.00827	0.00257	0.01016	0.00794	0.00423	0.01210
22	0.02257	0.02489	0.12933	0.01687	0.02214	0.15025	0.01490	0.18946	0.02342	0.03036	0.01942	0.02713	0.01697	0.16770	0.01550	0.00361	0.01007	0.00778	0.06672	0.04089

[dist]
# distance from previous block
# <min> <max>
2	6

[block]
# block no. 2 follows, 22 sequences, length 22
# corresponding to MSA columns:
# 147-168
name=unknown_C
#
# <colnr> <probs for GDERKNQSTAVLIFYWHMCP>
#	G	D	E	R	K	N	Q	S	T	A	V	L	I	F	Y	W	H	M	C	P
0	0.06786	0.35280	0.11288	0.01590	0.02208	0.11530	0.01539	0.02455	0.01862	0.02384	0.11352	0.02200	0.02128	0.00928	0.00744	0.00219	0.03375	0.00657	0.00464	0.01012
1	0.01619	0.11458	0.27720	0.02186	0.07413	0.01795	0.10194	0.02219	0.01822	0.02450	0.03364	0.03487	0.18589	0.01122	0.00837	0.00258	0.00970	0.00961	0.00480	0.01056
2	0.04774	0.07993	0.20776	0.02793	0.17240	0.11350	0.02236	0.05325	0.01858	0.02553	0.01387	0.01766	0.01135	0.00919	0.01139	0.00265	0.14311	0.00642	0.00406	0.01134
3	0.01856	0.01652	0.01569	0.01456	0.01777	0.10272	0.01082	0.11164	0.14131	0.02825	0.03610	0.23713	0.09237	0.07088	0.01166	0.00319	0.00742	0.01370	0.00715	0.04258
4	0.01208	0.00805	0.00906	0.00906	0.00906	0.00805	0.00503	0.01208	0.01208	0.01611	0.02618	0.05436	0.03020	0.70804	0.04228	0.00805	0.00805	0.01208	0.00503	0.00503
5	0.01012	0.00723	0.00964	0.01157	0.01205	0.00675	0.00771	0.01157	0.01591	0.02121	0.04579	0.70262	0.05495	0.02603	0.01060	0.00337	0.00482	0.02362	0.00771	0.00675
6	0.24909	0.02627	0.02055	0.13465	0.02833	0.28663	0.01513	0.09859	0.02134	0.02934	0.01363	0.01637	0.01066	0.00843	0.00703	0.00242	0.01104	0.00570	0.00491	0.00990
7	0.01557	0.01484	0.01532	0.01491	0.01693	0.13885	0.01148	0.01838	0.01532	0.01949	0.02043	0.02922	0.01882	0.05191	0.54601	0.01118	0.02085	0.00821	0.00442	0.00785
8	0.01015	0.00769	0.00937	0.01051	0.01182	0.00691	0.00729	0.01199	0.01742	0.02251	0.10365	0.46223	0.24082	0.02380	0.01030	0.00314	0.00456	0.02109	0.00782	0.00691
9	0.02113	0.15606	0.02865	0.02019	0.02290	0.15630	0.04263	0.02348	0.01605	0.02021	0.01253	0.01787	0.01164	0.01519	0.06734	0.00367	0.34427	0.00657	0.00384	0.00947
10	0.08531	0.07472	0.08114	0.01567	0.02007	0.15171	0.05096	0.02090	0.01821	0.02316	0.03512	0.13531	0.16378	0.04678	0.03863	0.00332	0.00946	0.01149	0.00555	0.00869
11	0.04159	0.01292	0.01408	0.01327	0.01405	0.06704	0.00945	0.01613	0.01357	0.01863	0.02196	0.06715	0.02387	0.36989	0.12973	0.00715	0.13767	0.01037	0.00474	0.00674
12	0.20015	0.06013	0.02194	0.06164	0.14477	0.18944	0.01512	0.05241	0.01987	0.02888	0.06304	0.02102	0.01687	0.00882	0.00709	0.00236	0.00947	0.00662	0.06026	0.01012
13	0.02290	0.12750	0.02898	0.09658	0.24221	0.20996	0.01892	0.02696	0.04760	0.02285	0.01487	0.01885	0.01252	0.00954	0.00939	0.05809	0.01097	0.00644	0.00420	0.01067
14	0.14487	0.06998	0.01854	0.01699	0.06619	0.16363	0.01219	0.02339	0.01863	0.06249	0.06892	0.06268	0.04729	0.10522	0.01254	0.00333	0.00889	0.07945	0.00582	0.00895
15	0.06418	0.02206	0.14471	0.02083	0.09565	0.01831	0.01712	0.07933	0.23378	0.07865	0.02825	0.02797	0.06577	0.01022	0.00807	0.00258	0.00808	0.00836	0.00666	0.05944
16	0.01694	0.01766	0.06611	0.09733	0.06110	0.06562	0.01549	0.02553	0.16797	0.02512	0.03021	0.07898	0.07691	0.02093	0.11311	0.00451	0.05103	0.04965	0.00589	0.00991
17	0.09085	0.01969	0.02544	0.17506	0.23963	0.06954	0.01940	0.12702	0.05804	0.03129	0.05146	0.02260	0.01657	0.00890	0.00801	0.00255	0.00956	0.00752	0.00536	0.01151
18	0.17837	0.05437	0.02359	0.12900	0.22814	0.01870	0.01725	0.02368	0.05343	0.02804	0.06049	0.02649	0.06510	0.00988	0.00877	0.00262	0.04857	0.00797	0.00505	0.01048
19	0.10731	0.07685	0.06378	0.14247	0.12825	0.02067	0.05137	0.04432	0.09040	0.02779	0.06327	0.02328	0.01788	0.00973	0.01027	0.00270	0.09627	0.00764	0.00503	0.01071
20	0.11495	0.05802	0.05154	0.26787	0.07627	0.01987	0.06464	0.02712	0.09982	0.07316	0.01801	0.02166	0.01359	0.00889	0.00896	0.00271	0.04989	0.00731	0.00504	0.01068
21	0.01796	0.02009	0.10531	0.11009	0.35187	0.01759	0.04881	0.02414	0.04539	0.02722	0.09868	0.05387	0.02312	0.00969	0.00857	0.00261	0.00937	0.00907	0.00497	0.01159

[dist]
# distance from previous block
# <min> <max>
9	89

[block]
# block no. 3 follows, 22 sequences, length 29
# corresponding to MSA columns:
# 277-305
name=unknown_D
#
# <colnr> <probs for GDERKNQSTAVLIFYWHMCP>
#	G	D	E	R	K	N	Q	S	T	A	V	L	I	F	Y	W	H	M	C	P
0	0.02118	0.02799	0.15468	0.10242	0.20121	0.17686	0.02201	0.02712	0.05359	0.02432	0.01771	0.02123	0.03462	0.00919	0.00972	0.00259	0.07101	0.00711	0.00431	0.01113
1	0.21583	0.01885	0.02070	0.05077	0.11411	0.04385	0.01480	0.22105	0.06566	0.03735	0.02072	0.08160	0.01794	0.01085	0.00777	0.00266	0.00824	0.02944	0.00646	0.01133
2	0.02442	0.03681	0.21500	0.02103	0.02740	0.38990	0.01960	0.02971	0.04879	0.02285	0.01728	0.07655	0.01517	0.01001	0.00793	0.00243	0.01290	0.00736	0.00454	0.01033
3	0.02364	0.05533	0.14153	0.02176	0.09928	0.18886	0.01756	0.02963	0.07510	0.12174	0.05333	0.02860	0.08712	0.01046	0.00813	0.00247	0.01003	0.00826	0.00595	0.01121
4	0.01995	0.01071	0.01394	0.01343	0.01627	0.01021	0.01029	0.02414	0.07314	0.21526	0.03879	0.27815	0.03861	0.07934	0.01267	0.00357	0.00643	0.11726	0.00830	0.00954
5	0.01801	0.04398	0.02158	0.07229	0.16846	0.01501	0.01475	0.07364	0.01766	0.02491	0.01637	0.02238	0.01422	0.02004	0.11429	0.15290	0.01043	0.00695	0.00456	0.16757
6	0.01927	0.01577	0.07140	0.01403	0.01798	0.01438	0.01184	0.21799	0.02409	0.03466	0.02930	0.22814	0.02811	0.01454	0.00826	0.00261	0.00662	0.01229	0.21878	0.00994
7	0.27226	0.02313	0.07331	0.01577	0.02072	0.19338	0.01343	0.02680	0.01787	0.09676	0.01666	0.01968	0.01320	0.01911	0.13978	0.00461	0.01247	0.00617	0.00519	0.00970
8	0.23778	0.01000	0.01054	0.01128	0.01329	0.01042	0.00811	0.01579	0.01604	0.02710	0.08845	0.43943	0.04318	0.01973	0.00889	0.00307	0.00522	0.01712	0.00706	0.00752
9	0.01723	0.01477	0.01723	0.01230	0.01969	0.01107	0.00984	0.02092	0.01723	0.02707	0.01477	0.01723	0.01230	0.00615	0.00615	0.00123	0.00615	0.00492	0.00492	0.75883
10	0.09906	0.07544	0.05409	0.01629	0.02276	0.01526	0.11793	0.02126	0.01712	0.02616	0.02322	0.02667	0.08637	0.03730	0.03692	0.00272	0.00861	0.00763	0.00494	0.30023
11	0.03103	0.03959	0.02354	0.02140	0.02568	0.67469	0.01605	0.03317	0.02354	0.02033	0.01284	0.01498	0.01070	0.00856	0.00749	0.00214	0.01498	0.00535	0.00428	0.00963
12	0.01109	0.00823	0.01033	0.01030	0.01213	0.00748	0.00754	0.01420	0.02120	0.02899	0.43127	0.19032	0.17730	0.01948	0.00996	0.00280	0.00415	0.01715	0.00861	0.00748
13	0.02607	0.41829	0.03478	0.01736	0.02323	0.31378	0.01502	0.02851	0.01980	0.01989	0.01211	0.01405	0.01068	0.00774	0.00628	0.00194	0.01155	0.00484	0.00387	0.01021
14	0.01288	0.01015	0.01258	0.01185	0.01501	0.00843	0.00854	0.01520	0.01642	0.02348	0.03375	0.43663	0.03840	0.01831	0.00888	0.00254	0.00534	0.01636	0.00663	0.29862
15	0.01815	0.03219	0.35526	0.03031	0.10570	0.02027	0.22581	0.02595	0.01809	0.02613	0.01538	0.01951	0.01152	0.00793	0.00969	0.00273	0.05217	0.00755	0.00381	0.01183
16	0.02699	0.03532	0.09111	0.02600	0.11871	0.45939	0.01911	0.03029	0.02138	0.02192	0.01331	0.01632	0.01106	0.00880	0.00923	0.00236	0.06834	0.00589	0.00412	0.01038
17	0.00985	0.00829	0.00855	0.00876	0.01131	0.00698	0.00647	0.01188	0.01860	0.02231	0.07994	0.14832	0.58720	0.02159	0.00990	0.00287	0.00428	0.01820	0.00771	0.00698
18	0.01050	0.00739	0.00953	0.01108	0.01147	0.00700	0.00719	0.01167	0.01516	0.02021	0.04196	0.57608	0.05012	0.15916	0.01679	0.00429	0.00545	0.02136	0.00719	0.00641
19	0.02078	0.00987	0.01352	0.01210	0.01404	0.00953	0.00872	0.05215	0.01567	0.17581	0.02027	0.02825	0.01730	0.08260	0.02607	0.46549	0.00736	0.00793	0.00563	0.00690
20	0.02544	0.02899	0.02898	0.03720	0.36229	0.32505	0.02109	0.02907	0.02107	0.02397	0.01433	0.01796	0.01201	0.00794	0.00788	0.00231	0.01225	0.00645	0.00419	0.01151
21	0.01949	0.05270	0.02444	0.07440	0.13484	0.11563	0.06478	0.07482	0.02065	0.02559	0.03340	0.03802	0.17105	0.01263	0.01028	0.00269	0.06650	0.04262	0.00549	0.00999
22	0.01068	0.00869	0.00962	0.01009	0.01267	0.00763	0.00803	0.01321	0.01898	0.02303	0.07441	0.08329	0.50610	0.02150	0.01022	0.00305	0.00504	0.15888	0.00770	0.00717
23	0.02457	0.12018	0.02635	0.02020	0.02327	0.33686	0.01626	0.02671	0.01849	0.02006	0.01246	0.01670	0.01125	0.01299	0.04608	0.00314	0.24494	0.00605	0.00397	0.00948
24	0.01920	0.01358	0.01543	0.01343	0.01723	0.01377	0.01060	0.21801	0.02647	0.07175	0.17189	0.12505	0.18850	0.01658	0.00940	0.00276	0.00618	0.04186	0.00835	0.00995
25	0.02834	0.02867	0.02609	0.06300	0.15053	0.28504	0.01819	0.23814	0.02766	0.03285	0.01596	0.01819	0.01239	0.00881	0.00796	0.00236	0.01174	0.00660	0.00562	0.01186
26	0.02493	0.02972	0.06440	0.03652	0.34573	0.30637	0.02165	0.02890	0.02086	0.02411	0.01437	0.01795	0.01194	0.00794	0.00788	0.00233	0.01224	0.00643	0.00415	0.01157
27	0.01408	0.14248	0.05689	0.01411	0.01728	0.01511	0.01228	0.01738	0.01425	0.01974	0.01982	0.02815	0.01828	0.04882	0.51114	0.01056	0.01917	0.00791	0.00423	0.00831
28	0.24619	0.09680	0.02728	0.03186	0.32920	0.08817	0.01832	0.02589	0.01773	0.02865	0.01367	0.01707	0.01138	0.00758	0.00690	0.00239	0.00925	0.00599	0.00438	0.01127

[dist]
# distance from previous block
# <min> <max>
0	2

[block]
# block no. 4 follows, 22 sequences, length 69
# corresponding to MSA columns:
# 308-376
name=unknown_E
#
# <colnr> <probs for GDERKNQSTAVLIFYWHMCP>
#	G	D	E	R	K	N	Q	S	T	A	V	L	I	F	Y	W	H	M	C	P
0	0.15989	0.02827	0.02071	0.02090	0.08100	0.38191	0.01469	0.02776	0.01968	0.02385	0.01447	0.01823	0.01233	0.01743	0.12061	0.00415	0.01419	0.00599	0.00445	0.00947
1	0.01194	0.00863	0.01066	0.04671	0.01315	0.00860	0.00722	0.01367	0.01609	0.02170	0.19274	0.05594	0.10754	0.37711	0.06894	0.00614	0.00765	0.01296	0.00627	0.00635
2	0.07174	0.14916	0.02688	0.02789	0.26906	0.01873	0.01671	0.02176	0.01737	0.02523	0.08416	0.02592	0.02113	0.02123	0.16349	0.00490	0.01169	0.00779	0.00470	0.01047
3	0.01832	0.02224	0.12611	0.17154	0.21864	0.04923	0.05582	0.02342	0.01701	0.02365	0.01495	0.02075	0.01234	0.01287	0.05960	0.00354	0.12792	0.00733	0.00389	0.01082
4	0.00982	0.00842	0.00842	0.00842	0.01122	0.00701	0.00631	0.01192	0.01894	0.02244	0.08416	0.07995	0.65285	0.02104	0.00982	0.00281	0.00421	0.01753	0.00771	0.00701
5	0.03054	0.03323	0.02462	0.02257	0.06592	0.43025	0.01657	0.21863	0.02809	0.03077	0.01524	0.01689	0.01193	0.00893	0.00779	0.00227	0.01283	0.00615	0.00553	0.01126
6	0.01989	0.02196	0.10080	0.08153	0.55840	0.01962	0.02592	0.02536	0.01865	0.02674	0.01550	0.02032	0.01277	0.00750	0.00819	0.00250	0.01019	0.00727	0.00403	0.01286
7	0.02393	0.02883	0.08003	0.23282	0.10387	0.29678	0.02049	0.07099	0.02149	0.02416	0.01443	0.01839	0.01131	0.00840	0.00792	0.00244	0.01256	0.00643	0.00430	0.01043
8	0.01035	0.00813	0.00940	0.01006	0.01199	0.00718	0.00736	0.01255	0.01849	0.02337	0.13035	0.27339	0.36606	0.02228	0.01017	0.00303	0.00459	0.05633	0.00786	0.00706
9	0.03057	0.07496	0.02459	0.02102	0.02545	0.64098	0.01595	0.03274	0.02319	0.02029	0.01277	0.01489	0.01070	0.00848	0.00738	0.00212	0.01466	0.00530	0.00424	0.00968
10	0.02054	0.20694	0.02556	0.01792	0.07429	0.04674	0.01385	0.12725	0.10658	0.02901	0.03326	0.03887	0.13360	0.01259	0.00812	0.00254	0.00795	0.07733	0.00633	0.01075
11	0.01043	0.00739	0.00966	0.01124	0.01175	0.00695	0.00743	0.01186	0.01593	0.02136	0.07852	0.59646	0.05364	0.09847	0.01395	0.00383	0.00511	0.02189	0.00751	0.00663
12	0.01443	0.00722	0.01082	0.01082	0.01082	0.00722	0.00722	0.01082	0.01082	0.01443	0.01443	0.02525	0.01443	0.02886	0.03247	0.75830	0.00722	0.00722	0.00361	0.00361
13	0.02197	0.33464	0.11132	0.02667	0.19942	0.10251	0.01967	0.02599	0.01813	0.02256	0.01320	0.01622	0.01135	0.00775	0.00758	0.00219	0.03800	0.00568	0.00379	0.01136
14	0.01327	0.00921	0.01124	0.01141	0.01405	0.00834	0.00925	0.01631	0.02012	0.07120	0.16414	0.07756	0.31680	0.02018	0.01024	0.00308	0.00546	0.20214	0.00812	0.00787
15	0.01187	0.00890	0.01335	0.01335	0.01483	0.01038	0.01038	0.01483	0.01335	0.01928	0.02225	0.03264	0.02077	0.06231	0.67512	0.01335	0.02225	0.00890	0.00445	0.00742
16	0.01102	0.00845	0.01031	0.01144	0.01332	0.00774	0.00891	0.01348	0.01816	0.02286	0.06098	0.25670	0.29829	0.02302	0.01055	0.00328	0.00545	0.20124	0.00769	0.00714
17	0.02526	0.02340	0.02214	0.02049	0.06436	0.14562	0.01514	0.18235	0.33833	0.03579	0.02531	0.02461	0.01908	0.01019	0.00822	0.00259	0.00900	0.00804	0.00735	0.01272
18	0.01808	0.05822	0.01824	0.05298	0.01977	0.01588	0.01211	0.17203	0.02059	0.02868	0.02113	0.02837	0.01833	0.06597	0.33932	0.00803	0.01522	0.00820	0.06948	0.00936
19	0.18040	0.11335	0.02333	0.01817	0.02298	0.42974	0.01423	0.03097	0.05326	0.02447	0.01353	0.01532	0.01112	0.00836	0.00680	0.00222	0.01206	0.00528	0.00459	0.00981
20	0.01089	0.00776	0.00942	0.01042	0.01108	0.00734	0.00680	0.01200	0.01507	0.01971	0.04379	0.37216	0.12318	0.26474	0.02166	0.00496	0.00598	0.04005	0.00677	0.00621
21	0.01263	0.01062	0.01606	0.15796	0.02412	0.01131	0.03890	0.01534	0.01609	0.02169	0.03396	0.44619	0.03857	0.01958	0.01090	0.00312	0.05051	0.01748	0.00629	0.04870
22	0.03106	0.03866	0.02362	0.02127	0.02569	0.63740	0.01604	0.06738	0.02443	0.02217	0.01325	0.01527	0.01090	0.00864	0.00754	0.00216	0.01465	0.00547	0.00451	0.00989
23	0.01685	0.01070	0.01305	0.01239	0.01468	0.01068	0.00918	0.08267	0.06339	0.07876	0.03842	0.16910	0.13504	0.06560	0.01740	0.19044	0.00648	0.05049	0.00686	0.00785
24	0.02446	0.02933	0.02870	0.06015	0.03039	0.37355	0.17281	0.02816	0.02066	0.02185	0.01534	0.01986	0.01268	0.01598	0.10546	0.00398	0.01558	0.00713	0.00425	0.00969
25	0.01977	0.01895	0.02892	0.04180	0.48521	0.05996	0.02242	0.02430	0.01926	0.02624	0.02123	0.03512	0.02007	0.01065	0.00884	0.00272	0.00975	0.12816	0.00484	0.01181
26	0.20204	0.05535	0.01116	0.00895	0.01201	0.01206	0.00714	0.02097	0.01657	0.03179	0.02225	0.02550	0.01756	0.00903	0.00561	0.00208	0.00483	0.00673	0.52012	0.00824
27	0.01958	0.02370	0.12428	0.04037	0.33363	0.02041	0.22524	0.02568	0.01862	0.02646	0.01566	0.02063	0.01249	0.00773	0.00974	0.00266	0.04888	0.00802	0.00403	0.01217
28	0.06885	0.02241	0.02481	0.26143	0.03637	0.19962	0.06212	0.02449	0.01772	0.02208	0.01402	0.01965	0.01154	0.01271	0.05362	0.00340	0.12489	0.00689	0.00402	0.00933
29	0.06728	0.07003	0.18938	0.03929	0.42073	0.02041	0.02500	0.02559	0.01814	0.02709	0.01493	0.01889	0.01208	0.00752	0.00776	0.00247	0.01018	0.00671	0.00399	0.01251
30	0.10024	0.42412	0.21549	0.01786	0.04775	0.02704	0.01872	0.02525	0.01685	0.02363	0.01265	0.01480	0.01053	0.00740	0.00614	0.00213	0.00962	0.00503	0.00373	0.01103
31	0.01071	0.00824	0.00949	0.00954	0.01147	0.00735	0.00684	0.01306	0.01923	0.02500	0.25015	0.15449	0.32724	0.09394	0.01339	0.00338	0.00461	0.01698	0.00787	0.00702
32	0.01329	0.01090	0.01205	0.01151	0.01452	0.01085	0.00886	0.02142	0.17874	0.02856	0.21742	0.06359	0.30798	0.01760	0.00956	0.00282	0.00493	0.04829	0.00827	0.00883
33	0.01942	0.09624	0.12833	0.12797	0.20215	0.02117	0.02089	0.03074	0.21250	0.02768	0.02063	0.02281	0.01597	0.00879	0.00795	0.00257	0.00930	0.00750	0.00525	0.01216
34	0.02162	0.34657	0.27387	0.01900	0.02757	0.13685	0.02072	0.02682	0.01826	0.02222	0.01303	0.01519	0.01062	0.00765	0.00666	0.00216	0.01120	0.00523	0.00366	0.01109
35	0.01005	0.00834	0.00879	0.00886	0.01141	0.00708	0.00658	0.01230	0.01921	0.02352	0.14212	0.12296	0.54825	0.02097	0.00987	0.00283	0.00422	0.01770	0.00787	0.00708
36	0.01012	0.00723	0.00964	0.01157	0.01205	0.00675	0.00771	0.01157	0.01591	0.02121	0.04579	0.70262	0.05495	0.02603	0.01060	0.00337	0.00482	0.02362	0.00771	0.00675
37	0.01796	0.02212	0.11936	0.05523	0.03233	0.02064	0.24048	0.02524	0.08377	0.02511	0.02226	0.02627	0.06590	0.01079	0.01394	0.00300	0.19125	0.00912	0.00468	0.01057
38	0.02184	0.01850	0.02488	0.07040	0.21129	0.04682	0.05205	0.11567	0.12807	0.07649	0.03089	0.03179	0.11285	0.01080	0.00859	0.00261	0.00868	0.00941	0.00644	0.01192
39	0.00999	0.00776	0.00909	0.01015	0.01168	0.00687	0.00708	0.01173	0.01726	0.02176	0.06299	0.42351	0.32296	0.02379	0.01025	0.00312	0.00455	0.02089	0.00771	0.00687
40	0.01084	0.00835	0.00997	0.01026	0.01231	0.00748	0.00771	0.01358	0.01993	0.02600	0.25859	0.18125	0.30747	0.02075	0.01010	0.00294	0.00454	0.07248	0.00817	0.00730
41	0.02013	0.02094	0.04058	0.04383	0.38153	0.02031	0.29469	0.02600	0.01923	0.02690	0.01616	0.02139	0.01291	0.00722	0.00893	0.00262	0.01172	0.00848	0.00415	0.01228
42	0.01935	0.01850	0.03153	0.20979	0.50692	0.01942	0.02489	0.02443	0.01834	0.02567	0.01541	0.02096	0.01264	0.00763	0.00824	0.00254	0.01017	0.00740	0.00401	0.01218
43	0.29981	0.15967	0.30187	0.01709	0.02571	0.02162	0.01941	0.02533	0.01614	0.02915	0.01302	0.01522	0.00998	0.00768	0.00637	0.00245	0.00943	0.00520	0.00413	0.01074
44	0.01719	0.01697	0.01942	0.19068	0.02832	0.11662	0.01535	0.02120	0.03926	0.02159	0.02416	0.02957	0.08279	0.02259	0.15490	0.00506	0.13311	0.00856	0.04395	0.00870
45	0.01775	0.03319	0.38781	0.02669	0.03596	0.02073	0.20194	0.02543	0.01740	0.02543	0.01485	0.01905	0.01119	0.00865	0.01142	0.00283	0.11708	0.00738	0.00373	0.01148
46	0.01662	0.02508	0.22977	0.05282	0.06097	0.01809	0.20657	0.02269	0.01737	0.02459	0.02093	0.14908	0.01975	0.01176	0.01109	0.00293	0.08405	0.01080	0.00456	0.01048
47	0.01025	0.00834	0.00916	0.00969	0.01200	0.00724	0.00731	0.01243	0.01844	0.02249	0.07334	0.18725	0.48655	0.02209	0.01013	0.00301	0.00468	0.08087	0.00771	0.00704
48	0.07707	0.21021	0.22780	0.02027	0.04837	0.17162	0.01991	0.08713	0.02066	0.02662	0.01386	0.01592	0.01094	0.00802	0.00700	0.00228	0.01120	0.00558	0.00431	0.01124
49	0.01351	0.00971	0.01208	0.01197	0.01306	0.01072	0.00883	0.01632	0.03898	0.02183	0.03025	0.09446	0.05582	0.23933	0.12066	0.00611	0.08222	0.07420	0.13285	0.00709
50	0.01063	0.00796	0.00915	0.00971	0.01101	0.00725	0.00653	0.01212	0.01656	0.02121	0.09761	0.26662	0.26629	0.19784	0.01836	0.00431	0.00536	0.01786	0.00713	0.00648
51	0.01803	0.03825	0.54293	0.02222	0.03323	0.01914	0.02730	0.08988	0.01976	0.02893	0.01664	0.04436	0.01271	0.00874	0.00797	0.00258	0.01139	0.00691	0.00425	0.04478
52	0.63886	0.01456	0.01197	0.01091	0.01517	0.01670	0.00869	0.02211	0.01357	0.03339	0.01205	0.01549	0.00992	0.01131	0.00979	0.13102	0.00656	0.00496	0.00488	0.00808
53	0.02652	0.13979	0.02495	0.01789	0.04743	0.14489	0.01395	0.21547	0.02628	0.10065	0.08643	0.02579	0.02158	0.06026	0.01026	0.00273	0.00937	0.00779	0.00663	0.01132
54	0.06694	0.02353	0.02843	0.08364	0.34972	0.14456	0.02094	0.12907	0.02277	0.03029	0.01554	0.01911	0.01247	0.00814	0.00793	0.00244	0.01060	0.00686	0.00489	0.01213
55	0.01944	0.01942	0.03034	0.28777	0.35875	0.06657	0.05007	0.02449	0.01841	0.02440	0.01515	0.02084	0.01217	0.00781	0.00827	0.00257	0.01087	0.00735	0.00397	0.01134
56	0.01137	0.01095	0.05726	0.01063	0.01366	0.00835	0.00890	0.01501	0.02134	0.02866	0.38915	0.06567	0.29281	0.01788	0.00967	0.00269	0.00463	0.01534	0.00819	0.00784
57	0.02102	0.06799	0.02585	0.12087	0.05292	0.06068	0.08080	0.08827	0.02085	0.08175	0.10211	0.05085	0.02303	0.01101	0.01116	0.00264	0.11013	0.00885	0.00578	0.05344
58	0.01202	0.00872	0.01133	0.01281	0.01395	0.00865	0.00954	0.01546	0.05638	0.02267	0.04236	0.40026	0.04818	0.09709	0.01413	0.00398	0.00616	0.20159	0.00745	0.00725
59	0.21274	0.01289	0.01366	0.01205	0.01565	0.01394	0.00947	0.10475	0.01889	0.09930	0.02127	0.02619	0.01724	0.06362	0.12354	0.03860	0.00913	0.00739	0.17048	0.00921
60	0.02464	0.05637	0.05946	0.03519	0.30835	0.25639	0.06023	0.05479	0.02136	0.02542	0.01469	0.01822	0.01206	0.00792	0.00793	0.00235	0.01201	0.00665	0.00431	0.01166
61	0.01087	0.00866	0.00982	0.01021	0.01230	0.00792	0.00739	0.01438	0.05831	0.02434	0.14734	0.26616	0.34952	0.02139	0.00997	0.00295	0.00451	0.01854	0.00796	0.00744
62	0.01549	0.01052	0.01281	0.01258	0.01482	0.01034	0.00901	0.05118	0.09424	0.07832	0.07674	0.38109	0.04285	0.09338	0.01313	0.00353	0.00581	0.01696	0.00770	0.04950
63	0.02369	0.02655	0.02516	0.15279	0.13794	0.28922	0.01887	0.02952	0.09566	0.02338	0.01603	0.01959	0.01300	0.00929	0.01000	0.00256	0.08486	0.00678	0.00458	0.01053
64	0.01394	0.03597	0.01376	0.01363	0.03844	0.07534	0.01025	0.01687	0.02004	0.02485	0.16847	0.10900	0.25779	0.01881	0.00980	0.00292	0.00641	0.14842	0.00736	0.00791
65	0.09379	0.01387	0.06327	0.09172	0.02334	0.01317	0.07358	0.01756	0.01565	0.02341	0.02755	0.27865	0.02929	0.02525	0.13601	0.00501	0.04139	0.01361	0.00554	0.00833
66	0.05966	0.13831	0.06453	0.24303	0.24854	0.06377	0.02159	0.02451	0.01780	0.02402	0.01422	0.01894	0.01155	0.00776	0.00753	0.00244	0.01036	0.00654	0.00392	0.01098
67	0.07420	0.01831	0.02846	0.21317	0.31435	0.01975	0.04807	0.10606	0.02063	0.02949	0.01676	0.04342	0.01381	0.00863	0.00818	0.00260	0.00986	0.00785	0.00477	0.01163
68	0.07397	0.07946	0.10279	0.03972	0.39830	0.02089	0.11520	0.02562	0.01836	0.02708	0.01510	0.01941	0.01229	0.00739	0.00797	0.00249	0.01043	0.00718	0.00409	0.01226

[dist]
# distance from previous block
# <min> <max>
109	541

[block]
# block no. 5 follows, 22 sequences, length 10
# corresponding to MSA columns:
# 938-947
name=unknown_F
#
# <colnr> <probs for GDERKNQSTAVLIFYWHMCP>
#	G	D	E	R	K	N	Q	S	T	A	V	L	I	F	Y	W	H	M	C	P
0	0.01751	0.01796	0.02026	0.13855	0.17093	0.13682	0.01564	0.02109	0.01994	0.02422	0.11098	0.04195	0.20528	0.01287	0.00875	0.00257	0.00868	0.01086	0.00572	0.00940
1	0.02127	0.02111	0.01754	0.01567	0.01967	0.20867	0.01222	0.13564	0.04703	0.02783	0.03721	0.04070	0.18927	0.01917	0.08472	0.00375	0.01073	0.04339	0.00636	0.03802
2	0.01801	0.17278	0.15128	0.09858	0.21459	0.02016	0.02047	0.02322	0.01882	0.02584	0.13342	0.02633	0.02408	0.00932	0.00783	0.00241	0.00913	0.00794	0.00477	0.01103
3	0.02012	0.01945	0.03217	0.04554	0.53765	0.02081	0.02413	0.02447	0.01776	0.02580	0.01474	0.02012	0.01274	0.00874	0.01178	0.00269	0.13752	0.00738	0.00402	0.01240
4	0.01977	0.26224	0.18770	0.01616	0.02285	0.02220	0.01649	0.11749	0.02005	0.02660	0.05514	0.02604	0.01892	0.13936	0.01362	0.00333	0.00932	0.00741	0.00491	0.01039
5	0.01820	0.01746	0.01599	0.01445	0.01721	0.15658	0.01126	0.02055	0.01967	0.06840	0.11923	0.04841	0.27893	0.01585	0.01246	0.00278	0.13544	0.01200	0.00656	0.00858
6	0.01425	0.01090	0.01296	0.01218	0.01480	0.01107	0.00923	0.07760	0.09636	0.03078	0.29095	0.14435	0.14293	0.02149	0.06834	0.00371	0.00653	0.01466	0.00815	0.00877
7	0.02029	0.01867	0.02343	0.15183	0.12537	0.07945	0.01762	0.13307	0.02142	0.02842	0.06407	0.10444	0.02194	0.01240	0.01214	0.00284	0.13706	0.00968	0.00552	0.01035
8	0.02026	0.02075	0.02775	0.03298	0.27806	0.09988	0.02035	0.02345	0.01656	0.02287	0.01381	0.01973	0.01245	0.01415	0.06067	0.00364	0.29079	0.00720	0.00396	0.01069
9	0.02275	0.01761	0.01649	0.01454	0.01868	0.13612	0.01126	0.03013	0.15753	0.17187	0.15889	0.04192	0.14056	0.01335	0.00875	0.00259	0.00733	0.01091	0.00809	0.01062

[dist]
# distance from previous block
# <min> <max>
0	2

[block]
# block no. 6 follows, 22 sequences, length 7
# corresponding to MSA columns:
# 950-956
name=unknown_G
#
# <colnr> <probs for GDERKNQSTAVLIFYWHMCP>
#	G	D	E	R	K	N	Q	S	T	A	V	L	I	F	Y	W	H	M	C	P
0	0.02195	0.02186	0.02825	0.24621	0.29075	0.12989	0.02209	0.09065	0.02113	0.02683	0.01535	0.02007	0.01218	0.00816	0.00814	0.00251	0.01103	0.00706	0.00446	0.01142
1	0.02766	0.30725	0.03223	0.01757	0.02394	0.15539	0.01520	0.26652	0.02700	0.03274	0.01514	0.01628	0.01205	0.00853	0.00694	0.00213	0.01018	0.00583	0.00559	0.01184
2	0.01593	0.01005	0.01257	0.01238	0.01482	0.00949	0.00920	0.01993	0.07093	0.11452	0.07356	0.29017	0.08829	0.09398	0.01328	0.00357	0.00594	0.08309	0.00776	0.05052
3	0.01907	0.01822	0.03103	0.24591	0.47296	0.01935	0.02475	0.02419	0.01821	0.02533	0.01536	0.02105	0.01252	0.00768	0.00825	0.00256	0.01024	0.00740	0.00398	0.01196
4	0.02637	0.02586	0.01993	0.01740	0.02184	0.30743	0.01342	0.12489	0.07254	0.08931	0.11349	0.03051	0.07864	0.01142	0.00830	0.00241	0.01017	0.00870	0.00679	0.01056
5	0.10301	0.02840	0.32393	0.01995	0.02863	0.01725	0.07815	0.02793	0.07152	0.11019	0.02613	0.02684	0.08260	0.00981	0.00808	0.00267	0.00975	0.00810	0.00551	0.01156
6	0.01902	0.01994	0.11968	0.01650	0.02110	0.06572	0.01489	0.02724	0.15196	0.08582	0.03057	0.03234	0.09662	0.02048	0.12222	0.00452	0.08459	0.00908	0.04735	0.01038

[dist]
# distance from previous block
# <min> <max>
6	12

[block]
# block no. 7 follows, 22 sequences, length 95
# corresponding to MSA columns:
# 969-1063
name=unknown_H
#
# <colnr> <probs for GDERKNQSTAVLIFYWHMCP>
#	G	D	E	R	K	N	Q	S	T	A	V	L	I	F	Y	W	H	M	C	P
0	0.01168	0.00924	0.01062	0.01027	0.01274	0.00860	0.00769	0.01649	0.07709	0.02832	0.33009	0.10279	0.30658	0.01863	0.00973	0.00275	0.00433	0.01602	0.00842	0.00792
1	0.01591	0.01474	0.02067	0.01835	0.01875	0.01978	0.01486	0.01787	0.01283	0.01944	0.01538	0.02542	0.01535	0.09165	0.20322	0.00666	0.44872	0.00816	0.00398	0.00826
2	0.01766	0.16305	0.55363	0.02198	0.03333	0.02173	0.02774	0.02605	0.01742	0.02510	0.01431	0.01678	0.01055	0.00775	0.00743	0.00248	0.01167	0.00583	0.00352	0.01199
3	0.01040	0.00773	0.00948	0.01075	0.01184	0.00708	0.00742	0.01200	0.01648	0.02124	0.05343	0.45514	0.20117	0.08780	0.01339	0.00369	0.00512	0.05168	0.00746	0.00670
4	0.01029	0.00744	0.00973	0.01126	0.01204	0.00688	0.00765	0.01205	0.01693	0.02263	0.11589	0.59559	0.09140	0.02473	0.01047	0.00326	0.00468	0.02231	0.00787	0.00688
5	0.01063	0.00784	0.01001	0.01122	0.01245	0.00722	0.00803	0.01279	0.01789	0.02362	0.14560	0.44320	0.15734	0.02351	0.01043	0.00320	0.00484	0.07520	0.00793	0.00704
6	0.02455	0.02763	0.02350	0.02578	0.15748	0.35221	0.01678	0.05907	0.02110	0.02325	0.01592	0.02038	0.01366	0.02041	0.15701	0.00474	0.01521	0.00669	0.00450	0.01013
7	0.03158	0.02327	0.02493	0.01911	0.02576	0.02576	0.01579	0.62852	0.03906	0.05236	0.01995	0.01995	0.01413	0.00997	0.00831	0.00249	0.00914	0.00748	0.00831	0.01413
8	0.01000	0.00805	0.00892	0.00949	0.01154	0.00697	0.00682	0.01199	0.01821	0.02257	0.09923	0.27286	0.43946	0.02240	0.01006	0.00297	0.00438	0.01931	0.00778	0.00697
9	0.01979	0.01895	0.03232	0.15235	0.56092	0.01953	0.02511	0.02482	0.01855	0.02620	0.01549	0.02081	0.01283	0.00755	0.00824	0.00252	0.01006	0.00740	0.00405	0.01253
10	0.76672	0.01607	0.01221	0.01092	0.01607	0.01864	0.00900	0.02442	0.01414	0.03727	0.01157	0.01350	0.00900	0.00771	0.00514	0.00257	0.00643	0.00450	0.00514	0.00900
11	0.01666	0.04297	0.66500	0.02368	0.03596	0.01929	0.03069	0.02631	0.01754	0.02631	0.01491	0.01754	0.01052	0.00789	0.00789	0.00263	0.01228	0.00614	0.00351	0.01228
12	0.01123	0.00942	0.00989	0.00971	0.01254	0.00861	0.00729	0.01587	0.08897	0.02479	0.13038	0.10299	0.49914	0.01980	0.00970	0.00282	0.00448	0.01668	0.00793	0.00777
13	0.01980	0.01978	0.03616	0.11883	0.45202	0.01988	0.15954	0.02527	0.01881	0.02636	0.01579	0.02115	0.01280	0.00741	0.00859	0.00258	0.01093	0.00794	0.00409	0.01228
14	0.01166	0.00861	0.01122	0.01275	0.01440	0.00818	0.01020	0.01440	0.01810	0.02325	0.05279	0.27690	0.17429	0.02350	0.01087	0.00348	0.00608	0.30440	0.00768	0.00724
15	0.02115	0.02086	0.03314	0.04932	0.62055	0.05680	0.02496	0.02593	0.01918	0.02676	0.01547	0.02025	0.01302	0.00747	0.00818	0.00245	0.01016	0.00729	0.00412	0.01296
16	0.01158	0.00848	0.01086	0.01027	0.01230	0.00776	0.00770	0.01534	0.02311	0.03234	0.60110	0.06365	0.12973	0.01735	0.00980	0.00263	0.00395	0.01525	0.00902	0.00776
17	0.02056	0.01974	0.03372	0.05099	0.65622	0.01974	0.02550	0.02550	0.01892	0.02714	0.01563	0.02056	0.01316	0.00740	0.00822	0.00247	0.00987	0.00740	0.00411	0.01316
18	0.03103	0.03959	0.02354	0.02140	0.02568	0.67469	0.01605	0.03317	0.02354	0.02033	0.01284	0.01498	0.01070	0.00856	0.00749	0.00214	0.01498	0.00535	0.00428	0.00963
19	0.01136	0.00804	0.00898	0.00920	0.00988	0.00767	0.00562	0.01199	0.01404	0.01810	0.04134	0.13275	0.17224	0.47795	0.03147	0.00636	0.00683	0.01459	0.00593	0.00567
20	0.01311	0.00879	0.01154	0.01068	0.01288	0.00807	0.00807	0.01700	0.02353	0.06672	0.61894	0.06026	0.07531	0.01663	0.00972	0.00261	0.00409	0.01467	0.00921	0.00817
21	0.02056	0.01974	0.03372	0.05099	0.65622	0.01974	0.02550	0.02550	0.01892	0.02714	0.01563	0.02056	0.01316	0.00740	0.00822	0.00247	0.00987	0.00740	0.00411	0.01316
22	0.01117	0.00841	0.01033	0.00997	0.01208	0.00757	0.00743	0.01450	0.02195	0.02989	0.47422	0.09781	0.22722	0.01848	0.00984	0.00270	0.00404	0.01610	0.00870	0.00757
