[name]
unknown

[dist]
# distance from previous block
# <min> <max>
0	0

[block]
# block no. 0 follows, 23 sequences, length 59
# corresponding to MSA columns:
# 0-58
name=unknown_A
#
# <colnr> <probs for GDERKNQSTAVLIFYWHMCP>
#	G	D	E	R	K	N	Q	S	T	A	V	L	I	F	Y	W	H	M	C	P
0	0.01308	0.00934	0.01308	0.01494	0.01681	0.00934	0.01308	0.01681	0.01868	0.02428	0.04296	0.09153	0.04670	0.02242	0.01121	0.00374	0.00747	0.60960	0.00747	0.00747
1	0.03641	0.01381	0.01883	0.01444	0.02071	0.01193	0.01193	0.03954	0.02322	0.66984	0.03201	0.02762	0.02009	0.01004	0.00816	0.00251	0.00690	0.00816	0.01004	0.01381
2	0.01627	0.04197	0.67279	0.02313	0.03512	0.01884	0.02998	0.02570	0.01713	0.02570	0.01456	0.01713	0.01028	0.00771	0.00771	0.00257	0.01199	0.00600	0.00343	0.01199
3	0.01627	0.04197	0.67279	0.02313	0.03512	0.01884	0.02998	0.02570	0.01713	0.02570	0.01456	0.01713	0.01028	0.00771	0.00771	0.00257	0.01199	0.00600	0.00343	0.01199
4	0.01161	0.00862	0.01267	0.01267	0.01400	0.00994	0.00969	0.01425	0.01293	0.01856	0.02207	0.03374	0.02109	0.11811	0.62653	0.01259	0.02052	0.00897	0.00440	0.00704
5	0.01627	0.04197	0.67279	0.02313	0.03512	0.01884	0.02998	0.02570	0.01713	0.02570	0.01456	0.01713	0.01028	0.00771	0.00771	0.00257	0.01199	0.00600	0.00343	0.01199
6	0.02008	0.01928	0.03294	0.04981	0.66422	0.01928	0.02490	0.02490	0.01848	0.02651	0.01526	0.02008	0.01285	0.00723	0.00803	0.00241	0.00964	0.00723	0.00402	0.01285
7	0.01174	0.00812	0.01012	0.01012	0.01057	0.00856	0.00651	0.01262	0.01218	0.01668	0.02440	0.04664	0.02670	0.51588	0.23642	0.00944	0.01209	0.01086	0.00474	0.00562
8	0.02008	0.01928	0.03294	0.04981	0.66422	0.01928	0.02490	0.02490	0.01848	0.02651	0.01526	0.02008	0.01285	0.00723	0.00803	0.00241	0.00964	0.00723	0.00402	0.01285
9	0.01532	0.01442	0.02434	0.69533	0.05589	0.01803	0.02253	0.02073	0.01622	0.02073	0.01442	0.02163	0.01082	0.00811	0.00811	0.00270	0.01082	0.00721	0.00361	0.00901
10	0.01180	0.00787	0.00885	0.00885	0.00885	0.00787	0.00492	0.01180	0.01180	0.01573	0.02557	0.05310	0.02950	0.71483	0.04130	0.00787	0.00787	0.01180	0.00492	0.00492
11	0.01627	0.04197	0.67279	0.02313	0.03512	0.01884	0.02998	0.02570	0.01713	0.02570	0.01456	0.01713	0.01028	0.00771	0.00771	0.00257	0.01199	0.00600	0.00343	0.01199
12	0.01159	0.00869	0.01304	0.01304	0.01449	0.01014	0.01014	0.01449	0.01304	0.01884	0.02173	0.03188	0.02029	0.06086	0.68268	0.01304	0.02173	0.00869	0.00435	0.00724
13	0.01532	0.01442	0.02434	0.69533	0.05589	0.01803	0.02253	0.02073	0.01622	0.02073	0.01442	0.02163	0.01082	0.00811	0.00811	0.00270	0.01082	0.00721	0.00361	0.00901
14	0.01308	0.00934	0.01308	0.01494	0.01681	0.00934	0.01308	0.01681	0.01868	0.02428	0.04296	0.09153	0.04670	0.02242	0.01121	0.00374	0.00747	0.60960	0.00747	0.00747
15	0.03031	0.03867	0.02299	0.02090	0.02508	0.68226	0.01568	0.03240	0.02299	0.01986	0.01254	0.01463	0.01045	0.00836	0.00732	0.00209	0.01463	0.00523	0.00418	0.00941
16	0.03085	0.02273	0.02435	0.01867	0.02516	0.02516	0.01542	0.63716	0.03815	0.05114	0.01948	0.01948	0.01380	0.00974	0.00812	0.00244	0.00893	0.00731	0.00812	0.01380
17	0.03031	0.03867	0.02299	0.02090	0.02508	0.68226	0.01568	0.03240	0.02299	0.01986	0.01254	0.01463	0.01045	0.00836	0.00732	0.00209	0.01463	0.00523	0.00418	0.00941
18	0.00989	0.00706	0.00942	0.01130	0.01177	0.00659	0.00753	0.01130	0.01554	0.02071	0.04472	0.70954	0.05367	0.02542	0.01036	0.00330	0.00471	0.02307	0.00753	0.00659
19	0.01148	0.00829	0.01085	0.01021	0.01212	0.00766	0.00766	0.01531	0.02297	0.03254	0.65994	0.06061	0.07656	0.01659	0.00957	0.00255	0.00383	0.01467	0.00893	0.00766
20	0.00989	0.00706	0.00942	0.01130	0.01177	0.00659	0.00753	0.01130	0.01554	0.02071	0.04472	0.70954	0.05367	0.02542	0.01036	0.00330	0.00471	0.02307	0.00753	0.00659
21	0.01915	0.02189	0.04788	0.03420	0.04241	0.02052	0.63475	0.02599	0.01915	0.02599	0.01642	0.02189	0.01231	0.00684	0.00958	0.00274	0.01368	0.00958	0.00410	0.01094
22	0.01532	0.01442	0.02434	0.69533	0.05589	0.01803	0.02253	0.02073	0.01622	0.02073	0.01442	0.02163	0.01082	0.00811	0.00811	0.00270	0.01082	0.00721	0.00361	0.00901
23	0.01627	0.04197	0.67279	0.02313	0.03512	0.01884	0.02998	0.02570	0.01713	0.02570	0.01456	0.01713	0.01028	0.00771	0.00771	0.00257	0.01199	0.00600	0.00343	0.01199
24	0.77215	0.01569	0.01193	0.01067	0.01569	0.01820	0.00879	0.02385	0.01381	0.03641	0.01130	0.01318	0.00879	0.00753	0.00502	0.00251	0.00628	0.00439	0.00502	0.00879
25	0.01683	0.01442	0.01683	0.01202	0.01923	0.01082	0.00961	0.02043	0.01683	0.02644	0.01442	0.01683	0.01202	0.00601	0.00601	0.00120	0.00601	0.00481	0.00481	0.76444
26	0.07856	0.00956	0.01020	0.00946	0.01273	0.00856	0.00730	0.01663	0.01926	0.10483	0.14529	0.06399	0.44934	0.01761	0.00902	0.00267	0.00461	0.01460	0.00781	0.00798
27	0.02067	0.01670	0.01889	0.01384	0.02086	0.01475	0.01121	0.18952	0.02267	0.03321	0.01581	0.01755	0.01251	0.00703	0.00659	0.00154	0.00681	0.00549	0.00571	0.55863
28	0.03034	0.03777	0.02307	0.02078	0.02509	0.64506	0.01566	0.06663	0.02385	0.02163	0.01294	0.01491	0.01064	0.00844	0.00736	0.00211	0.01431	0.00534	0.00440	0.00966
29	0.01836	0.01858	0.02370	0.01954	0.02246	0.11266	0.14227	0.02346	0.09827	0.02166	0.01959	0.03056	0.01855	0.22455	0.02234	0.00438	0.15656	0.00905	0.00479	0.00870
30	0.02751	0.03336	0.02572	0.02883	0.20032	0.50049	0.01821	0.03035	0.02176	0.02168	0.01329	0.01613	0.01111	0.00805	0.00751	0.00218	0.01326	0.00578	0.00414	0.01035
31	0.01627	0.04197	0.67279	0.02313	0.03512	0.01884	0.02998	0.02570	0.01713	0.02570	0.01456	0.01713	0.01028	0.00771	0.00771	0.00257	0.01199	0.00600	0.00343	0.01199
32	0.01683	0.01442	0.01683	0.01202	0.01923	0.01082	0.00961	0.02043	0.01683	0.02644	0.01442	0.01683	0.01202	0.00601	0.00601	0.00120	0.00601	0.00481	0.00481	0.76444
33	0.02018	0.01743	0.01835	0.01651	0.02110	0.02018	0.01284	0.04312	0.64956	0.03394	0.03303	0.03027	0.02477	0.01101	0.00826	0.00275	0.00642	0.00917	0.00826	0.01284
34	0.77215	0.01569	0.01193	0.01067	0.01569	0.01820	0.00879	0.02385	0.01381	0.03641	0.01130	0.01318	0.00879	0.00753	0.00502	0.00251	0.00628	0.00439	0.00502	0.00879
35	0.01627	0.04197	0.67279	0.02313	0.03512	0.01884	0.02998	0.02570	0.01713	0.02570	0.01456	0.01713	0.01028	0.00771	0.00771	0.00257	0.01199	0.00600	0.00343	0.01199
36	0.03085	0.02273	0.02435	0.01867	0.02516	0.02516	0.01542	0.63716	0.03815	0.05114	0.01948	0.01948	0.01380	0.00974	0.00812	0.00244	0.00893	0.00731	0.00812	0.01380
37	0.01627	0.04197	0.67279	0.02313	0.03512	0.01884	0.02998	0.02570	0.01713	0.02570	0.01456	0.01713	0.01028	0.00771	0.00771	0.00257	0.01199	0.00600	0.00343	0.01199
38	0.03085	0.02273	0.02435	0.01867	0.02516	0.02516	0.01542	0.63716	0.03815	0.05114	0.01948	0.01948	0.01380	0.00974	0.00812	0.00244	0.00893	0.00731	0.00812	0.01380
39	0.00989	0.00706	0.00942	0.01130	0.01177	0.00659	0.00753	0.01130	0.01554	0.02071	0.04472	0.70954	0.05367	0.02542	0.01036	0.00330	0.00471	0.02307	0.00753	0.00659
40	0.01483	0.00903	0.01192	0.01078	0.01327	0.00823	0.00823	0.01856	0.02300	0.11803	0.57571	0.05619	0.06899	0.01571	0.00938	0.00255	0.00424	0.01380	0.00908	0.00848
41	0.77215	0.01569	0.01193	0.01067	0.01569	0.01820	0.00879	0.02385	0.01381	0.03641	0.01130	0.01318	0.00879	0.00753	0.00502	0.00251	0.00628	0.00439	0.00502	0.00879
42	0.01857	0.01773	0.03019	0.25562	0.47026	0.01888	0.02415	0.02357	0.01776	0.02467	0.01499	0.02058	0.01220	0.00751	0.00806	0.00250	0.01001	0.00722	0.00389	0.01163
43	0.00982	0.00730	0.00917	0.01066	0.01160	0.00664	0.00725	0.01137	0.01615	0.02097	0.05254	0.57788	0.18028	0.02441	0.01020	0.00318	0.00458	0.02183	0.00753	0.00664
44	0.02008	0.01928	0.03294	0.04981	0.66422	0.01928	0.02490	0.02490	0.01848	0.02651	0.01526	0.02008	0.01285	0.00723	0.00803	0.00241	0.00964	0.00723	0.00402	0.01285
45	0.01318	0.01103	0.01609	0.01517	0.01625	0.01394	0.01211	0.01579	0.01288	0.01901	0.01887	0.02823	0.01780	0.04881	0.51329	0.01059	0.19686	0.00828	0.00414	0.00767
46	0.01985	0.01904	0.03252	0.08127	0.63457	0.01922	0.02479	0.02470	0.01837	0.02623	0.01522	0.02016	0.01275	0.00727	0.00804	0.00242	0.00970	0.00723	0.00400	0.01267
47	0.01308	0.00934	0.01308	0.01494	0.01681	0.00934	0.01308	0.01681	0.01868	0.02428	0.04296	0.09153	0.04670	0.02242	0.01121	0.00374	0.00747	0.60960	0.00747	0.00747
48	0.77215	0.01569	0.01193	0.01067	0.01569	0.01820	0.00879	0.02385	0.01381	0.03641	0.01130	0.01318	0.00879	0.00753	0.00502	0.00251	0.00628	0.00439	0.00502	0.00879
49	0.02169	0.71972	0.04252	0.01388	0.02083	0.03211	0.01388	0.02430	0.01649	0.01909	0.01128	0.01302	0.01041	0.00694	0.00521	0.00174	0.00868	0.00434	0.00347	0.01041
50	0.02008	0.01928	0.03294	0.04981	0.66422	0.01928	0.02490	0.02490	0.01848	0.02651	0.01526	0.02008	0.01285	0.00723	0.00803	0.00241	0.00964	0.00723	0.00402	0.01285
51	0.01148	0.00829	0.01085	0.01021	0.01212	0.00766	0.00766	0.01531	0.02297	0.03254	0.65994	0.06061	0.07656	0.01659	0.00957	0.00255	0.00383	0.01467	0.00893	0.00766
52	0.01627	0.04197	0.67279	0.02313	0.03512	0.01884	0.02998	0.02570	0.01713	0.02570	0.01456	0.01713	0.01028	0.00771	0.00771	0.00257	0.01199	0.00600	0.00343	0.01199
53	0.01159	0.00869	0.01304	0.01304	0.01449	0.01014	0.01014	0.01449	0.01304	0.01884	0.02173	0.03188	0.02029	0.06086	0.68268	0.01304	0.02173	0.00869	0.00435	0.00724
54	0.06011	0.02644	0.02150	0.01845	0.02348	0.25556	0.01444	0.21566	0.21772	0.03420	0.02079	0.02077	0.01573	0.00954	0.00774	0.00241	0.01006	0.00701	0.00663	0.01174
55	0.02289	0.02460	0.03021	0.04188	0.48898	0.20105	0.02237	0.02696	0.01971	0.02469	0.01452	0.01859	0.01219	0.00754	0.00784	0.00232	0.01101	0.00668	0.00406	0.01191
56	0.01830	0.01685	0.02068	0.02074	0.15989	0.05066	0.01328	0.02208	0.01753	0.02608	0.01450	0.01741	0.01211	0.00641	0.00652	0.00151	0.00729	0.00536	0.00460	0.55818
57	0.05638	0.02297	0.02008	0.02119	0.11113	0.24565	0.01424	0.02995	0.18337	0.02732	0.12622	0.05820	0.02724	0.01097	0.00806	0.00246	0.00920	0.00885	0.00618	0.01034
58	0.02056	0.22079	0.02873	0.08332	0.17142	0.05147	0.01621	0.12411	0.02137	0.02728	0.05242	0.02750	0.10262	0.00991	0.00748	0.00228	0.00857	0.00799	0.00521	0.01076

[dist]
# distance from previous block
# <min> <max>
9	23

[block]
# block no. 1 follows, 23 sequences, length 11
# corresponding to MSA columns:
# 82-92
name=unknown_B
#
# <colnr> <probs for GDERKNQSTAVLIFYWHMCP>
#	G	D	E	R	K	N	Q	S	T	A	V	L	I	F	Y	W	H	M	C	P
0	0.02199	0.24785	0.10119	0.01702	0.02243	0.25783	0.01536	0.02534	0.01901	0.02125	0.06954	0.02056	0.01738	0.01517	0.09204	0.00345	0.01241	0.00629	0.00430	0.00960
1	0.02192	0.23397	0.03480	0.03494	0.38784	0.02394	0.02035	0.10094	0.02032	0.02731	0.01457	0.01785	0.01222	0.00745	0.00718	0.00221	0.00926	0.00635	0.00436	0.01222
2	0.02019	0.15330	0.02767	0.40344	0.04182	0.09760	0.01921	0.09949	0.01978	0.02410	0.01424	0.01891	0.01107	0.00812	0.00747	0.00241	0.01061	0.00645	0.00421	0.00992
3	0.02207	0.02255	0.02755	0.03632	0.38819	0.14646	0.02026	0.03069	0.17010	0.02701	0.01899	0.02147	0.01524	0.00835	0.00795	0.00243	0.00983	0.00731	0.00506	0.01219
4	0.01753	0.39008	0.18281	0.01471	0.02184	0.02295	0.01583	0.02160	0.01712	0.02132	0.02900	0.02953	0.16578	0.01037	0.00684	0.00217	0.00837	0.00778	0.00443	0.00993
5	0.01786	0.01694	0.05158	0.01361	0.01784	0.07915	0.01109	0.16463	0.02269	0.02885	0.04272	0.14009	0.23305	0.04610	0.01011	0.00277	0.00716	0.01255	0.00676	0.07446
6	0.01278	0.01042	0.01361	0.01300	0.01376	0.01217	0.00970	0.01430	0.01367	0.01883	0.03111	0.10222	0.10948	0.24306	0.15255	0.00659	0.17508	0.03572	0.00516	0.00681
7	0.01300	0.10202	0.01343	0.00970	0.01074	0.01100	0.00637	0.01360	0.01316	0.01726	0.05604	0.08068	0.03050	0.55245	0.03342	0.00657	0.00762	0.01151	0.00505	0.00586
8	0.02260	0.41310	0.17170	0.01752	0.02488	0.18461	0.01773	0.02653	0.01818	0.02068	0.01228	0.01428	0.01039	0.00744	0.00624	0.00200	0.01080	0.00490	0.00363	0.01051
9	0.08774	0.14361	0.11510	0.02853	0.24627	0.02288	0.01979	0.18556	0.02272	0.03245	0.01525	0.01772	0.01199	0.00793	0.00726	0.00233	0.00931	0.00634	0.00501	0.01222
10	0.02255	0.02189	0.02995	0.04092	0.47855	0.09925	0.02204	0.09711	0.05650	0.02896	0.01641	0.01993	0.01334	0.00786	0.00797	0.00239	0.00998	0.00711	0.00474	0.01255

[dist]
# distance from previous block
# <min> <max>
7	17

[block]
# block no. 2 follows, 23 sequences, length 65
# corresponding to MSA columns:
# 110-174
name=unknown_C
#
# <colnr> <probs for GDERKNQSTAVLIFYWHMCP>
#	G	D	E	R	K	N	Q	S	T	A	V	L	I	F	Y	W	H	M	C	P
0	0.01461	0.01200	0.01629	0.01732	0.09346	0.01287	0.01205	0.01752	0.01846	0.05577	0.18846	0.05234	0.23190	0.01625	0.01314	0.00289	0.15644	0.05297	0.00669	0.00858
1	0.01962	0.02203	0.11042	0.04657	0.58803	0.01923	0.02552	0.02500	0.01831	0.02641	0.01518	0.01973	0.01254	0.00729	0.00799	0.00243	0.00992	0.00708	0.00395	0.01275
2	0.01698	0.07003	0.56665	0.02594	0.11065	0.01950	0.02863	0.02554	0.01726	0.02550	0.01450	0.01730	0.01060	0.00762	0.00763	0.00251	0.01156	0.00607	0.00350	0.01202
3	0.01832	0.02060	0.10735	0.22215	0.38969	0.01893	0.02428	0.02474	0.04846	0.02519	0.01581	0.02065	0.01256	0.00771	0.00803	0.00253	0.01009	0.00717	0.00404	0.01169
4	0.12062	0.02188	0.02285	0.01770	0.02402	0.02432	0.01462	0.56289	0.03520	0.04935	0.01849	0.01872	0.01319	0.00947	0.00774	0.00244	0.00861	0.00695	0.00774	0.01319
5	0.01125	0.00829	0.01053	0.00997	0.01198	0.00756	0.00748	0.01487	0.02243	0.03125	0.58997	0.06273	0.14733	0.01707	0.00957	0.00257	0.00386	0.01497	0.00876	0.00756
6	0.00989	0.00706	0.00942	0.01130	0.01177	0.00659	0.00753	0.01130	0.01554	0.02071	0.04472	0.70954	0.05367	0.02542	0.01036	0.00330	0.00471	0.02307	0.00753	0.00659
7	0.03042	0.03556	0.02326	0.02047	0.02510	0.55381	0.01563	0.15062	0.02596	0.02597	0.01390	0.01558	0.01111	0.00863	0.00747	0.00216	0.01352	0.00563	0.00495	0.01027
8	0.01031	0.00831	0.00921	0.00918	0.01165	0.00722	0.00701	0.01292	0.01964	0.02477	0.22560	0.07458	0.47148	0.01968	0.00969	0.00276	0.00427	0.05673	0.00788	0.00710
9	0.03031	0.03867	0.02299	0.02090	0.02508	0.68226	0.01568	0.03240	0.02299	0.01986	0.01254	0.01463	0.01045	0.00836	0.00732	0.00209	0.01463	0.00523	0.00418	0.00941
10	0.01032	0.00849	0.00915	0.00951	0.01179	0.00760	0.00692	0.01349	0.05643	0.02235	0.06962	0.23640	0.46685	0.02121	0.00970	0.00288	0.00440	0.01815	0.00758	0.00715
11	0.01839	0.17655	0.29876	0.02429	0.03304	0.02266	0.20384	0.02495	0.01718	0.02385	0.01407	0.01772	0.01094	0.00786	0.00940	0.00253	0.07244	0.00680	0.00365	0.01108
12	0.02169	0.71972	0.04252	0.01388	0.02083	0.03211	0.01388	0.02430	0.01649	0.01909	0.01128	0.01302	0.01041	0.00694	0.00521	0.00174	0.00868	0.00434	0.00347	0.01041
13	0.00959	0.00822	0.00822	0.00822	0.01096	0.00685	0.00617	0.01165	0.01850	0.02192	0.08220	0.07809	0.66092	0.02055	0.00959	0.00274	0.00411	0.01713	0.00754	0.00685
14	0.01180	0.00787	0.00885	0.00885	0.00885	0.00787	0.00492	0.01180	0.01180	0.01573	0.02557	0.05310	0.02950	0.71483	0.04130	0.00787	0.00787	0.01180	0.00492	0.00492
15	0.01121	0.00801	0.01094	0.01281	0.01387	0.00773	0.00984	0.01359	0.01684	0.02220	0.04399	0.45246	0.05077	0.02417	0.01071	0.00348	0.00586	0.26705	0.00751	0.00696
16	0.01159	0.00869	0.01304	0.01304	0.01449	0.01014	0.01014	0.01449	0.01304	0.01884	0.02173	0.03188	0.02029	0.06086	0.68268	0.01304	0.02173	0.00869	0.00435	0.00724
17	0.01976	0.01895	0.03235	0.09363	0.62291	0.01919	0.02474	0.02462	0.01832	0.02612	0.01521	0.02019	0.01271	0.00729	0.00804	0.00243	0.00972	0.00723	0.00399	0.01259
18	0.01683	0.01442	0.01683	0.01202	0.01923	0.01082	0.00961	0.02043	0.01683	0.02644	0.01442	0.01683	0.01202	0.00601	0.00601	0.00120	0.00601	0.00481	0.00481	0.76444
19	0.02623	0.02044	0.02175	0.01774	0.02341	0.02301	0.01431	0.38010	0.30272	0.04370	0.02534	0.02415	0.01855	0.01029	0.00818	0.00257	0.00784	0.00811	0.00818	0.01339
20	0.02018	0.01743	0.01835	0.01651	0.02110	0.02018	0.01284	0.04312	0.64956	0.03394	0.03303	0.03027	0.02477	0.01101	0.00826	0.00275	0.00642	0.00917	0.00826	0.01284
21	0.02008	0.01928	0.03294	0.04981	0.66422	0.01928	0.02490	0.02490	0.01848	0.02651	0.01526	0.02008	0.01285	0.00723	0.00803	0.00241	0.00964	0.00723	0.00402	0.01285
22	0.01185	0.00907	0.01353	0.01339	0.01477	0.01076	0.01046	0.01470	0.01302	0.01887	0.02127	0.03129	0.01988	0.05891	0.65533	0.01265	0.05000	0.00863	0.00431	0.00731
23	0.02018	0.01743	0.01835	0.01651	0.02110	0.02018	0.01284	0.04312	0.64956	0.03394	0.03303	0.03027	0.02477	0.01101	0.00826	0.00275	0.00642	0.00917	0.00826	0.01284
24	0.01627	0.04197	0.67279	0.02313	0.03512	0.01884	0.02998	0.02570	0.01713	0.02570	0.01456	0.01713	0.01028	0.00771	0.00771	0.00257	0.01199	0.00600	0.00343	0.01199
25	0.02024	0.12774	0.15019	0.03093	0.21698	0.08929	0.11758	0.02524	0.01778	0.02368	0.01390	0.01797	0.01144	0.00817	0.00998	0.00250	0.09466	0.00673	0.00380	0.01121
26	0.01030	0.00842	0.00921	0.00949	0.01203	0.00733	0.00744	0.01275	0.01880	0.02298	0.11091	0.07932	0.51994	0.02063	0.00987	0.00290	0.00467	0.11841	0.00761	0.00701
27	0.01161	0.00803	0.01000	0.01013	0.01055	0.00838	0.00648	0.01248	0.01238	0.01690	0.02585	0.09203	0.02869	0.49431	0.20957	0.00893	0.01134	0.01174	0.00494	0.00565
28	0.02815	0.02059	0.02214	0.01758	0.02346	0.02281	0.01432	0.45744	0.16966	0.07356	0.02325	0.02261	0.01674	0.01002	0.00805	0.00249	0.00809	0.00776	0.03794	0.01335
29	0.02310	0.02500	0.03000	0.04128	0.47575	0.21477	0.02218	0.02711	0.01981	0.02455	0.01446	0.01848	0.01214	0.00756	0.00782	0.00232	0.01111	0.00664	0.00406	0.01184
30	0.01014	0.00799	0.00915	0.00940	0.01143	0.00700	0.00684	0.01251	0.01899	0.02437	0.22158	0.21098	0.37961	0.02060	0.00975	0.00281	0.00417	0.01779	0.00789	0.00700
31	0.01245	0.00889	0.01236	0.01423	0.01582	0.00880	0.01199	0.01573	0.01806	0.02358	0.04331	0.21286	0.04807	0.02301	0.01104	0.00365	0.00693	0.49445	0.00748	0.00730
32	0.22003	0.02416	0.02086	0.04331	0.02391	0.16981	0.01406	0.32117	0.02768	0.03920	0.01564	0.01687	0.01165	0.00880	0.00715	0.00239	0.00960	0.00609	0.00627	0.01135
33	0.01981	0.01701	0.01936	0.04523	0.13688	0.07421	0.01407	0.11443	0.12281	0.06037	0.03855	0.06939	0.18028	0.01328	0.00866	0.00264	0.00767	0.03797	0.00678	0.01058
34	0.01066	0.00826	0.00970	0.00934	0.01162	0.00731	0.00701	0.01372	0.02102	0.02792	0.40855	0.06822	0.33083	0.01831	0.00958	0.00263	0.00395	0.01574	0.00832	0.00731
35	0.01532	0.01442	0.02434	0.69533	0.05589	0.01803	0.02253	0.02073	0.01622	0.02073	0.01442	0.02163	0.01082	0.00811	0.00811	0.00270	0.01082	0.00721	0.00361	0.00901
36	0.06008	0.02478	0.01961	0.01711	0.02124	0.28685	0.01313	0.15210	0.05393	0.07818	0.01883	0.02332	0.01562	0.08898	0.08702	0.00408	0.01217	0.00712	0.00578	0.01007
37	0.01021	0.00810	0.00928	0.01006	0.01208	0.00717	0.00759	0.01236	0.01776	0.02198	0.06644	0.24249	0.40898	0.02209	0.01004	0.00304	0.00479	0.11111	0.00752	0.00688
38	0.00967	0.00790	0.00855	0.00908	0.01119	0.00678	0.00655	0.01155	0.01767	0.02158	0.07175	0.25416	0.49160	0.02191	0.00980	0.00289	0.00428	0.01878	0.00753	0.00678
39	0.77215	0.01569	0.01193	0.01067	0.01569	0.01820	0.00879	0.02385	0.01381	0.03641	0.01130	0.01318	0.00879	0.00753	0.00502	0.00251	0.00628	0.00439	0.00502	0.00879
40	0.02169	0.71972	0.04252	0.01388	0.02083	0.03211	0.01388	0.02430	0.01649	0.01909	0.01128	0.01302	0.01041	0.00694	0.00521	0.00174	0.00868	0.00434	0.00347	0.01041
41	0.02565	0.03100	0.02482	0.02168	0.02469	0.43456	0.04654	0.02787	0.01934	0.02005	0.01211	0.01601	0.01061	0.01020	0.01376	0.00260	0.23918	0.00605	0.00397	0.00931
42	0.02147	0.01807	0.01907	0.01677	0.02159	0.02079	0.01316	0.11506	0.57552	0.03603	0.03139	0.02897	0.02344	0.01086	0.00824	0.00271	0.00673	0.00895	0.00824	0.01296
43	0.69028	0.01573	0.01248	0.01101	0.01597	0.01812	0.00904	0.06122	0.01546	0.03701	0.01253	0.01439	0.00967	0.00776	0.00524	0.00248	0.00632	0.00472	0.04153	0.00904
44	0.02169	0.71972	0.04252	0.01388	0.02083	0.03211	0.01388	0.02430	0.01649	0.01909	0.01128	0.01302	0.01041	0.00694	0.00521	0.00174	0.00868	0.00434	0.00347	0.01041
45	0.00959	0.00822	0.00822	0.00822	0.01096	0.00685	0.00617	0.01165	0.01850	0.02192	0.08220	0.07809	0.66092	0.02055	0.00959	0.00274	0.00411	0.01713	0.00754	0.00685
46	0.00961	0.00815	0.00829	0.00841	0.01101	0.00683	0.00625	0.01162	0.01831	0.02185	0.07990	0.11681	0.62369	0.02085	0.00964	0.00277	0.00415	0.01749	0.00753	0.00683
47	0.03031	0.03867	0.02299	0.02090	0.02508	0.68226	0.01568	0.03240	0.02299	0.01986	0.01254	0.01463	0.01045	0.00836	0.00732	0.00209	0.01463	0.00523	0.00418	0.00941
48	0.03085	0.02273	0.02435	0.01867	0.02516	0.02516	0.01542	0.63716	0.03815	0.05114	0.01948	0.01948	0.01380	0.00974	0.00812	0.00244	0.00893	0.00731	0.00812	0.01380
49	0.03530	0.01405	0.01880	0.01458	0.02074	0.01249	0.01199	0.03979	0.06575	0.62666	0.03208	0.02780	0.02040	0.01011	0.00817	0.00253	0.00687	0.00823	0.00992	0.01374
50	0.01513	0.00756	0.00756	0.00756	0.00945	0.00756	0.00567	0.01891	0.01702	0.03025	0.02647	0.03025	0.02080	0.00945	0.00567	0.00189	0.00378	0.00756	0.75988	0.00756
51	0.03031	0.03867	0.02299	0.02090	0.02508	0.68226	0.01568	0.03240	0.02299	0.01986	0.01254	0.01463	0.01045	0.00836	0.00732	0.00209	0.01463	0.00523	0.00418	0.00941
52	0.01742	0.18461	0.54015	0.02118	0.03211	0.02164	0.02659	0.02540	0.01700	0.02431	0.01387	0.01627	0.01031	0.00755	0.00718	0.00239	0.01129	0.00565	0.00344	0.01166
53	0.01015	0.00824	0.00899	0.00881	0.01130	0.00709	0.00660	0.01273	0.01981	0.02505	0.25257	0.07294	0.48860	0.01938	0.00958	0.00268	0.00403	0.01640	0.00795	0.00709
54	0.00980	0.00741	0.00906	0.01038	0.01153	0.00667	0.00712	0.01140	0.01642	0.02107	0.05591	0.52098	0.23500	0.02397	0.01013	0.00313	0.00453	0.02129	0.00753	0.00667
55	0.01766	0.01431	0.01634	0.01483	0.01746	0.05527	0.01149	0.15975	0.04516	0.02688	0.02296	0.08906	0.02165	0.09263	0.31661	0.00779	0.04592	0.00964	0.00565	0.00893
56	0.00959	0.00822	0.00822	0.00822	0.01096	0.00685	0.00617	0.01165	0.01850	0.02192	0.08220	0.07809	0.66092	0.02055	0.00959	0.00274	0.00411	0.01713	0.00754	0.00685
57	0.00989	0.00706	0.00942	0.01130	0.01177	0.00659	0.00753	0.01130	0.01554	0.02071	0.04472	0.70954	0.05367	0.02542	0.01036	0.00330	0.00471	0.02307	0.00753	0.00659
58	0.02008	0.01928	0.03294	0.04981	0.66422	0.01928	0.02490	0.02490	0.01848	0.02651	0.01526	0.02008	0.01285	0.00723	0.00803	0.00241	0.00964	0.00723	0.00402	0.01285
59	0.02928	0.12431	0.02572	0.01967	0.02455	0.50094	0.01541	0.12092	0.02440	0.02439	0.01341	0.01514	0.01094	0.00838	0.00716	0.00210	0.01302	0.00542	0.00467	0.01019
60	0.01883	0.36141	0.37573	0.01877	0.02838	0.02510	0.02239	0.02504	0.01683	0.02258	0.01302	0.01519	0.01034	0.00735	0.00653	0.00218	0.01043	0.00521	0.00345	0.01125
61	0.02050	0.08214	0.21375	0.02670	0.18917	0.14432	0.02087	0.06647	0.02013	0.02556	0.02263	0.02464	0.09001	0.00934	0.00778	0.00239	0.01047	0.00748	0.00454	0.01110
62	0.01125	0.00837	0.00995	0.01072	0.01208	0.00789	0.00740	0.04895	0.01728	0.02236	0.05086	0.44377	0.20321	0.09042	0.01304	0.00355	0.00512	0.01951	0.00731	0.00693
63	0.02705	0.02968	0.02895	0.02481	0.06768	0.33468	0.14636	0.16134	0.04994	0.02885	0.01583	0.01816	0.01228	0.00837	0.00805	0.00235	0.01257	0.00687	0.00516	0.01102
64	0.02674	0.12088	0.02381	0.01829	0.02284	0.46417	0.01428	0.07769	0.02284	0.02254	0.02138	0.02250	0.08949	0.00977	0.00739	0.00215	0.01214	0.00672	0.00481	0.00958

[dist]
# distance from previous block
# <min> <max>
0	1

[block]
# block no. 3 follows, 23 sequences, length 14
# corresponding to MSA columns:
# 176-189
name=unknown_D
#
# <colnr> <probs for GDERKNQSTAVLIFYWHMCP>
#	G	D	E	R	K	N	Q	S	T	A	V	L	I	F	Y	W	H	M	C	P
0	0.01774	0.22553	0.50209	0.02062	0.03125	0.02244	0.02562	0.02532	0.01696	0.02391	0.01367	0.01602	0.01032	0.00750	0.00703	0.00234	0.01109	0.00555	0.00344	0.01156
1	0.01890	0.10451	0.43333	0.02140	0.03122	0.02106	0.05169	0.08848	0.09999	0.02862	0.01716	0.01884	0.01258	0.00822	0.00765	0.00250	0.01072	0.00652	0.00454	0.01207
2	0.02008	0.01928	0.03294	0.04981	0.66422	0.01928	0.02490	0.02490	0.01848	0.02651	0.01526	0.02008	0.01285	0.00723	0.00803	0.00241	0.00964	0.00723	0.00402	0.01285
3	0.02008	0.01928	0.03294	0.04981	0.66422	0.01928	0.02490	0.02490	0.01848	0.02651	0.01526	0.02008	0.01285	0.00723	0.00803	0.00241	0.00964	0.00723	0.00402	0.01285
4	0.02164	0.01938	0.02924	0.15185	0.37980	0.05212	0.04514	0.07850	0.05162	0.06614	0.01727	0.02105	0.01347	0.00799	0.00810	0.00248	0.00986	0.00738	0.00488	0.01209
5	0.01694	0.02731	0.27432	0.02796	0.06850	0.01804	0.29728	0.02394	0.01790	0.02523	0.01931	0.10847	0.01690	0.00957	0.00890	0.00273	0.01169	0.00986	0.00429	0.01087
6	0.01099	0.00833	0.01017	0.00986	0.01202	0.00750	0.00749	0.01428	0.02138	0.02886	0.45086	0.06759	0.25303	0.01811	0.00966	0.00267	0.00411	0.04728	0.00843	0.00740
7	0.01697	0.12914	0.59173	0.02194	0.03328	0.02055	0.02791	0.02552	0.01705	0.02485	0.01414	0.01660	0.01030	0.00761	0.00739	0.00246	0.01157	0.00578	0.00343	0.01179
8	0.11038	0.15065	0.06173	0.02293	0.13695	0.10749	0.01687	0.23948	0.02496	0.03400	0.01518	0.01697	0.01184	0.00826	0.00710	0.00228	0.00959	0.00609	0.00545	0.01180
9	0.02380	0.01789	0.11148	0.01640	0.02238	0.01395	0.06317	0.10583	0.02369	0.25352	0.19267	0.03546	0.06014	0.01159	0.00863	0.00255	0.00750	0.00995	0.00799	0.01141
10	0.00989	0.00706	0.00942	0.01130	0.01177	0.00659	0.00753	0.01130	0.01554	0.02071	0.04472	0.70954	0.05367	0.02542	0.01036	0.00330	0.00471	0.02307	0.00753	0.00659
11	0.01664	0.03939	0.59242	0.02455	0.03606	0.01906	0.10776	0.02573	0.01739	0.02573	0.01480	0.01774	0.01054	0.00760	0.00795	0.00259	0.01221	0.00646	0.00351	0.01186
12	0.01073	0.00819	0.00985	0.00958	0.01170	0.00731	0.00713	0.01379	0.02097	0.02813	0.42189	0.10554	0.27872	0.01850	0.00962	0.00266	0.00398	0.01603	0.00836	0.00731
13	0.02670	0.05493	0.02257	0.01843	0.02337	0.25703	0.01454	0.22791	0.16069	0.03284	0.01972	0.02064	0.01525	0.01287	0.05349	0.00307	0.01128	0.00694	0.00630	0.01145

[dist]
# distance from previous block
# <min> <max>
0	1

[block]
# block no. 4 follows, 23 sequences, length 24
# corresponding to MSA columns:
# 191-214
name=unknown_E
#
# <colnr> <probs for GDERKNQSTAVLIFYWHMCP>
#	G	D	E	R	K	N	Q	S	T	A	V	L	I	F	Y	W	H	M	C	P
0	0.01080	0.00844	0.01002	0.01090	0.01304	0.00765	0.00868	0.01334	0.01816	0.02255	0.06396	0.16714	0.37265	0.02183	0.01024	0.00315	0.00532	0.21758	0.00751	0.00702
1	0.02825	0.02257	0.02322	0.04969	0.02587	0.07108	0.01532	0.46278	0.14162	0.04452	0.02109	0.02110	0.01532	0.00979	0.00808	0.00248	0.00899	0.00747	0.00765	0.01310
2	0.02169	0.71972	0.04252	0.01388	0.02083	0.03211	0.01388	0.02430	0.01649	0.01909	0.01128	0.01302	0.01041	0.00694	0.00521	0.00174	0.00868	0.00434	0.00347	0.01041
3	0.02171	0.15163	0.32507	0.02283	0.07485	0.22259	0.02260	0.02744	0.01890	0.02289	0.01346	0.01590	0.01054	0.00775	0.00720	0.00227	0.01208	0.00558	0.00371	0.01101
4	0.01810	0.06242	0.05404	0.02309	0.06391	0.06447	0.19522	0.02502	0.10301	0.02561	0.08550	0.03282	0.08745	0.01125	0.01086	0.00272	0.09047	0.02847	0.00544	0.01013
5	0.01180	0.00787	0.00885	0.00885	0.00885	0.00787	0.00492	0.01180	0.01180	0.01573	0.02557	0.05310	0.02950	0.71483	0.04130	0.00787	0.00787	0.01180	0.00492	0.00492
6	0.00963	0.00807	0.00837	0.00861	0.01106	0.00682	0.00634	0.01160	0.01812	0.02177	0.07744	0.15822	0.58386	0.02117	0.00969	0.00281	0.00419	0.01788	0.00753	0.00682
7	0.01829	0.12364	0.46989	0.02323	0.03357	0.06672	0.10373	0.02602	0.01771	0.02451	0.01425	0.01705	0.01057	0.00755	0.00761	0.00245	0.01198	0.00619	0.00357	0.01148
8	0.01002	0.00743	0.00940	0.01091	0.01192	0.00681	0.00760	0.01170	0.01631	0.02117	0.05201	0.54733	0.17303	0.02428	0.01026	0.00321	0.00476	0.05762	0.00753	0.00670
9	0.02912	0.13249	0.02568	0.01994	0.02450	0.59270	0.01543	0.03128	0.02210	0.01975	0.01237	0.01441	0.01045	0.00817	0.00703	0.00204	0.01381	0.00510	0.00408	0.00955
10	0.03035	0.03741	0.02310	0.02073	0.02509	0.63022	0.01566	0.08029	0.02419	0.02234	0.01309	0.01502	0.01072	0.00847	0.00738	0.00212	0.01418	0.00539	0.00449	0.00975
11	0.01066	0.00740	0.00957	0.01082	0.01136	0.00723	0.00719	0.01205	0.01463	0.02000	0.03794	0.48523	0.04423	0.16227	0.08138	0.00507	0.00693	0.01878	0.04088	0.00637
12	0.03233	0.01718	0.02060	0.01593	0.02199	0.01721	0.01310	0.28968	0.02950	0.36495	0.07028	0.02648	0.02135	0.01037	0.00824	0.00248	0.00754	0.00825	0.00915	0.01338
13	0.01985	0.02024	0.02871	0.26347	0.37367	0.10760	0.02287	0.02450	0.01832	0.02367	0.01462	0.01988	0.01185	0.00768	0.00796	0.00247	0.01070	0.00696	0.00390	0.01110
14	0.01700	0.13269	0.58842	0.02189	0.03321	0.02062	0.02783	0.02551	0.01705	0.02481	0.01412	0.01658	0.01030	0.00761	0.00737	0.00246	0.01155	0.00577	0.00343	0.01178
15	0.00959	0.00822	0.00822	0.00822	0.01096	0.00685	0.00617	0.01165	0.01850	0.02192	0.08220	0.07809	0.66092	0.02055	0.00959	0.00274	0.00411	0.01713	0.00754	0.00685
16	0.01159	0.00869	0.01304	0.01304	0.01449	0.01014	0.01014	0.01449	0.01304	0.01884	0.02173	0.03188	0.02029	0.06086	0.68268	0.01304	0.02173	0.00869	0.00435	0.00724
17	0.02169	0.71972	0.04252	0.01388	0.02083	0.03211	0.01388	0.02430	0.01649	0.01909	0.01128	0.01302	0.01041	0.00694	0.00521	0.00174	0.00868	0.00434	0.00347	0.01041
18	0.01180	0.00787	0.00885	0.00885	0.00885	0.00787	0.00492	0.01180	0.01180	0.01573	0.02557	0.05310	0.02950	0.71483	0.04130	0.00787	0.00787	0.01180	0.00492	0.00492
19	0.07859	0.15163	0.02584	0.01904	0.02319	0.43618	0.01517	0.02869	0.01982	0.02083	0.01199	0.01467	0.01036	0.00884	0.00938	0.00225	0.10477	0.00527	0.00403	0.00947
20	0.01870	0.01786	0.03043	0.23802	0.48685	0.01891	0.02421	0.02369	0.01782	0.02482	0.01502	0.02053	0.01226	0.00749	0.00806	0.00250	0.00998	0.00722	0.00390	0.01173
21	0.01971	0.02095	0.06842	0.04537	0.50957	0.01950	0.14546	0.02516	0.01854	0.02637	0.01545	0.02029	0.01262	0.00718	0.00832	0.00248	0.01056	0.00763	0.00400	0.01243
22	0.01697	0.11371	0.55796	0.02199	0.03258	0.02071	0.02736	0.02510	0.01672	0.02454	0.01393	0.01673	0.01032	0.00809	0.00880	0.00255	0.06100	0.00590	0.00344	0.01160
23	0.01492	0.07925	0.40432	0.01798	0.02627	0.01597	0.02120	0.02186	0.01876	0.02683	0.19368	0.03264	0.07119	0.01091	0.00816	0.00252	0.00902	0.00896	0.00519	0.01036

[dist]
# distance from previous block
# <min> <max>
5	6

[block]
# block no. 5 follows, 23 sequences, length 22
# corresponding to MSA columns:
# 221-242
name=unknown_F
#
# <colnr> <probs for GDERKNQSTAVLIFYWHMCP>
#	G	D	E	R	K	N	Q	S	T	A	V	L	I	F	Y	W	H	M	C	P
0	0.02317	0.30202	0.20758	0.01880	0.02618	0.25094	0.01888	0.02745	0.01889	0.02115	0.01261	0.01469	0.01039	0.00764	0.00661	0.00208	0.01162	0.00509	0.00370	0.01050
1	0.01867	0.34181	0.39396	0.01904	0.02880	0.02471	0.02286	0.02508	0.01685	0.02277	0.01311	0.01531	0.01034	0.00737	0.00660	0.00220	0.01053	0.00526	0.00345	0.01129
2	0.01627	0.04197	0.67279	0.02313	0.03512	0.01884	0.02998	0.02570	0.01713	0.02570	0.01456	0.01713	0.01028	0.00771	0.00771	0.00257	0.01199	0.00600	0.00343	0.01199
3	0.77215	0.01569	0.01193	0.01067	0.01569	0.01820	0.00879	0.02385	0.01381	0.03641	0.01130	0.01318	0.00879	0.00753	0.00502	0.00251	0.00628	0.00439	0.00502	0.00879
4	0.01148	0.00829	0.01085	0.01021	0.01212	0.00766	0.00766	0.01531	0.02297	0.03254	0.65994	0.06061	0.07656	0.01659	0.00957	0.00255	0.00383	0.01467	0.00893	0.00766
5	0.03641	0.01381	0.01883	0.01444	0.02071	0.01193	0.01193	0.03954	0.02322	0.66984	0.03201	0.02762	0.02009	0.01004	0.00816	0.00251	0.00690	0.00816	0.01004	0.01381
6	0.01148	0.00829	0.01085	0.01021	0.01212	0.00766	0.00766	0.01531	0.02297	0.03254	0.65994	0.06061	0.07656	0.01659	0.00957	0.00255	0.00383	0.01467	0.00893	0.00766
7	0.01058	0.00826	0.00959	0.00926	0.01157	0.00727	0.00694	0.01356	0.02083	0.02745	0.38310	0.06899	0.35658	0.01849	0.00958	0.00264	0.00396	0.01585	0.00826	0.00727
8	0.01180	0.00787	0.00885	0.00885	0.00885	0.00787	0.00492	0.01180	0.01180	0.01573	0.02557	0.05310	0.02950	0.71483	0.04130	0.00787	0.00787	0.01180	0.00492	0.00492
9	0.01758	0.20558	0.52064	0.02090	0.03167	0.02205	0.02609	0.02536	0.01698	0.02410	0.01377	0.01614	0.01031	0.00752	0.00710	0.00237	0.01119	0.00560	0.00344	0.01161
10	0.01627	0.04197	0.67279	0.02313	0.03512	0.01884	0.02998	0.02570	0.01713	0.02570	0.01456	0.01713	0.01028	0.00771	0.00771	0.00257	0.01199	0.00600	0.00343	0.01199
11	0.02339	0.44786	0.13133	0.01554	0.02297	0.02577	0.01589	0.02842	0.05837	0.13640	0.01684	0.01733	0.01303	0.00787	0.00630	0.00206	0.00872	0.00557	0.00494	0.01141
12	0.02169	0.71972	0.04252	0.01388	0.02083	0.03211	0.01388	0.02430	0.01649	0.01909	0.01128	0.01302	0.01041	0.00694	0.00521	0.00174	0.00868	0.00434	0.00347	0.01041
13	0.02046	0.45305	0.24864	0.01738	0.02580	0.06943	0.01929	0.02528	0.01712	0.02131	0.01244	0.01447	0.01037	0.00729	0.00617	0.00203	0.01015	0.00494	0.00350	0.01087
14	0.01159	0.00869	0.01304	0.01304	0.01449	0.01014	0.01014	0.01449	0.01304	0.01884	0.02173	0.03188	0.02029	0.06086	0.68268	0.01304	0.02173	0.00869	0.00435	0.00724
15	0.01161	0.00788	0.00934	0.00950	0.00969	0.00800	0.00569	0.01204	0.01225	0.01648	0.02680	0.10696	0.03060	0.58769	0.10559	0.00802	0.00904	0.01244	0.00508	0.00530
16	0.02654	0.29537	0.03108	0.01954	0.05714	0.33557	0.01546	0.08805	0.02176	0.02297	0.01288	0.01478	0.01089	0.00790	0.00663	0.00201	0.01154	0.00520	0.00429	0.01040
17	0.01160	0.00888	0.01210	0.01219	0.01364	0.00966	0.00936	0.01407	0.01481	0.02021	0.06067	0.08257	0.12817	0.10929	0.36208	0.00872	0.04339	0.06605	0.00551	0.00703
18	0.19806	0.01721	0.02512	0.22136	0.30870	0.01894	0.01996	0.05176	0.01764	0.02837	0.01428	0.01885	0.01135	0.00767	0.00734	0.00252	0.00914	0.00655	0.00433	0.01085
19	0.02388	0.02405	0.02491	0.21496	0.10018	0.20894	0.01873	0.16623	0.02306	0.02797	0.01477	0.01861	0.01160	0.00906	0.00969	0.00252	0.07872	0.00666	0.00484	0.01061
20	0.20558	0.02213	0.02109	0.18290	0.03039	0.15083	0.01562	0.21959	0.02394	0.03400	0.01491	0.01754	0.01120	0.00854	0.00721	0.00245	0.00987	0.00617	0.00549	0.01056
21	0.01815	0.01660	0.02383	0.18313	0.24638	0.01827	0.01860	0.02917	0.23729	0.02738	0.02683	0.02882	0.07061	0.00986	0.00826	0.00262	0.00833	0.00873	0.00569	0.01147

[dist]
# distance from previous block
# <min> <max>
0	1

[block]
# block no. 6 follows, 23 sequences, length 6
# corresponding to MSA columns:
# 244-249
name=unknown_G
#
# <colnr> <probs for GDERKNQSTAVLIFYWHMCP>
#	G	D	E	R	K	N	Q	S	T	A	V	L	I	F	Y	W	H	M	C	P
0	0.17602	0.12937	0.12496	0.13319	0.13006	0.01995	0.06911	0.02335	0.01703	0.02680	0.06504	0.02072	0.01593	0.00818	0.00718	0.00244	0.00920	0.00678	0.00438	0.01029
1	0.14135	0.01764	0.02368	0.27461	0.12834	0.07068	0.06855	0.02425	0.06633	0.02562	0.02076	0.02455	0.06248	0.00900	0.00778	0.00259	0.00958	0.00771	0.00465	0.00986
2	0.02054	0.16726	0.02511	0.13758	0.05450	0.15908	0.01529	0.06489	0.07106	0.02328	0.01977	0.02329	0.04533	0.01747	0.11784	0.00404	0.01209	0.00709	0.00471	0.00979
3	0.11527	0.18942	0.12870	0.02004	0.07522	0.02126	0.07648	0.10718	0.02014	0.02899	0.04361	0.02698	0.05157	0.00975	0.00746	0.00244	0.00897	0.05076	0.00511	0.01065
4	0.02541	0.09758	0.06079	0.02379	0.12361	0.34094	0.01708	0.07568	0.07858	0.02532	0.04457	0.01930	0.01533	0.00872	0.00749	0.00224	0.01148	0.00643	0.00492	0.01074
5	0.01725	0.25396	0.02886	0.15564	0.16855	0.02036	0.01651	0.02061	0.01665	0.02145	0.02081	0.18341	0.02141	0.01167	0.00764	0.00245	0.00836	0.01004	0.00459	0.00976

[dist]
# distance from previous block
# <min> <max>
4	7

[block]
# block no. 7 follows, 23 sequences, length 20
# corresponding to MSA columns:
# 257-276
name=unknown_H
#
# <colnr> <probs for GDERKNQSTAVLIFYWHMCP>
#	G	D	E	R	K	N	Q	S	T	A	V	L	I	F	Y	W	H	M	C	P
0	0.02253	0.08551	0.26586	0.01970	0.02744	0.15432	0.02008	0.15163	0.08478	0.02979	0.01998	0.02102	0.04385	0.00914	0.00766	0.00241	0.01072	0.00683	0.00520	0.01155
1	0.01321	0.01072	0.01209	0.01211	0.01463	0.01098	0.00904	0.02160	0.20776	0.02630	0.10914	0.24377	0.21098	0.01880	0.00949	0.00293	0.00511	0.04479	0.00788	0.00868
2	0.02606	0.12215	0.03303	0.02332	0.02950	0.27283	0.19288	0.15129	0.02407	0.02781	0.01488	0.01747	0.01165	0.00801	0.00784	0.00230	0.01241	0.00677	0.00486	0.01087
3	0.01670	0.09545	0.62306	0.02240	0.03399	0.01989	0.02871	0.02559	0.01708	0.02518	0.01430	0.01681	0.01029	0.00765	0.00751	0.00250	0.01173	0.00587	0.00343	0.01187
4	0.07013	0.00778	0.00959	0.01113	0.01194	0.00757	0.00751	0.01231	0.01522	0.02172	0.04118	0.62358	0.04898	0.05658	0.01140	0.00345	0.00498	0.02106	0.00721	0.00668
5	0.03010	0.02236	0.02393	0.01852	0.02488	0.02482	0.01524	0.59584	0.08068	0.04994	0.02042	0.02023	0.01456	0.00983	0.00813	0.00246	0.00875	0.00744	0.00813	0.01373
6	0.02187	0.52744	0.03528	0.01388	0.01994	0.02689	0.01302	0.06710	0.01864	0.06726	0.04097	0.08183	0.01790	0.00946	0.00627	0.00202	0.00802	0.00697	0.00484	0.01042
7	0.01995	0.52954	0.18454	0.01595	0.02376	0.02798	0.01736	0.02412	0.01646	0.02058	0.01255	0.01490	0.01088	0.00984	0.03994	0.00250	0.01009	0.00494	0.00350	0.01061
8	0.01822	0.16800	0.10865	0.01589	0.02058	0.16108	0.01445	0.02168	0.01688	0.02026	0.02124	0.02579	0.06383	0.02809	0.25386	0.00613	0.01483	0.00732	0.00425	0.00897
9	0.06696	0.12671	0.25258	0.06833	0.03095	0.12450	0.10058	0.02514	0.01765	0.02370	0.01508	0.05029	0.01264	0.00877	0.00842	0.00249	0.04387	0.00697	0.00396	0.01041
10	0.04373	0.16460	0.32213	0.01881	0.02727	0.02017	0.04749	0.07158	0.01829	0.02596	0.01843	0.02114	0.04489	0.01349	0.07373	0.00338	0.01129	0.00666	0.00425	0.04270
11	0.28460	0.17473	0.26169	0.01648	0.02456	0.02186	0.01810	0.06726	0.01729	0.02984	0.01306	0.01503	0.01003	0.00763	0.00626	0.00236	0.00907	0.00517	0.00432	0.01066
12	0.05192	0.28505	0.30274	0.01854	0.02732	0.02363	0.04544	0.07265	0.01856	0.02557	0.01714	0.01894	0.04384	0.00820	0.00688	0.00227	0.00995	0.00614	0.00412	0.01111
13	0.07079	0.10928	0.23879	0.01622	0.02302	0.06341	0.01701	0.07471	0.02027	0.02815	0.13964	0.03257	0.11167	0.01118	0.00782	0.00244	0.00856	0.00883	0.00556	0.01007
14	0.01924	0.21647	0.36995	0.01901	0.02826	0.02238	0.02204	0.10819	0.01994	0.02717	0.01915	0.02067	0.05677	0.00869	0.00724	0.00234	0.01014	0.00652	0.00437	0.01146
15	0.01992	0.11542	0.47726	0.02117	0.03137	0.06659	0.02522	0.06992	0.01926	0.05923	0.01529	0.01719	0.01106	0.00793	0.00745	0.00243	0.01133	0.00596	0.00415	0.01185
16	0.02010	0.29979	0.35310	0.01904	0.02844	0.02469	0.02206	0.09851	0.01941	0.02621	0.01389	0.01583	0.01075	0.00766	0.00680	0.00223	0.01035	0.00552	0.00401	0.01160
17	0.01761	0.20875	0.51770	0.02085	0.03160	0.02211	0.02602	0.02535	0.01697	0.02407	0.01375	0.01612	0.01031	0.00752	0.00709	0.00236	0.01118	0.00559	0.00344	0.01160
18	0.12040	0.25662	0.30813	0.01824	0.02679	0.09789	0.02035	0.02576	0.01714	0.02434	0.01284	0.01500	0.01014	0.00751	0.00650	0.00224	0.01046	0.00516	0.00374	0.01076
19	0.09197	0.24837	0.28533	0.01817	0.02667	0.07007	0.01996	0.07877	0.01909	0.05265	0.01422	0.01593	0.01090	0.00777	0.00670	0.00226	0.01013	0.00547	0.00432	0.01124

[dist]
# distance from previous block
# <min> <max>
52	136

[block]
# block no. 8 follows, 23 sequences, length 68
# corresponding to MSA columns:
# 427-494
name=unknown_I
#
# <colnr> <probs for GDERKNQSTAVLIFYWHMCP>
#	G	D	E	R	K	N	Q	S	T	A	V	L	I	F	Y	W	H	M	C	P
0	0.01752	0.14133	0.31710	0.01783	0.02548	0.10288	0.01965	0.02330	0.01888	0.02468	0.12737	0.02903	0.08162	0.01034	0.00774	0.00239	0.00971	0.00811	0.00483	0.01021
1	0.05074	0.02459	0.19554	0.02316	0.08365	0.01894	0.09751	0.16515	0.06554	0.10837	0.02137	0.05006	0.01666	0.00974	0.00829	0.00262	0.00967	0.03020	0.00610	0.01212
2	0.01835	0.30193	0.43105	0.01958	0.02964	0.02393	0.02381	0.02516	0.01688	0.02316	0.01330	0.01555	0.01033	0.00741	0.00675	0.00225	0.01072	0.00536	0.00344	0.01139
3	0.02472	0.23284	0.17487	0.01932	0.02613	0.32225	0.01838	0.05200	0.02041	0.02217	0.01291	0.01492	0.01053	0.00786	0.00683	0.00211	0.01212	0.00523	0.00396	0.01045
4	0.01421	0.19280	0.02067	0.01326	0.01613	0.01583	0.01111	0.01703	0.01393	0.01890	0.01903	0.02699	0.01773	0.04690	0.50726	0.01011	0.01835	0.00757	0.00412	0.00807
5	0.01728	0.16739	0.55616	0.02142	0.03247	0.02130	0.02700	0.02544	0.01701	0.02447	0.01395	0.01637	0.01030	0.00757	0.00725	0.00242	0.01138	0.00569	0.00343	0.01170
6	0.00982	0.00732	0.00915	0.01061	0.01159	0.00665	0.00722	0.01138	0.01620	0.02099	0.05316	0.56741	0.19035	0.02432	0.01018	0.00317	0.00457	0.02173	0.00753	0.00665
7	0.02192	0.29314	0.27016	0.01911	0.02721	0.19556	0.02029	0.02691	0.01841	0.02173	0.01282	0.01495	0.01037	0.00759	0.00668	0.00214	0.01144	0.00518	0.00364	0.01074
8	0.01815	0.01489	0.01575	0.01427	0.01846	0.01637	0.01107	0.03481	0.45863	0.05877	0.04571	0.04254	0.18929	0.01344	0.00860	0.00274	0.00584	0.01119	0.00815	0.01133
9	0.03031	0.03867	0.02299	0.02090	0.02508	0.68226	0.01568	0.03240	0.02299	0.01986	0.01254	0.01463	0.01045	0.00836	0.00732	0.00209	0.01463	0.00523	0.00418	0.00941
