[name]
unknown

[dist]
# distance from previous block
# <min> <max>
0	404

[block]
# block no. 0 follows, 22 sequences, length 88
# corresponding to MSA columns:
# 404-491
name=unknown_A
#
# <colnr> <probs for GDERKNQSTAVLIFYWHMCP>
#	G	D	E	R	K	N	Q	S	T	A	V	L	I	F	Y	W	H	M	C	P
0	0.01330	0.00950	0.01326	0.01503	0.01694	0.00946	0.01307	0.01713	0.01937	0.02534	0.07822	0.09193	0.04953	0.02261	0.01138	0.00376	0.00744	0.56734	0.00773	0.00766
1	0.03024	0.10004	0.02534	0.02076	0.02529	0.61709	0.01589	0.03243	0.02294	0.02026	0.01273	0.01483	0.01070	0.00843	0.00730	0.00211	0.01443	0.00527	0.00422	0.00972
2	0.02171	0.65290	0.09931	0.01506	0.02264	0.03165	0.01569	0.02500	0.01694	0.02015	0.01185	0.01370	0.01065	0.00718	0.00556	0.00185	0.00919	0.00459	0.00355	0.01081
3	0.01065	0.00816	0.00977	0.00998	0.01189	0.00727	0.00725	0.01330	0.01999	0.02639	0.29672	0.22488	0.28239	0.02067	0.01000	0.00287	0.00424	0.01804	0.00827	0.00727
4	0.02221	0.71304	0.04353	0.01421	0.02132	0.03287	0.01421	0.02488	0.01688	0.01955	0.01155	0.01333	0.01066	0.00711	0.00533	0.00178	0.00888	0.00444	0.00355	0.01066
5	0.00991	0.00842	0.00854	0.00851	0.01128	0.00705	0.00638	0.01210	0.01915	0.02296	0.11107	0.07910	0.62561	0.02085	0.00982	0.00280	0.00419	0.01741	0.00778	0.00705
6	0.01725	0.11399	0.59913	0.02267	0.03440	0.02073	0.02895	0.02616	0.01747	0.02559	0.01455	0.01709	0.01054	0.00781	0.00762	0.00254	0.01192	0.00596	0.00351	0.01211
7	0.01823	0.23284	0.48890	0.02100	0.03181	0.02314	0.02602	0.02590	0.01735	0.02439	0.01396	0.01635	0.01056	0.00767	0.00717	0.00239	0.01132	0.00566	0.00352	0.01182
8	0.01187	0.00890	0.01335	0.01335	0.01483	0.01038	0.01038	0.01483	0.01335	0.01928	0.02225	0.03264	0.02077	0.06231	0.67512	0.01335	0.02225	0.00890	0.00445	0.00742
9	0.02739	0.03352	0.02408	0.02152	0.02459	0.49072	0.01665	0.02944	0.02048	0.02024	0.01229	0.01589	0.01076	0.01026	0.01309	0.00256	0.20706	0.00589	0.00410	0.00948
10	0.02016	0.01964	0.02718	0.37885	0.21544	0.09186	0.02230	0.07879	0.02004	0.02558	0.01526	0.02072	0.01188	0.00824	0.00819	0.00259	0.01100	0.00717	0.00429	0.01080
11	0.03103	0.03959	0.02354	0.02140	0.02568	0.67469	0.01605	0.03317	0.02354	0.02033	0.01284	0.01498	0.01070	0.00856	0.00749	0.00214	0.01498	0.00535	0.00428	0.00963
12	0.00994	0.00842	0.00858	0.00854	0.01130	0.00707	0.00641	0.01216	0.01922	0.02313	0.11986	0.07882	0.61672	0.02078	0.00982	0.00279	0.00419	0.01737	0.00780	0.00707
13	0.00990	0.00808	0.00876	0.00931	0.01146	0.00694	0.00671	0.01182	0.01808	0.02209	0.07328	0.25639	0.48343	0.02245	0.01004	0.00297	0.00438	0.01926	0.00771	0.00694
14	0.01961	0.02241	0.04902	0.03501	0.04342	0.02101	0.62605	0.02661	0.01961	0.02661	0.01681	0.02241	0.01261	0.00700	0.00980	0.00280	0.01401	0.00980	0.00420	0.01120
15	0.01666	0.04297	0.66500	0.02368	0.03596	0.01929	0.03069	0.02631	0.01754	0.02631	0.01491	0.01754	0.01052	0.00789	0.00789	0.00263	0.01228	0.00614	0.00351	0.01228
16	0.01012	0.00723	0.00964	0.01157	0.01205	0.00675	0.00771	0.01157	0.01591	0.02121	0.04579	0.70262	0.05495	0.02603	0.01060	0.00337	0.00482	0.02362	0.00771	0.00675
17	0.03111	0.03717	0.02375	0.02106	0.02569	0.57841	0.01601	0.12151	0.02584	0.02508	0.01390	0.01572	0.01121	0.00877	0.00761	0.00219	0.01411	0.00567	0.00488	0.01030
18	0.02862	0.02625	0.29050	0.01852	0.02740	0.01519	0.01997	0.03453	0.02116	0.39498	0.02527	0.02377	0.01635	0.00928	0.00816	0.00260	0.00926	0.00742	0.00744	0.01336
19	0.03004	0.01254	0.01696	0.01355	0.01871	0.01097	0.01097	0.03346	0.02370	0.48384	0.20819	0.03785	0.03695	0.01218	0.00876	0.00258	0.00618	0.01024	0.00996	0.01235
20	0.02169	0.03594	0.50746	0.02151	0.03236	0.01757	0.02618	0.02977	0.01906	0.18140	0.01927	0.02016	0.01297	0.00848	0.00801	0.00262	0.01101	0.00668	0.00516	0.01273
21	0.01694	0.07625	0.63414	0.02321	0.03523	0.01997	0.02988	0.02624	0.01751	0.02597	0.01474	0.01733	0.01053	0.00785	0.00777	0.00259	0.01211	0.00605	0.00351	0.01220
22	0.01666	0.04297	0.66500	0.02368	0.03596	0.01929	0.03069	0.02631	0.01754	0.02631	0.01491	0.01754	0.01052	0.00789	0.00789	0.00263	0.01228	0.00614	0.00351	0.01228
23	0.76672	0.01607	0.01221	0.01092	0.01607	0.01864	0.00900	0.02442	0.01414	0.03727	0.01157	0.01350	0.00900	0.00771	0.00514	0.00257	0.00643	0.00450	0.00514	0.00900
24	0.01696	0.07951	0.63111	0.02316	0.03516	0.02003	0.02980	0.02623	0.01750	0.02594	0.01473	0.01731	0.01053	0.00785	0.00775	0.00258	0.01209	0.00605	0.00351	0.01219
25	0.07882	0.00889	0.01019	0.01052	0.01259	0.00888	0.00783	0.01432	0.01631	0.02346	0.04862	0.20284	0.24656	0.03007	0.17155	0.00541	0.00892	0.01481	0.07211	0.00729
26	0.03021	0.02246	0.02420	0.01846	0.02518	0.02436	0.01522	0.57049	0.03697	0.04994	0.01945	0.01969	0.01395	0.00961	0.00810	0.00237	0.00886	0.00724	0.00799	0.08525
27	0.01012	0.00723	0.00964	0.01157	0.01205	0.00675	0.00771	0.01157	0.01591	0.02121	0.04579	0.70262	0.05495	0.02603	0.01060	0.00337	0.00482	0.02362	0.00771	0.00675
28	0.02999	0.02174	0.02323	0.01799	0.02417	0.02398	0.01480	0.56836	0.03692	0.05024	0.02065	0.02103	0.01484	0.00994	0.00806	0.00244	0.00862	0.00751	0.08197	0.01350
29	0.01245	0.00943	0.01191	0.01300	0.01520	0.00910	0.01079	0.01655	0.04755	0.02481	0.08362	0.12381	0.21677	0.02179	0.01074	0.00341	0.00629	0.34733	0.00778	0.00768
30	0.01208	0.00805	0.00906	0.00906	0.00906	0.00805	0.00503	0.01208	0.01208	0.01611	0.02618	0.05436	0.03020	0.70804	0.04228	0.00805	0.00805	0.01208	0.00503	0.00503
31	0.01011	0.00729	0.00958	0.01142	0.01201	0.00676	0.00765	0.01158	0.01605	0.02127	0.04761	0.67310	0.08329	0.02579	0.01057	0.00335	0.00479	0.02333	0.00771	0.00676
32	0.02182	0.02424	0.02491	0.02169	0.02291	0.20942	0.01757	0.02373	0.01579	0.02009	0.01145	0.01727	0.01085	0.01285	0.02166	0.00321	0.50076	0.00673	0.00382	0.00924
33	0.02221	0.71304	0.04353	0.01421	0.02132	0.03287	0.01421	0.02488	0.01688	0.01955	0.01155	0.01333	0.01066	0.00711	0.00533	0.00178	0.00888	0.00444	0.00355	0.01066
34	0.01012	0.00723	0.00964	0.01157	0.01205	0.00675	0.00771	0.01157	0.01591	0.02121	0.04579	0.70262	0.05495	0.02603	0.01060	0.00337	0.00482	0.02362	0.00771	0.00675
35	0.00982	0.00842	0.00842	0.00842	0.01122	0.00701	0.00631	0.01192	0.01894	0.02244	0.08416	0.07995	0.65285	0.02104	0.00982	0.00281	0.00421	0.01753	0.00771	0.00701
36	0.01823	0.23284	0.48890	0.02100	0.03181	0.02314	0.02602	0.02590	0.01735	0.02439	0.01396	0.01635	0.01056	0.00767	0.00717	0.00239	0.01132	0.00566	0.00352	0.01182
37	0.00982	0.00842	0.00842	0.00842	0.01122	0.00701	0.00631	0.01192	0.01894	0.02244	0.08416	0.07995	0.65285	0.02104	0.00982	0.00281	0.00421	0.01753	0.00771	0.00701
38	0.02221	0.71304	0.04353	0.01421	0.02132	0.03287	0.01421	0.02488	0.01688	0.01955	0.01155	0.01333	0.01066	0.00711	0.00533	0.00178	0.00888	0.00444	0.00355	0.01066
39	0.01069	0.00870	0.00963	0.01010	0.01268	0.00764	0.00804	0.01321	0.01898	0.02303	0.07436	0.08331	0.50523	0.02151	0.01022	0.00305	0.00505	0.15972	0.00770	0.00717
40	0.01666	0.04297	0.66500	0.02368	0.03596	0.01929	0.03069	0.02631	0.01754	0.02631	0.01491	0.01754	0.01052	0.00789	0.00789	0.00263	0.01228	0.00614	0.00351	0.01228
41	0.03158	0.02327	0.02493	0.01911	0.02576	0.02576	0.01579	0.62852	0.03906	0.05236	0.01995	0.01995	0.01413	0.00997	0.00831	0.00249	0.00914	0.00748	0.00831	0.01413
42	0.03103	0.03959	0.02354	0.02140	0.02568	0.67469	0.01605	0.03317	0.02354	0.02033	0.01284	0.01498	0.01070	0.00856	0.00749	0.00214	0.01498	0.00535	0.00428	0.00963
43	0.01208	0.00805	0.00906	0.00906	0.00906	0.00805	0.00503	0.01208	0.01208	0.01611	0.02618	0.05436	0.03020	0.70804	0.04228	0.00805	0.00805	0.01208	0.00503	0.00503
44	0.02699	0.02511	0.02365	0.01967	0.02516	0.17485	0.04571	0.25295	0.24729	0.03738	0.02303	0.02282	0.01722	0.00995	0.00825	0.00254	0.00984	0.00778	0.00721	0.01259
45	0.01199	0.00841	0.01086	0.01086	0.01149	0.00903	0.00728	0.01324	0.01261	0.01744	0.02453	0.04524	0.02624	0.43682	0.30809	0.01028	0.01402	0.01075	0.00479	0.00603
46	0.02805	0.02890	0.02615	0.02772	0.17932	0.29417	0.01812	0.20062	0.06160	0.03188	0.01671	0.01865	0.01310	0.00883	0.00796	0.00236	0.01161	0.00668	0.00562	0.01196
47	0.01187	0.00890	0.01335	0.01335	0.01483	0.01038	0.01038	0.01483	0.01335	0.01928	0.02225	0.03264	0.02077	0.06231	0.67512	0.01335	0.02225	0.00890	0.00445	0.00742
48	0.01784	0.01779	0.03212	0.03640	0.32549	0.01711	0.19132	0.02275	0.01913	0.02596	0.03079	0.03622	0.14052	0.01071	0.00914	0.00269	0.00982	0.03806	0.00501	0.01114
49	0.01128	0.00847	0.01045	0.00995	0.01212	0.00764	0.00747	0.01476	0.02240	0.03066	0.51333	0.06642	0.21854	0.01797	0.00980	0.00266	0.00399	0.01564	0.00880	0.00764
50	0.01028	0.00843	0.00906	0.00890	0.01151	0.00721	0.00668	0.01282	0.02003	0.02504	0.21996	0.07567	0.51543	0.02007	0.00981	0.00276	0.00414	0.01693	0.00806	0.00721
51	0.02501	0.34395	0.12834	0.01780	0.02523	0.09950	0.01731	0.19705	0.02400	0.02993	0.01457	0.01601	0.01163	0.00820	0.00679	0.00215	0.01013	0.00565	0.00497	0.01177
52	0.01569	0.01477	0.02492	0.68808	0.05722	0.01846	0.02307	0.02123	0.01661	0.02123	0.01477	0.02215	0.01107	0.00831	0.00831	0.00277	0.01107	0.00738	0.00369	0.00923
53	0.01076	0.00822	0.00993	0.01028	0.01217	0.00738	0.00758	0.01343	0.01979	0.02604	0.26910	0.22645	0.27398	0.02096	0.01010	0.00293	0.00445	0.05097	0.00821	0.00727
54	0.01145	0.00870	0.01061	0.01110	0.01321	0.00799	0.00876	0.01437	0.01966	0.02544	0.20543	0.10742	0.28104	0.05128	0.01177	0.00332	0.00535	0.18788	0.00792	0.00730
55	0.05794	0.05996	0.18644	0.02437	0.03123	0.23202	0.16089	0.02772	0.01921	0.02398	0.01393	0.01756	0.01104	0.00862	0.01019	0.00259	0.09099	0.00672	0.00401	0.01059
56	0.00982	0.00842	0.00842	0.00842	0.01122	0.00701	0.00631	0.01192	0.01894	0.02244	0.08416	0.07995	0.65285	0.02104	0.00982	0.00281	0.00421	0.01753	0.00771	0.00701
57	0.01549	0.00774	0.00774	0.00774	0.00968	0.00774	0.00581	0.01936	0.01742	0.03097	0.02710	0.03097	0.02129	0.00968	0.00581	0.00194	0.00387	0.00774	0.75416	0.00774
58	0.01028	0.00837	0.00910	0.00905	0.01154	0.00719	0.00674	0.01277	0.01984	0.02490	0.21380	0.10787	0.48886	0.02036	0.00985	0.00279	0.00417	0.01726	0.00805	0.00719
59	0.02806	0.06746	0.02640	0.02629	0.13626	0.49299	0.01774	0.03070	0.02182	0.02147	0.01316	0.01606	0.01114	0.00861	0.00859	0.00226	0.05075	0.00577	0.00418	0.01027
60	0.03158	0.02327	0.02493	0.01911	0.02576	0.02576	0.01579	0.62852	0.03906	0.05236	0.01995	0.01995	0.01413	0.00997	0.00831	0.00249	0.00914	0.00748	0.00831	0.01413
61	0.01005	0.00752	0.00934	0.01080	0.01185	0.00681	0.00737	0.01165	0.01664	0.02151	0.05515	0.55070	0.20082	0.02481	0.01041	0.00324	0.00467	0.02213	0.00771	0.00681
62	0.03103	0.03959	0.02354	0.02140	0.02568	0.67469	0.01605	0.03317	0.02354	0.02033	0.01284	0.01498	0.01070	0.00856	0.00749	0.00214	0.01498	0.00535	0.00428	0.00963
63	0.09407	0.02426	0.02569	0.05609	0.18009	0.13757	0.01792	0.29556	0.02819	0.03784	0.01666	0.01874	0.01269	0.00882	0.00786	0.00244	0.01019	0.00681	0.00609	0.01242
64	0.02436	0.02790	0.02663	0.02875	0.17828	0.30713	0.01904	0.02708	0.01895	0.02188	0.01290	0.01736	0.01137	0.01019	0.01400	0.00270	0.23066	0.00647	0.00403	0.01032
65	0.01138	0.00808	0.01083	0.01258	0.01349	0.00780	0.00935	0.01349	0.01663	0.02196	0.04343	0.44251	0.05036	0.08622	0.01374	0.00394	0.00605	0.21383	0.00745	0.00689
66	0.01179	0.00927	0.01013	0.01011	0.01226	0.00876	0.00738	0.01554	0.07211	0.02289	0.09740	0.06963	0.35096	0.18773	0.01778	0.00417	0.00567	0.07202	0.00721	0.00718
67	0.01590	0.01251	0.01456	0.01397	0.01677	0.01358	0.01066	0.08526	0.19535	0.02802	0.03845	0.18393	0.09804	0.05833	0.13330	0.00515	0.00923	0.05030	0.00725	0.00945
68	0.01012	0.00723	0.00964	0.01157	0.01205	0.00675	0.00771	0.01157	0.01591	0.02121	0.04579	0.70262	0.05495	0.02603	0.01060	0.00337	0.00482	0.02362	0.00771	0.00675
69	0.12193	0.01597	0.01944	0.01509	0.02141	0.01535	0.01246	0.14212	0.02534	0.48130	0.02803	0.02507	0.01807	0.00993	0.00797	0.00256	0.00736	0.00775	0.00933	0.01353
70	0.02241	0.60978	0.04069	0.01533	0.02164	0.07259	0.01468	0.02497	0.01693	0.01963	0.01157	0.01386	0.01068	0.00785	0.00739	0.00196	0.06921	0.00475	0.00361	0.01046
71	0.02250	0.03480	0.48203	0.02116	0.03178	0.01729	0.02546	0.03033	0.01931	0.20643	0.01997	0.02058	0.01337	0.00857	0.00802	0.00261	0.01080	0.00677	0.00543	0.01280
72	0.01549	0.00774	0.00774	0.00774	0.00968	0.00774	0.00581	0.01936	0.01742	0.03097	0.02710	0.03097	0.02129	0.00968	0.00581	0.00194	0.00387	0.00774	0.75416	0.00774
73	0.01319	0.00950	0.01311	0.01491	0.01687	0.00942	0.01299	0.01691	0.01911	0.02473	0.04625	0.09293	0.08189	0.02284	0.01138	0.00377	0.00746	0.56748	0.00765	0.00761
74	0.01405	0.01211	0.01754	0.01628	0.01725	0.01560	0.01308	0.01662	0.01313	0.01953	0.01832	0.02763	0.01735	0.04577	0.45080	0.00999	0.25445	0.00834	0.00417	0.00800
75	0.01208	0.00805	0.00906	0.00906	0.00906	0.00805	0.00503	0.01208	0.01208	0.01611	0.02618	0.05436	0.03020	0.70804	0.04228	0.00805	0.00805	0.01208	0.00503	0.00503
76	0.01147	0.00875	0.01076	0.01134	0.01353	0.00804	0.00909	0.01454	0.01992	0.02575	0.20301	0.11235	0.28579	0.02097	0.01040	0.00313	0.00531	0.21040	0.00803	0.00741
77	0.01569	0.01477	0.02492	0.68808	0.05722	0.01846	0.02307	0.02123	0.01661	0.02123	0.01477	0.02215	0.01107	0.00831	0.00831	0.00277	0.01107	0.00738	0.00369	0.00923
78	0.01187	0.00890	0.01335	0.01335	0.01483	0.01038	0.01038	0.01483	0.01335	0.01928	0.02225	0.03264	0.02077	0.06231	0.67512	0.01335	0.02225	0.00890	0.00445	0.00742
79	0.02276	0.01476	0.01552	0.01289	0.01695	0.01589	0.01032	0.29485	0.02721	0.04064	0.02386	0.02599	0.01805	0.00981	0.00694	0.00219	0.00625	0.00762	0.41686	0.01063
80	0.01012	0.00848	0.00884	0.00891	0.01161	0.00720	0.00678	0.01242	0.01920	0.02319	0.11394	0.07969	0.58750	0.02092	0.00991	0.00285	0.00438	0.04917	0.00779	0.00709
81	0.02898	0.16762	0.02696	0.01851	0.02391	0.33249	0.01499	0.17308	0.02564	0.05671	0.01580	0.01714	0.01242	0.00873	0.00722	0.00216	0.01152	0.00592	0.03916	0.01102
82	0.01918	0.01833	0.03123	0.23152	0.48649	0.01938	0.02481	0.02429	0.01826	0.02546	0.01538	0.02101	0.01257	0.00766	0.00825	0.00255	0.01021	0.00740	0.00399	0.01205
83	0.01549	0.00774	0.00774	0.00774	0.00968	0.00774	0.00581	0.01936	0.01742	0.03097	0.02710	0.03097	0.02129	0.00968	0.00581	0.00194	0.00387	0.00774	0.75416	0.00774
84	0.01051	0.00854	0.01010	0.05218	0.01447	0.00778	0.00790	0.01291	0.01867	0.02349	0.14482	0.22235	0.39495	0.02090	0.00991	0.00291	0.00475	0.01802	0.00765	0.00720
85	0.02807	0.03397	0.02643	0.02979	0.20435	0.48910	0.01873	0.03100	0.02223	0.02226	0.01363	0.01656	0.01140	0.00823	0.00770	0.00223	0.01353	0.00593	0.00423	0.01063
86	0.01020	0.00786	0.00937	0.01051	0.01203	0.00703	0.00749	0.01207	0.01735	0.02194	0.06140	0.40918	0.29949	0.02379	0.01034	0.00317	0.00475	0.05740	0.00771	0.00691
87	0.01893	0.02732	0.24760	0.08178	0.40785	0.01951	0.02711	0.02550	0.01830	0.02649	0.01533	0.01963	0.01213	0.00763	0.00812	0.00254	0.01076	0.00697	0.00388	0.01261

[dist]
# distance from previous block
# <min> <max>
2	5

[block]
# block no. 1 follows, 22 sequences, length 20
# corresponding to MSA columns:
# 497-516
name=unknown_B
#
# <colnr> <probs for GDERKNQSTAVLIFYWHMCP>
#	G	D	E	R	K	N	Q	S	T	A	V	L	I	F	Y	W	H	M	C	P
0	0.02952	0.15481	0.02696	0.02017	0.02494	0.56489	0.01574	0.03175	0.02240	0.02020	0.01262	0.01470	0.01069	0.00831	0.00712	0.00208	0.01394	0.00520	0.00416	0.00981
1	0.01965	0.03456	0.37741	0.06707	0.03506	0.09109	0.09843	0.05621	0.08896	0.02750	0.01724	0.01977	0.01265	0.00836	0.00819	0.00262	0.01192	0.00700	0.00446	0.01184
2	0.02622	0.04909	0.02899	0.02149	0.02782	0.08658	0.13853	0.33624	0.02951	0.03852	0.02178	0.02331	0.05354	0.00982	0.00913	0.00250	0.03592	0.00814	0.00654	0.04632
3	0.01208	0.00805	0.00906	0.00906	0.00906	0.00805	0.00503	0.01208	0.01208	0.01611	0.02618	0.05436	0.03020	0.70804	0.04228	0.00805	0.00805	0.01208	0.00503	0.00503
4	0.01208	0.00805	0.00906	0.00906	0.00906	0.00805	0.00503	0.01208	0.01208	0.01611	0.02618	0.05436	0.03020	0.70804	0.04228	0.00805	0.00805	0.01208	0.00503	0.00503
5	0.02250	0.17958	0.07905	0.06632	0.27041	0.16287	0.02084	0.02655	0.01891	0.02325	0.01378	0.01750	0.01166	0.00804	0.00839	0.00233	0.04653	0.00620	0.00393	0.01137
6	0.03049	0.03471	0.02449	0.02276	0.06557	0.48891	0.01659	0.16513	0.02670	0.02789	0.01460	0.01644	0.01162	0.00880	0.00772	0.00224	0.01336	0.00595	0.00517	0.01085
7	0.01015	0.00796	0.00923	0.01019	0.01192	0.00704	0.00733	0.01207	0.01762	0.02204	0.06506	0.35378	0.35643	0.02333	0.01026	0.00311	0.00467	0.05317	0.00771	0.00693
8	0.03103	0.03959	0.02354	0.02140	0.02568	0.67469	0.01605	0.03317	0.02354	0.02033	0.01284	0.01498	0.01070	0.00856	0.00749	0.00214	0.01498	0.00535	0.00428	0.00963
9	0.01276	0.01088	0.01127	0.01075	0.01399	0.01062	0.00818	0.02054	0.18134	0.02628	0.10392	0.06616	0.45608	0.01826	0.00946	0.00280	0.00481	0.01527	0.00799	0.00866
10	0.00982	0.00842	0.00842	0.00842	0.01122	0.00701	0.00631	0.01192	0.01894	0.02244	0.08416	0.07995	0.65285	0.02104	0.00982	0.00281	0.00421	0.01753	0.00771	0.00701
11	0.01038	0.00820	0.00936	0.00958	0.01170	0.00717	0.00699	0.01282	0.01950	0.02499	0.22261	0.20141	0.38383	0.02100	0.00997	0.00287	0.00426	0.01812	0.00808	0.00717
12	0.02484	0.24007	0.06874	0.02681	0.18818	0.22230	0.01874	0.07298	0.02113	0.02460	0.01382	0.01644	0.01157	0.00788	0.00710	0.00217	0.01119	0.00581	0.00427	0.01135
13	0.01199	0.00997	0.01066	0.01022	0.01316	0.00941	0.00774	0.01796	0.12169	0.02666	0.19085	0.06832	0.43386	0.01862	0.00959	0.00277	0.00454	0.01569	0.00812	0.00818
14	0.01480	0.00781	0.00801	0.00801	0.00955	0.00781	0.00565	0.01788	0.01634	0.02796	0.02691	0.03571	0.02310	0.15107	0.01319	0.00317	0.00472	0.00862	0.60249	0.00719
15	0.01583	0.01149	0.01370	0.01357	0.01569	0.01180	0.00986	0.17556	0.02206	0.02949	0.03892	0.52116	0.04410	0.02176	0.00999	0.00314	0.00597	0.01933	0.00787	0.00871
16	0.02764	0.03317	0.02684	0.03098	0.22981	0.46266	0.01911	0.03069	0.02204	0.02254	0.01374	0.01679	0.01150	0.00819	0.00773	0.00225	0.01333	0.00601	0.00423	0.01077
17	0.01596	0.03460	0.49597	0.06526	0.03367	0.01734	0.02681	0.02420	0.01779	0.02570	0.02058	0.03273	0.01785	0.01086	0.00862	0.00287	0.01129	0.12238	0.00433	0.01117
18	0.02051	0.02097	0.02802	0.18410	0.35693	0.11986	0.02180	0.02596	0.05169	0.02491	0.01972	0.02386	0.04811	0.00873	0.00823	0.00252	0.01044	0.00774	0.00447	0.01140
19	0.01447	0.01483	0.05431	0.01671	0.04370	0.07116	0.05090	0.01809	0.01677	0.02234	0.09143	0.03719	0.09303	0.03952	0.36747	0.00838	0.01617	0.00998	0.00519	0.00837

[dist]
# distance from previous block
# <min> <max>
0	9

[block]
# block no. 2 follows, 22 sequences, length 24
# corresponding to MSA columns:
# 526-549
name=unknown_C
#
# <colnr> <probs for GDERKNQSTAVLIFYWHMCP>
#	G	D	E	R	K	N	Q	S	T	A	V	L	I	F	Y	W	H	M	C	P
0	0.06424	0.01008	0.01076	0.01068	0.01160	0.03823	0.00700	0.01445	0.01381	0.01954	0.05850	0.09370	0.03071	0.43830	0.13739	0.00766	0.01011	0.01174	0.00532	0.00617
1	0.01764	0.01601	0.01459	0.01378	0.01671	0.12210	0.01027	0.13098	0.02266	0.02782	0.07585	0.27112	0.19108	0.01839	0.00942	0.00282	0.00713	0.01558	0.00732	0.00873
2	0.02365	0.26839	0.15618	0.02382	0.12092	0.22906	0.01968	0.02784	0.01940	0.02224	0.01322	0.01575	0.01102	0.00776	0.00694	0.00216	0.01160	0.00550	0.00386	0.01103
3	0.02523	0.48432	0.03688	0.01648	0.02280	0.20269	0.01482	0.07083	0.02026	0.02213	0.01250	0.01425	0.01092	0.00770	0.00612	0.00193	0.01052	0.00490	0.00409	0.01064
4	0.02486	0.02018	0.02457	0.24652	0.06788	0.05212	0.01840	0.29348	0.08241	0.05829	0.01931	0.02175	0.01410	0.00934	0.00828	0.00260	0.00980	0.00754	0.00643	0.01213
5	0.01868	0.01236	0.01413	0.01266	0.01499	0.01278	0.00896	0.17763	0.02088	0.07360	0.02906	0.17741	0.03036	0.33115	0.02426	0.00521	0.00760	0.01298	0.00684	0.00846
6	0.01048	0.00758	0.01041	0.01194	0.01263	0.00750	0.00826	0.01224	0.01538	0.02081	0.04092	0.56406	0.04788	0.03353	0.14804	0.00544	0.00843	0.02057	0.00704	0.00689
7	0.01075	0.00842	0.01164	0.01211	0.01350	0.00772	0.04328	0.01255	0.01649	0.02143	0.05069	0.48993	0.17445	0.07046	0.01256	0.00354	0.00545	0.02077	0.00732	0.00695
8	0.01208	0.00805	0.00906	0.00906	0.00906	0.00805	0.00503	0.01208	0.01208	0.01611	0.02618	0.05436	0.03020	0.70804	0.04228	0.00805	0.00805	0.01208	0.00503	0.00503
9	0.01781	0.03498	0.42560	0.02808	0.03886	0.01996	0.26208	0.02643	0.01834	0.02643	0.01565	0.01943	0.01133	0.00755	0.00864	0.00270	0.01295	0.00756	0.00378	0.01186
10	0.01670	0.01579	0.02674	0.55631	0.18110	0.01872	0.02357	0.02211	0.01709	0.02245	0.01494	0.02182	0.01151	0.00812	0.00829	0.00271	0.01082	0.00739	0.00378	0.01004
11	0.06965	0.01689	0.01899	0.01601	0.02144	0.01809	0.01278	0.08170	0.35958	0.24394	0.03125	0.02834	0.02207	0.01065	0.00822	0.00270	0.00691	0.00864	0.00886	0.01331
12	0.01208	0.00805	0.00906	0.00906	0.00906	0.00805	0.00503	0.01208	0.01208	0.01611	0.02618	0.05436	0.03020	0.70804	0.04228	0.00805	0.00805	0.01208	0.00503	0.00503
13	0.01132	0.00773	0.00929	0.01003	0.01022	0.00755	0.00607	0.01188	0.01357	0.01809	0.03380	0.30631	0.03982	0.44297	0.02997	0.00624	0.00680	0.01656	0.00607	0.00570
14	0.01966	0.01397	0.01523	0.01297	0.01555	0.01494	0.00921	0.25166	0.02257	0.03020	0.02375	0.04099	0.02395	0.43674	0.02908	0.00589	0.00848	0.01029	0.00631	0.00857
15	0.01153	0.00782	0.00922	0.00976	0.00990	0.00769	0.00579	0.01194	0.01315	0.01754	0.03168	0.23626	0.03714	0.51668	0.03339	0.00674	0.00715	0.01532	0.00579	0.00551
16	0.01018	0.00843	0.00892	0.00879	0.01144	0.00717	0.00660	0.01262	0.01979	0.02446	0.18974	0.07662	0.54601	0.02028	0.00981	0.00277	0.00415	0.01707	0.00798	0.00717
17	0.00999	0.00776	0.00910	0.01017	0.01168	0.00687	0.00709	0.01172	0.01725	0.02176	0.06282	0.42622	0.32036	0.02381	0.01025	0.00312	0.00455	0.02092	0.00771	0.00687
18	0.02005	0.45262	0.28507	0.01789	0.02701	0.02759	0.02062	0.02543	0.01714	0.02217	0.01285	0.01496	0.01061	0.00741	0.00633	0.00211	0.01020	0.00510	0.00354	0.01129
19	0.01010	0.00730	0.00957	0.01139	0.01200	0.00676	0.00763	0.01159	0.01607	0.02128	0.04791	0.66822	0.08798	0.02575	0.01056	0.00334	0.00479	0.02328	0.00771	0.00676
20	0.02605	0.29874	0.03154	0.01866	0.02352	0.34655	0.01559	0.02835	0.01964	0.01998	0.01210	0.01473	0.01071	0.00872	0.00905	0.00218	0.09478	0.00523	0.00392	0.00997
21	0.02593	0.03060	0.02501	0.02828	0.19170	0.42035	0.01787	0.02891	0.02108	0.02201	0.01472	0.01860	0.01257	0.01477	0.08861	0.00359	0.01451	0.00633	0.00426	0.01030
22	0.02503	0.02531	0.01935	0.01680	0.02121	0.28473	0.01301	0.19608	0.02663	0.03099	0.05762	0.03302	0.15138	0.01202	0.00822	0.00239	0.00997	0.00908	0.04697	0.01017
23	0.01287	0.00981	0.01141	0.01142	0.01354	0.00957	0.00844	0.05080	0.06791	0.02628	0.15829	0.20780	0.21349	0.09363	0.01341	0.00353	0.00547	0.06674	0.00777	0.00783

[dist]
# distance from previous block
# <min> <max>
0	1

[block]
# block no. 3 follows, 22 sequences, length 41
# corresponding to MSA columns:
# 551-591
name=unknown_D
#
# <colnr> <probs for GDERKNQSTAVLIFYWHMCP>
#	G	D	E	R	K	N	Q	S	T	A	V	L	I	F	Y	W	H	M	C	P
0	0.02650	0.17108	0.05198	0.02222	0.06886	0.39810	0.05033	0.02957	0.02104	0.02164	0.01319	0.01568	0.01107	0.00792	0.00716	0.00208	0.01268	0.00556	0.00413	0.05919
1	0.01104	0.00796	0.00902	0.00945	0.01030	0.00749	0.00597	0.01192	0.01475	0.01893	0.04588	0.20692	0.19997	0.37346	0.02660	0.00562	0.00631	0.01611	0.00634	0.00594
2	0.01338	0.01050	0.01371	0.01583	0.05759	0.01031	0.01219	0.01820	0.06347	0.02504	0.05261	0.08062	0.21260	0.02057	0.01058	0.00338	0.00676	0.35695	0.00749	0.00822
3	0.02016	0.27453	0.12795	0.01611	0.02222	0.16324	0.01550	0.02376	0.01898	0.02168	0.02940	0.03280	0.14751	0.01135	0.00749	0.00232	0.00969	0.04076	0.00480	0.00976
4	0.01126	0.00914	0.01120	0.01310	0.05430	0.00848	0.00858	0.01443	0.05201	0.02287	0.05940	0.35728	0.30370	0.02188	0.01000	0.00304	0.00499	0.01919	0.00752	0.00763
5	0.01443	0.00722	0.01082	0.01082	0.01082	0.00722	0.00722	0.01082	0.01082	0.01443	0.01443	0.02525	0.01443	0.02886	0.03247	0.75830	0.00722	0.00722	0.00361	0.00361
6	0.02163	0.02177	0.03268	0.04796	0.59162	0.08684	0.02453	0.02628	0.01939	0.02644	0.01534	0.01999	0.01291	0.00752	0.00815	0.00243	0.01039	0.00719	0.00413	0.01280
7	0.21708	0.01783	0.01671	0.04877	0.09010	0.11505	0.01228	0.06456	0.01946	0.02853	0.03599	0.03685	0.21104	0.01439	0.03525	0.00301	0.00849	0.00954	0.00583	0.00925
8	0.01187	0.00890	0.01335	0.01335	0.01483	0.01038	0.01038	0.01483	0.01335	0.01928	0.02225	0.03264	0.02077	0.06231	0.67512	0.01335	0.02225	0.00890	0.00445	0.00742
9	0.02198	0.13079	0.10416	0.03781	0.39361	0.12225	0.02291	0.02667	0.01916	0.02485	0.01450	0.01827	0.01211	0.00759	0.00763	0.00233	0.01077	0.00650	0.00399	0.01214
10	0.02262	0.02199	0.02210	0.02470	0.16866	0.17878	0.01577	0.03229	0.21519	0.06335	0.08219	0.03042	0.06431	0.01079	0.00837	0.00254	0.00905	0.00891	0.00653	0.01147
11	0.01800	0.07995	0.58468	0.02299	0.03441	0.06684	0.02873	0.02672	0.01793	0.02551	0.01457	0.01712	0.01054	0.00790	0.00772	0.00255	0.01228	0.00599	0.00357	0.01200
12	0.01114	0.00795	0.01080	0.01273	0.01365	0.00762	0.00947	0.01332	0.01690	0.02234	0.04523	0.51359	0.05273	0.02507	0.01087	0.00351	0.00570	0.20264	0.00769	0.00703
13	0.02083	0.01180	0.01317	0.01146	0.01531	0.01157	0.00902	0.07864	0.09076	0.16833	0.04248	0.04146	0.17626	0.01281	0.00786	0.00244	0.00542	0.01044	0.25984	0.01012
14	0.02331	0.06160	0.02253	0.01862	0.02243	0.21103	0.01476	0.07144	0.22989	0.02730	0.02438	0.02528	0.05603	0.01141	0.01169	0.00270	0.14075	0.00793	0.00600	0.01090
15	0.01208	0.00805	0.00906	0.00906	0.00906	0.00805	0.00503	0.01208	0.01208	0.01611	0.02618	0.05436	0.03020	0.70804	0.04228	0.00805	0.00805	0.01208	0.00503	0.00503
16	0.01151	0.00854	0.01246	0.01280	0.01412	0.00949	0.00968	0.01424	0.01453	0.02060	0.06861	0.16809	0.03139	0.05208	0.49867	0.01065	0.01756	0.01224	0.00541	0.00731
17	0.02079	0.01778	0.01940	0.01812	0.05125	0.02001	0.01349	0.07918	0.52206	0.03473	0.03336	0.03125	0.04936	0.01120	0.00840	0.00272	0.00678	0.00933	0.00807	0.04274
18	0.02713	0.02052	0.02185	0.01764	0.02336	0.02294	0.01428	0.40847	0.21945	0.04551	0.02465	0.02407	0.01803	0.01034	0.00817	0.00255	0.00799	0.00808	0.06160	0.01338
19	0.01034	0.00746	0.00985	0.01167	0.01238	0.00696	0.00805	0.01199	0.01629	0.02153	0.04760	0.62768	0.08466	0.02555	0.01063	0.00338	0.00499	0.06448	0.00771	0.00683
20	0.04651	0.00960	0.01128	0.01191	0.01364	0.00945	0.00846	0.08111	0.01887	0.02559	0.04713	0.50175	0.13822	0.02266	0.00998	0.00315	0.00528	0.02004	0.00766	0.00771
21	0.01799	0.01732	0.02221	0.01941	0.02001	0.05810	0.01594	0.02016	0.01391	0.02117	0.01390	0.02080	0.01299	0.01820	0.08530	0.00429	0.51454	0.00737	0.08757	0.00881
22	0.01011	0.00808	0.00910	0.00985	0.01182	0.00706	0.00717	0.01209	0.01792	0.02216	0.06906	0.29043	0.41870	0.02282	0.01017	0.00305	0.00460	0.05113	0.00771	0.00696
23	0.00999	0.00824	0.00878	0.00903	0.01142	0.00703	0.00662	0.01211	0.01877	0.02296	0.11540	0.17345	0.52443	0.02153	0.00994	0.00288	0.00428	0.01829	0.00781	0.00703
24	0.03036	0.02266	0.02424	0.01887	0.02530	0.02519	0.01549	0.56325	0.10631	0.05039	0.02149	0.02118	0.01538	0.01012	0.00833	0.00253	0.00885	0.00769	0.00833	0.01402
25	0.01294	0.00932	0.01120	0.01101	0.01230	0.00959	0.00765	0.05367	0.01568	0.02081	0.03521	0.08862	0.11981	0.34900	0.17356	0.00766	0.01054	0.03896	0.00578	0.00667
26	0.01888	0.01837	0.02537	0.02148	0.02319	0.02398	0.05717	0.02637	0.16772	0.02406	0.01693	0.02161	0.01457	0.01324	0.02148	0.00338	0.47916	0.00796	0.00486	0.01023
27	0.01065	0.00804	0.00991	0.01126	0.01242	0.00757	0.00775	0.01344	0.05111	0.02219	0.05243	0.54680	0.16722	0.02426	0.01033	0.00323	0.00480	0.02167	0.00775	0.00715
28	0.02868	0.02183	0.02330	0.01853	0.02466	0.02441	0.01509	0.47340	0.19890	0.04768	0.02363	0.02288	0.01711	0.01032	0.00835	0.00258	0.00846	0.00799	0.00835	0.01387
29	0.01279	0.01771	0.17519	0.01716	0.02143	0.01143	0.08242	0.01687	0.01672	0.02306	0.03496	0.45819	0.03929	0.01944	0.00985	0.00313	0.00768	0.01778	0.00629	0.00861
30	0.01159	0.00810	0.01045	0.01177	0.01248	0.00790	0.00837	0.01322	0.01556	0.02058	0.03921	0.34030	0.04536	0.23746	0.02069	0.00495	0.00657	0.17211	0.00686	0.00645
31	0.02513	0.06487	0.02272	0.09393	0.02686	0.43918	0.01564	0.02784	0.02044	0.02019	0.01483	0.01915	0.01271	0.01896	0.13789	0.00438	0.01566	0.00623	0.00421	0.00921
32	0.06889	0.27671	0.13000	0.01833	0.02501	0.06910	0.10818	0.02397	0.01834	0.02458	0.10108	0.02435	0.02112	0.04665	0.00916	0.00260	0.00973	0.00744	0.00464	0.01012
33	0.01365	0.01062	0.01178	0.01139	0.01428	0.01014	0.00883	0.10635	0.02172	0.02750	0.08647	0.17086	0.36996	0.02020	0.00990	0.00295	0.00543	0.08196	0.00785	0.00816
34	0.01006	0.00749	0.00937	0.01088	0.01187	0.00681	0.00741	0.01164	0.01656	0.02148	0.05413	0.56729	0.18490	0.02494	0.01043	0.00325	0.00469	0.02229	0.00771	0.00681
35	0.02550	0.03106	0.07206	0.03052	0.22747	0.34554	0.01979	0.03145	0.09062	0.02454	0.01622	0.01874	0.01311	0.00845	0.00786	0.00236	0.01222	0.00651	0.00464	0.01134
36	0.02487	0.03470	0.17054	0.02355	0.09348	0.37948	0.01929	0.02923	0.02098	0.02362	0.01521	0.01795	0.01211	0.00841	0.00747	0.00227	0.01257	0.00602	0.08784	0.01041
37	0.01040	0.00790	0.00900	0.00971	0.01107	0.00713	0.00656	0.01183	0.01638	0.02066	0.05790	0.30323	0.30260	0.16707	0.01692	0.00412	0.00524	0.01862	0.00715	0.00650
38	0.02024	0.01941	0.03314	0.09315	0.61658	0.01965	0.02534	0.02521	0.01876	0.02675	0.01557	0.02067	0.01302	0.00746	0.00823	0.00249	0.00995	0.00740	0.00408	0.01290
39	0.09438	0.02946	0.13633	0.02803	0.17329	0.21445	0.06018	0.06001	0.07557	0.02785	0.01619	0.01873	0.01267	0.00830	0.00779	0.00246	0.01142	0.00664	0.00476	0.01148
40	0.01946	0.21251	0.26483	0.02901	0.17229	0.02326	0.11567	0.02579	0.01799	0.02475	0.01447	0.01784	0.01147	0.00744	0.00758	0.00239	0.01110	0.00653	0.00376	0.01188

[dist]
# distance from previous block
# <min> <max>
2	6

[block]
# block no. 4 follows, 22 sequences, length 30
# corresponding to MSA columns:
# 598-627
name=unknown_E
#
# <colnr> <probs for GDERKNQSTAVLIFYWHMCP>
#	G	D	E	R	K	N	Q	S	T	A	V	L	I	F	Y	W	H	M	C	P
0	0.02362	0.21635	0.06572	0.01557	0.02088	0.17811	0.01371	0.11795	0.02206	0.02822	0.01749	0.01969	0.01401	0.00863	0.00659	0.00207	0.00927	0.00611	0.20368	0.01027
1	0.02393	0.02469	0.01874	0.01637	0.02076	0.27754	0.01266	0.18096	0.02601	0.02939	0.03906	0.03847	0.23101	0.01319	0.00850	0.00246	0.00978	0.01007	0.00650	0.00991
2	0.02069	0.08260	0.02440	0.20830	0.06175	0.13170	0.01720	0.10558	0.02035	0.02523	0.01845	0.09580	0.01697	0.01442	0.05219	0.00334	0.07754	0.00868	0.00492	0.00988
3	0.01951	0.05941	0.02089	0.01665	0.01975	0.01910	0.01365	0.19800	0.02107	0.02922	0.01882	0.02502	0.01636	0.03462	0.31727	0.00763	0.13983	0.00790	0.00539	0.00991
4	0.01236	0.01049	0.01217	0.01202	0.01448	0.01069	0.00965	0.01649	0.06797	0.02366	0.06362	0.07203	0.40535	0.01993	0.01200	0.00311	0.08179	0.13702	0.00731	0.00787
5	0.01904	0.02073	0.03970	0.02979	0.03487	0.02276	0.38564	0.02399	0.01688	0.02399	0.01447	0.02073	0.01193	0.00998	0.01671	0.00313	0.28248	0.00880	0.00398	0.01037
6	0.01140	0.00953	0.01156	0.01310	0.07040	0.00849	0.00878	0.01424	0.01990	0.02527	0.19377	0.07162	0.44052	0.01907	0.00976	0.00279	0.00486	0.04949	0.00768	0.00778
7	0.68307	0.01514	0.01171	0.01057	0.01535	0.01742	0.00864	0.02386	0.01450	0.03657	0.01330	0.01544	0.01037	0.00793	0.00522	0.00250	0.00614	0.00486	0.08854	0.00886
8	0.01516	0.00785	0.00825	0.00825	0.01015	0.00798	0.00622	0.01895	0.01705	0.02991	0.02666	0.03112	0.02125	0.01446	0.06660	0.00297	0.00554	0.00785	0.68607	0.00771
9	0.02846	0.02448	0.08416	0.02464	0.12790	0.02421	0.01869	0.47732	0.03388	0.04596	0.01880	0.01983	0.01365	0.00937	0.00826	0.00250	0.00954	0.00735	0.00720	0.01381
10	0.01483	0.01343	0.02206	0.44742	0.11258	0.01566	0.01949	0.01928	0.01669	0.02188	0.02264	0.19268	0.02231	0.01265	0.00887	0.00289	0.00937	0.01146	0.00475	0.00904
11	0.01056	0.00865	0.00945	0.00984	0.01246	0.00754	0.00778	0.01302	0.01897	0.02294	0.07583	0.08280	0.52741	0.02144	0.01016	0.00302	0.00492	0.13836	0.00770	0.00715
12	0.02056	0.01974	0.03372	0.05099	0.65622	0.01974	0.02550	0.02550	0.01892	0.02714	0.01563	0.02056	0.01316	0.00740	0.00822	0.00247	0.00987	0.00740	0.00411	0.01316
13	0.01009	0.00820	0.00895	0.00924	0.01151	0.00706	0.00675	0.01228	0.01888	0.02343	0.14081	0.19474	0.47608	0.02152	0.00996	0.00289	0.00429	0.01839	0.00787	0.00706
14	0.00997	0.00842	0.00862	0.00857	0.01131	0.00708	0.00643	0.01221	0.01928	0.02327	0.12724	0.07859	0.60926	0.02073	0.00982	0.00279	0.00419	0.01734	0.00782	0.00708
15	0.01666	0.04297	0.66500	0.02368	0.03596	0.01929	0.03069	0.02631	0.01754	0.02631	0.01491	0.01754	0.01052	0.00789	0.00789	0.00263	0.01228	0.00614	0.00351	0.01228
16	0.01006	0.00843	0.00875	0.00867	0.01137	0.00712	0.00650	0.01239	0.01950	0.02379	0.15437	0.07774	0.58180	0.02054	0.00982	0.00278	0.00417	0.01722	0.00789	0.00712
17	0.16475	0.09071	0.01778	0.01224	0.01738	0.01458	0.01023	0.03048	0.01964	0.31685	0.02507	0.02456	0.01751	0.00930	0.00679	0.00232	0.00635	0.00705	0.19520	0.01120
18	0.01149	0.00781	0.00923	0.00981	0.00996	0.00766	0.00584	0.01193	0.01323	0.01764	0.03206	0.24888	0.03763	0.50340	0.03278	0.00665	0.00708	0.01554	0.00584	0.00555
19	0.02455	0.53430	0.03823	0.01612	0.02248	0.20322	0.01470	0.02708	0.01865	0.01975	0.01189	0.01377	0.01067	0.00749	0.00590	0.00187	0.01050	0.00468	0.00375	0.01039
20	0.01053	0.00754	0.01000	0.01129	0.01214	0.00702	0.00774	0.01259	0.01779	0.02421	0.19599	0.54386	0.06075	0.02379	0.01040	0.00319	0.00460	0.02149	0.00807	0.00702
21	0.01571	0.01141	0.01366	0.01332	0.01553	0.01165	0.00975	0.16685	0.02265	0.03052	0.11426	0.45214	0.04760	0.02088	0.00993	0.00306	0.00579	0.01851	0.00804	0.00873
22	0.01007	0.00742	0.00944	0.01106	0.01192	0.00679	0.00749	0.01162	0.01639	0.02141	0.05195	0.60266	0.15093	0.02523	0.01048	0.00328	0.00472	0.02264	0.00771	0.00679
23	0.01588	0.01413	0.01825	0.02323	0.19341	0.06346	0.01358	0.01868	0.01774	0.02363	0.08427	0.18115	0.03459	0.14324	0.01536	0.00377	0.00792	0.07810	0.00594	0.04370
24	0.01066	0.00862	0.00963	0.01017	0.01266	0.00759	0.00803	0.01314	0.01883	0.02294	0.07292	0.11378	0.48257	0.02173	0.01024	0.00307	0.00504	0.15352	0.00770	0.00715
25	0.01197	0.00801	0.00909	0.00920	0.00923	0.00798	0.00519	0.01205	0.01230	0.01640	0.02730	0.09151	0.03162	0.66896	0.04047	0.00779	0.00787	0.01274	0.00519	0.00513
26	0.02244	0.02491	0.03388	0.08901	0.26582	0.18454	0.17269	0.02709	0.01976	0.02448	0.01492	0.01963	0.01213	0.00802	0.00938	0.00255	0.04587	0.00748	0.00412	0.01127
27	0.02480	0.03505	0.22470	0.02166	0.02833	0.27717	0.02073	0.11797	0.04544	0.02743	0.01509	0.01746	0.01171	0.00933	0.00997	0.00254	0.08844	0.00627	0.00472	0.01119
28	0.01129	0.00926	0.00984	0.00956	0.01219	0.00846	0.00708	0.01546	0.07567	0.02482	0.16632	0.07069	0.45639	0.07163	0.01215	0.00317	0.00467	0.01598	0.00781	0.00755
29	0.01991	0.27247	0.19207	0.13844	0.08817	0.07580	0.02066	0.02505	0.01774	0.02283	0.01417	0.01756	0.01143	0.00778	0.00695	0.00226	0.01046	0.00588	0.03955	0.01082

[dist]
# distance from previous block
# <min> <max>
0	36

[block]
# block no. 5 follows, 22 sequences, length 7
# corresponding to MSA columns:
# 664-670
name=unknown_F
#
# <colnr> <probs for GDERKNQSTAVLIFYWHMCP>
#	G	D	E	R	K	N	Q	S	T	A	V	L	I	F	Y	W	H	M	C	P
0	0.01904	0.03052	0.28769	0.03056	0.14273	0.05781	0.16062	0.02570	0.01788	0.02526	0.01476	0.01910	0.01151	0.00861	0.01118	0.00276	0.11155	0.00730	0.00383	0.01158
1	0.01000	0.00842	0.00866	0.00860	0.01133	0.00709	0.00645	0.01227	0.01935	0.02344	0.13612	0.07831	0.60026	0.02067	0.00982	0.00279	0.00418	0.01730	0.00785	0.00709
2	0.02330	0.06246	0.13326	0.02322	0.06662	0.20825	0.10731	0.08553	0.02165	0.02703	0.01493	0.01767	0.01174	0.00775	0.00766	0.00218	0.01150	0.00634	0.00461	0.15699
3	0.02357	0.09329	0.02090	0.01698	0.02036	0.35219	0.01275	0.06188	0.02082	0.02183	0.02142	0.15573	0.02222	0.10528	0.01259	0.00316	0.01111	0.00989	0.00523	0.00883
4	0.01391	0.01084	0.01188	0.01074	0.01392	0.01029	0.00829	0.11270	0.02353	0.03047	0.24053	0.06499	0.38085	0.01806	0.00957	0.00270	0.00492	0.01517	0.00823	0.00841
5	0.02510	0.17755	0.21886	0.01967	0.02784	0.09477	0.01991	0.25759	0.02629	0.03422	0.01590	0.01729	0.01195	0.00859	0.00746	0.00234	0.01064	0.00621	0.00544	0.01236
6	0.02263	0.02027	0.02418	0.02212	0.08765	0.08856	0.08136	0.19821	0.07989	0.03358	0.02715	0.03514	0.06534	0.01161	0.00873	0.00260	0.00929	0.09122	0.00656	0.08390

[dist]
# distance from previous block
# <min> <max>
0	14

[block]
# block no. 6 follows, 22 sequences, length 32
# corresponding to MSA columns:
# 685-716
name=unknown_G
#
# <colnr> <probs for GDERKNQSTAVLIFYWHMCP>
#	G	D	E	R	K	N	Q	S	T	A	V	L	I	F	Y	W	H	M	C	P
0	0.01027	0.00757	0.00932	0.01063	0.01155	0.00695	0.00713	0.01170	0.01614	0.02092	0.05181	0.50040	0.17920	0.09865	0.01386	0.00376	0.00504	0.02108	0.00742	0.00662
1	0.01673	0.14924	0.23787	0.01734	0.02520	0.01795	0.05226	0.02304	0.04661	0.02486	0.02902	0.03185	0.13077	0.01053	0.00776	0.00234	0.00885	0.02977	0.00494	0.13308
2	0.02517	0.29377	0.05999	0.01782	0.02355	0.27554	0.01547	0.06758	0.05618	0.02313	0.01471	0.01685	0.01239	0.01174	0.05054	0.00282	0.01214	0.00564	0.00447	0.01049
3	0.01758	0.12839	0.02292	0.01671	0.01912	0.06261	0.01386	0.04985	0.01570	0.02125	0.01657	0.02361	0.01534	0.03367	0.30568	0.00744	0.20914	0.00741	0.00426	0.00890
4	0.01033	0.00844	0.00913	0.00896	0.01154	0.00723	0.00672	0.01292	0.02015	0.02533	0.23518	0.07519	0.50002	0.01996	0.00981	0.00275	0.00413	0.01687	0.00809	0.00723
5	0.02780	0.03544	0.12783	0.02054	0.02638	0.41743	0.01777	0.13070	0.02477	0.02732	0.01525	0.01722	0.01190	0.00876	0.00759	0.00227	0.01287	0.00598	0.05145	0.01070
6	0.01606	0.01591	0.01369	0.01331	0.01577	0.16060	0.00979	0.02000	0.06153	0.02594	0.23648	0.19919	0.14489	0.01740	0.00937	0.00272	0.00687	0.01482	0.00743	0.00821
7	0.01064	0.00861	0.00960	0.01014	0.01262	0.00757	0.00798	0.01309	0.01881	0.02292	0.07293	0.11846	0.48267	0.02175	0.01024	0.00307	0.00502	0.14904	0.00770	0.00714
8	0.01035	0.00837	0.00920	0.00914	0.01159	0.00722	0.00680	0.01290	0.01998	0.02526	0.23296	0.11115	0.46549	0.02025	0.00986	0.00279	0.00417	0.01722	0.00809	0.00722
9	0.05732	0.15096	0.03426	0.03463	0.31314	0.15340	0.09020	0.02700	0.01933	0.02479	0.01427	0.01800	0.01195	0.00755	0.00759	0.00232	0.01103	0.00659	0.00410	0.01158
10	0.02109	0.02504	0.10199	0.02993	0.13401	0.09888	0.22822	0.03185	0.18511	0.02808	0.02046	0.02298	0.01563	0.00849	0.00870	0.00265	0.01129	0.00838	0.00525	0.01197
11	0.01185	0.00839	0.01062	0.01062	0.01136	0.00886	0.00712	0.01310	0.01300	0.01771	0.02846	0.04789	0.06692	0.42209	0.27691	0.00970	0.01312	0.01124	0.00499	0.00605
12	0.01895	0.29434	0.35245	0.01986	0.02871	0.02518	0.02294	0.02501	0.01671	0.02298	0.01315	0.01602	0.01062	0.00839	0.00924	0.00243	0.09256	0.00563	0.00354	0.01128
13	0.01883	0.21321	0.02513	0.01588	0.01901	0.09172	0.01316	0.05064	0.01740	0.02175	0.02420	0.15491	0.06204	0.04066	0.03776	0.00330	0.16598	0.01034	0.00505	0.00905
14	0.01003	0.00842	0.00871	0.00864	0.01135	0.00710	0.00648	0.01233	0.01943	0.02362	0.14549	0.07802	0.59079	0.02060	0.00982	0.00278	0.00418	0.01726	0.00787	0.00710
15	0.01723	0.01477	0.01723	0.01230	0.01969	0.01107	0.00984	0.02092	0.01723	0.02707	0.01477	0.01723	0.01230	0.00615	0.00615	0.00123	0.00615	0.00492	0.00492	0.75883
16	0.02201	0.67931	0.04265	0.01458	0.02135	0.03251	0.01441	0.02464	0.01668	0.01957	0.01152	0.01356	0.01067	0.00747	0.00640	0.00187	0.04209	0.00458	0.00356	0.01058
17	0.01033	0.00844	0.00913	0.00896	0.01154	0.00723	0.00672	0.01292	0.02015	0.02533	0.23518	0.07519	0.50002	0.01996	0.00981	0.00275	0.00413	0.01687	0.00809	0.00723
18	0.01666	0.04297	0.66500	0.02368	0.03596	0.01929	0.03069	0.02631	0.01754	0.02631	0.01491	0.01754	0.01052	0.00789	0.00789	0.00263	0.01228	0.00614	0.00351	0.01228
19	0.00982	0.00842	0.00842	0.00842	0.01122	0.00701	0.00631	0.01192	0.01894	0.02244	0.08416	0.07995	0.65285	0.02104	0.00982	0.00281	0.00421	0.01753	0.00771	0.00701
20	0.02056	0.01974	0.03372	0.05099	0.65622	0.01974	0.02550	0.02550	0.01892	0.02714	0.01563	0.02056	0.01316	0.00740	0.00822	0.00247	0.00987	0.00740	0.00411	0.01316
21	0.01998	0.01914	0.03266	0.12736	0.58442	0.01958	0.02520	0.02498	0.01864	0.02643	0.01552	0.02075	0.01291	0.00751	0.00823	0.00250	0.01001	0.00740	0.00406	0.01269
22	0.02056	0.01974	0.03372	0.05099	0.65622	0.01974	0.02550	0.02550	0.01892	0.02714	0.01563	0.02056	0.01316	0.00740	0.00822	0.00247	0.00987	0.00740	0.00411	0.01316
23	0.01075	0.00910	0.00941	0.00942	0.01228	0.00806	0.00722	0.01435	0.05917	0.02340	0.07827	0.07769	0.57264	0.02053	0.00984	0.00287	0.00459	0.05520	0.00776	0.00745
