[name]
unknown

[dist]
# distance from previous block
# <min> <max>
0	2

[block]
# block no. 0 follows, 22 sequences, length 54
# corresponding to MSA columns:
# 2-55
name=unknown_A
#
# <colnr> <probs for GDERKNQSTAVLIFYWHMCP>
#	G	D	E	R	K	N	Q	S	T	A	V	L	I	F	Y	W	H	M	C	P
0	0.01399	0.01573	0.13373	0.01685	0.02067	0.01136	0.01658	0.01889	0.01883	0.02513	0.03862	0.07964	0.04092	0.02017	0.01081	0.00360	0.00850	0.49057	0.00688	0.00850
1	0.22970	0.03533	0.47959	0.02006	0.03031	0.01911	0.02453	0.02577	0.01657	0.02942	0.01396	0.01639	0.01009	0.00784	0.00711	0.00261	0.01062	0.00567	0.00397	0.01135
2	0.01802	0.03909	0.55328	0.02656	0.10704	0.01974	0.02919	0.06266	0.01900	0.02798	0.01530	0.01803	0.01105	0.00796	0.00796	0.00260	0.01181	0.00637	0.00387	0.01249
3	0.02503	0.02279	0.02384	0.06389	0.11955	0.12138	0.01677	0.20438	0.24614	0.03561	0.02283	0.02334	0.01727	0.00974	0.00822	0.00257	0.00934	0.00782	0.00685	0.01266
4	0.01806	0.00929	0.01231	0.01219	0.01430	0.00845	0.00868	0.01984	0.01770	0.20261	0.03982	0.43615	0.04232	0.10040	0.01363	0.00369	0.00583	0.01795	0.00813	0.00865
5	0.03158	0.02327	0.02493	0.01911	0.02576	0.02576	0.01579	0.62852	0.03906	0.05236	0.01995	0.01995	0.01413	0.00997	0.00831	0.00249	0.00914	0.00748	0.00831	0.01413
6	0.01960	0.39768	0.33602	0.01867	0.02821	0.02648	0.02197	0.02555	0.01719	0.02273	0.01313	0.01531	0.01060	0.00748	0.00654	0.00218	0.01048	0.00524	0.00353	0.01142
7	0.07193	0.01736	0.02753	0.34491	0.29177	0.01942	0.02260	0.05991	0.01872	0.02661	0.01520	0.02077	0.01194	0.00800	0.00805	0.00262	0.01015	0.00719	0.00424	0.01108
8	0.01187	0.00890	0.01335	0.01335	0.01483	0.01038	0.01038	0.01483	0.01335	0.01928	0.02225	0.03264	0.02077	0.06231	0.67512	0.01335	0.02225	0.00890	0.00445	0.00742
9	0.01185	0.00837	0.01054	0.01007	0.01148	0.00790	0.00706	0.01468	0.02034	0.02854	0.47811	0.05992	0.06501	0.20887	0.01882	0.00412	0.00507	0.01421	0.00800	0.00706
10	0.03158	0.02327	0.02493	0.01911	0.02576	0.02576	0.01579	0.62852	0.03906	0.05236	0.01995	0.01995	0.01413	0.00997	0.00831	0.00249	0.00914	0.00748	0.00831	0.01413
11	0.01208	0.00805	0.00906	0.00906	0.00906	0.00805	0.00503	0.01208	0.01208	0.01611	0.02618	0.05436	0.03020	0.70804	0.04228	0.00805	0.00805	0.01208	0.00503	0.00503
12	0.01863	0.02194	0.08397	0.17720	0.08943	0.02025	0.41258	0.02534	0.01877	0.02546	0.01615	0.02189	0.01217	0.00737	0.00924	0.00276	0.01296	0.00886	0.00404	0.01099
13	0.03047	0.08542	0.02513	0.02061	0.02538	0.54964	0.01589	0.10549	0.02497	0.02420	0.01362	0.01547	0.01112	0.00863	0.00744	0.00216	0.01383	0.00555	0.00472	0.01025
14	0.02705	0.26752	0.03073	0.06326	0.02630	0.31238	0.01585	0.11869	0.02311	0.02492	0.01359	0.01563	0.01123	0.00825	0.00692	0.00211	0.01174	0.00549	0.00459	0.01063
15	0.01897	0.01460	0.01664	0.01450	0.01865	0.01470	0.01110	0.19547	0.09378	0.03294	0.03064	0.28952	0.03111	0.01566	0.00879	0.00262	0.00654	0.01353	0.00740	0.16283
16	0.01751	0.01652	0.02653	0.03890	0.47303	0.01612	0.02005	0.02164	0.01892	0.02581	0.03509	0.03743	0.19485	0.01128	0.00868	0.00256	0.00826	0.01028	0.00514	0.01141
17	0.01868	0.02799	0.22255	0.03100	0.03999	0.02079	0.42017	0.02612	0.01860	0.02612	0.01591	0.02077	0.01191	0.00771	0.01032	0.00280	0.05460	0.00861	0.00397	0.01138
18	0.01496	0.05553	0.02037	0.24691	0.03019	0.01662	0.01560	0.01814	0.01561	0.02153	0.02390	0.22569	0.02491	0.01504	0.01286	0.00302	0.16044	0.01208	0.05817	0.00843
19	0.02745	0.03206	0.02711	0.03150	0.24293	0.42153	0.01929	0.05576	0.02261	0.02404	0.01410	0.01711	0.01169	0.00822	0.00778	0.00227	0.01297	0.00615	0.00439	0.01104
20	0.02263	0.01769	0.01946	0.01583	0.02176	0.01827	0.01260	0.14144	0.31471	0.07420	0.02575	0.02486	0.01927	0.00949	0.00775	0.00228	0.00694	0.00769	0.00751	0.22985
21	0.03158	0.02327	0.02493	0.01911	0.02576	0.02576	0.01579	0.62852	0.03906	0.05236	0.01995	0.01995	0.01413	0.00997	0.00831	0.00249	0.00914	0.00748	0.00831	0.01413
22	0.01882	0.01972	0.03681	0.03247	0.14826	0.02110	0.29858	0.02375	0.01780	0.02530	0.06001	0.02368	0.01690	0.00993	0.01447	0.00296	0.20533	0.00901	0.00438	0.01073
23	0.01938	0.01854	0.03159	0.20485	0.51156	0.01943	0.02491	0.02446	0.01836	0.02571	0.01542	0.02094	0.01266	0.00762	0.00824	0.00254	0.01016	0.00740	0.00401	0.01221
24	0.01125	0.00792	0.00909	0.00954	0.01012	0.00758	0.00587	0.01193	0.01412	0.01835	0.04042	0.20949	0.13990	0.43466	0.02949	0.00609	0.00666	0.01568	0.00610	0.00576
25	0.01200	0.00802	0.00909	0.00917	0.00919	0.00800	0.00515	0.01206	0.01224	0.01632	0.02701	0.08190	0.03125	0.67908	0.04094	0.00786	0.00792	0.01257	0.00515	0.00511
26	0.01878	0.29909	0.42746	0.02006	0.03036	0.02448	0.02439	0.02576	0.01729	0.02372	0.01362	0.01593	0.01058	0.00759	0.00691	0.00230	0.01098	0.00549	0.00353	0.01166
27	0.01424	0.00722	0.01077	0.01086	0.01088	0.00719	0.00724	0.01086	0.01105	0.01473	0.01580	0.05495	0.01621	0.02874	0.03151	0.72520	0.00711	0.00793	0.00379	0.00375
28	0.00982	0.00842	0.00842	0.00842	0.01122	0.00701	0.00631	0.01192	0.01894	0.02244	0.08416	0.07995	0.65285	0.02104	0.00982	0.00281	0.00421	0.01753	0.00771	0.00701
29	0.01071	0.00748	0.00947	0.01081	0.01115	0.00714	0.00691	0.01172	0.01476	0.01968	0.03990	0.50796	0.04752	0.23083	0.02012	0.00478	0.00579	0.02015	0.00691	0.00623
30	0.03103	0.03959	0.02354	0.02140	0.02568	0.67469	0.01605	0.03317	0.02354	0.02033	0.01284	0.01498	0.01070	0.00856	0.00749	0.00214	0.01498	0.00535	0.00428	0.00963
31	0.01187	0.00890	0.01335	0.01335	0.01483	0.01038	0.01038	0.01483	0.01335	0.01928	0.02225	0.03264	0.02077	0.06231	0.67512	0.01335	0.02225	0.00890	0.00445	0.00742
32	0.01723	0.01477	0.01723	0.01230	0.01969	0.01107	0.00984	0.02092	0.01723	0.02707	0.01477	0.01723	0.01230	0.00615	0.00615	0.00123	0.00615	0.00492	0.00492	0.75883
33	0.01068	0.00746	0.00948	0.01086	0.01120	0.00712	0.00695	0.01171	0.01482	0.01976	0.04022	0.51850	0.04792	0.21973	0.01960	0.00470	0.00574	0.02034	0.00695	0.00626
34	0.01208	0.00805	0.00906	0.00906	0.00906	0.00805	0.00503	0.01208	0.01208	0.01611	0.02618	0.05436	0.03020	0.70804	0.04228	0.00805	0.00805	0.01208	0.00503	0.00503
35	0.03109	0.03802	0.02368	0.02118	0.02569	0.61195	0.01603	0.09073	0.02504	0.02343	0.01353	0.01546	0.01103	0.00870	0.00757	0.00217	0.01442	0.00556	0.00467	0.01007
36	0.01666	0.04297	0.66500	0.02368	0.03596	0.01929	0.03069	0.02631	0.01754	0.02631	0.01491	0.01754	0.01052	0.00789	0.00789	0.00263	0.01228	0.00614	0.00351	0.01228
37	0.01632	0.01548	0.01298	0.01198	0.01494	0.12831	0.00881	0.08086	0.02062	0.02405	0.05394	0.05730	0.35583	0.14452	0.01524	0.00362	0.00736	0.01329	0.00667	0.00787
38	0.01603	0.01512	0.02554	0.64283	0.09975	0.01855	0.02324	0.02153	0.01677	0.02165	0.01483	0.02204	0.01122	0.00824	0.00830	0.00275	0.01099	0.00738	0.00372	0.00951
39	0.03113	0.03668	0.02379	0.02099	0.02570	0.55891	0.01600	0.13940	0.02631	0.02605	0.01411	0.01587	0.01131	0.00881	0.00764	0.00220	0.01394	0.00573	0.00500	0.01043
40	0.02582	0.02184	0.02234	0.09502	0.02751	0.09112	0.01546	0.32211	0.17378	0.03947	0.02576	0.02592	0.05515	0.01061	0.00835	0.00258	0.00908	0.00830	0.00735	0.01243
41	0.03120	0.03450	0.02398	0.02069	0.02571	0.47209	0.01597	0.21905	0.02839	0.03033	0.01506	0.01653	0.01177	0.00900	0.00775	0.00225	0.01316	0.00602	0.00554	0.01103
42	0.01042	0.00746	0.00991	0.01136	0.01212	0.00695	0.00774	0.01233	0.01731	0.02344	0.15772	0.58432	0.05927	0.02436	0.01045	0.00323	0.00465	0.02203	0.00798	0.00695
43	0.02802	0.02165	0.02486	0.01906	0.02570	0.02323	0.05219	0.45879	0.09993	0.04597	0.02064	0.02097	0.01503	0.00949	0.00817	0.00240	0.00882	0.00753	0.00768	0.09987
44	0.02783	0.03355	0.03088	0.02511	0.03073	0.44295	0.18929	0.07359	0.02353	0.02439	0.01447	0.01744	0.01149	0.00822	0.00821	0.00235	0.01429	0.00677	0.00454	0.01040
45	0.15185	0.01648	0.02483	0.29748	0.03786	0.01936	0.08809	0.02322	0.01622	0.05956	0.01470	0.01998	0.01143	0.00920	0.01131	0.00281	0.13603	0.00705	0.00442	0.04813
46	0.01168	0.00803	0.00933	0.00947	0.00993	0.00781	0.00575	0.01243	0.01428	0.01910	0.10531	0.13177	0.07684	0.50615	0.03283	0.00655	0.00696	0.01409	0.00599	0.00568
47	0.11638	0.02806	0.02298	0.01896	0.02461	0.24852	0.01509	0.35356	0.03083	0.03958	0.01653	0.01749	0.01235	0.00922	0.00766	0.00238	0.01084	0.00640	0.00656	0.01199
48	0.07370	0.02639	0.02151	0.01798	0.02323	0.24232	0.01421	0.30896	0.02963	0.03666	0.02547	0.02576	0.09667	0.01081	0.00804	0.00242	0.01030	0.00790	0.00667	0.01136
49	0.01589	0.05267	0.01563	0.01331	0.01594	0.01018	0.04614	0.01825	0.01820	0.12580	0.08043	0.41457	0.09982	0.02017	0.00975	0.00301	0.00588	0.01806	0.00775	0.00854
50	0.01956	0.05742	0.08930	0.01307	0.01703	0.16367	0.01149	0.02363	0.01881	0.02737	0.02157	0.02479	0.01704	0.00908	0.00641	0.00205	0.00767	0.00683	0.45436	0.00886
51	0.01043	0.00793	0.00960	0.01025	0.01186	0.00711	0.00728	0.01270	0.01879	0.02461	0.20840	0.33832	0.25840	0.02214	0.01014	0.00300	0.00439	0.01948	0.00807	0.00711
52	0.02982	0.03730	0.02472	0.02482	0.09858	0.59898	0.01714	0.03229	0.02301	0.02112	0.01316	0.01563	0.01099	0.00843	0.00758	0.00218	0.01439	0.00559	0.00426	0.01004
53	0.01913	0.35590	0.17838	0.09514	0.02849	0.02596	0.01925	0.02362	0.01629	0.02131	0.01320	0.01698	0.01127	0.01142	0.04641	0.00296	0.09443	0.00576	0.00362	0.01049

[dist]
# distance from previous block
# <min> <max>
5	8

[block]
# block no. 1 follows, 22 sequences, length 7
# corresponding to MSA columns:
# 64-70
name=unknown_B
#
# <colnr> <probs for GDERKNQSTAVLIFYWHMCP>
#	G	D	E	R	K	N	Q	S	T	A	V	L	I	F	Y	W	H	M	C	P
0	0.01656	0.01767	0.11153	0.01478	0.01977	0.01434	0.01317	0.09708	0.15201	0.03016	0.08180	0.15397	0.15387	0.01507	0.00890	0.00270	0.00675	0.01276	0.00719	0.06991
1	0.01934	0.02076	0.04039	0.03354	0.12887	0.02110	0.38456	0.02485	0.01804	0.02544	0.01538	0.02102	0.01234	0.00846	0.01272	0.00282	0.14349	0.00868	0.00412	0.05408
2	0.02292	0.01685	0.09027	0.07246	0.02384	0.01387	0.01411	0.03059	0.12785	0.23982	0.12207	0.03524	0.07766	0.01155	0.00848	0.00257	0.00716	0.00965	0.00789	0.06517
3	0.06839	0.07208	0.13528	0.01907	0.09234	0.04735	0.01560	0.07318	0.07563	0.02786	0.03741	0.08979	0.18669	0.01322	0.00835	0.00263	0.00797	0.01083	0.00602	0.01030
4	0.01215	0.00930	0.01312	0.01543	0.08485	0.00878	0.00978	0.01528	0.02022	0.02819	0.35870	0.29141	0.06247	0.01921	0.00991	0.00287	0.00492	0.01730	0.00805	0.00804
5	0.02185	0.02015	0.03269	0.04725	0.58219	0.02045	0.02436	0.09631	0.02128	0.03010	0.01613	0.02049	0.01327	0.00770	0.00823	0.00247	0.00978	0.00741	0.00461	0.01327
6	0.02040	0.02157	0.02713	0.36200	0.22100	0.16116	0.02224	0.02503	0.01877	0.02272	0.01459	0.02014	0.01159	0.00810	0.00811	0.00255	0.01158	0.00695	0.00394	0.01044

[dist]
# distance from previous block
# <min> <max>
4	5

[block]
# block no. 2 follows, 22 sequences, length 75
# corresponding to MSA columns:
# 76-150
name=unknown_C
#
# <colnr> <probs for GDERKNQSTAVLIFYWHMCP>
#	G	D	E	R	K	N	Q	S	T	A	V	L	I	F	Y	W	H	M	C	P
0	0.02370	0.09697	0.16243	0.03103	0.24026	0.21482	0.02209	0.06602	0.02108	0.02582	0.01454	0.01755	0.01171	0.00798	0.00767	0.00234	0.01174	0.00625	0.00425	0.01176
1	0.06420	0.17832	0.09704	0.01643	0.02311	0.09120	0.01505	0.12996	0.07667	0.08560	0.02220	0.02255	0.05408	0.00930	0.00724	0.00225	0.00891	0.00690	0.00593	0.08307
2	0.02332	0.02372	0.16652	0.01767	0.02456	0.01925	0.01689	0.29112	0.06702	0.07539	0.03212	0.06028	0.12117	0.01212	0.00858	0.00264	0.00857	0.00970	0.00722	0.01215
3	0.02151	0.01805	0.01874	0.01593	0.01957	0.08914	0.01275	0.19473	0.02458	0.06467	0.09398	0.03836	0.17017	0.01669	0.04783	0.00332	0.12246	0.01042	0.00693	0.01016
4	0.01416	0.00897	0.01146	0.01087	0.01256	0.00883	0.00775	0.01630	0.01694	0.08343	0.18603	0.05113	0.09510	0.26140	0.17213	0.00692	0.00982	0.01222	0.00666	0.00732
5	0.02003	0.02105	0.01765	0.05569	0.02170	0.23571	0.01226	0.04359	0.01968	0.02344	0.02432	0.23842	0.02554	0.01366	0.00825	0.00237	0.00912	0.01135	0.00565	0.19054
6	0.01228	0.01092	0.01425	0.01831	0.15809	0.00989	0.01077	0.01499	0.01874	0.02343	0.06613	0.10581	0.46942	0.01825	0.00951	0.00276	0.00554	0.01561	0.00689	0.00840
7	0.02286	0.02141	0.02710	0.26793	0.20579	0.10657	0.02103	0.17123	0.02358	0.03024	0.01600	0.02025	0.01232	0.00850	0.00818	0.00254	0.01079	0.00715	0.00500	0.01152
8	0.01752	0.06869	0.39655	0.13804	0.11491	0.02006	0.07876	0.02531	0.01769	0.02524	0.01496	0.01887	0.01112	0.00778	0.00803	0.00260	0.01175	0.00672	0.00367	0.01170
9	0.02039	0.02020	0.02424	0.05585	0.05258	0.13038	0.11488	0.05547	0.01968	0.02659	0.01638	0.02015	0.01328	0.01087	0.04960	0.00267	0.01045	0.00662	0.05558	0.29414
10	0.02677	0.18005	0.03029	0.02642	0.16827	0.34234	0.01778	0.07003	0.02210	0.02388	0.01368	0.01623	0.01148	0.00808	0.00724	0.00216	0.01210	0.00576	0.00436	0.01096
11	0.06029	0.03527	0.49510	0.02095	0.03143	0.01759	0.02549	0.02807	0.01864	0.13168	0.04549	0.02103	0.01506	0.00867	0.00790	0.00262	0.01074	0.00680	0.00496	0.01221
12	0.01472	0.01062	0.01278	0.01297	0.01470	0.01079	0.00921	0.13996	0.02046	0.02734	0.03908	0.51660	0.04477	0.06897	0.01228	0.00351	0.00594	0.01948	0.00765	0.00817
13	0.01995	0.01720	0.01846	0.01595	0.02120	0.01867	0.01246	0.03931	0.51139	0.03315	0.02985	0.02813	0.02264	0.01021	0.00797	0.00249	0.00649	0.00846	0.00772	0.16829
14	0.02186	0.01884	0.02258	0.02424	0.15410	0.02104	0.01601	0.10548	0.44455	0.03513	0.02848	0.02759	0.02157	0.01032	0.00839	0.00271	0.00755	0.00876	0.00753	0.01326
15	0.02466	0.02817	0.01987	0.01810	0.02199	0.38708	0.01368	0.03203	0.16414	0.02631	0.15056	0.02842	0.02812	0.01093	0.00819	0.00239	0.01077	0.00828	0.00624	0.01006
16	0.01071	0.00802	0.01014	0.01132	0.01268	0.00721	0.00791	0.01251	0.01659	0.02195	0.04928	0.53615	0.14016	0.02380	0.01023	0.00316	0.00495	0.04783	0.00752	0.05787
17	0.01056	0.00865	0.00945	0.00985	0.01247	0.00754	0.00778	0.01302	0.01897	0.02295	0.07580	0.08281	0.52697	0.02144	0.01016	0.00302	0.00492	0.13878	0.00770	0.00715
18	0.02039	0.02076	0.06160	0.04978	0.62883	0.01972	0.02573	0.02553	0.01886	0.02710	0.01559	0.02043	0.01304	0.00742	0.00821	0.00247	0.00998	0.00735	0.00409	0.01312
19	0.02380	0.02889	0.06199	0.02660	0.16757	0.34832	0.01790	0.02720	0.02001	0.02202	0.01556	0.02008	0.01334	0.01944	0.14658	0.00458	0.01517	0.00660	0.00423	0.01013
20	0.18477	0.03302	0.42082	0.08504	0.03398	0.01917	0.06060	0.02542	0.01681	0.02830	0.01426	0.01736	0.01036	0.00784	0.00743	0.00264	0.01095	0.00611	0.00393	0.01119
21	0.00989	0.00815	0.00869	0.00913	0.01141	0.00695	0.00663	0.01184	0.01825	0.02216	0.07542	0.22169	0.51675	0.02217	0.01000	0.00293	0.00435	0.01892	0.00771	0.00695
22	0.02449	0.02849	0.02440	0.24818	0.07886	0.36735	0.01888	0.02931	0.05996	0.02201	0.01501	0.01879	0.01192	0.00857	0.00788	0.00242	0.01278	0.00643	0.00433	0.00996
23	0.02141	0.02004	0.03641	0.04156	0.38814	0.01967	0.20496	0.02803	0.05881	0.07054	0.01830	0.02230	0.01427	0.00772	0.00872	0.00260	0.01072	0.00832	0.00483	0.01264
24	0.02471	0.13357	0.16116	0.02652	0.15492	0.23048	0.02068	0.10376	0.02233	0.02685	0.01453	0.01702	0.01159	0.00815	0.00751	0.00230	0.01175	0.00606	0.00449	0.01161
25	0.02422	0.55974	0.03898	0.01585	0.02231	0.17897	0.01463	0.02676	0.01840	0.01972	0.01184	0.01370	0.01067	0.00744	0.00582	0.00186	0.01027	0.00465	0.00372	0.01043
26	0.01187	0.00890	0.01335	0.01335	0.01483	0.01038	0.01038	0.01483	0.01335	0.01928	0.02225	0.03264	0.02077	0.06231	0.67512	0.01335	0.02225	0.00890	0.00445	0.00742
27	0.03152	0.02492	0.02479	0.01935	0.02575	0.09154	0.01582	0.56817	0.03749	0.04911	0.01923	0.01944	0.01378	0.00983	0.00823	0.00246	0.00973	0.00726	0.00790	0.01367
28	0.01048	0.00759	0.00990	0.01113	0.01208	0.00701	0.00766	0.01252	0.01782	0.02404	0.18603	0.51968	0.09593	0.02367	0.01037	0.00317	0.00458	0.02130	0.00804	0.00701
29	0.00982	0.00842	0.00842	0.00842	0.01122	0.00701	0.00631	0.01192	0.01894	0.02244	0.08416	0.07995	0.65285	0.02104	0.00982	0.00281	0.00421	0.01753	0.00771	0.00701
30	0.02258	0.02602	0.02032	0.01838	0.02103	0.34147	0.01417	0.02496	0.02055	0.02284	0.13753	0.05287	0.05970	0.01281	0.01266	0.00265	0.16626	0.00892	0.00536	0.00893
31	0.02762	0.03312	0.02686	0.03105	0.23126	0.46116	0.01913	0.03067	0.02203	0.02255	0.01375	0.01680	0.01150	0.00818	0.00773	0.00225	0.01331	0.00602	0.00423	0.01078
32	0.03113	0.03659	0.02380	0.02098	0.02570	0.55536	0.01600	0.14265	0.02640	0.02622	0.01415	0.01589	0.01133	0.00882	0.00764	0.00221	0.01391	0.00574	0.00502	0.01046
33	0.02096	0.02049	0.03333	0.04987	0.63225	0.04464	0.02514	0.02579	0.01909	0.02688	0.01552	0.02035	0.01307	0.00745	0.00820	0.00245	0.01006	0.00732	0.00412	0.01302
34	0.01208	0.00805	0.00906	0.00906	0.00906	0.00805	0.00503	0.01208	0.01208	0.01611	0.02618	0.05436	0.03020	0.70804	0.04228	0.00805	0.00805	0.01208	0.00503	0.00503
35	0.01187	0.00890	0.01335	0.01335	0.01483	0.01038	0.01038	0.01483	0.01335	0.01928	0.02225	0.03264	0.02077	0.06231	0.67512	0.01335	0.02225	0.00890	0.00445	0.00742
36	0.01757	0.01050	0.01312	0.01186	0.01495	0.00983	0.00908	0.04449	0.05590	0.15525	0.32029	0.13631	0.13398	0.01677	0.00949	0.00273	0.00504	0.01454	0.00893	0.00936
37	0.02874	0.03345	0.02597	0.02779	0.16694	0.46062	0.01814	0.09324	0.02412	0.02518	0.01420	0.01675	0.01161	0.00845	0.00774	0.00225	0.01323	0.00603	0.00466	0.01089
38	0.00982	0.00842	0.00842	0.00842	0.01122	0.00701	0.00631	0.01192	0.01894	0.02244	0.08416	0.07995	0.65285	0.02104	0.00982	0.00281	0.00421	0.01753	0.00771	0.00701
39	0.00982	0.00842	0.00842	0.00842	0.01122	0.00701	0.00631	0.01192	0.01894	0.02244	0.08416	0.07995	0.65285	0.02104	0.00982	0.00281	0.00421	0.01753	0.00771	0.00701
40	0.01992	0.01908	0.03256	0.13490	0.57733	0.01957	0.02518	0.02493	0.01861	0.02636	0.01551	0.02077	0.01288	0.00752	0.00824	0.00251	0.01003	0.00740	0.00406	0.01264
41	0.01947	0.01862	0.03175	0.19371	0.52203	0.01945	0.02495	0.02454	0.01840	0.02582	0.01543	0.02092	0.01269	0.00760	0.00824	0.00253	0.01014	0.00740	0.00402	0.01228
42	0.03158	0.02327	0.02493	0.01911	0.02576	0.02576	0.01579	0.62852	0.03906	0.05236	0.01995	0.01995	0.01413	0.00997	0.00831	0.00249	0.00914	0.00748	0.00831	0.01413
43	0.01666	0.04297	0.66500	0.02368	0.03596	0.01929	0.03069	0.02631	0.01754	0.02631	0.01491	0.01754	0.01052	0.00789	0.00789	0.00263	0.01228	0.00614	0.00351	0.01228
44	0.02017	0.01937	0.03276	0.12855	0.42384	0.02057	0.08139	0.05600	0.01912	0.02693	0.01539	0.02068	0.01266	0.00832	0.01026	0.00265	0.07738	0.00762	0.00424	0.01211
45	0.01082	0.00874	0.00981	0.01034	0.01290	0.00773	0.00829	0.01340	0.01899	0.02312	0.07293	0.08380	0.48373	0.02157	0.01028	0.00309	0.00517	0.18043	0.00770	0.00719
46	0.01223	0.00946	0.01446	0.07788	0.01889	0.01116	0.01160	0.01545	0.01366	0.01947	0.02154	0.03163	0.01984	0.05714	0.61135	0.01234	0.02118	0.00876	0.00438	0.00759
47	0.02361	0.02386	0.03094	0.04230	0.47566	0.14524	0.02277	0.08463	0.02172	0.02825	0.01551	0.01944	0.01278	0.00787	0.00809	0.00241	0.01077	0.00702	0.00455	0.01258
48	0.06544	0.01334	0.01416	0.01274	0.01627	0.01454	0.00990	0.08546	0.23125	0.03522	0.16991	0.03590	0.03420	0.01178	0.00781	0.00248	0.00546	0.00973	0.21414	0.01028
49	0.01187	0.00890	0.01335	0.01335	0.01483	0.01038	0.01038	0.01483	0.01335	0.01928	0.02225	0.03264	0.02077	0.06231	0.67512	0.01335	0.02225	0.00890	0.00445	0.00742
50	0.02558	0.03484	0.15578	0.02062	0.02640	0.39445	0.01833	0.08144	0.02231	0.02424	0.01513	0.01826	0.01228	0.01559	0.09518	0.00374	0.01486	0.00617	0.00449	0.01028
51	0.02332	0.48508	0.12086	0.01695	0.02415	0.16462	0.01676	0.02679	0.01835	0.02060	0.01226	0.01422	0.01065	0.00751	0.00612	0.00196	0.01060	0.00485	0.00370	0.01066
52	0.13866	0.12196	0.06609	0.01809	0.06120	0.19290	0.01439	0.05848	0.02128	0.05645	0.14698	0.02569	0.02528	0.01001	0.00746	0.00235	0.00932	0.00753	0.00574	0.01015
53	0.01003	0.00794	0.00903	0.00978	0.01161	0.00694	0.00695	0.01194	0.01791	0.02242	0.09371	0.33099	0.38567	0.02288	0.01013	0.00303	0.00444	0.01988	0.00778	0.00694
54	0.01971	0.01940	0.03013	0.16385	0.47390	0.05787	0.02345	0.02444	0.01877	0.02540	0.01900	0.02372	0.04713	0.00837	0.00828	0.00252	0.01009	0.00782	0.00424	0.01190
55	0.01989	0.20460	0.43058	0.02109	0.03107	0.10851	0.02479	0.02686	0.01817	0.02389	0.01382	0.01618	0.01058	0.00779	0.00722	0.00236	0.01181	0.00563	0.00362	0.01154
56	0.01666	0.04297	0.66500	0.02368	0.03596	0.01929	0.03069	0.02631	0.01754	0.02631	0.01491	0.01754	0.01052	0.00789	0.00789	0.00263	0.01228	0.00614	0.00351	0.01228
57	0.01783	0.02314	0.17408	0.28641	0.28784	0.01915	0.02576	0.02406	0.01773	0.02471	0.01514	0.02048	0.01177	0.00786	0.00818	0.00262	0.01087	0.00711	0.00382	0.01147
58	0.01793	0.01888	0.06795	0.35478	0.29821	0.01916	0.05703	0.02355	0.01776	0.02422	0.01523	0.02124	0.01197	0.00784	0.00833	0.00264	0.01082	0.00745	0.00388	0.01111
59	0.02248	0.02338	0.03185	0.04557	0.54062	0.13982	0.02376	0.02690	0.01976	0.02589	0.01512	0.01954	0.01271	0.00761	0.00809	0.00241	0.01081	0.00703	0.00414	0.01251
60	0.02056	0.01974	0.03372	0.05099	0.65622	0.01974	0.02550	0.02550	0.01892	0.02714	0.01563	0.02056	0.01316	0.00740	0.00822	0.00247	0.00987	0.00740	0.00411	0.01316
61	0.01630	0.01497	0.02400	0.13650	0.30201	0.01604	0.01882	0.02006	0.01717	0.02371	0.02641	0.17025	0.06523	0.01514	0.03594	0.00325	0.06738	0.01158	0.00503	0.01019
62	0.01353	0.01050	0.01214	0.01227	0.04189	0.00990	0.00876	0.01921	0.10601	0.05635	0.21502	0.06371	0.36437	0.01758	0.00949	0.00273	0.00484	0.01491	0.00814	0.00866
63	0.01208	0.00805	0.00906	0.00906	0.00906	0.00805	0.00503	0.01208	0.01208	0.01611	0.02618	0.05436	0.03020	0.70804	0.04228	0.00805	0.00805	0.01208	0.00503	0.00503
64	0.01666	0.04297	0.66500	0.02368	0.03596	0.01929	0.03069	0.02631	0.01754	0.02631	0.01491	0.01754	0.01052	0.00789	0.00789	0.00263	0.01228	0.00614	0.00351	0.01228
65	0.02081	0.02061	0.03219	0.10991	0.55615	0.06406	0.02462	0.02561	0.01901	0.02611	0.01535	0.02033	0.01279	0.00757	0.00818	0.00247	0.01033	0.00726	0.00408	0.01254
66	0.01867	0.01011	0.01278	0.01118	0.01466	0.00889	0.00871	0.02191	0.02239	0.21333	0.32304	0.05692	0.21206	0.01610	0.00938	0.00265	0.00491	0.01374	0.00910	0.00945
67	0.02056	0.01974	0.03372	0.05099	0.65622	0.01974	0.02550	0.02550	0.01892	0.02714	0.01563	0.02056	0.01316	0.00740	0.00822	0.00247	0.00987	0.00740	0.00411	0.01316
68	0.01748	0.03683	0.48836	0.02700	0.06390	0.01992	0.14609	0.02605	0.01779	0.02612	0.01513	0.01865	0.01106	0.00800	0.00915	0.00270	0.04317	0.00696	0.00368	0.01196
69	0.02027	0.01944	0.03319	0.08898	0.62050	0.01966	0.02535	0.02524	0.01878	0.02679	0.01557	0.02066	0.01303	0.00746	0.00823	0.00249	0.00994	0.00740	0.00409	0.01292
70	0.01147	0.00852	0.01251	0.01295	0.01420	0.00956	0.00978	0.01409	0.01393	0.01972	0.02761	0.18514	0.02855	0.05405	0.52386	0.01108	0.01828	0.01225	0.00519	0.00726
71	0.01064	0.00745	0.00949	0.01090	0.01126	0.00709	0.00700	0.01170	0.01489	0.01985	0.04058	0.53046	0.04837	0.20715	0.01902	0.00462	0.00568	0.02055	0.00700	0.00629
72	0.01849	0.01699	0.02803	0.08256	0.48369	0.01723	0.02109	0.02243	0.01735	0.02447	0.01777	0.02769	0.01657	0.15323	0.01532	0.00365	0.00957	0.00837	0.00428	0.01122
73	0.01908	0.01814	0.03081	0.18119	0.50311	0.01889	0.02419	0.02398	0.01830	0.02565	0.01681	0.05162	0.01461	0.00843	0.00835	0.00257	0.00989	0.00813	0.00419	0.01206
74	0.01901	0.01881	0.03382	0.17303	0.39986	0.01923	0.13472	0.02433	0.01859	0.02569	0.01829	0.02348	0.03707	0.00803	0.00859	0.00260	0.01065	0.00823	0.00418	0.01178

[dist]
# distance from previous block
# <min> <max>
6	10

[block]
# block no. 3 follows, 22 sequences, length 11
# corresponding to MSA columns:
# 161-171
name=unknown_D
#
# <colnr> <probs for GDERKNQSTAVLIFYWHMCP>
#	G	D	E	R	K	N	Q	S	T	A	V	L	I	F	Y	W	H	M	C	P
0	0.01467	0.01179	0.01411	0.01292	0.01455	0.01305	0.00964	0.08337	0.01810	0.02418	0.07701	0.12552	0.18585	0.20017	0.02174	0.00437	0.14139	0.01349	0.00636	0.00772
1	0.01760	0.01455	0.01885	0.09120	0.02350	0.01582	0.01343	0.10684	0.05223	0.02708	0.01863	0.02417	0.01581	0.02689	0.23285	0.00598	0.08532	0.00739	0.00516	0.19670
2	0.01727	0.01386	0.01594	0.01267	0.01804	0.01210	0.00993	0.11427	0.02144	0.03064	0.10045	0.10692	0.09298	0.01184	0.00781	0.00200	0.00601	0.00995	0.00656	0.38934
3	0.01649	0.08726	0.01886	0.01368	0.01778	0.01490	0.01095	0.05603	0.04734	0.02686	0.10848	0.16295	0.05084	0.01357	0.01018	0.00237	0.08356	0.01099	0.00621	0.24068
4	0.01508	0.01414	0.01424	0.01502	0.06620	0.08775	0.01013	0.01983	0.08533	0.02515	0.13583	0.10777	0.26109	0.05811	0.01113	0.00297	0.00650	0.01368	0.00702	0.04304
5	0.01849	0.11719	0.02078	0.03860	0.02051	0.11916	0.01161	0.02141	0.01828	0.02332	0.02899	0.03028	0.15192	0.01046	0.00827	0.00198	0.04481	0.00790	0.00512	0.30090
6	0.01472	0.01114	0.01298	0.01216	0.01501	0.01070	0.00906	0.12204	0.02196	0.02945	0.14658	0.29578	0.16574	0.01904	0.00954	0.00280	0.00543	0.01658	0.00782	0.07148
7	0.02515	0.27473	0.10598	0.02022	0.02719	0.20995	0.08167	0.11475	0.02232	0.02602	0.01406	0.01619	0.01136	0.00801	0.00713	0.00219	0.01157	0.00590	0.00451	0.01111
8	0.02035	0.01706	0.02312	0.02137	0.09409	0.01783	0.07856	0.15753	0.14420	0.03185	0.02216	0.02713	0.01831	0.07651	0.12156	0.00471	0.01097	0.00842	0.00612	0.09815
9	0.02315	0.02373	0.01841	0.01622	0.02043	0.25955	0.01250	0.15209	0.06626	0.02968	0.08857	0.03849	0.19058	0.01310	0.00855	0.00248	0.00937	0.01015	0.00674	0.00996
10	0.01818	0.01683	0.11492	0.01951	0.11933	0.01261	0.01479	0.02358	0.04887	0.13361	0.22620	0.04487	0.14542	0.01343	0.00896	0.00263	0.00682	0.01155	0.00741	0.01049

[dist]
# distance from previous block
# <min> <max>
2	6

[block]
# block no. 4 follows, 22 sequences, length 19
# corresponding to MSA columns:
# 178-196
name=unknown_E
#
# <colnr> <probs for GDERKNQSTAVLIFYWHMCP>
#	G	D	E	R	K	N	Q	S	T	A	V	L	I	F	Y	W	H	M	C	P
0	0.01893	0.02246	0.13369	0.17758	0.43306	0.01940	0.02584	0.02475	0.01822	0.02579	0.01533	0.02040	0.01231	0.00767	0.00819	0.00256	0.01051	0.00719	0.00393	0.01221
1	0.02567	0.22352	0.03227	0.02730	0.20054	0.21810	0.01813	0.11208	0.02253	0.02650	0.01425	0.01676	0.01186	0.00802	0.00720	0.00218	0.01100	0.00596	0.00459	0.01154
2	0.01976	0.01627	0.02140	0.02493	0.19651	0.01721	0.01526	0.14564	0.15044	0.03273	0.08703	0.13851	0.02987	0.05330	0.01080	0.00303	0.00755	0.01145	0.00696	0.01133
3	0.00987	0.00822	0.00861	0.00892	0.01135	0.00697	0.00654	0.01187	0.01845	0.02224	0.07797	0.18034	0.55645	0.02184	0.00994	0.00290	0.00431	0.01851	0.00771	0.00697
4	0.01463	0.01089	0.01268	0.01238	0.01474	0.01082	0.00911	0.13888	0.02200	0.02902	0.10655	0.37631	0.16808	0.02086	0.00990	0.00301	0.00550	0.01826	0.00797	0.00842
5	0.06329	0.17283	0.06564	0.02874	0.26421	0.07179	0.01805	0.02317	0.01787	0.02429	0.02024	0.15398	0.02035	0.01119	0.00780	0.00249	0.00899	0.00958	0.00475	0.01075
6	0.01666	0.04297	0.66500	0.02368	0.03596	0.01929	0.03069	0.02631	0.01754	0.02631	0.01491	0.01754	0.01052	0.00789	0.00789	0.00263	0.01228	0.00614	0.00351	0.01228
7	0.01880	0.03502	0.45358	0.03018	0.18172	0.01911	0.05629	0.02688	0.01829	0.05988	0.01610	0.01904	0.01177	0.00786	0.00808	0.00260	0.01152	0.00672	0.00404	0.01253
8	0.01239	0.00809	0.00927	0.00927	0.00958	0.00821	0.00553	0.01300	0.01270	0.01779	0.02595	0.05039	0.02860	0.58962	0.08885	0.00788	0.00877	0.01141	0.07720	0.00548
9	0.03103	0.03959	0.02354	0.02140	0.02568	0.67469	0.01605	0.03317	0.02354	0.02033	0.01284	0.01498	0.01070	0.00856	0.00749	0.00214	0.01498	0.00535	0.00428	0.00963
10	0.01723	0.01477	0.01723	0.01230	0.01969	0.01107	0.00984	0.02092	0.01723	0.02707	0.01477	0.01723	0.01230	0.00615	0.00615	0.00123	0.00615	0.00492	0.00492	0.75883
11	0.01208	0.00805	0.00906	0.00906	0.00906	0.00805	0.00503	0.01208	0.01208	0.01611	0.02618	0.05436	0.03020	0.70804	0.04228	0.00805	0.00805	0.01208	0.00503	0.00503
12	0.01208	0.00805	0.00906	0.00906	0.00906	0.00805	0.00503	0.01208	0.01208	0.01611	0.02618	0.05436	0.03020	0.70804	0.04228	0.00805	0.00805	0.01208	0.00503	0.00503
13	0.02710	0.03217	0.02162	0.01972	0.02385	0.47357	0.01493	0.03402	0.15887	0.02342	0.01827	0.02002	0.01480	0.01376	0.06489	0.00325	0.01375	0.00655	0.00522	0.01022
14	0.01208	0.00805	0.00906	0.00906	0.00906	0.00805	0.00503	0.01208	0.01208	0.01611	0.02618	0.05436	0.03020	0.70804	0.04228	0.00805	0.00805	0.01208	0.00503	0.00503
15	0.01208	0.00805	0.00906	0.00906	0.00906	0.00805	0.00503	0.01208	0.01208	0.01611	0.02618	0.05436	0.03020	0.70804	0.04228	0.00805	0.00805	0.01208	0.00503	0.00503
16	0.07846	0.03940	0.57432	0.02424	0.07077	0.01927	0.02861	0.02611	0.01734	0.02726	0.01468	0.01738	0.01055	0.00785	0.00769	0.00262	0.01166	0.00608	0.00368	0.01206
17	0.02241	0.02487	0.03118	0.15755	0.23993	0.20837	0.11586	0.02684	0.01966	0.02369	0.01464	0.01944	0.01188	0.00815	0.00910	0.00253	0.04172	0.00718	0.00408	0.01093
18	0.02070	0.53020	0.21311	0.01680	0.02531	0.02917	0.01871	0.02527	0.01706	0.02139	0.01247	0.01448	0.01062	0.00732	0.00603	0.00201	0.00981	0.00491	0.00354	0.01110

[dist]
# distance from previous block
# <min> <max>
0	1

[block]
# block no. 5 follows, 22 sequences, length 123
# corresponding to MSA columns:
# 198-320
name=unknown_F
#
# <colnr> <probs for GDERKNQSTAVLIFYWHMCP>
#	G	D	E	R	K	N	Q	S	T	A	V	L	I	F	Y	W	H	M	C	P
0	0.02552	0.03090	0.02041	0.01888	0.02244	0.48687	0.01424	0.02785	0.02095	0.02020	0.01862	0.02236	0.04545	0.02166	0.16250	0.00477	0.01612	0.00679	0.00449	0.00899
1	0.02056	0.01974	0.03372	0.05099	0.65622	0.01974	0.02550	0.02550	0.01892	0.02714	0.01563	0.02056	0.01316	0.00740	0.00822	0.00247	0.00987	0.00740	0.00411	0.01316
2	0.03103	0.03959	0.02354	0.02140	0.02568	0.67469	0.01605	0.03317	0.02354	0.02033	0.01284	0.01498	0.01070	0.00856	0.00749	0.00214	0.01498	0.00535	0.00428	0.00963
3	0.01051	0.00844	0.00938	0.00915	0.01165	0.00731	0.00686	0.01327	0.02058	0.02634	0.28782	0.07353	0.44676	0.01958	0.00981	0.00274	0.00410	0.01663	0.00823	0.00731
4	0.01187	0.00890	0.01335	0.01335	0.01483	0.01038	0.01038	0.01483	0.01335	0.01928	0.02225	0.03264	0.02077	0.06231	0.67512	0.01335	0.02225	0.00890	0.00445	0.00742
5	0.01818	0.01818	0.02545	0.02181	0.02181	0.02545	0.01818	0.01999	0.01272	0.01999	0.01091	0.01818	0.01091	0.01454	0.02726	0.00364	0.69284	0.00727	0.00364	0.00909
6	0.02802	0.20619	0.03040	0.01874	0.02517	0.11630	0.04216	0.33489	0.05807	0.03740	0.01727	0.01815	0.01320	0.00896	0.00749	0.00229	0.00997	0.00658	0.00633	0.01243
7	0.03134	0.03057	0.02431	0.02014	0.02573	0.31597	0.01591	0.36228	0.03212	0.03803	0.01677	0.01773	0.01260	0.00934	0.00794	0.00234	0.01175	0.00653	0.00651	0.01212
8	0.00997	0.00814	0.00881	0.00923	0.01146	0.00699	0.00670	0.01200	0.01842	0.02261	0.09900	0.22366	0.49010	0.02203	0.01000	0.00293	0.00434	0.01884	0.00777	0.00699
9	0.03052	0.03851	0.02331	0.02118	0.02548	0.64226	0.01591	0.03372	0.05417	0.02105	0.01388	0.01578	0.01143	0.00870	0.00754	0.00217	0.01456	0.00555	0.00449	0.00981
10	0.01208	0.00805	0.00906	0.00906	0.00906	0.00805	0.00503	0.01208	0.01208	0.01611	0.02618	0.05436	0.03020	0.70804	0.04228	0.00805	0.00805	0.01208	0.00503	0.00503
11	0.02590	0.02013	0.02182	0.01706	0.02346	0.02126	0.01384	0.36180	0.16358	0.04270	0.02173	0.02169	0.01612	0.00937	0.00784	0.00227	0.00790	0.00730	0.00756	0.18669
12	0.01040	0.00743	0.00995	0.01188	0.01248	0.00698	0.00819	0.01204	0.01618	0.02151	0.04564	0.65154	0.05435	0.02577	0.01068	0.00341	0.00506	0.07200	0.00771	0.00682
13	0.02056	0.01974	0.03372	0.05099	0.65622	0.01974	0.02550	0.02550	0.01892	0.02714	0.01563	0.02056	0.01316	0.00740	0.00822	0.00247	0.00987	0.00740	0.00411	0.01316
14	0.01740	0.01481	0.01582	0.01477	0.01874	0.01635	0.01159	0.03390	0.43287	0.03088	0.04654	0.04880	0.17325	0.01474	0.00908	0.00292	0.00614	0.07205	0.00820	0.01116
15	0.02743	0.03376	0.02336	0.02098	0.02428	0.50881	0.01613	0.02950	0.02103	0.02034	0.01522	0.01821	0.03590	0.01034	0.01184	0.00249	0.16044	0.00624	0.00428	0.00941
16	0.01065	0.00868	0.00957	0.01001	0.01261	0.00760	0.00795	0.01315	0.01898	0.02300	0.07484	0.08314	0.51248	0.02148	0.01020	0.00304	0.00501	0.15274	0.00770	0.00716
17	0.01924	0.02133	0.04299	0.03163	0.03789	0.02214	0.47048	0.02492	0.01785	0.02492	0.01530	0.02133	0.01217	0.00893	0.01427	0.00301	0.18773	0.00916	0.00406	0.01066
18	0.01092	0.00757	0.00940	0.01054	0.01083	0.00728	0.00662	0.01178	0.01434	0.01913	0.03778	0.43805	0.04485	0.30437	0.02353	0.00528	0.00614	0.01891	0.00662	0.00605
19	0.03103	0.03959	0.02354	0.02140	0.02568	0.67469	0.01605	0.03317	0.02354	0.02033	0.01284	0.01498	0.01070	0.00856	0.00749	0.00214	0.01498	0.00535	0.00428	0.00963
20	0.01720	0.01631	0.02764	0.49072	0.24277	0.01885	0.02382	0.02255	0.01733	0.02306	0.01503	0.02166	0.01172	0.00803	0.00828	0.00268	0.01070	0.00739	0.00382	0.01045
21	0.01206	0.00884	0.01305	0.01305	0.01456	0.01024	0.01014	0.01507	0.01357	0.01991	0.02251	0.03255	0.02080	0.05951	0.63961	0.01275	0.02128	0.00884	0.04423	0.00743
22	0.01208	0.00805	0.00906	0.00906	0.00906	0.00805	0.00503	0.01208	0.01208	0.01611	0.02618	0.05436	0.03020	0.70804	0.04228	0.00805	0.00805	0.01208	0.00503	0.00503
23	0.01333	0.01105	0.01616	0.01531	0.01645	0.01388	0.01219	0.01603	0.01321	0.01945	0.01962	0.02928	0.01848	0.05122	0.52482	0.01110	0.17783	0.00852	0.00426	0.00780
24	0.02006	0.01923	0.03281	0.11651	0.59462	0.01961	0.02525	0.02506	0.01868	0.02653	0.01554	0.02072	0.01294	0.00749	0.00823	0.00250	0.00999	0.00740	0.00407	0.01275
25	0.01131	0.00822	0.01066	0.01059	0.01228	0.00756	0.00774	0.01461	0.02166	0.03019	0.49444	0.20076	0.10063	0.01912	0.00997	0.00279	0.00413	0.01699	0.00877	0.00756
26	0.00982	0.00842	0.00842	0.00842	0.01122	0.00701	0.00631	0.01192	0.01894	0.02244	0.08416	0.07995	0.65285	0.02104	0.00982	0.00281	0.00421	0.01753	0.00771	0.00701
27	0.01971	0.01596	0.01717	0.01535	0.01959	0.01756	0.01204	0.15260	0.32635	0.03450	0.04106	0.10347	0.13206	0.01460	0.00900	0.00285	0.00658	0.03990	0.00819	0.01145
28	0.03103	0.03959	0.02354	0.02140	0.02568	0.67469	0.01605	0.03317	0.02354	0.02033	0.01284	0.01498	0.01070	0.00856	0.00749	0.00214	0.01498	0.00535	0.00428	0.00963
29	0.01761	0.01831	0.03659	0.03301	0.16802	0.01743	0.35335	0.02288	0.01860	0.02547	0.02328	0.17982	0.02255	0.01150	0.00965	0.00286	0.01098	0.01249	0.00500	0.01059
30	0.01011	0.00729	0.00958	0.01142	0.01201	0.00676	0.00764	0.01158	0.01605	0.02127	0.04762	0.67292	0.08347	0.02579	0.01057	0.00335	0.00479	0.02333	0.00771	0.00676
31	0.09705	0.01940	0.02164	0.16302	0.06043	0.13610	0.04711	0.07408	0.02021	0.02708	0.02179	0.03650	0.02017	0.01205	0.00938	0.00285	0.04049	0.14442	0.03669	0.00955
32	0.01187	0.00890	0.01335	0.01335	0.01483	0.01038	0.01038	0.01483	0.01335	0.01928	0.02225	0.03264	0.02077	0.06231	0.67512	0.01335	0.02225	0.00890	0.00445	0.00742
33	0.01333	0.01105	0.01616	0.01531	0.01645	0.01388	0.01219	0.01603	0.01321	0.01945	0.01962	0.02928	0.01848	0.05122	0.52482	0.01110	0.17783	0.00852	0.00426	0.00780
34	0.26913	0.01782	0.02369	0.26047	0.17018	0.04980	0.04845	0.02404	0.01675	0.02810	0.01389	0.01858	0.01089	0.00786	0.00726	0.00261	0.00959	0.00645	0.00432	0.01011
35	0.00982	0.00842	0.00842	0.00842	0.01122	0.00701	0.00631	0.01192	0.01894	0.02244	0.08416	0.07995	0.65285	0.02104	0.00982	0.00281	0.00421	0.01753	0.00771	0.00701
36	0.02056	0.01974	0.03372	0.05099	0.65622	0.01974	0.02550	0.02550	0.01892	0.02714	0.01563	0.02056	0.01316	0.00740	0.00822	0.00247	0.00987	0.00740	0.00411	0.01316
37	0.02280	0.02398	0.03154	0.04466	0.52140	0.15979	0.02348	0.02714	0.01991	0.02568	0.01503	0.01937	0.01263	0.00765	0.00807	0.00240	0.01096	0.00696	0.00415	0.01240
38	0.02370	0.55575	0.03943	0.01745	0.05579	0.14703	0.01514	0.02639	0.01818	0.02009	0.01200	0.01401	0.01080	0.00738	0.00587	0.00188	0.01003	0.00476	0.00371	0.01061
39	0.01007	0.00780	0.00919	0.01016	0.01171	0.00692	0.00712	0.01192	0.01758	0.02233	0.09195	0.40386	0.31284	0.02344	0.01023	0.00309	0.00451	0.02058	0.00778	0.00692
40	0.01264	0.00972	0.01454	0.06899	0.01836	0.01156	0.01153	0.01581	0.01380	0.02007	0.02139	0.03107	0.01957	0.05315	0.55859	0.01149	0.04922	0.00865	0.04220	0.00765
41	0.01131	0.00841	0.01052	0.01012	0.01217	0.00763	0.00754	0.01476	0.02227	0.03065	0.51417	0.09722	0.18613	0.01820	0.00984	0.00269	0.00402	0.01593	0.00880	0.00763
42	0.02093	0.02354	0.01812	0.01585	0.01998	0.28510	0.01219	0.02336	0.01989	0.02233	0.03311	0.03401	0.19150	0.01211	0.00971	0.00227	0.07342	0.00886	0.00532	0.16838
43	0.01053	0.00844	0.00941	0.00917	0.01166	0.00732	0.00688	0.01331	0.02063	0.02646	0.29391	0.07334	0.44059	0.01954	0.00981	0.00273	0.00410	0.01661	0.00824	0.00732
44	0.01095	0.00815	0.01073	0.03990	0.01404	0.00769	0.00828	0.01357	0.01912	0.02591	0.27772	0.36858	0.12177	0.02134	0.01012	0.00300	0.00469	0.01906	0.00808	0.00729
45	0.03106	0.03878	0.02361	0.02129	0.02569	0.64251	0.01604	0.06270	0.02431	0.02192	0.01319	0.01523	0.01087	0.00863	0.00753	0.00216	0.01469	0.00546	0.00448	0.00985
46	0.01095	0.00872	0.00999	0.01042	0.01290	0.00776	0.00831	0.01369	0.01946	0.02419	0.13207	0.08170	0.43607	0.02112	0.01025	0.00305	0.00508	0.16917	0.00784	0.00726
47	0.01045	0.00795	0.00962	0.01024	0.01187	0.00712	0.00729	0.01276	0.01890	0.02479	0.21734	0.33008	0.25750	0.02202	0.01013	0.00299	0.00438	0.01936	0.00809	0.00712
48	0.03109	0.03791	0.02368	0.02117	0.02569	0.60796	0.01602	0.09440	0.02514	0.02363	0.01357	0.01549	0.01105	0.00871	0.00757	0.00218	0.01438	0.00557	0.00469	0.01009
49	0.01666	0.04297	0.66500	0.02368	0.03596	0.01929	0.03069	0.02631	0.01754	0.02631	0.01491	0.01754	0.01052	0.00789	0.00789	0.00263	0.01228	0.00614	0.00351	0.01228
50	0.00991	0.00842	0.00855	0.00852	0.01128	0.00705	0.00639	0.01211	0.01916	0.02297	0.11197	0.07907	0.62471	0.02084	0.00982	0.00280	0.00419	0.01741	0.00778	0.00705
51	0.03066	0.02281	0.02442	0.01893	0.02541	0.02533	0.01557	0.57950	0.08958	0.05088	0.02111	0.02087	0.01507	0.01008	0.00832	0.00252	0.00893	0.00764	0.00832	0.01405
52	0.02035	0.01952	0.03333	0.07904	0.62985	0.01968	0.02539	0.02531	0.01881	0.02688	0.01559	0.02063	0.01307	0.00744	0.00823	0.00248	0.00992	0.00740	0.00409	0.01299
53	0.01363	0.01149	0.01673	0.01572	0.01679	0.01460	0.01256	0.01628	0.01318	0.01948	0.01908	0.02859	0.01801	0.04895	0.49391	0.01063	0.20982	0.00844	0.00422	0.00788
54	0.01187	0.00890	0.01335	0.01335	0.01483	0.01038	0.01038	0.01483	0.01335	0.01928	0.02225	0.03264	0.02077	0.06231	0.67512	0.01335	0.02225	0.00890	0.00445	0.00742
55	0.01619	0.01477	0.02005	0.01717	0.01912	0.01798	0.01393	0.01861	0.01381	0.02117	0.01513	0.02305	0.01443	0.05523	0.17812	0.00564	0.35421	0.00737	0.00417	0.16985
56	0.02910	0.02589	0.02329	0.01917	0.02485	0.17522	0.01528	0.36464	0.16505	0.04114	0.02128	0.02117	0.01575	0.00992	0.00815	0.00248	0.00994	0.00740	0.00741	0.01287
57	0.01187	0.00890	0.01335	0.01335	0.01483	0.01038	0.01038	0.01483	0.01335	0.01928	0.02225	0.03264	0.02077	0.06231	0.67512	0.01335	0.02225	0.00890	0.00445	0.00742
58	0.42239	0.30198	0.02572	0.01271	0.01874	0.02485	0.01150	0.05692	0.01659	0.03082	0.01201	0.01377	0.00995	0.00758	0.00539	0.00224	0.00758	0.00463	0.00466	0.00995
59	0.01187	0.00890	0.01335	0.01335	0.01483	0.01038	0.01038	0.01483	0.01335	0.01928	0.02225	0.03264	0.02077	0.06231	0.67512	0.01335	0.02225	0.00890	0.00445	0.00742
60	0.02221	0.71304	0.04353	0.01421	0.02132	0.03287	0.01421	0.02488	0.01688	0.01955	0.01155	0.01333	0.01066	0.00711	0.00533	0.00178	0.00888	0.00444	0.00355	0.01066
61	0.01002	0.00842	0.00869	0.00863	0.01134	0.00710	0.00647	0.01231	0.01941	0.02356	0.14254	0.07811	0.59377	0.02062	0.00982	0.00279	0.00418	0.01727	0.00786	0.00710
62	0.01012	0.00723	0.00964	0.01157	0.01205	0.00675	0.00771	0.01157	0.01591	0.02121	0.04579	0.70262	0.05495	0.02603	0.01060	0.00337	0.00482	0.02362	0.00771	0.00675
63	0.02841	0.03320	0.02239	0.02014	0.02464	0.47456	0.01530	0.06603	0.18240	0.02564	0.01857	0.01933	0.01463	0.00933	0.00778	0.00233	0.01254	0.00649	0.00555	0.01076
64	0.03035	0.03846	0.02364	0.02142	0.02548	0.64025	0.01616	0.03247	0.02297	0.02031	0.01274	0.01515	0.01071	0.00888	0.00854	0.00222	0.05095	0.00545	0.00425	0.00960
65	0.01041	0.00844	0.00924	0.00904	0.01159	0.00727	0.00678	0.01307	0.02034	0.02577	0.25809	0.07447	0.47684	0.01980	0.00981	0.00275	0.00412	0.01676	0.00815	0.00727
66	0.02056	0.01974	0.03372	0.05099	0.65622	0.01974	0.02550	0.02550	0.01892	0.02714	0.01563	0.02056	0.01316	0.00740	0.00822	0.00247	0.00987	0.00740	0.00411	0.01316
67	0.01106	0.00846	0.01014	0.00972	0.01198	0.00754	0.00729	0.01433	0.02187	0.02941	0.44818	0.06847	0.28448	0.01844	0.00981	0.00268	0.00402	0.01592	0.00863	0.00754
68	0.02056	0.01974	0.03372	0.05099	0.65622	0.01974	0.02550	0.02550	0.01892	0.02714	0.01563	0.02056	0.01316	0.00740	0.00822	0.00247	0.00987	0.00740	0.00411	0.01316
69	0.01204	0.00885	0.01308	0.01308	0.01459	0.01026	0.01017	0.01505	0.01354	0.01984	0.02248	0.03256	0.02079	0.05981	0.64332	0.01281	0.02138	0.00885	0.04007	0.00743
