[name]
unknown

[dist]
# distance from previous block
# <min> <max>
14	88

[block]
# block no. 0 follows, 22 sequences, length 109
# corresponding to MSA columns:
# 121-229
name=unknown_A
#
# <colnr> <probs for GDERKNQSTAVLIFYWHMCP>
#	G	D	E	R	K	N	Q	S	T	A	V	L	I	F	Y	W	H	M	C	P
0	0.05658	0.01606	0.01592	0.01405	0.01733	0.08443	0.01069	0.18622	0.02528	0.03420	0.24057	0.12432	0.04242	0.08029	0.01209	0.00314	0.00717	0.01221	0.00762	0.00942
1	0.01844	0.22987	0.11330	0.02050	0.11381	0.08172	0.01631	0.02234	0.01873	0.02366	0.08820	0.09772	0.07399	0.01206	0.00790	0.00244	0.00873	0.03503	0.00518	0.01005
2	0.09045	0.02111	0.14757	0.01843	0.05630	0.07682	0.01650	0.02391	0.08384	0.02681	0.03421	0.05068	0.10211	0.01473	0.00905	0.00300	0.00875	0.19987	0.00614	0.00971
3	0.02239	0.16198	0.03221	0.03373	0.33272	0.08477	0.02004	0.08739	0.02038	0.02673	0.01514	0.01910	0.01286	0.01136	0.04844	0.00301	0.04472	0.00670	0.00444	0.01187
4	0.13997	0.35531	0.06996	0.02297	0.16221	0.08042	0.01697	0.02571	0.01749	0.02448	0.01275	0.01533	0.01095	0.00743	0.00627	0.00213	0.00941	0.00528	0.00399	0.01096
5	0.01931	0.01829	0.05977	0.07161	0.30681	0.01772	0.01932	0.02876	0.17493	0.05472	0.05653	0.06216	0.05235	0.01062	0.00855	0.00265	0.00832	0.00953	0.00599	0.01204
6	0.02419	0.10626	0.06716	0.02863	0.22660	0.07715	0.01906	0.18838	0.08954	0.03312	0.01788	0.01983	0.01400	0.00852	0.00775	0.00235	0.00961	0.00692	0.00563	0.04742
7	0.01879	0.01628	0.05743	0.02156	0.14668	0.04166	0.01412	0.12713	0.01978	0.02664	0.05459	0.09377	0.02269	0.08240	0.01824	0.20591	0.00839	0.00966	0.00542	0.00888
8	0.02215	0.05304	0.02492	0.02549	0.17807	0.15798	0.05231	0.13520	0.02358	0.02880	0.03293	0.03396	0.17336	0.01151	0.00845	0.00248	0.00961	0.00953	0.00581	0.01081
9	0.02968	0.02809	0.06290	0.05645	0.02807	0.18799	0.01714	0.40979	0.03265	0.04105	0.01758	0.01867	0.01288	0.00940	0.00808	0.00243	0.01090	0.00686	0.00676	0.01262
10	0.01924	0.17187	0.35726	0.01991	0.02900	0.02224	0.02258	0.06481	0.12883	0.02792	0.01917	0.02262	0.01506	0.00913	0.00766	0.00254	0.01019	0.03310	0.00486	0.01201
11	0.02482	0.31585	0.03046	0.01573	0.02175	0.05565	0.01388	0.21562	0.02440	0.06856	0.02052	0.02187	0.04835	0.01430	0.07078	0.00323	0.01016	0.00682	0.00581	0.01141
12	0.01100	0.00834	0.01003	0.01093	0.01264	0.00766	0.00822	0.01320	0.01774	0.02252	0.08318	0.24025	0.27881	0.08765	0.01347	0.00367	0.00550	0.15074	0.00750	0.00694
13	0.01148	0.00850	0.00989	0.01004	0.01146	0.00771	0.00660	0.01272	0.01518	0.02006	0.04313	0.26321	0.16280	0.28417	0.02215	0.00485	0.00606	0.01620	0.00642	0.07737
14	0.02871	0.03520	0.02579	0.02795	0.16524	0.52973	0.01814	0.03147	0.02252	0.02184	0.01346	0.01622	0.01124	0.00830	0.00765	0.00221	0.01385	0.00580	0.00424	0.01041
15	0.02880	0.02950	0.02728	0.02219	0.02751	0.29400	0.08912	0.25915	0.02811	0.03331	0.01587	0.01804	0.01226	0.00941	0.00973	0.00248	0.06911	0.00686	0.00576	0.01150
16	0.01010	0.00843	0.00881	0.00871	0.01139	0.00713	0.00653	0.01247	0.01960	0.02402	0.16658	0.07735	0.56945	0.02045	0.00982	0.00278	0.00417	0.01717	0.00792	0.00713
17	0.01012	0.00723	0.00964	0.01157	0.01205	0.00675	0.00771	0.01157	0.01591	0.02121	0.04579	0.70262	0.05495	0.02603	0.01060	0.00337	0.00482	0.02362	0.00771	0.00675
18	0.01206	0.00814	0.00949	0.00949	0.00964	0.00829	0.00557	0.01236	0.01221	0.01643	0.02578	0.05219	0.02926	0.64341	0.10562	0.00858	0.00948	0.01176	0.00498	0.00527
19	0.09850	0.02316	0.02268	0.19087	0.03238	0.16584	0.01691	0.24441	0.02620	0.03412	0.01765	0.02320	0.01410	0.00979	0.00801	0.00257	0.01058	0.04218	0.00588	0.01098
20	0.03004	0.03771	0.02451	0.02420	0.08539	0.61267	0.01695	0.03245	0.02310	0.02098	0.01310	0.01551	0.01093	0.00845	0.00756	0.00217	0.01450	0.00554	0.00426	0.00996
21	0.01030	0.00731	0.00959	0.01133	0.01177	0.00687	0.00746	0.01162	0.01555	0.02073	0.04396	0.64217	0.05264	0.08963	0.01356	0.00381	0.00512	0.02254	0.00746	0.00659
22	0.03158	0.02327	0.02493	0.01911	0.02576	0.02576	0.01579	0.62852	0.03906	0.05236	0.01995	0.01995	0.01413	0.00997	0.00831	0.00249	0.00914	0.00748	0.00831	0.01413
23	0.01934	0.06475	0.29679	0.06331	0.13610	0.12427	0.02308	0.02628	0.04587	0.02486	0.02215	0.02441	0.07478	0.00934	0.00800	0.00252	0.01104	0.00747	0.00437	0.01127
24	0.01666	0.04297	0.66500	0.02368	0.03596	0.01929	0.03069	0.02631	0.01754	0.02631	0.01491	0.01754	0.01052	0.00789	0.00789	0.00263	0.01228	0.00614	0.00351	0.01228
25	0.01961	0.02241	0.04902	0.03501	0.04342	0.02101	0.62605	0.02661	0.01961	0.02661	0.01681	0.02241	0.01261	0.00700	0.00980	0.00280	0.01401	0.00980	0.00420	0.01120
26	0.01393	0.01316	0.02092	0.01967	0.08287	0.01225	0.14651	0.01851	0.04555	0.02464	0.05557	0.06095	0.34923	0.01641	0.00980	0.00289	0.00745	0.08422	0.00661	0.00888
27	0.01976	0.01892	0.03227	0.15617	0.55733	0.01953	0.02510	0.02479	0.01854	0.02616	0.01548	0.02082	0.01281	0.00755	0.00824	0.00252	0.01007	0.00740	0.00404	0.01251
28	0.00982	0.00842	0.00842	0.00842	0.01122	0.00701	0.00631	0.01192	0.01894	0.02244	0.08416	0.07995	0.65285	0.02104	0.00982	0.00281	0.00421	0.01753	0.00771	0.00701
29	0.01150	0.00848	0.01074	0.01018	0.01225	0.00773	0.00763	0.01517	0.02290	0.03185	0.57528	0.06447	0.15586	0.01753	0.00980	0.00264	0.00396	0.01536	0.00895	0.00773
30	0.01882	0.02792	0.21399	0.03198	0.04142	0.02055	0.46661	0.02653	0.01905	0.02653	0.01630	0.02110	0.01205	0.00724	0.00929	0.00276	0.01354	0.00882	0.00402	0.01149
31	0.01121	0.00847	0.01034	0.00988	0.01207	0.00761	0.00741	0.01461	0.02222	0.03024	0.49126	0.06712	0.24088	0.01813	0.00980	0.00267	0.00400	0.01573	0.00874	0.00761
32	0.01723	0.01477	0.01723	0.01230	0.01969	0.01107	0.00984	0.02092	0.01723	0.02707	0.01477	0.01723	0.01230	0.00615	0.00615	0.00123	0.00615	0.00492	0.00492	0.75883
33	0.01084	0.00775	0.01047	0.01239	0.01319	0.00737	0.00897	0.01282	0.01662	0.02202	0.04539	0.56785	0.05337	0.02535	0.01080	0.00347	0.00545	0.15126	0.00770	0.00695
34	0.02878	0.12046	0.07938	0.02073	0.02602	0.54328	0.01705	0.03161	0.02224	0.02074	0.01286	0.01500	0.01068	0.00833	0.00727	0.00214	0.01403	0.00531	0.00413	0.00997
35	0.01345	0.01040	0.01531	0.16295	0.05287	0.01131	0.01252	0.01728	0.01797	0.02543	0.20030	0.07451	0.03808	0.05597	0.14569	0.00511	0.00994	0.04322	0.07960	0.00811
36	0.03103	0.03959	0.02354	0.02140	0.02568	0.67469	0.01605	0.03317	0.02354	0.02033	0.01284	0.01498	0.01070	0.00856	0.00749	0.00214	0.01498	0.00535	0.00428	0.00963
37	0.01019	0.00728	0.00970	0.01152	0.01207	0.00679	0.00772	0.01175	0.01623	0.02173	0.07205	0.67486	0.05596	0.02563	0.01057	0.00334	0.00478	0.02324	0.00777	0.00679
38	0.01549	0.00774	0.00774	0.00774	0.00968	0.00774	0.00581	0.01936	0.01742	0.03097	0.02710	0.03097	0.02129	0.00968	0.00581	0.00194	0.00387	0.00774	0.75416	0.00774
39	0.00982	0.00842	0.00842	0.00842	0.01122	0.00701	0.00631	0.01192	0.01894	0.02244	0.08416	0.07995	0.65285	0.02104	0.00982	0.00281	0.00421	0.01753	0.00771	0.00701
40	0.00982	0.00842	0.00842	0.00842	0.01122	0.00701	0.00631	0.01192	0.01894	0.02244	0.08416	0.07995	0.65285	0.02104	0.00982	0.00281	0.00421	0.01753	0.00771	0.00701
41	0.03727	0.01414	0.01928	0.01478	0.02121	0.01221	0.01221	0.04049	0.02378	0.66198	0.03277	0.02828	0.02056	0.01028	0.00835	0.00257	0.00707	0.00835	0.01028	0.01414
42	0.01549	0.00774	0.00774	0.00774	0.00968	0.00774	0.00581	0.01936	0.01742	0.03097	0.02710	0.03097	0.02129	0.00968	0.00581	0.00194	0.00387	0.00774	0.75416	0.00774
43	0.01723	0.01477	0.01723	0.01230	0.01969	0.01107	0.00984	0.02092	0.01723	0.02707	0.01477	0.01723	0.01230	0.00615	0.00615	0.00123	0.00615	0.00492	0.00492	0.75883
44	0.76672	0.01607	0.01221	0.01092	0.01607	0.01864	0.00900	0.02442	0.01414	0.03727	0.01157	0.01350	0.00900	0.00771	0.00514	0.00257	0.00643	0.00450	0.00514	0.00900
45	0.03158	0.02327	0.02493	0.01911	0.02576	0.02576	0.01579	0.62852	0.03906	0.05236	0.01995	0.01995	0.01413	0.00997	0.00831	0.00249	0.00914	0.00748	0.00831	0.01413
46	0.76672	0.01607	0.01221	0.01092	0.01607	0.01864	0.00900	0.02442	0.01414	0.03727	0.01157	0.01350	0.00900	0.00771	0.00514	0.00257	0.00643	0.00450	0.00514	0.00900
47	0.02056	0.01974	0.03372	0.05099	0.65622	0.01974	0.02550	0.02550	0.01892	0.02714	0.01563	0.02056	0.01316	0.00740	0.00822	0.00247	0.00987	0.00740	0.00411	0.01316
48	0.02066	0.01785	0.01878	0.01691	0.02160	0.02066	0.01315	0.04414	0.64121	0.03475	0.03381	0.03099	0.02536	0.01127	0.00845	0.00282	0.00657	0.00939	0.00845	0.01315
49	0.03158	0.02327	0.02493	0.01911	0.02576	0.02576	0.01579	0.62852	0.03906	0.05236	0.01995	0.01995	0.01413	0.00997	0.00831	0.00249	0.00914	0.00748	0.00831	0.01413
50	0.02066	0.01785	0.01878	0.01691	0.02160	0.02066	0.01315	0.04414	0.64121	0.03475	0.03381	0.03099	0.02536	0.01127	0.00845	0.00282	0.00657	0.00939	0.00845	0.01315
51	0.01012	0.00723	0.00964	0.01157	0.01205	0.00675	0.00771	0.01157	0.01591	0.02121	0.04579	0.70262	0.05495	0.02603	0.01060	0.00337	0.00482	0.02362	0.00771	0.00675
52	0.02066	0.01785	0.01878	0.01691	0.02160	0.02066	0.01315	0.04414	0.64121	0.03475	0.03381	0.03099	0.02536	0.01127	0.00845	0.00282	0.00657	0.00939	0.00845	0.01315
53	0.03696	0.01464	0.01959	0.01502	0.02146	0.01295	0.01241	0.07256	0.02461	0.62872	0.03207	0.02782	0.02021	0.01027	0.00835	0.00257	0.00718	0.00831	0.01017	0.01414
54	0.01569	0.01477	0.02492	0.68808	0.05722	0.01846	0.02307	0.02123	0.01661	0.02123	0.01477	0.02215	0.01107	0.00831	0.00831	0.00277	0.01107	0.00738	0.00369	0.00923
55	0.00982	0.00842	0.00842	0.00842	0.01122	0.00701	0.00631	0.01192	0.01894	0.02244	0.08416	0.07995	0.65285	0.02104	0.00982	0.00281	0.00421	0.01753	0.00771	0.00701
56	0.00999	0.00847	0.00865	0.00874	0.01150	0.00713	0.00664	0.01217	0.01894	0.02256	0.08227	0.08060	0.62445	0.02113	0.00990	0.00285	0.00437	0.04489	0.00771	0.00704
57	0.01776	0.01688	0.02865	0.41775	0.31139	0.01900	0.02410	0.02304	0.01759	0.02374	0.01513	0.02147	0.01196	0.00792	0.00827	0.00264	0.01056	0.00739	0.00387	0.01090
58	0.03113	0.02304	0.02468	0.01902	0.02559	0.02555	0.01568	0.60434	0.06398	0.05163	0.02052	0.02040	0.01459	0.01003	0.00832	0.00251	0.00904	0.00756	0.00832	0.01409
59	0.00982	0.00842	0.00842	0.00842	0.01122	0.00701	0.00631	0.01192	0.01894	0.02244	0.08416	0.07995	0.65285	0.02104	0.00982	0.00281	0.00421	0.01753	0.00771	0.00701
60	0.00982	0.00842	0.00842	0.00842	0.01122	0.00701	0.00631	0.01192	0.01894	0.02244	0.08416	0.07995	0.65285	0.02104	0.00982	0.00281	0.00421	0.01753	0.00771	0.00701
61	0.01666	0.04297	0.66500	0.02368	0.03596	0.01929	0.03069	0.02631	0.01754	0.02631	0.01491	0.01754	0.01052	0.00789	0.00789	0.00263	0.01228	0.00614	0.00351	0.01228
62	0.01822	0.02337	0.17077	0.23876	0.33670	0.01925	0.02591	0.02438	0.01791	0.02516	0.01521	0.02038	0.01194	0.00779	0.00818	0.00260	0.01077	0.00712	0.00385	0.01177
63	0.02056	0.01974	0.03372	0.05099	0.65622	0.01974	0.02550	0.02550	0.01892	0.02714	0.01563	0.02056	0.01316	0.00740	0.00822	0.00247	0.00987	0.00740	0.00411	0.01316
64	0.02051	0.01987	0.03450	0.05018	0.62517	0.01980	0.05593	0.02555	0.01895	0.02711	0.01569	0.02065	0.01313	0.00738	0.00830	0.00248	0.01008	0.00752	0.00412	0.01306
65	0.03158	0.02327	0.02493	0.01911	0.02576	0.02576	0.01579	0.62852	0.03906	0.05236	0.01995	0.01995	0.01413	0.00997	0.00831	0.00249	0.00914	0.00748	0.00831	0.01413
66	0.01073	0.00838	0.00972	0.00953	0.01181	0.00738	0.00709	0.01363	0.02087	0.02736	0.34263	0.10702	0.35520	0.01946	0.00985	0.00275	0.00411	0.01673	0.00837	0.00738
67	0.01176	0.00849	0.01110	0.01045	0.01241	0.00784	0.00784	0.01568	0.02352	0.03331	0.65184	0.06206	0.07839	0.01698	0.00980	0.00261	0.00392	0.01502	0.00914	0.00784
68	0.01549	0.00774	0.00774	0.00774	0.00968	0.00774	0.00581	0.01936	0.01742	0.03097	0.02710	0.03097	0.02129	0.00968	0.00581	0.00194	0.00387	0.00774	0.75416	0.00774
69	0.00982	0.00842	0.00842	0.00842	0.01122	0.00701	0.00631	0.01192	0.01894	0.02244	0.08416	0.07995	0.65285	0.02104	0.00982	0.00281	0.00421	0.01753	0.00771	0.00701
70	0.02066	0.01785	0.01878	0.01691	0.02160	0.02066	0.01315	0.04414	0.64121	0.03475	0.03381	0.03099	0.02536	0.01127	0.00845	0.00282	0.00657	0.00939	0.00845	0.01315
71	0.01208	0.00805	0.00906	0.00906	0.00906	0.00805	0.00503	0.01208	0.01208	0.01611	0.02618	0.05436	0.03020	0.70804	0.04228	0.00805	0.00805	0.01208	0.00503	0.00503
72	0.02066	0.01785	0.01878	0.01691	0.02160	0.02066	0.01315	0.04414	0.64121	0.03475	0.03381	0.03099	0.02536	0.01127	0.00845	0.00282	0.00657	0.00939	0.00845	0.01315
73	0.03044	0.03847	0.02412	0.02308	0.06142	0.63757	0.01659	0.03274	0.02328	0.02072	0.01300	0.01530	0.01084	0.00850	0.00753	0.00216	0.01469	0.00547	0.00427	0.00983
74	0.01187	0.00890	0.01335	0.01335	0.01483	0.01038	0.01038	0.01483	0.01335	0.01928	0.02225	0.03264	0.02077	0.06231	0.67512	0.01335	0.02225	0.00890	0.00445	0.00742
75	0.03612	0.01599	0.02043	0.01566	0.02213	0.01496	0.01294	0.15985	0.02688	0.53823	0.03017	0.02658	0.01926	0.01022	0.00835	0.00255	0.00749	0.00818	0.00988	0.01414
76	0.03727	0.01414	0.01928	0.01478	0.02121	0.01221	0.01221	0.04049	0.02378	0.66198	0.03277	0.02828	0.02056	0.01028	0.00835	0.00257	0.00707	0.00835	0.01028	0.01414
77	0.02903	0.03195	0.02592	0.02690	0.15369	0.39812	0.01791	0.16339	0.02604	0.02880	0.01498	0.01721	0.01196	0.00864	0.00782	0.00228	0.01265	0.00624	0.00514	0.01134
78	0.02221	0.71304	0.04353	0.01421	0.02132	0.03287	0.01421	0.02488	0.01688	0.01955	0.01155	0.01333	0.01066	0.00711	0.00533	0.00178	0.00888	0.00444	0.00355	0.01066
79	0.01012	0.00723	0.00964	0.01157	0.01205	0.00675	0.00771	0.01157	0.01591	0.02121	0.04579	0.70262	0.05495	0.02603	0.01060	0.00337	0.00482	0.02362	0.00771	0.00675
80	0.02056	0.01974	0.03372	0.05099	0.65622	0.01974	0.02550	0.02550	0.01892	0.02714	0.01563	0.02056	0.01316	0.00740	0.00822	0.00247	0.00987	0.00740	0.00411	0.01316
81	0.01905	0.33140	0.39749	0.01960	0.02966	0.02514	0.02360	0.02569	0.01726	0.02340	0.01346	0.01573	0.01058	0.00755	0.00679	0.00226	0.01082	0.00541	0.00353	0.01158
82	0.02056	0.01974	0.03372	0.05099	0.65622	0.01974	0.02550	0.02550	0.01892	0.02714	0.01563	0.02056	0.01316	0.00740	0.00822	0.00247	0.00987	0.00740	0.00411	0.01316
83	0.00982	0.00842	0.00842	0.00842	0.01122	0.00701	0.00631	0.01192	0.01894	0.02244	0.08416	0.07995	0.65285	0.02104	0.00982	0.00281	0.00421	0.01753	0.00771	0.00701
84	0.01539	0.01223	0.01416	0.01413	0.01728	0.01275	0.01159	0.05640	0.18709	0.02838	0.05050	0.06924	0.19898	0.01861	0.01006	0.00321	0.00654	0.25623	0.00792	0.00931
85	0.02056	0.01974	0.03372	0.05099	0.65622	0.01974	0.02550	0.02550	0.01892	0.02714	0.01563	0.02056	0.01316	0.00740	0.00822	0.00247	0.00987	0.00740	0.00411	0.01316
86	0.02056	0.01974	0.03372	0.05099	0.65622	0.01974	0.02550	0.02550	0.01892	0.02714	0.01563	0.02056	0.01316	0.00740	0.00822	0.00247	0.00987	0.00740	0.00411	0.01316
87	0.01030	0.00843	0.00909	0.00893	0.01152	0.00722	0.00669	0.01286	0.02008	0.02516	0.22621	0.07547	0.50910	0.02002	0.00981	0.00276	0.00414	0.01690	0.00807	0.00722
88	0.03103	0.03959	0.02354	0.02140	0.02568	0.67469	0.01605	0.03317	0.02354	0.02033	0.01284	0.01498	0.01070	0.00856	0.00749	0.00214	0.01498	0.00535	0.00428	0.00963
89	0.01549	0.00774	0.00774	0.00774	0.00968	0.00774	0.00581	0.01936	0.01742	0.03097	0.02710	0.03097	0.02129	0.00968	0.00581	0.00194	0.00387	0.00774	0.75416	0.00774
90	0.01012	0.00723	0.00964	0.01157	0.01205	0.00675	0.00771	0.01157	0.01591	0.02121	0.04579	0.70262	0.05495	0.02603	0.01060	0.00337	0.00482	0.02362	0.00771	0.00675
91	0.01001	0.00842	0.00868	0.00862	0.01134	0.00709	0.00646	0.01229	0.01939	0.02351	0.13993	0.07819	0.59642	0.02064	0.00982	0.00279	0.00418	0.01729	0.00785	0.00709
92	0.02221	0.71304	0.04353	0.01421	0.02132	0.03287	0.01421	0.02488	0.01688	0.01955	0.01155	0.01333	0.01066	0.00711	0.00533	0.00178	0.00888	0.00444	0.00355	0.01066
93	0.01026	0.00758	0.00965	0.01123	0.01221	0.00696	0.00780	0.01197	0.01663	0.02164	0.05245	0.55628	0.16004	0.02496	0.01052	0.00330	0.00488	0.05706	0.00771	0.00685
94	0.01507	0.00869	0.00969	0.00943	0.01122	0.00906	0.00695	0.04481	0.01689	0.02769	0.02579	0.03421	0.02219	0.12163	0.12898	0.00487	0.00795	0.00857	0.47873	0.00757
95	0.01591	0.01226	0.01415	0.01331	0.01625	0.01276	0.01019	0.10706	0.14869	0.03200	0.20785	0.19402	0.11203	0.01760	0.00959	0.00290	0.00565	0.05000	0.00833	0.00947
96	0.17539	0.36728	0.06152	0.01545	0.02206	0.08900	0.01435	0.12107	0.02049	0.02872	0.01316	0.01476	0.01087	0.00786	0.00609	0.00213	0.00916	0.00510	0.00469	0.01085
97	0.02691	0.02770	0.02451	0.02585	0.15257	0.29164	0.01712	0.10251	0.16331	0.05648	0.01980	0.02086	0.01532	0.00917	0.00799	0.00242	0.01104	0.00705	0.00591	0.01185
98	0.02382	0.41458	0.11393	0.01917	0.05646	0.20313	0.01730	0.02731	0.01886	0.02097	0.01252	0.01465	0.01078	0.00761	0.00637	0.00201	0.01099	0.00504	0.00377	0.01071
99	0.01075	0.00845	0.00975	0.00971	0.01204	0.00745	0.00734	0.01359	0.02049	0.02654	0.28994	0.10414	0.37731	0.01989	0.00994	0.00282	0.00433	0.04993	0.00824	0.00734
100	0.02118	0.02293	0.03122	0.17220	0.06629	0.16460	0.20135	0.05943	0.01989	0.02443	0.01577	0.02120	0.01263	0.01351	0.07285	0.00366	0.05452	0.00781	0.00433	0.01019
101	0.01943	0.01831	0.04573	0.01608	0.02008	0.14599	0.12039	0.02375	0.01906	0.02783	0.02185	0.02563	0.01713	0.00890	0.00695	0.00216	0.00830	0.00756	0.43593	0.00894
102	0.02056	0.01974	0.03372	0.05099	0.65622	0.01974	0.02550	0.02550	0.01892	0.02714	0.01563	0.02056	0.01316	0.00740	0.00822	0.00247	0.00987	0.00740	0.00411	0.01316
103	0.01031	0.00731	0.00958	0.01132	0.01176	0.00688	0.00745	0.01162	0.01553	0.02071	0.04386	0.63894	0.05251	0.09303	0.01372	0.00383	0.00514	0.02248	0.00745	0.00658
104	0.01177	0.00792	0.00915	0.00946	0.00953	0.00785	0.00546	0.01200	0.01269	0.01691	0.02928	0.15685	0.03411	0.60022	0.03727	0.00731	0.00754	0.01390	0.00546	0.00530
105	0.03039	0.03272	0.02265	0.01995	0.02472	0.46316	0.01527	0.09241	0.10346	0.08941	0.01818	0.01882	0.01388	0.00921	0.00778	0.00230	0.01256	0.00637	0.00580	0.01096
106	0.05487	0.21863	0.09022	0.15504	0.06102	0.17907	0.01793	0.02649	0.01889	0.05321	0.01709	0.01977	0.03800	0.00855	0.00716	0.00230	0.01077	0.00630	0.00435	0.01034
107	0.09587	0.06607	0.05840	0.03676	0.36568	0.15341	0.05554	0.02701	0.01924	0.02623	0.01445	0.01827	0.01196	0.00765	0.00767	0.00240	0.01085	0.00660	0.00419	0.01174
108	0.02470	0.02654	0.02659	0.06900	0.25448	0.25788	0.01937	0.06401	0.12406	0.02696	0.01780	0.02031	0.01421	0.00865	0.00801	0.00242	0.01121	0.00699	0.00509	0.01171

[dist]
# distance from previous block
# <min> <max>
0	7

[block]
# block no. 1 follows, 22 sequences, length 11
# corresponding to MSA columns:
# 237-247
name=unknown_B
#
# <colnr> <probs for GDERKNQSTAVLIFYWHMCP>
#	G	D	E	R	K	N	Q	S	T	A	V	L	I	F	Y	W	H	M	C	P
0	0.01862	0.01433	0.01939	0.10919	0.02422	0.01555	0.05279	0.18542	0.02202	0.02938	0.05112	0.14872	0.05883	0.04959	0.01517	0.12248	0.03646	0.01149	0.00620	0.00901
1	0.02377	0.02430	0.02875	0.13801	0.32955	0.18141	0.02158	0.10242	0.02223	0.02772	0.01535	0.01936	0.01235	0.00815	0.00807	0.00244	0.01122	0.00690	0.00462	0.01181
2	0.02249	0.02393	0.03014	0.12378	0.42795	0.17859	0.02290	0.02682	0.01975	0.02474	0.01484	0.01941	0.01230	0.00780	0.00806	0.00243	0.01126	0.00690	0.00410	0.01181
3	0.01979	0.01895	0.03233	0.15167	0.56156	0.01954	0.02511	0.02482	0.01855	0.02621	0.01549	0.02081	0.01283	0.00754	0.00824	0.00251	0.01006	0.00740	0.00405	0.01254
4	0.01382	0.00818	0.00983	0.00983	0.01136	0.00869	0.00728	0.01690	0.01536	0.02511	0.02533	0.03448	0.02223	0.11534	0.23928	0.00661	0.01068	0.00868	0.40374	0.00729
5	0.02342	0.48084	0.03621	0.01547	0.02207	0.02958	0.01427	0.12369	0.13102	0.02743	0.01682	0.01750	0.01381	0.00830	0.00635	0.00207	0.00852	0.00580	0.00517	0.01165
6	0.01522	0.01230	0.01383	0.01369	0.01643	0.01320	0.01040	0.02621	0.27828	0.02708	0.04372	0.16923	0.12188	0.09165	0.01312	0.00363	0.00626	0.10672	0.00773	0.00942
7	0.09256	0.03174	0.02364	0.02182	0.06624	0.39474	0.01600	0.19859	0.02679	0.03117	0.01491	0.01661	0.01168	0.00881	0.00757	0.00230	0.01229	0.00601	0.00547	0.01107
8	0.02599	0.02512	0.02759	0.03232	0.28008	0.17319	0.01953	0.19294	0.08299	0.03312	0.01784	0.02007	0.01398	0.00873	0.00810	0.00243	0.01055	0.00713	0.00569	0.01260
9	0.02182	0.02277	0.02955	0.03301	0.26432	0.13834	0.11486	0.03081	0.16658	0.02739	0.02290	0.02516	0.04632	0.00912	0.00847	0.00256	0.01040	0.00837	0.00535	0.01191
10	0.01481	0.01371	0.01320	0.01396	0.01630	0.11364	0.01121	0.01761	0.01937	0.02304	0.05001	0.15403	0.20424	0.02055	0.01029	0.00323	0.00753	0.27844	0.00714	0.00768

[dist]
# distance from previous block
# <min> <max>
0	1

[block]
# block no. 2 follows, 22 sequences, length 63
# corresponding to MSA columns:
# 249-311
name=unknown_C
#
# <colnr> <probs for GDERKNQSTAVLIFYWHMCP>
#	G	D	E	R	K	N	Q	S	T	A	V	L	I	F	Y	W	H	M	C	P
0	0.02401	0.02391	0.02221	0.01925	0.02248	0.21733	0.01532	0.17234	0.02257	0.02790	0.01608	0.02068	0.01370	0.02163	0.15243	0.00494	0.18083	0.00709	0.00515	0.01014
1	0.01977	0.01893	0.03229	0.15463	0.55877	0.01953	0.02510	0.02480	0.01854	0.02618	0.01549	0.02082	0.01282	0.00755	0.00824	0.00252	0.01007	0.00740	0.00404	0.01252
2	0.08435	0.02407	0.02135	0.01781	0.02316	0.15905	0.01417	0.30048	0.15573	0.03957	0.02110	0.02135	0.01576	0.00975	0.00777	0.00246	0.00931	0.00721	0.05336	0.01220
3	0.01970	0.01884	0.03170	0.04759	0.60477	0.01872	0.02397	0.02441	0.01892	0.02677	0.02109	0.02530	0.06419	0.00849	0.00835	0.00249	0.00942	0.00821	0.00440	0.01267
4	0.01121	0.00791	0.00909	0.00957	0.01017	0.00755	0.00591	0.01193	0.01419	0.01845	0.04089	0.21925	0.14214	0.42239	0.02892	0.00600	0.00660	0.01586	0.00615	0.00579
5	0.02056	0.01974	0.03372	0.05099	0.65622	0.01974	0.02550	0.02550	0.01892	0.02714	0.01563	0.02056	0.01316	0.00740	0.00822	0.00247	0.00987	0.00740	0.00411	0.01316
6	0.01176	0.00849	0.01110	0.01045	0.01241	0.00784	0.00784	0.01568	0.02352	0.03331	0.65184	0.06206	0.07839	0.01698	0.00980	0.00261	0.00392	0.01502	0.00914	0.00784
7	0.01012	0.00723	0.00964	0.01157	0.01205	0.00675	0.00771	0.01157	0.01591	0.02121	0.04579	0.70262	0.05495	0.02603	0.01060	0.00337	0.00482	0.02362	0.00771	0.00675
8	0.02348	0.17150	0.03236	0.02218	0.02642	0.23982	0.11329	0.02640	0.01825	0.02106	0.01262	0.01678	0.01106	0.00982	0.01339	0.00262	0.21866	0.00645	0.00392	0.00993
9	0.02150	0.01826	0.01925	0.01707	0.02192	0.02105	0.01335	0.08875	0.59525	0.03610	0.03275	0.03015	0.02450	0.01117	0.00844	0.00279	0.00677	0.00925	0.00844	0.01322
10	0.01504	0.01325	0.04292	0.01370	0.01706	0.01277	0.01125	0.02559	0.22654	0.03194	0.31809	0.05460	0.07811	0.01562	0.00948	0.00284	0.00566	0.08738	0.00842	0.00973
11	0.01174	0.00886	0.01118	0.01225	0.01431	0.00829	0.01002	0.01477	0.01911	0.02441	0.10839	0.14742	0.25095	0.02213	0.01070	0.00334	0.00592	0.30105	0.00780	0.00736
12	0.01208	0.00805	0.00906	0.00906	0.00906	0.00805	0.00503	0.01208	0.01208	0.01611	0.02618	0.05436	0.03020	0.70804	0.04228	0.00805	0.00805	0.01208	0.00503	0.00503
13	0.00982	0.00842	0.00842	0.00842	0.01122	0.00701	0.00631	0.01192	0.01894	0.02244	0.08416	0.07995	0.65285	0.02104	0.00982	0.00281	0.00421	0.01753	0.00771	0.00701
14	0.76672	0.01607	0.01221	0.01092	0.01607	0.01864	0.00900	0.02442	0.01414	0.03727	0.01157	0.01350	0.00900	0.00771	0.00514	0.00257	0.00643	0.00450	0.00514	0.00900
15	0.02066	0.01785	0.01878	0.01691	0.02160	0.02066	0.01315	0.04414	0.64121	0.03475	0.03381	0.03099	0.02536	0.01127	0.00845	0.00282	0.00657	0.00939	0.00845	0.01315
16	0.00982	0.00842	0.00842	0.00842	0.01122	0.00701	0.00631	0.01192	0.01894	0.02244	0.08416	0.07995	0.65285	0.02104	0.00982	0.00281	0.00421	0.01753	0.00771	0.00701
17	0.01818	0.01818	0.02545	0.02181	0.02181	0.02545	0.01818	0.01999	0.01272	0.01999	0.01091	0.01818	0.01091	0.01454	0.02726	0.00364	0.69284	0.00727	0.00364	0.00909
18	0.03158	0.02327	0.02493	0.01911	0.02576	0.02576	0.01579	0.62852	0.03906	0.05236	0.01995	0.01995	0.01413	0.00997	0.00831	0.00249	0.00914	0.00748	0.00831	0.01413
19	0.01208	0.00805	0.00906	0.00906	0.00906	0.00805	0.00503	0.01208	0.01208	0.01611	0.02618	0.05436	0.03020	0.70804	0.04228	0.00805	0.00805	0.01208	0.00503	0.00503
20	0.01549	0.00774	0.00774	0.00774	0.00968	0.00774	0.00581	0.01936	0.01742	0.03097	0.02710	0.03097	0.02129	0.00968	0.00581	0.00194	0.00387	0.00774	0.75416	0.00774
21	0.01569	0.01477	0.02492	0.68808	0.05722	0.01846	0.02307	0.02123	0.01661	0.02123	0.01477	0.02215	0.01107	0.00831	0.00831	0.00277	0.01107	0.00738	0.00369	0.00923
22	0.01263	0.01002	0.01481	0.01437	0.01568	0.01220	0.01133	0.01546	0.01328	0.01937	0.02088	0.03089	0.01958	0.05654	0.59688	0.01218	0.10324	0.00870	0.00435	0.00762
23	0.00995	0.00789	0.00895	0.00980	0.01158	0.00690	0.00693	0.01177	0.01760	0.02190	0.06730	0.35346	0.39022	0.02323	0.01016	0.00305	0.00448	0.02021	0.00771	0.00690
24	0.01012	0.00723	0.00964	0.01157	0.01205	0.00675	0.00771	0.01157	0.01591	0.02121	0.04579	0.70262	0.05495	0.02603	0.01060	0.00337	0.00482	0.02362	0.00771	0.00675
25	0.01138	0.00805	0.01047	0.01096	0.01173	0.00810	0.00743	0.01308	0.01539	0.02115	0.13330	0.25178	0.04374	0.25001	0.15888	0.00682	0.00933	0.01547	0.00641	0.00652
26	0.02056	0.01974	0.03372	0.05099	0.65622	0.01974	0.02550	0.02550	0.01892	0.02714	0.01563	0.02056	0.01316	0.00740	0.00822	0.00247	0.00987	0.00740	0.00411	0.01316
27	0.01263	0.01002	0.01481	0.01437	0.01568	0.01220	0.01133	0.01546	0.01328	0.01937	0.02088	0.03089	0.01958	0.05654	0.59688	0.01218	0.10324	0.00870	0.00435	0.00762
28	0.02056	0.01974	0.03372	0.05099	0.65622	0.01974	0.02550	0.02550	0.01892	0.02714	0.01563	0.02056	0.01316	0.00740	0.00822	0.00247	0.00987	0.00740	0.00411	0.01316
29	0.69140	0.01525	0.01183	0.01067	0.01540	0.01756	0.00864	0.02354	0.01419	0.03588	0.01307	0.01644	0.01068	0.04351	0.00707	0.00282	0.00638	0.00504	0.04187	0.00873
30	0.01981	0.02228	0.15478	0.01721	0.02423	0.01740	0.01628	0.07394	0.14862	0.05509	0.01949	0.02090	0.01498	0.00888	0.00936	0.00224	0.07648	0.00667	0.00570	0.28564
31	0.01208	0.00805	0.00906	0.00906	0.00906	0.00805	0.00503	0.01208	0.01208	0.01611	0.02618	0.05436	0.03020	0.70804	0.04228	0.00805	0.00805	0.01208	0.00503	0.00503
32	0.02056	0.01974	0.03372	0.05099	0.65622	0.01974	0.02550	0.02550	0.01892	0.02714	0.01563	0.02056	0.01316	0.00740	0.00822	0.00247	0.00987	0.00740	0.00411	0.01316
33	0.00982	0.00842	0.00842	0.00842	0.01122	0.00701	0.00631	0.01192	0.01894	0.02244	0.08416	0.07995	0.65285	0.02104	0.00982	0.00281	0.00421	0.01753	0.00771	0.00701
34	0.01012	0.00723	0.00964	0.01157	0.01205	0.00675	0.00771	0.01157	0.01591	0.02121	0.04579	0.70262	0.05495	0.02603	0.01060	0.00337	0.00482	0.02362	0.00771	0.00675
35	0.02194	0.01848	0.01951	0.01717	0.02209	0.02126	0.01346	0.11276	0.57051	0.03682	0.03218	0.02970	0.02404	0.01112	0.00844	0.00278	0.00688	0.00917	0.00844	0.01326
36	0.02170	0.54252	0.17272	0.01622	0.02438	0.02914	0.01758	0.02585	0.01732	0.04863	0.01317	0.01485	0.01106	0.00741	0.00600	0.00199	0.00952	0.00497	0.00383	0.01115
37	0.01926	0.01208	0.01386	0.01220	0.01449	0.01236	0.00852	0.15183	0.01980	0.10258	0.02733	0.10089	0.02767	0.40908	0.02787	0.00575	0.00789	0.01163	0.00663	0.00830
38	0.00997	0.00842	0.00862	0.00857	0.01131	0.00708	0.00643	0.01221	0.01928	0.02327	0.12749	0.07858	0.60901	0.02073	0.00982	0.00279	0.00419	0.01734	0.00782	0.00708
39	0.02952	0.03331	0.02332	0.02040	0.02475	0.46501	0.01574	0.15336	0.02564	0.02729	0.01473	0.01690	0.01185	0.00935	0.00910	0.00232	0.06507	0.00603	0.03587	0.01043
40	0.02897	0.02276	0.02341	0.01870	0.02477	0.05533	0.01518	0.46179	0.18103	0.04666	0.02289	0.02233	0.01663	0.01021	0.00831	0.00255	0.00881	0.00783	0.00815	0.01368
41	0.03103	0.03959	0.02354	0.02140	0.02568	0.67469	0.01605	0.03317	0.02354	0.02033	0.01284	0.01498	0.01070	0.00856	0.00749	0.00214	0.01498	0.00535	0.00428	0.00963
42	0.01086	0.00846	0.00986	0.00951	0.01186	0.00746	0.00713	0.01393	0.02139	0.02827	0.38844	0.07036	0.34493	0.01887	0.00981	0.00270	0.00405	0.01619	0.00848	0.00746
43	0.00985	0.00827	0.00856	0.00880	0.01132	0.00698	0.00648	0.01188	0.01857	0.02229	0.07952	0.15515	0.58064	0.02164	0.00991	0.00287	0.00428	0.01827	0.00771	0.00698
44	0.02056	0.01974	0.03372	0.05099	0.65622	0.01974	0.02550	0.02550	0.01892	0.02714	0.01563	0.02056	0.01316	0.00740	0.00822	0.00247	0.00987	0.00740	0.00411	0.01316
45	0.01097	0.00784	0.01062	0.01254	0.01339	0.00748	0.00919	0.01304	0.01674	0.02216	0.04532	0.54398	0.05309	0.02522	0.01083	0.00349	0.00556	0.17386	0.00770	0.00698
46	0.03727	0.01414	0.01928	0.01478	0.02121	0.01221	0.01221	0.04049	0.02378	0.66198	0.03277	0.02828	0.02056	0.01028	0.00835	0.00257	0.00707	0.00835	0.01028	0.01414
47	0.01208	0.00805	0.00906	0.00906	0.00906	0.00805	0.00503	0.01208	0.01208	0.01611	0.02618	0.05436	0.03020	0.70804	0.04228	0.00805	0.00805	0.01208	0.00503	0.00503
48	0.02979	0.03651	0.02483	0.02488	0.10184	0.56839	0.01718	0.05720	0.02363	0.02250	0.01348	0.01586	0.01114	0.00848	0.00761	0.00219	0.01412	0.00569	0.00443	0.01025
49	0.02828	0.03436	0.02723	0.02416	0.05271	0.49115	0.09025	0.05756	0.02275	0.02276	0.01360	0.01657	0.01120	0.00885	0.00934	0.00236	0.06614	0.00621	0.00439	0.01012
50	0.01208	0.00805	0.00906	0.00906	0.00906	0.00805	0.00503	0.01208	0.01208	0.01611	0.02618	0.05436	0.03020	0.70804	0.04228	0.00805	0.00805	0.01208	0.00503	0.00503
51	0.01263	0.00866	0.01218	0.01218	0.01375	0.00983	0.00943	0.01578	0.01420	0.02173	0.02327	0.03229	0.02088	0.05128	0.53487	0.01096	0.01840	0.00866	0.16155	0.00749
52	0.03046	0.02229	0.02103	0.01707	0.02269	0.15562	0.01368	0.26158	0.02902	0.21591	0.02987	0.02853	0.09239	0.01110	0.00833	0.00248	0.00918	0.00850	0.00796	0.01233
53	0.02759	0.02059	0.02214	0.01761	0.02338	0.02279	0.01433	0.45955	0.13649	0.04709	0.07077	0.02545	0.02119	0.01071	0.00834	0.00253	0.00810	0.00838	0.03976	0.01322
54	0.01808	0.01474	0.01555	0.01432	0.01708	0.04825	0.01075	0.12521	0.15068	0.02838	0.03380	0.12846	0.07680	0.18576	0.01806	0.00420	0.03465	0.05902	0.00697	0.00925
55	0.01322	0.01014	0.01357	0.06505	0.01842	0.01059	0.01178	0.03957	0.01824	0.02380	0.04357	0.22752	0.11579	0.05636	0.01304	0.00366	0.04049	0.26047	0.00707	0.00767
56	0.02019	0.02284	0.13543	0.03029	0.25282	0.04984	0.02071	0.12041	0.02117	0.02942	0.04814	0.02358	0.01709	0.01774	0.11824	0.00433	0.04348	0.00771	0.00497	0.01161
57	0.20443	0.02003	0.02595	0.03543	0.38659	0.07690	0.01952	0.02629	0.04401	0.02924	0.01648	0.02223	0.01407	0.00848	0.00757	0.00254	0.00923	0.03471	0.00473	0.01156
58	0.02343	0.02906	0.10392	0.07959	0.18212	0.25361	0.04645	0.03105	0.12024	0.02536	0.01745	0.02008	0.01374	0.00855	0.00803	0.00246	0.01173	0.00694	0.00477	0.01141
59	0.05165	0.02008	0.02309	0.10454	0.15751	0.08507	0.01665	0.22220	0.04965	0.03463	0.01910	0.02295	0.01507	0.04106	0.00935	0.00269	0.00922	0.00745	0.09659	0.01146
60	0.08686	0.02078	0.01951	0.01666	0.02168	0.12858	0.01326	0.18169	0.14661	0.13834	0.02834	0.05715	0.05113	0.01173	0.00828	0.00264	0.00856	0.03878	0.00764	0.01178
61	0.01752	0.01900	0.07858	0.02418	0.09005	0.01724	0.18661	0.02812	0.19617	0.02845	0.06025	0.03876	0.12801	0.01181	0.00918	0.00280	0.00899	0.03695	0.00629	0.01104
62	0.34920	0.04907	0.05572	0.02001	0.02599	0.02074	0.18576	0.02673	0.07856	0.03123	0.01537	0.01835	0.01196	0.00845	0.00887	0.00272	0.06927	0.00680	0.00493	0.01027

[dist]
# distance from previous block
# <min> <max>
0	109

[block]
# block no. 3 follows, 22 sequences, length 30
# corresponding to MSA columns:
# 422-451
name=unknown_D
#
# <colnr> <probs for GDERKNQSTAVLIFYWHMCP>
#	G	D	E	R	K	N	Q	S	T	A	V	L	I	F	Y	W	H	M	C	P
0	0.07786	0.20579	0.16123	0.01769	0.02471	0.11840	0.01722	0.11829	0.09066	0.02958	0.01700	0.01835	0.01323	0.00856	0.00699	0.00230	0.00982	0.00611	0.04484	0.01137
1	0.10299	0.10336	0.01871	0.01399	0.01825	0.09167	0.01132	0.02780	0.16939	0.06647	0.07885	0.03771	0.11811	0.01425	0.03205	0.00295	0.00781	0.03954	0.03472	0.01004
2	0.12114	0.04594	0.01774	0.04629	0.05778	0.13309	0.01214	0.06064	0.08994	0.02854	0.10202	0.03944	0.18767	0.01285	0.00818	0.00255	0.00781	0.01021	0.00646	0.00957
3	0.06756	0.23983	0.13459	0.01906	0.02617	0.15061	0.07186	0.02906	0.09743	0.02488	0.01583	0.01763	0.01268	0.00802	0.00700	0.00223	0.01048	0.00604	0.00454	0.05453
4	0.05632	0.16365	0.06129	0.02716	0.22611	0.05462	0.01804	0.05949	0.06547	0.07558	0.01874	0.02329	0.01549	0.00882	0.00749	0.00234	0.00902	0.03807	0.00528	0.06373
5	0.02436	0.02480	0.05490	0.09922	0.12072	0.17785	0.04318	0.11767	0.05024	0.06063	0.01664	0.01964	0.01297	0.00921	0.01011	0.00252	0.08637	0.00693	0.00522	0.05682
6	0.07815	0.12697	0.02696	0.02681	0.21305	0.20164	0.01695	0.05822	0.02009	0.02590	0.01549	0.01902	0.01299	0.01203	0.05616	0.00304	0.01132	0.00632	0.05813	0.01075
7	0.33952	0.13781	0.01916	0.01305	0.01797	0.13072	0.01079	0.04386	0.01800	0.02893	0.02645	0.02711	0.13736	0.01047	0.00661	0.00241	0.00795	0.00732	0.00534	0.00917
8	0.02494	0.01922	0.02087	0.01643	0.02245	0.02020	0.01331	0.35899	0.12284	0.04224	0.05839	0.02682	0.05605	0.01047	0.00809	0.00233	0.00763	0.00827	0.00771	0.15276
9	0.01535	0.01083	0.01224	0.01116	0.01271	0.01107	0.00738	0.11137	0.01695	0.02292	0.02558	0.08451	0.02777	0.49285	0.05817	0.00673	0.00850	0.01152	0.00569	0.04667
10	0.02407	0.39472	0.03923	0.02027	0.02688	0.20343	0.13598	0.02745	0.01922	0.02116	0.01294	0.01557	0.01106	0.00748	0.00680	0.00208	0.01154	0.00575	0.00388	0.01049
11	0.01082	0.00778	0.01022	0.01192	0.01278	0.00736	0.00852	0.01266	0.01645	0.02165	0.04656	0.51425	0.08764	0.06605	0.01262	0.00370	0.00550	0.12914	0.00754	0.00683
12	0.02478	0.01499	0.01710	0.01526	0.01938	0.06130	0.01226	0.10098	0.05509	0.24488	0.07010	0.14592	0.03346	0.01554	0.00935	0.00292	0.00746	0.12976	0.00852	0.01094
13	0.02487	0.06864	0.02324	0.01906	0.02270	0.30327	0.01509	0.12233	0.02199	0.02515	0.01548	0.01965	0.01327	0.02024	0.14278	0.00462	0.11628	0.00663	0.00482	0.00989
14	0.01208	0.00805	0.00906	0.00906	0.00906	0.00805	0.00503	0.01208	0.01208	0.01611	0.02618	0.05436	0.03020	0.70804	0.04228	0.00805	0.00805	0.01208	0.00503	0.00503
15	0.01139	0.00806	0.00897	0.00915	0.00982	0.00770	0.00557	0.01200	0.01397	0.01800	0.04093	0.12083	0.17123	0.49107	0.03208	0.00645	0.00689	0.01438	0.00588	0.00564
16	0.03065	0.03606	0.02355	0.02084	0.02551	0.54355	0.01588	0.12695	0.05379	0.02600	0.01490	0.01648	0.01190	0.00890	0.00766	0.00223	0.01369	0.00587	0.00510	0.01049
17	0.06156	0.01512	0.01474	0.01291	0.01677	0.04508	0.01014	0.15994	0.14535	0.03582	0.02876	0.02978	0.05722	0.01058	0.00716	0.00233	0.00624	0.00831	0.32186	0.01034
18	0.01223	0.00874	0.01206	0.01398	0.01539	0.00857	0.01138	0.01522	0.01799	0.02357	0.04462	0.30904	0.05033	0.02404	0.01117	0.00367	0.00665	0.39637	0.00767	0.00733
19	0.01976	0.01902	0.03309	0.08640	0.53651	0.01914	0.06872	0.02482	0.01884	0.02661	0.01736	0.02518	0.01507	0.00836	0.00854	0.00259	0.01011	0.04312	0.00431	0.01245
20	0.02568	0.03256	0.08121	0.10307	0.17448	0.39481	0.02026	0.02949	0.02119	0.02251	0.01387	0.01728	0.01129	0.00821	0.00778	0.00233	0.01314	0.00612	0.00411	0.01062
21	0.09227	0.02431	0.02081	0.01754	0.02205	0.22353	0.01372	0.19049	0.02485	0.12305	0.01892	0.02285	0.01515	0.08937	0.01306	0.00312	0.06050	0.00720	0.00635	0.01088
22	0.01471	0.01859	0.14066	0.01340	0.01676	0.08613	0.01171	0.01726	0.01569	0.01982	0.03208	0.07962	0.11827	0.35196	0.02503	0.00528	0.00894	0.01154	0.00518	0.00738
23	0.02232	0.01735	0.01848	0.01537	0.02031	0.01875	0.01230	0.29822	0.17519	0.03950	0.07698	0.04023	0.18215	0.01349	0.00881	0.00266	0.00698	0.01092	0.00824	0.01172
24	0.02096	0.02165	0.06232	0.04169	0.47307	0.05573	0.02296	0.02940	0.13410	0.02813	0.01880	0.02203	0.01515	0.00821	0.00821	0.00252	0.00966	0.00759	0.00489	0.01292
25	0.01843	0.04820	0.22743	0.23048	0.18692	0.06018	0.02504	0.02460	0.01766	0.02403	0.01458	0.01939	0.01135	0.00830	0.00909	0.00263	0.04999	0.00678	0.00376	0.01117
26	0.01936	0.32691	0.33092	0.02090	0.03054	0.02528	0.08997	0.02573	0.01749	0.02345	0.01368	0.01628	0.01081	0.00746	0.00701	0.00229	0.01102	0.00582	0.00360	0.01147
27	0.02492	0.10540	0.24981	0.02307	0.07566	0.05477	0.08838	0.03078	0.02001	0.21753	0.02008	0.02094	0.01401	0.00843	0.00796	0.00250	0.01048	0.00708	0.00573	0.01246
28	0.01963	0.02887	0.23354	0.06848	0.23160	0.06794	0.17753	0.02638	0.01888	0.02595	0.01545	0.01975	0.01191	0.00759	0.00847	0.00259	0.01210	0.00746	0.00394	0.01193
29	0.01745	0.02959	0.33395	0.03247	0.24919	0.01812	0.06196	0.02436	0.01796	0.02603	0.01880	0.09705	0.01663	0.00974	0.00843	0.00267	0.01069	0.00879	0.00424	0.01189

[dist]
# distance from previous block
# <min> <max>
1	37

[block]
# block no. 4 follows, 22 sequences, length 20
# corresponding to MSA columns:
# 490-509
name=unknown_E
#
# <colnr> <probs for GDERKNQSTAVLIFYWHMCP>
#	G	D	E	R	K	N	Q	S	T	A	V	L	I	F	Y	W	H	M	C	P
0	0.06355	0.34817	0.17624	0.06122	0.02625	0.02505	0.01774	0.02663	0.09517	0.02423	0.01718	0.05449	0.01481	0.00895	0.00678	0.00230	0.00914	0.00669	0.00449	0.01093
1	0.02075	0.48182	0.18169	0.01647	0.02434	0.02786	0.01766	0.05717	0.01818	0.02296	0.01479	0.05526	0.01343	0.00856	0.00638	0.00210	0.00943	0.00612	0.00405	0.01099
2	0.01831	0.24251	0.47994	0.02086	0.03160	0.02334	0.02579	0.02588	0.01734	0.02429	0.01391	0.01628	0.01056	0.00766	0.00713	0.00238	0.01127	0.00563	0.00352	0.01180
3	0.07044	0.28502	0.25819	0.01831	0.02654	0.02510	0.01999	0.10057	0.01940	0.02726	0.01412	0.01654	0.01128	0.00997	0.02983	0.00270	0.04337	0.00571	0.00427	0.01138
4	0.18928	0.41863	0.08007	0.05127	0.02350	0.07588	0.01488	0.02530	0.01680	0.02418	0.01207	0.01428	0.01030	0.00747	0.00580	0.00210	0.00916	0.00481	0.00397	0.01025
5	0.01904	0.33046	0.39836	0.01962	0.02968	0.02512	0.02362	0.02569	0.01726	0.02341	0.01347	0.01573	0.01058	0.00756	0.00679	0.00226	0.01082	0.00541	0.00353	0.01158
6	0.01597	0.02772	0.32515	0.02070	0.02686	0.01898	0.02226	0.02176	0.01515	0.02281	0.01547	0.02128	0.01305	0.02266	0.17087	0.00545	0.21275	0.00712	0.00377	0.01020
7	0.01207	0.00812	0.00938	0.00938	0.00949	0.00823	0.00543	0.01228	0.01217	0.01634	0.02589	0.05276	0.02951	0.66035	0.08902	0.00845	0.00910	0.01185	0.00499	0.00521
8	0.01509	0.00941	0.01334	0.01277	0.01461	0.01020	0.00967	0.01757	0.01444	0.09941	0.02427	0.03593	0.02241	0.16999	0.47948	0.01106	0.01783	0.00939	0.00529	0.00784
9	0.02949	0.08284	0.02501	0.02095	0.02510	0.58383	0.01609	0.03164	0.02230	0.02025	0.01261	0.01511	0.01071	0.00891	0.00881	0.00223	0.06483	0.00543	0.00418	0.00966
10	0.01187	0.00890	0.01335	0.01335	0.01483	0.01038	0.01038	0.01483	0.01335	0.01928	0.02225	0.03264	0.02077	0.06231	0.67512	0.01335	0.02225	0.00890	0.00445	0.00742
11	0.01016	0.00743	0.00955	0.01113	0.01196	0.00683	0.00754	0.01179	0.01662	0.02190	0.07743	0.59677	0.13036	0.02501	0.01047	0.00327	0.00470	0.02248	0.00778	0.00683
12	0.01187	0.00890	0.01335	0.01335	0.01483	0.01038	0.01038	0.01483	0.01335	0.01928	0.02225	0.03264	0.02077	0.06231	0.67512	0.01335	0.02225	0.00890	0.00445	0.00742
13	0.02619	0.11713	0.02658	0.02063	0.02401	0.40585	0.01644	0.02830	0.01956	0.02014	0.01212	0.01571	0.01076	0.01012	0.01298	0.00253	0.21156	0.00580	0.00400	0.00960
14	0.01146	0.00812	0.00965	0.00970	0.01068	0.00770	0.00634	0.01304	0.01675	0.02255	0.21804	0.14046	0.12547	0.33578	0.02481	0.00523	0.00597	0.01506	0.00690	0.00631
15	0.02292	0.11141	0.03461	0.03800	0.36487	0.16370	0.09533	0.02722	0.01975	0.02464	0.01465	0.01867	0.01224	0.00757	0.00789	0.00235	0.01136	0.00688	0.00409	0.01184
16	0.02129	0.05616	0.14004	0.02029	0.02552	0.02161	0.05404	0.13046	0.02052	0.06882	0.05546	0.02172	0.01643	0.01107	0.01468	0.00282	0.24535	0.00752	0.00532	0.06090
17	0.02733	0.02007	0.06897	0.05955	0.02555	0.01990	0.01565	0.26229	0.10439	0.17513	0.02372	0.02379	0.01679	0.01021	0.00931	0.00261	0.05125	0.00781	0.06290	0.01278
18	0.02379	0.02838	0.01884	0.01768	0.02125	0.43188	0.01348	0.02615	0.02154	0.02115	0.03089	0.03713	0.14374	0.01586	0.04972	0.00314	0.01253	0.06876	0.00532	0.00877
19	0.04954	0.27860	0.33121	0.01884	0.02779	0.07184	0.02152	0.02560	0.01796	0.02431	0.05096	0.01831	0.01452	0.00819	0.00695	0.00229	0.01054	0.00593	0.00398	0.01111

[dist]
# distance from previous block
# <min> <max>
0	2

[block]
# block no. 5 follows, 22 sequences, length 36
# corresponding to MSA columns:
# 512-547
name=unknown_F
#
# <colnr> <probs for GDERKNQSTAVLIFYWHMCP>
#	G	D	E	R	K	N	Q	S	T	A	V	L	I	F	Y	W	H	M	C	P
0	0.17088	0.02549	0.11453	0.06207	0.25107	0.15099	0.02026	0.02630	0.01860	0.02727	0.01561	0.02153	0.01319	0.00863	0.00759	0.00253	0.01049	0.03752	0.00443	0.01101
1	0.02398	0.57823	0.03953	0.01565	0.02219	0.16135	0.01458	0.02654	0.01821	0.01970	0.01181	0.01366	0.01067	0.00740	0.00576	0.00185	0.01010	0.00462	0.00370	0.01045
2	0.01407	0.01170	0.01583	0.04458	0.01805	0.01404	0.01192	0.01936	0.10201	0.02189	0.02642	0.16461	0.02655	0.07099	0.26914	0.00738	0.13588	0.01172	0.00552	0.00834
