[name]
unknown

[dist]
# distance from previous block
# <min> <max>
0	2

[block]
# block no. 0 follows, 22 sequences, length 89
# corresponding to MSA columns:
# 2-90
name=unknown_A
#
# <colnr> <probs for GDERKNQSTAVLIFYWHMCP>
#	G	D	E	R	K	N	Q	S	T	A	V	L	I	F	Y	W	H	M	C	P
0	0.01513	0.02735	0.36026	0.01976	0.02719	0.01474	0.02260	0.02205	0.01828	0.02563	0.02851	0.05316	0.02796	0.01493	0.00957	0.00319	0.01011	0.28401	0.00544	0.01011
1	0.01755	0.07908	0.60502	0.02307	0.03474	0.04696	0.02920	0.02651	0.01775	0.02570	0.01464	0.01721	0.01054	0.00788	0.00774	0.00256	0.01221	0.00601	0.00354	0.01208
2	0.01705	0.10783	0.46838	0.15876	0.03877	0.02055	0.02740	0.02512	0.01728	0.02455	0.01453	0.01804	0.01065	0.00789	0.00771	0.00257	0.01167	0.00621	0.00355	0.01148
3	0.22624	0.12953	0.23252	0.01826	0.02579	0.19073	0.01864	0.02737	0.01807	0.02680	0.01298	0.01518	0.01017	0.00791	0.00667	0.00237	0.01090	0.00525	0.00416	0.01047
4	0.02670	0.09549	0.02398	0.01895	0.02388	0.32671	0.01486	0.09391	0.23515	0.02828	0.02056	0.02077	0.01603	0.00948	0.00769	0.00237	0.01096	0.00685	0.00603	0.01137
5	0.00999	0.00841	0.00870	0.00888	0.01153	0.00711	0.00669	0.01214	0.01879	0.02248	0.08043	0.11251	0.59563	0.02138	0.00993	0.00288	0.00439	0.04340	0.00771	0.00703
6	0.01962	0.01877	0.03201	0.17460	0.54000	0.01949	0.02503	0.02467	0.01847	0.02599	0.01546	0.02087	0.01275	0.00758	0.00824	0.00253	0.01010	0.00740	0.00403	0.01240
7	0.00982	0.00842	0.00842	0.00842	0.01122	0.00701	0.00631	0.01192	0.01894	0.02244	0.08416	0.07995	0.65285	0.02104	0.00982	0.00281	0.00421	0.01753	0.00771	0.00701
8	0.02056	0.01974	0.03372	0.05099	0.65622	0.01974	0.02550	0.02550	0.01892	0.02714	0.01563	0.02056	0.01316	0.00740	0.00822	0.00247	0.00987	0.00740	0.00411	0.01316
9	0.01039	0.00844	0.00921	0.00902	0.01157	0.00726	0.00676	0.01303	0.02029	0.02565	0.25183	0.07466	0.48317	0.01984	0.00981	0.00275	0.00412	0.01679	0.00814	0.00726
10	0.02056	0.01974	0.03372	0.05099	0.65622	0.01974	0.02550	0.02550	0.01892	0.02714	0.01563	0.02056	0.01316	0.00740	0.00822	0.00247	0.00987	0.00740	0.00411	0.01316
11	0.02910	0.02204	0.02354	0.01861	0.02482	0.02460	0.01519	0.49584	0.17577	0.04836	0.02309	0.02245	0.01668	0.01027	0.00834	0.00257	0.00856	0.00791	0.00834	0.01391
12	0.00999	0.00847	0.00866	0.00876	0.01152	0.00714	0.00666	0.01218	0.01894	0.02256	0.08217	0.08063	0.62299	0.02113	0.00990	0.00286	0.00438	0.04630	0.00771	0.00704
13	0.02482	0.51398	0.03762	0.01634	0.02261	0.22258	0.01476	0.02733	0.01885	0.01978	0.01193	0.01382	0.01067	0.00754	0.00597	0.00188	0.01069	0.00471	0.00377	0.01036
14	0.03103	0.03959	0.02354	0.02140	0.02568	0.67469	0.01605	0.03317	0.02354	0.02033	0.01284	0.01498	0.01070	0.00856	0.00749	0.00214	0.01498	0.00535	0.00428	0.00963
15	0.01760	0.07003	0.49395	0.02583	0.03698	0.02033	0.16675	0.02631	0.01798	0.02606	0.01519	0.01846	0.01101	0.00765	0.00821	0.00263	0.01251	0.00690	0.00367	0.01195
16	0.01666	0.04297	0.66500	0.02368	0.03596	0.01929	0.03069	0.02631	0.01754	0.02631	0.01491	0.01754	0.01052	0.00789	0.00789	0.00263	0.01228	0.00614	0.00351	0.01228
17	0.01335	0.00922	0.01178	0.01144	0.01240	0.01041	0.00830	0.01545	0.01381	0.02100	0.02360	0.03803	0.02307	0.25727	0.25411	0.00809	0.07540	0.00953	0.17688	0.00687
18	0.01666	0.04297	0.66500	0.02368	0.03596	0.01929	0.03069	0.02631	0.01754	0.02631	0.01491	0.01754	0.01052	0.00789	0.00789	0.00263	0.01228	0.00614	0.00351	0.01228
19	0.01057	0.00742	0.00951	0.01099	0.01136	0.00705	0.00710	0.01169	0.01503	0.02003	0.04128	0.55362	0.04926	0.18278	0.01788	0.00445	0.00556	0.02097	0.00710	0.00635
20	0.02374	0.05442	0.05082	0.01467	0.01917	0.15010	0.01218	0.10309	0.08097	0.09440	0.02310	0.02450	0.01747	0.00948	0.00705	0.00222	0.00806	0.00719	0.28693	0.01045
21	0.01176	0.00849	0.01110	0.01045	0.01241	0.00784	0.00784	0.01568	0.02352	0.03331	0.65184	0.06206	0.07839	0.01698	0.00980	0.00261	0.00392	0.01502	0.00914	0.00784
22	0.02057	0.01964	0.03295	0.04924	0.62365	0.01979	0.02486	0.02645	0.05086	0.02753	0.01656	0.02110	0.01379	0.00760	0.00824	0.00249	0.00970	0.00750	0.00433	0.01316
23	0.26471	0.10201	0.08213	0.02470	0.16885	0.02113	0.07191	0.02799	0.10857	0.03056	0.01654	0.01883	0.01302	0.00804	0.00702	0.00252	0.00873	0.00650	0.00498	0.01125
24	0.02594	0.32709	0.06222	0.01810	0.02408	0.23908	0.01601	0.11381	0.02202	0.02484	0.01329	0.01527	0.01118	0.00843	0.00776	0.00214	0.04805	0.00540	0.00447	0.01081
25	0.01799	0.01487	0.01674	0.01617	0.01984	0.01669	0.01296	0.03455	0.42564	0.03115	0.03742	0.08159	0.03347	0.01546	0.00946	0.00315	0.00681	0.18667	0.00818	0.01120
26	0.02732	0.02774	0.02296	0.08399	0.02781	0.28370	0.01599	0.19732	0.16909	0.03249	0.01979	0.02071	0.01504	0.00955	0.00801	0.00245	0.01108	0.00706	0.00628	0.01163
27	0.02612	0.01420	0.01689	0.01418	0.01929	0.01396	0.01131	0.03585	0.22832	0.32219	0.04364	0.03976	0.15167	0.01281	0.00869	0.00270	0.00632	0.01058	0.00915	0.01235
28	0.01666	0.04297	0.66500	0.02368	0.03596	0.01929	0.03069	0.02631	0.01754	0.02631	0.01491	0.01754	0.01052	0.00789	0.00789	0.00263	0.01228	0.00614	0.00351	0.01228
29	0.01666	0.04297	0.66500	0.02368	0.03596	0.01929	0.03069	0.02631	0.01754	0.02631	0.01491	0.01754	0.01052	0.00789	0.00789	0.00263	0.01228	0.00614	0.00351	0.01228
30	0.00998	0.00779	0.00906	0.01007	0.01166	0.00687	0.00705	0.01174	0.01734	0.02179	0.06400	0.40712	0.33869	0.02366	0.01023	0.00310	0.00453	0.02073	0.00771	0.00687
31	0.02056	0.01974	0.03372	0.05099	0.65622	0.01974	0.02550	0.02550	0.01892	0.02714	0.01563	0.02056	0.01316	0.00740	0.00822	0.00247	0.00987	0.00740	0.00411	0.01316
32	0.09647	0.03110	0.08461	0.01967	0.02565	0.29526	0.01661	0.24230	0.05349	0.03436	0.01631	0.01752	0.01235	0.00903	0.00764	0.00238	0.01153	0.00627	0.00588	0.01156
33	0.01159	0.00918	0.01070	0.01129	0.01375	0.00851	0.00907	0.01531	0.04795	0.02429	0.09515	0.10706	0.37328	0.02122	0.01033	0.00315	0.00545	0.20739	0.00780	0.00754
34	0.00985	0.00831	0.00853	0.00870	0.01130	0.00699	0.00644	0.01189	0.01866	0.02233	0.08067	0.13646	0.59858	0.02149	0.00989	0.00286	0.00426	0.01808	0.00771	0.00699
35	0.03674	0.01499	0.01981	0.01519	0.02163	0.01348	0.01254	0.09546	0.02521	0.60499	0.03157	0.02750	0.01996	0.01025	0.00835	0.00256	0.00726	0.00827	0.01010	0.01414
36	0.01666	0.04297	0.66500	0.02368	0.03596	0.01929	0.03069	0.02631	0.01754	0.02631	0.01491	0.01754	0.01052	0.00789	0.00789	0.00263	0.01228	0.00614	0.00351	0.01228
37	0.01967	0.01883	0.03211	0.16755	0.54663	0.01950	0.02505	0.02471	0.01849	0.02606	0.01547	0.02085	0.01278	0.00757	0.00824	0.00252	0.01009	0.00740	0.00404	0.01244
38	0.01956	0.01872	0.03192	0.18148	0.53353	0.01948	0.02500	0.02462	0.01844	0.02593	0.01545	0.02089	0.01273	0.00759	0.00824	0.00253	0.01012	0.00740	0.00403	0.01235
39	0.02963	0.03154	0.02396	0.02171	0.05708	0.39178	0.01613	0.22746	0.02785	0.03115	0.01583	0.01786	0.01250	0.01191	0.04440	0.00289	0.01320	0.00635	0.00561	0.01117
40	0.01176	0.00849	0.01110	0.01045	0.01241	0.00784	0.00784	0.01568	0.02352	0.03331	0.65184	0.06206	0.07839	0.01698	0.00980	0.00261	0.00392	0.01502	0.00914	0.00784
41	0.02582	0.37869	0.06830	0.01791	0.02404	0.31624	0.01592	0.02863	0.01986	0.02026	0.01230	0.01429	0.01067	0.00779	0.00643	0.00198	0.01177	0.00494	0.00387	0.01029
42	0.01749	0.01513	0.02345	0.03294	0.37647	0.01453	0.01756	0.02135	0.01942	0.06070	0.07084	0.04265	0.22797	0.01254	0.00884	0.00259	0.00755	0.01118	0.00589	0.01092
43	0.02729	0.03397	0.03189	0.02586	0.03149	0.46061	0.21583	0.03102	0.02225	0.02239	0.01414	0.01741	0.01132	0.00805	0.00825	0.00236	0.01466	0.00681	0.00425	0.01015
44	0.02221	0.71304	0.04353	0.01421	0.02132	0.03287	0.01421	0.02488	0.01688	0.01955	0.01155	0.01333	0.01066	0.00711	0.00533	0.00178	0.00888	0.00444	0.00355	0.01066
45	0.00982	0.00842	0.00842	0.00842	0.01122	0.00701	0.00631	0.01192	0.01894	0.02244	0.08416	0.07995	0.65285	0.02104	0.00982	0.00281	0.00421	0.01753	0.00771	0.00701
46	0.01569	0.01477	0.02492	0.68808	0.05722	0.01846	0.02307	0.02123	0.01661	0.02123	0.01477	0.02215	0.01107	0.00831	0.00831	0.00277	0.01107	0.00738	0.00369	0.00923
47	0.01012	0.00723	0.00964	0.01157	0.01205	0.00675	0.00771	0.01157	0.01591	0.02121	0.04579	0.70262	0.05495	0.02603	0.01060	0.00337	0.00482	0.02362	0.00771	0.00675
48	0.00982	0.00842	0.00842	0.00842	0.01122	0.00701	0.00631	0.01192	0.01894	0.02244	0.08416	0.07995	0.65285	0.02104	0.00982	0.00281	0.00421	0.01753	0.00771	0.00701
49	0.01187	0.00890	0.01335	0.01335	0.01483	0.01038	0.01038	0.01483	0.01335	0.01928	0.02225	0.03264	0.02077	0.06231	0.67512	0.01335	0.02225	0.00890	0.00445	0.00742
50	0.01961	0.02241	0.04902	0.03501	0.04342	0.02101	0.62605	0.02661	0.01961	0.02661	0.01681	0.02241	0.01261	0.00700	0.00980	0.00280	0.01401	0.00980	0.00420	0.01120
51	0.76672	0.01607	0.01221	0.01092	0.01607	0.01864	0.00900	0.02442	0.01414	0.03727	0.01157	0.01350	0.00900	0.00771	0.00514	0.00257	0.00643	0.00450	0.00514	0.00900
52	0.01954	0.02219	0.04782	0.03434	0.04232	0.02123	0.59515	0.02627	0.01926	0.02627	0.01651	0.02219	0.01252	0.00739	0.01069	0.00284	0.04852	0.00968	0.00417	0.01110
53	0.01549	0.00774	0.00774	0.00774	0.00968	0.00774	0.00581	0.01936	0.01742	0.03097	0.02710	0.03097	0.02129	0.00968	0.00581	0.00194	0.00387	0.00774	0.75416	0.00774
54	0.01012	0.00723	0.00964	0.01157	0.01205	0.00675	0.00771	0.01157	0.01591	0.02121	0.04579	0.70262	0.05495	0.02603	0.01060	0.00337	0.00482	0.02362	0.00771	0.00675
55	0.02743	0.01707	0.01974	0.01609	0.02117	0.01775	0.01287	0.33257	0.02993	0.18638	0.06240	0.16398	0.02746	0.01371	0.00887	0.00270	0.00749	0.01140	0.00869	0.01228
56	0.03103	0.03959	0.02354	0.02140	0.02568	0.67469	0.01605	0.03317	0.02354	0.02033	0.01284	0.01498	0.01070	0.00856	0.00749	0.00214	0.01498	0.00535	0.00428	0.00963
57	0.01758	0.03720	0.51647	0.02212	0.03266	0.01961	0.02666	0.03041	0.16089	0.02825	0.01925	0.02063	0.01393	0.00867	0.00802	0.00267	0.01097	0.00689	0.00464	0.01248
58	0.02056	0.01974	0.03372	0.05099	0.65622	0.01974	0.02550	0.02550	0.01892	0.02714	0.01563	0.02056	0.01316	0.00740	0.00822	0.00247	0.00987	0.00740	0.00411	0.01316
59	0.02363	0.01972	0.02352	0.02449	0.15272	0.02187	0.01640	0.20010	0.34912	0.03801	0.02630	0.02584	0.01979	0.01012	0.00837	0.00266	0.00795	0.00846	0.00752	0.01342
60	0.01033	0.00819	0.00928	0.00953	0.01166	0.00715	0.00695	0.01271	0.01937	0.02468	0.20661	0.20338	0.39852	0.02113	0.00997	0.00288	0.00427	0.01820	0.00804	0.00715
61	0.10216	0.01398	0.01741	0.01402	0.01937	0.01345	0.01145	0.08745	0.02246	0.41583	0.02783	0.02684	0.01895	0.01607	0.08618	0.00378	0.00870	0.00791	0.07386	0.01229
62	0.02094	0.55903	0.18637	0.01639	0.02469	0.02975	0.01800	0.02521	0.01703	0.02110	0.01232	0.01429	0.01063	0.00729	0.00592	0.00197	0.00966	0.00483	0.00354	0.01103
63	0.01187	0.00890	0.01335	0.01335	0.01483	0.01038	0.01038	0.01483	0.01335	0.01928	0.02225	0.03264	0.02077	0.06231	0.67512	0.01335	0.02225	0.00890	0.00445	0.00742
64	0.03103	0.03959	0.02354	0.02140	0.02568	0.67469	0.01605	0.03317	0.02354	0.02033	0.01284	0.01498	0.01070	0.00856	0.00749	0.00214	0.01498	0.00535	0.00428	0.00963
65	0.00992	0.00842	0.00855	0.00852	0.01128	0.00705	0.00639	0.01211	0.01917	0.02299	0.11294	0.07904	0.62373	0.02083	0.00982	0.00280	0.00419	0.01741	0.00779	0.00705
66	0.01961	0.02241	0.04902	0.03501	0.04342	0.02101	0.62605	0.02661	0.01961	0.02661	0.01681	0.02241	0.01261	0.00700	0.00980	0.00280	0.01401	0.00980	0.00420	0.01120
67	0.03103	0.03959	0.02354	0.02140	0.02568	0.67469	0.01605	0.03317	0.02354	0.02033	0.01284	0.01498	0.01070	0.00856	0.00749	0.00214	0.01498	0.00535	0.00428	0.00963
68	0.02142	0.61740	0.13224	0.01557	0.02341	0.03093	0.01657	0.02508	0.01697	0.02051	0.01203	0.01393	0.01064	0.00722	0.00570	0.00190	0.00937	0.00468	0.00355	0.01089
69	0.01818	0.01818	0.02545	0.02181	0.02181	0.02545	0.01818	0.01999	0.01272	0.01999	0.01091	0.01818	0.01091	0.01454	0.02726	0.00364	0.69284	0.00727	0.00364	0.00909
70	0.00982	0.00842	0.00842	0.00842	0.01122	0.00701	0.00631	0.01192	0.01894	0.02244	0.08416	0.07995	0.65285	0.02104	0.00982	0.00281	0.00421	0.01753	0.00771	0.00701
71	0.00982	0.00842	0.00842	0.00842	0.01122	0.00701	0.00631	0.01192	0.01894	0.02244	0.08416	0.07995	0.65285	0.02104	0.00982	0.00281	0.00421	0.01753	0.00771	0.00701
72	0.01818	0.01818	0.02545	0.02181	0.02181	0.02545	0.01818	0.01999	0.01272	0.01999	0.01091	0.01818	0.01091	0.01454	0.02726	0.00364	0.69284	0.00727	0.00364	0.00909
73	0.01391	0.00823	0.01103	0.01195	0.01332	0.00755	0.00833	0.01572	0.01736	0.10919	0.07416	0.57880	0.05142	0.02343	0.01026	0.00323	0.00508	0.02111	0.00813	0.00781
74	0.01176	0.00849	0.01110	0.01045	0.01241	0.00784	0.00784	0.01568	0.02352	0.03331	0.65184	0.06206	0.07839	0.01698	0.00980	0.00261	0.00392	0.01502	0.00914	0.00784
75	0.01117	0.00837	0.01036	0.01008	0.01211	0.00756	0.00748	0.01446	0.02181	0.02978	0.46969	0.12078	0.20842	0.01869	0.00987	0.00272	0.00406	0.01633	0.00869	0.00756
76	0.01569	0.01477	0.02492	0.68808	0.05722	0.01846	0.02307	0.02123	0.01661	0.02123	0.01477	0.02215	0.01107	0.00831	0.00831	0.00277	0.01107	0.00738	0.00369	0.00923
77	0.02056	0.01974	0.03372	0.05099	0.65622	0.01974	0.02550	0.02550	0.01892	0.02714	0.01563	0.02056	0.01316	0.00740	0.00822	0.00247	0.00987	0.00740	0.00411	0.01316
78	0.02012	0.01929	0.03292	0.10881	0.60185	0.01962	0.02528	0.02511	0.01871	0.02660	0.01555	0.02070	0.01297	0.00748	0.00823	0.00249	0.00998	0.00740	0.00407	0.01280
79	0.01806	0.21168	0.50853	0.02130	0.03227	0.02271	0.02654	0.02595	0.01737	0.02461	0.01406	0.01648	0.01056	0.00769	0.00725	0.00242	0.01142	0.00571	0.00352	0.01187
80	0.03103	0.03959	0.02354	0.02140	0.02568	0.67469	0.01605	0.03317	0.02354	0.02033	0.01284	0.01498	0.01070	0.00856	0.00749	0.00214	0.01498	0.00535	0.00428	0.00963
81	0.02244	0.02236	0.05282	0.01536	0.02031	0.21154	0.01254	0.07609	0.02251	0.08471	0.08971	0.03417	0.13629	0.01159	0.00803	0.00226	0.00881	0.00904	0.04332	0.11611
82	0.02782	0.02346	0.02093	0.01940	0.05707	0.22479	0.01425	0.09129	0.15060	0.17585	0.02577	0.08839	0.02072	0.01127	0.00831	0.00255	0.00961	0.00895	0.00723	0.01174
83	0.06210	0.03080	0.02127	0.01885	0.02343	0.41533	0.01444	0.12000	0.08969	0.02757	0.02290	0.02359	0.07455	0.01022	0.00783	0.00235	0.01180	0.00722	0.00569	0.01038
84	0.02586	0.08958	0.02498	0.01864	0.02430	0.27075	0.04551	0.14825	0.05814	0.02954	0.04735	0.01978	0.01589	0.00878	0.00751	0.00211	0.01069	0.00654	0.00559	0.14021
85	0.13369	0.02666	0.02113	0.01819	0.02300	0.33001	0.04686	0.03174	0.05276	0.14014	0.07907	0.02289	0.01958	0.00961	0.00771	0.00239	0.01081	0.00715	0.00615	0.01044
86	0.02213	0.37679	0.03118	0.01564	0.02064	0.19375	0.01352	0.02457	0.01772	0.01951	0.01456	0.01938	0.01351	0.05557	0.12515	0.00424	0.01276	0.00588	0.00398	0.00952
87	0.02140	0.07467	0.40928	0.02402	0.06618	0.21373	0.02525	0.02822	0.01936	0.02424	0.01417	0.01674	0.01073	0.00802	0.00766	0.00243	0.01277	0.00589	0.00377	0.01146
88	0.02838	0.03448	0.06025	0.02675	0.14242	0.45355	0.01856	0.09104	0.02392	0.02512	0.01418	0.01665	0.01149	0.00845	0.00773	0.00226	0.01331	0.00598	0.00461	0.01087

[dist]
# distance from previous block
# <min> <max>
13	48

[block]
# block no. 1 follows, 22 sequences, length 20
# corresponding to MSA columns:
# 141-160
name=unknown_B
#
# <colnr> <probs for GDERKNQSTAVLIFYWHMCP>
#	G	D	E	R	K	N	Q	S	T	A	V	L	I	F	Y	W	H	M	C	P
0	0.17182	0.03005	0.02128	0.01844	0.02349	0.37790	0.01434	0.13895	0.02455	0.08291	0.01554	0.01670	0.01182	0.00880	0.00726	0.00232	0.01164	0.00582	0.00567	0.01069
1	0.02292	0.46486	0.15142	0.01705	0.02477	0.09174	0.01749	0.08101	0.01966	0.02383	0.01304	0.01485	0.01096	0.00765	0.00627	0.00203	0.01011	0.00511	0.00405	0.01117
2	0.02099	0.01465	0.01761	0.01277	0.01997	0.01129	0.01029	0.02459	0.01846	0.14629	0.01815	0.01930	0.01386	0.00693	0.00657	0.00148	0.00632	0.00557	0.00593	0.61900
3	0.01425	0.01346	0.01243	0.01328	0.01465	0.13230	0.00929	0.01612	0.01826	0.02251	0.11329	0.49561	0.04949	0.02165	0.00992	0.00305	0.00662	0.01914	0.00724	0.00742
4	0.02077	0.02333	0.02666	0.02243	0.02548	0.21382	0.13811	0.02366	0.01792	0.02166	0.01922	0.14660	0.01946	0.01340	0.01474	0.00297	0.22553	0.01028	0.00471	0.00924
5	0.01069	0.00823	0.00976	0.01012	0.01172	0.00783	0.00717	0.01247	0.01601	0.02044	0.05407	0.18274	0.30144	0.15357	0.14990	0.00598	0.00865	0.01596	0.00657	0.00669
6	0.17933	0.03485	0.02126	0.01929	0.02374	0.54245	0.01463	0.03141	0.02165	0.02375	0.01258	0.01468	0.01036	0.00839	0.00702	0.00223	0.01326	0.00518	0.00445	0.00950
7	0.15378	0.00956	0.00965	0.00941	0.01038	0.01004	0.00578	0.01440	0.01247	0.02008	0.02343	0.04669	0.02622	0.57654	0.03531	0.00702	0.00775	0.01066	0.00505	0.00578
8	0.02658	0.14716	0.02339	0.01490	0.02072	0.01957	0.01259	0.19389	0.07700	0.20751	0.03458	0.03268	0.13079	0.01161	0.00805	0.00246	0.00742	0.00911	0.00787	0.01212
9	0.02946	0.02202	0.02380	0.01811	0.02487	0.02360	0.01491	0.53899	0.03584	0.04863	0.01918	0.01954	0.01386	0.00941	0.00799	0.00231	0.00870	0.00710	0.00781	0.12386
10	0.03109	0.03502	0.02340	0.02065	0.02516	0.53012	0.01579	0.09152	0.02464	0.07665	0.01511	0.01670	0.01186	0.00908	0.00844	0.00227	0.04103	0.00589	0.00515	0.01042
11	0.01346	0.01150	0.01855	0.01650	0.01982	0.01080	0.12572	0.01756	0.02019	0.02665	0.18707	0.07025	0.17021	0.01819	0.01044	0.00315	0.00729	0.23707	0.00736	0.00823
12	0.02813	0.03332	0.02463	0.02141	0.02550	0.47052	0.03839	0.07978	0.02277	0.02344	0.01335	0.01625	0.01115	0.00944	0.01063	0.00239	0.11827	0.00597	0.00454	0.04015
13	0.01820	0.01835	0.02340	0.01964	0.02321	0.13741	0.16662	0.04718	0.01857	0.02288	0.02507	0.13541	0.02572	0.15746	0.07127	0.00477	0.01157	0.05936	0.00539	0.00852
14	0.02921	0.03167	0.02301	0.01949	0.02485	0.40600	0.01509	0.19090	0.02680	0.02987	0.01502	0.01663	0.01185	0.00859	0.00752	0.00210	0.01215	0.00586	0.00545	0.11793
15	0.06190	0.03342	0.02308	0.02014	0.02503	0.45476	0.01550	0.17125	0.06619	0.02939	0.01577	0.01709	0.01236	0.00902	0.00764	0.00228	0.01273	0.00606	0.00552	0.01087
16	0.02894	0.02271	0.02112	0.01759	0.02275	0.16588	0.01390	0.26243	0.06828	0.15469	0.04836	0.09063	0.02180	0.01166	0.00843	0.00254	0.00927	0.00918	0.00776	0.01208
17	0.16200	0.06839	0.02308	0.01758	0.02335	0.14129	0.01441	0.34751	0.02950	0.04058	0.01767	0.02069	0.01384	0.00970	0.00754	0.00246	0.00963	0.03222	0.00668	0.01189
18	0.30729	0.02579	0.01944	0.01664	0.02190	0.24584	0.01318	0.17167	0.02371	0.06205	0.01491	0.01618	0.01130	0.00865	0.00684	0.00240	0.01004	0.00567	0.00582	0.01066
19	0.02873	0.03278	0.02741	0.02296	0.02819	0.45392	0.12497	0.03342	0.06871	0.07573	0.01676	0.01861	0.01295	0.00863	0.00805	0.00234	0.01353	0.00670	0.00507	0.01055

[dist]
# distance from previous block
# <min> <max>
1	34

[block]
# block no. 2 follows, 22 sequences, length 59
# corresponding to MSA columns:
# 196-254
name=unknown_C
#
# <colnr> <probs for GDERKNQSTAVLIFYWHMCP>
#	G	D	E	R	K	N	Q	S	T	A	V	L	I	F	Y	W	H	M	C	P
0	0.02392	0.02281	0.01961	0.01677	0.02169	0.21420	0.01317	0.12425	0.09676	0.05514	0.09615	0.03009	0.02450	0.01080	0.00809	0.00230	0.00922	0.05184	0.00660	0.15209
1	0.16466	0.02001	0.01655	0.01456	0.01909	0.17292	0.01137	0.05712	0.08917	0.13018	0.06256	0.03448	0.15031	0.01202	0.00792	0.00254	0.00815	0.00919	0.00699	0.01020
2	0.18486	0.02782	0.02097	0.01788	0.02314	0.30844	0.01405	0.16721	0.02513	0.11130	0.01668	0.01746	0.01236	0.00892	0.00730	0.00236	0.01089	0.00603	0.00612	0.01108
3	0.33690	0.02219	0.01948	0.01598	0.02173	0.09872	0.01300	0.30793	0.02689	0.04234	0.01563	0.01669	0.01160	0.00887	0.00690	0.00248	0.00870	0.00599	0.00652	0.01147
4	0.02948	0.01744	0.02036	0.01611	0.02179	0.01797	0.01312	0.28900	0.07765	0.25198	0.12624	0.03031	0.02741	0.01130	0.00857	0.00256	0.00742	0.00912	0.00911	0.01305
5	0.02233	0.01741	0.01855	0.01582	0.02078	0.01914	0.01255	0.19962	0.33117	0.06358	0.03944	0.03707	0.14057	0.01272	0.00867	0.00272	0.00686	0.01036	0.00835	0.01230
6	0.01723	0.01477	0.01723	0.01230	0.01969	0.01107	0.00984	0.02092	0.01723	0.02707	0.01477	0.01723	0.01230	0.00615	0.00615	0.00123	0.00615	0.00492	0.00492	0.75883
7	0.01079	0.00754	0.00953	0.01075	0.01115	0.00720	0.00690	0.01190	0.01507	0.02018	0.06637	0.47624	0.04841	0.23424	0.02026	0.00477	0.00577	0.01971	0.00696	0.00627
8	0.01187	0.00890	0.01335	0.01335	0.01483	0.01038	0.01038	0.01483	0.01335	0.01928	0.02225	0.03264	0.02077	0.06231	0.67512	0.01335	0.02225	0.00890	0.00445	0.00742
9	0.01208	0.00805	0.00906	0.00906	0.00906	0.00805	0.00503	0.01208	0.01208	0.01611	0.02618	0.05436	0.03020	0.70804	0.04228	0.00805	0.00805	0.01208	0.00503	0.00503
10	0.02066	0.01785	0.01878	0.01691	0.02160	0.02066	0.01315	0.04414	0.64121	0.03475	0.03381	0.03099	0.02536	0.01127	0.00845	0.00282	0.00657	0.00939	0.00845	0.01315
11	0.01818	0.01818	0.02545	0.02181	0.02181	0.02545	0.01818	0.01999	0.01272	0.01999	0.01091	0.01818	0.01091	0.01454	0.02726	0.00364	0.69284	0.00727	0.00364	0.00909
12	0.01339	0.00956	0.01339	0.01530	0.01721	0.00956	0.01339	0.01721	0.01912	0.02486	0.04399	0.09371	0.04781	0.02295	0.01147	0.00382	0.00765	0.60031	0.00765	0.00765
13	0.01569	0.01477	0.02492	0.68808	0.05722	0.01846	0.02307	0.02123	0.01661	0.02123	0.01477	0.02215	0.01107	0.00831	0.00831	0.00277	0.01107	0.00738	0.00369	0.00923
14	0.01020	0.00729	0.00971	0.01151	0.01207	0.00680	0.00772	0.01176	0.01627	0.02179	0.07475	0.67201	0.05607	0.02559	0.01056	0.00334	0.00478	0.02321	0.00778	0.00680
15	0.02273	0.01887	0.01995	0.01732	0.02239	0.02163	0.01365	0.15452	0.52748	0.03808	0.03119	0.02891	0.02324	0.01103	0.00843	0.00276	0.00706	0.00903	0.00843	0.01333
16	0.01569	0.01477	0.02492	0.68808	0.05722	0.01846	0.02307	0.02123	0.01661	0.02123	0.01477	0.02215	0.01107	0.00831	0.00831	0.00277	0.01107	0.00738	0.00369	0.00923
17	0.03103	0.03959	0.02354	0.02140	0.02568	0.67469	0.01605	0.03317	0.02354	0.02033	0.01284	0.01498	0.01070	0.00856	0.00749	0.00214	0.01498	0.00535	0.00428	0.00963
18	0.02221	0.71304	0.04353	0.01421	0.02132	0.03287	0.01421	0.02488	0.01688	0.01955	0.01155	0.01333	0.01066	0.00711	0.00533	0.00178	0.00888	0.00444	0.00355	0.01066
19	0.03103	0.03959	0.02354	0.02140	0.02568	0.67469	0.01605	0.03317	0.02354	0.02033	0.01284	0.01498	0.01070	0.00856	0.00749	0.00214	0.01498	0.00535	0.00428	0.00963
20	0.01332	0.01007	0.01279	0.01401	0.01595	0.01030	0.01117	0.01943	0.11745	0.02514	0.04487	0.28084	0.07546	0.02199	0.01063	0.00347	0.00639	0.29072	0.00780	0.00820
21	0.01821	0.22973	0.49178	0.02104	0.03188	0.02308	0.02610	0.02591	0.01736	0.02442	0.01397	0.01636	0.01056	0.00767	0.00718	0.00239	0.01133	0.00567	0.00352	0.01183
22	0.23609	0.03304	0.02038	0.01848	0.02300	0.49184	0.01409	0.03073	0.02092	0.02505	0.01249	0.01457	0.01023	0.00832	0.00684	0.00226	0.01260	0.00511	0.00452	0.00945
23	0.02221	0.71304	0.04353	0.01421	0.02132	0.03287	0.01421	0.02488	0.01688	0.01955	0.01155	0.01333	0.01066	0.00711	0.00533	0.00178	0.00888	0.00444	0.00355	0.01066
24	0.01122	0.00858	0.01070	0.01129	0.01317	0.00747	0.00788	0.01311	0.01650	0.02230	0.04565	0.51488	0.12328	0.02222	0.00979	0.00296	0.00496	0.01987	0.00727	0.12692
25	0.01339	0.00956	0.01339	0.01530	0.01721	0.00956	0.01339	0.01721	0.01912	0.02486	0.04399	0.09371	0.04781	0.02295	0.01147	0.00382	0.00765	0.60031	0.00765	0.00765
26	0.70059	0.01671	0.01335	0.01166	0.01694	0.01928	0.00961	0.07877	0.01638	0.03863	0.01232	0.01408	0.00946	0.00792	0.00543	0.00256	0.00667	0.00477	0.00543	0.00946
27	0.01961	0.02241	0.04902	0.03501	0.04342	0.02101	0.62605	0.02661	0.01961	0.02661	0.01681	0.02241	0.01261	0.00700	0.00980	0.00280	0.01401	0.00980	0.00420	0.01120
28	0.02386	0.02366	0.02031	0.01816	0.02285	0.18733	0.01402	0.07141	0.45308	0.03199	0.02776	0.02635	0.02105	0.01051	0.00820	0.00263	0.00885	0.00827	0.00738	0.01230
29	0.03103	0.03959	0.02354	0.02140	0.02568	0.67469	0.01605	0.03317	0.02354	0.02033	0.01284	0.01498	0.01070	0.00856	0.00749	0.00214	0.01498	0.00535	0.00428	0.00963
30	0.01056	0.00865	0.00945	0.00985	0.01247	0.00754	0.00778	0.01302	0.01897	0.02294	0.07581	0.08281	0.52708	0.02144	0.01016	0.00302	0.00492	0.13867	0.00770	0.00715
31	0.01506	0.00788	0.00840	0.00840	0.01028	0.00805	0.00634	0.01883	0.01695	0.02960	0.02653	0.03117	0.02123	0.01584	0.08411	0.00327	0.00602	0.00788	0.66646	0.00770
32	0.03149	0.02588	0.02471	0.01948	0.02575	0.12943	0.01583	0.53342	0.03658	0.04724	0.01881	0.01915	0.01358	0.00975	0.00818	0.00244	0.01007	0.00714	0.00767	0.01341
33	0.01012	0.00723	0.00964	0.01157	0.01205	0.00675	0.00771	0.01157	0.01591	0.02121	0.04579	0.70262	0.05495	0.02603	0.01060	0.00337	0.00482	0.02362	0.00771	0.00675
34	0.01012	0.00723	0.00964	0.01157	0.01205	0.00675	0.00771	0.01157	0.01591	0.02121	0.04579	0.70262	0.05495	0.02603	0.01060	0.00337	0.00482	0.02362	0.00771	0.00675
35	0.03103	0.03959	0.02354	0.02140	0.02568	0.67469	0.01605	0.03317	0.02354	0.02033	0.01284	0.01498	0.01070	0.00856	0.00749	0.00214	0.01498	0.00535	0.00428	0.00963
36	0.02132	0.60600	0.14281	0.01573	0.02366	0.03070	0.01685	0.02510	0.01699	0.02063	0.01209	0.01400	0.01064	0.00723	0.00574	0.00191	0.00943	0.00471	0.00355	0.01092
37	0.00982	0.00842	0.00842	0.00842	0.01122	0.00701	0.00631	0.01192	0.01894	0.02244	0.08416	0.07995	0.65285	0.02104	0.00982	0.00281	0.00421	0.01753	0.00771	0.00701
38	0.01339	0.00956	0.01339	0.01530	0.01721	0.00956	0.01339	0.01721	0.01912	0.02486	0.04399	0.09371	0.04781	0.02295	0.01147	0.00382	0.00765	0.60031	0.00765	0.00765
39	0.03158	0.02327	0.02493	0.01911	0.02576	0.02576	0.01579	0.62852	0.03906	0.05236	0.01995	0.01995	0.01413	0.00997	0.00831	0.00249	0.00914	0.00748	0.00831	0.01413
40	0.01961	0.02241	0.04902	0.03501	0.04342	0.02101	0.62605	0.02661	0.01961	0.02661	0.01681	0.02241	0.01261	0.00700	0.00980	0.00280	0.01401	0.00980	0.00420	0.01120
41	0.01176	0.00849	0.01110	0.01045	0.01241	0.00784	0.00784	0.01568	0.02352	0.03331	0.65184	0.06206	0.07839	0.01698	0.00980	0.00261	0.00392	0.01502	0.00914	0.00784
42	0.03112	0.03699	0.02376	0.02104	0.02570	0.57103	0.01601	0.12828	0.02602	0.02545	0.01398	0.01577	0.01125	0.00879	0.00762	0.00220	0.01405	0.00569	0.00492	0.01035
43	0.01420	0.00933	0.01015	0.00943	0.01282	0.00784	0.00725	0.01649	0.01971	0.12460	0.07595	0.07169	0.55185	0.01932	0.00958	0.00277	0.00466	0.01607	0.00812	0.00815
44	0.03110	0.03770	0.02370	0.02114	0.02569	0.59943	0.01602	0.10222	0.02534	0.02405	0.01366	0.01556	0.01110	0.00872	0.00759	0.00218	0.01430	0.00560	0.00475	0.01015
45	0.01723	0.01477	0.01723	0.01230	0.01969	0.01107	0.00984	0.02092	0.01723	0.02707	0.01477	0.01723	0.01230	0.00615	0.00615	0.00123	0.00615	0.00492	0.00492	0.75883
46	0.03107	0.03852	0.02363	0.02125	0.02569	0.63215	0.01603	0.07220	0.02456	0.02243	0.01331	0.01531	0.01093	0.00865	0.00754	0.00216	0.01460	0.00549	0.00454	0.00993
47	0.01158	0.00795	0.00910	0.00941	0.00972	0.00776	0.00557	0.01199	0.01326	0.01745	0.03411	0.16004	0.08575	0.54217	0.03453	0.00687	0.00722	0.01438	0.00568	0.00547
48	0.00991	0.00842	0.00854	0.00851	0.01128	0.00705	0.00638	0.01209	0.01915	0.02294	0.11020	0.07913	0.62649	0.02085	0.00982	0.00280	0.00419	0.01742	0.00778	0.00705
49	0.01187	0.00890	0.01335	0.01335	0.01483	0.01038	0.01038	0.01483	0.01335	0.01928	0.02225	0.03264	0.02077	0.06231	0.67512	0.01335	0.02225	0.00890	0.00445	0.00742
50	0.61823	0.04452	0.01550	0.06310	0.02021	0.01979	0.01084	0.07488	0.01653	0.03661	0.01251	0.01469	0.00965	0.00792	0.00565	0.00255	0.00711	0.00497	0.00523	0.00951
51	0.03675	0.01627	0.01964	0.01534	0.02158	0.06780	0.01253	0.03987	0.02376	0.60814	0.03110	0.02716	0.01974	0.01014	0.00828	0.00253	0.00773	0.00810	0.00978	0.01376
52	0.03407	0.01424	0.01895	0.01439	0.02096	0.01203	0.01183	0.03736	0.02273	0.56055	0.02990	0.02651	0.01924	0.00962	0.00800	0.00236	0.00692	0.00781	0.00943	0.13310
53	0.02889	0.01985	0.01974	0.01678	0.02210	0.12179	0.01324	0.04094	0.29814	0.28073	0.03005	0.02736	0.02112	0.01045	0.00826	0.00261	0.00811	0.00834	0.00851	0.01298
54	0.03676	0.01496	0.01979	0.01517	0.02162	0.01343	0.01253	0.09339	0.02515	0.60713	0.03162	0.02753	0.01999	0.01025	0.00835	0.00256	0.00726	0.00828	0.01010	0.01414
55	0.03353	0.01497	0.01917	0.01526	0.02130	0.01411	0.01242	0.04131	0.16288	0.52066	0.03301	0.02889	0.02164	0.01050	0.00838	0.00263	0.00696	0.00859	0.00987	0.01392
56	0.03060	0.01763	0.01863	0.01522	0.02039	0.11802	0.01215	0.07271	0.02469	0.38884	0.15743	0.03263	0.03059	0.01138	0.00851	0.00251	0.00781	0.00920	0.00896	0.01211
57	0.02658	0.06946	0.02194	0.01776	0.02277	0.21971	0.01395	0.03895	0.31315	0.12955	0.02579	0.02452	0.01916	0.01001	0.00794	0.00250	0.00937	0.00767	0.00715	0.01207
58	0.03383	0.05538	0.02305	0.01690	0.02331	0.06208	0.01399	0.27251	0.02947	0.34500	0.02529	0.02333	0.01685	0.00988	0.00812	0.00247	0.00850	0.00761	0.00876	0.01366

[dist]
# distance from previous block
# <min> <max>
117	224

[block]
# block no. 3 follows, 22 sequences, length 10
# corresponding to MSA columns:
# 532-541
name=unknown_D
#
# <colnr> <probs for GDERKNQSTAVLIFYWHMCP>
#	G	D	E	R	K	N	Q	S	T	A	V	L	I	F	Y	W	H	M	C	P
0	0.01647	0.01490	0.02418	0.06387	0.38334	0.01482	0.01853	0.02033	0.01843	0.02566	0.07831	0.19823	0.06088	0.01358	0.00903	0.00274	0.00789	0.01260	0.00559	0.01064
1	0.01959	0.02542	0.19101	0.04136	0.44889	0.01970	0.02580	0.02722	0.06916	0.02755	0.01692	0.02065	0.01349	0.00784	0.00816	0.00254	0.01021	0.00725	0.00431	0.01294
2	0.01425	0.01228	0.01889	0.02644	0.25856	0.01190	0.01463	0.01723	0.01761	0.02382	0.03900	0.33157	0.11405	0.01811	0.00964	0.00298	0.00682	0.04661	0.00633	0.00928
3	0.02020	0.01937	0.03307	0.09770	0.61230	0.01964	0.02532	0.02518	0.01875	0.02671	0.01556	0.02068	0.01301	0.00747	0.00823	0.00249	0.00996	0.00740	0.00408	0.01287
4	0.02035	0.02032	0.03706	0.04751	0.52253	0.02002	0.15652	0.02574	0.01907	0.02702	0.01588	0.02096	0.01304	0.00731	0.00857	0.00254	0.01077	0.00793	0.00413	0.01273
5	0.02056	0.01974	0.03372	0.05099	0.65622	0.01974	0.02550	0.02550	0.01892	0.02714	0.01563	0.02056	0.01316	0.00740	0.00822	0.00247	0.00987	0.00740	0.00411	0.01316
6	0.01472	0.01346	0.02227	0.57082	0.04939	0.01643	0.02041	0.01955	0.01649	0.02122	0.02014	0.14009	0.01868	0.01138	0.00870	0.00287	0.00999	0.01020	0.00439	0.00880
7	0.02151	0.02153	0.03280	0.04832	0.59931	0.07885	0.02464	0.02619	0.01933	0.02653	0.01537	0.02006	0.01294	0.00751	0.00816	0.00244	0.01033	0.00722	0.00413	0.01284
8	0.02872	0.03384	0.02594	0.02789	0.16773	0.47611	0.01816	0.07827	0.02372	0.02438	0.01403	0.01663	0.01152	0.00841	0.00772	0.00224	0.01337	0.00598	0.00456	0.01078
9	0.01738	0.01474	0.02168	0.02878	0.28702	0.03828	0.01625	0.02098	0.01813	0.06243	0.05964	0.08691	0.10560	0.02346	0.15602	0.00499	0.01120	0.01068	0.00556	0.01025

[dist]
# distance from previous block
# <min> <max>
25	40

[block]
# block no. 4 follows, 22 sequences, length 10
# corresponding to MSA columns:
# 583-592
name=unknown_E
#
# <colnr> <probs for GDERKNQSTAVLIFYWHMCP>
#	G	D	E	R	K	N	Q	S	T	A	V	L	I	F	Y	W	H	M	C	P
0	0.20282	0.05877	0.14833	0.07264	0.02680	0.01979	0.01685	0.14347	0.05587	0.14973	0.01918	0.01989	0.01354	0.00886	0.00733	0.00256	0.00874	0.00660	0.00634	0.01190
1	0.02432	0.01784	0.01976	0.01656	0.02112	0.01933	0.01306	0.41973	0.03122	0.04181	0.02869	0.25098	0.02794	0.01541	0.00909	0.00279	0.00768	0.01294	0.00811	0.01163
2	0.02695	0.01989	0.02221	0.01776	0.02320	0.02215	0.01452	0.48435	0.03302	0.04459	0.02049	0.02293	0.01569	0.02227	0.16496	0.00504	0.01222	0.00781	0.00740	0.01255
3	0.01795	0.01790	0.08563	0.04221	0.02227	0.01776	0.03734	0.05880	0.21550	0.02800	0.02383	0.02912	0.01976	0.08952	0.07603	0.00433	0.10995	0.00865	0.08511	0.01033
4	0.03158	0.02327	0.02493	0.01911	0.02576	0.02576	0.01579	0.62852	0.03906	0.05236	0.01995	0.01995	0.01413	0.00997	0.00831	0.00249	0.00914	0.00748	0.00831	0.01413
5	0.24917	0.09819	0.14802	0.05132	0.02456	0.17321	0.01610	0.02580	0.01843	0.02803	0.08062	0.02023	0.01734	0.00890	0.00692	0.00241	0.00983	0.00628	0.00480	0.00986
6	0.02669	0.17434	0.06299	0.01852	0.02430	0.28628	0.01571	0.16105	0.05864	0.02844	0.01955	0.02053	0.04968	0.00940	0.00743	0.00224	0.01118	0.00660	0.00540	0.01102
7	0.02643	0.09975	0.17617	0.01908	0.02688	0.02334	0.01855	0.31352	0.09270	0.09174	0.02038	0.02052	0.01461	0.00934	0.00791	0.00249	0.00941	0.00711	0.00686	0.01322
8	0.01693	0.26435	0.21582	0.01691	0.02313	0.02109	0.01762	0.02124	0.01646	0.02203	0.02187	0.20383	0.02277	0.01314	0.00936	0.00262	0.06577	0.01043	0.00469	0.00993
9	0.01483	0.02184	0.23401	0.05585	0.02462	0.01412	0.01756	0.04655	0.07957	0.02605	0.03635	0.19879	0.11367	0.01579	0.00921	0.00296	0.00822	0.06405	0.00615	0.00981

[dist]
# distance from previous block
# <min> <max>
24	55

[block]
# block no. 5 follows, 22 sequences, length 15
# corresponding to MSA columns:
# 652-666
name=unknown_F
#
# <colnr> <probs for GDERKNQSTAVLIFYWHMCP>
#	G	D	E	R	K	N	Q	S	T	A	V	L	I	F	Y	W	H	M	C	P
0	0.02206	0.02022	0.03253	0.04666	0.57054	0.02056	0.02418	0.10745	0.02165	0.03057	0.01621	0.02048	0.01329	0.00775	0.00824	0.00247	0.00977	0.00741	0.00468	0.01329
1	0.05194	0.01317	0.01535	0.01438	0.01691	0.04914	0.01126	0.11359	0.01831	0.02556	0.02265	0.03462	0.02119	0.09768	0.40557	0.00944	0.01690	0.04848	0.00535	0.00850
2	0.01187	0.00890	0.01335	0.01335	0.01483	0.01038	0.01038	0.01483	0.01335	0.01928	0.02225	0.03264	0.02077	0.06231	0.67512	0.01335	0.02225	0.00890	0.00445	0.00742
3	0.02107	0.45510	0.03397	0.01468	0.02041	0.02666	0.01354	0.10457	0.01907	0.02394	0.01519	0.01873	0.01349	0.02037	0.16193	0.00457	0.01204	0.00589	0.00441	0.01038
4	0.02832	0.02089	0.02301	0.01816	0.02395	0.02322	0.01490	0.52696	0.03480	0.04688	0.02033	0.02205	0.01523	0.01863	0.11867	0.00429	0.01131	0.00771	0.00767	0.01302
5	0.02978	0.02635	0.02366	0.01933	0.02511	0.18044	0.01545	0.39673	0.12723	0.04200	0.02036	0.02044	0.01502	0.00983	0.00814	0.00246	0.01015	0.00726	0.00737	0.01290
6	0.03148	0.02630	0.02467	0.01954	0.02575	0.14633	0.01584	0.51791	0.03618	0.04641	0.01863	0.01902	0.01349	0.00971	0.00816	0.00243	0.01023	0.00708	0.00756	0.01329
7	0.02590	0.01896	0.02084	0.01671	0.02161	0.02090	0.01331	0.44998	0.03138	0.04222	0.02128	0.02734	0.01767	0.13549	0.09367	0.00474	0.01052	0.00844	0.00729	0.01177
8	0.02467	0.01914	0.02031	0.01663	0.02205	0.02106	0.01339	0.35290	0.21032	0.04210	0.03501	0.03347	0.12725	0.01225	0.00861	0.00264	0.00755	0.00976	0.00825	0.01262
9	0.02955	0.02595	0.11192	0.01973	0.02715	0.02488	0.01782	0.54668	0.03613	0.04882	0.01926	0.01962	0.01364	0.00969	0.00825	0.00251	0.00957	0.00730	0.00766	0.01388
10	0.18250	0.31743	0.02860	0.01406	0.02020	0.02454	0.01260	0.10568	0.01948	0.02945	0.04202	0.01717	0.01406	0.00825	0.00690	0.00209	0.03559	0.00552	0.00498	0.10888
11	0.02408	0.14686	0.06823	0.01732	0.02271	0.13439	0.01497	0.23026	0.02474	0.03112	0.01765	0.02198	0.01479	0.05680	0.13335	0.00463	0.01269	0.00700	0.00555	0.01087
12	0.02240	0.25871	0.22641	0.01858	0.02684	0.02546	0.01947	0.16319	0.10690	0.03104	0.01749	0.01850	0.01339	0.00856	0.00721	0.00234	0.00967	0.00632	0.00527	0.01227
13	0.02251	0.28069	0.07573	0.02206	0.14015	0.02366	0.01665	0.10165	0.04988	0.06182	0.01677	0.01965	0.01381	0.03895	0.00845	0.00237	0.00882	0.00632	0.00505	0.08501
14	0.15427	0.04569	0.14826	0.01685	0.04762	0.01706	0.01520	0.06444	0.04651	0.09501	0.02803	0.03132	0.10672	0.07936	0.01262	0.00321	0.06306	0.00862	0.00585	0.01030

[dist]
# distance from previous block
# <min> <max>
4	34

[block]
# block no. 6 follows, 22 sequences, length 25
# corresponding to MSA columns:
# 703-727
name=unknown_G
#
# <colnr> <probs for GDERKNQSTAVLIFYWHMCP>
#	G	D	E	R	K	N	Q	S	T	A	V	L	I	F	Y	W	H	M	C	P
0	0.01810	0.01937	0.07951	0.33038	0.34270	0.01914	0.02483	0.02367	0.01779	0.02446	0.01519	0.02102	0.01203	0.00784	0.00823	0.00261	0.01059	0.00729	0.00388	0.01135
1	0.01433	0.01504	0.08375	0.05179	0.18700	0.01245	0.01480	0.01759	0.01668	0.02248	0.03559	0.13575	0.13980	0.17565	0.01683	0.00403	0.00794	0.03416	0.00553	0.00881
2	0.01672	0.01582	0.02679	0.55266	0.18454	0.01873	0.02359	0.02213	0.01710	0.02248	0.01495	0.02181	0.01152	0.00811	0.00829	0.00270	0.01082	0.00739	0.00378	0.01006
3	0.02416	0.02691	0.02742	0.03508	0.32970	0.28974	0.02034	0.02782	0.02085	0.02409	0.01738	0.02576	0.01570	0.00948	0.00825	0.00247	0.01176	0.06740	0.00454	0.01113
4	0.01877	0.02440	0.17914	0.10506	0.33754	0.01883	0.07898	0.02493	0.01827	0.02629	0.01540	0.01988	0.01221	0.00746	0.00811	0.00245	0.01058	0.00710	0.00401	0.08060
5	0.12447	0.02101	0.02438	0.02743	0.20556	0.15996	0.06433	0.02529	0.01824	0.05301	0.01684	0.02165	0.01410	0.02053	0.16249	0.00497	0.01358	0.00713	0.00465	0.01037
6	0.15639	0.17945	0.03008	0.12838	0.25325	0.02287	0.01876	0.07197	0.01882	0.02831	0.01415	0.01779	0.01159	0.00773	0.00701	0.00237	0.00914	0.00619	0.00444	0.01131
7	0.02224	0.02492	0.01949	0.02021	0.08470	0.33768	0.01352	0.02433	0.01865	0.01989	0.01783	0.02761	0.01716	0.17583	0.13549	0.00552	0.01420	0.00772	0.00446	0.00856
8	0.01436	0.00942	0.01207	0.01287	0.01466	0.00919	0.00963	0.01841	0.07343	0.08161	0.04371	0.38482	0.07241	0.06079	0.01214	0.00359	0.00595	0.14500	0.00785	0.00811
9	0.01163	0.00786	0.00919	0.00964	0.00975	0.00775	0.00565	0.01196	0.01297	0.01729	0.03073	0.20476	0.03594	0.54982	0.03493	0.00697	0.00730	0.01476	0.00565	0.00543
10	0.02042	0.49738	0.24355	0.01726	0.02603	0.02850	0.01952	0.02534	0.01709	0.02172	0.01263	0.01468	0.01062	0.00736	0.00616	0.00205	0.00998	0.00499	0.00354	0.01118
11	0.01712	0.01988	0.13470	0.01437	0.02264	0.01256	0.01362	0.02190	0.01728	0.02693	0.01479	0.01728	0.01198	0.00647	0.00647	0.00148	0.00726	0.00514	0.00467	0.62344
12	0.02950	0.03503	0.02446	0.02397	0.08930	0.51746	0.01684	0.08644	0.05528	0.02462	0.01481	0.01679	0.01199	0.00871	0.00769	0.00224	0.01352	0.00595	0.00483	0.01057
13	0.01155	0.00800	0.00998	0.01047	0.01086	0.00815	0.00668	0.01245	0.01327	0.01797	0.03040	0.21355	0.03472	0.41932	0.14908	0.00784	0.00981	0.01441	0.00560	0.00590
14	0.01231	0.01007	0.01398	0.01427	0.01482	0.01174	0.01062	0.01411	0.01470	0.02058	0.03343	0.42233	0.03853	0.02994	0.13498	0.00524	0.16760	0.01716	0.00617	0.00741
15	0.01187	0.00890	0.01335	0.01335	0.01483	0.01038	0.01038	0.01483	0.01335	0.01928	0.02225	0.03264	0.02077	0.06231	0.67512	0.01335	0.02225	0.00890	0.00445	0.00742
16	0.09694	0.02044	0.02034	0.01669	0.02105	0.13687	0.01340	0.02323	0.01670	0.02475	0.01292	0.01672	0.01125	0.00928	0.01267	0.00226	0.21529	0.00567	0.00444	0.31908
17	0.01642	0.01543	0.02424	0.09182	0.02703	0.01656	0.11493	0.02027	0.01565	0.02298	0.01598	0.02240	0.01387	0.02142	0.16689	0.00500	0.16464	0.00744	0.00427	0.21277
18	0.02699	0.03113	0.02131	0.01978	0.02372	0.46101	0.01541	0.08394	0.02394	0.02431	0.02072	0.03370	0.01962	0.01203	0.00849	0.00256	0.01275	0.14357	0.00543	0.00958
19	0.01187	0.00890	0.01335	0.01335	0.01483	0.01038	0.01038	0.01483	0.01335	0.01928	0.02225	0.03264	0.02077	0.06231	0.67512	0.01335	0.02225	0.00890	0.00445	0.00742
20	0.01722	0.01633	0.01535	0.01598	0.01823	0.16381	0.01298	0.02024	0.01899	0.02251	0.03317	0.06632	0.03514	0.08477	0.07404	0.00469	0.01072	0.35531	0.00634	0.00785
21	0.01343	0.01076	0.01597	0.13672	0.02305	0.01261	0.01345	0.01667	0.01510	0.02066	0.02544	0.04599	0.02547	0.10587	0.28397	0.00791	0.06814	0.14603	0.00505	0.00769
22	0.02746	0.08780	0.02554	0.02093	0.02447	0.47909	0.01638	0.02957	0.02060	0.02019	0.01231	0.01556	0.01074	0.00978	0.01174	0.00245	0.16600	0.00571	0.00408	0.00959
23	0.02034	0.01796	0.02003	0.01560	0.02184	0.06646	0.04620	0.13230	0.04514	0.03087	0.02374	0.02835	0.06531	0.00956	0.00758	0.00197	0.00780	0.04670	0.00598	0.38627
24	0.02300	0.02610	0.01913	0.01833	0.02157	0.37105	0.01428	0.02661	0.04761	0.02182	0.02269	0.03715	0.02178	0.02179	0.12986	0.00460	0.01424	0.14420	0.00528	0.00892

[dist]
# distance from previous block
# <min> <max>
4	28

[block]
# block no. 7 follows, 22 sequences, length 8
# corresponding to MSA columns:
# 756-763
name=unknown_H
#
# <colnr> <probs for GDERKNQSTAVLIFYWHMCP>
#	G	D	E	R	K	N	Q	S	T	A	V	L	I	F	Y	W	H	M	C	P
0	0.01528	0.01288	0.01262	0.01284	0.01413	0.10185	0.00937	0.01667	0.01639	0.02024	0.06865	0.05865	0.03451	0.31362	0.02556	0.06260	0.00858	0.18321	0.00585	0.00652
1	0.02521	0.09982	0.02239	0.01788	0.02185	0.43930	0.01377	0.02786	0.02286	0.02357	0.17601	0.02684	0.02799	0.01057	0.00786	0.00222	0.01154	0.00773	0.00545	0.00928
2	0.17875	0.02041	0.02393	0.04116	0.02545	0.12118	0.12204	0.08437	0.01981	0.08271	0.01706	0.02071	0.01342	0.01661	0.10739	0.00416	0.05370	0.00712	0.00534	0.03470
3	0.01215	0.01000	0.01153	0.01034	0.01391	0.00843	0.00787	0.01491	0.01833	0.02458	0.12749	0.10481	0.31744	0.02077	0.06790	0.00336	0.00632	0.01370	0.00689	0.19926
4	0.01174	0.00822	0.01056	0.01083	0.01139	0.00864	0.00718	0.01292	0.01304	0.01788	0.02762	0.13802	0.03054	0.39840	0.24762	0.00915	0.01231	0.01264	0.00522	0.00606
