[name]
unknown

[dist]
# distance from previous block
# <min> <max>
0	13

[block]
# block no. 0 follows, 19 sequences, length 59
# corresponding to MSA columns:
# 13-71
name=unknown_A
#
# <colnr> <probs for GDERKNQSTAVLIFYWHMCP>
#	G	D	E	R	K	N	Q	S	T	A	V	L	I	F	Y	W	H	M	C	P
0	0.01827	0.01623	0.02301	0.22713	0.13264	0.01819	0.01900	0.02891	0.18585	0.02866	0.03371	0.04329	0.08382	0.01327	0.00962	0.00311	0.00910	0.08834	0.00652	0.01133
1	0.15440	0.01104	0.01178	0.01170	0.01477	0.01045	0.00857	0.01662	0.01766	0.02735	0.04643	0.33053	0.16554	0.02006	0.00943	0.00301	0.00558	0.01722	0.00735	0.11050
2	0.02330	0.02282	0.03061	0.04122	0.39589	0.08450	0.02263	0.03403	0.19063	0.03084	0.02213	0.02476	0.01767	0.00929	0.00885	0.00273	0.01016	0.00836	0.00578	0.01379
3	0.02388	0.05149	0.02207	0.06080	0.02403	0.02055	0.01431	0.26169	0.02715	0.03810	0.02149	0.02631	0.01739	0.04587	0.10282	0.00450	0.05827	0.00819	0.12138	0.04969
4	0.01233	0.00906	0.01280	0.01306	0.01456	0.00953	0.00976	0.01545	0.01812	0.02555	0.20161	0.18764	0.04831	0.04444	0.32499	0.00868	0.01414	0.01500	0.00702	0.00796
5	0.03340	0.02575	0.02626	0.05727	0.02932	0.09358	0.01721	0.46678	0.03772	0.09151	0.02130	0.02167	0.01512	0.01050	0.00886	0.00267	0.01049	0.00787	0.00835	0.01439
6	0.01442	0.01010	0.01175	0.01081	0.01326	0.00898	0.00747	0.01635	0.01806	0.05443	0.12722	0.10237	0.16672	0.27190	0.02331	0.00494	0.00656	0.01432	0.00715	0.10989
7	0.01241	0.00842	0.00994	0.01053	0.01068	0.00827	0.00625	0.01285	0.01419	0.01892	0.03423	0.23631	0.04015	0.49742	0.03577	0.00723	0.00768	0.01657	0.00625	0.00595
8	0.01794	0.04628	0.63923	0.02550	0.03872	0.02078	0.03305	0.02833	0.01889	0.02833	0.01606	0.01889	0.01133	0.00850	0.00850	0.00283	0.01322	0.00661	0.00378	0.01322
9	0.18271	0.02502	0.02267	0.02070	0.05483	0.17404	0.01571	0.14731	0.02371	0.03359	0.02122	0.02367	0.06273	0.01166	0.01217	0.00288	0.14076	0.00765	0.00588	0.01109
10	0.02001	0.01064	0.01366	0.01232	0.01554	0.00952	0.00929	0.02301	0.02254	0.20257	0.24994	0.14437	0.13633	0.07320	0.01311	0.00343	0.00574	0.01555	0.00940	0.00984
11	0.01090	0.00779	0.01038	0.01246	0.01298	0.00727	0.00830	0.01246	0.01713	0.02284	0.04931	0.67975	0.05917	0.02803	0.01142	0.00363	0.00519	0.02543	0.00830	0.00727
12	0.02449	0.01414	0.01651	0.01428	0.01918	0.01378	0.01125	0.03380	0.19358	0.24569	0.05361	0.07487	0.21535	0.01571	0.00962	0.00296	0.00639	0.01309	0.00952	0.01218
13	0.01375	0.01091	0.01582	0.01527	0.01652	0.01325	0.01188	0.01651	0.01417	0.02059	0.02260	0.03489	0.02171	0.11086	0.51334	0.01244	0.11311	0.00962	0.00472	0.00803
14	0.01278	0.00959	0.01438	0.01438	0.01598	0.01118	0.01118	0.01598	0.01438	0.02077	0.02396	0.03515	0.02237	0.06710	0.65013	0.01438	0.02396	0.00959	0.00479	0.00799
15	0.01232	0.00968	0.01125	0.01099	0.01364	0.00884	0.00842	0.01668	0.05105	0.03011	0.31835	0.07622	0.31946	0.02039	0.01062	0.00301	0.00478	0.05686	0.00901	0.00831
16	0.01626	0.01167	0.01386	0.01328	0.01536	0.01184	0.00950	0.12973	0.02303	0.03123	0.16397	0.29730	0.05078	0.14950	0.01733	0.00424	0.00657	0.01760	0.00821	0.00874
17	0.02248	0.02070	0.03357	0.16144	0.46180	0.02171	0.02585	0.08858	0.02227	0.03101	0.01716	0.02238	0.01388	0.00845	0.00888	0.00272	0.01078	0.00798	0.00484	0.01352
18	0.01831	0.01790	0.03197	0.48026	0.14913	0.02048	0.10546	0.02440	0.01873	0.02468	0.01636	0.02362	0.01251	0.00859	0.00916	0.00294	0.01216	0.00832	0.00412	0.01090
19	0.01126	0.00813	0.01115	0.01283	0.01356	0.00802	0.00886	0.01314	0.01660	0.02244	0.04441	0.55526	0.05206	0.03557	0.13477	0.00571	0.00882	0.02237	0.00763	0.00741
20	0.01874	0.01450	0.01577	0.01364	0.01779	0.01476	0.01072	0.18468	0.07666	0.03730	0.19491	0.05863	0.27169	0.01733	0.00998	0.00288	0.00619	0.01441	0.00893	0.01050
21	0.02625	0.02418	0.02793	0.06622	0.20485	0.11838	0.01999	0.20063	0.06845	0.03544	0.01945	0.02287	0.01545	0.01456	0.06256	0.00368	0.04209	0.00794	0.00612	0.01296
22	0.01322	0.01043	0.01242	0.01309	0.01509	0.01061	0.00943	0.01966	0.13269	0.02571	0.05245	0.37277	0.16147	0.02782	0.07493	0.00448	0.00731	0.01959	0.00811	0.00873
23	0.01257	0.00849	0.00989	0.01032	0.01043	0.00838	0.00602	0.01289	0.01387	0.01849	0.03260	0.18815	0.03808	0.54840	0.03842	0.00762	0.00795	0.01560	0.00602	0.00581
24	0.01275	0.00876	0.01073	0.01094	0.01131	0.00903	0.00685	0.01354	0.01369	0.01858	0.02947	0.11629	0.03319	0.49722	0.16170	0.00930	0.01135	0.01358	0.00559	0.00611
25	0.16616	0.05348	0.01783	0.01377	0.01813	0.01669	0.01092	0.13879	0.02474	0.10124	0.20913	0.03947	0.03836	0.09838	0.01325	0.00347	0.00712	0.01049	0.00804	0.01056
26	0.07419	0.02647	0.16070	0.03425	0.23805	0.02185	0.08666	0.07063	0.13582	0.03320	0.02059	0.02325	0.01579	0.00905	0.00878	0.00282	0.01066	0.00816	0.00559	0.01349
27	0.02335	0.01866	0.05586	0.02188	0.06556	0.02029	0.01733	0.10556	0.02053	0.12734	0.02059	0.02565	0.01673	0.02617	0.17590	0.00603	0.22663	0.00844	0.00604	0.01147
28	0.32194	0.02011	0.02034	0.08486	0.02645	0.02301	0.01445	0.22752	0.10864	0.04355	0.01930	0.02057	0.01431	0.00975	0.00758	0.00280	0.00849	0.00702	0.00705	0.01226
29	0.02438	0.02435	0.02602	0.03009	0.20498	0.14313	0.01873	0.03927	0.32310	0.03198	0.02621	0.02670	0.02034	0.01033	0.00883	0.00278	0.00989	0.00863	0.00684	0.01343
30	0.02795	0.03366	0.02388	0.02304	0.05684	0.45472	0.01675	0.03057	0.02225	0.02204	0.01587	0.02041	0.01382	0.02097	0.13633	0.00480	0.05469	0.00675	0.00460	0.01007
31	0.01278	0.00959	0.01438	0.01438	0.01598	0.01118	0.01118	0.01598	0.01438	0.02077	0.02396	0.03515	0.02237	0.06710	0.65013	0.01438	0.02396	0.00959	0.00479	0.00799
32	0.07079	0.14732	0.06232	0.02012	0.02645	0.25976	0.01700	0.16999	0.08625	0.03299	0.01774	0.01890	0.01387	0.00951	0.00786	0.00246	0.01189	0.00657	0.00597	0.01223
33	0.01075	0.00907	0.00930	0.00924	0.01219	0.00763	0.00693	0.01317	0.02080	0.02513	0.13467	0.08451	0.58151	0.02230	0.01057	0.00300	0.00451	0.01866	0.00843	0.00763
34	0.01794	0.04628	0.63923	0.02550	0.03872	0.02078	0.03305	0.02833	0.01889	0.02833	0.01606	0.01889	0.01133	0.00850	0.00850	0.00283	0.01322	0.00661	0.00378	0.01322
35	0.01087	0.00907	0.00947	0.00937	0.01226	0.00768	0.00703	0.01341	0.02108	0.02581	0.16551	0.08340	0.55025	0.02205	0.01057	0.00299	0.00449	0.01850	0.00852	0.00768
36	0.01668	0.00834	0.00834	0.00834	0.01042	0.00834	0.00625	0.02085	0.01876	0.03335	0.02918	0.03335	0.02293	0.01042	0.00625	0.00208	0.00417	0.00834	0.73525	0.00834
37	0.03045	0.02142	0.02357	0.01889	0.02496	0.02329	0.01527	0.43293	0.07743	0.09811	0.02757	0.11528	0.02280	0.01329	0.00931	0.00285	0.00881	0.01071	0.00905	0.01403
38	0.01668	0.00834	0.00834	0.00834	0.01042	0.00834	0.00625	0.02085	0.01876	0.03335	0.02918	0.03335	0.02293	0.01042	0.00625	0.00208	0.00417	0.00834	0.73525	0.00834
39	0.02468	0.15889	0.18858	0.02856	0.15611	0.11642	0.02314	0.11330	0.02318	0.03001	0.01579	0.01873	0.01258	0.00903	0.00911	0.00258	0.04501	0.00670	0.00482	0.01280
40	0.01822	0.07558	0.61230	0.02504	0.03800	0.02144	0.03225	0.02826	0.01886	0.02800	0.01589	0.01868	0.01134	0.00846	0.00837	0.00279	0.01306	0.00653	0.00378	0.01314
41	0.01090	0.00779	0.01038	0.01246	0.01298	0.00727	0.00830	0.01246	0.01713	0.02284	0.04931	0.67975	0.05917	0.02803	0.01142	0.00363	0.00519	0.02543	0.00830	0.00727
42	0.03124	0.02817	0.02554	0.05763	0.02903	0.18397	0.01713	0.34676	0.11653	0.04308	0.02132	0.02193	0.01579	0.01045	0.00875	0.00265	0.01117	0.00776	0.00759	0.01354
43	0.01232	0.00888	0.01165	0.01149	0.01329	0.00821	0.00842	0.01603	0.02374	0.03336	0.51387	0.18520	0.07954	0.02017	0.01072	0.00297	0.00441	0.01797	0.00955	0.00821
44	0.03084	0.06237	0.12345	0.02213	0.02924	0.27673	0.01958	0.26021	0.03074	0.03669	0.01719	0.01864	0.01297	0.00965	0.00839	0.00252	0.01289	0.00677	0.00619	0.01281
45	0.03342	0.04264	0.02535	0.02305	0.02766	0.64967	0.01729	0.03572	0.02535	0.02190	0.01383	0.01613	0.01152	0.00922	0.00807	0.00230	0.01613	0.00576	0.00461	0.01037
46	0.01090	0.00779	0.01038	0.01246	0.01298	0.00727	0.00830	0.01246	0.01713	0.02284	0.04931	0.67975	0.05917	0.02803	0.01142	0.00363	0.00519	0.02543	0.00830	0.00727
47	0.01252	0.00882	0.01000	0.01000	0.01072	0.00866	0.00616	0.01322	0.01455	0.01895	0.03990	0.06194	0.14633	0.50659	0.08860	0.00805	0.00913	0.01386	0.00593	0.00604
48	0.01744	0.01661	0.01797	0.01678	0.01818	0.11173	0.01281	0.01962	0.01564	0.02044	0.02059	0.03340	0.02038	0.16660	0.30133	0.00917	0.15906	0.00928	0.00470	0.00824
49	0.03236	0.02424	0.02592	0.02025	0.02712	0.02697	0.01661	0.52255	0.12214	0.05373	0.02357	0.02315	0.01691	0.01094	0.00897	0.00273	0.00946	0.00834	0.00897	0.01507
50	0.02403	0.02715	0.07661	0.04669	0.47191	0.14258	0.02589	0.02912	0.02123	0.02775	0.01619	0.02075	0.01346	0.00825	0.00868	0.00260	0.01187	0.00745	0.00442	0.01337
51	0.01890	0.01438	0.01554	0.01423	0.01736	0.04414	0.01084	0.13530	0.07404	0.03573	0.20165	0.16469	0.04578	0.01918	0.04302	0.00344	0.00735	0.01392	0.11043	0.01008
52	0.01077	0.00898	0.00939	0.00948	0.01225	0.00761	0.00704	0.01315	0.02057	0.02504	0.13176	0.12628	0.54162	0.02268	0.01063	0.00305	0.00455	0.01912	0.00843	0.00761
53	0.02965	0.03390	0.02794	0.02383	0.02811	0.38413	0.05855	0.11122	0.02488	0.02712	0.01475	0.01819	0.01223	0.01070	0.01296	0.00276	0.15612	0.00687	0.00506	0.01104
54	0.01489	0.01022	0.01154	0.01113	0.01190	0.01044	0.00689	0.07176	0.01636	0.02184	0.02976	0.12067	0.03362	0.54828	0.03825	0.00754	0.00842	0.01383	0.00608	0.00660
55	0.43232	0.14537	0.01911	0.01223	0.01730	0.02049	0.01044	0.02459	0.01621	0.03356	0.01595	0.01920	0.01316	0.01438	0.07040	0.00367	0.00876	0.00580	0.10737	0.00968
56	0.10336	0.18721	0.02646	0.05180	0.08310	0.07416	0.01439	0.02904	0.14296	0.02691	0.02126	0.02832	0.01897	0.13982	0.01478	0.00371	0.00934	0.00806	0.00557	0.01077
57	0.01577	0.01180	0.01366	0.01299	0.01577	0.01164	0.00969	0.12971	0.02462	0.03261	0.17802	0.27407	0.19269	0.02121	0.01054	0.00312	0.00574	0.01842	0.00877	0.00916
58	0.01972	0.16777	0.14497	0.02404	0.11799	0.02160	0.04925	0.02847	0.11409	0.02984	0.13632	0.03021	0.02863	0.01058	0.00848	0.00258	0.00916	0.00898	0.00600	0.04132

[dist]
# distance from previous block
# <min> <max>
1	6

[block]
# block no. 1 follows, 19 sequences, length 9
# corresponding to MSA columns:
# 78-86
name=unknown_B
#
# <colnr> <probs for GDERKNQSTAVLIFYWHMCP>
#	G	D	E	R	K	N	Q	S	T	A	V	L	I	F	Y	W	H	M	C	P
0	0.02537	0.43699	0.12898	0.01871	0.02644	0.18378	0.01841	0.02921	0.02004	0.02233	0.01331	0.01546	0.01147	0.00816	0.00672	0.00215	0.01172	0.00529	0.00401	0.01147
1	0.01960	0.02834	0.23349	0.08311	0.35288	0.02006	0.02770	0.02642	0.01971	0.02815	0.02162	0.02561	0.05546	0.00923	0.00886	0.00276	0.01115	0.00827	0.00445	0.01311
2	0.09327	0.17130	0.18582	0.06225	0.02833	0.07617	0.01949	0.02672	0.01889	0.06794	0.02246	0.05108	0.05858	0.01106	0.00980	0.00273	0.06981	0.00802	0.00508	0.01120
3	0.01083	0.00806	0.01010	0.01172	0.01278	0.00733	0.00798	0.01254	0.01783	0.02313	0.05823	0.55166	0.18151	0.02687	0.01124	0.00350	0.00505	0.02402	0.00831	0.00733
4	0.01698	0.01087	0.01478	0.01593	0.06065	0.01079	0.01045	0.02030	0.08066	0.07269	0.13485	0.18338	0.04007	0.05895	0.01923	0.21336	0.00674	0.01387	0.00717	0.00828
5	0.02549	0.14575	0.08564	0.06549	0.18955	0.22938	0.02118	0.03168	0.07488	0.02572	0.01674	0.01965	0.01365	0.00880	0.00806	0.00248	0.01223	0.00677	0.00472	0.01214
6	0.01301	0.00867	0.00976	0.00976	0.00976	0.00867	0.00542	0.01301	0.01301	0.01735	0.02819	0.05855	0.03253	0.68559	0.04554	0.00867	0.00867	0.01301	0.00542	0.00542
7	0.01243	0.00843	0.00993	0.01050	0.01065	0.00829	0.00622	0.01286	0.01415	0.01886	0.03401	0.22988	0.03988	0.50422	0.03613	0.00728	0.00771	0.01644	0.00622	0.00593
8	0.02442	0.02014	0.02723	0.25438	0.04003	0.02284	0.06425	0.25762	0.08623	0.03793	0.02105	0.02587	0.01609	0.04914	0.01121	0.00320	0.01067	0.00870	0.00661	0.01238

[dist]
# distance from previous block
# <min> <max>
0	1

[block]
# block no. 2 follows, 19 sequences, length 8
# corresponding to MSA columns:
# 88-95
name=unknown_C
#
# <colnr> <probs for GDERKNQSTAVLIFYWHMCP>
#	G	D	E	R	K	N	Q	S	T	A	V	L	I	F	Y	W	H	M	C	P
0	0.01146	0.00884	0.01028	0.01041	0.01252	0.00786	0.00752	0.01411	0.02099	0.02736	0.25473	0.18158	0.31385	0.06236	0.01283	0.00340	0.00480	0.01878	0.00864	0.00766
1	0.01138	0.00909	0.01018	0.00991	0.01258	0.00790	0.00743	0.01440	0.02229	0.02868	0.29677	0.07867	0.41719	0.02097	0.01057	0.00294	0.00441	0.01784	0.00890	0.00790
2	0.01090	0.00779	0.01038	0.01246	0.01298	0.00727	0.00830	0.01246	0.01713	0.02284	0.04931	0.67975	0.05917	0.02803	0.01142	0.00363	0.00519	0.02543	0.00830	0.00727
3	0.15422	0.01746	0.02604	0.30611	0.11426	0.01891	0.06482	0.02445	0.01806	0.02840	0.01555	0.02101	0.01214	0.00819	0.00802	0.00262	0.01016	0.00712	0.00459	0.13786
4	0.01933	0.03745	0.41735	0.03347	0.15744	0.02119	0.13028	0.02822	0.01957	0.02857	0.01656	0.02045	0.01229	0.00823	0.00893	0.00283	0.01303	0.00757	0.00404	0.01321
5	0.11928	0.13991	0.10652	0.08912	0.28594	0.02344	0.02264	0.02805	0.05296	0.02908	0.01643	0.02016	0.01332	0.00835	0.00785	0.00261	0.01017	0.00695	0.00462	0.01262
6	0.02001	0.02459	0.13361	0.03066	0.12280	0.02180	0.17976	0.02930	0.11455	0.02941	0.06605	0.02694	0.02062	0.01074	0.01301	0.00308	0.12600	0.00941	0.00542	0.01223
7	0.02792	0.02273	0.03211	0.03374	0.22624	0.09931	0.12311	0.03510	0.09118	0.18153	0.02358	0.02513	0.01725	0.00931	0.00913	0.00275	0.01096	0.00866	0.00668	0.01358

[dist]
# distance from previous block
# <min> <max>
9	83

[block]
# block no. 3 follows, 19 sequences, length 31
# corresponding to MSA columns:
# 182-212
name=unknown_D
#
# <colnr> <probs for GDERKNQSTAVLIFYWHMCP>
#	G	D	E	R	K	N	Q	S	T	A	V	L	I	F	Y	W	H	M	C	P
0	0.02470	0.10151	0.11224	0.03538	0.30216	0.02294	0.02289	0.13750	0.02426	0.06500	0.01874	0.02173	0.01458	0.00883	0.00833	0.00257	0.01019	0.00751	0.04526	0.01367
1	0.19036	0.11175	0.10367	0.02229	0.13067	0.01953	0.01704	0.02897	0.01983	0.15931	0.02759	0.02808	0.08472	0.01043	0.00786	0.00267	0.00862	0.00813	0.00638	0.01212
2	0.01643	0.01405	0.02137	0.14637	0.13423	0.01625	0.01697	0.02009	0.01707	0.02465	0.02497	0.16268	0.02487	0.02219	0.10219	0.00471	0.12242	0.01186	0.08697	0.00966
3	0.01966	0.01479	0.01764	0.01663	0.04536	0.01537	0.01234	0.08492	0.16991	0.07548	0.04042	0.07755	0.13495	0.02564	0.14338	0.00523	0.01047	0.01172	0.00763	0.07092
4	0.03161	0.22871	0.03143	0.01930	0.02562	0.26143	0.01608	0.14207	0.02645	0.11145	0.01779	0.01857	0.01366	0.00930	0.00767	0.00232	0.01182	0.00635	0.00608	0.01229
5	0.02642	0.02841	0.14216	0.05775	0.03019	0.14328	0.05028	0.13818	0.02607	0.10803	0.08040	0.02563	0.02112	0.01018	0.00874	0.00258	0.01102	0.00815	0.00662	0.07478
6	0.02156	0.02083	0.02225	0.06460	0.06282	0.13304	0.01569	0.08156	0.02059	0.02707	0.01776	0.02343	0.01530	0.02454	0.17756	0.00554	0.09026	0.00742	0.00510	0.16308
7	0.07500	0.04708	0.12450	0.01682	0.02248	0.01851	0.01544	0.20464	0.02509	0.03649	0.02587	0.14164	0.02399	0.04920	0.04587	0.00372	0.00942	0.01091	0.09210	0.01122
8	0.02825	0.02199	0.02101	0.01765	0.02259	0.14898	0.01396	0.19895	0.02920	0.14451	0.14889	0.03291	0.03092	0.01806	0.07736	0.00389	0.01108	0.00961	0.00817	0.01202
9	0.05715	0.01616	0.02492	0.19800	0.26919	0.01698	0.02018	0.02223	0.01946	0.02682	0.03567	0.04153	0.16272	0.01262	0.00929	0.00291	0.00917	0.03855	0.00550	0.01093
10	0.01554	0.00777	0.01166	0.01166	0.01166	0.00777	0.00777	0.01166	0.01166	0.01554	0.01554	0.02720	0.01554	0.03108	0.03497	0.73970	0.00777	0.00777	0.00389	0.00389
11	0.03342	0.04264	0.02535	0.02305	0.02766	0.64967	0.01729	0.03572	0.02535	0.02190	0.01383	0.01613	0.01152	0.00922	0.00807	0.00230	0.01613	0.00576	0.00461	0.01037
12	0.01609	0.05070	0.01482	0.01232	0.01510	0.04765	0.00944	0.01921	0.02096	0.06560	0.24762	0.05465	0.15172	0.07969	0.11641	0.00509	0.00905	0.01326	0.04195	0.00867
13	0.01891	0.01905	0.01634	0.01566	0.01771	0.19806	0.01140	0.02097	0.01723	0.02017	0.02214	0.03595	0.02195	0.21892	0.29648	0.00927	0.01749	0.00940	0.00491	0.00799
14	0.01093	0.00826	0.01011	0.01137	0.01274	0.00744	0.00787	0.01289	0.01869	0.02419	0.10372	0.46032	0.22762	0.02574	0.01111	0.00339	0.00493	0.02283	0.00842	0.00744
15	0.01090	0.00779	0.01038	0.01246	0.01298	0.00727	0.00830	0.01246	0.01713	0.02284	0.04931	0.67975	0.05917	0.02803	0.01142	0.00363	0.00519	0.02543	0.00830	0.00727
16	0.02214	0.02126	0.03631	0.05491	0.62978	0.02126	0.02746	0.02746	0.02037	0.02923	0.01683	0.02214	0.01417	0.00797	0.00886	0.00266	0.01063	0.00797	0.00443	0.01417
17	0.01229	0.01024	0.01037	0.00991	0.01323	0.00903	0.00755	0.05594	0.02198	0.02653	0.08555	0.08136	0.58130	0.02178	0.01045	0.00300	0.00492	0.01809	0.00835	0.00812
18	0.01090	0.00779	0.01038	0.01246	0.01298	0.00727	0.00830	0.01246	0.01713	0.02284	0.04931	0.67975	0.05917	0.02803	0.01142	0.00363	0.00519	0.02543	0.00830	0.00727
19	0.01588	0.01377	0.01652	0.01535	0.01583	0.04773	0.01123	0.01710	0.01429	0.01963	0.02327	0.08045	0.02552	0.32676	0.11599	0.00735	0.20945	0.01141	0.00502	0.00744
20	0.01313	0.00977	0.01235	0.01253	0.01279	0.01064	0.00837	0.01404	0.01447	0.01978	0.03260	0.24784	0.03781	0.36224	0.06756	0.00684	0.08837	0.01609	0.00611	0.00668
21	0.01239	0.00945	0.01345	0.01413	0.01513	0.01052	0.01045	0.01476	0.01558	0.02176	0.03465	0.32734	0.03838	0.04579	0.31688	0.00877	0.05977	0.01667	0.00633	0.00778
22	0.01280	0.00951	0.01400	0.01400	0.01547	0.01098	0.01071	0.01573	0.01427	0.02049	0.02431	0.03706	0.02320	0.11776	0.60060	0.01391	0.02271	0.00987	0.00484	0.00778
23	0.02842	0.02715	0.02371	0.02081	0.02484	0.25175	0.01647	0.06611	0.12679	0.11025	0.02262	0.02699	0.01828	0.01230	0.01312	0.00296	0.14921	0.03989	0.00658	0.01172
24	0.02377	0.02625	0.06880	0.07726	0.09075	0.17399	0.08468	0.12838	0.02525	0.03056	0.03238	0.03407	0.14129	0.01191	0.00922	0.00273	0.01136	0.00993	0.00602	0.01138
25	0.19676	0.02140	0.13039	0.11577	0.02886	0.02020	0.01865	0.02281	0.01606	0.02763	0.01822	0.09576	0.01716	0.01541	0.04385	0.00376	0.18344	0.00901	0.00485	0.01002
26	0.01968	0.06599	0.02560	0.29853	0.10828	0.13082	0.01968	0.02378	0.01937	0.02329	0.02239	0.15884	0.02197	0.01279	0.00908	0.00289	0.01096	0.01100	0.00504	0.01005
27	0.20561	0.02354	0.06634	0.08890	0.33134	0.08409	0.02209	0.02768	0.01928	0.03066	0.01530	0.01956	0.01241	0.00829	0.00793	0.00269	0.01052	0.00687	0.00465	0.01225
28	0.02250	0.02103	0.02561	0.18429	0.14497	0.07320	0.01965	0.06852	0.27693	0.03215	0.02506	0.02687	0.01912	0.01027	0.00893	0.00287	0.00983	0.00871	0.00660	0.01287
29	0.01897	0.03234	0.28706	0.08616	0.03301	0.12945	0.04969	0.02530	0.02014	0.02553	0.03056	0.08418	0.11514	0.01252	0.00914	0.00286	0.01163	0.01031	0.00509	0.01092
30	0.02333	0.02516	0.06515	0.04949	0.52549	0.09918	0.02648	0.02853	0.02091	0.02827	0.01642	0.02123	0.01370	0.00815	0.00874	0.00262	0.01144	0.00763	0.00442	0.01365

[dist]
# distance from previous block
# <min> <max>
0	17

[block]
# block no. 4 follows, 19 sequences, length 46
# corresponding to MSA columns:
# 230-275
name=unknown_E
#
# <colnr> <probs for GDERKNQSTAVLIFYWHMCP>
#	G	D	E	R	K	N	Q	S	T	A	V	L	I	F	Y	W	H	M	C	P
0	0.02494	0.17116	0.03392	0.03478	0.29489	0.19714	0.02077	0.02871	0.02128	0.02513	0.01951	0.02267	0.04987	0.00914	0.00807	0.00242	0.01155	0.00733	0.00458	0.01214
1	0.01357	0.01055	0.01299	0.01258	0.01362	0.01158	0.00887	0.01590	0.03951	0.02075	0.03763	0.08961	0.12980	0.31702	0.14499	0.00769	0.08681	0.01338	0.00594	0.00722
2	0.01301	0.00867	0.00976	0.00976	0.00976	0.00867	0.00542	0.01301	0.01301	0.01735	0.02819	0.05855	0.03253	0.68559	0.04554	0.00867	0.00867	0.01301	0.00542	0.00542
3	0.15187	0.04848	0.01797	0.01494	0.01701	0.01814	0.01168	0.04919	0.01650	0.02741	0.02203	0.10181	0.02238	0.15011	0.02125	0.00425	0.19279	0.01022	0.09317	0.00879
4	0.02366	0.02336	0.10226	0.08906	0.03194	0.02233	0.08370	0.24562	0.02801	0.03842	0.08760	0.05774	0.02364	0.01216	0.01174	0.00297	0.08686	0.00985	0.00679	0.01230
5	0.01264	0.00852	0.00987	0.01024	0.01033	0.00842	0.00593	0.01291	0.01374	0.01832	0.03193	0.16848	0.03724	0.56922	0.03950	0.00778	0.00806	0.01521	0.00593	0.00575
6	0.18490	0.01655	0.01762	0.01441	0.01978	0.01735	0.01171	0.18656	0.02644	0.18250	0.06323	0.02749	0.02172	0.01071	0.00776	0.00260	0.00714	0.00816	0.16121	0.01214
7	0.02689	0.02186	0.02800	0.02503	0.09072	0.02373	0.08427	0.23423	0.26172	0.06599	0.02703	0.02690	0.01995	0.01064	0.00919	0.00286	0.00936	0.00919	0.00811	0.01433
8	0.01279	0.00953	0.01412	0.01412	0.01562	0.01104	0.01086	0.01581	0.01430	0.02057	0.02420	0.03647	0.02294	0.10215	0.61587	0.01405	0.02310	0.00978	0.00483	0.00784
9	0.01096	0.00908	0.00960	0.00947	0.01232	0.00772	0.00710	0.01358	0.02130	0.02632	0.18883	0.08256	0.52661	0.02186	0.01057	0.00298	0.00447	0.01838	0.00859	0.00772
10	0.01118	0.00951	0.00970	0.00971	0.01270	0.00828	0.00725	0.01457	0.05019	0.02476	0.08562	0.11614	0.56466	0.02242	0.01055	0.00306	0.00470	0.01880	0.00835	0.00787
11	0.03334	0.02265	0.02472	0.01910	0.02584	0.02459	0.01573	0.49240	0.03840	0.11945	0.02363	0.02341	0.01659	0.01075	0.00874	0.00265	0.00915	0.00818	0.06597	0.01468
12	0.01090	0.00779	0.01038	0.01246	0.01298	0.00727	0.00830	0.01246	0.01713	0.02284	0.04931	0.67975	0.05917	0.02803	0.01142	0.00363	0.00519	0.02543	0.00830	0.00727
13	0.01164	0.00810	0.01016	0.01151	0.01185	0.00776	0.00730	0.01265	0.01569	0.02092	0.04192	0.46239	0.04985	0.25810	0.02336	0.00540	0.00641	0.02109	0.00730	0.00662
14	0.01957	0.01957	0.02740	0.02349	0.02349	0.02740	0.01957	0.02153	0.01370	0.02153	0.01174	0.01957	0.01174	0.01566	0.02936	0.00391	0.66921	0.00783	0.00391	0.00979
15	0.01515	0.01566	0.08649	0.12759	0.02559	0.01493	0.01541	0.01885	0.01538	0.02210	0.02150	0.03451	0.02032	0.17470	0.22525	0.00791	0.09117	0.00943	0.04947	0.00859
16	0.06498	0.04441	0.59894	0.02462	0.03734	0.02073	0.03155	0.02820	0.01865	0.02909	0.01582	0.01861	0.01123	0.00849	0.00831	0.00283	0.01282	0.00650	0.00389	0.01299
17	0.03342	0.04264	0.02535	0.02305	0.02766	0.64967	0.01729	0.03572	0.02535	0.02190	0.01383	0.01613	0.01152	0.00922	0.00807	0.00230	0.01613	0.00576	0.00461	0.01037
18	0.20090	0.02996	0.09629	0.06411	0.15852	0.22327	0.01990	0.05679	0.02144	0.03032	0.01489	0.01806	0.01183	0.00870	0.00777	0.00261	0.01184	0.00635	0.00487	0.01156
19	0.01257	0.01027	0.01124	0.01079	0.01377	0.00953	0.00815	0.01811	0.09085	0.02928	0.24721	0.07410	0.39143	0.02010	0.01040	0.00296	0.00473	0.01704	0.00887	0.00859
20	0.01057	0.00906	0.00906	0.00906	0.01208	0.00755	0.00680	0.01284	0.02039	0.02417	0.09063	0.08610	0.62615	0.02266	0.01057	0.00302	0.00453	0.01888	0.00831	0.00755
21	0.02187	0.02288	0.07549	0.05300	0.59137	0.02123	0.02782	0.02751	0.02027	0.02917	0.01678	0.02193	0.01399	0.00801	0.00883	0.00267	0.01080	0.00788	0.00439	0.01411
22	0.02268	0.02341	0.02719	0.25558	0.17153	0.15288	0.02153	0.03191	0.14875	0.02721	0.02010	0.02391	0.01566	0.00948	0.00878	0.00278	0.01148	0.00796	0.00532	0.01188
23	0.02180	0.02091	0.03570	0.09412	0.59321	0.02117	0.02729	0.02716	0.02021	0.02882	0.01677	0.02225	0.01403	0.00803	0.00886	0.00268	0.01071	0.00797	0.00440	0.01390
24	0.02392	0.69097	0.04688	0.01531	0.02296	0.03540	0.01531	0.02679	0.01818	0.02105	0.01244	0.01435	0.01148	0.00765	0.00574	0.00191	0.00957	0.00478	0.00383	0.01148
25	0.02214	0.02126	0.03631	0.05491	0.62978	0.02126	0.02746	0.02746	0.02037	0.02923	0.01683	0.02214	0.01417	0.00797	0.00886	0.00266	0.01063	0.00797	0.00443	0.01417
26	0.01252	0.00968	0.01200	0.01225	0.01465	0.00831	0.00863	0.01468	0.01780	0.02435	0.04671	0.47051	0.11261	0.02280	0.01029	0.00307	0.00543	0.02035	0.00766	0.16571
27	0.01102	0.00784	0.01035	0.01230	0.01279	0.00735	0.00814	0.01249	0.01689	0.02252	0.04810	0.64415	0.05764	0.06571	0.01337	0.00392	0.00539	0.02472	0.00814	0.00716
28	0.01288	0.00870	0.00972	0.00972	0.00989	0.00861	0.00550	0.01300	0.01342	0.01773	0.03165	0.06007	0.06545	0.64882	0.04360	0.00836	0.00844	0.01334	0.00558	0.00554
29	0.01112	0.00794	0.01063	0.01270	0.01332	0.00745	0.00868	0.01283	0.01734	0.02308	0.04919	0.64417	0.05870	0.02782	0.01148	0.00366	0.00538	0.05888	0.00830	0.00733
30	0.01285	0.00870	0.00971	0.00971	0.00991	0.00860	0.00551	0.01300	0.01349	0.01779	0.03225	0.06034	0.07110	0.64251	0.04326	0.00831	0.00840	0.01339	0.00561	0.00556
31	0.01090	0.00779	0.01038	0.01246	0.01298	0.00727	0.00830	0.01246	0.01713	0.02284	0.04931	0.67975	0.05917	0.02803	0.01142	0.00363	0.00519	0.02543	0.00830	0.00727
32	0.01289	0.00862	0.00979	0.00992	0.00995	0.00859	0.00559	0.01298	0.01325	0.01767	0.02942	0.09478	0.03408	0.64723	0.04355	0.00838	0.00847	0.01373	0.00559	0.00553
33	0.01232	0.00838	0.00996	0.01064	0.01081	0.00821	0.00637	0.01283	0.01436	0.01915	0.03511	0.26222	0.04126	0.46999	0.03435	0.00702	0.00753	0.01708	0.00637	0.00603
34	0.01207	0.00828	0.01004	0.01096	0.01119	0.00805	0.00671	0.01276	0.01485	0.01979	0.03760	0.33539	0.04440	0.39254	0.03033	0.00643	0.00712	0.01855	0.00671	0.00624
35	0.01188	0.00841	0.01105	0.01212	0.01272	0.00848	0.00811	0.01335	0.01542	0.02089	0.03817	0.37340	0.04411	0.21730	0.15487	0.00728	0.01009	0.01869	0.00677	0.00691
36	0.01273	0.00872	0.00968	0.00968	0.01003	0.00854	0.00558	0.01299	0.01387	0.01814	0.03545	0.06175	0.10153	0.60853	0.04147	0.00802	0.00819	0.01369	0.00576	0.00567
37	0.02285	0.01951	0.02057	0.01833	0.02349	0.02253	0.01430	0.07556	0.58463	0.03839	0.03566	0.03278	0.02670	0.01207	0.00910	0.00302	0.00722	0.01001	0.00910	0.01421
38	0.02258	0.02237	0.03241	0.11870	0.44067	0.07891	0.02473	0.02993	0.08684	0.02873	0.01863	0.02305	0.01514	0.00866	0.00882	0.00270	0.01089	0.00801	0.00491	0.01333
39	0.02057	0.01857	0.02432	0.14164	0.19758	0.08760	0.01858	0.05118	0.05299	0.02518	0.01823	0.02496	0.01552	0.02038	0.08882	0.15876	0.01218	0.00799	0.00478	0.01017
40	0.02927	0.30405	0.03412	0.01830	0.02516	0.15990	0.01584	0.18578	0.02662	0.06422	0.01659	0.01774	0.01317	0.00896	0.00732	0.00222	0.01077	0.00613	0.00585	0.04799
41	0.01703	0.01441	0.01576	0.01359	0.01803	0.04547	0.01032	0.05234	0.04975	0.03063	0.16784	0.17246	0.06981	0.01521	0.00905	0.00244	0.00638	0.01309	0.00747	0.26892
42	0.02203	0.02168	0.05180	0.01849	0.05361	0.17699	0.01380	0.05446	0.01947	0.02415	0.01817	0.02683	0.01638	0.01741	0.01746	0.25749	0.01018	0.03880	0.04745	0.09336
43	0.02409	0.02512	0.03195	0.04338	0.43266	0.15207	0.02336	0.02862	0.02121	0.02768	0.01609	0.02046	0.01351	0.00808	0.00843	0.00243	0.01132	0.00720	0.00457	0.09778
44	0.27238	0.01929	0.02171	0.02775	0.22566	0.08339	0.01623	0.02477	0.01843	0.03090	0.02182	0.15691	0.02179	0.01243	0.00816	0.00286	0.00878	0.01032	0.00564	0.01078
45	0.01930	0.01861	0.02691	0.25081	0.19670	0.05882	0.05146	0.05858	0.02121	0.02713	0.03216	0.03584	0.14170	0.01162	0.00929	0.00284	0.01034	0.01026	0.00538	0.01103

[dist]
# distance from previous block
# <min> <max>
9	35

[block]
# block no. 5 follows, 19 sequences, length 14
# corresponding to MSA columns:
# 311-324
name=unknown_F
#
# <colnr> <probs for GDERKNQSTAVLIFYWHMCP>
#	G	D	E	R	K	N	Q	S	T	A	V	L	I	F	Y	W	H	M	C	P
0	0.09705	0.08302	0.03797	0.04361	0.40201	0.02269	0.13081	0.02750	0.01978	0.02949	0.01621	0.02101	0.01335	0.00790	0.00855	0.00267	0.01098	0.00784	0.00451	0.01307
1	0.02581	0.09778	0.03280	0.03528	0.27146	0.25635	0.05667	0.02972	0.02205	0.02533	0.01951	0.02284	0.04752	0.00921	0.00844	0.00249	0.01250	0.00760	0.00466	0.01197
2	0.02280	0.02137	0.02282	0.02446	0.13425	0.12686	0.01631	0.07272	0.10642	0.03046	0.02549	0.02829	0.05389	0.01164	0.01179	0.00277	0.11946	0.00861	0.14825	0.01133
3	0.01871	0.01618	0.01996	0.02270	0.14291	0.04032	0.01439	0.08408	0.11381	0.02936	0.03906	0.04327	0.15635	0.07603	0.13723	0.00554	0.01129	0.01138	0.00666	0.01077
4	0.08770	0.01879	0.01737	0.01690	0.05668	0.12059	0.01177	0.11647	0.02356	0.03118	0.11573	0.04505	0.13658	0.14495	0.01613	0.00387	0.00872	0.01140	0.00694	0.00961
5	0.01816	0.01497	0.01869	0.14111	0.02648	0.01614	0.01361	0.10518	0.05856	0.02870	0.03393	0.07156	0.12205	0.12837	0.01687	0.00381	0.05917	0.01130	0.00638	0.10498
6	0.16932	0.18766	0.02975	0.02297	0.10493	0.22539	0.01666	0.09488	0.02290	0.03016	0.01450	0.01681	0.01193	0.00867	0.00722	0.00239	0.01132	0.00591	0.00507	0.01156
7	0.02110	0.27811	0.12092	0.01822	0.02412	0.11131	0.01741	0.02502	0.01795	0.02220	0.01616	0.02113	0.01436	0.02427	0.17835	0.00554	0.06244	0.00668	0.00419	0.01054
8	0.16767	0.01035	0.01094	0.01106	0.01335	0.01113	0.00824	0.01900	0.01656	0.02948	0.02859	0.15732	0.02767	0.06216	0.12887	0.00519	0.00887	0.01144	0.26391	0.00818
9	0.02542	0.02555	0.15914	0.06278	0.28464	0.02010	0.05733	0.07481	0.02269	0.14925	0.02066	0.02322	0.01509	0.00892	0.00892	0.00275	0.01083	0.00804	0.00592	0.01396
10	0.02282	0.14196	0.26278	0.02507	0.11121	0.02298	0.02320	0.10371	0.05838	0.06975	0.02335	0.02470	0.05212	0.00984	0.00834	0.00266	0.01055	0.00780	0.00561	0.01315
11	0.01182	0.00834	0.00995	0.01084	0.01142	0.00794	0.00683	0.01275	0.01565	0.02051	0.04459	0.32962	0.11333	0.32465	0.02674	0.00584	0.00669	0.01905	0.00700	0.00647
12	0.01283	0.00941	0.01348	0.01348	0.01476	0.01069	0.01006	0.01540	0.01411	0.02010	0.02479	0.03971	0.02435	0.18780	0.53214	0.01326	0.02098	0.01025	0.00492	0.00749
13	0.06555	0.07961	0.50409	0.02382	0.03515	0.05438	0.02909	0.02816	0.01870	0.02800	0.01529	0.01825	0.01127	0.00883	0.00915	0.00280	0.04492	0.00641	0.00394	0.01258

[dist]
# distance from previous block
# <min> <max>
0	1

[block]
# block no. 6 follows, 19 sequences, length 32
# corresponding to MSA columns:
# 326-357
name=unknown_G
#
# <colnr> <probs for GDERKNQSTAVLIFYWHMCP>
#	G	D	E	R	K	N	Q	S	T	A	V	L	I	F	Y	W	H	M	C	P
0	0.14906	0.01120	0.01226	0.01171	0.01506	0.01071	0.00886	0.02038	0.01997	0.12281	0.11503	0.21243	0.21938	0.01915	0.00963	0.00307	0.00557	0.01617	0.00840	0.00915
1	0.01766	0.01788	0.01904	0.18081	0.06830	0.13308	0.01509	0.02139	0.02143	0.02586	0.15038	0.08382	0.18002	0.01518	0.00962	0.00285	0.00897	0.01280	0.00655	0.00927
2	0.01933	0.01916	0.02155	0.30720	0.03834	0.13577	0.01785	0.04645	0.02052	0.02502	0.05157	0.03300	0.08703	0.01777	0.08243	0.00410	0.01246	0.00935	0.04151	0.00960
3	0.15752	0.01793	0.02388	0.18868	0.18067	0.02014	0.01886	0.03032	0.16933	0.03147	0.02502	0.02770	0.05163	0.01019	0.00841	0.00288	0.00900	0.00855	0.00594	0.01187
4	0.01742	0.01653	0.02533	0.31009	0.03957	0.02175	0.02077	0.02135	0.01568	0.02202	0.01532	0.02367	0.01331	0.01983	0.10698	0.00496	0.28362	0.00813	0.00406	0.00960
5	0.01368	0.00861	0.00950	0.00950	0.00988	0.00861	0.00557	0.01444	0.01406	0.02027	0.02837	0.05394	0.03077	0.56216	0.03836	0.00747	0.00785	0.01216	0.13884	0.00595
6	0.02334	0.14686	0.03258	0.09941	0.03218	0.17947	0.12624	0.06177	0.02120	0.02502	0.01710	0.02232	0.01432	0.02009	0.13487	0.00485	0.01539	0.00765	0.00468	0.01067
7	0.02359	0.02460	0.03300	0.12883	0.44141	0.13985	0.02519	0.02842	0.02099	0.02701	0.01614	0.02123	0.01338	0.00833	0.00872	0.00263	0.01184	0.00755	0.00440	0.01290
8	0.01098	0.00841	0.01007	0.01106	0.01269	0.00751	0.00776	0.01311	0.01928	0.02483	0.13062	0.38982	0.27184	0.02492	0.01101	0.00331	0.00484	0.02195	0.00848	0.00751
9	0.02260	0.02276	0.03106	0.16638	0.36536	0.10357	0.02400	0.03007	0.09233	0.02800	0.01862	0.02305	0.01497	0.00883	0.00880	0.00272	0.01118	0.00794	0.00493	0.01284
10	0.01315	0.01046	0.01526	0.01832	0.09499	0.01071	0.01176	0.01605	0.01727	0.02368	0.06864	0.24594	0.10533	0.03938	0.25761	0.00754	0.01303	0.01581	0.00652	0.00854
11	0.06511	0.06600	0.02393	0.18515	0.10049	0.08552	0.01727	0.09930	0.02211	0.02898	0.02822	0.14330	0.07170	0.01351	0.00899	0.00286	0.00966	0.01134	0.00597	0.01059
12	0.03349	0.22851	0.03048	0.01694	0.02415	0.02387	0.01482	0.18237	0.02755	0.29417	0.02459	0.02311	0.01703	0.00992	0.00797	0.00248	0.00880	0.00744	0.00826	0.01405
13	0.01844	0.01064	0.01256	0.01121	0.01504	0.00913	0.00871	0.02137	0.02264	0.18094	0.17703	0.06842	0.37180	0.01891	0.01017	0.00292	0.00525	0.01588	0.00930	0.00966
14	0.02200	0.02443	0.03479	0.18851	0.04110	0.14164	0.20063	0.02677	0.01927	0.02416	0.01516	0.02142	0.01232	0.01023	0.01435	0.00310	0.17692	0.00832	0.00425	0.01065
15	0.02191	0.02266	0.07009	0.05327	0.59667	0.02123	0.02777	0.02751	0.02029	0.02918	0.01678	0.02196	0.01401	0.00800	0.00884	0.00267	0.01077	0.00790	0.00439	0.01412
16	0.01157	0.00807	0.01018	0.01160	0.01195	0.00771	0.00739	0.01263	0.01582	0.02109	0.04259	0.48211	0.05069	0.23724	0.02227	0.00524	0.00630	0.02148	0.00739	0.00668
17	0.01170	0.00853	0.01135	0.01225	0.01340	0.00836	0.00864	0.01404	0.01810	0.02467	0.15449	0.36496	0.09021	0.07078	0.13908	0.00584	0.00887	0.01945	0.00774	0.00754
18	0.11780	0.11640	0.02758	0.14065	0.09919	0.14677	0.01831	0.02598	0.01859	0.02519	0.01631	0.06469	0.01502	0.01106	0.01140	0.00283	0.11924	0.00787	0.00463	0.01048
19	0.03271	0.03888	0.02518	0.02241	0.02736	0.53058	0.01703	0.10483	0.06846	0.02715	0.01633	0.01799	0.01307	0.00961	0.00825	0.00240	0.01474	0.00634	0.00545	0.01122
20	0.20475	0.01936	0.02377	0.02034	0.02220	0.02557	0.01691	0.06063	0.01594	0.02852	0.01256	0.01842	0.01145	0.01348	0.02200	0.00354	0.45869	0.00709	0.00465	0.01012
21	0.01132	0.00796	0.01026	0.01192	0.01234	0.00754	0.00774	0.01257	0.01632	0.02176	0.04515	0.55726	0.05392	0.15769	0.01815	0.00463	0.00588	0.02298	0.00774	0.00690
22	0.01557	0.01073	0.01318	0.01244	0.01341	0.01242	0.00916	0.01789	0.01544	0.02448	0.02489	0.03884	0.02373	0.22941	0.10736	0.00610	0.13387	0.00986	0.27356	0.00766
23	0.01957	0.01957	0.02740	0.02349	0.02349	0.02740	0.01957	0.02153	0.01370	0.02153	0.01174	0.01957	0.01174	0.01566	0.02936	0.00391	0.66921	0.00783	0.00391	0.00979
24	0.01201	0.00912	0.01106	0.01057	0.01297	0.00816	0.00793	0.01562	0.02379	0.03223	0.45839	0.07284	0.25336	0.01965	0.01056	0.00288	0.00432	0.01702	0.00937	0.00816
25	0.01766	0.01693	0.02531	0.02178	0.02288	0.02225	0.05743	0.02038	0.01442	0.02180	0.01582	0.02451	0.01502	0.03036	0.21231	0.00696	0.43199	0.00854	0.00422	0.00941
26	0.01091	0.00867	0.00980	0.01037	0.01251	0.00756	0.00745	0.01317	0.01992	0.02505	0.13708	0.27019	0.38805	0.02386	0.01084	0.00319	0.00470	0.02064	0.00848	0.00756
27	0.01204	0.00891	0.01049	0.01064	0.01195	0.00871	0.00720	0.01350	0.01592	0.02058	0.04870	0.10628	0.22126	0.30658	0.15123	0.00765	0.01013	0.01507	0.00642	0.00673
28	0.02252	0.31002	0.07654	0.19508	0.11106	0.09896	0.02077	0.02695	0.01925	0.02313	0.01431	0.01837	0.01193	0.00827	0.00743	0.00240	0.01132	0.00626	0.00403	0.01139
29	0.01900	0.16004	0.53470	0.02370	0.03594	0.02336	0.02992	0.02806	0.01876	0.02705	0.01542	0.01809	0.01136	0.00835	0.00801	0.00267	0.01258	0.00629	0.00379	0.01291
30	0.12188	0.11005	0.03370	0.02968	0.14806	0.25003	0.12768	0.03044	0.02137	0.02692	0.01488	0.01840	0.01219	0.00835	0.00808	0.00252	0.01284	0.00686	0.00459	0.01149
31	0.06770	0.01652	0.02234	0.02363	0.14055	0.01724	0.01566	0.10134	0.05924	0.17765	0.05798	0.02898	0.02194	0.02052	0.10522	0.05620	0.03902	0.00886	0.00725	0.01216

[dist]
# distance from previous block
# <min> <max>
0	65

[block]
# block no. 7 follows, 19 sequences, length 21
# corresponding to MSA columns:
# 423-443
name=unknown_H
#
# <colnr> <probs for GDERKNQSTAVLIFYWHMCP>
#	G	D	E	R	K	N	Q	S	T	A	V	L	I	F	Y	W	H	M	C	P
0	0.11499	0.02520	0.03115	0.04292	0.42849	0.15157	0.02313	0.02903	0.02076	0.02906	0.01566	0.01995	0.01306	0.00827	0.00828	0.00260	0.01131	0.00712	0.00460	0.01282
1	0.07039	0.02099	0.03478	0.05205	0.58911	0.02118	0.02628	0.02738	0.02003	0.02995	0.01654	0.02164	0.01387	0.00799	0.00864	0.00266	0.01038	0.00776	0.00450	0.01387
2	0.02049	0.01914	0.03037	0.16023	0.37740	0.01932	0.02313	0.02674	0.05102	0.02845	0.01752	0.02239	0.01427	0.00813	0.00847	0.00249	0.00994	0.00759	0.00475	0.14815
3	0.01149	0.00910	0.01033	0.01003	0.01265	0.00794	0.00752	0.01461	0.02256	0.02931	0.32515	0.07764	0.38842	0.02074	0.01056	0.00293	0.00440	0.01770	0.00898	0.00794
4	0.01083	0.00805	0.01011	0.01176	0.01279	0.00733	0.00800	0.01254	0.01780	0.02311	0.05775	0.55846	0.17501	0.02693	0.01125	0.00351	0.00506	0.02409	0.00831	0.00733
5	0.01081	0.00891	0.00950	0.00969	0.01232	0.00760	0.00714	0.01317	0.02045	0.02511	0.13605	0.15822	0.50427	0.02291	0.01068	0.00308	0.00458	0.01944	0.00845	0.00760
6	0.01095	0.00814	0.01003	0.01149	0.01257	0.00742	0.00777	0.01258	0.01766	0.02283	0.05792	0.50119	0.19289	0.06579	0.01324	0.00379	0.00524	0.02313	0.00813	0.00723
7	0.01668	0.00834	0.00834	0.00834	0.01042	0.00834	0.00625	0.02085	0.01876	0.03335	0.02918	0.03335	0.02293	0.01042	0.00625	0.00208	0.00417	0.00834	0.73525	0.00834
8	0.02292	0.02274	0.03555	0.05271	0.58807	0.06478	0.02675	0.02803	0.02072	0.02872	0.01662	0.02173	0.01399	0.00806	0.00880	0.00263	0.01101	0.00782	0.00444	0.01391
9	0.02188	0.02283	0.07415	0.05307	0.59268	0.02123	0.02781	0.02751	0.02028	0.02917	0.01678	0.02194	0.01399	0.00800	0.00883	0.00267	0.01079	0.00789	0.00439	0.01411
10	0.03356	0.02323	0.02541	0.01976	0.02667	0.02536	0.01623	0.47374	0.09890	0.12662	0.02474	0.02382	0.01732	0.01093	0.00897	0.00273	0.00928	0.00838	0.00923	0.01511
11	0.01090	0.00779	0.01038	0.01246	0.01298	0.00727	0.00830	0.01246	0.01713	0.02284	0.04931	0.67975	0.05917	0.02803	0.01142	0.00363	0.00519	0.02543	0.00830	0.00727
12	0.01477	0.01260	0.01537	0.13592	0.02302	0.05873	0.01193	0.01715	0.01602	0.02066	0.02811	0.17018	0.03010	0.22566	0.17315	0.00746	0.01278	0.01324	0.00553	0.00763
13	0.01387	0.00977	0.01255	0.01226	0.01309	0.01092	0.00864	0.01568	0.01427	0.02088	0.02558	0.04413	0.02615	0.33018	0.25600	0.00954	0.06267	0.01082	0.09598	0.00703
14	0.01140	0.00800	0.01023	0.01181	0.01221	0.00760	0.00762	0.01259	0.01615	0.02153	0.04427	0.53150	0.05281	0.18495	0.01956	0.00484	0.00602	0.02247	0.00762	0.00683
15	0.03286	0.03282	0.02566	0.02156	0.02737	0.31729	0.01692	0.29585	0.07674	0.03890	0.01902	0.01987	0.01439	0.01013	0.00855	0.00253	0.01257	0.00714	0.00694	0.01288
16	0.01943	0.03019	0.25741	0.07555	0.11803	0.02271	0.13625	0.02627	0.01821	0.02651	0.01551	0.02084	0.01228	0.00998	0.01395	0.00311	0.16968	0.00793	0.00405	0.01208
17	0.01191	0.01004	0.01175	0.01313	0.05847	0.00883	0.00892	0.01477	0.02110	0.02633	0.15905	0.07930	0.47687	0.02104	0.01053	0.00302	0.00511	0.04341	0.00824	0.00820
18	0.01575	0.00864	0.00978	0.00978	0.01175	0.00902	0.00743	0.01968	0.01772	0.03035	0.02794	0.03378	0.02280	0.02395	0.15991	0.00502	0.00889	0.00864	0.56093	0.00825
19	0.01844	0.01216	0.04130	0.01435	0.01723	0.01046	0.01123	0.05460	0.02106	0.14178	0.08165	0.41041	0.04865	0.02208	0.01069	0.00336	0.00641	0.05571	0.00876	0.00964
20	0.03085	0.17390	0.03037	0.02325	0.06047	0.48892	0.01745	0.03344	0.02361	0.02213	0.01371	0.01611	0.01166	0.00883	0.00764	0.00224	0.01448	0.00569	0.00444	0.01081

[dist]
# distance from previous block
# <min> <max>
26	44

[block]
# block no. 8 follows, 19 sequences, length 11
# corresponding to MSA columns:
# 491-501
name=unknown_I
#
# <colnr> <probs for GDERKNQSTAVLIFYWHMCP>
#	G	D	E	R	K	N	Q	S	T	A	V	L	I	F	Y	W	H	M	C	P
0	0.01579	0.09322	0.01639	0.01337	0.01498	0.07212	0.00960	0.01628	0.01648	0.02046	0.03235	0.33826	0.03714	0.09068	0.01875	0.15695	0.00765	0.01615	0.00620	0.00718
1	0.02377	0.02273	0.03238	0.04402	0.44992	0.07233	0.02360	0.08211	0.02263	0.03121	0.01691	0.02116	0.01394	0.00818	0.00853	0.00247	0.01052	0.00748	0.00498	0.10113
2	0.01430	0.01042	0.01252	0.01302	0.01476	0.01028	0.00937	0.08450	0.02036	0.02672	0.04829	0.37885	0.12417	0.11522	0.01579	0.00418	0.00645	0.07469	0.00798	0.00811
3	0.01478	0.01028	0.01216	0.01184	0.01343	0.01020	0.00805	0.06263	0.01796	0.02513	0.06039	0.21400	0.03795	0.28688	0.06727	0.00598	0.00818	0.01495	0.06587	0.05207
4	0.02748	0.07206	0.02879	0.02613	0.11225	0.17047	0.01876	0.18161	0.07387	0.03322	0.01759	0.02042	0.01421	0.01094	0.01285	0.00283	0.15076	0.00741	0.00590	0.01246
5	0.12855	0.02596	0.02329	0.05769	0.15419	0.23623	0.01690	0.06881	0.02281	0.02902	0.02835	0.03019	0.11952	0.01127	0.00842	0.00263	0.01094	0.00867	0.00563	0.01092
6	0.01664	0.01452	0.02231	0.02753	0.19885	0.01599	0.01729	0.02043	0.01795	0.02533	0.06106	0.04371	0.06027	0.03055	0.20267	0.00656	0.10772	0.09490	0.00556	0.01012
7	0.01870	0.06634	0.01864	0.01575	0.01881	0.18092	0.01226	0.02158	0.01920	0.02267	0.07352	0.03823	0.10954	0.03772	0.29718	0.00785	0.01667	0.01004	0.00554	0.00884
8	0.01793	0.05440	0.02666	0.05464	0.02621	0.01906	0.09795	0.02178	0.01734	0.02527	0.06573	0.02650	0.02008	0.02094	0.12630	0.00481	0.19386	0.00849	0.00493	0.16712
9	0.01836	0.01500	0.01969	0.15288	0.06228	0.01651	0.01579	0.10169	0.12578	0.03093	0.03705	0.18160	0.07263	0.01698	0.01010	0.00324	0.00825	0.09318	0.00740	0.01065
10	0.01351	0.01291	0.04941	0.08374	0.04781	0.01201	0.01222	0.01610	0.01720	0.02254	0.04613	0.19717	0.19394	0.16013	0.01929	0.00439	0.06106	0.01589	0.00645	0.00809

[dist]
# distance from previous block
# <min> <max>
3	14

[block]
