[name]
unknown

[dist]
# distance from previous block
# <min> <max>
0	0

[block]
# block no. 0 follows, 22 sequences, length 45
# corresponding to MSA columns:
# 0-44
name=unknown_A
#
# <colnr> <probs for GDERKNQSTAVLIFYWHMCP>
#	G	D	E	R	K	N	Q	S	T	A	V	L	I	F	Y	W	H	M	C	P
0	0.01339	0.00956	0.01339	0.01530	0.01721	0.00956	0.01339	0.01721	0.01912	0.02486	0.04399	0.09371	0.04781	0.02295	0.01147	0.00382	0.00765	0.60031	0.00765	0.00765
1	0.00982	0.00842	0.00842	0.00842	0.01122	0.00701	0.00631	0.01192	0.01894	0.02244	0.08416	0.07995	0.65285	0.02104	0.00982	0.00281	0.00421	0.01753	0.00771	0.00701
2	0.05740	0.40874	0.10741	0.01725	0.02403	0.21795	0.01640	0.02744	0.01878	0.02134	0.01231	0.01430	0.01058	0.00765	0.00625	0.00202	0.01094	0.00490	0.00383	0.01047
3	0.00997	0.00781	0.00904	0.01003	0.01165	0.00688	0.00703	0.01174	0.01738	0.02181	0.06444	0.39986	0.34567	0.02360	0.01022	0.00310	0.00452	0.02066	0.00771	0.00688
4	0.10649	0.06440	0.03596	0.06585	0.33767	0.02077	0.19799	0.02548	0.01834	0.02742	0.01520	0.01988	0.01227	0.00734	0.00815	0.00254	0.01066	0.00758	0.00420	0.01178
5	0.01073	0.00845	0.00968	0.00938	0.01178	0.00740	0.00703	0.01369	0.02110	0.02757	0.35191	0.07151	0.38190	0.01913	0.00981	0.00271	0.00407	0.01635	0.00839	0.00740
6	0.01703	0.03347	0.43619	0.02211	0.03014	0.02035	0.02544	0.02402	0.01613	0.02477	0.01452	0.01859	0.01133	0.00995	0.01341	0.00288	0.21031	0.00657	0.05174	0.01106
7	0.01771	0.03565	0.44572	0.02771	0.03861	0.01990	0.24263	0.02642	0.01828	0.02642	0.01558	0.01927	0.01126	0.00758	0.00857	0.00269	0.01289	0.00744	0.00375	0.01190
8	0.01034	0.00752	0.00976	0.01113	0.01203	0.00693	0.00761	0.01222	0.01731	0.02314	0.14032	0.55306	0.10947	0.02424	0.01042	0.00321	0.00463	0.02180	0.00793	0.00693
9	0.01569	0.01477	0.02492	0.68808	0.05722	0.01846	0.02307	0.02123	0.01661	0.02123	0.01477	0.02215	0.01107	0.00831	0.00831	0.00277	0.01107	0.00738	0.00369	0.00923
10	0.02771	0.02998	0.02419	0.17094	0.03280	0.36697	0.01757	0.17724	0.02581	0.02843	0.01503	0.01782	0.01163	0.00885	0.00788	0.00237	0.01266	0.00633	0.00514	0.01065
11	0.02655	0.01884	0.02122	0.01591	0.02283	0.01837	0.01302	0.31952	0.02863	0.11284	0.01937	0.01983	0.01415	0.00849	0.00746	0.00200	0.00772	0.00657	0.00719	0.30949
12	0.03158	0.02327	0.02493	0.01911	0.02576	0.02576	0.01579	0.62852	0.03906	0.05236	0.01995	0.01995	0.01413	0.00997	0.00831	0.00249	0.00914	0.00748	0.00831	0.01413
13	0.01666	0.04297	0.66500	0.02368	0.03596	0.01929	0.03069	0.02631	0.01754	0.02631	0.01491	0.01754	0.01052	0.00789	0.00789	0.00263	0.01228	0.00614	0.00351	0.01228
14	0.01827	0.01062	0.01335	0.01177	0.01512	0.00988	0.00913	0.02350	0.07705	0.17933	0.37960	0.05373	0.13418	0.01544	0.00934	0.00265	0.00493	0.01329	0.00917	0.00967
15	0.02221	0.71304	0.04353	0.01421	0.02132	0.03287	0.01421	0.02488	0.01688	0.01955	0.01155	0.01333	0.01066	0.00711	0.00533	0.00178	0.00888	0.00444	0.00355	0.01066
16	0.01818	0.01818	0.02545	0.02181	0.02181	0.02545	0.01818	0.01999	0.01272	0.01999	0.01091	0.01818	0.01091	0.01454	0.02726	0.00364	0.69284	0.00727	0.00364	0.00909
17	0.01438	0.00764	0.00813	0.00853	0.01017	0.00754	0.00620	0.01776	0.01711	0.02897	0.03094	0.16887	0.02820	0.01304	0.00679	0.00223	0.00407	0.01100	0.60090	0.00754
18	0.01777	0.04142	0.63025	0.02320	0.03516	0.01891	0.02970	0.02707	0.01787	0.06052	0.01587	0.01812	0.01106	0.00802	0.00792	0.00263	0.01200	0.00626	0.00387	0.01238
19	0.01782	0.01095	0.01218	0.01107	0.01381	0.01173	0.00865	0.13478	0.02072	0.03266	0.02474	0.02921	0.01982	0.02054	0.14371	0.00439	0.00865	0.00793	0.45777	0.00890
20	0.42253	0.01230	0.01038	0.00964	0.01332	0.01365	0.00767	0.02187	0.01603	0.03454	0.05879	0.02349	0.01829	0.00908	0.00570	0.00232	0.00526	0.00645	0.30025	0.00843
21	0.03107	0.03855	0.02363	0.02126	0.02569	0.63332	0.01603	0.07113	0.02453	0.02237	0.01329	0.01530	0.01092	0.00865	0.00754	0.00216	0.01461	0.00549	0.00454	0.00992
22	0.01022	0.00727	0.00961	0.01144	0.01190	0.00681	0.00758	0.01159	0.01572	0.02096	0.04483	0.67082	0.05373	0.05948	0.01216	0.00360	0.00498	0.02305	0.00758	0.00666
23	0.01012	0.00723	0.00964	0.01157	0.01205	0.00675	0.00771	0.01157	0.01591	0.02121	0.04579	0.70262	0.05495	0.02603	0.01060	0.00337	0.00482	0.02362	0.00771	0.00675
24	0.07196	0.11354	0.02641	0.18643	0.06492	0.27138	0.01767	0.07841	0.02099	0.02460	0.01374	0.01731	0.01111	0.00858	0.00825	0.00239	0.04169	0.00606	0.00440	0.01016
25	0.01780	0.18055	0.53740	0.02173	0.03295	0.02208	0.02731	0.02601	0.01740	0.02492	0.01422	0.01667	0.01055	0.00773	0.00737	0.00246	0.01158	0.00579	0.00352	0.01195
26	0.10778	0.02104	0.03034	0.04378	0.52722	0.07669	0.02276	0.02604	0.01877	0.02772	0.01491	0.01926	0.01246	0.00754	0.00780	0.00245	0.00992	0.00689	0.00425	0.01237
27	0.03158	0.02327	0.02493	0.01911	0.02576	0.02576	0.01579	0.62852	0.03906	0.05236	0.01995	0.01995	0.01413	0.00997	0.00831	0.00249	0.00914	0.00748	0.00831	0.01413
28	0.01060	0.00807	0.00957	0.00995	0.01166	0.00723	0.00707	0.01289	0.01890	0.02473	0.22898	0.25495	0.27676	0.06547	0.01213	0.00325	0.00455	0.01825	0.00794	0.00704
29	0.01666	0.04297	0.66500	0.02368	0.03596	0.01929	0.03069	0.02631	0.01754	0.02631	0.01491	0.01754	0.01052	0.00789	0.00789	0.00263	0.01228	0.00614	0.00351	0.01228
30	0.01157	0.00795	0.00970	0.01018	0.01047	0.00800	0.00632	0.01227	0.01318	0.01774	0.03059	0.21277	0.03525	0.46406	0.10762	0.00750	0.00889	0.01458	0.00563	0.00573
31	0.01096	0.00846	0.01000	0.00962	0.01192	0.00750	0.00721	0.01414	0.02163	0.02885	0.41870	0.06940	0.31431	0.01865	0.00981	0.00269	0.00404	0.01605	0.00856	0.00750
32	0.01056	0.00796	0.00978	0.01035	0.01194	0.00717	0.00737	0.01298	0.01917	0.02542	0.25049	0.32792	0.22509	0.02177	0.01013	0.00298	0.00436	0.01921	0.00817	0.00717
33	0.01021	0.00837	0.00901	0.00898	0.01150	0.00716	0.00669	0.01263	0.01966	0.02449	0.19272	0.11046	0.50823	0.02052	0.00986	0.00280	0.00419	0.01738	0.00799	0.00716
34	0.02056	0.01974	0.03372	0.05099	0.65622	0.01974	0.02550	0.02550	0.01892	0.02714	0.01563	0.02056	0.01316	0.00740	0.00822	0.00247	0.00987	0.00740	0.00411	0.01316
35	0.03103	0.03959	0.02354	0.02140	0.02568	0.67469	0.01605	0.03317	0.02354	0.02033	0.01284	0.01498	0.01070	0.00856	0.00749	0.00214	0.01498	0.00535	0.00428	0.00963
36	0.01974	0.01888	0.03193	0.08356	0.59002	0.01901	0.02437	0.02456	0.01879	0.02657	0.01914	0.02373	0.04627	0.00816	0.00831	0.00250	0.00964	0.00793	0.00428	0.01263
37	0.02535	0.47330	0.03642	0.01677	0.02287	0.26135	0.01487	0.02783	0.01925	0.01983	0.01201	0.01392	0.01068	0.00762	0.00610	0.00191	0.01105	0.00477	0.00381	0.01029
38	0.01012	0.00723	0.00964	0.01157	0.01205	0.00675	0.00771	0.01157	0.01591	0.02121	0.04579	0.70262	0.05495	0.02603	0.01060	0.00337	0.00482	0.02362	0.00771	0.00675
39	0.01762	0.01309	0.01673	0.01503	0.01802	0.01487	0.01196	0.19390	0.02085	0.02893	0.02158	0.02893	0.01883	0.04704	0.48056	0.01018	0.01843	0.00849	0.00558	0.00938
40	0.00982	0.00842	0.00842	0.00842	0.01122	0.00701	0.00631	0.01192	0.01894	0.02244	0.08416	0.07995	0.65285	0.02104	0.00982	0.00281	0.00421	0.01753	0.00771	0.00701
41	0.01187	0.00890	0.01335	0.01335	0.01483	0.01038	0.01038	0.01483	0.01335	0.01928	0.02225	0.03264	0.02077	0.06231	0.67512	0.01335	0.02225	0.00890	0.00445	0.00742
42	0.02093	0.02028	0.05772	0.03327	0.28268	0.02006	0.09013	0.08992	0.18883	0.03145	0.02289	0.02809	0.01859	0.00967	0.00867	0.00270	0.00935	0.04624	0.00591	0.01263
43	0.01192	0.00869	0.01230	0.01230	0.01342	0.00981	0.00908	0.01416	0.01304	0.01851	0.02321	0.03795	0.02307	0.22016	0.52042	0.01206	0.01878	0.00968	0.00459	0.00683
44	0.02160	0.26158	0.03739	0.09997	0.10017	0.12420	0.16331	0.02581	0.01860	0.02236	0.01425	0.01833	0.01187	0.00974	0.03489	0.00274	0.01195	0.00670	0.00393	0.01061

[dist]
# distance from previous block
# <min> <max>
0	18

[block]
# block no. 1 follows, 22 sequences, length 30
# corresponding to MSA columns:
# 63-92
name=unknown_B
#
# <colnr> <probs for GDERKNQSTAVLIFYWHMCP>
#	G	D	E	R	K	N	Q	S	T	A	V	L	I	F	Y	W	H	M	C	P
0	0.02026	0.02105	0.02669	0.20713	0.29946	0.14654	0.02112	0.02456	0.01923	0.02383	0.02078	0.02771	0.05470	0.00959	0.00838	0.00258	0.01070	0.04047	0.00446	0.01074
1	0.02000	0.01907	0.03197	0.12319	0.55582	0.01963	0.02461	0.02591	0.04900	0.02683	0.01641	0.02125	0.01351	0.00770	0.00824	0.00252	0.00985	0.00750	0.00428	0.01270
2	0.02083	0.09559	0.03115	0.08953	0.42347	0.09630	0.02166	0.02505	0.01906	0.02475	0.01958	0.02340	0.05712	0.00853	0.00794	0.00240	0.01005	0.00755	0.00429	0.01175
3	0.02151	0.02078	0.01606	0.01435	0.01808	0.22341	0.01101	0.12596	0.02376	0.02905	0.06434	0.03854	0.18920	0.01275	0.00803	0.00236	0.00841	0.00989	0.15325	0.00925
4	0.01427	0.04433	0.01667	0.01452	0.01615	0.01415	0.01145	0.04786	0.01478	0.02096	0.02132	0.06094	0.02079	0.10141	0.42959	0.00990	0.11898	0.00930	0.00468	0.00795
5	0.01012	0.00723	0.00964	0.01157	0.01205	0.00675	0.00771	0.01157	0.01591	0.02121	0.04579	0.70262	0.05495	0.02603	0.01060	0.00337	0.00482	0.02362	0.00771	0.00675
6	0.01007	0.00801	0.00885	0.00947	0.01134	0.00700	0.00667	0.01182	0.01748	0.02160	0.06777	0.27839	0.41711	0.07062	0.01234	0.00335	0.00467	0.01911	0.00753	0.00679
7	0.01187	0.00890	0.01335	0.01335	0.01483	0.01038	0.01038	0.01483	0.01335	0.01928	0.02225	0.03264	0.02077	0.06231	0.67512	0.01335	0.02225	0.00890	0.00445	0.00742
8	0.01810	0.21703	0.50357	0.02122	0.03215	0.02282	0.02641	0.02594	0.01737	0.02455	0.01404	0.01644	0.01056	0.00769	0.00723	0.00241	0.01140	0.00570	0.00352	0.01186
9	0.02066	0.01785	0.01878	0.01691	0.02160	0.02066	0.01315	0.04414	0.64121	0.03475	0.03381	0.03099	0.02536	0.01127	0.00845	0.00282	0.00657	0.00939	0.00845	0.01315
10	0.02056	0.01974	0.03372	0.05099	0.65622	0.01974	0.02550	0.02550	0.01892	0.02714	0.01563	0.02056	0.01316	0.00740	0.00822	0.00247	0.00987	0.00740	0.00411	0.01316
11	0.01012	0.00723	0.00964	0.01157	0.01205	0.00675	0.00771	0.01157	0.01591	0.02121	0.04579	0.70262	0.05495	0.02603	0.01060	0.00337	0.00482	0.02362	0.00771	0.00675
12	0.03103	0.03959	0.02354	0.02140	0.02568	0.67469	0.01605	0.03317	0.02354	0.02033	0.01284	0.01498	0.01070	0.00856	0.00749	0.00214	0.01498	0.00535	0.00428	0.00963
13	0.29585	0.01482	0.01677	0.01341	0.01938	0.01449	0.01107	0.03479	0.02036	0.44053	0.02526	0.02304	0.01646	0.00937	0.00722	0.00257	0.00684	0.00699	0.00846	0.01232
14	0.01912	0.01560	0.01754	0.01309	0.01993	0.03717	0.01043	0.02366	0.04841	0.07122	0.01717	0.01918	0.01379	0.00895	0.03225	0.00190	0.00720	0.00555	0.00543	0.61238
15	0.01132	0.00847	0.01050	0.01000	0.01214	0.00765	0.00750	0.01484	0.02249	0.03088	0.52467	0.06606	0.20707	0.01789	0.00980	0.00266	0.00398	0.01559	0.00882	0.00765
16	0.01041	0.00811	0.00945	0.00981	0.01176	0.00716	0.00709	0.01281	0.01931	0.02495	0.22216	0.24513	0.33950	0.02134	0.01003	0.00291	0.00430	0.01854	0.00809	0.00716
17	0.02028	0.01945	0.03320	0.08837	0.62108	0.01966	0.02535	0.02524	0.01878	0.02679	0.01558	0.02065	0.01304	0.00745	0.00823	0.00248	0.00994	0.00740	0.00409	0.01293
18	0.01036	0.00742	0.00986	0.01140	0.01210	0.00691	0.00773	0.01218	0.01703	0.02300	0.13546	0.60784	0.05841	0.02469	0.01048	0.00326	0.00469	0.02235	0.00792	0.00691
19	0.01149	0.00843	0.01078	0.01030	0.01228	0.00771	0.00768	0.01512	0.02272	0.03170	0.56896	0.09287	0.13336	0.01779	0.00984	0.00267	0.00399	0.01566	0.00894	0.00771
20	0.01111	0.00910	0.00987	0.00956	0.01227	0.00819	0.00721	0.01520	0.06364	0.02627	0.23579	0.07164	0.45203	0.01925	0.00972	0.00275	0.00429	0.01628	0.00816	0.00767
21	0.01012	0.00723	0.00964	0.01157	0.01205	0.00675	0.00771	0.01157	0.01591	0.02121	0.04579	0.70262	0.05495	0.02603	0.01060	0.00337	0.00482	0.02362	0.00771	0.00675
22	0.01998	0.01915	0.03267	0.12676	0.58499	0.01959	0.02521	0.02499	0.01864	0.02644	0.01552	0.02075	0.01291	0.00751	0.00823	0.00250	0.01001	0.00740	0.00406	0.01269
23	0.12454	0.24485	0.02824	0.01781	0.02308	0.39032	0.01456	0.02946	0.02025	0.02230	0.01227	0.01427	0.01047	0.00800	0.00652	0.00208	0.01198	0.00496	0.00417	0.00987
24	0.01121	0.00847	0.01034	0.00987	0.01207	0.00760	0.00741	0.01461	0.02222	0.03023	0.49065	0.06714	0.24150	0.01814	0.00980	0.00267	0.00400	0.01574	0.00874	0.00760
25	0.01208	0.00805	0.00906	0.00906	0.00906	0.00805	0.00503	0.01208	0.01208	0.01611	0.02618	0.05436	0.03020	0.70804	0.04228	0.00805	0.00805	0.01208	0.00503	0.00503
26	0.01287	0.01095	0.01704	0.02051	0.14056	0.01038	0.05422	0.01559	0.01748	0.02347	0.07119	0.41682	0.11601	0.02002	0.00995	0.00305	0.00634	0.01834	0.00683	0.00840
27	0.02702	0.03310	0.02390	0.19577	0.03393	0.50306	0.01789	0.03005	0.02173	0.02057	0.01334	0.01686	0.01080	0.00849	0.00770	0.00230	0.01396	0.00588	0.00413	0.00953
28	0.01973	0.01889	0.03221	0.16014	0.55360	0.01952	0.02508	0.02476	0.01852	0.02613	0.01548	0.02083	0.01280	0.00756	0.00824	0.00252	0.01008	0.00740	0.00404	0.01249
29	0.02535	0.02883	0.02906	0.03745	0.36759	0.31955	0.02117	0.02901	0.02103	0.02402	0.01435	0.01801	0.01203	0.00793	0.00789	0.00232	0.01221	0.00646	0.00419	0.01154

[dist]
# distance from previous block
# <min> <max>
0	2

[block]
# block no. 2 follows, 22 sequences, length 68
# corresponding to MSA columns:
# 95-162
name=unknown_C
#
# <colnr> <probs for GDERKNQSTAVLIFYWHMCP>
#	G	D	E	R	K	N	Q	S	T	A	V	L	I	F	Y	W	H	M	C	P
0	0.01995	0.02741	0.21149	0.04102	0.41955	0.05297	0.05605	0.02617	0.01880	0.02653	0.01534	0.01952	0.01227	0.00758	0.00817	0.00251	0.01101	0.00706	0.00396	0.01264
1	0.01581	0.01297	0.01907	0.20077	0.02847	0.03972	0.08701	0.02022	0.01714	0.02503	0.02399	0.02960	0.04900	0.01784	0.11329	0.00413	0.01047	0.00848	0.26843	0.00856
2	0.01033	0.00826	0.00904	0.00927	0.01131	0.00739	0.00663	0.01213	0.01719	0.02117	0.06667	0.14827	0.44503	0.11938	0.06662	0.00442	0.00623	0.01684	0.00709	0.00674
3	0.03158	0.02327	0.02493	0.01911	0.02576	0.02576	0.01579	0.62852	0.03906	0.05236	0.01995	0.01995	0.01413	0.00997	0.00831	0.00249	0.00914	0.00748	0.00831	0.01413
4	0.76672	0.01607	0.01221	0.01092	0.01607	0.01864	0.00900	0.02442	0.01414	0.03727	0.01157	0.01350	0.00900	0.00771	0.00514	0.00257	0.00643	0.00450	0.00514	0.00900
5	0.01035	0.00844	0.00916	0.00898	0.01155	0.00724	0.00673	0.01296	0.02020	0.02545	0.24123	0.07500	0.49390	0.01992	0.00981	0.00275	0.00413	0.01684	0.00811	0.00724
6	0.01012	0.00723	0.00964	0.01157	0.01205	0.00675	0.00771	0.01157	0.01591	0.02121	0.04579	0.70262	0.05495	0.02603	0.01060	0.00337	0.00482	0.02362	0.00771	0.00675
7	0.01012	0.00723	0.00964	0.01157	0.01205	0.00675	0.00771	0.01157	0.01591	0.02121	0.04579	0.70262	0.05495	0.02603	0.01060	0.00337	0.00482	0.02362	0.00771	0.00675
8	0.01035	0.00844	0.00916	0.00898	0.01155	0.00724	0.00673	0.01296	0.02020	0.02545	0.24123	0.07500	0.49390	0.01992	0.00981	0.00275	0.00413	0.01684	0.00811	0.00724
9	0.01187	0.00890	0.01335	0.01335	0.01483	0.01038	0.01038	0.01483	0.01335	0.01928	0.02225	0.03264	0.02077	0.06231	0.67512	0.01335	0.02225	0.00890	0.00445	0.00742
10	0.02057	0.01951	0.03191	0.04686	0.57922	0.01985	0.02400	0.02776	0.09442	0.02806	0.01783	0.02183	0.01464	0.00787	0.00825	0.00251	0.00947	0.00764	0.00464	0.01316
11	0.23459	0.03308	0.02041	0.01850	0.02302	0.49317	0.01410	0.03075	0.02094	0.02502	0.01249	0.01457	0.01023	0.00833	0.00684	0.00226	0.01261	0.00511	0.00452	0.00946
12	0.01091	0.00790	0.01009	0.01154	0.01252	0.00745	0.00824	0.01269	0.01640	0.02140	0.04791	0.43552	0.12594	0.10759	0.01451	0.00395	0.00565	0.12567	0.00738	0.00674
13	0.01842	0.01890	0.02947	0.02407	0.02550	0.02469	0.12204	0.02112	0.01390	0.02112	0.01191	0.01890	0.01120	0.01325	0.02428	0.00349	0.57685	0.00770	0.00373	0.00945
14	0.01199	0.00807	0.00903	0.00903	0.00915	0.00801	0.00509	0.01207	0.01237	0.01637	0.02860	0.05543	0.05622	0.67934	0.04093	0.00783	0.00789	0.01231	0.00515	0.00512
15	0.01029	0.00843	0.00906	0.00891	0.01151	0.00721	0.00668	0.01283	0.02004	0.02507	0.22117	0.07563	0.51420	0.02006	0.00981	0.00276	0.00414	0.01693	0.00806	0.00721
16	0.00990	0.00809	0.00875	0.00929	0.01145	0.00694	0.00670	0.01182	0.01810	0.02210	0.07354	0.25224	0.48742	0.02242	0.01004	0.00296	0.00438	0.01922	0.00771	0.00694
17	0.01187	0.00890	0.01335	0.01335	0.01483	0.01038	0.01038	0.01483	0.01335	0.01928	0.02225	0.03264	0.02077	0.06231	0.67512	0.01335	0.02225	0.00890	0.00445	0.00742
18	0.01921	0.01836	0.03128	0.22727	0.49048	0.01938	0.02482	0.02431	0.01828	0.02550	0.01539	0.02100	0.01258	0.00765	0.00825	0.00255	0.01020	0.00740	0.00400	0.01207
19	0.01194	0.00862	0.01193	0.01193	0.01293	0.00961	0.00862	0.01392	0.01293	0.01824	0.02355	0.03982	0.02389	0.27571	0.46598	0.01160	0.01756	0.00995	0.00464	0.00663
20	0.02507	0.03528	0.16149	0.10407	0.06357	0.39074	0.02039	0.03037	0.05004	0.02274	0.01464	0.01743	0.01152	0.00845	0.00776	0.00237	0.01328	0.00606	0.00423	0.01049
21	0.01973	0.01833	0.02937	0.22390	0.39660	0.01975	0.02314	0.05433	0.08100	0.02742	0.01739	0.02201	0.01383	0.00816	0.00827	0.00259	0.00984	0.00760	0.00462	0.01211
22	0.02279	0.01829	0.02185	0.08492	0.02498	0.02134	0.01510	0.30614	0.02625	0.03540	0.02546	0.02958	0.09025	0.06666	0.01550	0.00325	0.16589	0.00898	0.00644	0.01092
23	0.01012	0.00723	0.00964	0.01157	0.01205	0.00675	0.00771	0.01157	0.01591	0.02121	0.04579	0.70262	0.05495	0.02603	0.01060	0.00337	0.00482	0.02362	0.00771	0.00675
24	0.03103	0.03959	0.02354	0.02140	0.02568	0.67469	0.01605	0.03317	0.02354	0.02033	0.01284	0.01498	0.01070	0.00856	0.00749	0.00214	0.01498	0.00535	0.00428	0.00963
25	0.02353	0.01991	0.02036	0.01758	0.02270	0.04699	0.01386	0.17594	0.48120	0.03818	0.02987	0.02788	0.02225	0.01087	0.00838	0.00272	0.00748	0.00880	0.00826	0.01324
26	0.01012	0.00723	0.00964	0.01157	0.01205	0.00675	0.00771	0.01157	0.01591	0.02121	0.04579	0.70262	0.05495	0.02603	0.01060	0.00337	0.00482	0.02362	0.00771	0.00675
27	0.01168	0.00843	0.01103	0.01051	0.01239	0.00778	0.00783	0.01547	0.02314	0.03272	0.62199	0.09360	0.07723	0.01743	0.00984	0.00265	0.00396	0.01545	0.00907	0.00778
28	0.01941	0.01112	0.01411	0.01192	0.01579	0.00993	0.00934	0.04743	0.02327	0.19210	0.36355	0.04893	0.10031	0.01429	0.00903	0.00248	0.00517	0.01226	0.00889	0.08066
29	0.01167	0.00849	0.01098	0.01035	0.01235	0.00780	0.00777	0.01550	0.02330	0.03280	0.62480	0.06291	0.10575	0.01718	0.00980	0.00262	0.00393	0.01514	0.00908	0.00780
30	0.01012	0.00723	0.00964	0.01157	0.01205	0.00675	0.00771	0.01157	0.01591	0.02121	0.04579	0.70262	0.05495	0.02603	0.01060	0.00337	0.00482	0.02362	0.00771	0.00675
31	0.02089	0.01914	0.03084	0.17833	0.45637	0.02021	0.02382	0.09778	0.02089	0.02898	0.01597	0.02081	0.01285	0.00790	0.00825	0.00253	0.01003	0.00741	0.00453	0.01247
32	0.01818	0.01818	0.02545	0.02181	0.02181	0.02545	0.01818	0.01999	0.01272	0.01999	0.01091	0.01818	0.01091	0.01454	0.02726	0.00364	0.69284	0.00727	0.00364	0.00909
33	0.02520	0.02279	0.02438	0.02319	0.10055	0.10912	0.01675	0.22949	0.17930	0.03526	0.02040	0.02180	0.01580	0.01057	0.01143	0.00272	0.12480	0.00763	0.00652	0.01232
34	0.01208	0.00805	0.00906	0.00906	0.00906	0.00805	0.00503	0.01208	0.01208	0.01611	0.02618	0.05436	0.03020	0.70804	0.04228	0.00805	0.00805	0.01208	0.00503	0.00503
35	0.01888	0.01697	0.01513	0.01374	0.01714	0.14181	0.01046	0.09460	0.05292	0.05775	0.18610	0.11096	0.19892	0.01582	0.00912	0.00264	0.00716	0.01311	0.00760	0.00917
36	0.01913	0.02158	0.10858	0.17312	0.46302	0.01943	0.02565	0.02475	0.01830	0.02587	0.01537	0.02051	0.01243	0.00764	0.00820	0.00255	0.01040	0.00724	0.00396	0.01228
37	0.01960	0.26146	0.28173	0.02806	0.20266	0.02397	0.02372	0.02560	0.01770	0.02427	0.01398	0.01696	0.01130	0.00749	0.00712	0.00230	0.01047	0.00592	0.00369	0.01198
38	0.01978	0.04646	0.01460	0.01151	0.01555	0.01077	0.00918	0.02370	0.05210	0.22058	0.18254	0.05456	0.27427	0.01570	0.00907	0.00264	0.00538	0.01313	0.00863	0.00985
39	0.02359	0.02568	0.03012	0.07305	0.43028	0.22381	0.02243	0.02768	0.02024	0.02473	0.01472	0.01890	0.01229	0.00781	0.00800	0.00238	0.01152	0.00676	0.00414	0.01187
40	0.01208	0.00805	0.00906	0.00906	0.00906	0.00805	0.00503	0.01208	0.01208	0.01611	0.02618	0.05436	0.03020	0.70804	0.04228	0.00805	0.00805	0.01208	0.00503	0.00503
41	0.02219	0.02222	0.04405	0.03171	0.03976	0.02141	0.50575	0.12180	0.02283	0.05586	0.01793	0.02225	0.01316	0.00760	0.00951	0.00274	0.01297	0.00938	0.00509	0.01178
42	0.02820	0.02127	0.02312	0.01751	0.02433	0.02231	0.01439	0.48557	0.03392	0.04641	0.01873	0.01931	0.01370	0.00907	0.00780	0.00220	0.00844	0.00688	0.00751	0.18934
43	0.01011	0.00729	0.00958	0.01142	0.01201	0.00676	0.00765	0.01158	0.01605	0.02127	0.04761	0.67312	0.08327	0.02579	0.01057	0.00335	0.00479	0.02333	0.00771	0.00676
44	0.01208	0.00805	0.00906	0.00906	0.00906	0.00805	0.00503	0.01208	0.01208	0.01611	0.02618	0.05436	0.03020	0.70804	0.04228	0.00805	0.00805	0.01208	0.00503	0.00503
45	0.01187	0.00890	0.01335	0.01335	0.01483	0.01038	0.01038	0.01483	0.01335	0.01928	0.02225	0.03264	0.02077	0.06231	0.67512	0.01335	0.02225	0.00890	0.00445	0.00742
46	0.03142	0.02789	0.02454	0.01976	0.02574	0.20943	0.01586	0.46002	0.03467	0.04329	0.01793	0.01854	0.01316	0.00957	0.00808	0.00239	0.01079	0.00688	0.00717	0.01286
47	0.01022	0.00727	0.00961	0.01144	0.01190	0.00681	0.00758	0.01159	0.01572	0.02096	0.04482	0.67079	0.05373	0.05951	0.01216	0.00360	0.00498	0.02305	0.00758	0.00666
48	0.01723	0.01477	0.01723	0.01230	0.01969	0.01107	0.00984	0.02092	0.01723	0.02707	0.01477	0.01723	0.01230	0.00615	0.00615	0.00123	0.00615	0.00492	0.00492	0.75883
49	0.01250	0.00897	0.01036	0.01028	0.01171	0.00917	0.00743	0.01459	0.01647	0.02335	0.07065	0.15808	0.21120	0.13868	0.01640	0.00369	0.07269	0.01415	0.18261	0.00703
50	0.03322	0.10251	0.02443	0.01641	0.02300	0.02002	0.01385	0.26875	0.02892	0.34542	0.02518	0.02320	0.01684	0.00978	0.00797	0.00244	0.00810	0.00754	0.00869	0.01371
51	0.01092	0.00846	0.00994	0.00957	0.01190	0.00748	0.00718	0.01406	0.02154	0.02862	0.40694	0.06977	0.32621	0.01873	0.00981	0.00270	0.00404	0.01611	0.00853	0.00748
52	0.02806	0.03467	0.02393	0.05733	0.02673	0.53072	0.01678	0.03032	0.02136	0.02032	0.01262	0.01590	0.01076	0.00955	0.01084	0.00242	0.12823	0.00578	0.00414	0.00952
53	0.01187	0.00890	0.01335	0.01335	0.01483	0.01038	0.01038	0.01483	0.01335	0.01928	0.02225	0.03264	0.02077	0.06231	0.67512	0.01335	0.02225	0.00890	0.00445	0.00742
54	0.01552	0.01284	0.01414	0.01315	0.01651	0.01369	0.01004	0.02822	0.31423	0.03134	0.22228	0.07806	0.16544	0.01547	0.00920	0.00278	0.00527	0.01322	0.00848	0.01014
55	0.01818	0.01818	0.02545	0.02181	0.02181	0.02545	0.01818	0.01999	0.01272	0.01999	0.01091	0.01818	0.01091	0.01454	0.02726	0.00364	0.69284	0.00727	0.00364	0.00909
56	0.05426	0.01651	0.02321	0.23218	0.23614	0.04990	0.01868	0.02262	0.05169	0.02488	0.03069	0.03371	0.14995	0.01088	0.00841	0.00264	0.00894	0.00943	0.00505	0.01025
57	0.01190	0.00876	0.01262	0.01262	0.01385	0.00999	0.00947	0.01436	0.01313	0.01874	0.02292	0.03635	0.02238	0.17264	0.56699	0.01245	0.01983	0.00944	0.00455	0.00701
58	0.02110	0.35792	0.29302	0.01864	0.02779	0.02651	0.02108	0.09870	0.01984	0.02627	0.01393	0.01584	0.01103	0.00777	0.00673	0.00221	0.01029	0.00550	0.00411	0.01174
59	0.06390	0.02569	0.05634	0.03396	0.31692	0.18839	0.02034	0.06668	0.09554	0.02836	0.01710	0.01982	0.01370	0.00836	0.00789	0.00244	0.01067	0.00690	0.00496	0.01205
60	0.22383	0.01372	0.01710	0.13265	0.09898	0.01513	0.01329	0.02200	0.04611	0.05629	0.05784	0.03126	0.07435	0.07161	0.08883	0.00433	0.00934	0.00858	0.00551	0.00923
61	0.22878	0.02207	0.02605	0.03491	0.37263	0.13002	0.01934	0.02649	0.01838	0.02879	0.01403	0.01766	0.01159	0.00768	0.00725	0.00244	0.00978	0.00625	0.00443	0.01141
62	0.22421	0.01932	0.10117	0.05391	0.14926	0.05165	0.01635	0.02225	0.01618	0.02703	0.01898	0.02369	0.04242	0.02188	0.17257	0.00523	0.01237	0.00716	0.00456	0.00982
63	0.02505	0.17256	0.05541	0.05641	0.15024	0.14121	0.01799	0.19298	0.02493	0.03124	0.04432	0.01969	0.01521	0.00876	0.00756	0.00230	0.01026	0.00672	0.00537	0.01180
64	0.02614	0.02045	0.02439	0.06193	0.23192	0.12760	0.01757	0.03225	0.09643	0.20201	0.02575	0.02629	0.05058	0.00964	0.00825	0.00252	0.00931	0.00810	0.00655	0.01230
65	0.02486	0.01853	0.02507	0.06333	0.20341	0.05220	0.01822	0.08481	0.05916	0.17352	0.02179	0.02670	0.01716	0.01078	0.01165	0.00279	0.12446	0.04319	0.00630	0.01206
66	0.26418	0.02053	0.07229	0.19918	0.16523	0.07047	0.01861	0.02546	0.04266	0.02862	0.01455	0.01842	0.01135	0.00803	0.00716	0.00258	0.00951	0.00627	0.00448	0.01042
67	0.01608	0.01811	0.10014	0.17809	0.19250	0.01635	0.04938	0.02055	0.01712	0.02326	0.02733	0.03179	0.12355	0.01496	0.05192	0.04403	0.05123	0.00919	0.00454	0.00989

[dist]
# distance from previous block
# <min> <max>
47	120

[block]
# block no. 3 follows, 22 sequences, length 9
# corresponding to MSA columns:
# 315-323
name=unknown_D
#
# <colnr> <probs for GDERKNQSTAVLIFYWHMCP>
#	G	D	E	R	K	N	Q	S	T	A	V	L	I	F	Y	W	H	M	C	P
0	0.14695	0.01720	0.04305	0.05624	0.12156	0.01778	0.01477	0.14352	0.09291	0.03273	0.02834	0.03034	0.10517	0.01738	0.09275	0.00398	0.00969	0.00873	0.00613	0.01080
1	0.02810	0.12627	0.02526	0.04460	0.02512	0.32432	0.01514	0.08098	0.13026	0.09312	0.01902	0.01959	0.01455	0.00911	0.00754	0.00230	0.01122	0.00648	0.00583	0.01120
2	0.02533	0.10356	0.02294	0.01767	0.02161	0.33766	0.01367	0.11051	0.02235	0.02416	0.01951	0.02535	0.04865	0.11978	0.01403	0.00320	0.04813	0.00736	0.00503	0.00948
3	0.01289	0.00999	0.01395	0.01377	0.01479	0.01133	0.01060	0.01509	0.01640	0.02308	0.16684	0.19470	0.04154	0.02944	0.15260	0.06370	0.13023	0.06536	0.00631	0.00738
4	0.13727	0.31487	0.27212	0.01836	0.02717	0.02490	0.05227	0.02543	0.01684	0.02525	0.01309	0.01542	0.01045	0.00749	0.00650	0.00228	0.01004	0.00537	0.00382	0.01103
5	0.08349	0.29751	0.17550	0.01787	0.02555	0.10900	0.01803	0.13358	0.02160	0.02843	0.01397	0.01568	0.01112	0.00803	0.00670	0.00221	0.01027	0.00549	0.00461	0.01138
6	0.01718	0.01702	0.06528	0.02396	0.17081	0.01489	0.05211	0.06721	0.02015	0.02791	0.06554	0.04083	0.13963	0.01239	0.00944	0.00255	0.03549	0.07216	0.00584	0.13962
7	0.01336	0.01514	0.11520	0.01637	0.09638	0.01092	0.01218	0.01654	0.01661	0.02248	0.04323	0.05130	0.24005	0.21567	0.01842	0.00419	0.00729	0.01210	0.06447	0.00811
8	0.01638	0.01185	0.01524	0.01661	0.09530	0.01210	0.01056	0.11114	0.01861	0.02510	0.03184	0.06804	0.12731	0.14426	0.07185	0.15680	0.00842	0.01075	0.03992	0.00793

[dist]
# distance from previous block
# <min> <max>
24	38

[block]
# block no. 4 follows, 22 sequences, length 6
# corresponding to MSA columns:
# 364-369
name=unknown_E
#
# <colnr> <probs for GDERKNQSTAVLIFYWHMCP>
#	G	D	E	R	K	N	Q	S	T	A	V	L	I	F	Y	W	H	M	C	P
0	0.01712	0.01774	0.03359	0.09589	0.17574	0.01716	0.28461	0.02235	0.01900	0.02522	0.03231	0.03561	0.16435	0.01055	0.00930	0.00272	0.01046	0.01086	0.00496	0.01046
1	0.01684	0.01276	0.01517	0.01598	0.07815	0.01267	0.01105	0.05240	0.15542	0.08274	0.05491	0.09218	0.30581	0.01650	0.00929	0.00282	0.00596	0.04166	0.00777	0.00992
2	0.01974	0.01890	0.03224	0.15780	0.55579	0.01952	0.02509	0.02478	0.01853	0.02615	0.01548	0.02083	0.01281	0.00755	0.00824	0.00252	0.01007	0.00740	0.00404	0.01250
3	0.05345	0.01697	0.01992	0.10698	0.02598	0.01923	0.01450	0.19358	0.22409	0.06130	0.02511	0.02900	0.01973	0.01657	0.07424	0.03363	0.00950	0.03759	0.00709	0.01155
4	0.02162	0.02236	0.03076	0.13696	0.46501	0.12936	0.02357	0.02617	0.01936	0.02515	0.01504	0.01985	0.01245	0.00773	0.00811	0.00246	0.01090	0.00706	0.00408	0.01201
5	0.02004	0.01920	0.03277	0.11939	0.59191	0.01960	0.02524	0.02504	0.01867	0.02651	0.01553	0.02073	0.01294	0.00750	0.00823	0.00250	0.01000	0.00740	0.00407	0.01274

[dist]
# distance from previous block
# <min> <max>
0	1

[block]
# block no. 5 follows, 22 sequences, length 29
# corresponding to MSA columns:
# 371-399
name=unknown_F
#
# <colnr> <probs for GDERKNQSTAVLIFYWHMCP>
#	G	D	E	R	K	N	Q	S	T	A	V	L	I	F	Y	W	H	M	C	P
0	0.02584	0.02609	0.02561	0.02868	0.21700	0.23272	0.01799	0.17446	0.05816	0.03111	0.02184	0.02358	0.06090	0.00962	0.00814	0.00241	0.01075	0.00762	0.00568	0.01179
1	0.02265	0.01992	0.01743	0.01541	0.01946	0.16215	0.01187	0.16820	0.08385	0.06560	0.03663	0.12593	0.14292	0.01409	0.00859	0.00260	0.00823	0.01138	0.05283	0.01027
2	0.03019	0.10382	0.02545	0.02072	0.02527	0.61349	0.01588	0.03238	0.02291	0.02026	0.01272	0.01482	0.01070	0.00842	0.00728	0.00211	0.01440	0.00526	0.00421	0.00973
3	0.01208	0.00805	0.00906	0.00906	0.00906	0.00805	0.00503	0.01208	0.01208	0.01611	0.02618	0.05436	0.03020	0.70804	0.04228	0.00805	0.00805	0.01208	0.00503	0.00503
4	0.01549	0.00774	0.00774	0.00774	0.00968	0.00774	0.00581	0.01936	0.01742	0.03097	0.02710	0.03097	0.02129	0.00968	0.00581	0.00194	0.00387	0.00774	0.75416	0.00774
5	0.01763	0.04168	0.59977	0.02486	0.06500	0.05518	0.02964	0.02665	0.01793	0.02602	0.01483	0.01754	0.01066	0.00791	0.00789	0.00260	0.01231	0.00616	0.00358	0.01217
6	0.01208	0.00805	0.00906	0.00906	0.00906	0.00805	0.00503	0.01208	0.01208	0.01611	0.02618	0.05436	0.03020	0.70804	0.04228	0.00805	0.00805	0.01208	0.00503	0.00503
7	0.02161	0.01638	0.01957	0.01665	0.01943	0.04565	0.01344	0.13781	0.02188	0.10596	0.11425	0.07122	0.05387	0.01392	0.01481	0.00291	0.23399	0.00996	0.05650	0.01018
8	0.01080	0.00837	0.00934	0.00914	0.01120	0.00745	0.00655	0.01308	0.01911	0.02461	0.24515	0.07005	0.36997	0.14078	0.01553	0.00367	0.00480	0.01582	0.00767	0.00691
9	0.02919	0.02119	0.02293	0.01822	0.02435	0.02344	0.01484	0.43411	0.19310	0.09324	0.02447	0.02341	0.01750	0.01033	0.00835	0.00258	0.00833	0.00804	0.00849	0.01388
10	0.01208	0.00805	0.00906	0.00906	0.00906	0.00805	0.00503	0.01208	0.01208	0.01611	0.02618	0.05436	0.03020	0.70804	0.04228	0.00805	0.00805	0.01208	0.00503	0.00503
11	0.03077	0.02287	0.02447	0.01895	0.02545	0.02538	0.01559	0.58498	0.08392	0.05104	0.02098	0.02077	0.01496	0.01007	0.00832	0.00252	0.00895	0.00762	0.00832	0.01405
12	0.01754	0.01677	0.01694	0.01586	0.01805	0.14933	0.01237	0.04943	0.01682	0.02169	0.01932	0.02693	0.01745	0.04189	0.41481	0.00910	0.08328	0.00790	0.03616	0.00838
13	0.02441	0.54550	0.03856	0.01600	0.02241	0.19254	0.01467	0.02694	0.01854	0.01974	0.01187	0.01374	0.01067	0.00747	0.00587	0.00187	0.01040	0.00467	0.00373	0.01040
14	0.01197	0.00801	0.00909	0.00921	0.00923	0.00798	0.00519	0.01205	0.01230	0.01640	0.02731	0.09170	0.03163	0.66876	0.04046	0.00778	0.00787	0.01275	0.00519	0.00513
15	0.02056	0.01974	0.03372	0.05099	0.65622	0.01974	0.02550	0.02550	0.01892	0.02714	0.01563	0.02056	0.01316	0.00740	0.00822	0.00247	0.00987	0.00740	0.00411	0.01316
16	0.01956	0.01669	0.01784	0.01611	0.02047	0.01908	0.01249	0.04063	0.56493	0.03457	0.11014	0.03483	0.03191	0.01198	0.00862	0.00279	0.00625	0.01009	0.00854	0.01249
17	0.01028	0.00820	0.00921	0.00944	0.01163	0.00713	0.00690	0.01263	0.01931	0.02446	0.19472	0.19528	0.41924	0.02115	0.00996	0.00287	0.00426	0.01817	0.00801	0.00713
18	0.01187	0.00890	0.01335	0.01335	0.01483	0.01038	0.01038	0.01483	0.01335	0.01928	0.02225	0.03264	0.02077	0.06231	0.67512	0.01335	0.02225	0.00890	0.00445	0.00742
19	0.01763	0.01491	0.01579	0.01446	0.01827	0.01660	0.01101	0.03443	0.44921	0.03096	0.07398	0.04278	0.13125	0.07695	0.01184	0.00328	0.00618	0.01127	0.00806	0.01112
20	0.01091	0.00790	0.00907	0.00965	0.01052	0.00739	0.00617	0.01189	0.01499	0.01927	0.04698	0.25625	0.19764	0.32605	0.02440	0.00530	0.00609	0.01696	0.00653	0.00606
21	0.01206	0.00808	0.00919	0.00915	0.00927	0.00804	0.00520	0.01230	0.01278	0.01716	0.06434	0.05483	0.03314	0.66589	0.04030	0.00772	0.00780	0.01226	0.00528	0.00520
22	0.01187	0.00890	0.01335	0.01335	0.01483	0.01038	0.01038	0.01483	0.01335	0.01928	0.02225	0.03264	0.02077	0.06231	0.67512	0.01335	0.02225	0.00890	0.00445	0.00742
23	0.02402	0.01952	0.02068	0.01759	0.02288	0.02223	0.01396	0.22409	0.45580	0.04017	0.02954	0.02759	0.02190	0.01087	0.00841	0.00272	0.00737	0.00880	0.00841	0.01345
24	0.02402	0.01952	0.02068	0.01759	0.02288	0.02223	0.01396	0.22409	0.45580	0.04017	0.02954	0.02759	0.02190	0.01087	0.00841	0.00272	0.00737	0.00880	0.00841	0.01345
25	0.01771	0.01683	0.02857	0.42402	0.30549	0.01899	0.02408	0.02300	0.01757	0.02368	0.01512	0.02149	0.01194	0.00793	0.00827	0.00264	0.01057	0.00739	0.00387	0.01086
26	0.09204	0.02326	0.06069	0.27410	0.19946	0.16538	0.02120	0.02558	0.01857	0.02436	0.01426	0.01906	0.01130	0.00805	0.00778	0.00252	0.01126	0.00659	0.00406	0.01048
27	0.01742	0.01654	0.02805	0.46109	0.27064	0.01891	0.02393	0.02275	0.01743	0.02333	0.01507	0.02158	0.01182	0.00798	0.00828	0.00266	0.01064	0.00739	0.00384	0.01063
28	0.05685	0.02098	0.02731	0.12869	0.27271	0.07205	0.02030	0.16304	0.05876	0.03194	0.01684	0.02035	0.01326	0.00888	0.00923	0.00259	0.05159	0.00723	0.00528	0.01210

[dist]
# distance from previous block
# <min> <max>
5	19

[block]
# block no. 6 follows, 22 sequences, length 155
# corresponding to MSA columns:
# 419-573
name=unknown_G
#
# <colnr> <probs for GDERKNQSTAVLIFYWHMCP>
#	G	D	E	R	K	N	Q	S	T	A	V	L	I	F	Y	W	H	M	C	P
0	0.05896	0.01605	0.01351	0.01287	0.01581	0.14462	0.00991	0.02363	0.08576	0.02813	0.10518	0.03959	0.08085	0.01475	0.03784	0.00292	0.00770	0.05505	0.23818	0.00870
1	0.21125	0.02162	0.01953	0.12171	0.02681	0.19072	0.01419	0.03172	0.04807	0.20877	0.01948	0.02027	0.01382	0.00893	0.00733	0.00250	0.00962	0.00650	0.00630	0.01086
2	0.28529	0.01636	0.01745	0.02014	0.14315	0.07022	0.01279	0.02380	0.01752	0.09636	0.02561	0.15939	0.05564	0.01242	0.00765	0.00269	0.00745	0.01013	0.00607	0.00986
3	0.01912	0.13592	0.50321	0.02209	0.03271	0.09804	0.02668	0.02691	0.01815	0.02467	0.01420	0.01665	0.01056	0.00786	0.00749	0.00245	0.01212	0.00581	0.00360	0.01174
4	0.01087	0.00851	0.00993	0.01012	0.01242	0.00757	0.00778	0.01368	0.02008	0.02579	0.23857	0.11660	0.36935	0.02046	0.01008	0.00292	0.00463	0.09521	0.00811	0.00732
5	0.02309	0.16443	0.03393	0.15425	0.09268	0.18336	0.13872	0.06820	0.02072	0.02443	0.01449	0.01836	0.01161	0.00790	0.00779	0.00237	0.01193	0.00678	0.00427	0.01071
6	0.01975	0.01705	0.01791	0.01619	0.02073	0.01952	0.01258	0.04144	0.58897	0.03372	0.03804	0.03510	0.07804	0.01209	0.00857	0.00282	0.00638	0.01008	0.00839	0.01263
7	0.02439	0.02509	0.02031	0.01817	0.02277	0.24054	0.01398	0.07917	0.36202	0.03052	0.02821	0.02718	0.04967	0.01074	0.00818	0.00257	0.00947	0.00829	0.00700	0.01174
8	0.01211	0.00928	0.01409	0.05661	0.01755	0.01090	0.01120	0.01524	0.01356	0.01941	0.02177	0.03196	0.02015	0.05884	0.63237	0.01267	0.02154	0.00880	0.00440	0.00753
9	0.01208	0.00805	0.00906	0.00906	0.00906	0.00805	0.00503	0.01208	0.01208	0.01611	0.02618	0.05436	0.03020	0.70804	0.04228	0.00805	0.00805	0.01208	0.00503	0.00503
10	0.26008	0.02027	0.02073	0.04542	0.02391	0.02265	0.01384	0.38904	0.02967	0.07221	0.01766	0.01839	0.01267	0.00921	0.00733	0.00253	0.00829	0.00658	0.00721	0.01232
11	0.02310	0.02459	0.02666	0.10312	0.27738	0.22487	0.01989	0.05478	0.05455	0.02527	0.01640	0.02053	0.01351	0.01280	0.06401	0.00333	0.01243	0.00699	0.00458	0.01119
12	0.16822	0.50898	0.03450	0.01348	0.01967	0.02794	0.01282	0.02384	0.01601	0.02302	0.01256	0.01518	0.01129	0.01244	0.06852	0.00303	0.00966	0.00487	0.00395	0.01003
13	0.01005	0.00751	0.00935	0.01081	0.01185	0.00681	0.00737	0.01165	0.01663	0.02150	0.05502	0.55282	0.19878	0.02483	0.01041	0.00324	0.00467	0.02215	0.00771	0.00681
14	0.01445	0.01300	0.02196	0.13577	0.02711	0.01500	0.10720	0.01819	0.01474	0.02065	0.01903	0.02878	0.01722	0.07424	0.34853	0.00849	0.09429	0.00876	0.00422	0.00837
15	0.01179	0.00901	0.01101	0.01206	0.01346	0.00895	0.00843	0.01677	0.11200	0.02398	0.07704	0.51624	0.10178	0.02291	0.01017	0.00320	0.00499	0.02051	0.00790	0.00780
16	0.01652	0.18893	0.21770	0.01739	0.02385	0.01867	0.08117	0.02094	0.01614	0.02154	0.02230	0.03188	0.06066	0.20871	0.01745	0.00401	0.00989	0.00861	0.00432	0.00934
17	0.03060	0.03605	0.02352	0.02083	0.02549	0.54404	0.01587	0.12401	0.05633	0.02590	0.01495	0.01652	0.01194	0.00891	0.00766	0.00223	0.01368	0.00587	0.00510	0.01049
18	0.01093	0.00850	0.00996	0.00972	0.01207	0.00753	0.00738	0.01400	0.02119	0.02788	0.36081	0.07179	0.34411	0.01914	0.00988	0.00276	0.00422	0.04227	0.00841	0.00745
19	0.02217	0.05186	0.01975	0.01568	0.02026	0.04819	0.01263	0.25933	0.12857	0.03803	0.15269	0.06509	0.07558	0.01340	0.00879	0.00264	0.00736	0.03874	0.00798	0.01125
20	0.01813	0.01669	0.02578	0.07812	0.38538	0.01720	0.01964	0.02544	0.11871	0.02689	0.02778	0.10831	0.07315	0.01143	0.00868	0.00268	0.00834	0.01049	0.00551	0.01163
21	0.01109	0.00838	0.01004	0.00977	0.01179	0.00754	0.00716	0.01404	0.02091	0.02810	0.39952	0.09874	0.25540	0.06632	0.01208	0.00309	0.00434	0.01604	0.00834	0.00733
22	0.02742	0.12653	0.02902	0.02541	0.14984	0.19436	0.01764	0.24527	0.02689	0.03314	0.01571	0.01775	0.01243	0.00884	0.00832	0.00233	0.03498	0.00646	0.00558	0.01209
23	0.01012	0.00723	0.00964	0.01157	0.01205	0.00675	0.00771	0.01157	0.01591	0.02121	0.04579	0.70262	0.05495	0.02603	0.01060	0.00337	0.00482	0.02362	0.00771	0.00675
24	0.14625	0.02131	0.09327	0.05293	0.03213	0.02031	0.25602	0.02610	0.01743	0.09214	0.01613	0.02020	0.01221	0.00909	0.01208	0.00289	0.14619	0.00781	0.00478	0.01073
25	0.02161	0.22639	0.20700	0.05042	0.05641	0.07935	0.09936	0.09018	0.02024	0.02625	0.01442	0.01735	0.01138	0.00810	0.00824	0.00239	0.03891	0.00635	0.00423	0.01143
26	0.01083	0.00878	0.01018	0.01034	0.01208	0.00838	0.00750	0.01274	0.01760	0.02240	0.11519	0.22298	0.36048	0.07912	0.01393	0.00342	0.05210	0.01762	0.00733	0.00700
27	0.01187	0.00890	0.01335	0.01335	0.01483	0.01038	0.01038	0.01483	0.01335	0.01928	0.02225	0.03264	0.02077	0.06231	0.67512	0.01335	0.02225	0.00890	0.00445	0.00742
28	0.01883	0.01797	0.03059	0.27730	0.44344	0.01928	0.02463	0.02398	0.01810	0.02504	0.01532	0.02112	0.01242	0.00772	0.00825	0.00257	0.01030	0.00740	0.00396	0.01176
29	0.02215	0.02485	0.02479	0.06758	0.02550	0.23456	0.01783	0.02433	0.01648	0.02019	0.01180	0.01742	0.01085	0.01218	0.01957	0.00309	0.42703	0.00666	0.00385	0.00927
30	0.01208	0.00805	0.00906	0.00906	0.00906	0.00805	0.00503	0.01208	0.01208	0.01611	0.02618	0.05436	0.03020	0.70804	0.04228	0.00805	0.00805	0.01208	0.00503	0.00503
31	0.01037	0.00844	0.00917	0.00899	0.01156	0.00725	0.00674	0.01298	0.02023	0.02551	0.24427	0.07490	0.49083	0.01990	0.00981	0.00275	0.00413	0.01683	0.00812	0.00725
32	0.01208	0.00805	0.00906	0.00906	0.00906	0.00805	0.00503	0.01208	0.01208	0.01611	0.02618	0.05436	0.03020	0.70804	0.04228	0.00805	0.00805	0.01208	0.00503	0.00503
33	0.00992	0.00842	0.00856	0.00853	0.01129	0.00706	0.00640	0.01213	0.01919	0.02304	0.11516	0.07897	0.62148	0.02082	0.00982	0.00279	0.00419	0.01740	0.00779	0.00706
34	0.02028	0.01945	0.03321	0.08767	0.62173	0.01966	0.02536	0.02525	0.01878	0.02680	0.01558	0.02065	0.01304	0.00745	0.00823	0.00248	0.00994	0.00740	0.00409	0.01293
35	0.02070	0.02028	0.03271	0.09055	0.59045	0.04808	0.02493	0.02556	0.01897	0.02647	0.01545	0.02042	0.01292	0.00751	0.00820	0.00247	0.01017	0.00731	0.00409	0.01275
36	0.00985	0.00829	0.00855	0.00875	0.01131	0.00698	0.00646	0.01188	0.01861	0.02231	0.08007	0.14630	0.58914	0.02157	0.00990	0.00287	0.00427	0.01818	0.00771	0.00698
37	0.01208	0.00805	0.00906	0.00906	0.00906	0.00805	0.00503	0.01208	0.01208	0.01611	0.02618	0.05436	0.03020	0.70804	0.04228	0.00805	0.00805	0.01208	0.00503	0.00503
38	0.01203	0.00825	0.01007	0.01007	0.01043	0.00860	0.00630	0.01273	0.01238	0.01686	0.02525	0.04923	0.02797	0.55543	0.19185	0.00931	0.01141	0.01133	0.00490	0.00560
39	0.01656	0.01580	0.02234	0.01964	0.02002	0.02158	0.01618	0.01867	0.01288	0.01981	0.01382	0.02189	0.01344	0.02680	0.19348	0.00613	0.52079	0.00769	0.00384	0.00866
40	0.31646	0.21237	0.02369	0.05968	0.02174	0.02169	0.01234	0.02876	0.06904	0.13915	0.01731	0.01806	0.01298	0.00832	0.00625	0.00238	0.00756	0.00576	0.00576	0.01072
41	0.23746	0.26069	0.07145	0.01587	0.02216	0.15424	0.01439	0.09081	0.01982	0.02873	0.01294	0.01470	0.01055	0.00793	0.00620	0.00221	0.00965	0.00508	0.00466	0.01046
42	0.02489	0.02631	0.02111	0.01911	0.02211	0.33030	0.01478	0.05948	0.02084	0.06654	0.02066	0.12818	0.02008	0.01330	0.01224	0.00275	0.14911	0.03321	0.00546	0.00954
43	0.02544	0.01159	0.01516	0.01291	0.01740	0.01015	0.01040	0.02843	0.02184	0.37582	0.10341	0.09386	0.15816	0.01524	0.00920	0.00278	0.00609	0.06180	0.00926	0.01105
44	0.02332	0.02674	0.02468	0.02165	0.02336	0.28516	0.01733	0.02527	0.01705	0.02013	0.01168	0.01690	0.01082	0.01215	0.01935	0.00304	0.42168	0.00650	0.00389	0.00930
45	0.01138	0.00839	0.01063	0.01025	0.01222	0.00765	0.00762	0.01487	0.02236	0.03097	0.53141	0.10867	0.15638	0.01817	0.00986	0.00269	0.00402	0.01596	0.00885	0.00765
46	0.01050	0.00745	0.00975	0.01120	0.01181	0.00700	0.00747	0.01209	0.01643	0.02213	0.11419	0.56718	0.05533	0.08935	0.01350	0.00373	0.00502	0.02153	0.00762	0.00671
