[name]
unknown

[dist]
# distance from previous block
# <min> <max>
0	0

[block]
# block no. 0 follows, 23 sequences, length 12
# corresponding to MSA columns:
# 0-11
name=unknown_A
#
# <colnr> <probs for GDERKNQSTAVLIFYWHMCP>
#	G	D	E	R	K	N	Q	S	T	A	V	L	I	F	Y	W	H	M	C	P
0	0.01308	0.00934	0.01308	0.01494	0.01681	0.00934	0.01308	0.01681	0.01868	0.02428	0.04296	0.09153	0.04670	0.02242	0.01121	0.00374	0.00747	0.60960	0.00747	0.00747
1	0.17499	0.02341	0.17356	0.09552	0.07596	0.02008	0.15086	0.02369	0.01603	0.02642	0.01361	0.01811	0.01070	0.00865	0.01098	0.00277	0.13353	0.00683	0.00399	0.01029
2	0.02008	0.01928	0.03294	0.04981	0.66422	0.01928	0.02490	0.02490	0.01848	0.02651	0.01526	0.02008	0.01285	0.00723	0.00803	0.00241	0.00964	0.00723	0.00402	0.01285
3	0.00978	0.00793	0.00854	0.00898	0.01104	0.00684	0.00642	0.01157	0.01743	0.02130	0.07027	0.22542	0.48335	0.05971	0.01151	0.00315	0.00446	0.01823	0.00739	0.00668
4	0.02447	0.27403	0.05717	0.01906	0.06207	0.26989	0.01542	0.07184	0.02055	0.02311	0.01402	0.01643	0.01180	0.00998	0.03307	0.00245	0.01134	0.00549	0.04758	0.01022
5	0.01833	0.07261	0.31875	0.02492	0.07593	0.02032	0.13757	0.02971	0.16649	0.02734	0.01910	0.02107	0.01426	0.00824	0.00806	0.00258	0.01063	0.00740	0.00473	0.01196
6	0.00980	0.00739	0.00908	0.01043	0.01154	0.00666	0.00715	0.01140	0.01637	0.02105	0.05529	0.53147	0.22491	0.02405	0.01014	0.00314	0.00454	0.02139	0.00753	0.00666
7	0.01255	0.01026	0.01148	0.01167	0.01450	0.01004	0.00936	0.01898	0.13643	0.02483	0.06195	0.07295	0.36888	0.01929	0.00980	0.00302	0.00549	0.18272	0.00765	0.00814
8	0.02203	0.07400	0.08914	0.03876	0.42700	0.16113	0.02263	0.02653	0.01918	0.02451	0.01435	0.01817	0.01194	0.00749	0.00766	0.00231	0.01085	0.00649	0.00396	0.01187
9	0.01868	0.01554	0.02000	0.07189	0.15582	0.01674	0.01480	0.05816	0.27615	0.05678	0.03477	0.09437	0.10646	0.01245	0.00855	0.00270	0.00710	0.01079	0.00694	0.01130
10	0.01062	0.00822	0.00976	0.01044	0.01210	0.00762	0.00742	0.01385	0.05402	0.02366	0.14945	0.36871	0.25106	0.02168	0.00987	0.00297	0.00448	0.01908	0.00779	0.00719
11	0.34902	0.21614	0.02469	0.01601	0.06416	0.02370	0.01277	0.15574	0.02012	0.03400	0.01333	0.01497	0.01060	0.00782	0.00595	0.00227	0.00776	0.00520	0.00518	0.01060

[dist]
# distance from previous block
# <min> <max>
0	2

[block]
# block no. 1 follows, 23 sequences, length 87
# corresponding to MSA columns:
# 14-100
name=unknown_B
#
# <colnr> <probs for GDERKNQSTAVLIFYWHMCP>
#	G	D	E	R	K	N	Q	S	T	A	V	L	I	F	Y	W	H	M	C	P
0	0.01926	0.27217	0.33180	0.02146	0.03077	0.05644	0.11268	0.02559	0.01750	0.02318	0.01361	0.01629	0.01063	0.00735	0.00710	0.00228	0.01123	0.00591	0.00358	0.01117
1	0.02739	0.36882	0.03171	0.01604	0.02204	0.21609	0.01398	0.02996	0.01984	0.16089	0.01616	0.01666	0.01253	0.00803	0.00646	0.00201	0.01002	0.00543	0.00511	0.01086
2	0.01967	0.01886	0.03219	0.10562	0.61161	0.01917	0.02470	0.02454	0.01828	0.02601	0.01519	0.02022	0.01268	0.00731	0.00804	0.00244	0.00974	0.00723	0.00398	0.01252
3	0.01855	0.01771	0.03017	0.25773	0.46827	0.01888	0.02414	0.02356	0.01775	0.02465	0.01499	0.02058	0.01220	0.00751	0.00806	0.00250	0.01002	0.00722	0.00388	0.01162
4	0.01267	0.01028	0.01511	0.01449	0.01568	0.01272	0.01148	0.01537	0.01293	0.01896	0.01979	0.02940	0.01860	0.05267	0.56762	0.01138	0.14068	0.00841	0.00421	0.00753
5	0.01012	0.00824	0.00896	0.00878	0.01129	0.00708	0.00658	0.01267	0.01975	0.02490	0.24431	0.07319	0.49696	0.01944	0.00958	0.00269	0.00403	0.01644	0.00793	0.00708
6	0.02015	0.22539	0.30716	0.01781	0.02617	0.02064	0.01998	0.02669	0.04402	0.11050	0.05288	0.02112	0.01645	0.01132	0.04382	0.00290	0.01022	0.00658	0.00488	0.01133
7	0.01621	0.27357	0.02505	0.01403	0.01760	0.01991	0.01215	0.01985	0.04595	0.01986	0.01996	0.02550	0.04244	0.03275	0.31428	0.00710	0.07338	0.00731	0.00428	0.00882
8	0.00989	0.00706	0.00942	0.01130	0.01177	0.00659	0.00753	0.01130	0.01554	0.02071	0.04472	0.70954	0.05367	0.02542	0.01036	0.00330	0.00471	0.02307	0.00753	0.00659
9	0.00967	0.00822	0.00834	0.00831	0.01101	0.00689	0.00623	0.01181	0.01869	0.02239	0.10765	0.07732	0.63519	0.02038	0.00959	0.00273	0.00410	0.01702	0.00760	0.00689
10	0.01812	0.02767	0.29105	0.16373	0.23210	0.01918	0.02559	0.05494	0.04232	0.02652	0.01569	0.01954	0.01190	0.00787	0.00793	0.00255	0.01067	0.00680	0.00406	0.01179
11	0.02589	0.01616	0.01852	0.01578	0.02096	0.01728	0.01252	0.04186	0.42923	0.25764	0.03267	0.02934	0.02312	0.01067	0.00822	0.00267	0.00659	0.00882	0.00888	0.01318
12	0.22128	0.33766	0.18659	0.01613	0.02383	0.02469	0.04310	0.02459	0.01604	0.02562	0.01230	0.01443	0.01003	0.00728	0.00595	0.00219	0.00905	0.00498	0.00390	0.01038
13	0.01915	0.02189	0.04788	0.03420	0.04241	0.02052	0.63475	0.02599	0.01915	0.02599	0.01642	0.02189	0.01231	0.00684	0.00958	0.00274	0.01368	0.00958	0.00410	0.01094
14	0.01719	0.01327	0.01545	0.01479	0.01792	0.01474	0.01165	0.02988	0.32926	0.05314	0.03303	0.04697	0.02958	0.09666	0.09778	0.00483	0.00878	0.14769	0.00729	0.01007
15	0.01792	0.24734	0.48181	0.02033	0.03079	0.02286	0.02510	0.02527	0.01694	0.02370	0.01357	0.01588	0.01032	0.00748	0.00695	0.00232	0.01099	0.00549	0.00344	0.01151
16	0.00989	0.00706	0.00942	0.01130	0.01177	0.00659	0.00753	0.01130	0.01554	0.02071	0.04472	0.70954	0.05367	0.02542	0.01036	0.00330	0.00471	0.02307	0.00753	0.00659
17	0.00984	0.00726	0.00921	0.01077	0.01163	0.00664	0.00730	0.01136	0.01605	0.02092	0.05118	0.60066	0.15838	0.02458	0.01022	0.00320	0.00460	0.02204	0.00753	0.00664
18	0.02883	0.02992	0.02166	0.01905	0.02375	0.40632	0.01463	0.09031	0.15998	0.09663	0.01973	0.01987	0.01490	0.00924	0.00768	0.00231	0.01150	0.00659	0.00606	0.01103
19	0.01775	0.01775	0.02485	0.02130	0.02130	0.02485	0.01775	0.01953	0.01243	0.01953	0.01065	0.01775	0.01065	0.01420	0.02663	0.00355	0.69998	0.00710	0.00355	0.00888
20	0.01700	0.10942	0.57996	0.02341	0.06234	0.02020	0.02812	0.02552	0.01713	0.02507	0.01426	0.01685	0.01041	0.00761	0.00747	0.00248	0.01155	0.00588	0.00346	0.01187
21	0.73529	0.01697	0.04415	0.01128	0.01664	0.01823	0.00982	0.02394	0.01397	0.03588	0.01146	0.01337	0.00886	0.00754	0.00515	0.00251	0.00656	0.00447	0.00494	0.00894
22	0.00981	0.00737	0.00910	0.01047	0.01155	0.00666	0.00717	0.01139	0.01633	0.02104	0.05476	0.54041	0.21631	0.02412	0.01015	0.00315	0.00455	0.02148	0.00753	0.00666
23	0.03031	0.03867	0.02299	0.02090	0.02508	0.68226	0.01568	0.03240	0.02299	0.01986	0.01254	0.01463	0.01045	0.00836	0.00732	0.00209	0.01463	0.00523	0.00418	0.00941
24	0.01639	0.03829	0.58056	0.08546	0.06989	0.01879	0.02904	0.02521	0.01712	0.02529	0.01459	0.01769	0.01046	0.00772	0.00776	0.00257	0.01176	0.00617	0.00347	0.01177
25	0.01756	0.08581	0.16936	0.21138	0.27065	0.01934	0.02336	0.02318	0.01740	0.02386	0.01816	0.02236	0.04670	0.00827	0.00781	0.00248	0.01008	0.00723	0.00392	0.01109
26	0.02976	0.03752	0.02274	0.02067	0.02487	0.64633	0.01552	0.03298	0.05700	0.02062	0.01365	0.01548	0.01123	0.00851	0.00737	0.00213	0.01419	0.00544	0.00440	0.00959
27	0.00959	0.00822	0.00822	0.00822	0.01096	0.00685	0.00617	0.01165	0.01850	0.02192	0.08220	0.07809	0.66092	0.02055	0.00959	0.00274	0.00411	0.01713	0.00754	0.00685
28	0.01098	0.00774	0.01006	0.01082	0.01135	0.00789	0.00720	0.01223	0.01359	0.01847	0.03237	0.31203	0.03705	0.28366	0.17988	0.00725	0.00986	0.01560	0.00583	0.00614
29	0.02169	0.71972	0.04252	0.01388	0.02083	0.03211	0.01388	0.02430	0.01649	0.01909	0.01128	0.01302	0.01041	0.00694	0.00521	0.00174	0.00868	0.00434	0.00347	0.01041
30	0.00977	0.00823	0.00847	0.00841	0.01107	0.00693	0.00631	0.01199	0.01892	0.02292	0.13682	0.07644	0.60568	0.02018	0.00959	0.00272	0.00408	0.01689	0.00767	0.00693
31	0.00959	0.00822	0.00822	0.00822	0.01096	0.00685	0.00617	0.01165	0.01850	0.02192	0.08220	0.07809	0.66092	0.02055	0.00959	0.00274	0.00411	0.01713	0.00754	0.00685
32	0.02338	0.02571	0.03031	0.03973	0.43007	0.23554	0.04711	0.02739	0.01998	0.02432	0.01442	0.01838	0.01205	0.00758	0.00786	0.00232	0.01144	0.00667	0.00407	0.01165
33	0.01915	0.02189	0.04788	0.03420	0.04241	0.02052	0.63475	0.02599	0.01915	0.02599	0.01642	0.02189	0.01231	0.00684	0.00958	0.00274	0.01368	0.00958	0.00410	0.01094
34	0.00959	0.00822	0.00822	0.00822	0.01096	0.00685	0.00617	0.01165	0.01850	0.02192	0.08220	0.07809	0.66092	0.02055	0.00959	0.00274	0.00411	0.01713	0.00754	0.00685
35	0.01982	0.01901	0.03246	0.08557	0.63051	0.01921	0.02477	0.02467	0.01835	0.02619	0.01522	0.02017	0.01274	0.00728	0.00804	0.00243	0.00970	0.00723	0.00399	0.01264
36	0.01643	0.04086	0.63817	0.02374	0.03552	0.01894	0.06349	0.02571	0.01724	0.02571	0.01466	0.01739	0.01039	0.00766	0.00781	0.00258	0.01209	0.00619	0.00346	0.01193
37	0.01180	0.00787	0.00885	0.00885	0.00885	0.00787	0.00492	0.01180	0.01180	0.01573	0.02557	0.05310	0.02950	0.71483	0.04130	0.00787	0.00787	0.01180	0.00492	0.00492
38	0.01627	0.04197	0.67279	0.02313	0.03512	0.01884	0.02998	0.02570	0.01713	0.02570	0.01456	0.01713	0.01028	0.00771	0.00771	0.00257	0.01199	0.00600	0.00343	0.01199
39	0.01354	0.01424	0.07256	0.02036	0.13159	0.03748	0.04044	0.01667	0.01718	0.02306	0.06931	0.40861	0.06544	0.01850	0.00949	0.00294	0.00692	0.01679	0.00635	0.00854
40	0.01213	0.01571	0.15430	0.01293	0.01729	0.01003	0.01265	0.01663	0.01988	0.02694	0.27747	0.05981	0.23566	0.01649	0.00935	0.00274	0.00609	0.07842	0.00715	0.00834
41	0.01159	0.00869	0.01304	0.01304	0.01449	0.01014	0.01014	0.01449	0.01304	0.01884	0.02173	0.03188	0.02029	0.06086	0.68268	0.01304	0.02173	0.00869	0.00435	0.00724
42	0.01683	0.01442	0.01683	0.01202	0.01923	0.01082	0.00961	0.02043	0.01683	0.02644	0.01442	0.01683	0.01202	0.00601	0.00601	0.00120	0.00601	0.00481	0.00481	0.76444
43	0.18474	0.52766	0.03489	0.01360	0.01974	0.02868	0.01299	0.02394	0.01568	0.02288	0.01125	0.01331	0.01007	0.00747	0.00635	0.00200	0.04646	0.00450	0.00381	0.00997
44	0.77215	0.01569	0.01193	0.01067	0.01569	0.01820	0.00879	0.02385	0.01381	0.03641	0.01130	0.01318	0.00879	0.00753	0.00502	0.00251	0.00628	0.00439	0.00502	0.00879
45	0.01040	0.00739	0.00915	0.01034	0.01087	0.00698	0.00667	0.01147	0.01473	0.01940	0.04248	0.46899	0.09870	0.22096	0.01909	0.00455	0.00555	0.01936	0.00679	0.00614
46	0.01143	0.00972	0.01310	0.19320	0.02345	0.00994	0.01117	0.01443	0.01759	0.02205	0.08690	0.17854	0.31825	0.01798	0.00940	0.00286	0.00614	0.03986	0.00656	0.00745
47	0.02088	0.01869	0.02967	0.04220	0.51919	0.01909	0.02214	0.02884	0.13094	0.05847	0.01922	0.02225	0.01532	0.00804	0.00808	0.00248	0.00894	0.00762	0.00506	0.01290
48	0.01159	0.00869	0.01304	0.01304	0.01449	0.01014	0.01014	0.01449	0.01304	0.01884	0.02173	0.03188	0.02029	0.06086	0.68268	0.01304	0.02173	0.00869	0.00435	0.00724
49	0.01080	0.00816	0.00997	0.00974	0.01176	0.00733	0.00722	0.01391	0.02102	0.02845	0.43996	0.12440	0.24058	0.01852	0.00965	0.00267	0.00399	0.01613	0.00841	0.00733
50	0.01671	0.03915	0.58818	0.02537	0.06642	0.01901	0.08142	0.02568	0.01737	0.02576	0.01475	0.01768	0.01058	0.00761	0.00788	0.00258	0.01202	0.00636	0.00351	0.01194
51	0.04954	0.01668	0.02771	0.37389	0.32977	0.01860	0.02303	0.02275	0.01714	0.02401	0.01467	0.02057	0.01165	0.00769	0.00795	0.00256	0.01009	0.00710	0.00385	0.01074
52	0.20965	0.01425	0.01720	0.01355	0.01953	0.01340	0.01119	0.03585	0.02101	0.52068	0.02713	0.02422	0.01743	0.00945	0.00742	0.00251	0.00676	0.00727	0.00886	0.01263
53	0.01917	0.01834	0.03128	0.17405	0.54713	0.01904	0.02445	0.02410	0.01804	0.02540	0.01510	0.02038	0.01246	0.00740	0.00805	0.00247	0.00987	0.00723	0.00394	0.01211
54	0.02022	0.02345	0.17253	0.04657	0.05216	0.07778	0.01730	0.08521	0.16117	0.06440	0.02628	0.03202	0.04675	0.04065	0.00959	0.00285	0.00899	0.05905	0.04201	0.01101
55	0.01034	0.00725	0.00928	0.01072	0.01108	0.00689	0.00692	0.01142	0.01466	0.01954	0.04021	0.55497	0.04798	0.18776	0.01764	0.00437	0.00545	0.02041	0.00692	0.00620
56	0.01116	0.00785	0.01027	0.01174	0.01248	0.00760	0.00845	0.01288	0.01556	0.02059	0.04008	0.40120	0.04654	0.17460	0.01732	0.00441	0.00614	0.17771	0.00695	0.00646
57	0.02004	0.01940	0.03365	0.04906	0.63461	0.01934	0.05394	0.02495	0.01851	0.02648	0.01532	0.02017	0.01283	0.00721	0.00811	0.00243	0.00983	0.00734	0.00402	0.01276
58	0.01867	0.01817	0.03194	0.22769	0.43720	0.01905	0.08113	0.02385	0.01791	0.02486	0.01514	0.02068	0.01224	0.00744	0.00820	0.00252	0.01034	0.00744	0.00391	0.01161
59	0.02975	0.02191	0.02357	0.01828	0.02446	0.02419	0.01501	0.60444	0.03697	0.04955	0.02080	0.05556	0.01588	0.01056	0.00823	0.00248	0.00871	0.00813	0.00809	0.01342
60	0.01843	0.02777	0.24580	0.03414	0.17989	0.01970	0.30281	0.02565	0.01835	0.02601	0.01556	0.01995	0.01178	0.00721	0.00863	0.00261	0.01223	0.00790	0.00387	0.01171
61	0.02219	0.02430	0.02389	0.06527	0.22757	0.27743	0.01836	0.02572	0.02018	0.02306	0.02067	0.03485	0.01977	0.01130	0.00850	0.00261	0.01116	0.14828	0.00487	0.01002
62	0.02255	0.02849	0.16903	0.03528	0.34194	0.17490	0.02313	0.02764	0.01951	0.05968	0.01538	0.01857	0.01212	0.00775	0.00780	0.00237	0.01118	0.00654	0.00425	0.01191
63	0.01359	0.01012	0.01171	0.01179	0.01444	0.00989	0.00911	0.01965	0.13106	0.05853	0.08096	0.18802	0.27420	0.01936	0.00969	0.00299	0.00532	0.11335	0.00784	0.00837
64	0.02581	0.18103	0.02775	0.01927	0.02336	0.34501	0.01571	0.07959	0.02063	0.02229	0.01246	0.01536	0.01077	0.00941	0.01103	0.00235	0.15844	0.00561	0.00423	0.00989
65	0.02189	0.02903	0.18234	0.02978	0.17245	0.16802	0.13023	0.02807	0.04613	0.05216	0.01591	0.01911	0.01231	0.00820	0.00911	0.00252	0.05002	0.00702	0.00434	0.01136
66	0.01166	0.00843	0.01171	0.01171	0.01270	0.00942	0.00849	0.01364	0.01265	0.01785	0.02295	0.03860	0.02320	0.26790	0.47962	0.01140	0.01734	0.00968	0.00453	0.00651
67	0.02829	0.01484	0.04566	0.01499	0.02030	0.01350	0.01265	0.08936	0.05667	0.39594	0.02773	0.02756	0.01939	0.02193	0.16697	0.00500	0.01078	0.00817	0.00814	0.01213
68	0.02695	0.03307	0.02349	0.02101	0.02407	0.50618	0.01623	0.02895	0.02016	0.01977	0.01204	0.01547	0.01051	0.00993	0.01249	0.00248	0.19819	0.00573	0.00401	0.00926
69	0.01290	0.00827	0.01101	0.01101	0.01262	0.00919	0.00848	0.01613	0.01452	0.02307	0.02349	0.03127	0.02048	0.04179	0.43160	0.00891	0.01508	0.00827	0.28454	0.00736
70	0.01553	0.01147	0.01560	0.01825	0.13880	0.01080	0.01150	0.04473	0.02080	0.08235	0.21311	0.08693	0.23414	0.01590	0.00922	0.00267	0.00576	0.04582	0.00747	0.00914
71	0.00975	0.00823	0.00844	0.00839	0.01106	0.00692	0.00629	0.01196	0.01888	0.02283	0.13158	0.07660	0.61098	0.02021	0.00959	0.00272	0.00409	0.01692	0.00765	0.00692
72	0.01738	0.15565	0.53442	0.02288	0.06379	0.02111	0.02700	0.02542	0.01709	0.02462	0.01404	0.01658	0.01043	0.00756	0.00730	0.00242	0.01131	0.00578	0.00346	0.01177
73	0.01809	0.01825	0.03232	0.21290	0.21816	0.02044	0.16321	0.02287	0.01671	0.02332	0.01430	0.02041	0.01170	0.00889	0.01246	0.00281	0.16107	0.00774	0.00383	0.01052
74	0.01683	0.01442	0.01683	0.01202	0.01923	0.01082	0.00961	0.02043	0.01683	0.02644	0.01442	0.01683	0.01202	0.00601	0.00601	0.00120	0.00601	0.00481	0.00481	0.76444
75	0.02251	0.65482	0.04066	0.01455	0.02123	0.09406	0.01406	0.02507	0.01711	0.01916	0.01140	0.01317	0.01042	0.00708	0.00541	0.00177	0.00924	0.00442	0.00354	0.01032
76	0.03031	0.03867	0.02299	0.02090	0.02508	0.68226	0.01568	0.03240	0.02299	0.01986	0.01254	0.01463	0.01045	0.00836	0.00732	0.00209	0.01463	0.00523	0.00418	0.00941
77	0.00981	0.00737	0.00910	0.01048	0.01155	0.00666	0.00717	0.01139	0.01632	0.02103	0.05470	0.54137	0.21539	0.02412	0.01015	0.00315	0.00455	0.02148	0.00753	0.00666
78	0.01058	0.00874	0.00934	0.00910	0.01176	0.00775	0.00685	0.01415	0.05371	0.02488	0.20522	0.07169	0.49927	0.01917	0.00951	0.00270	0.00417	0.01616	0.00788	0.00735
79	0.02008	0.01928	0.03294	0.04981	0.66422	0.01928	0.02490	0.02490	0.01848	0.02651	0.01526	0.02008	0.01285	0.00723	0.00803	0.00241	0.00964	0.00723	0.00402	0.01285
80	0.00959	0.00822	0.00822	0.00822	0.01096	0.00685	0.00617	0.01165	0.01850	0.02192	0.08220	0.07809	0.66092	0.02055	0.00959	0.00274	0.00411	0.01713	0.00754	0.00685
81	0.02054	0.02015	0.03249	0.04850	0.63538	0.04920	0.02449	0.02524	0.01868	0.02621	0.01514	0.01984	0.01274	0.00728	0.00800	0.00240	0.00987	0.00714	0.00402	0.01270
82	0.01180	0.00787	0.00885	0.00885	0.00885	0.00787	0.00492	0.01180	0.01180	0.01573	0.02557	0.05310	0.02950	0.71483	0.04130	0.00787	0.00787	0.01180	0.00492	0.00492
83	0.01795	0.01752	0.02224	0.01835	0.02080	0.04626	0.01509	0.02032	0.01424	0.02173	0.01192	0.01734	0.01108	0.01138	0.01934	0.00275	0.45332	0.00630	0.00397	0.24810
84	0.01228	0.00709	0.01002	0.01079	0.01098	0.00690	0.00715	0.01092	0.01265	0.01687	0.02710	0.30502	0.03092	0.05834	0.02345	0.41955	0.00613	0.01379	0.00522	0.00484
85	0.08783	0.14528	0.02829	0.08937	0.25388	0.08407	0.01812	0.02849	0.13778	0.02632	0.01724	0.01977	0.01391	0.00811	0.00724	0.00236	0.00913	0.00664	0.00479	0.01138
86	0.02293	0.46158	0.09083	0.01626	0.02297	0.13588	0.01555	0.05518	0.06977	0.02245	0.01390	0.01532	0.01172	0.00770	0.00615	0.00198	0.00976	0.00515	0.00418	0.01074

[dist]
# distance from previous block
# <min> <max>
0	1

[block]
# block no. 2 follows, 23 sequences, length 10
# corresponding to MSA columns:
# 102-111
name=unknown_C
#
# <colnr> <probs for GDERKNQSTAVLIFYWHMCP>
#	G	D	E	R	K	N	Q	S	T	A	V	L	I	F	Y	W	H	M	C	P
0	0.01649	0.15224	0.01918	0.01305	0.01683	0.01495	0.01086	0.08840	0.01934	0.02602	0.03158	0.20532	0.06091	0.01558	0.00833	0.00259	0.00660	0.12958	0.05947	0.10270
1	0.01452	0.01202	0.01456	0.01290	0.01505	0.01287	0.00973	0.05926	0.01636	0.02253	0.03389	0.12424	0.15043	0.18259	0.02031	0.00396	0.15671	0.01188	0.00568	0.12050
2	0.01896	0.02131	0.09102	0.02918	0.13080	0.01888	0.27695	0.05446	0.06757	0.02742	0.01938	0.02295	0.03704	0.00821	0.00943	0.00251	0.04580	0.00832	0.00473	0.10508
3	0.06840	0.07176	0.01339	0.01066	0.01288	0.01198	0.00766	0.01864	0.08743	0.04585	0.03386	0.12647	0.10656	0.28825	0.02096	0.00466	0.00656	0.01203	0.04451	0.00749
4	0.20701	0.09285	0.02407	0.10705	0.15321	0.19667	0.01631	0.02724	0.05897	0.02619	0.01421	0.01709	0.01149	0.00793	0.00684	0.00234	0.00998	0.00583	0.00448	0.01022
5	0.17403	0.10019	0.10475	0.02380	0.15138	0.01884	0.09333	0.02586	0.04932	0.07902	0.08600	0.02321	0.01941	0.00869	0.00743	0.00245	0.00863	0.00744	0.00531	0.01091
6	0.16671	0.09603	0.14737	0.01405	0.01953	0.04879	0.01362	0.07522	0.01799	0.02851	0.02128	0.02522	0.05442	0.05632	0.05254	0.00334	0.00885	0.00707	0.13374	0.00940
7	0.02530	0.19435	0.05392	0.05255	0.02530	0.28389	0.01592	0.12077	0.04719	0.02522	0.01455	0.01687	0.01192	0.01058	0.03369	0.00262	0.04440	0.00584	0.00469	0.01043
8	0.01713	0.06546	0.02693	0.17116	0.36422	0.01745	0.01991	0.02137	0.01788	0.02389	0.02814	0.03145	0.14133	0.01004	0.00816	0.00249	0.00871	0.00899	0.00459	0.01070
9	0.04325	0.01804	0.12927	0.02229	0.14844	0.01435	0.01677	0.02416	0.10417	0.05976	0.12168	0.09976	0.03321	0.01361	0.00890	0.00282	0.00767	0.11503	0.00647	0.01035

[dist]
# distance from previous block
# <min> <max>
28	51

[block]
# block no. 3 follows, 23 sequences, length 17
# corresponding to MSA columns:
# 173-189
name=unknown_D
#
# <colnr> <probs for GDERKNQSTAVLIFYWHMCP>
#	G	D	E	R	K	N	Q	S	T	A	V	L	I	F	Y	W	H	M	C	P
0	0.01917	0.12923	0.11130	0.01551	0.02123	0.01837	0.01417	0.03078	0.26334	0.07413	0.10087	0.06795	0.02715	0.01101	0.00782	0.00245	0.00715	0.00907	0.00676	0.06256
1	0.01288	0.01222	0.02011	0.01650	0.01996	0.01158	0.17734	0.01592	0.01724	0.02210	0.04925	0.15376	0.29546	0.08539	0.01373	0.00337	0.04430	0.01493	0.00613	0.00784
2	0.07291	0.12476	0.05524	0.01994	0.12048	0.08515	0.01419	0.02486	0.01842	0.15274	0.02529	0.20336	0.02417	0.01277	0.00795	0.00255	0.00804	0.01074	0.00614	0.01032
3	0.26880	0.02571	0.01923	0.01684	0.02149	0.29992	0.04193	0.05993	0.07504	0.02902	0.01538	0.01714	0.01210	0.00839	0.00669	0.00232	0.01016	0.00577	0.05446	0.00968
4	0.02816	0.03211	0.02536	0.02689	0.16463	0.44159	0.01765	0.11905	0.02422	0.02588	0.01415	0.01653	0.01146	0.00832	0.00759	0.00221	0.01271	0.00597	0.00472	0.01080
5	0.02139	0.01559	0.01722	0.01438	0.01789	0.01714	0.01117	0.30973	0.02562	0.03519	0.02666	0.07199	0.06403	0.15970	0.01640	0.00367	0.05847	0.00985	0.09396	0.00996
6	0.01793	0.05928	0.02090	0.02037	0.11908	0.08204	0.01387	0.05097	0.04362	0.02609	0.17301	0.03413	0.06184	0.05832	0.01417	0.00298	0.15014	0.00950	0.03242	0.00934
7	0.07738	0.01301	0.01443	0.01265	0.01593	0.01432	0.00998	0.20071	0.02168	0.03309	0.02189	0.02730	0.01808	0.05775	0.19293	0.00544	0.01060	0.00776	0.23580	0.00929
8	0.01257	0.00985	0.01205	0.01142	0.01424	0.00871	0.00833	0.01637	0.05615	0.02545	0.16505	0.32876	0.07694	0.01761	0.00894	0.00256	0.00493	0.01561	0.00718	0.19728
9	0.02793	0.13312	0.06142	0.01801	0.02475	0.02559	0.01579	0.46919	0.07363	0.04361	0.01881	0.01904	0.01380	0.00927	0.00765	0.00235	0.00889	0.00689	0.00714	0.01311
10	0.01949	0.03231	0.39808	0.02569	0.13068	0.01947	0.02481	0.15067	0.02158	0.03076	0.01752	0.06025	0.01405	0.00913	0.00801	0.00256	0.01055	0.00750	0.00474	0.01217
11	0.29104	0.07398	0.08390	0.01667	0.02221	0.30059	0.01431	0.02861	0.01876	0.06424	0.01336	0.01502	0.01041	0.00801	0.00645	0.00229	0.01058	0.00512	0.00470	0.00976
12	0.24652	0.11630	0.28905	0.01654	0.02460	0.01899	0.01840	0.02557	0.01699	0.08826	0.05651	0.01920	0.01504	0.00835	0.00674	0.00244	0.00884	0.00606	0.00488	0.01071
13	0.11997	0.02175	0.02102	0.02074	0.10404	0.14251	0.01453	0.15564	0.17075	0.07870	0.02384	0.02392	0.04812	0.00975	0.00768	0.00247	0.00877	0.00754	0.00661	0.01165
14	0.01876	0.01556	0.01696	0.01572	0.01959	0.01758	0.01220	0.07658	0.46166	0.03232	0.03468	0.14098	0.03019	0.01403	0.00880	0.00289	0.00640	0.05549	0.00808	0.01153
15	0.01722	0.01439	0.01665	0.01215	0.01879	0.01138	0.00959	0.05355	0.01762	0.02700	0.01552	0.01964	0.01340	0.05846	0.00873	0.00176	0.00631	0.00546	0.00500	0.66737
16	0.01368	0.10279	0.04887	0.01339	0.01713	0.01281	0.05251	0.01819	0.05713	0.02527	0.18482	0.16219	0.17127	0.01617	0.00894	0.00265	0.00614	0.04390	0.00685	0.03532

[dist]
# distance from previous block
# <min> <max>
47	102

[block]
# block no. 4 follows, 23 sequences, length 233
# corresponding to MSA columns:
# 328-560
name=unknown_E
#
# <colnr> <probs for GDERKNQSTAVLIFYWHMCP>
#	G	D	E	R	K	N	Q	S	T	A	V	L	I	F	Y	W	H	M	C	P
0	0.01790	0.01989	0.08840	0.02595	0.17100	0.04713	0.07845	0.04849	0.01845	0.02568	0.07055	0.02878	0.09278	0.01094	0.01194	0.00261	0.14659	0.00872	0.00492	0.08085
1	0.02100	0.06013	0.24243	0.02347	0.05508	0.10860	0.14293	0.08801	0.02077	0.05968	0.02050	0.06001	0.04176	0.00944	0.00822	0.00253	0.01113	0.00826	0.00491	0.01115
2	0.08139	0.02124	0.18129	0.14847	0.02947	0.01644	0.01769	0.09340	0.05226	0.11817	0.05118	0.02573	0.04385	0.00958	0.00769	0.00252	0.00855	0.00770	0.07252	0.01084
3	0.06440	0.15587	0.02477	0.01804	0.05185	0.10935	0.01405	0.15442	0.23168	0.03193	0.02192	0.05019	0.01773	0.00987	0.00742	0.00240	0.00850	0.00759	0.00637	0.01163
4	0.01905	0.02013	0.02534	0.02072	0.02498	0.17420	0.18396	0.05146	0.01939	0.02410	0.08860	0.02759	0.02165	0.02607	0.22887	0.00591	0.01522	0.00870	0.00493	0.00914
5	0.05840	0.05004	0.17358	0.01554	0.02182	0.01594	0.01520	0.10806	0.08653	0.12011	0.06116	0.07113	0.14383	0.01242	0.00823	0.00260	0.00760	0.01009	0.00682	0.01089
6	0.05881	0.02793	0.30027	0.01845	0.02652	0.01862	0.01975	0.21551	0.02373	0.03460	0.04829	0.05314	0.01715	0.00960	0.00771	0.00245	0.00923	0.00756	0.04809	0.05262
7	0.19946	0.02070	0.08341	0.01606	0.02210	0.02003	0.01415	0.32418	0.02638	0.04007	0.01891	0.07292	0.01562	0.01220	0.03561	0.00291	0.00865	0.00767	0.00655	0.05243
8	0.02425	0.02732	0.02053	0.01980	0.05833	0.35141	0.01430	0.03368	0.23864	0.02529	0.02646	0.02644	0.07806	0.01038	0.00790	0.00240	0.01051	0.00785	0.00590	0.01054
9	0.01189	0.01017	0.01010	0.00994	0.01240	0.03970	0.00730	0.04224	0.01928	0.02365	0.11897	0.15642	0.43247	0.05518	0.01113	0.00302	0.00508	0.01643	0.00739	0.00723
10	0.02722	0.01738	0.04661	0.01539	0.02053	0.01688	0.01263	0.28879	0.02681	0.22128	0.02517	0.05765	0.02024	0.14850	0.01471	0.00356	0.00808	0.00905	0.00782	0.01168
11	0.02012	0.01853	0.02682	0.02202	0.05498	0.04582	0.19133	0.14422	0.14733	0.03271	0.11811	0.03351	0.08522	0.01098	0.00887	0.00261	0.00889	0.01021	0.00670	0.01103
12	0.00966	0.00794	0.00850	0.00895	0.01115	0.00679	0.00649	0.01156	0.01779	0.02163	0.07327	0.22859	0.51619	0.02171	0.00977	0.00287	0.00425	0.01854	0.00753	0.00679
13	0.01775	0.25838	0.43252	0.01942	0.02922	0.02249	0.02354	0.02466	0.01725	0.02395	0.04983	0.01825	0.01405	0.00796	0.00701	0.00230	0.01046	0.00595	0.00375	0.01124
14	0.01842	0.02446	0.16352	0.03359	0.20831	0.04550	0.26245	0.02451	0.01838	0.02533	0.01824	0.08488	0.01587	0.00893	0.00876	0.00264	0.01143	0.00931	0.00427	0.01120
15	0.01169	0.00831	0.01111	0.01111	0.01189	0.00909	0.00773	0.01325	0.01247	0.01741	0.02350	0.04166	0.02453	0.36241	0.38693	0.01065	0.01534	0.01013	0.00461	0.00617
16	0.00980	0.00740	0.00906	0.01040	0.01153	0.00667	0.00713	0.01140	0.01640	0.02107	0.05571	0.52442	0.23169	0.02399	0.01013	0.00313	0.00453	0.02133	0.00753	0.00667
17	0.01482	0.01374	0.02226	0.05701	0.02285	0.01674	0.09924	0.01804	0.01386	0.02015	0.01703	0.02539	0.01556	0.03547	0.34144	0.00799	0.23777	0.00822	0.00402	0.00838
18	0.01159	0.00869	0.01304	0.01304	0.01449	0.01014	0.01014	0.01449	0.01304	0.01884	0.02173	0.03188	0.02029	0.06086	0.68268	0.01304	0.02173	0.00869	0.00435	0.00724
19	0.01627	0.04197	0.67279	0.02313	0.03512	0.01884	0.02998	0.02570	0.01713	0.02570	0.01456	0.01713	0.01028	0.00771	0.00771	0.00257	0.01199	0.00600	0.00343	0.01199
20	0.01965	0.02540	0.15907	0.03881	0.33722	0.05560	0.19381	0.02576	0.01865	0.02585	0.01530	0.01972	0.01208	0.00728	0.00836	0.00251	0.01148	0.00753	0.00394	0.01197
21	0.00978	0.00823	0.00848	0.00842	0.01108	0.00693	0.00631	0.01201	0.01894	0.02298	0.14004	0.07634	0.60242	0.02015	0.00959	0.00272	0.00408	0.01688	0.00767	0.00693
22	0.77215	0.01569	0.01193	0.01067	0.01569	0.01820	0.00879	0.02385	0.01381	0.03641	0.01130	0.01318	0.00879	0.00753	0.00502	0.00251	0.00628	0.00439	0.00502	0.00879
23	0.00989	0.00706	0.00942	0.01130	0.01177	0.00659	0.00753	0.01130	0.01554	0.02071	0.04472	0.70954	0.05367	0.02542	0.01036	0.00330	0.00471	0.02307	0.00753	0.00659
24	0.02292	0.16710	0.18205	0.02410	0.08921	0.08508	0.10780	0.17235	0.02299	0.03004	0.01523	0.01760	0.01170	0.00793	0.00757	0.00234	0.01086	0.00653	0.00478	0.01180
25	0.01620	0.01997	0.12425	0.02289	0.02738	0.01861	0.19113	0.02085	0.01519	0.02207	0.01597	0.02279	0.01377	0.02426	0.20313	0.00584	0.21425	0.00808	0.00391	0.00946
26	0.00959	0.00822	0.00822	0.00822	0.01096	0.00685	0.00617	0.01165	0.01850	0.02192	0.08220	0.07809	0.66092	0.02055	0.00959	0.00274	0.00411	0.01713	0.00754	0.00685
27	0.02169	0.71972	0.04252	0.01388	0.02083	0.03211	0.01388	0.02430	0.01649	0.01909	0.01128	0.01302	0.01041	0.00694	0.00521	0.00174	0.00868	0.00434	0.00347	0.01041
28	0.01931	0.01867	0.03238	0.14786	0.53936	0.01915	0.05563	0.02432	0.01817	0.02560	0.01519	0.02041	0.01251	0.00735	0.00812	0.00247	0.01003	0.00735	0.00396	0.01217
29	0.01103	0.00828	0.01022	0.00973	0.01185	0.00746	0.00730	0.01444	0.02190	0.03001	0.52223	0.06478	0.21584	0.01753	0.00957	0.00260	0.00390	0.01526	0.00860	0.00746
30	0.01887	0.01118	0.01156	0.01021	0.01320	0.01176	0.00800	0.16627	0.02205	0.03523	0.02480	0.02768	0.01913	0.00952	0.00625	0.00202	0.00501	0.00750	0.58070	0.00905
31	0.01180	0.00787	0.00885	0.00885	0.00885	0.00787	0.00492	0.01180	0.01180	0.01573	0.02557	0.05310	0.02950	0.71483	0.04130	0.00787	0.00787	0.01180	0.00492	0.00492
32	0.01029	0.00825	0.00919	0.00895	0.01139	0.00715	0.00672	0.01300	0.02015	0.02584	0.29562	0.07163	0.44505	0.01909	0.00958	0.00267	0.00401	0.01622	0.00805	0.00715
33	0.00989	0.00706	0.00942	0.01130	0.01177	0.00659	0.00753	0.01130	0.01554	0.02071	0.04472	0.70954	0.05367	0.02542	0.01036	0.00330	0.00471	0.02307	0.00753	0.00659
34	0.00989	0.00706	0.00942	0.01130	0.01177	0.00659	0.00753	0.01130	0.01554	0.02071	0.04472	0.70954	0.05367	0.02542	0.01036	0.00330	0.00471	0.02307	0.00753	0.00659
35	0.03641	0.01381	0.01883	0.01444	0.02071	0.01193	0.01193	0.03954	0.02322	0.66984	0.03201	0.02762	0.02009	0.01004	0.00816	0.00251	0.00690	0.00816	0.01004	0.01381
36	0.77215	0.01569	0.01193	0.01067	0.01569	0.01820	0.00879	0.02385	0.01381	0.03641	0.01130	0.01318	0.00879	0.00753	0.00502	0.00251	0.00628	0.00439	0.00502	0.00879
37	0.77215	0.01569	0.01193	0.01067	0.01569	0.01820	0.00879	0.02385	0.01381	0.03641	0.01130	0.01318	0.00879	0.00753	0.00502	0.00251	0.00628	0.00439	0.00502	0.00879
38	0.00989	0.00706	0.00942	0.01130	0.01177	0.00659	0.00753	0.01130	0.01554	0.02071	0.04472	0.70954	0.05367	0.02542	0.01036	0.00330	0.00471	0.02307	0.00753	0.00659
39	0.77215	0.01569	0.01193	0.01067	0.01569	0.01820	0.00879	0.02385	0.01381	0.03641	0.01130	0.01318	0.00879	0.00753	0.00502	0.00251	0.00628	0.00439	0.00502	0.00879
40	0.01627	0.04197	0.67279	0.02313	0.03512	0.01884	0.02998	0.02570	0.01713	0.02570	0.01456	0.01713	0.01028	0.00771	0.00771	0.00257	0.01199	0.00600	0.00343	0.01199
41	0.01532	0.01442	0.02434	0.69533	0.05589	0.01803	0.02253	0.02073	0.01622	0.02073	0.01442	0.02163	0.01082	0.00811	0.00811	0.00270	0.01082	0.00721	0.00361	0.00901
42	0.00989	0.00706	0.00942	0.01130	0.01177	0.00659	0.00753	0.01130	0.01554	0.02071	0.04472	0.70954	0.05367	0.02542	0.01036	0.00330	0.00471	0.02307	0.00753	0.00659
43	0.02787	0.03405	0.02536	0.02779	0.17742	0.52424	0.01788	0.03061	0.02192	0.02144	0.01319	0.01593	0.01102	0.00809	0.00749	0.00217	0.01344	0.00570	0.00414	0.01023
44	0.01599	0.01516	0.02147	0.01894	0.01935	0.02064	0.01557	0.01808	0.01260	0.01933	0.01383	0.02180	0.01341	0.02756	0.21453	0.00627	0.50572	0.00756	0.00378	0.00841
45	0.06199	0.02559	0.02776	0.06389	0.36114	0.24312	0.02044	0.05485	0.02056	0.02564	0.01430	0.01793	0.01179	0.00778	0.00765	0.00232	0.01117	0.00641	0.00429	0.01136
46	0.02169	0.71972	0.04252	0.01388	0.02083	0.03211	0.01388	0.02430	0.01649	0.01909	0.01128	0.01302	0.01041	0.00694	0.00521	0.00174	0.00868	0.00434	0.00347	0.01041
47	0.00959	0.00822	0.00822	0.00822	0.01096	0.00685	0.00617	0.01165	0.01850	0.02192	0.08220	0.07809	0.66092	0.02055	0.00959	0.00274	0.00411	0.01713	0.00754	0.00685
48	0.02008	0.01928	0.03294	0.04981	0.66422	0.01928	0.02490	0.02490	0.01848	0.02651	0.01526	0.02008	0.01285	0.00723	0.00803	0.00241	0.00964	0.00723	0.00402	0.01285
49	0.00982	0.00734	0.00913	0.01056	0.01158	0.00665	0.00721	0.01138	0.01624	0.02100	0.05366	0.55903	0.19841	0.02426	0.01017	0.00316	0.00457	0.02165	0.00753	0.00665
50	0.02008	0.01928	0.03294	0.04981	0.66422	0.01928	0.02490	0.02490	0.01848	0.02651	0.01526	0.02008	0.01285	0.00723	0.00803	0.00241	0.00964	0.00723	0.00402	0.01285
51	0.00989	0.00706	0.00942	0.01130	0.01177	0.00659	0.00753	0.01130	0.01554	0.02071	0.04472	0.70954	0.05367	0.02542	0.01036	0.00330	0.00471	0.02307	0.00753	0.00659
52	0.01157	0.00867	0.01175	0.01449	0.07289	0.00835	0.00896	0.01320	0.01536	0.02045	0.03927	0.39923	0.07648	0.18750	0.01755	0.00431	0.00614	0.07039	0.00657	0.00687
53	0.02018	0.01743	0.01835	0.01651	0.02110	0.02018	0.01284	0.04312	0.64956	0.03394	0.03303	0.03027	0.02477	0.01101	0.00826	0.00275	0.00642	0.00917	0.00826	0.01284
54	0.02954	0.10458	0.02523	0.01976	0.02467	0.49006	0.01545	0.14787	0.02525	0.02580	0.01375	0.01540	0.01109	0.00848	0.00726	0.00212	0.01293	0.00554	0.00487	0.01035
55	0.00999	0.00735	0.00937	0.01073	0.01168	0.00673	0.00734	0.01173	0.01669	0.02202	0.10894	0.55211	0.14786	0.02384	0.01017	0.00314	0.00453	0.02137	0.00767	0.00673
56	0.01038	0.00825	0.00932	0.00905	0.01145	0.00719	0.00679	0.01318	0.02037	0.02637	0.32424	0.07077	0.41611	0.01889	0.00958	0.00266	0.00399	0.01610	0.00812	0.00719
57	0.03085	0.02273	0.02435	0.01867	0.02516	0.02516	0.01542	0.63716	0.03815	0.05114	0.01948	0.01948	0.01380	0.00974	0.00812	0.00244	0.00893	0.00731	0.00812	0.01380
58	0.01627	0.04197	0.67279	0.02313	0.03512	0.01884	0.02998	0.02570	0.01713	0.02570	0.01456	0.01713	0.01028	0.00771	0.00771	0.00257	0.01199	0.00600	0.00343	0.01199
59	0.01922	0.02102	0.08376	0.10227	0.46170	0.01934	0.12357	0.02477	0.01828	0.02585	0.01532	0.02028	0.01239	0.00728	0.00826	0.00250	0.01058	0.00751	0.00395	0.01214
60	0.02274	0.01870	0.01979	0.01703	0.02207	0.02138	0.01346	0.18541	0.50311	0.03806	0.02978	0.02769	0.02214	0.01070	0.00822	0.00268	0.00702	0.00873	0.00822	0.01307
61	0.01159	0.00869	0.01304	0.01304	0.01449	0.01014	0.01014	0.01449	0.01304	0.01884	0.02173	0.03188	0.02029	0.06086	0.68268	0.01304	0.02173	0.00869	0.00435	0.00724
62	0.00963	0.00805	0.00839	0.00866	0.01108	0.00681	0.00636	0.01160	0.01807	0.02175	0.07685	0.16826	0.57421	0.02125	0.00970	0.00282	0.00420	0.01797	0.00753	0.00681
63	0.01627	0.04197	0.67279	0.02313	0.03512	0.01884	0.02998	0.02570	0.01713	0.02570	0.01456	0.01713	0.01028	0.00771	0.00771	0.00257	0.01199	0.00600	0.00343	0.01199
64	0.01159	0.00869	0.01304	0.01304	0.01449	0.01014	0.01014	0.01449	0.01304	0.01884	0.02173	0.03188	0.02029	0.06086	0.68268	0.01304	0.02173	0.00869	0.00435	0.00724
65	0.01159	0.00869	0.01304	0.01304	0.01449	0.01014	0.01014	0.01449	0.01304	0.01884	0.02173	0.03188	0.02029	0.06086	0.68268	0.01304	0.02173	0.00869	0.00435	0.00724
66	0.01513	0.00756	0.00756	0.00756	0.00945	0.00756	0.00567	0.01891	0.01702	0.03025	0.02647	0.03025	0.02080	0.00945	0.00567	0.00189	0.00378	0.00756	0.75988	0.00756
67	0.03031	0.03867	0.02299	0.02090	0.02508	0.68226	0.01568	0.03240	0.02299	0.01986	0.01254	0.01463	0.01045	0.00836	0.00732	0.00209	0.01463	0.00523	0.00418	0.00941
68	0.01273	0.01037	0.01523	0.01457	0.01575	0.01287	0.01155	0.01542	0.01293	0.01896	0.01968	0.02926	0.01850	0.05222	0.56120	0.01128	0.14732	0.00840	0.00420	0.00755
69	0.00978	0.00746	0.00901	0.01025	0.01149	0.00668	0.00706	0.01142	0.01655	0.02113	0.05754	0.49366	0.26128	0.02376	0.01009	0.00311	0.00450	0.02104	0.00753	0.00668
70	0.01891	0.01806	0.03057	0.14750	0.54294	0.01856	0.02375	0.02370	0.01813	0.02543	0.01796	0.02277	0.03988	0.00793	0.00811	0.00247	0.00959	0.00764	0.00410	0.01201
71	0.02458	0.01604	0.01792	0.01472	0.01948	0.01707	0.01182	0.25570	0.14205	0.13497	0.11355	0.03006	0.02653	0.01092	0.00797	0.00243	0.00665	0.00883	0.12692	0.01179
72	0.01180	0.00787	0.00885	0.00885	0.00885	0.00787	0.00492	0.01180	0.01180	0.01573	0.02557	0.05310	0.02950	0.71483	0.04130	0.00787	0.00787	0.01180	0.00492	0.00492
73	0.01847	0.02667	0.19683	0.03156	0.04067	0.02012	0.49060	0.02592	0.01867	0.02592	0.01597	0.02075	0.01183	0.00705	0.00913	0.00270	0.01328	0.00872	0.00394	0.01119
74	0.02062	0.23385	0.21493	0.05447	0.15403	0.11283	0.05283	0.02584	0.01807	0.02293	0.01355	0.01660	0.01097	0.00745	0.00710	0.00224	0.01095	0.00588	0.00370	0.01117
75	0.01166	0.00842	0.01164	0.01164	0.01260	0.00938	0.00839	0.01359	0.01262	0.01780	0.02302	0.03899	0.02337	0.27996	0.46780	0.01131	0.01709	0.00973	0.00454	0.00646
76	0.00959	0.00822	0.00822	0.00822	0.01096	0.00685	0.00617	0.01165	0.01850	0.02192	0.08220	0.07809	0.66092	0.02055	0.00959	0.00274	0.00411	0.01713	0.00754	0.00685
77	0.02008	0.01928	0.03294	0.04981	0.66422	0.01928	0.02490	0.02490	0.01848	0.02651	0.01526	0.02008	0.01285	0.00723	0.00803	0.00241	0.00964	0.00723	0.00402	0.01285
78	0.01898	0.01852	0.02948	0.19211	0.47095	0.04662	0.02314	0.02369	0.01816	0.02472	0.01794	0.02278	0.04115	0.00807	0.00809	0.00248	0.00987	0.00758	0.00409	0.01157
79	0.06118	0.03341	0.20560	0.11514	0.06038	0.31539	0.02078	0.02764	0.01934	0.02275	0.01335	0.01659	0.01048	0.00828	0.00820	0.00240	0.03918	0.00584	0.00390	0.01018
80	0.02008	0.01928	0.03294	0.04981	0.66422	0.01928	0.02490	0.02490	0.01848	0.02651	0.01526	0.02008	0.01285	0.00723	0.00803	0.00241	0.00964	0.00723	0.00402	0.01285
81	0.02694	0.09389	0.02726	0.02767	0.18803	0.45540	0.01788	0.02977	0.02126	0.02149	0.01313	0.01588	0.01106	0.00795	0.00731	0.00214	0.01283	0.00566	0.00408	0.01038
82	0.01963	0.01882	0.03213	0.11057	0.60696	0.01916	0.02468	0.02451	0.01826	0.02597	0.01518	0.02023	0.01266	0.00731	0.00804	0.00244	0.00975	0.00723	0.00398	0.01249
83	0.01749	0.07472	0.48480	0.02897	0.18426	0.01969	0.02786	0.02543	0.01742	0.02552	0.01454	0.01760	0.01090	0.00755	0.00765	0.00248	0.01124	0.00620	0.00357	0.01211
84	0.01134	0.00856	0.01065	0.01091	0.01307	0.00787	0.00870	0.01459	0.02038	0.02693	0.30781	0.07468	0.25053	0.01945	0.01003	0.00294	0.00493	0.18120	0.00809	0.00735
85	0.02426	0.49279	0.06342	0.01598	0.02244	0.18548	0.01490	0.02706	0.01841	0.05258	0.01277	0.01432	0.01091	0.00747	0.00597	0.00189	0.01015	0.00481	0.00397	0.01041
86	0.00959	0.00822	0.00822	0.00822	0.01096	0.00685	0.00617	0.01165	0.01850	0.02192	0.08220	0.07809	0.66092	0.02055	0.00959	0.00274	0.00411	0.01713	0.00754	0.00685
87	0.01683	0.01442	0.01683	0.01202	0.01923	0.01082	0.00961	0.02043	0.01683	0.02644	0.01442	0.01683	0.01202	0.00601	0.00601	0.00120	0.00601	0.00481	0.00481	0.76444
88	0.01171	0.00783	0.00888	0.00896	0.00899	0.00781	0.00504	0.01178	0.01198	0.01597	0.02646	0.08388	0.03063	0.68251	0.03985	0.00765	0.00772	0.01233	0.00504	0.00500
89	0.00976	0.00823	0.00845	0.00840	0.01106	0.00692	0.00630	0.01197	0.01889	0.02286	0.13324	0.07655	0.60930	0.02020	0.00959	0.00272	0.00409	0.01691	0.00766	0.00692
90	0.00959	0.00822	0.00822	0.00822	0.01096	0.00685	0.00617	0.01165	0.01850	0.02192	0.08220	0.07809	0.66092	0.02055	0.00959	0.00274	0.00411	0.01713	0.00754	0.00685
91	0.01308	0.00934	0.01308	0.01494	0.01681	0.00934	0.01308	0.01681	0.01868	0.02428	0.04296	0.09153	0.04670	0.02242	0.01121	0.00374	0.00747	0.60960	0.00747	0.00747
92	0.00989	0.00706	0.00942	0.01130	0.01177	0.00659	0.00753	0.01130	0.01554	0.02071	0.04472	0.70954	0.05367	0.02542	0.01036	0.00330	0.00471	0.02307	0.00753	0.00659
93	0.03085	0.02273	0.02435	0.01867	0.02516	0.02516	0.01542	0.63716	0.03815	0.05114	0.01948	0.01948	0.01380	0.00974	0.00812	0.00244	0.00893	0.00731	0.00812	0.01380
94	0.02169	0.71972	0.04252	0.01388	0.02083	0.03211	0.01388	0.02430	0.01649	0.01909	0.01128	0.01302	0.01041	0.00694	0.00521	0.00174	0.00868	0.00434	0.00347	0.01041
95	0.02169	0.71972	0.04252	0.01388	0.02083	0.03211	0.01388	0.02430	0.01649	0.01909	0.01128	0.01302	0.01041	0.00694	0.00521	0.00174	0.00868	0.00434	0.00347	0.01041
96	0.02018	0.01743	0.01835	0.01651	0.02110	0.02018	0.01284	0.04312	0.64956	0.03394	0.03303	0.03027	0.02477	0.01101	0.00826	0.00275	0.00642	0.00917	0.00826	0.01284
97	0.01159	0.00869	0.01304	0.01304	0.01449	0.01014	0.01014	0.01449	0.01304	0.01884	0.02173	0.03188	0.02029	0.06086	0.68268	0.01304	0.02173	0.00869	0.00435	0.00724
98	0.01627	0.04197	0.67279	0.02313	0.03512	0.01884	0.02998	0.02570	0.01713	0.02570	0.01456	0.01713	0.01028	0.00771	0.00771	0.00257	0.01199	0.00600	0.00343	0.01199
99	0.02245	0.02374	0.12096	0.03523	0.31212	0.02104	0.10716	0.19699	0.02391	0.03324	0.01651	0.01976	0.01269	0.00795	0.00823	0.00248	0.01032	0.00740	0.00510	0.01274
100	0.02201	0.01702	0.01840	0.01628	0.02106	0.01925	0.01274	0.04271	0.57884	0.10574	0.03291	0.02997	0.02424	0.01090	0.00825	0.00272	0.00648	0.00906	0.00846	0.01295
101	0.01041	0.00797	0.00955	0.00974	0.01161	0.00711	0.00708	0.01302	0.01956	0.02584	0.30239	0.22166	0.28443	0.02014	0.00976	0.00280	0.00414	0.01757	0.00809	0.00711
102	0.05568	0.05820	0.02091	0.04897	0.09406	0.13367	0.01400	0.12028	0.16370	0.03091	0.02337	0.02458	0.04144	0.00956	0.00738	0.00235	0.00839	0.00749	0.12423	0.01085
103	0.01179	0.00791	0.00906	0.00906	0.00914	0.00798	0.00518	0.01194	0.01186	0.01589	0.02537	0.05202	0.02903	0.68164	0.07385	0.00813	0.00857	0.01164	0.00489	0.00503
104	0.01073	0.00742	0.00916	0.01021	0.01048	0.00716	0.00637	0.01152	0.01388	0.01851	0.03623	0.41863	0.04296	0.33094	0.02407	0.00532	0.00611	0.01807	0.00637	0.00585
105	0.01794	0.03036	0.31637	0.17578	0.03870	0.08188	0.11487	0.02471	0.01736	0.02353	0.01427	0.01866	0.01075	0.00831	0.00971	0.00267	0.07301	0.00682	0.00365	0.01065
106	0.01747	0.08281	0.28397	0.24032	0.09492	0.05640	0.02372	0.02392	0.01723	0.02357	0.01485	0.01909	0.01127	0.00787	0.00754	0.00247	0.01084	0.00641	0.04473	0.01060
107	0.02787	0.03405	0.02536	0.02779	0.17742	0.52424	0.01788	0.03061	0.02192	0.02144	0.01319	0.01593	0.01102	0.00809	0.00749	0.00217	0.01344	0.00570	0.00414	0.01023
108	0.02742	0.03356	0.02427	0.02259	0.05970	0.52546	0.04734	0.02995	0.02137	0.02097	0.01334	0.01626	0.01116	0.00878	0.00907	0.00226	0.07336	0.00582	0.03777	0.00954
109	0.01168	0.00834	0.01125	0.01125	0.01208	0.00917	0.00791	0.01334	0.01251	0.01751	0.02337	0.04093	0.02422	0.33986	0.40905	0.01083	0.01582	0.01002	0.00459	0.00625
110	0.01180	0.00787	0.00885	0.00885	0.00885	0.00787	0.00492	0.01180	0.01180	0.01573	0.02557	0.05310	0.02950	0.71483	0.04130	0.00787	0.00787	0.01180	0.00492	0.00492
