[name]
unknown

[dist]
# distance from previous block
# <min> <max>
1	22

[block]
# block no. 0 follows, 21 sequences, length 7
# corresponding to MSA columns:
# 22-28
name=unknown_A
#
# <colnr> <probs for GDERKNQSTAVLIFYWHMCP>
#	G	D	E	R	K	N	Q	S	T	A	V	L	I	F	Y	W	H	M	C	P
0	0.01783	0.02116	0.07068	0.05916	0.06232	0.14977	0.01519	0.02096	0.01890	0.02262	0.04218	0.04335	0.26198	0.01485	0.01261	0.00286	0.13779	0.01112	0.00554	0.00913
1	0.02436	0.02816	0.02422	0.08964	0.09782	0.34552	0.01773	0.02730	0.01983	0.02151	0.01477	0.01976	0.01279	0.01733	0.10480	0.00415	0.10954	0.00672	0.00424	0.00983
2	0.01834	0.01884	0.01632	0.01564	0.01784	0.21582	0.01168	0.02068	0.01676	0.01963	0.02035	0.03093	0.01942	0.13709	0.37198	0.00931	0.01840	0.00844	0.00459	0.00796
3	0.01522	0.01160	0.01301	0.01192	0.01502	0.01133	0.00909	0.13872	0.02435	0.03193	0.20662	0.16134	0.27937	0.01897	0.00986	0.00285	0.00538	0.01617	0.00840	0.00886
4	0.02283	0.02087	0.01827	0.01610	0.01963	0.15651	0.01190	0.15063	0.17276	0.02980	0.02448	0.03386	0.02203	0.24036	0.01996	0.00446	0.00963	0.00925	0.00654	0.01013
5	0.01953	0.01829	0.04907	0.04609	0.05200	0.11093	0.01323	0.02533	0.08382	0.07906	0.18058	0.11893	0.03698	0.01322	0.00875	0.00252	0.00775	0.01123	0.00705	0.11563
6	0.01908	0.01552	0.01600	0.14297	0.02392	0.10565	0.01244	0.07372	0.01992	0.02845	0.02189	0.02689	0.01751	0.01708	0.09981	0.00387	0.01014	0.00765	0.32846	0.00903

[dist]
# distance from previous block
# <min> <max>
16	59

[block]
# block no. 1 follows, 21 sequences, length 35
# corresponding to MSA columns:
# 88-122
name=unknown_B
#
# <colnr> <probs for GDERKNQSTAVLIFYWHMCP>
#	G	D	E	R	K	N	Q	S	T	A	V	L	I	F	Y	W	H	M	C	P
0	0.04723	0.12351	0.36211	0.02096	0.02984	0.07710	0.04378	0.02712	0.05211	0.02590	0.01604	0.01892	0.01235	0.00940	0.00936	0.03321	0.03583	0.00640	0.03750	0.01132
1	0.20347	0.02961	0.29944	0.02196	0.02973	0.02106	0.09120	0.02521	0.01636	0.02850	0.01382	0.01764	0.01072	0.00930	0.01158	0.00291	0.14589	0.00654	0.00412	0.01096
2	0.01858	0.02194	0.13520	0.03919	0.41738	0.01770	0.02340	0.02425	0.02008	0.02892	0.14139	0.02904	0.02639	0.00963	0.00869	0.00259	0.00931	0.00893	0.00514	0.01224
3	0.02073	0.02206	0.08682	0.04576	0.52222	0.02029	0.02511	0.02840	0.09033	0.02863	0.01810	0.02203	0.01469	0.00809	0.00842	0.00258	0.00993	0.00771	0.00467	0.01340
4	0.01432	0.00785	0.00858	0.00898	0.01037	0.00775	0.00630	0.01707	0.01667	0.02738	0.03104	0.16708	0.02953	0.09405	0.01220	0.02867	0.00477	0.01168	0.48846	0.00726
5	0.01085	0.00777	0.01030	0.01152	0.01245	0.00723	0.00794	0.01305	0.01851	0.02526	0.21687	0.51533	0.06313	0.02402	0.01063	0.00323	0.00467	0.02168	0.00832	0.00723
6	0.01722	0.01625	0.02690	0.37059	0.27074	0.01803	0.02256	0.02225	0.01816	0.02413	0.02369	0.02895	0.08552	0.00968	0.00866	0.00273	0.01007	0.00878	0.00442	0.01068
7	0.02006	0.21857	0.08028	0.01791	0.02197	0.06011	0.01630	0.05191	0.01705	0.02327	0.01499	0.01992	0.01331	0.01750	0.09847	0.00410	0.22846	0.00667	0.05916	0.01001
8	0.01105	0.00804	0.00984	0.01056	0.01166	0.00745	0.00714	0.01286	0.01760	0.02338	0.16888	0.33777	0.15555	0.15822	0.01702	0.00416	0.00531	0.01902	0.00765	0.00683
9	0.01139	0.01205	0.08496	0.01263	0.01513	0.00864	0.01045	0.01439	0.01829	0.02467	0.15270	0.41936	0.13903	0.02217	0.01028	0.00315	0.00557	0.01970	0.00766	0.00780
10	0.01622	0.01523	0.02509	0.49628	0.15285	0.01777	0.02206	0.02138	0.01769	0.02291	0.02352	0.02928	0.08510	0.00986	0.00867	0.00279	0.01032	0.00877	0.00433	0.00987
11	0.01077	0.00757	0.00976	0.01134	0.01173	0.00718	0.00735	0.01195	0.01551	0.02068	0.04290	0.56798	0.05124	0.16094	0.01732	0.00441	0.00560	0.02184	0.00735	0.00656
12	0.01804	0.02489	0.18134	0.16842	0.03872	0.02198	0.16003	0.02385	0.01669	0.02385	0.01439	0.02034	0.01152	0.01012	0.01491	0.00309	0.22561	0.00779	0.00384	0.01061
13	0.02021	0.02017	0.03042	0.27394	0.38344	0.07591	0.02439	0.02524	0.01895	0.02503	0.01544	0.02115	0.01250	0.00802	0.00839	0.00261	0.01101	0.00739	0.00407	0.01173
14	0.01821	0.17647	0.53434	0.02232	0.03383	0.02255	0.02806	0.02666	0.01783	0.02556	0.01458	0.01710	0.01081	0.00792	0.00756	0.00252	0.01188	0.00594	0.00360	0.01225
15	0.01091	0.00768	0.00988	0.01124	0.01176	0.00727	0.00736	0.01230	0.01615	0.02170	0.09200	0.51537	0.05319	0.16080	0.01729	0.00435	0.00552	0.02110	0.00747	0.00665
16	0.01540	0.05153	0.05987	0.01779	0.06865	0.06737	0.01337	0.01842	0.01684	0.02214	0.05431	0.14273	0.09827	0.05979	0.19043	0.00605	0.07092	0.01198	0.00547	0.00866
17	0.01849	0.01445	0.01544	0.01411	0.01702	0.06880	0.01077	0.13345	0.02181	0.05217	0.08436	0.11413	0.08031	0.07969	0.19604	0.00618	0.01184	0.01171	0.04008	0.00913
18	0.01160	0.00909	0.01140	0.01199	0.01281	0.00941	0.00839	0.01301	0.01587	0.02095	0.04723	0.38594	0.16443	0.13837	0.01817	0.00418	0.08425	0.01900	0.00695	0.00695
19	0.01235	0.00852	0.01175	0.01398	0.04580	0.00797	0.00907	0.01435	0.01761	0.05172	0.10570	0.56578	0.05494	0.02400	0.01055	0.00329	0.00522	0.02173	0.00798	0.00771
20	0.02824	0.03418	0.02631	0.02768	0.14297	0.47065	0.01852	0.03093	0.02194	0.02210	0.01346	0.01680	0.01146	0.00926	0.01016	0.00243	0.09203	0.00610	0.00428	0.01048
21	0.17001	0.01858	0.05143	0.02219	0.14459	0.04287	0.01518	0.14095	0.02322	0.03551	0.16064	0.02989	0.02858	0.01513	0.06238	0.00350	0.00922	0.00877	0.00647	0.01089
22	0.13656	0.08760	0.15207	0.02568	0.15064	0.15144	0.01991	0.09181	0.05546	0.03033	0.01580	0.01809	0.01237	0.00844	0.00749	0.00247	0.01076	0.00631	0.00494	0.01181
23	0.02044	0.01946	0.02074	0.09334	0.12403	0.14679	0.01533	0.08492	0.02058	0.02626	0.02360	0.15795	0.02340	0.06970	0.01252	0.00317	0.04711	0.01089	0.07006	0.00971
24	0.02334	0.02088	0.02149	0.02214	0.12646	0.14618	0.01460	0.15291	0.02292	0.02971	0.01811	0.05105	0.01569	0.01303	0.01230	0.13288	0.00942	0.00756	0.04680	0.11252
25	0.02217	0.02472	0.04773	0.05141	0.18799	0.22427	0.01802	0.02766	0.07211	0.02436	0.01796	0.02242	0.01510	0.01969	0.14168	0.00466	0.01399	0.00721	0.00473	0.05213
26	0.01982	0.22208	0.15580	0.02267	0.12979	0.02220	0.01865	0.02759	0.10479	0.02642	0.01801	0.02035	0.01454	0.00989	0.02776	0.00258	0.00947	0.00650	0.04328	0.09781
27	0.08478	0.06747	0.01957	0.09185	0.02287	0.12723	0.01313	0.08448	0.02060	0.02966	0.05315	0.02435	0.01832	0.01016	0.00920	0.00244	0.07806	0.00729	0.22583	0.00957
28	0.01782	0.07343	0.02090	0.01623	0.01925	0.01638	0.04579	0.09095	0.01988	0.05795	0.11726	0.12453	0.03153	0.02793	0.18484	0.00574	0.10238	0.01140	0.00631	0.00947
29	0.01785	0.01834	0.09011	0.01740	0.07057	0.06952	0.01359	0.08965	0.02196	0.06017	0.06829	0.15366	0.24190	0.01652	0.00936	0.00280	0.00754	0.01391	0.00705	0.00978
30	0.02229	0.15837	0.02730	0.01848	0.02325	0.15016	0.06605	0.10549	0.02150	0.02649	0.02128	0.15836	0.02120	0.01255	0.00977	0.00254	0.06542	0.01001	0.00553	0.07396
31	0.02524	0.02242	0.02131	0.01713	0.02323	0.12667	0.01358	0.23682	0.09783	0.03634	0.02049	0.05318	0.01669	0.00970	0.00781	0.00217	0.00887	0.00751	0.00672	0.24631
32	0.02514	0.02979	0.12341	0.02678	0.12950	0.20612	0.07095	0.16382	0.02533	0.03117	0.02198	0.02398	0.06448	0.00972	0.00845	0.00252	0.01170	0.00787	0.00547	0.01184
33	0.07842	0.19035	0.02649	0.01702	0.02250	0.20867	0.01396	0.14760	0.06408	0.02958	0.01969	0.02211	0.04210	0.04524	0.00911	0.00256	0.01025	0.00681	0.00561	0.03784
34	0.10541	0.05634	0.07510	0.13373	0.07486	0.10550	0.01581	0.07137	0.01948	0.02636	0.02576	0.03202	0.09638	0.11208	0.01314	0.00342	0.00970	0.00874	0.00517	0.00962

[dist]
# distance from previous block
# <min> <max>
29	125

[block]
# block no. 2 follows, 21 sequences, length 9
# corresponding to MSA columns:
# 258-266
name=unknown_C
#
# <colnr> <probs for GDERKNQSTAVLIFYWHMCP>
#	G	D	E	R	K	N	Q	S	T	A	V	L	I	F	Y	W	H	M	C	P
0	0.09111	0.02053	0.01868	0.05211	0.02146	0.18746	0.01337	0.02378	0.01827	0.07076	0.02838	0.03261	0.12104	0.05933	0.07289	0.00411	0.14063	0.00898	0.00544	0.00908
1	0.05211	0.02461	0.10501	0.02657	0.17703	0.13356	0.01873	0.10754	0.04918	0.03030	0.07676	0.02537	0.02053	0.01674	0.09504	0.00400	0.01206	0.00796	0.00552	0.01139
2	0.09350	0.02429	0.10463	0.10893	0.02862	0.12029	0.01696	0.18969	0.02356	0.03198	0.01595	0.01968	0.01246	0.01198	0.01165	0.11583	0.01028	0.00667	0.00536	0.04769
3	0.06871	0.05830	0.14636	0.01769	0.02395	0.01811	0.06264	0.06595	0.16848	0.07444	0.07112	0.02925	0.02308	0.05363	0.01028	0.00297	0.00842	0.00866	0.07657	0.01139
4	0.01970	0.06157	0.02393	0.02562	0.20422	0.06197	0.01584	0.02812	0.15647	0.02884	0.08332	0.02991	0.06321	0.01012	0.00809	0.00233	0.00797	0.00863	0.00607	0.15406
5	0.11388	0.09053	0.12733	0.01684	0.02211	0.20343	0.01528	0.02434	0.01970	0.02553	0.07560	0.11155	0.07184	0.01289	0.00817	0.00262	0.00983	0.03346	0.00554	0.00954
6	0.13828	0.05017	0.20022	0.02120	0.10606	0.01765	0.01839	0.02796	0.09178	0.09868	0.03012	0.03041	0.11291	0.01075	0.00801	0.00267	0.00858	0.00860	0.00599	0.01157
7	0.09323	0.06638	0.05534	0.01806	0.04917	0.09541	0.01440	0.22524	0.05244	0.03516	0.02925	0.11495	0.09003	0.01291	0.00837	0.00265	0.00872	0.01026	0.00681	0.01120
8	0.01858	0.01676	0.07254	0.05741	0.16075	0.03959	0.01534	0.06771	0.01960	0.02973	0.02167	0.02638	0.01740	0.01554	0.08563	0.00365	0.00956	0.00772	0.30425	0.01019

[dist]
# distance from previous block
# <min> <max>
7	8

[block]
# block no. 3 follows, 21 sequences, length 12
# corresponding to MSA columns:
# 275-286
name=unknown_D
#
# <colnr> <probs for GDERKNQSTAVLIFYWHMCP>
#	G	D	E	R	K	N	Q	S	T	A	V	L	I	F	Y	W	H	M	C	P
0	0.01699	0.01509	0.06804	0.05420	0.16724	0.01259	0.01492	0.02118	0.02084	0.09463	0.19126	0.04951	0.21046	0.01437	0.00928	0.00270	0.00691	0.01246	0.00713	0.01019
1	0.01461	0.01774	0.16918	0.01436	0.01940	0.01108	0.01423	0.01927	0.02018	0.07120	0.17726	0.10799	0.21449	0.01719	0.00971	0.00293	0.00690	0.07568	0.00734	0.00925
2	0.02226	0.03386	0.24683	0.03270	0.19594	0.18289	0.11046	0.02854	0.02019	0.02568	0.01521	0.01884	0.01184	0.00799	0.00835	0.00255	0.01288	0.00697	0.00406	0.01197
3	0.01988	0.01901	0.03240	0.20153	0.50781	0.01991	0.02553	0.02508	0.01882	0.02636	0.01580	0.02145	0.01297	0.00780	0.00844	0.00260	0.01040	0.00758	0.00411	0.01252
4	0.01618	0.01547	0.02149	0.10513	0.02508	0.05376	0.04648	0.01906	0.01522	0.02104	0.02070	0.13125	0.02099	0.02728	0.17843	0.00589	0.25262	0.01058	0.00467	0.00867
5	0.01073	0.00856	0.00964	0.00984	0.01220	0.00748	0.00737	0.01330	0.02006	0.02538	0.19931	0.14961	0.42165	0.02136	0.01024	0.00296	0.00452	0.05021	0.00821	0.00737
6	0.08841	0.13338	0.31171	0.02399	0.06593	0.07209	0.10084	0.02652	0.01817	0.02622	0.01494	0.01832	0.01161	0.01058	0.03992	0.00307	0.01232	0.00651	0.00399	0.01147
7	0.01934	0.03628	0.41721	0.03291	0.22866	0.06441	0.02873	0.02717	0.01883	0.02680	0.01536	0.01876	0.01164	0.00797	0.00816	0.00261	0.01199	0.00664	0.00384	0.01268
8	0.02193	0.02507	0.09606	0.03714	0.35480	0.11996	0.02255	0.03000	0.11663	0.02774	0.01993	0.02541	0.01661	0.00927	0.00848	0.00262	0.01054	0.03766	0.00506	0.01253
9	0.11253	0.01129	0.01218	0.01155	0.01435	0.01155	0.00873	0.09714	0.02152	0.03256	0.16867	0.20284	0.11212	0.01674	0.00876	0.00276	0.00532	0.01420	0.12653	0.00866
10	0.10611	0.02758	0.10708	0.02284	0.10556	0.22005	0.01744	0.08348	0.02163	0.09455	0.01672	0.01942	0.01293	0.01115	0.01069	0.08909	0.01100	0.00652	0.00531	0.01084
11	0.01775	0.01671	0.01747	0.15410	0.02578	0.11801	0.01342	0.08292	0.02022	0.02471	0.03432	0.21947	0.10836	0.06980	0.01263	0.00333	0.03247	0.01362	0.00618	0.00871

[dist]
# distance from previous block
# <min> <max>
0	1

[block]
# block no. 4 follows, 21 sequences, length 22
# corresponding to MSA columns:
# 288-309
name=unknown_E
#
# <colnr> <probs for GDERKNQSTAVLIFYWHMCP>
#	G	D	E	R	K	N	Q	S	T	A	V	L	I	F	Y	W	H	M	C	P
0	0.01185	0.00912	0.01111	0.01184	0.01422	0.00839	0.00970	0.01498	0.02010	0.02550	0.14289	0.08535	0.32121	0.02182	0.01076	0.00328	0.00574	0.25651	0.00807	0.00757
1	0.02212	0.01569	0.01781	0.01567	0.01960	0.04835	0.01241	0.13159	0.14135	0.11362	0.02595	0.02922	0.02049	0.03105	0.26180	0.00686	0.01370	0.00863	0.05309	0.01100
2	0.02039	0.01724	0.02593	0.02837	0.21351	0.01728	0.09578	0.05414	0.15012	0.08157	0.03756	0.03790	0.15875	0.01187	0.00907	0.00274	0.00838	0.01076	0.00671	0.01192
3	0.01241	0.00966	0.01151	0.01248	0.01412	0.00970	0.00878	0.01833	0.13545	0.02457	0.04975	0.48616	0.12840	0.02307	0.01033	0.00327	0.00520	0.02056	0.00805	0.00821
4	0.01177	0.00858	0.01086	0.01197	0.01337	0.00813	0.00901	0.01410	0.01790	0.02333	0.09990	0.25698	0.15512	0.12542	0.01580	0.00415	0.00613	0.19280	0.00759	0.00707
5	0.02932	0.03541	0.10131	0.02264	0.02893	0.37937	0.06280	0.18152	0.02713	0.03037	0.01556	0.01752	0.01198	0.00894	0.00811	0.00239	0.01342	0.00647	0.00533	0.01148
6	0.04966	0.02488	0.19524	0.24573	0.21924	0.01973	0.07523	0.02496	0.01809	0.02601	0.01545	0.02063	0.01185	0.00799	0.00836	0.00270	0.01136	0.00732	0.00396	0.01159
7	0.01788	0.01334	0.01581	0.01530	0.01836	0.01420	0.01225	0.13074	0.13981	0.03094	0.03895	0.15578	0.07365	0.01965	0.01208	0.06435	0.00720	0.20233	0.00779	0.00961
8	0.02711	0.01980	0.02173	0.01745	0.02301	0.04744	0.01417	0.36587	0.03042	0.09096	0.02130	0.02362	0.01624	0.02195	0.15660	0.00495	0.01223	0.00777	0.00734	0.07005
9	0.01101	0.00790	0.00980	0.01076	0.01161	0.00739	0.00714	0.01257	0.01679	0.02233	0.12584	0.39891	0.11962	0.17666	0.01797	0.00437	0.00549	0.01967	0.00748	0.00670
10	0.12115	0.06105	0.02578	0.05277	0.18321	0.05669	0.01760	0.12024	0.15939	0.03318	0.01949	0.02153	0.01532	0.00961	0.00949	0.00268	0.06531	0.00736	0.00592	0.01221
11	0.01882	0.20719	0.03521	0.07348	0.14233	0.02136	0.16315	0.02343	0.01948	0.02589	0.12649	0.06076	0.02632	0.01014	0.00841	0.00251	0.00963	0.00954	0.00513	0.01071
12	0.01421	0.00926	0.01147	0.01177	0.01425	0.00835	0.00915	0.01687	0.01967	0.09448	0.10748	0.21567	0.26849	0.02156	0.01044	0.00319	0.00552	0.14173	0.00830	0.00815
13	0.01116	0.00800	0.01074	0.01176	0.01260	0.00793	0.00814	0.01311	0.01638	0.02240	0.11907	0.41242	0.04988	0.10810	0.14088	0.00586	0.00863	0.01880	0.00714	0.00700
14	0.02111	0.02135	0.06430	0.02044	0.02567	0.10330	0.12989	0.15694	0.02452	0.03222	0.14065	0.03102	0.02765	0.02104	0.13591	0.00474	0.01286	0.00953	0.00626	0.01059
15	0.01161	0.00752	0.00944	0.01097	0.01180	0.00714	0.00746	0.01365	0.01664	0.02398	0.04259	0.54596	0.04852	0.02289	0.00976	0.00312	0.00472	0.02053	0.17456	0.00714
16	0.02037	0.01685	0.01680	0.01485	0.01826	0.10308	0.01161	0.17029	0.02461	0.03323	0.16125	0.03426	0.03152	0.02526	0.17631	0.00529	0.01168	0.00951	0.10518	0.00977
17	0.01924	0.15732	0.44829	0.02557	0.10210	0.05441	0.02714	0.02695	0.01831	0.02553	0.01465	0.01743	0.01112	0.00792	0.00764	0.00250	0.01183	0.00609	0.00371	0.01225
18	0.01895	0.01871	0.03301	0.04145	0.42052	0.01819	0.13615	0.02390	0.01952	0.02686	0.02853	0.03208	0.12385	0.00995	0.00902	0.00265	0.00991	0.00987	0.00488	0.01199
19	0.01119	0.00859	0.01025	0.00999	0.01223	0.00764	0.00743	0.01435	0.02184	0.02917	0.39684	0.10976	0.29083	0.01954	0.01010	0.00280	0.00418	0.01690	0.00873	0.00764
20	0.02301	0.01945	0.02752	0.20394	0.23974	0.02124	0.02086	0.22965	0.02590	0.03487	0.02145	0.02486	0.05050	0.00956	0.00857	0.00264	0.00983	0.00822	0.00581	0.01239
21	0.03090	0.03886	0.02499	0.02445	0.07811	0.61288	0.01725	0.03333	0.02372	0.02141	0.01339	0.01582	0.01117	0.00867	0.00774	0.00222	0.01491	0.00566	0.00437	0.01017

[dist]
# distance from previous block
# <min> <max>
0	1

[block]
# block no. 5 follows, 21 sequences, length 18
# corresponding to MSA columns:
# 311-328
name=unknown_F
#
# <colnr> <probs for GDERKNQSTAVLIFYWHMCP>
#	G	D	E	R	K	N	Q	S	T	A	V	L	I	F	Y	W	H	M	C	P
0	0.02106	0.02022	0.03454	0.05223	0.64784	0.02022	0.02612	0.02612	0.01938	0.02780	0.01601	0.02106	0.01348	0.00758	0.00842	0.00253	0.01011	0.00758	0.00421	0.01348
1	0.05663	0.56747	0.07752	0.01574	0.02295	0.09692	0.01552	0.02642	0.01790	0.02134	0.01217	0.01409	0.01084	0.00751	0.00583	0.00195	0.00983	0.00475	0.00379	0.01083
2	0.01027	0.00779	0.00948	0.01084	0.01208	0.00700	0.00745	0.01196	0.01726	0.02212	0.05917	0.50394	0.23980	0.02507	0.01061	0.00327	0.00474	0.02225	0.00790	0.00700
3	0.01215	0.00851	0.01093	0.01108	0.01167	0.00902	0.00736	0.01337	0.01314	0.01808	0.02683	0.09485	0.02928	0.41812	0.26903	0.00988	0.01332	0.01206	0.00514	0.00618
4	0.02176	0.02096	0.02594	0.03460	0.35231	0.13394	0.01911	0.02553	0.02058	0.06837	0.03214	0.03396	0.15238	0.01107	0.00866	0.00255	0.00959	0.00955	0.00549	0.01151
5	0.01701	0.01151	0.01343	0.01290	0.01596	0.01144	0.00964	0.02478	0.17518	0.11419	0.08636	0.25747	0.17829	0.01887	0.00975	0.00302	0.00552	0.01638	0.00855	0.00976
6	0.01160	0.00838	0.01005	0.01025	0.01126	0.00820	0.00681	0.01298	0.01537	0.02032	0.08865	0.14186	0.15677	0.33147	0.12277	0.00694	0.00888	0.01477	0.00629	0.00637
7	0.01094	0.00778	0.01014	0.01134	0.01211	0.00729	0.00765	0.01283	0.01761	0.02392	0.17610	0.49093	0.05898	0.09356	0.01400	0.00377	0.00507	0.02105	0.00794	0.00698
8	0.01126	0.00867	0.00991	0.01052	0.01244	0.00789	0.00786	0.01332	0.01785	0.02219	0.06298	0.14277	0.35084	0.14555	0.01651	0.00412	0.00581	0.13519	0.00739	0.00692
9	0.11798	0.02007	0.02969	0.04279	0.48980	0.05286	0.02255	0.02580	0.01900	0.02864	0.01731	0.02495	0.01522	0.00878	0.00820	0.00262	0.00976	0.04703	0.00461	0.01235
10	0.01321	0.00880	0.01161	0.01187	0.01324	0.00967	0.00893	0.01615	0.01552	0.02396	0.02912	0.17790	0.02869	0.03661	0.28746	0.00733	0.04300	0.01199	0.23730	0.00763
11	0.01127	0.00792	0.01008	0.01094	0.01166	0.00751	0.00724	0.01296	0.01712	0.02330	0.18090	0.38685	0.05550	0.19444	0.01885	0.00448	0.00556	0.01916	0.00755	0.00673
12	0.02044	0.05166	0.02122	0.01822	0.02032	0.21734	0.01428	0.02261	0.01675	0.02000	0.01654	0.02500	0.01577	0.08948	0.20330	0.00641	0.20005	0.00764	0.00429	0.00868
13	0.01904	0.01917	0.04828	0.02507	0.16541	0.10187	0.01653	0.07111	0.01963	0.02597	0.05032	0.14619	0.02504	0.02290	0.13120	0.00483	0.08099	0.01088	0.00548	0.01011
14	0.02334	0.17541	0.02577	0.10353	0.02652	0.24169	0.01489	0.08590	0.02234	0.02457	0.02887	0.03012	0.14146	0.01118	0.00787	0.00237	0.01057	0.00833	0.00529	0.00996
15	0.09657	0.15661	0.10978	0.02201	0.08224	0.31389	0.01778	0.02890	0.02048	0.02390	0.01676	0.01888	0.04075	0.00882	0.00727	0.00230	0.01200	0.00611	0.00438	0.01056
16	0.01922	0.01764	0.05482	0.15883	0.08940	0.01762	0.09814	0.06753	0.12782	0.05660	0.02727	0.10244	0.02446	0.01278	0.00938	0.00299	0.00945	0.08626	0.00632	0.01104
17	0.01604	0.01337	0.02126	0.16114	0.21979	0.01389	0.01665	0.01920	0.01849	0.02534	0.16667	0.03635	0.07208	0.01500	0.01343	0.13849	0.00805	0.01008	0.00549	0.00918

[dist]
# distance from previous block
# <min> <max>
4	24

[block]
# block no. 6 follows, 21 sequences, length 21
# corresponding to MSA columns:
# 353-373
name=unknown_G
#
# <colnr> <probs for GDERKNQSTAVLIFYWHMCP>
#	G	D	E	R	K	N	Q	S	T	A	V	L	I	F	Y	W	H	M	C	P
0	0.02571	0.02911	0.02145	0.02034	0.04829	0.35651	0.01490	0.03566	0.23617	0.02646	0.02729	0.02724	0.07278	0.01083	0.00826	0.00251	0.01114	0.00812	0.00619	0.01103
1	0.01814	0.01591	0.01657	0.01581	0.04091	0.06460	0.01178	0.10014	0.17353	0.02934	0.04376	0.04429	0.21014	0.02495	0.14601	0.00502	0.01045	0.01142	0.00707	0.01019
2	0.02935	0.22249	0.02990	0.01967	0.02508	0.42989	0.01590	0.08856	0.02378	0.02379	0.01350	0.01537	0.01129	0.00850	0.00714	0.00212	0.01304	0.00544	0.00458	0.01060
3	0.02048	0.11716	0.24292	0.02078	0.02806	0.14874	0.04793	0.02764	0.06642	0.02522	0.02218	0.03441	0.02004	0.01155	0.00857	0.00276	0.01134	0.12790	0.00506	0.01086
4	0.01106	0.00786	0.01024	0.01126	0.01213	0.00737	0.00765	0.01310	0.01810	0.02470	0.21440	0.44868	0.06046	0.09468	0.01403	0.00374	0.00502	0.02045	0.00803	0.00705
5	0.01352	0.00857	0.01096	0.01147	0.01325	0.00773	0.00817	0.01573	0.01897	0.09027	0.15335	0.41705	0.15361	0.02255	0.01035	0.00314	0.00492	0.02003	0.00843	0.00794
6	0.09891	0.01933	0.02157	0.04129	0.02409	0.02147	0.01445	0.38646	0.03055	0.07845	0.02063	0.02295	0.01558	0.02064	0.13963	0.00480	0.01172	0.00770	0.00735	0.01241
7	0.01362	0.00998	0.01208	0.01171	0.01368	0.00937	0.00814	0.05760	0.01845	0.02546	0.12873	0.30932	0.04537	0.18266	0.01774	0.00414	0.00608	0.01637	0.00715	0.10236
8	0.01238	0.00825	0.00928	0.00928	0.00928	0.00825	0.00516	0.01238	0.01238	0.01650	0.02681	0.05569	0.03094	0.70092	0.04331	0.00825	0.00825	0.01238	0.00516	0.00516
9	0.01256	0.00909	0.01206	0.07635	0.01642	0.00971	0.00917	0.01444	0.01510	0.02113	0.03282	0.30335	0.03661	0.21069	0.06988	0.00535	0.03873	0.01571	0.08387	0.00695
10	0.01566	0.01535	0.01346	0.01350	0.01606	0.14503	0.01036	0.01841	0.02087	0.02486	0.15920	0.14510	0.22435	0.01915	0.00998	0.00297	0.00729	0.12300	0.00742	0.00798
11	0.01483	0.00799	0.00837	0.00847	0.01040	0.00782	0.00628	0.01850	0.01828	0.03064	0.07832	0.08730	0.06488	0.01241	0.00686	0.00220	0.00406	0.01030	0.59425	0.00782
12	0.03119	0.02096	0.02303	0.01801	0.02432	0.02271	0.01476	0.44148	0.09396	0.14132	0.02422	0.02348	0.01701	0.01038	0.00839	0.00257	0.00847	0.00800	0.05174	0.01400
13	0.07868	0.28400	0.02827	0.01510	0.02099	0.02500	0.01316	0.12427	0.17834	0.03115	0.02800	0.02760	0.09148	0.01061	0.00731	0.00240	0.00777	0.00797	0.00634	0.01156
14	0.01183	0.00859	0.01201	0.01242	0.01342	0.00939	0.00897	0.01394	0.01396	0.01952	0.02861	0.17560	0.03049	0.18321	0.40615	0.01047	0.01618	0.01290	0.00537	0.00697
15	0.01191	0.00897	0.01261	0.01261	0.01415	0.00997	0.00958	0.01454	0.01428	0.01985	0.03122	0.04174	0.10116	0.12041	0.52329	0.01178	0.01904	0.01055	0.00504	0.00731
16	0.01369	0.00953	0.01110	0.01113	0.01346	0.00926	0.00874	0.04699	0.01991	0.02758	0.11833	0.06440	0.21415	0.06419	0.05321	0.00389	0.00663	0.13423	0.16173	0.00785
17	0.02009	0.11630	0.22523	0.24250	0.03966	0.13382	0.02342	0.02590	0.01837	0.02293	0.01421	0.01858	0.01104	0.00860	0.00885	0.00260	0.04700	0.00642	0.00381	0.01068
18	0.01900	0.02395	0.15571	0.02981	0.22832	0.08423	0.02146	0.02434	0.01951	0.02622	0.02376	0.04089	0.02269	0.01225	0.00906	0.00283	0.01023	0.17283	0.00520	0.06772
19	0.07425	0.14374	0.23142	0.02409	0.03269	0.10403	0.19082	0.02727	0.01898	0.02611	0.01522	0.01857	0.01174	0.00784	0.00787	0.00250	0.01209	0.00691	0.03260	0.01123
20	0.12556	0.02444	0.10057	0.12249	0.19378	0.14717	0.01959	0.02524	0.01912	0.02629	0.02353	0.02646	0.09167	0.00983	0.00800	0.00258	0.01040	0.00790	0.00473	0.01066

[dist]
# distance from previous block
# <min> <max>
1	29

[block]
# block no. 7 follows, 21 sequences, length 26
# corresponding to MSA columns:
# 403-428
name=unknown_H
#
# <colnr> <probs for GDERKNQSTAVLIFYWHMCP>
#	G	D	E	R	K	N	Q	S	T	A	V	L	I	F	Y	W	H	M	C	P
0	0.06822	0.01264	0.01669	0.01499	0.01841	0.01352	0.05647	0.02252	0.14030	0.02578	0.03486	0.06587	0.12194	0.03423	0.27639	0.00721	0.01335	0.01085	0.00612	0.03966
1	0.01952	0.01770	0.01995	0.02485	0.20453	0.13042	0.01481	0.02331	0.01858	0.02617	0.02062	0.02595	0.01727	0.01994	0.14105	0.00455	0.01166	0.00763	0.24162	0.00987
2	0.02440	0.03345	0.17698	0.02363	0.07893	0.29688	0.02008	0.07180	0.04956	0.02631	0.01957	0.05915	0.01730	0.01079	0.00842	0.00260	0.01231	0.05172	0.00511	0.01101
3	0.15453	0.01254	0.01236	0.01111	0.01435	0.01290	0.00827	0.11659	0.02014	0.02930	0.04605	0.05215	0.26269	0.19143	0.01744	0.00415	0.00659	0.01231	0.00681	0.00827
4	0.02140	0.26391	0.02875	0.01889	0.06847	0.15277	0.01442	0.02547	0.06263	0.02259	0.02127	0.15448	0.02149	0.01220	0.00866	0.00243	0.04457	0.00949	0.00512	0.04100
5	0.01494	0.01490	0.08441	0.01603	0.01911	0.01299	0.09458	0.01826	0.01518	0.02240	0.02258	0.03681	0.02175	0.26226	0.13105	0.00646	0.06282	0.00978	0.12573	0.00798
6	0.01191	0.00833	0.00915	0.00915	0.00973	0.00803	0.00542	0.01234	0.01380	0.01782	0.03885	0.06100	0.15530	0.56320	0.03657	0.00716	0.00745	0.01351	0.00571	0.00557
7	0.02185	0.08767	0.31020	0.03002	0.18690	0.16775	0.02541	0.02822	0.01967	0.02525	0.01471	0.01782	0.01151	0.00805	0.00788	0.00247	0.01232	0.00630	0.00393	0.01206
8	0.02391	0.38241	0.13458	0.01853	0.02540	0.19489	0.01799	0.02757	0.01887	0.02135	0.01267	0.01511	0.01093	0.00831	0.00798	0.00218	0.05741	0.00526	0.00383	0.01080
9	0.01804	0.01304	0.01445	0.01305	0.01699	0.01331	0.01011	0.02898	0.25511	0.10663	0.14143	0.05357	0.24924	0.01577	0.00934	0.00282	0.00555	0.01325	0.00873	0.01060
10	0.01913	0.01802	0.06562	0.01701	0.02411	0.01444	0.10776	0.08048	0.02026	0.03076	0.01803	0.02106	0.01420	0.00753	0.00717	0.00186	0.00793	0.00664	0.12550	0.39249
11	0.02323	0.06112	0.02205	0.10024	0.06838	0.21266	0.01515	0.05632	0.07413	0.07581	0.03133	0.03251	0.13075	0.01425	0.04273	0.00311	0.01082	0.00903	0.00598	0.01041
12	0.01127	0.00827	0.01057	0.01084	0.01245	0.00757	0.00781	0.01424	0.02100	0.02879	0.38422	0.27260	0.13700	0.02091	0.01031	0.00295	0.00435	0.01857	0.00872	0.00757
13	0.01511	0.00817	0.00910	0.00910	0.01099	0.00848	0.00690	0.01889	0.01700	0.02930	0.02675	0.03207	0.02170	0.02084	0.14000	0.00435	0.00778	0.00817	0.59742	0.00786
14	0.01962	0.01875	0.03194	0.23384	0.47751	0.01984	0.02540	0.02485	0.01869	0.02605	0.01575	0.02153	0.01286	0.00785	0.00845	0.00262	0.01047	0.00758	0.00409	0.01232
15	0.02679	0.27563	0.06782	0.01947	0.02504	0.35867	0.01679	0.02959	0.02054	0.02087	0.01266	0.01513	0.01095	0.00864	0.00837	0.00220	0.06112	0.00534	0.00403	0.01036
16	0.01079	0.00822	0.00993	0.01042	0.01218	0.00735	0.00746	0.01330	0.01978	0.02605	0.24769	0.29240	0.25954	0.02205	0.01033	0.00302	0.00444	0.01935	0.00836	0.00735
17	0.01034	0.00753	0.00975	0.01152	0.01226	0.00694	0.00775	0.01189	0.01661	0.02185	0.05092	0.63269	0.11637	0.02614	0.01078	0.00340	0.00487	0.02356	0.00790	0.00694
18	0.15751	0.01798	0.02906	0.02893	0.18561	0.01802	0.18063	0.02664	0.06131	0.06650	0.09164	0.02901	0.05051	0.00972	0.00856	0.00270	0.00927	0.00926	0.00585	0.01129
19	0.01953	0.07342	0.01800	0.01399	0.01760	0.06352	0.01130	0.06445	0.02119	0.11312	0.13648	0.04516	0.15285	0.02382	0.12969	0.00469	0.04031	0.03420	0.00712	0.00958
20	0.01059	0.00782	0.00971	0.01092	0.01199	0.00715	0.00743	0.01232	0.01732	0.02269	0.10470	0.47313	0.17583	0.07084	0.01284	0.00360	0.00496	0.02137	0.00784	0.00694
21	0.01905	0.01046	0.01289	0.01204	0.01487	0.00968	0.00892	0.02209	0.04821	0.19281	0.04598	0.17034	0.15823	0.17331	0.01740	0.00421	0.00648	0.05602	0.00802	0.00900
22	0.01949	0.10243	0.15749	0.06976	0.03256	0.07990	0.16384	0.02513	0.01852	0.02491	0.01569	0.01990	0.01254	0.01175	0.05809	0.00315	0.01229	0.00698	0.00423	0.16135
23	0.11997	0.01463	0.04870	0.04398	0.13953	0.01375	0.01426	0.02181	0.01784	0.10979	0.03229	0.26672	0.06191	0.01598	0.00978	0.00298	0.03570	0.01375	0.00665	0.00998
24	0.01034	0.00802	0.00925	0.01019	0.01177	0.00711	0.00707	0.01205	0.01753	0.02202	0.06419	0.37192	0.33045	0.06218	0.01231	0.00345	0.00483	0.02061	0.00775	0.00694
25	0.01837	0.01857	0.01896	0.15033	0.02673	0.16245	0.01497	0.02164	0.01813	0.02226	0.02750	0.03611	0.09404	0.02144	0.12008	0.00462	0.09793	0.05560	0.06156	0.00870

[dist]
# distance from previous block
# <min> <max>
0	4

[block]
# block no. 8 follows, 21 sequences, length 38
# corresponding to MSA columns:
# 433-470
name=unknown_I
#
# <colnr> <probs for GDERKNQSTAVLIFYWHMCP>
#	G	D	E	R	K	N	Q	S	T	A	V	L	I	F	Y	W	H	M	C	P
0	0.02060	0.01938	0.03090	0.10643	0.47774	0.02027	0.02359	0.02916	0.13020	0.02863	0.01930	0.02316	0.01554	0.00839	0.00848	0.00262	0.00962	0.00795	0.00498	0.01309
1	0.02401	0.02776	0.02196	0.08991	0.08420	0.37035	0.01649	0.02690	0.02128	0.02220	0.02214	0.12787	0.02216	0.01292	0.00875	0.00267	0.01207	0.07165	0.00521	0.00949
2	0.09271	0.05730	0.14819	0.01687	0.02264	0.12988	0.01562	0.10314	0.02151	0.05847	0.02838	0.11348	0.08707	0.05539	0.01045	0.00300	0.00950	0.01012	0.00599	0.01028
3	0.06241	0.01977	0.02084	0.01676	0.02202	0.05513	0.01339	0.34826	0.03042	0.12491	0.05413	0.02794	0.02055	0.09186	0.04955	0.00383	0.00963	0.00854	0.00785	0.01220
4	0.02066	0.01887	0.02030	0.05165	0.02315	0.08893	0.03312	0.05660	0.27200	0.02952	0.02625	0.03188	0.02176	0.05467	0.01339	0.00322	0.10476	0.04030	0.07808	0.01091
5	0.01104	0.00769	0.00968	0.01099	0.01132	0.00736	0.00699	0.01202	0.01499	0.01998	0.04021	0.48228	0.04784	0.25127	0.02167	0.00505	0.00604	0.02026	0.00699	0.00633
6	0.02172	0.02021	0.02870	0.07062	0.38441	0.06890	0.02140	0.10492	0.02149	0.02915	0.01744	0.02262	0.01458	0.01718	0.11508	0.00433	0.01253	0.00768	0.00484	0.01218
7	0.01467	0.01268	0.07345	0.01247	0.01471	0.01019	0.00972	0.04969	0.01714	0.05525	0.07877	0.23760	0.03880	0.30889	0.02407	0.00527	0.00738	0.01504	0.00660	0.00761
8	0.02422	0.02681	0.02956	0.12811	0.34360	0.25188	0.02231	0.02833	0.02075	0.02446	0.01486	0.01924	0.01228	0.00814	0.00817	0.00245	0.01216	0.00683	0.00421	0.01163
9	0.01961	0.17625	0.43319	0.02113	0.03122	0.08584	0.02509	0.02694	0.01843	0.02521	0.01507	0.01761	0.01145	0.00809	0.00739	0.00243	0.01166	0.00595	0.04573	0.01171
10	0.01181	0.00877	0.01132	0.01283	0.01454	0.00828	0.01020	0.01454	0.01850	0.02371	0.05513	0.28328	0.18849	0.02406	0.01108	0.00353	0.00610	0.27858	0.00787	0.00739
11	0.02382	0.02800	0.01896	0.01751	0.02134	0.38901	0.01321	0.02817	0.08074	0.02271	0.03428	0.03500	0.17200	0.01645	0.05883	0.00331	0.01232	0.00929	0.00569	0.00937
12	0.02021	0.22191	0.22173	0.03055	0.18710	0.02412	0.12731	0.02638	0.01850	0.02526	0.01482	0.01839	0.01187	0.00757	0.00777	0.00244	0.01128	0.00677	0.00389	0.01214
13	0.01061	0.00828	0.00962	0.01005	0.01202	0.00730	0.00725	0.01299	0.01956	0.02517	0.20260	0.25828	0.34170	0.02210	0.01029	0.00300	0.00443	0.01920	0.00824	0.00730
14	0.01523	0.01098	0.01299	0.01201	0.01454	0.01111	0.00885	0.02280	0.15464	0.06005	0.34795	0.05449	0.08377	0.13505	0.01546	0.00370	0.00551	0.01341	0.00847	0.00898
15	0.01152	0.00957	0.00987	0.00968	0.01264	0.00876	0.00732	0.01597	0.07979	0.02450	0.07552	0.07241	0.52603	0.02194	0.03954	0.00332	0.00537	0.01627	0.04211	0.00786
16	0.02290	0.01255	0.01536	0.01364	0.01795	0.01183	0.01101	0.05597	0.08512	0.25139	0.05043	0.09044	0.20365	0.01662	0.00961	0.00297	0.00643	0.10231	0.00894	0.01087
17	0.01521	0.01062	0.01217	0.01193	0.01372	0.01076	0.00836	0.11862	0.01983	0.02703	0.03842	0.30657	0.08432	0.19083	0.01805	0.00431	0.00640	0.01631	0.07863	0.00791
18	0.01180	0.00818	0.01029	0.01144	0.01198	0.00798	0.00776	0.01308	0.01522	0.02018	0.03813	0.32186	0.04435	0.30976	0.02467	0.00555	0.00684	0.11787	0.00673	0.00633
19	0.01921	0.01833	0.03120	0.28524	0.42930	0.01973	0.02520	0.02450	0.01850	0.02556	0.01568	0.02167	0.01269	0.00793	0.00846	0.00264	0.01057	0.00758	0.00405	0.01199
20	0.01049	0.00777	0.00984	0.01142	0.01246	0.00712	0.00793	0.01224	0.01708	0.02218	0.05452	0.54234	0.17134	0.02549	0.01075	0.00337	0.00497	0.05378	0.00790	0.00702
21	0.01801	0.02022	0.10845	0.14584	0.08443	0.02061	0.02020	0.06674	0.01740	0.02483	0.01775	0.08575	0.01658	0.01598	0.05653	0.00382	0.25304	0.00906	0.00458	0.01019
22	0.01606	0.01426	0.02323	0.36801	0.14573	0.01618	0.02056	0.02110	0.01856	0.02459	0.07029	0.04257	0.02572	0.01252	0.00937	0.00302	0.00976	0.14359	0.00522	0.00965
23	0.01771	0.01598	0.01877	0.14206	0.02643	0.10338	0.04979	0.04183	0.02115	0.05615	0.14805	0.11728	0.12089	0.01547	0.00955	0.00288	0.00846	0.06831	0.00682	0.00904
24	0.02518	0.42873	0.03543	0.01706	0.02295	0.25184	0.01495	0.02775	0.01942	0.02028	0.01302	0.01556	0.01162	0.01156	0.05025	0.00274	0.01218	0.00518	0.00396	0.01033
25	0.02202	0.01598	0.01878	0.01370	0.02105	0.01313	0.01107	0.08867	0.02097	0.11558	0.01820	0.01949	0.01396	0.00730	0.00685	0.00159	0.00676	0.00580	0.00616	0.57294
26	0.01486	0.01369	0.01195	0.01213	0.01343	0.12242	0.00809	0.01597	0.01651	0.01964	0.03834	0.23607	0.11875	0.29356	0.02323	0.00508	0.00799	0.01534	0.00619	0.00676
27	0.01329	0.01140	0.01178	0.01243	0.01372	0.07851	0.00865	0.01543	0.01897	0.02462	0.20495	0.40016	0.05603	0.07378	0.01278	0.00347	0.00606	0.01886	0.00771	0.00740
28	0.01194	0.00840	0.01017	0.01004	0.01110	0.00799	0.00666	0.01388	0.01805	0.02474	0.29246	0.10954	0.09081	0.31945	0.02476	0.00520	0.00597	0.01489	0.00731	0.00663
29	0.12285	0.10294	0.02235	0.01578	0.02167	0.02165	0.01295	0.17358	0.21482	0.03665	0.02296	0.04940	0.01836	0.01005	0.00752	0.00242	0.00750	0.00777	0.00698	0.12181
30	0.01866	0.06751	0.17457	0.02210	0.02850	0.05089	0.13051	0.02740	0.12489	0.02611	0.02605	0.02854	0.08269	0.01327	0.03879	0.00331	0.11103	0.00897	0.00517	0.01102
31	0.02823	0.26080	0.03120	0.01847	0.02456	0.22885	0.01555	0.19957	0.06312	0.03085	0.01609	0.01722	0.01286	0.00885	0.00722	0.00221	0.01099	0.00604	0.00557	0.01176
32	0.02259	0.13149	0.02339	0.01717	0.02186	0.20686	0.01385	0.03138	0.19690	0.02593	0.02833	0.03234	0.07637	0.01170	0.00876	0.00252	0.03320	0.05248	0.00610	0.05679
33	0.01491	0.01046	0.01214	0.01134	0.01439	0.00989	0.00862	0.02080	0.10648	0.08721	0.25822	0.10194	0.27490	0.01806	0.00977	0.00282	0.00486	0.01545	0.00874	0.00900
34	0.02718	0.04164	0.22202	0.02265	0.02960	0.46438	0.02113	0.03178	0.02219	0.02274	0.01382	0.01617	0.01091	0.00856	0.00780	0.00235	0.01448	0.00573	0.00414	0.01071
35	0.02072	0.25690	0.28464	0.06259	0.05620	0.09448	0.02280	0.02648	0.01811	0.02333	0.01369	0.01672	0.01101	0.00831	0.00842	0.00242	0.05222	0.00583	0.00374	0.01139
36	0.01123	0.00777	0.00962	0.01075	0.01103	0.00749	0.00672	0.01207	0.01462	0.01949	0.03830	0.42141	0.04543	0.31543	0.02476	0.00551	0.00636	0.01913	0.00672	0.00616
37	0.01546	0.00971	0.01126	0.01045	0.01378	0.00838	0.00814	0.01820	0.02101	0.13475	0.16320	0.07050	0.41599	0.01907	0.00988	0.00285	0.00495	0.04521	0.00859	0.00862

[dist]
# distance from previous block
# <min> <max>
0	2

[block]
# block no. 9 follows, 21 sequences, length 20
# corresponding to MSA columns:
# 473-492
name=unknown_J
#
# <colnr> <probs for GDERKNQSTAVLIFYWHMCP>
#	G	D	E	R	K	N	Q	S	T	A	V	L	I	F	Y	W	H	M	C	P
0	0.02188	0.02392	0.05857	0.15489	0.41048	0.13239	0.02424	0.02676	0.01973	0.02550	0.01533	0.02021	0.01255	0.00797	0.00829	0.00253	0.01134	0.00716	0.00414	0.01211
1	0.01713	0.01567	0.02580	0.30489	0.25920	0.01717	0.02190	0.02210	0.01843	0.02463	0.02429	0.03807	0.05033	0.01149	0.00913	0.00292	0.00993	0.11155	0.00486	0.01049
2	0.01112	0.00805	0.00947	0.01014	0.01107	0.00752	0.00660	0.01237	0.01602	0.02085	0.08338	0.29232	0.17832	0.26802	0.02233	0.00501	0.00594	0.01804	0.00700	0.00641
3	0.03235	0.02384	0.02554	0.01958	0.02639	0.02639	0.01618	0.61946	0.04001	0.05363	0.02043	0.02043	0.01447	0.01022	0.00851	0.00255	0.00936	0.00766	0.00851	0.01447
4	0.01622	0.01153	0.01310	0.01199	0.01375	0.01210	0.00825	0.13809	0.01888	0.02522	0.02982	0.08759	0.06415	0.40986	0.09705	0.00702	0.00956	0.01213	0.00612	0.00756
5	0.01448	0.01326	0.02223	0.40487	0.04198	0.01513	0.06646	0.01891	0.01722	0.02226	0.02835	0.20881	0.06320	0.01414	0.00937	0.00301	0.00941	0.01292	0.00520	0.00879
6	0.01075	0.00788	0.00945	0.01052	0.01145	0.00728	0.00695	0.01205	0.01612	0.02083	0.05136	0.40913	0.18554	0.17874	0.01805	0.00441	0.00555	0.02008	0.00728	0.00658
7	0.01442	0.01084	0.01373	0.01295	0.01388	0.01232	0.00922	0.05817	0.01503	0.02084	0.02448	0.07835	0.02615	0.35904	0.20334	0.00846	0.09524	0.01122	0.00522	0.00709
8	0.01857	0.02069	0.08065	0.17175	0.24553	0.01923	0.20526	0.02447	0.01875	0.02583	0.01865	0.07649	0.01614	0.00923	0.00911	0.00278	0.01142	0.00959	0.00441	0.01144
9	0.01324	0.01055	0.01480	0.01578	0.06602	0.01004	0.04370	0.01605	0.01839	0.02421	0.13609	0.06745	0.17953	0.19287	0.01880	0.00443	0.00711	0.14632	0.00691	0.00769
10	0.03183	0.03944	0.02421	0.02177	0.02631	0.62381	0.01642	0.07325	0.02518	0.02303	0.01364	0.01569	0.01120	0.00887	0.00773	0.00222	0.01495	0.00563	0.00466	0.01017
11	0.01969	0.01960	0.02506	0.27143	0.03772	0.13655	0.11280	0.02448	0.01904	0.02492	0.01771	0.02290	0.01377	0.00849	0.00792	0.00244	0.01070	0.00748	0.15790	0.05940
12	0.10681	0.04896	0.12939	0.02876	0.21993	0.01927	0.04939	0.07091	0.05425	0.10004	0.01952	0.02379	0.01546	0.06470	0.01084	0.00305	0.00957	0.00766	0.00556	0.01216
13	0.02073	0.02182	0.11006	0.02352	0.14534	0.11808	0.01723	0.02518	0.02097	0.10008	0.13104	0.03893	0.07908	0.01564	0.05007	0.00336	0.01009	0.05175	0.00634	0.01069
14	0.01666	0.02158	0.16457	0.02513	0.17329	0.04142	0.01889	0.02330	0.06765	0.02705	0.08387	0.09065	0.11838	0.01406	0.00925	0.00287	0.00865	0.07603	0.00606	0.01066
15	0.15163	0.08359	0.28514	0.01910	0.02696	0.16796	0.02016	0.02659	0.01849	0.02626	0.01818	0.02159	0.04418	0.04532	0.00926	0.00281	0.01124	0.00660	0.00438	0.01057
16	0.04793	0.01871	0.02032	0.11137	0.12083	0.13007	0.01510	0.05045	0.02050	0.09856	0.02516	0.02796	0.06393	0.01310	0.04655	0.00307	0.00985	0.00807	0.12923	0.03924
17	0.13183	0.02079	0.06291	0.08512	0.29595	0.05314	0.06630	0.02673	0.06357	0.02951	0.06749	0.02400	0.01867	0.00885	0.00817	0.00262	0.00968	0.00792	0.00506	0.01168
18	0.05688	0.02127	0.16823	0.07062	0.02592	0.01655	0.01726	0.05363	0.04069	0.05070	0.04744	0.02679	0.04840	0.01727	0.09541	0.00402	0.08384	0.00792	0.03283	0.11432
19	0.17051	0.16572	0.02093	0.06130	0.01989	0.05098	0.01166	0.02119	0.01855	0.02814	0.20373	0.03239	0.03301	0.01903	0.10559	0.00410	0.00957	0.00877	0.00588	0.00904

[dist]
# distance from previous block
# <min> <max>
5	103

[block]
# block no. 10 follows, 21 sequences, length 29
# corresponding to MSA columns:
# 605-633
name=unknown_K
#
# <colnr> <probs for GDERKNQSTAVLIFYWHMCP>
#	G	D	E	R	K	N	Q	S	T	A	V	L	I	F	Y	W	H	M	C	P
0	0.01692	0.01592	0.05779	0.02038	0.12804	0.03566	0.01340	0.07396	0.01880	0.02584	0.02713	0.21839	0.02892	0.15592	0.01596	0.00379	0.00798	0.01276	0.00594	0.11651
1	0.01720	0.07289	0.30374	0.01892	0.02794	0.01734	0.04867	0.02528	0.06945	0.02694	0.02541	0.02683	0.09017	0.00950	0.00787	0.00234	0.00945	0.00777	0.00492	0.18737
2	0.02223	0.16022	0.02478	0.09548	0.02524	0.08192	0.01422	0.18422	0.02392	0.03076	0.02303	0.16147	0.02212	0.01254	0.00807	0.00250	0.00877	0.01018	0.04336	0.04496
3	0.15714	0.01741	0.02377	0.01915	0.02386	0.01856	0.13729	0.18331	0.02273	0.03411	0.02368	0.16147	0.02294	0.06790	0.01247	0.00333	0.04279	0.01136	0.00641	0.01032
4	0.02444	0.01403	0.01613	0.01353	0.01753	0.01435	0.01041	0.14965	0.08860	0.18762	0.05687	0.03525	0.02520	0.15625	0.01547	0.00371	0.00709	0.00949	0.14345	0.01091
5	0.01156	0.00837	0.00910	0.00928	0.01111	0.00772	0.00651	0.01352	0.01702	0.02255	0.05737	0.11975	0.32980	0.16889	0.05956	0.00465	0.00637	0.01527	0.11475	0.00686
6	0.01976	0.01948	0.02015	0.01819	0.02056	0.12428	0.01431	0.05461	0.13704	0.02533	0.02678	0.10740	0.06186	0.01950	0.07730	0.00411	0.22319	0.01041	0.00587	0.00987
7	0.01161	0.00815	0.01026	0.01146	0.01212	0.00787	0.00785	0.01301	0.01560	0.02057	0.04113	0.34805	0.06941	0.26132	0.02231	0.00518	0.00655	0.11414	0.00693	0.00646
8	0.36592	0.01567	0.01590	0.07180	0.02150	0.01752	0.01178	0.08244	0.07940	0.07699	0.11098	0.02872	0.02443	0.01075	0.00738	0.00273	0.00700	0.03201	0.00683	0.01026
9	0.02292	0.58866	0.10241	0.01609	0.02365	0.08284	0.01635	0.02630	0.01790	0.02076	0.01227	0.01421	0.01091	0.00748	0.00589	0.00193	0.00994	0.00479	0.00370	0.01100
10	0.01364	0.00891	0.01147	0.01220	0.01416	0.00819	0.00927	0.01620	0.01914	0.07967	0.11781	0.32404	0.16707	0.02259	0.01060	0.00328	0.00553	0.14000	0.00828	0.00795
11	0.02820	0.01742	0.01985	0.01651	0.02208	0.01854	0.01322	0.13329	0.31172	0.23916	0.03172	0.02906	0.02237	0.01093	0.00847	0.00271	0.00718	0.00889	0.04498	0.01369
12	0.02049	0.01920	0.03024	0.12021	0.44535	0.02026	0.02315	0.02962	0.14827	0.02872	0.01983	0.02351	0.01586	0.00853	0.00848	0.00264	0.00955	0.00801	0.00510	0.01300
13	0.01088	0.00780	0.01033	0.01150	0.01246	0.00725	0.00794	0.01313	0.01866	0.02549	0.22782	0.50372	0.06357	0.02385	0.01061	0.00322	0.00466	0.02152	0.00835	0.00725
14	0.01037	0.00741	0.00987	0.01185	0.01234	0.00691	0.00790	0.01185	0.01629	0.02172	0.04690	0.69537	0.05629	0.02666	0.01086	0.00346	0.00494	0.02419	0.00790	0.00691
15	0.01258	0.00974	0.01449	0.01424	0.01566	0.01164	0.01116	0.01554	0.01363	0.01980	0.02204	0.03247	0.02062	0.06063	0.62548	0.01303	0.06604	0.00901	0.00450	0.00771
16	0.01792	0.03679	0.45754	0.02684	0.03737	0.02073	0.16913	0.02645	0.01804	0.02645	0.01537	0.01921	0.01132	0.00847	0.01029	0.00283	0.07215	0.00728	0.00377	0.01203
17	0.01068	0.00822	0.00977	0.01028	0.01211	0.00731	0.00737	0.01309	0.01954	0.02545	0.21761	0.28962	0.29386	0.02224	0.01033	0.00302	0.00445	0.01945	0.00828	0.00731
18	0.01103	0.00866	0.00997	0.00964	0.01209	0.00760	0.00723	0.01409	0.02169	0.02843	0.35844	0.07294	0.36876	0.01952	0.01005	0.00278	0.00417	0.01670	0.00862	0.00760
19	0.01945	0.01673	0.01640	0.01489	0.01869	0.07256	0.01139	0.15221	0.16894	0.03210	0.04516	0.18022	0.18296	0.01670	0.00935	0.00287	0.00707	0.01399	0.00790	0.01042
