[name]
unknown

[dist]
# distance from previous block
# <min> <max>
3	151

[block]
# block no. 0 follows, 22 sequences, length 58
# corresponding to MSA columns:
# 195-252
name=unknown_A
#
# <colnr> <probs for GDERKNQSTAVLIFYWHMCP>
#	G	D	E	R	K	N	Q	S	T	A	V	L	I	F	Y	W	H	M	C	P
0	0.02289	0.02378	0.03610	0.03857	0.31236	0.11506	0.20883	0.08777	0.02183	0.02854	0.01603	0.02027	0.01273	0.00770	0.00862	0.00253	0.01181	0.00786	0.00459	0.01214
1	0.02309	0.22907	0.02732	0.01880	0.06277	0.28381	0.01440	0.02554	0.01986	0.02093	0.02602	0.02730	0.13221	0.01072	0.00836	0.00226	0.04562	0.00762	0.00467	0.00964
2	0.06556	0.02774	0.34243	0.15079	0.03363	0.01700	0.02283	0.02211	0.01660	0.02479	0.02031	0.14766	0.01894	0.01169	0.00919	0.00284	0.04155	0.00963	0.00445	0.01027
3	0.01087	0.00873	0.01120	0.01117	0.01321	0.00784	0.03564	0.01312	0.01805	0.02304	0.12085	0.26691	0.31264	0.06662	0.01226	0.00335	0.00523	0.04465	0.00752	0.00711
4	0.01964	0.01888	0.01664	0.01507	0.01921	0.12905	0.01161	0.06912	0.29536	0.02941	0.04560	0.04337	0.22502	0.01388	0.00872	0.00268	0.00742	0.01121	0.00749	0.01062
5	0.02699	0.01399	0.01743	0.01359	0.01930	0.01246	0.01100	0.09496	0.02356	0.32515	0.11302	0.03164	0.04915	0.01066	0.00802	0.00227	0.00642	0.00875	0.04287	0.16875
6	0.07221	0.02572	0.03905	0.06631	0.03805	0.17902	0.40355	0.02775	0.02003	0.02551	0.01538	0.02000	0.01182	0.00750	0.00885	0.00262	0.01357	0.00824	0.00426	0.01057
7	0.02691	0.07513	0.06968	0.02837	0.18867	0.32159	0.01929	0.12228	0.02393	0.02738	0.01471	0.01725	0.01185	0.00834	0.00770	0.00229	0.01219	0.00620	0.00476	0.01148
8	0.01035	0.00844	0.00915	0.00897	0.01155	0.00724	0.00673	0.01295	0.02019	0.02541	0.23904	0.07507	0.49611	0.01993	0.00981	0.00275	0.00413	0.01685	0.00810	0.00724
9	0.01476	0.01200	0.01357	0.01290	0.01604	0.01253	0.01006	0.02541	0.24725	0.03053	0.23536	0.05814	0.18084	0.01645	0.00950	0.00286	0.00536	0.07845	0.00842	0.00957
10	0.01683	0.02207	0.15282	0.14976	0.10120	0.01768	0.23828	0.02292	0.01797	0.02471	0.02085	0.13614	0.01914	0.01066	0.00914	0.00283	0.01117	0.01076	0.00456	0.01049
11	0.01018	0.00737	0.00963	0.01131	0.01201	0.00682	0.00763	0.01179	0.01648	0.02189	0.07831	0.63011	0.09527	0.02525	0.01051	0.00330	0.00474	0.02279	0.00778	0.00682
12	0.01012	0.00723	0.00964	0.01157	0.01205	0.00675	0.00771	0.01157	0.01591	0.02121	0.04579	0.70262	0.05495	0.02603	0.01060	0.00337	0.00482	0.02362	0.00771	0.00675
13	0.01972	0.02210	0.04722	0.03689	0.11546	0.02086	0.55545	0.02648	0.01953	0.02667	0.01667	0.02219	0.01267	0.00705	0.00962	0.00276	0.01352	0.00952	0.00419	0.01143
14	0.05470	0.01733	0.02308	0.01827	0.02286	0.01892	0.05498	0.16060	0.02305	0.26609	0.02241	0.02480	0.01650	0.05664	0.01513	0.00319	0.17411	0.00810	0.00731	0.01194
15	0.01271	0.00859	0.01183	0.01183	0.01333	0.00965	0.00904	0.01572	0.01421	0.02179	0.02358	0.03346	0.02141	0.08605	0.48676	0.01044	0.01726	0.00881	0.17617	0.00736
16	0.03158	0.02327	0.02493	0.01911	0.02576	0.02576	0.01579	0.62852	0.03906	0.05236	0.01995	0.01995	0.01413	0.00997	0.00831	0.00249	0.00914	0.00748	0.00831	0.01413
17	0.01868	0.01763	0.03006	0.07577	0.49042	0.01766	0.04927	0.02341	0.01909	0.02704	0.08182	0.07060	0.02241	0.00964	0.00862	0.00257	0.00918	0.00936	0.00484	0.01191
18	0.02318	0.02696	0.02046	0.01888	0.02161	0.37630	0.01445	0.02542	0.01901	0.02009	0.01701	0.06573	0.01610	0.02343	0.16983	0.00512	0.11544	0.00770	0.00446	0.00883
19	0.02280	0.02400	0.02879	0.17589	0.33513	0.18914	0.02205	0.05708	0.02065	0.02541	0.01494	0.01942	0.01213	0.00802	0.00806	0.00245	0.01141	0.00687	0.00428	0.01147
20	0.01248	0.00946	0.01387	0.01363	0.01504	0.01126	0.01067	0.01541	0.01352	0.01993	0.02174	0.03158	0.02013	0.05640	0.59736	0.01211	0.06623	0.00873	0.04288	0.00755
21	0.01727	0.01503	0.02252	0.20611	0.16752	0.01664	0.01767	0.08127	0.01916	0.02636	0.06106	0.02876	0.05253	0.01993	0.13534	0.00463	0.04665	0.00859	0.00502	0.04794
22	0.03109	0.03795	0.02368	0.02117	0.02569	0.60924	0.01602	0.09322	0.02511	0.02356	0.01356	0.01548	0.01105	0.00870	0.00757	0.00218	0.01439	0.00557	0.00469	0.01008
23	0.14120	0.22467	0.24225	0.01794	0.02544	0.08890	0.01906	0.02522	0.01688	0.02478	0.01346	0.01643	0.01101	0.01154	0.05028	0.00307	0.04787	0.00555	0.00393	0.01054
24	0.02135	0.10188	0.02832	0.02622	0.16219	0.07801	0.05797	0.02974	0.17189	0.04820	0.02169	0.02392	0.03889	0.01036	0.01169	0.00271	0.14021	0.00791	0.00540	0.01146
25	0.01176	0.00907	0.01081	0.01027	0.01265	0.00842	0.00773	0.01639	0.06158	0.03022	0.44626	0.06531	0.24314	0.01781	0.00972	0.00268	0.00417	0.01540	0.00868	0.00794
26	0.01919	0.01240	0.01445	0.01295	0.01662	0.01216	0.01012	0.12534	0.06391	0.13394	0.10745	0.15887	0.21198	0.01727	0.00945	0.00285	0.00594	0.04683	0.00842	0.00987
27	0.02158	0.14215	0.03910	0.03360	0.21373	0.09982	0.23523	0.02633	0.01895	0.02438	0.01471	0.01916	0.01210	0.00781	0.00945	0.00251	0.05651	0.00750	0.00404	0.01135
28	0.01078	0.00768	0.01013	0.01144	0.01227	0.00723	0.00794	0.01277	0.01733	0.02344	0.16050	0.49663	0.05734	0.06876	0.01258	0.00356	0.00505	0.05985	0.00781	0.00690
29	0.00982	0.00842	0.00842	0.00842	0.01122	0.00701	0.00631	0.01192	0.01894	0.02244	0.08416	0.07995	0.65285	0.02104	0.00982	0.00281	0.00421	0.01753	0.00771	0.00701
30	0.01225	0.01038	0.01381	0.21888	0.02564	0.01074	0.01182	0.01569	0.01837	0.02330	0.08794	0.05844	0.35883	0.01621	0.00915	0.00277	0.00643	0.03609	0.05544	0.00781
31	0.02253	0.01716	0.02255	0.06683	0.16640	0.01822	0.01631	0.21080	0.08779	0.07706	0.05026	0.12959	0.02544	0.01272	0.00886	0.00274	0.00811	0.03766	0.00713	0.01185
32	0.01366	0.01167	0.01585	0.05881	0.01884	0.04301	0.01229	0.01664	0.01397	0.01953	0.02014	0.02962	0.01863	0.05128	0.53268	0.01112	0.09167	0.00847	0.00431	0.00781
33	0.01081	0.00856	0.00979	0.00980	0.01224	0.00755	0.00756	0.01366	0.02037	0.02607	0.25529	0.07592	0.40929	0.01999	0.00999	0.00286	0.00449	0.08028	0.00815	0.00734
34	0.02056	0.01974	0.03372	0.05099	0.65622	0.01974	0.02550	0.02550	0.01892	0.02714	0.01563	0.02056	0.01316	0.00740	0.00822	0.00247	0.00987	0.00740	0.00411	0.01316
35	0.01595	0.01491	0.02118	0.01883	0.01935	0.02014	0.01543	0.01817	0.01294	0.01974	0.01490	0.02327	0.01438	0.03138	0.25562	0.00706	0.45647	0.00784	0.00392	0.00850
36	0.03103	0.03959	0.02354	0.02140	0.02568	0.67469	0.01605	0.03317	0.02354	0.02033	0.01284	0.01498	0.01070	0.00856	0.00749	0.00214	0.01498	0.00535	0.00428	0.00963
37	0.01252	0.00962	0.01169	0.01155	0.01397	0.00927	0.00907	0.01798	0.08394	0.02937	0.34463	0.06900	0.19882	0.01846	0.00998	0.00291	0.00496	0.12563	0.00846	0.00815
38	0.02047	0.17463	0.42108	0.02138	0.03112	0.14583	0.02467	0.02732	0.01854	0.02384	0.01385	0.01622	0.01058	0.00786	0.00731	0.00237	0.01212	0.00565	0.00366	0.01146
39	0.13361	0.11645	0.02840	0.06173	0.24289	0.12330	0.01833	0.12808	0.02194	0.03052	0.01474	0.01766	0.01189	0.00807	0.00729	0.00236	0.00996	0.00627	0.00490	0.01163
40	0.01165	0.00814	0.00918	0.00936	0.00995	0.00788	0.00577	0.01226	0.01377	0.01785	0.03794	0.09268	0.13932	0.52465	0.03372	0.00673	0.00721	0.04061	0.00575	0.00558
41	0.03158	0.02327	0.02493	0.01911	0.02576	0.02576	0.01579	0.62852	0.03906	0.05236	0.01995	0.01995	0.01413	0.00997	0.00831	0.00249	0.00914	0.00748	0.00831	0.01413
42	0.01108	0.00831	0.01012	0.01075	0.01223	0.00742	0.00729	0.01265	0.01596	0.02123	0.04598	0.43418	0.14468	0.12579	0.01479	0.00377	0.00534	0.01900	0.00703	0.08239
43	0.00982	0.00842	0.00842	0.00842	0.01122	0.00701	0.00631	0.01192	0.01894	0.02244	0.08416	0.07995	0.65285	0.02104	0.00982	0.00281	0.00421	0.01753	0.00771	0.00701
44	0.01785	0.01697	0.02882	0.40553	0.32287	0.01903	0.02415	0.02312	0.01763	0.02385	0.01515	0.02144	0.01200	0.00790	0.00827	0.00263	0.01054	0.00739	0.00388	0.01097
45	0.01012	0.00723	0.00964	0.01157	0.01205	0.00675	0.00771	0.01157	0.01591	0.02121	0.04579	0.70262	0.05495	0.02603	0.01060	0.00337	0.00482	0.02362	0.00771	0.00675
46	0.04926	0.00812	0.00794	0.00789	0.00997	0.00823	0.00595	0.01958	0.01727	0.03126	0.02640	0.03019	0.02074	0.00959	0.00578	0.00196	0.00399	0.00760	0.72048	0.00780
47	0.04951	0.00877	0.01062	0.01022	0.01238	0.00817	0.00764	0.01522	0.02175	0.03088	0.48403	0.10813	0.16657	0.01782	0.00962	0.00270	0.00416	0.01551	0.00861	0.00769
48	0.01462	0.00798	0.00890	0.00890	0.01066	0.00828	0.00667	0.01814	0.01638	0.02800	0.02611	0.03237	0.02160	0.05213	0.13879	0.00446	0.00767	0.00817	0.57262	0.00755
49	0.01144	0.00863	0.01066	0.01106	0.01274	0.00818	0.00794	0.01547	0.06350	0.02688	0.27766	0.32345	0.14957	0.02086	0.01003	0.00297	0.00452	0.01849	0.00830	0.00765
50	0.03103	0.03959	0.02354	0.02140	0.02568	0.67469	0.01605	0.03317	0.02354	0.02033	0.01284	0.01498	0.01070	0.00856	0.00749	0.00214	0.01498	0.00535	0.00428	0.00963
51	0.01187	0.00890	0.01335	0.01335	0.01483	0.01038	0.01038	0.01483	0.01335	0.01928	0.02225	0.03264	0.02077	0.06231	0.67512	0.01335	0.02225	0.00890	0.00445	0.00742
52	0.01129	0.00785	0.00952	0.01039	0.01085	0.00759	0.00666	0.01220	0.01437	0.01897	0.03797	0.30737	0.07432	0.36531	0.02640	0.00570	0.00658	0.05433	0.00637	0.00597
53	0.01078	0.00814	0.00995	0.01015	0.01197	0.00732	0.00736	0.01353	0.02023	0.02705	0.33162	0.23239	0.23826	0.02049	0.01001	0.00286	0.00423	0.01796	0.00836	0.00732
54	0.03103	0.03959	0.02354	0.02140	0.02568	0.67469	0.01605	0.03317	0.02354	0.02033	0.01284	0.01498	0.01070	0.00856	0.00749	0.00214	0.01498	0.00535	0.00428	0.00963
55	0.01012	0.00723	0.00964	0.01157	0.01205	0.00675	0.00771	0.01157	0.01591	0.02121	0.04579	0.70262	0.05495	0.02603	0.01060	0.00337	0.00482	0.02362	0.00771	0.00675
56	0.02541	0.02893	0.02901	0.03730	0.36446	0.32280	0.02113	0.02905	0.02106	0.02399	0.01434	0.01798	0.01202	0.00794	0.00788	0.00232	0.01223	0.00645	0.00419	0.01153
57	0.01079	0.00847	0.00980	0.00977	0.01210	0.00748	0.00741	0.01365	0.02051	0.02657	0.28977	0.10211	0.37304	0.01989	0.00996	0.00283	0.00436	0.05592	0.00824	0.00735

[dist]
# distance from previous block
# <min> <max>
2	3

[block]
# block no. 1 follows, 22 sequences, length 58
# corresponding to MSA columns:
# 256-313
name=unknown_B
#
# <colnr> <probs for GDERKNQSTAVLIFYWHMCP>
#	G	D	E	R	K	N	Q	S	T	A	V	L	I	F	Y	W	H	M	C	P
0	0.02249	0.33361	0.24205	0.01902	0.02715	0.18116	0.02004	0.02732	0.01868	0.02194	0.01296	0.01510	0.01063	0.00771	0.00668	0.00214	0.01144	0.00521	0.00371	0.01094
1	0.01753	0.02370	0.18970	0.18314	0.12504	0.01754	0.10965	0.02382	0.01774	0.02544	0.01522	0.01968	0.01173	0.00740	0.00792	0.00235	0.01052	0.00686	0.00406	0.18098
2	0.02725	0.02417	0.02216	0.01873	0.02400	0.15794	0.01499	0.31003	0.18174	0.03907	0.02390	0.02785	0.01901	0.01109	0.00844	0.00261	0.00960	0.05755	0.00745	0.01241
3	0.01208	0.00805	0.00906	0.00906	0.00906	0.00805	0.00503	0.01208	0.01208	0.01611	0.02618	0.05436	0.03020	0.70804	0.04228	0.00805	0.00805	0.01208	0.00503	0.00503
4	0.02583	0.21185	0.02705	0.01802	0.02285	0.39296	0.01449	0.02941	0.05781	0.02108	0.01892	0.02062	0.05483	0.01157	0.03687	0.00263	0.01248	0.00632	0.00457	0.00984
5	0.01739	0.01758	0.01570	0.01509	0.01718	0.20042	0.01130	0.01973	0.01610	0.01917	0.02007	0.03045	0.01913	0.13217	0.40027	0.00944	0.01829	0.00830	0.00448	0.00774
6	0.01094	0.00837	0.01005	0.01004	0.01215	0.00749	0.00751	0.01391	0.02079	0.02759	0.34846	0.13982	0.28689	0.01974	0.00997	0.00282	0.00429	0.04336	0.00839	0.00741
7	0.01048	0.00846	0.00938	0.00954	0.01198	0.00736	0.00726	0.01301	0.01957	0.02448	0.17811	0.11505	0.46536	0.02079	0.01000	0.00289	0.00448	0.06665	0.00796	0.00720
8	0.02009	0.01847	0.06170	0.04463	0.05024	0.01835	0.01423	0.16618	0.26225	0.03437	0.03981	0.03842	0.17002	0.01279	0.00869	0.00271	0.00730	0.01051	0.00753	0.01169
9	0.03103	0.03959	0.02354	0.02140	0.02568	0.67469	0.01605	0.03317	0.02354	0.02033	0.01284	0.01498	0.01070	0.00856	0.00749	0.00214	0.01498	0.00535	0.00428	0.00963
10	0.02636	0.01839	0.01989	0.01578	0.02131	0.01951	0.01286	0.40999	0.03217	0.09601	0.03594	0.03479	0.15999	0.01250	0.00854	0.00254	0.00760	0.00985	0.04377	0.01221
11	0.01055	0.00784	0.00909	0.00987	0.01097	0.00719	0.00654	0.01182	0.01585	0.02023	0.05286	0.32632	0.24112	0.20899	0.01892	0.00446	0.00550	0.01853	0.00699	0.00637
12	0.01088	0.00869	0.00990	0.01025	0.01274	0.00770	0.00812	0.01362	0.01958	0.02443	0.15002	0.08071	0.43964	0.02094	0.01019	0.00301	0.00495	0.14948	0.00789	0.00727
13	0.02056	0.01974	0.03372	0.05099	0.65622	0.01974	0.02550	0.02550	0.01892	0.02714	0.01563	0.02056	0.01316	0.00740	0.00822	0.00247	0.00987	0.00740	0.00411	0.01316
14	0.02056	0.01974	0.03372	0.05099	0.65622	0.01974	0.02550	0.02550	0.01892	0.02714	0.01563	0.02056	0.01316	0.00740	0.00822	0.00247	0.00987	0.00740	0.00411	0.01316
15	0.00997	0.00783	0.00903	0.00998	0.01163	0.00688	0.00701	0.01175	0.01743	0.02183	0.06505	0.38996	0.35517	0.02352	0.01021	0.00309	0.00451	0.02056	0.00771	0.00688
16	0.02029	0.01946	0.03323	0.08676	0.62259	0.01967	0.02536	0.02526	0.01879	0.02681	0.01558	0.02065	0.01304	0.00745	0.00823	0.00248	0.00994	0.00740	0.00409	0.01294
17	0.03055	0.07671	0.02464	0.02101	0.02544	0.63932	0.01595	0.03272	0.02317	0.02029	0.01277	0.01489	0.01070	0.00848	0.00737	0.00212	0.01465	0.00530	0.00424	0.00969
18	0.02280	0.66814	0.04220	0.01469	0.02161	0.07566	0.01434	0.02543	0.01732	0.01960	0.01164	0.01344	0.01066	0.00720	0.00547	0.00180	0.00929	0.00450	0.00360	0.01059
19	0.01675	0.04158	0.62910	0.02357	0.03516	0.01964	0.02999	0.02595	0.01727	0.02595	0.01468	0.01757	0.01054	0.00827	0.00898	0.00269	0.05048	0.00620	0.00351	0.01210
20	0.01600	0.05104	0.01904	0.01596	0.01691	0.05414	0.01246	0.01764	0.01352	0.01876	0.01782	0.03098	0.01843	0.21547	0.17618	0.00687	0.27812	0.00871	0.00424	0.00771
21	0.01033	0.00817	0.00930	0.00958	0.01168	0.00714	0.00697	0.01270	0.01930	0.02464	0.20472	0.21485	0.38874	0.02123	0.00999	0.00289	0.00428	0.01832	0.00804	0.00714
22	0.02221	0.71304	0.04353	0.01421	0.02132	0.03287	0.01421	0.02488	0.01688	0.01955	0.01155	0.01333	0.01066	0.00711	0.00533	0.00178	0.00888	0.00444	0.00355	0.01066
23	0.01239	0.00902	0.01136	0.01230	0.01362	0.00868	0.00855	0.06921	0.01811	0.02433	0.04216	0.61220	0.04947	0.02375	0.01021	0.00321	0.00527	0.02138	0.00766	0.03711
24	0.01259	0.00996	0.01473	0.01432	0.01563	0.01210	0.01127	0.01542	0.01328	0.01937	0.02096	0.03098	0.01964	0.05685	0.60115	0.01224	0.09882	0.00871	0.00436	0.00761
25	0.60115	0.01563	0.01381	0.01180	0.01723	0.01718	0.00973	0.02807	0.01633	0.17907	0.01638	0.01685	0.01162	0.00830	0.00587	0.00257	0.00657	0.00537	0.00631	0.01016
26	0.01019	0.00805	0.00918	0.00969	0.01165	0.00705	0.00697	0.01234	0.01863	0.02358	0.15165	0.27293	0.38465	0.02204	0.01006	0.00296	0.00436	0.01909	0.00791	0.00705
27	0.01549	0.00774	0.00774	0.00774	0.00968	0.00774	0.00581	0.01936	0.01742	0.03097	0.02710	0.03097	0.02129	0.00968	0.00581	0.00194	0.00387	0.00774	0.75416	0.00774
28	0.01122	0.00801	0.01090	0.01282	0.01378	0.00769	0.00962	0.01346	0.01699	0.02243	0.04518	0.49814	0.05255	0.02499	0.01090	0.00353	0.00577	0.21728	0.00769	0.00705
29	0.01025	0.00837	0.00907	0.00903	0.01152	0.00718	0.00672	0.01272	0.01976	0.02473	0.20490	0.11039	0.49558	0.02044	0.00986	0.00279	0.00418	0.01733	0.00802	0.00718
30	0.02414	0.01241	0.01529	0.01318	0.01755	0.01157	0.01033	0.05496	0.08914	0.30756	0.04631	0.16025	0.17046	0.01563	0.00910	0.00279	0.00606	0.01324	0.00896	0.01109
31	0.02056	0.01974	0.03372	0.05099	0.65622	0.01974	0.02550	0.02550	0.01892	0.02714	0.01563	0.02056	0.01316	0.00740	0.00822	0.00247	0.00987	0.00740	0.00411	0.01316
32	0.01198	0.00847	0.01116	0.01116	0.01189	0.00920	0.00765	0.01343	0.01270	0.01766	0.02425	0.04372	0.02558	0.39175	0.35225	0.01065	0.01501	0.01052	0.00475	0.00620
33	0.01062	0.00804	0.00981	0.01023	0.01193	0.00722	0.00734	0.01316	0.01957	0.02596	0.27700	0.28532	0.24106	0.02127	0.01008	0.00293	0.00431	0.01869	0.00823	0.00722
34	0.01003	0.00757	0.00929	0.01066	0.01181	0.00682	0.00731	0.01167	0.01678	0.02156	0.05681	0.52376	0.22669	0.02459	0.01038	0.00321	0.00464	0.02187	0.00771	0.00682
35	0.02061	0.02207	0.02626	0.25448	0.14382	0.16717	0.02063	0.02431	0.01753	0.02172	0.01347	0.01923	0.01130	0.00985	0.01309	0.00280	0.19093	0.00690	0.00388	0.00996
36	0.01858	0.03150	0.35508	0.03543	0.30956	0.01956	0.02756	0.02680	0.04784	0.02708	0.01613	0.01952	0.01240	0.00784	0.00807	0.00257	0.01094	0.00685	0.00401	0.01271
37	0.02080	0.02165	0.02886	0.26338	0.33687	0.13833	0.02295	0.02543	0.01897	0.02388	0.01483	0.02009	0.01200	0.00792	0.00812	0.00251	0.01121	0.00702	0.00400	0.01117
38	0.01028	0.00843	0.00905	0.00890	0.01150	0.00721	0.00667	0.01281	0.02001	0.02500	0.21795	0.07573	0.51746	0.02008	0.00981	0.00276	0.00414	0.01694	0.00805	0.00721
39	0.02182	0.17752	0.05575	0.03420	0.32852	0.02242	0.06894	0.02857	0.08994	0.06729	0.01796	0.02066	0.01433	0.00795	0.00772	0.00239	0.00950	0.00717	0.00487	0.01247
40	0.02670	0.22127	0.02931	0.01949	0.02391	0.40220	0.01586	0.02894	0.02011	0.02007	0.01220	0.01500	0.01072	0.00905	0.00983	0.00226	0.11387	0.00539	0.00399	0.00983
41	0.22101	0.01734	0.08971	0.04060	0.02340	0.01479	0.13547	0.02023	0.01752	0.02774	0.04055	0.04117	0.25339	0.01265	0.00826	0.00272	0.00792	0.01078	0.00569	0.00906
42	0.05695	0.15983	0.33335	0.02040	0.02908	0.17056	0.02220	0.02871	0.06020	0.02482	0.01494	0.01690	0.01150	0.00812	0.00725	0.00238	0.01162	0.00579	0.00410	0.01129
43	0.01021	0.00727	0.00961	0.01146	0.01192	0.00681	0.00759	0.01159	0.01574	0.02098	0.04492	0.67403	0.05385	0.05610	0.01200	0.00358	0.00496	0.02311	0.00759	0.00667
44	0.01037	0.00804	0.00934	0.01025	0.01192	0.00719	0.00737	0.01224	0.01738	0.02179	0.06258	0.31868	0.33512	0.06402	0.01219	0.00342	0.00496	0.06874	0.00755	0.00685
45	0.01487	0.01080	0.01469	0.04546	0.01740	0.01227	0.01093	0.09284	0.01672	0.02361	0.02164	0.03149	0.01976	0.09193	0.45070	0.05243	0.01745	0.00871	0.03829	0.00800
46	0.01166	0.00826	0.01110	0.01281	0.01382	0.00803	0.00972	0.01391	0.01679	0.02213	0.04292	0.38522	0.04936	0.09900	0.01440	0.00407	0.00632	0.25615	0.00740	0.00693
47	0.01010	0.00730	0.00957	0.01138	0.01200	0.00676	0.00763	0.01159	0.01609	0.02128	0.04807	0.66555	0.09055	0.02573	0.01056	0.00334	0.00478	0.02325	0.00771	0.00676
48	0.13376	0.01248	0.04282	0.01143	0.01498	0.01147	0.00941	0.06100	0.02015	0.09031	0.16136	0.10900	0.06886	0.01331	0.00779	0.00251	0.00545	0.01101	0.20388	0.00904
49	0.02245	0.08899	0.11574	0.05416	0.02513	0.14604	0.01607	0.18964	0.02503	0.03093	0.05505	0.03174	0.14159	0.01152	0.00817	0.00246	0.00962	0.00888	0.00605	0.01074
50	0.01003	0.00757	0.00929	0.01066	0.01181	0.00682	0.00731	0.01167	0.01677	0.02156	0.05678	0.52421	0.22626	0.02460	0.01038	0.00321	0.00464	0.02187	0.00771	0.00682
51	0.01674	0.01408	0.01521	0.01394	0.01770	0.01537	0.01074	0.03203	0.39246	0.03219	0.17834	0.04672	0.15140	0.01430	0.00900	0.00277	0.00556	0.01211	0.00847	0.01087
52	0.02064	0.02251	0.09034	0.15322	0.39140	0.05676	0.05087	0.06553	0.02003	0.02732	0.01560	0.02028	0.01246	0.00782	0.00824	0.00253	0.01072	0.00728	0.00428	0.01218
53	0.02659	0.06341	0.02626	0.17330	0.07467	0.16414	0.01806	0.28806	0.02803	0.03485	0.01648	0.01904	0.01244	0.00896	0.00796	0.00244	0.01087	0.00682	0.00584	0.01179
54	0.02089	0.02059	0.03268	0.08284	0.58926	0.05650	0.02484	0.02570	0.01905	0.02645	0.01542	0.02033	0.01291	0.00751	0.00819	0.00246	0.01022	0.00729	0.00410	0.01275
55	0.04160	0.00883	0.00966	0.00959	0.01219	0.00781	0.00713	0.01429	0.01920	0.05495	0.15725	0.16452	0.42328	0.02013	0.00968	0.00284	0.00448	0.01711	0.00795	0.00751
56	0.02528	0.28964	0.03307	0.02313	0.13628	0.12516	0.01680	0.16440	0.06046	0.02937	0.01570	0.01742	0.01277	0.00828	0.00704	0.00218	0.00990	0.00609	0.00513	0.01189
57	0.02312	0.02262	0.19689	0.02108	0.09340	0.01596	0.01850	0.03196	0.13442	0.21379	0.03098	0.03302	0.07015	0.01111	0.00853	0.00271	0.00852	0.04382	0.00705	0.01238

[dist]
# distance from previous block
# <min> <max>
0	1

[block]
# block no. 2 follows, 22 sequences, length 34
# corresponding to MSA columns:
# 315-348
name=unknown_C
#
# <colnr> <probs for GDERKNQSTAVLIFYWHMCP>
#	G	D	E	R	K	N	Q	S	T	A	V	L	I	F	Y	W	H	M	C	P
0	0.02304	0.02366	0.01971	0.01901	0.04909	0.24374	0.01377	0.09137	0.20390	0.02827	0.02699	0.17029	0.02508	0.01325	0.00857	0.00266	0.00950	0.01082	0.00665	0.01064
1	0.02137	0.01365	0.01537	0.01314	0.01683	0.01472	0.01049	0.22982	0.02438	0.06667	0.02393	0.02737	0.01868	0.02044	0.14195	0.00446	0.00956	0.00792	0.30906	0.01019
2	0.03122	0.03412	0.02401	0.02063	0.02571	0.45708	0.01596	0.23282	0.02875	0.03107	0.01522	0.01665	0.01185	0.00903	0.00777	0.00226	0.01302	0.00606	0.00563	0.01114
3	0.02193	0.01745	0.01958	0.01549	0.02071	0.01819	0.01260	0.28172	0.02653	0.03619	0.03169	0.03218	0.15255	0.01201	0.01031	0.00240	0.08587	0.00905	0.00685	0.18670
4	0.01183	0.00863	0.01219	0.01228	0.01337	0.00967	0.00902	0.01404	0.01318	0.01865	0.02429	0.06989	0.02458	0.20913	0.49753	0.01165	0.01815	0.01034	0.00474	0.00684
5	0.02221	0.71304	0.04353	0.01421	0.02132	0.03287	0.01421	0.02488	0.01688	0.01955	0.01155	0.01333	0.01066	0.00711	0.00533	0.00178	0.00888	0.00444	0.00355	0.01066
6	0.01123	0.00841	0.01049	0.01060	0.01256	0.00767	0.00801	0.01437	0.02095	0.02821	0.37227	0.15491	0.21136	0.01977	0.01008	0.00288	0.00449	0.07580	0.00846	0.00747
7	0.01187	0.00890	0.01335	0.01335	0.01483	0.01038	0.01038	0.01483	0.01335	0.01928	0.02225	0.03264	0.02077	0.06231	0.67512	0.01335	0.02225	0.00890	0.00445	0.00742
8	0.03103	0.03959	0.02354	0.02140	0.02568	0.67469	0.01605	0.03317	0.02354	0.02033	0.01284	0.01498	0.01070	0.00856	0.00749	0.00214	0.01498	0.00535	0.00428	0.00963
9	0.01012	0.00723	0.00964	0.01157	0.01205	0.00675	0.00771	0.01157	0.01591	0.02121	0.04579	0.70262	0.05495	0.02603	0.01060	0.00337	0.00482	0.02362	0.00771	0.00675
10	0.01158	0.00869	0.00968	0.00929	0.01200	0.00748	0.00702	0.01427	0.02049	0.05353	0.24801	0.07246	0.45719	0.01938	0.00975	0.00274	0.00425	0.01640	0.00824	0.00757
11	0.01070	0.00791	0.01000	0.01061	0.01205	0.00721	0.00753	0.01321	0.01934	0.02607	0.28520	0.35211	0.16407	0.02172	0.01016	0.00299	0.00437	0.01929	0.00826	0.00721
12	0.03158	0.02327	0.02493	0.01911	0.02576	0.02576	0.01579	0.62852	0.03906	0.05236	0.01995	0.01995	0.01413	0.00997	0.00831	0.00249	0.00914	0.00748	0.00831	0.01413
13	0.01133	0.00774	0.00928	0.01003	0.01021	0.00755	0.00607	0.01188	0.01356	0.01807	0.03374	0.30432	0.03974	0.44507	0.03007	0.00625	0.00681	0.01653	0.00607	0.00569
14	0.01031	0.00736	0.00986	0.01178	0.01235	0.00691	0.00804	0.01189	0.01609	0.02142	0.04568	0.66731	0.05453	0.02585	0.01065	0.00340	0.00498	0.05706	0.00771	0.00680
15	0.02750	0.02519	0.02121	0.01811	0.02304	0.23754	0.01416	0.19021	0.15823	0.08979	0.08836	0.02581	0.02272	0.01054	0.00823	0.00246	0.00981	0.00805	0.00726	0.01176
16	0.01016	0.00850	0.00889	0.00898	0.01168	0.00723	0.00687	0.01248	0.01920	0.02320	0.11268	0.07988	0.58115	0.02094	0.00993	0.00286	0.00442	0.05605	0.00779	0.00710
17	0.01930	0.02150	0.04397	0.03218	0.03879	0.02196	0.49574	0.02519	0.01813	0.02519	0.01554	0.02150	0.01224	0.00862	0.01355	0.00298	0.15952	0.00926	0.00408	0.01075
18	0.02756	0.06207	0.02338	0.01904	0.02407	0.28770	0.01498	0.19990	0.16166	0.03229	0.01978	0.02063	0.01534	0.01208	0.04019	0.00291	0.01158	0.00695	0.00628	0.01159
19	0.12079	0.02977	0.26647	0.01884	0.02636	0.10590	0.01944	0.14603	0.02273	0.03266	0.08093	0.05485	0.02006	0.01017	0.00788	0.00256	0.01002	0.00783	0.00556	0.01114
20	0.42140	0.01336	0.01271	0.09459	0.01966	0.01480	0.00996	0.02011	0.01635	0.03106	0.07378	0.03550	0.18541	0.01195	0.00709	0.00266	0.00625	0.00903	0.00591	0.00842
21	0.01027	0.00760	0.00939	0.01065	0.01166	0.00695	0.00721	0.01184	0.01657	0.02156	0.07613	0.49336	0.18431	0.07589	0.01278	0.00357	0.00489	0.02109	0.00757	0.00672
22	0.01625	0.01707	0.01349	0.01380	0.01591	0.20465	0.00988	0.01804	0.01883	0.02122	0.04437	0.36359	0.17181	0.01977	0.00951	0.00288	0.00770	0.01688	0.00670	0.00766
23	0.02145	0.01791	0.02445	0.18423	0.20648	0.06006	0.01822	0.05987	0.01963	0.09023	0.01698	0.02078	0.01317	0.00875	0.00877	0.03364	0.00925	0.00681	0.00504	0.17428
24	0.30210	0.09461	0.02162	0.07357	0.05104	0.24655	0.01407	0.02835	0.05252	0.02773	0.01367	0.01598	0.01100	0.00818	0.00655	0.00237	0.01017	0.00542	0.00470	0.00981
25	0.19149	0.11831	0.02062	0.05239	0.04749	0.06217	0.01256	0.10756	0.01929	0.02968	0.01882	0.07442	0.01687	0.01855	0.11616	0.00420	0.01041	0.00773	0.06161	0.00967
26	0.06007	0.05559	0.10306	0.01851	0.05326	0.12055	0.01536	0.08886	0.08280	0.05118	0.02195	0.09454	0.01945	0.01997	0.12481	0.00441	0.01173	0.00876	0.00567	0.03945
27	0.05927	0.01408	0.05239	0.01551	0.04439	0.01219	0.05955	0.05230	0.01987	0.16669	0.07215	0.09039	0.12902	0.08608	0.01206	0.00320	0.00704	0.01145	0.08259	0.00980
28	0.02256	0.05440	0.01904	0.01650	0.04622	0.13000	0.01235	0.09009	0.04671	0.11300	0.02398	0.09261	0.02069	0.02042	0.12842	0.00434	0.01098	0.00893	0.09216	0.04658
29	0.02409	0.05646	0.02512	0.02530	0.16064	0.13922	0.01689	0.10010	0.16225	0.06657	0.05351	0.02387	0.01909	0.01016	0.01002	0.00259	0.07832	0.00779	0.00615	0.01187
30	0.05829	0.12098	0.06688	0.02798	0.13320	0.04513	0.22826	0.02733	0.05154	0.05890	0.01685	0.02004	0.01311	0.00752	0.00796	0.00238	0.01059	0.00742	0.00472	0.09093
31	0.11802	0.09261	0.06320	0.04742	0.08260	0.07723	0.01404	0.02421	0.09901	0.02502	0.02607	0.03066	0.09490	0.08518	0.01340	0.03988	0.04341	0.00843	0.00522	0.00949
32	0.09320	0.05277	0.05891	0.05220	0.13206	0.04600	0.04826	0.07971	0.16846	0.03074	0.06249	0.02570	0.02036	0.01483	0.07524	0.00366	0.01010	0.00809	0.00591	0.01131
33	0.05900	0.02191	0.11940	0.05010	0.05913	0.05127	0.12646	0.06779	0.13835	0.05690	0.03183	0.03254	0.12697	0.01094	0.00860	0.00269	0.00932	0.00959	0.00609	0.01114

[dist]
# distance from previous block
# <min> <max>
10	151

[block]
# block no. 3 follows, 22 sequences, length 38
# corresponding to MSA columns:
# 501-538
name=unknown_D
#
# <colnr> <probs for GDERKNQSTAVLIFYWHMCP>
#	G	D	E	R	K	N	Q	S	T	A	V	L	I	F	Y	W	H	M	C	P
0	0.01665	0.01246	0.01743	0.01484	0.01798	0.01280	0.04991	0.05269	0.01683	0.06937	0.04518	0.06619	0.02299	0.13748	0.22418	0.00674	0.07033	0.00954	0.00551	0.13090
1	0.02095	0.21440	0.20586	0.08840	0.12558	0.11876	0.06555	0.02635	0.01851	0.02329	0.01394	0.01727	0.01118	0.00768	0.00737	0.00233	0.01142	0.00614	0.00379	0.01122
2	0.18453	0.11370	0.13362	0.01796	0.05344	0.13874	0.01587	0.04921	0.01840	0.02710	0.01734	0.02001	0.04007	0.01334	0.06753	0.00329	0.01092	0.00620	0.00461	0.06412
3	0.01538	0.01089	0.01318	0.01212	0.01498	0.01087	0.00923	0.02333	0.15825	0.07787	0.41696	0.08111	0.09096	0.01584	0.00943	0.00270	0.00478	0.01381	0.00894	0.00937
4	0.02081	0.01861	0.04659	0.02310	0.15971	0.05871	0.01537	0.03129	0.22602	0.08743	0.06202	0.03172	0.08225	0.01071	0.00827	0.00249	0.00770	0.00907	0.00679	0.09133
5	0.01907	0.01910	0.03443	0.10094	0.38040	0.01942	0.16493	0.02419	0.01852	0.02577	0.01997	0.02483	0.05386	0.00867	0.00977	0.00266	0.04886	0.00861	0.00430	0.01172
6	0.01022	0.00768	0.00952	0.01093	0.01212	0.00698	0.00765	0.01198	0.01690	0.02174	0.05596	0.50182	0.21460	0.02452	0.01044	0.00325	0.00481	0.05430	0.00771	0.00687
7	0.02744	0.03363	0.02138	0.02003	0.02378	0.54503	0.01526	0.02979	0.02252	0.02104	0.01899	0.05996	0.01827	0.01151	0.00822	0.00245	0.01342	0.09313	0.00494	0.00920
8	0.01666	0.04297	0.66500	0.02368	0.03596	0.01929	0.03069	0.02631	0.01754	0.02631	0.01491	0.01754	0.01052	0.00789	0.00789	0.00263	0.01228	0.00614	0.00351	0.01228
9	0.01927	0.10812	0.39025	0.02518	0.03534	0.05332	0.17457	0.05055	0.01913	0.02641	0.01512	0.01826	0.01120	0.00770	0.00809	0.00255	0.01235	0.00688	0.00391	0.01179
10	0.02921	0.03666	0.02237	0.02037	0.02443	0.61176	0.01528	0.03152	0.02354	0.02156	0.07315	0.01942	0.01709	0.00936	0.00771	0.00218	0.01394	0.00626	0.00474	0.00946
11	0.01051	0.00844	0.00937	0.00914	0.01164	0.00731	0.00685	0.01326	0.02056	0.02631	0.28604	0.07359	0.44855	0.01960	0.00981	0.00274	0.00411	0.01664	0.00822	0.00731
12	0.01464	0.01297	0.01866	0.01707	0.01790	0.01700	0.01381	0.01710	0.01308	0.01960	0.01727	0.02628	0.01644	0.04133	0.39058	0.00908	0.31677	0.00818	0.00409	0.00815
13	0.02703	0.02489	0.02407	0.02492	0.14208	0.22992	0.01680	0.06411	0.14151	0.13062	0.02085	0.02180	0.01578	0.00972	0.00967	0.00255	0.06831	0.00727	0.00618	0.01189
14	0.01084	0.00774	0.01046	0.01238	0.01318	0.00736	0.00895	0.01280	0.01661	0.02201	0.04539	0.56927	0.05338	0.02535	0.01079	0.00347	0.00544	0.14991	0.00770	0.00695
15	0.01012	0.00723	0.00964	0.01157	0.01205	0.00675	0.00771	0.01157	0.01591	0.02121	0.04579	0.70262	0.05495	0.02603	0.01060	0.00337	0.00482	0.02362	0.00771	0.00675
16	0.01505	0.01381	0.02168	0.06162	0.02250	0.01678	0.08492	0.01785	0.01417	0.02037	0.01961	0.08469	0.01960	0.09386	0.21636	0.00676	0.24777	0.00990	0.00442	0.00827
17	0.01310	0.01045	0.01309	0.01279	0.01464	0.01122	0.00971	0.06564	0.01779	0.02362	0.04529	0.23866	0.20823	0.03071	0.17005	0.00554	0.07971	0.01535	0.00657	0.00785
18	0.01187	0.00890	0.01335	0.01335	0.01483	0.01038	0.01038	0.01483	0.01335	0.01928	0.02225	0.03264	0.02077	0.06231	0.67512	0.01335	0.02225	0.00890	0.00445	0.00742
19	0.00989	0.00812	0.00872	0.00920	0.01143	0.00695	0.00666	0.01183	0.01818	0.02213	0.07462	0.23473	0.50422	0.02228	0.01001	0.00295	0.00436	0.01905	0.00771	0.00695
20	0.02697	0.03222	0.02852	0.03153	0.22181	0.42519	0.06293	0.03033	0.02183	0.02289	0.01399	0.01724	0.01160	0.00809	0.00788	0.00229	0.01333	0.00631	0.00422	0.01083
21	0.05379	0.01262	0.01499	0.01327	0.01652	0.01259	0.00988	0.13933	0.02147	0.18614	0.03188	0.23439	0.03122	0.16389	0.01613	0.00397	0.00698	0.01341	0.00779	0.00975
22	0.01851	0.19215	0.46016	0.05867	0.03339	0.05195	0.02589	0.02601	0.01761	0.02423	0.01405	0.01673	0.01059	0.00777	0.00732	0.00242	0.01157	0.00579	0.00356	0.01162
23	0.02468	0.02883	0.02746	0.18466	0.15564	0.35231	0.05875	0.02846	0.02077	0.02226	0.01408	0.01822	0.01138	0.00818	0.00797	0.00239	0.01302	0.00651	0.00410	0.01032
24	0.01338	0.01094	0.01563	0.01901	0.15322	0.01031	0.01146	0.01723	0.02178	0.03024	0.42242	0.05581	0.15526	0.01553	0.00946	0.00261	0.00527	0.01375	0.00782	0.00887
25	0.02206	0.02326	0.02980	0.08360	0.45099	0.16253	0.02242	0.02630	0.01978	0.02506	0.01800	0.02208	0.04087	0.00832	0.00814	0.00243	0.01082	0.00740	0.00428	0.01186
26	0.02901	0.03536	0.02262	0.02053	0.02489	0.54733	0.01549	0.03531	0.14382	0.02314	0.01692	0.01810	0.01356	0.00909	0.00768	0.00227	0.01334	0.00614	0.00509	0.01032
27	0.07132	0.08612	0.31300	0.02095	0.02938	0.21102	0.02202	0.10266	0.02168	0.02802	0.01448	0.01653	0.01093	0.00828	0.00747	0.00241	0.01205	0.00585	0.00443	0.01141
28	0.01809	0.18824	0.48450	0.02242	0.03329	0.02239	0.06999	0.02602	0.01754	0.02485	0.01431	0.01697	0.01070	0.00766	0.00747	0.00246	0.01166	0.00603	0.00357	0.01185
29	0.00991	0.00807	0.00877	0.00933	0.01146	0.00694	0.00672	0.01182	0.01805	0.02208	0.07298	0.26134	0.47867	0.02249	0.01005	0.00297	0.00439	0.01931	0.00771	0.00694
30	0.01039	0.00838	0.00925	0.00914	0.01160	0.00724	0.00682	0.01299	0.02013	0.02553	0.24667	0.10249	0.46005	0.02009	0.00985	0.00277	0.00415	0.01708	0.00813	0.00724
31	0.01012	0.00723	0.00964	0.01157	0.01205	0.00675	0.00771	0.01157	0.01591	0.02121	0.04579	0.70262	0.05495	0.02603	0.01060	0.00337	0.00482	0.02362	0.00771	0.00675
32	0.01033	0.00847	0.00919	0.00961	0.01211	0.00734	0.00739	0.01261	0.01871	0.02267	0.07551	0.13343	0.52094	0.02171	0.01011	0.00299	0.00473	0.09737	0.00771	0.00708
33	0.01021	0.00817	0.00913	0.00944	0.01160	0.00709	0.00687	0.01247	0.01903	0.02398	0.17024	0.21334	0.42629	0.02146	0.00999	0.00290	0.00429	0.01845	0.00795	0.00709
34	0.02830	0.03237	0.02417	0.02114	0.02485	0.43198	0.01648	0.12251	0.02358	0.02522	0.01352	0.01645	0.01128	0.01009	0.01195	0.00252	0.16253	0.00610	0.00476	0.01021
35	0.02362	0.02474	0.02658	0.02198	0.02715	0.19302	0.13366	0.06668	0.29508	0.02954	0.02312	0.02390	0.01771	0.00983	0.00941	0.00266	0.04517	0.00820	0.00628	0.01169
36	0.01021	0.00729	0.00971	0.01151	0.01207	0.00680	0.00772	0.01178	0.01630	0.02183	0.07696	0.66967	0.05615	0.02556	0.01056	0.00333	0.00477	0.02317	0.00779	0.00680
37	0.05497	0.01931	0.02290	0.20223	0.03300	0.02222	0.01687	0.29420	0.17848	0.03888	0.02155	0.02297	0.01581	0.00974	0.00821	0.00265	0.00894	0.00780	0.00694	0.01233

[dist]
# distance from previous block
# <min> <max>
0	1

[block]
# block no. 4 follows, 22 sequences, length 86
# corresponding to MSA columns:
# 540-625
name=unknown_E
#
# <colnr> <probs for GDERKNQSTAVLIFYWHMCP>
#	G	D	E	R	K	N	Q	S	T	A	V	L	I	F	Y	W	H	M	C	P
0	0.06204	0.02889	0.02164	0.01872	0.02363	0.33275	0.01454	0.19654	0.10355	0.03189	0.02289	0.02332	0.06335	0.01022	0.00791	0.00239	0.01110	0.00735	0.00621	0.01107
1	0.01089	0.00863	0.00997	0.01061	0.01294	0.00771	0.00838	0.01349	0.01897	0.02353	0.09866	0.13352	0.41444	0.02175	0.01032	0.00311	0.00516	0.17295	0.00777	0.00720
2	0.02493	0.20494	0.03039	0.14600	0.09500	0.16331	0.01778	0.16986	0.02374	0.02862	0.01484	0.01764	0.01183	0.00835	0.00735	0.00228	0.01075	0.00621	0.00492	0.01126
3	0.01992	0.01813	0.02971	0.27420	0.17016	0.01968	0.12233	0.13528	0.02172	0.02914	0.01844	0.06940	0.01542	0.00946	0.00870	0.00270	0.01052	0.00896	0.00501	0.01111
4	0.06031	0.06093	0.02496	0.02688	0.20854	0.11203	0.01705	0.11685	0.15155	0.03157	0.02132	0.02553	0.01741	0.00968	0.00791	0.00251	0.00913	0.03872	0.04525	0.01188
5	0.02417	0.01429	0.01725	0.08476	0.02216	0.05042	0.01237	0.09470	0.02118	0.22597	0.02486	0.02744	0.01847	0.02168	0.15967	0.00490	0.01103	0.00800	0.14605	0.01065
6	0.01208	0.00805	0.00906	0.00906	0.00906	0.00805	0.00503	0.01208	0.01208	0.01611	0.02618	0.05436	0.03020	0.70804	0.04228	0.00805	0.00805	0.01208	0.00503	0.00503
7	0.01493	0.01057	0.01226	0.03988	0.01447	0.01121	0.00813	0.02010	0.13641	0.04461	0.02844	0.04966	0.02907	0.47727	0.03121	0.00636	0.00783	0.04430	0.00599	0.00729
8	0.01468	0.01296	0.01842	0.01681	0.01753	0.01691	0.01347	0.01693	0.01298	0.01938	0.01749	0.02775	0.01705	0.08660	0.34283	0.00866	0.31904	0.00840	0.00413	0.00799
9	0.02013	0.05780	0.06857	0.04288	0.43083	0.02095	0.15231	0.02547	0.01858	0.02624	0.01540	0.02031	0.01267	0.00768	0.00932	0.00257	0.04419	0.00769	0.00405	0.01237
10	0.01301	0.00944	0.01286	0.01458	0.01658	0.00929	0.01264	0.01666	0.01910	0.02461	0.04821	0.09226	0.11139	0.02275	0.01130	0.00372	0.00729	0.53906	0.00766	0.00758
11	0.02378	0.15146	0.02578	0.02130	0.08857	0.33200	0.01536	0.02650	0.01943	0.02066	0.01514	0.01948	0.01335	0.02098	0.16627	0.00478	0.01508	0.00625	0.00417	0.00966
12	0.01144	0.00865	0.01278	0.01380	0.01507	0.00823	0.04442	0.01377	0.01688	0.02239	0.04370	0.51863	0.05082	0.02421	0.01077	0.00345	0.00602	0.16024	0.00750	0.00722
13	0.02875	0.02697	0.02256	0.01911	0.02442	0.24487	0.01501	0.24320	0.19327	0.06477	0.02180	0.02158	0.01624	0.00985	0.00807	0.00246	0.01035	0.00730	0.00707	0.01234
14	0.06561	0.02418	0.02966	0.04022	0.43837	0.17602	0.02194	0.02699	0.01944	0.02575	0.01450	0.01871	0.01223	0.00804	0.00880	0.00245	0.04427	0.00674	0.00419	0.01188
15	0.05685	0.24695	0.06334	0.02544	0.16872	0.12396	0.06050	0.04880	0.04534	0.02547	0.01527	0.01800	0.01260	0.00787	0.00702	0.00222	0.01010	0.00621	0.04414	0.01119
16	0.01987	0.32922	0.20026	0.04670	0.03239	0.02567	0.18742	0.02558	0.01779	0.02325	0.01396	0.01721	0.01118	0.00732	0.00731	0.00231	0.01123	0.00645	0.00373	0.01116
17	0.01827	0.01931	0.07456	0.31307	0.36429	0.01918	0.02486	0.02378	0.01786	0.02463	0.01522	0.02101	0.01211	0.00781	0.00823	0.00260	0.01054	0.00730	0.00390	0.01147
18	0.01760	0.01439	0.01836	0.04904	0.11760	0.01534	0.01343	0.02934	0.26966	0.05406	0.19342	0.07517	0.07093	0.01328	0.00894	0.00273	0.00639	0.01160	0.00774	0.01098
19	0.02346	0.06154	0.03280	0.02924	0.15257	0.14082	0.20684	0.05301	0.02094	0.09246	0.02032	0.09033	0.01749	0.00980	0.00868	0.00258	0.01121	0.00937	0.00534	0.01124
20	0.01041	0.00770	0.00981	0.01137	0.01244	0.00709	0.00805	0.01223	0.01681	0.02182	0.05273	0.52283	0.16539	0.02478	0.01055	0.00332	0.00500	0.08309	0.00771	0.00689
21	0.01187	0.00890	0.01335	0.01335	0.01483	0.01038	0.01038	0.01483	0.01335	0.01928	0.02225	0.03264	0.02077	0.06231	0.67512	0.01335	0.02225	0.00890	0.00445	0.00742
22	0.01771	0.04158	0.61990	0.02336	0.03524	0.01975	0.02964	0.06874	0.01906	0.02814	0.01526	0.01771	0.01078	0.00804	0.00792	0.00262	0.01206	0.00623	0.00385	0.01241
23	0.02763	0.06854	0.02346	0.02252	0.13939	0.12671	0.01534	0.03301	0.08565	0.25840	0.02805	0.03010	0.05041	0.01059	0.00823	0.00253	0.00888	0.04126	0.00719	0.01213
24	0.01104	0.00804	0.01127	0.01219	0.01309	0.00848	0.00872	0.01307	0.01449	0.01998	0.03382	0.35563	0.03783	0.09040	0.31169	0.00819	0.01289	0.01619	0.00606	0.00693
25	0.01022	0.00733	0.00956	0.01129	0.01185	0.00683	0.00750	0.01161	0.01582	0.02097	0.04628	0.64018	0.07849	0.06418	0.01235	0.00361	0.00498	0.02271	0.00756	0.00666
26	0.02126	0.02141	0.02811	0.24238	0.30286	0.12361	0.02209	0.05701	0.05299	0.02589	0.01610	0.02070	0.01281	0.00820	0.00815	0.00253	0.01085	0.00718	0.00445	0.01142
27	0.01842	0.01941	0.06017	0.28130	0.28931	0.01950	0.14253	0.02418	0.01814	0.02482	0.01551	0.02138	0.01217	0.00768	0.00855	0.00265	0.01123	0.00781	0.00395	0.01129
28	0.01026	0.00810	0.00925	0.00966	0.01167	0.00709	0.00698	0.01251	0.01893	0.02409	0.17754	0.24975	0.38136	0.02168	0.01003	0.00293	0.00433	0.01876	0.00798	0.00709
29	0.02723	0.11204	0.02874	0.02206	0.02657	0.45214	0.08021	0.02990	0.02103	0.02086	0.01287	0.01597	0.01092	0.00897	0.00994	0.00235	0.09829	0.00595	0.00411	0.00985
30	0.01192	0.00828	0.01044	0.01053	0.01101	0.00873	0.00684	0.01292	0.01266	0.01734	0.02584	0.07731	0.02837	0.47359	0.23989	0.00951	0.01237	0.01161	0.00497	0.00586
31	0.09953	0.02764	0.17196	0.03499	0.30487	0.11440	0.07716	0.02677	0.01884	0.02699	0.01474	0.01850	0.01173	0.00768	0.00786	0.00250	0.01115	0.00673	0.00412	0.01184
32	0.05687	0.09221	0.30979	0.05536	0.15431	0.04908	0.04592	0.02535	0.01736	0.02531	0.01413	0.01787	0.01112	0.00843	0.00969	0.00262	0.08285	0.00642	0.00379	0.01153
33	0.05237	0.02732	0.15136	0.24133	0.10184	0.17551	0.05604	0.02689	0.04480	0.02415	0.01519	0.01939	0.01168	0.00822	0.00798	0.00256	0.01190	0.00675	0.00413	0.01058
34	0.01118	0.00825	0.00911	0.00909	0.01032	0.00777	0.00591	0.01230	0.01523	0.01937	0.07179	0.06341	0.27241	0.38250	0.06175	0.00610	0.00716	0.01413	0.00619	0.00603
35	0.09688	0.12678	0.28109	0.02277	0.03143	0.07773	0.13954	0.05831	0.01898	0.02720	0.01442	0.01742	0.01101	0.00799	0.00830	0.00253	0.03570	0.00649	0.00414	0.01127
36	0.37581	0.01519	0.01546	0.01238	0.01843	0.01496	0.01013	0.02826	0.01768	0.21667	0.01850	0.01869	0.01315	0.00809	0.00632	0.00225	0.00655	0.00572	0.00659	0.18917
37	0.02028	0.02052	0.03817	0.04634	0.47801	0.02011	0.20014	0.02582	0.01912	0.02699	0.01597	0.02110	0.01300	0.00729	0.00868	0.00256	0.01107	0.00810	0.00414	0.01259
38	0.01253	0.00857	0.01144	0.01144	0.01324	0.00833	0.00849	0.01541	0.01880	0.05896	0.26533	0.21024	0.11379	0.03003	0.16846	0.00537	0.00870	0.01555	0.00759	0.00772
39	0.01004	0.00786	0.00910	0.00998	0.01166	0.00692	0.00703	0.01191	0.01770	0.02231	0.08961	0.37104	0.34891	0.02321	0.01019	0.00306	0.00448	0.02028	0.00777	0.00692
40	0.03697	0.01462	0.01958	0.01501	0.02145	0.01293	0.01240	0.07171	0.02459	0.62961	0.03209	0.02783	0.02022	0.01027	0.00835	0.00257	0.00718	0.00831	0.01018	0.01414
41	0.01012	0.00723	0.00964	0.01157	0.01205	0.00675	0.00771	0.01157	0.01591	0.02121	0.04579	0.70262	0.05495	0.02603	0.01060	0.00337	0.00482	0.02362	0.00771	0.00675
42	0.01080	0.00743	0.00942	0.01085	0.01130	0.00707	0.00705	0.01206	0.01517	0.02060	0.04071	0.53217	0.04805	0.17002	0.01709	0.00430	0.00546	0.02039	0.04362	0.00643
43	0.01012	0.00723	0.00964	0.01157	0.01205	0.00675	0.00771	0.01157	0.01591	0.02121	0.04579	0.70262	0.05495	0.02603	0.01060	0.00337	0.00482	0.02362	0.00771	0.00675
44	0.01156	0.00809	0.00896	0.00904	0.00961	0.00779	0.00540	0.01203	0.01358	0.01756	0.03831	0.08769	0.15242	0.54456	0.03458	0.00683	0.00716	0.01365	0.00567	0.00549
45	0.02915	0.03421	0.02277	0.02038	0.02493	0.49977	0.01549	0.08409	0.13969	0.02564	0.01732	0.01837	0.01371	0.00918	0.00774	0.00230	0.01294	0.00628	0.00539	0.01065
46	0.01052	0.00775	0.00986	0.01080	0.01203	0.00708	0.00754	0.01274	0.01843	0.02469	0.21687	0.43548	0.15000	0.02282	0.01027	0.00308	0.00448	0.02037	0.00810	0.00708
47	0.01788	0.01862	0.03787	0.08124	0.07077	0.01802	0.40194	0.02390	0.01923	0.02581	0.02306	0.03928	0.02091	0.01092	0.01000	0.00302	0.01205	0.15020	0.00498	0.01031
48	0.01919	0.01834	0.03125	0.22988	0.48803	0.01938	0.02481	0.02430	0.01827	0.02548	0.01538	0.02101	0.01257	0.00766	0.00825	0.00255	0.01021	0.00740	0.00399	0.01206
