[name]
unknown

[dist]
# distance from previous block
# <min> <max>
0	1

[block]
# block no. 0 follows, 22 sequences, length 52
# corresponding to MSA columns:
# 1-52
name=unknown_A
#
# <colnr> <probs for GDERKNQSTAVLIFYWHMCP>
#	G	D	E	R	K	N	Q	S	T	A	V	L	I	F	Y	W	H	M	C	P
0	0.01339	0.00956	0.01339	0.01530	0.01721	0.00956	0.01339	0.01721	0.01912	0.02486	0.04399	0.09371	0.04781	0.02295	0.01147	0.00382	0.00765	0.60031	0.00765	0.00765
1	0.01893	0.31738	0.41050	0.01980	0.02996	0.02485	0.02395	0.02572	0.01727	0.02354	0.01353	0.01581	0.01058	0.00757	0.00684	0.00228	0.01089	0.00544	0.00353	0.01162
2	0.01569	0.01477	0.02492	0.68808	0.05722	0.01846	0.02307	0.02123	0.01661	0.02123	0.01477	0.02215	0.01107	0.00831	0.00831	0.00277	0.01107	0.00738	0.00369	0.00923
3	0.01811	0.01723	0.02929	0.37186	0.35453	0.01909	0.02427	0.02334	0.01776	0.02416	0.01519	0.02136	0.01211	0.00786	0.00827	0.00262	0.01048	0.00739	0.00390	0.01118
4	0.03120	0.03459	0.02397	0.02070	0.02571	0.47571	0.01597	0.21572	0.02830	0.03015	0.01502	0.01650	0.01175	0.00899	0.00774	0.00225	0.01319	0.00600	0.00552	0.01101
5	0.06890	0.36917	0.18889	0.02047	0.02893	0.02633	0.14242	0.02554	0.01741	0.02373	0.01341	0.01618	0.01092	0.00731	0.00683	0.00224	0.01057	0.00594	0.00378	0.01104
6	0.02058	0.29831	0.34762	0.01978	0.02909	0.10639	0.02257	0.02662	0.01804	0.02298	0.01337	0.01561	0.01060	0.00768	0.00686	0.00224	0.01132	0.00539	0.00362	0.01133
7	0.02529	0.01892	0.02073	0.01669	0.02193	0.02067	0.01349	0.40329	0.11046	0.04543	0.17860	0.03178	0.03149	0.01188	0.00870	0.00256	0.00752	0.00959	0.00854	0.01244
8	0.01968	0.09498	0.04508	0.03093	0.03800	0.02290	0.47468	0.02548	0.01834	0.02492	0.01541	0.02084	0.01216	0.00809	0.01182	0.00281	0.11011	0.00888	0.00405	0.01085
9	0.01717	0.01232	0.01393	0.01271	0.01635	0.01250	0.00989	0.02710	0.23121	0.10194	0.18396	0.05407	0.22080	0.01569	0.00924	0.00278	0.00540	0.03428	0.00857	0.01011
10	0.01508	0.01157	0.01623	0.08566	0.02088	0.01343	0.01250	0.10289	0.01736	0.02420	0.02113	0.02972	0.01880	0.04913	0.50953	0.01068	0.01920	0.00854	0.00492	0.00856
11	0.29622	0.02904	0.01963	0.01750	0.02202	0.36584	0.01359	0.06606	0.02057	0.02841	0.01272	0.01491	0.01031	0.00863	0.00766	0.00239	0.04476	0.00527	0.00481	0.00965
12	0.01959	0.01176	0.01439	0.01296	0.01658	0.01146	0.01015	0.02693	0.14812	0.18497	0.22631	0.09123	0.12178	0.01563	0.00933	0.00279	0.00557	0.05123	0.00892	0.01028
13	0.01389	0.01197	0.01817	0.01657	0.01797	0.01486	0.04024	0.01673	0.01347	0.01980	0.01900	0.02834	0.01779	0.04715	0.47339	0.01030	0.19960	0.00851	0.00422	0.00803
14	0.02316	0.02467	0.03119	0.04364	0.49964	0.18238	0.02315	0.02740	0.02006	0.02545	0.01493	0.01918	0.01255	0.00769	0.00804	0.00239	0.01114	0.00689	0.00415	0.01228
15	0.01443	0.00722	0.01082	0.01082	0.01082	0.00722	0.00722	0.01082	0.01082	0.01443	0.01443	0.02525	0.01443	0.02886	0.03247	0.75830	0.00722	0.00722	0.00361	0.00361
16	0.01164	0.00849	0.01094	0.01033	0.01234	0.00779	0.00774	0.01545	0.02323	0.03264	0.61685	0.06316	0.11380	0.01723	0.00980	0.00262	0.00394	0.01518	0.00906	0.00779
17	0.01053	0.00745	0.00975	0.01143	0.01192	0.00705	0.00765	0.01191	0.01558	0.02074	0.04320	0.59045	0.05145	0.11266	0.01468	0.00399	0.00537	0.05026	0.00737	0.00657
18	0.03040	0.03669	0.02435	0.02312	0.06706	0.56815	0.01665	0.09099	0.02476	0.02392	0.01372	0.01583	0.01120	0.00862	0.00762	0.00220	0.01407	0.00569	0.00466	0.01030
19	0.01905	0.01820	0.03099	0.24847	0.47055	0.01934	0.02474	0.02417	0.01820	0.02531	0.01536	0.02105	0.01251	0.00768	0.00825	0.00256	0.01024	0.00740	0.00398	0.01194
20	0.01012	0.00723	0.00964	0.01157	0.01205	0.00675	0.00771	0.01157	0.01591	0.02121	0.04579	0.70262	0.05495	0.02603	0.01060	0.00337	0.00482	0.02362	0.00771	0.00675
21	0.01935	0.01850	0.03153	0.20920	0.50747	0.01942	0.02489	0.02444	0.01834	0.02567	0.01541	0.02096	0.01264	0.00763	0.00824	0.00254	0.01017	0.00740	0.00401	0.01218
22	0.01208	0.00805	0.00906	0.00906	0.00906	0.00805	0.00503	0.01208	0.01208	0.01611	0.02618	0.05436	0.03020	0.70804	0.04228	0.00805	0.00805	0.01208	0.00503	0.00503
23	0.03314	0.02077	0.02338	0.01793	0.02451	0.02205	0.01481	0.46749	0.03487	0.21929	0.02346	0.02223	0.01589	0.01006	0.00832	0.00251	0.00857	0.00772	0.00885	0.01413
24	0.01187	0.00890	0.01335	0.01335	0.01483	0.01038	0.01038	0.01483	0.01335	0.01928	0.02225	0.03264	0.02077	0.06231	0.67512	0.01335	0.02225	0.00890	0.00445	0.00742
25	0.02032	0.02040	0.03752	0.04702	0.50404	0.02005	0.17463	0.02577	0.01909	0.02701	0.01592	0.02102	0.01302	0.00730	0.00862	0.00255	0.01090	0.00800	0.00413	0.01267
26	0.01870	0.12484	0.54524	0.02192	0.03317	0.02053	0.02743	0.02705	0.01786	0.06689	0.01565	0.01771	0.01120	0.00795	0.00760	0.00252	0.01151	0.00607	0.00396	0.01220
27	0.01785	0.06432	0.48308	0.03008	0.18939	0.01995	0.02874	0.02605	0.01785	0.02624	0.01495	0.01812	0.01118	0.00774	0.00787	0.00256	0.01154	0.00638	0.00366	0.01243
28	0.01577	0.01515	0.01543	0.01499	0.01704	0.14575	0.01154	0.01857	0.01543	0.01950	0.02033	0.02904	0.01872	0.05135	0.53908	0.01107	0.02077	0.00818	0.00442	0.00787
29	0.03110	0.03755	0.02372	0.02112	0.02569	0.59358	0.01602	0.10758	0.02548	0.02433	0.01373	0.01560	0.01113	0.00874	0.00759	0.00218	0.01425	0.00562	0.00478	0.01019
30	0.01208	0.00881	0.00978	0.00933	0.01216	0.00755	0.00707	0.01470	0.02037	0.06679	0.21988	0.07220	0.47090	0.01934	0.00972	0.00274	0.00432	0.01632	0.00823	0.00768
31	0.02223	0.59709	0.10817	0.01554	0.02316	0.03097	0.01606	0.06437	0.01840	0.02240	0.01245	0.01420	0.01087	0.00738	0.00580	0.00191	0.00926	0.00482	0.00386	0.01106
32	0.01540	0.18446	0.02141	0.01385	0.01698	0.01672	0.01160	0.04725	0.01548	0.02096	0.01948	0.02722	0.01793	0.04605	0.47629	0.00995	0.01829	0.00772	0.00442	0.00855
33	0.01009	0.00735	0.00951	0.01124	0.01196	0.00678	0.00757	0.01160	0.01622	0.02133	0.04975	0.63839	0.11663	0.02551	0.01052	0.00332	0.00476	0.02299	0.00771	0.00678
34	0.00991	0.00805	0.00880	0.00939	0.01148	0.00693	0.00675	0.01181	0.01800	0.02206	0.07226	0.27308	0.46740	0.02259	0.01006	0.00298	0.00440	0.01942	0.00771	0.00693
35	0.02064	0.52288	0.21990	0.01690	0.02547	0.02902	0.01889	0.02528	0.01707	0.02146	0.01250	0.01452	0.01062	0.00733	0.00606	0.00202	0.00985	0.00492	0.00354	0.01112
36	0.01974	0.05539	0.02895	0.33496	0.27272	0.10169	0.02264	0.02448	0.01834	0.02321	0.01468	0.02022	0.01178	0.00794	0.00802	0.00253	0.01101	0.00699	0.00391	0.01080
37	0.03103	0.03959	0.02354	0.02140	0.02568	0.67469	0.01605	0.03317	0.02354	0.02033	0.01284	0.01498	0.01070	0.00856	0.00749	0.00214	0.01498	0.00535	0.00428	0.00963
38	0.02185	0.18571	0.02119	0.01242	0.01744	0.01591	0.01056	0.02593	0.06070	0.21256	0.08262	0.04381	0.22985	0.01351	0.00818	0.00247	0.00635	0.01088	0.00758	0.01048
39	0.05199	0.21934	0.47083	0.02059	0.03118	0.02286	0.02535	0.02584	0.01721	0.02501	0.01387	0.01624	0.01049	0.00768	0.00709	0.00240	0.01111	0.00562	0.00359	0.01170
40	0.01666	0.04297	0.66500	0.02368	0.03596	0.01929	0.03069	0.02631	0.01754	0.02631	0.01491	0.01754	0.01052	0.00789	0.00789	0.00263	0.01228	0.00614	0.00351	0.01228
41	0.02165	0.02313	0.02846	0.24125	0.31385	0.18199	0.02240	0.02608	0.01935	0.02362	0.01467	0.01967	0.01190	0.00797	0.00807	0.00248	0.01151	0.00689	0.00402	0.01106
42	0.02007	0.01924	0.03283	0.11529	0.59577	0.01961	0.02525	0.02506	0.01868	0.02654	0.01554	0.02072	0.01295	0.00749	0.00823	0.00250	0.00999	0.00740	0.00407	0.01276
43	0.02058	0.09870	0.39767	0.02141	0.03074	0.12659	0.02402	0.05323	0.09930	0.02684	0.01690	0.01857	0.01261	0.00844	0.00769	0.00249	0.01155	0.00633	0.00446	0.01189
44	0.01951	0.01025	0.01333	0.01155	0.01502	0.00911	0.00902	0.02299	0.02303	0.22905	0.38680	0.05370	0.13206	0.01539	0.00935	0.00262	0.00494	0.01325	0.00932	0.00971
45	0.01141	0.00848	0.01063	0.01009	0.01220	0.00769	0.00757	0.01501	0.02270	0.03139	0.55127	0.06523	0.18015	0.01770	0.00980	0.00265	0.00397	0.01547	0.00889	0.00769
46	0.01813	0.24904	0.43882	0.02007	0.03021	0.02292	0.02441	0.02532	0.01764	0.02457	0.04642	0.01851	0.01403	0.00811	0.00720	0.00237	0.01080	0.00607	0.00381	0.01155
47	0.02736	0.03243	0.02565	0.02845	0.18489	0.44467	0.01816	0.03231	0.08303	0.02347	0.01561	0.01797	0.01276	0.00853	0.00777	0.00229	0.01286	0.00627	0.00465	0.01087
48	0.01208	0.00805	0.00906	0.00906	0.00906	0.00805	0.00503	0.01208	0.01208	0.01611	0.02618	0.05436	0.03020	0.70804	0.04228	0.00805	0.00805	0.01208	0.00503	0.00503
49	0.01017	0.00744	0.00956	0.01112	0.01196	0.00684	0.00754	0.01182	0.01667	0.02198	0.08156	0.59206	0.13087	0.02494	0.01046	0.00326	0.00470	0.02242	0.00779	0.00684
50	0.20348	0.01560	0.01385	0.04634	0.01766	0.07929	0.00998	0.11339	0.02042	0.03418	0.02019	0.02301	0.01564	0.00906	0.00631	0.00224	0.00675	0.00665	0.34669	0.00927
51	0.02289	0.16479	0.03378	0.03787	0.40694	0.14696	0.02140	0.02683	0.01938	0.02430	0.01427	0.01803	0.01218	0.00756	0.00750	0.00226	0.01064	0.00641	0.00403	0.01198

[dist]
# distance from previous block
# <min> <max>
0	1

[block]
# block no. 1 follows, 22 sequences, length 118
# corresponding to MSA columns:
# 54-171
name=unknown_B
#
# <colnr> <probs for GDERKNQSTAVLIFYWHMCP>
#	G	D	E	R	K	N	Q	S	T	A	V	L	I	F	Y	W	H	M	C	P
0	0.19059	0.03673	0.51363	0.02072	0.03134	0.01914	0.02566	0.02587	0.01675	0.02885	0.01413	0.01660	0.01017	0.00785	0.00725	0.00262	0.01092	0.00576	0.00389	0.01152
1	0.01896	0.02930	0.29362	0.03975	0.40086	0.01956	0.02764	0.02583	0.01835	0.02680	0.01533	0.01932	0.01207	0.00760	0.00809	0.00253	0.01086	0.00688	0.00386	0.01280
2	0.02611	0.34661	0.03356	0.02059	0.07658	0.32557	0.01600	0.02873	0.02010	0.02054	0.01248	0.01469	0.01089	0.00780	0.00656	0.00200	0.01176	0.00511	0.00393	0.01040
3	0.02191	0.67736	0.07663	0.01472	0.02210	0.03215	0.01509	0.02495	0.01692	0.01991	0.01173	0.01355	0.01065	0.00715	0.00547	0.00182	0.00906	0.00453	0.00355	0.01075
4	0.01054	0.00771	0.00990	0.01089	0.01205	0.00708	0.00758	0.01274	0.01835	0.02468	0.21705	0.45402	0.13082	0.02296	0.01029	0.00310	0.00450	0.02055	0.00811	0.00708
5	0.01012	0.00723	0.00964	0.01157	0.01205	0.00675	0.00771	0.01157	0.01591	0.02121	0.04579	0.70262	0.05495	0.02603	0.01060	0.00337	0.00482	0.02362	0.00771	0.00675
6	0.01012	0.00723	0.00964	0.01157	0.01205	0.00675	0.00771	0.01157	0.01591	0.02121	0.04579	0.70262	0.05495	0.02603	0.01060	0.00337	0.00482	0.02362	0.00771	0.00675
7	0.01208	0.00805	0.00906	0.00906	0.00906	0.00805	0.00503	0.01208	0.01208	0.01611	0.02618	0.05436	0.03020	0.70804	0.04228	0.00805	0.00805	0.01208	0.00503	0.00503
8	0.34867	0.02465	0.01906	0.01621	0.02156	0.20129	0.01293	0.20397	0.02403	0.03703	0.01437	0.01580	0.01097	0.00861	0.00672	0.00243	0.00958	0.00561	0.00583	0.01068
9	0.01075	0.00819	0.00989	0.01003	0.01194	0.00732	0.00730	0.01352	0.02030	0.02701	0.32838	0.21087	0.26368	0.02035	0.00998	0.00285	0.00422	0.01777	0.00835	0.00732
10	0.01666	0.04297	0.66500	0.02368	0.03596	0.01929	0.03069	0.02631	0.01754	0.02631	0.01491	0.01754	0.01052	0.00789	0.00789	0.00263	0.01228	0.00614	0.00351	0.01228
11	0.02693	0.18778	0.03011	0.02574	0.15174	0.39769	0.01754	0.02975	0.02110	0.02153	0.01311	0.01573	0.01119	0.00800	0.00715	0.00212	0.01257	0.00556	0.00408	0.01057
12	0.02992	0.12485	0.02607	0.02049	0.02513	0.59344	0.01582	0.03212	0.02270	0.02023	0.01268	0.01477	0.01070	0.00838	0.00722	0.00209	0.01421	0.00524	0.00419	0.00976
13	0.01948	0.02550	0.17786	0.04143	0.38464	0.01992	0.15722	0.02592	0.01876	0.02684	0.01572	0.02029	0.01245	0.00742	0.00849	0.00258	0.01131	0.00764	0.00400	0.01254
14	0.01233	0.00922	0.01191	0.01326	0.01544	0.00881	0.01129	0.01565	0.01907	0.02414	0.05588	0.08963	0.22700	0.02238	0.01098	0.00352	0.00663	0.42771	0.00767	0.00746
15	0.01183	0.00854	0.01121	0.01068	0.01263	0.00792	0.00810	0.01575	0.02331	0.03292	0.62356	0.06353	0.07696	0.01726	0.00988	0.00267	0.00409	0.04225	0.00908	0.00783
16	0.01074	0.00816	0.00993	0.01041	0.01220	0.00735	0.00764	0.01333	0.01951	0.02568	0.25125	0.25948	0.25664	0.02134	0.01014	0.00297	0.00450	0.05332	0.00817	0.00724
17	0.03018	0.01467	0.02148	0.02240	0.16357	0.01334	0.01464	0.03388	0.02264	0.43687	0.10929	0.03092	0.02640	0.01050	0.00851	0.00255	0.00729	0.00901	0.00874	0.01310
18	0.02184	0.02217	0.03247	0.04737	0.57909	0.09986	0.02434	0.02643	0.01948	0.02631	0.01529	0.01988	0.01286	0.00754	0.00813	0.00243	0.01049	0.00715	0.00413	0.01273
19	0.01666	0.04297	0.66500	0.02368	0.03596	0.01929	0.03069	0.02631	0.01754	0.02631	0.01491	0.01754	0.01052	0.00789	0.00789	0.00263	0.01228	0.00614	0.00351	0.01228
20	0.01774	0.04147	0.63133	0.02321	0.03519	0.01892	0.02973	0.02705	0.01786	0.05946	0.01584	0.01810	0.01105	0.00802	0.00792	0.00263	0.01201	0.00625	0.00386	0.01237
21	0.03056	0.03870	0.02400	0.02273	0.05391	0.64537	0.01647	0.03283	0.02333	0.02064	0.01297	0.01523	0.01081	0.00851	0.00752	0.00215	0.01475	0.00544	0.00427	0.00979
22	0.00982	0.00842	0.00842	0.00842	0.01122	0.00701	0.00631	0.01192	0.01894	0.02244	0.08416	0.07995	0.65285	0.02104	0.00982	0.00281	0.00421	0.01753	0.00771	0.00701
23	0.02056	0.01974	0.03372	0.05099	0.65622	0.01974	0.02550	0.02550	0.01892	0.02714	0.01563	0.02056	0.01316	0.00740	0.00822	0.00247	0.00987	0.00740	0.00411	0.01316
24	0.01208	0.00805	0.00906	0.00906	0.00906	0.00805	0.00503	0.01208	0.01208	0.01611	0.02618	0.05436	0.03020	0.70804	0.04228	0.00805	0.00805	0.01208	0.00503	0.00503
25	0.02274	0.67285	0.04234	0.01464	0.02158	0.07118	0.01432	0.02537	0.01728	0.01959	0.01163	0.01343	0.01066	0.00719	0.00546	0.00180	0.00925	0.00450	0.00360	0.01060
26	0.05864	0.08075	0.10074	0.03310	0.11995	0.02154	0.41016	0.02618	0.01882	0.02662	0.01577	0.02051	0.01214	0.00718	0.00881	0.00264	0.01249	0.00843	0.00412	0.01140
27	0.02056	0.01974	0.03372	0.05099	0.65622	0.01974	0.02550	0.02550	0.01892	0.02714	0.01563	0.02056	0.01316	0.00740	0.00822	0.00247	0.00987	0.00740	0.00411	0.01316
28	0.00982	0.00842	0.00842	0.00842	0.01122	0.00701	0.00631	0.01192	0.01894	0.02244	0.08416	0.07995	0.65285	0.02104	0.00982	0.00281	0.00421	0.01753	0.00771	0.00701
29	0.01167	0.00849	0.01098	0.01036	0.01235	0.00780	0.00777	0.01550	0.02330	0.03280	0.62507	0.06290	0.10548	0.01717	0.00980	0.00262	0.00393	0.01514	0.00908	0.00780
30	0.01187	0.00890	0.01335	0.01335	0.01483	0.01038	0.01038	0.01483	0.01335	0.01928	0.02225	0.03264	0.02077	0.06231	0.67512	0.01335	0.02225	0.00890	0.00445	0.00742
31	0.01208	0.00805	0.00906	0.00906	0.00906	0.00805	0.00503	0.01208	0.01208	0.01611	0.02618	0.05436	0.03020	0.70804	0.04228	0.00805	0.00805	0.01208	0.00503	0.00503
32	0.01331	0.01094	0.01578	0.01496	0.01601	0.01362	0.01177	0.01581	0.01312	0.01922	0.01996	0.03089	0.01920	0.09683	0.48430	0.01078	0.17280	0.00876	0.00431	0.00763
33	0.02056	0.01974	0.03372	0.05099	0.65622	0.01974	0.02550	0.02550	0.01892	0.02714	0.01563	0.02056	0.01316	0.00740	0.00822	0.00247	0.00987	0.00740	0.00411	0.01316
34	0.01458	0.01119	0.01526	0.01424	0.01543	0.01390	0.01136	0.01746	0.01424	0.02255	0.02035	0.02816	0.01815	0.03516	0.31859	0.00764	0.20485	0.00814	0.20077	0.00797
35	0.01095	0.00783	0.01057	0.01235	0.01324	0.00745	0.00900	0.01307	0.01706	0.02272	0.07957	0.52888	0.05466	0.02482	0.01075	0.00343	0.00541	0.15345	0.00778	0.00701
36	0.08269	0.03718	0.02281	0.02056	0.02501	0.59817	0.01554	0.06052	0.02361	0.02302	0.01309	0.01511	0.01074	0.00857	0.00736	0.00219	0.01411	0.00539	0.00453	0.00980
37	0.38534	0.09808	0.06813	0.02356	0.19292	0.02099	0.01598	0.05898	0.01739	0.03259	0.01338	0.01605	0.01071	0.00770	0.00637	0.00245	0.00821	0.00557	0.00475	0.01084
38	0.06740	0.27810	0.02799	0.01619	0.02106	0.21476	0.01366	0.05716	0.01905	0.02252	0.01479	0.01854	0.01304	0.02020	0.15747	0.00458	0.01356	0.00588	0.00432	0.00971
39	0.01260	0.01118	0.01241	0.08656	0.01850	0.05547	0.01034	0.01519	0.01824	0.02222	0.05506	0.23440	0.28443	0.02036	0.00995	0.00306	0.00643	0.10912	0.00702	0.00747
40	0.01982	0.01878	0.03186	0.07986	0.58188	0.01896	0.02453	0.02470	0.01882	0.02669	0.01757	0.02577	0.01549	0.00854	0.00846	0.00258	0.00977	0.04901	0.00434	0.01258
41	0.02150	0.53418	0.17510	0.01662	0.02468	0.06416	0.01783	0.02562	0.01738	0.02103	0.01234	0.01431	0.01063	0.00735	0.00599	0.00198	0.00993	0.00485	0.00358	0.01095
42	0.01897	0.32224	0.40599	0.01973	0.02986	0.02495	0.02383	0.02571	0.01726	0.02349	0.01351	0.01578	0.01058	0.00757	0.00682	0.00227	0.01086	0.00543	0.00353	0.01160
43	0.02272	0.02355	0.02933	0.15536	0.36989	0.16788	0.02235	0.06247	0.02076	0.02606	0.01510	0.01954	0.01229	0.00798	0.00808	0.00245	0.01119	0.00694	0.00433	0.01172
44	0.02687	0.02875	0.02791	0.03303	0.28181	0.29802	0.01984	0.13156	0.02431	0.02856	0.01518	0.01809	0.01228	0.00833	0.00793	0.00233	0.01191	0.00655	0.00490	0.01183
45	0.01012	0.00849	0.00884	0.00892	0.01163	0.00720	0.00681	0.01241	0.01916	0.02310	0.10843	0.07993	0.58975	0.02096	0.00992	0.00286	0.00440	0.05220	0.00778	0.00709
46	0.01012	0.00723	0.00964	0.01157	0.01205	0.00675	0.00771	0.01157	0.01591	0.02121	0.04579	0.70262	0.05495	0.02603	0.01060	0.00337	0.00482	0.02362	0.00771	0.00675
47	0.01187	0.00890	0.01335	0.01335	0.01483	0.01038	0.01038	0.01483	0.01335	0.01928	0.02225	0.03264	0.02077	0.06231	0.67512	0.01335	0.02225	0.00890	0.00445	0.00742
48	0.76672	0.01607	0.01221	0.01092	0.01607	0.01864	0.00900	0.02442	0.01414	0.03727	0.01157	0.01350	0.00900	0.00771	0.00514	0.00257	0.00643	0.00450	0.00514	0.00900
49	0.01100	0.00927	0.00966	0.00956	0.01244	0.00832	0.00730	0.01507	0.07146	0.02416	0.10764	0.07555	0.54175	0.02010	0.00978	0.00284	0.00455	0.04409	0.00785	0.00760
50	0.01012	0.00723	0.00964	0.01157	0.01205	0.00675	0.00771	0.01157	0.01591	0.02121	0.04579	0.70262	0.05495	0.02603	0.01060	0.00337	0.00482	0.02362	0.00771	0.00675
51	0.03158	0.02327	0.02493	0.01911	0.02576	0.02576	0.01579	0.62852	0.03906	0.05236	0.01995	0.01995	0.01413	0.00997	0.00831	0.00249	0.00914	0.00748	0.00831	0.01413
52	0.01936	0.01540	0.01786	0.01313	0.02023	0.01259	0.01053	0.05601	0.06255	0.06478	0.01739	0.01896	0.01378	0.00695	0.00655	0.00148	0.00639	0.00557	0.00565	0.62482
53	0.03103	0.03959	0.02354	0.02140	0.02568	0.67469	0.01605	0.03317	0.02354	0.02033	0.01284	0.01498	0.01070	0.00856	0.00749	0.00214	0.01498	0.00535	0.00428	0.00963
54	0.00995	0.00842	0.00860	0.00856	0.01130	0.00707	0.00642	0.01219	0.01926	0.02320	0.12400	0.07869	0.61254	0.02075	0.00982	0.00279	0.00419	0.01736	0.00781	0.00707
55	0.01012	0.00723	0.00964	0.01157	0.01205	0.00675	0.00771	0.01157	0.01591	0.02121	0.04579	0.70262	0.05495	0.02603	0.01060	0.00337	0.00482	0.02362	0.00771	0.00675
56	0.02221	0.71304	0.04353	0.01421	0.02132	0.03287	0.01421	0.02488	0.01688	0.01955	0.01155	0.01333	0.01066	0.00711	0.00533	0.00178	0.00888	0.00444	0.00355	0.01066
57	0.02066	0.01785	0.01878	0.01691	0.02160	0.02066	0.01315	0.04414	0.64121	0.03475	0.03381	0.03099	0.02536	0.01127	0.00845	0.00282	0.00657	0.00939	0.00845	0.01315
58	0.01012	0.00723	0.00964	0.01157	0.01205	0.00675	0.00771	0.01157	0.01591	0.02121	0.04579	0.70262	0.05495	0.02603	0.01060	0.00337	0.00482	0.02362	0.00771	0.00675
59	0.02056	0.01974	0.03372	0.05099	0.65622	0.01974	0.02550	0.02550	0.01892	0.02714	0.01563	0.02056	0.01316	0.00740	0.00822	0.00247	0.00987	0.00740	0.00411	0.01316
60	0.01064	0.00803	0.00987	0.01050	0.01212	0.00725	0.00758	0.01309	0.01912	0.02525	0.23426	0.31512	0.23039	0.02185	0.01018	0.00301	0.00449	0.04194	0.00813	0.00718
61	0.01339	0.00956	0.01339	0.01530	0.01721	0.00956	0.01339	0.01721	0.01912	0.02486	0.04399	0.09371	0.04781	0.02295	0.01147	0.00382	0.00765	0.60031	0.00765	0.00765
62	0.01012	0.00723	0.00964	0.01157	0.01205	0.00675	0.00771	0.01157	0.01591	0.02121	0.04579	0.70262	0.05495	0.02603	0.01060	0.00337	0.00482	0.02362	0.00771	0.00675
63	0.02243	0.02531	0.02293	0.06369	0.17073	0.30551	0.01685	0.02524	0.01987	0.02215	0.02096	0.17222	0.02130	0.01249	0.00929	0.00260	0.04157	0.01016	0.00495	0.00975
64	0.07470	0.02284	0.03049	0.04317	0.50450	0.13059	0.02274	0.02672	0.01936	0.02670	0.01487	0.01912	0.01245	0.00762	0.00788	0.00242	0.01049	0.00685	0.00421	0.01227
65	0.01103	0.00846	0.01010	0.00969	0.01197	0.00753	0.00727	0.01428	0.02181	0.02926	0.44025	0.06872	0.29250	0.01850	0.00981	0.00268	0.00403	0.01596	0.00861	0.00753
66	0.01075	0.00864	0.00971	0.00997	0.01249	0.00760	0.00783	0.01343	0.01963	0.02444	0.15811	0.07991	0.45977	0.02081	0.01012	0.00296	0.00480	0.12389	0.00791	0.00725
67	0.01188	0.00886	0.01314	0.01314	0.01455	0.01027	0.01012	0.01470	0.01329	0.01913	0.02245	0.03371	0.02123	0.09411	0.64395	0.01309	0.02155	0.00906	0.00448	0.00730
68	0.01723	0.01477	0.01723	0.01230	0.01969	0.01107	0.00984	0.02092	0.01723	0.02707	0.01477	0.01723	0.01230	0.00615	0.00615	0.00123	0.00615	0.00492	0.00492	0.75883
69	0.01012	0.00723	0.00964	0.01157	0.01205	0.00675	0.00771	0.01157	0.01591	0.02121	0.04579	0.70262	0.05495	0.02603	0.01060	0.00337	0.00482	0.02362	0.00771	0.00675
70	0.01208	0.00805	0.00906	0.00906	0.00906	0.00805	0.00503	0.01208	0.01208	0.01611	0.02618	0.05436	0.03020	0.70804	0.04228	0.00805	0.00805	0.01208	0.00503	0.00503
71	0.01055	0.00775	0.00927	0.01021	0.01119	0.00715	0.00678	0.01193	0.01605	0.02081	0.07372	0.38339	0.19254	0.17862	0.01754	0.00427	0.00537	0.01923	0.00716	0.00647
72	0.03107	0.03845	0.02364	0.02124	0.02569	0.62915	0.01603	0.07495	0.02463	0.02258	0.01334	0.01533	0.01094	0.00866	0.00755	0.00216	0.01457	0.00550	0.00456	0.00995
73	0.03103	0.03959	0.02354	0.02140	0.02568	0.67469	0.01605	0.03317	0.02354	0.02033	0.01284	0.01498	0.01070	0.00856	0.00749	0.00214	0.01498	0.00535	0.00428	0.00963
74	0.02027	0.01944	0.03319	0.08902	0.62047	0.01966	0.02535	0.02524	0.01878	0.02679	0.01557	0.02066	0.01303	0.00746	0.00823	0.00249	0.00994	0.00740	0.00409	0.01292
75	0.01607	0.01564	0.01404	0.01473	0.01700	0.15883	0.01158	0.01870	0.01937	0.02263	0.04387	0.20951	0.13915	0.02007	0.01011	0.00318	0.00812	0.24270	0.00691	0.00779
76	0.01002	0.00848	0.00870	0.00880	0.01156	0.00716	0.00671	0.01222	0.01895	0.02258	0.08189	0.08073	0.61871	0.02115	0.00991	0.00286	0.00440	0.05041	0.00771	0.00705
77	0.01827	0.01843	0.01905	0.05504	0.02111	0.16278	0.01409	0.02096	0.01593	0.02063	0.01710	0.02420	0.01543	0.03105	0.27176	0.00691	0.19452	0.00751	0.05677	0.00847
78	0.02556	0.02415	0.13230	0.02574	0.16783	0.09612	0.01901	0.03464	0.15932	0.19432	0.02372	0.02373	0.01708	0.00924	0.00817	0.00256	0.00942	0.00764	0.00662	0.01284
79	0.03063	0.03601	0.02425	0.02242	0.05531	0.53867	0.01645	0.12937	0.02584	0.02585	0.01412	0.01605	0.01137	0.00874	0.00766	0.00221	0.01379	0.00579	0.00493	0.01053
80	0.01035	0.00844	0.00915	0.00897	0.01155	0.00724	0.00673	0.01294	0.02018	0.02540	0.23874	0.07508	0.49642	0.01993	0.00981	0.00275	0.00413	0.01685	0.00810	0.00724
81	0.02412	0.01505	0.01614	0.01326	0.01759	0.01602	0.01067	0.28989	0.02742	0.08470	0.02434	0.02591	0.01808	0.00985	0.00709	0.00223	0.00642	0.00767	0.37254	0.01101
82	0.08312	0.01683	0.01820	0.07297	0.05375	0.04202	0.01330	0.13920	0.20026	0.03294	0.03793	0.03961	0.16240	0.01294	0.00854	0.00273	0.00741	0.03780	0.00717	0.01087
83	0.02221	0.71304	0.04353	0.01421	0.02132	0.03287	0.01421	0.02488	0.01688	0.01955	0.01155	0.01333	0.01066	0.00711	0.00533	0.00178	0.00888	0.00444	0.00355	0.01066
84	0.01790	0.19243	0.52638	0.02157	0.03269	0.02232	0.02702	0.02599	0.01739	0.02480	0.01416	0.01660	0.01055	0.00772	0.00732	0.00244	0.01152	0.00576	0.00352	0.01192
85	0.01066	0.00845	0.00958	0.00930	0.01174	0.00737	0.00698	0.01356	0.02093	0.02717	0.33102	0.07217	0.40304	0.01928	0.00981	0.00272	0.00408	0.01644	0.00834	0.00737
86	0.02773	0.03240	0.02686	0.03071	0.22657	0.43147	0.01905	0.06243	0.02289	0.02421	0.01411	0.01702	0.01167	0.00827	0.00777	0.00226	0.01304	0.00612	0.00444	0.01099
87	0.02056	0.01974	0.03372	0.05099	0.65622	0.01974	0.02550	0.02550	0.01892	0.02714	0.01563	0.02056	0.01316	0.00740	0.00822	0.00247	0.00987	0.00740	0.00411	0.01316
88	0.01208	0.00805	0.00906	0.00906	0.00906	0.00805	0.00503	0.01208	0.01208	0.01611	0.02618	0.05436	0.03020	0.70804	0.04228	0.00805	0.00805	0.01208	0.00503	0.00503
89	0.02422	0.01787	0.02171	0.14138	0.02919	0.01983	0.01626	0.31624	0.06566	0.06945	0.02581	0.03787	0.02206	0.01265	0.00903	0.00286	0.00891	0.13985	0.00742	0.01172
90	0.01329	0.00950	0.01326	0.01503	0.01694	0.00946	0.01307	0.01713	0.01937	0.02534	0.07828	0.09192	0.04954	0.02261	0.01138	0.00376	0.00744	0.56728	0.00773	0.00766
91	0.01792	0.19440	0.52456	0.02154	0.03265	0.02236	0.02697	0.02598	0.01739	0.02478	0.01415	0.01659	0.01055	0.00772	0.00731	0.00244	0.01151	0.00576	0.00352	0.01191
92	0.01208	0.00805	0.00906	0.00906	0.00906	0.00805	0.00503	0.01208	0.01208	0.01611	0.02618	0.05436	0.03020	0.70804	0.04228	0.00805	0.00805	0.01208	0.00503	0.00503
93	0.02418	0.56283	0.03907	0.01582	0.02229	0.17603	0.01462	0.02673	0.01837	0.01972	0.01184	0.01370	0.01067	0.00743	0.00581	0.00186	0.01024	0.00464	0.00372	0.01043
94	0.01865	0.01573	0.01705	0.01545	0.01953	0.01776	0.01195	0.03771	0.50162	0.03443	0.17348	0.03801	0.03734	0.01256	0.00876	0.00277	0.00597	0.01066	0.00861	0.01195
95	0.01187	0.00890	0.01335	0.01335	0.01483	0.01038	0.01038	0.01483	0.01335	0.01928	0.02225	0.03264	0.02077	0.06231	0.67512	0.01335	0.02225	0.00890	0.00445	0.00742
96	0.01044	0.00844	0.00927	0.00906	0.01160	0.00728	0.00680	0.01312	0.02039	0.02591	0.26501	0.07425	0.46983	0.01975	0.00981	0.00274	0.00412	0.01673	0.00817	0.00728
97	0.02034	0.01952	0.03333	0.07946	0.62945	0.01968	0.02539	0.02530	0.01881	0.02688	0.01559	0.02063	0.01307	0.00744	0.00823	0.00248	0.00992	0.00740	0.00409	0.01298
98	0.01666	0.04297	0.66500	0.02368	0.03596	0.01929	0.03069	0.02631	0.01754	0.02631	0.01491	0.01754	0.01052	0.00789	0.00789	0.00263	0.01228	0.00614	0.00351	0.01228
99	0.01012	0.00723	0.00964	0.01157	0.01205	0.00675	0.00771	0.01157	0.01591	0.02121	0.04579	0.70262	0.05495	0.02603	0.01060	0.00337	0.00482	0.02362	0.00771	0.00675
100	0.02990	0.12722	0.02624	0.02035	0.02511	0.55846	0.01580	0.06140	0.02343	0.02181	0.01302	0.01501	0.01086	0.00844	0.00725	0.00211	0.01389	0.00534	0.00438	0.00999
101	0.01666	0.04297	0.66500	0.02368	0.03596	0.01929	0.03069	0.02631	0.01754	0.02631	0.01491	0.01754	0.01052	0.00789	0.00789	0.00263	0.01228	0.00614	0.00351	0.01228
102	0.01208	0.00805	0.00906	0.00906	0.00906	0.00805	0.00503	0.01208	0.01208	0.01611	0.02618	0.05436	0.03020	0.70804	0.04228	0.00805	0.00805	0.01208	0.00503	0.00503
103	0.00982	0.00842	0.00842	0.00842	0.01122	0.00701	0.00631	0.01192	0.01894	0.02244	0.08416	0.07995	0.65285	0.02104	0.00982	0.00281	0.00421	0.01753	0.00771	0.00701
104	0.01034	0.00732	0.00957	0.01128	0.01171	0.00690	0.00741	0.01163	0.01547	0.02063	0.04357	0.62940	0.05215	0.10306	0.01418	0.00390	0.00519	0.02231	0.00741	0.00655
105	0.00982	0.00842	0.00842	0.00842	0.01122	0.00701	0.00631	0.01192	0.01894	0.02244	0.08416	0.07995	0.65285	0.02104	0.00982	0.00281	0.00421	0.01753	0.00771	0.00701
106	0.01012	0.00723	0.00964	0.01157	0.01205	0.00675	0.00771	0.01157	0.01591	0.02121	0.04579	0.70262	0.05495	0.02603	0.01060	0.00337	0.00482	0.02362	0.00771	0.00675
107	0.01691	0.07297	0.63718	0.02325	0.03530	0.01990	0.02996	0.02624	0.01751	0.02601	0.01476	0.01735	0.01053	0.00786	0.00778	0.00259	0.01213	0.00606	0.00351	0.01221
108	0.02277	0.62362	0.04100	0.01518	0.02171	0.08694	0.01455	0.02535	0.01725	0.01963	0.01163	0.01369	0.01068	0.00758	0.00653	0.00189	0.04122	0.00465	0.00362	0.01050
109	0.00982	0.00842	0.00842	0.00842	0.01122	0.00701	0.00631	0.01192	0.01894	0.02244	0.08416	0.07995	0.65285	0.02104	0.00982	0.00281	0.00421	0.01753	0.00771	0.00701
110	0.02056	0.01974	0.03372	0.05099	0.65622	0.01974	0.02550	0.02550	0.01892	0.02714	0.01563	0.02056	0.01316	0.00740	0.00822	0.00247	0.00987	0.00740	0.00411	0.01316
111	0.02056	0.01974	0.03372	0.05099	0.65622	0.01974	0.02550	0.02550	0.01892	0.02714	0.01563	0.02056	0.01316	0.00740	0.00822	0.00247	0.00987	0.00740	0.00411	0.01316
112	0.01176	0.00849	0.01110	0.01045	0.01241	0.00784	0.00784	0.01568	0.02352	0.03331	0.65184	0.06206	0.07839	0.01698	0.00980	0.00261	0.00392	0.01502	0.00914	0.00784
113	0.02056	0.01974	0.03372	0.05099	0.65622	0.01974	0.02550	0.02550	0.01892	0.02714	0.01563	0.02056	0.01316	0.00740	0.00822	0.00247	0.00987	0.00740	0.00411	0.01316
114	0.01248	0.01006	0.01508	0.02048	0.15762	0.00968	0.01173	0.01471	0.01659	0.02255	0.03897	0.54849	0.04550	0.02182	0.01007	0.00317	0.00596	0.01995	0.00690	0.00820
115	0.01926	0.01923	0.03521	0.18949	0.38413	0.01974	0.16067	0.02480	0.01856	0.02570	0.01570	0.02133	0.01257	0.00751	0.00860	0.00261	0.01107	0.00794	0.00404	0.01184
116	0.01501	0.01186	0.01798	0.02337	0.16162	0.01186	0.01612	0.01908	0.01908	0.02538	0.03758	0.07718	0.03998	0.01944	0.01074	0.00352	0.00815	0.46632	0.00685	0.00889
117	0.02000	0.01954	0.03342	0.03742	0.32182	0.01981	0.18018	0.02962	0.15974	0.02861	0.02137	0.02681	0.01738	0.00889	0.00884	0.00270	0.01011	0.03607	0.00528	0.01239

[dist]
# distance from previous block
# <min> <max>
3	5

[block]
# block no. 2 follows, 22 sequences, length 10
# corresponding to MSA columns:
# 177-186
name=unknown_C
#
# <colnr> <probs for GDERKNQSTAVLIFYWHMCP>
#	G	D	E	R	K	N	Q	S	T	A	V	L	I	F	Y	W	H	M	C	P
0	0.01732	0.12287	0.59090	0.02255	0.03421	0.02091	0.02873	0.02614	0.01746	0.02550	0.01451	0.01704	0.01054	0.00780	0.00759	0.00253	0.01187	0.00594	0.00351	0.01208
1	0.08362	0.00973	0.01133	0.01219	0.01476	0.00943	0.01020	0.01583	0.01858	0.02509	0.05664	0.08069	0.28107	0.02075	0.01022	0.00331	0.00619	0.31542	0.00744	0.00753
2	0.01533	0.01573	0.01268	0.01202	0.01523	0.14735	0.00906	0.01943	0.07376	0.02397	0.11251	0.06071	0.41704	0.01726	0.00921	0.00265	0.00663	0.01409	0.00718	0.00815
3	0.08329	0.01509	0.01142	0.01086	0.01356	0.14762	0.00822	0.02267	0.01841	0.02930	0.02279	0.02614	0.01803	0.00928	0.00610	0.00203	0.00641	0.00697	0.53357	0.00824
4	0.01783	0.21760	0.40558	0.01993	0.02922	0.02233	0.02362	0.02465	0.01757	0.02471	0.06710	0.02018	0.01627	0.00885	0.00854	0.00246	0.05179	0.00650	0.00400	0.01128
5	0.12639	0.10865	0.14124	0.03103	0.27403	0.10421	0.02113	0.05312	0.01924	0.02776	0.01428	0.01744	0.01155	0.00776	0.00730	0.00239	0.01031	0.00616	0.00429	0.01172
6	0.11641	0.02617	0.08446	0.02477	0.15588	0.19245	0.01759	0.10060	0.02221	0.09739	0.01660	0.01841	0.01259	0.00830	0.00747	0.00232	0.01034	0.00629	0.00545	0.07430
7	0.13440	0.02492	0.02130	0.05924	0.09725	0.25454	0.01529	0.08260	0.09541	0.02830	0.02040	0.02253	0.04597	0.01262	0.04792	0.00310	0.01127	0.00708	0.00540	0.01048
8	0.09683	0.41500	0.03320	0.01545	0.02170	0.15974	0.01382	0.02863	0.01891	0.10808	0.01468	0.01570	0.01185	0.00789	0.00616	0.00203	0.00965	0.00516	0.00476	0.01076
9	0.12667	0.06069	0.21417	0.04806	0.05032	0.10499	0.01758	0.02316	0.01891	0.02711	0.11818	0.03150	0.10428	0.01099	0.00788	0.00253	0.00917	0.00863	0.00528	0.00991

[dist]
# distance from previous block
# <min> <max>
0	39

[block]
# block no. 3 follows, 22 sequences, length 202
# corresponding to MSA columns:
# 226-427
name=unknown_D
#
# <colnr> <probs for GDERKNQSTAVLIFYWHMCP>
#	G	D	E	R	K	N	Q	S	T	A	V	L	I	F	Y	W	H	M	C	P
0	0.05735	0.01765	0.02940	0.04119	0.47993	0.01761	0.05329	0.02346	0.01885	0.02767	0.07335	0.08210	0.02215	0.00982	0.00849	0.00258	0.00896	0.00942	0.00491	0.01183
1	0.15789	0.02144	0.05069	0.02816	0.24117	0.07894	0.01767	0.11039	0.11493	0.03267	0.02155	0.02327	0.04780	0.00924	0.00771	0.00254	0.00891	0.00748	0.00571	0.01185
2	0.56324	0.01655	0.04283	0.01217	0.01771	0.01696	0.01050	0.02697	0.01650	0.14941	0.04775	0.01879	0.01464	0.00865	0.00608	0.00258	0.00668	0.00580	0.00620	0.01001
3	0.02979	0.03523	0.02385	0.07830	0.02840	0.52953	0.01662	0.11366	0.02507	0.02479	0.01398	0.01628	0.01120	0.00873	0.00767	0.00224	0.01385	0.00582	0.00478	0.01021
4	0.05678	0.04153	0.63009	0.02300	0.03489	0.01926	0.02953	0.02621	0.01736	0.02690	0.01473	0.01732	0.01044	0.00788	0.00775	0.00263	0.01196	0.00605	0.00360	0.01210
5	0.02100	0.01608	0.01721	0.01439	0.01918	0.01678	0.01159	0.27731	0.09353	0.03714	0.04339	0.04466	0.22299	0.01414	0.00876	0.00261	0.00682	0.04208	0.03939	0.05095
6	0.01745	0.04193	0.63122	0.02344	0.03542	0.01963	0.02991	0.05809	0.01868	0.02768	0.01517	0.01767	0.01071	0.00800	0.00791	0.00262	0.01211	0.00621	0.00376	0.01238
7	0.02568	0.03085	0.02152	0.02095	0.05624	0.47359	0.01513	0.02817	0.02074	0.02043	0.01535	0.01970	0.01335	0.02197	0.17489	0.00497	0.01653	0.00635	0.00431	0.00926
8	0.02056	0.01974	0.03372	0.05099	0.65622	0.01974	0.02550	0.02550	0.01892	0.02714	0.01563	0.02056	0.01316	0.00740	0.00822	0.00247	0.00987	0.00740	0.00411	0.01316
9	0.01112	0.00883	0.01023	0.01093	0.01341	0.00794	0.00889	0.01385	0.01900	0.02332	0.06951	0.08497	0.43219	0.02174	0.01042	0.00318	0.00546	0.23007	0.00769	0.00725
10	0.01988	0.02248	0.03107	0.02476	0.02963	0.18128	0.28074	0.02395	0.01929	0.02330	0.02326	0.20142	0.02332	0.01280	0.01024	0.00283	0.04284	0.01225	0.00513	0.00953
11	0.02056	0.01974	0.03372	0.05099	0.65622	0.01974	0.02550	0.02550	0.01892	0.02714	0.01563	0.02056	0.01316	0.00740	0.00822	0.00247	0.00987	0.00740	0.00411	0.01316
12	0.02056	0.01974	0.03372	0.05099	0.65622	0.01974	0.02550	0.02550	0.01892	0.02714	0.01563	0.02056	0.01316	0.00740	0.00822	0.00247	0.00987	0.00740	0.00411	0.01316
13	0.02056	0.01974	0.03372	0.05099	0.65622	0.01974	0.02550	0.02550	0.01892	0.02714	0.01563	0.02056	0.01316	0.00740	0.00822	0.00247	0.00987	0.00740	0.00411	0.01316
14	0.02764	0.03232	0.02262	0.02150	0.05886	0.45725	0.01559	0.06370	0.13565	0.02502	0.02041	0.02141	0.04302	0.00963	0.00785	0.00233	0.01239	0.00686	0.00539	0.01057
15	0.01666	0.04297	0.66500	0.02368	0.03596	0.01929	0.03069	0.02631	0.01754	0.02631	0.01491	0.01754	0.01052	0.00789	0.00789	0.00263	0.01228	0.00614	0.00351	0.01228
16	0.02066	0.01785	0.01878	0.01691	0.02160	0.02066	0.01315	0.04414	0.64121	0.03475	0.03381	0.03099	0.02536	0.01127	0.00845	0.00282	0.00657	0.00939	0.00845	0.01315
17	0.03356	0.05251	0.02002	0.01462	0.02075	0.01385	0.01211	0.03853	0.07916	0.53769	0.03429	0.03030	0.05225	0.01074	0.00827	0.00256	0.00698	0.00870	0.00962	0.01350
18	0.01635	0.01569	0.02186	0.01949	0.01960	0.02121	0.01580	0.01808	0.01344	0.02027	0.01881	0.17335	0.02089	0.01714	0.02349	0.00358	0.53686	0.01098	0.00456	0.00856
19	0.01012	0.00723	0.00964	0.01157	0.01205	0.00675	0.00771	0.01157	0.01591	0.02121	0.04579	0.70262	0.05495	0.02603	0.01060	0.00337	0.00482	0.02362	0.00771	0.00675
20	0.02066	0.01785	0.01878	0.01691	0.02160	0.02066	0.01315	0.04414	0.64121	0.03475	0.03381	0.03099	0.02536	0.01127	0.00845	0.00282	0.00657	0.00939	0.00845	0.01315
21	0.02056	0.01974	0.03372	0.05099	0.65622	0.01974	0.02550	0.02550	0.01892	0.02714	0.01563	0.02056	0.01316	0.00740	0.00822	0.00247	0.00987	0.00740	0.00411	0.01316
22	0.01187	0.00890	0.01335	0.01335	0.01483	0.01038	0.01038	0.01483	0.01335	0.01928	0.02225	0.03264	0.02077	0.06231	0.67512	0.01335	0.02225	0.00890	0.00445	0.00742
23	0.01012	0.00723	0.00964	0.01157	0.01205	0.00675	0.00771	0.01157	0.01591	0.02121	0.04579	0.70262	0.05495	0.02603	0.01060	0.00337	0.00482	0.02362	0.00771	0.00675
24	0.03103	0.03959	0.02354	0.02140	0.02568	0.67469	0.01605	0.03317	0.02354	0.02033	0.01284	0.01498	0.01070	0.00856	0.00749	0.00214	0.01498	0.00535	0.00428	0.00963
25	0.00991	0.00842	0.00854	0.00851	0.01127	0.00705	0.00638	0.01209	0.01914	0.02293	0.10972	0.07914	0.62698	0.02086	0.00982	0.00280	0.00419	0.01742	0.00778	0.00705
26	0.01005	0.00750	0.00936	0.01085	0.01186	0.00681	0.00739	0.01165	0.01659	0.02149	0.05449	0.56146	0.19050	0.02490	0.01043	0.00324	0.00468	0.02224	0.00771	0.00681
27	0.01666	0.04297	0.66500	0.02368	0.03596	0.01929	0.03069	0.02631	0.01754	0.02631	0.01491	0.01754	0.01052	0.00789	0.00789	0.00263	0.01228	0.00614	0.00351	0.01228
28	0.02742	0.03140	0.01991	0.01811	0.02195	0.48911	0.01365	0.05721	0.02282	0.02428	0.01650	0.01895	0.01333	0.00889	0.00713	0.00211	0.01212	0.00601	0.17970	0.00940
29	0.01012	0.00723	0.00964	0.01157	0.01205	0.00675	0.00771	0.01157	0.01591	0.02121	0.04579	0.70262	0.05495	0.02603	0.01060	0.00337	0.00482	0.02362	0.00771	0.00675
30	0.01208	0.00805	0.00906	0.00906	0.00906	0.00805	0.00503	0.01208	0.01208	0.01611	0.02618	0.05436	0.03020	0.70804	0.04228	0.00805	0.00805	0.01208	0.00503	0.00503
31	0.03037	0.03849	0.02364	0.02142	0.02548	0.64120	0.01616	0.03249	0.02298	0.02031	0.01274	0.01515	0.01071	0.00887	0.00851	0.00222	0.04995	0.00545	0.00425	0.00960
32	0.02221	0.71304	0.04353	0.01421	0.02132	0.03287	0.01421	0.02488	0.01688	0.01955	0.01155	0.01333	0.01066	0.00711	0.00533	0.00178	0.00888	0.00444	0.00355	0.01066
33	0.01339	0.00956	0.01339	0.01530	0.01721	0.00956	0.01339	0.01721	0.01912	0.02486	0.04399	0.09371	0.04781	0.02295	0.01147	0.00382	0.00765	0.60031	0.00765	0.00765
34	0.02022	0.02333	0.04766	0.03429	0.04247	0.05597	0.59343	0.02696	0.01982	0.02627	0.01659	0.02201	0.01250	0.00709	0.00968	0.00277	0.01406	0.00957	0.00421	0.01112
35	0.01683	0.02464	0.23041	0.02432	0.06234	0.01853	0.11263	0.02260	0.01723	0.02460	0.02161	0.03767	0.02041	0.01301	0.01349	0.00317	0.16554	0.15596	0.00471	0.01028
36	0.02056	0.01974	0.03372	0.05099	0.65622	0.01974	0.02550	0.02550	0.01892	0.02714	0.01563	0.02056	0.01316	0.00740	0.00822	0.00247	0.00987	0.00740	0.00411	0.01316
37	0.00982	0.00842	0.00842	0.00842	0.01122	0.00701	0.00631	0.01192	0.01894	0.02244	0.08416	0.07995	0.65285	0.02104	0.00982	0.00281	0.00421	0.01753	0.00771	0.00701
38	0.01842	0.02624	0.18651	0.03116	0.04001	0.01984	0.45717	0.02572	0.01894	0.02625	0.01797	0.05860	0.01445	0.00825	0.00941	0.00279	0.01311	0.00973	0.00424	0.01120
39	0.01716	0.03608	0.47620	0.02613	0.03690	0.01921	0.18550	0.02577	0.01801	0.02617	0.01671	0.04770	0.01294	0.00842	0.00851	0.00271	0.01242	0.00783	0.00387	0.01176
40	0.01187	0.00890	0.01335	0.01335	0.01483	0.01038	0.01038	0.01483	0.01335	0.01928	0.02225	0.03264	0.02077	0.06231	0.67512	0.01335	0.02225	0.00890	0.00445	0.00742
41	0.02057	0.01964	0.03292	0.04917	0.62228	0.01979	0.02484	0.02649	0.05220	0.02755	0.01660	0.02112	0.01381	0.00761	0.00824	0.00249	0.00969	0.00751	0.00434	0.01316
42	0.02021	0.02148	0.09015	0.03984	0.43801	0.01993	0.02290	0.03025	0.17479	0.02897	0.02012	0.02289	0.01597	0.00842	0.00825	0.00257	0.00927	0.00778	0.00514	0.01307
43	0.02867	0.02046	0.02182	0.01706	0.02285	0.02250	0.01398	0.51827	0.03514	0.04849	0.02124	0.02194	0.01542	0.00992	0.00786	0.00239	0.00819	0.00753	0.14330	0.01297
44	0.03103	0.03959	0.02354	0.02140	0.02568	0.67469	0.01605	0.03317	0.02354	0.02033	0.01284	0.01498	0.01070	0.00856	0.00749	0.00214	0.01498	0.00535	0.00428	0.00963
45	0.01368	0.00886	0.01065	0.01006	0.01216	0.00804	0.00721	0.01606	0.01942	0.08596	0.27595	0.08847	0.21258	0.17446	0.01706	0.00392	0.00527	0.01474	0.00788	0.00754
46	0.02221	0.71304	0.04353	0.01421	0.02132	0.03287	0.01421	0.02488	0.01688	0.01955	0.01155	0.01333	0.01066	0.00711	0.00533	0.00178	0.00888	0.00444	0.00355	0.01066
47	0.01176	0.00849	0.01110	0.01045	0.01241	0.00784	0.00784	0.01568	0.02352	0.03331	0.65184	0.06206	0.07839	0.01698	0.00980	0.00261	0.00392	0.01502	0.00914	0.00784
48	0.76672	0.01607	0.01221	0.01092	0.01607	0.01864	0.00900	0.02442	0.01414	0.03727	0.01157	0.01350	0.00900	0.00771	0.00514	0.00257	0.00643	0.00450	0.00514	0.00900
49	0.01723	0.01477	0.01723	0.01230	0.01969	0.01107	0.00984	0.02092	0.01723	0.02707	0.01477	0.01723	0.01230	0.00615	0.00615	0.00123	0.00615	0.00492	0.00492	0.75883
50	0.01207	0.00810	0.00929	0.00929	0.00937	0.00818	0.00532	0.01223	0.01215	0.01628	0.02597	0.05322	0.02970	0.67396	0.07568	0.00833	0.00880	0.01191	0.00500	0.00516
51	0.00982	0.00842	0.00842	0.00842	0.01122	0.00701	0.00631	0.01192	0.01894	0.02244	0.08416	0.07995	0.65285	0.02104	0.00982	0.00281	0.00421	0.01753	0.00771	0.00701
52	0.01666	0.04297	0.66500	0.02368	0.03596	0.01929	0.03069	0.02631	0.01754	0.02631	0.01491	0.01754	0.01052	0.00789	0.00789	0.00263	0.01228	0.00614	0.00351	0.01228
53	0.00982	0.00842	0.00842	0.00842	0.01122	0.00701	0.00631	0.01192	0.01894	0.02244	0.08416	0.07995	0.65285	0.02104	0.00982	0.00281	0.00421	0.01753	0.00771	0.00701
54	0.01961	0.02241	0.04902	0.03501	0.04342	0.02101	0.62605	0.02661	0.01961	0.02661	0.01681	0.02241	0.01261	0.00700	0.00980	0.00280	0.01401	0.00980	0.00420	0.01120
55	0.01187	0.00890	0.01335	0.01335	0.01483	0.01038	0.01038	0.01483	0.01335	0.01928	0.02225	0.03264	0.02077	0.06231	0.67512	0.01335	0.02225	0.00890	0.00445	0.00742
56	0.01443	0.00722	0.01082	0.01082	0.01082	0.00722	0.00722	0.01082	0.01082	0.01443	0.01443	0.02525	0.01443	0.02886	0.03247	0.75830	0.00722	0.00722	0.00361	0.00361
57	0.01569	0.01477	0.02492	0.68808	0.05722	0.01846	0.02307	0.02123	0.01661	0.02123	0.01477	0.02215	0.01107	0.00831	0.00831	0.00277	0.01107	0.00738	0.00369	0.00923
58	0.01187	0.00890	0.01335	0.01335	0.01483	0.01038	0.01038	0.01483	0.01335	0.01928	0.02225	0.03264	0.02077	0.06231	0.67512	0.01335	0.02225	0.00890	0.00445	0.00742
