[name]
unknown

[dist]
# distance from previous block
# <min> <max>
0	36

[block]
# block no. 0 follows, 21 sequences, length 15
# corresponding to MSA columns:
# 36-50
name=unknown_A
#
# <colnr> <probs for GDERKNQSTAVLIFYWHMCP>
#	G	D	E	R	K	N	Q	S	T	A	V	L	I	F	Y	W	H	M	C	P
0	0.01371	0.00980	0.01371	0.01567	0.01763	0.00980	0.01371	0.01763	0.01959	0.02547	0.04506	0.09599	0.04898	0.02351	0.01175	0.00392	0.00784	0.59056	0.00784	0.00784
1	0.01892	0.01833	0.03207	0.31072	0.35561	0.01978	0.07263	0.02440	0.01846	0.02525	0.01574	0.02189	0.01255	0.00793	0.00859	0.00268	0.01096	0.00777	0.00404	0.01165
2	0.01388	0.01151	0.01254	0.01226	0.01521	0.01172	0.00915	0.02314	0.21764	0.02771	0.10640	0.18823	0.27986	0.01901	0.00977	0.00298	0.00520	0.01631	0.00826	0.00923
3	0.01191	0.00831	0.01068	0.01199	0.01270	0.00811	0.00850	0.01354	0.01584	0.02095	0.03970	0.32479	0.04589	0.25151	0.02196	0.00518	0.00680	0.16810	0.00696	0.00657
4	0.01216	0.00912	0.01368	0.01368	0.01520	0.01064	0.01064	0.01520	0.01368	0.01976	0.02279	0.03343	0.02127	0.06382	0.66720	0.01368	0.02279	0.00912	0.00456	0.00760
5	0.02194	0.07591	0.33047	0.02544	0.03472	0.19414	0.14486	0.02881	0.02000	0.02499	0.01491	0.01803	0.01127	0.00804	0.00822	0.00255	0.01348	0.00673	0.00395	0.01154
6	0.01126	0.00867	0.01029	0.00989	0.01223	0.00770	0.00741	0.01455	0.02224	0.02974	0.42408	0.07078	0.30230	0.01903	0.01005	0.00275	0.00413	0.01640	0.00879	0.00770
7	0.01066	0.00761	0.01021	0.01218	0.01280	0.00716	0.00840	0.01235	0.01658	0.02205	0.04674	0.64346	0.05565	0.02639	0.01094	0.00350	0.00519	0.07324	0.00789	0.00699
8	0.02110	0.01952	0.02905	0.03970	0.42325	0.02056	0.02158	0.03297	0.23944	0.03060	0.02269	0.02490	0.01797	0.00901	0.00851	0.00266	0.00890	0.00831	0.00581	0.01348
9	0.15386	0.02268	0.02638	0.08764	0.25545	0.10706	0.01929	0.16871	0.02389	0.03435	0.01589	0.01903	0.01246	0.00851	0.00780	0.00253	0.01012	0.00680	0.00541	0.01215
10	0.03235	0.02384	0.02554	0.01958	0.02639	0.02639	0.01618	0.61946	0.04001	0.05363	0.02043	0.02043	0.01447	0.01022	0.00851	0.00255	0.00936	0.00766	0.00851	0.01447
11	0.03179	0.04056	0.02412	0.02192	0.02631	0.66676	0.01644	0.03398	0.02412	0.02083	0.01315	0.01535	0.01096	0.00877	0.00767	0.00219	0.01535	0.00548	0.00438	0.00987
12	0.01015	0.00827	0.00898	0.00955	0.01174	0.00711	0.00688	0.01211	0.01851	0.02263	0.07495	0.25762	0.47593	0.02302	0.01029	0.00304	0.00449	0.01975	0.00790	0.00711
13	0.02409	0.02223	0.02803	0.03532	0.33797	0.10378	0.02022	0.07892	0.13361	0.06297	0.02026	0.02245	0.01586	0.00876	0.00827	0.00249	0.00977	0.00761	0.00576	0.05163
14	0.01464	0.01232	0.01705	0.02186	0.19149	0.01201	0.01224	0.01843	0.05037	0.02472	0.12079	0.05253	0.19262	0.20113	0.01856	0.00421	0.00711	0.01273	0.00635	0.00885

[dist]
# distance from previous block
# <min> <max>
0	1

[block]
# block no. 1 follows, 21 sequences, length 29
# corresponding to MSA columns:
# 52-80
name=unknown_B
#
# <colnr> <probs for GDERKNQSTAVLIFYWHMCP>
#	G	D	E	R	K	N	Q	S	T	A	V	L	I	F	Y	W	H	M	C	P
0	0.01828	0.18494	0.52651	0.02219	0.03364	0.02272	0.02785	0.02664	0.01782	0.02548	0.01454	0.01705	0.01081	0.00791	0.00753	0.00251	0.01184	0.00592	0.00360	0.01222
1	0.02283	0.06538	0.15131	0.13212	0.15749	0.22068	0.07907	0.02810	0.02016	0.02409	0.01475	0.01876	0.01167	0.00814	0.00814	0.00250	0.01275	0.00676	0.00406	0.01124
2	0.01240	0.01048	0.01109	0.01108	0.01317	0.05055	0.00810	0.01523	0.02108	0.02741	0.31471	0.20019	0.23320	0.02000	0.01006	0.00287	0.00504	0.01736	0.00831	0.00767
3	0.02184	0.02302	0.02961	0.23483	0.33823	0.15745	0.02331	0.02648	0.01968	0.02449	0.01513	0.02034	0.01230	0.00811	0.00829	0.00255	0.01160	0.00713	0.00412	0.01150
4	0.01645	0.01276	0.01478	0.01309	0.01701	0.01182	0.00987	0.12887	0.02153	0.02953	0.03833	0.30440	0.11243	0.01736	0.00907	0.00261	0.00606	0.01506	0.00724	0.21174
5	0.01141	0.00867	0.01049	0.01004	0.01232	0.00776	0.00753	0.01483	0.02259	0.03056	0.46487	0.06944	0.26100	0.01873	0.01004	0.00274	0.00411	0.01621	0.00890	0.00776
6	0.01221	0.00892	0.01267	0.01267	0.01384	0.01009	0.00938	0.01455	0.01338	0.01901	0.02372	0.03855	0.02350	0.21031	0.52375	0.01243	0.01945	0.00987	0.00470	0.00704
7	0.01913	0.28357	0.43530	0.02075	0.03141	0.02480	0.02533	0.02642	0.01772	0.02444	0.01403	0.01641	0.01083	0.00779	0.00714	0.00238	0.01132	0.00566	0.00361	0.01198
8	0.01238	0.00899	0.01022	0.00972	0.01251	0.00779	0.00736	0.01524	0.02130	0.06355	0.27509	0.07250	0.41375	0.01948	0.00996	0.00279	0.00438	0.01653	0.00856	0.00790
9	0.01006	0.00862	0.00862	0.00862	0.01149	0.00718	0.00647	0.01221	0.01940	0.02299	0.08621	0.08190	0.64438	0.02155	0.01006	0.00287	0.00431	0.01796	0.00790	0.00718
10	0.02108	0.02486	0.09674	0.07745	0.31629	0.07924	0.20565	0.02701	0.01976	0.02658	0.01600	0.02092	0.01270	0.00767	0.00882	0.00263	0.01218	0.00802	0.00417	0.01223
11	0.02007	0.02058	0.03916	0.12603	0.35126	0.02053	0.24292	0.02598	0.01934	0.02683	0.01634	0.02196	0.01300	0.00755	0.00903	0.00269	0.01182	0.00848	0.00419	0.01223
12	0.03188	0.03798	0.02434	0.02156	0.02632	0.56816	0.01640	0.12413	0.02656	0.02588	0.01427	0.01613	0.01150	0.00899	0.00780	0.00225	0.01443	0.00582	0.00502	0.01057
13	0.01800	0.03455	0.41012	0.02963	0.11068	0.01965	0.16497	0.02638	0.01893	0.02748	0.04682	0.02174	0.01503	0.00827	0.00867	0.00271	0.01227	0.00776	0.00412	0.01221
14	0.03130	0.03493	0.02511	0.02310	0.06322	0.45908	0.01695	0.18831	0.02804	0.02991	0.01525	0.01703	0.01204	0.00908	0.00794	0.00231	0.01345	0.00618	0.00547	0.01130
15	0.01158	0.00858	0.01108	0.01263	0.01419	0.00807	0.00982	0.01414	0.01822	0.02343	0.05456	0.33537	0.17867	0.02437	0.01103	0.00351	0.00591	0.23965	0.00788	0.00732
16	0.01727	0.01813	0.03641	0.02897	0.06957	0.01701	0.38524	0.02279	0.01953	0.02601	0.03168	0.10517	0.10225	0.01256	0.01020	0.00301	0.01124	0.06727	0.00546	0.01024
17	0.10933	0.11084	0.02946	0.03418	0.35719	0.02058	0.01935	0.05995	0.01999	0.06323	0.02294	0.02547	0.07393	0.00924	0.00782	0.00249	0.00880	0.00788	0.00521	0.01214
18	0.01682	0.10358	0.01991	0.01850	0.07770	0.07970	0.01412	0.02024	0.01970	0.02412	0.04134	0.06790	0.13149	0.01811	0.00995	0.00318	0.00841	0.30977	0.00661	0.00887
19	0.01067	0.00772	0.01009	0.01145	0.01237	0.00714	0.00784	0.01268	0.01796	0.02418	0.16358	0.53937	0.09422	0.02459	0.01066	0.00327	0.00472	0.02215	0.00818	0.00714
20	0.01966	0.01718	0.02843	0.10187	0.43839	0.01732	0.02171	0.02437	0.01998	0.05971	0.11170	0.05677	0.02546	0.01010	0.00878	0.00262	0.00895	0.00950	0.00542	0.01206
21	0.05612	0.29494	0.18534	0.01897	0.02645	0.13365	0.01915	0.08310	0.02034	0.02585	0.01366	0.01595	0.01117	0.00853	0.00821	0.00232	0.05504	0.00561	0.00429	0.01130
22	0.01911	0.21418	0.28300	0.01862	0.02678	0.02277	0.02025	0.02937	0.15855	0.02607	0.01988	0.02354	0.01622	0.07421	0.01084	0.00303	0.00988	0.00716	0.00492	0.01163
23	0.02320	0.01939	0.01960	0.08163	0.08354	0.16318	0.01416	0.02777	0.05569	0.14910	0.15727	0.03828	0.10651	0.01248	0.00883	0.00259	0.00872	0.01029	0.00720	0.01057
24	0.07835	0.05349	0.10301	0.06903	0.16913	0.11994	0.01914	0.07270	0.02015	0.02856	0.01639	0.02018	0.01316	0.00911	0.00943	0.00254	0.07400	0.00678	0.10387	0.01106
25	0.15295	0.02324	0.02033	0.01887	0.06261	0.19350	0.01389	0.10972	0.07226	0.14753	0.02663	0.02639	0.07543	0.01052	0.00790	0.00254	0.00947	0.00786	0.00689	0.01149
26	0.16002	0.12652	0.05085	0.01338	0.01787	0.05526	0.01138	0.07661	0.01963	0.02815	0.03747	0.17545	0.16624	0.01522	0.00819	0.00270	0.00720	0.01227	0.00635	0.00924
27	0.01058	0.00789	0.00967	0.01076	0.01197	0.00718	0.00737	0.01238	0.01757	0.02290	0.11321	0.43908	0.20393	0.06851	0.01270	0.00355	0.00491	0.02101	0.00786	0.00697
28	0.06448	0.09618	0.12068	0.02011	0.02637	0.19495	0.08604	0.11747	0.02253	0.02889	0.01709	0.02164	0.01404	0.06346	0.01048	0.00285	0.01134	0.00706	0.06364	0.01070

[dist]
# distance from previous block
# <min> <max>
5	15

[block]
# block no. 2 follows, 21 sequences, length 116
# corresponding to MSA columns:
# 96-211
name=unknown_C
#
# <colnr> <probs for GDERKNQSTAVLIFYWHMCP>
#	G	D	E	R	K	N	Q	S	T	A	V	L	I	F	Y	W	H	M	C	P
0	0.01764	0.05799	0.08042	0.01795	0.02249	0.08775	0.09014	0.05602	0.01934	0.02490	0.03147	0.22335	0.08391	0.04672	0.01159	0.00304	0.04118	0.01320	0.00591	0.06500
1	0.04943	0.01924	0.09026	0.02255	0.14687	0.08263	0.01571	0.02284	0.05391	0.02760	0.18623	0.03608	0.03370	0.07033	0.10177	0.00454	0.01057	0.00986	0.00596	0.00992
2	0.15446	0.05935	0.01812	0.01479	0.01884	0.18404	0.01140	0.06078	0.05400	0.02750	0.01867	0.02493	0.01643	0.10723	0.07159	0.00408	0.01061	0.00708	0.07111	0.06497
3	0.02067	0.02905	0.29288	0.02094	0.05382	0.04603	0.02108	0.13083	0.05344	0.06665	0.05327	0.10045	0.04994	0.01189	0.00870	0.00274	0.00982	0.00979	0.00611	0.01190
4	0.02031	0.17139	0.30716	0.03056	0.21694	0.06147	0.02551	0.02682	0.01862	0.02543	0.01467	0.01786	0.01163	0.00781	0.00763	0.00244	0.01129	0.00628	0.00384	0.01235
5	0.07561	0.24359	0.06607	0.02114	0.08778	0.08993	0.09624	0.02403	0.01886	0.02423	0.02845	0.02999	0.14024	0.01045	0.00768	0.00240	0.00960	0.00853	0.00485	0.01035
6	0.29652	0.18933	0.05608	0.02117	0.12402	0.02316	0.03944	0.07103	0.01886	0.06907	0.01484	0.01692	0.01166	0.00801	0.00659	0.00242	0.00861	0.00584	0.00514	0.01129
7	0.02415	0.19009	0.05134	0.01728	0.02234	0.34233	0.01436	0.02678	0.02119	0.02138	0.02943	0.03009	0.15400	0.01128	0.00771	0.00228	0.01127	0.00811	0.00497	0.00962
8	0.02079	0.02075	0.05373	0.01580	0.02107	0.12691	0.01297	0.05358	0.17383	0.02936	0.02232	0.02426	0.01769	0.01401	0.06720	0.00319	0.00962	0.00721	0.10629	0.19944
9	0.02094	0.02356	0.15028	0.01820	0.02529	0.01931	0.01708	0.13052	0.15995	0.03308	0.02008	0.02147	0.01543	0.00937	0.00971	0.00238	0.07509	0.00702	0.00603	0.23522
10	0.01725	0.03505	0.43888	0.02587	0.03625	0.01917	0.17006	0.02571	0.01800	0.02622	0.01658	0.02090	0.01247	0.01410	0.08226	0.00397	0.01415	0.00751	0.00387	0.01176
11	0.02010	0.21635	0.32033	0.02415	0.03395	0.06024	0.15830	0.02702	0.01861	0.02482	0.01467	0.01779	0.01131	0.00770	0.00780	0.00247	0.01220	0.00663	0.00381	0.01173
12	0.01862	0.01862	0.02607	0.02234	0.02234	0.02607	0.01862	0.02048	0.01303	0.02048	0.01117	0.01862	0.01117	0.01489	0.02793	0.00372	0.68535	0.00745	0.00372	0.00931
13	0.01006	0.00862	0.00862	0.00862	0.01149	0.00718	0.00647	0.01221	0.01940	0.02299	0.08621	0.08190	0.64438	0.02155	0.01006	0.00287	0.00431	0.01796	0.00790	0.00718
14	0.01006	0.00862	0.00862	0.00862	0.01149	0.00718	0.00647	0.01221	0.01940	0.02299	0.08621	0.08190	0.64438	0.02155	0.01006	0.00287	0.00431	0.01796	0.00790	0.00718
15	0.02169	0.01356	0.01416	0.01205	0.01574	0.01446	0.00957	0.23188	0.02568	0.03947	0.02517	0.02773	0.01922	0.01002	0.00686	0.00218	0.00587	0.00784	0.48660	0.01024
16	0.01707	0.04402	0.65683	0.02426	0.03683	0.01976	0.03144	0.02695	0.01797	0.02695	0.01527	0.01797	0.01078	0.00809	0.00809	0.00270	0.01258	0.00629	0.00359	0.01258
17	0.01371	0.00980	0.01371	0.01567	0.01763	0.00980	0.01371	0.01763	0.01959	0.02547	0.04506	0.09599	0.04898	0.02351	0.01175	0.00392	0.00784	0.59056	0.00784	0.00784
18	0.02106	0.02022	0.03454	0.05223	0.64784	0.02022	0.02612	0.02612	0.01938	0.02780	0.01601	0.02106	0.01348	0.00758	0.00842	0.00253	0.01011	0.00758	0.00421	0.01348
19	0.02117	0.01828	0.01924	0.01732	0.02213	0.02117	0.01347	0.04522	0.63246	0.03560	0.03464	0.03175	0.02598	0.01155	0.00866	0.00289	0.00673	0.00962	0.00866	0.01347
20	0.76103	0.01646	0.01251	0.01119	0.01646	0.01909	0.00922	0.02502	0.01448	0.03818	0.01185	0.01382	0.00922	0.00790	0.00527	0.00263	0.00658	0.00461	0.00527	0.00922
21	0.03235	0.02384	0.02554	0.01958	0.02639	0.02639	0.01618	0.61946	0.04001	0.05363	0.02043	0.02043	0.01447	0.01022	0.00851	0.00255	0.00936	0.00766	0.00851	0.01447
22	0.76103	0.01646	0.01251	0.01119	0.01646	0.01909	0.00922	0.02502	0.01448	0.03818	0.01185	0.01382	0.00922	0.00790	0.00527	0.00263	0.00658	0.00461	0.00527	0.00922
23	0.02106	0.02022	0.03454	0.05223	0.64784	0.02022	0.02612	0.02612	0.01938	0.02780	0.01601	0.02106	0.01348	0.00758	0.00842	0.00253	0.01011	0.00758	0.00421	0.01348
24	0.03235	0.02384	0.02554	0.01958	0.02639	0.02639	0.01618	0.61946	0.04001	0.05363	0.02043	0.02043	0.01447	0.01022	0.00851	0.00255	0.00936	0.00766	0.00851	0.01447
25	0.01037	0.00741	0.00987	0.01185	0.01234	0.00691	0.00790	0.01185	0.01629	0.02172	0.04690	0.69537	0.05629	0.02666	0.01086	0.00346	0.00494	0.02419	0.00790	0.00691
26	0.02479	0.02008	0.02128	0.01805	0.02351	0.02286	0.01435	0.23127	0.44052	0.04144	0.03003	0.02808	0.02225	0.01111	0.00861	0.00278	0.00759	0.00899	0.00861	0.01379
27	0.01057	0.00755	0.01010	0.01208	0.01266	0.00708	0.00825	0.01220	0.01649	0.02195	0.04679	0.65948	0.05585	0.02647	0.01092	0.00348	0.00511	0.05811	0.00790	0.00697
28	0.01037	0.00741	0.00987	0.01185	0.01234	0.00691	0.00790	0.01185	0.01629	0.02172	0.04690	0.69537	0.05629	0.02666	0.01086	0.00346	0.00494	0.02419	0.00790	0.00691
29	0.02472	0.01789	0.01965	0.01705	0.02227	0.01991	0.01344	0.07329	0.49591	0.14518	0.03374	0.03069	0.02454	0.01130	0.00863	0.00283	0.00696	0.00934	0.00898	0.01370
30	0.02560	0.01984	0.02192	0.01638	0.02354	0.01949	0.01338	0.34507	0.02975	0.04175	0.01800	0.01915	0.01362	0.00842	0.00750	0.00196	0.00796	0.00646	0.00692	0.35330
31	0.01038	0.00782	0.00961	0.01088	0.01213	0.00705	0.00750	0.01219	0.01761	0.02279	0.09188	0.48718	0.22276	0.02470	0.01059	0.00325	0.00471	0.02194	0.00798	0.00705
32	0.01059	0.00864	0.00936	0.00918	0.01182	0.00741	0.00688	0.01324	0.02065	0.02597	0.23541	0.07699	0.49333	0.02044	0.01005	0.00282	0.00423	0.01727	0.00830	0.00741
33	0.01216	0.00912	0.01368	0.01368	0.01520	0.01064	0.01064	0.01520	0.01368	0.01976	0.02279	0.03343	0.02127	0.06382	0.66720	0.01368	0.02279	0.00912	0.00456	0.00760
34	0.01424	0.00759	0.01068	0.01068	0.01068	0.00759	0.00689	0.01138	0.01138	0.01517	0.01750	0.03260	0.01843	0.18118	0.03553	0.58434	0.00759	0.00852	0.00403	0.00403
35	0.01059	0.00750	0.00981	0.01156	0.01200	0.00706	0.00759	0.01191	0.01586	0.02114	0.04466	0.62384	0.05345	0.10206	0.01449	0.00399	0.00531	0.02287	0.00759	0.00672
36	0.01161	0.00755	0.01002	0.01125	0.01156	0.00724	0.00733	0.01178	0.01456	0.01941	0.03692	0.44928	0.04349	0.14303	0.02099	0.15671	0.00601	0.01874	0.00657	0.00596
37	0.02106	0.02022	0.03454	0.05223	0.64784	0.02022	0.02612	0.02612	0.01938	0.02780	0.01601	0.02106	0.01348	0.00758	0.00842	0.00253	0.01011	0.00758	0.00421	0.01348
38	0.01936	0.01985	0.02596	0.02232	0.02257	0.06207	0.01850	0.02124	0.01366	0.02050	0.01128	0.01843	0.01116	0.01455	0.02679	0.00364	0.64770	0.00734	0.00376	0.00934
39	0.01952	0.01881	0.03255	0.24045	0.44296	0.01988	0.05244	0.02485	0.01870	0.02595	0.01580	0.02164	0.01281	0.00784	0.00852	0.00264	0.01068	0.00769	0.00409	0.01218
40	0.01248	0.00851	0.00995	0.01026	0.01070	0.00845	0.00657	0.01320	0.01384	0.01821	0.03241	0.06325	0.06189	0.56297	0.03681	0.00732	0.00800	0.10381	0.00570	0.00567
41	0.02434	0.54112	0.06769	0.01649	0.02342	0.16190	0.01570	0.02728	0.01871	0.02049	0.01225	0.01419	0.01092	0.00762	0.00603	0.00193	0.01053	0.00482	0.00379	0.01078
42	0.01091	0.00763	0.00972	0.01116	0.01152	0.00727	0.00717	0.01199	0.01524	0.02033	0.04152	0.52407	0.04950	0.20722	0.01955	0.00474	0.00582	0.02103	0.00717	0.00644
43	0.01238	0.00825	0.00928	0.00928	0.00928	0.00825	0.00516	0.01238	0.01238	0.01650	0.02681	0.05569	0.03094	0.70092	0.04331	0.00825	0.00825	0.01238	0.00516	0.00516
44	0.01078	0.00758	0.00975	0.01133	0.01172	0.00718	0.00734	0.01196	0.01550	0.02066	0.04282	0.56518	0.05113	0.16389	0.01747	0.00443	0.00561	0.02179	0.00734	0.00655
45	0.01073	0.00834	0.00987	0.01091	0.01275	0.00748	0.00811	0.01290	0.01825	0.02289	0.06507	0.31648	0.33115	0.02379	0.01062	0.00325	0.00508	0.10726	0.00789	0.00718
46	0.01933	0.01832	0.03106	0.22405	0.45498	0.01936	0.02484	0.02450	0.01874	0.02602	0.01715	0.02509	0.01458	0.00860	0.00861	0.00268	0.01034	0.03540	0.00427	0.01210
47	0.01707	0.04402	0.65683	0.02426	0.03683	0.01976	0.03144	0.02695	0.01797	0.02695	0.01527	0.01797	0.01078	0.00809	0.00809	0.00270	0.01258	0.00629	0.00359	0.01258
48	0.02761	0.21593	0.02976	0.09359	0.02872	0.42478	0.01674	0.03034	0.02149	0.02071	0.01302	0.01571	0.01099	0.00834	0.00717	0.00216	0.01323	0.00546	0.00412	0.01010
49	0.01448	0.01178	0.01321	0.01231	0.01545	0.01207	0.00938	0.02451	0.21997	0.03170	0.30104	0.05803	0.20960	0.01658	0.00960	0.00280	0.00497	0.01419	0.00876	0.00957
50	0.01783	0.03477	0.41750	0.02509	0.03384	0.02166	0.09597	0.02525	0.01689	0.02525	0.01440	0.01872	0.01113	0.00980	0.01363	0.00299	0.19294	0.00703	0.00371	0.01157
51	0.01035	0.00747	0.00981	0.01167	0.01230	0.00693	0.00782	0.01187	0.01646	0.02179	0.04906	0.66168	0.08858	0.02638	0.01082	0.00342	0.00490	0.02385	0.00790	0.00693
52	0.01973	0.01886	0.03213	0.22047	0.49005	0.01987	0.02545	0.02495	0.01875	0.02618	0.01577	0.02150	0.01291	0.00783	0.00845	0.00261	0.01044	0.00758	0.00410	0.01240
53	0.02207	0.01964	0.03039	0.20742	0.36958	0.02114	0.02345	0.14575	0.02297	0.03150	0.01668	0.02135	0.01313	0.00836	0.00846	0.00261	0.01028	0.00759	0.00498	0.01264
54	0.01997	0.08801	0.41043	0.02186	0.03154	0.09344	0.02484	0.03135	0.14367	0.02751	0.01872	0.02016	0.01390	0.00881	0.00796	0.00261	0.01144	0.00675	0.00472	0.01233
55	0.01707	0.04402	0.65683	0.02426	0.03683	0.01976	0.03144	0.02695	0.01797	0.02695	0.01527	0.01797	0.01078	0.00809	0.00809	0.00270	0.01258	0.00629	0.00359	0.01258
56	0.01765	0.01513	0.01765	0.01260	0.02017	0.01134	0.01008	0.02143	0.01765	0.02773	0.01513	0.01765	0.01260	0.00630	0.00630	0.00126	0.00630	0.00504	0.00504	0.75295
57	0.01756	0.10156	0.60361	0.02341	0.03553	0.02097	0.02998	0.02682	0.01791	0.02635	0.01497	0.01759	0.01079	0.00802	0.00786	0.00262	0.01227	0.00614	0.00360	0.01243
58	0.01478	0.00739	0.01109	0.01109	0.01109	0.00739	0.00739	0.01109	0.01109	0.01478	0.01478	0.02587	0.01478	0.02956	0.03326	0.75240	0.00739	0.00739	0.00370	0.00370
59	0.01091	0.00865	0.00981	0.00952	0.01202	0.00755	0.00714	0.01387	0.02142	0.02779	0.32622	0.07400	0.40138	0.01976	0.01005	0.00279	0.00418	0.01685	0.00853	0.00755
60	0.02010	0.01975	0.03517	0.15408	0.46869	0.02018	0.10556	0.02555	0.01908	0.02673	0.01602	0.02159	0.01305	0.00768	0.00866	0.00262	0.01089	0.00791	0.00415	0.01254
61	0.01707	0.04402	0.65683	0.02426	0.03683	0.01976	0.03144	0.02695	0.01797	0.02695	0.01527	0.01797	0.01078	0.00809	0.00809	0.00270	0.01258	0.00629	0.00359	0.01258
62	0.03222	0.02761	0.02522	0.02011	0.02637	0.17101	0.01624	0.48724	0.03642	0.04622	0.01879	0.01928	0.01368	0.00989	0.00832	0.00247	0.01072	0.00717	0.00758	0.01343
63	0.01133	0.00867	0.01038	0.00995	0.01227	0.00772	0.00747	0.01467	0.02240	0.03011	0.44240	0.07018	0.28375	0.01890	0.01004	0.00275	0.00412	0.01632	0.00884	0.00772
64	0.01661	0.01257	0.01356	0.01248	0.01631	0.01256	0.00977	0.05769	0.18511	0.07551	0.06229	0.06189	0.36101	0.01753	0.00959	0.00290	0.00567	0.04873	0.00833	0.00986
65	0.02039	0.04022	0.44928	0.02453	0.06137	0.16534	0.02681	0.02798	0.01951	0.02552	0.01650	0.02190	0.01309	0.00908	0.00821	0.00264	0.01282	0.03900	0.00404	0.01174
66	0.02636	0.03026	0.02940	0.03727	0.34103	0.33937	0.02134	0.03000	0.02172	0.02436	0.01460	0.01824	0.01224	0.00817	0.00805	0.00236	0.01269	0.00655	0.00430	0.01170
67	0.01071	0.00801	0.00995	0.01080	0.01224	0.00725	0.00759	0.01298	0.01896	0.02511	0.20451	0.39372	0.20079	0.02315	0.01047	0.00313	0.00456	0.02054	0.00827	0.00725
68	0.01020	0.00806	0.00920	0.01010	0.01188	0.00706	0.00712	0.01205	0.01797	0.02241	0.06818	0.36337	0.37455	0.02390	0.01043	0.00314	0.00460	0.02082	0.00790	0.00706
69	0.01791	0.08115	0.30489	0.20188	0.04327	0.02097	0.16031	0.02552	0.01814	0.02511	0.01541	0.02003	0.01142	0.00793	0.00844	0.00271	0.01239	0.00735	0.00381	0.01137
70	0.02106	0.02022	0.03454	0.05223	0.64784	0.02022	0.02612	0.02612	0.01938	0.02780	0.01601	0.02106	0.01348	0.00758	0.00842	0.00253	0.01011	0.00758	0.00421	0.01348
71	0.01223	0.00882	0.01217	0.01217	0.01317	0.00982	0.00876	0.01423	0.01323	0.01864	0.02417	0.04106	0.02459	0.28219	0.45337	0.01182	0.01781	0.01023	0.00476	0.00676
72	0.02506	0.01985	0.03094	0.03017	0.18908	0.01998	0.15303	0.15022	0.09043	0.12641	0.02579	0.02715	0.05193	0.00968	0.00895	0.00268	0.00980	0.00911	0.00673	0.01302
73	0.02037	0.02185	0.02476	0.24734	0.03528	0.16746	0.01941	0.02367	0.01694	0.02095	0.01361	0.02009	0.01174	0.01401	0.05180	0.00362	0.26664	0.00713	0.00394	0.00939
74	0.02855	0.02746	0.02173	0.01976	0.04831	0.31571	0.01473	0.12456	0.05257	0.11576	0.02684	0.02728	0.08500	0.01324	0.03808	0.00295	0.01177	0.00809	0.00648	0.01114
75	0.01409	0.01303	0.02103	0.01734	0.02138	0.01205	0.17085	0.05071	0.01999	0.02557	0.05432	0.21350	0.29480	0.01831	0.01016	0.00300	0.00744	0.01679	0.00697	0.00868
76	0.02268	0.03052	0.15008	0.09814	0.17413	0.20500	0.14434	0.02831	0.02037	0.02493	0.01521	0.01940	0.01193	0.00803	0.00848	0.00256	0.01305	0.00724	0.00412	0.01147
77	0.01698	0.01409	0.02096	0.01796	0.02187	0.04769	0.13420	0.02124	0.02148	0.07471	0.20165	0.06140	0.11319	0.01654	0.01029	0.00306	0.00811	0.17787	0.00755	0.00917
78	0.01954	0.14153	0.25350	0.02912	0.06244	0.02286	0.29710	0.02682	0.01889	0.02599	0.01563	0.01968	0.01189	0.00752	0.00857	0.00263	0.01272	0.00778	0.00395	0.01184
79	0.02118	0.02560	0.11468	0.03749	0.31338	0.09569	0.07870	0.02609	0.01851	0.02535	0.01471	0.01968	0.01231	0.00924	0.01241	0.00279	0.14885	0.00737	0.00406	0.01191
80	0.02071	0.01940	0.03041	0.09144	0.46236	0.02034	0.02307	0.03010	0.15766	0.02911	0.02015	0.02360	0.01614	0.00855	0.00848	0.00263	0.00944	0.00804	0.00518	0.01318
81	0.01683	0.01583	0.02567	0.29398	0.28326	0.01704	0.02113	0.02154	0.01844	0.02441	0.02994	0.03409	0.14103	0.01079	0.00879	0.00272	0.00942	0.00969	0.00479	0.01059
82	0.02348	0.02481	0.03219	0.04539	0.50747	0.16623	0.02393	0.02789	0.02045	0.02623	0.01536	0.01977	0.01291	0.00785	0.00826	0.00245	0.01129	0.00711	0.00425	0.01266
83	0.01803	0.11955	0.53869	0.02522	0.08088	0.02142	0.02907	0.02672	0.01799	0.02621	0.01493	0.01770	0.01100	0.00795	0.00780	0.00258	0.01199	0.00618	0.00365	0.01245
84	0.02663	0.02888	0.10224	0.02088	0.07080	0.29401	0.01660	0.03023	0.02221	0.14668	0.03019	0.03021	0.12187	0.01113	0.00837	0.00249	0.01112	0.00849	0.00608	0.01093
85	0.02600	0.37858	0.03395	0.01767	0.02336	0.30411	0.01513	0.02852	0.02001	0.02035	0.01306	0.01556	0.01156	0.01131	0.04604	0.00269	0.01260	0.00522	0.00401	0.01027
86	0.01258	0.00863	0.01178	0.01402	0.04774	0.00802	0.00908	0.01451	0.01744	0.05820	0.07326	0.55784	0.08649	0.02400	0.01052	0.00329	0.00527	0.02166	0.00791	0.00776
87	0.02568	0.02547	0.02504	0.02833	0.19959	0.22666	0.01778	0.08776	0.13048	0.06194	0.02202	0.07201	0.01857	0.01049	0.00842	0.00256	0.01059	0.00857	0.00606	0.01197
88	0.01016	0.00863	0.00877	0.00873	0.01156	0.00723	0.00655	0.01242	0.01964	0.02358	0.11560	0.08093	0.61462	0.02133	0.01006	0.00286	0.00429	0.01782	0.00798	0.00723
89	0.01035	0.00747	0.00981	0.01169	0.01230	0.00693	0.00783	0.01187	0.01645	0.02179	0.04887	0.66468	0.08571	0.02641	0.01082	0.00343	0.00491	0.02388	0.00790	0.00693
90	0.02961	0.03642	0.02624	0.02809	0.15280	0.53517	0.01841	0.03238	0.02315	0.02225	0.01373	0.01651	0.01147	0.00853	0.00783	0.00226	0.01428	0.00591	0.00435	0.01060
91	0.02053	0.02038	0.03135	0.21820	0.44346	0.06833	0.02473	0.02554	0.01910	0.02566	0.01556	0.02107	0.01272	0.00792	0.00839	0.00259	0.01083	0.00742	0.00411	0.01213
92	0.01264	0.00983	0.01461	0.01433	0.01573	0.01179	0.01124	0.01559	0.01363	0.01981	0.02192	0.03232	0.02052	0.06016	0.61928	0.01293	0.07245	0.00899	0.00450	0.00773
93	0.01227	0.00821	0.00931	0.00942	0.00944	0.00818	0.00530	0.01235	0.01258	0.01678	0.02787	0.08944	0.03228	0.66535	0.04160	0.00800	0.00808	0.01300	0.00530	0.00525
94	0.02897	0.02196	0.02362	0.01882	0.02495	0.02454	0.01533	0.46421	0.17270	0.04813	0.02374	0.02354	0.01736	0.01278	0.03641	0.00310	0.00934	0.00817	0.00838	0.01396
95	0.01162	0.00837	0.00907	0.00907	0.01000	0.00790	0.00558	0.01232	0.01465	0.01860	0.04606	0.06418	0.22969	0.48082	0.03254	0.00651	0.00697	0.01418	0.00605	0.00581
96	0.02503	0.06108	0.02315	0.01899	0.04901	0.02316	0.01469	0.24801	0.33044	0.04064	0.02710	0.02616	0.02025	0.01058	0.00828	0.00265	0.00784	0.00846	0.04106	0.01343
97	0.02457	0.43899	0.07339	0.01684	0.02332	0.20993	0.01561	0.02765	0.01929	0.02133	0.01332	0.01542	0.01154	0.00790	0.00627	0.00199	0.01078	0.00511	0.04622	0.01055
98	0.07850	0.62409	0.04126	0.01464	0.02164	0.06137	0.01425	0.02583	0.01739	0.02142	0.01189	0.01374	0.01080	0.00739	0.00555	0.00190	0.00920	0.00460	0.00380	0.01075
99	0.02106	0.02022	0.03454	0.05223	0.64784	0.02022	0.02612	0.02612	0.01938	0.02780	0.01601	0.02106	0.01348	0.00758	0.00842	0.00253	0.01011	0.00758	0.00421	0.01348
100	0.01015	0.00862	0.00875	0.00872	0.01155	0.00722	0.00654	0.01240	0.01962	0.02352	0.11280	0.08102	0.61746	0.02135	0.01006	0.00286	0.00430	0.01784	0.00797	0.00722
101	0.02244	0.01902	0.02564	0.02087	0.02634	0.05423	0.14922	0.03677	0.32452	0.10465	0.05803	0.06973	0.02593	0.01146	0.00910	0.00284	0.00875	0.01050	0.00765	0.01230
102	0.01091	0.00764	0.00971	0.01115	0.01151	0.00728	0.00715	0.01199	0.01523	0.02031	0.04145	0.52159	0.04940	0.20983	0.01968	0.00476	0.00584	0.02098	0.00715	0.00644
103	0.02257	0.02411	0.02948	0.07341	0.31229	0.16767	0.02185	0.02619	0.01867	0.02399	0.01406	0.01923	0.01219	0.00979	0.01330	0.00278	0.18587	0.00707	0.00410	0.01136
104	0.07951	0.09728	0.38497	0.02957	0.19289	0.02112	0.02666	0.02644	0.01799	0.02745	0.01486	0.01803	0.01137	0.00786	0.00770	0.00256	0.01112	0.00633	0.00390	0.01238
105	0.02824	0.03470	0.02457	0.07136	0.02801	0.50264	0.01737	0.03063	0.02159	0.02083	0.01294	0.01649	0.01103	0.00985	0.01139	0.00252	0.13589	0.00599	0.00422	0.00973
106	0.01110	0.00880	0.01018	0.01020	0.01261	0.00759	0.00743	0.01357	0.01937	0.02522	0.18100	0.23772	0.32752	0.02095	0.00999	0.00287	0.00457	0.01815	0.00798	0.06318
107	0.01683	0.01510	0.02350	0.20499	0.23858	0.01630	0.01887	0.02340	0.08991	0.02606	0.05938	0.17736	0.02770	0.01314	0.00911	0.00287	0.00854	0.01200	0.00573	0.01062
108	0.01078	0.00837	0.00981	0.01003	0.01209	0.00740	0.00730	0.01339	0.02023	0.02635	0.25989	0.21444	0.32673	0.02134	0.01023	0.00294	0.00436	0.01853	0.00838	0.00740
109	0.01971	0.03289	0.34511	0.02652	0.03648	0.02100	0.20411	0.07705	0.09591	0.03026	0.01865	0.02136	0.01359	0.00841	0.00878	0.00276	0.01213	0.00794	0.00483	0.01251
110	0.02080	0.01995	0.03407	0.08538	0.61675	0.02015	0.02599	0.02589	0.01925	0.02748	0.01596	0.02115	0.01337	0.00763	0.00843	0.00254	0.01018	0.00758	0.00419	0.01327
111	0.02048	0.01963	0.03349	0.12534	0.57927	0.02007	0.02583	0.02561	0.01910	0.02710	0.01590	0.02125	0.01323	0.00769	0.00843	0.00256	0.01025	0.00758	0.00416	0.01301
112	0.02022	0.02179	0.07246	0.09155	0.37808	0.02048	0.17795	0.02721	0.05375	0.02760	0.01726	0.02210	0.01372	0.00780	0.00884	0.00267	0.01125	0.00826	0.00442	0.01261
113	0.02047	0.01620	0.01692	0.01697	0.07426	0.10065	0.01181	0.05343	0.06808	0.09121	0.18408	0.03813	0.06889	0.01438	0.03565	0.00290	0.00775	0.01013	0.12755	0.04053
114	0.01933	0.06665	0.16640	0.02998	0.09193	0.02073	0.29700	0.02586	0.01872	0.02649	0.01578	0.02029	0.01227	0.00773	0.00975	0.00258	0.04997	0.00794	0.00417	0.10642
115	0.01926	0.01971	0.02280	0.01909	0.02314	0.16068	0.13435	0.06668	0.02288	0.02844	0.19333	0.14843	0.07573	0.01464	0.00953	0.00274	0.00925	0.01312	0.00681	0.00939

[dist]
# distance from previous block
# <min> <max>
0	4

[block]
# block no. 3 follows, 21 sequences, length 7
# corresponding to MSA columns:
# 216-222
name=unknown_D
#
# <colnr> <probs for GDERKNQSTAVLIFYWHMCP>
#	G	D	E	R	K	N	Q	S	T	A	V	L	I	F	Y	W	H	M	C	P
0	0.01788	0.12361	0.43210	0.02375	0.03419	0.02092	0.11894	0.02595	0.01869	0.02667	0.06446	0.02177	0.01659	0.00857	0.00820	0.00261	0.01173	0.00737	0.00416	0.01183
1	0.02360	0.07893	0.02715	0.02522	0.17130	0.01693	0.06813	0.02870	0.04780	0.16804	0.02261	0.02790	0.01805	0.00931	0.00810	0.00234	0.00851	0.05302	0.00627	0.18810
2	0.13591	0.01682	0.01967	0.07350	0.02312	0.01990	0.01411	0.14782	0.07526	0.03367	0.10650	0.03143	0.07919	0.01291	0.01297	0.00294	0.16810	0.00925	0.00653	0.01039
3	0.01957	0.02422	0.14736	0.09948	0.36464	0.02067	0.08977	0.02551	0.01843	0.02641	0.01550	0.02064	0.01254	0.00835	0.01024	0.00273	0.06994	0.00760	0.00403	0.01237
4	0.02214	0.09362	0.02305	0.01939	0.10382	0.04623	0.01350	0.02901	0.12397	0.10801	0.02146	0.02450	0.01732	0.06403	0.01023	0.00255	0.00788	0.00718	0.00609	0.25602
5	0.16384	0.02795	0.05263	0.01761	0.02275	0.28543	0.01429	0.10935	0.07483	0.03036	0.02527	0.02588	0.09432	0.01066	0.00775	0.00250	0.01060	0.00762	0.00588	0.01047
6	0.08265	0.34738	0.23515	0.01838	0.02624	0.02701	0.02003	0.02527	0.01672	0.02383	0.01285	0.01569	0.01076	0.00858	0.00919	0.00241	0.09750	0.00549	0.00377	0.01110

[dist]
# distance from previous block
# <min> <max>
0	1

[block]
# block no. 4 follows, 21 sequences, length 20
# corresponding to MSA columns:
# 224-243
name=unknown_E
#
# <colnr> <probs for GDERKNQSTAVLIFYWHMCP>
#	G	D	E	R	K	N	Q	S	T	A	V	L	I	F	Y	W	H	M	C	P
0	0.02406	0.39715	0.09425	0.01756	0.02415	0.20294	0.01642	0.02826	0.04545	0.02155	0.01406	0.01631	0.01209	0.01084	0.04028	0.00266	0.01173	0.00542	0.00410	0.01073
1	0.01305	0.01048	0.01406	0.12846	0.02036	0.01150	0.01063	0.01534	0.01657	0.02220	0.13812	0.12028	0.11530	0.23780	0.02231	0.00471	0.07187	0.01357	0.00614	0.00724
2	0.01191	0.00861	0.01069	0.01106	0.01241	0.00800	0.00767	0.01386	0.01732	0.02350	0.16035	0.27012	0.08956	0.20548	0.01923	0.00447	0.00592	0.06236	0.00728	0.05021
3	0.04863	0.16795	0.01999	0.01270	0.01678	0.01487	0.01019	0.01830	0.01674	0.02350	0.02812	0.26774	0.03101	0.05554	0.01019	0.00280	0.00666	0.04635	0.00593	0.19598
4	0.02120	0.01955	0.09280	0.01600	0.02265	0.01651	0.01411	0.06642	0.24012	0.09583	0.02994	0.02912	0.06794	0.01025	0.00801	0.00235	0.00731	0.00836	0.00716	0.22437
5	0.06159	0.23516	0.10079	0.01779	0.02287	0.02121	0.08927	0.02109	0.01531	0.02123	0.01371	0.01941	0.01223	0.01474	0.01667	0.22626	0.07152	0.00655	0.00384	0.00877
6	0.15573	0.08114	0.02671	0.02852	0.21680	0.26949	0.01783	0.02969	0.02043	0.05832	0.01475	0.01742	0.01195	0.00822	0.00736	0.00237	0.01128	0.00606	0.00474	0.01119
7	0.02372	0.39016	0.17795	0.01859	0.02635	0.18859	0.01885	0.02794	0.01915	0.02179	0.01294	0.01505	0.01090	0.00783	0.00661	0.00211	0.01145	0.00518	0.00382	0.01103
8	0.01916	0.21013	0.41105	0.02047	0.03053	0.02291	0.02439	0.06455	0.01968	0.02744	0.06069	0.02036	0.01615	0.00870	0.00758	0.00246	0.01085	0.00660	0.00435	0.01194
9	0.02079	0.47791	0.25557	0.01790	0.02701	0.02888	0.02038	0.02599	0.01752	0.02241	0.01302	0.01514	0.01087	0.00756	0.00636	0.00212	0.01030	0.00515	0.00362	0.01149
10	0.01531	0.01369	0.01365	0.01323	0.01583	0.09132	0.01017	0.02076	0.08449	0.02949	0.32663	0.09743	0.12659	0.01754	0.00987	0.00287	0.00628	0.08801	0.00822	0.00862
11	0.01442	0.07219	0.15680	0.04123	0.02187	0.01321	0.01494	0.01853	0.01720	0.02394	0.03077	0.31942	0.03352	0.01690	0.00907	0.00282	0.00760	0.05208	0.00600	0.12753
12	0.03093	0.02666	0.02491	0.01988	0.02590	0.15812	0.01607	0.44355	0.03446	0.04414	0.01826	0.01917	0.01351	0.00995	0.00913	0.00247	0.04165	0.00708	0.00728	0.04687
13	0.02338	0.65976	0.04317	0.01507	0.02215	0.07771	0.01469	0.02607	0.01777	0.02008	0.01192	0.01377	0.01092	0.00738	0.00561	0.00185	0.00954	0.00462	0.00369	0.01085
14	0.01369	0.00835	0.00991	0.00991	0.01109	0.00875	0.00691	0.01605	0.01487	0.02335	0.02613	0.04039	0.02480	0.26102	0.19320	0.00722	0.01040	0.00977	0.29730	0.00689
15	0.02922	0.02035	0.02239	0.01761	0.02326	0.02217	0.01419	0.46520	0.03389	0.09443	0.02241	0.02628	0.01745	0.10141	0.04677	0.00386	0.00974	0.00841	0.00804	0.01293
16	0.01112	0.01032	0.04716	0.01108	0.01356	0.00807	0.00878	0.01405	0.01972	0.02601	0.22885	0.25607	0.27190	0.02112	0.01018	0.00298	0.00489	0.01842	0.00807	0.00765
17	0.01935	0.33766	0.35100	0.01924	0.02892	0.02538	0.02273	0.02575	0.01797	0.02422	0.04547	0.01835	0.01436	0.00820	0.00701	0.00230	0.01059	0.00597	0.00391	0.01161
18	0.26307	0.19639	0.29568	0.01760	0.02648	0.02293	0.02002	0.02596	0.01666	0.02895	0.01331	0.01555	0.01030	0.00783	0.00652	0.00246	0.00976	0.00531	0.00415	0.01107
19	0.08782	0.01663	0.02135	0.02228	0.15428	0.01588	0.01461	0.08712	0.05732	0.11028	0.06166	0.02759	0.02082	0.00956	0.00783	0.00228	0.00752	0.03724	0.00656	0.23136

[dist]
# distance from previous block
# <min> <max>
0	1

[block]
# block no. 5 follows, 21 sequences, length 31
# corresponding to MSA columns:
# 245-275
name=unknown_F
#
# <colnr> <probs for GDERKNQSTAVLIFYWHMCP>
#	G	D	E	R	K	N	Q	S	T	A	V	L	I	F	Y	W	H	M	C	P
0	0.02523	0.02136	0.02611	0.11304	0.16622	0.05510	0.01843	0.27355	0.05865	0.03779	0.01841	0.02082	0.01400	0.00890	0.00817	0.00242	0.00957	0.00728	0.00629	0.10868
1	0.02106	0.02022	0.03454	0.05223	0.64784	0.02022	0.02612	0.02612	0.01938	0.02780	0.01601	0.02106	0.01348	0.00758	0.00842	0.00253	0.01011	0.00758	0.00421	0.01348
2	0.02106	0.02022	0.03454	0.05223	0.64784	0.02022	0.02612	0.02612	0.01938	0.02780	0.01601	0.02106	0.01348	0.00758	0.00842	0.00253	0.01011	0.00758	0.00421	0.01348
3	0.02009	0.02296	0.05022	0.03587	0.04448	0.02152	0.61693	0.02726	0.02009	0.02726	0.01722	0.02296	0.01291	0.00717	0.01004	0.00287	0.01435	0.01004	0.00430	0.01148
4	0.01006	0.00862	0.00862	0.00862	0.01149	0.00718	0.00647	0.01221	0.01940	0.02299	0.08621	0.08190	0.64438	0.02155	0.01006	0.00287	0.00431	0.01796	0.00790	0.00718
5	0.01238	0.00825	0.00928	0.00928	0.00928	0.00825	0.00516	0.01238	0.01238	0.01650	0.02681	0.05569	0.03094	0.70092	0.04331	0.00825	0.00825	0.01238	0.00516	0.00516
6	0.01006	0.00862	0.00862	0.00862	0.01149	0.00718	0.00647	0.01221	0.01940	0.02299	0.08621	0.08190	0.64438	0.02155	0.01006	0.00287	0.00431	0.01796	0.00790	0.00718
7	0.01586	0.00793	0.00793	0.00793	0.00991	0.00793	0.00595	0.01983	0.01785	0.03173	0.02776	0.03173	0.02181	0.00991	0.00595	0.00198	0.00397	0.00793	0.74817	0.00793
8	0.03235	0.02384	0.02554	0.01958	0.02639	0.02639	0.01618	0.61946	0.04001	0.05363	0.02043	0.02043	0.01447	0.01022	0.00851	0.00255	0.00936	0.00766	0.00851	0.01447
9	0.01607	0.01513	0.02552	0.68047	0.05861	0.01891	0.02363	0.02174	0.01702	0.02174	0.01513	0.02269	0.01134	0.00851	0.00851	0.00284	0.01134	0.00756	0.00378	0.00945
10	0.02117	0.01828	0.01924	0.01732	0.02213	0.02117	0.01347	0.04522	0.63246	0.03560	0.03464	0.03175	0.02598	0.01155	0.00866	0.00289	0.00673	0.00962	0.00866	0.01347
11	0.02009	0.02296	0.05022	0.03587	0.04448	0.02152	0.61693	0.02726	0.02009	0.02726	0.01722	0.02296	0.01291	0.00717	0.01004	0.00287	0.01435	0.01004	0.00430	0.01148
12	0.03235	0.02384	0.02554	0.01958	0.02639	0.02639	0.01618	0.61946	0.04001	0.05363	0.02043	0.02043	0.01447	0.01022	0.00851	0.00255	0.00936	0.00766	0.00851	0.01447
13	0.02009	0.02296	0.05022	0.03587	0.04448	0.02152	0.61693	0.02726	0.02009	0.02726	0.01722	0.02296	0.01291	0.00717	0.01004	0.00287	0.01435	0.01004	0.00430	0.01148
14	0.01037	0.00741	0.00987	0.01185	0.01234	0.00691	0.00790	0.01185	0.01629	0.02172	0.04690	0.69537	0.05629	0.02666	0.01086	0.00346	0.00494	0.02419	0.00790	0.00691
15	0.03126	0.07959	0.02532	0.02149	0.02605	0.62963	0.01633	0.03348	0.02372	0.02078	0.01308	0.01525	0.01096	0.00868	0.00754	0.00217	0.01498	0.00543	0.00434	0.00993
16	0.02009	0.02296	0.05022	0.03587	0.04448	0.02152	0.61693	0.02726	0.02009	0.02726	0.01722	0.02296	0.01291	0.00717	0.01004	0.00287	0.01435	0.01004	0.00430	0.01148
17	0.01216	0.00912	0.01368	0.01368	0.01520	0.01064	0.01064	0.01520	0.01368	0.01976	0.02279	0.03343	0.02127	0.06382	0.66720	0.01368	0.02279	0.00912	0.00456	0.00760
18	0.01238	0.00825	0.00928	0.00928	0.00928	0.00825	0.00516	0.01238	0.01238	0.01650	0.02681	0.05569	0.03094	0.70092	0.04331	0.00825	0.00825	0.01238	0.00516	0.00516
19	0.02553	0.02007	0.02430	0.01956	0.02404	0.02305	0.04540	0.36137	0.02937	0.04049	0.02131	0.08887	0.01830	0.01274	0.01298	0.00289	0.15868	0.00942	0.04960	0.01204
20	0.01707	0.04402	0.65683	0.02426	0.03683	0.01976	0.03144	0.02695	0.01797	0.02695	0.01527	0.01797	0.01078	0.00809	0.00809	0.00270	0.01258	0.00629	0.00359	0.01258
21	0.01037	0.00741	0.00987	0.01185	0.01234	0.00691	0.00790	0.01185	0.01629	0.02172	0.04690	0.69537	0.05629	0.02666	0.01086	0.00346	0.00494	0.02419	0.00790	0.00691
22	0.02073	0.01988	0.03395	0.09380	0.60885	0.02013	0.02595	0.02583	0.01922	0.02740	0.01595	0.02117	0.01334	0.00764	0.00843	0.00255	0.01019	0.00758	0.00418	0.01321
23	0.02106	0.02022	0.03454	0.05223	0.64784	0.02022	0.02612	0.02612	0.01938	0.02780	0.01601	0.02106	0.01348	0.00758	0.00842	0.00253	0.01011	0.00758	0.00421	0.01348
24	0.01006	0.00862	0.00862	0.00862	0.01149	0.00718	0.00647	0.01221	0.01940	0.02299	0.08621	0.08190	0.64438	0.02155	0.01006	0.00287	0.00431	0.01796	0.00790	0.00718
25	0.01707	0.04402	0.65683	0.02426	0.03683	0.01976	0.03144	0.02695	0.01797	0.02695	0.01527	0.01797	0.01078	0.00809	0.00809	0.00270	0.01258	0.00629	0.00359	0.01258
26	0.02092	0.05510	0.09124	0.08536	0.39815	0.05799	0.11565	0.02650	0.01938	0.02649	0.01571	0.02052	0.01275	0.00768	0.00847	0.00256	0.01131	0.00758	0.00413	0.01250
27	0.02042	0.01994	0.03111	0.19818	0.44547	0.05250	0.02441	0.02643	0.04957	0.02640	0.01658	0.02169	0.01347	0.00806	0.00842	0.00260	0.01050	0.00757	0.00434	0.01234
28	0.01165	0.00858	0.01105	0.01177	0.01350	0.00798	0.00899	0.01467	0.02027	0.02713	0.26359	0.24229	0.15714	0.02188	0.01064	0.00319	0.00515	0.14458	0.00841	0.00755
29	0.43561	0.01888	0.01848	0.01946	0.11907	0.05034	0.01322	0.12598	0.02027	0.03789	0.01508	0.01736	0.01170	0.00842	0.00648	0.00254	0.00786	0.00586	0.05476	0.01073
30	0.02065	0.02348	0.09038	0.19786	0.37965	0.09052	0.02497	0.02600	0.01919	0.02550	0.01541	0.02054	0.01243	0.00798	0.00833	0.00258	0.01121	0.00723	0.00407	0.01203

[dist]
# distance from previous block
# <min> <max>
0	1

[block]
# block no. 6 follows, 21 sequences, length 37
# corresponding to MSA columns:
# 277-313
name=unknown_G
#
# <colnr> <probs for GDERKNQSTAVLIFYWHMCP>
#	G	D	E	R	K	N	Q	S	T	A	V	L	I	F	Y	W	H	M	C	P
0	0.02341	0.37974	0.19739	0.01878	0.02675	0.17840	0.01935	0.02785	0.01906	0.02199	0.01303	0.01516	0.01089	0.00784	0.00665	0.00213	0.01146	0.00522	0.00380	0.01110
1	0.01086	0.00785	0.00950	0.01059	0.01137	0.00732	0.00691	0.01206	0.01577	0.02053	0.04832	0.41543	0.15192	0.20816	0.01950	0.00465	0.00572	0.01991	0.00716	0.00648
2	0.02499	0.01828	0.02042	0.01556	0.02186	0.01792	0.01245	0.29438	0.02765	0.07591	0.01999	0.02394	0.01606	0.08761	0.01167	0.00273	0.00798	0.00729	0.00697	0.28635
3	0.01019	0.00863	0.00881	0.00876	0.01158	0.00724	0.00657	0.01248	0.01972	0.02375	0.12451	0.08064	0.60560	0.02127	0.01006	0.00286	0.00429	0.01778	0.00800	0.00724
4	0.03179	0.04056	0.02412	0.02192	0.02631	0.66676	0.01644	0.03398	0.02412	0.02083	0.01315	0.01535	0.01096	0.00877	0.00767	0.00219	0.01535	0.00548	0.00438	0.00987
5	0.01371	0.00980	0.01371	0.01567	0.01763	0.00980	0.01371	0.01763	0.01959	0.02547	0.04506	0.09599	0.04898	0.02351	0.01175	0.00392	0.00784	0.59056	0.00784	0.00784
6	0.01065	0.00864	0.00944	0.00924	0.01186	0.00744	0.00693	0.01336	0.02080	0.02631	0.25222	0.07644	0.47630	0.02031	0.01005	0.00281	0.00422	0.01719	0.00834	0.00744
7	0.01006	0.00862	0.00862	0.00862	0.01149	0.00718	0.00647	0.01221	0.01940	0.02299	0.08621	0.08190	0.64438	0.02155	0.01006	0.00287	0.00431	0.01796	0.00790	0.00718
8	0.01014	0.00828	0.00897	0.00952	0.01173	0.00711	0.00686	0.01211	0.01854	0.02264	0.07529	0.25229	0.48104	0.02297	0.01028	0.00304	0.00448	0.01969	0.00790	0.00711
9	0.76103	0.01646	0.01251	0.01119	0.01646	0.01909	0.00922	0.02502	0.01448	0.03818	0.01185	0.01382	0.00922	0.00790	0.00527	0.00263	0.00658	0.00461	0.00527	0.00922
10	0.03235	0.02384	0.02554	0.01958	0.02639	0.02639	0.01618	0.61946	0.04001	0.05363	0.02043	0.02043	0.01447	0.01022	0.00851	0.00255	0.00936	0.00766	0.00851	0.01447
11	0.01607	0.01513	0.02552	0.68047	0.05861	0.01891	0.02363	0.02174	0.01702	0.02174	0.01513	0.02269	0.01134	0.00851	0.00851	0.00284	0.01134	0.00756	0.00378	0.00945
12	0.02106	0.02022	0.03454	0.05223	0.64784	0.02022	0.02612	0.02612	0.01938	0.02780	0.01601	0.02106	0.01348	0.00758	0.00842	0.00253	0.01011	0.00758	0.00421	0.01348
13	0.01862	0.01862	0.02607	0.02234	0.02234	0.02607	0.01862	0.02048	0.01303	0.02048	0.01117	0.01862	0.01117	0.01489	0.02793	0.00372	0.68535	0.00745	0.00372	0.00931
14	0.01037	0.00741	0.00987	0.01185	0.01234	0.00691	0.00790	0.01185	0.01629	0.02172	0.04690	0.69537	0.05629	0.02666	0.01086	0.00346	0.00494	0.02419	0.00790	0.00691
15	0.01586	0.00793	0.00793	0.00793	0.00991	0.00793	0.00595	0.01983	0.01785	0.03173	0.02776	0.03173	0.02181	0.00991	0.00595	0.00198	0.00397	0.00793	0.74817	0.00793
