[name]
unknown

[dist]
# distance from previous block
# <min> <max>
0	61

[block]
# block no. 0 follows, 22 sequences, length 16
# corresponding to MSA columns:
# 61-76
name=unknown_A
#
# <colnr> <probs for GDERKNQSTAVLIFYWHMCP>
#	G	D	E	R	K	N	Q	S	T	A	V	L	I	F	Y	W	H	M	C	P
0	0.01361	0.01109	0.01229	0.01173	0.01459	0.01131	0.00889	0.02192	0.19180	0.02722	0.16051	0.05937	0.27044	0.07339	0.04629	0.00377	0.00619	0.03904	0.00779	0.00876
1	0.02313	0.02626	0.03319	0.03418	0.23349	0.23504	0.18816	0.02759	0.02024	0.02420	0.01550	0.02008	0.01273	0.01152	0.05513	0.00321	0.01357	0.00750	0.00422	0.01105
2	0.03103	0.03959	0.02354	0.02140	0.02568	0.67469	0.01605	0.03317	0.02354	0.02033	0.01284	0.01498	0.01070	0.00856	0.00749	0.00214	0.01498	0.00535	0.00428	0.00963
3	0.32491	0.08296	0.01533	0.01143	0.01568	0.01607	0.00939	0.06045	0.01787	0.03079	0.08031	0.03547	0.16882	0.01746	0.07767	0.00368	0.00781	0.00907	0.00604	0.00878
4	0.01365	0.01036	0.01268	0.01252	0.01324	0.04304	0.00888	0.01424	0.01326	0.01780	0.02307	0.10874	0.02460	0.21858	0.22669	0.15537	0.06160	0.01075	0.00473	0.00619
5	0.02141	0.01771	0.02302	0.05416	0.17340	0.01727	0.01567	0.19416	0.02370	0.03351	0.01914	0.07863	0.01668	0.00936	0.00774	0.00214	0.00799	0.00798	0.00588	0.27045
6	0.02022	0.01949	0.04965	0.15501	0.23848	0.04658	0.01987	0.12144	0.04572	0.02896	0.02473	0.02789	0.09116	0.01043	0.00990	0.00267	0.06262	0.00858	0.00527	0.01133
7	0.01780	0.06767	0.09382	0.20095	0.20766	0.01911	0.02070	0.02568	0.10877	0.02501	0.01864	0.02337	0.01502	0.01589	0.10102	0.00408	0.01161	0.00756	0.00459	0.01107
8	0.18906	0.01756	0.05452	0.02450	0.17093	0.01600	0.10620	0.02231	0.01742	0.02844	0.02459	0.06392	0.09072	0.00991	0.00773	0.00244	0.00825	0.00875	0.00510	0.13165
9	0.02166	0.02381	0.02873	0.21457	0.17864	0.19920	0.07406	0.02577	0.01877	0.02263	0.01410	0.01932	0.01156	0.00889	0.01074	0.00265	0.10350	0.00703	0.00399	0.01039
10	0.09826	0.26875	0.06154	0.02298	0.11866	0.20019	0.04818	0.04904	0.01967	0.02450	0.01323	0.01576	0.01110	0.00773	0.00678	0.00217	0.01085	0.00560	0.00419	0.01082
11	0.02150	0.02219	0.02307	0.02368	0.12816	0.19911	0.05786	0.07327	0.08704	0.02684	0.06878	0.02914	0.06277	0.01881	0.11649	0.00424	0.01237	0.00869	0.00561	0.01039
12	0.02049	0.01906	0.02688	0.02750	0.17383	0.05131	0.08158	0.12018	0.02051	0.02837	0.01937	0.11467	0.01838	0.01197	0.01291	0.00279	0.16618	0.00961	0.00527	0.06915
13	0.09776	0.01710	0.01609	0.01599	0.06128	0.12338	0.01098	0.09209	0.02066	0.02807	0.11733	0.10208	0.07517	0.13785	0.01439	0.00351	0.00802	0.01093	0.00629	0.04103
14	0.15328	0.07805	0.01808	0.01489	0.06288	0.01555	0.01105	0.05587	0.06152	0.14529	0.07125	0.02624	0.02136	0.00955	0.00690	0.00229	0.00634	0.00748	0.18413	0.04800
15	0.02337	0.01922	0.02545	0.02299	0.09082	0.02174	0.06357	0.24399	0.06676	0.05800	0.02415	0.05183	0.06181	0.01208	0.01312	0.00287	0.17094	0.00912	0.00645	0.01174

[dist]
# distance from previous block
# <min> <max>
0	2

[block]
# block no. 1 follows, 22 sequences, length 17
# corresponding to MSA columns:
# 79-95
name=unknown_B
#
# <colnr> <probs for GDERKNQSTAVLIFYWHMCP>
#	G	D	E	R	K	N	Q	S	T	A	V	L	I	F	Y	W	H	M	C	P
0	0.05383	0.01962	0.02175	0.02343	0.14426	0.13096	0.01567	0.04428	0.01876	0.02547	0.07398	0.03000	0.09808	0.01234	0.01351	0.00277	0.20175	0.00879	0.05103	0.00972
1	0.07415	0.02354	0.08439	0.13276	0.15033	0.14300	0.01865	0.03025	0.16357	0.02752	0.01949	0.02199	0.01511	0.00887	0.00776	0.00253	0.00991	0.00717	0.04787	0.01116
2	0.01343	0.01084	0.01505	0.01991	0.17329	0.01029	0.01138	0.01618	0.01757	0.02403	0.04650	0.22307	0.22088	0.05372	0.01083	0.00304	0.00595	0.01509	0.10046	0.00847
3	0.01252	0.00993	0.01146	0.01128	0.01368	0.00973	0.00835	0.01901	0.13345	0.02814	0.26060	0.18735	0.22531	0.01886	0.00972	0.00285	0.00466	0.01639	0.00834	0.00836
4	0.01772	0.01777	0.03259	0.37288	0.16874	0.01965	0.17182	0.02333	0.01762	0.02365	0.01526	0.02172	0.01185	0.00809	0.00952	0.00276	0.04267	0.00798	0.00390	0.01047
5	0.02246	0.02379	0.02506	0.18960	0.18232	0.22548	0.01957	0.05679	0.04924	0.02491	0.01864	0.02751	0.01621	0.00997	0.00838	0.00260	0.01135	0.07073	0.00485	0.01054
6	0.04077	0.01469	0.02357	0.22770	0.06830	0.01667	0.09263	0.02014	0.01567	0.02256	0.01730	0.02661	0.01532	0.10261	0.08682	0.00454	0.10342	0.00821	0.04142	0.05107
7	0.02009	0.02397	0.12097	0.03890	0.37542	0.05808	0.05807	0.02504	0.01782	0.02522	0.01452	0.01946	0.01218	0.00890	0.01193	0.00272	0.14362	0.00722	0.00395	0.01193
8	0.01713	0.10106	0.02010	0.08730	0.02155	0.06527	0.01289	0.04919	0.01684	0.04264	0.02310	0.14936	0.02330	0.07447	0.18651	0.00590	0.07902	0.01057	0.00518	0.00861
9	0.06376	0.01213	0.01511	0.01296	0.01678	0.01179	0.01021	0.09070	0.02360	0.21678	0.28368	0.08709	0.04524	0.01728	0.05183	0.00333	0.00680	0.01186	0.00876	0.01033
10	0.01969	0.02194	0.17943	0.01640	0.02179	0.01679	0.01540	0.22565	0.02300	0.03150	0.02306	0.09406	0.02209	0.23033	0.01910	0.00436	0.00918	0.01010	0.00602	0.01011
11	0.01706	0.01655	0.02494	0.05586	0.02449	0.02064	0.07745	0.01999	0.01421	0.02137	0.01396	0.02105	0.01283	0.02029	0.12721	0.00482	0.40594	0.00754	0.00397	0.08982
12	0.01464	0.01361	0.01345	0.04673	0.01664	0.09351	0.00962	0.01739	0.04535	0.02124	0.04143	0.19974	0.18105	0.15350	0.01676	0.00385	0.04628	0.01425	0.00621	0.04475
13	0.01499	0.01108	0.01243	0.01242	0.01394	0.05487	0.00876	0.03927	0.01694	0.06279	0.07005	0.27565	0.03766	0.18579	0.13865	0.00605	0.00970	0.01490	0.00654	0.00750
14	0.02267	0.02419	0.03021	0.11220	0.43316	0.18426	0.02286	0.02697	0.01983	0.02479	0.01483	0.01933	0.01232	0.00779	0.00805	0.00242	0.01128	0.00688	0.00411	0.01185
15	0.02297	0.02411	0.02779	0.06813	0.34353	0.18451	0.02057	0.03088	0.14232	0.02663	0.01846	0.02129	0.01484	0.00850	0.00809	0.00247	0.01057	0.00728	0.00499	0.01208
16	0.02117	0.02290	0.06160	0.04048	0.43978	0.10644	0.04639	0.02717	0.06237	0.02645	0.02013	0.02359	0.04724	0.00855	0.00827	0.00249	0.01031	0.00783	0.00460	0.01224

[dist]
# distance from previous block
# <min> <max>
6	16

[block]
# block no. 2 follows, 22 sequences, length 19
# corresponding to MSA columns:
# 112-130
name=unknown_C
#
# <colnr> <probs for GDERKNQSTAVLIFYWHMCP>
#	G	D	E	R	K	N	Q	S	T	A	V	L	I	F	Y	W	H	M	C	P
0	0.14597	0.33600	0.02795	0.01348	0.01919	0.05857	0.01205	0.09590	0.01988	0.02712	0.02716	0.02757	0.13919	0.01042	0.00667	0.00222	0.00789	0.00749	0.00527	0.01002
1	0.01908	0.01495	0.01892	0.02077	0.12322	0.01572	0.01350	0.19702	0.08061	0.03253	0.03216	0.32902	0.03341	0.01691	0.00934	0.00292	0.00708	0.01492	0.00736	0.01055
2	0.01027	0.00734	0.00977	0.01147	0.01208	0.00685	0.00772	0.01194	0.01660	0.02231	0.10112	0.64414	0.05709	0.02520	0.01053	0.00330	0.00474	0.02283	0.00784	0.00685
3	0.09400	0.09306	0.02701	0.02723	0.18236	0.35299	0.01773	0.02890	0.02027	0.02349	0.01319	0.01628	0.01117	0.00841	0.00844	0.00232	0.05259	0.00582	0.00421	0.01052
4	0.02023	0.02071	0.01851	0.01692	0.01900	0.22391	0.01323	0.02282	0.01722	0.02209	0.01738	0.02309	0.01521	0.02295	0.16949	0.00512	0.18456	0.00714	0.15181	0.00860
5	0.01042	0.00735	0.00955	0.01119	0.01160	0.00695	0.00731	0.01165	0.01533	0.02043	0.04282	0.60440	0.05120	0.12936	0.01540	0.00408	0.00531	0.02187	0.00731	0.00649
6	0.02604	0.03277	0.18432	0.02171	0.04903	0.24948	0.01948	0.15242	0.10575	0.05237	0.01831	0.01936	0.01368	0.00905	0.00794	0.00245	0.01159	0.00668	0.00564	0.01193
7	0.04301	0.02098	0.13151	0.03185	0.27047	0.01665	0.12005	0.02237	0.01865	0.02609	0.03276	0.03503	0.17298	0.01085	0.00872	0.00264	0.00940	0.01003	0.00497	0.01101
8	0.01264	0.00905	0.01125	0.01216	0.01327	0.00894	0.00835	0.07882	0.01808	0.02413	0.04117	0.56870	0.04823	0.08693	0.01326	0.00371	0.00559	0.02080	0.00753	0.00739
9	0.05587	0.00980	0.01154	0.01196	0.01392	0.00981	0.00876	0.07397	0.01856	0.02540	0.04653	0.38833	0.16251	0.02572	0.07272	0.00409	0.00697	0.03847	0.00731	0.00775
10	0.01793	0.09939	0.45709	0.02631	0.06461	0.02090	0.14666	0.02620	0.01795	0.02579	0.01501	0.01825	0.01107	0.00762	0.00805	0.00258	0.01220	0.00677	0.00368	0.01196
11	0.02581	0.02455	0.06366	0.02129	0.02738	0.12920	0.13335	0.28607	0.02781	0.03634	0.01819	0.02079	0.01373	0.01016	0.00967	0.04796	0.01063	0.00751	0.07438	0.01149
12	0.01340	0.01008	0.01173	0.01156	0.01361	0.01001	0.00851	0.05331	0.07641	0.02631	0.16591	0.14998	0.16807	0.16041	0.01654	0.00401	0.00591	0.07889	0.00754	0.00779
13	0.01107	0.00763	0.00981	0.01123	0.01198	0.00723	0.00774	0.01249	0.01580	0.02120	0.04343	0.47519	0.08410	0.09910	0.01489	0.03949	0.00546	0.07312	0.04248	0.00656
14	0.01969	0.02801	0.18350	0.05378	0.09529	0.17793	0.01986	0.02411	0.01844	0.02290	0.02516	0.02787	0.11694	0.01143	0.01177	0.00272	0.13776	0.00823	0.00449	0.01013
15	0.01872	0.01776	0.03009	0.23829	0.44942	0.01882	0.02398	0.02379	0.01844	0.02566	0.04401	0.02290	0.01548	0.00810	0.00832	0.00256	0.00996	0.00774	0.00421	0.01175
16	0.02056	0.01974	0.03372	0.05099	0.65622	0.01974	0.02550	0.02550	0.01892	0.02714	0.01563	0.02056	0.01316	0.00740	0.00822	0.00247	0.00987	0.00740	0.00411	0.01316
17	0.01818	0.01921	0.01696	0.01637	0.01833	0.22138	0.01236	0.02038	0.01715	0.02018	0.02394	0.19355	0.02508	0.03099	0.22652	0.00624	0.08863	0.01129	0.00513	0.00813
18	0.01712	0.03976	0.56867	0.02545	0.03712	0.01956	0.12380	0.02636	0.01786	0.02636	0.01521	0.01830	0.01085	0.00775	0.00819	0.00266	0.01255	0.00671	0.00362	0.01211

[dist]
# distance from previous block
# <min> <max>
4	21

[block]
# block no. 3 follows, 22 sequences, length 15
# corresponding to MSA columns:
# 152-166
name=unknown_D
#
# <colnr> <probs for GDERKNQSTAVLIFYWHMCP>
#	G	D	E	R	K	N	Q	S	T	A	V	L	I	F	Y	W	H	M	C	P
0	0.02399	0.03347	0.17010	0.02684	0.15156	0.32012	0.02058	0.02984	0.06329	0.02412	0.01869	0.02085	0.04269	0.00896	0.00790	0.00239	0.01227	0.00679	0.00452	0.01104
1	0.02594	0.02539	0.02152	0.01759	0.02347	0.22937	0.01382	0.19202	0.09537	0.03262	0.01769	0.01879	0.01375	0.00854	0.00743	0.00204	0.00985	0.00626	0.00603	0.23253
2	0.02365	0.10391	0.02185	0.01718	0.02121	0.37511	0.01339	0.02680	0.04939	0.02141	0.03136	0.03191	0.17165	0.01194	0.00886	0.00237	0.04498	0.00857	0.00522	0.00922
3	0.01204	0.00823	0.00997	0.00997	0.01029	0.00855	0.00617	0.01267	0.01235	0.01678	0.02534	0.04974	0.02819	0.57060	0.17698	0.00918	0.01108	0.01140	0.00491	0.00554
4	0.02576	0.02484	0.02136	0.01858	0.02358	0.19751	0.01449	0.16462	0.34804	0.03459	0.02525	0.02436	0.01905	0.01027	0.00816	0.00257	0.00938	0.00790	0.00730	0.01241
5	0.00982	0.00842	0.00842	0.00842	0.01122	0.00701	0.00631	0.01192	0.01894	0.02244	0.08416	0.07995	0.65285	0.02104	0.00982	0.00281	0.00421	0.01753	0.00771	0.00701
6	0.02628	0.06672	0.12824	0.02002	0.02597	0.31609	0.01767	0.16477	0.02464	0.02842	0.01575	0.01837	0.01255	0.01456	0.08049	0.00351	0.01370	0.00630	0.00505	0.01089
7	0.02441	0.10434	0.02658	0.02079	0.02350	0.31846	0.01678	0.02646	0.01805	0.02010	0.01185	0.01620	0.01079	0.01103	0.01595	0.00276	0.31244	0.00609	0.00392	0.00951
8	0.01012	0.00723	0.00964	0.01157	0.01205	0.00675	0.00771	0.01157	0.01591	0.02121	0.04579	0.70262	0.05495	0.02603	0.01060	0.00337	0.00482	0.02362	0.00771	0.00675
9	0.02134	0.01156	0.01496	0.01305	0.01685	0.01123	0.01031	0.02681	0.09033	0.24539	0.17416	0.04271	0.10365	0.02406	0.14967	0.00491	0.00920	0.01108	0.00831	0.01042
10	0.02541	0.14587	0.02795	0.01977	0.02367	0.20298	0.01637	0.16254	0.02236	0.02735	0.01359	0.01687	0.01154	0.01059	0.01379	0.00265	0.23489	0.00631	0.00486	0.01065
11	0.01554	0.01459	0.01729	0.01621	0.01768	0.09135	0.01281	0.01815	0.01440	0.01957	0.01858	0.02729	0.01735	0.04519	0.45014	0.00984	0.17361	0.00812	0.00425	0.00805
12	0.01127	0.00799	0.00902	0.00935	0.01003	0.00761	0.00576	0.01196	0.01418	0.01831	0.04176	0.17028	0.16593	0.44668	0.03003	0.00615	0.00669	0.01520	0.00606	0.00574
13	0.10499	0.02194	0.13652	0.02696	0.07496	0.01777	0.27634	0.02410	0.01847	0.02745	0.02197	0.03663	0.01987	0.01088	0.00922	0.00296	0.01111	0.14245	0.00497	0.01045
14	0.02476	0.21045	0.02937	0.05565	0.05196	0.18093	0.01622	0.15298	0.02249	0.02712	0.01452	0.01764	0.01215	0.01228	0.04838	0.00300	0.09829	0.00620	0.00483	0.01079

[dist]
# distance from previous block
# <min> <max>
0	2

[block]
# block no. 4 follows, 22 sequences, length 28
# corresponding to MSA columns:
# 169-196
name=unknown_E
#
# <colnr> <probs for GDERKNQSTAVLIFYWHMCP>
#	G	D	E	R	K	N	Q	S	T	A	V	L	I	F	Y	W	H	M	C	P
0	0.08841	0.01871	0.01948	0.01768	0.06079	0.07008	0.01297	0.20689	0.07684	0.03473	0.02297	0.13838	0.02103	0.01162	0.00793	0.00239	0.00783	0.00949	0.00665	0.16514
1	0.01765	0.01299	0.01499	0.01351	0.01663	0.01337	0.01031	0.21780	0.02581	0.03476	0.19495	0.25726	0.10036	0.01794	0.00957	0.00284	0.00597	0.01552	0.00828	0.00950
2	0.21629	0.02265	0.01863	0.01591	0.02097	0.18553	0.01260	0.14586	0.07841	0.11409	0.01947	0.02001	0.01437	0.00917	0.00710	0.00241	0.00900	0.00648	0.06996	0.01105
3	0.01012	0.00723	0.00964	0.01157	0.01205	0.00675	0.00771	0.01157	0.01591	0.02121	0.04579	0.70262	0.05495	0.02603	0.01060	0.00337	0.00482	0.02362	0.00771	0.00675
4	0.01914	0.02366	0.10141	0.03209	0.03964	0.02149	0.48488	0.02563	0.01843	0.02563	0.01579	0.02136	0.01217	0.00817	0.01214	0.00291	0.11130	0.00911	0.00406	0.01100
5	0.03107	0.03857	0.02363	0.02126	0.02569	0.63407	0.01603	0.07044	0.02451	0.02234	0.01329	0.01529	0.01092	0.00865	0.00754	0.00216	0.01462	0.00548	0.00453	0.00991
6	0.01045	0.00837	0.00934	0.00926	0.01165	0.00726	0.00688	0.01309	0.02020	0.02581	0.26167	0.11326	0.43335	0.02007	0.00986	0.00278	0.00415	0.01712	0.00817	0.00726
7	0.02094	0.05480	0.17149	0.03571	0.28224	0.10929	0.12437	0.02663	0.01901	0.02534	0.01492	0.01907	0.01197	0.00790	0.00904	0.00254	0.04174	0.00713	0.00398	0.01189
8	0.01196	0.00807	0.00903	0.00903	0.00917	0.00800	0.00510	0.01207	0.01244	0.01644	0.02919	0.05570	0.06262	0.67228	0.04059	0.00778	0.00785	0.01236	0.00517	0.00514
9	0.01538	0.18996	0.01966	0.01177	0.01609	0.01662	0.00984	0.02236	0.15635	0.02443	0.05451	0.05213	0.35020	0.01533	0.00837	0.00255	0.00592	0.01239	0.00682	0.00930
10	0.01589	0.03240	0.43908	0.02128	0.02958	0.01834	0.02472	0.02304	0.01599	0.02396	0.01584	0.02074	0.01269	0.02004	0.14799	0.00498	0.11203	0.00687	0.00372	0.01082
11	0.01906	0.02499	0.13535	0.03222	0.04043	0.02116	0.48668	0.02598	0.01870	0.02598	0.01601	0.02133	0.01216	0.00780	0.01108	0.00285	0.07395	0.00905	0.00405	0.01117
12	0.02806	0.26888	0.03051	0.01874	0.02420	0.39725	0.01540	0.08312	0.02264	0.02290	0.01303	0.01485	0.01099	0.00819	0.00682	0.00205	0.01237	0.00523	0.00439	0.01038
13	0.01569	0.01477	0.02492	0.68808	0.05722	0.01846	0.02307	0.02123	0.01661	0.02123	0.01477	0.02215	0.01107	0.00831	0.00831	0.00277	0.01107	0.00738	0.00369	0.00923
14	0.02549	0.20084	0.03203	0.03008	0.26321	0.19144	0.01875	0.02894	0.02012	0.09188	0.01572	0.01811	0.01269	0.00794	0.00731	0.00222	0.01064	0.00622	0.00468	0.01172
15	0.02429	0.06371	0.13632	0.03239	0.26499	0.22901	0.02196	0.08151	0.02184	0.02671	0.01481	0.01788	0.01190	0.00807	0.00780	0.00236	0.01179	0.00640	0.00441	0.01185
16	0.01187	0.00890	0.01335	0.01335	0.01483	0.01038	0.01038	0.01483	0.01335	0.01928	0.02225	0.03264	0.02077	0.06231	0.67512	0.01335	0.02225	0.00890	0.00445	0.00742
17	0.13254	0.01789	0.01900	0.01606	0.02146	0.01979	0.01285	0.14254	0.33915	0.14696	0.02802	0.02609	0.02022	0.01036	0.00794	0.00268	0.00709	0.00818	0.00827	0.01290
18	0.01191	0.00873	0.01247	0.01247	0.01365	0.00990	0.00928	0.01427	0.01309	0.01863	0.02306	0.03711	0.02271	0.19520	0.54489	0.01226	0.01933	0.00956	0.00457	0.00693
19	0.02077	0.02534	0.21481	0.01876	0.02566	0.01957	0.01837	0.18546	0.20653	0.03481	0.02621	0.12047	0.02220	0.01203	0.00856	0.00276	0.00872	0.00995	0.00681	0.01222
20	0.02140	0.02133	0.03290	0.04862	0.60560	0.07232	0.02474	0.02611	0.01929	0.02659	0.01540	0.02011	0.01296	0.00749	0.00817	0.00244	0.01028	0.00724	0.00413	0.01288
21	0.03103	0.03959	0.02354	0.02140	0.02568	0.67469	0.01605	0.03317	0.02354	0.02033	0.01284	0.01498	0.01070	0.00856	0.00749	0.00214	0.01498	0.00535	0.00428	0.00963
22	0.01865	0.01779	0.03027	0.30047	0.42166	0.01924	0.02455	0.02382	0.01801	0.02482	0.01529	0.02118	0.01234	0.00776	0.00826	0.00259	0.01034	0.00739	0.00395	0.01162
23	0.00982	0.00842	0.00842	0.00842	0.01122	0.00701	0.00631	0.01192	0.01894	0.02244	0.08416	0.07995	0.65285	0.02104	0.00982	0.00281	0.00421	0.01753	0.00771	0.00701
24	0.21136	0.01809	0.02208	0.02192	0.11161	0.02162	0.01571	0.14669	0.01945	0.03202	0.01462	0.01897	0.01228	0.01507	0.07244	0.00382	0.21981	0.00677	0.00512	0.01054
25	0.02079	0.54203	0.20214	0.01663	0.02506	0.02941	0.01842	0.02524	0.01705	0.02127	0.01241	0.01440	0.01063	0.00731	0.00598	0.00199	0.00975	0.00488	0.00354	0.01107
26	0.01655	0.04256	0.01232	0.01021	0.01157	0.00989	0.00661	0.01718	0.01416	0.11846	0.02652	0.04828	0.02775	0.56430	0.03516	0.00689	0.00794	0.01113	0.00579	0.00674
27	0.01095	0.00795	0.00903	0.00952	0.01043	0.00743	0.00607	0.01191	0.01498	0.01918	0.04743	0.22664	0.21113	0.34167	0.02511	0.00539	0.00615	0.01655	0.00647	0.00603

[dist]
# distance from previous block
# <min> <max>
0	1

[block]
# block no. 5 follows, 22 sequences, length 10
# corresponding to MSA columns:
# 198-207
name=unknown_F
#
# <colnr> <probs for GDERKNQSTAVLIFYWHMCP>
#	G	D	E	R	K	N	Q	S	T	A	V	L	I	F	Y	W	H	M	C	P
0	0.02479	0.02708	0.07653	0.01746	0.02214	0.31930	0.01436	0.02872	0.04595	0.11359	0.09320	0.07375	0.08412	0.01207	0.00836	0.00247	0.01043	0.00938	0.00629	0.01001
1	0.01982	0.16064	0.36849	0.02046	0.02960	0.08545	0.02298	0.03004	0.13445	0.02607	0.01762	0.01903	0.01334	0.00844	0.00749	0.00246	0.01085	0.00636	0.00451	0.01189
2	0.02808	0.08899	0.02521	0.01933	0.02341	0.24703	0.01568	0.09441	0.02178	0.14672	0.01680	0.01876	0.01301	0.01049	0.01278	0.00262	0.19176	0.00658	0.00563	0.01093
3	0.02624	0.03163	0.02990	0.02802	0.11422	0.40093	0.13245	0.02964	0.02114	0.02241	0.01378	0.01744	0.01141	0.00868	0.00991	0.00245	0.07856	0.00665	0.00418	0.01035
4	0.01074	0.00816	0.00988	0.01007	0.01194	0.00731	0.00732	0.01347	0.02019	0.02687	0.32192	0.22398	0.25700	0.02049	0.01000	0.00286	0.00423	0.01792	0.00834	0.00731
5	0.01905	0.02339	0.12091	0.03342	0.16702	0.02008	0.30102	0.02511	0.01825	0.02602	0.01550	0.02046	0.01224	0.00792	0.01073	0.00265	0.08399	0.00810	0.00410	0.08003
6	0.01382	0.00906	0.01109	0.01025	0.01295	0.00803	0.00780	0.01708	0.02205	0.09626	0.40138	0.06431	0.25947	0.01760	0.00965	0.00267	0.00435	0.01514	0.00880	0.00824
7	0.20451	0.11146	0.24538	0.05156	0.02794	0.11031	0.01950	0.09005	0.01967	0.02989	0.01394	0.01619	0.01060	0.00809	0.00693	0.00244	0.01042	0.00563	0.00454	0.01097
8	0.12802	0.02426	0.13475	0.02771	0.22455	0.07350	0.01934	0.08050	0.01990	0.03017	0.01492	0.01786	0.01183	0.00762	0.00727	0.00225	0.00944	0.00613	0.00471	0.15526
9	0.02886	0.06502	0.02681	0.02569	0.13936	0.32809	0.01759	0.21116	0.02706	0.03119	0.01542	0.01740	0.01218	0.00870	0.00776	0.00229	0.01199	0.00632	0.00543	0.01168

[dist]
# distance from previous block
# <min> <max>
14	65

[block]
# block no. 6 follows, 22 sequences, length 100
# corresponding to MSA columns:
# 273-372
name=unknown_G
#
# <colnr> <probs for GDERKNQSTAVLIFYWHMCP>
#	G	D	E	R	K	N	Q	S	T	A	V	L	I	F	Y	W	H	M	C	P
0	0.06369	0.02838	0.09708	0.01800	0.02243	0.30425	0.01506	0.08447	0.02110	0.02524	0.01835	0.07100	0.01698	0.09096	0.01255	0.00309	0.04256	0.00793	0.04740	0.00948
1	0.10906	0.31703	0.03042	0.01632	0.02231	0.15312	0.01411	0.12451	0.09095	0.02860	0.01562	0.01669	0.01267	0.00838	0.00655	0.00217	0.00957	0.00566	0.00518	0.01110
2	0.13843	0.15683	0.10198	0.01788	0.02329	0.27424	0.01588	0.02688	0.01854	0.02339	0.01358	0.01680	0.01150	0.01414	0.07951	0.00347	0.04408	0.00562	0.00417	0.00978
3	0.02741	0.07104	0.02440	0.07088	0.02695	0.48114	0.01633	0.05175	0.02186	0.02145	0.01354	0.01680	0.01141	0.01185	0.04481	0.00290	0.06566	0.00587	0.00430	0.00966
4	0.02067	0.02733	0.16945	0.08536	0.08636	0.14157	0.11776	0.05593	0.05373	0.02643	0.01938	0.02786	0.01638	0.00977	0.00857	0.00265	0.01153	0.07345	0.00485	0.04098
5	0.02165	0.02077	0.02024	0.05968	0.13307	0.18128	0.01480	0.05031	0.13687	0.02792	0.02155	0.02432	0.01710	0.01206	0.04333	0.00293	0.00981	0.00742	0.18441	0.01048
6	0.02228	0.20239	0.02705	0.01858	0.04670	0.14260	0.01494	0.02717	0.08430	0.06405	0.05412	0.02596	0.01945	0.01316	0.03823	0.00302	0.13831	0.04214	0.00527	0.01029
7	0.10948	0.18266	0.02847	0.05295	0.02508	0.02064	0.12755	0.08964	0.05628	0.02801	0.02285	0.17624	0.02231	0.01215	0.00803	0.00263	0.00862	0.01066	0.00565	0.01011
8	0.02083	0.18761	0.02599	0.09919	0.05785	0.14508	0.01505	0.08282	0.01996	0.02399	0.02138	0.18079	0.02179	0.01277	0.00905	0.00256	0.04815	0.01017	0.00521	0.00974
9	0.06541	0.16712	0.05634	0.01682	0.02075	0.02226	0.01479	0.08778	0.01826	0.08356	0.04438	0.02303	0.01678	0.05436	0.06599	0.00385	0.21585	0.00730	0.00519	0.01016
10	0.02130	0.14816	0.28895	0.02122	0.02843	0.17936	0.02212	0.02653	0.01796	0.02258	0.01311	0.01635	0.01066	0.00917	0.01101	0.00256	0.14016	0.00588	0.00372	0.01078
11	0.02506	0.36352	0.11064	0.01822	0.02483	0.28719	0.01694	0.02836	0.01962	0.02068	0.01247	0.01450	0.01066	0.00778	0.00650	0.00202	0.01173	0.00501	0.00384	0.01045
12	0.02612	0.02711	0.02846	0.02911	0.18536	0.24628	0.08581	0.17168	0.02540	0.03051	0.01951	0.02189	0.04684	0.00910	0.00825	0.00242	0.01161	0.00753	0.00538	0.01163
13	0.00982	0.00842	0.00842	0.00842	0.01122	0.00701	0.00631	0.01192	0.01894	0.02244	0.08416	0.07995	0.65285	0.02104	0.00982	0.00281	0.00421	0.01753	0.00771	0.00701
14	0.01008	0.00737	0.00949	0.01119	0.01195	0.00678	0.00754	0.01161	0.01627	0.02136	0.05042	0.62740	0.12718	0.02542	0.01051	0.00331	0.00475	0.02288	0.00771	0.00678
15	0.01549	0.00774	0.00774	0.00774	0.00968	0.00774	0.00581	0.01936	0.01742	0.03097	0.02710	0.03097	0.02129	0.00968	0.00581	0.00194	0.00387	0.00774	0.75416	0.00774
16	0.01211	0.00886	0.01179	0.01343	0.01514	0.00854	0.01104	0.01513	0.01835	0.02366	0.05030	0.23210	0.13830	0.02338	0.01103	0.00357	0.00649	0.38175	0.00767	0.00735
17	0.01996	0.01916	0.02604	0.06360	0.09638	0.05460	0.13003	0.03443	0.33572	0.02990	0.02904	0.03137	0.04926	0.01060	0.00879	0.00277	0.00898	0.03087	0.00661	0.01188
18	0.03330	0.01502	0.01916	0.01529	0.02130	0.01423	0.01243	0.04136	0.17137	0.51204	0.03302	0.02893	0.02171	0.01052	0.00838	0.00263	0.00695	0.00860	0.00984	0.01390
19	0.02306	0.02448	0.03129	0.04392	0.50550	0.17630	0.02324	0.02733	0.02002	0.02551	0.01496	0.01923	0.01257	0.00768	0.00805	0.00239	0.01109	0.00691	0.00415	0.01232
20	0.02213	0.02337	0.02925	0.15401	0.38135	0.17058	0.02241	0.02725	0.04403	0.02484	0.01555	0.01996	0.01271	0.00798	0.00808	0.00246	0.01113	0.00700	0.00425	0.01166
21	0.01924	0.12612	0.06370	0.03072	0.27449	0.04669	0.01958	0.02312	0.01682	0.02337	0.01495	0.02020	0.01319	0.01624	0.10412	0.00402	0.12544	0.00687	0.00401	0.04713
22	0.00982	0.00842	0.00842	0.00842	0.01122	0.00701	0.00631	0.01192	0.01894	0.02244	0.08416	0.07995	0.65285	0.02104	0.00982	0.00281	0.00421	0.01753	0.00771	0.00701
23	0.02085	0.01902	0.03052	0.11280	0.40320	0.01955	0.05633	0.10604	0.02107	0.02949	0.01646	0.02116	0.01335	0.01041	0.04043	0.00298	0.01053	0.00748	0.00470	0.05364
24	0.02056	0.01974	0.03372	0.05099	0.65622	0.01974	0.02550	0.02550	0.01892	0.02714	0.01563	0.02056	0.01316	0.00740	0.00822	0.00247	0.00987	0.00740	0.00411	0.01316
25	0.02224	0.19279	0.17492	0.01792	0.02503	0.02317	0.01785	0.23016	0.02398	0.03230	0.01717	0.02011	0.01367	0.01842	0.13006	0.00435	0.01221	0.00669	0.00534	0.01163
26	0.16090	0.14759	0.34688	0.02130	0.03079	0.02170	0.11003	0.02575	0.01708	0.02730	0.01398	0.01677	0.01056	0.00760	0.00721	0.00250	0.01084	0.00607	0.00393	0.01123
27	0.01354	0.01117	0.01606	0.01980	0.16611	0.01054	0.01180	0.01739	0.02165	0.03001	0.40435	0.05514	0.15934	0.01537	0.00943	0.00261	0.00539	0.01362	0.00770	0.00897
28	0.00982	0.00842	0.00842	0.00842	0.01122	0.00701	0.00631	0.01192	0.01894	0.02244	0.08416	0.07995	0.65285	0.02104	0.00982	0.00281	0.00421	0.01753	0.00771	0.00701
29	0.01454	0.00770	0.00816	0.00842	0.01014	0.00760	0.00617	0.01806	0.01744	0.02961	0.05448	0.13186	0.02854	0.01239	0.00668	0.00218	0.00401	0.01039	0.61405	0.00760
30	0.03155	0.02419	0.02485	0.01924	0.02576	0.06252	0.01580	0.59480	0.03818	0.05054	0.01954	0.01966	0.01393	0.00989	0.00826	0.00247	0.00947	0.00736	0.00808	0.01387
31	0.00982	0.00842	0.00842	0.00842	0.01122	0.00701	0.00631	0.01192	0.01894	0.02244	0.08416	0.07995	0.65285	0.02104	0.00982	0.00281	0.00421	0.01753	0.00771	0.00701
32	0.01723	0.01477	0.01723	0.01230	0.01969	0.01107	0.00984	0.02092	0.01723	0.02707	0.01477	0.01723	0.01230	0.00615	0.00615	0.00123	0.00615	0.00492	0.00492	0.75883
33	0.02792	0.02735	0.02504	0.02521	0.14319	0.25010	0.01709	0.26771	0.02856	0.03451	0.02078	0.02218	0.05379	0.00971	0.00810	0.00239	0.01100	0.00737	0.00608	0.01192
34	0.02940	0.02615	0.02345	0.01925	0.02496	0.17992	0.01536	0.37647	0.14842	0.04140	0.02085	0.02083	0.01542	0.00988	0.00814	0.00247	0.01006	0.00733	0.00737	0.01287
35	0.01266	0.01010	0.01354	0.01345	0.01497	0.03717	0.01033	0.01543	0.01370	0.01916	0.02208	0.03305	0.02085	0.09380	0.61508	0.01262	0.02122	0.00892	0.00447	0.00738
36	0.00982	0.00842	0.00842	0.00842	0.01122	0.00701	0.00631	0.01192	0.01894	0.02244	0.08416	0.07995	0.65285	0.02104	0.00982	0.00281	0.00421	0.01753	0.00771	0.00701
37	0.00982	0.00842	0.00842	0.00842	0.01122	0.00701	0.00631	0.01192	0.01894	0.02244	0.08416	0.07995	0.65285	0.02104	0.00982	0.00281	0.00421	0.01753	0.00771	0.00701
38	0.02565	0.03063	0.02434	0.02157	0.02406	0.40306	0.01694	0.02766	0.01902	0.02019	0.01203	0.01632	0.01079	0.01106	0.01576	0.00277	0.29859	0.00615	0.00401	0.00940
39	0.01195	0.00858	0.01173	0.01173	0.01266	0.00951	0.00837	0.01380	0.01287	0.01809	0.02373	0.04083	0.02433	0.30577	0.43652	0.01135	0.01690	0.01010	0.00467	0.00652
40	0.02240	0.63790	0.07672	0.01514	0.02238	0.06847	0.01523	0.02542	0.01729	0.01996	0.01181	0.01365	0.01066	0.00723	0.00559	0.00184	0.00942	0.00459	0.00359	0.01069
41	0.02322	0.02682	0.02222	0.02000	0.02236	0.33818	0.01566	0.02542	0.01810	0.02002	0.01401	0.01938	0.01268	0.02073	0.14106	0.00476	0.23560	0.00665	0.00410	0.00903
42	0.01002	0.00842	0.00869	0.00862	0.01134	0.00710	0.00647	0.01231	0.01940	0.02355	0.14207	0.07812	0.59425	0.02063	0.00982	0.00279	0.00418	0.01728	0.00786	0.00710
43	0.01135	0.00870	0.01057	0.01097	0.01320	0.00792	0.00871	0.01441	0.02019	0.02617	0.23537	0.10303	0.30144	0.02058	0.01029	0.00305	0.00507	0.17347	0.00811	0.00741
44	0.02544	0.02939	0.03028	0.03553	0.30225	0.33012	0.07519	0.02923	0.02117	0.02387	0.01441	0.01808	0.01194	0.00791	0.00802	0.00234	0.01266	0.00665	0.00420	0.01131
45	0.01902	0.02700	0.19441	0.03423	0.11567	0.02044	0.41118	0.02640	0.01903	0.02660	0.01621	0.02102	0.01217	0.00726	0.00916	0.00272	0.01309	0.00864	0.00403	0.01170
46	0.00982	0.00842	0.00842	0.00842	0.01122	0.00701	0.00631	0.01192	0.01894	0.02244	0.08416	0.07995	0.65285	0.02104	0.00982	0.00281	0.00421	0.01753	0.00771	0.00701
47	0.01892	0.02225	0.08317	0.13707	0.11335	0.02036	0.42762	0.02563	0.01893	0.02582	0.01624	0.02185	0.01230	0.00731	0.00927	0.00275	0.01298	0.00893	0.00407	0.01119
48	0.02246	0.02632	0.05722	0.02854	0.21905	0.27824	0.01839	0.02608	0.02072	0.02359	0.02532	0.03427	0.08149	0.01141	0.00852	0.00257	0.01116	0.08933	0.00500	0.01032
49	0.01200	0.00839	0.01077	0.01077	0.01136	0.00898	0.00717	0.01318	0.01259	0.01737	0.02461	0.04570	0.02644	0.45061	0.29457	0.01017	0.01371	0.01081	0.00480	0.00598
50	0.01176	0.00849	0.01110	0.01045	0.01241	0.00784	0.00784	0.01568	0.02352	0.03331	0.65184	0.06206	0.07839	0.01698	0.00980	0.00261	0.00392	0.01502	0.00914	0.00784
51	0.02578	0.27797	0.03146	0.06335	0.06165	0.33932	0.01646	0.02847	0.02002	0.02048	0.01258	0.01529	0.01086	0.00819	0.00759	0.00213	0.03896	0.00535	0.00395	0.01015
52	0.01763	0.14502	0.02205	0.01520	0.01802	0.01922	0.01245	0.10640	0.01871	0.02490	0.02938	0.15827	0.09895	0.05756	0.05435	0.00380	0.17182	0.01149	0.00570	0.00909
53	0.01208	0.00805	0.00906	0.00906	0.00906	0.00805	0.00503	0.01208	0.01208	0.01611	0.02618	0.05436	0.03020	0.70804	0.04228	0.00805	0.00805	0.01208	0.00503	0.00503
54	0.03080	0.02685	0.02423	0.01953	0.02550	0.18058	0.01570	0.45157	0.07105	0.04366	0.01907	0.01941	0.01397	0.00971	0.00812	0.00243	0.01039	0.00708	0.00736	0.01299
55	0.02863	0.07330	0.05792	0.02002	0.02549	0.37381	0.01630	0.17094	0.10103	0.02972	0.01704	0.01810	0.01325	0.00909	0.00769	0.00231	0.01212	0.00632	0.00563	0.01129
56	0.02523	0.02199	0.02029	0.01721	0.02218	0.14016	0.01360	0.24272	0.18276	0.05889	0.03047	0.03006	0.09408	0.01428	0.04520	0.00315	0.00962	0.00889	0.00739	0.01183
57	0.01188	0.00885	0.01311	0.01311	0.01452	0.01026	0.01009	0.01468	0.01328	0.01911	0.02247	0.03384	0.02129	0.09796	0.64018	0.01306	0.02147	0.00908	0.00448	0.00729
58	0.02853	0.03485	0.02597	0.02847	0.17641	0.51813	0.01831	0.03134	0.02244	0.02196	0.01351	0.01632	0.01129	0.00828	0.00767	0.00222	0.01376	0.00584	0.00424	0.01047
59	0.01163	0.00849	0.01093	0.01032	0.01233	0.00779	0.00774	0.01544	0.02322	0.03262	0.61536	0.06320	0.11530	0.01724	0.00980	0.00263	0.00394	0.01519	0.00905	0.00779
60	0.03103	0.03959	0.02354	0.02140	0.02568	0.67469	0.01605	0.03317	0.02354	0.02033	0.01284	0.01498	0.01070	0.00856	0.00749	0.00214	0.01498	0.00535	0.00428	0.00963
61	0.01187	0.00890	0.01335	0.01335	0.01483	0.01038	0.01038	0.01483	0.01335	0.01928	0.02225	0.03264	0.02077	0.06231	0.67512	0.01335	0.02225	0.00890	0.00445	0.00742
62	0.00991	0.00807	0.00878	0.00935	0.01147	0.00693	0.00673	0.01182	0.01804	0.02208	0.07281	0.26406	0.47606	0.02251	0.01005	0.00297	0.00439	0.01933	0.00771	0.00693
63	0.02056	0.01974	0.03372	0.05099	0.65622	0.01974	0.02550	0.02550	0.01892	0.02714	0.01563	0.02056	0.01316	0.00740	0.00822	0.00247	0.00987	0.00740	0.00411	0.01316
64	0.01224	0.00945	0.01407	0.01385	0.01525	0.01128	0.01085	0.01514	0.01331	0.01933	0.02158	0.03178	0.02018	0.05947	0.63672	0.01278	0.06200	0.00880	0.00440	0.00752
65	0.01025	0.00855	0.00902	0.00925	0.01194	0.00732	0.00717	0.01256	0.01896	0.02273	0.07930	0.08161	0.57976	0.02127	0.01002	0.00293	0.00462	0.08794	0.00771	0.00709
66	0.01208	0.00805	0.00906	0.00906	0.00906	0.00805	0.00503	0.01208	0.01208	0.01611	0.02618	0.05436	0.03020	0.70804	0.04228	0.00805	0.00805	0.01208	0.00503	0.00503
67	0.02056	0.01974	0.03372	0.05099	0.65622	0.01974	0.02550	0.02550	0.01892	0.02714	0.01563	0.02056	0.01316	0.00740	0.00822	0.00247	0.00987	0.00740	0.00411	0.01316
68	0.03103	0.03959	0.02354	0.02140	0.02568	0.67469	0.01605	0.03317	0.02354	0.02033	0.01284	0.01498	0.01070	0.00856	0.00749	0.00214	0.01498	0.00535	0.00428	0.00963
69	0.02873	0.03522	0.02578	0.02792	0.16453	0.53047	0.01813	0.03148	0.02252	0.02183	0.01345	0.01621	0.01124	0.00831	0.00765	0.00221	0.01386	0.00580	0.00424	0.01041
70	0.01190	0.00889	0.01143	0.01282	0.01476	0.00843	0.01056	0.01488	0.01858	0.02363	0.05544	0.18216	0.21735	0.02288	0.01088	0.00347	0.00626	0.35065	0.00768	0.00734
71	0.01824	0.16228	0.43509	0.02407	0.03467	0.02211	0.13946	0.02610	0.01781	0.02512	0.01465	0.01768	0.01094	0.00758	0.00778	0.00251	0.01198	0.00652	0.00365	0.01178
72	0.01978	0.37348	0.28175	0.02034	0.02958	0.02625	0.09443	0.02563	0.01746	0.02298	0.01347	0.01603	0.01084	0.00739	0.00685	0.00223	0.01080	0.00574	0.00361	0.01134
73	0.01806	0.03323	0.37320	0.02905	0.03949	0.02011	0.31273	0.02645	0.01852	0.02645	0.01581	0.01985	0.01151	0.00747	0.00880	0.00271	0.01310	0.00788	0.00384	0.01177
74	0.00996	0.00828	0.00871	0.00891	0.01138	0.00703	0.00656	0.01208	0.01882	0.02288	0.11001	0.15421	0.54977	0.02142	0.00991	0.00286	0.00427	0.01813	0.00779	0.00703
75	0.02758	0.02924	0.02732	0.03099	0.24068	0.30896	0.01921	0.16122	0.02537	0.02968	0.01535	0.01797	0.01229	0.00848	0.00792	0.00233	0.01196	0.00652	0.00511	0.01182
76	0.01852	0.03136	0.33862	0.03492	0.24439	0.01976	0.14076	0.02609	0.01839	0.02664	0.01550	0.01946	0.01179	0.00756	0.00836	0.00261	0.01180	0.00725	0.00384	0.01237
77	0.01010	0.00730	0.00957	0.01139	0.01200	0.00676	0.00763	0.01159	0.01608	0.02128	0.04796	0.66735	0.08881	0.02574	0.01056	0.00334	0.00479	0.02327	0.00771	0.00676
78	0.02149	0.55251	0.03798	0.01468	0.02125	0.02952	0.01392	0.02657	0.08794	0.02187	0.01431	0.01583	0.01247	0.00781	0.00664	0.00193	0.03611	0.00516	0.00422	0.06778
79	0.02359	0.01853	0.02064	0.01532	0.02238	0.01758	0.01248	0.29011	0.02690	0.03827	0.01706	0.01843	0.01311	0.00784	0.00711	0.00179	0.00748	0.00605	0.00642	0.42890
80	0.01074	0.00792	0.01000	0.01085	0.01188	0.00771	0.00747	0.01234	0.01533	0.02018	0.04530	0.34150	0.15963	0.15290	0.14086	0.00597	0.00855	0.01763	0.00662	0.00662
81	0.01952	0.01588	0.01686	0.01520	0.01963	0.01765	0.01181	0.03790	0.49120	0.06612	0.04321	0.04004	0.14293	0.01305	0.00870	0.00280	0.00616	0.01087	0.00841	0.01205
82	0.00982	0.00842	0.00842	0.00842	0.01122	0.00701	0.00631	0.01192	0.01894	0.02244	0.08416	0.07995	0.65285	0.02104	0.00982	0.00281	0.00421	0.01753	0.00771	0.00701
83	0.01012	0.00723	0.00964	0.01157	0.01205	0.00675	0.00771	0.01157	0.01591	0.02121	0.04579	0.70262	0.05495	0.02603	0.01060	0.00337	0.00482	0.02362	0.00771	0.00675
84	0.01303	0.01020	0.01544	0.01845	0.08723	0.00994	0.03644	0.01608	0.01774	0.02361	0.04053	0.34472	0.04563	0.02191	0.01067	0.00344	0.00693	0.26286	0.00715	0.00802
85	0.01187	0.00890	0.01335	0.01335	0.01483	0.01038	0.01038	0.01483	0.01335	0.01928	0.02225	0.03264	0.02077	0.06231	0.67512	0.01335	0.02225	0.00890	0.00445	0.00742
86	0.02221	0.71304	0.04353	0.01421	0.02132	0.03287	0.01421	0.02488	0.01688	0.01955	0.01155	0.01333	0.01066	0.00711	0.00533	0.00178	0.00888	0.00444	0.00355	0.01066
87	0.01025	0.00855	0.00902	0.00925	0.01194	0.00732	0.00717	0.01256	0.01896	0.02273	0.07930	0.08161	0.57976	0.02127	0.01002	0.00293	0.00462	0.08794	0.00771	0.00709
88	0.01187	0.00890	0.01335	0.01335	0.01483	0.01038	0.01038	0.01483	0.01335	0.01928	0.02225	0.03264	0.02077	0.06231	0.67512	0.01335	0.02225	0.00890	0.00445	0.00742
89	0.01908	0.01851	0.03181	0.14755	0.42185	0.01902	0.09030	0.02518	0.05204	0.02628	0.02038	0.02486	0.04874	0.00846	0.00851	0.00259	0.01003	0.00833	0.00449	0.01197
90	0.01740	0.01651	0.02800	0.46480	0.26715	0.01891	0.02392	0.02272	0.01742	0.02330	0.01507	0.02159	0.01180	0.00799	0.00828	0.00266	0.01065	0.00739	0.00384	0.01061
91	0.01818	0.01818	0.02545	0.02181	0.02181	0.02545	0.01818	0.01999	0.01272	0.01999	0.01091	0.01818	0.01091	0.01454	0.02726	0.00364	0.69284	0.00727	0.00364	0.00909
92	0.01581	0.04963	0.04432	0.01305	0.01658	0.10777	0.01060	0.02141	0.09065	0.02798	0.29317	0.05170	0.19501	0.01521	0.00902	0.00257	0.00651	0.01268	0.00749	0.00883
93	0.02229	0.02318	0.02296	0.02295	0.09837	0.21553	0.01631	0.08960	0.01982	0.02440	0.01652	0.04782	0.01505	0.02063	0.13541	0.00470	0.18217	0.00769	0.00471	0.00989
94	0.01208	0.00805	0.00906	0.00906	0.00906	0.00805	0.00503	0.01208	0.01208	0.01611	0.02618	0.05436	0.03020	0.70804	0.04228	0.00805	0.00805	0.01208	0.00503	0.00503
95	0.01006	0.00745	0.00941	0.01098	0.01189	0.00680	0.00745	0.01163	0.01647	0.02144	0.05299	0.58570	0.16722	0.02509	0.01046	0.00327	0.00470	0.02247	0.00771	0.00680
96	0.02864	0.02483	0.02359	0.02027	0.05310	0.14962	0.01554	0.38604	0.10136	0.04197	0.05571	0.02263	0.01831	0.01012	0.00825	0.00247	0.00972	0.00770	0.00740	0.01275
97	0.01208	0.00805	0.00906	0.00906	0.00906	0.00805	0.00503	0.01208	0.01208	0.01611	0.02618	0.05436	0.03020	0.70804	0.04228	0.00805	0.00805	0.01208	0.00503	0.00503
98	0.01201	0.00907	0.01150	0.01274	0.01492	0.00856	0.01069	0.01514	0.01894	0.02387	0.05813	0.11209	0.26013	0.02240	0.01086	0.00345	0.00634	0.37409	0.00767	0.00739
99	0.02056	0.01974	0.03372	0.05099	0.65622	0.01974	0.02550	0.02550	0.01892	0.02714	0.01563	0.02056	0.01316	0.00740	0.00822	0.00247	0.00987	0.00740	0.00411	0.01316

[dist]
# distance from previous block
# <min> <max>
0	3

[block]
# block no. 7 follows, 22 sequences, length 54
# corresponding to MSA columns:
# 376-429
name=unknown_H
#
# <colnr> <probs for GDERKNQSTAVLIFYWHMCP>
#	G	D	E	R	K	N	Q	S	T	A	V	L	I	F	Y	W	H	M	C	P
0	0.03158	0.02327	0.02493	0.01911	0.02576	0.02576	0.01579	0.62852	0.03906	0.05236	0.01995	0.01995	0.01413	0.00997	0.00831	0.00249	0.00914	0.00748	0.00831	0.01413
1	0.02194	0.01756	0.01975	0.01454	0.02168	0.01589	0.01179	0.22025	0.02439	0.03537	0.01646	0.01812	0.01290	0.00741	0.00686	0.00164	0.00713	0.00576	0.00603	0.51452
2	0.02459	0.02532	0.02081	0.01846	0.02178	0.27880	0.01415	0.16374	0.02362	0.02758	0.02081	0.13980	0.02047	0.05475	0.01302	0.00300	0.10401	0.00972	0.00577	0.00981
3	0.00982	0.00842	0.00842	0.00842	0.01122	0.00701	0.00631	0.01192	0.01894	0.02244	0.08416	0.07995	0.65285	0.02104	0.00982	0.00281	0.00421	0.01753	0.00771	0.00701
4	0.01193	0.00866	0.01212	0.01212	0.01317	0.00971	0.00884	0.01404	0.01299	0.01837	0.02338	0.03889	0.02348	0.24823	0.49291	0.01183	0.01816	0.00982	0.00462	0.00673
5	0.01012	0.00723	0.00964	0.01157	0.01205	0.00675	0.00771	0.01157	0.01591	0.02121	0.04579	0.70262	0.05495	0.02603	0.01060	0.00337	0.00482	0.02362	0.00771	0.00675
6	0.02056	0.01974	0.03372	0.05099	0.65622	0.01974	0.02550	0.02550	0.01892	0.02714	0.01563	0.02056	0.01316	0.00740	0.00822	0.00247	0.00987	0.00740	0.00411	0.01316
7	0.01192	0.00870	0.01232	0.01232	0.01345	0.00982	0.00910	0.01417	0.01305	0.01852	0.02319	0.03786	0.02304	0.21750	0.52303	0.01208	0.01884	0.00967	0.00459	0.00684
8	0.01443	0.00722	0.01082	0.01082	0.01082	0.00722	0.00722	0.01082	0.01082	0.01443	0.01443	0.02525	0.01443	0.02886	0.03247	0.75830	0.00722	0.00722	0.00361	0.00361
9	0.02221	0.71304	0.04353	0.01421	0.02132	0.03287	0.01421	0.02488	0.01688	0.01955	0.01155	0.01333	0.01066	0.00711	0.00533	0.00178	0.00888	0.00444	0.00355	0.01066
10	0.01047	0.00844	0.00931	0.00910	0.01162	0.00729	0.00682	0.01318	0.02047	0.02608	0.27395	0.07397	0.46079	0.01968	0.00981	0.00274	0.00411	0.01669	0.00819	0.00729
11	0.02014	0.01931	0.03296	0.10580	0.60469	0.01963	0.02529	0.02513	0.01872	0.02663	0.01555	0.02070	0.01298	0.00748	0.00823	0.00249	0.00997	0.00740	0.00408	0.01282
12	0.01012	0.00723	0.00964	0.01157	0.01205	0.00675	0.00771	0.01157	0.01591	0.02121	0.04579	0.70262	0.05495	0.02603	0.01060	0.00337	0.00482	0.02362	0.00771	0.00675
13	0.02066	0.01785	0.01878	0.01691	0.02160	0.02066	0.01315	0.04414	0.64121	0.03475	0.03381	0.03099	0.02536	0.01127	0.00845	0.00282	0.00657	0.00939	0.00845	0.01315
14	0.01020	0.00729	0.00971	0.01151	0.01207	0.00680	0.00772	0.01176	0.01627	0.02178	0.07465	0.67211	0.05606	0.02560	0.01057	0.00334	0.00478	0.02321	0.00778	0.00680
15	0.01018	0.00813	0.00912	0.00951	0.01160	0.00707	0.00689	0.01238	0.01885	0.02372	0.15768	0.23377	0.41848	0.02170	0.01001	0.00292	0.00432	0.01869	0.00792	0.00707
16	0.00999	0.00842	0.00865	0.00859	0.01132	0.00708	0.00644	0.01225	0.01933	0.02338	0.13325	0.07840	0.60317	0.02069	0.00982	0.00279	0.00418	0.01732	0.00784	0.00708
17	0.02631	0.01553	0.01840	0.01591	0.02098	0.01621	0.01281	0.03987	0.33631	0.27626	0.03449	0.03661	0.02589	0.01213	0.00874	0.00283	0.00688	0.07181	0.00907	0.01295
18	0.01187	0.00890	0.01335	0.01335	0.01483	0.01038	0.01038	0.01483	0.01335	0.01928	0.02225	0.03264	0.02077	0.06231	0.67512	0.01335	0.02225	0.00890	0.00445	0.00742
19	0.01004	0.00836	0.00877	0.00880	0.01139	0.00709	0.00655	0.01230	0.01926	0.02353	0.14250	0.11052	0.56061	0.02087	0.00986	0.00281	0.00421	0.01758	0.00787	0.00709
20	0.01514	0.01371	0.01963	0.01774	0.01845	0.01820	0.01443	0.01751	0.01303	0.01965	0.01637	0.02513	0.01565	0.03753	0.33903	0.00831	0.37014	0.00805	0.00403	0.00828
21	0.01208	0.00805	0.00906	0.00906	0.00906	0.00805	0.00503	0.01208	0.01208	0.01611	0.02618	0.05436	0.03020	0.70804	0.04228	0.00805	0.00805	0.01208	0.00503	0.00503
22	0.01036	0.00837	0.00922	0.00916	0.01159	0.00722	0.00681	0.01292	0.02000	0.02532	0.23583	0.11246	0.46115	0.02024	0.00986	0.00279	0.00417	0.01722	0.00810	0.00722
23	0.03158	0.02327	0.02493	0.01911	0.02576	0.02576	0.01579	0.62852	0.03906	0.05236	0.01995	0.01995	0.01413	0.00997	0.00831	0.00249	0.00914	0.00748	0.00831	0.01413
24	0.02056	0.01974	0.03372	0.05099	0.65622	0.01974	0.02550	0.02550	0.01892	0.02714	0.01563	0.02056	0.01316	0.00740	0.00822	0.00247	0.00987	0.00740	0.00411	0.01316
25	0.01187	0.00890	0.01335	0.01335	0.01483	0.01038	0.01038	0.01483	0.01335	0.01928	0.02225	0.03264	0.02077	0.06231	0.67512	0.01335	0.02225	0.00890	0.00445	0.00742
26	0.01108	0.00867	0.01016	0.01037	0.01277	0.00776	0.00817	0.01403	0.02023	0.02591	0.23142	0.07785	0.37234	0.02032	0.01015	0.00296	0.00483	0.13553	0.00809	0.00737
27	0.02805	0.03333	0.02217	0.02011	0.02451	0.48638	0.01522	0.03633	0.20139	0.02448	0.01888	0.01959	0.01492	0.00934	0.00777	0.00234	0.01256	0.00651	0.00548	0.01064
