[name]
unknown

[dist]
# distance from previous block
# <min> <max>
0	0

[block]
# block no. 0 follows, 22 sequences, length 12
# corresponding to MSA columns:
# 0-11
name=unknown_A
#
# <colnr> <probs for GDERKNQSTAVLIFYWHMCP>
#	G	D	E	R	K	N	Q	S	T	A	V	L	I	F	Y	W	H	M	C	P
0	0.01339	0.00956	0.01339	0.01530	0.01721	0.00956	0.01339	0.01721	0.01912	0.02486	0.04399	0.09371	0.04781	0.02295	0.01147	0.00382	0.00765	0.60031	0.00765	0.00765
1	0.02057	0.01937	0.02642	0.29453	0.23429	0.08935	0.02121	0.02786	0.10268	0.05573	0.01827	0.02237	0.01407	0.00855	0.00821	0.00260	0.01032	0.00749	0.00485	0.01126
2	0.01412	0.01240	0.01441	0.01606	0.09484	0.01232	0.01058	0.02239	0.18833	0.02638	0.06187	0.05918	0.40190	0.01667	0.00925	0.00277	0.00556	0.01405	0.00746	0.00945
3	0.02068	0.01415	0.01640	0.01488	0.01839	0.01488	0.01132	0.19024	0.12676	0.10028	0.03529	0.33117	0.03512	0.01748	0.00937	0.00295	0.00654	0.01518	0.00827	0.01063
4	0.01103	0.00811	0.01033	0.01053	0.01215	0.00741	0.00761	0.01399	0.02069	0.02837	0.40127	0.25398	0.14341	0.02017	0.01004	0.00286	0.00422	0.01788	0.00854	0.00741
5	0.05756	0.02849	0.28680	0.09473	0.31874	0.01939	0.02652	0.02539	0.01790	0.02681	0.01505	0.01911	0.01169	0.00770	0.00794	0.00257	0.01077	0.00674	0.00388	0.01223
6	0.08045	0.06161	0.01739	0.16467	0.02389	0.01439	0.01190	0.04678	0.01674	0.06202	0.07681	0.03571	0.02457	0.23027	0.09453	0.00547	0.00990	0.00929	0.00540	0.00821
7	0.01254	0.01063	0.01322	0.01232	0.01378	0.01169	0.00940	0.01469	0.01746	0.02345	0.18571	0.09460	0.25735	0.10493	0.01807	0.00365	0.16813	0.01420	0.00673	0.00743
8	0.01110	0.00770	0.00917	0.01006	0.01075	0.00730	0.00648	0.01226	0.01503	0.02016	0.04257	0.35673	0.11897	0.26361	0.02133	0.00486	0.00582	0.01785	0.05200	0.00624
9	0.02481	0.01501	0.01740	0.01419	0.01832	0.01539	0.01094	0.24255	0.02606	0.17774	0.10999	0.03702	0.02871	0.20356	0.01789	0.00406	0.00767	0.00997	0.00797	0.01077
10	0.01668	0.01597	0.02257	0.01980	0.02015	0.02187	0.01633	0.01877	0.01287	0.01982	0.01360	0.02161	0.01325	0.02588	0.18106	0.00594	0.53365	0.00766	0.00383	0.00869
11	0.01006	0.00747	0.00940	0.01094	0.01188	0.00680	0.00743	0.01164	0.01651	0.02145	0.05344	0.57842	0.17421	0.02503	0.01045	0.00326	0.00470	0.02240	0.00771	0.00680

[dist]
# distance from previous block
# <min> <max>
0	3

[block]
# block no. 1 follows, 22 sequences, length 25
# corresponding to MSA columns:
# 15-39
name=unknown_B
#
# <colnr> <probs for GDERKNQSTAVLIFYWHMCP>
#	G	D	E	R	K	N	Q	S	T	A	V	L	I	F	Y	W	H	M	C	P
0	0.01419	0.00961	0.01222	0.01151	0.01385	0.00922	0.00863	0.01959	0.08078	0.07636	0.47213	0.13883	0.06629	0.01713	0.00967	0.00273	0.00451	0.01512	0.00898	0.00864
1	0.01718	0.01731	0.02584	0.02149	0.02400	0.06522	0.13768	0.02046	0.01509	0.02110	0.01618	0.02384	0.01467	0.02924	0.24806	0.00675	0.27462	0.00821	0.00408	0.00897
2	0.01146	0.00800	0.00903	0.00929	0.00980	0.00772	0.00559	0.01199	0.01368	0.01779	0.03804	0.14351	0.13321	0.50850	0.03293	0.00660	0.00701	0.01447	0.00581	0.00558
3	0.01670	0.01260	0.01374	0.01210	0.01538	0.01267	0.00920	0.19115	0.02430	0.03169	0.13224	0.10089	0.26788	0.10568	0.01359	0.00340	0.00614	0.01401	0.00774	0.00891
4	0.01505	0.01188	0.01391	0.01431	0.06018	0.01177	0.01000	0.02316	0.17645	0.05910	0.18663	0.05710	0.29556	0.01623	0.00929	0.00273	0.00528	0.01379	0.00808	0.00951
5	0.01700	0.01715	0.01906	0.02017	0.09948	0.12354	0.01398	0.01966	0.01682	0.02129	0.03087	0.03541	0.15245	0.02770	0.20306	0.00584	0.15318	0.00965	0.00492	0.00877
6	0.02875	0.03454	0.02174	0.01972	0.02377	0.55355	0.01488	0.05877	0.02322	0.02267	0.01487	0.01748	0.01228	0.01151	0.04203	0.00272	0.01415	0.00584	0.06796	0.00957
7	0.01077	0.00854	0.00974	0.00968	0.01213	0.00751	0.00742	0.01363	0.02049	0.02629	0.27100	0.07512	0.40911	0.01984	0.00995	0.00283	0.00440	0.06603	0.00819	0.00734
8	0.02190	0.02228	0.03242	0.04720	0.57541	0.10368	0.02429	0.02648	0.01951	0.02627	0.01527	0.01985	0.01284	0.00755	0.00813	0.00243	0.01052	0.00714	0.00413	0.01271
9	0.01549	0.00774	0.00774	0.00774	0.00968	0.00774	0.00581	0.01936	0.01742	0.03097	0.02710	0.03097	0.02129	0.00968	0.00581	0.00194	0.00387	0.00774	0.75416	0.00774
10	0.01750	0.03796	0.52883	0.02957	0.16975	0.01939	0.02957	0.02613	0.01784	0.02649	0.01506	0.01819	0.01109	0.00779	0.00796	0.00260	0.01176	0.00641	0.00364	0.01247
11	0.01477	0.01470	0.09026	0.01563	0.07856	0.01108	0.01210	0.01959	0.06238	0.07830	0.05986	0.08458	0.39278	0.01677	0.00925	0.00276	0.00615	0.01410	0.00713	0.00925
12	0.02673	0.02469	0.02098	0.01746	0.02260	0.20571	0.01382	0.32672	0.03032	0.03682	0.03178	0.03148	0.15093	0.01196	0.00840	0.00246	0.00973	0.00904	0.00704	0.01132
13	0.17386	0.02846	0.18064	0.15634	0.03275	0.16119	0.01965	0.10354	0.02071	0.02954	0.01440	0.01742	0.01083	0.00835	0.00739	0.00252	0.01102	0.00606	0.00466	0.01065
14	0.02726	0.03254	0.02131	0.01944	0.02327	0.51012	0.01471	0.05541	0.02227	0.02194	0.01526	0.01876	0.01293	0.01772	0.11998	0.00404	0.01555	0.00613	0.03198	0.00938
15	0.01817	0.01691	0.01484	0.01420	0.01666	0.15394	0.01030	0.11059	0.02120	0.02573	0.05849	0.29057	0.09346	0.10017	0.01325	0.00345	0.00796	0.01495	0.00680	0.00836
16	0.01209	0.00948	0.01272	0.01289	0.01444	0.00963	0.00942	0.01417	0.01530	0.02149	0.03402	0.41979	0.03874	0.02975	0.14520	0.00512	0.06675	0.01682	0.00634	0.10585
17	0.02006	0.05519	0.01813	0.01533	0.01891	0.16176	0.01190	0.06945	0.16351	0.02849	0.14860	0.04222	0.07459	0.07208	0.01153	0.00308	0.00830	0.06015	0.00699	0.00973
18	0.01906	0.04871	0.02121	0.01861	0.04558	0.08004	0.01442	0.11366	0.01852	0.02500	0.01752	0.02416	0.01565	0.03291	0.29563	0.00731	0.18009	0.00769	0.00478	0.00945
19	0.01984	0.24357	0.20628	0.02873	0.15790	0.02402	0.15691	0.02576	0.01807	0.02443	0.01442	0.01791	0.01156	0.00735	0.00758	0.00237	0.01111	0.00668	0.00380	0.01171
20	0.02511	0.03578	0.20917	0.02710	0.13989	0.32079	0.02189	0.07629	0.02222	0.02574	0.01448	0.01709	0.01135	0.00828	0.00780	0.00237	0.01285	0.00610	0.00434	0.01136
21	0.17389	0.22823	0.02653	0.02096	0.15519	0.02076	0.01429	0.02228	0.01675	0.02612	0.07467	0.02291	0.01902	0.01794	0.12419	0.00421	0.01047	0.00687	0.00469	0.01002
22	0.09180	0.50004	0.03473	0.01403	0.02005	0.08265	0.01306	0.02436	0.01804	0.02305	0.09372	0.01973	0.01919	0.00855	0.00607	0.00199	0.00853	0.00588	0.00448	0.01006
23	0.12507	0.16184	0.07746	0.01551	0.02156	0.02152	0.01393	0.07881	0.23289	0.08335	0.02692	0.02614	0.06125	0.01014	0.00738	0.00251	0.00759	0.00776	0.00666	0.01172
24	0.05181	0.08173	0.01883	0.01500	0.01762	0.10846	0.01197	0.02038	0.04450	0.02150	0.02875	0.03402	0.12443	0.06074	0.20290	0.00600	0.12873	0.00915	0.00500	0.00847

[dist]
# distance from previous block
# <min> <max>
0	1

[block]
# block no. 2 follows, 22 sequences, length 32
# corresponding to MSA columns:
# 41-72
name=unknown_C
#
# <colnr> <probs for GDERKNQSTAVLIFYWHMCP>
#	G	D	E	R	K	N	Q	S	T	A	V	L	I	F	Y	W	H	M	C	P
0	0.03022	0.03335	0.02347	0.02039	0.02533	0.44579	0.01572	0.18900	0.08439	0.02999	0.01662	0.01774	0.01294	0.00918	0.00779	0.00229	0.01269	0.00628	0.00571	0.01112
1	0.01102	0.00837	0.00992	0.01040	0.01204	0.00743	0.00710	0.01261	0.01618	0.02122	0.04965	0.36993	0.20239	0.13624	0.01525	0.00381	0.00532	0.01840	0.00701	0.07571
2	0.07851	0.07798	0.57692	0.02211	0.03351	0.01999	0.02800	0.02607	0.01722	0.02683	0.01445	0.01697	0.01041	0.00783	0.00752	0.00258	0.01161	0.00591	0.00364	0.01192
3	0.01998	0.03944	0.46035	0.02660	0.11046	0.14887	0.02716	0.02756	0.01890	0.02523	0.01459	0.01741	0.01088	0.00796	0.00785	0.00251	0.01251	0.00614	0.00374	0.01186
4	0.01705	0.01361	0.01709	0.01496	0.01677	0.01594	0.01146	0.11753	0.01727	0.02435	0.01993	0.03312	0.01981	0.24614	0.16597	0.00681	0.18011	0.00907	0.00510	0.04789
5	0.02786	0.03123	0.02227	0.02035	0.04432	0.41908	0.01514	0.13445	0.08364	0.02761	0.02268	0.02349	0.07181	0.01017	0.00796	0.00234	0.01203	0.00728	0.00568	0.01061
6	0.02248	0.01711	0.01872	0.01477	0.02020	0.01735	0.01186	0.32405	0.02887	0.03915	0.09014	0.03478	0.12567	0.04145	0.00973	0.00255	0.00720	0.00955	0.00749	0.15689
7	0.02689	0.01623	0.01875	0.01497	0.01975	0.01664	0.01171	0.27412	0.02651	0.19958	0.02470	0.03109	0.02000	0.18799	0.03785	0.00421	0.00861	0.00880	0.00773	0.04386
8	0.02536	0.27889	0.03149	0.02008	0.04924	0.31220	0.01611	0.02775	0.01922	0.02027	0.01218	0.01512	0.01082	0.00894	0.00990	0.00226	0.12079	0.00541	0.00391	0.01006
9	0.01071	0.00793	0.00901	0.00960	0.01071	0.00730	0.00628	0.01187	0.01560	0.01983	0.05210	0.25937	0.25235	0.26480	0.02150	0.00483	0.00575	0.01745	0.00677	0.00623
10	0.01028	0.00784	0.00952	0.01076	0.01218	0.00707	0.00768	0.01216	0.01724	0.02194	0.05915	0.43347	0.26483	0.02402	0.01040	0.00321	0.00484	0.06879	0.00771	0.00692
11	0.02790	0.07189	0.02722	0.02848	0.18482	0.47358	0.01834	0.03077	0.02200	0.02201	0.01347	0.01630	0.01132	0.00819	0.00756	0.00220	0.01335	0.00582	0.00420	0.01058
12	0.01883	0.03682	0.45280	0.03040	0.19190	0.07318	0.02818	0.02667	0.01838	0.02603	0.01492	0.01809	0.01120	0.00782	0.00794	0.00255	0.01189	0.00639	0.00372	0.01228
13	0.01839	0.03270	0.38584	0.03576	0.31025	0.01949	0.02839	0.02595	0.01815	0.02668	0.01523	0.01888	0.01169	0.00768	0.00804	0.00256	0.01121	0.00670	0.00378	0.01267
14	0.02389	0.02736	0.03467	0.03613	0.26019	0.24590	0.19733	0.02847	0.02071	0.02464	0.01501	0.01918	0.01215	0.00769	0.00843	0.00245	0.01284	0.00739	0.00420	0.01137
15	0.03057	0.02267	0.02439	0.01863	0.02533	0.02473	0.01537	0.58563	0.03752	0.05057	0.01958	0.01975	0.01400	0.00970	0.00816	0.00240	0.00893	0.00730	0.00807	0.06670
16	0.01887	0.01993	0.01900	0.01757	0.01955	0.20819	0.01376	0.02134	0.01620	0.01975	0.01700	0.02429	0.01565	0.03606	0.33710	0.00793	0.16768	0.00750	0.00422	0.00843
17	0.01720	0.01827	0.01374	0.01278	0.01624	0.20073	0.00967	0.05392	0.02144	0.02357	0.05985	0.05772	0.43043	0.01680	0.00906	0.00260	0.00760	0.01343	0.00676	0.00818
18	0.01878	0.01311	0.01460	0.01323	0.01729	0.01332	0.01046	0.04730	0.23451	0.12691	0.05355	0.05433	0.26916	0.01582	0.00921	0.00285	0.00590	0.06081	0.00838	0.01051
19	0.08419	0.31136	0.19286	0.01821	0.02572	0.19517	0.01843	0.02736	0.01855	0.02291	0.01274	0.01484	0.01050	0.00773	0.00652	0.00215	0.01113	0.00511	0.00386	0.01067
20	0.01861	0.01853	0.01570	0.01489	0.01776	0.17953	0.01097	0.02632	0.18167	0.02639	0.14732	0.15367	0.06382	0.07326	0.01174	0.00315	0.00792	0.01247	0.00708	0.00921
21	0.02778	0.03418	0.02402	0.02151	0.02470	0.51058	0.01659	0.02984	0.02081	0.02025	0.01235	0.01579	0.01075	0.01007	0.01249	0.00252	0.18633	0.00584	0.00412	0.00949
22	0.02600	0.01910	0.02095	0.01715	0.02220	0.02082	0.01369	0.46809	0.03304	0.04426	0.02667	0.19747	0.02474	0.01415	0.00891	0.00272	0.00802	0.01168	0.00815	0.01221
23	0.01697	0.05387	0.01618	0.01288	0.01615	0.04792	0.01015	0.13035	0.02540	0.03431	0.41400	0.04850	0.08109	0.01669	0.03631	0.00296	0.00652	0.01236	0.00816	0.00921
24	0.14184	0.06429	0.04444	0.05482	0.18480	0.21527	0.01780	0.10232	0.04871	0.02944	0.01520	0.01775	0.01212	0.00831	0.00738	0.00238	0.01068	0.00623	0.00496	0.01125
25	0.01763	0.01722	0.03008	0.06512	0.35145	0.01683	0.13466	0.02235	0.01896	0.02571	0.03118	0.03666	0.14524	0.01091	0.00901	0.00268	0.00944	0.03876	0.00502	0.01110
26	0.03061	0.03535	0.02388	0.04435	0.02681	0.51750	0.01624	0.15582	0.02651	0.02698	0.01438	0.01626	0.01142	0.00884	0.00769	0.00224	0.01364	0.00586	0.00509	0.01055
27	0.14445	0.02423	0.08902	0.03750	0.40027	0.11444	0.02191	0.02651	0.01867	0.02774	0.01449	0.01830	0.01187	0.00767	0.00758	0.00245	0.01027	0.00651	0.00425	0.01188
28	0.05009	0.01398	0.02187	0.45443	0.04358	0.01636	0.04700	0.02086	0.04795	0.02308	0.02752	0.07016	0.10733	0.01124	0.00859	0.00280	0.00941	0.00988	0.00484	0.00904
29	0.01119	0.00763	0.00988	0.01119	0.01163	0.00734	0.00747	0.01211	0.01484	0.01974	0.03847	0.44098	0.04525	0.19837	0.02023	0.05789	0.00604	0.06686	0.00674	0.00617
30	0.06105	0.01965	0.03170	0.03871	0.38663	0.05468	0.13362	0.02459	0.01942	0.02750	0.07107	0.02656	0.04981	0.00887	0.00852	0.00255	0.00996	0.00870	0.00479	0.01163
31	0.02854	0.03508	0.02522	0.02591	0.12081	0.52977	0.01763	0.03108	0.02208	0.02134	0.01313	0.01605	0.01109	0.00881	0.00900	0.00230	0.06206	0.00580	0.00421	0.01013

[dist]
# distance from previous block
# <min> <max>
3	8

[block]
# block no. 3 follows, 22 sequences, length 11
# corresponding to MSA columns:
# 81-91
name=unknown_D
#
# <colnr> <probs for GDERKNQSTAVLIFYWHMCP>
#	G	D	E	R	K	N	Q	S	T	A	V	L	I	F	Y	W	H	M	C	P
0	0.17950	0.01622	0.01819	0.01845	0.10004	0.01722	0.01299	0.20865	0.02445	0.03634	0.06932	0.03970	0.14928	0.01295	0.00829	0.00269	0.00722	0.06099	0.00697	0.01054
1	0.01178	0.00834	0.01042	0.01151	0.01225	0.00813	0.00765	0.04799	0.01650	0.02201	0.04030	0.53142	0.04754	0.16291	0.01687	0.00427	0.00573	0.02034	0.00721	0.00684
2	0.01441	0.00913	0.01179	0.01218	0.01387	0.00866	0.00869	0.05410	0.01938	0.08807	0.14152	0.48895	0.05280	0.02199	0.01011	0.00312	0.00517	0.01970	0.00824	0.00812
3	0.17754	0.15499	0.02418	0.01679	0.02202	0.28643	0.01363	0.11487	0.02236	0.02841	0.01789	0.01920	0.05146	0.00911	0.00688	0.00225	0.01059	0.00609	0.00512	0.01018
4	0.03108	0.03817	0.02366	0.02120	0.02569	0.61813	0.01603	0.08507	0.02489	0.02312	0.01346	0.01541	0.01100	0.00868	0.00756	0.00217	0.01447	0.00554	0.00463	0.01002
5	0.02289	0.01769	0.02463	0.01812	0.02509	0.01625	0.11517	0.13668	0.02230	0.11274	0.01820	0.02006	0.01369	0.00791	0.00839	0.00201	0.03892	0.00676	0.00606	0.36645
6	0.01028	0.00730	0.00959	0.01136	0.01181	0.00685	0.00749	0.01161	0.01560	0.02079	0.04420	0.65006	0.05294	0.08133	0.01317	0.00375	0.00508	0.02268	0.00749	0.00661
7	0.01264	0.06134	0.01560	0.01342	0.01532	0.01206	0.01067	0.01558	0.01361	0.01930	0.02145	0.03120	0.02002	0.05819	0.62524	0.01249	0.02126	0.00857	0.00438	0.00766
8	0.43828	0.12157	0.02047	0.01405	0.01972	0.07847	0.01181	0.15383	0.02065	0.03644	0.01346	0.01497	0.01048	0.00818	0.00604	0.00240	0.00810	0.00520	0.00551	0.01039
9	0.01630	0.01382	0.01249	0.01251	0.01445	0.13152	0.00927	0.01910	0.01720	0.02396	0.02721	0.17141	0.02636	0.02633	0.17722	0.00518	0.01080	0.01097	0.26611	0.00780
10	0.27234	0.01682	0.05688	0.01961	0.14379	0.04636	0.01262	0.02087	0.01504	0.02638	0.01774	0.02946	0.01739	0.25151	0.01897	0.00444	0.00846	0.00786	0.00475	0.00869

[dist]
# distance from previous block
# <min> <max>
21	36

[block]
# block no. 4 follows, 22 sequences, length 12
# corresponding to MSA columns:
# 128-139
name=unknown_E
#
# <colnr> <probs for GDERKNQSTAVLIFYWHMCP>
#	G	D	E	R	K	N	Q	S	T	A	V	L	I	F	Y	W	H	M	C	P
0	0.20327	0.01746	0.01875	0.12889	0.02574	0.06109	0.01419	0.02850	0.17363	0.05628	0.02410	0.02583	0.06302	0.01091	0.01049	0.00282	0.11113	0.00784	0.00587	0.01021
1	0.43868	0.01409	0.01271	0.05409	0.01759	0.01597	0.00949	0.07039	0.01723	0.03557	0.01702	0.01972	0.01317	0.00851	0.00579	0.00239	0.00618	0.00588	0.22647	0.00905
2	0.02627	0.01828	0.02031	0.01670	0.02209	0.01988	0.01341	0.25721	0.25688	0.13658	0.09561	0.02986	0.02622	0.01126	0.00853	0.00264	0.00731	0.00914	0.00875	0.01309
3	0.02705	0.16587	0.02763	0.01838	0.02373	0.16161	0.01532	0.28809	0.02733	0.03400	0.01620	0.01835	0.01294	0.01329	0.05788	0.00316	0.06523	0.00650	0.00585	0.01159
4	0.01420	0.00971	0.01078	0.01015	0.01087	0.00998	0.00620	0.07901	0.01501	0.02004	0.02550	0.05063	0.02846	0.63226	0.03859	0.00745	0.00817	0.01158	0.00539	0.00602
5	0.01916	0.01208	0.01463	0.01369	0.01737	0.01170	0.01139	0.11270	0.02290	0.13736	0.05068	0.06707	0.22295	0.01822	0.00995	0.00310	0.00673	0.23055	0.00822	0.00955
6	0.01681	0.01371	0.01801	0.01563	0.01892	0.01421	0.06907	0.16525	0.02246	0.02959	0.04353	0.26721	0.18432	0.01820	0.01099	0.00298	0.05701	0.01565	0.00723	0.00922
7	0.00982	0.00842	0.00842	0.00842	0.01122	0.00701	0.00631	0.01192	0.01894	0.02244	0.08416	0.07995	0.65285	0.02104	0.00982	0.00281	0.00421	0.01753	0.00771	0.00701
8	0.02506	0.02826	0.02935	0.03828	0.38545	0.30099	0.02144	0.02879	0.02090	0.02422	0.01443	0.01816	0.01210	0.00790	0.00791	0.00233	0.01206	0.00652	0.00418	0.01164
9	0.02116	0.02551	0.20032	0.05789	0.12333	0.01946	0.21569	0.02747	0.01877	0.11534	0.01775	0.02129	0.01303	0.00853	0.01048	0.00276	0.07659	0.00796	0.00479	0.01189
10	0.02015	0.02146	0.02515	0.02175	0.02240	0.12509	0.01785	0.02202	0.01438	0.02004	0.01120	0.01769	0.01087	0.01362	0.02423	0.00341	0.58880	0.00698	0.00373	0.00917
11	0.02123	0.06425	0.02132	0.08836	0.05222	0.27521	0.01541	0.02419	0.01998	0.02186	0.02759	0.06249	0.08155	0.01360	0.00976	0.00275	0.04857	0.13535	0.00530	0.00900

[dist]
# distance from previous block
# <min> <max>
23	146

[block]
# block no. 5 follows, 22 sequences, length 12
# corresponding to MSA columns:
# 287-298
name=unknown_F
#
# <colnr> <probs for GDERKNQSTAVLIFYWHMCP>
#	G	D	E	R	K	N	Q	S	T	A	V	L	I	F	Y	W	H	M	C	P
0	0.02068	0.02358	0.05412	0.03127	0.20113	0.14873	0.15697	0.02491	0.01902	0.02404	0.02251	0.02626	0.08584	0.01019	0.01144	0.00270	0.11280	0.00864	0.00449	0.01067
1	0.01253	0.01157	0.01135	0.01230	0.05380	0.06092	0.00814	0.01451	0.01828	0.02164	0.06545	0.06715	0.46795	0.12132	0.01436	0.00351	0.00600	0.01510	0.00681	0.00732
2	0.02130	0.01884	0.02187	0.14788	0.11822	0.08390	0.01598	0.15384	0.11435	0.02957	0.02098	0.02869	0.01805	0.15315	0.01524	0.00370	0.00959	0.00847	0.00578	0.01060
3	0.01587	0.01208	0.01349	0.01236	0.01550	0.01211	0.00944	0.17500	0.02365	0.03077	0.10047	0.20847	0.26992	0.02074	0.03791	0.00329	0.00640	0.01576	0.00785	0.00891
4	0.01765	0.06222	0.02730	0.02145	0.02302	0.02322	0.08081	0.02024	0.01381	0.02056	0.01326	0.02046	0.01253	0.02037	0.12033	0.00487	0.47734	0.00760	0.00381	0.00916
5	0.15992	0.26970	0.10050	0.02033	0.08996	0.18805	0.01673	0.02709	0.01833	0.02454	0.01268	0.01500	0.01061	0.00770	0.00642	0.00218	0.01044	0.00518	0.00408	0.01054
6	0.10467	0.06502	0.02314	0.01840	0.02294	0.18716	0.01483	0.16036	0.12658	0.05977	0.01823	0.01956	0.01417	0.01016	0.01061	0.00261	0.11767	0.00678	0.00606	0.01129
7	0.02060	0.01677	0.01659	0.01466	0.01768	0.08464	0.01082	0.22028	0.05069	0.03037	0.02593	0.13892	0.02602	0.23089	0.05368	0.00489	0.00931	0.01138	0.00658	0.00929
8	0.01780	0.12502	0.02438	0.05505	0.17210	0.01727	0.01498	0.02387	0.08766	0.02709	0.11570	0.03209	0.05346	0.01031	0.00782	0.00226	0.00741	0.03515	0.00572	0.16488
9	0.05308	0.02312	0.21832	0.09215	0.13171	0.01580	0.04117	0.02481	0.01866	0.12012	0.02967	0.06001	0.11399	0.01101	0.00842	0.00267	0.00920	0.00939	0.00557	0.01114
10	0.02612	0.06133	0.02112	0.01781	0.02165	0.37665	0.01358	0.06321	0.02133	0.07338	0.01769	0.02320	0.01534	0.09089	0.11651	0.00457	0.01412	0.00694	0.00507	0.00948
11	0.02040	0.09323	0.14209	0.02686	0.19327	0.14946	0.01962	0.02628	0.06168	0.02473	0.02529	0.03107	0.08297	0.01065	0.00818	0.00253	0.01023	0.05556	0.00494	0.01096

[dist]
# distance from previous block
# <min> <max>
0	11

[block]
# block no. 6 follows, 22 sequences, length 15
# corresponding to MSA columns:
# 310-324
name=unknown_G
#
# <colnr> <probs for GDERKNQSTAVLIFYWHMCP>
#	G	D	E	R	K	N	Q	S	T	A	V	L	I	F	Y	W	H	M	C	P
0	0.01489	0.05458	0.11962	0.01423	0.01849	0.01259	0.01258	0.06886	0.01810	0.02508	0.03058	0.34362	0.03359	0.07047	0.01147	0.00313	0.00707	0.01469	0.00623	0.12015
1	0.02198	0.09803	0.03285	0.03938	0.41697	0.12630	0.05447	0.02627	0.01949	0.02506	0.01637	0.02302	0.01438	0.00840	0.00806	0.00243	0.01069	0.03968	0.00428	0.01191
2	0.02945	0.07624	0.02618	0.02372	0.09410	0.43380	0.01691	0.15060	0.02572	0.02741	0.01448	0.01648	0.01165	0.00863	0.00760	0.00222	0.01288	0.00594	0.00502	0.01098
3	0.25038	0.01782	0.08797	0.02068	0.14714	0.01595	0.01468	0.06027	0.01975	0.03314	0.18281	0.03200	0.06387	0.01095	0.00773	0.00258	0.00716	0.00890	0.00613	0.01011
4	0.31431	0.02083	0.04209	0.09368	0.14822	0.12367	0.01565	0.02594	0.01776	0.06334	0.01819	0.02066	0.04660	0.00873	0.00699	0.00252	0.00909	0.00650	0.00501	0.01022
5	0.02174	0.16654	0.16299	0.02926	0.19088	0.15048	0.08734	0.02679	0.01902	0.02379	0.01448	0.01803	0.01185	0.00953	0.03076	0.00271	0.01204	0.00647	0.00393	0.01138
6	0.02316	0.06232	0.02605	0.07314	0.19979	0.25192	0.01845	0.04927	0.02096	0.02457	0.05207	0.02726	0.01876	0.01037	0.00935	0.00254	0.05231	0.06236	0.00485	0.01049
7	0.01620	0.01555	0.01431	0.01545	0.04197	0.15289	0.01094	0.01827	0.01792	0.02121	0.03612	0.20791	0.08336	0.15407	0.01619	0.00405	0.00848	0.15129	0.00628	0.00753
8	0.02131	0.06939	0.16686	0.01749	0.02363	0.14152	0.01659	0.15444	0.02479	0.03177	0.16946	0.03217	0.07289	0.01148	0.00833	0.00246	0.00937	0.00906	0.00632	0.01066
9	0.01568	0.01169	0.01691	0.02054	0.15339	0.01108	0.01275	0.01890	0.01874	0.06396	0.14859	0.15939	0.04099	0.09152	0.01306	0.00341	0.00684	0.11877	0.00684	0.06692
10	0.01263	0.01010	0.01300	0.01161	0.01421	0.00892	0.04418	0.01450	0.01574	0.02120	0.03972	0.18182	0.16297	0.24892	0.02018	0.00438	0.00658	0.01407	0.00607	0.14918
11	0.01598	0.01428	0.01376	0.01195	0.01601	0.07327	0.00907	0.07981	0.02038	0.02592	0.04785	0.09942	0.29010	0.05925	0.01071	0.00272	0.00649	0.01251	0.00663	0.18389
12	0.02105	0.02162	0.15807	0.01719	0.02310	0.01703	0.01601	0.24828	0.02535	0.06097	0.02748	0.23949	0.02668	0.01454	0.00887	0.00275	0.00821	0.01231	0.00701	0.04400
13	0.06437	0.22826	0.16472	0.08918	0.02605	0.02045	0.01722	0.02163	0.01572	0.02224	0.01596	0.02122	0.01372	0.02464	0.21482	0.00573	0.01387	0.00652	0.00394	0.00974
14	0.02771	0.16726	0.02916	0.02443	0.12317	0.39655	0.01714	0.07639	0.02271	0.02372	0.01357	0.01591	0.01134	0.00820	0.00724	0.00215	0.01254	0.00566	0.00442	0.01073

[dist]
# distance from previous block
# <min> <max>
1	2

[block]
# block no. 7 follows, 22 sequences, length 22
# corresponding to MSA columns:
# 327-348
name=unknown_H
#
# <colnr> <probs for GDERKNQSTAVLIFYWHMCP>
#	G	D	E	R	K	N	Q	S	T	A	V	L	I	F	Y	W	H	M	C	P
0	0.01547	0.01452	0.01346	0.01320	0.01617	0.09369	0.00996	0.02294	0.17519	0.02520	0.05285	0.17673	0.26418	0.01809	0.00944	0.00290	0.00648	0.05319	0.00747	0.00887
1	0.28698	0.26702	0.02655	0.01520	0.02077	0.21906	0.01292	0.02719	0.01790	0.02602	0.01194	0.01388	0.01009	0.00775	0.00591	0.00216	0.00984	0.00473	0.00433	0.00977
2	0.01773	0.01481	0.01568	0.01435	0.01678	0.08660	0.01082	0.13083	0.01900	0.02486	0.02166	0.03320	0.02054	0.19216	0.33369	0.00888	0.01579	0.00896	0.00528	0.00838
3	0.02559	0.11725	0.02653	0.02112	0.09364	0.02395	0.01576	0.33002	0.12886	0.03929	0.02073	0.02196	0.01592	0.01398	0.06499	0.00337	0.00989	0.00748	0.00687	0.01280
4	0.46521	0.29833	0.02489	0.01226	0.01819	0.02440	0.01111	0.02460	0.01525	0.03009	0.01156	0.01343	0.00967	0.00747	0.00522	0.00225	0.00742	0.00448	0.00450	0.00967
5	0.17655	0.06374	0.11370	0.02464	0.14692	0.24460	0.01820	0.02926	0.06173	0.02690	0.01478	0.01713	0.01180	0.00818	0.00717	0.00239	0.01098	0.00591	0.00456	0.01085
6	0.02867	0.03613	0.02186	0.01996	0.02407	0.60045	0.01497	0.03081	0.02303	0.02057	0.02077	0.02221	0.08211	0.00995	0.00775	0.00221	0.01378	0.00671	0.00466	0.00934
7	0.01190	0.00879	0.01278	0.01278	0.01406	0.01007	0.00967	0.01447	0.01318	0.01886	0.02278	0.03554	0.02203	0.14860	0.59055	0.01264	0.02035	0.00933	0.00453	0.00710
8	0.01164	0.00787	0.00919	0.00963	0.00973	0.00776	0.00564	0.01197	0.01294	0.01726	0.03060	0.20054	0.03578	0.55426	0.03514	0.00700	0.00732	0.01468	0.00564	0.00542
9	0.01666	0.04297	0.66500	0.02368	0.03596	0.01929	0.03069	0.02631	0.01754	0.02631	0.01491	0.01754	0.01052	0.00789	0.00789	0.00263	0.01228	0.00614	0.00351	0.01228
10	0.02268	0.02468	0.07936	0.03299	0.30869	0.14120	0.02031	0.10313	0.02209	0.02876	0.01937	0.02221	0.04848	0.00863	0.00796	0.00232	0.01025	0.00725	0.00491	0.08470
11	0.01801	0.20574	0.51403	0.02138	0.03240	0.02259	0.02669	0.02596	0.01738	0.02467	0.01409	0.01652	0.01056	0.00770	0.00727	0.00242	0.01145	0.00573	0.00352	0.01188
12	0.01976	0.01861	0.03146	0.04702	0.58517	0.01861	0.02415	0.02457	0.01894	0.02689	0.01878	0.02869	0.01701	0.00913	0.00859	0.00262	0.00962	0.07333	0.00451	0.01255
13	0.01198	0.00844	0.01104	0.01104	0.01172	0.00913	0.00750	0.01335	0.01267	0.01757	0.02437	0.04434	0.02585	0.41023	0.33415	0.01050	0.01460	0.01061	0.00476	0.00613
14	0.01046	0.00847	0.00933	0.00946	0.01195	0.00735	0.00721	0.01299	0.01961	0.02445	0.17668	0.10307	0.48072	0.02070	0.00998	0.00288	0.00446	0.06507	0.00795	0.00720
15	0.01934	0.02345	0.12294	0.03225	0.20648	0.04192	0.21487	0.02521	0.01873	0.02659	0.01561	0.01978	0.01233	0.00710	0.00819	0.00231	0.01088	0.00736	0.00424	0.18042
16	0.00998	0.00827	0.00874	0.00894	0.01140	0.00703	0.00659	0.01212	0.01886	0.02300	0.11648	0.15631	0.54087	0.02140	0.00991	0.00286	0.00427	0.01813	0.00781	0.00703
17	0.01944	0.02631	0.20981	0.04272	0.45769	0.01967	0.05257	0.02577	0.01856	0.02689	0.01548	0.01980	0.01240	0.00752	0.00820	0.00253	0.01072	0.00715	0.00395	0.01283
18	0.01193	0.00867	0.01219	0.01219	0.01327	0.00975	0.00894	0.01409	0.01301	0.01843	0.02331	0.03851	0.02332	0.23679	0.50412	0.01192	0.01842	0.00976	0.00461	0.00677
19	0.01723	0.01477	0.01723	0.01230	0.01969	0.01107	0.00984	0.02092	0.01723	0.02707	0.01477	0.01723	0.01230	0.00615	0.00615	0.00123	0.00615	0.00492	0.00492	0.75883
20	0.01059	0.00816	0.00904	0.00926	0.01099	0.00730	0.00640	0.01232	0.01744	0.02204	0.12844	0.16571	0.35878	0.17625	0.01725	0.00405	0.00513	0.01694	0.00727	0.00662
21	0.02330	0.17850	0.02909	0.02697	0.21785	0.17122	0.01721	0.02660	0.01930	0.07478	0.01905	0.02209	0.04007	0.01451	0.08164	0.00347	0.01174	0.00693	0.00472	0.01097

[dist]
# distance from previous block
# <min> <max>
6	7

[block]
# block no. 8 follows, 22 sequences, length 14
# corresponding to MSA columns:
# 356-369
name=unknown_I
#
# <colnr> <probs for GDERKNQSTAVLIFYWHMCP>
#	G	D	E	R	K	N	Q	S	T	A	V	L	I	F	Y	W	H	M	C	P
0	0.01900	0.02097	0.10090	0.07410	0.12056	0.05323	0.13155	0.10556	0.02058	0.02760	0.02296	0.02751	0.06490	0.02040	0.14766	0.00485	0.01332	0.00872	0.00497	0.01066
1	0.02682	0.15287	0.12300	0.02199	0.06434	0.34651	0.01844	0.10456	0.02316	0.02549	0.01398	0.01603	0.01124	0.00832	0.00732	0.00221	0.01249	0.00570	0.00453	0.01097
2	0.05602	0.07024	0.24594	0.07158	0.08018	0.14505	0.04661	0.02777	0.07345	0.02627	0.06449	0.02196	0.01730	0.00891	0.00787	0.00250	0.01098	0.00712	0.00469	0.01106
3	0.17129	0.01904	0.13778	0.01522	0.02014	0.05203	0.03603	0.02015	0.01645	0.02589	0.06056	0.03249	0.10557	0.02734	0.21835	0.00600	0.01286	0.00881	0.00510	0.00890
4	0.01846	0.07600	0.01988	0.01919	0.11297	0.01417	0.01354	0.02184	0.01972	0.12217	0.12713	0.05291	0.13301	0.01543	0.01065	0.00289	0.05916	0.14405	0.00707	0.00977
5	0.09424	0.20159	0.02801	0.01828	0.02328	0.26364	0.01515	0.13428	0.02251	0.02731	0.01344	0.01568	0.01117	0.00906	0.00916	0.00232	0.08986	0.00564	0.00482	0.01057
6	0.18119	0.02425	0.01921	0.13660	0.02720	0.29093	0.01478	0.02566	0.01893	0.02442	0.01771	0.06401	0.01635	0.01354	0.04626	0.00319	0.01174	0.05023	0.00482	0.00898
7	0.02408	0.09006	0.26216	0.02058	0.02802	0.28157	0.02063	0.02919	0.02006	0.07133	0.01571	0.01810	0.01212	0.01225	0.05623	0.00314	0.01342	0.00606	0.00441	0.01088
8	0.01764	0.01759	0.02242	0.05906	0.22585	0.08817	0.01702	0.02092	0.01825	0.02343	0.03484	0.04113	0.18450	0.01367	0.01217	0.00285	0.12857	0.05684	0.00526	0.00981
9	0.05489	0.12304	0.11276	0.02299	0.12377	0.11827	0.04287	0.02341	0.01746	0.02313	0.01754	0.02484	0.01559	0.02309	0.18649	0.00534	0.01405	0.03611	0.00429	0.01005
10	0.01681	0.02130	0.15684	0.01964	0.02508	0.01747	0.10922	0.07403	0.04415	0.02733	0.08112	0.03780	0.17412	0.01326	0.01257	0.00289	0.13997	0.01062	0.00571	0.01007
11	0.01644	0.01919	0.11167	0.01728	0.05771	0.09243	0.01451	0.06223	0.02088	0.02640	0.09195	0.10364	0.18934	0.01639	0.00942	0.00288	0.00808	0.12383	0.00660	0.00915
12	0.02284	0.21289	0.17776	0.02735	0.18296	0.19385	0.02125	0.02752	0.01927	0.02317	0.01366	0.01651	0.01126	0.00774	0.00719	0.00224	0.01149	0.00580	0.00387	0.01138
13	0.16086	0.06361	0.10485	0.02068	0.07485	0.30416	0.01651	0.02733	0.01929	0.02472	0.01623	0.01911	0.03281	0.01325	0.06536	0.00329	0.01262	0.00613	0.00442	0.00991

[dist]
# distance from previous block
# <min> <max>
4	10

[block]
# block no. 9 follows, 22 sequences, length 15
# corresponding to MSA columns:
# 380-394
name=unknown_J
#
# <colnr> <probs for GDERKNQSTAVLIFYWHMCP>
#	G	D	E	R	K	N	Q	S	T	A	V	L	I	F	Y	W	H	M	C	P
0	0.02017	0.07443	0.33327	0.03015	0.17488	0.11157	0.08747	0.02703	0.01886	0.02530	0.01478	0.01812	0.01137	0.00774	0.00796	0.00249	0.01209	0.00659	0.00383	0.01190
1	0.18219	0.02103	0.08484	0.01981	0.08167	0.01989	0.01599	0.25894	0.02578	0.07296	0.02018	0.02632	0.01632	0.01021	0.00781	0.00260	0.00853	0.06779	0.00664	0.05051
2	0.05694	0.02038	0.19436	0.01688	0.04623	0.03314	0.01588	0.02060	0.01853	0.05886	0.09973	0.16354	0.09651	0.01504	0.00892	0.00279	0.00779	0.06770	0.00628	0.04990
3	0.02152	0.14003	0.03171	0.05774	0.02854	0.17534	0.16126	0.02501	0.01813	0.02190	0.01462	0.02065	0.01289	0.06449	0.01324	0.00289	0.10972	0.00715	0.00413	0.06906
4	0.02272	0.02418	0.01933	0.01771	0.02128	0.28796	0.01359	0.06961	0.13234	0.02476	0.02028	0.02417	0.01698	0.02732	0.23353	0.00608	0.01553	0.00742	0.00536	0.00982
5	0.02549	0.02873	0.02200	0.05217	0.02467	0.36841	0.01535	0.10460	0.02293	0.02475	0.02335	0.02538	0.09937	0.01135	0.01096	0.00253	0.11537	0.00769	0.00515	0.00975
6	0.09285	0.05753	0.02568	0.06045	0.13235	0.11315	0.01697	0.29189	0.02806	0.07668	0.01759	0.01911	0.01310	0.00893	0.00776	0.00243	0.00980	0.00681	0.00640	0.01245
7	0.05540	0.23317	0.02878	0.01803	0.02362	0.28286	0.01490	0.13181	0.08755	0.02763	0.01577	0.01692	0.01271	0.00862	0.00700	0.00218	0.01100	0.00582	0.00521	0.01103
8	0.06349	0.01180	0.03406	0.01263	0.01613	0.01054	0.01030	0.02187	0.06823	0.14583	0.04997	0.18477	0.21207	0.01825	0.00949	0.00301	0.00599	0.10444	0.00795	0.00919
9	0.02639	0.03214	0.07788	0.03145	0.23977	0.36115	0.02039	0.06683	0.02246	0.02509	0.01439	0.01738	0.01173	0.00820	0.00782	0.00231	0.01268	0.00624	0.00441	0.01131
10	0.01692	0.01214	0.01428	0.01228	0.01493	0.01213	0.00879	0.09615	0.01738	0.05130	0.02341	0.07089	0.02398	0.34868	0.05875	0.00558	0.04608	0.01011	0.00569	0.15052
11	0.02136	0.01539	0.04759	0.01407	0.01902	0.01439	0.01168	0.06108	0.23148	0.17858	0.04844	0.04518	0.22850	0.01401	0.00884	0.00273	0.00632	0.01156	0.00839	0.01138
12	0.01987	0.02270	0.13313	0.03685	0.38079	0.01910	0.02271	0.05729	0.10076	0.02900	0.01935	0.05052	0.01612	0.00885	0.00820	0.00252	0.00940	0.00803	0.00498	0.04982
13	0.01305	0.00960	0.01432	0.01321	0.01494	0.01027	0.05718	0.01573	0.01411	0.02074	0.02348	0.03695	0.02252	0.20977	0.37104	0.00958	0.01548	0.00959	0.11124	0.00718
14	0.01826	0.01436	0.01610	0.01507	0.01890	0.01570	0.01197	0.03327	0.37952	0.06213	0.10394	0.04975	0.09188	0.01479	0.00925	0.00296	0.00630	0.11631	0.00840	0.01111

[dist]
# distance from previous block
# <min> <max>
7	29

[block]
# block no. 10 follows, 22 sequences, length 12
# corresponding to MSA columns:
# 424-435
name=unknown_K
#
# <colnr> <probs for GDERKNQSTAVLIFYWHMCP>
#	G	D	E	R	K	N	Q	S	T	A	V	L	I	F	Y	W	H	M	C	P
0	0.02202	0.02300	0.02213	0.02473	0.15861	0.21413	0.01591	0.03126	0.20567	0.02675	0.05557	0.05977	0.02222	0.01489	0.06337	0.00343	0.01087	0.00873	0.00593	0.01102
1	0.19431	0.01030	0.01053	0.01057	0.01327	0.01011	0.00771	0.01554	0.01612	0.02560	0.04335	0.29560	0.18475	0.05460	0.01040	0.00312	0.00534	0.01541	0.00673	0.06665
2	0.34739	0.09749	0.02083	0.01595	0.02109	0.27208	0.01280	0.07773	0.02008	0.03020	0.01275	0.01458	0.01025	0.00816	0.00632	0.00232	0.01018	0.00507	0.00491	0.00984
3	0.06373	0.31355	0.37355	0.01907	0.02882	0.02477	0.02270	0.02561	0.01707	0.02422	0.01334	0.01559	0.01049	0.00756	0.00669	0.00228	0.01055	0.00535	0.00362	0.01142
4	0.05636	0.23238	0.02611	0.01500	0.01991	0.07694	0.01242	0.21777	0.02332	0.03018	0.01792	0.02557	0.01645	0.17827	0.01543	0.00360	0.00916	0.00736	0.00558	0.01026
5	0.02493	0.41567	0.03415	0.01688	0.02258	0.27457	0.01468	0.02741	0.01919	0.01983	0.01268	0.01511	0.01128	0.01098	0.04643	0.00261	0.01200	0.00505	0.00388	0.01008
6	0.01008	0.00740	0.00947	0.01112	0.01193	0.00679	0.00751	0.01162	0.01634	0.02138	0.05124	0.61419	0.13986	0.02532	0.01049	0.00329	0.00473	0.02275	0.00771	0.00679
7	0.01208	0.01255	0.06680	0.14988	0.02337	0.01063	0.01263	0.01573	0.01841	0.02346	0.10228	0.12686	0.30906	0.01770	0.00957	0.00291	0.00661	0.06481	0.00665	0.00799
8	0.32406	0.18807	0.02378	0.01551	0.02063	0.23216	0.01287	0.02714	0.01773	0.02694	0.01194	0.01413	0.01002	0.00813	0.00687	0.00229	0.03883	0.00488	0.00443	0.00960
9	0.01232	0.00883	0.01048	0.01013	0.01270	0.00782	0.00780	0.01537	0.02109	0.06028	0.31184	0.07099	0.33597	0.01896	0.00986	0.00279	0.00451	0.06204	0.00843	0.00777
10	0.01222	0.00877	0.01062	0.01136	0.01241	0.00856	0.00765	0.06042	0.01714	0.02264	0.04251	0.45646	0.09415	0.17419	0.01732	0.00429	0.00582	0.01932	0.00717	0.00698
11	0.01776	0.01643	0.02739	0.07698	0.46648	0.01651	0.02104	0.02188	0.01806	0.02537	0.02290	0.18616	0.02318	0.01197	0.00881	0.00270	0.00871	0.01134	0.00496	0.01138

[dist]
# distance from previous block
# <min> <max>
0	1

[block]
# block no. 11 follows, 22 sequences, length 15
# corresponding to MSA columns:
# 437-451
name=unknown_L
#
# <colnr> <probs for GDERKNQSTAVLIFYWHMCP>
#	G	D	E	R	K	N	Q	S	T	A	V	L	I	F	Y	W	H	M	C	P
0	0.13754	0.32240	0.02947	0.01589	0.02142	0.20343	0.01363	0.02843	0.07797	0.02391	0.01456	0.01643	0.01232	0.01066	0.03858	0.00266	0.01060	0.00539	0.00451	0.01021
1	0.23574	0.11595	0.07936	0.01393	0.01991	0.04389	0.01261	0.02336	0.03879	0.02768	0.01522	0.01851	0.01272	0.01618	0.11318	0.00386	0.01013	0.00566	0.00469	0.18863
2	0.01533	0.01330	0.01701	0.01959	0.11806	0.07163	0.01289	0.01862	0.01554	0.02172	0.02079	0.02895	0.01869	0.04377	0.44580	0.00953	0.01790	0.00823	0.07407	0.00857
3	0.02701	0.02188	0.02680	0.03141	0.28401	0.10493	0.01887	0.18372	0.02549	0.13424	0.02187	0.02329	0.03995	0.00922	0.00824	0.00246	0.00967	0.00771	0.00635	0.01286
4	0.01515	0.01731	0.11877	0.01364	0.02011	0.01122	0.01247	0.01924	0.01719	0.02544	0.02680	0.14992	0.07777	0.01146	0.00759	0.00199	0.00671	0.00972	0.00546	0.43203
5	0.22828	0.35083	0.08947	0.01534	0.02193	0.13048	0.01460	0.02621	0.01725	0.02519	0.01207	0.01403	0.01020	0.00758	0.00586	0.00213	0.00950	0.00476	0.00410	0.01019
6	0.01725	0.01491	0.05716	0.10236	0.02169	0.04500	0.01235	0.10670	0.02110	0.02903	0.15416	0.03642	0.08533	0.01497	0.01217	0.12354	0.00726	0.00973	0.12033	0.00855
7	0.02155	0.29276	0.02789	0.01553	0.02028	0.18101	0.01319	0.05700	0.01956	0.02253	0.05950	0.02431	0.04863	0.01980	0.13833	0.00429	0.01246	0.00703	0.00473	0.00960
8	0.02645	0.15339	0.02625	0.04315	0.02481	0.24658	0.01507	0.17301	0.11996	0.03064	0.04879	0.02086	0.01706	0.00944	0.00758	0.00231	0.01051	0.00685	0.00595	0.01132
9	0.01599	0.01363	0.01273	0.01216	0.01363	0.11437	0.00866	0.01801	0.01623	0.02201	0.07941	0.03898	0.02727	0.25987	0.12494	0.00601	0.04327	0.00968	0.15602	0.00713
10	0.01948	0.01641	0.01534	0.01394	0.01713	0.11347	0.01015	0.02679	0.18178	0.07885	0.03090	0.09887	0.06046	0.20432	0.01773	0.00407	0.00798	0.01087	0.00666	0.06482
11	0.01948	0.02099	0.02415	0.08977	0.22277	0.17432	0.05641	0.02312	0.01987	0.02356	0.03467	0.03657	0.19645	0.01167	0.00862	0.00254	0.00986	0.00998	0.00516	0.01005
12	0.02342	0.02491	0.02493	0.03005	0.25857	0.23835	0.01793	0.07893	0.05655	0.02674	0.02634	0.02811	0.10896	0.01027	0.00824	0.00243	0.01049	0.00835	0.00531	0.01114
13	0.02258	0.02759	0.08183	0.03046	0.22702	0.25937	0.06448	0.02671	0.02057	0.02394	0.02275	0.02824	0.07440	0.01003	0.00838	0.00250	0.01160	0.04213	0.00467	0.01074
14	0.02371	0.07610	0.14684	0.02919	0.19252	0.25745	0.04307	0.03011	0.07643	0.02470	0.01591	0.01852	0.01270	0.00823	0.00779	0.00238	0.01195	0.00650	0.00442	0.01149

[dist]
# distance from previous block
# <min> <max>
6	12

[block]
# block no. 12 follows, 22 sequences, length 29
# corresponding to MSA columns:
# 464-492
name=unknown_M
#
# <colnr> <probs for GDERKNQSTAVLIFYWHMCP>
#	G	D	E	R	K	N	Q	S	T	A	V	L	I	F	Y	W	H	M	C	P
0	0.02210	0.02196	0.09835	0.19613	0.20458	0.02118	0.02170	0.20044	0.07246	0.03345	0.01800	0.02126	0.01357	0.00873	0.00825	0.00260	0.00997	0.00743	0.00549	0.01235
1	0.01689	0.02470	0.23517	0.03018	0.24601	0.01675	0.04615	0.02360	0.04203	0.02618	0.02969	0.03582	0.12031	0.01122	0.00872	0.00272	0.00959	0.05799	0.00496	0.01133
2	0.10097	0.01932	0.07517	0.32056	0.06612	0.09379	0.01896	0.02237	0.01732	0.02372	0.02009	0.02775	0.04708	0.01415	0.06338	0.00359	0.01144	0.04047	0.00442	0.00933
3	0.04469	0.16386	0.02697	0.12201	0.21255	0.04511	0.01686	0.02198	0.01894	0.02531	0.12809	0.03180	0.08831	0.01053	0.00791	0.00241	0.00834	0.00890	0.00519	0.01025
4	0.07694	0.14163	0.18474	0.12945	0.08947	0.04414	0.01979	0.02667	0.09702	0.02599	0.01959	0.02198	0.04183	0.00875	0.00742	0.00245	0.00958	0.00690	0.00464	0.04103
5	0.01908	0.11598	0.39960	0.06030	0.11531	0.07533	0.05034	0.02636	0.01817	0.02488	0.01451	0.01766	0.01101	0.00778	0.00770	0.00248	0.01180	0.00625	0.00369	0.01178
6	0.01852	0.07916	0.08128	0.02438	0.10831	0.08812	0.14120	0.02309	0.01754	0.02340	0.01691	0.02246	0.01437	0.02259	0.19340	0.00534	0.01441	0.00746	0.00424	0.09383
7	0.01556	0.01178	0.01586	0.01434	0.01653	0.01320	0.03054	0.11425	0.01743	0.02423	0.02218	0.03442	0.02113	0.18809	0.39032	0.00982	0.03766	0.00933	0.00517	0.00817
8	0.01879	0.02105	0.09661	0.03842	0.43089	0.05072	0.02199	0.02373	0.01952	0.02700	0.09228	0.02959	0.07391	0.00973	0.00846	0.00251	0.00925	0.00887	0.00492	0.01177
9	0.02178	0.66087	0.09192	0.01495	0.02246	0.03181	0.01550	0.02499	0.01693	0.02007	0.01181	0.01365	0.01065	0.00717	0.00553	0.00184	0.00915	0.00457	0.00355	0.01079
10	0.01180	0.00794	0.00914	0.00942	0.00948	0.00787	0.00541	0.01201	0.01262	0.01683	0.02895	0.14600	0.03370	0.61164	0.03781	0.00739	0.00760	0.01371	0.00541	0.00528
11	0.02404	0.57630	0.03969	0.01539	0.02220	0.08527	0.01455	0.09635	0.02003	0.02346	0.01264	0.01424	0.01107	0.00756	0.00586	0.00189	0.00942	0.00487	0.00417	0.01098
12	0.01012	0.00723	0.00964	0.01157	0.01205	0.00675	0.00771	0.01157	0.01591	0.02121	0.04579	0.70262	0.05495	0.02603	0.01060	0.00337	0.00482	0.02362	0.00771	0.00675
13	0.01825	0.01569	0.02463	0.38128	0.17567	0.01767	0.02070	0.07046	0.01950	0.05040	0.02330	0.03030	0.06708	0.01012	0.00858	0.00273	0.00976	0.03854	0.00494	0.01039
14	0.02320	0.63778	0.04130	0.01502	0.02181	0.10460	0.01442	0.02580	0.01762	0.01963	0.01169	0.01351	0.01067	0.00727	0.00557	0.00182	0.00957	0.00454	0.00363	0.01055
15	0.03277	0.01475	0.01900	0.01484	0.02111	0.01334	0.01211	0.03902	0.11415	0.50445	0.03108	0.02754	0.02043	0.01000	0.00814	0.00247	0.00690	0.00816	0.00946	0.09028
16	0.01040	0.00783	0.01034	0.04978	0.01451	0.00745	0.00839	0.01217	0.01637	0.02138	0.04939	0.57655	0.13616	0.02432	0.01036	0.00326	0.00509	0.02184	0.00748	0.00693
17	0.01863	0.01550	0.01567	0.01420	0.01846	0.08579	0.01131	0.02523	0.12874	0.07960	0.03945	0.07328	0.14293	0.01462	0.00883	0.00263	0.00719	0.13122	0.00710	0.15962
18	0.23016	0.08982	0.01837	0.09092	0.02200	0.01677	0.01138	0.06788	0.01828	0.02952	0.02781	0.02909	0.13942	0.01023	0.00693	0.00226	0.00694	0.00776	0.00552	0.16894
19	0.02573	0.22130	0.16058	0.01983	0.02662	0.33758	0.01855	0.05655	0.02122	0.02280	0.01324	0.01528	0.01081	0.00810	0.00703	0.00216	0.01252	0.00536	0.00411	0.01066
20	0.01479	0.01273	0.01644	0.01957	0.14317	0.01270	0.01238	0.02227	0.14730	0.02778	0.14364	0.05644	0.25717	0.01585	0.00936	0.00280	0.00607	0.06252	0.00736	0.00968
21	0.17648	0.15719	0.02338	0.04271	0.02243	0.23393	0.01342	0.02971	0.11925	0.02702	0.06552	0.02088	0.01798	0.00919	0.00696	0.00233	0.00969	0.00648	0.00534	0.01011
22	0.02272	0.02833	0.16000	0.02077	0.02578	0.16758	0.01915	0.14231	0.02135	0.02765	0.01505	0.01907	0.01236	0.01552	0.07772	0.00381	0.19858	0.00680	0.00474	0.01071
23	0.01419	0.01241	0.01767	0.02041	0.13795	0.01335	0.01303	0.01684	0.01594	0.02204	0.03484	0.12828	0.15206	0.06332	0.14723	0.00527	0.12085	0.01207	0.00542	0.04684
24	0.14737	0.07800	0.02063	0.01583	0.02055	0.08123	0.01286	0.14920	0.17776	0.03337	0.02815	0.02814	0.09676	0.01132	0.00916	0.00262	0.06116	0.00827	0.00660	0.01102
25	0.02437	0.02638	0.09339	0.02073	0.05960	0.20412	0.01710	0.20464	0.02610	0.03192	0.02528	0.03619	0.05266	0.01237	0.00874	0.00269	0.01063	0.12593	0.00624	0.01093
26	0.01627	0.01407	0.01916	0.07883	0.16059	0.01493	0.01504	0.02545	0.19437	0.02698	0.03749	0.14987	0.10399	0.01526	0.00930	0.00296	0.00726	0.09106	0.00678	0.01033
27	0.02144	0.02403	0.06099	0.02273	0.07405	0.21158	0.10556	0.08903	0.02126	0.02564	0.02218	0.15683	0.02152	0.01786	0.08324	0.00383	0.01243	0.01050	0.00535	0.00995
