[name]
unknown

[dist]
# distance from previous block
# <min> <max>
6	19

[block]
# block no. 0 follows, 22 sequences, length 74
# corresponding to MSA columns:
# 19-92
name=unknown_A
#
# <colnr> <probs for GDERKNQSTAVLIFYWHMCP>
#	G	D	E	R	K	N	Q	S	T	A	V	L	I	F	Y	W	H	M	C	P
0	0.05648	0.27449	0.26915	0.02159	0.09673	0.02319	0.02094	0.02437	0.01683	0.02378	0.01442	0.01780	0.01190	0.01344	0.07908	0.00346	0.01158	0.00589	0.00378	0.01111
1	0.09097	0.01988	0.09068	0.11194	0.02870	0.01949	0.05763	0.03470	0.35719	0.03157	0.05210	0.02735	0.02156	0.01010	0.00820	0.00276	0.00820	0.00856	0.00667	0.01175
2	0.02321	0.09946	0.03238	0.04002	0.43852	0.17592	0.02204	0.02724	0.01979	0.02471	0.01453	0.01846	0.01231	0.00764	0.00774	0.00232	0.01097	0.00660	0.00409	0.01205
3	0.08700	0.17524	0.33410	0.01839	0.02692	0.05028	0.02085	0.02519	0.01808	0.05239	0.07179	0.04916	0.01866	0.00940	0.00739	0.00245	0.00989	0.00720	0.00465	0.01097
4	0.02257	0.05931	0.10537	0.02861	0.06446	0.20744	0.27843	0.02773	0.01974	0.02392	0.01466	0.01891	0.01163	0.00823	0.01021	0.00261	0.07377	0.00757	0.00407	0.01076
5	0.05459	0.03798	0.56117	0.02212	0.03291	0.01821	0.02771	0.02523	0.01754	0.02671	0.01788	0.02558	0.01448	0.00951	0.00814	0.00276	0.01148	0.07035	0.00404	0.01161
6	0.02035	0.02457	0.14216	0.04366	0.49680	0.04859	0.02551	0.02668	0.04247	0.02698	0.01607	0.02019	0.01306	0.00768	0.00814	0.00249	0.01039	0.00717	0.00418	0.01285
7	0.02087	0.02112	0.15777	0.01762	0.05145	0.08393	0.01570	0.02513	0.02006	0.17256	0.06328	0.12803	0.11917	0.01429	0.00895	0.00276	0.00837	0.05159	0.00691	0.01044
8	0.01454	0.01298	0.02097	0.41016	0.04020	0.01615	0.01837	0.01894	0.01522	0.02047	0.01708	0.02549	0.01440	0.02733	0.23932	0.00647	0.06145	0.00790	0.00395	0.00859
9	0.01232	0.00949	0.01176	0.04525	0.01555	0.00907	0.00925	0.04266	0.02109	0.02779	0.26791	0.12888	0.24802	0.01920	0.00997	0.00292	0.00522	0.09780	0.00803	0.00780
10	0.07620	0.25989	0.22742	0.01996	0.05365	0.15571	0.01969	0.02767	0.01862	0.05173	0.01396	0.01594	0.01105	0.00784	0.00680	0.00224	0.01095	0.00545	0.00412	0.01109
11	0.02146	0.15799	0.22982	0.02576	0.17014	0.02100	0.02140	0.08308	0.02082	0.08553	0.06956	0.02233	0.01805	0.00880	0.00772	0.00241	0.00962	0.00717	0.00519	0.01214
12	0.01012	0.00723	0.00964	0.01157	0.01205	0.00675	0.00771	0.01157	0.01591	0.02121	0.04579	0.70262	0.05495	0.02603	0.01060	0.00337	0.00482	0.02362	0.00771	0.00675
13	0.02829	0.24911	0.02976	0.01917	0.02433	0.47501	0.01548	0.03059	0.02147	0.02009	0.01244	0.01447	0.01069	0.00811	0.00682	0.00203	0.01308	0.00507	0.00405	0.00995
14	0.01984	0.02999	0.25627	0.06466	0.25725	0.08283	0.11807	0.02650	0.01888	0.02585	0.01525	0.01932	0.01182	0.00767	0.00828	0.00256	0.01189	0.00713	0.00391	0.01203
15	0.01314	0.01717	0.16700	0.01826	0.08689	0.01134	0.01460	0.01665	0.01595	0.02217	0.03183	0.35453	0.03564	0.13798	0.01520	0.00391	0.00769	0.01573	0.00586	0.00845
16	0.01897	0.32153	0.40664	0.01974	0.02987	0.02494	0.02384	0.02571	0.01727	0.02350	0.01351	0.01579	0.01058	0.00757	0.00683	0.00228	0.01087	0.00543	0.00353	0.01161
17	0.02004	0.18356	0.24792	0.02169	0.08255	0.14217	0.02042	0.02521	0.01825	0.02282	0.01817	0.02122	0.04471	0.01436	0.07958	0.00350	0.01248	0.00661	0.00403	0.01071
18	0.01769	0.07287	0.51291	0.02840	0.15336	0.02007	0.02886	0.02608	0.01777	0.02612	0.01487	0.01790	0.01103	0.00776	0.00782	0.00256	0.01164	0.00629	0.00363	0.01236
19	0.01000	0.00770	0.00915	0.01031	0.01172	0.00685	0.00715	0.01171	0.01711	0.02170	0.06108	0.45453	0.29317	0.02404	0.01029	0.00315	0.00458	0.02119	0.00771	0.00685
20	0.01686	0.00911	0.01208	0.01189	0.01413	0.00823	0.00866	0.01893	0.01890	0.17197	0.13813	0.37431	0.08963	0.02074	0.01085	0.03584	0.00527	0.01760	0.00835	0.00852
21	0.02163	0.02284	0.11968	0.03978	0.36473	0.01916	0.16216	0.02748	0.01942	0.09561	0.01766	0.02142	0.01348	0.00769	0.00856	0.00258	0.01083	0.00789	0.00472	0.01270
22	0.02895	0.19872	0.02827	0.01970	0.02465	0.52304	0.01562	0.03121	0.02197	0.02015	0.01254	0.01459	0.01069	0.00822	0.00698	0.00205	0.01354	0.00514	0.00411	0.00987
23	0.05030	0.07374	0.54994	0.02434	0.06187	0.02005	0.05494	0.02613	0.01751	0.02650	0.01471	0.01750	0.01067	0.00778	0.00774	0.00259	0.01182	0.00620	0.00364	0.01204
24	0.01740	0.01763	0.01769	0.01660	0.01851	0.16976	0.01297	0.01999	0.01566	0.01965	0.01822	0.02616	0.01682	0.04199	0.41407	0.00915	0.12746	0.00780	0.00428	0.00821
25	0.02062	0.01683	0.01783	0.01549	0.02013	0.01861	0.01220	0.16644	0.36074	0.03630	0.07133	0.03920	0.14209	0.01309	0.00874	0.00273	0.00657	0.01076	0.00832	0.01196
26	0.03158	0.02327	0.02493	0.01911	0.02576	0.02576	0.01579	0.62852	0.03906	0.05236	0.01995	0.01995	0.01413	0.00997	0.00831	0.00249	0.00914	0.00748	0.00831	0.01413
27	0.02108	0.02226	0.02704	0.15065	0.32817	0.17286	0.02073	0.02525	0.01992	0.02470	0.06146	0.02515	0.04678	0.00913	0.00825	0.00247	0.01062	0.00791	0.00459	0.01099
28	0.01085	0.00833	0.01058	0.04224	0.01445	0.00804	0.00843	0.01372	0.04811	0.02212	0.05080	0.52330	0.16109	0.02355	0.01025	0.00321	0.00508	0.02104	0.00757	0.00723
29	0.01766	0.02917	0.30085	0.02386	0.02989	0.02240	0.08097	0.02332	0.01543	0.02332	0.01317	0.01830	0.01090	0.01099	0.01734	0.00313	0.33800	0.00703	0.00363	0.01065
30	0.02056	0.01974	0.03372	0.05099	0.65622	0.01974	0.02550	0.02550	0.01892	0.02714	0.01563	0.02056	0.01316	0.00740	0.00822	0.00247	0.00987	0.00740	0.00411	0.01316
31	0.01710	0.07931	0.60345	0.02365	0.03547	0.02012	0.05589	0.02624	0.01759	0.02595	0.01480	0.01752	0.01062	0.00781	0.00783	0.00259	0.01216	0.00621	0.00354	0.01214
32	0.01031	0.00731	0.00958	0.01133	0.01177	0.00687	0.00746	0.01162	0.01554	0.02072	0.04393	0.64123	0.05260	0.09061	0.01360	0.00382	0.00513	0.02252	0.00746	0.00659
33	0.00992	0.00801	0.00884	0.00950	0.01151	0.00692	0.00679	0.01180	0.01789	0.02202	0.07094	0.29438	0.44695	0.02276	0.01009	0.00300	0.00442	0.01963	0.00771	0.00692
34	0.01012	0.00723	0.00964	0.01157	0.01205	0.00675	0.00771	0.01157	0.01591	0.02121	0.04579	0.70262	0.05495	0.02603	0.01060	0.00337	0.00482	0.02362	0.00771	0.00675
35	0.01984	0.02099	0.06307	0.08961	0.44683	0.01993	0.16528	0.02550	0.01886	0.02658	0.01581	0.02097	0.01278	0.00739	0.00858	0.00257	0.01101	0.00791	0.00408	0.01240
36	0.03103	0.03959	0.02354	0.02140	0.02568	0.67469	0.01605	0.03317	0.02354	0.02033	0.01284	0.01498	0.01070	0.00856	0.00749	0.00214	0.01498	0.00535	0.00428	0.00963
37	0.05262	0.01905	0.02461	0.02499	0.16358	0.10707	0.07415	0.03094	0.02190	0.26483	0.10641	0.02813	0.02408	0.00989	0.00843	0.00252	0.00902	0.00862	0.00716	0.01199
38	0.03125	0.03318	0.02409	0.02050	0.02571	0.41988	0.01595	0.26695	0.02964	0.03291	0.01563	0.01693	0.01205	0.00912	0.00781	0.00228	0.01269	0.00619	0.00586	0.01140
39	0.01207	0.00811	0.00935	0.00935	0.00945	0.00821	0.00540	0.01227	0.01217	0.01632	0.02591	0.05288	0.02956	0.66398	0.08547	0.00842	0.00902	0.01186	0.00499	0.00520
40	0.02013	0.10836	0.12333	0.02705	0.21026	0.14614	0.01891	0.02472	0.02045	0.02623	0.16481	0.02794	0.02739	0.00993	0.00805	0.00238	0.00971	0.00825	0.00517	0.01078
41	0.01951	0.01866	0.03182	0.18857	0.52687	0.01946	0.02497	0.02457	0.01842	0.02586	0.01544	0.02090	0.01271	0.00760	0.00824	0.00253	0.01013	0.00740	0.00402	0.01231
42	0.02200	0.47374	0.16228	0.01873	0.05718	0.09900	0.01821	0.02609	0.01783	0.02134	0.01255	0.01470	0.01077	0.00743	0.00621	0.00202	0.01026	0.00502	0.00365	0.01099
43	0.01655	0.00948	0.01165	0.01120	0.01413	0.00831	0.00849	0.01890	0.01943	0.17148	0.08317	0.23862	0.28696	0.01983	0.00978	0.00295	0.00521	0.04682	0.00837	0.00866
44	0.02326	0.03123	0.17835	0.03037	0.20971	0.21623	0.02245	0.06854	0.02068	0.02586	0.01441	0.01788	0.01162	0.00881	0.00999	0.00254	0.08582	0.00648	0.00425	0.01152
45	0.01074	0.00775	0.01006	0.01158	0.01248	0.00728	0.00817	0.01256	0.01666	0.02198	0.07413	0.49776	0.10291	0.07135	0.01278	0.00367	0.00533	0.09842	0.00758	0.00682
46	0.01125	0.00844	0.01057	0.01199	0.01304	0.00827	0.00823	0.01511	0.08372	0.02273	0.04636	0.59969	0.08079	0.02419	0.01033	0.00329	0.00498	0.02178	0.00779	0.00745
47	0.01882	0.02634	0.21536	0.10167	0.31570	0.01971	0.13087	0.02551	0.01842	0.02624	0.01554	0.02017	0.01211	0.00756	0.00841	0.00260	0.01139	0.00746	0.00392	0.01219
48	0.01027	0.00750	0.00967	0.01110	0.01200	0.00690	0.00757	0.01206	0.01708	0.02269	0.11764	0.56368	0.12227	0.02448	0.01043	0.00323	0.00465	0.02200	0.00787	0.00690
49	0.02529	0.02764	0.02460	0.02127	0.02394	0.29084	0.01698	0.10978	0.02080	0.02462	0.01295	0.01712	0.01127	0.01146	0.01655	0.00287	0.32097	0.00651	0.00455	0.01001
50	0.01165	0.00832	0.01095	0.01182	0.01276	0.00845	0.00855	0.01350	0.01500	0.02009	0.03638	0.23288	0.06456	0.22401	0.16710	0.00696	0.01009	0.12413	0.00623	0.00660
51	0.62203	0.01568	0.01361	0.01169	0.01709	0.01736	0.00963	0.02761	0.01605	0.16119	0.01577	0.01643	0.01129	0.00822	0.00578	0.00257	0.00655	0.00526	0.00616	0.01002
52	0.76672	0.01607	0.01221	0.01092	0.01607	0.01864	0.00900	0.02442	0.01414	0.03727	0.01157	0.01350	0.00900	0.00771	0.00514	0.00257	0.00643	0.00450	0.00514	0.00900
53	0.03103	0.03959	0.02354	0.02140	0.02568	0.67469	0.01605	0.03317	0.02354	0.02033	0.01284	0.01498	0.01070	0.00856	0.00749	0.00214	0.01498	0.00535	0.00428	0.00963
54	0.01085	0.00797	0.01033	0.01195	0.01314	0.00746	0.00883	0.01296	0.01714	0.02227	0.05139	0.46075	0.14721	0.02451	0.01069	0.00339	0.00539	0.15907	0.00770	0.00700
55	0.00982	0.00842	0.00842	0.00842	0.01122	0.00701	0.00631	0.01192	0.01894	0.02244	0.08416	0.07995	0.65285	0.02104	0.00982	0.00281	0.00421	0.01753	0.00771	0.00701
56	0.02056	0.01974	0.03372	0.05099	0.65622	0.01974	0.02550	0.02550	0.01892	0.02714	0.01563	0.02056	0.01316	0.00740	0.00822	0.00247	0.00987	0.00740	0.00411	0.01316
57	0.03103	0.03959	0.02354	0.02140	0.02568	0.67469	0.01605	0.03317	0.02354	0.02033	0.01284	0.01498	0.01070	0.00856	0.00749	0.00214	0.01498	0.00535	0.00428	0.00963
58	0.01968	0.01882	0.03183	0.09229	0.58243	0.01900	0.02435	0.02451	0.01876	0.02650	0.01907	0.02370	0.04567	0.00816	0.00831	0.00251	0.00966	0.00792	0.00427	0.01258
59	0.08851	0.01480	0.01703	0.01250	0.01955	0.01192	0.01007	0.02379	0.01780	0.11077	0.01682	0.01833	0.01308	0.00683	0.00635	0.00153	0.00630	0.00533	0.00564	0.59305
60	0.01011	0.00843	0.00882	0.00872	0.01140	0.00714	0.00654	0.01249	0.01963	0.02408	0.16975	0.07725	0.56624	0.02043	0.00982	0.00278	0.00416	0.01715	0.00793	0.00714
61	0.01034	0.00739	0.00983	0.01142	0.01210	0.00689	0.00773	0.01210	0.01690	0.02279	0.12490	0.61900	0.05800	0.02485	0.01050	0.00327	0.00470	0.02250	0.00790	0.00689
62	0.03012	0.02254	0.02411	0.01882	0.02521	0.02508	0.01544	0.55024	0.11972	0.05000	0.02180	0.02143	0.01563	0.01015	0.00833	0.00254	0.00880	0.00774	0.00833	0.01400
63	0.01943	0.01858	0.03167	0.19922	0.51685	0.01944	0.02493	0.02450	0.01838	0.02576	0.01543	0.02093	0.01267	0.00761	0.00824	0.00254	0.01015	0.00740	0.00401	0.01224
64	0.02202	0.02334	0.02883	0.11625	0.24730	0.18170	0.07808	0.05332	0.01995	0.02474	0.01556	0.02058	0.01291	0.01346	0.07297	0.00355	0.04294	0.00726	0.00431	0.01092
65	0.03103	0.03959	0.02354	0.02140	0.02568	0.67469	0.01605	0.03317	0.02354	0.02033	0.01284	0.01498	0.01070	0.00856	0.00749	0.00214	0.01498	0.00535	0.00428	0.00963
66	0.01086	0.00846	0.00985	0.00950	0.01186	0.00745	0.00713	0.01393	0.02138	0.02825	0.38764	0.07038	0.34574	0.01887	0.00981	0.00270	0.00405	0.01619	0.00848	0.00745
67	0.02618	0.01581	0.01845	0.01512	0.02001	0.01621	0.01204	0.22800	0.09069	0.21334	0.11307	0.07963	0.05652	0.04331	0.01024	0.00288	0.00706	0.01065	0.00878	0.01199
68	0.01187	0.00890	0.01335	0.01335	0.01483	0.01038	0.01038	0.01483	0.01335	0.01928	0.02225	0.03264	0.02077	0.06231	0.67512	0.01335	0.02225	0.00890	0.00445	0.00742
69	0.01294	0.00824	0.01021	0.01052	0.01152	0.00779	0.00693	0.01430	0.01607	0.06458	0.11851	0.29190	0.07143	0.29079	0.02272	0.00503	0.00610	0.01667	0.00703	0.00674
70	0.02524	0.01734	0.01836	0.01484	0.01967	0.01892	0.01201	0.38200	0.05354	0.04381	0.02310	0.02443	0.01719	0.00991	0.00739	0.00230	0.00710	0.00765	0.28346	0.01174
71	0.02704	0.02065	0.02198	0.01780	0.02355	0.02313	0.01440	0.39760	0.24545	0.04525	0.02507	0.02429	0.01835	0.01041	0.00824	0.00258	0.00800	0.00815	0.04460	0.01348
72	0.01930	0.09940	0.46744	0.02226	0.03205	0.08137	0.02614	0.05463	0.01864	0.02586	0.01432	0.01710	0.01075	0.00854	0.00926	0.00259	0.06875	0.00607	0.00382	0.01171
73	0.02747	0.02282	0.02664	0.02832	0.21394	0.07640	0.01825	0.37023	0.03073	0.04116	0.01840	0.02024	0.01389	0.00907	0.00810	0.00243	0.00959	0.00729	0.04183	0.01317

[dist]
# distance from previous block
# <min> <max>
0	25

[block]
# block no. 1 follows, 22 sequences, length 65
# corresponding to MSA columns:
# 118-182
name=unknown_B
#
# <colnr> <probs for GDERKNQSTAVLIFYWHMCP>
#	G	D	E	R	K	N	Q	S	T	A	V	L	I	F	Y	W	H	M	C	P
0	0.02121	0.01914	0.02672	0.35794	0.19713	0.07477	0.02165	0.10092	0.02094	0.05672	0.01632	0.02116	0.01239	0.00841	0.00822	0.00260	0.01067	0.00727	0.00474	0.01109
1	0.01122	0.00881	0.01041	0.01124	0.01359	0.00799	0.00913	0.01396	0.01887	0.02332	0.06673	0.11476	0.38937	0.02202	0.01050	0.00323	0.00557	0.24435	0.00769	0.00725
2	0.01208	0.00805	0.00906	0.00906	0.00906	0.00805	0.00503	0.01208	0.01208	0.01611	0.02618	0.05436	0.03020	0.70804	0.04228	0.00805	0.00805	0.01208	0.00503	0.00503
3	0.01187	0.00890	0.01335	0.01335	0.01483	0.01038	0.01038	0.01483	0.01335	0.01928	0.02225	0.03264	0.02077	0.06231	0.67512	0.01335	0.02225	0.00890	0.00445	0.00742
4	0.01208	0.00805	0.00906	0.00906	0.00906	0.00805	0.00503	0.01208	0.01208	0.01611	0.02618	0.05436	0.03020	0.70804	0.04228	0.00805	0.00805	0.01208	0.00503	0.00503
5	0.01353	0.01174	0.01337	0.01352	0.01505	0.07955	0.01009	0.01601	0.01540	0.02034	0.05616	0.17404	0.03000	0.07243	0.40820	0.00935	0.01639	0.01204	0.00536	0.00744
6	0.02221	0.71304	0.04353	0.01421	0.02132	0.03287	0.01421	0.02488	0.01688	0.01955	0.01155	0.01333	0.01066	0.00711	0.00533	0.00178	0.00888	0.00444	0.00355	0.01066
7	0.01890	0.01801	0.03010	0.11514	0.52357	0.01826	0.02321	0.02360	0.01867	0.02601	0.02277	0.02700	0.08048	0.00894	0.00840	0.00254	0.00940	0.00847	0.00445	0.01209
8	0.02089	0.02059	0.03269	0.08236	0.58992	0.05629	0.02484	0.02570	0.01906	0.02645	0.01543	0.02033	0.01291	0.00751	0.00819	0.00246	0.01022	0.00729	0.00410	0.01276
9	0.15861	0.05036	0.01759	0.01446	0.01862	0.04833	0.01150	0.09098	0.17940	0.06642	0.02304	0.02627	0.01857	0.05317	0.14811	0.00504	0.01057	0.00774	0.04077	0.01043
10	0.02233	0.06069	0.05893	0.04082	0.44497	0.14384	0.02297	0.02666	0.01930	0.02506	0.01461	0.01888	0.01234	0.00800	0.00891	0.00244	0.04628	0.00680	0.00406	0.01212
11	0.01773	0.03550	0.44116	0.02780	0.03867	0.01992	0.24704	0.02642	0.01829	0.02642	0.01560	0.01931	0.01128	0.00757	0.00859	0.00269	0.01291	0.00747	0.00376	0.01189
12	0.01666	0.04297	0.66500	0.02368	0.03596	0.01929	0.03069	0.02631	0.01754	0.02631	0.01491	0.01754	0.01052	0.00789	0.00789	0.00263	0.01228	0.00614	0.00351	0.01228
13	0.01187	0.00890	0.01335	0.01335	0.01483	0.01038	0.01038	0.01483	0.01335	0.01928	0.02225	0.03264	0.02077	0.06231	0.67512	0.01335	0.02225	0.00890	0.00445	0.00742
14	0.01012	0.00723	0.00964	0.01157	0.01205	0.00675	0.00771	0.01157	0.01591	0.02121	0.04579	0.70262	0.05495	0.02603	0.01060	0.00337	0.00482	0.02362	0.00771	0.00675
15	0.01033	0.00844	0.00912	0.00895	0.01153	0.00723	0.00671	0.01291	0.02014	0.02530	0.23320	0.07525	0.50203	0.01997	0.00981	0.00275	0.00413	0.01687	0.00809	0.00723
16	0.01003	0.00759	0.00927	0.01061	0.01180	0.00683	0.00728	0.01168	0.01683	0.02158	0.05750	0.51253	0.23748	0.02450	0.01036	0.00320	0.00463	0.02176	0.00771	0.00683
17	0.02056	0.01974	0.03372	0.05099	0.65622	0.01974	0.02550	0.02550	0.01892	0.02714	0.01563	0.02056	0.01316	0.00740	0.00822	0.00247	0.00987	0.00740	0.00411	0.01316
18	0.44274	0.01872	0.01722	0.01431	0.01993	0.02129	0.01173	0.23480	0.08177	0.04224	0.01655	0.01737	0.01231	0.00883	0.00655	0.00257	0.00738	0.00599	0.00655	0.01116
19	0.01235	0.00842	0.01019	0.01060	0.01108	0.00849	0.00707	0.01331	0.01364	0.01813	0.02977	0.06166	0.03348	0.53053	0.06691	0.00742	0.00867	0.13702	0.00556	0.00571
20	0.02976	0.13785	0.02655	0.02024	0.02504	0.54976	0.01577	0.05999	0.02329	0.02172	0.01299	0.01497	0.01086	0.00841	0.00721	0.00210	0.01381	0.00532	0.00436	0.00999
21	0.03049	0.03845	0.02329	0.02117	0.02547	0.64044	0.01590	0.03375	0.05589	0.02109	0.01394	0.01582	0.01147	0.00870	0.00754	0.00218	0.01454	0.00556	0.00450	0.00982
22	0.01187	0.00890	0.01335	0.01335	0.01483	0.01038	0.01038	0.01483	0.01335	0.01928	0.02225	0.03264	0.02077	0.06231	0.67512	0.01335	0.02225	0.00890	0.00445	0.00742
23	0.01006	0.00838	0.00848	0.00848	0.01099	0.00712	0.00618	0.01194	0.01821	0.02177	0.07803	0.07725	0.58710	0.09358	0.01325	0.00336	0.00461	0.01696	0.00743	0.00680
24	0.01187	0.00890	0.01335	0.01335	0.01483	0.01038	0.01038	0.01483	0.01335	0.01928	0.02225	0.03264	0.02077	0.06231	0.67512	0.01335	0.02225	0.00890	0.00445	0.00742
25	0.01047	0.00808	0.00956	0.00996	0.01181	0.00717	0.00717	0.01289	0.01932	0.02518	0.23485	0.26398	0.30694	0.02139	0.01005	0.00292	0.00431	0.01866	0.00812	0.00717
26	0.01187	0.00890	0.01335	0.01335	0.01483	0.01038	0.01038	0.01483	0.01335	0.01928	0.02225	0.03264	0.02077	0.06231	0.67512	0.01335	0.02225	0.00890	0.00445	0.00742
27	0.01830	0.01778	0.03178	0.22592	0.03954	0.01925	0.24120	0.08593	0.01963	0.02637	0.01983	0.11219	0.01778	0.01094	0.01092	0.00291	0.07426	0.01043	0.00490	0.01013
28	0.00982	0.00842	0.00842	0.00842	0.01122	0.00701	0.00631	0.01192	0.01894	0.02244	0.08416	0.07995	0.65285	0.02104	0.00982	0.00281	0.00421	0.01753	0.00771	0.00701
29	0.02724	0.02111	0.02249	0.01824	0.02411	0.02374	0.01474	0.39635	0.27829	0.04536	0.02545	0.02434	0.01859	0.01049	0.00837	0.00262	0.00812	0.00824	0.00837	0.01374
30	0.02402	0.08631	0.14344	0.03183	0.25283	0.27241	0.02190	0.02854	0.02029	0.02377	0.01411	0.01730	0.01155	0.00791	0.00765	0.00232	0.01219	0.00615	0.00402	0.01145
31	0.02251	0.02905	0.12072	0.20053	0.18279	0.25585	0.02223	0.02729	0.01979	0.02303	0.01429	0.01851	0.01135	0.00813	0.00793	0.00245	0.01238	0.00647	0.00398	0.01074
32	0.01907	0.01746	0.02687	0.10234	0.38821	0.01816	0.02062	0.05010	0.10299	0.02799	0.02669	0.03177	0.08354	0.01028	0.00859	0.00264	0.00882	0.03658	0.00537	0.01190
33	0.01181	0.00820	0.00955	0.00955	0.01004	0.00825	0.00586	0.01242	0.01297	0.01719	0.03179	0.05425	0.09473	0.55167	0.12101	0.00819	0.00949	0.01224	0.00524	0.00555
34	0.01899	0.05764	0.10364	0.02747	0.12299	0.05258	0.10658	0.02296	0.01606	0.02280	0.01469	0.05091	0.01350	0.01150	0.01684	0.00305	0.31539	0.00806	0.00399	0.01037
35	0.01208	0.00805	0.00906	0.00906	0.00906	0.00805	0.00503	0.01208	0.01208	0.01611	0.02618	0.05436	0.03020	0.70804	0.04228	0.00805	0.00805	0.01208	0.00503	0.00503
36	0.01130	0.00847	0.01046	0.00997	0.01213	0.00764	0.00748	0.01478	0.02243	0.03073	0.51671	0.06631	0.21513	0.01795	0.00980	0.00266	0.00399	0.01562	0.00880	0.00764
37	0.02056	0.01974	0.03372	0.05099	0.65622	0.01974	0.02550	0.02550	0.01892	0.02714	0.01563	0.02056	0.01316	0.00740	0.00822	0.00247	0.00987	0.00740	0.00411	0.01316
38	0.02012	0.01908	0.03133	0.10640	0.53373	0.01972	0.02397	0.02707	0.08441	0.02740	0.01747	0.02181	0.01425	0.00789	0.00826	0.00253	0.00963	0.00761	0.00453	0.01279
39	0.01208	0.00805	0.00906	0.00906	0.00906	0.00805	0.00503	0.01208	0.01208	0.01611	0.02618	0.05436	0.03020	0.70804	0.04228	0.00805	0.00805	0.01208	0.00503	0.00503
40	0.01151	0.00823	0.00936	0.00936	0.01019	0.00805	0.00591	0.01233	0.01388	0.01798	0.03982	0.05827	0.18016	0.47331	0.10124	0.00734	0.00862	0.01307	0.00562	0.00577
41	0.00982	0.00842	0.00842	0.00842	0.01122	0.00701	0.00631	0.01192	0.01894	0.02244	0.08416	0.07995	0.65285	0.02104	0.00982	0.00281	0.00421	0.01753	0.00771	0.00701
42	0.02310	0.02455	0.03125	0.04382	0.50336	0.17852	0.02321	0.02736	0.02004	0.02549	0.01495	0.01921	0.01256	0.00768	0.00805	0.00239	0.01111	0.00690	0.00415	0.01230
43	0.03103	0.03959	0.02354	0.02140	0.02568	0.67469	0.01605	0.03317	0.02354	0.02033	0.01284	0.01498	0.01070	0.00856	0.00749	0.00214	0.01498	0.00535	0.00428	0.00963
44	0.01012	0.00723	0.00964	0.01157	0.01205	0.00675	0.00771	0.01157	0.01591	0.02121	0.04579	0.70262	0.05495	0.02603	0.01060	0.00337	0.00482	0.02362	0.00771	0.00675
45	0.01208	0.00805	0.00906	0.00906	0.00906	0.00805	0.00503	0.01208	0.01208	0.01611	0.02618	0.05436	0.03020	0.70804	0.04228	0.00805	0.00805	0.01208	0.00503	0.00503
46	0.01187	0.00890	0.01335	0.01335	0.01483	0.01038	0.01038	0.01483	0.01335	0.01928	0.02225	0.03264	0.02077	0.06231	0.67512	0.01335	0.02225	0.00890	0.00445	0.00742
47	0.00999	0.00847	0.00865	0.00874	0.01150	0.00713	0.00664	0.01217	0.01894	0.02256	0.08227	0.08060	0.62444	0.02113	0.00990	0.00285	0.00437	0.04490	0.00771	0.00704
48	0.03103	0.03959	0.02354	0.02140	0.02568	0.67469	0.01605	0.03317	0.02354	0.02033	0.01284	0.01498	0.01070	0.00856	0.00749	0.00214	0.01498	0.00535	0.00428	0.00963
49	0.03155	0.02410	0.02486	0.01923	0.02576	0.05874	0.01580	0.59827	0.03827	0.05073	0.01958	0.01969	0.01395	0.00990	0.00827	0.00248	0.00944	0.00737	0.00811	0.01390
50	0.01208	0.00805	0.00906	0.00906	0.00906	0.00805	0.00503	0.01208	0.01208	0.01611	0.02618	0.05436	0.03020	0.70804	0.04228	0.00805	0.00805	0.01208	0.00503	0.00503
51	0.76672	0.01607	0.01221	0.01092	0.01607	0.01864	0.00900	0.02442	0.01414	0.03727	0.01157	0.01350	0.00900	0.00771	0.00514	0.00257	0.00643	0.00450	0.00514	0.00900
52	0.02177	0.02257	0.06192	0.04576	0.54543	0.07177	0.02450	0.05678	0.02024	0.02784	0.01559	0.01995	0.01289	0.00765	0.00816	0.00245	0.01035	0.00718	0.00431	0.01289
53	0.03031	0.03840	0.02365	0.02142	0.02547	0.63839	0.01617	0.03244	0.02294	0.02031	0.01273	0.01516	0.01071	0.00890	0.00860	0.00222	0.05288	0.00546	0.00424	0.00960
54	0.76672	0.01607	0.01221	0.01092	0.01607	0.01864	0.00900	0.02442	0.01414	0.03727	0.01157	0.01350	0.00900	0.00771	0.00514	0.00257	0.00643	0.00450	0.00514	0.00900
55	0.01666	0.04297	0.66500	0.02368	0.03596	0.01929	0.03069	0.02631	0.01754	0.02631	0.01491	0.01754	0.01052	0.00789	0.00789	0.00263	0.01228	0.00614	0.00351	0.01228
56	0.01012	0.00723	0.00964	0.01157	0.01205	0.00675	0.00771	0.01157	0.01591	0.02121	0.04579	0.70262	0.05495	0.02603	0.01060	0.00337	0.00482	0.02362	0.00771	0.00675
57	0.01549	0.00774	0.00774	0.00774	0.00968	0.00774	0.00581	0.01936	0.01742	0.03097	0.02710	0.03097	0.02129	0.00968	0.00581	0.00194	0.00387	0.00774	0.75416	0.00774
58	0.01161	0.00785	0.00920	0.00967	0.00979	0.00774	0.00568	0.01196	0.01301	0.01734	0.03093	0.21152	0.03620	0.54270	0.03460	0.00692	0.00727	0.01488	0.00568	0.00545
59	0.03227	0.01354	0.01804	0.01419	0.01980	0.01207	0.01158	0.06486	0.02448	0.51551	0.14679	0.03412	0.03096	0.01151	0.00862	0.00257	0.00659	0.00955	0.00997	0.01297
60	0.02066	0.01785	0.01878	0.01691	0.02160	0.02066	0.01315	0.04414	0.64121	0.03475	0.03381	0.03099	0.02536	0.01127	0.00845	0.00282	0.00657	0.00939	0.00845	0.01315
61	0.01443	0.00722	0.01082	0.01082	0.01082	0.00722	0.00722	0.01082	0.01082	0.01443	0.01443	0.02525	0.01443	0.02886	0.03247	0.75830	0.00722	0.00722	0.00361	0.00361
62	0.01692	0.07434	0.63591	0.02324	0.03527	0.01993	0.02992	0.02624	0.01751	0.02599	0.01475	0.01734	0.01053	0.00786	0.00777	0.00259	0.01212	0.00606	0.00351	0.01220
63	0.01135	0.00834	0.01042	0.01059	0.01173	0.00849	0.00735	0.01292	0.01432	0.01899	0.03901	0.11256	0.16175	0.28227	0.24462	0.00828	0.01170	0.01324	0.00566	0.00641
64	0.01974	0.19786	0.02198	0.01369	0.01760	0.18247	0.01118	0.02278	0.02070	0.02557	0.20622	0.03417	0.06682	0.01150	0.00750	0.00219	0.00800	0.00896	0.11211	0.00896

[dist]
# distance from previous block
# <min> <max>
0	2

[block]
# block no. 2 follows, 22 sequences, length 29
# corresponding to MSA columns:
# 185-213
name=unknown_C
#
# <colnr> <probs for GDERKNQSTAVLIFYWHMCP>
#	G	D	E	R	K	N	Q	S	T	A	V	L	I	F	Y	W	H	M	C	P
0	0.18883	0.09577	0.31686	0.02461	0.11611	0.02065	0.07491	0.02566	0.01707	0.02830	0.01409	0.01705	0.01073	0.00763	0.00723	0.00253	0.01044	0.00609	0.00403	0.01140
1	0.15070	0.02440	0.08619	0.03487	0.35196	0.13122	0.02092	0.02739	0.01898	0.05671	0.01517	0.01847	0.01212	0.00783	0.00755	0.00245	0.01025	0.00648	0.00454	0.01180
2	0.02056	0.01974	0.03372	0.05099	0.65622	0.01974	0.02550	0.02550	0.01892	0.02714	0.01563	0.02056	0.01316	0.00740	0.00822	0.00247	0.00987	0.00740	0.00411	0.01316
3	0.01251	0.00902	0.01233	0.01414	0.01581	0.00884	0.01182	0.01575	0.01846	0.02398	0.04669	0.21705	0.08445	0.02347	0.01120	0.00367	0.00687	0.44885	0.00767	0.00743
4	0.01193	0.00865	0.01206	0.01206	0.01310	0.00968	0.00878	0.01401	0.01297	0.01833	0.02343	0.03917	0.02360	0.25642	0.48488	0.01176	0.01798	0.00986	0.00463	0.00670
5	0.02002	0.01257	0.01581	0.01523	0.01879	0.01286	0.01265	0.02885	0.18229	0.15799	0.08652	0.06158	0.03880	0.01686	0.00992	0.00321	0.00696	0.28015	0.00851	0.01042
6	0.03103	0.03959	0.02354	0.02140	0.02568	0.67469	0.01605	0.03317	0.02354	0.02033	0.01284	0.01498	0.01070	0.00856	0.00749	0.00214	0.01498	0.00535	0.00428	0.00963
7	0.01208	0.00805	0.00906	0.00906	0.00906	0.00805	0.00503	0.01208	0.01208	0.01611	0.02618	0.05436	0.03020	0.70804	0.04228	0.00805	0.00805	0.01208	0.00503	0.00503
8	0.01203	0.00827	0.01014	0.01014	0.01052	0.00864	0.00638	0.01278	0.01240	0.01691	0.02519	0.04889	0.02782	0.54524	0.20183	0.00939	0.01163	0.01128	0.00489	0.00563
9	0.01010	0.00731	0.00956	0.01135	0.01199	0.00677	0.00762	0.01159	0.01611	0.02129	0.04838	0.66050	0.09539	0.02569	0.01055	0.00334	0.00478	0.02321	0.00771	0.00677
10	0.01012	0.00723	0.00964	0.01157	0.01205	0.00675	0.00771	0.01157	0.01591	0.02121	0.04579	0.70262	0.05495	0.02603	0.01060	0.00337	0.00482	0.02362	0.00771	0.00675
11	0.01612	0.01521	0.02570	0.63122	0.11068	0.01857	0.02329	0.02161	0.01682	0.02175	0.01484	0.02201	0.01126	0.00822	0.00830	0.00274	0.01097	0.00738	0.00373	0.00958
12	0.01208	0.00805	0.00906	0.00906	0.00906	0.00805	0.00503	0.01208	0.01208	0.01611	0.02618	0.05436	0.03020	0.70804	0.04228	0.00805	0.00805	0.01208	0.00503	0.00503
13	0.01750	0.01085	0.01275	0.01145	0.01494	0.01005	0.00884	0.05127	0.06373	0.15337	0.18426	0.10658	0.28732	0.01722	0.00942	0.00275	0.00516	0.01460	0.00860	0.00935
14	0.01208	0.00805	0.00906	0.00906	0.00906	0.00805	0.00503	0.01208	0.01208	0.01611	0.02618	0.05436	0.03020	0.70804	0.04228	0.00805	0.00805	0.01208	0.00503	0.00503
15	0.07631	0.06410	0.08441	0.02569	0.09243	0.37575	0.11305	0.02980	0.02100	0.02363	0.01378	0.01675	0.01112	0.00802	0.00770	0.00233	0.01322	0.00622	0.00421	0.01047
16	0.01251	0.00984	0.01458	0.01421	0.01554	0.01191	0.01117	0.01536	0.01329	0.01936	0.02110	0.03117	0.01977	0.05746	0.60943	0.01237	0.09025	0.00874	0.00437	0.00759
17	0.01733	0.07311	0.57085	0.02599	0.09814	0.02000	0.02937	0.02616	0.01765	0.02607	0.01482	0.01764	0.01080	0.00780	0.00780	0.00257	0.01187	0.00618	0.00357	0.01229
18	0.02873	0.10105	0.02601	0.02043	0.05968	0.19012	0.01570	0.27237	0.10698	0.06940	0.01942	0.01984	0.01459	0.00934	0.00779	0.00237	0.01021	0.00689	0.00666	0.01243
19	0.06407	0.15727	0.02296	0.01489	0.02027	0.14320	0.01225	0.05332	0.01849	0.02457	0.01535	0.01906	0.01328	0.01843	0.14147	0.00410	0.01180	0.00582	0.00461	0.23479
20	0.01173	0.00839	0.01022	0.01111	0.01196	0.00822	0.00760	0.01389	0.04012	0.02041	0.04052	0.29486	0.08922	0.28467	0.02266	0.00516	0.00648	0.09959	0.00671	0.00650
21	0.05733	0.01289	0.01574	0.01413	0.01679	0.01493	0.01128	0.14077	0.01933	0.02932	0.02104	0.02726	0.01791	0.03353	0.30610	0.00733	0.08290	0.00798	0.15435	0.00909
22	0.02162	0.10296	0.15194	0.01838	0.02376	0.27383	0.01687	0.02563	0.01877	0.02176	0.01621	0.02054	0.01372	0.02163	0.17246	0.00496	0.01499	0.00642	0.04395	0.00963
23	0.01521	0.01413	0.01219	0.01245	0.01348	0.14230	0.00821	0.01616	0.01576	0.01878	0.03047	0.27746	0.03508	0.32361	0.02396	0.00519	0.00830	0.01483	0.00584	0.00657
24	0.02467	0.17347	0.02709	0.01903	0.02357	0.36956	0.04857	0.02736	0.01987	0.02031	0.01469	0.01862	0.01283	0.01903	0.14208	0.00437	0.01512	0.00613	0.00416	0.00949
25	0.20992	0.20630	0.07976	0.01945	0.05631	0.06005	0.10860	0.02619	0.01756	0.06255	0.01436	0.01672	0.01135	0.00750	0.00668	0.00225	0.00939	0.00587	0.00461	0.07457
26	0.02221	0.14287	0.22479	0.02682	0.11149	0.19080	0.11531	0.02779	0.01948	0.02384	0.01422	0.01734	0.01125	0.00774	0.00772	0.00237	0.01239	0.00639	0.00390	0.01128
27	0.06031	0.02491	0.05080	0.01881	0.02325	0.23208	0.05002	0.12089	0.02334	0.06254	0.09380	0.06356	0.04638	0.01174	0.01024	0.00260	0.07952	0.00890	0.00606	0.01024
28	0.04591	0.05296	0.09224	0.01748	0.04678	0.06573	0.04915	0.04846	0.01941	0.08799	0.06229	0.20372	0.09182	0.01479	0.00948	0.00274	0.03379	0.01257	0.00641	0.03629

[dist]
# distance from previous block
# <min> <max>
7	39

[block]
# block no. 3 follows, 22 sequences, length 38
# corresponding to MSA columns:
# 253-290
name=unknown_D
#
# <colnr> <probs for GDERKNQSTAVLIFYWHMCP>
#	G	D	E	R	K	N	Q	S	T	A	V	L	I	F	Y	W	H	M	C	P
0	0.01599	0.01297	0.01393	0.01190	0.01611	0.03917	0.00910	0.06966	0.02009	0.02833	0.09906	0.14614	0.12494	0.01364	0.00803	0.00219	0.00580	0.01152	0.08470	0.26673
1	0.02148	0.02085	0.01928	0.01487	0.02152	0.15441	0.01171	0.07868	0.02056	0.02792	0.01482	0.01699	0.01213	0.00701	0.00663	0.00154	0.00831	0.00525	0.00509	0.53093
2	0.02438	0.02300	0.02212	0.01906	0.02325	0.14203	0.01512	0.15921	0.29126	0.03314	0.02302	0.02349	0.01777	0.01109	0.01160	0.00277	0.13102	0.00788	0.00680	0.01199
3	0.01787	0.01772	0.02485	0.02140	0.02147	0.02471	0.01779	0.01974	0.01275	0.01996	0.01146	0.01888	0.01139	0.01688	0.05901	0.00411	0.65998	0.00735	0.00367	0.00901
4	0.01076	0.00845	0.00972	0.00941	0.01180	0.00741	0.00705	0.01375	0.02116	0.02773	0.36048	0.07124	0.37323	0.01907	0.00981	0.00271	0.00407	0.01631	0.00841	0.00741
5	0.01828	0.01557	0.01667	0.01547	0.01959	0.01747	0.01215	0.03652	0.48341	0.03188	0.04239	0.04485	0.12137	0.01395	0.00897	0.00292	0.00633	0.07227	0.00826	0.01166
6	0.01187	0.00890	0.01335	0.01335	0.01483	0.01038	0.01038	0.01483	0.01335	0.01928	0.02225	0.03264	0.02077	0.06231	0.67512	0.01335	0.02225	0.00890	0.00445	0.00742
7	0.02574	0.02476	0.02136	0.01857	0.02357	0.19490	0.01448	0.16629	0.34884	0.03470	0.02529	0.02439	0.01908	0.01028	0.00817	0.00257	0.00935	0.00791	0.00732	0.01243
8	0.01198	0.00846	0.01111	0.01111	0.01182	0.00917	0.00760	0.01340	0.01269	0.01763	0.02430	0.04396	0.02569	0.39892	0.34523	0.01059	0.01485	0.01056	0.00475	0.00617
9	0.02474	0.06941	0.29730	0.02078	0.02984	0.02341	0.02202	0.34015	0.02872	0.03952	0.01735	0.01856	0.01241	0.00893	0.00797	0.00251	0.01046	0.00674	0.00601	0.01315
10	0.03158	0.02327	0.02493	0.01911	0.02576	0.02576	0.01579	0.62852	0.03906	0.05236	0.01995	0.01995	0.01413	0.00997	0.00831	0.00249	0.00914	0.00748	0.00831	0.01413
11	0.06685	0.63297	0.04063	0.01430	0.02126	0.03163	0.01399	0.05879	0.01796	0.02244	0.01202	0.01371	0.01076	0.00730	0.00549	0.00186	0.00875	0.00462	0.00392	0.01076
12	0.02667	0.01884	0.02048	0.01626	0.02114	0.02047	0.01278	0.43923	0.03124	0.06982	0.02216	0.02943	0.01867	0.19479	0.01731	0.00397	0.00876	0.00874	0.00753	0.01172
13	0.01666	0.04297	0.66500	0.02368	0.03596	0.01929	0.03069	0.02631	0.01754	0.02631	0.01491	0.01754	0.01052	0.00789	0.00789	0.00263	0.01228	0.00614	0.00351	0.01228
14	0.05487	0.15094	0.08824	0.01534	0.02016	0.21731	0.01365	0.02540	0.01915	0.02507	0.01893	0.02435	0.01600	0.00937	0.00675	0.00218	0.00939	0.04072	0.23282	0.00938
15	0.02481	0.13653	0.26340	0.02036	0.02864	0.16269	0.02095	0.16265	0.02381	0.05811	0.01588	0.01738	0.01183	0.00849	0.00754	0.00237	0.01142	0.00611	0.00505	0.01197
16	0.01240	0.00832	0.01042	0.01042	0.01116	0.00884	0.00701	0.01389	0.01314	0.01894	0.02490	0.04402	0.02585	0.40015	0.26079	0.00921	0.01257	0.01046	0.09133	0.00619
17	0.02305	0.50430	0.10466	0.01777	0.04709	0.13880	0.01666	0.02644	0.01814	0.02066	0.01227	0.01431	0.01075	0.00744	0.00607	0.00195	0.01030	0.00488	0.00369	0.01075
18	0.02227	0.01966	0.02292	0.02553	0.17414	0.15230	0.04831	0.02559	0.02001	0.11883	0.02872	0.12155	0.06095	0.01338	0.00977	0.00278	0.03877	0.07793	0.00614	0.01046
19	0.02479	0.10227	0.08240	0.03225	0.28019	0.15165	0.02080	0.15275	0.02369	0.03015	0.01547	0.01829	0.01239	0.00817	0.00775	0.00235	0.01081	0.00659	0.00491	0.01232
20	0.01386	0.01101	0.01349	0.01313	0.01562	0.01189	0.01007	0.02223	0.18257	0.02680	0.15519	0.10898	0.10329	0.03080	0.21234	0.00608	0.01047	0.03609	0.00719	0.00892
21	0.01199	0.00841	0.01086	0.01086	0.01148	0.00903	0.00728	0.01324	0.01261	0.01744	0.02453	0.04526	0.02625	0.43735	0.30757	0.01027	0.01401	0.01075	0.00479	0.00603
22	0.01723	0.01477	0.01723	0.01230	0.01969	0.01107	0.00984	0.02092	0.01723	0.02707	0.01477	0.01723	0.01230	0.00615	0.00615	0.00123	0.00615	0.00492	0.00492	0.75883
23	0.02060	0.08952	0.05622	0.04699	0.05854	0.11007	0.01400	0.12562	0.02189	0.02864	0.02840	0.03030	0.11849	0.01286	0.03293	0.00275	0.03628	0.00841	0.11533	0.04215
24	0.01666	0.04297	0.66500	0.02368	0.03596	0.01929	0.03069	0.02631	0.01754	0.02631	0.01491	0.01754	0.01052	0.00789	0.00789	0.00263	0.01228	0.00614	0.00351	0.01228
25	0.01012	0.00723	0.00964	0.01157	0.01205	0.00675	0.00771	0.01157	0.01591	0.02121	0.04579	0.70262	0.05495	0.02603	0.01060	0.00337	0.00482	0.02362	0.00771	0.00675
26	0.02095	0.01605	0.01939	0.01734	0.02120	0.04527	0.04002	0.18251	0.05352	0.06893	0.03237	0.05180	0.05549	0.01946	0.06234	0.00392	0.04312	0.22875	0.00728	0.01027
27	0.05351	0.01566	0.08699	0.01677	0.07731	0.04743	0.01297	0.01942	0.02044	0.05088	0.26753	0.10483	0.11733	0.01558	0.00922	0.00275	0.00666	0.05850	0.00721	0.00902
28	0.02324	0.08956	0.05583	0.01611	0.02170	0.08692	0.01375	0.27014	0.07315	0.03526	0.03615	0.03536	0.18317	0.01246	0.00832	0.00250	0.00838	0.00969	0.00703	0.01127
29	0.02310	0.02755	0.15954	0.05861	0.02771	0.14770	0.01844	0.18732	0.05135	0.03121	0.01840	0.05389	0.01514	0.01302	0.04668	0.00314	0.05181	0.00760	0.00552	0.05227
30	0.02181	0.06681	0.22109	0.01862	0.02572	0.02011	0.01859	0.27415	0.02612	0.03568	0.02342	0.16489	0.02154	0.01259	0.00850	0.00268	0.00917	0.01034	0.00641	0.01177
31	0.02457	0.22506	0.11367	0.02138	0.09062	0.12216	0.01771	0.18873	0.02389	0.03000	0.01573	0.01906	0.01299	0.04918	0.00925	0.00257	0.01036	0.00638	0.00509	0.01159
32	0.18915	0.23344	0.26966	0.01804	0.02645	0.02285	0.04985	0.02493	0.01647	0.02648	0.01359	0.01632	0.01081	0.01014	0.03814	0.00288	0.01049	0.00558	0.00397	0.01077
33	0.02056	0.03148	0.26442	0.02354	0.09310	0.18423	0.02136	0.05943	0.01954	0.02488	0.01627	0.02049	0.01318	0.01947	0.14697	0.00472	0.01462	0.00672	0.00423	0.01079
34	0.08364	0.12476	0.46729	0.02261	0.06803	0.02076	0.02569	0.02643	0.01747	0.04981	0.01488	0.01721	0.01093	0.00783	0.00736	0.00250	0.01100	0.00593	0.00394	0.01190
35	0.09669	0.02569	0.19174	0.02037	0.07358	0.11494	0.01791	0.09294	0.01943	0.02737	0.01774	0.04759	0.01538	0.04675	0.12349	0.03335	0.01258	0.00752	0.00478	0.01017
36	0.01954	0.03182	0.35756	0.03099	0.18224	0.01979	0.10560	0.05058	0.01910	0.05563	0.01618	0.01949	0.01202	0.00809	0.00896	0.00264	0.03606	0.00711	0.00424	0.01239
37	0.01800	0.08992	0.20907	0.10440	0.13009	0.05271	0.09883	0.02393	0.01764	0.02393	0.01694	0.02361	0.01410	0.01574	0.09950	0.00405	0.01299	0.02974	0.00404	0.01079

[dist]
# distance from previous block
# <min> <max>
5	74

[block]
# block no. 4 follows, 22 sequences, length 73
# corresponding to MSA columns:
# 372-444
name=unknown_E
#
# <colnr> <probs for GDERKNQSTAVLIFYWHMCP>
#	G	D	E	R	K	N	Q	S	T	A	V	L	I	F	Y	W	H	M	C	P
0	0.01919	0.02014	0.08358	0.02436	0.17322	0.04547	0.01692	0.08129	0.07865	0.02849	0.02749	0.02922	0.11185	0.01060	0.00975	0.00243	0.06979	0.00846	0.00553	0.15355
1	0.04831	0.04682	0.02407	0.08500	0.17709	0.14697	0.04920	0.02421	0.05227	0.02386	0.02407	0.05492	0.07236	0.01845	0.11236	0.00421	0.01209	0.00880	0.00489	0.01004
2	0.15585	0.02269	0.16444	0.06551	0.25906	0.01819	0.02128	0.02619	0.04470	0.06259	0.01866	0.02543	0.01542	0.00918	0.00787	0.00267	0.00936	0.05436	0.00495	0.01161
3	0.02110	0.02121	0.06018	0.27649	0.12600	0.10700	0.05207	0.09755	0.02098	0.05154	0.01926	0.02428	0.03793	0.03770	0.00970	0.00281	0.01087	0.00781	0.00488	0.01063
4	0.02174	0.13138	0.09702	0.09462	0.19955	0.07551	0.01981	0.10792	0.08342	0.02863	0.02029	0.02263	0.04420	0.00898	0.00780	0.00244	0.00981	0.00733	0.00510	0.01182
5	0.02065	0.20178	0.24297	0.02709	0.15025	0.08812	0.07780	0.02724	0.04409	0.02457	0.01496	0.01782	0.01188	0.00773	0.00748	0.00236	0.01116	0.00635	0.00398	0.01172
6	0.05899	0.01683	0.02357	0.08347	0.22504	0.04558	0.01760	0.05158	0.01780	0.05962	0.01737	0.02291	0.01463	0.02163	0.16915	0.00515	0.08627	0.00742	0.00474	0.05063
7	0.01434	0.01180	0.01671	0.02091	0.16642	0.01139	0.01297	0.04049	0.02066	0.02779	0.19976	0.11044	0.17725	0.01707	0.00973	0.00289	0.00632	0.11679	0.00723	0.00904
8	0.01951	0.05396	0.02117	0.01764	0.01981	0.07980	0.01450	0.02320	0.04900	0.07976	0.08138	0.03329	0.02419	0.02009	0.09850	0.00438	0.27344	0.07140	0.00560	0.00940
9	0.01143	0.00886	0.01016	0.00978	0.01201	0.00814	0.00717	0.01513	0.05013	0.02710	0.32295	0.06706	0.30584	0.09213	0.01321	0.00328	0.00461	0.01547	0.00809	0.00746
10	0.09246	0.01633	0.01688	0.01533	0.01967	0.01852	0.01189	0.06263	0.45536	0.03373	0.03587	0.08652	0.07402	0.01280	0.00840	0.00282	0.00635	0.01060	0.00801	0.01180
11	0.02766	0.01331	0.01710	0.01432	0.01920	0.01260	0.01150	0.03453	0.13292	0.38558	0.13393	0.07195	0.03381	0.01296	0.00887	0.00272	0.00639	0.03887	0.00952	0.01226
12	0.02041	0.02015	0.03609	0.04852	0.56133	0.01994	0.11849	0.02567	0.01902	0.02706	0.01581	0.02085	0.01307	0.00734	0.00847	0.00252	0.01051	0.00777	0.00413	0.01286
13	0.01067	0.00765	0.01013	0.01119	0.01217	0.00712	0.00775	0.01295	0.01847	0.02528	0.24989	0.48690	0.06284	0.02298	0.01033	0.00312	0.00452	0.02072	0.00819	0.00712
14	0.01869	0.01778	0.02946	0.07727	0.52839	0.01776	0.02248	0.02323	0.01880	0.02613	0.02590	0.02958	0.10935	0.00950	0.00847	0.00253	0.00908	0.00893	0.00463	0.01203
15	0.00989	0.00813	0.00871	0.00916	0.01142	0.00695	0.00664	0.01184	0.01822	0.02215	0.07504	0.22787	0.51081	0.02222	0.01000	0.00294	0.00435	0.01898	0.00771	0.00695
16	0.01810	0.01645	0.02766	0.03815	0.40958	0.01638	0.05223	0.02276	0.01902	0.02635	0.02524	0.04529	0.02480	0.01262	0.00940	0.00294	0.00933	0.20720	0.00531	0.01120
17	0.01723	0.01477	0.01723	0.01230	0.01969	0.01107	0.00984	0.02092	0.01723	0.02707	0.01477	0.01723	0.01230	0.00615	0.00615	0.00123	0.00615	0.00492	0.00492	0.75883
18	0.00992	0.00802	0.00883	0.00948	0.01150	0.00692	0.00678	0.01180	0.01791	0.02203	0.07124	0.28965	0.45149	0.02272	0.01008	0.00300	0.00441	0.01958	0.00771	0.00692
19	0.01060	0.00760	0.01007	0.01124	0.01216	0.00707	0.00775	0.01277	0.01814	0.02476	0.22342	0.51487	0.06182	0.02338	0.01037	0.00315	0.00456	0.02110	0.00813	0.00707
20	0.02056	0.01974	0.03372	0.05099	0.65622	0.01974	0.02550	0.02550	0.01892	0.02714	0.01563	0.02056	0.01316	0.00740	0.00822	0.00247	0.00987	0.00740	0.00411	0.01316
21	0.00982	0.00842	0.00842	0.00842	0.01122	0.00701	0.00631	0.01192	0.01894	0.02244	0.08416	0.07995	0.65285	0.02104	0.00982	0.00281	0.00421	0.01753	0.00771	0.00701
22	0.02056	0.01974	0.03372	0.05099	0.65622	0.01974	0.02550	0.02550	0.01892	0.02714	0.01563	0.02056	0.01316	0.00740	0.00822	0.00247	0.00987	0.00740	0.00411	0.01316
23	0.01187	0.00890	0.01335	0.01335	0.01483	0.01038	0.01038	0.01483	0.01335	0.01928	0.02225	0.03264	0.02077	0.06231	0.67512	0.01335	0.02225	0.00890	0.00445	0.00742
24	0.01086	0.00849	0.00994	0.01028	0.01251	0.00757	0.00791	0.01358	0.01973	0.02524	0.20725	0.14171	0.36331	0.02089	0.01015	0.00298	0.00473	0.10755	0.00804	0.00728
25	0.01188	0.00886	0.01313	0.01313	0.01453	0.01026	0.01010	0.01469	0.01328	0.01912	0.02246	0.03378	0.02127	0.09633	0.64178	0.01307	0.02150	0.00907	0.00448	0.00729
26	0.01208	0.00805	0.00906	0.00906	0.00906	0.00805	0.00503	0.01208	0.01208	0.01611	0.02618	0.05436	0.03020	0.70804	0.04228	0.00805	0.00805	0.01208	0.00503	0.00503
27	0.03158	0.02327	0.02493	0.01911	0.02576	0.02576	0.01579	0.62852	0.03906	0.05236	0.01995	0.01995	0.01413	0.00997	0.00831	0.00249	0.00914	0.00748	0.00831	0.01413
28	0.01339	0.00956	0.01339	0.01530	0.01721	0.00956	0.01339	0.01721	0.01912	0.02486	0.04399	0.09371	0.04781	0.02295	0.01147	0.00382	0.00765	0.60031	0.00765	0.00765
29	0.01010	0.00843	0.00881	0.00871	0.01139	0.00713	0.00653	0.01247	0.01960	0.02402	0.16637	0.07736	0.56965	0.02045	0.00982	0.00278	0.00417	0.01717	0.00792	0.00713
30	0.02196	0.68262	0.07175	0.01464	0.02199	0.03225	0.01496	0.02494	0.01691	0.01985	0.01170	0.01352	0.01065	0.00714	0.00545	0.00182	0.00904	0.00452	0.00355	0.01073
