[name]
unknown

[dist]
# distance from previous block
# <min> <max>
0	3

[block]
# block no. 0 follows, 21 sequences, length 6
# corresponding to MSA columns:
# 3-8
name=unknown_A
#
# <colnr> <probs for GDERKNQSTAVLIFYWHMCP>
#	G	D	E	R	K	N	Q	S	T	A	V	L	I	F	Y	W	H	M	C	P
0	0.01371	0.00980	0.01371	0.01567	0.01763	0.00980	0.01371	0.01763	0.01959	0.02547	0.04506	0.09599	0.04898	0.02351	0.01175	0.00392	0.00784	0.59056	0.00784	0.00784
1	0.01707	0.04402	0.65683	0.02426	0.03683	0.01976	0.03144	0.02695	0.01797	0.02695	0.01527	0.01797	0.01078	0.00809	0.00809	0.00270	0.01258	0.00629	0.00359	0.01258
2	0.03179	0.04056	0.02412	0.02192	0.02631	0.66676	0.01644	0.03398	0.02412	0.02083	0.01315	0.01535	0.01096	0.00877	0.00767	0.00219	0.01535	0.00548	0.00438	0.00987
3	0.02276	0.01865	0.01969	0.01698	0.02208	0.02101	0.01341	0.18202	0.42487	0.03871	0.03647	0.03414	0.08668	0.01225	0.00877	0.00280	0.00713	0.01000	0.00855	0.01307
4	0.07203	0.05994	0.01855	0.01444	0.01918	0.01617	0.01159	0.03401	0.23408	0.19555	0.19009	0.03695	0.03677	0.01229	0.00856	0.00268	0.00630	0.01018	0.00878	0.01187
5	0.01933	0.01845	0.03141	0.27012	0.44348	0.01976	0.02526	0.02460	0.01856	0.02570	0.01570	0.02163	0.01274	0.00790	0.00845	0.00263	0.01054	0.00758	0.00406	0.01208

[dist]
# distance from previous block
# <min> <max>
5	10

[block]
# block no. 1 follows, 21 sequences, length 36
# corresponding to MSA columns:
# 19-54
name=unknown_B
#
# <colnr> <probs for GDERKNQSTAVLIFYWHMCP>
#	G	D	E	R	K	N	Q	S	T	A	V	L	I	F	Y	W	H	M	C	P
0	0.02169	0.02140	0.03394	0.05047	0.61168	0.05783	0.02555	0.02657	0.01965	0.02740	0.01584	0.02073	0.01333	0.00765	0.00838	0.00251	0.01041	0.00746	0.00422	0.01327
1	0.02243	0.11252	0.14416	0.02624	0.16999	0.02179	0.01989	0.05636	0.22416	0.08210	0.02316	0.02372	0.01748	0.00930	0.00807	0.00260	0.00905	0.00771	0.00619	0.01310
2	0.02642	0.10421	0.02295	0.01790	0.02217	0.39030	0.01390	0.02919	0.02338	0.06830	0.16843	0.02790	0.02861	0.01084	0.00807	0.00230	0.01132	0.00802	0.00595	0.00986
3	0.02119	0.45910	0.06729	0.01746	0.02270	0.03063	0.01662	0.02398	0.01598	0.02049	0.01178	0.01541	0.01099	0.00971	0.01265	0.00246	0.22185	0.00554	0.00366	0.01049
4	0.01076	0.00832	0.00962	0.00995	0.01183	0.00739	0.00709	0.01304	0.01925	0.02484	0.20307	0.22567	0.32548	0.06939	0.01258	0.00335	0.00467	0.01849	0.00805	0.00717
5	0.02106	0.02022	0.03454	0.05223	0.64784	0.02022	0.02612	0.02612	0.01938	0.02780	0.01601	0.02106	0.01348	0.00758	0.00842	0.00253	0.01011	0.00758	0.00421	0.01348
6	0.01936	0.31114	0.40980	0.02034	0.03078	0.02538	0.02463	0.02636	0.01769	0.02415	0.01388	0.01623	0.01084	0.00776	0.00703	0.00234	0.01117	0.00559	0.00361	0.01191
7	0.02238	0.02452	0.02756	0.30108	0.21011	0.22293	0.02205	0.02679	0.01990	0.02312	0.01475	0.01993	0.01181	0.00834	0.00822	0.00255	0.01226	0.00691	0.00409	0.01069
8	0.01057	0.00850	0.00943	0.00950	0.01189	0.00736	0.00701	0.01309	0.02016	0.02551	0.21533	0.14922	0.44025	0.02115	0.01015	0.00289	0.00431	0.01807	0.00825	0.00736
9	0.01037	0.00741	0.00987	0.01185	0.01234	0.00691	0.00790	0.01185	0.01629	0.02172	0.04690	0.69537	0.05629	0.02666	0.01086	0.00346	0.00494	0.02419	0.00790	0.00691
10	0.03167	0.02884	0.02481	0.02021	0.02617	0.22746	0.01614	0.40945	0.06179	0.04251	0.01879	0.01934	0.01389	0.00982	0.00826	0.00246	0.01113	0.00706	0.00722	0.01298
11	0.52841	0.01764	0.01943	0.02409	0.21494	0.01945	0.01453	0.02536	0.01602	0.03492	0.01316	0.01610	0.01056	0.00780	0.00626	0.00260	0.00769	0.00554	0.00494	0.01056
12	0.01981	0.01964	0.03006	0.30836	0.35928	0.06776	0.02438	0.02490	0.01876	0.02479	0.01543	0.02131	0.01241	0.00805	0.00840	0.00263	0.01101	0.00742	0.00405	0.01156
13	0.02904	0.01624	0.01984	0.01484	0.02185	0.01427	0.01213	0.12618	0.02419	0.30745	0.02410	0.02308	0.01663	0.00879	0.00765	0.00207	0.00721	0.00701	0.00802	0.30942
14	0.01204	0.00870	0.01138	0.01071	0.01271	0.00803	0.00803	0.01606	0.02409	0.03413	0.64335	0.06357	0.08030	0.01740	0.01004	0.00268	0.00401	0.01539	0.00937	0.00803
15	0.01035	0.00748	0.00980	0.01165	0.01229	0.00693	0.00781	0.01187	0.01648	0.02180	0.04931	0.65787	0.09224	0.02635	0.01081	0.00342	0.00490	0.02381	0.00790	0.00693
16	0.01775	0.01125	0.01300	0.01190	0.01463	0.01220	0.00932	0.12944	0.02064	0.03202	0.02484	0.03017	0.02028	0.02692	0.21430	0.00576	0.01089	0.00825	0.37739	0.00904
17	0.01238	0.00825	0.00928	0.00928	0.00928	0.00825	0.00516	0.01238	0.01238	0.01650	0.02681	0.05569	0.03094	0.70092	0.04331	0.00825	0.00825	0.01238	0.00516	0.00516
18	0.02275	0.70604	0.04459	0.01456	0.02184	0.03367	0.01456	0.02548	0.01729	0.02002	0.01183	0.01365	0.01092	0.00728	0.00546	0.00182	0.00910	0.00455	0.00364	0.01092
19	0.01707	0.04402	0.65683	0.02426	0.03683	0.01976	0.03144	0.02695	0.01797	0.02695	0.01527	0.01797	0.01078	0.00809	0.00809	0.00270	0.01258	0.00629	0.00359	0.01258
20	0.01843	0.20290	0.50989	0.02193	0.03323	0.02310	0.02739	0.02660	0.01780	0.02529	0.01445	0.01693	0.01081	0.00789	0.00746	0.00249	0.01174	0.00587	0.00360	0.01218
21	0.01006	0.00862	0.00862	0.00862	0.01149	0.00718	0.00647	0.01221	0.01940	0.02299	0.08621	0.08190	0.64438	0.02155	0.01006	0.00287	0.00431	0.01796	0.00790	0.00718
22	0.01611	0.10579	0.38652	0.01893	0.02760	0.01761	0.02222	0.02337	0.01982	0.02844	0.21234	0.03183	0.03265	0.01092	0.00841	0.00259	0.00950	0.00896	0.00541	0.01097
23	0.01238	0.00825	0.00928	0.00928	0.00928	0.00825	0.00516	0.01238	0.01238	0.01650	0.02681	0.05569	0.03094	0.70092	0.04331	0.00825	0.00825	0.01238	0.00516	0.00516
24	0.02508	0.53486	0.03933	0.01646	0.02299	0.19652	0.01505	0.02767	0.01905	0.02023	0.01217	0.01409	0.01093	0.00766	0.00603	0.00192	0.01071	0.00479	0.00383	0.01065
25	0.02134	0.02482	0.11442	0.04635	0.52243	0.06824	0.02609	0.02681	0.01955	0.02717	0.01570	0.02024	0.01294	0.00774	0.00833	0.00252	0.01082	0.00726	0.00415	0.01309
26	0.01586	0.00793	0.00793	0.00793	0.00991	0.00793	0.00595	0.01983	0.01785	0.03173	0.02776	0.03173	0.02181	0.00991	0.00595	0.00198	0.00397	0.00793	0.74817	0.00793
27	0.19453	0.20536	0.02114	0.01233	0.01684	0.10298	0.01043	0.02443	0.01772	0.02862	0.01777	0.02046	0.01447	0.00857	0.00588	0.00212	0.00746	0.00591	0.27367	0.00930
28	0.02136	0.01661	0.01821	0.01433	0.02005	0.01619	0.01153	0.26074	0.02759	0.03755	0.08105	0.03761	0.17002	0.01237	0.00838	0.00228	0.00689	0.00997	0.00745	0.21983
29	0.01200	0.00856	0.01010	0.01036	0.01252	0.00753	0.00752	0.01434	0.01954	0.05780	0.17240	0.26864	0.32413	0.02182	0.01023	0.00301	0.00461	0.01896	0.00831	0.00764
30	0.21471	0.02077	0.02394	0.02737	0.21836	0.05870	0.01703	0.19323	0.05013	0.03738	0.01825	0.05056	0.01504	0.00953	0.00772	0.00260	0.00891	0.00758	0.00606	0.01215
31	0.02867	0.02662	0.27678	0.01895	0.02784	0.01594	0.02020	0.03583	0.05715	0.36487	0.02625	0.02469	0.01720	0.00960	0.00837	0.00267	0.00936	0.00770	0.00762	0.01365
32	0.02419	0.43149	0.13493	0.01797	0.02533	0.19435	0.01768	0.02790	0.01915	0.02131	0.01271	0.01476	0.01091	0.00779	0.00644	0.00205	0.01125	0.00506	0.00382	0.01091
33	0.01650	0.14605	0.10814	0.01806	0.02364	0.04731	0.12307	0.02071	0.01867	0.02392	0.07833	0.10620	0.14879	0.04093	0.03984	0.00335	0.00963	0.01180	0.00559	0.00946
34	0.01954	0.02076	0.04950	0.01512	0.01859	0.21583	0.01203	0.02301	0.02308	0.05717	0.32001	0.08392	0.07822	0.01464	0.00917	0.00258	0.00825	0.01214	0.00739	0.00904
35	0.01653	0.15268	0.27747	0.01936	0.05392	0.01847	0.01957	0.02288	0.04949	0.02423	0.02451	0.19529	0.02462	0.05157	0.01033	0.00304	0.00929	0.01117	0.00510	0.01048

[dist]
# distance from previous block
# <min> <max>
3	34

[block]
# block no. 2 follows, 21 sequences, length 14
# corresponding to MSA columns:
# 89-102
name=unknown_C
#
# <colnr> <probs for GDERKNQSTAVLIFYWHMCP>
#	G	D	E	R	K	N	Q	S	T	A	V	L	I	F	Y	W	H	M	C	P
0	0.40766	0.01724	0.01636	0.01388	0.01929	0.01918	0.01128	0.12303	0.11502	0.11088	0.05456	0.02214	0.01796	0.00966	0.00694	0.00266	0.00698	0.00692	0.00713	0.01124
1	0.02199	0.01999	0.03235	0.03012	0.16959	0.01975	0.19967	0.17553	0.02449	0.03353	0.02344	0.07009	0.05170	0.01008	0.00900	0.00260	0.01019	0.00982	0.00587	0.08019
2	0.02270	0.02350	0.03231	0.04543	0.50754	0.12795	0.02407	0.02709	0.01979	0.02621	0.01525	0.01997	0.01292	0.00821	0.00946	0.00254	0.05100	0.00723	0.00421	0.01263
3	0.01852	0.01779	0.02976	0.04130	0.46370	0.01737	0.06157	0.02306	0.01943	0.02668	0.03191	0.03490	0.15562	0.01070	0.00890	0.00263	0.00909	0.01009	0.00505	0.01193
4	0.02791	0.02971	0.02200	0.02062	0.05326	0.37564	0.01510	0.06350	0.12965	0.07725	0.02603	0.02619	0.07523	0.01063	0.00822	0.00245	0.01159	0.00785	0.00616	0.01101
5	0.01950	0.08627	0.30068	0.03489	0.29409	0.02119	0.02662	0.02768	0.05891	0.02732	0.01658	0.01984	0.01294	0.00803	0.00805	0.00257	0.01086	0.00692	0.00419	0.01288
6	0.01817	0.02255	0.15435	0.03622	0.34328	0.01747	0.06195	0.02409	0.02020	0.02902	0.15732	0.03015	0.02796	0.00987	0.00883	0.00262	0.00951	0.00925	0.00526	0.01194
7	0.39342	0.02232	0.11510	0.02342	0.16301	0.02035	0.01720	0.09897	0.01926	0.03608	0.01436	0.01689	0.01106	0.00814	0.00680	0.00261	0.00861	0.00591	0.00518	0.01133
8	0.02006	0.01965	0.03486	0.16158	0.46965	0.02015	0.09790	0.02548	0.01905	0.02666	0.01600	0.02158	0.01303	0.00770	0.00864	0.00262	0.01085	0.00788	0.00415	0.01252
9	0.09218	0.01619	0.06342	0.01738	0.08865	0.04202	0.01277	0.02350	0.07901	0.08034	0.17165	0.04743	0.20364	0.01429	0.00888	0.00271	0.00671	0.01191	0.00734	0.01000
10	0.02066	0.44723	0.23521	0.01818	0.02658	0.02874	0.02016	0.02557	0.01719	0.02223	0.01286	0.01537	0.01090	0.00810	0.00796	0.00224	0.06056	0.00531	0.00363	0.01132
11	0.02588	0.08797	0.19813	0.02191	0.02847	0.34392	0.02058	0.06520	0.02183	0.02437	0.01388	0.01655	0.01114	0.00914	0.00961	0.00247	0.07781	0.00595	0.00430	0.01090
12	0.02103	0.02082	0.01826	0.01623	0.02009	0.16313	0.01264	0.10172	0.15772	0.02891	0.04290	0.04204	0.22528	0.01440	0.01073	0.00276	0.07307	0.01101	0.00695	0.01030
13	0.02260	0.23908	0.02969	0.01848	0.02220	0.19701	0.01561	0.02485	0.01792	0.02067	0.01908	0.02224	0.07156	0.01151	0.01379	0.00264	0.23001	0.00702	0.00427	0.00976

[dist]
# distance from previous block
# <min> <max>
44	61

[block]
# block no. 3 follows, 21 sequences, length 24
# corresponding to MSA columns:
# 171-194
name=unknown_D
#
# <colnr> <probs for GDERKNQSTAVLIFYWHMCP>
#	G	D	E	R	K	N	Q	S	T	A	V	L	I	F	Y	W	H	M	C	P
0	0.02841	0.08981	0.02451	0.01947	0.02429	0.36282	0.01519	0.16851	0.05516	0.02923	0.01927	0.08797	0.01721	0.01097	0.00806	0.00241	0.01191	0.00805	0.00585	0.01090
1	0.01872	0.02149	0.10517	0.03870	0.35280	0.01827	0.13237	0.02433	0.01936	0.02692	0.02569	0.03297	0.08234	0.01021	0.00910	0.00275	0.01040	0.05167	0.00481	0.01193
2	0.02510	0.31803	0.06767	0.01809	0.02387	0.29472	0.01590	0.02804	0.01980	0.02072	0.01372	0.01666	0.01201	0.01384	0.07544	0.00326	0.01333	0.00551	0.00404	0.01023
3	0.02281	0.38968	0.03396	0.01628	0.02184	0.05286	0.01466	0.13005	0.02069	0.02606	0.01507	0.01845	0.01319	0.01734	0.11127	0.00398	0.07013	0.00611	0.00469	0.01086
4	0.01605	0.01408	0.03984	0.01380	0.01654	0.04307	0.01072	0.06490	0.12087	0.02904	0.19103	0.15765	0.04548	0.13940	0.01572	0.00389	0.00691	0.05446	0.00761	0.00895
5	0.01564	0.01432	0.01369	0.01342	0.01482	0.12692	0.00948	0.01731	0.01522	0.01886	0.02402	0.07850	0.02512	0.28742	0.27866	0.00900	0.01500	0.01059	0.00495	0.00706
6	0.02796	0.03129	0.02210	0.01939	0.02405	0.41401	0.01488	0.13497	0.02537	0.02716	0.02002	0.02216	0.05257	0.01446	0.06505	0.00324	0.01368	0.00695	0.00540	0.05531
7	0.15000	0.02414	0.25114	0.01612	0.02354	0.01482	0.01722	0.02327	0.01825	0.07431	0.06782	0.07767	0.10794	0.01183	0.00803	0.00261	0.00822	0.00950	0.00582	0.08776
8	0.01070	0.00777	0.01011	0.01138	0.01236	0.00717	0.00783	0.01277	0.01817	0.02445	0.17666	0.51767	0.10279	0.02433	0.01063	0.00325	0.00470	0.02188	0.00821	0.00717
9	0.02275	0.70604	0.04459	0.01456	0.02184	0.03367	0.01456	0.02548	0.01729	0.02002	0.01183	0.01365	0.01092	0.00728	0.00546	0.00182	0.00910	0.00455	0.00364	0.01092
10	0.08236	0.02245	0.02366	0.01837	0.02484	0.02478	0.01513	0.54307	0.03704	0.05080	0.02357	0.02347	0.04995	0.01070	0.00837	0.00258	0.00888	0.00803	0.00825	0.01369
11	0.03106	0.02319	0.02481	0.01932	0.02590	0.02579	0.01586	0.55301	0.10857	0.05155	0.02208	0.02174	0.01580	0.01037	0.00853	0.00259	0.00906	0.00789	0.00853	0.01436
12	0.02117	0.01828	0.01924	0.01732	0.02213	0.02117	0.01347	0.04522	0.63246	0.03560	0.03464	0.03175	0.02598	0.01155	0.00866	0.00289	0.00673	0.00962	0.00866	0.01347
13	0.03179	0.04056	0.02412	0.02192	0.02631	0.66676	0.01644	0.03398	0.02412	0.02083	0.01315	0.01535	0.01096	0.00877	0.00767	0.00219	0.01535	0.00548	0.00438	0.00987
14	0.03235	0.02384	0.02554	0.01958	0.02639	0.02639	0.01618	0.61946	0.04001	0.05363	0.02043	0.02043	0.01447	0.01022	0.00851	0.00255	0.00936	0.00766	0.00851	0.01447
15	0.03172	0.02352	0.02518	0.01945	0.02615	0.02610	0.01602	0.58705	0.07345	0.05262	0.02123	0.02107	0.01512	0.01029	0.00852	0.00257	0.00922	0.00777	0.00852	0.01442
16	0.02780	0.01593	0.01908	0.01537	0.02060	0.01603	0.01241	0.20771	0.07335	0.25347	0.20231	0.03641	0.03621	0.01245	0.00897	0.00264	0.00693	0.01030	0.00946	0.01258
17	0.02784	0.02076	0.02212	0.01736	0.02338	0.02250	0.01421	0.49656	0.03584	0.04743	0.03374	0.03287	0.14196	0.01251	0.00883	0.00262	0.00834	0.00975	0.00839	0.01300
18	0.01985	0.01345	0.01645	0.01291	0.01886	0.01066	0.01008	0.02308	0.01857	0.13851	0.02486	0.15683	0.02296	0.01118	0.00763	0.00195	0.00619	0.00955	0.00660	0.46984
19	0.06226	0.01430	0.02233	0.54395	0.04934	0.01727	0.02031	0.02061	0.01719	0.02296	0.02489	0.03044	0.10003	0.01030	0.00852	0.00283	0.01006	0.00884	0.00445	0.00912
20	0.01102	0.00946	0.00954	0.00937	0.01242	0.00840	0.00707	0.01507	0.07253	0.02408	0.08174	0.07755	0.59079	0.02069	0.00994	0.00287	0.00452	0.01724	0.00797	0.00773
21	0.01726	0.01631	0.02532	0.02035	0.02419	0.05660	0.19236	0.02142	0.01764	0.02504	0.02650	0.03172	0.08167	0.02059	0.12917	0.00470	0.10887	0.00960	0.16153	0.00918
22	0.01763	0.01672	0.02835	0.48370	0.24317	0.01932	0.02441	0.02311	0.01776	0.02364	0.01540	0.02218	0.01201	0.00822	0.00848	0.00274	0.01096	0.00757	0.00392	0.01071
23	0.02985	0.07858	0.02536	0.01996	0.02544	0.31393	0.01580	0.23400	0.11439	0.03400	0.01855	0.01926	0.01426	0.00955	0.00794	0.00239	0.01167	0.00674	0.00634	0.01201

[dist]
# distance from previous block
# <min> <max>
0	1

[block]
# block no. 4 follows, 21 sequences, length 18
# corresponding to MSA columns:
# 196-213
name=unknown_E
#
# <colnr> <probs for GDERKNQSTAVLIFYWHMCP>
#	G	D	E	R	K	N	Q	S	T	A	V	L	I	F	Y	W	H	M	C	P
0	0.03049	0.09230	0.02558	0.02094	0.02572	0.54313	0.01611	0.06685	0.05867	0.02344	0.01466	0.01642	0.01200	0.00889	0.00760	0.00222	0.01402	0.00576	0.00480	0.01041
1	0.02557	0.02978	0.02038	0.01874	0.02289	0.40277	0.01425	0.03258	0.15548	0.02455	0.02970	0.03203	0.10651	0.01186	0.00841	0.00252	0.01156	0.03428	0.00597	0.01018
2	0.01935	0.30979	0.41105	0.02036	0.03081	0.02535	0.02467	0.02636	0.01770	0.02417	0.01389	0.01623	0.01084	0.00776	0.00703	0.00234	0.01118	0.00559	0.00361	0.01191
3	0.01033	0.00757	0.00970	0.01140	0.01223	0.00695	0.00770	0.01190	0.01672	0.02190	0.05235	0.61034	0.13780	0.02595	0.01075	0.00338	0.00485	0.02333	0.00790	0.00695
4	0.02106	0.02022	0.03454	0.05223	0.64784	0.02022	0.02612	0.02612	0.01938	0.02780	0.01601	0.02106	0.01348	0.00758	0.00842	0.00253	0.01011	0.00758	0.00421	0.01348
5	0.02106	0.02022	0.03454	0.05223	0.64784	0.02022	0.02612	0.02612	0.01938	0.02780	0.01601	0.02106	0.01348	0.00758	0.00842	0.00253	0.01011	0.00758	0.00421	0.01348
6	0.02106	0.02022	0.03454	0.05223	0.64784	0.02022	0.02612	0.02612	0.01938	0.02780	0.01601	0.02106	0.01348	0.00758	0.00842	0.00253	0.01011	0.00758	0.00421	0.01348
7	0.23963	0.02650	0.02140	0.01832	0.02295	0.23523	0.01460	0.17274	0.02370	0.03379	0.01428	0.01661	0.01135	0.00972	0.00999	0.00262	0.10423	0.00604	0.00556	0.01073
8	0.03057	0.02251	0.02427	0.01895	0.02525	0.02481	0.01550	0.57022	0.03809	0.05105	0.02258	0.07513	0.01786	0.01155	0.00870	0.00263	0.00901	0.00900	0.00846	0.01386
9	0.02797	0.02140	0.02280	0.01829	0.02432	0.02379	0.01484	0.42819	0.19669	0.04690	0.02835	0.02731	0.05712	0.01128	0.00865	0.00266	0.00835	0.00883	0.00851	0.01375
10	0.02085	0.02081	0.03795	0.04868	0.51668	0.02050	0.15455	0.02637	0.01953	0.02768	0.01627	0.02147	0.01336	0.00749	0.00878	0.00260	0.01103	0.00812	0.00423	0.01304
11	0.01583	0.01564	0.01285	0.01264	0.01505	0.15117	0.00933	0.01773	0.01881	0.02135	0.05076	0.06327	0.28093	0.17768	0.01754	0.00413	0.00812	0.09331	0.00649	0.00738
12	0.06189	0.00989	0.01110	0.01044	0.01365	0.00884	0.00795	0.01802	0.02015	0.12259	0.14622	0.13592	0.36405	0.01899	0.00961	0.00286	0.00493	0.01602	0.00835	0.00852
13	0.02106	0.02022	0.03454	0.05223	0.64784	0.02022	0.02612	0.02612	0.01938	0.02780	0.01601	0.02106	0.01348	0.00758	0.00842	0.00253	0.01011	0.00758	0.00421	0.01348
14	0.17485	0.01072	0.01160	0.01232	0.01467	0.01114	0.00928	0.01826	0.06664	0.02709	0.04246	0.34136	0.10873	0.02035	0.00950	0.00323	0.00577	0.09655	0.00738	0.00810
15	0.02202	0.03123	0.17546	0.03107	0.06653	0.16134	0.33226	0.02860	0.02047	0.02582	0.01586	0.02013	0.01205	0.00774	0.00903	0.00267	0.01399	0.00812	0.00416	0.01146
16	0.02825	0.02529	0.02637	0.02679	0.16087	0.13960	0.01801	0.30549	0.11478	0.03961	0.02013	0.02122	0.01522	0.00957	0.00836	0.00253	0.01024	0.00752	0.00686	0.01329
17	0.02930	0.02633	0.02296	0.01878	0.02443	0.19520	0.01498	0.38382	0.03308	0.04087	0.02704	0.02707	0.09550	0.01130	0.00849	0.00250	0.01031	0.00842	0.00733	0.01229

[dist]
# distance from previous block
# <min> <max>
3	5

[block]
# block no. 5 follows, 21 sequences, length 53
# corresponding to MSA columns:
# 219-271
name=unknown_F
#
# <colnr> <probs for GDERKNQSTAVLIFYWHMCP>
#	G	D	E	R	K	N	Q	S	T	A	V	L	I	F	Y	W	H	M	C	P
0	0.01541	0.01483	0.01251	0.01272	0.01427	0.14651	0.00869	0.01673	0.01731	0.02024	0.04026	0.27060	0.13293	0.21584	0.01939	0.00447	0.00799	0.01586	0.00637	0.00707
1	0.02252	0.02176	0.01841	0.01648	0.02066	0.18272	0.01264	0.14745	0.15445	0.03115	0.03841	0.11789	0.15093	0.01450	0.00894	0.00271	0.00875	0.01169	0.00729	0.01064
2	0.07505	0.03403	0.40718	0.03069	0.20523	0.01953	0.02747	0.02720	0.01837	0.05505	0.01601	0.01899	0.01186	0.00804	0.00799	0.00264	0.01121	0.00662	0.00419	0.01266
3	0.01707	0.04402	0.65683	0.02426	0.03683	0.01976	0.03144	0.02695	0.01797	0.02695	0.01527	0.01797	0.01078	0.00809	0.00809	0.00270	0.01258	0.00629	0.00359	0.01258
4	0.02628	0.21672	0.16375	0.02048	0.02736	0.36260	0.01913	0.03025	0.02101	0.02191	0.01325	0.01546	0.01091	0.00823	0.00718	0.00220	0.01311	0.00541	0.00402	0.01072
5	0.02719	0.08297	0.02887	0.02702	0.13181	0.36456	0.04362	0.06458	0.02219	0.02412	0.01389	0.01722	0.01170	0.00923	0.01030	0.00246	0.09668	0.00633	0.00446	0.01083
6	0.17249	0.03070	0.38341	0.01818	0.02716	0.01695	0.02146	0.02342	0.01754	0.02848	0.02960	0.03066	0.14488	0.01090	0.00791	0.00272	0.00956	0.00841	0.00486	0.01072
7	0.01703	0.02661	0.24182	0.02694	0.03514	0.01784	0.29453	0.02389	0.01858	0.02598	0.02287	0.16397	0.02141	0.01161	0.00957	0.00294	0.01177	0.01181	0.00483	0.01087
8	0.01139	0.00789	0.00983	0.01096	0.01133	0.00763	0.00705	0.01238	0.01481	0.01971	0.03831	0.39315	0.04518	0.31175	0.02464	0.00551	0.00649	0.04904	0.00674	0.00622
9	0.02951	0.03624	0.02633	0.02835	0.15817	0.52959	0.01850	0.03231	0.02311	0.02231	0.01376	0.01656	0.01150	0.00852	0.00783	0.00226	0.01424	0.00593	0.00435	0.01063
10	0.02106	0.02022	0.03454	0.05223	0.64784	0.02022	0.02612	0.02612	0.01938	0.02780	0.01601	0.02106	0.01348	0.00758	0.00842	0.00253	0.01011	0.00758	0.00421	0.01348
11	0.01478	0.00739	0.01109	0.01109	0.01109	0.00739	0.00739	0.01109	0.01109	0.01478	0.01478	0.02587	0.01478	0.02956	0.03326	0.75240	0.00739	0.00739	0.00370	0.00370
12	0.01019	0.00860	0.00866	0.00866	0.01136	0.00725	0.00639	0.01222	0.01898	0.02261	0.08271	0.08035	0.60820	0.06162	0.01202	0.00319	0.00454	0.01763	0.00774	0.00706
13	0.01827	0.18447	0.52694	0.02220	0.03365	0.02271	0.02786	0.02664	0.01782	0.02548	0.01454	0.01705	0.01081	0.00791	0.00753	0.00251	0.01184	0.00592	0.00360	0.01223
14	0.01467	0.01154	0.01305	0.01268	0.01510	0.01214	0.00923	0.05348	0.16807	0.02601	0.04479	0.18603	0.16330	0.14075	0.08534	0.00505	0.00795	0.01478	0.00729	0.00876
15	0.01063	0.00774	0.01007	0.01184	0.01271	0.00719	0.00825	0.01239	0.01691	0.02218	0.05092	0.57810	0.11814	0.02584	0.01085	0.00343	0.00512	0.07275	0.00789	0.00702
16	0.01765	0.01513	0.01765	0.01260	0.02017	0.01134	0.01008	0.02143	0.01765	0.02773	0.01513	0.01765	0.01260	0.00630	0.00630	0.00126	0.00630	0.00504	0.00504	0.75295
17	0.03146	0.03238	0.02446	0.02070	0.02612	0.36434	0.01617	0.27996	0.06284	0.03536	0.01734	0.01834	0.01322	0.00952	0.00808	0.00238	0.01239	0.00661	0.00634	0.01199
18	0.01241	0.01067	0.01087	0.01047	0.01375	0.01015	0.00795	0.01922	0.14946	0.02566	0.07527	0.07126	0.51318	0.01943	0.00976	0.00288	0.00482	0.01619	0.00806	0.00852
19	0.03083	0.11127	0.02629	0.02114	0.02583	0.59949	0.01624	0.03308	0.02339	0.02074	0.01301	0.01517	0.01096	0.00861	0.00744	0.00215	0.01468	0.00538	0.00431	0.00998
20	0.02115	0.01562	0.01768	0.01555	0.01931	0.01668	0.01199	0.29094	0.06133	0.03833	0.09755	0.28475	0.03814	0.01736	0.00958	0.00293	0.00695	0.01494	0.00838	0.01083
21	0.01771	0.03958	0.52889	0.02670	0.03844	0.02013	0.15493	0.02702	0.01841	0.02702	0.01568	0.01902	0.01123	0.00789	0.00850	0.00273	0.01295	0.00708	0.00374	0.01235
22	0.01006	0.00862	0.00862	0.00862	0.01149	0.00718	0.00647	0.01221	0.01940	0.02299	0.08621	0.08190	0.64438	0.02155	0.01006	0.00287	0.00431	0.01796	0.00790	0.00718
23	0.20017	0.03532	0.41395	0.02191	0.03192	0.05482	0.07433	0.02688	0.01763	0.02939	0.01448	0.01723	0.01059	0.00800	0.00754	0.00267	0.01141	0.00615	0.00411	0.01152
24	0.02822	0.02984	0.02238	0.01952	0.02445	0.33789	0.01509	0.17067	0.15579	0.03170	0.02427	0.02445	0.05739	0.01055	0.00824	0.00247	0.01140	0.00770	0.00648	0.01151
25	0.01039	0.00848	0.00924	0.00975	0.01211	0.00733	0.00728	0.01255	0.01884	0.02294	0.07581	0.19690	0.49037	0.02265	0.01033	0.00306	0.00469	0.06219	0.00790	0.00718
26	0.01037	0.00741	0.00987	0.01185	0.01234	0.00691	0.00790	0.01185	0.01629	0.02172	0.04690	0.69537	0.05629	0.02666	0.01086	0.00346	0.00494	0.02419	0.00790	0.00691
27	0.02959	0.03449	0.02647	0.02807	0.15740	0.46235	0.01845	0.09454	0.02481	0.02578	0.01453	0.01709	0.01187	0.00867	0.00792	0.00230	0.01361	0.00616	0.00479	0.01112
28	0.02797	0.03420	0.02375	0.02135	0.02457	0.49612	0.01631	0.02998	0.02115	0.02053	0.01345	0.01817	0.01206	0.04655	0.01385	0.00284	0.15712	0.00626	0.00429	0.00950
29	0.01960	0.02150	0.04261	0.03139	0.03775	0.02224	0.43727	0.02527	0.01817	0.02555	0.01558	0.02161	0.01245	0.00911	0.01445	0.00302	0.18564	0.00916	0.00419	0.04343
30	0.01037	0.00741	0.00987	0.01185	0.01234	0.00691	0.00790	0.01185	0.01629	0.02172	0.04690	0.69537	0.05629	0.02666	0.01086	0.00346	0.00494	0.02419	0.00790	0.00691
31	0.01765	0.01513	0.01765	0.01260	0.02017	0.01134	0.01008	0.02143	0.01765	0.02773	0.01513	0.01765	0.01260	0.00630	0.00630	0.00126	0.00630	0.00504	0.00504	0.75295
32	0.01560	0.00796	0.00803	0.00803	0.00987	0.00796	0.00589	0.01927	0.01744	0.03058	0.02769	0.03353	0.02250	0.06189	0.00876	0.00245	0.00429	0.00827	0.69228	0.00772
33	0.01216	0.00912	0.01368	0.01368	0.01520	0.01064	0.01064	0.01520	0.01368	0.01976	0.02279	0.03343	0.02127	0.06382	0.66720	0.01368	0.02279	0.00912	0.00456	0.00760
34	0.03079	0.03715	0.02436	0.06582	0.02848	0.55797	0.01690	0.09293	0.02526	0.02424	0.01403	0.01636	0.01135	0.00890	0.00782	0.00227	0.01447	0.00584	0.00477	0.01031
35	0.01006	0.00862	0.00862	0.00862	0.01149	0.00718	0.00647	0.01221	0.01940	0.02299	0.08621	0.08190	0.64438	0.02155	0.01006	0.00287	0.00431	0.01796	0.00790	0.00718
36	0.01034	0.00750	0.00978	0.01161	0.01228	0.00693	0.00779	0.01188	0.01653	0.02182	0.04986	0.64923	0.10052	0.02628	0.01080	0.00341	0.00489	0.02372	0.00790	0.00693
37	0.03124	0.08338	0.02564	0.02118	0.02602	0.55629	0.01629	0.09562	0.02535	0.02426	0.01384	0.01577	0.01133	0.00882	0.00761	0.00221	0.01429	0.00565	0.00477	0.01043
38	0.03182	0.03965	0.02419	0.02180	0.02631	0.63204	0.01643	0.06572	0.02498	0.02261	0.01355	0.01562	0.01115	0.00885	0.00772	0.00221	0.01502	0.00560	0.00461	0.01012
39	0.01052	0.00864	0.00926	0.00910	0.01178	0.00738	0.00683	0.01310	0.02048	0.02556	0.21457	0.07768	0.51442	0.02060	0.01005	0.00283	0.00424	0.01737	0.00824	0.00738
40	0.02069	0.01984	0.03386	0.09949	0.60352	0.02012	0.02593	0.02579	0.01920	0.02735	0.01594	0.02118	0.01332	0.00765	0.00843	0.00255	0.01020	0.00758	0.00418	0.01318
41	0.01607	0.01513	0.02552	0.68047	0.05861	0.01891	0.02363	0.02174	0.01702	0.02174	0.01513	0.02269	0.01134	0.00851	0.00851	0.00284	0.01134	0.00756	0.00378	0.00945
42	0.01006	0.00862	0.00862	0.00862	0.01149	0.00718	0.00647	0.01221	0.01940	0.02299	0.08621	0.08190	0.64438	0.02155	0.01006	0.00287	0.00431	0.01796	0.00790	0.00718
43	0.03051	0.03814	0.02536	0.02553	0.10030	0.58978	0.01759	0.03305	0.02355	0.02166	0.01349	0.01603	0.01126	0.00863	0.00776	0.00223	0.01472	0.00573	0.00436	0.01030
44	0.02106	0.02022	0.03454	0.05223	0.64784	0.02022	0.02612	0.02612	0.01938	0.02780	0.01601	0.02106	0.01348	0.00758	0.00842	0.00253	0.01011	0.00758	0.00421	0.01348
45	0.01006	0.00862	0.00862	0.00862	0.01149	0.00718	0.00647	0.01221	0.01940	0.02299	0.08621	0.08190	0.64438	0.02155	0.01006	0.00287	0.00431	0.01796	0.00790	0.00718
46	0.02001	0.01915	0.03264	0.18474	0.52356	0.01994	0.02559	0.02519	0.01888	0.02652	0.01582	0.02141	0.01303	0.00778	0.00844	0.00259	0.01037	0.00758	0.00412	0.01263
47	0.03080	0.02613	0.02535	0.02027	0.02595	0.13544	0.01648	0.45608	0.03444	0.04452	0.01821	0.01937	0.01352	0.01047	0.01043	0.00262	0.08221	0.00727	0.00730	0.01314
48	0.01021	0.00857	0.00886	0.00891	0.01162	0.00723	0.00664	0.01245	0.01957	0.02368	0.12174	0.10885	0.57957	0.02151	0.01009	0.00289	0.00432	0.01807	0.00800	0.00723
49	0.02886	0.01547	0.01890	0.01524	0.02059	0.01528	0.01231	0.15767	0.09221	0.31261	0.17743	0.03578	0.03443	0.01222	0.00891	0.00265	0.00686	0.01012	0.00963	0.01282
50	0.01220	0.00893	0.01275	0.01275	0.01395	0.01013	0.00948	0.01460	0.01340	0.01907	0.02364	0.03813	0.02331	0.19819	0.53562	0.01253	0.01973	0.00980	0.00468	0.00708
51	0.03182	0.03957	0.02420	0.02179	0.02631	0.62899	0.01643	0.06851	0.02505	0.02276	0.01358	0.01565	0.01117	0.00885	0.00772	0.00221	0.01499	0.00561	0.00463	0.01014
52	0.01745	0.08839	0.61580	0.02361	0.03583	0.02070	0.03031	0.02685	0.01792	0.02649	0.01504	0.01768	0.01079	0.00803	0.00791	0.00264	0.01234	0.00617	0.00360	0.01247

[dist]
# distance from previous block
# <min> <max>
0	4

[block]
# block no. 6 follows, 21 sequences, length 66
# corresponding to MSA columns:
# 276-341
name=unknown_G
#
# <colnr> <probs for GDERKNQSTAVLIFYWHMCP>
#	G	D	E	R	K	N	Q	S	T	A	V	L	I	F	Y	W	H	M	C	P
0	0.03124	0.08137	0.02537	0.02147	0.02603	0.62793	0.01633	0.03346	0.02370	0.02078	0.01307	0.01524	0.01096	0.00868	0.00754	0.00217	0.01496	0.00542	0.00434	0.00993
1	0.05640	0.50308	0.03722	0.01571	0.02205	0.16777	0.01436	0.02704	0.01866	0.02149	0.01281	0.01481	0.01133	0.00774	0.00595	0.00194	0.01011	0.00490	0.03615	0.01049
2	0.01739	0.08179	0.62190	0.02370	0.03598	0.02056	0.03048	0.02687	0.01793	0.02656	0.01508	0.01772	0.01079	0.00804	0.00794	0.00265	0.01238	0.00619	0.00360	0.01248
3	0.01332	0.00992	0.01329	0.01548	0.05030	0.00970	0.01175	0.01633	0.01825	0.02360	0.04646	0.08239	0.13506	0.14453	0.01700	0.00446	0.00750	0.36594	0.00716	0.00757
4	0.01037	0.00741	0.00987	0.01185	0.01234	0.00691	0.00790	0.01185	0.01629	0.02172	0.04690	0.69537	0.05629	0.02666	0.01086	0.00346	0.00494	0.02419	0.00790	0.00691
5	0.03119	0.03943	0.02470	0.02361	0.06092	0.63076	0.01698	0.03354	0.02385	0.02122	0.01331	0.01566	0.01110	0.00870	0.00772	0.00221	0.01506	0.00560	0.00438	0.01007
6	0.02889	0.02212	0.02359	0.01888	0.02507	0.02478	0.01534	0.44190	0.22320	0.04806	0.02482	0.02393	0.01803	0.01063	0.00856	0.00266	0.00855	0.00827	0.00856	0.01416
7	0.01006	0.00862	0.00862	0.00862	0.01149	0.00718	0.00647	0.01221	0.01940	0.02299	0.08621	0.08190	0.64438	0.02155	0.01006	0.00287	0.00431	0.01796	0.00790	0.00718
8	0.01707	0.04402	0.65683	0.02426	0.03683	0.01976	0.03144	0.02695	0.01797	0.02695	0.01527	0.01797	0.01078	0.00809	0.00809	0.00270	0.01258	0.00629	0.00359	0.01258
9	0.02093	0.02058	0.03660	0.05009	0.56874	0.02039	0.10357	0.02627	0.01947	0.02773	0.01617	0.02131	0.01341	0.00753	0.00864	0.00257	0.01067	0.00791	0.00422	0.01322
10	0.03235	0.02384	0.02554	0.01958	0.02639	0.02639	0.01618	0.61946	0.04001	0.05363	0.02043	0.02043	0.01447	0.01022	0.00851	0.00255	0.00936	0.00766	0.00851	0.01447
11	0.03194	0.03612	0.02449	0.02130	0.02633	0.49680	0.01637	0.18937	0.02833	0.02953	0.01509	0.01670	0.01189	0.00915	0.00790	0.00229	0.01376	0.00606	0.00548	0.01109
12	0.01026	0.00782	0.00945	0.01076	0.01206	0.00700	0.00741	0.01197	0.01734	0.02215	0.06020	0.48791	0.25516	0.02493	0.01059	0.00326	0.00473	0.02209	0.00790	0.00700
13	0.01371	0.00980	0.01371	0.01567	0.01763	0.00980	0.01371	0.01763	0.01959	0.02547	0.04506	0.09599	0.04898	0.02351	0.01175	0.00392	0.00784	0.59056	0.00784	0.00784
14	0.01238	0.00825	0.00928	0.00928	0.00928	0.00825	0.00516	0.01238	0.01238	0.01650	0.02681	0.05569	0.03094	0.70092	0.04331	0.00825	0.00825	0.01238	0.00516	0.00516
15	0.03189	0.03754	0.02437	0.02150	0.02632	0.55123	0.01639	0.13961	0.02698	0.02675	0.01447	0.01626	0.01160	0.00903	0.00782	0.00226	0.01427	0.00587	0.00513	0.01070
16	0.03222	0.02781	0.02520	0.02014	0.02637	0.17846	0.01624	0.48043	0.03624	0.04584	0.01870	0.01922	0.01364	0.00987	0.00831	0.00247	0.01079	0.00714	0.00753	0.01338
17	0.01068	0.00865	0.00949	0.00928	0.01188	0.00745	0.00696	0.01343	0.02088	0.02650	0.26177	0.07612	0.46664	0.02024	0.01005	0.00281	0.00422	0.01715	0.00836	0.00745
18	0.02339	0.02380	0.03237	0.04562	0.51448	0.12908	0.02403	0.05511	0.02114	0.02784	0.01573	0.02007	0.01310	0.00790	0.00830	0.00247	0.01095	0.00723	0.00444	0.01292
19	0.01059	0.00797	0.00980	0.01077	0.01218	0.00719	0.00753	0.01271	0.01854	0.02431	0.16519	0.41475	0.22036	0.02360	0.01049	0.00316	0.00460	0.02091	0.00817	0.00719
20	0.03090	0.02021	0.02257	0.01795	0.02420	0.02177	0.01462	0.33643	0.18670	0.19156	0.02716	0.02533	0.01896	0.01063	0.00856	0.00266	0.00819	0.00837	0.00903	0.01422
21	0.02433	0.01990	0.02515	0.02505	0.13718	0.02171	0.05072	0.16378	0.32955	0.06833	0.02718	0.02675	0.02026	0.01025	0.00866	0.00274	0.00837	0.00880	0.00767	0.01362
22	0.02047	0.02014	0.03182	0.19973	0.47328	0.05593	0.02499	0.02552	0.01908	0.02597	0.01564	0.02113	0.01283	0.00787	0.00840	0.00258	0.01069	0.00746	0.00412	0.01232
23	0.01707	0.04402	0.65683	0.02426	0.03683	0.01976	0.03144	0.02695	0.01797	0.02695	0.01527	0.01797	0.01078	0.00809	0.00809	0.00270	0.01258	0.00629	0.00359	0.01258
24	0.02060	0.01978	0.03416	0.04938	0.58270	0.01970	0.05485	0.02570	0.01942	0.02765	0.01769	0.02533	0.01543	0.00845	0.00869	0.00262	0.01019	0.04017	0.00442	0.01307
25	0.01216	0.00912	0.01368	0.01368	0.01520	0.01064	0.01064	0.01520	0.01368	0.01976	0.02279	0.03343	0.02127	0.06382	0.66720	0.01368	0.02279	0.00912	0.00456	0.00760
26	0.01006	0.00862	0.00862	0.00862	0.01149	0.00718	0.00647	0.01221	0.01940	0.02299	0.08621	0.08190	0.64438	0.02155	0.01006	0.00287	0.00431	0.01796	0.00790	0.00718
27	0.01006	0.00862	0.00862	0.00862	0.01149	0.00718	0.00647	0.01221	0.01940	0.02299	0.08621	0.08190	0.64438	0.02155	0.01006	0.00287	0.00431	0.01796	0.00790	0.00718
28	0.01607	0.01513	0.02552	0.68047	0.05861	0.01891	0.02363	0.02174	0.01702	0.02174	0.01513	0.02269	0.01134	0.00851	0.00851	0.00284	0.01134	0.00756	0.00378	0.00945
29	0.01236	0.00830	0.00955	0.00955	0.00964	0.00840	0.00549	0.01255	0.01246	0.01670	0.02657	0.05433	0.03035	0.66185	0.08158	0.00858	0.00914	0.01218	0.00512	0.00531
30	0.01037	0.00741	0.00987	0.01185	0.01234	0.00691	0.00790	0.01185	0.01629	0.02172	0.04690	0.69537	0.05629	0.02666	0.01086	0.00346	0.00494	0.02419	0.00790	0.00691
31	0.01586	0.00793	0.00793	0.00793	0.00991	0.00793	0.00595	0.01983	0.01785	0.03173	0.02776	0.03173	0.02181	0.00991	0.00595	0.00198	0.00397	0.00793	0.74817	0.00793
32	0.01707	0.04402	0.65683	0.02426	0.03683	0.01976	0.03144	0.02695	0.01797	0.02695	0.01527	0.01797	0.01078	0.00809	0.00809	0.00270	0.01258	0.00629	0.00359	0.01258
33	0.76103	0.01646	0.01251	0.01119	0.01646	0.01909	0.00922	0.02502	0.01448	0.03818	0.01185	0.01382	0.00922	0.00790	0.00527	0.00263	0.00658	0.00461	0.00527	0.00922
34	0.03235	0.02384	0.02554	0.01958	0.02639	0.02639	0.01618	0.61946	0.04001	0.05363	0.02043	0.02043	0.01447	0.01022	0.00851	0.00255	0.00936	0.00766	0.00851	0.01447
35	0.02690	0.02024	0.02181	0.01750	0.02308	0.02231	0.01412	0.42957	0.11311	0.04495	0.02826	0.02966	0.06982	0.05249	0.04340	0.00350	0.00920	0.00911	0.00810	0.01287
36	0.01571	0.01266	0.01579	0.01473	0.01611	0.04329	0.01169	0.01866	0.01511	0.02323	0.02070	0.02833	0.01835	0.03414	0.29368	0.00743	0.18864	0.00820	0.20530	0.00823
37	0.02851	0.03367	0.02261	0.02050	0.02502	0.46714	0.01552	0.03746	0.21222	0.02540	0.01980	0.02042	0.01560	0.00963	0.00798	0.00241	0.01268	0.00676	0.00571	0.01098
38	0.01034	0.00751	0.00977	0.01157	0.01227	0.00694	0.00778	0.01188	0.01656	0.02183	0.05031	0.64217	0.10728	0.02622	0.01079	0.00341	0.00488	0.02365	0.00790	0.00694
39	0.02995	0.02264	0.02419	0.01909	0.02548	0.02527	0.01559	0.49625	0.16714	0.04976	0.02348	0.02286	0.01694	0.01050	0.00854	0.00263	0.00880	0.00808	0.00854	0.01426
40	0.01805	0.10478	0.51146	0.02498	0.03648	0.02135	0.11321	0.02685	0.01820	0.02633	0.01522	0.01826	0.01110	0.00788	0.00811	0.00264	0.01249	0.00666	0.00370	0.01226
41	0.01037	0.00741	0.00987	0.01185	0.01234	0.00691	0.00790	0.01185	0.01629	0.02172	0.04690	0.69537	0.05629	0.02666	0.01086	0.00346	0.00494	0.02419	0.00790	0.00691
42	0.01204	0.00870	0.01138	0.01071	0.01271	0.00803	0.00803	0.01606	0.02409	0.03413	0.64335	0.06357	0.08030	0.01740	0.01004	0.00268	0.00401	0.01539	0.00937	0.00803
43	0.02242	0.25900	0.30700	0.02054	0.02945	0.17794	0.02238	0.02814	0.01921	0.02324	0.01365	0.01594	0.01087	0.00799	0.00713	0.00229	0.01210	0.00553	0.00380	0.01139
44	0.01028	0.00776	0.00951	0.01090	0.01209	0.00699	0.00748	0.01196	0.01720	0.02210	0.05843	0.51551	0.22871	0.02516	0.01063	0.00329	0.00475	0.02237	0.00790	0.00699
45	0.01037	0.00741	0.00987	0.01185	0.01234	0.00691	0.00790	0.01185	0.01629	0.02172	0.04690	0.69537	0.05629	0.02666	0.01086	0.00346	0.00494	0.02419	0.00790	0.00691
46	0.01227	0.00868	0.01145	0.01145	0.01220	0.00943	0.00786	0.01377	0.01302	0.01811	0.02483	0.04470	0.02617	0.38646	0.35126	0.01093	0.01543	0.01077	0.00486	0.00636
47	0.01216	0.00912	0.01368	0.01368	0.01520	0.01064	0.01064	0.01520	0.01368	0.01976	0.02279	0.03343	0.02127	0.06382	0.66720	0.01368	0.02279	0.00912	0.00456	0.00760
48	0.01195	0.00869	0.01124	0.01060	0.01265	0.00799	0.00795	0.01587	0.02386	0.03357	0.61564	0.06448	0.10835	0.01760	0.01004	0.00269	0.00403	0.01552	0.00930	0.00799
49	0.01037	0.00741	0.00987	0.01185	0.01234	0.00691	0.00790	0.01185	0.01629	0.02172	0.04690	0.69537	0.05629	0.02666	0.01086	0.00346	0.00494	0.02419	0.00790	0.00691
50	0.03179	0.04056	0.02412	0.02192	0.02631	0.66676	0.01644	0.03398	0.02412	0.02083	0.01315	0.01535	0.01096	0.00877	0.00767	0.00219	0.01535	0.00548	0.00438	0.00987
51	0.03076	0.03860	0.02512	0.02484	0.08617	0.60449	0.01737	0.03322	0.02366	0.02150	0.01343	0.01590	0.01120	0.00866	0.00775	0.00222	0.01484	0.00568	0.00437	0.01021
52	0.02464	0.41145	0.06473	0.02194	0.10719	0.19685	0.01734	0.02785	0.01938	0.02157	0.01289	0.01527	0.01127	0.00775	0.00655	0.00205	0.01102	0.00527	0.00391	0.01106
53	0.01727	0.04283	0.62563	0.02566	0.06747	0.01979	0.03118	0.02691	0.01804	0.02699	0.01531	0.01812	0.01092	0.00806	0.00810	0.00269	0.01245	0.00635	0.00362	0.01262
54	0.01035	0.00748	0.00980	0.01165	0.01229	0.00693	0.00781	0.01187	0.01648	0.02180	0.04931	0.65774	0.09235	0.02635	0.01081	0.00342	0.00490	0.02381	0.00790	0.00693
55	0.01446	0.01203	0.01305	0.01220	0.01554	0.01231	0.00932	0.02478	0.23583	0.03024	0.20935	0.05965	0.28426	0.01699	0.00956	0.00283	0.00509	0.01438	0.00854	0.00961
56	0.01237	0.00947	0.01383	0.15208	0.02235	0.01036	0.01152	0.01512	0.01575	0.02157	0.03288	0.33969	0.03602	0.06747	0.15273	0.00570	0.01024	0.01591	0.04739	0.00755
57	0.02109	0.51194	0.22410	0.01740	0.02624	0.02959	0.01951	0.02591	0.01749	0.02205	0.01284	0.01492	0.01088	0.00752	0.00623	0.00208	0.01012	0.00506	0.00363	0.01141
58	0.02149	0.02241	0.02676	0.06144	0.26390	0.17897	0.05203	0.02566	0.02055	0.02513	0.02317	0.04006	0.02232	0.01220	0.00923	0.00285	0.01109	0.16476	0.00522	0.01077
59	0.01162	0.00801	0.00943	0.01004	0.01036	0.00777	0.00608	0.01220	0.01399	0.01849	0.03645	0.25605	0.07382	0.45254	0.03133	0.00645	0.00700	0.01637	0.00617	0.00582
60	0.01765	0.01513	0.01765	0.01260	0.02017	0.01134	0.01008	0.02143	0.01765	0.02773	0.01513	0.01765	0.01260	0.00630	0.00630	0.00126	0.00630	0.00504	0.00504	0.75295
61	0.01313	0.01137	0.01413	0.01276	0.01493	0.01216	0.01005	0.01590	0.01929	0.02621	0.24286	0.05755	0.27950	0.01782	0.01409	0.00293	0.16605	0.01395	0.00723	0.04809
62	0.02317	0.02617	0.05930	0.04044	0.41822	0.19317	0.02271	0.02752	0.02059	0.02563	0.01898	0.02266	0.04663	0.00868	0.00830	0.00246	0.01132	0.00752	0.00443	0.01213
63	0.01715	0.01442	0.01787	0.02160	0.16498	0.04799	0.01293	0.02221	0.08672	0.05305	0.07351	0.05007	0.16765	0.16159	0.01655	0.00395	0.00771	0.04404	0.00653	0.00950
64	0.06025	0.01460	0.04358	0.01445	0.01919	0.01307	0.01180	0.08073	0.05554	0.29752	0.09707	0.15261	0.03294	0.05336	0.01094	0.00312	0.00689	0.01202	0.00881	0.01152
65	0.02289	0.02000	0.01916	0.01645	0.02084	0.13833	0.01270	0.15990	0.02375	0.06404	0.02538	0.20261	0.02496	0.01391	0.00963	0.00254	0.04621	0.01125	0.00672	0.15874

[dist]
# distance from previous block
# <min> <max>
34	119

[block]
# block no. 7 follows, 21 sequences, length 24
# corresponding to MSA columns:
# 476-499
name=unknown_H
#
# <colnr> <probs for GDERKNQSTAVLIFYWHMCP>
#	G	D	E	R	K	N	Q	S	T	A	V	L	I	F	Y	W	H	M	C	P
0	0.02853	0.02799	0.02718	0.02801	0.16811	0.23127	0.01872	0.24880	0.02808	0.03459	0.01636	0.01880	0.01286	0.00951	0.00973	0.00252	0.06382	0.00692	0.00583	0.01236
1	0.02416	0.02776	0.02209	0.08423	0.02684	0.35879	0.01681	0.02704	0.02079	0.02195	0.02053	0.03541	0.01993	0.01307	0.01160	0.00288	0.10881	0.14299	0.00504	0.00927
2	0.02399	0.02791	0.09721	0.02052	0.02613	0.24933	0.08601	0.07943	0.05549	0.05649	0.16055	0.02943	0.02853	0.01082	0.00870	0.00253	0.01101	0.00891	0.00626	0.01073
3	0.03077	0.03886	0.02427	0.02196	0.02600	0.61714	0.01661	0.03294	0.02326	0.02080	0.01300	0.01560	0.01098	0.00924	0.00924	0.00231	0.06724	0.00563	0.00433	0.00982
4	0.02175	0.08802	0.22562	0.02348	0.03189	0.05563	0.14119	0.10487	0.16186	0.03139	0.02033	0.02192	0.01516	0.00892	0.00842	0.00266	0.01104	0.00779	0.00555	0.01251
5	0.02522	0.12881	0.02232	0.01661	0.02079	0.34065	0.01303	0.02968	0.06849	0.02486	0.01866	0.02089	0.01512	0.00908	0.00694	0.00213	0.01061	0.00634	0.21000	0.00977
6	0.02634	0.10786	0.10829	0.02191	0.02758	0.38676	0.05341	0.02990	0.02098	0.02215	0.01340	0.01637	0.01114	0.00895	0.00963	0.00237	0.08193	0.00593	0.00416	0.04094
7	0.01150	0.00891	0.01168	0.01152	0.01298	0.00827	0.04191	0.01301	0.01608	0.02068	0.04932	0.28065	0.20556	0.24421	0.02119	0.00483	0.00639	0.01782	0.00680	0.00668
8	0.03156	0.02733	0.02484	0.01998	0.02612	0.17247	0.01608	0.45186	0.07120	0.04507	0.01960	0.01993	0.01435	0.00996	0.00833	0.00249	0.01058	0.00728	0.00758	0.01336
9	0.01122	0.00835	0.01064	0.01215	0.01360	0.00777	0.00917	0.01353	0.01793	0.02305	0.05560	0.38617	0.19200	0.02459	0.01092	0.00345	0.00559	0.17914	0.00788	0.00723
10	0.06954	0.66235	0.04256	0.01435	0.02150	0.03275	0.01422	0.02545	0.01711	0.02117	0.01183	0.01366	0.01081	0.00732	0.00545	0.00187	0.00894	0.00455	0.00374	0.01081
11	0.03179	0.04056	0.02412	0.02192	0.02631	0.66676	0.01644	0.03398	0.02412	0.02083	0.01315	0.01535	0.01096	0.00877	0.00767	0.00219	0.01535	0.00548	0.00438	0.00987
12	0.01191	0.00805	0.00942	0.00988	0.01000	0.00794	0.00580	0.01225	0.01329	0.01772	0.03152	0.20550	0.03688	0.54301	0.03571	0.00713	0.00747	0.01514	0.00580	0.00557
13	0.03235	0.02384	0.02554	0.01958	0.02639	0.02639	0.01618	0.61946	0.04001	0.05363	0.02043	0.02043	0.01447	0.01022	0.00851	0.00255	0.00936	0.00766	0.00851	0.01447
14	0.02275	0.70604	0.04459	0.01456	0.02184	0.03367	0.01456	0.02548	0.01729	0.02002	0.01183	0.01365	0.01092	0.00728	0.00546	0.00182	0.00910	0.00455	0.00364	0.01092
15	0.01869	0.23301	0.48205	0.02149	0.03255	0.02373	0.02662	0.02653	0.01777	0.02497	0.01429	0.01673	0.01082	0.00786	0.00734	0.00245	0.01158	0.00579	0.00361	0.01210
