[name]
unknown

[dist]
# distance from previous block
# <min> <max>
0	18

[block]
# block no. 0 follows, 22 sequences, length 90
# corresponding to MSA columns:
# 18-107
name=unknown_A
#
# <colnr> <probs for GDERKNQSTAVLIFYWHMCP>
#	G	D	E	R	K	N	Q	S	T	A	V	L	I	F	Y	W	H	M	C	P
0	0.01252	0.00958	0.01184	0.01237	0.01474	0.00923	0.01011	0.01725	0.06375	0.02676	0.19109	0.07829	0.22530	0.02025	0.01041	0.00319	0.00576	0.26161	0.00806	0.00790
1	0.01326	0.00722	0.01050	0.01102	0.01116	0.00709	0.00735	0.01102	0.01220	0.01627	0.02293	0.20890	0.02541	0.02809	0.02654	0.55362	0.00657	0.01166	0.00472	0.00446
2	0.02059	0.06635	0.26021	0.06644	0.03020	0.02320	0.02235	0.15480	0.02069	0.02939	0.01463	0.01833	0.01146	0.01029	0.01358	0.00286	0.21183	0.00675	0.00460	0.01144
3	0.10011	0.04102	0.01797	0.01642	0.06300	0.01548	0.01218	0.06196	0.16078	0.14279	0.14667	0.04066	0.07465	0.01286	0.00852	0.00271	0.00654	0.05672	0.00794	0.01101
4	0.01101	0.00760	0.00938	0.01043	0.01069	0.00734	0.00650	0.01180	0.01417	0.01889	0.03688	0.40813	0.04370	0.33586	0.02500	0.00550	0.00629	0.01838	0.00650	0.00597
5	0.02526	0.17425	0.02825	0.12210	0.07290	0.17029	0.01670	0.19252	0.02463	0.03025	0.01586	0.01843	0.01250	0.00858	0.00732	0.00227	0.01043	0.00634	0.04995	0.01117
6	0.01887	0.06234	0.32036	0.03691	0.34566	0.02014	0.02733	0.02584	0.01820	0.02641	0.01511	0.01886	0.01185	0.00761	0.00794	0.00251	0.01092	0.00669	0.00381	0.01264
7	0.10171	0.02592	0.02314	0.20843	0.03365	0.25325	0.01725	0.18389	0.02466	0.03065	0.01511	0.01815	0.01153	0.00877	0.00770	0.00245	0.01148	0.00639	0.00525	0.01062
8	0.01704	0.07942	0.01863	0.01520	0.01772	0.12354	0.01202	0.04239	0.01626	0.02065	0.01926	0.02771	0.01786	0.07163	0.42056	0.00934	0.05007	0.00791	0.00447	0.00831
9	0.01151	0.00755	0.01041	0.01192	0.01249	0.00724	0.00839	0.01218	0.01524	0.02024	0.03873	0.47168	0.04516	0.02622	0.01547	0.16737	0.00573	0.09947	0.00681	0.00619
10	0.18411	0.26984	0.07137	0.01681	0.02280	0.26636	0.01489	0.02794	0.01880	0.02408	0.01226	0.01426	0.01031	0.00783	0.00626	0.00214	0.01084	0.00490	0.00416	0.01003
11	0.01174	0.00877	0.00946	0.00909	0.01199	0.00744	0.00689	0.01418	0.01989	0.06224	0.16367	0.07426	0.53149	0.01981	0.00973	0.00276	0.00434	0.01662	0.00808	0.00756
12	0.01838	0.03271	0.38628	0.03574	0.30982	0.01949	0.02840	0.02595	0.01815	0.02668	0.01523	0.01887	0.01169	0.00768	0.00804	0.00256	0.01121	0.00670	0.00377	0.01267
13	0.01835	0.26799	0.03066	0.01795	0.02131	0.02462	0.04850	0.02100	0.01474	0.02004	0.01393	0.01979	0.01305	0.02181	0.15905	0.00503	0.26222	0.00674	0.00381	0.00941
14	0.01087	0.00839	0.00991	0.00967	0.01190	0.00744	0.00720	0.01390	0.02120	0.02815	0.38355	0.10471	0.31484	0.01916	0.00985	0.00273	0.00409	0.01653	0.00847	0.00744
15	0.69868	0.01562	0.01246	0.01107	0.01611	0.01784	0.00908	0.02469	0.01501	0.06403	0.04350	0.01649	0.01286	0.00827	0.00551	0.00257	0.00633	0.00517	0.00556	0.00916
16	0.01176	0.00868	0.00999	0.00953	0.01213	0.00757	0.00719	0.01467	0.02105	0.05324	0.31997	0.07033	0.38614	0.01890	0.00975	0.00271	0.00420	0.01610	0.00842	0.00765
17	0.01225	0.01053	0.01074	0.01032	0.01355	0.01008	0.00785	0.01915	0.15856	0.02520	0.07286	0.06897	0.51206	0.01885	0.00951	0.00281	0.00474	0.01571	0.00788	0.00839
18	0.01187	0.00890	0.01335	0.01335	0.01483	0.01038	0.01038	0.01483	0.01335	0.01928	0.02225	0.03264	0.02077	0.06231	0.67512	0.01335	0.02225	0.00890	0.00445	0.00742
19	0.01109	0.00891	0.01003	0.01064	0.01267	0.00834	0.00762	0.01518	0.08342	0.02322	0.06265	0.33744	0.33432	0.02211	0.01001	0.00305	0.00472	0.01924	0.00779	0.00755
20	0.02545	0.01957	0.02099	0.01757	0.02306	0.02201	0.01403	0.25131	0.39356	0.07551	0.02883	0.02692	0.02111	0.01076	0.00840	0.00269	0.00751	0.00866	0.00850	0.01355
21	0.01248	0.00950	0.01358	0.01341	0.01515	0.01093	0.01041	0.01695	0.05814	0.02132	0.06554	0.03451	0.02498	0.05566	0.58341	0.01189	0.01991	0.00935	0.00505	0.00785
22	0.01326	0.00908	0.01094	0.01029	0.01231	0.00851	0.00740	0.01675	0.04574	0.06219	0.35204	0.06033	0.16315	0.17214	0.01696	0.00387	0.00518	0.01420	0.00801	0.00763
23	0.01197	0.00901	0.01095	0.01038	0.01252	0.00847	0.00769	0.01646	0.05882	0.03027	0.47086	0.06281	0.17312	0.06590	0.01200	0.00304	0.00442	0.01492	0.00856	0.00781
24	0.17598	0.00983	0.00976	0.00944	0.01100	0.01025	0.00622	0.01543	0.01410	0.02320	0.06934	0.04641	0.07205	0.41935	0.02757	0.00576	0.00690	0.01076	0.05029	0.00638
25	0.01012	0.00723	0.00964	0.01157	0.01205	0.00675	0.00771	0.01157	0.01591	0.02121	0.04579	0.70262	0.05495	0.02603	0.01060	0.00337	0.00482	0.02362	0.00771	0.00675
26	0.02008	0.01072	0.01336	0.01175	0.01528	0.00973	0.00902	0.02400	0.05526	0.23488	0.20289	0.09777	0.18052	0.06264	0.01150	0.00307	0.00550	0.01350	0.00878	0.00974
27	0.03093	0.02295	0.02456	0.01898	0.02551	0.02546	0.01563	0.59360	0.07505	0.05130	0.02077	0.02061	0.01480	0.01005	0.00832	0.00251	0.00899	0.00759	0.00832	0.01407
28	0.01617	0.00862	0.00877	0.00845	0.01053	0.00875	0.00631	0.05244	0.01829	0.03126	0.02665	0.03176	0.02143	0.05143	0.00812	0.00233	0.00441	0.00799	0.66835	0.00793
29	0.01187	0.00890	0.01335	0.01335	0.01483	0.01038	0.01038	0.01483	0.01335	0.01928	0.02225	0.03264	0.02077	0.06231	0.67512	0.01335	0.02225	0.00890	0.00445	0.00742
30	0.01076	0.00785	0.00910	0.00980	0.01072	0.00730	0.00635	0.01185	0.01530	0.01965	0.04884	0.29595	0.20624	0.27675	0.02210	0.00495	0.00585	0.01772	0.00672	0.00619
31	0.01065	0.00745	0.00948	0.01089	0.01125	0.00710	0.00699	0.01171	0.01488	0.01984	0.04052	0.52867	0.04831	0.20904	0.01910	0.00463	0.00569	0.02052	0.00699	0.00629
32	0.01720	0.01669	0.02944	0.47612	0.19016	0.01901	0.08734	0.02275	0.01745	0.02312	0.01517	0.02182	0.01170	0.00797	0.00845	0.00270	0.01111	0.00764	0.00384	0.01032
33	0.02235	0.02417	0.02869	0.19764	0.33128	0.20552	0.02222	0.02664	0.01967	0.02377	0.01463	0.01936	0.01195	0.00795	0.00804	0.00245	0.01161	0.00681	0.00406	0.01120
34	0.01372	0.01026	0.01110	0.01097	0.01306	0.04851	0.00838	0.01674	0.01647	0.02375	0.03668	0.04133	0.15759	0.03338	0.27763	0.00676	0.01205	0.01019	0.24387	0.00757
35	0.01282	0.00799	0.00877	0.00877	0.00919	0.00799	0.00520	0.01366	0.01324	0.01934	0.02638	0.04928	0.02827	0.55639	0.03436	0.00673	0.00715	0.01114	0.16771	0.00562
36	0.02981	0.02227	0.02397	0.01841	0.02504	0.02424	0.01515	0.54793	0.06530	0.04932	0.02014	0.02022	0.01449	0.00970	0.00813	0.00240	0.00876	0.00734	0.00802	0.07936
37	0.02038	0.25945	0.12238	0.02032	0.02694	0.04748	0.14845	0.07113	0.01863	0.02408	0.01553	0.02157	0.01361	0.08489	0.01292	0.03081	0.03969	0.00717	0.00426	0.01030
38	0.02362	0.02208	0.03213	0.04091	0.43368	0.06714	0.06324	0.15706	0.02366	0.03210	0.01645	0.02016	0.01316	0.00801	0.00830	0.00247	0.01035	0.00744	0.00504	0.01299
39	0.01195	0.00800	0.00910	0.00923	0.00926	0.00797	0.00521	0.01205	0.01234	0.01645	0.02750	0.09810	0.03187	0.66203	0.04015	0.00774	0.00784	0.01286	0.00521	0.00515
40	0.01147	0.00911	0.01043	0.01061	0.01280	0.00856	0.00775	0.01605	0.08487	0.02577	0.19171	0.23971	0.29968	0.02048	0.00988	0.00292	0.00456	0.01778	0.00810	0.00777
41	0.02562	0.03058	0.02434	0.02157	0.02405	0.40151	0.01695	0.02763	0.01899	0.02019	0.01203	0.01633	0.01079	0.01108	0.01581	0.00277	0.30021	0.00616	0.00401	0.00940
42	0.01179	0.00803	0.00959	0.00986	0.01008	0.00812	0.00597	0.01230	0.01274	0.01715	0.02846	0.14134	0.03261	0.54589	0.10480	0.00797	0.00911	0.01333	0.00534	0.00552
43	0.01078	0.00892	0.00951	0.00928	0.01201	0.00789	0.00698	0.01437	0.05211	0.02535	0.19996	0.07368	0.50054	0.01969	0.00974	0.00277	0.00427	0.01659	0.00805	0.00750
44	0.02136	0.02247	0.02910	0.22584	0.35451	0.15598	0.02284	0.02588	0.01923	0.02404	0.01480	0.01985	0.01205	0.00790	0.00809	0.00248	0.01128	0.00697	0.00403	0.01131
45	0.01028	0.00822	0.00920	0.00941	0.01162	0.00714	0.00688	0.01265	0.01936	0.02451	0.19678	0.18780	0.42474	0.02108	0.00995	0.00287	0.00426	0.01810	0.00802	0.00714
46	0.01453	0.00996	0.01219	0.01210	0.01396	0.00978	0.00865	0.09336	0.02038	0.05431	0.15269	0.38012	0.07465	0.08723	0.01309	0.00351	0.00560	0.01794	0.00790	0.00806
47	0.02056	0.01974	0.03372	0.05099	0.65622	0.01974	0.02550	0.02550	0.01892	0.02714	0.01563	0.02056	0.01316	0.00740	0.00822	0.00247	0.00987	0.00740	0.00411	0.01316
48	0.42000	0.01807	0.01574	0.01330	0.01839	0.04984	0.01082	0.19578	0.02211	0.03990	0.01615	0.01780	0.01223	0.00866	0.00624	0.00244	0.00725	0.00583	0.10914	0.01031
49	0.06884	0.01199	0.01380	0.01264	0.01540	0.01235	0.00953	0.15256	0.02381	0.03388	0.27794	0.21236	0.05061	0.05285	0.01102	0.00306	0.00571	0.01463	0.00810	0.00891
50	0.01005	0.00750	0.00936	0.01086	0.01186	0.00681	0.00740	0.01165	0.01659	0.02148	0.05440	0.56291	0.18910	0.02491	0.01043	0.00325	0.00468	0.02225	0.00771	0.00681
51	0.01306	0.00953	0.01195	0.01097	0.01329	0.00906	0.00833	0.05855	0.02440	0.03415	0.58120	0.05992	0.10044	0.01668	0.00969	0.00261	0.00430	0.01461	0.00902	0.00824
52	0.02098	0.01624	0.01766	0.01538	0.01962	0.01761	0.01200	0.25598	0.18484	0.03675	0.03813	0.18420	0.11411	0.01543	0.00907	0.00282	0.00684	0.01297	0.00813	0.01124
53	0.01027	0.00806	0.00930	0.00978	0.01170	0.00708	0.00703	0.01250	0.01883	0.02406	0.17681	0.27233	0.35899	0.02186	0.01006	0.00295	0.00435	0.01898	0.00798	0.00708
54	0.01125	0.01052	0.00944	0.00929	0.01220	0.05205	0.00697	0.01336	0.01925	0.02230	0.07935	0.07557	0.60953	0.02020	0.00966	0.00276	0.00493	0.01671	0.00748	0.00719
55	0.02875	0.01853	0.02030	0.01597	0.02153	0.01985	0.01306	0.41087	0.03210	0.13150	0.02332	0.02357	0.01662	0.00995	0.00775	0.00238	0.00767	0.00766	0.17593	0.01270
56	0.01048	0.00750	0.00996	0.01133	0.01213	0.00698	0.00774	0.01246	0.01756	0.02384	0.17739	0.56352	0.06004	0.02406	0.01043	0.00321	0.00462	0.02175	0.00802	0.00698
57	0.01210	0.00944	0.01127	0.01190	0.01409	0.00911	0.00923	0.01693	0.08456	0.02520	0.11978	0.21239	0.24819	0.02114	0.01025	0.00316	0.00540	0.16009	0.00793	0.00785
58	0.03158	0.02327	0.02493	0.01911	0.02576	0.02576	0.01579	0.62852	0.03906	0.05236	0.01995	0.01995	0.01413	0.00997	0.00831	0.00249	0.00914	0.00748	0.00831	0.01413
59	0.01012	0.00723	0.00964	0.01157	0.01205	0.00675	0.00771	0.01157	0.01591	0.02121	0.04579	0.70262	0.05495	0.02603	0.01060	0.00337	0.00482	0.02362	0.00771	0.00675
60	0.02056	0.01974	0.03372	0.05099	0.65622	0.01974	0.02550	0.02550	0.01892	0.02714	0.01563	0.02056	0.01316	0.00740	0.00822	0.00247	0.00987	0.00740	0.00411	0.01316
61	0.01251	0.00949	0.01390	0.01364	0.01505	0.01130	0.01068	0.01544	0.01353	0.01996	0.02172	0.03153	0.02010	0.05611	0.59354	0.01205	0.06837	0.00872	0.04480	0.00755
62	0.01053	0.00762	0.00995	0.01111	0.01210	0.00705	0.00767	0.01266	0.01805	0.02443	0.20565	0.50228	0.09327	0.02340	0.01035	0.00315	0.00455	0.02105	0.00808	0.00705
63	0.02527	0.47925	0.03659	0.01671	0.02284	0.25569	0.01485	0.02776	0.01919	0.01982	0.01200	0.01390	0.01067	0.00761	0.00608	0.00190	0.01100	0.00476	0.00381	0.01030
64	0.01040	0.00773	0.00977	0.01128	0.01242	0.00710	0.00801	0.01224	0.01690	0.02186	0.05393	0.50306	0.18403	0.02462	0.01052	0.00330	0.00499	0.08324	0.00771	0.00690
65	0.03103	0.03959	0.02354	0.02140	0.02568	0.67469	0.01605	0.03317	0.02354	0.02033	0.01284	0.01498	0.01070	0.00856	0.00749	0.00214	0.01498	0.00535	0.00428	0.00963
66	0.01404	0.01176	0.01266	0.01237	0.01538	0.01218	0.00924	0.02417	0.25634	0.02687	0.05629	0.20093	0.27862	0.01842	0.00947	0.00294	0.00525	0.01578	0.00800	0.00930
67	0.01880	0.01682	0.02277	0.23808	0.12007	0.01945	0.01798	0.05855	0.26177	0.02880	0.02654	0.02856	0.05543	0.01044	0.00925	0.00277	0.03769	0.00878	0.00606	0.01139
68	0.01048	0.00750	0.00996	0.01133	0.01213	0.00698	0.00774	0.01246	0.01756	0.02384	0.17739	0.56352	0.06004	0.02406	0.01043	0.00321	0.00462	0.02175	0.00802	0.00698
69	0.48016	0.01887	0.01717	0.01412	0.01985	0.02141	0.01164	0.25990	0.02385	0.04315	0.01483	0.01601	0.01100	0.00859	0.00638	0.00254	0.00748	0.00566	0.00638	0.01100
70	0.00991	0.00842	0.00855	0.00851	0.01128	0.00705	0.00639	0.01210	0.01916	0.02297	0.11166	0.07908	0.62502	0.02084	0.00982	0.00280	0.00419	0.01741	0.00778	0.00705
71	0.03103	0.03959	0.02354	0.02140	0.02568	0.67469	0.01605	0.03317	0.02354	0.02033	0.01284	0.01498	0.01070	0.00856	0.00749	0.00214	0.01498	0.00535	0.00428	0.00963
72	0.01065	0.00745	0.00948	0.01089	0.01124	0.00710	0.00699	0.01171	0.01487	0.01982	0.04047	0.52686	0.04824	0.21094	0.01919	0.00464	0.00570	0.02049	0.00699	0.00628
73	0.01083	0.00753	0.00943	0.01066	0.01097	0.00722	0.00674	0.01175	0.01452	0.01936	0.03869	0.46791	0.04599	0.27297	0.02207	0.00507	0.00599	0.01944	0.00674	0.00613
74	0.01676	0.01609	0.02273	0.01991	0.02025	0.02207	0.01643	0.01884	0.01286	0.01983	0.01345	0.02142	0.01312	0.02526	0.17262	0.00582	0.54238	0.00764	0.00382	0.00871
75	0.01088	0.00808	0.00995	0.01024	0.01181	0.00736	0.00727	0.01341	0.01950	0.02621	0.30775	0.25234	0.19291	0.06905	0.01232	0.00326	0.00454	0.01787	0.00813	0.00714
76	0.01189	0.00881	0.01290	0.01290	0.01422	0.01014	0.00982	0.01454	0.01322	0.01895	0.02267	0.03493	0.02177	0.13055	0.60825	0.01279	0.02075	0.00924	0.00451	0.00717
77	0.03103	0.03959	0.02354	0.02140	0.02568	0.67469	0.01605	0.03317	0.02354	0.02033	0.01284	0.01498	0.01070	0.00856	0.00749	0.00214	0.01498	0.00535	0.00428	0.00963
78	0.00982	0.00842	0.00842	0.00842	0.01122	0.00701	0.00631	0.01192	0.01894	0.02244	0.08416	0.07995	0.65285	0.02104	0.00982	0.00281	0.00421	0.01753	0.00771	0.00701
79	0.01305	0.00998	0.01201	0.01233	0.01422	0.01009	0.00888	0.04029	0.12651	0.02737	0.17669	0.38582	0.08919	0.02064	0.00993	0.00305	0.00505	0.01835	0.00817	0.00837
80	0.01961	0.02241	0.04902	0.03501	0.04342	0.02101	0.62605	0.02661	0.01961	0.02661	0.01681	0.02241	0.01261	0.00700	0.00980	0.00280	0.01401	0.00980	0.00420	0.01120
81	0.01048	0.00750	0.00996	0.01133	0.01213	0.00698	0.00774	0.01246	0.01756	0.02384	0.17739	0.56352	0.06004	0.02406	0.01043	0.00321	0.00462	0.02175	0.00802	0.00698
82	0.01910	0.01123	0.01160	0.01029	0.01329	0.01179	0.00805	0.15603	0.02228	0.03577	0.02549	0.02850	0.01969	0.00974	0.00637	0.00206	0.00505	0.00768	0.58682	0.00918
83	0.02972	0.03059	0.02294	0.01977	0.02484	0.36666	0.01534	0.19242	0.13017	0.05851	0.01905	0.01952	0.01446	0.00946	0.00790	0.00236	0.01171	0.00671	0.00629	0.01159
84	0.01205	0.00810	0.00928	0.00921	0.00941	0.00803	0.00533	0.01246	0.01329	0.01793	0.09229	0.05518	0.03529	0.63501	0.03885	0.00748	0.00762	0.01239	0.00547	0.00533
85	0.01012	0.00723	0.00964	0.01157	0.01205	0.00675	0.00771	0.01157	0.01591	0.02121	0.04579	0.70262	0.05495	0.02603	0.01060	0.00337	0.00482	0.02362	0.00771	0.00675
86	0.01666	0.04297	0.66500	0.02368	0.03596	0.01929	0.03069	0.02631	0.01754	0.02631	0.01491	0.01754	0.01052	0.00789	0.00789	0.00263	0.01228	0.00614	0.00351	0.01228
87	0.02346	0.01522	0.05530	0.01421	0.01895	0.01352	0.01198	0.15103	0.02594	0.21486	0.27665	0.04064	0.04223	0.04538	0.01048	0.00283	0.00660	0.01088	0.00877	0.01108
88	0.01462	0.01073	0.01208	0.01159	0.01361	0.01073	0.00818	0.12749	0.01986	0.02591	0.04400	0.25729	0.17275	0.21077	0.01877	0.00438	0.00639	0.01605	0.00708	0.00772
89	0.02556	0.01841	0.02030	0.01659	0.02134	0.02050	0.01327	0.34080	0.14444	0.06417	0.02305	0.02498	0.01761	0.03862	0.01221	0.06273	0.03988	0.00804	0.07556	0.01195

[dist]
# distance from previous block
# <min> <max>
0	3

[block]
# block no. 1 follows, 22 sequences, length 7
# corresponding to MSA columns:
# 111-117
name=unknown_B
#
# <colnr> <probs for GDERKNQSTAVLIFYWHMCP>
#	G	D	E	R	K	N	Q	S	T	A	V	L	I	F	Y	W	H	M	C	P
0	0.02074	0.09329	0.03476	0.04709	0.58887	0.02113	0.02430	0.02543	0.01870	0.02633	0.01519	0.01979	0.01289	0.00737	0.00792	0.00239	0.00976	0.00709	0.00405	0.01289
1	0.02279	0.02492	0.06213	0.08724	0.34916	0.16065	0.02230	0.06788	0.02055	0.02635	0.01484	0.01910	0.01222	0.00850	0.00960	0.00252	0.06623	0.00689	0.00434	0.01180
2	0.02455	0.01977	0.02651	0.07050	0.02931	0.02099	0.12163	0.23496	0.19372	0.07631	0.02312	0.02382	0.01691	0.00939	0.00844	0.00256	0.00908	0.00824	0.00713	0.07307
3	0.03103	0.03959	0.02354	0.02140	0.02568	0.67469	0.01605	0.03317	0.02354	0.02033	0.01284	0.01498	0.01070	0.00856	0.00749	0.00214	0.01498	0.00535	0.00428	0.00963
4	0.13391	0.03082	0.21471	0.02780	0.18638	0.16753	0.02170	0.07353	0.02038	0.02880	0.01451	0.01731	0.01128	0.00805	0.00751	0.00246	0.01117	0.00614	0.00445	0.01156
5	0.02056	0.01974	0.03372	0.05099	0.65622	0.01974	0.02550	0.02550	0.01892	0.02714	0.01563	0.02056	0.01316	0.00740	0.00822	0.00247	0.00987	0.00740	0.00411	0.01316
6	0.02353	0.01754	0.01952	0.01606	0.02101	0.01838	0.01269	0.37255	0.02958	0.04011	0.02680	0.21788	0.02575	0.01415	0.00870	0.00259	0.00751	0.01184	0.00771	0.10609

[dist]
# distance from previous block
# <min> <max>
0	1

[block]
# block no. 2 follows, 22 sequences, length 16
# corresponding to MSA columns:
# 119-134
name=unknown_C
#
# <colnr> <probs for GDERKNQSTAVLIFYWHMCP>
#	G	D	E	R	K	N	Q	S	T	A	V	L	I	F	Y	W	H	M	C	P
0	0.08002	0.09644	0.02429	0.01827	0.02371	0.26456	0.01467	0.25053	0.05393	0.03395	0.01974	0.02050	0.04490	0.00962	0.00757	0.00233	0.01073	0.00677	0.00610	0.01136
1	0.06612	0.14819	0.35477	0.02010	0.02900	0.01986	0.07619	0.02424	0.01836	0.02703	0.11767	0.02422	0.02165	0.00914	0.00776	0.00249	0.01011	0.00751	0.00460	0.01097
2	0.01732	0.03857	0.53665	0.02688	0.07019	0.01958	0.12192	0.02631	0.01793	0.02640	0.01524	0.01845	0.01098	0.00773	0.00820	0.00265	0.01241	0.00677	0.00365	0.01216
3	0.02793	0.02800	0.04698	0.02059	0.05652	0.29775	0.01569	0.10519	0.15281	0.10756	0.04396	0.02262	0.01794	0.00972	0.00803	0.00243	0.01080	0.00730	0.00650	0.01166
4	0.02007	0.01922	0.02950	0.18518	0.30029	0.05230	0.07637	0.06968	0.02025	0.02755	0.04236	0.02220	0.01524	0.00811	0.00824	0.00245	0.01014	0.00762	0.00463	0.07859
5	0.01075	0.00842	0.00955	0.00928	0.01156	0.00742	0.00685	0.01345	0.02034	0.02643	0.31048	0.07102	0.37927	0.06431	0.01193	0.00307	0.00434	0.01616	0.00812	0.00722
6	0.01111	0.00847	0.01021	0.00977	0.01201	0.00756	0.00733	0.01442	0.02199	0.02969	0.46243	0.06803	0.27005	0.01834	0.00980	0.00268	0.00402	0.01586	0.00867	0.00756
7	0.02743	0.03358	0.02408	0.02152	0.02460	0.49253	0.01665	0.02947	0.02051	0.02024	0.01230	0.01588	0.01076	0.01024	0.01304	0.00256	0.20517	0.00589	0.00410	0.00948
8	0.01991	0.01907	0.03254	0.13650	0.57583	0.01957	0.02517	0.02492	0.01861	0.02635	0.01551	0.02077	0.01288	0.00752	0.00824	0.00251	0.01003	0.00740	0.00406	0.01263
9	0.01187	0.00890	0.01335	0.01335	0.01483	0.01038	0.01038	0.01483	0.01335	0.01928	0.02225	0.03264	0.02077	0.06231	0.67512	0.01335	0.02225	0.00890	0.00445	0.00742
10	0.01717	0.10409	0.60831	0.02281	0.03462	0.02053	0.02919	0.02618	0.01748	0.02569	0.01460	0.01715	0.01054	0.00782	0.00766	0.00255	0.01197	0.00598	0.00351	0.01213
11	0.01200	0.00810	0.01004	0.01085	0.01247	0.00725	0.00764	0.01388	0.01767	0.06671	0.08489	0.45011	0.22144	0.02310	0.01019	0.00312	0.00476	0.02043	0.00796	0.00739
12	0.02333	0.16224	0.02639	0.14948	0.02899	0.02307	0.01554	0.29368	0.02710	0.03505	0.02647	0.02769	0.10519	0.01065	0.00791	0.00244	0.00876	0.00829	0.00632	0.01141
13	0.13303	0.02845	0.02371	0.02728	0.20019	0.34960	0.01700	0.02827	0.02056	0.02484	0.01840	0.02085	0.05581	0.00898	0.00752	0.00234	0.01156	0.00665	0.00460	0.01035
14	0.01666	0.04297	0.66500	0.02368	0.03596	0.01929	0.03069	0.02631	0.01754	0.02631	0.01491	0.01754	0.01052	0.00789	0.00789	0.00263	0.01228	0.00614	0.00351	0.01228
15	0.02952	0.03672	0.02501	0.02568	0.11688	0.57996	0.01742	0.03206	0.02287	0.02132	0.01324	0.01579	0.01106	0.00839	0.00760	0.00219	0.01424	0.00565	0.00426	0.01014

[dist]
# distance from previous block
# <min> <max>
2	6

[block]
# block no. 3 follows, 22 sequences, length 66
# corresponding to MSA columns:
# 141-206
name=unknown_D
#
# <colnr> <probs for GDERKNQSTAVLIFYWHMCP>
#	G	D	E	R	K	N	Q	S	T	A	V	L	I	F	Y	W	H	M	C	P
0	0.02024	0.03621	0.36181	0.02413	0.03279	0.17102	0.10960	0.02701	0.01874	0.02427	0.01485	0.01843	0.01140	0.01104	0.04292	0.00314	0.05079	0.00668	0.00384	0.01109
1	0.01447	0.01227	0.01746	0.01611	0.01707	0.01581	0.01297	0.01707	0.01340	0.02036	0.01836	0.02714	0.01713	0.04088	0.38756	0.00894	0.27057	0.00821	0.05614	0.00806
2	0.01792	0.03517	0.46204	0.02390	0.07544	0.01966	0.02601	0.03065	0.17126	0.02845	0.01961	0.02106	0.01436	0.00869	0.00805	0.00267	0.01071	0.00703	0.00477	0.01255
3	0.01129	0.00753	0.01005	0.01171	0.01244	0.00698	0.00790	0.01281	0.01624	0.04871	0.04523	0.67368	0.05347	0.02535	0.01051	0.00334	0.00492	0.02296	0.00782	0.00706
4	0.00982	0.00842	0.00842	0.00842	0.01122	0.00701	0.00631	0.01192	0.01894	0.02244	0.08416	0.07995	0.65285	0.02104	0.00982	0.00281	0.00421	0.01753	0.00771	0.00701
5	0.76672	0.01607	0.01221	0.01092	0.01607	0.01864	0.00900	0.02442	0.01414	0.03727	0.01157	0.01350	0.00900	0.00771	0.00514	0.00257	0.00643	0.00450	0.00514	0.00900
6	0.02221	0.71304	0.04353	0.01421	0.02132	0.03287	0.01421	0.02488	0.01688	0.01955	0.01155	0.01333	0.01066	0.00711	0.00533	0.00178	0.00888	0.00444	0.00355	0.01066
7	0.02475	0.01693	0.01891	0.01638	0.02150	0.01858	0.01292	0.04324	0.48913	0.18925	0.03356	0.03032	0.02418	0.01103	0.00843	0.00276	0.00670	0.00914	0.00890	0.01339
8	0.03158	0.02327	0.02493	0.01911	0.02576	0.02576	0.01579	0.62852	0.03906	0.05236	0.01995	0.01995	0.01413	0.00997	0.00831	0.00249	0.00914	0.00748	0.00831	0.01413
9	0.02018	0.02144	0.06868	0.04648	0.50490	0.01996	0.14327	0.02575	0.01898	0.02699	0.01582	0.02077	0.01292	0.00735	0.00852	0.00254	0.01080	0.00781	0.00410	0.01273
10	0.01818	0.01818	0.02545	0.02181	0.02181	0.02545	0.01818	0.01999	0.01272	0.01999	0.01091	0.01818	0.01091	0.01454	0.02726	0.00364	0.69284	0.00727	0.00364	0.00909
11	0.01012	0.00723	0.00964	0.01157	0.01205	0.00675	0.00771	0.01157	0.01591	0.02121	0.04579	0.70262	0.05495	0.02603	0.01060	0.00337	0.00482	0.02362	0.00771	0.00675
12	0.07061	0.04104	0.61805	0.02276	0.03452	0.01925	0.02913	0.02617	0.01729	0.02710	0.01467	0.01725	0.01041	0.00788	0.00769	0.00263	0.01186	0.00602	0.00363	0.01204
13	0.02195	0.02336	0.03553	0.04295	0.42505	0.12011	0.15617	0.02691	0.01978	0.02598	0.01546	0.02011	0.01266	0.00749	0.00846	0.00249	0.01156	0.00762	0.00416	0.01219
14	0.00991	0.00807	0.00877	0.00934	0.01146	0.00694	0.00672	0.01182	0.01805	0.02208	0.07296	0.26172	0.47831	0.02250	0.01005	0.00297	0.00439	0.01931	0.00771	0.00694
15	0.03637	0.01434	0.01925	0.01490	0.02123	0.01267	0.01226	0.04069	0.05747	0.62774	0.03283	0.02842	0.02083	0.01034	0.00836	0.00258	0.00704	0.00841	0.01018	0.01408
16	0.02131	0.02117	0.03299	0.04886	0.61087	0.06685	0.02482	0.02605	0.01925	0.02665	0.01543	0.02016	0.01298	0.00749	0.00817	0.00244	0.01024	0.00725	0.00412	0.01291
17	0.02059	0.01927	0.03004	0.04260	0.49990	0.01997	0.02245	0.03009	0.17220	0.02902	0.02011	0.02313	0.01616	0.00835	0.00828	0.00255	0.00906	0.00789	0.00518	0.01316
18	0.00982	0.00842	0.00842	0.00842	0.01122	0.00701	0.00631	0.01192	0.01894	0.02244	0.08416	0.07995	0.65285	0.02104	0.00982	0.00281	0.00421	0.01753	0.00771	0.00701
19	0.01012	0.00723	0.00964	0.01157	0.01205	0.00675	0.00771	0.01157	0.01591	0.02121	0.04579	0.70262	0.05495	0.02603	0.01060	0.00337	0.00482	0.02362	0.00771	0.00675
20	0.02998	0.03384	0.02498	0.02420	0.09598	0.46095	0.01705	0.16144	0.02639	0.02804	0.01469	0.01668	0.01172	0.00874	0.00775	0.00225	0.01314	0.00604	0.00514	0.01100
21	0.02890	0.20435	0.02856	0.01947	0.02461	0.47159	0.01558	0.07242	0.02298	0.02236	0.01302	0.01492	0.01093	0.00830	0.00702	0.00208	0.01307	0.00527	0.00438	0.01020
22	0.01911	0.02840	0.26907	0.04081	0.42498	0.01957	0.02743	0.02580	0.01840	0.02683	0.01536	0.01943	0.01218	0.00758	0.00810	0.00253	0.01077	0.00693	0.00389	0.01283
23	0.02021	0.02159	0.08019	0.04792	0.56911	0.01979	0.06752	0.02563	0.01886	0.02704	0.01566	0.02047	0.01293	0.00741	0.00831	0.00250	0.01033	0.00748	0.00407	0.01296
24	0.02896	0.02457	0.02678	0.02678	0.17158	0.10862	0.01807	0.41175	0.03239	0.04237	0.01802	0.01944	0.01346	0.00919	0.00818	0.00244	0.01007	0.00719	0.00682	0.01332
25	0.01003	0.00758	0.00928	0.01065	0.01181	0.00683	0.00730	0.01167	0.01679	0.02157	0.05699	0.52085	0.22948	0.02457	0.01037	0.00321	0.00464	0.02184	0.00771	0.00683
26	0.01787	0.03027	0.33476	0.03366	0.26408	0.01875	0.07678	0.02504	0.01832	0.02637	0.02013	0.02339	0.05622	0.00855	0.00831	0.00260	0.01097	0.00770	0.00408	0.01215
27	0.01725	0.03919	0.55747	0.02705	0.09172	0.01948	0.07993	0.02626	0.01783	0.02641	0.01513	0.01821	0.01093	0.00777	0.00808	0.00263	0.01221	0.00656	0.00362	0.01227
28	0.03103	0.03959	0.02354	0.02140	0.02568	0.67469	0.01605	0.03317	0.02354	0.02033	0.01284	0.01498	0.01070	0.00856	0.00749	0.00214	0.01498	0.00535	0.00428	0.00963
29	0.01790	0.03554	0.46499	0.03063	0.20058	0.01948	0.02845	0.02697	0.04855	0.02695	0.01603	0.01901	0.01195	0.00793	0.00801	0.00260	0.01136	0.00664	0.00391	0.01256
30	0.56138	0.04370	0.01251	0.01033	0.01481	0.01672	0.00848	0.02327	0.01501	0.03506	0.01516	0.01753	0.01191	0.00814	0.00530	0.00239	0.00594	0.00525	0.17833	0.00878
31	0.00982	0.00842	0.00842	0.00842	0.01122	0.00701	0.00631	0.01192	0.01894	0.02244	0.08416	0.07995	0.65285	0.02104	0.00982	0.00281	0.00421	0.01753	0.00771	0.00701
32	0.01012	0.00723	0.00964	0.01157	0.01205	0.00675	0.00771	0.01157	0.01591	0.02121	0.04579	0.70262	0.05495	0.02603	0.01060	0.00337	0.00482	0.02362	0.00771	0.00675
33	0.02056	0.01974	0.03372	0.05099	0.65622	0.01974	0.02550	0.02550	0.01892	0.02714	0.01563	0.02056	0.01316	0.00740	0.00822	0.00247	0.00987	0.00740	0.00411	0.01316
34	0.01666	0.04297	0.66500	0.02368	0.03596	0.01929	0.03069	0.02631	0.01754	0.02631	0.01491	0.01754	0.01052	0.00789	0.00789	0.00263	0.01228	0.00614	0.00351	0.01228
35	0.02056	0.01974	0.03372	0.05099	0.65622	0.01974	0.02550	0.02550	0.01892	0.02714	0.01563	0.02056	0.01316	0.00740	0.00822	0.00247	0.00987	0.00740	0.00411	0.01316
36	0.01679	0.04209	0.63853	0.02417	0.03628	0.01937	0.05628	0.02632	0.01763	0.02632	0.01499	0.01775	0.01061	0.00785	0.00797	0.00264	0.01235	0.00630	0.00354	0.01223
37	0.01067	0.00880	0.00946	0.00980	0.01217	0.00793	0.00715	0.01415	0.06295	0.02302	0.07108	0.22981	0.46044	0.02157	0.00991	0.00295	0.00453	0.01845	0.00777	0.00739
38	0.00982	0.00842	0.00842	0.00842	0.01122	0.00701	0.00631	0.01192	0.01894	0.02244	0.08416	0.07995	0.65285	0.02104	0.00982	0.00281	0.00421	0.01753	0.00771	0.00701
39	0.01899	0.32441	0.40397	0.01970	0.02981	0.02500	0.02377	0.02571	0.01726	0.02347	0.01350	0.01577	0.01058	0.00756	0.00682	0.00227	0.01085	0.00543	0.00353	0.01160
40	0.01739	0.03791	0.51327	0.02647	0.03779	0.01972	0.17734	0.02638	0.01805	0.02638	0.01538	0.01874	0.01104	0.00767	0.00836	0.00267	0.01270	0.00704	0.00368	0.01201
41	0.00992	0.00842	0.00856	0.00853	0.01129	0.00706	0.00640	0.01213	0.01919	0.02303	0.11511	0.07897	0.62153	0.02082	0.00982	0.00279	0.00419	0.01740	0.00779	0.00706
42	0.01703	0.04037	0.58711	0.02511	0.03690	0.01951	0.10598	0.02635	0.01780	0.02635	0.01515	0.01816	0.01079	0.00778	0.00813	0.00265	0.01250	0.00660	0.00360	0.01214
43	0.01920	0.01925	0.03545	0.19442	0.36672	0.01975	0.17286	0.02478	0.01855	0.02564	0.01572	0.02138	0.01254	0.00751	0.00863	0.00262	0.01117	0.00799	0.00404	0.01177
44	0.01960	0.02546	0.18922	0.04426	0.50344	0.01963	0.02678	0.02570	0.01858	0.02694	0.01545	0.01982	0.01251	0.00752	0.00814	0.00251	0.01046	0.00709	0.00396	0.01294
45	0.01680	0.04202	0.63644	0.02420	0.03630	0.01937	0.05829	0.02632	0.01764	0.02632	0.01500	0.01777	0.01062	0.00785	0.00798	0.00264	0.01236	0.00631	0.00354	0.01223
46	0.01969	0.01885	0.03215	0.16432	0.54966	0.01951	0.02506	0.02474	0.01851	0.02609	0.01547	0.02084	0.01279	0.00756	0.00824	0.00252	0.01008	0.00740	0.00404	0.01246
47	0.01762	0.03725	0.50950	0.03041	0.18874	0.01940	0.02941	0.02611	0.01788	0.02651	0.01509	0.01828	0.01117	0.00777	0.00797	0.00259	0.01168	0.00645	0.00366	0.01249
48	0.01666	0.04297	0.66500	0.02368	0.03596	0.01929	0.03069	0.02631	0.01754	0.02631	0.01491	0.01754	0.01052	0.00789	0.00789	0.00263	0.01228	0.00614	0.00351	0.01228
49	0.01666	0.04297	0.66500	0.02368	0.03596	0.01929	0.03069	0.02631	0.01754	0.02631	0.01491	0.01754	0.01052	0.00789	0.00789	0.00263	0.01228	0.00614	0.00351	0.01228
50	0.01666	0.04297	0.66500	0.02368	0.03596	0.01929	0.03069	0.02631	0.01754	0.02631	0.01491	0.01754	0.01052	0.00789	0.00789	0.00263	0.01228	0.00614	0.00351	0.01228
51	0.01139	0.00879	0.01221	0.01221	0.01400	0.00960	0.00944	0.01416	0.01464	0.02002	0.03657	0.04358	0.16697	0.05276	0.52123	0.01091	0.01808	0.01090	0.00521	0.00732
52	0.01339	0.00956	0.01339	0.01530	0.01721	0.00956	0.01339	0.01721	0.01912	0.02486	0.04399	0.09371	0.04781	0.02295	0.01147	0.00382	0.00765	0.60031	0.00765	0.00765
53	0.02056	0.01974	0.03372	0.05099	0.65622	0.01974	0.02550	0.02550	0.01892	0.02714	0.01563	0.02056	0.01316	0.00740	0.00822	0.00247	0.00987	0.00740	0.00411	0.01316
54	0.02457	0.01593	0.02505	0.03226	0.32519	0.01530	0.01882	0.02873	0.02053	0.23235	0.02674	0.03740	0.02235	0.01138	0.00890	0.00277	0.00853	0.12398	0.00680	0.01240
55	0.02056	0.01974	0.03372	0.05099	0.65622	0.01974	0.02550	0.02550	0.01892	0.02714	0.01563	0.02056	0.01316	0.00740	0.00822	0.00247	0.00987	0.00740	0.00411	0.01316
56	0.02951	0.03735	0.02245	0.02047	0.02464	0.62667	0.01535	0.03164	0.02321	0.02048	0.01797	0.01965	0.05689	0.00946	0.00766	0.00219	0.01421	0.00623	0.00453	0.00944
57	0.02343	0.08311	0.02096	0.01680	0.02110	0.29647	0.01308	0.07211	0.12561	0.02664	0.09459	0.03249	0.11627	0.01174	0.00812	0.00240	0.00989	0.00893	0.00622	0.01004
58	0.01597	0.01180	0.01433	0.01412	0.01620	0.01241	0.01054	0.16428	0.02170	0.02908	0.03783	0.46342	0.04254	0.02138	0.01080	0.00320	0.03505	0.05895	0.00768	0.00873
59	0.02743	0.19827	0.06397	0.02187	0.06894	0.44117	0.01707	0.03030	0.02131	0.02094	0.01284	0.01511	0.01085	0.00810	0.00705	0.00210	0.01303	0.00532	0.00405	0.01026
60	0.02976	0.04633	0.02264	0.01702	0.02285	0.02115	0.01389	0.41550	0.03218	0.16430	0.02422	0.07052	0.01894	0.04910	0.01021	0.00284	0.00837	0.00890	0.00829	0.01299
61	0.02020	0.02076	0.03959	0.04486	0.42097	0.02023	0.25604	0.02592	0.01918	0.02694	0.01608	0.02127	0.01295	0.00725	0.00883	0.00260	0.01146	0.00832	0.00415	0.01241
62	0.02056	0.01974	0.03372	0.05099	0.65622	0.01974	0.02550	0.02550	0.01892	0.02714	0.01563	0.02056	0.01316	0.00740	0.00822	0.00247	0.00987	0.00740	0.00411	0.01316
63	0.02066	0.02196	0.02717	0.34789	0.22478	0.17062	0.02216	0.02524	0.01889	0.02275	0.01457	0.02003	0.01160	0.00810	0.00809	0.00254	0.01163	0.00692	0.00395	0.01047
64	0.02462	0.02794	0.02819	0.11231	0.30749	0.30916	0.02104	0.02839	0.02069	0.02344	0.01429	0.01828	0.01183	0.00802	0.00791	0.00236	0.01227	0.00649	0.00414	0.01114
65	0.02538	0.38997	0.08399	0.01750	0.02421	0.19841	0.01619	0.11048	0.02173	0.02480	0.01331	0.01500	0.01114	0.00794	0.00650	0.00204	0.01078	0.00523	0.00440	0.01100

[dist]
# distance from previous block
# <min> <max>
1	3

[block]
# block no. 4 follows, 22 sequences, length 90
# corresponding to MSA columns:
# 210-299
name=unknown_E
#
# <colnr> <probs for GDERKNQSTAVLIFYWHMCP>
#	G	D	E	R	K	N	Q	S	T	A	V	L	I	F	Y	W	H	M	C	P
0	0.02645	0.24492	0.03378	0.02191	0.06958	0.15236	0.08208	0.21548	0.02554	0.03124	0.01527	0.01720	0.01213	0.00829	0.00736	0.00223	0.01076	0.00635	0.00529	0.01178
1	0.02195	0.02088	0.03244	0.04750	0.58741	0.06445	0.02431	0.02662	0.01943	0.05215	0.01612	0.02049	0.01329	0.00760	0.00818	0.00245	0.01011	0.00730	0.00437	0.01296
2	0.01746	0.01291	0.01570	0.01650	0.08521	0.01260	0.01143	0.13575	0.02289	0.07281	0.05309	0.12348	0.29899	0.01736	0.00948	0.00284	0.00636	0.06795	0.00761	0.00958
3	0.03103	0.03959	0.02354	0.02140	0.02568	0.67469	0.01605	0.03317	0.02354	0.02033	0.01284	0.01498	0.01070	0.00856	0.00749	0.00214	0.01498	0.00535	0.00428	0.00963
4	0.01468	0.01136	0.01281	0.01251	0.01519	0.01144	0.00936	0.11298	0.08831	0.02811	0.05205	0.30980	0.22746	0.02026	0.00980	0.00302	0.00561	0.03865	0.00789	0.00872
5	0.01278	0.00948	0.01174	0.01120	0.01310	0.00965	0.00825	0.05416	0.01837	0.02488	0.18959	0.05258	0.15933	0.16889	0.21194	0.00689	0.01054	0.01263	0.00661	0.00741
6	0.23576	0.00982	0.01123	0.01085	0.01237	0.01058	0.00774	0.01482	0.01180	0.02115	0.01359	0.02179	0.01283	0.02264	0.02443	0.53596	0.00698	0.00642	0.00406	0.00519
7	0.00982	0.00842	0.00842	0.00842	0.01122	0.00701	0.00631	0.01192	0.01894	0.02244	0.08416	0.07995	0.65285	0.02104	0.00982	0.00281	0.00421	0.01753	0.00771	0.00701
8	0.01187	0.00890	0.01335	0.01335	0.01483	0.01038	0.01038	0.01483	0.01335	0.01928	0.02225	0.03264	0.02077	0.06231	0.67512	0.01335	0.02225	0.00890	0.00445	0.00742
9	0.01326	0.00877	0.01092	0.01022	0.01219	0.00807	0.00740	0.01615	0.02076	0.06989	0.42157	0.06049	0.13401	0.15146	0.01603	0.00369	0.00496	0.01431	0.00825	0.00761
10	0.01170	0.00789	0.00917	0.00955	0.00964	0.00780	0.00555	0.01198	0.01282	0.01710	0.02998	0.18028	0.03501	0.57557	0.03613	0.00714	0.00743	0.01432	0.00555	0.00537
11	0.01353	0.00836	0.00984	0.00981	0.01032	0.00815	0.00591	0.01396	0.01343	0.06121	0.02941	0.14438	0.03304	0.56350	0.03547	0.00701	0.00753	0.01346	0.00577	0.00590
12	0.02311	0.01693	0.01897	0.01627	0.02051	0.01825	0.01283	0.38050	0.02990	0.04001	0.03025	0.26364	0.03019	0.01628	0.00928	0.00287	0.00755	0.04340	0.00807	0.01120
13	0.01984	0.02175	0.04526	0.03894	0.19396	0.02070	0.47852	0.02634	0.01944	0.02674	0.01652	0.02195	0.01274	0.00710	0.00942	0.00272	0.01299	0.00921	0.00418	0.01168
14	0.02066	0.01785	0.01878	0.01691	0.02160	0.02066	0.01315	0.04414	0.64121	0.03475	0.03381	0.03099	0.02536	0.01127	0.00845	0.00282	0.00657	0.00939	0.00845	0.01315
15	0.01208	0.00805	0.00906	0.00906	0.00906	0.00805	0.00503	0.01208	0.01208	0.01611	0.02618	0.05436	0.03020	0.70804	0.04228	0.00805	0.00805	0.01208	0.00503	0.00503
16	0.01660	0.01635	0.01539	0.01486	0.01687	0.17333	0.01120	0.01904	0.01572	0.01920	0.02036	0.03065	0.01932	0.11902	0.44259	0.01002	0.01893	0.00837	0.00447	0.00770
17	0.01151	0.00907	0.01045	0.01000	0.01250	0.00832	0.00753	0.01593	0.06205	0.02874	0.36732	0.06771	0.32181	0.01835	0.00972	0.00271	0.00422	0.01573	0.00848	0.00783
18	0.01168	0.00840	0.00996	0.01014	0.01115	0.00831	0.00689	0.01294	0.01444	0.01879	0.04002	0.06053	0.16718	0.39770	0.12489	0.00728	0.00925	0.06861	0.00578	0.00607
19	0.01207	0.00810	0.00929	0.00929	0.00936	0.00818	0.00532	0.01223	0.01215	0.01628	0.02597	0.05322	0.02971	0.67407	0.07558	0.00833	0.00880	0.01191	0.00500	0.00516
20	0.01203	0.00827	0.01018	0.01018	0.01056	0.00866	0.00643	0.01280	0.01241	0.01693	0.02515	0.04871	0.02775	0.54009	0.20688	0.00943	0.01175	0.01125	0.00488	0.00565
21	0.01679	0.01213	0.01469	0.01326	0.01549	0.01334	0.00983	0.16463	0.01922	0.02629	0.02307	0.03716	0.02246	0.27666	0.28864	0.00882	0.01404	0.00967	0.00560	0.00823
22	0.01158	0.00794	0.00967	0.01014	0.01042	0.00799	0.00627	0.01225	0.01316	0.01770	0.03057	0.21126	0.03526	0.47058	0.10302	0.00748	0.00880	0.01457	0.00563	0.00571
23	0.01185	0.00802	0.00942	0.00963	0.00978	0.00807	0.00569	0.01221	0.01258	0.01688	0.02803	0.12306	0.03223	0.58983	0.08234	0.00791	0.00868	0.01311	0.00528	0.00538
24	0.01443	0.00722	0.01082	0.01082	0.01082	0.00722	0.00722	0.01082	0.01082	0.01443	0.01443	0.02525	0.01443	0.02886	0.03247	0.75830	0.00722	0.00722	0.00361	0.00361
25	0.02271	0.02388	0.03017	0.07142	0.45040	0.16741	0.02255	0.02810	0.05548	0.02577	0.01600	0.01997	0.01321	0.00793	0.00808	0.00243	0.01089	0.00705	0.00438	0.01218
26	0.01140	0.00822	0.01097	0.01145	0.01232	0.00866	0.00800	0.01310	0.01388	0.01900	0.03210	0.20571	0.06195	0.23659	0.29875	0.00888	0.01304	0.01384	0.00557	0.00655
27	0.01139	0.01052	0.00966	0.00962	0.01248	0.05092	0.00731	0.01359	0.01925	0.02243	0.07742	0.07640	0.57963	0.02032	0.00975	0.00281	0.00509	0.04670	0.00749	0.00722
28	0.01852	0.01904	0.03291	0.02479	0.02999	0.02013	0.26078	0.02288	0.01660	0.02439	0.01423	0.01965	0.01193	0.00945	0.01505	0.00271	0.25093	0.00771	0.00418	0.19412
29	0.03022	0.10139	0.02538	0.02074	0.02528	0.61579	0.01588	0.03241	0.02293	0.02026	0.01272	0.01483	0.01070	0.00843	0.00729	0.00211	0.01442	0.00527	0.00421	0.00973
30	0.01033	0.00766	0.00945	0.01060	0.01169	0.00699	0.00723	0.01203	0.01696	0.02215	0.10391	0.46498	0.18898	0.07102	0.01254	0.00350	0.00483	0.02074	0.00765	0.00678
31	0.01452	0.01075	0.01291	0.01327	0.01614	0.01066	0.01096	0.02096	0.12104	0.05548	0.05503	0.07586	0.24224	0.01982	0.01029	0.00327	0.00631	0.28393	0.00793	0.00864
32	0.00997	0.00839	0.00846	0.00846	0.01108	0.00708	0.00623	0.01193	0.01849	0.02203	0.08036	0.07827	0.61202	0.06609	0.01195	0.00315	0.00446	0.01718	0.00754	0.00688
33	0.01041	0.00850	0.00923	0.00921	0.01180	0.00732	0.00702	0.01297	0.01985	0.02474	0.19448	0.07719	0.50424	0.02034	0.00991	0.00283	0.00435	0.05040	0.00799	0.00721
34	0.02056	0.01974	0.03372	0.05099	0.65622	0.01974	0.02550	0.02550	0.01892	0.02714	0.01563	0.02056	0.01316	0.00740	0.00822	0.00247	0.00987	0.00740	0.00411	0.01316
35	0.01082	0.00852	0.00980	0.00967	0.01208	0.00751	0.00738	0.01375	0.02075	0.02689	0.30551	0.07379	0.38651	0.01956	0.00992	0.00280	0.00432	0.05476	0.00827	0.00738
36	0.01197	0.00850	0.01133	0.01133	0.01211	0.00929	0.00786	0.01354	0.01275	0.01779	0.02410	0.04287	0.02521	0.36654	0.37696	0.01086	0.01556	0.01040	0.00473	0.00629
37	0.01012	0.00723	0.00964	0.01157	0.01205	0.00675	0.00771	0.01157	0.01591	0.02121	0.04579	0.70262	0.05495	0.02603	0.01060	0.00337	0.00482	0.02362	0.00771	0.00675
38	0.02066	0.01785	0.01878	0.01691	0.02160	0.02066	0.01315	0.04414	0.64121	0.03475	0.03381	0.03099	0.02536	0.01127	0.00845	0.00282	0.00657	0.00939	0.00845	0.01315
39	0.01012	0.00723	0.00964	0.01157	0.01205	0.00675	0.00771	0.01157	0.01591	0.02121	0.04579	0.70262	0.05495	0.02603	0.01060	0.00337	0.00482	0.02362	0.00771	0.00675
40	0.01961	0.02241	0.04902	0.03501	0.04342	0.02101	0.62605	0.02661	0.01961	0.02661	0.01681	0.02241	0.01261	0.00700	0.00980	0.00280	0.01401	0.00980	0.00420	0.01120
41	0.01012	0.00723	0.00964	0.01157	0.01205	0.00675	0.00771	0.01157	0.01591	0.02121	0.04579	0.70262	0.05495	0.02603	0.01060	0.00337	0.00482	0.02362	0.00771	0.00675
42	0.02282	0.01496	0.01645	0.01355	0.01792	0.01561	0.01086	0.27589	0.02808	0.08928	0.12219	0.03597	0.09496	0.01215	0.00808	0.00241	0.00638	0.00981	0.19175	0.01087
43	0.02223	0.01891	0.03010	0.04241	0.50028	0.01913	0.02237	0.02972	0.11086	0.09091	0.01999	0.02286	0.01568	0.00825	0.00827	0.00253	0.00911	0.00779	0.00536	0.01325
44	0.02618	0.01893	0.01912	0.01544	0.02039	0.05312	0.01247	0.39460	0.03104	0.04357	0.02197	0.02337	0.01634	0.00980	0.00743	0.00229	0.00768	0.00746	0.25703	0.01177
45	0.01012	0.00723	0.00964	0.01157	0.01205	0.00675	0.00771	0.01157	0.01591	0.02121	0.04579	0.70262	0.05495	0.02603	0.01060	0.00337	0.00482	0.02362	0.00771	0.00675
46	0.01033	0.00876	0.00897	0.00902	0.01175	0.00762	0.00672	0.01337	0.04710	0.02292	0.07922	0.12051	0.58315	0.02094	0.00981	0.00284	0.00436	0.01758	0.00775	0.00727
47	0.02674	0.01974	0.02209	0.01770	0.02308	0.02198	0.01446	0.47776	0.03274	0.04423	0.02051	0.02306	0.01576	0.02283	0.17212	0.00516	0.01236	0.00783	0.00736	0.01248
48	0.01350	0.01017	0.01165	0.01187	0.01319	0.01069	0.00797	0.01978	0.16798	0.02248	0.03495	0.27672	0.03772	0.29690	0.02283	0.00512	0.00655	0.01548	0.00682	0.00763
49	0.03006	0.01254	0.01697	0.01356	0.01872	0.01097	0.01097	0.03347	0.02370	0.48423	0.20781	0.03783	0.03691	0.01218	0.00876	0.00258	0.00618	0.01024	0.00996	0.01236
50	0.02862	0.02498	0.02463	0.02249	0.09069	0.14102	0.01643	0.36678	0.12892	0.04120	0.02040	0.02086	0.01518	0.00966	0.00818	0.00248	0.00986	0.00739	0.00717	0.01306
51	0.02850	0.03544	0.02236	0.02031	0.02432	0.56808	0.01534	0.03163	0.05212	0.02115	0.01865	0.02035	0.05554	0.00982	0.00860	0.00229	0.04475	0.00647	0.00469	0.00959
52	0.01165	0.00805	0.00950	0.00962	0.01021	0.00779	0.00599	0.01271	0.01515	0.02043	0.15321	0.14070	0.07477	0.45061	0.03022	0.00612	0.00664	0.01442	0.00632	0.00590
53	0.01244	0.00823	0.01182	0.01203	0.01299	0.00899	0.00880	0.01360	0.01316	0.01873	0.02353	0.10493	0.02371	0.09275	0.38347	0.17935	0.01514	0.01028	0.03972	0.00634
54	0.01761	0.01706	0.02741	0.03467	0.34719	0.01806	0.05912	0.02144	0.01776	0.02466	0.03024	0.03361	0.15692	0.01184	0.01239	0.00279	0.14172	0.00982	0.00484	0.01085
55	0.03025	0.10054	0.02545	0.02062	0.02529	0.58165	0.01587	0.06374	0.02375	0.02194	0.01310	0.01509	0.01088	0.00850	0.00734	0.00213	0.01411	0.00538	0.00443	0.00996
56	0.03103	0.03959	0.02354	0.02140	0.02568	0.67469	0.01605	0.03317	0.02354	0.02033	0.01284	0.01498	0.01070	0.00856	0.00749	0.00214	0.01498	0.00535	0.00428	0.00963
57	0.02507	0.01903	0.02074	0.01728	0.02255	0.02092	0.01417	0.37659	0.15168	0.04254	0.03124	0.03764	0.07175	0.01300	0.00892	0.00278	0.00803	0.09545	0.00819	0.01243
