[name]
unknown

[dist]
# distance from previous block
# <min> <max>
79	474

[block]
# block no. 0 follows, 23 sequences, length 43
# corresponding to MSA columns:
# 497-539
name=unknown_A
#
# <colnr> <probs for GDERKNQSTAVLIFYWHMCP>
#	G	D	E	R	K	N	Q	S	T	A	V	L	I	F	Y	W	H	M	C	P
0	0.01636	0.01462	0.02385	0.11209	0.37131	0.01493	0.01853	0.02010	0.01708	0.02396	0.02351	0.19563	0.02402	0.04817	0.01024	0.00293	0.00823	0.01145	0.03275	0.01023
1	0.01851	0.01756	0.02924	0.04364	0.56534	0.01739	0.02212	0.02288	0.01835	0.02576	0.02381	0.05565	0.08522	0.00945	0.00830	0.00248	0.00883	0.00898	0.00455	0.01193
2	0.01776	0.01691	0.02874	0.36448	0.36767	0.01867	0.02375	0.02287	0.01738	0.02369	0.01485	0.02084	0.01186	0.00766	0.00807	0.00255	0.01021	0.00722	0.00382	0.01098
3	0.01606	0.01499	0.02541	0.14438	0.25978	0.01524	0.09056	0.02048	0.01802	0.02416	0.03006	0.08264	0.10267	0.01261	0.00908	0.00281	0.00895	0.10695	0.00518	0.00995
4	0.02266	0.02440	0.02687	0.11517	0.30699	0.22292	0.02015	0.02915	0.10465	0.02476	0.01672	0.01997	0.01347	0.00819	0.00785	0.00239	0.01088	0.00687	0.00459	0.01132
5	0.01979	0.02101	0.06335	0.16358	0.47358	0.06874	0.02404	0.02475	0.01834	0.02492	0.01487	0.01980	0.01217	0.00750	0.00798	0.00245	0.01035	0.00701	0.00392	0.01185
6	0.01722	0.01523	0.02419	0.07688	0.36715	0.01548	0.01866	0.05875	0.01876	0.02594	0.02522	0.21619	0.02603	0.01336	0.00887	0.00275	0.00818	0.04513	0.00542	0.01062
7	0.02023	0.02137	0.05875	0.12715	0.50392	0.07781	0.02401	0.02508	0.01854	0.02516	0.01489	0.01967	0.01227	0.00746	0.00797	0.00243	0.01033	0.00700	0.00395	0.01203
8	0.01566	0.01524	0.01882	0.02495	0.24193	0.08668	0.01412	0.01854	0.01830	0.02302	0.04220	0.19768	0.21940	0.01565	0.00897	0.00268	0.00737	0.01371	0.00592	0.00918
9	0.01013	0.00811	0.00913	0.00966	0.01180	0.00711	0.00725	0.01235	0.01821	0.02261	0.10793	0.20488	0.43777	0.02146	0.00991	0.00294	0.00456	0.07964	0.00762	0.00691
10	0.01886	0.01701	0.02836	0.11279	0.30109	0.01744	0.10495	0.02586	0.09323	0.05348	0.02403	0.03271	0.04387	0.01015	0.00872	0.00270	0.00937	0.07877	0.00528	0.01131
11	0.02371	0.09470	0.15440	0.10111	0.06275	0.30718	0.01974	0.05740	0.02030	0.02290	0.01341	0.01651	0.01076	0.00845	0.00858	0.00235	0.05553	0.00585	0.00404	0.01032
12	0.02169	0.71972	0.04252	0.01388	0.02083	0.03211	0.01388	0.02430	0.01649	0.01909	0.01128	0.01302	0.01041	0.00694	0.00521	0.00174	0.00868	0.00434	0.00347	0.01041
13	0.01159	0.00869	0.01304	0.01304	0.01449	0.01014	0.01014	0.01449	0.01304	0.01884	0.02173	0.03188	0.02029	0.06086	0.68268	0.01304	0.02173	0.00869	0.00435	0.00724
14	0.01100	0.00903	0.01369	0.01335	0.01509	0.00832	0.08066	0.01310	0.01630	0.02132	0.04695	0.49317	0.15099	0.05235	0.01148	0.00333	0.00579	0.01999	0.00702	0.00707
15	0.02349	0.02164	0.02098	0.17659	0.03022	0.18523	0.01572	0.03475	0.27006	0.10179	0.02339	0.02400	0.01735	0.00955	0.00797	0.00255	0.00957	0.00760	0.00635	0.01119
16	0.00959	0.00822	0.00822	0.00822	0.01096	0.00685	0.00617	0.01165	0.01850	0.02192	0.08220	0.07809	0.66092	0.02055	0.00959	0.00274	0.00411	0.01713	0.00754	0.00685
17	0.01027	0.00785	0.01007	0.01133	0.01216	0.00765	0.00787	0.01181	0.01587	0.02085	0.04920	0.56376	0.15449	0.02397	0.01113	0.00322	0.04325	0.02117	0.00731	0.00676
18	0.02731	0.03357	0.02481	0.02451	0.10131	0.52615	0.04807	0.03002	0.02162	0.02090	0.01366	0.01677	0.01147	0.01154	0.05113	0.00287	0.01445	0.00591	0.00417	0.00976
19	0.02373	0.01415	0.01692	0.01452	0.01861	0.01433	0.01133	0.21763	0.04515	0.19748	0.07618	0.25031	0.03317	0.01546	0.00897	0.00275	0.00660	0.01325	0.00848	0.01099
20	0.10546	0.03255	0.41216	0.02312	0.03210	0.01984	0.11864	0.02469	0.01642	0.02617	0.01394	0.01748	0.01047	0.00843	0.01023	0.00272	0.10431	0.00651	0.00373	0.01104
21	0.02080	0.02064	0.03224	0.04778	0.61949	0.06568	0.02426	0.02543	0.01879	0.02604	0.01507	0.01970	0.01268	0.00731	0.00798	0.00239	0.00999	0.00709	0.00403	0.01261
22	0.10482	0.03889	0.59538	0.02167	0.03284	0.01877	0.02750	0.02548	0.01674	0.02695	0.01418	0.01667	0.01010	0.00769	0.00739	0.00256	0.01132	0.00581	0.00361	0.01162
23	0.01165	0.00846	0.01183	0.01183	0.01286	0.00949	0.00864	0.01371	0.01268	0.01794	0.02284	0.03799	0.02294	0.24934	0.49782	0.01155	0.01774	0.00959	0.00451	0.00657
24	0.01294	0.01086	0.03631	0.01238	0.01458	0.01024	0.00951	0.04206	0.09770	0.02648	0.20135	0.27146	0.06708	0.05563	0.08889	0.00429	0.00722	0.01548	0.00738	0.00815
25	0.02147	0.28839	0.11105	0.02420	0.10219	0.12503	0.12310	0.02571	0.01795	0.02204	0.01315	0.01640	0.01103	0.00777	0.00839	0.00226	0.05931	0.00609	0.00375	0.01071
26	0.01959	0.01876	0.03178	0.04787	0.63378	0.01870	0.02403	0.02428	0.01848	0.02630	0.01838	0.02279	0.04305	0.00785	0.00811	0.00243	0.00938	0.00769	0.00418	0.01257
27	0.01161	0.00864	0.01277	0.01277	0.01413	0.01000	0.00981	0.01432	0.01296	0.01864	0.02198	0.03325	0.02088	0.10309	0.64126	0.01271	0.02084	0.00889	0.00438	0.00709
28	0.01850	0.03207	0.39418	0.02780	0.11448	0.01930	0.13159	0.02591	0.01760	0.06115	0.01562	0.01896	0.01153	0.00816	0.00965	0.00266	0.06810	0.00698	0.00400	0.01177
29	0.01685	0.03795	0.54758	0.02535	0.03658	0.01918	0.15116	0.02576	0.01754	0.02576	0.01493	0.01808	0.01069	0.00753	0.00808	0.00260	0.01233	0.00671	0.00356	0.01178
30	0.02137	0.27915	0.30368	0.01938	0.02782	0.17445	0.02108	0.02673	0.01824	0.02205	0.01295	0.01512	0.01037	0.00759	0.00674	0.00217	0.01143	0.00524	0.00361	0.01085
31	0.01984	0.02070	0.07302	0.04813	0.62481	0.01925	0.02522	0.02495	0.01839	0.02646	0.01522	0.01990	0.01269	0.00726	0.00801	0.00242	0.00979	0.00715	0.00398	0.01280
32	0.01808	0.01482	0.01869	0.01562	0.01989	0.01518	0.08013	0.19716	0.09767	0.03201	0.04483	0.15343	0.22724	0.01559	0.00913	0.00274	0.00694	0.01350	0.00740	0.00997
33	0.01171	0.00783	0.00888	0.00897	0.00899	0.00780	0.00504	0.01178	0.01198	0.01598	0.02650	0.08524	0.03068	0.68108	0.03978	0.00764	0.00771	0.01235	0.00504	0.00500
34	0.01197	0.00993	0.01439	0.25052	0.02678	0.01079	0.01227	0.01472	0.01582	0.02033	0.03791	0.28920	0.13397	0.09932	0.01307	0.00353	0.00712	0.01522	0.00585	0.00729
35	0.02075	0.26204	0.25565	0.01779	0.02536	0.15485	0.01893	0.02578	0.01808	0.02287	0.01446	0.01680	0.01159	0.00779	0.00656	0.00212	0.01046	0.00548	0.09220	0.01043
36	0.02750	0.03159	0.02178	0.01951	0.02397	0.45031	0.01486	0.07774	0.20004	0.02600	0.01878	0.01937	0.01471	0.00920	0.00764	0.00230	0.01193	0.00648	0.00560	0.01068
37	0.01080	0.00913	0.00929	0.00910	0.01186	0.00827	0.00676	0.01485	0.08215	0.02275	0.07366	0.07167	0.55678	0.06307	0.01144	0.00306	0.00458	0.01598	0.00744	0.00734
38	0.01957	0.01998	0.06173	0.09376	0.59274	0.01917	0.02497	0.02465	0.01826	0.02607	0.01517	0.02006	0.01259	0.00731	0.00802	0.00244	0.00983	0.00717	0.00396	0.01254
39	0.02277	0.02172	0.02254	0.16050	0.10083	0.16216	0.01670	0.18279	0.07585	0.03017	0.02322	0.06685	0.05755	0.01061	0.00818	0.00251	0.00985	0.00860	0.00582	0.01078
40	0.01305	0.09210	0.01586	0.01236	0.01445	0.01241	0.00971	0.01631	0.03403	0.02088	0.11038	0.03609	0.02819	0.12252	0.41466	0.00934	0.01564	0.00939	0.00507	0.00757
41	0.11200	0.16385	0.02720	0.01850	0.02281	0.17288	0.03715	0.12909	0.02039	0.02710	0.01298	0.01601	0.01094	0.00963	0.01172	0.00252	0.18446	0.00593	0.00464	0.01020
42	0.02606	0.02065	0.02068	0.01715	0.02239	0.08580	0.01391	0.35285	0.12108	0.06941	0.02881	0.03261	0.07278	0.01190	0.00847	0.00260	0.00849	0.06458	0.00773	0.01205

[dist]
# distance from previous block
# <min> <max>
0	5

[block]
# block no. 1 follows, 23 sequences, length 37
# corresponding to MSA columns:
# 545-581
name=unknown_B
#
# <colnr> <probs for GDERKNQSTAVLIFYWHMCP>
#	G	D	E	R	K	N	Q	S	T	A	V	L	I	F	Y	W	H	M	C	P
0	0.12200	0.02876	0.01812	0.01660	0.02038	0.44595	0.01255	0.02828	0.02048	0.02431	0.01550	0.01795	0.01256	0.00850	0.00665	0.00210	0.01113	0.00564	0.17362	0.00891
1	0.01726	0.13363	0.54635	0.02352	0.07237	0.02069	0.02745	0.02546	0.01713	0.02484	0.01415	0.01675	0.01046	0.00757	0.00739	0.00245	0.01139	0.00585	0.00347	0.01183
2	0.00989	0.00706	0.00942	0.01130	0.01177	0.00659	0.00753	0.01130	0.01554	0.02071	0.04472	0.70954	0.05367	0.02542	0.01036	0.00330	0.00471	0.02307	0.00753	0.00659
3	0.04925	0.01125	0.01315	0.01206	0.01555	0.01086	0.00923	0.02460	0.12826	0.18439	0.08658	0.18676	0.20229	0.01656	0.00898	0.00278	0.00539	0.01413	0.00826	0.00967
4	0.02259	0.02404	0.03050	0.04271	0.50738	0.18197	0.02264	0.02674	0.01958	0.02488	0.01460	0.01875	0.01226	0.00751	0.00786	0.00233	0.01087	0.00674	0.00406	0.01201
5	0.02169	0.71972	0.04252	0.01388	0.02083	0.03211	0.01388	0.02430	0.01649	0.01909	0.01128	0.01302	0.01041	0.00694	0.00521	0.00174	0.00868	0.00434	0.00347	0.01041
6	0.17878	0.01383	0.01381	0.01176	0.01570	0.01492	0.00933	0.19001	0.02174	0.03594	0.02058	0.02433	0.01638	0.04763	0.03421	0.00288	0.00673	0.00696	0.29121	0.04326
7	0.03085	0.02273	0.02435	0.01867	0.02516	0.02516	0.01542	0.63716	0.03815	0.05114	0.01948	0.01948	0.01380	0.00974	0.00812	0.00244	0.00893	0.00731	0.00812	0.01380
8	0.01198	0.00926	0.01378	0.01356	0.01491	0.01106	0.01062	0.01480	0.01300	0.01888	0.02104	0.03100	0.01968	0.05795	0.64178	0.01245	0.06401	0.00859	0.00430	0.00735
9	0.02313	0.01327	0.01585	0.01290	0.01690	0.01281	0.00974	0.14112	0.02081	0.21153	0.02471	0.03398	0.02125	0.26262	0.04792	0.00468	0.00815	0.00890	0.00696	0.10276
10	0.01146	0.00894	0.01058	0.00984	0.01249	0.00773	0.00730	0.01433	0.01967	0.02669	0.31640	0.11259	0.24915	0.04845	0.01060	0.00274	0.00445	0.01473	0.00767	0.10420
11	0.01180	0.00787	0.00885	0.00885	0.00885	0.00787	0.00492	0.01180	0.01180	0.01573	0.02557	0.05310	0.02950	0.71483	0.04130	0.00787	0.00787	0.01180	0.00492	0.00492
12	0.01171	0.00783	0.00888	0.00897	0.00899	0.00780	0.00504	0.01178	0.01198	0.01598	0.02650	0.08497	0.03067	0.68137	0.03980	0.00764	0.00771	0.01235	0.00504	0.00500
13	0.01158	0.00832	0.01101	0.01101	0.01191	0.00900	0.00771	0.01320	0.01280	0.01768	0.02651	0.04330	0.05751	0.33686	0.37494	0.01030	0.01492	0.01045	0.00475	0.00623
14	0.02614	0.03189	0.02341	0.17923	0.03212	0.49216	0.01740	0.02899	0.02086	0.02005	0.01289	0.01644	0.01055	0.00861	0.00851	0.00231	0.04937	0.00579	0.00401	0.00929
15	0.01022	0.00732	0.00972	0.01107	0.01184	0.00682	0.00756	0.01214	0.01710	0.02321	0.17439	0.57277	0.05849	0.02356	0.01019	0.00314	0.00452	0.02130	0.00783	0.00682
16	0.01180	0.00787	0.00885	0.00885	0.00885	0.00787	0.00492	0.01180	0.01180	0.01573	0.02557	0.05310	0.02950	0.71483	0.04130	0.00787	0.00787	0.01180	0.00492	0.00492
17	0.01073	0.00830	0.00980	0.00954	0.01181	0.00737	0.00723	0.01378	0.02085	0.02759	0.38359	0.06947	0.32945	0.01855	0.00965	0.00268	0.00410	0.03996	0.00827	0.00730
18	0.02035	0.02104	0.02864	0.21557	0.36739	0.12620	0.02243	0.02474	0.01831	0.02355	0.01437	0.01950	0.01181	0.00799	0.00886	0.00249	0.04487	0.00690	0.00391	0.01108
19	0.77215	0.01569	0.01193	0.01067	0.01569	0.01820	0.00879	0.02385	0.01381	0.03641	0.01130	0.01318	0.00879	0.00753	0.00502	0.00251	0.00628	0.00439	0.00502	0.00879
20	0.01756	0.01809	0.14193	0.05801	0.02245	0.01411	0.01484	0.15100	0.02112	0.06190	0.03004	0.29524	0.03098	0.04639	0.01048	0.00311	0.00777	0.03869	0.00664	0.00967
21	0.01159	0.00869	0.01304	0.01304	0.01449	0.01014	0.01014	0.01449	0.01304	0.01884	0.02173	0.03188	0.02029	0.06086	0.68268	0.01304	0.02173	0.00869	0.00435	0.00724
22	0.00979	0.00745	0.00901	0.01025	0.01149	0.00668	0.00707	0.01142	0.01654	0.02112	0.05743	0.49551	0.25950	0.02377	0.01010	0.00311	0.00451	0.02105	0.00753	0.00668
23	0.12503	0.06525	0.02242	0.01929	0.02370	0.56895	0.01472	0.03095	0.02154	0.02195	0.01233	0.01438	0.01024	0.00819	0.00693	0.00213	0.01330	0.00508	0.00426	0.00937
24	0.26368	0.01944	0.05551	0.03024	0.29995	0.04633	0.04457	0.02529	0.04591	0.02958	0.01642	0.02247	0.01394	0.00850	0.00729	0.00255	0.00877	0.04391	0.00473	0.01093
25	0.02155	0.27989	0.26154	0.01975	0.02837	0.05345	0.06486	0.13125	0.02093	0.02750	0.01428	0.01630	0.01109	0.00775	0.00700	0.00224	0.01051	0.00585	0.00434	0.01155
26	0.02690	0.02227	0.01923	0.01620	0.02094	0.19680	0.01277	0.22142	0.07245	0.11243	0.02437	0.02464	0.04708	0.00997	0.00757	0.00230	0.00893	0.00751	0.13510	0.01115
27	0.01424	0.00990	0.01323	0.09981	0.01926	0.01024	0.01040	0.01892	0.09421	0.07909	0.03763	0.45540	0.04084	0.04377	0.01068	0.00324	0.00600	0.01763	0.00725	0.00825
28	0.11678	0.02638	0.20874	0.02519	0.16032	0.07747	0.02020	0.02976	0.15029	0.05051	0.01843	0.02018	0.01404	0.00869	0.00833	0.00256	0.03865	0.00677	0.00507	0.01165
29	0.11446	0.02584	0.21828	0.01758	0.02330	0.10368	0.01755	0.04802	0.01778	0.02546	0.02763	0.02936	0.14746	0.01175	0.01117	0.00271	0.13518	0.00829	0.00482	0.00967
30	0.02997	0.01582	0.01713	0.01396	0.01922	0.09678	0.01119	0.03275	0.02220	0.44996	0.04009	0.03659	0.15392	0.01204	0.00835	0.00251	0.00731	0.00967	0.00876	0.01178
31	0.01401	0.01544	0.10031	0.02120	0.15327	0.01244	0.01454	0.01973	0.09006	0.02424	0.03735	0.32844	0.10195	0.01712	0.00920	0.00289	0.00681	0.01529	0.00635	0.00935
32	0.02369	0.01910	0.07119	0.02662	0.20961	0.01768	0.03747	0.15646	0.06916	0.14520	0.04998	0.03048	0.04855	0.01045	0.00844	0.00258	0.00847	0.04582	0.00677	0.01229
33	0.02145	0.02032	0.02868	0.03894	0.44675	0.06102	0.02116	0.06967	0.15307	0.02929	0.01912	0.02185	0.01528	0.00826	0.00804	0.00246	0.00922	0.00752	0.00519	0.01270
34	0.02063	0.56286	0.11349	0.01578	0.02253	0.02976	0.01618	0.02393	0.01611	0.01990	0.01159	0.01402	0.01042	0.00784	0.00789	0.00203	0.08628	0.00484	0.00347	0.01042
35	0.02562	0.05845	0.02240	0.01868	0.02282	0.36485	0.01459	0.11574	0.04877	0.02509	0.01548	0.01846	0.01288	0.01564	0.09528	0.00362	0.06331	0.00621	0.00489	0.04722
36	0.01848	0.02026	0.09934	0.19270	0.15870	0.01850	0.15002	0.10115	0.02045	0.02753	0.02351	0.02716	0.08709	0.00928	0.00853	0.00261	0.01030	0.00874	0.00480	0.01084

[dist]
# distance from previous block
# <min> <max>
4	61

[block]
# block no. 2 follows, 23 sequences, length 54
# corresponding to MSA columns:
# 643-696
name=unknown_C
#
# <colnr> <probs for GDERKNQSTAVLIFYWHMCP>
#	G	D	E	R	K	N	Q	S	T	A	V	L	I	F	Y	W	H	M	C	P
0	0.01823	0.01663	0.02183	0.07978	0.24138	0.05123	0.01628	0.05308	0.12520	0.02713	0.02973	0.03178	0.11840	0.01311	0.04378	0.00300	0.00871	0.00900	0.04240	0.04931
1	0.02637	0.02738	0.02574	0.05618	0.19914	0.28173	0.01822	0.16813	0.06638	0.02974	0.01629	0.01854	0.01283	0.00853	0.00779	0.00232	0.01128	0.00659	0.00528	0.01155
2	0.02415	0.11808	0.02561	0.04603	0.10165	0.15632	0.01577	0.19887	0.05460	0.03037	0.01708	0.01986	0.01376	0.01410	0.07654	0.00339	0.03489	0.00670	0.03119	0.01106
3	0.01515	0.10796	0.01666	0.01272	0.01560	0.08007	0.00963	0.01863	0.05915	0.02282	0.09108	0.31788	0.06322	0.04436	0.00989	0.00280	0.00651	0.01449	0.00644	0.08495
4	0.01963	0.01900	0.03299	0.10407	0.57939	0.01924	0.05698	0.02460	0.01832	0.02599	0.01525	0.02031	0.01265	0.00728	0.00812	0.00245	0.00995	0.00735	0.00399	0.01242
5	0.09767	0.07969	0.02682	0.07191	0.19955	0.14680	0.01840	0.02434	0.01680	0.02326	0.01264	0.01720	0.01102	0.00951	0.01271	0.00265	0.20861	0.00629	0.00394	0.01019
6	0.02631	0.07104	0.02658	0.02836	0.23392	0.23085	0.01762	0.10263	0.02243	0.10260	0.01710	0.02022	0.01367	0.04083	0.00918	0.00253	0.01068	0.00673	0.00529	0.01145
7	0.01030	0.00819	0.00924	0.00909	0.01142	0.00713	0.00678	0.01297	0.02000	0.02576	0.29246	0.10079	0.41851	0.01932	0.00962	0.00270	0.00403	0.01650	0.00805	0.00713
8	0.01930	0.01007	0.01261	0.01135	0.01459	0.00909	0.00870	0.02153	0.01848	0.23881	0.04763	0.09610	0.22938	0.12062	0.07011	0.00435	0.00728	0.04331	0.00773	0.00896
9	0.01135	0.00768	0.00898	0.00943	0.00954	0.00757	0.00553	0.01168	0.01268	0.01691	0.03009	0.20818	0.03521	0.55196	0.03399	0.00679	0.00712	0.01446	0.00553	0.00531
10	0.01068	0.00744	0.00942	0.01068	0.01107	0.00715	0.00696	0.01175	0.01447	0.01926	0.03833	0.46207	0.04536	0.25200	0.02058	0.00482	0.00589	0.04934	0.00667	0.00609
11	0.02637	0.03162	0.02548	0.09634	0.17921	0.45806	0.01855	0.02944	0.02124	0.02152	0.01338	0.01663	0.01106	0.00807	0.00757	0.00223	0.01307	0.00590	0.00408	0.01018
12	0.77215	0.01569	0.01193	0.01067	0.01569	0.01820	0.00879	0.02385	0.01381	0.03641	0.01130	0.01318	0.00879	0.00753	0.00502	0.00251	0.00628	0.00439	0.00502	0.00879
13	0.01795	0.01730	0.02820	0.26051	0.31333	0.02013	0.02248	0.02228	0.01634	0.02298	0.01393	0.02007	0.01167	0.00911	0.01229	0.00277	0.16704	0.00719	0.00377	0.01066
14	0.01937	0.02130	0.02778	0.09130	0.02978	0.17382	0.18213	0.02322	0.01725	0.02131	0.01565	0.02187	0.01334	0.02125	0.17061	0.00514	0.12394	0.00771	0.00404	0.00919
15	0.02288	0.01799	0.05058	0.01647	0.02172	0.01864	0.01352	0.04162	0.50681	0.14693	0.03194	0.02915	0.02322	0.01067	0.00821	0.00270	0.00678	0.00884	0.00834	0.01297
16	0.01402	0.01301	0.02067	0.53906	0.04567	0.01549	0.01881	0.01867	0.01674	0.02100	0.02984	0.03447	0.15867	0.01094	0.00845	0.00271	0.00929	0.00947	0.00450	0.00852
17	0.01263	0.01097	0.01912	0.01722	0.01979	0.01035	0.15656	0.01578	0.01719	0.02301	0.06421	0.42474	0.04382	0.02019	0.01027	0.00320	0.00721	0.10916	0.00677	0.00780
18	0.01465	0.01062	0.01281	0.01297	0.01482	0.01081	0.00933	0.15364	0.02068	0.02763	0.03898	0.55260	0.04460	0.02186	0.00985	0.00310	0.00567	0.01948	0.00767	0.00823
19	0.01059	0.00854	0.00961	0.01014	0.01263	0.00756	0.00814	0.01312	0.01855	0.02260	0.07099	0.08193	0.48536	0.02108	0.01005	0.00302	0.00507	0.18647	0.00752	0.00703
20	0.05160	0.00943	0.01059	0.00946	0.01253	0.00905	0.00739	0.02386	0.01865	0.18305	0.05827	0.03040	0.02287	0.00986	0.00643	0.00210	0.00463	0.00792	0.51280	0.00911
21	0.02204	0.59143	0.03809	0.01448	0.02076	0.10790	0.01368	0.02467	0.01769	0.02007	0.05446	0.01637	0.01481	0.00775	0.00575	0.00183	0.00906	0.00513	0.00392	0.01011
22	0.01159	0.00869	0.01304	0.01304	0.01449	0.01014	0.01014	0.01449	0.01304	0.01884	0.02173	0.03188	0.02029	0.06086	0.68268	0.01304	0.02173	0.00869	0.00435	0.00724
23	0.01032	0.00724	0.00929	0.01074	0.01111	0.00688	0.00694	0.01141	0.01469	0.01958	0.04037	0.56025	0.04817	0.18221	0.01739	0.00434	0.00543	0.02050	0.00694	0.00621
24	0.02008	0.01928	0.03294	0.04981	0.66422	0.01928	0.02490	0.02490	0.01848	0.02651	0.01526	0.02008	0.01285	0.00723	0.00803	0.00241	0.00964	0.00723	0.00402	0.01285
25	0.01099	0.00869	0.00964	0.00943	0.01158	0.00809	0.00683	0.01417	0.05118	0.02317	0.16742	0.06518	0.37485	0.13999	0.05955	0.00426	0.00599	0.01481	0.00716	0.00701
26	0.01001	0.00711	0.00938	0.01114	0.01158	0.00668	0.00736	0.01133	0.01529	0.02038	0.04346	0.66612	0.05207	0.07102	0.01240	0.00360	0.00492	0.02232	0.00736	0.00648
27	0.01077	0.00769	0.01043	0.01231	0.01317	0.00736	0.00907	0.01283	0.01641	0.02171	0.04423	0.53771	0.05173	0.02459	0.01059	0.00342	0.00548	0.18614	0.00752	0.00684
28	0.02974	0.08385	0.02429	0.02044	0.02480	0.63913	0.01556	0.03186	0.02256	0.01981	0.01246	0.01453	0.01045	0.00827	0.00718	0.00207	0.01424	0.00517	0.00413	0.00947
29	0.03050	0.03318	0.02346	0.02013	0.02511	0.45595	0.01559	0.24069	0.02821	0.03063	0.01493	0.01630	0.01160	0.00884	0.00759	0.00221	0.01267	0.00594	0.00554	0.01092
30	0.00981	0.00784	0.00879	0.00936	0.01130	0.00682	0.00671	0.01177	0.01782	0.02223	0.10808	0.28478	0.42239	0.02189	0.00984	0.00291	0.00429	0.01892	0.00763	0.00682
31	0.01921	0.02171	0.04689	0.03523	0.08365	0.02044	0.59430	0.02592	0.01911	0.02603	0.01634	0.02177	0.01235	0.00687	0.00947	0.00271	0.01341	0.00942	0.00410	0.01107
32	0.03031	0.03867	0.02299	0.02090	0.02508	0.68226	0.01568	0.03240	0.02299	0.01986	0.01254	0.01463	0.01045	0.00836	0.00732	0.00209	0.01463	0.00523	0.00418	0.00941
33	0.01627	0.04197	0.67279	0.02313	0.03512	0.01884	0.02998	0.02570	0.01713	0.02570	0.01456	0.01713	0.01028	0.00771	0.00771	0.00257	0.01199	0.00600	0.00343	0.01199
34	0.02713	0.07788	0.02557	0.02301	0.08374	0.43887	0.01668	0.07503	0.02185	0.02274	0.01298	0.01582	0.01095	0.00906	0.00992	0.00232	0.10631	0.00576	0.00433	0.01005
35	0.01782	0.02056	0.16896	0.01568	0.02137	0.04811	0.01514	0.02683	0.16799	0.09171	0.04185	0.04554	0.19384	0.01379	0.00874	0.00275	0.00769	0.07443	0.00682	0.01038
36	0.01085	0.00917	0.00950	0.00925	0.01210	0.00828	0.00698	0.01519	0.08330	0.02413	0.13048	0.07160	0.54210	0.01921	0.00945	0.00272	0.00432	0.01609	0.00774	0.00754
37	0.02635	0.02373	0.02510	0.02603	0.17541	0.13599	0.01726	0.28478	0.13758	0.03694	0.01965	0.02067	0.01491	0.00913	0.00798	0.00243	0.00964	0.00726	0.00650	0.01265
38	0.02713	0.01857	0.02272	0.02286	0.14205	0.08393	0.04016	0.05528	0.16253	0.26798	0.02812	0.02703	0.04438	0.00985	0.00819	0.00252	0.00832	0.00831	0.00751	0.01257
39	0.02488	0.02756	0.02135	0.02044	0.06411	0.37407	0.01488	0.05937	0.02066	0.02371	0.01520	0.01851	0.01263	0.00954	0.01040	0.00234	0.12856	0.00620	0.13614	0.00946
40	0.01180	0.00787	0.00885	0.00885	0.00885	0.00787	0.00492	0.01180	0.01180	0.01573	0.02557	0.05310	0.02950	0.71483	0.04130	0.00787	0.00787	0.01180	0.00492	0.00492
41	0.01420	0.01264	0.01680	0.08447	0.02014	0.04152	0.01293	0.01661	0.01447	0.02029	0.02413	0.21961	0.02566	0.02737	0.17342	0.00550	0.21383	0.01200	0.03659	0.00782
42	0.01024	0.00819	0.00857	0.00865	0.01073	0.00719	0.00618	0.01190	0.01698	0.02061	0.06763	0.07299	0.49088	0.17853	0.01687	0.00395	0.00511	0.04142	0.00694	0.00644
43	0.00974	0.00762	0.00884	0.00983	0.01138	0.00671	0.00688	0.01146	0.01695	0.02129	0.06263	0.40775	0.34389	0.02309	0.00999	0.00303	0.00442	0.02023	0.00753	0.00671
44	0.01911	0.39662	0.34298	0.01829	0.02764	0.02578	0.02156	0.02496	0.01679	0.02224	0.01284	0.01498	0.01035	0.00731	0.00640	0.00213	0.01026	0.00513	0.00345	0.01117
45	0.01159	0.00869	0.01304	0.01304	0.01449	0.01014	0.01014	0.01449	0.01304	0.01884	0.02173	0.03188	0.02029	0.06086	0.68268	0.01304	0.02173	0.00869	0.00435	0.00724
46	0.02350	0.01098	0.01456	0.01214	0.01623	0.00968	0.00964	0.02687	0.02280	0.34229	0.31573	0.04570	0.08781	0.01366	0.00888	0.00254	0.00535	0.01166	0.00938	0.01060
47	0.02277	0.02590	0.13922	0.02906	0.15779	0.10838	0.16025	0.07708	0.06503	0.08253	0.01789	0.02050	0.01343	0.00833	0.00894	0.00254	0.03595	0.00751	0.00508	0.01183
48	0.01718	0.06175	0.08347	0.01495	0.01906	0.01471	0.01335	0.16219	0.02235	0.02959	0.05831	0.15648	0.09623	0.04074	0.01041	0.00311	0.00746	0.17240	0.00693	0.00933
49	0.01551	0.01677	0.05840	0.08896	0.02692	0.04985	0.14929	0.01923	0.01612	0.02171	0.02482	0.18632	0.04943	0.01924	0.08460	0.00408	0.14324	0.01186	0.00489	0.00873
50	0.04930	0.10212	0.58735	0.02176	0.03299	0.02002	0.02761	0.02549	0.01693	0.02556	0.01412	0.01659	0.01023	0.00763	0.00737	0.00249	0.01145	0.00578	0.00350	0.01171
51	0.02641	0.03019	0.02348	0.02422	0.12184	0.40307	0.01642	0.05559	0.16872	0.02528	0.01798	0.01928	0.01427	0.00885	0.00767	0.00231	0.01175	0.00653	0.00525	0.01089
52	0.01976	0.01936	0.03103	0.15684	0.53263	0.04963	0.02408	0.02455	0.01831	0.02523	0.01500	0.02009	0.01240	0.00743	0.00801	0.00244	0.01007	0.00713	0.00396	0.01205
53	0.01879	0.03314	0.36839	0.03101	0.18407	0.07403	0.12394	0.02611	0.01826	0.02545	0.01486	0.01838	0.01123	0.00751	0.00805	0.00252	0.01192	0.00679	0.00374	0.01181

[dist]
# distance from previous block
# <min> <max>
0	25

[block]
# block no. 3 follows, 23 sequences, length 11
# corresponding to MSA columns:
# 722-732
name=unknown_D
#
# <colnr> <probs for GDERKNQSTAVLIFYWHMCP>
#	G	D	E	R	K	N	Q	S	T	A	V	L	I	F	Y	W	H	M	C	P
0	0.02173	0.17156	0.03280	0.02158	0.02694	0.11780	0.16455	0.06676	0.07300	0.02482	0.01520	0.01842	0.01248	0.00893	0.01103	0.00246	0.13810	0.00688	0.00454	0.06040
1	0.01260	0.01093	0.01125	0.01140	0.01330	0.06582	0.00851	0.01471	0.01677	0.02075	0.06897	0.10110	0.25029	0.13757	0.14331	0.00561	0.00940	0.08452	0.00627	0.00692
2	0.01142	0.00756	0.00869	0.00939	0.01040	0.00717	0.00625	0.01306	0.01535	0.02159	0.04201	0.29604	0.13864	0.20060	0.01731	0.00410	0.00524	0.01596	0.16282	0.00640
3	0.02214	0.02361	0.02493	0.02094	0.02546	0.23634	0.14705	0.09215	0.08975	0.02643	0.02394	0.15351	0.02275	0.01240	0.00876	0.00265	0.01070	0.04071	0.00582	0.00995
4	0.02595	0.02730	0.02086	0.01857	0.02296	0.32715	0.01433	0.14628	0.17831	0.02940	0.02212	0.06473	0.01878	0.01091	0.00805	0.00246	0.01064	0.03412	0.00626	0.01081
5	0.01576	0.05256	0.01579	0.01332	0.01542	0.04716	0.01064	0.04882	0.01597	0.02362	0.02046	0.02715	0.01786	0.03328	0.31703	0.00720	0.09786	0.00771	0.20423	0.00815
6	0.02395	0.19839	0.10378	0.02706	0.19323	0.27597	0.01929	0.02772	0.01957	0.02208	0.01318	0.01596	0.01105	0.00765	0.00704	0.00214	0.01158	0.00563	0.00388	0.01085
7	0.01064	0.01174	0.08396	0.01094	0.01403	0.00823	0.00938	0.01355	0.01806	0.02322	0.12934	0.23526	0.36233	0.01994	0.00958	0.00285	0.00513	0.01716	0.00723	0.00745
8	0.10007	0.10858	0.02564	0.10414	0.26383	0.07510	0.01739	0.02231	0.01729	0.02430	0.01955	0.14832	0.01937	0.01086	0.00773	0.00251	0.00878	0.00936	0.00469	0.01018
9	0.26398	0.13769	0.02064	0.04705	0.02082	0.23035	0.01221	0.02468	0.01773	0.02530	0.01906	0.07767	0.05355	0.01006	0.00667	0.00234	0.00928	0.00717	0.00480	0.00896
10	0.01924	0.06625	0.22449	0.02831	0.18210	0.02128	0.05318	0.07625	0.01829	0.02640	0.01420	0.01817	0.01147	0.00901	0.01180	0.00263	0.16024	0.00668	0.00410	0.04591

[dist]
# distance from previous block
# <min> <max>
33	118

[block]
# block no. 4 follows, 23 sequences, length 140
# corresponding to MSA columns:
# 854-993
name=unknown_E
#
# <colnr> <probs for GDERKNQSTAVLIFYWHMCP>
#	G	D	E	R	K	N	Q	S	T	A	V	L	I	F	Y	W	H	M	C	P
0	0.05465	0.02107	0.02185	0.01880	0.04803	0.09354	0.04058	0.23187	0.22128	0.03636	0.02456	0.02446	0.04416	0.00982	0.00789	0.00242	0.00845	0.00784	0.00696	0.07539
1	0.02127	0.02412	0.09535	0.04977	0.07886	0.18074	0.07002	0.06157	0.07082	0.04965	0.01808	0.02210	0.01462	0.01974	0.15094	0.00471	0.04515	0.00730	0.00485	0.01032
2	0.02365	0.06035	0.16468	0.02544	0.14260	0.28867	0.01978	0.06372	0.05588	0.02496	0.01795	0.01998	0.03989	0.00871	0.00764	0.00232	0.01168	0.00657	0.00456	0.01096
3	0.07738	0.07568	0.10501	0.05101	0.10332	0.01750	0.01611	0.07880	0.01799	0.02624	0.02197	0.15514	0.02211	0.04090	0.01145	0.00294	0.08459	0.04433	0.00524	0.04230
4	0.01994	0.01958	0.07864	0.05092	0.15900	0.08883	0.05274	0.04832	0.05286	0.08238	0.02713	0.06582	0.04980	0.01447	0.03791	0.00321	0.00990	0.12222	0.00585	0.01048
5	0.10907	0.02934	0.02225	0.05007	0.09321	0.39240	0.01563	0.05637	0.07280	0.02528	0.01485	0.01695	0.01194	0.00829	0.00722	0.00222	0.01164	0.00582	0.00477	0.04988
6	0.09532	0.02348	0.12846	0.05256	0.15579	0.08242	0.01841	0.05721	0.19288	0.08197	0.02089	0.02186	0.01563	0.00886	0.00770	0.00253	0.00909	0.00717	0.00584	0.01194
7	0.02581	0.20160	0.02682	0.01895	0.05897	0.27742	0.01462	0.05535	0.04760	0.09373	0.01670	0.01870	0.01346	0.01392	0.07939	0.00328	0.01215	0.00607	0.00500	0.01045
8	0.01638	0.17407	0.01891	0.01101	0.01483	0.01472	0.00875	0.04331	0.01674	0.02377	0.07430	0.03215	0.02354	0.21036	0.01625	0.00350	0.00676	0.00805	0.11544	0.16715
9	0.00992	0.00823	0.00867	0.00856	0.01116	0.00699	0.00642	0.01228	0.01927	0.02375	0.18174	0.07508	0.56024	0.01987	0.00959	0.00271	0.00406	0.01670	0.00778	0.00699
10	0.01959	0.02135	0.07413	0.04367	0.44455	0.01962	0.20517	0.02527	0.01860	0.02631	0.01556	0.02045	0.01255	0.00714	0.00847	0.00252	0.01097	0.00785	0.00401	0.01224
11	0.01189	0.00966	0.01087	0.01120	0.01391	0.00919	0.00901	0.01695	0.09445	0.02406	0.06471	0.07631	0.40315	0.01995	0.00991	0.00304	0.00538	0.19101	0.00760	0.00775
12	0.03034	0.03783	0.02307	0.02079	0.02509	0.64769	0.01566	0.06421	0.02379	0.02150	0.01291	0.01489	0.01063	0.00843	0.00736	0.00211	0.01433	0.00534	0.00439	0.00964
13	0.01802	0.25964	0.47037	0.02016	0.03053	0.02310	0.02481	0.02525	0.01692	0.02358	0.01351	0.01581	0.01032	0.00746	0.00691	0.00230	0.01093	0.00546	0.00344	0.01148
14	0.05061	0.07964	0.01803	0.01384	0.01633	0.01506	0.01089	0.02025	0.01569	0.12934	0.02706	0.16868	0.05221	0.13242	0.01798	0.00368	0.16649	0.01128	0.00597	0.04455
15	0.01417	0.01445	0.01180	0.01183	0.01437	0.14918	0.00877	0.01618	0.01884	0.02134	0.05800	0.19564	0.37058	0.01907	0.00934	0.00276	0.00660	0.04287	0.00683	0.00736
16	0.01174	0.00811	0.01006	0.01006	0.01048	0.00852	0.00642	0.01258	0.01216	0.01663	0.02446	0.04698	0.02684	0.52636	0.22614	0.00936	0.01186	0.01090	0.00475	0.00559
17	0.02919	0.03632	0.02248	0.02042	0.02464	0.60908	0.01536	0.03359	0.09225	0.02142	0.01481	0.01636	0.01203	0.00865	0.00742	0.00216	0.01373	0.00566	0.00463	0.00979
18	0.01921	0.01839	0.03136	0.16779	0.55303	0.01905	0.02447	0.02414	0.01806	0.02545	0.01511	0.02037	0.01248	0.00739	0.00805	0.00246	0.00985	0.00723	0.00394	0.01215
19	0.00998	0.00834	0.00876	0.00896	0.01161	0.00713	0.00693	0.01222	0.01852	0.02218	0.07786	0.07958	0.59303	0.02076	0.00977	0.00285	0.00448	0.08261	0.00753	0.00692
20	0.01006	0.00720	0.00957	0.01118	0.01181	0.00671	0.00755	0.01174	0.01636	0.02202	0.11272	0.63781	0.05620	0.02445	0.01027	0.00321	0.00461	0.02214	0.00769	0.00671
21	0.02927	0.03579	0.02256	0.02035	0.02467	0.58596	0.01537	0.05816	0.08942	0.02261	0.01498	0.01647	0.01209	0.00870	0.00745	0.00217	0.01354	0.00573	0.00477	0.00995
22	0.02818	0.03420	0.02202	0.01998	0.02425	0.54280	0.01508	0.03466	0.15497	0.02283	0.01686	0.01793	0.01347	0.00892	0.00751	0.00223	0.01290	0.00606	0.00504	0.01013
23	0.01180	0.00787	0.00885	0.00885	0.00885	0.00787	0.00492	0.01180	0.01180	0.01573	0.02557	0.05310	0.02950	0.71483	0.04130	0.00787	0.00787	0.01180	0.00492	0.00492
24	0.01088	0.00831	0.01001	0.00971	0.01191	0.00744	0.00736	0.01408	0.02120	0.02842	0.42863	0.06814	0.28248	0.01824	0.00965	0.00267	0.00408	0.04106	0.00837	0.00736
25	0.02421	0.01885	0.02027	0.01698	0.02204	0.02109	0.01351	0.32741	0.28326	0.04081	0.02776	0.10012	0.02265	0.01199	0.00842	0.00266	0.00745	0.00980	0.00811	0.01262
26	0.01627	0.04197	0.67279	0.02313	0.03512	0.01884	0.02998	0.02570	0.01713	0.02570	0.01456	0.01713	0.01028	0.00771	0.00771	0.00257	0.01199	0.00600	0.00343	0.01199
27	0.00985	0.00719	0.00928	0.01096	0.01168	0.00662	0.00738	0.01134	0.01586	0.02085	0.04887	0.63974	0.12079	0.02488	0.01027	0.00323	0.00464	0.02241	0.00753	0.00662
28	0.01908	0.01825	0.03112	0.18613	0.53574	0.01902	0.02440	0.02402	0.01800	0.02529	0.01509	0.02041	0.01242	0.00742	0.00805	0.00247	0.00989	0.00723	0.00393	0.01204
29	0.07386	0.02062	0.02245	0.01742	0.02370	0.02237	0.01435	0.47619	0.06335	0.15042	0.02170	0.02096	0.01506	0.00972	0.00795	0.00247	0.00833	0.00737	0.00826	0.01347
30	0.01180	0.00787	0.00885	0.00885	0.00885	0.00787	0.00492	0.01180	0.01180	0.01573	0.02557	0.05310	0.02950	0.71483	0.04130	0.00787	0.00787	0.01180	0.00492	0.00492
31	0.01180	0.00787	0.00885	0.00885	0.00885	0.00787	0.00492	0.01180	0.01180	0.01573	0.02557	0.05310	0.02950	0.71483	0.04130	0.00787	0.00787	0.01180	0.00492	0.00492
32	0.01171	0.00785	0.00897	0.00901	0.00912	0.00780	0.00515	0.01195	0.01248	0.01674	0.05651	0.08023	0.03272	0.65353	0.03853	0.00743	0.00755	0.01240	0.00521	0.00512
33	0.03085	0.02273	0.02435	0.01867	0.02516	0.02516	0.01542	0.63716	0.03815	0.05114	0.01948	0.01948	0.01380	0.00974	0.00812	0.00244	0.00893	0.00731	0.00812	0.01380
34	0.01020	0.00799	0.00926	0.00969	0.01165	0.00705	0.00710	0.01252	0.01867	0.02388	0.18916	0.23521	0.36185	0.02105	0.00985	0.00288	0.00434	0.04284	0.00782	0.00698
35	0.00967	0.00790	0.00855	0.00908	0.01119	0.00678	0.00655	0.01155	0.01767	0.02158	0.07177	0.25379	0.49196	0.02191	0.00980	0.00289	0.00428	0.01878	0.00753	0.00678
36	0.02957	0.02373	0.17169	0.01919	0.05283	0.05189	0.01758	0.16123	0.02475	0.32910	0.02360	0.02248	0.01568	0.00923	0.00800	0.00248	0.00903	0.00729	0.00754	0.01312
37	0.02008	0.01928	0.03294	0.04981	0.66422	0.01928	0.02490	0.02490	0.01848	0.02651	0.01526	0.02008	0.01285	0.00723	0.00803	0.00241	0.00964	0.00723	0.00402	0.01285
38	0.01112	0.00847	0.01035	0.01043	0.01263	0.00770	0.00819	0.01430	0.02053	0.02712	0.33200	0.07295	0.27949	0.01915	0.00990	0.00285	0.00465	0.13270	0.00815	0.00733
39	0.01930	0.01974	0.05843	0.22799	0.24736	0.01975	0.17978	0.07934	0.01973	0.02691	0.01567	0.02082	0.01211	0.00763	0.00845	0.00259	0.01104	0.00778	0.00427	0.01131
40	0.02422	0.02037	0.01999	0.01708	0.02177	0.09329	0.01340	0.29289	0.21322	0.03764	0.02683	0.13472	0.02317	0.01252	0.00844	0.00263	0.00813	0.01020	0.00763	0.01186
41	0.02809	0.02585	0.09529	0.01899	0.02581	0.08971	0.01668	0.45571	0.05771	0.04332	0.01854	0.01904	0.01343	0.00925	0.00790	0.00237	0.00960	0.00691	0.00705	0.04876
42	0.01963	0.02075	0.06337	0.04420	0.47954	0.01975	0.15362	0.02495	0.01831	0.02608	0.01529	0.02024	0.01254	0.00745	0.00910	0.00253	0.03875	0.00767	0.00399	0.01225
43	0.01054	0.00759	0.00958	0.01038	0.01135	0.00707	0.00705	0.01240	0.01708	0.02301	0.19756	0.39357	0.11066	0.12592	0.01472	0.00374	0.00491	0.01877	0.00749	0.00663
44	0.01025	0.00786	0.00939	0.00981	0.01157	0.00700	0.00705	0.01261	0.01885	0.02466	0.24047	0.27893	0.29037	0.02097	0.00983	0.00287	0.00422	0.01834	0.00795	0.00700
45	0.02871	0.01499	0.01823	0.01465	0.01989	0.01461	0.01182	0.20714	0.02635	0.34062	0.06012	0.10385	0.07654	0.01274	0.00856	0.00259	0.00690	0.01051	0.00896	0.01221
46	0.01895	0.02189	0.11237	0.11112	0.37764	0.01936	0.12962	0.02579	0.05447	0.02613	0.01631	0.02078	0.01291	0.00753	0.00828	0.00254	0.01057	0.00759	0.00416	0.01201
47	0.01041	0.00728	0.00926	0.01063	0.01097	0.00694	0.00682	0.01144	0.01451	0.01935	0.03948	0.52991	0.04705	0.21407	0.01882	0.00455	0.00557	0.01998	0.00682	0.00613
48	0.00968	0.00822	0.00834	0.00831	0.01101	0.00689	0.00623	0.01181	0.01870	0.02240	0.10855	0.07729	0.63427	0.02037	0.00959	0.00273	0.00410	0.01701	0.00760	0.00689
49	0.01298	0.01010	0.01204	0.01160	0.01394	0.01018	0.00865	0.02048	0.15943	0.03005	0.37413	0.15853	0.11206	0.01711	0.00941	0.00273	0.00456	0.01501	0.00844	0.00856
50	0.04768	0.01312	0.01675	0.04513	0.01929	0.01402	0.03792	0.02424	0.11116	0.13623	0.07508	0.04297	0.22048	0.01408	0.01133	0.00277	0.11100	0.01113	0.03598	0.00965
51	0.01173	0.00784	0.00887	0.00894	0.00896	0.00782	0.00502	0.01178	0.01194	0.01592	0.02629	0.07780	0.03041	0.68890	0.04014	0.00769	0.00775	0.01222	0.00502	0.00498
52	0.02859	0.01796	0.02014	0.01611	0.02172	0.01914	0.01309	0.30752	0.15588	0.20156	0.02604	0.02474	0.01827	0.01005	0.00792	0.00247	0.00742	0.00792	0.08044	0.01301
53	0.01811	0.16636	0.41789	0.02699	0.16491	0.02146	0.02584	0.02526	0.01729	0.02461	0.01408	0.01697	0.01085	0.00746	0.00730	0.00238	0.01086	0.00594	0.00356	0.01187
54	0.00993	0.00811	0.00877	0.00887	0.01123	0.00695	0.00655	0.01221	0.01891	0.02353	0.17253	0.14152	0.50184	0.02042	0.00967	0.00277	0.00413	0.01735	0.00776	0.00695
55	0.01495	0.00758	0.00763	0.00763	0.00942	0.00758	0.00563	0.01853	0.01674	0.02949	0.02642	0.03145	0.02126	0.04656	0.00755	0.00221	0.00400	0.00779	0.72017	0.00742
56	0.00989	0.00706	0.00942	0.01130	0.01177	0.00659	0.00753	0.01130	0.01554	0.02071	0.04472	0.70954	0.05367	0.02542	0.01036	0.00330	0.00471	0.02307	0.00753	0.00659
57	0.01358	0.01117	0.01275	0.01254	0.01508	0.01166	0.00966	0.04331	0.15310	0.02548	0.05295	0.19665	0.26703	0.01896	0.01057	0.00300	0.04529	0.08121	0.00747	0.00853
58	0.00989	0.00706	0.00942	0.01130	0.01177	0.00659	0.00753	0.01130	0.01554	0.02071	0.04472	0.70954	0.05367	0.02542	0.01036	0.00330	0.00471	0.02307	0.00753	0.00659
59	0.02066	0.01844	0.01857	0.01672	0.02129	0.05162	0.01298	0.04261	0.61981	0.03327	0.03205	0.02953	0.02409	0.01088	0.00821	0.00272	0.00681	0.00899	0.00806	0.01268
60	0.01683	0.01442	0.01683	0.01202	0.01923	0.01082	0.00961	0.02043	0.01683	0.02644	0.01442	0.01683	0.01202	0.00601	0.00601	0.00120	0.00601	0.00481	0.00481	0.76444
61	0.01251	0.01004	0.01480	0.01427	0.01551	0.01234	0.01128	0.01524	0.01295	0.01894	0.02008	0.02977	0.01885	0.05390	0.58489	0.01163	0.12284	0.00846	0.00423	0.00749
62	0.01159	0.00869	0.01304	0.01304	0.01449	0.01014	0.01014	0.01449	0.01304	0.01884	0.02173	0.03188	0.02029	0.06086	0.68268	0.01304	0.02173	0.00869	0.00435	0.00724
63	0.01070	0.00786	0.01003	0.01035	0.01186	0.00719	0.00743	0.01348	0.01985	0.02716	0.37713	0.28790	0.13873	0.02013	0.00985	0.00283	0.00417	0.01788	0.00828	0.00719
64	0.02666	0.03098	0.02367	0.02081	0.02398	0.42548	0.01627	0.08637	0.02132	0.02275	0.01265	0.01602	0.01083	0.01022	0.01309	0.00255	0.21634	0.00598	0.00437	0.00967
65	0.01183	0.01011	0.01040	0.01010	0.01313	0.00965	0.00763	0.01826	0.15130	0.02440	0.07027	0.09446	0.50150	0.01874	0.00934	0.00277	0.00462	0.01570	0.00769	0.00810
66	0.01206	0.01017	0.01068	0.01021	0.01324	0.00976	0.00776	0.01873	0.15198	0.02578	0.14392	0.06584	0.45402	0.01805	0.00931	0.00272	0.00456	0.01514	0.00786	0.00821
67	0.02601	0.03157	0.02308	0.02068	0.02358	0.47049	0.01602	0.02805	0.01963	0.01972	0.01241	0.01624	0.01093	0.01224	0.04165	0.00297	0.20566	0.00590	0.00401	0.00917
68	0.01197	0.00772	0.00909	0.00947	0.01001	0.00775	0.00601	0.01315	0.01355	0.01949	0.02923	0.17864	0.03206	0.40080	0.08257	0.00636	0.00769	0.01306	0.13547	0.00590
69	0.00959	0.00822	0.00822	0.00822	0.01096	0.00685	0.00617	0.01165	0.01850	0.02192	0.08220	0.07809	0.66092	0.02055	0.00959	0.00274	0.00411	0.01713	0.00754	0.00685
70	0.01659	0.08093	0.63656	0.02260	0.03430	0.01961	0.02905	0.02562	0.01709	0.02532	0.01437	0.01689	0.01029	0.00767	0.00757	0.00252	0.01180	0.00590	0.00343	0.01190
71	0.00968	0.00822	0.00834	0.00831	0.01102	0.00689	0.00624	0.01182	0.01871	0.02242	0.10967	0.07726	0.63314	0.02036	0.00959	0.00273	0.00410	0.01701	0.00760	0.00689
72	0.00989	0.00706	0.00942	0.01130	0.01177	0.00659	0.00753	0.01130	0.01554	0.02071	0.04472	0.70954	0.05367	0.02542	0.01036	0.00330	0.00471	0.02307	0.00753	0.00659
73	0.02445	0.01964	0.01881	0.01581	0.02050	0.09218	0.01255	0.27719	0.18677	0.03851	0.02377	0.02417	0.01783	0.00984	0.00750	0.00235	0.00773	0.00761	0.18116	0.01163
74	0.02022	0.53503	0.21427	0.01640	0.02472	0.02849	0.01827	0.02468	0.01666	0.02089	0.01217	0.01414	0.01038	0.00715	0.00589	0.00196	0.00958	0.00479	0.00346	0.01084
75	0.01180	0.00787	0.00885	0.00885	0.00885	0.00787	0.00492	0.01180	0.01180	0.01573	0.02557	0.05310	0.02950	0.71483	0.04130	0.00787	0.00787	0.01180	0.00492	0.00492
76	0.17520	0.01459	0.01779	0.01393	0.01998	0.01374	0.01150	0.06495	0.02215	0.52074	0.02750	0.02450	0.01765	0.00955	0.00756	0.00251	0.00688	0.00741	0.00900	0.01286
77	0.02746	0.03247	0.02354	0.02080	0.02422	0.47386	0.01613	0.08165	0.02187	0.02248	0.01271	0.01577	0.01079	0.00983	0.01184	0.00246	0.17226	0.00584	0.00438	0.00966
78	0.01150	0.00856	0.00935	0.00897	0.01175	0.00730	0.00679	0.01397	0.01965	0.06125	0.19290	0.07175	0.50920	0.01917	0.00950	0.00269	0.00422	0.01613	0.00795	0.00741
79	0.00983	0.00818	0.00829	0.00829	0.01073	0.00696	0.00603	0.01166	0.01776	0.02124	0.07594	0.07533	0.59113	0.09729	0.01309	0.00331	0.00453	0.01654	0.00725	0.00664
80	0.01763	0.01490	0.01726	0.01240	0.01957	0.01164	0.00995	0.05589	0.01805	0.02786	0.01471	0.01698	0.01212	0.00622	0.00613	0.00127	0.00618	0.00495	0.00500	0.72128
81	0.01138	0.00913	0.01017	0.00998	0.01237	0.00855	0.00737	0.01606	0.08885	0.02565	0.22206	0.12747	0.35231	0.04888	0.01088	0.00297	0.00451	0.01594	0.00787	0.00762
82	0.02067	0.02025	0.02699	0.25796	0.24037	0.10199	0.02115	0.09125	0.01979	0.02570	0.01461	0.01962	0.01174	0.00869	0.00997	0.00259	0.08458	0.00697	0.00430	0.01081
83	0.01348	0.00968	0.01282	0.01221	0.01289	0.01131	0.00897	0.01475	0.01285	0.01909	0.02075	0.03463	0.02071	0.23340	0.21707	0.09135	0.13045	0.00899	0.10813	0.00648
84	0.01091	0.00839	0.01014	0.01068	0.01277	0.00762	0.00838	0.01370	0.01918	0.02467	0.19285	0.14750	0.31294	0.02070	0.01008	0.00301	0.00496	0.16654	0.00782	0.00715
85	0.02395	0.19842	0.03242	0.03080	0.29348	0.08734	0.01906	0.16672	0.02295	0.02969	0.01497	0.01764	0.01223	0.00784	0.00727	0.00222	0.00971	0.00633	0.00484	0.01213
86	0.01503	0.01327	0.01837	0.05524	0.01994	0.04379	0.04236	0.01802	0.01422	0.02078	0.01819	0.02606	0.01638	0.03467	0.33021	0.00768	0.20217	0.00794	0.08758	0.00809
87	0.01101	0.00765	0.00896	0.00954	0.00994	0.00738	0.00583	0.01163	0.01358	0.01784	0.03682	0.25574	0.09719	0.43820	0.02883	0.00598	0.00654	0.01575	0.00596	0.00561
88	0.01124	0.00864	0.01051	0.01105	0.01330	0.00791	0.00895	0.01427	0.01950	0.02500	0.18984	0.07922	0.31788	0.02038	0.01017	0.00306	0.00525	0.22877	0.00781	0.00724
89	0.02380	0.02495	0.02108	0.01940	0.04942	0.27533	0.01454	0.13219	0.07266	0.02730	0.05000	0.02616	0.07606	0.01388	0.04757	0.00309	0.09892	0.00792	0.00562	0.01009
90	0.01180	0.00787	0.00885	0.00885	0.00885	0.00787	0.00492	0.01180	0.01180	0.01573	0.02557	0.05310	0.02950	0.71483	0.04130	0.00787	0.00787	0.01180	0.00492	0.00492
91	0.01159	0.00784	0.00912	0.00923	0.00948	0.00773	0.00546	0.01214	0.01338	0.01805	0.09746	0.11468	0.03694	0.57386	0.03493	0.00686	0.00713	0.01316	0.00560	0.00537
