[name]
unknown

[dist]
# distance from previous block
# <min> <max>
0	18

[block]
# block no. 0 follows, 22 sequences, length 11
# corresponding to MSA columns:
# 18-28
name=unknown_A
#
# <colnr> <probs for GDERKNQSTAVLIFYWHMCP>
#	G	D	E	R	K	N	Q	S	T	A	V	L	I	F	Y	W	H	M	C	P
0	0.01282	0.00938	0.01260	0.01421	0.01626	0.00916	0.01227	0.01638	0.01909	0.02448	0.05033	0.09153	0.14343	0.02265	0.01121	0.00366	0.00711	0.50821	0.00766	0.00755
1	0.02470	0.02851	0.02524	0.03020	0.24147	0.35698	0.01836	0.02789	0.02132	0.02310	0.02140	0.02662	0.06652	0.00999	0.00816	0.00240	0.01192	0.04001	0.00469	0.01052
2	0.02854	0.02306	0.02214	0.01773	0.02342	0.13056	0.01425	0.37756	0.03222	0.08344	0.09838	0.02478	0.02191	0.01041	0.00824	0.00238	0.00915	0.00797	0.00767	0.05617
3	0.07350	0.10018	0.52847	0.02144	0.03243	0.02012	0.02668	0.02675	0.01754	0.05817	0.01525	0.01739	0.01092	0.00793	0.00748	0.00255	0.01128	0.00597	0.00397	0.01198
4	0.02939	0.03616	0.02279	0.02069	0.02504	0.57133	0.01559	0.03491	0.12115	0.02261	0.01616	0.01751	0.01302	0.00899	0.00764	0.00225	0.01365	0.00599	0.00494	0.01019
5	0.01131	0.00822	0.00984	0.01031	0.01172	0.00767	0.00705	0.01297	0.01568	0.02109	0.04513	0.29947	0.17058	0.17297	0.07151	0.00489	0.00684	0.01671	0.05041	0.04565
6	0.02065	0.02268	0.11667	0.06885	0.31990	0.05506	0.02239	0.10340	0.02153	0.02928	0.02037	0.03139	0.01815	0.01038	0.00867	0.00271	0.01011	0.10082	0.00512	0.01189
7	0.16069	0.03457	0.45180	0.02506	0.11894	0.01923	0.02582	0.02583	0.01708	0.02852	0.01437	0.01719	0.01060	0.00779	0.00741	0.00260	0.01082	0.00600	0.00390	0.01177
8	0.02127	0.15379	0.16958	0.03101	0.26803	0.02239	0.02202	0.12251	0.02135	0.02932	0.01698	0.05395	0.01445	0.00884	0.00775	0.00243	0.00983	0.00743	0.00474	0.01233
9	0.04804	0.12657	0.09527	0.02315	0.11398	0.05594	0.11461	0.02290	0.01706	0.02379	0.01445	0.01897	0.01215	0.01058	0.01129	0.12163	0.00969	0.00649	0.00410	0.14935
10	0.11385	0.05908	0.27846	0.03013	0.23957	0.05679	0.02366	0.02566	0.01814	0.02765	0.04204	0.01964	0.01417	0.00810	0.00760	0.00250	0.01037	0.00662	0.00421	0.01175

[dist]
# distance from previous block
# <min> <max>
43	123

[block]
# block no. 1 follows, 22 sequences, length 7
# corresponding to MSA columns:
# 169-175
name=unknown_B
#
# <colnr> <probs for GDERKNQSTAVLIFYWHMCP>
#	G	D	E	R	K	N	Q	S	T	A	V	L	I	F	Y	W	H	M	C	P
0	0.07550	0.06279	0.15692	0.02169	0.07350	0.13768	0.05366	0.02569	0.01872	0.07272	0.04536	0.02565	0.07613	0.01060	0.01065	0.00264	0.10676	0.00785	0.00500	0.01049
1	0.02090	0.02137	0.04771	0.01924	0.08193	0.18897	0.03591	0.02395	0.01930	0.07118	0.02718	0.09619	0.08627	0.06802	0.01086	0.00275	0.00931	0.00956	0.00557	0.15383
2	0.02307	0.18819	0.09327	0.02750	0.19025	0.12839	0.01978	0.08993	0.02030	0.02586	0.01395	0.01728	0.01171	0.00885	0.01010	0.00244	0.10711	0.00625	0.00433	0.01145
3	0.09935	0.02895	0.23607	0.03050	0.24637	0.11113	0.02279	0.02599	0.01896	0.02745	0.06259	0.02116	0.01643	0.00848	0.00780	0.00250	0.01057	0.00696	0.00443	0.01153
4	0.24779	0.01870	0.02345	0.03104	0.31901	0.07138	0.01756	0.02429	0.01705	0.02857	0.01510	0.01966	0.01276	0.01535	0.10146	0.00401	0.01098	0.00656	0.00449	0.01079
5	0.10994	0.06231	0.20601	0.02041	0.11134	0.01586	0.01761	0.02134	0.01804	0.02756	0.13736	0.03291	0.08613	0.01645	0.07885	0.00370	0.00977	0.00902	0.00533	0.01006
6	0.09087	0.01902	0.10819	0.01586	0.02133	0.01659	0.01436	0.13093	0.13139	0.03204	0.02826	0.05825	0.06615	0.01839	0.09221	0.00399	0.00960	0.05686	0.00644	0.07927

[dist]
# distance from previous block
# <min> <max>
0	4

[block]
# block no. 2 follows, 22 sequences, length 78
# corresponding to MSA columns:
# 180-257
name=unknown_C
#
# <colnr> <probs for GDERKNQSTAVLIFYWHMCP>
#	G	D	E	R	K	N	Q	S	T	A	V	L	I	F	Y	W	H	M	C	P
0	0.04764	0.01704	0.05999	0.02725	0.24548	0.04949	0.01686	0.02290	0.01906	0.07770	0.14710	0.03137	0.02812	0.02113	0.14749	0.00477	0.01130	0.00904	0.00571	0.01056
1	0.02663	0.11085	0.05685	0.01759	0.02262	0.34806	0.01444	0.02936	0.02155	0.12041	0.02616	0.05623	0.09320	0.01095	0.00782	0.00233	0.01110	0.00808	0.00566	0.01014
2	0.01951	0.05259	0.06809	0.08350	0.29950	0.08204	0.02014	0.02377	0.01832	0.02463	0.02060	0.02426	0.06841	0.00923	0.00943	0.00242	0.06435	0.00758	0.00440	0.09722
3	0.15053	0.07077	0.08318	0.03054	0.26483	0.19007	0.01961	0.05037	0.01982	0.02751	0.01406	0.01716	0.01146	0.00788	0.00730	0.00237	0.01073	0.00608	0.00440	0.01134
4	0.20270	0.14018	0.12900	0.02250	0.15398	0.05466	0.01717	0.02497	0.01799	0.05450	0.06719	0.02280	0.04252	0.00899	0.00708	0.00241	0.00871	0.00692	0.00498	0.01076
5	0.05128	0.21377	0.29300	0.01903	0.02740	0.13217	0.02066	0.02725	0.01894	0.06164	0.05048	0.01898	0.01494	0.00844	0.00718	0.00232	0.01083	0.00613	0.00443	0.01114
6	0.02062	0.14471	0.26369	0.03160	0.25358	0.09705	0.02444	0.02657	0.01861	0.02480	0.01437	0.01763	0.01151	0.00767	0.00754	0.00238	0.01117	0.00622	0.00382	0.01202
7	0.08257	0.02233	0.11073	0.04423	0.52517	0.01959	0.02476	0.02551	0.01834	0.02789	0.01520	0.01959	0.01248	0.00749	0.00792	0.00250	0.00988	0.00700	0.00412	0.01270
8	0.00995	0.00790	0.00895	0.00979	0.01158	0.00690	0.00692	0.01177	0.01762	0.02190	0.06748	0.35066	0.39291	0.02321	0.01016	0.00305	0.00447	0.02018	0.00771	0.00690
9	0.01319	0.00945	0.01085	0.01074	0.01282	0.00971	0.00802	0.01802	0.08657	0.02409	0.04259	0.05124	0.18999	0.13227	0.15272	0.00569	0.00895	0.04419	0.16124	0.00767
10	0.00988	0.00817	0.00867	0.00907	0.01139	0.00696	0.00660	0.01185	0.01830	0.02218	0.07615	0.20984	0.52813	0.02208	0.00998	0.00292	0.00434	0.01880	0.00771	0.00696
11	0.02453	0.53698	0.03841	0.01596	0.02246	0.16537	0.01468	0.05866	0.01944	0.02145	0.01226	0.01402	0.01085	0.00756	0.00594	0.00189	0.01016	0.00479	0.00396	0.01063
12	0.02056	0.01974	0.03372	0.05099	0.65622	0.01974	0.02550	0.02550	0.01892	0.02714	0.01563	0.02056	0.01316	0.00740	0.00822	0.00247	0.00987	0.00740	0.00411	0.01316
13	0.03002	0.11703	0.02584	0.02058	0.02518	0.60089	0.01584	0.03222	0.02278	0.02024	0.01269	0.01479	0.01070	0.00839	0.00724	0.00210	0.01428	0.00525	0.00420	0.00975
14	0.03021	0.03822	0.02366	0.02143	0.02543	0.63316	0.01619	0.03233	0.02285	0.02031	0.01272	0.01519	0.01071	0.00894	0.00876	0.00224	0.05834	0.00547	0.00424	0.00960
15	0.01012	0.00723	0.00964	0.01157	0.01205	0.00675	0.00771	0.01157	0.01591	0.02121	0.04579	0.70262	0.05495	0.02603	0.01060	0.00337	0.00482	0.02362	0.00771	0.00675
16	0.01208	0.00805	0.00906	0.00906	0.00906	0.00805	0.00503	0.01208	0.01208	0.01611	0.02618	0.05436	0.03020	0.70804	0.04228	0.00805	0.00805	0.01208	0.00503	0.00503
17	0.02110	0.02335	0.02901	0.02394	0.02625	0.16014	0.11989	0.02385	0.01614	0.02118	0.01230	0.01822	0.01115	0.01203	0.02020	0.00318	0.43735	0.00730	0.00386	0.00956
18	0.01666	0.04297	0.66500	0.02368	0.03596	0.01929	0.03069	0.02631	0.01754	0.02631	0.01491	0.01754	0.01052	0.00789	0.00789	0.00263	0.01228	0.00614	0.00351	0.01228
19	0.00984	0.00835	0.00849	0.00860	0.01127	0.00700	0.00640	0.01190	0.01875	0.02237	0.08187	0.11707	0.61720	0.02134	0.00987	0.00284	0.00424	0.01790	0.00771	0.00700
20	0.03103	0.03959	0.02354	0.02140	0.02568	0.67469	0.01605	0.03317	0.02354	0.02033	0.01284	0.01498	0.01070	0.00856	0.00749	0.00214	0.01498	0.00535	0.00428	0.00963
21	0.01307	0.00942	0.01191	0.01292	0.01431	0.00935	0.00936	0.08584	0.01905	0.02536	0.04249	0.54790	0.04922	0.02374	0.01043	0.00332	0.00568	0.09111	0.00778	0.00774
22	0.01012	0.00723	0.00964	0.01157	0.01205	0.00675	0.00771	0.01157	0.01591	0.02121	0.04579	0.70262	0.05495	0.02603	0.01060	0.00337	0.00482	0.02362	0.00771	0.00675
23	0.00983	0.00837	0.00847	0.00855	0.01126	0.00700	0.00637	0.01191	0.01881	0.02239	0.08254	0.10627	0.62758	0.02125	0.00985	0.00283	0.00423	0.01779	0.00771	0.00700
24	0.01973	0.01889	0.03222	0.15949	0.55421	0.01952	0.02508	0.02477	0.01852	0.02613	0.01548	0.02083	0.01280	0.00756	0.00824	0.00252	0.01007	0.00740	0.00404	0.01249
25	0.02029	0.01946	0.03323	0.08623	0.62308	0.01967	0.02536	0.02526	0.01879	0.02681	0.01558	0.02065	0.01304	0.00745	0.00823	0.00248	0.00994	0.00740	0.00409	0.01294
26	0.01994	0.01910	0.03259	0.13280	0.57931	0.01957	0.02518	0.02495	0.01862	0.02638	0.01552	0.02076	0.01289	0.00752	0.00823	0.00251	0.01002	0.00740	0.00406	0.01265
27	0.01012	0.00723	0.00964	0.01157	0.01205	0.00675	0.00771	0.01157	0.01591	0.02121	0.04579	0.70262	0.05495	0.02603	0.01060	0.00337	0.00482	0.02362	0.00771	0.00675
28	0.02123	0.02101	0.03307	0.04910	0.61589	0.06163	0.02489	0.02599	0.01921	0.02670	0.01545	0.02020	0.01300	0.00748	0.00818	0.00245	0.01020	0.00727	0.00412	0.01293
29	0.00982	0.00842	0.00842	0.00842	0.01122	0.00701	0.00631	0.01192	0.01894	0.02244	0.08416	0.07995	0.65285	0.02104	0.00982	0.00281	0.00421	0.01753	0.00771	0.00701
30	0.03061	0.03619	0.02384	0.02106	0.02554	0.54715	0.01609	0.12628	0.02556	0.02535	0.01388	0.01589	0.01125	0.00902	0.00840	0.00225	0.04068	0.00576	0.00489	0.01032
31	0.02274	0.67289	0.04234	0.01464	0.02158	0.07114	0.01432	0.02537	0.01728	0.01959	0.01163	0.01342	0.01066	0.00719	0.00546	0.00180	0.00925	0.00450	0.00360	0.01060
32	0.01784	0.01037	0.01280	0.01133	0.01474	0.00943	0.00880	0.02229	0.05921	0.17979	0.32037	0.05684	0.21094	0.01611	0.00938	0.00267	0.00490	0.01376	0.00900	0.00944
33	0.01004	0.00842	0.00872	0.00865	0.01136	0.00711	0.00649	0.01235	0.01946	0.02369	0.14943	0.07789	0.58680	0.02057	0.00982	0.00278	0.00417	0.01724	0.00788	0.00711
34	0.02056	0.01974	0.03372	0.05099	0.65622	0.01974	0.02550	0.02550	0.01892	0.02714	0.01563	0.02056	0.01316	0.00740	0.00822	0.00247	0.00987	0.00740	0.00411	0.01316
35	0.00994	0.00792	0.00892	0.00973	0.01157	0.00690	0.00689	0.01177	0.01768	0.02193	0.06821	0.33875	0.40434	0.02311	0.01014	0.00304	0.00446	0.02006	0.00771	0.00690
36	0.02404	0.57362	0.03939	0.01570	0.02222	0.16575	0.01459	0.02659	0.01826	0.01971	0.01182	0.01367	0.01067	0.00741	0.00578	0.00185	0.01015	0.00463	0.00370	0.01045
37	0.01010	0.00731	0.00956	0.01137	0.01200	0.00676	0.00762	0.01159	0.01610	0.02129	0.04824	0.66279	0.09319	0.02571	0.01055	0.00334	0.00478	0.02323	0.00771	0.00676
38	0.01208	0.00805	0.00906	0.00906	0.00906	0.00805	0.00503	0.01208	0.01208	0.01611	0.02618	0.05436	0.03020	0.70804	0.04228	0.00805	0.00805	0.01208	0.00503	0.00503
39	0.01360	0.01070	0.01523	0.01447	0.01570	0.01322	0.01148	0.01643	0.01369	0.02078	0.02044	0.02943	0.01877	0.04629	0.46301	0.01001	0.16003	0.00843	0.09049	0.00780
40	0.02035	0.01953	0.03335	0.07795	0.63087	0.01968	0.02539	0.02531	0.01882	0.02689	0.01559	0.02063	0.01307	0.00744	0.00823	0.00248	0.00992	0.00740	0.00409	0.01299
41	0.02221	0.71304	0.04353	0.01421	0.02132	0.03287	0.01421	0.02488	0.01688	0.01955	0.01155	0.01333	0.01066	0.00711	0.00533	0.00178	0.00888	0.00444	0.00355	0.01066
42	0.03103	0.03959	0.02354	0.02140	0.02568	0.67469	0.01605	0.03317	0.02354	0.02033	0.01284	0.01498	0.01070	0.00856	0.00749	0.00214	0.01498	0.00535	0.00428	0.00963
43	0.01884	0.01098	0.01133	0.01012	0.01303	0.01150	0.00789	0.14643	0.02194	0.03543	0.02561	0.02867	0.01980	0.00974	0.00633	0.00205	0.00497	0.00769	0.59857	0.00907
44	0.01840	0.01588	0.01662	0.01514	0.01944	0.01782	0.01172	0.03742	0.51140	0.03218	0.04431	0.04121	0.15626	0.01331	0.00874	0.00282	0.00608	0.01109	0.00830	0.01187
45	0.01981	0.02186	0.04585	0.03832	0.17028	0.02075	0.50172	0.02638	0.01946	0.02672	0.01656	0.02203	0.01272	0.00709	0.00948	0.00273	0.01315	0.00931	0.00418	0.01161
46	0.00982	0.00842	0.00842	0.00842	0.01122	0.00701	0.00631	0.01192	0.01894	0.02244	0.08416	0.07995	0.65285	0.02104	0.00982	0.00281	0.00421	0.01753	0.00771	0.00701
47	0.02056	0.01974	0.03372	0.05099	0.65622	0.01974	0.02550	0.02550	0.01892	0.02714	0.01563	0.02056	0.01316	0.00740	0.00822	0.00247	0.00987	0.00740	0.00411	0.01316
48	0.01723	0.01477	0.01723	0.01230	0.01969	0.01107	0.00984	0.02092	0.01723	0.02707	0.01477	0.01723	0.01230	0.00615	0.00615	0.00123	0.00615	0.00492	0.00492	0.75883
49	0.01206	0.00884	0.01305	0.01305	0.01456	0.01024	0.01014	0.01507	0.01357	0.01991	0.02251	0.03255	0.02080	0.05951	0.63957	0.01274	0.02128	0.00884	0.04427	0.00743
50	0.02072	0.01288	0.01555	0.01359	0.01750	0.01306	0.01061	0.03085	0.22514	0.18300	0.30323	0.04390	0.04736	0.01353	0.00902	0.00267	0.00553	0.01160	0.00919	0.01107
51	0.00991	0.00807	0.00877	0.00934	0.01146	0.00694	0.00672	0.01182	0.01805	0.02208	0.07297	0.26158	0.47845	0.02249	0.01005	0.00297	0.00439	0.01931	0.00771	0.00694
52	0.01208	0.00805	0.00906	0.00906	0.00906	0.00805	0.00503	0.01208	0.01208	0.01611	0.02618	0.05436	0.03020	0.70804	0.04228	0.00805	0.00805	0.01208	0.00503	0.00503
53	0.02158	0.63750	0.11360	0.01528	0.02297	0.03134	0.01607	0.02504	0.01695	0.02031	0.01193	0.01380	0.01065	0.00720	0.00562	0.00187	0.00927	0.00463	0.00355	0.01084
54	0.02208	0.33752	0.25836	0.01904	0.02738	0.16096	0.02040	0.02710	0.01849	0.02209	0.01300	0.01515	0.01062	0.00768	0.00668	0.00215	0.01134	0.00523	0.00369	0.01102
55	0.01187	0.00890	0.01335	0.01335	0.01483	0.01038	0.01038	0.01483	0.01335	0.01928	0.02225	0.03264	0.02077	0.06231	0.67512	0.01335	0.02225	0.00890	0.00445	0.00742
56	0.02056	0.01974	0.03372	0.05099	0.65622	0.01974	0.02550	0.02550	0.01892	0.02714	0.01563	0.02056	0.01316	0.00740	0.00822	0.00247	0.00987	0.00740	0.00411	0.01316
57	0.02153	0.06227	0.02142	0.01826	0.02095	0.29043	0.01435	0.02394	0.01767	0.01986	0.01572	0.02164	0.01426	0.02837	0.24465	0.00631	0.13849	0.00689	0.00418	0.00882
58	0.01158	0.00848	0.01086	0.01027	0.01230	0.00776	0.00770	0.01534	0.02311	0.03234	0.60116	0.06365	0.12967	0.01735	0.00980	0.00263	0.00395	0.01525	0.00902	0.00776
59	0.03103	0.03959	0.02354	0.02140	0.02568	0.67469	0.01605	0.03317	0.02354	0.02033	0.01284	0.01498	0.01070	0.00856	0.00749	0.00214	0.01498	0.00535	0.00428	0.00963
60	0.01056	0.00865	0.00944	0.00984	0.01246	0.00754	0.00778	0.01302	0.01897	0.02294	0.07584	0.08280	0.52759	0.02143	0.01016	0.00302	0.00492	0.13818	0.00770	0.00714
61	0.01666	0.04297	0.66500	0.02368	0.03596	0.01929	0.03069	0.02631	0.01754	0.02631	0.01491	0.01754	0.01052	0.00789	0.00789	0.00263	0.01228	0.00614	0.00351	0.01228
62	0.03121	0.03434	0.02399	0.02067	0.02571	0.46573	0.01597	0.22488	0.02854	0.03064	0.01513	0.01658	0.01180	0.00902	0.00775	0.00225	0.01310	0.00604	0.00558	0.01108
63	0.02056	0.01974	0.03372	0.05099	0.65622	0.01974	0.02550	0.02550	0.01892	0.02714	0.01563	0.02056	0.01316	0.00740	0.00822	0.00247	0.00987	0.00740	0.00411	0.01316
64	0.00994	0.00842	0.00859	0.00855	0.01130	0.00707	0.00641	0.01216	0.01923	0.02314	0.12047	0.07880	0.61611	0.02078	0.00982	0.00279	0.00419	0.01737	0.00781	0.00707
65	0.02967	0.03373	0.02405	0.02097	0.02525	0.46467	0.01624	0.15585	0.02553	0.02697	0.01410	0.01638	0.01144	0.00954	0.00994	0.00239	0.09171	0.00602	0.00505	0.01051
66	0.01241	0.00979	0.01066	0.01053	0.01313	0.00909	0.00780	0.08272	0.02040	0.02553	0.06599	0.24813	0.41129	0.02117	0.00987	0.00293	0.00495	0.01809	0.00778	0.00776
67	0.01666	0.04297	0.66500	0.02368	0.03596	0.01929	0.03069	0.02631	0.01754	0.02631	0.01491	0.01754	0.01052	0.00789	0.00789	0.00263	0.01228	0.00614	0.00351	0.01228
68	0.00982	0.00842	0.00842	0.00842	0.01122	0.00701	0.00631	0.01192	0.01894	0.02244	0.08416	0.07995	0.65285	0.02104	0.00982	0.00281	0.00421	0.01753	0.00771	0.00701
69	0.01195	0.01129	0.04938	0.03782	0.01565	0.00936	0.00949	0.01670	0.05787	0.02811	0.32270	0.06324	0.30082	0.01740	0.00955	0.00271	0.00497	0.01488	0.00798	0.00814
70	0.02984	0.03709	0.02299	0.02088	0.02521	0.59949	0.01572	0.03443	0.09457	0.02199	0.01525	0.01682	0.01239	0.00887	0.00760	0.00222	0.01401	0.00582	0.00476	0.01004
71	0.01208	0.00805	0.00906	0.00906	0.00906	0.00805	0.00503	0.01208	0.01208	0.01611	0.02618	0.05436	0.03020	0.70804	0.04228	0.00805	0.00805	0.01208	0.00503	0.00503
72	0.01011	0.00728	0.00958	0.01142	0.01201	0.00676	0.00765	0.01158	0.01605	0.02126	0.04756	0.67378	0.08264	0.02580	0.01057	0.00335	0.00479	0.02333	0.00771	0.00676
73	0.01900	0.01927	0.05756	0.14614	0.49858	0.01876	0.02420	0.02406	0.01850	0.02591	0.01955	0.02422	0.05086	0.00838	0.00832	0.00254	0.00982	0.00795	0.00424	0.01215
74	0.02780	0.03318	0.02463	0.13016	0.07958	0.48313	0.01789	0.06360	0.02293	0.02277	0.01376	0.01683	0.01114	0.00851	0.00772	0.00229	0.01364	0.00595	0.00440	0.01009
75	0.02299	0.01658	0.01568	0.01330	0.01722	0.07799	0.01052	0.24860	0.02610	0.03796	0.02307	0.02532	0.01760	0.00968	0.00690	0.00216	0.00690	0.00742	0.40369	0.01031
76	0.01049	0.00755	0.00936	0.01064	0.01132	0.00705	0.00698	0.01172	0.01551	0.02031	0.04669	0.48781	0.12722	0.16658	0.01706	0.00427	0.00541	0.02044	0.00716	0.00643
77	0.01971	0.02561	0.16614	0.03851	0.34452	0.05585	0.12246	0.02556	0.01864	0.02601	0.01639	0.04398	0.01377	0.00845	0.00921	0.00262	0.03839	0.00798	0.00412	0.01207

[dist]
# distance from previous block
# <min> <max>
0	2

[block]
# block no. 3 follows, 22 sequences, length 77
# corresponding to MSA columns:
# 260-336
name=unknown_D
#
# <colnr> <probs for GDERKNQSTAVLIFYWHMCP>
#	G	D	E	R	K	N	Q	S	T	A	V	L	I	F	Y	W	H	M	C	P
0	0.02740	0.17442	0.05551	0.02355	0.10009	0.43905	0.01741	0.03029	0.02139	0.02123	0.01299	0.01541	0.01098	0.00810	0.00715	0.00213	0.01302	0.00544	0.00408	0.01037
1	0.09079	0.02820	0.02417	0.18728	0.10743	0.34319	0.01826	0.06082	0.02131	0.02458	0.01392	0.01754	0.01112	0.00836	0.00762	0.00239	0.01235	0.00613	0.00441	0.01014
2	0.01857	0.01691	0.02531	0.30559	0.21250	0.01911	0.02053	0.05446	0.15321	0.02725	0.02244	0.02609	0.04346	0.00934	0.00838	0.00268	0.00937	0.00828	0.00522	0.01129
3	0.02046	0.13599	0.03160	0.26232	0.23450	0.10666	0.04654	0.02495	0.01840	0.02291	0.01434	0.01926	0.01167	0.00780	0.00774	0.00243	0.01096	0.00674	0.00390	0.01083
4	0.01199	0.00840	0.01080	0.01080	0.01140	0.00900	0.00720	0.01320	0.01260	0.01740	0.02458	0.04555	0.02638	0.44613	0.29897	0.01020	0.01381	0.01079	0.00480	0.00600
5	0.00991	0.00806	0.00878	0.00936	0.01147	0.00693	0.00673	0.01182	0.01803	0.02207	0.07267	0.26631	0.47390	0.02253	0.01005	0.00298	0.00439	0.01935	0.00771	0.00693
6	0.15458	0.17140	0.02621	0.01743	0.02316	0.23471	0.01439	0.20814	0.02519	0.03264	0.01448	0.01587	0.01143	0.00854	0.00688	0.00224	0.01050	0.00565	0.00548	0.01108
7	0.00992	0.00842	0.00856	0.00853	0.01129	0.00706	0.00639	0.01213	0.01918	0.02303	0.11505	0.07898	0.62158	0.02082	0.00982	0.00279	0.00419	0.01740	0.00779	0.00706
8	0.01592	0.01489	0.02158	0.09192	0.02348	0.01994	0.01626	0.01850	0.01335	0.01990	0.01490	0.02316	0.01403	0.02889	0.22900	0.00660	0.40741	0.00780	0.00390	0.00858
9	0.03147	0.02664	0.02464	0.01959	0.02575	0.15990	0.01584	0.50546	0.03585	0.04574	0.01848	0.01892	0.01342	0.00968	0.00814	0.00242	0.01035	0.00704	0.00748	0.01320
10	0.03158	0.02327	0.02493	0.01911	0.02576	0.02576	0.01579	0.62852	0.03906	0.05236	0.01995	0.01995	0.01413	0.00997	0.00831	0.00249	0.00914	0.00748	0.00831	0.01413
11	0.01183	0.00854	0.01121	0.01067	0.01263	0.00792	0.00809	0.01575	0.02332	0.03293	0.62430	0.06349	0.07700	0.01725	0.00987	0.00267	0.00409	0.04154	0.00908	0.00783
12	0.01176	0.00849	0.01110	0.01045	0.01241	0.00784	0.00784	0.01568	0.02352	0.03331	0.65184	0.06206	0.07839	0.01698	0.00980	0.00261	0.00392	0.01502	0.00914	0.00784
13	0.01666	0.04297	0.66500	0.02368	0.03596	0.01929	0.03069	0.02631	0.01754	0.02631	0.01491	0.01754	0.01052	0.00789	0.00789	0.00263	0.01228	0.00614	0.00351	0.01228
14	0.01044	0.00745	0.00946	0.01094	0.01149	0.00699	0.00717	0.01168	0.01545	0.02042	0.04492	0.55224	0.08918	0.14180	0.01595	0.00413	0.00533	0.02126	0.00726	0.00647
15	0.01569	0.01477	0.02492	0.68808	0.05722	0.01846	0.02307	0.02123	0.01661	0.02123	0.01477	0.02215	0.01107	0.00831	0.00831	0.00277	0.01107	0.00738	0.00369	0.00923
16	0.76672	0.01607	0.01221	0.01092	0.01607	0.01864	0.00900	0.02442	0.01414	0.03727	0.01157	0.01350	0.00900	0.00771	0.00514	0.00257	0.00643	0.00450	0.00514	0.00900
17	0.02798	0.02646	0.02211	0.01873	0.02389	0.23431	0.01472	0.26570	0.17350	0.03669	0.02127	0.02151	0.01603	0.00980	0.00794	0.00242	0.01015	0.00725	0.04745	0.01209
18	0.01208	0.00805	0.00906	0.00906	0.00906	0.00805	0.00503	0.01208	0.01208	0.01611	0.02618	0.05436	0.03020	0.70804	0.04228	0.00805	0.00805	0.01208	0.00503	0.00503
19	0.03103	0.03959	0.02354	0.02140	0.02568	0.67469	0.01605	0.03317	0.02354	0.02033	0.01284	0.01498	0.01070	0.00856	0.00749	0.00214	0.01498	0.00535	0.00428	0.00963
20	0.08771	0.65172	0.04078	0.01393	0.02086	0.03162	0.01376	0.02484	0.01664	0.02110	0.01155	0.01334	0.01051	0.00716	0.00531	0.00185	0.00867	0.00445	0.00369	0.01051
21	0.01666	0.04297	0.66500	0.02368	0.03596	0.01929	0.03069	0.02631	0.01754	0.02631	0.01491	0.01754	0.01052	0.00789	0.00789	0.00263	0.01228	0.00614	0.00351	0.01228
22	0.01012	0.00723	0.00964	0.01157	0.01205	0.00675	0.00771	0.01157	0.01591	0.02121	0.04579	0.70262	0.05495	0.02603	0.01060	0.00337	0.00482	0.02362	0.00771	0.00675
23	0.00982	0.00842	0.00842	0.00842	0.01122	0.00701	0.00631	0.01192	0.01894	0.02244	0.08416	0.07995	0.65285	0.02104	0.00982	0.00281	0.00421	0.01753	0.00771	0.00701
24	0.03103	0.03959	0.02354	0.02140	0.02568	0.67469	0.01605	0.03317	0.02354	0.02033	0.01284	0.01498	0.01070	0.00856	0.00749	0.00214	0.01498	0.00535	0.00428	0.00963
25	0.01012	0.00723	0.00964	0.01157	0.01205	0.00675	0.00771	0.01157	0.01591	0.02121	0.04579	0.70262	0.05495	0.02603	0.01060	0.00337	0.00482	0.02362	0.00771	0.00675
26	0.01723	0.01477	0.01723	0.01230	0.01969	0.01107	0.00984	0.02092	0.01723	0.02707	0.01477	0.01723	0.01230	0.00615	0.00615	0.00123	0.00615	0.00492	0.00492	0.75883
27	0.01005	0.00842	0.00873	0.00866	0.01136	0.00711	0.00649	0.01237	0.01948	0.02373	0.15156	0.07782	0.58464	0.02056	0.00982	0.00278	0.00417	0.01723	0.00788	0.00711
28	0.01020	0.00808	0.00918	0.00964	0.01164	0.00706	0.00695	0.01240	0.01876	0.02376	0.16047	0.25776	0.39099	0.02186	0.01004	0.00294	0.00434	0.01891	0.00793	0.00706
29	0.03103	0.03959	0.02354	0.02140	0.02568	0.67469	0.01605	0.03317	0.02354	0.02033	0.01284	0.01498	0.01070	0.00856	0.00749	0.00214	0.01498	0.00535	0.00428	0.00963
30	0.01890	0.02613	0.16946	0.03160	0.04003	0.02106	0.45415	0.02597	0.01859	0.02597	0.01591	0.02107	0.01204	0.00784	0.01096	0.00284	0.07339	0.00885	0.00401	0.01123
31	0.01198	0.01029	0.01048	0.01010	0.01329	0.00973	0.00767	0.01833	0.14271	0.02489	0.07414	0.07021	0.52804	0.01910	0.00955	0.00281	0.00468	0.01591	0.00786	0.00823
32	0.00982	0.00842	0.00842	0.00842	0.01122	0.00701	0.00631	0.01192	0.01894	0.02244	0.08416	0.07995	0.65285	0.02104	0.00982	0.00281	0.00421	0.01753	0.00771	0.00701
33	0.01012	0.00723	0.00964	0.01157	0.01205	0.00675	0.00771	0.01157	0.01591	0.02121	0.04579	0.70262	0.05495	0.02603	0.01060	0.00337	0.00482	0.02362	0.00771	0.00675
34	0.01961	0.02241	0.04902	0.03501	0.04342	0.02101	0.62605	0.02661	0.01961	0.02661	0.01681	0.02241	0.01261	0.00700	0.00980	0.00280	0.01401	0.00980	0.00420	0.01120
35	0.02056	0.01974	0.03372	0.05099	0.65622	0.01974	0.02550	0.02550	0.01892	0.02714	0.01563	0.02056	0.01316	0.00740	0.00822	0.00247	0.00987	0.00740	0.00411	0.01316
36	0.00982	0.00842	0.00842	0.00842	0.01122	0.00701	0.00631	0.01192	0.01894	0.02244	0.08416	0.07995	0.65285	0.02104	0.00982	0.00281	0.00421	0.01753	0.00771	0.00701
37	0.03140	0.02857	0.02448	0.01986	0.02574	0.23648	0.01587	0.43520	0.03402	0.04196	0.01764	0.01833	0.01302	0.00951	0.00804	0.00238	0.01104	0.00679	0.00700	0.01267
38	0.03106	0.03871	0.02362	0.02128	0.02569	0.63953	0.01604	0.06543	0.02438	0.02207	0.01323	0.01525	0.01089	0.00864	0.00754	0.00216	0.01466	0.00547	0.00450	0.00987
39	0.03103	0.03959	0.02354	0.02140	0.02568	0.67469	0.01605	0.03317	0.02354	0.02033	0.01284	0.01498	0.01070	0.00856	0.00749	0.00214	0.01498	0.00535	0.00428	0.00963
40	0.03118	0.03534	0.02390	0.02081	0.02570	0.50571	0.01598	0.18821	0.02758	0.02867	0.01469	0.01627	0.01159	0.00893	0.00770	0.00223	0.01346	0.00590	0.00533	0.01080
41	0.01187	0.00890	0.01335	0.01335	0.01483	0.01038	0.01038	0.01483	0.01335	0.01928	0.02225	0.03264	0.02077	0.06231	0.67512	0.01335	0.02225	0.00890	0.00445	0.00742
42	0.02056	0.01974	0.03372	0.05099	0.65622	0.01974	0.02550	0.02550	0.01892	0.02714	0.01563	0.02056	0.01316	0.00740	0.00822	0.00247	0.00987	0.00740	0.00411	0.01316
43	0.01281	0.00860	0.01189	0.01189	0.01349	0.00970	0.00919	0.01601	0.01441	0.02233	0.02351	0.03220	0.02091	0.04860	0.50083	0.01038	0.01747	0.00860	0.19968	0.00750
44	0.02329	0.02491	0.03107	0.04329	0.49202	0.19029	0.02304	0.02749	0.02012	0.02537	0.01490	0.01911	0.01252	0.00770	0.00803	0.00238	0.01120	0.00687	0.00416	0.01224
45	0.01208	0.00805	0.00906	0.00906	0.00906	0.00805	0.00503	0.01208	0.01208	0.01611	0.02618	0.05436	0.03020	0.70804	0.04228	0.00805	0.00805	0.01208	0.00503	0.00503
46	0.03103	0.03959	0.02354	0.02140	0.02568	0.67469	0.01605	0.03317	0.02354	0.02033	0.01284	0.01498	0.01070	0.00856	0.00749	0.00214	0.01498	0.00535	0.00428	0.00963
47	0.00982	0.00842	0.00842	0.00842	0.01122	0.00701	0.00631	0.01192	0.01894	0.02244	0.08416	0.07995	0.65285	0.02104	0.00982	0.00281	0.00421	0.01753	0.00771	0.00701
48	0.02185	0.66995	0.08350	0.01482	0.02226	0.03200	0.01527	0.02497	0.01692	0.01998	0.01177	0.01360	0.01065	0.00716	0.00550	0.00183	0.00910	0.00455	0.00355	0.01076
49	0.02967	0.03188	0.02202	0.01964	0.02427	0.45578	0.01497	0.03637	0.15159	0.10406	0.01970	0.01997	0.01498	0.00934	0.00780	0.00233	0.01224	0.00657	0.00590	0.01093
50	0.02287	0.21956	0.29395	0.01966	0.02875	0.02503	0.02151	0.21552	0.02413	0.03266	0.01558	0.01715	0.01170	0.00833	0.00733	0.00235	0.01036	0.00610	0.00503	0.01242
51	0.01338	0.00890	0.01161	0.01086	0.01314	0.00816	0.00830	0.01717	0.02312	0.07286	0.55828	0.06215	0.09950	0.01701	0.00978	0.00267	0.00431	0.04151	0.00908	0.00820
52	0.01030	0.00736	0.00984	0.01177	0.01233	0.00690	0.00802	0.01187	0.01608	0.02141	0.04569	0.66948	0.05456	0.02586	0.01065	0.00340	0.00497	0.05500	0.00771	0.00680
53	0.03103	0.03959	0.02354	0.02140	0.02568	0.67469	0.01605	0.03317	0.02354	0.02033	0.01284	0.01498	0.01070	0.00856	0.00749	0.00214	0.01498	0.00535	0.00428	0.00963
54	0.01188	0.00885	0.01308	0.01308	0.01446	0.01023	0.01004	0.01466	0.01327	0.01908	0.02250	0.03403	0.02138	0.10383	0.63443	0.01301	0.02134	0.00911	0.00449	0.00726
55	0.00982	0.00842	0.00842	0.00842	0.01122	0.00701	0.00631	0.01192	0.01894	0.02244	0.08416	0.07995	0.65285	0.02104	0.00982	0.00281	0.00421	0.01753	0.00771	0.00701
56	0.01187	0.00890	0.01335	0.01335	0.01483	0.01038	0.01038	0.01483	0.01335	0.01928	0.02225	0.03264	0.02077	0.06231	0.67512	0.01335	0.02225	0.00890	0.00445	0.00742
57	0.01167	0.00849	0.01098	0.01036	0.01235	0.00780	0.00777	0.01550	0.02330	0.03280	0.62498	0.06290	0.10556	0.01718	0.00980	0.00262	0.00393	0.01514	0.00908	0.00780
58	0.02221	0.71304	0.04353	0.01421	0.02132	0.03287	0.01421	0.02488	0.01688	0.01955	0.01155	0.01333	0.01066	0.00711	0.00533	0.00178	0.00888	0.00444	0.00355	0.01066
59	0.01012	0.00723	0.00964	0.01157	0.01205	0.00675	0.00771	0.01157	0.01591	0.02121	0.04579	0.70262	0.05495	0.02603	0.01060	0.00337	0.00482	0.02362	0.00771	0.00675
60	0.01157	0.00784	0.00921	0.00971	0.00984	0.00771	0.00573	0.01195	0.01308	0.01744	0.03128	0.22318	0.03665	0.53044	0.03403	0.00684	0.00721	0.01508	0.00573	0.00548
61	0.02226	0.02296	0.03207	0.04620	0.55403	0.12589	0.02396	0.02674	0.01967	0.02604	0.01517	0.01966	0.01276	0.00759	0.00811	0.00241	0.01070	0.00707	0.00414	0.01259
62	0.00982	0.00842	0.00842	0.00842	0.01122	0.00701	0.00631	0.01192	0.01894	0.02244	0.08416	0.07995	0.65285	0.02104	0.00982	0.00281	0.00421	0.01753	0.00771	0.00701
63	0.02135	0.02341	0.02448	0.05271	0.02438	0.19341	0.01740	0.02353	0.01597	0.02052	0.01180	0.01748	0.01094	0.01223	0.02007	0.00307	0.44686	0.00665	0.00388	0.04986
64	0.02056	0.01974	0.03372	0.05099	0.65622	0.01974	0.02550	0.02550	0.01892	0.02714	0.01563	0.02056	0.01316	0.00740	0.00822	0.00247	0.00987	0.00740	0.00411	0.01316
65	0.02979	0.02205	0.02358	0.01824	0.02457	0.02422	0.01501	0.57790	0.03741	0.04990	0.02522	0.02487	0.06657	0.01088	0.00843	0.00252	0.00874	0.00830	0.00826	0.01354
66	0.02056	0.01974	0.03372	0.05099	0.65622	0.01974	0.02550	0.02550	0.01892	0.02714	0.01563	0.02056	0.01316	0.00740	0.00822	0.00247	0.00987	0.00740	0.00411	0.01316
67	0.01696	0.01398	0.01625	0.01504	0.01767	0.06767	0.01181	0.12576	0.01877	0.02527	0.02107	0.02892	0.01876	0.04856	0.50141	0.01049	0.01932	0.00836	0.00512	0.00880
68	0.02016	0.01933	0.03300	0.10330	0.60704	0.01963	0.02530	0.02514	0.01873	0.02665	0.01556	0.02069	0.01299	0.00748	0.00823	0.00249	0.00997	0.00740	0.00408	0.01284
69	0.01238	0.00860	0.01036	0.06481	0.01301	0.00891	0.00651	0.01283	0.01245	0.01653	0.02524	0.05172	0.02863	0.65059	0.03949	0.00762	0.00830	0.01170	0.00492	0.00538
70	0.02034	0.01951	0.03332	0.08016	0.62880	0.01968	0.02538	0.02530	0.01881	0.02687	0.01559	0.02063	0.01306	0.00744	0.00823	0.00248	0.00992	0.00740	0.00409	0.01298
71	0.01070	0.00935	0.01049	0.01191	0.06418	0.00806	0.00789	0.01304	0.01893	0.02283	0.07853	0.07507	0.60033	0.01992	0.00969	0.00278	0.00467	0.01670	0.00742	0.00752
72	0.01098	0.00826	0.01162	0.01480	0.06494	0.00781	0.00917	0.01271	0.01615	0.02169	0.04331	0.64662	0.05151	0.02450	0.01041	0.00330	0.00523	0.02229	0.00742	0.00727
73	0.01768	0.03692	0.50061	0.03079	0.19748	0.01941	0.02934	0.02610	0.01790	0.02653	0.01510	0.01833	0.01121	0.00776	0.00798	0.00259	0.01165	0.00647	0.00367	0.01251
74	0.02056	0.01974	0.03372	0.05099	0.65622	0.01974	0.02550	0.02550	0.01892	0.02714	0.01563	0.02056	0.01316	0.00740	0.00822	0.00247	0.00987	0.00740	0.00411	0.01316
75	0.01612	0.01492	0.02307	0.03300	0.37830	0.01439	0.01760	0.01993	0.01893	0.02524	0.04301	0.04693	0.25633	0.01339	0.00900	0.00267	0.00761	0.04335	0.00566	0.01054
76	0.01352	0.01112	0.01268	0.01250	0.01369	0.06410	0.00896	0.01537	0.01374	0.01825	0.02286	0.03884	0.02327	0.28539	0.39735	0.01056	0.01665	0.00973	0.00464	0.00676

[dist]
# distance from previous block
# <min> <max>
0	63

[block]
# block no. 4 follows, 22 sequences, length 39
# corresponding to MSA columns:
# 400-438
name=unknown_E
#
# <colnr> <probs for GDERKNQSTAVLIFYWHMCP>
#	G	D	E	R	K	N	Q	S	T	A	V	L	I	F	Y	W	H	M	C	P
0	0.10136	0.02967	0.22289	0.12553	0.06031	0.17650	0.02065	0.02713	0.06038	0.02552	0.01742	0.06453	0.01461	0.00953	0.00780	0.00258	0.01111	0.00742	0.00454	0.01053
1	0.02537	0.02460	0.12349	0.01817	0.02414	0.14782	0.04131	0.13679	0.02336	0.15658	0.02523	0.02806	0.05957	0.06917	0.05582	0.00367	0.01105	0.00826	0.00640	0.01115
2	0.02705	0.02960	0.09723	0.02357	0.09461	0.24456	0.01843	0.24279	0.02754	0.03354	0.01839	0.02392	0.01513	0.01001	0.00823	0.00249	0.01145	0.05380	0.00588	0.01176
3	0.07041	0.03399	0.33090	0.02520	0.09878	0.14965	0.07154	0.02652	0.01892	0.02571	0.01916	0.02167	0.05412	0.00877	0.00794	0.00254	0.01176	0.00707	0.00418	0.01118
4	0.02007	0.07801	0.30998	0.02672	0.09760	0.02096	0.14247	0.10704	0.02092	0.02955	0.01579	0.01882	0.01181	0.00779	0.00807	0.00248	0.01133	0.00698	0.00445	0.05916
5	0.07713	0.08348	0.09643	0.02586	0.15622	0.19749	0.01889	0.18977	0.02493	0.03210	0.01536	0.01751	0.01199	0.00845	0.00757	0.00236	0.01099	0.00630	0.00525	0.01190
6	0.05346	0.19299	0.14835	0.02327	0.11176	0.02505	0.03932	0.24718	0.02541	0.03480	0.01598	0.01781	0.01225	0.00836	0.00743	0.00235	0.00981	0.00645	0.00545	0.01252
7	0.01622	0.02934	0.36325	0.02692	0.15494	0.01667	0.04494	0.02306	0.01772	0.02553	0.02229	0.13839	0.02112	0.01184	0.00872	0.00281	0.01029	0.05013	0.00464	0.01117
8	0.02257	0.10767	0.19756	0.01979	0.02589	0.28631	0.01887	0.02701	0.02033	0.02359	0.09926	0.02209	0.01979	0.00983	0.00925	0.00242	0.06608	0.00692	0.00460	0.01017
9	0.02058	0.23560	0.32961	0.02167	0.03110	0.06817	0.08846	0.06689	0.01942	0.02571	0.01433	0.01682	0.01104	0.00775	0.00735	0.00236	0.01144	0.00608	0.00397	0.01163
10	0.02472	0.27939	0.03043	0.01926	0.06605	0.22726	0.01506	0.07623	0.06332	0.02501	0.04038	0.01828	0.01495	0.00842	0.00688	0.00206	0.01032	0.00596	0.00484	0.06117
11	0.02774	0.02097	0.02256	0.01797	0.02384	0.02328	0.01461	0.45885	0.16236	0.04720	0.07314	0.02558	0.02157	0.01080	0.00846	0.00257	0.00819	0.00848	0.00841	0.01342
12	0.02603	0.01795	0.02006	0.01695	0.02228	0.01961	0.01365	0.18853	0.33187	0.15631	0.03082	0.03194	0.02315	0.01155	0.00860	0.00276	0.00739	0.04864	0.00871	0.01321
13	0.03085	0.02256	0.02415	0.01860	0.02503	0.02494	0.01534	0.60077	0.03807	0.05138	0.02027	0.02045	0.01445	0.00996	0.00820	0.00247	0.00890	0.00749	0.04228	0.01384
14	0.03031	0.02259	0.02493	0.07239	0.02827	0.02518	0.01637	0.58016	0.03727	0.04988	0.01953	0.02012	0.01388	0.00984	0.00831	0.00252	0.00930	0.00747	0.00794	0.01374
15	0.01729	0.18591	0.38664	0.02010	0.02935	0.02059	0.05734	0.02431	0.01846	0.02593	0.11600	0.02399	0.02151	0.00912	0.00773	0.00245	0.01028	0.00739	0.00446	0.01115
16	0.02049	0.04300	0.01568	0.01307	0.01640	0.10273	0.01030	0.14361	0.02191	0.03145	0.02231	0.02618	0.01791	0.01831	0.11872	0.00398	0.00971	0.00743	0.34745	0.00935
17	0.02538	0.02498	0.04771	0.01777	0.02202	0.28943	0.01428	0.06828	0.02115	0.12275	0.01949	0.02307	0.01564	0.02584	0.21821	0.00579	0.01553	0.00712	0.00551	0.01006
18	0.01777	0.17695	0.54074	0.02179	0.03303	0.02201	0.02740	0.02602	0.01741	0.02496	0.01424	0.01670	0.01055	0.00774	0.00738	0.00246	0.01160	0.00580	0.00352	0.01195
19	0.03158	0.02327	0.02493	0.01911	0.02576	0.02576	0.01579	0.62852	0.03906	0.05236	0.01995	0.01995	0.01413	0.00997	0.00831	0.00249	0.00914	0.00748	0.00831	0.01413
20	0.02221	0.71304	0.04353	0.01421	0.02132	0.03287	0.01421	0.02488	0.01688	0.01955	0.01155	0.01333	0.01066	0.00711	0.00533	0.00178	0.00888	0.00444	0.00355	0.01066
21	0.02724	0.01407	0.01761	0.01417	0.01910	0.01350	0.01143	0.15349	0.02685	0.31766	0.24503	0.03828	0.03931	0.01254	0.00885	0.00257	0.00640	0.01049	0.00948	0.01195
22	0.01012	0.00723	0.00964	0.01157	0.01205	0.00675	0.00771	0.01157	0.01591	0.02121	0.04579	0.70262	0.05495	0.02603	0.01060	0.00337	0.00482	0.02362	0.00771	0.00675
23	0.01002	0.00838	0.00877	0.00902	0.01159	0.00712	0.00678	0.01216	0.01870	0.02247	0.07905	0.13024	0.57432	0.02153	0.00997	0.00290	0.00443	0.04779	0.00771	0.00702
24	0.02989	0.03583	0.02387	0.02119	0.02533	0.54380	0.01622	0.09653	0.02422	0.02377	0.01343	0.01582	0.01109	0.00927	0.00942	0.00232	0.07751	0.00576	0.00466	0.01007
25	0.01012	0.00723	0.00964	0.01157	0.01205	0.00675	0.00771	0.01157	0.01591	0.02121	0.04579	0.70262	0.05495	0.02603	0.01060	0.00337	0.00482	0.02362	0.00771	0.00675
26	0.01187	0.00890	0.01335	0.01335	0.01483	0.01038	0.01038	0.01483	0.01335	0.01928	0.02225	0.03264	0.02077	0.06231	0.67512	0.01335	0.02225	0.00890	0.00445	0.00742
27	0.02894	0.03562	0.02558	0.02732	0.15176	0.54374	0.01794	0.03164	0.02262	0.02169	0.01340	0.01610	0.01119	0.00833	0.00764	0.00221	0.01396	0.00576	0.00425	0.01034
28	0.01666	0.04297	0.66500	0.02368	0.03596	0.01929	0.03069	0.02631	0.01754	0.02631	0.01491	0.01754	0.01052	0.00789	0.00789	0.00263	0.01228	0.00614	0.00351	0.01228
29	0.01595	0.03449	0.49103	0.02290	0.07372	0.01703	0.02577	0.02413	0.01883	0.02777	0.14231	0.02665	0.02427	0.00968	0.00830	0.00262	0.01044	0.00800	0.00468	0.01145
30	0.02056	0.01974	0.03372	0.05099	0.65622	0.01974	0.02550	0.02550	0.01892	0.02714	0.01563	0.02056	0.01316	0.00740	0.00822	0.00247	0.00987	0.00740	0.00411	0.01316
31	0.02003	0.01920	0.03276	0.12011	0.59124	0.01960	0.02523	0.02503	0.01867	0.02650	0.01553	0.02073	0.01293	0.00750	0.00823	0.00250	0.01000	0.00740	0.00407	0.01273
32	0.02050	0.02574	0.15925	0.04350	0.48903	0.06450	0.02589	0.02618	0.01896	0.02651	0.01529	0.01957	0.01246	0.00758	0.00811	0.00248	0.01070	0.00701	0.00400	0.01274
33	0.01722	0.03873	0.53062	0.02173	0.03219	0.07897	0.02656	0.02531	0.01826	0.02531	0.02259	0.02439	0.08353	0.00945	0.00807	0.00260	0.01161	0.00736	0.00406	0.01143
34	0.01971	0.17649	0.45425	0.02148	0.03164	0.11037	0.02542	0.02695	0.01822	0.02415	0.01396	0.01635	0.01057	0.00783	0.00733	0.00239	0.01196	0.00569	0.00362	0.01160
35	0.01978	0.02020	0.08294	0.07821	0.24863	0.01858	0.12094	0.10509	0.02152	0.02952	0.02201	0.03540	0.01983	0.01092	0.00913	0.00283	0.01029	0.12735	0.00533	0.01151
36	0.02037	0.10524	0.15514	0.02488	0.12589	0.14531	0.03833	0.02452	0.01742	0.02230	0.01488	0.02082	0.01314	0.05992	0.05815	0.00368	0.12881	0.00689	0.00397	0.01034
37	0.01541	0.02049	0.15011	0.15066	0.02786	0.10174	0.01666	0.01946	0.01741	0.02215	0.02876	0.33216	0.03102	0.01638	0.00916	0.00293	0.00898	0.01429	0.00558	0.00878
38	0.01892	0.01941	0.02738	0.09949	0.15536	0.10503	0.14252	0.02466	0.06827	0.02488	0.02288	0.15861	0.02183	0.01155	0.00882	0.00265	0.01001	0.01088	0.00524	0.06162

[dist]
# distance from previous block
# <min> <max>
5	38

[block]
# block no. 5 follows, 22 sequences, length 23
# corresponding to MSA columns:
# 477-499
name=unknown_F
#
# <colnr> <probs for GDERKNQSTAVLIFYWHMCP>
#	G	D	E	R	K	N	Q	S	T	A	V	L	I	F	Y	W	H	M	C	P
0	0.02193	0.02409	0.06824	0.04493	0.52487	0.11934	0.02436	0.02671	0.01954	0.02606	0.01516	0.01954	0.01263	0.00761	0.00809	0.00243	0.01078	0.00702	0.00410	0.01257
1	0.01196	0.11460	0.01480	0.01197	0.01346	0.01072	0.00870	0.01359	0.01605	0.02095	0.04058	0.59777	0.04821	0.02315	0.00980	0.00313	0.00544	0.02070	0.00708	0.00734
2	0.02005	0.01898	0.03121	0.04511	0.55939	0.01842	0.02311	0.02480	0.01866	0.02713	0.01550	0.02005	0.01303	0.00721	0.00791	0.00228	0.00930	0.00702	0.00424	0.12659
3	0.02215	0.02276	0.03217	0.04649	0.56030	0.11937	0.02406	0.02666	0.01962	0.02610	0.01520	0.01971	0.01279	0.00758	0.00811	0.00242	0.01065	0.00709	0.00414	0.01262
4	0.01196	0.11460	0.01480	0.01197	0.01346	0.01072	0.00870	0.01359	0.01605	0.02095	0.04058	0.59777	0.04821	0.02315	0.00980	0.00313	0.00544	0.02070	0.00708	0.00734
5	0.01137	0.00841	0.01061	0.01020	0.01221	0.00765	0.00760	0.01488	0.02240	0.03099	0.53203	0.10014	0.16448	0.01810	0.00985	0.00268	0.00401	0.01588	0.00885	0.00765
6	0.01666	0.04297	0.66500	0.02368	0.03596	0.01929	0.03069	0.02631	0.01754	0.02631	0.01491	0.01754	0.01052	0.00789	0.00789	0.00263	0.01228	0.00614	0.00351	0.01228
7	0.01666	0.04297	0.66500	0.02368	0.03596	0.01929	0.03069	0.02631	0.01754	0.02631	0.01491	0.01754	0.01052	0.00789	0.00789	0.00263	0.01228	0.00614	0.00351	0.01228
8	0.15306	0.50400	0.03547	0.01458	0.02097	0.11390	0.01354	0.02588	0.01727	0.02274	0.01172	0.01357	0.01038	0.00740	0.00558	0.00196	0.00925	0.00457	0.00392	0.01024
9	0.02901	0.02199	0.02348	0.01859	0.02478	0.02456	0.01517	0.49081	0.18096	0.04821	0.02321	0.02255	0.01677	0.01028	0.00834	0.00257	0.00854	0.00793	0.00834	0.01390
10	0.02337	0.41414	0.20361	0.01682	0.02517	0.02568	0.01822	0.02797	0.01826	0.13325	0.01613	0.01704	0.01235	0.00787	0.00653	0.00214	0.00947	0.00557	0.00471	0.01169
11	0.02140	0.15244	0.23789	0.02199	0.02882	0.17103	0.06661	0.02637	0.01797	0.02254	0.01320	0.01672	0.01082	0.00917	0.01137	0.00258	0.14846	0.00617	0.00377	0.01068
12	0.01666	0.04297	0.66500	0.02368	0.03596	0.01929	0.03069	0.02631	0.01754	0.02631	0.01491	0.01754	0.01052	0.00789	0.00789	0.00263	0.01228	0.00614	0.00351	0.01228
13	0.06323	0.05491	0.02392	0.01756	0.02405	0.02288	0.01460	0.43146	0.05761	0.17216	0.02230	0.02146	0.01548	0.00985	0.00804	0.00249	0.00849	0.00745	0.00834	0.01370
14	0.02080	0.02411	0.01685	0.01578	0.01909	0.34186	0.01190	0.02307	0.02027	0.02084	0.03767	0.03918	0.22126	0.02198	0.12455	0.00431	0.01274	0.00993	0.00543	0.00839
15	0.03129	0.04678	0.02025	0.01587	0.02137	0.19186	0.01267	0.03418	0.02285	0.36721	0.05827	0.02804	0.05479	0.01041	0.00805	0.00237	0.00893	0.00805	0.00794	0.04880
16	0.02900	0.02199	0.02348	0.01859	0.02478	0.02456	0.01517	0.49046	0.18132	0.04820	0.02322	0.02256	0.01678	0.01028	0.00834	0.00257	0.00854	0.00793	0.00834	0.01390
17	0.03158	0.02327	0.02493	0.01911	0.02576	0.02576	0.01579	0.62852	0.03906	0.05236	0.01995	0.01995	0.01413	0.00997	0.00831	0.00249	0.00914	0.00748	0.00831	0.01413
18	0.03154	0.02883	0.04923	0.01918	0.02488	0.30666	0.01555	0.17579	0.05669	0.18004	0.02031	0.02016	0.01453	0.00940	0.00795	0.00238	0.01122	0.00679	0.00682	0.01203
19	0.02353	0.30645	0.21104	0.01920	0.02684	0.23777	0.01943	0.02797	0.01923	0.02169	0.01291	0.01504	0.01064	0.00780	0.00675	0.00213	0.01182	0.00521	0.00378	0.01078
20	0.01868	0.02708	0.23791	0.03430	0.26964	0.02101	0.05977	0.02452	0.01704	0.02515	0.01434	0.01912	0.01174	0.00923	0.01270	0.00282	0.17224	0.00710	0.00381	0.01180
21	0.03142	0.02806	0.02452	0.01979	0.02574	0.21615	0.01587	0.45386	0.03451	0.04296	0.01786	0.01849	0.01312	0.00956	0.00807	0.00239	0.01085	0.00685	0.00713	0.01281
22	0.03158	0.02327	0.02493	0.01911	0.02576	0.02576	0.01579	0.62852	0.03906	0.05236	0.01995	0.01995	0.01413	0.00997	0.00831	0.00249	0.00914	0.00748	0.00831	0.01413

[dist]
# distance from previous block
# <min> <max>
2	3

[block]
# block no. 6 follows, 22 sequences, length 23
# corresponding to MSA columns:
# 503-525
name=unknown_G
#
