[name]
unknown

[dist]
# distance from previous block
# <min> <max>
3	7

[block]
# block no. 0 follows, 20 sequences, length 17
# corresponding to MSA columns:
# 7-23
name=unknown_A
#
# <colnr> <probs for GDERKNQSTAVLIFYWHMCP>
#	G	D	E	R	K	N	Q	S	T	A	V	L	I	F	Y	W	H	M	C	P
0	0.09485	0.03745	0.02382	0.04958	0.02753	0.54422	0.01651	0.06158	0.02434	0.02458	0.01382	0.01618	0.01127	0.00897	0.00773	0.00233	0.01447	0.00574	0.00475	0.01027
1	0.01945	0.01969	0.03720	0.07550	0.27896	0.01912	0.24407	0.02500	0.01954	0.02718	0.02058	0.10212	0.01869	0.00995	0.00947	0.00280	0.01128	0.01066	0.00482	0.04390
2	0.02159	0.02073	0.03541	0.05354	0.63903	0.02073	0.02677	0.02677	0.01986	0.02850	0.01641	0.02159	0.01382	0.00777	0.00864	0.00259	0.01036	0.00777	0.00432	0.01382
3	0.02098	0.02010	0.03430	0.12774	0.56963	0.02056	0.02647	0.02623	0.01957	0.02775	0.01630	0.02179	0.01355	0.00789	0.00865	0.00263	0.01051	0.00777	0.00426	0.01332
4	0.01866	0.02321	0.15497	0.03935	0.39335	0.01800	0.02414	0.02427	0.01944	0.02771	0.05015	0.09814	0.04849	0.01108	0.00898	0.00275	0.00976	0.01018	0.00500	0.01236
5	0.02159	0.02073	0.03541	0.05354	0.63903	0.02073	0.02677	0.02677	0.01986	0.02850	0.01641	0.02159	0.01382	0.00777	0.00864	0.00259	0.01036	0.00777	0.00432	0.01382
6	0.02063	0.01442	0.01608	0.01411	0.01791	0.01485	0.01086	0.22834	0.02587	0.03687	0.03098	0.23882	0.03027	0.01550	0.00869	0.00266	0.00657	0.01316	0.17887	0.07453
7	0.02098	0.02010	0.03430	0.12774	0.56963	0.02056	0.02647	0.02623	0.01957	0.02775	0.01630	0.02179	0.01355	0.00789	0.00865	0.00263	0.01051	0.00777	0.00426	0.01332
8	0.34922	0.01599	0.01670	0.11951	0.05141	0.01818	0.01300	0.02728	0.13618	0.03313	0.02887	0.03000	0.10702	0.01101	0.00749	0.00282	0.00737	0.00840	0.00620	0.01022
9	0.02057	0.01968	0.03356	0.17716	0.52340	0.02046	0.02626	0.02587	0.01938	0.02726	0.01623	0.02192	0.01338	0.00796	0.00865	0.00265	0.01062	0.00777	0.00423	0.01299
10	0.02111	0.02024	0.03455	0.11107	0.58522	0.02060	0.02653	0.02635	0.01964	0.02792	0.01632	0.02174	0.01361	0.00786	0.00864	0.00262	0.01048	0.00777	0.00428	0.01343
11	0.02077	0.02065	0.03746	0.12485	0.45224	0.02083	0.14092	0.02646	0.01971	0.02764	0.01654	0.02217	0.01344	0.00780	0.00897	0.00270	0.01137	0.00827	0.00428	0.01291
12	0.11171	0.04938	0.12235	0.01670	0.02217	0.01707	0.03905	0.02605	0.01871	0.14936	0.03057	0.03173	0.10785	0.01211	0.01134	0.00282	0.11677	0.00896	0.09450	0.01079
13	0.02905	0.03443	0.02499	0.02524	0.09947	0.45260	0.01742	0.03621	0.14577	0.02528	0.01831	0.01985	0.01467	0.00942	0.00816	0.00243	0.01329	0.00674	0.00536	0.01131
14	0.02784	0.16517	0.02709	0.01922	0.02435	0.38377	0.01528	0.06482	0.07947	0.02469	0.02221	0.02319	0.06724	0.01018	0.00777	0.00232	0.01232	0.00707	0.00530	0.01070
15	0.03224	0.02212	0.02405	0.01861	0.02513	0.02408	0.01532	0.50585	0.03754	0.10786	0.02285	0.02276	0.01612	0.01047	0.00850	0.00257	0.00891	0.00796	0.07278	0.01425
16	0.02599	0.02452	0.02003	0.01725	0.02105	0.22470	0.01282	0.22054	0.02609	0.03114	0.02076	0.03158	0.01943	0.24281	0.02061	0.00449	0.01119	0.00878	0.00619	0.01005

[dist]
# distance from previous block
# <min> <max>
3	5

[block]
# block no. 1 follows, 20 sequences, length 6
# corresponding to MSA columns:
# 29-34
name=unknown_B
#
# <colnr> <probs for GDERKNQSTAVLIFYWHMCP>
#	G	D	E	R	K	N	Q	S	T	A	V	L	I	F	Y	W	H	M	C	P
0	0.15442	0.17307	0.02530	0.07510	0.08074	0.10736	0.01468	0.02577	0.01821	0.05716	0.01711	0.02102	0.01415	0.01659	0.09984	0.00402	0.01149	0.00653	0.06716	0.01028
1	0.02079	0.02612	0.14978	0.03492	0.28462	0.06924	0.07195	0.02658	0.01963	0.02770	0.01593	0.01988	0.01283	0.00763	0.00815	0.00233	0.01075	0.00697	0.00441	0.17978
2	0.02077	0.13613	0.16713	0.01928	0.02498	0.16593	0.01851	0.02482	0.01903	0.02300	0.02776	0.02983	0.13124	0.01233	0.01212	0.00274	0.14087	0.00851	0.00475	0.01028
3	0.02642	0.24462	0.08600	0.02588	0.13637	0.29383	0.01933	0.03004	0.02112	0.02290	0.01377	0.01646	0.01167	0.00823	0.00733	0.00223	0.01251	0.00578	0.00415	0.01135
4	0.02229	0.58341	0.15199	0.01668	0.02510	0.03200	0.01798	0.02638	0.01785	0.02178	0.01275	0.01477	0.01117	0.00761	0.00607	0.00202	0.00996	0.00498	0.00372	0.01149
5	0.13417	0.07806	0.18137	0.01987	0.05695	0.05322	0.01861	0.07644	0.02049	0.03023	0.02488	0.09192	0.02412	0.01359	0.00875	0.00298	0.00961	0.13818	0.00584	0.01070

[dist]
# distance from previous block
# <min> <max>
1	5

[block]
# block no. 2 follows, 20 sequences, length 9
# corresponding to MSA columns:
# 40-48
name=unknown_C
#
# <colnr> <probs for GDERKNQSTAVLIFYWHMCP>
#	G	D	E	R	K	N	Q	S	T	A	V	L	I	F	Y	W	H	M	C	P
0	0.09708	0.19742	0.16898	0.02202	0.03022	0.07164	0.13758	0.03032	0.08034	0.05987	0.01764	0.01973	0.01351	0.00842	0.00778	0.00254	0.01106	0.00701	0.00498	0.01188
1	0.02499	0.01896	0.03048	0.04147	0.44716	0.01815	0.02219	0.02966	0.02078	0.16010	0.02016	0.02298	0.01539	0.00829	0.00845	0.00249	0.00935	0.00773	0.00578	0.08542
2	0.02300	0.14676	0.20077	0.02306	0.08994	0.11070	0.02063	0.08981	0.06076	0.02918	0.01664	0.01874	0.01305	0.00839	0.00763	0.00231	0.01077	0.00635	0.00494	0.11659
3	0.11163	0.06515	0.02469	0.18859	0.07876	0.21267	0.01749	0.02866	0.02022	0.07566	0.01590	0.01920	0.01233	0.00851	0.00764	0.00241	0.01117	0.00637	0.00497	0.08797
4	0.18834	0.02159	0.01939	0.11510	0.02658	0.14859	0.01422	0.15281	0.02369	0.03389	0.02346	0.06252	0.05872	0.01113	0.00786	0.00264	0.00947	0.00842	0.06116	0.01042
5	0.18618	0.09033	0.02033	0.05068	0.02178	0.18654	0.01288	0.02581	0.04755	0.02853	0.12770	0.03163	0.08453	0.01181	0.00873	0.00260	0.03811	0.00870	0.00598	0.00960
6	0.25162	0.02012	0.06599	0.02642	0.20896	0.01949	0.01725	0.11378	0.02153	0.07598	0.01809	0.02060	0.01378	0.00875	0.00737	0.00259	0.00847	0.00684	0.08032	0.01204
7	0.01916	0.02520	0.14861	0.02577	0.13850	0.12976	0.01963	0.02343	0.01837	0.02399	0.02256	0.16303	0.02265	0.01882	0.07480	0.00403	0.09539	0.01090	0.00500	0.01042
8	0.10771	0.03339	0.13745	0.01986	0.02583	0.32821	0.01759	0.03119	0.08218	0.02616	0.02163	0.02335	0.05655	0.01252	0.03753	0.00305	0.01285	0.00716	0.00515	0.01063

[dist]
# distance from previous block
# <min> <max>
0	1

[block]
# block no. 3 follows, 20 sequences, length 9
# corresponding to MSA columns:
# 50-58
name=unknown_D
#
# <colnr> <probs for GDERKNQSTAVLIFYWHMCP>
#	G	D	E	R	K	N	Q	S	T	A	V	L	I	F	Y	W	H	M	C	P
0	0.02732	0.02682	0.02246	0.02171	0.08190	0.26919	0.01543	0.18160	0.02661	0.03271	0.01906	0.02199	0.01516	0.01392	0.05925	0.00327	0.01222	0.00714	0.13107	0.01119
1	0.17274	0.05882	0.09440	0.02375	0.10853	0.24217	0.01808	0.08927	0.02276	0.06996	0.01590	0.01786	0.01224	0.00877	0.00758	0.00249	0.01148	0.00621	0.00536	0.01162
2	0.02164	0.02836	0.13873	0.02015	0.02550	0.18900	0.01827	0.02575	0.01919	0.02496	0.06278	0.02150	0.01722	0.01068	0.01329	0.00260	0.18610	0.00701	0.00471	0.16255
3	0.02875	0.03185	0.02357	0.08647	0.02874	0.40581	0.01668	0.06710	0.07325	0.06094	0.02083	0.02258	0.04488	0.01033	0.00919	0.00253	0.04295	0.00723	0.00556	0.01076
4	0.01890	0.11654	0.15023	0.01724	0.02261	0.14675	0.01599	0.02409	0.05836	0.02402	0.03319	0.21195	0.09504	0.01540	0.00890	0.00279	0.00947	0.01271	0.00591	0.00992
5	0.05520	0.14424	0.13266	0.02252	0.02990	0.20563	0.10114	0.11394	0.06166	0.02963	0.01660	0.01871	0.01289	0.00875	0.00798	0.00248	0.01226	0.00680	0.00514	0.01186
6	0.02330	0.03041	0.13203	0.02302	0.07163	0.26468	0.01871	0.06083	0.02143	0.02512	0.02138	0.15450	0.02112	0.01324	0.01081	0.00281	0.07907	0.01018	0.00526	0.01048
7	0.06207	0.12011	0.19291	0.08651	0.06832	0.02069	0.02007	0.06357	0.01914	0.02802	0.01714	0.06163	0.01483	0.00968	0.00901	0.00249	0.05259	0.00745	0.00474	0.13904
8	0.07323	0.06603	0.02553	0.02120	0.06210	0.15933	0.07422	0.10967	0.02388	0.11162	0.06697	0.06679	0.02241	0.01531	0.05987	0.00350	0.01141	0.00909	0.00653	0.01130

[dist]
# distance from previous block
# <min> <max>
40	117

[block]
# block no. 4 follows, 20 sequences, length 7
# corresponding to MSA columns:
# 198-204
name=unknown_E
#
# <colnr> <probs for GDERKNQSTAVLIFYWHMCP>
#	G	D	E	R	K	N	Q	S	T	A	V	L	I	F	Y	W	H	M	C	P
0	0.02109	0.01910	0.02102	0.01887	0.06060	0.08386	0.04698	0.12533	0.10282	0.03151	0.03279	0.07645	0.11266	0.04937	0.01062	0.00280	0.00846	0.01044	0.00674	0.15849
1	0.02315	0.16121	0.02906	0.02390	0.11830	0.23214	0.04829	0.02621	0.02066	0.02305	0.02837	0.03024	0.13355	0.01137	0.00949	0.00250	0.05447	0.00864	0.00497	0.01042
2	0.24401	0.06917	0.07372	0.11226	0.08851	0.19212	0.05148	0.02807	0.01912	0.02832	0.01396	0.01740	0.01110	0.00832	0.00734	0.00256	0.01127	0.00612	0.00455	0.01059
3	0.01335	0.01126	0.01501	0.01523	0.05479	0.01069	0.04386	0.01871	0.08161	0.02827	0.21337	0.15730	0.26514	0.01896	0.01018	0.00296	0.00565	0.01667	0.00813	0.00886
4	0.02632	0.03058	0.02184	0.02099	0.05441	0.39414	0.01516	0.03310	0.13648	0.02602	0.08283	0.02920	0.06960	0.01133	0.00851	0.00250	0.01181	0.00849	0.00608	0.01060
5	0.02471	0.13894	0.09984	0.02147	0.07396	0.20970	0.01747	0.11825	0.02499	0.03033	0.13164	0.02634	0.02534	0.01045	0.00820	0.00242	0.01078	0.00799	0.00588	0.01130
6	0.01645	0.05133	0.01776	0.07903	0.05056	0.05404	0.01334	0.02109	0.06648	0.02366	0.03389	0.06143	0.05557	0.18806	0.01880	0.00461	0.00892	0.22007	0.00637	0.00852

[dist]
# distance from previous block
# <min> <max>
10	42

[block]
# block no. 5 follows, 20 sequences, length 7
# corresponding to MSA columns:
# 247-253
name=unknown_F
#
# <colnr> <probs for GDERKNQSTAVLIFYWHMCP>
#	G	D	E	R	K	N	Q	S	T	A	V	L	I	F	Y	W	H	M	C	P
0	0.02575	0.03161	0.17683	0.11154	0.03375	0.16896	0.02123	0.19772	0.08739	0.03420	0.01866	0.02062	0.01383	0.00949	0.00844	0.00264	0.01182	0.00719	0.00587	0.01246
1	0.02231	0.01404	0.01713	0.01459	0.01904	0.01398	0.01151	0.10726	0.09499	0.16262	0.14401	0.07752	0.06330	0.02152	0.10652	0.00436	0.00907	0.01127	0.00835	0.07662
2	0.01898	0.04747	0.10039	0.01778	0.02446	0.01612	0.06148	0.02350	0.01762	0.06161	0.01727	0.02140	0.01420	0.01617	0.09956	0.00375	0.08573	0.00677	0.00497	0.34077
3	0.01601	0.01131	0.01326	0.01260	0.01613	0.01062	0.01008	0.02191	0.09847	0.08787	0.12900	0.06932	0.27696	0.01875	0.01013	0.00303	0.00585	0.13188	0.00847	0.04835
4	0.01643	0.01025	0.01244	0.01168	0.01466	0.00934	0.00871	0.02051	0.04932	0.10172	0.16585	0.21785	0.11222	0.01746	0.00927	0.00274	0.00515	0.01518	0.11847	0.08076
5	0.02709	0.12332	0.02971	0.02879	0.18845	0.31604	0.01864	0.07022	0.02359	0.02637	0.05531	0.02065	0.01683	0.00914	0.00798	0.00234	0.01223	0.00688	0.00497	0.01145
6	0.02261	0.05994	0.02146	0.02049	0.11677	0.04649	0.01394	0.11413	0.09157	0.11593	0.04531	0.04389	0.22357	0.01386	0.00903	0.00271	0.00765	0.01141	0.00762	0.01162

[dist]
# distance from previous block
# <min> <max>
9	38

[block]
# block no. 6 follows, 20 sequences, length 37
# corresponding to MSA columns:
# 292-328
name=unknown_G
#
# <colnr> <probs for GDERKNQSTAVLIFYWHMCP>
#	G	D	E	R	K	N	Q	S	T	A	V	L	I	F	Y	W	H	M	C	P
0	0.02558	0.02966	0.12099	0.03623	0.30131	0.16498	0.02347	0.13575	0.02462	0.03162	0.01647	0.01969	0.01302	0.00862	0.00843	0.00254	0.01180	0.00711	0.00507	0.01304
1	0.01540	0.01120	0.01312	0.01282	0.01488	0.01185	0.00926	0.06852	0.10721	0.02743	0.06211	0.20989	0.05846	0.15169	0.10779	0.00557	0.00877	0.01443	0.08095	0.00864
2	0.02055	0.02098	0.02760	0.03849	0.40207	0.11090	0.02059	0.02460	0.02058	0.02629	0.03289	0.03539	0.15953	0.01132	0.00892	0.00262	0.00975	0.00996	0.00523	0.01176
3	0.01565	0.01332	0.05286	0.01398	0.01676	0.01187	0.01103	0.12310	0.02283	0.03115	0.17174	0.35368	0.05123	0.05400	0.01198	0.00339	0.00633	0.01795	0.00814	0.00903
4	0.02676	0.02910	0.06247	0.02439	0.11443	0.28788	0.01745	0.10963	0.02587	0.06088	0.12931	0.02718	0.02557	0.01067	0.00861	0.00249	0.01139	0.00830	0.00625	0.01137
5	0.02658	0.10099	0.09242	0.03008	0.18968	0.29824	0.02093	0.05998	0.02236	0.02550	0.01462	0.01781	0.01209	0.00883	0.00896	0.00245	0.04592	0.00639	0.00447	0.01170
6	0.02205	0.50827	0.13491	0.01974	0.06974	0.03087	0.01866	0.02608	0.01771	0.02221	0.01293	0.01553	0.01138	0.00809	0.00765	0.00218	0.05134	0.00534	0.00377	0.01154
7	0.02091	0.42871	0.29462	0.01903	0.02874	0.02863	0.02207	0.02674	0.01801	0.02346	0.01358	0.01582	0.01113	0.00780	0.00671	0.00224	0.01080	0.00540	0.00371	0.01190
8	0.01128	0.00898	0.01019	0.01019	0.01278	0.00789	0.00784	0.01423	0.02132	0.02717	0.24459	0.07988	0.41422	0.02104	0.01048	0.00299	0.00469	0.07402	0.00853	0.00769
9	0.01630	0.14015	0.05017	0.01576	0.05544	0.04854	0.01233	0.01951	0.01725	0.02285	0.03268	0.03839	0.13162	0.07096	0.21112	0.00635	0.01274	0.00980	0.07906	0.00895
10	0.02790	0.34076	0.03401	0.01798	0.02373	0.20919	0.01558	0.03053	0.02036	0.11355	0.01576	0.01733	0.01278	0.00918	0.00903	0.00229	0.07792	0.00585	0.00501	0.01126
11	0.01142	0.00837	0.01044	0.01120	0.01224	0.00818	0.00763	0.01298	0.01581	0.02081	0.04608	0.29532	0.15477	0.19954	0.13818	0.00658	0.00915	0.01772	0.00677	0.00682
12	0.01205	0.00916	0.01158	0.01207	0.01409	0.00798	0.00844	0.01415	0.01748	0.02404	0.07119	0.50713	0.07920	0.02283	0.01020	0.00307	0.00524	0.02049	0.00763	0.14199
13	0.02135	0.02134	0.02294	0.02766	0.20123	0.15528	0.01735	0.05323	0.08247	0.02775	0.03452	0.04574	0.11510	0.01390	0.00941	0.00289	0.00980	0.12078	0.00631	0.01096
14	0.01253	0.00950	0.01192	0.01210	0.01425	0.00825	0.00838	0.01447	0.01668	0.02324	0.03878	0.47922	0.04512	0.07869	0.01286	0.00344	0.00567	0.01922	0.00718	0.17851
15	0.10525	0.03399	0.02396	0.02065	0.02598	0.40645	0.01603	0.20504	0.02858	0.03314	0.01557	0.01712	0.01213	0.00934	0.00787	0.00240	0.01300	0.00619	0.00584	0.01145
16	0.17242	0.03360	0.02356	0.02330	0.08642	0.43077	0.01639	0.06782	0.02331	0.02762	0.01398	0.01634	0.01137	0.00878	0.00751	0.00239	0.01306	0.00580	0.00491	0.01065
17	0.01922	0.14677	0.15570	0.03198	0.26581	0.02062	0.02251	0.02461	0.01922	0.02621	0.02411	0.03614	0.04805	0.01139	0.00870	0.00276	0.00999	0.10945	0.00492	0.01182
18	0.09442	0.12815	0.21429	0.02948	0.12186	0.04802	0.18900	0.02746	0.01903	0.02771	0.01537	0.01914	0.01194	0.00784	0.00821	0.00263	0.01202	0.00726	0.00419	0.01200
19	0.12596	0.28686	0.16860	0.01633	0.02376	0.05450	0.01689	0.02661	0.05553	0.02669	0.02171	0.02310	0.06511	0.00946	0.00691	0.00237	0.00923	0.00678	0.04265	0.01095
20	0.01727	0.01024	0.01186	0.01067	0.01438	0.00875	0.00828	0.02000	0.02170	0.16925	0.14889	0.06885	0.41911	0.01890	0.00995	0.00286	0.00507	0.01582	0.00893	0.00921
21	0.01856	0.16509	0.53765	0.02304	0.03493	0.02287	0.02905	0.02735	0.01829	0.02632	0.01501	0.01760	0.01108	0.00814	0.00779	0.00260	0.01224	0.00612	0.00369	0.01258
22	0.01841	0.03964	0.51067	0.03130	0.17274	0.02036	0.03100	0.02743	0.01874	0.02782	0.01582	0.01913	0.01167	0.00817	0.00837	0.00272	0.01232	0.00674	0.00383	0.01310
23	0.02493	0.02815	0.03566	0.03956	0.30256	0.22818	0.15822	0.02966	0.02161	0.02605	0.01575	0.02014	0.01284	0.00807	0.00877	0.00256	0.01311	0.00766	0.00440	0.01214
24	0.01592	0.01304	0.01463	0.01416	0.01739	0.01387	0.01089	0.02813	0.27935	0.03086	0.13568	0.14586	0.15326	0.01800	0.00998	0.00311	0.00589	0.07104	0.00865	0.01029
25	0.03106	0.15744	0.02906	0.02031	0.02615	0.34033	0.01641	0.21801	0.02866	0.03200	0.01563	0.01708	0.01238	0.00918	0.00772	0.00230	0.01258	0.00616	0.00571	0.01183
26	0.01897	0.01610	0.02040	0.02202	0.11924	0.04819	0.01471	0.12651	0.02090	0.02828	0.02658	0.10389	0.05385	0.06118	0.21587	0.00665	0.06986	0.01083	0.00586	0.01010
27	0.01054	0.00794	0.00976	0.01123	0.01241	0.00716	0.00769	0.01225	0.01759	0.02263	0.05928	0.51986	0.21835	0.02587	0.01090	0.00338	0.00488	0.02302	0.00810	0.00716
28	0.01268	0.00846	0.00951	0.00951	0.00951	0.00846	0.00529	0.01268	0.01268	0.01691	0.02748	0.05708	0.03171	0.69345	0.04440	0.00846	0.00846	0.01268	0.00529	0.00529
29	0.01809	0.01550	0.01809	0.01292	0.02067	0.01163	0.01034	0.02196	0.01809	0.02842	0.01550	0.01809	0.01292	0.00646	0.00646	0.00129	0.00646	0.00517	0.00517	0.74677
30	0.02661	0.02454	0.02409	0.08715	0.06590	0.16940	0.01693	0.26372	0.02858	0.03572	0.02187	0.11748	0.01971	0.01250	0.00990	0.00276	0.04496	0.00979	0.00664	0.01175
31	0.01048	0.00884	0.00907	0.00902	0.01189	0.00744	0.00676	0.01285	0.02029	0.02453	0.13443	0.08236	0.58882	0.02173	0.01031	0.00293	0.00439	0.01819	0.00823	0.00744
32	0.02394	0.51935	0.09270	0.01720	0.02435	0.12100	0.01685	0.02724	0.01857	0.02126	0.01258	0.01485	0.01120	0.00811	0.00721	0.00209	0.04147	0.00509	0.00384	0.01111
33	0.01185	0.00874	0.01012	0.00987	0.01152	0.00805	0.00680	0.01406	0.01936	0.02572	0.27515	0.06811	0.23010	0.23856	0.02137	0.00466	0.00562	0.01555	0.00775	0.00702
34	0.02223	0.62952	0.04253	0.01483	0.02170	0.03215	0.01452	0.02506	0.01735	0.02049	0.01325	0.01603	0.01226	0.01328	0.07115	0.00309	0.01074	0.00513	0.00383	0.01085
35	0.02621	0.02358	0.02252	0.01911	0.02315	0.20156	0.01520	0.02994	0.04861	0.13789	0.01876	0.02151	0.01485	0.01425	0.05377	0.00337	0.19014	0.00710	0.00580	0.12267
36	0.02217	0.02332	0.02624	0.03115	0.22063	0.19993	0.05564	0.02626	0.02137	0.02562	0.02554	0.04555	0.02513	0.01352	0.00965	0.00299	0.01139	0.19757	0.00561	0.01071

[dist]
# distance from previous block
# <min> <max>
9	16

[block]
# block no. 7 follows, 20 sequences, length 7
# corresponding to MSA columns:
# 345-351
name=unknown_H
#
# <colnr> <probs for GDERKNQSTAVLIFYWHMCP>
#	G	D	E	R	K	N	Q	S	T	A	V	L	I	F	Y	W	H	M	C	P
0	0.02447	0.33829	0.03396	0.02135	0.09942	0.21895	0.01606	0.02733	0.02035	0.02210	0.02155	0.02324	0.08095	0.00959	0.00719	0.00219	0.01085	0.00687	0.00452	0.01077
1	0.02059	0.25808	0.27491	0.02951	0.20011	0.02518	0.02489	0.02688	0.01859	0.02548	0.01468	0.01781	0.01187	0.00787	0.00748	0.00241	0.01099	0.00622	0.00388	0.01258
2	0.01263	0.00868	0.01062	0.01062	0.01100	0.00906	0.00667	0.01340	0.01301	0.01773	0.02647	0.05147	0.02928	0.53906	0.19546	0.00982	0.01212	0.01186	0.00513	0.00590
3	0.01293	0.01834	0.18825	0.01543	0.01973	0.01101	0.01485	0.01742	0.01897	0.02661	0.17034	0.36186	0.05021	0.01990	0.01015	0.00315	0.00703	0.01766	0.00720	0.00896
4	0.05537	0.06976	0.15472	0.15447	0.13216	0.05623	0.02060	0.02326	0.01898	0.02557	0.03054	0.03620	0.13002	0.01178	0.00867	0.00278	0.00997	0.04325	0.00505	0.01062
5	0.01937	0.25597	0.45387	0.02166	0.03280	0.02486	0.02665	0.02714	0.01819	0.02533	0.01452	0.01699	0.01110	0.00802	0.00742	0.00247	0.01174	0.00587	0.00370	0.01234
6	0.01144	0.00889	0.01059	0.01143	0.01360	0.00803	0.00887	0.01410	0.01965	0.02477	0.11019	0.20724	0.33490	0.02332	0.01090	0.00331	0.00541	0.15763	0.00819	0.00754

[dist]
# distance from previous block
# <min> <max>
0	4

[block]
# block no. 8 follows, 20 sequences, length 19
# corresponding to MSA columns:
# 356-374
name=unknown_I
#
# <colnr> <probs for GDERKNQSTAVLIFYWHMCP>
#	G	D	E	R	K	N	Q	S	T	A	V	L	I	F	Y	W	H	M	C	P
0	0.03053	0.14178	0.05725	0.02097	0.02676	0.41769	0.01722	0.13623	0.02625	0.02754	0.01471	0.01652	0.01187	0.00898	0.00768	0.00228	0.01349	0.00591	0.00510	0.01126
1	0.02159	0.02073	0.03541	0.05354	0.63903	0.02073	0.02677	0.02677	0.01986	0.02850	0.01641	0.02159	0.01382	0.00777	0.00864	0.00259	0.01036	0.00777	0.00432	0.01382
2	0.01768	0.04386	0.61351	0.02555	0.03821	0.02036	0.06571	0.02764	0.01854	0.02764	0.01577	0.01871	0.01118	0.00823	0.00840	0.00277	0.01300	0.00667	0.00373	0.01283
3	0.01031	0.00884	0.00884	0.00884	0.01178	0.00736	0.00663	0.01252	0.01988	0.02356	0.08837	0.08395	0.63549	0.02209	0.01031	0.00295	0.00442	0.01841	0.00810	0.00736
4	0.02229	0.13737	0.37703	0.02391	0.06525	0.05799	0.02564	0.13517	0.02290	0.03132	0.01603	0.01825	0.01193	0.00858	0.00796	0.00256	0.01177	0.00647	0.00470	0.01290
5	0.02383	0.02497	0.03323	0.04722	0.51455	0.15043	0.02475	0.02841	0.02085	0.02704	0.01581	0.02040	0.01329	0.00802	0.00848	0.00252	0.01145	0.00733	0.00435	0.01306
6	0.01220	0.00838	0.00953	0.00980	0.01013	0.00818	0.00578	0.01260	0.01387	0.01822	0.03572	0.14202	0.09010	0.54518	0.03694	0.00731	0.00764	0.01479	0.00591	0.00571
7	0.02089	0.02267	0.04657	0.04188	0.22661	0.02165	0.43026	0.02758	0.02037	0.02811	0.01727	0.02294	0.01341	0.00748	0.00979	0.00283	0.01338	0.00952	0.00438	0.01239
8	0.02659	0.03001	0.02917	0.03628	0.30681	0.31032	0.02113	0.03216	0.07528	0.02596	0.01676	0.01990	0.01377	0.00868	0.00831	0.00247	0.01249	0.00698	0.00480	0.01213
9	0.02300	0.18750	0.03379	0.03410	0.30931	0.08053	0.02037	0.03130	0.14249	0.02755	0.01899	0.02145	0.01556	0.00863	0.00788	0.00246	0.00988	0.00725	0.00512	0.01285
10	0.01211	0.00855	0.00935	0.00935	0.01007	0.00819	0.00561	0.01264	0.01444	0.01854	0.04233	0.06363	0.17896	0.52972	0.03608	0.00711	0.00747	0.01408	0.00597	0.00579
11	0.02903	0.06575	0.02892	0.03081	0.20233	0.38975	0.01958	0.08282	0.02443	0.02632	0.01491	0.01779	0.01229	0.00870	0.00805	0.00236	0.01334	0.00639	0.00478	0.01164
12	0.08861	0.43827	0.03715	0.04755	0.02379	0.03053	0.01588	0.02464	0.01638	0.02242	0.01212	0.01569	0.01112	0.00949	0.01136	0.00247	0.17253	0.00554	0.00391	0.01056
13	0.01507	0.12515	0.01691	0.01188	0.01452	0.01277	0.00923	0.01739	0.01872	0.05219	0.15502	0.15823	0.12996	0.15586	0.01666	0.00402	0.00657	0.06456	0.00720	0.00811
14	0.01921	0.01828	0.01821	0.01691	0.01956	0.15191	0.01318	0.08019	0.01901	0.02404	0.02038	0.02815	0.01829	0.04515	0.42062	0.00981	0.05470	0.00831	0.00500	0.00909
15	0.01906	0.01631	0.01423	0.01327	0.01526	0.14171	0.00926	0.04663	0.01911	0.05165	0.10348	0.04717	0.03307	0.34248	0.02603	0.00542	0.00913	0.03364	0.04531	0.00777
16	0.01480	0.00938	0.01256	0.04096	0.01593	0.00954	0.00969	0.01712	0.01738	0.08021	0.03946	0.43885	0.04319	0.02408	0.04591	0.00381	0.04258	0.01858	0.10775	0.00822
17	0.02580	0.16272	0.03593	0.02348	0.02996	0.11268	0.16262	0.18002	0.02504	0.03189	0.01606	0.01914	0.01276	0.00923	0.01040	0.00257	0.08336	0.00737	0.00538	0.04358
18	0.03122	0.07072	0.02569	0.02113	0.02635	0.43222	0.01642	0.15847	0.08235	0.02988	0.01701	0.01828	0.01341	0.00948	0.00802	0.00237	0.01327	0.00643	0.00576	0.01152

[dist]
# distance from previous block
# <min> <max>
0	1

[block]
# block no. 9 follows, 20 sequences, length 10
# corresponding to MSA columns:
# 376-385
name=unknown_J
#
# <colnr> <probs for GDERKNQSTAVLIFYWHMCP>
#	G	D	E	R	K	N	Q	S	T	A	V	L	I	F	Y	W	H	M	C	P
0	0.02358	0.02360	0.02538	0.12384	0.19013	0.19084	0.01898	0.07146	0.02212	0.05230	0.02441	0.07765	0.06454	0.01156	0.00969	0.00271	0.04124	0.00939	0.00548	0.01111
1	0.02554	0.02947	0.03008	0.15704	0.19925	0.31154	0.06984	0.02968	0.02167	0.02399	0.01500	0.01940	0.01217	0.00848	0.00844	0.00252	0.01341	0.00699	0.00432	0.01116
2	0.02400	0.15373	0.03235	0.03246	0.27216	0.12147	0.01994	0.09049	0.02247	0.02879	0.06303	0.02236	0.01817	0.00945	0.00933	0.00249	0.05260	0.00746	0.00509	0.01215
3	0.13475	0.06644	0.02401	0.21183	0.03300	0.07218	0.06113	0.08709	0.02030	0.02882	0.05840	0.02785	0.01923	0.10485	0.01312	0.00348	0.01011	0.00832	0.00531	0.00980
4	0.02320	0.09769	0.02425	0.01868	0.02230	0.18074	0.01526	0.11390	0.02227	0.02691	0.02618	0.03295	0.08993	0.01696	0.05651	0.00362	0.15954	0.05328	0.00563	0.01018
5	0.02150	0.02032	0.02310	0.02744	0.19401	0.13231	0.01716	0.10620	0.02248	0.02862	0.02544	0.12923	0.02508	0.02110	0.10003	0.00442	0.01200	0.07274	0.00599	0.01082
6	0.02503	0.02643	0.02345	0.02605	0.16349	0.27639	0.01615	0.09020	0.02231	0.02554	0.01855	0.02822	0.01746	0.18381	0.01747	0.00395	0.01196	0.00816	0.00512	0.01025
7	0.03276	0.03637	0.02516	0.02174	0.02699	0.46684	0.01677	0.20935	0.02966	0.03155	0.01575	0.01731	0.01233	0.00944	0.00813	0.00236	0.01387	0.00630	0.00578	0.01155
8	0.02422	0.07608	0.02620	0.02522	0.14460	0.15323	0.01709	0.13898	0.06221	0.03042	0.02807	0.02967	0.10935	0.01179	0.01072	0.00268	0.08306	0.00885	0.00597	0.01159
9	0.13415	0.09199	0.01876	0.01466	0.01847	0.20181	0.01159	0.02455	0.01888	0.02615	0.02295	0.02665	0.05687	0.02033	0.12852	0.00448	0.01204	0.00743	0.15063	0.00911

[dist]
# distance from previous block
# <min> <max>
4	146

[block]
# block no. 10 follows, 20 sequences, length 7
# corresponding to MSA columns:
# 536-542
name=unknown_K
#
# <colnr> <probs for GDERKNQSTAVLIFYWHMCP>
#	G	D	E	R	K	N	Q	S	T	A	V	L	I	F	Y	W	H	M	C	P
0	0.02306	0.02465	0.03036	0.20345	0.33723	0.18110	0.02362	0.02766	0.02047	0.02511	0.01544	0.02054	0.01261	0.00832	0.00846	0.00258	0.01204	0.00722	0.00425	0.01183
1	0.12114	0.02539	0.02313	0.02396	0.12033	0.26397	0.05542	0.02760	0.02021	0.02667	0.01726	0.02147	0.01431	0.01547	0.08542	0.00379	0.01295	0.00694	0.10436	0.01018
2	0.01914	0.01557	0.01486	0.01435	0.01763	0.11286	0.01118	0.02350	0.06596	0.10318	0.08289	0.14406	0.20211	0.01865	0.01004	0.00306	0.00749	0.11611	0.00799	0.00935
3	0.01287	0.00990	0.01169	0.01107	0.01354	0.00876	0.00770	0.01472	0.01632	0.02222	0.04146	0.20600	0.15055	0.20977	0.06326	0.00502	0.00743	0.01490	0.00645	0.16637
4	0.01760	0.01228	0.01392	0.01283	0.01523	0.01261	0.00912	0.12446	0.06569	0.05614	0.06438	0.17578	0.09110	0.26352	0.02240	0.00499	0.00726	0.01450	0.00744	0.00876
5	0.10181	0.04001	0.45734	0.02481	0.07088	0.10477	0.02732	0.02831	0.01894	0.02813	0.01502	0.01778	0.01107	0.00833	0.00793	0.00268	0.01243	0.00623	0.00402	0.01220
6	0.12041	0.02384	0.03250	0.04116	0.39335	0.12201	0.08750	0.02803	0.02005	0.02871	0.01552	0.01989	0.01276	0.00796	0.00827	0.00259	0.01122	0.00731	0.00450	0.01242

[dist]
# distance from previous block
# <min> <max>
0	2

[block]
# block no. 11 follows, 20 sequences, length 15
# corresponding to MSA columns:
# 545-559
name=unknown_L
#
# <colnr> <probs for GDERKNQSTAVLIFYWHMCP>
#	G	D	E	R	K	N	Q	S	T	A	V	L	I	F	Y	W	H	M	C	P
0	0.01971	0.20664	0.38485	0.02751	0.14221	0.02396	0.02685	0.02709	0.01850	0.02598	0.01489	0.01786	0.01159	0.00799	0.00767	0.00250	0.01153	0.00623	0.00381	0.01263
1	0.02201	0.02142	0.02001	0.02058	0.09317	0.15878	0.01382	0.08419	0.17494	0.02882	0.03352	0.03807	0.11167	0.12375	0.01464	0.00362	0.00941	0.01021	0.00665	0.01074
2	0.01315	0.01053	0.01663	0.01515	0.01737	0.01125	0.06621	0.01645	0.01607	0.02261	0.10107	0.04124	0.05436	0.11179	0.43319	0.01061	0.01799	0.01091	0.00545	0.00796
3	0.02439	0.02868	0.02214	0.01961	0.02327	0.36951	0.04591	0.02725	0.02294	0.02463	0.14569	0.03316	0.08755	0.01257	0.01069	0.00260	0.07473	0.00937	0.00581	0.00950
4	0.09870	0.00946	0.01018	0.01010	0.01134	0.00950	0.00654	0.01465	0.01561	0.02307	0.11660	0.10965	0.09532	0.40043	0.02911	0.00606	0.00699	0.01376	0.00640	0.00652
5	0.02407	0.01833	0.02103	0.01672	0.02251	0.01903	0.01355	0.30960	0.02833	0.03941	0.02018	0.02361	0.01612	0.02342	0.17341	0.00518	0.01230	0.00755	0.00679	0.19885
6	0.02062	0.31765	0.17867	0.02693	0.18187	0.02572	0.02156	0.02573	0.01811	0.02415	0.01498	0.01867	0.01273	0.01269	0.06284	0.00329	0.01161	0.00626	0.00395	0.01196
7	0.11466	0.01108	0.01322	0.08882	0.02008	0.01131	0.01140	0.01748	0.01944	0.02744	0.11149	0.06966	0.24989	0.01878	0.00996	0.00320	0.00661	0.17993	0.00737	0.00820
8	0.01476	0.01412	0.02583	0.02100	0.02528	0.01295	0.23016	0.01866	0.01853	0.02488	0.03854	0.34206	0.09295	0.01811	0.01045	0.00312	0.00866	0.01757	0.00655	0.05582
9	0.02114	0.02160	0.01661	0.01573	0.01917	0.23626	0.01214	0.07287	0.02304	0.02660	0.04220	0.09166	0.18569	0.01603	0.00923	0.00278	0.00932	0.09243	0.07638	0.00911
10	0.02044	0.02470	0.14510	0.09841	0.48387	0.02053	0.02755	0.02656	0.01941	0.02784	0.01620	0.02115	0.01314	0.00794	0.00858	0.00265	0.01092	0.00753	0.00417	0.01332
11	0.50329	0.02386	0.01711	0.01508	0.02040	0.18246	0.01200	0.08331	0.01983	0.03612	0.01332	0.01521	0.01041	0.00855	0.00634	0.00258	0.00930	0.00525	0.00548	0.01013
12	0.02445	0.02814	0.02757	0.02364	0.02598	0.27272	0.05687	0.02685	0.01826	0.02159	0.01265	0.01807	0.01148	0.01230	0.01933	0.00315	0.37590	0.00702	0.00412	0.00991
13	0.02178	0.01898	0.01750	0.01557	0.01985	0.12530	0.01206	0.13407	0.08139	0.06380	0.04246	0.13484	0.17092	0.01589	0.00932	0.00278	0.00813	0.03891	0.00762	0.05883
14	0.01268	0.00846	0.00951	0.00951	0.00951	0.00846	0.00529	0.01268	0.01268	0.01691	0.02748	0.05708	0.03171	0.69345	0.04440	0.00846	0.00846	0.01268	0.00529	0.00529

[dist]
# distance from previous block
# <min> <max>
0	1

[block]
# block no. 12 follows, 20 sequences, length 10
# corresponding to MSA columns:
# 561-570
name=unknown_M
#
# <colnr> <probs for GDERKNQSTAVLIFYWHMCP>
#	G	D	E	R	K	N	Q	S	T	A	V	L	I	F	Y	W	H	M	C	P
0	0.01130	0.00824	0.01098	0.01210	0.01302	0.00825	0.00842	0.01313	0.01583	0.02128	0.04264	0.40242	0.09146	0.10631	0.18469	0.00676	0.01017	0.01897	0.00690	0.00710
1	0.02359	0.02444	0.02670	0.17040	0.21382	0.19311	0.02029	0.09169	0.02303	0.02766	0.02342	0.02678	0.07752	0.01010	0.00863	0.00261	0.01139	0.00830	0.00516	0.01136
2	0.01063	0.00759	0.01012	0.01215	0.01265	0.00709	0.00810	0.01215	0.01670	0.02227	0.04808	0.68775	0.05769	0.02733	0.01113	0.00354	0.00506	0.02480	0.00810	0.00709
3	0.02159	0.02073	0.03541	0.05354	0.63903	0.02073	0.02677	0.02677	0.01986	0.02850	0.01641	0.02159	0.01382	0.00777	0.00864	0.00259	0.01036	0.00777	0.00432	0.01382
4	0.01850	0.01757	0.02983	0.42706	0.28964	0.01991	0.02523	0.02406	0.01840	0.02475	0.01586	0.02259	0.01250	0.00834	0.00869	0.00278	0.01113	0.00776	0.00405	0.01133
5	0.02218	0.02265	0.03153	0.10083	0.45334	0.11637	0.02398	0.02684	0.01999	0.02631	0.01635	0.02170	0.01377	0.01193	0.05236	0.00334	0.01216	0.00755	0.00433	0.01249
6	0.01308	0.01258	0.01214	0.01324	0.05805	0.06581	0.00897	0.01551	0.02031	0.02372	0.07660	0.07346	0.53585	0.01991	0.00997	0.00286	0.00584	0.01652	0.00751	0.00807
7	0.01671	0.01514	0.02418	0.08412	0.31412	0.01559	0.01870	0.02086	0.01814	0.02493	0.03137	0.03650	0.12986	0.02562	0.17976	0.00568	0.01279	0.01014	0.00507	0.01072
8	0.21373	0.01917	0.02851	0.10697	0.41528	0.02028	0.02195	0.02601	0.01829	0.03065	0.01519	0.01981	0.01244	0.00796	0.00779	0.00265	0.00954	0.00697	0.00456	0.01224
9	0.02159	0.02073	0.03541	0.05354	0.63903	0.02073	0.02677	0.02677	0.01986	0.02850	0.01641	0.02159	0.01382	0.00777	0.00864	0.00259	0.01036	0.00777	0.00432	0.01382

[dist]
# distance from previous block
# <min> <max>
2	10

[block]
# block no. 13 follows, 20 sequences, length 23
# corresponding to MSA columns:
# 581-603
name=unknown_N
#
# <colnr> <probs for GDERKNQSTAVLIFYWHMCP>
#	G	D	E	R	K	N	Q	S	T	A	V	L	I	F	Y	W	H	M	C	P
0	0.01971	0.01612	0.01840	0.01846	0.08561	0.01690	0.01279	0.16163	0.16950	0.03422	0.04926	0.04888	0.24851	0.04721	0.01103	0.00310	0.00706	0.01247	0.00789	0.01125
1	0.02161	0.02026	0.03175	0.04519	0.49518	0.02095	0.02374	0.03134	0.16069	0.03036	0.02086	0.02415	0.01681	0.00872	0.00869	0.00268	0.00956	0.00826	0.00538	0.01381
2	0.01422	0.01123	0.01333	0.01399	0.01652	0.01148	0.01100	0.02207	0.16001	0.02707	0.05306	0.22163	0.17022	0.02159	0.01072	0.00343	0.00629	0.19488	0.00826	0.00901
3	0.01832	0.01721	0.02904	0.39199	0.28312	0.01934	0.02461	0.02378	0.01854	0.02494	0.01770	0.02711	0.01479	0.00927	0.00889	0.00285	0.01092	0.04208	0.00430	0.01120
4	0.02170	0.01874	0.01972	0.01775	0.02268	0.02170	0.01381	0.04635	0.62327	0.03649	0.03550	0.03254	0.02663	0.01183	0.00888	0.00296	0.00690	0.00986	0.00888	0.01381
5	0.02015	0.02018	0.03711	0.19396	0.36127	0.02073	0.16572	0.02601	0.01947	0.02691	0.01649	0.02244	0.01317	0.00789	0.00905	0.00275	0.01170	0.00837	0.00424	0.01236
6	0.02340	0.02648	0.02395	0.02135	0.02337	0.27444	0.01693	0.02563	0.01796	0.02102	0.01411	0.02012	0.01298	0.02058	0.11844	0.00478	0.31365	0.00710	0.00422	0.00950
7	0.01246	0.00935	0.01402	0.01402	0.01558	0.01090	0.01090	0.01558	0.01402	0.02025	0.02336	0.03427	0.02181	0.06542	0.65888	0.01402	0.02336	0.00935	0.00467	0.00779
8	0.02133	0.02106	0.03632	0.04042	0.32635	0.02133	0.18891	0.03167	0.16090	0.03020	0.02122	0.02470	0.01664	0.00860	0.00916	0.00278	0.01079	0.00898	0.00541	0.01323
9	0.01128	0.00828	0.01058	0.01126	0.01270	0.00758	0.00797	0.01393	0.02031	0.02754	0.28888	0.36244	0.13929	0.02286	0.01069	0.00315	0.00460	0.02038	0.00870	0.00758
10	0.01145	0.00860	0.01067	0.01116	0.01299	0.00781	0.00823	0.01431	0.02075	0.02761	0.27547	0.25390	0.21643	0.02220	0.01068	0.00313	0.00478	0.06352	0.00865	0.00766
11	0.02707	0.02625	0.02621	0.15318	0.12579	0.20739	0.01916	0.20749	0.02723	0.03356	0.01741	0.02059	0.01340	0.00927	0.00832	0.00253	0.01161	0.00718	0.04442	0.01194
12	0.02408	0.38824	0.18563	0.01907	0.02715	0.17670	0.01953	0.02851	0.01952	0.02242	0.01329	0.01546	0.01117	0.00802	0.00677	0.00217	0.01168	0.00531	0.00390	0.01135
13	0.01074	0.00768	0.01022	0.01207	0.01268	0.00716	0.00811	0.01243	0.01723	0.02311	0.08677	0.64667	0.05932	0.02670	0.01108	0.00349	0.00500	0.02420	0.00820	0.00716
14	0.01513	0.00830	0.00892	0.00892	0.01044	0.00842	0.00629	0.01817	0.01665	0.02791	0.02783	0.03839	0.02450	0.17398	0.06642	0.00448	0.00661	0.00929	0.51193	0.00744
15	0.12062	0.05656	0.04869	0.01751	0.02158	0.16447	0.05952	0.02374	0.01934	0.05471	0.02859	0.25570	0.03006	0.01597	0.00904	0.00294	0.00940	0.04585	0.00629	0.00938
16	0.01594	0.01211	0.01385	0.01340	0.01661	0.01197	0.01091	0.12481	0.02345	0.02986	0.05820	0.07572	0.28853	0.05793	0.01250	0.00355	0.00683	0.20693	0.00804	0.00886
17	0.07922	0.14883	0.02950	0.14501	0.20195	0.08816	0.01904	0.05356	0.01987	0.02651	0.02012	0.02399	0.05379	0.01205	0.04102	0.00309	0.01090	0.00750	0.00471	0.01116
18	0.12198	0.09581	0.06384	0.02967	0.23297	0.10165	0.01915	0.03204	0.13069	0.06201	0.01943	0.02131	0.01523	0.00887	0.00781	0.00257	0.00980	0.00712	0.00556	0.01249
19	0.02207	0.03250	0.35423	0.02951	0.17440	0.01938	0.02638	0.03135	0.07456	0.12108	0.02044	0.02213	0.01469	0.00886	0.00849	0.00273	0.01094	0.00741	0.00537	0.01348
20	0.19442	0.02761	0.16468	0.02019	0.05967	0.16682	0.01781	0.02589	0.01807	0.02716	0.01621	0.02078	0.01346	0.02211	0.16390	0.00532	0.01447	0.00662	0.00455	0.01026
21	0.22953	0.01908	0.01577	0.01409	0.01869	0.13468	0.01102	0.02823	0.08463	0.11272	0.07157	0.03772	0.16356	0.01285	0.00811	0.00270	0.00784	0.00981	0.00720	0.01020
22	0.02041	0.01790	0.05978	0.02709	0.20470	0.01688	0.01720	0.06667	0.15106	0.07876	0.03305	0.18283	0.05722	0.01435	0.00935	0.00293	0.00796	0.01271	0.00713	0.01203

[dist]
# distance from previous block
# <min> <max>
0	12

[block]
# block no. 14 follows, 20 sequences, length 43
# corresponding to MSA columns:
# 616-658
name=unknown_O
#
# <colnr> <probs for GDERKNQSTAVLIFYWHMCP>
#	G	D	E	R	K	N	Q	S	T	A	V	L	I	F	Y	W	H	M	C	P
0	0.12236	0.01923	0.02847	0.11496	0.37734	0.02057	0.02182	0.02948	0.12365	0.03062	0.01903	0.02266	0.01518	0.00863	0.00824	0.00271	0.00941	0.00771	0.00521	0.01272
1	0.01953	0.01806	0.02847	0.11391	0.39228	0.01878	0.02182	0.02724	0.10349	0.02938	0.08910	0.03065	0.04894	0.01014	0.00893	0.00271	0.00910	0.00938	0.00563	0.01246
2	0.06868	0.02638	0.12239	0.20339	0.15051	0.10873	0.02254	0.13840	0.02339	0.03143	0.01625	0.02017	0.01237	0.00881	0.00832	0.00267	0.01146	0.00709	0.00504	0.01198
3	0.01968	0.01874	0.03142	0.16294	0.47902	0.01933	0.02457	0.02472	0.01942	0.02694	0.02245	0.02727	0.06701	0.00918	0.00880	0.00268	0.01008	0.00869	0.00456	0.01251
4	0.01246	0.00935	0.01402	0.01402	0.01558	0.01090	0.01090	0.01558	0.01402	0.02025	0.02336	0.03427	0.02181	0.06542	0.65888	0.01402	0.02336	0.00935	0.00467	0.00779
5	0.01248	0.00926	0.01359	0.01359	0.01500	0.01067	0.01037	0.01530	0.01389	0.01993	0.02376	0.03644	0.02275	0.12534	0.60025	0.01349	0.02194	0.00966	0.00473	0.00755
6	0.01044	0.00884	0.00902	0.00898	0.01186	0.00742	0.00673	0.01278	0.02020	0.02431	0.12405	0.08272	0.59934	0.02181	0.01031	0.00293	0.00440	0.01824	0.00820	0.00742
7	0.01268	0.00846	0.00951	0.00951	0.00951	0.00846	0.00529	0.01268	0.01268	0.01691	0.02748	0.05708	0.03171	0.69345	0.04440	0.00846	0.00846	0.01268	0.00529	0.00529
8	0.02564	0.03665	0.17713	0.02094	0.02823	0.35706	0.01920	0.03019	0.02169	0.02447	0.01447	0.01692	0.01156	0.00825	0.00766	0.00216	0.01297	0.00572	0.00444	0.17465
9	0.01246	0.00935	0.01402	0.01402	0.01558	0.01090	0.01090	0.01558	0.01402	0.02025	0.02336	0.03427	0.02181	0.06542	0.65888	0.01402	0.02336	0.00935	0.00467	0.00779
10	0.03278	0.03571	0.02522	0.02165	0.02700	0.44236	0.01676	0.23164	0.03029	0.03286	0.01604	0.01751	0.01247	0.00950	0.00816	0.00237	0.01363	0.00638	0.00594	0.01173
11	0.01602	0.00816	0.00857	0.00857	0.01049	0.00824	0.00640	0.01966	0.01775	0.03108	0.02757	0.03232	0.02198	0.01384	0.03949	0.03834	0.00518	0.00816	0.67025	0.00790
12	0.75506	0.01687	0.01282	0.01147	0.01687	0.01957	0.00945	0.02564	0.01484	0.03914	0.01215	0.01417	0.00945	0.00810	0.00540	0.00270	0.00675	0.00472	0.00540	0.00945
13	0.03258	0.04157	0.02472	0.02247	0.02697	0.65843	0.01685	0.03483	0.02472	0.02135	0.01348	0.01573	0.01124	0.00899	0.00787	0.00225	0.01573	0.00562	0.00449	0.01011
14	0.02170	0.01874	0.01972	0.01775	0.02268	0.02170	0.01381	0.04635	0.62327	0.03649	0.03550	0.03254	0.02663	0.01183	0.00888	0.00296	0.00690	0.00986	0.00888	0.01381
15	0.02205	0.02264	0.03832	0.04789	0.46916	0.06048	0.15530	0.02753	0.02032	0.02793	0.01650	0.02166	0.01353	0.00775	0.00896	0.00265	0.01166	0.00820	0.00435	0.01313
16	0.01031	0.00884	0.00884	0.00884	0.01178	0.00736	0.00663	0.01252	0.01988	0.02356	0.08837	0.08395	0.63549	0.02209	0.01031	0.00295	0.00442	0.01841	0.00810	0.00736
17	0.02059	0.02353	0.05147	0.03676	0.04559	0.02206	0.60735	0.02794	0.02059	0.02794	0.01765	0.02353	0.01324	0.00735	0.01029	0.00294	0.01471	0.01029	0.00441	0.01176
18	0.02815	0.02069	0.02261	0.01831	0.02385	0.02261	0.01469	0.47698	0.03560	0.04770	0.02698	0.16926	0.02437	0.01422	0.00926	0.00282	0.00859	0.01162	0.00859	0.01311
19	0.01031	0.00884	0.00884	0.00884	0.01178	0.00736	0.00663	0.01252	0.01988	0.02356	0.08837	0.08395	0.63549	0.02209	0.01031	0.00295	0.00442	0.01841	0.00810	0.00736
20	0.02097	0.01791	0.01918	0.01759	0.02224	0.02058	0.01383	0.04365	0.56573	0.03550	0.03652	0.03883	0.02888	0.01300	0.00918	0.00306	0.00701	0.06429	0.00880	0.01326
21	0.75506	0.01687	0.01282	0.01147	0.01687	0.01957	0.00945	0.02564	0.01484	0.03914	0.01215	0.01417	0.00945	0.00810	0.00540	0.00270	0.00675	0.00472	0.00540	0.00945
22	0.01458	0.01236	0.01473	0.01451	0.01637	0.07253	0.01121	0.01767	0.01527	0.02101	0.02269	0.03241	0.02083	0.05709	0.56197	0.01226	0.02161	0.00893	0.04396	0.00803
23	0.01031	0.00884	0.00884	0.00884	0.01178	0.00736	0.00663	0.01252	0.01988	0.02356	0.08837	0.08395	0.63549	0.02209	0.01031	0.00295	0.00442	0.01841	0.00810	0.00736
24	0.01495	0.01386	0.02189	0.50869	0.04816	0.01641	0.01988	0.01988	0.01804	0.02260	0.03349	0.03823	0.16560	0.01202	0.00911	0.00292	0.00985	0.01038	0.00492	0.00912
25	0.01626	0.00813	0.00813	0.00813	0.01016	0.00813	0.00610	0.02033	0.01829	0.03252	0.02846	0.03252	0.02236	0.01016	0.00610	0.00203	0.00407	0.00813	0.74187	0.00813
26	0.01262	0.00873	0.01090	0.01090	0.01139	0.00921	0.00702	0.01358	0.01310	0.01794	0.02621	0.05004	0.02865	0.49959	0.23407	0.01017	0.01306	0.01165	0.00510	0.00606
27	0.02110	0.02023	0.03452	0.11259	0.58380	0.02060	0.02653	0.02634	0.01963	0.02790	0.01632	0.02175	0.01361	0.00786	0.00864	0.00262	0.01048	0.00777	0.00428	0.01342
28	0.18466	0.07084	0.02600	0.02622	0.16559	0.21093	0.01725	0.11758	0.04867	0.03248	0.01583	0.01813	0.01263	0.00876	0.00754	0.00248	0.01084	0.00638	0.00542	0.01176
29	0.01247	0.00929	0.01374	0.01374	0.01520	0.01075	0.01056	0.01540	0.01394	0.02004	0.02362	0.03568	0.02242	0.10428	0.62086	0.01367	0.02244	0.00955	0.00471	0.00763
30	0.02012	0.02321	0.17499	0.08103	0.02806	0.01912	0.01891	0.14989	0.05168	0.03227	0.02037	0.02471	0.01603	0.01934	0.11780	0.00462	0.07373	0.00786	0.10502	0.01125
31	0.01143	0.00798	0.01011	0.01149	0.01191	0.00765	0.00748	0.01259	0.01558	0.02075	0.04148	0.46159	0.04914	0.23776	0.02169	0.00512	0.00627	0.04622	0.00721	0.00656
32	0.01246	0.00935	0.01402	0.01402	0.01558	0.01090	0.01090	0.01558	0.01402	0.02025	0.02336	0.03427	0.02181	0.06542	0.65888	0.01402	0.02336	0.00935	0.00467	0.00779
33	0.02014	0.02070	0.06423	0.20205	0.46828	0.02038	0.02643	0.02573	0.01920	0.02695	0.01615	0.02183	0.01315	0.00803	0.00864	0.00268	0.01080	0.00770	0.00418	0.01277
34	0.05474	0.04118	0.41613	0.02466	0.03480	0.17788	0.07517	0.02934	0.01999	0.02662	0.01513	0.01799	0.01120	0.00837	0.00822	0.00265	0.01347	0.00648	0.00402	0.01196
35	0.06497	0.02343	0.02062	0.02089	0.08954	0.22854	0.01399	0.07876	0.02067	0.05360	0.01858	0.02781	0.01718	0.16358	0.01949	0.07479	0.04082	0.00801	0.00528	0.00944
36	0.02750	0.02861	0.02670	0.09008	0.16545	0.27108	0.01913	0.16590	0.02651	0.03106	0.02022	0.02275	0.04722	0.00977	0.00846	0.00251	0.01208	0.00753	0.00559	0.01185
37	0.02498	0.02473	0.02565	0.02947	0.21893	0.17852	0.01819	0.14350	0.08067	0.03196	0.02875	0.03004	0.10454	0.01105	0.00873	0.00260	0.01037	0.00898	0.00620	0.01216
38	0.02224	0.02378	0.02330	0.02535	0.13921	0.22451	0.01668	0.02501	0.01949	0.02395	0.05287	0.08758	0.02187	0.04716	0.01482	0.00311	0.15915	0.00938	0.05060	0.00993
