[name]
unknown

[dist]
# distance from previous block
# <min> <max>
0	0

[block]
# block no. 0 follows, 19 sequences, length 14
# corresponding to MSA columns:
# 0-13
name=unknown_A
#
# <colnr> <probs for GDERKNQSTAVLIFYWHMCP>
#	G	D	E	R	K	N	Q	S	T	A	V	L	I	F	Y	W	H	M	C	P
0	0.01442	0.01030	0.01442	0.01648	0.01854	0.01030	0.01442	0.01854	0.02060	0.02677	0.04737	0.10092	0.05149	0.02471	0.01236	0.00412	0.00824	0.56956	0.00824	0.00824
1	0.03401	0.02506	0.02685	0.02058	0.02774	0.02774	0.01700	0.59995	0.04206	0.05638	0.02148	0.02148	0.01521	0.01074	0.00895	0.00268	0.00984	0.00805	0.00895	0.01521
2	0.01090	0.00779	0.01038	0.01246	0.01298	0.00727	0.00830	0.01246	0.01713	0.02284	0.04931	0.67975	0.05917	0.02803	0.01142	0.00363	0.00519	0.02543	0.00830	0.00727
3	0.02225	0.01922	0.02023	0.01821	0.02326	0.02225	0.01416	0.04754	0.61361	0.03742	0.03641	0.03338	0.02731	0.01214	0.00910	0.00303	0.00708	0.01011	0.00910	0.01416
4	0.01090	0.00779	0.01038	0.01246	0.01298	0.00727	0.00830	0.01246	0.01713	0.02284	0.04931	0.67975	0.05917	0.02803	0.01142	0.00363	0.00519	0.02543	0.00830	0.00727
5	0.01184	0.00868	0.00961	0.00991	0.01105	0.00807	0.00633	0.01287	0.01621	0.02055	0.05320	0.15973	0.24467	0.35619	0.02825	0.00595	0.00671	0.01690	0.00686	0.00644
6	0.16749	0.01644	0.02089	0.17225	0.11839	0.01844	0.01644	0.03012	0.14085	0.06528	0.02270	0.02553	0.01725	0.00968	0.00786	0.00275	0.00828	0.00789	0.12008	0.01142
7	0.03026	0.03464	0.02605	0.02279	0.02669	0.41199	0.01778	0.11552	0.02508	0.02689	0.01447	0.01773	0.01212	0.01095	0.01319	0.00274	0.16850	0.00659	0.00509	0.01095
8	0.02392	0.69097	0.04688	0.01531	0.02296	0.03540	0.01531	0.02679	0.01818	0.02105	0.01244	0.01435	0.01148	0.00765	0.00574	0.00191	0.00957	0.00478	0.00383	0.01148
9	0.02238	0.03048	0.17563	0.13064	0.25406	0.13651	0.06820	0.02859	0.02063	0.02669	0.01605	0.02067	0.01264	0.00844	0.00877	0.00271	0.01277	0.00743	0.00425	0.01247
10	0.01614	0.02117	0.16644	0.35085	0.04382	0.01703	0.02238	0.02150	0.01774	0.02347	0.02589	0.03140	0.09439	0.01324	0.01208	0.08843	0.01076	0.00908	0.00450	0.00969
11	0.02320	0.03112	0.17160	0.22073	0.12917	0.17817	0.02474	0.06711	0.02199	0.02711	0.01593	0.02035	0.01224	0.00889	0.00861	0.00271	0.01295	0.00710	0.00449	0.01180
12	0.02177	0.11447	0.12467	0.04537	0.46335	0.02308	0.02664	0.02749	0.01986	0.02800	0.01613	0.02063	0.01340	0.00801	0.00839	0.00258	0.01086	0.00735	0.00425	0.01367
13	0.01973	0.20713	0.02859	0.16876	0.03052	0.09521	0.01683	0.02330	0.01750	0.02152	0.01683	0.02339	0.01488	0.02654	0.20194	0.00609	0.05987	0.00729	0.00425	0.00983

[dist]
# distance from previous block
# <min> <max>
0	1

[block]
# block no. 1 follows, 19 sequences, length 29
# corresponding to MSA columns:
# 15-43
name=unknown_B
#
# <colnr> <probs for GDERKNQSTAVLIFYWHMCP>
#	G	D	E	R	K	N	Q	S	T	A	V	L	I	F	Y	W	H	M	C	P
0	0.01771	0.02137	0.08788	0.01609	0.01924	0.17229	0.01301	0.02033	0.01911	0.02261	0.03647	0.30974	0.07744	0.10778	0.01469	0.00383	0.00933	0.01612	0.00645	0.00853
1	0.32115	0.14951	0.02491	0.01631	0.02261	0.09914	0.01376	0.19359	0.02474	0.03910	0.01523	0.01670	0.01184	0.00899	0.00686	0.00253	0.00935	0.00587	0.00609	0.01171
2	0.01838	0.01451	0.01647	0.04277	0.02045	0.01527	0.01222	0.13857	0.13639	0.03386	0.08075	0.12512	0.20294	0.01830	0.01022	0.00315	0.00692	0.08471	0.00847	0.01054
3	0.02729	0.03260	0.02449	0.02206	0.02512	0.41090	0.01710	0.02962	0.02101	0.02166	0.01458	0.01941	0.01295	0.01817	0.09459	0.00424	0.18306	0.00677	0.00446	0.00992
4	0.02462	0.02459	0.02948	0.23456	0.25684	0.17993	0.02306	0.02925	0.02123	0.06767	0.01706	0.02173	0.01335	0.00881	0.00869	0.00268	0.01222	0.00748	0.00480	0.01196
5	0.01855	0.01590	0.01855	0.01325	0.02120	0.01193	0.01060	0.02253	0.01855	0.02915	0.01590	0.01855	0.01325	0.00663	0.00663	0.00133	0.00663	0.00530	0.00530	0.74028
6	0.01819	0.02154	0.16736	0.01694	0.02297	0.01571	0.01621	0.02964	0.20313	0.07240	0.07626	0.12722	0.14399	0.01562	0.00962	0.00303	0.00772	0.01321	0.00773	0.01152
7	0.74878	0.01730	0.01315	0.01177	0.01730	0.02007	0.00969	0.02630	0.01523	0.04014	0.01246	0.01453	0.00969	0.00830	0.00554	0.00277	0.00692	0.00484	0.00554	0.00969
8	0.01690	0.01590	0.02683	0.66408	0.06162	0.01988	0.02485	0.02286	0.01789	0.02286	0.01590	0.02385	0.01193	0.00894	0.00894	0.00298	0.01193	0.00795	0.00398	0.00994
9	0.01213	0.00912	0.01122	0.01070	0.01304	0.00822	0.00802	0.01586	0.02407	0.03290	0.48927	0.07172	0.22206	0.01940	0.01056	0.00287	0.00430	0.01687	0.00946	0.00822
10	0.74878	0.01730	0.01315	0.01177	0.01730	0.02007	0.00969	0.02630	0.01523	0.04014	0.01246	0.01453	0.00969	0.00830	0.00554	0.00277	0.00692	0.00484	0.00554	0.00969
11	0.01867	0.01825	0.02568	0.02228	0.02249	0.02525	0.01846	0.02079	0.01379	0.02143	0.01336	0.02164	0.01315	0.02248	0.11168	0.00530	0.58364	0.00806	0.00403	0.00955
12	0.03401	0.02506	0.02685	0.02058	0.02774	0.02774	0.01700	0.59995	0.04206	0.05638	0.02148	0.02148	0.01521	0.01074	0.00895	0.00268	0.00984	0.00805	0.00895	0.01521
13	0.01090	0.00779	0.01038	0.01246	0.01298	0.00727	0.00830	0.01246	0.01713	0.02284	0.04931	0.67975	0.05917	0.02803	0.01142	0.00363	0.00519	0.02543	0.00830	0.00727
14	0.01957	0.01957	0.02740	0.02349	0.02349	0.02740	0.01957	0.02153	0.01370	0.02153	0.01174	0.01957	0.01174	0.01566	0.02936	0.00391	0.66921	0.00783	0.00391	0.00979
15	0.01520	0.01310	0.01500	0.01429	0.01485	0.04873	0.01016	0.01625	0.01513	0.02009	0.03156	0.16140	0.07251	0.31876	0.03086	0.00585	0.16928	0.01401	0.00573	0.00725
16	0.01278	0.00959	0.01438	0.01438	0.01598	0.01118	0.01118	0.01598	0.01438	0.02077	0.02396	0.03515	0.02237	0.06710	0.65013	0.01438	0.02396	0.00959	0.00479	0.00799
17	0.01327	0.01031	0.01532	0.01504	0.01652	0.01236	0.01179	0.01638	0.01433	0.02082	0.02308	0.03402	0.02160	0.06337	0.60510	0.01362	0.07077	0.00946	0.00473	0.00812
18	0.01946	0.21008	0.48872	0.02291	0.03472	0.02449	0.02855	0.02794	0.01871	0.02648	0.01514	0.01774	0.01137	0.00828	0.00780	0.00260	0.01229	0.00615	0.00379	0.01278
19	0.01078	0.00827	0.00988	0.01117	0.01264	0.00738	0.00773	0.01260	0.01837	0.02334	0.06503	0.45392	0.27486	0.02599	0.01110	0.00340	0.00494	0.02294	0.00831	0.00738
20	0.03120	0.02597	0.02395	0.01939	0.02535	0.14087	0.01558	0.39794	0.06062	0.04624	0.02167	0.02250	0.01602	0.01048	0.00845	0.00255	0.01018	0.00775	0.09990	0.01340
21	0.02515	0.02105	0.10740	0.08424	0.03140	0.01768	0.10783	0.12755	0.02445	0.17984	0.02851	0.15302	0.02443	0.01324	0.00964	0.00299	0.00986	0.01188	0.00748	0.01239
22	0.02474	0.02039	0.01994	0.01782	0.02232	0.11526	0.01384	0.07571	0.27165	0.10825	0.03052	0.07111	0.02461	0.02162	0.11577	0.00479	0.01142	0.01005	0.00788	0.01232
23	0.02272	0.27186	0.16257	0.02753	0.16702	0.10607	0.02178	0.02767	0.01949	0.02455	0.01518	0.01876	0.01283	0.01219	0.05163	0.00318	0.01240	0.00636	0.00412	0.01208
24	0.02032	0.23493	0.10444	0.02138	0.10319	0.05925	0.01720	0.02733	0.09535	0.02737	0.10270	0.03347	0.09518	0.01156	0.00822	0.00253	0.00896	0.00925	0.00590	0.01148
25	0.02249	0.02153	0.01765	0.01589	0.01956	0.21155	0.01211	0.06636	0.06013	0.05720	0.26512	0.04329	0.07723	0.01401	0.00924	0.00262	0.00867	0.01135	0.05394	0.01008
26	0.02512	0.24224	0.06264	0.04545	0.02469	0.06482	0.01546	0.18198	0.05092	0.03425	0.01963	0.02160	0.01543	0.00943	0.00729	0.00233	0.00920	0.00690	0.14868	0.01195
27	0.14075	0.07444	0.21342	0.02022	0.02837	0.14031	0.02017	0.09748	0.06591	0.09038	0.01877	0.01985	0.01375	0.00932	0.00792	0.00266	0.01118	0.00670	0.00589	0.01250
28	0.05702	0.02186	0.05546	0.01840	0.02319	0.08675	0.04396	0.17894	0.02420	0.07080	0.02106	0.03009	0.01860	0.17977	0.01975	0.00421	0.07324	0.00882	0.00636	0.05751

[dist]
# distance from previous block
# <min> <max>
23	140

[block]
# block no. 2 follows, 19 sequences, length 39
# corresponding to MSA columns:
# 222-260
name=unknown_C
#
# <colnr> <probs for GDERKNQSTAVLIFYWHMCP>
#	G	D	E	R	K	N	Q	S	T	A	V	L	I	F	Y	W	H	M	C	P
0	0.17126	0.02777	0.10318	0.16451	0.07266	0.19603	0.01949	0.02791	0.01964	0.02755	0.01500	0.01912	0.01189	0.01078	0.03150	0.00303	0.01229	0.00643	0.00459	0.05539
1	0.08311	0.02048	0.01856	0.01684	0.02005	0.16616	0.01317	0.08835	0.02111	0.02885	0.04717	0.02732	0.01993	0.02924	0.21879	0.00645	0.06873	0.00812	0.08787	0.00972
2	0.02016	0.02056	0.02261	0.08724	0.05733	0.14220	0.01677	0.02431	0.05128	0.02260	0.01837	0.02661	0.01671	0.06722	0.17955	0.00634	0.19740	0.00834	0.00470	0.00967
3	0.03342	0.04264	0.02535	0.02305	0.02766	0.64967	0.01729	0.03572	0.02535	0.02190	0.01383	0.01613	0.01152	0.00922	0.00807	0.00230	0.01613	0.00576	0.00461	0.01037
4	0.01994	0.13973	0.03276	0.24352	0.24545	0.02284	0.02285	0.02473	0.01877	0.02497	0.01791	0.02758	0.01585	0.01008	0.00986	0.00283	0.05102	0.05331	0.00445	0.01153
5	0.01264	0.00931	0.01238	0.01283	0.01347	0.01008	0.00892	0.01421	0.01482	0.02042	0.03298	0.25582	0.03717	0.24692	0.20828	0.00836	0.05242	0.01583	0.00611	0.00705
6	0.01255	0.01039	0.01103	0.01104	0.01387	0.00977	0.00823	0.01790	0.10234	0.02559	0.07332	0.13514	0.42582	0.06242	0.01267	0.00348	0.00537	0.04249	0.00824	0.00835
7	0.02180	0.02387	0.02781	0.02357	0.02617	0.17435	0.09688	0.02475	0.01781	0.02257	0.01669	0.05612	0.01582	0.02034	0.10167	0.00475	0.30178	0.00886	0.00451	0.00988
8	0.66679	0.01752	0.01395	0.01249	0.01797	0.02032	0.01019	0.02870	0.08275	0.03983	0.01516	0.01666	0.01168	0.00874	0.00594	0.00280	0.00694	0.00544	0.00594	0.01019
9	0.06740	0.02124	0.07537	0.21690	0.35842	0.02081	0.02531	0.02720	0.04971	0.02852	0.01724	0.02246	0.01373	0.00852	0.00865	0.00279	0.01076	0.00777	0.00457	0.01264
10	0.01361	0.01080	0.01596	0.01549	0.01689	0.01316	0.01220	0.01665	0.01430	0.02086	0.02248	0.03325	0.02107	0.06084	0.57460	0.01311	0.10247	0.00937	0.00469	0.00821
11	0.02155	0.02065	0.03524	0.12366	0.56566	0.02110	0.02716	0.02694	0.02009	0.02851	0.01672	0.02234	0.01392	0.00808	0.00887	0.00269	0.01077	0.00797	0.00438	0.01369
12	0.01160	0.00893	0.01061	0.01056	0.01281	0.00793	0.00778	0.01469	0.02227	0.02951	0.33706	0.15875	0.29252	0.02134	0.01068	0.00301	0.00448	0.01851	0.00903	0.00793
13	0.01182	0.00897	0.01089	0.01072	0.01293	0.00804	0.00792	0.01515	0.02289	0.03082	0.39642	0.14190	0.24747	0.02073	0.01066	0.00297	0.00443	0.01805	0.00920	0.00804
14	0.01085	0.00798	0.01019	0.01195	0.01284	0.00731	0.00808	0.01251	0.01761	0.02304	0.05544	0.59173	0.14323	0.02723	0.01129	0.00354	0.00509	0.02446	0.00831	0.00731
15	0.01297	0.00885	0.01064	0.01064	0.01094	0.00915	0.00652	0.01358	0.01327	0.01800	0.02738	0.05408	0.03059	0.56749	0.16098	0.00976	0.01159	0.01236	0.00530	0.00591
16	0.74878	0.01730	0.01315	0.01177	0.01730	0.02007	0.00969	0.02630	0.01523	0.04014	0.01246	0.01453	0.00969	0.00830	0.00554	0.00277	0.00692	0.00484	0.00554	0.00969
17	0.74878	0.01730	0.01315	0.01177	0.01730	0.02007	0.00969	0.02630	0.01523	0.04014	0.01246	0.01453	0.00969	0.00830	0.00554	0.00277	0.00692	0.00484	0.00554	0.00969
18	0.69082	0.01713	0.01377	0.01210	0.01775	0.01950	0.00997	0.02771	0.01607	0.08887	0.01433	0.01584	0.01071	0.00853	0.00582	0.00277	0.00698	0.00518	0.00599	0.01014
19	0.01457	0.01094	0.01316	0.01368	0.01559	0.01108	0.00977	0.07518	0.08755	0.02864	0.08028	0.47704	0.08026	0.02369	0.01082	0.00339	0.00578	0.02112	0.00855	0.00892
20	0.01294	0.01034	0.01233	0.01187	0.01504	0.00863	0.00858	0.01534	0.01830	0.02490	0.04986	0.35568	0.18096	0.02082	0.00989	0.00285	0.00543	0.01830	0.00747	0.21046
21	0.02051	0.32265	0.38530	0.02113	0.03197	0.02705	0.02545	0.02767	0.01858	0.02521	0.01450	0.01694	0.01140	0.00814	0.00732	0.00244	0.01166	0.00583	0.00380	0.01248
22	0.01971	0.13247	0.31548	0.02096	0.02935	0.10721	0.02295	0.02613	0.01858	0.02453	0.01713	0.02178	0.01405	0.02267	0.16350	0.00542	0.01568	0.00694	0.00415	0.01130
23	0.02127	0.26488	0.40109	0.02146	0.03242	0.02534	0.02584	0.02868	0.01903	0.06086	0.01593	0.01800	0.01201	0.00836	0.00759	0.00252	0.01165	0.00612	0.00421	0.01274
24	0.01301	0.00867	0.00976	0.00976	0.00976	0.00867	0.00542	0.01301	0.01301	0.01735	0.02819	0.05855	0.03253	0.68559	0.04554	0.00867	0.00867	0.01301	0.00542	0.00542
25	0.01624	0.01101	0.01319	0.01230	0.01538	0.01050	0.00932	0.02253	0.10323	0.09610	0.30266	0.12140	0.19403	0.01863	0.01028	0.00297	0.00514	0.01610	0.00937	0.00962
26	0.02282	0.02275	0.03497	0.08106	0.55371	0.07259	0.02650	0.02792	0.02066	0.02833	0.01654	0.02173	0.01385	0.00812	0.00880	0.00264	0.01114	0.00779	0.00442	0.01366
27	0.03345	0.04160	0.02544	0.02290	0.02766	0.61280	0.01727	0.06917	0.02634	0.02394	0.01428	0.01645	0.01174	0.00931	0.00812	0.00233	0.01576	0.00590	0.00487	0.01066
28	0.01473	0.01264	0.01602	0.01560	0.01731	0.05883	0.01217	0.01778	0.01514	0.02090	0.02243	0.03275	0.02089	0.05955	0.56311	0.01282	0.06514	0.00919	0.00472	0.00828
29	0.03179	0.01846	0.04996	0.01726	0.02347	0.01716	0.01446	0.17436	0.08667	0.32224	0.03307	0.11741	0.02556	0.01331	0.00931	0.00290	0.00803	0.01103	0.00963	0.01393
30	0.03296	0.03808	0.02538	0.02233	0.02745	0.49869	0.01707	0.14407	0.05875	0.02928	0.01645	0.01804	0.01304	0.00966	0.00829	0.00241	0.01447	0.00642	0.00567	0.01149
31	0.23730	0.08285	0.37210	0.05849	0.03251	0.02158	0.02427	0.02729	0.01768	0.03101	0.01470	0.01755	0.01089	0.00841	0.00744	0.00276	0.01099	0.00603	0.00432	0.01184
32	0.01392	0.00902	0.01158	0.01158	0.01293	0.00979	0.00842	0.01661	0.01526	0.02343	0.02643	0.04032	0.02498	0.20125	0.32521	0.00959	0.01477	0.01007	0.20737	0.00746
33	0.01647	0.01344	0.05071	0.01426	0.01742	0.01188	0.01128	0.05479	0.10250	0.07322	0.09774	0.34580	0.11289	0.02099	0.01044	0.00325	0.00621	0.01846	0.00852	0.00974
34	0.01745	0.01609	0.02855	0.02400	0.02879	0.01585	0.22314	0.02500	0.08745	0.02836	0.03577	0.10798	0.03571	0.01737	0.01128	0.00357	0.01034	0.26608	0.00701	0.01021
35	0.07521	0.07378	0.02531	0.02060	0.02602	0.42413	0.01605	0.08206	0.02575	0.12410	0.01773	0.01867	0.01342	0.00950	0.00800	0.00241	0.01333	0.00636	0.00601	0.01157
36	0.05581	0.02111	0.09602	0.09385	0.21084	0.01887	0.05376	0.10337	0.02394	0.03434	0.16452	0.03243	0.03054	0.01100	0.00919	0.00278	0.00947	0.00981	0.00631	0.01206
37	0.41218	0.07694	0.10557	0.01679	0.02221	0.02320	0.01576	0.02546	0.01560	0.03244	0.01278	0.01634	0.01056	0.01006	0.01173	0.00299	0.16848	0.00581	0.00476	0.01035
38	0.31434	0.17902	0.18739	0.01590	0.02363	0.02262	0.01687	0.02641	0.01723	0.03193	0.01508	0.01753	0.01186	0.00842	0.00645	0.00252	0.00894	0.00565	0.07733	0.01091

[dist]
# distance from previous block
# <min> <max>
1	19

[block]
# block no. 3 follows, 19 sequences, length 29
# corresponding to MSA columns:
# 288-316
name=unknown_D
#
# <colnr> <probs for GDERKNQSTAVLIFYWHMCP>
#	G	D	E	R	K	N	Q	S	T	A	V	L	I	F	Y	W	H	M	C	P
0	0.02092	0.03147	0.25212	0.08591	0.13709	0.10318	0.02401	0.06311	0.02153	0.02852	0.02418	0.02686	0.07793	0.01008	0.00868	0.00266	0.01149	0.00818	0.00493	0.05714
1	0.10246	0.44184	0.09707	0.01704	0.02471	0.08256	0.01675	0.08010	0.02071	0.02710	0.01373	0.01561	0.01162	0.00822	0.00647	0.00220	0.01021	0.00535	0.00454	0.01171
2	0.20675	0.01859	0.02230	0.22171	0.03472	0.04881	0.04605	0.09866	0.07615	0.03455	0.08726	0.02662	0.02153	0.01031	0.00832	0.00285	0.00942	0.00834	0.00620	0.01088
3	0.06589	0.03204	0.05873	0.02784	0.15285	0.32822	0.01897	0.06623	0.02416	0.05521	0.04346	0.02081	0.01602	0.00934	0.00827	0.00245	0.01262	0.00695	0.00539	0.04456
4	0.06151	0.01454	0.01635	0.01517	0.01785	0.05814	0.01167	0.10508	0.01917	0.02691	0.02273	0.03348	0.02106	0.12878	0.39504	0.01038	0.01836	0.00924	0.00553	0.00902
5	0.02682	0.02533	0.02374	0.02342	0.09996	0.19017	0.01657	0.22498	0.02960	0.03640	0.06973	0.03680	0.08141	0.01294	0.00928	0.00275	0.01059	0.06045	0.00714	0.01192
6	0.02446	0.02770	0.02599	0.03189	0.24684	0.28284	0.01884	0.02787	0.02247	0.02508	0.03104	0.03303	0.14140	0.01158	0.00888	0.00259	0.01167	0.00933	0.00532	0.01118
7	0.01663	0.01423	0.02009	0.06218	0.02322	0.05184	0.07493	0.04928	0.01781	0.02480	0.02252	0.03119	0.01974	0.04517	0.40720	0.00993	0.01918	0.00915	0.07179	0.00910
8	0.03130	0.07376	0.02780	0.02480	0.08551	0.36310	0.01791	0.17541	0.06060	0.03198	0.01717	0.01888	0.01356	0.00954	0.00828	0.00245	0.01315	0.00672	0.00587	0.01222
9	0.02613	0.01900	0.02186	0.04750	0.02545	0.02075	0.01566	0.29322	0.12523	0.07558	0.06141	0.04441	0.02921	0.01447	0.00984	0.00309	0.00872	0.13684	0.00875	0.01287
10	0.01610	0.01209	0.01540	0.01643	0.01901	0.01265	0.01371	0.04671	0.12088	0.02930	0.04470	0.15894	0.04688	0.02243	0.01155	0.00382	0.00773	0.38382	0.00842	0.00940
11	0.03177	0.02448	0.02529	0.02003	0.02648	0.05862	0.01627	0.50116	0.06896	0.05127	0.02378	0.06744	0.01869	0.01193	0.00908	0.00275	0.00971	0.00925	0.00869	0.01436
12	0.01149	0.00910	0.01038	0.01044	0.01297	0.00799	0.00791	0.01442	0.02169	0.02778	0.24556	0.11691	0.38976	0.02181	0.01074	0.00307	0.00473	0.05663	0.00877	0.00785
13	0.01794	0.04628	0.63923	0.02550	0.03872	0.02078	0.03305	0.02833	0.01889	0.02833	0.01606	0.01889	0.01133	0.00850	0.00850	0.00283	0.01322	0.00661	0.00378	0.01322
14	0.03033	0.10852	0.02784	0.10271	0.03142	0.50499	0.01802	0.03315	0.02365	0.02193	0.01394	0.01691	0.01157	0.00902	0.00793	0.00235	0.01490	0.00593	0.00445	0.01044
15	0.02000	0.01548	0.01976	0.01738	0.02045	0.01819	0.01398	0.19194	0.02260	0.03155	0.02168	0.02909	0.01889	0.04372	0.37974	0.00955	0.10075	0.00891	0.00593	0.01038
16	0.01090	0.00779	0.01038	0.01246	0.01298	0.00727	0.00830	0.01246	0.01713	0.02284	0.04931	0.67975	0.05917	0.02803	0.01142	0.00363	0.00519	0.02543	0.00830	0.00727
17	0.02094	0.02337	0.05586	0.05204	0.02932	0.12037	0.13885	0.06072	0.02074	0.02623	0.03096	0.03422	0.14116	0.01346	0.01493	0.00311	0.18756	0.01036	0.00539	0.01040
18	0.02142	0.02101	0.03730	0.12216	0.49183	0.02127	0.09871	0.02708	0.02018	0.02843	0.01688	0.02259	0.01384	0.00803	0.00908	0.00274	0.01134	0.00829	0.00439	0.01342
19	0.02178	0.01868	0.01988	0.01810	0.02298	0.02153	0.01418	0.04578	0.57767	0.03678	0.03708	0.03747	0.02878	0.01290	0.00930	0.00310	0.00715	0.04403	0.00905	0.01380
20	0.01280	0.00900	0.01170	0.01181	0.01250	0.00964	0.00796	0.01421	0.01380	0.01905	0.02757	0.08199	0.02975	0.39482	0.29367	0.01076	0.01481	0.01226	0.00531	0.00658
21	0.03342	0.04264	0.02535	0.02305	0.02766	0.64967	0.01729	0.03572	0.02535	0.02190	0.01383	0.01613	0.01152	0.00922	0.00807	0.00230	0.01613	0.00576	0.00461	0.01037
22	0.02392	0.69097	0.04688	0.01531	0.02296	0.03540	0.01531	0.02679	0.01818	0.02105	0.01244	0.01435	0.01148	0.00765	0.00574	0.00191	0.00957	0.00478	0.00383	0.01148
23	0.01606	0.01324	0.01467	0.01422	0.01740	0.01408	0.01063	0.02854	0.28237	0.03103	0.11714	0.21212	0.15483	0.01888	0.01014	0.00316	0.00579	0.01637	0.00883	0.01050
24	0.01340	0.01050	0.01557	0.01521	0.01666	0.01267	0.01195	0.01648	0.01432	0.02084	0.02284	0.03372	0.02139	0.06239	0.59329	0.01342	0.08304	0.00942	0.00471	0.00815
25	0.01057	0.00906	0.00906	0.00906	0.01208	0.00755	0.00680	0.01284	0.02039	0.02417	0.09063	0.08610	0.62615	0.02266	0.01057	0.00302	0.00453	0.01888	0.00831	0.00755
26	0.01668	0.00834	0.00834	0.00834	0.01042	0.00834	0.00625	0.02085	0.01876	0.03335	0.02918	0.03335	0.02293	0.01042	0.00625	0.00208	0.00417	0.00834	0.73525	0.00834
27	0.01794	0.04628	0.63923	0.02550	0.03872	0.02078	0.03305	0.02833	0.01889	0.02833	0.01606	0.01889	0.01133	0.00850	0.00850	0.00283	0.01322	0.00661	0.00378	0.01322
28	0.01823	0.04425	0.58554	0.02662	0.03946	0.02095	0.08472	0.02836	0.01909	0.02836	0.01624	0.01937	0.01154	0.00841	0.00869	0.00285	0.01339	0.00697	0.00385	0.01312

[dist]
# distance from previous block
# <min> <max>
0	73

[block]
# block no. 4 follows, 19 sequences, length 74
# corresponding to MSA columns:
# 390-463
name=unknown_E
#
# <colnr> <probs for GDERKNQSTAVLIFYWHMCP>
#	G	D	E	R	K	N	Q	S	T	A	V	L	I	F	Y	W	H	M	C	P
0	0.06209	0.28508	0.15409	0.02181	0.06411	0.18342	0.01985	0.06666	0.02165	0.02645	0.01435	0.01663	0.01178	0.00846	0.00725	0.00233	0.01187	0.00580	0.00447	0.01186
1	0.02445	0.27926	0.03552	0.02512	0.14138	0.10514	0.04823	0.10242	0.02307	0.02817	0.02380	0.02566	0.08209	0.01001	0.00786	0.00239	0.01036	0.00786	0.00526	0.01194
2	0.01320	0.00889	0.01037	0.01065	0.01092	0.00889	0.00661	0.01374	0.01401	0.01859	0.03073	0.06415	0.03504	0.59813	0.04115	0.00807	0.00862	0.08666	0.00579	0.00579
3	0.01878	0.12192	0.33233	0.01999	0.02880	0.09450	0.02243	0.02517	0.01976	0.02550	0.03148	0.06622	0.13263	0.01225	0.00864	0.00273	0.01098	0.00964	0.00500	0.01124
4	0.03016	0.03096	0.02391	0.02062	0.02549	0.32286	0.01608	0.20626	0.05684	0.03386	0.01874	0.02097	0.01479	0.01355	0.04655	0.00322	0.04254	0.00715	0.05371	0.01174
5	0.01554	0.00777	0.01166	0.01166	0.01166	0.00777	0.00777	0.01166	0.01166	0.01554	0.01554	0.02720	0.01554	0.03108	0.03497	0.73970	0.00777	0.00777	0.00389	0.00389
6	0.01787	0.01920	0.09662	0.02643	0.17170	0.01639	0.05499	0.02636	0.12214	0.03068	0.18319	0.04049	0.03712	0.10113	0.01427	0.00360	0.00866	0.01119	0.00673	0.01124
7	0.02549	0.02822	0.03113	0.12410	0.33863	0.24646	0.02346	0.02981	0.02183	0.02576	0.01563	0.02021	0.01292	0.00855	0.00859	0.00257	0.01277	0.00718	0.00443	0.01225
8	0.01137	0.00909	0.01016	0.00990	0.01257	0.00789	0.00742	0.01438	0.02227	0.02862	0.29389	0.07877	0.42011	0.02100	0.01057	0.00294	0.00441	0.01785	0.00889	0.00789
9	0.02184	0.02106	0.03525	0.05116	0.55741	0.02199	0.02652	0.02675	0.01957	0.02831	0.01622	0.02184	0.01388	0.00889	0.01130	0.00281	0.08924	0.00795	0.00437	0.01365
10	0.02225	0.01922	0.02023	0.01821	0.02326	0.02225	0.01416	0.04754	0.61361	0.03742	0.03641	0.03338	0.02731	0.01214	0.00910	0.00303	0.00708	0.01011	0.00910	0.01416
11	0.01683	0.01454	0.02081	0.09117	0.02433	0.01849	0.01582	0.05658	0.01636	0.02357	0.01894	0.02794	0.01728	0.04020	0.33496	0.00894	0.23054	0.00873	0.00469	0.00926
12	0.03342	0.04264	0.02535	0.02305	0.02766	0.64967	0.01729	0.03572	0.02535	0.02190	0.01383	0.01613	0.01152	0.00922	0.00807	0.00230	0.01613	0.00576	0.00461	0.01037
13	0.01626	0.01192	0.01424	0.01305	0.01619	0.01201	0.00997	0.02548	0.16937	0.06565	0.41617	0.05805	0.10255	0.01670	0.01012	0.00288	0.00511	0.01451	0.00963	0.01013
14	0.01855	0.01590	0.01855	0.01325	0.02120	0.01193	0.01060	0.02253	0.01855	0.02915	0.01590	0.01855	0.01325	0.00663	0.00663	0.00133	0.00663	0.00530	0.00530	0.74028
15	0.02383	0.07663	0.29635	0.02648	0.11150	0.02338	0.02490	0.20214	0.02609	0.03658	0.01757	0.01979	0.01302	0.00894	0.00839	0.00261	0.01121	0.00703	0.00554	0.05801
16	0.09147	0.01649	0.01915	0.01425	0.02168	0.01403	0.01156	0.06690	0.02152	0.17702	0.02060	0.02123	0.01518	0.00812	0.00725	0.00189	0.00711	0.00633	0.00695	0.45128
17	0.01690	0.01590	0.02683	0.66408	0.06162	0.01988	0.02485	0.02286	0.01789	0.02286	0.01590	0.02385	0.01193	0.00894	0.00894	0.00298	0.01193	0.00795	0.00398	0.00994
18	0.04014	0.01523	0.02076	0.01592	0.02284	0.01315	0.01315	0.04360	0.02561	0.63597	0.03530	0.03045	0.02215	0.01107	0.00900	0.00277	0.00761	0.00900	0.01107	0.01523
19	0.01301	0.00867	0.00976	0.00976	0.00976	0.00867	0.00542	0.01301	0.01301	0.01735	0.02819	0.05855	0.03253	0.68559	0.04554	0.00867	0.00867	0.01301	0.00542	0.00542
20	0.01995	0.02070	0.03366	0.02699	0.02922	0.02623	0.16195	0.02329	0.01553	0.02329	0.01331	0.02070	0.01220	0.01366	0.02473	0.00369	0.50800	0.00850	0.00407	0.01035
21	0.03986	0.01568	0.02104	0.01613	0.02306	0.01382	0.01333	0.06918	0.02636	0.60932	0.03466	0.03004	0.02183	0.01106	0.00899	0.00276	0.00772	0.00895	0.01098	0.01522
22	0.03401	0.02506	0.02685	0.02058	0.02774	0.02774	0.01700	0.59995	0.04206	0.05638	0.02148	0.02148	0.01521	0.01074	0.00895	0.00268	0.00984	0.00805	0.00895	0.01521
23	0.01978	0.00925	0.00998	0.00934	0.01207	0.00898	0.00717	0.02386	0.01967	0.11310	0.02999	0.03297	0.02283	0.01051	0.00662	0.00218	0.00462	0.00843	0.63941	0.00925
24	0.01118	0.00909	0.00991	0.00970	0.01246	0.00781	0.00728	0.01402	0.02183	0.02759	0.24691	0.08046	0.46773	0.02138	0.01057	0.00296	0.00444	0.01809	0.00876	0.00781
25	0.01266	0.00914	0.01196	0.01126	0.01337	0.00844	0.00844	0.01688	0.02532	0.03588	0.62506	0.06683	0.08441	0.01829	0.01055	0.00281	0.00422	0.01618	0.00985	0.00844
26	0.03342	0.04264	0.02535	0.02305	0.02766	0.64967	0.01729	0.03572	0.02535	0.02190	0.01383	0.01613	0.01152	0.00922	0.00807	0.00230	0.01613	0.00576	0.00461	0.01037
27	0.01090	0.00779	0.01038	0.01246	0.01298	0.00727	0.00830	0.01246	0.01713	0.02284	0.04931	0.67975	0.05917	0.02803	0.01142	0.00363	0.00519	0.02543	0.00830	0.00727
28	0.74878	0.01730	0.01315	0.01177	0.01730	0.02007	0.00969	0.02630	0.01523	0.04014	0.01246	0.01453	0.00969	0.00830	0.00554	0.00277	0.00692	0.00484	0.00554	0.00969
29	0.01208	0.00973	0.01348	0.13760	0.02233	0.00997	0.01131	0.01474	0.01786	0.02303	0.05075	0.38590	0.17492	0.02523	0.04485	0.00394	0.00735	0.01975	0.00728	0.00788
30	0.03116	0.07587	0.02588	0.02173	0.02671	0.48715	0.01667	0.06386	0.11690	0.02589	0.01761	0.01896	0.01414	0.00965	0.00813	0.00241	0.01405	0.00649	0.00547	0.01125
31	0.74878	0.01730	0.01315	0.01177	0.01730	0.02007	0.00969	0.02630	0.01523	0.04014	0.01246	0.01453	0.00969	0.00830	0.00554	0.00277	0.00692	0.00484	0.00554	0.00969
32	0.01547	0.00977	0.01286	0.01173	0.01433	0.00892	0.00892	0.01961	0.02535	0.09721	0.56478	0.06311	0.07805	0.01755	0.01039	0.00281	0.00457	0.01545	0.00997	0.00913
33	0.01301	0.00867	0.00976	0.00976	0.00976	0.00867	0.00542	0.01301	0.01301	0.01735	0.02819	0.05855	0.03253	0.68559	0.04554	0.00867	0.00867	0.01301	0.00542	0.00542
34	0.01114	0.00789	0.01031	0.01215	0.01261	0.00743	0.00798	0.01252	0.01666	0.02222	0.04692	0.60953	0.05616	0.10236	0.01528	0.00420	0.00558	0.02403	0.00798	0.00706
35	0.01277	0.00857	0.00983	0.01006	0.01012	0.00851	0.00575	0.01295	0.01348	0.01797	0.03058	0.12877	0.03554	0.61125	0.04168	0.00810	0.00828	0.01441	0.00575	0.00563
36	0.01098	0.00908	0.00963	0.00949	0.01234	0.00773	0.00712	0.01363	0.02136	0.02647	0.19548	0.08232	0.51986	0.02180	0.01057	0.00298	0.00447	0.01835	0.00861	0.00773
37	0.01957	0.01957	0.02740	0.02349	0.02349	0.02740	0.01957	0.02153	0.01370	0.02153	0.01174	0.01957	0.01174	0.01566	0.02936	0.00391	0.66921	0.00783	0.00391	0.00979
38	0.74878	0.01730	0.01315	0.01177	0.01730	0.02007	0.00969	0.02630	0.01523	0.04014	0.01246	0.01453	0.00969	0.00830	0.00554	0.00277	0.00692	0.00484	0.00554	0.00969
39	0.74878	0.01730	0.01315	0.01177	0.01730	0.02007	0.00969	0.02630	0.01523	0.04014	0.01246	0.01453	0.00969	0.00830	0.00554	0.00277	0.00692	0.00484	0.00554	0.00969
40	0.02214	0.02126	0.03631	0.05491	0.62978	0.02126	0.02746	0.02746	0.02037	0.02923	0.01683	0.02214	0.01417	0.00797	0.00886	0.00266	0.01063	0.00797	0.00443	0.01417
41	0.01507	0.01166	0.01446	0.01450	0.04392	0.01183	0.01008	0.02298	0.14071	0.03342	0.40008	0.05696	0.06286	0.10489	0.01481	0.00363	0.00568	0.01416	0.00886	0.00945
42	0.02308	0.02497	0.07050	0.04983	0.53174	0.08739	0.02671	0.02838	0.02081	0.02840	0.01647	0.02132	0.01373	0.00813	0.00875	0.00263	0.01136	0.00766	0.00441	0.01372
43	0.03349	0.04065	0.02552	0.02277	0.02767	0.57937	0.01725	0.09950	0.02724	0.02579	0.01469	0.01674	0.01194	0.00939	0.00817	0.00235	0.01542	0.00602	0.00510	0.01092
44	0.02964	0.30060	0.03392	0.01997	0.02579	0.40526	0.01650	0.03217	0.02250	0.02156	0.01328	0.01542	0.01151	0.00860	0.00714	0.00215	0.01352	0.00537	0.00430	0.01081
45	0.01418	0.01071	0.01383	0.01580	0.07474	0.00979	0.01086	0.01742	0.02132	0.05614	0.16228	0.11256	0.30764	0.02061	0.01069	0.00317	0.00592	0.11521	0.00831	0.00883
46	0.01090	0.00779	0.01038	0.01246	0.01298	0.00727	0.00830	0.01246	0.01713	0.02284	0.04931	0.67975	0.05917	0.02803	0.01142	0.00363	0.00519	0.02543	0.00830	0.00727
47	0.03933	0.01653	0.02157	0.01654	0.02349	0.01508	0.01366	0.11723	0.02778	0.55927	0.03347	0.02926	0.02123	0.01103	0.00899	0.00276	0.00791	0.00887	0.01079	0.01522
48	0.10775	0.48899	0.03917	0.01606	0.02323	0.06837	0.01501	0.10310	0.02142	0.02793	0.01372	0.01542	0.01178	0.00823	0.00628	0.00213	0.00969	0.00528	0.00474	0.01171
49	0.02807	0.40769	0.03747	0.01869	0.02501	0.30379	0.01617	0.03069	0.02131	0.02142	0.01305	0.01513	0.01150	0.00834	0.00676	0.00208	0.01244	0.00521	0.00417	0.01100
50	0.02345	0.02012	0.02800	0.23691	0.18628	0.02262	0.02161	0.17364	0.13072	0.03546	0.02119	0.02453	0.01605	0.00973	0.00895	0.00284	0.01022	0.00837	0.00625	0.01306
51	0.01090	0.00779	0.01038	0.01246	0.01298	0.00727	0.00830	0.01246	0.01713	0.02284	0.04931	0.67975	0.05917	0.02803	0.01142	0.00363	0.00519	0.02543	0.00830	0.00727
52	0.01572	0.01164	0.01563	0.01467	0.01603	0.01426	0.01166	0.01892	0.01563	0.02503	0.02264	0.03073	0.01993	0.03608	0.28873	0.00782	0.17658	0.00875	0.24102	0.00854
53	0.04014	0.01523	0.02076	0.01592	0.02284	0.01315	0.01315	0.04360	0.02561	0.63597	0.03530	0.03045	0.02215	0.01107	0.00900	0.00277	0.00761	0.00900	0.01107	0.01523
54	0.01090	0.00779	0.01038	0.01246	0.01298	0.00727	0.00830	0.01246	0.01713	0.02284	0.04931	0.67975	0.05917	0.02803	0.01142	0.00363	0.00519	0.02543	0.00830	0.00727
55	0.03342	0.04264	0.02535	0.02305	0.02766	0.64967	0.01729	0.03572	0.02535	0.02190	0.01383	0.01613	0.01152	0.00922	0.00807	0.00230	0.01613	0.00576	0.00461	0.01037
56	0.01090	0.00779	0.01038	0.01246	0.01298	0.00727	0.00830	0.01246	0.01713	0.02284	0.04931	0.67975	0.05917	0.02803	0.01142	0.00363	0.00519	0.02543	0.00830	0.00727
57	0.03107	0.02476	0.02512	0.02016	0.02663	0.06689	0.01632	0.42706	0.18183	0.04947	0.02466	0.02406	0.01796	0.01099	0.00893	0.00275	0.00957	0.00841	0.00870	0.01464
58	0.01829	0.01711	0.02370	0.16589	0.17319	0.05745	0.01820	0.02280	0.02041	0.02803	0.16633	0.03334	0.03105	0.01459	0.04783	0.00336	0.05003	0.00963	0.00577	0.09304
59	0.01182	0.00915	0.01083	0.01118	0.01325	0.00839	0.00808	0.01548	0.04775	0.02780	0.23245	0.26237	0.26366	0.02256	0.01076	0.00315	0.00476	0.01972	0.00880	0.00803
60	0.03072	0.02300	0.02489	0.01929	0.02615	0.02480	0.01577	0.48484	0.06225	0.05099	0.02274	0.05152	0.01749	0.01112	0.00881	0.00259	0.00915	0.00862	0.00851	0.09677
61	0.01826	0.01244	0.01507	0.01369	0.01603	0.01322	0.00999	0.13147	0.02072	0.05762	0.06222	0.08606	0.03072	0.27186	0.19273	0.00804	0.01242	0.01195	0.00668	0.00882
62	0.01613	0.09782	0.10498	0.22626	0.03459	0.01816	0.01899	0.02113	0.01657	0.02248	0.01893	0.02686	0.01623	0.03342	0.28076	0.00767	0.01693	0.00809	0.00428	0.00973
63	0.15984	0.26308	0.02769	0.05195	0.02258	0.06348	0.01322	0.02916	0.01949	0.13616	0.01930	0.02075	0.01479	0.00897	0.00670	0.00234	0.00849	0.00632	0.11451	0.01119
64	0.15868	0.03308	0.12037	0.02433	0.09848	0.29891	0.01899	0.03136	0.02137	0.06253	0.01561	0.01827	0.01226	0.00978	0.00891	0.03216	0.01252	0.00626	0.00497	0.01117
65	0.14396	0.19626	0.02771	0.15723	0.03052	0.08547	0.01607	0.06644	0.09871	0.02989	0.01807	0.02072	0.01429	0.00915	0.00732	0.00254	0.00965	0.00671	0.04813	0.01115
66	0.02743	0.07226	0.18480	0.02355	0.05999	0.15844	0.02146	0.23591	0.02879	0.03662	0.01919	0.02390	0.01526	0.01033	0.00865	0.00268	0.01199	0.03964	0.00612	0.01299
67	0.02305	0.02463	0.06219	0.20422	0.10165	0.14588	0.04593	0.06817	0.12761	0.02941	0.02061	0.02404	0.01582	0.00959	0.00865	0.00273	0.01132	0.00797	0.05478	0.01175
68	0.06189	0.02592	0.08753	0.02110	0.02785	0.10453	0.08585	0.25090	0.02980	0.07059	0.07821	0.02607	0.02137	0.01054	0.00880	0.00267	0.01048	0.00860	0.05466	0.01264
69	0.21663	0.06012	0.01933	0.01539	0.02086	0.13134	0.01225	0.03135	0.13832	0.07087	0.02869	0.02860	0.08844	0.01090	0.00766	0.00256	0.00848	0.00805	0.00665	0.09350
70	0.02622	0.05740	0.02422	0.02279	0.09561	0.22314	0.01593	0.17849	0.02727	0.03230	0.03033	0.10246	0.09954	0.01331	0.00900	0.00267	0.01073	0.01055	0.00661	0.01144
71	0.05610	0.15342	0.02991	0.13357	0.09300	0.05279	0.05250	0.06086	0.09804	0.02746	0.01934	0.02576	0.01659	0.08594	0.01368	0.00339	0.05315	0.00809	0.00526	0.01117
72	0.07175	0.13399	0.14793	0.05919	0.06576	0.12802	0.01831	0.06042	0.02099	0.02932	0.01807	0.02121	0.01425	0.00902	0.00737	0.00242	0.01029	0.00668	0.16387	0.01113
73	0.02975	0.02419	0.02289	0.04948	0.06222	0.19263	0.01581	0.13213	0.06447	0.16424	0.02353	0.02498	0.01747	0.01598	0.07410	0.00379	0.01217	0.00792	0.04988	0.01237

[dist]
# distance from previous block
# <min> <max>
51	219

[block]
# block no. 5 follows, 19 sequences, length 6
# corresponding to MSA columns:
# 710-715
name=unknown_F
#
# <colnr> <probs for GDERKNQSTAVLIFYWHMCP>
#	G	D	E	R	K	N	Q	S	T	A	V	L	I	F	Y	W	H	M	C	P
0	0.05657	0.05515	0.01654	0.01328	0.01722	0.04278	0.01029	0.09917	0.02274	0.10940	0.05007	0.14975	0.22859	0.07319	0.01252	0.00340	0.00706	0.01449	0.00794	0.00986
1	0.34259	0.12442	0.02254	0.01634	0.02186	0.20093	0.01326	0.03186	0.09788	0.03179	0.01602	0.01746	0.01281	0.00898	0.00676	0.00255	0.00994	0.00579	0.00549	0.01074
2	0.06593	0.02366	0.02652	0.02461	0.10602	0.15950	0.07954	0.05875	0.02278	0.10606	0.06233	0.02407	0.01914	0.00961	0.00936	0.00246	0.04065	0.00782	0.00614	0.14504
3	0.11514	0.02471	0.07903	0.01705	0.02190	0.19438	0.01406	0.02827	0.05716	0.08537	0.02433	0.11660	0.02280	0.10154	0.01329	0.00348	0.01021	0.00998	0.00622	0.05448
4	0.01824	0.01470	0.01722	0.05854	0.08859	0.05803	0.01264	0.07608	0.02008	0.02791	0.03016	0.03829	0.08243	0.11479	0.14754	0.00584	0.01157	0.01003	0.15795	0.00937
5	0.01928	0.02339	0.11085	0.05929	0.02496	0.13284	0.01665	0.06362	0.02064	0.02588	0.03293	0.22177	0.08867	0.01701	0.01232	0.00313	0.09715	0.01364	0.00614	0.00983

[dist]
# distance from previous block
# <min> <max>
11	25

[block]
# block no. 6 follows, 19 sequences, length 7
# corresponding to MSA columns:
# 741-747
name=unknown_G
#
# <colnr> <probs for GDERKNQSTAVLIFYWHMCP>
#	G	D	E	R	K	N	Q	S	T	A	V	L	I	F	Y	W	H	M	C	P
0	0.02101	0.01833	0.02152	0.11049	0.02770	0.10629	0.06974	0.05931	0.05954	0.08678	0.08990	0.14057	0.12080	0.01527	0.00977	0.00295	0.00913	0.01327	0.00728	0.01038
1	0.11472	0.03264	0.02458	0.02077	0.02652	0.32627	0.01631	0.26333	0.03098	0.03794	0.01677	0.01812	0.01281	0.00973	0.00814	0.00251	0.01254	0.00659	0.00647	0.01226
2	0.02443	0.14897	0.02677	0.02128	0.08127	0.23185	0.01552	0.02768	0.02276	0.05552	0.17730	0.03079	0.03168	0.01174	0.00984	0.00253	0.05448	0.00886	0.00610	0.01063
3	0.01938	0.01775	0.01541	0.01518	0.01780	0.16050	0.01099	0.02346	0.07306	0.06645	0.06881	0.30452	0.09724	0.05269	0.01183	0.00336	0.00817	0.01663	0.00762	0.00915
4	0.02326	0.01254	0.01546	0.01352	0.01772	0.01162	0.01052	0.06006	0.05878	0.24109	0.13572	0.15256	0.17485	0.01754	0.00998	0.00298	0.00612	0.01496	0.00958	0.01114
5	0.03052	0.03646	0.07922	0.02761	0.11953	0.38629	0.02010	0.13844	0.02715	0.02994	0.01589	0.01826	0.01259	0.00925	0.00839	0.00247	0.01389	0.00659	0.00532	0.01208
6	0.02240	0.14695	0.04031	0.08115	0.25992	0.06373	0.16095	0.02743	0.01984	0.02617	0.01573	0.02075	0.01305	0.00847	0.01002	0.00269	0.05598	0.00785	0.00429	0.01235

[dist]
# distance from previous block
# <min> <max>
3	7

[block]
# block no. 7 follows, 19 sequences, length 12
# corresponding to MSA columns:
# 755-766
name=unknown_H
#
# <colnr> <probs for GDERKNQSTAVLIFYWHMCP>
#	G	D	E	R	K	N	Q	S	T	A	V	L	I	F	Y	W	H	M	C	P
0	0.02265	0.02674	0.13707	0.07678	0.02708	0.17907	0.01741	0.08625	0.02145	0.02705	0.01889	0.04998	0.01604	0.01441	0.01349	0.14628	0.01103	0.00789	0.09067	0.00976
1	0.02606	0.01818	0.01990	0.01647	0.02153	0.01990	0.01323	0.28983	0.12677	0.07057	0.05325	0.02944	0.02278	0.01557	0.05758	0.00352	0.00891	0.00897	0.16482	0.01271
2	0.02882	0.09252	0.02461	0.01712	0.02313	0.02397	0.01428	0.40127	0.03398	0.04714	0.02234	0.02353	0.01664	0.01033	0.00797	0.00246	0.00847	0.00777	0.18048	0.01319
3	0.02891	0.02092	0.02339	0.01888	0.02473	0.02319	0.01536	0.39522	0.10306	0.07742	0.02442	0.02594	0.01835	0.02164	0.13088	0.00495	0.01209	0.00864	0.00829	0.01372
4	0.03095	0.02909	0.14328	0.02152	0.02983	0.02642	0.02006	0.49127	0.03766	0.05105	0.02045	0.02099	0.01448	0.01031	0.00886	0.00271	0.01049	0.00778	0.00797	0.01484
5	0.03401	0.02506	0.02685	0.02058	0.02774	0.02774	0.01700	0.59995	0.04206	0.05638	0.02148	0.02148	0.01521	0.01074	0.00895	0.00268	0.00984	0.00805	0.00895	0.01521
6	0.01547	0.06407	0.01961	0.01626	0.01797	0.01672	0.01320	0.01840	0.01476	0.02169	0.02049	0.02976	0.01905	0.04710	0.41664	0.01024	0.17460	0.00873	0.04655	0.00870
7	0.01393	0.01060	0.01313	0.01371	0.01569	0.01077	0.01017	0.02098	0.13306	0.02944	0.19512	0.33081	0.05872	0.02211	0.01087	0.00337	0.00566	0.08403	0.00885	0.00899
8	0.05450	0.10700	0.06637	0.01385	0.01852	0.01752	0.01227	0.13165	0.02218	0.03379	0.02302	0.02792	0.01879	0.04747	0.08425	0.00401	0.00933	0.00787	0.28937	0.01033
9	0.03390	0.02840	0.02656	0.02105	0.02773	0.14599	0.01706	0.49267	0.03889	0.04983	0.02002	0.02046	0.01451	0.01045	0.00878	0.00261	0.01104	0.00762	0.00812	0.01429
10	0.03172	0.02431	0.02214	0.01885	0.02454	0.18143	0.01481	0.07743	0.23404	0.23049	0.02930	0.02724	0.02080	0.01095	0.00879	0.00274	0.00976	0.00850	0.00858	0.01360
11	0.03375	0.03294	0.02618	0.02169	0.02771	0.30639	0.01713	0.34716	0.03458	0.04093	0.01805	0.01908	0.01356	0.01006	0.00855	0.00251	0.01266	0.00703	0.00701	0.01304

[dist]
# distance from previous block
# <min> <max>
8	19

[block]
# block no. 8 follows, 19 sequences, length 6
# corresponding to MSA columns:
# 786-791
name=unknown_I
#
# <colnr> <probs for GDERKNQSTAVLIFYWHMCP>
#	G	D	E	R	K	N	Q	S	T	A	V	L	I	F	Y	W	H	M	C	P
0	0.02879	0.02189	0.02375	0.01951	0.02555	0.02435	0.01599	0.39372	0.18368	0.04819	0.02823	0.03363	0.02244	0.01270	0.00938	0.00294	0.00896	0.07324	0.00891	0.01415
1	0.03059	0.02441	0.08675	0.01976	0.02682	0.02341	0.01734	0.42396	0.03543	0.10894	0.02524	0.09086	0.02011	0.01235	0.00917	0.00281	0.00948	0.00982	0.00857	0.01418
2	0.03401	0.02506	0.02685	0.02058	0.02774	0.02774	0.01700	0.59995	0.04206	0.05638	0.02148	0.02148	0.01521	0.01074	0.00895	0.00268	0.00984	0.00805	0.00895	0.01521
3	0.02940	0.15828	0.02887	0.01829	0.02484	0.02691	0.01556	0.40625	0.03382	0.04531	0.02032	0.02173	0.01544	0.01383	0.05067	0.00326	0.01035	0.00751	0.05583	0.01352
4	0.02941	0.03198	0.15037	0.02179	0.02949	0.13972	0.02002	0.32268	0.09397	0.04238	0.02053	0.02122	0.01501	0.01015	0.00871	0.00268	0.01139	0.00756	0.00712	0.01381
5	0.02976	0.02188	0.02382	0.01909	0.02503	0.02398	0.01540	0.49183	0.03747	0.05021	0.02660	0.14262	0.02330	0.01392	0.00940	0.00286	0.00899	0.01125	0.00883	0.01375

[dist]
# distance from previous block
# <min> <max>
3	19

[block]
# block no. 9 follows, 19 sequences, length 9
# corresponding to MSA columns:
# 811-819
name=unknown_J
#
# <colnr> <probs for GDERKNQSTAVLIFYWHMCP>
#	G	D	E	R	K	N	Q	S	T	A	V	L	I	F	Y	W	H	M	C	P
0	0.01973	0.11906	0.07546	0.38972	0.04677	0.07669	0.02279	0.02477	0.01813	0.02276	0.01473	0.02092	0.01176	0.00956	0.01085	0.00287	0.09182	0.00719	0.00399	0.01043
1	0.02687	0.02061	0.02223	0.01739	0.02393	0.02150	0.01413	0.36609	0.07980	0.04526	0.03170	0.03128	0.10465	0.01184	0.00878	0.00251	0.00827	0.00929	0.00821	0.14567
2	0.02746	0.02687	0.02411	0.05291	0.05360	0.21088	0.01599	0.18138	0.06325	0.03437	0.01805	0.01992	0.01408	0.00901	0.00804	0.00223	0.01083	0.00671	0.00619	0.21412
3	0.01286	0.00952	0.01232	0.01276	0.01364	0.01008	0.00911	0.01456	0.01559	0.02101	0.03776	0.19745	0.08158	0.25643	0.15004	0.00748	0.05091	0.07347	0.00636	0.00706
4	0.01304	0.00910	0.01329	0.01346	0.01462	0.01016	0.01000	0.01482	0.01411	0.01992	0.02522	0.09062	0.02528	0.10592	0.46002	0.11850	0.01884	0.01093	0.00501	0.00713
5	0.01793	0.01781	0.02039	0.17356	0.02892	0.10870	0.01579	0.02074	0.01734	0.02168	0.02737	0.08554	0.08333	0.10681	0.06762	0.00477	0.15693	0.01092	0.00510	0.00876
6	0.02852	0.02659	0.02654	0.02628	0.12179	0.17471	0.01830	0.18497	0.13856	0.06131	0.02128	0.02272	0.01637	0.01073	0.01089	0.00279	0.07985	0.00789	0.00678	0.01312
7	0.08472	0.02597	0.09298	0.14549	0.25078	0.10442	0.02324	0.11098	0.02316	0.03192	0.01650	0.02058	0.01291	0.00879	0.00847	0.00270	0.01143	0.00729	0.00506	0.01261
8	0.02332	0.25389	0.20082	0.01906	0.02730	0.09103	0.01969	0.12053	0.02331	0.02932	0.02441	0.02554	0.08552	0.01035	0.00785	0.00247	0.01071	0.00761	0.00527	0.01199

[dist]
# distance from previous block
# <min> <max>
2	57

[block]
# block no. 10 follows, 19 sequences, length 16
# corresponding to MSA columns:
# 877-892
name=unknown_K
#
# <colnr> <probs for GDERKNQSTAVLIFYWHMCP>
#	G	D	E	R	K	N	Q	S	T	A	V	L	I	F	Y	W	H	M	C	P
0	0.11346	0.25703	0.14579	0.01903	0.02594	0.17091	0.01843	0.02815	0.01911	0.02498	0.01405	0.01713	0.01187	0.01210	0.04453	0.00311	0.05324	0.00582	0.00427	0.01103
1	0.02460	0.25590	0.09758	0.09978	0.03083	0.21095	0.01953	0.02835	0.01969	0.02235	0.01356	0.01725	0.01157	0.00948	0.01042	0.00254	0.10454	0.00608	0.00408	0.01091
2	0.02126	0.16962	0.02418	0.08176	0.02367	0.11382	0.01375	0.05732	0.04334	0.02674	0.02056	0.02521	0.01714	0.02084	0.13514	0.00469	0.01235	0.00741	0.17114	0.01006
