[name]
unknown

[dist]
# distance from previous block
# <min> <max>
2	50

[block]
# block no. 0 follows, 22 sequences, length 6
# corresponding to MSA columns:
# 50-55
name=unknown_A
#
# <colnr> <probs for GDERKNQSTAVLIFYWHMCP>
#	G	D	E	R	K	N	Q	S	T	A	V	L	I	F	Y	W	H	M	C	P
0	0.08497	0.08113	0.01954	0.01573	0.01955	0.23324	0.01202	0.02737	0.12506	0.02390	0.02053	0.05578	0.01880	0.11366	0.07018	0.00408	0.01100	0.00796	0.00532	0.05017
1	0.01641	0.01499	0.01358	0.01360	0.01549	0.13395	0.00998	0.05184	0.01848	0.02222	0.03571	0.18340	0.08796	0.20897	0.01873	0.00442	0.00836	0.12810	0.00635	0.00743
2	0.02451	0.17750	0.03214	0.02018	0.02671	0.02449	0.13362	0.27270	0.08010	0.03679	0.07231	0.02345	0.01946	0.00945	0.00807	0.00243	0.00937	0.00805	0.00652	0.01216
3	0.02945	0.02221	0.02373	0.01868	0.02495	0.02477	0.01527	0.51449	0.15656	0.04892	0.02265	0.02210	0.01632	0.01023	0.00834	0.00256	0.00864	0.00785	0.00834	0.01394
4	0.02373	0.02086	0.02056	0.01773	0.02057	0.16018	0.01420	0.09329	0.04730	0.08486	0.01858	0.02174	0.01482	0.01124	0.01403	0.00271	0.23971	0.00717	0.15658	0.01013
5	0.02650	0.23795	0.02943	0.01731	0.02356	0.06899	0.01480	0.28807	0.14866	0.03664	0.01958	0.01972	0.01502	0.00924	0.00736	0.00231	0.00894	0.00677	0.00660	0.01257

[dist]
# distance from previous block
# <min> <max>
5	20

[block]
# block no. 1 follows, 22 sequences, length 114
# corresponding to MSA columns:
# 76-189
name=unknown_B
#
# <colnr> <probs for GDERKNQSTAVLIFYWHMCP>
#	G	D	E	R	K	N	Q	S	T	A	V	L	I	F	Y	W	H	M	C	P
0	0.01989	0.07276	0.02256	0.18947	0.05607	0.01946	0.01608	0.15706	0.13852	0.03115	0.03030	0.03642	0.09388	0.01204	0.00858	0.00273	0.00844	0.06724	0.00646	0.01089
1	0.02225	0.37303	0.06114	0.01912	0.05163	0.14749	0.03985	0.02524	0.01788	0.02080	0.01597	0.01857	0.04400	0.00913	0.00932	0.00225	0.10201	0.00608	0.00396	0.01027
2	0.04904	0.14961	0.18712	0.11938	0.02944	0.07289	0.01903	0.05422	0.01812	0.02430	0.01745	0.02493	0.01504	0.01841	0.12336	0.00439	0.01272	0.04609	0.00436	0.01012
3	0.02029	0.39308	0.22413	0.01750	0.02572	0.02671	0.01893	0.02864	0.12539	0.02420	0.01641	0.01764	0.01317	0.00806	0.00663	0.00221	0.00949	0.00581	0.00439	0.01157
4	0.06221	0.02951	0.26492	0.02008	0.02848	0.02218	0.02066	0.28150	0.12093	0.03908	0.01971	0.02038	0.01421	0.00927	0.00801	0.00260	0.00980	0.00711	0.00636	0.01302
5	0.02499	0.23363	0.02800	0.01807	0.02259	0.35725	0.01473	0.02740	0.01958	0.01993	0.01381	0.01730	0.01222	0.01652	0.10886	0.00379	0.04200	0.00570	0.00406	0.00958
6	0.01262	0.01020	0.01145	0.01095	0.01376	0.00988	0.00838	0.01932	0.13337	0.02866	0.27694	0.06520	0.30950	0.01789	0.00963	0.00278	0.00467	0.03800	0.00836	0.00845
7	0.02323	0.02498	0.02452	0.02821	0.21014	0.26107	0.01769	0.02641	0.01928	0.02391	0.01548	0.01964	0.01307	0.00947	0.01104	0.00248	0.13463	0.00667	0.11778	0.01030
8	0.02095	0.02153	0.03001	0.20319	0.41333	0.11870	0.02347	0.02561	0.01905	0.02465	0.01499	0.02011	0.01227	0.00780	0.00813	0.00249	0.01094	0.00709	0.00403	0.01166
9	0.01058	0.00837	0.00952	0.00940	0.01173	0.00731	0.00699	0.01333	0.02048	0.02650	0.29798	0.11469	0.39398	0.01983	0.00986	0.00277	0.00414	0.01698	0.00826	0.00731
10	0.02863	0.03503	0.02588	0.02820	0.17045	0.52432	0.01822	0.03141	0.02248	0.02189	0.01348	0.01626	0.01127	0.00829	0.00766	0.00222	0.01381	0.00582	0.00424	0.01044
11	0.01886	0.03648	0.48937	0.02595	0.06001	0.01906	0.12824	0.02740	0.01841	0.07434	0.01660	0.01928	0.01173	0.00791	0.00826	0.00265	0.01208	0.00696	0.00416	0.01227
12	0.01188	0.00883	0.01300	0.01300	0.01437	0.01020	0.00995	0.01461	0.01325	0.01903	0.02257	0.03440	0.02153	0.11467	0.62380	0.01292	0.02110	0.00916	0.00450	0.00722
13	0.00982	0.00842	0.00842	0.00842	0.01122	0.00701	0.00631	0.01192	0.01894	0.02244	0.08416	0.07995	0.65285	0.02104	0.00982	0.00281	0.00421	0.01753	0.00771	0.00701
14	0.01794	0.19681	0.52232	0.02151	0.03260	0.02241	0.02691	0.02598	0.01739	0.02476	0.01414	0.01657	0.01056	0.00771	0.00730	0.00243	0.01150	0.00575	0.00352	0.01191
15	0.02056	0.01974	0.03372	0.05099	0.65622	0.01974	0.02550	0.02550	0.01892	0.02714	0.01563	0.02056	0.01316	0.00740	0.00822	0.00247	0.00987	0.00740	0.00411	0.01316
16	0.01005	0.00750	0.00936	0.01084	0.01186	0.00681	0.00739	0.01165	0.01660	0.02149	0.05460	0.55966	0.19222	0.02488	0.01042	0.00324	0.00468	0.02222	0.00771	0.00681
17	0.02128	0.55351	0.03938	0.01596	0.02143	0.03117	0.01512	0.02375	0.01593	0.01965	0.01140	0.01444	0.01072	0.00881	0.01037	0.00220	0.16592	0.00509	0.00357	0.01030
18	0.01176	0.00911	0.01100	0.01198	0.01398	0.00870	0.00929	0.01578	0.06503	0.02370	0.05737	0.26476	0.25332	0.02233	0.01043	0.00327	0.00556	0.18730	0.00775	0.00758
19	0.01012	0.00723	0.00964	0.01157	0.01205	0.00675	0.00771	0.01157	0.01591	0.02121	0.04579	0.70262	0.05495	0.02603	0.01060	0.00337	0.00482	0.02362	0.00771	0.00675
20	0.02573	0.15032	0.02735	0.18412	0.03268	0.40195	0.01746	0.02880	0.02068	0.02042	0.01309	0.01646	0.01079	0.00825	0.00732	0.00223	0.01296	0.00569	0.00401	0.00971
21	0.03103	0.03959	0.02354	0.02140	0.02568	0.67469	0.01605	0.03317	0.02354	0.02033	0.01284	0.01498	0.01070	0.00856	0.00749	0.00214	0.01498	0.00535	0.00428	0.00963
22	0.02795	0.03260	0.02666	0.03005	0.21328	0.43653	0.01884	0.07062	0.02320	0.02449	0.01414	0.01697	0.01166	0.00831	0.00776	0.00226	0.01307	0.00610	0.00450	0.01098
23	0.01260	0.00827	0.01095	0.01124	0.01258	0.00895	0.00834	0.01537	0.01475	0.02251	0.02740	0.13446	0.02675	0.09088	0.34620	0.00836	0.01358	0.01104	0.20856	0.00723
24	0.02520	0.41162	0.07739	0.01759	0.02396	0.27661	0.01601	0.02813	0.01946	0.02030	0.01227	0.01424	0.01067	0.00771	0.00632	0.00197	0.01143	0.00490	0.00383	0.01038
25	0.01022	0.00756	0.00959	0.01116	0.01214	0.00693	0.00772	0.01189	0.01661	0.02160	0.05274	0.56030	0.16421	0.02497	0.01050	0.00329	0.00484	0.04920	0.00771	0.00684
26	0.02050	0.01992	0.03474	0.04992	0.61532	0.01982	0.06558	0.02557	0.01896	0.02711	0.01571	0.02068	0.01312	0.00738	0.00833	0.00249	0.01015	0.00756	0.00412	0.01303
27	0.00986	0.00824	0.00860	0.00889	0.01135	0.00697	0.00652	0.01187	0.01848	0.02225	0.07834	0.17433	0.56222	0.02180	0.00994	0.00289	0.00430	0.01845	0.00771	0.00697
28	0.01940	0.01918	0.05657	0.17114	0.29632	0.01975	0.02122	0.03071	0.22066	0.02835	0.02133	0.02414	0.01657	0.00887	0.00830	0.00265	0.00916	0.00799	0.00541	0.01230
29	0.01073	0.00784	0.00975	0.01103	0.01203	0.00731	0.00769	0.01235	0.01624	0.02107	0.04964	0.42140	0.15998	0.12814	0.01536	0.00403	0.00552	0.08594	0.00730	0.00664
30	0.03112	0.03712	0.02375	0.02106	0.02569	0.57633	0.01601	0.12341	0.02589	0.02519	0.01392	0.01573	0.01122	0.00877	0.00761	0.00219	0.01410	0.00567	0.00489	0.01031
31	0.01896	0.02631	0.18654	0.06138	0.16054	0.02027	0.34953	0.02611	0.01888	0.02643	0.01606	0.02092	0.01217	0.00734	0.00900	0.00270	0.01269	0.00840	0.00400	0.01175
32	0.01961	0.02241	0.04902	0.03501	0.04342	0.02101	0.62605	0.02661	0.01961	0.02661	0.01681	0.02241	0.01261	0.00700	0.00980	0.00280	0.01401	0.00980	0.00420	0.01120
33	0.02113	0.02163	0.03060	0.16774	0.45248	0.11298	0.02369	0.02578	0.01914	0.02505	0.01507	0.02007	0.01241	0.00774	0.00814	0.00248	0.01083	0.00711	0.00406	0.01191
34	0.01666	0.04297	0.66500	0.02368	0.03596	0.01929	0.03069	0.02631	0.01754	0.02631	0.01491	0.01754	0.01052	0.00789	0.00789	0.00263	0.01228	0.00614	0.00351	0.01228
35	0.02136	0.02148	0.03363	0.04782	0.57546	0.07291	0.05377	0.02617	0.01932	0.02656	0.01546	0.02020	0.01293	0.00748	0.00824	0.00246	0.01048	0.00735	0.00413	0.01278
36	0.01666	0.04297	0.66500	0.02368	0.03596	0.01929	0.03069	0.02631	0.01754	0.02631	0.01491	0.01754	0.01052	0.00789	0.00789	0.00263	0.01228	0.00614	0.00351	0.01228
37	0.03103	0.03959	0.02354	0.02140	0.02568	0.67469	0.01605	0.03317	0.02354	0.02033	0.01284	0.01498	0.01070	0.00856	0.00749	0.00214	0.01498	0.00535	0.00428	0.00963
38	0.01128	0.00794	0.00969	0.01021	0.01084	0.00776	0.00657	0.01241	0.01471	0.01966	0.08330	0.24799	0.08785	0.34833	0.07926	0.00628	0.00764	0.01589	0.00630	0.00610
39	0.01126	0.00842	0.01045	0.01005	0.01213	0.00761	0.00749	0.01468	0.02219	0.03041	0.50116	0.09218	0.20487	0.01825	0.00984	0.00269	0.00402	0.01593	0.00877	0.00761
40	0.02823	0.03261	0.02459	0.02271	0.05751	0.44074	0.01689	0.10608	0.02332	0.02469	0.01354	0.01648	0.01130	0.00976	0.01122	0.00247	0.13683	0.00607	0.00467	0.01029
41	0.03036	0.09088	0.02506	0.02085	0.02535	0.62582	0.01591	0.03254	0.02303	0.02027	0.01274	0.01486	0.01070	0.00845	0.00733	0.00211	0.01452	0.00528	0.00423	0.00971
42	0.01565	0.01038	0.01161	0.01075	0.01405	0.00940	0.00820	0.07203	0.02098	0.11351	0.06537	0.16171	0.41647	0.01930	0.00960	0.00283	0.00515	0.01627	0.00812	0.00861
43	0.02094	0.55920	0.18622	0.01639	0.02468	0.02975	0.01800	0.02520	0.01703	0.02110	0.01232	0.01429	0.01063	0.00729	0.00592	0.00197	0.00966	0.00483	0.00354	0.01103
44	0.02471	0.17957	0.02557	0.01798	0.02224	0.38205	0.01435	0.02715	0.01975	0.01992	0.01472	0.01867	0.01300	0.02058	0.16030	0.00463	0.01532	0.00597	0.00416	0.00935
45	0.00986	0.00824	0.00860	0.00889	0.01135	0.00697	0.00652	0.01187	0.01848	0.02225	0.07834	0.17433	0.56222	0.02180	0.00994	0.00289	0.00430	0.01845	0.00771	0.00697
46	0.03103	0.03959	0.02354	0.02140	0.02568	0.67469	0.01605	0.03317	0.02354	0.02033	0.01284	0.01498	0.01070	0.00856	0.00749	0.00214	0.01498	0.00535	0.00428	0.00963
47	0.01188	0.00946	0.01091	0.01116	0.01370	0.00889	0.00881	0.01647	0.07326	0.02566	0.15516	0.10019	0.34964	0.02021	0.01011	0.00303	0.00518	0.15049	0.00798	0.00780
48	0.01377	0.01222	0.02212	0.01868	0.02186	0.01300	0.16180	0.01773	0.01489	0.02109	0.02091	0.03012	0.01876	0.04870	0.51150	0.01076	0.02022	0.00912	0.00439	0.00835
49	0.01084	0.00861	0.00983	0.00996	0.01242	0.00760	0.00776	0.01365	0.02009	0.02548	0.21768	0.07763	0.41986	0.02033	0.01006	0.00291	0.00466	0.10525	0.00806	0.00731
50	0.02024	0.01941	0.03313	0.09351	0.61624	0.01965	0.02533	0.02521	0.01876	0.02675	0.01557	0.02067	0.01302	0.00746	0.00823	0.00249	0.00995	0.00740	0.00408	0.01290
51	0.02056	0.01974	0.03372	0.05099	0.65622	0.01974	0.02550	0.02550	0.01892	0.02714	0.01563	0.02056	0.01316	0.00740	0.00822	0.00247	0.00987	0.00740	0.00411	0.01316
52	0.01818	0.01818	0.02545	0.02181	0.02181	0.02545	0.01818	0.01999	0.01272	0.01999	0.01091	0.01818	0.01091	0.01454	0.02726	0.00364	0.69284	0.00727	0.00364	0.00909
53	0.01453	0.12580	0.21896	0.01617	0.02172	0.01511	0.01673	0.01917	0.01732	0.02326	0.03325	0.23810	0.07310	0.01666	0.00906	0.00294	0.00820	0.11492	0.00576	0.00923
54	0.01862	0.01356	0.01591	0.01495	0.01795	0.01426	0.01158	0.24248	0.02503	0.03338	0.03588	0.35576	0.03864	0.01957	0.00988	0.00311	0.00686	0.10501	0.00793	0.00964
55	0.01208	0.00805	0.00906	0.00906	0.00906	0.00805	0.00503	0.01208	0.01208	0.01611	0.02618	0.05436	0.03020	0.70804	0.04228	0.00805	0.00805	0.01208	0.00503	0.00503
56	0.02056	0.01974	0.03372	0.05099	0.65622	0.01974	0.02550	0.02550	0.01892	0.02714	0.01563	0.02056	0.01316	0.00740	0.00822	0.00247	0.00987	0.00740	0.00411	0.01316
57	0.05120	0.02081	0.03436	0.07420	0.47250	0.05361	0.12013	0.02583	0.01897	0.02685	0.01547	0.02035	0.01268	0.00745	0.00832	0.00252	0.01071	0.00756	0.00416	0.01232
58	0.01986	0.01902	0.03245	0.14258	0.57011	0.01955	0.02515	0.02488	0.01858	0.02629	0.01550	0.02079	0.01286	0.00753	0.00824	0.00251	0.01004	0.00740	0.00405	0.01259
59	0.01005	0.00752	0.00934	0.01079	0.01185	0.00681	0.00737	0.01165	0.01665	0.02151	0.05522	0.54948	0.20199	0.02480	0.01041	0.00323	0.00467	0.02212	0.00771	0.00681
60	0.02829	0.08447	0.12216	0.02119	0.02695	0.50939	0.01814	0.05279	0.02274	0.02233	0.01332	0.01544	0.01079	0.00841	0.00744	0.00220	0.01396	0.00549	0.00426	0.01026
61	0.05761	0.22997	0.19455	0.15253	0.16296	0.02322	0.02216	0.02465	0.01728	0.02407	0.01386	0.01759	0.01114	0.00763	0.00714	0.00237	0.01024	0.00605	0.00377	0.01123
62	0.00997	0.00842	0.00862	0.00857	0.01131	0.00708	0.00643	0.01221	0.01928	0.02327	0.12739	0.07859	0.60910	0.02073	0.00982	0.00279	0.00419	0.01734	0.00782	0.00708
63	0.02663	0.03255	0.02120	0.01955	0.02319	0.52217	0.01475	0.02896	0.02120	0.02009	0.01500	0.01903	0.01301	0.02090	0.16077	0.00471	0.01665	0.00617	0.00432	0.00912
64	0.02695	0.03107	0.02759	0.03289	0.27273	0.38862	0.01974	0.05719	0.02243	0.02445	0.01425	0.01739	0.01182	0.00817	0.00782	0.00228	0.01271	0.00625	0.00440	0.01122
65	0.02387	0.01772	0.01907	0.01566	0.01994	0.01949	0.01205	0.34842	0.12195	0.03843	0.02398	0.03231	0.02082	0.22705	0.01889	0.00427	0.00841	0.00920	0.00731	0.01115
66	0.01105	0.00762	0.00937	0.01038	0.01064	0.00737	0.00645	0.01181	0.01410	0.01880	0.03651	0.39606	0.04324	0.34855	0.02558	0.00559	0.00635	0.01816	0.00645	0.00594
67	0.01900	0.02047	0.08034	0.20440	0.41545	0.01949	0.07102	0.02459	0.01830	0.02558	0.01545	0.02086	0.01241	0.00763	0.00834	0.00258	0.01066	0.00748	0.00397	0.01198
68	0.01940	0.02665	0.22153	0.04287	0.47169	0.01961	0.02704	0.02574	0.01851	0.02689	0.01541	0.01966	0.01237	0.00755	0.00813	0.00252	0.01059	0.00703	0.00393	0.01290
69	0.02308	0.02451	0.03127	0.04388	0.50475	0.17708	0.02323	0.02734	0.02003	0.02550	0.01496	0.01922	0.01257	0.00768	0.00805	0.00239	0.01110	0.00691	0.00415	0.01231
70	0.02162	0.01366	0.01429	0.01208	0.01581	0.01461	0.00961	0.25155	0.02567	0.03912	0.02437	0.02677	0.01856	0.00979	0.00676	0.00215	0.00588	0.00764	0.46986	0.01018
71	0.02945	0.03658	0.02508	0.02589	0.12126	0.57542	0.01748	0.03201	0.02284	0.02136	0.01326	0.01583	0.01107	0.00839	0.00760	0.00219	0.01421	0.00566	0.00425	0.01017
72	0.01187	0.00890	0.01335	0.01335	0.01483	0.01038	0.01038	0.01483	0.01335	0.01928	0.02225	0.03264	0.02077	0.06231	0.67512	0.01335	0.02225	0.00890	0.00445	0.00742
73	0.02307	0.57436	0.08222	0.01585	0.02291	0.12151	0.01557	0.02613	0.01785	0.02011	0.01195	0.01384	0.01066	0.00736	0.00580	0.00188	0.00996	0.00468	0.00365	0.01063
74	0.03346	0.01499	0.01917	0.01527	0.02130	0.01415	0.01243	0.04133	0.16554	0.51797	0.03301	0.02890	0.02167	0.01051	0.00838	0.00263	0.00696	0.00859	0.00986	0.01391
75	0.01208	0.00805	0.00906	0.00906	0.00906	0.00805	0.00503	0.01208	0.01208	0.01611	0.02618	0.05436	0.03020	0.70804	0.04228	0.00805	0.00805	0.01208	0.00503	0.00503
76	0.02815	0.02779	0.17189	0.02016	0.02810	0.02428	0.01921	0.49026	0.03412	0.04638	0.01879	0.01939	0.01330	0.00950	0.00821	0.00252	0.00986	0.00717	0.00721	0.01370
77	0.01925	0.01950	0.03463	0.10929	0.29504	0.02122	0.17125	0.02404	0.01741	0.02473	0.01474	0.02064	0.01228	0.00904	0.01299	0.00285	0.16782	0.00796	0.00398	0.01132
78	0.01070	0.00870	0.00964	0.01011	0.01269	0.00764	0.00805	0.01322	0.01898	0.02304	0.07428	0.08333	0.50405	0.02151	0.01023	0.00306	0.00505	0.16086	0.00770	0.00717
79	0.01666	0.04297	0.66500	0.02368	0.03596	0.01929	0.03069	0.02631	0.01754	0.02631	0.01491	0.01754	0.01052	0.00789	0.00789	0.00263	0.01228	0.00614	0.00351	0.01228
80	0.02125	0.02136	0.02853	0.26283	0.31086	0.12170	0.02255	0.06508	0.02018	0.02572	0.01518	0.02020	0.01212	0.00806	0.00814	0.00252	0.01103	0.00708	0.00427	0.01133
81	0.01128	0.00847	0.01044	0.00995	0.01212	0.00764	0.00746	0.01475	0.02239	0.03064	0.51222	0.06646	0.21967	0.01798	0.00980	0.00266	0.00399	0.01564	0.00879	0.00764
82	0.01187	0.00890	0.01335	0.01335	0.01483	0.01038	0.01038	0.01483	0.01335	0.01928	0.02225	0.03264	0.02077	0.06231	0.67512	0.01335	0.02225	0.00890	0.00445	0.00742
83	0.01985	0.01883	0.03189	0.04770	0.60401	0.01877	0.02406	0.02470	0.01929	0.02764	0.06722	0.02393	0.01845	0.00818	0.00835	0.00248	0.00939	0.00802	0.00452	0.01273
84	0.02022	0.01746	0.01836	0.01656	0.02118	0.02010	0.01287	0.04282	0.61561	0.03425	0.03588	0.03301	0.05118	0.01167	0.00851	0.00282	0.00648	0.00973	0.00842	0.01290
85	0.01034	0.00844	0.00914	0.00897	0.01154	0.00724	0.00673	0.01294	0.02018	0.02539	0.23803	0.07510	0.49714	0.01994	0.00981	0.00275	0.00413	0.01685	0.00810	0.00724
86	0.02993	0.02245	0.02400	0.01878	0.02513	0.02499	0.01539	0.53994	0.13033	0.04969	0.02205	0.02162	0.01583	0.01017	0.00833	0.00254	0.00875	0.00777	0.00833	0.01398
87	0.02977	0.06874	0.02458	0.02110	0.02523	0.60222	0.01611	0.03192	0.02252	0.02027	0.01265	0.01512	0.01071	0.00889	0.00871	0.00222	0.05995	0.00544	0.00420	0.00964
88	0.01040	0.00844	0.00922	0.00902	0.01158	0.00726	0.00677	0.01304	0.02030	0.02568	0.25305	0.07463	0.48194	0.01983	0.00981	0.00275	0.00412	0.01679	0.00814	0.00726
89	0.03103	0.03959	0.02354	0.02140	0.02568	0.67469	0.01605	0.03317	0.02354	0.02033	0.01284	0.01498	0.01070	0.00856	0.00749	0.00214	0.01498	0.00535	0.00428	0.00963
90	0.02881	0.02073	0.02296	0.01807	0.02393	0.02290	0.01483	0.51252	0.03457	0.07116	0.02080	0.02219	0.01539	0.01792	0.10939	0.00414	0.01105	0.00773	0.00780	0.01311
91	0.03158	0.02327	0.02493	0.01911	0.02576	0.02576	0.01579	0.62852	0.03906	0.05236	0.01995	0.01995	0.01413	0.00997	0.00831	0.00249	0.00914	0.00748	0.00831	0.01413
92	0.01187	0.00890	0.01335	0.01335	0.01483	0.01038	0.01038	0.01483	0.01335	0.01928	0.02225	0.03264	0.02077	0.06231	0.67512	0.01335	0.02225	0.00890	0.00445	0.00742
93	0.01711	0.03985	0.57163	0.02540	0.03709	0.01955	0.12094	0.02635	0.01785	0.02635	0.01520	0.01828	0.01084	0.00776	0.00818	0.00266	0.01254	0.00669	0.00361	0.01211
94	0.01171	0.00824	0.01071	0.01100	0.01162	0.00870	0.00739	0.01301	0.01312	0.01804	0.02772	0.14471	0.03052	0.36945	0.26799	0.00927	0.01274	0.01267	0.00523	0.00616
95	0.01192	0.01000	0.01055	0.01014	0.01313	0.00941	0.00768	0.01786	0.12325	0.02614	0.16182	0.06909	0.46128	0.01880	0.00959	0.00278	0.00456	0.01580	0.00805	0.00816
96	0.02026	0.01604	0.01720	0.01501	0.01940	0.01734	0.01186	0.21410	0.22618	0.03572	0.04336	0.09346	0.18123	0.01490	0.00904	0.00280	0.00669	0.03608	0.00814	0.01121
97	0.01012	0.00723	0.00964	0.01157	0.01205	0.00675	0.00771	0.01157	0.01591	0.02121	0.04579	0.70262	0.05495	0.02603	0.01060	0.00337	0.00482	0.02362	0.00771	0.00675
98	0.02056	0.01974	0.03372	0.05099	0.65622	0.01974	0.02550	0.02550	0.01892	0.02714	0.01563	0.02056	0.01316	0.00740	0.00822	0.00247	0.00987	0.00740	0.00411	0.01316
99	0.00982	0.00842	0.00842	0.00842	0.01122	0.00701	0.00631	0.01192	0.01894	0.02244	0.08416	0.07995	0.65285	0.02104	0.00982	0.00281	0.00421	0.01753	0.00771	0.00701
100	0.01929	0.01988	0.03817	0.16144	0.30365	0.02001	0.26297	0.02515	0.01877	0.02585	0.01594	0.02158	0.01256	0.00741	0.00887	0.00265	0.01173	0.00835	0.00407	0.01166
101	0.01058	0.00832	0.00962	0.01039	0.01217	0.00759	0.00737	0.01351	0.04785	0.02302	0.09319	0.36574	0.31530	0.02267	0.01012	0.00306	0.00459	0.01983	0.00782	0.00723
102	0.01859	0.07679	0.29694	0.02906	0.03893	0.02111	0.34524	0.02637	0.01859	0.02602	0.01569	0.01984	0.01164	0.00737	0.00873	0.00266	0.01297	0.00797	0.00388	0.01160
103	0.02118	0.40306	0.07601	0.06625	0.02491	0.02687	0.01553	0.07353	0.13185	0.02552	0.02020	0.02120	0.04466	0.00890	0.00674	0.00220	0.00865	0.00654	0.00501	0.01120
104	0.01167	0.00870	0.01179	0.01179	0.01362	0.00941	0.00910	0.01451	0.01494	0.02089	0.03683	0.04337	0.16593	0.04886	0.47189	0.01007	0.01672	0.01080	0.06175	0.00735
105	0.00992	0.00842	0.00855	0.00852	0.01128	0.00706	0.00639	0.01212	0.01917	0.02300	0.11343	0.07903	0.62323	0.02083	0.00982	0.00280	0.00419	0.01740	0.00779	0.00706
106	0.02083	0.13456	0.21775	0.11260	0.16637	0.13512	0.04936	0.02648	0.01874	0.02379	0.01426	0.01789	0.01129	0.00780	0.00764	0.00241	0.01164	0.00633	0.00383	0.01133
107	0.02222	0.02279	0.03783	0.06707	0.14489	0.07468	0.30823	0.11747	0.02214	0.02938	0.01626	0.02082	0.01259	0.00822	0.01020	0.00270	0.05779	0.00838	0.00475	0.01162
108	0.01040	0.00844	0.00922	0.00902	0.01158	0.00726	0.00677	0.01304	0.02030	0.02568	0.25305	0.07463	0.48194	0.01983	0.00981	0.00275	0.00412	0.01679	0.00814	0.00726
109	0.01756	0.03764	0.52006	0.02995	0.17836	0.01940	0.02950	0.02612	0.01786	0.02650	0.01507	0.01823	0.01113	0.00778	0.00797	0.00259	0.01172	0.00643	0.00365	0.01248
110	0.20390	0.02389	0.13613	0.05908	0.29153	0.06310	0.02097	0.02667	0.04981	0.02918	0.01522	0.01853	0.01206	0.00788	0.00737	0.00253	0.00966	0.00643	0.00448	0.01158
111	0.02600	0.02934	0.01924	0.01850	0.04563	0.45060	0.01337	0.02876	0.02154	0.02376	0.01719	0.01996	0.01395	0.00885	0.00702	0.00209	0.01148	0.00614	0.22737	0.00921
112	0.01060	0.00809	0.00979	0.01049	0.01222	0.00728	0.00767	0.01297	0.01881	0.02443	0.18500	0.30190	0.27241	0.02214	0.01022	0.00305	0.00463	0.06316	0.00801	0.00714
113	0.01901	0.05119	0.03436	0.23589	0.33628	0.02020	0.13403	0.02440	0.01826	0.02493	0.01540	0.02103	0.01232	0.00758	0.00840	0.00259	0.01094	0.00770	0.00398	0.01152

[dist]
# distance from previous block
# <min> <max>
0	1

[block]
# block no. 2 follows, 22 sequences, length 32
# corresponding to MSA columns:
# 191-222
name=unknown_C
#
# <colnr> <probs for GDERKNQSTAVLIFYWHMCP>
#	G	D	E	R	K	N	Q	S	T	A	V	L	I	F	Y	W	H	M	C	P
0	0.02018	0.09604	0.02275	0.19747	0.03059	0.13357	0.01558	0.05177	0.18517	0.02585	0.02917	0.03039	0.10582	0.01088	0.00809	0.00256	0.00927	0.00868	0.00579	0.01037
1	0.03103	0.03959	0.02354	0.02140	0.02568	0.67469	0.01605	0.03317	0.02354	0.02033	0.01284	0.01498	0.01070	0.00856	0.00749	0.00214	0.01498	0.00535	0.00428	0.00963
2	0.01328	0.01097	0.01605	0.01524	0.01639	0.01374	0.01212	0.01599	0.01321	0.01944	0.01972	0.02941	0.01857	0.05165	0.53057	0.01118	0.17188	0.00854	0.00427	0.00779
3	0.01180	0.00987	0.01243	0.01266	0.01404	0.01050	0.00968	0.01380	0.01675	0.02181	0.05311	0.29254	0.26120	0.02185	0.01341	0.00326	0.12876	0.07818	0.00697	0.00736
4	0.05200	0.47271	0.06800	0.01666	0.02322	0.12124	0.05128	0.02542	0.01786	0.02122	0.01426	0.05554	0.01336	0.00850	0.00634	0.00206	0.00989	0.00612	0.00401	0.01032
5	0.02687	0.01646	0.01897	0.01611	0.02145	0.01751	0.01280	0.04278	0.41061	0.26901	0.03342	0.02998	0.02357	0.01090	0.00842	0.00273	0.00676	0.00900	0.00914	0.01352
6	0.00982	0.00842	0.00842	0.00842	0.01122	0.00701	0.00631	0.01192	0.01894	0.02244	0.08416	0.07995	0.65285	0.02104	0.00982	0.00281	0.00421	0.01753	0.00771	0.00701
7	0.01620	0.02159	0.19242	0.01970	0.09845	0.01416	0.01702	0.04671	0.01836	0.02632	0.02840	0.03071	0.12820	0.01543	0.07687	0.00335	0.00970	0.00834	0.00504	0.22304
8	0.01515	0.09516	0.01762	0.01228	0.01636	0.01290	0.00966	0.01780	0.01499	0.02164	0.01890	0.02856	0.01813	0.15337	0.22889	0.00647	0.01203	0.00747	0.00463	0.28801
9	0.01010	0.00730	0.00957	0.01139	0.01200	0.00676	0.00763	0.01159	0.01608	0.02128	0.04794	0.66768	0.08850	0.02575	0.01056	0.00334	0.00479	0.02328	0.00771	0.00676
10	0.02917	0.03426	0.02556	0.02660	0.14154	0.48719	0.01776	0.09339	0.02430	0.02490	0.01409	0.01652	0.01151	0.00849	0.00771	0.00224	0.01344	0.00595	0.00467	0.01074
11	0.01748	0.02138	0.14364	0.02318	0.02903	0.01742	0.21697	0.08768	0.01968	0.02722	0.02481	0.22072	0.02469	0.01374	0.01106	0.00298	0.06988	0.01272	0.00551	0.01022
12	0.01208	0.00805	0.00906	0.00906	0.00906	0.00805	0.00503	0.01208	0.01208	0.01611	0.02618	0.05436	0.03020	0.70804	0.04228	0.00805	0.00805	0.01208	0.00503	0.00503
13	0.01012	0.00723	0.00964	0.01157	0.01205	0.00675	0.00771	0.01157	0.01591	0.02121	0.04579	0.70262	0.05495	0.02603	0.01060	0.00337	0.00482	0.02362	0.00771	0.00675
14	0.01846	0.03022	0.29420	0.03152	0.10288	0.02039	0.29719	0.02608	0.01840	0.02625	0.01566	0.02007	0.01175	0.00774	0.00965	0.00274	0.04322	0.00797	0.00389	0.01174
15	0.01037	0.00831	0.00927	0.00929	0.01163	0.00721	0.00687	0.01290	0.01986	0.02525	0.23344	0.13957	0.43587	0.02046	0.00989	0.00281	0.00419	0.01749	0.00810	0.00721
16	0.01569	0.01477	0.02492	0.68808	0.05722	0.01846	0.02307	0.02123	0.01661	0.02123	0.01477	0.02215	0.01107	0.00831	0.00831	0.00277	0.01107	0.00738	0.00369	0.00923
17	0.01718	0.01593	0.02676	0.28216	0.31703	0.01758	0.02187	0.02198	0.01705	0.02352	0.01650	0.02333	0.01375	0.01762	0.12832	0.00454	0.01255	0.00766	0.00402	0.01066
18	0.02174	0.02231	0.02135	0.02545	0.19724	0.24240	0.01557	0.02517	0.01934	0.02444	0.01821	0.02277	0.01527	0.01666	0.10896	0.00389	0.01220	0.00700	0.17017	0.00987
19	0.01033	0.00823	0.00934	0.01009	0.01216	0.00725	0.00754	0.01246	0.01814	0.02240	0.06899	0.24970	0.41906	0.02261	0.01023	0.00308	0.00478	0.08888	0.00771	0.00702
20	0.01255	0.00962	0.01347	0.01311	0.01407	0.01130	0.00981	0.01465	0.01297	0.01855	0.02211	0.03670	0.02218	0.22151	0.44944	0.01103	0.08589	0.00954	0.00452	0.00698
21	0.01950	0.01857	0.03111	0.18843	0.49638	0.01950	0.02440	0.02542	0.04699	0.02620	0.01627	0.02139	0.01326	0.00778	0.00825	0.00255	0.00998	0.00749	0.00422	0.01230
22	0.01187	0.00890	0.01335	0.01335	0.01483	0.01038	0.01038	0.01483	0.01335	0.01928	0.02225	0.03264	0.02077	0.06231	0.67512	0.01335	0.02225	0.00890	0.00445	0.00742
23	0.30586	0.02917	0.01945	0.01726	0.02210	0.36459	0.01339	0.08960	0.02159	0.02987	0.01308	0.01492	0.01041	0.00839	0.00670	0.00234	0.01120	0.00525	0.00501	0.00984
24	0.02383	0.02202	0.02375	0.26856	0.03677	0.13811	0.01785	0.22184	0.02527	0.03194	0.01611	0.01955	0.01215	0.00864	0.00790	0.00238	0.01056	0.00675	0.00545	0.10057
25	0.02330	0.02025	0.01877	0.01656	0.02057	0.13571	0.01274	0.24654	0.10066	0.03460	0.02801	0.21479	0.02680	0.01442	0.00871	0.00269	0.00840	0.01192	0.04377	0.01079
26	0.23223	0.01784	0.04784	0.01550	0.02022	0.01907	0.01314	0.22850	0.02255	0.03605	0.01760	0.02154	0.01425	0.02430	0.19762	0.00566	0.04279	0.00697	0.00589	0.01046
27	0.01293	0.00937	0.01081	0.01096	0.01234	0.00919	0.00742	0.07566	0.01760	0.02299	0.04361	0.30796	0.15028	0.24639	0.02058	0.00471	0.00621	0.01708	0.00690	0.00700
28	0.01350	0.00983	0.01153	0.01178	0.01315	0.00993	0.00804	0.07754	0.05481	0.02389	0.03919	0.37283	0.07777	0.21437	0.01907	0.00453	0.00624	0.01750	0.00707	0.00743
29	0.01970	0.02221	0.08682	0.17215	0.03014	0.15683	0.01689	0.08869	0.01999	0.02481	0.02031	0.11898	0.01914	0.04179	0.06829	0.00376	0.03603	0.00936	0.00504	0.03908
30	0.04835	0.01046	0.01354	0.08241	0.01854	0.01108	0.01049	0.06792	0.01919	0.02685	0.14893	0.39684	0.04735	0.01984	0.01040	0.00307	0.03192	0.01744	0.00734	0.00804
31	0.22551	0.02544	0.08981	0.02617	0.18984	0.14081	0.01810	0.13527	0.02196	0.03308	0.01472	0.01720	0.01149	0.00821	0.00724	0.00246	0.01000	0.00612	0.00511	0.01147

[dist]
# distance from previous block
# <min> <max>
7	53

[block]
# block no. 3 follows, 22 sequences, length 34
# corresponding to MSA columns:
# 276-309
name=unknown_D
#
# <colnr> <probs for GDERKNQSTAVLIFYWHMCP>
#	G	D	E	R	K	N	Q	S	T	A	V	L	I	F	Y	W	H	M	C	P
0	0.07202	0.01871	0.01755	0.01640	0.04642	0.16841	0.01180	0.02797	0.04405	0.19957	0.02327	0.02996	0.01940	0.16131	0.10244	0.00503	0.01119	0.00825	0.00634	0.00990
1	0.06797	0.04414	0.01662	0.01338	0.01706	0.01470	0.01041	0.18396	0.02355	0.09951	0.11873	0.12950	0.07783	0.07056	0.01324	0.06329	0.00678	0.01168	0.00747	0.00964
2	0.02375	0.01997	0.02213	0.02003	0.07297	0.14590	0.07106	0.05507	0.06681	0.14538	0.06066	0.08056	0.06576	0.01127	0.00840	0.00243	0.00893	0.00960	0.00670	0.10263
3	0.01298	0.00950	0.01230	0.01442	0.07215	0.00943	0.00846	0.03987	0.01536	0.02067	0.03239	0.29705	0.03734	0.35124	0.02550	0.00550	0.00704	0.01584	0.00611	0.00685
4	0.01191	0.00883	0.01192	0.06612	0.01673	0.00886	0.00976	0.04451	0.01739	0.02308	0.04185	0.56894	0.04883	0.02356	0.01037	0.00331	0.00575	0.06347	0.00742	0.00739
5	0.02630	0.02566	0.02645	0.02861	0.20134	0.19378	0.01849	0.20163	0.08699	0.03281	0.01759	0.01978	0.01383	0.00934	0.00947	0.00251	0.06039	0.00707	0.00575	0.01221
6	0.11689	0.20341	0.02800	0.01930	0.07313	0.15487	0.01490	0.18277	0.02382	0.03158	0.01457	0.01628	0.01169	0.00816	0.00681	0.00214	0.00973	0.00569	0.00528	0.07095
7	0.01807	0.21257	0.50770	0.02128	0.03225	0.02273	0.02652	0.02595	0.01737	0.02460	0.01406	0.01647	0.01056	0.00769	0.00724	0.00241	0.01142	0.00571	0.00352	0.01187
8	0.02107	0.46539	0.23241	0.01757	0.02608	0.06935	0.01937	0.02584	0.01750	0.02166	0.01266	0.01472	0.01062	0.00744	0.00625	0.00206	0.01031	0.00502	0.00359	0.01109
9	0.02434	0.01731	0.02527	0.11107	0.25704	0.01788	0.01859	0.09884	0.08876	0.17152	0.06575	0.02638	0.02047	0.00952	0.00841	0.00258	0.00855	0.00836	0.00672	0.01264
10	0.01257	0.00965	0.01110	0.01057	0.01270	0.00942	0.00764	0.01791	0.10343	0.02751	0.31011	0.06053	0.19647	0.15538	0.01612	0.00377	0.00517	0.01427	0.00789	0.00780
11	0.00988	0.00818	0.00866	0.00905	0.01139	0.00696	0.00659	0.01185	0.01833	0.02219	0.07645	0.20496	0.53282	0.02204	0.00998	0.00292	0.00433	0.01875	0.00771	0.00696
12	0.01715	0.03959	0.56368	0.02554	0.03718	0.01958	0.12862	0.02636	0.01788	0.02636	0.01522	0.01834	0.01087	0.00775	0.00821	0.00266	0.01256	0.00674	0.00362	0.01210
13	0.02920	0.03214	0.02493	0.06585	0.08735	0.41187	0.01733	0.17785	0.02648	0.02889	0.01497	0.01718	0.01180	0.00878	0.00781	0.00230	0.01282	0.00620	0.00522	0.01104
14	0.02221	0.71304	0.04353	0.01421	0.02132	0.03287	0.01421	0.02488	0.01688	0.01955	0.01155	0.01333	0.01066	0.00711	0.00533	0.00178	0.00888	0.00444	0.00355	0.01066
15	0.01012	0.00847	0.00883	0.00887	0.01157	0.00719	0.00674	0.01243	0.01928	0.02334	0.12369	0.07926	0.58406	0.02083	0.00989	0.00284	0.00434	0.04333	0.00782	0.00710
16	0.01204	0.01006	0.01073	0.01052	0.01350	0.00953	0.00812	0.01794	0.12167	0.02552	0.11792	0.07156	0.45599	0.01926	0.00972	0.00287	0.00485	0.06211	0.00794	0.00814
17	0.02449	0.50303	0.03792	0.01763	0.05155	0.15621	0.01520	0.06825	0.01980	0.02231	0.01257	0.01444	0.01102	0.00760	0.00609	0.00193	0.01013	0.00496	0.00405	0.01082
18	0.01190	0.00875	0.01260	0.01260	0.01383	0.00998	0.00945	0.01435	0.01313	0.01873	0.02294	0.03642	0.02241	0.17484	0.56484	0.01243	0.01978	0.00945	0.00455	0.00700
19	0.01305	0.00886	0.01101	0.01025	0.01273	0.00794	0.00777	0.01647	0.02241	0.07411	0.46956	0.06412	0.21553	0.01752	0.00970	0.00266	0.00421	0.01518	0.00887	0.00807
20	0.02674	0.03284	0.03215	0.02776	0.07706	0.42515	0.20511	0.03059	0.02199	0.02277	0.01427	0.01768	0.01147	0.00800	0.00826	0.00237	0.01431	0.00688	0.00424	0.01037
21	0.01438	0.01300	0.02217	0.01889	0.02146	0.01487	0.13010	0.01794	0.01445	0.02081	0.01936	0.02832	0.01760	0.04392	0.44209	0.00975	0.12938	0.00881	0.00427	0.00842
22	0.01860	0.01773	0.03017	0.30800	0.41457	0.01922	0.02452	0.02377	0.01799	0.02475	0.01528	0.02120	0.01232	0.00777	0.00826	0.00259	0.01036	0.00739	0.00394	0.01157
23	0.01788	0.02739	0.27247	0.19612	0.27327	0.01926	0.02689	0.02476	0.01783	0.02538	0.01514	0.01980	0.01164	0.00781	0.00812	0.00260	0.01108	0.00692	0.00378	0.01186
24	0.02179	0.01659	0.02214	0.19613	0.10558	0.01752	0.01644	0.14632	0.07186	0.08216	0.02002	0.02274	0.01499	0.00870	0.00772	0.00233	0.00838	0.00727	0.07677	0.13454
25	0.01674	0.01430	0.02426	0.06150	0.02526	0.01432	0.20549	0.07381	0.01855	0.02613	0.02432	0.11500	0.02322	0.15582	0.04453	0.00424	0.00980	0.01126	0.12264	0.00882
26	0.01063	0.00822	0.00956	0.01045	0.01196	0.00758	0.00724	0.01323	0.04533	0.02192	0.05811	0.39267	0.27463	0.07314	0.01252	0.00348	0.00491	0.01986	0.00755	0.00701
27	0.01893	0.01345	0.01479	0.01283	0.01525	0.01431	0.00907	0.23283	0.02201	0.02944	0.02530	0.08686	0.02616	0.41086	0.02792	0.00574	0.00822	0.01123	0.00639	0.00841
28	0.01837	0.02992	0.28220	0.02964	0.03885	0.02071	0.35043	0.02597	0.01827	0.02597	0.01561	0.02021	0.01168	0.00794	0.01047	0.00280	0.06743	0.00820	0.00389	0.01145
29	0.02835	0.24627	0.02983	0.01900	0.02434	0.42513	0.01546	0.07773	0.02271	0.02262	0.01300	0.01486	0.01096	0.00822	0.00689	0.00206	0.01264	0.00524	0.00437	0.01030
30	0.05132	0.04693	0.02057	0.01624	0.02001	0.07759	0.05640	0.08864	0.01970	0.02718	0.10154	0.03114	0.05232	0.07355	0.10269	0.00437	0.09459	0.00884	0.00560	0.10078
31	0.01478	0.01154	0.01387	0.01223	0.01596	0.01007	0.00906	0.06468	0.01881	0.02685	0.08837	0.29770	0.03656	0.04620	0.01003	0.00262	0.00573	0.01388	0.00671	0.29436
32	0.02248	0.17353	0.33309	0.02088	0.02972	0.18353	0.02264	0.07569	0.02060	0.02557	0.01414	0.01627	0.01088	0.00807	0.00732	0.00233	0.01202	0.00572	0.00409	0.01145
33	0.02012	0.02053	0.03831	0.04419	0.42122	0.02046	0.22239	0.02557	0.01881	0.02659	0.01576	0.02104	0.01286	0.00765	0.00975	0.00264	0.04750	0.00818	0.00412	0.01230

[dist]
# distance from previous block
# <min> <max>
0	7

[block]
# block no. 4 follows, 22 sequences, length 74
# corresponding to MSA columns:
# 317-390
name=unknown_E
#
# <colnr> <probs for GDERKNQSTAVLIFYWHMCP>
#	G	D	E	R	K	N	Q	S	T	A	V	L	I	F	Y	W	H	M	C	P
0	0.02516	0.09230	0.02762	0.05632	0.19074	0.07087	0.01786	0.20183	0.14306	0.06145	0.02038	0.02162	0.01554	0.00909	0.00795	0.00246	0.00925	0.00739	0.00633	0.01278
1	0.02028	0.10038	0.07273	0.02016	0.02281	0.14624	0.01746	0.02295	0.01563	0.02040	0.01279	0.01847	0.01182	0.01699	0.08595	0.00407	0.37095	0.00668	0.00382	0.00943
2	0.02505	0.09135	0.31774	0.02117	0.05849	0.06672	0.02189	0.05533	0.02069	0.21305	0.01995	0.02037	0.01377	0.00864	0.00781	0.00249	0.01041	0.00670	0.00578	0.01260
3	0.01782	0.01925	0.05967	0.02475	0.05555	0.02255	0.12615	0.02120	0.01453	0.02174	0.01353	0.02049	0.01230	0.01743	0.08860	0.00438	0.43874	0.00784	0.00384	0.00964
4	0.05711	0.01460	0.01738	0.01412	0.01879	0.01459	0.01129	0.19224	0.02694	0.23143	0.23061	0.03764	0.03768	0.04521	0.01028	0.00282	0.00663	0.01031	0.00890	0.01143
5	0.02163	0.02854	0.11993	0.03077	0.03879	0.15716	0.42513	0.02794	0.02017	0.02526	0.01574	0.02026	0.01195	0.00744	0.00908	0.00264	0.01400	0.00842	0.00413	0.01101
6	0.03495	0.01362	0.01853	0.01439	0.02041	0.01181	0.01181	0.03822	0.02375	0.60467	0.08920	0.03135	0.02583	0.01089	0.00849	0.00257	0.00678	0.00896	0.01018	0.01356
7	0.01187	0.00890	0.01335	0.01335	0.01483	0.01038	0.01038	0.01483	0.01335	0.01928	0.02225	0.03264	0.02077	0.06231	0.67512	0.01335	0.02225	0.00890	0.00445	0.00742
8	0.02452	0.01513	0.01868	0.01870	0.09756	0.04501	0.01290	0.03171	0.13997	0.25911	0.13547	0.06624	0.07329	0.01255	0.00875	0.00264	0.00689	0.01068	0.00841	0.01178
9	0.01881	0.02070	0.04232	0.06454	0.03927	0.02109	0.46871	0.02472	0.01805	0.02493	0.01601	0.02220	0.01264	0.01090	0.04400	0.00343	0.12376	0.00923	0.00410	0.01059
10	0.01024	0.00828	0.00917	0.00976	0.01199	0.00721	0.00731	0.01238	0.01832	0.02243	0.07213	0.21122	0.46746	0.02227	0.01015	0.00303	0.00468	0.07723	0.00771	0.00702
11	0.01267	0.00853	0.01151	0.01151	0.01287	0.00947	0.00861	0.01538	0.01402	0.02129	0.02387	0.03555	0.02230	0.14836	0.43769	0.01013	0.01621	0.00913	0.16376	0.00713
12	0.01895	0.03365	0.35258	0.02915	0.06452	0.06371	0.26421	0.02685	0.01881	0.02606	0.01555	0.01942	0.01147	0.00757	0.00863	0.00266	0.01304	0.00758	0.00386	0.01172
13	0.01640	0.01312	0.01551	0.01568	0.01885	0.01429	0.01295	0.02872	0.29076	0.02907	0.04144	0.06567	0.06656	0.01776	0.01008	0.00334	0.00702	0.31477	0.00800	0.01002
14	0.02348	0.53547	0.08554	0.01628	0.02323	0.15403	0.01578	0.02656	0.01820	0.02019	0.01204	0.01395	0.01066	0.00744	0.00593	0.00191	0.01029	0.00474	0.00369	0.01058
15	0.01898	0.02530	0.19684	0.08339	0.38969	0.02012	0.02594	0.02486	0.01777	0.02580	0.01490	0.01964	0.01210	0.00832	0.01009	0.00265	0.08043	0.00706	0.00388	0.01225
16	0.07391	0.27845	0.39664	0.01938	0.02930	0.02406	0.02325	0.02566	0.01705	0.02472	0.01347	0.01575	0.01046	0.00760	0.00678	0.00232	0.01064	0.00542	0.00364	0.01146
17	0.02392	0.02347	0.03013	0.07084	0.41707	0.13254	0.02218	0.12524	0.02289	0.02982	0.01582	0.01958	0.01280	0.00806	0.00812	0.00243	0.01068	0.00706	0.00481	0.01253
18	0.00991	0.00842	0.00855	0.00851	0.01128	0.00705	0.00639	0.01210	0.01916	0.02297	0.11157	0.07909	0.62511	0.02084	0.00982	0.00280	0.00419	0.01741	0.00778	0.00705
19	0.02557	0.13116	0.09467	0.02832	0.19047	0.34506	0.01975	0.02928	0.02077	0.02261	0.01359	0.01646	0.01132	0.00798	0.00741	0.00222	0.01250	0.00584	0.00405	0.01097
20	0.01264	0.15447	0.01671	0.01212	0.01398	0.01220	0.00907	0.01434	0.01611	0.02086	0.03865	0.55883	0.04571	0.02208	0.00950	0.00304	0.00567	0.01962	0.00684	0.00756
21	0.01012	0.00723	0.00964	0.01157	0.01205	0.00675	0.00771	0.01157	0.01591	0.02121	0.04579	0.70262	0.05495	0.02603	0.01060	0.00337	0.00482	0.02362	0.00771	0.00675
22	0.03034	0.03814	0.02322	0.02110	0.02541	0.63106	0.01586	0.03390	0.06475	0.02129	0.01424	0.01605	0.01168	0.00874	0.00755	0.00219	0.01442	0.00562	0.00456	0.00987
23	0.08636	0.01586	0.02349	0.37544	0.10224	0.01781	0.01926	0.07077	0.01980	0.16155	0.01878	0.02239	0.01334	0.00871	0.00804	0.00266	0.00956	0.00735	0.00560	0.01100
24	0.01187	0.00890	0.01335	0.01335	0.01483	0.01038	0.01038	0.01483	0.01335	0.01928	0.02225	0.03264	0.02077	0.06231	0.67512	0.01335	0.02225	0.00890	0.00445	0.00742
25	0.01187	0.00890	0.01335	0.01335	0.01483	0.01038	0.01038	0.01483	0.01335	0.01928	0.02225	0.03264	0.02077	0.06231	0.67512	0.01335	0.02225	0.00890	0.00445	0.00742
26	0.02336	0.36851	0.06082	0.01563	0.02130	0.21285	0.01409	0.02640	0.01892	0.02202	0.01471	0.01698	0.01246	0.00800	0.00615	0.00195	0.00995	0.00534	0.13061	0.00995
27	0.01915	0.09065	0.02524	0.21894	0.03199	0.12898	0.01783	0.02218	0.01641	0.02049	0.01594	0.08697	0.01531	0.01209	0.01444	0.00291	0.23883	0.00834	0.00416	0.00915
28	0.01176	0.00849	0.01110	0.01045	0.01241	0.00784	0.00784	0.01568	0.02352	0.03331	0.65184	0.06206	0.07839	0.01698	0.00980	0.00261	0.00392	0.01502	0.00914	0.00784
29	0.01976	0.01892	0.03228	0.15549	0.55797	0.01953	0.02510	0.02480	0.01854	0.02617	0.01549	0.02082	0.01282	0.00755	0.00824	0.00252	0.01007	0.00740	0.00404	0.01251
30	0.37927	0.02095	0.13953	0.12781	0.02732	0.01838	0.01593	0.06499	0.01745	0.06035	0.01500	0.01767	0.01110	0.00821	0.00658	0.00258	0.00840	0.00582	0.04250	0.01016
31	0.01032	0.00780	0.00961	0.01096	0.01227	0.00708	0.00780	0.01218	0.01710	0.02191	0.05715	0.46083	0.23382	0.02425	0.01045	0.00324	0.00489	0.07373	0.00771	0.00691
32	0.00987	0.00821	0.00863	0.00897	0.01137	0.00697	0.00656	0.01186	0.01840	0.02222	0.07740	0.18953	0.54763	0.02192	0.00996	0.00291	0.00432	0.01860	0.00771	0.00697
33	0.01666	0.04297	0.66500	0.02368	0.03596	0.01929	0.03069	0.02631	0.01754	0.02631	0.01491	0.01754	0.01052	0.00789	0.00789	0.00263	0.01228	0.00614	0.00351	0.01228
34	0.10735	0.27886	0.30918	0.01861	0.02749	0.08310	0.02096	0.02620	0.01745	0.02463	0.01313	0.01533	0.01041	0.00765	0.00662	0.00227	0.01063	0.00527	0.00378	0.01108
35	0.01782	0.18275	0.53536	0.02170	0.03290	0.02213	0.02726	0.02601	0.01740	0.02490	0.01421	0.01666	0.01055	0.00773	0.00736	0.00245	0.01157	0.00578	0.00352	0.01194
36	0.00982	0.00842	0.00842	0.00842	0.01122	0.00701	0.00631	0.01192	0.01894	0.02244	0.08416	0.07995	0.65285	0.02104	0.00982	0.00281	0.00421	0.01753	0.00771	0.00701
37	0.05353	0.01399	0.01303	0.01249	0.01550	0.08822	0.00995	0.08148	0.02112	0.02943	0.06785	0.05103	0.14745	0.01476	0.00836	0.00264	0.00669	0.13310	0.22085	0.00852
38	0.01679	0.04206	0.63756	0.02418	0.03629	0.01937	0.05722	0.02632	0.01763	0.02632	0.01499	0.01776	0.01062	0.00785	0.00798	0.00264	0.01235	0.00630	0.00354	0.01223
39	0.01487	0.00849	0.00946	0.00956	0.01139	0.00866	0.00709	0.04623	0.01776	0.02898	0.02985	0.15845	0.02731	0.01795	0.07222	0.00335	0.00610	0.01086	0.50358	0.00782
40	0.01023	0.00843	0.00898	0.00884	0.01147	0.00719	0.00663	0.01271	0.01990	0.02473	0.20386	0.07618	0.53171	0.02018	0.00981	0.00276	0.00415	0.01700	0.00802	0.00719
41	0.02033	0.01950	0.03330	0.08135	0.62768	0.01968	0.02538	0.02529	0.01881	0.02686	0.01559	0.02064	0.01306	0.00744	0.00823	0.00248	0.00993	0.00740	0.00409	0.01297
42	0.01987	0.01888	0.02588	0.03524	0.37737	0.08388	0.01919	0.06746	0.02076	0.02782	0.07657	0.14167	0.02592	0.01177	0.00871	0.00261	0.00894	0.01067	0.00550	0.01129
43	0.02056	0.01974	0.03372	0.05099	0.65622	0.01974	0.02550	0.02550	0.01892	0.02714	0.01563	0.02056	0.01316	0.00740	0.00822	0.00247	0.00987	0.00740	0.00411	0.01316
44	0.02259	0.68417	0.04268	0.01452	0.02151	0.06039	0.01429	0.02523	0.01717	0.01958	0.01160	0.01340	0.01066	0.00717	0.00542	0.00179	0.00915	0.00448	0.00358	0.01062
45	0.01086	0.00858	0.00987	0.00989	0.01232	0.00758	0.00765	0.01375	0.02040	0.02617	0.25841	0.07597	0.39830	0.01999	0.01001	0.00287	0.00453	0.08734	0.00816	0.00735
46	0.07198	0.44118	0.15883	0.01880	0.06646	0.07573	0.01792	0.02577	0.01745	0.02261	0.01256	0.01475	0.01069	0.00743	0.00616	0.00207	0.00989	0.00504	0.00374	0.01095
47	0.28330	0.02510	0.01971	0.01680	0.02210	0.20984	0.01334	0.20633	0.07041	0.03665	0.01604	0.01711	0.01221	0.00888	0.00700	0.00244	0.00970	0.00598	0.00607	0.01100
48	0.01470	0.00930	0.01112	0.01019	0.01319	0.00812	0.00781	0.01770	0.02151	0.12219	0.30595	0.06501	0.32639	0.01780	0.00959	0.00269	0.00452	0.01515	0.00868	0.00841
49	0.01929	0.01844	0.03143	0.21706	0.50008	0.01940	0.02486	0.02438	0.01832	0.02560	0.01540	0.02097	0.01262	0.00764	0.00825	0.00255	0.01018	0.00740	0.00400	0.01213
50	0.05866	0.12223	0.12841	0.02218	0.11989	0.08146	0.01752	0.03064	0.11207	0.13960	0.02246	0.07138	0.01817	0.01003	0.00777	0.00251	0.00908	0.00810	0.00601	0.01183
