[name]
unknown

[dist]
# distance from previous block
# <min> <max>
0	23

[block]
# block no. 0 follows, 23 sequences, length 76
# corresponding to MSA columns:
# 23-98
name=unknown_A
#
# <colnr> <probs for GDERKNQSTAVLIFYWHMCP>
#	G	D	E	R	K	N	Q	S	T	A	V	L	I	F	Y	W	H	M	C	P
0	0.02007	0.02091	0.02289	0.08786	0.16364	0.19170	0.01737	0.02290	0.01747	0.02135	0.01712	0.02730	0.01598	0.01644	0.07221	0.05117	0.12935	0.07070	0.00431	0.00927
1	0.01195	0.00843	0.01170	0.01163	0.01297	0.00931	0.00872	0.01463	0.01431	0.02097	0.09043	0.03770	0.02758	0.14161	0.45685	0.01013	0.01617	0.00965	0.07826	0.00700
2	0.02333	0.02186	0.16085	0.07655	0.02590	0.05762	0.01689	0.12237	0.02186	0.16636	0.02226	0.02633	0.01675	0.01001	0.00860	0.00252	0.03987	0.04121	0.12775	0.01113
3	0.01056	0.00781	0.00996	0.01106	0.01240	0.00721	0.00809	0.01283	0.01780	0.02346	0.15643	0.39399	0.16918	0.02258	0.01020	0.00313	0.00484	0.10378	0.00776	0.00695
4	0.01786	0.01439	0.01693	0.01215	0.01931	0.01088	0.00974	0.02144	0.01716	0.06046	0.01535	0.01740	0.01245	0.00622	0.00612	0.00127	0.00606	0.00498	0.00508	0.72475
5	0.02139	0.02286	0.02818	0.21242	0.34389	0.18518	0.02197	0.02569	0.01902	0.02332	0.01436	0.01912	0.01172	0.00775	0.00787	0.00241	0.01120	0.00672	0.00395	0.01098
6	0.02006	0.51526	0.23265	0.01667	0.02514	0.02811	0.01874	0.02472	0.01668	0.02108	0.01227	0.01426	0.01037	0.00717	0.00596	0.00199	0.00968	0.00484	0.00346	0.01089
7	0.04557	0.24035	0.46319	0.01995	0.03020	0.02272	0.02447	0.02522	0.01682	0.02415	0.01348	0.01578	0.01026	0.00748	0.00687	0.00232	0.01081	0.00545	0.00350	0.01141
8	0.01950	0.44489	0.29809	0.01763	0.02662	0.02673	0.02041	0.02486	0.01675	0.02177	0.01261	0.01468	0.01036	0.00725	0.00622	0.00207	0.01002	0.00501	0.00345	0.01105
9	0.00961	0.00815	0.00829	0.00839	0.01101	0.00684	0.00624	0.01163	0.01833	0.02185	0.08008	0.11386	0.62653	0.02083	0.00963	0.00277	0.00414	0.01746	0.00753	0.00684
10	0.02200	0.39581	0.20916	0.01783	0.02557	0.16253	0.01861	0.02635	0.01800	0.02104	0.01243	0.01446	0.01038	0.00744	0.00632	0.00203	0.01080	0.00497	0.00361	0.01063
11	0.02145	0.18472	0.36906	0.01985	0.02923	0.05035	0.02258	0.12666	0.02099	0.06058	0.01545	0.01704	0.01139	0.00802	0.00724	0.00234	0.01062	0.00593	0.00457	0.01193
12	0.01180	0.00787	0.00885	0.00885	0.00885	0.00787	0.00492	0.01180	0.01180	0.01573	0.02557	0.05310	0.02950	0.71483	0.04130	0.00787	0.00787	0.01180	0.00492	0.00492
13	0.00987	0.00712	0.00936	0.01115	0.01173	0.00660	0.00746	0.01132	0.01568	0.02077	0.04658	0.67832	0.08369	0.02518	0.01032	0.00327	0.00468	0.02277	0.00753	0.00660
14	0.02110	0.17247	0.22845	0.02087	0.02878	0.07895	0.10269	0.10858	0.08476	0.02793	0.01749	0.04128	0.01397	0.00868	0.00761	0.00240	0.01055	0.00713	0.00484	0.01145
15	0.01976	0.01974	0.02982	0.21468	0.44976	0.07773	0.02347	0.02449	0.01829	0.02442	0.01480	0.02000	0.01211	0.00756	0.00799	0.00246	0.01039	0.00705	0.00392	0.01155
16	0.01148	0.00829	0.01085	0.01021	0.01212	0.00766	0.00766	0.01531	0.02297	0.03254	0.65994	0.06061	0.07656	0.01659	0.00957	0.00255	0.00383	0.01467	0.00893	0.00766
17	0.02201	0.27449	0.27684	0.01933	0.02743	0.20604	0.02050	0.02706	0.01852	0.02181	0.01288	0.01503	0.01037	0.00762	0.00674	0.00215	0.01158	0.00521	0.00365	0.01074
18	0.10130	0.31482	0.18096	0.01706	0.02433	0.13139	0.01729	0.02755	0.07353	0.02391	0.01418	0.01578	0.01149	0.00777	0.00638	0.00216	0.00996	0.00530	0.00416	0.01066
19	0.01148	0.00829	0.01085	0.01021	0.01212	0.00766	0.00766	0.01531	0.02297	0.03254	0.65994	0.06061	0.07656	0.01659	0.00957	0.00255	0.00383	0.01467	0.00893	0.00766
20	0.02250	0.01858	0.01965	0.01698	0.02198	0.02127	0.01340	0.17237	0.51653	0.03768	0.03008	0.02793	0.02238	0.01073	0.00823	0.00268	0.00697	0.00877	0.00823	0.01305
21	0.02059	0.02893	0.23162	0.01901	0.02546	0.16214	0.01846	0.09301	0.14032	0.02789	0.02301	0.13089	0.02043	0.01155	0.00820	0.00260	0.01001	0.00932	0.00567	0.01091
22	0.02008	0.01928	0.03294	0.04981	0.66422	0.01928	0.02490	0.02490	0.01848	0.02651	0.01526	0.02008	0.01285	0.00723	0.00803	0.00241	0.00964	0.00723	0.00402	0.01285
23	0.01068	0.00826	0.00973	0.00937	0.01163	0.00731	0.00702	0.01376	0.02107	0.02804	0.41515	0.06802	0.32416	0.01827	0.00958	0.00263	0.00395	0.01571	0.00834	0.00731
24	0.02201	0.02469	0.03284	0.13098	0.23364	0.20506	0.18245	0.02669	0.01959	0.02368	0.01468	0.01926	0.01174	0.00757	0.00825	0.00245	0.01227	0.00728	0.00403	0.01083
25	0.22442	0.05390	0.02124	0.09833	0.02555	0.30747	0.01488	0.02660	0.01799	0.02430	0.01212	0.01545	0.01008	0.00887	0.00943	0.00247	0.10806	0.00547	0.00422	0.00916
26	0.00978	0.00747	0.00900	0.01022	0.01149	0.00668	0.00705	0.01142	0.01657	0.02114	0.05788	0.48781	0.26690	0.02371	0.01009	0.00310	0.00450	0.02098	0.00753	0.00668
27	0.00982	0.00731	0.00916	0.01063	0.01159	0.00665	0.00723	0.01137	0.01618	0.02098	0.05288	0.57215	0.18579	0.02436	0.01019	0.00317	0.00458	0.02177	0.00753	0.00665
28	0.02325	0.12941	0.20208	0.02604	0.16623	0.05205	0.02116	0.22469	0.02443	0.03294	0.01575	0.01783	0.01201	0.00818	0.00753	0.00235	0.01012	0.00642	0.00512	0.01242
29	0.70649	0.04761	0.01376	0.01126	0.01633	0.04811	0.00932	0.02425	0.01433	0.03492	0.01135	0.01324	0.00893	0.00754	0.00513	0.00246	0.00675	0.00443	0.00492	0.00889
30	0.02063	0.01914	0.03006	0.04267	0.52449	0.01972	0.02241	0.05823	0.12556	0.02898	0.01846	0.02177	0.01490	0.00799	0.00807	0.00247	0.00906	0.00756	0.00493	0.01290
31	0.00960	0.00816	0.00828	0.00837	0.01100	0.00684	0.00623	0.01163	0.01835	0.02186	0.08035	0.10931	0.63090	0.02079	0.00963	0.00277	0.00414	0.01742	0.00753	0.00684
32	0.02804	0.02133	0.02277	0.01810	0.02409	0.02385	0.01474	0.48084	0.19904	0.04661	0.02305	0.02232	0.01669	0.01007	0.00815	0.00252	0.00827	0.00780	0.00815	0.01355
33	0.01206	0.00853	0.01034	0.00995	0.01232	0.00761	0.00755	0.01512	0.02090	0.05997	0.37194	0.09472	0.27867	0.01828	0.00961	0.00270	0.00427	0.03946	0.00837	0.00763
34	0.01668	0.09305	0.62529	0.02243	0.03404	0.01984	0.02877	0.02559	0.01708	0.02520	0.01431	0.01682	0.01029	0.00765	0.00752	0.00251	0.01174	0.00587	0.00343	0.01187
35	0.01658	0.08036	0.63709	0.02260	0.03431	0.01960	0.02907	0.02562	0.01709	0.02532	0.01438	0.01690	0.01029	0.00767	0.00757	0.00252	0.01180	0.00590	0.00343	0.01190
36	0.01065	0.00817	0.00989	0.01074	0.01260	0.00742	0.00822	0.01310	0.01824	0.02326	0.12493	0.24434	0.30306	0.02182	0.01015	0.00309	0.00499	0.15066	0.00767	0.00701
37	0.01803	0.16172	0.39208	0.02434	0.03440	0.02173	0.18615	0.02552	0.01754	0.02456	0.01444	0.01762	0.01084	0.00734	0.00774	0.00246	0.01182	0.00663	0.00361	0.01142
38	0.01883	0.02391	0.15669	0.08113	0.35019	0.01943	0.18025	0.02507	0.01825	0.02586	0.01537	0.02008	0.01210	0.00728	0.00837	0.00254	0.01118	0.00759	0.00390	0.01197
39	0.01627	0.04197	0.67279	0.02313	0.03512	0.01884	0.02998	0.02570	0.01713	0.02570	0.01456	0.01713	0.01028	0.00771	0.00771	0.00257	0.01199	0.00600	0.00343	0.01199
40	0.01645	0.04072	0.63378	0.02382	0.03557	0.01895	0.06774	0.02572	0.01726	0.02572	0.01468	0.01743	0.01041	0.00765	0.00783	0.00258	0.01210	0.00622	0.00347	0.01193
41	0.02078	0.02185	0.03224	0.14020	0.38886	0.11943	0.10889	0.02556	0.01892	0.02456	0.01489	0.01975	0.01211	0.00748	0.00815	0.00245	0.01114	0.00725	0.00399	0.01149
42	0.01876	0.05869	0.05975	0.14871	0.47208	0.01923	0.02328	0.02364	0.01794	0.02492	0.01788	0.02241	0.04143	0.00798	0.00794	0.00244	0.00963	0.00745	0.00405	0.01179
43	0.00982	0.00732	0.00914	0.01060	0.01159	0.00665	0.00722	0.01138	0.01620	0.02099	0.05320	0.56671	0.19102	0.02432	0.01018	0.00317	0.00457	0.02172	0.00753	0.00665
44	0.01432	0.01176	0.01775	0.14149	0.08032	0.01228	0.05129	0.06442	0.01754	0.02333	0.03152	0.31936	0.05655	0.07883	0.01295	0.02975	0.00749	0.01490	0.00597	0.00818
45	0.00989	0.00706	0.00942	0.01130	0.01177	0.00659	0.00753	0.01130	0.01554	0.02071	0.04472	0.70954	0.05367	0.02542	0.01036	0.00330	0.00471	0.02307	0.00753	0.00659
46	0.06678	0.03021	0.35822	0.02925	0.20535	0.01827	0.05277	0.02685	0.01803	0.09493	0.01649	0.01902	0.01202	0.00777	0.00776	0.00252	0.01053	0.00663	0.00442	0.01217
47	0.01897	0.02576	0.21291	0.04162	0.45973	0.01921	0.05398	0.02517	0.01813	0.02626	0.01512	0.01934	0.01211	0.00735	0.00801	0.00247	0.01048	0.00699	0.00386	0.01253
48	0.01687	0.01600	0.02714	0.48517	0.25394	0.01844	0.02331	0.02209	0.01696	0.02261	0.01470	0.02113	0.01148	0.00783	0.00809	0.00261	0.01043	0.00722	0.00374	0.01026
49	0.01666	0.00963	0.01138	0.01016	0.01362	0.00828	0.00789	0.01933	0.02054	0.18610	0.18083	0.06210	0.38810	0.01716	0.00923	0.00265	0.00476	0.01441	0.00843	0.00875
50	0.01914	0.01831	0.03122	0.17832	0.54310	0.01903	0.02443	0.02407	0.01803	0.02536	0.01510	0.02039	0.01245	0.00741	0.00805	0.00247	0.00987	0.00723	0.00393	0.01209
51	0.01721	0.03543	0.46934	0.02673	0.03749	0.01939	0.22687	0.02579	0.01779	0.02579	0.01517	0.01868	0.01094	0.00743	0.00832	0.00262	0.01254	0.00716	0.00365	0.01165
52	0.01074	0.00859	0.00982	0.01044	0.01289	0.00767	0.00845	0.01335	0.01856	0.02270	0.06925	0.08253	0.45820	0.02117	0.01012	0.00307	0.00522	0.21267	0.00751	0.00706
53	0.01853	0.01770	0.03014	0.25997	0.46616	0.01887	0.02413	0.02354	0.01774	0.02463	0.01499	0.02059	0.01219	0.00752	0.00806	0.00251	0.01002	0.00722	0.00388	0.01160
54	0.01622	0.10927	0.51033	0.05903	0.03267	0.01913	0.02580	0.02401	0.01700	0.02433	0.01857	0.04992	0.04150	0.00900	0.00767	0.00253	0.01090	0.00714	0.00381	0.01119
55	0.02056	0.03598	0.53359	0.02128	0.03205	0.01737	0.02614	0.02864	0.01843	0.16280	0.01828	0.01936	0.01237	0.00821	0.00781	0.00256	0.01091	0.00646	0.00483	0.01238
56	0.01627	0.04197	0.67279	0.02313	0.03512	0.01884	0.02998	0.02570	0.01713	0.02570	0.01456	0.01713	0.01028	0.00771	0.00771	0.00257	0.01199	0.00600	0.00343	0.01199
57	0.01959	0.02043	0.06938	0.08010	0.57181	0.01924	0.05075	0.02478	0.01832	0.02615	0.01523	0.02007	0.01258	0.00728	0.00808	0.00245	0.01000	0.00726	0.00397	0.01253
58	0.01883	0.01800	0.03067	0.22007	0.50377	0.01895	0.02428	0.02380	0.01788	0.02499	0.01504	0.02049	0.01232	0.00746	0.00805	0.00249	0.00995	0.00722	0.00391	0.01184
59	0.01627	0.04197	0.67279	0.02313	0.03512	0.01884	0.02998	0.02570	0.01713	0.02570	0.01456	0.01713	0.01028	0.00771	0.00771	0.00257	0.01199	0.00600	0.00343	0.01199
60	0.01692	0.02222	0.19539	0.03215	0.31643	0.01645	0.02183	0.02247	0.01685	0.02486	0.01719	0.02251	0.01429	0.01916	0.15459	0.00473	0.01252	0.00724	0.05112	0.01108
61	0.01648	0.04076	0.63874	0.02455	0.06859	0.01887	0.02971	0.02565	0.01720	0.02574	0.01460	0.01729	0.01042	0.00768	0.00773	0.00256	0.01187	0.00606	0.00346	0.01204
62	0.01834	0.01761	0.02929	0.24246	0.39722	0.01961	0.02327	0.02295	0.01702	0.02386	0.01442	0.02026	0.01195	0.00839	0.01043	0.00264	0.09807	0.00721	0.00383	0.01118
63	0.01686	0.02429	0.22903	0.31759	0.20760	0.01861	0.02547	0.02337	0.01709	0.02378	0.01468	0.01982	0.01118	0.00776	0.00797	0.00259	0.01088	0.00684	0.00366	0.01094
64	0.01948	0.08509	0.10439	0.29185	0.12186	0.12874	0.08886	0.02464	0.01807	0.02234	0.01418	0.01904	0.01108	0.00775	0.00783	0.00247	0.01155	0.00675	0.00377	0.01025
65	0.01173	0.00814	0.01021	0.01021	0.01069	0.00861	0.00662	0.01268	0.01220	0.01674	0.02432	0.04619	0.02650	0.50192	0.25011	0.00955	0.01238	0.01079	0.00473	0.00567
66	0.01006	0.00769	0.00925	0.01002	0.01155	0.00687	0.00707	0.01213	0.01788	0.02322	0.16601	0.37326	0.27144	0.02215	0.00995	0.00297	0.00434	0.01950	0.00778	0.00687
67	0.01358	0.01057	0.01661	0.01683	0.01930	0.01040	0.07878	0.01754	0.01859	0.02431	0.04022	0.11140	0.04336	0.02090	0.01100	0.00361	0.00801	0.52007	0.00712	0.00780
68	0.77215	0.01569	0.01193	0.01067	0.01569	0.01820	0.00879	0.02385	0.01381	0.03641	0.01130	0.01318	0.00879	0.00753	0.00502	0.00251	0.00628	0.00439	0.00502	0.00879
69	0.01574	0.01445	0.01810	0.08851	0.15437	0.04200	0.01373	0.02345	0.15662	0.02643	0.10983	0.04536	0.23174	0.01351	0.00873	0.00262	0.00685	0.01157	0.00657	0.00982
70	0.05069	0.02761	0.31226	0.24153	0.16336	0.01864	0.02567	0.02388	0.01696	0.02476	0.01451	0.01896	0.01088	0.00774	0.00778	0.00258	0.01090	0.00655	0.00367	0.01107
71	0.77215	0.01569	0.01193	0.01067	0.01569	0.01820	0.00879	0.02385	0.01381	0.03641	0.01130	0.01318	0.00879	0.00753	0.00502	0.00251	0.00628	0.00439	0.00502	0.00879
72	0.17815	0.01944	0.02556	0.03151	0.32231	0.02076	0.01838	0.19878	0.04989	0.03584	0.01639	0.01892	0.01279	0.00816	0.00745	0.00245	0.00861	0.00675	0.00556	0.01228
73	0.77215	0.01569	0.01193	0.01067	0.01569	0.01820	0.00879	0.02385	0.01381	0.03641	0.01130	0.01318	0.00879	0.00753	0.00502	0.00251	0.00628	0.00439	0.00502	0.00879
74	0.02250	0.16833	0.02347	0.01629	0.02085	0.26026	0.01305	0.03028	0.18605	0.02442	0.06548	0.02802	0.08734	0.01057	0.00751	0.00229	0.00945	0.00793	0.00576	0.01014
75	0.09916	0.02733	0.26194	0.03405	0.32765	0.01938	0.02444	0.06330	0.01872	0.02880	0.01485	0.01824	0.01155	0.00759	0.00760	0.00248	0.01009	0.00649	0.00417	0.01217

[dist]
# distance from previous block
# <min> <max>
0	1

[block]
# block no. 1 follows, 23 sequences, length 67
# corresponding to MSA columns:
# 100-166
name=unknown_B
#
# <colnr> <probs for GDERKNQSTAVLIFYWHMCP>
#	G	D	E	R	K	N	Q	S	T	A	V	L	I	F	Y	W	H	M	C	P
0	0.02403	0.35377	0.07657	0.07887	0.02659	0.18059	0.01640	0.11113	0.02104	0.02432	0.01322	0.01536	0.01092	0.00782	0.00654	0.00206	0.01052	0.00533	0.00429	0.01063
1	0.02816	0.12739	0.02657	0.02280	0.08708	0.53086	0.01634	0.03059	0.02169	0.02041	0.01264	0.01495	0.01068	0.00806	0.00711	0.00207	0.01335	0.00530	0.00407	0.00988
2	0.01159	0.00869	0.01304	0.01304	0.01449	0.01014	0.01014	0.01449	0.01304	0.01884	0.02173	0.03188	0.02029	0.06086	0.68268	0.01304	0.02173	0.00869	0.00435	0.00724
3	0.01323	0.01360	0.07159	0.02219	0.16537	0.01127	0.04647	0.01641	0.01669	0.02280	0.03587	0.42519	0.06947	0.01854	0.00952	0.00297	0.00689	0.01700	0.00620	0.00872
4	0.01252	0.00814	0.01028	0.01028	0.01135	0.00874	0.00728	0.01465	0.01359	0.02056	0.02419	0.03869	0.02354	0.27048	0.29988	0.00857	0.01265	0.00947	0.18861	0.00653
5	0.01180	0.00787	0.00885	0.00885	0.00885	0.00787	0.00492	0.01180	0.01180	0.01573	0.02557	0.05310	0.02950	0.71483	0.04130	0.00787	0.00787	0.01180	0.00492	0.00492
6	0.01513	0.00756	0.00756	0.00756	0.00945	0.00756	0.00567	0.01891	0.01702	0.03025	0.02647	0.03025	0.02080	0.00945	0.00567	0.00189	0.00378	0.00756	0.75988	0.00756
7	0.02143	0.01713	0.02229	0.12024	0.14292	0.01830	0.01619	0.15904	0.16460	0.06616	0.02329	0.07950	0.01912	0.01028	0.00811	0.00250	0.00802	0.00880	0.00648	0.08560
8	0.01739	0.01429	0.01805	0.01566	0.01715	0.01738	0.01221	0.12885	0.01801	0.02545	0.08079	0.03307	0.02361	0.20881	0.07921	0.00520	0.26177	0.00929	0.00535	0.00844
9	0.01513	0.00756	0.00756	0.00756	0.00945	0.00756	0.00567	0.01891	0.01702	0.03025	0.02647	0.03025	0.02080	0.00945	0.00567	0.00189	0.00378	0.00756	0.75988	0.00756
10	0.01075	0.00743	0.00916	0.01019	0.01045	0.00717	0.00635	0.01153	0.01384	0.01846	0.03605	0.41234	0.04273	0.33755	0.02437	0.00536	0.00614	0.01797	0.00635	0.00583
11	0.01115	0.00828	0.01038	0.00986	0.01192	0.00751	0.00739	0.01467	0.02218	0.03067	0.55820	0.06369	0.17947	0.01729	0.00957	0.00259	0.00388	0.01511	0.00869	0.00751
12	0.01493	0.03463	0.53334	0.02064	0.03021	0.01627	0.02526	0.02267	0.01680	0.02465	0.02090	0.16269	0.01940	0.01143	0.00827	0.00272	0.01046	0.00958	0.00429	0.01086
13	0.01170	0.00827	0.01090	0.01090	0.01160	0.00898	0.00747	0.01311	0.01241	0.01725	0.02370	0.04274	0.02500	0.39553	0.35445	0.01039	0.01464	0.01028	0.00464	0.00605
14	0.02708	0.03093	0.02631	0.02996	0.23005	0.40703	0.01861	0.08764	0.02299	0.02497	0.01408	0.01684	0.01154	0.00813	0.00762	0.00223	0.01249	0.00607	0.00450	0.01093
15	0.01159	0.00869	0.01304	0.01304	0.01449	0.01014	0.01014	0.01449	0.01304	0.01884	0.02173	0.03188	0.02029	0.06086	0.68268	0.01304	0.02173	0.00869	0.00435	0.00724
16	0.01675	0.19854	0.08918	0.02082	0.13619	0.01888	0.01574	0.02071	0.01849	0.02519	0.19492	0.03477	0.05986	0.01174	0.00970	0.00248	0.07411	0.03669	0.00544	0.00981
17	0.01023	0.00743	0.00978	0.01133	0.01214	0.00680	0.00764	0.01175	0.01560	0.02100	0.04322	0.67513	0.05160	0.02446	0.01014	0.00319	0.00477	0.02216	0.00740	0.04423
18	0.02141	0.12113	0.07942	0.02356	0.14857	0.04810	0.01711	0.08807	0.30444	0.03067	0.02291	0.02316	0.01765	0.00920	0.00768	0.00247	0.00838	0.00752	0.00617	0.01238
19	0.02464	0.02850	0.02123	0.02196	0.10318	0.40959	0.01462	0.02876	0.08248	0.02135	0.01729	0.02387	0.01564	0.13688	0.01368	0.00325	0.01195	0.00707	0.00470	0.00937
20	0.01513	0.00756	0.00756	0.00756	0.00945	0.00756	0.00567	0.01891	0.01702	0.03025	0.02647	0.03025	0.02080	0.00945	0.00567	0.00189	0.00378	0.00756	0.75988	0.00756
21	0.01690	0.01497	0.02169	0.09122	0.23200	0.01439	0.01572	0.02272	0.07086	0.02781	0.15193	0.02867	0.02679	0.00925	0.00781	0.00216	0.00724	0.00827	0.00558	0.22402
22	0.01532	0.01442	0.02434	0.69533	0.05589	0.01803	0.02253	0.02073	0.01622	0.02073	0.01442	0.02163	0.01082	0.00811	0.00811	0.00270	0.01082	0.00721	0.00361	0.00901
23	0.01513	0.00756	0.00756	0.00756	0.00945	0.00756	0.00567	0.01891	0.01702	0.03025	0.02647	0.03025	0.02080	0.00945	0.00567	0.00189	0.00378	0.00756	0.75988	0.00756
24	0.09203	0.03179	0.02217	0.01920	0.02410	0.44081	0.01485	0.17120	0.02573	0.06278	0.01507	0.01631	0.01159	0.00870	0.00736	0.00223	0.01222	0.00579	0.00547	0.01060
25	0.27076	0.02280	0.05402	0.09128	0.16177	0.14646	0.03829	0.07622	0.01916	0.02990	0.01370	0.01678	0.01078	0.00785	0.00695	0.00243	0.00980	0.00593	0.00465	0.01044
26	0.15695	0.01592	0.02189	0.06011	0.25277	0.01652	0.01615	0.04910	0.07135	0.12306	0.08202	0.05811	0.02219	0.00992	0.00779	0.00254	0.00761	0.00850	0.00620	0.01130
27	0.01148	0.00829	0.01085	0.01021	0.01212	0.00766	0.00766	0.01531	0.02297	0.03254	0.65994	0.06061	0.07656	0.01659	0.00957	0.00255	0.00383	0.01467	0.00893	0.00766
28	0.01004	0.00824	0.00885	0.00869	0.01124	0.00704	0.00652	0.01252	0.01956	0.02445	0.22011	0.07392	0.52143	0.01960	0.00959	0.00270	0.00404	0.01654	0.00787	0.00704
29	0.02641	0.02052	0.02185	0.01777	0.02347	0.02309	0.01435	0.38986	0.29268	0.04398	0.02512	0.02397	0.01837	0.01027	0.00818	0.00257	0.00789	0.00808	0.00818	0.01340
30	0.01937	0.01855	0.03164	0.14705	0.57258	0.01909	0.02455	0.02427	0.01814	0.02564	0.01514	0.02032	0.01255	0.00736	0.00805	0.00245	0.00982	0.00723	0.00395	0.01227
31	0.01685	0.11351	0.60626	0.02215	0.03361	0.02024	0.02828	0.02555	0.01706	0.02500	0.01422	0.01670	0.01029	0.00763	0.00744	0.00248	0.01164	0.00582	0.00343	0.01183
32	0.01801	0.03012	0.30847	0.03064	0.08217	0.01973	0.33957	0.02579	0.01826	0.02590	0.01556	0.01977	0.01150	0.00723	0.00869	0.00264	0.01270	0.00792	0.00381	0.01151
33	0.01532	0.01442	0.02434	0.69533	0.05589	0.01803	0.02253	0.02073	0.01622	0.02073	0.01442	0.02163	0.01082	0.00811	0.00811	0.00270	0.01082	0.00721	0.00361	0.00901
34	0.01649	0.01492	0.02446	0.03564	0.42577	0.01473	0.01856	0.02026	0.01802	0.02537	0.07684	0.21848	0.02966	0.01315	0.00882	0.00267	0.00776	0.01233	0.00542	0.01065
35	0.02021	0.02097	0.03002	0.16200	0.37459	0.11852	0.07266	0.02474	0.01866	0.02413	0.01611	0.05060	0.01390	0.00835	0.00817	0.00248	0.01072	0.00783	0.00413	0.01118
36	0.01796	0.25493	0.35369	0.01983	0.02887	0.02227	0.07260	0.02438	0.01688	0.02346	0.01458	0.01757	0.01149	0.01018	0.04138	0.00282	0.01118	0.00597	0.03901	0.01095
37	0.00982	0.00731	0.00916	0.01065	0.01160	0.00665	0.00724	0.01137	0.01616	0.02097	0.05260	0.57680	0.18132	0.02440	0.01020	0.00318	0.00458	0.02182	0.00753	0.00665
38	0.02018	0.02475	0.09208	0.08122	0.09312	0.18785	0.19173	0.02449	0.01830	0.02214	0.01662	0.02503	0.01469	0.13614	0.01431	0.00345	0.01207	0.00809	0.00416	0.00958
39	0.01865	0.33897	0.39660	0.01908	0.02886	0.02466	0.02293	0.02508	0.01685	0.02280	0.01312	0.01533	0.01034	0.00737	0.00661	0.00220	0.01054	0.00527	0.00345	0.01130
40	0.02008	0.01928	0.03294	0.04981	0.66422	0.01928	0.02490	0.02490	0.01848	0.02651	0.01526	0.02008	0.01285	0.00723	0.00803	0.00241	0.00964	0.00723	0.00402	0.01285
41	0.01142	0.00825	0.01079	0.01025	0.01211	0.00762	0.00765	0.01516	0.02268	0.03208	0.63617	0.08568	0.07568	0.01693	0.00960	0.00258	0.00386	0.01500	0.00888	0.00762
42	0.02117	0.09862	0.20347	0.05957	0.12868	0.17314	0.15113	0.02681	0.01900	0.02366	0.01426	0.01781	0.01117	0.00755	0.00783	0.00239	0.01222	0.00665	0.00384	0.01101
43	0.02182	0.02714	0.08435	0.02968	0.16379	0.23484	0.19301	0.02643	0.02003	0.02368	0.02119	0.02424	0.07507	0.00883	0.00836	0.00244	0.01207	0.00810	0.00439	0.01053
44	0.01159	0.00869	0.01304	0.01304	0.01449	0.01014	0.01014	0.01449	0.01304	0.01884	0.02173	0.03188	0.02029	0.06086	0.68268	0.01304	0.02173	0.00869	0.00435	0.00724
45	0.01984	0.01904	0.03251	0.08210	0.63379	0.01922	0.02478	0.02469	0.01836	0.02622	0.01522	0.02016	0.01275	0.00727	0.00804	0.00242	0.00970	0.00723	0.00400	0.01266
46	0.01632	0.02379	0.20161	0.01876	0.07455	0.10933	0.01654	0.02158	0.05012	0.02311	0.03693	0.06539	0.20515	0.06279	0.01144	0.00299	0.03434	0.01054	0.00531	0.00940
47	0.01375	0.01444	0.08199	0.09295	0.18994	0.01230	0.01583	0.01725	0.01653	0.02272	0.03092	0.39000	0.03430	0.01713	0.00926	0.00293	0.00734	0.01561	0.00580	0.00901
48	0.02008	0.01928	0.03294	0.04981	0.66422	0.01928	0.02490	0.02490	0.01848	0.02651	0.01526	0.02008	0.01285	0.00723	0.00803	0.00241	0.00964	0.00723	0.00402	0.01285
49	0.02448	0.19676	0.03136	0.02977	0.25766	0.28226	0.01861	0.02770	0.01976	0.02210	0.01323	0.01623	0.01132	0.00760	0.00707	0.00212	0.01136	0.00574	0.00395	0.01091
50	0.01977	0.02115	0.08578	0.04760	0.61226	0.01924	0.02532	0.02497	0.01837	0.02644	0.01520	0.01984	0.01264	0.00727	0.00801	0.00242	0.00983	0.00713	0.00397	0.01278
51	0.01532	0.01442	0.02434	0.69533	0.05589	0.01803	0.02253	0.02073	0.01622	0.02073	0.01442	0.02163	0.01082	0.00811	0.00811	0.00270	0.01082	0.00721	0.00361	0.00901
52	0.02716	0.28760	0.03013	0.01834	0.02353	0.44462	0.01502	0.02944	0.02062	0.01958	0.01208	0.01404	0.01044	0.00784	0.00655	0.00196	0.01246	0.00490	0.00392	0.00977
53	0.02034	0.01668	0.13401	0.01546	0.05202	0.01136	0.01354	0.02426	0.01978	0.23792	0.07385	0.09866	0.21974	0.01427	0.00876	0.00265	0.00679	0.01200	0.00751	0.01041
54	0.01532	0.01442	0.02434	0.69533	0.05589	0.01803	0.02253	0.02073	0.01622	0.02073	0.01442	0.02163	0.01082	0.00811	0.00811	0.00270	0.01082	0.00721	0.00361	0.00901
55	0.01532	0.01442	0.02434	0.69533	0.05589	0.01803	0.02253	0.02073	0.01622	0.02073	0.01442	0.02163	0.01082	0.00811	0.00811	0.00270	0.01082	0.00721	0.00361	0.00901
56	0.05931	0.02914	0.11408	0.01870	0.02492	0.28694	0.01635	0.11143	0.02383	0.20928	0.01919	0.01923	0.01352	0.00889	0.00762	0.00234	0.01100	0.00640	0.00627	0.01156
57	0.01733	0.01464	0.01605	0.15613	0.02416	0.07814	0.01218	0.10577	0.02046	0.05485	0.03970	0.12874	0.20074	0.08096	0.01188	0.00317	0.00780	0.01233	0.00633	0.00865
58	0.01409	0.00705	0.01057	0.01057	0.01057	0.00705	0.00705	0.01057	0.01057	0.01409	0.01409	0.02467	0.01409	0.02819	0.03171	0.76392	0.00705	0.00705	0.00352	0.00352
59	0.02379	0.02793	0.06024	0.03582	0.35251	0.27939	0.02120	0.02763	0.01990	0.02354	0.01395	0.01769	0.01168	0.00802	0.00861	0.00235	0.04407	0.00638	0.00403	0.01127
60	0.02170	0.02136	0.02847	0.03379	0.31965	0.10469	0.07937	0.09041	0.11020	0.02886	0.02259	0.02494	0.05905	0.00905	0.00824	0.00247	0.00977	0.00817	0.00531	0.01190
61	0.01232	0.00815	0.01193	0.01193	0.01283	0.00904	0.00876	0.01312	0.01222	0.01719	0.01995	0.03191	0.01943	0.11556	0.43580	0.22497	0.01622	0.00853	0.00417	0.00596
62	0.01291	0.01123	0.01924	0.01961	0.07991	0.01068	0.12768	0.01589	0.01680	0.02261	0.03643	0.45433	0.04134	0.01991	0.01007	0.00315	0.00713	0.07644	0.00655	0.00809
63	0.02509	0.02223	0.02729	0.09930	0.30728	0.13487	0.01995	0.13987	0.02316	0.09721	0.01725	0.01997	0.01317	0.00827	0.00795	0.00240	0.01021	0.00699	0.00539	0.01215
64	0.20703	0.02959	0.21326	0.01845	0.02579	0.14018	0.01817	0.19738	0.02326	0.03436	0.01478	0.01638	0.01093	0.00835	0.00710	0.00243	0.01022	0.00583	0.00526	0.01125
65	0.08118	0.01689	0.02291	0.05197	0.05587	0.04729	0.14260	0.14571	0.02244	0.03111	0.06238	0.03597	0.16931	0.01153	0.00836	0.00254	0.00833	0.01012	0.06359	0.00990
66	0.13095	0.02914	0.16196	0.02596	0.13852	0.20680	0.08440	0.02866	0.07099	0.02645	0.01536	0.01795	0.01197	0.00797	0.00751	0.00243	0.01122	0.00640	0.00444	0.01091

[dist]
# distance from previous block
# <min> <max>
1	60

[block]
# block no. 2 follows, 23 sequences, length 26
# corresponding to MSA columns:
# 227-252
name=unknown_C
#
# <colnr> <probs for GDERKNQSTAVLIFYWHMCP>
#	G	D	E	R	K	N	Q	S	T	A	V	L	I	F	Y	W	H	M	C	P
0	0.02020	0.02312	0.07737	0.01875	0.06594	0.24935	0.01427	0.02335	0.01878	0.04900	0.08090	0.06986	0.02349	0.07070	0.15396	0.00503	0.01309	0.00878	0.00510	0.00895
1	0.02112	0.01992	0.02930	0.08754	0.40933	0.07672	0.05766	0.06304	0.02017	0.05332	0.02112	0.02455	0.06249	0.00867	0.00820	0.00245	0.00983	0.00799	0.00478	0.01179
2	0.02358	0.02210	0.02400	0.06530	0.16220	0.20438	0.04343	0.02787	0.04619	0.11313	0.04200	0.02253	0.01645	0.01364	0.07004	0.00336	0.04528	0.00728	0.00528	0.04197
3	0.01730	0.01335	0.01447	0.01266	0.01642	0.01392	0.00996	0.17942	0.11681	0.03260	0.11067	0.04820	0.25959	0.01816	0.05600	0.00332	0.00689	0.01204	0.04855	0.00969
4	0.01848	0.01565	0.01693	0.01566	0.01972	0.01774	0.01232	0.03736	0.51901	0.03224	0.06700	0.04086	0.05793	0.01301	0.00872	0.00285	0.00631	0.07832	0.00817	0.01171
5	0.02818	0.21237	0.02835	0.01862	0.02399	0.37750	0.01516	0.15528	0.02444	0.02612	0.01365	0.01521	0.01113	0.00828	0.00693	0.00207	0.01191	0.00543	0.00481	0.01058
6	0.01159	0.00869	0.01304	0.01304	0.01449	0.01014	0.01014	0.01449	0.01304	0.01884	0.02173	0.03188	0.02029	0.06086	0.68268	0.01304	0.02173	0.00869	0.00435	0.00724
7	0.01734	0.20996	0.47339	0.02000	0.03010	0.02148	0.02455	0.02470	0.01733	0.02447	0.05393	0.01881	0.01444	0.00807	0.00720	0.00236	0.01065	0.00612	0.00378	0.01133
8	0.02008	0.01928	0.03294	0.04981	0.66422	0.01928	0.02490	0.02490	0.01848	0.02651	0.01526	0.02008	0.01285	0.00723	0.00803	0.00241	0.00964	0.00723	0.00402	0.01285
9	0.01409	0.00705	0.01057	0.01057	0.01057	0.00705	0.00705	0.01057	0.01057	0.01409	0.01409	0.02467	0.01409	0.02819	0.03171	0.76392	0.00705	0.00705	0.00352	0.00352
10	0.02927	0.14205	0.02580	0.01953	0.02423	0.55171	0.01523	0.03149	0.02201	0.04958	0.01324	0.01498	0.01089	0.00822	0.00703	0.00206	0.01336	0.00522	0.00434	0.00976
11	0.01562	0.01485	0.01894	0.01728	0.01819	0.06366	0.01386	0.01786	0.01361	0.01934	0.01743	0.06639	0.01725	0.03355	0.29224	0.00731	0.33172	0.00861	0.00417	0.00810
12	0.01159	0.00869	0.01304	0.01304	0.01449	0.01014	0.01014	0.01449	0.01304	0.01884	0.02173	0.03188	0.02029	0.06086	0.68268	0.01304	0.02173	0.00869	0.00435	0.00724
13	0.01627	0.04197	0.67279	0.02313	0.03512	0.01884	0.02998	0.02570	0.01713	0.02570	0.01456	0.01713	0.01028	0.00771	0.00771	0.00257	0.01199	0.00600	0.00343	0.01199
14	0.01683	0.01442	0.01683	0.01202	0.01923	0.01082	0.00961	0.02043	0.01683	0.02644	0.01442	0.01683	0.01202	0.00601	0.00601	0.00120	0.00601	0.00481	0.00481	0.76444
15	0.03085	0.02273	0.02435	0.01867	0.02516	0.02516	0.01542	0.63716	0.03815	0.05114	0.01948	0.01948	0.01380	0.00974	0.00812	0.00244	0.00893	0.00731	0.00812	0.01380
16	0.02854	0.02158	0.02305	0.01820	0.02428	0.02408	0.01486	0.50847	0.17060	0.04741	0.02242	0.02182	0.01618	0.01002	0.00815	0.00250	0.00839	0.00771	0.00815	0.01359
17	0.02169	0.71972	0.04252	0.01388	0.02083	0.03211	0.01388	0.02430	0.01649	0.01909	0.01128	0.01302	0.01041	0.00694	0.00521	0.00174	0.00868	0.00434	0.00347	0.01041
18	0.02267	0.01867	0.01975	0.01702	0.02205	0.02134	0.01344	0.18160	0.50702	0.03795	0.02987	0.02776	0.02221	0.01071	0.00822	0.00268	0.00701	0.00874	0.00822	0.01307
19	0.01180	0.00787	0.00885	0.00885	0.00885	0.00787	0.00492	0.01180	0.01180	0.01573	0.02557	0.05310	0.02950	0.71483	0.04130	0.00787	0.00787	0.01180	0.00492	0.00492
20	0.02169	0.71972	0.04252	0.01388	0.02083	0.03211	0.01388	0.02430	0.01649	0.01909	0.01128	0.01302	0.01041	0.00694	0.00521	0.00174	0.00868	0.00434	0.00347	0.01041
21	0.01627	0.04197	0.67279	0.02313	0.03512	0.01884	0.02998	0.02570	0.01713	0.02570	0.01456	0.01713	0.01028	0.00771	0.00771	0.00257	0.01199	0.00600	0.00343	0.01199
22	0.02093	0.53814	0.03729	0.01540	0.02079	0.05859	0.01443	0.02339	0.01593	0.01919	0.01173	0.01478	0.01093	0.01079	0.04122	0.00259	0.12530	0.00505	0.00356	0.00996
23	0.01665	0.08935	0.62873	0.02248	0.03412	0.01977	0.02885	0.02560	0.01709	0.02524	0.01433	0.01684	0.01029	0.00766	0.00753	0.00251	0.01176	0.00588	0.00343	0.01188
24	0.01975	0.01913	0.03323	0.08740	0.59424	0.01927	0.05786	0.02471	0.01838	0.02614	0.01528	0.02027	0.01270	0.00726	0.00812	0.00245	0.00993	0.00736	0.00400	0.01252
25	0.01644	0.01534	0.01448	0.01405	0.01730	0.10259	0.01111	0.02518	0.20734	0.02624	0.07417	0.05765	0.21514	0.01632	0.00926	0.00288	0.00699	0.15101	0.00734	0.00916

[dist]
# distance from previous block
# <min> <max>
0	1

[block]
# block no. 3 follows, 23 sequences, length 103
# corresponding to MSA columns:
# 254-356
name=unknown_D
#
# <colnr> <probs for GDERKNQSTAVLIFYWHMCP>
#	G	D	E	R	K	N	Q	S	T	A	V	L	I	F	Y	W	H	M	C	P
0	0.01439	0.01096	0.01285	0.01207	0.01507	0.01027	0.00889	0.08740	0.04680	0.02654	0.03783	0.36778	0.09534	0.01783	0.00883	0.00263	0.00544	0.01564	0.04140	0.16204
1	0.01354	0.00807	0.01001	0.01001	0.01171	0.00872	0.00767	0.01693	0.01524	0.02514	0.02435	0.03098	0.02057	0.03245	0.30854	0.00688	0.01181	0.00807	0.42189	0.00742
2	0.01130	0.00831	0.01066	0.01111	0.01253	0.00796	0.00793	0.01523	0.05912	0.02721	0.33867	0.35583	0.06281	0.02028	0.00985	0.00291	0.00439	0.01817	0.00825	0.00750
3	0.01683	0.01442	0.01683	0.01202	0.01923	0.01082	0.00961	0.02043	0.01683	0.02644	0.01442	0.01683	0.01202	0.00601	0.00601	0.00120	0.00601	0.00481	0.00481	0.76444
4	0.01925	0.01843	0.03143	0.16320	0.55735	0.01906	0.02449	0.02417	0.01808	0.02549	0.01512	0.02036	0.01250	0.00738	0.00805	0.00246	0.00985	0.00723	0.00394	0.01218
5	0.02327	0.12433	0.02913	0.02152	0.02499	0.27741	0.08386	0.02584	0.01778	0.02030	0.01209	0.01635	0.01072	0.01014	0.01437	0.00265	0.26562	0.00627	0.00384	0.00952
6	0.02866	0.16939	0.02674	0.01956	0.02427	0.55747	0.01533	0.03085	0.02175	0.01971	0.01230	0.01432	0.01044	0.00809	0.00691	0.00202	0.01349	0.00506	0.00404	0.00960
7	0.02018	0.02576	0.22783	0.03142	0.27003	0.01818	0.04998	0.07596	0.01975	0.06213	0.01622	0.01917	0.01238	0.00755	0.00775	0.00232	0.00986	0.00669	0.00460	0.11224
8	0.02557	0.16103	0.03222	0.02254	0.02790	0.37996	0.15186	0.02879	0.02037	0.02105	0.01306	0.01610	0.01087	0.00807	0.00845	0.00224	0.04990	0.00612	0.00400	0.00991
9	0.01180	0.00787	0.00885	0.00885	0.00885	0.00787	0.00492	0.01180	0.01180	0.01573	0.02557	0.05310	0.02950	0.71483	0.04130	0.00787	0.00787	0.01180	0.00492	0.00492
10	0.02046	0.02174	0.03664	0.03779	0.29521	0.07597	0.26112	0.02675	0.05616	0.02581	0.01629	0.02081	0.01303	0.00777	0.00958	0.00259	0.04830	0.00809	0.00429	0.01160
11	0.01223	0.01090	0.01540	0.01360	0.01688	0.01014	0.09786	0.01692	0.07445	0.02407	0.09061	0.15727	0.35998	0.01833	0.00967	0.00286	0.00594	0.04770	0.00717	0.00801
12	0.01008	0.00715	0.00936	0.01104	0.01147	0.00672	0.00726	0.01135	0.01515	0.02020	0.04273	0.64135	0.05116	0.09703	0.01357	0.00377	0.00504	0.02190	0.00726	0.00642
13	0.01627	0.04197	0.67279	0.02313	0.03512	0.01884	0.02998	0.02570	0.01713	0.02570	0.01456	0.01713	0.01028	0.00771	0.00771	0.00257	0.01199	0.00600	0.00343	0.01199
14	0.02149	0.02229	0.03238	0.04278	0.48554	0.11611	0.08261	0.02680	0.04353	0.02578	0.01566	0.01986	0.01291	0.00750	0.00809	0.00241	0.01064	0.00724	0.00421	0.01216
15	0.01978	0.01943	0.03066	0.10396	0.55038	0.05358	0.02346	0.02440	0.01851	0.02546	0.01772	0.02226	0.03849	0.00790	0.00806	0.00243	0.00979	0.00752	0.00413	0.01209
16	0.01002	0.00777	0.00919	0.01022	0.01183	0.00694	0.00738	0.01192	0.01713	0.02155	0.06140	0.37434	0.32563	0.02298	0.01008	0.00308	0.00467	0.06956	0.00753	0.00678
17	0.02404	0.20750	0.06895	0.02322	0.02972	0.28343	0.20194	0.02806	0.01988	0.02181	0.01349	0.01653	0.01099	0.00751	0.00748	0.00222	0.01269	0.00635	0.00394	0.01026
18	0.02267	0.20730	0.14161	0.05784	0.05600	0.02448	0.12986	0.20812	0.02363	0.03141	0.01553	0.01797	0.01187	0.00796	0.00755	0.00234	0.01036	0.00671	0.00500	0.01181
19	0.02169	0.71972	0.04252	0.01388	0.02083	0.03211	0.01388	0.02430	0.01649	0.01909	0.01128	0.01302	0.01041	0.00694	0.00521	0.00174	0.00868	0.00434	0.00347	0.01041
20	0.00972	0.00812	0.00847	0.00861	0.01110	0.00687	0.00637	0.01181	0.01846	0.02238	0.10962	0.13474	0.57435	0.02078	0.00966	0.00278	0.00415	0.01754	0.00761	0.00687
21	0.02148	0.26193	0.04016	0.02903	0.16866	0.05471	0.22113	0.06404	0.01946	0.02504	0.01442	0.01796	0.01179	0.00721	0.00754	0.00227	0.01082	0.00692	0.00412	0.01129
22	0.01955	0.01865	0.03133	0.12054	0.56773	0.01918	0.02410	0.02524	0.04613	0.02619	0.01595	0.02071	0.01315	0.00750	0.00805	0.00246	0.00963	0.00731	0.00416	0.01242
23	0.01840	0.01756	0.02989	0.27810	0.44908	0.01884	0.02407	0.02343	0.01768	0.02447	0.01497	0.02063	0.01213	0.00754	0.00806	0.00251	0.01006	0.00722	0.00387	0.01150
24	0.02503	0.02779	0.02822	0.03578	0.35654	0.30456	0.02045	0.05969	0.02143	0.02492	0.01431	0.01771	0.01187	0.00785	0.00773	0.00227	0.01175	0.00637	0.00430	0.01142
25	0.01862	0.18307	0.29201	0.02677	0.11760	0.02246	0.14372	0.02502	0.01733	0.02409	0.01410	0.01759	0.01107	0.00764	0.00853	0.00245	0.04632	0.00656	0.00366	0.01140
26	0.02247	0.02551	0.02729	0.14706	0.10158	0.26554	0.08790	0.02677	0.04394	0.02194	0.01408	0.01852	0.01160	0.00922	0.01146	0.00261	0.14169	0.00680	0.00410	0.00992
27	0.01780	0.01774	0.03248	0.32768	0.26211	0.01901	0.15824	0.02333	0.01764	0.02388	0.01515	0.02116	0.01185	0.00753	0.00841	0.00261	0.01104	0.00774	0.00386	0.01076
28	0.02072	0.02276	0.03662	0.11119	0.24270	0.12039	0.27465	0.02602	0.01919	0.02464	0.01523	0.02017	0.01204	0.00734	0.00857	0.00253	0.01220	0.00789	0.00403	0.01111
29	0.01036	0.00825	0.00928	0.00903	0.01143	0.00718	0.00677	0.01313	0.02031	0.02623	0.31646	0.07100	0.42398	0.01894	0.00958	0.00266	0.00400	0.01613	0.00810	0.00718
30	0.03641	0.01381	0.01883	0.01444	0.02071	0.01193	0.01193	0.03954	0.02322	0.66984	0.03201	0.02762	0.02009	0.01004	0.00816	0.00251	0.00690	0.00816	0.01004	0.01381
31	0.01582	0.09121	0.02011	0.01590	0.01780	0.07185	0.01296	0.01833	0.01408	0.01913	0.01699	0.02477	0.01593	0.03867	0.38474	0.00847	0.19350	0.00752	0.00403	0.00819
32	0.02518	0.01948	0.02191	0.14724	0.02911	0.04996	0.01550	0.33985	0.09371	0.07618	0.02591	0.02648	0.07206	0.01048	0.00823	0.00254	0.00874	0.00831	0.00715	0.01197
33	0.01100	0.00867	0.01019	0.01095	0.01333	0.00786	0.00897	0.01374	0.01857	0.02288	0.06629	0.08354	0.41183	0.02131	0.01025	0.00314	0.00547	0.25740	0.00751	0.00710
34	0.02069	0.02043	0.03235	0.04809	0.62637	0.05853	0.02436	0.02535	0.01874	0.02612	0.01510	0.01976	0.01271	0.00730	0.00799	0.00239	0.00994	0.00711	0.00403	0.01265
35	0.01133	0.00924	0.01307	0.01304	0.01496	0.00869	0.06042	0.01459	0.04937	0.02233	0.04989	0.43875	0.18207	0.02186	0.01007	0.00313	0.00559	0.05694	0.00728	0.00739
36	0.02059	0.02152	0.02841	0.24112	0.35603	0.14614	0.02241	0.02507	0.01866	0.02347	0.01448	0.01951	0.01177	0.00772	0.00792	0.00244	0.01096	0.00684	0.00392	0.01102
37	0.77215	0.01569	0.01193	0.01067	0.01569	0.01820	0.00879	0.02385	0.01381	0.03641	0.01130	0.01318	0.00879	0.00753	0.00502	0.00251	0.00628	0.00439	0.00502	0.00879
38	0.03031	0.03867	0.02299	0.02090	0.02508	0.68226	0.01568	0.03240	0.02299	0.01986	0.01254	0.01463	0.01045	0.00836	0.00732	0.00209	0.01463	0.00523	0.00418	0.00941
39	0.02069	0.13611	0.26886	0.02743	0.18353	0.13555	0.02278	0.02755	0.05830	0.02442	0.01506	0.01763	0.01187	0.00780	0.00738	0.00233	0.01103	0.00612	0.00401	0.01157
40	0.01167	0.00839	0.01149	0.01149	0.01240	0.00930	0.00821	0.01349	0.01258	0.01769	0.02315	0.03974	0.02370	0.30325	0.44496	0.01112	0.01659	0.00985	0.00456	0.00638
41	0.01180	0.00787	0.00885	0.00885	0.00885	0.00787	0.00492	0.01180	0.01180	0.01573	0.02557	0.05310	0.02950	0.71483	0.04130	0.00787	0.00787	0.01180	0.00492	0.00492
42	0.01926	0.02070	0.08814	0.11254	0.51263	0.01916	0.02449	0.02547	0.05027	0.02622	0.01602	0.02050	0.01302	0.00756	0.00802	0.00247	0.00981	0.00722	0.00414	0.01238
43	0.01863	0.02703	0.23367	0.03688	0.28221	0.01952	0.21194	0.02548	0.01827	0.02610	0.01540	0.01973	0.01190	0.00726	0.00840	0.00256	0.01159	0.00757	0.00386	0.01201
44	0.01955	0.01892	0.03059	0.11965	0.53936	0.04247	0.02369	0.02429	0.01840	0.02550	0.01650	0.02374	0.01428	0.00815	0.00818	0.00250	0.00984	0.03821	0.00415	0.01202
45	0.02208	0.02307	0.03099	0.04415	0.53916	0.14900	0.02310	0.02637	0.01936	0.02521	0.01473	0.01902	0.01238	0.00745	0.00789	0.00235	0.01062	0.00684	0.00405	0.01218
46	0.01159	0.00869	0.01304	0.01304	0.01449	0.01014	0.01014	0.01449	0.01304	0.01884	0.02173	0.03188	0.02029	0.06086	0.68268	0.01304	0.02173	0.00869	0.00435	0.00724
47	0.01217	0.00989	0.01104	0.01061	0.01320	0.00949	0.00820	0.06434	0.01995	0.02515	0.11638	0.12243	0.43504	0.01952	0.01051	0.00285	0.04062	0.05349	0.00749	0.00761
48	0.01828	0.08138	0.03677	0.02630	0.03108	0.02213	0.32055	0.02271	0.01615	0.02261	0.01447	0.02055	0.01226	0.01384	0.07131	0.00378	0.24383	0.00821	0.00388	0.00989
49	0.03641	0.01381	0.01883	0.01444	0.02071	0.01193	0.01193	0.03954	0.02322	0.66984	0.03201	0.02762	0.02009	0.01004	0.00816	0.00251	0.00690	0.00816	0.01004	0.01381
50	0.00968	0.00816	0.00839	0.00846	0.01105	0.00687	0.00629	0.01177	0.01852	0.02228	0.10342	0.10955	0.60660	0.02064	0.00963	0.00276	0.00413	0.01733	0.00759	0.00687
51	0.01857	0.17253	0.49339	0.02115	0.03147	0.08033	0.02560	0.02602	0.01753	0.02390	0.01375	0.01611	0.01032	0.00762	0.00719	0.00237	0.01159	0.00561	0.00350	0.01146
52	0.01593	0.00834	0.00842	0.00813	0.01025	0.00846	0.00617	0.05040	0.01809	0.03132	0.02611	0.02970	0.02044	0.00947	0.00580	0.00192	0.00404	0.00755	0.72159	0.00788
53	0.01159	0.00869	0.01304	0.01304	0.01449	0.01014	0.01014	0.01449	0.01304	0.01884	0.02173	0.03188	0.02029	0.06086	0.68268	0.01304	0.02173	0.00869	0.00435	0.00724
54	0.02216	0.03374	0.25483	0.03077	0.22952	0.24036	0.02361	0.02768	0.01951	0.02400	0.01411	0.01723	0.01115	0.00778	0.00768	0.00236	0.01213	0.00613	0.00386	0.01140
55	0.02440	0.08079	0.21967	0.02185	0.02856	0.37747	0.05298	0.02895	0.02014	0.02187	0.01319	0.01581	0.01051	0.00827	0.00831	0.00231	0.04504	0.00572	0.00388	0.01030
56	0.11542	0.01242	0.01549	0.01258	0.01748	0.01145	0.01019	0.03123	0.02153	0.41694	0.14963	0.03250	0.02967	0.01095	0.00784	0.00246	0.00596	0.00892	0.07585	0.01149
57	0.01000	0.00749	0.00933	0.01073	0.01186	0.00682	0.00751	0.01171	0.01648	0.02123	0.05418	0.51189	0.20814	0.02400	0.01021	0.00318	0.00472	0.05628	0.00753	0.00671
58	0.02185	0.37299	0.04013	0.06122	0.02985	0.12398	0.19643	0.02578	0.01821	0.02132	0.01316	0.01636	0.01100	0.00719	0.00697	0.00214	0.01115	0.00617	0.00377	0.01034
59	0.01023	0.00799	0.00927	0.00950	0.01149	0.00704	0.00692	0.01267	0.01919	0.02485	0.24787	0.21196	0.35121	0.02043	0.00975	0.00281	0.00416	0.01770	0.00796	0.00704
60	0.01585	0.00826	0.00834	0.00808	0.01018	0.00837	0.00612	0.04743	0.01799	0.03122	0.02615	0.02975	0.02047	0.00947	0.00578	0.00192	0.00402	0.00755	0.72519	0.00785
61	0.02008	0.01928	0.03294	0.04981	0.66422	0.01928	0.02490	0.02490	0.01848	0.02651	0.01526	0.02008	0.01285	0.00723	0.00803	0.00241	0.00964	0.00723	0.00402	0.01285
62	0.02169	0.71972	0.04252	0.01388	0.02083	0.03211	0.01388	0.02430	0.01649	0.01909	0.01128	0.01302	0.01041	0.00694	0.00521	0.00174	0.00868	0.00434	0.00347	0.01041
63	0.01159	0.00869	0.01304	0.01304	0.01449	0.01014	0.01014	0.01449	0.01304	0.01884	0.02173	0.03188	0.02029	0.06086	0.68268	0.01304	0.02173	0.00869	0.00435	0.00724
64	0.00989	0.00706	0.00942	0.01130	0.01177	0.00659	0.00753	0.01130	0.01554	0.02071	0.04472	0.70954	0.05367	0.02542	0.01036	0.00330	0.00471	0.02307	0.00753	0.00659
65	0.01887	0.25029	0.43701	0.01999	0.03007	0.02334	0.02408	0.06386	0.01826	0.02526	0.01386	0.01601	0.01054	0.00760	0.00696	0.00230	0.01077	0.00557	0.00374	0.01162
66	0.01394	0.00874	0.01059	0.01033	0.01282	0.00768	0.00766	0.01633	0.01927	0.11812	0.17676	0.23444	0.29373	0.01954	0.00958	0.00282	0.00462	0.01692	0.00817	0.00795
67	0.01192	0.00918	0.01367	0.01348	0.01485	0.01093	0.01055	0.01476	0.01301	0.01887	0.02114	0.03112	0.01977	0.05837	0.64766	0.01253	0.05794	0.00861	0.00430	0.00733
68	0.02616	0.03198	0.02032	0.01855	0.02223	0.53362	0.01391	0.02864	0.02299	0.02265	0.15519	0.02476	0.02502	0.01017	0.00781	0.00219	0.01225	0.00731	0.00523	0.00902
69	0.03031	0.03867	0.02299	0.02090	0.02508	0.68226	0.01568	0.03240	0.02299	0.01986	0.01254	0.01463	0.01045	0.00836	0.00732	0.00209	0.01463	0.00523	0.00418	0.00941
