[name]
unknown

[dist]
# distance from previous block
# <min> <max>
0	161

[block]
# block no. 0 follows, 23 sequences, length 261
# corresponding to MSA columns:
# 192-452
name=unknown_A
#
# <colnr> <probs for GDERKNQSTAVLIFYWHMCP>
#	G	D	E	R	K	N	Q	S	T	A	V	L	I	F	Y	W	H	M	C	P
0	0.01825	0.11670	0.15302	0.04677	0.02701	0.11460	0.09758	0.02318	0.01868	0.02330	0.02414	0.04340	0.02352	0.01282	0.00882	0.00283	0.01050	0.22026	0.00507	0.00955
1	0.05692	0.05865	0.22897	0.02387	0.06002	0.08662	0.16233	0.08398	0.02054	0.05377	0.04422	0.02029	0.01455	0.00812	0.00794	0.00244	0.01101	0.00720	0.00477	0.04379
2	0.02030	0.05249	0.10047	0.04624	0.02328	0.05570	0.04007	0.18237	0.02192	0.03047	0.01864	0.02340	0.01520	0.04960	0.10468	0.00408	0.04224	0.00727	0.10914	0.05243
3	0.02014	0.47745	0.20505	0.01654	0.02459	0.02753	0.01800	0.02641	0.07533	0.02219	0.01415	0.01569	0.01171	0.00752	0.00614	0.00205	0.00933	0.00522	0.00390	0.01105
4	0.12971	0.12667	0.43243	0.02107	0.03100	0.02067	0.08073	0.02526	0.01674	0.02644	0.01381	0.01644	0.01026	0.00750	0.00715	0.00246	0.01086	0.00587	0.00373	0.01121
5	0.05369	0.11853	0.19965	0.01875	0.02401	0.08387	0.01851	0.04997	0.01679	0.02381	0.01493	0.04285	0.01308	0.01323	0.05025	0.00326	0.20138	0.00683	0.03665	0.00996
6	0.08788	0.53265	0.15514	0.01529	0.02298	0.02843	0.01637	0.02451	0.01637	0.02185	0.01188	0.01378	0.01024	0.00714	0.00565	0.00196	0.00907	0.00465	0.00360	0.01056
7	0.08302	0.06489	0.43344	0.02250	0.03207	0.01944	0.11565	0.02492	0.01688	0.02628	0.01474	0.01791	0.01093	0.00792	0.00845	0.00257	0.04414	0.00643	0.03668	0.01114
8	0.01187	0.00911	0.01358	0.01342	0.01480	0.01081	0.01049	0.01472	0.01301	0.01887	0.02123	0.03123	0.01985	0.05873	0.65281	0.01261	0.05261	0.00862	0.00431	0.00732
9	0.17726	0.22117	0.17888	0.06227	0.16598	0.02250	0.01945	0.02446	0.01649	0.02597	0.01310	0.01605	0.01060	0.00737	0.00653	0.00229	0.00927	0.00553	0.00391	0.01089
10	0.02056	0.57744	0.17483	0.01582	0.02383	0.02932	0.01726	0.02459	0.01662	0.02048	0.01197	0.01388	0.01038	0.00710	0.00573	0.00191	0.00937	0.00469	0.00346	0.01074
11	0.01160	0.00865	0.01284	0.01284	0.01422	0.01003	0.00989	0.01436	0.01298	0.01869	0.02192	0.03289	0.02073	0.09213	0.65200	0.01279	0.02107	0.00884	0.00437	0.00713
12	0.02003	0.01943	0.03379	0.04891	0.62858	0.01935	0.05985	0.02497	0.01851	0.02648	0.01533	0.02019	0.01282	0.00721	0.00812	0.00243	0.00987	0.00736	0.00402	0.01274
13	0.53534	0.08052	0.01387	0.01029	0.01481	0.01719	0.00859	0.02281	0.01477	0.03342	0.01462	0.01690	0.01157	0.00790	0.00518	0.00230	0.00596	0.00508	0.17021	0.00867
14	0.01027	0.00825	0.00917	0.00894	0.01138	0.00714	0.00670	0.01297	0.02011	0.02576	0.29110	0.07177	0.44963	0.01912	0.00958	0.00267	0.00401	0.01624	0.00804	0.00714
15	0.03077	0.02498	0.02416	0.01898	0.02515	0.11783	0.01546	0.55188	0.03601	0.04673	0.01850	0.01880	0.01333	0.00955	0.00800	0.00239	0.00973	0.00701	0.00756	0.01318
16	0.01159	0.00869	0.01304	0.01304	0.01449	0.01014	0.01014	0.01449	0.01304	0.01884	0.02173	0.03188	0.02029	0.06086	0.68268	0.01304	0.02173	0.00869	0.00435	0.00724
17	0.54835	0.01699	0.01517	0.01270	0.01815	0.01908	0.01047	0.15405	0.01979	0.09820	0.01494	0.01584	0.01089	0.00823	0.00596	0.00249	0.00689	0.00535	0.00614	0.01031
18	0.01084	0.00775	0.01049	0.01222	0.01315	0.00739	0.00904	0.01301	0.01680	0.02234	0.07868	0.50606	0.05306	0.02411	0.01054	0.00337	0.00541	0.18124	0.00759	0.00689
19	0.01026	0.00796	0.00944	0.01033	0.01211	0.00714	0.00767	0.01240	0.01768	0.02232	0.09080	0.30386	0.33294	0.02235	0.01008	0.00307	0.00477	0.10034	0.00759	0.00688
20	0.00982	0.00730	0.00916	0.01065	0.01160	0.00665	0.00725	0.01137	0.01616	0.02097	0.05259	0.57698	0.18114	0.02440	0.01020	0.00318	0.00458	0.02182	0.00753	0.00665
21	0.02008	0.01928	0.03294	0.04981	0.66422	0.01928	0.02490	0.02490	0.01848	0.02651	0.01526	0.02008	0.01285	0.00723	0.00803	0.00241	0.00964	0.00723	0.00402	0.01285
22	0.02008	0.01928	0.03294	0.04981	0.66422	0.01928	0.02490	0.02490	0.01848	0.02651	0.01526	0.02008	0.01285	0.00723	0.00803	0.00241	0.00964	0.00723	0.00402	0.01285
23	0.01061	0.00826	0.00963	0.00929	0.01158	0.00728	0.00696	0.01361	0.02089	0.02762	0.39208	0.06872	0.34749	0.01843	0.00958	0.00264	0.00396	0.01581	0.00828	0.00728
24	0.01769	0.00948	0.01264	0.01155	0.01430	0.00855	0.00875	0.02082	0.02144	0.19739	0.36296	0.19123	0.05681	0.01677	0.00937	0.00270	0.00482	0.01476	0.00892	0.00904
25	0.01739	0.01653	0.02807	0.41514	0.31993	0.01857	0.02356	0.02254	0.01720	0.02324	0.01479	0.02096	0.01170	0.00773	0.00808	0.00258	0.01031	0.00722	0.00378	0.01068
26	0.01532	0.01442	0.02434	0.69533	0.05589	0.01803	0.02253	0.02073	0.01622	0.02073	0.01442	0.02163	0.01082	0.00811	0.00811	0.00270	0.01082	0.00721	0.00361	0.00901
27	0.03055	0.02094	0.02283	0.01760	0.02382	0.02278	0.01451	0.53958	0.03539	0.11517	0.02119	0.02094	0.01485	0.00976	0.00798	0.00241	0.00843	0.00741	0.05040	0.01345
28	0.00959	0.00822	0.00822	0.00822	0.01096	0.00685	0.00617	0.01165	0.01850	0.02192	0.08220	0.07809	0.66092	0.02055	0.00959	0.00274	0.00411	0.01713	0.00754	0.00685
29	0.03031	0.03867	0.02299	0.02090	0.02508	0.68226	0.01568	0.03240	0.02299	0.01986	0.01254	0.01463	0.01045	0.00836	0.00732	0.00209	0.01463	0.00523	0.00418	0.00941
30	0.02169	0.71972	0.04252	0.01388	0.02083	0.03211	0.01388	0.02430	0.01649	0.01909	0.01128	0.01302	0.01041	0.00694	0.00521	0.00174	0.00868	0.00434	0.00347	0.01041
31	0.01409	0.00705	0.01057	0.01057	0.01057	0.00705	0.00705	0.01057	0.01057	0.01409	0.01409	0.02467	0.01409	0.02819	0.03171	0.76392	0.00705	0.00705	0.00352	0.00352
32	0.02441	0.02241	0.01970	0.01674	0.02032	0.19596	0.01286	0.24554	0.02471	0.03086	0.01852	0.02599	0.01644	0.16421	0.01679	0.00361	0.07532	0.00773	0.04801	0.00987
33	0.01082	0.00757	0.00954	0.01030	0.01093	0.00721	0.00674	0.01230	0.01592	0.02163	0.16786	0.36743	0.05089	0.23979	0.01990	0.00457	0.00551	0.01777	0.00701	0.00629
34	0.01180	0.00787	0.00885	0.00885	0.00885	0.00787	0.00492	0.01180	0.01180	0.01573	0.02557	0.05310	0.02950	0.71483	0.04130	0.00787	0.00787	0.01180	0.00492	0.00492
35	0.01513	0.00756	0.00756	0.00756	0.00945	0.00756	0.00567	0.01891	0.01702	0.03025	0.02647	0.03025	0.02080	0.00945	0.00567	0.00189	0.00378	0.00756	0.75988	0.00756
36	0.01761	0.19194	0.50346	0.02158	0.03228	0.02188	0.05446	0.02540	0.01708	0.02424	0.01392	0.01644	0.01040	0.00750	0.00724	0.00239	0.01133	0.00579	0.00347	0.01159
37	0.01527	0.01404	0.02338	0.58345	0.07941	0.01704	0.02151	0.02045	0.01662	0.02143	0.01790	0.02998	0.01523	0.00979	0.00848	0.00281	0.01036	0.07975	0.00409	0.00901
38	0.01148	0.00829	0.01085	0.01021	0.01212	0.00766	0.00766	0.01531	0.02297	0.03254	0.65994	0.06061	0.07656	0.01659	0.00957	0.00255	0.00383	0.01467	0.00893	0.00766
39	0.02098	0.44791	0.17135	0.01718	0.02427	0.08889	0.01780	0.02489	0.01684	0.02059	0.01203	0.01448	0.01041	0.00792	0.00795	0.00212	0.07533	0.00503	0.00353	0.01051
40	0.02982	0.07770	0.02411	0.02050	0.02484	0.64500	0.01558	0.03194	0.02262	0.01981	0.01247	0.01454	0.01045	0.00828	0.00720	0.00207	0.01429	0.00518	0.00414	0.00946
41	0.02169	0.71972	0.04252	0.01388	0.02083	0.03211	0.01388	0.02430	0.01649	0.01909	0.01128	0.01302	0.01041	0.00694	0.00521	0.00174	0.00868	0.00434	0.00347	0.01041
42	0.03046	0.03411	0.02338	0.02026	0.02511	0.49407	0.01560	0.20560	0.02734	0.02882	0.01453	0.01602	0.01141	0.00876	0.00755	0.00219	0.01300	0.00582	0.00531	0.01066
43	0.77215	0.01569	0.01193	0.01067	0.01569	0.01820	0.00879	0.02385	0.01381	0.03641	0.01130	0.01318	0.00879	0.00753	0.00502	0.00251	0.00628	0.00439	0.00502	0.00879
44	0.05388	0.19259	0.36535	0.02003	0.02894	0.16107	0.02242	0.02671	0.01807	0.02346	0.01326	0.01551	0.01028	0.00767	0.00694	0.00228	0.01155	0.00539	0.00367	0.01095
45	0.03031	0.03867	0.02299	0.02090	0.02508	0.68226	0.01568	0.03240	0.02299	0.01986	0.01254	0.01463	0.01045	0.00836	0.00732	0.00209	0.01463	0.00523	0.00418	0.00941
46	0.01446	0.00902	0.01120	0.01075	0.01226	0.00955	0.00773	0.04262	0.01509	0.05288	0.02445	0.03779	0.02315	0.26078	0.25876	0.00789	0.01190	0.00938	0.17319	0.00714
47	0.02184	0.65104	0.04069	0.01460	0.02104	0.05975	0.01418	0.02438	0.01654	0.01915	0.01130	0.01335	0.01043	0.00741	0.00650	0.00185	0.04763	0.00453	0.00351	0.01028
48	0.01268	0.01020	0.01270	0.01259	0.01388	0.04728	0.00934	0.01492	0.01333	0.01823	0.02204	0.03543	0.02170	0.19727	0.50821	0.01133	0.01838	0.00916	0.00446	0.00687
49	0.00989	0.00706	0.00942	0.01130	0.01177	0.00659	0.00753	0.01130	0.01554	0.02071	0.04472	0.70954	0.05367	0.02542	0.01036	0.00330	0.00471	0.02307	0.00753	0.00659
50	0.01412	0.01312	0.02095	0.55109	0.04646	0.01568	0.01910	0.01882	0.01670	0.02098	0.02865	0.03348	0.14729	0.01072	0.00842	0.00271	0.00941	0.00929	0.00443	0.00856
51	0.03085	0.02273	0.02435	0.01867	0.02516	0.02516	0.01542	0.63716	0.03815	0.05114	0.01948	0.01948	0.01380	0.00974	0.00812	0.00244	0.00893	0.00731	0.00812	0.01380
52	0.03641	0.01381	0.01883	0.01444	0.02071	0.01193	0.01193	0.03954	0.02322	0.66984	0.03201	0.02762	0.02009	0.01004	0.00816	0.00251	0.00690	0.00816	0.01004	0.01381
53	0.00989	0.00706	0.00942	0.01130	0.01177	0.00659	0.00753	0.01130	0.01554	0.02071	0.04472	0.70954	0.05367	0.02542	0.01036	0.00330	0.00471	0.02307	0.00753	0.00659
54	0.00959	0.00822	0.00822	0.00822	0.01096	0.00685	0.00617	0.01165	0.01850	0.02192	0.08220	0.07809	0.66092	0.02055	0.00959	0.00274	0.00411	0.01713	0.00754	0.00685
55	0.01915	0.02189	0.04788	0.03420	0.04241	0.02052	0.63475	0.02599	0.01915	0.02599	0.01642	0.02189	0.01231	0.00684	0.00958	0.00274	0.01368	0.00958	0.00410	0.01094
56	0.01159	0.00869	0.01304	0.01304	0.01449	0.01014	0.01014	0.01449	0.01304	0.01884	0.02173	0.03188	0.02029	0.06086	0.68268	0.01304	0.02173	0.00869	0.00435	0.00724
57	0.01513	0.00756	0.00756	0.00756	0.00945	0.00756	0.00567	0.01891	0.01702	0.03025	0.02647	0.03025	0.02080	0.00945	0.00567	0.00189	0.00378	0.00756	0.75988	0.00756
58	0.01532	0.01442	0.02434	0.69533	0.05589	0.01803	0.02253	0.02073	0.01622	0.02073	0.01442	0.02163	0.01082	0.00811	0.00811	0.00270	0.01082	0.00721	0.00361	0.00901
59	0.01775	0.01775	0.02485	0.02130	0.02130	0.02485	0.01775	0.01953	0.01243	0.01953	0.01065	0.01775	0.01065	0.01420	0.02663	0.00355	0.69998	0.00710	0.00355	0.00888
60	0.01291	0.00929	0.01285	0.01463	0.01654	0.00922	0.01275	0.01657	0.01867	0.02417	0.04478	0.09091	0.07520	0.02233	0.01113	0.00369	0.00732	0.58211	0.00747	0.00744
61	0.01532	0.01442	0.02434	0.69533	0.05589	0.01803	0.02253	0.02073	0.01622	0.02073	0.01442	0.02163	0.01082	0.00811	0.00811	0.00270	0.01082	0.00721	0.00361	0.00901
62	0.01627	0.04197	0.67279	0.02313	0.03512	0.01884	0.02998	0.02570	0.01713	0.02570	0.01456	0.01713	0.01028	0.00771	0.00771	0.00257	0.01199	0.00600	0.00343	0.01199
63	0.01513	0.00756	0.00756	0.00756	0.00945	0.00756	0.00567	0.01891	0.01702	0.03025	0.02647	0.03025	0.02080	0.00945	0.00567	0.00189	0.00378	0.00756	0.75988	0.00756
64	0.01176	0.00804	0.00973	0.00973	0.01003	0.00834	0.00601	0.01236	0.01206	0.01638	0.02476	0.04864	0.02757	0.57755	0.17594	0.00895	0.01078	0.01115	0.00480	0.00541
65	0.00989	0.00706	0.00942	0.01130	0.01177	0.00659	0.00753	0.01130	0.01554	0.02071	0.04472	0.70954	0.05367	0.02542	0.01036	0.00330	0.00471	0.02307	0.00753	0.00659
66	0.02008	0.01928	0.03294	0.04981	0.66422	0.01928	0.02490	0.02490	0.01848	0.02651	0.01526	0.02008	0.01285	0.00723	0.00803	0.00241	0.00964	0.00723	0.00402	0.01285
67	0.00997	0.00786	0.00900	0.00951	0.01139	0.00689	0.00683	0.01208	0.01821	0.02311	0.15601	0.27879	0.37855	0.02153	0.00983	0.00289	0.00426	0.01867	0.00774	0.00689
68	0.01031	0.00775	0.01119	0.01235	0.01318	0.00723	0.03645	0.01198	0.01570	0.02096	0.04342	0.67783	0.05176	0.02456	0.01032	0.00327	0.00512	0.02245	0.00737	0.00679
69	0.01663	0.03987	0.61349	0.02560	0.09342	0.01888	0.02951	0.02562	0.01726	0.02577	0.01463	0.01740	0.01052	0.00766	0.00774	0.00255	0.01177	0.00611	0.00348	0.01207
70	0.01000	0.00732	0.00940	0.01081	0.01170	0.00672	0.00737	0.01172	0.01660	0.02197	0.10690	0.56908	0.13263	0.02398	0.01019	0.00316	0.00455	0.02153	0.00766	0.00672
71	0.02218	0.30482	0.25177	0.01893	0.02684	0.20344	0.01985	0.02697	0.01847	0.02155	0.01274	0.01485	0.01038	0.00759	0.00663	0.00212	0.01142	0.00514	0.00365	0.01068
72	0.02179	0.01838	0.02886	0.04017	0.48229	0.01868	0.02140	0.02968	0.13195	0.09462	0.02018	0.02269	0.01574	0.00820	0.00809	0.00248	0.00878	0.00767	0.00540	0.01295
73	0.01166	0.00804	0.00992	0.01000	0.01039	0.00838	0.00634	0.01245	0.01227	0.01673	0.02545	0.07644	0.02825	0.52148	0.20007	0.00896	0.01119	0.01152	0.00489	0.00557
74	0.01576	0.01486	0.02512	0.63664	0.11120	0.01814	0.02275	0.02111	0.01643	0.02126	0.01450	0.02149	0.01100	0.00803	0.00811	0.00268	0.01071	0.00721	0.00364	0.00936
75	0.01691	0.06576	0.43252	0.14844	0.12951	0.01939	0.02713	0.02462	0.01713	0.02460	0.01448	0.01818	0.01076	0.00768	0.00771	0.00253	0.01128	0.00632	0.00355	0.01150
76	0.01878	0.01963	0.02107	0.20568	0.03114	0.19506	0.04585	0.02254	0.01858	0.02166	0.02288	0.04129	0.02217	0.01569	0.04754	0.00347	0.04420	0.18915	0.00499	0.00864
77	0.01493	0.01379	0.01742	0.01618	0.01739	0.06673	0.01290	0.01742	0.01362	0.01913	0.01763	0.02622	0.01658	0.04253	0.42984	0.00929	0.22846	0.00794	0.00409	0.00791
78	0.02008	0.01928	0.03294	0.04981	0.66422	0.01928	0.02490	0.02490	0.01848	0.02651	0.01526	0.02008	0.01285	0.00723	0.00803	0.00241	0.00964	0.00723	0.00402	0.01285
79	0.01779	0.21328	0.48305	0.02130	0.03183	0.02229	0.05449	0.02536	0.01706	0.02403	0.01382	0.01631	0.01041	0.00747	0.00716	0.00237	0.01123	0.00574	0.00347	0.01154
80	0.01008	0.00838	0.00891	0.00917	0.01179	0.00720	0.00714	0.01238	0.01852	0.02225	0.07665	0.07999	0.57400	0.02081	0.00982	0.00288	0.00459	0.10097	0.00753	0.00694
81	0.02509	0.03011	0.01938	0.01763	0.02151	0.47825	0.01329	0.05512	0.02274	0.02232	0.05759	0.03037	0.15082	0.01138	0.00794	0.00226	0.01165	0.00827	0.00529	0.00899
82	0.01867	0.34131	0.39442	0.01904	0.02881	0.02470	0.02287	0.02508	0.01685	0.02278	0.01311	0.01531	0.01034	0.00737	0.00660	0.00220	0.01053	0.00526	0.00345	0.01129
83	0.01122	0.00885	0.01022	0.01027	0.01244	0.00828	0.00754	0.01562	0.07811	0.02599	0.24422	0.20664	0.29170	0.01953	0.00963	0.00281	0.00437	0.01694	0.00802	0.00760
84	0.00970	0.00822	0.00837	0.00833	0.01103	0.00690	0.00625	0.01185	0.01875	0.02251	0.11454	0.07711	0.62822	0.02033	0.00959	0.00273	0.00409	0.01699	0.00761	0.00690
85	0.02008	0.01928	0.03294	0.04981	0.66422	0.01928	0.02490	0.02490	0.01848	0.02651	0.01526	0.02008	0.01285	0.00723	0.00803	0.00241	0.00964	0.00723	0.00402	0.01285
86	0.01565	0.01685	0.05288	0.01591	0.01794	0.12247	0.01289	0.01819	0.01558	0.02008	0.02551	0.18120	0.05175	0.03034	0.22374	0.00614	0.14860	0.01129	0.00497	0.00802
87	0.00961	0.00816	0.00829	0.00839	0.01101	0.00684	0.00624	0.01163	0.01833	0.02185	0.08010	0.11343	0.62693	0.02082	0.00963	0.00277	0.00414	0.01746	0.00753	0.00684
88	0.01028	0.00723	0.00930	0.01079	0.01116	0.00686	0.00699	0.01140	0.01476	0.01968	0.04074	0.57306	0.04864	0.16875	0.01679	0.00425	0.00536	0.02072	0.00699	0.00624
89	0.01709	0.03541	0.47503	0.02147	0.03041	0.07969	0.02510	0.02437	0.01677	0.02377	0.01499	0.01886	0.01162	0.01516	0.09641	0.00396	0.06903	0.00636	0.00363	0.01089
90	0.01553	0.01124	0.01372	0.01284	0.01483	0.01215	0.00943	0.14955	0.01870	0.02546	0.02668	0.16548	0.02772	0.21388	0.23744	0.00748	0.01202	0.01198	0.00594	0.00795
91	0.01895	0.01812	0.03088	0.20382	0.51908	0.01898	0.02434	0.02391	0.01794	0.02513	0.01506	0.02045	0.01237	0.00744	0.00805	0.00248	0.00992	0.00723	0.00392	0.01194
92	0.01725	0.03515	0.46067	0.02689	0.03759	0.01941	0.23526	0.02580	0.01782	0.02580	0.01519	0.01875	0.01097	0.00741	0.00834	0.00263	0.01256	0.00721	0.00366	0.01164
93	0.02545	0.02510	0.02009	0.01740	0.02203	0.25817	0.01353	0.19571	0.16357	0.03220	0.02616	0.02615	0.07537	0.01051	0.00786	0.00238	0.00969	0.00789	0.04976	0.01101
94	0.01328	0.01140	0.01394	0.01375	0.01545	0.07087	0.01064	0.01611	0.01394	0.01893	0.02090	0.03032	0.01940	0.05611	0.62166	0.01205	0.02109	0.00838	0.00433	0.00744
95	0.01967	0.03088	0.26645	0.17725	0.10258	0.15813	0.08201	0.02594	0.01849	0.02347	0.01435	0.01837	0.01089	0.00781	0.00793	0.00250	0.01220	0.00657	0.00375	0.01077
96	0.01678	0.10478	0.61438	0.02227	0.03379	0.02007	0.02849	0.02557	0.01707	0.02508	0.01426	0.01675	0.01029	0.00764	0.00748	0.00249	0.01168	0.00584	0.00343	0.01185
97	0.00996	0.00709	0.00939	0.01120	0.01165	0.00664	0.00743	0.01132	0.01539	0.02052	0.04396	0.68345	0.05271	0.05281	0.01159	0.00348	0.00483	0.02262	0.00743	0.00652
98	0.02008	0.01928	0.03294	0.04981	0.66422	0.01928	0.02490	0.02490	0.01848	0.02651	0.01526	0.02008	0.01285	0.00723	0.00803	0.00241	0.00964	0.00723	0.00402	0.01285
99	0.02315	0.02054	0.01991	0.01735	0.02224	0.08792	0.01360	0.15051	0.47466	0.03566	0.02849	0.02672	0.02132	0.01051	0.00814	0.00263	0.00771	0.00843	0.00782	0.01267
100	0.02008	0.01928	0.03294	0.04981	0.66422	0.01928	0.02490	0.02490	0.01848	0.02651	0.01526	0.02008	0.01285	0.00723	0.00803	0.00241	0.00964	0.00723	0.00402	0.01285
101	0.01159	0.00869	0.01304	0.01304	0.01449	0.01014	0.01014	0.01449	0.01304	0.01884	0.02173	0.03188	0.02029	0.06086	0.68268	0.01304	0.02173	0.00869	0.00435	0.00724
102	0.02007	0.02832	0.17467	0.02951	0.03763	0.11398	0.39688	0.02659	0.01902	0.02482	0.01526	0.01971	0.01156	0.00752	0.00951	0.00264	0.03938	0.00812	0.00395	0.01087
103	0.01159	0.00869	0.01304	0.01304	0.01449	0.01014	0.01014	0.01449	0.01304	0.01884	0.02173	0.03188	0.02029	0.06086	0.68268	0.01304	0.02173	0.00869	0.00435	0.00724
104	0.02066	0.59015	0.16301	0.01565	0.02356	0.02957	0.01696	0.02456	0.01661	0.02035	0.01191	0.01380	0.01039	0.00709	0.00568	0.00189	0.00931	0.00466	0.00346	0.01071
105	0.00995	0.00764	0.00916	0.01031	0.01174	0.00685	0.00732	0.01175	0.01687	0.02139	0.05921	0.42835	0.28962	0.02335	0.01011	0.00310	0.00463	0.05437	0.00753	0.00674
106	0.01159	0.00869	0.01304	0.01304	0.01449	0.01014	0.01014	0.01449	0.01304	0.01884	0.02173	0.03188	0.02029	0.06086	0.68268	0.01304	0.02173	0.00869	0.00435	0.00724
107	0.01000	0.00720	0.00951	0.01131	0.01193	0.00671	0.00769	0.01153	0.01579	0.02091	0.04629	0.65743	0.07988	0.02509	0.01036	0.00329	0.00479	0.04611	0.00753	0.00664
108	0.01623	0.00972	0.00993	0.00952	0.01200	0.01033	0.00724	0.02421	0.15556	0.03106	0.02791	0.03026	0.02167	0.00979	0.00624	0.00208	0.00436	0.00792	0.59526	0.00872
109	0.02008	0.01928	0.03294	0.04981	0.66422	0.01928	0.02490	0.02490	0.01848	0.02651	0.01526	0.02008	0.01285	0.00723	0.00803	0.00241	0.00964	0.00723	0.00402	0.01285
110	0.01029	0.00750	0.00969	0.01071	0.01179	0.00690	0.00744	0.01242	0.01783	0.02403	0.21467	0.47427	0.11732	0.02257	0.01007	0.00304	0.00441	0.02024	0.00791	0.00690
111	0.01987	0.01906	0.03256	0.07836	0.63730	0.01922	0.02480	0.02472	0.01838	0.02625	0.01523	0.02015	0.01276	0.00727	0.00804	0.00242	0.00969	0.00723	0.00400	0.01268
112	0.01818	0.01496	0.01623	0.01495	0.01883	0.01655	0.01170	0.09499	0.37974	0.03190	0.04030	0.11008	0.11379	0.01466	0.00890	0.00286	0.00629	0.06607	0.00800	0.01102
113	0.01099	0.00841	0.01033	0.01145	0.01338	0.00775	0.00910	0.01355	0.01794	0.02257	0.05927	0.21580	0.29773	0.02229	0.01037	0.00324	0.00553	0.24574	0.00751	0.00703
114	0.02508	0.21606	0.02705	0.01685	0.02266	0.29717	0.01384	0.08481	0.02132	0.02405	0.01327	0.01513	0.01110	0.00759	0.00654	0.00183	0.01059	0.00509	0.00450	0.17546
115	0.00989	0.00706	0.00942	0.01130	0.01177	0.00659	0.00753	0.01130	0.01554	0.02071	0.04472	0.70954	0.05367	0.02542	0.01036	0.00330	0.00471	0.02307	0.00753	0.00659
116	0.01915	0.02189	0.04788	0.03420	0.04241	0.02052	0.63475	0.02599	0.01915	0.02599	0.01642	0.02189	0.01231	0.00684	0.00958	0.00274	0.01368	0.00958	0.00410	0.01094
117	0.00978	0.00780	0.00877	0.00942	0.01131	0.00679	0.00673	0.01169	0.01763	0.02197	0.09494	0.30578	0.41458	0.02213	0.00987	0.00293	0.00431	0.01916	0.00760	0.00679
118	0.03031	0.03867	0.02299	0.02090	0.02508	0.68226	0.01568	0.03240	0.02299	0.01986	0.01254	0.01463	0.01045	0.00836	0.00732	0.00209	0.01463	0.00523	0.00418	0.00941
119	0.01688	0.03776	0.54161	0.02545	0.03665	0.01920	0.15693	0.02576	0.01756	0.02576	0.01495	0.01813	0.01071	0.00753	0.00810	0.00260	0.01235	0.00675	0.00357	0.01177
120	0.06250	0.03208	0.02299	0.01968	0.02471	0.42292	0.01529	0.24435	0.02792	0.03155	0.01492	0.01627	0.01156	0.00881	0.00750	0.00223	0.01227	0.00592	0.00560	0.01092
121	0.03031	0.03867	0.02299	0.02090	0.02508	0.68226	0.01568	0.03240	0.02299	0.01986	0.01254	0.01463	0.01045	0.00836	0.00732	0.00209	0.01463	0.00523	0.00418	0.00941
122	0.01044	0.00825	0.00939	0.00911	0.01148	0.00721	0.00683	0.01329	0.02050	0.02667	0.34066	0.07027	0.39950	0.01878	0.00958	0.00266	0.00398	0.01603	0.00816	0.00721
123	0.00989	0.00706	0.00942	0.01130	0.01177	0.00659	0.00753	0.01130	0.01554	0.02071	0.04472	0.70954	0.05367	0.02542	0.01036	0.00330	0.00471	0.02307	0.00753	0.00659
124	0.01513	0.00756	0.00756	0.00756	0.00945	0.00756	0.00567	0.01891	0.01702	0.03025	0.02647	0.03025	0.02080	0.00945	0.00567	0.00189	0.00378	0.00756	0.75988	0.00756
125	0.03641	0.01381	0.01883	0.01444	0.02071	0.01193	0.01193	0.03954	0.02322	0.66984	0.03201	0.02762	0.02009	0.01004	0.00816	0.00251	0.00690	0.00816	0.01004	0.01381
126	0.01042	0.00800	0.00966	0.01067	0.01237	0.00724	0.00799	0.01262	0.01765	0.02241	0.08887	0.31363	0.29728	0.02250	0.01016	0.00312	0.00492	0.12599	0.00759	0.00690
127	0.02169	0.71972	0.04252	0.01388	0.02083	0.03211	0.01388	0.02430	0.01649	0.01909	0.01128	0.01302	0.01041	0.00694	0.00521	0.00174	0.00868	0.00434	0.00347	0.01041
128	0.01029	0.00741	0.00933	0.01053	0.01158	0.00681	0.00726	0.01222	0.01699	0.02284	0.12727	0.50153	0.14516	0.02282	0.00992	0.00305	0.00446	0.02039	0.04331	0.00681
129	0.00989	0.00706	0.00942	0.01130	0.01177	0.00659	0.00753	0.01130	0.01554	0.02071	0.04472	0.70954	0.05367	0.02542	0.01036	0.00330	0.00471	0.02307	0.00753	0.00659
130	0.03287	0.01948	0.02234	0.01713	0.02354	0.02034	0.01415	0.41934	0.03271	0.27664	0.02405	0.02245	0.01609	0.00985	0.00813	0.00246	0.00819	0.00762	0.00882	0.01380
131	0.02018	0.01743	0.01835	0.01651	0.02110	0.02018	0.01284	0.04312	0.64956	0.03394	0.03303	0.03027	0.02477	0.01101	0.00826	0.00275	0.00642	0.00917	0.00826	0.01284
132	0.26551	0.01835	0.02746	0.03558	0.39488	0.01904	0.07616	0.02466	0.01702	0.02969	0.01408	0.01800	0.01148	0.00729	0.00719	0.00247	0.00892	0.00652	0.00435	0.01135
133	0.01774	0.01677	0.02787	0.36703	0.32752	0.01871	0.02306	0.02386	0.05269	0.02407	0.01584	0.02142	0.01251	0.00788	0.00808	0.00257	0.01004	0.00733	0.00405	0.01095
134	0.01159	0.00869	0.01304	0.01304	0.01449	0.01014	0.01014	0.01449	0.01304	0.01884	0.02173	0.03188	0.02029	0.06086	0.68268	0.01304	0.02173	0.00869	0.00435	0.00724
135	0.02018	0.01743	0.01835	0.01651	0.02110	0.02018	0.01284	0.04312	0.64956	0.03394	0.03303	0.03027	0.02477	0.01101	0.00826	0.00275	0.00642	0.00917	0.00826	0.01284
136	0.01532	0.01442	0.02434	0.69533	0.05589	0.01803	0.02253	0.02073	0.01622	0.02073	0.01442	0.02163	0.01082	0.00811	0.00811	0.00270	0.01082	0.00721	0.00361	0.00901
137	0.01180	0.00787	0.00885	0.00885	0.00885	0.00787	0.00492	0.01180	0.01180	0.01573	0.02557	0.05310	0.02950	0.71483	0.04130	0.00787	0.00787	0.01180	0.00492	0.00492
138	0.01683	0.01442	0.01683	0.01202	0.01923	0.01082	0.00961	0.02043	0.01683	0.02644	0.01442	0.01683	0.01202	0.00601	0.00601	0.00120	0.00601	0.00481	0.00481	0.76444
139	0.01140	0.00859	0.01040	0.01138	0.01278	0.00828	0.00795	0.04276	0.05263	0.02311	0.04970	0.52382	0.16080	0.02299	0.00999	0.00312	0.00489	0.02046	0.00760	0.00733
140	0.01029	0.00770	0.01107	0.01229	0.01309	0.00719	0.03457	0.01193	0.01569	0.02094	0.04350	0.67990	0.05188	0.02462	0.01032	0.00327	0.00509	0.02249	0.00738	0.00678
141	0.01180	0.00787	0.00885	0.00885	0.00885	0.00787	0.00492	0.01180	0.01180	0.01573	0.02557	0.05310	0.02950	0.71483	0.04130	0.00787	0.00787	0.01180	0.00492	0.00492
142	0.02008	0.01928	0.03294	0.04981	0.66422	0.01928	0.02490	0.02490	0.01848	0.02651	0.01526	0.02008	0.01285	0.00723	0.00803	0.00241	0.00964	0.00723	0.00402	0.01285
143	0.12108	0.07110	0.35577	0.02426	0.03386	0.02003	0.21033	0.02545	0.01725	0.02688	0.01449	0.01780	0.01070	0.00738	0.00777	0.00256	0.01153	0.00677	0.00385	0.01114
144	0.00959	0.00822	0.00822	0.00822	0.01096	0.00685	0.00617	0.01165	0.01850	0.02192	0.08220	0.07809	0.66092	0.02055	0.00959	0.00274	0.00411	0.01713	0.00754	0.00685
145	0.00987	0.00712	0.00936	0.01115	0.01173	0.00660	0.00747	0.01131	0.01568	0.02077	0.04652	0.67934	0.08271	0.02519	0.01032	0.00327	0.00468	0.02278	0.00753	0.00660
146	0.02138	0.01843	0.02810	0.07599	0.41962	0.01917	0.02107	0.09096	0.10486	0.05892	0.01999	0.02493	0.01623	0.00884	0.00822	0.00254	0.00898	0.03382	0.00541	0.01254
147	0.03067	0.03185	0.02320	0.02105	0.05404	0.44998	0.01560	0.14427	0.02560	0.10419	0.01629	0.01734	0.01234	0.00877	0.00760	0.00222	0.01242	0.00605	0.00560	0.01090
148	0.01813	0.01519	0.01752	0.01263	0.01978	0.01215	0.01015	0.07759	0.01880	0.02873	0.01489	0.01707	0.01218	0.00636	0.00620	0.00132	0.00628	0.00504	0.00511	0.69487
149	0.02260	0.02105	0.01848	0.01626	0.02015	0.16352	0.01228	0.14358	0.26586	0.03020	0.02448	0.02965	0.02061	0.15794	0.01496	0.00362	0.00899	0.00852	0.00664	0.01060
150	0.02026	0.54002	0.20963	0.01633	0.02462	0.02859	0.01815	0.02467	0.01666	0.02084	0.01215	0.01411	0.01038	0.00715	0.00587	0.00196	0.00956	0.00478	0.00346	0.01083
151	0.01980	0.01403	0.01530	0.01244	0.01649	0.01407	0.00950	0.21932	0.02260	0.03272	0.02144	0.02951	0.01880	0.18136	0.01526	0.00339	0.00693	0.00794	0.17129	0.16784
152	0.01145	0.00799	0.00911	0.00900	0.00969	0.00770	0.00555	0.01238	0.01459	0.01941	0.14105	0.05769	0.12109	0.50407	0.03170	0.00628	0.00668	0.01299	0.00595	0.00564
153	0.01006	0.00765	0.00926	0.01011	0.01156	0.00685	0.00711	0.01208	0.01774	0.02308	0.15958	0.39515	0.25573	0.02236	0.00998	0.00299	0.00437	0.01973	0.00777	0.00685
154	0.01537	0.01288	0.01527	0.01187	0.01766	0.00993	0.00918	0.01851	0.01655	0.02524	0.02078	0.16224	0.02076	0.01008	0.00692	0.00164	0.00574	0.00864	0.00538	0.60535
155	0.02270	0.12925	0.22328	0.06986	0.02941	0.23347	0.01998	0.06416	0.08670	0.02487	0.01568	0.01761	0.01212	0.00831	0.00735	0.00232	0.01153	0.00602	0.00447	0.01092
156	0.00989	0.00706	0.00942	0.01130	0.01177	0.00659	0.00753	0.01130	0.01554	0.02071	0.04472	0.70954	0.05367	0.02542	0.01036	0.00330	0.00471	0.02307	0.00753	0.00659
157	0.06178	0.32360	0.03067	0.01747	0.02285	0.37781	0.01460	0.02859	0.01983	0.02032	0.01195	0.01389	0.01036	0.00773	0.00632	0.00196	0.01174	0.00481	0.00392	0.00980
158	0.01644	0.01473	0.02322	0.09369	0.33418	0.01496	0.01825	0.02154	0.04619	0.02645	0.12142	0.04184	0.08776	0.01218	0.00886	0.00268	0.00794	0.09155	0.00569	0.01043
159	0.02042	0.04797	0.02227	0.01883	0.02202	0.27122	0.07101	0.02326	0.01749	0.01997	0.01629	0.02232	0.01450	0.02934	0.27457	0.00658	0.08196	0.00714	0.00415	0.00869
160	0.01877	0.02528	0.16636	0.03506	0.16106	0.01995	0.39953	0.02572	0.01863	0.02603	0.01583	0.02062	0.01202	0.00708	0.00892	0.00264	0.01257	0.00843	0.00396	0.01152
161	0.01136	0.00934	0.01024	0.01048	0.01320	0.00866	0.00831	0.01575	0.07824	0.02358	0.06895	0.07651	0.46620	0.02006	0.00982	0.00296	0.00507	0.14614	0.00759	0.00755
162	0.02488	0.03110	0.05504	0.08773	0.05968	0.41158	0.12017	0.02862	0.02125	0.02225	0.05068	0.01950	0.01469	0.00848	0.00795	0.00232	0.01315	0.00681	0.00435	0.00979
163	0.00959	0.00822	0.00822	0.00822	0.01096	0.00685	0.00617	0.01165	0.01850	0.02192	0.08220	0.07809	0.66092	0.02055	0.00959	0.00274	0.00411	0.01713	0.00754	0.00685
164	0.00996	0.00712	0.00948	0.01125	0.01179	0.00664	0.00754	0.01149	0.01589	0.02127	0.07384	0.67883	0.05475	0.02500	0.01032	0.00326	0.00467	0.02267	0.00760	0.00664
165	0.02008	0.01928	0.03294	0.04981	0.66422	0.01928	0.02490	0.02490	0.01848	0.02651	0.01526	0.02008	0.01285	0.00723	0.00803	0.00241	0.00964	0.00723	0.00402	0.01285
166	0.02008	0.01928	0.03294	0.04981	0.66422	0.01928	0.02490	0.02490	0.01848	0.02651	0.01526	0.02008	0.01285	0.00723	0.00803	0.00241	0.00964	0.00723	0.00402	0.01285
167	0.01632	0.01544	0.02614	0.55982	0.18359	0.01829	0.02303	0.02161	0.01670	0.02194	0.01460	0.02131	0.01124	0.00793	0.00810	0.00264	0.01057	0.00722	0.00369	0.00982
168	0.00963	0.00808	0.00836	0.00859	0.01106	0.00682	0.00633	0.01160	0.01814	0.02177	0.07769	0.15412	0.58780	0.02114	0.00968	0.00281	0.00418	0.01784	0.00753	0.00682
169	0.01229	0.00904	0.01049	0.01013	0.01277	0.00820	0.00783	0.01612	0.05011	0.05691	0.26934	0.06864	0.35269	0.01842	0.00959	0.00275	0.00453	0.06423	0.00815	0.00779
170	0.02202	0.69399	0.04178	0.01415	0.02099	0.05667	0.01395	0.02460	0.01673	0.01912	0.01133	0.01308	0.01041	0.00700	0.00529	0.00175	0.00890	0.00437	0.00350	0.01038
171	0.09593	0.03920	0.60315	0.02181	0.03307	0.01878	0.02775	0.02550	0.01678	0.02683	0.01422	0.01672	0.01012	0.00769	0.00743	0.00256	0.01139	0.00583	0.00359	0.01165
172	0.01180	0.00787	0.00885	0.00885	0.00885	0.00787	0.00492	0.01180	0.01180	0.01573	0.02557	0.05310	0.02950	0.71483	0.04130	0.00787	0.00787	0.01180	0.00492	0.00492
173	0.00986	0.00717	0.00930	0.01101	0.01169	0.00661	0.00741	0.01133	0.01581	0.02083	0.04820	0.65102	0.10995	0.02497	0.01029	0.00324	0.00465	0.02252	0.00753	0.00661
174	0.00959	0.00822	0.00822	0.00822	0.01096	0.00685	0.00617	0.01165	0.01850	0.02192	0.08220	0.07809	0.66092	0.02055	0.00959	0.00274	0.00411	0.01713	0.00754	0.00685
175	0.03031	0.03867	0.02299	0.02090	0.02508	0.68226	0.01568	0.03240	0.02299	0.01986	0.01254	0.01463	0.01045	0.00836	0.00732	0.00209	0.01463	0.00523	0.00418	0.00941
176	0.01159	0.00869	0.01304	0.01304	0.01449	0.01014	0.01014	0.01449	0.01304	0.01884	0.02173	0.03188	0.02029	0.06086	0.68268	0.01304	0.02173	0.00869	0.00435	0.00724
177	0.01159	0.00869	0.01304	0.01304	0.01449	0.01014	0.01014	0.01449	0.01304	0.01884	0.02173	0.03188	0.02029	0.06086	0.68268	0.01304	0.02173	0.00869	0.00435	0.00724
178	0.01610	0.01271	0.01331	0.01161	0.01545	0.01262	0.00913	0.18758	0.05434	0.03107	0.08608	0.05876	0.42621	0.01692	0.00912	0.00265	0.00555	0.01391	0.00779	0.00911
179	0.03085	0.02273	0.02435	0.01867	0.02516	0.02516	0.01542	0.63716	0.03815	0.05114	0.01948	0.01948	0.01380	0.00974	0.00812	0.00244	0.00893	0.00731	0.00812	0.01380
180	0.02057	0.02138	0.02872	0.22719	0.37758	0.13779	0.02258	0.02507	0.01865	0.02368	0.01454	0.01954	0.01185	0.00768	0.00793	0.00244	0.01087	0.00687	0.00393	0.01115
181	0.00959	0.00822	0.00822	0.00822	0.01096	0.00685	0.00617	0.01165	0.01850	0.02192	0.08220	0.07809	0.66092	0.02055	0.00959	0.00274	0.00411	0.01713	0.00754	0.00685
182	0.01683	0.01442	0.01683	0.01202	0.01923	0.01082	0.00961	0.02043	0.01683	0.02644	0.01442	0.01683	0.01202	0.00601	0.00601	0.00120	0.00601	0.00481	0.00481	0.76444
183	0.02008	0.01928	0.03294	0.04981	0.66422	0.01928	0.02490	0.02490	0.01848	0.02651	0.01526	0.02008	0.01285	0.00723	0.00803	0.00241	0.00964	0.00723	0.00402	0.01285
184	0.02003	0.25683	0.22914	0.02834	0.22718	0.06046	0.02231	0.02536	0.01767	0.02346	0.01359	0.01657	0.01114	0.00734	0.00697	0.00222	0.01032	0.00580	0.00367	0.01160
185	0.01986	0.01906	0.03254	0.07957	0.63617	0.01922	0.02479	0.02471	0.01837	0.02624	0.01522	0.02015	0.01276	0.00727	0.00804	0.00242	0.00969	0.00723	0.00400	0.01268
186	0.01148	0.00829	0.01085	0.01021	0.01212	0.00766	0.00766	0.01531	0.02297	0.03254	0.65994	0.06061	0.07656	0.01659	0.00957	0.00255	0.00383	0.01467	0.00893	0.00766
187	0.02812	0.13458	0.02593	0.01993	0.02419	0.53931	0.01558	0.03026	0.02126	0.01972	0.01222	0.01464	0.01046	0.00860	0.00848	0.00215	0.06578	0.00524	0.00403	0.00951
188	0.01180	0.00787	0.00885	0.00885	0.00885	0.00787	0.00492	0.01180	0.01180	0.01573	0.02557	0.05310	0.02950	0.71483	0.04130	0.00787	0.00787	0.01180	0.00492	0.00492
189	0.01432	0.01144	0.01509	0.01818	0.14943	0.01066	0.01109	0.04611	0.02009	0.05553	0.13915	0.09460	0.35021	0.01649	0.00917	0.00265	0.00563	0.01417	0.00713	0.00886
190	0.01180	0.00787	0.00885	0.00885	0.00885	0.00787	0.00492	0.01180	0.01180	0.01573	0.02557	0.05310	0.02950	0.71483	0.04130	0.00787	0.00787	0.01180	0.00492	0.00492
191	0.03109	0.02233	0.02411	0.01848	0.02497	0.02458	0.01527	0.61072	0.03749	0.07851	0.02004	0.01984	0.01408	0.00975	0.00812	0.00244	0.00884	0.00734	0.00820	0.01380
192	0.02183	0.32467	0.03722	0.09285	0.05414	0.14430	0.14601	0.02558	0.01812	0.02115	0.01304	0.01652	0.01096	0.00757	0.00769	0.00220	0.03604	0.00611	0.00377	0.01023
193	0.77215	0.01569	0.01193	0.01067	0.01569	0.01820	0.00879	0.02385	0.01381	0.03641	0.01130	0.01318	0.00879	0.00753	0.00502	0.00251	0.00628	0.00439	0.00502	0.00879
194	0.01040	0.00768	0.00912	0.01003	0.01108	0.00709	0.00679	0.01176	0.01561	0.02003	0.05045	0.35114	0.21542	0.18753	0.01753	0.00425	0.00542	0.04546	0.00691	0.00631
195	0.01013	0.00803	0.00914	0.00953	0.01160	0.00704	0.00703	0.01242	0.01860	0.02353	0.16858	0.21409	0.40247	0.02104	0.00983	0.00288	0.00435	0.04499	0.00776	0.00696
196	0.01746	0.19041	0.53475	0.02110	0.03199	0.02175	0.02645	0.02539	0.01699	0.02425	0.01384	0.01623	0.01031	0.00754	0.00716	0.00239	0.01127	0.00563	0.00344	0.01165
197	0.01019	0.00728	0.00976	0.01164	0.01225	0.00685	0.00806	0.01182	0.01583	0.02105	0.04456	0.65106	0.05301	0.02514	0.01044	0.00334	0.00497	0.07856	0.00753	0.00667
198	0.01906	0.39016	0.34899	0.01838	0.02778	0.02566	0.02171	0.02498	0.01680	0.02230	0.01288	0.01502	0.01035	0.00732	0.00642	0.00214	0.01029	0.00514	0.00345	0.01118
199	0.01010	0.00824	0.00893	0.00876	0.01127	0.00707	0.00657	0.01264	0.01971	0.02479	0.23846	0.07336	0.50287	0.01948	0.00958	0.00269	0.00403	0.01646	0.00791	0.00707
200	0.01026	0.00829	0.00916	0.00907	0.01155	0.00718	0.00689	0.01288	0.01971	0.02490	0.23664	0.07399	0.47426	0.01957	0.00966	0.00274	0.00419	0.04406	0.00791	0.00710
201	0.02989	0.07552	0.02430	0.02020	0.02485	0.55492	0.01554	0.11484	0.02470	0.02410	0.01342	0.01520	0.01091	0.00847	0.00731	0.00212	0.01351	0.00546	0.00468	0.01007
202	0.01688	0.03776	0.54161	0.02545	0.03665	0.01920	0.15693	0.02576	0.01756	0.02576	0.01495	0.01813	0.01071	0.00753	0.00810	0.00260	0.01235	0.00675	0.00357	0.01177
203	0.01379	0.00881	0.01159	0.01060	0.01292	0.00805	0.00805	0.01756	0.02299	0.09160	0.60174	0.05755	0.07133	0.01598	0.00944	0.00255	0.00411	0.01407	0.00904	0.00823
204	0.01809	0.01723	0.02907	0.25188	0.44166	0.01831	0.02328	0.02297	0.01777	0.02447	0.01810	0.02326	0.04228	0.00813	0.00813	0.00252	0.00976	0.00768	0.00405	0.01136
205	0.01021	0.00824	0.00908	0.00887	0.01134	0.00711	0.00665	0.01284	0.01996	0.02539	0.27080	0.07238	0.47016	0.01926	0.00958	0.00268	0.00402	0.01633	0.00799	0.00711
206	0.02374	0.01834	0.02265	0.02327	0.15592	0.01971	0.01538	0.35578	0.02799	0.03795	0.02164	0.08745	0.01915	0.08031	0.05011	0.00363	0.00932	0.00926	0.00668	0.01172
207	0.01075	0.00743	0.00916	0.01019	0.01045	0.00717	0.00635	0.01153	0.01384	0.01846	0.03604	0.41205	0.04271	0.33786	0.02438	0.00537	0.00614	0.01796	0.00635	0.00583
208	0.00991	0.00832	0.00867	0.00884	0.01150	0.00708	0.00681	0.01212	0.01851	0.02214	0.07856	0.07934	0.60400	0.02072	0.00974	0.00283	0.00442	0.07203	0.00753	0.00691
209	0.02353	0.01909	0.02023	0.01719	0.02237	0.02174	0.01365	0.22943	0.45780	0.03934	0.02878	0.02689	0.02133	0.01061	0.00821	0.00265	0.00721	0.00859	0.00821	0.01314
210	0.02169	0.71972	0.04252	0.01388	0.02083	0.03211	0.01388	0.02430	0.01649	0.01909	0.01128	0.01302	0.01041	0.00694	0.00521	0.00174	0.00868	0.00434	0.00347	0.01041
211	0.01180	0.00787	0.00885	0.00885	0.00885	0.00787	0.00492	0.01180	0.01180	0.01573	0.02557	0.05310	0.02950	0.71483	0.04130	0.00787	0.00787	0.01180	0.00492	0.00492
212	0.01052	0.00751	0.00985	0.01080	0.01172	0.00701	0.00742	0.01264	0.01775	0.02429	0.24446	0.46007	0.05976	0.06205	0.01187	0.00331	0.00460	0.01968	0.00784	0.00684
213	0.02295	0.02363	0.01950	0.01780	0.02210	0.22721	0.01375	0.03825	0.41689	0.02897	0.02717	0.02888	0.02154	0.01083	0.00813	0.00260	0.00906	0.04235	0.00693	0.01146
214	0.01380	0.00746	0.00983	0.00969	0.01061	0.00732	0.00681	0.01384	0.01501	0.02245	0.15886	0.03403	0.02957	0.02064	0.01990	0.39352	0.00547	0.00886	0.20683	0.00551
215	0.02359	0.02091	0.02700	0.03278	0.32059	0.05817	0.01929	0.19475	0.15653	0.03436	0.01998	0.02175	0.01548	0.00877	0.00806	0.00247	0.00905	0.00755	0.00602	0.01291
216	0.00996	0.00829	0.00874	0.00878	0.01140	0.00707	0.00669	0.01228	0.01893	0.02305	0.13428	0.07720	0.57165	0.02028	0.00968	0.00278	0.00427	0.05006	0.00766	0.00696
217	0.01059	0.00789	0.00985	0.01013	0.01177	0.00715	0.00730	0.01328	0.01970	0.02660	0.34570	0.26781	0.19205	0.02019	0.00982	0.00282	0.00416	0.01782	0.00820	0.00715
218	0.02239	0.26874	0.03461	0.03226	0.32933	0.13662	0.01946	0.02597	0.01855	0.02277	0.01340	0.01667	0.01159	0.00732	0.00692	0.00212	0.01015	0.00587	0.00385	0.01141
219	0.02105	0.01041	0.01391	0.01183	0.01542	0.00929	0.00929	0.02461	0.02307	0.27711	0.41896	0.04795	0.05489	0.01408	0.00903	0.00254	0.00501	0.01217	0.00936	0.01002
220	0.02319	0.53791	0.07454	0.01589	0.02254	0.16783	0.01518	0.02608	0.01789	0.01963	0.01173	0.01359	0.01041	0.00728	0.00579	0.00186	0.01012	0.00462	0.00362	0.01029
221	0.00959	0.00822	0.00822	0.00822	0.01096	0.00685	0.00617	0.01165	0.01850	0.02192	0.08220	0.07809	0.66092	0.02055	0.00959	0.00274	0.00411	0.01713	0.00754	0.00685
222	0.01327	0.00955	0.01143	0.01178	0.01316	0.00954	0.00814	0.10262	0.01830	0.02430	0.03935	0.46048	0.07221	0.14749	0.01559	0.00397	0.00587	0.01845	0.00714	0.00735
223	0.01180	0.00787	0.00885	0.00885	0.00885	0.00787	0.00492	0.01180	0.01180	0.01573	0.02557	0.05310	0.02950	0.71483	0.04130	0.00787	0.00787	0.01180	0.00492	0.00492
224	0.01109	0.00796	0.01027	0.01172	0.01254	0.00766	0.00798	0.04717	0.01683	0.02246	0.04328	0.66999	0.05138	0.02452	0.01023	0.00325	0.00495	0.02216	0.00757	0.00700
225	0.02330	0.15067	0.02793	0.20463	0.09174	0.26081	0.01813	0.06125	0.02003	0.02235	0.01340	0.01714	0.01097	0.00825	0.00803	0.00230	0.03897	0.00598	0.00408	0.01003
226	0.01974	0.13651	0.02954	0.02182	0.05507	0.08173	0.13144	0.02746	0.15534	0.02420	0.01934	0.05301	0.01664	0.01324	0.05004	0.00327	0.13800	0.00822	0.00498	0.01043
227	0.01273	0.00923	0.01259	0.01427	0.01622	0.00909	0.01238	0.01629	0.01866	0.02405	0.04690	0.09018	0.10838	0.02223	0.01105	0.00364	0.00713	0.55011	0.00748	0.00741
228	0.03031	0.03867	0.02299	0.02090	0.02508	0.68226	0.01568	0.03240	0.02299	0.01986	0.01254	0.01463	0.01045	0.00836	0.00732	0.00209	0.01463	0.00523	0.00418	0.00941
229	0.00989	0.00706	0.00942	0.01130	0.01177	0.00659	0.00753	0.01130	0.01554	0.02071	0.04472	0.70954	0.05367	0.02542	0.01036	0.00330	0.00471	0.02307	0.00753	0.00659
230	0.12518	0.04417	0.02367	0.01941	0.02064	0.02420	0.01625	0.04486	0.01380	0.02316	0.01112	0.01700	0.01050	0.01281	0.02203	0.00329	0.54824	0.00662	0.00394	0.00912
231	0.02049	0.01712	0.04583	0.02029	0.13504	0.01581	0.01398	0.19518	0.02359	0.06046	0.03153	0.03317	0.14998	0.04286	0.00949	0.00251	0.00745	0.00905	0.00636	0.15980
232	0.03085	0.02273	0.02435	0.01867	0.02516	0.02516	0.01542	0.63716	0.03815	0.05114	0.01948	0.01948	0.01380	0.00974	0.00812	0.00244	0.00893	0.00731	0.00812	0.01380
233	0.01775	0.01775	0.02485	0.02130	0.02130	0.02485	0.01775	0.01953	0.01243	0.01953	0.01065	0.01775	0.01065	0.01420	0.02663	0.00355	0.69998	0.00710	0.00355	0.00888
234	0.03031	0.03867	0.02299	0.02090	0.02508	0.68226	0.01568	0.03240	0.02299	0.01986	0.01254	0.01463	0.01045	0.00836	0.00732	0.00209	0.01463	0.00523	0.00418	0.00941
235	0.01196	0.00798	0.01065	0.01138	0.01254	0.00782	0.00801	0.01380	0.01560	0.05680	0.06789	0.40137	0.07837	0.09605	0.15419	0.00566	0.00863	0.01743	0.00682	0.00704
236	0.02495	0.03060	0.01926	0.01768	0.02142	0.50325	0.01326	0.02716	0.02212	0.02115	0.07178	0.03022	0.14167	0.01131	0.00792	0.00225	0.01182	0.00821	0.00517	0.00879
237	0.00989	0.00706	0.00942	0.01130	0.01177	0.00659	0.00753	0.01130	0.01554	0.02071	0.04472	0.70954	0.05367	0.02542	0.01036	0.00330	0.00471	0.02307	0.00753	0.00659
238	0.01719	0.01188	0.01347	0.01217	0.01566	0.01157	0.00960	0.15186	0.02315	0.08904	0.08890	0.13681	0.29821	0.01774	0.00937	0.00280	0.00578	0.06775	0.00797	0.00909
239	0.02583	0.02762	0.02081	0.04758	0.02373	0.36260	0.01424	0.16549	0.02613	0.02965	0.15010	0.02569	0.02511	0.01039	0.00801	0.00229	0.01090	0.00777	0.00605	0.01002
240	0.01019	0.00728	0.00976	0.01164	0.01225	0.00685	0.00806	0.01182	0.01583	0.02105	0.04456	0.65106	0.05301	0.02514	0.01044	0.00334	0.00497	0.07856	0.00753	0.00667
241	0.01014	0.00811	0.00907	0.00911	0.01137	0.00704	0.00672	0.01260	0.01937	0.02466	0.23422	0.14490	0.43408	0.02003	0.00967	0.00275	0.00410	0.01714	0.00791	0.00704
