[name]
unknown

[dist]
# distance from previous block
# <min> <max>
1	36

[block]
# block no. 0 follows, 22 sequences, length 181
# corresponding to MSA columns:
# 37-217
name=unknown_A
#
# <colnr> <probs for GDERKNQSTAVLIFYWHMCP>
#	G	D	E	R	K	N	Q	S	T	A	V	L	I	F	Y	W	H	M	C	P
0	0.03016	0.02898	0.02361	0.01979	0.02517	0.28771	0.01574	0.34689	0.03145	0.03756	0.01865	0.02280	0.01496	0.01026	0.00819	0.00244	0.01141	0.04573	0.00663	0.01188
1	0.02025	0.01678	0.01817	0.01497	0.02055	0.01716	0.01185	0.13151	0.28757	0.03405	0.03170	0.03073	0.09138	0.01068	0.00792	0.00230	0.00661	0.00870	0.00732	0.22980
2	0.03023	0.03617	0.02310	0.02057	0.02509	0.56227	0.01561	0.11007	0.02538	0.02460	0.01672	0.01832	0.03774	0.00926	0.00769	0.00221	0.01377	0.00613	0.00495	0.01011
3	0.17574	0.01657	0.01655	0.01362	0.01837	0.01824	0.01105	0.30042	0.02670	0.04208	0.02065	0.02235	0.01550	0.00941	0.00682	0.00232	0.00681	0.00696	0.25889	0.01093
4	0.01688	0.04168	0.62981	0.02520	0.07053	0.01932	0.03040	0.02626	0.01762	0.02636	0.01495	0.01771	0.01067	0.00787	0.00791	0.00262	0.01214	0.00621	0.00354	0.01233
5	0.01236	0.01850	0.20042	0.01344	0.01876	0.01082	0.01385	0.01718	0.01983	0.02665	0.22481	0.05670	0.30301	0.01606	0.00925	0.00270	0.00648	0.01350	0.00689	0.00878
6	0.02028	0.17503	0.02337	0.01739	0.06783	0.19209	0.01291	0.02524	0.09272	0.02304	0.03801	0.03768	0.21776	0.01245	0.00792	0.00238	0.00881	0.00967	0.00569	0.00971
7	0.01031	0.00844	0.00910	0.00893	0.01152	0.00722	0.00670	0.01288	0.02010	0.02520	0.22838	0.07540	0.50690	0.02001	0.00981	0.00276	0.00413	0.01690	0.00808	0.00722
8	0.01683	0.01435	0.01680	0.01226	0.01926	0.01083	0.00972	0.02040	0.01715	0.02674	0.01649	0.05543	0.01468	0.00726	0.00640	0.00135	0.00608	0.00596	0.00508	0.71690
9	0.01726	0.03879	0.53966	0.02598	0.03747	0.01964	0.15183	0.02637	0.01796	0.02637	0.01529	0.01853	0.01095	0.00771	0.00828	0.00267	0.01263	0.00688	0.00365	0.01206
10	0.02211	0.14206	0.42385	0.02021	0.03038	0.01986	0.02400	0.02923	0.01882	0.16633	0.01834	0.01926	0.01277	0.00830	0.00759	0.00248	0.01059	0.00636	0.00502	0.01244
11	0.01756	0.26250	0.32237	0.01838	0.02671	0.02207	0.02099	0.02349	0.01646	0.02259	0.01527	0.01919	0.01265	0.01870	0.14279	0.00452	0.01316	0.00613	0.00372	0.01074
12	0.01174	0.00944	0.01454	0.13268	0.02178	0.00988	0.03844	0.01433	0.01590	0.02123	0.03626	0.47387	0.04131	0.02624	0.08726	0.00440	0.00836	0.01841	0.00646	0.00746
13	0.01703	0.02199	0.15710	0.05564	0.18236	0.01710	0.12471	0.02483	0.09086	0.02647	0.03297	0.03472	0.15584	0.01095	0.00881	0.00269	0.00949	0.01004	0.00529	0.01111
14	0.01970	0.02489	0.17383	0.04493	0.51855	0.01964	0.02665	0.02568	0.01861	0.02696	0.01547	0.01989	0.01257	0.00751	0.00815	0.00250	0.01040	0.00712	0.00398	0.01296
15	0.03390	0.01955	0.02263	0.01735	0.02391	0.02024	0.01433	0.38902	0.03284	0.30065	0.02517	0.02334	0.01675	0.01010	0.00833	0.00252	0.00830	0.00784	0.00911	0.01413
16	0.01766	0.03626	0.46759	0.02819	0.07250	0.01977	0.18719	0.02634	0.01816	0.02643	0.01545	0.01899	0.01122	0.00763	0.00841	0.00267	0.01260	0.00717	0.00372	0.01204
17	0.01609	0.01254	0.01608	0.01917	0.15588	0.01226	0.01172	0.08915	0.02141	0.02975	0.10284	0.04809	0.25374	0.01402	0.00847	0.00250	0.00595	0.01188	0.15900	0.00944
18	0.01012	0.00723	0.00964	0.01157	0.01205	0.00675	0.00771	0.01157	0.01591	0.02121	0.04579	0.70262	0.05495	0.02603	0.01060	0.00337	0.00482	0.02362	0.00771	0.00675
19	0.01307	0.00796	0.00868	0.00868	0.00924	0.00796	0.00526	0.01420	0.01364	0.02044	0.02644	0.04755	0.02761	0.50463	0.03166	0.00627	0.00684	0.01082	0.22323	0.00582
20	0.02132	0.17453	0.03498	0.06658	0.45627	0.05911	0.02237	0.02562	0.01863	0.02484	0.01453	0.01871	0.01238	0.00744	0.00754	0.00231	0.00998	0.00663	0.00398	0.01225
21	0.01666	0.04297	0.66500	0.02368	0.03596	0.01929	0.03069	0.02631	0.01754	0.02631	0.01491	0.01754	0.01052	0.00789	0.00789	0.00263	0.01228	0.00614	0.00351	0.01228
22	0.01035	0.00733	0.00957	0.01128	0.01170	0.00690	0.00740	0.01163	0.01546	0.02062	0.04351	0.62741	0.05207	0.10515	0.01428	0.00392	0.00519	0.02228	0.00740	0.00655
23	0.02105	0.22155	0.03559	0.03803	0.42942	0.02362	0.02140	0.02655	0.05938	0.02543	0.01564	0.01914	0.01324	0.00757	0.00740	0.00229	0.00936	0.00667	0.00424	0.01243
24	0.01692	0.04144	0.62335	0.02548	0.07688	0.01932	0.03035	0.02626	0.01763	0.02636	0.01496	0.01774	0.01070	0.00786	0.00791	0.00262	0.01212	0.00622	0.00355	0.01234
25	0.01012	0.00723	0.00964	0.01157	0.01205	0.00675	0.00771	0.01157	0.01591	0.02121	0.04579	0.70262	0.05495	0.02603	0.01060	0.00337	0.00482	0.02362	0.00771	0.00675
26	0.02729	0.03250	0.02718	0.03197	0.25094	0.44071	0.01943	0.03043	0.02189	0.02276	0.01384	0.01697	0.01158	0.00815	0.00775	0.00226	0.01315	0.00608	0.00422	0.01089
27	0.00982	0.00842	0.00842	0.00842	0.01122	0.00701	0.00631	0.01192	0.01894	0.02244	0.08416	0.07995	0.65285	0.02104	0.00982	0.00281	0.00421	0.01753	0.00771	0.00701
28	0.02844	0.03272	0.02978	0.02421	0.02987	0.40841	0.15968	0.13467	0.02530	0.02735	0.01500	0.01759	0.01174	0.00844	0.00818	0.00236	0.01374	0.00677	0.00496	0.01078
29	0.01191	0.00873	0.01248	0.01248	0.01366	0.00991	0.00930	0.01427	0.01309	0.01864	0.02305	0.03706	0.02269	0.19370	0.54636	0.01227	0.01936	0.00955	0.00457	0.00693
30	0.01950	0.01866	0.03181	0.18944	0.52604	0.01946	0.02497	0.02457	0.01842	0.02585	0.01544	0.02091	0.01271	0.00760	0.00824	0.00253	0.01013	0.00740	0.00402	0.01230
31	0.01666	0.04297	0.66500	0.02368	0.03596	0.01929	0.03069	0.02631	0.01754	0.02631	0.01491	0.01754	0.01052	0.00789	0.00789	0.00263	0.01228	0.00614	0.00351	0.01228
32	0.01176	0.00849	0.01110	0.01045	0.01241	0.00784	0.00784	0.01568	0.02352	0.03331	0.65184	0.06206	0.07839	0.01698	0.00980	0.00261	0.00392	0.01502	0.00914	0.00784
33	0.02024	0.01941	0.03314	0.09303	0.61670	0.01965	0.02534	0.02521	0.01876	0.02675	0.01557	0.02067	0.01302	0.00746	0.00823	0.00249	0.00995	0.00740	0.00408	0.01290
34	0.01818	0.01818	0.02545	0.02181	0.02181	0.02545	0.01818	0.01999	0.01272	0.01999	0.01091	0.01818	0.01091	0.01454	0.02726	0.00364	0.69284	0.00727	0.00364	0.00909
35	0.59492	0.01561	0.01387	0.01183	0.01728	0.01712	0.00975	0.02820	0.01641	0.18441	0.01656	0.01698	0.01172	0.00832	0.00590	0.00257	0.00658	0.00541	0.00635	0.01021
36	0.01745	0.01605	0.02639	0.03876	0.45987	0.01585	0.02001	0.02147	0.01853	0.02600	0.05706	0.16447	0.05777	0.01237	0.00887	0.00268	0.00825	0.01160	0.00528	0.01127
37	0.02697	0.01186	0.01598	0.01303	0.01765	0.01044	0.01044	0.03046	0.02367	0.40803	0.28285	0.04192	0.04392	0.01299	0.00894	0.00259	0.00580	0.01105	0.00982	0.01159
38	0.02920	0.10612	0.02474	0.01894	0.02357	0.35109	0.01505	0.03325	0.06992	0.15189	0.01819	0.01907	0.01387	0.00957	0.00950	0.00239	0.08070	0.00637	0.00568	0.01088
39	0.02559	0.01938	0.02057	0.01691	0.02227	0.02169	0.01360	0.33848	0.25888	0.04325	0.02594	0.02537	0.01915	0.01042	0.00806	0.00255	0.00755	0.00822	0.09915	0.01299
40	0.00982	0.00842	0.00842	0.00842	0.01122	0.00701	0.00631	0.01192	0.01894	0.02244	0.08416	0.07995	0.65285	0.02104	0.00982	0.00281	0.00421	0.01753	0.00771	0.00701
41	0.02051	0.01989	0.03457	0.05010	0.62206	0.01981	0.05897	0.02556	0.01895	0.02711	0.01569	0.02066	0.01313	0.00738	0.00831	0.00249	0.01010	0.00754	0.00412	0.01305
42	0.02123	0.59433	0.15364	0.01589	0.02391	0.03047	0.01713	0.02513	0.01700	0.02074	0.01214	0.01407	0.01064	0.00725	0.00578	0.00193	0.00949	0.00474	0.00355	0.01095
43	0.01005	0.00749	0.00937	0.01087	0.01187	0.00681	0.00740	0.01165	0.01658	0.02148	0.05430	0.56442	0.18765	0.02492	0.01043	0.00325	0.00468	0.02227	0.00771	0.00681
44	0.01012	0.00723	0.00964	0.01157	0.01205	0.00675	0.00771	0.01157	0.01591	0.02121	0.04579	0.70262	0.05495	0.02603	0.01060	0.00337	0.00482	0.02362	0.00771	0.00675
45	0.05849	0.38229	0.21673	0.01993	0.02858	0.02649	0.11371	0.02552	0.01735	0.02345	0.01331	0.01593	0.01084	0.00734	0.00673	0.00222	0.01050	0.00575	0.00372	0.01111
46	0.01266	0.00904	0.01256	0.01447	0.01607	0.00894	0.01213	0.01596	0.01841	0.02405	0.04439	0.22886	0.04939	0.02363	0.01128	0.00372	0.00702	0.47231	0.00766	0.00745
47	0.03103	0.03959	0.02354	0.02140	0.02568	0.67469	0.01605	0.03317	0.02354	0.02033	0.01284	0.01498	0.01070	0.00856	0.00749	0.00214	0.01498	0.00535	0.00428	0.00963
48	0.01025	0.00728	0.00960	0.01140	0.01185	0.00683	0.00753	0.01160	0.01565	0.02087	0.04449	0.65985	0.05331	0.07103	0.01269	0.00368	0.00503	0.02286	0.00753	0.00663
49	0.01637	0.07244	0.55810	0.02167	0.03249	0.01864	0.02722	0.02500	0.01820	0.02678	0.08864	0.02249	0.01840	0.00891	0.00799	0.00259	0.01114	0.00708	0.00416	0.01168
50	0.02871	0.03519	0.02580	0.02797	0.16563	0.52932	0.01815	0.03147	0.02252	0.02184	0.01346	0.01622	0.01125	0.00830	0.00765	0.00221	0.01385	0.00581	0.00424	0.01041
51	0.03084	0.02283	0.02454	0.01876	0.02545	0.02501	0.01548	0.59731	0.03794	0.05106	0.01968	0.01981	0.01403	0.00978	0.00820	0.00243	0.00899	0.00735	0.00814	0.05238
52	0.02010	0.02533	0.16898	0.03285	0.28348	0.05389	0.02255	0.03043	0.17614	0.02806	0.01962	0.02209	0.01539	0.00902	0.00943	0.00265	0.05490	0.00751	0.00506	0.01251
53	0.03103	0.03959	0.02354	0.02140	0.02568	0.67469	0.01605	0.03317	0.02354	0.02033	0.01284	0.01498	0.01070	0.00856	0.00749	0.00214	0.01498	0.00535	0.00428	0.00963
54	0.01025	0.00843	0.00901	0.00887	0.01149	0.00720	0.00665	0.01276	0.01995	0.02485	0.21015	0.07598	0.52535	0.02014	0.00981	0.00276	0.00414	0.01698	0.00803	0.00720
55	0.00988	0.00817	0.00866	0.00906	0.01139	0.00696	0.00660	0.01185	0.01832	0.02219	0.07635	0.20665	0.53119	0.02205	0.00998	0.00292	0.00433	0.01877	0.00771	0.00696
56	0.02056	0.01974	0.03372	0.05099	0.65622	0.01974	0.02550	0.02550	0.01892	0.02714	0.01563	0.02056	0.01316	0.00740	0.00822	0.00247	0.00987	0.00740	0.00411	0.01316
57	0.03103	0.03959	0.02354	0.02140	0.02568	0.67469	0.01605	0.03317	0.02354	0.02033	0.01284	0.01498	0.01070	0.00856	0.00749	0.00214	0.01498	0.00535	0.00428	0.00963
58	0.01009	0.00737	0.00950	0.01120	0.01195	0.00678	0.00755	0.01161	0.01626	0.02135	0.05024	0.63038	0.12431	0.02545	0.01051	0.00331	0.00475	0.02291	0.00771	0.00678
59	0.01208	0.00805	0.00906	0.00906	0.00906	0.00805	0.00503	0.01208	0.01208	0.01611	0.02618	0.05436	0.03020	0.70804	0.04228	0.00805	0.00805	0.01208	0.00503	0.00503
60	0.01012	0.00723	0.00964	0.01157	0.01205	0.00675	0.00771	0.01157	0.01591	0.02121	0.04579	0.70262	0.05495	0.02603	0.01060	0.00337	0.00482	0.02362	0.00771	0.00675
61	0.02056	0.01974	0.03372	0.05099	0.65622	0.01974	0.02550	0.02550	0.01892	0.02714	0.01563	0.02056	0.01316	0.00740	0.00822	0.00247	0.00987	0.00740	0.00411	0.01316
62	0.02221	0.71304	0.04353	0.01421	0.02132	0.03287	0.01421	0.02488	0.01688	0.01955	0.01155	0.01333	0.01066	0.00711	0.00533	0.00178	0.00888	0.00444	0.00355	0.01066
63	0.02056	0.01974	0.03372	0.05099	0.65622	0.01974	0.02550	0.02550	0.01892	0.02714	0.01563	0.02056	0.01316	0.00740	0.00822	0.00247	0.00987	0.00740	0.00411	0.01316
64	0.02056	0.01974	0.03372	0.05099	0.65622	0.01974	0.02550	0.02550	0.01892	0.02714	0.01563	0.02056	0.01316	0.00740	0.00822	0.00247	0.00987	0.00740	0.00411	0.01316
65	0.02056	0.01974	0.03372	0.05099	0.65622	0.01974	0.02550	0.02550	0.01892	0.02714	0.01563	0.02056	0.01316	0.00740	0.00822	0.00247	0.00987	0.00740	0.00411	0.01316
66	0.03004	0.03771	0.02451	0.02420	0.08541	0.61265	0.01695	0.03245	0.02310	0.02098	0.01310	0.01551	0.01093	0.00845	0.00756	0.00217	0.01450	0.00554	0.00426	0.00997
67	0.01189	0.00881	0.01292	0.01292	0.01425	0.01015	0.00984	0.01456	0.01322	0.01896	0.02265	0.03484	0.02172	0.12772	0.61101	0.01281	0.02081	0.00922	0.00451	0.00718
68	0.01208	0.00805	0.00906	0.00906	0.00906	0.00805	0.00503	0.01208	0.01208	0.01611	0.02618	0.05436	0.03020	0.70804	0.04228	0.00805	0.00805	0.01208	0.00503	0.00503
69	0.01163	0.00807	0.01013	0.01052	0.01095	0.00831	0.00677	0.01259	0.01314	0.01785	0.02930	0.18145	0.03314	0.42595	0.17630	0.00828	0.01055	0.01372	0.00545	0.00591
70	0.01002	0.00761	0.00925	0.01056	0.01178	0.00683	0.00726	0.01168	0.01687	0.02160	0.05804	0.50374	0.24592	0.02443	0.01035	0.00319	0.00462	0.02167	0.00771	0.00683
71	0.01549	0.00774	0.00774	0.00774	0.00968	0.00774	0.00581	0.01936	0.01742	0.03097	0.02710	0.03097	0.02129	0.00968	0.00581	0.00194	0.00387	0.00774	0.75416	0.00774
72	0.01869	0.01577	0.01708	0.01547	0.01956	0.01782	0.01197	0.03783	0.50411	0.03443	0.17098	0.03789	0.03713	0.01254	0.00875	0.00277	0.00599	0.01064	0.00861	0.01197
73	0.01692	0.00936	0.01247	0.01175	0.01425	0.00848	0.00877	0.01993	0.02125	0.16916	0.32973	0.24979	0.05841	0.01825	0.00972	0.00284	0.00489	0.01616	0.00896	0.00890
74	0.03103	0.03959	0.02354	0.02140	0.02568	0.67469	0.01605	0.03317	0.02354	0.02033	0.01284	0.01498	0.01070	0.00856	0.00749	0.00214	0.01498	0.00535	0.00428	0.00963
75	0.01866	0.01460	0.01412	0.01339	0.01459	0.14396	0.00944	0.04622	0.01482	0.01752	0.01438	0.02290	0.01366	0.02379	0.02618	0.56669	0.00889	0.00685	0.00398	0.00536
76	0.02056	0.01974	0.03372	0.05099	0.65622	0.01974	0.02550	0.02550	0.01892	0.02714	0.01563	0.02056	0.01316	0.00740	0.00822	0.00247	0.00987	0.00740	0.00411	0.01316
77	0.01845	0.01627	0.02005	0.02279	0.16033	0.01761	0.01453	0.03339	0.37160	0.03106	0.07208	0.03805	0.12349	0.01225	0.00869	0.00273	0.00679	0.01053	0.00741	0.01190
78	0.01136	0.00827	0.01069	0.01052	0.01228	0.00760	0.00773	0.01474	0.02192	0.03056	0.51278	0.17437	0.10853	0.01880	0.00994	0.00276	0.00409	0.01667	0.00881	0.00760
79	0.02221	0.71304	0.04353	0.01421	0.02132	0.03287	0.01421	0.02488	0.01688	0.01955	0.01155	0.01333	0.01066	0.00711	0.00533	0.00178	0.00888	0.00444	0.00355	0.01066
80	0.01012	0.00723	0.00964	0.01157	0.01205	0.00675	0.00771	0.01157	0.01591	0.02121	0.04579	0.70262	0.05495	0.02603	0.01060	0.00337	0.00482	0.02362	0.00771	0.00675
81	0.02056	0.01974	0.03372	0.05099	0.65622	0.01974	0.02550	0.02550	0.01892	0.02714	0.01563	0.02056	0.01316	0.00740	0.00822	0.00247	0.00987	0.00740	0.00411	0.01316
82	0.02363	0.02733	0.02192	0.02256	0.09552	0.37288	0.01565	0.02631	0.01949	0.02080	0.01574	0.02085	0.01387	0.02410	0.19926	0.00546	0.05425	0.00671	0.00427	0.00938
83	0.01048	0.00751	0.00996	0.01132	0.01213	0.00699	0.00774	0.01248	0.01759	0.02389	0.18030	0.56045	0.06015	0.02402	0.01042	0.00320	0.00462	0.02171	0.00803	0.00699
84	0.03109	0.02132	0.02322	0.01792	0.02424	0.02320	0.01477	0.52876	0.03608	0.11270	0.02172	0.02152	0.01525	0.00998	0.00815	0.00246	0.00858	0.00759	0.05772	0.01371
85	0.02568	0.02679	0.02077	0.01857	0.02293	0.29884	0.01420	0.13286	0.20510	0.02996	0.02395	0.10025	0.02067	0.01161	0.00827	0.00254	0.01038	0.00900	0.00656	0.01107
86	0.01451	0.01245	0.01930	0.01595	0.02006	0.01151	0.14524	0.01945	0.06080	0.05746	0.12527	0.08714	0.31138	0.01659	0.00978	0.00285	0.00687	0.04728	0.00727	0.00882
87	0.01071	0.00748	0.00946	0.01081	0.01115	0.00714	0.00690	0.01172	0.01475	0.01967	0.03987	0.50717	0.04748	0.23166	0.02016	0.00478	0.00579	0.02014	0.00690	0.00623
88	0.02342	0.02516	0.03094	0.04291	0.48404	0.19858	0.02292	0.02759	0.02018	0.02528	0.01487	0.01904	0.01249	0.00772	0.00802	0.00238	0.01127	0.00684	0.00416	0.01220
89	0.02066	0.01785	0.01878	0.01691	0.02160	0.02066	0.01315	0.04414	0.64121	0.03475	0.03381	0.03099	0.02536	0.01127	0.00845	0.00282	0.00657	0.00939	0.00845	0.01315
90	0.03082	0.02627	0.02428	0.01945	0.02550	0.15750	0.01569	0.47258	0.07176	0.04479	0.01933	0.01959	0.01410	0.00976	0.00815	0.00244	0.01018	0.00716	0.00750	0.01315
91	0.03103	0.03959	0.02354	0.02140	0.02568	0.67469	0.01605	0.03317	0.02354	0.02033	0.01284	0.01498	0.01070	0.00856	0.00749	0.00214	0.01498	0.00535	0.00428	0.00963
92	0.01012	0.00723	0.00964	0.01157	0.01205	0.00675	0.00771	0.01157	0.01591	0.02121	0.04579	0.70262	0.05495	0.02603	0.01060	0.00337	0.00482	0.02362	0.00771	0.00675
93	0.01569	0.01477	0.02492	0.68808	0.05722	0.01846	0.02307	0.02123	0.01661	0.02123	0.01477	0.02215	0.01107	0.00831	0.00831	0.00277	0.01107	0.00738	0.00369	0.00923
94	0.01208	0.00805	0.00906	0.00906	0.00906	0.00805	0.00503	0.01208	0.01208	0.01611	0.02618	0.05436	0.03020	0.70804	0.04228	0.00805	0.00805	0.01208	0.00503	0.00503
95	0.01176	0.00849	0.01110	0.01045	0.01241	0.00784	0.00784	0.01568	0.02352	0.03331	0.65184	0.06206	0.07839	0.01698	0.00980	0.00261	0.00392	0.01502	0.00914	0.00784
96	0.02221	0.71304	0.04353	0.01421	0.02132	0.03287	0.01421	0.02488	0.01688	0.01955	0.01155	0.01333	0.01066	0.00711	0.00533	0.00178	0.00888	0.00444	0.00355	0.01066
97	0.01789	0.19169	0.52706	0.02158	0.03271	0.02231	0.02704	0.02599	0.01739	0.02481	0.01416	0.01660	0.01055	0.00772	0.00732	0.00244	0.01152	0.00576	0.00352	0.01192
98	0.23737	0.02723	0.20460	0.02075	0.08802	0.12512	0.01830	0.02531	0.01817	0.02917	0.08741	0.02144	0.01826	0.00922	0.00806	0.00255	0.03711	0.00674	0.00483	0.01034
99	0.03106	0.03887	0.02360	0.02130	0.02569	0.64588	0.01604	0.05961	0.02423	0.02175	0.01316	0.01520	0.01085	0.00862	0.00753	0.00216	0.01472	0.00544	0.00446	0.00983
100	0.01031	0.00738	0.00981	0.01144	0.01209	0.00687	0.00773	0.01204	0.01679	0.02261	0.11610	0.62830	0.05766	0.02498	0.01051	0.00329	0.00472	0.02262	0.00788	0.00687
101	0.02269	0.02378	0.03165	0.04497	0.52792	0.15301	0.02357	0.02706	0.01986	0.02575	0.01506	0.01943	0.01266	0.00764	0.00808	0.00240	0.01091	0.00698	0.00415	0.01244
102	0.03122	0.03400	0.02402	0.02062	0.02571	0.45235	0.01596	0.23716	0.02886	0.03130	0.01528	0.01668	0.01188	0.00904	0.00777	0.00226	0.01298	0.00608	0.00566	0.01117
103	0.01086	0.00875	0.00986	0.01042	0.01297	0.00776	0.00837	0.01346	0.01899	0.02315	0.07246	0.08396	0.47662	0.02160	0.01030	0.00310	0.00521	0.18728	0.00770	0.00720
104	0.01012	0.00723	0.00964	0.01157	0.01205	0.00675	0.00771	0.01157	0.01591	0.02121	0.04579	0.70262	0.05495	0.02603	0.01060	0.00337	0.00482	0.02362	0.00771	0.00675
105	0.03001	0.11773	0.02586	0.02057	0.02518	0.60023	0.01584	0.03221	0.02277	0.02024	0.01269	0.01479	0.01070	0.00839	0.00724	0.00210	0.01427	0.00525	0.00420	0.00975
106	0.01050	0.00790	0.00972	0.01040	0.01193	0.00713	0.00737	0.01282	0.01886	0.02495	0.22673	0.35452	0.22265	0.02214	0.01017	0.00301	0.00440	0.01956	0.00812	0.00713
107	0.01752	0.01836	0.02496	0.02209	0.05463	0.12878	0.17131	0.02100	0.01815	0.02294	0.05116	0.22453	0.02837	0.02024	0.08790	0.00411	0.05659	0.01294	0.00544	0.00899
108	0.01723	0.01477	0.01723	0.01230	0.01969	0.01107	0.00984	0.02092	0.01723	0.02707	0.01477	0.01723	0.01230	0.00615	0.00615	0.00123	0.00615	0.00492	0.00492	0.75883
109	0.76672	0.01607	0.01221	0.01092	0.01607	0.01864	0.00900	0.02442	0.01414	0.03727	0.01157	0.01350	0.00900	0.00771	0.00514	0.00257	0.00643	0.00450	0.00514	0.00900
110	0.02137	0.01342	0.01403	0.01190	0.01556	0.01433	0.00946	0.24206	0.02533	0.03879	0.02448	0.02694	0.01867	0.00979	0.00672	0.00214	0.00580	0.00765	0.48148	0.01008
111	0.01019	0.00729	0.00970	0.01152	0.01207	0.00680	0.00772	0.01175	0.01624	0.02174	0.07270	0.67418	0.05599	0.02563	0.01057	0.00334	0.00478	0.02324	0.00778	0.00680
112	0.02288	0.01895	0.02004	0.01736	0.02245	0.02170	0.01369	0.16305	0.51869	0.03833	0.03099	0.02875	0.02307	0.01101	0.00842	0.00275	0.00710	0.00900	0.00842	0.01335
113	0.01723	0.01477	0.01723	0.01230	0.01969	0.01107	0.00984	0.02092	0.01723	0.02707	0.01477	0.01723	0.01230	0.00615	0.00615	0.00123	0.00615	0.00492	0.00492	0.75883
114	0.01069	0.00747	0.00947	0.01085	0.01119	0.00712	0.00694	0.01172	0.01480	0.01974	0.04014	0.51597	0.04782	0.22240	0.01973	0.00472	0.00575	0.02030	0.00694	0.00625
115	0.03601	0.01616	0.02053	0.01574	0.02222	0.01522	0.01300	0.17100	0.02717	0.52667	0.02993	0.02643	0.01914	0.01021	0.00834	0.00255	0.00753	0.00816	0.00984	0.01414
116	0.01091	0.00828	0.01022	0.01132	0.01304	0.00759	0.00861	0.01332	0.01822	0.02331	0.09842	0.30099	0.25859	0.02299	0.01049	0.00324	0.00524	0.16029	0.00779	0.00713
117	0.02056	0.01974	0.03372	0.05099	0.65622	0.01974	0.02550	0.02550	0.01892	0.02714	0.01563	0.02056	0.01316	0.00740	0.00822	0.00247	0.00987	0.00740	0.00411	0.01316
118	0.02274	0.02072	0.01846	0.09353	0.02359	0.19299	0.01324	0.15771	0.02312	0.02984	0.01969	0.02439	0.01600	0.04522	0.07943	0.00368	0.01099	0.00731	0.18767	0.00969
119	0.02221	0.71304	0.04353	0.01421	0.02132	0.03287	0.01421	0.02488	0.01688	0.01955	0.01155	0.01333	0.01066	0.00711	0.00533	0.00178	0.00888	0.00444	0.00355	0.01066
120	0.02035	0.02015	0.03559	0.04327	0.43826	0.02014	0.16551	0.02792	0.09128	0.02790	0.01801	0.02221	0.01444	0.00776	0.00862	0.00259	0.01046	0.00820	0.00464	0.01270
121	0.01947	0.33875	0.31699	0.02078	0.03031	0.02553	0.09243	0.02571	0.01749	0.02333	0.01363	0.01623	0.01083	0.00744	0.00697	0.00227	0.01097	0.00581	0.00361	0.01143
122	0.03103	0.03959	0.02354	0.02140	0.02568	0.67469	0.01605	0.03317	0.02354	0.02033	0.01284	0.01498	0.01070	0.00856	0.00749	0.00214	0.01498	0.00535	0.00428	0.00963
123	0.01047	0.00823	0.00946	0.00959	0.01173	0.00722	0.00703	0.01301	0.01981	0.02556	0.25151	0.18409	0.37140	0.02067	0.00995	0.00285	0.00423	0.01783	0.00815	0.00722
124	0.01176	0.00849	0.01110	0.01045	0.01241	0.00784	0.00784	0.01568	0.02352	0.03331	0.65184	0.06206	0.07839	0.01698	0.00980	0.00261	0.00392	0.01502	0.00914	0.00784
125	0.02056	0.01974	0.03372	0.05099	0.65622	0.01974	0.02550	0.02550	0.01892	0.02714	0.01563	0.02056	0.01316	0.00740	0.00822	0.00247	0.00987	0.00740	0.00411	0.01316
126	0.01012	0.00723	0.00964	0.01157	0.01205	0.00675	0.00771	0.01157	0.01591	0.02121	0.04579	0.70262	0.05495	0.02603	0.01060	0.00337	0.00482	0.02362	0.00771	0.00675
127	0.01189	0.00880	0.01285	0.01285	0.01416	0.01011	0.00976	0.01452	0.01320	0.01892	0.02271	0.03516	0.02186	0.13722	0.60170	0.01274	0.02060	0.00927	0.00452	0.00714
128	0.01208	0.00805	0.00906	0.00906	0.00906	0.00805	0.00503	0.01208	0.01208	0.01611	0.02618	0.05436	0.03020	0.70804	0.04228	0.00805	0.00805	0.01208	0.00503	0.00503
129	0.02221	0.71304	0.04353	0.01421	0.02132	0.03287	0.01421	0.02488	0.01688	0.01955	0.01155	0.01333	0.01066	0.00711	0.00533	0.00178	0.00888	0.00444	0.00355	0.01066
130	0.02179	0.06548	0.45598	0.02147	0.03190	0.02015	0.02534	0.12869	0.02184	0.10406	0.01768	0.01900	0.01230	0.00848	0.00790	0.00256	0.01100	0.00655	0.00510	0.01273
131	0.01789	0.19169	0.52706	0.02158	0.03271	0.02231	0.02704	0.02599	0.01739	0.02481	0.01416	0.01660	0.01055	0.00772	0.00732	0.00244	0.01152	0.00576	0.00352	0.01192
132	0.01017	0.00786	0.00933	0.01043	0.01198	0.00702	0.00743	0.01203	0.01737	0.02194	0.06201	0.40378	0.30891	0.02373	0.01032	0.00316	0.00472	0.05318	0.00771	0.00691
133	0.02011	0.02243	0.10696	0.04782	0.58426	0.01969	0.02610	0.02559	0.01876	0.02704	0.01554	0.02021	0.01285	0.00746	0.00819	0.00249	0.01015	0.00726	0.00404	0.01306
134	0.03016	0.03761	0.06605	0.02124	0.02637	0.54381	0.01698	0.11312	0.02524	0.02505	0.01394	0.01582	0.01115	0.00871	0.00763	0.00222	0.01401	0.00569	0.00477	0.01041
135	0.01339	0.00956	0.01339	0.01530	0.01721	0.00956	0.01339	0.01721	0.01912	0.02486	0.04399	0.09371	0.04781	0.02295	0.01147	0.00382	0.00765	0.60031	0.00765	0.00765
136	0.01953	0.29829	0.26250	0.02241	0.03134	0.02520	0.15460	0.02557	0.01755	0.02349	0.01386	0.01699	0.01105	0.00765	0.00808	0.00238	0.03821	0.00633	0.00368	0.01129
137	0.01897	0.12400	0.51635	0.02227	0.03301	0.09568	0.02702	0.02692	0.01814	0.02481	0.01426	0.01674	0.01056	0.00787	0.00754	0.00247	0.01217	0.00584	0.00360	0.01178
138	0.01138	0.00853	0.01063	0.01055	0.01263	0.00777	0.00807	0.01473	0.02154	0.02914	0.41680	0.10275	0.21284	0.01908	0.01003	0.00283	0.00444	0.08015	0.00856	0.00756
139	0.00995	0.00842	0.00859	0.00855	0.01130	0.00707	0.00641	0.01217	0.01924	0.02316	0.12161	0.07877	0.61495	0.02077	0.00982	0.00279	0.00419	0.01737	0.00781	0.00707
140	0.01033	0.00844	0.00913	0.00895	0.01154	0.00723	0.00672	0.01292	0.02015	0.02532	0.23454	0.07521	0.50067	0.01996	0.00981	0.00275	0.00413	0.01687	0.00809	0.00723
141	0.01818	0.01818	0.02545	0.02181	0.02181	0.02545	0.01818	0.01999	0.01272	0.01999	0.01091	0.01818	0.01091	0.01454	0.02726	0.00364	0.69284	0.00727	0.00364	0.00909
142	0.01723	0.01477	0.01723	0.01230	0.01969	0.01107	0.00984	0.02092	0.01723	0.02707	0.01477	0.01723	0.01230	0.00615	0.00615	0.00123	0.00615	0.00492	0.00492	0.75883
143	0.01178	0.00842	0.01155	0.01347	0.01468	0.00818	0.01060	0.01444	0.01754	0.02307	0.04487	0.39278	0.05131	0.02446	0.01105	0.00360	0.00626	0.31706	0.00768	0.00721
144	0.01818	0.01818	0.02545	0.02181	0.02181	0.02545	0.01818	0.01999	0.01272	0.01999	0.01091	0.01818	0.01091	0.01454	0.02726	0.00364	0.69284	0.00727	0.00364	0.00909
145	0.03103	0.03959	0.02354	0.02140	0.02568	0.67469	0.01605	0.03317	0.02354	0.02033	0.01284	0.01498	0.01070	0.00856	0.00749	0.00214	0.01498	0.00535	0.00428	0.00963
146	0.01187	0.00890	0.01335	0.01335	0.01483	0.01038	0.01038	0.01483	0.01335	0.01928	0.02225	0.03264	0.02077	0.06231	0.67512	0.01335	0.02225	0.00890	0.00445	0.00742
147	0.03158	0.02327	0.02493	0.01911	0.02576	0.02576	0.01579	0.62852	0.03906	0.05236	0.01995	0.01995	0.01413	0.00997	0.00831	0.00249	0.00914	0.00748	0.00831	0.01413
148	0.02801	0.01982	0.02112	0.01659	0.02219	0.02176	0.01357	0.49332	0.03426	0.04761	0.02153	0.02239	0.01572	0.00991	0.00775	0.00237	0.00797	0.00754	0.17385	0.01271
149	0.01024	0.00764	0.00954	0.01074	0.01191	0.00693	0.00742	0.01212	0.01746	0.02289	0.12462	0.49010	0.19037	0.02387	0.01034	0.00316	0.00458	0.02127	0.00788	0.00693
150	0.01187	0.00890	0.01335	0.01335	0.01483	0.01038	0.01038	0.01483	0.01335	0.01928	0.02225	0.03264	0.02077	0.06231	0.67512	0.01335	0.02225	0.00890	0.00445	0.00742
151	0.01176	0.00889	0.01112	0.01168	0.01390	0.00824	0.00951	0.01504	0.02028	0.02642	0.22644	0.08037	0.25539	0.02066	0.01046	0.00315	0.00548	0.24561	0.00809	0.00749
152	0.02184	0.02015	0.03270	0.04729	0.58308	0.02044	0.02437	0.09546	0.02125	0.03007	0.01613	0.02049	0.01327	0.00770	0.00823	0.00247	0.00978	0.00741	0.00460	0.01327
153	0.01882	0.01740	0.02638	0.05052	0.13237	0.01843	0.13701	0.03176	0.28357	0.02946	0.02854	0.07193	0.02451	0.01184	0.00915	0.00290	0.00879	0.07842	0.00657	0.01162
154	0.02098	0.02852	0.28838	0.02157	0.05469	0.01952	0.04507	0.11194	0.18009	0.07376	0.02515	0.02544	0.04772	0.00979	0.00831	0.00266	0.00962	0.00806	0.00612	0.01260
155	0.02221	0.71304	0.04353	0.01421	0.02132	0.03287	0.01421	0.02488	0.01688	0.01955	0.01155	0.01333	0.01066	0.00711	0.00533	0.00178	0.00888	0.00444	0.00355	0.01066
156	0.01177	0.00856	0.01112	0.01067	0.01267	0.00791	0.00813	0.01559	0.02299	0.03220	0.58257	0.06506	0.10587	0.01759	0.00991	0.00270	0.00418	0.05377	0.00897	0.00778
157	0.01050	0.00836	0.00942	0.00932	0.01168	0.00728	0.00693	0.01319	0.02030	0.02609	0.27613	0.11490	0.41657	0.01998	0.00986	0.00278	0.00415	0.01707	0.00820	0.00728
158	0.02000	0.01916	0.03270	0.12491	0.58673	0.01959	0.02521	0.02500	0.01865	0.02645	0.01553	0.02075	0.01292	0.00751	0.00823	0.00250	0.01001	0.00740	0.00406	0.01270
159	0.01200	0.00837	0.01067	0.01067	0.01123	0.00893	0.00704	0.01311	0.01256	0.01730	0.02470	0.04621	0.02666	0.46578	0.27971	0.01004	0.01338	0.01089	0.00481	0.00593
160	0.01549	0.00774	0.00774	0.00774	0.00968	0.00774	0.00581	0.01936	0.01742	0.03097	0.02710	0.03097	0.02129	0.00968	0.00581	0.00194	0.00387	0.00774	0.75416	0.00774
161	0.01830	0.22426	0.46924	0.02160	0.03230	0.02306	0.05211	0.02593	0.01745	0.02448	0.01408	0.01661	0.01065	0.00764	0.00728	0.00241	0.01143	0.00584	0.00355	0.01179
162	0.01278	0.00944	0.01138	0.01190	0.01352	0.00926	0.00843	0.08526	0.01889	0.02482	0.04727	0.46241	0.14685	0.05502	0.03816	0.00378	0.00607	0.01958	0.00753	0.00762
163	0.01652	0.01550	0.02131	0.01866	0.01876	0.02091	0.01499	0.01804	0.01263	0.01916	0.01476	0.02649	0.01548	0.15880	0.07307	0.00518	0.50926	0.00836	0.00397	0.00815
164	0.03053	0.03863	0.02403	0.02283	0.05612	0.64307	0.01651	0.03280	0.02332	0.02066	0.01298	0.01525	0.01082	0.00850	0.00753	0.00216	0.01473	0.00545	0.00427	0.00980
165	0.01818	0.01818	0.02545	0.02181	0.02181	0.02545	0.01818	0.01999	0.01272	0.01999	0.01091	0.01818	0.01091	0.01454	0.02726	0.00364	0.69284	0.00727	0.00364	0.00909
166	0.02919	0.01854	0.02253	0.02086	0.09637	0.01944	0.01509	0.21769	0.19230	0.23676	0.02718	0.02558	0.01903	0.01012	0.00835	0.00260	0.00789	0.00826	0.00848	0.01376
167	0.01723	0.01477	0.01723	0.01230	0.01969	0.01107	0.00984	0.02092	0.01723	0.02707	0.01477	0.01723	0.01230	0.00615	0.00615	0.00123	0.00615	0.00492	0.00492	0.75883
168	0.01666	0.04297	0.66500	0.02368	0.03596	0.01929	0.03069	0.02631	0.01754	0.02631	0.01491	0.01754	0.01052	0.00789	0.00789	0.00263	0.01228	0.00614	0.00351	0.01228
169	0.01192	0.00871	0.01240	0.01240	0.01355	0.00987	0.00920	0.01422	0.01307	0.01858	0.02312	0.03746	0.02286	0.20563	0.53466	0.01218	0.01910	0.00961	0.00458	0.00689
170	0.01008	0.00843	0.00878	0.00869	0.01138	0.00712	0.00652	0.01243	0.01955	0.02391	0.16090	0.07753	0.57519	0.02049	0.00982	0.00278	0.00417	0.01719	0.00791	0.00712
171	0.02239	0.02490	0.03450	0.02813	0.06289	0.16757	0.25227	0.05700	0.01944	0.02464	0.01431	0.01931	0.01179	0.00972	0.01422	0.00286	0.21149	0.00784	0.00426	0.01049
172	0.00998	0.00819	0.00866	0.00899	0.01126	0.00702	0.00649	0.01187	0.01808	0.02192	0.07469	0.18686	0.51895	0.05507	0.01152	0.00316	0.00450	0.01833	0.00758	0.00687
173	0.01952	0.02852	0.28329	0.02804	0.19200	0.01903	0.02320	0.08021	0.09210	0.02989	0.01771	0.02005	0.01348	0.00811	0.00785	0.00241	0.00989	0.00680	0.00485	0.11305
174	0.10492	0.18857	0.45133	0.02010	0.03040	0.02223	0.02452	0.02577	0.01700	0.02608	0.01378	0.01613	0.01038	0.00770	0.00700	0.00243	0.01085	0.00557	0.00371	0.01154
175	0.21061	0.21015	0.11811	0.01640	0.02360	0.02497	0.01579	0.22898	0.02378	0.03603	0.01487	0.01621	0.01140	0.00834	0.00666	0.00234	0.00884	0.00572	0.00555	0.01165
176	0.02289	0.02064	0.02940	0.06169	0.37206	0.05680	0.04515	0.09942	0.12330	0.05617	0.01965	0.02233	0.01532	0.00853	0.00830	0.00254	0.00963	0.00775	0.00555	0.01289
177	0.02099	0.47335	0.03414	0.01446	0.02053	0.05336	0.01327	0.02781	0.14439	0.02296	0.02349	0.02374	0.07871	0.00942	0.00651	0.00211	0.00818	0.00681	0.00500	0.01076
178	0.02199	0.01886	0.02626	0.03280	0.31295	0.01999	0.01938	0.15137	0.16116	0.03370	0.02383	0.03124	0.02008	0.01059	0.00867	0.00271	0.00873	0.07665	0.00634	0.01271
179	0.06546	0.02360	0.23795	0.02584	0.18438	0.01558	0.02083	0.02205	0.01827	0.02680	0.05986	0.06772	0.08199	0.01257	0.00874	0.00282	0.00906	0.10062	0.00527	0.01061
180	0.11209	0.09223	0.05925	0.02898	0.24918	0.13366	0.01852	0.05333	0.02050	0.13104	0.01720	0.01914	0.01312	0.00821	0.00746	0.00238	0.00989	0.00651	0.00535	0.01197

[dist]
# distance from previous block
# <min> <max>
11	57

[block]
# block no. 1 follows, 22 sequences, length 264
# corresponding to MSA columns:
# 281-544
name=unknown_B
#
# <colnr> <probs for GDERKNQSTAVLIFYWHMCP>
#	G	D	E	R	K	N	Q	S	T	A	V	L	I	F	Y	W	H	M	C	P
0	0.15860	0.07936	0.01871	0.01433	0.01866	0.01857	0.01146	0.21061	0.08031	0.03546	0.02625	0.20389	0.02528	0.01373	0.00796	0.00268	0.00694	0.01119	0.04556	0.01046
1	0.15513	0.05696	0.14132	0.02262	0.11862	0.05536	0.01826	0.23627	0.02494	0.03705	0.01648	0.01841	0.01241	0.00859	0.00737	0.00245	0.00940	0.00646	0.03983	0.01206
2	0.05853	0.02049	0.02192	0.02389	0.16626	0.15672	0.01537	0.03140	0.08219	0.19560	0.11694	0.02835	0.02541	0.01024	0.00823	0.00248	0.00886	0.00843	0.00700	0.01168
3	0.13060	0.02873	0.01904	0.01723	0.02151	0.39620	0.01314	0.05927	0.05173	0.02545	0.02697	0.02758	0.12785	0.01091	0.00767	0.00237	0.01112	0.00774	0.00543	0.00947
4	0.09431	0.02792	0.15806	0.01811	0.02473	0.20551	0.01676	0.03210	0.07717	0.16739	0.05118	0.02222	0.01744	0.00928	0.00769	0.00242	0.01017	0.00693	0.00617	0.04445
5	0.28357	0.05251	0.13590	0.01816	0.08764	0.04577	0.01510	0.02294	0.01779	0.03088	0.15077	0.02643	0.02536	0.01241	0.04023	0.00306	0.00860	0.00762	0.00545	0.00982
6	0.02065	0.02520	0.16550	0.09641	0.34094	0.07982	0.02370	0.02603	0.01872	0.05788	0.01659	0.02179	0.01349	0.04631	0.00997	0.00281	0.01073	0.00724	0.00433	0.01188
7	0.02122	0.59372	0.15420	0.01590	0.02393	0.03045	0.01715	0.02513	0.01700	0.02075	0.01215	0.01408	0.01064	0.00725	0.00579	0.00193	0.00949	0.00474	0.00355	0.01095
8	0.02421	0.37241	0.03589	0.02459	0.16807	0.20299	0.01730	0.02726	0.01914	0.02150	0.01283	0.01543	0.01124	0.00757	0.00658	0.00203	0.01075	0.00537	0.00388	0.01096
9	0.19178	0.02031	0.03148	0.03551	0.31220	0.04867	0.15890	0.02559	0.01790	0.02872	0.01463	0.01901	0.01187	0.00776	0.00872	0.00261	0.04140	0.00719	0.00435	0.01142
10	0.06057	0.01922	0.02656	0.02617	0.16980	0.01965	0.07249	0.24650	0.02698	0.17681	0.02247	0.05703	0.01707	0.00991	0.00842	0.00258	0.00895	0.00857	0.00724	0.01303
11	0.02094	0.17870	0.03597	0.04256	0.51065	0.02275	0.02291	0.02535	0.01845	0.02540	0.01469	0.01890	0.01259	0.00733	0.00756	0.00231	0.00964	0.00672	0.00398	0.01259
12	0.15777	0.42170	0.18911	0.01591	0.02392	0.02695	0.01727	0.02514	0.01654	0.02445	0.01237	0.01438	0.01032	0.00741	0.00592	0.00213	0.00926	0.00487	0.00383	0.01075
13	0.09664	0.01796	0.02004	0.01586	0.02161	0.01894	0.01300	0.32635	0.02936	0.20776	0.02591	0.02548	0.04430	0.01320	0.04458	0.00310	0.00858	0.00798	0.04672	0.01266
14	0.03103	0.03959	0.02354	0.02140	0.02568	0.67469	0.01605	0.03317	0.02354	0.02033	0.01284	0.01498	0.01070	0.00856	0.00749	0.00214	0.01498	0.00535	0.00428	0.00963
15	0.00988	0.00818	0.00866	0.00904	0.01139	0.00696	0.00659	0.01185	0.01834	0.02220	0.07656	0.20332	0.53439	0.02203	0.00997	0.00292	0.00433	0.01874	0.00771	0.00696
16	0.01012	0.00723	0.00964	0.01157	0.01205	0.00675	0.00771	0.01157	0.01591	0.02121	0.04579	0.70262	0.05495	0.02603	0.01060	0.00337	0.00482	0.02362	0.00771	0.00675
17	0.76672	0.01607	0.01221	0.01092	0.01607	0.01864	0.00900	0.02442	0.01414	0.03727	0.01157	0.01350	0.00900	0.00771	0.00514	0.00257	0.00643	0.00450	0.00514	0.00900
18	0.00982	0.00842	0.00842	0.00842	0.01122	0.00701	0.00631	0.01192	0.01894	0.02244	0.08416	0.07995	0.65285	0.02104	0.00982	0.00281	0.00421	0.01753	0.00771	0.00701
19	0.01900	0.01618	0.01730	0.01567	0.01992	0.01835	0.01214	0.03893	0.53150	0.03401	0.11777	0.03731	0.06067	0.01247	0.00869	0.00279	0.00612	0.01050	0.00851	0.01217
20	0.03308	0.02086	0.02344	0.01797	0.02456	0.02218	0.01484	0.47322	0.03502	0.21336	0.02333	0.02215	0.01583	0.01005	0.00832	0.00251	0.00859	0.00771	0.00883	0.01413
21	0.02056	0.01974	0.03372	0.05099	0.65622	0.01974	0.02550	0.02550	0.01892	0.02714	0.01563	0.02056	0.01316	0.00740	0.00822	0.00247	0.00987	0.00740	0.00411	0.01316
22	0.02056	0.01974	0.03372	0.05099	0.65622	0.01974	0.02550	0.02550	0.01892	0.02714	0.01563	0.02056	0.01316	0.00740	0.00822	0.00247	0.00987	0.00740	0.00411	0.01316
23	0.01541	0.02223	0.22258	0.01642	0.02249	0.01512	0.01646	0.02642	0.20983	0.02729	0.04043	0.14188	0.16003	0.01459	0.00890	0.00284	0.00762	0.01231	0.00659	0.01055
24	0.01795	0.05913	0.23287	0.02158	0.02915	0.01770	0.15815	0.02698	0.10421	0.05597	0.15954	0.03059	0.02848	0.01022	0.00872	0.00265	0.00966	0.00940	0.00588	0.01117
25	0.03106	0.03888	0.02360	0.02130	0.02569	0.64615	0.01604	0.05936	0.02422	0.02174	0.01315	0.01520	0.01085	0.00862	0.00753	0.00216	0.01472	0.00544	0.00446	0.00983
26	0.01208	0.00805	0.00906	0.00906	0.00906	0.00805	0.00503	0.01208	0.01208	0.01611	0.02618	0.05436	0.03020	0.70804	0.04228	0.00805	0.00805	0.01208	0.00503	0.00503
27	0.03185	0.02283	0.02466	0.01891	0.02554	0.02512	0.01562	0.60043	0.03833	0.08148	0.02056	0.02034	0.01444	0.00999	0.00831	0.00250	0.00904	0.00752	0.00840	0.01413
28	0.02024	0.47461	0.26467	0.01758	0.02653	0.02804	0.02008	0.02539	0.01711	0.02195	0.01274	0.01483	0.01061	0.00739	0.00624	0.00208	0.01009	0.00505	0.00354	0.01124
29	0.01443	0.00722	0.01082	0.01082	0.01082	0.00722	0.00722	0.01082	0.01082	0.01443	0.01443	0.02525	0.01443	0.02886	0.03247	0.75830	0.00722	0.00722	0.00361	0.00361
30	0.01187	0.00890	0.01335	0.01335	0.01483	0.01038	0.01038	0.01483	0.01335	0.01928	0.02225	0.03264	0.02077	0.06231	0.67512	0.01335	0.02225	0.00890	0.00445	0.00742
31	0.02066	0.01785	0.01878	0.01691	0.02160	0.02066	0.01315	0.04414	0.64121	0.03475	0.03381	0.03099	0.02536	0.01127	0.00845	0.00282	0.00657	0.00939	0.00845	0.01315
32	0.01961	0.02241	0.04902	0.03501	0.04342	0.02101	0.62605	0.02661	0.01961	0.02661	0.01681	0.02241	0.01261	0.00700	0.00980	0.00280	0.01401	0.00980	0.00420	0.01120
33	0.01176	0.00849	0.01110	0.01045	0.01241	0.00784	0.00784	0.01568	0.02352	0.03331	0.65184	0.06206	0.07839	0.01698	0.00980	0.00261	0.00392	0.01502	0.00914	0.00784
34	0.00982	0.00842	0.00842	0.00842	0.01122	0.00701	0.00631	0.01192	0.01894	0.02244	0.08416	0.07995	0.65285	0.02104	0.00982	0.00281	0.00421	0.01753	0.00771	0.00701
35	0.01176	0.00849	0.01110	0.01045	0.01241	0.00784	0.00784	0.01568	0.02352	0.03331	0.65184	0.06206	0.07839	0.01698	0.00980	0.00261	0.00392	0.01502	0.00914	0.00784
36	0.02056	0.01974	0.03372	0.05099	0.65622	0.01974	0.02550	0.02550	0.01892	0.02714	0.01563	0.02056	0.01316	0.00740	0.00822	0.00247	0.00987	0.00740	0.00411	0.01316
37	0.06510	0.02294	0.02435	0.01874	0.02532	0.02544	0.01548	0.60098	0.03792	0.05167	0.01956	0.01965	0.01389	0.00987	0.00817	0.00250	0.00902	0.00734	0.00817	0.01389
38	0.01666	0.04297	0.66500	0.02368	0.03596	0.01929	0.03069	0.02631	0.01754	0.02631	0.01491	0.01754	0.01052	0.00789	0.00789	0.00263	0.01228	0.00614	0.00351	0.01228
39	0.01012	0.00723	0.00964	0.01157	0.01205	0.00675	0.00771	0.01157	0.01591	0.02121	0.04579	0.70262	0.05495	0.02603	0.01060	0.00337	0.00482	0.02362	0.00771	0.00675
40	0.00982	0.00842	0.00842	0.00842	0.01122	0.00701	0.00631	0.01192	0.01894	0.02244	0.08416	0.07995	0.65285	0.02104	0.00982	0.00281	0.00421	0.01753	0.00771	0.00701
41	0.01666	0.04297	0.66500	0.02368	0.03596	0.01929	0.03069	0.02631	0.01754	0.02631	0.01491	0.01754	0.01052	0.00789	0.00789	0.00263	0.01228	0.00614	0.00351	0.01228
42	0.01187	0.00890	0.01335	0.01335	0.01483	0.01038	0.01038	0.01483	0.01335	0.01928	0.02225	0.03264	0.02077	0.06231	0.67512	0.01335	0.02225	0.00890	0.00445	0.00742
43	0.01187	0.00890	0.01335	0.01335	0.01483	0.01038	0.01038	0.01483	0.01335	0.01928	0.02225	0.03264	0.02077	0.06231	0.67512	0.01335	0.02225	0.00890	0.00445	0.00742
44	0.02221	0.71304	0.04353	0.01421	0.02132	0.03287	0.01421	0.02488	0.01688	0.01955	0.01155	0.01333	0.01066	0.00711	0.00533	0.00178	0.00888	0.00444	0.00355	0.01066
45	0.00982	0.00842	0.00842	0.00842	0.01122	0.00701	0.00631	0.01192	0.01894	0.02244	0.08416	0.07995	0.65285	0.02104	0.00982	0.00281	0.00421	0.01753	0.00771	0.00701
46	0.03158	0.02327	0.02493	0.01911	0.02576	0.02576	0.01579	0.62852	0.03906	0.05236	0.01995	0.01995	0.01413	0.00997	0.00831	0.00249	0.00914	0.00748	0.00831	0.01413
47	0.76672	0.01607	0.01221	0.01092	0.01607	0.01864	0.00900	0.02442	0.01414	0.03727	0.01157	0.01350	0.00900	0.00771	0.00514	0.00257	0.00643	0.00450	0.00514	0.00900
48	0.01549	0.00774	0.00774	0.00774	0.00968	0.00774	0.00581	0.01936	0.01742	0.03097	0.02710	0.03097	0.02129	0.00968	0.00581	0.00194	0.00387	0.00774	0.75416	0.00774
49	0.01187	0.00890	0.01335	0.01335	0.01483	0.01038	0.01038	0.01483	0.01335	0.01928	0.02225	0.03264	0.02077	0.06231	0.67512	0.01335	0.02225	0.00890	0.00445	0.00742
50	0.00982	0.00842	0.00842	0.00842	0.01122	0.00701	0.00631	0.01192	0.01894	0.02244	0.08416	0.07995	0.65285	0.02104	0.00982	0.00281	0.00421	0.01753	0.00771	0.00701
51	0.01012	0.00723	0.00964	0.01157	0.01205	0.00675	0.00771	0.01157	0.01591	0.02121	0.04579	0.70262	0.05495	0.02603	0.01060	0.00337	0.00482	0.02362	0.00771	0.00675
52	0.01569	0.01477	0.02492	0.68808	0.05722	0.01846	0.02307	0.02123	0.01661	0.02123	0.01477	0.02215	0.01107	0.00831	0.00831	0.00277	0.01107	0.00738	0.00369	0.00923
53	0.01723	0.01477	0.01723	0.01230	0.01969	0.01107	0.00984	0.02092	0.01723	0.02707	0.01477	0.01723	0.01230	0.00615	0.00615	0.00123	0.00615	0.00492	0.00492	0.75883
54	0.11489	0.01434	0.01853	0.01437	0.02066	0.01289	0.01187	0.03878	0.02275	0.59551	0.03052	0.02670	0.01933	0.01001	0.00801	0.00257	0.00700	0.00794	0.00974	0.01359
55	0.03341	0.02034	0.02312	0.01772	0.02430	0.02141	0.01464	0.43961	0.03415	0.24820	0.02407	0.02262	0.01620	0.01007	0.00832	0.00252	0.00848	0.00776	0.00894	0.01413
56	0.01187	0.00890	0.01335	0.01335	0.01483	0.01038	0.01038	0.01483	0.01335	0.01928	0.02225	0.03264	0.02077	0.06231	0.67512	0.01335	0.02225	0.00890	0.00445	0.00742
57	0.01187	0.00890	0.01335	0.01335	0.01483	0.01038	0.01038	0.01483	0.01335	0.01928	0.02225	0.03264	0.02077	0.06231	0.67512	0.01335	0.02225	0.00890	0.00445	0.00742
58	0.00982	0.00842	0.00842	0.00842	0.01122	0.00701	0.00631	0.01192	0.01894	0.02244	0.08416	0.07995	0.65285	0.02104	0.00982	0.00281	0.00421	0.01753	0.00771	0.00701
59	0.01443	0.00722	0.01082	0.01082	0.01082	0.00722	0.00722	0.01082	0.01082	0.01443	0.01443	0.02525	0.01443	0.02886	0.03247	0.75830	0.00722	0.00722	0.00361	0.00361
