[name]
unknown

[dist]
# distance from previous block
# <min> <max>
18	75

[block]
# block no. 0 follows, 20 sequences, length 7
# corresponding to MSA columns:
# 75-81
name=unknown_A
#
# <colnr> <probs for GDERKNQSTAVLIFYWHMCP>
#	G	D	E	R	K	N	Q	S	T	A	V	L	I	F	Y	W	H	M	C	P
0	0.06325	0.01943	0.02359	0.05734	0.12427	0.02103	0.01647	0.32857	0.02988	0.04127	0.02518	0.16132	0.02325	0.01337	0.00905	0.00283	0.00872	0.01124	0.00745	0.01249
1	0.18758	0.03372	0.02228	0.08239	0.02795	0.45876	0.01596	0.03164	0.02188	0.02529	0.01339	0.01611	0.01089	0.00877	0.00741	0.00241	0.01339	0.00563	0.00463	0.00993
2	0.01916	0.01472	0.01596	0.01442	0.01870	0.01566	0.01119	0.03376	0.34680	0.08583	0.10219	0.04981	0.20512	0.01519	0.00940	0.00291	0.00600	0.01272	0.00888	0.01157
3	0.01842	0.01749	0.02967	0.43731	0.28005	0.01989	0.02519	0.02399	0.01836	0.02465	0.01585	0.02262	0.01246	0.00836	0.00869	0.00279	0.01115	0.00776	0.00404	0.01126
4	0.14955	0.02346	0.01947	0.01855	0.06352	0.19620	0.01346	0.15215	0.02480	0.03360	0.02918	0.03015	0.11861	0.01140	0.00793	0.00253	0.00947	0.00851	0.07684	0.01062
5	0.18051	0.01989	0.03051	0.04443	0.50423	0.02047	0.02302	0.02653	0.01877	0.03080	0.01548	0.01998	0.01287	0.00784	0.00793	0.00261	0.00958	0.00711	0.00455	0.01287
6	0.01630	0.01481	0.02433	0.44165	0.13174	0.01715	0.02112	0.02166	0.01935	0.02591	0.14973	0.03210	0.02725	0.01056	0.00905	0.00283	0.00982	0.00949	0.00518	0.00996

[dist]
# distance from previous block
# <min> <max>
1	2

[block]
# block no. 1 follows, 20 sequences, length 21
# corresponding to MSA columns:
# 84-104
name=unknown_B
#
# <colnr> <probs for GDERKNQSTAVLIFYWHMCP>
#	G	D	E	R	K	N	Q	S	T	A	V	L	I	F	Y	W	H	M	C	P
0	0.02165	0.01822	0.02772	0.35833	0.18969	0.02062	0.02255	0.11300	0.05387	0.06222	0.01858	0.02334	0.01394	0.00903	0.00871	0.00278	0.01055	0.00794	0.00533	0.01193
1	0.06644	0.01996	0.03308	0.11320	0.54232	0.02052	0.02544	0.02625	0.01931	0.02853	0.01605	0.02130	0.01333	0.00789	0.00844	0.00263	0.01027	0.00758	0.00434	0.01313
2	0.20497	0.06111	0.01931	0.02119	0.16382	0.01626	0.01310	0.02250	0.01683	0.02980	0.01956	0.02572	0.01677	0.05858	0.09673	0.00433	0.00948	0.00739	0.18273	0.00981
3	0.02276	0.02645	0.04019	0.03049	0.03696	0.17394	0.37029	0.02809	0.02045	0.02519	0.01647	0.02199	0.01318	0.01248	0.05609	0.00362	0.07722	0.00886	0.00439	0.01089
4	0.01853	0.08420	0.45266	0.02581	0.03640	0.02217	0.11796	0.02690	0.01819	0.02652	0.01529	0.01896	0.01144	0.00879	0.01046	0.00283	0.07978	0.00703	0.00381	0.01226
5	0.02169	0.02180	0.03252	0.17189	0.46383	0.08461	0.02527	0.02670	0.01988	0.02656	0.01594	0.02133	0.01313	0.00808	0.00857	0.00262	0.01115	0.00755	0.00425	0.01263
6	0.01063	0.00759	0.01012	0.01215	0.01265	0.00709	0.00810	0.01215	0.01670	0.02227	0.04808	0.68775	0.05769	0.02733	0.01113	0.00354	0.00506	0.02480	0.00810	0.00709
7	0.01809	0.01550	0.01809	0.01292	0.02067	0.01163	0.01034	0.02196	0.01809	0.02842	0.01550	0.01809	0.01292	0.00646	0.00646	0.00129	0.00646	0.00517	0.00517	0.74677
8	0.02332	0.69869	0.04571	0.01493	0.02239	0.03451	0.01493	0.02612	0.01772	0.02052	0.01213	0.01399	0.01119	0.00746	0.00560	0.00187	0.00933	0.00466	0.00373	0.01119
9	0.01268	0.00846	0.00951	0.00951	0.00951	0.00846	0.00529	0.01268	0.01268	0.01691	0.02748	0.05708	0.03171	0.69345	0.04440	0.00846	0.00846	0.01268	0.00529	0.00529
10	0.03316	0.02443	0.02618	0.02007	0.02705	0.02705	0.01658	0.60995	0.04101	0.05497	0.02094	0.02094	0.01483	0.01047	0.00873	0.00262	0.00960	0.00785	0.00873	0.01483
11	0.01626	0.00813	0.00813	0.00813	0.01016	0.00813	0.00610	0.02033	0.01829	0.03252	0.02846	0.03252	0.02236	0.01016	0.00610	0.00203	0.00407	0.00813	0.74187	0.00813
12	0.01063	0.00759	0.01012	0.01215	0.01265	0.00709	0.00810	0.01215	0.01670	0.02227	0.04808	0.68775	0.05769	0.02733	0.01113	0.00354	0.00506	0.02480	0.00810	0.00709
13	0.02092	0.02062	0.03689	0.11328	0.49152	0.02079	0.11385	0.02650	0.01973	0.02779	0.01650	0.02205	0.01351	0.00780	0.00889	0.00268	0.01114	0.00815	0.00429	0.01309
14	0.02159	0.02073	0.03541	0.05354	0.63903	0.02073	0.02677	0.02677	0.01986	0.02850	0.01641	0.02159	0.01382	0.00777	0.00864	0.00259	0.01036	0.00777	0.00432	0.01382
15	0.01063	0.00759	0.01012	0.01215	0.01265	0.00709	0.00810	0.01215	0.01670	0.02227	0.04808	0.68775	0.05769	0.02733	0.01113	0.00354	0.00506	0.02480	0.00810	0.00709
16	0.01031	0.00884	0.00884	0.00884	0.01178	0.00736	0.00663	0.01252	0.01988	0.02356	0.08837	0.08395	0.63549	0.02209	0.01031	0.00295	0.00442	0.01841	0.00810	0.00736
17	0.01246	0.00935	0.01402	0.01402	0.01558	0.01090	0.01090	0.01558	0.01402	0.02025	0.02336	0.03427	0.02181	0.06542	0.65888	0.01402	0.02336	0.00935	0.00467	0.00779
18	0.01750	0.04512	0.64825	0.02486	0.03775	0.02026	0.03223	0.02762	0.01842	0.02762	0.01565	0.01842	0.01105	0.00829	0.00829	0.00276	0.01289	0.00645	0.00368	0.01289
19	0.02059	0.02353	0.05147	0.03676	0.04559	0.02206	0.60735	0.02794	0.02059	0.02794	0.01765	0.02353	0.01324	0.00735	0.01029	0.00294	0.01471	0.01029	0.00441	0.01176
20	0.02159	0.02073	0.03541	0.05354	0.63903	0.02073	0.02677	0.02677	0.01986	0.02850	0.01641	0.02159	0.01382	0.00777	0.00864	0.00259	0.01036	0.00777	0.00432	0.01382

[dist]
# distance from previous block
# <min> <max>
0	1

[block]
# block no. 2 follows, 20 sequences, length 28
# corresponding to MSA columns:
# 106-133
name=unknown_C
#
# <colnr> <probs for GDERKNQSTAVLIFYWHMCP>
#	G	D	E	R	K	N	Q	S	T	A	V	L	I	F	Y	W	H	M	C	P
0	0.02121	0.02034	0.03472	0.09958	0.59597	0.02063	0.02658	0.02644	0.01968	0.02804	0.01634	0.02171	0.01365	0.00784	0.00864	0.00261	0.01046	0.00777	0.00428	0.01351
1	0.02140	0.48371	0.24390	0.01819	0.02744	0.02983	0.02062	0.02661	0.01795	0.02286	0.01329	0.01545	0.01115	0.00773	0.00648	0.00216	0.01050	0.00525	0.00372	0.01175
2	0.03258	0.04157	0.02472	0.02247	0.02697	0.65843	0.01685	0.03483	0.02472	0.02135	0.01348	0.01573	0.01124	0.00899	0.00787	0.00225	0.01573	0.00562	0.00449	0.01011
3	0.01353	0.00989	0.01116	0.01112	0.01270	0.00963	0.00753	0.07147	0.01843	0.02386	0.04807	0.23681	0.19074	0.26902	0.02291	0.00510	0.00659	0.01705	0.00713	0.00726
4	0.19105	0.01510	0.01614	0.01376	0.01813	0.01622	0.01103	0.17161	0.02491	0.08470	0.17056	0.03328	0.03199	0.01714	0.07229	0.00374	0.00826	0.00931	0.08017	0.01063
5	0.02929	0.03609	0.02521	0.02258	0.02597	0.50432	0.01740	0.03146	0.02195	0.02126	0.01299	0.01655	0.01129	0.01052	0.01293	0.00263	0.17716	0.00611	0.00433	0.00997
6	0.01063	0.00759	0.01012	0.01215	0.01265	0.00709	0.00810	0.01215	0.01670	0.02227	0.04808	0.68775	0.05769	0.02733	0.01113	0.00354	0.00506	0.02480	0.00810	0.00709
7	0.01268	0.00846	0.00951	0.00951	0.00951	0.00846	0.00529	0.01268	0.01268	0.01691	0.02748	0.05708	0.03171	0.69345	0.04440	0.00846	0.00846	0.01268	0.00529	0.00529
8	0.03316	0.02443	0.02618	0.02007	0.02705	0.02705	0.01658	0.60995	0.04101	0.05497	0.02094	0.02094	0.01483	0.01047	0.00873	0.00262	0.00960	0.00785	0.00873	0.01483
9	0.01268	0.00846	0.00951	0.00951	0.00951	0.00846	0.00529	0.01268	0.01268	0.01691	0.02748	0.05708	0.03171	0.69345	0.04440	0.00846	0.00846	0.01268	0.00529	0.00529
10	0.03258	0.04157	0.02472	0.02247	0.02697	0.65843	0.01685	0.03483	0.02472	0.02135	0.01348	0.01573	0.01124	0.00899	0.00787	0.00225	0.01573	0.00562	0.00449	0.01011
11	0.02332	0.69869	0.04571	0.01493	0.02239	0.03451	0.01493	0.02612	0.01772	0.02052	0.01213	0.01399	0.01119	0.00746	0.00560	0.00187	0.00933	0.00466	0.00373	0.01119
12	0.01809	0.01550	0.01809	0.01292	0.02067	0.01163	0.01034	0.02196	0.01809	0.02842	0.01550	0.01809	0.01292	0.00646	0.00646	0.00129	0.00646	0.00517	0.00517	0.74677
13	0.05824	0.01679	0.02151	0.02392	0.17016	0.01751	0.01525	0.18620	0.02491	0.06618	0.03169	0.03386	0.11362	0.01832	0.08917	0.00403	0.00990	0.00959	0.07752	0.01163
14	0.01031	0.00884	0.00884	0.00884	0.01178	0.00736	0.00663	0.01252	0.01988	0.02356	0.08837	0.08395	0.63549	0.02209	0.01031	0.00295	0.00442	0.01841	0.00810	0.00736
15	0.02159	0.02073	0.03541	0.05354	0.63903	0.02073	0.02677	0.02677	0.01986	0.02850	0.01641	0.02159	0.01382	0.00777	0.00864	0.00259	0.01036	0.00777	0.00432	0.01382
16	0.01750	0.04512	0.64825	0.02486	0.03775	0.02026	0.03223	0.02762	0.01842	0.02762	0.01565	0.01842	0.01105	0.00829	0.00829	0.00276	0.01289	0.00645	0.00368	0.01289
17	0.02016	0.01926	0.03282	0.22673	0.47703	0.02035	0.02606	0.02552	0.01918	0.02676	0.01615	0.02206	0.01320	0.00804	0.00866	0.00268	0.01072	0.00777	0.00419	0.01266
18	0.01031	0.00884	0.00884	0.00884	0.01178	0.00736	0.00663	0.01252	0.01988	0.02356	0.08837	0.08395	0.63549	0.02209	0.01031	0.00295	0.00442	0.01841	0.00810	0.00736
19	0.02433	0.65488	0.04408	0.01496	0.02238	0.03312	0.01479	0.02717	0.01819	0.06054	0.01355	0.01500	0.01186	0.00768	0.00580	0.00192	0.00921	0.00493	0.00418	0.01143
20	0.02159	0.02073	0.03541	0.05354	0.63903	0.02073	0.02677	0.02677	0.01986	0.02850	0.01641	0.02159	0.01382	0.00777	0.00864	0.00259	0.01036	0.00777	0.00432	0.01382
21	0.01268	0.00846	0.00951	0.00951	0.00951	0.00846	0.00529	0.01268	0.01268	0.01691	0.02748	0.05708	0.03171	0.69345	0.04440	0.00846	0.00846	0.01268	0.00529	0.00529
22	0.03258	0.04157	0.02472	0.02247	0.02697	0.65843	0.01685	0.03483	0.02472	0.02135	0.01348	0.01573	0.01124	0.00899	0.00787	0.00225	0.01573	0.00562	0.00449	0.01011
23	0.02382	0.02182	0.03580	0.08793	0.32358	0.02244	0.14453	0.16894	0.02499	0.03438	0.01770	0.02196	0.01378	0.00841	0.00901	0.00269	0.01117	0.00831	0.00538	0.01333
24	0.01031	0.00884	0.00884	0.00884	0.01178	0.00736	0.00663	0.01252	0.01988	0.02356	0.08837	0.08395	0.63549	0.02209	0.01031	0.00295	0.00442	0.01841	0.00810	0.00736
25	0.01039	0.00853	0.00915	0.00964	0.01199	0.00730	0.00699	0.01243	0.01911	0.02325	0.07854	0.23124	0.49454	0.02337	0.01051	0.00309	0.00457	0.01997	0.00810	0.00730
26	0.01750	0.04512	0.64825	0.02486	0.03775	0.02026	0.03223	0.02762	0.01842	0.02762	0.01565	0.01842	0.01105	0.00829	0.00829	0.00276	0.01289	0.00645	0.00368	0.01289
27	0.02483	0.02780	0.02929	0.17038	0.27861	0.27023	0.02236	0.02899	0.02126	0.02440	0.01507	0.01964	0.01235	0.00845	0.00835	0.00252	0.01273	0.00692	0.00429	0.01151

[dist]
# distance from previous block
# <min> <max>
6	10

[block]
# block no. 3 follows, 20 sequences, length 33
# corresponding to MSA columns:
# 144-176
name=unknown_D
#
# <colnr> <probs for GDERKNQSTAVLIFYWHMCP>
#	G	D	E	R	K	N	Q	S	T	A	V	L	I	F	Y	W	H	M	C	P
0	0.02156	0.01599	0.01776	0.01551	0.01954	0.01686	0.01201	0.30359	0.02903	0.03840	0.04086	0.27272	0.12293	0.01833	0.00984	0.00300	0.00718	0.01559	0.00840	0.01090
1	0.11734	0.09882	0.25192	0.02882	0.20802	0.02054	0.02296	0.02575	0.01796	0.02830	0.01633	0.02121	0.01339	0.04715	0.00967	0.00290	0.01027	0.00686	0.03992	0.01186
2	0.01891	0.05418	0.02074	0.15456	0.02822	0.01874	0.01496	0.06716	0.23698	0.02981	0.02572	0.02916	0.02039	0.02263	0.15312	0.00525	0.01164	0.00873	0.06808	0.01104
3	0.18020	0.02691	0.02604	0.08548	0.24040	0.24800	0.01935	0.02903	0.02033	0.02767	0.01439	0.01807	0.01179	0.00835	0.00768	0.00252	0.01162	0.00636	0.00457	0.01122
4	0.18359	0.03362	0.37602	0.02794	0.16051	0.02020	0.02597	0.02700	0.01792	0.03039	0.01503	0.01814	0.01128	0.00814	0.00771	0.00271	0.01098	0.00634	0.00420	0.01232
5	0.02040	0.19200	0.31441	0.02571	0.03582	0.05314	0.18593	0.02769	0.01914	0.02576	0.01528	0.01867	0.01169	0.00787	0.00819	0.00258	0.01269	0.00705	0.00393	0.01206
6	0.02295	0.65711	0.08404	0.01556	0.02337	0.03361	0.01603	0.02622	0.01777	0.02097	0.01235	0.01427	0.01118	0.00752	0.00577	0.00192	0.00956	0.00478	0.00373	0.01130
7	0.01629	0.03744	0.51318	0.02180	0.03245	0.01766	0.02706	0.02505	0.01949	0.02857	0.11741	0.02933	0.05592	0.01054	0.00871	0.00277	0.01105	0.00856	0.00486	0.01186
8	0.01089	0.00881	0.00974	0.01013	0.01261	0.00767	0.00767	0.01335	0.01992	0.02461	0.12515	0.15703	0.46149	0.02257	0.01058	0.00311	0.00483	0.07417	0.00822	0.00747
9	0.06743	0.01718	0.02052	0.01654	0.02255	0.01749	0.01345	0.15307	0.13868	0.34014	0.03007	0.02806	0.02062	0.01471	0.05523	0.00354	0.00887	0.00864	0.00933	0.01388
10	0.22570	0.01821	0.02432	0.03059	0.29472	0.01790	0.01740	0.02513	0.01797	0.03145	0.01497	0.01855	0.01235	0.00750	0.00713	0.00226	0.00828	0.00620	0.00485	0.21452
11	0.03021	0.03719	0.02553	0.02490	0.07784	0.53105	0.01771	0.03368	0.05036	0.02260	0.01457	0.01722	0.01216	0.00946	0.00946	0.00242	0.06233	0.00613	0.00463	0.01055
12	0.01259	0.00858	0.01010	0.00992	0.01048	0.00839	0.00610	0.01373	0.01599	0.02189	0.19470	0.05931	0.04565	0.50731	0.03500	0.00688	0.00726	0.01354	0.00647	0.00610
13	0.01626	0.00813	0.00813	0.00813	0.01016	0.00813	0.00610	0.02033	0.01829	0.03252	0.02846	0.03252	0.02236	0.01016	0.00610	0.00203	0.00407	0.00813	0.74187	0.00813
14	0.01750	0.04512	0.64825	0.02486	0.03775	0.02026	0.03223	0.02762	0.01842	0.02762	0.01565	0.01842	0.01105	0.00829	0.00829	0.00276	0.01289	0.00645	0.00368	0.01289
15	0.02448	0.01907	0.02051	0.01783	0.02315	0.02157	0.01404	0.11113	0.50582	0.08969	0.03373	0.03096	0.02484	0.01159	0.00885	0.00290	0.00726	0.00954	0.00902	0.01401
16	0.03316	0.02443	0.02618	0.02007	0.02705	0.02705	0.01658	0.60995	0.04101	0.05497	0.02094	0.02094	0.01483	0.01047	0.00873	0.00262	0.00960	0.00785	0.00873	0.01483
17	0.02278	0.01904	0.02414	0.02762	0.19499	0.02086	0.01737	0.04063	0.41626	0.07322	0.03009	0.02930	0.02272	0.01063	0.00880	0.00284	0.00790	0.00921	0.00772	0.01388
18	0.01268	0.00846	0.00951	0.00951	0.00951	0.00846	0.00529	0.01268	0.01268	0.01691	0.02748	0.05708	0.03171	0.69345	0.04440	0.00846	0.00846	0.01268	0.00529	0.00529
19	0.75506	0.01687	0.01282	0.01147	0.01687	0.01957	0.00945	0.02564	0.01484	0.03914	0.01215	0.01417	0.00945	0.00810	0.00540	0.00270	0.00675	0.00472	0.00540	0.00945
20	0.01246	0.00935	0.01402	0.01402	0.01558	0.01090	0.01090	0.01558	0.01402	0.02025	0.02336	0.03427	0.02181	0.06542	0.65888	0.01402	0.02336	0.00935	0.00467	0.00779
21	0.02170	0.01874	0.01972	0.01775	0.02268	0.02170	0.01381	0.04635	0.62327	0.03649	0.03550	0.03254	0.02663	0.01183	0.00888	0.00296	0.00690	0.00986	0.00888	0.01381
22	0.01268	0.00846	0.00951	0.00951	0.00951	0.00846	0.00529	0.01268	0.01268	0.01691	0.02748	0.05708	0.03171	0.69345	0.04440	0.00846	0.00846	0.01268	0.00529	0.00529
23	0.01031	0.00884	0.00884	0.00884	0.01178	0.00736	0.00663	0.01252	0.01988	0.02356	0.08837	0.08395	0.63549	0.02209	0.01031	0.00295	0.00442	0.01841	0.00810	0.00736
24	0.02413	0.64097	0.04387	0.01559	0.02279	0.08932	0.01509	0.02688	0.01834	0.02059	0.01225	0.01415	0.01120	0.00760	0.00580	0.00190	0.00989	0.00475	0.00380	0.01110
25	0.02032	0.01943	0.03311	0.20742	0.49510	0.02039	0.02614	0.02566	0.01926	0.02695	0.01618	0.02200	0.01327	0.00801	0.00866	0.00267	0.01068	0.00777	0.00421	0.01279
26	0.01309	0.00930	0.01065	0.01007	0.01297	0.00806	0.00764	0.01606	0.02194	0.07215	0.27718	0.07343	0.39628	0.01978	0.01019	0.00286	0.00453	0.01679	0.00882	0.00821
27	0.01929	0.01761	0.02901	0.02967	0.19756	0.01676	0.14174	0.06865	0.02241	0.03163	0.14948	0.03554	0.03045	0.01086	0.00922	0.00259	0.00915	0.04626	0.00617	0.12596
28	0.03085	0.03862	0.02468	0.02366	0.05925	0.58722	0.01705	0.03330	0.02385	0.02167	0.01420	0.01710	0.01198	0.01214	0.04500	0.00294	0.01588	0.00595	0.00450	0.01018
29	0.01699	0.01617	0.01366	0.01345	0.01476	0.16065	0.00905	0.01810	0.01628	0.01916	0.02701	0.14464	0.02995	0.35936	0.09765	0.00683	0.01125	0.01258	0.00548	0.00697
30	0.07858	0.02158	0.06291	0.02211	0.05321	0.02016	0.12093	0.19043	0.07635	0.11460	0.02124	0.02240	0.01543	0.00900	0.00838	0.00251	0.00950	0.00782	0.00693	0.13594
31	0.02908	0.03573	0.02524	0.02258	0.02591	0.49426	0.01743	0.03124	0.02177	0.02126	0.01295	0.01660	0.01129	0.01062	0.01326	0.00266	0.18770	0.00614	0.00432	0.00996
32	0.02085	0.02325	0.08961	0.04538	0.41863	0.02140	0.14973	0.02668	0.01943	0.02777	0.01625	0.02155	0.01329	0.00826	0.01039	0.00277	0.05933	0.00819	0.00425	0.01300

[dist]
# distance from previous block
# <min> <max>
0	1

[block]
# block no. 4 follows, 20 sequences, length 25
# corresponding to MSA columns:
# 178-202
name=unknown_E
#
# <colnr> <probs for GDERKNQSTAVLIFYWHMCP>
#	G	D	E	R	K	N	Q	S	T	A	V	L	I	F	Y	W	H	M	C	P
0	0.01990	0.31511	0.39934	0.02076	0.03141	0.02615	0.02508	0.02700	0.01813	0.02469	0.01420	0.01659	0.01111	0.00795	0.00718	0.00239	0.01142	0.00571	0.00370	0.01219
1	0.02332	0.69869	0.04571	0.01493	0.02239	0.03451	0.01493	0.02612	0.01772	0.02052	0.01213	0.01399	0.01119	0.00746	0.00560	0.00187	0.00933	0.00466	0.00373	0.01119
2	0.01031	0.00884	0.00884	0.00884	0.01178	0.00736	0.00663	0.01252	0.01988	0.02356	0.08837	0.08395	0.63549	0.02209	0.01031	0.00295	0.00442	0.01841	0.00810	0.00736
3	0.02235	0.11481	0.40838	0.02312	0.03307	0.20060	0.02605	0.02948	0.02011	0.02510	0.01466	0.01719	0.01112	0.00839	0.00788	0.00252	0.01330	0.00602	0.00392	0.01193
4	0.02332	0.69869	0.04571	0.01493	0.02239	0.03451	0.01493	0.02612	0.01772	0.02052	0.01213	0.01399	0.01119	0.00746	0.00560	0.00187	0.00933	0.00466	0.00373	0.01119
5	0.01063	0.00759	0.01012	0.01215	0.01265	0.00709	0.00810	0.01215	0.01670	0.02227	0.04808	0.68775	0.05769	0.02733	0.01113	0.00354	0.00506	0.02480	0.00810	0.00709
6	0.01050	0.00884	0.00910	0.00903	0.01190	0.00744	0.00678	0.01288	0.02033	0.02462	0.13889	0.08221	0.58431	0.02170	0.01031	0.00293	0.00439	0.01817	0.00824	0.00744
7	0.02059	0.02353	0.05147	0.03676	0.04559	0.02206	0.60735	0.02794	0.02059	0.02794	0.01765	0.02353	0.01324	0.00735	0.01029	0.00294	0.01471	0.01029	0.00441	0.01176
8	0.01921	0.01945	0.02876	0.02404	0.02477	0.02633	0.06753	0.02156	0.01395	0.02156	0.01196	0.01945	0.01160	0.01462	0.02712	0.00374	0.62290	0.00785	0.00387	0.00973
9	0.02228	0.60895	0.09368	0.01570	0.02330	0.03211	0.01614	0.02569	0.01759	0.02109	0.01300	0.01541	0.01174	0.01055	0.03986	0.00257	0.01035	0.00505	0.00378	0.01116
10	0.01801	0.10290	0.59498	0.02398	0.03639	0.02152	0.03070	0.02749	0.01836	0.02700	0.01534	0.01803	0.01106	0.00821	0.00805	0.00268	0.01258	0.00629	0.00369	0.01274
11	0.01947	0.23265	0.41831	0.02308	0.03402	0.02456	0.08042	0.02722	0.01842	0.02559	0.01482	0.01761	0.01129	0.00796	0.00769	0.00252	0.01203	0.00629	0.00376	0.01229
12	0.01921	0.23800	0.47043	0.02193	0.03322	0.02447	0.02712	0.02718	0.01821	0.02553	0.01461	0.01711	0.01109	0.00804	0.00749	0.00250	0.01184	0.00592	0.00370	0.01239
13	0.01948	0.26727	0.44344	0.02148	0.03253	0.02510	0.02635	0.02711	0.01818	0.02521	0.01445	0.01691	0.01110	0.00801	0.00737	0.00246	0.01168	0.00584	0.00370	0.01231
14	0.16105	0.18189	0.09526	0.01509	0.02100	0.13535	0.01393	0.02401	0.01912	0.02591	0.03393	0.03426	0.18401	0.01201	0.00759	0.00250	0.00904	0.00887	0.00540	0.00980
15	0.02154	0.41700	0.27523	0.01909	0.02849	0.05910	0.02164	0.02711	0.01833	0.02328	0.01354	0.01577	0.01114	0.00785	0.00674	0.00223	0.01100	0.00539	0.00375	0.01179
16	0.01951	0.09835	0.38996	0.02094	0.03138	0.07598	0.02415	0.02680	0.01883	0.02660	0.01510	0.01769	0.01152	0.00785	0.00757	0.00229	0.01131	0.00591	0.00411	0.18417
17	0.02116	0.38207	0.14659	0.01665	0.02358	0.06176	0.01673	0.05405	0.01883	0.02339	0.01780	0.07508	0.01725	0.07862	0.01074	0.00289	0.00991	0.00767	0.00454	0.01069
18	0.01736	0.01562	0.05222	0.01602	0.01845	0.05258	0.01314	0.02009	0.01753	0.08020	0.06759	0.15906	0.10406	0.05096	0.11523	0.00509	0.16647	0.01299	0.00633	0.00902
19	0.02335	0.20923	0.09887	0.01622	0.02249	0.02293	0.01518	0.21432	0.02541	0.03500	0.02181	0.08259	0.01877	0.01089	0.00754	0.00240	0.00845	0.00843	0.14452	0.01162
20	0.01947	0.31158	0.17928	0.01585	0.02310	0.02245	0.01671	0.02391	0.01883	0.05851	0.07065	0.03251	0.11187	0.04938	0.00965	0.00272	0.00892	0.00863	0.00528	0.01069
21	0.08540	0.03111	0.23260	0.01965	0.02625	0.19444	0.01952	0.02596	0.01920	0.02561	0.05350	0.02379	0.01773	0.02240	0.16023	0.00525	0.01506	0.00730	0.00465	0.01034
22	0.13008	0.02605	0.25417	0.07575	0.02897	0.01710	0.01982	0.02381	0.01838	0.02979	0.10677	0.02511	0.02180	0.00977	0.00897	0.00256	0.04581	0.00752	0.00512	0.14266
23	0.02183	0.06479	0.11553	0.01991	0.02472	0.17895	0.01761	0.03034	0.15228	0.02533	0.02007	0.02357	0.01654	0.02046	0.12770	0.00480	0.11187	0.00759	0.00523	0.01090
24	0.02103	0.15817	0.28175	0.02735	0.08762	0.08497	0.12937	0.02766	0.01913	0.02548	0.01499	0.01857	0.01175	0.00837	0.00925	0.00262	0.04904	0.00691	0.00396	0.01201

[dist]
# distance from previous block
# <min> <max>
21	105

[block]
# block no. 5 follows, 20 sequences, length 61
# corresponding to MSA columns:
# 312-372
name=unknown_F
#
# <colnr> <probs for GDERKNQSTAVLIFYWHMCP>
#	G	D	E	R	K	N	Q	S	T	A	V	L	I	F	Y	W	H	M	C	P
0	0.09311	0.05532	0.01945	0.01612	0.01960	0.18233	0.01268	0.07896	0.02077	0.02728	0.02836	0.03217	0.11302	0.05168	0.05409	0.00368	0.09810	0.00883	0.07499	0.00945
1	0.01644	0.01721	0.01361	0.01376	0.01621	0.18301	0.00994	0.01840	0.02000	0.02248	0.05306	0.29169	0.25056	0.02052	0.00996	0.00298	0.00771	0.01735	0.00713	0.00800
2	0.01813	0.01754	0.01415	0.01367	0.01509	0.18414	0.00927	0.01916	0.01648	0.01887	0.02468	0.04736	0.02684	0.43274	0.06490	0.00679	0.01118	0.04689	0.00522	0.00690
3	0.02892	0.03283	0.02948	0.03150	0.19339	0.37332	0.05725	0.09805	0.02501	0.02755	0.01539	0.01841	0.01247	0.00873	0.00833	0.00243	0.01351	0.00675	0.00493	0.01176
4	0.02107	0.02174	0.02530	0.03298	0.30132	0.15180	0.01863	0.02622	0.05977	0.02717	0.08519	0.06387	0.10412	0.01200	0.00898	0.00265	0.00967	0.01037	0.00581	0.01136
5	0.01898	0.01785	0.03077	0.04020	0.40456	0.01750	0.08583	0.02412	0.02125	0.03019	0.18338	0.03356	0.03224	0.01044	0.00926	0.00267	0.00916	0.01021	0.00575	0.01208
6	0.22138	0.01971	0.01463	0.01351	0.01713	0.18682	0.01036	0.02488	0.02044	0.03183	0.14782	0.02987	0.02848	0.01090	0.00727	0.00242	0.00796	0.00814	0.18741	0.00905
7	0.01632	0.01767	0.01312	0.01252	0.01588	0.18312	0.00939	0.01854	0.02119	0.02297	0.06815	0.06553	0.46698	0.01855	0.00965	0.00276	0.00747	0.01496	0.00713	0.00811
8	0.01729	0.01310	0.01449	0.01277	0.01636	0.01308	0.00997	0.17503	0.02635	0.03457	0.19908	0.06137	0.26891	0.05805	0.01199	0.00319	0.00615	0.04028	0.00847	0.00950
9	0.02619	0.49486	0.03920	0.01727	0.02381	0.22805	0.01552	0.02882	0.01989	0.02078	0.01255	0.01453	0.01121	0.00794	0.00630	0.00198	0.01131	0.00496	0.00397	0.01086
10	0.01632	0.01262	0.01483	0.05283	0.01943	0.01275	0.01169	0.13704	0.02382	0.03044	0.05604	0.12727	0.27287	0.01989	0.01039	0.00320	0.00686	0.15459	0.00796	0.00917
11	0.02051	0.01962	0.03346	0.18413	0.51688	0.02044	0.02623	0.02582	0.01935	0.02719	0.01622	0.02194	0.01336	0.00797	0.00865	0.00266	0.01063	0.00777	0.00422	0.01295
12	0.02456	0.02635	0.03252	0.04515	0.47381	0.19287	0.02409	0.02895	0.02117	0.02657	0.01562	0.02001	0.01312	0.00810	0.00843	0.00250	0.01181	0.00719	0.00437	0.01282
13	0.02159	0.02073	0.03541	0.05354	0.63903	0.02073	0.02677	0.02677	0.01986	0.02850	0.01641	0.02159	0.01382	0.00777	0.00864	0.00259	0.01036	0.00777	0.00432	0.01382
14	0.02332	0.69869	0.04571	0.01493	0.02239	0.03451	0.01493	0.02612	0.01772	0.02052	0.01213	0.01399	0.01119	0.00746	0.00560	0.00187	0.00933	0.00466	0.00373	0.01119
15	0.01383	0.01158	0.01630	0.02143	0.16688	0.01101	0.01257	0.01657	0.01840	0.02403	0.05048	0.19781	0.22556	0.09538	0.01410	0.00372	0.00687	0.07790	0.00684	0.00873
16	0.01096	0.00868	0.00997	0.01082	0.01297	0.00769	0.00814	0.01326	0.01905	0.02360	0.07113	0.24912	0.39123	0.02381	0.01079	0.00327	0.00514	0.10489	0.00809	0.00739
17	0.01063	0.00759	0.01012	0.01215	0.01265	0.00709	0.00810	0.01215	0.01670	0.02227	0.04808	0.68775	0.05769	0.02733	0.01113	0.00354	0.00506	0.02480	0.00810	0.00709
18	0.02332	0.69869	0.04571	0.01493	0.02239	0.03451	0.01493	0.02612	0.01772	0.02052	0.01213	0.01399	0.01119	0.00746	0.00560	0.00187	0.00933	0.00466	0.00373	0.01119
19	0.02383	0.02840	0.04425	0.03291	0.04056	0.19384	0.44795	0.02980	0.02170	0.02616	0.01652	0.02142	0.01270	0.00779	0.00964	0.00275	0.01498	0.00903	0.00443	0.01132
20	0.01063	0.00759	0.01012	0.01215	0.01265	0.00709	0.00810	0.01215	0.01670	0.02227	0.04808	0.68775	0.05769	0.02733	0.01113	0.00354	0.00506	0.02480	0.00810	0.00709
21	0.02159	0.02073	0.03541	0.05354	0.63903	0.02073	0.02677	0.02677	0.01986	0.02850	0.01641	0.02159	0.01382	0.00777	0.00864	0.00259	0.01036	0.00777	0.00432	0.01382
22	0.01618	0.01174	0.01408	0.01410	0.01620	0.01200	0.01019	0.15937	0.02269	0.03032	0.04139	0.52354	0.04714	0.02318	0.01054	0.00331	0.00618	0.02062	0.00825	0.00899
23	0.02023	0.01869	0.02803	0.21040	0.29073	0.02066	0.02206	0.03163	0.20638	0.02929	0.02209	0.02544	0.01720	0.00929	0.00873	0.00279	0.00963	0.00841	0.00561	0.01269
24	0.01268	0.00846	0.00951	0.00951	0.00951	0.00846	0.00529	0.01268	0.01268	0.01691	0.02748	0.05708	0.03171	0.69345	0.04440	0.00846	0.00846	0.01268	0.00529	0.00529
25	0.02332	0.69869	0.04571	0.01493	0.02239	0.03451	0.01493	0.02612	0.01772	0.02052	0.01213	0.01399	0.01119	0.00746	0.00560	0.00187	0.00933	0.00466	0.00373	0.01119
26	0.01750	0.04512	0.64825	0.02486	0.03775	0.02026	0.03223	0.02762	0.01842	0.02762	0.01565	0.01842	0.01105	0.00829	0.00829	0.00276	0.01289	0.00645	0.00368	0.01289
27	0.01268	0.00846	0.00951	0.00951	0.00951	0.00846	0.00529	0.01268	0.01268	0.01691	0.02748	0.05708	0.03171	0.69345	0.04440	0.00846	0.00846	0.01268	0.00529	0.00529
28	0.02160	0.02060	0.03440	0.05125	0.59963	0.02079	0.02594	0.02802	0.05844	0.02901	0.01763	0.02229	0.01464	0.00803	0.00865	0.00261	0.01014	0.00791	0.00461	0.01382
29	0.01031	0.00884	0.00884	0.00884	0.01178	0.00736	0.00663	0.01252	0.01988	0.02356	0.08837	0.08395	0.63549	0.02209	0.01031	0.00295	0.00442	0.01841	0.00810	0.00736
30	0.02619	0.49486	0.03920	0.01727	0.02381	0.22805	0.01552	0.02882	0.01989	0.02078	0.01255	0.01453	0.01121	0.00794	0.00630	0.00198	0.01131	0.00496	0.00397	0.01086
31	0.02122	0.01820	0.01937	0.01765	0.02240	0.02098	0.01382	0.04461	0.58606	0.03585	0.03616	0.03661	0.02808	0.01259	0.00907	0.00302	0.00697	0.04506	0.00882	0.01345
32	0.01073	0.00767	0.01022	0.01207	0.01268	0.00716	0.00811	0.01241	0.01719	0.02305	0.08425	0.64934	0.05921	0.02674	0.01108	0.00349	0.00500	0.02424	0.00819	0.00716
33	0.02170	0.01874	0.01972	0.01775	0.02268	0.02170	0.01381	0.04635	0.62327	0.03649	0.03550	0.03254	0.02663	0.01183	0.00888	0.00296	0.00690	0.00986	0.00888	0.01381
34	0.01031	0.00884	0.00884	0.00884	0.01178	0.00736	0.00663	0.01252	0.01988	0.02356	0.08837	0.08395	0.63549	0.02209	0.01031	0.00295	0.00442	0.01841	0.00810	0.00736
35	0.01870	0.01748	0.02631	0.01879	0.02681	0.01420	0.15736	0.02344	0.01870	0.02830	0.01603	0.01943	0.01300	0.00668	0.00740	0.00170	0.00849	0.00643	0.00498	0.56576
36	0.02059	0.02353	0.05147	0.03676	0.04559	0.02206	0.60735	0.02794	0.02059	0.02794	0.01765	0.02353	0.01324	0.00735	0.01029	0.00294	0.01471	0.01029	0.00441	0.01176
37	0.02099	0.02011	0.03432	0.12646	0.57082	0.02057	0.02647	0.02624	0.01958	0.02777	0.01630	0.02179	0.01356	0.00788	0.00865	0.00263	0.01051	0.00777	0.00427	0.01333
38	0.01809	0.01550	0.01809	0.01292	0.02067	0.01163	0.01034	0.02196	0.01809	0.02842	0.01550	0.01809	0.01292	0.00646	0.00646	0.00129	0.00646	0.00517	0.00517	0.74677
39	0.01066	0.00865	0.00945	0.00967	0.01210	0.00745	0.00709	0.01304	0.02008	0.02503	0.16172	0.17676	0.46328	0.02230	0.01044	0.00301	0.00448	0.01904	0.00832	0.00745
40	0.02811	0.03129	0.02414	0.02130	0.02540	0.35546	0.01655	0.09331	0.15148	0.02791	0.01858	0.02038	0.01490	0.01078	0.01158	0.00269	0.12205	0.00708	0.00574	0.01128
41	0.01142	0.00881	0.00997	0.00972	0.01188	0.00785	0.00700	0.01398	0.02051	0.02668	0.27712	0.07296	0.34115	0.12459	0.01558	0.00373	0.00493	0.01657	0.00821	0.00736
42	0.01071	0.00885	0.00939	0.00926	0.01203	0.00754	0.00694	0.01330	0.02083	0.02582	0.19631	0.08023	0.52614	0.02125	0.01031	0.00291	0.00436	0.01789	0.00840	0.00754
43	0.02332	0.69869	0.04571	0.01493	0.02239	0.03451	0.01493	0.02612	0.01772	0.02052	0.01213	0.01399	0.01119	0.00746	0.00560	0.00187	0.00933	0.00466	0.00373	0.01119
44	0.01750	0.04512	0.64825	0.02486	0.03775	0.02026	0.03223	0.02762	0.01842	0.02762	0.01565	0.01842	0.01105	0.00829	0.00829	0.00276	0.01289	0.00645	0.00368	0.01289
45	0.03258	0.04157	0.02472	0.02247	0.02697	0.65843	0.01685	0.03483	0.02472	0.02135	0.01348	0.01573	0.01124	0.00899	0.00787	0.00225	0.01573	0.00562	0.00449	0.01011
46	0.75506	0.01687	0.01282	0.01147	0.01687	0.01957	0.00945	0.02564	0.01484	0.03914	0.01215	0.01417	0.00945	0.00810	0.00540	0.00270	0.00675	0.00472	0.00540	0.00945
47	0.01878	0.01734	0.02852	0.07208	0.44515	0.01730	0.02165	0.02361	0.02076	0.02930	0.15064	0.03422	0.06166	0.01071	0.00908	0.00266	0.00879	0.01003	0.00562	0.01209
48	0.01788	0.04267	0.58378	0.02702	0.06988	0.02038	0.06293	0.02760	0.01861	0.02769	0.01580	0.01886	0.01131	0.00821	0.00841	0.00276	0.01286	0.00672	0.00376	0.01288
49	0.02159	0.02073	0.03541	0.05354	0.63903	0.02073	0.02677	0.02677	0.01986	0.02850	0.01641	0.02159	0.01382	0.00777	0.00864	0.00259	0.01036	0.00777	0.00432	0.01382
50	0.02128	0.02041	0.03485	0.09047	0.60449	0.02065	0.02662	0.02650	0.01972	0.02813	0.01635	0.02169	0.01369	0.00783	0.00864	0.00261	0.01044	0.00777	0.00429	0.01357
51	0.02159	0.02073	0.03541	0.05354	0.63903	0.02073	0.02677	0.02677	0.01986	0.02850	0.01641	0.02159	0.01382	0.00777	0.00864	0.00259	0.01036	0.00777	0.00432	0.01382
52	0.01063	0.00759	0.01012	0.01215	0.01265	0.00709	0.00810	0.01215	0.01670	0.02227	0.04808	0.68775	0.05769	0.02733	0.01113	0.00354	0.00506	0.02480	0.00810	0.00709
53	0.01268	0.00846	0.00951	0.00951	0.00951	0.00846	0.00529	0.01268	0.01268	0.01691	0.02748	0.05708	0.03171	0.69345	0.04440	0.00846	0.00846	0.01268	0.00529	0.00529
54	0.01031	0.00884	0.00884	0.00884	0.01178	0.00736	0.00663	0.01252	0.01988	0.02356	0.08837	0.08395	0.63549	0.02209	0.01031	0.00295	0.00442	0.01841	0.00810	0.00736
55	0.01268	0.00846	0.00951	0.00951	0.00951	0.00846	0.00529	0.01268	0.01268	0.01691	0.02748	0.05708	0.03171	0.69345	0.04440	0.00846	0.00846	0.01268	0.00529	0.00529
56	0.03258	0.04157	0.02472	0.02247	0.02697	0.65843	0.01685	0.03483	0.02472	0.02135	0.01348	0.01573	0.01124	0.00899	0.00787	0.00225	0.01573	0.00562	0.00449	0.01011
57	0.01123	0.00913	0.01012	0.01062	0.01333	0.00802	0.00846	0.01389	0.01993	0.02419	0.07798	0.08750	0.49135	0.02259	0.01074	0.00321	0.00531	0.15679	0.00808	0.00753
58	0.03258	0.04157	0.02472	0.02247	0.02697	0.65843	0.01685	0.03483	0.02472	0.02135	0.01348	0.01573	0.01124	0.00899	0.00787	0.00225	0.01573	0.00562	0.00449	0.01011
59	0.03264	0.03985	0.02487	0.02223	0.02697	0.59512	0.01683	0.09250	0.02635	0.02472	0.01423	0.01625	0.01160	0.00914	0.00795	0.00228	0.01512	0.00584	0.00492	0.01059
60	0.03274	0.03703	0.02511	0.02184	0.02699	0.49119	0.01678	0.18717	0.02903	0.03026	0.01546	0.01711	0.01219	0.00938	0.00809	0.00235	0.01411	0.00621	0.00562	0.01136

[dist]
# distance from previous block
# <min> <max>
0	11

[block]
# block no. 6 follows, 20 sequences, length 18
# corresponding to MSA columns:
# 384-401
name=unknown_G
#
# <colnr> <probs for GDERKNQSTAVLIFYWHMCP>
#	G	D	E	R	K	N	Q	S	T	A	V	L	I	F	Y	W	H	M	C	P
0	0.01953	0.01862	0.03168	0.30279	0.40589	0.02018	0.02575	0.02496	0.01889	0.02600	0.01604	0.02226	0.01294	0.00815	0.00867	0.00272	0.01087	0.00776	0.00414	0.01215
1	0.19879	0.02221	0.02465	0.24895	0.16779	0.14835	0.01973	0.02659	0.01880	0.02750	0.01448	0.01919	0.01150	0.00842	0.00773	0.00266	0.01101	0.00660	0.00446	0.01061
2	0.02159	0.02073	0.03541	0.05354	0.63903	0.02073	0.02677	0.02677	0.01986	0.02850	0.01641	0.02159	0.01382	0.00777	0.00864	0.00259	0.01036	0.00777	0.00432	0.01382
3	0.03258	0.04157	0.02472	0.02247	0.02697	0.65843	0.01685	0.03483	0.02472	0.02135	0.01348	0.01573	0.01124	0.00899	0.00787	0.00225	0.01573	0.00562	0.00449	0.01011
4	0.01750	0.04512	0.64825	0.02486	0.03775	0.02026	0.03223	0.02762	0.01842	0.02762	0.01565	0.01842	0.01105	0.00829	0.00829	0.00276	0.01289	0.00645	0.00368	0.01289
5	0.02063	0.01974	0.03367	0.17002	0.53008	0.02047	0.02629	0.02593	0.01941	0.02733	0.01624	0.02190	0.01340	0.00795	0.00865	0.00265	0.01060	0.00777	0.00423	0.01304
6	0.02056	0.01967	0.03355	0.17813	0.52249	0.02045	0.02626	0.02587	0.01937	0.02725	0.01623	0.02192	0.01338	0.00796	0.00865	0.00265	0.01062	0.00777	0.00423	0.01299
7	0.01647	0.01550	0.02616	0.67248	0.06008	0.01938	0.02422	0.02229	0.01744	0.02229	0.01550	0.02326	0.01163	0.00872	0.00872	0.00291	0.01163	0.00775	0.00388	0.00969
8	0.01031	0.00884	0.00884	0.00884	0.01178	0.00736	0.00663	0.01252	0.01988	0.02356	0.08837	0.08395	0.63549	0.02209	0.01031	0.00295	0.00442	0.01841	0.00810	0.00736
9	0.01984	0.02873	0.19527	0.03390	0.04370	0.02162	0.46877	0.02786	0.02006	0.02786	0.01717	0.02230	0.01271	0.00758	0.00981	0.00290	0.01427	0.00937	0.00424	0.01204
10	0.01031	0.00884	0.00884	0.00884	0.01178	0.00736	0.00663	0.01252	0.01988	0.02356	0.08837	0.08395	0.63549	0.02209	0.01031	0.00295	0.00442	0.01841	0.00810	0.00736
11	0.01124	0.00887	0.01013	0.00981	0.01235	0.00776	0.00736	0.01432	0.02208	0.02878	0.33770	0.07537	0.38291	0.02015	0.01030	0.00285	0.00428	0.01721	0.00879	0.00776
12	0.01328	0.01055	0.01558	0.01511	0.01648	0.01285	0.01191	0.01624	0.01394	0.02034	0.02190	0.03240	0.02053	0.05924	0.58126	0.01276	0.10392	0.00913	0.00457	0.00800
13	0.11343	0.61473	0.04166	0.01450	0.02171	0.03267	0.01425	0.02606	0.01737	0.02281	0.01213	0.01401	0.01098	0.00754	0.00557	0.00197	0.00901	0.00467	0.00394	0.01098
14	0.11146	0.15948	0.11845	0.12609	0.15417	0.06496	0.02085	0.02715	0.05038	0.02664	0.01531	0.01901	0.01240	0.00872	0.00878	0.00260	0.05113	0.00655	0.00440	0.01149
15	0.02230	0.02687	0.13262	0.02948	0.17527	0.14694	0.08000	0.02746	0.02139	0.06296	0.12146	0.02778	0.02470	0.01040	0.01010	0.00269	0.05177	0.00878	0.00550	0.01156
16	0.17726	0.07114	0.27739	0.06351	0.09574	0.02128	0.12140	0.02677	0.01806	0.02950	0.01509	0.01869	0.01139	0.00801	0.00790	0.00271	0.01133	0.00682	0.00425	0.01177
17	0.14911	0.06575	0.06337	0.05127	0.02630	0.30181	0.01592	0.03263	0.05191	0.10263	0.01723	0.01862	0.01308	0.00894	0.00750	0.00241	0.01158	0.00616	0.00555	0.04824

[dist]
# distance from previous block
# <min> <max>
2	227

[block]
# block no. 7 follows, 20 sequences, length 49
# corresponding to MSA columns:
# 633-681
name=unknown_H
#
# <colnr> <probs for GDERKNQSTAVLIFYWHMCP>
#	G	D	E	R	K	N	Q	S	T	A	V	L	I	F	Y	W	H	M	C	P
0	0.05982	0.24587	0.18437	0.03195	0.26255	0.02502	0.02333	0.02670	0.01856	0.02627	0.01462	0.01798	0.01207	0.00781	0.00740	0.00240	0.01044	0.00629	0.00403	0.01252
1	0.06838	0.03554	0.43967	0.02157	0.03210	0.01893	0.02559	0.06810	0.02100	0.12122	0.05186	0.02249	0.01659	0.00930	0.00831	0.00274	0.01100	0.00727	0.00549	0.01284
2	0.02763	0.39331	0.03595	0.01843	0.02452	0.32447	0.01582	0.03017	0.02097	0.02091	0.01276	0.01480	0.01121	0.00817	0.00665	0.00204	0.01230	0.00511	0.00409	0.01069
3	0.01109	0.00879	0.00997	0.00984	0.01230	0.00767	0.00732	0.01397	0.02147	0.02774	0.28958	0.11536	0.39228	0.02084	0.01035	0.00291	0.00435	0.01783	0.00866	0.00767
4	0.06198	0.01015	0.01125	0.01128	0.01380	0.00985	0.00832	0.01785	0.08429	0.02838	0.19740	0.21689	0.25606	0.02033	0.01002	0.00303	0.00492	0.01752	0.00836	0.00833
5	0.02199	0.16455	0.38466	0.02149	0.03182	0.02367	0.02488	0.10991	0.05374	0.05864	0.01762	0.01918	0.01291	0.00873	0.00789	0.00258	0.01119	0.00659	0.00499	0.01297
6	0.01063	0.00759	0.01012	0.01215	0.01265	0.00709	0.00810	0.01215	0.01670	0.02227	0.04808	0.68775	0.05769	0.02733	0.01113	0.00354	0.00506	0.02480	0.00810	0.00709
7	0.01447	0.00942	0.01215	0.01117	0.01372	0.00855	0.00848	0.01835	0.02428	0.08657	0.53371	0.06378	0.12668	0.01761	0.01016	0.00276	0.00443	0.01541	0.00957	0.00872
8	0.03033	0.03678	0.02507	0.07841	0.02955	0.52277	0.01762	0.06765	0.02432	0.02344	0.01397	0.01692	0.01150	0.00948	0.00938	0.00243	0.05934	0.00607	0.00465	0.01032
9	0.02106	0.01949	0.03186	0.23503	0.41380	0.02087	0.02513	0.07572	0.02096	0.02893	0.01653	0.02203	0.01325	0.00829	0.00867	0.00269	0.01067	0.00777	0.00457	0.01268
10	0.01031	0.00884	0.00884	0.00884	0.01178	0.00736	0.00663	0.01252	0.01988	0.02356	0.08837	0.08395	0.63549	0.02209	0.01031	0.00295	0.00442	0.01841	0.00810	0.00736
11	0.02737	0.03025	0.02793	0.03262	0.24131	0.31315	0.01993	0.07007	0.10040	0.02793	0.01779	0.02026	0.01433	0.00902	0.00832	0.00248	0.01233	0.00706	0.00526	0.01218
12	0.02108	0.44764	0.27716	0.01874	0.02829	0.02904	0.02157	0.02670	0.01799	0.02325	0.01348	0.01569	0.01114	0.00778	0.00663	0.00221	0.01070	0.00535	0.00371	0.01185
13	0.02059	0.02353	0.05147	0.03676	0.04559	0.02206	0.60735	0.02794	0.02059	0.02794	0.01765	0.02353	0.01324	0.00735	0.01029	0.00294	0.01471	0.01029	0.00441	0.01176
14	0.02159	0.02073	0.03541	0.05354	0.63903	0.02073	0.02677	0.02677	0.01986	0.02850	0.01641	0.02159	0.01382	0.00777	0.00864	0.00259	0.01036	0.00777	0.00432	0.01382
15	0.01750	0.04512	0.64825	0.02486	0.03775	0.02026	0.03223	0.02762	0.01842	0.02762	0.01565	0.01842	0.01105	0.00829	0.00829	0.00276	0.01289	0.00645	0.00368	0.01289
16	0.03316	0.02443	0.02618	0.02007	0.02705	0.02705	0.01658	0.60995	0.04101	0.05497	0.02094	0.02094	0.01483	0.01047	0.00873	0.00262	0.00960	0.00785	0.00873	0.01483
17	0.01246	0.00935	0.01402	0.01402	0.01558	0.01090	0.01090	0.01558	0.01402	0.02025	0.02336	0.03427	0.02181	0.06542	0.65888	0.01402	0.02336	0.00935	0.00467	0.00779
18	0.01063	0.00759	0.01012	0.01215	0.01265	0.00709	0.00810	0.01215	0.01670	0.02227	0.04808	0.68775	0.05769	0.02733	0.01113	0.00354	0.00506	0.02480	0.00810	0.00709
19	0.01246	0.00935	0.01402	0.01402	0.01558	0.01090	0.01090	0.01558	0.01402	0.02025	0.02336	0.03427	0.02181	0.06542	0.65888	0.01402	0.02336	0.00935	0.00467	0.00779
20	0.01268	0.00846	0.00951	0.00951	0.00951	0.00846	0.00529	0.01268	0.01268	0.01691	0.02748	0.05708	0.03171	0.69345	0.04440	0.00846	0.00846	0.01268	0.00529	0.00529
21	0.02974	0.01277	0.01723	0.01393	0.01903	0.01121	0.01121	0.03338	0.02487	0.43119	0.24477	0.04212	0.04288	0.01326	0.00930	0.00271	0.00626	0.01123	0.01038	0.01253
22	0.01235	0.00892	0.01166	0.01097	0.01303	0.00823	0.00823	0.01646	0.02469	0.03498	0.63443	0.06516	0.08230	0.01783	0.01029	0.00274	0.00412	0.01578	0.00960	0.00823
23	0.02115	0.02028	0.03461	0.10691	0.58911	0.02061	0.02655	0.02638	0.01965	0.02796	0.01633	0.02173	0.01363	0.00785	0.00864	0.00262	0.01047	0.00777	0.00428	0.01346
24	0.02608	0.50295	0.03946	0.01717	0.02375	0.22037	0.01550	0.02871	0.01981	0.02077	0.01253	0.01451	0.01121	0.00792	0.00627	0.00198	0.01124	0.00495	0.00396	0.01087
25	0.03258	0.04157	0.02472	0.02247	0.02697	0.65843	0.01685	0.03483	0.02472	0.02135	0.01348	0.01573	0.01124	0.00899	0.00787	0.00225	0.01573	0.00562	0.00449	0.01011
26	0.02085	0.02783	0.18134	0.03155	0.14056	0.05077	0.19739	0.03248	0.16742	0.02975	0.02113	0.02382	0.01600	0.00882	0.00907	0.00281	0.01166	0.00862	0.00532	0.01281
27	0.01063	0.00759	0.01012	0.01215	0.01265	0.00709	0.00810	0.01215	0.01670	0.02227	0.04808	0.68775	0.05769	0.02733	0.01113	0.00354	0.00506	0.02480	0.00810	0.00709
28	0.01125	0.00803	0.01083	0.01285	0.01363	0.00762	0.00917	0.01321	0.01731	0.02296	0.04774	0.58144	0.05634	0.02674	0.01130	0.00363	0.00560	0.12501	0.00809	0.00726
29	0.01063	0.00759	0.01012	0.01215	0.01265	0.00709	0.00810	0.01215	0.01670	0.02227	0.04808	0.68775	0.05769	0.02733	0.01113	0.00354	0.00506	0.02480	0.00810	0.00709
30	0.02931	0.03536	0.02790	0.03173	0.20929	0.46846	0.01981	0.03243	0.02327	0.02348	0.01435	0.01748	0.01200	0.00863	0.00809	0.00235	0.01413	0.00626	0.00444	0.01122
31	0.02117	0.02601	0.18212	0.11043	0.21363	0.02071	0.07697	0.12333	0.02284	0.03171	0.01955	0.02770	0.01613	0.00983	0.00902	0.00283	0.01119	0.05706	0.00518	0.01258
32	0.03258	0.04157	0.02472	0.02247	0.02697	0.65843	0.01685	0.03483	0.02472	0.02135	0.01348	0.01573	0.01124	0.00899	0.00787	0.00225	0.01573	0.00562	0.00449	0.01011
33	0.03258	0.04157	0.02472	0.02247	0.02697	0.65843	0.01685	0.03483	0.02472	0.02135	0.01348	0.01573	0.01124	0.00899	0.00787	0.00225	0.01573	0.00562	0.00449	0.01011
34	0.02332	0.69869	0.04571	0.01493	0.02239	0.03451	0.01493	0.02612	0.01772	0.02052	0.01213	0.01399	0.01119	0.00746	0.00560	0.00187	0.00933	0.00466	0.00373	0.01119
35	0.01246	0.00935	0.01402	0.01402	0.01558	0.01090	0.01090	0.01558	0.01402	0.02025	0.02336	0.03427	0.02181	0.06542	0.65888	0.01402	0.02336	0.00935	0.00467	0.00779
36	0.01268	0.00846	0.00951	0.00951	0.00951	0.00846	0.00529	0.01268	0.01268	0.01691	0.02748	0.05708	0.03171	0.69345	0.04440	0.00846	0.00846	0.01268	0.00529	0.00529
37	0.03316	0.02443	0.02618	0.02007	0.02705	0.02705	0.01658	0.60995	0.04101	0.05497	0.02094	0.02094	0.01483	0.01047	0.00873	0.00262	0.00960	0.00785	0.00873	0.01483
38	0.01031	0.00884	0.00884	0.00884	0.01178	0.00736	0.00663	0.01252	0.01988	0.02356	0.08837	0.08395	0.63549	0.02209	0.01031	0.00295	0.00442	0.01841	0.00810	0.00736
39	0.01406	0.01004	0.01406	0.01606	0.01807	0.01004	0.01406	0.01807	0.02008	0.02610	0.04618	0.09839	0.05020	0.02410	0.01205	0.00402	0.00803	0.58032	0.00803	0.00803
