[name]
unknown

[dist]
# distance from previous block
# <min> <max>
0	7

[block]
# block no. 0 follows, 23 sequences, length 26
# corresponding to MSA columns:
# 7-32
name=unknown_A
#
# <colnr> <probs for GDERKNQSTAVLIFYWHMCP>
#	G	D	E	R	K	N	Q	S	T	A	V	L	I	F	Y	W	H	M	C	P
0	0.01362	0.01286	0.01187	0.01233	0.01471	0.10794	0.00959	0.01602	0.01875	0.02204	0.05578	0.17117	0.30958	0.01998	0.00979	0.00299	0.00664	0.16997	0.00702	0.00735
1	0.01837	0.01067	0.01533	0.01773	0.11103	0.00992	0.01114	0.02067	0.01780	0.18973	0.03617	0.40001	0.03778	0.05029	0.01086	0.00317	0.00616	0.01633	0.00754	0.00932
2	0.01859	0.18751	0.41333	0.02498	0.12518	0.04802	0.02512	0.02554	0.01742	0.02413	0.01386	0.01657	0.01070	0.00749	0.00719	0.00234	0.01102	0.00578	0.00355	0.01167
3	0.02822	0.03916	0.11967	0.02123	0.02658	0.58356	0.01781	0.03140	0.02212	0.02073	0.01284	0.01500	0.01043	0.00826	0.00737	0.00216	0.01424	0.00534	0.00407	0.00979
4	0.02250	0.02257	0.07796	0.02682	0.21738	0.11599	0.01774	0.06154	0.10028	0.07843	0.01843	0.02021	0.01424	0.00802	0.00753	0.00218	0.00917	0.00666	0.00539	0.16696
5	0.02501	0.02756	0.02677	0.03060	0.24195	0.30111	0.01910	0.08114	0.02122	0.02482	0.01380	0.01738	0.01159	0.00897	0.01050	0.00245	0.11440	0.00637	0.00438	0.01089
6	0.01670	0.03898	0.57982	0.02477	0.03620	0.01909	0.11996	0.02574	0.01743	0.02574	0.01484	0.01784	0.01058	0.00758	0.00799	0.00259	0.01224	0.00653	0.00353	0.01184
7	0.01077	0.00824	0.00973	0.00937	0.01151	0.00736	0.00695	0.01372	0.02069	0.02762	0.40584	0.06699	0.29980	0.05236	0.01113	0.00289	0.00413	0.01548	0.00820	0.00721
8	0.40065	0.02631	0.28271	0.07272	0.02697	0.01845	0.01858	0.02435	0.01537	0.03073	0.01289	0.01550	0.00957	0.00765	0.00638	0.00255	0.00899	0.00528	0.00425	0.01011
9	0.01180	0.00787	0.00885	0.00885	0.00885	0.00787	0.00492	0.01180	0.01180	0.01573	0.02557	0.05310	0.02950	0.71483	0.04130	0.00787	0.00787	0.01180	0.00492	0.00492
10	0.01460	0.00773	0.00838	0.00838	0.01020	0.00795	0.00634	0.01825	0.01642	0.02855	0.02577	0.03049	0.02072	0.01710	0.10640	0.00355	0.00645	0.00773	0.64747	0.00752
11	0.02999	0.02190	0.02343	0.01806	0.02431	0.02420	0.01489	0.60338	0.03700	0.05000	0.01986	0.02007	0.01418	0.00972	0.00798	0.00241	0.00865	0.00732	0.04919	0.01346
12	0.01756	0.01327	0.01850	0.35527	0.03515	0.01545	0.01561	0.11181	0.01976	0.02857	0.01937	0.02431	0.01473	0.00882	0.00726	0.00238	0.00809	0.00735	0.26751	0.00922
13	0.01126	0.00829	0.01054	0.00997	0.01199	0.00756	0.00748	0.01488	0.02244	0.03129	0.59184	0.06267	0.14544	0.01706	0.00957	0.00257	0.00386	0.01496	0.00877	0.00756
14	0.00998	0.00824	0.00876	0.00863	0.01120	0.00702	0.00647	0.01240	0.01942	0.02411	0.20113	0.07449	0.54063	0.01973	0.00959	0.00270	0.00405	0.01662	0.00782	0.00702
15	0.02008	0.01928	0.03294	0.04981	0.66422	0.01928	0.02490	0.02490	0.01848	0.02651	0.01526	0.02008	0.01285	0.00723	0.00803	0.00241	0.00964	0.00723	0.00402	0.01285
16	0.01179	0.00737	0.01019	0.01076	0.01144	0.00703	0.00739	0.01207	0.01569	0.02141	0.19196	0.30003	0.04552	0.02413	0.01772	0.27270	0.00531	0.01523	0.00647	0.00578
17	0.01935	0.02055	0.04104	0.06922	0.28476	0.01993	0.37082	0.02534	0.01876	0.02596	0.01588	0.02117	0.01246	0.00705	0.00891	0.00261	0.01198	0.00856	0.00405	0.01160
18	0.59673	0.02179	0.16529	0.01356	0.02020	0.01835	0.01371	0.02428	0.01458	0.03392	0.01206	0.01410	0.00913	0.00757	0.00565	0.00252	0.00760	0.00477	0.00465	0.00953
19	0.17489	0.01854	0.02861	0.04175	0.53072	0.01906	0.02159	0.02469	0.01752	0.02855	0.01445	0.01866	0.01202	0.00729	0.00741	0.00243	0.00895	0.00665	0.00422	0.01202
20	0.02242	0.04825	0.02507	0.03022	0.30053	0.18165	0.01747	0.02615	0.01939	0.05458	0.01680	0.02005	0.01361	0.00786	0.00723	0.00213	0.00954	0.00651	0.11683	0.07370
21	0.06931	0.16363	0.12750	0.01557	0.02140	0.05460	0.01483	0.07548	0.01937	0.12178	0.06822	0.02407	0.01918	0.01972	0.14619	0.00450	0.01145	0.00717	0.00557	0.01043
22	0.01576	0.03364	0.46748	0.01950	0.02867	0.06291	0.02333	0.02300	0.01811	0.02495	0.06170	0.03065	0.13506	0.01062	0.00813	0.00257	0.01027	0.00848	0.00454	0.01062
23	0.01694	0.02263	0.21939	0.15110	0.21503	0.01629	0.02169	0.02303	0.01733	0.02604	0.01741	0.02175	0.01348	0.00804	0.00742	0.00240	0.00926	0.00693	0.17314	0.01070
24	0.02327	0.03112	0.14763	0.06779	0.25480	0.28835	0.02198	0.02787	0.01994	0.02335	0.01398	0.01740	0.01129	0.00783	0.00769	0.00233	0.01217	0.00619	0.00395	0.01109
25	0.02780	0.03069	0.02361	0.02331	0.09886	0.41378	0.01648	0.15472	0.02523	0.02744	0.01682	0.02266	0.01444	0.00968	0.00789	0.00234	0.01228	0.05617	0.00525	0.01055

[dist]
# distance from previous block
# <min> <max>
0	7

[block]
# block no. 1 follows, 23 sequences, length 24
# corresponding to MSA columns:
# 40-63
name=unknown_B
#
# <colnr> <probs for GDERKNQSTAVLIFYWHMCP>
#	G	D	E	R	K	N	Q	S	T	A	V	L	I	F	Y	W	H	M	C	P
0	0.01797	0.07942	0.02136	0.11796	0.08194	0.14793	0.03722	0.02109	0.01843	0.02215	0.05758	0.03485	0.15305	0.06322	0.01037	0.00270	0.00894	0.00917	0.00506	0.08961
1	0.02419	0.02744	0.02271	0.02516	0.17132	0.35665	0.01607	0.07110	0.02223	0.02407	0.02639	0.02783	0.12990	0.01042	0.00796	0.00231	0.01113	0.00801	0.00504	0.01006
2	0.20273	0.07364	0.18724	0.02035	0.11433	0.01794	0.01732	0.06355	0.01895	0.07797	0.08783	0.02425	0.04310	0.00929	0.00725	0.00246	0.00826	0.00727	0.00545	0.01081
3	0.02438	0.02757	0.02853	0.12167	0.20290	0.31012	0.08393	0.05966	0.02125	0.02404	0.01430	0.01806	0.01152	0.00794	0.00790	0.00235	0.01237	0.00660	0.00426	0.01067
4	0.02364	0.02328	0.02671	0.15232	0.22531	0.16576	0.01984	0.15989	0.02293	0.02889	0.01510	0.01887	0.01200	0.00871	0.00929	0.00248	0.06203	0.00680	0.00484	0.01131
5	0.02231	0.01427	0.01710	0.01294	0.01909	0.01208	0.01026	0.05864	0.05166	0.19182	0.02115	0.02368	0.01640	0.07117	0.00996	0.00228	0.00658	0.00665	0.00651	0.42544
6	0.01879	0.01796	0.03060	0.22553	0.49862	0.01894	0.02426	0.02377	0.01786	0.02494	0.01503	0.02050	0.01230	0.00747	0.00805	0.00249	0.00996	0.00722	0.00390	0.01181
7	0.01517	0.01123	0.01562	0.01805	0.13225	0.01074	0.01147	0.01990	0.05480	0.07627	0.35389	0.05312	0.13478	0.01493	0.00920	0.00262	0.00548	0.04344	0.00782	0.00921
8	0.01409	0.00705	0.01057	0.01057	0.01057	0.00705	0.00705	0.01057	0.01057	0.01409	0.01409	0.02467	0.01409	0.02819	0.03171	0.76392	0.00705	0.00705	0.00352	0.00352
9	0.01013	0.00721	0.00951	0.01107	0.01165	0.00675	0.00741	0.01169	0.01601	0.02152	0.09899	0.61702	0.05446	0.06058	0.01190	0.00347	0.00479	0.02173	0.00752	0.00660
10	0.02031	0.54629	0.20380	0.01625	0.02448	0.02871	0.01800	0.02466	0.01665	0.02078	0.01212	0.01407	0.01038	0.00714	0.00585	0.00195	0.00953	0.00476	0.00346	0.01082
11	0.01362	0.01167	0.01693	0.01576	0.01673	0.01498	0.01265	0.01615	0.01284	0.01906	0.01809	0.02723	0.01712	0.04551	0.46682	0.00992	0.24489	0.00817	0.00408	0.00778
12	0.01175	0.00805	0.00977	0.00977	0.01009	0.00837	0.00606	0.01239	0.01207	0.01642	0.02472	0.04844	0.02748	0.57116	0.18221	0.00900	0.01091	0.01112	0.00479	0.00543
13	0.02939	0.03693	0.02389	0.02350	0.08250	0.62270	0.01651	0.03173	0.02259	0.02046	0.01279	0.01512	0.01067	0.00826	0.00738	0.00212	0.01418	0.00541	0.00417	0.00972
14	0.02130	0.67015	0.08861	0.01456	0.02187	0.03114	0.01506	0.02440	0.01653	0.01957	0.01152	0.01332	0.01040	0.00700	0.00539	0.00180	0.00892	0.00446	0.00347	0.01053
15	0.01008	0.00824	0.00891	0.00874	0.01126	0.00706	0.00655	0.01260	0.01966	0.02469	0.23315	0.07352	0.50825	0.01952	0.00958	0.00269	0.00404	0.01648	0.00790	0.00706
16	0.01122	0.00835	0.01049	0.01013	0.01220	0.00761	0.00772	0.01470	0.02184	0.02997	0.50959	0.06594	0.18677	0.01772	0.00968	0.00266	0.00412	0.05323	0.00857	0.00749
17	0.02292	0.01946	0.02795	0.18039	0.30009	0.02113	0.02096	0.24480	0.02508	0.03412	0.01660	0.02021	0.01275	0.00833	0.00808	0.00248	0.00964	0.00725	0.00541	0.01235
18	0.02002	0.51010	0.23745	0.01674	0.02525	0.02801	0.01886	0.02473	0.01669	0.02113	0.01230	0.01429	0.01037	0.00718	0.00598	0.00199	0.00970	0.00485	0.00346	0.01090
19	0.02053	0.57471	0.17736	0.01586	0.02388	0.02927	0.01733	0.02460	0.01663	0.02050	0.01198	0.01390	0.01038	0.00711	0.00574	0.00191	0.00939	0.00469	0.00346	0.01075
20	0.01003	0.00743	0.00942	0.01094	0.01194	0.00682	0.00762	0.01172	0.01630	0.02117	0.05180	0.54882	0.16973	0.02429	0.01026	0.00322	0.00477	0.05948	0.00753	0.00670
21	0.01956	0.01854	0.03146	0.04722	0.61612	0.01854	0.02402	0.02430	0.01849	0.02634	0.01732	0.02539	0.01537	0.00836	0.00827	0.00251	0.00948	0.05198	0.00427	0.01245
22	0.09024	0.40767	0.03146	0.01501	0.02054	0.19466	0.01323	0.02539	0.01859	0.02225	0.07956	0.01843	0.01721	0.00837	0.00619	0.00198	0.00948	0.00565	0.00436	0.00972
23	0.01201	0.00920	0.01130	0.01198	0.01396	0.00899	0.00926	0.01687	0.08673	0.02520	0.14935	0.24261	0.17875	0.02066	0.01006	0.00311	0.00534	0.16907	0.00782	0.00772

[dist]
# distance from previous block
# <min> <max>
0	7

[block]
# block no. 2 follows, 23 sequences, length 9
# corresponding to MSA columns:
# 71-79
name=unknown_C
#
# <colnr> <probs for GDERKNQSTAVLIFYWHMCP>
#	G	D	E	R	K	N	Q	S	T	A	V	L	I	F	Y	W	H	M	C	P
0	0.01809	0.01997	0.06654	0.03172	0.30948	0.08098	0.04697	0.02204	0.01817	0.02393	0.02999	0.03263	0.16235	0.01124	0.01050	0.00261	0.08816	0.00934	0.00476	0.01053
1	0.02256	0.06264	0.01795	0.01461	0.01838	0.16752	0.01133	0.02725	0.08195	0.16676	0.18174	0.13046	0.03635	0.01337	0.00845	0.00251	0.00769	0.01108	0.00746	0.00993
2	0.02552	0.02952	0.02291	0.09713	0.02750	0.40469	0.01616	0.06664	0.02107	0.02254	0.01311	0.01641	0.01089	0.00904	0.01012	0.00231	0.11195	0.00582	0.00434	0.08236
3	0.02248	0.02320	0.02609	0.03274	0.31591	0.17318	0.01901	0.03231	0.21599	0.02728	0.02016	0.02199	0.01601	0.00867	0.00794	0.00244	0.00979	0.00737	0.00537	0.01205
4	0.01793	0.01318	0.01534	0.01408	0.01704	0.01395	0.01069	0.24702	0.02394	0.03203	0.03488	0.34748	0.06756	0.02287	0.07789	0.00393	0.00800	0.01536	0.00743	0.00938
5	0.01286	0.01662	0.16472	0.01442	0.01736	0.01192	0.01309	0.01573	0.01439	0.02018	0.02787	0.26558	0.03117	0.23466	0.02124	0.00458	0.08693	0.01378	0.00531	0.00758
6	0.02407	0.09411	0.02075	0.01648	0.02050	0.38620	0.01276	0.02653	0.02176	0.05754	0.12290	0.03099	0.11045	0.01126	0.00782	0.00224	0.01053	0.00839	0.00563	0.00912
7	0.01184	0.00810	0.01017	0.01078	0.01248	0.00733	0.00783	0.01410	0.01825	0.06080	0.16610	0.36137	0.19998	0.02156	0.00996	0.00301	0.00471	0.05641	0.00793	0.00732
8	0.01588	0.01666	0.06697	0.03236	0.37594	0.01458	0.01820	0.01997	0.01839	0.02473	0.04039	0.04170	0.25641	0.01227	0.00860	0.00254	0.00772	0.01087	0.00530	0.01054

[dist]
# distance from previous block
# <min> <max>
3	9

[block]
# block no. 3 follows, 23 sequences, length 28
# corresponding to MSA columns:
# 89-116
name=unknown_D
#
# <colnr> <probs for GDERKNQSTAVLIFYWHMCP>
#	G	D	E	R	K	N	Q	S	T	A	V	L	I	F	Y	W	H	M	C	P
0	0.01506	0.01239	0.01699	0.01966	0.14894	0.01155	0.01230	0.05582	0.01955	0.02731	0.14363	0.19000	0.08415	0.01494	0.00879	0.00253	0.00622	0.05424	0.00658	0.14935
1	0.15569	0.04701	0.02689	0.03445	0.37518	0.12925	0.01927	0.02720	0.06217	0.02742	0.01520	0.01841	0.01247	0.00772	0.00729	0.00237	0.00961	0.00642	0.00450	0.01147
2	0.07048	0.02484	0.02112	0.02033	0.06917	0.28878	0.01485	0.06724	0.01958	0.02455	0.01494	0.01886	0.01263	0.01329	0.05801	0.00320	0.15402	0.00635	0.08831	0.00946
3	0.01785	0.01718	0.02888	0.04014	0.48625	0.01680	0.06341	0.02224	0.01853	0.02553	0.02915	0.03217	0.14651	0.00995	0.00846	0.00250	0.00878	0.00943	0.00475	0.01148
4	0.02732	0.03287	0.02274	0.02132	0.05251	0.50495	0.01567	0.05830	0.04444	0.02218	0.01715	0.01922	0.04491	0.00962	0.00926	0.00231	0.07456	0.00634	0.00462	0.00971
5	0.02038	0.01434	0.01553	0.01324	0.01701	0.01516	0.01043	0.28568	0.02621	0.03631	0.05700	0.08459	0.11066	0.06587	0.01064	0.00289	0.00659	0.03471	0.16285	0.00991
6	0.18317	0.13251	0.02290	0.01653	0.02169	0.32226	0.01329	0.03074	0.02016	0.14387	0.01571	0.01650	0.01189	0.00829	0.00668	0.00220	0.01057	0.00546	0.00534	0.01025
7	0.01076	0.00773	0.01020	0.01070	0.01196	0.00717	0.00760	0.01349	0.01959	0.02717	0.38053	0.35533	0.06616	0.02060	0.00993	0.00289	0.00423	0.01849	0.00830	0.00717
8	0.00999	0.00714	0.00950	0.01123	0.01179	0.00666	0.00754	0.01155	0.01600	0.02145	0.08296	0.66921	0.05509	0.02487	0.01031	0.00325	0.00465	0.02255	0.00762	0.00666
9	0.01003	0.00712	0.00937	0.01111	0.01155	0.00669	0.00734	0.01134	0.01526	0.02034	0.04329	0.66032	0.05186	0.07711	0.01268	0.00364	0.00494	0.02222	0.00734	0.00647
10	0.07871	0.07347	0.02212	0.01828	0.02116	0.29846	0.01451	0.02465	0.01737	0.02077	0.01361	0.01841	0.01222	0.01948	0.13828	0.00451	0.18480	0.00622	0.00407	0.00889
11	0.03031	0.03867	0.02299	0.02090	0.02508	0.68226	0.01568	0.03240	0.02299	0.01986	0.01254	0.01463	0.01045	0.00836	0.00732	0.00209	0.01463	0.00523	0.00418	0.00941
12	0.01683	0.01442	0.01683	0.01202	0.01923	0.01082	0.00961	0.02043	0.01683	0.02644	0.01442	0.01683	0.01202	0.00601	0.00601	0.00120	0.00601	0.00481	0.00481	0.76444
13	0.01180	0.00787	0.00885	0.00885	0.00885	0.00787	0.00492	0.01180	0.01180	0.01573	0.02557	0.05310	0.02950	0.71483	0.04130	0.00787	0.00787	0.01180	0.00492	0.00492
14	0.18236	0.56899	0.03597	0.01320	0.01973	0.02913	0.01279	0.02420	0.01591	0.02280	0.01128	0.01305	0.01007	0.00707	0.00517	0.00190	0.00816	0.00435	0.00380	0.01007
15	0.01158	0.00790	0.00879	0.00879	0.00906	0.00777	0.00504	0.01178	0.01246	0.01634	0.03111	0.05555	0.09133	0.64685	0.03819	0.00736	0.00750	0.01232	0.00517	0.00511
16	0.02553	0.24096	0.03217	0.02346	0.10788	0.32446	0.06388	0.05041	0.02069	0.02209	0.01306	0.01558	0.01102	0.00772	0.00697	0.00209	0.01190	0.00563	0.00408	0.01044
17	0.01006	0.00713	0.00936	0.01108	0.01151	0.00670	0.00730	0.01134	0.01520	0.02027	0.04301	0.65087	0.05151	0.08704	0.01312	0.00370	0.00499	0.02206	0.00730	0.00644
18	0.09058	0.02991	0.11846	0.09351	0.18713	0.29770	0.02009	0.02767	0.01954	0.02392	0.01358	0.01690	0.01091	0.00789	0.00742	0.00234	0.01189	0.00595	0.00405	0.01054
19	0.02379	0.01911	0.02666	0.11563	0.33695	0.07695	0.01993	0.02987	0.08138	0.15865	0.02011	0.02234	0.01505	0.00839	0.00803	0.00247	0.00935	0.00743	0.00564	0.01227
20	0.01574	0.01404	0.01808	0.02021	0.14658	0.04034	0.04081	0.02083	0.09010	0.04661	0.04748	0.04897	0.29745	0.06700	0.01224	0.00307	0.04277	0.01215	0.00630	0.00924
21	0.01780	0.01663	0.01996	0.01903	0.07615	0.09191	0.05122	0.07567	0.01998	0.02658	0.19515	0.03716	0.05678	0.11414	0.01679	0.00345	0.13656	0.01020	0.00594	0.00889
22	0.05098	0.02297	0.08687	0.02551	0.09054	0.11012	0.16692	0.02741	0.04404	0.10625	0.01721	0.02066	0.01330	0.01133	0.03890	0.00313	0.14057	0.00754	0.00491	0.01084
23	0.20883	0.02294	0.15076	0.04441	0.10336	0.11190	0.01630	0.02362	0.01641	0.04667	0.01456	0.01846	0.01168	0.01117	0.01083	0.12539	0.00927	0.00599	0.03814	0.00931
24	0.02062	0.02103	0.02786	0.05690	0.27764	0.14099	0.08980	0.06217	0.01941	0.02495	0.01646	0.02173	0.01386	0.01865	0.14726	0.00459	0.01353	0.00743	0.00436	0.01075
25	0.01634	0.02581	0.27848	0.03044	0.27774	0.01645	0.02288	0.02238	0.01795	0.02521	0.02932	0.03134	0.15059	0.01027	0.00824	0.00254	0.00938	0.00886	0.00454	0.01123
26	0.23211	0.05346	0.12793	0.02949	0.29175	0.01868	0.01931	0.02377	0.01636	0.02816	0.01442	0.01838	0.01184	0.01217	0.06729	0.00338	0.01010	0.00622	0.00421	0.01095
27	0.02099	0.02954	0.19362	0.03117	0.26577	0.20186	0.02198	0.02600	0.01938	0.02405	0.02031	0.02299	0.06944	0.00886	0.00789	0.00239	0.01114	0.00724	0.00422	0.01114

[dist]
# distance from previous block
# <min> <max>
4	20

[block]
# block no. 4 follows, 23 sequences, length 6
# corresponding to MSA columns:
# 137-142
name=unknown_E
#
# <colnr> <probs for GDERKNQSTAVLIFYWHMCP>
#	G	D	E	R	K	N	Q	S	T	A	V	L	I	F	Y	W	H	M	C	P
0	0.05460	0.01628	0.02484	0.20289	0.22454	0.01922	0.01954	0.02089	0.01594	0.02305	0.02036	0.02539	0.07757	0.01082	0.01336	0.00285	0.20572	0.00806	0.00419	0.00991
1	0.10294	0.05159	0.02081	0.01867	0.08880	0.08182	0.01344	0.22852	0.02532	0.03568	0.12898	0.02610	0.02409	0.01236	0.03917	0.00281	0.00863	0.00788	0.03265	0.04974
2	0.09929	0.02587	0.01990	0.01722	0.02205	0.29832	0.01341	0.12727	0.09637	0.11251	0.02395	0.02380	0.06550	0.00999	0.00762	0.00237	0.01015	0.00726	0.00638	0.01080
3	0.09035	0.01681	0.05124	0.01358	0.01735	0.06736	0.01093	0.13599	0.08582	0.03076	0.14509	0.03940	0.09032	0.15308	0.01481	0.00359	0.00743	0.01018	0.00672	0.00919
4	0.08319	0.10681	0.02120	0.07964	0.02284	0.01926	0.01289	0.23054	0.05739	0.03360	0.02309	0.15758	0.02146	0.01204	0.00772	0.00248	0.00749	0.00981	0.04003	0.05094
5	0.01708	0.01726	0.08513	0.09193	0.09986	0.01647	0.01553	0.02895	0.26643	0.02749	0.02685	0.03001	0.04462	0.05184	0.08199	0.00399	0.00926	0.00868	0.06597	0.01069

[dist]
# distance from previous block
# <min> <max>
1	4

[block]
# block no. 5 follows, 23 sequences, length 19
# corresponding to MSA columns:
# 147-165
name=unknown_F
#
# <colnr> <probs for GDERKNQSTAVLIFYWHMCP>
#	G	D	E	R	K	N	Q	S	T	A	V	L	I	F	Y	W	H	M	C	P
0	0.02116	0.02519	0.08760	0.20839	0.27989	0.19206	0.02235	0.02585	0.01894	0.02319	0.01427	0.01879	0.01145	0.00780	0.00784	0.00242	0.01147	0.00659	0.00390	0.01087
1	0.02332	0.02602	0.02737	0.03574	0.37152	0.27510	0.02003	0.02689	0.02023	0.02362	0.01885	0.02199	0.05681	0.00859	0.00786	0.00231	0.01119	0.00714	0.00432	0.01110
2	0.02272	0.02370	0.02344	0.02708	0.21322	0.21526	0.01679	0.06203	0.18564	0.02731	0.02554	0.02649	0.07557	0.00992	0.00803	0.00244	0.00973	0.00807	0.00571	0.01132
3	0.02190	0.02292	0.03105	0.04010	0.43428	0.14204	0.07432	0.02804	0.07680	0.02591	0.01648	0.02016	0.01345	0.00775	0.00805	0.00241	0.01062	0.00724	0.00444	0.01205
4	0.01199	0.00956	0.01189	0.01340	0.07220	0.00904	0.00851	0.01535	0.05036	0.02420	0.19544	0.12361	0.25388	0.14672	0.01531	0.00367	0.00543	0.01482	0.00709	0.00752
5	0.02338	0.02003	0.01903	0.01630	0.02052	0.10848	0.01252	0.24398	0.21002	0.03433	0.02474	0.05947	0.02112	0.13296	0.01391	0.00346	0.00858	0.00908	0.00705	0.01105
6	0.01199	0.00800	0.00957	0.00957	0.00997	0.00828	0.00597	0.01281	0.01240	0.01733	0.02489	0.04744	0.02713	0.54048	0.16191	0.00845	0.01024	0.01091	0.05710	0.00555
7	0.02028	0.54268	0.20715	0.01630	0.02456	0.02864	0.01809	0.02466	0.01666	0.02082	0.01214	0.01409	0.01038	0.00714	0.00586	0.00195	0.00954	0.00477	0.00346	0.01083
8	0.02169	0.71972	0.04252	0.01388	0.02083	0.03211	0.01388	0.02430	0.01649	0.01909	0.01128	0.01302	0.01041	0.00694	0.00521	0.00174	0.00868	0.00434	0.00347	0.01041
9	0.01094	0.00771	0.01002	0.01083	0.01135	0.00783	0.00720	0.01218	0.01367	0.01855	0.03288	0.32835	0.03776	0.27526	0.17084	0.00707	0.00961	0.01591	0.00591	0.00615
10	0.01315	0.00889	0.01068	0.01025	0.01292	0.00788	0.00799	0.01612	0.02056	0.08625	0.28099	0.06858	0.32425	0.01835	0.00963	0.00276	0.00464	0.08000	0.00826	0.00785
11	0.01409	0.00705	0.01057	0.01057	0.01057	0.00705	0.00705	0.01057	0.01057	0.01409	0.01409	0.02467	0.01409	0.02819	0.03171	0.76392	0.00705	0.00705	0.00352	0.00352
12	0.02783	0.23500	0.02862	0.01888	0.02386	0.49484	0.01516	0.03007	0.02112	0.01964	0.01218	0.01417	0.01044	0.00795	0.00671	0.00199	0.01292	0.00497	0.00398	0.00970
13	0.03018	0.03535	0.02271	0.02024	0.02472	0.57033	0.01537	0.08193	0.05196	0.05177	0.01487	0.01629	0.01178	0.00866	0.00746	0.00217	0.01347	0.00570	0.00494	0.01011
14	0.01931	0.03137	0.32193	0.03503	0.31973	0.08074	0.02635	0.02596	0.01829	0.02552	0.01469	0.01824	0.01146	0.00755	0.00782	0.00245	0.01117	0.00648	0.00376	0.01214
15	0.01039	0.00742	0.00999	0.01187	0.01256	0.00702	0.00841	0.01217	0.01603	0.02128	0.04445	0.61222	0.05257	0.02495	0.01049	0.00336	0.00514	0.11543	0.00752	0.00673
16	0.01978	0.01897	0.03239	0.09053	0.62584	0.01920	0.02475	0.02464	0.01833	0.02614	0.01521	0.02018	0.01272	0.00729	0.00804	0.00243	0.00971	0.00723	0.00399	0.01261
17	0.01745	0.01659	0.02818	0.40714	0.32747	0.01859	0.02359	0.02259	0.01723	0.02331	0.01480	0.02094	0.01173	0.00772	0.00808	0.00257	0.01029	0.00722	0.00379	0.01073
18	0.01159	0.00869	0.01304	0.01304	0.01449	0.01014	0.01014	0.01449	0.01304	0.01884	0.02173	0.03188	0.02029	0.06086	0.68268	0.01304	0.02173	0.00869	0.00435	0.00724

[dist]
# distance from previous block
# <min> <max>
18	41

[block]
# block no. 6 follows, 23 sequences, length 13
# corresponding to MSA columns:
# 210-222
name=unknown_G
#
# <colnr> <probs for GDERKNQSTAVLIFYWHMCP>
#	G	D	E	R	K	N	Q	S	T	A	V	L	I	F	Y	W	H	M	C	P
0	0.01650	0.01563	0.02647	0.53528	0.20672	0.01834	0.02312	0.02177	0.01678	0.02216	0.01463	0.02125	0.01132	0.00789	0.00809	0.00263	0.01052	0.00722	0.00371	0.00997
1	0.02630	0.09571	0.02732	0.02649	0.18272	0.25853	0.01750	0.18347	0.02470	0.02938	0.01524	0.01777	0.01230	0.01044	0.03506	0.00267	0.01164	0.00631	0.00508	0.01139
2	0.02369	0.02612	0.02943	0.03961	0.43867	0.25324	0.02165	0.02755	0.02007	0.02416	0.01430	0.01816	0.01201	0.00763	0.00778	0.00230	0.01140	0.00652	0.00407	0.01164
3	0.02598	0.02308	0.02361	0.02155	0.08385	0.12430	0.01589	0.29347	0.14230	0.03680	0.01943	0.02049	0.01482	0.00982	0.00976	0.00250	0.07744	0.00720	0.00657	0.04115
4	0.01397	0.00778	0.00825	0.00825	0.01021	0.00775	0.00623	0.01742	0.01679	0.02785	0.03366	0.03705	0.10929	0.01662	0.08042	0.00323	0.00579	0.00901	0.57299	0.00743
5	0.01267	0.00923	0.01120	0.01146	0.01291	0.00917	0.00813	0.05387	0.05306	0.02488	0.15573	0.30333	0.07550	0.16146	0.01625	0.00400	0.00571	0.05677	0.00734	0.00732
6	0.19020	0.14860	0.06071	0.07657	0.18330	0.06551	0.01704	0.08323	0.01892	0.02880	0.01372	0.01662	0.01109	0.00759	0.00669	0.00226	0.00900	0.00575	0.00452	0.04987
7	0.01527	0.01224	0.01725	0.02160	0.17526	0.01223	0.01294	0.08769	0.01956	0.02658	0.08151	0.30676	0.06269	0.05622	0.01120	0.00318	0.00669	0.05542	0.00669	0.00903
8	0.01718	0.16882	0.02000	0.01255	0.01601	0.01708	0.01041	0.10615	0.01888	0.02547	0.03140	0.03591	0.14610	0.08551	0.09431	0.00417	0.06259	0.00924	0.10945	0.00876
9	0.02867	0.08342	0.07508	0.02049	0.02559	0.55257	0.01666	0.06322	0.02290	0.02191	0.01298	0.01498	0.01061	0.00829	0.00725	0.00212	0.01373	0.00534	0.00428	0.00991
10	0.02114	0.08756	0.02833	0.22140	0.19155	0.02229	0.01997	0.16870	0.02155	0.02909	0.01505	0.01939	0.01197	0.00894	0.01016	0.00258	0.09740	0.00694	0.00476	0.01123
11	0.02809	0.02490	0.02333	0.07626	0.13508	0.27674	0.01649	0.07349	0.02281	0.18321	0.04722	0.02168	0.01643	0.00902	0.00786	0.00234	0.01071	0.00701	0.00603	0.01127
12	0.24768	0.02190	0.05596	0.01978	0.08405	0.14158	0.01495	0.06355	0.01801	0.05961	0.01574	0.06263	0.01378	0.01034	0.01054	0.00266	0.13528	0.00702	0.00502	0.00991

[dist]
# distance from previous block
# <min> <max>
8	20

[block]
# block no. 7 follows, 23 sequences, length 12
# corresponding to MSA columns:
# 243-254
name=unknown_H
#
# <colnr> <probs for GDERKNQSTAVLIFYWHMCP>
#	G	D	E	R	K	N	Q	S	T	A	V	L	I	F	Y	W	H	M	C	P
0	0.02475	0.02409	0.02906	0.07069	0.17459	0.15398	0.09668	0.20962	0.02473	0.03157	0.01570	0.01895	0.01228	0.00879	0.00966	0.00251	0.06837	0.00714	0.00523	0.01164
1	0.24830	0.01839	0.01815	0.07138	0.02300	0.04544	0.01283	0.20880	0.15552	0.03727	0.02368	0.02406	0.06065	0.00993	0.00729	0.00256	0.00764	0.00744	0.00665	0.01103
2	0.02254	0.02472	0.25429	0.02052	0.06410	0.01619	0.07018	0.09219	0.02093	0.17214	0.02121	0.02255	0.01497	0.00864	0.00767	0.00243	0.00912	0.00726	0.13656	0.01178
3	0.08627	0.01892	0.02406	0.12019	0.02916	0.11402	0.14314	0.02326	0.01836	0.02605	0.06539	0.02199	0.01682	0.00797	0.00744	0.00214	0.00938	0.00709	0.03834	0.22002
4	0.19955	0.01578	0.01339	0.01247	0.01597	0.12725	0.00951	0.02182	0.01855	0.10524	0.08470	0.15607	0.16039	0.01459	0.00806	0.00263	0.00688	0.01177	0.00677	0.00863
5	0.01551	0.01321	0.01941	0.09264	0.13256	0.01501	0.01484	0.06584	0.01737	0.02427	0.06298	0.17778	0.02696	0.02432	0.15151	0.00503	0.11485	0.01150	0.00538	0.00904
6	0.01941	0.01518	0.06934	0.01379	0.01815	0.01315	0.01168	0.17428	0.02358	0.11994	0.08124	0.19680	0.17753	0.01619	0.00904	0.00273	0.00649	0.01371	0.00778	0.00998
7	0.14826	0.07444	0.02331	0.02223	0.12755	0.21881	0.01525	0.07877	0.13079	0.05932	0.01774	0.01890	0.01379	0.00859	0.00717	0.00235	0.00977	0.00635	0.00554	0.01110
8	0.14210	0.01684	0.01947	0.04500	0.02159	0.11334	0.10471	0.04411	0.01714	0.02573	0.01835	0.02471	0.01565	0.05864	0.18402	0.00541	0.01265	0.00749	0.11445	0.00862
9	0.06474	0.02271	0.03153	0.02444	0.02982	0.17192	0.29727	0.02489	0.01872	0.02425	0.02003	0.02414	0.05631	0.01173	0.04548	0.00314	0.06649	0.00843	0.04431	0.00965
10	0.01662	0.07115	0.11463	0.16629	0.09887	0.01699	0.11323	0.02188	0.01676	0.02390	0.01685	0.02215	0.01356	0.01466	0.09716	0.00376	0.01146	0.00724	0.08381	0.06902
11	0.05671	0.12006	0.02744	0.22642	0.25783	0.01909	0.01929	0.02170	0.01666	0.02322	0.01710	0.07721	0.01557	0.01260	0.05333	0.00319	0.01008	0.00806	0.00418	0.01025

[dist]
# distance from previous block
# <min> <max>
20	142

[block]
# block no. 8 follows, 23 sequences, length 6
# corresponding to MSA columns:
# 418-423
name=unknown_I
#
# <colnr> <probs for GDERKNQSTAVLIFYWHMCP>
#	G	D	E	R	K	N	Q	S	T	A	V	L	I	F	Y	W	H	M	C	P
0	0.05073	0.01959	0.11670	0.06781	0.02544	0.01760	0.04473	0.19163	0.02371	0.03325	0.12477	0.03816	0.02839	0.01275	0.01020	0.00282	0.06209	0.11283	0.00644	0.01037
1	0.02545	0.13838	0.02260	0.01498	0.02030	0.01981	0.01239	0.15362	0.19650	0.17890	0.02546	0.02593	0.01907	0.05317	0.00956	0.00272	0.00735	0.00779	0.05399	0.01202
2	0.01393	0.01116	0.01573	0.01762	0.11870	0.01109	0.01096	0.01644	0.01423	0.02052	0.02050	0.03336	0.02025	0.22760	0.27483	0.00780	0.01313	0.00866	0.00453	0.13895
3	0.01499	0.01166	0.01310	0.01267	0.01536	0.01201	0.00941	0.11803	0.12996	0.02821	0.04739	0.33225	0.18441	0.01924	0.00945	0.00293	0.00555	0.01672	0.00775	0.00890
4	0.16876	0.01449	0.02137	0.02101	0.11580	0.01447	0.11296	0.02487	0.01820	0.13118	0.02373	0.03345	0.01993	0.01050	0.00781	0.00262	0.00783	0.10395	0.13697	0.01011
5	0.23190	0.09713	0.02006	0.01739	0.09769	0.01804	0.01240	0.02907	0.14716	0.13192	0.02779	0.02737	0.09043	0.01005	0.00711	0.00248	0.00685	0.00780	0.00647	0.01089

[dist]
# distance from previous block
# <min> <max>
4	18

[block]
# block no. 9 follows, 23 sequences, length 8
# corresponding to MSA columns:
# 442-449
name=unknown_J
#
# <colnr> <probs for GDERKNQSTAVLIFYWHMCP>
#	G	D	E	R	K	N	Q	S	T	A	V	L	I	F	Y	W	H	M	C	P
0	0.01461	0.02093	0.21336	0.02143	0.08327	0.01499	0.06630	0.01988	0.01520	0.02216	0.01813	0.02505	0.01561	0.03400	0.34051	0.00776	0.04553	0.00776	0.00399	0.00953
1	0.06910	0.16116	0.02643	0.01993	0.08105	0.02202	0.05865	0.02947	0.23983	0.02694	0.02513	0.02611	0.06639	0.01046	0.01004	0.00260	0.09999	0.00806	0.00569	0.01095
2	0.02713	0.02539	0.02393	0.02340	0.12425	0.20865	0.01612	0.29622	0.05942	0.03507	0.01796	0.02111	0.01436	0.05861	0.01022	0.00273	0.01045	0.00711	0.00614	0.01174
3	0.02059	0.02591	0.17395	0.04904	0.02554	0.15337	0.01740	0.11779	0.07111	0.02688	0.01781	0.02159	0.01431	0.02021	0.14720	0.03918	0.01316	0.00691	0.00492	0.03310
4	0.02102	0.06249	0.01851	0.01495	0.01792	0.15490	0.01144	0.07333	0.07648	0.07015	0.06619	0.03129	0.02277	0.17920	0.04301	0.00413	0.07522	0.00855	0.03940	0.00905
5	0.01697	0.07311	0.06250	0.01775	0.04783	0.12208	0.01424	0.01980	0.01599	0.02039	0.02404	0.08209	0.07871	0.02621	0.19587	0.00555	0.15445	0.00919	0.00457	0.00864
6	0.02156	0.02255	0.01842	0.06133	0.02225	0.27917	0.01309	0.08019	0.02033	0.02386	0.01922	0.08468	0.01760	0.02081	0.14747	0.00446	0.01303	0.00804	0.05236	0.06958
7	0.14638	0.08559	0.02358	0.06131	0.02463	0.13116	0.07214	0.11391	0.06040	0.08019	0.01768	0.02130	0.01413	0.06503	0.00992	0.00277	0.00946	0.00684	0.00558	0.04802

[dist]
# distance from previous block
# <min> <max>
1	5

[block]
# block no. 10 follows, 23 sequences, length 36
# corresponding to MSA columns:
# 455-490
name=unknown_K
#
# <colnr> <probs for GDERKNQSTAVLIFYWHMCP>
#	G	D	E	R	K	N	Q	S	T	A	V	L	I	F	Y	W	H	M	C	P
0	0.01847	0.01984	0.05566	0.01517	0.01991	0.13357	0.01242	0.02690	0.18931	0.02580	0.03306	0.06585	0.13773	0.01193	0.00880	0.00236	0.04001	0.00944	0.00613	0.16765
1	0.02075	0.02134	0.02369	0.02758	0.22281	0.17379	0.01718	0.06751	0.01935	0.02423	0.02164	0.02566	0.07580	0.01735	0.10354	0.00400	0.11102	0.00791	0.00467	0.01019
2	0.02332	0.02007	0.04535	0.08919	0.16330	0.10369	0.01738	0.08861	0.02081	0.13877	0.02482	0.02668	0.08387	0.01065	0.01072	0.00262	0.10517	0.00816	0.00577	0.01107
3	0.04537	0.08975	0.01931	0.01371	0.01853	0.07418	0.01111	0.15106	0.02394	0.05642	0.21627	0.03343	0.06340	0.01124	0.00780	0.00218	0.00695	0.00905	0.00691	0.13942
4	0.01423	0.01316	0.05397	0.08337	0.02013	0.01255	0.04167	0.02097	0.14761	0.02314	0.07435	0.14180	0.03173	0.26221	0.02039	0.00462	0.00762	0.01225	0.00604	0.00817
5	0.01693	0.02134	0.20075	0.01644	0.02245	0.01548	0.01620	0.08152	0.13025	0.02814	0.02226	0.05823	0.01852	0.02130	0.15984	0.00480	0.01136	0.00813	0.06005	0.08601
6	0.01795	0.13965	0.08889	0.14138	0.02678	0.09084	0.01534	0.07951	0.01937	0.02384	0.03025	0.03256	0.15855	0.01660	0.08125	0.00356	0.01049	0.00878	0.00503	0.00938
7	0.09987	0.22996	0.02514	0.01544	0.02016	0.25034	0.01275	0.05431	0.02085	0.02546	0.14768	0.02385	0.02425	0.00964	0.00697	0.00214	0.00949	0.00695	0.00524	0.00948
8	0.01829	0.01636	0.11593	0.01513	0.02026	0.01219	0.05815	0.02435	0.08428	0.16075	0.12575	0.11246	0.17322	0.01439	0.00894	0.00270	0.00686	0.01248	0.00745	0.01008
9	0.02183	0.07331	0.09069	0.05858	0.23587	0.05532	0.02062	0.14794	0.02105	0.02884	0.01463	0.01848	0.01195	0.00931	0.01167	0.00262	0.15423	0.00679	0.00464	0.01162
10	0.06242	0.02807	0.29059	0.04973	0.05891	0.01904	0.19101	0.02766	0.11170	0.02774	0.04173	0.02206	0.01550	0.00828	0.00824	0.00264	0.01085	0.00777	0.00466	0.01140
11	0.01374	0.01226	0.01550	0.01899	0.15995	0.01190	0.01151	0.01993	0.12470	0.02498	0.05883	0.05696	0.40774	0.01594	0.00901	0.00267	0.00575	0.01356	0.00686	0.00921
12	0.20350	0.02466	0.22786	0.02269	0.13887	0.01807	0.01919	0.04970	0.08264	0.07670	0.02039	0.02173	0.04308	0.00876	0.00730	0.00254	0.00876	0.00688	0.00526	0.01141
13	0.01736	0.15741	0.31077	0.04783	0.09426	0.02007	0.05238	0.02437	0.04200	0.02409	0.01608	0.01973	0.01277	0.01375	0.08446	0.00359	0.01178	0.00653	0.02981	0.01096
14	0.01919	0.02681	0.19531	0.10635	0.08093	0.13627	0.05023	0.04681	0.01884	0.02448	0.06445	0.02393	0.04612	0.01010	0.01088	0.00265	0.11432	0.00765	0.00445	0.01023
15	0.01006	0.00750	0.00936	0.01046	0.01164	0.00680	0.00725	0.01196	0.01728	0.02271	0.14321	0.47512	0.19095	0.02305	0.01007	0.00306	0.00445	0.02053	0.00774	0.00680
16	0.02091	0.02664	0.14924	0.03801	0.40272	0.14103	0.02354	0.02600	0.01884	0.02482	0.01490	0.01901	0.01224	0.00973	0.03559	0.00282	0.01149	0.00669	0.00395	0.01183
17	0.02525	0.02898	0.02378	0.07954	0.13325	0.37795	0.01717	0.03247	0.15409	0.02401	0.01748	0.01941	0.01391	0.00871	0.00770	0.00233	0.01176	0.00656	0.00497	0.01068
18	0.01638	0.02965	0.41946	0.01926	0.02777	0.01513	0.02270	0.02340	0.01804	0.07166	0.02869	0.03969	0.08527	0.01227	0.00867	0.00283	0.00987	0.13345	0.00517	0.01065
19	0.00959	0.00822	0.00822	0.00822	0.01096	0.00685	0.00617	0.01165	0.01850	0.02192	0.08220	0.07809	0.66092	0.02055	0.00959	0.00274	0.00411	0.01713	0.00754	0.00685
20	0.01095	0.00815	0.01071	0.08140	0.01576	0.00807	0.00848	0.01286	0.01582	0.02103	0.06652	0.41371	0.12361	0.11688	0.01406	0.00371	0.00563	0.01815	0.03777	0.00673
21	0.02211	0.02313	0.15509	0.01624	0.02149	0.13311	0.01479	0.08907	0.02038	0.13831	0.02589	0.09470	0.05053	0.14221	0.01435	0.00352	0.00941	0.00961	0.00608	0.00997
22	0.01825	0.02671	0.22896	0.03205	0.16676	0.02046	0.22560	0.02463	0.01732	0.02497	0.01468	0.01941	0.01154	0.00837	0.01145	0.00275	0.12336	0.00761	0.00379	0.01132
23	0.03085	0.02273	0.02435	0.01867	0.02516	0.02516	0.01542	0.63716	0.03815	0.05114	0.01948	0.01948	0.01380	0.00974	0.00812	0.00244	0.00893	0.00731	0.00812	0.01380
24	0.01718	0.02541	0.27963	0.09141	0.03308	0.01665	0.14983	0.02373	0.01698	0.07035	0.01782	0.02267	0.01373	0.01972	0.16036	0.00497	0.01405	0.00763	0.00427	0.01053
25	0.02549	0.17676	0.02595	0.01938	0.09888	0.08359	0.01414	0.14041	0.02210	0.16167	0.01983	0.02351	0.01591	0.08401	0.05079	0.00344	0.00973	0.00715	0.00604	0.01120
26	0.00967	0.00789	0.00856	0.00909	0.01119	0.00678	0.00655	0.01155	0.01766	0.02158	0.07165	0.25579	0.49003	0.02192	0.00981	0.00290	0.00428	0.01880	0.00753	0.00678
27	0.01960	0.01878	0.03205	0.11595	0.60188	0.01915	0.02466	0.02448	0.01825	0.02592	0.01518	0.02024	0.01264	0.00732	0.00804	0.00244	0.00976	0.00723	0.00397	0.01246
28	0.02340	0.02742	0.01924	0.01813	0.02132	0.42847	0.01389	0.02588	0.01981	0.02003	0.01819	0.02725	0.01687	0.02424	0.19345	0.00527	0.01585	0.06811	0.00456	0.00861
29	0.01780	0.14078	0.16330	0.02491	0.20426	0.01774	0.01830	0.02249	0.01828	0.05273	0.14034	0.02954	0.02607	0.07705	0.01097	0.00288	0.00857	0.00838	0.00509	0.01053
30	0.01589	0.01330	0.01450	0.01395	0.01713	0.01460	0.01047	0.03001	0.38777	0.02863	0.04280	0.22798	0.11671	0.01633	0.00902	0.00290	0.00563	0.01414	0.00796	0.01029
31	0.01250	0.00963	0.01190	0.01284	0.01522	0.00940	0.01076	0.01725	0.07039	0.02429	0.05518	0.08204	0.24892	0.02086	0.01043	0.00332	0.00627	0.36353	0.00756	0.00771
32	0.01808	0.02016	0.08082	0.24246	0.25616	0.01921	0.19616	0.02398	0.01788	0.02452	0.01528	0.02085	0.01189	0.00743	0.00847	0.00260	0.01131	0.00779	0.00387	0.01107
33	0.02190	0.12752	0.06425	0.03025	0.12809	0.13517	0.29959	0.05001	0.01996	0.02496	0.01487	0.01880	0.01177	0.00732	0.00819	0.00241	0.01226	0.00749	0.00414	0.01104
34	0.02465	0.03088	0.09282	0.03111	0.25226	0.34018	0.02024	0.02969	0.05796	0.02365	0.01493	0.01775	0.01213	0.00805	0.00767	0.00229	0.01211	0.00625	0.00429	0.01110
35	0.01508	0.01635	0.08212	0.01808	0.01982	0.01823	0.01579	0.01805	0.01313	0.01983	0.01559	0.02350	0.01458	0.03277	0.29470	0.00736	0.35500	0.00765	0.00387	0.00850

[dist]
# distance from previous block
# <min> <max>
0	1

[block]
# block no. 11 follows, 23 sequences, length 76
# corresponding to MSA columns:
# 492-567
name=unknown_L
#
# <colnr> <probs for GDERKNQSTAVLIFYWHMCP>
#	G	D	E	R	K	N	Q	S	T	A	V	L	I	F	Y	W	H	M	C	P
0	0.02271	0.26358	0.21236	0.02149	0.07711	0.22853	0.01982	0.02724	0.01884	0.02177	0.01291	0.01523	0.01058	0.00762	0.00678	0.00213	0.01153	0.00531	0.00372	0.01074
1	0.02906	0.03630	0.02421	0.02444	0.10319	0.60124	0.01681	0.03148	0.02244	0.02067	0.01287	0.01530	0.01075	0.00822	0.00740	0.00213	0.01402	0.00547	0.00416	0.00983
2	0.00986	0.00818	0.00830	0.00830	0.01070	0.00697	0.00601	0.01166	0.01768	0.02116	0.07528	0.07504	0.58376	0.10540	0.01347	0.00337	0.00457	0.01647	0.00722	0.00661
3	0.01035	0.00786	0.00939	0.01046	0.01171	0.00730	0.00717	0.01271	0.04159	0.02124	0.05355	0.45671	0.22330	0.07195	0.01223	0.00344	0.00483	0.02003	0.00738	0.00680
4	0.01239	0.00956	0.01300	0.01558	0.06467	0.00917	0.01166	0.01553	0.01824	0.02345	0.05042	0.15834	0.19178	0.02117	0.01047	0.00334	0.00650	0.34988	0.00723	0.00763
5	0.01093	0.00902	0.00969	0.00938	0.01209	0.00817	0.00708	0.01517	0.07348	0.02537	0.20994	0.07001	0.47307	0.01883	0.00947	0.00270	0.00424	0.01589	0.00792	0.00755
6	0.01892	0.02348	0.09738	0.03332	0.04183	0.02039	0.58684	0.02597	0.01899	0.02597	0.01627	0.02151	0.01215	0.00691	0.00943	0.00272	0.01355	0.00929	0.00405	0.01103
7	0.02169	0.71972	0.04252	0.01388	0.02083	0.03211	0.01388	0.02430	0.01649	0.01909	0.01128	0.01302	0.01041	0.00694	0.00521	0.00174	0.00868	0.00434	0.00347	0.01041
8	0.01820	0.03039	0.34359	0.03621	0.33262	0.01912	0.05364	0.02533	0.01785	0.02609	0.01497	0.01873	0.01158	0.00745	0.00794	0.00250	0.01095	0.00673	0.00373	0.01235
9	0.02179	0.02777	0.15907	0.03744	0.38514	0.14859	0.02371	0.05363	0.01996	0.02614	0.01478	0.01840	0.01191	0.00766	0.00783	0.00238	0.01105	0.00660	0.00411	0.01205
10	0.02559	0.02251	0.01954	0.01657	0.02124	0.17779	0.01305	0.25840	0.14357	0.03628	0.02174	0.02248	0.01644	0.00959	0.00746	0.00230	0.00879	0.00721	0.15812	0.01132
11	0.49641	0.04493	0.01786	0.01908	0.14264	0.07205	0.01251	0.02450	0.01573	0.03215	0.01298	0.01555	0.01042	0.00762	0.00584	0.00239	0.00757	0.00518	0.04496	0.00963
12	0.01804	0.01720	0.02925	0.32680	0.40318	0.01874	0.02389	0.02311	0.01751	0.02403	0.01490	0.02075	0.01198	0.00761	0.00807	0.00254	0.01014	0.00722	0.00384	0.01121
13	0.02436	0.01338	0.01521	0.01280	0.01718	0.05747	0.01013	0.02824	0.04993	0.32489	0.17970	0.04426	0.16076	0.01353	0.00870	0.00255	0.00619	0.01124	0.00880	0.01070
14	0.02008	0.01928	0.03294	0.04981	0.66422	0.01928	0.02490	0.02490	0.01848	0.02651	0.01526	0.02008	0.01285	0.00723	0.00803	0.00241	0.00964	0.00723	0.00402	0.01285
15	0.00965	0.00799	0.00846	0.00884	0.01112	0.00680	0.00644	0.01158	0.01790	0.02168	0.07468	0.20485	0.53902	0.02153	0.00974	0.00285	0.00423	0.01832	0.00753	0.00680
16	0.01148	0.00829	0.01085	0.01021	0.01212	0.00766	0.00766	0.01531	0.02297	0.03254	0.65994	0.06061	0.07656	0.01659	0.00957	0.00255	0.00383	0.01467	0.00893	0.00766
17	0.03469	0.01478	0.01922	0.01493	0.02109	0.01360	0.01227	0.08587	0.07399	0.57180	0.03113	0.02720	0.01997	0.01010	0.00816	0.00252	0.00702	0.00817	0.00975	0.01373
18	0.03035	0.03755	0.02309	0.02075	0.02509	0.63604	0.01566	0.07494	0.02406	0.02206	0.01303	0.01497	0.01069	0.00846	0.00737	0.00211	0.01423	0.00537	0.00446	0.00972
19	0.01940	0.01884	0.03288	0.13193	0.54206	0.01921	0.06749	0.02444	0.01823	0.02573	0.01524	0.02041	0.01255	0.00732	0.00815	0.00247	0.01008	0.00739	0.00397	0.01222
20	0.02105	0.02206	0.02898	0.19143	0.39698	0.15209	0.02251	0.02546	0.01887	0.02385	0.01452	0.01934	0.01191	0.00766	0.00791	0.00241	0.01091	0.00682	0.00396	0.01128
21	0.01004	0.00824	0.00885	0.00870	0.01124	0.00704	0.00652	0.01252	0.01956	0.02446	0.22032	0.07391	0.52122	0.01960	0.00959	0.00270	0.00404	0.01654	0.00787	0.00704
22	0.01666	0.08964	0.62846	0.02248	0.03411	0.01978	0.02885	0.02560	0.01709	0.02523	0.01433	0.01684	0.01029	0.00766	0.00753	0.00251	0.01176	0.00588	0.00343	0.01188
23	0.01004	0.00824	0.00885	0.00870	0.01124	0.00704	0.00652	0.01252	0.01956	0.02446	0.22032	0.07391	0.52122	0.01960	0.00959	0.00270	0.00404	0.01654	0.00787	0.00704
24	0.77215	0.01569	0.01193	0.01067	0.01569	0.01820	0.00879	0.02385	0.01381	0.03641	0.01130	0.01318	0.00879	0.00753	0.00502	0.00251	0.00628	0.00439	0.00502	0.00879
25	0.01908	0.16602	0.17267	0.02789	0.03661	0.02251	0.38830	0.02559	0.01821	0.02455	0.01501	0.01915	0.01152	0.00704	0.00832	0.00250	0.01234	0.00780	0.00384	0.01105
26	0.01103	0.00828	0.01022	0.00973	0.01184	0.00746	0.00730	0.01444	0.02190	0.03000	0.52182	0.06479	0.21626	0.01754	0.00958	0.00260	0.00390	0.01526	0.00860	0.00746
27	0.00966	0.00794	0.00851	0.00896	0.01115	0.00679	0.00649	0.01156	0.01779	0.02163	0.07324	0.22905	0.51575	0.02171	0.00977	0.00287	0.00425	0.01855	0.00753	0.00679
28	0.01180	0.00787	0.00885	0.00885	0.00885	0.00787	0.00492	0.01180	0.01180	0.01573	0.02557	0.05310	0.02950	0.71483	0.04130	0.00787	0.00787	0.01180	0.00492	0.00492
29	0.00967	0.00822	0.00833	0.00831	0.01101	0.00688	0.00623	0.01180	0.01869	0.02238	0.10710	0.07734	0.63574	0.02038	0.00959	0.00273	0.00410	0.01702	0.00760	0.00688
30	0.01627	0.04197	0.67279	0.02313	0.03512	0.01884	0.02998	0.02570	0.01713	0.02570	0.01456	0.01713	0.01028	0.00771	0.00771	0.00257	0.01199	0.00600	0.00343	0.01199
31	0.01891	0.11402	0.37351	0.02173	0.02990	0.04875	0.04866	0.06760	0.01792	0.02527	0.01374	0.01703	0.01071	0.00904	0.01126	0.00264	0.14806	0.00623	0.00384	0.01117
32	0.01729	0.01858	0.17162	0.01470	0.01995	0.01330	0.05707	0.09103	0.01939	0.03064	0.02188	0.02539	0.01686	0.01155	0.04183	0.00275	0.00796	0.00736	0.40130	0.00955
33	0.01089	0.00772	0.00945	0.00995	0.01077	0.00730	0.00654	0.01242	0.01617	0.02178	0.18153	0.28279	0.09858	0.26302	0.02089	0.00467	0.00556	0.01676	0.00694	0.00627
34	0.00986	0.00715	0.00932	0.01105	0.01171	0.00661	0.00742	0.01133	0.01577	0.02081	0.04769	0.65952	0.10177	0.02504	0.01030	0.00325	0.00466	0.02260	0.00753	0.00661
35	0.01627	0.04197	0.67279	0.02313	0.03512	0.01884	0.02998	0.02570	0.01713	0.02570	0.01456	0.01713	0.01028	0.00771	0.00771	0.00257	0.01199	0.00600	0.00343	0.01199
36	0.02018	0.01743	0.01835	0.01651	0.02110	0.02018	0.01284	0.04312	0.64956	0.03394	0.03303	0.03027	0.02477	0.01101	0.00826	0.00275	0.00642	0.00917	0.00826	0.01284
37	0.03217	0.02060	0.02303	0.01766	0.02410	0.02200	0.01459	0.49429	0.03458	0.19905	0.02248	0.02143	0.01530	0.00981	0.00813	0.00245	0.00844	0.00751	0.00858	0.01380
38	0.00959	0.00822	0.00822	0.00822	0.01096	0.00685	0.00617	0.01165	0.01850	0.02192	0.08220	0.07809	0.66092	0.02055	0.00959	0.00274	0.00411	0.01713	0.00754	0.00685
39	0.01288	0.12168	0.04674	0.01413	0.01677	0.01232	0.05687	0.01536	0.01619	0.02126	0.03594	0.48622	0.04151	0.02019	0.00942	0.00300	0.00647	0.04879	0.00645	0.00780
