[name]
unknown

[dist]
# distance from previous block
# <min> <max>
0	0

[block]
# block no. 0 follows, 22 sequences, length 34
# corresponding to MSA columns:
# 0-33
name=unknown_A
#
# <colnr> <probs for GDERKNQSTAVLIFYWHMCP>
#	G	D	E	R	K	N	Q	S	T	A	V	L	I	F	Y	W	H	M	C	P
0	0.01339	0.00956	0.01339	0.01530	0.01721	0.00956	0.01339	0.01721	0.01912	0.02486	0.04399	0.09371	0.04781	0.02295	0.01147	0.00382	0.00765	0.60031	0.00765	0.00765
1	0.01431	0.00989	0.01247	0.01144	0.01398	0.00955	0.00870	0.02040	0.09332	0.07165	0.54442	0.05649	0.06888	0.01593	0.00956	0.00263	0.00441	0.01398	0.00914	0.00882
2	0.01864	0.11257	0.43706	0.02731	0.12680	0.04808	0.06446	0.02633	0.01805	0.02545	0.01467	0.01772	0.01107	0.00770	0.00776	0.00250	0.01176	0.00633	0.00368	0.01205
3	0.00984	0.00834	0.00849	0.00861	0.01127	0.00700	0.00640	0.01190	0.01875	0.02237	0.08183	0.11776	0.61654	0.02134	0.00987	0.00284	0.00425	0.01790	0.00771	0.00700
4	0.03103	0.03959	0.02354	0.02140	0.02568	0.67469	0.01605	0.03317	0.02354	0.02033	0.01284	0.01498	0.01070	0.00856	0.00749	0.00214	0.01498	0.00535	0.00428	0.00963
5	0.01666	0.04297	0.66500	0.02368	0.03596	0.01929	0.03069	0.02631	0.01754	0.02631	0.01491	0.01754	0.01052	0.00789	0.00789	0.00263	0.01228	0.00614	0.00351	0.01228
6	0.00982	0.00842	0.00842	0.00842	0.01122	0.00701	0.00631	0.01192	0.01894	0.02244	0.08416	0.07995	0.65285	0.02104	0.00982	0.00281	0.00421	0.01753	0.00771	0.00701
7	0.01666	0.04297	0.66500	0.02368	0.03596	0.01929	0.03069	0.02631	0.01754	0.02631	0.01491	0.01754	0.01052	0.00789	0.00789	0.00263	0.01228	0.00614	0.00351	0.01228
8	0.01350	0.00916	0.01022	0.00979	0.01028	0.00934	0.00582	0.05698	0.01405	0.01875	0.02572	0.05186	0.02903	0.65720	0.03981	0.00765	0.00813	0.01175	0.00527	0.00570
9	0.00982	0.00842	0.00842	0.00842	0.01122	0.00701	0.00631	0.01192	0.01894	0.02244	0.08416	0.07995	0.65285	0.02104	0.00982	0.00281	0.00421	0.01753	0.00771	0.00701
10	0.01666	0.04297	0.66500	0.02368	0.03596	0.01929	0.03069	0.02631	0.01754	0.02631	0.01491	0.01754	0.01052	0.00789	0.00789	0.00263	0.01228	0.00614	0.00351	0.01228
11	0.01694	0.07602	0.63435	0.02321	0.03523	0.01996	0.02988	0.02624	0.01751	0.02598	0.01474	0.01733	0.01053	0.00785	0.00777	0.00259	0.01211	0.00606	0.00351	0.01220
12	0.02137	0.01789	0.01927	0.01617	0.02174	0.01920	0.01276	0.11834	0.41907	0.03542	0.02764	0.02640	0.02090	0.00994	0.00792	0.00242	0.00683	0.00813	0.00764	0.18095
13	0.01666	0.04297	0.66500	0.02368	0.03596	0.01929	0.03069	0.02631	0.01754	0.02631	0.01491	0.01754	0.01052	0.00789	0.00789	0.00263	0.01228	0.00614	0.00351	0.01228
14	0.01187	0.00890	0.01335	0.01335	0.01483	0.01038	0.01038	0.01483	0.01335	0.01928	0.02225	0.03264	0.02077	0.06231	0.67512	0.01335	0.02225	0.00890	0.00445	0.00742
15	0.01208	0.00805	0.00906	0.00906	0.00906	0.00805	0.00503	0.01208	0.01208	0.01611	0.02618	0.05436	0.03020	0.70804	0.04228	0.00805	0.00805	0.01208	0.00503	0.00503
16	0.02056	0.01974	0.03372	0.05099	0.65622	0.01974	0.02550	0.02550	0.01892	0.02714	0.01563	0.02056	0.01316	0.00740	0.00822	0.00247	0.00987	0.00740	0.00411	0.01316
17	0.01164	0.00787	0.00919	0.00962	0.00973	0.00776	0.00564	0.01197	0.01294	0.01725	0.03059	0.20013	0.03577	0.55469	0.03516	0.00700	0.00733	0.01467	0.00564	0.00542
18	0.01961	0.02241	0.04902	0.03501	0.04342	0.02101	0.62605	0.02661	0.01961	0.02661	0.01681	0.02241	0.01261	0.00700	0.00980	0.00280	0.01401	0.00980	0.00420	0.01120
19	0.01818	0.01818	0.02545	0.02181	0.02181	0.02545	0.01818	0.01999	0.01272	0.01999	0.01091	0.01818	0.01091	0.01454	0.02726	0.00364	0.69284	0.00727	0.00364	0.00909
20	0.76672	0.01607	0.01221	0.01092	0.01607	0.01864	0.00900	0.02442	0.01414	0.03727	0.01157	0.01350	0.00900	0.00771	0.00514	0.00257	0.00643	0.00450	0.00514	0.00900
21	0.03277	0.01975	0.02263	0.01730	0.02391	0.02044	0.01428	0.39903	0.03279	0.25695	0.02401	0.02262	0.01621	0.00988	0.00822	0.00246	0.00829	0.00764	0.00880	0.05201
22	0.01602	0.00875	0.00899	0.00863	0.01059	0.00890	0.00632	0.05621	0.01804	0.03028	0.02653	0.03347	0.02206	0.10461	0.01092	0.00280	0.00477	0.00832	0.60602	0.00777
23	0.01208	0.00805	0.00906	0.00906	0.00906	0.00805	0.00503	0.01208	0.01208	0.01611	0.02618	0.05436	0.03020	0.70804	0.04228	0.00805	0.00805	0.01208	0.00503	0.00503
24	0.01650	0.00872	0.00883	0.00846	0.01069	0.00888	0.00644	0.05778	0.01879	0.03232	0.02665	0.03028	0.02084	0.00970	0.00597	0.00197	0.00420	0.00773	0.70712	0.00815
25	0.01294	0.00942	0.01276	0.01444	0.01646	0.00924	0.01250	0.01655	0.01910	0.02456	0.04901	0.09199	0.12355	0.02271	0.01127	0.00370	0.00722	0.52735	0.00766	0.00757
26	0.01165	0.00838	0.01080	0.01170	0.01286	0.00802	0.00817	0.04533	0.01894	0.02574	0.18826	0.51430	0.05834	0.02303	0.01029	0.00315	0.00484	0.02072	0.00808	0.00740
27	0.10510	0.21201	0.27014	0.01924	0.02738	0.18820	0.02033	0.02746	0.01851	0.02427	0.01315	0.01536	0.01043	0.00784	0.00682	0.00228	0.01143	0.00532	0.00390	0.01083
28	0.01994	0.11683	0.47714	0.02220	0.03243	0.14216	0.02615	0.02742	0.01858	0.02445	0.01415	0.01660	0.01057	0.00793	0.00753	0.00245	0.01240	0.00580	0.00366	0.01161
29	0.06017	0.04141	0.62713	0.02294	0.03480	0.01926	0.02944	0.02620	0.01734	0.02694	0.01471	0.01730	0.01043	0.00788	0.00773	0.00263	0.01194	0.00604	0.00360	0.01209
30	0.02285	0.02439	0.03051	0.08992	0.45339	0.18501	0.02293	0.02712	0.01992	0.02499	0.01486	0.01927	0.01239	0.00776	0.00805	0.00241	0.01125	0.00688	0.00412	0.01198
31	0.02056	0.01974	0.03372	0.05099	0.65622	0.01974	0.02550	0.02550	0.01892	0.02714	0.01563	0.02056	0.01316	0.00740	0.00822	0.00247	0.00987	0.00740	0.00411	0.01316
32	0.01649	0.02380	0.21622	0.41794	0.09398	0.01890	0.05030	0.02326	0.01718	0.02338	0.01495	0.02068	0.01113	0.00806	0.00824	0.00271	0.01146	0.00712	0.00369	0.01050
33	0.02407	0.02640	0.03031	0.04107	0.44473	0.23942	0.02233	0.02807	0.02047	0.02486	0.01469	0.01869	0.01233	0.00779	0.00798	0.00236	0.01158	0.00671	0.00417	0.01198

[dist]
# distance from previous block
# <min> <max>
0	15

[block]
# block no. 1 follows, 22 sequences, length 47
# corresponding to MSA columns:
# 49-95
name=unknown_B
#
# <colnr> <probs for GDERKNQSTAVLIFYWHMCP>
#	G	D	E	R	K	N	Q	S	T	A	V	L	I	F	Y	W	H	M	C	P
0	0.02395	0.03518	0.28325	0.02586	0.11462	0.19945	0.02316	0.14267	0.02346	0.02975	0.01540	0.01771	0.01161	0.00840	0.00791	0.00245	0.01209	0.00635	0.00471	0.01203
1	0.01709	0.05540	0.04989	0.01328	0.01633	0.12450	0.01040	0.04646	0.05427	0.02426	0.14904	0.04533	0.11151	0.22557	0.01885	0.00418	0.00819	0.01110	0.00620	0.00815
2	0.10017	0.15209	0.09320	0.01641	0.02177	0.02158	0.01485	0.20622	0.02291	0.03256	0.02174	0.16326	0.02100	0.01274	0.00931	0.00266	0.06085	0.00987	0.00606	0.01076
3	0.02570	0.02798	0.02374	0.02562	0.15810	0.33347	0.01671	0.10081	0.04896	0.02669	0.01975	0.02225	0.04476	0.01228	0.04547	0.00294	0.01228	0.00710	0.03464	0.01074
4	0.01200	0.01646	0.17358	0.01417	0.01802	0.01008	0.01337	0.01595	0.01779	0.02456	0.14035	0.37849	0.09371	0.01963	0.00973	0.00302	0.00649	0.01737	0.00690	0.00833
5	0.01794	0.12536	0.46774	0.02462	0.03549	0.02137	0.14186	0.02618	0.01785	0.02550	0.01484	0.01792	0.01094	0.00762	0.00793	0.00255	0.01217	0.00662	0.00365	0.01187
6	0.02195	0.05842	0.22001	0.03295	0.27276	0.13708	0.02389	0.06180	0.04441	0.02709	0.01570	0.01874	0.01236	0.00804	0.00789	0.00245	0.01129	0.00662	0.00434	0.01222
7	0.02246	0.14110	0.03382	0.04014	0.45033	0.12332	0.02211	0.02658	0.01928	0.02479	0.01450	0.01846	0.01235	0.00753	0.00762	0.00230	0.01049	0.00658	0.00404	0.01219
8	0.01457	0.01116	0.01238	0.01183	0.01462	0.01092	0.00884	0.14335	0.02214	0.02838	0.05671	0.29019	0.30241	0.02046	0.00978	0.00294	0.00548	0.01757	0.00784	0.00844
9	0.02198	0.01265	0.01500	0.01252	0.01648	0.01200	0.00957	0.11883	0.02200	0.18991	0.08567	0.07545	0.08098	0.14493	0.01477	0.00349	0.00662	0.01074	0.06526	0.08114
10	0.02346	0.02474	0.02055	0.02259	0.14069	0.29938	0.01459	0.05958	0.02172	0.02591	0.02453	0.02676	0.08314	0.01001	0.00757	0.00225	0.01015	0.00769	0.16483	0.00987
11	0.03168	0.03265	0.02364	0.02019	0.02536	0.42541	0.01568	0.21565	0.02830	0.07950	0.01655	0.01752	0.01251	0.00912	0.00781	0.00228	0.01259	0.00623	0.00597	0.01135
12	0.02487	0.03054	0.01915	0.01763	0.02148	0.48085	0.01322	0.02700	0.02220	0.02094	0.03355	0.03384	0.19713	0.01218	0.00817	0.00233	0.01185	0.00889	0.00528	0.00887
13	0.01208	0.00805	0.00906	0.00906	0.00906	0.00805	0.00503	0.01208	0.01208	0.01611	0.02618	0.05436	0.03020	0.70804	0.04228	0.00805	0.00805	0.01208	0.00503	0.00503
14	0.01602	0.01230	0.01325	0.01233	0.01605	0.01245	0.00961	0.02596	0.24222	0.07621	0.05990	0.05921	0.34531	0.01682	0.00931	0.00285	0.00547	0.04676	0.00817	0.00980
15	0.00982	0.00842	0.00842	0.00842	0.01122	0.00701	0.00631	0.01192	0.01894	0.02244	0.08416	0.07995	0.65285	0.02104	0.00982	0.00281	0.00421	0.01753	0.00771	0.00701
16	0.03158	0.02327	0.02493	0.01911	0.02576	0.02576	0.01579	0.62852	0.03906	0.05236	0.01995	0.01995	0.01413	0.00997	0.00831	0.00249	0.00914	0.00748	0.00831	0.01413
17	0.03103	0.03959	0.02354	0.02140	0.02568	0.67469	0.01605	0.03317	0.02354	0.02033	0.01284	0.01498	0.01070	0.00856	0.00749	0.00214	0.01498	0.00535	0.00428	0.00963
18	0.01854	0.01035	0.01349	0.01196	0.01510	0.00958	0.00922	0.02323	0.05751	0.18984	0.42857	0.08800	0.05966	0.01550	0.00941	0.00266	0.00490	0.01353	0.00931	0.00965
19	0.01979	0.01855	0.03083	0.04556	0.55794	0.01868	0.02362	0.02545	0.04747	0.02724	0.01953	0.02896	0.01747	0.00926	0.00859	0.00263	0.00948	0.07168	0.00469	0.01256
20	0.01968	0.02220	0.04784	0.03624	0.09059	0.02091	0.57983	0.02652	0.01955	0.02665	0.01672	0.02227	0.01265	0.00703	0.00968	0.00278	0.01369	0.00962	0.00419	0.01135
21	0.02056	0.01974	0.03372	0.05099	0.65622	0.01974	0.02550	0.02550	0.01892	0.02714	0.01563	0.02056	0.01316	0.00740	0.00822	0.00247	0.00987	0.00740	0.00411	0.01316
22	0.76672	0.01607	0.01221	0.01092	0.01607	0.01864	0.00900	0.02442	0.01414	0.03727	0.01157	0.01350	0.00900	0.00771	0.00514	0.00257	0.00643	0.00450	0.00514	0.00900
23	0.01028	0.00750	0.00939	0.01082	0.01161	0.00693	0.00721	0.01168	0.01597	0.02086	0.04963	0.53823	0.14448	0.09725	0.01383	0.00378	0.00507	0.02146	0.00743	0.00661
24	0.01187	0.00890	0.01335	0.01335	0.01483	0.01038	0.01038	0.01483	0.01335	0.01928	0.02225	0.03264	0.02077	0.06231	0.67512	0.01335	0.02225	0.00890	0.00445	0.00742
25	0.01113	0.00829	0.00923	0.00920	0.01054	0.00780	0.00610	0.01241	0.01551	0.01976	0.08003	0.06341	0.28351	0.34673	0.07628	0.00607	0.00739	0.01418	0.00627	0.00615
26	0.01207	0.00810	0.00927	0.00927	0.00934	0.00817	0.00530	0.01222	0.01214	0.01626	0.02598	0.05330	0.02974	0.67628	0.07341	0.00831	0.00875	0.01192	0.00501	0.00515
27	0.02990	0.03744	0.02464	0.02461	0.09395	0.60379	0.01707	0.03234	0.02304	0.02107	0.01314	0.01559	0.01097	0.00844	0.00757	0.00218	0.01443	0.00557	0.00426	0.01001
28	0.02018	0.02185	0.08795	0.04779	0.56968	0.01977	0.05934	0.02563	0.01884	0.02704	0.01563	0.02041	0.01291	0.00742	0.00828	0.00250	0.01030	0.00743	0.00407	0.01298
29	0.02535	0.02908	0.02598	0.15404	0.15613	0.35734	0.01936	0.05330	0.02135	0.02316	0.01394	0.01783	0.01141	0.00867	0.00892	0.00242	0.05069	0.00634	0.00427	0.01041
30	0.01034	0.00785	0.00952	0.01034	0.01185	0.00704	0.00729	0.01246	0.01833	0.02391	0.17346	0.38046	0.25170	0.02270	0.01020	0.00305	0.00445	0.02002	0.00799	0.00704
31	0.02787	0.03467	0.02854	0.02402	0.02876	0.50033	0.13229	0.03091	0.02196	0.02150	0.01345	0.01664	0.01108	0.00872	0.00945	0.00238	0.06697	0.00635	0.00422	0.00989
32	0.01030	0.00843	0.00909	0.00892	0.01152	0.00722	0.00669	0.01286	0.02008	0.02516	0.22604	0.07548	0.50927	0.02003	0.00981	0.00276	0.00414	0.01691	0.00807	0.00722
33	0.01208	0.00805	0.00906	0.00906	0.00906	0.00805	0.00503	0.01208	0.01208	0.01611	0.02618	0.05436	0.03020	0.70804	0.04228	0.00805	0.00805	0.01208	0.00503	0.00503
34	0.03158	0.02327	0.02493	0.01911	0.02576	0.02576	0.01579	0.62852	0.03906	0.05236	0.01995	0.01995	0.01413	0.00997	0.00831	0.00249	0.00914	0.00748	0.00831	0.01413
35	0.01012	0.00723	0.00964	0.01157	0.01205	0.00675	0.00771	0.01157	0.01591	0.02121	0.04579	0.70262	0.05495	0.02603	0.01060	0.00337	0.00482	0.02362	0.00771	0.00675
36	0.02750	0.02022	0.02202	0.01768	0.02315	0.02214	0.01425	0.51112	0.03465	0.04643	0.02486	0.14985	0.02190	0.01303	0.00875	0.00266	0.00832	0.01055	0.00820	0.01272
37	0.02221	0.71304	0.04353	0.01421	0.02132	0.03287	0.01421	0.02488	0.01688	0.01955	0.01155	0.01333	0.01066	0.00711	0.00533	0.00178	0.00888	0.00444	0.00355	0.01066
38	0.01208	0.00805	0.00906	0.00906	0.00906	0.00805	0.00503	0.01208	0.01208	0.01611	0.02618	0.05436	0.03020	0.70804	0.04228	0.00805	0.00805	0.01208	0.00503	0.00503
39	0.01012	0.00723	0.00964	0.01157	0.01205	0.00675	0.00771	0.01157	0.01591	0.02121	0.04579	0.70262	0.05495	0.02603	0.01060	0.00337	0.00482	0.02362	0.00771	0.00675
40	0.01187	0.00890	0.01335	0.01335	0.01483	0.01038	0.01038	0.01483	0.01335	0.01928	0.02225	0.03264	0.02077	0.06231	0.67512	0.01335	0.02225	0.00890	0.00445	0.00742
41	0.02056	0.01974	0.03372	0.05099	0.65622	0.01974	0.02550	0.02550	0.01892	0.02714	0.01563	0.02056	0.01316	0.00740	0.00822	0.00247	0.00987	0.00740	0.00411	0.01316
42	0.01007	0.00843	0.00876	0.00868	0.01137	0.00712	0.00651	0.01241	0.01953	0.02384	0.15727	0.07764	0.57887	0.02052	0.00982	0.00278	0.00417	0.01721	0.00790	0.00712
43	0.02221	0.71304	0.04353	0.01421	0.02132	0.03287	0.01421	0.02488	0.01688	0.01955	0.01155	0.01333	0.01066	0.00711	0.00533	0.00178	0.00888	0.00444	0.00355	0.01066
44	0.03103	0.03959	0.02354	0.02140	0.02568	0.67469	0.01605	0.03317	0.02354	0.02033	0.01284	0.01498	0.01070	0.00856	0.00749	0.00214	0.01498	0.00535	0.00428	0.00963
45	0.01786	0.30640	0.27434	0.01703	0.02502	0.02234	0.01916	0.02346	0.01855	0.02507	0.14944	0.02533	0.02506	0.00951	0.00726	0.00228	0.00912	0.00735	0.00473	0.01068
46	0.06721	0.03667	0.02314	0.02064	0.02522	0.57223	0.01568	0.09720	0.02476	0.02463	0.01355	0.01545	0.01099	0.00867	0.00746	0.00220	0.01393	0.00554	0.00476	0.01009

[dist]
# distance from previous block
# <min> <max>
0	8

[block]
# block no. 2 follows, 22 sequences, length 79
# corresponding to MSA columns:
# 104-182
name=unknown_C
#
# <colnr> <probs for GDERKNQSTAVLIFYWHMCP>
#	G	D	E	R	K	N	Q	S	T	A	V	L	I	F	Y	W	H	M	C	P
0	0.02292	0.25650	0.19191	0.02516	0.16178	0.05855	0.02072	0.05809	0.01965	0.08846	0.01587	0.01784	0.01233	0.00791	0.00716	0.00227	0.01010	0.00609	0.00461	0.01207
1	0.02700	0.03195	0.02746	0.03279	0.26837	0.42261	0.01969	0.03022	0.02176	0.02295	0.01391	0.01713	0.01165	0.00811	0.00777	0.00227	0.01301	0.00614	0.00422	0.01099
2	0.00982	0.00842	0.00842	0.00842	0.01122	0.00701	0.00631	0.01192	0.01894	0.02244	0.08416	0.07995	0.65285	0.02104	0.00982	0.00281	0.00421	0.01753	0.00771	0.00701
3	0.02858	0.03590	0.02901	0.02433	0.02949	0.53430	0.14707	0.03176	0.02270	0.02168	0.01369	0.01658	0.01111	0.00823	0.00799	0.00228	0.01477	0.00631	0.00426	0.00997
4	0.00982	0.00842	0.00842	0.00842	0.01122	0.00701	0.00631	0.01192	0.01894	0.02244	0.08416	0.07995	0.65285	0.02104	0.00982	0.00281	0.00421	0.01753	0.00771	0.00701
5	0.02056	0.01974	0.03372	0.05099	0.65622	0.01974	0.02550	0.02550	0.01892	0.02714	0.01563	0.02056	0.01316	0.00740	0.00822	0.00247	0.00987	0.00740	0.00411	0.01316
6	0.02873	0.02132	0.02301	0.01822	0.02413	0.02354	0.01481	0.52907	0.07601	0.04811	0.02342	0.08856	0.01892	0.01165	0.00855	0.00260	0.00854	0.00921	0.00826	0.01333
7	0.01327	0.01233	0.02148	0.01978	0.06226	0.01145	0.17367	0.01656	0.01769	0.02328	0.04363	0.35419	0.15843	0.01875	0.01008	0.00305	0.00748	0.01768	0.00654	0.00841
8	0.01723	0.01477	0.01723	0.01230	0.01969	0.01107	0.00984	0.02092	0.01723	0.02707	0.01477	0.01723	0.01230	0.00615	0.00615	0.00123	0.00615	0.00492	0.00492	0.75883
9	0.01208	0.00805	0.00906	0.00906	0.00906	0.00805	0.00503	0.01208	0.01208	0.01611	0.02618	0.05436	0.03020	0.70804	0.04228	0.00805	0.00805	0.01208	0.00503	0.00503
10	0.04820	0.03477	0.50763	0.02074	0.03039	0.01680	0.02523	0.02333	0.01707	0.02579	0.02083	0.15201	0.01919	0.01145	0.00831	0.00277	0.01056	0.00950	0.00441	0.01105
11	0.01666	0.04297	0.66500	0.02368	0.03596	0.01929	0.03069	0.02631	0.01754	0.02631	0.01491	0.01754	0.01052	0.00789	0.00789	0.00263	0.01228	0.00614	0.00351	0.01228
12	0.02858	0.11514	0.02677	0.02297	0.07579	0.51794	0.01670	0.03099	0.02190	0.02077	0.01283	0.01538	0.01090	0.00857	0.00820	0.00219	0.04472	0.00550	0.00415	0.01001
13	0.01291	0.01005	0.01234	0.01069	0.01410	0.00856	0.00817	0.01657	0.02143	0.03054	0.42932	0.05284	0.12589	0.01473	0.00889	0.00229	0.00451	0.01278	0.00793	0.19548
14	0.01252	0.00996	0.01469	0.01908	0.13873	0.00954	0.01123	0.01519	0.01813	0.02497	0.17003	0.43099	0.05177	0.02042	0.00996	0.00303	0.00562	0.01858	0.00731	0.00824
15	0.01012	0.00723	0.00964	0.01157	0.01205	0.00675	0.00771	0.01157	0.01591	0.02121	0.04579	0.70262	0.05495	0.02603	0.01060	0.00337	0.00482	0.02362	0.00771	0.00675
16	0.00982	0.00842	0.00842	0.00842	0.01122	0.00701	0.00631	0.01192	0.01894	0.02244	0.08416	0.07995	0.65285	0.02104	0.00982	0.00281	0.00421	0.01753	0.00771	0.00701
17	0.01666	0.04297	0.66500	0.02368	0.03596	0.01929	0.03069	0.02631	0.01754	0.02631	0.01491	0.01754	0.01052	0.00789	0.00789	0.00263	0.01228	0.00614	0.00351	0.01228
18	0.03103	0.03959	0.02354	0.02140	0.02568	0.67469	0.01605	0.03317	0.02354	0.02033	0.01284	0.01498	0.01070	0.00856	0.00749	0.00214	0.01498	0.00535	0.00428	0.00963
19	0.03029	0.09749	0.02536	0.02066	0.02531	0.58606	0.01588	0.06242	0.02374	0.02188	0.01309	0.01509	0.01087	0.00851	0.00734	0.00213	0.01416	0.00538	0.00442	0.00995
20	0.02056	0.01974	0.03372	0.05099	0.65622	0.01974	0.02550	0.02550	0.01892	0.02714	0.01563	0.02056	0.01316	0.00740	0.00822	0.00247	0.00987	0.00740	0.00411	0.01316
21	0.02440	0.02293	0.05574	0.02004	0.05619	0.08896	0.01570	0.19606	0.35366	0.03711	0.02606	0.02518	0.01948	0.01027	0.00828	0.00263	0.00859	0.00820	0.00751	0.01300
22	0.02221	0.71304	0.04353	0.01421	0.02132	0.03287	0.01421	0.02488	0.01688	0.01955	0.01155	0.01333	0.01066	0.00711	0.00533	0.00178	0.00888	0.00444	0.00355	0.01066
23	0.02121	0.37473	0.03075	0.01484	0.02040	0.02484	0.01322	0.02951	0.18347	0.06545	0.02051	0.02196	0.01677	0.01683	0.10829	0.00387	0.01018	0.00670	0.00544	0.01106
24	0.01322	0.01326	0.04899	0.10487	0.02589	0.01202	0.14861	0.01685	0.01715	0.02274	0.03720	0.37958	0.08867	0.01826	0.00994	0.00309	0.00796	0.01714	0.00622	0.00833
25	0.02796	0.01602	0.01836	0.01497	0.02019	0.01662	0.01207	0.18797	0.15906	0.24686	0.02859	0.02725	0.02009	0.01030	0.00786	0.00248	0.00687	0.00823	0.15558	0.01267
26	0.01208	0.00805	0.00906	0.00906	0.00906	0.00805	0.00503	0.01208	0.01208	0.01611	0.02618	0.05436	0.03020	0.70804	0.04228	0.00805	0.00805	0.01208	0.00503	0.00503
27	0.01009	0.00809	0.00877	0.00925	0.01124	0.00704	0.00655	0.01185	0.01760	0.02160	0.06974	0.23148	0.45214	0.08087	0.01278	0.00339	0.00469	0.01857	0.00749	0.00678
28	0.01203	0.00885	0.01310	0.01310	0.01460	0.01026	0.01018	0.01504	0.01354	0.01982	0.02247	0.03256	0.02079	0.05991	0.64466	0.01283	0.02142	0.00885	0.03858	0.00743
29	0.02066	0.01785	0.01878	0.01691	0.02160	0.02066	0.01315	0.04414	0.64121	0.03475	0.03381	0.03099	0.02536	0.01127	0.00845	0.00282	0.00657	0.00939	0.00845	0.01315
30	0.02221	0.71304	0.04353	0.01421	0.02132	0.03287	0.01421	0.02488	0.01688	0.01955	0.01155	0.01333	0.01066	0.00711	0.00533	0.00178	0.00888	0.00444	0.00355	0.01066
31	0.01859	0.01874	0.03437	0.19616	0.29088	0.01952	0.18729	0.02398	0.01827	0.02506	0.01830	0.02374	0.03831	0.00839	0.00961	0.00270	0.04223	0.00846	0.00416	0.01125
32	0.01986	0.02172	0.04570	0.03284	0.04072	0.02060	0.56182	0.05804	0.02026	0.02745	0.01745	0.02390	0.01358	0.04285	0.01138	0.00305	0.01344	0.00980	0.00446	0.01105
33	0.03103	0.03959	0.02354	0.02140	0.02568	0.67469	0.01605	0.03317	0.02354	0.02033	0.01284	0.01498	0.01070	0.00856	0.00749	0.00214	0.01498	0.00535	0.00428	0.00963
34	0.01007	0.00840	0.00860	0.00857	0.01114	0.00713	0.00631	0.01214	0.01874	0.02262	0.11119	0.07731	0.58107	0.06561	0.01193	0.00314	0.00444	0.01704	0.00762	0.00693
35	0.01187	0.00890	0.01335	0.01335	0.01483	0.01038	0.01038	0.01483	0.01335	0.01928	0.02225	0.03264	0.02077	0.06231	0.67512	0.01335	0.02225	0.00890	0.00445	0.00742
36	0.01207	0.00870	0.01010	0.00969	0.01226	0.00760	0.00728	0.01491	0.02083	0.06131	0.29898	0.09748	0.37045	0.01911	0.00977	0.00274	0.00428	0.01633	0.00841	0.00771
37	0.01208	0.00805	0.00906	0.00906	0.00906	0.00805	0.00503	0.01208	0.01208	0.01611	0.02618	0.05436	0.03020	0.70804	0.04228	0.00805	0.00805	0.01208	0.00503	0.00503
38	0.02221	0.71304	0.04353	0.01421	0.02132	0.03287	0.01421	0.02488	0.01688	0.01955	0.01155	0.01333	0.01066	0.00711	0.00533	0.00178	0.00888	0.00444	0.00355	0.01066
39	0.01187	0.00890	0.01335	0.01335	0.01483	0.01038	0.01038	0.01483	0.01335	0.01928	0.02225	0.03264	0.02077	0.06231	0.67512	0.01335	0.02225	0.00890	0.00445	0.00742
40	0.29881	0.21337	0.02390	0.01401	0.01984	0.08992	0.01204	0.02966	0.05085	0.15319	0.01704	0.01743	0.01278	0.00832	0.00625	0.00232	0.00814	0.00559	0.00579	0.01076
41	0.02535	0.02232	0.02453	0.02543	0.15971	0.09040	0.01698	0.23310	0.24310	0.03746	0.02311	0.02341	0.01748	0.00973	0.00826	0.00256	0.00901	0.00791	0.00704	0.01311
42	0.02073	0.53416	0.20944	0.01674	0.02523	0.02925	0.01861	0.02526	0.01706	0.02135	0.01245	0.01445	0.01062	0.00732	0.00601	0.00200	0.00979	0.00490	0.00354	0.01109
43	0.01893	0.03450	0.39339	0.03195	0.20162	0.06231	0.08756	0.02657	0.01850	0.02617	0.01515	0.01866	0.01145	0.00772	0.00815	0.00257	0.01198	0.00679	0.00379	0.01223
44	0.01124	0.00847	0.01038	0.00991	0.01209	0.00762	0.00743	0.01467	0.02229	0.03040	0.49958	0.06685	0.23247	0.01807	0.00980	0.00266	0.00400	0.01570	0.00876	0.00762
45	0.02119	0.02111	0.03165	0.04623	0.56119	0.08243	0.02394	0.02579	0.01937	0.02636	0.01687	0.02393	0.01477	0.00834	0.00833	0.00251	0.01024	0.03889	0.00432	0.01252
46	0.01012	0.00723	0.00964	0.01157	0.01205	0.00675	0.00771	0.01157	0.01591	0.02121	0.04579	0.70262	0.05495	0.02603	0.01060	0.00337	0.00482	0.02362	0.00771	0.00675
47	0.01551	0.01430	0.02031	0.01826	0.01881	0.01910	0.01485	0.01771	0.01312	0.01981	0.01681	0.06045	0.01678	0.03205	0.25545	0.00706	0.41836	0.00873	0.00414	0.00837
48	0.01532	0.00778	0.00789	0.00786	0.00980	0.00775	0.00590	0.01919	0.01769	0.03108	0.05490	0.03235	0.02383	0.01000	0.00598	0.00197	0.00387	0.00807	0.72101	0.00775
49	0.05134	0.01938	0.02612	0.26490	0.25526	0.08734	0.02085	0.05087	0.05973	0.02650	0.01676	0.02138	0.01321	0.00832	0.00795	0.00254	0.01016	0.00721	0.03918	0.01102
50	0.01254	0.00976	0.01157	0.01104	0.01348	0.00946	0.00829	0.01877	0.11203	0.03047	0.40426	0.10301	0.18861	0.01758	0.00966	0.00273	0.00442	0.01529	0.00865	0.00837
51	0.07244	0.38251	0.03206	0.01617	0.02167	0.23127	0.01405	0.02641	0.01843	0.02092	0.01307	0.01587	0.01162	0.01336	0.07589	0.00315	0.01203	0.00520	0.00398	0.00989
52	0.01030	0.00825	0.00921	0.00937	0.01162	0.00716	0.00687	0.01270	0.01948	0.02467	0.20484	0.17376	0.43071	0.02092	0.00994	0.00285	0.00424	0.01793	0.00803	0.00716
53	0.01964	0.01747	0.02585	0.09411	0.22842	0.01675	0.05693	0.09507	0.02041	0.02920	0.01743	0.05559	0.01494	0.00833	0.00776	0.00214	0.00863	0.00757	0.00505	0.26872
54	0.01032	0.00825	0.00923	0.00937	0.01162	0.00716	0.00688	0.01274	0.01953	0.02478	0.21009	0.17152	0.42753	0.02086	0.00993	0.00285	0.00423	0.01789	0.00805	0.00716
55	0.02119	0.02235	0.02861	0.25625	0.32183	0.15998	0.02266	0.02573	0.01914	0.02371	0.01474	0.01989	0.01194	0.00795	0.00809	0.00250	0.01137	0.00695	0.00401	0.01110
56	0.25228	0.01886	0.02488	0.05996	0.16126	0.02006	0.07951	0.16114	0.02239	0.09863	0.01713	0.01931	0.01267	0.00836	0.00748	0.00257	0.00887	0.00688	0.00596	0.01179
57	0.01119	0.00790	0.00967	0.01066	0.01131	0.00757	0.00709	0.01236	0.01500	0.01967	0.04143	0.32833	0.10002	0.29447	0.02312	0.00521	0.00632	0.07585	0.00665	0.00619
58	0.02056	0.01974	0.03372	0.05099	0.65622	0.01974	0.02550	0.02550	0.01892	0.02714	0.01563	0.02056	0.01316	0.00740	0.00822	0.00247	0.00987	0.00740	0.00411	0.01316
59	0.01696	0.01628	0.02277	0.01974	0.02041	0.02189	0.01629	0.01909	0.01308	0.02025	0.01321	0.02079	0.01280	0.02289	0.14549	0.00529	0.53200	0.00744	0.00386	0.04948
60	0.00982	0.00842	0.00842	0.00842	0.01122	0.00701	0.00631	0.01192	0.01894	0.02244	0.08416	0.07995	0.65285	0.02104	0.00982	0.00281	0.00421	0.01753	0.00771	0.00701
61	0.14746	0.39692	0.15841	0.01623	0.02375	0.09163	0.01676	0.02591	0.01721	0.02394	0.01234	0.01435	0.01036	0.00751	0.00602	0.00211	0.00974	0.00488	0.00388	0.01060
62	0.02347	0.41272	0.03730	0.02474	0.18041	0.15111	0.01737	0.02660	0.01865	0.02159	0.01281	0.01544	0.01129	0.00746	0.00646	0.00202	0.01028	0.00535	0.00383	0.01109
63	0.01548	0.01238	0.01589	0.01447	0.01545	0.01483	0.01084	0.07601	0.01543	0.02171	0.02199	0.07927	0.02321	0.28211	0.15721	0.00706	0.19355	0.01047	0.00505	0.00760
64	0.01533	0.01276	0.04835	0.01402	0.01674	0.01167	0.01127	0.13490	0.02200	0.02973	0.12196	0.36572	0.04685	0.02027	0.01001	0.00311	0.00631	0.09245	0.00779	0.00876
65	0.01180	0.00793	0.00914	0.00942	0.00949	0.00786	0.00542	0.01201	0.01264	0.01685	0.02902	0.14843	0.03379	0.60908	0.03769	0.00737	0.00758	0.01375	0.00542	0.00528
66	0.01010	0.00733	0.00954	0.01130	0.01198	0.00677	0.00759	0.01160	0.01616	0.02131	0.04899	0.65060	0.10489	0.02561	0.01054	0.00333	0.00477	0.02311	0.00771	0.00677
67	0.01230	0.00859	0.01049	0.01021	0.01246	0.00766	0.00758	0.01525	0.02099	0.06227	0.35219	0.15878	0.25208	0.01920	0.00984	0.00278	0.00431	0.01670	0.00855	0.00776
68	0.01062	0.00803	0.01172	0.01280	0.01370	0.00750	0.04032	0.01236	0.01610	0.02149	0.04426	0.66675	0.05271	0.02502	0.01056	0.00334	0.00530	0.02289	0.00753	0.00698
69	0.06558	0.02294	0.02434	0.01874	0.02531	0.02543	0.01548	0.60058	0.03791	0.05166	0.01956	0.01965	0.01389	0.00987	0.00816	0.00250	0.00902	0.00734	0.00816	0.01389
70	0.02389	0.22192	0.28481	0.01847	0.02737	0.02178	0.02037	0.05743	0.04453	0.17493	0.01914	0.01952	0.01367	0.00846	0.00732	0.00238	0.00974	0.00637	0.00552	0.01238
71	0.10873	0.49697	0.06937	0.01502	0.02179	0.07136	0.01451	0.02699	0.06732	0.02323	0.01361	0.01510	0.01165	0.00765	0.00584	0.00202	0.00899	0.00500	0.00418	0.01069
72	0.01814	0.11571	0.45733	0.02845	0.16748	0.02096	0.02767	0.02597	0.01776	0.02570	0.01467	0.01770	0.01111	0.00770	0.00767	0.00250	0.01137	0.00621	0.00364	0.01228
73	0.01794	0.02241	0.15443	0.28852	0.30594	0.01916	0.02559	0.02403	0.01777	0.02472	0.01516	0.02057	0.01185	0.00784	0.00819	0.00261	0.01080	0.00715	0.00383	0.01149
74	0.01104	0.00846	0.01010	0.00969	0.01197	0.00753	0.00727	0.01428	0.02181	0.02927	0.44074	0.06871	0.29200	0.01849	0.00981	0.00268	0.00403	0.01596	0.00861	0.00753
75	0.01344	0.01095	0.01491	0.01413	0.01467	0.01334	0.01058	0.01505	0.01305	0.01870	0.02275	0.10198	0.02439	0.24142	0.24451	0.00816	0.19524	0.01089	0.00473	0.00708
76	0.01067	0.00778	0.00915	0.00999	0.01090	0.00723	0.00652	0.01182	0.01544	0.01990	0.04907	0.34330	0.19506	0.24073	0.02044	0.00471	0.00569	0.01846	0.00686	0.00627
77	0.01115	0.00797	0.01082	0.01275	0.01368	0.00764	0.00951	0.01335	0.01692	0.02236	0.04522	0.51016	0.05269	0.02505	0.01088	0.00352	0.00571	0.20589	0.00769	0.00703
78	0.02210	0.02118	0.02989	0.13409	0.41339	0.08053	0.02264	0.09590	0.04747	0.02890	0.01651	0.02064	0.01326	0.00810	0.00819	0.00250	0.01029	0.00730	0.00473	0.01238

[dist]
# distance from previous block
# <min> <max>
0	1

[block]
# block no. 3 follows, 22 sequences, length 74
# corresponding to MSA columns:
# 184-257
name=unknown_D
#
# <colnr> <probs for GDERKNQSTAVLIFYWHMCP>
#	G	D	E	R	K	N	Q	S	T	A	V	L	I	F	Y	W	H	M	C	P
0	0.02228	0.31608	0.26165	0.01928	0.02758	0.17741	0.02055	0.02732	0.01867	0.02215	0.01305	0.01522	0.01062	0.00773	0.00675	0.00217	0.01152	0.00526	0.00371	0.01100
1	0.11810	0.01930	0.03097	0.04327	0.50998	0.01970	0.05384	0.02632	0.04852	0.02881	0.01604	0.02024	0.01318	0.00761	0.00791	0.00252	0.00947	0.00724	0.00446	0.01251
2	0.01448	0.01896	0.14498	0.02017	0.04604	0.01358	0.16803	0.01975	0.01964	0.02639	0.14731	0.04936	0.21468	0.01397	0.00949	0.00279	0.00854	0.04626	0.00616	0.00945
3	0.01133	0.00832	0.01079	0.01181	0.01337	0.00779	0.00902	0.01409	0.01903	0.02526	0.19650	0.29692	0.14710	0.02231	0.01052	0.00323	0.00526	0.17204	0.00804	0.00729
4	0.01306	0.01065	0.01564	0.01495	0.01615	0.01323	0.01186	0.01581	0.01323	0.01942	0.02011	0.02990	0.01890	0.05328	0.55265	0.01151	0.14902	0.00859	0.00430	0.00773
5	0.01755	0.03768	0.52127	0.02990	0.17718	0.01939	0.02951	0.02612	0.01785	0.02650	0.01507	0.01823	0.01112	0.00778	0.00797	0.00259	0.01173	0.00643	0.00365	0.01248
6	0.01724	0.00944	0.00962	0.00898	0.01144	0.00971	0.00690	0.08589	0.01978	0.03331	0.02632	0.02977	0.02051	0.00971	0.00608	0.00200	0.00445	0.00771	0.67270	0.00844
7	0.02185	0.02293	0.02915	0.02335	0.02864	0.16761	0.22286	0.09328	0.10322	0.02803	0.02398	0.15082	0.02205	0.01185	0.00909	0.00273	0.01098	0.01111	0.00589	0.01057
8	0.01859	0.18997	0.38407	0.02412	0.03434	0.02276	0.16252	0.02605	0.01786	0.02485	0.01458	0.01769	0.01103	0.00751	0.00775	0.00248	0.01190	0.00659	0.00368	0.01167
9	0.01243	0.00785	0.00979	0.00982	0.01028	0.00764	0.00623	0.01210	0.01378	0.01840	0.10149	0.08622	0.07815	0.34438	0.03149	0.22032	0.00686	0.01210	0.00546	0.00520
10	0.02352	0.06002	0.02087	0.01688	0.02190	0.08765	0.01338	0.10317	0.40512	0.07437	0.03138	0.02946	0.05346	0.01105	0.00822	0.00264	0.00776	0.00883	0.00781	0.01250
11	0.06292	0.18994	0.26847	0.01821	0.02584	0.09215	0.01938	0.02616	0.05022	0.04904	0.01942	0.10675	0.01745	0.01041	0.00750	0.00248	0.00997	0.00810	0.00476	0.01082
12	0.01810	0.01627	0.02276	0.13626	0.06074	0.01539	0.05891	0.05251	0.01815	0.02676	0.01493	0.01885	0.01214	0.00749	0.00863	0.00193	0.06038	0.00615	0.00469	0.43897
13	0.01087	0.00846	0.00987	0.00952	0.01186	0.00746	0.00714	0.01395	0.02141	0.02832	0.39110	0.07027	0.34224	0.01885	0.00981	0.00270	0.00405	0.01618	0.00849	0.00746
14	0.03110	0.03746	0.02372	0.02110	0.02569	0.58983	0.01602	0.11103	0.02557	0.02452	0.01377	0.01563	0.01115	0.00875	0.00760	0.00219	0.01422	0.00563	0.00481	0.01022
15	0.03191	0.03435	0.02315	0.02027	0.02511	0.51203	0.01552	0.10388	0.02539	0.10800	0.01628	0.01730	0.01239	0.00895	0.00770	0.00224	0.01326	0.00599	0.00554	0.01075
16	0.01053	0.00850	0.00941	0.00934	0.01188	0.00738	0.00712	0.01321	0.02014	0.02542	0.23021	0.07607	0.46782	0.02009	0.00991	0.00281	0.00433	0.05048	0.00808	0.00727
17	0.02221	0.71304	0.04353	0.01421	0.02132	0.03287	0.01421	0.02488	0.01688	0.01955	0.01155	0.01333	0.01066	0.00711	0.00533	0.00178	0.00888	0.00444	0.00355	0.01066
18	0.01666	0.04297	0.66500	0.02368	0.03596	0.01929	0.03069	0.02631	0.01754	0.02631	0.01491	0.01754	0.01052	0.00789	0.00789	0.00263	0.01228	0.00614	0.00351	0.01228
19	0.02056	0.01974	0.03372	0.05099	0.65622	0.01974	0.02550	0.02550	0.01892	0.02714	0.01563	0.02056	0.01316	0.00740	0.00822	0.00247	0.00987	0.00740	0.00411	0.01316
20	0.02902	0.19293	0.02809	0.01977	0.02469	0.52856	0.01563	0.03128	0.02203	0.02015	0.01255	0.01460	0.01069	0.00823	0.00700	0.00206	0.01359	0.00514	0.00411	0.00987
21	0.59922	0.02142	0.01479	0.01331	0.01826	0.16801	0.01060	0.02641	0.01628	0.03342	0.01186	0.01383	0.00938	0.00790	0.00568	0.00247	0.00837	0.00469	0.00495	0.00914
22	0.01138	0.01025	0.04844	0.01106	0.01350	0.00815	0.00887	0.01483	0.02089	0.02863	0.39640	0.18443	0.17438	0.01891	0.00984	0.00279	0.00463	0.01659	0.00828	0.00774
23	0.01208	0.00805	0.00906	0.00906	0.00906	0.00805	0.00503	0.01208	0.01208	0.01611	0.02618	0.05436	0.03020	0.70804	0.04228	0.00805	0.00805	0.01208	0.00503	0.00503
24	0.01012	0.00723	0.00964	0.01157	0.01205	0.00675	0.00771	0.01157	0.01591	0.02121	0.04579	0.70262	0.05495	0.02603	0.01060	0.00337	0.00482	0.02362	0.00771	0.00675
25	0.01198	0.00801	0.00909	0.00919	0.00922	0.00799	0.00517	0.01205	0.01228	0.01637	0.02719	0.08799	0.03149	0.67267	0.04064	0.00781	0.00789	0.01268	0.00517	0.00512
26	0.02651	0.01919	0.02092	0.01737	0.02295	0.02128	0.01392	0.24054	0.35760	0.12271	0.02900	0.02692	0.02095	0.01070	0.00839	0.00268	0.00750	0.00861	0.00864	0.01361
27	0.01490	0.01240	0.01828	0.01633	0.01782	0.01514	0.05183	0.01785	0.01441	0.02215	0.02039	0.06106	0.01897	0.03258	0.27666	0.00709	0.22785	0.00899	0.13709	0.00821
28	0.03015	0.02073	0.02586	0.02555	0.16844	0.02182	0.01732	0.37949	0.03157	0.16245	0.02140	0.02167	0.01513	0.00945	0.00830	0.00250	0.00891	0.00763	0.00773	0.01391
29	0.12305	0.35665	0.03156	0.01662	0.02235	0.28380	0.01426	0.02808	0.01915	0.02217	0.01206	0.01400	0.01046	0.00776	0.00616	0.00202	0.01096	0.00481	0.00405	0.01004
30	0.02017	0.02160	0.09731	0.03579	0.36099	0.02002	0.02164	0.03227	0.24183	0.02978	0.02207	0.02397	0.01724	0.00884	0.00827	0.00261	0.00895	0.00798	0.00560	0.01306
31	0.01678	0.04213	0.63976	0.02414	0.03626	0.01936	0.05509	0.02632	0.01762	0.02632	0.01499	0.01774	0.01061	0.00786	0.00797	0.00264	0.01235	0.00629	0.00354	0.01223
32	0.01747	0.01453	0.01883	0.02150	0.16205	0.01488	0.01349	0.10210	0.12671	0.03257	0.21334	0.04532	0.15544	0.01370	0.00902	0.00263	0.00645	0.01184	0.00750	0.01060
33	0.01165	0.00812	0.00894	0.00894	0.00947	0.00786	0.00528	0.01205	0.01338	0.01731	0.03719	0.05923	0.14852	0.57750	0.03611	0.00706	0.00732	0.01312	0.00554	0.00541
34	0.01197	0.01021	0.01052	0.01013	0.01325	0.00965	0.00769	0.01823	0.13740	0.02531	0.10214	0.06978	0.50574	0.01899	0.00956	0.00280	0.00464	0.01586	0.00792	0.00822
35	0.01035	0.00747	0.00980	0.01127	0.01207	0.00692	0.00767	0.01219	0.01716	0.02305	0.13706	0.58166	0.08357	0.02448	0.01045	0.00324	0.00466	0.02209	0.00792	0.00692
36	0.02056	0.01974	0.03372	0.05099	0.65622	0.01974	0.02550	0.02550	0.01892	0.02714	0.01563	0.02056	0.01316	0.00740	0.00822	0.00247	0.00987	0.00740	0.00411	0.01316
37	0.02272	0.67380	0.04237	0.01463	0.02158	0.07027	0.01432	0.02536	0.01727	0.01959	0.01162	0.01342	0.01066	0.00719	0.00546	0.00180	0.00924	0.00450	0.00360	0.01060
38	0.01790	0.03673	0.51467	0.04844	0.03361	0.01896	0.02677	0.09120	0.01978	0.02888	0.01738	0.05170	0.01347	0.00908	0.00801	0.00263	0.01123	0.00724	0.03039	0.01193
39	0.02265	0.09899	0.11116	0.02447	0.06194	0.21604	0.15943	0.06183	0.02052	0.02454	0.01568	0.01975	0.01276	0.01502	0.09526	0.00382	0.01414	0.00709	0.00434	0.01059
40	0.02045	0.02016	0.03182	0.14352	0.53086	0.05771	0.02459	0.02531	0.01884	0.02587	0.01534	0.02047	0.01271	0.00760	0.00819	0.00249	0.01035	0.00728	0.00406	0.01237
41	0.02522	0.01971	0.02337	0.02348	0.14291	0.02155	0.01598	0.31131	0.17753	0.04115	0.02319	0.02384	0.01737	0.00977	0.00807	0.00251	0.00812	0.00795	0.08393	0.01306
42	0.02049	0.02558	0.10386	0.01809	0.02222	0.24109	0.03816	0.02415	0.01982	0.02430	0.10187	0.03037	0.08617	0.01178	0.01099	0.00256	0.11413	0.00863	0.08649	0.00926
43	0.02111	0.01736	0.01861	0.01658	0.02105	0.01969	0.01288	0.13740	0.45895	0.03592	0.03306	0.11698	0.02735	0.01298	0.00871	0.00284	0.00677	0.01093	0.00833	0.01248
44	0.01190	0.00879	0.01279	0.01279	0.01408	0.01008	0.00968	0.01447	0.01319	0.01887	0.02276	0.03548	0.02200	0.14675	0.59236	0.01266	0.02040	0.00932	0.00453	0.00711
45	0.02400	0.46904	0.03770	0.02066	0.10535	0.17729	0.01611	0.02685	0.01866	0.02072	0.01238	0.01465	0.01100	0.00748	0.00620	0.00195	0.01040	0.00504	0.00379	0.01075
46	0.01012	0.00723	0.00964	0.01157	0.01205	0.00675	0.00771	0.01157	0.01591	0.02121	0.04579	0.70262	0.05495	0.02603	0.01060	0.00337	0.00482	0.02362	0.00771	0.00675
47	0.07120	0.18174	0.02825	0.04152	0.02530	0.11158	0.01533	0.35689	0.02975	0.03873	0.01644	0.01750	0.01249	0.00895	0.00734	0.00230	0.00976	0.00633	0.00635	0.01228
48	0.02779	0.02535	0.02266	0.01943	0.04886	0.19492	0.01487	0.34411	0.03068	0.03813	0.02460	0.02505	0.08283	0.01048	0.00813	0.00236	0.01001	0.00786	0.00681	0.05506
49	0.01018	0.00824	0.00863	0.00883	0.01098	0.00714	0.00626	0.01191	0.01762	0.02138	0.07175	0.13826	0.50110	0.12318	0.01470	0.00364	0.00484	0.01733	0.00732	0.00669
50	0.03155	0.02421	0.02485	0.01925	0.02576	0.06318	0.01580	0.59419	0.03816	0.05051	0.01954	0.01966	0.01393	0.00989	0.00826	0.00247	0.00948	0.00736	0.00808	0.01387
51	0.01966	0.02509	0.17926	0.04469	0.51322	0.01964	0.02669	0.02568	0.01860	0.02695	0.01546	0.01986	0.01255	0.00752	0.00815	0.00251	0.01042	0.00711	0.00397	0.01296
52	0.01991	0.22452	0.38759	0.02265	0.07177	0.09016	0.02434	0.02657	0.01806	0.02390	0.01382	0.01632	0.01075	0.00771	0.00717	0.00234	0.01147	0.00568	0.00364	0.01162
53	0.01326	0.00913	0.00978	0.00921	0.01247	0.00766	0.00705	0.01550	0.01954	0.10256	0.07772	0.07348	0.57364	0.01969	0.00963	0.00278	0.00457	0.01638	0.00804	0.00791
54	0.02248	0.56208	0.03946	0.01575	0.02177	0.06276	0.01488	0.04863	0.01754	0.02095	0.01186	0.01430	0.01083	0.00826	0.00842	0.00207	0.09864	0.00498	0.00379	0.01054
55	0.01010	0.00848	0.00881	0.00887	0.01159	0.00719	0.00675	0.01239	0.01918	0.02313	0.11155	0.07972	0.59222	0.02093	0.00990	0.00285	0.00437	0.04710	0.00779	0.00709
56	0.01985	0.01690	0.01873	0.01823	0.09269	0.05855	0.01262	0.10384	0.13561	0.03216	0.09379	0.02987	0.05555	0.01020	0.00773	0.00219	0.00705	0.00843	0.08405	0.19196
57	0.01309	0.01069	0.01569	0.01498	0.01618	0.01329	0.01189	0.01583	0.01323	0.01942	0.02006	0.02984	0.01886	0.05308	0.55006	0.01148	0.15170	0.00859	0.00429	0.00774
58	0.01756	0.13134	0.55010	0.02300	0.03439	0.02119	0.05937	0.02613	0.01756	0.02542	0.01456	0.01723	0.01065	0.00774	0.00765	0.00253	0.01191	0.00610	0.00355	0.01201
59	0.02217	0.02288	0.05723	0.11339	0.17496	0.14367	0.01853	0.09483	0.13069	0.02887	0.01959	0.02255	0.01539	0.01204	0.04686	0.00312	0.01088	0.00741	0.04352	0.01142
60	0.01549	0.00774	0.00774	0.00774	0.00968	0.00774	0.00581	0.01936	0.01742	0.03097	0.02710	0.03097	0.02129	0.00968	0.00581	0.00194	0.00387	0.00774	0.75416	0.00774
61	0.03065	0.03491	0.02435	0.02232	0.05630	0.49484	0.01645	0.16865	0.02686	0.02797	0.01460	0.01638	0.01160	0.00883	0.00771	0.00224	0.01340	0.00594	0.00519	0.01083
62	0.00982	0.00842	0.00842	0.00842	0.01122	0.00701	0.00631	0.01192	0.01894	0.02244	0.08416	0.07995	0.65285	0.02104	0.00982	0.00281	0.00421	0.01753	0.00771	0.00701
63	0.01121	0.00917	0.01011	0.01046	0.01315	0.00831	0.00831	0.01482	0.05126	0.02364	0.07219	0.08061	0.47946	0.02098	0.01013	0.00304	0.00513	0.15277	0.00774	0.00748
64	0.01915	0.01128	0.01166	0.01033	0.01334	0.01185	0.00808	0.15805	0.02235	0.03584	0.02547	0.02846	0.01966	0.00975	0.00638	0.00206	0.00507	0.00768	0.58434	0.00920
65	0.03349	0.01498	0.01917	0.01526	0.02130	0.01413	0.01242	0.04132	0.16436	0.51917	0.03301	0.02889	0.02166	0.01051	0.00838	0.00263	0.00696	0.00859	0.00987	0.01391
66	0.02056	0.01974	0.03372	0.05099	0.65622	0.01974	0.02550	0.02550	0.01892	0.02714	0.01563	0.02056	0.01316	0.00740	0.00822	0.00247	0.00987	0.00740	0.00411	0.01316
67	0.01033	0.00833	0.00856	0.00856	0.01073	0.00725	0.00602	0.01196	0.01737	0.02100	0.07096	0.07412	0.51108	0.17746	0.01721	0.00400	0.00508	0.01629	0.00710	0.00656
68	0.01012	0.00723	0.00964	0.01157	0.01205	0.00675	0.00771	0.01157	0.01591	0.02121	0.04579	0.70262	0.05495	0.02603	0.01060	0.00337	0.00482	0.02362	0.00771	0.00675
69	0.01733	0.03829	0.52475	0.02626	0.03765	0.01968	0.16625	0.02638	0.01801	0.02638	0.01534	0.01865	0.01100	0.00769	0.00833	0.00267	0.01267	0.00697	0.00367	0.01203
70	0.02328	0.01387	0.01698	0.01442	0.01860	0.01438	0.01151	0.09505	0.13607	0.21548	0.14082	0.03664	0.06329	0.01806	0.08289	0.00384	0.03691	0.01009	0.03654	0.01128
71	0.02199	0.39742	0.06384	0.01950	0.04760	0.05426	0.11055	0.06599	0.05157	0.02492	0.01542	0.01774	0.01273	0.00777	0.00672	0.00212	0.00969	0.00616	0.05298	0.01103
72	0.01864	0.01799	0.03062	0.03974	0.42981	0.01774	0.10009	0.02438	0.05075	0.02719	0.05823	0.03092	0.09722	0.00975	0.00872	0.00258	0.00923	0.00948	0.00506	0.01186
73	0.02300	0.02436	0.03135	0.04410	0.50945	0.17220	0.02330	0.02728	0.01999	0.02556	0.01498	0.01926	0.01259	0.00767	0.00805	0.00239	0.01106	0.00692	0.00415	0.01234

[dist]
# distance from previous block
# <min> <max>
0	4

[block]
# block no. 4 follows, 22 sequences, length 47
# corresponding to MSA columns:
# 262-308
name=unknown_E
#
# <colnr> <probs for GDERKNQSTAVLIFYWHMCP>
#	G	D	E	R	K	N	Q	S	T	A	V	L	I	F	Y	W	H	M	C	P
0	0.01612	0.01971	0.14551	0.07017	0.24802	0.01517	0.02046	0.02129	0.01856	0.02533	0.03297	0.04663	0.12239	0.01336	0.00918	0.00289	0.00899	0.14741	0.00537	0.01048
1	0.01554	0.01395	0.02124	0.29723	0.12963	0.01593	0.01773	0.02217	0.09003	0.02347	0.02704	0.03204	0.09297	0.02071	0.13998	0.00482	0.01173	0.00915	0.00495	0.00966
2	0.01847	0.01695	0.02431	0.03251	0.34126	0.01750	0.01806	0.02834	0.20305	0.02847	0.03452	0.03536	0.14291	0.01124	0.00861	0.00264	0.00778	0.00999	0.00611	0.01194
