[name]
unknown

[dist]
# distance from previous block
# <min> <max>
0	3

[block]
# block no. 0 follows, 22 sequences, length 56
# corresponding to MSA columns:
# 3-58
name=unknown_A
#
# <colnr> <probs for GDERKNQSTAVLIFYWHMCP>
#	G	D	E	R	K	N	Q	S	T	A	V	L	I	F	Y	W	H	M	C	P
0	0.01253	0.00929	0.01219	0.01365	0.01577	0.00895	0.01169	0.01594	0.01908	0.02428	0.05362	0.09041	0.19293	0.02249	0.01108	0.00358	0.00682	0.46053	0.00767	0.00750
1	0.00982	0.00842	0.00842	0.00842	0.01122	0.00701	0.00631	0.01192	0.01894	0.02244	0.08416	0.07995	0.65285	0.02104	0.00982	0.00281	0.00421	0.01753	0.00771	0.00701
2	0.02066	0.01785	0.01878	0.01691	0.02160	0.02066	0.01315	0.04414	0.64121	0.03475	0.03381	0.03099	0.02536	0.01127	0.00845	0.00282	0.00657	0.00939	0.00845	0.01315
3	0.02221	0.71304	0.04353	0.01421	0.02132	0.03287	0.01421	0.02488	0.01688	0.01955	0.01155	0.01333	0.01066	0.00711	0.00533	0.00178	0.00888	0.00444	0.00355	0.01066
4	0.03158	0.02327	0.02493	0.01911	0.02576	0.02576	0.01579	0.62852	0.03906	0.05236	0.01995	0.01995	0.01413	0.00997	0.00831	0.00249	0.00914	0.00748	0.00831	0.01413
5	0.01666	0.04297	0.66500	0.02368	0.03596	0.01929	0.03069	0.02631	0.01754	0.02631	0.01491	0.01754	0.01052	0.00789	0.00789	0.00263	0.01228	0.00614	0.00351	0.01228
6	0.03727	0.01414	0.01928	0.01478	0.02121	0.01221	0.01221	0.04049	0.02378	0.66198	0.03277	0.02828	0.02056	0.01028	0.00835	0.00257	0.00707	0.00835	0.01028	0.01414
7	0.01723	0.01477	0.01723	0.01230	0.01969	0.01107	0.00984	0.02092	0.01723	0.02707	0.01477	0.01723	0.01230	0.00615	0.00615	0.00123	0.00615	0.00492	0.00492	0.75883
8	0.02066	0.01785	0.01878	0.01691	0.02160	0.02066	0.01315	0.04414	0.64121	0.03475	0.03381	0.03099	0.02536	0.01127	0.00845	0.00282	0.00657	0.00939	0.00845	0.01315
9	0.01187	0.00890	0.01335	0.01335	0.01483	0.01038	0.01038	0.01483	0.01335	0.01928	0.02225	0.03264	0.02077	0.06231	0.67512	0.01335	0.02225	0.00890	0.00445	0.00742
10	0.03103	0.03959	0.02354	0.02140	0.02568	0.67469	0.01605	0.03317	0.02354	0.02033	0.01284	0.01498	0.01070	0.00856	0.00749	0.00214	0.01498	0.00535	0.00428	0.00963
11	0.01154	0.00814	0.00891	0.00891	0.00958	0.00780	0.00534	0.01204	0.01373	0.01763	0.04008	0.06050	0.17955	0.54326	0.03450	0.00680	0.00713	0.01339	0.00568	0.00551
12	0.02809	0.26437	0.03021	0.01900	0.02423	0.46047	0.01544	0.03040	0.02132	0.02007	0.01241	0.01443	0.01069	0.00808	0.00677	0.00202	0.01295	0.00505	0.00404	0.00997
13	0.03158	0.02327	0.02493	0.01911	0.02576	0.02576	0.01579	0.62852	0.03906	0.05236	0.01995	0.01995	0.01413	0.00997	0.00831	0.00249	0.00914	0.00748	0.00831	0.01413
14	0.02221	0.71304	0.04353	0.01421	0.02132	0.03287	0.01421	0.02488	0.01688	0.01955	0.01155	0.01333	0.01066	0.00711	0.00533	0.00178	0.00888	0.00444	0.00355	0.01066
15	0.02221	0.71304	0.04353	0.01421	0.02132	0.03287	0.01421	0.02488	0.01688	0.01955	0.01155	0.01333	0.01066	0.00711	0.00533	0.00178	0.00888	0.00444	0.00355	0.01066
16	0.01666	0.04297	0.66500	0.02368	0.03596	0.01929	0.03069	0.02631	0.01754	0.02631	0.01491	0.01754	0.01052	0.00789	0.00789	0.00263	0.01228	0.00614	0.00351	0.01228
17	0.03600	0.01386	0.01887	0.01456	0.02077	0.01199	0.01199	0.03925	0.02376	0.63064	0.06363	0.02996	0.02345	0.01062	0.00843	0.00257	0.00691	0.00869	0.01023	0.01382
18	0.01723	0.01477	0.01723	0.01230	0.01969	0.01107	0.00984	0.02092	0.01723	0.02707	0.01477	0.01723	0.01230	0.00615	0.00615	0.00123	0.00615	0.00492	0.00492	0.75883
19	0.01639	0.00862	0.00871	0.00838	0.01059	0.00876	0.00637	0.05370	0.01864	0.03218	0.02670	0.03035	0.02089	0.00970	0.00595	0.00197	0.00417	0.00773	0.71211	0.00810
20	0.01666	0.04297	0.66500	0.02368	0.03596	0.01929	0.03069	0.02631	0.01754	0.02631	0.01491	0.01754	0.01052	0.00789	0.00789	0.00263	0.01228	0.00614	0.00351	0.01228
21	0.01187	0.00890	0.01335	0.01335	0.01483	0.01038	0.01038	0.01483	0.01335	0.01928	0.02225	0.03264	0.02077	0.06231	0.67512	0.01335	0.02225	0.00890	0.00445	0.00742
22	0.01012	0.00723	0.00964	0.01157	0.01205	0.00675	0.00771	0.01157	0.01591	0.02121	0.04579	0.70262	0.05495	0.02603	0.01060	0.00337	0.00482	0.02362	0.00771	0.00675
23	0.03103	0.03959	0.02354	0.02140	0.02568	0.67469	0.01605	0.03317	0.02354	0.02033	0.01284	0.01498	0.01070	0.00856	0.00749	0.00214	0.01498	0.00535	0.00428	0.00963
24	0.02160	0.63926	0.11197	0.01526	0.02293	0.03138	0.01603	0.02503	0.01695	0.02029	0.01192	0.01379	0.01065	0.00719	0.00561	0.00187	0.00926	0.00463	0.00355	0.01084
25	0.01108	0.00841	0.00967	0.00935	0.01170	0.00745	0.00702	0.01416	0.02105	0.02816	0.35360	0.06850	0.34002	0.01843	0.00957	0.00266	0.00405	0.01576	0.05189	0.00745
26	0.01187	0.00890	0.01335	0.01335	0.01483	0.01038	0.01038	0.01483	0.01335	0.01928	0.02225	0.03264	0.02077	0.06231	0.67512	0.01335	0.02225	0.00890	0.00445	0.00742
27	0.03700	0.01457	0.01955	0.01499	0.02142	0.01285	0.01238	0.06827	0.02450	0.63317	0.03217	0.02788	0.02026	0.01027	0.00835	0.00257	0.00717	0.00831	0.01019	0.01414
28	0.00982	0.00842	0.00842	0.00842	0.01122	0.00701	0.00631	0.01192	0.01894	0.02244	0.08416	0.07995	0.65285	0.02104	0.00982	0.00281	0.00421	0.01753	0.00771	0.00701
29	0.03158	0.02327	0.02493	0.01911	0.02576	0.02576	0.01579	0.62852	0.03906	0.05236	0.01995	0.01995	0.01413	0.00997	0.00831	0.00249	0.00914	0.00748	0.00831	0.01413
30	0.01666	0.04297	0.66500	0.02368	0.03596	0.01929	0.03069	0.02631	0.01754	0.02631	0.01491	0.01754	0.01052	0.00789	0.00789	0.00263	0.01228	0.00614	0.00351	0.01228
31	0.02221	0.71304	0.04353	0.01421	0.02132	0.03287	0.01421	0.02488	0.01688	0.01955	0.01155	0.01333	0.01066	0.00711	0.00533	0.00178	0.00888	0.00444	0.00355	0.01066
32	0.02066	0.01785	0.01878	0.01691	0.02160	0.02066	0.01315	0.04414	0.64121	0.03475	0.03381	0.03099	0.02536	0.01127	0.00845	0.00282	0.00657	0.00939	0.00845	0.01315
33	0.01208	0.00805	0.00906	0.00906	0.00906	0.00805	0.00503	0.01208	0.01208	0.01611	0.02618	0.05436	0.03020	0.70804	0.04228	0.00805	0.00805	0.01208	0.00503	0.00503
34	0.02692	0.01877	0.01995	0.01582	0.02110	0.02054	0.01290	0.45205	0.03279	0.04616	0.02202	0.02314	0.01620	0.00989	0.00759	0.00233	0.00761	0.00756	0.22438	0.01228
35	0.01153	0.00814	0.00890	0.00890	0.00959	0.00780	0.00534	0.01204	0.01375	0.01765	0.04026	0.06058	0.18147	0.54114	0.03440	0.00678	0.00712	0.01341	0.00568	0.00551
36	0.02056	0.01974	0.03372	0.05099	0.65622	0.01974	0.02550	0.02550	0.01892	0.02714	0.01563	0.02056	0.01316	0.00740	0.00822	0.00247	0.00987	0.00740	0.00411	0.01316
37	0.00982	0.00842	0.00842	0.00842	0.01122	0.00701	0.00631	0.01192	0.01894	0.02244	0.08416	0.07995	0.65285	0.02104	0.00982	0.00281	0.00421	0.01753	0.00771	0.00701
38	0.00982	0.00842	0.00842	0.00842	0.01122	0.00701	0.00631	0.01192	0.01894	0.02244	0.08416	0.07995	0.65285	0.02104	0.00982	0.00281	0.00421	0.01753	0.00771	0.00701
39	0.02056	0.01974	0.03372	0.05099	0.65622	0.01974	0.02550	0.02550	0.01892	0.02714	0.01563	0.02056	0.01316	0.00740	0.00822	0.00247	0.00987	0.00740	0.00411	0.01316
40	0.01933	0.02438	0.10800	0.03393	0.04270	0.02084	0.56904	0.02658	0.01941	0.02658	0.01662	0.02194	0.01241	0.00709	0.00962	0.00278	0.01384	0.00945	0.00414	0.01131
41	0.01005	0.00752	0.00934	0.01080	0.01185	0.00681	0.00737	0.01165	0.01664	0.02151	0.05511	0.55134	0.20021	0.02481	0.01041	0.00324	0.00467	0.02214	0.00771	0.00681
42	0.76672	0.01607	0.01221	0.01092	0.01607	0.01864	0.00900	0.02442	0.01414	0.03727	0.01157	0.01350	0.00900	0.00771	0.00514	0.00257	0.00643	0.00450	0.00514	0.00900
43	0.01936	0.03219	0.29192	0.01984	0.02676	0.20645	0.02044	0.02488	0.01832	0.02270	0.01915	0.02322	0.04137	0.02189	0.16996	0.00510	0.01513	0.00708	0.00415	0.01010
44	0.68436	0.01782	0.01355	0.01198	0.01715	0.05724	0.00977	0.05739	0.01602	0.03710	0.01209	0.01393	0.00937	0.00788	0.00545	0.00254	0.00707	0.00471	0.00526	0.00931
45	0.01187	0.00890	0.01335	0.01335	0.01483	0.01038	0.01038	0.01483	0.01335	0.01928	0.02225	0.03264	0.02077	0.06231	0.67512	0.01335	0.02225	0.00890	0.00445	0.00742
46	0.01241	0.00969	0.01439	0.01407	0.01543	0.01167	0.01105	0.01528	0.01330	0.01935	0.02128	0.03140	0.01992	0.05822	0.61971	0.01252	0.07961	0.00876	0.00438	0.00756
47	0.03145	0.02724	0.02459	0.01967	0.02574	0.18342	0.01585	0.48388	0.03529	0.04458	0.01822	0.01874	0.01330	0.00963	0.00811	0.00241	0.01056	0.00696	0.00733	0.01304
48	0.01723	0.01477	0.01723	0.01230	0.01969	0.01107	0.00984	0.02092	0.01723	0.02707	0.01477	0.01723	0.01230	0.00615	0.00615	0.00123	0.00615	0.00492	0.00492	0.75883
49	0.58642	0.01629	0.01384	0.01226	0.01739	0.01865	0.00995	0.02900	0.13127	0.07243	0.01691	0.01759	0.01270	0.00852	0.00594	0.00262	0.00649	0.00563	0.00605	0.01006
50	0.03103	0.03959	0.02354	0.02140	0.02568	0.67469	0.01605	0.03317	0.02354	0.02033	0.01284	0.01498	0.01070	0.00856	0.00749	0.00214	0.01498	0.00535	0.00428	0.00963
51	0.76672	0.01607	0.01221	0.01092	0.01607	0.01864	0.00900	0.02442	0.01414	0.03727	0.01157	0.01350	0.00900	0.00771	0.00514	0.00257	0.00643	0.00450	0.00514	0.00900
52	0.01892	0.01942	0.02533	0.02179	0.02204	0.06327	0.01805	0.02076	0.01335	0.02001	0.01102	0.01799	0.01089	0.01419	0.02611	0.00355	0.65334	0.00716	0.00367	0.00912
53	0.02056	0.01974	0.03372	0.05099	0.65622	0.01974	0.02550	0.02550	0.01892	0.02714	0.01563	0.02056	0.01316	0.00740	0.00822	0.00247	0.00987	0.00740	0.00411	0.01316
54	0.01111	0.00847	0.01021	0.00977	0.01201	0.00756	0.00733	0.01442	0.02199	0.02969	0.46236	0.06803	0.27012	0.01834	0.00980	0.00268	0.00402	0.01586	0.00867	0.00756
55	0.02057	0.01963	0.03287	0.04905	0.62003	0.01979	0.02479	0.02656	0.05441	0.02757	0.01666	0.02116	0.01385	0.00762	0.00824	0.00249	0.00968	0.00752	0.00436	0.01316

[dist]
# distance from previous block
# <min> <max>
0	22

[block]
# block no. 1 follows, 22 sequences, length 110
# corresponding to MSA columns:
# 81-190
name=unknown_B
#
# <colnr> <probs for GDERKNQSTAVLIFYWHMCP>
#	G	D	E	R	K	N	Q	S	T	A	V	L	I	F	Y	W	H	M	C	P
0	0.02302	0.65113	0.04169	0.01488	0.02172	0.09188	0.01438	0.02564	0.01749	0.01962	0.01167	0.01348	0.01066	0.00724	0.00553	0.00181	0.00944	0.00453	0.00362	0.01057
1	0.02036	0.02029	0.03690	0.04767	0.52880	0.02000	0.15037	0.02573	0.01906	0.02703	0.01587	0.02095	0.01304	0.00732	0.00855	0.00254	0.01073	0.00790	0.00413	0.01275
2	0.01005	0.00753	0.00933	0.01078	0.01184	0.00681	0.00736	0.01166	0.01667	0.02152	0.05541	0.54639	0.20496	0.02478	0.01041	0.00323	0.00467	0.02209	0.00771	0.00681
3	0.01723	0.01477	0.01723	0.01230	0.01969	0.01107	0.00984	0.02092	0.01723	0.02707	0.01477	0.01723	0.01230	0.00615	0.00615	0.00123	0.00615	0.00492	0.00492	0.75883
4	0.01187	0.00890	0.01335	0.01335	0.01483	0.01038	0.01038	0.01483	0.01335	0.01928	0.02225	0.03264	0.02077	0.06231	0.67512	0.01335	0.02225	0.00890	0.00445	0.00742
5	0.01022	0.00843	0.00897	0.00884	0.01147	0.00718	0.00663	0.01270	0.01989	0.02470	0.20219	0.07623	0.53340	0.02020	0.00981	0.00277	0.00415	0.01701	0.00801	0.00718
6	0.01530	0.00778	0.00791	0.00788	0.00982	0.00775	0.00591	0.01917	0.01773	0.03109	0.05863	0.03254	0.02417	0.01005	0.00601	0.00197	0.00387	0.00811	0.71656	0.00775
7	0.01666	0.04297	0.66500	0.02368	0.03596	0.01929	0.03069	0.02631	0.01754	0.02631	0.01491	0.01754	0.01052	0.00789	0.00789	0.00263	0.01228	0.00614	0.00351	0.01228
8	0.00994	0.00842	0.00858	0.00854	0.01129	0.00706	0.00640	0.01215	0.01921	0.02311	0.11880	0.07886	0.61779	0.02079	0.00982	0.00279	0.00419	0.01738	0.00780	0.00706
9	0.03727	0.01414	0.01928	0.01478	0.02121	0.01221	0.01221	0.04049	0.02378	0.66198	0.03277	0.02828	0.02056	0.01028	0.00835	0.00257	0.00707	0.00835	0.01028	0.01414
10	0.02699	0.01168	0.01579	0.01333	0.01771	0.01028	0.01048	0.02997	0.02209	0.41460	0.14788	0.17462	0.03821	0.01477	0.00908	0.00275	0.00603	0.01274	0.00954	0.01146
11	0.01971	0.01887	0.03218	0.16272	0.55118	0.01951	0.02507	0.02475	0.01851	0.02610	0.01548	0.02084	0.01279	0.00756	0.00824	0.00252	0.01008	0.00740	0.00404	0.01247
12	0.01619	0.00842	0.00850	0.00824	0.01038	0.00853	0.00625	0.04611	0.01837	0.03191	0.02679	0.03049	0.02098	0.00969	0.00592	0.00196	0.00410	0.00773	0.72141	0.00802
13	0.01339	0.00956	0.01339	0.01530	0.01721	0.00956	0.01339	0.01721	0.01912	0.02486	0.04399	0.09371	0.04781	0.02295	0.01147	0.00382	0.00765	0.60031	0.00765	0.00765
14	0.02026	0.01943	0.03318	0.08987	0.61967	0.01966	0.02535	0.02523	0.01878	0.02678	0.01557	0.02066	0.01303	0.00746	0.00823	0.00249	0.00994	0.00740	0.00409	0.01292
15	0.01728	0.02181	0.16811	0.02032	0.09523	0.01422	0.04723	0.02253	0.01755	0.02662	0.01636	0.04803	0.01388	0.00760	0.00716	0.00186	0.00830	0.00654	0.00460	0.43477
16	0.03036	0.03833	0.02419	0.02329	0.06594	0.63287	0.01665	0.03268	0.02325	0.02077	0.01302	0.01534	0.01086	0.00849	0.00754	0.00216	0.01465	0.00548	0.00427	0.00986
17	0.01666	0.04297	0.66500	0.02368	0.03596	0.01929	0.03069	0.02631	0.01754	0.02631	0.01491	0.01754	0.01052	0.00789	0.00789	0.00263	0.01228	0.00614	0.00351	0.01228
18	0.01176	0.00849	0.01110	0.01045	0.01241	0.00784	0.00784	0.01568	0.02352	0.03331	0.65184	0.06206	0.07839	0.01698	0.00980	0.00261	0.00392	0.01502	0.00914	0.00784
19	0.01754	0.00972	0.00993	0.00919	0.01173	0.01004	0.00708	0.09696	0.02018	0.03370	0.02619	0.02957	0.02038	0.00972	0.00613	0.00201	0.00454	0.00771	0.65914	0.00856
20	0.00982	0.00842	0.00842	0.00842	0.01122	0.00701	0.00631	0.01192	0.01894	0.02244	0.08416	0.07995	0.65285	0.02104	0.00982	0.00281	0.00421	0.01753	0.00771	0.00701
21	0.01048	0.00844	0.00934	0.00911	0.01163	0.00730	0.00683	0.01321	0.02050	0.02617	0.27861	0.07382	0.45608	0.01965	0.00981	0.00274	0.00411	0.01667	0.00820	0.00730
22	0.01961	0.02241	0.04902	0.03501	0.04342	0.02101	0.62605	0.02661	0.01961	0.02661	0.01681	0.02241	0.01261	0.00700	0.00980	0.00280	0.01401	0.00980	0.00420	0.01120
23	0.20368	0.01458	0.01767	0.01390	0.02003	0.01368	0.01148	0.03682	0.02158	0.51946	0.02794	0.02490	0.01793	0.00970	0.00762	0.00257	0.00692	0.00747	0.00911	0.01297
24	0.01723	0.01477	0.01723	0.01230	0.01969	0.01107	0.00984	0.02092	0.01723	0.02707	0.01477	0.01723	0.01230	0.00615	0.00615	0.00123	0.00615	0.00492	0.00492	0.75883
25	0.02057	0.01966	0.03308	0.04953	0.62895	0.01978	0.02496	0.02630	0.04566	0.02747	0.01641	0.02101	0.01368	0.00757	0.00823	0.00248	0.00973	0.00749	0.00430	0.01316
26	0.01824	0.17209	0.02185	0.01384	0.01804	0.01667	0.03784	0.11107	0.02130	0.06577	0.07041	0.20863	0.16016	0.01597	0.00868	0.00264	0.00678	0.01355	0.00693	0.00952
27	0.01208	0.00805	0.00906	0.00906	0.00906	0.00805	0.00503	0.01208	0.01208	0.01611	0.02618	0.05436	0.03020	0.70804	0.04228	0.00805	0.00805	0.01208	0.00503	0.00503
28	0.02119	0.01781	0.02321	0.02708	0.22173	0.01895	0.01680	0.16544	0.18267	0.03399	0.03055	0.06708	0.07708	0.01207	0.00876	0.00272	0.00797	0.04582	0.00690	0.01218
29	0.01971	0.01887	0.03218	0.16272	0.55118	0.01951	0.02507	0.02475	0.01851	0.02610	0.01548	0.02084	0.01279	0.00756	0.00824	0.00252	0.01008	0.00740	0.00404	0.01247
30	0.01198	0.01003	0.01062	0.01019	0.01318	0.00947	0.00772	0.01802	0.12549	0.02632	0.16873	0.06869	0.45191	0.01871	0.00958	0.00278	0.00456	0.01574	0.00807	0.00819
31	0.01208	0.00805	0.00906	0.00906	0.00906	0.00805	0.00503	0.01208	0.01208	0.01611	0.02618	0.05436	0.03020	0.70804	0.04228	0.00805	0.00805	0.01208	0.00503	0.00503
32	0.02216	0.02023	0.02918	0.20228	0.34343	0.05372	0.02239	0.15020	0.02276	0.03056	0.01617	0.02055	0.01271	0.00822	0.00823	0.00253	0.01028	0.00731	0.00489	0.01220
33	0.03103	0.03959	0.02354	0.02140	0.02568	0.67469	0.01605	0.03317	0.02354	0.02033	0.01284	0.01498	0.01070	0.00856	0.00749	0.00214	0.01498	0.00535	0.00428	0.00963
34	0.03158	0.02327	0.02493	0.01911	0.02576	0.02576	0.01579	0.62852	0.03906	0.05236	0.01995	0.01995	0.01413	0.00997	0.00831	0.00249	0.00914	0.00748	0.00831	0.01413
35	0.01666	0.04297	0.66500	0.02368	0.03596	0.01929	0.03069	0.02631	0.01754	0.02631	0.01491	0.01754	0.01052	0.00789	0.00789	0.00263	0.01228	0.00614	0.00351	0.01228
36	0.01709	0.01622	0.02803	0.20278	0.28138	0.01681	0.09385	0.02210	0.01922	0.02640	0.13074	0.03160	0.05775	0.00998	0.00880	0.00263	0.00934	0.00956	0.00509	0.01066
37	0.01833	0.01738	0.02846	0.04214	0.52211	0.01709	0.02151	0.02267	0.01892	0.02616	0.02988	0.03291	0.14617	0.01024	0.00856	0.00254	0.00869	0.00951	0.00486	0.01188
38	0.02708	0.02581	0.02288	0.07808	0.02714	0.23136	0.01578	0.20079	0.13483	0.05987	0.01953	0.02064	0.01477	0.00969	0.00894	0.00247	0.04503	0.00705	0.00635	0.04193
39	0.02056	0.01974	0.03372	0.05099	0.65622	0.01974	0.02550	0.02550	0.01892	0.02714	0.01563	0.02056	0.01316	0.00740	0.00822	0.00247	0.00987	0.00740	0.00411	0.01316
40	0.01187	0.00890	0.01335	0.01335	0.01483	0.01038	0.01038	0.01483	0.01335	0.01928	0.02225	0.03264	0.02077	0.06231	0.67512	0.01335	0.02225	0.00890	0.00445	0.00742
41	0.02221	0.71304	0.04353	0.01421	0.02132	0.03287	0.01421	0.02488	0.01688	0.01955	0.01155	0.01333	0.01066	0.00711	0.00533	0.00178	0.00888	0.00444	0.00355	0.01066
42	0.01934	0.01849	0.03152	0.21040	0.50634	0.01942	0.02489	0.02443	0.01834	0.02566	0.01541	0.02096	0.01264	0.00763	0.00824	0.00254	0.01017	0.00740	0.00401	0.01218
43	0.02058	0.01931	0.03031	0.04322	0.51145	0.01995	0.02268	0.02975	0.16088	0.02888	0.01978	0.02294	0.01594	0.00828	0.00828	0.00255	0.00912	0.00786	0.00510	0.01316
44	0.01798	0.15467	0.41025	0.02159	0.03017	0.02307	0.02495	0.02462	0.01632	0.02368	0.01341	0.01695	0.01063	0.00927	0.01186	0.00271	0.16694	0.00610	0.00354	0.01127
45	0.02888	0.03507	0.02255	0.02047	0.02483	0.53870	0.01545	0.03545	0.15197	0.02333	0.01720	0.01831	0.01375	0.00912	0.00769	0.00228	0.01323	0.00619	0.00515	0.01036
46	0.01208	0.00805	0.00906	0.00906	0.00906	0.00805	0.00503	0.01208	0.01208	0.01611	0.02618	0.05436	0.03020	0.70804	0.04228	0.00805	0.00805	0.01208	0.00503	0.00503
47	0.01777	0.01689	0.02868	0.41570	0.31332	0.01900	0.02411	0.02305	0.01760	0.02375	0.01513	0.02147	0.01197	0.00792	0.00827	0.00264	0.01056	0.00739	0.00387	0.01091
48	0.01904	0.01386	0.04694	0.04266	0.01943	0.01294	0.01176	0.02822	0.18216	0.14567	0.32309	0.04411	0.04815	0.01349	0.00904	0.00267	0.00588	0.01161	0.00866	0.01061
49	0.02613	0.02978	0.36099	0.01967	0.02920	0.01654	0.02214	0.05835	0.02114	0.29953	0.02277	0.02224	0.01498	0.00901	0.00811	0.00260	0.00991	0.00714	0.00661	0.01315
50	0.01208	0.00805	0.00906	0.00906	0.00906	0.00805	0.00503	0.01208	0.01208	0.01611	0.02618	0.05436	0.03020	0.70804	0.04228	0.00805	0.00805	0.01208	0.00503	0.00503
51	0.02056	0.01974	0.03372	0.05099	0.65622	0.01974	0.02550	0.02550	0.01892	0.02714	0.01563	0.02056	0.01316	0.00740	0.00822	0.00247	0.00987	0.00740	0.00411	0.01316
52	0.02056	0.01974	0.03372	0.05099	0.65622	0.01974	0.02550	0.02550	0.01892	0.02714	0.01563	0.02056	0.01316	0.00740	0.00822	0.00247	0.00987	0.00740	0.00411	0.01316
53	0.39153	0.01609	0.01647	0.01339	0.01921	0.01684	0.01105	0.09812	0.02079	0.29019	0.02103	0.02016	0.01422	0.00900	0.00679	0.00256	0.00699	0.00638	0.00756	0.01164
54	0.01012	0.00723	0.00964	0.01157	0.01205	0.00675	0.00771	0.01157	0.01591	0.02121	0.04579	0.70262	0.05495	0.02603	0.01060	0.00337	0.00482	0.02362	0.00771	0.00675
55	0.01618	0.01573	0.02797	0.60536	0.05547	0.01878	0.09944	0.02191	0.01699	0.02191	0.01502	0.02218	0.01127	0.00814	0.00850	0.00277	0.01145	0.00769	0.00376	0.00948
56	0.01207	0.00810	0.00929	0.00929	0.00937	0.00818	0.00532	0.01223	0.01215	0.01628	0.02597	0.05322	0.02970	0.67397	0.07567	0.00833	0.00880	0.01191	0.00500	0.00516
57	0.02056	0.01974	0.03372	0.05099	0.65622	0.01974	0.02550	0.02550	0.01892	0.02714	0.01563	0.02056	0.01316	0.00740	0.00822	0.00247	0.00987	0.00740	0.00411	0.01316
58	0.01981	0.02185	0.04584	0.03834	0.17084	0.02074	0.50118	0.02638	0.01946	0.02672	0.01656	0.02202	0.01272	0.00709	0.00948	0.00273	0.01315	0.00930	0.00418	0.01161
59	0.02056	0.01974	0.03372	0.05099	0.65622	0.01974	0.02550	0.02550	0.01892	0.02714	0.01563	0.02056	0.01316	0.00740	0.00822	0.00247	0.00987	0.00740	0.00411	0.01316
60	0.01549	0.00774	0.00774	0.00774	0.00968	0.00774	0.00581	0.01936	0.01742	0.03097	0.02710	0.03097	0.02129	0.00968	0.00581	0.00194	0.00387	0.00774	0.75416	0.00774
61	0.01158	0.00841	0.01090	0.01043	0.01234	0.00774	0.00777	0.01527	0.02286	0.03212	0.59084	0.10190	0.10125	0.01771	0.00985	0.00267	0.00399	0.01565	0.00900	0.00774
62	0.01885	0.26365	0.40280	0.02294	0.08574	0.02385	0.02476	0.02576	0.01744	0.02413	0.01386	0.01641	0.01080	0.00759	0.00707	0.00233	0.01094	0.00569	0.00358	0.01182
63	0.01918	0.02092	0.08801	0.04368	0.50356	0.01862	0.06255	0.02440	0.01884	0.02660	0.02189	0.02583	0.07129	0.00866	0.00844	0.00253	0.00983	0.00837	0.00439	0.01240
64	0.01187	0.00890	0.01335	0.01335	0.01483	0.01038	0.01038	0.01483	0.01335	0.01928	0.02225	0.03264	0.02077	0.06231	0.67512	0.01335	0.02225	0.00890	0.00445	0.00742
65	0.02292	0.01699	0.01857	0.01555	0.02008	0.01815	0.01237	0.37468	0.03000	0.03967	0.03596	0.14492	0.12738	0.04448	0.01051	0.00298	0.00752	0.03823	0.00795	0.01110
66	0.02838	0.02059	0.02365	0.17106	0.03200	0.06125	0.01676	0.33154	0.05693	0.14252	0.02104	0.02200	0.01477	0.00961	0.00827	0.00256	0.00949	0.00755	0.00734	0.01269
67	0.01399	0.16936	0.01877	0.01217	0.01494	0.01457	0.00990	0.01633	0.01513	0.01962	0.03155	0.04196	0.12523	0.13934	0.28789	0.00776	0.01344	0.03530	0.00501	0.00774
68	0.02160	0.01754	0.02007	0.01496	0.02165	0.01641	0.01216	0.20355	0.02350	0.03422	0.01608	0.01810	0.01276	0.00784	0.00815	0.00176	0.05090	0.00584	0.00586	0.48704
69	0.01784	0.01547	0.01484	0.01385	0.01734	0.08649	0.01059	0.05748	0.19610	0.05529	0.07766	0.13208	0.21710	0.01635	0.00919	0.00281	0.00665	0.03538	0.00775	0.00975
70	0.01260	0.00876	0.01090	0.01021	0.01258	0.00787	0.00771	0.01607	0.02248	0.06256	0.49109	0.06443	0.20652	0.01757	0.00973	0.00265	0.00414	0.01526	0.00888	0.00797
71	0.02527	0.02516	0.04817	0.06538	0.11168	0.24657	0.01653	0.05215	0.09073	0.10808	0.02160	0.08068	0.01806	0.01037	0.00812	0.00246	0.01046	0.00830	0.00591	0.04431
72	0.01925	0.01934	0.03238	0.03080	0.17330	0.04511	0.23621	0.02840	0.14923	0.02701	0.02083	0.02515	0.01666	0.01700	0.11669	0.00441	0.01287	0.00884	0.00512	0.01138
73	0.01104	0.00783	0.01033	0.01131	0.01190	0.00792	0.00762	0.01245	0.01432	0.01943	0.03526	0.37912	0.04063	0.21385	0.17054	0.00688	0.00965	0.01722	0.00626	0.00645
74	0.02038	0.02023	0.03656	0.04803	0.54257	0.01997	0.13688	0.02570	0.01904	0.02704	0.01585	0.02090	0.01306	0.00733	0.00852	0.00253	0.01064	0.00785	0.00413	0.01280
75	0.10227	0.01729	0.02639	0.34492	0.24623	0.01954	0.02166	0.07649	0.01907	0.02769	0.01515	0.02047	0.01180	0.00809	0.00793	0.00262	0.00999	0.00708	0.00440	0.01092
76	0.00998	0.00847	0.00864	0.00872	0.01149	0.00713	0.00663	0.01216	0.01894	0.02255	0.08236	0.08056	0.62581	0.02112	0.00989	0.00285	0.00436	0.04358	0.00771	0.00704
77	0.02034	0.01952	0.03333	0.07947	0.62945	0.01968	0.02539	0.02530	0.01881	0.02688	0.01559	0.02063	0.01307	0.00744	0.00823	0.00248	0.00992	0.00740	0.00409	0.01298
78	0.01000	0.00771	0.00915	0.01029	0.01171	0.00685	0.00715	0.01171	0.01713	0.02171	0.06129	0.45103	0.29653	0.02401	0.01029	0.00314	0.00457	0.02116	0.00771	0.00685
79	0.03139	0.02903	0.02444	0.01992	0.02573	0.25484	0.01588	0.41836	0.03358	0.04105	0.01744	0.01819	0.01292	0.00947	0.00802	0.00237	0.01120	0.00673	0.00689	0.01254
80	0.03158	0.02327	0.02493	0.01911	0.02576	0.02576	0.01579	0.62852	0.03906	0.05236	0.01995	0.01995	0.01413	0.00997	0.00831	0.00249	0.00914	0.00748	0.00831	0.01413
81	0.02968	0.03760	0.02258	0.02057	0.02476	0.63206	0.01543	0.03182	0.02325	0.02047	0.01739	0.01913	0.05170	0.00936	0.00764	0.00218	0.01429	0.00613	0.00450	0.00946
82	0.02247	0.63826	0.07355	0.01513	0.02232	0.07136	0.01516	0.02545	0.01732	0.01993	0.01180	0.01364	0.01066	0.00724	0.00559	0.00184	0.00943	0.00458	0.00360	0.01068
83	0.01062	0.00845	0.00953	0.00926	0.01172	0.00736	0.00695	0.01348	0.02084	0.02696	0.31984	0.07252	0.41435	0.01936	0.00981	0.00273	0.00409	0.01649	0.00831	0.00736
84	0.02206	0.02946	0.16979	0.03756	0.34942	0.16911	0.05158	0.02747	0.01970	0.02538	0.01489	0.01871	0.01200	0.00776	0.00806	0.00244	0.01175	0.00677	0.00402	0.01207
85	0.01021	0.00727	0.00961	0.01146	0.01192	0.00681	0.00759	0.01159	0.01574	0.02098	0.04492	0.67387	0.05385	0.05628	0.01201	0.00358	0.00496	0.02311	0.00759	0.00667
86	0.01012	0.00723	0.00964	0.01157	0.01205	0.00675	0.00771	0.01157	0.01591	0.02121	0.04579	0.70262	0.05495	0.02603	0.01060	0.00337	0.00482	0.02362	0.00771	0.00675
87	0.01110	0.00803	0.01057	0.01151	0.01281	0.00751	0.00843	0.01375	0.01911	0.02592	0.25605	0.36901	0.09361	0.02225	0.01040	0.00314	0.00485	0.09650	0.00820	0.00726
88	0.01670	0.01580	0.02675	0.55562	0.18175	0.01872	0.02358	0.02211	0.01709	0.02246	0.01494	0.02182	0.01151	0.00812	0.00829	0.00271	0.01082	0.00739	0.00378	0.01005
89	0.02025	0.01942	0.03316	0.09167	0.61798	0.01966	0.02534	0.02522	0.01877	0.02676	0.01557	0.02066	0.01303	0.00746	0.00823	0.00249	0.00995	0.00740	0.00409	0.01291
90	0.01924	0.01826	0.02935	0.20969	0.34294	0.02083	0.02295	0.04739	0.01783	0.02512	0.01459	0.02045	0.01219	0.00922	0.01221	0.00279	0.15216	0.00737	0.00407	0.01133
91	0.02022	0.01976	0.03483	0.08140	0.56394	0.01980	0.08630	0.02539	0.01887	0.02679	0.01570	0.02083	0.01300	0.00741	0.00839	0.00252	0.01035	0.00764	0.00410	0.01276
92	0.01427	0.01426	0.01480	0.01490	0.04356	0.11148	0.04863	0.01662	0.01878	0.02221	0.05435	0.25091	0.30545	0.01913	0.00963	0.00286	0.00693	0.01655	0.00680	0.00787
93	0.02147	0.02270	0.02598	0.09103	0.29247	0.19432	0.01954	0.02630	0.05029	0.02383	0.01685	0.02178	0.01423	0.01735	0.12180	0.00428	0.01330	0.00720	0.00440	0.01088
94	0.02501	0.02478	0.02911	0.06972	0.35009	0.17135	0.02119	0.15243	0.02405	0.03052	0.01584	0.01923	0.01269	0.00825	0.00808	0.00241	0.01095	0.00695	0.00500	0.01235
95	0.05574	0.09651	0.14865	0.02300	0.08254	0.26368	0.04828	0.03111	0.04843	0.10133	0.01685	0.01843	0.01275	0.00841	0.00759	0.00236	0.01171	0.00632	0.00499	0.01130
96	0.02712	0.09474	0.02607	0.11262	0.08803	0.39521	0.01734	0.03100	0.04769	0.06259	0.01540	0.01784	0.01223	0.00851	0.00756	0.00228	0.01255	0.00609	0.00468	0.01044
97	0.02316	0.08417	0.02600	0.23547	0.09239	0.28990	0.01842	0.02682	0.01976	0.02180	0.01378	0.01785	0.01119	0.00803	0.00751	0.00226	0.01194	0.00607	0.00408	0.07941
98	0.02323	0.20418	0.10396	0.02722	0.19554	0.15961	0.01947	0.05623	0.08659	0.02563	0.01606	0.01829	0.01305	0.00815	0.00732	0.00228	0.01057	0.00629	0.00459	0.01173
99	0.11446	0.02572	0.25256	0.05866	0.15940	0.01797	0.02127	0.02639	0.09691	0.02906	0.06872	0.02600	0.04917	0.00954	0.00794	0.00263	0.00920	0.00789	0.00511	0.01140
100	0.02770	0.07481	0.02606	0.02554	0.13399	0.45436	0.01726	0.06041	0.02258	0.02302	0.01410	0.01703	0.01183	0.01118	0.04275	0.00278	0.01381	0.00594	0.00442	0.01041
101	0.01822	0.06517	0.11290	0.02669	0.21753	0.04696	0.01835	0.04983	0.04570	0.02602	0.03187	0.03353	0.16380	0.01151	0.00976	0.00257	0.06253	0.00931	0.00522	0.04253
102	0.02503	0.30501	0.06921	0.02073	0.02719	0.28551	0.10879	0.02851	0.01998	0.02129	0.01304	0.01559	0.01097	0.00771	0.00700	0.00212	0.01227	0.00571	0.00394	0.01042
103	0.01653	0.02261	0.20511	0.02237	0.11185	0.01608	0.05046	0.02634	0.14910	0.02970	0.18283	0.03614	0.07208	0.01159	0.00876	0.00266	0.00824	0.01013	0.00634	0.01108
104	0.08401	0.01600	0.08806	0.05849	0.05284	0.01355	0.01350	0.04564	0.07431	0.11040	0.24688	0.04142	0.09549	0.01291	0.00865	0.00264	0.00666	0.01088	0.00749	0.01019
105	0.02105	0.02780	0.14467	0.03373	0.20400	0.14057	0.22054	0.02683	0.01976	0.02536	0.01834	0.02219	0.03977	0.00816	0.00862	0.00256	0.01234	0.00803	0.00422	0.01145
106	0.01543	0.01578	0.06037	0.05386	0.21414	0.01424	0.01551	0.02222	0.11154	0.02591	0.04814	0.04789	0.29366	0.01400	0.00894	0.00269	0.00712	0.01203	0.00627	0.01025
107	0.02394	0.13753	0.02905	0.02874	0.23758	0.16253	0.01805	0.10650	0.06164	0.02804	0.01686	0.01973	0.01380	0.01065	0.03627	0.00276	0.01078	0.00669	0.03723	0.01163
108	0.03104	0.02402	0.02211	0.04686	0.02500	0.20165	0.01470	0.22403	0.05423	0.20488	0.02157	0.02163	0.01528	0.01050	0.00919	0.03655	0.01009	0.00719	0.00732	0.01215
109	0.02554	0.16888	0.02545	0.01659	0.02258	0.24219	0.01353	0.05481	0.06064	0.08072	0.01647	0.01762	0.01306	0.00802	0.00687	0.00193	0.00995	0.00566	0.00526	0.20424

[dist]
# distance from previous block
# <min> <max>
5	49

[block]
# block no. 2 follows, 22 sequences, length 135
# corresponding to MSA columns:
# 242-376
name=unknown_C
#
# <colnr> <probs for GDERKNQSTAVLIFYWHMCP>
#	G	D	E	R	K	N	Q	S	T	A	V	L	I	F	Y	W	H	M	C	P
0	0.20176	0.02384	0.25305	0.01899	0.05775	0.01562	0.04467	0.02157	0.01639	0.02763	0.02308	0.21392	0.02315	0.01300	0.00809	0.00283	0.00862	0.01099	0.00519	0.00987
1	0.08861	0.05742	0.18562	0.02034	0.05459	0.10912	0.01871	0.19421	0.02380	0.03340	0.01599	0.01814	0.01218	0.00886	0.00852	0.00243	0.04850	0.00633	0.04144	0.05179
2	0.02027	0.22005	0.05452	0.01379	0.01877	0.05052	0.01243	0.12801	0.02168	0.02919	0.02777	0.03331	0.08759	0.01124	0.00722	0.00229	0.00756	0.05927	0.18457	0.00994
3	0.01755	0.14861	0.02988	0.01940	0.02540	0.01765	0.18749	0.02246	0.04504	0.02468	0.02258	0.14565	0.02205	0.01120	0.00820	0.00237	0.00878	0.03876	0.00524	0.19701
4	0.02565	0.03079	0.02640	0.02272	0.02590	0.39638	0.06977	0.02811	0.01951	0.02076	0.01253	0.01672	0.01094	0.01047	0.01444	0.00271	0.24618	0.00639	0.00405	0.00958
5	0.05537	0.02992	0.29295	0.03057	0.21446	0.04778	0.05687	0.02892	0.10997	0.02808	0.01775	0.02036	0.01353	0.00822	0.00802	0.00260	0.01066	0.00707	0.00456	0.01233
6	0.02287	0.02376	0.01808	0.01765	0.05048	0.29118	0.01273	0.02979	0.14190	0.02617	0.02413	0.02595	0.04464	0.01221	0.03666	0.00276	0.01018	0.00752	0.19154	0.00981
7	0.02177	0.04789	0.02122	0.01804	0.04965	0.02061	0.01381	0.20900	0.21681	0.03465	0.03023	0.03165	0.08829	0.04490	0.04363	0.00347	0.07638	0.00929	0.00710	0.01163
8	0.01659	0.08734	0.28938	0.02355	0.05928	0.01799	0.15447	0.02291	0.01779	0.02494	0.05047	0.12015	0.02166	0.04443	0.01024	0.00295	0.01058	0.01006	0.00464	0.01059
9	0.01768	0.01298	0.01507	0.01345	0.01594	0.01425	0.00991	0.17055	0.07507	0.02773	0.02423	0.03775	0.02318	0.29582	0.20221	0.00763	0.01204	0.00982	0.00600	0.00869
10	0.01012	0.00723	0.00964	0.01157	0.01205	0.00675	0.00771	0.01157	0.01591	0.02121	0.04579	0.70262	0.05495	0.02603	0.01060	0.00337	0.00482	0.02362	0.00771	0.00675
11	0.02088	0.02088	0.05850	0.02635	0.17458	0.05195	0.04244	0.03749	0.40412	0.03145	0.02675	0.02666	0.02042	0.00986	0.00838	0.00269	0.00838	0.00857	0.00678	0.01285
12	0.01050	0.00792	0.01034	0.04353	0.01433	0.00750	0.00849	0.01238	0.01665	0.02162	0.05106	0.52756	0.15916	0.02413	0.01040	0.00327	0.00516	0.05153	0.00752	0.00696
13	0.01897	0.24991	0.35200	0.02286	0.03277	0.02389	0.13901	0.02592	0.01773	0.02424	0.01421	0.01714	0.01096	0.00748	0.00745	0.00239	0.01154	0.00630	0.00365	0.01156
14	0.02160	0.63943	0.11180	0.01525	0.02293	0.03138	0.01602	0.02503	0.01695	0.02029	0.01192	0.01379	0.01065	0.00719	0.00561	0.00187	0.00926	0.00463	0.00355	0.01084
15	0.00993	0.00842	0.00857	0.00853	0.01129	0.00706	0.00640	0.01213	0.01919	0.02305	0.11605	0.07894	0.62058	0.02081	0.00982	0.00279	0.00419	0.01739	0.00779	0.00706
16	0.03103	0.03959	0.02354	0.02140	0.02568	0.67469	0.01605	0.03317	0.02354	0.02033	0.01284	0.01498	0.01070	0.00856	0.00749	0.00214	0.01498	0.00535	0.00428	0.00963
17	0.02860	0.13817	0.02669	0.02037	0.02469	0.52238	0.01596	0.03079	0.02161	0.02018	0.01248	0.01501	0.01071	0.00887	0.00889	0.00222	0.07316	0.00538	0.00412	0.00974
18	0.01082	0.00777	0.01027	0.01109	0.01220	0.00721	0.00777	0.01333	0.01916	0.02639	0.30522	0.42841	0.06498	0.02216	0.01026	0.00305	0.00443	0.01994	0.00833	0.00721
19	0.01815	0.01727	0.02936	0.36668	0.35940	0.01910	0.02429	0.02338	0.01777	0.02421	0.01520	0.02135	0.01213	0.00785	0.00826	0.00262	0.01047	0.00739	0.00390	0.01121
20	0.01187	0.00890	0.01335	0.01335	0.01483	0.01038	0.01038	0.01483	0.01335	0.01928	0.02225	0.03264	0.02077	0.06231	0.67512	0.01335	0.02225	0.00890	0.00445	0.00742
21	0.02024	0.02123	0.06608	0.04740	0.53904	0.01990	0.11153	0.02569	0.01895	0.02702	0.01576	0.02068	0.01295	0.00737	0.00843	0.00252	0.01058	0.00768	0.00410	0.01284
22	0.01202	0.00854	0.00990	0.00988	0.01017	0.00874	0.00606	0.01243	0.01306	0.01732	0.03223	0.11232	0.08616	0.55125	0.03584	0.00695	0.04279	0.01334	0.00544	0.00557
23	0.01031	0.00731	0.00958	0.01133	0.01176	0.00687	0.00746	0.01162	0.01554	0.02072	0.04391	0.64066	0.05258	0.09122	0.01363	0.00382	0.00513	0.02251	0.00746	0.00658
24	0.02273	0.02493	0.05907	0.03657	0.36458	0.16605	0.02129	0.03080	0.13852	0.02703	0.01844	0.02116	0.01481	0.00842	0.00809	0.00247	0.01050	0.00726	0.00495	0.01233
25	0.01737	0.03806	0.51783	0.02639	0.03774	0.01970	0.17293	0.02638	0.01803	0.02638	0.01536	0.01870	0.01102	0.00768	0.00835	0.00267	0.01269	0.00701	0.00367	0.01202
26	0.02119	0.18368	0.22742	0.02533	0.14624	0.08037	0.02152	0.05805	0.10831	0.02689	0.01705	0.01898	0.01336	0.00827	0.00745	0.00239	0.01033	0.00646	0.00464	0.01206
27	0.01907	0.32332	0.37276	0.01961	0.02912	0.02530	0.02316	0.02540	0.01703	0.02316	0.01330	0.01580	0.01060	0.00789	0.00776	0.00232	0.04396	0.00548	0.00353	0.01144
28	0.01041	0.00751	0.00986	0.01123	0.01208	0.00696	0.00768	0.01233	0.01741	0.02346	0.15761	0.56041	0.08388	0.02418	0.01042	0.00321	0.00463	0.02180	0.00797	0.00696
29	0.01956	0.01168	0.01210	0.01062	0.01375	0.01231	0.00834	0.17367	0.02290	0.03639	0.02529	0.02818	0.01948	0.00975	0.00644	0.00208	0.00521	0.00768	0.56523	0.00936
30	0.02066	0.01785	0.01878	0.01691	0.02160	0.02066	0.01315	0.04414	0.64121	0.03475	0.03381	0.03099	0.02536	0.01127	0.00845	0.00282	0.00657	0.00939	0.00845	0.01315
31	0.01193	0.00867	0.01218	0.01218	0.01327	0.00975	0.00893	0.01409	0.01301	0.01842	0.02332	0.03854	0.02333	0.23782	0.50311	0.01191	0.01839	0.00977	0.00461	0.00677
32	0.01158	0.00848	0.01086	0.01026	0.01230	0.00776	0.00770	0.01533	0.02309	0.03231	0.59957	0.06370	0.13128	0.01736	0.00980	0.00263	0.00395	0.01525	0.00901	0.00776
33	0.01086	0.00846	0.00986	0.00951	0.01186	0.00746	0.00713	0.01394	0.02140	0.02829	0.38953	0.07032	0.34383	0.01886	0.00981	0.00270	0.00405	0.01618	0.00848	0.00746
34	0.01187	0.00890	0.01335	0.01335	0.01483	0.01038	0.01038	0.01483	0.01335	0.01928	0.02225	0.03264	0.02077	0.06231	0.67512	0.01335	0.02225	0.00890	0.00445	0.00742
35	0.01012	0.00723	0.00964	0.01157	0.01205	0.00675	0.00771	0.01157	0.01591	0.02121	0.04579	0.70262	0.05495	0.02603	0.01060	0.00337	0.00482	0.02362	0.00771	0.00675
36	0.02056	0.01974	0.03372	0.05099	0.65622	0.01974	0.02550	0.02550	0.01892	0.02714	0.01563	0.02056	0.01316	0.00740	0.00822	0.00247	0.00987	0.00740	0.00411	0.01316
37	0.01786	0.18777	0.53071	0.02163	0.03279	0.02223	0.02713	0.02600	0.01740	0.02485	0.01418	0.01663	0.01055	0.00772	0.00734	0.00245	0.01154	0.00577	0.00352	0.01193
38	0.01203	0.00826	0.01012	0.01012	0.01049	0.00863	0.00635	0.01276	0.01239	0.01689	0.02521	0.04900	0.02787	0.54864	0.19851	0.00936	0.01156	0.01130	0.00489	0.00562
39	0.02064	0.01970	0.01985	0.21025	0.05702	0.17952	0.01554	0.07621	0.02022	0.02593	0.01835	0.02322	0.01468	0.01471	0.08079	0.00355	0.01145	0.00713	0.17182	0.00939
40	0.01569	0.01477	0.02492	0.68808	0.05722	0.01846	0.02307	0.02123	0.01661	0.02123	0.01477	0.02215	0.01107	0.00831	0.00831	0.00277	0.01107	0.00738	0.00369	0.00923
41	0.01294	0.00875	0.01148	0.01065	0.01282	0.00804	0.00804	0.01683	0.02353	0.06250	0.62310	0.06049	0.07570	0.01667	0.00973	0.00261	0.00407	0.01471	0.00920	0.00813
42	0.02197	0.68368	0.07077	0.01463	0.02196	0.03228	0.01494	0.02494	0.01691	0.01984	0.01170	0.01351	0.01065	0.00714	0.00544	0.00181	0.00903	0.00452	0.00355	0.01073
43	0.01366	0.01080	0.01138	0.01071	0.01408	0.01035	0.00819	0.02067	0.15825	0.05680	0.09619	0.06570	0.45598	0.01815	0.00944	0.00279	0.00486	0.01516	0.00807	0.00877
44	0.01012	0.00723	0.00964	0.01157	0.01205	0.00675	0.00771	0.01157	0.01591	0.02121	0.04579	0.70262	0.05495	0.02603	0.01060	0.00337	0.00482	0.02362	0.00771	0.00675
45	0.03103	0.03959	0.02354	0.02140	0.02568	0.67469	0.01605	0.03317	0.02354	0.02033	0.01284	0.01498	0.01070	0.00856	0.00749	0.00214	0.01498	0.00535	0.00428	0.00963
46	0.02177	0.65148	0.07223	0.01499	0.02204	0.03191	0.01517	0.02473	0.01673	0.01989	0.01168	0.01373	0.01066	0.00746	0.00639	0.00190	0.03836	0.00464	0.00355	0.01067
47	0.02192	0.67844	0.07562	0.01470	0.02208	0.03217	0.01507	0.02495	0.01691	0.01989	0.01172	0.01354	0.01065	0.00715	0.00546	0.00182	0.00906	0.00453	0.00355	0.01074
48	0.02106	0.02105	0.03208	0.10273	0.55018	0.07672	0.02447	0.02580	0.01912	0.02604	0.01531	0.02021	0.01277	0.00758	0.00817	0.00246	0.01042	0.00722	0.00409	0.01252
49	0.02066	0.01785	0.01878	0.01691	0.02160	0.02066	0.01315	0.04414	0.64121	0.03475	0.03381	0.03099	0.02536	0.01127	0.00845	0.00282	0.00657	0.00939	0.00845	0.01315
50	0.00982	0.00842	0.00842	0.00842	0.01122	0.00701	0.00631	0.01192	0.01894	0.02244	0.08416	0.07995	0.65285	0.02104	0.00982	0.00281	0.00421	0.01753	0.00771	0.00701
51	0.01122	0.00964	0.00976	0.00951	0.01256	0.00878	0.00720	0.01609	0.09940	0.02403	0.07765	0.07362	0.57171	0.01978	0.00964	0.00281	0.00451	0.01648	0.00781	0.00781
52	0.02056	0.01974	0.03372	0.05099	0.65622	0.01974	0.02550	0.02550	0.01892	0.02714	0.01563	0.02056	0.01316	0.00740	0.00822	0.00247	0.00987	0.00740	0.00411	0.01316
53	0.01666	0.04297	0.66500	0.02368	0.03596	0.01929	0.03069	0.02631	0.01754	0.02631	0.01491	0.01754	0.01052	0.00789	0.00789	0.00263	0.01228	0.00614	0.00351	0.01228
54	0.01112	0.00847	0.01023	0.00979	0.01202	0.00757	0.00734	0.01445	0.02202	0.02976	0.46645	0.06790	0.26599	0.01831	0.00980	0.00268	0.00401	0.01584	0.00868	0.00757
55	0.01068	0.00854	0.00970	0.01024	0.01258	0.00755	0.00797	0.01317	0.01894	0.02342	0.10415	0.14244	0.43944	0.02169	0.01023	0.00306	0.00495	0.13631	0.00778	0.00716
56	0.02114	0.02208	0.02920	0.23152	0.36065	0.14454	0.02298	0.02571	0.01913	0.02411	0.01484	0.01996	0.01208	0.00789	0.00811	0.00249	0.01120	0.00700	0.00402	0.01134
57	0.01666	0.04297	0.66500	0.02368	0.03596	0.01929	0.03069	0.02631	0.01754	0.02631	0.01491	0.01754	0.01052	0.00789	0.00789	0.00263	0.01228	0.00614	0.00351	0.01228
58	0.76672	0.01607	0.01221	0.01092	0.01607	0.01864	0.00900	0.02442	0.01414	0.03727	0.01157	0.01350	0.00900	0.00771	0.00514	0.00257	0.00643	0.00450	0.00514	0.00900
59	0.01979	0.02426	0.15816	0.04399	0.50381	0.01969	0.02595	0.02652	0.04753	0.02733	0.01633	0.02045	0.01320	0.00768	0.00817	0.00252	0.01019	0.00724	0.00419	0.01298
60	0.76672	0.01607	0.01221	0.01092	0.01607	0.01864	0.00900	0.02442	0.01414	0.03727	0.01157	0.01350	0.00900	0.00771	0.00514	0.00257	0.00643	0.00450	0.00514	0.00900
61	0.01025	0.00843	0.00902	0.00887	0.01149	0.00720	0.00665	0.01276	0.01996	0.02487	0.21084	0.07596	0.52465	0.02013	0.00981	0.00276	0.00414	0.01697	0.00803	0.00720
62	0.01220	0.00819	0.00908	0.00892	0.01063	0.00764	0.00627	0.01467	0.01807	0.02567	0.19814	0.05765	0.20933	0.18217	0.01665	0.00381	0.00498	0.01326	0.18577	0.00692
63	0.02310	0.01906	0.02016	0.01740	0.02253	0.02180	0.01374	0.17455	0.50684	0.03868	0.03072	0.02853	0.02285	0.01098	0.00842	0.00275	0.00715	0.00897	0.00842	0.01337
64	0.01723	0.01477	0.01723	0.01230	0.01969	0.01107	0.00984	0.02092	0.01723	0.02707	0.01477	0.01723	0.01230	0.00615	0.00615	0.00123	0.00615	0.00492	0.00492	0.75883
65	0.02056	0.01974	0.03372	0.05099	0.65622	0.01974	0.02550	0.02550	0.01892	0.02714	0.01563	0.02056	0.01316	0.00740	0.00822	0.00247	0.00987	0.00740	0.00411	0.01316
66	0.02056	0.01974	0.03372	0.05099	0.65622	0.01974	0.02550	0.02550	0.01892	0.02714	0.01563	0.02056	0.01316	0.00740	0.00822	0.00247	0.00987	0.00740	0.00411	0.01316
67	0.03103	0.03959	0.02354	0.02140	0.02568	0.67469	0.01605	0.03317	0.02354	0.02033	0.01284	0.01498	0.01070	0.00856	0.00749	0.00214	0.01498	0.00535	0.00428	0.00963
68	0.02221	0.71304	0.04353	0.01421	0.02132	0.03287	0.01421	0.02488	0.01688	0.01955	0.01155	0.01333	0.01066	0.00711	0.00533	0.00178	0.00888	0.00444	0.00355	0.01066
69	0.01187	0.00890	0.01335	0.01335	0.01483	0.01038	0.01038	0.01483	0.01335	0.01928	0.02225	0.03264	0.02077	0.06231	0.67512	0.01335	0.02225	0.00890	0.00445	0.00742
70	0.01018	0.00843	0.00891	0.00879	0.01144	0.00717	0.00659	0.01262	0.01978	0.02446	0.18943	0.07663	0.54632	0.02029	0.00981	0.00277	0.00415	0.01707	0.00798	0.00717
71	0.02221	0.71304	0.04353	0.01421	0.02132	0.03287	0.01421	0.02488	0.01688	0.01955	0.01155	0.01333	0.01066	0.00711	0.00533	0.00178	0.00888	0.00444	0.00355	0.01066
72	0.01206	0.00815	0.00953	0.00953	0.00969	0.00831	0.00562	0.01238	0.01222	0.01646	0.02574	0.05198	0.02917	0.63711	0.11180	0.00864	0.00961	0.01173	0.00497	0.00530
73	0.01175	0.00802	0.00919	0.00934	0.00964	0.00786	0.00551	0.01221	0.01342	0.01784	0.06361	0.11817	0.07004	0.56857	0.03575	0.00703	0.00732	0.01364	0.00565	0.00545
