[name]
unknown

[dist]
# distance from previous block
# <min> <max>
5	13

[block]
# block no. 0 follows, 21 sequences, length 125
# corresponding to MSA columns:
# 13-137
name=unknown_A
#
# <colnr> <probs for GDERKNQSTAVLIFYWHMCP>
#	G	D	E	R	K	N	Q	S	T	A	V	L	I	F	Y	W	H	M	C	P
0	0.02113	0.01600	0.01574	0.01505	0.04673	0.09053	0.01062	0.08358	0.09549	0.08995	0.03241	0.03817	0.09026	0.14793	0.01495	0.00360	0.00768	0.00985	0.16057	0.00976
1	0.01786	0.02576	0.25145	0.02526	0.15544	0.05018	0.02096	0.02379	0.01997	0.05770	0.15042	0.10883	0.03169	0.01227	0.00889	0.00272	0.00927	0.01064	0.00581	0.01110
2	0.02302	0.02479	0.02990	0.16820	0.36082	0.19728	0.02297	0.02741	0.02021	0.02469	0.01505	0.01982	0.01237	0.00809	0.00824	0.00250	0.01179	0.00700	0.00417	0.01169
3	0.02137	0.48750	0.17027	0.02104	0.09921	0.02919	0.01943	0.02586	0.01768	0.02238	0.01304	0.01542	0.01120	0.00748	0.00636	0.00209	0.00994	0.00527	0.00370	0.01157
4	0.01661	0.09539	0.01787	0.01390	0.01643	0.08429	0.01114	0.01966	0.01606	0.02242	0.02093	0.02807	0.01856	0.03767	0.34995	0.00813	0.04820	0.00786	0.15848	0.00839
5	0.02937	0.02212	0.02393	0.01830	0.02515	0.02361	0.01502	0.49311	0.06151	0.04845	0.02014	0.02044	0.01465	0.00961	0.00814	0.00235	0.00873	0.00730	0.00793	0.14016
6	0.01234	0.01102	0.01399	0.01766	0.14335	0.00989	0.01054	0.01509	0.01939	0.02399	0.07166	0.06929	0.51365	0.01866	0.00972	0.00280	0.00551	0.01581	0.00714	0.00849
7	0.01216	0.00912	0.01368	0.01368	0.01520	0.01064	0.01064	0.01520	0.01368	0.01976	0.02279	0.03343	0.02127	0.06382	0.66720	0.01368	0.02279	0.00912	0.00456	0.00760
8	0.01181	0.00869	0.01105	0.01046	0.01257	0.00793	0.00784	0.01560	0.02353	0.03281	0.57725	0.06574	0.14721	0.01789	0.01004	0.00270	0.00405	0.01570	0.00919	0.00793
9	0.01236	0.00905	0.01337	0.01337	0.01491	0.01049	0.01038	0.01545	0.01390	0.02040	0.02306	0.03334	0.02130	0.06091	0.63147	0.01304	0.02178	0.00905	0.04474	0.00762
10	0.76103	0.01646	0.01251	0.01119	0.01646	0.01909	0.00922	0.02502	0.01448	0.03818	0.01185	0.01382	0.00922	0.00790	0.00527	0.00263	0.00658	0.00461	0.00527	0.00922
11	0.02143	0.02099	0.03277	0.07554	0.55562	0.05482	0.02481	0.02738	0.05266	0.02759	0.01682	0.02140	0.01393	0.00790	0.00840	0.00254	0.01026	0.00758	0.00444	0.01311
12	0.01011	0.00843	0.00881	0.00912	0.01162	0.00714	0.00669	0.01216	0.01892	0.02280	0.08019	0.17587	0.55430	0.02234	0.01018	0.00296	0.00441	0.01892	0.00790	0.00714
13	0.01422	0.01192	0.01669	0.01552	0.01626	0.01500	0.01205	0.01629	0.01322	0.01934	0.01995	0.03319	0.02002	0.17452	0.34353	0.00949	0.22747	0.00924	0.00442	0.00765
14	0.02063	0.45837	0.27364	0.01819	0.02745	0.02847	0.02088	0.02603	0.01754	0.02261	0.01312	0.01527	0.01087	0.00758	0.00644	0.00215	0.01040	0.00520	0.00362	0.01154
15	0.01035	0.00749	0.00979	0.01163	0.01229	0.00693	0.00780	0.01187	0.01650	0.02181	0.04954	0.65424	0.09571	0.02632	0.01081	0.00342	0.00490	0.02377	0.00790	0.00693
16	0.01071	0.00850	0.00963	0.00965	0.01197	0.00741	0.00712	0.01337	0.02049	0.02630	0.25489	0.14897	0.39912	0.02087	0.01015	0.00288	0.00429	0.01790	0.00836	0.00741
17	0.01879	0.11630	0.42073	0.03046	0.19556	0.02153	0.02804	0.02656	0.01826	0.02635	0.01506	0.01827	0.01151	0.00786	0.00786	0.00255	0.01152	0.00642	0.00376	0.01262
18	0.02022	0.34197	0.19747	0.02015	0.02730	0.02765	0.06014	0.02489	0.01673	0.02238	0.01293	0.01646	0.01107	0.00913	0.01131	0.00253	0.15695	0.00599	0.00369	0.01103
19	0.01037	0.00741	0.00987	0.01185	0.01234	0.00691	0.00790	0.01185	0.01629	0.02172	0.04690	0.69537	0.05629	0.02666	0.01086	0.00346	0.00494	0.02419	0.00790	0.00691
20	0.03179	0.04056	0.02412	0.02192	0.02631	0.66676	0.01644	0.03398	0.02412	0.02083	0.01315	0.01535	0.01096	0.00877	0.00767	0.00219	0.01535	0.00548	0.00438	0.00987
21	0.02803	0.02638	0.02513	0.18920	0.03460	0.20719	0.01816	0.29960	0.02960	0.03612	0.01700	0.01956	0.01267	0.00937	0.00827	0.00252	0.01158	0.00701	0.00613	0.01187
22	0.01292	0.01024	0.01515	0.01470	0.01604	0.01247	0.01158	0.01582	0.01360	0.01984	0.02142	0.03167	0.02008	0.05802	0.59136	0.01250	0.10139	0.00892	0.00446	0.00780
23	0.02614	0.03303	0.06722	0.02223	0.02561	0.39669	0.01822	0.02873	0.01978	0.02112	0.01259	0.01668	0.01102	0.01089	0.01487	0.00277	0.25222	0.00623	0.00410	0.00985
24	0.01324	0.01168	0.02020	0.01739	0.02018	0.01093	0.16320	0.01629	0.01775	0.02383	0.09855	0.35058	0.07721	0.10046	0.01438	0.00376	0.00761	0.01795	0.00680	0.00800
25	0.02086	0.02079	0.03779	0.04884	0.52281	0.02049	0.14854	0.02635	0.01952	0.02769	0.01626	0.02145	0.01336	0.00750	0.00876	0.00260	0.01099	0.00809	0.00423	0.01307
26	0.01566	0.00800	0.00825	0.00825	0.01021	0.00808	0.00621	0.01957	0.01762	0.03106	0.02749	0.03182	0.02178	0.01291	0.04264	0.00263	0.00501	0.00800	0.70691	0.00791
27	0.01217	0.00906	0.01338	0.01338	0.01480	0.01048	0.01027	0.01501	0.01359	0.01954	0.02306	0.03492	0.02192	0.10654	0.62537	0.01331	0.02182	0.00934	0.00460	0.00743
28	0.01006	0.00862	0.00862	0.00862	0.01149	0.00718	0.00647	0.01221	0.01940	0.02299	0.08621	0.08190	0.64438	0.02155	0.01006	0.00287	0.00431	0.01796	0.00790	0.00718
29	0.03179	0.04056	0.02412	0.02192	0.02631	0.66676	0.01644	0.03398	0.02412	0.02083	0.01315	0.01535	0.01096	0.00877	0.00767	0.00219	0.01535	0.00548	0.00438	0.00987
30	0.03179	0.04056	0.02412	0.02192	0.02631	0.66676	0.01644	0.03398	0.02412	0.02083	0.01315	0.01535	0.01096	0.00877	0.00767	0.00219	0.01535	0.00548	0.00438	0.00987
31	0.01707	0.04402	0.65683	0.02426	0.03683	0.01976	0.03144	0.02695	0.01797	0.02695	0.01527	0.01797	0.01078	0.00809	0.00809	0.00270	0.01258	0.00629	0.00359	0.01258
32	0.02106	0.02022	0.03454	0.05223	0.64784	0.02022	0.02612	0.02612	0.01938	0.02780	0.01601	0.02106	0.01348	0.00758	0.00842	0.00253	0.01011	0.00758	0.00421	0.01348
33	0.02889	0.08082	0.02772	0.02792	0.15914	0.48583	0.01839	0.03173	0.02264	0.02227	0.01368	0.01646	0.01150	0.00842	0.00769	0.00224	0.01381	0.00587	0.00430	0.01071
34	0.01124	0.00867	0.01026	0.00986	0.01222	0.00769	0.00740	0.01450	0.02219	0.02962	0.41769	0.07099	0.30877	0.01908	0.01005	0.00276	0.00413	0.01643	0.00877	0.00769
35	0.02569	0.48935	0.03793	0.01696	0.02330	0.23982	0.01517	0.02825	0.01951	0.02028	0.01226	0.01420	0.01093	0.00777	0.00618	0.00194	0.01113	0.00485	0.00388	0.01058
36	0.01037	0.00741	0.00987	0.01185	0.01234	0.00691	0.00790	0.01185	0.01629	0.02172	0.04690	0.69537	0.05629	0.02666	0.01086	0.00346	0.00494	0.02419	0.00790	0.00691
37	0.01601	0.00976	0.01287	0.01236	0.01375	0.01033	0.00900	0.08514	0.01631	0.02296	0.02169	0.09316	0.02094	0.03193	0.15649	0.35448	0.01020	0.00949	0.08657	0.00656
38	0.02023	0.02515	0.16349	0.04644	0.52123	0.02013	0.02722	0.02629	0.01909	0.02763	0.01586	0.02042	0.01292	0.00769	0.00835	0.00256	0.01062	0.00731	0.00408	0.01329
39	0.01863	0.22558	0.48892	0.02160	0.03272	0.02358	0.02681	0.02655	0.01778	0.02505	0.01433	0.01678	0.01082	0.00786	0.00737	0.00246	0.01162	0.00581	0.00361	0.01212
40	0.01238	0.00825	0.00928	0.00928	0.00928	0.00825	0.00516	0.01238	0.01238	0.01650	0.02681	0.05569	0.03094	0.70092	0.04331	0.00825	0.00825	0.01238	0.00516	0.00516
41	0.02106	0.02022	0.03454	0.05223	0.64784	0.02022	0.02612	0.02612	0.01938	0.02780	0.01601	0.02106	0.01348	0.00758	0.00842	0.00253	0.01011	0.00758	0.00421	0.01348
42	0.01216	0.00912	0.01368	0.01368	0.01520	0.01064	0.01064	0.01520	0.01368	0.01976	0.02279	0.03343	0.02127	0.06382	0.66720	0.01368	0.02279	0.00912	0.00456	0.00760
43	0.02095	0.02054	0.03640	0.05029	0.57626	0.02037	0.09620	0.02625	0.01946	0.02774	0.01615	0.02129	0.01341	0.00753	0.00862	0.00257	0.01061	0.00787	0.00422	0.01324
44	0.02033	0.01947	0.03322	0.14430	0.56149	0.02003	0.02575	0.02548	0.01903	0.02691	0.01588	0.02130	0.01317	0.00772	0.00844	0.00257	0.01029	0.00758	0.00415	0.01289
45	0.01990	0.01904	0.03245	0.19795	0.51117	0.01992	0.02554	0.02510	0.01883	0.02640	0.01580	0.02144	0.01298	0.00780	0.00844	0.00260	0.01040	0.00758	0.00411	0.01255
46	0.02426	0.02556	0.03151	0.04317	0.46387	0.18545	0.02324	0.05234	0.02143	0.02708	0.01546	0.01958	0.01288	0.00799	0.00824	0.00244	0.01142	0.00705	0.00443	0.01260
47	0.06211	0.01839	0.03042	0.24881	0.42488	0.01974	0.02436	0.02467	0.01835	0.02648	0.01549	0.02116	0.01256	0.00789	0.00827	0.00263	0.01030	0.00740	0.00414	0.01196
48	0.01229	0.00815	0.01009	0.01005	0.01127	0.00759	0.00690	0.01268	0.01650	0.02163	0.16659	0.08630	0.20571	0.14380	0.02286	0.22567	0.00589	0.01361	0.00647	0.00595
49	0.01810	0.02706	0.23303	0.33454	0.10662	0.06285	0.05013	0.02491	0.01816	0.02420	0.01521	0.02051	0.01141	0.00824	0.00837	0.00272	0.01202	0.00711	0.00382	0.01098
50	0.01238	0.00825	0.00928	0.00928	0.00928	0.00825	0.00516	0.01238	0.01238	0.01650	0.02681	0.05569	0.03094	0.70092	0.04331	0.00825	0.00825	0.01238	0.00516	0.00516
51	0.01109	0.00856	0.01027	0.01111	0.01310	0.00774	0.00849	0.01362	0.01910	0.02427	0.12233	0.23985	0.31528	0.02286	0.01061	0.00322	0.00517	0.13795	0.00803	0.00733
52	0.03235	0.02384	0.02554	0.01958	0.02639	0.02639	0.01618	0.61946	0.04001	0.05363	0.02043	0.02043	0.01447	0.01022	0.00851	0.00255	0.00936	0.00766	0.00851	0.01447
53	0.01362	0.01120	0.01229	0.01157	0.01469	0.01115	0.00881	0.02215	0.18323	0.02979	0.24589	0.06291	0.30509	0.01761	0.00968	0.00282	0.00486	0.01495	0.00856	0.00911
54	0.01069	0.00777	0.01009	0.01135	0.01235	0.00717	0.00781	0.01275	0.01816	0.02440	0.17364	0.51543	0.10826	0.02433	0.01063	0.00325	0.00470	0.02187	0.00820	0.00717
55	0.02275	0.70604	0.04459	0.01456	0.02184	0.03367	0.01456	0.02548	0.01729	0.02002	0.01183	0.01365	0.01092	0.00728	0.00546	0.00182	0.00910	0.00455	0.00364	0.01092
56	0.01216	0.00912	0.01368	0.01368	0.01520	0.01064	0.01064	0.01520	0.01368	0.01976	0.02279	0.03343	0.02127	0.06382	0.66720	0.01368	0.02279	0.00912	0.00456	0.00760
57	0.01279	0.01005	0.01489	0.01453	0.01590	0.01215	0.01142	0.01572	0.01361	0.01983	0.02165	0.03198	0.02028	0.05902	0.60444	0.01270	0.08784	0.00895	0.00448	0.00777
58	0.33096	0.01528	0.01682	0.01354	0.01959	0.01517	0.01117	0.03481	0.02036	0.40441	0.02477	0.02283	0.01627	0.00947	0.00722	0.00263	0.00697	0.00696	0.00840	0.01235
59	0.17952	0.02777	0.02042	0.09623	0.02650	0.33084	0.01474	0.08430	0.02216	0.02869	0.01524	0.01799	0.01204	0.00881	0.00718	0.00237	0.01138	0.00599	0.07791	0.00993
60	0.01186	0.00821	0.01006	0.01026	0.01098	0.00790	0.00662	0.01341	0.01683	0.02307	0.22280	0.19069	0.05155	0.34854	0.02624	0.00552	0.00625	0.01576	0.00704	0.00641
61	0.02000	0.01914	0.03263	0.18572	0.52264	0.01994	0.02559	0.02519	0.01888	0.02651	0.01582	0.02141	0.01303	0.00778	0.00844	0.00259	0.01037	0.00758	0.00412	0.01262
62	0.03179	0.04056	0.02412	0.02192	0.02631	0.66676	0.01644	0.03398	0.02412	0.02083	0.01315	0.01535	0.01096	0.00877	0.00767	0.00219	0.01535	0.00548	0.00438	0.00987
63	0.02241	0.02351	0.03032	0.04249	0.46852	0.15316	0.02255	0.02664	0.02036	0.02597	0.02099	0.02471	0.06306	0.00894	0.00840	0.00249	0.01073	0.00797	0.00454	0.01223
64	0.01970	0.02816	0.23836	0.04202	0.40830	0.02016	0.06746	0.02647	0.01897	0.02749	0.01585	0.02018	0.01256	0.00772	0.00842	0.00261	0.01120	0.00733	0.00402	0.01305
65	0.01647	0.00998	0.01258	0.01187	0.01368	0.01070	0.00890	0.08697	0.01723	0.02577	0.02149	0.02903	0.01861	0.03085	0.19610	0.23873	0.01084	0.00806	0.22486	0.00730
66	0.01707	0.04402	0.65683	0.02426	0.03683	0.01976	0.03144	0.02695	0.01797	0.02695	0.01527	0.01797	0.01078	0.00809	0.00809	0.00270	0.01258	0.00629	0.00359	0.01258
67	0.01238	0.00825	0.00928	0.00928	0.00928	0.00825	0.00516	0.01238	0.01238	0.01650	0.02681	0.05569	0.03094	0.70092	0.04331	0.00825	0.00825	0.01238	0.00516	0.00516
68	0.01842	0.43185	0.03109	0.01309	0.01767	0.02369	0.01156	0.02046	0.01591	0.01948	0.01983	0.10456	0.02114	0.15710	0.05831	0.00414	0.00935	0.00881	0.00452	0.00903
69	0.01095	0.00866	0.00985	0.00955	0.01204	0.00756	0.00717	0.01393	0.02150	0.02797	0.33560	0.07369	0.39188	0.01969	0.01005	0.00279	0.00418	0.01681	0.00856	0.00756
70	0.01023	0.00848	0.00895	0.00914	0.01168	0.00721	0.00674	0.01243	0.01934	0.02359	0.11890	0.15345	0.53680	0.02188	0.01015	0.00293	0.00437	0.01853	0.00800	0.00721
71	0.01765	0.01513	0.01765	0.01260	0.02017	0.01134	0.01008	0.02143	0.01765	0.02773	0.01513	0.01765	0.01260	0.00630	0.00630	0.00126	0.00630	0.00504	0.00504	0.75295
72	0.01006	0.00862	0.00862	0.00862	0.01149	0.00718	0.00647	0.01221	0.01940	0.02299	0.08621	0.08190	0.64438	0.02155	0.01006	0.00287	0.00431	0.01796	0.00790	0.00718
73	0.01057	0.00864	0.00933	0.00915	0.01181	0.00740	0.00687	0.01320	0.02060	0.02584	0.22864	0.07721	0.50018	0.02049	0.01005	0.00282	0.00423	0.01730	0.00828	0.00740
74	0.01238	0.00825	0.00928	0.00928	0.00928	0.00825	0.00516	0.01238	0.01238	0.01650	0.02681	0.05569	0.03094	0.70092	0.04331	0.00825	0.00825	0.01238	0.00516	0.00516
75	0.03030	0.15051	0.02750	0.02071	0.02557	0.56216	0.01613	0.03258	0.02299	0.02069	0.01294	0.01507	0.01096	0.00852	0.00731	0.00213	0.01431	0.00533	0.00426	0.01004
76	0.02020	0.03206	0.30101	0.03781	0.33604	0.07137	0.02764	0.02710	0.01915	0.02688	0.01546	0.01928	0.01212	0.00789	0.00822	0.00257	0.01159	0.00686	0.00396	0.01281
77	0.01751	0.09268	0.47512	0.02260	0.03221	0.02139	0.02697	0.02521	0.01692	0.02500	0.01476	0.01854	0.01141	0.01205	0.04620	0.00337	0.11624	0.00648	0.00367	0.01167
78	0.01623	0.01563	0.01584	0.01539	0.01750	0.14660	0.01184	0.01909	0.01584	0.01998	0.02080	0.02968	0.01914	0.05242	0.53053	0.01130	0.02125	0.00836	0.00452	0.00807
79	0.01707	0.04402	0.65683	0.02426	0.03683	0.01976	0.03144	0.02695	0.01797	0.02695	0.01527	0.01797	0.01078	0.00809	0.00809	0.00270	0.01258	0.00629	0.00359	0.01258
80	0.01006	0.00862	0.00862	0.00862	0.01149	0.00718	0.00647	0.01221	0.01940	0.02299	0.08621	0.08190	0.64438	0.02155	0.01006	0.00287	0.00431	0.01796	0.00790	0.00718
81	0.01037	0.00741	0.00987	0.01185	0.01234	0.00691	0.00790	0.01185	0.01629	0.02172	0.04690	0.69537	0.05629	0.02666	0.01086	0.00346	0.00494	0.02419	0.00790	0.00691
82	0.01392	0.01171	0.01706	0.01604	0.01715	0.01485	0.01281	0.01664	0.01350	0.01995	0.01962	0.02939	0.01852	0.05048	0.49286	0.01096	0.20348	0.00866	0.00433	0.00806
83	0.01123	0.00861	0.01047	0.01143	0.01338	0.00785	0.00882	0.01381	0.01901	0.02418	0.10993	0.24493	0.29316	0.02306	0.01070	0.00328	0.00535	0.16547	0.00800	0.00735
84	0.76103	0.01646	0.01251	0.01119	0.01646	0.01909	0.00922	0.02502	0.01448	0.03818	0.01185	0.01382	0.00922	0.00790	0.00527	0.00263	0.00658	0.00461	0.00527	0.00922
85	0.01204	0.00870	0.01138	0.01071	0.01271	0.00803	0.00803	0.01606	0.02409	0.03413	0.64335	0.06357	0.08030	0.01740	0.01004	0.00268	0.00401	0.01539	0.00937	0.00803
86	0.03235	0.02384	0.02554	0.01958	0.02639	0.02639	0.01618	0.61946	0.04001	0.05363	0.02043	0.02043	0.01447	0.01022	0.00851	0.00255	0.00936	0.00766	0.00851	0.01447
87	0.01201	0.00908	0.01134	0.01188	0.01415	0.00841	0.00964	0.01538	0.02086	0.02721	0.23572	0.08175	0.25457	0.02105	0.01069	0.00321	0.00554	0.23151	0.00831	0.00768
88	0.01142	0.00792	0.00949	0.01030	0.01066	0.00764	0.00636	0.01215	0.01438	0.01901	0.03838	0.32033	0.07540	0.38582	0.02812	0.00598	0.00667	0.01755	0.00644	0.00599
89	0.01238	0.00825	0.00928	0.00928	0.00928	0.00825	0.00516	0.01238	0.01238	0.01650	0.02681	0.05569	0.03094	0.70092	0.04331	0.00825	0.00825	0.01238	0.00516	0.00516
90	0.02362	0.08572	0.03328	0.04193	0.45406	0.10904	0.02291	0.07779	0.02159	0.02836	0.01562	0.01956	0.01299	0.00794	0.00806	0.00242	0.01066	0.00703	0.00455	0.01284
91	0.02301	0.38023	0.21413	0.01884	0.02702	0.16091	0.01974	0.02766	0.01890	0.02216	0.01308	0.01523	0.01089	0.00782	0.00666	0.00215	0.01138	0.00524	0.00378	0.01117
92	0.02940	0.03631	0.06001	0.02651	0.12209	0.48205	0.01871	0.07876	0.02432	0.02482	0.01428	0.01677	0.01162	0.00867	0.00788	0.00230	0.01392	0.00602	0.00464	0.01093
93	0.01238	0.00825	0.00928	0.00928	0.00928	0.00825	0.00516	0.01238	0.01238	0.01650	0.02681	0.05569	0.03094	0.70092	0.04331	0.00825	0.00825	0.01238	0.00516	0.00516
94	0.02216	0.01412	0.01660	0.01412	0.01703	0.01496	0.01050	0.24074	0.02292	0.06513	0.02043	0.03018	0.01836	0.16038	0.02471	0.27596	0.00830	0.00859	0.00618	0.00863
95	0.01737	0.07181	0.54094	0.02523	0.08321	0.01979	0.02886	0.02619	0.01840	0.02710	0.05135	0.02063	0.01501	0.00854	0.00810	0.00264	0.01172	0.00683	0.00398	0.01231
96	0.01707	0.04402	0.65683	0.02426	0.03683	0.01976	0.03144	0.02695	0.01797	0.02695	0.01527	0.01797	0.01078	0.00809	0.00809	0.00270	0.01258	0.00629	0.00359	0.01258
97	0.01216	0.00912	0.01368	0.01368	0.01520	0.01064	0.01064	0.01520	0.01368	0.01976	0.02279	0.03343	0.02127	0.06382	0.66720	0.01368	0.02279	0.00912	0.00456	0.00760
98	0.02212	0.02222	0.03352	0.04926	0.58682	0.08369	0.02517	0.02689	0.01984	0.02712	0.01573	0.02050	0.01323	0.00770	0.00835	0.00249	0.01062	0.00738	0.00423	0.01313
99	0.09426	0.02072	0.02362	0.13893	0.16825	0.12200	0.01823	0.08541	0.05161	0.02888	0.02298	0.03113	0.05069	0.01111	0.00921	0.00277	0.03601	0.06791	0.00548	0.01081
100	0.35896	0.02243	0.01528	0.01397	0.01822	0.22767	0.01085	0.02679	0.01836	0.03110	0.01579	0.01827	0.01257	0.00863	0.00620	0.00235	0.00886	0.00563	0.16893	0.00914
101	0.02504	0.02797	0.02270	0.22504	0.03442	0.35624	0.01742	0.05666	0.02193	0.02398	0.01585	0.01982	0.01254	0.00889	0.00777	0.00239	0.01246	0.00652	0.09263	0.00973
102	0.01236	0.00905	0.01336	0.01336	0.01490	0.01049	0.01038	0.01545	0.01391	0.02042	0.02307	0.03334	0.02130	0.06083	0.63051	0.01303	0.02175	0.00905	0.04581	0.00762
103	0.03184	0.03891	0.02426	0.02169	0.02632	0.60359	0.01642	0.09174	0.02568	0.02406	0.01387	0.01585	0.01131	0.00891	0.00776	0.00223	0.01476	0.00570	0.00479	0.01032
104	0.01216	0.00912	0.01368	0.01368	0.01520	0.01064	0.01064	0.01520	0.01368	0.01976	0.02279	0.03343	0.02127	0.06382	0.66720	0.01368	0.02279	0.00912	0.00456	0.00760
105	0.01006	0.00862	0.00862	0.00862	0.01149	0.00718	0.00647	0.01221	0.01940	0.02299	0.08621	0.08190	0.64438	0.02155	0.01006	0.00287	0.00431	0.01796	0.00790	0.00718
106	0.01707	0.04402	0.65683	0.02426	0.03683	0.01976	0.03144	0.02695	0.01797	0.02695	0.01527	0.01797	0.01078	0.00809	0.00809	0.00270	0.01258	0.00629	0.00359	0.01258
107	0.01037	0.00741	0.00987	0.01185	0.01234	0.00691	0.00790	0.01185	0.01629	0.02172	0.04690	0.69537	0.05629	0.02666	0.01086	0.00346	0.00494	0.02419	0.00790	0.00691
108	0.01370	0.00935	0.01064	0.01024	0.01079	0.00961	0.00623	0.05325	0.01431	0.01919	0.02614	0.05197	0.02925	0.61575	0.07905	0.00820	0.00921	0.01186	0.00535	0.00593
109	0.01016	0.00862	0.00876	0.00873	0.01156	0.00723	0.00654	0.01241	0.01963	0.02355	0.11411	0.08098	0.61613	0.02134	0.01006	0.00286	0.00430	0.01783	0.00798	0.00723
110	0.01730	0.01166	0.01424	0.01306	0.01577	0.01291	0.01027	0.13617	0.02018	0.03018	0.02387	0.03033	0.02010	0.03645	0.33117	0.00784	0.01428	0.00846	0.23670	0.00906
111	0.02918	0.03622	0.02450	0.02201	0.02552	0.54002	0.01687	0.03131	0.02192	0.02076	0.01276	0.01599	0.01100	0.00998	0.01168	0.00250	0.14788	0.00587	0.00425	0.00976
112	0.01244	0.00863	0.01026	0.01035	0.01219	0.00787	0.00730	0.01444	0.01819	0.05688	0.14689	0.20832	0.25587	0.14379	0.04410	0.00438	0.00605	0.01710	0.00764	0.00730
113	0.02186	0.16132	0.28905	0.02779	0.15858	0.15043	0.02424	0.02790	0.01935	0.02463	0.01437	0.01729	0.01140	0.00797	0.00759	0.00240	0.01197	0.00607	0.00389	0.01192
114	0.01989	0.02323	0.07995	0.02690	0.20762	0.17575	0.01749	0.02411	0.02167	0.02720	0.18828	0.03660	0.09225	0.01189	0.00880	0.00253	0.00945	0.01003	0.00593	0.01044
115	0.24075	0.14614	0.20750	0.01738	0.02493	0.09850	0.01785	0.06608	0.01937	0.03054	0.04861	0.01838	0.01447	0.00863	0.00689	0.00246	0.00984	0.00599	0.00484	0.01085
116	0.02423	0.02887	0.08670	0.02504	0.12630	0.28118	0.01820	0.07908	0.05117	0.02589	0.01739	0.02134	0.01442	0.01966	0.13842	0.00463	0.01476	0.00701	0.00487	0.01084
117	0.01757	0.01602	0.07799	0.01470	0.01893	0.01408	0.01249	0.09605	0.15101	0.05958	0.20980	0.15229	0.09245	0.01597	0.00945	0.00285	0.00638	0.01373	0.00824	0.01041
118	0.02607	0.03110	0.02227	0.02008	0.02302	0.43518	0.01525	0.02810	0.02077	0.02115	0.05255	0.02290	0.01720	0.07846	0.01532	0.00312	0.14649	0.00715	0.00463	0.00918
119	0.02383	0.02915	0.05550	0.02382	0.02907	0.31752	0.17667	0.02891	0.05860	0.02387	0.02122	0.13085	0.01988	0.01144	0.00891	0.00265	0.01271	0.01008	0.00517	0.01015
120	0.01867	0.01679	0.01352	0.01294	0.01508	0.18157	0.00942	0.02121	0.01764	0.02363	0.02281	0.03248	0.02067	0.15631	0.13657	0.00545	0.01130	0.00839	0.26774	0.00783
121	0.02063	0.02177	0.10373	0.02282	0.02916	0.01940	0.20230	0.14423	0.12355	0.03185	0.02349	0.06203	0.02013	0.11871	0.01455	0.00366	0.01047	0.01013	0.00609	0.01131
122	0.02634	0.02719	0.02216	0.02040	0.04880	0.30428	0.01524	0.17840	0.02524	0.02922	0.01766	0.02163	0.01467	0.02355	0.18117	0.00532	0.01556	0.00708	0.00548	0.01060
123	0.02345	0.03010	0.21901	0.01927	0.02733	0.12588	0.01908	0.17788	0.02454	0.03321	0.01697	0.01894	0.01280	0.00848	0.00763	0.00224	0.01039	0.00635	0.05071	0.16575
124	0.01532	0.01303	0.02135	0.01794	0.02022	0.01397	0.13017	0.01652	0.01532	0.02064	0.03093	0.09992	0.13464	0.02032	0.02106	0.23630	0.14844	0.01154	0.00502	0.00736

[dist]
# distance from previous block
# <min> <max>
4	13

[block]
# block no. 1 follows, 21 sequences, length 17
# corresponding to MSA columns:
# 151-167
name=unknown_B
#
# <colnr> <probs for GDERKNQSTAVLIFYWHMCP>
#	G	D	E	R	K	N	Q	S	T	A	V	L	I	F	Y	W	H	M	C	P
0	0.02261	0.02190	0.02906	0.09588	0.30109	0.09049	0.05019	0.07749	0.16503	0.03031	0.02039	0.02315	0.01599	0.00891	0.00849	0.00262	0.01015	0.00796	0.00557	0.01269
1	0.19425	0.02004	0.01959	0.19050	0.03002	0.13591	0.01523	0.05369	0.07655	0.02918	0.06905	0.02639	0.05369	0.01051	0.00872	0.00269	0.04067	0.00789	0.00558	0.00983
2	0.02675	0.13505	0.02592	0.01849	0.02383	0.20903	0.01499	0.19616	0.13690	0.03243	0.01977	0.02115	0.01562	0.01456	0.06910	0.00343	0.01181	0.00703	0.00621	0.01176
3	0.01069	0.00852	0.00880	0.00880	0.01089	0.00748	0.00611	0.01226	0.01747	0.02121	0.06990	0.07470	0.47597	0.20807	0.01919	0.00435	0.00539	0.01643	0.00715	0.00663
4	0.01170	0.00824	0.01081	0.01238	0.01318	0.00798	0.00894	0.01355	0.01640	0.02169	0.04231	0.40032	0.04912	0.16299	0.01771	0.00456	0.00641	0.17759	0.00732	0.00681
5	0.02440	0.18657	0.03404	0.03508	0.33046	0.20087	0.02075	0.02813	0.02019	0.02406	0.01425	0.01776	0.01219	0.00784	0.00752	0.00227	0.01131	0.00629	0.00413	0.01189
6	0.01592	0.01015	0.01111	0.01052	0.01210	0.01044	0.00717	0.09599	0.01820	0.02676	0.02842	0.11243	0.02863	0.32170	0.02358	0.00503	0.00672	0.01164	0.23606	0.00745
7	0.01037	0.00741	0.00987	0.01185	0.01234	0.00691	0.00790	0.01185	0.01629	0.02172	0.04690	0.69537	0.05629	0.02666	0.01086	0.00346	0.00494	0.02419	0.00790	0.00691
8	0.01072	0.00865	0.00954	0.00931	0.01190	0.00746	0.00698	0.01349	0.02095	0.02669	0.27112	0.07582	0.45717	0.02017	0.01005	0.00281	0.00421	0.01711	0.00839	0.00746
9	0.02857	0.08783	0.02816	0.02845	0.17166	0.46569	0.01856	0.03147	0.02247	0.02240	0.01372	0.01655	0.01155	0.00837	0.00768	0.00224	0.01363	0.00590	0.00429	0.01080
10	0.01095	0.00819	0.01023	0.01111	0.01264	0.00746	0.00804	0.01338	0.01912	0.02523	0.19596	0.35398	0.20170	0.02302	0.01055	0.00317	0.00480	0.06493	0.00824	0.00731
11	0.02011	0.35233	0.31176	0.02231	0.08665	0.02633	0.02303	0.02618	0.01778	0.02378	0.01373	0.01623	0.01110	0.00766	0.00689	0.00227	0.01072	0.00559	0.00367	0.01188
12	0.02153	0.56178	0.04187	0.01671	0.02332	0.03052	0.06655	0.02462	0.01706	0.02065	0.01309	0.01618	0.01189	0.01189	0.05678	0.00289	0.04273	0.00551	0.00377	0.01064
13	0.01037	0.00741	0.00987	0.01185	0.01234	0.00691	0.00790	0.01185	0.01629	0.02172	0.04690	0.69537	0.05629	0.02666	0.01086	0.00346	0.00494	0.02419	0.00790	0.00691
14	0.02305	0.02319	0.02990	0.17513	0.35215	0.13788	0.02289	0.08346	0.02172	0.02774	0.01573	0.02031	0.01267	0.00824	0.00831	0.00253	0.01125	0.00720	0.00457	0.01208
15	0.02028	0.02080	0.02809	0.21319	0.33528	0.11558	0.02214	0.02480	0.01945	0.02466	0.02199	0.02641	0.07227	0.00933	0.00849	0.00259	0.01068	0.00824	0.00447	0.01125
16	0.01564	0.07723	0.01665	0.01340	0.01615	0.04626	0.01042	0.08066	0.01990	0.02515	0.04724	0.24518	0.22370	0.02138	0.04239	0.00347	0.06415	0.01558	0.00689	0.00857

[dist]
# distance from previous block
# <min> <max>
3	12

[block]
# block no. 2 follows, 21 sequences, length 6
# corresponding to MSA columns:
# 180-185
name=unknown_C
#
# <colnr> <probs for GDERKNQSTAVLIFYWHMCP>
#	G	D	E	R	K	N	Q	S	T	A	V	L	I	F	Y	W	H	M	C	P
0	0.01662	0.02519	0.20011	0.01603	0.02192	0.14087	0.01587	0.02125	0.02049	0.02508	0.11965	0.04799	0.26648	0.01462	0.00901	0.00266	0.00885	0.01180	0.00614	0.00938
1	0.10321	0.01500	0.01701	0.01789	0.06962	0.01639	0.01311	0.03064	0.29009	0.03127	0.03985	0.05014	0.11207	0.01486	0.00914	0.00306	0.00691	0.14128	0.00762	0.01086
2	0.02368	0.06083	0.02042	0.12403	0.02573	0.13139	0.01360	0.09873	0.02218	0.10865	0.04920	0.02710	0.01940	0.06546	0.01052	0.00280	0.00907	0.00782	0.12819	0.05122
3	0.02193	0.02043	0.02200	0.24241	0.03464	0.14385	0.01710	0.06359	0.13497	0.06276	0.02066	0.02419	0.01596	0.01561	0.08416	0.00387	0.01198	0.00766	0.00563	0.04660
4	0.02288	0.18963	0.02836	0.06455	0.02628	0.10159	0.04381	0.09684	0.11584	0.02874	0.01780	0.01950	0.01419	0.00830	0.00722	0.00210	0.00927	0.00641	0.00545	0.19123
5	0.06917	0.10080	0.02645	0.05713	0.17712	0.11279	0.01706	0.12860	0.09800	0.03196	0.01901	0.02129	0.01498	0.00894	0.00759	0.00242	0.00943	0.00705	0.07836	0.01184

[dist]
# distance from previous block
# <min> <max>
56	109

[block]
# block no. 3 follows, 21 sequences, length 6
# corresponding to MSA columns:
# 344-349
name=unknown_D
#
# <colnr> <probs for GDERKNQSTAVLIFYWHMCP>
#	G	D	E	R	K	N	Q	S	T	A	V	L	I	F	Y	W	H	M	C	P
0	0.02076	0.13344	0.17228	0.09447	0.03076	0.14332	0.04822	0.02825	0.09144	0.02494	0.02110	0.03074	0.01844	0.01078	0.00835	0.00269	0.01112	0.09306	0.00503	0.01081
1	0.03179	0.04056	0.02412	0.02192	0.02631	0.66676	0.01644	0.03398	0.02412	0.02083	0.01315	0.01535	0.01096	0.00877	0.00767	0.00219	0.01535	0.00548	0.00438	0.00987
2	0.02476	0.32149	0.03202	0.01737	0.02272	0.19635	0.01497	0.09585	0.02150	0.02448	0.01945	0.02121	0.06529	0.01001	0.00908	0.00229	0.07920	0.00660	0.00478	0.01058
3	0.01637	0.01392	0.01990	0.02537	0.20855	0.01407	0.01562	0.02350	0.11275	0.02904	0.14952	0.05599	0.10501	0.01552	0.00977	0.00300	0.00727	0.15731	0.00715	0.01037
4	0.02426	0.01435	0.01555	0.01290	0.01713	0.01504	0.01034	0.23649	0.02650	0.10941	0.02580	0.02738	0.01911	0.01009	0.00716	0.00226	0.00626	0.00791	0.40107	0.01100
5	0.01942	0.01825	0.01939	0.02080	0.11242	0.08306	0.01390	0.03272	0.31558	0.03053	0.09251	0.04035	0.13908	0.01300	0.00890	0.00274	0.00743	0.01091	0.00749	0.01149

[dist]
# distance from previous block
# <min> <max>
84	316

[block]
# block no. 4 follows, 21 sequences, length 9
# corresponding to MSA columns:
# 677-685
name=unknown_E
#
# <colnr> <probs for GDERKNQSTAVLIFYWHMCP>
#	G	D	E	R	K	N	Q	S	T	A	V	L	I	F	Y	W	H	M	C	P
0	0.01488	0.01147	0.01247	0.01198	0.01449	0.05838	0.00914	0.01816	0.02227	0.06931	0.35911	0.11579	0.16611	0.01830	0.00998	0.00284	0.00553	0.06290	0.00856	0.00833
1	0.01777	0.02072	0.12790	0.03410	0.30240	0.01714	0.07213	0.02319	0.01766	0.02574	0.01836	0.02449	0.01546	0.02231	0.17899	0.00544	0.01383	0.00800	0.04302	0.01135
2	0.01776	0.01746	0.05291	0.20661	0.32593	0.01738	0.02254	0.02283	0.01874	0.02554	0.02429	0.03762	0.04938	0.01135	0.00910	0.00288	0.00985	0.11186	0.00490	0.01108
3	0.20940	0.01450	0.01670	0.06950	0.02092	0.01684	0.01266	0.06676	0.05112	0.03157	0.13711	0.07920	0.05333	0.01421	0.01158	0.00301	0.11637	0.05934	0.00655	0.00932
4	0.02837	0.02727	0.02251	0.01938	0.02374	0.29894	0.01514	0.10372	0.04917	0.11679	0.01972	0.05947	0.01628	0.01109	0.01090	0.00256	0.10611	0.00772	0.00611	0.05499
5	0.01625	0.06302	0.31244	0.01795	0.02531	0.01667	0.01966	0.02530	0.10519	0.02842	0.16944	0.03456	0.03169	0.08350	0.01219	0.00325	0.00907	0.00948	0.00585	0.01075
6	0.02033	0.02021	0.02120	0.02464	0.16181	0.15638	0.01585	0.02805	0.14420	0.02809	0.11913	0.08093	0.03323	0.01359	0.00918	0.00281	0.00901	0.09403	0.00667	0.01066
7	0.01845	0.07458	0.45729	0.02191	0.03218	0.02091	0.02584	0.03160	0.17707	0.02880	0.02009	0.02129	0.01472	0.00894	0.00809	0.00270	0.01087	0.00705	0.00491	0.01272
8	0.02164	0.15316	0.25262	0.02270	0.07533	0.16787	0.02146	0.02876	0.06977	0.02453	0.01646	0.01927	0.01317	0.01295	0.06207	0.00334	0.01276	0.00641	0.00433	0.01140

[dist]
# distance from previous block
# <min> <max>
3	8

[block]
# block no. 5 follows, 21 sequences, length 15
# corresponding to MSA columns:
# 694-708
name=unknown_F
#
# <colnr> <probs for GDERKNQSTAVLIFYWHMCP>
#	G	D	E	R	K	N	Q	S	T	A	V	L	I	F	Y	W	H	M	C	P
0	0.16532	0.02551	0.16285	0.07564	0.02868	0.07027	0.05023	0.15017	0.05717	0.03343	0.01857	0.04473	0.01518	0.05452	0.01016	0.00304	0.01007	0.00770	0.00560	0.01116
1	0.02026	0.01398	0.01633	0.01405	0.01779	0.01494	0.01103	0.11502	0.11187	0.07722	0.02487	0.02952	0.02021	0.06766	0.12606	0.00475	0.04828	0.00837	0.16783	0.08996
2	0.01842	0.22881	0.16309	0.01610	0.02274	0.02158	0.01607	0.02797	0.17676	0.02584	0.03153	0.03292	0.11952	0.05196	0.00985	0.00284	0.00841	0.00890	0.00572	0.01099
3	0.02443	0.12251	0.03071	0.13491	0.24041	0.25829	0.02058	0.02822	0.02045	0.02321	0.01424	0.01820	0.01187	0.00812	0.00775	0.00235	0.01208	0.00639	0.00413	0.01117
4	0.01897	0.02871	0.26215	0.06298	0.26503	0.02091	0.07289	0.02554	0.01793	0.02617	0.01512	0.01980	0.01203	0.00879	0.01115	0.00280	0.10558	0.00728	0.00391	0.01224
5	0.01855	0.01717	0.01522	0.01408	0.01693	0.15341	0.01059	0.08567	0.02195	0.02769	0.15061	0.08359	0.10895	0.06979	0.10935	0.00461	0.01025	0.01157	0.06132	0.00869
6	0.01256	0.01345	0.06309	0.01454	0.01871	0.01056	0.09987	0.01606	0.01896	0.02373	0.06296	0.06802	0.40765	0.06287	0.01224	0.00331	0.00700	0.06940	0.00686	0.00815
7	0.02995	0.13228	0.02754	0.02254	0.05931	0.54348	0.01670	0.03237	0.02291	0.02109	0.01312	0.01542	0.01109	0.00850	0.00741	0.00216	0.01419	0.00546	0.00427	0.01021
8	0.01216	0.00912	0.01368	0.01368	0.01520	0.01064	0.01064	0.01520	0.01368	0.01976	0.02279	0.03343	0.02127	0.06382	0.66720	0.01368	0.02279	0.00912	0.00456	0.00760
9	0.02058	0.08031	0.34501	0.02786	0.08095	0.11750	0.15494	0.02791	0.01940	0.02572	0.01521	0.01861	0.01148	0.00790	0.00830	0.00259	0.01297	0.00697	0.00391	0.01189
10	0.01191	0.00888	0.01315	0.01342	0.01480	0.01012	0.01026	0.01473	0.01404	0.02003	0.02616	0.12576	0.02616	0.05864	0.57565	0.01225	0.02030	0.01122	0.00502	0.00750
11	0.02227	0.01638	0.01891	0.01630	0.02032	0.01792	0.01283	0.33085	0.02815	0.03801	0.02780	0.19800	0.02678	0.02612	0.15225	0.00520	0.01114	0.01226	0.00750	0.01102
12	0.01216	0.00912	0.01368	0.01368	0.01520	0.01064	0.01064	0.01520	0.01368	0.01976	0.02279	0.03343	0.02127	0.06382	0.66720	0.01368	0.02279	0.00912	0.00456	0.00760
13	0.01741	0.01438	0.01778	0.13175	0.02488	0.01625	0.01336	0.11302	0.12704	0.02853	0.03693	0.04096	0.15843	0.07416	0.10457	0.00479	0.04862	0.01084	0.00648	0.00981
14	0.02591	0.02577	0.02724	0.13383	0.22416	0.22313	0.02017	0.09527	0.05295	0.06496	0.01741	0.02044	0.01352	0.00876	0.00823	0.00250	0.01153	0.00709	0.00526	0.01188

[dist]
# distance from previous block
# <min> <max>
0	1

[block]
# block no. 6 follows, 21 sequences, length 17
# corresponding to MSA columns:
# 710-726
name=unknown_G
#
# <colnr> <probs for GDERKNQSTAVLIFYWHMCP>
#	G	D	E	R	K	N	Q	S	T	A	V	L	I	F	Y	W	H	M	C	P
0	0.01746	0.04166	0.59519	0.02703	0.09736	0.01981	0.03091	0.02687	0.01811	0.02703	0.01534	0.01827	0.01105	0.00804	0.00812	0.00268	0.01233	0.00642	0.00365	0.01267
1	0.02171	0.02022	0.02201	0.25949	0.03531	0.12146	0.01715	0.16507	0.06319	0.03019	0.02762	0.06565	0.09166	0.01172	0.00870	0.00271	0.01002	0.00955	0.00603	0.01055
2	0.02195	0.03857	0.35588	0.02583	0.06465	0.20446	0.08407	0.02978	0.04814	0.02567	0.01578	0.01850	0.01187	0.00832	0.00821	0.00257	0.01315	0.00665	0.00415	0.01178
3	0.02077	0.01994	0.02395	0.08881	0.20613	0.09913	0.01847	0.03164	0.22298	0.02858	0.02648	0.03626	0.02290	0.01173	0.00896	0.00286	0.00939	0.10303	0.00626	0.01174
4	0.01268	0.00964	0.01180	0.01214	0.01429	0.00935	0.00941	0.01760	0.07613	0.02746	0.22423	0.15040	0.17844	0.05472	0.01210	0.00341	0.00557	0.15436	0.00824	0.00802
5	0.01397	0.01199	0.01408	0.01373	0.01580	0.06397	0.01057	0.01790	0.04322	0.02258	0.10484	0.03955	0.07831	0.04787	0.44996	0.01003	0.01766	0.01034	0.00559	0.00806
6	0.01480	0.01346	0.05060	0.01773	0.09227	0.01146	0.01220	0.06541	0.01966	0.02701	0.07738	0.33653	0.09958	0.01837	0.00953	0.00285	0.00639	0.01630	0.00701	0.10147
7	0.06073	0.21953	0.08874	0.01680	0.02255	0.25635	0.01498	0.02596	0.02013	0.02254	0.02796	0.02875	0.14121	0.01087	0.00746	0.00230	0.01060	0.00782	0.00487	0.00984
8	0.02091	0.10786	0.14374	0.01602	0.02229	0.09749	0.01530	0.07324	0.02217	0.09030	0.11130	0.03746	0.15260	0.01240	0.00838	0.00248	0.00863	0.00984	0.00648	0.04113
9	0.01959	0.09928	0.02699	0.06537	0.26887	0.01778	0.01763	0.02440	0.04644	0.05658	0.02166	0.12215	0.02029	0.01056	0.00806	0.00239	0.00828	0.00939	0.00534	0.14894
10	0.02387	0.02404	0.02580	0.16463	0.19015	0.19717	0.01956	0.03222	0.15081	0.05839	0.01990	0.02251	0.01539	0.00909	0.00829	0.00258	0.01094	0.00749	0.00544	0.01170
11	0.39067	0.06288	0.02260	0.09442	0.19231	0.05946	0.01609	0.02554	0.01684	0.03142	0.01340	0.01680	0.01081	0.00789	0.00662	0.00255	0.00873	0.00577	0.00467	0.01054
12	0.09366	0.11101	0.13757	0.15383	0.05487	0.07570	0.01987	0.19651	0.02425	0.03331	0.01583	0.01860	0.01193	0.00870	0.00768	0.00252	0.01054	0.00655	0.00530	0.01178
13	0.07252	0.05942	0.06598	0.03068	0.22228	0.29389	0.02007	0.02885	0.02029	0.02445	0.01386	0.01745	0.01165	0.00881	0.00960	0.00249	0.07605	0.00628	0.00424	0.01112
14	0.01829	0.15896	0.02836	0.04898	0.08283	0.04344	0.07441	0.02174	0.01722	0.02295	0.02376	0.02775	0.09161	0.01671	0.08614	0.00376	0.11773	0.00825	0.00462	0.10250
15	0.02066	0.15844	0.02642	0.02095	0.13013	0.01959	0.01454	0.10616	0.02035	0.02800	0.01971	0.02274	0.05323	0.01081	0.01049	0.07302	0.03588	0.00690	0.00510	0.21687
16	0.08028	0.01433	0.01888	0.02055	0.12778	0.01475	0.01355	0.06945	0.03981	0.10822	0.12157	0.10178	0.03242	0.04879	0.01176	0.00306	0.05042	0.04781	0.03378	0.04099

[dist]
# distance from previous block
# <min> <max>
10	54

[block]
# block no. 7 follows, 21 sequences, length 15
# corresponding to MSA columns:
# 792-806
name=unknown_H
#
# <colnr> <probs for GDERKNQSTAVLIFYWHMCP>
#	G	D	E	R	K	N	Q	S	T	A	V	L	I	F	Y	W	H	M	C	P
0	0.02517	0.05705	0.14640	0.02060	0.02672	0.30377	0.01849	0.06809	0.14207	0.02718	0.02060	0.02549	0.01698	0.01034	0.00823	0.00257	0.01197	0.05146	0.00555	0.01125
1	0.02013	0.02316	0.11575	0.07956	0.37782	0.02037	0.10202	0.02845	0.09394	0.02821	0.01829	0.02230	0.01445	0.00813	0.00862	0.00266	0.01065	0.00798	0.00466	0.01286
2	0.02647	0.02532	0.02419	0.02461	0.13805	0.20590	0.01658	0.23631	0.02867	0.03559	0.10422	0.02740	0.04774	0.01075	0.00852	0.00247	0.01029	0.00848	0.00663	0.01180
3	0.01747	0.01712	0.01852	0.01809	0.05840	0.11317	0.03717	0.02326	0.09606	0.02697	0.17205	0.04823	0.15496	0.01685	0.03315	0.00322	0.07705	0.05200	0.00687	0.00940
4	0.01990	0.02018	0.01801	0.01669	0.01882	0.20854	0.01298	0.02257	0.01864	0.02351	0.08319	0.03380	0.02485	0.05829	0.10573	0.00458	0.14562	0.05133	0.10419	0.00858
5	0.02045	0.01552	0.01793	0.01572	0.01960	0.01709	0.01257	0.13252	0.21095	0.07212	0.16634	0.04454	0.08833	0.01456	0.01088	0.00292	0.06281	0.05558	0.00836	0.01122
6	0.02759	0.13136	0.07619	0.01831	0.02493	0.06504	0.01610	0.30416	0.11389	0.07590	0.02123	0.02237	0.01606	0.03783	0.00939	0.00271	0.00942	0.00745	0.00711	0.01296
7	0.11807	0.07100	0.01609	0.01337	0.01633	0.06472	0.01033	0.06927	0.02067	0.02944	0.16814	0.26286	0.04400	0.01745	0.00906	0.00288	0.00664	0.04365	0.00729	0.00873
8	0.02203	0.03946	0.37339	0.02714	0.10122	0.21283	0.05179	0.02897	0.02005	0.02523	0.01481	0.01774	0.01122	0.00819	0.00808	0.00253	0.01321	0.00635	0.00393	0.01182
9	0.01769	0.01658	0.02738	0.26760	0.23665	0.01794	0.06498	0.02434	0.06706	0.02615	0.05762	0.03253	0.05365	0.01040	0.00896	0.00280	0.00982	0.04184	0.00511	0.01092
10	0.09206	0.02697	0.02378	0.02103	0.05992	0.21177	0.01588	0.32622	0.03037	0.03913	0.01747	0.01924	0.01337	0.01282	0.04946	0.00315	0.01177	0.00685	0.00654	0.01219
11	0.01931	0.08929	0.45457	0.02186	0.03191	0.12547	0.02568	0.02677	0.01904	0.02511	0.02056	0.02252	0.06338	0.00925	0.00799	0.00256	0.01209	0.00700	0.00408	0.01156
12	0.01946	0.01858	0.02036	0.01737	0.02078	0.12063	0.06345	0.11051	0.02338	0.02994	0.18349	0.09080	0.12214	0.01501	0.01194	0.00283	0.10074	0.01213	0.00691	0.00956
13	0.01178	0.00916	0.01169	0.01160	0.01319	0.00907	0.00859	0.01460	0.02023	0.02764	0.32964	0.23260	0.17072	0.02043	0.01175	0.00301	0.06083	0.01756	0.00824	0.00768
14	0.07855	0.16635	0.07322	0.01585	0.02029	0.01659	0.07832	0.01940	0.01795	0.02542	0.10995	0.27649	0.03718	0.01598	0.00878	0.00280	0.00750	0.01408	0.00620	0.00908

[dist]
# distance from previous block
# <min> <max>
15	65

[block]
# block no. 8 follows, 21 sequences, length 7
# corresponding to MSA columns:
# 873-879
name=unknown_I
#
# <colnr> <probs for GDERKNQSTAVLIFYWHMCP>
#	G	D	E	R	K	N	Q	S	T	A	V	L	I	F	Y	W	H	M	C	P
0	0.01918	0.07162	0.01985	0.01821	0.06251	0.12874	0.01338	0.02728	0.16237	0.02838	0.16480	0.09112	0.03908	0.01470	0.00917	0.00281	0.00809	0.10141	0.00719	0.01010
1	0.01974	0.02033	0.02044	0.11923	0.02559	0.17430	0.01523	0.02318	0.04127	0.02201	0.02107	0.06359	0.04176	0.06984	0.04439	0.00379	0.19617	0.00892	0.06026	0.00890
2	0.01279	0.06421	0.01404	0.01142	0.01343	0.01080	0.00864	0.01550	0.01787	0.02444	0.24171	0.05111	0.10527	0.15469	0.20994	0.00689	0.01077	0.01239	0.00658	0.00753
3	0.02839	0.19030	0.08864	0.02030	0.02630	0.41445	0.01741	0.07514	0.02318	0.02367	0.01360	0.01559	0.01120	0.00848	0.00727	0.00218	0.01322	0.00551	0.00445	0.01071
4	0.13046	0.02316	0.03049	0.06443	0.11529	0.13429	0.15749	0.02592	0.01791	0.02579	0.01391	0.01892	0.01158	0.00964	0.01315	0.00288	0.18261	0.00732	0.00427	0.01048
5	0.02891	0.09303	0.11910	0.02169	0.02751	0.52184	0.01851	0.03228	0.02268	0.02167	0.01336	0.01560	0.01093	0.00855	0.00756	0.00224	0.01445	0.00553	0.00421	0.01035
6	0.01917	0.17670	0.28139	0.02566	0.12193	0.02231	0.06932	0.02753	0.07667	0.02691	0.05904	0.02227	0.01751	0.00872	0.00791	0.00251	0.01047	0.00733	0.00462	0.01205

[dist]
# distance from previous block
# <min> <max>
2	10

[block]
# block no. 9 follows, 21 sequences, length 9
# corresponding to MSA columns:
# 890-898
name=unknown_J
#
# <colnr> <probs for GDERKNQSTAVLIFYWHMCP>
#	G	D	E	R	K	N	Q	S	T	A	V	L	I	F	Y	W	H	M	C	P
0	0.02407	0.21446	0.03256	0.06153	0.19985	0.02560	0.01851	0.17408	0.10957	0.03272	0.01848	0.02039	0.01464	0.00875	0.00765	0.00240	0.00923	0.00703	0.00571	0.01279
1	0.02706	0.14760	0.02609	0.01791	0.02351	0.20611	0.01464	0.23451	0.07415	0.03347	0.02553	0.02576	0.08657	0.01070	0.00792	0.00238	0.01022	0.00783	0.00642	0.01162
2	0.02522	0.18044	0.03215	0.02692	0.16110	0.19473	0.05683	0.08287	0.10785	0.02753	0.01739	0.01945	0.01404	0.00859	0.00770	0.00235	0.01100	0.00680	0.00513	0.01190
3	0.02467	0.15878	0.03184	0.12800	0.17460	0.26889	0.04646	0.02838	0.02046	0.02271	0.01404	0.01780	0.01168	0.00810	0.00766	0.00233	0.01229	0.00631	0.00411	0.01091
4	0.01546	0.01365	0.01385	0.01325	0.01592	0.08645	0.01024	0.02142	0.09351	0.03078	0.38034	0.05981	0.10581	0.01681	0.00982	0.00282	0.00616	0.08672	0.00840	0.00878
5	0.02133	0.02369	0.02304	0.11259	0.02728	0.22813	0.01704	0.02393	0.01775	0.02094	0.01969	0.02464	0.06735	0.01576	0.05812	0.00367	0.27361	0.00786	0.00436	0.00921
6	0.01423	0.06466	0.01462	0.01207	0.01519	0.01210	0.00959	0.05628	0.07434	0.02783	0.15575	0.13604	0.27142	0.01895	0.00976	0.00293	0.00565	0.08202	0.00791	0.00867
7	0.02352	0.02124	0.02021	0.07633	0.04787	0.17702	0.01446	0.10815	0.09618	0.08014	0.18366	0.03545	0.03357	0.01216	0.00884	0.00262	0.00913	0.03138	0.00728	0.01081
8	0.02317	0.03377	0.19784	0.03026	0.10643	0.22808	0.20349	0.02921	0.02075	0.02518	0.01527	0.01900	0.01180	0.00797	0.00859	0.00257	0.01372	0.00732	0.00413	0.01148

[dist]
# distance from previous block
# <min> <max>
3	5

[block]
# block no. 10 follows, 21 sequences, length 8
# corresponding to MSA columns:
# 904-911
name=unknown_K
#
# <colnr> <probs for GDERKNQSTAVLIFYWHMCP>
#	G	D	E	R	K	N	Q	S	T	A	V	L	I	F	Y	W	H	M	C	P
0	0.01257	0.00958	0.01321	0.01294	0.01404	0.01099	0.00963	0.01472	0.01363	0.01919	0.02657	0.04065	0.05871	0.21612	0.42687	0.01097	0.06736	0.01031	0.00484	0.00709
1	0.01614	0.01322	0.02103	0.22083	0.14420	0.01424	0.04355	0.02067	0.01806	0.02577	0.02602	0.11035	0.02459	0.01281	0.00875	0.00283	0.00845	0.09513	0.16392	0.00943
