[name]
unknown

[dist]
# distance from previous block
# <min> <max>
0	54

[block]
# block no. 0 follows, 22 sequences, length 10
# corresponding to MSA columns:
# 59-68
name=unknown_A
#
# <colnr> <probs for GDERKNQSTAVLIFYWHMCP>
#	G	D	E	R	K	N	Q	S	T	A	V	L	I	F	Y	W	H	M	C	P
0	0.01635	0.01056	0.01256	0.01197	0.01477	0.01013	0.00924	0.04272	0.06548	0.11145	0.09790	0.08874	0.21504	0.13013	0.01506	0.00381	0.00621	0.12152	0.00781	0.00855
1	0.02056	0.01974	0.03372	0.05099	0.65622	0.01974	0.02550	0.02550	0.01892	0.02714	0.01563	0.02056	0.01316	0.00740	0.00822	0.00247	0.00987	0.00740	0.00411	0.01316
2	0.07209	0.01031	0.01100	0.01072	0.01364	0.01006	0.00825	0.01825	0.10144	0.02753	0.18149	0.09146	0.33940	0.01821	0.00940	0.00284	0.00489	0.05295	0.00789	0.00818
3	0.01913	0.02225	0.08284	0.11798	0.17073	0.02032	0.38963	0.02570	0.01896	0.02604	0.01619	0.02168	0.01240	0.00730	0.00917	0.00272	0.01268	0.00877	0.00408	0.01143
4	0.01478	0.01530	0.01216	0.01172	0.01462	0.15572	0.00873	0.01707	0.02033	0.02318	0.13250	0.09716	0.41039	0.01806	0.00934	0.00267	0.00661	0.01486	0.00712	0.00768
5	0.01701	0.01238	0.01455	0.01399	0.01645	0.01285	0.01030	0.20951	0.02333	0.03120	0.03750	0.48359	0.04185	0.02088	0.00987	0.00309	0.00621	0.01844	0.00790	0.00912
6	0.01677	0.01611	0.02275	0.01993	0.02026	0.02209	0.01644	0.01884	0.01286	0.01984	0.01343	0.02139	0.01310	0.02517	0.17148	0.00580	0.54356	0.00763	0.00382	0.00872
7	0.01051	0.00751	0.01008	0.01201	0.01266	0.00708	0.00839	0.01224	0.01629	0.02164	0.04557	0.63024	0.05410	0.02566	0.01071	0.00343	0.00516	0.09217	0.00770	0.00685
8	0.21483	0.08364	0.02303	0.06850	0.05424	0.30091	0.01504	0.09982	0.02174	0.02874	0.01353	0.01585	0.01081	0.00832	0.00691	0.00232	0.01110	0.00556	0.00487	0.01022
9	0.02085	0.02221	0.02693	0.28700	0.16090	0.19014	0.06497	0.02476	0.01864	0.02200	0.01455	0.02023	0.01176	0.00974	0.01011	0.06265	0.01177	0.00702	0.00396	0.00980

[dist]
# distance from previous block
# <min> <max>
37	112

[block]
# block no. 1 follows, 22 sequences, length 11
# corresponding to MSA columns:
# 195-205
name=unknown_B
#
# <colnr> <probs for GDERKNQSTAVLIFYWHMCP>
#	G	D	E	R	K	N	Q	S	T	A	V	L	I	F	Y	W	H	M	C	P
0	0.01564	0.07686	0.10854	0.11049	0.10053	0.03915	0.01635	0.02103	0.06593	0.02351	0.02869	0.29868	0.03022	0.01551	0.00891	0.00286	0.00815	0.01367	0.00574	0.00955
1	0.12138	0.02044	0.07365	0.01897	0.09346	0.10499	0.01419	0.05938	0.01941	0.06054	0.02390	0.07707	0.06882	0.01252	0.03493	0.00274	0.00897	0.00831	0.00556	0.17079
2	0.01768	0.03099	0.34108	0.02762	0.18441	0.07320	0.02397	0.02422	0.01863	0.02534	0.02682	0.02880	0.12162	0.01009	0.00827	0.00258	0.01052	0.00834	0.00445	0.01136
3	0.06155	0.02218	0.16010	0.12482	0.02788	0.09118	0.01711	0.05608	0.01844	0.02513	0.02453	0.12933	0.05736	0.01815	0.08803	0.00392	0.01111	0.00988	0.00509	0.04813
4	0.02065	0.02100	0.02465	0.15805	0.18400	0.15739	0.04534	0.07517	0.02109	0.02573	0.02607	0.05886	0.08952	0.01128	0.00863	0.00263	0.01033	0.04407	0.00520	0.01033
5	0.01186	0.00845	0.00986	0.01020	0.01241	0.00742	0.00750	0.01406	0.01871	0.06135	0.11672	0.26399	0.36085	0.02163	0.01003	0.00299	0.00468	0.04185	0.00799	0.00746
6	0.02258	0.21993	0.10596	0.01730	0.02355	0.04688	0.01631	0.20474	0.05086	0.03156	0.02071	0.02904	0.01814	0.01476	0.06005	0.00334	0.01038	0.08679	0.00583	0.01130
7	0.01490	0.02047	0.16962	0.02257	0.07329	0.01436	0.16697	0.02018	0.01839	0.02472	0.03841	0.13254	0.17346	0.01441	0.00950	0.00290	0.00923	0.05876	0.00562	0.00971
8	0.01199	0.00853	0.01066	0.01134	0.01253	0.00819	0.00784	0.04906	0.01799	0.02403	0.12623	0.43131	0.10246	0.08222	0.01414	0.04249	0.00531	0.01913	0.00750	0.00705
9	0.02874	0.12829	0.02658	0.07027	0.02747	0.45252	0.01629	0.10862	0.02412	0.02446	0.01373	0.01594	0.01117	0.00853	0.00736	0.00218	0.01309	0.00566	0.00466	0.01033
10	0.05690	0.18145	0.05794	0.01964	0.02662	0.02071	0.14995	0.03299	0.10413	0.23317	0.02278	0.02278	0.01623	0.00874	0.00783	0.00247	0.00916	0.00765	0.00661	0.01225

[dist]
# distance from previous block
# <min> <max>
0	1

[block]
# block no. 2 follows, 22 sequences, length 21
# corresponding to MSA columns:
# 207-227
name=unknown_C
#
# <colnr> <probs for GDERKNQSTAVLIFYWHMCP>
#	G	D	E	R	K	N	Q	S	T	A	V	L	I	F	Y	W	H	M	C	P
0	0.02197	0.10820	0.07782	0.01879	0.07590	0.01993	0.01514	0.24981	0.02706	0.03678	0.16178	0.03081	0.05535	0.01104	0.00816	0.00238	0.00788	0.00895	0.00690	0.05536
1	0.02111	0.01521	0.01750	0.01471	0.01931	0.01506	0.01142	0.24461	0.02523	0.06848	0.02870	0.26281	0.02860	0.01487	0.00866	0.00253	0.00684	0.01271	0.00746	0.17417
2	0.01152	0.00878	0.01208	0.08482	0.01751	0.00852	0.00954	0.01407	0.01768	0.02414	0.16898	0.45022	0.05249	0.02095	0.00991	0.00301	0.00539	0.01887	0.00741	0.05411
3	0.02373	0.02068	0.02045	0.01746	0.02274	0.07634	0.01375	0.17192	0.41138	0.03693	0.02762	0.02622	0.02071	0.01040	0.00818	0.00258	0.00783	0.00831	0.00782	0.06496
4	0.01204	0.00823	0.00997	0.00997	0.01028	0.00855	0.00617	0.01266	0.01235	0.01678	0.02534	0.04976	0.02820	0.57114	0.17645	0.00918	0.01106	0.01141	0.00491	0.00554
5	0.01703	0.01458	0.01540	0.01428	0.01827	0.01599	0.01112	0.03307	0.42197	0.03054	0.04939	0.04898	0.21396	0.01482	0.00902	0.00287	0.00593	0.04355	0.00819	0.01102
6	0.01816	0.01840	0.02542	0.02163	0.02254	0.05494	0.05505	0.02045	0.01375	0.02034	0.01268	0.01996	0.01215	0.01932	0.10038	0.00464	0.53983	0.00752	0.00380	0.00905
7	0.01817	0.00956	0.01248	0.01183	0.01410	0.00880	0.00858	0.02029	0.01858	0.19195	0.14145	0.24327	0.04402	0.17226	0.01697	0.00409	0.00611	0.04091	0.00804	0.00855
8	0.02056	0.01974	0.03372	0.05099	0.65622	0.01974	0.02550	0.02550	0.01892	0.02714	0.01563	0.02056	0.01316	0.00740	0.00822	0.00247	0.00987	0.00740	0.00411	0.01316
9	0.02071	0.01856	0.02905	0.27404	0.33275	0.02032	0.02295	0.12783	0.02156	0.02936	0.01606	0.02102	0.01258	0.00817	0.00827	0.00258	0.01018	0.00741	0.00468	0.01192
10	0.01039	0.00764	0.00927	0.01043	0.01135	0.00703	0.00694	0.01173	0.01592	0.02060	0.05097	0.45211	0.18401	0.14238	0.01588	0.00405	0.00524	0.02027	0.00725	0.00651
11	0.01192	0.00868	0.01222	0.01222	0.01331	0.00977	0.00897	0.01411	0.01301	0.01844	0.02329	0.03839	0.02327	0.23327	0.50757	0.01195	0.01849	0.00974	0.00460	0.00679
12	0.01184	0.00807	0.00962	0.00980	0.01008	0.00812	0.00595	0.01245	0.01312	0.01773	0.05587	0.12245	0.03413	0.54252	0.09741	0.00781	0.00887	0.01315	0.00545	0.00557
13	0.01387	0.00996	0.01157	0.01154	0.01304	0.00997	0.00804	0.09358	0.01817	0.02387	0.03978	0.25571	0.11302	0.27172	0.02182	0.00493	0.00670	0.05868	0.00681	0.00719
14	0.01175	0.00846	0.00973	0.01006	0.01234	0.00738	0.00741	0.01389	0.01859	0.06019	0.09700	0.25422	0.39271	0.02170	0.01002	0.00298	0.00467	0.04152	0.00793	0.00742
15	0.02010	0.01852	0.02025	0.14640	0.06686	0.10233	0.01531	0.10483	0.18708	0.02907	0.02724	0.17494	0.02514	0.01324	0.00875	0.00278	0.00866	0.01129	0.00655	0.01065
16	0.02117	0.02230	0.02868	0.25412	0.32624	0.15760	0.02270	0.02571	0.01914	0.02376	0.01476	0.01990	0.01195	0.00794	0.00810	0.00250	0.01134	0.00696	0.00401	0.01112
17	0.02237	0.02363	0.03049	0.11356	0.45058	0.16565	0.02313	0.02674	0.01970	0.02498	0.01491	0.01949	0.01238	0.00776	0.00807	0.00243	0.01114	0.00694	0.00410	0.01195
18	0.12345	0.06770	0.33568	0.09690	0.03275	0.15872	0.02293	0.02685	0.01820	0.02565	0.01383	0.01676	0.01042	0.00802	0.00735	0.00249	0.01174	0.00581	0.00392	0.01084
19	0.02808	0.08203	0.02720	0.02750	0.16599	0.48398	0.01803	0.03088	0.02205	0.02180	0.01337	0.01611	0.01125	0.00820	0.00750	0.00219	0.01342	0.00574	0.00419	0.01049
20	0.01920	0.15215	0.32459	0.02578	0.12523	0.05601	0.02426	0.02527	0.01716	0.02393	0.01368	0.01724	0.01102	0.00879	0.01060	0.00259	0.12117	0.00618	0.00367	0.01148

[dist]
# distance from previous block
# <min> <max>
0	4

[block]
# block no. 3 follows, 22 sequences, length 42
# corresponding to MSA columns:
# 232-273
name=unknown_D
#
# <colnr> <probs for GDERKNQSTAVLIFYWHMCP>
#	G	D	E	R	K	N	Q	S	T	A	V	L	I	F	Y	W	H	M	C	P
0	0.09731	0.25419	0.09096	0.01669	0.02328	0.02288	0.04461	0.09092	0.02065	0.15574	0.05241	0.02086	0.01667	0.00916	0.00824	0.00238	0.04893	0.00673	0.00590	0.01150
1	0.01083	0.00780	0.01032	0.01171	0.01264	0.00744	0.00832	0.01283	0.01687	0.02255	0.10556	0.47472	0.08207	0.05863	0.04540	0.00404	0.00605	0.08774	0.00756	0.00693
2	0.01052	0.00788	0.00963	0.01035	0.01177	0.00713	0.00724	0.01264	0.01830	0.02411	0.19624	0.35679	0.21836	0.05510	0.01172	0.00327	0.00460	0.01945	0.00792	0.00699
3	0.02172	0.02178	0.09868	0.04351	0.48678	0.01905	0.06728	0.02712	0.01930	0.08889	0.01731	0.02113	0.01357	0.00771	0.00831	0.00252	0.01014	0.00753	0.00466	0.01302
4	0.01786	0.01843	0.02056	0.05559	0.02270	0.16838	0.07269	0.02086	0.01639	0.02019	0.01844	0.02726	0.01693	0.08310	0.31831	0.00793	0.07352	0.00816	0.00432	0.00838
5	0.01168	0.00866	0.01109	0.01160	0.01355	0.00807	0.00916	0.01495	0.02051	0.02740	0.29671	0.14399	0.17922	0.02051	0.01038	0.00309	0.00517	0.18850	0.00827	0.00750
6	0.02928	0.03161	0.02576	0.02616	0.14015	0.38161	0.01770	0.19160	0.02687	0.03016	0.01525	0.01733	0.01207	0.00873	0.00784	0.00229	0.01249	0.00629	0.00533	0.01148
7	0.03074	0.06646	0.02466	0.02069	0.02550	0.53495	0.01593	0.13507	0.02591	0.02580	0.01400	0.01576	0.01129	0.00874	0.00754	0.00218	0.01371	0.00568	0.00494	0.01045
8	0.02519	0.02192	0.11151	0.02385	0.13928	0.01950	0.01800	0.17488	0.16721	0.14644	0.02637	0.02603	0.04161	0.01000	0.00834	0.00261	0.00856	0.00826	0.00725	0.01320
9	0.02754	0.08263	0.02672	0.02173	0.02570	0.48031	0.05051	0.02994	0.02098	0.02057	0.01264	0.01583	0.01084	0.00940	0.01089	0.00241	0.13169	0.00587	0.00411	0.00970
10	0.01094	0.00757	0.00940	0.01052	0.01080	0.00729	0.00659	0.01178	0.01430	0.01907	0.03758	0.43137	0.04459	0.31140	0.02386	0.00533	0.00617	0.01879	0.00659	0.00603
11	0.01065	0.00763	0.01015	0.01152	0.01240	0.00713	0.00804	0.01276	0.01772	0.02402	0.17677	0.53181	0.05964	0.02391	0.01048	0.00323	0.00477	0.05232	0.00802	0.00703
12	0.01957	0.01897	0.03087	0.08826	0.44296	0.02118	0.02335	0.02371	0.01709	0.02480	0.01429	0.02003	0.01240	0.00939	0.01336	0.00280	0.19386	0.00737	0.00395	0.01178
13	0.01051	0.00778	0.00982	0.01072	0.01200	0.00709	0.00750	0.01274	0.01848	0.02468	0.21567	0.42163	0.16544	0.02272	0.01025	0.00307	0.00447	0.02024	0.00810	0.00709
14	0.01773	0.00991	0.01014	0.00933	0.01193	0.01026	0.00720	0.10447	0.02044	0.03396	0.02610	0.02943	0.02029	0.00972	0.00616	0.00201	0.00461	0.00771	0.64996	0.00863
15	0.01034	0.00844	0.00914	0.00896	0.01154	0.00724	0.00672	0.01293	0.02017	0.02537	0.23702	0.07513	0.49816	0.01995	0.00981	0.00275	0.00413	0.01686	0.00810	0.00724
16	0.01176	0.00798	0.00942	0.00973	0.00990	0.00799	0.00579	0.01217	0.01277	0.01711	0.02904	0.15569	0.03353	0.55953	0.07693	0.00764	0.00843	0.01371	0.00542	0.00545
17	0.01414	0.01042	0.01395	0.01547	0.01767	0.01071	0.01336	0.02000	0.08346	0.02588	0.04293	0.08722	0.04549	0.02174	0.01116	0.00372	0.00754	0.53920	0.00773	0.00822
18	0.02468	0.02794	0.01971	0.01783	0.02164	0.38905	0.01349	0.05810	0.09524	0.02701	0.18766	0.02973	0.03077	0.01121	0.00826	0.00236	0.01076	0.00852	0.00626	0.00977
19	0.01892	0.01736	0.02737	0.08500	0.41462	0.01803	0.02117	0.02647	0.11560	0.02734	0.02294	0.06964	0.02075	0.01068	0.00872	0.00273	0.00893	0.06645	0.00532	0.01196
20	0.02056	0.01974	0.03372	0.05099	0.65622	0.01974	0.02550	0.02550	0.01892	0.02714	0.01563	0.02056	0.01316	0.00740	0.00822	0.00247	0.00987	0.00740	0.00411	0.01316
21	0.02691	0.03177	0.02755	0.03306	0.27402	0.41674	0.01977	0.03015	0.02172	0.02301	0.01394	0.01718	0.01167	0.00810	0.00778	0.00227	0.01297	0.00616	0.00421	0.01102
22	0.01166	0.00847	0.01014	0.03465	0.01347	0.00788	0.00787	0.01468	0.01958	0.02679	0.23318	0.15009	0.25610	0.01851	0.00937	0.00275	0.00459	0.04671	0.11607	0.00744
23	0.01569	0.01477	0.02492	0.68808	0.05722	0.01846	0.02307	0.02123	0.01661	0.02123	0.01477	0.02215	0.01107	0.00831	0.00831	0.00277	0.01107	0.00738	0.00369	0.00923
24	0.02698	0.02697	0.01963	0.01716	0.02139	0.33417	0.01323	0.17709	0.02574	0.03114	0.01844	0.02052	0.01440	0.00921	0.00724	0.00217	0.01054	0.00652	0.20721	0.01024
25	0.01353	0.01153	0.01815	0.27584	0.03142	0.01399	0.01548	0.01728	0.01483	0.02027	0.02101	0.09306	0.01979	0.03516	0.31565	0.00773	0.05304	0.00966	0.00443	0.00815
26	0.01611	0.01237	0.01460	0.01265	0.01633	0.01176	0.00962	0.10567	0.06130	0.03198	0.25165	0.15285	0.04515	0.04272	0.01014	0.00265	0.00565	0.01268	0.00763	0.17650
27	0.01195	0.00951	0.01089	0.01069	0.01324	0.00898	0.00816	0.01713	0.08948	0.02762	0.26689	0.10061	0.31519	0.01896	0.00982	0.00284	0.00465	0.05712	0.00828	0.00801
28	0.01666	0.04297	0.66500	0.02368	0.03596	0.01929	0.03069	0.02631	0.01754	0.02631	0.01491	0.01754	0.01052	0.00789	0.00789	0.00263	0.01228	0.00614	0.00351	0.01228
29	0.01927	0.03228	0.34790	0.08350	0.23843	0.05826	0.02698	0.04910	0.01909	0.02683	0.01520	0.01882	0.01157	0.00788	0.00802	0.00255	0.01144	0.00665	0.00395	0.01224
30	0.01701	0.08497	0.62605	0.02308	0.03504	0.02014	0.02966	0.02622	0.01750	0.02588	0.01470	0.01728	0.01053	0.00784	0.00773	0.00258	0.01206	0.00603	0.00351	0.01218
31	0.01197	0.00801	0.00909	0.00921	0.00924	0.00798	0.00519	0.01205	0.01231	0.01641	0.02733	0.09258	0.03166	0.66784	0.04042	0.00778	0.00786	0.01276	0.00519	0.00513
32	0.01012	0.00723	0.00964	0.01157	0.01205	0.00675	0.00771	0.01157	0.01591	0.02121	0.04579	0.70262	0.05495	0.02603	0.01060	0.00337	0.00482	0.02362	0.00771	0.00675
33	0.01771	0.01713	0.02530	0.40731	0.18473	0.05920	0.02139	0.02387	0.06150	0.02346	0.01838	0.07016	0.01563	0.00958	0.00841	0.00271	0.01029	0.00855	0.00444	0.01024
34	0.01569	0.01477	0.02492	0.68808	0.05722	0.01846	0.02307	0.02123	0.01661	0.02123	0.01477	0.02215	0.01107	0.00831	0.00831	0.00277	0.01107	0.00738	0.00369	0.00923
35	0.01101	0.00820	0.01024	0.01027	0.01209	0.00743	0.00750	0.01402	0.02094	0.02848	0.40501	0.20335	0.19137	0.01976	0.00998	0.00282	0.00417	0.01739	0.00854	0.00743
36	0.14527	0.05708	0.01969	0.01580	0.02051	0.21394	0.01256	0.19469	0.02473	0.03424	0.01762	0.01948	0.01366	0.00899	0.00688	0.00225	0.00930	0.00628	0.16661	0.01043
37	0.01804	0.12479	0.12044	0.07178	0.12815	0.02051	0.07956	0.02275	0.01708	0.02451	0.05119	0.02273	0.01655	0.01171	0.03794	0.00305	0.13410	0.00751	0.07723	0.01039
38	0.02047	0.02507	0.22713	0.01843	0.02556	0.01860	0.01838	0.06816	0.29739	0.08327	0.08590	0.02878	0.02462	0.01057	0.00838	0.00270	0.00835	0.00869	0.00706	0.01249
39	0.17961	0.01650	0.08129	0.01337	0.01835	0.01439	0.01181	0.11813	0.02186	0.09527	0.11903	0.08623	0.16449	0.01380	0.00828	0.00268	0.00660	0.01114	0.00727	0.00992
40	0.16508	0.12408	0.13637	0.01472	0.02062	0.01769	0.01430	0.08108	0.01965	0.06500	0.06176	0.09203	0.09888	0.01260	0.00781	0.00263	0.00768	0.04186	0.00609	0.01005
41	0.01748	0.06831	0.24519	0.02442	0.09384	0.01751	0.12763	0.02372	0.01807	0.05245	0.07668	0.02580	0.01980	0.01846	0.12941	0.00453	0.01293	0.00824	0.00468	0.01086

[dist]
# distance from previous block
# <min> <max>
0	184

[block]
# block no. 4 follows, 22 sequences, length 29
# corresponding to MSA columns:
# 458-486
name=unknown_E
#
# <colnr> <probs for GDERKNQSTAVLIFYWHMCP>
#	G	D	E	R	K	N	Q	S	T	A	V	L	I	F	Y	W	H	M	C	P
0	0.20293	0.08871	0.17818	0.06329	0.07766	0.07830	0.01851	0.02602	0.01753	0.07182	0.03944	0.01902	0.01381	0.00886	0.00863	0.00256	0.06304	0.00629	0.00474	0.01068
1	0.02515	0.15278	0.06756	0.04377	0.05047	0.28953	0.01622	0.06619	0.02144	0.05261	0.01957	0.02130	0.05911	0.00945	0.00826	0.00226	0.04108	0.00664	0.00486	0.04174
2	0.01587	0.04430	0.01515	0.01174	0.01535	0.01179	0.00874	0.07997	0.01929	0.02722	0.15695	0.08117	0.03435	0.20779	0.01758	0.00374	0.00656	0.01054	0.00633	0.22556
3	0.01233	0.00894	0.01111	0.01128	0.01253	0.00892	0.00774	0.04028	0.01548	0.02094	0.03493	0.26668	0.07497	0.24813	0.14821	0.00661	0.00942	0.01517	0.00613	0.04018
4	0.01332	0.00949	0.01105	0.01115	0.01236	0.00946	0.00745	0.08227	0.01730	0.02285	0.03848	0.31217	0.09374	0.29413	0.02283	0.00508	0.00654	0.01666	0.00672	0.00693
5	0.02497	0.08803	0.02535	0.20117	0.03341	0.27179	0.01743	0.11540	0.09383	0.02672	0.01666	0.01932	0.01296	0.00887	0.00775	0.00241	0.01158	0.00659	0.00511	0.01066
6	0.01824	0.02655	0.29287	0.02546	0.14817	0.01710	0.02234	0.02538	0.04697	0.07568	0.04794	0.02427	0.01743	0.01815	0.12286	0.00448	0.04219	0.00764	0.00482	0.01146
7	0.05080	0.20821	0.02633	0.01778	0.05655	0.09549	0.01403	0.10145	0.09130	0.02736	0.02257	0.02454	0.06428	0.01387	0.05565	0.00316	0.07058	0.00739	0.03808	0.01056
8	0.03021	0.03741	0.02373	0.02132	0.02543	0.60127	0.01618	0.06030	0.02356	0.02182	0.01305	0.01543	0.01088	0.00902	0.00884	0.00226	0.05950	0.00558	0.00443	0.00981
9	0.01073	0.00796	0.00898	0.00951	0.01066	0.00732	0.00623	0.01188	0.01561	0.01979	0.05256	0.23989	0.26305	0.27314	0.02188	0.00488	0.00578	0.01720	0.00674	0.00622
10	0.01340	0.01037	0.01259	0.01184	0.01366	0.01085	0.00876	0.04335	0.01691	0.02331	0.07695	0.13591	0.16575	0.15550	0.09288	0.00501	0.08527	0.01319	0.05447	0.05002
11	0.01399	0.01202	0.01742	0.01620	0.01718	0.01545	0.01300	0.01657	0.01314	0.01952	0.01844	0.02777	0.01745	0.04624	0.45721	0.01008	0.24781	0.00835	0.00418	0.00798
12	0.01094	0.00832	0.00975	0.00957	0.01173	0.00736	0.00707	0.01341	0.02019	0.02642	0.31559	0.09733	0.34388	0.02007	0.01131	0.05148	0.00431	0.01609	0.00805	0.00713
13	0.01078	0.00755	0.00957	0.01079	0.01123	0.00719	0.00697	0.01198	0.01533	0.02057	0.08032	0.47779	0.04953	0.21744	0.01947	0.00464	0.00567	0.01980	0.00705	0.00634
14	0.01666	0.04297	0.66500	0.02368	0.03596	0.01929	0.03069	0.02631	0.01754	0.02631	0.01491	0.01754	0.01052	0.00789	0.00789	0.00263	0.01228	0.00614	0.00351	0.01228
15	0.01201	0.00832	0.01043	0.01043	0.01090	0.00880	0.00674	0.01296	0.01249	0.01712	0.02493	0.04745	0.02720	0.50255	0.24368	0.00974	0.01257	0.01107	0.00485	0.00579
16	0.01016	0.00818	0.00869	0.00899	0.01107	0.00711	0.00636	0.01189	0.01757	0.02143	0.07062	0.17395	0.47848	0.11110	0.01416	0.00358	0.00480	0.01778	0.00737	0.00671
17	0.01818	0.01818	0.02545	0.02181	0.02181	0.02545	0.01818	0.01999	0.01272	0.01999	0.01091	0.01818	0.01091	0.01454	0.02726	0.00364	0.69284	0.00727	0.00364	0.00909
18	0.01617	0.01522	0.02160	0.01912	0.01959	0.02065	0.01570	0.01835	0.01292	0.01977	0.01452	0.02278	0.01404	0.02974	0.23344	0.00673	0.47943	0.00779	0.00389	0.00856
19	0.01004	0.00849	0.00872	0.00884	0.01159	0.00717	0.00675	0.01225	0.01895	0.02259	0.08168	0.08080	0.61549	0.02116	0.00992	0.00287	0.00442	0.05352	0.00771	0.00705
20	0.76672	0.01607	0.01221	0.01092	0.01607	0.01864	0.00900	0.02442	0.01414	0.03727	0.01157	0.01350	0.00900	0.00771	0.00514	0.00257	0.00643	0.00450	0.00514	0.00900
21	0.01012	0.00723	0.00964	0.01157	0.01205	0.00675	0.00771	0.01157	0.01591	0.02121	0.04579	0.70262	0.05495	0.02603	0.01060	0.00337	0.00482	0.02362	0.00771	0.00675
22	0.02792	0.03350	0.02328	0.02084	0.02443	0.49768	0.01601	0.06385	0.02214	0.02203	0.01353	0.01684	0.01155	0.01287	0.05178	0.00308	0.11859	0.00598	0.00442	0.00967
23	0.07749	0.03604	0.02180	0.01985	0.02404	0.58978	0.01494	0.03173	0.02254	0.02210	0.01367	0.01591	0.01127	0.00858	0.00723	0.00215	0.01372	0.00545	0.05223	0.00947
24	0.01063	0.00784	0.00995	0.01072	0.01205	0.00716	0.00754	0.01301	0.01894	0.02549	0.25673	0.39225	0.15267	0.02222	0.01021	0.00303	0.00442	0.01979	0.00820	0.00716
25	0.10755	0.01839	0.02407	0.05338	0.18441	0.01993	0.01695	0.20346	0.02384	0.12538	0.01838	0.02088	0.01385	0.01070	0.01123	0.05257	0.06960	0.00722	0.00626	0.01197
26	0.07729	0.01850	0.05862	0.04617	0.09140	0.08319	0.01443	0.02860	0.11324	0.13560	0.11551	0.03370	0.02763	0.05551	0.01044	0.00293	0.00816	0.03616	0.00683	0.03608
27	0.01637	0.01884	0.11906	0.16275	0.19095	0.01608	0.01946	0.02140	0.01803	0.02563	0.07951	0.03060	0.08488	0.01047	0.00947	0.00257	0.05387	0.00879	0.05315	0.05811
28	0.01770	0.01774	0.03272	0.30428	0.17783	0.01930	0.18657	0.02318	0.01755	0.02379	0.01575	0.02229	0.01248	0.01112	0.04747	0.00335	0.04429	0.00813	0.00396	0.01050

[dist]
# distance from previous block
# <min> <max>
0	49

[block]
# block no. 5 follows, 22 sequences, length 89
# corresponding to MSA columns:
# 536-624
name=unknown_F
#
# <colnr> <probs for GDERKNQSTAVLIFYWHMCP>
#	G	D	E	R	K	N	Q	S	T	A	V	L	I	F	Y	W	H	M	C	P
0	0.13616	0.02405	0.02151	0.16692	0.06709	0.24035	0.01620	0.07643	0.06420	0.02814	0.06708	0.02199	0.01745	0.00929	0.00768	0.00248	0.01057	0.00703	0.00528	0.01012
1	0.30432	0.02531	0.01910	0.01777	0.05214	0.25299	0.01323	0.12521	0.02196	0.03281	0.01450	0.01645	0.01137	0.00848	0.00668	0.00236	0.00993	0.00562	0.04958	0.01018
2	0.15331	0.01658	0.01714	0.01754	0.07696	0.09122	0.01240	0.10466	0.01932	0.02884	0.02208	0.05205	0.04356	0.02771	0.23039	0.00611	0.01309	0.00822	0.04941	0.00940
3	0.01965	0.02031	0.02215	0.02154	0.09110	0.15279	0.04183	0.02377	0.06078	0.02353	0.05781	0.05987	0.04607	0.06568	0.01546	0.00309	0.17484	0.00895	0.00511	0.08568
4	0.02172	0.01955	0.08676	0.20153	0.03175	0.08817	0.01720	0.07325	0.02108	0.14231	0.05230	0.03423	0.06876	0.01393	0.04097	0.00322	0.01019	0.05646	0.00620	0.01043
5	0.01443	0.00722	0.01082	0.01082	0.01082	0.00722	0.00722	0.01082	0.01082	0.01443	0.01443	0.02525	0.01443	0.02886	0.03247	0.75830	0.00722	0.00722	0.00361	0.00361
6	0.21503	0.17278	0.10044	0.05564	0.02487	0.12185	0.01546	0.09794	0.01993	0.02966	0.01360	0.01574	0.01079	0.00791	0.00651	0.00224	0.00952	0.00537	0.00475	0.06996
7	0.01204	0.00823	0.00995	0.00995	0.01025	0.00853	0.00614	0.01265	0.01234	0.01676	0.02537	0.04988	0.02826	0.57476	0.17291	0.00915	0.01098	0.01142	0.00491	0.00553
8	0.10676	0.02063	0.02151	0.02172	0.11390	0.09681	0.01500	0.16077	0.19530	0.06559	0.02323	0.05193	0.01847	0.01249	0.03659	0.00305	0.00920	0.00821	0.00682	0.01202
9	0.01833	0.01883	0.06135	0.03841	0.38862	0.01826	0.08866	0.02313	0.01741	0.02500	0.01681	0.02297	0.01441	0.01913	0.14716	0.00483	0.05316	0.00791	0.00413	0.01148
10	0.01012	0.00723	0.00964	0.01157	0.01205	0.00675	0.00771	0.01157	0.01591	0.02121	0.04579	0.70262	0.05495	0.02603	0.01060	0.00337	0.00482	0.02362	0.00771	0.00675
11	0.01885	0.02399	0.15877	0.08173	0.29263	0.02088	0.09131	0.02435	0.01728	0.02503	0.01458	0.01978	0.01196	0.00899	0.01227	0.00280	0.15186	0.00739	0.00387	0.01166
12	0.02435	0.07256	0.02352	0.19408	0.03159	0.28421	0.01656	0.02751	0.02022	0.09170	0.02199	0.02446	0.07167	0.01010	0.00904	0.00248	0.05173	0.00740	0.00502	0.00982
13	0.01188	0.01156	0.05561	0.01140	0.01442	0.00940	0.00930	0.01697	0.08371	0.02601	0.18507	0.19079	0.30447	0.01927	0.00970	0.00287	0.00507	0.01659	0.00780	0.00813
14	0.01187	0.00890	0.01335	0.01335	0.01483	0.01038	0.01038	0.01483	0.01335	0.01928	0.02225	0.03264	0.02077	0.06231	0.67512	0.01335	0.02225	0.00890	0.00445	0.00742
15	0.02782	0.03286	0.02207	0.02001	0.02442	0.47211	0.01515	0.03657	0.21486	0.02480	0.01934	0.01994	0.01524	0.00940	0.00779	0.00235	0.01238	0.00660	0.00557	0.01072
16	0.06918	0.02117	0.04537	0.09546	0.02565	0.15189	0.01456	0.14308	0.02358	0.14540	0.02642	0.12953	0.04863	0.01233	0.00837	0.00263	0.00927	0.00993	0.00680	0.01078
17	0.01014	0.00768	0.00936	0.01052	0.01182	0.00690	0.00729	0.01196	0.01736	0.02242	0.09942	0.46685	0.24051	0.02387	0.01031	0.00315	0.00457	0.02115	0.00781	0.00690
18	0.01075	0.00761	0.00967	0.01106	0.01163	0.00723	0.00737	0.01204	0.01537	0.02032	0.04308	0.48780	0.07824	0.18155	0.01786	0.00444	0.00570	0.05477	0.00710	0.00642
19	0.02173	0.12900	0.02222	0.01733	0.07056	0.09352	0.01280	0.14598	0.09604	0.03069	0.02833	0.03025	0.09392	0.04044	0.00898	0.00256	0.00801	0.00844	0.12863	0.01057
20	0.02223	0.02607	0.06147	0.02231	0.06157	0.26210	0.06604	0.05902	0.02012	0.02355	0.02034	0.15881	0.02035	0.01300	0.01170	0.00276	0.12374	0.01009	0.00505	0.00970
21	0.01173	0.00824	0.00971	0.01023	0.01212	0.00728	0.00726	0.01361	0.01783	0.05969	0.08503	0.33871	0.31349	0.05129	0.01143	0.00325	0.00479	0.01924	0.00781	0.00727
22	0.01738	0.01470	0.01584	0.01494	0.01857	0.01640	0.01133	0.03414	0.44886	0.03070	0.04140	0.17460	0.09528	0.01531	0.00904	0.00293	0.00597	0.01316	0.00822	0.01120
23	0.02725	0.03747	0.13058	0.02576	0.11235	0.47847	0.01974	0.03101	0.02193	0.02223	0.01356	0.01615	0.01100	0.00829	0.00766	0.00227	0.01385	0.00576	0.00413	0.01054
24	0.06521	0.02374	0.06579	0.18283	0.32314	0.14975	0.02241	0.02606	0.01896	0.02502	0.01460	0.01921	0.01181	0.00788	0.00790	0.00248	0.01109	0.00674	0.00408	0.01129
25	0.01549	0.01502	0.01359	0.01371	0.01611	0.14576	0.01062	0.01825	0.01981	0.02378	0.13651	0.13654	0.17725	0.02221	0.06374	0.00379	0.00869	0.14437	0.00694	0.00782
26	0.01049	0.00850	0.00935	0.00931	0.01186	0.00736	0.00709	0.01313	0.02004	0.02518	0.21735	0.07649	0.48009	0.02018	0.00991	0.00282	0.00434	0.05120	0.00805	0.00725
27	0.01012	0.00723	0.00964	0.01157	0.01205	0.00675	0.00771	0.01157	0.01591	0.02121	0.04579	0.70262	0.05495	0.02603	0.01060	0.00337	0.00482	0.02362	0.00771	0.00675
28	0.02480	0.17224	0.15589	0.09355	0.03034	0.16868	0.01930	0.18513	0.02428	0.02987	0.01506	0.01725	0.01160	0.00847	0.00743	0.00233	0.01122	0.00610	0.00497	0.01151
29	0.02128	0.02481	0.06929	0.03182	0.29615	0.20849	0.01925	0.02527	0.02051	0.02492	0.07026	0.02968	0.10246	0.01029	0.00831	0.00244	0.01034	0.00862	0.00497	0.01086
30	0.15877	0.16497	0.06879	0.05313	0.18134	0.12735	0.08437	0.02641	0.01827	0.02602	0.01366	0.01698	0.01119	0.00761	0.00711	0.00235	0.01050	0.00612	0.00417	0.01090
31	0.01982	0.21743	0.10096	0.02636	0.06705	0.02499	0.24151	0.02471	0.01723	0.02331	0.01390	0.01844	0.01155	0.00865	0.01176	0.00264	0.14771	0.00730	0.00383	0.01084
32	0.01060	0.00838	0.00955	0.00940	0.01174	0.00732	0.00700	0.01338	0.02056	0.02666	0.30576	0.10951	0.39115	0.01973	0.00986	0.00276	0.00413	0.01690	0.00828	0.00732
33	0.01149	0.00895	0.01075	0.01164	0.01403	0.00821	0.00963	0.01440	0.01902	0.02358	0.06531	0.08640	0.36906	0.02194	0.01060	0.00328	0.00582	0.29088	0.00768	0.00731
34	0.02235	0.06309	0.28485	0.02924	0.18327	0.22577	0.02417	0.02821	0.01973	0.02436	0.01430	0.01730	0.01123	0.00795	0.00774	0.00240	0.01240	0.00613	0.00390	0.01160
35	0.01021	0.00815	0.00914	0.00948	0.01161	0.00709	0.00689	0.01246	0.01899	0.02394	0.16841	0.22117	0.42018	0.02153	0.01000	0.00291	0.00430	0.01853	0.00795	0.00709
36	0.01041	0.00765	0.00946	0.01060	0.01159	0.00703	0.00716	0.01202	0.01666	0.02184	0.09902	0.46142	0.16798	0.09983	0.01390	0.00372	0.00499	0.02050	0.00753	0.00670
37	0.02071	0.01697	0.01968	0.11082	0.02481	0.05679	0.01425	0.21700	0.02333	0.03145	0.02269	0.12969	0.02122	0.04706	0.06852	0.00390	0.09317	0.01017	0.05777	0.01001
38	0.00990	0.00808	0.00876	0.00930	0.01145	0.00694	0.00671	0.01182	0.01808	0.02209	0.07337	0.25508	0.48469	0.02244	0.01004	0.00297	0.00438	0.01924	0.00771	0.00694
39	0.17752	0.03418	0.02135	0.01921	0.02377	0.51516	0.01464	0.05796	0.02236	0.02513	0.01290	0.01491	0.01051	0.00845	0.00706	0.00224	0.01302	0.00528	0.00463	0.00971
40	0.02221	0.71304	0.04353	0.01421	0.02132	0.03287	0.01421	0.02488	0.01688	0.01955	0.01155	0.01333	0.01066	0.00711	0.00533	0.00178	0.00888	0.00444	0.00355	0.01066
41	0.01955	0.01871	0.03189	0.18329	0.53183	0.01947	0.02499	0.02461	0.01844	0.02591	0.01545	0.02089	0.01273	0.00759	0.00824	0.00253	0.01012	0.00740	0.00402	0.01234
42	0.01224	0.00945	0.01407	0.01385	0.01525	0.01127	0.01084	0.01514	0.01331	0.01933	0.02158	0.03178	0.02019	0.05948	0.63682	0.01278	0.06190	0.00880	0.00440	0.00752
43	0.01012	0.00723	0.00964	0.01157	0.01205	0.00675	0.00771	0.01157	0.01591	0.02121	0.04579	0.70262	0.05495	0.02603	0.01060	0.00337	0.00482	0.02362	0.00771	0.00675
44	0.01326	0.01095	0.01602	0.01522	0.01637	0.01371	0.01210	0.01597	0.01321	0.01944	0.01975	0.02945	0.01859	0.05177	0.53226	0.01121	0.17013	0.00854	0.00427	0.00779
45	0.01208	0.00805	0.00906	0.00906	0.00906	0.00805	0.00503	0.01208	0.01208	0.01611	0.02618	0.05436	0.03020	0.70804	0.04228	0.00805	0.00805	0.01208	0.00503	0.00503
46	0.02825	0.25447	0.03013	0.01884	0.02429	0.39637	0.01543	0.09639	0.02312	0.02362	0.01321	0.01500	0.01107	0.00825	0.00689	0.00206	0.01237	0.00529	0.00449	0.01046
47	0.01904	0.02882	0.28040	0.04032	0.41384	0.01956	0.02753	0.02581	0.01838	0.02682	0.01535	0.01938	0.01213	0.00759	0.00809	0.00253	0.01081	0.00691	0.00388	0.01281
48	0.01682	0.01387	0.01537	0.01501	0.04763	0.06581	0.01085	0.05639	0.06701	0.02561	0.02452	0.03087	0.04368	0.06998	0.25072	0.00652	0.01275	0.00839	0.12642	0.09178
49	0.01046	0.00767	0.00924	0.01032	0.01124	0.00708	0.00683	0.01176	0.01582	0.02044	0.05062	0.42462	0.18830	0.16565	0.01696	0.00421	0.00535	0.01983	0.00716	0.00646
50	0.01208	0.00805	0.00906	0.00906	0.00906	0.00805	0.00503	0.01208	0.01208	0.01611	0.02618	0.05436	0.03020	0.70804	0.04228	0.00805	0.00805	0.01208	0.00503	0.00503
51	0.02541	0.25216	0.18585	0.01893	0.02630	0.23709	0.01861	0.02966	0.01998	0.09255	0.01514	0.01655	0.01174	0.00813	0.00700	0.00219	0.01150	0.00559	0.00452	0.01110
52	0.01187	0.00890	0.01335	0.01335	0.01483	0.01038	0.01038	0.01483	0.01335	0.01928	0.02225	0.03264	0.02077	0.06231	0.67512	0.01335	0.02225	0.00890	0.00445	0.00742
53	0.01069	0.00822	0.00964	0.00992	0.01182	0.00735	0.00722	0.01311	0.01920	0.02491	0.22782	0.19802	0.31475	0.06161	0.01195	0.00322	0.00461	0.04091	0.00795	0.00710
54	0.02264	0.68037	0.04256	0.01456	0.02153	0.06401	0.01430	0.02528	0.01720	0.01958	0.01161	0.01341	0.01066	0.00718	0.00544	0.00179	0.00918	0.00449	0.00359	0.01061
55	0.21879	0.06585	0.01928	0.01515	0.02004	0.04762	0.01259	0.23976	0.02482	0.03712	0.02532	0.07249	0.05149	0.01265	0.00794	0.00273	0.00793	0.10108	0.00681	0.01054
56	0.02335	0.01988	0.02025	0.01755	0.02263	0.04926	0.01382	0.16430	0.49091	0.03778	0.03007	0.02804	0.02242	0.01089	0.00838	0.00272	0.00746	0.00883	0.00825	0.01320
57	0.01029	0.00834	0.00855	0.00855	0.01078	0.00723	0.00605	0.01196	0.01752	0.02113	0.07219	0.07467	0.52433	0.16284	0.01652	0.00389	0.00500	0.01641	0.00716	0.00660
58	0.05932	0.02174	0.05155	0.04535	0.02691	0.02208	0.04284	0.41539	0.03217	0.13253	0.02059	0.02082	0.01439	0.00945	0.00813	0.00248	0.00902	0.00740	0.00772	0.05011
59	0.02244	0.01678	0.01900	0.01660	0.02109	0.01815	0.01376	0.30656	0.09761	0.03932	0.07548	0.04932	0.06099	0.01507	0.00946	0.00296	0.00781	0.18819	0.00815	0.01128
60	0.02311	0.02445	0.02158	0.15202	0.03005	0.23728	0.01609	0.03594	0.31188	0.02727	0.02306	0.02392	0.01765	0.00978	0.00810	0.00258	0.01026	0.00765	0.00612	0.01120
61	0.01207	0.00811	0.00936	0.00936	0.00946	0.00821	0.00540	0.01227	0.01217	0.01633	0.02590	0.05286	0.02955	0.66348	0.08596	0.00842	0.00903	0.01186	0.00499	0.00520
62	0.01811	0.16567	0.19070	0.09202	0.02726	0.08133	0.01846	0.02231	0.01644	0.02133	0.01749	0.07937	0.01683	0.09562	0.01428	0.00328	0.09755	0.00820	0.00417	0.00961
63	0.02489	0.02267	0.02277	0.02215	0.09812	0.11998	0.01569	0.18416	0.32684	0.03602	0.02510	0.02464	0.01895	0.01009	0.00825	0.00259	0.00886	0.00808	0.00728	0.01286
64	0.01166	0.00837	0.01142	0.01173	0.01259	0.00908	0.00829	0.01345	0.01336	0.01860	0.02722	0.14607	0.02916	0.25843	0.37148	0.01011	0.01504	0.01224	0.00515	0.00657
65	0.02613	0.36026	0.03298	0.01738	0.02331	0.24898	0.01494	0.09582	0.06468	0.02449	0.01445	0.01584	0.01207	0.00820	0.00661	0.00205	0.01082	0.00543	0.00466	0.01087
66	0.01666	0.04297	0.66500	0.02368	0.03596	0.01929	0.03069	0.02631	0.01754	0.02631	0.01491	0.01754	0.01052	0.00789	0.00789	0.00263	0.01228	0.00614	0.00351	0.01228
67	0.01862	0.09507	0.02745	0.02097	0.02176	0.02627	0.01774	0.02053	0.01318	0.01994	0.01098	0.01764	0.01088	0.01372	0.02484	0.00343	0.61715	0.00696	0.00363	0.00926
68	0.01932	0.36439	0.36689	0.01914	0.02894	0.02581	0.02279	0.02562	0.01722	0.02306	0.01330	0.01552	0.01059	0.00752	0.00666	0.00222	0.01065	0.00532	0.00353	0.01150
69	0.01025	0.00843	0.00901	0.00886	0.01148	0.00720	0.00665	0.01275	0.01995	0.02484	0.20934	0.07600	0.52617	0.02014	0.00981	0.00276	0.00414	0.01698	0.00803	0.00720
70	0.02479	0.01726	0.01915	0.01653	0.02169	0.01901	0.01305	0.06795	0.47970	0.17381	0.03300	0.02993	0.02383	0.01100	0.00843	0.00275	0.00679	0.00908	0.00885	0.01341
71	0.01296	0.00928	0.01266	0.01241	0.01385	0.01042	0.00928	0.04066	0.01443	0.02075	0.02322	0.03632	0.02239	0.18554	0.48141	0.01116	0.01779	0.00941	0.04882	0.00725
72	0.00999	0.00809	0.00876	0.00927	0.01135	0.00699	0.00663	0.01184	0.01785	0.02185	0.07166	0.24242	0.46986	0.05099	0.01138	0.00317	0.00453	0.01890	0.00760	0.00686
73	0.01438	0.00764	0.00813	0.00853	0.01017	0.00754	0.00620	0.01775	0.01711	0.02896	0.03096	0.16961	0.02824	0.01305	0.00680	0.00223	0.00407	0.01102	0.60009	0.00754
74	0.01928	0.01843	0.03141	0.21831	0.49890	0.01940	0.02486	0.02437	0.01831	0.02559	0.01540	0.02098	0.01261	0.00764	0.00825	0.00255	0.01019	0.00740	0.00400	0.01213
75	0.01585	0.01476	0.02099	0.01869	0.01924	0.01990	0.01530	0.01809	0.01295	0.01973	0.01509	0.02350	0.01454	0.03214	0.26600	0.00722	0.44573	0.00787	0.00394	0.00847
76	0.01012	0.00723	0.00964	0.01157	0.01205	0.00675	0.00771	0.01157	0.01591	0.02121	0.04579	0.70262	0.05495	0.02603	0.01060	0.00337	0.00482	0.02362	0.00771	0.00675
77	0.03133	0.03069	0.02430	0.02015	0.02573	0.32063	0.01591	0.35800	0.03201	0.03780	0.01672	0.01769	0.01257	0.00933	0.00794	0.00233	0.01180	0.00651	0.00648	0.01208
78	0.02056	0.01974	0.03372	0.05099	0.65622	0.01974	0.02550	0.02550	0.01892	0.02714	0.01563	0.02056	0.01316	0.00740	0.00822	0.00247	0.00987	0.00740	0.00411	0.01316
79	0.01144	0.00935	0.01034	0.01068	0.01340	0.00858	0.00851	0.01543	0.06193	0.02388	0.07090	0.07992	0.46221	0.02083	0.01013	0.00305	0.00521	0.15888	0.00775	0.00759
80	0.01048	0.00749	0.01005	0.01198	0.01262	0.00706	0.00834	0.01219	0.01626	0.02161	0.04559	0.63524	0.05416	0.02569	0.01070	0.00342	0.00513	0.08744	0.00770	0.00685
81	0.01208	0.00805	0.00906	0.00906	0.00906	0.00805	0.00503	0.01208	0.01208	0.01611	0.02618	0.05436	0.03020	0.70804	0.04228	0.00805	0.00805	0.01208	0.00503	0.00503
82	0.02089	0.01475	0.01656	0.05999	0.01955	0.01602	0.01098	0.26997	0.02462	0.03411	0.02378	0.06168	0.02183	0.22911	0.01865	0.00420	0.00791	0.00964	0.12613	0.00961
83	0.01089	0.00782	0.00915	0.00988	0.01062	0.00735	0.00630	0.01186	0.01489	0.01929	0.04511	0.30390	0.16349	0.31410	0.02387	0.00524	0.00607	0.01752	0.00658	0.00607
84	0.03136	0.02186	0.02373	0.01827	0.02470	0.02388	0.01507	0.55433	0.03688	0.10136	0.02130	0.02110	0.01496	0.00999	0.00821	0.00248	0.00875	0.00756	0.04036	0.01386
85	0.01003	0.00758	0.00928	0.01065	0.01181	0.00683	0.00730	0.01167	0.01679	0.02157	0.05700	0.52070	0.22963	0.02457	0.01037	0.00321	0.00464	0.02184	0.00771	0.00683
86	0.08187	0.01995	0.06053	0.02312	0.02864	0.05046	0.23308	0.06678	0.01968	0.10226	0.02198	0.12668	0.01953	0.01164	0.01118	0.00288	0.09292	0.01048	0.00573	0.01060
87	0.01725	0.01567	0.02563	0.12450	0.27384	0.01590	0.07976	0.04500	0.01918	0.02632	0.03038	0.07437	0.11861	0.01164	0.00876	0.00267	0.00873	0.03436	0.05692	0.01049
88	0.02379	0.02569	0.02142	0.01892	0.02153	0.29488	0.01457	0.09138	0.02011	0.02307	0.01568	0.02343	0.01470	0.12294	0.05105	0.00405	0.19163	0.00732	0.00468	0.00915

[dist]
# distance from previous block
# <min> <max>
0	10

[block]
# block no. 6 follows, 22 sequences, length 28
# corresponding to MSA columns:
# 635-662
name=unknown_G
#
# <colnr> <probs for GDERKNQSTAVLIFYWHMCP>
#	G	D	E	R	K	N	Q	S	T	A	V	L	I	F	Y	W	H	M	C	P
0	0.32755	0.06428	0.01998	0.01681	0.02158	0.37730	0.01311	0.02922	0.01941	0.02713	0.01226	0.01430	0.01001	0.00814	0.00643	0.00230	0.01122	0.00496	0.00459	0.00943
1	0.01037	0.00885	0.00974	0.05387	0.01439	0.00785	0.00756	0.01286	0.01917	0.02328	0.12758	0.07458	0.56147	0.01985	0.00972	0.00279	0.00464	0.01664	0.00757	0.00723
2	0.02366	0.14145	0.05929	0.05860	0.23060	0.11287	0.04425	0.14738	0.02314	0.02950	0.01808	0.02077	0.03735	0.00861	0.00776	0.00236	0.01037	0.00707	0.00499	0.01191
3	0.01696	0.01503	0.01314	0.01268	0.01506	0.15130	0.00964	0.01996	0.01748	0.02374	0.02837	0.03328	0.08528	0.02890	0.23890	0.00603	0.01266	0.00866	0.25495	0.00796
4	0.02595	0.36265	0.07290	0.01786	0.02422	0.26249	0.01605	0.08614	0.02146	0.02341	0.01303	0.01482	0.01100	0.00796	0.00655	0.00203	0.01131	0.00517	0.00427	0.01072
5	0.01634	0.01436	0.02417	0.01984	0.02393	0.01395	0.20189	0.09598	0.02038	0.02701	0.03555	0.24601	0.09499	0.01738	0.01121	0.04269	0.00857	0.07026	0.00647	0.00903
6	0.01929	0.09294	0.02587	0.02226	0.09101	0.16585	0.09710	0.02279	0.01748	0.02139	0.01754	0.02391	0.01550	0.03090	0.29122	0.00699	0.01674	0.00759	0.00425	0.00939
7	0.01337	0.01048	0.01234	0.01152	0.01420	0.01046	0.00874	0.02120	0.15499	0.03196	0.43290	0.05814	0.15477	0.01638	0.00951	0.00269	0.00453	0.01420	0.00878	0.00885
8	0.01974	0.02122	0.02387	0.02070	0.02232	0.16096	0.05346	0.02205	0.01652	0.02149	0.05806	0.09268	0.02010	0.01417	0.01904	0.00317	0.38760	0.00925	0.00460	0.00901
9	0.01569	0.01477	0.02492	0.68808	0.05722	0.01846	0.02307	0.02123	0.01661	0.02123	0.01477	0.02215	0.01107	0.00831	0.00831	0.00277	0.01107	0.00738	0.00369	0.00923
10	0.01012	0.00723	0.00964	0.01157	0.01205	0.00675	0.00771	0.01157	0.01591	0.02121	0.04579	0.70262	0.05495	0.02603	0.01060	0.00337	0.00482	0.02362	0.00771	0.00675
11	0.01074	0.00825	0.00983	0.00986	0.01189	0.00734	0.00723	0.01354	0.02047	0.02710	0.33181	0.17773	0.29405	0.02007	0.00994	0.00282	0.00418	0.01744	0.00835	0.00734
12	0.02056	0.01974	0.03372	0.05099	0.65622	0.01974	0.02550	0.02550	0.01892	0.02714	0.01563	0.02056	0.01316	0.00740	0.00822	0.00247	0.00987	0.00740	0.00411	0.01316
13	0.01569	0.01477	0.02492	0.68808	0.05722	0.01846	0.02307	0.02123	0.01661	0.02123	0.01477	0.02215	0.01107	0.00831	0.00831	0.00277	0.01107	0.00738	0.00369	0.00923
14	0.01187	0.00890	0.01335	0.01335	0.01483	0.01038	0.01038	0.01483	0.01335	0.01928	0.02225	0.03264	0.02077	0.06231	0.67512	0.01335	0.02225	0.00890	0.00445	0.00742
15	0.01101	0.00846	0.01007	0.00967	0.01195	0.00752	0.00725	0.01423	0.02175	0.02913	0.43335	0.06894	0.29949	0.01854	0.00981	0.00269	0.00403	0.01599	0.00859	0.00752
16	0.01549	0.00774	0.00774	0.00774	0.00968	0.00774	0.00581	0.01936	0.01742	0.03097	0.02710	0.03097	0.02129	0.00968	0.00581	0.00194	0.00387	0.00774	0.75416	0.00774
17	0.02056	0.01974	0.03372	0.05099	0.65622	0.01974	0.02550	0.02550	0.01892	0.02714	0.01563	0.02056	0.01316	0.00740	0.00822	0.00247	0.00987	0.00740	0.00411	0.01316
18	0.07116	0.02288	0.02425	0.01867	0.02524	0.02538	0.01542	0.59599	0.03772	0.05154	0.01949	0.01960	0.01385	0.00985	0.00814	0.00250	0.00900	0.00732	0.00814	0.01385
19	0.01021	0.00783	0.00937	0.01026	0.01179	0.00698	0.00721	0.01221	0.01798	0.02318	0.13577	0.39217	0.27906	0.02305	0.01021	0.00307	0.00448	0.02029	0.00789	0.00698
20	0.01081	0.00845	0.00979	0.00946	0.01183	0.00744	0.00709	0.01385	0.02128	0.02802	0.37528	0.07077	0.35825	0.01896	0.00981	0.00271	0.00406	0.01625	0.00845	0.00744
21	0.01215	0.00799	0.00903	0.00914	0.00927	0.00796	0.00523	0.01243	0.01258	0.01719	0.02737	0.09101	0.03118	0.63155	0.03852	0.00746	0.00765	0.01253	0.04451	0.00528
22	0.02748	0.01944	0.02153	0.01744	0.02283	0.02107	0.01415	0.46340	0.03340	0.08049	0.02611	0.13560	0.02287	0.01327	0.00885	0.00271	0.00824	0.04025	0.00829	0.01259
23	0.10274	0.21852	0.02661	0.01589	0.02204	0.20080	0.01330	0.08911	0.02081	0.02683	0.01354	0.01541	0.01125	0.00764	0.00641	0.00190	0.00967	0.00513	0.00474	0.18768
24	0.05838	0.02612	0.18162	0.02682	0.18785	0.08581	0.02037	0.09626	0.02077	0.02888	0.02238	0.02471	0.07928	0.00969	0.00895	0.00250	0.04572	0.00764	0.00494	0.06131
25	0.01399	0.01032	0.01277	0.01268	0.01477	0.01084	0.00934	0.02067	0.14578	0.04852	0.12089	0.23264	0.07683	0.07075	0.15408	0.00552	0.00904	0.01474	0.00729	0.00854
26	0.16033	0.06861	0.09010	0.02460	0.15850	0.19327	0.01756	0.06643	0.01975	0.02750	0.01480	0.01825	0.01218	0.01375	0.07741	0.00352	0.01203	0.00617	0.00456	0.01067
27	0.01470	0.02072	0.19241	0.01855	0.02482	0.01345	0.12772	0.01999	0.01853	0.02603	0.13136	0.11975	0.09576	0.04821	0.01066	0.00290	0.00859	0.01182	0.00575	0.08828

[dist]
# distance from previous block
# <min> <max>
10	74

[block]
# block no. 7 follows, 22 sequences, length 127
# corresponding to MSA columns:
# 743-869
name=unknown_H
#
# <colnr> <probs for GDERKNQSTAVLIFYWHMCP>
#	G	D	E	R	K	N	Q	S	T	A	V	L	I	F	Y	W	H	M	C	P
0	0.06044	0.05784	0.17371	0.02193	0.05853	0.17123	0.06250	0.10173	0.09433	0.02921	0.01844	0.04842	0.01493	0.00927	0.00787	0.00246	0.01084	0.00737	0.00525	0.04369
1	0.01729	0.06367	0.09044	0.05055	0.09159	0.01626	0.13266	0.05191	0.01933	0.02641	0.03087	0.03275	0.15575	0.01030	0.00821	0.00232	0.00877	0.00927	0.00521	0.17643
2	0.01800	0.01445	0.01730	0.04520	0.08109	0.01391	0.01185	0.15437	0.02316	0.03163	0.07502	0.04112	0.21533	0.01265	0.00826	0.00231	0.00654	0.01048	0.04680	0.17055
