[name]
unknown

[dist]
# distance from previous block
# <min> <max>
0	5

[block]
# block no. 0 follows, 22 sequences, length 28
# corresponding to MSA columns:
# 5-32
name=unknown_A
#
# <colnr> <probs for GDERKNQSTAVLIFYWHMCP>
#	G	D	E	R	K	N	Q	S	T	A	V	L	I	F	Y	W	H	M	C	P
0	0.09634	0.07611	0.12045	0.05713	0.07748	0.16483	0.01746	0.02475	0.01887	0.02512	0.02015	0.03312	0.01886	0.01103	0.00799	0.00257	0.01021	0.13372	0.00493	0.07886
1	0.02312	0.19011	0.25651	0.02290	0.07990	0.21238	0.02159	0.05727	0.02029	0.02439	0.01386	0.01621	0.01100	0.00797	0.00725	0.00228	0.01195	0.00570	0.00403	0.01131
2	0.05789	0.21158	0.07011	0.03526	0.35681	0.05525	0.05049	0.02575	0.01831	0.02516	0.01419	0.01789	0.01198	0.00740	0.00730	0.00229	0.01001	0.00640	0.00399	0.01196
3	0.01672	0.01556	0.07155	0.02075	0.13997	0.01245	0.01412	0.04430	0.01828	0.05659	0.02757	0.27372	0.02867	0.01429	0.00854	0.00250	0.00704	0.01273	0.00609	0.20857
4	0.01574	0.03984	0.08588	0.01374	0.01879	0.01211	0.01207	0.01962	0.01800	0.05337	0.14166	0.11802	0.03140	0.01700	0.07315	0.00327	0.03574	0.01005	0.00603	0.27451
5	0.01027	0.00812	0.00877	0.00914	0.01101	0.00714	0.00636	0.01188	0.01716	0.02111	0.06667	0.19706	0.42878	0.14050	0.01557	0.00382	0.00499	0.01778	0.00725	0.00662
6	0.01688	0.04144	0.61913	0.02452	0.03651	0.01942	0.07503	0.02633	0.01769	0.02633	0.01505	0.01790	0.01068	0.00783	0.00803	0.00264	0.01241	0.00641	0.00356	0.01220
7	0.03103	0.03959	0.02354	0.02140	0.02568	0.67469	0.01605	0.03317	0.02354	0.02033	0.01284	0.01498	0.01070	0.00856	0.00749	0.00214	0.01498	0.00535	0.00428	0.00963
8	0.01131	0.00773	0.00929	0.01004	0.01023	0.00754	0.00608	0.01188	0.01358	0.01810	0.03386	0.30821	0.03989	0.44097	0.02988	0.00622	0.00679	0.01660	0.00608	0.00570
9	0.01451	0.00786	0.00786	0.00786	0.00994	0.00762	0.00589	0.01808	0.01768	0.02950	0.03694	0.03942	0.13021	0.01164	0.00650	0.00209	0.00393	0.00943	0.62543	0.00762
10	0.01176	0.00849	0.01110	0.01045	0.01241	0.00784	0.00784	0.01568	0.02352	0.03331	0.65184	0.06206	0.07839	0.01698	0.00980	0.00261	0.00392	0.01502	0.00914	0.00784
11	0.01254	0.01008	0.01647	0.01524	0.01733	0.01131	0.06416	0.01586	0.01390	0.01992	0.02178	0.03174	0.02006	0.05748	0.61701	0.01243	0.02153	0.00898	0.00443	0.00775
12	0.01677	0.14233	0.01457	0.00898	0.01190	0.01254	0.00741	0.02041	0.01732	0.02879	0.02413	0.02760	0.01926	0.00919	0.00572	0.00191	0.00483	0.00711	0.61093	0.00830
13	0.02565	0.02916	0.09308	0.05307	0.02716	0.25185	0.01808	0.18419	0.02414	0.02928	0.01503	0.01823	0.01204	0.01217	0.03863	0.00306	0.14262	0.00660	0.00511	0.01088
14	0.03040	0.02264	0.02493	0.06893	0.02811	0.02522	0.01633	0.58329	0.03739	0.05004	0.01956	0.02011	0.01390	0.00985	0.00831	0.00251	0.00929	0.00747	0.00797	0.01376
15	0.02957	0.03115	0.02418	0.09247	0.02911	0.37475	0.01672	0.24215	0.02828	0.03174	0.01556	0.01751	0.01195	0.00903	0.00787	0.00233	0.01250	0.00632	0.00564	0.01118
16	0.01984	0.02013	0.03769	0.10169	0.41409	0.02002	0.21131	0.02547	0.01893	0.02646	0.01592	0.02127	0.01281	0.00736	0.00872	0.00260	0.01126	0.00814	0.00410	0.01221
17	0.02703	0.02041	0.02172	0.01754	0.02323	0.02280	0.01420	0.40487	0.21765	0.04538	0.02467	0.02413	0.01806	0.01034	0.00815	0.00255	0.00795	0.00807	0.06792	0.01332
18	0.01206	0.00815	0.00952	0.00952	0.00968	0.00831	0.00561	0.01238	0.01222	0.01645	0.02575	0.05202	0.02919	0.63842	0.11051	0.00863	0.00958	0.01174	0.00497	0.00529
19	0.03158	0.02327	0.02493	0.01911	0.02576	0.02576	0.01579	0.62852	0.03906	0.05236	0.01995	0.01995	0.01413	0.00997	0.00831	0.00249	0.00914	0.00748	0.00831	0.01413
20	0.01187	0.00890	0.01335	0.01335	0.01483	0.01038	0.01038	0.01483	0.01335	0.01928	0.02225	0.03264	0.02077	0.06231	0.67512	0.01335	0.02225	0.00890	0.00445	0.00742
21	0.01067	0.00751	0.00973	0.01129	0.01176	0.00715	0.00751	0.01197	0.01535	0.02044	0.04195	0.54581	0.04984	0.15581	0.01669	0.00429	0.00559	0.05295	0.00720	0.00647
22	0.01864	0.01943	0.03799	0.23850	0.19423	0.01992	0.29803	0.02470	0.01853	0.02509	0.01590	0.02189	0.01227	0.00750	0.00897	0.00271	0.01212	0.00849	0.00402	0.01107
23	0.01823	0.01715	0.02833	0.09867	0.48092	0.01726	0.02174	0.02282	0.01907	0.02656	0.07188	0.03067	0.09127	0.00977	0.00853	0.00254	0.00887	0.00914	0.00487	0.01171
24	0.02035	0.01977	0.07491	0.02134	0.13968	0.12744	0.01463	0.07210	0.01916	0.02626	0.01811	0.02293	0.01492	0.01299	0.01260	0.16262	0.00881	0.00699	0.19524	0.00915
25	0.01941	0.19825	0.13789	0.05129	0.14447	0.05538	0.01801	0.02311	0.01740	0.05361	0.01947	0.11967	0.01850	0.01228	0.00987	0.06847	0.00925	0.00875	0.00465	0.01027
26	0.02625	0.11297	0.05664	0.14724	0.05722	0.23050	0.01716	0.02987	0.02043	0.16084	0.01807	0.02027	0.01351	0.01126	0.04038	0.00290	0.01174	0.00658	0.00535	0.01084
27	0.02191	0.10952	0.26966	0.01852	0.02680	0.05164	0.01967	0.12998	0.02263	0.08605	0.08550	0.02305	0.01951	0.00924	0.00775	0.00236	0.00961	0.00718	0.00570	0.07372

[dist]
# distance from previous block
# <min> <max>
0	4

[block]
# block no. 1 follows, 22 sequences, length 17
# corresponding to MSA columns:
# 37-53
name=unknown_B
#
# <colnr> <probs for GDERKNQSTAVLIFYWHMCP>
#	G	D	E	R	K	N	Q	S	T	A	V	L	I	F	Y	W	H	M	C	P
0	0.02430	0.08576	0.02722	0.02771	0.22489	0.10186	0.01734	0.20803	0.02463	0.03214	0.01724	0.02225	0.01460	0.07940	0.01123	0.00287	0.00978	0.00723	0.00550	0.05603
1	0.09368	0.01880	0.08413	0.17408	0.29223	0.01776	0.02092	0.02383	0.05083	0.02650	0.01966	0.10459	0.01786	0.01018	0.00820	0.00269	0.00920	0.00909	0.00475	0.01102
2	0.08436	0.03249	0.29024	0.08923	0.16543	0.14831	0.02415	0.02686	0.01864	0.02578	0.01435	0.01775	0.01104	0.00794	0.00769	0.00251	0.01169	0.00623	0.00394	0.01138
3	0.02216	0.01442	0.01877	0.01975	0.12113	0.01441	0.01306	0.08877	0.11846	0.17705	0.10738	0.10086	0.08985	0.04304	0.01032	0.00292	0.00684	0.01154	0.00795	0.01132
4	0.01739	0.01379	0.01974	0.01646	0.01960	0.01431	0.10677	0.15430	0.02009	0.02717	0.02527	0.12462	0.02556	0.24367	0.12765	0.00620	0.01111	0.01171	0.00591	0.00868
5	0.02525	0.02820	0.08922	0.03010	0.20988	0.20482	0.06043	0.15664	0.02435	0.03050	0.01573	0.01852	0.01234	0.00823	0.00800	0.00235	0.01146	0.00675	0.00505	0.05217
6	0.03103	0.03959	0.02354	0.02140	0.02568	0.67469	0.01605	0.03317	0.02354	0.02033	0.01284	0.01498	0.01070	0.00856	0.00749	0.00214	0.01498	0.00535	0.00428	0.00963
7	0.01714	0.04011	0.58714	0.02705	0.11246	0.01935	0.03005	0.02621	0.01771	0.02641	0.01500	0.01791	0.01085	0.00783	0.00793	0.00261	0.01198	0.00629	0.00358	0.01239
8	0.01187	0.00890	0.01335	0.01335	0.01483	0.01038	0.01038	0.01483	0.01335	0.01928	0.02225	0.03264	0.02077	0.06231	0.67512	0.01335	0.02225	0.00890	0.00445	0.00742
9	0.01733	0.03830	0.52516	0.02625	0.03765	0.01968	0.16586	0.02638	0.01801	0.02638	0.01534	0.01864	0.01100	0.00769	0.00833	0.00267	0.01267	0.00697	0.00367	0.01203
10	0.01804	0.01750	0.03074	0.36760	0.30061	0.01922	0.07970	0.02347	0.01783	0.02414	0.01531	0.02152	0.01207	0.00782	0.00841	0.00265	0.01085	0.00761	0.00391	0.01102
11	0.01240	0.08021	0.01382	0.01158	0.01370	0.01077	0.00860	0.01628	0.07096	0.02391	0.12303	0.38271	0.15974	0.02082	0.00964	0.00297	0.00516	0.01828	0.00753	0.00788
12	0.01214	0.00842	0.01076	0.01018	0.01213	0.00783	0.00763	0.01605	0.02290	0.03308	0.58837	0.05890	0.07259	0.01624	0.00939	0.00254	0.00391	0.01428	0.08483	0.00783
13	0.01874	0.12905	0.02377	0.01757	0.02115	0.18474	0.08740	0.02138	0.01824	0.02121	0.02616	0.27121	0.02820	0.01955	0.07019	0.00365	0.01082	0.01283	0.00544	0.00872
14	0.01868	0.02536	0.20897	0.14440	0.34731	0.01946	0.02584	0.02614	0.05493	0.02640	0.01636	0.02058	0.01280	0.00791	0.00816	0.00258	0.01055	0.00716	0.00413	0.01227
15	0.02056	0.01974	0.03372	0.05099	0.65622	0.01974	0.02550	0.02550	0.01892	0.02714	0.01563	0.02056	0.01316	0.00740	0.00822	0.00247	0.00987	0.00740	0.00411	0.01316
16	0.02137	0.01347	0.01731	0.01842	0.11740	0.01329	0.01219	0.05435	0.11533	0.17160	0.09982	0.03921	0.12672	0.01226	0.00831	0.00253	0.00623	0.01037	0.12880	0.01102

[dist]
# distance from previous block
# <min> <max>
0	1

[block]
# block no. 2 follows, 22 sequences, length 25
# corresponding to MSA columns:
# 55-79
name=unknown_C
#
# <colnr> <probs for GDERKNQSTAVLIFYWHMCP>
#	G	D	E	R	K	N	Q	S	T	A	V	L	I	F	Y	W	H	M	C	P
0	0.01269	0.01041	0.01468	0.01759	0.12346	0.01012	0.01100	0.01596	0.01897	0.02581	0.22860	0.09741	0.19930	0.02622	0.14516	0.00488	0.00881	0.01369	0.00686	0.00839
1	0.02278	0.02455	0.02919	0.03988	0.43676	0.20237	0.02158	0.02675	0.02021	0.02492	0.01940	0.02294	0.05494	0.00863	0.00812	0.00240	0.01093	0.00750	0.00440	0.01176
2	0.01187	0.00890	0.01335	0.01335	0.01483	0.01038	0.01038	0.01483	0.01335	0.01928	0.02225	0.03264	0.02077	0.06231	0.67512	0.01335	0.02225	0.00890	0.00445	0.00742
3	0.02050	0.02587	0.16164	0.04334	0.48543	0.06577	0.02589	0.02620	0.01896	0.02649	0.01528	0.01955	0.01245	0.00758	0.00811	0.00248	0.01072	0.00700	0.00400	0.01273
4	0.01443	0.00722	0.01082	0.01082	0.01082	0.00722	0.00722	0.01082	0.01082	0.01443	0.01443	0.02525	0.01443	0.02886	0.03247	0.75830	0.00722	0.00722	0.00361	0.00361
5	0.01069	0.00886	0.01018	0.05404	0.01457	0.00798	0.00780	0.01348	0.01992	0.02507	0.22101	0.07165	0.46710	0.01918	0.00971	0.00275	0.00459	0.01623	0.00780	0.00737
6	0.02044	0.02007	0.03560	0.04903	0.58098	0.01989	0.09924	0.02563	0.01900	0.02708	0.01577	0.02079	0.01309	0.00735	0.00842	0.00251	0.01038	0.00770	0.00412	0.01292
7	0.02958	0.08955	0.02583	0.02306	0.07234	0.57686	0.01661	0.03197	0.02269	0.02078	0.01295	0.01527	0.01088	0.00836	0.00738	0.00214	0.01413	0.00543	0.00421	0.00997
8	0.01012	0.00723	0.00964	0.01157	0.01205	0.00675	0.00771	0.01157	0.01591	0.02121	0.04579	0.70262	0.05495	0.02603	0.01060	0.00337	0.00482	0.02362	0.00771	0.00675
9	0.03075	0.02286	0.02446	0.01895	0.02544	0.02537	0.01559	0.58389	0.08505	0.05101	0.02100	0.02079	0.01499	0.01007	0.00832	0.00252	0.00895	0.00763	0.00832	0.01405
10	0.01738	0.01463	0.01557	0.01439	0.01635	0.09451	0.01131	0.04985	0.01700	0.02471	0.02049	0.02684	0.01766	0.02898	0.24623	0.00631	0.13065	0.00776	0.23096	0.00841
11	0.02389	0.10761	0.16541	0.05585	0.22485	0.11824	0.02168	0.05194	0.02040	0.10842	0.01695	0.01928	0.01286	0.00816	0.00773	0.00240	0.01069	0.00661	0.00489	0.01216
12	0.01688	0.04170	0.63043	0.02517	0.06993	0.01932	0.03041	0.02626	0.01761	0.02635	0.01495	0.01770	0.01067	0.00787	0.00791	0.00262	0.01215	0.00621	0.00354	0.01233
13	0.01659	0.00881	0.00892	0.00852	0.01078	0.00898	0.00649	0.06116	0.01891	0.03244	0.02661	0.03021	0.02080	0.00970	0.00598	0.00197	0.00423	0.00772	0.70297	0.00818
14	0.01552	0.01226	0.01467	0.01351	0.01540	0.01355	0.01014	0.11952	0.01915	0.02557	0.03867	0.19311	0.15631	0.15103	0.04894	0.00449	0.11943	0.01407	0.00649	0.00816
15	0.01724	0.15778	0.03255	0.02595	0.13432	0.01860	0.19821	0.02121	0.01774	0.02352	0.02489	0.23996	0.02598	0.01324	0.00888	0.00272	0.00928	0.01276	0.00519	0.00999
16	0.02036	0.02043	0.02120	0.01870	0.02133	0.17224	0.04057	0.09210	0.01905	0.02400	0.01854	0.07037	0.01738	0.02746	0.21351	0.00602	0.17405	0.00859	0.00489	0.00923
17	0.01090	0.00846	0.00992	0.00955	0.01188	0.00747	0.00716	0.01402	0.02149	0.02850	0.40071	0.06997	0.33252	0.01878	0.00981	0.00270	0.00405	0.01613	0.00851	0.00747
18	0.01176	0.00885	0.01110	0.01213	0.01367	0.00862	0.00894	0.01597	0.07432	0.02472	0.12764	0.39340	0.12194	0.02247	0.01035	0.00323	0.00523	0.11007	0.00796	0.00764
19	0.02108	0.07737	0.29679	0.03057	0.21026	0.06616	0.04873	0.10041	0.02102	0.02890	0.01544	0.01843	0.01182	0.00797	0.00792	0.00248	0.01123	0.00664	0.00435	0.01242
20	0.02740	0.03127	0.02118	0.01906	0.02307	0.46170	0.01451	0.09905	0.02354	0.02471	0.01597	0.01908	0.01322	0.01594	0.09607	0.00365	0.01445	0.00625	0.06015	0.00972
21	0.01461	0.01082	0.01271	0.01248	0.01475	0.01078	0.00914	0.13777	0.02191	0.02901	0.10980	0.39538	0.14655	0.02100	0.00992	0.00302	0.00551	0.01844	0.00798	0.00841
22	0.01840	0.04882	0.07413	0.09037	0.13879	0.01794	0.19599	0.06486	0.01867	0.02577	0.01872	0.02813	0.01648	0.15046	0.01537	0.00369	0.01059	0.00887	0.04379	0.01017
23	0.02011	0.02814	0.20576	0.06891	0.28647	0.08718	0.10478	0.02622	0.01874	0.02556	0.01507	0.01939	0.01192	0.00793	0.00904	0.00258	0.03915	0.00716	0.00394	0.01194
24	0.05708	0.18563	0.07573	0.02128	0.10017	0.24087	0.01621	0.02702	0.04390	0.02281	0.01491	0.01812	0.01258	0.01157	0.03381	0.05449	0.01128	0.00594	0.03658	0.01004

[dist]
# distance from previous block
# <min> <max>
19	43

[block]
# block no. 3 follows, 22 sequences, length 19
# corresponding to MSA columns:
# 124-142
name=unknown_D
#
# <colnr> <probs for GDERKNQSTAVLIFYWHMCP>
#	G	D	E	R	K	N	Q	S	T	A	V	L	I	F	Y	W	H	M	C	P
0	0.21854	0.02551	0.26883	0.02243	0.12587	0.01692	0.01984	0.02300	0.01655	0.02848	0.01971	0.14093	0.01857	0.01105	0.00769	0.00272	0.00896	0.00906	0.00481	0.01053
1	0.01927	0.02361	0.19235	0.01695	0.02359	0.05570	0.04704	0.14344	0.02254	0.03135	0.03054	0.03173	0.12961	0.01089	0.00793	0.00240	0.00859	0.00881	0.13616	0.05750
2	0.01433	0.01010	0.01183	0.01145	0.01288	0.01084	0.00792	0.04199	0.10448	0.02250	0.02721	0.08301	0.02727	0.32740	0.14539	0.03417	0.00983	0.01106	0.07901	0.00731
3	0.01641	0.01442	0.01847	0.04536	0.01977	0.01711	0.01290	0.02235	0.12732	0.02298	0.02077	0.05212	0.01961	0.13854	0.08746	0.00486	0.23406	0.00891	0.00515	0.11142
4	0.01512	0.01216	0.01654	0.01456	0.01804	0.01230	0.07152	0.02267	0.15250	0.05847	0.10678	0.09353	0.20805	0.02438	0.12992	0.00472	0.00913	0.01314	0.00720	0.00926
5	0.01697	0.01634	0.01948	0.02238	0.15098	0.10938	0.01430	0.02027	0.01884	0.02506	0.18975	0.07604	0.03442	0.02369	0.15219	0.00494	0.07955	0.01048	0.00574	0.00918
6	0.03103	0.03959	0.02354	0.02140	0.02568	0.67469	0.01605	0.03317	0.02354	0.02033	0.01284	0.01498	0.01070	0.00856	0.00749	0.00214	0.01498	0.00535	0.00428	0.00963
7	0.01982	0.01999	0.02653	0.26124	0.26610	0.10743	0.02117	0.02646	0.08601	0.02479	0.02005	0.02420	0.04265	0.00891	0.00825	0.00258	0.01036	0.00780	0.00462	0.01104
8	0.01971	0.01827	0.02847	0.21459	0.32769	0.02044	0.02226	0.06346	0.08110	0.02717	0.01701	0.02175	0.01365	0.00891	0.01019	0.00270	0.07864	0.00759	0.00465	0.01175
9	0.01208	0.00805	0.00906	0.00906	0.00906	0.00805	0.00503	0.01208	0.01208	0.01611	0.02618	0.05436	0.03020	0.70804	0.04228	0.00805	0.00805	0.01208	0.00503	0.00503
10	0.01191	0.00906	0.01159	0.07932	0.01653	0.00901	0.00889	0.03598	0.01752	0.02296	0.10597	0.32567	0.15550	0.13332	0.01524	0.00387	0.00594	0.01753	0.00703	0.00715
11	0.02149	0.02171	0.03216	0.07869	0.55674	0.09274	0.02432	0.02614	0.01932	0.02609	0.01527	0.02002	0.01278	0.00758	0.00815	0.00245	0.01050	0.00717	0.00411	0.01257
12	0.02490	0.23552	0.14057	0.01926	0.02560	0.33654	0.01776	0.02855	0.01999	0.02109	0.01334	0.01591	0.01121	0.01095	0.04334	0.00273	0.01312	0.00542	0.00394	0.01027
13	0.05573	0.02808	0.30611	0.02245	0.09118	0.01730	0.02177	0.05906	0.04417	0.24020	0.02174	0.02187	0.01480	0.00886	0.00801	0.00259	0.00970	0.00712	0.00630	0.01297
14	0.01823	0.01672	0.02785	0.13501	0.42515	0.01725	0.02241	0.02301	0.01863	0.02577	0.02191	0.03733	0.02069	0.01105	0.00897	0.00282	0.00954	0.14146	0.00485	0.01135
15	0.01796	0.01701	0.01932	0.15187	0.08929	0.12929	0.01512	0.02149	0.01714	0.02292	0.01947	0.05608	0.01717	0.02130	0.15045	0.00482	0.07130	0.00817	0.14092	0.00891
16	0.01286	0.00970	0.01237	0.01336	0.01565	0.00949	0.01123	0.01750	0.05727	0.02576	0.11313	0.08364	0.18567	0.02121	0.01075	0.00341	0.00644	0.37482	0.00786	0.00786
17	0.08283	0.01966	0.09100	0.12441	0.35952	0.01775	0.02165	0.02437	0.01833	0.06127	0.02287	0.02622	0.07657	0.00912	0.00811	0.00257	0.00926	0.00809	0.00478	0.01163
18	0.05666	0.02395	0.16195	0.01728	0.02262	0.12982	0.01620	0.02573	0.01840	0.13839	0.02573	0.02919	0.07944	0.06039	0.08649	0.00419	0.07956	0.00827	0.00558	0.01015

[dist]
# distance from previous block
# <min> <max>
0	6

[block]
# block no. 4 follows, 22 sequences, length 23
# corresponding to MSA columns:
# 149-171
name=unknown_E
#
# <colnr> <probs for GDERKNQSTAVLIFYWHMCP>
#	G	D	E	R	K	N	Q	S	T	A	V	L	I	F	Y	W	H	M	C	P
0	0.01779	0.01664	0.02654	0.35509	0.25815	0.01874	0.02199	0.02529	0.09777	0.02506	0.02019	0.02497	0.03842	0.00887	0.00835	0.00267	0.00981	0.00804	0.00460	0.01101
1	0.02692	0.15111	0.02985	0.02724	0.18377	0.29830	0.01807	0.11968	0.02354	0.02674	0.01439	0.01684	0.01183	0.00823	0.00742	0.00221	0.01173	0.00603	0.00472	0.01138
2	0.01766	0.01675	0.02804	0.32293	0.34971	0.01824	0.02303	0.02264	0.01792	0.02424	0.02034	0.02565	0.05973	0.00880	0.00838	0.00262	0.00997	0.00815	0.00420	0.01101
3	0.13938	0.02102	0.02305	0.35050	0.07005	0.16588	0.01901	0.02452	0.01759	0.02378	0.01358	0.01879	0.01075	0.00869	0.00902	0.00265	0.06174	0.00646	0.00407	0.00946
4	0.09007	0.01669	0.02182	0.21132	0.16156	0.04862	0.01713	0.09839	0.02110	0.02940	0.09458	0.03221	0.10160	0.01088	0.00831	0.00261	0.00865	0.00917	0.00565	0.01023
5	0.01205	0.00819	0.00975	0.00975	0.00998	0.00843	0.00589	0.01252	0.01228	0.01661	0.02555	0.05090	0.02870	0.60501	0.14326	0.00890	0.01032	0.01157	0.00494	0.00541
6	0.02056	0.01974	0.03372	0.05099	0.65622	0.01974	0.02550	0.02550	0.01892	0.02714	0.01563	0.02056	0.01316	0.00740	0.00822	0.00247	0.00987	0.00740	0.00411	0.01316
7	0.01631	0.01379	0.01624	0.01221	0.01870	0.01051	0.00957	0.01971	0.01706	0.02631	0.01879	0.10605	0.01783	0.00873	0.00673	0.00151	0.00598	0.00734	0.00528	0.66136
8	0.02104	0.01999	0.03062	0.23460	0.20731	0.05230	0.11782	0.11392	0.06622	0.02914	0.01735	0.02173	0.01333	0.00832	0.00849	0.00263	0.01080	0.00783	0.00493	0.01162
9	0.02199	0.01427	0.01861	0.01955	0.11931	0.01409	0.01299	0.12213	0.06190	0.17010	0.10058	0.14395	0.11591	0.01450	0.00904	0.00272	0.00675	0.01249	0.00799	0.01113
10	0.01256	0.00820	0.00981	0.00977	0.01048	0.00844	0.00637	0.01400	0.01389	0.02016	0.06445	0.04692	0.02995	0.42906	0.15686	0.00777	0.00988	0.01096	0.12440	0.00610
11	0.01584	0.00949	0.01185	0.01068	0.01368	0.00840	0.00821	0.01914	0.02232	0.14406	0.38530	0.06082	0.22434	0.01688	0.00954	0.00266	0.00457	0.01450	0.00896	0.00875
12	0.02342	0.45699	0.07153	0.01831	0.02575	0.02929	0.09397	0.14241	0.02157	0.02716	0.01402	0.01599	0.01158	0.00769	0.00661	0.00209	0.00976	0.00581	0.00456	0.01148
13	0.09292	0.01585	0.02186	0.10461	0.25997	0.03758	0.01729	0.02245	0.05173	0.02646	0.03295	0.04134	0.14176	0.01243	0.00864	0.00276	0.00827	0.08531	0.00556	0.01027
14	0.12487	0.05303	0.09780	0.01285	0.01710	0.01377	0.01152	0.02008	0.01672	0.09507	0.03860	0.04356	0.20498	0.14844	0.01605	0.00375	0.05639	0.01066	0.00605	0.00873
15	0.01737	0.01439	0.01854	0.02225	0.17620	0.04794	0.01331	0.05187	0.01865	0.05237	0.06304	0.13163	0.10767	0.12498	0.01550	0.00358	0.05676	0.01205	0.04264	0.00926
16	0.18697	0.01678	0.02221	0.10054	0.15758	0.01777	0.04738	0.10165	0.04965	0.03156	0.01991	0.10703	0.01796	0.01035	0.00776	0.00257	0.00821	0.00884	0.00559	0.07970
17	0.01921	0.01525	0.04717	0.02466	0.19745	0.01448	0.01593	0.02422	0.05549	0.11869	0.13238	0.04351	0.06907	0.04673	0.01203	0.00308	0.05677	0.08652	0.00675	0.01062
18	0.12905	0.02570	0.21691	0.03446	0.33345	0.01890	0.02369	0.02666	0.01816	0.07400	0.01606	0.01919	0.01230	0.00780	0.00769	0.00254	0.00988	0.00667	0.00453	0.01236
19	0.06391	0.15870	0.12850	0.02875	0.24123	0.08569	0.01994	0.05403	0.01956	0.02671	0.05002	0.05330	0.01737	0.00910	0.00757	0.00239	0.00976	0.00747	0.00463	0.01140
20	0.19610	0.02003	0.06229	0.14941	0.14077	0.04644	0.01772	0.10866	0.06464	0.09100	0.01782	0.02018	0.01321	0.00861	0.00751	0.00258	0.00907	0.00680	0.00569	0.01147
21	0.07824	0.06976	0.12394	0.05313	0.10470	0.05100	0.01683	0.02491	0.05320	0.08993	0.02097	0.06544	0.01787	0.02231	0.16633	0.00512	0.01239	0.00823	0.00523	0.01047
22	0.06353	0.02576	0.23355	0.03362	0.31374	0.01802	0.02376	0.02662	0.01898	0.09295	0.05646	0.02255	0.01688	0.00847	0.00805	0.00255	0.00979	0.00740	0.00492	0.01240

[dist]
# distance from previous block
# <min> <max>
0	128

[block]
# block no. 5 follows, 22 sequences, length 138
# corresponding to MSA columns:
# 306-443
name=unknown_F
#
# <colnr> <probs for GDERKNQSTAVLIFYWHMCP>
#	G	D	E	R	K	N	Q	S	T	A	V	L	I	F	Y	W	H	M	C	P
0	0.05394	0.01423	0.06627	0.05225	0.09108	0.01208	0.01265	0.04404	0.01947	0.09200	0.12233	0.04646	0.22221	0.04202	0.01200	0.06276	0.00681	0.01158	0.00668	0.00913
1	0.09425	0.02369	0.16286	0.06778	0.22822	0.07093	0.02048	0.02570	0.01943	0.07778	0.10783	0.02543	0.02183	0.00929	0.00803	0.00253	0.00946	0.00784	0.00528	0.01134
2	0.16398	0.01733	0.02410	0.10223	0.30329	0.04361	0.01895	0.02470	0.01826	0.06549	0.02022	0.03136	0.01804	0.01027	0.00814	0.00273	0.00902	0.10211	0.00521	0.01097
3	0.18778	0.01824	0.02729	0.03388	0.34325	0.01858	0.06640	0.05413	0.01954	0.09907	0.04241	0.02161	0.01565	0.00825	0.00775	0.00253	0.00886	0.00736	0.00541	0.01202
4	0.05795	0.20099	0.02771	0.02213	0.14569	0.12713	0.01527	0.06235	0.02115	0.10189	0.08316	0.02583	0.05584	0.00975	0.00748	0.00229	0.00900	0.00762	0.00573	0.01104
5	0.02328	0.08127	0.06583	0.03302	0.30350	0.23362	0.02020	0.02722	0.02009	0.02409	0.01693	0.02008	0.03647	0.00824	0.00768	0.00226	0.01117	0.00667	0.00427	0.05410
6	0.01928	0.01749	0.08581	0.15329	0.18937	0.01578	0.01831	0.06359	0.01918	0.09158	0.04731	0.05997	0.02185	0.12125	0.01394	0.00354	0.00917	0.03329	0.00554	0.01048
7	0.16037	0.10678	0.12740	0.02088	0.12903	0.01862	0.01644	0.07217	0.01969	0.10157	0.02778	0.02842	0.11745	0.01027	0.00752	0.00250	0.00819	0.00806	0.00576	0.01111
8	0.01940	0.25934	0.13196	0.07434	0.11701	0.07451	0.01854	0.02360	0.01788	0.02274	0.04520	0.05573	0.04781	0.00995	0.00848	0.00239	0.04863	0.00765	0.00435	0.01050
9	0.02110	0.01560	0.09245	0.01559	0.05045	0.01177	0.01325	0.04765	0.02109	0.22656	0.04895	0.05264	0.24695	0.01521	0.00919	0.00281	0.00696	0.08336	0.00786	0.01054
10	0.05312	0.01625	0.10554	0.01667	0.02022	0.01455	0.04935	0.01996	0.01491	0.07174	0.02013	0.02918	0.01802	0.11101	0.30101	0.00798	0.10829	0.00845	0.00475	0.00886
11	0.02279	0.05287	0.12621	0.03359	0.31718	0.09820	0.02163	0.07528	0.02118	0.07744	0.02114	0.02353	0.05440	0.00892	0.00809	0.00246	0.01017	0.00758	0.00507	0.01225
12	0.01403	0.05202	0.01844	0.06806	0.01994	0.01535	0.01317	0.01695	0.01369	0.01959	0.01876	0.02779	0.01744	0.04527	0.45383	0.00990	0.15531	0.00820	0.00418	0.00808
13	0.01174	0.00888	0.01139	0.01194	0.01389	0.00778	0.00848	0.01378	0.01636	0.02260	0.03945	0.52881	0.04596	0.02185	0.00976	0.00297	0.00526	0.05408	0.00715	0.15788
14	0.01208	0.00805	0.00906	0.00906	0.00906	0.00805	0.00503	0.01208	0.01208	0.01611	0.02618	0.05436	0.03020	0.70804	0.04228	0.00805	0.00805	0.01208	0.00503	0.00503
15	0.02857	0.22774	0.02913	0.01939	0.02446	0.49538	0.01554	0.03085	0.02168	0.02011	0.01248	0.01452	0.01069	0.00815	0.00689	0.00204	0.01328	0.00510	0.00408	0.00992
16	0.01826	0.01046	0.01265	0.01117	0.01505	0.00893	0.00875	0.02102	0.02043	0.19817	0.12220	0.09982	0.30333	0.01689	0.00925	0.00268	0.00529	0.03866	0.00834	0.06864
17	0.01593	0.00997	0.01268	0.01188	0.01360	0.01019	0.00858	0.04080	0.01780	0.09977	0.15537	0.14633	0.03964	0.22172	0.08410	0.00536	0.04693	0.01307	0.03840	0.00787
18	0.05810	0.01134	0.01422	0.01342	0.04893	0.01040	0.00947	0.02379	0.01958	0.24832	0.11636	0.04803	0.16976	0.15339	0.01551	0.00372	0.00636	0.01172	0.00793	0.00965
19	0.01569	0.01477	0.02492	0.68808	0.05722	0.01846	0.02307	0.02123	0.01661	0.02123	0.01477	0.02215	0.01107	0.00831	0.00831	0.00277	0.01107	0.00738	0.00369	0.00923
20	0.02441	0.01638	0.02631	0.23905	0.26418	0.01691	0.02046	0.02898	0.01976	0.22950	0.02087	0.02354	0.01489	0.00861	0.00829	0.00259	0.00935	0.00770	0.00597	0.01224
21	0.01992	0.02355	0.13723	0.04651	0.55452	0.01967	0.02635	0.02563	0.01869	0.02700	0.01551	0.02007	0.01273	0.00748	0.00817	0.00249	0.01026	0.00719	0.00401	0.01301
22	0.01302	0.01034	0.01529	0.05326	0.01794	0.01261	0.01189	0.01604	0.01363	0.01998	0.02061	0.03016	0.01900	0.05103	0.52788	0.01105	0.10412	0.00856	0.03583	0.00774
23	0.01187	0.00890	0.01335	0.01335	0.01483	0.01038	0.01038	0.01483	0.01335	0.01928	0.02225	0.03264	0.02077	0.06231	0.67512	0.01335	0.02225	0.00890	0.00445	0.00742
24	0.01799	0.02413	0.19374	0.24889	0.30352	0.01921	0.02606	0.02433	0.01782	0.02502	0.01516	0.02029	0.01181	0.00782	0.00816	0.00261	0.01088	0.00707	0.00382	0.01167
25	0.01798	0.01715	0.02897	0.38154	0.28370	0.01917	0.04877	0.02430	0.05078	0.02443	0.01619	0.02202	0.01269	0.00806	0.00835	0.00266	0.01050	0.00760	0.00413	0.01102
26	0.01296	0.00890	0.01064	0.00995	0.01261	0.00784	0.00755	0.01608	0.02165	0.07818	0.36948	0.06677	0.31041	0.01813	0.00969	0.00269	0.00429	0.01553	0.00865	0.00799
27	0.02815	0.02065	0.02214	0.01742	0.02303	0.02279	0.01405	0.50252	0.06957	0.04646	0.02171	0.02487	0.01685	0.08851	0.01204	0.00312	0.00867	0.00812	0.03653	0.01280
28	0.02049	0.02081	0.02987	0.18999	0.39589	0.09668	0.02326	0.02499	0.01844	0.02443	0.01473	0.02008	0.01222	0.00831	0.00967	0.00259	0.06488	0.00715	0.00400	0.01153
29	0.01485	0.00972	0.01370	0.12245	0.02066	0.00966	0.01077	0.01789	0.01923	0.10420	0.20842	0.30383	0.07511	0.01845	0.00969	0.00294	0.00585	0.01643	0.00777	0.00839
30	0.01443	0.00722	0.01082	0.01082	0.01082	0.00722	0.00722	0.01082	0.01082	0.01443	0.01443	0.02525	0.01443	0.02886	0.03247	0.75830	0.00722	0.00722	0.00361	0.00361
31	0.01012	0.00723	0.00964	0.01157	0.01205	0.00675	0.00771	0.01157	0.01591	0.02121	0.04579	0.70262	0.05495	0.02603	0.01060	0.00337	0.00482	0.02362	0.00771	0.00675
32	0.01979	0.09542	0.03105	0.30408	0.26871	0.02027	0.05203	0.02471	0.01809	0.06491	0.01598	0.02099	0.01248	0.00790	0.00802	0.00254	0.01027	0.00724	0.00428	0.01124
33	0.02381	0.02625	0.02632	0.24227	0.17522	0.28031	0.02038	0.06295	0.02121	0.02402	0.01450	0.01881	0.01157	0.00831	0.00796	0.00244	0.01225	0.00658	0.00429	0.01055
34	0.01208	0.00805	0.00906	0.00906	0.00906	0.00805	0.00503	0.01208	0.01208	0.01611	0.02618	0.05436	0.03020	0.70804	0.04228	0.00805	0.00805	0.01208	0.00503	0.00503
35	0.01030	0.00774	0.00955	0.01056	0.01189	0.00699	0.00736	0.01231	0.01791	0.02345	0.15214	0.43705	0.21598	0.02328	0.01027	0.00310	0.00452	0.02065	0.00794	0.00699
36	0.01977	0.01962	0.03013	0.25373	0.41651	0.06817	0.02401	0.02469	0.01852	0.02473	0.01514	0.02066	0.01231	0.00778	0.00820	0.00254	0.01064	0.00724	0.00399	0.01163
37	0.01929	0.01828	0.03100	0.16179	0.51365	0.01893	0.02437	0.02427	0.01852	0.02596	0.01709	0.02502	0.01477	0.00845	0.00842	0.00260	0.00996	0.04125	0.00424	0.01215
38	0.03124	0.03341	0.02407	0.02054	0.02571	0.42889	0.01595	0.25868	0.02942	0.03246	0.01553	0.01686	0.01200	0.00910	0.00780	0.00227	0.01277	0.00616	0.00581	0.01133
39	0.76672	0.01607	0.01221	0.01092	0.01607	0.01864	0.00900	0.02442	0.01414	0.03727	0.01157	0.01350	0.00900	0.00771	0.00514	0.00257	0.00643	0.00450	0.00514	0.00900
40	0.01871	0.01593	0.02048	0.02061	0.14732	0.01403	0.01335	0.09149	0.02011	0.02940	0.02123	0.06588	0.04946	0.00892	0.00730	0.00185	0.00706	0.00760	0.00548	0.43377
41	0.01113	0.00808	0.01052	0.01096	0.01243	0.00747	0.00796	0.01404	0.02030	0.02791	0.37158	0.29582	0.10261	0.02076	0.01017	0.00295	0.00443	0.04503	0.00847	0.00739
42	0.01529	0.01421	0.01693	0.01596	0.01746	0.08809	0.01259	0.01793	0.01437	0.01954	0.01891	0.02775	0.01766	0.04667	0.46992	0.01014	0.15614	0.00817	0.00427	0.00800
43	0.02056	0.01974	0.03372	0.05099	0.65622	0.01974	0.02550	0.02550	0.01892	0.02714	0.01563	0.02056	0.01316	0.00740	0.00822	0.00247	0.00987	0.00740	0.00411	0.01316
44	0.02104	0.02688	0.13434	0.09231	0.22897	0.14673	0.07027	0.02593	0.01843	0.02397	0.01423	0.01890	0.01166	0.00890	0.01122	0.00267	0.12146	0.00697	0.00394	0.01117
45	0.01256	0.01029	0.01528	0.01434	0.01661	0.00970	0.08475	0.04892	0.01856	0.02446	0.07693	0.44544	0.14655	0.02148	0.01020	0.00312	0.00606	0.01956	0.00738	0.00782
46	0.06652	0.01392	0.01855	0.01439	0.02052	0.01225	0.01184	0.03849	0.02336	0.60239	0.06475	0.02945	0.02315	0.01053	0.00830	0.00257	0.00687	0.00855	0.01001	0.01359
47	0.01987	0.02043	0.06898	0.04710	0.57895	0.01905	0.02501	0.02501	0.01885	0.02694	0.01742	0.02512	0.01525	0.00844	0.00842	0.00256	0.00987	0.04568	0.00431	0.01275
48	0.01959	0.02209	0.07680	0.07847	0.28389	0.02027	0.32183	0.02584	0.01905	0.02649	0.01612	0.02139	0.01261	0.00729	0.00899	0.00266	0.01212	0.00851	0.00410	0.01192
49	0.01008	0.00739	0.00947	0.01113	0.01194	0.00678	0.00752	0.01162	0.01632	0.02138	0.05108	0.61680	0.13735	0.02534	0.01050	0.00330	0.00474	0.02278	0.00771	0.00678
50	0.00982	0.00842	0.00842	0.00842	0.01122	0.00701	0.00631	0.01192	0.01894	0.02244	0.08416	0.07995	0.65285	0.02104	0.00982	0.00281	0.00421	0.01753	0.00771	0.00701
51	0.02812	0.03390	0.02521	0.02699	0.15202	0.49179	0.01772	0.03249	0.07110	0.02283	0.01505	0.01736	0.01235	0.00854	0.00771	0.00226	0.01329	0.00608	0.00457	0.01062
52	0.01227	0.00797	0.00933	0.00965	0.01046	0.00797	0.00631	0.01376	0.01437	0.02070	0.03289	0.15517	0.07169	0.33889	0.09881	0.00631	0.00803	0.01310	0.15607	0.00625
53	0.01043	0.00752	0.00993	0.01157	0.01235	0.00701	0.00800	0.01224	0.01682	0.02243	0.09490	0.59005	0.08145	0.02492	0.01056	0.00332	0.00489	0.05690	0.00782	0.00690
54	0.01312	0.01002	0.01073	0.01001	0.01319	0.00912	0.00767	0.05104	0.05183	0.05541	0.14844	0.06938	0.48204	0.01890	0.00959	0.00275	0.00471	0.01580	0.00809	0.00816
55	0.00982	0.00842	0.00842	0.00842	0.01122	0.00701	0.00631	0.01192	0.01894	0.02244	0.08416	0.07995	0.65285	0.02104	0.00982	0.00281	0.00421	0.01753	0.00771	0.00701
56	0.02028	0.01945	0.03321	0.08790	0.62152	0.01966	0.02536	0.02525	0.01878	0.02680	0.01558	0.02065	0.01304	0.00745	0.00823	0.00248	0.00994	0.00740	0.00409	0.01293
57	0.03039	0.03724	0.02331	0.02098	0.02542	0.59478	0.01585	0.06838	0.06440	0.02312	0.01461	0.01630	0.01185	0.00882	0.00760	0.00220	0.01410	0.00574	0.00478	0.01012
58	0.01433	0.00967	0.01099	0.01043	0.01120	0.00993	0.00652	0.08128	0.01522	0.02033	0.02568	0.08062	0.02860	0.55195	0.03626	0.05573	0.00796	0.01182	0.00544	0.00605
59	0.01381	0.01321	0.02188	0.01961	0.07067	0.01252	0.16402	0.01754	0.01916	0.02507	0.13016	0.10479	0.28707	0.01599	0.01062	0.00284	0.04134	0.01444	0.00654	0.00874
60	0.01023	0.00855	0.00899	0.00921	0.01191	0.00731	0.00713	0.01253	0.01896	0.02272	0.07954	0.08153	0.58325	0.02126	0.01001	0.00292	0.00460	0.08457	0.00771	0.00709
61	0.01198	0.00801	0.00909	0.00919	0.00921	0.00799	0.00517	0.01206	0.01227	0.01636	0.02715	0.08658	0.03143	0.67415	0.04071	0.00782	0.00789	0.01265	0.00517	0.00512
62	0.02221	0.71304	0.04353	0.01421	0.02132	0.03287	0.01421	0.02488	0.01688	0.01955	0.01155	0.01333	0.01066	0.00711	0.00533	0.00178	0.00888	0.00444	0.00355	0.01066
63	0.01176	0.00849	0.01110	0.01045	0.01241	0.00784	0.00784	0.01568	0.02352	0.03331	0.65184	0.06206	0.07839	0.01698	0.00980	0.00261	0.00392	0.01502	0.00914	0.00784
64	0.01685	0.04164	0.62515	0.02441	0.03644	0.01940	0.06921	0.02633	0.01767	0.02633	0.01503	0.01785	0.01066	0.00784	0.00802	0.00264	0.01239	0.00638	0.00355	0.01221
65	0.01031	0.00733	0.00966	0.01136	0.01187	0.00688	0.00754	0.01177	0.01596	0.02136	0.06886	0.63496	0.05429	0.06978	0.01262	0.00365	0.00499	0.02253	0.00760	0.00668
66	0.01429	0.00726	0.01072	0.01072	0.01072	0.00726	0.00709	0.01090	0.01090	0.01453	0.01513	0.02698	0.01537	0.06916	0.03305	0.71379	0.00726	0.00750	0.00369	0.00369
67	0.03103	0.03959	0.02354	0.02140	0.02568	0.67469	0.01605	0.03317	0.02354	0.02033	0.01284	0.01498	0.01070	0.00856	0.00749	0.00214	0.01498	0.00535	0.00428	0.00963
68	0.01534	0.01172	0.01192	0.01111	0.01305	0.03757	0.00765	0.09145	0.04884	0.02409	0.03791	0.08334	0.15297	0.34627	0.02478	0.00522	0.00722	0.01252	0.04966	0.00739
69	0.01208	0.00805	0.00906	0.00906	0.00906	0.00805	0.00503	0.01208	0.01208	0.01611	0.02618	0.05436	0.03020	0.70804	0.04228	0.00805	0.00805	0.01208	0.00503	0.00503
70	0.01226	0.00845	0.01000	0.01043	0.01091	0.00839	0.00650	0.04007	0.01471	0.01963	0.03305	0.28930	0.03849	0.42731	0.02917	0.00609	0.00692	0.01608	0.00616	0.00607
71	0.02179	0.01872	0.02691	0.03366	0.35302	0.01841	0.01902	0.14674	0.02256	0.03245	0.01692	0.02025	0.01360	0.00777	0.00766	0.00217	0.00858	0.00689	0.04497	0.17790
72	0.02002	0.06006	0.05688	0.09590	0.47223	0.02054	0.10304	0.02530	0.01866	0.02615	0.01546	0.02041	0.01269	0.00742	0.00826	0.00250	0.01053	0.00750	0.00404	0.01242
73	0.02814	0.03411	0.02635	0.02957	0.19970	0.49394	0.01866	0.03105	0.02227	0.02221	0.01361	0.01652	0.01138	0.00824	0.00769	0.00223	0.01357	0.00592	0.00423	0.01060
74	0.01284	0.00845	0.01054	0.01065	0.01247	0.00766	0.00761	0.01518	0.01911	0.07498	0.23291	0.28087	0.17743	0.07513	0.01254	0.00334	0.00486	0.01770	0.00813	0.00757
75	0.01633	0.01240	0.01361	0.01269	0.01635	0.01266	0.00993	0.02658	0.24679	0.07798	0.09220	0.05806	0.29142	0.01654	0.00934	0.00286	0.00556	0.06053	0.00827	0.00991
76	0.03103	0.03959	0.02354	0.02140	0.02568	0.67469	0.01605	0.03317	0.02354	0.02033	0.01284	0.01498	0.01070	0.00856	0.00749	0.00214	0.01498	0.00535	0.00428	0.00963
77	0.01788	0.01791	0.02651	0.02230	0.02306	0.02412	0.06539	0.02018	0.01330	0.02047	0.01210	0.01944	0.01168	0.01704	0.06780	0.00420	0.59617	0.00757	0.00373	0.00915
78	0.01258	0.00863	0.01070	0.01142	0.01215	0.00863	0.00820	0.01402	0.01475	0.01942	0.03292	0.06927	0.03687	0.44854	0.03061	0.00645	0.00790	0.23489	0.00602	0.00602
79	0.03103	0.03959	0.02354	0.02140	0.02568	0.67469	0.01605	0.03317	0.02354	0.02033	0.01284	0.01498	0.01070	0.00856	0.00749	0.00214	0.01498	0.00535	0.00428	0.00963
80	0.01761	0.01558	0.01576	0.01461	0.01853	0.04592	0.01135	0.03276	0.39332	0.03046	0.07849	0.04740	0.18141	0.01449	0.00899	0.00283	0.00630	0.04522	0.00807	0.01090
81	0.03103	0.03959	0.02354	0.02140	0.02568	0.67469	0.01605	0.03317	0.02354	0.02033	0.01284	0.01498	0.01070	0.00856	0.00749	0.00214	0.01498	0.00535	0.00428	0.00963
82	0.01028	0.00734	0.00982	0.01175	0.01230	0.00689	0.00799	0.01185	0.01606	0.02139	0.04570	0.67256	0.05459	0.02587	0.01065	0.00340	0.00496	0.05209	0.00771	0.00679
83	0.01364	0.01185	0.02016	0.01757	0.02007	0.01332	0.11195	0.01717	0.01433	0.02054	0.02046	0.02981	0.01865	0.04945	0.51468	0.01085	0.07405	0.00892	0.00434	0.00817
84	0.01193	0.00799	0.00911	0.00926	0.00930	0.00795	0.00524	0.01204	0.01238	0.01651	0.02771	0.10525	0.03214	0.65451	0.03980	0.00769	0.00780	0.01299	0.00524	0.00517
85	0.01077	0.00769	0.00964	0.01061	0.01140	0.00721	0.00705	0.01233	0.01649	0.02207	0.13738	0.41674	0.10064	0.16997	0.01719	0.00421	0.00532	0.01935	0.00736	0.00657
86	0.01391	0.01030	0.01203	0.04978	0.01571	0.01074	0.00886	0.02064	0.14272	0.02672	0.12743	0.16807	0.10820	0.11056	0.01337	0.00346	0.00562	0.01373	0.12986	0.00829
87	0.76672	0.01607	0.01221	0.01092	0.01607	0.01864	0.00900	0.02442	0.01414	0.03727	0.01157	0.01350	0.00900	0.00771	0.00514	0.00257	0.00643	0.00450	0.00514	0.00900
88	0.02018	0.01935	0.03303	0.10100	0.60920	0.01964	0.02531	0.02516	0.01874	0.02668	0.01556	0.02069	0.01300	0.00747	0.00823	0.00249	0.00996	0.00740	0.00408	0.01285
89	0.01984	0.02542	0.23179	0.01936	0.05690	0.01756	0.01871	0.18927	0.02380	0.03298	0.02854	0.03142	0.11556	0.01091	0.00823	0.00246	0.00893	0.03313	0.00591	0.11927
90	0.76672	0.01607	0.01221	0.01092	0.01607	0.01864	0.00900	0.02442	0.01414	0.03727	0.01157	0.01350	0.00900	0.00771	0.00514	0.00257	0.00643	0.00450	0.00514	0.00900
91	0.03124	0.03341	0.02407	0.02054	0.02571	0.42889	0.01595	0.25868	0.02942	0.03246	0.01553	0.01686	0.01200	0.00910	0.00780	0.00227	0.01277	0.00616	0.00581	0.01133
92	0.01731	0.02822	0.31127	0.03043	0.20421	0.01760	0.07251	0.02428	0.01840	0.02627	0.02110	0.03406	0.01891	0.01071	0.00885	0.00284	0.01082	0.12613	0.00456	0.01151
93	0.02018	0.01935	0.03303	0.10100	0.60920	0.01964	0.02531	0.02516	0.01874	0.02668	0.01556	0.02069	0.01300	0.00747	0.00823	0.00249	0.00996	0.00740	0.00408	0.01285
94	0.01915	0.02764	0.26505	0.08231	0.17163	0.01996	0.02340	0.05385	0.19419	0.02945	0.02057	0.02247	0.01547	0.00885	0.00817	0.00265	0.00992	0.00749	0.00523	0.01254
95	0.01859	0.09949	0.11302	0.09464	0.22559	0.06111	0.06812	0.02373	0.01956	0.02635	0.14270	0.02763	0.02523	0.00949	0.00826	0.00248	0.00966	0.00849	0.00496	0.01092
96	0.01208	0.00805	0.00906	0.00906	0.00906	0.00805	0.00503	0.01208	0.01208	0.01611	0.02618	0.05436	0.03020	0.70804	0.04228	0.00805	0.00805	0.01208	0.00503	0.00503
97	0.01009	0.00736	0.00950	0.01121	0.01196	0.00678	0.00755	0.01161	0.01625	0.02135	0.05010	0.63262	0.12216	0.02547	0.01052	0.00331	0.00475	0.02293	0.00771	0.00678
98	0.02197	0.05947	0.17247	0.06690	0.25548	0.15070	0.02269	0.02718	0.01957	0.05632	0.01736	0.02363	0.01445	0.00893	0.00809	0.00252	0.01118	0.04497	0.00450	0.01162
99	0.02505	0.49634	0.03710	0.01653	0.02273	0.23940	0.01481	0.02755	0.01902	0.01980	0.01197	0.01386	0.01067	0.00758	0.00603	0.00189	0.01085	0.00473	0.00379	0.01033
100	0.01012	0.00785	0.00922	0.01010	0.01172	0.00695	0.00711	0.01204	0.01783	0.02270	0.11012	0.38039	0.31792	0.02314	0.01020	0.00307	0.00448	0.02029	0.00783	0.00695
101	0.01193	0.00799	0.00911	0.00926	0.00930	0.00795	0.00525	0.01204	0.01238	0.01651	0.02773	0.10575	0.03216	0.65399	0.03977	0.00768	0.00780	0.01300	0.00525	0.00517
102	0.01528	0.09453	0.10341	0.06810	0.02231	0.01500	0.04853	0.04396	0.01766	0.02449	0.03084	0.26120	0.06483	0.01551	0.00959	0.00279	0.04383	0.01330	0.09594	0.00893
103	0.03024	0.02261	0.02418	0.01884	0.02525	0.02514	0.01547	0.55704	0.11272	0.05020	0.02164	0.02130	0.01550	0.01013	0.00833	0.00253	0.00883	0.00771	0.00833	0.01401
104	0.01208	0.00805	0.00906	0.00906	0.00906	0.00805	0.00503	0.01208	0.01208	0.01611	0.02618	0.05436	0.03020	0.70804	0.04228	0.00805	0.00805	0.01208	0.00503	0.00503
105	0.01723	0.01477	0.01723	0.01230	0.01969	0.01107	0.00984	0.02092	0.01723	0.02707	0.01477	0.01723	0.01230	0.00615	0.00615	0.00123	0.00615	0.00492	0.00492	0.75883
106	0.01208	0.00805	0.00906	0.00906	0.00906	0.00805	0.00503	0.01208	0.01208	0.01611	0.02618	0.05436	0.03020	0.70804	0.04228	0.00805	0.00805	0.01208	0.00503	0.00503
107	0.01619	0.01415	0.02196	0.03066	0.32036	0.01410	0.01680	0.02068	0.04895	0.02534	0.06054	0.17278	0.05620	0.06897	0.01187	0.00327	0.00780	0.07336	0.00588	0.01015
108	0.01187	0.00890	0.01335	0.01335	0.01483	0.01038	0.01038	0.01483	0.01335	0.01928	0.02225	0.03264	0.02077	0.06231	0.67512	0.01335	0.02225	0.00890	0.00445	0.00742
109	0.02789	0.01843	0.02390	0.02362	0.14997	0.01888	0.01608	0.20030	0.07475	0.21240	0.02273	0.02291	0.01626	0.00954	0.00923	0.00248	0.04877	0.00760	0.00742	0.08685
110	0.02914	0.02977	0.02439	0.02058	0.02508	0.31751	0.01630	0.26104	0.02776	0.03265	0.01527	0.01742	0.01206	0.01009	0.01105	0.00252	0.12387	0.00649	0.00573	0.01128
111	0.02108	0.57605	0.17059	0.01615	0.02431	0.03010	0.01758	0.02517	0.01701	0.02093	0.01224	0.01419	0.01063	0.00727	0.00585	0.00195	0.00958	0.00479	0.00354	0.01099
112	0.01898	0.09729	0.02431	0.23326	0.03237	0.12765	0.01709	0.02354	0.05755	0.02161	0.02182	0.06319	0.06523	0.01168	0.01191	0.00277	0.14723	0.00856	0.00462	0.00936
113	0.01289	0.00999	0.01200	0.01172	0.01424	0.00978	0.00916	0.01922	0.11077	0.02988	0.34623	0.06640	0.18743	0.01797	0.00988	0.00288	0.00496	0.10770	0.00851	0.00840
114	0.01340	0.01065	0.01422	0.01339	0.01388	0.01280	0.00981	0.01480	0.01265	0.01805	0.02139	0.03892	0.02268	0.33627	0.24779	0.00879	0.16932	0.00993	0.00452	0.00675
115	0.01199	0.00919	0.01102	0.01143	0.01358	0.00872	0.00894	0.01593	0.05464	0.02526	0.16841	0.11173	0.25758	0.07501	0.01282	0.00350	0.00559	0.17934	0.00779	0.00752
116	0.01033	0.00844	0.00912	0.00895	0.01153	0.00723	0.00671	0.01291	0.02014	0.02531	0.23388	0.07523	0.50134	0.01997	0.00981	0.00275	0.00413	0.01687	0.00809	0.00723
117	0.02221	0.71304	0.04353	0.01421	0.02132	0.03287	0.01421	0.02488	0.01688	0.01955	0.01155	0.01333	0.01066	0.00711	0.00533	0.00178	0.00888	0.00444	0.00355	0.01066
118	0.01065	0.00831	0.00981	0.01078	0.01272	0.00747	0.00820	0.01293	0.01809	0.02259	0.06457	0.26402	0.35201	0.02289	0.01039	0.00318	0.00511	0.14149	0.00770	0.00707
119	0.18937	0.12202	0.02028	0.04181	0.02008	0.01952	0.01173	0.16650	0.06308	0.03464	0.10912	0.03254	0.11476	0.01157	0.00756	0.00250	0.00700	0.00891	0.00670	0.01031
120	0.02057	0.05515	0.18107	0.03236	0.12747	0.09974	0.30916	0.02711	0.01942	0.02559	0.01553	0.01981	0.01192	0.00745	0.00870	0.00260	0.01294	0.00790	0.00402	0.01152
121	0.01205	0.00884	0.01307	0.01307	0.01458	0.01025	0.01016	0.01506	0.01355	0.01987	0.02249	0.03255	0.02079	0.05969	0.64186	0.01278	0.02134	0.00884	0.04171	0.00743
122	0.25812	0.03314	0.41984	0.02022	0.02998	0.01918	0.05770	0.02572	0.01656	0.02985	0.01394	0.01652	0.01015	0.00778	0.00712	0.00262	0.01049	0.00582	0.00407	0.01116
123	0.01954	0.15835	0.03281	0.28231	0.22867	0.05675	0.06066	0.02423	0.01792	0.02298	0.01441	0.01953	0.01170	0.00772	0.00774	0.00245	0.01067	0.00685	0.00386	0.01085
