[name]
unknown

[dist]
# distance from previous block
# <min> <max>
0	1

[block]
# block no. 0 follows, 22 sequences, length 9
# corresponding to MSA columns:
# 1-9
name=unknown_A
#
# <colnr> <probs for GDERKNQSTAVLIFYWHMCP>
#	G	D	E	R	K	N	Q	S	T	A	V	L	I	F	Y	W	H	M	C	P
0	0.01266	0.00933	0.01238	0.01390	0.01600	0.00905	0.01195	0.01614	0.01909	0.02437	0.05213	0.09092	0.17046	0.02256	0.01114	0.00362	0.00695	0.48217	0.00766	0.00752
1	0.53278	0.01719	0.08281	0.01229	0.01716	0.01639	0.01099	0.02187	0.01384	0.03145	0.01251	0.01632	0.01026	0.01202	0.01098	0.15578	0.00722	0.00523	0.00465	0.00826
2	0.01980	0.01885	0.03150	0.14930	0.52641	0.01959	0.02442	0.02587	0.05345	0.02664	0.01651	0.02140	0.01352	0.00776	0.00825	0.00253	0.00987	0.00751	0.00429	0.01254
3	0.07719	0.01588	0.02568	0.50437	0.17533	0.01873	0.02243	0.02235	0.01688	0.02372	0.01468	0.02113	0.01133	0.00807	0.00803	0.00269	0.01046	0.00715	0.00389	0.01001
4	0.01806	0.02190	0.15207	0.02596	0.19155	0.01791	0.01887	0.03032	0.24785	0.02901	0.03335	0.03348	0.12143	0.01115	0.00850	0.00268	0.00822	0.00953	0.00618	0.01197
5	0.01787	0.01668	0.02669	0.10683	0.41942	0.01697	0.02052	0.02341	0.05383	0.02662	0.06665	0.03295	0.11522	0.01039	0.00859	0.00258	0.00858	0.00953	0.00517	0.01148
6	0.01371	0.00789	0.01038	0.01038	0.01154	0.00816	0.00754	0.01440	0.01403	0.02109	0.02570	0.03319	0.06946	0.03117	0.18605	0.28954	0.00982	0.00863	0.22127	0.00605
7	0.33323	0.02969	0.25443	0.01752	0.02521	0.12553	0.01829	0.02737	0.01742	0.06282	0.01410	0.01599	0.01043	0.00805	0.00670	0.00252	0.01001	0.00544	0.00467	0.01057
8	0.02163	0.02971	0.15688	0.02589	0.10015	0.24312	0.11501	0.02652	0.01932	0.02311	0.01592	0.02053	0.01309	0.01788	0.13016	0.00443	0.01503	0.00709	0.00412	0.01041

[dist]
# distance from previous block
# <min> <max>
0	1

[block]
# block no. 1 follows, 22 sequences, length 65
# corresponding to MSA columns:
# 11-75
name=unknown_B
#
# <colnr> <probs for GDERKNQSTAVLIFYWHMCP>
#	G	D	E	R	K	N	Q	S	T	A	V	L	I	F	Y	W	H	M	C	P
0	0.06697	0.02046	0.02426	0.18925	0.03305	0.02350	0.01739	0.41046	0.03067	0.04199	0.01772	0.02007	0.01291	0.00965	0.00908	0.00262	0.04361	0.00728	0.00673	0.01235
1	0.01187	0.00890	0.01335	0.01335	0.01483	0.01038	0.01038	0.01483	0.01335	0.01928	0.02225	0.03264	0.02077	0.06231	0.67512	0.01335	0.02225	0.00890	0.00445	0.00742
2	0.01008	0.00812	0.00898	0.00941	0.01154	0.00702	0.00681	0.01219	0.01860	0.02316	0.12815	0.23691	0.44610	0.02193	0.01002	0.00293	0.00434	0.01885	0.00785	0.00702
3	0.01811	0.01724	0.02929	0.37138	0.35499	0.01909	0.02428	0.02335	0.01776	0.02417	0.01519	0.02136	0.01211	0.00786	0.00827	0.00262	0.01048	0.00739	0.00390	0.01118
4	0.02119	0.01895	0.01903	0.01713	0.02181	0.05389	0.01330	0.04359	0.60984	0.03402	0.03275	0.03018	0.02461	0.01113	0.00840	0.00278	0.00700	0.00919	0.00824	0.01297
5	0.02706	0.02838	0.02116	0.01847	0.02270	0.36412	0.01426	0.14205	0.02580	0.05838	0.11092	0.02662	0.05256	0.01099	0.00899	0.00239	0.04074	0.00796	0.00617	0.01028
6	0.06220	0.01662	0.02731	0.41991	0.26895	0.01893	0.02310	0.02294	0.01729	0.02430	0.01488	0.02106	0.01170	0.00795	0.00809	0.00265	0.01037	0.00722	0.00393	0.01062
7	0.70354	0.01833	0.06720	0.01200	0.01774	0.01869	0.01082	0.02458	0.01442	0.03635	0.01185	0.01384	0.00913	0.00773	0.00537	0.00258	0.00692	0.00464	0.00500	0.00927
8	0.01165	0.00849	0.01096	0.01034	0.01235	0.00779	0.00776	0.01547	0.02327	0.03272	0.62087	0.06303	0.10972	0.01720	0.00980	0.00262	0.00394	0.01516	0.00907	0.00779
9	0.01190	0.00878	0.01273	0.01273	0.01400	0.01005	0.00961	0.01444	0.01317	0.01882	0.02282	0.03578	0.02213	0.15583	0.58346	0.01258	0.02020	0.00936	0.00453	0.00707
10	0.00982	0.00842	0.00842	0.00842	0.01122	0.00701	0.00631	0.01192	0.01894	0.02244	0.08416	0.07995	0.65285	0.02104	0.00982	0.00281	0.00421	0.01753	0.00771	0.00701
11	0.76672	0.01607	0.01221	0.01092	0.01607	0.01864	0.00900	0.02442	0.01414	0.03727	0.01157	0.01350	0.00900	0.00771	0.00514	0.00257	0.00643	0.00450	0.00514	0.00900
12	0.24828	0.17286	0.02589	0.11027	0.14671	0.02197	0.01562	0.07549	0.01832	0.03011	0.01441	0.01757	0.01162	0.00791	0.00651	0.00235	0.00834	0.00588	0.04931	0.01057
13	0.00983	0.00836	0.00847	0.00856	0.01126	0.00700	0.00638	0.01191	0.01880	0.02239	0.08242	0.10821	0.62571	0.02127	0.00985	0.00283	0.00424	0.01781	0.00771	0.00700
14	0.01841	0.03258	0.38275	0.03589	0.31328	0.01949	0.02837	0.02595	0.01815	0.02668	0.01523	0.01889	0.01170	0.00767	0.00804	0.00256	0.01120	0.00670	0.00378	0.01267
15	0.02830	0.24786	0.02972	0.01918	0.02433	0.47621	0.01548	0.03061	0.02148	0.02009	0.01244	0.01447	0.01069	0.00811	0.00682	0.00203	0.01310	0.00507	0.00406	0.00995
16	0.19916	0.02024	0.06619	0.03976	0.46582	0.01945	0.02185	0.02529	0.01769	0.02952	0.01461	0.01869	0.01200	0.00751	0.00747	0.00250	0.00919	0.00663	0.00432	0.01211
17	0.02015	0.02002	0.03625	0.07798	0.51000	0.01992	0.14098	0.02551	0.01894	0.02676	0.01581	0.02099	0.01295	0.00737	0.00853	0.00255	0.01072	0.00786	0.00411	0.01260
18	0.02032	0.01949	0.03328	0.08279	0.62633	0.01967	0.02537	0.02528	0.01880	0.02685	0.01558	0.02064	0.01305	0.00745	0.00823	0.00248	0.00993	0.00740	0.00409	0.01296
19	0.02726	0.03310	0.02484	0.02402	0.07856	0.47342	0.01733	0.02957	0.02072	0.02084	0.01264	0.01617	0.01096	0.00980	0.01198	0.00250	0.16640	0.00596	0.00412	0.00981
20	0.76672	0.01607	0.01221	0.01092	0.01607	0.01864	0.00900	0.02442	0.01414	0.03727	0.01157	0.01350	0.00900	0.00771	0.00514	0.00257	0.00643	0.00450	0.00514	0.00900
21	0.01443	0.00722	0.01082	0.01082	0.01082	0.00722	0.00722	0.01082	0.01082	0.01443	0.01443	0.02525	0.01443	0.02886	0.03247	0.75830	0.00722	0.00722	0.00361	0.00361
22	0.76672	0.01607	0.01221	0.01092	0.01607	0.01864	0.00900	0.02442	0.01414	0.03727	0.01157	0.01350	0.00900	0.00771	0.00514	0.00257	0.00643	0.00450	0.00514	0.00900
23	0.00989	0.00813	0.00871	0.00917	0.01142	0.00695	0.00665	0.01184	0.01821	0.02215	0.07496	0.22919	0.50955	0.02223	0.01001	0.00294	0.00435	0.01899	0.00771	0.00695
24	0.02791	0.01769	0.02566	0.01979	0.02600	0.05459	0.15919	0.03482	0.11208	0.32579	0.03229	0.03088	0.07266	0.01045	0.00879	0.00266	0.00889	0.00946	0.00798	0.01242
25	0.00982	0.00842	0.00842	0.00842	0.01122	0.00701	0.00631	0.01192	0.01894	0.02244	0.08416	0.07995	0.65285	0.02104	0.00982	0.00281	0.00421	0.01753	0.00771	0.00701
26	0.03103	0.03959	0.02354	0.02140	0.02568	0.67469	0.01605	0.03317	0.02354	0.02033	0.01284	0.01498	0.01070	0.00856	0.00749	0.00214	0.01498	0.00535	0.00428	0.00963
27	0.03103	0.03959	0.02354	0.02140	0.02568	0.67469	0.01605	0.03317	0.02354	0.02033	0.01284	0.01498	0.01070	0.00856	0.00749	0.00214	0.01498	0.00535	0.00428	0.00963
28	0.03103	0.03959	0.02354	0.02140	0.02568	0.67469	0.01605	0.03317	0.02354	0.02033	0.01284	0.01498	0.01070	0.00856	0.00749	0.00214	0.01498	0.00535	0.00428	0.00963
29	0.76672	0.01607	0.01221	0.01092	0.01607	0.01864	0.00900	0.02442	0.01414	0.03727	0.01157	0.01350	0.00900	0.00771	0.00514	0.00257	0.00643	0.00450	0.00514	0.00900
30	0.03103	0.03959	0.02354	0.02140	0.02568	0.67469	0.01605	0.03317	0.02354	0.02033	0.01284	0.01498	0.01070	0.00856	0.00749	0.00214	0.01498	0.00535	0.00428	0.00963
31	0.02056	0.01974	0.03372	0.05099	0.65622	0.01974	0.02550	0.02550	0.01892	0.02714	0.01563	0.02056	0.01316	0.00740	0.00822	0.00247	0.00987	0.00740	0.00411	0.01316
32	0.01187	0.00890	0.01335	0.01335	0.01483	0.01038	0.01038	0.01483	0.01335	0.01928	0.02225	0.03264	0.02077	0.06231	0.67512	0.01335	0.02225	0.00890	0.00445	0.00742
33	0.01666	0.04297	0.66500	0.02368	0.03596	0.01929	0.03069	0.02631	0.01754	0.02631	0.01491	0.01754	0.01052	0.00789	0.00789	0.00263	0.01228	0.00614	0.00351	0.01228
34	0.76672	0.01607	0.01221	0.01092	0.01607	0.01864	0.00900	0.02442	0.01414	0.03727	0.01157	0.01350	0.00900	0.00771	0.00514	0.00257	0.00643	0.00450	0.00514	0.00900
35	0.01012	0.00723	0.00964	0.01157	0.01205	0.00675	0.00771	0.01157	0.01591	0.02121	0.04579	0.70262	0.05495	0.02603	0.01060	0.00337	0.00482	0.02362	0.00771	0.00675
36	0.01208	0.00805	0.00906	0.00906	0.00906	0.00805	0.00503	0.01208	0.01208	0.01611	0.02618	0.05436	0.03020	0.70804	0.04228	0.00805	0.00805	0.01208	0.00503	0.00503
37	0.01821	0.02975	0.30168	0.03313	0.18587	0.01940	0.20722	0.02559	0.01842	0.02639	0.01693	0.04806	0.01362	0.00826	0.00866	0.00267	0.01191	0.00826	0.00403	0.01194
38	0.03103	0.03959	0.02354	0.02140	0.02568	0.67469	0.01605	0.03317	0.02354	0.02033	0.01284	0.01498	0.01070	0.00856	0.00749	0.00214	0.01498	0.00535	0.00428	0.00963
39	0.02221	0.71304	0.04353	0.01421	0.02132	0.03287	0.01421	0.02488	0.01688	0.01955	0.01155	0.01333	0.01066	0.00711	0.00533	0.00178	0.00888	0.00444	0.00355	0.01066
40	0.01722	0.03541	0.46247	0.02718	0.07339	0.01909	0.15814	0.02562	0.01799	0.02618	0.01685	0.05178	0.01327	0.00854	0.00846	0.00269	0.01215	0.00785	0.00390	0.01183
41	0.01947	0.01862	0.03175	0.19371	0.52203	0.01945	0.02495	0.02454	0.01840	0.02582	0.01543	0.02092	0.01269	0.00760	0.00824	0.00253	0.01014	0.00740	0.00402	0.01228
42	0.02031	0.02203	0.02201	0.01967	0.02124	0.20598	0.01571	0.02249	0.01594	0.01992	0.01417	0.02074	0.01321	0.02429	0.17693	0.00554	0.33985	0.00712	0.00401	0.00884
43	0.01005	0.00750	0.00937	0.01086	0.01186	0.00681	0.00740	0.01165	0.01658	0.02148	0.05438	0.56313	0.18889	0.02491	0.01043	0.00325	0.00468	0.02225	0.00771	0.00681
44	0.01191	0.00816	0.00945	0.00932	0.00986	0.00796	0.00567	0.01282	0.01477	0.01997	0.15824	0.05719	0.07016	0.53216	0.03401	0.00668	0.00701	0.01295	0.00601	0.00571
45	0.76672	0.01607	0.01221	0.01092	0.01607	0.01864	0.00900	0.02442	0.01414	0.03727	0.01157	0.01350	0.00900	0.00771	0.00514	0.00257	0.00643	0.00450	0.00514	0.00900
46	0.02555	0.01876	0.02063	0.01699	0.02191	0.02042	0.01352	0.45509	0.03255	0.04360	0.02721	0.21185	0.02560	0.01449	0.00896	0.00274	0.00793	0.01202	0.00814	0.01205
47	0.01666	0.04297	0.66500	0.02368	0.03596	0.01929	0.03069	0.02631	0.01754	0.02631	0.01491	0.01754	0.01052	0.00789	0.00789	0.00263	0.01228	0.00614	0.00351	0.01228
48	0.01012	0.00723	0.00964	0.01157	0.01205	0.00675	0.00771	0.01157	0.01591	0.02121	0.04579	0.70262	0.05495	0.02603	0.01060	0.00337	0.00482	0.02362	0.00771	0.00675
49	0.01006	0.00745	0.00941	0.01097	0.01189	0.00680	0.00745	0.01163	0.01648	0.02144	0.05303	0.58501	0.16788	0.02508	0.01046	0.00327	0.00470	0.02247	0.00771	0.00680
50	0.01549	0.00774	0.00774	0.00774	0.00968	0.00774	0.00581	0.01936	0.01742	0.03097	0.02710	0.03097	0.02129	0.00968	0.00581	0.00194	0.00387	0.00774	0.75416	0.00774
51	0.01549	0.00774	0.00774	0.00774	0.00968	0.00774	0.00581	0.01936	0.01742	0.03097	0.02710	0.03097	0.02129	0.00968	0.00581	0.00194	0.00387	0.00774	0.75416	0.00774
52	0.01012	0.00723	0.00964	0.01157	0.01205	0.00675	0.00771	0.01157	0.01591	0.02121	0.04579	0.70262	0.05495	0.02603	0.01060	0.00337	0.00482	0.02362	0.00771	0.00675
53	0.01410	0.01063	0.01463	0.01384	0.01511	0.01302	0.01098	0.01704	0.01419	0.02224	0.02095	0.02910	0.01875	0.03933	0.37418	0.00851	0.16330	0.00827	0.18396	0.00786
54	0.20469	0.02012	0.02273	0.10512	0.08868	0.02254	0.01603	0.34810	0.02828	0.04234	0.01686	0.01874	0.01242	0.00897	0.00754	0.00254	0.00881	0.00675	0.00656	0.01218
55	0.01818	0.01818	0.02545	0.02181	0.02181	0.02545	0.01818	0.01999	0.01272	0.01999	0.01091	0.01818	0.01091	0.01454	0.02726	0.00364	0.69284	0.00727	0.00364	0.00909
56	0.02869	0.03022	0.02276	0.01974	0.02472	0.35259	0.01529	0.18750	0.17554	0.03195	0.01968	0.02008	0.01509	0.00957	0.00793	0.00239	0.01148	0.00686	0.00631	0.01162
57	0.01187	0.00890	0.01335	0.01335	0.01483	0.01038	0.01038	0.01483	0.01335	0.01928	0.02225	0.03264	0.02077	0.06231	0.67512	0.01335	0.02225	0.00890	0.00445	0.00742
58	0.01962	0.01878	0.03203	0.17362	0.54092	0.01949	0.02503	0.02467	0.01847	0.02600	0.01546	0.02087	0.01276	0.00758	0.00824	0.00253	0.01010	0.00740	0.00403	0.01240
59	0.02311	0.02725	0.02895	0.02369	0.02857	0.32166	0.20061	0.02693	0.01998	0.02200	0.01623	0.02133	0.01361	0.02053	0.16282	0.00494	0.01637	0.00753	0.00430	0.00960
60	0.05790	0.02159	0.03088	0.07009	0.50751	0.08832	0.02319	0.05285	0.01997	0.02780	0.01530	0.01967	0.01266	0.00769	0.00801	0.00245	0.01025	0.00705	0.00435	0.01248
61	0.05129	0.01658	0.02682	0.07747	0.43779	0.01676	0.02039	0.02284	0.01967	0.02872	0.16788	0.03029	0.02848	0.00977	0.00847	0.00252	0.00836	0.00910	0.00534	0.01146
62	0.04923	0.02207	0.14443	0.03563	0.36513	0.01747	0.05030	0.02383	0.01835	0.02710	0.02252	0.02588	0.07495	0.00885	0.00806	0.00247	0.00936	0.00804	0.03848	0.04783
63	0.08892	0.03180	0.05342	0.02575	0.14133	0.37705	0.01783	0.11696	0.02390	0.02788	0.01437	0.01672	0.01150	0.00845	0.00757	0.00231	0.01237	0.00600	0.00487	0.01100
64	0.30943	0.10061	0.02134	0.07681	0.11135	0.01843	0.01366	0.02642	0.01789	0.14239	0.07239	0.02211	0.01811	0.00891	0.00685	0.00248	0.00751	0.00676	0.00594	0.01062

[dist]
# distance from previous block
# <min> <max>
0	80

[block]
# block no. 2 follows, 22 sequences, length 69
# corresponding to MSA columns:
# 156-224
name=unknown_C
#
# <colnr> <probs for GDERKNQSTAVLIFYWHMCP>
#	G	D	E	R	K	N	Q	S	T	A	V	L	I	F	Y	W	H	M	C	P
0	0.01859	0.17495	0.35105	0.02422	0.03371	0.02291	0.16437	0.02566	0.01756	0.02456	0.01439	0.01784	0.01106	0.00797	0.00910	0.00256	0.05761	0.00671	0.00369	0.01148
1	0.01668	0.02609	0.26218	0.05514	0.03390	0.01745	0.22917	0.02363	0.01744	0.02522	0.01770	0.02306	0.01384	0.01759	0.12935	0.00459	0.01406	0.00806	0.05426	0.01058
2	0.03069	0.03454	0.02367	0.02063	0.02551	0.48335	0.01585	0.18150	0.05594	0.02895	0.01557	0.01695	0.01223	0.00904	0.00774	0.00226	0.01314	0.00607	0.00547	0.01091
3	0.03158	0.02327	0.02493	0.01911	0.02576	0.02576	0.01579	0.62852	0.03906	0.05236	0.01995	0.01995	0.01413	0.00997	0.00831	0.00249	0.00914	0.00748	0.00831	0.01413
4	0.01666	0.04297	0.66500	0.02368	0.03596	0.01929	0.03069	0.02631	0.01754	0.02631	0.01491	0.01754	0.01052	0.00789	0.00789	0.00263	0.01228	0.00614	0.00351	0.01228
5	0.02254	0.20897	0.20341	0.02686	0.16988	0.18561	0.02165	0.02746	0.01917	0.02328	0.01369	0.01651	0.01120	0.00775	0.00721	0.00225	0.01153	0.00579	0.00385	0.01140
6	0.01666	0.04297	0.66500	0.02368	0.03596	0.01929	0.03069	0.02631	0.01754	0.02631	0.01491	0.01754	0.01052	0.00789	0.00789	0.00263	0.01228	0.00614	0.00351	0.01228
7	0.01208	0.00805	0.00906	0.00906	0.00906	0.00805	0.00503	0.01208	0.01208	0.01611	0.02618	0.05436	0.03020	0.70804	0.04228	0.00805	0.00805	0.01208	0.00503	0.00503
8	0.02537	0.02802	0.33817	0.01889	0.02791	0.01542	0.02106	0.03181	0.02067	0.30536	0.06544	0.02523	0.01947	0.00955	0.00822	0.00260	0.00943	0.00771	0.00685	0.01280
9	0.02023	0.01972	0.03460	0.08174	0.57279	0.01978	0.07753	0.02538	0.01886	0.02680	0.01569	0.02080	0.01301	0.00741	0.00837	0.00251	0.01029	0.00761	0.00410	0.01279
10	0.76672	0.01607	0.01221	0.01092	0.01607	0.01864	0.00900	0.02442	0.01414	0.03727	0.01157	0.01350	0.00900	0.00771	0.00514	0.00257	0.00643	0.00450	0.00514	0.00900
11	0.03103	0.03959	0.02354	0.02140	0.02568	0.67469	0.01605	0.03317	0.02354	0.02033	0.01284	0.01498	0.01070	0.00856	0.00749	0.00214	0.01498	0.00535	0.00428	0.00963
12	0.01024	0.00843	0.00900	0.00886	0.01148	0.00719	0.00664	0.01274	0.01993	0.02481	0.20759	0.07606	0.52794	0.02016	0.00981	0.00276	0.00415	0.01699	0.00803	0.00719
13	0.01549	0.00774	0.00774	0.00774	0.00968	0.00774	0.00581	0.01936	0.01742	0.03097	0.02710	0.03097	0.02129	0.00968	0.00581	0.00194	0.00387	0.00774	0.75416	0.00774
14	0.01040	0.00754	0.00982	0.01115	0.01206	0.00696	0.00764	0.01234	0.01749	0.02348	0.15820	0.54478	0.09928	0.02405	0.01040	0.00320	0.00462	0.02165	0.00797	0.00696
15	0.02079	0.02259	0.02446	0.02133	0.02236	0.17153	0.01733	0.02273	0.01520	0.02004	0.01187	0.01812	0.01131	0.01540	0.05274	0.00375	0.50859	0.00691	0.00382	0.00913
16	0.02141	0.20434	0.36649	0.02030	0.03003	0.02412	0.02325	0.16210	0.02224	0.03052	0.01522	0.01704	0.01137	0.00817	0.00735	0.00239	0.01073	0.00602	0.00460	0.01230
17	0.03103	0.03959	0.02354	0.02140	0.02568	0.67469	0.01605	0.03317	0.02354	0.02033	0.01284	0.01498	0.01070	0.00856	0.00749	0.00214	0.01498	0.00535	0.00428	0.00963
18	0.01569	0.01477	0.02492	0.68808	0.05722	0.01846	0.02307	0.02123	0.01661	0.02123	0.01477	0.02215	0.01107	0.00831	0.00831	0.00277	0.01107	0.00738	0.00369	0.00923
19	0.01187	0.00890	0.01335	0.01335	0.01483	0.01038	0.01038	0.01483	0.01335	0.01928	0.02225	0.03264	0.02077	0.06231	0.67512	0.01335	0.02225	0.00890	0.00445	0.00742
20	0.00990	0.00842	0.00853	0.00850	0.01127	0.00705	0.00638	0.01208	0.01913	0.02291	0.10840	0.07919	0.62832	0.02087	0.00982	0.00280	0.00420	0.01743	0.00778	0.00705
21	0.01187	0.00890	0.01335	0.01335	0.01483	0.01038	0.01038	0.01483	0.01335	0.01928	0.02225	0.03264	0.02077	0.06231	0.67512	0.01335	0.02225	0.00890	0.00445	0.00742
22	0.00982	0.00842	0.00842	0.00842	0.01122	0.00701	0.00631	0.01192	0.01894	0.02244	0.08416	0.07995	0.65285	0.02104	0.00982	0.00281	0.00421	0.01753	0.00771	0.00701
23	0.76672	0.01607	0.01221	0.01092	0.01607	0.01864	0.00900	0.02442	0.01414	0.03727	0.01157	0.01350	0.00900	0.00771	0.00514	0.00257	0.00643	0.00450	0.00514	0.00900
24	0.18040	0.02552	0.02159	0.02053	0.07955	0.22821	0.01484	0.15707	0.10879	0.05989	0.01801	0.01896	0.01370	0.00902	0.00741	0.00244	0.01006	0.00648	0.00611	0.01143
25	0.01194	0.00862	0.01194	0.01194	0.01294	0.00962	0.00863	0.01393	0.01293	0.01824	0.02354	0.03977	0.02386	0.27424	0.46742	0.01161	0.01759	0.00994	0.00464	0.00663
26	0.01972	0.02002	0.05885	0.13851	0.54696	0.01954	0.02538	0.02494	0.01854	0.02628	0.01548	0.02066	0.01276	0.00755	0.00822	0.00252	0.01014	0.00735	0.00403	0.01258
27	0.02050	0.03281	0.29883	0.06716	0.25182	0.13452	0.02591	0.02697	0.01903	0.02529	0.01479	0.01838	0.01150	0.00786	0.00796	0.00249	0.01185	0.00651	0.00386	0.01196
28	0.76672	0.01607	0.01221	0.01092	0.01607	0.01864	0.00900	0.02442	0.01414	0.03727	0.01157	0.01350	0.00900	0.00771	0.00514	0.00257	0.00643	0.00450	0.00514	0.00900
29	0.02016	0.02211	0.09819	0.04820	0.59288	0.01969	0.02603	0.02558	0.01878	0.02706	0.01555	0.02025	0.01289	0.00745	0.00819	0.00248	0.01012	0.00727	0.00405	0.01307
30	0.01956	0.01872	0.03191	0.18206	0.53299	0.01947	0.02500	0.02462	0.01844	0.02592	0.01545	0.02089	0.01273	0.00759	0.00824	0.00253	0.01012	0.00740	0.00403	0.01235
31	0.01753	0.01723	0.02421	0.02095	0.02110	0.02391	0.01738	0.01947	0.01279	0.01992	0.01206	0.01965	0.01191	0.01942	0.09343	0.00463	0.62435	0.00744	0.00372	0.00892
32	0.76672	0.01607	0.01221	0.01092	0.01607	0.01864	0.00900	0.02442	0.01414	0.03727	0.01157	0.01350	0.00900	0.00771	0.00514	0.00257	0.00643	0.00450	0.00514	0.00900
33	0.02843	0.03466	0.02607	0.02875	0.18224	0.51208	0.01840	0.03127	0.02239	0.02202	0.01353	0.01637	0.01131	0.00827	0.00767	0.00222	0.01371	0.00586	0.00424	0.01051
34	0.76672	0.01607	0.01221	0.01092	0.01607	0.01864	0.00900	0.02442	0.01414	0.03727	0.01157	0.01350	0.00900	0.00771	0.00514	0.00257	0.00643	0.00450	0.00514	0.00900
35	0.01051	0.00844	0.00937	0.00914	0.01164	0.00731	0.00685	0.01326	0.02056	0.02630	0.28570	0.07360	0.44890	0.01960	0.00981	0.00274	0.00411	0.01664	0.00822	0.00731
36	0.01012	0.00723	0.00964	0.01157	0.01205	0.00675	0.00771	0.01157	0.01591	0.02121	0.04579	0.70262	0.05495	0.02603	0.01060	0.00337	0.00482	0.02362	0.00771	0.00675
37	0.00982	0.00842	0.00842	0.00842	0.01122	0.00701	0.00631	0.01192	0.01894	0.02244	0.08416	0.07995	0.65285	0.02104	0.00982	0.00281	0.00421	0.01753	0.00771	0.00701
38	0.02480	0.51546	0.03767	0.01632	0.02260	0.22117	0.01475	0.02731	0.01883	0.01978	0.01193	0.01381	0.01067	0.00753	0.00596	0.00188	0.01067	0.00471	0.00377	0.01036
39	0.01187	0.00890	0.01335	0.01335	0.01483	0.01038	0.01038	0.01483	0.01335	0.01928	0.02225	0.03264	0.02077	0.06231	0.67512	0.01335	0.02225	0.00890	0.00445	0.00742
40	0.03103	0.03959	0.02354	0.02140	0.02568	0.67469	0.01605	0.03317	0.02354	0.02033	0.01284	0.01498	0.01070	0.00856	0.00749	0.00214	0.01498	0.00535	0.00428	0.00963
41	0.02609	0.02841	0.02133	0.01914	0.02373	0.33115	0.01465	0.06595	0.32037	0.02873	0.02322	0.02289	0.01789	0.00993	0.00799	0.00248	0.01068	0.00739	0.00647	0.01153
42	0.01187	0.00890	0.01335	0.01335	0.01483	0.01038	0.01038	0.01483	0.01335	0.01928	0.02225	0.03264	0.02077	0.06231	0.67512	0.01335	0.02225	0.00890	0.00445	0.00742
43	0.02525	0.01135	0.01489	0.01238	0.01620	0.01019	0.00944	0.02782	0.02081	0.35949	0.17110	0.04239	0.03603	0.18504	0.01710	0.00394	0.00660	0.01079	0.00872	0.01045
44	0.01315	0.00949	0.01305	0.01484	0.01681	0.00939	0.01291	0.01686	0.01911	0.02470	0.04668	0.09279	0.08838	0.02282	0.01136	0.00376	0.00742	0.56123	0.00765	0.00761
45	0.01205	0.00884	0.01306	0.01306	0.01457	0.01025	0.01015	0.01507	0.01356	0.01988	0.02250	0.03255	0.02080	0.05961	0.64079	0.01277	0.02131	0.00884	0.04291	0.00743
46	0.03152	0.02494	0.02479	0.01935	0.02575	0.09203	0.01582	0.56772	0.03747	0.04909	0.01922	0.01944	0.01378	0.00983	0.00823	0.00246	0.00974	0.00726	0.00790	0.01367
47	0.01549	0.00774	0.00774	0.00774	0.00968	0.00774	0.00581	0.01936	0.01742	0.03097	0.02710	0.03097	0.02129	0.00968	0.00581	0.00194	0.00387	0.00774	0.75416	0.00774
48	0.00982	0.00842	0.00842	0.00842	0.01122	0.00701	0.00631	0.01192	0.01894	0.02244	0.08416	0.07995	0.65285	0.02104	0.00982	0.00281	0.00421	0.01753	0.00771	0.00701
49	0.01208	0.00805	0.00906	0.00906	0.00906	0.00805	0.00503	0.01208	0.01208	0.01611	0.02618	0.05436	0.03020	0.70804	0.04228	0.00805	0.00805	0.01208	0.00503	0.00503
50	0.01056	0.00764	0.01056	0.01201	0.01274	0.00765	0.00838	0.01238	0.01527	0.02073	0.03994	0.53627	0.04646	0.03503	0.17559	0.00585	0.00915	0.01996	0.00690	0.00691
51	0.02100	0.02226	0.02794	0.29622	0.27680	0.16731	0.02240	0.02554	0.01905	0.02326	0.01466	0.01993	0.01178	0.00802	0.00809	0.00251	0.01150	0.00693	0.00398	0.01081
52	0.03103	0.03959	0.02354	0.02140	0.02568	0.67469	0.01605	0.03317	0.02354	0.02033	0.01284	0.01498	0.01070	0.00856	0.00749	0.00214	0.01498	0.00535	0.00428	0.00963
53	0.01617	0.02939	0.35994	0.02710	0.18442	0.01666	0.02396	0.02302	0.01840	0.02613	0.05635	0.03159	0.13049	0.01056	0.00841	0.00262	0.00984	0.00892	0.00467	0.01134
54	0.01011	0.00851	0.00882	0.00898	0.01171	0.00722	0.00689	0.01235	0.01895	0.02264	0.08088	0.08107	0.60352	0.02120	0.00995	0.00289	0.00449	0.06505	0.00771	0.00707
55	0.01359	0.00917	0.01009	0.00944	0.01264	0.00777	0.00723	0.01601	0.02001	0.10696	0.13169	0.07149	0.51543	0.01925	0.00963	0.00276	0.00455	0.01609	0.00819	0.00802
56	0.01187	0.00890	0.01335	0.01335	0.01483	0.01038	0.01038	0.01483	0.01335	0.01928	0.02225	0.03264	0.02077	0.06231	0.67512	0.01335	0.02225	0.00890	0.00445	0.00742
57	0.01838	0.01695	0.02810	0.04093	0.49637	0.01678	0.02111	0.02306	0.02006	0.02867	0.17359	0.03086	0.02935	0.00978	0.00862	0.00250	0.00839	0.00929	0.00536	0.01184
58	0.02221	0.71304	0.04353	0.01421	0.02132	0.03287	0.01421	0.02488	0.01688	0.01955	0.01155	0.01333	0.01066	0.00711	0.00533	0.00178	0.00888	0.00444	0.00355	0.01066
59	0.01067	0.00851	0.00966	0.00993	0.01230	0.00749	0.00764	0.01329	0.01958	0.02465	0.17845	0.12034	0.42713	0.02090	0.01009	0.00295	0.00466	0.09656	0.00796	0.00723
60	0.01012	0.00723	0.00964	0.01157	0.01205	0.00675	0.00771	0.01157	0.01591	0.02121	0.04579	0.70262	0.05495	0.02603	0.01060	0.00337	0.00482	0.02362	0.00771	0.00675
61	0.01208	0.00805	0.00906	0.00906	0.00906	0.00805	0.00503	0.01208	0.01208	0.01611	0.02618	0.05436	0.03020	0.70804	0.04228	0.00805	0.00805	0.01208	0.00503	0.00503
62	0.03158	0.02327	0.02493	0.01911	0.02576	0.02576	0.01579	0.62852	0.03906	0.05236	0.01995	0.01995	0.01413	0.00997	0.00831	0.00249	0.00914	0.00748	0.00831	0.01413
63	0.02332	0.01857	0.01806	0.01737	0.04867	0.14700	0.01252	0.12412	0.04830	0.13396	0.03083	0.27989	0.03041	0.01577	0.00902	0.00278	0.00826	0.01339	0.00741	0.01033
64	0.01374	0.11966	0.01657	0.01140	0.01424	0.01298	0.00912	0.01768	0.04743	0.02774	0.35948	0.05394	0.16479	0.05154	0.01152	0.00285	0.03646	0.01307	0.00751	0.00827
65	0.02639	0.03200	0.02943	0.02415	0.02941	0.41598	0.16718	0.03087	0.05288	0.02291	0.01487	0.01790	0.01200	0.00850	0.00905	0.00237	0.04809	0.00674	0.00447	0.04481
66	0.02716	0.06765	0.02789	0.03070	0.23152	0.42774	0.01904	0.03024	0.02169	0.02252	0.01369	0.01672	0.01150	0.00811	0.00762	0.00223	0.01300	0.00597	0.00419	0.01084
67	0.01191	0.00858	0.01154	0.01183	0.01288	0.00920	0.00862	0.01388	0.01391	0.01906	0.02980	0.08250	0.05739	0.26523	0.33622	0.00965	0.01441	0.07149	0.00528	0.00661
68	0.01689	0.01522	0.02247	0.01936	0.05459	0.01455	0.09318	0.02084	0.01743	0.02542	0.02176	0.03720	0.02100	0.01173	0.01116	0.00250	0.10884	0.15385	0.00527	0.32673

[dist]
# distance from previous block
# <min> <max>
0	1

[block]
# block no. 3 follows, 22 sequences, length 7
# corresponding to MSA columns:
# 226-232
name=unknown_D
#
# <colnr> <probs for GDERKNQSTAVLIFYWHMCP>
#	G	D	E	R	K	N	Q	S	T	A	V	L	I	F	Y	W	H	M	C	P
0	0.02243	0.02614	0.07800	0.04005	0.37704	0.16338	0.11960	0.02741	0.01994	0.02551	0.01515	0.01942	0.01235	0.00763	0.00829	0.00246	0.01182	0.00725	0.00412	0.01201
1	0.01410	0.07168	0.01604	0.01362	0.01565	0.01286	0.01125	0.01728	0.01549	0.02232	0.02599	0.04304	0.02518	0.03761	0.32537	0.00786	0.06249	0.13777	0.11649	0.00792
2	0.08538	0.15383	0.23336	0.03016	0.21212	0.02206	0.09918	0.02568	0.01778	0.02632	0.01445	0.01790	0.01144	0.00748	0.00752	0.00244	0.01066	0.00651	0.00392	0.01181
3	0.02361	0.02328	0.02906	0.03866	0.41938	0.16193	0.02115	0.02771	0.02008	0.06605	0.01603	0.01952	0.01301	0.00772	0.00788	0.00229	0.01047	0.00679	0.00462	0.08075
4	0.01894	0.01662	0.06399	0.01917	0.09904	0.01565	0.01408	0.19694	0.02288	0.03070	0.03295	0.03588	0.15491	0.02351	0.13313	0.08516	0.01057	0.00981	0.00610	0.00997
5	0.02372	0.22557	0.02998	0.14114	0.02959	0.21942	0.01711	0.07108	0.01983	0.02261	0.01305	0.01668	0.01105	0.00913	0.01014	0.00241	0.11730	0.00592	0.00416	0.01011
6	0.01580	0.01539	0.09516	0.01399	0.01748	0.01260	0.01197	0.13435	0.02051	0.02736	0.03750	0.21423	0.11136	0.16068	0.01634	0.00405	0.00745	0.06839	0.00674	0.00864

[dist]
# distance from previous block
# <min> <max>
2	92

[block]
# block no. 4 follows, 22 sequences, length 9
# corresponding to MSA columns:
# 328-336
name=unknown_E
#
# <colnr> <probs for GDERKNQSTAVLIFYWHMCP>
#	G	D	E	R	K	N	Q	S	T	A	V	L	I	F	Y	W	H	M	C	P
0	0.18319	0.02840	0.18985	0.01790	0.02386	0.20615	0.01713	0.02527	0.01758	0.02538	0.01525	0.01935	0.01257	0.02039	0.15859	0.00491	0.01405	0.00618	0.00430	0.00970
1	0.02370	0.02581	0.03059	0.03905	0.39205	0.21905	0.05553	0.02901	0.05770	0.02550	0.01594	0.01959	0.01311	0.00796	0.00810	0.00241	0.01146	0.00703	0.00443	0.01198
2	0.02197	0.02032	0.01963	0.01924	0.06973	0.14368	0.01387	0.15561	0.13153	0.03116	0.03003	0.13922	0.05881	0.01382	0.00879	0.00269	0.00867	0.06095	0.00690	0.04339
3	0.01868	0.01758	0.02584	0.09227	0.27338	0.02002	0.01947	0.02649	0.14370	0.02612	0.02401	0.02735	0.06949	0.01105	0.01273	0.00286	0.16382	0.00864	0.00515	0.01135
4	0.02318	0.08493	0.02781	0.24051	0.16692	0.27315	0.02011	0.02704	0.01979	0.02197	0.01393	0.01830	0.01133	0.00811	0.00772	0.00238	0.01214	0.00635	0.00399	0.01033
5	0.01780	0.03619	0.48062	0.03166	0.21712	0.01942	0.02918	0.02607	0.01794	0.02655	0.01512	0.01842	0.01129	0.00775	0.00799	0.00258	0.01157	0.00651	0.00368	0.01253
6	0.01948	0.01951	0.02760	0.33751	0.27142	0.09082	0.02255	0.02559	0.05891	0.02418	0.01611	0.02136	0.01273	0.00819	0.00820	0.00259	0.01077	0.00730	0.00422	0.01097
7	0.02270	0.49242	0.03960	0.02301	0.16581	0.02924	0.01692	0.08040	0.01938	0.02428	0.01324	0.01558	0.01155	0.00744	0.00626	0.00200	0.00913	0.00539	0.00412	0.01155
8	0.01489	0.01155	0.01285	0.01224	0.01555	0.01160	0.00960	0.02365	0.19924	0.05731	0.13477	0.06281	0.29679	0.01744	0.00955	0.00290	0.00540	0.08435	0.00822	0.00929

[dist]
# distance from previous block
# <min> <max>
5	7

[block]
# block no. 5 follows, 22 sequences, length 23
# corresponding to MSA columns:
# 344-366
name=unknown_F
#
# <colnr> <probs for GDERKNQSTAVLIFYWHMCP>
#	G	D	E	R	K	N	Q	S	T	A	V	L	I	F	Y	W	H	M	C	P
0	0.01187	0.00890	0.01335	0.01335	0.01483	0.01038	0.01038	0.01483	0.01335	0.01928	0.02225	0.03264	0.02077	0.06231	0.67512	0.01335	0.02225	0.00890	0.00445	0.00742
1	0.01991	0.01907	0.03254	0.13607	0.57623	0.01957	0.02517	0.02493	0.01861	0.02635	0.01551	0.02077	0.01288	0.00752	0.00824	0.00251	0.01003	0.00740	0.00406	0.01263
2	0.01744	0.01781	0.01696	0.06114	0.02071	0.19519	0.01281	0.02035	0.01640	0.01971	0.01914	0.02703	0.01732	0.04375	0.44492	0.00953	0.01948	0.00781	0.00435	0.00815
3	0.02630	0.02971	0.02437	0.02638	0.16261	0.37150	0.01715	0.07693	0.08297	0.02583	0.02098	0.02265	0.05759	0.00954	0.00797	0.00235	0.01185	0.00720	0.00520	0.01091
4	0.01131	0.00957	0.00994	0.00988	0.01271	0.00883	0.00737	0.01624	0.10266	0.02398	0.07353	0.13555	0.50838	0.02022	0.00971	0.00286	0.00459	0.01704	0.00781	0.00782
5	0.01191	0.00781	0.00934	0.00972	0.00981	0.00772	0.00576	0.01186	0.01272	0.01696	0.02896	0.17931	0.03362	0.51124	0.03514	0.07621	0.00734	0.01390	0.00543	0.00524
6	0.19188	0.02711	0.02168	0.01828	0.02338	0.25146	0.01453	0.25220	0.02663	0.03595	0.01509	0.01669	0.01162	0.00925	0.00843	0.00245	0.05024	0.00607	0.00593	0.01113
7	0.01191	0.00871	0.01241	0.01241	0.01357	0.00987	0.00921	0.01423	0.01307	0.01859	0.02311	0.03740	0.02284	0.20396	0.53630	0.01219	0.01914	0.00960	0.00458	0.00689
8	0.01324	0.01042	0.01134	0.01039	0.01348	0.00974	0.00798	0.09526	0.02284	0.02933	0.22648	0.06718	0.41485	0.01848	0.00961	0.00271	0.00479	0.01552	0.00817	0.00818
9	0.02559	0.02878	0.02654	0.02853	0.17806	0.32346	0.01881	0.06850	0.02100	0.02407	0.01356	0.01740	0.01158	0.00974	0.01224	0.00258	0.16810	0.00643	0.00436	0.01067
10	0.01194	0.00800	0.00910	0.00924	0.00927	0.00796	0.00522	0.01205	0.01235	0.01646	0.02754	0.09947	0.03192	0.66059	0.04008	0.00773	0.00783	0.01288	0.00522	0.00515
11	0.01190	0.00879	0.01278	0.01278	0.01406	0.01007	0.00967	0.01447	0.01318	0.01886	0.02278	0.03554	0.02203	0.14854	0.59061	0.01264	0.02036	0.00933	0.00453	0.00710
12	0.01929	0.02473	0.14571	0.15198	0.22764	0.05419	0.20437	0.02562	0.01872	0.02544	0.01556	0.02057	0.01204	0.00759	0.00861	0.00263	0.01200	0.00779	0.00397	0.01155
13	0.01864	0.06728	0.03205	0.06369	0.02880	0.02454	0.15697	0.02192	0.01481	0.02155	0.01253	0.01904	0.01129	0.01193	0.02063	0.00326	0.44996	0.00766	0.00376	0.00969
14	0.01167	0.00942	0.01055	0.01062	0.01300	0.00892	0.00781	0.01680	0.10214	0.02569	0.16715	0.21247	0.33289	0.02017	0.00981	0.00290	0.00461	0.01740	0.00806	0.00792
15	0.01480	0.01161	0.01402	0.01423	0.01703	0.01215	0.01165	0.02403	0.19586	0.02884	0.14814	0.06919	0.10874	0.01844	0.01017	0.00323	0.00636	0.27421	0.00814	0.00917
16	0.06366	0.15056	0.07784	0.02890	0.16412	0.05504	0.14430	0.02476	0.01717	0.02426	0.01366	0.01820	0.01155	0.00894	0.01195	0.00267	0.16057	0.00697	0.00395	0.01093
17	0.02056	0.01974	0.03372	0.05099	0.65622	0.01974	0.02550	0.02550	0.01892	0.02714	0.01563	0.02056	0.01316	0.00740	0.00822	0.00247	0.00987	0.00740	0.00411	0.01316
18	0.01095	0.00875	0.00998	0.01051	0.01301	0.00779	0.00843	0.01363	0.01921	0.02366	0.09978	0.08308	0.45002	0.02140	0.01030	0.00309	0.00519	0.18621	0.00776	0.00724
19	0.02169	0.02189	0.03262	0.04779	0.58799	0.09061	0.02447	0.02633	0.01942	0.02640	0.01532	0.01996	0.01289	0.00753	0.00814	0.00243	0.01042	0.00718	0.00413	0.01278
20	0.01888	0.01859	0.02813	0.20231	0.39644	0.06120	0.02220	0.02347	0.01865	0.02472	0.02265	0.02701	0.08170	0.00918	0.00837	0.00256	0.00989	0.00836	0.00441	0.01129
21	0.01601	0.06888	0.21097	0.02417	0.16179	0.01609	0.01956	0.02146	0.01750	0.02497	0.06494	0.03210	0.05194	0.02108	0.14467	0.00478	0.01200	0.04322	0.03353	0.01036
22	0.07400	0.35488	0.03788	0.02026	0.02685	0.18141	0.14851	0.02719	0.01887	0.02248	0.01301	0.01572	0.01098	0.00747	0.00681	0.00214	0.01129	0.00584	0.00398	0.01042

[dist]
# distance from previous block
# <min> <max>
0	2

[block]
# block no. 6 follows, 22 sequences, length 18
# corresponding to MSA columns:
# 369-386
name=unknown_G
#
# <colnr> <probs for GDERKNQSTAVLIFYWHMCP>
#	G	D	E	R	K	N	Q	S	T	A	V	L	I	F	Y	W	H	M	C	P
0	0.01918	0.01327	0.01531	0.01346	0.01646	0.01376	0.01006	0.21740	0.02470	0.06220	0.15835	0.18195	0.03974	0.15684	0.01602	0.00384	0.00682	0.01347	0.00778	0.00940
1	0.02199	0.02107	0.02339	0.08152	0.02563	0.11507	0.01668	0.13872	0.06904	0.02847	0.06518	0.02285	0.01790	0.01219	0.01630	0.00298	0.29742	0.00782	0.00542	0.01035
2	0.01897	0.20446	0.47271	0.02108	0.03174	0.02301	0.02573	0.06486	0.01877	0.02635	0.01442	0.01667	0.01079	0.00784	0.00730	0.00241	0.01125	0.00581	0.00383	0.01200
3	0.01562	0.01232	0.01701	0.02092	0.14776	0.01240	0.01266	0.11045	0.02013	0.02728	0.03551	0.45497	0.03993	0.01967	0.00975	0.00305	0.00654	0.01774	0.00706	0.00923
4	0.01161	0.00813	0.00893	0.00893	0.00951	0.00784	0.00530	0.01205	0.01350	0.01742	0.03820	0.05967	0.15931	0.56559	0.03555	0.00697	0.00726	0.01321	0.00559	0.00544
5	0.01920	0.01322	0.01554	0.01420	0.01754	0.01382	0.01070	0.09975	0.17743	0.10300	0.03334	0.23723	0.03197	0.07379	0.06318	0.00407	0.00772	0.01339	0.00769	0.04323
6	0.01718	0.12313	0.02451	0.02262	0.15314	0.01942	0.01479	0.01930	0.01453	0.02025	0.01716	0.02952	0.01763	0.22303	0.05526	0.00489	0.20216	0.00839	0.00418	0.00890
7	0.02137	0.01575	0.01838	0.01587	0.01973	0.01733	0.01254	0.32141	0.02675	0.03624	0.02598	0.16521	0.02453	0.02858	0.20347	0.00585	0.01207	0.01124	0.00706	0.01064
8	0.02177	0.02329	0.16480	0.03645	0.37241	0.01804	0.02329	0.02827	0.04822	0.12020	0.04785	0.02342	0.01722	0.00854	0.00825	0.00254	0.00955	0.00771	0.00531	0.01287
9	0.08925	0.01448	0.01700	0.01487	0.01751	0.01719	0.01198	0.14909	0.01992	0.03124	0.02040	0.05628	0.01767	0.01968	0.11575	0.00436	0.17184	0.00821	0.19383	0.00945
10	0.14143	0.01549	0.02262	0.16381	0.26519	0.01666	0.01794	0.02244	0.04597	0.02680	0.02363	0.13308	0.04868	0.01145	0.00820	0.00272	0.00831	0.01009	0.00515	0.01035
11	0.02143	0.02429	0.08340	0.10160	0.45294	0.12149	0.02424	0.02637	0.01931	0.02548	0.01506	0.01959	0.01237	0.00770	0.00809	0.00246	0.01097	0.00698	0.00405	0.01218
12	0.01780	0.03820	0.52331	0.02440	0.08120	0.06076	0.02740	0.02615	0.01802	0.02635	0.01578	0.01866	0.01158	0.00804	0.00773	0.00253	0.01161	0.00631	0.06235	0.01182
13	0.01516	0.01202	0.01693	0.02016	0.15117	0.01184	0.01233	0.07444	0.02241	0.03127	0.33090	0.18206	0.05355	0.01615	0.00949	0.00273	0.00587	0.01447	0.00769	0.00934
14	0.01378	0.01029	0.01376	0.01306	0.01403	0.01230	0.00993	0.01607	0.01371	0.02089	0.02178	0.03407	0.02093	0.17750	0.29830	0.00832	0.14427	0.00904	0.14068	0.00730
15	0.01447	0.12686	0.01549	0.01060	0.01271	0.04368	0.00775	0.01579	0.01533	0.01926	0.03508	0.05119	0.14551	0.35949	0.02499	0.00522	0.00755	0.03854	0.04366	0.00683
16	0.28458	0.01678	0.10591	0.03875	0.04711	0.01429	0.01288	0.02101	0.01617	0.05719	0.11795	0.02576	0.02243	0.01389	0.01252	0.16409	0.00736	0.00743	0.00537	0.00854
17	0.02258	0.19623	0.17991	0.05324	0.02784	0.16739	0.01883	0.05666	0.14890	0.02597	0.01777	0.01909	0.01385	0.00866	0.00734	0.00236	0.01068	0.00635	0.00493	0.01141

[dist]
# distance from previous block
# <min> <max>
54	619

[block]
# block no. 7 follows, 22 sequences, length 18
# corresponding to MSA columns:
# 1150-1167
name=unknown_H
#
# <colnr> <probs for GDERKNQSTAVLIFYWHMCP>
#	G	D	E	R	K	N	Q	S	T	A	V	L	I	F	Y	W	H	M	C	P
0	0.05643	0.19765	0.13340	0.02795	0.21192	0.02282	0.05227	0.02893	0.11246	0.05325	0.01783	0.01992	0.01404	0.00811	0.00742	0.00240	0.00944	0.00679	0.00484	0.01213
1	0.10569	0.12814	0.11396	0.07979	0.02941	0.20847	0.08931	0.02642	0.01841	0.02366	0.01381	0.01758	0.01129	0.01123	0.04459	0.00303	0.05480	0.00624	0.00408	0.01006
2	0.01088	0.00803	0.01076	0.01174	0.01297	0.00792	0.00855	0.01317	0.01669	0.02246	0.11148	0.36923	0.11511	0.03272	0.16493	0.00557	0.00888	0.05467	0.00711	0.00711
3	0.01881	0.17668	0.02535	0.10624	0.06253	0.02052	0.01495	0.09890	0.01856	0.02546	0.01736	0.02278	0.01487	0.02276	0.17994	0.00521	0.08114	0.00712	0.07101	0.00982
4	0.02308	0.02452	0.03127	0.04387	0.50441	0.17743	0.02322	0.02734	0.02003	0.02550	0.01496	0.01922	0.01257	0.00768	0.00805	0.00239	0.01110	0.00691	0.00415	0.01231
5	0.01514	0.03466	0.51268	0.02086	0.03040	0.01638	0.02535	0.02288	0.01716	0.02512	0.02209	0.17677	0.02085	0.01211	0.00852	0.00280	0.01054	0.01020	0.00448	0.01099
6	0.01235	0.01091	0.01444	0.01868	0.16123	0.00994	0.01093	0.01504	0.01858	0.02339	0.06378	0.13829	0.43489	0.01845	0.00954	0.00279	0.00559	0.01588	0.00688	0.00841
7	0.01989	0.03244	0.28932	0.08799	0.03316	0.14747	0.06143	0.02567	0.01760	0.02319	0.01367	0.01795	0.01083	0.00958	0.01255	0.00280	0.17348	0.00660	0.00375	0.01065
8	0.07404	0.17939	0.02728	0.02332	0.17261	0.04409	0.01566	0.11854	0.02053	0.02953	0.01675	0.02014	0.01383	0.01151	0.04369	0.00288	0.05197	0.00657	0.11672	0.01095
9	0.01406	0.01115	0.01314	0.01367	0.01601	0.01170	0.01044	0.02294	0.21206	0.02632	0.04579	0.30007	0.10826	0.02025	0.01003	0.00323	0.00589	0.13810	0.00793	0.00896
10	0.01058	0.00742	0.00950	0.01098	0.01135	0.00705	0.00709	0.01169	0.01502	0.02002	0.04123	0.55195	0.04919	0.18454	0.01797	0.00446	0.00557	0.02094	0.00709	0.00635
11	0.01723	0.01477	0.01723	0.01230	0.01969	0.01107	0.00984	0.02092	0.01723	0.02707	0.01477	0.01723	0.01230	0.00615	0.00615	0.00123	0.00615	0.00492	0.00492	0.75883
12	0.04887	0.01620	0.02280	0.20325	0.16902	0.01778	0.01773	0.16626	0.02226	0.03065	0.02329	0.17909	0.02238	0.01260	0.00870	0.00277	0.00871	0.01107	0.00589	0.01069
13	0.01282	0.00816	0.01077	0.01077	0.01150	0.00868	0.00742	0.01360	0.01286	0.01851	0.02265	0.03861	0.02290	0.27512	0.25932	0.15286	0.01244	0.00956	0.08556	0.00589
14	0.01035	0.00733	0.00957	0.01128	0.01170	0.00690	0.00740	0.01163	0.01546	0.02061	0.04351	0.62736	0.05207	0.10521	0.01428	0.00392	0.00520	0.02228	0.00740	0.00655
15	0.01639	0.01548	0.02619	0.59630	0.14351	0.01864	0.02342	0.02184	0.01694	0.02208	0.01489	0.02192	0.01137	0.00818	0.00829	0.00273	0.01090	0.00739	0.00375	0.00979
16	0.02022	0.01939	0.03310	0.09571	0.61418	0.01965	0.02533	0.02520	0.01875	0.02673	0.01557	0.02067	0.01301	0.00747	0.00823	0.00249	0.00995	0.00740	0.00408	0.01288
17	0.06452	0.02555	0.20459	0.07130	0.38275	0.01953	0.02514	0.02644	0.05154	0.02764	0.01612	0.01994	0.01273	0.00781	0.00796	0.00255	0.01021	0.00698	0.00422	0.01247

[dist]
# distance from previous block
# <min> <max>
1	6

[block]
# block no. 8 follows, 22 sequences, length 90
# corresponding to MSA columns:
# 1174-1263
name=unknown_I
#
# <colnr> <probs for GDERKNQSTAVLIFYWHMCP>
#	G	D	E	R	K	N	Q	S	T	A	V	L	I	F	Y	W	H	M	C	P
0	0.01693	0.01556	0.02579	0.23283	0.33002	0.01654	0.02074	0.02157	0.01852	0.02558	0.10040	0.09376	0.02507	0.01075	0.00869	0.00267	0.00896	0.00998	0.00499	0.01066
1	0.02047	0.01484	0.01925	0.04941	0.16836	0.01588	0.01397	0.15964	0.02247	0.03407	0.02156	0.02509	0.01688	0.00936	0.00796	0.00230	0.03612	0.00757	0.34422	0.01059
2	0.01011	0.00729	0.00958	0.01142	0.01201	0.00676	0.00764	0.01158	0.01605	0.02127	0.04764	0.67257	0.08380	0.02579	0.01057	0.00335	0.00479	0.02332	0.00771	0.00676
3	0.02698	0.01968	0.02119	0.01674	0.02182	0.02158	0.01325	0.48310	0.03269	0.04380	0.02141	0.02806	0.01792	0.17465	0.01633	0.00380	0.00888	0.00856	0.00754	0.01198
4	0.01533	0.01197	0.02024	0.05503	0.02200	0.01232	0.15457	0.01975	0.01661	0.02569	0.02243	0.02897	0.01849	0.02559	0.21830	0.00579	0.01248	0.00857	0.29732	0.00854
5	0.03727	0.01414	0.01928	0.01478	0.02121	0.01221	0.01221	0.04049	0.02378	0.66198	0.03277	0.02828	0.02056	0.01028	0.00835	0.00257	0.00707	0.00835	0.01028	0.01414
6	0.01942	0.02186	0.04594	0.03329	0.04060	0.02159	0.54676	0.02575	0.01871	0.02575	0.01604	0.02186	0.01238	0.00799	0.01208	0.00291	0.10256	0.00947	0.00413	0.01093
7	0.03103	0.03959	0.02354	0.02140	0.02568	0.67469	0.01605	0.03317	0.02354	0.02033	0.01284	0.01498	0.01070	0.00856	0.00749	0.00214	0.01498	0.00535	0.00428	0.00963
8	0.01830	0.01155	0.01298	0.01166	0.01456	0.01247	0.00916	0.15702	0.02139	0.03308	0.02433	0.02885	0.01954	0.02216	0.16428	0.00476	0.00941	0.00796	0.40744	0.00912
9	0.01049	0.00844	0.00935	0.00912	0.01163	0.00730	0.00684	0.01322	0.02052	0.02621	0.28088	0.07375	0.45378	0.01963	0.00981	0.00274	0.00411	0.01666	0.00821	0.00730
10	0.01187	0.00890	0.01335	0.01335	0.01483	0.01038	0.01038	0.01483	0.01335	0.01928	0.02225	0.03264	0.02077	0.06231	0.67512	0.01335	0.02225	0.00890	0.00445	0.00742
11	0.01443	0.00722	0.01082	0.01082	0.01082	0.00722	0.00722	0.01082	0.01082	0.01443	0.01443	0.02525	0.01443	0.02886	0.03247	0.75830	0.00722	0.00722	0.00361	0.00361
12	0.02802	0.27158	0.03059	0.01872	0.02418	0.39769	0.01539	0.08039	0.02254	0.02275	0.01299	0.01483	0.01098	0.00818	0.00681	0.00204	0.01238	0.00521	0.00437	0.01037
