[name]
unknown

[dist]
# distance from previous block
# <min> <max>
0	2

[block]
# block no. 0 follows, 22 sequences, length 24
# corresponding to MSA columns:
# 22-45
name=unknown_A
#
# <colnr> <probs for GDERKNQSTAVLIFYWHMCP>
#	G	D	E	R	K	N	Q	S	T	A	V	L	I	F	Y	W	H	M	C	P
0	0.01313	0.00938	0.01310	0.01501	0.01681	0.00934	0.01295	0.01677	0.01887	0.02458	0.04413	0.14093	0.04836	0.02319	0.01141	0.00379	0.00743	0.55558	0.00765	0.00758
1	0.01518	0.01230	0.01294	0.01237	0.01523	0.06054	0.00909	0.04090	0.01838	0.05043	0.04151	0.29731	0.14057	0.06686	0.01156	0.00311	0.00636	0.04514	0.00692	0.13329
2	0.02488	0.51129	0.03769	0.01618	0.02263	0.17361	0.01474	0.07352	0.02007	0.02226	0.01248	0.01420	0.01094	0.00765	0.00604	0.00191	0.01025	0.00488	0.00408	0.01070
3	0.06367	0.02723	0.27473	0.02157	0.07585	0.01862	0.02085	0.12922	0.08726	0.06031	0.06542	0.02918	0.02105	0.01052	0.00834	0.00270	0.00943	0.05609	0.00601	0.01195
4	0.01915	0.01830	0.03117	0.23547	0.48277	0.01937	0.02479	0.02426	0.01825	0.02543	0.01538	0.02102	0.01256	0.00766	0.00825	0.00255	0.01022	0.00740	0.00399	0.01202
5	0.01385	0.01461	0.07748	0.01863	0.02246	0.01331	0.13666	0.01822	0.01498	0.02138	0.02051	0.02925	0.01822	0.04637	0.48230	0.01028	0.01971	0.00884	0.00432	0.00861
6	0.01638	0.03480	0.47966	0.21606	0.04211	0.01905	0.02849	0.02484	0.01727	0.02484	0.01487	0.01887	0.01068	0.00801	0.00801	0.00267	0.01193	0.00650	0.00356	0.01139
7	0.03039	0.03824	0.02325	0.02112	0.02543	0.63386	0.01587	0.03386	0.06210	0.02123	0.01415	0.01598	0.01162	0.00873	0.00755	0.00218	0.01446	0.00560	0.00454	0.00985
8	0.01012	0.00723	0.00964	0.01157	0.01205	0.00675	0.00771	0.01157	0.01591	0.02121	0.04579	0.70262	0.05495	0.02603	0.01060	0.00337	0.00482	0.02362	0.00771	0.00675
9	0.02140	0.02318	0.06145	0.02836	0.13571	0.13080	0.19464	0.10424	0.02194	0.02800	0.02166	0.14723	0.02038	0.01132	0.00900	0.00269	0.01103	0.01073	0.00536	0.01087
10	0.01801	0.01782	0.03230	0.35771	0.25064	0.01935	0.13642	0.02363	0.01792	0.02417	0.01543	0.02168	0.01204	0.00777	0.00856	0.00268	0.01123	0.00784	0.00392	0.01088
11	0.01187	0.00890	0.01335	0.01335	0.01483	0.01038	0.01038	0.01483	0.01335	0.01928	0.02225	0.03264	0.02077	0.06231	0.67512	0.01335	0.02225	0.00890	0.00445	0.00742
12	0.02745	0.40170	0.03380	0.01598	0.02245	0.13292	0.01428	0.08841	0.02146	0.14592	0.01665	0.01711	0.01290	0.00823	0.00655	0.00206	0.00956	0.00564	0.00543	0.01150
13	0.01012	0.00723	0.00964	0.01157	0.01205	0.00675	0.00771	0.01157	0.01591	0.02121	0.04579	0.70262	0.05495	0.02603	0.01060	0.00337	0.00482	0.02362	0.00771	0.00675
14	0.02210	0.02387	0.02899	0.03400	0.28536	0.18253	0.05106	0.02560	0.01833	0.02333	0.01419	0.01930	0.01236	0.01210	0.04568	0.00322	0.17593	0.00706	0.00406	0.01093
15	0.01003	0.00759	0.00927	0.01062	0.01180	0.00683	0.00729	0.01167	0.01681	0.02158	0.05731	0.51567	0.23446	0.02453	0.01037	0.00320	0.00464	0.02179	0.00771	0.00683
16	0.01736	0.02281	0.23597	0.01703	0.02305	0.01542	0.01735	0.13533	0.02055	0.02960	0.02385	0.13848	0.02187	0.02179	0.13359	0.00467	0.01135	0.01006	0.08961	0.01027
17	0.10349	0.01870	0.03139	0.16359	0.40279	0.01952	0.09139	0.02470	0.01803	0.02712	0.01514	0.02027	0.01224	0.00756	0.00807	0.00257	0.01018	0.00734	0.00416	0.01174
18	0.02423	0.02707	0.02417	0.02902	0.23737	0.33004	0.01743	0.02752	0.02096	0.02399	0.02039	0.02323	0.05775	0.00917	0.00771	0.00228	0.01124	0.00717	0.08883	0.01044
19	0.02189	0.55224	0.14748	0.01632	0.02411	0.07557	0.01714	0.02570	0.01746	0.02075	0.01221	0.01416	0.01064	0.00734	0.00592	0.00195	0.00989	0.00479	0.00360	0.01086
20	0.01068	0.01196	0.08264	0.01105	0.01424	0.00832	0.00946	0.01344	0.01790	0.02252	0.06526	0.25323	0.40745	0.02100	0.00983	0.00295	0.00529	0.01801	0.00724	0.00753
21	0.01153	0.00874	0.01155	0.08654	0.01663	0.00864	0.00885	0.01401	0.01797	0.02411	0.22449	0.24964	0.12517	0.13635	0.01538	0.00380	0.00573	0.01653	0.00723	0.00709
22	0.10088	0.01994	0.14161	0.06175	0.25101	0.01595	0.01884	0.02137	0.01642	0.02516	0.02009	0.09659	0.01961	0.13941	0.01438	0.00365	0.00913	0.00939	0.00464	0.01015
23	0.02056	0.01974	0.03372	0.05099	0.65622	0.01974	0.02550	0.02550	0.01892	0.02714	0.01563	0.02056	0.01316	0.00740	0.00822	0.00247	0.00987	0.00740	0.00411	0.01316

[dist]
# distance from previous block
# <min> <max>
0	6

[block]
# block no. 1 follows, 22 sequences, length 31
# corresponding to MSA columns:
# 52-82
name=unknown_B
#
# <colnr> <probs for GDERKNQSTAVLIFYWHMCP>
#	G	D	E	R	K	N	Q	S	T	A	V	L	I	F	Y	W	H	M	C	P
0	0.01975	0.02459	0.16555	0.04529	0.52669	0.01965	0.02658	0.02567	0.01863	0.02697	0.01548	0.01993	0.01261	0.00750	0.00816	0.00250	0.01037	0.00714	0.00399	0.01297
1	0.02022	0.01939	0.03310	0.09590	0.61400	0.01965	0.02532	0.02519	0.01875	0.02672	0.01557	0.02067	0.01301	0.00747	0.00823	0.00249	0.00995	0.00740	0.00408	0.01288
2	0.03051	0.03860	0.02405	0.02289	0.05730	0.64185	0.01652	0.03279	0.02331	0.02067	0.01298	0.01526	0.01082	0.00850	0.00753	0.00216	0.01472	0.00545	0.00427	0.00981
3	0.05828	0.63608	0.04016	0.01400	0.02067	0.03081	0.01373	0.02425	0.01653	0.02040	0.01220	0.01450	0.01119	0.01048	0.04586	0.00252	0.00957	0.00471	0.00369	0.01038
4	0.01012	0.00723	0.00964	0.01157	0.01205	0.00675	0.00771	0.01157	0.01591	0.02121	0.04579	0.70262	0.05495	0.02603	0.01060	0.00337	0.00482	0.02362	0.00771	0.00675
5	0.01855	0.01768	0.03008	0.31454	0.40843	0.01921	0.02449	0.02373	0.01796	0.02469	0.01527	0.02122	0.01230	0.00778	0.00826	0.00259	0.01037	0.00739	0.00394	0.01153
6	0.03109	0.03798	0.02368	0.02118	0.02569	0.61043	0.01603	0.09213	0.02508	0.02350	0.01354	0.01547	0.01104	0.00870	0.00757	0.00218	0.01440	0.00556	0.00468	0.01008
7	0.00982	0.00842	0.00842	0.00842	0.01122	0.00701	0.00631	0.01192	0.01894	0.02244	0.08416	0.07995	0.65285	0.02104	0.00982	0.00281	0.00421	0.01753	0.00771	0.00701
8	0.01012	0.00723	0.00964	0.01157	0.01205	0.00675	0.00771	0.01157	0.01591	0.02121	0.04579	0.70262	0.05495	0.02603	0.01060	0.00337	0.00482	0.02362	0.00771	0.00675
9	0.01191	0.00829	0.01049	0.01058	0.01109	0.00875	0.00691	0.01295	0.01268	0.01739	0.02587	0.07927	0.02835	0.46429	0.24663	0.00955	0.01251	0.01162	0.00498	0.00589
10	0.01208	0.00805	0.00906	0.00906	0.00906	0.00805	0.00503	0.01208	0.01208	0.01611	0.02618	0.05436	0.03020	0.70804	0.04228	0.00805	0.00805	0.01208	0.00503	0.00503
11	0.01723	0.01477	0.01723	0.01230	0.01969	0.01107	0.00984	0.02092	0.01723	0.02707	0.01477	0.01723	0.01230	0.00615	0.00615	0.00123	0.00615	0.00492	0.00492	0.75883
12	0.03158	0.02327	0.02493	0.01911	0.02576	0.02576	0.01579	0.62852	0.03906	0.05236	0.01995	0.01995	0.01413	0.00997	0.00831	0.00249	0.00914	0.00748	0.00831	0.01413
13	0.01012	0.00723	0.00964	0.01157	0.01205	0.00675	0.00771	0.01157	0.01591	0.02121	0.04579	0.70262	0.05495	0.02603	0.01060	0.00337	0.00482	0.02362	0.00771	0.00675
14	0.01206	0.00813	0.00947	0.00947	0.00961	0.00828	0.00554	0.01234	0.01220	0.01641	0.02580	0.05229	0.02930	0.64636	0.10273	0.00856	0.00941	0.01178	0.00498	0.00526
15	0.01443	0.00722	0.01082	0.01082	0.01082	0.00722	0.00722	0.01082	0.01082	0.01443	0.01443	0.02525	0.01443	0.02886	0.03247	0.75830	0.00722	0.00722	0.00361	0.00361
16	0.01274	0.00935	0.01166	0.01125	0.01150	0.01044	0.00745	0.01345	0.01237	0.01709	0.02376	0.04652	0.02639	0.51857	0.14875	0.00846	0.08858	0.01099	0.00477	0.00590
17	0.03103	0.03959	0.02354	0.02140	0.02568	0.67469	0.01605	0.03317	0.02354	0.02033	0.01284	0.01498	0.01070	0.00856	0.00749	0.00214	0.01498	0.00535	0.00428	0.00963
18	0.76672	0.01607	0.01221	0.01092	0.01607	0.01864	0.00900	0.02442	0.01414	0.03727	0.01157	0.01350	0.00900	0.00771	0.00514	0.00257	0.00643	0.00450	0.00514	0.00900
19	0.02217	0.02566	0.03756	0.03070	0.08817	0.19051	0.34275	0.02722	0.02028	0.02489	0.04659	0.02198	0.01528	0.00847	0.01030	0.00265	0.06126	0.00852	0.00442	0.01065
20	0.01340	0.00908	0.01014	0.00974	0.01019	0.00925	0.00576	0.05381	0.01391	0.01856	0.02575	0.05203	0.02911	0.66079	0.03998	0.00768	0.00813	0.01177	0.00526	0.00565
21	0.02144	0.01348	0.01410	0.01195	0.01562	0.01440	0.00950	0.24455	0.02542	0.03888	0.02446	0.02690	0.01864	0.00979	0.00673	0.00214	0.00582	0.00765	0.47844	0.01010
22	0.01652	0.01400	0.01672	0.01244	0.01905	0.01098	0.00991	0.02012	0.01672	0.02605	0.01575	0.01925	0.01341	0.01351	0.09380	0.00282	0.00826	0.00544	0.00486	0.66038
23	0.01688	0.01431	0.01667	0.01209	0.01897	0.01087	0.00952	0.02032	0.01688	0.02633	0.01554	0.01974	0.01352	0.05367	0.00860	0.00169	0.00628	0.00541	0.00493	0.70780
24	0.01031	0.00840	0.00920	0.00969	0.01208	0.00730	0.00738	0.01254	0.01856	0.02258	0.07409	0.16325	0.49861	0.02193	0.01013	0.00301	0.00472	0.09145	0.00771	0.00706
25	0.01723	0.01477	0.01723	0.01230	0.01969	0.01107	0.00984	0.02092	0.01723	0.02707	0.01477	0.01723	0.01230	0.00615	0.00615	0.00123	0.00615	0.00492	0.00492	0.75883
26	0.01119	0.00814	0.01095	0.01149	0.01258	0.00829	0.00818	0.01337	0.01594	0.02191	0.13443	0.26651	0.07380	0.12549	0.23080	0.00708	0.01074	0.01564	0.00653	0.00693
27	0.01096	0.00809	0.00948	0.00980	0.01105	0.00758	0.00661	0.01252	0.01637	0.02133	0.12414	0.19595	0.22444	0.24311	0.05731	0.00516	0.00653	0.01626	0.00685	0.00645
28	0.02175	0.01970	0.02951	0.04013	0.45017	0.02058	0.02176	0.09328	0.15780	0.03148	0.02008	0.02279	0.01594	0.00852	0.00828	0.00255	0.00907	0.00785	0.00551	0.01326
29	0.01192	0.00868	0.01225	0.01225	0.01335	0.00978	0.00901	0.01413	0.01302	0.01847	0.02326	0.03823	0.02320	0.22870	0.51205	0.01199	0.01859	0.00972	0.00460	0.00680
30	0.02379	0.36480	0.10024	0.01755	0.02383	0.24381	0.01628	0.02704	0.01891	0.02050	0.01314	0.01577	0.01142	0.01182	0.05660	0.00286	0.01228	0.00526	0.00386	0.01024

[dist]
# distance from previous block
# <min> <max>
4	29

[block]
# block no. 2 follows, 22 sequences, length 57
# corresponding to MSA columns:
# 113-169
name=unknown_C
#
# <colnr> <probs for GDERKNQSTAVLIFYWHMCP>
#	G	D	E	R	K	N	Q	S	T	A	V	L	I	F	Y	W	H	M	C	P
0	0.02336	0.02641	0.05850	0.10173	0.26943	0.22098	0.02130	0.05695	0.02034	0.02487	0.01434	0.01858	0.01186	0.00880	0.01012	0.00254	0.08771	0.00670	0.00425	0.01122
1	0.01134	0.00840	0.01062	0.01054	0.01247	0.00768	0.00792	0.01466	0.02157	0.02950	0.44529	0.14139	0.17214	0.01911	0.01000	0.00281	0.00431	0.05404	0.00864	0.00756
2	0.02038	0.01987	0.09431	0.03226	0.32309	0.04265	0.01968	0.02601	0.04786	0.09853	0.12395	0.03152	0.06291	0.01034	0.00853	0.00254	0.00859	0.00920	0.00595	0.01181
3	0.02221	0.71304	0.04353	0.01421	0.02132	0.03287	0.01421	0.02488	0.01688	0.01955	0.01155	0.01333	0.01066	0.00711	0.00533	0.00178	0.00888	0.00444	0.00355	0.01066
4	0.01182	0.00853	0.01178	0.01190	0.01286	0.00943	0.00855	0.01377	0.01312	0.01842	0.02499	0.08243	0.02590	0.26102	0.43541	0.01106	0.01671	0.01084	0.00484	0.00663
5	0.01076	0.00800	0.01002	0.01047	0.01204	0.00727	0.00749	0.01339	0.01975	0.02662	0.31214	0.30617	0.18300	0.02118	0.01010	0.00294	0.00431	0.01875	0.00832	0.00727
6	0.01877	0.01475	0.01560	0.01417	0.01828	0.01621	0.01098	0.03500	0.42335	0.06190	0.04300	0.04053	0.14859	0.01299	0.00844	0.00271	0.00585	0.01078	0.08669	0.01142
7	0.01549	0.00774	0.00774	0.00774	0.00968	0.00774	0.00581	0.01936	0.01742	0.03097	0.02710	0.03097	0.02129	0.00968	0.00581	0.00194	0.00387	0.00774	0.75416	0.00774
8	0.26361	0.02100	0.02092	0.01653	0.02270	0.02351	0.01365	0.43785	0.03119	0.04760	0.01730	0.01791	0.01251	0.00926	0.00731	0.00252	0.00828	0.00654	0.00731	0.01251
9	0.01095	0.00846	0.00999	0.00960	0.01192	0.00750	0.00720	0.01412	0.02161	0.02879	0.41573	0.06950	0.31732	0.01867	0.00981	0.00269	0.00404	0.01607	0.00855	0.00750
10	0.01818	0.01818	0.02545	0.02181	0.02181	0.02545	0.01818	0.01999	0.01272	0.01999	0.01091	0.01818	0.01091	0.01454	0.02726	0.00364	0.69284	0.00727	0.00364	0.00909
11	0.02056	0.01974	0.03372	0.05099	0.65622	0.01974	0.02550	0.02550	0.01892	0.02714	0.01563	0.02056	0.01316	0.00740	0.00822	0.00247	0.00987	0.00740	0.00411	0.01316
12	0.02196	0.02449	0.02193	0.01948	0.02109	0.26631	0.01513	0.02359	0.01668	0.01946	0.01424	0.02315	0.01412	0.13068	0.02240	0.00383	0.32136	0.00737	0.00412	0.00860
13	0.03158	0.02327	0.02493	0.01911	0.02576	0.02576	0.01579	0.62852	0.03906	0.05236	0.01995	0.01995	0.01413	0.00997	0.00831	0.00249	0.00914	0.00748	0.00831	0.01413
14	0.01127	0.00843	0.01046	0.01005	0.01214	0.00762	0.00750	0.01470	0.02222	0.03048	0.50478	0.09067	0.20263	0.01822	0.00983	0.00268	0.00402	0.01590	0.00878	0.00762
15	0.00982	0.00842	0.00842	0.00842	0.01122	0.00701	0.00631	0.01192	0.01894	0.02244	0.08416	0.07995	0.65285	0.02104	0.00982	0.00281	0.00421	0.01753	0.00771	0.00701
16	0.01034	0.00844	0.00915	0.00897	0.01154	0.00724	0.00673	0.01294	0.02018	0.02539	0.23812	0.07510	0.49704	0.01994	0.00981	0.00275	0.00413	0.01685	0.00810	0.00724
17	0.01805	0.01717	0.02918	0.37977	0.34710	0.01908	0.02424	0.02329	0.01773	0.02409	0.01518	0.02138	0.01208	0.00787	0.00827	0.00262	0.01049	0.00739	0.00390	0.01113
18	0.01735	0.01646	0.02792	0.47039	0.26189	0.01889	0.02390	0.02268	0.01740	0.02325	0.01506	0.02161	0.01179	0.00800	0.00828	0.00267	0.01066	0.00739	0.00384	0.01057
19	0.01043	0.00844	0.00926	0.00906	0.01160	0.00727	0.00679	0.01311	0.02038	0.02587	0.26333	0.07430	0.47154	0.01976	0.00981	0.00274	0.00412	0.01674	0.00817	0.00727
20	0.01136	0.00841	0.01113	0.05370	0.01477	0.00811	0.00842	0.01406	0.01915	0.02618	0.31219	0.28118	0.09615	0.08135	0.01288	0.00338	0.00507	0.01739	0.00785	0.00725
21	0.02056	0.01974	0.03372	0.05099	0.65622	0.01974	0.02550	0.02550	0.01892	0.02714	0.01563	0.02056	0.01316	0.00740	0.00822	0.00247	0.00987	0.00740	0.00411	0.01316
22	0.03103	0.03959	0.02354	0.02140	0.02568	0.67469	0.01605	0.03317	0.02354	0.02033	0.01284	0.01498	0.01070	0.00856	0.00749	0.00214	0.01498	0.00535	0.00428	0.00963
23	0.01666	0.04297	0.66500	0.02368	0.03596	0.01929	0.03069	0.02631	0.01754	0.02631	0.01491	0.01754	0.01052	0.00789	0.00789	0.00263	0.01228	0.00614	0.00351	0.01228
24	0.01055	0.00844	0.00943	0.00918	0.01167	0.00732	0.00689	0.01333	0.02066	0.02653	0.29736	0.07323	0.43710	0.01952	0.00981	0.00273	0.00410	0.01659	0.00825	0.00732
25	0.01020	0.00751	0.00956	0.01099	0.01195	0.00687	0.00750	0.01193	0.01695	0.02230	0.09688	0.55717	0.15061	0.02457	0.01042	0.00323	0.00466	0.02202	0.00782	0.00687
26	0.02554	0.02617	0.02638	0.02685	0.14913	0.22319	0.01844	0.15939	0.02307	0.02865	0.01442	0.01806	0.01200	0.01029	0.01327	0.00269	0.19956	0.00675	0.00496	0.01117
27	0.01138	0.00842	0.01063	0.01020	0.01221	0.00766	0.00760	0.01491	0.02245	0.03108	0.53642	0.09598	0.16416	0.01804	0.00984	0.00268	0.00401	0.01582	0.00886	0.00766
28	0.03138	0.02920	0.02443	0.01995	0.02573	0.26157	0.01588	0.41219	0.03342	0.04072	0.01736	0.01814	0.01288	0.00946	0.00801	0.00236	0.01126	0.00671	0.00685	0.01249
29	0.01339	0.00956	0.01339	0.01530	0.01721	0.00956	0.01339	0.01721	0.01912	0.02486	0.04399	0.09371	0.04781	0.02295	0.01147	0.00382	0.00765	0.60031	0.00765	0.00765
30	0.01244	0.00853	0.00963	0.00929	0.00981	0.00827	0.00537	0.01270	0.01244	0.01688	0.02537	0.05176	0.02895	0.65875	0.03975	0.00757	0.00792	0.01158	0.00503	0.05797
31	0.03124	0.03346	0.02406	0.02054	0.02571	0.43097	0.01595	0.25677	0.02937	0.03236	0.01551	0.01685	0.01199	0.00909	0.00780	0.00227	0.01279	0.00615	0.00579	0.01132
32	0.02134	0.49665	0.20282	0.01712	0.02538	0.07059	0.01859	0.02578	0.01748	0.02134	0.01250	0.01452	0.01063	0.00740	0.00613	0.00202	0.01015	0.00494	0.00359	0.01101
33	0.01652	0.02277	0.21669	0.05176	0.20755	0.01574	0.02243	0.02248	0.01850	0.02582	0.02603	0.04717	0.02530	0.01342	0.00935	0.00304	0.00981	0.22970	0.00524	0.01068
34	0.02056	0.01974	0.03372	0.05099	0.65622	0.01974	0.02550	0.02550	0.01892	0.02714	0.01563	0.02056	0.01316	0.00740	0.00822	0.00247	0.00987	0.00740	0.00411	0.01316
35	0.01176	0.00849	0.01110	0.01045	0.01241	0.00784	0.00784	0.01568	0.02352	0.03331	0.65184	0.06206	0.07839	0.01698	0.00980	0.00261	0.00392	0.01502	0.00914	0.00784
36	0.01082	0.00775	0.01036	0.01177	0.01271	0.00729	0.00839	0.01304	0.01780	0.02406	0.16739	0.50407	0.05884	0.02386	0.01054	0.00327	0.00496	0.08800	0.00799	0.00707
37	0.03164	0.02193	0.02395	0.01850	0.02501	0.02393	0.01524	0.52939	0.06999	0.12128	0.02217	0.02150	0.01548	0.01008	0.00832	0.00252	0.00876	0.00768	0.00854	0.01408
38	0.01549	0.00774	0.00774	0.00774	0.00968	0.00774	0.00581	0.01936	0.01742	0.03097	0.02710	0.03097	0.02129	0.00968	0.00581	0.00194	0.00387	0.00774	0.75416	0.00774
39	0.01109	0.00798	0.01051	0.01091	0.01226	0.00739	0.00779	0.01400	0.02041	0.02837	0.40416	0.32384	0.06881	0.02068	0.01013	0.00292	0.00429	0.01854	0.00856	0.00739
40	0.01208	0.00805	0.00906	0.00906	0.00906	0.00805	0.00503	0.01208	0.01208	0.01611	0.02618	0.05436	0.03020	0.70804	0.04228	0.00805	0.00805	0.01208	0.00503	0.00503
41	0.01207	0.00879	0.01283	0.01283	0.01426	0.01012	0.00986	0.01494	0.01351	0.01976	0.02271	0.03365	0.02128	0.09219	0.60670	0.01246	0.02053	0.00900	0.04518	0.00731
42	0.01046	0.00832	0.00939	0.00939	0.01168	0.00725	0.00694	0.01307	0.02006	0.02574	0.25930	0.13968	0.40876	0.02028	0.00989	0.00280	0.00418	0.01738	0.00817	0.00725
43	0.02880	0.14172	0.06749	0.02031	0.02567	0.49604	0.01669	0.06716	0.02307	0.02251	0.01320	0.01519	0.01089	0.00838	0.00724	0.00214	0.01353	0.00539	0.00436	0.01023
44	0.01313	0.00903	0.00986	0.00947	0.01229	0.00780	0.00710	0.01518	0.01864	0.08895	0.07009	0.07213	0.48536	0.10107	0.01357	0.00345	0.00512	0.04253	0.00766	0.00756
45	0.06915	0.24633	0.18693	0.01819	0.02578	0.05538	0.06034	0.11491	0.02074	0.02895	0.01569	0.01793	0.01229	0.00810	0.00686	0.00225	0.00973	0.00608	0.08324	0.01115
46	0.01239	0.00964	0.01500	0.01411	0.01582	0.01073	0.04878	0.01519	0.01357	0.01929	0.02247	0.03511	0.02160	0.15150	0.54194	0.01192	0.01969	0.00941	0.00452	0.00732
47	0.01066	0.00830	0.00969	0.00967	0.01182	0.00732	0.00713	0.01344	0.02045	0.02681	0.31560	0.15211	0.33724	0.01999	0.00991	0.00280	0.00417	0.01727	0.00831	0.00732
48	0.01049	0.00750	0.01007	0.01199	0.01264	0.00707	0.00836	0.01221	0.01627	0.02162	0.04558	0.63310	0.05413	0.02568	0.01070	0.00343	0.00514	0.08946	0.00770	0.00685
49	0.25553	0.01976	0.06656	0.07480	0.37881	0.01929	0.02047	0.02495	0.01718	0.02993	0.01425	0.01823	0.01155	0.00759	0.00723	0.00253	0.00901	0.00640	0.00437	0.01155
50	0.01102	0.00827	0.01124	0.05907	0.01570	0.00788	0.00892	0.01301	0.01641	0.02216	0.07202	0.58175	0.05048	0.02314	0.01014	0.00316	0.00529	0.02093	0.00733	0.05206
51	0.28752	0.05949	0.01663	0.01285	0.01748	0.01672	0.01044	0.12628	0.02159	0.10625	0.13076	0.08747	0.05126	0.01204	0.00751	0.00259	0.00647	0.00940	0.00717	0.01009
52	0.02662	0.02847	0.02071	0.01792	0.02263	0.38412	0.01364	0.07080	0.02217	0.06470	0.01637	0.02007	0.01368	0.05369	0.05192	0.00310	0.01251	0.00624	0.00512	0.14554
53	0.01408	0.00883	0.01033	0.00984	0.01157	0.00814	0.00668	0.01562	0.01697	0.09048	0.13376	0.09085	0.19825	0.32125	0.02395	0.00508	0.00619	0.01408	0.00702	0.00702
54	0.01318	0.00951	0.01137	0.01108	0.01255	0.00987	0.00789	0.05280	0.01675	0.02303	0.06879	0.13426	0.13803	0.22763	0.12789	0.00606	0.03609	0.01327	0.07283	0.00711
55	0.20605	0.02105	0.01909	0.01817	0.06107	0.13128	0.01336	0.10947	0.20257	0.03386	0.05076	0.02343	0.01890	0.01238	0.04131	0.00310	0.00919	0.00737	0.00646	0.01111
56	0.02169	0.01987	0.05012	0.16760	0.16884	0.05539	0.01915	0.06749	0.20413	0.07348	0.02188	0.02395	0.01656	0.00953	0.00920	0.00269	0.04256	0.00789	0.00595	0.01202

[dist]
# distance from previous block
# <min> <max>
1	6

[block]
# block no. 3 follows, 22 sequences, length 6
# corresponding to MSA columns:
# 176-181
name=unknown_D
#
# <colnr> <probs for GDERKNQSTAVLIFYWHMCP>
#	G	D	E	R	K	N	Q	S	T	A	V	L	I	F	Y	W	H	M	C	P
0	0.01828	0.01317	0.01512	0.01357	0.01612	0.01409	0.00994	0.22282	0.02230	0.03000	0.02795	0.18448	0.02910	0.24039	0.09934	0.00575	0.00940	0.01270	0.00668	0.00881
1	0.01209	0.00952	0.01218	0.01480	0.09436	0.00899	0.00862	0.01367	0.01586	0.02052	0.04674	0.18567	0.22689	0.26860	0.02150	0.00477	0.00645	0.01545	0.00628	0.00704
2	0.01888	0.24102	0.02329	0.01282	0.01729	0.01869	0.01088	0.10282	0.01968	0.02741	0.02301	0.14280	0.02202	0.01441	0.04400	0.00279	0.00762	0.00928	0.16422	0.07708
3	0.01959	0.01850	0.02015	0.01686	0.02070	0.13192	0.09028	0.11667	0.02088	0.02615	0.02722	0.13090	0.06471	0.17239	0.01640	0.00378	0.00934	0.01125	0.00587	0.07644
4	0.16136	0.01549	0.01792	0.01822	0.09409	0.01651	0.01255	0.20286	0.02443	0.03675	0.14730	0.15815	0.03354	0.01370	0.00843	0.00270	0.00686	0.01149	0.00726	0.01038
5	0.01920	0.01755	0.01692	0.05117	0.02057	0.13134	0.01184	0.10030	0.07654	0.02671	0.02728	0.25111	0.02793	0.01587	0.01023	0.05217	0.00804	0.01234	0.00636	0.11652

[dist]
# distance from previous block
# <min> <max>
8	88

[block]
# block no. 4 follows, 22 sequences, length 62
# corresponding to MSA columns:
# 291-352
name=unknown_E
#
# <colnr> <probs for GDERKNQSTAVLIFYWHMCP>
#	G	D	E	R	K	N	Q	S	T	A	V	L	I	F	Y	W	H	M	C	P
0	0.02432	0.02472	0.02416	0.05965	0.06704	0.22019	0.06312	0.12490	0.17055	0.03062	0.05580	0.02737	0.02056	0.01039	0.00844	0.00257	0.01050	0.03754	0.00628	0.01129
1	0.01964	0.01104	0.01384	0.01272	0.01640	0.01003	0.01008	0.02378	0.05981	0.21092	0.07808	0.15644	0.17544	0.01734	0.00949	0.00289	0.00593	0.10723	0.00842	0.05048
2	0.02287	0.01932	0.01980	0.04349	0.02312	0.09081	0.01274	0.13523	0.12130	0.06672	0.01949	0.02072	0.01500	0.00895	0.00809	0.02572	0.00804	0.00650	0.00622	0.32585
3	0.01474	0.01212	0.01766	0.16695	0.02582	0.01417	0.01413	0.05171	0.01600	0.02231	0.02040	0.03151	0.01870	0.05837	0.34013	0.00818	0.06885	0.04038	0.00465	0.05320
4	0.01504	0.02124	0.19534	0.02363	0.12239	0.01505	0.07533	0.02000	0.01706	0.02390	0.02992	0.17395	0.09280	0.01847	0.07102	0.00384	0.05397	0.01202	0.00513	0.00990
5	0.01012	0.00723	0.00964	0.01157	0.01205	0.00675	0.00771	0.01157	0.01591	0.02121	0.04579	0.70262	0.05495	0.02603	0.01060	0.00337	0.00482	0.02362	0.00771	0.00675
6	0.01148	0.00810	0.01004	0.01042	0.01105	0.00822	0.00680	0.01256	0.01362	0.01827	0.03362	0.17676	0.08130	0.38440	0.16958	0.00788	0.01018	0.01405	0.00563	0.00603
7	0.01223	0.00749	0.00907	0.01019	0.01126	0.00728	0.00710	0.01466	0.01637	0.02484	0.03771	0.41965	0.04074	0.02133	0.03643	0.00324	0.00518	0.01698	0.29109	0.00715
8	0.01178	0.00876	0.01291	0.01302	0.01436	0.01005	0.00994	0.01450	0.01343	0.01922	0.02379	0.07162	0.02321	0.09538	0.60321	0.01250	0.02050	0.00990	0.00467	0.00725
9	0.03103	0.03959	0.02354	0.02140	0.02568	0.67469	0.01605	0.03317	0.02354	0.02033	0.01284	0.01498	0.01070	0.00856	0.00749	0.00214	0.01498	0.00535	0.00428	0.00963
10	0.01739	0.13145	0.58294	0.02243	0.03402	0.02109	0.02852	0.02612	0.01745	0.02542	0.01446	0.01698	0.01054	0.00779	0.00755	0.00252	0.01183	0.00591	0.00351	0.01206
11	0.02056	0.01974	0.03372	0.05099	0.65622	0.01974	0.02550	0.02550	0.01892	0.02714	0.01563	0.02056	0.01316	0.00740	0.00822	0.00247	0.00987	0.00740	0.00411	0.01316
12	0.02722	0.03237	0.02724	0.03217	0.25506	0.43643	0.01949	0.03038	0.02186	0.02281	0.01385	0.01701	0.01160	0.00814	0.00776	0.00226	0.01312	0.00610	0.00422	0.01091
13	0.01666	0.04297	0.66500	0.02368	0.03596	0.01929	0.03069	0.02631	0.01754	0.02631	0.01491	0.01754	0.01052	0.00789	0.00789	0.00263	0.01228	0.00614	0.00351	0.01228
14	0.00982	0.00842	0.00842	0.00842	0.01122	0.00701	0.00631	0.01192	0.01894	0.02244	0.08416	0.07995	0.65285	0.02104	0.00982	0.00281	0.00421	0.01753	0.00771	0.00701
15	0.01724	0.01687	0.02362	0.02060	0.02071	0.02325	0.01698	0.01908	0.01300	0.02005	0.01418	0.07205	0.01481	0.01780	0.05811	0.00410	0.60614	0.00862	0.00399	0.00882
16	0.01022	0.00727	0.00961	0.01144	0.01190	0.00681	0.00758	0.01159	0.01571	0.02095	0.04481	0.67033	0.05371	0.06000	0.01218	0.00361	0.00498	0.02304	0.00758	0.00666
17	0.01197	0.00807	0.00936	0.00946	0.00958	0.00814	0.00551	0.01223	0.01235	0.01656	0.02690	0.08514	0.03083	0.63294	0.08116	0.00816	0.00880	0.01245	0.00513	0.00527
18	0.02349	0.61533	0.04063	0.01526	0.02195	0.12600	0.01448	0.02608	0.01785	0.01966	0.01174	0.01357	0.01067	0.00732	0.00564	0.00183	0.00977	0.00457	0.00366	0.01051
19	0.01201	0.00870	0.01186	0.01176	0.01342	0.00879	0.00902	0.01534	0.01919	0.02694	0.34965	0.05687	0.05446	0.08434	0.20289	0.00625	0.00994	0.08378	0.00730	0.00748
20	0.01653	0.17588	0.31294	0.01909	0.05678	0.01891	0.02027	0.02269	0.01890	0.02625	0.16252	0.03059	0.06445	0.01054	0.00791	0.00245	0.00905	0.00853	0.00508	0.01065
21	0.02123	0.02055	0.02931	0.03882	0.41394	0.06190	0.04136	0.03136	0.19729	0.02887	0.02069	0.02325	0.01647	0.00857	0.00830	0.00256	0.00939	0.00792	0.00537	0.01287
22	0.02878	0.03533	0.02573	0.02776	0.16112	0.53401	0.01808	0.03152	0.02255	0.02179	0.01344	0.01618	0.01123	0.00831	0.00765	0.00221	0.01388	0.00579	0.00424	0.01039
23	0.02104	0.01944	0.02603	0.06601	0.32062	0.07812	0.01927	0.12378	0.02169	0.02887	0.02148	0.02575	0.05509	0.01759	0.11443	0.00421	0.01188	0.00811	0.00509	0.01150
24	0.03039	0.02238	0.02408	0.01869	0.02500	0.02470	0.01534	0.59420	0.03777	0.05062	0.02138	0.05792	0.01640	0.01087	0.00844	0.00254	0.00890	0.00838	0.00828	0.01372
25	0.01204	0.01043	0.01406	0.17068	0.02315	0.01114	0.01157	0.01491	0.01757	0.02241	0.09048	0.18835	0.29189	0.01829	0.01098	0.00297	0.05942	0.01543	0.00654	0.00770
26	0.01035	0.00737	0.00972	0.01136	0.01193	0.00690	0.00759	0.01191	0.01631	0.02189	0.09188	0.62071	0.05554	0.05916	0.01211	0.00355	0.00491	0.02238	0.00769	0.00675
27	0.02040	0.01663	0.02081	0.05981	0.15767	0.01724	0.01484	0.24042	0.02615	0.03430	0.04208	0.04203	0.24610	0.01335	0.00884	0.00262	0.00761	0.01111	0.00693	0.01106
28	0.01447	0.01178	0.01263	0.01187	0.01466	0.01230	0.00869	0.02409	0.24431	0.02674	0.11603	0.05454	0.22432	0.16776	0.01644	0.00394	0.00588	0.01310	0.00755	0.00890
29	0.01981	0.01668	0.02519	0.31528	0.03935	0.01880	0.10048	0.15042	0.05710	0.03077	0.01912	0.02359	0.01431	0.00886	0.00813	0.00259	0.00970	0.00790	0.12142	0.01052
30	0.01683	0.04183	0.63074	0.02431	0.03637	0.01939	0.06381	0.02633	0.01765	0.02633	0.01501	0.01781	0.01064	0.00784	0.00800	0.00264	0.01237	0.00634	0.00355	0.01222
31	0.02074	0.11656	0.10335	0.09985	0.39580	0.07406	0.02357	0.02572	0.01865	0.02493	0.01470	0.01895	0.01214	0.00759	0.00775	0.00239	0.01053	0.00670	0.00394	0.01208
32	0.02102	0.02316	0.06306	0.05332	0.19035	0.19072	0.01702	0.02621	0.06851	0.05186	0.03361	0.03452	0.16896	0.01152	0.00842	0.00252	0.00968	0.00943	0.00558	0.01055
33	0.01978	0.02108	0.04214	0.03886	0.24153	0.02000	0.39366	0.02591	0.01924	0.02681	0.01630	0.02150	0.01277	0.00708	0.00907	0.00260	0.01219	0.00873	0.00422	0.05654
34	0.01048	0.00844	0.00934	0.00911	0.01163	0.00730	0.00683	0.01321	0.02050	0.02617	0.27861	0.07382	0.45607	0.01965	0.00981	0.00274	0.00411	0.01667	0.00820	0.00730
35	0.02289	0.02252	0.01981	0.01787	0.02248	0.16115	0.01377	0.04179	0.50854	0.03165	0.02931	0.02755	0.02221	0.01069	0.00825	0.00267	0.00838	0.00852	0.00756	0.01239
36	0.02400	0.01177	0.01348	0.01137	0.01525	0.01157	0.00905	0.11164	0.02230	0.21454	0.02771	0.02864	0.02007	0.00989	0.00689	0.00220	0.00553	0.00788	0.43573	0.01048
37	0.01141	0.00802	0.01051	0.01202	0.01277	0.00777	0.00864	0.01317	0.01593	0.02108	0.04110	0.40244	0.04774	0.17171	0.01764	0.00450	0.00626	0.17356	0.00712	0.00662
38	0.02533	0.02993	0.03021	0.02462	0.02987	0.34448	0.19027	0.03216	0.11776	0.02435	0.01711	0.01980	0.01354	0.00892	0.00957	0.00253	0.05672	0.00738	0.00487	0.01059
39	0.01207	0.00810	0.00932	0.00932	0.00941	0.00819	0.00535	0.01225	0.01216	0.01630	0.02594	0.05307	0.02964	0.66943	0.08012	0.00837	0.00890	0.01189	0.00500	0.00518
40	0.02954	0.03230	0.02271	0.01999	0.02478	0.43713	0.01533	0.12082	0.13525	0.05515	0.01844	0.01910	0.01422	0.00932	0.00782	0.00233	0.01231	0.00650	0.00586	0.01109
41	0.01204	0.00824	0.00998	0.00998	0.01030	0.00855	0.00618	0.01267	0.01235	0.01679	0.02533	0.04970	0.02818	0.56934	0.17822	0.00919	0.01110	0.01140	0.00491	0.00555
42	0.01003	0.00758	0.00928	0.01065	0.01181	0.00683	0.00730	0.01167	0.01679	0.02157	0.05701	0.52051	0.22981	0.02457	0.01037	0.00321	0.00464	0.02184	0.00771	0.00683
43	0.01402	0.01206	0.01747	0.01623	0.01721	0.01551	0.01304	0.01659	0.01314	0.01953	0.01839	0.02771	0.01741	0.04604	0.45452	0.01004	0.25059	0.00835	0.00417	0.00799
44	0.00982	0.00842	0.00842	0.00842	0.01122	0.00701	0.00631	0.01192	0.01894	0.02244	0.08416	0.07995	0.65285	0.02104	0.00982	0.00281	0.00421	0.01753	0.00771	0.00701
45	0.03127	0.03238	0.02416	0.02039	0.02572	0.38812	0.01594	0.29608	0.03039	0.03447	0.01598	0.01717	0.01221	0.00918	0.00785	0.00230	0.01240	0.00629	0.00606	0.01162
46	0.01848	0.02999	0.32039	0.07928	0.33572	0.01945	0.02771	0.02559	0.01814	0.02638	0.01524	0.01929	0.01183	0.00768	0.00808	0.00256	0.01104	0.00683	0.00381	0.01251
47	0.02038	0.02037	0.02996	0.03992	0.42538	0.07148	0.02228	0.02426	0.01753	0.02453	0.01463	0.02017	0.01282	0.01193	0.04605	0.00326	0.17211	0.00729	0.00403	0.01164
48	0.03103	0.03959	0.02354	0.02140	0.02568	0.67469	0.01605	0.03317	0.02354	0.02033	0.01284	0.01498	0.01070	0.00856	0.00749	0.00214	0.01498	0.00535	0.00428	0.00963
49	0.03155	0.02409	0.02486	0.01923	0.02576	0.05825	0.01580	0.59872	0.03828	0.05075	0.01959	0.01970	0.01396	0.00990	0.00827	0.00248	0.00943	0.00737	0.00811	0.01390
50	0.01012	0.00723	0.00964	0.01157	0.01205	0.00675	0.00771	0.01157	0.01591	0.02121	0.04579	0.70262	0.05495	0.02603	0.01060	0.00337	0.00482	0.02362	0.00771	0.00675
51	0.01187	0.00890	0.01335	0.01335	0.01483	0.01038	0.01038	0.01483	0.01335	0.01928	0.02225	0.03264	0.02077	0.06231	0.67512	0.01335	0.02225	0.00890	0.00445	0.00742
52	0.03106	0.03888	0.02360	0.02130	0.02569	0.64643	0.01604	0.05910	0.02422	0.02173	0.01315	0.01520	0.01085	0.00862	0.00753	0.00216	0.01473	0.00544	0.00446	0.00983
53	0.02109	0.02102	0.03406	0.04837	0.58401	0.05677	0.06087	0.02600	0.01922	0.02672	0.01554	0.02036	0.01299	0.00744	0.00828	0.00247	0.01040	0.00743	0.00413	0.01284
54	0.01162	0.00830	0.01136	0.01328	0.01441	0.00804	0.01031	0.01415	0.01738	0.02288	0.04496	0.42386	0.05168	0.02462	0.01100	0.00358	0.00612	0.28762	0.00768	0.00716
55	0.08981	0.02095	0.14358	0.01698	0.02277	0.01700	0.05375	0.19060	0.02297	0.05951	0.04932	0.08340	0.05683	0.11987	0.01364	0.00351	0.00873	0.00996	0.00635	0.01048
56	0.02695	0.03363	0.07200	0.02029	0.02531	0.43666	0.01636	0.03578	0.19981	0.02492	0.01900	0.01976	0.01488	0.00928	0.00780	0.00237	0.01237	0.00657	0.00541	0.01084
57	0.02221	0.71304	0.04353	0.01421	0.02132	0.03287	0.01421	0.02488	0.01688	0.01955	0.01155	0.01333	0.01066	0.00711	0.00533	0.00178	0.00888	0.00444	0.00355	0.01066
58	0.01301	0.01020	0.01363	0.01215	0.01527	0.00928	0.05585	0.01713	0.04582	0.05380	0.27165	0.06578	0.32003	0.01778	0.00978	0.00278	0.00525	0.04452	0.00808	0.00820
59	0.01251	0.00995	0.01323	0.01330	0.01474	0.03640	0.01011	0.01516	0.01389	0.01930	0.02392	0.08515	0.02354	0.09247	0.56254	0.01184	0.01984	0.01008	0.00473	0.00732
60	0.01698	0.14333	0.49592	0.02074	0.03107	0.02014	0.02560	0.02491	0.01810	0.02603	0.08496	0.02182	0.01806	0.00878	0.00771	0.00250	0.01082	0.00686	0.00414	0.01153
61	0.37175	0.02962	0.22086	0.01720	0.02441	0.15976	0.01737	0.02690	0.01723	0.03017	0.01290	0.01509	0.00985	0.00795	0.00651	0.00250	0.01011	0.00520	0.00444	0.01017

[dist]
# distance from previous block
# <min> <max>
0	1

[block]
# block no. 5 follows, 22 sequences, length 34
# corresponding to MSA columns:
# 354-387
name=unknown_F
#
# <colnr> <probs for GDERKNQSTAVLIFYWHMCP>
#	G	D	E	R	K	N	Q	S	T	A	V	L	I	F	Y	W	H	M	C	P
0	0.15699	0.09419	0.02486	0.02206	0.09797	0.32787	0.01573	0.11716	0.02301	0.02870	0.01387	0.01595	0.01119	0.00835	0.00709	0.00227	0.01146	0.00567	0.00493	0.01069
1	0.00997	0.00842	0.00863	0.00857	0.01131	0.00708	0.00643	0.01222	0.01929	0.02329	0.12847	0.07855	0.60800	0.02072	0.00982	0.00279	0.00419	0.01734	0.00783	0.00708
2	0.02000	0.01917	0.03271	0.12373	0.58783	0.01959	0.02522	0.02501	0.01865	0.02647	0.01553	0.02074	0.01292	0.00751	0.00823	0.00250	0.01001	0.00740	0.00406	0.01271
3	0.01198	0.00990	0.01070	0.01042	0.01322	0.00941	0.00782	0.01790	0.12300	0.02627	0.17058	0.11733	0.40283	0.01910	0.00965	0.00282	0.00460	0.01622	0.00808	0.00816
4	0.01137	0.00848	0.01057	0.01004	0.01217	0.00767	0.00753	0.01492	0.02260	0.03113	0.53804	0.06564	0.19354	0.01780	0.00980	0.00265	0.00398	0.01553	0.00886	0.00767
5	0.02290	0.66007	0.04196	0.01478	0.02166	0.08336	0.01436	0.02553	0.01740	0.01961	0.01165	0.01346	0.01066	0.00722	0.00550	0.00181	0.00936	0.00451	0.00361	0.01058
6	0.01048	0.00791	0.00945	0.01050	0.01185	0.00720	0.00739	0.01219	0.01680	0.02138	0.05685	0.37062	0.25874	0.09619	0.01375	0.00371	0.00517	0.06566	0.00742	0.00673
7	0.02274	0.67260	0.04233	0.01465	0.02158	0.07142	0.01432	0.02537	0.01728	0.01959	0.01163	0.01343	0.01066	0.00719	0.00546	0.00180	0.00925	0.00450	0.00360	0.01060
8	0.02285	0.02432	0.02899	0.02839	0.15935	0.20934	0.14861	0.06676	0.02111	0.02628	0.01877	0.02263	0.03485	0.01101	0.03539	0.00289	0.04508	0.00776	0.07498	0.01064
9	0.01144	0.00861	0.01066	0.01051	0.01270	0.00783	0.00813	0.01485	0.02171	0.02927	0.41937	0.07097	0.23148	0.01885	0.01002	0.00282	0.00447	0.09017	0.00856	0.00759
10	0.21642	0.37146	0.15053	0.01549	0.02290	0.05895	0.01602	0.02544	0.01662	0.02549	0.01225	0.01424	0.01020	0.00749	0.00587	0.00216	0.00918	0.00482	0.00400	0.01048
11	0.02010	0.14460	0.24988	0.03315	0.27691	0.06116	0.04907	0.02617	0.01841	0.02516	0.01458	0.01807	0.01168	0.00757	0.00765	0.00240	0.01100	0.00645	0.00383	0.01215
12	0.02015	0.02089	0.04032	0.04410	0.39177	0.02029	0.28466	0.02598	0.01921	0.02691	0.01614	0.02136	0.01292	0.00723	0.00891	0.00261	0.01165	0.00844	0.00415	0.01232
13	0.00996	0.00787	0.00898	0.00987	0.01160	0.00689	0.00696	0.01176	0.01754	0.02187	0.06643	0.36769	0.37655	0.02334	0.01018	0.00307	0.00449	0.02034	0.00771	0.00689
14	0.01438	0.01102	0.06281	0.01198	0.01425	0.00870	0.00969	0.01606	0.01828	0.06333	0.30361	0.10470	0.04689	0.02052	0.01690	0.24479	0.00591	0.01223	0.00686	0.00711
15	0.08902	0.01619	0.02045	0.12323	0.02700	0.05497	0.06253	0.05891	0.11354	0.06032	0.02751	0.10752	0.02572	0.01389	0.00990	0.00301	0.04185	0.12809	0.00643	0.00992
16	0.02056	0.01974	0.03372	0.05099	0.65622	0.01974	0.02550	0.02550	0.01892	0.02714	0.01563	0.02056	0.01316	0.00740	0.00822	0.00247	0.00987	0.00740	0.00411	0.01316
17	0.03103	0.03959	0.02354	0.02140	0.02568	0.67469	0.01605	0.03317	0.02354	0.02033	0.01284	0.01498	0.01070	0.00856	0.00749	0.00214	0.01498	0.00535	0.00428	0.00963
18	0.01753	0.01621	0.02713	0.29980	0.32035	0.01768	0.02269	0.02254	0.01803	0.02443	0.01958	0.03228	0.01758	0.01012	0.00875	0.00279	0.01001	0.09725	0.00448	0.01076
19	0.01201	0.00896	0.01335	0.01353	0.01506	0.01031	0.01067	0.01506	0.01389	0.01981	0.02429	0.03835	0.02330	0.05862	0.61300	0.01246	0.02088	0.06426	0.00475	0.00744
20	0.01636	0.00859	0.00868	0.00836	0.01056	0.00873	0.00635	0.05262	0.01860	0.03214	0.02671	0.03037	0.02090	0.00969	0.00594	0.00197	0.00416	0.00773	0.71344	0.00809
21	0.01206	0.00809	0.00922	0.00917	0.00932	0.00804	0.00525	0.01236	0.01297	0.01745	0.07502	0.05496	0.03396	0.65410	0.03975	0.00763	0.00773	0.01231	0.00535	0.00525
22	0.01699	0.08232	0.62850	0.02312	0.03510	0.02009	0.02973	0.02622	0.01750	0.02591	0.01471	0.01729	0.01053	0.00785	0.00774	0.00258	0.01208	0.00604	0.00351	0.01218
23	0.01054	0.00769	0.00992	0.01095	0.01207	0.00707	0.00761	0.01272	0.01827	0.02462	0.21431	0.46740	0.11997	0.02308	0.01031	0.00311	0.00451	0.02068	0.00810	0.00707
24	0.01843	0.01135	0.01403	0.01351	0.01609	0.01127	0.01003	0.11133	0.04530	0.12959	0.03824	0.40080	0.04046	0.05413	0.01142	0.00334	0.00621	0.04708	0.00811	0.00927
25	0.01949	0.02341	0.08239	0.03520	0.07435	0.02085	0.56232	0.02654	0.01946	0.02662	0.01664	0.02204	0.01252	0.00707	0.00962	0.00277	0.01370	0.00948	0.00416	0.01136
26	0.18738	0.20932	0.35775	0.01836	0.02770	0.02264	0.02156	0.02551	0.01660	0.02704	0.01329	0.01554	0.01021	0.00765	0.00661	0.00240	0.01008	0.00533	0.00389	0.01112
27	0.01764	0.01457	0.02327	0.06793	0.33465	0.01474	0.01745	0.04303	0.01716	0.02357	0.02230	0.06043	0.06583	0.01558	0.01529	0.21506	0.00846	0.00895	0.00457	0.00950
28	0.01170	0.00760	0.00911	0.01000	0.01104	0.00716	0.00680	0.01318	0.01586	0.02228	0.04332	0.35177	0.13301	0.09434	0.01459	0.06288	0.00507	0.01700	0.15674	0.00656
29	0.08643	0.05779	0.02221	0.01770	0.02313	0.18844	0.01412	0.17687	0.17900	0.11829	0.02221	0.02169	0.01632	0.00966	0.00775	0.00246	0.00950	0.00714	0.00710	0.01217
30	0.26158	0.13042	0.02351	0.06945	0.02363	0.18304	0.01448	0.02550	0.01678	0.02564	0.01200	0.01545	0.01022	0.00924	0.01043	0.00257	0.14687	0.00548	0.00427	0.00945
31	0.08036	0.08936	0.05540	0.01486	0.01927	0.01736	0.01288	0.02867	0.11243	0.16536	0.05364	0.02633	0.02042	0.01406	0.05479	0.00330	0.09923	0.00780	0.11370	0.01077
32	0.07587	0.07807	0.01920	0.11506	0.05794	0.01543	0.01315	0.06739	0.04246	0.05709	0.02694	0.23099	0.02716	0.02205	0.10955	0.00440	0.00969	0.01222	0.00604	0.00931
33	0.18585	0.08773	0.01899	0.01474	0.01913	0.11789	0.01178	0.07445	0.14395	0.02954	0.02650	0.06013	0.07690	0.01660	0.07799	0.00367	0.00960	0.00847	0.00606	0.01003

[dist]
# distance from previous block
# <min> <max>
1	25

[block]
# block no. 6 follows, 22 sequences, length 39
# corresponding to MSA columns:
# 413-451
name=unknown_G
#
# <colnr> <probs for GDERKNQSTAVLIFYWHMCP>
#	G	D	E	R	K	N	Q	S	T	A	V	L	I	F	Y	W	H	M	C	P
0	0.15300	0.02245	0.02453	0.16773	0.14474	0.17254	0.05130	0.07773	0.02002	0.02752	0.01445	0.01866	0.01153	0.00929	0.00894	0.04348	0.01074	0.00654	0.00458	0.01022
1	0.21653	0.05137	0.01631	0.01388	0.01663	0.05216	0.01121	0.01976	0.01727	0.02790	0.14647	0.10612	0.06655	0.01477	0.01157	0.00291	0.13025	0.06373	0.00615	0.00845
2	0.01476	0.06319	0.01796	0.04523	0.01843	0.01391	0.04263	0.06838	0.01744	0.02333	0.03248	0.32428	0.05727	0.09600	0.05106	0.00418	0.07980	0.01535	0.00620	0.00813
3	0.02315	0.08470	0.03145	0.07541	0.40462	0.19054	0.02194	0.02719	0.01981	0.02439	0.01450	0.01858	0.01219	0.00773	0.00779	0.00234	0.01118	0.00661	0.00408	0.01181
4	0.01037	0.00833	0.00886	0.00886	0.01108	0.00724	0.00636	0.01235	0.01836	0.02272	0.13846	0.09914	0.47633	0.11777	0.01443	0.00355	0.00474	0.01672	0.00750	0.00682
5	0.01124	0.00752	0.00967	0.01071	0.01107	0.00722	0.00689	0.01181	0.01456	0.01950	0.06265	0.41215	0.04426	0.22224	0.02215	0.08983	0.00598	0.01808	0.00654	0.00595
6	0.06599	0.01880	0.03171	0.15676	0.48066	0.01952	0.05662	0.02476	0.01826	0.02673	0.01529	0.02049	0.01251	0.00755	0.00813	0.00254	0.01009	0.00735	0.00411	0.01212
7	0.02497	0.02709	0.02594	0.21069	0.14856	0.29350	0.01967	0.10305	0.02273	0.02582	0.01477	0.01859	0.01168	0.00846	0.00795	0.00242	0.01224	0.00655	0.00459	0.01072
8	0.01153	0.00833	0.01081	0.01208	0.01336	0.00795	0.00914	0.01389	0.01753	0.02302	0.09968	0.30517	0.11669	0.10060	0.01431	0.00392	0.00598	0.21153	0.00751	0.00698
9	0.01208	0.00805	0.00906	0.00906	0.00906	0.00805	0.00503	0.01208	0.01208	0.01611	0.02618	0.05436	0.03020	0.70804	0.04228	0.00805	0.00805	0.01208	0.00503	0.00503
10	0.01187	0.00890	0.01335	0.01335	0.01483	0.01038	0.01038	0.01483	0.01335	0.01928	0.02225	0.03264	0.02077	0.06231	0.67512	0.01335	0.02225	0.00890	0.00445	0.00742
11	0.01381	0.00931	0.01272	0.01167	0.01414	0.00846	0.03110	0.01722	0.02179	0.08460	0.42370	0.15137	0.13235	0.01778	0.00979	0.00275	0.00473	0.01576	0.00869	0.00826
12	0.01012	0.00723	0.00964	0.01157	0.01205	0.00675	0.00771	0.01157	0.01591	0.02121	0.04579	0.70262	0.05495	0.02603	0.01060	0.00337	0.00482	0.02362	0.00771	0.00675
13	0.00992	0.00842	0.00856	0.00852	0.01128	0.00706	0.00639	0.01212	0.01917	0.02301	0.11366	0.07902	0.62299	0.02083	0.00982	0.00280	0.00419	0.01740	0.00779	0.00706
14	0.01187	0.00890	0.01335	0.01335	0.01483	0.01038	0.01038	0.01483	0.01335	0.01928	0.02225	0.03264	0.02077	0.06231	0.67512	0.01335	0.02225	0.00890	0.00445	0.00742
15	0.76672	0.01607	0.01221	0.01092	0.01607	0.01864	0.00900	0.02442	0.01414	0.03727	0.01157	0.01350	0.00900	0.00771	0.00514	0.00257	0.00643	0.00450	0.00514	0.00900
16	0.02221	0.71304	0.04353	0.01421	0.02132	0.03287	0.01421	0.02488	0.01688	0.01955	0.01155	0.01333	0.01066	0.00711	0.00533	0.00178	0.00888	0.00444	0.00355	0.01066
17	0.02784	0.15488	0.06114	0.01919	0.02508	0.28800	0.01615	0.19194	0.08482	0.03046	0.01661	0.01767	0.01299	0.00890	0.00743	0.00226	0.01137	0.00618	0.00558	0.01150
18	0.01797	0.07287	0.44835	0.02891	0.13010	0.02034	0.11350	0.02615	0.01801	0.02611	0.01510	0.01846	0.01123	0.00765	0.00808	0.00258	0.01197	0.00676	0.00370	0.01217
19	0.76672	0.01607	0.01221	0.01092	0.01607	0.01864	0.00900	0.02442	0.01414	0.03727	0.01157	0.01350	0.00900	0.00771	0.00514	0.00257	0.00643	0.00450	0.00514	0.00900
