[name]
unknown

[dist]
# distance from previous block
# <min> <max>
8	41

[block]
# block no. 0 follows, 21 sequences, length 153
# corresponding to MSA columns:
# 41-193
name=unknown_A
#
# <colnr> <probs for GDERKNQSTAVLIFYWHMCP>
#	G	D	E	R	K	N	Q	S	T	A	V	L	I	F	Y	W	H	M	C	P
0	0.06758	0.02176	0.02485	0.14711	0.03211	0.02456	0.01725	0.47241	0.03421	0.04664	0.01895	0.02052	0.01359	0.00976	0.00834	0.00261	0.00960	0.00748	0.00743	0.01322
1	0.01726	0.12222	0.53571	0.02195	0.03319	0.02056	0.02759	0.02572	0.01799	0.02582	0.01994	0.02202	0.05621	0.00895	0.00791	0.00260	0.01156	0.00691	0.00391	0.01199
2	0.02786	0.26167	0.07076	0.01963	0.02549	0.41587	0.01676	0.03072	0.02146	0.02095	0.01285	0.01495	0.01094	0.00823	0.00696	0.00210	0.01310	0.00522	0.00409	0.01039
3	0.01100	0.00863	0.00978	0.00951	0.01186	0.00759	0.00703	0.01379	0.02091	0.02716	0.31031	0.07289	0.37833	0.05935	0.01198	0.00311	0.00442	0.01659	0.00834	0.00741
4	0.01932	0.10061	0.01799	0.01387	0.01730	0.01270	0.01158	0.02261	0.02073	0.16090	0.15771	0.15221	0.04535	0.01786	0.00978	0.00305	0.00669	0.19199	0.00819	0.00957
5	0.02190	0.02249	0.03147	0.12284	0.45202	0.11504	0.02400	0.02644	0.01945	0.02566	0.01523	0.02030	0.01273	0.00825	0.00935	0.00258	0.04660	0.00727	0.00416	0.01224
6	0.01037	0.00863	0.00905	0.00895	0.01169	0.00732	0.00671	0.01282	0.02013	0.02474	0.17370	0.07902	0.55580	0.02090	0.01005	0.00284	0.00426	0.01756	0.00813	0.00732
7	0.01272	0.00947	0.01232	0.01375	0.01596	0.00908	0.01174	0.01615	0.01954	0.02479	0.05629	0.09215	0.21149	0.02297	0.01129	0.00363	0.00687	0.43427	0.00785	0.00766
8	0.02874	0.07440	0.02757	0.02615	0.13095	0.35219	0.01804	0.14793	0.02540	0.02847	0.01489	0.01741	0.01210	0.00912	0.00902	0.00239	0.05239	0.00633	0.00509	0.01143
9	0.02707	0.33422	0.06559	0.01869	0.02488	0.32596	0.01637	0.05530	0.02148	0.02221	0.01299	0.01495	0.01109	0.00814	0.00675	0.00207	0.01218	0.00521	0.00419	0.01067
10	0.02639	0.02031	0.02234	0.01675	0.02387	0.02030	0.01371	0.37721	0.03095	0.04314	0.01828	0.01930	0.01372	0.00863	0.00762	0.00203	0.00812	0.00660	0.00711	0.31361
11	0.01371	0.00980	0.01371	0.01567	0.01763	0.00980	0.01371	0.01763	0.01959	0.02547	0.04506	0.09599	0.04898	0.02351	0.01175	0.00392	0.00784	0.59056	0.00784	0.00784
12	0.02644	0.05153	0.12762	0.04688	0.02632	0.06510	0.01692	0.10240	0.16801	0.20190	0.02681	0.06004	0.02005	0.01083	0.00843	0.00268	0.00897	0.00872	0.00754	0.01283
13	0.01218	0.00903	0.01325	0.01325	0.01462	0.01040	0.01010	0.01492	0.01355	0.01944	0.02319	0.03560	0.02222	0.12594	0.60637	0.01315	0.02138	0.00944	0.00462	0.00736
14	0.01175	0.00847	0.01111	0.01091	0.01265	0.00783	0.00801	0.01532	0.02273	0.03196	0.53919	0.17391	0.07610	0.01902	0.01018	0.00281	0.00418	0.01693	0.00911	0.00783
15	0.01180	0.01297	0.08891	0.01146	0.01513	0.00910	0.01021	0.01574	0.02133	0.02847	0.32739	0.06588	0.31416	0.01805	0.00981	0.00276	0.00519	0.01538	0.00803	0.00822
16	0.01848	0.04129	0.53992	0.02546	0.03698	0.06634	0.09944	0.02749	0.01866	0.02655	0.01535	0.01837	0.01104	0.00803	0.00829	0.00268	0.01298	0.00667	0.00373	0.01225
17	0.03265	0.01491	0.01847	0.01453	0.02024	0.01417	0.01188	0.14445	0.02597	0.41846	0.02998	0.02793	0.01999	0.01035	0.00803	0.00249	0.00698	0.00827	0.15707	0.01318
18	0.02468	0.02068	0.01833	0.01568	0.02029	0.14607	0.01231	0.19817	0.09303	0.07353	0.03470	0.03435	0.13350	0.01215	0.00825	0.00249	0.00836	0.00945	0.12290	0.01107
19	0.02267	0.02348	0.03227	0.07911	0.51001	0.13218	0.02431	0.02726	0.02008	0.02628	0.01547	0.02016	0.01293	0.00784	0.00830	0.00249	0.01108	0.00722	0.00422	0.01265
20	0.01670	0.01727	0.06736	0.02777	0.22775	0.05547	0.01764	0.02084	0.01653	0.02301	0.01940	0.02708	0.01729	0.03769	0.35976	0.00847	0.01738	0.00818	0.00436	0.01005
21	0.02106	0.02022	0.03454	0.05223	0.64784	0.02022	0.02612	0.02612	0.01938	0.02780	0.01601	0.02106	0.01348	0.00758	0.00842	0.00253	0.01011	0.00758	0.00421	0.01348
22	0.02746	0.02463	0.02265	0.01811	0.02440	0.15689	0.01444	0.29056	0.08883	0.03849	0.01896	0.01977	0.01439	0.00906	0.00780	0.00219	0.00960	0.00674	0.00679	0.19825
23	0.01119	0.00901	0.01003	0.00998	0.01246	0.00811	0.00740	0.01490	0.05255	0.02638	0.22237	0.14424	0.39986	0.02054	0.01007	0.00289	0.00443	0.01757	0.00832	0.00770
24	0.01482	0.01743	0.14046	0.01414	0.01844	0.01284	0.01303	0.02253	0.13253	0.02659	0.11133	0.04978	0.12605	0.17257	0.01695	0.00407	0.00747	0.04525	0.04459	0.00914
25	0.01830	0.16568	0.50792	0.02313	0.03449	0.02245	0.06234	0.02670	0.01796	0.02568	0.01475	0.01746	0.01093	0.00788	0.00771	0.00254	0.01203	0.00618	0.00364	0.01221
26	0.01040	0.00863	0.00909	0.00898	0.01170	0.00733	0.00673	0.01287	0.02020	0.02490	0.18162	0.07876	0.54779	0.02084	0.01005	0.00284	0.00426	0.01752	0.00815	0.00733
27	0.02106	0.02022	0.03454	0.05223	0.64784	0.02022	0.02612	0.02612	0.01938	0.02780	0.01601	0.02106	0.01348	0.00758	0.00842	0.00253	0.01011	0.00758	0.00421	0.01348
28	0.02777	0.11620	0.02944	0.02926	0.19454	0.41398	0.01884	0.03081	0.02200	0.02262	0.01377	0.01669	0.01164	0.00827	0.00761	0.00224	0.01316	0.00594	0.00425	0.01098
29	0.02189	0.49780	0.19745	0.01746	0.02590	0.06972	0.01893	0.02638	0.01789	0.02182	0.01278	0.01484	0.01089	0.00758	0.00626	0.00206	0.01037	0.00505	0.00368	0.01127
30	0.01037	0.00741	0.00987	0.01185	0.01234	0.00691	0.00790	0.01185	0.01629	0.02172	0.04690	0.69537	0.05629	0.02666	0.01086	0.00346	0.00494	0.02419	0.00790	0.00691
31	0.01577	0.03745	0.53651	0.02135	0.03213	0.01743	0.02681	0.02421	0.01823	0.02622	0.02844	0.02983	0.12839	0.01058	0.00845	0.00273	0.01104	0.00846	0.00439	0.01158
32	0.01121	0.00843	0.01109	0.01160	0.01308	0.00844	0.00847	0.01361	0.01681	0.02261	0.11838	0.24295	0.16329	0.06375	0.23805	0.00696	0.01098	0.01622	0.00682	0.00727
33	0.01272	0.00940	0.01233	0.01352	0.01568	0.00901	0.01143	0.01628	0.02015	0.02611	0.13397	0.08868	0.17849	0.02228	0.01117	0.00353	0.00658	0.39289	0.00806	0.00772
34	0.02106	0.02022	0.03454	0.05223	0.64784	0.02022	0.02612	0.02612	0.01938	0.02780	0.01601	0.02106	0.01348	0.00758	0.00842	0.00253	0.01011	0.00758	0.00421	0.01348
35	0.02972	0.03447	0.02637	0.02767	0.15011	0.45989	0.01834	0.10382	0.02511	0.02622	0.01461	0.01711	0.01189	0.00871	0.00793	0.00230	0.01357	0.00617	0.00485	0.01115
36	0.01536	0.01242	0.01331	0.01208	0.01566	0.01247	0.00934	0.09356	0.14489	0.03131	0.17133	0.06101	0.33968	0.01741	0.00959	0.00280	0.00535	0.01457	0.00840	0.00948
37	0.01006	0.00862	0.00862	0.00862	0.01149	0.00718	0.00647	0.01221	0.01940	0.02299	0.08621	0.08190	0.64438	0.02155	0.01006	0.00287	0.00431	0.01796	0.00790	0.00718
38	0.02045	0.02183	0.02417	0.02120	0.02226	0.15179	0.01721	0.02253	0.01532	0.02046	0.01298	0.01977	0.01236	0.01964	0.10186	0.00463	0.47110	0.00726	0.00396	0.00921
39	0.06768	0.03612	0.02380	0.02131	0.02538	0.53255	0.01630	0.06076	0.02320	0.02329	0.01323	0.01587	0.01107	0.00946	0.00979	0.00240	0.08748	0.00576	0.00456	0.01000
40	0.02275	0.70604	0.04459	0.01456	0.02184	0.03367	0.01456	0.02548	0.01729	0.02002	0.01183	0.01365	0.01092	0.00728	0.00546	0.00182	0.00910	0.00455	0.00364	0.01092
41	0.01045	0.00864	0.00917	0.00904	0.01174	0.00735	0.00678	0.01298	0.02033	0.02521	0.19717	0.07825	0.53204	0.02072	0.01005	0.00283	0.00425	0.01745	0.00819	0.00735
42	0.01006	0.00862	0.00862	0.00862	0.01149	0.00718	0.00647	0.01221	0.01940	0.02299	0.08621	0.08190	0.64438	0.02155	0.01006	0.00287	0.00431	0.01796	0.00790	0.00718
43	0.02040	0.01940	0.03296	0.08690	0.58167	0.01962	0.02534	0.02543	0.01925	0.02733	0.01743	0.02495	0.01515	0.00844	0.00860	0.00262	0.01007	0.03710	0.00437	0.01296
44	0.01006	0.00862	0.00862	0.00862	0.01149	0.00718	0.00647	0.01221	0.01940	0.02299	0.08621	0.08190	0.64438	0.02155	0.01006	0.00287	0.00431	0.01796	0.00790	0.00718
45	0.01037	0.00741	0.00987	0.01185	0.01234	0.00691	0.00790	0.01185	0.01629	0.02172	0.04690	0.69537	0.05629	0.02666	0.01086	0.00346	0.00494	0.02419	0.00790	0.00691
46	0.02928	0.03602	0.02585	0.06012	0.12728	0.53062	0.01835	0.03211	0.02300	0.02199	0.01371	0.01663	0.01138	0.00857	0.00784	0.00228	0.01431	0.00592	0.00433	0.01042
47	0.02203	0.02233	0.03038	0.19590	0.38355	0.12086	0.02359	0.05208	0.02045	0.02639	0.01555	0.02053	0.01262	0.00810	0.00833	0.00255	0.01119	0.00725	0.00432	0.01200
48	0.03179	0.04056	0.02412	0.02192	0.02631	0.66676	0.01644	0.03398	0.02412	0.02083	0.01315	0.01535	0.01096	0.00877	0.00767	0.00219	0.01535	0.00548	0.00438	0.00987
49	0.03055	0.02048	0.02359	0.01963	0.05472	0.02191	0.01530	0.42857	0.03413	0.14899	0.05872	0.02505	0.01969	0.01330	0.04229	0.00314	0.00942	0.00833	0.00848	0.01370
50	0.01874	0.02368	0.13669	0.03285	0.14938	0.01971	0.29701	0.02470	0.01817	0.02551	0.01742	0.02550	0.01475	0.09256	0.01477	0.00350	0.06062	0.00909	0.00424	0.01110
51	0.07039	0.04204	0.61065	0.02332	0.03537	0.01972	0.02985	0.02681	0.01772	0.02776	0.01503	0.01767	0.01067	0.00807	0.00788	0.00269	0.01215	0.00617	0.00371	0.01234
52	0.01238	0.00825	0.00928	0.00928	0.00928	0.00825	0.00516	0.01238	0.01238	0.01650	0.02681	0.05569	0.03094	0.70092	0.04331	0.00825	0.00825	0.01238	0.00516	0.00516
53	0.01371	0.00980	0.01371	0.01567	0.01763	0.00980	0.01371	0.01763	0.01959	0.02547	0.04506	0.09599	0.04898	0.02351	0.01175	0.00392	0.00784	0.59056	0.00784	0.00784
54	0.02226	0.01592	0.01801	0.01542	0.01914	0.01762	0.01220	0.29156	0.02704	0.03817	0.02673	0.15792	0.02453	0.01711	0.05098	0.00339	0.05663	0.01109	0.16347	0.01079
55	0.01037	0.00741	0.00987	0.01185	0.01234	0.00691	0.00790	0.01185	0.01629	0.02172	0.04690	0.69537	0.05629	0.02666	0.01086	0.00346	0.00494	0.02419	0.00790	0.00691
56	0.01765	0.01513	0.01765	0.01260	0.02017	0.01134	0.01008	0.02143	0.01765	0.02773	0.01513	0.01765	0.01260	0.00630	0.00630	0.00126	0.00630	0.00504	0.00504	0.75295
57	0.03343	0.02210	0.02446	0.01876	0.02552	0.02381	0.01549	0.51217	0.03711	0.16502	0.02287	0.02202	0.01570	0.01027	0.00852	0.00257	0.00897	0.00783	0.00889	0.01447
58	0.02917	0.03619	0.02450	0.02201	0.02552	0.53915	0.01688	0.03129	0.02191	0.02076	0.01276	0.01600	0.01100	0.00999	0.01171	0.00250	0.14879	0.00587	0.00425	0.00975
59	0.01037	0.00741	0.00987	0.01185	0.01234	0.00691	0.00790	0.01185	0.01629	0.02172	0.04690	0.69537	0.05629	0.02666	0.01086	0.00346	0.00494	0.02419	0.00790	0.00691
60	0.02917	0.03619	0.02450	0.02201	0.02552	0.53915	0.01688	0.03129	0.02191	0.02076	0.01276	0.01600	0.01100	0.00999	0.01171	0.00250	0.14879	0.00587	0.00425	0.00975
61	0.01610	0.01923	0.09255	0.01564	0.01909	0.14095	0.01340	0.01940	0.01839	0.02241	0.03749	0.19806	0.12183	0.02663	0.13170	0.00497	0.01148	0.07616	0.00605	0.00846
62	0.01106	0.00894	0.01001	0.01055	0.01317	0.00790	0.00844	0.01369	0.01945	0.02367	0.07498	0.08575	0.48187	0.02209	0.01052	0.00316	0.00527	0.17425	0.00788	0.00736
63	0.01707	0.04402	0.65683	0.02426	0.03683	0.01976	0.03144	0.02695	0.01797	0.02695	0.01527	0.01797	0.01078	0.00809	0.00809	0.00270	0.01258	0.00629	0.00359	0.01258
64	0.02816	0.03164	0.02787	0.03210	0.24050	0.37075	0.01975	0.09821	0.02430	0.02698	0.01497	0.01790	0.01223	0.00853	0.00803	0.00235	0.01286	0.00645	0.00480	0.01164
65	0.01518	0.00996	0.01303	0.01386	0.01649	0.00941	0.01178	0.01860	0.02001	0.08610	0.05424	0.08593	0.19529	0.02175	0.01102	0.00353	0.00690	0.39049	0.00812	0.00832
66	0.01132	0.00903	0.01038	0.01105	0.01361	0.00808	0.00896	0.01408	0.01946	0.02384	0.07203	0.08676	0.43920	0.02223	0.01064	0.00323	0.00553	0.21528	0.00788	0.00741
67	0.01765	0.01513	0.01765	0.01260	0.02017	0.01134	0.01008	0.02143	0.01765	0.02773	0.01513	0.01765	0.01260	0.00630	0.00630	0.00126	0.00630	0.00504	0.00504	0.75295
68	0.01452	0.01347	0.01286	0.01180	0.01514	0.08851	0.00885	0.01737	0.02060	0.02634	0.20995	0.12507	0.24900	0.01694	0.00923	0.00254	0.00597	0.01431	0.00739	0.13014
69	0.01037	0.00741	0.00987	0.01185	0.01234	0.00691	0.00790	0.01185	0.01629	0.02172	0.04690	0.69537	0.05629	0.02666	0.01086	0.00346	0.00494	0.02419	0.00790	0.00691
70	0.01982	0.12630	0.20350	0.07723	0.32951	0.02221	0.02542	0.02575	0.01829	0.02577	0.01495	0.01915	0.01215	0.00802	0.00868	0.00254	0.03757	0.00678	0.00392	0.01244
71	0.02080	0.01995	0.03407	0.08533	0.61680	0.02015	0.02599	0.02589	0.01925	0.02748	0.01596	0.02115	0.01337	0.00763	0.00843	0.00254	0.01017	0.00758	0.00419	0.01327
72	0.01707	0.04402	0.65683	0.02426	0.03683	0.01976	0.03144	0.02695	0.01797	0.02695	0.01527	0.01797	0.01078	0.00809	0.00809	0.00270	0.01258	0.00629	0.00359	0.01258
73	0.01092	0.00865	0.00981	0.00952	0.01202	0.00755	0.00714	0.01388	0.02143	0.02781	0.32738	0.07396	0.40021	0.01975	0.01005	0.00279	0.00418	0.01685	0.00854	0.00755
74	0.02313	0.03134	0.20745	0.06543	0.20804	0.14963	0.06126	0.10013	0.02236	0.02898	0.01580	0.01918	0.01219	0.00830	0.00830	0.00255	0.01209	0.00696	0.00458	0.01230
75	0.01070	0.00845	0.00968	0.01011	0.01227	0.00744	0.00749	0.01315	0.01958	0.02482	0.17266	0.20869	0.38490	0.02202	0.01033	0.00303	0.00461	0.05460	0.00815	0.00732
76	0.03235	0.02384	0.02554	0.01958	0.02639	0.02639	0.01618	0.61946	0.04001	0.05363	0.02043	0.02043	0.01447	0.01022	0.00851	0.00255	0.00936	0.00766	0.00851	0.01447
77	0.02290	0.02354	0.03302	0.07817	0.45532	0.12483	0.06096	0.04963	0.02084	0.02730	0.01574	0.02032	0.01296	0.00790	0.00841	0.00251	0.01126	0.00740	0.00439	0.01260
78	0.01751	0.01528	0.01809	0.13947	0.02688	0.04503	0.01507	0.02913	0.25021	0.02821	0.03710	0.05356	0.07429	0.01542	0.00968	0.00318	0.00816	0.19621	0.00724	0.01030
79	0.01229	0.00857	0.01092	0.01092	0.01148	0.00914	0.00720	0.01343	0.01286	0.01771	0.02532	0.04740	0.02734	0.46375	0.27557	0.01027	0.01366	0.01116	0.00493	0.00607
80	0.01195	0.00870	0.01124	0.01060	0.01265	0.00799	0.00795	0.01587	0.02386	0.03358	0.61603	0.06447	0.10795	0.01760	0.01004	0.00269	0.00403	0.01552	0.00930	0.00799
81	0.02081	0.02136	0.03427	0.04031	0.36000	0.06724	0.13241	0.02544	0.01855	0.02562	0.01560	0.02124	0.01322	0.01161	0.04515	0.00332	0.11983	0.00794	0.00418	0.01189
82	0.02037	0.01895	0.02546	0.03438	0.35353	0.09499	0.01883	0.02444	0.02089	0.05916	0.13475	0.06768	0.06718	0.01151	0.00886	0.00259	0.00888	0.01029	0.00590	0.01138
83	0.01037	0.00741	0.00987	0.01185	0.01234	0.00691	0.00790	0.01185	0.01629	0.02172	0.04690	0.69537	0.05629	0.02666	0.01086	0.00346	0.00494	0.02419	0.00790	0.00691
84	0.01161	0.00914	0.01387	0.01574	0.05185	0.00862	0.04733	0.01366	0.01671	0.02243	0.04321	0.61325	0.05103	0.02431	0.01067	0.00336	0.00584	0.02232	0.00746	0.00759
85	0.02695	0.05886	0.02591	0.16420	0.06898	0.32116	0.01827	0.13014	0.05582	0.02770	0.01602	0.01888	0.01255	0.00897	0.00799	0.00243	0.01246	0.00659	0.00513	0.01100
86	0.01776	0.12476	0.58216	0.02307	0.03500	0.02146	0.02938	0.02677	0.01788	0.02611	0.01485	0.01744	0.01080	0.00799	0.00777	0.00259	0.01215	0.00608	0.00360	0.01237
87	0.01060	0.00864	0.00937	0.00919	0.01183	0.00741	0.00689	0.01326	0.02068	0.02603	0.23828	0.07690	0.49042	0.02042	0.01005	0.00282	0.00423	0.01726	0.00830	0.00741
88	0.02463	0.02933	0.01957	0.01852	0.02172	0.43970	0.01370	0.02684	0.02169	0.02172	0.05773	0.16552	0.02547	0.01706	0.05576	0.00332	0.01299	0.01034	0.00544	0.00896
89	0.02341	0.02578	0.07316	0.07135	0.18911	0.17363	0.04980	0.02949	0.07921	0.05719	0.01716	0.02071	0.01374	0.00974	0.01172	0.00274	0.12833	0.00734	0.00486	0.01154
90	0.01006	0.00862	0.00862	0.00862	0.01149	0.00718	0.00647	0.01221	0.01940	0.02299	0.08621	0.08190	0.64438	0.02155	0.01006	0.00287	0.00431	0.01796	0.00790	0.00718
91	0.02712	0.03281	0.02476	0.05673	0.02685	0.44559	0.01746	0.02940	0.02051	0.02077	0.01268	0.01669	0.01104	0.01054	0.01363	0.00267	0.21074	0.00616	0.00416	0.00968
92	0.02045	0.08735	0.06755	0.03695	0.37908	0.02094	0.02150	0.02949	0.14842	0.02903	0.05899	0.02508	0.01991	0.00903	0.00827	0.00255	0.00906	0.00813	0.00538	0.01283
93	0.02591	0.02964	0.02198	0.08998	0.02725	0.40033	0.01579	0.08146	0.02281	0.02379	0.01859	0.02236	0.03830	0.01888	0.12177	0.00430	0.01523	0.00702	0.00486	0.00974
94	0.02099	0.02194	0.01985	0.14904	0.02856	0.19433	0.01501	0.03135	0.23004	0.02647	0.03446	0.03478	0.13375	0.01204	0.00862	0.00268	0.00955	0.00963	0.00638	0.01052
95	0.02307	0.02646	0.02081	0.01914	0.02189	0.34542	0.01477	0.02550	0.01887	0.02041	0.01618	0.02207	0.01455	0.02865	0.23796	0.00638	0.11750	0.00703	0.00435	0.00900
96	0.02181	0.19048	0.09384	0.02974	0.17954	0.12341	0.13749	0.02647	0.01940	0.02422	0.01694	0.06680	0.01518	0.00903	0.00806	0.00245	0.01137	0.00808	0.00433	0.01135
97	0.01016	0.00820	0.00905	0.00973	0.01179	0.00709	0.00696	0.01209	0.01833	0.02255	0.07266	0.29331	0.44172	0.02331	0.01033	0.00307	0.00453	0.02011	0.00790	0.00709
98	0.01099	0.00781	0.00997	0.01144	0.01207	0.00740	0.00769	0.01239	0.01591	0.02102	0.04484	0.49270	0.08169	0.16046	0.01735	0.00441	0.00577	0.06210	0.00735	0.00664
99	0.06121	0.02196	0.23405	0.01638	0.02244	0.01353	0.01724	0.02107	0.05004	0.02701	0.07626	0.09918	0.15995	0.01605	0.00940	0.00304	0.00816	0.12701	0.00636	0.00965
100	0.02470	0.49996	0.07503	0.01698	0.02384	0.19230	0.01602	0.02771	0.01905	0.02063	0.01236	0.01433	0.01092	0.00770	0.00617	0.00196	0.01088	0.00489	0.00383	0.01075
101	0.02106	0.02022	0.03454	0.05223	0.64784	0.02022	0.02612	0.02612	0.01938	0.02780	0.01601	0.02106	0.01348	0.00758	0.00842	0.00253	0.01011	0.00758	0.00421	0.01348
102	0.01099	0.00892	0.00993	0.01043	0.01307	0.00785	0.00832	0.01360	0.01945	0.02362	0.07567	0.08551	0.49190	0.02205	0.01049	0.00314	0.00521	0.16460	0.00789	0.00735
103	0.03179	0.04056	0.02412	0.02192	0.02631	0.66676	0.01644	0.03398	0.02412	0.02083	0.01315	0.01535	0.01096	0.00877	0.00767	0.00219	0.01535	0.00548	0.00438	0.00987
104	0.01159	0.00940	0.01049	0.01079	0.01351	0.00856	0.00856	0.01541	0.05203	0.02491	0.10937	0.08126	0.44296	0.02120	0.01036	0.00310	0.00521	0.14557	0.00802	0.00771
105	0.01819	0.01321	0.01493	0.01341	0.01582	0.01420	0.00963	0.18064	0.06496	0.02896	0.02769	0.12020	0.02824	0.31865	0.08820	0.00626	0.00946	0.01202	0.00660	0.00875
106	0.01212	0.00879	0.01190	0.01190	0.01296	0.00963	0.00853	0.01407	0.01353	0.01880	0.02752	0.04366	0.05743	0.28115	0.41759	0.01124	0.01681	0.01071	0.00494	0.00673
107	0.01014	0.00829	0.00896	0.00950	0.01173	0.00711	0.00686	0.01211	0.01855	0.02264	0.07548	0.24934	0.48387	0.02295	0.01028	0.00303	0.00448	0.01966	0.00790	0.00711
108	0.01995	0.01954	0.03466	0.17536	0.45689	0.02012	0.09768	0.02539	0.01899	0.02653	0.01598	0.02162	0.01299	0.00772	0.00864	0.00263	0.01087	0.00788	0.00414	0.01243
109	0.02756	0.03351	0.02474	0.02206	0.02503	0.46101	0.01714	0.02965	0.02056	0.02072	0.01252	0.01640	0.01103	0.01074	0.01418	0.00268	0.23050	0.00611	0.00417	0.00969
110	0.01074	0.00865	0.00957	0.00934	0.01191	0.00748	0.00700	0.01354	0.02101	0.02683	0.27820	0.07558	0.44999	0.02012	0.01005	0.00281	0.00421	0.01707	0.00841	0.00748
111	0.01045	0.00747	0.00995	0.01179	0.01236	0.00697	0.00791	0.01206	0.01669	0.02236	0.07741	0.66306	0.05751	0.02619	0.01082	0.00342	0.00489	0.02374	0.00797	0.00697
112	0.02080	0.02023	0.03265	0.04676	0.53715	0.04824	0.04629	0.02570	0.01964	0.02725	0.01872	0.02808	0.01676	0.00915	0.00877	0.00266	0.01028	0.06361	0.00457	0.01270
113	0.02501	0.02865	0.02057	0.01893	0.02274	0.38271	0.01437	0.03176	0.14222	0.02405	0.04402	0.02408	0.01870	0.02062	0.13932	0.00464	0.01468	0.00741	0.00546	0.01005
114	0.03186	0.03852	0.02429	0.02164	0.02632	0.58866	0.01641	0.10539	0.02605	0.02483	0.01404	0.01597	0.01139	0.00895	0.00778	0.00224	0.01462	0.00575	0.00489	0.01043
115	0.01076	0.00860	0.00962	0.00947	0.01195	0.00746	0.00706	0.01352	0.02089	0.02677	0.27658	0.10098	0.42565	0.02033	0.01008	0.00283	0.00423	0.01733	0.00841	0.00746
116	0.02066	0.16180	0.32946	0.02392	0.03316	0.10973	0.12019	0.02735	0.01877	0.02458	0.01446	0.01765	0.01119	0.00821	0.00883	0.00254	0.04557	0.00652	0.00383	0.01157
117	0.01060	0.00864	0.00937	0.00919	0.01183	0.00741	0.00689	0.01326	0.02068	0.02603	0.23828	0.07690	0.49042	0.02042	0.01005	0.00282	0.00423	0.01726	0.00830	0.00741
118	0.01616	0.03754	0.53745	0.02229	0.03282	0.01807	0.02758	0.02477	0.01717	0.02561	0.01667	0.02084	0.01273	0.01843	0.13043	0.00473	0.01447	0.00681	0.00377	0.01165
119	0.01957	0.05229	0.13587	0.03168	0.03977	0.02229	0.43462	0.02632	0.01881	0.02610	0.01598	0.02133	0.01231	0.00825	0.01176	0.00291	0.09572	0.00896	0.00410	0.01135
120	0.01037	0.00741	0.00987	0.01185	0.01234	0.00691	0.00790	0.01185	0.01629	0.02172	0.04690	0.69537	0.05629	0.02666	0.01086	0.00346	0.00494	0.02419	0.00790	0.00691
121	0.01053	0.00786	0.00985	0.01136	0.01252	0.00718	0.00798	0.01235	0.01726	0.02229	0.05608	0.50717	0.19500	0.02523	0.01074	0.00335	0.00500	0.06331	0.00790	0.00704
122	0.11684	0.02831	0.02026	0.01784	0.02256	0.33104	0.01378	0.13853	0.05718	0.03014	0.02700	0.02747	0.11214	0.01109	0.00796	0.00246	0.01097	0.00797	0.00604	0.01041
123	0.02149	0.02103	0.03413	0.05103	0.62311	0.04594	0.02573	0.02643	0.01957	0.02752	0.01589	0.02083	0.01338	0.00763	0.00840	0.00251	0.01032	0.00750	0.00422	0.01334
124	0.01023	0.00796	0.00930	0.01038	0.01196	0.00704	0.00725	0.01202	0.01771	0.02230	0.06484	0.41549	0.32459	0.02433	0.01050	0.00319	0.00465	0.02135	0.00790	0.00704
125	0.02033	0.02670	0.15978	0.03183	0.04060	0.02178	0.43368	0.06929	0.02075	0.02874	0.01677	0.02162	0.01254	0.00797	0.01051	0.00286	0.04900	0.00904	0.00444	0.01178
126	0.02422	0.01948	0.03185	0.04504	0.52334	0.01929	0.02357	0.05429	0.02105	0.12640	0.01894	0.02227	0.01470	0.00816	0.00845	0.00255	0.00963	0.00774	0.00538	0.01368
127	0.01792	0.03034	0.35774	0.02864	0.19824	0.01753	0.02491	0.02530	0.01833	0.02813	0.01796	0.02155	0.01371	0.00831	0.00775	0.00251	0.01019	0.00697	0.15206	0.01190
128	0.01106	0.00920	0.01084	0.01245	0.05185	0.00814	0.00848	0.01340	0.01883	0.02323	0.07158	0.19298	0.45313	0.02177	0.01023	0.00304	0.00504	0.05950	0.00767	0.00757
129	0.05180	0.01717	0.02691	0.08274	0.34161	0.01893	0.02052	0.02389	0.04937	0.02574	0.01750	0.02358	0.01506	0.01997	0.14189	0.00494	0.09474	0.00784	0.00447	0.01132
130	0.01600	0.01378	0.01890	0.05267	0.16880	0.01417	0.01504	0.02371	0.14121	0.02706	0.04399	0.10188	0.16703	0.01645	0.00976	0.00307	0.00733	0.14202	0.00697	0.01016
131	0.01173	0.00842	0.01145	0.01199	0.01282	0.00897	0.00841	0.01352	0.01404	0.01941	0.03046	0.22013	0.03345	0.22623	0.31909	0.00942	0.01398	0.01411	0.00563	0.00675
132	0.02067	0.07182	0.36731	0.02830	0.11458	0.09325	0.09882	0.05759	0.02017	0.02740	0.01545	0.01858	0.01161	0.00805	0.00821	0.00259	0.01244	0.00680	0.00410	0.01227
133	0.02023	0.02236	0.07817	0.07718	0.37896	0.02056	0.22273	0.02633	0.01940	0.02726	0.01632	0.02158	0.01301	0.00753	0.00895	0.00267	0.01174	0.00832	0.00418	0.01255
134	0.02555	0.02342	0.02059	0.01820	0.02250	0.19527	0.01430	0.26524	0.02846	0.03489	0.02672	0.16269	0.02605	0.01472	0.00915	0.00280	0.00993	0.08145	0.00718	0.01090
135	0.11108	0.10785	0.24013	0.03100	0.24230	0.07632	0.02369	0.02686	0.01847	0.02730	0.01453	0.01781	0.01155	0.00786	0.00752	0.00249	0.01083	0.00626	0.00408	0.01206
136	0.01924	0.10431	0.06767	0.02050	0.02572	0.11337	0.18292	0.02357	0.01904	0.02513	0.02370	0.15593	0.02254	0.01187	0.00841	0.00258	0.00994	0.01089	0.14298	0.00967
137	0.01223	0.00882	0.01216	0.01216	0.01316	0.00981	0.00875	0.01422	0.01323	0.01863	0.02418	0.04110	0.02461	0.28337	0.45220	0.01181	0.01778	0.01024	0.00476	0.00676
138	0.01802	0.01739	0.01540	0.01490	0.01784	0.13424	0.01093	0.02709	0.22177	0.02595	0.04060	0.21852	0.11771	0.06595	0.01176	0.00330	0.00761	0.01419	0.00730	0.00954
139	0.01745	0.01439	0.02088	0.01701	0.02092	0.01423	0.13012	0.14293	0.02185	0.02858	0.03980	0.12486	0.17604	0.12645	0.01661	0.05057	0.00827	0.01342	0.00661	0.00900
140	0.01037	0.00741	0.00987	0.01185	0.01234	0.00691	0.00790	0.01185	0.01629	0.02172	0.04690	0.69537	0.05629	0.02666	0.01086	0.00346	0.00494	0.02419	0.00790	0.00691
141	0.01271	0.00970	0.01132	0.01062	0.01323	0.00899	0.00804	0.05773	0.02321	0.03097	0.37157	0.09195	0.28093	0.01877	0.00997	0.00277	0.00454	0.01612	0.00871	0.00814
142	0.02938	0.22441	0.03030	0.01920	0.02507	0.31274	0.01584	0.19138	0.02652	0.02955	0.01477	0.01625	0.01191	0.00874	0.00728	0.00219	0.01195	0.00581	0.00530	0.01142
143	0.01290	0.01003	0.01187	0.01254	0.01482	0.00985	0.00987	0.01808	0.09328	0.02469	0.05621	0.14855	0.24450	0.07923	0.01339	0.00376	0.00623	0.21450	0.00774	0.00797
144	0.01718	0.01831	0.06423	0.06484	0.15491	0.01728	0.22913	0.02257	0.01747	0.02448	0.01869	0.02592	0.01572	0.02689	0.23600	0.00651	0.01617	0.00891	0.00431	0.01049
145	0.02524	0.12029	0.03022	0.11692	0.21903	0.29981	0.02008	0.02884	0.02082	0.02296	0.01410	0.01783	0.01177	0.00817	0.00772	0.00233	0.01239	0.00627	0.00415	0.01105
146	0.25808	0.11602	0.15979	0.02811	0.23251	0.02157	0.02026	0.02585	0.01723	0.02991	0.01396	0.01709	0.01120	0.00775	0.00694	0.00250	0.00936	0.00595	0.00434	0.01158
147	0.01069	0.00812	0.00975	0.01063	0.01217	0.00732	0.00752	0.01274	0.01827	0.02359	0.13226	0.35414	0.26103	0.05386	0.01197	0.00339	0.00487	0.04264	0.00795	0.00710
148	0.01904	0.10647	0.15035	0.01911	0.02372	0.05025	0.01808	0.08357	0.01819	0.02513	0.01784	0.06917	0.01650	0.02178	0.13575	0.00492	0.19692	0.00831	0.00467	0.01023
149	0.02198	0.01855	0.02785	0.16235	0.07841	0.01995	0.13632	0.19695	0.06297	0.03459	0.02133	0.05379	0.01692	0.00985	0.00861	0.00267	0.00981	0.00901	0.09656	0.01155
150	0.02224	0.02367	0.06182	0.06170	0.11960	0.18552	0.01696	0.11863	0.02203	0.02719	0.01990	0.07177	0.01810	0.05566	0.13247	0.00490	0.01346	0.00869	0.00525	0.01042
151	0.02601	0.17700	0.10736	0.02483	0.12453	0.21578	0.01923	0.12867	0.04900	0.02861	0.01569	0.01774	0.01254	0.00854	0.00755	0.00232	0.01148	0.00625	0.00497	0.01191
152	0.01982	0.24163	0.02487	0.01434	0.01827	0.11294	0.01172	0.06378	0.01826	0.02188	0.02189	0.03091	0.05088	0.17174	0.13741	0.00560	0.01212	0.00819	0.00483	0.00894

[dist]
# distance from previous block
# <min> <max>
0	18

[block]
# block no. 1 follows, 21 sequences, length 68
# corresponding to MSA columns:
# 212-279
name=unknown_B
#
# <colnr> <probs for GDERKNQSTAVLIFYWHMCP>
#	G	D	E	R	K	N	Q	S	T	A	V	L	I	F	Y	W	H	M	C	P
0	0.02087	0.23545	0.02860	0.06558	0.02377	0.09642	0.01519	0.07158	0.01922	0.02363	0.02551	0.02798	0.11983	0.01210	0.01252	0.00265	0.17613	0.00814	0.00489	0.00995
1	0.01236	0.01523	0.13544	0.01276	0.01678	0.00983	0.01195	0.01647	0.01956	0.02685	0.19794	0.18185	0.22487	0.01813	0.00955	0.00284	0.00594	0.01560	0.05761	0.00844
2	0.09876	0.01831	0.02287	0.02433	0.15954	0.04969	0.04008	0.18492	0.02334	0.03412	0.01928	0.02367	0.01566	0.02108	0.15432	0.00497	0.01222	0.00767	0.07393	0.01124
3	0.01929	0.01994	0.02354	0.09761	0.26238	0.14160	0.01783	0.02310	0.02050	0.02532	0.09012	0.03789	0.16193	0.01199	0.00881	0.00259	0.00937	0.01026	0.00552	0.01042
4	0.03179	0.04056	0.02412	0.02192	0.02631	0.66676	0.01644	0.03398	0.02412	0.02083	0.01315	0.01535	0.01096	0.00877	0.00767	0.00219	0.01535	0.00548	0.00438	0.00987
5	0.02872	0.03464	0.02455	0.09003	0.02921	0.49617	0.01742	0.06029	0.02293	0.02251	0.01350	0.01673	0.01120	0.00950	0.01007	0.00245	0.08962	0.00602	0.00445	0.00999
6	0.01972	0.01316	0.01474	0.01270	0.01577	0.01343	0.00937	0.18806	0.02259	0.07516	0.03744	0.04638	0.16015	0.23213	0.02237	0.08205	0.00753	0.01147	0.00697	0.00881
7	0.01778	0.06803	0.01852	0.01578	0.01843	0.17433	0.01236	0.02059	0.01652	0.02004	0.01961	0.02751	0.01797	0.04608	0.45579	0.00997	0.01995	0.00788	0.00445	0.00840
8	0.01274	0.00928	0.01122	0.01141	0.01306	0.00867	0.00823	0.01451	0.01595	0.02121	0.03927	0.13998	0.10712	0.30601	0.02413	0.00529	0.00710	0.15471	0.00644	0.08366
9	0.01115	0.00800	0.00938	0.01015	0.01090	0.00752	0.00647	0.01214	0.01526	0.01979	0.04614	0.30865	0.15994	0.30766	0.02428	0.00535	0.00620	0.01804	0.00675	0.00623
10	0.01221	0.00890	0.01259	0.01259	0.01374	0.01005	0.00928	0.01450	0.01336	0.01895	0.02379	0.03893	0.02366	0.22113	0.51316	0.01234	0.01920	0.00992	0.00471	0.00700
11	0.01610	0.16624	0.02324	0.01566	0.01798	0.01934	0.01305	0.01856	0.01423	0.01975	0.01782	0.02706	0.01722	0.08611	0.31868	0.00822	0.18003	0.00794	0.00420	0.00857
12	0.01078	0.00773	0.01025	0.01157	0.01243	0.00719	0.00793	0.01289	0.01822	0.02479	0.19417	0.53937	0.06221	0.02437	0.01066	0.00326	0.00471	0.02202	0.00826	0.00719
13	0.02789	0.01841	0.02033	0.01608	0.02188	0.01917	0.01312	0.36615	0.03212	0.15340	0.03902	0.03713	0.17118	0.01307	0.00890	0.00265	0.00774	0.01036	0.00872	0.01267
14	0.01866	0.03382	0.37716	0.03318	0.17439	0.02027	0.16672	0.02684	0.01877	0.02721	0.01589	0.01982	0.01188	0.00776	0.00862	0.00270	0.01244	0.00745	0.00390	0.01252
15	0.01855	0.01766	0.03000	0.36850	0.35121	0.01956	0.02487	0.02392	0.01819	0.02475	0.01556	0.02188	0.01240	0.00805	0.00847	0.00268	0.01073	0.00757	0.00400	0.01145
16	0.01013	0.00835	0.00890	0.00934	0.01168	0.00712	0.00678	0.01213	0.01871	0.02271	0.07748	0.21822	0.51370	0.02269	0.01024	0.00300	0.00445	0.01935	0.00790	0.00712
17	0.01091	0.00868	0.00996	0.00972	0.01219	0.00773	0.00732	0.01378	0.02062	0.02665	0.27679	0.07192	0.40098	0.02320	0.05828	0.00360	0.00556	0.01641	0.00817	0.00751
18	0.02442	0.02931	0.01933	0.01809	0.02158	0.43596	0.01351	0.02663	0.02158	0.02113	0.02853	0.09071	0.11372	0.01810	0.07661	0.00360	0.01345	0.00952	0.00527	0.00894
19	0.01083	0.00832	0.00999	0.01081	0.01261	0.00748	0.00796	0.01319	0.01897	0.02438	0.14730	0.30159	0.29054	0.02300	0.01052	0.00316	0.00486	0.07911	0.00810	0.00727
20	0.03314	0.01724	0.02058	0.01611	0.02225	0.01726	0.01320	0.23016	0.07016	0.35928	0.02880	0.02659	0.01929	0.01044	0.00832	0.00257	0.00762	0.00828	0.07487	0.01383
21	0.02109	0.01979	0.03114	0.04448	0.50879	0.02043	0.02331	0.03036	0.15562	0.02953	0.02015	0.02344	0.01626	0.00846	0.00848	0.00261	0.00936	0.00804	0.00520	0.01348
22	0.41596	0.01893	0.07993	0.01360	0.01951	0.01802	0.01230	0.10731	0.01972	0.09703	0.01760	0.01902	0.01293	0.00876	0.00640	0.00254	0.00728	0.00602	0.10653	0.01061
23	0.01350	0.01153	0.01195	0.01134	0.01475	0.01143	0.00865	0.02233	0.20401	0.02734	0.09858	0.06590	0.43018	0.01834	0.00964	0.00287	0.00502	0.01532	0.00820	0.00912
24	0.01478	0.00739	0.01109	0.01109	0.01109	0.00739	0.00739	0.01109	0.01109	0.01478	0.01478	0.02587	0.01478	0.02956	0.03326	0.75240	0.00739	0.00739	0.00370	0.00370
25	0.02319	0.03199	0.18516	0.03654	0.31672	0.20761	0.02463	0.02860	0.02040	0.02557	0.01500	0.01864	0.01208	0.00805	0.00812	0.00247	0.01224	0.00665	0.00411	0.01221
26	0.01017	0.00863	0.00878	0.00874	0.01156	0.00723	0.00655	0.01243	0.01966	0.02361	0.11745	0.08087	0.61275	0.02132	0.01006	0.00286	0.00429	0.01782	0.00798	0.00723
27	0.02106	0.02022	0.03454	0.05223	0.64784	0.02022	0.02612	0.02612	0.01938	0.02780	0.01601	0.02106	0.01348	0.00758	0.00842	0.00253	0.01011	0.00758	0.00421	0.01348
28	0.03818	0.01448	0.01975	0.01514	0.02172	0.01251	0.01251	0.04147	0.02436	0.65373	0.03357	0.02897	0.02107	0.01053	0.00856	0.00263	0.00724	0.00856	0.01053	0.01448
29	0.01280	0.00914	0.01267	0.01463	0.01619	0.00901	0.01213	0.01606	0.01869	0.02445	0.04556	0.25913	0.05097	0.02437	0.01151	0.00379	0.00705	0.43641	0.00785	0.00758
30	0.01047	0.00773	0.00983	0.01146	0.01244	0.00709	0.00792	0.01218	0.01699	0.02212	0.05372	0.55970	0.15925	0.02562	0.01076	0.00338	0.00496	0.04947	0.00790	0.00700
31	0.01216	0.00912	0.01368	0.01368	0.01520	0.01064	0.01064	0.01520	0.01368	0.01976	0.02279	0.03343	0.02127	0.06382	0.66720	0.01368	0.02279	0.00912	0.00456	0.00760
32	0.03179	0.04056	0.02412	0.02192	0.02631	0.66676	0.01644	0.03398	0.02412	0.02083	0.01315	0.01535	0.01096	0.00877	0.00767	0.00219	0.01535	0.00548	0.00438	0.00987
33	0.03179	0.04056	0.02412	0.02192	0.02631	0.66676	0.01644	0.03398	0.02412	0.02083	0.01315	0.01535	0.01096	0.00877	0.00767	0.00219	0.01535	0.00548	0.00438	0.00987
34	0.01216	0.00912	0.01368	0.01368	0.01520	0.01064	0.01064	0.01520	0.01368	0.01976	0.02279	0.03343	0.02127	0.06382	0.66720	0.01368	0.02279	0.00912	0.00456	0.00760
35	0.02106	0.02022	0.03454	0.05223	0.64784	0.02022	0.02612	0.02612	0.01938	0.02780	0.01601	0.02106	0.01348	0.00758	0.00842	0.00253	0.01011	0.00758	0.00421	0.01348
36	0.02015	0.01717	0.02418	0.43347	0.04551	0.02031	0.02015	0.17055	0.06799	0.03070	0.02159	0.02589	0.04631	0.00984	0.00860	0.00277	0.01015	0.00828	0.00552	0.01087
37	0.01069	0.00882	0.00950	0.00984	0.01256	0.00764	0.00772	0.01315	0.01943	0.02342	0.07909	0.08434	0.54131	0.02189	0.01035	0.00305	0.00492	0.11709	0.00789	0.00730
38	0.01707	0.01396	0.01907	0.09217	0.21046	0.04049	0.01470	0.02102	0.01812	0.02653	0.02842	0.03372	0.08780	0.04667	0.05410	0.00343	0.00860	0.00910	0.24497	0.00962
39	0.02109	0.01979	0.03114	0.04448	0.50879	0.02043	0.02331	0.03036	0.15562	0.02953	0.02015	0.02344	0.01626	0.00846	0.00848	0.00261	0.00936	0.00804	0.00520	0.01348
40	0.01019	0.00863	0.00881	0.00876	0.01158	0.00724	0.00657	0.01247	0.01972	0.02374	0.12398	0.08066	0.60614	0.02127	0.01006	0.00286	0.00429	0.01779	0.00800	0.00724
41	0.03321	0.01955	0.02253	0.01759	0.02407	0.02040	0.01443	0.32574	0.10737	0.28251	0.02725	0.02512	0.01844	0.01050	0.00855	0.00263	0.00822	0.00825	0.00931	0.01435
42	0.02511	0.02473	0.02327	0.06466	0.02603	0.20664	0.01632	0.18337	0.05842	0.03017	0.01734	0.02118	0.01419	0.01790	0.10108	0.00422	0.14164	0.00730	0.00557	0.01084
43	0.02691	0.02158	0.02589	0.02624	0.16337	0.02365	0.01768	0.33711	0.19070	0.04317	0.02317	0.02354	0.01727	0.00998	0.00853	0.00264	0.00884	0.00816	0.00760	0.01399
44	0.01064	0.00760	0.01019	0.01216	0.01278	0.00715	0.00838	0.01233	0.01656	0.02203	0.04675	0.64599	0.05568	0.02640	0.01094	0.00349	0.00518	0.07085	0.00789	0.00699
45	0.05531	0.15378	0.10109	0.12252	0.03271	0.02141	0.15080	0.02311	0.01726	0.02418	0.01818	0.09948	0.01684	0.01061	0.01023	0.00271	0.08024	0.00909	0.00447	0.04598
46	0.07670	0.33530	0.03211	0.01601	0.02186	0.02578	0.01442	0.07225	0.01987	0.18025	0.01773	0.01869	0.01361	0.00948	0.00981	0.00242	0.10998	0.00621	0.00582	0.01170
47	0.01306	0.00813	0.01082	0.01154	0.01201	0.00805	0.00800	0.01289	0.01404	0.01859	0.02995	0.16356	0.03361	0.23876	0.02840	0.24494	0.00733	0.12514	0.00568	0.00551
48	0.02670	0.03219	0.02250	0.02215	0.06598	0.47712	0.01581	0.02927	0.02148	0.02106	0.01549	0.01975	0.01342	0.02092	0.15428	0.00477	0.01665	0.00643	0.00441	0.00961
49	0.02563	0.10348	0.06612	0.01874	0.02368	0.42921	0.01533	0.02840	0.02208	0.02158	0.02735	0.02828	0.13401	0.01105	0.00794	0.00232	0.01237	0.00786	0.00494	0.00964
50	0.01037	0.00741	0.00987	0.01185	0.01234	0.00691	0.00790	0.01185	0.01629	0.02172	0.04690	0.69537	0.05629	0.02666	0.01086	0.00346	0.00494	0.02419	0.00790	0.00691
51	0.01042	0.00811	0.00948	0.01024	0.01200	0.00717	0.00726	0.01251	0.01862	0.02375	0.13453	0.34095	0.32813	0.02324	0.01040	0.00310	0.00454	0.02031	0.00807	0.00717
52	0.02160	0.23539	0.15207	0.02063	0.02779	0.16632	0.10921	0.02614	0.01952	0.02296	0.02189	0.05080	0.07129	0.00986	0.00780	0.00239	0.01134	0.00797	0.00447	0.01058
53	0.02106	0.02022	0.03454	0.05223	0.64784	0.02022	0.02612	0.02612	0.01938	0.02780	0.01601	0.02106	0.01348	0.00758	0.00842	0.00253	0.01011	0.00758	0.00421	0.01348
54	0.01216	0.00912	0.01368	0.01368	0.01520	0.01064	0.01064	0.01520	0.01368	0.01976	0.02279	0.03343	0.02127	0.06382	0.66720	0.01368	0.02279	0.00912	0.00456	0.00760
55	0.76103	0.01646	0.01251	0.01119	0.01646	0.01909	0.00922	0.02502	0.01448	0.03818	0.01185	0.01382	0.00922	0.00790	0.00527	0.00263	0.00658	0.00461	0.00527	0.00922
56	0.01571	0.06355	0.01802	0.14470	0.02470	0.01522	0.01275	0.05207	0.14405	0.02690	0.07277	0.18734	0.15638	0.01626	0.00923	0.00289	0.00692	0.01397	0.00704	0.00953
57	0.02477	0.02078	0.13362	0.01788	0.02416	0.01644	0.04222	0.18276	0.02556	0.18825	0.07348	0.15651	0.02833	0.01350	0.00908	0.00280	0.00838	0.01152	0.00789	0.01206
58	0.03479	0.01993	0.02312	0.01773	0.02444	0.02059	0.01464	0.37809	0.03347	0.30424	0.02592	0.02400	0.01723	0.01035	0.00853	0.00259	0.00848	0.00804	0.00936	0.01448
59	0.02187	0.03170	0.23107	0.03564	0.30007	0.14574	0.02531	0.02887	0.05052	0.02656	0.01615	0.01950	0.01275	0.00817	0.00818	0.00253	0.01175	0.00686	0.00427	0.01249
60	0.01586	0.00793	0.00793	0.00793	0.00991	0.00793	0.00595	0.01983	0.01785	0.03173	0.02776	0.03173	0.02181	0.00991	0.00595	0.00198	0.00397	0.00793	0.74817	0.00793
61	0.02353	0.20741	0.16920	0.01812	0.02630	0.07091	0.01798	0.17230	0.02362	0.03142	0.01546	0.01719	0.01210	0.00810	0.00712	0.00211	0.00985	0.00587	0.00516	0.15625
62	0.02121	0.13663	0.24584	0.02967	0.13941	0.10825	0.14801	0.02758	0.01936	0.02529	0.01499	0.01853	0.01173	0.00778	0.00809	0.00250	0.01236	0.00692	0.00396	0.01189
63	0.06189	0.22099	0.19048	0.02952	0.17882	0.02410	0.12806	0.02628	0.01829	0.02587	0.01462	0.01813	0.01176	0.00756	0.00761	0.00243	0.01098	0.00668	0.00397	0.01194
64	0.01316	0.01079	0.01186	0.01122	0.01425	0.01056	0.00852	0.02078	0.15714	0.02936	0.25320	0.06488	0.32628	0.01800	0.00974	0.00281	0.00475	0.01528	0.00854	0.00885
65	0.01060	0.00864	0.00937	0.00919	0.01183	0.00741	0.00689	0.01326	0.02068	0.02602	0.23796	0.07691	0.49074	0.02042	0.01005	0.00282	0.00423	0.01726	0.00830	0.00741
66	0.01907	0.06008	0.15582	0.05049	0.02486	0.17507	0.01738	0.02284	0.01796	0.02206	0.02235	0.17807	0.02293	0.04699	0.04365	0.00360	0.09165	0.01079	0.00493	0.00940
67	0.01910	0.01292	0.01466	0.01265	0.01638	0.01273	0.00980	0.16603	0.02540	0.09780	0.18232	0.08091	0.22935	0.06677	0.01199	0.00315	0.00611	0.01372	0.00845	0.00977

[dist]
# distance from previous block
# <min> <max>
0	1

[block]
# block no. 2 follows, 21 sequences, length 35
# corresponding to MSA columns:
# 281-315
name=unknown_C
#
# <colnr> <probs for GDERKNQSTAVLIFYWHMCP>
#	G	D	E	R	K	N	Q	S	T	A	V	L	I	F	Y	W	H	M	C	P
0	0.02431	0.01376	0.01671	0.01453	0.01904	0.01370	0.01148	0.03401	0.21273	0.26029	0.13054	0.08697	0.07449	0.01419	0.00919	0.00284	0.00627	0.03369	0.00932	0.01196
1	0.02247	0.02376	0.03598	0.04461	0.44064	0.11657	0.13711	0.02750	0.02022	0.02666	0.01581	0.02057	0.01300	0.00768	0.00862	0.00254	0.01169	0.00774	0.00426	0.01256
2	0.02680	0.03156	0.02664	0.03099	0.22475	0.40775	0.01909	0.02998	0.02177	0.02298	0.01483	0.01860	0.01258	0.01272	0.05985	0.00320	0.01425	0.00644	0.00434	0.01085
3	0.01866	0.01840	0.01543	0.01477	0.01699	0.20967	0.01096	0.02110	0.01721	0.02117	0.02112	0.03106	0.01966	0.13602	0.28510	0.00782	0.01585	0.00835	0.10271	0.00796
4	0.03235	0.02384	0.02554	0.01958	0.02639	0.02639	0.01618	0.61946	0.04001	0.05363	0.02043	0.02043	0.01447	0.01022	0.00851	0.00255	0.00936	0.00766	0.00851	0.01447
5	0.01176	0.00860	0.01047	0.01047	0.01162	0.00873	0.00715	0.01320	0.01443	0.01903	0.03956	0.05503	0.17236	0.34553	0.22692	0.00865	0.01179	0.01269	0.00562	0.00638
6	0.01984	0.14667	0.24661	0.03332	0.22172	0.02263	0.13833	0.02650	0.01868	0.02608	0.01527	0.01912	0.01203	0.00762	0.00811	0.00253	0.01156	0.00710	0.00393	0.01236
7	0.01758	0.01786	0.02310	0.17660	0.03085	0.11318	0.07425	0.02133	0.01678	0.02134	0.01993	0.02707	0.04017	0.02853	0.23399	0.00653	0.10919	0.00842	0.00434	0.00897
8	0.01160	0.00822	0.01098	0.01274	0.01363	0.00793	0.00938	0.01367	0.01688	0.02231	0.04422	0.44520	0.05138	0.09706	0.01457	0.00410	0.00617	0.19536	0.00759	0.00701
9	0.03179	0.04056	0.02412	0.02192	0.02631	0.66676	0.01644	0.03398	0.02412	0.02083	0.01315	0.01535	0.01096	0.00877	0.00767	0.00219	0.01535	0.00548	0.00438	0.00987
10	0.02466	0.09123	0.33720	0.02160	0.03054	0.21149	0.02317	0.03083	0.02058	0.10729	0.01679	0.01830	0.01220	0.00855	0.00782	0.00247	0.01242	0.00621	0.00475	0.01190
11	0.02077	0.01958	0.02383	0.02446	0.14005	0.13544	0.09391	0.06514	0.02033	0.02762	0.02000	0.02508	0.01645	0.01918	0.13328	0.00451	0.01255	0.00790	0.17973	0.01019
12	0.01035	0.00748	0.00980	0.01165	0.01229	0.00693	0.00781	0.01187	0.01649	0.02180	0.04939	0.65653	0.09352	0.02634	0.01081	0.00342	0.00490	0.02380	0.00790	0.00693
13	0.01902	0.10898	0.02857	0.15165	0.29358	0.06392	0.01973	0.02313	0.01900	0.02427	0.02846	0.03156	0.13263	0.01045	0.00831	0.00253	0.00946	0.00901	0.00477	0.01096
14	0.21242	0.02469	0.01893	0.01930	0.08101	0.26288	0.01346	0.02899	0.07745	0.02862	0.02171	0.02339	0.05707	0.00970	0.00721	0.00243	0.00983	0.00697	0.08396	0.01000
15	0.01396	0.00953	0.01100	0.01043	0.01336	0.00848	0.00788	0.01751	0.04458	0.09219	0.21925	0.11801	0.36357	0.01934	0.00990	0.00284	0.00468	0.01648	0.00858	0.00839
16	0.01620	0.01609	0.01372	0.01317	0.01641	0.13487	0.01012	0.02159	0.10166	0.02556	0.11574	0.06216	0.33145	0.01758	0.00958	0.00282	0.00703	0.06811	0.00747	0.00867
17	0.02581	0.15543	0.02575	0.01814	0.02329	0.24245	0.01479	0.13321	0.12422	0.02926	0.02425	0.02864	0.05229	0.01106	0.00802	0.00247	0.01052	0.05313	0.00613	0.01114
18	0.01929	0.06328	0.19725	0.03078	0.08507	0.02240	0.28833	0.02583	0.01814	0.02568	0.01531	0.02031	0.01202	0.00877	0.01226	0.00289	0.12874	0.00817	0.00398	0.01151
