[name]
unknown

[dist]
# distance from previous block
# <min> <max>
8	45

[block]
# block no. 0 follows, 22 sequences, length 35
# corresponding to MSA columns:
# 45-79
name=unknown_A
#
# <colnr> <probs for GDERKNQSTAVLIFYWHMCP>
#	G	D	E	R	K	N	Q	S	T	A	V	L	I	F	Y	W	H	M	C	P
0	0.02039	0.07064	0.15091	0.03998	0.43032	0.04810	0.02452	0.02715	0.05945	0.02669	0.01630	0.01997	0.01320	0.00778	0.00796	0.00246	0.01025	0.00701	0.00425	0.01268
1	0.05902	0.02190	0.09757	0.27409	0.12596	0.05237	0.02105	0.15075	0.06279	0.03075	0.01697	0.02074	0.01275	0.00866	0.00806	0.00262	0.01030	0.00715	0.00510	0.01140
2	0.05885	0.21165	0.11302	0.01538	0.02188	0.02204	0.01476	0.20298	0.02387	0.03239	0.02834	0.02878	0.12599	0.01073	0.00739	0.00234	0.00816	0.00811	0.05234	0.01101
3	0.02405	0.16857	0.02487	0.01611	0.02172	0.23633	0.01317	0.02690	0.01945	0.06249	0.01500	0.01708	0.01232	0.00799	0.00757	0.00188	0.04305	0.00543	0.04192	0.23411
4	0.01815	0.15307	0.15255	0.04984	0.07064	0.06302	0.16566	0.02331	0.01866	0.02377	0.02911	0.03118	0.14537	0.01030	0.00829	0.00251	0.01035	0.00917	0.00466	0.01038
5	0.01978	0.16539	0.11127	0.01602	0.02215	0.02120	0.01487	0.09982	0.24528	0.03028	0.03389	0.03286	0.13019	0.01152	0.00795	0.00253	0.00772	0.00913	0.00661	0.01154
6	0.02001	0.06760	0.50470	0.02232	0.03320	0.02123	0.02688	0.15198	0.02200	0.03146	0.01582	0.01786	0.01128	0.00829	0.00787	0.00257	0.01148	0.00635	0.00451	0.01259
7	0.01106	0.00736	0.00990	0.01122	0.01168	0.00698	0.00747	0.01175	0.01533	0.02056	0.07905	0.50851	0.04825	0.06820	0.01613	0.12842	0.00536	0.01963	0.00696	0.00619
8	0.03103	0.03959	0.02354	0.02140	0.02568	0.67469	0.01605	0.03317	0.02354	0.02033	0.01284	0.01498	0.01070	0.00856	0.00749	0.00214	0.01498	0.00535	0.00428	0.00963
9	0.01807	0.21248	0.50779	0.02128	0.03225	0.02273	0.02653	0.02595	0.01737	0.02460	0.01406	0.01647	0.01056	0.00769	0.00724	0.00241	0.01142	0.00571	0.00352	0.01187
10	0.00982	0.00842	0.00842	0.00842	0.01122	0.00701	0.00631	0.01192	0.01894	0.02244	0.08416	0.07995	0.65285	0.02104	0.00982	0.00281	0.00421	0.01753	0.00771	0.00701
11	0.02221	0.71304	0.04353	0.01421	0.02132	0.03287	0.01421	0.02488	0.01688	0.01955	0.01155	0.01333	0.01066	0.00711	0.00533	0.00178	0.00888	0.00444	0.00355	0.01066
12	0.01629	0.02096	0.15598	0.43657	0.11087	0.01836	0.04642	0.02248	0.01711	0.02305	0.01626	0.04961	0.01307	0.00883	0.00837	0.00274	0.01104	0.00790	0.00388	0.01021
13	0.01666	0.04297	0.66500	0.02368	0.03596	0.01929	0.03069	0.02631	0.01754	0.02631	0.01491	0.01754	0.01052	0.00789	0.00789	0.00263	0.01228	0.00614	0.00351	0.01228
14	0.01012	0.00723	0.00964	0.01157	0.01205	0.00675	0.00771	0.01157	0.01591	0.02121	0.04579	0.70262	0.05495	0.02603	0.01060	0.00337	0.00482	0.02362	0.00771	0.00675
15	0.01208	0.00805	0.00906	0.00906	0.00906	0.00805	0.00503	0.01208	0.01208	0.01611	0.02618	0.05436	0.03020	0.70804	0.04228	0.00805	0.00805	0.01208	0.00503	0.00503
16	0.76672	0.01607	0.01221	0.01092	0.01607	0.01864	0.00900	0.02442	0.01414	0.03727	0.01157	0.01350	0.00900	0.00771	0.00514	0.00257	0.00643	0.00450	0.00514	0.00900
17	0.01870	0.16403	0.38758	0.02879	0.19009	0.02198	0.02626	0.02583	0.01776	0.02524	0.01445	0.01751	0.01122	0.00762	0.00749	0.00243	0.01103	0.00614	0.00367	0.01219
18	0.01862	0.27992	0.44524	0.02033	0.03078	0.02409	0.02487	0.02580	0.01731	0.02392	0.01372	0.01605	0.01057	0.00761	0.00699	0.00233	0.01108	0.00554	0.00352	0.01171
19	0.01666	0.04297	0.66500	0.02368	0.03596	0.01929	0.03069	0.02631	0.01754	0.02631	0.01491	0.01754	0.01052	0.00789	0.00789	0.00263	0.01228	0.00614	0.00351	0.01228
20	0.01012	0.00723	0.00964	0.01157	0.01205	0.00675	0.00771	0.01157	0.01591	0.02121	0.04579	0.70262	0.05495	0.02603	0.01060	0.00337	0.00482	0.02362	0.00771	0.00675
21	0.01892	0.02907	0.28324	0.03617	0.30078	0.01977	0.09437	0.02717	0.05961	0.02726	0.01668	0.02027	0.01286	0.00781	0.00829	0.00259	0.01107	0.00731	0.00417	0.01259
22	0.00982	0.00842	0.00842	0.00842	0.01122	0.00701	0.00631	0.01192	0.01894	0.02244	0.08416	0.07995	0.65285	0.02104	0.00982	0.00281	0.00421	0.01753	0.00771	0.00701
23	0.01012	0.00723	0.00964	0.01157	0.01205	0.00675	0.00771	0.01157	0.01591	0.02121	0.04579	0.70262	0.05495	0.02603	0.01060	0.00337	0.00482	0.02362	0.00771	0.00675
24	0.01881	0.02819	0.22535	0.03255	0.07172	0.02045	0.42505	0.02647	0.01898	0.02655	0.01620	0.02092	0.01203	0.00728	0.00918	0.00274	0.01330	0.00863	0.00400	0.01161
25	0.02316	0.02588	0.02735	0.22026	0.24661	0.26854	0.02122	0.02721	0.02002	0.02287	0.01432	0.01889	0.01163	0.00810	0.00797	0.00243	0.01216	0.00662	0.00406	0.01070
26	0.35097	0.02063	0.08147	0.02758	0.23003	0.01968	0.06532	0.06258	0.01798	0.03307	0.01413	0.01727	0.01110	0.00771	0.00696	0.00256	0.00884	0.00620	0.00478	0.01114
27	0.02129	0.13686	0.03059	0.02278	0.06465	0.13827	0.11210	0.02596	0.05839	0.02308	0.01494	0.01900	0.01274	0.01168	0.04112	0.00300	0.17083	0.00686	0.00433	0.08153
28	0.08190	0.08792	0.02517	0.05174	0.24289	0.15288	0.01689	0.02434	0.02003	0.02651	0.13260	0.02858	0.05495	0.01007	0.00790	0.00240	0.00924	0.00832	0.00525	0.01045
29	0.04983	0.04991	0.12503	0.01636	0.02147	0.01723	0.01473	0.23554	0.02442	0.03375	0.02858	0.28776	0.02924	0.01573	0.00889	0.00283	0.00784	0.01336	0.00695	0.01056
30	0.02663	0.02117	0.02147	0.01742	0.02269	0.07671	0.01398	0.41360	0.07146	0.04396	0.12134	0.06155	0.02676	0.01186	0.00860	0.00255	0.00843	0.00943	0.00808	0.01232
31	0.02475	0.43551	0.08994	0.01658	0.02398	0.02945	0.01611	0.21846	0.02404	0.03063	0.01452	0.01580	0.01176	0.00809	0.00650	0.00208	0.00925	0.00556	0.00507	0.01191
32	0.06836	0.11855	0.46233	0.02143	0.03155	0.11052	0.02536	0.02696	0.01806	0.02542	0.01402	0.01644	0.01046	0.00788	0.00736	0.00246	0.01187	0.00573	0.00373	0.01151
33	0.02019	0.21917	0.17964	0.01780	0.02400	0.17181	0.01743	0.02438	0.01785	0.02141	0.01691	0.06391	0.01545	0.01919	0.13193	0.00433	0.01333	0.00716	0.00415	0.00994
34	0.04725	0.22613	0.06557	0.13000	0.17909	0.02360	0.05898	0.06375	0.01865	0.02531	0.01549	0.04682	0.01348	0.00877	0.00840	0.00244	0.04370	0.00718	0.00430	0.01107

[dist]
# distance from previous block
# <min> <max>
9	12

[block]
# block no. 1 follows, 22 sequences, length 20
# corresponding to MSA columns:
# 92-111
name=unknown_B
#
# <colnr> <probs for GDERKNQSTAVLIFYWHMCP>
#	G	D	E	R	K	N	Q	S	T	A	V	L	I	F	Y	W	H	M	C	P
0	0.01070	0.00762	0.00932	0.01042	0.01102	0.00719	0.00671	0.01177	0.01506	0.01976	0.04410	0.42839	0.11629	0.23830	0.02040	0.00477	0.00576	0.01931	0.00688	0.00624
1	0.01405	0.01332	0.01225	0.01342	0.01461	0.13234	0.00928	0.01563	0.01734	0.02104	0.03959	0.57332	0.04663	0.02274	0.01002	0.00314	0.00673	0.02018	0.00707	0.00729
2	0.08371	0.06402	0.10172	0.01543	0.02070	0.09224	0.01388	0.06543	0.02155	0.15157	0.17349	0.03129	0.03018	0.01649	0.07887	0.00363	0.00971	0.00877	0.00683	0.01048
3	0.01439	0.01029	0.01179	0.01127	0.01345	0.01028	0.00801	0.02028	0.13489	0.06012	0.16155	0.12352	0.15463	0.20706	0.01848	0.00426	0.00588	0.01416	0.00753	0.00815
4	0.02961	0.14808	0.02676	0.02024	0.02498	0.57130	0.01576	0.03184	0.02247	0.02021	0.01263	0.01471	0.01069	0.00833	0.00714	0.00208	0.01400	0.00520	0.00416	0.00980
5	0.01870	0.13287	0.42817	0.02443	0.03485	0.05279	0.14272	0.02649	0.01813	0.02513	0.01471	0.01777	0.01095	0.00764	0.00788	0.00252	0.01226	0.00657	0.00369	0.01172
6	0.05485	0.13059	0.21843	0.02613	0.12317	0.21090	0.07143	0.02791	0.01941	0.02425	0.01395	0.01688	0.01109	0.00782	0.00750	0.00236	0.01211	0.00609	0.00396	0.01118
7	0.02222	0.60437	0.10342	0.01560	0.02304	0.07226	0.01595	0.02554	0.01737	0.02026	0.01196	0.01385	0.01065	0.00728	0.00572	0.00188	0.00960	0.00467	0.00360	0.01075
8	0.01206	0.00812	0.00941	0.00941	0.00954	0.00825	0.00547	0.01231	0.01219	0.01637	0.02585	0.05258	0.02943	0.65488	0.09438	0.00849	0.00922	0.01182	0.00499	0.00523
9	0.00985	0.00828	0.00855	0.00877	0.01131	0.00698	0.00647	0.01188	0.01860	0.02230	0.07988	0.14933	0.58623	0.02160	0.00991	0.00287	0.00428	0.01821	0.00771	0.00698
10	0.01666	0.01484	0.01976	0.01822	0.06101	0.05054	0.07654	0.05150	0.01809	0.02521	0.03128	0.03517	0.13887	0.02180	0.13643	0.00462	0.10656	0.00969	0.11443	0.04876
11	0.01072	0.00748	0.00946	0.01080	0.01113	0.00715	0.00689	0.01172	0.01473	0.01964	0.03977	0.50384	0.04736	0.23517	0.02032	0.00481	0.00581	0.02008	0.00689	0.00622
12	0.01898	0.32292	0.40536	0.01972	0.02984	0.02497	0.02381	0.02571	0.01726	0.02348	0.01351	0.01578	0.01058	0.00756	0.00682	0.00227	0.01086	0.00543	0.00353	0.01160
13	0.35729	0.27943	0.13976	0.01441	0.02155	0.02403	0.01479	0.02492	0.01576	0.02875	0.01215	0.01415	0.00989	0.00752	0.00570	0.00229	0.00838	0.00477	0.00426	0.01020
14	0.02631	0.02483	0.01901	0.01671	0.02106	0.30410	0.01284	0.10215	0.02421	0.12748	0.05370	0.06929	0.13816	0.01260	0.00842	0.00246	0.01004	0.00971	0.00673	0.01019
15	0.02248	0.06944	0.15791	0.01837	0.02462	0.10091	0.01729	0.21632	0.04740	0.03282	0.05593	0.02369	0.01820	0.01948	0.13341	0.00449	0.01257	0.00753	0.00583	0.01129
16	0.02640	0.07305	0.18300	0.01973	0.02763	0.02422	0.01913	0.39265	0.08188	0.04234	0.01930	0.01983	0.01394	0.00938	0.00802	0.00251	0.00968	0.00711	0.00683	0.01336
17	0.02812	0.02991	0.02310	0.01963	0.02453	0.35183	0.01532	0.18261	0.06168	0.02998	0.01591	0.01765	0.01260	0.00928	0.00913	0.00229	0.06417	0.00623	0.00556	0.09047
18	0.17402	0.24094	0.16364	0.01690	0.02458	0.02517	0.01708	0.19090	0.02256	0.03357	0.01457	0.01607	0.01125	0.00818	0.00665	0.00231	0.00918	0.00565	0.00517	0.01162
19	0.02733	0.02907	0.02137	0.01874	0.02306	0.35876	0.01422	0.16080	0.11359	0.02879	0.01902	0.02321	0.01594	0.09571	0.01211	0.00304	0.01166	0.00722	0.00584	0.01054

[dist]
# distance from previous block
# <min> <max>
2	5

[block]
# block no. 2 follows, 22 sequences, length 25
# corresponding to MSA columns:
# 117-141
name=unknown_C
#
# <colnr> <probs for GDERKNQSTAVLIFYWHMCP>
#	G	D	E	R	K	N	Q	S	T	A	V	L	I	F	Y	W	H	M	C	P
0	0.02913	0.02765	0.02302	0.01931	0.02461	0.25292	0.01520	0.32306	0.10106	0.03760	0.02024	0.05172	0.01613	0.01038	0.00815	0.00245	0.01070	0.00771	0.00688	0.01208
1	0.02724	0.15558	0.14638	0.01936	0.02663	0.15938	0.01817	0.25913	0.02718	0.06066	0.01656	0.01762	0.01239	0.00879	0.00752	0.00232	0.01079	0.00627	0.00580	0.01222
2	0.02370	0.21081	0.25714	0.02028	0.02824	0.24783	0.02079	0.05676	0.02045	0.02377	0.01359	0.01571	0.01079	0.00802	0.00712	0.00224	0.01220	0.00550	0.00401	0.01105
3	0.18861	0.01834	0.06001	0.07195	0.19640	0.01852	0.06195	0.02254	0.01666	0.02737	0.02176	0.02530	0.08435	0.01009	0.01055	0.00271	0.11014	0.00788	0.00466	0.04023
4	0.02936	0.14196	0.02842	0.02018	0.05807	0.09026	0.01606	0.43590	0.03271	0.04232	0.01759	0.01837	0.01315	0.00921	0.00772	0.00234	0.00971	0.00675	0.00689	0.01305
5	0.02903	0.01931	0.02116	0.01657	0.02230	0.02079	0.01357	0.44532	0.03345	0.11845	0.04851	0.02427	0.01858	0.01025	0.00801	0.00242	0.00791	0.00793	0.11923	0.01292
6	0.02689	0.36701	0.03410	0.01681	0.02355	0.06574	0.01502	0.29508	0.02716	0.03425	0.01537	0.01638	0.01221	0.00847	0.00678	0.00212	0.00934	0.00585	0.00572	0.01215
7	0.03148	0.02624	0.02468	0.01953	0.02575	0.14400	0.01584	0.52005	0.03623	0.04652	0.01865	0.01904	0.01350	0.00972	0.00816	0.00243	0.01021	0.00709	0.00758	0.01331
8	0.02265	0.67915	0.04253	0.01458	0.02154	0.06517	0.01431	0.02529	0.01722	0.01958	0.01161	0.01341	0.01066	0.00718	0.00544	0.00180	0.00919	0.00449	0.00359	0.01061
9	0.01161	0.00849	0.01090	0.01029	0.01232	0.00777	0.00772	0.01539	0.02316	0.03247	0.60783	0.06344	0.12292	0.01730	0.00980	0.00263	0.00394	0.01522	0.00903	0.00777
10	0.01887	0.02816	0.23101	0.03399	0.13211	0.02031	0.35885	0.02635	0.01889	0.02660	0.01606	0.02068	0.01206	0.00733	0.00900	0.00270	0.01287	0.00835	0.00398	0.01182
11	0.01035	0.00819	0.00932	0.00956	0.01168	0.00716	0.00697	0.01276	0.01941	0.02482	0.21360	0.20506	0.38949	0.02109	0.00998	0.00288	0.00427	0.01819	0.00806	0.00716
12	0.01090	0.00846	0.00992	0.00955	0.01189	0.00747	0.00716	0.01402	0.02149	0.02851	0.40119	0.06996	0.33203	0.01877	0.00981	0.00270	0.00405	0.01613	0.00851	0.00747
13	0.01781	0.03494	0.42436	0.02811	0.03887	0.01996	0.26328	0.02643	0.01835	0.02643	0.01565	0.01944	0.01134	0.00755	0.00864	0.00270	0.01295	0.00757	0.00378	0.01186
14	0.01898	0.02429	0.20292	0.02106	0.09702	0.04279	0.01831	0.13873	0.06716	0.03182	0.10256	0.03583	0.13931	0.01197	0.00861	0.00261	0.00866	0.00986	0.00630	0.01121
15	0.06979	0.17537	0.21101	0.01575	0.02265	0.01896	0.01660	0.06999	0.02025	0.05362	0.13949	0.02896	0.05184	0.01036	0.00749	0.00238	0.00817	0.00812	0.05868	0.01053
16	0.02319	0.01853	0.02024	0.01875	0.06403	0.07490	0.01390	0.14068	0.16153	0.10767	0.07597	0.03381	0.10660	0.01250	0.01074	0.00272	0.08570	0.00967	0.00739	0.01149
17	0.02123	0.02313	0.17259	0.07284	0.14212	0.06258	0.01947	0.05745	0.02016	0.12365	0.05873	0.06233	0.02025	0.01407	0.05998	0.00338	0.01059	0.00850	0.00568	0.04127
18	0.01678	0.02591	0.26581	0.02365	0.09991	0.01623	0.08920	0.02310	0.01830	0.02695	0.08770	0.05229	0.02092	0.00939	0.00878	0.00240	0.03309	0.00822	0.00476	0.16661
19	0.07968	0.01933	0.07181	0.03510	0.37243	0.01777	0.02038	0.07019	0.02015	0.10093	0.02088	0.09658	0.01821	0.01005	0.00825	0.00260	0.00884	0.00901	0.00556	0.01224
20	0.05000	0.02689	0.22820	0.03069	0.24473	0.01977	0.02314	0.13925	0.02263	0.10860	0.01813	0.02018	0.01326	0.00839	0.00804	0.00254	0.01003	0.00703	0.00548	0.01303
21	0.16341	0.02740	0.17439	0.02525	0.12648	0.13988	0.08848	0.02709	0.01850	0.06032	0.01566	0.01892	0.01214	0.01165	0.05318	0.00325	0.01189	0.00660	0.00455	0.01095
22	0.07246	0.02648	0.16864	0.02882	0.22076	0.09419	0.02085	0.09308	0.09587	0.03025	0.02137	0.02329	0.04950	0.00917	0.00798	0.00254	0.00996	0.00750	0.00524	0.01203
23	0.02019	0.02065	0.09525	0.05002	0.17114	0.06188	0.01702	0.02620	0.06709	0.07644	0.02248	0.02429	0.05757	0.00863	0.00761	0.00214	0.00850	0.00724	0.00536	0.25029
24	0.02169	0.15006	0.03113	0.06479	0.10972	0.12348	0.11132	0.07415	0.02034	0.02552	0.01781	0.05025	0.01610	0.00985	0.00901	0.00247	0.04636	0.04937	0.00479	0.06178

[dist]
# distance from previous block
# <min> <max>
1	100

[block]
# block no. 3 follows, 22 sequences, length 70
# corresponding to MSA columns:
# 246-315
name=unknown_D
#
# <colnr> <probs for GDERKNQSTAVLIFYWHMCP>
#	G	D	E	R	K	N	Q	S	T	A	V	L	I	F	Y	W	H	M	C	P
0	0.02160	0.19527	0.15540	0.01669	0.02307	0.11822	0.01627	0.02643	0.04627	0.09863	0.02954	0.02975	0.13321	0.01103	0.00861	0.00243	0.04333	0.00821	0.00545	0.01059
1	0.01945	0.10791	0.31994	0.02330	0.06456	0.02044	0.09967	0.08568	0.01991	0.02836	0.01529	0.01804	0.01158	0.00761	0.00764	0.00232	0.01074	0.00643	0.00433	0.12681
2	0.02016	0.12956	0.32735	0.02365	0.09209	0.14393	0.02309	0.02616	0.01860	0.02383	0.01828	0.02070	0.05094	0.00896	0.00843	0.00246	0.04002	0.00664	0.00399	0.01118
3	0.02091	0.14402	0.15101	0.02232	0.06340	0.02056	0.13572	0.10148	0.02031	0.06700	0.01781	0.02234	0.01433	0.05039	0.07660	0.00379	0.01167	0.00747	0.00496	0.04391
4	0.11802	0.03009	0.25581	0.02079	0.05887	0.10059	0.02011	0.15660	0.05774	0.03337	0.01717	0.01897	0.01277	0.00868	0.00750	0.00249	0.01022	0.00647	0.05199	0.01174
5	0.02413	0.02818	0.13027	0.02663	0.17911	0.22875	0.01916	0.06563	0.02179	0.06658	0.04449	0.02153	0.01607	0.00884	0.00777	0.00235	0.01084	0.00696	0.07971	0.01123
6	0.01905	0.02172	0.08800	0.03205	0.25622	0.08493	0.11347	0.02479	0.05388	0.02559	0.02212	0.14868	0.02108	0.01118	0.00874	0.00264	0.00998	0.01051	0.00504	0.04031
7	0.01268	0.01084	0.01668	0.01732	0.07992	0.01017	0.08739	0.01506	0.01665	0.02181	0.04412	0.28391	0.17688	0.14883	0.01604	0.00396	0.00696	0.01668	0.00640	0.00770
8	0.02740	0.02149	0.02210	0.01774	0.02355	0.05050	0.01437	0.43565	0.14534	0.04481	0.02859	0.02775	0.08009	0.01126	0.00845	0.00257	0.00843	0.00874	0.00811	0.01305
9	0.01955	0.02184	0.13596	0.02477	0.16876	0.04580	0.01811	0.14050	0.06156	0.03145	0.08034	0.12881	0.06148	0.01265	0.00874	0.00268	0.00859	0.01087	0.00627	0.01128
10	0.01993	0.19885	0.38345	0.02216	0.03206	0.05623	0.08446	0.06392	0.01924	0.02605	0.01451	0.01704	0.01100	0.00778	0.00748	0.00241	0.01158	0.00614	0.00393	0.01177
11	0.02110	0.20817	0.25615	0.05993	0.10872	0.13456	0.05080	0.02676	0.01861	0.02341	0.01387	0.01687	0.01104	0.00773	0.00732	0.00232	0.01159	0.00596	0.00377	0.01131
12	0.01041	0.00792	0.00958	0.01027	0.01186	0.00709	0.00728	0.01266	0.01870	0.02448	0.20172	0.34695	0.25653	0.02225	0.01016	0.00301	0.00441	0.01959	0.00805	0.00709
13	0.05192	0.01814	0.02153	0.14906	0.16476	0.10055	0.01639	0.06900	0.07176	0.02626	0.02399	0.02763	0.07804	0.01233	0.01106	0.09473	0.00913	0.00819	0.03569	0.00986
14	0.02760	0.09968	0.02826	0.02780	0.18315	0.36409	0.01820	0.10621	0.02369	0.02604	0.01431	0.01685	0.01175	0.00831	0.00756	0.00223	0.01235	0.00604	0.00468	0.01119
15	0.01203	0.00825	0.01004	0.01004	0.01037	0.00858	0.00625	0.01271	0.01237	0.01683	0.02528	0.04942	0.02805	0.56106	0.18633	0.00926	0.01129	0.01136	0.00490	0.00558
16	0.01822	0.01840	0.05886	0.03957	0.43639	0.01708	0.05958	0.02302	0.01880	0.02620	0.02549	0.06065	0.06687	0.01107	0.00892	0.00272	0.00934	0.08228	0.00494	0.01160
17	0.01847	0.16381	0.39719	0.02546	0.06552	0.02220	0.14289	0.02606	0.01789	0.02514	0.01468	0.01784	0.01108	0.00755	0.00780	0.00250	0.01186	0.00659	0.00368	0.01181
18	0.01263	0.01022	0.01610	0.01582	0.01809	0.00974	0.08907	0.01581	0.01793	0.02348	0.04452	0.31734	0.09612	0.02193	0.01079	0.00344	0.00709	0.25494	0.00724	0.00771
19	0.01818	0.01751	0.03037	0.35501	0.33492	0.01920	0.05825	0.02351	0.01785	0.02428	0.01528	0.02143	0.01213	0.00781	0.00835	0.00263	0.01068	0.00753	0.00392	0.01117
20	0.02245	0.02523	0.04777	0.02552	0.16642	0.25783	0.01691	0.05066	0.07194	0.02448	0.02137	0.02486	0.05076	0.01936	0.13344	0.00445	0.01355	0.00762	0.00494	0.01044
21	0.02050	0.01991	0.03467	0.04999	0.61798	0.01982	0.06297	0.02557	0.01896	0.02711	0.01570	0.02068	0.01312	0.00738	0.00832	0.00249	0.01013	0.00755	0.00412	0.01304
22	0.03105	0.03893	0.02360	0.02131	0.02569	0.64836	0.01604	0.05733	0.02417	0.02163	0.01313	0.01518	0.01084	0.00862	0.00752	0.00215	0.01474	0.00544	0.00444	0.00981
23	0.01085	0.00870	0.00985	0.01027	0.01279	0.00771	0.00818	0.01352	0.01934	0.02389	0.11874	0.08194	0.45842	0.02119	0.01023	0.00304	0.00504	0.16123	0.00781	0.00723
24	0.01875	0.02867	0.26213	0.03486	0.21971	0.02030	0.19967	0.02576	0.01824	0.02625	0.01542	0.01987	0.01192	0.00791	0.00975	0.00269	0.05453	0.00764	0.00389	0.01203
25	0.02056	0.01974	0.03372	0.05099	0.65622	0.01974	0.02550	0.02550	0.01892	0.02714	0.01563	0.02056	0.01316	0.00740	0.00822	0.00247	0.00987	0.00740	0.00411	0.01316
26	0.01902	0.01817	0.03094	0.25235	0.46690	0.01933	0.02473	0.02415	0.01819	0.02527	0.01535	0.02106	0.01250	0.00769	0.00825	0.00256	0.01025	0.00740	0.00398	0.01192
27	0.00982	0.00842	0.00842	0.00842	0.01122	0.00701	0.00631	0.01192	0.01894	0.02244	0.08416	0.07995	0.65285	0.02104	0.00982	0.00281	0.00421	0.01753	0.00771	0.00701
28	0.01704	0.04034	0.58613	0.02513	0.03691	0.01951	0.10693	0.02635	0.01780	0.02635	0.01515	0.01816	0.01079	0.00778	0.00814	0.00265	0.01250	0.00661	0.00360	0.01214
29	0.05532	0.08111	0.53028	0.02517	0.09587	0.02015	0.02805	0.02604	0.01746	0.02652	0.01460	0.01737	0.01072	0.00779	0.00763	0.00256	0.01153	0.00608	0.00365	0.01210
30	0.03103	0.03959	0.02354	0.02140	0.02568	0.67469	0.01605	0.03317	0.02354	0.02033	0.01284	0.01498	0.01070	0.00856	0.00749	0.00214	0.01498	0.00535	0.00428	0.00963
31	0.02056	0.01974	0.03372	0.05099	0.65622	0.01974	0.02550	0.02550	0.01892	0.02714	0.01563	0.02056	0.01316	0.00740	0.00822	0.00247	0.00987	0.00740	0.00411	0.01316
32	0.01012	0.00723	0.00964	0.01157	0.01205	0.00675	0.00771	0.01157	0.01591	0.02121	0.04579	0.70262	0.05495	0.02603	0.01060	0.00337	0.00482	0.02362	0.00771	0.00675
33	0.01397	0.01044	0.01111	0.01022	0.01360	0.00956	0.00788	0.06802	0.04727	0.06607	0.11068	0.06838	0.49485	0.01875	0.00954	0.00275	0.00489	0.01560	0.00805	0.00838
34	0.01827	0.01424	0.01598	0.01457	0.01829	0.01558	0.01120	0.03356	0.38835	0.06663	0.21373	0.08401	0.04242	0.01384	0.00898	0.00278	0.00572	0.01191	0.00870	0.01124
35	0.01349	0.01062	0.01375	0.01288	0.01316	0.01262	0.00915	0.01447	0.01247	0.01762	0.02182	0.04175	0.02387	0.42401	0.15548	0.00798	0.17348	0.01035	0.00459	0.00644
36	0.01180	0.00852	0.01150	0.01330	0.01467	0.00822	0.01056	0.01452	0.01777	0.02318	0.04738	0.34589	0.09055	0.02410	0.01100	0.00357	0.00625	0.32230	0.00768	0.00723
37	0.01012	0.00723	0.00964	0.01157	0.01205	0.00675	0.00771	0.01157	0.01591	0.02121	0.04579	0.70262	0.05495	0.02603	0.01060	0.00337	0.00482	0.02362	0.00771	0.00675
38	0.01549	0.00774	0.00774	0.00774	0.00968	0.00774	0.00581	0.01936	0.01742	0.03097	0.02710	0.03097	0.02129	0.00968	0.00581	0.00194	0.00387	0.00774	0.75416	0.00774
39	0.01443	0.00722	0.01082	0.01082	0.01082	0.00722	0.00722	0.01082	0.01082	0.01443	0.01443	0.02525	0.01443	0.02886	0.03247	0.75830	0.00722	0.00722	0.00361	0.00361
40	0.01028	0.00811	0.00928	0.00966	0.01168	0.00711	0.00699	0.01257	0.01904	0.02427	0.18673	0.24244	0.37926	0.02156	0.01002	0.00292	0.00431	0.01866	0.00800	0.00711
41	0.40875	0.01499	0.01367	0.01173	0.01643	0.01654	0.00954	0.11801	0.01960	0.08990	0.01842	0.01999	0.01376	0.00876	0.00606	0.00240	0.00628	0.00607	0.18919	0.00991
42	0.01947	0.02032	0.02525	0.02177	0.02220	0.09058	0.01796	0.02131	0.01381	0.02003	0.01110	0.01785	0.01088	0.01394	0.02528	0.00349	0.62483	0.00708	0.00370	0.00914
43	0.01000	0.00769	0.00916	0.01034	0.01173	0.00685	0.00717	0.01171	0.01709	0.02169	0.06074	0.45995	0.28796	0.02408	0.01030	0.00315	0.00458	0.02125	0.00771	0.00685
44	0.01582	0.01453	0.02507	0.02168	0.05125	0.01591	0.16642	0.04745	0.01642	0.02320	0.02028	0.06255	0.01863	0.03557	0.32999	0.00795	0.10398	0.00956	0.00462	0.00911
45	0.01208	0.00805	0.00906	0.00906	0.00906	0.00805	0.00503	0.01208	0.01208	0.01611	0.02618	0.05436	0.03020	0.70804	0.04228	0.00805	0.00805	0.01208	0.00503	0.00503
46	0.01012	0.00723	0.00964	0.01157	0.01205	0.00675	0.00771	0.01157	0.01591	0.02121	0.04579	0.70262	0.05495	0.02603	0.01060	0.00337	0.00482	0.02362	0.00771	0.00675
47	0.03103	0.03959	0.02354	0.02140	0.02568	0.67469	0.01605	0.03317	0.02354	0.02033	0.01284	0.01498	0.01070	0.00856	0.00749	0.00214	0.01498	0.00535	0.00428	0.00963
48	0.06809	0.14890	0.16251	0.02012	0.02661	0.39358	0.01847	0.02987	0.02065	0.02243	0.01300	0.01517	0.01056	0.00813	0.00709	0.00221	0.01293	0.00532	0.00405	0.01033
49	0.01247	0.01039	0.01116	0.01115	0.01388	0.01020	0.00826	0.01950	0.16619	0.02509	0.06345	0.21005	0.36757	0.01985	0.00967	0.00294	0.00491	0.01698	0.00789	0.00841
50	0.01549	0.00774	0.00774	0.00774	0.00968	0.00774	0.00581	0.01936	0.01742	0.03097	0.02710	0.03097	0.02129	0.00968	0.00581	0.00194	0.00387	0.00774	0.75416	0.00774
51	0.03103	0.03959	0.02354	0.02140	0.02568	0.67469	0.01605	0.03317	0.02354	0.02033	0.01284	0.01498	0.01070	0.00856	0.00749	0.00214	0.01498	0.00535	0.00428	0.00963
52	0.03053	0.07763	0.02467	0.02100	0.02544	0.63845	0.01595	0.03270	0.02317	0.02029	0.01277	0.01489	0.01070	0.00848	0.00737	0.00212	0.01464	0.00530	0.00424	0.00969
53	0.02056	0.01974	0.03372	0.05099	0.65622	0.01974	0.02550	0.02550	0.01892	0.02714	0.01563	0.02056	0.01316	0.00740	0.00822	0.00247	0.00987	0.00740	0.00411	0.01316
54	0.01080	0.00754	0.00952	0.01074	0.01113	0.00720	0.00688	0.01189	0.01501	0.02009	0.06369	0.47364	0.04811	0.23982	0.02052	0.00481	0.00580	0.01965	0.00693	0.00625
55	0.01577	0.00918	0.01153	0.01113	0.01372	0.00813	0.00826	0.01825	0.01983	0.15133	0.17705	0.27103	0.21325	0.01972	0.00978	0.00291	0.00492	0.01720	0.00852	0.00851
56	0.01961	0.02241	0.04902	0.03501	0.04342	0.02101	0.62605	0.02661	0.01961	0.02661	0.01681	0.02241	0.01261	0.00700	0.00980	0.00280	0.01401	0.00980	0.00420	0.01120
57	0.17106	0.01459	0.01704	0.01359	0.01922	0.01420	0.01114	0.09338	0.02267	0.40295	0.02678	0.02501	0.01784	0.00969	0.00742	0.00248	0.00675	0.00746	0.10437	0.01235
58	0.01107	0.00791	0.01073	0.01265	0.01355	0.00756	0.00936	0.01320	0.01684	0.02227	0.04526	0.52602	0.05288	0.02513	0.01086	0.00350	0.00564	0.19087	0.00769	0.00701
59	0.01007	0.00843	0.00876	0.00868	0.01137	0.00712	0.00651	0.01240	0.01952	0.02383	0.15685	0.07766	0.57929	0.02052	0.00982	0.00278	0.00417	0.01721	0.00790	0.00712
60	0.01189	0.00879	0.01280	0.01280	0.01410	0.01009	0.00970	0.01448	0.01319	0.01888	0.02275	0.03542	0.02198	0.14499	0.59409	0.01267	0.02043	0.00931	0.00453	0.00711
61	0.03158	0.02327	0.02493	0.01911	0.02576	0.02576	0.01579	0.62852	0.03906	0.05236	0.01995	0.01995	0.01413	0.00997	0.00831	0.00249	0.00914	0.00748	0.00831	0.01413
62	0.01155	0.00833	0.01092	0.01059	0.01236	0.00770	0.00782	0.01515	0.02254	0.03176	0.57424	0.14408	0.07538	0.01814	0.00990	0.00271	0.00403	0.01612	0.00896	0.00770
63	0.01187	0.00890	0.01335	0.01335	0.01483	0.01038	0.01038	0.01483	0.01335	0.01928	0.02225	0.03264	0.02077	0.06231	0.67512	0.01335	0.02225	0.00890	0.00445	0.00742
64	0.01176	0.00849	0.01110	0.01045	0.01241	0.00784	0.00784	0.01568	0.02352	0.03331	0.65184	0.06206	0.07839	0.01698	0.00980	0.00261	0.00392	0.01502	0.00914	0.00784
65	0.03103	0.03959	0.02354	0.02140	0.02568	0.67469	0.01605	0.03317	0.02354	0.02033	0.01284	0.01498	0.01070	0.00856	0.00749	0.00214	0.01498	0.00535	0.00428	0.00963
66	0.01187	0.00890	0.01335	0.01335	0.01483	0.01038	0.01038	0.01483	0.01335	0.01928	0.02225	0.03264	0.02077	0.06231	0.67512	0.01335	0.02225	0.00890	0.00445	0.00742
67	0.01989	0.01990	0.03661	0.04533	0.47464	0.01953	0.17696	0.02521	0.01897	0.02676	0.01716	0.04886	0.01472	0.00806	0.00872	0.00259	0.01071	0.00867	0.00428	0.01240
68	0.05526	0.02383	0.02737	0.07232	0.25427	0.12805	0.01951	0.25351	0.02692	0.03556	0.01659	0.01925	0.01283	0.00863	0.00802	0.00245	0.01036	0.00698	0.00573	0.01254
69	0.40930	0.01950	0.09751	0.01401	0.01956	0.01849	0.01258	0.06484	0.13382	0.03423	0.01816	0.02178	0.01470	0.07836	0.01002	0.00317	0.00754	0.00657	0.00574	0.01012

[dist]
# distance from previous block
# <min> <max>
0	7

[block]
# block no. 4 follows, 22 sequences, length 24
# corresponding to MSA columns:
# 323-346
name=unknown_E
#
# <colnr> <probs for GDERKNQSTAVLIFYWHMCP>
#	G	D	E	R	K	N	Q	S	T	A	V	L	I	F	Y	W	H	M	C	P
0	0.02832	0.02841	0.02595	0.07171	0.13982	0.27669	0.01812	0.24802	0.02790	0.03328	0.01606	0.01827	0.01241	0.00885	0.00798	0.00237	0.01168	0.00663	0.00568	0.01187
1	0.01938	0.01656	0.02680	0.03816	0.45167	0.01617	0.02001	0.02373	0.01988	0.07334	0.10846	0.03338	0.09555	0.01043	0.00862	0.00253	0.00824	0.00963	0.00563	0.01183
2	0.01011	0.00729	0.00957	0.01140	0.01201	0.00676	0.00764	0.01159	0.01607	0.02127	0.04782	0.66971	0.08655	0.02576	0.01056	0.00334	0.00479	0.02330	0.00771	0.00676
3	0.01187	0.00890	0.01335	0.01335	0.01483	0.01038	0.01038	0.01483	0.01335	0.01928	0.02225	0.03264	0.02077	0.06231	0.67512	0.01335	0.02225	0.00890	0.00445	0.00742
4	0.02241	0.02109	0.03113	0.09477	0.47942	0.06113	0.02333	0.11220	0.02191	0.02987	0.01601	0.02025	0.01298	0.00791	0.00820	0.00247	0.01018	0.00728	0.00469	0.01277
5	0.02221	0.71304	0.04353	0.01421	0.02132	0.03287	0.01421	0.02488	0.01688	0.01955	0.01155	0.01333	0.01066	0.00711	0.00533	0.00178	0.00888	0.00444	0.00355	0.01066
6	0.01723	0.01477	0.01723	0.01230	0.01969	0.01107	0.00984	0.02092	0.01723	0.02707	0.01477	0.01723	0.01230	0.00615	0.00615	0.00123	0.00615	0.00492	0.00492	0.75883
7	0.01016	0.00843	0.00889	0.00877	0.01143	0.00716	0.00658	0.01258	0.01974	0.02435	0.18371	0.07681	0.55211	0.02033	0.00981	0.00277	0.00416	0.01709	0.00797	0.00716
8	0.01187	0.00890	0.01335	0.01335	0.01483	0.01038	0.01038	0.01483	0.01335	0.01928	0.02225	0.03264	0.02077	0.06231	0.67512	0.01335	0.02225	0.00890	0.00445	0.00742
9	0.01010	0.00731	0.00955	0.01134	0.01199	0.00677	0.00761	0.01159	0.01612	0.02129	0.04850	0.65854	0.09728	0.02567	0.01055	0.00333	0.00478	0.02319	0.00771	0.00677
10	0.01208	0.00805	0.00906	0.00906	0.00906	0.00805	0.00503	0.01208	0.01208	0.01611	0.02618	0.05436	0.03020	0.70804	0.04228	0.00805	0.00805	0.01208	0.00503	0.00503
11	0.01097	0.00784	0.01062	0.01254	0.01340	0.00748	0.00919	0.01304	0.01674	0.02216	0.04532	0.54385	0.05308	0.02522	0.01083	0.00349	0.00556	0.17399	0.00770	0.00698
12	0.01205	0.00817	0.00964	0.00964	0.00984	0.00837	0.00575	0.01245	0.01225	0.01653	0.02565	0.05144	0.02893	0.62127	0.12732	0.00877	0.00996	0.01165	0.00496	0.00535
13	0.01021	0.00843	0.00896	0.00883	0.01146	0.00718	0.00662	0.01269	0.01987	0.02465	0.19952	0.07631	0.53611	0.02022	0.00981	0.00277	0.00415	0.01702	0.00801	0.00718
14	0.02056	0.01974	0.03372	0.05099	0.65622	0.01974	0.02550	0.02550	0.01892	0.02714	0.01563	0.02056	0.01316	0.00740	0.00822	0.00247	0.00987	0.00740	0.00411	0.01316
15	0.03116	0.03584	0.02386	0.02088	0.02570	0.52533	0.01599	0.17020	0.02711	0.02770	0.01448	0.01612	0.01149	0.00889	0.00768	0.00222	0.01364	0.00584	0.00521	0.01067
16	0.02397	0.02276	0.02029	0.01785	0.02229	0.18091	0.01393	0.15999	0.25018	0.03218	0.02366	0.02500	0.01856	0.01939	0.12654	0.00445	0.01197	0.00791	0.00669	0.01147
17	0.01208	0.00805	0.00906	0.00906	0.00906	0.00805	0.00503	0.01208	0.01208	0.01611	0.02618	0.05436	0.03020	0.70804	0.04228	0.00805	0.00805	0.01208	0.00503	0.00503
18	0.01820	0.09958	0.35775	0.08082	0.09108	0.06491	0.06745	0.02510	0.01796	0.02454	0.01686	0.06752	0.01420	0.00910	0.00801	0.00258	0.01139	0.00766	0.00399	0.01129
19	0.01023	0.00727	0.00961	0.01143	0.01189	0.00682	0.00757	0.01160	0.01570	0.02093	0.04472	0.66726	0.05360	0.06323	0.01233	0.00363	0.00500	0.02299	0.00757	0.00665
20	0.01593	0.01274	0.01308	0.01203	0.01524	0.05738	0.00919	0.02256	0.13173	0.07464	0.26987	0.05651	0.24439	0.01619	0.00930	0.00267	0.00549	0.01366	0.00830	0.00910
21	0.01475	0.01128	0.01277	0.01241	0.01513	0.01123	0.00939	0.13005	0.04861	0.02835	0.05332	0.29080	0.24887	0.02045	0.00987	0.00302	0.00570	0.05758	0.00785	0.00857
22	0.02221	0.71304	0.04353	0.01421	0.02132	0.03287	0.01421	0.02488	0.01688	0.01955	0.01155	0.01333	0.01066	0.00711	0.00533	0.00178	0.00888	0.00444	0.00355	0.01066
23	0.19638	0.05766	0.06666	0.13654	0.02959	0.15586	0.01652	0.18931	0.02362	0.03343	0.01489	0.01735	0.01129	0.00859	0.00724	0.00246	0.01026	0.00610	0.00538	0.01086

[dist]
# distance from previous block
# <min> <max>
0	2

[block]
# block no. 5 follows, 22 sequences, length 64
# corresponding to MSA columns:
# 349-412
name=unknown_F
#
# <colnr> <probs for GDERKNQSTAVLIFYWHMCP>
#	G	D	E	R	K	N	Q	S	T	A	V	L	I	F	Y	W	H	M	C	P
0	0.02060	0.01909	0.02858	0.03927	0.43798	0.02006	0.02125	0.03191	0.23292	0.02976	0.02188	0.02415	0.01735	0.00873	0.00830	0.00259	0.00874	0.00809	0.00561	0.01316
1	0.02529	0.01729	0.02001	0.01643	0.02120	0.01891	0.01322	0.33440	0.06091	0.10813	0.02306	0.02672	0.01809	0.06175	0.18921	0.00573	0.01224	0.00831	0.00732	0.01179
2	0.01443	0.00722	0.01082	0.01082	0.01082	0.00722	0.00722	0.01082	0.01082	0.01443	0.01443	0.02525	0.01443	0.02886	0.03247	0.75830	0.00722	0.00722	0.00361	0.00361
3	0.01076	0.00845	0.00972	0.00940	0.01180	0.00741	0.00705	0.01374	0.02115	0.02771	0.35900	0.07129	0.37472	0.01908	0.00981	0.00271	0.00407	0.01632	0.00841	0.00741
4	0.02595	0.01733	0.01931	0.01541	0.02074	0.01804	0.01251	0.35054	0.03112	0.13577	0.11091	0.03754	0.14223	0.01294	0.00878	0.00258	0.00727	0.01041	0.00860	0.01203
5	0.56286	0.01753	0.01512	0.01297	0.01834	0.02011	0.01062	0.13450	0.07931	0.03973	0.01522	0.01634	0.01150	0.00846	0.00603	0.00258	0.00693	0.00551	0.00603	0.01032
6	0.02245	0.53042	0.13431	0.01651	0.02405	0.10909	0.01691	0.02610	0.01779	0.02066	0.01221	0.01416	0.01065	0.00740	0.00598	0.00195	0.01014	0.00481	0.00364	0.01078
7	0.02308	0.02355	0.03498	0.03711	0.29228	0.10956	0.18626	0.10710	0.02215	0.02913	0.01594	0.02013	0.01271	0.00810	0.00940	0.00257	0.04135	0.00778	0.00470	0.01210
8	0.01221	0.01100	0.01327	0.01229	0.01425	0.01207	0.00971	0.01437	0.01722	0.02214	0.08805	0.06038	0.42386	0.02136	0.05012	0.00358	0.18571	0.01426	0.00654	0.00762
9	0.01038	0.00795	0.00952	0.01016	0.01183	0.00709	0.00723	0.01262	0.01872	0.02437	0.19546	0.33072	0.27969	0.02217	0.01014	0.00299	0.00439	0.01946	0.00803	0.00709
10	0.02592	0.02066	0.02501	0.02553	0.16440	0.02255	0.01726	0.34014	0.16211	0.04166	0.02312	0.02604	0.01795	0.01031	0.00848	0.00262	0.00868	0.03680	0.00738	0.01339
11	0.02158	0.01953	0.03094	0.14475	0.46195	0.02051	0.02356	0.12173	0.02179	0.03027	0.01619	0.02071	0.01299	0.00796	0.00825	0.00252	0.00994	0.00741	0.00472	0.01270
12	0.02420	0.02865	0.01991	0.01853	0.02181	0.43783	0.01403	0.02663	0.01991	0.01996	0.01620	0.02128	0.01429	0.02772	0.24554	0.00614	0.01757	0.00662	0.00434	0.00884
13	0.01192	0.00960	0.01131	0.01067	0.01270	0.00925	0.00779	0.01399	0.01749	0.02320	0.15749	0.12166	0.27170	0.14739	0.01719	0.00376	0.06517	0.01477	0.00689	0.06607
14	0.01768	0.01680	0.02851	0.42799	0.30176	0.01898	0.02406	0.02297	0.01755	0.02364	0.01512	0.02150	0.01193	0.00794	0.00827	0.00265	0.01058	0.00739	0.00386	0.01083
15	0.76672	0.01607	0.01221	0.01092	0.01607	0.01864	0.00900	0.02442	0.01414	0.03727	0.01157	0.01350	0.00900	0.00771	0.00514	0.00257	0.00643	0.00450	0.00514	0.00900
16	0.03227	0.02216	0.02424	0.01859	0.02521	0.02411	0.01535	0.55682	0.03720	0.12669	0.02151	0.02096	0.01491	0.01001	0.00832	0.00250	0.00889	0.00759	0.00855	0.01413
17	0.01068	0.00841	0.00967	0.00975	0.01168	0.00793	0.00705	0.01258	0.01638	0.02058	0.05875	0.08974	0.37986	0.15056	0.16321	0.00609	0.00891	0.01491	0.00652	0.00675
18	0.00990	0.00810	0.00874	0.00924	0.01144	0.00694	0.00668	0.01183	0.01814	0.02212	0.07410	0.24320	0.49609	0.02235	0.01002	0.00295	0.00437	0.01913	0.00771	0.00694
19	0.01208	0.00805	0.00906	0.00906	0.00906	0.00805	0.00503	0.01208	0.01208	0.01611	0.02618	0.05436	0.03020	0.70804	0.04228	0.00805	0.00805	0.01208	0.00503	0.00503
20	0.01569	0.01477	0.02492	0.68808	0.05722	0.01846	0.02307	0.02123	0.01661	0.02123	0.01477	0.02215	0.01107	0.00831	0.00831	0.00277	0.01107	0.00738	0.00369	0.00923
21	0.01023	0.00759	0.00941	0.01070	0.01173	0.00692	0.00727	0.01185	0.01670	0.02175	0.08012	0.50521	0.18397	0.06049	0.01207	0.00346	0.00482	0.02131	0.00764	0.00676
22	0.01051	0.00806	0.00963	0.01004	0.01185	0.00718	0.00723	0.01297	0.01939	0.02541	0.24758	0.27111	0.28634	0.02136	0.01006	0.00293	0.00431	0.01868	0.00816	0.00718
23	0.01569	0.01477	0.02492	0.68808	0.05722	0.01846	0.02307	0.02123	0.01661	0.02123	0.01477	0.02215	0.01107	0.00831	0.00831	0.00277	0.01107	0.00738	0.00369	0.00923
24	0.02475	0.01343	0.01503	0.01243	0.01666	0.01369	0.00998	0.19167	0.02479	0.17692	0.02639	0.02734	0.01916	0.00989	0.00706	0.00223	0.00603	0.00781	0.38381	0.01092
25	0.01016	0.00843	0.00889	0.00878	0.01143	0.00716	0.00658	0.01259	0.01975	0.02436	0.18454	0.07679	0.55127	0.02032	0.00981	0.00277	0.00416	0.01709	0.00797	0.00716
26	0.02185	0.02468	0.03473	0.03015	0.10799	0.16723	0.24282	0.02603	0.01842	0.02338	0.01409	0.01932	0.01176	0.00956	0.01411	0.00285	0.20870	0.00779	0.00405	0.01049
27	0.01628	0.01537	0.02599	0.61040	0.13025	0.01861	0.02337	0.02175	0.01689	0.02195	0.01487	0.02195	0.01133	0.00820	0.00830	0.00273	0.01093	0.00739	0.00374	0.00971
28	0.01800	0.01713	0.02910	0.38538	0.34182	0.01907	0.02422	0.02325	0.01771	0.02404	0.01517	0.02139	0.01206	0.00788	0.00827	0.00263	0.01050	0.00739	0.00389	0.01110
29	0.01790	0.01702	0.02891	0.39897	0.32904	0.01904	0.02417	0.02316	0.01766	0.02391	0.01516	0.02143	0.01202	0.00790	0.00827	0.00263	0.01053	0.00739	0.00388	0.01101
30	0.65481	0.01577	0.01329	0.01152	0.01685	0.01765	0.00949	0.02688	0.01562	0.13312	0.01482	0.01576	0.01077	0.00811	0.00563	0.00257	0.00652	0.00509	0.00593	0.00979
31	0.03103	0.03959	0.02354	0.02140	0.02568	0.67469	0.01605	0.03317	0.02354	0.02033	0.01284	0.01498	0.01070	0.00856	0.00749	0.00214	0.01498	0.00535	0.00428	0.00963
32	0.03103	0.03959	0.02354	0.02140	0.02568	0.67469	0.01605	0.03317	0.02354	0.02033	0.01284	0.01498	0.01070	0.00856	0.00749	0.00214	0.01498	0.00535	0.00428	0.00963
33	0.01109	0.00847	0.01018	0.00975	0.01200	0.00755	0.00731	0.01438	0.02194	0.02957	0.45644	0.06821	0.27612	0.01838	0.00981	0.00268	0.00402	0.01589	0.00865	0.00755
34	0.01021	0.00768	0.00950	0.01090	0.01210	0.00697	0.00763	0.01197	0.01691	0.02174	0.05626	0.49846	0.21920	0.02449	0.01043	0.00324	0.00480	0.05291	0.00771	0.00687
35	0.01014	0.00796	0.00921	0.01015	0.01190	0.00704	0.00730	0.01205	0.01763	0.02204	0.06534	0.35085	0.36083	0.02331	0.01025	0.00311	0.00466	0.05158	0.00771	0.00693
36	0.03035	0.03846	0.02364	0.02142	0.02548	0.64029	0.01616	0.03247	0.02297	0.02031	0.01274	0.01515	0.01071	0.00888	0.00854	0.00222	0.05089	0.00545	0.00425	0.00960
37	0.01012	0.00723	0.00964	0.01157	0.01205	0.00675	0.00771	0.01157	0.01591	0.02121	0.04579	0.70262	0.05495	0.02603	0.01060	0.00337	0.00482	0.02362	0.00771	0.00675
38	0.00990	0.00809	0.00875	0.00928	0.01145	0.00694	0.00670	0.01182	0.01810	0.02210	0.07362	0.25098	0.48862	0.02241	0.01003	0.00296	0.00438	0.01920	0.00771	0.00694
39	0.01208	0.00805	0.00906	0.00906	0.00906	0.00805	0.00503	0.01208	0.01208	0.01611	0.02618	0.05436	0.03020	0.70804	0.04228	0.00805	0.00805	0.01208	0.00503	0.00503
40	0.01042	0.00844	0.00925	0.00904	0.01159	0.00727	0.00678	0.01308	0.02035	0.02580	0.25941	0.07443	0.47551	0.01979	0.00981	0.00275	0.00412	0.01676	0.00816	0.00727
41	0.02408	0.01525	0.01629	0.01337	0.01772	0.01630	0.01076	0.30160	0.02775	0.07473	0.02410	0.02574	0.01795	0.00985	0.00710	0.00223	0.00648	0.00765	0.37003	0.01103
42	0.01012	0.00723	0.00964	0.01157	0.01205	0.00675	0.00771	0.01157	0.01591	0.02121	0.04579	0.70262	0.05495	0.02603	0.01060	0.00337	0.00482	0.02362	0.00771	0.00675
43	0.01549	0.00774	0.00774	0.00774	0.00968	0.00774	0.00581	0.01936	0.01742	0.03097	0.02710	0.03097	0.02129	0.00968	0.00581	0.00194	0.00387	0.00774	0.75416	0.00774
44	0.01569	0.01477	0.02492	0.68808	0.05722	0.01846	0.02307	0.02123	0.01661	0.02123	0.01477	0.02215	0.01107	0.00831	0.00831	0.00277	0.01107	0.00738	0.00369	0.00923
45	0.01480	0.00893	0.01077	0.01050	0.01247	0.00963	0.00809	0.04592	0.01681	0.02733	0.02484	0.03112	0.02075	0.03058	0.27156	0.00649	0.01141	0.00819	0.42190	0.00791
46	0.01012	0.00723	0.00964	0.01157	0.01205	0.00675	0.00771	0.01157	0.01591	0.02121	0.04579	0.70262	0.05495	0.02603	0.01060	0.00337	0.00482	0.02362	0.00771	0.00675
47	0.03015	0.03668	0.02270	0.02045	0.02474	0.59450	0.01543	0.06974	0.02415	0.02297	0.01413	0.01624	0.01154	0.00872	0.00744	0.00215	0.01396	0.00563	0.04887	0.00980
48	0.00982	0.00842	0.00842	0.00842	0.01122	0.00701	0.00631	0.01192	0.01894	0.02244	0.08416	0.07995	0.65285	0.02104	0.00982	0.00281	0.00421	0.01753	0.00771	0.00701
49	0.01723	0.01477	0.01723	0.01230	0.01969	0.01107	0.00984	0.02092	0.01723	0.02707	0.01477	0.01723	0.01230	0.00615	0.00615	0.00123	0.00615	0.00492	0.00492	0.75883
50	0.03158	0.02327	0.02493	0.01911	0.02576	0.02576	0.01579	0.62852	0.03906	0.05236	0.01995	0.01995	0.01413	0.00997	0.00831	0.00249	0.00914	0.00748	0.00831	0.01413
51	0.01569	0.01477	0.02492	0.68808	0.05722	0.01846	0.02307	0.02123	0.01661	0.02123	0.01477	0.02215	0.01107	0.00831	0.00831	0.00277	0.01107	0.00738	0.00369	0.00923
52	0.00983	0.00835	0.00848	0.00858	0.01126	0.00700	0.00639	0.01190	0.01878	0.02238	0.08214	0.11277	0.62134	0.02130	0.00986	0.00284	0.00424	0.01785	0.00771	0.00700
53	0.01549	0.00774	0.00774	0.00774	0.00968	0.00774	0.00581	0.01936	0.01742	0.03097	0.02710	0.03097	0.02129	0.00968	0.00581	0.00194	0.00387	0.00774	0.75416	0.00774
54	0.01112	0.00842	0.01032	0.01145	0.01319	0.00778	0.00882	0.01347	0.01779	0.02251	0.05803	0.25570	0.26709	0.05941	0.01227	0.00356	0.00564	0.19884	0.00755	0.00703
55	0.02270	0.01886	0.01993	0.01732	0.02238	0.02162	0.01364	0.15330	0.52874	0.03804	0.03122	0.02893	0.02326	0.01103	0.00843	0.00276	0.00705	0.00904	0.00843	0.01333
56	0.01023	0.00727	0.00961	0.01143	0.01189	0.00682	0.00757	0.01160	0.01570	0.02093	0.04473	0.66768	0.05361	0.06279	0.01231	0.00363	0.00499	0.02299	0.00757	0.00666
57	0.01723	0.01477	0.01723	0.01230	0.01969	0.01107	0.00984	0.02092	0.01723	0.02707	0.01477	0.01723	0.01230	0.00615	0.00615	0.00123	0.00615	0.00492	0.00492	0.75883
58	0.05569	0.08978	0.02132	0.01705	0.02106	0.22591	0.01374	0.13299	0.02260	0.02726	0.02162	0.03462	0.02045	0.05544	0.09134	0.00419	0.01211	0.11753	0.00566	0.00963
59	0.01050	0.00750	0.00969	0.01129	0.01189	0.00705	0.00759	0.01192	0.01574	0.02082	0.04519	0.56395	0.08087	0.10879	0.01447	0.00394	0.00532	0.04950	0.00738	0.00659
60	0.02265	0.02390	0.03103	0.07551	0.48703	0.16506	0.02328	0.02699	0.01983	0.02534	0.01497	0.01940	0.01251	0.00770	0.00807	0.00241	0.01106	0.00695	0.00413	0.01218
61	0.02630	0.15760	0.02596	0.01835	0.02361	0.31126	0.01469	0.08489	0.16986	0.02669	0.01828	0.01901	0.01454	0.00894	0.00732	0.00222	0.01091	0.00630	0.00551	0.04774
