[name]
unknown

[dist]
# distance from previous block
# <min> <max>
0	3

[block]
# block no. 0 follows, 20 sequences, length 29
# corresponding to MSA columns:
# 3-31
name=unknown_A
#
# <colnr> <probs for GDERKNQSTAVLIFYWHMCP>
#	G	D	E	R	K	N	Q	S	T	A	V	L	I	F	Y	W	H	M	C	P
0	0.02009	0.06595	0.34234	0.02348	0.06794	0.14218	0.02403	0.02691	0.02054	0.02687	0.08845	0.02916	0.02234	0.01062	0.00861	0.00270	0.01175	0.04971	0.00488	0.01144
1	0.01706	0.14670	0.02062	0.01444	0.01753	0.10234	0.01156	0.02004	0.01892	0.02402	0.16132	0.10994	0.03617	0.03138	0.22260	0.00631	0.01314	0.01117	0.00598	0.00878
2	0.01775	0.01968	0.09724	0.09452	0.21628	0.01885	0.02108	0.02239	0.01673	0.02436	0.01696	0.02385	0.01475	0.02333	0.17087	0.00560	0.13898	0.00786	0.00423	0.04470
3	0.02168	0.02866	0.16145	0.17932	0.21778	0.14368	0.02455	0.02885	0.06180	0.02607	0.01680	0.02091	0.01312	0.00861	0.00845	0.00266	0.01199	0.00721	0.00443	0.01197
4	0.11169	0.03351	0.14317	0.02048	0.02710	0.28821	0.01835	0.08709	0.09965	0.06326	0.01835	0.01943	0.01383	0.00934	0.00792	0.00255	0.01202	0.00659	0.00572	0.01173
5	0.02245	0.36509	0.26728	0.01950	0.02874	0.07478	0.02161	0.06351	0.01994	0.02536	0.01409	0.01620	0.01137	0.00807	0.00696	0.00227	0.01114	0.00560	0.00408	0.01197
6	0.01429	0.00792	0.01138	0.01138	0.01190	0.00793	0.00785	0.01198	0.01265	0.01670	0.02450	0.03400	0.08717	0.03339	0.10310	0.57676	0.00903	0.00902	0.00438	0.00466
7	0.02047	0.18837	0.24566	0.03125	0.23036	0.04651	0.02458	0.02656	0.01871	0.02559	0.01544	0.01924	0.01262	0.01125	0.04535	0.00313	0.01193	0.00660	0.00399	0.01240
8	0.02053	0.42212	0.25440	0.01834	0.02729	0.02789	0.02070	0.02591	0.01771	0.02299	0.01414	0.01695	0.01188	0.01177	0.05186	0.00302	0.01155	0.00561	0.00378	0.01155
9	0.01683	0.01587	0.02680	0.62955	0.10024	0.01947	0.02440	0.02260	0.01761	0.02272	0.01557	0.02314	0.01178	0.00866	0.00872	0.00289	0.01154	0.00775	0.00391	0.00998
10	0.01999	0.02770	0.16685	0.03446	0.04407	0.02171	0.49616	0.02788	0.02017	0.02788	0.01726	0.02254	0.01281	0.00753	0.00991	0.00291	0.01436	0.00955	0.00427	0.01198
11	0.02201	0.11378	0.02859	0.05627	0.26804	0.14315	0.01870	0.02580	0.01942	0.02494	0.01755	0.02332	0.01525	0.04454	0.06654	0.00365	0.01173	0.00733	0.07829	0.01110
12	0.01707	0.01632	0.02629	0.52511	0.05164	0.02104	0.02306	0.02199	0.01652	0.02199	0.01458	0.02231	0.01159	0.01021	0.01324	0.00311	0.16269	0.00773	0.00386	0.00966
13	0.01063	0.00759	0.01012	0.01215	0.01265	0.00709	0.00810	0.01215	0.01670	0.02227	0.04808	0.68775	0.05769	0.02733	0.01113	0.00354	0.00506	0.02480	0.00810	0.00709
14	0.01650	0.03812	0.52517	0.02218	0.03297	0.01793	0.02759	0.02547	0.01963	0.02905	0.13529	0.02745	0.02483	0.01013	0.00867	0.00276	0.01119	0.00825	0.00483	0.01199
15	0.07832	0.15909	0.03005	0.06005	0.12848	0.24429	0.01796	0.12994	0.02430	0.02947	0.01501	0.01756	0.01217	0.00867	0.00758	0.00236	0.01170	0.00623	0.00508	0.01168
16	0.01044	0.00884	0.00902	0.00898	0.01186	0.00742	0.00673	0.01278	0.02020	0.02431	0.12396	0.08272	0.59943	0.02181	0.01031	0.00293	0.00440	0.01824	0.00820	0.00742
17	0.01031	0.00884	0.00884	0.00884	0.01178	0.00736	0.00663	0.01252	0.01988	0.02356	0.08837	0.08395	0.63549	0.02209	0.01031	0.00295	0.00442	0.01841	0.00810	0.00736
18	0.02130	0.02043	0.03488	0.08884	0.60601	0.02065	0.02663	0.02651	0.01972	0.02814	0.01636	0.02168	0.01369	0.00783	0.00864	0.00261	0.01043	0.00777	0.00429	0.01358
19	0.02100	0.02013	0.03434	0.12464	0.57253	0.02057	0.02648	0.02626	0.01958	0.02778	0.01630	0.02178	0.01357	0.00788	0.00865	0.00263	0.01051	0.00777	0.00427	0.01334
20	0.01864	0.04302	0.55982	0.02577	0.03782	0.05729	0.08183	0.02807	0.01897	0.02729	0.01570	0.01871	0.01125	0.00825	0.00844	0.00275	0.01321	0.00674	0.00379	0.01263
21	0.01263	0.00868	0.01066	0.01066	0.01106	0.00908	0.00672	0.01342	0.01303	0.01777	0.02643	0.05126	0.02918	0.53310	0.20129	0.00988	0.01226	0.01183	0.00513	0.00592
22	0.01249	0.00923	0.01341	0.01341	0.01475	0.01057	0.01014	0.01518	0.01384	0.01980	0.02392	0.03737	0.02315	0.15069	0.57545	0.01326	0.02134	0.00980	0.00476	0.00745
23	0.02186	0.01912	0.01758	0.01584	0.01883	0.15984	0.01185	0.11419	0.02098	0.06076	0.02240	0.03342	0.02078	0.19827	0.21789	0.00752	0.01482	0.00907	0.00577	0.00920
24	0.02575	0.02773	0.02736	0.03306	0.25687	0.26760	0.02010	0.06797	0.05571	0.02760	0.02002	0.02869	0.01775	0.01051	0.00875	0.00264	0.01194	0.07282	0.00535	0.01178
25	0.10621	0.02966	0.20549	0.02931	0.14870	0.08577	0.08604	0.07012	0.02018	0.02970	0.01525	0.01909	0.01198	0.00918	0.01080	0.00281	0.09606	0.00709	0.00455	0.01199
26	0.06190	0.33625	0.03377	0.01837	0.02443	0.30017	0.01562	0.07291	0.02230	0.02428	0.01336	0.01526	0.01140	0.00837	0.00679	0.00212	0.01197	0.00531	0.00450	0.01092
27	0.01778	0.20628	0.14585	0.01780	0.05695	0.05571	0.01615	0.02235	0.02044	0.02687	0.19929	0.08387	0.07129	0.01302	0.00845	0.00254	0.00835	0.01072	0.00606	0.01023
28	0.01382	0.01735	0.13698	0.01895	0.10240	0.01187	0.01491	0.01840	0.02055	0.02797	0.20819	0.12518	0.21571	0.01691	0.00978	0.00287	0.00685	0.01465	0.00714	0.00951

[dist]
# distance from previous block
# <min> <max>
5	6

[block]
# block no. 1 follows, 20 sequences, length 14
# corresponding to MSA columns:
# 38-51
name=unknown_B
#
# <colnr> <probs for GDERKNQSTAVLIFYWHMCP>
#	G	D	E	R	K	N	Q	S	T	A	V	L	I	F	Y	W	H	M	C	P
0	0.01768	0.01832	0.01581	0.01630	0.06100	0.15313	0.01136	0.02344	0.11062	0.02535	0.05902	0.05696	0.36431	0.01668	0.00944	0.00277	0.00769	0.01358	0.00716	0.00938
1	0.09076	0.01682	0.02233	0.06293	0.20645	0.01812	0.01662	0.03058	0.21849	0.03323	0.15766	0.03411	0.03249	0.01140	0.00877	0.00277	0.00758	0.00991	0.00705	0.01193
2	0.75506	0.01687	0.01282	0.01147	0.01687	0.01957	0.00945	0.02564	0.01484	0.03914	0.01215	0.01417	0.00945	0.00810	0.00540	0.00270	0.00675	0.00472	0.00540	0.00945
3	0.75506	0.01687	0.01282	0.01147	0.01687	0.01957	0.00945	0.02564	0.01484	0.03914	0.01215	0.01417	0.00945	0.00810	0.00540	0.00270	0.00675	0.00472	0.00540	0.00945
4	0.01198	0.00859	0.00994	0.00990	0.01105	0.00809	0.00647	0.01355	0.01738	0.02308	0.19120	0.10436	0.16985	0.34668	0.02687	0.00560	0.00634	0.01539	0.00711	0.00655
5	0.01031	0.00884	0.00884	0.00884	0.01178	0.00736	0.00663	0.01252	0.01988	0.02356	0.08837	0.08395	0.63549	0.02209	0.01031	0.00295	0.00442	0.01841	0.00810	0.00736
6	0.18114	0.02000	0.02132	0.01682	0.02310	0.02153	0.01383	0.34184	0.03148	0.16239	0.06343	0.02422	0.01960	0.01055	0.00816	0.00266	0.00823	0.00792	0.00850	0.01328
7	0.02113	0.02155	0.03048	0.28330	0.33811	0.10576	0.02448	0.02616	0.01960	0.02519	0.01567	0.02143	0.01264	0.00829	0.00856	0.00266	0.01156	0.00748	0.00417	0.01176
8	0.02788	0.09871	0.02926	0.02841	0.15666	0.39340	0.01902	0.03077	0.02177	0.02275	0.01376	0.01717	0.01181	0.00926	0.01005	0.00245	0.08540	0.00620	0.00431	0.01095
9	0.02248	0.02322	0.03046	0.08438	0.41661	0.14227	0.02317	0.02696	0.02033	0.02614	0.01772	0.02526	0.01551	0.01206	0.04414	0.00324	0.01207	0.03726	0.00454	0.01220
10	0.01357	0.00887	0.01169	0.01169	0.01316	0.00976	0.00872	0.01650	0.01503	0.02323	0.02541	0.03711	0.02341	0.14174	0.38431	0.00981	0.01572	0.00949	0.21324	0.00752
11	0.24380	0.02522	0.05997	0.02565	0.13538	0.13440	0.07511	0.10152	0.06288	0.03413	0.01656	0.01901	0.01284	0.00868	0.00770	0.00263	0.01047	0.00681	0.00550	0.01173
12	0.01457	0.01084	0.01386	0.01351	0.01583	0.01089	0.01008	0.07057	0.01824	0.02524	0.03268	0.26159	0.03537	0.09914	0.19313	0.00661	0.01126	0.05463	0.00658	0.09538
13	0.02290	0.13347	0.22805	0.02585	0.10348	0.16559	0.06106	0.05850	0.02167	0.02723	0.05881	0.02130	0.01682	0.00899	0.00813	0.00250	0.01203	0.00714	0.00468	0.01182

[dist]
# distance from previous block
# <min> <max>
0	3

[block]
# block no. 2 follows, 20 sequences, length 63
# corresponding to MSA columns:
# 55-117
name=unknown_C
#
# <colnr> <probs for GDERKNQSTAVLIFYWHMCP>
#	G	D	E	R	K	N	Q	S	T	A	V	L	I	F	Y	W	H	M	C	P
0	0.02373	0.15041	0.16466	0.03302	0.25234	0.17985	0.02340	0.02882	0.02037	0.02515	0.01477	0.01814	0.01213	0.00813	0.00784	0.00242	0.01204	0.00641	0.00412	0.01225
1	0.01626	0.00813	0.00813	0.00813	0.01016	0.00813	0.00610	0.02033	0.01829	0.03252	0.02846	0.03252	0.02236	0.01016	0.00610	0.00203	0.00407	0.00813	0.74187	0.00813
2	0.01935	0.01393	0.01581	0.01426	0.01695	0.04842	0.01075	0.12648	0.02015	0.06761	0.02440	0.03604	0.02241	0.20020	0.27615	0.00855	0.01469	0.00959	0.04518	0.00907
3	0.02525	0.02663	0.03197	0.04317	0.43731	0.19532	0.02349	0.06184	0.02238	0.02804	0.01586	0.01995	0.01317	0.00826	0.00843	0.00250	0.01179	0.00719	0.00461	0.01286
4	0.14635	0.00967	0.00896	0.00872	0.01134	0.01014	0.00669	0.02126	0.01769	0.03369	0.02558	0.02929	0.02008	0.00980	0.00597	0.00215	0.00454	0.00753	0.61219	0.00836
5	0.01890	0.20323	0.50249	0.02246	0.03404	0.02371	0.02804	0.02726	0.01825	0.02591	0.01480	0.01735	0.01108	0.00809	0.00764	0.00255	0.01203	0.00601	0.00369	0.01248
6	0.01796	0.05266	0.01990	0.01711	0.01907	0.12929	0.01350	0.02045	0.01587	0.02039	0.01883	0.02828	0.01789	0.08335	0.33834	0.00882	0.15695	0.00831	0.00445	0.00858
7	0.01190	0.00952	0.01072	0.01031	0.01302	0.00867	0.00776	0.01637	0.06159	0.02913	0.31037	0.07280	0.36699	0.01966	0.01021	0.00286	0.00446	0.01676	0.00877	0.00815
8	0.01061	0.00885	0.00926	0.00915	0.01197	0.00749	0.00687	0.01310	0.02060	0.02526	0.16952	0.08115	0.55328	0.02146	0.01031	0.00292	0.00437	0.01802	0.00832	0.00749
9	0.01063	0.00759	0.01012	0.01215	0.01265	0.00709	0.00810	0.01215	0.01670	0.02227	0.04808	0.68775	0.05769	0.02733	0.01113	0.00354	0.00506	0.02480	0.00810	0.00709
10	0.01146	0.00888	0.01043	0.01005	0.01249	0.00785	0.00753	0.01475	0.02260	0.03002	0.39717	0.07332	0.32266	0.01968	0.01030	0.00283	0.00425	0.01692	0.00895	0.00785
11	0.01076	0.00885	0.00946	0.00931	0.01206	0.00756	0.00698	0.01339	0.02095	0.02610	0.20961	0.07978	0.51267	0.02115	0.01030	0.00290	0.00435	0.01782	0.00843	0.00756
12	0.02339	0.02229	0.02050	0.01848	0.02335	0.12061	0.01428	0.04456	0.53029	0.03414	0.03208	0.02993	0.02424	0.01139	0.00872	0.00285	0.00827	0.00920	0.00820	0.01323
13	0.01750	0.04512	0.64825	0.02486	0.03775	0.02026	0.03223	0.02762	0.01842	0.02762	0.01565	0.01842	0.01105	0.00829	0.00829	0.00276	0.01289	0.00645	0.00368	0.01289
14	0.01246	0.00935	0.01402	0.01402	0.01558	0.01090	0.01090	0.01558	0.01402	0.02025	0.02336	0.03427	0.02181	0.06542	0.65888	0.01402	0.02336	0.00935	0.00467	0.00779
15	0.01106	0.00892	0.00988	0.00980	0.01246	0.00774	0.00746	0.01389	0.02120	0.02680	0.23459	0.07961	0.45395	0.02104	0.01040	0.00295	0.00453	0.04759	0.00850	0.00763
16	0.02132	0.02148	0.03976	0.04900	0.47832	0.02109	0.18400	0.02709	0.02006	0.02835	0.01674	0.02211	0.01366	0.00766	0.00908	0.00269	0.01154	0.00846	0.00434	0.01326
17	0.02159	0.02073	0.03541	0.05354	0.63903	0.02073	0.02677	0.02677	0.01986	0.02850	0.01641	0.02159	0.01382	0.00777	0.00864	0.00259	0.01036	0.00777	0.00432	0.01382
18	0.01883	0.19473	0.51032	0.02259	0.03424	0.02352	0.02827	0.02728	0.01826	0.02600	0.01485	0.01740	0.01108	0.00810	0.00767	0.00256	0.01208	0.00604	0.00369	0.01250
19	0.01626	0.00813	0.00813	0.00813	0.01016	0.00813	0.00610	0.02033	0.01829	0.03252	0.02846	0.03252	0.02236	0.01016	0.00610	0.00203	0.00407	0.00813	0.74187	0.00813
20	0.01128	0.00887	0.01018	0.00986	0.01238	0.00778	0.00739	0.01440	0.02218	0.02902	0.34917	0.07497	0.37129	0.02006	0.01030	0.00285	0.00427	0.01715	0.00882	0.00778
21	0.01063	0.00759	0.01012	0.01215	0.01265	0.00709	0.00810	0.01215	0.01670	0.02227	0.04808	0.68775	0.05769	0.02733	0.01113	0.00354	0.00506	0.02480	0.00810	0.00709
22	0.02332	0.69869	0.04571	0.01493	0.02239	0.03451	0.01493	0.02612	0.01772	0.02052	0.01213	0.01399	0.01119	0.00746	0.00560	0.00187	0.00933	0.00466	0.00373	0.01119
23	0.02528	0.02961	0.02582	0.29832	0.06915	0.35926	0.02042	0.02916	0.02142	0.02207	0.01447	0.01918	0.01152	0.00882	0.00826	0.00254	0.01375	0.00662	0.00423	0.01010
24	0.01291	0.01000	0.01488	0.01462	0.01607	0.01197	0.01146	0.01594	0.01397	0.02030	0.02256	0.03324	0.02111	0.06204	0.61634	0.01333	0.06751	0.00923	0.00462	0.00791
25	0.01157	0.00889	0.01059	0.01017	0.01256	0.00790	0.00762	0.01497	0.02287	0.03066	0.42777	0.07227	0.29166	0.01944	0.01030	0.00282	0.00423	0.01677	0.00903	0.00790
26	0.01491	0.01791	0.13591	0.01536	0.01899	0.04486	0.01368	0.04960	0.01920	0.02576	0.09018	0.32074	0.04261	0.10211	0.01432	0.00383	0.00787	0.04656	0.00688	0.00873
27	0.10873	0.02038	0.13007	0.01675	0.02444	0.01482	0.01589	0.03816	0.02278	0.47422	0.02883	0.02611	0.01849	0.01008	0.00834	0.00271	0.00832	0.00795	0.00899	0.01395
28	0.01246	0.00935	0.01402	0.01402	0.01558	0.01090	0.01090	0.01558	0.01402	0.02025	0.02336	0.03427	0.02181	0.06542	0.65888	0.01402	0.02336	0.00935	0.00467	0.00779
29	0.02211	0.02190	0.03428	0.07865	0.57227	0.06371	0.02599	0.02712	0.02008	0.02774	0.01617	0.02127	0.01355	0.00790	0.00859	0.00258	0.01078	0.00763	0.00431	0.01339
30	0.02023	0.01936	0.02950	0.04100	0.42581	0.05090	0.02216	0.02564	0.04784	0.02654	0.01829	0.02417	0.01575	0.01966	0.13648	0.00488	0.04689	0.00807	0.00459	0.01224
31	0.01063	0.00759	0.01012	0.01215	0.01265	0.00709	0.00810	0.01215	0.01670	0.02227	0.04808	0.68775	0.05769	0.02733	0.01113	0.00354	0.00506	0.02480	0.00810	0.00709
32	0.01195	0.00886	0.01294	0.01350	0.01477	0.00985	0.01013	0.01463	0.01476	0.02081	0.03019	0.21488	0.03173	0.05489	0.47985	0.01112	0.01831	0.01362	0.00562	0.00759
33	0.01923	0.23955	0.46900	0.02191	0.03318	0.02450	0.02708	0.02718	0.01821	0.02551	0.01460	0.01710	0.01109	0.00804	0.00749	0.00250	0.01183	0.00592	0.00370	0.01239
34	0.03173	0.10241	0.02666	0.02177	0.02654	0.60067	0.01668	0.03402	0.02407	0.02127	0.01336	0.01557	0.01123	0.00885	0.00766	0.00221	0.01514	0.00553	0.00442	0.01021
35	0.01062	0.00856	0.00946	0.00985	0.01213	0.00740	0.00715	0.01289	0.01971	0.02460	0.14312	0.22088	0.43747	0.02280	0.01050	0.00306	0.00453	0.01957	0.00828	0.00740
36	0.02179	0.52740	0.20363	0.01753	0.02642	0.03078	0.01946	0.02651	0.01791	0.02238	0.01305	0.01515	0.01116	0.00768	0.00630	0.00210	0.01026	0.00513	0.00372	0.01164
37	0.02171	0.01963	0.02465	0.02860	0.21376	0.07779	0.01772	0.12518	0.05214	0.03030	0.02081	0.05941	0.01833	0.02255	0.15261	0.00513	0.04366	0.00879	0.00562	0.05160
38	0.01252	0.00913	0.01291	0.01291	0.01409	0.01030	0.00952	0.01487	0.01369	0.01943	0.02438	0.03988	0.02424	0.21984	0.50779	0.01265	0.01970	0.01017	0.00482	0.00717
39	0.01518	0.01790	0.13613	0.01598	0.05148	0.01272	0.01388	0.07260	0.02224	0.03007	0.20973	0.05456	0.21739	0.07686	0.01275	0.00330	0.00713	0.01332	0.00727	0.00952
40	0.02493	0.11052	0.05661	0.02103	0.02480	0.23856	0.01767	0.08074	0.02055	0.02446	0.01408	0.01848	0.01232	0.01474	0.05754	0.00356	0.23773	0.00667	0.00454	0.01047
41	0.01907	0.02382	0.15929	0.03615	0.30653	0.01908	0.06310	0.02687	0.07444	0.02756	0.01933	0.02430	0.01579	0.01838	0.12320	0.00470	0.01315	0.00814	0.00468	0.01242
42	0.01031	0.00884	0.00884	0.00884	0.01178	0.00736	0.00663	0.01252	0.01988	0.02356	0.08837	0.08395	0.63549	0.02209	0.01031	0.00295	0.00442	0.01841	0.00810	0.00736
43	0.07263	0.02361	0.13321	0.19043	0.03535	0.02144	0.01990	0.25533	0.02652	0.03707	0.01972	0.05750	0.01599	0.04128	0.01017	0.00304	0.01023	0.00848	0.00615	0.01194
44	0.02851	0.03104	0.02728	0.03026	0.20076	0.33359	0.01915	0.13398	0.02601	0.02948	0.01916	0.02153	0.04187	0.00952	0.00835	0.00244	0.01258	0.00723	0.00537	0.01188
45	0.01989	0.01898	0.03216	0.04579	0.51103	0.01873	0.05178	0.02483	0.02022	0.02844	0.06381	0.03032	0.07585	0.00974	0.00898	0.00265	0.00961	0.00941	0.00502	0.01275
46	0.02687	0.02107	0.06240	0.01743	0.02297	0.02100	0.01450	0.36701	0.05949	0.07501	0.02363	0.03069	0.01967	0.17834	0.01748	0.00408	0.00929	0.00909	0.00767	0.01231
47	0.02332	0.69869	0.04571	0.01493	0.02239	0.03451	0.01493	0.02612	0.01772	0.02052	0.01213	0.01399	0.01119	0.00746	0.00560	0.00187	0.00933	0.00466	0.00373	0.01119
48	0.01031	0.00884	0.00884	0.00884	0.01178	0.00736	0.00663	0.01252	0.01988	0.02356	0.08837	0.08395	0.63549	0.02209	0.01031	0.00295	0.00442	0.01841	0.00810	0.00736
49	0.02332	0.69869	0.04571	0.01493	0.02239	0.03451	0.01493	0.02612	0.01772	0.02052	0.01213	0.01399	0.01119	0.00746	0.00560	0.00187	0.00933	0.00466	0.00373	0.01119
50	0.01692	0.18166	0.02641	0.01733	0.02032	0.02058	0.04594	0.01982	0.01532	0.02103	0.01927	0.06835	0.01879	0.03437	0.28042	0.00747	0.16347	0.00888	0.00446	0.00918
51	0.01047	0.00857	0.00925	0.00966	0.01203	0.00734	0.00702	0.01261	0.01940	0.02380	0.10421	0.21596	0.48332	0.02305	0.01049	0.00307	0.00455	0.01970	0.00817	0.00734
52	0.01300	0.00926	0.01105	0.01060	0.01328	0.00821	0.00812	0.01626	0.02240	0.06209	0.33753	0.07312	0.31211	0.01962	0.01032	0.00290	0.00464	0.04834	0.00894	0.00820
53	0.01887	0.26091	0.06791	0.01545	0.01954	0.05469	0.01380	0.02051	0.01551	0.01969	0.01548	0.02203	0.01439	0.02585	0.15092	0.18763	0.05750	0.00673	0.00399	0.00860
54	0.02881	0.03441	0.02839	0.03314	0.23720	0.43939	0.02026	0.03206	0.02305	0.02380	0.01449	0.01774	0.01212	0.00857	0.00813	0.00237	0.01389	0.00636	0.00443	0.01138
55	0.02244	0.07124	0.06078	0.02216	0.02719	0.25402	0.12964	0.02640	0.01971	0.02255	0.01747	0.02318	0.01498	0.02656	0.21610	0.00614	0.01740	0.00769	0.00444	0.00991
56	0.01210	0.00855	0.00935	0.00935	0.01007	0.00819	0.00562	0.01264	0.01445	0.01855	0.04245	0.06369	0.18017	0.52837	0.03602	0.00710	0.00746	0.01409	0.00598	0.00580
57	0.01097	0.00805	0.01048	0.01184	0.01278	0.00775	0.00815	0.01272	0.01650	0.02184	0.04858	0.48051	0.12574	0.06966	0.10575	0.00524	0.00779	0.02107	0.00745	0.00712
58	0.02056	0.01875	0.02985	0.07548	0.25466	0.01828	0.10337	0.09168	0.02156	0.03038	0.02034	0.09421	0.01834	0.00997	0.00874	0.00251	0.00963	0.00949	0.00539	0.15681
59	0.02034	0.01908	0.02761	0.10055	0.35304	0.06113	0.02146	0.05723	0.02143	0.02865	0.05695	0.03770	0.05441	0.01168	0.00925	0.00283	0.00984	0.08952	0.00553	0.01177
60	0.02686	0.17649	0.03148	0.02702	0.16775	0.22028	0.01825	0.11394	0.05450	0.02876	0.01615	0.01842	0.01320	0.00861	0.00766	0.00229	0.01132	0.00643	0.00515	0.04544
61	0.01978	0.25787	0.15064	0.07906	0.11585	0.02441	0.02004	0.02645	0.07259	0.02492	0.02300	0.02527	0.07214	0.00994	0.00870	0.00253	0.04293	0.00763	0.00470	0.01155
62	0.02228	0.21399	0.02611	0.01593	0.02123	0.14474	0.01327	0.08249	0.05183	0.02658	0.02848	0.09110	0.08877	0.01252	0.00799	0.00239	0.00913	0.03951	0.00591	0.09574

[dist]
# distance from previous block
# <min> <max>
6	56

[block]
# block no. 3 follows, 20 sequences, length 45
# corresponding to MSA columns:
# 174-218
name=unknown_D
#
# <colnr> <probs for GDERKNQSTAVLIFYWHMCP>
#	G	D	E	R	K	N	Q	S	T	A	V	L	I	F	Y	W	H	M	C	P
0	0.02066	0.06229	0.07578	0.03069	0.20352	0.05500	0.09772	0.03023	0.15434	0.02962	0.09181	0.02821	0.02391	0.01028	0.00994	0.00275	0.04604	0.00910	0.00586	0.01224
1	0.02004	0.02490	0.19185	0.06781	0.27764	0.01873	0.02329	0.07530	0.02058	0.03016	0.01876	0.02409	0.01513	0.04366	0.01004	0.00288	0.01008	0.00773	0.10509	0.01222
2	0.05374	0.06027	0.02106	0.06580	0.06831	0.24779	0.01435	0.02607	0.05277	0.02619	0.13651	0.06329	0.10356	0.01288	0.00868	0.00258	0.00993	0.01026	0.00617	0.00977
3	0.06248	0.12592	0.02802	0.02469	0.12270	0.32010	0.01713	0.03351	0.05322	0.10725	0.01762	0.01907	0.01373	0.00892	0.00773	0.00236	0.01199	0.00642	0.00546	0.01165
4	0.17815	0.02591	0.24184	0.02202	0.10651	0.01749	0.01984	0.02634	0.05126	0.06426	0.06964	0.03022	0.09003	0.01079	0.00814	0.00275	0.00900	0.00861	0.00574	0.01145
5	0.19825	0.32529	0.23014	0.01726	0.02596	0.02635	0.01913	0.02648	0.01725	0.02729	0.01326	0.01545	0.01073	0.00788	0.00641	0.00235	0.00984	0.00525	0.00412	0.01131
6	0.01808	0.02069	0.13860	0.19795	0.06694	0.01794	0.02043	0.05228	0.09947	0.02856	0.02465	0.03655	0.02121	0.01206	0.00985	0.00299	0.03983	0.10262	0.07843	0.01085
7	0.02753	0.07303	0.03370	0.03040	0.13324	0.37328	0.14967	0.03143	0.02257	0.02396	0.01482	0.01834	0.01211	0.00833	0.00840	0.00244	0.01422	0.00696	0.00440	0.01116
8	0.02149	0.31487	0.02984	0.01515	0.02038	0.02417	0.01341	0.13486	0.02115	0.02795	0.01834	0.02267	0.01585	0.02535	0.19913	0.00561	0.01314	0.00691	0.05907	0.01066
9	0.01091	0.00886	0.00966	0.00946	0.01215	0.00762	0.00710	0.01367	0.02129	0.02691	0.24830	0.07844	0.47347	0.02084	0.01030	0.00289	0.00433	0.01764	0.00854	0.00762
10	0.01750	0.04512	0.64825	0.02486	0.03775	0.02026	0.03223	0.02762	0.01842	0.02762	0.01565	0.01842	0.01105	0.00829	0.00829	0.00276	0.01289	0.00645	0.00368	0.01289
11	0.01406	0.01004	0.01406	0.01606	0.01807	0.01004	0.01406	0.01807	0.02008	0.02610	0.04618	0.09839	0.05020	0.02410	0.01205	0.00402	0.00803	0.58032	0.00803	0.00803
12	0.01819	0.04075	0.54419	0.02368	0.03526	0.02050	0.02918	0.03072	0.11856	0.02909	0.01894	0.02076	0.01363	0.00887	0.00838	0.00279	0.01190	0.00701	0.00454	0.01304
13	0.01921	0.01613	0.01758	0.01595	0.02012	0.01812	0.01233	0.03841	0.46428	0.03609	0.19458	0.04121	0.04142	0.01343	0.00925	0.00290	0.00616	0.01143	0.00907	0.01233
14	0.01248	0.00928	0.01370	0.01370	0.01514	0.01073	0.01050	0.01537	0.01392	0.02001	0.02366	0.03589	0.02251	0.11020	0.61506	0.01362	0.02230	0.00958	0.00472	0.00761
15	0.02170	0.01874	0.01972	0.01775	0.02268	0.02170	0.01381	0.04635	0.62327	0.03649	0.03550	0.03254	0.02663	0.01183	0.00888	0.00296	0.00690	0.00986	0.00888	0.01381
16	0.01058	0.00892	0.00921	0.00935	0.01223	0.00755	0.00716	0.01291	0.01990	0.02375	0.08536	0.08498	0.59376	0.02223	0.01043	0.00302	0.00468	0.05848	0.00810	0.00741
17	0.03316	0.02443	0.02618	0.02007	0.02705	0.02705	0.01658	0.60995	0.04101	0.05497	0.02094	0.02094	0.01483	0.01047	0.00873	0.00262	0.00960	0.00785	0.00873	0.01483
18	0.01634	0.01162	0.01352	0.01235	0.01570	0.01142	0.00948	0.02448	0.15657	0.08784	0.30891	0.05943	0.20409	0.01694	0.00984	0.00284	0.00511	0.01449	0.00917	0.00985
19	0.01031	0.00884	0.00884	0.00884	0.01178	0.00736	0.00663	0.01252	0.01988	0.02356	0.08837	0.08395	0.63549	0.02209	0.01031	0.00295	0.00442	0.01841	0.00810	0.00736
20	0.01118	0.00832	0.01054	0.01210	0.01344	0.00769	0.00884	0.01331	0.01805	0.02326	0.05701	0.44181	0.18931	0.02554	0.01111	0.00349	0.00545	0.12416	0.00809	0.00732
21	0.02161	0.02028	0.03186	0.04546	0.49979	0.02094	0.02384	0.03119	0.15618	0.03030	0.02072	0.02406	0.01671	0.00869	0.00869	0.00267	0.00958	0.00824	0.00535	0.01381
22	0.01070	0.00864	0.00951	0.00974	0.01213	0.00746	0.00713	0.01311	0.02015	0.02523	0.17152	0.18082	0.44883	0.02226	0.01044	0.00301	0.00447	0.01903	0.00835	0.00746
23	0.02201	0.02275	0.03111	0.21772	0.37932	0.12593	0.02443	0.02688	0.02000	0.02561	0.01568	0.02107	0.01279	0.00823	0.00853	0.00262	0.01160	0.00741	0.00423	0.01207
24	0.02464	0.02282	0.02555	0.02844	0.19238	0.09750	0.01812	0.12270	0.30168	0.03524	0.02553	0.02585	0.01957	0.01019	0.00867	0.00272	0.00929	0.00849	0.00709	0.01352
25	0.02130	0.05088	0.03266	0.03983	0.37172	0.07912	0.06410	0.02565	0.01884	0.02565	0.01619	0.02193	0.01400	0.01497	0.08116	0.00394	0.09395	0.00777	0.00429	0.01205
26	0.01038	0.00854	0.00914	0.00962	0.01199	0.00730	0.00698	0.01243	0.01913	0.02326	0.07880	0.22731	0.49831	0.02333	0.01050	0.00309	0.00457	0.01993	0.00810	0.00730
27	0.01108	0.00787	0.01039	0.01211	0.01275	0.00742	0.00824	0.01278	0.01707	0.02284	0.08095	0.57117	0.05681	0.07541	0.01357	0.00388	0.00542	0.05517	0.00798	0.00707
28	0.03122	0.03597	0.02638	0.02619	0.10812	0.46935	0.01812	0.12898	0.02677	0.02786	0.01511	0.01737	0.01217	0.00907	0.00811	0.00235	0.01400	0.00627	0.00517	0.01139
29	0.03322	0.01800	0.02111	0.01655	0.02274	0.01828	0.01355	0.26041	0.06287	0.31191	0.02855	0.02678	0.01933	0.01065	0.00845	0.00260	0.00785	0.00840	0.09474	0.01401
30	0.01743	0.01248	0.01407	0.01300	0.01515	0.01296	0.00913	0.17117	0.02169	0.02884	0.03465	0.22145	0.06674	0.29379	0.02399	0.00527	0.00761	0.01502	0.00712	0.00843
31	0.01809	0.01550	0.01809	0.01292	0.02067	0.01163	0.01034	0.02196	0.01809	0.02842	0.01550	0.01809	0.01292	0.00646	0.00646	0.00129	0.00646	0.00517	0.00517	0.74677
32	0.01423	0.01047	0.01401	0.01563	0.01788	0.01053	0.01350	0.01934	0.05582	0.02653	0.04864	0.09343	0.09170	0.02322	0.01173	0.00387	0.00770	0.50532	0.00809	0.00833
33	0.01063	0.00759	0.01012	0.01215	0.01265	0.00709	0.00810	0.01215	0.01670	0.02227	0.04808	0.68775	0.05769	0.02733	0.01113	0.00354	0.00506	0.02480	0.00810	0.00709
34	0.02159	0.02073	0.03541	0.05354	0.63903	0.02073	0.02677	0.02677	0.01986	0.02850	0.01641	0.02159	0.01382	0.00777	0.00864	0.00259	0.01036	0.00777	0.00432	0.01382
35	0.18911	0.03305	0.13006	0.02216	0.02901	0.27995	0.09632	0.07167	0.02208	0.02963	0.01463	0.01724	0.01133	0.00856	0.00777	0.00255	0.01268	0.00634	0.00485	0.01099
36	0.01618	0.00988	0.01220	0.01106	0.01418	0.00872	0.00849	0.01957	0.02321	0.13344	0.36078	0.06518	0.24766	0.01801	0.01004	0.00280	0.00476	0.01544	0.00933	0.00906
37	0.01042	0.00841	0.00928	0.00998	0.01208	0.00727	0.00713	0.01239	0.01878	0.02312	0.07447	0.29218	0.43623	0.02390	0.01059	0.00315	0.00464	0.02061	0.00810	0.00727
38	0.02264	0.07958	0.16745	0.03489	0.27281	0.14497	0.02430	0.02779	0.01957	0.02548	0.01479	0.01892	0.01225	0.00897	0.01051	0.00265	0.08930	0.00682	0.00411	0.01221
39	0.02735	0.06044	0.02698	0.02886	0.20693	0.15864	0.01820	0.03621	0.17004	0.14279	0.02357	0.02410	0.01770	0.00958	0.00839	0.00259	0.01008	0.00784	0.00665	0.01306
40	0.01067	0.00780	0.01005	0.01171	0.01257	0.00717	0.00793	0.01239	0.01745	0.02302	0.08069	0.58801	0.12592	0.02627	0.01100	0.00344	0.00494	0.02363	0.00817	0.00717
41	0.02470	0.02049	0.02580	0.02729	0.19225	0.02109	0.01754	0.22196	0.13953	0.03872	0.02129	0.02270	0.01637	0.00915	0.00826	0.00240	0.00865	0.00765	0.00680	0.16737
42	0.02055	0.01749	0.02153	0.01855	0.02117	0.07321	0.04430	0.09692	0.01908	0.06178	0.01998	0.02874	0.01799	0.10233	0.22131	0.00711	0.18413	0.00877	0.00537	0.00969
43	0.01949	0.36339	0.03304	0.01647	0.02069	0.02650	0.01479	0.02217	0.01576	0.02056	0.01496	0.02052	0.01407	0.02460	0.18427	0.00553	0.16270	0.00657	0.00400	0.00992
44	0.02463	0.31390	0.20396	0.02001	0.02803	0.22620	0.02026	0.02926	0.02011	0.02272	0.01352	0.01575	0.01117	0.00817	0.00704	0.00223	0.01231	0.00545	0.00396	0.01132

[dist]
# distance from previous block
# <min> <max>
0	3

[block]
# block no. 4 follows, 20 sequences, length 35
# corresponding to MSA columns:
# 222-256
name=unknown_E
#
# <colnr> <probs for GDERKNQSTAVLIFYWHMCP>
#	G	D	E	R	K	N	Q	S	T	A	V	L	I	F	Y	W	H	M	C	P
0	0.03332	0.03270	0.02495	0.02098	0.02663	0.35818	0.01643	0.26284	0.03118	0.08352	0.01807	0.01889	0.01347	0.00972	0.00828	0.00243	0.01265	0.00675	0.00666	0.01235
1	0.01998	0.21878	0.02586	0.01577	0.01938	0.09730	0.01302	0.05791	0.01780	0.02217	0.01829	0.02740	0.01758	0.13052	0.19681	0.00655	0.07318	0.00779	0.00464	0.00928
2	0.01249	0.00924	0.01348	0.01348	0.01485	0.01061	0.01023	0.01523	0.01386	0.01985	0.02386	0.03699	0.02299	0.14048	0.58544	0.01335	0.02158	0.00974	0.00475	0.00749
3	0.01246	0.00935	0.01402	0.01402	0.01558	0.01090	0.01090	0.01558	0.01402	0.02025	0.02336	0.03427	0.02181	0.06542	0.65888	0.01402	0.02336	0.00935	0.00467	0.00779
4	0.01086	0.00880	0.00964	0.00955	0.01215	0.00758	0.00712	0.01354	0.02100	0.02652	0.23058	0.10710	0.46263	0.02121	0.01034	0.00292	0.00437	0.01801	0.00850	0.00758
5	0.10286	0.03109	0.02425	0.02027	0.02603	0.29845	0.01601	0.30545	0.03145	0.03895	0.01688	0.01804	0.01276	0.00960	0.00803	0.00247	0.01197	0.00659	0.00658	0.01228
6	0.03281	0.03488	0.02529	0.02153	0.02700	0.41177	0.01675	0.25951	0.03108	0.03448	0.01640	0.01777	0.01264	0.00957	0.00820	0.00239	0.01333	0.00649	0.00615	0.01196
7	0.01647	0.01550	0.02616	0.67248	0.06008	0.01938	0.02422	0.02229	0.01744	0.02229	0.01550	0.02326	0.01163	0.00872	0.00872	0.00291	0.01163	0.00775	0.00388	0.00969
8	0.01194	0.00949	0.01079	0.01036	0.01302	0.00865	0.00780	0.01640	0.05950	0.02954	0.33255	0.07224	0.34703	0.01953	0.01021	0.00285	0.00444	0.01669	0.00883	0.00816
9	0.75506	0.01687	0.01282	0.01147	0.01687	0.01957	0.00945	0.02564	0.01484	0.03914	0.01215	0.01417	0.00945	0.00810	0.00540	0.00270	0.00675	0.00472	0.00540	0.00945
10	0.01031	0.00884	0.00884	0.00884	0.01178	0.00736	0.00663	0.01252	0.01988	0.02356	0.08837	0.08395	0.63549	0.02209	0.01031	0.00295	0.00442	0.01841	0.00810	0.00736
11	0.01031	0.00884	0.00884	0.00884	0.01178	0.00736	0.00663	0.01252	0.01988	0.02356	0.08837	0.08395	0.63549	0.02209	0.01031	0.00295	0.00442	0.01841	0.00810	0.00736
12	0.01750	0.04512	0.64825	0.02486	0.03775	0.02026	0.03223	0.02762	0.01842	0.02762	0.01565	0.01842	0.01105	0.00829	0.00829	0.00276	0.01289	0.00645	0.00368	0.01289
13	0.02135	0.02186	0.03240	0.22968	0.36088	0.09663	0.05989	0.02649	0.01978	0.02579	0.01587	0.02149	0.01283	0.00817	0.00867	0.00266	0.01164	0.00766	0.00422	0.01204
14	0.01170	0.00845	0.01043	0.01067	0.01241	0.00777	0.00769	0.01332	0.01859	0.02423	0.18172	0.18388	0.26892	0.02638	0.05793	0.11838	0.00624	0.01679	0.00752	0.00697
15	0.02159	0.02073	0.03541	0.05354	0.63903	0.02073	0.02677	0.02677	0.01986	0.02850	0.01641	0.02159	0.01382	0.00777	0.00864	0.00259	0.01036	0.00777	0.00432	0.01382
16	0.08384	0.02744	0.02922	0.03667	0.32806	0.22345	0.02113	0.09426	0.02337	0.03002	0.01565	0.01908	0.01277	0.00848	0.00815	0.00249	0.01170	0.00686	0.00495	0.01241
17	0.02142	0.02119	0.03807	0.05076	0.54066	0.02095	0.12302	0.02696	0.01998	0.02841	0.01661	0.02191	0.01372	0.00770	0.00891	0.00265	0.01108	0.00819	0.00433	0.01348
18	0.01031	0.00884	0.00884	0.00884	0.01178	0.00736	0.00663	0.01252	0.01988	0.02356	0.08837	0.08395	0.63549	0.02209	0.01031	0.00295	0.00442	0.01841	0.00810	0.00736
19	0.01366	0.01089	0.01517	0.01457	0.01541	0.01312	0.01101	0.01574	0.01375	0.01975	0.02353	0.07591	0.02425	0.19628	0.36060	0.01019	0.14310	0.01071	0.00486	0.00751
20	0.02572	0.22481	0.03038	0.11207	0.02928	0.18699	0.01671	0.14992	0.02401	0.02823	0.01590	0.01919	0.01306	0.01428	0.07058	0.00345	0.01270	0.00648	0.00509	0.01114
21	0.01334	0.01056	0.01696	0.01612	0.01831	0.01164	0.05813	0.01693	0.01547	0.02175	0.02644	0.04332	0.02551	0.05450	0.50831	0.01161	0.02032	0.09747	0.00517	0.00814
22	0.02022	0.01284	0.01423	0.01239	0.01598	0.01321	0.00971	0.14363	0.06582	0.07432	0.17196	0.04064	0.07197	0.01288	0.00821	0.00248	0.00563	0.01062	0.28300	0.01028
23	0.01447	0.00872	0.01041	0.01115	0.01282	0.00863	0.00866	0.01787	0.01848	0.02823	0.07202	0.11971	0.03848	0.08517	0.01243	0.00345	0.00577	0.17787	0.33794	0.00772
24	0.10258	0.02459	0.13193	0.18176	0.26233	0.05986	0.06224	0.02634	0.01886	0.02766	0.01550	0.02038	0.01218	0.00816	0.00829	0.00270	0.01128	0.00724	0.00425	0.01187
25	0.02246	0.02074	0.03048	0.23863	0.32786	0.05259	0.02380	0.12245	0.02285	0.03061	0.01674	0.02171	0.01318	0.00857	0.00864	0.00268	0.01089	0.00767	0.00492	0.01252
26	0.17113	0.02223	0.09165	0.06374	0.30134	0.02057	0.02122	0.08364	0.05009	0.03324	0.01675	0.02012	0.01322	0.00833	0.00785	0.00260	0.00950	0.00699	0.00515	0.05065
27	0.07898	0.02064	0.02905	0.14108	0.36346	0.06199	0.02237	0.02951	0.11245	0.02911	0.01868	0.02258	0.01493	0.00865	0.00838	0.00268	0.01010	0.00771	0.00505	0.01258
28	0.06905	0.18235	0.06941	0.05242	0.02601	0.26105	0.01645	0.06554	0.02114	0.02472	0.01535	0.01901	0.01299	0.01733	0.10772	0.00410	0.01411	0.00623	0.00459	0.01043
29	0.06778	0.02087	0.06555	0.14065	0.18507	0.09096	0.01904	0.02605	0.05638	0.02761	0.02201	0.02591	0.04691	0.00994	0.00926	0.00266	0.04994	0.00796	0.11457	0.01088
30	0.02240	0.07061	0.02937	0.02341	0.06419	0.04626	0.14105	0.15581	0.12495	0.03337	0.02757	0.03318	0.05756	0.01655	0.07213	0.00389	0.01141	0.04784	0.00655	0.01188
31	0.01618	0.01607	0.05665	0.06250	0.08119	0.04508	0.01424	0.04376	0.05035	0.02609	0.07133	0.04069	0.14865	0.02856	0.19900	0.00595	0.01257	0.01064	0.00593	0.06456
32	0.14218	0.02498	0.22439	0.01872	0.02637	0.01701	0.06436	0.02697	0.01882	0.12435	0.02577	0.02718	0.07398	0.01036	0.00922	0.00271	0.04943	0.00810	0.05549	0.04963
33	0.08712	0.01724	0.01882	0.01631	0.01940	0.05043	0.01288	0.13214	0.05756	0.07064	0.02568	0.03520	0.05028	0.13660	0.01929	0.00401	0.15295	0.03862	0.04472	0.01011
34	0.06094	0.09200	0.02209	0.01780	0.05081	0.10050	0.01351	0.14566	0.06156	0.06289	0.08115	0.08215	0.06517	0.01880	0.08269	0.00392	0.01036	0.01012	0.00690	0.01097

[dist]
# distance from previous block
# <min> <max>
44	114

[block]
# block no. 5 follows, 20 sequences, length 8
# corresponding to MSA columns:
# 377-384
name=unknown_F
#
# <colnr> <probs for GDERKNQSTAVLIFYWHMCP>
#	G	D	E	R	K	N	Q	S	T	A	V	L	I	F	Y	W	H	M	C	P
0	0.10114	0.02033	0.06129	0.16188	0.06313	0.09250	0.01695	0.07601	0.02030	0.02776	0.03016	0.03319	0.13722	0.01529	0.04810	0.00349	0.06646	0.00931	0.00546	0.01003
1	0.02712	0.18207	0.06995	0.02800	0.16548	0.33700	0.01962	0.03064	0.02169	0.02317	0.01398	0.01684	0.01180	0.00833	0.00757	0.00227	0.01293	0.00595	0.00424	0.01136
2	0.02741	0.18035	0.07995	0.01822	0.02451	0.14895	0.01631	0.08313	0.07517	0.14849	0.02382	0.02984	0.01943	0.01107	0.00821	0.00259	0.01020	0.07370	0.00664	0.01201
3	0.01723	0.01405	0.01400	0.01361	0.01502	0.12025	0.00982	0.01751	0.01514	0.01936	0.01948	0.03006	0.01847	0.09145	0.21202	0.27635	0.01339	0.00824	0.06799	0.00655
4	0.02097	0.08829	0.20435	0.02088	0.02920	0.11028	0.08935	0.05407	0.02106	0.02827	0.06889	0.02233	0.01811	0.00871	0.00800	0.00228	0.01080	0.00721	0.00499	0.18196
5	0.02126	0.01678	0.01781	0.01666	0.05813	0.08259	0.03257	0.12023	0.02227	0.03259	0.02270	0.02819	0.01867	0.06702	0.01111	0.00277	0.03248	0.00800	0.31954	0.06863
6	0.02450	0.06524	0.09642	0.01778	0.02412	0.25431	0.01541	0.02828	0.02164	0.07687	0.05351	0.02612	0.07069	0.00998	0.00788	0.00219	0.01062	0.00745	0.00561	0.18137
7	0.02056	0.10627	0.14487	0.02563	0.07697	0.05688	0.14933	0.07588	0.02068	0.02753	0.02364	0.06398	0.06778	0.01127	0.01116	0.00282	0.08890	0.00948	0.00503	0.01133

[dist]
# distance from previous block
# <min> <max>
5	40

[block]
# block no. 6 follows, 20 sequences, length 61
# corresponding to MSA columns:
# 425-485
name=unknown_G
#
# <colnr> <probs for GDERKNQSTAVLIFYWHMCP>
#	G	D	E	R	K	N	Q	S	T	A	V	L	I	F	Y	W	H	M	C	P
0	0.02255	0.05835	0.05447	0.05665	0.10165	0.11713	0.04554	0.02760	0.05000	0.10988	0.11354	0.03735	0.06662	0.01251	0.01012	0.00278	0.04610	0.04958	0.00658	0.01102
1	0.05187	0.01996	0.15036	0.08157	0.02582	0.01441	0.01617	0.04768	0.04710	0.02801	0.03518	0.11064	0.12932	0.01396	0.00885	0.00272	0.00813	0.05464	0.00612	0.14749
2	0.10007	0.05324	0.08965	0.04914	0.06219	0.05297	0.14512	0.02397	0.01735	0.02622	0.01714	0.02298	0.01429	0.01958	0.13036	0.00488	0.10111	0.00789	0.05156	0.01028
3	0.07094	0.02781	0.20787	0.02892	0.18815	0.05500	0.02265	0.09059	0.05378	0.10728	0.02086	0.02505	0.01606	0.00966	0.00849	0.00273	0.01043	0.03483	0.00588	0.01302
4	0.06484	0.01939	0.07001	0.01572	0.01954	0.12986	0.03464	0.02249	0.04760	0.02555	0.06176	0.07209	0.09159	0.06178	0.15224	0.00544	0.01219	0.01045	0.07379	0.00902
5	0.02668	0.02879	0.02015	0.01825	0.02212	0.37592	0.01390	0.08945	0.02369	0.02690	0.01856	0.02212	0.01525	0.01715	0.09729	0.00387	0.01386	0.00686	0.14933	0.00990
6	0.02374	0.10067	0.15642	0.05130	0.02767	0.05712	0.01829	0.25305	0.02776	0.03621	0.03044	0.03094	0.12619	0.01162	0.00853	0.00262	0.00976	0.00900	0.00652	0.01215
7	0.01851	0.01358	0.01636	0.01589	0.04799	0.01399	0.01147	0.08974	0.15836	0.07365	0.24349	0.13764	0.09058	0.01638	0.00974	0.00289	0.00601	0.01420	0.00884	0.01068
8	0.02329	0.02299	0.02522	0.20786	0.03553	0.20390	0.08220	0.02864	0.05166	0.08304	0.12236	0.02921	0.02528	0.01053	0.00892	0.00267	0.01128	0.00896	0.00597	0.01048
9	0.01854	0.01763	0.02490	0.09219	0.15733	0.07845	0.08199	0.05420	0.01968	0.02576	0.02523	0.15598	0.02501	0.02314	0.12770	0.00496	0.01268	0.03893	0.00552	0.01019
10	0.05460	0.01927	0.08248	0.21828	0.25097	0.01870	0.02272	0.02387	0.01837	0.02670	0.01954	0.03036	0.01708	0.01045	0.00981	0.00290	0.04706	0.07073	0.04497	0.01115
11	0.02190	0.15668	0.03402	0.03844	0.38953	0.05129	0.02161	0.02843	0.08591	0.02715	0.01908	0.05380	0.01675	0.00917	0.00814	0.00252	0.00975	0.00812	0.00490	0.01279
12	0.06995	0.10383	0.29520	0.02568	0.13940	0.02002	0.02309	0.02606	0.05159	0.02807	0.04809	0.09109	0.02046	0.01071	0.00827	0.00272	0.01006	0.00890	0.00494	0.01186
13	0.02442	0.01687	0.01888	0.09441	0.02454	0.07291	0.01339	0.09302	0.10775	0.16671	0.07057	0.03491	0.09019	0.01494	0.01253	0.10749	0.00832	0.00976	0.00754	0.01084
14	0.06226	0.01930	0.04747	0.01828	0.05369	0.01832	0.01440	0.25263	0.02788	0.10650	0.05316	0.09646	0.02270	0.01157	0.00843	0.00248	0.00800	0.00945	0.00761	0.15941
15	0.01469	0.01183	0.01474	0.01661	0.08297	0.01194	0.01070	0.02114	0.12844	0.02661	0.12605	0.11893	0.15420	0.16577	0.01752	0.00421	0.00666	0.05065	0.00741	0.00893
16	0.01997	0.01849	0.03070	0.04553	0.52450	0.01849	0.02286	0.02421	0.01856	0.02639	0.01842	0.02805	0.01707	0.13252	0.01514	0.00366	0.01002	0.00867	0.00449	0.01226
17	0.01206	0.00856	0.00934	0.00934	0.01011	0.00817	0.00564	0.01264	0.01457	0.01865	0.04339	0.06410	0.18944	0.51806	0.03549	0.00702	0.00740	0.01418	0.00602	0.00583
18	0.01246	0.00935	0.01402	0.01402	0.01558	0.01090	0.01090	0.01558	0.01402	0.02025	0.02336	0.03427	0.02181	0.06542	0.65888	0.01402	0.02336	0.00935	0.00467	0.00779
19	0.01750	0.04512	0.64825	0.02486	0.03775	0.02026	0.03223	0.02762	0.01842	0.02762	0.01565	0.01842	0.01105	0.00829	0.00829	0.00276	0.01289	0.00645	0.00368	0.01289
20	0.01031	0.00884	0.00884	0.00884	0.01178	0.00736	0.00663	0.01252	0.01988	0.02356	0.08837	0.08395	0.63549	0.02209	0.01031	0.00295	0.00442	0.01841	0.00810	0.00736
21	0.02395	0.02718	0.02374	0.02751	0.18839	0.30041	0.01705	0.02842	0.06063	0.02474	0.03239	0.03361	0.15220	0.01177	0.00868	0.00254	0.01119	0.00932	0.00553	0.01073
22	0.01031	0.00884	0.00884	0.00884	0.01178	0.00736	0.00663	0.01252	0.01988	0.02356	0.08837	0.08395	0.63549	0.02209	0.01031	0.00295	0.00442	0.01841	0.00810	0.00736
23	0.02059	0.01816	0.02187	0.15768	0.06155	0.02116	0.01666	0.04029	0.46513	0.03309	0.03032	0.03003	0.02282	0.01097	0.00883	0.00293	0.00807	0.00931	0.00759	0.01294
24	0.02469	0.02023	0.02141	0.01836	0.02382	0.02310	0.01453	0.19358	0.47117	0.04132	0.03170	0.02951	0.02355	0.01148	0.00884	0.00287	0.00761	0.00934	0.00884	0.01408
25	0.03055	0.18553	0.02932	0.02082	0.02596	0.52175	0.01643	0.03292	0.02319	0.02117	0.01319	0.01535	0.01123	0.00865	0.00737	0.00216	0.01433	0.00541	0.00433	0.01035
26	0.02104	0.02102	0.03840	0.08941	0.46957	0.02094	0.15615	0.02674	0.01987	0.02798	0.01663	0.02213	0.01355	0.00774	0.00901	0.00269	0.01141	0.00833	0.00431	0.01309
27	0.03258	0.04157	0.02472	0.02247	0.02697	0.65843	0.01685	0.03483	0.02472	0.02135	0.01348	0.01573	0.01124	0.00899	0.00787	0.00225	0.01573	0.00562	0.00449	0.01011
28	0.01063	0.00759	0.01012	0.01215	0.01265	0.00709	0.00810	0.01215	0.01670	0.02227	0.04808	0.68775	0.05769	0.02733	0.01113	0.00354	0.00506	0.02480	0.00810	0.00709
29	0.01371	0.01144	0.01227	0.01161	0.01489	0.01129	0.00884	0.02217	0.17851	0.02931	0.18779	0.06662	0.36173	0.01853	0.00993	0.00291	0.00500	0.01563	0.00861	0.00923
30	0.03012	0.02281	0.02618	0.13876	0.03306	0.02566	0.01797	0.50303	0.03672	0.04903	0.01995	0.02136	0.01425	0.01015	0.00873	0.00267	0.00997	0.00783	0.00784	0.01390
31	0.01061	0.00768	0.01003	0.01191	0.01259	0.00710	0.00799	0.01217	0.01692	0.02236	0.05091	0.64535	0.09827	0.02696	0.01108	0.00350	0.00502	0.02435	0.00810	0.00710
32	0.02012	0.01923	0.03275	0.23125	0.47281	0.02034	0.02604	0.02548	0.01917	0.02671	0.01615	0.02207	0.01319	0.00804	0.00866	0.00268	0.01073	0.00777	0.00419	0.01263
33	0.03316	0.02443	0.02618	0.02007	0.02705	0.02705	0.01658	0.60995	0.04101	0.05497	0.02094	0.02094	0.01483	0.01047	0.00873	0.00262	0.00960	0.00785	0.00873	0.01483
34	0.01059	0.00885	0.00922	0.00913	0.01195	0.00748	0.00685	0.01306	0.02054	0.02513	0.16342	0.08136	0.55946	0.02151	0.01031	0.00292	0.00438	0.01805	0.00831	0.00748
35	0.01279	0.01070	0.01502	0.01462	0.01593	0.01145	0.03744	0.01509	0.01780	0.02425	0.12765	0.37838	0.12046	0.02230	0.01398	0.00338	0.12440	0.01905	0.00738	0.00793
36	0.01352	0.01050	0.01263	0.01361	0.01527	0.01090	0.00959	0.02108	0.17516	0.02598	0.04479	0.51659	0.04958	0.02328	0.01054	0.00339	0.00554	0.02090	0.00830	0.00884
37	0.01063	0.00759	0.01012	0.01215	0.01265	0.00709	0.00810	0.01215	0.01670	0.02227	0.04808	0.68775	0.05769	0.02733	0.01113	0.00354	0.00506	0.02480	0.00810	0.00709
38	0.01042	0.00884	0.00898	0.00895	0.01185	0.00741	0.00671	0.01272	0.02013	0.02416	0.11692	0.08296	0.60656	0.02187	0.01031	0.00293	0.00440	0.01827	0.00818	0.00741
39	0.01750	0.04512	0.64825	0.02486	0.03775	0.02026	0.03223	0.02762	0.01842	0.02762	0.01565	0.01842	0.01105	0.00829	0.00829	0.00276	0.01289	0.00645	0.00368	0.01289
