[name]
unknown

[dist]
# distance from previous block
# <min> <max>
0	0

[block]
# block no. 0 follows, 22 sequences, length 14
# corresponding to MSA columns:
# 0-13
name=unknown_A
#
# <colnr> <probs for GDERKNQSTAVLIFYWHMCP>
#	G	D	E	R	K	N	Q	S	T	A	V	L	I	F	Y	W	H	M	C	P
0	0.01339	0.00956	0.01339	0.01530	0.01721	0.00956	0.01339	0.01721	0.01912	0.02486	0.04399	0.09371	0.04781	0.02295	0.01147	0.00382	0.00765	0.60031	0.00765	0.00765
1	0.01911	0.01826	0.03110	0.24090	0.47766	0.01936	0.02477	0.02422	0.01823	0.02538	0.01537	0.02103	0.01254	0.00767	0.00825	0.00256	0.01023	0.00740	0.00399	0.01199
2	0.01810	0.01723	0.02928	0.37216	0.35425	0.01909	0.02427	0.02334	0.01775	0.02416	0.01519	0.02136	0.01211	0.00786	0.00827	0.00262	0.01048	0.00739	0.00390	0.01118
3	0.01212	0.00797	0.01020	0.01091	0.01181	0.00751	0.00729	0.01374	0.01669	0.05131	0.14831	0.40083	0.05156	0.18896	0.01803	0.00434	0.00555	0.01860	0.00743	0.00686
4	0.02644	0.01925	0.02143	0.01628	0.02284	0.01943	0.01330	0.37283	0.03064	0.08218	0.05860	0.02229	0.01800	0.00930	0.00777	0.00213	0.00780	0.00725	0.00748	0.23478
5	0.01026	0.00822	0.00920	0.00964	0.01181	0.00716	0.00712	0.01249	0.01876	0.02341	0.13213	0.21419	0.43460	0.02180	0.01007	0.00296	0.00448	0.04679	0.00786	0.00707
6	0.01712	0.01621	0.02713	0.40598	0.27777	0.01819	0.02288	0.02221	0.01762	0.02351	0.01961	0.02533	0.05371	0.00880	0.00837	0.00266	0.01018	0.00805	0.00411	0.01055
7	0.06823	0.01922	0.01802	0.01578	0.01975	0.12762	0.01235	0.19401	0.07331	0.03135	0.02669	0.03050	0.08089	0.05633	0.18278	0.00557	0.01261	0.00868	0.00623	0.01010
8	0.00998	0.00780	0.00905	0.01005	0.01165	0.00688	0.00704	0.01174	0.01736	0.02180	0.06426	0.40289	0.34275	0.02363	0.01023	0.00310	0.00453	0.02069	0.00771	0.00688
9	0.06503	0.02406	0.02441	0.27468	0.07823	0.20639	0.01888	0.15714	0.02347	0.02901	0.01523	0.01906	0.01165	0.00865	0.00790	0.00250	0.01143	0.00667	0.00497	0.01065
10	0.02911	0.01916	0.02162	0.01684	0.02290	0.01999	0.01374	0.40125	0.03232	0.15921	0.06303	0.05840	0.02127	0.01097	0.00835	0.00246	0.00797	0.00872	0.00842	0.07428
11	0.01869	0.01880	0.02595	0.43872	0.10456	0.10076	0.05421	0.05110	0.01904	0.02348	0.01894	0.02433	0.04831	0.00899	0.00837	0.00265	0.01113	0.00785	0.00428	0.00986
12	0.01003	0.00812	0.00874	0.00918	0.01127	0.00702	0.00655	0.01185	0.01781	0.02176	0.07171	0.22091	0.47668	0.06551	0.01205	0.00327	0.00459	0.01858	0.00754	0.00683
13	0.01507	0.01122	0.01345	0.01207	0.01475	0.01139	0.00909	0.11272	0.02070	0.02832	0.18541	0.04715	0.11876	0.15056	0.16393	0.00592	0.00977	0.01167	0.00679	0.05128

[dist]
# distance from previous block
# <min> <max>
1	4

[block]
# block no. 1 follows, 22 sequences, length 7
# corresponding to MSA columns:
# 18-24
name=unknown_B
#
# <colnr> <probs for GDERKNQSTAVLIFYWHMCP>
#	G	D	E	R	K	N	Q	S	T	A	V	L	I	F	Y	W	H	M	C	P
0	0.14359	0.02286	0.02064	0.06792	0.02450	0.15294	0.01396	0.28879	0.02687	0.03655	0.01759	0.02245	0.01443	0.09763	0.01195	0.00316	0.00990	0.00716	0.00623	0.01089
1	0.02400	0.02603	0.02436	0.32958	0.04028	0.28838	0.01927	0.10349	0.02231	0.02483	0.01464	0.01893	0.01131	0.00862	0.00797	0.00248	0.01243	0.00656	0.00452	0.01002
2	0.01619	0.01125	0.01496	0.11973	0.02148	0.01145	0.01142	0.06872	0.02229	0.08466	0.30892	0.05295	0.10550	0.05539	0.01133	0.00305	0.00632	0.05770	0.00782	0.00887
3	0.01768	0.01659	0.02336	0.09031	0.02462	0.02224	0.01726	0.05604	0.01483	0.02196	0.01373	0.02109	0.01275	0.02151	0.13129	0.00508	0.46890	0.00756	0.00406	0.00913
4	0.01172	0.00881	0.01079	0.01177	0.01301	0.00872	0.00812	0.01609	0.09603	0.02352	0.09038	0.48042	0.08844	0.07563	0.01266	0.00357	0.00519	0.01990	0.00771	0.00753
5	0.02353	0.02142	0.03235	0.03530	0.29236	0.05860	0.14264	0.11825	0.09685	0.06587	0.01945	0.02219	0.01491	0.00839	0.00855	0.00257	0.01035	0.00807	0.00561	0.01275
6	0.01992	0.01938	0.03396	0.12338	0.53647	0.01969	0.07466	0.02509	0.01871	0.02641	0.01562	0.02090	0.01287	0.00747	0.00836	0.00253	0.01035	0.00760	0.00407	0.01254

[dist]
# distance from previous block
# <min> <max>
6	11

[block]
# block no. 2 follows, 22 sequences, length 9
# corresponding to MSA columns:
# 36-44
name=unknown_C
#
# <colnr> <probs for GDERKNQSTAVLIFYWHMCP>
#	G	D	E	R	K	N	Q	S	T	A	V	L	I	F	Y	W	H	M	C	P
0	0.02494	0.02792	0.02861	0.03666	0.35621	0.29343	0.02084	0.02978	0.05671	0.02473	0.01551	0.01883	0.01284	0.00811	0.00793	0.00235	0.01182	0.00666	0.00443	0.01168
1	0.01879	0.02672	0.18552	0.01900	0.02385	0.18894	0.01792	0.02315	0.01705	0.02145	0.01672	0.02262	0.01447	0.02924	0.26101	0.00664	0.08633	0.00709	0.00408	0.00943
2	0.01664	0.03353	0.43521	0.02437	0.03433	0.01807	0.16102	0.02489	0.01884	0.02736	0.10459	0.02487	0.02050	0.00897	0.00859	0.00267	0.01149	0.00821	0.00445	0.01141
3	0.02079	0.01629	0.02507	0.05562	0.02706	0.01468	0.14680	0.02582	0.04282	0.12942	0.02005	0.05064	0.01593	0.00856	0.00866	0.00214	0.03892	0.00778	0.00577	0.33719
4	0.01668	0.01592	0.01409	0.05438	0.01714	0.15531	0.00942	0.01805	0.01593	0.01914	0.02429	0.13400	0.02660	0.34505	0.02449	0.00510	0.00911	0.01130	0.00516	0.07884
5	0.05345	0.01463	0.01397	0.01261	0.01648	0.10264	0.00992	0.02318	0.02091	0.18119	0.09700	0.05496	0.28820	0.01591	0.00906	0.00271	0.00677	0.05922	0.00785	0.00933
6	0.09595	0.02020	0.02233	0.02891	0.28146	0.14871	0.01649	0.02312	0.01937	0.02547	0.03394	0.03543	0.19233	0.01151	0.00821	0.00251	0.00896	0.00954	0.00527	0.01029
7	0.09880	0.02394	0.11046	0.11234	0.02813	0.13405	0.01703	0.16834	0.02259	0.03035	0.01765	0.02490	0.01478	0.01228	0.01095	0.09396	0.01025	0.05378	0.00533	0.01007
8	0.02219	0.02007	0.02776	0.03658	0.38718	0.06286	0.02027	0.15486	0.02317	0.03132	0.02060	0.11564	0.01906	0.01065	0.00853	0.00258	0.00934	0.00955	0.00554	0.01224

[dist]
# distance from previous block
# <min> <max>
6	51

[block]
# block no. 3 follows, 22 sequences, length 10
# corresponding to MSA columns:
# 98-107
name=unknown_D
#
# <colnr> <probs for GDERKNQSTAVLIFYWHMCP>
#	G	D	E	R	K	N	Q	S	T	A	V	L	I	F	Y	W	H	M	C	P
0	0.02217	0.07837	0.26132	0.01883	0.02646	0.14660	0.01939	0.02885	0.05750	0.10696	0.09613	0.02438	0.02118	0.00951	0.00787	0.00241	0.01023	0.00737	0.00559	0.04889
1	0.02515	0.07130	0.02394	0.01810	0.02381	0.25347	0.04479	0.15116	0.02462	0.02988	0.06692	0.02064	0.01740	0.00879	0.00751	0.00205	0.01033	0.00664	0.00561	0.18791
2	0.01154	0.00807	0.01030	0.01078	0.01128	0.00833	0.00707	0.01266	0.01335	0.01818	0.03003	0.20939	0.03392	0.37385	0.19638	0.00825	0.01089	0.01412	0.00555	0.00607
3	0.11662	0.37184	0.12402	0.01685	0.02378	0.17968	0.01636	0.02697	0.01819	0.02292	0.01234	0.01434	0.01044	0.00764	0.00618	0.00208	0.01049	0.00491	0.00392	0.01044
4	0.02534	0.41051	0.03562	0.01956	0.07423	0.19653	0.01577	0.09084	0.02111	0.02383	0.01310	0.01504	0.01124	0.00781	0.00644	0.00200	0.01056	0.00524	0.00429	0.01096
5	0.01176	0.00849	0.01110	0.01045	0.01241	0.00784	0.00784	0.01568	0.02352	0.03331	0.65184	0.06206	0.07839	0.01698	0.00980	0.00261	0.00392	0.01502	0.00914	0.00784
6	0.01775	0.14146	0.47694	0.02206	0.03289	0.02081	0.06570	0.02567	0.01755	0.02536	0.01451	0.01719	0.01083	0.00757	0.00749	0.00240	0.01138	0.00602	0.00368	0.07275
7	0.01205	0.00817	0.00967	0.00967	0.00988	0.00839	0.00580	0.01247	0.01226	0.01656	0.02562	0.05126	0.02886	0.61587	0.13262	0.00881	0.01008	0.01163	0.00495	0.00537
8	0.02084	0.54705	0.19748	0.01656	0.02495	0.02951	0.01830	0.02523	0.01704	0.02122	0.01238	0.01437	0.01063	0.00730	0.00597	0.00199	0.00972	0.00486	0.00354	0.01106
9	0.02012	0.46100	0.27729	0.01777	0.02683	0.02776	0.02041	0.02541	0.01713	0.02209	0.01281	0.01491	0.01061	0.00740	0.00629	0.00210	0.01016	0.00508	0.00354	0.01127

[dist]
# distance from previous block
# <min> <max>
0	1

[block]
# block no. 4 follows, 22 sequences, length 12
# corresponding to MSA columns:
# 109-120
name=unknown_E
#
# <colnr> <probs for GDERKNQSTAVLIFYWHMCP>
#	G	D	E	R	K	N	Q	S	T	A	V	L	I	F	Y	W	H	M	C	P
0	0.01217	0.00847	0.01001	0.01004	0.01212	0.00753	0.00724	0.01443	0.01900	0.06291	0.19455	0.21603	0.29706	0.07510	0.01248	0.00330	0.00476	0.01740	0.00798	0.00741
1	0.03174	0.01938	0.02224	0.01695	0.02361	0.01975	0.01396	0.37123	0.03168	0.24371	0.02344	0.02229	0.01597	0.00963	0.00808	0.00237	0.00814	0.00746	0.00855	0.09982
2	0.02478	0.01888	0.02074	0.01636	0.02265	0.01951	0.01319	0.26202	0.20350	0.07267	0.02313	0.02277	0.01716	0.00930	0.00775	0.00224	0.00747	0.00736	0.00751	0.22101
3	0.12451	0.02179	0.02167	0.01719	0.02332	0.09589	0.01401	0.32658	0.03006	0.21088	0.02154	0.02081	0.01483	0.00961	0.00783	0.00248	0.00892	0.00710	0.00798	0.01297
4	0.01091	0.00795	0.00957	0.01053	0.01154	0.00744	0.00721	0.01234	0.01585	0.02044	0.04885	0.32469	0.18203	0.21229	0.01923	0.00458	0.00585	0.07531	0.00697	0.00642
5	0.02500	0.02000	0.02123	0.01778	0.02326	0.02269	0.01420	0.27645	0.40185	0.04175	0.02830	0.02660	0.02089	0.01075	0.00840	0.00269	0.00760	0.00863	0.00840	0.01354
6	0.01208	0.00805	0.00906	0.00906	0.00906	0.00805	0.00503	0.01208	0.01208	0.01611	0.02618	0.05436	0.03020	0.70804	0.04228	0.00805	0.00805	0.01208	0.00503	0.00503
7	0.02221	0.71304	0.04353	0.01421	0.02132	0.03287	0.01421	0.02488	0.01688	0.01955	0.01155	0.01333	0.01066	0.00711	0.00533	0.00178	0.00888	0.00444	0.00355	0.01066
8	0.00991	0.00806	0.00878	0.00936	0.01147	0.00693	0.00673	0.01182	0.01803	0.02207	0.07268	0.26620	0.47401	0.02253	0.01005	0.00298	0.00439	0.01935	0.00771	0.00693
9	0.03012	0.03187	0.02350	0.02017	0.02528	0.38986	0.01566	0.23249	0.09371	0.03251	0.01741	0.01832	0.01338	0.00932	0.00786	0.00233	0.01215	0.00648	0.00606	0.01150
10	0.01078	0.00845	0.00975	0.00943	0.01181	0.00742	0.00707	0.01379	0.02121	0.02785	0.36635	0.07105	0.36728	0.01902	0.00981	0.00271	0.00406	0.01629	0.00843	0.00742
11	0.02118	0.58821	0.15931	0.01598	0.02405	0.03034	0.01728	0.02514	0.01700	0.02081	0.01218	0.01411	0.01064	0.00725	0.00581	0.00194	0.00952	0.00476	0.00355	0.01096

[dist]
# distance from previous block
# <min> <max>
1	3

[block]
# block no. 5 follows, 22 sequences, length 24
# corresponding to MSA columns:
# 124-147
name=unknown_F
#
# <colnr> <probs for GDERKNQSTAVLIFYWHMCP>
#	G	D	E	R	K	N	Q	S	T	A	V	L	I	F	Y	W	H	M	C	P
0	0.02056	0.01974	0.03372	0.05099	0.65622	0.01974	0.02550	0.02550	0.01892	0.02714	0.01563	0.02056	0.01316	0.00740	0.00822	0.00247	0.00987	0.00740	0.00411	0.01316
1	0.01443	0.00722	0.01082	0.01082	0.01082	0.00722	0.00722	0.01082	0.01082	0.01443	0.01443	0.02525	0.01443	0.02886	0.03247	0.75830	0.00722	0.00722	0.00361	0.00361
2	0.01912	0.01827	0.03112	0.23900	0.47945	0.01936	0.02478	0.02424	0.01824	0.02539	0.01537	0.02103	0.01254	0.00767	0.00825	0.00256	0.01022	0.00740	0.00399	0.01200
3	0.02085	0.16186	0.22788	0.03139	0.24138	0.09776	0.05453	0.02657	0.01868	0.02462	0.01437	0.01771	0.01156	0.00761	0.00757	0.00236	0.01122	0.00634	0.00384	0.01191
4	0.01919	0.02215	0.08959	0.11985	0.21899	0.02018	0.30759	0.02627	0.04282	0.02638	0.01672	0.02179	0.01290	0.00752	0.00896	0.00269	0.01203	0.00851	0.00422	0.01168
5	0.01666	0.04297	0.66500	0.02368	0.03596	0.01929	0.03069	0.02631	0.01754	0.02631	0.01491	0.01754	0.01052	0.00789	0.00789	0.00263	0.01228	0.00614	0.00351	0.01228
6	0.01697	0.04112	0.61465	0.02586	0.08543	0.01933	0.03028	0.02624	0.01765	0.02638	0.01497	0.01778	0.01073	0.00785	0.00792	0.00262	0.01209	0.00624	0.00356	0.01235
7	0.01545	0.01522	0.01330	0.01354	0.01633	0.14488	0.01084	0.01817	0.01995	0.02287	0.05516	0.07155	0.30466	0.01916	0.00993	0.00303	0.00765	0.22354	0.00699	0.00778
8	0.01666	0.04297	0.66500	0.02368	0.03596	0.01929	0.03069	0.02631	0.01754	0.02631	0.01491	0.01754	0.01052	0.00789	0.00789	0.00263	0.01228	0.00614	0.00351	0.01228
9	0.01189	0.00879	0.01281	0.01281	0.01411	0.01009	0.00971	0.01449	0.01319	0.01889	0.02274	0.03536	0.02195	0.14325	0.59579	0.01269	0.02047	0.00930	0.00452	0.00712
10	0.02418	0.02848	0.03626	0.03292	0.15653	0.27144	0.27460	0.02891	0.02098	0.02431	0.01505	0.01920	0.01198	0.00768	0.00861	0.00248	0.01357	0.00763	0.00421	0.01098
11	0.02255	0.06205	0.02622	0.22345	0.16734	0.26326	0.01930	0.02617	0.01940	0.02172	0.01482	0.02081	0.01263	0.05463	0.01008	0.00277	0.01196	0.00678	0.00408	0.01001
12	0.01208	0.00805	0.00906	0.00906	0.00906	0.00805	0.00503	0.01208	0.01208	0.01611	0.02618	0.05436	0.03020	0.70804	0.04228	0.00805	0.00805	0.01208	0.00503	0.00503
13	0.01152	0.00854	0.01101	0.01219	0.01391	0.00803	0.00962	0.01434	0.01875	0.02440	0.12928	0.25423	0.18309	0.02264	0.01067	0.00333	0.00567	0.24364	0.00787	0.00729
14	0.06117	0.02497	0.13217	0.06940	0.33120	0.06152	0.02291	0.14159	0.02248	0.03164	0.01591	0.01932	0.01244	0.00811	0.00799	0.00250	0.01032	0.00693	0.00486	0.01256
15	0.02606	0.02401	0.02721	0.08310	0.23265	0.13643	0.01943	0.24924	0.05998	0.03515	0.01762	0.02004	0.01357	0.00883	0.00815	0.00246	0.01042	0.00718	0.00588	0.01258
16	0.01533	0.01104	0.01370	0.01272	0.01535	0.01133	0.00987	0.02252	0.13581	0.07272	0.38424	0.08078	0.08022	0.01627	0.01041	0.00281	0.03693	0.05011	0.00863	0.00920
17	0.20122	0.02284	0.13093	0.06643	0.23518	0.01962	0.15571	0.02539	0.01757	0.02905	0.01474	0.01886	0.01150	0.00751	0.00778	0.00261	0.01039	0.00703	0.00427	0.01137
18	0.02348	0.02539	0.10288	0.02347	0.12630	0.15588	0.01748	0.15290	0.11340	0.03198	0.02122	0.05764	0.01731	0.01001	0.00796	0.00247	0.00974	0.00801	0.08083	0.01163
19	0.13132	0.11271	0.08308	0.01900	0.02560	0.08594	0.09696	0.10503	0.05483	0.14152	0.02031	0.02364	0.01555	0.00935	0.00773	0.00253	0.00966	0.03749	0.00618	0.01156
20	0.05988	0.01888	0.02160	0.08499	0.07413	0.07173	0.01570	0.15430	0.10022	0.03169	0.05056	0.06362	0.02135	0.01202	0.01112	0.00278	0.10754	0.04539	0.00620	0.04629
21	0.12693	0.01532	0.01418	0.01252	0.01602	0.07917	0.00949	0.11996	0.02164	0.05989	0.11446	0.04472	0.17871	0.13515	0.01426	0.00354	0.00720	0.01106	0.00693	0.00884
22	0.02100	0.02070	0.05359	0.04872	0.11924	0.12349	0.01565	0.12060	0.07180	0.02993	0.06321	0.06259	0.05411	0.01343	0.03621	0.00298	0.04182	0.00910	0.08125	0.01058
23	0.16960	0.02471	0.12926	0.01633	0.02315	0.13141	0.01499	0.08698	0.02071	0.07021	0.04803	0.01941	0.01514	0.00838	0.00703	0.00218	0.00905	0.00611	0.00550	0.19182

[dist]
# distance from previous block
# <min> <max>
5	257

[block]
# block no. 6 follows, 22 sequences, length 12
# corresponding to MSA columns:
# 405-416
name=unknown_G
#
# <colnr> <probs for GDERKNQSTAVLIFYWHMCP>
#	G	D	E	R	K	N	Q	S	T	A	V	L	I	F	Y	W	H	M	C	P
0	0.09526	0.18196	0.16407	0.01609	0.02219	0.12888	0.01579	0.02392	0.01975	0.02688	0.19458	0.02840	0.02973	0.01039	0.00751	0.00234	0.00899	0.00798	0.00542	0.00987
1	0.23322	0.04698	0.04647	0.01368	0.01783	0.01544	0.04334	0.02006	0.01681	0.05450	0.06273	0.03909	0.21450	0.01598	0.04532	0.00332	0.08591	0.01008	0.00592	0.00882
2	0.16470	0.04255	0.08715	0.02236	0.13978	0.06303	0.01641	0.09387	0.04525	0.03090	0.01988	0.02424	0.04346	0.00949	0.00816	0.00244	0.03527	0.03414	0.00532	0.11161
3	0.16396	0.09948	0.10357	0.01853	0.07924	0.01975	0.01517	0.03099	0.22522	0.06036	0.02750	0.02732	0.07536	0.01018	0.00749	0.00258	0.00765	0.00799	0.00624	0.01143
4	0.02152	0.15886	0.05589	0.01774	0.02211	0.08357	0.01516	0.10862	0.15652	0.02796	0.02164	0.09834	0.01947	0.01218	0.01157	0.00272	0.14055	0.00884	0.00582	0.01090
5	0.01494	0.00979	0.01308	0.01172	0.01449	0.00881	0.04045	0.01772	0.01999	0.11125	0.24380	0.12469	0.21891	0.09676	0.01341	0.00337	0.00552	0.01509	0.00802	0.00820
6	0.01902	0.08673	0.28256	0.03462	0.25876	0.02087	0.12815	0.02595	0.01833	0.02610	0.01521	0.01910	0.01183	0.00750	0.00812	0.00253	0.01142	0.00707	0.00385	0.01228
7	0.01368	0.01203	0.01383	0.01396	0.01489	0.06808	0.01020	0.01542	0.01509	0.01993	0.03039	0.31830	0.03424	0.10948	0.17073	0.00616	0.10550	0.01503	0.00579	0.00728
8	0.01161	0.00875	0.01033	0.01094	0.01265	0.00818	0.00788	0.04497	0.01843	0.02371	0.08409	0.34041	0.24894	0.07369	0.01260	0.00348	0.00524	0.05928	0.00761	0.00721
9	0.01836	0.01798	0.03120	0.12470	0.29894	0.01932	0.12262	0.02311	0.01827	0.02583	0.08784	0.02546	0.01990	0.00968	0.01169	0.00277	0.11804	0.00865	0.00457	0.01105
10	0.21842	0.02955	0.09827	0.01793	0.02359	0.28851	0.01544	0.11411	0.02260	0.03088	0.05559	0.01870	0.01516	0.00901	0.00720	0.00239	0.01088	0.00616	0.00530	0.01032
11	0.01476	0.01189	0.01578	0.01806	0.10109	0.01219	0.01187	0.08531	0.01985	0.02652	0.07078	0.30826	0.14610	0.01944	0.01100	0.00307	0.05104	0.05715	0.00709	0.00877

[dist]
# distance from previous block
# <min> <max>
0	9

[block]
# block no. 7 follows, 22 sequences, length 6
# corresponding to MSA columns:
# 426-431
name=unknown_H
#
# <colnr> <probs for GDERKNQSTAVLIFYWHMCP>
#	G	D	E	R	K	N	Q	S	T	A	V	L	I	F	Y	W	H	M	C	P
0	0.24322	0.01982	0.05041	0.02011	0.12985	0.10584	0.01385	0.06943	0.01991	0.03064	0.07015	0.03188	0.14110	0.01118	0.00761	0.00254	0.00810	0.00869	0.00578	0.00991
1	0.01738	0.05682	0.24387	0.02539	0.15438	0.01742	0.06713	0.06172	0.01884	0.02604	0.02628	0.03180	0.10158	0.10084	0.01276	0.00329	0.00991	0.00902	0.00477	0.01076
2	0.02202	0.16389	0.03817	0.03571	0.29345	0.10806	0.17052	0.02665	0.01928	0.02458	0.01473	0.01882	0.01219	0.00739	0.00793	0.00237	0.01136	0.00713	0.00404	0.01171
3	0.07495	0.09569	0.15566	0.02156	0.06771	0.19724	0.01872	0.16522	0.07188	0.03139	0.01646	0.01797	0.01261	0.00868	0.00752	0.00239	0.01098	0.00629	0.00533	0.01174
4	0.01901	0.01218	0.01396	0.01224	0.01620	0.01180	0.00958	0.06152	0.13327	0.15855	0.16233	0.05384	0.27051	0.01571	0.00918	0.00271	0.00546	0.01315	0.00866	0.01014
5	0.01896	0.02227	0.13180	0.02634	0.18973	0.06654	0.01883	0.05547	0.14194	0.02740	0.02391	0.02708	0.04931	0.01991	0.13880	0.00469	0.01211	0.00824	0.00533	0.01135

[dist]
# distance from previous block
# <min> <max>
0	1

[block]
# block no. 8 follows, 22 sequences, length 8
# corresponding to MSA columns:
# 433-440
name=unknown_I
#
# <colnr> <probs for GDERKNQSTAVLIFYWHMCP>
#	G	D	E	R	K	N	Q	S	T	A	V	L	I	F	Y	W	H	M	C	P
0	0.01504	0.18183	0.01870	0.01151	0.01500	0.01411	0.00963	0.01769	0.01888	0.05256	0.15078	0.08715	0.22665	0.06042	0.01094	0.00299	0.00613	0.08479	0.00688	0.00832
1	0.01914	0.02166	0.19155	0.05823	0.10297	0.01421	0.01792	0.02430	0.01856	0.12032	0.02697	0.06977	0.08425	0.01036	0.00799	0.00235	0.00837	0.00873	0.00565	0.18671
2	0.01844	0.19691	0.02215	0.01443	0.04441	0.01741	0.01097	0.02360	0.10142	0.07914	0.09971	0.03534	0.02774	0.18689	0.08309	0.00483	0.00899	0.00921	0.00597	0.00936
3	0.01974	0.01167	0.01409	0.01286	0.01636	0.01111	0.01025	0.09475	0.02165	0.17185	0.04799	0.09607	0.20534	0.08905	0.01305	0.00350	0.00662	0.13653	0.00808	0.00942
4	0.01082	0.00784	0.00979	0.01050	0.01158	0.00727	0.00716	0.01278	0.01769	0.02377	0.20763	0.35628	0.13054	0.12902	0.01522	0.00383	0.00501	0.01881	0.00767	0.00680
5	0.02409	0.18638	0.08227	0.01807	0.02365	0.29329	0.01558	0.03106	0.13845	0.02359	0.02245	0.02310	0.06512	0.00969	0.00740	0.00228	0.01089	0.00696	0.00512	0.01056
6	0.02026	0.02169	0.01647	0.01557	0.01883	0.25816	0.01159	0.05616	0.09724	0.02446	0.03930	0.18874	0.16684	0.01575	0.00888	0.00267	0.00891	0.01286	0.00656	0.00905
7	0.01275	0.01079	0.01266	0.01303	0.01408	0.05016	0.00944	0.01493	0.01803	0.02422	0.20002	0.41387	0.05346	0.02127	0.01208	0.00313	0.08281	0.01838	0.00742	0.00748

[dist]
# distance from previous block
# <min> <max>
1	3

[block]
# block no. 9 follows, 22 sequences, length 66
# corresponding to MSA columns:
# 444-509
name=unknown_J
#
# <colnr> <probs for GDERKNQSTAVLIFYWHMCP>
#	G	D	E	R	K	N	Q	S	T	A	V	L	I	F	Y	W	H	M	C	P
0	0.02395	0.02499	0.02986	0.07458	0.40738	0.19272	0.02210	0.07587	0.02163	0.02706	0.01519	0.01913	0.01248	0.00796	0.00804	0.00240	0.01122	0.00687	0.00447	0.01210
1	0.02210	0.02429	0.02474	0.07668	0.25753	0.25743	0.01840	0.02548	0.02020	0.02361	0.04725	0.12343	0.02131	0.01113	0.00839	0.00251	0.01080	0.00943	0.00491	0.01039
2	0.01942	0.02173	0.09004	0.05811	0.34603	0.08825	0.02081	0.02531	0.05252	0.02771	0.14037	0.02836	0.02593	0.00968	0.00843	0.00251	0.00937	0.00864	0.00526	0.01151
3	0.06266	0.09928	0.02270	0.01764	0.02193	0.23853	0.01404	0.08965	0.14227	0.02695	0.01893	0.02144	0.01551	0.01830	0.12008	0.00423	0.04306	0.00689	0.00546	0.01045
4	0.01504	0.01544	0.01240	0.01180	0.01508	0.13872	0.00889	0.01928	0.08186	0.02326	0.06522	0.06239	0.46494	0.01763	0.00923	0.00268	0.00655	0.01434	0.00712	0.00814
5	0.01049	0.00746	0.00946	0.01090	0.01142	0.00702	0.00711	0.01169	0.01533	0.02028	0.04417	0.54016	0.08460	0.15888	0.01674	0.00425	0.00542	0.02101	0.00719	0.00643
6	0.01730	0.01609	0.01551	0.01512	0.01735	0.11916	0.01112	0.05367	0.13987	0.02487	0.03258	0.31810	0.03438	0.05704	0.04580	0.00379	0.04775	0.01478	0.00679	0.00892
7	0.02102	0.07723	0.19285	0.02380	0.09640	0.18361	0.05131	0.05605	0.01989	0.02468	0.01938	0.12749	0.01832	0.01122	0.00905	0.00259	0.04067	0.00908	0.00474	0.01061
8	0.01154	0.00829	0.01059	0.01175	0.01291	0.00793	0.00870	0.01364	0.01696	0.02225	0.08771	0.28618	0.11436	0.15710	0.01690	0.00430	0.00615	0.18867	0.00727	0.00678
9	0.17656	0.03174	0.40024	0.01885	0.02862	0.01759	0.02212	0.02562	0.01701	0.05355	0.01487	0.01705	0.01087	0.00768	0.00706	0.00240	0.00988	0.00569	0.00434	0.12827
10	0.10613	0.31438	0.30215	0.01821	0.02714	0.05835	0.02069	0.02586	0.01718	0.02449	0.01304	0.01522	0.01041	0.00758	0.00650	0.00225	0.01035	0.00521	0.00375	0.01110
11	0.01698	0.02355	0.20131	0.19990	0.14005	0.04667	0.02227	0.02386	0.05022	0.02393	0.01734	0.02280	0.01391	0.01875	0.13832	0.00472	0.01332	0.00735	0.00414	0.01061
12	0.01379	0.05001	0.05327	0.01603	0.01859	0.01431	0.04464	0.01718	0.01402	0.02014	0.01973	0.02863	0.01814	0.04818	0.49590	0.01051	0.09605	0.00838	0.00425	0.00824
13	0.01954	0.01220	0.01443	0.05899	0.01906	0.01184	0.01036	0.02635	0.14152	0.19237	0.05604	0.05283	0.32003	0.01543	0.00906	0.00274	0.00590	0.01283	0.00825	0.01023
14	0.02903	0.11139	0.02526	0.02016	0.02480	0.53901	0.01556	0.03336	0.08438	0.02168	0.01479	0.01640	0.01216	0.00867	0.00735	0.00217	0.01347	0.00565	0.00462	0.01009
15	0.02069	0.01817	0.02315	0.05670	0.23178	0.04657	0.01693	0.15638	0.09501	0.03189	0.03405	0.03667	0.15143	0.01195	0.00870	0.00263	0.00833	0.03101	0.00641	0.01154
16	0.01179	0.00793	0.00915	0.00943	0.00951	0.00786	0.00543	0.01200	0.01265	0.01687	0.02910	0.15116	0.03390	0.60621	0.03755	0.00736	0.00757	0.01380	0.00543	0.00529
17	0.01205	0.00810	0.00926	0.00919	0.00938	0.00803	0.00530	0.01243	0.01318	0.01776	0.08608	0.05510	0.03482	0.64188	0.03917	0.00753	0.00766	0.01236	0.00543	0.00530
18	0.02631	0.09531	0.02813	0.02844	0.21578	0.22838	0.01815	0.16641	0.02473	0.03024	0.01592	0.01847	0.01277	0.00845	0.00760	0.00227	0.01091	0.00650	0.04348	0.01174
19	0.01286	0.01210	0.02028	0.05245	0.02225	0.01126	0.16994	0.01618	0.01796	0.02292	0.05079	0.22227	0.27365	0.04250	0.01110	0.00314	0.00744	0.01635	0.00648	0.00809
20	0.01076	0.00808	0.00997	0.01028	0.01200	0.00729	0.00741	0.01345	0.01999	0.02680	0.31960	0.26467	0.21773	0.02081	0.01005	0.00290	0.00427	0.01832	0.00834	0.00729
21	0.17030	0.01146	0.01369	0.01292	0.01538	0.01298	0.01012	0.05009	0.01703	0.02772	0.14384	0.07951	0.03106	0.03420	0.28910	0.00721	0.04920	0.01004	0.00590	0.00823
22	0.01972	0.15539	0.28174	0.02969	0.22497	0.02198	0.02414	0.06715	0.01916	0.02684	0.01519	0.01854	0.01207	0.01011	0.03662	0.00288	0.01112	0.00644	0.00408	0.01217
23	0.02767	0.03407	0.02508	0.02209	0.02559	0.50159	0.04310	0.02995	0.02096	0.02053	0.01258	0.01602	0.01083	0.00982	0.01200	0.00250	0.16594	0.00597	0.00413	0.00958
24	0.01139	0.00816	0.01013	0.01014	0.01143	0.00763	0.00700	0.01377	0.01901	0.02609	0.34582	0.17364	0.10978	0.18825	0.01790	0.00410	0.00511	0.01601	0.00777	0.00689
25	0.01783	0.09971	0.34284	0.06211	0.11032	0.02030	0.13857	0.02507	0.01789	0.02525	0.01667	0.05553	0.01367	0.00859	0.00820	0.00261	0.01151	0.00782	0.00395	0.01156
26	0.02359	0.08123	0.03177	0.07380	0.12570	0.22543	0.15084	0.07206	0.02143	0.02522	0.01821	0.02160	0.04419	0.00891	0.00903	0.00247	0.04162	0.00756	0.00459	0.01074
27	0.01253	0.00889	0.01067	0.01078	0.01326	0.00796	0.00844	0.01538	0.02003	0.06209	0.19561	0.12232	0.32986	0.02026	0.01010	0.00299	0.00501	0.12794	0.00816	0.00771
28	0.06375	0.20116	0.02662	0.01581	0.02224	0.02377	0.01349	0.22124	0.14578	0.03524	0.01913	0.01956	0.01483	0.00871	0.00702	0.00216	0.00792	0.00647	0.00635	0.13875
29	0.01412	0.01099	0.01666	0.15547	0.05769	0.01291	0.01350	0.01744	0.01471	0.02148	0.01992	0.02835	0.01750	0.03644	0.33813	0.04816	0.05464	0.00816	0.10567	0.00804
30	0.02376	0.09554	0.13535	0.05865	0.08776	0.27128	0.01998	0.04884	0.01977	0.02305	0.01335	0.01690	0.01108	0.00928	0.01094	0.00253	0.13121	0.00611	0.00407	0.01055
31	0.02925	0.08084	0.02541	0.02046	0.02501	0.42910	0.01608	0.15629	0.02526	0.02697	0.01405	0.01623	0.01144	0.00935	0.00948	0.00234	0.08090	0.00593	0.00501	0.01059
32	0.01031	0.00731	0.00958	0.01133	0.01176	0.00687	0.00746	0.01162	0.01554	0.02072	0.04391	0.64056	0.05258	0.09132	0.01364	0.00382	0.00513	0.02251	0.00746	0.00658
33	0.01071	0.00850	0.00966	0.00951	0.01196	0.00745	0.00723	0.01357	0.02063	0.02656	0.29089	0.07406	0.41101	0.01964	0.00989	0.00279	0.00428	0.04607	0.00824	0.00735
34	0.09354	0.12787	0.04388	0.01092	0.01426	0.01380	0.00913	0.01757	0.01578	0.02342	0.03368	0.04076	0.15332	0.15403	0.09408	0.00476	0.00844	0.00984	0.12311	0.00784
35	0.01220	0.00949	0.01104	0.01172	0.01337	0.00949	0.00820	0.01770	0.13165	0.02345	0.04892	0.39928	0.15962	0.08766	0.01309	0.00361	0.00534	0.01874	0.00759	0.00782
36	0.01015	0.00795	0.00923	0.01019	0.01191	0.00703	0.00732	0.01205	0.01759	0.02202	0.06485	0.35883	0.35319	0.02337	0.01026	0.00311	0.00467	0.05164	0.00771	0.00693
37	0.09680	0.07833	0.02422	0.07924	0.05977	0.38775	0.01612	0.06554	0.07119	0.02529	0.01502	0.01720	0.01206	0.00859	0.00735	0.00230	0.01214	0.00593	0.00481	0.01033
38	0.20915	0.01052	0.01055	0.01068	0.01336	0.01066	0.00792	0.03723	0.01748	0.02738	0.07129	0.28615	0.22119	0.01881	0.00882	0.00293	0.00518	0.01587	0.00712	0.00772
39	0.01055	0.00783	0.00994	0.01146	0.01265	0.00723	0.00827	0.01249	0.01703	0.02202	0.05365	0.47915	0.18062	0.02451	0.01057	0.00332	0.00512	0.10896	0.00770	0.00694
40	0.02320	0.12534	0.02432	0.01737	0.02161	0.12142	0.01431	0.21320	0.02348	0.02998	0.01734	0.02159	0.01463	0.02451	0.19733	0.00550	0.08183	0.00708	0.00543	0.01053
41	0.01986	0.03152	0.31365	0.02704	0.08142	0.05022	0.13653	0.08568	0.01971	0.02781	0.01512	0.01890	0.01154	0.00893	0.01122	0.00277	0.11496	0.00718	0.00421	0.01173
42	0.01605	0.01058	0.01386	0.01507	0.04917	0.01035	0.01035	0.08722	0.01972	0.08921	0.03978	0.48690	0.04416	0.02143	0.01003	0.00317	0.00597	0.05041	0.00784	0.00873
43	0.02623	0.03116	0.02226	0.16137	0.03077	0.46910	0.01652	0.02926	0.02146	0.02158	0.01467	0.01809	0.01184	0.00862	0.00750	0.00225	0.01305	0.00602	0.07890	0.00936
44	0.01446	0.01221	0.02060	0.01900	0.02235	0.01181	0.14277	0.01884	0.01921	0.02506	0.04102	0.07764	0.08240	0.01944	0.01101	0.00354	0.00876	0.43462	0.00692	0.00836
45	0.02056	0.01974	0.03372	0.05099	0.65622	0.01974	0.02550	0.02550	0.01892	0.02714	0.01563	0.02056	0.01316	0.00740	0.00822	0.00247	0.00987	0.00740	0.00411	0.01316
46	0.02861	0.03595	0.02894	0.02429	0.02944	0.53612	0.14537	0.03178	0.02271	0.02166	0.01368	0.01656	0.01110	0.00823	0.00798	0.00228	0.01477	0.00629	0.00426	0.00996
47	0.01452	0.01269	0.01990	0.23318	0.16078	0.01358	0.01680	0.01850	0.01796	0.02384	0.07532	0.16949	0.09044	0.01509	0.00936	0.00294	0.00806	0.08269	0.00579	0.00907
48	0.01055	0.00855	0.00933	0.00949	0.01198	0.00745	0.00727	0.01297	0.01918	0.02366	0.13933	0.07857	0.49205	0.04905	0.01135	0.00312	0.00474	0.08650	0.00775	0.00710
49	0.01569	0.01477	0.02492	0.68808	0.05722	0.01846	0.02307	0.02123	0.01661	0.02123	0.01477	0.02215	0.01107	0.00831	0.00831	0.00277	0.01107	0.00738	0.00369	0.00923
50	0.02221	0.71304	0.04353	0.01421	0.02132	0.03287	0.01421	0.02488	0.01688	0.01955	0.01155	0.01333	0.01066	0.00711	0.00533	0.00178	0.00888	0.00444	0.00355	0.01066
51	0.01050	0.00753	0.00938	0.01069	0.01133	0.00705	0.00699	0.01171	0.01542	0.02026	0.04578	0.49781	0.11441	0.17007	0.01723	0.00430	0.00544	0.02051	0.00714	0.00641
52	0.02736	0.01920	0.02043	0.01613	0.02155	0.02104	0.01317	0.46887	0.03339	0.04675	0.02182	0.02283	0.01601	0.00990	0.00765	0.00235	0.00776	0.00755	0.20378	0.01245
53	0.01187	0.00890	0.01335	0.01335	0.01483	0.01038	0.01038	0.01483	0.01335	0.01928	0.02225	0.03264	0.02077	0.06231	0.67512	0.01335	0.02225	0.00890	0.00445	0.00742
54	0.01698	0.08162	0.62916	0.02313	0.03511	0.02008	0.02974	0.02623	0.01750	0.02592	0.01471	0.01730	0.01053	0.00785	0.00774	0.00258	0.01208	0.00604	0.00351	0.01218
55	0.01106	0.00855	0.01059	0.01031	0.01248	0.00807	0.00781	0.01411	0.01966	0.02631	0.30816	0.06244	0.27890	0.02809	0.15085	0.00496	0.00791	0.01465	0.00762	0.00744
56	0.08158	0.01020	0.01112	0.01024	0.01384	0.00916	0.00806	0.01871	0.01961	0.14219	0.09088	0.06451	0.42435	0.01781	0.00922	0.00278	0.00509	0.04405	0.00802	0.00857
57	0.02037	0.01944	0.03256	0.07484	0.59790	0.01974	0.02473	0.02633	0.05234	0.02731	0.01657	0.02119	0.01373	0.00765	0.00824	0.00250	0.00974	0.00751	0.00433	0.01300
58	0.01306	0.00977	0.01285	0.01348	0.01466	0.01036	0.01067	0.01545	0.01665	0.02216	0.06977	0.10852	0.07205	0.20363	0.02100	0.00479	0.07552	0.29193	0.00664	0.00702
59	0.01020	0.00746	0.00959	0.01110	0.01197	0.00686	0.00755	0.01190	0.01681	0.02220	0.09267	0.58096	0.13064	0.02478	0.01045	0.00325	0.00468	0.02227	0.00781	0.00686
60	0.02489	0.02855	0.02758	0.12790	0.26807	0.33376	0.02062	0.02857	0.02081	0.02303	0.01417	0.01811	0.01168	0.00809	0.00788	0.00235	0.01249	0.00642	0.00413	0.01090
61	0.15214	0.02184	0.08198	0.03729	0.41183	0.06441	0.02128	0.02519	0.01791	0.02780	0.01522	0.02047	0.01294	0.04492	0.00942	0.00277	0.00973	0.00689	0.00430	0.01167
62	0.17659	0.09655	0.23602	0.02868	0.22793	0.04966	0.02219	0.02581	0.01746	0.02794	0.01401	0.01712	0.01107	0.00765	0.00715	0.00246	0.01006	0.00599	0.00408	0.01159
63	0.02185	0.05752	0.12736	0.03212	0.24266	0.16007	0.05342	0.02726	0.04622	0.02445	0.01489	0.01879	0.01229	0.00896	0.01091	0.00261	0.11621	0.00684	0.00415	0.01144
64	0.05298	0.02040	0.02343	0.02690	0.20821	0.14066	0.04790	0.07314	0.05298	0.02834	0.08156	0.06328	0.08982	0.01193	0.00864	0.00261	0.00923	0.04149	0.00591	0.01060
65	0.02389	0.05122	0.02145	0.04816	0.05674	0.24181	0.01437	0.14975	0.06686	0.02822	0.02443	0.12069	0.05203	0.01312	0.00958	0.04190	0.01009	0.00959	0.00597	0.01015

[dist]
# distance from previous block
# <min> <max>
0	95

[block]
# block no. 10 follows, 22 sequences, length 108
# corresponding to MSA columns:
# 605-712
name=unknown_K
#
# <colnr> <probs for GDERKNQSTAVLIFYWHMCP>
#	G	D	E	R	K	N	Q	S	T	A	V	L	I	F	Y	W	H	M	C	P
0	0.01899	0.01810	0.06240	0.03018	0.24856	0.01663	0.11386	0.05321	0.05672	0.05799	0.02988	0.03247	0.11739	0.01364	0.05090	0.00327	0.00985	0.00961	0.04508	0.01126
1	0.01963	0.02341	0.06346	0.06371	0.03120	0.18169	0.24400	0.02401	0.01935	0.02329	0.02314	0.19749	0.02296	0.01248	0.00924	0.00277	0.01159	0.01194	0.00507	0.00959
2	0.02186	0.21454	0.23295	0.06241	0.03032	0.05246	0.05414	0.15355	0.02209	0.02918	0.01538	0.01798	0.01190	0.01032	0.03423	0.00280	0.01124	0.00633	0.00466	0.01167
3	0.02010	0.03242	0.26295	0.02098	0.05502	0.22557	0.02013	0.02517	0.01953	0.02331	0.02819	0.02963	0.14177	0.01113	0.00925	0.00256	0.04909	0.00833	0.00465	0.01022
4	0.02120	0.02794	0.16435	0.03189	0.20744	0.13339	0.14309	0.04946	0.02013	0.02640	0.01651	0.04549	0.01367	0.00837	0.00832	0.00247	0.01165	0.00774	0.00438	0.05609
5	0.01813	0.07907	0.21137	0.06095	0.02650	0.15001	0.03957	0.02279	0.01825	0.02297	0.02363	0.21472	0.02386	0.01325	0.00841	0.00267	0.01010	0.01115	0.03298	0.00962
6	0.02146	0.03292	0.30086	0.02936	0.19664	0.15220	0.02424	0.02771	0.01975	0.05875	0.04679	0.02056	0.01510	0.00847	0.00802	0.00248	0.01151	0.00686	0.00445	0.01185
7	0.01176	0.01011	0.01028	0.00994	0.01308	0.00946	0.00754	0.01770	0.13056	0.02465	0.07513	0.07117	0.54029	0.01929	0.00957	0.00281	0.00463	0.01607	0.00785	0.00811
8	0.02256	0.02534	0.06909	0.04307	0.48522	0.15903	0.02380	0.02718	0.01982	0.02564	0.01499	0.01919	0.01248	0.00768	0.00805	0.00241	0.01110	0.00689	0.00411	0.01236
9	0.01055	0.00751	0.00999	0.01181	0.01241	0.00710	0.00814	0.01216	0.01603	0.02131	0.04457	0.60684	0.05292	0.06176	0.01237	0.00367	0.00528	0.08127	0.00756	0.00675
10	0.01549	0.00774	0.00774	0.00774	0.00968	0.00774	0.00581	0.01936	0.01742	0.03097	0.02710	0.03097	0.02129	0.00968	0.00581	0.00194	0.00387	0.00774	0.75416	0.00774
11	0.01037	0.00769	0.00972	0.01107	0.01220	0.00704	0.00776	0.01226	0.01726	0.02258	0.09954	0.49844	0.17294	0.02419	0.01044	0.00323	0.00479	0.05373	0.00782	0.00693
12	0.01793	0.01794	0.02354	0.02053	0.02098	0.05800	0.01690	0.01993	0.01340	0.01991	0.01270	0.02016	0.01236	0.02133	0.12265	0.00500	0.55668	0.00741	0.00379	0.00887
13	0.01243	0.00840	0.01035	0.01035	0.01209	0.00872	0.00774	0.01516	0.01551	0.02279	0.03713	0.04445	0.15631	0.10454	0.28876	0.00749	0.01201	0.01075	0.20785	0.00718
14	0.01045	0.00806	0.00955	0.00997	0.01181	0.00716	0.00718	0.01286	0.01926	0.02508	0.23011	0.27033	0.30539	0.02148	0.01006	0.00293	0.00432	0.01874	0.00811	0.00716
15	0.02267	0.10248	0.08754	0.01859	0.02366	0.12718	0.01615	0.03473	0.28428	0.06249	0.02268	0.02308	0.01751	0.01045	0.01060	0.00268	0.10791	0.00749	0.00614	0.01168
16	0.01274	0.00943	0.01055	0.01013	0.01304	0.00850	0.00779	0.01674	0.05966	0.06367	0.19548	0.07073	0.42237	0.01903	0.00973	0.00281	0.00465	0.04674	0.00821	0.00803
17	0.01028	0.00734	0.00982	0.01175	0.01230	0.00688	0.00798	0.01184	0.01606	0.02138	0.04570	0.67350	0.05460	0.02588	0.01065	0.00340	0.00496	0.05120	0.00771	0.00679
18	0.03103	0.03959	0.02354	0.02140	0.02568	0.67469	0.01605	0.03317	0.02354	0.02033	0.01284	0.01498	0.01070	0.00856	0.00749	0.00214	0.01498	0.00535	0.00428	0.00963
19	0.02168	0.05354	0.02397	0.14214	0.16050	0.19012	0.01718	0.07681	0.02039	0.02481	0.01812	0.05814	0.01632	0.06652	0.03990	0.00335	0.01119	0.00802	0.03726	0.01005
20	0.01770	0.01558	0.01757	0.01579	0.01699	0.08302	0.01258	0.02024	0.01537	0.02333	0.01817	0.02512	0.01612	0.05013	0.08140	0.00408	0.30385	0.00762	0.24699	0.00835
21	0.03158	0.02327	0.02493	0.01911	0.02576	0.02576	0.01579	0.62852	0.03906	0.05236	0.01995	0.01995	0.01413	0.00997	0.00831	0.00249	0.00914	0.00748	0.00831	0.01413
22	0.01012	0.00723	0.00964	0.01157	0.01205	0.00675	0.00771	0.01157	0.01591	0.02121	0.04579	0.70262	0.05495	0.02603	0.01060	0.00337	0.00482	0.02362	0.00771	0.00675
23	0.01187	0.00890	0.01335	0.01335	0.01483	0.01038	0.01038	0.01483	0.01335	0.01928	0.02225	0.03264	0.02077	0.06231	0.67512	0.01335	0.02225	0.00890	0.00445	0.00742
24	0.01185	0.00809	0.00900	0.00900	0.00928	0.00795	0.00516	0.01206	0.01277	0.01675	0.03203	0.05695	0.09311	0.63863	0.03900	0.00752	0.00767	0.01263	0.00530	0.00523
25	0.02710	0.01757	0.01941	0.01543	0.02064	0.01871	0.01255	0.37335	0.03128	0.12108	0.08343	0.02725	0.02253	0.01062	0.00795	0.00240	0.00731	0.00836	0.16081	0.01222
26	0.01731	0.12138	0.59228	0.02257	0.03424	0.02088	0.02877	0.02614	0.01746	0.02552	0.01452	0.01705	0.01054	0.00780	0.00759	0.00253	0.01188	0.00594	0.00351	0.01209
27	0.01204	0.00823	0.00997	0.00997	0.01029	0.00855	0.00617	0.01267	0.01235	0.01678	0.02534	0.04974	0.02820	0.57069	0.17689	0.00918	0.01107	0.01140	0.00491	0.00554
28	0.01187	0.00890	0.01335	0.01335	0.01483	0.01038	0.01038	0.01483	0.01335	0.01928	0.02225	0.03264	0.02077	0.06231	0.67512	0.01335	0.02225	0.00890	0.00445	0.00742
29	0.02161	0.64000	0.11128	0.01525	0.02292	0.03139	0.01601	0.02503	0.01695	0.02028	0.01192	0.01379	0.01065	0.00719	0.00561	0.00187	0.00925	0.00463	0.00355	0.01084
30	0.01238	0.01223	0.07859	0.01380	0.01617	0.01096	0.01169	0.01561	0.01360	0.01955	0.02206	0.03413	0.02105	0.14664	0.51967	0.01153	0.01927	0.00906	0.00444	0.00758
31	0.01100	0.00786	0.01065	0.01258	0.01344	0.00751	0.00925	0.01309	0.01678	0.02219	0.04530	0.53803	0.05302	0.02519	0.01084	0.00350	0.00558	0.17950	0.00769	0.00699
32	0.01702	0.01057	0.01236	0.01124	0.01436	0.00984	0.00846	0.05329	0.05037	0.14027	0.14381	0.12163	0.26620	0.08733	0.01276	0.00330	0.00551	0.01462	0.00819	0.00888
33	0.02327	0.02184	0.09945	0.01871	0.02438	0.02090	0.04056	0.31526	0.06766	0.03904	0.08416	0.05746	0.05572	0.01211	0.01057	0.00272	0.07768	0.00947	0.00713	0.01192
34	0.01932	0.01831	0.03058	0.04402	0.52595	0.01910	0.02307	0.02375	0.01773	0.02560	0.01602	0.02181	0.01388	0.01459	0.08980	0.00387	0.06880	0.00757	0.00411	0.01213
35	0.01039	0.00826	0.00933	0.00943	0.01167	0.00720	0.00693	0.01289	0.01975	0.02523	0.23343	0.16520	0.40963	0.02066	0.00993	0.00284	0.00422	0.01773	0.00810	0.00720
36	0.14156	0.06348	0.02276	0.02081	0.08291	0.28211	0.01499	0.12814	0.02258	0.02881	0.01523	0.01828	0.01253	0.01533	0.09235	0.00371	0.01278	0.00618	0.00506	0.01040
37	0.01809	0.07552	0.02582	0.02528	0.15578	0.06962	0.04349	0.02126	0.01571	0.02157	0.01592	0.02274	0.01451	0.02656	0.22186	0.00612	0.19884	0.00754	0.00406	0.00970
38	0.01250	0.00893	0.01237	0.01429	0.01582	0.00880	0.01185	0.01569	0.01825	0.02387	0.04447	0.25830	0.04974	0.02378	0.01124	0.00370	0.00688	0.44443	0.00767	0.00741
39	0.02535	0.24389	0.07012	0.02510	0.15359	0.23659	0.01825	0.08876	0.02173	0.02507	0.01385	0.01626	0.01153	0.00797	0.00707	0.00216	0.01129	0.00575	0.00438	0.01128
40	0.02494	0.02384	0.02057	0.01933	0.05603	0.22387	0.01420	0.09479	0.23468	0.06754	0.02574	0.02597	0.04077	0.01274	0.03993	0.00300	0.01021	0.00795	0.04246	0.01145
41	0.02221	0.60264	0.10505	0.01563	0.02308	0.07220	0.01600	0.02555	0.01737	0.02028	0.01197	0.01386	0.01065	0.00728	0.00573	0.00189	0.00961	0.00467	0.00360	0.01076
42	0.04920	0.02147	0.16248	0.02154	0.02876	0.01556	0.17576	0.02842	0.02041	0.20997	0.07286	0.03487	0.02385	0.01096	0.00903	0.00281	0.00979	0.08412	0.00665	0.01149
43	0.01006	0.00748	0.00938	0.01090	0.01187	0.00680	0.00741	0.01164	0.01655	0.02147	0.05395	0.57018	0.18212	0.02497	0.01044	0.00325	0.00469	0.02232	0.00771	0.00680
44	0.01427	0.01018	0.01193	0.01117	0.01366	0.01034	0.00847	0.02203	0.14377	0.03312	0.40281	0.04960	0.05631	0.01437	0.00872	0.00251	0.00443	0.01243	0.16101	0.00886
45	0.01913	0.01402	0.04556	0.01354	0.01689	0.01317	0.01062	0.15599	0.05138	0.09332	0.03419	0.21382	0.07009	0.15734	0.01582	0.00389	0.00704	0.01347	0.04128	0.00944
46	0.01208	0.00805	0.00906	0.00906	0.00906	0.00805	0.00503	0.01208	0.01208	0.01611	0.02618	0.05436	0.03020	0.70804	0.04228	0.00805	0.00805	0.01208	0.00503	0.00503
47	0.03334	0.01669	0.02040	0.01605	0.02224	0.01648	0.01313	0.16616	0.12819	0.42954	0.03022	0.02695	0.01998	0.01038	0.00836	0.00259	0.00743	0.00834	0.00956	0.01397
48	0.01910	0.02717	0.19639	0.09366	0.16298	0.15564	0.02103	0.02407	0.01868	0.02366	0.02091	0.15788	0.02024	0.01167	0.00847	0.00266	0.01070	0.00993	0.00468	0.01047
49	0.01691	0.03431	0.44379	0.02520	0.03546	0.01857	0.17833	0.02531	0.01866	0.02709	0.07974	0.02326	0.01790	0.00859	0.00857	0.00267	0.01187	0.00796	0.00425	0.01156
50	0.01549	0.00774	0.00774	0.00774	0.00968	0.00774	0.00581	0.01936	0.01742	0.03097	0.02710	0.03097	0.02129	0.00968	0.00581	0.00194	0.00387	0.00774	0.75416	0.00774
51	0.01549	0.01130	0.01369	0.01255	0.01400	0.01252	0.00894	0.11136	0.01675	0.02295	0.02324	0.04099	0.02400	0.38498	0.20334	0.00831	0.05270	0.01022	0.00532	0.00735
52	0.01865	0.01739	0.02735	0.03910	0.46073	0.01749	0.02052	0.02531	0.09178	0.02771	0.06022	0.03203	0.10516	0.01021	0.00855	0.00256	0.00840	0.00941	0.00537	0.01204
53	0.01818	0.01818	0.02545	0.02181	0.02181	0.02545	0.01818	0.01999	0.01272	0.01999	0.01091	0.01818	0.01091	0.01454	0.02726	0.00364	0.69284	0.00727	0.00364	0.00909
54	0.03158	0.02327	0.02493	0.01911	0.02576	0.02576	0.01579	0.62852	0.03906	0.05236	0.01995	0.01995	0.01413	0.00997	0.00831	0.00249	0.00914	0.00748	0.00831	0.01413
55	0.01012	0.00723	0.00964	0.01157	0.01205	0.00675	0.00771	0.01157	0.01591	0.02121	0.04579	0.70262	0.05495	0.02603	0.01060	0.00337	0.00482	0.02362	0.00771	0.00675
56	0.01569	0.01477	0.02492	0.68808	0.05722	0.01846	0.02307	0.02123	0.01661	0.02123	0.01477	0.02215	0.01107	0.00831	0.00831	0.00277	0.01107	0.00738	0.00369	0.00923
57	0.02066	0.01785	0.01878	0.01691	0.02160	0.02066	0.01315	0.04414	0.64121	0.03475	0.03381	0.03099	0.02536	0.01127	0.00845	0.00282	0.00657	0.00939	0.00845	0.01315
58	0.02056	0.01974	0.03372	0.05099	0.65622	0.01974	0.02550	0.02550	0.01892	0.02714	0.01563	0.02056	0.01316	0.00740	0.00822	0.00247	0.00987	0.00740	0.00411	0.01316
59	0.01818	0.01818	0.02545	0.02181	0.02181	0.02545	0.01818	0.01999	0.01272	0.01999	0.01091	0.01818	0.01091	0.01454	0.02726	0.00364	0.69284	0.00727	0.00364	0.00909
