[name]
unknown

[dist]
# distance from previous block
# <min> <max>
0	3260

[block]
# block no. 0 follows, 19 sequences, length 12
# corresponding to MSA columns:
# 3260-3271
name=unknown_A
#
# <colnr> <probs for GDERKNQSTAVLIFYWHMCP>
#	G	D	E	R	K	N	Q	S	T	A	V	L	I	F	Y	W	H	M	C	P
0	0.01442	0.01030	0.01442	0.01648	0.01854	0.01030	0.01442	0.01854	0.02060	0.02677	0.04737	0.10092	0.05149	0.02471	0.01236	0.00412	0.00824	0.56956	0.00824	0.00824
1	0.01057	0.00906	0.00906	0.00906	0.01208	0.00755	0.00680	0.01284	0.02039	0.02417	0.09063	0.08610	0.62615	0.02266	0.01057	0.00302	0.00453	0.01888	0.00831	0.00755
2	0.01838	0.01741	0.02951	0.49205	0.22207	0.02027	0.02558	0.02416	0.01859	0.02466	0.01616	0.02337	0.01256	0.00867	0.00892	0.00289	0.01156	0.00796	0.00410	0.01113
3	0.01057	0.00906	0.00906	0.00906	0.01208	0.00755	0.00680	0.01284	0.02039	0.02417	0.09063	0.08610	0.62615	0.02266	0.01057	0.00302	0.00453	0.01888	0.00831	0.00755
4	0.01278	0.00959	0.01438	0.01438	0.01598	0.01118	0.01118	0.01598	0.01438	0.02077	0.02396	0.03515	0.02237	0.06710	0.65013	0.01438	0.02396	0.00959	0.00479	0.00799
5	0.01855	0.01590	0.01855	0.01325	0.02120	0.01193	0.01060	0.02253	0.01855	0.02915	0.01590	0.01855	0.01325	0.00663	0.00663	0.00133	0.00663	0.00530	0.00530	0.74028
6	0.01278	0.00959	0.01438	0.01438	0.01598	0.01118	0.01118	0.01598	0.01438	0.02077	0.02396	0.03515	0.02237	0.06710	0.65013	0.01438	0.02396	0.00959	0.00479	0.00799
7	0.01855	0.01590	0.01855	0.01325	0.02120	0.01193	0.01060	0.02253	0.01855	0.02915	0.01590	0.01855	0.01325	0.00663	0.00663	0.00133	0.00663	0.00530	0.00530	0.74028
8	0.01301	0.00867	0.00976	0.00976	0.00976	0.00867	0.00542	0.01301	0.01301	0.01735	0.02819	0.05855	0.03253	0.68559	0.04554	0.00867	0.00867	0.01301	0.00542	0.00542
9	0.03401	0.02506	0.02685	0.02058	0.02774	0.02774	0.01700	0.59995	0.04206	0.05638	0.02148	0.02148	0.01521	0.01074	0.00895	0.00268	0.00984	0.00805	0.00895	0.01521
10	0.02214	0.02126	0.03631	0.05491	0.62978	0.02126	0.02746	0.02746	0.02037	0.02923	0.01683	0.02214	0.01417	0.00797	0.00886	0.00266	0.01063	0.00797	0.00443	0.01417
11	0.01592	0.01455	0.01678	0.01618	0.01804	0.09338	0.01261	0.01891	0.01572	0.02097	0.02173	0.03153	0.02017	0.05578	0.52076	0.01204	0.07284	0.00896	0.00470	0.00843

[dist]
# distance from previous block
# <min> <max>
8	11

[block]
# block no. 1 follows, 19 sequences, length 15
# corresponding to MSA columns:
# 3283-3297
name=unknown_B
#
# <colnr> <probs for GDERKNQSTAVLIFYWHMCP>
#	G	D	E	R	K	N	Q	S	T	A	V	L	I	F	Y	W	H	M	C	P
0	0.01855	0.01590	0.01855	0.01325	0.02120	0.01193	0.01060	0.02253	0.01855	0.02915	0.01590	0.01855	0.01325	0.00663	0.00663	0.00133	0.00663	0.00530	0.00530	0.74028
1	0.34667	0.01667	0.01836	0.01554	0.02009	0.01901	0.01282	0.02967	0.01786	0.20760	0.01966	0.02150	0.01453	0.01437	0.05262	0.00375	0.14435	0.00696	0.00676	0.01120
2	0.02175	0.02086	0.03561	0.09994	0.58778	0.02115	0.02726	0.02712	0.02019	0.02876	0.01676	0.02227	0.01401	0.00804	0.00886	0.00268	0.01072	0.00797	0.00440	0.01386
3	0.03269	0.02428	0.02614	0.01996	0.02719	0.02639	0.01646	0.55068	0.04006	0.05406	0.02100	0.02123	0.01505	0.01039	0.00875	0.00257	0.00957	0.00782	0.00864	0.07708
4	0.01690	0.01590	0.02683	0.66408	0.06162	0.01988	0.02485	0.02286	0.01789	0.02286	0.01590	0.02385	0.01193	0.00894	0.00894	0.00298	0.01193	0.00795	0.00398	0.00994
5	0.01887	0.14576	0.54782	0.02393	0.03629	0.02303	0.03032	0.02809	0.01878	0.02721	0.01550	0.01819	0.01136	0.00837	0.00807	0.00269	0.01266	0.00633	0.00379	0.01295
6	0.01057	0.00906	0.00906	0.00906	0.01208	0.00755	0.00680	0.01284	0.02039	0.02417	0.09063	0.08610	0.62615	0.02266	0.01057	0.00302	0.00453	0.01888	0.00831	0.00755
7	0.02073	0.01981	0.03376	0.21906	0.47668	0.02088	0.02675	0.02622	0.01970	0.02751	0.01658	0.02260	0.01357	0.00823	0.00888	0.00274	0.01098	0.00797	0.00431	0.01303
8	0.02802	0.03294	0.02866	0.03171	0.18919	0.37414	0.02042	0.03107	0.02202	0.02381	0.01428	0.01834	0.01227	0.00998	0.01191	0.00267	0.12610	0.00671	0.00444	0.01130
9	0.01301	0.00867	0.00976	0.00976	0.00976	0.00867	0.00542	0.01301	0.01301	0.01735	0.02819	0.05855	0.03253	0.68559	0.04554	0.00867	0.00867	0.01301	0.00542	0.00542
10	0.01830	0.04414	0.58779	0.02801	0.08916	0.02082	0.03258	0.02826	0.01901	0.02841	0.01612	0.01917	0.01158	0.00845	0.00853	0.00282	0.01300	0.00673	0.00383	0.01330
11	0.10372	0.00940	0.00891	0.00875	0.01124	0.00973	0.00666	0.02149	0.01834	0.03416	0.02720	0.03112	0.02136	0.01017	0.00617	0.00217	0.00450	0.00792	0.64849	0.00850
12	0.02214	0.02126	0.03631	0.05491	0.62978	0.02126	0.02746	0.02746	0.02037	0.02923	0.01683	0.02214	0.01417	0.00797	0.00886	0.00266	0.01063	0.00797	0.00443	0.01417
13	0.02214	0.02126	0.03631	0.05491	0.62978	0.02126	0.02746	0.02746	0.02037	0.02923	0.01683	0.02214	0.01417	0.00797	0.00886	0.00266	0.01063	0.00797	0.00443	0.01417
14	0.01278	0.00959	0.01438	0.01438	0.01598	0.01118	0.01118	0.01598	0.01438	0.02077	0.02396	0.03515	0.02237	0.06710	0.65013	0.01438	0.02396	0.00959	0.00479	0.00799

[dist]
# distance from previous block
# <min> <max>
0	1

[block]
# block no. 2 follows, 19 sequences, length 7
# corresponding to MSA columns:
# 3299-3305
name=unknown_C
#
# <colnr> <probs for GDERKNQSTAVLIFYWHMCP>
#	G	D	E	R	K	N	Q	S	T	A	V	L	I	F	Y	W	H	M	C	P
0	0.01989	0.09729	0.38471	0.03432	0.23336	0.02228	0.02956	0.02790	0.01931	0.02796	0.01598	0.01955	0.01229	0.00825	0.00836	0.00269	0.01203	0.00689	0.00400	0.01338
1	0.03197	0.14135	0.02863	0.02187	0.02694	0.55614	0.01698	0.03436	0.02426	0.02177	0.01362	0.01586	0.01152	0.00898	0.00771	0.00225	0.01513	0.00561	0.00449	0.01054
2	0.02495	0.62063	0.04455	0.01615	0.02347	0.10205	0.01552	0.02776	0.01896	0.02114	0.01259	0.01454	0.01149	0.00782	0.00599	0.00196	0.01028	0.00489	0.00391	0.01136
3	0.01278	0.00959	0.01438	0.01438	0.01598	0.01118	0.01118	0.01598	0.01438	0.02077	0.02396	0.03515	0.02237	0.06710	0.65013	0.01438	0.02396	0.00959	0.00479	0.00799
4	0.03077	0.02819	0.02590	0.02326	0.07053	0.18578	0.01730	0.30905	0.14447	0.04198	0.02201	0.02241	0.01648	0.01041	0.00875	0.00265	0.01099	0.00785	0.00754	0.01370
5	0.01554	0.00777	0.01166	0.01166	0.01166	0.00777	0.00777	0.01166	0.01166	0.01554	0.01554	0.02720	0.01554	0.03108	0.03497	0.73970	0.00777	0.00777	0.00389	0.00389
6	0.01090	0.00779	0.01038	0.01246	0.01298	0.00727	0.00830	0.01246	0.01713	0.02284	0.04931	0.67975	0.05917	0.02803	0.01142	0.00363	0.00519	0.02543	0.00830	0.00727

[dist]
# distance from previous block
# <min> <max>
0	1

[block]
# block no. 3 follows, 19 sequences, length 10
# corresponding to MSA columns:
# 3307-3316
name=unknown_D
#
# <colnr> <probs for GDERKNQSTAVLIFYWHMCP>
#	G	D	E	R	K	N	Q	S	T	A	V	L	I	F	Y	W	H	M	C	P
0	0.01106	0.00791	0.01053	0.01235	0.01301	0.00737	0.00832	0.01286	0.01788	0.02403	0.10214	0.62350	0.06149	0.02714	0.01134	0.00356	0.00510	0.02458	0.00845	0.00737
1	0.01965	0.03557	0.37259	0.03582	0.20729	0.02122	0.12386	0.02814	0.01967	0.02864	0.01661	0.02067	0.01250	0.00819	0.00894	0.00281	0.01279	0.00764	0.00408	0.01330
2	0.04014	0.01523	0.02076	0.01592	0.02284	0.01315	0.01315	0.04360	0.02561	0.63597	0.03530	0.03045	0.02215	0.01107	0.00900	0.00277	0.00761	0.00900	0.01107	0.01523
3	0.02064	0.01973	0.03361	0.22883	0.46757	0.02086	0.02671	0.02614	0.01966	0.02741	0.01656	0.02263	0.01353	0.00825	0.00888	0.00275	0.01100	0.00797	0.00430	0.01296
4	0.03362	0.03680	0.02585	0.02223	0.02769	0.44295	0.01719	0.22326	0.03091	0.03336	0.01637	0.01791	0.01275	0.00972	0.00836	0.00243	0.01404	0.00652	0.00605	0.01198
5	0.03348	0.04079	0.02551	0.02279	0.02767	0.58412	0.01726	0.09519	0.02711	0.02553	0.01464	0.01670	0.01191	0.00938	0.00816	0.00234	0.01547	0.00600	0.00507	0.01088
6	0.01090	0.00779	0.01038	0.01246	0.01298	0.00727	0.00830	0.01246	0.01713	0.02284	0.04931	0.67975	0.05917	0.02803	0.01142	0.00363	0.00519	0.02543	0.00830	0.00727
7	0.02214	0.02126	0.03631	0.05491	0.62978	0.02126	0.02746	0.02746	0.02037	0.02923	0.01683	0.02214	0.01417	0.00797	0.00886	0.00266	0.01063	0.00797	0.00443	0.01417
8	0.02214	0.02126	0.03631	0.05491	0.62978	0.02126	0.02746	0.02746	0.02037	0.02923	0.01683	0.02214	0.01417	0.00797	0.00886	0.00266	0.01063	0.00797	0.00443	0.01417
9	0.01668	0.00834	0.00834	0.00834	0.01042	0.00834	0.00625	0.02085	0.01876	0.03335	0.02918	0.03335	0.02293	0.01042	0.00625	0.00208	0.00417	0.00834	0.73525	0.00834

[dist]
# distance from previous block
# <min> <max>
0	1

[block]
# block no. 4 follows, 19 sequences, length 11
# corresponding to MSA columns:
# 3318-3328
name=unknown_E
#
# <colnr> <probs for GDERKNQSTAVLIFYWHMCP>
#	G	D	E	R	K	N	Q	S	T	A	V	L	I	F	Y	W	H	M	C	P
0	0.01301	0.00867	0.00976	0.00976	0.00976	0.00867	0.00542	0.01301	0.01301	0.01735	0.02819	0.05855	0.03253	0.68559	0.04554	0.00867	0.00867	0.01301	0.00542	0.00542
1	0.01792	0.01714	0.02424	0.02127	0.02166	0.02346	0.01753	0.02018	0.01387	0.02135	0.01472	0.02336	0.01433	0.02817	0.18033	0.00646	0.51229	0.00826	0.00413	0.00935
2	0.01176	0.00840	0.01136	0.01343	0.01433	0.00800	0.00979	0.01394	0.01797	0.02380	0.04884	0.53898	0.05730	0.02722	0.01165	0.00375	0.00593	0.15776	0.00829	0.00750
3	0.01668	0.00834	0.00834	0.00834	0.01042	0.00834	0.00625	0.02085	0.01876	0.03335	0.02918	0.03335	0.02293	0.01042	0.00625	0.00208	0.00417	0.00834	0.73525	0.00834
4	0.03086	0.21723	0.03115	0.02096	0.02639	0.48425	0.01675	0.03332	0.02342	0.02167	0.01345	0.01565	0.01151	0.00880	0.00744	0.00220	0.01437	0.00550	0.00440	0.01067
5	0.02095	0.01282	0.01461	0.01274	0.01675	0.01210	0.00979	0.11433	0.02401	0.15924	0.05802	0.10939	0.29279	0.08501	0.01354	0.00353	0.00652	0.01497	0.00871	0.01019
6	0.01668	0.00834	0.00834	0.00834	0.01042	0.00834	0.00625	0.02085	0.01876	0.03335	0.02918	0.03335	0.02293	0.01042	0.00625	0.00208	0.00417	0.00834	0.73525	0.00834
7	0.03401	0.02506	0.02685	0.02058	0.02774	0.02774	0.01700	0.59995	0.04206	0.05638	0.02148	0.02148	0.01521	0.01074	0.00895	0.00268	0.00984	0.00805	0.00895	0.01521
8	0.02315	0.02442	0.07156	0.04783	0.47364	0.05816	0.07747	0.06129	0.02190	0.03027	0.01699	0.02174	0.01386	0.00820	0.00895	0.00268	0.01145	0.00800	0.00467	0.01377
9	0.02162	0.02072	0.03537	0.11585	0.57294	0.02112	0.02720	0.02700	0.02012	0.02859	0.01674	0.02231	0.01395	0.00807	0.00887	0.00269	0.01076	0.00797	0.00438	0.01375
10	0.01301	0.00867	0.00976	0.00976	0.00976	0.00867	0.00542	0.01301	0.01301	0.01735	0.02819	0.05855	0.03253	0.68559	0.04554	0.00867	0.00867	0.01301	0.00542	0.00542

[dist]
# distance from previous block
# <min> <max>
0	1

[block]
# block no. 5 follows, 19 sequences, length 10
# corresponding to MSA columns:
# 3330-3339
name=unknown_F
#
# <colnr> <probs for GDERKNQSTAVLIFYWHMCP>
#	G	D	E	R	K	N	Q	S	T	A	V	L	I	F	Y	W	H	M	C	P
0	0.03347	0.04108	0.02549	0.02283	0.02767	0.59443	0.01726	0.08584	0.02684	0.02496	0.01451	0.01661	0.01185	0.00935	0.00815	0.00234	0.01558	0.00597	0.00500	0.01080
1	0.01325	0.00944	0.01365	0.01365	0.01531	0.01084	0.01059	0.01656	0.01490	0.02228	0.02459	0.03493	0.02243	0.06030	0.57291	0.01290	0.02159	0.00944	0.09240	0.00803
2	0.01442	0.01030	0.01442	0.01648	0.01854	0.01030	0.01442	0.01854	0.02060	0.02677	0.04737	0.10092	0.05149	0.02471	0.01236	0.00412	0.00824	0.56956	0.00824	0.00824
3	0.01690	0.01590	0.02683	0.66408	0.06162	0.01988	0.02485	0.02286	0.01789	0.02286	0.01590	0.02385	0.01193	0.00894	0.00894	0.00298	0.01193	0.00795	0.00398	0.00994
4	0.01897	0.01157	0.01271	0.01153	0.01394	0.01281	0.00906	0.08603	0.02077	0.03453	0.02623	0.03037	0.02072	0.01109	0.00933	0.00237	0.08457	0.00825	0.56589	0.00929
5	0.01106	0.00791	0.01052	0.01235	0.01301	0.00737	0.00832	0.01285	0.01786	0.02400	0.10045	0.62531	0.06141	0.02716	0.01134	0.00356	0.00510	0.02461	0.00844	0.00737
6	0.01266	0.00914	0.01196	0.01126	0.01337	0.00844	0.00844	0.01688	0.02532	0.03588	0.62506	0.06683	0.08441	0.01829	0.01055	0.00281	0.00422	0.01618	0.00985	0.00844
7	0.02214	0.02126	0.03631	0.05491	0.62978	0.02126	0.02746	0.02746	0.02037	0.02923	0.01683	0.02214	0.01417	0.00797	0.00886	0.00266	0.01063	0.00797	0.00443	0.01417
8	0.03258	0.10023	0.02727	0.02236	0.02724	0.59511	0.01711	0.03493	0.02472	0.02182	0.01371	0.01598	0.01152	0.00908	0.00786	0.00227	0.01555	0.00568	0.00454	0.01047
9	0.03401	0.02506	0.02685	0.02058	0.02774	0.02774	0.01700	0.59995	0.04206	0.05638	0.02148	0.02148	0.01521	0.01074	0.00895	0.00268	0.00984	0.00805	0.00895	0.01521

[dist]
# distance from previous block
# <min> <max>
0	1

[block]
# block no. 6 follows, 19 sequences, length 15
# corresponding to MSA columns:
# 3341-3355
name=unknown_G
#
# <colnr> <probs for GDERKNQSTAVLIFYWHMCP>
#	G	D	E	R	K	N	Q	S	T	A	V	L	I	F	Y	W	H	M	C	P
0	0.03342	0.04264	0.02535	0.02305	0.02766	0.64967	0.01729	0.03572	0.02535	0.02190	0.01383	0.01613	0.01152	0.00922	0.00807	0.00230	0.01613	0.00576	0.00461	0.01037
1	0.01279	0.00923	0.01214	0.01163	0.01374	0.00857	0.00887	0.01700	0.02499	0.03522	0.58360	0.06927	0.08205	0.01875	0.01068	0.00291	0.00451	0.05589	0.00973	0.00843
2	0.01958	0.02155	0.06586	0.06882	0.03185	0.02445	0.14764	0.02363	0.01623	0.02407	0.01394	0.02076	0.01224	0.01242	0.02119	0.00342	0.40074	0.00820	0.00414	0.05926
3	0.01278	0.00959	0.01438	0.01438	0.01598	0.01118	0.01118	0.01598	0.01438	0.02077	0.02396	0.03515	0.02237	0.06710	0.65013	0.01438	0.02396	0.00959	0.00479	0.00799
4	0.01794	0.04628	0.63923	0.02550	0.03872	0.02078	0.03305	0.02833	0.01889	0.02833	0.01606	0.01889	0.01133	0.00850	0.00850	0.00283	0.01322	0.00661	0.00378	0.01322
5	0.01278	0.00959	0.01438	0.01438	0.01598	0.01118	0.01118	0.01598	0.01438	0.02077	0.02396	0.03515	0.02237	0.06710	0.65013	0.01438	0.02396	0.00959	0.00479	0.00799
6	0.02517	0.03012	0.01966	0.01812	0.02202	0.41013	0.01359	0.02772	0.02416	0.02431	0.11385	0.03967	0.16858	0.01365	0.00900	0.00254	0.01176	0.01030	0.00620	0.00944
7	0.01546	0.01119	0.01363	0.01406	0.01589	0.01131	0.01002	0.12834	0.02205	0.02946	0.04382	0.54990	0.05050	0.02462	0.01093	0.00345	0.00611	0.02201	0.00843	0.00883
8	0.02842	0.02920	0.02286	0.01978	0.02381	0.30071	0.01506	0.18555	0.02657	0.03047	0.01860	0.02626	0.01670	0.14358	0.01745	0.00380	0.06661	0.00799	0.00591	0.01068
9	0.09967	0.24232	0.07906	0.01765	0.02338	0.19249	0.01580	0.02688	0.01902	0.02382	0.01566	0.01982	0.01370	0.02134	0.14887	0.00494	0.01454	0.00626	0.00443	0.01037
10	0.02444	0.02673	0.03375	0.12635	0.32612	0.19438	0.08416	0.02924	0.02149	0.02629	0.01601	0.02093	0.01308	0.00840	0.00883	0.00264	0.01279	0.00763	0.00443	0.01233
11	0.01886	0.01851	0.01613	0.01493	0.01858	0.13850	0.01134	0.02800	0.18616	0.03052	0.20413	0.05259	0.19435	0.01593	0.00967	0.00283	0.00744	0.01315	0.00821	0.01017
12	0.01910	0.01037	0.01308	0.01230	0.01550	0.00912	0.00924	0.02174	0.02147	0.19390	0.13387	0.25309	0.21078	0.02056	0.01040	0.00311	0.00554	0.01784	0.00927	0.00970
13	0.01987	0.02472	0.15263	0.21697	0.35663	0.02078	0.02784	0.02636	0.01939	0.02730	0.01642	0.02197	0.01299	0.00834	0.00881	0.00278	0.01150	0.00770	0.00418	0.01282
14	0.03075	0.03594	0.07765	0.02701	0.11044	0.36781	0.01990	0.16530	0.02803	0.03145	0.01620	0.01842	0.01273	0.00934	0.00842	0.00248	0.01368	0.00667	0.00553	0.01225

[dist]
# distance from previous block
# <min> <max>
6	9

[block]
# block no. 7 follows, 19 sequences, length 15
# corresponding to MSA columns:
# 3365-3379
name=unknown_H
#
# <colnr> <probs for GDERKNQSTAVLIFYWHMCP>
#	G	D	E	R	K	N	Q	S	T	A	V	L	I	F	Y	W	H	M	C	P
0	0.02099	0.11260	0.38131	0.02670	0.03746	0.09206	0.14929	0.02904	0.02000	0.02689	0.01584	0.01920	0.01185	0.00828	0.00858	0.00271	0.01353	0.00715	0.00403	0.01247
1	0.01507	0.01279	0.01860	0.02147	0.12194	0.01386	0.01378	0.01826	0.01983	0.02813	0.23213	0.23412	0.05107	0.01893	0.01404	0.00324	0.13011	0.01597	0.00734	0.00933
2	0.26986	0.02200	0.12739	0.20402	0.03518	0.01950	0.01900	0.05704	0.01951	0.12178	0.01790	0.02068	0.01274	0.00905	0.00772	0.00284	0.00971	0.00682	0.00577	0.01147
3	0.10643	0.03882	0.45897	0.02320	0.03401	0.02188	0.02767	0.09063	0.02068	0.03239	0.01595	0.01870	0.01159	0.00918	0.00951	0.00288	0.05350	0.00664	0.00456	0.01281
4	0.02798	0.08501	0.02772	0.02260	0.02588	0.39083	0.01791	0.03021	0.02084	0.02171	0.01301	0.01716	0.01160	0.01128	0.01512	0.00282	0.23736	0.00639	0.00431	0.01026
5	0.01518	0.01741	0.10945	0.06691	0.12800	0.01343	0.01731	0.02006	0.02066	0.02760	0.12056	0.06143	0.19716	0.01695	0.01023	0.00313	0.00812	0.12961	0.00685	0.00996
6	0.02097	0.01470	0.01744	0.01527	0.01890	0.01634	0.01217	0.21970	0.02491	0.03577	0.02420	0.03003	0.02000	0.03565	0.29257	0.00774	0.01491	0.00879	0.15939	0.01057
7	0.17445	0.12690	0.02210	0.01604	0.02068	0.24603	0.01279	0.02678	0.02171	0.02842	0.13681	0.03141	0.07950	0.01171	0.00788	0.00250	0.00992	0.00857	0.00601	0.00978
8	0.02165	0.06517	0.02113	0.02091	0.13234	0.01535	0.01372	0.02789	0.09781	0.15672	0.09359	0.04873	0.21915	0.01465	0.00937	0.00280	0.00700	0.01236	0.00805	0.01162
9	0.02449	0.02801	0.03064	0.02526	0.02881	0.23716	0.11841	0.02764	0.01920	0.02329	0.01377	0.01914	0.01207	0.01159	0.01766	0.00308	0.29892	0.00747	0.00433	0.04906
10	0.01278	0.00914	0.01157	0.01288	0.01386	0.00890	0.00876	0.05661	0.01871	0.02497	0.04575	0.58702	0.05401	0.07255	0.01361	0.00391	0.00578	0.02326	0.00815	0.00773
11	0.01621	0.00920	0.01007	0.00991	0.01156	0.00977	0.00736	0.01970	0.01781	0.03046	0.02917	0.07963	0.02535	0.06423	0.01144	0.00284	0.05608	0.00986	0.57119	0.00815
12	0.22615	0.31862	0.16773	0.01662	0.02488	0.02652	0.01756	0.02801	0.01796	0.06493	0.01462	0.01638	0.01159	0.00823	0.00649	0.00241	0.00952	0.00546	0.00473	0.01159
13	0.03006	0.27316	0.03315	0.02011	0.02599	0.38768	0.01656	0.07104	0.02393	0.02395	0.01385	0.01586	0.01176	0.00876	0.00730	0.00219	0.01336	0.00557	0.00463	0.01110
14	0.02356	0.02593	0.02648	0.02788	0.13724	0.22658	0.01907	0.02644	0.01885	0.02298	0.01518	0.02123	0.01369	0.01971	0.11014	0.00470	0.23800	0.00744	0.00437	0.01053

[dist]
# distance from previous block
# <min> <max>
0	19

[block]
# block no. 8 follows, 19 sequences, length 8
# corresponding to MSA columns:
# 3399-3406
name=unknown_I
#
# <colnr> <probs for GDERKNQSTAVLIFYWHMCP>
#	G	D	E	R	K	N	Q	S	T	A	V	L	I	F	Y	W	H	M	C	P
0	0.01956	0.03574	0.37064	0.03405	0.14454	0.02137	0.18883	0.02827	0.01977	0.02858	0.01676	0.02092	0.01245	0.00814	0.00913	0.00285	0.01328	0.00795	0.00410	0.01307
1	0.02609	0.01949	0.02141	0.01801	0.02304	0.02131	0.01421	0.36855	0.10282	0.04466	0.03111	0.20875	0.02906	0.01579	0.00967	0.00299	0.00820	0.01321	0.00879	0.01285
2	0.01764	0.02025	0.13569	0.01851	0.02178	0.01885	0.01736	0.02196	0.01619	0.02606	0.01893	0.02518	0.01609	0.01893	0.09254	0.00444	0.28137	0.00795	0.21048	0.00981
3	0.02571	0.56888	0.04283	0.01677	0.02385	0.15108	0.01568	0.02847	0.01953	0.02121	0.01270	0.01469	0.01149	0.00795	0.00618	0.00199	0.01080	0.00497	0.00397	0.01127
4	0.01186	0.00911	0.01085	0.01042	0.01288	0.00810	0.00781	0.01534	0.02344	0.03140	0.42051	0.07420	0.29175	0.01996	0.01056	0.00289	0.00434	0.01721	0.00926	0.00810
5	0.02214	0.02126	0.03631	0.05491	0.62978	0.02126	0.02746	0.02746	0.02037	0.02923	0.01683	0.02214	0.01417	0.00797	0.00886	0.00266	0.01063	0.00797	0.00443	0.01417
6	0.03275	0.03474	0.02674	0.02467	0.07484	0.38024	0.01798	0.23486	0.03088	0.03468	0.01677	0.01850	0.01304	0.00966	0.00844	0.00247	0.01348	0.00675	0.00613	0.01238
7	0.03184	0.03964	0.02689	0.02751	0.11198	0.56166	0.01871	0.03457	0.02466	0.02292	0.01425	0.01698	0.01189	0.00904	0.00818	0.00235	0.01536	0.00607	0.00458	0.01090

[dist]
# distance from previous block
# <min> <max>
0	1

[block]
# block no. 9 follows, 19 sequences, length 26
# corresponding to MSA columns:
# 3408-3433
name=unknown_J
#
# <colnr> <probs for GDERKNQSTAVLIFYWHMCP>
#	G	D	E	R	K	N	Q	S	T	A	V	L	I	F	Y	W	H	M	C	P
0	0.01088	0.00908	0.00949	0.00939	0.01227	0.00768	0.00704	0.01344	0.02112	0.02590	0.16980	0.08324	0.54590	0.02201	0.01057	0.00299	0.00449	0.01848	0.00854	0.00768
1	0.01082	0.00809	0.01007	0.01165	0.01276	0.00733	0.00795	0.01255	0.01790	0.02315	0.05910	0.53910	0.19350	0.02676	0.01122	0.00349	0.00503	0.02388	0.00831	0.00733
2	0.02137	0.02046	0.03491	0.14515	0.54561	0.02105	0.02707	0.02678	0.02000	0.02828	0.01669	0.02240	0.01384	0.00812	0.00887	0.00271	0.01082	0.00797	0.00436	0.01354
3	0.01057	0.00906	0.00906	0.00906	0.01208	0.00755	0.00680	0.01284	0.02039	0.02417	0.09063	0.08610	0.62615	0.02266	0.01057	0.00302	0.00453	0.01888	0.00831	0.00755
4	0.03075	0.03161	0.02685	0.02915	0.16924	0.35511	0.01883	0.03592	0.07486	0.11340	0.01958	0.02110	0.01504	0.00944	0.00848	0.00252	0.01282	0.00713	0.00588	0.01230
5	0.03106	0.02820	0.02875	0.02928	0.17035	0.16931	0.01955	0.33449	0.03308	0.04201	0.01862	0.02041	0.01412	0.00973	0.00872	0.00259	0.01148	0.00751	0.00688	0.01385
6	0.03221	0.04062	0.02553	0.02309	0.02729	0.59531	0.01749	0.03448	0.02434	0.02186	0.01365	0.01643	0.01154	0.00978	0.00993	0.00245	0.07318	0.00594	0.00455	0.01032
7	0.02193	0.01849	0.02592	0.11729	0.17982	0.06378	0.06999	0.02772	0.06244	0.11153	0.03801	0.03920	0.16061	0.01236	0.00941	0.00284	0.00951	0.01091	0.00656	0.01168
8	0.01863	0.01289	0.01509	0.01400	0.01620	0.01348	0.01001	0.17889	0.02241	0.02996	0.03142	0.24944	0.03394	0.17937	0.02229	0.11359	0.00772	0.01495	0.00715	0.00858
9	0.02161	0.02071	0.03535	0.11679	0.57207	0.02112	0.02719	0.02699	0.02012	0.02858	0.01673	0.02232	0.01394	0.00807	0.00887	0.00269	0.01076	0.00797	0.00438	0.01374
10	0.03018	0.09392	0.02477	0.02026	0.02477	0.50405	0.01553	0.03281	0.02378	0.02347	0.01592	0.01846	0.01316	0.00926	0.00760	0.00224	0.01384	0.00605	0.10976	0.01018
11	0.02965	0.18765	0.03040	0.01989	0.02557	0.23775	0.01646	0.20833	0.02774	0.03290	0.01635	0.01833	0.01314	0.00985	0.00931	0.00244	0.06087	0.00650	0.03483	0.01202
12	0.01417	0.01052	0.01355	0.01355	0.01595	0.01041	0.01084	0.02050	0.08364	0.03326	0.38923	0.07382	0.06858	0.01962	0.01095	0.00323	0.00574	0.18419	0.00928	0.00896
13	0.02037	0.15991	0.03117	0.02077	0.02583	0.11324	0.14744	0.02444	0.01867	0.02375	0.01910	0.02532	0.01651	0.02819	0.22535	0.00646	0.01628	0.00815	0.05901	0.01003
14	0.14726	0.02302	0.02465	0.07497	0.02901	0.02583	0.01651	0.45782	0.03566	0.05087	0.01955	0.02057	0.01404	0.01019	0.00840	0.00272	0.00956	0.00753	0.00797	0.01387
15	0.03347	0.04113	0.02548	0.02284	0.02767	0.59625	0.01726	0.08419	0.02679	0.02486	0.01449	0.01659	0.01184	0.00935	0.00814	0.00234	0.01559	0.00596	0.00498	0.01079
16	0.02103	0.02572	0.10856	0.04043	0.18010	0.02212	0.40886	0.02835	0.02072	0.02876	0.01760	0.02314	0.01348	0.00774	0.00996	0.00292	0.01387	0.00956	0.00443	0.01267
17	0.03046	0.07601	0.02660	0.02001	0.02634	0.11918	0.01627	0.34648	0.16932	0.04428	0.02311	0.02289	0.01717	0.01061	0.00861	0.00265	0.01012	0.00795	0.00796	0.01398
18	0.01308	0.01169	0.01100	0.01070	0.01368	0.04196	0.00788	0.01725	0.07490	0.02459	0.07532	0.07482	0.47881	0.08833	0.01386	0.00356	0.00578	0.01680	0.00790	0.00809
19	0.01935	0.12260	0.13970	0.01684	0.02450	0.01886	0.01609	0.02861	0.14260	0.02897	0.02257	0.07801	0.01951	0.01013	0.00778	0.00225	0.00828	0.00821	0.00584	0.27930
20	0.03239	0.12797	0.02956	0.02026	0.02701	0.14639	0.01680	0.40763	0.03533	0.04458	0.01868	0.01940	0.01396	0.00999	0.00830	0.00250	0.01099	0.00713	0.00736	0.01374
21	0.01379	0.02288	0.24826	0.01689	0.02298	0.01271	0.01782	0.01909	0.01892	0.02559	0.04694	0.23014	0.18279	0.01900	0.01018	0.00322	0.00833	0.06420	0.00659	0.00968
22	0.02153	0.02086	0.03420	0.04747	0.48614	0.02271	0.02559	0.02605	0.01879	0.02740	0.01562	0.02153	0.01360	0.00979	0.01371	0.00296	0.16666	0.00794	0.00431	0.01313
23	0.02505	0.01902	0.02105	0.01733	0.02282	0.01999	0.01371	0.31912	0.09073	0.04248	0.02876	0.17821	0.02657	0.01437	0.00921	0.00274	0.00798	0.01197	0.00827	0.12063
24	0.01674	0.01035	0.01150	0.01049	0.01433	0.00872	0.00812	0.01926	0.02148	0.15182	0.07908	0.07449	0.50012	0.02024	0.01024	0.00297	0.00517	0.01682	0.00888	0.00915
25	0.07872	0.02542	0.03230	0.04504	0.45844	0.15229	0.02401	0.02910	0.02103	0.02851	0.01588	0.02032	0.01328	0.00826	0.00844	0.00259	0.01150	0.00728	0.00455	0.01304

[dist]
# distance from previous block
# <min> <max>
0	1

[block]
# block no. 10 follows, 19 sequences, length 11
# corresponding to MSA columns:
# 3435-3445
name=unknown_K
#
# <colnr> <probs for GDERKNQSTAVLIFYWHMCP>
#	G	D	E	R	K	N	Q	S	T	A	V	L	I	F	Y	W	H	M	C	P
0	0.03347	0.04121	0.02547	0.02285	0.02766	0.59897	0.01726	0.08172	0.02672	0.02471	0.01445	0.01657	0.01182	0.00934	0.00814	0.00234	0.01562	0.00595	0.00496	0.01077
1	0.03179	0.02387	0.02685	0.10395	0.03213	0.02672	0.01802	0.52519	0.03893	0.05204	0.02076	0.02179	0.01479	0.01051	0.00895	0.00272	0.01011	0.00804	0.00831	0.01453
2	0.01062	0.00888	0.00925	0.00955	0.01221	0.00751	0.00701	0.01278	0.01992	0.02398	0.08467	0.17170	0.54439	0.02343	0.01070	0.00311	0.00463	0.01983	0.00831	0.00751
3	0.01057	0.00906	0.00906	0.00906	0.01208	0.00755	0.00680	0.01284	0.02039	0.02417	0.09063	0.08610	0.62615	0.02266	0.01057	0.00302	0.00453	0.01888	0.00831	0.00755
4	0.01301	0.00867	0.00976	0.00976	0.00976	0.00867	0.00542	0.01301	0.01301	0.01735	0.02819	0.05855	0.03253	0.68559	0.04554	0.00867	0.00867	0.01301	0.00542	0.00542
5	0.03401	0.02506	0.02685	0.02058	0.02774	0.02774	0.01700	0.59995	0.04206	0.05638	0.02148	0.02148	0.01521	0.01074	0.00895	0.00268	0.00984	0.00805	0.00895	0.01521
6	0.03342	0.04264	0.02535	0.02305	0.02766	0.64967	0.01729	0.03572	0.02535	0.02190	0.01383	0.01613	0.01152	0.00922	0.00807	0.00230	0.01613	0.00576	0.00461	0.01037
7	0.03180	0.02396	0.02560	0.02014	0.02690	0.02671	0.01647	0.49599	0.14962	0.05282	0.02429	0.02372	0.01749	0.01100	0.00898	0.00275	0.00932	0.00844	0.00898	0.01502
8	0.01085	0.00797	0.01019	0.01197	0.01285	0.00731	0.00809	0.01251	0.01760	0.02303	0.05527	0.59415	0.14092	0.02725	0.01130	0.00355	0.00510	0.02449	0.00831	0.00731
9	0.03083	0.03590	0.02414	0.02158	0.02616	0.47986	0.01646	0.11218	0.02627	0.02658	0.01621	0.01935	0.01345	0.01693	0.09137	0.00392	0.01627	0.00658	0.00524	0.01074
10	0.01906	0.01842	0.02735	0.02159	0.02564	0.02060	0.09939	0.02257	0.01643	0.02506	0.01476	0.02080	0.01313	0.01449	0.05546	0.00353	0.31592	0.00748	0.00452	0.25382

[dist]
# distance from previous block
# <min> <max>
2	4

[block]
# block no. 11 follows, 19 sequences, length 20
# corresponding to MSA columns:
# 3450-3469
name=unknown_L
#
# <colnr> <probs for GDERKNQSTAVLIFYWHMCP>
#	G	D	E	R	K	N	Q	S	T	A	V	L	I	F	Y	W	H	M	C	P
0	0.06999	0.37000	0.13526	0.01693	0.02518	0.02632	0.01733	0.03138	0.02005	0.18301	0.01897	0.01929	0.01412	0.00872	0.00703	0.00234	0.00950	0.00618	0.00580	0.01263
1	0.02202	0.01609	0.02101	0.01702	0.02174	0.01692	0.10004	0.15350	0.11520	0.03833	0.02690	0.02934	0.02048	0.01032	0.00794	0.00250	0.00753	0.00889	0.35293	0.01131
2	0.01090	0.00779	0.01038	0.01246	0.01298	0.00727	0.00830	0.01246	0.01713	0.02284	0.04931	0.67975	0.05917	0.02803	0.01142	0.00363	0.00519	0.02543	0.00830	0.00727
3	0.03401	0.02506	0.02685	0.02058	0.02774	0.02774	0.01700	0.59995	0.04206	0.05638	0.02148	0.02148	0.01521	0.01074	0.00895	0.00268	0.00984	0.00805	0.00895	0.01521
4	0.01301	0.00867	0.00976	0.00976	0.00976	0.00867	0.00542	0.01301	0.01301	0.01735	0.02819	0.05855	0.03253	0.68559	0.04554	0.00867	0.00867	0.01301	0.00542	0.00542
5	0.03263	0.09661	0.02715	0.02240	0.02727	0.59853	0.01712	0.03498	0.02476	0.02183	0.01371	0.01599	0.01152	0.00909	0.00787	0.00227	0.01559	0.00568	0.00454	0.01046
6	0.02392	0.69097	0.04688	0.01531	0.02296	0.03540	0.01531	0.02679	0.01818	0.02105	0.01244	0.01435	0.01148	0.00765	0.00574	0.00191	0.00957	0.00478	0.00383	0.01148
7	0.02392	0.69097	0.04688	0.01531	0.02296	0.03540	0.01531	0.02679	0.01818	0.02105	0.01244	0.01435	0.01148	0.00765	0.00574	0.00191	0.00957	0.00478	0.00383	0.01148
8	0.01266	0.00914	0.01196	0.01126	0.01337	0.00844	0.00844	0.01688	0.02532	0.03588	0.62506	0.06683	0.08441	0.01829	0.01055	0.00281	0.00422	0.01618	0.00985	0.00844
9	0.01298	0.00878	0.01028	0.01028	0.01046	0.00896	0.00607	0.01335	0.01316	0.01773	0.02771	0.05590	0.03138	0.61568	0.11387	0.00932	0.01040	0.01262	0.00535	0.00571
10	0.01057	0.00906	0.00906	0.00906	0.01208	0.00755	0.00680	0.01284	0.02039	0.02417	0.09063	0.08610	0.62615	0.02266	0.01057	0.00302	0.00453	0.01888	0.00831	0.00755
11	0.01301	0.00867	0.00976	0.00976	0.00976	0.00867	0.00542	0.01301	0.01301	0.01735	0.02819	0.05855	0.03253	0.68559	0.04554	0.00867	0.00867	0.01301	0.00542	0.00542
12	0.01107	0.00805	0.01045	0.01204	0.01295	0.00742	0.00819	0.01299	0.01833	0.02442	0.11782	0.56105	0.10922	0.02648	0.01125	0.00349	0.00503	0.02384	0.00848	0.00742
13	0.02392	0.69097	0.04688	0.01531	0.02296	0.03540	0.01531	0.02679	0.01818	0.02105	0.01244	0.01435	0.01148	0.00765	0.00574	0.00191	0.00957	0.00478	0.00383	0.01148
14	0.02547	0.37109	0.03529	0.01705	0.02345	0.07031	0.01525	0.17466	0.02428	0.03024	0.01664	0.01950	0.01412	0.01763	0.10508	0.00404	0.01227	0.00643	0.00536	0.01184
15	0.01278	0.00959	0.01438	0.01438	0.01598	0.01118	0.01118	0.01598	0.01438	0.02077	0.02396	0.03515	0.02237	0.06710	0.65013	0.01438	0.02396	0.00959	0.00479	0.00799
16	0.02754	0.02140	0.02333	0.01800	0.02508	0.02212	0.01463	0.34100	0.12219	0.04525	0.02207	0.02241	0.01647	0.00971	0.00827	0.00233	0.00845	0.00754	0.00787	0.23434
17	0.24487	0.02461	0.02655	0.03344	0.28808	0.14860	0.01942	0.06154	0.02107	0.03260	0.01516	0.01859	0.01234	0.00848	0.00770	0.00262	0.01058	0.00658	0.00506	0.01211
18	0.01861	0.02025	0.09620	0.03611	0.32943	0.01790	0.02185	0.02510	0.05786	0.02719	0.02395	0.02941	0.05050	0.02448	0.17556	0.00577	0.01382	0.00898	0.00497	0.01209
19	0.02225	0.02373	0.02806	0.02696	0.09273	0.13377	0.02007	0.02464	0.01646	0.02246	0.01268	0.01927	0.01198	0.01368	0.02338	0.00350	0.48241	0.00749	0.00409	0.01038

[dist]
# distance from previous block
# <min> <max>
10	17

[block]
# block no. 12 follows, 19 sequences, length 12
# corresponding to MSA columns:
# 3487-3498
name=unknown_M
#
# <colnr> <probs for GDERKNQSTAVLIFYWHMCP>
#	G	D	E	R	K	N	Q	S	T	A	V	L	I	F	Y	W	H	M	C	P
0	0.02423	0.02688	0.02664	0.03282	0.24727	0.26252	0.01944	0.02749	0.02134	0.02477	0.02163	0.14570	0.02165	0.01269	0.01009	0.00277	0.04525	0.01045	0.00522	0.01115
1	0.01435	0.01018	0.01228	0.01277	0.01398	0.01020	0.00864	0.08624	0.01917	0.02560	0.04028	0.43427	0.04667	0.19837	0.02006	0.00484	0.00669	0.02000	0.00763	0.00778
2	0.01998	0.03252	0.28120	0.03473	0.10502	0.02176	0.31582	0.02840	0.02016	0.02859	0.01716	0.02186	0.01276	0.00796	0.00957	0.00291	0.01388	0.00874	0.00422	0.01274
3	0.02875	0.15360	0.03210	0.03002	0.18478	0.37436	0.01960	0.03195	0.02276	0.02367	0.01437	0.01739	0.01221	0.00861	0.00786	0.00233	0.01351	0.00617	0.00442	0.01157
4	0.01253	0.00922	0.01202	0.01322	0.01504	0.00870	0.01043	0.01570	0.02056	0.02706	0.16562	0.24383	0.15319	0.02402	0.01148	0.00356	0.00607	0.23128	0.00858	0.00791
5	0.02668	0.02770	0.02084	0.01933	0.02338	0.31668	0.01528	0.11543	0.02592	0.02968	0.02548	0.04109	0.02383	0.01365	0.00913	0.00281	0.01179	0.15430	0.08667	0.01032
6	0.02428	0.01764	0.01973	0.07848	0.02428	0.01920	0.01346	0.31156	0.03001	0.04105	0.03160	0.03582	0.09463	0.08631	0.01274	0.00332	0.00833	0.00999	0.12602	0.01155
7	0.01696	0.01232	0.01470	0.01459	0.01685	0.01264	0.01059	0.16658	0.02367	0.03164	0.04201	0.50705	0.04764	0.02349	0.01077	0.00338	0.00641	0.02087	0.00847	0.00935
8	0.01948	0.02170	0.09753	0.04297	0.44742	0.01860	0.02415	0.02478	0.02021	0.02817	0.03076	0.03393	0.13005	0.01082	0.00914	0.00275	0.00976	0.00989	0.00509	0.01281
9	0.14349	0.05794	0.01798	0.01512	0.01762	0.01640	0.01225	0.01921	0.01470	0.02428	0.01964	0.02818	0.01808	0.04635	0.41598	0.01019	0.10089	0.00821	0.00475	0.00875
10	0.21606	0.33345	0.09901	0.01560	0.02319	0.02615	0.01544	0.02956	0.01869	0.12678	0.01656	0.01751	0.01273	0.00847	0.00652	0.00238	0.00896	0.00569	0.00545	0.01181
11	0.02277	0.49922	0.07982	0.01596	0.02311	0.09061	0.01562	0.02601	0.01920	0.02201	0.02262	0.02382	0.08852	0.00974	0.00676	0.00215	0.00982	0.00677	0.00446	0.01100

[dist]
# distance from previous block
# <min> <max>
0	1

[block]
# block no. 13 follows, 19 sequences, length 58
# corresponding to MSA columns:
# 3500-3557
name=unknown_N
#
# <colnr> <probs for GDERKNQSTAVLIFYWHMCP>
#	G	D	E	R	K	N	Q	S	T	A	V	L	I	F	Y	W	H	M	C	P
0	0.01566	0.01583	0.08330	0.02368	0.13322	0.01300	0.01775	0.02033	0.02012	0.02691	0.04207	0.11675	0.08763	0.01997	0.01109	0.00359	0.00869	0.32361	0.00707	0.00974
1	0.01873	0.01257	0.01479	0.01301	0.01708	0.01177	0.00994	0.06252	0.05759	0.07342	0.03055	0.18254	0.02871	0.01773	0.05263	0.00326	0.00723	0.01185	0.17637	0.19770
2	0.02120	0.01622	0.01886	0.01468	0.02067	0.01470	0.01151	0.15707	0.02295	0.03303	0.01953	0.06741	0.01733	0.01295	0.01196	0.11755	0.00747	0.00777	0.00616	0.40098
3	0.01955	0.02009	0.03848	0.03391	0.15385	0.01862	0.31352	0.02529	0.02003	0.02807	0.02168	0.11058	0.01974	0.01022	0.00972	0.00276	0.01155	0.01121	0.00513	0.12599
4	0.01414	0.01073	0.01520	0.01769	0.09525	0.01138	0.01072	0.01615	0.01455	0.02033	0.02494	0.04412	0.02592	0.34247	0.28741	0.01020	0.01518	0.01094	0.00503	0.00764
5	0.11713	0.03184	0.28718	0.02959	0.08530	0.02174	0.19853	0.02761	0.01883	0.02961	0.01595	0.02020	0.01205	0.00864	0.01020	0.00294	0.05836	0.00776	0.00430	0.01224
6	0.01394	0.01071	0.01250	0.01177	0.01463	0.00972	0.00859	0.05539	0.02118	0.02848	0.16896	0.21770	0.19890	0.07795	0.01321	0.00339	0.00563	0.01699	0.00803	0.10234
7	0.13639	0.53354	0.08981	0.01558	0.02336	0.03182	0.01588	0.02684	0.01778	0.02462	0.01274	0.01475	0.01119	0.00782	0.00593	0.00212	0.00945	0.00494	0.00409	0.01134
8	0.02320	0.54707	0.04078	0.01581	0.02241	0.08213	0.01492	0.02607	0.01825	0.02108	0.01409	0.01728	0.01294	0.01573	0.09214	0.00361	0.01203	0.00551	0.00402	0.01092
9	0.01678	0.01299	0.01617	0.01700	0.01996	0.01390	0.01434	0.02727	0.19926	0.02998	0.04407	0.08057	0.04420	0.02093	0.01138	0.00379	0.00789	0.40101	0.00850	0.01002
10	0.01057	0.00906	0.00906	0.00906	0.01208	0.00755	0.00680	0.01284	0.02039	0.02417	0.09063	0.08610	0.62615	0.02266	0.01057	0.00302	0.00453	0.01888	0.00831	0.00755
11	0.01057	0.00906	0.00906	0.00906	0.01208	0.00755	0.00680	0.01284	0.02039	0.02417	0.09063	0.08610	0.62615	0.02266	0.01057	0.00302	0.00453	0.01888	0.00831	0.00755
12	0.01957	0.01957	0.02740	0.02349	0.02349	0.02740	0.01957	0.02153	0.01370	0.02153	0.01174	0.01957	0.01174	0.01566	0.02936	0.00391	0.66921	0.00783	0.00391	0.00979
13	0.01057	0.00906	0.00906	0.00906	0.01208	0.00755	0.00680	0.01284	0.02039	0.02417	0.09063	0.08610	0.62615	0.02266	0.01057	0.00302	0.00453	0.01888	0.00831	0.00755
14	0.02214	0.02126	0.03631	0.05491	0.62978	0.02126	0.02746	0.02746	0.02037	0.02923	0.01683	0.02214	0.01417	0.00797	0.00886	0.00266	0.01063	0.00797	0.00443	0.01417
15	0.01772	0.01674	0.02832	0.56860	0.15067	0.02009	0.02526	0.02358	0.01828	0.02386	0.01605	0.02358	0.01228	0.00879	0.00893	0.00293	0.01172	0.00795	0.00405	0.01060
16	0.01783	0.01700	0.02405	0.02114	0.02156	0.02323	0.01741	0.02010	0.01388	0.02133	0.01489	0.02358	0.01448	0.02889	0.18907	0.00661	0.50321	0.00828	0.00414	0.00932
17	0.01281	0.00869	0.01015	0.01018	0.01055	0.00854	0.00609	0.01358	0.01523	0.02063	0.12321	0.10277	0.04250	0.53556	0.03769	0.00741	0.00773	0.01437	0.00631	0.00602
18	0.02172	0.02082	0.03554	0.10447	0.58356	0.02114	0.02724	0.02708	0.02017	0.02871	0.01675	0.02228	0.01399	0.00805	0.00886	0.00268	0.01073	0.00797	0.00439	0.01383
19	0.03125	0.03902	0.02567	0.02312	0.02700	0.55213	0.01764	0.03350	0.02353	0.02184	0.01350	0.01667	0.01156	0.01023	0.01140	0.00256	0.11850	0.00609	0.00450	0.01028
20	0.03015	0.21303	0.06169	0.02114	0.02698	0.45696	0.01756	0.03301	0.02315	0.02200	0.01357	0.01580	0.01150	0.00877	0.00748	0.00223	0.01426	0.00555	0.00436	0.01081
21	0.01135	0.00909	0.01014	0.00988	0.01256	0.00788	0.00741	0.01434	0.02222	0.02851	0.28882	0.07895	0.42525	0.02104	0.01057	0.00294	0.00442	0.01788	0.00888	0.00788
22	0.03401	0.02506	0.02685	0.02058	0.02774	0.02774	0.01700	0.59995	0.04206	0.05638	0.02148	0.02148	0.01521	0.01074	0.00895	0.00268	0.00984	0.00805	0.00895	0.01521
23	0.01278	0.00959	0.01438	0.01438	0.01598	0.01118	0.01118	0.01598	0.01438	0.02077	0.02396	0.03515	0.02237	0.06710	0.65013	0.01438	0.02396	0.00959	0.00479	0.00799
24	0.01301	0.00867	0.00976	0.00976	0.00976	0.00867	0.00542	0.01301	0.01301	0.01735	0.02819	0.05855	0.03253	0.68559	0.04554	0.00867	0.00867	0.01301	0.00542	0.00542
25	0.04014	0.01523	0.02076	0.01592	0.02284	0.01315	0.01315	0.04360	0.02561	0.63597	0.03530	0.03045	0.02215	0.01107	0.00900	0.00277	0.00761	0.00900	0.01107	0.01523
26	0.01668	0.00834	0.00834	0.00834	0.01042	0.00834	0.00625	0.02085	0.01876	0.03335	0.02918	0.03335	0.02293	0.01042	0.00625	0.00208	0.00417	0.00834	0.73525	0.00834
27	0.02238	0.02439	0.08480	0.05088	0.55072	0.05355	0.02739	0.02795	0.02051	0.02878	0.01661	0.02157	0.01380	0.00808	0.00879	0.00265	0.01112	0.00775	0.00438	0.01390
28	0.01957	0.01957	0.02740	0.02349	0.02349	0.02740	0.01957	0.02153	0.01370	0.02153	0.01174	0.01957	0.01174	0.01566	0.02936	0.00391	0.66921	0.00783	0.00391	0.00979
29	0.01207	0.00868	0.01142	0.01166	0.01323	0.00804	0.00840	0.01538	0.02255	0.03146	0.43010	0.27438	0.07587	0.02159	0.01085	0.00309	0.00455	0.01931	0.00933	0.00804
30	0.02413	0.02697	0.07955	0.03153	0.21893	0.14990	0.02066	0.03707	0.25326	0.03086	0.02381	0.02503	0.01853	0.00990	0.00876	0.00275	0.01059	0.00824	0.00624	0.01331
31	0.01574	0.01141	0.01506	0.01629	0.01884	0.01153	0.01410	0.06544	0.02233	0.02900	0.04827	0.09342	0.08851	0.02343	0.01196	0.00393	0.00811	0.48558	0.00830	0.00876
32	0.02970	0.29618	0.03377	0.02002	0.02582	0.40945	0.01651	0.03223	0.02255	0.02156	0.01328	0.01544	0.01151	0.00861	0.00716	0.00215	0.01357	0.00538	0.00430	0.01081
33	0.02359	0.65535	0.07961	0.01587	0.02383	0.03459	0.01629	0.02687	0.01822	0.02145	0.01264	0.01460	0.01147	0.00770	0.00589	0.00196	0.00977	0.00488	0.00382	0.01158
34	0.01135	0.00814	0.01079	0.01215	0.01308	0.00757	0.00834	0.01360	0.01924	0.02619	0.19743	0.52206	0.06567	0.02552	0.01120	0.00342	0.00494	0.02305	0.00870	0.00757
35	0.01736	0.01226	0.01555	0.01432	0.01649	0.01429	0.01135	0.08417	0.01884	0.02900	0.02376	0.03094	0.02032	0.03534	0.28433	0.00764	0.10223	0.00877	0.24388	0.00916
36	0.03276	0.08743	0.02684	0.02251	0.02733	0.60723	0.01715	0.03511	0.02486	0.02184	0.01373	0.01601	0.01152	0.00911	0.00791	0.00228	0.01568	0.00569	0.00456	0.01045
37	0.01524	0.01100	0.01378	0.01455	0.01642	0.01109	0.01091	0.10578	0.02174	0.02890	0.04455	0.45886	0.05072	0.02464	0.01122	0.00358	0.00654	0.13336	0.00839	0.00871
38	0.02713	0.20017	0.03312	0.02887	0.18082	0.30178	0.01911	0.03039	0.02173	0.02351	0.01473	0.01813	0.01271	0.01124	0.03812	0.00287	0.01342	0.00626	0.00437	0.01152
39	0.02411	0.54291	0.13791	0.01695	0.02542	0.03156	0.01794	0.02820	0.01881	0.06496	0.01459	0.01618	0.01220	0.00802	0.00640	0.00212	0.01000	0.00536	0.00432	0.01201
40	0.01794	0.04628	0.63923	0.02550	0.03872	0.02078	0.03305	0.02833	0.01889	0.02833	0.01606	0.01889	0.01133	0.00850	0.00850	0.00283	0.01322	0.00661	0.00378	0.01322
41	0.03058	0.23759	0.03194	0.02057	0.02624	0.42967	0.01667	0.06420	0.02411	0.02355	0.01383	0.01589	0.01171	0.00883	0.00741	0.00221	0.01380	0.00559	0.00461	0.01097
42	0.03552	0.03203	0.02417	0.02057	0.02622	0.37469	0.01600	0.11358	0.02767	0.21152	0.02132	0.02116	0.01522	0.00998	0.00847	0.00250	0.01273	0.00704	0.00714	0.01248
43	0.02929	0.03402	0.02697	0.02954	0.16645	0.41535	0.01901	0.07214	0.02481	0.02610	0.01752	0.06376	0.01569	0.01034	0.00854	0.00251	0.01365	0.00780	0.00513	0.01138
44	0.01278	0.00959	0.01438	0.01438	0.01598	0.01118	0.01118	0.01598	0.01438	0.02077	0.02396	0.03515	0.02237	0.06710	0.65013	0.01438	0.02396	0.00959	0.00479	0.00799
45	0.02392	0.69097	0.04688	0.01531	0.02296	0.03540	0.01531	0.02679	0.01818	0.02105	0.01244	0.01435	0.01148	0.00765	0.00574	0.00191	0.00957	0.00478	0.00383	0.01148
46	0.03360	0.03734	0.02580	0.02231	0.02768	0.46230	0.01720	0.20571	0.03039	0.03229	0.01613	0.01774	0.01264	0.00968	0.00833	0.00242	0.01424	0.00645	0.00592	0.01183
47	0.01085	0.00907	0.00945	0.00936	0.01226	0.00767	0.00702	0.01338	0.02105	0.02573	0.16213	0.08352	0.55367	0.02207	0.01057	0.00299	0.00449	0.01852	0.00851	0.00767
48	0.03357	0.03812	0.02574	0.02241	0.02768	0.48966	0.01721	0.18088	0.02965	0.03077	0.01580	0.01751	0.01247	0.00961	0.00829	0.00240	0.01452	0.00635	0.00573	0.01162
49	0.01111	0.00908	0.00981	0.00963	0.01241	0.00778	0.00722	0.01388	0.02166	0.02718	0.22813	0.08114	0.48677	0.02153	0.01057	0.00297	0.00445	0.01819	0.00870	0.00778
50	0.01278	0.00959	0.01438	0.01438	0.01598	0.01118	0.01118	0.01598	0.01438	0.02077	0.02396	0.03515	0.02237	0.06710	0.65013	0.01438	0.02396	0.00959	0.00479	0.00799
