[name]
unknown

[dist]
# distance from previous block
# <min> <max>
0	36

[block]
# block no. 0 follows, 21 sequences, length 17
# corresponding to MSA columns:
# 36-52
name=unknown_A
#
# <colnr> <probs for GDERKNQSTAVLIFYWHMCP>
#	G	D	E	R	K	N	Q	S	T	A	V	L	I	F	Y	W	H	M	C	P
0	0.01371	0.00980	0.01371	0.01567	0.01763	0.00980	0.01371	0.01763	0.01959	0.02547	0.04506	0.09599	0.04898	0.02351	0.01175	0.00392	0.00784	0.59056	0.00784	0.00784
1	0.12071	0.20254	0.07793	0.01839	0.06594	0.19138	0.01502	0.02530	0.01932	0.02435	0.02692	0.02800	0.13148	0.01056	0.00732	0.00235	0.00986	0.00771	0.00490	0.01002
2	0.08671	0.12094	0.02351	0.01645	0.02226	0.23523	0.01326	0.07139	0.02201	0.07251	0.05404	0.01984	0.01644	0.00867	0.00711	0.00204	0.00989	0.00616	0.00556	0.18595
3	0.01643	0.06332	0.02145	0.01713	0.01970	0.01741	0.04281	0.06218	0.01619	0.02309	0.01870	0.02666	0.01706	0.04002	0.37241	0.00880	0.16592	0.00820	0.00460	0.03792
4	0.02229	0.01972	0.02069	0.02088	0.11136	0.09413	0.01414	0.16257	0.13139	0.03305	0.03121	0.03320	0.10816	0.05286	0.01045	0.00282	0.00842	0.00931	0.04065	0.07270
5	0.01783	0.01787	0.01794	0.01669	0.01832	0.15762	0.01283	0.02004	0.01566	0.01971	0.01882	0.02937	0.01821	0.12659	0.30731	0.00838	0.15585	0.00841	0.00443	0.00812
6	0.02015	0.36250	0.18158	0.01729	0.02449	0.07832	0.01796	0.02458	0.01733	0.02167	0.01483	0.01856	0.01286	0.01833	0.13185	0.00431	0.01304	0.00590	0.00387	0.01059
7	0.08565	0.00900	0.00965	0.00952	0.01171	0.00959	0.00730	0.01929	0.01660	0.02967	0.02515	0.03041	0.02050	0.02175	0.15335	0.00465	0.00841	0.00788	0.51193	0.00798
8	0.02127	0.11336	0.02829	0.12395	0.22052	0.16419	0.01912	0.02508	0.01873	0.02281	0.01597	0.02138	0.01375	0.01861	0.13290	0.00452	0.01373	0.00700	0.00418	0.01063
9	0.02740	0.15645	0.02876	0.02290	0.10711	0.20810	0.01646	0.21633	0.02640	0.03174	0.01660	0.02036	0.01387	0.05947	0.01023	0.00273	0.01104	0.00678	0.00559	0.01167
10	0.12943	0.02402	0.06069	0.03372	0.23295	0.10667	0.17962	0.02893	0.07007	0.02884	0.01685	0.02050	0.01329	0.00803	0.00830	0.00263	0.01126	0.00764	0.00475	0.01180
11	0.02467	0.02314	0.02524	0.02669	0.17078	0.14529	0.01760	0.19501	0.02476	0.03209	0.01726	0.02117	0.01417	0.01720	0.10497	0.00410	0.06659	0.00726	0.00554	0.05648
12	0.01606	0.03540	0.48397	0.02353	0.08096	0.01741	0.02628	0.02409	0.01835	0.02627	0.02879	0.03035	0.13125	0.01060	0.00849	0.00272	0.01081	0.00861	0.00446	0.01163
13	0.11820	0.07929	0.26889	0.03110	0.20056	0.02107	0.11043	0.02640	0.01814	0.02822	0.01505	0.01866	0.01163	0.00773	0.00789	0.00260	0.01111	0.00683	0.00409	0.01209
14	0.02156	0.18041	0.20463	0.02264	0.09901	0.15815	0.02001	0.04933	0.02034	0.02475	0.02382	0.02545	0.09579	0.00987	0.00774	0.00240	0.01088	0.00750	0.00461	0.01110
15	0.05405	0.01851	0.02628	0.29878	0.21112	0.06995	0.02103	0.02782	0.01953	0.14399	0.01858	0.02247	0.01366	0.00863	0.00829	0.00265	0.01034	0.00747	0.00529	0.01155
16	0.02133	0.02105	0.11258	0.16883	0.15245	0.01912	0.01994	0.17659	0.02368	0.03374	0.01908	0.02285	0.01447	0.00897	0.00795	0.00252	0.00937	0.00748	0.14633	0.01168

[dist]
# distance from previous block
# <min> <max>
2	4

[block]
# block no. 1 follows, 21 sequences, length 6
# corresponding to MSA columns:
# 57-62
name=unknown_B
#
# <colnr> <probs for GDERKNQSTAVLIFYWHMCP>
#	G	D	E	R	K	N	Q	S	T	A	V	L	I	F	Y	W	H	M	C	P
0	0.05771	0.16199	0.17400	0.08777	0.03018	0.20814	0.01950	0.03036	0.06384	0.06690	0.01646	0.01842	0.01263	0.00858	0.00745	0.00240	0.01153	0.00617	0.00476	0.01120
1	0.02075	0.02306	0.02397	0.02281	0.09347	0.23585	0.10758	0.02448	0.02226	0.02619	0.17956	0.03870	0.12067	0.01237	0.00905	0.00255	0.01021	0.01068	0.00609	0.00968
2	0.07819	0.11238	0.10240	0.01389	0.01994	0.01516	0.01301	0.02427	0.02026	0.13552	0.17607	0.03582	0.08814	0.01161	0.00797	0.00236	0.00695	0.00940	0.00693	0.11972
3	0.12169	0.02325	0.20170	0.12177	0.02964	0.01751	0.01889	0.11005	0.02134	0.03209	0.11051	0.03284	0.02522	0.04225	0.00998	0.00303	0.00926	0.05263	0.00582	0.01053
4	0.05661	0.08203	0.06709	0.14536	0.03026	0.02002	0.06380	0.11157	0.06538	0.03085	0.08428	0.03080	0.02302	0.01120	0.00989	0.00277	0.06060	0.04771	0.04614	0.01062
5	0.01825	0.21253	0.11356	0.01498	0.02027	0.01814	0.01436	0.02238	0.01833	0.08232	0.14080	0.03109	0.02835	0.02587	0.19662	0.00558	0.01235	0.00859	0.00565	0.00997

[dist]
# distance from previous block
# <min> <max>
2	11

[block]
# block no. 2 follows, 21 sequences, length 8
# corresponding to MSA columns:
# 74-81
name=unknown_C
#
# <colnr> <probs for GDERKNQSTAVLIFYWHMCP>
#	G	D	E	R	K	N	Q	S	T	A	V	L	I	F	Y	W	H	M	C	P
0	0.07228	0.03010	0.09254	0.16543	0.10885	0.30969	0.01989	0.02815	0.02053	0.02376	0.01712	0.02058	0.03773	0.00897	0.00793	0.00248	0.01252	0.00673	0.00435	0.01036
1	0.02946	0.03667	0.02802	0.02635	0.08708	0.53339	0.08461	0.03249	0.02322	0.02221	0.01388	0.01674	0.01142	0.00848	0.00801	0.00230	0.01474	0.00619	0.00436	0.01039
2	0.01360	0.08510	0.01534	0.01136	0.01481	0.01195	0.00904	0.01802	0.05960	0.02669	0.22113	0.05487	0.24678	0.02201	0.08839	0.00387	0.00729	0.01310	0.00727	0.06975
3	0.01676	0.07420	0.19448	0.01308	0.01849	0.01335	0.01385	0.02230	0.01784	0.02944	0.02295	0.02638	0.01782	0.00919	0.00651	0.00217	0.00681	0.00720	0.47770	0.00949
4	0.02467	0.02316	0.02624	0.02692	0.15299	0.11227	0.01839	0.17151	0.12964	0.03261	0.01873	0.02138	0.01498	0.01084	0.01312	0.00284	0.17393	0.00763	0.00592	0.01221
5	0.07885	0.01197	0.01343	0.01228	0.01551	0.01213	0.00930	0.02477	0.14176	0.11130	0.16583	0.05157	0.13788	0.13393	0.01502	0.00376	0.00614	0.03713	0.00801	0.00942
6	0.02587	0.02951	0.15361	0.02083	0.05374	0.18360	0.01818	0.17940	0.02519	0.06796	0.01790	0.02118	0.01404	0.05490	0.01028	0.00273	0.01103	0.00688	0.00575	0.09744
7	0.02412	0.08364	0.03352	0.02690	0.08013	0.23326	0.19079	0.03044	0.08660	0.02507	0.01673	0.01997	0.01344	0.00868	0.00963	0.00252	0.05744	0.00745	0.00473	0.04493

[dist]
# distance from previous block
# <min> <max>
3	15

[block]
# block no. 3 follows, 21 sequences, length 10
# corresponding to MSA columns:
# 97-106
name=unknown_D
#
# <colnr> <probs for GDERKNQSTAVLIFYWHMCP>
#	G	D	E	R	K	N	Q	S	T	A	V	L	I	F	Y	W	H	M	C	P
0	0.15169	0.02650	0.10958	0.03010	0.23790	0.13391	0.02027	0.10568	0.02212	0.06187	0.01612	0.01871	0.01244	0.00840	0.00772	0.00252	0.01052	0.00659	0.00521	0.01217
1	0.02587	0.03172	0.10321	0.02011	0.02533	0.34346	0.01710	0.12283	0.02368	0.02664	0.01662	0.02030	0.01367	0.02049	0.14650	0.00473	0.01560	0.00670	0.00498	0.01047
2	0.01983	0.02141	0.07701	0.01575	0.02105	0.14053	0.01325	0.08433	0.02246	0.02962	0.15122	0.10936	0.03184	0.01216	0.00830	0.00227	0.00833	0.01001	0.00640	0.21487
3	0.01334	0.01254	0.05515	0.01323	0.01619	0.01126	0.01088	0.01982	0.11599	0.02544	0.10698	0.13289	0.17195	0.06111	0.14966	0.00552	0.00961	0.05276	0.00705	0.00863
4	0.01919	0.01811	0.01989	0.16196	0.02861	0.11908	0.01482	0.07724	0.01937	0.02520	0.01773	0.02365	0.01498	0.02576	0.21651	0.00581	0.01437	0.00720	0.00483	0.16569
5	0.01751	0.01086	0.01230	0.01170	0.01450	0.01084	0.00908	0.07599	0.05358	0.07800	0.04091	0.09238	0.12794	0.07935	0.01183	0.00324	0.00595	0.09591	0.23922	0.00889
6	0.01589	0.01365	0.01363	0.01311	0.01610	0.06228	0.00996	0.09108	0.07888	0.02811	0.08272	0.20873	0.25695	0.01938	0.00985	0.00298	0.00637	0.05360	0.00784	0.00888
7	0.02939	0.02732	0.02741	0.02834	0.18135	0.19295	0.01872	0.31780	0.03069	0.03858	0.01742	0.01925	0.01330	0.00918	0.00827	0.00245	0.01112	0.00707	0.00636	0.01302
8	0.16118	0.11825	0.05787	0.08255	0.07625	0.06398	0.08861	0.02912	0.07532	0.10159	0.05219	0.02270	0.01740	0.00898	0.00767	0.00256	0.00943	0.00741	0.00571	0.01123
9	0.07180	0.11234	0.07818	0.03182	0.27846	0.14802	0.02013	0.02625	0.01891	0.02509	0.01540	0.01976	0.01310	0.01466	0.08755	0.00374	0.01251	0.00667	0.00424	0.01137

[dist]
# distance from previous block
# <min> <max>
14	35

[block]
# block no. 4 follows, 21 sequences, length 49
# corresponding to MSA columns:
# 144-192
name=unknown_E
#
# <colnr> <probs for GDERKNQSTAVLIFYWHMCP>
#	G	D	E	R	K	N	Q	S	T	A	V	L	I	F	Y	W	H	M	C	P
0	0.02330	0.02889	0.17510	0.03098	0.23259	0.11741	0.02237	0.12944	0.02313	0.03101	0.01607	0.01898	0.01254	0.00819	0.00801	0.00238	0.01091	0.00669	0.00493	0.09709
1	0.05622	0.13720	0.14846	0.14251	0.19466	0.06135	0.02234	0.09050	0.02067	0.02821	0.01515	0.01881	0.01194	0.00816	0.00771	0.00248	0.01069	0.00659	0.00446	0.01189
2	0.01967	0.02682	0.21319	0.07430	0.44375	0.02003	0.02753	0.02615	0.01886	0.02727	0.01575	0.02025	0.01260	0.00777	0.00833	0.00259	0.01088	0.00721	0.00401	0.01303
3	0.02868	0.03496	0.02269	0.01987	0.02496	0.52254	0.01504	0.03122	0.02269	0.02235	0.01359	0.01585	0.01132	0.00823	0.00737	0.00199	0.01336	0.00538	0.00453	0.17337
4	0.01131	0.00853	0.00946	0.00978	0.01136	0.00783	0.00681	0.01281	0.01663	0.02077	0.05765	0.11095	0.32090	0.27315	0.02257	0.00500	0.00617	0.07495	0.00688	0.00649
5	0.01137	0.00791	0.00950	0.01035	0.01074	0.00761	0.00642	0.01214	0.01450	0.01916	0.03913	0.33435	0.07921	0.36757	0.02724	0.00585	0.00658	0.01783	0.00651	0.00604
6	0.01573	0.01439	0.01998	0.20693	0.02924	0.04077	0.01608	0.01883	0.01567	0.02170	0.02266	0.18001	0.02323	0.01955	0.07174	0.00412	0.21338	0.01150	0.04590	0.00859
7	0.01271	0.01706	0.15613	0.04613	0.04316	0.01112	0.01412	0.01706	0.01919	0.02568	0.15321	0.17425	0.24233	0.01765	0.00963	0.00289	0.00677	0.01520	0.00686	0.00882
8	0.01553	0.00951	0.01214	0.01254	0.01454	0.00901	0.00897	0.01932	0.06899	0.11921	0.07497	0.47039	0.08698	0.02220	0.01024	0.00321	0.00535	0.01980	0.00843	0.00867
9	0.01586	0.00793	0.00793	0.00793	0.00991	0.00793	0.00595	0.01983	0.01785	0.03173	0.02776	0.03173	0.02181	0.00991	0.00595	0.00198	0.00397	0.00793	0.74817	0.00793
10	0.02218	0.02235	0.03345	0.04907	0.58284	0.08783	0.02511	0.02694	0.01987	0.02707	0.01571	0.02046	0.01322	0.00771	0.00835	0.00249	0.01066	0.00736	0.00423	0.01310
11	0.02342	0.02470	0.03225	0.04557	0.51107	0.16249	0.02399	0.02785	0.02042	0.02627	0.01538	0.01980	0.01293	0.00784	0.00826	0.00245	0.01126	0.00712	0.00425	0.01268
12	0.01250	0.00873	0.01236	0.01236	0.01336	0.00972	0.00900	0.01408	0.01309	0.01845	0.02285	0.03781	0.02282	0.20913	0.45157	0.09357	0.01770	0.00969	0.00460	0.00660
13	0.01408	0.01084	0.01313	0.01218	0.01481	0.01096	0.00924	0.02256	0.15976	0.03445	0.50760	0.05647	0.06818	0.01609	0.00973	0.00272	0.00462	0.01410	0.00921	0.00924
14	0.02282	0.02392	0.02998	0.04142	0.43829	0.17043	0.02259	0.02709	0.02051	0.02593	0.01830	0.02735	0.01650	0.00948	0.00859	0.00259	0.01110	0.06641	0.00462	0.01206
15	0.01892	0.01109	0.01247	0.01196	0.01405	0.04465	0.00839	0.02069	0.01756	0.16221	0.03419	0.25224	0.03486	0.21473	0.01899	0.00442	0.00687	0.01449	0.08884	0.00837
16	0.02050	0.01693	0.01786	0.01576	0.02026	0.01889	0.01223	0.12374	0.40672	0.03509	0.04040	0.03965	0.12487	0.05488	0.01097	0.00316	0.00683	0.01085	0.00830	0.01209
17	0.01095	0.00830	0.01004	0.01093	0.01257	0.00754	0.00798	0.01317	0.01846	0.02377	0.12728	0.30824	0.26125	0.05578	0.01215	0.00345	0.00512	0.08792	0.00793	0.00716
18	0.06054	0.10003	0.02727	0.02055	0.02246	0.06028	0.04269	0.02186	0.01459	0.02165	0.01275	0.01917	0.01205	0.01755	0.08244	0.00426	0.43934	0.00711	0.00394	0.00946
19	0.01881	0.01797	0.03025	0.31712	0.36333	0.01999	0.02465	0.02395	0.01803	0.02483	0.01537	0.02162	0.01245	0.00838	0.00954	0.00272	0.04790	0.00757	0.00400	0.01154
20	0.01703	0.01513	0.02073	0.27368	0.03520	0.01430	0.01538	0.02155	0.01740	0.02539	0.01513	0.01962	0.01211	0.00716	0.00716	0.00188	0.00827	0.00603	0.00455	0.46230
21	0.05730	0.01212	0.01539	0.18728	0.02528	0.01354	0.01219	0.08432	0.01882	0.02831	0.02483	0.03178	0.05228	0.07636	0.04528	0.05120	0.00821	0.00860	0.23837	0.00854
22	0.01400	0.00892	0.01085	0.01065	0.01183	0.00973	0.00767	0.01645	0.01488	0.02348	0.02525	0.03841	0.02373	0.22461	0.19711	0.00706	0.04697	0.00951	0.29177	0.00711
23	0.01067	0.00837	0.00965	0.00991	0.01202	0.00735	0.00721	0.01318	0.01999	0.02575	0.22957	0.21371	0.35921	0.02156	0.01023	0.00295	0.00437	0.01865	0.00830	0.00735
24	0.01144	0.00853	0.01012	0.01060	0.01222	0.00788	0.00769	0.01358	0.01819	0.02354	0.15124	0.17080	0.24605	0.16774	0.01756	0.00423	0.00571	0.09841	0.00754	0.00694
25	0.01037	0.00741	0.00987	0.01185	0.01234	0.00691	0.00790	0.01185	0.01629	0.02172	0.04690	0.69537	0.05629	0.02666	0.01086	0.00346	0.00494	0.02419	0.00790	0.00691
26	0.19486	0.02219	0.02263	0.01771	0.02418	0.02476	0.01462	0.48689	0.03432	0.05019	0.01852	0.01896	0.01330	0.00970	0.00779	0.00257	0.00874	0.00698	0.00779	0.01330
27	0.01098	0.00823	0.01008	0.01081	0.01236	0.00749	0.00775	0.01329	0.01889	0.02480	0.18998	0.31217	0.22166	0.05976	0.01228	0.00341	0.00492	0.05586	0.00808	0.00720
28	0.01206	0.00969	0.01076	0.01088	0.01320	0.00926	0.00789	0.01723	0.10559	0.02532	0.12737	0.21476	0.32058	0.06146	0.01203	0.00331	0.00500	0.01762	0.00801	0.00798
29	0.01028	0.00863	0.00892	0.00885	0.01163	0.00728	0.00664	0.01264	0.01991	0.02421	0.14742	0.07989	0.58241	0.02110	0.01006	0.00285	0.00428	0.01768	0.00806	0.00728
30	0.76103	0.01646	0.01251	0.01119	0.01646	0.01909	0.00922	0.02502	0.01448	0.03818	0.01185	0.01382	0.00922	0.00790	0.00527	0.00263	0.00658	0.00461	0.00527	0.00922
31	0.01402	0.00925	0.01126	0.01122	0.01257	0.00972	0.00793	0.05327	0.01636	0.02400	0.02903	0.15242	0.02971	0.22161	0.18902	0.00707	0.01057	0.01227	0.17139	0.00730
32	0.01163	0.00863	0.01088	0.01235	0.01330	0.00853	0.00840	0.01554	0.08384	0.02304	0.04477	0.59746	0.05196	0.05135	0.01189	0.00358	0.00526	0.02213	0.00788	0.00756
33	0.01158	0.00852	0.00997	0.01087	0.01289	0.00778	0.00836	0.01417	0.01855	0.02420	0.06147	0.22311	0.30614	0.02192	0.01018	0.00315	0.00521	0.14602	0.08857	0.00735
34	0.01579	0.01074	0.01222	0.01137	0.01345	0.01088	0.00815	0.11349	0.02122	0.03001	0.16677	0.13681	0.06592	0.20009	0.01815	0.00415	0.00616	0.01337	0.13314	0.00810
35	0.01408	0.01105	0.01329	0.01400	0.01654	0.01131	0.01127	0.02169	0.15389	0.02660	0.05145	0.17288	0.16657	0.02097	0.01059	0.00341	0.00642	0.25714	0.00804	0.00880
36	0.01070	0.00782	0.01007	0.01126	0.01234	0.00719	0.00778	0.01281	0.01832	0.02457	0.18164	0.49312	0.12277	0.02410	0.01060	0.00322	0.00467	0.02162	0.00822	0.00719
37	0.01252	0.00922	0.01204	0.01276	0.01489	0.00874	0.01052	0.01618	0.02113	0.02807	0.26075	0.08232	0.15958	0.02105	0.01087	0.00331	0.00591	0.29397	0.00838	0.00779
38	0.10551	0.01781	0.01856	0.01509	0.01968	0.01952	0.01184	0.35340	0.02863	0.04126	0.02172	0.02882	0.01838	0.16397	0.01564	0.00377	0.00822	0.00841	0.08868	0.01110
39	0.01108	0.00846	0.00891	0.00891	0.01052	0.00766	0.00589	0.01228	0.01629	0.02012	0.05996	0.07032	0.37331	0.32175	0.02475	0.00525	0.00605	0.01549	0.00669	0.00629
40	0.02650	0.01964	0.02139	0.01667	0.02265	0.02058	0.01345	0.41102	0.03192	0.04399	0.02156	0.05623	0.01753	0.04695	0.00992	0.00263	0.00820	0.00827	0.05186	0.14905
41	0.01176	0.00816	0.00974	0.01007	0.01067	0.00786	0.00633	0.01289	0.01563	0.02105	0.14126	0.20101	0.07547	0.39832	0.02866	0.00595	0.00658	0.01581	0.00664	0.00615
42	0.01239	0.00904	0.01331	0.01331	0.01486	0.01047	0.01034	0.01549	0.01394	0.02052	0.02311	0.03332	0.02131	0.06040	0.62517	0.01293	0.02160	0.00904	0.05182	0.00762
43	0.02235	0.03154	0.16912	0.02019	0.02552	0.29993	0.01856	0.02668	0.02072	0.02370	0.06411	0.05231	0.02234	0.01482	0.04512	0.00329	0.05006	0.07472	0.00504	0.00988
44	0.02987	0.02753	0.02328	0.01958	0.02511	0.23522	0.01543	0.26097	0.17241	0.07135	0.02207	0.02187	0.01637	0.01007	0.00827	0.00252	0.01060	0.00745	0.00730	0.01272
45	0.01188	0.00873	0.01073	0.01175	0.01325	0.00827	0.00891	0.01404	0.01736	0.02217	0.05203	0.18728	0.20137	0.17462	0.01820	0.00453	0.00651	0.21418	0.00727	0.00691
46	0.01171	0.00829	0.00916	0.00928	0.00998	0.00792	0.00563	0.01231	0.01425	0.01833	0.04191	0.10004	0.17599	0.50168	0.03359	0.00671	0.00713	0.01439	0.00596	0.00574
47	0.02586	0.09009	0.20718	0.02259	0.03132	0.02287	0.11735	0.24011	0.02683	0.10507	0.01914	0.02048	0.01359	0.00890	0.00837	0.00259	0.01081	0.00748	0.00624	0.01314
48	0.02098	0.10414	0.26992	0.02568	0.12955	0.17122	0.02255	0.02661	0.01954	0.02441	0.02022	0.06198	0.04766	0.00992	0.00804	0.00251	0.01156	0.00784	0.00437	0.01129

[dist]
# distance from previous block
# <min> <max>
1	13

[block]
# block no. 5 follows, 21 sequences, length 13
# corresponding to MSA columns:
# 206-218
name=unknown_F
#
# <colnr> <probs for GDERKNQSTAVLIFYWHMCP>
#	G	D	E	R	K	N	Q	S	T	A	V	L	I	F	Y	W	H	M	C	P
0	0.10468	0.13021	0.02552	0.17060	0.07471	0.02129	0.01662	0.11460	0.07467	0.07413	0.02047	0.02648	0.01665	0.01257	0.04035	0.00318	0.00970	0.04648	0.00587	0.01121
1	0.01860	0.01327	0.01460	0.01245	0.01599	0.01326	0.00923	0.14252	0.06229	0.03089	0.02545	0.07876	0.02377	0.20087	0.01735	0.00386	0.00694	0.00980	0.15505	0.14506
2	0.01916	0.02488	0.19548	0.02120	0.06145	0.04368	0.05414	0.07006	0.19588	0.03261	0.15846	0.03239	0.03083	0.01119	0.00882	0.00272	0.00890	0.00958	0.00674	0.01184
3	0.01460	0.01191	0.01334	0.01316	0.01505	0.04963	0.00957	0.04026	0.08763	0.02589	0.15788	0.21462	0.04348	0.11201	0.14561	0.00576	0.00971	0.01456	0.00709	0.00825
4	0.01422	0.01004	0.01217	0.01203	0.01331	0.01037	0.00837	0.08085	0.01753	0.02364	0.06129	0.19046	0.03702	0.32031	0.10561	0.00668	0.00922	0.05323	0.00644	0.00720
5	0.39081	0.18276	0.02369	0.01679	0.06375	0.12323	0.01296	0.02745	0.04327	0.03038	0.01331	0.01529	0.01090	0.00802	0.00605	0.00238	0.00879	0.00515	0.00482	0.01020
6	0.02897	0.02361	0.02120	0.01809	0.02301	0.19542	0.01424	0.23746	0.02836	0.14271	0.02593	0.12613	0.02267	0.01301	0.00881	0.00267	0.00989	0.03846	0.00761	0.01175
7	0.01489	0.01076	0.01184	0.01109	0.01291	0.01080	0.00768	0.10282	0.01861	0.02414	0.04100	0.05933	0.17311	0.39333	0.02822	0.00585	0.00747	0.05247	0.00648	0.00720
8	0.01878	0.01246	0.01504	0.01397	0.01659	0.01280	0.01044	0.17679	0.02292	0.06606	0.07454	0.28362	0.03774	0.06104	0.01478	0.09581	0.00683	0.04316	0.00763	0.00899
9	0.02025	0.02004	0.03098	0.24763	0.41901	0.06513	0.02466	0.02529	0.01897	0.02541	0.01553	0.02117	0.01263	0.00796	0.00840	0.00260	0.01087	0.00743	0.00409	0.01196
10	0.01909	0.01869	0.02933	0.03685	0.34983	0.06396	0.08546	0.02357	0.01811	0.02486	0.01794	0.02452	0.01555	0.02428	0.20366	0.00584	0.01471	0.00816	0.00434	0.01126
11	0.01236	0.01025	0.01103	0.01082	0.01367	0.00980	0.00809	0.01865	0.13109	0.02651	0.14117	0.13894	0.39678	0.01979	0.00989	0.00292	0.00478	0.01682	0.00822	0.00840
12	0.02469	0.02745	0.02636	0.17370	0.18611	0.29574	0.01993	0.06286	0.02210	0.02479	0.01815	0.02180	0.04163	0.00910	0.00820	0.00247	0.01230	0.00717	0.00462	0.01081

[dist]
# distance from previous block
# <min> <max>
0	1

[block]
# block no. 6 follows, 21 sequences, length 48
# corresponding to MSA columns:
# 220-267
name=unknown_G
#
# <colnr> <probs for GDERKNQSTAVLIFYWHMCP>
#	G	D	E	R	K	N	Q	S	T	A	V	L	I	F	Y	W	H	M	C	P
0	0.01846	0.02583	0.16851	0.01889	0.05146	0.17381	0.01672	0.02383	0.05164	0.02482	0.06803	0.11565	0.15065	0.01453	0.00903	0.00276	0.00961	0.04005	0.00596	0.00978
1	0.01992	0.10723	0.19517	0.02321	0.07133	0.14387	0.08233	0.02515	0.01831	0.02325	0.01661	0.02159	0.01388	0.02202	0.17375	0.00527	0.01529	0.00713	0.00411	0.01056
2	0.01462	0.01193	0.01560	0.01374	0.01618	0.01270	0.01047	0.01694	0.01426	0.02110	0.01997	0.03239	0.01978	0.19274	0.25121	0.00768	0.12059	0.00860	0.00469	0.19481
3	0.01233	0.00927	0.01100	0.01170	0.01300	0.00925	0.00797	0.01682	0.10157	0.02326	0.07236	0.38052	0.10592	0.16408	0.01720	0.00428	0.00577	0.01869	0.00750	0.00753
4	0.02227	0.02131	0.03129	0.04382	0.49057	0.05848	0.02324	0.05920	0.10851	0.02981	0.01873	0.02223	0.01517	0.00835	0.00842	0.00256	0.00990	0.00776	0.00508	0.01332
5	0.01210	0.00884	0.01091	0.01190	0.01342	0.00843	0.00911	0.01431	0.01735	0.02217	0.05075	0.15170	0.19101	0.19382	0.01918	0.00470	0.00674	0.23947	0.00719	0.00690
6	0.02809	0.04143	0.18329	0.02251	0.02896	0.50399	0.02022	0.03221	0.02257	0.02237	0.01369	0.01601	0.01092	0.00860	0.00778	0.00232	0.01465	0.00568	0.00419	0.01055
7	0.01125	0.00873	0.01028	0.01006	0.01246	0.00776	0.00766	0.01443	0.02173	0.02864	0.35935	0.07366	0.33058	0.01961	0.01015	0.00284	0.00437	0.05018	0.00862	0.00764
8	0.06857	0.02433	0.14576	0.02822	0.21728	0.08504	0.01995	0.02908	0.04841	0.13754	0.02700	0.02801	0.08385	0.01006	0.00830	0.00260	0.00962	0.00834	0.00590	0.01215
9	0.02166	0.02163	0.03486	0.04937	0.57277	0.05992	0.06174	0.02667	0.01971	0.02734	0.01591	0.02083	0.01329	0.00763	0.00848	0.00253	0.01069	0.00760	0.00423	0.01314
10	0.03242	0.01732	0.02073	0.01659	0.02273	0.01754	0.01348	0.15378	0.19311	0.36971	0.03133	0.02808	0.02114	0.01075	0.00858	0.00269	0.00751	0.00868	0.00963	0.01420
11	0.29698	0.02501	0.14231	0.01740	0.02475	0.02243	0.01656	0.28710	0.02639	0.04282	0.01629	0.01753	0.01183	0.00896	0.00724	0.00261	0.00896	0.00628	0.00637	0.01218
12	0.02413	0.60486	0.04148	0.01568	0.02252	0.12993	0.01485	0.02677	0.01833	0.02014	0.01203	0.01391	0.01093	0.00751	0.00580	0.00188	0.01005	0.00469	0.00375	0.01076
13	0.01230	0.00919	0.01148	0.01082	0.01307	0.00862	0.00814	0.01716	0.05532	0.03297	0.54995	0.06394	0.13987	0.01755	0.00997	0.00271	0.00419	0.01537	0.00917	0.00822
14	0.01092	0.00824	0.01016	0.01106	0.01268	0.00748	0.00807	0.01331	0.01898	0.02476	0.16856	0.33718	0.23484	0.02312	0.01056	0.00318	0.00487	0.07658	0.00817	0.00729
15	0.01663	0.01576	0.01434	0.01337	0.01706	0.08847	0.01020	0.02669	0.23865	0.02781	0.08846	0.05538	0.32135	0.01629	0.00928	0.00279	0.00643	0.01341	0.00784	0.00978
16	0.01986	0.02120	0.04036	0.03519	0.15438	0.02256	0.33366	0.02512	0.01795	0.02544	0.01527	0.02136	0.01253	0.00944	0.01480	0.00305	0.20364	0.00883	0.00412	0.01125
17	0.02918	0.02226	0.02376	0.01894	0.02518	0.02491	0.01541	0.45677	0.20786	0.04852	0.02446	0.02364	0.01773	0.01059	0.00855	0.00265	0.00862	0.00822	0.00855	0.01419
18	0.03223	0.02737	0.02524	0.02008	0.02637	0.16167	0.01623	0.49578	0.03665	0.04670	0.01889	0.01936	0.01373	0.00991	0.00834	0.00248	0.01063	0.00720	0.00764	0.01350
19	0.02457	0.57208	0.04047	0.01604	0.02274	0.16111	0.01494	0.02719	0.01867	0.02018	0.01210	0.01399	0.01093	0.00758	0.00591	0.00190	0.01036	0.00474	0.00379	0.01071
20	0.02277	0.03139	0.23913	0.03230	0.20661	0.09819	0.08699	0.12492	0.02294	0.03088	0.01628	0.01945	0.01239	0.00828	0.00841	0.00258	0.01187	0.00718	0.00474	0.01270
21	0.01081	0.00851	0.00987	0.01065	0.01274	0.00757	0.00805	0.01316	0.01886	0.02358	0.09554	0.23763	0.37563	0.02296	0.01053	0.00318	0.00502	0.11049	0.00796	0.00726
22	0.76103	0.01646	0.01251	0.01119	0.01646	0.01909	0.00922	0.02502	0.01448	0.03818	0.01185	0.01382	0.00922	0.00790	0.00527	0.00263	0.00658	0.00461	0.00527	0.00922
23	0.02606	0.07300	0.05967	0.03425	0.28619	0.32724	0.02108	0.02984	0.02143	0.02398	0.01437	0.01775	0.01200	0.00815	0.00787	0.00233	0.01265	0.00634	0.00423	0.01157
24	0.02701	0.06577	0.06970	0.06392	0.11181	0.34488	0.01907	0.09236	0.04472	0.02613	0.01515	0.01791	0.01221	0.00903	0.00888	0.00243	0.04673	0.00637	0.00478	0.01114
25	0.01479	0.01169	0.01369	0.01266	0.01559	0.01209	0.00965	0.02497	0.21418	0.03398	0.42263	0.05461	0.09394	0.01579	0.00961	0.00275	0.00488	0.01372	0.00907	0.00969
26	0.02262	0.20241	0.27588	0.02453	0.10116	0.18599	0.02292	0.02826	0.01951	0.02381	0.01398	0.01661	0.01117	0.00800	0.00738	0.00234	0.01214	0.00581	0.00388	0.01159
27	0.02257	0.19794	0.03034	0.02028	0.02309	0.16919	0.01711	0.02473	0.01656	0.02044	0.01178	0.01664	0.01106	0.01161	0.01776	0.00290	0.36605	0.00628	0.00385	0.00984
28	0.01236	0.00830	0.00955	0.00955	0.00964	0.00840	0.00549	0.01255	0.01246	0.01670	0.02657	0.05433	0.03035	0.66188	0.08154	0.00858	0.00914	0.01218	0.00512	0.00531
29	0.01121	0.00810	0.00929	0.00986	0.01073	0.00759	0.00628	0.01218	0.01528	0.01965	0.04758	0.24780	0.19262	0.33446	0.02554	0.00551	0.00630	0.01721	0.00664	0.00618
30	0.02568	0.02795	0.03017	0.03914	0.38209	0.25953	0.02197	0.06343	0.02233	0.02672	0.01521	0.01891	0.01261	0.00817	0.00815	0.00241	0.01200	0.00681	0.00453	0.01220
31	0.01552	0.01462	0.01224	0.01182	0.01348	0.13492	0.00800	0.01667	0.01648	0.01917	0.03888	0.05315	0.18083	0.35768	0.06633	0.00606	0.00952	0.01225	0.00566	0.00672
32	0.01216	0.00912	0.01368	0.01368	0.01520	0.01064	0.01064	0.01520	0.01368	0.01976	0.02279	0.03343	0.02127	0.06382	0.66720	0.01368	0.02279	0.00912	0.00456	0.00760
33	0.02077	0.01992	0.03402	0.08866	0.61367	0.02014	0.02597	0.02586	0.01924	0.02745	0.01596	0.02116	0.01336	0.00764	0.00843	0.00255	0.01018	0.00758	0.00419	0.01325
34	0.02106	0.02022	0.03454	0.05223	0.64784	0.02022	0.02612	0.02612	0.01938	0.02780	0.01601	0.02106	0.01348	0.00758	0.00842	0.00253	0.01011	0.00758	0.00421	0.01348
35	0.01760	0.10619	0.59934	0.02335	0.03542	0.02107	0.02986	0.02681	0.01790	0.02630	0.01495	0.01756	0.01079	0.00801	0.00784	0.00261	0.01225	0.00613	0.00360	0.01242
36	0.02106	0.02022	0.03454	0.05223	0.64784	0.02022	0.02612	0.02612	0.01938	0.02780	0.01601	0.02106	0.01348	0.00758	0.00842	0.00253	0.01011	0.00758	0.00421	0.01348
37	0.02560	0.01729	0.01937	0.01675	0.02202	0.01891	0.01322	0.04425	0.47417	0.19650	0.03436	0.03103	0.02470	0.01128	0.00863	0.00282	0.00687	0.00934	0.00915	0.01373
38	0.03544	0.01388	0.01887	0.01468	0.02078	0.01204	0.01204	0.03881	0.02433	0.58882	0.09745	0.03259	0.02727	0.01125	0.00871	0.00264	0.00690	0.00927	0.01041	0.01381
39	0.02501	0.02019	0.02140	0.01810	0.02359	0.02296	0.01440	0.24239	0.42905	0.04179	0.02976	0.02786	0.02203	0.01109	0.00861	0.00277	0.00764	0.00895	0.00861	0.01381
40	0.01037	0.00741	0.00987	0.01185	0.01234	0.00691	0.00790	0.01185	0.01629	0.02172	0.04690	0.69537	0.05629	0.02666	0.01086	0.00346	0.00494	0.02419	0.00790	0.00691
41	0.01121	0.00801	0.01084	0.01281	0.01367	0.00764	0.00936	0.01330	0.01712	0.02267	0.04644	0.54458	0.05445	0.02587	0.01109	0.00357	0.00567	0.16668	0.00788	0.00714
42	0.01238	0.00825	0.00928	0.00928	0.00928	0.00825	0.00516	0.01238	0.01238	0.01650	0.02681	0.05569	0.03094	0.70092	0.04331	0.00825	0.00825	0.01238	0.00516	0.00516
43	0.01221	0.00890	0.01257	0.01257	0.01371	0.01004	0.00926	0.01449	0.01335	0.01894	0.02381	0.03903	0.02371	0.22411	0.51024	0.01231	0.01914	0.00994	0.00471	0.00698
44	0.01587	0.01201	0.01386	0.01342	0.01631	0.01213	0.01041	0.13700	0.05377	0.03033	0.07811	0.24598	0.19558	0.02037	0.01018	0.00314	0.00618	0.10824	0.00812	0.00903
45	0.02301	0.41528	0.19480	0.01837	0.02645	0.14833	0.01916	0.02744	0.01874	0.02192	0.01294	0.01505	0.01089	0.00776	0.00653	0.00211	0.01114	0.00516	0.00377	0.01114
46	0.02405	0.13591	0.03438	0.03738	0.35118	0.18965	0.05631	0.02812	0.02031	0.02472	0.01467	0.01850	0.01238	0.00782	0.00785	0.00235	0.01155	0.00670	0.00417	0.01202
47	0.02392	0.03555	0.22301	0.03104	0.18747	0.26980	0.05553	0.02947	0.02081	0.02482	0.01474	0.01800	0.01165	0.00817	0.00812	0.00247	0.01312	0.00650	0.00409	0.01170

[dist]
# distance from previous block
# <min> <max>
1	6

[block]
# block no. 7 follows, 21 sequences, length 26
# corresponding to MSA columns:
# 274-299
name=unknown_H
#
# <colnr> <probs for GDERKNQSTAVLIFYWHMCP>
#	G	D	E	R	K	N	Q	S	T	A	V	L	I	F	Y	W	H	M	C	P
0	0.05783	0.25256	0.14928	0.02157	0.08891	0.19513	0.01856	0.02765	0.01935	0.02402	0.01440	0.01697	0.01187	0.00807	0.00687	0.00221	0.01103	0.00568	0.05712	0.01092
1	0.06584	0.03026	0.07338	0.03525	0.30843	0.29181	0.02151	0.02942	0.02100	0.02538	0.01453	0.01804	0.01200	0.00813	0.00791	0.00240	0.01229	0.00644	0.00430	0.01166
2	0.10004	0.02576	0.02297	0.02262	0.08487	0.23647	0.01624	0.03287	0.18957	0.02733	0.01890	0.02093	0.01524	0.01049	0.01159	0.00275	0.13767	0.00712	0.00552	0.01105
3	0.01047	0.00864	0.00927	0.00965	0.01222	0.00744	0.00736	0.01275	0.01915	0.02314	0.07843	0.13704	0.53015	0.02221	0.01031	0.00303	0.00474	0.07889	0.00790	0.00723
4	0.01037	0.00741	0.00987	0.01185	0.01234	0.00691	0.00790	0.01185	0.01629	0.02172	0.04690	0.69537	0.05629	0.02666	0.01086	0.00346	0.00494	0.02419	0.00790	0.00691
5	0.02396	0.22497	0.06901	0.02535	0.03258	0.20413	0.25048	0.02860	0.02031	0.02338	0.01445	0.01794	0.01170	0.00769	0.00798	0.00237	0.01304	0.00703	0.00410	0.01092
6	0.01216	0.00912	0.01368	0.01368	0.01520	0.01064	0.01064	0.01520	0.01368	0.01976	0.02279	0.03343	0.02127	0.06382	0.66720	0.01368	0.02279	0.00912	0.00456	0.00760
7	0.06277	0.32045	0.16283	0.01857	0.02609	0.18605	0.01835	0.07027	0.02059	0.02499	0.01348	0.01545	0.01107	0.00806	0.00676	0.00219	0.01125	0.00536	0.00425	0.01117
8	0.01713	0.01434	0.01518	0.01399	0.01799	0.01532	0.01096	0.07149	0.30966	0.03129	0.05439	0.05486	0.26710	0.01616	0.00941	0.00293	0.00606	0.05273	0.00830	0.01071
9	0.01048	0.00749	0.00998	0.01177	0.01237	0.00699	0.00791	0.01214	0.01683	0.02258	0.08798	0.65185	0.05794	0.02602	0.01081	0.00340	0.00487	0.02359	0.00800	0.00699
10	0.02079	0.01994	0.03405	0.08661	0.61560	0.02015	0.02598	0.02588	0.01925	0.02747	0.01596	0.02115	0.01336	0.00763	0.00843	0.00254	0.01018	0.00758	0.00419	0.01326
11	0.02275	0.70604	0.04459	0.01456	0.02184	0.03367	0.01456	0.02548	0.01729	0.02002	0.01183	0.01365	0.01092	0.00728	0.00546	0.00182	0.00910	0.00455	0.00364	0.01092
12	0.01026	0.00869	0.00891	0.00902	0.01184	0.00733	0.00687	0.01252	0.01941	0.02313	0.08389	0.08269	0.61085	0.02166	0.01015	0.00293	0.00451	0.05021	0.00790	0.00722
13	0.01236	0.00830	0.00954	0.00954	0.00963	0.00839	0.00548	0.01254	0.01245	0.01669	0.02658	0.05438	0.03037	0.66334	0.08012	0.00857	0.00911	0.01218	0.00512	0.00530
14	0.01238	0.00825	0.00928	0.00928	0.00928	0.00825	0.00516	0.01238	0.01238	0.01650	0.02681	0.05569	0.03094	0.70092	0.04331	0.00825	0.00825	0.01238	0.00516	0.00516
15	0.01037	0.00741	0.00987	0.01185	0.01234	0.00691	0.00790	0.01185	0.01629	0.02172	0.04690	0.69537	0.05629	0.02666	0.01086	0.00346	0.00494	0.02419	0.00790	0.00691
16	0.01077	0.00802	0.01003	0.01087	0.01227	0.00728	0.00764	0.01309	0.01910	0.02543	0.22071	0.39328	0.18430	0.02303	0.01047	0.00312	0.00455	0.02046	0.00831	0.00728
17	0.01866	0.03289	0.33619	0.03039	0.04087	0.02069	0.34091	0.02711	0.01909	0.02711	0.01630	0.02060	0.01191	0.00760	0.00912	0.00279	0.01351	0.00827	0.00397	0.01200
18	0.01258	0.00922	0.01238	0.01220	0.01298	0.01037	0.00865	0.01423	0.01308	0.01838	0.02396	0.04238	0.02497	0.33858	0.36378	0.01082	0.04959	0.01045	0.00478	0.00662
19	0.01238	0.00825	0.00928	0.00928	0.00928	0.00825	0.00516	0.01238	0.01238	0.01650	0.02681	0.05569	0.03094	0.70092	0.04331	0.00825	0.00825	0.01238	0.00516	0.00516
20	0.02106	0.02022	0.03454	0.05223	0.64784	0.02022	0.02612	0.02612	0.01938	0.02780	0.01601	0.02106	0.01348	0.00758	0.00842	0.00253	0.01011	0.00758	0.00421	0.01348
21	0.02009	0.02296	0.05022	0.03587	0.04448	0.02152	0.61693	0.02726	0.02009	0.02726	0.01722	0.02296	0.01291	0.00717	0.01004	0.00287	0.01435	0.01004	0.00430	0.01148
22	0.01107	0.00895	0.01004	0.01058	0.01320	0.00791	0.00848	0.01372	0.01945	0.02368	0.07478	0.08581	0.47898	0.02210	0.01053	0.00316	0.00529	0.17703	0.00788	0.00737
23	0.02524	0.03021	0.09281	0.03373	0.27410	0.25906	0.02158	0.06308	0.06895	0.02715	0.01655	0.01942	0.01328	0.00852	0.00814	0.00245	0.01200	0.00683	0.00479	0.01211
24	0.01338	0.01138	0.01264	0.01207	0.01485	0.01171	0.00920	0.02053	0.15589	0.02664	0.12256	0.12500	0.34523	0.01892	0.01110	0.00297	0.05351	0.01570	0.00792	0.00880
25	0.18799	0.02213	0.16666	0.05551	0.17187	0.01745	0.01895	0.02466	0.05961	0.02938	0.04418	0.09760	0.02066	0.03711	0.00931	0.00296	0.00881	0.00908	0.00524	0.01084

[dist]
# distance from previous block
# <min> <max>
0	16

[block]
# block no. 8 follows, 21 sequences, length 78
# corresponding to MSA columns:
# 316-393
name=unknown_I
#
# <colnr> <probs for GDERKNQSTAVLIFYWHMCP>
#	G	D	E	R	K	N	Q	S	T	A	V	L	I	F	Y	W	H	M	C	P
0	0.06156	0.06799	0.02811	0.03070	0.22607	0.36383	0.01912	0.05831	0.02253	0.02539	0.01429	0.01727	0.01186	0.00833	0.00772	0.00232	0.01263	0.00617	0.00453	0.01128
1	0.02539	0.03380	0.13625	0.03328	0.25268	0.32234	0.02251	0.02994	0.02135	0.02440	0.01455	0.01786	0.01184	0.00822	0.00802	0.00240	0.01298	0.00638	0.00419	0.01164
2	0.01751	0.01648	0.02618	0.03817	0.44260	0.01602	0.01978	0.02163	0.01938	0.02625	0.03865	0.04068	0.21696	0.01209	0.00895	0.00264	0.00824	0.01093	0.00540	0.01145
3	0.02173	0.02233	0.02039	0.02101	0.09136	0.20746	0.01455	0.05949	0.15491	0.02654	0.02842	0.03084	0.08437	0.02258	0.15077	0.00495	0.01300	0.00885	0.00593	0.01053
4	0.01478	0.00739	0.01109	0.01109	0.01109	0.00739	0.00739	0.01109	0.01109	0.01478	0.01478	0.02587	0.01478	0.02956	0.03326	0.75240	0.00739	0.00739	0.00370	0.00370
5	0.10009	0.02384	0.02846	0.03523	0.33252	0.11946	0.02043	0.17778	0.02484	0.03435	0.01628	0.01931	0.01292	0.00846	0.00802	0.00249	0.01036	0.00699	0.00544	0.01276
6	0.02199	0.49625	0.19389	0.01747	0.02585	0.07477	0.01885	0.02644	0.01794	0.02178	0.01277	0.01483	0.01089	0.00758	0.00626	0.00206	0.01040	0.00504	0.00368	0.01125
7	0.01122	0.00900	0.01025	0.01087	0.01345	0.00802	0.00878	0.01394	0.01946	0.02378	0.07307	0.08640	0.45429	0.02218	0.01060	0.00321	0.00544	0.20077	0.00788	0.00739
8	0.01586	0.00793	0.00793	0.00793	0.00991	0.00793	0.00595	0.01983	0.01785	0.03173	0.02776	0.03173	0.02181	0.00991	0.00595	0.00198	0.00397	0.00793	0.74817	0.00793
9	0.02056	0.01971	0.03364	0.11528	0.58870	0.02009	0.02587	0.02568	0.01914	0.02719	0.01592	0.02123	0.01327	0.00768	0.00843	0.00256	0.01023	0.00758	0.00417	0.01308
10	0.02138	0.02051	0.03162	0.20750	0.31031	0.05439	0.08268	0.08658	0.04888	0.02878	0.01704	0.02180	0.01340	0.00829	0.00859	0.00264	0.01090	0.00781	0.00476	0.01214
11	0.01232	0.00848	0.01044	0.01044	0.01084	0.00888	0.00660	0.01312	0.01272	0.01736	0.02575	0.04981	0.02839	0.53273	0.20802	0.00968	0.01209	0.01152	0.00500	0.00580
12	0.02275	0.70604	0.04459	0.01456	0.02184	0.03367	0.01456	0.02548	0.01729	0.02002	0.01183	0.01365	0.01092	0.00728	0.00546	0.00182	0.00910	0.00455	0.00364	0.01092
13	0.01295	0.01073	0.01159	0.01101	0.01409	0.01041	0.00836	0.02029	0.15302	0.02846	0.21223	0.06655	0.37189	0.01837	0.00975	0.00283	0.00476	0.01553	0.00843	0.00875
14	0.01765	0.01513	0.01765	0.01260	0.02017	0.01134	0.01008	0.02143	0.01765	0.02773	0.01513	0.01765	0.01260	0.00630	0.00630	0.00126	0.00630	0.00504	0.00504	0.75295
15	0.01186	0.00822	0.01030	0.01129	0.01187	0.00801	0.00764	0.01320	0.01546	0.02060	0.06477	0.29060	0.04510	0.32079	0.02517	0.00559	0.00681	0.10962	0.00676	0.00634
16	0.02629	0.02686	0.02101	0.01894	0.02323	0.30151	0.01495	0.18567	0.02688	0.03069	0.02655	0.06815	0.05197	0.01355	0.00898	0.00273	0.01123	0.12388	0.00651	0.01043
17	0.36957	0.12865	0.17747	0.01636	0.02361	0.10930	0.01646	0.02678	0.01706	0.03037	0.01287	0.01503	0.01009	0.00797	0.00632	0.00247	0.00962	0.00513	0.00449	0.01038
18	0.02597	0.02351	0.09010	0.01878	0.02564	0.02278	0.01644	0.32532	0.22264	0.04294	0.02392	0.02351	0.01755	0.01008	0.00833	0.00257	0.00862	0.00791	0.00775	0.07566
19	0.02106	0.02022	0.03454	0.05223	0.64784	0.02022	0.02612	0.02612	0.01938	0.02780	0.01601	0.02106	0.01348	0.00758	0.00842	0.00253	0.01011	0.00758	0.00421	0.01348
20	0.01586	0.00793	0.00793	0.00793	0.00991	0.00793	0.00595	0.01983	0.01785	0.03173	0.02776	0.03173	0.02181	0.00991	0.00595	0.00198	0.00397	0.00793	0.74817	0.00793
21	0.01238	0.00825	0.00928	0.00928	0.00928	0.00825	0.00516	0.01238	0.01238	0.01650	0.02681	0.05569	0.03094	0.70092	0.04331	0.00825	0.00825	0.01238	0.00516	0.00516
22	0.01204	0.00870	0.01138	0.01071	0.01271	0.00803	0.00803	0.01606	0.02409	0.03413	0.64335	0.06357	0.08030	0.01740	0.01004	0.00268	0.00401	0.01539	0.00937	0.00803
23	0.01037	0.00741	0.00987	0.01185	0.01234	0.00691	0.00790	0.01185	0.01629	0.02172	0.04690	0.69537	0.05629	0.02666	0.01086	0.00346	0.00494	0.02419	0.00790	0.00691
24	0.76103	0.01646	0.01251	0.01119	0.01646	0.01909	0.00922	0.02502	0.01448	0.03818	0.01185	0.01382	0.00922	0.00790	0.00527	0.00263	0.00658	0.00461	0.00527	0.00922
25	0.01037	0.00741	0.00987	0.01185	0.01234	0.00691	0.00790	0.01185	0.01629	0.02172	0.04690	0.69537	0.05629	0.02666	0.01086	0.00346	0.00494	0.02419	0.00790	0.00691
26	0.01236	0.00831	0.00959	0.00959	0.00970	0.00842	0.00554	0.01257	0.01247	0.01673	0.02653	0.05412	0.03026	0.65612	0.08719	0.00863	0.00927	0.01215	0.00511	0.00533
27	0.02424	0.01850	0.02001	0.01734	0.02257	0.02083	0.01367	0.10944	0.50106	0.10343	0.03293	0.03018	0.02416	0.01129	0.00863	0.00282	0.00708	0.00929	0.00884	0.01369
28	0.01124	0.00868	0.00975	0.00984	0.01190	0.00781	0.00723	0.01345	0.01878	0.02377	0.16098	0.07515	0.36581	0.15729	0.01690	0.00403	0.00543	0.07737	0.00758	0.00699
29	0.03009	0.02237	0.02654	0.02055	0.02644	0.02510	0.04868	0.45909	0.03388	0.08955	0.01983	0.02090	0.01437	0.01076	0.01144	0.00275	0.10856	0.00782	0.00773	0.01355
30	0.01707	0.04402	0.65683	0.02426	0.03683	0.01976	0.03144	0.02695	0.01797	0.02695	0.01527	0.01797	0.01078	0.00809	0.00809	0.00270	0.01258	0.00629	0.00359	0.01258
31	0.01048	0.00779	0.00978	0.01108	0.01221	0.00709	0.00763	0.01237	0.01775	0.02330	0.11828	0.50511	0.17675	0.02465	0.01061	0.00326	0.00471	0.02201	0.00806	0.00709
32	0.01985	0.02120	0.04159	0.03071	0.03811	0.02074	0.45735	0.03040	0.15222	0.02880	0.02240	0.05709	0.01781	0.00905	0.00978	0.00290	0.01225	0.01063	0.00542	0.01169
33	0.03160	0.12169	0.02618	0.01984	0.02505	0.45460	0.01560	0.06431	0.02409	0.11655	0.01640	0.01742	0.01264	0.00891	0.00756	0.00223	0.01303	0.00593	0.00542	0.01093
34	0.29932	0.04922	0.01432	0.01124	0.01592	0.01422	0.00904	0.02315	0.01777	0.13553	0.03838	0.03904	0.19888	0.05409	0.00959	0.00294	0.00625	0.00968	0.00683	0.04459
35	0.02119	0.09938	0.18794	0.02170	0.02832	0.19271	0.12393	0.02582	0.01880	0.02256	0.01701	0.02527	0.01526	0.14694	0.01512	0.00362	0.01241	0.00778	0.00425	0.01000
36	0.01216	0.00912	0.01368	0.01368	0.01520	0.01064	0.01064	0.01520	0.01368	0.01976	0.02279	0.03343	0.02127	0.06382	0.66720	0.01368	0.02279	0.00912	0.00456	0.00760
37	0.02431	0.48632	0.07148	0.01893	0.06139	0.16893	0.01655	0.02743	0.01893	0.02103	0.01255	0.01469	0.01108	0.00766	0.00625	0.00199	0.01069	0.00503	0.00383	0.01093
38	0.02619	0.02372	0.02130	0.01826	0.02310	0.16075	0.01419	0.24466	0.20750	0.03675	0.02528	0.07225	0.02103	0.05316	0.01064	0.00298	0.00951	0.00921	0.00742	0.01209
39	0.01790	0.01905	0.14323	0.01552	0.02097	0.01441	0.01445	0.02822	0.19994	0.09528	0.08597	0.11644	0.16326	0.01502	0.00918	0.00287	0.00704	0.01269	0.00764	0.01092
40	0.02255	0.02960	0.13116	0.02407	0.11930	0.26481	0.01832	0.02667	0.02027	0.02419	0.01861	0.10434	0.01740	0.01036	0.00804	0.00234	0.01124	0.00827	0.00478	0.13367
41	0.02898	0.07206	0.02747	0.02808	0.16036	0.49292	0.01843	0.03182	0.02272	0.02229	0.01370	0.01649	0.01150	0.00843	0.00772	0.00224	0.01388	0.00588	0.00431	0.01070
42	0.01363	0.00749	0.01064	0.01104	0.01114	0.00739	0.00724	0.01138	0.01228	0.01637	0.02258	0.16346	0.02492	0.10453	0.02990	0.51850	0.00700	0.01132	0.00470	0.00450
43	0.02489	0.04001	0.27794	0.02574	0.08957	0.34678	0.02336	0.03042	0.02121	0.02394	0.01427	0.01694	0.01113	0.00838	0.00791	0.00243	0.01374	0.00600	0.00405	0.01129
44	0.01939	0.22118	0.15814	0.02160	0.11775	0.05181	0.01800	0.02408	0.01957	0.05087	0.12729	0.06065	0.05412	0.01100	0.00793	0.00243	0.00891	0.00897	0.00541	0.01089
45	0.01220	0.00893	0.01273	0.01273	0.01392	0.01012	0.00945	0.01459	0.01340	0.01905	0.02366	0.03824	0.02336	0.20148	0.53240	0.01250	0.01965	0.00982	0.00469	0.00707
46	0.01238	0.00825	0.00928	0.00928	0.00928	0.00825	0.00516	0.01238	0.01238	0.01650	0.02681	0.05569	0.03094	0.70092	0.04331	0.00825	0.00825	0.01238	0.00516	0.00516
47	0.02677	0.41305	0.03578	0.01753	0.02381	0.24254	0.01536	0.09153	0.02197	0.02387	0.01318	0.01493	0.01131	0.00809	0.00652	0.00202	0.01120	0.00519	0.00441	0.01095
48	0.05512	0.16903	0.05933	0.02784	0.19783	0.16351	0.01890	0.11896	0.05986	0.02945	0.01612	0.01840	0.01301	0.00845	0.00753	0.00235	0.01068	0.00645	0.00507	0.01210
49	0.01049	0.00803	0.00966	0.01078	0.01230	0.00720	0.00765	0.01245	0.01795	0.02293	0.08829	0.41193	0.27436	0.02421	0.01057	0.00323	0.00480	0.04812	0.00796	0.00711
50	0.01034	0.00803	0.00925	0.01018	0.01176	0.00712	0.00706	0.01205	0.01751	0.02200	0.06411	0.36920	0.33040	0.06499	0.01244	0.00347	0.00484	0.02056	0.00774	0.00693
51	0.02004	0.02582	0.17112	0.12668	0.40528	0.05094	0.02651	0.02611	0.01898	0.02649	0.01559	0.02031	0.01248	0.00787	0.00832	0.00259	0.01107	0.00719	0.00403	0.01258
52	0.01984	0.05989	0.22322	0.04033	0.37102	0.02085	0.09006	0.02646	0.01893	0.02712	0.01572	0.01999	0.01249	0.00768	0.00836	0.00258	0.01125	0.00731	0.00401	0.01288
53	0.06389	0.52069	0.07146	0.01614	0.02310	0.14003	0.01548	0.02698	0.01834	0.02150	0.01224	0.01418	0.01083	0.00761	0.00596	0.00197	0.01021	0.00480	0.00385	0.01074
