[name]
unknown

[dist]
# distance from previous block
# <min> <max>
0	105

[block]
# block no. 0 follows, 23 sequences, length 57
# corresponding to MSA columns:
# 105-161
name=unknown_A
#
# <colnr> <probs for GDERKNQSTAVLIFYWHMCP>
#	G	D	E	R	K	N	Q	S	T	A	V	L	I	F	Y	W	H	M	C	P
0	0.20274	0.01627	0.02027	0.02346	0.18490	0.01718	0.01537	0.14097	0.02113	0.03310	0.02226	0.03665	0.02078	0.01167	0.00805	0.00273	0.00795	0.16255	0.00599	0.04597
1	0.11487	0.02302	0.17793	0.23455	0.03416	0.07266	0.01930	0.05077	0.01783	0.02541	0.02281	0.02596	0.09543	0.00995	0.00861	0.00263	0.04225	0.00768	0.00451	0.00967
2	0.06531	0.02102	0.05111	0.18447	0.11963	0.18650	0.01703	0.02285	0.01863	0.02345	0.06326	0.12538	0.02297	0.01165	0.00823	0.00260	0.00991	0.03176	0.00497	0.00928
3	0.02073	0.02585	0.18640	0.01690	0.02361	0.13797	0.01618	0.10324	0.02123	0.05678	0.05191	0.02658	0.06985	0.05057	0.00958	0.00252	0.00941	0.00756	0.00543	0.15771
4	0.14618	0.02468	0.16498	0.22667	0.15277	0.10461	0.02138	0.02462	0.01731	0.02541	0.01384	0.01803	0.01069	0.00780	0.00738	0.00251	0.01058	0.00622	0.00396	0.01038
5	0.20361	0.01678	0.02242	0.01903	0.05032	0.01786	0.11783	0.03173	0.18914	0.15084	0.02271	0.02421	0.01699	0.03926	0.00990	0.00288	0.03885	0.00784	0.00657	0.01121
6	0.01993	0.02045	0.02839	0.23862	0.34653	0.11304	0.02240	0.02434	0.01802	0.02335	0.01431	0.01962	0.01175	0.00813	0.00922	0.00253	0.05761	0.00693	0.00388	0.01094
7	0.01043	0.00795	0.00959	0.00981	0.01164	0.00711	0.00712	0.01303	0.01954	0.02589	0.30537	0.23357	0.26915	0.02021	0.00978	0.00281	0.00415	0.01767	0.00810	0.00711
8	0.00989	0.00706	0.00942	0.01130	0.01177	0.00659	0.00753	0.01130	0.01554	0.02071	0.04472	0.70954	0.05367	0.02542	0.01036	0.00330	0.00471	0.02307	0.00753	0.00659
9	0.02291	0.50850	0.10389	0.01630	0.02319	0.16522	0.01593	0.02612	0.01790	0.01994	0.01188	0.01378	0.01041	0.00732	0.00590	0.00190	0.01025	0.00469	0.00361	0.01037
10	0.01653	0.01637	0.02050	0.11215	0.21461	0.10022	0.01585	0.02000	0.01777	0.02230	0.03322	0.03668	0.18045	0.02081	0.13277	0.00445	0.01125	0.00978	0.00495	0.00933
11	0.01180	0.00787	0.00885	0.00885	0.00885	0.00787	0.00492	0.01180	0.01180	0.01573	0.02557	0.05310	0.02950	0.71483	0.04130	0.00787	0.00787	0.01180	0.00492	0.00492
12	0.01480	0.03329	0.50208	0.01955	0.02905	0.01586	0.02404	0.02255	0.01806	0.02609	0.10615	0.03058	0.10271	0.01051	0.00819	0.00259	0.00993	0.00855	0.00466	0.01077
13	0.01828	0.02556	0.22385	0.12468	0.36859	0.01904	0.05431	0.02465	0.01781	0.02549	0.01500	0.01948	0.01179	0.00747	0.00802	0.00251	0.01068	0.00697	0.00379	0.01201
14	0.00989	0.00706	0.00942	0.01130	0.01177	0.00659	0.00753	0.01130	0.01554	0.02071	0.04472	0.70954	0.05367	0.02542	0.01036	0.00330	0.00471	0.02307	0.00753	0.00659
15	0.00959	0.00822	0.00822	0.00822	0.01096	0.00685	0.00617	0.01165	0.01850	0.02192	0.08220	0.07809	0.66092	0.02055	0.00959	0.00274	0.00411	0.01713	0.00754	0.00685
16	0.01924	0.01842	0.03142	0.16371	0.55688	0.01906	0.02448	0.02417	0.01808	0.02549	0.01511	0.02036	0.01249	0.00739	0.00805	0.00246	0.00985	0.00723	0.00394	0.01218
17	0.00989	0.00706	0.00942	0.01130	0.01177	0.00659	0.00753	0.01130	0.01554	0.02071	0.04472	0.70954	0.05367	0.02542	0.01036	0.00330	0.00471	0.02307	0.00753	0.00659
18	0.01627	0.04197	0.67279	0.02313	0.03512	0.01884	0.02998	0.02570	0.01713	0.02570	0.01456	0.01713	0.01028	0.00771	0.00771	0.00257	0.01199	0.00600	0.00343	0.01199
19	0.02795	0.03474	0.02334	0.02098	0.02437	0.55882	0.01607	0.02998	0.02101	0.01980	0.01219	0.01522	0.01049	0.00946	0.01094	0.00236	0.14331	0.00558	0.00406	0.00931
20	0.00981	0.00823	0.00856	0.00875	0.01134	0.00698	0.00663	0.01193	0.01837	0.02200	0.07824	0.10704	0.59803	0.02088	0.00972	0.00282	0.00433	0.05193	0.00753	0.00687
21	0.01257	0.01014	0.01493	0.01436	0.01558	0.01249	0.01136	0.01529	0.01294	0.01895	0.01997	0.02962	0.01875	0.05341	0.57801	0.01153	0.12994	0.00844	0.00422	0.00751
22	0.01627	0.04197	0.67279	0.02313	0.03512	0.01884	0.02998	0.02570	0.01713	0.02570	0.01456	0.01713	0.01028	0.00771	0.00771	0.00257	0.01199	0.00600	0.00343	0.01199
23	0.01638	0.01635	0.01411	0.01437	0.01656	0.18824	0.01099	0.01900	0.01977	0.02350	0.14617	0.22379	0.07986	0.01829	0.00957	0.00292	0.00784	0.15767	0.00687	0.00776
24	0.01871	0.01784	0.02971	0.04437	0.57890	0.01766	0.02246	0.02317	0.01848	0.02591	0.02400	0.02766	0.09749	0.00897	0.00824	0.00245	0.00892	0.00852	0.00448	0.01207
25	0.01627	0.04197	0.67279	0.02313	0.03512	0.01884	0.02998	0.02570	0.01713	0.02570	0.01456	0.01713	0.01028	0.00771	0.00771	0.00257	0.01199	0.00600	0.00343	0.01199
26	0.01497	0.01587	0.01221	0.01198	0.01472	0.18064	0.00883	0.01693	0.01918	0.02120	0.05829	0.16250	0.39663	0.01819	0.00913	0.00266	0.00691	0.01501	0.00667	0.00747
27	0.01703	0.03721	0.53342	0.02760	0.11793	0.01905	0.08332	0.02562	0.01749	0.02583	0.01482	0.01794	0.01080	0.00757	0.00792	0.00256	0.01184	0.00648	0.00356	0.01201
28	0.01065	0.00761	0.01030	0.01218	0.01298	0.00725	0.00887	0.01263	0.01629	0.02157	0.04430	0.56076	0.05199	0.02470	0.01056	0.00340	0.00537	0.16427	0.00752	0.00680
29	0.01513	0.00756	0.00756	0.00756	0.00945	0.00756	0.00567	0.01891	0.01702	0.03025	0.02647	0.03025	0.02080	0.00945	0.00567	0.00189	0.00378	0.00756	0.75988	0.00756
30	0.01159	0.00869	0.01304	0.01304	0.01449	0.01014	0.01014	0.01449	0.01304	0.01884	0.02173	0.03188	0.02029	0.06086	0.68268	0.01304	0.02173	0.00869	0.00435	0.00724
31	0.01884	0.12711	0.53072	0.02113	0.03194	0.01992	0.02623	0.02680	0.01761	0.08441	0.01575	0.01757	0.01120	0.00783	0.00743	0.00246	0.01109	0.00598	0.00404	0.01196
32	0.01751	0.01771	0.02102	0.01874	0.01972	0.10549	0.01517	0.01966	0.01398	0.01936	0.01426	0.02164	0.01355	0.02763	0.22353	0.00625	0.40511	0.00734	0.00387	0.00845
33	0.01030	0.00736	0.00989	0.01177	0.01242	0.00695	0.00825	0.01201	0.01594	0.02118	0.04449	0.62953	0.05277	0.02503	0.01047	0.00335	0.00507	0.09900	0.00752	0.00670
34	0.02862	0.03072	0.02337	0.02146	0.06188	0.38851	0.01580	0.19391	0.10299	0.03027	0.01704	0.01814	0.01322	0.00898	0.00769	0.00228	0.01183	0.00638	0.00571	0.01119
35	0.02008	0.01928	0.03294	0.04981	0.66422	0.01928	0.02490	0.02490	0.01848	0.02651	0.01526	0.02008	0.01285	0.00723	0.00803	0.00241	0.00964	0.00723	0.00402	0.01285
36	0.01837	0.30358	0.42951	0.01956	0.02960	0.02396	0.02377	0.02516	0.01688	0.02315	0.01330	0.01554	0.01033	0.00741	0.00674	0.00225	0.01071	0.00536	0.00344	0.01138
37	0.01627	0.04197	0.67279	0.02313	0.03512	0.01884	0.02998	0.02570	0.01713	0.02570	0.01456	0.01713	0.01028	0.00771	0.00771	0.00257	0.01199	0.00600	0.00343	0.01199
38	0.00989	0.00706	0.00942	0.01130	0.01177	0.00659	0.00753	0.01130	0.01554	0.02071	0.04472	0.70954	0.05367	0.02542	0.01036	0.00330	0.00471	0.02307	0.00753	0.00659
39	0.01009	0.00824	0.00891	0.00875	0.01127	0.00706	0.00656	0.01261	0.01968	0.02473	0.23494	0.07347	0.50644	0.01950	0.00958	0.00269	0.00404	0.01648	0.00790	0.00706
40	0.01627	0.04197	0.67279	0.02313	0.03512	0.01884	0.02998	0.02570	0.01713	0.02570	0.01456	0.01713	0.01028	0.00771	0.00771	0.00257	0.01199	0.00600	0.00343	0.01199
41	0.02008	0.01928	0.03294	0.04981	0.66422	0.01928	0.02490	0.02490	0.01848	0.02651	0.01526	0.02008	0.01285	0.00723	0.00803	0.00241	0.00964	0.00723	0.00402	0.01285
42	0.77215	0.01569	0.01193	0.01067	0.01569	0.01820	0.00879	0.02385	0.01381	0.03641	0.01130	0.01318	0.00879	0.00753	0.00502	0.00251	0.00628	0.00439	0.00502	0.00879
43	0.00959	0.00822	0.00822	0.00822	0.01096	0.00685	0.00617	0.01165	0.01850	0.02192	0.08220	0.07809	0.66092	0.02055	0.00959	0.00274	0.00411	0.01713	0.00754	0.00685
44	0.00989	0.00706	0.00942	0.01130	0.01177	0.00659	0.00753	0.01130	0.01554	0.02071	0.04472	0.70954	0.05367	0.02542	0.01036	0.00330	0.00471	0.02307	0.00753	0.00659
45	0.00983	0.00727	0.00920	0.01076	0.01163	0.00664	0.00729	0.01136	0.01606	0.02093	0.05132	0.59839	0.16056	0.02456	0.01022	0.00320	0.00460	0.02202	0.00753	0.00664
46	0.03039	0.03619	0.02321	0.02056	0.02510	0.58012	0.01564	0.12641	0.02535	0.02472	0.01362	0.01539	0.01097	0.00858	0.00744	0.00214	0.01375	0.00555	0.00479	0.01009
47	0.02628	0.36048	0.03242	0.01733	0.02307	0.30212	0.01480	0.09415	0.02155	0.02289	0.01270	0.01439	0.01080	0.00784	0.00640	0.00196	0.01118	0.00503	0.00427	0.01036
48	0.00989	0.00706	0.00942	0.01130	0.01177	0.00659	0.00753	0.01130	0.01554	0.02071	0.04472	0.70954	0.05367	0.02542	0.01036	0.00330	0.00471	0.02307	0.00753	0.00659
49	0.02018	0.01743	0.01835	0.01651	0.02110	0.02018	0.01284	0.04312	0.64956	0.03394	0.03303	0.03027	0.02477	0.01101	0.00826	0.00275	0.00642	0.00917	0.00826	0.01284
50	0.00959	0.00822	0.00822	0.00822	0.01096	0.00685	0.00617	0.01165	0.01850	0.02192	0.08220	0.07809	0.66092	0.02055	0.00959	0.00274	0.00411	0.01713	0.00754	0.00685
51	0.02008	0.01928	0.03294	0.04981	0.66422	0.01928	0.02490	0.02490	0.01848	0.02651	0.01526	0.02008	0.01285	0.00723	0.00803	0.00241	0.00964	0.00723	0.00402	0.01285
52	0.12337	0.04714	0.02064	0.01677	0.02200	0.11926	0.01339	0.19040	0.26738	0.06315	0.02285	0.02222	0.01703	0.00965	0.00754	0.00249	0.00836	0.00727	0.00710	0.01200
53	0.02302	0.01150	0.01458	0.01227	0.01650	0.01046	0.00973	0.02780	0.07378	0.31607	0.22612	0.04641	0.14941	0.01389	0.00883	0.00258	0.00547	0.01174	0.00913	0.01070
54	0.01825	0.01574	0.01718	0.05495	0.02165	0.01790	0.01255	0.03670	0.50601	0.03123	0.03870	0.03838	0.10718	0.01253	0.00854	0.00279	0.00642	0.03382	0.00786	0.01163
55	0.02008	0.01928	0.03294	0.04981	0.66422	0.01928	0.02490	0.02490	0.01848	0.02651	0.01526	0.02008	0.01285	0.00723	0.00803	0.00241	0.00964	0.00723	0.00402	0.01285
56	0.01519	0.01399	0.01994	0.01787	0.01847	0.01874	0.01459	0.01743	0.01268	0.01924	0.01526	0.02363	0.01466	0.03360	0.29940	0.00750	0.41798	0.00776	0.00388	0.00820

[dist]
# distance from previous block
# <min> <max>
0	1

[block]
# block no. 1 follows, 23 sequences, length 16
# corresponding to MSA columns:
# 163-178
name=unknown_B
#
# <colnr> <probs for GDERKNQSTAVLIFYWHMCP>
#	G	D	E	R	K	N	Q	S	T	A	V	L	I	F	Y	W	H	M	C	P
0	0.16388	0.17227	0.02546	0.01691	0.02251	0.23069	0.01397	0.20815	0.02444	0.03197	0.01411	0.01547	0.01113	0.00832	0.00669	0.00219	0.01018	0.00550	0.00535	0.01080
1	0.15855	0.39174	0.16688	0.01528	0.02287	0.02514	0.01616	0.02576	0.01669	0.07695	0.01367	0.01510	0.01088	0.00746	0.00594	0.00211	0.00879	0.00501	0.00428	0.01073
2	0.02821	0.03356	0.02516	0.02680	0.15882	0.50017	0.01759	0.07075	0.02305	0.02331	0.01357	0.01609	0.01118	0.00822	0.00752	0.00218	0.01321	0.00578	0.00441	0.01042
3	0.02364	0.02772	0.03395	0.03151	0.16055	0.27956	0.23782	0.02796	0.02018	0.02337	0.01438	0.01847	0.01161	0.00788	0.00924	0.00246	0.04771	0.00727	0.00409	0.01063
4	0.03031	0.03867	0.02299	0.02090	0.02508	0.68226	0.01568	0.03240	0.02299	0.01986	0.01254	0.01463	0.01045	0.00836	0.00732	0.00209	0.01463	0.00523	0.00418	0.00941
5	0.03246	0.02014	0.02275	0.01744	0.02387	0.02133	0.01441	0.46407	0.03383	0.23034	0.02311	0.02184	0.01562	0.00983	0.00813	0.00246	0.00834	0.00755	0.00867	0.01380
6	0.01159	0.00869	0.01304	0.01304	0.01449	0.01014	0.01014	0.01449	0.01304	0.01884	0.02173	0.03188	0.02029	0.06086	0.68268	0.01304	0.02173	0.00869	0.00435	0.00724
7	0.01000	0.00824	0.00879	0.00865	0.01121	0.00703	0.00649	0.01244	0.01947	0.02423	0.20796	0.07429	0.53372	0.01969	0.00959	0.00270	0.00405	0.01659	0.00784	0.00703
8	0.01005	0.00750	0.00935	0.01044	0.01163	0.00680	0.00724	0.01195	0.01727	0.02268	0.14126	0.47240	0.19575	0.02304	0.01007	0.00306	0.00445	0.02051	0.00773	0.00680
9	0.02008	0.01928	0.03294	0.04981	0.66422	0.01928	0.02490	0.02490	0.01848	0.02651	0.01526	0.02008	0.01285	0.00723	0.00803	0.00241	0.00964	0.00723	0.00402	0.01285
10	0.00989	0.00706	0.00942	0.01130	0.01177	0.00659	0.00753	0.01130	0.01554	0.02071	0.04472	0.70954	0.05367	0.02542	0.01036	0.00330	0.00471	0.02307	0.00753	0.00659
11	0.01148	0.00829	0.01085	0.01021	0.01212	0.00766	0.00766	0.01531	0.02297	0.03254	0.65994	0.06061	0.07656	0.01659	0.00957	0.00255	0.00383	0.01467	0.00893	0.00766
12	0.01969	0.01888	0.03223	0.10270	0.61437	0.01918	0.02471	0.02456	0.01829	0.02604	0.01519	0.02021	0.01269	0.00730	0.00804	0.00243	0.00974	0.00723	0.00398	0.01254
13	0.01870	0.01787	0.03045	0.23677	0.48802	0.01892	0.02422	0.02369	0.01782	0.02484	0.01502	0.02053	0.01226	0.00749	0.00806	0.00250	0.00998	0.00722	0.00390	0.01174
14	0.01933	0.01852	0.03158	0.15130	0.56857	0.01908	0.02453	0.02425	0.01812	0.02560	0.01513	0.02033	0.01253	0.00737	0.00805	0.00246	0.00982	0.00723	0.00395	0.01225
15	0.01952	0.01870	0.03192	0.12640	0.59203	0.01913	0.02462	0.02441	0.01821	0.02582	0.01516	0.02027	0.01261	0.00733	0.00804	0.00244	0.00978	0.00723	0.00397	0.01240

[dist]
# distance from previous block
# <min> <max>
0	1

[block]
# block no. 2 follows, 23 sequences, length 43
# corresponding to MSA columns:
# 180-222
name=unknown_C
#
# <colnr> <probs for GDERKNQSTAVLIFYWHMCP>
#	G	D	E	R	K	N	Q	S	T	A	V	L	I	F	Y	W	H	M	C	P
0	0.02499	0.02765	0.02691	0.02571	0.11243	0.29964	0.06568	0.09907	0.02124	0.02485	0.01356	0.01729	0.01137	0.00970	0.01248	0.00259	0.18344	0.00655	0.00446	0.01038
1	0.01261	0.01042	0.01135	0.01088	0.01383	0.01022	0.00835	0.01995	0.16544	0.02706	0.19121	0.06397	0.36106	0.01759	0.00935	0.00275	0.00474	0.04279	0.00799	0.00844
2	0.02135	0.43886	0.06152	0.02414	0.18452	0.06497	0.01759	0.02470	0.01716	0.02128	0.01245	0.01532	0.01104	0.00753	0.00734	0.00206	0.04824	0.00534	0.00365	0.01095
3	0.02296	0.01881	0.01991	0.01707	0.02216	0.02148	0.01351	0.19764	0.49052	0.03842	0.02950	0.02747	0.02192	0.01068	0.00822	0.00267	0.00707	0.00869	0.00822	0.01309
4	0.03031	0.03867	0.02299	0.02090	0.02508	0.68226	0.01568	0.03240	0.02299	0.01986	0.01254	0.01463	0.01045	0.00836	0.00732	0.00209	0.01463	0.00523	0.00418	0.00941
5	0.02169	0.71972	0.04252	0.01388	0.02083	0.03211	0.01388	0.02430	0.01649	0.01909	0.01128	0.01302	0.01041	0.00694	0.00521	0.00174	0.00868	0.00434	0.00347	0.01041
6	0.00989	0.00706	0.00942	0.01130	0.01177	0.00659	0.00753	0.01130	0.01554	0.02071	0.04472	0.70954	0.05367	0.02542	0.01036	0.00330	0.00471	0.02307	0.00753	0.00659
7	0.03085	0.02273	0.02435	0.01867	0.02516	0.02516	0.01542	0.63716	0.03815	0.05114	0.01948	0.01948	0.01380	0.00974	0.00812	0.00244	0.00893	0.00731	0.00812	0.01380
8	0.02169	0.71972	0.04252	0.01388	0.02083	0.03211	0.01388	0.02430	0.01649	0.01909	0.01128	0.01302	0.01041	0.00694	0.00521	0.00174	0.00868	0.00434	0.00347	0.01041
9	0.01904	0.38750	0.35147	0.01841	0.02783	0.02561	0.02177	0.02498	0.01680	0.02233	0.01289	0.01503	0.01035	0.00732	0.00643	0.00214	0.01030	0.00515	0.00345	0.01119
10	0.01657	0.07893	0.63842	0.02262	0.03434	0.01957	0.02910	0.02562	0.01710	0.02534	0.01438	0.01691	0.01029	0.00767	0.00757	0.00252	0.01181	0.00591	0.00343	0.01191
11	0.03031	0.03867	0.02299	0.02090	0.02508	0.68226	0.01568	0.03240	0.02299	0.01986	0.01254	0.01463	0.01045	0.00836	0.00732	0.00209	0.01463	0.00523	0.00418	0.00941
12	0.01002	0.00745	0.00935	0.01054	0.01165	0.00678	0.00727	0.01187	0.01706	0.02243	0.12890	0.50025	0.18013	0.02333	0.01010	0.00309	0.00448	0.02081	0.00771	0.00678
13	0.01882	0.36053	0.37655	0.01878	0.02840	0.02508	0.02241	0.02504	0.01683	0.02259	0.01302	0.01520	0.01034	0.00735	0.00653	0.00218	0.01043	0.00522	0.00345	0.01125
14	0.03031	0.03867	0.02299	0.02090	0.02508	0.68226	0.01568	0.03240	0.02299	0.01986	0.01254	0.01463	0.01045	0.00836	0.00732	0.00209	0.01463	0.00523	0.00418	0.00941
15	0.01180	0.00787	0.00885	0.00885	0.00885	0.00787	0.00492	0.01180	0.01180	0.01573	0.02557	0.05310	0.02950	0.71483	0.04130	0.00787	0.00787	0.01180	0.00492	0.00492
16	0.02605	0.02976	0.02204	0.05732	0.02544	0.41221	0.01493	0.08251	0.02211	0.02402	0.01354	0.01609	0.01110	0.00832	0.00825	0.00206	0.05067	0.00554	0.00459	0.16343
17	0.01958	0.02108	0.02959	0.02359	0.02682	0.10449	0.16999	0.02282	0.01583	0.02182	0.01267	0.01830	0.01117	0.01088	0.01805	0.00295	0.37894	0.00727	0.00388	0.08029
18	0.02719	0.03348	0.02346	0.02100	0.02415	0.51896	0.01619	0.02920	0.02037	0.01978	0.01207	0.01541	0.01050	0.00981	0.01211	0.00245	0.18487	0.00569	0.00402	0.00928
19	0.01238	0.00888	0.01182	0.01333	0.01473	0.00876	0.01045	0.04474	0.01809	0.02385	0.04267	0.39319	0.04851	0.02327	0.01063	0.00345	0.00618	0.29017	0.00753	0.00735
20	0.01180	0.00787	0.00885	0.00885	0.00885	0.00787	0.00492	0.01180	0.01180	0.01573	0.02557	0.05310	0.02950	0.71483	0.04130	0.00787	0.00787	0.01180	0.00492	0.00492
21	0.10168	0.02206	0.02316	0.01791	0.02426	0.02450	0.01479	0.57855	0.03582	0.04973	0.01870	0.01888	0.01332	0.00953	0.00782	0.00244	0.00868	0.00703	0.00782	0.01332
22	0.02008	0.01928	0.03294	0.04981	0.66422	0.01928	0.02490	0.02490	0.01848	0.02651	0.01526	0.02008	0.01285	0.00723	0.00803	0.00241	0.00964	0.00723	0.00402	0.01285
23	0.77215	0.01569	0.01193	0.01067	0.01569	0.01820	0.00879	0.02385	0.01381	0.03641	0.01130	0.01318	0.00879	0.00753	0.00502	0.00251	0.00628	0.00439	0.00502	0.00879
24	0.02867	0.02063	0.02202	0.01713	0.02299	0.02272	0.01407	0.55148	0.03522	0.04824	0.02045	0.02097	0.01477	0.00970	0.00778	0.00236	0.00822	0.00734	0.11230	0.01293
25	0.00978	0.00823	0.00849	0.00842	0.01108	0.00693	0.00632	0.01202	0.01895	0.02300	0.14103	0.07631	0.60142	0.02015	0.00959	0.00272	0.00408	0.01688	0.00768	0.00693
26	0.01107	0.00828	0.01027	0.00977	0.01187	0.00748	0.00733	0.01451	0.02199	0.03020	0.53291	0.06445	0.20505	0.01746	0.00957	0.00259	0.00389	0.01521	0.00863	0.00748
27	0.01775	0.01775	0.02485	0.02130	0.02130	0.02485	0.01775	0.01953	0.01243	0.01953	0.01065	0.01775	0.01065	0.01420	0.02663	0.00355	0.69998	0.00710	0.00355	0.00888
28	0.01180	0.00787	0.00885	0.00885	0.00885	0.00787	0.00492	0.01180	0.01180	0.01573	0.02557	0.05310	0.02950	0.71483	0.04130	0.00787	0.00787	0.01180	0.00492	0.00492
29	0.03133	0.02194	0.02387	0.01830	0.02477	0.02400	0.01512	0.58463	0.03684	0.10552	0.02058	0.02020	0.01435	0.00977	0.00812	0.00244	0.00875	0.00738	0.00829	0.01380
30	0.01788	0.01703	0.02896	0.34827	0.38295	0.01870	0.02381	0.02297	0.01744	0.02384	0.01487	0.02080	0.01191	0.00764	0.00807	0.00255	0.01018	0.00722	0.00383	0.01108
31	0.02008	0.01928	0.03294	0.04981	0.66422	0.01928	0.02490	0.02490	0.01848	0.02651	0.01526	0.02008	0.01285	0.00723	0.00803	0.00241	0.00964	0.00723	0.00402	0.01285
32	0.01532	0.01442	0.02434	0.69533	0.05589	0.01803	0.02253	0.02073	0.01622	0.02073	0.01442	0.02163	0.01082	0.00811	0.00811	0.00270	0.01082	0.00721	0.00361	0.00901
33	0.02008	0.01928	0.03294	0.04981	0.66422	0.01928	0.02490	0.02490	0.01848	0.02651	0.01526	0.02008	0.01285	0.00723	0.00803	0.00241	0.00964	0.00723	0.00402	0.01285
34	0.05702	0.01894	0.02909	0.21365	0.43762	0.05665	0.02296	0.02420	0.01792	0.02513	0.01469	0.01983	0.01198	0.00754	0.00786	0.00247	0.01006	0.00697	0.00397	0.01146
35	0.01159	0.00869	0.01304	0.01304	0.01449	0.01014	0.01014	0.01449	0.01304	0.01884	0.02173	0.03188	0.02029	0.06086	0.68268	0.01304	0.02173	0.00869	0.00435	0.00724
36	0.01552	0.01211	0.01542	0.01874	0.15602	0.01204	0.01139	0.05494	0.07823	0.02776	0.04309	0.08090	0.22575	0.01358	0.00809	0.00247	0.00577	0.01156	0.19733	0.00929
37	0.00982	0.00732	0.00915	0.01062	0.01159	0.00665	0.00723	0.01137	0.01619	0.02098	0.05296	0.57070	0.18719	0.02435	0.01019	0.00317	0.00458	0.02176	0.00753	0.00665
38	0.15986	0.20697	0.05374	0.01875	0.05873	0.19189	0.01525	0.09541	0.01987	0.02678	0.01284	0.01521	0.01067	0.00846	0.00831	0.00229	0.07479	0.00540	0.00449	0.01031
39	0.02409	0.02350	0.02744	0.07154	0.33011	0.16571	0.01998	0.15281	0.02336	0.02998	0.01595	0.01927	0.01274	0.00814	0.00780	0.00234	0.01041	0.00682	0.03616	0.01186
40	0.05978	0.22093	0.29944	0.15617	0.03325	0.02176	0.02181	0.02355	0.01651	0.02324	0.01479	0.04773	0.01229	0.00836	0.00707	0.00240	0.01019	0.00646	0.00375	0.01053
41	0.02194	0.02378	0.03173	0.03748	0.35172	0.16859	0.10633	0.02604	0.01880	0.02404	0.01422	0.01881	0.01196	0.00833	0.01050	0.00253	0.10081	0.00709	0.00401	0.01130
42	0.02299	0.09205	0.16527	0.02237	0.08580	0.25158	0.01877	0.03225	0.17936	0.02525	0.01831	0.01950	0.01426	0.00866	0.00752	0.00236	0.01099	0.00650	0.00497	0.01125

[dist]
# distance from previous block
# <min> <max>
0	37

[block]
# block no. 3 follows, 23 sequences, length 118
# corresponding to MSA columns:
# 260-377
name=unknown_D
#
# <colnr> <probs for GDERKNQSTAVLIFYWHMCP>
#	G	D	E	R	K	N	Q	S	T	A	V	L	I	F	Y	W	H	M	C	P
0	0.02394	0.01614	0.01822	0.01490	0.01933	0.01714	0.01182	0.32708	0.05209	0.09770	0.13697	0.06326	0.02908	0.05138	0.01128	0.03759	0.00715	0.00976	0.04411	0.01107
1	0.01276	0.01038	0.01159	0.01106	0.01390	0.01024	0.00848	0.02018	0.16240	0.02820	0.25699	0.06225	0.29847	0.01720	0.00936	0.00273	0.00470	0.04248	0.00815	0.00849
2	0.01036	0.00840	0.00929	0.00950	0.01200	0.00733	0.00741	0.01289	0.01909	0.02361	0.14878	0.07795	0.49372	0.02034	0.00983	0.00287	0.00459	0.10729	0.00770	0.00705
3	0.06545	0.02685	0.02416	0.06047	0.15299	0.28333	0.01699	0.14690	0.05479	0.02922	0.01558	0.01784	0.01230	0.00835	0.00751	0.00226	0.01101	0.00626	0.00516	0.05258
4	0.02139	0.68127	0.07827	0.01441	0.02164	0.03135	0.01480	0.02438	0.01652	0.01947	0.01147	0.01325	0.01041	0.00699	0.00535	0.00178	0.00887	0.00443	0.00347	0.01050
5	0.06199	0.01853	0.01537	0.01393	0.01735	0.19178	0.01063	0.04834	0.08116	0.05351	0.25945	0.04221	0.12690	0.01336	0.00847	0.00246	0.00748	0.01083	0.00718	0.00905
6	0.01252	0.00966	0.01160	0.01087	0.01331	0.00943	0.00822	0.01897	0.11658	0.03124	0.48352	0.05853	0.15184	0.01631	0.00938	0.00261	0.00426	0.01420	0.00863	0.00832
7	0.19781	0.03175	0.02064	0.01835	0.02297	0.46079	0.01409	0.09635	0.02257	0.02700	0.01302	0.01483	0.01044	0.00832	0.00689	0.00222	0.01213	0.00526	0.00480	0.00975
8	0.00959	0.00822	0.00822	0.00822	0.01096	0.00685	0.00617	0.01165	0.01850	0.02192	0.08220	0.07809	0.66092	0.02055	0.00959	0.00274	0.00411	0.01713	0.00754	0.00685
9	0.01159	0.00869	0.01304	0.01304	0.01449	0.01014	0.01014	0.01449	0.01304	0.01884	0.02173	0.03188	0.02029	0.06086	0.68268	0.01304	0.02173	0.00869	0.00435	0.00724
10	0.01308	0.01034	0.01203	0.01125	0.01393	0.01033	0.00854	0.02088	0.16354	0.03082	0.40741	0.05712	0.17716	0.01609	0.00928	0.00263	0.00447	0.01390	0.00851	0.00867
11	0.01513	0.00756	0.00756	0.00756	0.00945	0.00756	0.00567	0.01891	0.01702	0.03025	0.02647	0.03025	0.02080	0.00945	0.00567	0.00189	0.00378	0.00756	0.75988	0.00756
12	0.02294	0.01880	0.01990	0.01707	0.02215	0.02147	0.01351	0.19659	0.49160	0.03839	0.02953	0.02749	0.02194	0.01068	0.00822	0.00267	0.00707	0.00869	0.00822	0.01309
13	0.01148	0.00829	0.01085	0.01021	0.01212	0.00766	0.00766	0.01531	0.02297	0.03254	0.65994	0.06061	0.07656	0.01659	0.00957	0.00255	0.00383	0.01467	0.00893	0.00766
14	0.02059	0.02247	0.02443	0.02121	0.02216	0.17324	0.01728	0.02243	0.01481	0.01960	0.01108	0.01705	0.01061	0.01288	0.02227	0.00322	0.54529	0.00668	0.00369	0.00900
15	0.02008	0.01928	0.03294	0.04981	0.66422	0.01928	0.02490	0.02490	0.01848	0.02651	0.01526	0.02008	0.01285	0.00723	0.00803	0.00241	0.00964	0.00723	0.00402	0.01285
16	0.01007	0.00824	0.00888	0.00872	0.01125	0.00705	0.00654	0.01257	0.01962	0.02459	0.22765	0.07369	0.51380	0.01955	0.00959	0.00269	0.00404	0.01651	0.00789	0.00705
17	0.02008	0.01928	0.03294	0.04981	0.66422	0.01928	0.02490	0.02490	0.01848	0.02651	0.01526	0.02008	0.01285	0.00723	0.00803	0.00241	0.00964	0.00723	0.00402	0.01285
18	0.02008	0.01928	0.03294	0.04981	0.66422	0.01928	0.02490	0.02490	0.01848	0.02651	0.01526	0.02008	0.01285	0.00723	0.00803	0.00241	0.00964	0.00723	0.00402	0.01285
19	0.03031	0.03867	0.02299	0.02090	0.02508	0.68226	0.01568	0.03240	0.02299	0.01986	0.01254	0.01463	0.01045	0.00836	0.00732	0.00209	0.01463	0.00523	0.00418	0.00941
20	0.01936	0.02130	0.04451	0.03772	0.18276	0.02024	0.49710	0.02575	0.01900	0.02611	0.01616	0.02148	0.01243	0.00693	0.00923	0.00266	0.01277	0.00905	0.00408	0.01137
21	0.00985	0.00828	0.00859	0.00866	0.01132	0.00702	0.00659	0.01207	0.01870	0.02250	0.10498	0.07805	0.60348	0.02048	0.00967	0.00278	0.00427	0.04819	0.00759	0.00692
22	0.03050	0.03301	0.02348	0.02011	0.02511	0.44898	0.01559	0.24710	0.02838	0.03096	0.01501	0.01635	0.01164	0.00885	0.00760	0.00221	0.01261	0.00596	0.00558	0.01097
23	0.00989	0.00764	0.00903	0.00993	0.01146	0.00678	0.00697	0.01176	0.01735	0.02214	0.10849	0.39607	0.30805	0.02270	0.00998	0.00301	0.00439	0.01994	0.00764	0.00678
24	0.00973	0.00767	0.00878	0.00967	0.01134	0.00673	0.00681	0.01148	0.01710	0.02135	0.06452	0.37597	0.37446	0.02285	0.00995	0.00300	0.00439	0.01993	0.00753	0.00673
25	0.01023	0.00793	0.00932	0.00964	0.01152	0.00702	0.00698	0.01264	0.01903	0.02475	0.24399	0.24248	0.32401	0.02068	0.00979	0.00283	0.00419	0.01799	0.00795	0.00702
26	0.01836	0.01907	0.02490	0.51916	0.10662	0.13305	0.02157	0.02314	0.01760	0.02111	0.01417	0.02028	0.01094	0.00807	0.00797	0.00257	0.01137	0.00687	0.00374	0.00944
27	0.02558	0.06996	0.02325	0.01954	0.02276	0.44218	0.01524	0.02776	0.01966	0.02028	0.01320	0.01675	0.01145	0.01168	0.03825	0.00281	0.15907	0.00584	0.04557	0.00916
28	0.02014	0.01368	0.01507	0.01283	0.01719	0.01372	0.01018	0.15886	0.11867	0.13180	0.07798	0.04934	0.29732	0.01492	0.00884	0.00263	0.00594	0.01226	0.00822	0.01041
29	0.02364	0.33102	0.05511	0.01622	0.02204	0.18667	0.01432	0.02999	0.13069	0.05920	0.01983	0.02029	0.04179	0.00881	0.00672	0.00212	0.00957	0.00625	0.00504	0.01070
30	0.01608	0.10004	0.46304	0.02039	0.02961	0.01798	0.02461	0.02356	0.01742	0.02474	0.02066	0.03353	0.01851	0.01095	0.00826	0.00275	0.01065	0.14208	0.00434	0.01082
31	0.00989	0.00706	0.00942	0.01130	0.01177	0.00659	0.00753	0.01130	0.01554	0.02071	0.04472	0.70954	0.05367	0.02542	0.01036	0.00330	0.00471	0.02307	0.00753	0.00659
32	0.01513	0.00756	0.00756	0.00756	0.00945	0.00756	0.00567	0.01891	0.01702	0.03025	0.02647	0.03025	0.02080	0.00945	0.00567	0.00189	0.00378	0.00756	0.75988	0.00756
33	0.02008	0.01928	0.03294	0.04981	0.66422	0.01928	0.02490	0.02490	0.01848	0.02651	0.01526	0.02008	0.01285	0.00723	0.00803	0.00241	0.00964	0.00723	0.00402	0.01285
34	0.01627	0.04197	0.67279	0.02313	0.03512	0.01884	0.02998	0.02570	0.01713	0.02570	0.01456	0.01713	0.01028	0.00771	0.00771	0.00257	0.01199	0.00600	0.00343	0.01199
35	0.01018	0.00727	0.00976	0.01164	0.01224	0.00685	0.00805	0.01181	0.01583	0.02105	0.04456	0.65163	0.05301	0.02514	0.01044	0.00334	0.00497	0.07802	0.00753	0.00667
36	0.03034	0.03792	0.02306	0.02080	0.02509	0.65126	0.01567	0.06093	0.02371	0.02133	0.01287	0.01486	0.01061	0.00843	0.00735	0.00211	0.01436	0.00532	0.00437	0.00961
37	0.01057	0.00826	0.00958	0.00925	0.01156	0.00727	0.00694	0.01355	0.02082	0.02743	0.38218	0.06901	0.35751	0.01849	0.00958	0.00264	0.00396	0.01585	0.00826	0.00727
38	0.03082	0.02357	0.02428	0.01879	0.02516	0.05974	0.01544	0.60534	0.03735	0.04949	0.01912	0.01923	0.01362	0.00967	0.00808	0.00242	0.00923	0.00720	0.00791	0.01357
39	0.08855	0.09860	0.02412	0.01914	0.02395	0.48361	0.01493	0.10913	0.02361	0.02515	0.01322	0.01499	0.01075	0.00834	0.00704	0.00214	0.01267	0.00535	0.00469	0.01002
40	0.02003	0.01440	0.01670	0.01456	0.01942	0.01439	0.01173	0.03146	0.27797	0.12099	0.03258	0.03979	0.05276	0.01218	0.00832	0.00254	0.00648	0.11472	0.00756	0.18141
41	0.01231	0.04584	0.01326	0.01175	0.01312	0.01059	0.00877	0.01445	0.01304	0.01845	0.02239	0.03652	0.02226	0.23172	0.44920	0.01064	0.01664	0.00926	0.03299	0.00680
42	0.01147	0.00819	0.01123	0.01311	0.01427	0.00795	0.01028	0.01403	0.01709	0.02248	0.04385	0.40322	0.05021	0.02393	0.01078	0.00351	0.00608	0.31379	0.00750	0.00703
43	0.00989	0.00706	0.00942	0.01130	0.01177	0.00659	0.00753	0.01130	0.01554	0.02071	0.04472	0.70954	0.05367	0.02542	0.01036	0.00330	0.00471	0.02307	0.00753	0.00659
44	0.02440	0.01705	0.01842	0.01503	0.01984	0.01857	0.01211	0.33759	0.12256	0.06648	0.07672	0.02719	0.02243	0.01045	0.00772	0.00237	0.00692	0.00829	0.17410	0.01177
45	0.02047	0.56674	0.18478	0.01597	0.02405	0.02911	0.01752	0.02461	0.01663	0.02058	0.01202	0.01395	0.01038	0.00712	0.00577	0.00192	0.00943	0.00471	0.00346	0.01077
46	0.01983	0.01902	0.03248	0.08377	0.63221	0.01921	0.02478	0.02468	0.01836	0.02621	0.01522	0.02016	0.01275	0.00728	0.00804	0.00243	0.00970	0.00723	0.00399	0.01265
47	0.19286	0.02054	0.01997	0.01597	0.02160	0.05442	0.01306	0.41410	0.03005	0.04439	0.01799	0.01886	0.01318	0.00916	0.00717	0.00238	0.00814	0.00658	0.07768	0.01189
48	0.01160	0.00865	0.01283	0.01283	0.01421	0.01003	0.00988	0.01436	0.01298	0.01868	0.02192	0.03292	0.02074	0.09314	0.65101	0.01279	0.02105	0.00885	0.00438	0.00713
49	0.01180	0.00787	0.00885	0.00885	0.00885	0.00787	0.00492	0.01180	0.01180	0.01573	0.02557	0.05310	0.02950	0.71483	0.04130	0.00787	0.00787	0.01180	0.00492	0.00492
50	0.02169	0.71972	0.04252	0.01388	0.02083	0.03211	0.01388	0.02430	0.01649	0.01909	0.01128	0.01302	0.01041	0.00694	0.00521	0.00174	0.00868	0.00434	0.00347	0.01041
51	0.01106	0.00828	0.01025	0.00976	0.01186	0.00747	0.00732	0.01448	0.02196	0.03014	0.52953	0.06456	0.20846	0.01748	0.00957	0.00259	0.00389	0.01523	0.00862	0.00747
52	0.01513	0.00756	0.00756	0.00756	0.00945	0.00756	0.00567	0.01891	0.01702	0.03025	0.02647	0.03025	0.02080	0.00945	0.00567	0.00189	0.00378	0.00756	0.75988	0.00756
53	0.00989	0.00706	0.00942	0.01130	0.01177	0.00659	0.00753	0.01130	0.01554	0.02071	0.04472	0.70954	0.05367	0.02542	0.01036	0.00330	0.00471	0.02307	0.00753	0.00659
54	0.01122	0.00828	0.01048	0.00993	0.01196	0.00754	0.00745	0.01480	0.02234	0.03106	0.57932	0.06305	0.15810	0.01714	0.00957	0.00258	0.00387	0.01502	0.00874	0.00754
55	0.07122	0.03389	0.02269	0.01985	0.02459	0.50080	0.01524	0.16532	0.02583	0.02767	0.01400	0.01562	0.01110	0.00862	0.00737	0.00219	0.01292	0.00564	0.00510	0.01034
56	0.03085	0.02273	0.02435	0.01867	0.02516	0.02516	0.01542	0.63716	0.03815	0.05114	0.01948	0.01948	0.01380	0.00974	0.00812	0.00244	0.00893	0.00731	0.00812	0.01380
57	0.01747	0.19146	0.53377	0.02109	0.03197	0.02177	0.02643	0.02539	0.01699	0.02424	0.01384	0.01622	0.01031	0.00754	0.00716	0.00239	0.01126	0.00563	0.00344	0.01164
58	0.00959	0.00822	0.00822	0.00822	0.01096	0.00685	0.00617	0.01165	0.01850	0.02192	0.08220	0.07809	0.66092	0.02055	0.00959	0.00274	0.00411	0.01713	0.00754	0.00685
59	0.03085	0.02273	0.02435	0.01867	0.02516	0.02516	0.01542	0.63716	0.03815	0.05114	0.01948	0.01948	0.01380	0.00974	0.00812	0.00244	0.00893	0.00731	0.00812	0.01380
60	0.02084	0.01287	0.01593	0.01455	0.01832	0.01307	0.01194	0.08448	0.13944	0.17104	0.15731	0.05341	0.03959	0.01527	0.00938	0.00293	0.00658	0.19404	0.00852	0.01048
61	0.02138	0.02486	0.03961	0.03091	0.06779	0.16921	0.43072	0.02688	0.01996	0.02454	0.01694	0.02399	0.01381	0.00806	0.00908	0.00263	0.01335	0.04147	0.00430	0.01050
62	0.01532	0.01442	0.02434	0.69533	0.05589	0.01803	0.02253	0.02073	0.01622	0.02073	0.01442	0.02163	0.01082	0.00811	0.00811	0.00270	0.01082	0.00721	0.00361	0.00901
63	0.01915	0.02189	0.04788	0.03420	0.04241	0.02052	0.63475	0.02599	0.01915	0.02599	0.01642	0.02189	0.01231	0.00684	0.00958	0.00274	0.01368	0.00958	0.00410	0.01094
64	0.00975	0.00758	0.00888	0.00992	0.01141	0.00671	0.00692	0.01145	0.01686	0.02125	0.06145	0.42773	0.32468	0.02325	0.01001	0.00305	0.00444	0.02042	0.00753	0.00671
65	0.02272	0.02707	0.03739	0.02854	0.03461	0.24082	0.36947	0.02750	0.01978	0.02333	0.01457	0.01908	0.01153	0.00806	0.01047	0.00260	0.08025	0.00789	0.00408	0.01023
66	0.03641	0.01381	0.01883	0.01444	0.02071	0.01193	0.01193	0.03954	0.02322	0.66984	0.03201	0.02762	0.02009	0.01004	0.00816	0.00251	0.00690	0.00816	0.01004	0.01381
67	0.00959	0.00822	0.00822	0.00822	0.01096	0.00685	0.00617	0.01165	0.01850	0.02192	0.08220	0.07809	0.66092	0.02055	0.00959	0.00274	0.00411	0.01713	0.00754	0.00685
68	0.02683	0.03307	0.02954	0.02661	0.08888	0.47078	0.15627	0.03025	0.02170	0.02187	0.01367	0.01678	0.01110	0.00791	0.00789	0.00227	0.01395	0.00640	0.00415	0.01008
69	0.00982	0.00732	0.00915	0.01062	0.01159	0.00665	0.00723	0.01137	0.01619	0.02098	0.05299	0.57026	0.18761	0.02435	0.01019	0.00317	0.00458	0.02176	0.00753	0.00665
70	0.01229	0.00909	0.01198	0.01343	0.01549	0.00878	0.01152	0.01565	0.01864	0.02375	0.05182	0.08850	0.18534	0.02199	0.01084	0.00351	0.00671	0.47587	0.00749	0.00733
71	0.02008	0.01928	0.03294	0.04981	0.66422	0.01928	0.02490	0.02490	0.01848	0.02651	0.01526	0.02008	0.01285	0.00723	0.00803	0.00241	0.00964	0.00723	0.00402	0.01285
72	0.08923	0.08763	0.02558	0.02460	0.17660	0.13690	0.01632	0.14175	0.05781	0.13892	0.01866	0.01961	0.01391	0.00857	0.00744	0.00234	0.00938	0.00665	0.00608	0.01201
73	0.02781	0.02831	0.02356	0.02218	0.08432	0.30399	0.01598	0.22172	0.13294	0.03259	0.01841	0.01929	0.01413	0.00913	0.00779	0.00234	0.01101	0.00673	0.00608	0.01168
74	0.00989	0.00706	0.00942	0.01130	0.01177	0.00659	0.00753	0.01130	0.01554	0.02071	0.04472	0.70954	0.05367	0.02542	0.01036	0.00330	0.00471	0.02307	0.00753	0.00659
75	0.01841	0.29129	0.41058	0.02024	0.03019	0.02382	0.05256	0.02519	0.01699	0.02327	0.01344	0.01584	0.01042	0.00738	0.00687	0.00227	0.01085	0.00555	0.00347	0.01136
76	0.02556	0.02966	0.02086	0.01890	0.02294	0.41629	0.01439	0.03394	0.21180	0.02422	0.02249	0.02299	0.05056	0.01009	0.00857	0.00239	0.04137	0.00716	0.00557	0.01028
77	0.01683	0.01963	0.13434	0.01495	0.02305	0.01266	0.04040	0.02161	0.01698	0.02629	0.01453	0.01710	0.01172	0.00635	0.00647	0.00151	0.00740	0.00523	0.00453	0.59842
78	0.02897	0.02265	0.02324	0.01841	0.02446	0.05894	0.01499	0.50251	0.14312	0.04651	0.02146	0.02109	0.01552	0.00989	0.00810	0.00247	0.00880	0.00752	0.00793	0.01340
79	0.02188	0.64654	0.07467	0.01476	0.02181	0.06716	0.01483	0.02482	0.01688	0.01948	0.01152	0.01332	0.01041	0.00706	0.00545	0.00180	0.00918	0.00447	0.00351	0.01044
80	0.01007	0.00824	0.00888	0.00872	0.01125	0.00705	0.00654	0.01257	0.01962	0.02459	0.22765	0.07369	0.51380	0.01955	0.00959	0.00269	0.00404	0.01651	0.00789	0.00705
81	0.01017	0.00728	0.00967	0.01111	0.01183	0.00678	0.00755	0.01201	0.01685	0.02280	0.15347	0.59483	0.05771	0.02386	0.01022	0.00316	0.00455	0.02158	0.00778	0.00678
82	0.02003	0.01943	0.03378	0.04892	0.62895	0.01935	0.05949	0.02496	0.01851	0.02648	0.01533	0.02019	0.01282	0.00721	0.00812	0.00243	0.00987	0.00736	0.00402	0.01274
83	0.00969	0.00822	0.00836	0.00832	0.01102	0.00689	0.00624	0.01184	0.01873	0.02248	0.11260	0.07717	0.63018	0.02034	0.00959	0.00273	0.00410	0.01700	0.00761	0.00689
84	0.00989	0.00706	0.00942	0.01130	0.01177	0.00659	0.00753	0.01130	0.01554	0.02071	0.04472	0.70954	0.05367	0.02542	0.01036	0.00330	0.00471	0.02307	0.00753	0.00659
85	0.01180	0.00787	0.00885	0.00885	0.00885	0.00787	0.00492	0.01180	0.01180	0.01573	0.02557	0.05310	0.02950	0.71483	0.04130	0.00787	0.00787	0.01180	0.00492	0.00492
86	0.01121	0.00772	0.00950	0.01041	0.01078	0.00754	0.00675	0.01213	0.01393	0.01850	0.03462	0.30528	0.04042	0.38225	0.02647	0.00571	0.00663	0.07817	0.00617	0.00582
87	0.33414	0.24758	0.02476	0.04341	0.02115	0.16915	0.01254	0.02575	0.01680	0.02650	0.01170	0.01381	0.00977	0.00755	0.00572	0.00218	0.00909	0.00468	0.00428	0.00946
88	0.01920	0.01874	0.03301	0.15480	0.50156	0.01920	0.08555	0.02432	0.01817	0.02550	0.01524	0.02052	0.01246	0.00734	0.00820	0.00249	0.01024	0.00746	0.00396	0.01203
89	0.02543	0.01715	0.01952	0.01725	0.05537	0.05439	0.01310	0.19255	0.05165	0.19487	0.05783	0.03205	0.10899	0.01186	0.00995	0.00257	0.07170	0.00916	0.04315	0.01148
90	0.01683	0.01442	0.01683	0.01202	0.01923	0.01082	0.00961	0.02043	0.01683	0.02644	0.01442	0.01683	0.01202	0.00601	0.00601	0.00120	0.00601	0.00481	0.00481	0.76444
91	0.02741	0.02102	0.02242	0.01797	0.02385	0.02356	0.01459	0.44573	0.23518	0.04560	0.02385	0.02296	0.01733	0.01015	0.00816	0.00254	0.00812	0.00791	0.00816	0.01349
92	0.01915	0.02189	0.04788	0.03420	0.04241	0.02052	0.63475	0.02599	0.01915	0.02599	0.01642	0.02189	0.01231	0.00684	0.00958	0.00274	0.01368	0.00958	0.00410	0.01094
93	0.02722	0.23852	0.02976	0.01767	0.02360	0.12098	0.01512	0.32789	0.02789	0.03505	0.01548	0.01671	0.01210	0.00894	0.00816	0.00223	0.04886	0.00609	0.00587	0.01185
94	0.02057	0.05383	0.01798	0.01320	0.01864	0.01326	0.01055	0.10791	0.02087	0.12922	0.05720	0.14751	0.02444	0.01132	0.00758	0.00206	0.00636	0.00951	0.00673	0.32127
95	0.01222	0.00858	0.00953	0.00939	0.01021	0.00843	0.00591	0.03666	0.01432	0.01860	0.03611	0.05787	0.14145	0.53396	0.03307	0.00656	0.00723	0.03856	0.00562	0.00572
96	0.00987	0.00712	0.00936	0.01115	0.01173	0.00660	0.00746	0.01132	0.01568	0.02077	0.04657	0.67836	0.08365	0.02518	0.01032	0.00327	0.00468	0.02277	0.00753	0.00660
97	0.01791	0.01706	0.02900	0.34492	0.38610	0.01871	0.02382	0.02300	0.01745	0.02387	0.01488	0.02079	0.01192	0.00763	0.00807	0.00254	0.01018	0.00722	0.00383	0.01110
98	0.01866	0.02172	0.09499	0.23466	0.24382	0.05675	0.16332	0.02441	0.01809	0.02421	0.01505	0.02036	0.01174	0.00751	0.00834	0.00257	0.01142	0.00753	0.00387	0.01099
99	0.01026	0.00825	0.00915	0.00892	0.01137	0.00714	0.00669	0.01294	0.02008	0.02568	0.28657	0.07191	0.45421	0.01915	0.00958	0.00267	0.00401	0.01626	0.00803	0.00714
100	0.01052	0.00766	0.01006	0.01174	0.01274	0.00719	0.00855	0.01249	0.01650	0.02159	0.04824	0.51450	0.11517	0.02429	0.01046	0.00333	0.00523	0.14542	0.00752	0.00680
101	0.15726	0.05260	0.02215	0.01910	0.05851	0.23033	0.01444	0.13690	0.02232	0.08924	0.01539	0.01709	0.01188	0.00893	0.00884	0.00236	0.07473	0.00596	0.00551	0.04645
102	0.01110	0.00823	0.00922	0.00938	0.01171	0.00710	0.00687	0.01321	0.01843	0.05363	0.11956	0.21674	0.44432	0.02081	0.00969	0.00284	0.00436	0.01783	0.00777	0.00719
103	0.01180	0.00787	0.00885	0.00885	0.00885	0.00787	0.00492	0.01180	0.01180	0.01573	0.02557	0.05310	0.02950	0.71483	0.04130	0.00787	0.00787	0.01180	0.00492	0.00492
104	0.02052	0.21499	0.06579	0.28834	0.03642	0.02333	0.01847	0.16091	0.02118	0.02735	0.01497	0.01886	0.01170	0.01010	0.03244	0.00275	0.01027	0.00642	0.00460	0.01059
105	0.01613	0.02689	0.31354	0.23220	0.09979	0.01807	0.02494	0.02292	0.01687	0.02377	0.01703	0.02581	0.01413	0.00952	0.00923	0.00276	0.04881	0.06311	0.00392	0.01056
106	0.01533	0.01439	0.02442	0.17328	0.08302	0.01679	0.10706	0.01933	0.01499	0.02107	0.01682	0.02464	0.01468	0.02844	0.26107	0.00666	0.13703	0.00809	0.00398	0.00894
107	0.02450	0.14081	0.17918	0.01994	0.02709	0.16881	0.08875	0.02912	0.01977	0.15754	0.01909	0.05671	0.01501	0.00909	0.00767	0.00237	0.01078	0.00736	0.00529	0.01111
108	0.02085	0.02140	0.07347	0.03431	0.21240	0.04246	0.31388	0.02658	0.01958	0.08658	0.05270	0.02352	0.01654	0.00789	0.00882	0.00258	0.01131	0.00870	0.00487	0.01157
109	0.22012	0.05409	0.13300	0.01459	0.02004	0.08029	0.01373	0.06510	0.01903	0.05610	0.11292	0.02488	0.02207	0.01330	0.05656	0.00317	0.00899	0.00722	0.06516	0.00966
110	0.17747	0.06599	0.34190	0.02095	0.06336	0.01859	0.05627	0.02710	0.01742	0.11538	0.01623	0.01795	0.01157	0.00787	0.00720	0.00251	0.00990	0.00614	0.00473	0.01148
111	0.09801	0.02204	0.12326	0.02530	0.18666	0.05442	0.04108	0.11467	0.06748	0.03085	0.05270	0.02863	0.10017	0.01017	0.00799	0.00252	0.00877	0.00848	0.00562	0.01117
112	0.01954	0.02574	0.18470	0.06838	0.36162	0.07863	0.02401	0.02616	0.05173	0.02572	0.01701	0.02275	0.01409	0.00838	0.00805	0.00251	0.01045	0.03438	0.00425	0.01190
113	0.06108	0.12071	0.11454	0.02213	0.10369	0.10982	0.07475	0.02229	0.01736	0.02310	0.02128	0.19116	0.02170	0.01236	0.00907	0.00261	0.04743	0.01042	0.00481	0.00971
114	0.01839	0.02398	0.18981	0.05488	0.05660	0.08048	0.13715	0.02483	0.04775	0.06069	0.04533	0.02445	0.01706	0.01999	0.15707	0.00487	0.01367	0.00795	0.00470	0.01035
115	0.02474	0.05434	0.08228	0.02528	0.16715	0.26916	0.01765	0.05115	0.02089	0.08678	0.01871	0.02083	0.03858	0.01073	0.03530	0.00267	0.01149	0.00667	0.00494	0.05065
116	0.22127	0.12740	0.05151	0.01984	0.10787	0.10289	0.03957	0.05390	0.01891	0.06390	0.07122	0.05282	0.01881	0.00935	0.00701	0.00237	0.00858	0.00727	0.00531	0.01021
117	0.13861	0.08769	0.22967	0.01777	0.02481	0.08217	0.05137	0.05585	0.01874	0.02795	0.08640	0.04624	0.01968	0.01137	0.03400	0.00282	0.00994	0.00740	0.00489	0.04263

[dist]
# distance from previous block
# <min> <max>
3	151

[block]
# block no. 4 follows, 23 sequences, length 66
# corresponding to MSA columns:
# 530-595
name=unknown_E
#
# <colnr> <probs for GDERKNQSTAVLIFYWHMCP>
#	G	D	E	R	K	N	Q	S	T	A	V	L	I	F	Y	W	H	M	C	P
0	0.02077	0.04910	0.01986	0.06000	0.06200	0.10454	0.01349	0.18745	0.07468	0.03155	0.08579	0.03951	0.15777	0.01286	0.00850	0.00255	0.00811	0.04441	0.00677	0.01030
1	0.02339	0.02315	0.12768	0.02591	0.15301	0.07888	0.09303	0.06586	0.02050	0.15310	0.02103	0.02275	0.03986	0.00884	0.00891	0.00243	0.04284	0.00751	0.00558	0.07573
2	0.10728	0.07050	0.31757	0.01806	0.02553	0.01687	0.04578	0.05627	0.01768	0.02679	0.02378	0.16864	0.04818	0.01210	0.00798	0.00267	0.00908	0.01009	0.00498	0.01017
