[name]
unknown

[dist]
# distance from previous block
# <min> <max>
0	0

[block]
# block no. 0 follows, 22 sequences, length 15
# corresponding to MSA columns:
# 0-14
name=unknown_A
#
# <colnr> <probs for GDERKNQSTAVLIFYWHMCP>
#	G	D	E	R	K	N	Q	S	T	A	V	L	I	F	Y	W	H	M	C	P
0	0.01339	0.00956	0.01339	0.01530	0.01721	0.00956	0.01339	0.01721	0.01912	0.02486	0.04399	0.09371	0.04781	0.02295	0.01147	0.00382	0.00765	0.60031	0.00765	0.00765
1	0.01967	0.02412	0.12645	0.26119	0.15145	0.12414	0.02172	0.06082	0.01986	0.02495	0.02086	0.02476	0.06614	0.00930	0.00822	0.00258	0.01097	0.00773	0.00446	0.01060
2	0.01533	0.01216	0.01378	0.06393	0.01836	0.01214	0.01020	0.14539	0.02352	0.02994	0.11702	0.06172	0.37567	0.01741	0.00947	0.00278	0.00597	0.04872	0.00766	0.00883
3	0.06395	0.00897	0.00913	0.00893	0.01176	0.00798	0.00676	0.01343	0.01935	0.02529	0.17291	0.07226	0.51204	0.01942	0.00948	0.00276	0.00432	0.01619	0.00777	0.00729
4	0.02056	0.01974	0.03372	0.05099	0.65622	0.01974	0.02550	0.02550	0.01892	0.02714	0.01563	0.02056	0.01316	0.00740	0.00822	0.00247	0.00987	0.00740	0.00411	0.01316
5	0.03103	0.03959	0.02354	0.02140	0.02568	0.67469	0.01605	0.03317	0.02354	0.02033	0.01284	0.01498	0.01070	0.00856	0.00749	0.00214	0.01498	0.00535	0.00428	0.00963
6	0.09149	0.06190	0.42678	0.01904	0.02808	0.01728	0.02271	0.02370	0.01849	0.02867	0.15584	0.02683	0.02544	0.00986	0.00793	0.00258	0.00968	0.00787	0.00493	0.01089
7	0.01398	0.00996	0.01314	0.01293	0.01433	0.01061	0.00952	0.07538	0.01805	0.02483	0.12857	0.27703	0.04007	0.02865	0.12299	0.12234	0.04890	0.01471	0.00659	0.00742
8	0.01325	0.00829	0.01009	0.01044	0.01145	0.00781	0.00679	0.01429	0.01522	0.07369	0.04005	0.30152	0.10162	0.31966	0.02406	0.00528	0.00635	0.01671	0.00677	0.00666
9	0.01480	0.01304	0.01681	0.27696	0.03059	0.06231	0.01416	0.01843	0.01725	0.02270	0.07697	0.13157	0.06373	0.05960	0.06739	0.00394	0.00952	0.01127	0.08086	0.00809
10	0.05341	0.01902	0.02012	0.22239	0.03127	0.13906	0.01572	0.12653	0.02116	0.02752	0.01911	0.06367	0.01637	0.01836	0.11379	0.00425	0.01214	0.00815	0.05838	0.00959
11	0.02400	0.02660	0.02929	0.09131	0.37741	0.25930	0.02185	0.02796	0.02042	0.02417	0.01454	0.01865	0.01209	0.00790	0.00796	0.00237	0.01184	0.00665	0.00414	0.01155
12	0.24953	0.01862	0.01918	0.12142	0.02638	0.06486	0.01359	0.15032	0.02181	0.09802	0.01655	0.01840	0.01221	0.00834	0.00695	0.00234	0.00835	0.00609	0.00599	0.13106
13	0.04676	0.01740	0.01980	0.14803	0.04767	0.09897	0.01483	0.05889	0.06405	0.02344	0.01861	0.02806	0.01702	0.14652	0.10040	0.00510	0.12244	0.00822	0.00481	0.00897
14	0.01765	0.01665	0.01577	0.01405	0.01788	0.11715	0.01058	0.02453	0.14675	0.02560	0.07853	0.08418	0.07118	0.07645	0.07830	0.00389	0.00901	0.01004	0.00626	0.17554

[dist]
# distance from previous block
# <min> <max>
1	4

[block]
# block no. 1 follows, 22 sequences, length 7
# corresponding to MSA columns:
# 19-25
name=unknown_B
#
# <colnr> <probs for GDERKNQSTAVLIFYWHMCP>
#	G	D	E	R	K	N	Q	S	T	A	V	L	I	F	Y	W	H	M	C	P
0	0.17842	0.16102	0.02070	0.01335	0.01820	0.07672	0.01115	0.02592	0.06350	0.11758	0.03007	0.03050	0.12559	0.01611	0.07442	0.00351	0.00902	0.00819	0.00610	0.00994
1	0.01088	0.00755	0.00941	0.01059	0.01089	0.00726	0.00667	0.01177	0.01442	0.01923	0.03817	0.45067	0.04533	0.29110	0.02292	0.00519	0.00608	0.01913	0.00667	0.00608
2	0.17426	0.01528	0.02188	0.11280	0.24058	0.01688	0.01706	0.02121	0.01617	0.02634	0.01938	0.11875	0.01868	0.01652	0.07922	0.00388	0.05706	0.00928	0.00480	0.00997
3	0.01359	0.01176	0.01997	0.13673	0.02644	0.01200	0.11920	0.01713	0.01709	0.02257	0.03348	0.29008	0.03655	0.06603	0.01243	0.00358	0.00835	0.13879	0.00619	0.00804
4	0.01857	0.01606	0.02282	0.43728	0.04376	0.01899	0.01924	0.13373	0.08386	0.02839	0.02385	0.02781	0.07055	0.01005	0.00846	0.00273	0.00965	0.00851	0.00538	0.01032
5	0.20375	0.01439	0.01846	0.02182	0.17361	0.01549	0.01342	0.08106	0.01718	0.02858	0.01633	0.02200	0.01400	0.02028	0.10863	0.16298	0.00987	0.00688	0.04215	0.00912
6	0.01863	0.00989	0.01162	0.01059	0.01314	0.01000	0.00801	0.05858	0.01828	0.12172	0.02657	0.03353	0.02194	0.11906	0.12043	0.00480	0.00826	0.00863	0.36767	0.00864

[dist]
# distance from previous block
# <min> <max>
30	70

[block]
# block no. 2 follows, 22 sequences, length 26
# corresponding to MSA columns:
# 98-123
name=unknown_C
#
# <colnr> <probs for GDERKNQSTAVLIFYWHMCP>
#	G	D	E	R	K	N	Q	S	T	A	V	L	I	F	Y	W	H	M	C	P
0	0.04465	0.01715	0.02669	0.16512	0.32445	0.01838	0.02057	0.02408	0.05301	0.02570	0.01640	0.02156	0.01359	0.01203	0.05590	0.00327	0.05896	0.00726	0.00439	0.08686
1	0.06082	0.02405	0.02328	0.02339	0.13115	0.20099	0.01593	0.16447	0.05342	0.13927	0.06468	0.02329	0.01895	0.00965	0.00805	0.00243	0.00993	0.00751	0.00673	0.01200
2	0.02662	0.07703	0.13753	0.02453	0.13462	0.23128	0.01895	0.03090	0.02128	0.16119	0.04473	0.02112	0.01606	0.00887	0.00782	0.00237	0.01103	0.00683	0.00556	0.01167
3	0.10328	0.03162	0.06117	0.02064	0.02641	0.35489	0.06105	0.16210	0.02514	0.03015	0.01476	0.01670	0.01147	0.00854	0.00758	0.00230	0.01228	0.00609	0.00523	0.03857
4	0.12194	0.01406	0.01603	0.01925	0.14810	0.06137	0.01144	0.01943	0.01680	0.02546	0.08473	0.03731	0.06436	0.19298	0.05478	0.00450	0.00847	0.00953	0.08100	0.00845
5	0.26197	0.01121	0.01117	0.01128	0.01416	0.01174	0.00898	0.01757	0.01631	0.02703	0.03964	0.05771	0.17111	0.12639	0.01389	0.00385	0.00652	0.17552	0.00642	0.00753
6	0.11618	0.13698	0.12566	0.02096	0.13227	0.04608	0.01639	0.02495	0.01857	0.10796	0.03002	0.03052	0.13965	0.01060	0.00759	0.00246	0.00838	0.00838	0.00557	0.01082
7	0.05754	0.13450	0.07574	0.01714	0.02265	0.21425	0.04163	0.02803	0.02124	0.12939	0.12367	0.02791	0.05150	0.01037	0.00780	0.00235	0.00979	0.00804	0.00607	0.01038
8	0.01304	0.01058	0.01612	0.01464	0.01692	0.01129	0.05552	0.01602	0.01469	0.02108	0.05057	0.08924	0.02509	0.09229	0.41007	0.00942	0.04548	0.01029	0.00496	0.07270
9	0.01990	0.02028	0.03817	0.09022	0.41131	0.02007	0.22432	0.02557	0.01898	0.02655	0.01596	0.02128	0.01283	0.00733	0.00875	0.00260	0.01132	0.00820	0.00411	0.01224
10	0.01938	0.01914	0.02731	0.08294	0.37952	0.08739	0.02077	0.02348	0.01775	0.02398	0.01642	0.02249	0.01423	0.01950	0.14927	0.00480	0.04890	0.00749	0.00415	0.01109
11	0.33247	0.04443	0.01446	0.01316	0.01687	0.01511	0.01114	0.02241	0.06157	0.03120	0.07310	0.04939	0.03041	0.01453	0.00818	0.00304	0.00684	0.23637	0.00657	0.00876
12	0.07459	0.03350	0.27184	0.02577	0.13360	0.21494	0.02218	0.02701	0.01921	0.02506	0.01646	0.06770	0.01420	0.00934	0.00783	0.00251	0.01172	0.00729	0.00427	0.01099
13	0.01009	0.00843	0.00880	0.00870	0.01139	0.00713	0.00653	0.01245	0.01958	0.02398	0.16428	0.07742	0.57177	0.02047	0.00982	0.00278	0.00417	0.01718	0.00792	0.00713
14	0.50769	0.02094	0.01566	0.01372	0.01874	0.14109	0.01099	0.09881	0.01904	0.03566	0.01351	0.01533	0.01048	0.00823	0.00599	0.00245	0.00823	0.00516	0.03859	0.00968
15	0.01749	0.02498	0.23771	0.03313	0.31473	0.01714	0.02292	0.02295	0.01702	0.02455	0.01760	0.02666	0.01587	0.15477	0.01527	0.00370	0.01029	0.00797	0.00411	0.01116
16	0.01062	0.00760	0.01015	0.01167	0.01249	0.00713	0.00815	0.01264	0.01735	0.02340	0.14201	0.55570	0.05814	0.02436	0.01054	0.00329	0.00489	0.06494	0.00793	0.00699
17	0.01012	0.00723	0.00964	0.01157	0.01205	0.00675	0.00771	0.01157	0.01591	0.02121	0.04579	0.70262	0.05495	0.02603	0.01060	0.00337	0.00482	0.02362	0.00771	0.00675
18	0.01862	0.01770	0.02928	0.07433	0.52536	0.01765	0.02233	0.02314	0.01881	0.02611	0.02648	0.03008	0.11477	0.00961	0.00848	0.00254	0.00903	0.00901	0.00467	0.01200
19	0.01910	0.02039	0.01961	0.01812	0.01976	0.20348	0.01412	0.02121	0.01645	0.02012	0.01961	0.12941	0.02011	0.02564	0.16779	0.00540	0.23684	0.00970	0.00465	0.00849
20	0.02533	0.01156	0.01530	0.01344	0.01776	0.01023	0.01089	0.02825	0.02120	0.36897	0.04453	0.13443	0.13018	0.01618	0.00941	0.00293	0.00642	0.11294	0.00909	0.01095
21	0.01523	0.01641	0.14922	0.01467	0.01868	0.01108	0.01340	0.05305	0.01922	0.07980	0.11487	0.37988	0.04339	0.01880	0.00961	0.00300	0.00671	0.01662	0.00726	0.00910
22	0.01887	0.08951	0.02332	0.01843	0.02076	0.15205	0.04148	0.02126	0.01619	0.02032	0.01859	0.11022	0.01878	0.02379	0.15419	0.00511	0.22464	0.00920	0.00449	0.00879
23	0.02550	0.03273	0.08232	0.02394	0.08891	0.41559	0.01809	0.02864	0.02038	0.02143	0.01391	0.01769	0.01183	0.01376	0.06811	0.00337	0.09351	0.00616	0.00413	0.00997
24	0.01577	0.00944	0.01209	0.01158	0.01405	0.00869	0.00860	0.01942	0.04559	0.13551	0.28257	0.24914	0.11742	0.01874	0.00974	0.00286	0.00486	0.01650	0.00874	0.00871
25	0.01891	0.01773	0.02996	0.07355	0.52338	0.01814	0.02289	0.02354	0.01789	0.02558	0.01668	0.02262	0.01432	0.01650	0.11823	0.00428	0.01197	0.00765	0.00415	0.01203

[dist]
# distance from previous block
# <min> <max>
4	17

[block]
# block no. 3 follows, 22 sequences, length 40
# corresponding to MSA columns:
# 141-180
name=unknown_D
#
# <colnr> <probs for GDERKNQSTAVLIFYWHMCP>
#	G	D	E	R	K	N	Q	S	T	A	V	L	I	F	Y	W	H	M	C	P
0	0.02203	0.02377	0.02380	0.02892	0.24529	0.23657	0.01722	0.02743	0.07997	0.02612	0.11291	0.02999	0.06962	0.01053	0.00834	0.00244	0.01000	0.00874	0.00557	0.01076
1	0.01761	0.01038	0.01230	0.01149	0.01480	0.00944	0.00870	0.02173	0.07487	0.18047	0.05789	0.21130	0.29897	0.01871	0.00952	0.00288	0.00527	0.01600	0.00841	0.00925
2	0.01848	0.03338	0.35099	0.02016	0.02763	0.17243	0.02155	0.02432	0.01857	0.02363	0.02201	0.18535	0.02149	0.01251	0.00846	0.00270	0.01109	0.01025	0.00473	0.01029
3	0.08749	0.13443	0.22520	0.13025	0.03210	0.15343	0.02055	0.05165	0.01905	0.02513	0.01502	0.04236	0.01234	0.00872	0.00737	0.00244	0.01118	0.00649	0.00421	0.01057
4	0.01287	0.00887	0.01066	0.00998	0.01259	0.00784	0.00757	0.01603	0.02176	0.07503	0.38624	0.06653	0.29715	0.01807	0.00970	0.00268	0.00426	0.01551	0.00867	0.00798
5	0.01090	0.00846	0.00991	0.00955	0.01188	0.00747	0.00716	0.01402	0.02149	0.02850	0.40059	0.06997	0.33264	0.01878	0.00981	0.00270	0.00405	0.01613	0.00851	0.00747
6	0.01709	0.06162	0.50007	0.02644	0.12634	0.01902	0.02764	0.02536	0.01816	0.02670	0.06144	0.02109	0.01588	0.00845	0.00799	0.00257	0.01118	0.00691	0.00401	0.01203
7	0.01762	0.01649	0.02308	0.24340	0.03327	0.02122	0.01823	0.02591	0.16386	0.02389	0.01822	0.02328	0.01490	0.01404	0.04861	0.00363	0.26759	0.00789	0.00484	0.01002
8	0.01006	0.00829	0.00857	0.00871	0.01107	0.00709	0.00629	0.01191	0.01805	0.02174	0.07577	0.12299	0.54922	0.08753	0.01300	0.00335	0.00462	0.01745	0.00746	0.00680
9	0.01333	0.00909	0.01027	0.01002	0.01055	0.00923	0.00606	0.05708	0.01439	0.01921	0.02747	0.10963	0.03123	0.59624	0.03698	0.00723	0.00785	0.01277	0.00551	0.00585
10	0.02172	0.02754	0.13338	0.03833	0.33100	0.14132	0.13362	0.02725	0.01968	0.02565	0.01521	0.01939	0.01219	0.00762	0.00832	0.00249	0.01194	0.00726	0.00407	0.01201
11	0.03103	0.03959	0.02354	0.02140	0.02568	0.67469	0.01605	0.03317	0.02354	0.02033	0.01284	0.01498	0.01070	0.00856	0.00749	0.00214	0.01498	0.00535	0.00428	0.00963
12	0.02531	0.12408	0.08969	0.02156	0.08084	0.23674	0.01706	0.05922	0.14174	0.07250	0.01925	0.02036	0.01493	0.01059	0.02856	0.00270	0.01117	0.00669	0.00552	0.01149
13	0.01090	0.00816	0.01028	0.01157	0.01308	0.00754	0.00870	0.01320	0.01783	0.02297	0.08376	0.36268	0.21274	0.02355	0.01057	0.00330	0.00529	0.15906	0.00776	0.00708
14	0.01021	0.00823	0.00916	0.00980	0.01196	0.00718	0.00729	0.01231	0.01821	0.02235	0.07114	0.23425	0.45193	0.02244	0.01016	0.00304	0.00467	0.07097	0.00771	0.00700
15	0.01136	0.00894	0.01026	0.01022	0.01257	0.00820	0.00774	0.01511	0.05081	0.02620	0.24380	0.09875	0.34407	0.04891	0.01130	0.00309	0.00474	0.06835	0.00806	0.00753
16	0.02662	0.03387	0.08125	0.02160	0.02565	0.42643	0.01787	0.05706	0.02107	0.02227	0.01288	0.01623	0.01089	0.01004	0.01243	0.00257	0.18111	0.00599	0.00424	0.00994
17	0.03109	0.03797	0.02368	0.02117	0.02569	0.61000	0.01603	0.09253	0.02509	0.02352	0.01355	0.01548	0.01104	0.00870	0.00757	0.00218	0.01440	0.00556	0.00468	0.01008
18	0.01130	0.00808	0.01095	0.01262	0.01369	0.00773	0.00949	0.01373	0.01767	0.02355	0.10565	0.44912	0.05506	0.02417	0.01079	0.00344	0.00561	0.20236	0.00784	0.00714
19	0.03114	0.03627	0.02382	0.02094	0.02570	0.54272	0.01600	0.15425	0.02670	0.02684	0.01429	0.01599	0.01140	0.00885	0.00766	0.00221	0.01379	0.00578	0.00510	0.01055
20	0.01188	0.00809	0.00900	0.00900	0.00925	0.00796	0.00515	0.01207	0.01269	0.01667	0.03134	0.05664	0.08570	0.64681	0.03939	0.00759	0.00771	0.01257	0.00527	0.00521
21	0.01033	0.00823	0.00927	0.00945	0.01165	0.00716	0.00692	0.01276	0.01950	0.02482	0.21284	0.18327	0.41262	0.02093	0.00995	0.00286	0.00424	0.01799	0.00805	0.00716
22	0.02249	0.02412	0.02973	0.02386	0.02768	0.17783	0.17081	0.08491	0.01963	0.02470	0.01488	0.02131	0.01302	0.06143	0.01733	0.00328	0.24071	0.00783	0.00450	0.00996
23	0.01208	0.00805	0.00906	0.00906	0.00906	0.00805	0.00503	0.01208	0.01208	0.01611	0.02618	0.05436	0.03020	0.70804	0.04228	0.00805	0.00805	0.01208	0.00503	0.00503
24	0.03103	0.03959	0.02354	0.02140	0.02568	0.67469	0.01605	0.03317	0.02354	0.02033	0.01284	0.01498	0.01070	0.00856	0.00749	0.00214	0.01498	0.00535	0.00428	0.00963
25	0.01339	0.00956	0.01339	0.01530	0.01721	0.00956	0.01339	0.01721	0.01912	0.02486	0.04399	0.09371	0.04781	0.02295	0.01147	0.00382	0.00765	0.60031	0.00765	0.00765
26	0.01010	0.00730	0.00957	0.01139	0.01200	0.00676	0.00763	0.01159	0.01608	0.02128	0.04797	0.66728	0.08888	0.02574	0.01056	0.00334	0.00479	0.02327	0.00771	0.00676
27	0.01012	0.00723	0.00964	0.01157	0.01205	0.00675	0.00771	0.01157	0.01591	0.02121	0.04579	0.70262	0.05495	0.02603	0.01060	0.00337	0.00482	0.02362	0.00771	0.00675
28	0.02033	0.01746	0.01853	0.01683	0.02140	0.02015	0.01316	0.04289	0.61235	0.03429	0.03428	0.03390	0.02640	0.01181	0.00859	0.00286	0.00662	0.03681	0.00842	0.01289
29	0.01116	0.00836	0.00968	0.00941	0.01120	0.00760	0.00664	0.01351	0.01920	0.02543	0.30513	0.06645	0.26684	0.18311	0.01755	0.00398	0.00501	0.01520	0.00767	0.00688
30	0.01007	0.00827	0.00887	0.00905	0.01146	0.00707	0.00666	0.01228	0.01903	0.02345	0.14044	0.15921	0.51287	0.02125	0.00992	0.00286	0.00426	0.01806	0.00787	0.00707
31	0.02825	0.02918	0.02445	0.02073	0.02482	0.30752	0.01645	0.22956	0.02624	0.03098	0.01477	0.01738	0.01190	0.01041	0.01233	0.00260	0.16942	0.00651	0.00548	0.01101
32	0.02056	0.01974	0.03372	0.05099	0.65622	0.01974	0.02550	0.02550	0.01892	0.02714	0.01563	0.02056	0.01316	0.00740	0.00822	0.00247	0.00987	0.00740	0.00411	0.01316
33	0.27313	0.01743	0.01791	0.01500	0.01991	0.01971	0.01223	0.27989	0.02458	0.03942	0.01769	0.02081	0.01399	0.02169	0.16619	0.00511	0.01136	0.00682	0.00633	0.01081
34	0.02051	0.03781	0.51215	0.02237	0.03329	0.02014	0.02696	0.13974	0.02189	0.06373	0.01677	0.01854	0.01171	0.00840	0.00799	0.00260	0.01142	0.00650	0.00475	0.01272
35	0.01025	0.00825	0.00920	0.00985	0.01202	0.00720	0.00735	0.01237	0.01823	0.02239	0.07101	0.22974	0.45002	0.02242	0.01017	0.00304	0.00470	0.07708	0.00771	0.00701
36	0.02016	0.01915	0.03164	0.10207	0.54878	0.01971	0.02419	0.02679	0.07418	0.02732	0.01717	0.02163	0.01407	0.00782	0.00825	0.00252	0.00968	0.00758	0.00446	0.01282
37	0.01088	0.00848	0.01005	0.01083	0.01293	0.00765	0.00841	0.01341	0.01873	0.02355	0.10580	0.19755	0.35417	0.02216	0.01037	0.00315	0.00515	0.16176	0.00780	0.00718
38	0.02670	0.02314	0.02802	0.03185	0.27524	0.08295	0.01954	0.30990	0.05539	0.03867	0.01817	0.02020	0.01391	0.00888	0.00821	0.00246	0.00986	0.00733	0.00628	0.01329
39	0.02648	0.03097	0.02796	0.03425	0.29952	0.39025	0.02015	0.02984	0.02153	0.02329	0.01405	0.01740	0.01177	0.00806	0.00781	0.00228	0.01276	0.00624	0.00421	0.01116

[dist]
# distance from previous block
# <min> <max>
0	1

[block]
# block no. 4 follows, 22 sequences, length 13
# corresponding to MSA columns:
# 182-194
name=unknown_E
#
# <colnr> <probs for GDERKNQSTAVLIFYWHMCP>
#	G	D	E	R	K	N	Q	S	T	A	V	L	I	F	Y	W	H	M	C	P
0	0.02092	0.16070	0.09391	0.03868	0.39909	0.05089	0.06940	0.02587	0.01864	0.02522	0.01472	0.01875	0.01227	0.00741	0.00771	0.00236	0.01043	0.00679	0.00396	0.01228
1	0.01098	0.00863	0.01014	0.01099	0.01322	0.00778	0.00873	0.01355	0.01861	0.02305	0.06657	0.16383	0.38535	0.02228	0.01044	0.00320	0.00537	0.20240	0.00769	0.00718
2	0.01312	0.01202	0.02208	0.01897	0.02196	0.01125	0.20304	0.01632	0.01707	0.02291	0.03663	0.48775	0.04157	0.02002	0.01035	0.00319	0.00772	0.01925	0.00660	0.00816
3	0.12073	0.07737	0.02302	0.01854	0.02228	0.31516	0.01462	0.08565	0.02058	0.02521	0.01385	0.01848	0.01220	0.05808	0.01318	0.00289	0.13765	0.00621	0.00466	0.00964
4	0.20185	0.19650	0.02793	0.01732	0.02224	0.02263	0.09320	0.06619	0.01705	0.02717	0.01455	0.01888	0.01248	0.01761	0.12067	0.00433	0.09857	0.00648	0.00453	0.00983
5	0.01029	0.00857	0.00907	0.00932	0.01201	0.00735	0.00724	0.01262	0.01896	0.02276	0.07889	0.08175	0.57346	0.02129	0.01004	0.00294	0.00466	0.09400	0.00771	0.00710
6	0.01107	0.00821	0.01037	0.01073	0.01244	0.00751	0.00792	0.01397	0.02028	0.02740	0.33803	0.24204	0.17608	0.02063	0.01014	0.00294	0.00449	0.06000	0.00838	0.00738
7	0.01436	0.01224	0.01731	0.01882	0.09661	0.01407	0.01247	0.01656	0.01588	0.02263	0.12894	0.17324	0.03547	0.14664	0.04990	0.00451	0.19363	0.01289	0.00574	0.00810
8	0.01055	0.00746	0.00977	0.01144	0.01194	0.00707	0.00767	0.01194	0.01558	0.02073	0.04312	0.58477	0.05131	0.11535	0.01481	0.00401	0.00540	0.05317	0.00736	0.00657
9	0.01012	0.00723	0.00964	0.01157	0.01205	0.00675	0.00771	0.01157	0.01591	0.02121	0.04579	0.70262	0.05495	0.02603	0.01060	0.00337	0.00482	0.02362	0.00771	0.00675
10	0.01898	0.01990	0.02251	0.02002	0.02086	0.13067	0.01610	0.02086	0.01497	0.02018	0.01631	0.10810	0.01709	0.01719	0.05085	0.00379	0.45934	0.00917	0.00431	0.00880
11	0.01979	0.01893	0.03155	0.16912	0.37982	0.02064	0.06623	0.05496	0.01874	0.02630	0.01514	0.02066	0.01247	0.00862	0.01085	0.00270	0.09997	0.00756	0.00419	0.01177
12	0.01954	0.01978	0.02604	0.03104	0.25677	0.10347	0.01918	0.02277	0.01652	0.02256	0.01500	0.02133	0.01354	0.01995	0.13737	0.00481	0.22856	0.00738	0.00405	0.01036

[dist]
# distance from previous block
# <min> <max>
0	2

[block]
# block no. 5 follows, 22 sequences, length 42
# corresponding to MSA columns:
# 197-238
name=unknown_F
#
# <colnr> <probs for GDERKNQSTAVLIFYWHMCP>
#	G	D	E	R	K	N	Q	S	T	A	V	L	I	F	Y	W	H	M	C	P
0	0.00984	0.00834	0.00849	0.00861	0.01127	0.00700	0.00640	0.01190	0.01875	0.02236	0.08175	0.11904	0.61531	0.02135	0.00987	0.00284	0.00425	0.01791	0.00771	0.00700
1	0.02077	0.26622	0.02613	0.01416	0.01903	0.02173	0.01206	0.19170	0.02331	0.02997	0.06613	0.12470	0.07797	0.05888	0.01004	0.00276	0.00762	0.01031	0.00630	0.01023
2	0.01936	0.01496	0.01601	0.01355	0.01786	0.01537	0.01059	0.24270	0.07841	0.03429	0.04599	0.08748	0.24865	0.06113	0.01114	0.00299	0.00663	0.01244	0.00766	0.05280
3	0.01690	0.07336	0.02082	0.12270	0.02382	0.01852	0.01394	0.05859	0.07565	0.02284	0.02193	0.03141	0.04605	0.15850	0.09273	0.00511	0.17445	0.00888	0.00495	0.00885
4	0.02519	0.02361	0.02693	0.07303	0.21240	0.16030	0.04442	0.14169	0.05686	0.06653	0.01771	0.02014	0.01365	0.00844	0.00800	0.00236	0.01044	0.00703	0.00556	0.07572
5	0.07122	0.20201	0.02985	0.05319	0.11852	0.18943	0.01681	0.17119	0.02398	0.02986	0.01463	0.01681	0.01179	0.00829	0.00714	0.00223	0.01058	0.00597	0.00506	0.01143
6	0.01969	0.45780	0.03308	0.01413	0.01929	0.06020	0.01290	0.02247	0.01827	0.02246	0.14153	0.06143	0.02666	0.01063	0.00788	0.00216	0.04692	0.00782	0.00494	0.00974
7	0.00998	0.00842	0.00864	0.00859	0.01132	0.00708	0.00644	0.01224	0.01932	0.02336	0.13231	0.07843	0.60412	0.02070	0.00982	0.00279	0.00418	0.01732	0.00784	0.00708
8	0.02795	0.27528	0.03054	0.01889	0.02416	0.45008	0.01541	0.03027	0.02121	0.02006	0.01239	0.01440	0.01069	0.00805	0.00673	0.00201	0.01285	0.00503	0.00403	0.00999
9	0.03103	0.03959	0.02354	0.02140	0.02568	0.67469	0.01605	0.03317	0.02354	0.02033	0.01284	0.01498	0.01070	0.00856	0.00749	0.00214	0.01498	0.00535	0.00428	0.00963
10	0.02331	0.02339	0.02000	0.01805	0.02264	0.18752	0.01389	0.04134	0.48363	0.03107	0.02846	0.02691	0.02162	0.01058	0.00821	0.00264	0.00872	0.00836	0.00739	0.01225
11	0.20780	0.03201	0.01988	0.01808	0.02248	0.47548	0.01375	0.02977	0.02099	0.02456	0.01685	0.01856	0.04918	0.00911	0.00706	0.00228	0.01226	0.00588	0.00470	0.00932
12	0.03002	0.02288	0.02321	0.01819	0.02423	0.06707	0.01486	0.53122	0.03598	0.04820	0.02015	0.02066	0.01458	0.00985	0.00802	0.00242	0.00903	0.00736	0.07885	0.01322
13	0.03406	0.01929	0.02247	0.01723	0.02378	0.01986	0.01423	0.37254	0.03241	0.31773	0.02553	0.02357	0.01693	0.01011	0.00833	0.00253	0.00824	0.00786	0.00917	0.01413
14	0.01443	0.00722	0.01082	0.01082	0.01082	0.00722	0.00722	0.01082	0.01082	0.01443	0.01443	0.02525	0.01443	0.02886	0.03247	0.75830	0.00722	0.00722	0.00361	0.00361
15	0.01031	0.00844	0.00910	0.00894	0.01152	0.00722	0.00670	0.01288	0.02010	0.02522	0.22899	0.07538	0.50629	0.02000	0.00981	0.00276	0.00413	0.01689	0.00808	0.00722
16	0.03103	0.03959	0.02354	0.02140	0.02568	0.67469	0.01605	0.03317	0.02354	0.02033	0.01284	0.01498	0.01070	0.00856	0.00749	0.00214	0.01498	0.00535	0.00428	0.00963
17	0.01021	0.00847	0.00896	0.00896	0.01162	0.00722	0.00680	0.01261	0.01951	0.02389	0.15247	0.07833	0.55612	0.02062	0.00989	0.00283	0.00432	0.04214	0.00789	0.00714
18	0.01284	0.00900	0.00988	0.00934	0.01239	0.00765	0.00711	0.01531	0.02005	0.08810	0.15741	0.07229	0.51008	0.01940	0.00967	0.00276	0.00446	0.01627	0.00817	0.00784
19	0.02653	0.03210	0.02421	0.02154	0.02433	0.44748	0.01679	0.02856	0.01976	0.02021	0.01216	0.01610	0.01077	0.01065	0.01441	0.00266	0.25221	0.00602	0.00405	0.00944
20	0.01668	0.00970	0.01220	0.01209	0.01449	0.00893	0.00882	0.05141	0.01927	0.15129	0.04833	0.42344	0.14826	0.02114	0.00989	0.00307	0.00540	0.01863	0.00826	0.00868
21	0.01052	0.00762	0.00994	0.01109	0.01209	0.00704	0.00766	0.01264	0.01803	0.02437	0.20273	0.50149	0.09714	0.02342	0.01035	0.00315	0.00455	0.02106	0.00808	0.00704
22	0.03173	0.02065	0.02307	0.01779	0.02415	0.02208	0.01465	0.47723	0.03515	0.17577	0.05484	0.02380	0.01872	0.01039	0.00840	0.00252	0.00845	0.00804	0.00876	0.01381
23	0.38595	0.02362	0.01847	0.01570	0.02107	0.17425	0.01258	0.19784	0.02341	0.03759	0.01424	0.01567	0.01085	0.00855	0.00659	0.00245	0.00920	0.00554	0.00584	0.01060
24	0.00994	0.00842	0.00858	0.00854	0.01130	0.00706	0.00641	0.01216	0.01922	0.02312	0.11980	0.07883	0.61678	0.02078	0.00982	0.00279	0.00419	0.01738	0.00780	0.00706
25	0.02456	0.01650	0.01744	0.01416	0.01875	0.01790	0.01144	0.36286	0.02962	0.04303	0.02307	0.02475	0.01725	0.00984	0.00722	0.00225	0.00684	0.00759	0.33358	0.01134
26	0.01959	0.01875	0.03197	0.17794	0.53686	0.01948	0.02501	0.02464	0.01846	0.02596	0.01545	0.02088	0.01274	0.00758	0.00824	0.00253	0.01011	0.00740	0.00403	0.01238
27	0.03103	0.03959	0.02354	0.02140	0.02568	0.67469	0.01605	0.03317	0.02354	0.02033	0.01284	0.01498	0.01070	0.00856	0.00749	0.00214	0.01498	0.00535	0.00428	0.00963
28	0.02853	0.23064	0.02921	0.01936	0.02445	0.49262	0.01553	0.03082	0.02165	0.02011	0.01247	0.01451	0.01069	0.00815	0.00688	0.00204	0.01325	0.00509	0.00407	0.00992
29	0.02331	0.02250	0.03132	0.04312	0.49537	0.09517	0.02305	0.11155	0.02229	0.02993	0.01592	0.01984	0.01302	0.00790	0.00815	0.00243	0.01035	0.00718	0.00472	0.01289
30	0.01829	0.06073	0.01876	0.01581	0.01875	0.11014	0.01231	0.02684	0.19958	0.02473	0.05978	0.06000	0.02458	0.06710	0.18202	0.00574	0.06999	0.00932	0.00592	0.00961
31	0.01137	0.00847	0.01086	0.01230	0.01394	0.00795	0.00966	0.01394	0.01796	0.02299	0.05453	0.30217	0.19973	0.02355	0.01076	0.00342	0.00581	0.25572	0.00769	0.00718
32	0.01015	0.00751	0.00936	0.01081	0.01174	0.00686	0.00731	0.01166	0.01635	0.02122	0.05267	0.54673	0.17509	0.05615	0.01189	0.00347	0.00484	0.02186	0.00759	0.00672
33	0.01575	0.01398	0.01859	0.20576	0.02824	0.05480	0.01489	0.01937	0.01550	0.02178	0.01801	0.02538	0.01553	0.02758	0.23723	0.00626	0.11099	0.00765	0.08718	0.05551
34	0.01012	0.00723	0.00964	0.01157	0.01205	0.00675	0.00771	0.01157	0.01591	0.02121	0.04579	0.70262	0.05495	0.02603	0.01060	0.00337	0.00482	0.02362	0.00771	0.00675
35	0.00985	0.00827	0.00856	0.00879	0.01132	0.00698	0.00648	0.01188	0.01857	0.02229	0.07956	0.15448	0.58129	0.02164	0.00991	0.00287	0.00428	0.01826	0.00771	0.00698
36	0.08016	0.01561	0.02322	0.39298	0.04058	0.02015	0.01957	0.02103	0.01523	0.02265	0.01386	0.02059	0.01131	0.01025	0.01380	0.00298	0.22176	0.00712	0.03806	0.00910
37	0.02282	0.02583	0.06439	0.06852	0.43735	0.18675	0.02326	0.02732	0.01993	0.02511	0.01484	0.01904	0.01230	0.00776	0.00802	0.00241	0.01135	0.00681	0.00411	0.01205
38	0.02233	0.02388	0.02888	0.08219	0.39085	0.19016	0.02164	0.02626	0.01954	0.02435	0.01617	0.05394	0.01441	0.00903	0.00901	0.00250	0.04140	0.00769	0.00429	0.01147
39	0.06656	0.04771	0.01535	0.01352	0.01664	0.18392	0.01039	0.01953	0.01829	0.02195	0.04136	0.07230	0.23994	0.02619	0.16471	0.00507	0.01163	0.01117	0.00570	0.00807
40	0.12715	0.22520	0.03291	0.02137	0.06045	0.11220	0.16167	0.02492	0.01807	0.02447	0.01850	0.02164	0.05203	0.01192	0.05152	0.00306	0.01126	0.00715	0.00439	0.01011
41	0.02722	0.11956	0.06132	0.02197	0.06459	0.47424	0.01685	0.03007	0.02142	0.02092	0.01359	0.01644	0.01151	0.01183	0.05155	0.00289	0.01424	0.00565	0.00415	0.00998

[dist]
# distance from previous block
# <min> <max>
6	86

[block]
# block no. 6 follows, 22 sequences, length 17
# corresponding to MSA columns:
# 325-341
name=unknown_G
#
# <colnr> <probs for GDERKNQSTAVLIFYWHMCP>
#	G	D	E	R	K	N	Q	S	T	A	V	L	I	F	Y	W	H	M	C	P
0	0.08629	0.01944	0.09896	0.02513	0.19112	0.04488	0.01737	0.02121	0.01787	0.02613	0.09250	0.03459	0.14212	0.01243	0.01174	0.00277	0.13052	0.00960	0.00527	0.01006
1	0.02442	0.17409	0.04838	0.01754	0.02249	0.30080	0.01468	0.08804	0.02283	0.02511	0.06773	0.02940	0.06324	0.01099	0.00778	0.00233	0.01086	0.05398	0.00537	0.00994
2	0.05726	0.01960	0.01789	0.06515	0.02189	0.16919	0.01225	0.05734	0.10384	0.15472	0.02592	0.03183	0.04440	0.16474	0.01559	0.00374	0.00933	0.00869	0.00655	0.01006
3	0.20834	0.19802	0.02463	0.01507	0.02088	0.05382	0.01281	0.11220	0.16550	0.08421	0.01966	0.01967	0.01495	0.00894	0.00676	0.00239	0.00791	0.00638	0.00631	0.01153
4	0.01878	0.01465	0.01778	0.01589	0.01841	0.01662	0.01236	0.21336	0.02349	0.03218	0.08685	0.29005	0.03540	0.01777	0.01300	0.00307	0.13897	0.01444	0.00725	0.00969
5	0.02901	0.02174	0.02355	0.01789	0.02467	0.02313	0.01472	0.51952	0.03514	0.04782	0.01902	0.01946	0.01380	0.00929	0.00792	0.00227	0.00861	0.00702	0.00770	0.14772
6	0.01195	0.00800	0.00910	0.00923	0.00927	0.00796	0.00522	0.01205	0.01234	0.01646	0.02753	0.09908	0.03191	0.66100	0.04010	0.00773	0.00783	0.01288	0.00522	0.00515
7	0.01560	0.01174	0.01340	0.01179	0.01503	0.01157	0.00916	0.15038	0.02565	0.03443	0.34964	0.05784	0.22830	0.01659	0.00947	0.00264	0.00516	0.01407	0.00855	0.00900
8	0.01979	0.38466	0.23183	0.01846	0.02592	0.02738	0.01999	0.02446	0.01635	0.02171	0.01247	0.01548	0.01066	0.00865	0.00997	0.00237	0.12996	0.00546	0.00355	0.01088
9	0.02056	0.01974	0.03372	0.05099	0.65622	0.01974	0.02550	0.02550	0.01892	0.02714	0.01563	0.02056	0.01316	0.00740	0.00822	0.00247	0.00987	0.00740	0.00411	0.01316
10	0.01190	0.00798	0.00911	0.00929	0.00934	0.00793	0.00528	0.01203	0.01244	0.01658	0.02799	0.11444	0.03250	0.64484	0.03935	0.00762	0.00775	0.01315	0.00528	0.00519
11	0.01076	0.00829	0.00983	0.00980	0.01189	0.00736	0.00721	0.01361	0.02063	0.02729	0.34107	0.15865	0.30394	0.01986	0.00992	0.00280	0.00416	0.01722	0.00837	0.00736
12	0.01497	0.01364	0.02154	0.18442	0.02889	0.01707	0.05101	0.01849	0.01435	0.02038	0.01701	0.02554	0.01523	0.03281	0.29623	0.00749	0.20025	0.00813	0.00403	0.00854
13	0.01540	0.01430	0.02389	0.63775	0.05389	0.01767	0.02194	0.02081	0.01712	0.02212	0.06208	0.02511	0.01607	0.00895	0.00842	0.00276	0.01054	0.00795	0.00410	0.00913
14	0.00982	0.00842	0.00842	0.00842	0.01122	0.00701	0.00631	0.01192	0.01894	0.02244	0.08416	0.07995	0.65285	0.02104	0.00982	0.00281	0.00421	0.01753	0.00771	0.00701
15	0.01652	0.01188	0.01297	0.01237	0.01553	0.01239	0.00989	0.08462	0.14657	0.03085	0.04363	0.05281	0.16642	0.01511	0.00858	0.00273	0.00576	0.12462	0.21743	0.00931
16	0.02310	0.02524	0.11205	0.03348	0.29477	0.10395	0.05086	0.14261	0.02314	0.03129	0.01692	0.02020	0.01326	0.00826	0.00800	0.00243	0.01045	0.00713	0.06058	0.01228

[dist]
# distance from previous block
# <min> <max>
0	1

[block]
# block no. 7 follows, 22 sequences, length 40
# corresponding to MSA columns:
# 343-382
name=unknown_H
#
# <colnr> <probs for GDERKNQSTAVLIFYWHMCP>
#	G	D	E	R	K	N	Q	S	T	A	V	L	I	F	Y	W	H	M	C	P
0	0.06138	0.02751	0.07179	0.03035	0.24698	0.26240	0.01922	0.05626	0.02097	0.02567	0.01765	0.08820	0.01620	0.00993	0.00802	0.00246	0.01122	0.00808	0.00476	0.01096
1	0.10108	0.20067	0.09373	0.01769	0.02387	0.23305	0.01584	0.06838	0.02015	0.02538	0.01319	0.01542	0.01091	0.00819	0.00767	0.00215	0.04528	0.00532	0.00442	0.08763
2	0.01291	0.00833	0.01079	0.01079	0.01194	0.00901	0.00778	0.01504	0.01389	0.02107	0.02406	0.03741	0.02300	0.21192	0.32349	0.04365	0.01352	0.00935	0.18534	0.00672
3	0.02347	0.30473	0.02873	0.01606	0.02119	0.29022	0.01347	0.02582	0.01999	0.02041	0.02580	0.02659	0.13204	0.01033	0.00706	0.00212	0.01049	0.00729	0.00464	0.00955
4	0.01187	0.00890	0.01335	0.01335	0.01483	0.01038	0.01038	0.01483	0.01335	0.01928	0.02225	0.03264	0.02077	0.06231	0.67512	0.01335	0.02225	0.00890	0.00445	0.00742
5	0.03158	0.02327	0.02493	0.01911	0.02576	0.02576	0.01579	0.62852	0.03906	0.05236	0.01995	0.01995	0.01413	0.00997	0.00831	0.00249	0.00914	0.00748	0.00831	0.01413
6	0.01008	0.00850	0.00878	0.00892	0.01166	0.00720	0.00683	0.01231	0.01895	0.02262	0.08124	0.08095	0.60890	0.02118	0.00994	0.00288	0.00446	0.05986	0.00771	0.00706
7	0.01569	0.01477	0.02492	0.68808	0.05722	0.01846	0.02307	0.02123	0.01661	0.02123	0.01477	0.02215	0.01107	0.00831	0.00831	0.00277	0.01107	0.00738	0.00369	0.00923
8	0.01666	0.04297	0.66500	0.02368	0.03596	0.01929	0.03069	0.02631	0.01754	0.02631	0.01491	0.01754	0.01052	0.00789	0.00789	0.00263	0.01228	0.00614	0.00351	0.01228
9	0.01017	0.00853	0.00891	0.00909	0.01181	0.00726	0.00701	0.01244	0.01895	0.02268	0.08020	0.08131	0.59322	0.02123	0.00998	0.00291	0.00455	0.07497	0.00771	0.00708
10	0.03158	0.02327	0.02493	0.01911	0.02576	0.02576	0.01579	0.62852	0.03906	0.05236	0.01995	0.01995	0.01413	0.00997	0.00831	0.00249	0.00914	0.00748	0.00831	0.01413
11	0.01012	0.00723	0.00964	0.01157	0.01205	0.00675	0.00771	0.01157	0.01591	0.02121	0.04579	0.70262	0.05495	0.02603	0.01060	0.00337	0.00482	0.02362	0.00771	0.00675
12	0.01012	0.00723	0.00964	0.01157	0.01205	0.00675	0.00771	0.01157	0.01591	0.02121	0.04579	0.70262	0.05495	0.02603	0.01060	0.00337	0.00482	0.02362	0.00771	0.00675
13	0.01061	0.00743	0.00950	0.01094	0.01131	0.00707	0.00705	0.01170	0.01495	0.01994	0.04091	0.54147	0.04879	0.19557	0.01848	0.00454	0.00562	0.02075	0.00705	0.00632
14	0.01752	0.01721	0.02419	0.02093	0.02108	0.02388	0.01736	0.01946	0.01279	0.01992	0.01209	0.01968	0.01193	0.01952	0.09477	0.00465	0.62297	0.00744	0.00372	0.00891
15	0.03299	0.02100	0.02353	0.01804	0.02463	0.02239	0.01490	0.48234	0.03526	0.20390	0.02313	0.02202	0.01573	0.01005	0.00832	0.00251	0.00863	0.00770	0.00880	0.01413
16	0.01528	0.00776	0.00782	0.00782	0.00964	0.00776	0.00576	0.01892	0.01710	0.03009	0.02705	0.03237	0.02182	0.05131	0.00798	0.00230	0.00412	0.00800	0.70951	0.00758
17	0.01613	0.01250	0.01634	0.01505	0.01756	0.01458	0.01192	0.11515	0.07383	0.02596	0.02230	0.02968	0.01958	0.04678	0.47366	0.01015	0.05573	0.00863	0.00538	0.00909
18	0.01836	0.01821	0.02430	0.02925	0.24373	0.08576	0.01798	0.02158	0.01661	0.02257	0.02056	0.02632	0.06046	0.02228	0.15830	0.00512	0.18597	0.00822	0.00434	0.01007
19	0.01012	0.00723	0.00964	0.01157	0.01205	0.00675	0.00771	0.01157	0.01591	0.02121	0.04579	0.70262	0.05495	0.02603	0.01060	0.00337	0.00482	0.02362	0.00771	0.00675
20	0.03103	0.03959	0.02354	0.02140	0.02568	0.67469	0.01605	0.03317	0.02354	0.02033	0.01284	0.01498	0.01070	0.00856	0.00749	0.00214	0.01498	0.00535	0.00428	0.00963
21	0.01031	0.00846	0.00914	0.00934	0.01188	0.00729	0.00712	0.01268	0.01919	0.02352	0.12718	0.10991	0.52233	0.02110	0.01000	0.00290	0.00451	0.06816	0.00783	0.00713
22	0.01800	0.01713	0.02910	0.38528	0.34191	0.01907	0.02422	0.02325	0.01771	0.02404	0.01517	0.02139	0.01207	0.00788	0.00827	0.00263	0.01050	0.00739	0.00389	0.01110
23	0.03129	0.03206	0.02418	0.02035	0.02572	0.37539	0.01593	0.30776	0.03070	0.03510	0.01612	0.01727	0.01228	0.00921	0.00787	0.00230	0.01229	0.00633	0.00614	0.01170
24	0.01984	0.26621	0.06424	0.01579	0.05399	0.01973	0.01340	0.02441	0.04829	0.08968	0.06556	0.02552	0.02055	0.01865	0.12691	0.00416	0.01028	0.00732	0.09524	0.01024
25	0.01801	0.09998	0.25616	0.02655	0.03544	0.02029	0.29604	0.02504	0.01865	0.02588	0.05107	0.05333	0.01718	0.00873	0.00872	0.00265	0.01191	0.00890	0.00432	0.01113
26	0.01065	0.00785	0.01010	0.01169	0.01283	0.00730	0.00849	0.01264	0.01700	0.02207	0.05205	0.48684	0.15625	0.02462	0.01062	0.00336	0.00522	0.12576	0.00770	0.00695
27	0.01208	0.00805	0.00906	0.00906	0.00906	0.00805	0.00503	0.01208	0.01208	0.01611	0.02618	0.05436	0.03020	0.70804	0.04228	0.00805	0.00805	0.01208	0.00503	0.00503
28	0.02698	0.23376	0.03013	0.08725	0.02765	0.20609	0.01614	0.22069	0.02581	0.03048	0.01493	0.01682	0.01183	0.00855	0.00719	0.00221	0.01087	0.00597	0.00530	0.01134
29	0.01878	0.01031	0.01338	0.01208	0.01450	0.01025	0.00885	0.02182	0.04559	0.18341	0.09174	0.04206	0.03016	0.26705	0.18608	0.00718	0.01084	0.01052	0.00680	0.00860
30	0.01031	0.00816	0.00873	0.00903	0.01093	0.00718	0.00628	0.01190	0.01712	0.02101	0.06682	0.17177	0.43771	0.15659	0.01631	0.00392	0.00506	0.01741	0.00719	0.00658
31	0.01201	0.00833	0.01044	0.01044	0.01092	0.00880	0.00675	0.01297	0.01249	0.01713	0.02492	0.04738	0.02717	0.50062	0.24557	0.00976	0.01261	0.01106	0.00485	0.00580
32	0.01879	0.29112	0.35333	0.02159	0.07446	0.02398	0.02312	0.02514	0.01718	0.02348	0.01407	0.01693	0.01128	0.01028	0.04025	0.00283	0.01133	0.00573	0.00362	0.01149
33	0.01625	0.01827	0.10039	0.06454	0.28166	0.01528	0.06323	0.02102	0.01871	0.02599	0.09248	0.13255	0.08906	0.01260	0.00898	0.00271	0.00859	0.01164	0.00544	0.01060
34	0.01114	0.00810	0.01072	0.01244	0.01362	0.00768	0.00939	0.01342	0.01725	0.02251	0.04921	0.44214	0.11495	0.02452	0.01080	0.00346	0.00567	0.20823	0.00769	0.00707
35	0.01651	0.08725	0.02649	0.01945	0.02391	0.01626	0.19463	0.02384	0.12491	0.02632	0.06188	0.22921	0.03134	0.01416	0.00905	0.00280	0.00818	0.01343	0.06065	0.00972
36	0.01978	0.15801	0.11209	0.10457	0.36022	0.02243	0.02329	0.02475	0.01778	0.02456	0.01440	0.01881	0.01201	0.00787	0.00862	0.00244	0.04589	0.00666	0.00386	0.01194
37	0.02354	0.02846	0.09388	0.03872	0.39090	0.23054	0.02298	0.02805	0.02027	0.02486	0.01466	0.01846	0.01210	0.00782	0.00795	0.00238	0.01176	0.00661	0.00411	0.01193
38	0.02110	0.27738	0.33567	0.01996	0.02904	0.13786	0.02237	0.02700	0.01835	0.02290	0.01337	0.01562	0.01060	0.00773	0.00692	0.00225	0.01156	0.00541	0.00366	0.01125
39	0.01432	0.01244	0.01903	0.01666	0.01812	0.01472	0.07451	0.01667	0.01352	0.01943	0.01979	0.03331	0.01977	0.20501	0.28482	0.00848	0.18802	0.00937	0.00436	0.00764

[dist]
# distance from previous block
# <min> <max>
0	1

[block]
# block no. 8 follows, 22 sequences, length 60
# corresponding to MSA columns:
# 384-443
name=unknown_I
#
# <colnr> <probs for GDERKNQSTAVLIFYWHMCP>
#	G	D	E	R	K	N	Q	S	T	A	V	L	I	F	Y	W	H	M	C	P
0	0.01608	0.01541	0.02422	0.02588	0.17229	0.01726	0.07816	0.01941	0.01639	0.02282	0.03067	0.03512	0.15623	0.02069	0.11435	0.00455	0.20600	0.01009	0.00484	0.00956
1	0.01147	0.00789	0.00967	0.01026	0.01055	0.00790	0.00639	0.01221	0.01337	0.01797	0.03171	0.24824	0.03672	0.43582	0.09730	0.00718	0.00852	0.01525	0.00578	0.00580
2	0.03103	0.03959	0.02354	0.02140	0.02568	0.67469	0.01605	0.03317	0.02354	0.02033	0.01284	0.01498	0.01070	0.00856	0.00749	0.00214	0.01498	0.00535	0.00428	0.00963
3	0.01789	0.01069	0.01099	0.00992	0.01281	0.01100	0.00771	0.13134	0.02158	0.03406	0.03160	0.03393	0.08444	0.01089	0.00668	0.00213	0.00488	0.00869	0.53993	0.00885
4	0.01012	0.00723	0.00964	0.01157	0.01205	0.00675	0.00771	0.01157	0.01591	0.02121	0.04579	0.70262	0.05495	0.02603	0.01060	0.00337	0.00482	0.02362	0.00771	0.00675
5	0.02221	0.71304	0.04353	0.01421	0.02132	0.03287	0.01421	0.02488	0.01688	0.01955	0.01155	0.01333	0.01066	0.00711	0.00533	0.00178	0.00888	0.00444	0.00355	0.01066
6	0.01079	0.00868	0.00967	0.00981	0.01212	0.00780	0.00720	0.01418	0.05041	0.02489	0.18216	0.18934	0.40187	0.02070	0.00989	0.00287	0.00438	0.01778	0.00802	0.00743
7	0.01980	0.01998	0.02528	0.02164	0.02229	0.07204	0.01790	0.05270	0.01487	0.02171	0.01152	0.01804	0.01106	0.01387	0.02486	0.00347	0.60852	0.00714	0.00393	0.00939
8	0.00989	0.00813	0.00871	0.00917	0.01142	0.00695	0.00665	0.01184	0.01821	0.02215	0.07498	0.22882	0.50990	0.02223	0.01001	0.00294	0.00435	0.01899	0.00771	0.00695
9	0.01208	0.00805	0.00906	0.00906	0.00906	0.00805	0.00503	0.01208	0.01208	0.01611	0.02618	0.05436	0.03020	0.70804	0.04228	0.00805	0.00805	0.01208	0.00503	0.00503
10	0.01137	0.00819	0.01075	0.01072	0.01232	0.00758	0.00781	0.01469	0.02170	0.03042	0.50694	0.21521	0.07278	0.01915	0.00999	0.00279	0.00413	0.01708	0.00880	0.00758
11	0.01304	0.01063	0.01560	0.01493	0.01613	0.01319	0.01183	0.01579	0.01323	0.01942	0.02014	0.02995	0.01893	0.05342	0.55458	0.01154	0.14702	0.00860	0.00430	0.00773
12	0.03379	0.01972	0.02274	0.01743	0.02399	0.02050	0.01440	0.40007	0.03312	0.28919	0.02493	0.02318	0.01663	0.01009	0.00833	0.00252	0.00834	0.00782	0.00908	0.01413
13	0.01115	0.00847	0.01027	0.00982	0.01204	0.00758	0.00736	0.01451	0.02209	0.02993	0.47538	0.06762	0.25695	0.01824	0.00980	0.00267	0.00401	0.01580	0.00870	0.00758
14	0.01305	0.01064	0.01562	0.01494	0.01614	0.01321	0.01184	0.01580	0.01323	0.01942	0.02013	0.02993	0.01892	0.05336	0.55375	0.01153	0.14788	0.00860	0.00430	0.00773
15	0.02025	0.01942	0.03316	0.09139	0.61824	0.01966	0.02534	0.02522	0.01877	0.02677	0.01557	0.02066	0.01303	0.00746	0.00823	0.00249	0.00995	0.00740	0.00409	0.01291
16	0.01012	0.00723	0.00964	0.01157	0.01205	0.00675	0.00771	0.01157	0.01591	0.02121	0.04579	0.70262	0.05495	0.02603	0.01060	0.00337	0.00482	0.02362	0.00771	0.00675
17	0.02183	0.02581	0.06640	0.03586	0.18713	0.14161	0.34389	0.02754	0.02008	0.02556	0.01571	0.02039	0.01230	0.00742	0.00892	0.00259	0.01312	0.00825	0.00417	0.01143
18	0.01012	0.00723	0.00964	0.01157	0.01205	0.00675	0.00771	0.01157	0.01591	0.02121	0.04579	0.70262	0.05495	0.02603	0.01060	0.00337	0.00482	0.02362	0.00771	0.00675
19	0.01953	0.02154	0.02758	0.02274	0.02641	0.17441	0.18904	0.02295	0.01793	0.02212	0.02067	0.14677	0.02050	0.01795	0.08059	0.00398	0.14055	0.01073	0.00479	0.00922
20	0.02183	0.09101	0.02372	0.17685	0.06122	0.14211	0.01617	0.13533	0.02180	0.02755	0.01731	0.02177	0.01400	0.01659	0.10600	0.00397	0.01215	0.00698	0.07348	0.01015
21	0.01661	0.01224	0.01562	0.01423	0.01678	0.01379	0.01106	0.16124	0.01935	0.02682	0.02215	0.03211	0.02027	0.12444	0.44254	0.01014	0.01748	0.00893	0.00544	0.00875
22	0.02463	0.01927	0.01765	0.01527	0.01950	0.17086	0.01187	0.07240	0.08751	0.17973	0.21470	0.03756	0.06850	0.01251	0.00866	0.00251	0.00797	0.01015	0.00805	0.01071
23	0.01779	0.01876	0.04817	0.01436	0.01924	0.13401	0.01181	0.02317	0.08054	0.02610	0.09699	0.04150	0.14319	0.01262	0.00826	0.00230	0.00768	0.06340	0.00628	0.22383
24	0.01208	0.00805	0.00906	0.00906	0.00906	0.00805	0.00503	0.01208	0.01208	0.01611	0.02618	0.05436	0.03020	0.70804	0.04228	0.00805	0.00805	0.01208	0.00503	0.00503
25	0.01066	0.00764	0.01016	0.01147	0.01237	0.00713	0.00799	0.01280	0.01787	0.02426	0.19061	0.52237	0.06023	0.02373	0.01045	0.00321	0.00473	0.04722	0.00805	0.00705
26	0.01781	0.08600	0.47238	0.02650	0.06720	0.02061	0.14196	0.02622	0.01795	0.02592	0.01506	0.01831	0.01106	0.00764	0.00809	0.00259	0.01224	0.00677	0.00367	0.01200
27	0.02084	0.02175	0.05909	0.07632	0.56364	0.06119	0.02501	0.02583	0.01905	0.02641	0.01538	0.02015	0.01280	0.00754	0.00817	0.00247	0.01035	0.00722	0.00408	0.01272
28	0.00995	0.00790	0.00895	0.00980	0.01158	0.00690	0.00693	0.01177	0.01761	0.02190	0.06734	0.35286	0.39080	0.02323	0.01016	0.00305	0.00448	0.02020	0.00771	0.00690
29	0.01999	0.01914	0.03238	0.04873	0.62202	0.01906	0.02448	0.02478	0.01892	0.02689	0.01926	0.02371	0.04708	0.00813	0.00831	0.00249	0.00957	0.00794	0.00430	0.01283
30	0.02012	0.02622	0.18418	0.04308	0.47844	0.05026	0.02630	0.02605	0.01880	0.02662	0.01532	0.01958	0.01241	0.00757	0.00811	0.00249	0.01068	0.00700	0.00398	0.01278
