[name]
unknown

[dist]
# distance from previous block
# <min> <max>
3	18

[block]
# block no. 0 follows, 21 sequences, length 11
# corresponding to MSA columns:
# 18-28
name=unknown_A
#
# <colnr> <probs for GDERKNQSTAVLIFYWHMCP>
#	G	D	E	R	K	N	Q	S	T	A	V	L	I	F	Y	W	H	M	C	P
0	0.01440	0.01168	0.01388	0.01452	0.04115	0.01208	0.01018	0.02353	0.20740	0.02880	0.16254	0.26028	0.12830	0.01877	0.00982	0.00302	0.00544	0.01651	0.00827	0.00944
1	0.01745	0.01587	0.02393	0.09745	0.30552	0.01632	0.01875	0.02426	0.09763	0.02692	0.03629	0.04363	0.15182	0.01287	0.00917	0.00283	0.00833	0.07390	0.00591	0.01113
2	0.01257	0.00939	0.01075	0.01170	0.01265	0.04278	0.00801	0.01291	0.01591	0.02015	0.04327	0.39628	0.13575	0.02561	0.01612	0.18911	0.00601	0.01803	0.00667	0.00632
3	0.08083	0.01735	0.01892	0.02158	0.14989	0.10094	0.01361	0.05727	0.05163	0.03124	0.24275	0.04216	0.11154	0.01318	0.00883	0.00260	0.00750	0.01110	0.00701	0.01006
4	0.02290	0.02036	0.03141	0.12546	0.43601	0.02141	0.02362	0.15581	0.02360	0.03270	0.01687	0.02113	0.01342	0.00828	0.00845	0.00257	0.01010	0.00760	0.00510	0.01318
5	0.10314	0.01955	0.02241	0.19274	0.11107	0.10487	0.01738	0.03066	0.15348	0.08015	0.02096	0.02377	0.01603	0.01291	0.05230	0.00341	0.01061	0.00760	0.00577	0.01118
6	0.01375	0.01204	0.01209	0.01287	0.01390	0.09212	0.00881	0.01523	0.01617	0.02031	0.03538	0.39298	0.04078	0.16331	0.10441	0.00561	0.00931	0.01744	0.00646	0.00703
7	0.02499	0.02177	0.02192	0.02085	0.10529	0.15277	0.01428	0.11154	0.02273	0.09763	0.01859	0.02245	0.01511	0.06632	0.01054	0.00255	0.00942	0.00685	0.00590	0.24850
8	0.02630	0.03004	0.02089	0.01884	0.02291	0.40889	0.01427	0.06485	0.10286	0.02738	0.14923	0.02790	0.02771	0.01103	0.00835	0.00240	0.01152	0.00822	0.00622	0.01020
9	0.02068	0.01746	0.01707	0.08843	0.05032	0.12197	0.01263	0.09308	0.07282	0.03050	0.02496	0.02813	0.04014	0.01311	0.04480	0.00297	0.00887	0.00801	0.29422	0.00984
10	0.01177	0.00820	0.01037	0.01093	0.01138	0.00838	0.00708	0.01282	0.01374	0.01864	0.03157	0.22951	0.03597	0.37839	0.16584	0.00806	0.01039	0.01499	0.00580	0.00616

[dist]
# distance from previous block
# <min> <max>
0	2

[block]
# block no. 1 follows, 21 sequences, length 64
# corresponding to MSA columns:
# 31-94
name=unknown_B
#
# <colnr> <probs for GDERKNQSTAVLIFYWHMCP>
#	G	D	E	R	K	N	Q	S	T	A	V	L	I	F	Y	W	H	M	C	P
0	0.16662	0.01781	0.02024	0.21261	0.03139	0.05896	0.01577	0.09478	0.10670	0.03205	0.09655	0.02639	0.02199	0.01055	0.00924	0.00277	0.05101	0.00813	0.00604	0.01039
1	0.01525	0.01209	0.01357	0.01268	0.01571	0.01262	0.00958	0.02534	0.24740	0.02961	0.20317	0.05204	0.19564	0.01768	0.01222	0.08953	0.00549	0.01297	0.00808	0.00933
2	0.01616	0.01514	0.02225	0.06304	0.10206	0.01611	0.08791	0.02321	0.11985	0.02597	0.04419	0.04811	0.23133	0.01486	0.01183	0.00300	0.09115	0.04750	0.00635	0.00998
3	0.02392	0.02554	0.03115	0.04275	0.45709	0.19198	0.02303	0.02899	0.04578	0.02627	0.01601	0.01998	0.01332	0.00806	0.00823	0.00245	0.01136	0.00711	0.00444	0.01252
4	0.02105	0.02074	0.03210	0.04607	0.52980	0.06050	0.02410	0.02559	0.01891	0.02640	0.01589	0.02126	0.01362	0.01142	0.04795	0.00323	0.05697	0.00753	0.00421	0.01263
5	0.01886	0.01931	0.02750	0.10139	0.10599	0.10629	0.16789	0.02432	0.04742	0.02507	0.02723	0.03141	0.09432	0.01671	0.08884	0.00398	0.01224	0.00953	0.06164	0.01007
6	0.02453	0.02530	0.02379	0.02047	0.02338	0.21842	0.01640	0.14231	0.02215	0.02727	0.01876	0.02253	0.05177	0.01447	0.04216	0.00337	0.27984	0.00762	0.00517	0.01030
7	0.01380	0.01123	0.01561	0.01470	0.01546	0.01382	0.01121	0.01578	0.01319	0.01911	0.02095	0.03541	0.02123	0.21267	0.35266	0.00986	0.18185	0.00953	0.00450	0.00740
8	0.03221	0.02200	0.02420	0.01867	0.02514	0.02391	0.01535	0.52454	0.03687	0.12126	0.02169	0.02167	0.01525	0.01115	0.00966	0.03716	0.00903	0.00775	0.00852	0.01398
9	0.14562	0.02085	0.02200	0.07432	0.06501	0.05506	0.01547	0.23245	0.21133	0.03974	0.02225	0.02275	0.01660	0.00986	0.00798	0.00267	0.00863	0.00763	0.00716	0.01260
10	0.09010	0.02345	0.03012	0.07462	0.44346	0.14189	0.02263	0.02728	0.01971	0.02712	0.01505	0.01941	0.01251	0.00788	0.00800	0.00249	0.01084	0.00692	0.00432	0.01221
11	0.23218	0.27509	0.06844	0.02088	0.12501	0.07597	0.01589	0.02585	0.01769	0.02752	0.03782	0.01730	0.01360	0.00807	0.00642	0.00229	0.00906	0.00568	0.00448	0.01076
12	0.01566	0.01310	0.01700	0.02010	0.13381	0.01330	0.01254	0.04971	0.14132	0.02875	0.11398	0.21638	0.15553	0.01729	0.00961	0.00293	0.00624	0.01523	0.00756	0.00997
13	0.02498	0.03320	0.14836	0.02273	0.06319	0.30231	0.01905	0.03560	0.21009	0.02700	0.02036	0.02125	0.01570	0.00942	0.00810	0.00253	0.01184	0.00704	0.00554	0.01172
14	0.01484	0.01228	0.01754	0.05740	0.01948	0.01558	0.01334	0.01779	0.01419	0.02155	0.01933	0.02799	0.01760	0.03877	0.34902	0.00852	0.22398	0.00836	0.09415	0.00828
15	0.01830	0.18774	0.52392	0.02215	0.03358	0.02278	0.02778	0.02663	0.01782	0.02545	0.01452	0.01703	0.01081	0.00791	0.00752	0.00251	0.01182	0.00591	0.00360	0.01222
16	0.01034	0.00863	0.00901	0.00892	0.01167	0.00730	0.00669	0.01276	0.02006	0.02457	0.16509	0.07930	0.56452	0.02096	0.01005	0.00285	0.00427	0.01760	0.00811	0.00730
17	0.01235	0.00834	0.00972	0.00972	0.00987	0.00849	0.00571	0.01266	0.01251	0.01683	0.02641	0.05346	0.02997	0.63707	0.10584	0.00879	0.00971	0.01205	0.00510	0.00540
18	0.01707	0.04402	0.65683	0.02426	0.03683	0.01976	0.03144	0.02695	0.01797	0.02695	0.01527	0.01797	0.01078	0.00809	0.00809	0.00270	0.01258	0.00629	0.00359	0.01258
19	0.17117	0.03595	0.02190	0.01987	0.02443	0.54297	0.01506	0.03227	0.02227	0.02414	0.01290	0.01506	0.01063	0.00860	0.00721	0.00228	0.01367	0.00531	0.00455	0.00974
20	0.01611	0.03727	0.53346	0.02167	0.03222	0.01752	0.02697	0.02487	0.01914	0.02832	0.13532	0.02668	0.02407	0.00987	0.00846	0.00269	0.01094	0.00803	0.00470	0.01171
21	0.02368	0.02543	0.03120	0.08051	0.44540	0.19514	0.02335	0.02799	0.02052	0.02556	0.01518	0.01961	0.01267	0.00796	0.00823	0.00245	0.01160	0.00701	0.00423	0.01227
22	0.13629	0.01193	0.01165	0.01046	0.01364	0.01277	0.00811	0.11939	0.02065	0.03544	0.02397	0.02850	0.01917	0.05205	0.00856	0.00256	0.00554	0.00763	0.46265	0.00905
23	0.01096	0.00774	0.00961	0.01086	0.01135	0.00734	0.00697	0.01203	0.01529	0.02020	0.04320	0.46074	0.08530	0.23321	0.02077	0.00489	0.00591	0.02018	0.00706	0.00639
24	0.02310	0.32703	0.15695	0.01814	0.02533	0.19154	0.01783	0.02812	0.04979	0.02255	0.01855	0.02003	0.05053	0.00891	0.00699	0.00221	0.01098	0.00621	0.00433	0.01087
25	0.02106	0.02022	0.03454	0.05223	0.64784	0.02022	0.02612	0.02612	0.01938	0.02780	0.01601	0.02106	0.01348	0.00758	0.00842	0.00253	0.01011	0.00758	0.00421	0.01348
26	0.01214	0.00815	0.00935	0.00958	0.00964	0.00810	0.00547	0.01231	0.01283	0.01710	0.02914	0.12968	0.03387	0.62293	0.03956	0.00770	0.00787	0.01374	0.00547	0.00536
27	0.01826	0.03253	0.34787	0.02714	0.03587	0.02163	0.19519	0.02564	0.01750	0.02564	0.01494	0.01953	0.01147	0.00930	0.01293	0.00297	0.15860	0.00761	0.00382	0.01156
28	0.01846	0.20662	0.50646	0.02187	0.03315	0.02318	0.02730	0.02659	0.01780	0.02525	0.01443	0.01691	0.01081	0.00789	0.00744	0.00248	0.01172	0.00586	0.00360	0.01217
29	0.01121	0.00776	0.00963	0.01078	0.01106	0.00747	0.00675	0.01207	0.01465	0.01954	0.03850	0.42769	0.04568	0.30881	0.02444	0.00546	0.00632	0.01925	0.00675	0.00618
30	0.02494	0.01902	0.03330	0.07342	0.27336	0.01853	0.16695	0.03104	0.05108	0.18872	0.02170	0.02418	0.01579	0.00849	0.00887	0.00267	0.01032	0.00854	0.00606	0.01301
31	0.01859	0.01972	0.05924	0.02373	0.17264	0.13760	0.01548	0.02252	0.02061	0.02688	0.12828	0.07798	0.09564	0.01324	0.00875	0.00261	0.00853	0.04623	0.09191	0.00983
32	0.02783	0.03305	0.02797	0.03312	0.25587	0.42796	0.02002	0.03108	0.02237	0.02340	0.01421	0.01746	0.01189	0.00833	0.00795	0.00232	0.01341	0.00626	0.00432	0.01120
33	0.02072	0.01987	0.03393	0.09485	0.60787	0.02013	0.02595	0.02582	0.01922	0.02739	0.01595	0.02117	0.01334	0.00765	0.00843	0.00255	0.01019	0.00758	0.00418	0.01321
34	0.01019	0.00863	0.00881	0.00876	0.01158	0.00724	0.00657	0.01247	0.01972	0.02374	0.12400	0.08066	0.60612	0.02127	0.01006	0.00286	0.00429	0.01779	0.00800	0.00724
35	0.01006	0.00862	0.00862	0.00862	0.01149	0.00718	0.00647	0.01221	0.01940	0.02299	0.08621	0.08190	0.64438	0.02155	0.01006	0.00287	0.00431	0.01796	0.00790	0.00718
36	0.01216	0.00912	0.01368	0.01368	0.01520	0.01064	0.01064	0.01520	0.01368	0.01976	0.02279	0.03343	0.02127	0.06382	0.66720	0.01368	0.02279	0.00912	0.00456	0.00760
37	0.02087	0.02076	0.03764	0.04900	0.52851	0.02048	0.14297	0.02634	0.01952	0.02770	0.01625	0.02144	0.01337	0.00750	0.00874	0.00260	0.01095	0.00807	0.00423	0.01308
38	0.02106	0.02022	0.03454	0.05223	0.64784	0.02022	0.02612	0.02612	0.01938	0.02780	0.01601	0.02106	0.01348	0.00758	0.00842	0.00253	0.01011	0.00758	0.00421	0.01348
39	0.02275	0.70604	0.04459	0.01456	0.02184	0.03367	0.01456	0.02548	0.01729	0.02002	0.01183	0.01365	0.01092	0.00728	0.00546	0.00182	0.00910	0.00455	0.00364	0.01092
40	0.01417	0.01131	0.01606	0.01514	0.01634	0.01411	0.01206	0.01703	0.01400	0.02132	0.02051	0.02960	0.01886	0.04557	0.43370	0.00988	0.18335	0.00857	0.09037	0.00806
41	0.02245	0.02274	0.03231	0.04629	0.53121	0.10381	0.02413	0.02824	0.05559	0.02735	0.01672	0.02094	0.01388	0.00797	0.00834	0.00251	0.01059	0.00743	0.00449	0.01301
42	0.02397	0.42348	0.14862	0.01811	0.02562	0.18778	0.01803	0.02785	0.01910	0.02146	0.01277	0.01484	0.01091	0.00779	0.00648	0.00207	0.01127	0.00509	0.00382	0.01096
43	0.01216	0.00912	0.01368	0.01368	0.01520	0.01064	0.01064	0.01520	0.01368	0.01976	0.02279	0.03343	0.02127	0.06382	0.66720	0.01368	0.02279	0.00912	0.00456	0.00760
44	0.01132	0.00837	0.01079	0.01237	0.01378	0.00784	0.00938	0.01368	0.01791	0.02311	0.05412	0.39176	0.17037	0.02469	0.01097	0.00348	0.00569	0.19520	0.00788	0.00725
45	0.02072	0.01987	0.03393	0.09485	0.60787	0.02013	0.02595	0.02582	0.01922	0.02739	0.01595	0.02117	0.01334	0.00765	0.00843	0.00255	0.01019	0.00758	0.00418	0.01321
46	0.01037	0.00741	0.00987	0.01185	0.01234	0.00691	0.00790	0.01185	0.01629	0.02172	0.04690	0.69537	0.05629	0.02666	0.01086	0.00346	0.00494	0.02419	0.00790	0.00691
47	0.01256	0.00971	0.01445	0.01422	0.01564	0.01160	0.01114	0.01553	0.01364	0.01980	0.02207	0.03250	0.02064	0.06076	0.62718	0.01305	0.06427	0.00901	0.00451	0.00771
48	0.02065	0.02267	0.09849	0.04936	0.58505	0.02017	0.02666	0.02620	0.01923	0.02771	0.01593	0.02074	0.01320	0.00763	0.00839	0.00254	0.01036	0.00745	0.00415	0.01339
49	0.01232	0.00854	0.01145	0.06906	0.01639	0.00860	0.00940	0.01512	0.01763	0.02510	0.10858	0.38029	0.04706	0.02240	0.03760	0.00351	0.00615	0.05294	0.14035	0.00753
50	0.01316	0.00929	0.01307	0.01291	0.01446	0.01076	0.01005	0.01634	0.01447	0.02215	0.02328	0.03247	0.02095	0.05109	0.50928	0.01094	0.04719	0.00881	0.15159	0.00774
51	0.02262	0.02424	0.02963	0.19868	0.34205	0.18745	0.02300	0.02708	0.02003	0.02451	0.01505	0.01998	0.01230	0.00812	0.00825	0.00252	0.01177	0.00703	0.00415	0.01155
52	0.01765	0.01513	0.01765	0.01260	0.02017	0.01134	0.01008	0.02143	0.01765	0.02773	0.01513	0.01765	0.01260	0.00630	0.00630	0.00126	0.00630	0.00504	0.00504	0.75295
53	0.11077	0.03334	0.19912	0.02002	0.02680	0.26415	0.01902	0.09668	0.02245	0.02891	0.04411	0.01985	0.01496	0.01249	0.04897	0.00317	0.01280	0.00654	0.00498	0.01086
54	0.01594	0.01434	0.01574	0.01514	0.01732	0.10605	0.01173	0.04621	0.01642	0.02150	0.02129	0.03021	0.01947	0.05337	0.54118	0.01150	0.02109	0.00852	0.00472	0.00825
55	0.02770	0.01821	0.02052	0.01697	0.02256	0.01959	0.01360	0.19203	0.29151	0.19202	0.06803	0.03007	0.02511	0.01131	0.00868	0.00272	0.00738	0.00920	0.00912	0.01365
56	0.02106	0.02022	0.03454	0.05223	0.64784	0.02022	0.02612	0.02612	0.01938	0.02780	0.01601	0.02106	0.01348	0.00758	0.00842	0.00253	0.01011	0.00758	0.00421	0.01348
57	0.01044	0.00746	0.00994	0.01180	0.01236	0.00696	0.00791	0.01204	0.01664	0.02228	0.07343	0.66727	0.05735	0.02625	0.01083	0.00342	0.00490	0.02380	0.00796	0.00696
58	0.02069	0.01659	0.01744	0.01496	0.01970	0.01786	0.01184	0.20980	0.23527	0.03670	0.04840	0.04590	0.23975	0.01465	0.00911	0.00278	0.00669	0.01195	0.00835	0.01157
59	0.01158	0.00925	0.01044	0.01004	0.01266	0.00840	0.00756	0.01587	0.05901	0.02848	0.31918	0.07105	0.36735	0.01918	0.00996	0.00279	0.00433	0.01636	0.00857	0.00793
60	0.01815	0.17055	0.53981	0.02240	0.03397	0.02242	0.02822	0.02667	0.01784	0.02563	0.01461	0.01714	0.01081	0.00793	0.00758	0.00253	0.01191	0.00596	0.00360	0.01226
61	0.01926	0.01838	0.03128	0.27920	0.43496	0.01975	0.02522	0.02454	0.01852	0.02561	0.01569	0.02165	0.01271	0.00792	0.00846	0.00264	0.01056	0.00758	0.00406	0.01203
62	0.17162	0.03093	0.17510	0.06098	0.02894	0.18457	0.01902	0.17354	0.02419	0.03385	0.01532	0.01739	0.01146	0.00877	0.00756	0.00253	0.01122	0.00617	0.00534	0.01150
63	0.03179	0.04056	0.02412	0.02192	0.02631	0.66676	0.01644	0.03398	0.02412	0.02083	0.01315	0.01535	0.01096	0.00877	0.00767	0.00219	0.01535	0.00548	0.00438	0.00987

[dist]
# distance from previous block
# <min> <max>
0	1

[block]
# block no. 2 follows, 21 sequences, length 13
# corresponding to MSA columns:
# 96-108
name=unknown_C
#
# <colnr> <probs for GDERKNQSTAVLIFYWHMCP>
#	G	D	E	R	K	N	Q	S	T	A	V	L	I	F	Y	W	H	M	C	P
0	0.01210	0.00813	0.00936	0.00964	0.00970	0.00807	0.00553	0.01230	0.01292	0.01722	0.02958	0.14389	0.03443	0.60796	0.03884	0.00759	0.00779	0.01400	0.00553	0.00540
1	0.02987	0.03569	0.02612	0.02729	0.13970	0.50444	0.01819	0.07311	0.02435	0.02437	0.01418	0.01674	0.01166	0.00865	0.00787	0.00228	0.01398	0.00602	0.00464	0.01084
2	0.01238	0.00825	0.00928	0.00928	0.00928	0.00825	0.00516	0.01238	0.01238	0.01650	0.02681	0.05569	0.03094	0.70092	0.04331	0.00825	0.00825	0.01238	0.00516	0.00516
3	0.02725	0.02806	0.18516	0.02034	0.02827	0.02363	0.01960	0.43516	0.03309	0.04508	0.02059	0.05721	0.01585	0.01059	0.00853	0.00264	0.00994	0.00823	0.00723	0.01357
4	0.01012	0.00839	0.00886	0.00923	0.01166	0.00713	0.00674	0.01214	0.01881	0.02275	0.07875	0.19828	0.53282	0.02252	0.01021	0.00298	0.00443	0.01914	0.00790	0.00713
5	0.01485	0.01540	0.12455	0.01393	0.01746	0.01225	0.01303	0.01935	0.01596	0.02559	0.02258	0.02909	0.01897	0.03042	0.25915	0.00667	0.05856	0.00806	0.28543	0.00871
6	0.01478	0.00739	0.01109	0.01109	0.01109	0.00739	0.00739	0.01109	0.01109	0.01478	0.01478	0.02587	0.01478	0.02956	0.03326	0.75240	0.00739	0.00739	0.00370	0.00370
7	0.02105	0.01671	0.02152	0.02598	0.21313	0.06003	0.01590	0.05765	0.05358	0.11182	0.03789	0.04324	0.15699	0.01677	0.05413	0.00350	0.00926	0.06301	0.00671	0.01112
8	0.01118	0.00810	0.00945	0.01002	0.01099	0.00757	0.00651	0.01242	0.01603	0.02084	0.08855	0.26175	0.18587	0.28553	0.02317	0.00512	0.00601	0.01757	0.00694	0.00637
9	0.02462	0.02593	0.02519	0.08581	0.13628	0.22957	0.01828	0.07338	0.16882	0.02792	0.01929	0.02164	0.01531	0.00994	0.01026	0.00266	0.08061	0.00739	0.00555	0.01159
10	0.16061	0.09745	0.24716	0.08868	0.03113	0.11091	0.02091	0.09830	0.02065	0.03020	0.01461	0.01720	0.01103	0.00837	0.00734	0.00253	0.01098	0.00599	0.00463	0.01131
11	0.16201	0.03068	0.22521	0.02957	0.19846	0.13273	0.05109	0.02760	0.01887	0.02826	0.01455	0.01781	0.01135	0.00799	0.00766	0.00256	0.01133	0.00636	0.00425	0.01166
12	0.02582	0.02366	0.02500	0.06046	0.14458	0.13455	0.01778	0.21480	0.16289	0.03588	0.02245	0.02614	0.01782	0.01034	0.00855	0.00264	0.00999	0.03728	0.00672	0.01265

[dist]
# distance from previous block
# <min> <max>
5	9

[block]
# block no. 3 follows, 21 sequences, length 27
# corresponding to MSA columns:
# 118-144
name=unknown_D
#
# <colnr> <probs for GDERKNQSTAVLIFYWHMCP>
#	G	D	E	R	K	N	Q	S	T	A	V	L	I	F	Y	W	H	M	C	P
0	0.23654	0.26848	0.14197	0.01553	0.02273	0.05182	0.01568	0.05929	0.01835	0.02874	0.01822	0.01973	0.05494	0.00884	0.00647	0.00235	0.00895	0.00604	0.00472	0.01062
1	0.02401	0.03062	0.33427	0.02017	0.02910	0.04531	0.02204	0.07268	0.06359	0.18961	0.02372	0.06780	0.01782	0.01039	0.00845	0.00271	0.01018	0.00838	0.00639	0.01276
2	0.14266	0.02066	0.01857	0.02016	0.11871	0.17010	0.01329	0.06711	0.05325	0.03125	0.01970	0.02246	0.01558	0.00905	0.00696	0.00231	0.00859	0.00683	0.24252	0.01023
3	0.05506	0.01941	0.03163	0.14920	0.49309	0.02027	0.02444	0.05523	0.01981	0.02861	0.01590	0.02096	0.01299	0.00788	0.00830	0.00258	0.01011	0.00745	0.00441	0.01269
4	0.02106	0.02022	0.03454	0.05223	0.64784	0.02022	0.02612	0.02612	0.01938	0.02780	0.01601	0.02106	0.01348	0.00758	0.00842	0.00253	0.01011	0.00758	0.00421	0.01348
5	0.01213	0.01024	0.01296	0.01522	0.09958	0.00922	0.00961	0.01520	0.02070	0.02676	0.23205	0.06839	0.39993	0.01847	0.00983	0.00277	0.00503	0.01581	0.00780	0.00829
6	0.02106	0.02022	0.03454	0.05223	0.64784	0.02022	0.02612	0.02612	0.01938	0.02780	0.01601	0.02106	0.01348	0.00758	0.00842	0.00253	0.01011	0.00758	0.00421	0.01348
7	0.02390	0.02192	0.01984	0.01924	0.06384	0.18312	0.01402	0.07271	0.18927	0.08908	0.03621	0.03872	0.12590	0.01290	0.00882	0.00271	0.00907	0.05025	0.00725	0.01126
8	0.01238	0.00825	0.00928	0.00928	0.00928	0.00825	0.00516	0.01238	0.01238	0.01650	0.02681	0.05569	0.03094	0.70092	0.04331	0.00825	0.00825	0.01238	0.00516	0.00516
9	0.02130	0.01829	0.02014	0.07714	0.02564	0.02124	0.01453	0.07331	0.54590	0.03530	0.03213	0.03034	0.02406	0.01120	0.00864	0.00286	0.00729	0.00933	0.00821	0.01316
10	0.05674	0.16362	0.06966	0.02127	0.02701	0.05260	0.13441	0.12340	0.02130	0.02916	0.04889	0.02179	0.01629	0.01366	0.05830	0.00344	0.11477	0.00765	0.00508	0.01096
11	0.02014	0.01711	0.01848	0.01709	0.02151	0.01960	0.01350	0.04142	0.54795	0.03420	0.03607	0.04061	0.02915	0.01320	0.00909	0.00303	0.00689	0.08973	0.00855	0.01269
12	0.01032	0.00761	0.00966	0.01131	0.01220	0.00696	0.00766	0.01191	0.01682	0.02194	0.05353	0.59193	0.15545	0.02580	0.01073	0.00336	0.00483	0.02314	0.00790	0.00696
13	0.02149	0.01662	0.01816	0.01676	0.04358	0.07315	0.01241	0.15502	0.04581	0.02980	0.01901	0.02401	0.01577	0.01558	0.01692	0.19497	0.10137	0.00750	0.16294	0.00912
14	0.02047	0.01746	0.02219	0.06456	0.18845	0.05141	0.01618	0.17487	0.02445	0.03248	0.07141	0.17945	0.07179	0.01432	0.00918	0.00278	0.00829	0.01248	0.00675	0.01102
15	0.01037	0.00741	0.00987	0.01185	0.01234	0.00691	0.00790	0.01185	0.01629	0.02172	0.04690	0.69537	0.05629	0.02666	0.01086	0.00346	0.00494	0.02419	0.00790	0.00691
16	0.01902	0.02195	0.10732	0.14995	0.33955	0.01947	0.12714	0.02492	0.01877	0.02627	0.01761	0.05676	0.01496	0.00873	0.00881	0.00271	0.01106	0.00873	0.00428	0.01200
17	0.09623	0.03076	0.32660	0.05853	0.03646	0.01938	0.20655	0.02583	0.01862	0.02846	0.05873	0.02243	0.01608	0.00845	0.00854	0.00275	0.01183	0.00795	0.00439	0.01141
18	0.01903	0.03214	0.34281	0.03744	0.31022	0.02007	0.06386	0.02660	0.01872	0.02735	0.01572	0.01965	0.01211	0.00781	0.00835	0.00263	0.01158	0.00709	0.00391	0.01291
19	0.01046	0.00748	0.00996	0.01178	0.01236	0.00698	0.00791	0.01209	0.01674	0.02244	0.08129	0.65895	0.05767	0.02613	0.01081	0.00341	0.00488	0.02369	0.00798	0.00698
20	0.02925	0.03068	0.13033	0.07984	0.03010	0.25415	0.01880	0.13942	0.02537	0.15267	0.01903	0.02006	0.01359	0.00924	0.00814	0.00249	0.01184	0.00681	0.00616	0.01203
21	0.06132	0.02295	0.07172	0.03749	0.28579	0.05845	0.20453	0.02885	0.04616	0.07298	0.01801	0.02177	0.01386	0.00795	0.00871	0.00265	0.01133	0.00814	0.00491	0.01245
22	0.01188	0.01405	0.11973	0.01413	0.01706	0.00994	0.01239	0.01517	0.01620	0.02225	0.03885	0.39009	0.08122	0.03153	0.15792	0.00559	0.01020	0.01736	0.00642	0.00804
23	0.06755	0.03037	0.02577	0.06701	0.02926	0.33626	0.07027	0.15292	0.08476	0.03053	0.01715	0.01908	0.01324	0.00913	0.00808	0.00246	0.01246	0.00683	0.00564	0.01124
24	0.16970	0.04729	0.05317	0.01978	0.12373	0.01496	0.05403	0.02002	0.01772	0.02746	0.09068	0.04160	0.16278	0.10729	0.01305	0.00343	0.00763	0.01065	0.00582	0.00922
25	0.01852	0.02001	0.07537	0.16205	0.02836	0.13781	0.01537	0.02261	0.01957	0.05117	0.08398	0.05781	0.11120	0.01563	0.05381	0.00330	0.01023	0.00982	0.04300	0.06038
26	0.01825	0.10283	0.07664	0.01498	0.01930	0.04544	0.01285	0.13107	0.02148	0.02795	0.03489	0.21534	0.11340	0.06261	0.01188	0.00313	0.03148	0.01324	0.00651	0.03671

[dist]
# distance from previous block
# <min> <max>
26	128

[block]
# block no. 4 follows, 21 sequences, length 95
# corresponding to MSA columns:
# 279-373
name=unknown_E
#
# <colnr> <probs for GDERKNQSTAVLIFYWHMCP>
#	G	D	E	R	K	N	Q	S	T	A	V	L	I	F	Y	W	H	M	C	P
0	0.05331	0.02175	0.01957	0.02028	0.08522	0.21042	0.01394	0.02866	0.15254	0.02510	0.02058	0.02453	0.01713	0.02110	0.12256	0.09474	0.01233	0.00752	0.03892	0.00979
1	0.02134	0.02303	0.10539	0.04270	0.46161	0.02068	0.02460	0.06732	0.09270	0.03031	0.01840	0.02191	0.01470	0.00828	0.00842	0.00259	0.00995	0.00768	0.00494	0.01344
2	0.11312	0.02237	0.05313	0.03113	0.26537	0.05833	0.01937	0.15719	0.13285	0.03555	0.01959	0.02151	0.01515	0.00898	0.00805	0.00260	0.00933	0.00743	0.00604	0.01293
3	0.02076	0.01991	0.03399	0.09044	0.61200	0.02014	0.02597	0.02585	0.01923	0.02743	0.01595	0.02116	0.01335	0.00764	0.00843	0.00255	0.01019	0.00758	0.00419	0.01324
4	0.01615	0.01707	0.01324	0.01274	0.01587	0.18011	0.00968	0.01858	0.02103	0.02349	0.10965	0.06391	0.39372	0.01800	0.00954	0.00275	0.00741	0.05198	0.00710	0.00800
5	0.03142	0.03526	0.02424	0.02111	0.02613	0.47370	0.01623	0.18247	0.05758	0.02983	0.01603	0.01743	0.01258	0.00927	0.00793	0.00232	0.01342	0.00623	0.00563	0.01120
6	0.01216	0.00912	0.01368	0.01368	0.01520	0.01064	0.01064	0.01520	0.01368	0.01976	0.02279	0.03343	0.02127	0.06382	0.66720	0.01368	0.02279	0.00912	0.00456	0.00760
7	0.02277	0.01370	0.01645	0.01412	0.01846	0.01378	0.01112	0.05787	0.19697	0.20885	0.24710	0.04377	0.07089	0.01368	0.00917	0.00273	0.00594	0.01161	0.00939	0.01163
8	0.02106	0.02022	0.03454	0.05223	0.64784	0.02022	0.02612	0.02612	0.01938	0.02780	0.01601	0.02106	0.01348	0.00758	0.00842	0.00253	0.01011	0.00758	0.00421	0.01348
9	0.01100	0.00773	0.00998	0.01153	0.01200	0.00738	0.00766	0.01231	0.01565	0.02083	0.04246	0.52105	0.05038	0.17179	0.01791	0.00452	0.00583	0.05609	0.00730	0.00659
10	0.01872	0.01645	0.01708	0.01576	0.01874	0.08734	0.01221	0.02710	0.19040	0.06375	0.03774	0.11411	0.12973	0.02193	0.09795	0.00438	0.09785	0.01186	0.00690	0.00999
11	0.02106	0.02022	0.03454	0.05223	0.64784	0.02022	0.02612	0.02612	0.01938	0.02780	0.01601	0.02106	0.01348	0.00758	0.00842	0.00253	0.01011	0.00758	0.00421	0.01348
12	0.01028	0.00821	0.00921	0.00985	0.01186	0.00714	0.00705	0.01232	0.01862	0.02322	0.10603	0.29035	0.40985	0.02305	0.01033	0.00306	0.00451	0.01994	0.00799	0.00714
13	0.01478	0.00739	0.01109	0.01109	0.01109	0.00739	0.00739	0.01109	0.01109	0.01478	0.01478	0.02587	0.01478	0.02956	0.03326	0.75240	0.00739	0.00739	0.00370	0.00370
14	0.01829	0.18607	0.52546	0.02218	0.03362	0.02275	0.02782	0.02664	0.01782	0.02546	0.01453	0.01704	0.01081	0.00791	0.00752	0.00251	0.01183	0.00592	0.00360	0.01222
15	0.05815	0.01653	0.01775	0.01544	0.01970	0.01814	0.01207	0.25310	0.15769	0.03901	0.02995	0.17514	0.02701	0.01403	0.00858	0.00276	0.00697	0.01167	0.10487	0.01146
16	0.01233	0.00844	0.01022	0.01022	0.01055	0.00876	0.00633	0.01298	0.01265	0.01720	0.02595	0.05091	0.02887	0.56422	0.17718	0.00941	0.01137	0.01168	0.00503	0.00568
17	0.01037	0.00741	0.00987	0.01185	0.01234	0.00691	0.00790	0.01185	0.01629	0.02172	0.04690	0.69537	0.05629	0.02666	0.01086	0.00346	0.00494	0.02419	0.00790	0.00691
18	0.01793	0.01314	0.01551	0.01373	0.01585	0.01459	0.01005	0.17243	0.01994	0.02718	0.02332	0.03933	0.02331	0.33831	0.17139	0.00769	0.05198	0.01013	0.00582	0.00838
19	0.01642	0.01529	0.02125	0.01885	0.01911	0.02049	0.01517	0.01823	0.01320	0.01993	0.01662	0.05650	0.01731	0.10820	0.13247	0.00588	0.46335	0.00909	0.00423	0.00841
20	0.02106	0.02022	0.03454	0.05223	0.64784	0.02022	0.02612	0.02612	0.01938	0.02780	0.01601	0.02106	0.01348	0.00758	0.00842	0.00253	0.01011	0.00758	0.00421	0.01348
21	0.01648	0.03986	0.58088	0.02266	0.03399	0.01838	0.02869	0.02567	0.01869	0.02779	0.08917	0.02333	0.01896	0.00918	0.00831	0.00269	0.01157	0.00736	0.00427	0.01204
22	0.02032	0.02004	0.03139	0.22561	0.44570	0.05917	0.02484	0.02538	0.01901	0.02569	0.01559	0.02117	0.01273	0.00791	0.00840	0.00259	0.01077	0.00745	0.00410	0.01214
23	0.02835	0.03322	0.02582	0.02778	0.15901	0.44694	0.01815	0.06952	0.02352	0.02441	0.01482	0.01799	0.01235	0.01190	0.04725	0.00297	0.01428	0.00629	0.00463	0.01081
24	0.02932	0.03666	0.02900	0.02566	0.05776	0.52825	0.11831	0.03249	0.02322	0.02223	0.01397	0.01689	0.01141	0.00845	0.00811	0.00232	0.01494	0.00635	0.00436	0.01030
25	0.01164	0.00904	0.01180	0.08921	0.01740	0.00883	0.00920	0.01434	0.01892	0.02502	0.21909	0.23546	0.18978	0.08572	0.01330	0.00349	0.00561	0.01718	0.00757	0.00742
26	0.02039	0.02424	0.13965	0.04751	0.54464	0.02014	0.02702	0.02626	0.01914	0.02766	0.01588	0.02054	0.01302	0.00767	0.00837	0.00256	0.01053	0.00736	0.00411	0.01333
27	0.01707	0.04402	0.65683	0.02426	0.03683	0.01976	0.03144	0.02695	0.01797	0.02695	0.01527	0.01797	0.01078	0.00809	0.00809	0.00270	0.01258	0.00629	0.00359	0.01258
28	0.01793	0.03891	0.52331	0.03026	0.16794	0.01986	0.03030	0.02677	0.01827	0.02713	0.01543	0.01863	0.01136	0.00798	0.00816	0.00266	0.01205	0.00657	0.00373	0.01277
29	0.01958	0.01847	0.03130	0.10278	0.52174	0.01898	0.02408	0.02445	0.01850	0.02632	0.01673	0.02266	0.01421	0.01428	0.08594	0.00387	0.01171	0.00776	0.00422	0.01243
30	0.04318	0.01058	0.01135	0.01078	0.01383	0.01025	0.00820	0.01936	0.12282	0.02896	0.23676	0.06542	0.35106	0.01812	0.00962	0.00281	0.00472	0.01528	0.00835	0.00856
31	0.01443	0.01147	0.01403	0.01366	0.01520	0.05392	0.01048	0.01703	0.01469	0.02105	0.02196	0.03189	0.02025	0.07966	0.44234	0.04253	0.05803	0.00871	0.10106	0.00760
32	0.01252	0.00894	0.01128	0.08863	0.01553	0.00931	0.00773	0.01340	0.01350	0.01788	0.02838	0.14549	0.03235	0.52070	0.03447	0.00691	0.00813	0.01354	0.00540	0.00592
33	0.01707	0.04402	0.65683	0.02426	0.03683	0.01976	0.03144	0.02695	0.01797	0.02695	0.01527	0.01797	0.01078	0.00809	0.00809	0.00270	0.01258	0.00629	0.00359	0.01258
34	0.01049	0.00876	0.00922	0.00945	0.01222	0.00749	0.00732	0.01285	0.01942	0.02328	0.08137	0.08356	0.57433	0.02178	0.01026	0.00300	0.00473	0.08533	0.00789	0.00726
35	0.01057	0.00756	0.01005	0.01171	0.01239	0.00704	0.00791	0.01234	0.01721	0.02318	0.11708	0.62103	0.05911	0.02557	0.01076	0.00336	0.00483	0.02316	0.00807	0.00704
36	0.01943	0.01855	0.03159	0.25786	0.45498	0.01979	0.02530	0.02469	0.01860	0.02582	0.01572	0.02159	0.01278	0.00789	0.00845	0.00263	0.01051	0.00758	0.00407	0.01216
37	0.02120	0.02146	0.03132	0.18837	0.44440	0.09528	0.02444	0.02606	0.01940	0.02564	0.01548	0.02076	0.01271	0.00793	0.00836	0.00256	0.01099	0.00733	0.00414	0.01216
38	0.02283	0.02135	0.01847	0.01681	0.02031	0.18602	0.01260	0.18633	0.06496	0.03083	0.02881	0.25078	0.02947	0.05672	0.01118	0.00313	0.00919	0.01311	0.00703	0.01008
39	0.01238	0.00825	0.00928	0.00928	0.00928	0.00825	0.00516	0.01238	0.01238	0.01650	0.02681	0.05569	0.03094	0.70092	0.04331	0.00825	0.00825	0.01238	0.00516	0.00516
40	0.01037	0.00741	0.00987	0.01185	0.01234	0.00691	0.00790	0.01185	0.01629	0.02172	0.04690	0.69537	0.05629	0.02666	0.01086	0.00346	0.00494	0.02419	0.00790	0.00691
41	0.02096	0.02055	0.03301	0.12477	0.55013	0.04959	0.02538	0.02596	0.01932	0.02677	0.01577	0.02099	0.01311	0.00775	0.00840	0.00255	0.01049	0.00748	0.00417	0.01284
42	0.03194	0.01405	0.01870	0.01516	0.02071	0.01322	0.01232	0.03763	0.09417	0.47761	0.03194	0.03002	0.02168	0.01934	0.11599	0.00446	0.00972	0.00877	0.00934	0.01324
43	0.02051	0.03393	0.32393	0.02512	0.03484	0.09501	0.16674	0.06323	0.02050	0.02803	0.01579	0.01897	0.01175	0.00787	0.00832	0.00250	0.01239	0.00703	0.00433	0.09923
44	0.01226	0.00820	0.00932	0.00943	0.00946	0.00817	0.00532	0.01234	0.01261	0.01681	0.02801	0.09387	0.03245	0.66068	0.04138	0.00796	0.00805	0.01308	0.00532	0.00526
45	0.01238	0.00825	0.00928	0.00928	0.00928	0.00825	0.00516	0.01238	0.01238	0.01650	0.02681	0.05569	0.03094	0.70092	0.04331	0.00825	0.00825	0.01238	0.00516	0.00516
46	0.21186	0.03680	0.48813	0.02083	0.03150	0.01959	0.02562	0.02644	0.01705	0.02989	0.01438	0.01688	0.01037	0.00804	0.00735	0.00268	0.01101	0.00585	0.00403	0.01170
47	0.01896	0.02510	0.19474	0.04002	0.41313	0.01867	0.02538	0.02515	0.01956	0.02832	0.08963	0.02525	0.02063	0.00887	0.00853	0.00259	0.01004	0.00816	0.00466	0.01260
48	0.03179	0.04056	0.02412	0.02192	0.02631	0.66676	0.01644	0.03398	0.02412	0.02083	0.01315	0.01535	0.01096	0.00877	0.00767	0.00219	0.01535	0.00548	0.00438	0.00987
49	0.02106	0.02022	0.03454	0.05223	0.64784	0.02022	0.02612	0.02612	0.01938	0.02780	0.01601	0.02106	0.01348	0.00758	0.00842	0.00253	0.01011	0.00758	0.00421	0.01348
50	0.02106	0.02022	0.03454	0.05223	0.64784	0.02022	0.02612	0.02612	0.01938	0.02780	0.01601	0.02106	0.01348	0.00758	0.00842	0.00253	0.01011	0.00758	0.00421	0.01348
51	0.02200	0.02271	0.03138	0.14890	0.45118	0.12545	0.02414	0.02669	0.01977	0.02568	0.01540	0.02039	0.01272	0.00793	0.00832	0.00252	0.01116	0.00724	0.00417	0.01224
52	0.02275	0.70604	0.04459	0.01456	0.02184	0.03367	0.01456	0.02548	0.01729	0.02002	0.01183	0.01365	0.01092	0.00728	0.00546	0.00182	0.00910	0.00455	0.00364	0.01092
53	0.01238	0.00825	0.00928	0.00928	0.00928	0.00825	0.00516	0.01238	0.01238	0.01650	0.02681	0.05569	0.03094	0.70092	0.04331	0.00825	0.00825	0.01238	0.00516	0.00516
54	0.01672	0.02460	0.20432	0.02643	0.03399	0.01722	0.29854	0.02314	0.01852	0.02573	0.02446	0.19765	0.02369	0.01252	0.00973	0.00298	0.01140	0.01273	0.00505	0.01058
55	0.01238	0.00825	0.00928	0.00928	0.00928	0.00825	0.00516	0.01238	0.01238	0.01650	0.02681	0.05569	0.03094	0.70092	0.04331	0.00825	0.00825	0.01238	0.00516	0.00516
56	0.01238	0.00825	0.00928	0.00928	0.00928	0.00825	0.00516	0.01238	0.01238	0.01650	0.02681	0.05569	0.03094	0.70092	0.04331	0.00825	0.00825	0.01238	0.00516	0.00516
57	0.01707	0.04402	0.65683	0.02426	0.03683	0.01976	0.03144	0.02695	0.01797	0.02695	0.01527	0.01797	0.01078	0.00809	0.00809	0.00270	0.01258	0.00629	0.00359	0.01258
58	0.03121	0.03859	0.02429	0.02181	0.02613	0.60068	0.01653	0.06666	0.02451	0.02268	0.01348	0.01579	0.01117	0.00914	0.00866	0.00228	0.04602	0.00570	0.00459	0.01010
59	0.01006	0.00862	0.00862	0.00862	0.01149	0.00718	0.00647	0.01221	0.01940	0.02299	0.08621	0.08190	0.64438	0.02155	0.01006	0.00287	0.00431	0.01796	0.00790	0.00718
60	0.01037	0.00741	0.00987	0.01185	0.01234	0.00691	0.00790	0.01185	0.01629	0.02172	0.04690	0.69537	0.05629	0.02666	0.01086	0.00346	0.00494	0.02419	0.00790	0.00691
61	0.02241	0.02088	0.01981	0.01786	0.02262	0.09641	0.01382	0.04391	0.56156	0.03388	0.03213	0.02984	0.02423	0.01122	0.00854	0.00281	0.00774	0.00914	0.00816	0.01305
62	0.03172	0.06851	0.02679	0.01925	0.02609	0.02687	0.01607	0.58056	0.03852	0.05143	0.01987	0.01999	0.01424	0.01002	0.00831	0.00251	0.00935	0.00746	0.00819	0.01424
63	0.01171	0.00841	0.01083	0.01232	0.01320	0.00810	0.00840	0.04880	0.01774	0.02366	0.04529	0.65432	0.05374	0.02566	0.01072	0.00340	0.00521	0.02319	0.00794	0.00737
64	0.01037	0.00741	0.00987	0.01185	0.01234	0.00691	0.00790	0.01185	0.01629	0.02172	0.04690	0.69537	0.05629	0.02666	0.01086	0.00346	0.00494	0.02419	0.00790	0.00691
65	0.01037	0.00741	0.00987	0.01185	0.01234	0.00691	0.00790	0.01185	0.01629	0.02172	0.04690	0.69537	0.05629	0.02666	0.01086	0.00346	0.00494	0.02419	0.00790	0.00691
66	0.01943	0.01855	0.03159	0.25786	0.45498	0.01979	0.02530	0.02469	0.01860	0.02582	0.01572	0.02159	0.01278	0.00789	0.00845	0.00263	0.01051	0.00758	0.00407	0.01216
67	0.02004	0.01655	0.01893	0.01374	0.02118	0.01380	0.01108	0.11896	0.02129	0.03195	0.01599	0.01810	0.01291	0.00694	0.00666	0.00147	0.00680	0.00547	0.00561	0.63251
68	0.06894	0.19234	0.06522	0.01923	0.02421	0.13171	0.01692	0.15306	0.02204	0.02896	0.01392	0.01694	0.01165	0.01023	0.01250	0.00263	0.18728	0.00623	0.00492	0.01108
69	0.01006	0.00862	0.00862	0.00862	0.01149	0.00718	0.00647	0.01221	0.01940	0.02299	0.08621	0.08190	0.64438	0.02155	0.01006	0.00287	0.00431	0.01796	0.00790	0.00718
70	0.01238	0.00825	0.00928	0.00928	0.00928	0.00825	0.00516	0.01238	0.01238	0.01650	0.02681	0.05569	0.03094	0.70092	0.04331	0.00825	0.00825	0.01238	0.00516	0.00516
71	0.01006	0.00862	0.00862	0.00862	0.01149	0.00718	0.00647	0.01221	0.01940	0.02299	0.08621	0.08190	0.64438	0.02155	0.01006	0.00287	0.00431	0.01796	0.00790	0.00718
72	0.03204	0.03309	0.02475	0.02088	0.02635	0.38091	0.01632	0.29533	0.03121	0.03547	0.01640	0.01762	0.01253	0.00942	0.00805	0.00235	0.01268	0.00645	0.00623	0.01192
73	0.01376	0.00908	0.01192	0.01100	0.01330	0.00832	0.00832	0.01772	0.02411	0.07470	0.60341	0.06130	0.07642	0.01695	0.00994	0.00267	0.00423	0.01494	0.00944	0.00845
74	0.01037	0.00741	0.00987	0.01185	0.01234	0.00691	0.00790	0.01185	0.01629	0.02172	0.04690	0.69537	0.05629	0.02666	0.01086	0.00346	0.00494	0.02419	0.00790	0.00691
75	0.03179	0.04056	0.02412	0.02192	0.02631	0.66676	0.01644	0.03398	0.02412	0.02083	0.01315	0.01535	0.01096	0.00877	0.00767	0.00219	0.01535	0.00548	0.00438	0.00987
76	0.02587	0.02179	0.02077	0.01762	0.02225	0.12515	0.01378	0.34495	0.03087	0.03957	0.06098	0.18279	0.02760	0.01430	0.00902	0.00272	0.00898	0.01168	0.00774	0.01155
77	0.01037	0.00741	0.00987	0.01185	0.01234	0.00691	0.00790	0.01185	0.01629	0.02172	0.04690	0.69537	0.05629	0.02666	0.01086	0.00346	0.00494	0.02419	0.00790	0.00691
78	0.01524	0.01364	0.01958	0.01780	0.01860	0.01799	0.01444	0.01771	0.01337	0.02010	0.01726	0.02638	0.01646	0.04052	0.36266	0.00894	0.33843	0.00832	0.00416	0.00841
79	0.02300	0.01590	0.01710	0.01422	0.01807	0.01715	0.01094	0.31611	0.02752	0.03860	0.02476	0.06174	0.02186	0.17310	0.01622	0.00381	0.00770	0.00958	0.17214	0.01049
80	0.01098	0.00858	0.00946	0.00928	0.01143	0.00759	0.00665	0.01325	0.01940	0.02477	0.22170	0.07252	0.38945	0.13923	0.01587	0.00376	0.00492	0.01631	0.00781	0.00705
81	0.01238	0.00825	0.00928	0.00928	0.00928	0.00825	0.00516	0.01238	0.01238	0.01650	0.02681	0.05569	0.03094	0.70092	0.04331	0.00825	0.00825	0.01238	0.00516	0.00516
82	0.01229	0.00821	0.00931	0.00940	0.00942	0.00819	0.00528	0.01235	0.01255	0.01673	0.02770	0.08393	0.03206	0.67116	0.04188	0.00804	0.00810	0.01290	0.00528	0.00523
83	0.02243	0.32628	0.02995	0.01563	0.02077	0.16815	0.01345	0.06004	0.02142	0.02521	0.14878	0.02630	0.02663	0.01325	0.04568	0.00282	0.01022	0.00754	0.00538	0.01008
84	0.02571	0.01901	0.02192	0.07451	0.02617	0.02018	0.01484	0.34419	0.05770	0.06900	0.07682	0.02986	0.02279	0.01111	0.00857	0.00252	0.00834	0.04628	0.00776	0.11271
85	0.01803	0.01595	0.02424	0.05568	0.17145	0.01534	0.08549	0.05829	0.04637	0.02775	0.05876	0.09271	0.02400	0.09591	0.01283	0.00313	0.00856	0.01008	0.00562	0.16980
86	0.01256	0.00918	0.01166	0.01166	0.01346	0.00884	0.00852	0.05033	0.02148	0.02951	0.33067	0.27628	0.10175	0.02305	0.04761	0.00357	0.00574	0.01775	0.00845	0.00795
87	0.14922	0.04468	0.01813	0.01425	0.01874	0.04910	0.01158	0.14447	0.02170	0.03347	0.02530	0.02719	0.08722	0.01092	0.00954	0.00243	0.08682	0.00777	0.12708	0.11039
88	0.10493	0.05904	0.01767	0.01461	0.01755	0.01652	0.01145	0.11698	0.05815	0.03111	0.11097	0.25678	0.03706	0.01697	0.01121	0.00300	0.08542	0.01389	0.00717	0.00951
89	0.02596	0.02343	0.03238	0.02622	0.06594	0.06327	0.18162	0.27962	0.06803	0.03785	0.01870	0.02138	0.01414	0.00978	0.01117	0.00278	0.09050	0.00828	0.00631	0.01264
90	0.02406	0.02472	0.02150	0.01782	0.02297	0.24987	0.04231	0.12262	0.02513	0.03082	0.15018	0.02738	0.02686	0.01025	0.00814	0.00219	0.00996	0.00809	0.00626	0.16888
91	0.15363	0.14037	0.02607	0.07766	0.15754	0.02125	0.01577	0.11687	0.02062	0.03157	0.01630	0.02038	0.01346	0.03765	0.00851	0.00256	0.00850	0.00654	0.05376	0.07100
92	0.04794	0.01942	0.05345	0.07675	0.09985	0.09220	0.11765	0.02264	0.01933	0.02578	0.07967	0.03788	0.08816	0.01545	0.05292	0.00348	0.03776	0.06277	0.00543	0.04147
93	0.02119	0.01604	0.02178	0.02718	0.22665	0.05669	0.01652	0.02578	0.04698	0.13313	0.06188	0.12007	0.05672	0.01454	0.00945	0.00292	0.00826	0.11618	0.00699	0.01109
94	0.02064	0.02079	0.02236	0.01988	0.06082	0.15443	0.08373	0.07659	0.05692	0.02818	0.07039	0.08583	0.11101	0.01219	0.00864	0.00243	0.00917	0.01043	0.00619	0.13938

[dist]
# distance from previous block
# <min> <max>
9	103

[block]
# block no. 5 follows, 21 sequences, length 46
# corresponding to MSA columns:
# 487-532
name=unknown_F
#
# <colnr> <probs for GDERKNQSTAVLIFYWHMCP>
#	G	D	E	R	K	N	Q	S	T	A	V	L	I	F	Y	W	H	M	C	P
0	0.01679	0.14122	0.22584	0.01732	0.02326	0.08192	0.01748	0.02126	0.01779	0.02303	0.02735	0.29278	0.02935	0.01558	0.00873	0.00281	0.00915	0.01320	0.00543	0.00972
1	0.01576	0.01885	0.13336	0.01532	0.02063	0.01488	0.01429	0.02755	0.24465	0.02857	0.05058	0.05277	0.24885	0.01554	0.00932	0.00293	0.00704	0.06118	0.00737	0.01055
2	0.02448	0.04918	0.02369	0.02465	0.16908	0.14734	0.01594	0.18572	0.02555	0.03336	0.02442	0.02644	0.06796	0.01010	0.00790	0.00238	0.00936	0.00801	0.13299	0.01145
3	0.05772	0.01871	0.13448	0.01521	0.02037	0.01415	0.01387	0.10697	0.02050	0.16462	0.02767	0.07828	0.05239	0.14291	0.01755	0.07939	0.00840	0.00997	0.00670	0.01015
4	0.02065	0.02138	0.04120	0.04528	0.39162	0.02077	0.27700	0.02660	0.01968	0.02757	0.01652	0.02187	0.01324	0.00741	0.00911	0.00267	0.01191	0.00863	0.00425	0.01263
5	0.01039	0.00869	0.00909	0.00914	0.01190	0.00738	0.00695	0.01278	0.01977	0.02397	0.12676	0.08121	0.57130	0.02133	0.01014	0.00291	0.00447	0.04655	0.00801	0.00728
6	0.01607	0.01513	0.02552	0.68047	0.05861	0.01891	0.02363	0.02174	0.01702	0.02174	0.01513	0.02269	0.01134	0.00851	0.00851	0.00284	0.01134	0.00756	0.00378	0.00945
7	0.01701	0.01608	0.02722	0.56270	0.16907	0.01915	0.02410	0.02256	0.01746	0.02288	0.01529	0.02238	0.01174	0.00833	0.00849	0.00278	0.01111	0.00757	0.00386	0.01021
8	0.01216	0.00912	0.01368	0.01368	0.01520	0.01064	0.01064	0.01520	0.01368	0.01976	0.02279	0.03343	0.02127	0.06382	0.66720	0.01368	0.02279	0.00912	0.00456	0.00760
9	0.01029	0.00858	0.00869	0.00869	0.01127	0.00729	0.00633	0.01223	0.01869	0.02233	0.08022	0.07926	0.58250	0.09009	0.01341	0.00342	0.00471	0.01740	0.00763	0.00698
10	0.01037	0.00741	0.00987	0.01185	0.01234	0.00691	0.00790	0.01185	0.01629	0.02172	0.04690	0.69537	0.05629	0.02666	0.01086	0.00346	0.00494	0.02419	0.00790	0.00691
11	0.03095	0.03685	0.02517	0.02421	0.07891	0.53596	0.01723	0.10288	0.02560	0.02532	0.01426	0.01643	0.01159	0.00884	0.00784	0.00226	0.01419	0.00592	0.00486	0.01072
12	0.01216	0.00912	0.01368	0.01368	0.01520	0.01064	0.01064	0.01520	0.01368	0.01976	0.02279	0.03343	0.02127	0.06382	0.66720	0.01368	0.02279	0.00912	0.00456	0.00760
13	0.01031	0.00763	0.00964	0.01125	0.01219	0.00696	0.00763	0.01192	0.01687	0.02196	0.05421	0.58142	0.16552	0.02571	0.01071	0.00335	0.00482	0.02304	0.00790	0.00696
14	0.01238	0.00825	0.00928	0.00928	0.00928	0.00825	0.00516	0.01238	0.01238	0.01650	0.02681	0.05569	0.03094	0.70092	0.04331	0.00825	0.00825	0.01238	0.00516	0.00516
15	0.03179	0.04056	0.02412	0.02192	0.02631	0.66676	0.01644	0.03398	0.02412	0.02083	0.01315	0.01535	0.01096	0.00877	0.00767	0.00219	0.01535	0.00548	0.00438	0.00987
16	0.01356	0.01129	0.01227	0.01214	0.01534	0.01122	0.00959	0.02161	0.17526	0.02665	0.06546	0.07177	0.37660	0.01937	0.01002	0.00307	0.00558	0.12220	0.00808	0.00890
17	0.01218	0.00904	0.01330	0.01330	0.01470	0.01044	0.01017	0.01496	0.01357	0.01948	0.02313	0.03532	0.02209	0.11774	0.61441	0.01322	0.02156	0.00939	0.00461	0.00739
18	0.01216	0.00912	0.01368	0.01368	0.01520	0.01064	0.01064	0.01520	0.01368	0.01976	0.02279	0.03343	0.02127	0.06382	0.66720	0.01368	0.02279	0.00912	0.00456	0.00760
19	0.01707	0.04402	0.65683	0.02426	0.03683	0.01976	0.03144	0.02695	0.01797	0.02695	0.01527	0.01797	0.01078	0.00809	0.00809	0.00270	0.01258	0.00629	0.00359	0.01258
20	0.02072	0.01987	0.03392	0.09555	0.60721	0.02013	0.02595	0.02582	0.01921	0.02738	0.01595	0.02117	0.01333	0.00765	0.00843	0.00255	0.01020	0.00758	0.00418	0.01320
21	0.01479	0.01299	0.01872	0.01720	0.01811	0.01692	0.01389	0.01735	0.01341	0.02005	0.01806	0.02740	0.01716	0.04391	0.40695	0.00962	0.29252	0.00844	0.00422	0.00829
22	0.01047	0.00847	0.00930	0.00945	0.01184	0.00730	0.00695	0.01287	0.01984	0.02488	0.18385	0.16249	0.45957	0.02148	0.01016	0.00292	0.00434	0.01834	0.00817	0.00730
23	0.72088	0.01635	0.01291	0.01141	0.01675	0.01873	0.00940	0.02593	0.01503	0.07237	0.01306	0.01467	0.00987	0.00805	0.00545	0.00263	0.00662	0.00483	0.00556	0.00951
24	0.01037	0.00741	0.00987	0.01185	0.01234	0.00691	0.00790	0.01185	0.01629	0.02172	0.04690	0.69537	0.05629	0.02666	0.01086	0.00346	0.00494	0.02419	0.00790	0.00691
25	0.02039	0.02337	0.10162	0.04492	0.42067	0.02053	0.18874	0.02651	0.01943	0.02757	0.01626	0.02127	0.01305	0.00752	0.00883	0.00264	0.01152	0.00813	0.00418	0.01284
