[name]
unknown

[dist]
# distance from previous block
# <min> <max>
0	9

[block]
# block no. 0 follows, 22 sequences, length 8
# corresponding to MSA columns:
# 9-16
name=unknown_A
#
# <colnr> <probs for GDERKNQSTAVLIFYWHMCP>
#	G	D	E	R	K	N	Q	S	T	A	V	L	I	F	Y	W	H	M	C	P
0	0.01339	0.00956	0.01339	0.01530	0.01721	0.00956	0.01339	0.01721	0.01912	0.02486	0.04399	0.09371	0.04781	0.02295	0.01147	0.00382	0.00765	0.60031	0.00765	0.00765
1	0.01924	0.35455	0.37602	0.01928	0.02915	0.02561	0.02303	0.02564	0.01723	0.02316	0.01335	0.01558	0.01059	0.00753	0.00670	0.00223	0.01070	0.00535	0.00353	0.01153
2	0.08797	0.03576	0.46327	0.02506	0.03578	0.01962	0.16421	0.02620	0.01769	0.02741	0.01503	0.01827	0.01085	0.00767	0.00807	0.00266	0.01212	0.00682	0.00382	0.01172
3	0.01779	0.14122	0.52354	0.02437	0.08160	0.02135	0.02783	0.02603	0.01755	0.02536	0.01446	0.01714	0.01075	0.00774	0.00754	0.00249	0.01159	0.00598	0.00356	0.01210
4	0.02807	0.08216	0.02748	0.02735	0.16894	0.40199	0.01804	0.10133	0.02384	0.02562	0.01422	0.01672	0.01166	0.00836	0.00760	0.00223	0.01268	0.00600	0.00467	0.01104
5	0.01666	0.04297	0.66500	0.02368	0.03596	0.01929	0.03069	0.02631	0.01754	0.02631	0.01491	0.01754	0.01052	0.00789	0.00789	0.00263	0.01228	0.00614	0.00351	0.01228
6	0.02154	0.02246	0.02962	0.09040	0.45329	0.14315	0.02238	0.02582	0.01962	0.02513	0.01913	0.02317	0.05078	0.00850	0.00819	0.00245	0.01059	0.00762	0.00433	0.01183
7	0.05615	0.07120	0.02928	0.08147	0.29988	0.12941	0.02032	0.11460	0.02169	0.02871	0.01495	0.01869	0.01223	0.00853	0.00911	0.00248	0.05806	0.00673	0.00470	0.01180

[dist]
# distance from previous block
# <min> <max>
0	8

[block]
# block no. 1 follows, 22 sequences, length 134
# corresponding to MSA columns:
# 25-158
name=unknown_B
#
# <colnr> <probs for GDERKNQSTAVLIFYWHMCP>
#	G	D	E	R	K	N	Q	S	T	A	V	L	I	F	Y	W	H	M	C	P
0	0.05801	0.02713	0.29411	0.02961	0.22235	0.01730	0.02418	0.02399	0.01812	0.02685	0.02121	0.03467	0.01929	0.01098	0.00862	0.00283	0.01022	0.13449	0.00468	0.01137
1	0.23010	0.06594	0.28587	0.02651	0.18738	0.01996	0.02234	0.02549	0.01689	0.02925	0.01396	0.01693	0.01077	0.00767	0.00706	0.00253	0.00982	0.00590	0.00413	0.01149
2	0.01860	0.02366	0.16640	0.18810	0.36436	0.01941	0.05073	0.02475	0.01813	0.02561	0.01533	0.02035	0.01211	0.00769	0.00824	0.00258	0.01082	0.00723	0.00389	0.01201
3	0.01736	0.01396	0.01987	0.02489	0.22525	0.01378	0.01480	0.02309	0.08728	0.07430	0.03996	0.04382	0.19248	0.01916	0.08883	0.00394	0.00897	0.04284	0.00631	0.03911
4	0.01485	0.01516	0.09246	0.01587	0.01960	0.01314	0.01442	0.02334	0.15186	0.02593	0.03635	0.05829	0.06799	0.02623	0.14033	0.00527	0.01064	0.25227	0.00670	0.00931
5	0.01882	0.01749	0.02662	0.10001	0.38425	0.01829	0.02030	0.02747	0.15281	0.02765	0.02769	0.03009	0.09236	0.00996	0.00847	0.00261	0.00860	0.00904	0.00544	0.01204
6	0.36509	0.15304	0.02236	0.04050	0.02168	0.15071	0.01272	0.09860	0.01958	0.03180	0.01294	0.01486	0.01034	0.00806	0.00614	0.00233	0.00907	0.00512	0.00500	0.01006
7	0.01157	0.00868	0.01051	0.01089	0.01251	0.00824	0.00783	0.01509	0.05433	0.02524	0.21972	0.24559	0.17352	0.10332	0.01396	0.00361	0.00512	0.05511	0.00783	0.00733
8	0.00997	0.00832	0.00853	0.00864	0.01114	0.00706	0.00632	0.01191	0.01834	0.02199	0.07837	0.11545	0.57960	0.06291	0.01183	0.00316	0.00448	0.01756	0.00755	0.00688
9	0.02128	0.02162	0.03139	0.12376	0.50570	0.10126	0.02403	0.02594	0.01922	0.02558	0.01518	0.02006	0.01260	0.00765	0.00814	0.00246	0.01065	0.00714	0.00408	0.01225
10	0.02287	0.02269	0.02777	0.17740	0.30886	0.16666	0.02131	0.02833	0.05741	0.06256	0.01693	0.02074	0.01333	0.00826	0.00810	0.00249	0.01091	0.00711	0.00469	0.01157
11	0.01842	0.02261	0.15411	0.08319	0.41755	0.01814	0.02423	0.02419	0.01904	0.02732	0.09178	0.02505	0.02033	0.00871	0.00835	0.00254	0.00971	0.00807	0.00457	0.01209
12	0.01243	0.00842	0.01094	0.01094	0.01191	0.00913	0.00770	0.01435	0.01339	0.01958	0.02442	0.04089	0.02452	0.30722	0.34048	0.00979	0.01430	0.00999	0.10308	0.00653
13	0.01228	0.00848	0.01123	0.01123	0.01220	0.00927	0.00796	0.01421	0.01324	0.01915	0.02416	0.04064	0.02435	0.29974	0.37697	0.01033	0.01526	0.00999	0.07274	0.00655
14	0.01019	0.00834	0.00903	0.00934	0.01175	0.00718	0.00699	0.01242	0.01886	0.02313	0.11378	0.15724	0.50635	0.02151	0.01001	0.00292	0.00446	0.05164	0.00780	0.00707
15	0.01754	0.01231	0.01350	0.01187	0.01373	0.01301	0.00804	0.18456	0.01963	0.02625	0.02443	0.04473	0.02570	0.51272	0.03278	0.00650	0.00836	0.01079	0.00595	0.00758
16	0.01723	0.01477	0.01723	0.01230	0.01969	0.01107	0.00984	0.02092	0.01723	0.02707	0.01477	0.01723	0.01230	0.00615	0.00615	0.00123	0.00615	0.00492	0.00492	0.75883
17	0.01873	0.02170	0.06787	0.16253	0.04584	0.02044	0.48512	0.02554	0.01894	0.02554	0.01633	0.02217	0.01223	0.00729	0.00944	0.00279	0.01337	0.00919	0.00408	0.01086
18	0.01170	0.00789	0.00917	0.00955	0.00965	0.00780	0.00556	0.01198	0.01283	0.01711	0.03002	0.18138	0.03505	0.57442	0.03608	0.00714	0.00742	0.01434	0.00556	0.00537
19	0.02402	0.01752	0.01949	0.01615	0.02082	0.01944	0.01300	0.35978	0.08526	0.04058	0.02345	0.04947	0.01879	0.02089	0.13875	0.00461	0.01069	0.00855	0.09706	0.01169
20	0.02500	0.52185	0.03769	0.01592	0.02234	0.18200	0.01455	0.02757	0.01877	0.05068	0.01287	0.01443	0.01115	0.00760	0.00598	0.00190	0.01022	0.00484	0.00405	0.01059
21	0.02030	0.01973	0.03362	0.04299	0.46264	0.01971	0.11457	0.02773	0.09364	0.02797	0.01796	0.02197	0.01451	0.00776	0.00841	0.00251	0.00996	0.00791	0.00468	0.04145
22	0.02585	0.02976	0.02858	0.03606	0.33800	0.35029	0.02073	0.02937	0.02125	0.02370	0.01422	0.01774	0.01192	0.00799	0.00785	0.00230	0.01245	0.00637	0.00420	0.01138
23	0.02460	0.02740	0.02979	0.03958	0.41299	0.27239	0.02185	0.02846	0.02070	0.02451	0.01455	0.01841	0.01221	0.00785	0.00794	0.00234	0.01184	0.00661	0.00418	0.01180
24	0.01666	0.04297	0.66500	0.02368	0.03596	0.01929	0.03069	0.02631	0.01754	0.02631	0.01491	0.01754	0.01052	0.00789	0.00789	0.00263	0.01228	0.00614	0.00351	0.01228
25	0.01631	0.01043	0.01257	0.01252	0.03921	0.00936	0.00936	0.01988	0.04439	0.14320	0.09779	0.06674	0.38018	0.01812	0.00963	0.00286	0.00545	0.08491	0.00816	0.00894
26	0.01685	0.04185	0.63458	0.02499	0.06584	0.01931	0.03044	0.02627	0.01761	0.02635	0.01494	0.01768	0.01065	0.00787	0.00791	0.00262	0.01216	0.00620	0.00354	0.01232
27	0.01187	0.00890	0.01335	0.01335	0.01483	0.01038	0.01038	0.01483	0.01335	0.01928	0.02225	0.03264	0.02077	0.06231	0.67512	0.01335	0.02225	0.00890	0.00445	0.00742
28	0.02987	0.12798	0.02617	0.02046	0.02511	0.59045	0.01581	0.03208	0.02267	0.02023	0.01267	0.01476	0.01070	0.00837	0.00721	0.00209	0.01418	0.00523	0.00418	0.00977
29	0.02217	0.09821	0.04639	0.04446	0.09612	0.01525	0.01435	0.02717	0.05647	0.20454	0.13440	0.04180	0.06173	0.01275	0.00868	0.00267	0.00736	0.08696	0.00746	0.01104
30	0.01051	0.00751	0.01009	0.01202	0.01267	0.00709	0.00839	0.01224	0.01629	0.02165	0.04557	0.62954	0.05409	0.02566	0.01071	0.00343	0.00516	0.09283	0.00770	0.00686
31	0.01569	0.01477	0.02492	0.68808	0.05722	0.01846	0.02307	0.02123	0.01661	0.02123	0.01477	0.02215	0.01107	0.00831	0.00831	0.00277	0.01107	0.00738	0.00369	0.00923
32	0.01417	0.08024	0.01419	0.01101	0.01452	0.09016	0.00863	0.01756	0.05507	0.02262	0.06577	0.06298	0.47838	0.01765	0.00903	0.00263	0.00608	0.01435	0.00695	0.00803
33	0.01564	0.01445	0.02059	0.01842	0.01901	0.01940	0.01505	0.01792	0.01297	0.01971	0.01546	0.02398	0.01486	0.03370	0.28720	0.00753	0.42379	0.00792	0.00396	0.00842
34	0.03103	0.03959	0.02354	0.02140	0.02568	0.67469	0.01605	0.03317	0.02354	0.02033	0.01284	0.01498	0.01070	0.00856	0.00749	0.00214	0.01498	0.00535	0.00428	0.00963
35	0.01476	0.00931	0.01077	0.01003	0.01315	0.00800	0.00765	0.01731	0.02031	0.13120	0.16849	0.10975	0.41062	0.01889	0.00962	0.00277	0.00468	0.01598	0.00838	0.00833
36	0.02056	0.01974	0.03372	0.05099	0.65622	0.01974	0.02550	0.02550	0.01892	0.02714	0.01563	0.02056	0.01316	0.00740	0.00822	0.00247	0.00987	0.00740	0.00411	0.01316
37	0.01666	0.04297	0.66500	0.02368	0.03596	0.01929	0.03069	0.02631	0.01754	0.02631	0.01491	0.01754	0.01052	0.00789	0.00789	0.00263	0.01228	0.00614	0.00351	0.01228
38	0.01190	0.00879	0.01279	0.01279	0.01408	0.01008	0.00968	0.01447	0.01318	0.01887	0.02277	0.03549	0.02201	0.14706	0.59206	0.01266	0.02039	0.00932	0.00453	0.00710
39	0.00982	0.00842	0.00842	0.00842	0.01122	0.00701	0.00631	0.01192	0.01894	0.02244	0.08416	0.07995	0.65285	0.02104	0.00982	0.00281	0.00421	0.01753	0.00771	0.00701
40	0.01575	0.00900	0.01006	0.00969	0.01183	0.00948	0.00744	0.05778	0.01794	0.02984	0.02559	0.03062	0.02072	0.02104	0.15021	0.00443	0.00817	0.00798	0.54436	0.00809
41	0.00982	0.00842	0.00842	0.00842	0.01122	0.00701	0.00631	0.01192	0.01894	0.02244	0.08416	0.07995	0.65285	0.02104	0.00982	0.00281	0.00421	0.01753	0.00771	0.00701
42	0.01818	0.01818	0.02545	0.02181	0.02181	0.02545	0.01818	0.01999	0.01272	0.01999	0.01091	0.01818	0.01091	0.01454	0.02726	0.00364	0.69284	0.00727	0.00364	0.00909
43	0.01021	0.00727	0.00961	0.01145	0.01191	0.00681	0.00758	0.01159	0.01572	0.02096	0.04485	0.67171	0.05377	0.05855	0.01211	0.00360	0.00497	0.02307	0.00758	0.00667
44	0.01714	0.01418	0.01549	0.01421	0.01788	0.01550	0.01091	0.05442	0.36724	0.03271	0.17341	0.08796	0.11498	0.01463	0.00905	0.00280	0.00570	0.01247	0.00846	0.01087
45	0.01116	0.00826	0.01042	0.01033	0.01216	0.00751	0.00758	0.01436	0.02144	0.02945	0.45483	0.17858	0.16472	0.01923	0.00994	0.00278	0.00412	0.01694	0.00867	0.00751
46	0.03158	0.02327	0.02493	0.01911	0.02576	0.02576	0.01579	0.62852	0.03906	0.05236	0.01995	0.01995	0.01413	0.00997	0.00831	0.00249	0.00914	0.00748	0.00831	0.01413
47	0.01012	0.00723	0.00964	0.01157	0.01205	0.00675	0.00771	0.01157	0.01591	0.02121	0.04579	0.70262	0.05495	0.02603	0.01060	0.00337	0.00482	0.02362	0.00771	0.00675
48	0.01095	0.00758	0.00940	0.01051	0.01079	0.00730	0.00658	0.01178	0.01429	0.01906	0.03753	0.42953	0.04452	0.31334	0.02395	0.00535	0.00618	0.01876	0.00658	0.00603
49	0.01058	0.00845	0.00947	0.00922	0.01169	0.00734	0.00691	0.01340	0.02074	0.02671	0.30726	0.07292	0.42708	0.01945	0.00981	0.00273	0.00409	0.01655	0.00828	0.00734
50	0.01072	0.00894	0.00941	0.00920	0.01197	0.00789	0.00693	0.01427	0.05355	0.02483	0.17131	0.07445	0.52771	0.01987	0.00974	0.00278	0.00429	0.01669	0.00798	0.00748
51	0.01019	0.00734	0.00966	0.01139	0.01203	0.00681	0.00766	0.01178	0.01638	0.02183	0.07616	0.64822	0.07897	0.02540	0.01053	0.00332	0.00475	0.02297	0.00778	0.00681
52	0.01052	0.00844	0.00939	0.00915	0.01165	0.00731	0.00686	0.01328	0.02059	0.02636	0.28899	0.07349	0.44557	0.01958	0.00981	0.00274	0.00410	0.01663	0.00823	0.00731
53	0.01666	0.04297	0.66500	0.02368	0.03596	0.01929	0.03069	0.02631	0.01754	0.02631	0.01491	0.01754	0.01052	0.00789	0.00789	0.00263	0.01228	0.00614	0.00351	0.01228
54	0.01438	0.00784	0.00817	0.00817	0.00948	0.00784	0.00556	0.01699	0.01568	0.02614	0.02680	0.03858	0.02419	0.23682	0.01767	0.00393	0.00523	0.00915	0.51051	0.00686
55	0.01166	0.00809	0.00920	0.00925	0.00981	0.00783	0.00560	0.01236	0.01419	0.01875	0.09134	0.09552	0.11365	0.52041	0.03346	0.00664	0.00701	0.01369	0.00590	0.00563
56	0.02592	0.01484	0.01806	0.01519	0.01999	0.01494	0.01239	0.15974	0.10051	0.24853	0.15290	0.04201	0.03466	0.01331	0.00905	0.00276	0.00692	0.08729	0.00907	0.01193
57	0.01208	0.00805	0.00906	0.00906	0.00906	0.00805	0.00503	0.01208	0.01208	0.01611	0.02618	0.05436	0.03020	0.70804	0.04228	0.00805	0.00805	0.01208	0.00503	0.00503
58	0.03158	0.02327	0.02493	0.01911	0.02576	0.02576	0.01579	0.62852	0.03906	0.05236	0.01995	0.01995	0.01413	0.00997	0.00831	0.00249	0.00914	0.00748	0.00831	0.01413
59	0.02227	0.01301	0.01533	0.01297	0.01606	0.01325	0.00950	0.16166	0.02106	0.17027	0.02596	0.03905	0.02367	0.34588	0.06889	0.00588	0.00903	0.00996	0.00694	0.00935
60	0.02941	0.03849	0.06571	0.02352	0.06833	0.58870	0.01763	0.03222	0.02285	0.02117	0.01316	0.01552	0.01085	0.00844	0.00757	0.00219	0.01447	0.00554	0.00422	0.01004
61	0.01020	0.00750	0.00937	0.01082	0.01170	0.00688	0.00727	0.01167	0.01621	0.02110	0.05157	0.54446	0.16372	0.07051	0.01257	0.00358	0.00492	0.02173	0.00753	0.00668
62	0.02776	0.02658	0.02219	0.01878	0.02401	0.23591	0.01476	0.26847	0.16858	0.03628	0.02424	0.02408	0.05032	0.01041	0.00816	0.00247	0.01021	0.00776	0.00699	0.01205
63	0.01787	0.01692	0.02771	0.11911	0.45796	0.01709	0.02145	0.02232	0.01864	0.02551	0.02895	0.03239	0.13824	0.01018	0.00855	0.00257	0.00890	0.00938	0.00477	0.01148
64	0.02056	0.01974	0.03372	0.05099	0.65622	0.01974	0.02550	0.02550	0.01892	0.02714	0.01563	0.02056	0.01316	0.00740	0.00822	0.00247	0.00987	0.00740	0.00411	0.01316
65	0.02291	0.58888	0.08133	0.01569	0.02279	0.10902	0.01550	0.02596	0.01772	0.02008	0.01192	0.01380	0.01066	0.00733	0.00576	0.00188	0.00984	0.00466	0.00364	0.01064
66	0.02966	0.01597	0.01929	0.01550	0.02130	0.01582	0.01253	0.11368	0.18625	0.35032	0.06603	0.02927	0.02387	0.01066	0.00834	0.00255	0.00697	0.00871	0.00920	0.05407
67	0.02646	0.02073	0.02205	0.01808	0.02381	0.02337	0.01455	0.35449	0.32143	0.04410	0.02645	0.02513	0.01939	0.01058	0.00838	0.00265	0.00794	0.00838	0.00838	0.01367
68	0.01543	0.00961	0.01276	0.01196	0.01434	0.00929	0.00907	0.04147	0.02127	0.10781	0.35014	0.15884	0.05574	0.02454	0.11450	0.00442	0.00755	0.01438	0.00827	0.00861
69	0.01302	0.00940	0.01287	0.01445	0.01643	0.00925	0.01247	0.01674	0.01946	0.02538	0.09549	0.09025	0.09055	0.02234	0.01123	0.00366	0.00712	0.51449	0.00777	0.00762
70	0.01666	0.04297	0.66500	0.02368	0.03596	0.01929	0.03069	0.02631	0.01754	0.02631	0.01491	0.01754	0.01052	0.00789	0.00789	0.00263	0.01228	0.00614	0.00351	0.01228
71	0.01179	0.01025	0.01263	0.01240	0.01386	0.01109	0.00941	0.01363	0.01661	0.02151	0.05592	0.25640	0.32540	0.02110	0.01399	0.00317	0.15957	0.01708	0.00679	0.00740
72	0.01249	0.00788	0.00888	0.00913	0.00957	0.00782	0.00554	0.01344	0.01363	0.01969	0.02893	0.13487	0.03170	0.48170	0.03098	0.00624	0.00681	0.01275	0.15216	0.00579
73	0.01176	0.00849	0.01110	0.01045	0.01241	0.00784	0.00784	0.01568	0.02352	0.03331	0.65184	0.06206	0.07839	0.01698	0.00980	0.00261	0.00392	0.01502	0.00914	0.00784
74	0.01171	0.00839	0.01050	0.01003	0.01162	0.00784	0.00714	0.01467	0.02077	0.02895	0.48265	0.06148	0.10276	0.16616	0.01680	0.00380	0.00483	0.01454	0.00817	0.00718
75	0.01666	0.01069	0.01246	0.01123	0.01469	0.00996	0.00868	0.02227	0.10275	0.14062	0.22727	0.05934	0.29752	0.01671	0.00937	0.00271	0.00495	0.01413	0.00867	0.00931
76	0.01196	0.00807	0.00903	0.00903	0.00918	0.00800	0.00510	0.01207	0.01245	0.01645	0.02933	0.05576	0.06411	0.67063	0.04052	0.00777	0.00784	0.01238	0.00518	0.00514
77	0.03158	0.02327	0.02493	0.01911	0.02576	0.02576	0.01579	0.62852	0.03906	0.05236	0.01995	0.01995	0.01413	0.00997	0.00831	0.00249	0.00914	0.00748	0.00831	0.01413
78	0.01053	0.00785	0.00961	0.01037	0.01172	0.00714	0.00721	0.01258	0.01805	0.02379	0.18470	0.36551	0.20806	0.06824	0.01234	0.00338	0.00469	0.01947	0.00784	0.00694
79	0.01012	0.00723	0.00964	0.01157	0.01205	0.00675	0.00771	0.01157	0.01591	0.02121	0.04579	0.70262	0.05495	0.02603	0.01060	0.00337	0.00482	0.02362	0.00771	0.00675
80	0.03103	0.03959	0.02354	0.02140	0.02568	0.67469	0.01605	0.03317	0.02354	0.02033	0.01284	0.01498	0.01070	0.00856	0.00749	0.00214	0.01498	0.00535	0.00428	0.00963
81	0.01549	0.00774	0.00774	0.00774	0.00968	0.00774	0.00581	0.01936	0.01742	0.03097	0.02710	0.03097	0.02129	0.00968	0.00581	0.00194	0.00387	0.00774	0.75416	0.00774
82	0.01018	0.00757	0.00952	0.01103	0.01207	0.00691	0.00763	0.01186	0.01668	0.02161	0.05399	0.54508	0.18352	0.02483	0.01047	0.00327	0.00480	0.04442	0.00771	0.00684
83	0.01339	0.00956	0.01339	0.01530	0.01721	0.00956	0.01339	0.01721	0.01912	0.02486	0.04399	0.09371	0.04781	0.02295	0.01147	0.00382	0.00765	0.60031	0.00765	0.00765
84	0.01818	0.01818	0.02545	0.02181	0.02181	0.02545	0.01818	0.01999	0.01272	0.01999	0.01091	0.01818	0.01091	0.01454	0.02726	0.00364	0.69284	0.00727	0.00364	0.00909
85	0.01036	0.00844	0.00917	0.00899	0.01155	0.00724	0.00674	0.01297	0.02022	0.02548	0.24300	0.07494	0.49211	0.01990	0.00981	0.00275	0.00413	0.01683	0.00811	0.00724
86	0.01146	0.00848	0.01069	0.01013	0.01223	0.00771	0.00760	0.01509	0.02280	0.03162	0.56358	0.06484	0.16770	0.01761	0.00980	0.00264	0.00396	0.01541	0.00892	0.00771
87	0.01176	0.00849	0.01110	0.01045	0.01241	0.00784	0.00784	0.01568	0.02352	0.03331	0.65184	0.06206	0.07839	0.01698	0.00980	0.00261	0.00392	0.01502	0.00914	0.00784
88	0.01006	0.00749	0.00938	0.01089	0.01187	0.00680	0.00741	0.01164	0.01656	0.02147	0.05406	0.56843	0.18380	0.02495	0.01043	0.00325	0.00469	0.02231	0.00771	0.00680
89	0.01026	0.00849	0.00902	0.00906	0.01171	0.00726	0.00690	0.01268	0.01950	0.02389	0.14998	0.07859	0.54912	0.02066	0.00991	0.00284	0.00437	0.05074	0.00788	0.00715
90	0.02056	0.01974	0.03372	0.05099	0.65622	0.01974	0.02550	0.02550	0.01892	0.02714	0.01563	0.02056	0.01316	0.00740	0.00822	0.00247	0.00987	0.00740	0.00411	0.01316
91	0.01144	0.00858	0.01013	0.01036	0.01220	0.00792	0.00777	0.01384	0.01853	0.02400	0.19172	0.07310	0.27067	0.16855	0.01713	0.00409	0.00565	0.12997	0.00745	0.00690
92	0.01615	0.01235	0.01622	0.01480	0.01698	0.01441	0.01161	0.12981	0.01798	0.02524	0.02115	0.03097	0.01951	0.10811	0.43287	0.00995	0.07937	0.00878	0.00515	0.00860
93	0.01247	0.00856	0.00961	0.00959	0.00986	0.00869	0.00558	0.01381	0.04649	0.01732	0.02736	0.07837	0.03090	0.64350	0.03921	0.00759	0.00785	0.01238	0.00532	0.00554
94	0.01603	0.01188	0.01293	0.01192	0.01369	0.01280	0.00803	0.07928	0.16619	0.02410	0.02741	0.04542	0.02749	0.47290	0.03086	0.00626	0.00780	0.01099	0.00617	0.00787
95	0.02542	0.01983	0.02157	0.01678	0.02325	0.02065	0.01361	0.34401	0.15093	0.04183	0.02121	0.02135	0.01582	0.00916	0.00773	0.00220	0.00780	0.00714	0.00739	0.22231
96	0.02656	0.01754	0.02026	0.01534	0.02210	0.01665	0.01249	0.22126	0.06604	0.17873	0.02171	0.02148	0.01559	0.00864	0.00749	0.00204	0.00734	0.00680	0.00744	0.30449
97	0.01816	0.02262	0.15445	0.25939	0.33372	0.01922	0.02570	0.02422	0.01787	0.02499	0.01520	0.02050	0.01194	0.00780	0.00819	0.00260	0.01075	0.00715	0.00385	0.01167
98	0.02970	0.03568	0.02499	0.02510	0.10845	0.53660	0.01727	0.07999	0.02418	0.02380	0.01378	0.01611	0.01130	0.00852	0.00765	0.00221	0.01384	0.00579	0.00458	0.01046
99	0.02170	0.01309	0.01539	0.01286	0.01703	0.01270	0.01016	0.15849	0.02550	0.18012	0.20432	0.04865	0.18491	0.04426	0.01052	0.00285	0.00607	0.01225	0.00871	0.01040
100	0.01309	0.01074	0.01567	0.01502	0.01614	0.01332	0.01186	0.01573	0.01336	0.01954	0.02117	0.06611	0.02058	0.05039	0.50406	0.01079	0.16091	0.00936	0.00446	0.00773
101	0.02546	0.01896	0.02074	0.01727	0.02260	0.02099	0.01395	0.29823	0.26586	0.07790	0.06564	0.03158	0.02468	0.01168	0.00865	0.00271	0.00764	0.04399	0.00849	0.01299
102	0.02056	0.01974	0.03372	0.05099	0.65622	0.01974	0.02550	0.02550	0.01892	0.02714	0.01563	0.02056	0.01316	0.00740	0.00822	0.00247	0.00987	0.00740	0.00411	0.01316
103	0.14486	0.02253	0.02130	0.04286	0.02406	0.10780	0.01419	0.37465	0.03006	0.04150	0.02078	0.02183	0.04755	0.01070	0.00871	0.03151	0.00921	0.00726	0.00689	0.01175
104	0.01044	0.00748	0.00993	0.01135	0.01212	0.00696	0.00774	0.01237	0.01740	0.02358	0.16453	0.57712	0.05954	0.02425	0.01045	0.00322	0.00464	0.02193	0.00799	0.00696
105	0.01207	0.00811	0.00934	0.00934	0.00943	0.00820	0.00538	0.01226	0.01216	0.01631	0.02592	0.05296	0.02959	0.66628	0.08321	0.00840	0.00897	0.01188	0.00500	0.00519
106	0.01083	0.00846	0.00982	0.00948	0.01184	0.00744	0.00711	0.01388	0.02133	0.02812	0.38048	0.07061	0.35299	0.01892	0.00981	0.00270	0.00406	0.01622	0.00846	0.00744
107	0.63724	0.01572	0.01346	0.01161	0.01698	0.01750	0.00957	0.02727	0.01585	0.14816	0.01533	0.01612	0.01105	0.00817	0.00571	0.00257	0.00654	0.00518	0.00605	0.00991
108	0.01187	0.00890	0.01335	0.01335	0.01483	0.01038	0.01038	0.01483	0.01335	0.01928	0.02225	0.03264	0.02077	0.06231	0.67512	0.01335	0.02225	0.00890	0.00445	0.00742
109	0.00982	0.00842	0.00842	0.00842	0.01122	0.00701	0.00631	0.01192	0.01894	0.02244	0.08416	0.07995	0.65285	0.02104	0.00982	0.00281	0.00421	0.01753	0.00771	0.00701
110	0.01001	0.00828	0.00877	0.00894	0.01141	0.00705	0.00660	0.01218	0.01895	0.02317	0.12532	0.15049	0.53759	0.02129	0.00991	0.00286	0.00426	0.01803	0.00783	0.00705
111	0.01005	0.00824	0.00889	0.00936	0.01167	0.00708	0.00692	0.01210	0.01835	0.02232	0.07472	0.20260	0.50685	0.02211	0.01005	0.00297	0.00449	0.04652	0.00771	0.00699
112	0.03103	0.03959	0.02354	0.02140	0.02568	0.67469	0.01605	0.03317	0.02354	0.02033	0.01284	0.01498	0.01070	0.00856	0.00749	0.00214	0.01498	0.00535	0.00428	0.00963
113	0.01961	0.02241	0.04902	0.03501	0.04342	0.02101	0.62605	0.02661	0.01961	0.02661	0.01681	0.02241	0.01261	0.00700	0.00980	0.00280	0.01401	0.00980	0.00420	0.01120
114	0.01101	0.00846	0.01007	0.00967	0.01195	0.00752	0.00725	0.01423	0.02175	0.02913	0.43319	0.06895	0.29965	0.01855	0.00981	0.00269	0.00403	0.01599	0.00859	0.00752
115	0.01185	0.00796	0.00913	0.00936	0.00942	0.00790	0.00536	0.01202	0.01254	0.01672	0.02853	0.13216	0.03317	0.62619	0.03848	0.00749	0.00767	0.01347	0.00536	0.00524
116	0.01961	0.02241	0.04902	0.03501	0.04342	0.02101	0.62605	0.02661	0.01961	0.02661	0.01681	0.02241	0.01261	0.00700	0.00980	0.00280	0.01401	0.00980	0.00420	0.01120
117	0.01208	0.00805	0.00906	0.00906	0.00906	0.00805	0.00503	0.01208	0.01208	0.01611	0.02618	0.05436	0.03020	0.70804	0.04228	0.00805	0.00805	0.01208	0.00503	0.00503
118	0.01012	0.00723	0.00964	0.01157	0.01205	0.00675	0.00771	0.01157	0.01591	0.02121	0.04579	0.70262	0.05495	0.02603	0.01060	0.00337	0.00482	0.02362	0.00771	0.00675
119	0.03158	0.02327	0.02493	0.01911	0.02576	0.02576	0.01579	0.62852	0.03906	0.05236	0.01995	0.01995	0.01413	0.00997	0.00831	0.00249	0.00914	0.00748	0.00831	0.01413
120	0.01012	0.00723	0.00964	0.01157	0.01205	0.00675	0.00771	0.01157	0.01591	0.02121	0.04579	0.70262	0.05495	0.02603	0.01060	0.00337	0.00482	0.02362	0.00771	0.00675
121	0.01187	0.00890	0.01335	0.01335	0.01483	0.01038	0.01038	0.01483	0.01335	0.01928	0.02225	0.03264	0.02077	0.06231	0.67512	0.01335	0.02225	0.00890	0.00445	0.00742
122	0.01161	0.00801	0.00904	0.00924	0.00962	0.00780	0.00546	0.01201	0.01329	0.01738	0.03511	0.12283	0.10742	0.55680	0.03519	0.00695	0.00727	0.01390	0.00563	0.00544
123	0.01207	0.00811	0.00935	0.00935	0.00945	0.00821	0.00539	0.01226	0.01217	0.01632	0.02591	0.05292	0.02957	0.66505	0.08442	0.00841	0.00900	0.01187	0.00499	0.00519
124	0.02137	0.01820	0.01918	0.01705	0.02187	0.02099	0.01332	0.08194	0.60227	0.03589	0.03292	0.03028	0.02463	0.01119	0.00844	0.00280	0.00674	0.00927	0.00844	0.01321
125	0.02056	0.01974	0.03372	0.05099	0.65622	0.01974	0.02550	0.02550	0.01892	0.02714	0.01563	0.02056	0.01316	0.00740	0.00822	0.00247	0.00987	0.00740	0.00411	0.01316
126	0.01808	0.02279	0.14605	0.25129	0.22373	0.01950	0.14950	0.02447	0.01806	0.02495	0.01546	0.02093	0.01189	0.00770	0.00852	0.00266	0.01154	0.00767	0.00389	0.01131
127	0.03042	0.08803	0.02510	0.02072	0.02537	0.58429	0.01590	0.07220	0.02409	0.02241	0.01322	0.01519	0.01093	0.00855	0.00739	0.00214	0.01414	0.00543	0.00450	0.01001
128	0.13680	0.03310	0.40163	0.02654	0.11113	0.01947	0.10474	0.02595	0.01744	0.02820	0.01472	0.01791	0.01088	0.00769	0.00775	0.00262	0.01127	0.00652	0.00393	0.01172
129	0.01709	0.03198	0.38797	0.02452	0.03409	0.01845	0.17768	0.02631	0.06030	0.02778	0.09253	0.02497	0.02012	0.00898	0.00864	0.00268	0.01134	0.00834	0.00468	0.01153
130	0.02224	0.11416	0.02145	0.01695	0.04190	0.25418	0.01253	0.07281	0.05640	0.02341	0.02681	0.06019	0.09422	0.13178	0.01378	0.00333	0.01013	0.00911	0.00543	0.00922
131	0.02119	0.01994	0.03321	0.04916	0.61997	0.02008	0.02494	0.06017	0.02007	0.02859	0.01587	0.02053	0.01321	0.00755	0.00823	0.00247	0.00983	0.00741	0.00435	0.01321
132	0.09517	0.05938	0.07016	0.01709	0.02264	0.26663	0.01439	0.06476	0.02230	0.16898	0.02636	0.02611	0.09068	0.01034	0.00773	0.00240	0.01028	0.00756	0.00626	0.01078
133	0.26313	0.37768	0.09608	0.01441	0.02139	0.02645	0.01431	0.06079	0.01738	0.02793	0.01240	0.01421	0.01031	0.00755	0.00571	0.00216	0.00845	0.00482	0.00435	0.01049

[dist]
# distance from previous block
# <min> <max>
0	2

[block]
# block no. 2 follows, 22 sequences, length 104
# corresponding to MSA columns:
# 161-264
name=unknown_C
#
# <colnr> <probs for GDERKNQSTAVLIFYWHMCP>
#	G	D	E	R	K	N	Q	S	T	A	V	L	I	F	Y	W	H	M	C	P
0	0.01885	0.01826	0.03022	0.28063	0.04065	0.02157	0.15675	0.07738	0.04580	0.02550	0.01554	0.02138	0.01228	0.00989	0.01351	0.00298	0.18616	0.00800	0.00441	0.01025
1	0.01072	0.00784	0.00911	0.00985	0.01079	0.00727	0.00640	0.01184	0.01540	0.01977	0.04934	0.30930	0.20786	0.26153	0.02139	0.00485	0.00578	0.01797	0.00678	0.00622
2	0.01956	0.01465	0.01965	0.02284	0.18095	0.01481	0.01414	0.02863	0.18861	0.11536	0.14554	0.04137	0.13302	0.01274	0.00884	0.00266	0.00664	0.01105	0.00759	0.01136
3	0.01553	0.01039	0.01289	0.01241	0.01440	0.01064	0.00888	0.04538	0.07659	0.07681	0.03122	0.21563	0.03224	0.21169	0.15297	0.00641	0.00982	0.01347	0.00655	0.03611
4	0.01187	0.00890	0.01335	0.01335	0.01483	0.01038	0.01038	0.01483	0.01335	0.01928	0.02225	0.03264	0.02077	0.06231	0.67512	0.01335	0.02225	0.00890	0.00445	0.00742
5	0.02877	0.21225	0.02867	0.01956	0.02456	0.51014	0.01558	0.03105	0.02183	0.02013	0.01251	0.01456	0.01069	0.00819	0.00694	0.00205	0.01342	0.00512	0.00409	0.00989
6	0.03079	0.06512	0.02483	0.02043	0.02551	0.46186	0.01589	0.20170	0.02765	0.02938	0.01480	0.01632	0.01167	0.00890	0.00763	0.00222	0.01305	0.00591	0.00539	0.01095
7	0.02479	0.02467	0.02912	0.07854	0.35140	0.17162	0.02130	0.14326	0.02372	0.03006	0.01576	0.01926	0.01265	0.00822	0.00808	0.00242	0.01098	0.00694	0.00493	0.01228
8	0.01164	0.00787	0.00919	0.00963	0.00973	0.00776	0.00564	0.01197	0.01294	0.01726	0.03060	0.20060	0.03578	0.55420	0.03514	0.00700	0.00732	0.01468	0.00564	0.00542
9	0.03142	0.02806	0.02452	0.01979	0.02574	0.21629	0.01587	0.45373	0.03450	0.04295	0.01786	0.01849	0.01312	0.00956	0.00807	0.00239	0.01086	0.00685	0.00713	0.01281
10	0.01012	0.00723	0.00964	0.01157	0.01205	0.00675	0.00771	0.01157	0.01591	0.02121	0.04579	0.70262	0.05495	0.02603	0.01060	0.00337	0.00482	0.02362	0.00771	0.00675
11	0.01187	0.00890	0.01335	0.01335	0.01483	0.01038	0.01038	0.01483	0.01335	0.01928	0.02225	0.03264	0.02077	0.06231	0.67512	0.01335	0.02225	0.00890	0.00445	0.00742
12	0.01071	0.00821	0.00981	0.00991	0.01189	0.00731	0.00724	0.01346	0.02029	0.02684	0.31897	0.19643	0.28831	0.02030	0.00997	0.00284	0.00421	0.01767	0.00832	0.00731
13	0.01818	0.01818	0.02545	0.02181	0.02181	0.02545	0.01818	0.01999	0.01272	0.01999	0.01091	0.01818	0.01091	0.01454	0.02726	0.00364	0.69284	0.00727	0.00364	0.00909
14	0.01208	0.00805	0.00906	0.00906	0.00906	0.00805	0.00503	0.01208	0.01208	0.01611	0.02618	0.05436	0.03020	0.70804	0.04228	0.00805	0.00805	0.01208	0.00503	0.00503
15	0.01208	0.00805	0.00906	0.00906	0.00906	0.00805	0.00503	0.01208	0.01208	0.01611	0.02618	0.05436	0.03020	0.70804	0.04228	0.00805	0.00805	0.01208	0.00503	0.00503
16	0.01132	0.00847	0.01050	0.00999	0.01214	0.00765	0.00749	0.01483	0.02248	0.03086	0.52378	0.06609	0.20797	0.01790	0.00980	0.00266	0.00398	0.01559	0.00882	0.00765
17	0.02221	0.71304	0.04353	0.01421	0.02132	0.03287	0.01421	0.02488	0.01688	0.01955	0.01155	0.01333	0.01066	0.00711	0.00533	0.00178	0.00888	0.00444	0.00355	0.01066
18	0.03194	0.02269	0.02457	0.01884	0.02547	0.02490	0.01556	0.59102	0.03808	0.09123	0.02076	0.02048	0.01454	0.00999	0.00831	0.00250	0.00901	0.00754	0.00844	0.01413
19	0.01176	0.00849	0.01110	0.01045	0.01241	0.00784	0.00784	0.01568	0.02352	0.03331	0.65184	0.06206	0.07839	0.01698	0.00980	0.00261	0.00392	0.01502	0.00914	0.00784
20	0.01285	0.00798	0.00876	0.00876	0.00920	0.00798	0.00521	0.01372	0.01329	0.01946	0.02638	0.04909	0.02819	0.55051	0.03406	0.00667	0.00711	0.01110	0.17402	0.00564
21	0.00992	0.00801	0.00883	0.00948	0.01150	0.00692	0.00678	0.01180	0.01791	0.02202	0.07119	0.29044	0.45073	0.02273	0.01008	0.00300	0.00441	0.01959	0.00771	0.00692
22	0.01005	0.00750	0.00936	0.01086	0.01186	0.00681	0.00740	0.01165	0.01659	0.02149	0.05444	0.56216	0.18982	0.02490	0.01043	0.00325	0.00468	0.02224	0.00771	0.00681
23	0.01549	0.00774	0.00774	0.00774	0.00968	0.00774	0.00581	0.01936	0.01742	0.03097	0.02710	0.03097	0.02129	0.00968	0.00581	0.00194	0.00387	0.00774	0.75416	0.00774
24	0.01012	0.00723	0.00964	0.01157	0.01205	0.00675	0.00771	0.01157	0.01591	0.02121	0.04579	0.70262	0.05495	0.02603	0.01060	0.00337	0.00482	0.02362	0.00771	0.00675
25	0.01723	0.01477	0.01723	0.01230	0.01969	0.01107	0.00984	0.02092	0.01723	0.02707	0.01477	0.01723	0.01230	0.00615	0.00615	0.00123	0.00615	0.00492	0.00492	0.75883
26	0.02483	0.01742	0.01928	0.01660	0.02179	0.01922	0.01312	0.08065	0.47385	0.16688	0.03271	0.02972	0.02364	0.01098	0.00842	0.00275	0.00684	0.00905	0.00883	0.01342
27	0.01012	0.00723	0.00964	0.01157	0.01205	0.00675	0.00771	0.01157	0.01591	0.02121	0.04579	0.70262	0.05495	0.02603	0.01060	0.00337	0.00482	0.02362	0.00771	0.00675
28	0.02580	0.02522	0.02912	0.03601	0.34940	0.17208	0.02083	0.18187	0.02515	0.03204	0.01609	0.01912	0.01284	0.00833	0.00808	0.00240	0.01086	0.00695	0.00523	0.01260
29	0.01193	0.00820	0.01006	0.01016	0.01052	0.00851	0.00639	0.01267	0.01257	0.01710	0.02635	0.08441	0.02941	0.52562	0.18333	0.00900	0.01108	0.01199	0.00505	0.00566
30	0.01122	0.00776	0.00906	0.00986	0.01107	0.00720	0.00671	0.01307	0.01657	0.02270	0.07581	0.33492	0.18210	0.12597	0.01450	0.00371	0.00499	0.01774	0.11829	0.00674
31	0.01696	0.01241	0.01461	0.01359	0.01640	0.01275	0.01036	0.19420	0.02473	0.03332	0.17512	0.29721	0.07556	0.01889	0.00976	0.00294	0.00601	0.04776	0.00820	0.00922
32	0.02740	0.02119	0.02258	0.01827	0.02417	0.02381	0.01478	0.40481	0.26958	0.04562	0.02525	0.02418	0.01843	0.01047	0.00837	0.00262	0.00816	0.00821	0.00837	0.01375
33	0.01137	0.00814	0.01033	0.01060	0.01187	0.00764	0.00747	0.01387	0.01910	0.02622	0.32981	0.22588	0.09130	0.14378	0.01591	0.00385	0.00507	0.04288	0.00790	0.00701
34	0.01035	0.00798	0.00932	0.01013	0.01176	0.00714	0.00720	0.01224	0.01756	0.02225	0.09410	0.32266	0.31883	0.06655	0.01227	0.00340	0.00484	0.04693	0.00762	0.00686
35	0.01198	0.00801	0.00909	0.00920	0.00922	0.00798	0.00518	0.01205	0.01229	0.01638	0.02723	0.08931	0.03154	0.67128	0.04058	0.00780	0.00788	0.01270	0.00518	0.00513
36	0.01235	0.00883	0.01218	0.01397	0.01547	0.00865	0.01145	0.01548	0.01839	0.02419	0.07340	0.27124	0.05136	0.02357	0.01114	0.00363	0.00664	0.40294	0.00774	0.00739
37	0.01105	0.00885	0.01005	0.01068	0.01299	0.00807	0.00823	0.01432	0.04630	0.02324	0.06740	0.19010	0.40277	0.02185	0.01021	0.00310	0.00509	0.13060	0.00773	0.00736
38	0.23532	0.01164	0.01225	0.01243	0.01541	0.01230	0.00974	0.02066	0.07277	0.05618	0.03719	0.23644	0.08982	0.01758	0.00880	0.00309	0.00604	0.12669	0.00712	0.00851
39	0.01192	0.00868	0.01225	0.01225	0.01335	0.00979	0.00901	0.01413	0.01303	0.01847	0.02326	0.03821	0.02319	0.22786	0.51287	0.01199	0.01861	0.00972	0.00460	0.00681
40	0.01635	0.00887	0.01191	0.01222	0.01414	0.00805	0.00873	0.01835	0.01816	0.16652	0.08138	0.50978	0.04868	0.02190	0.01004	0.00314	0.00527	0.01963	0.00838	0.00848
41	0.02391	0.01687	0.01784	0.01446	0.01927	0.01809	0.01169	0.37197	0.03024	0.04200	0.03223	0.03254	0.11993	0.01170	0.00791	0.00240	0.00699	0.00918	0.19944	0.01133
42	0.18410	0.01215	0.01275	0.01251	0.01560	0.01281	0.00975	0.07418	0.07231	0.02999	0.06472	0.21615	0.13750	0.01757	0.00894	0.00300	0.00597	0.09402	0.00730	0.00868
43	0.02869	0.03469	0.02247	0.02039	0.02476	0.52716	0.01540	0.03565	0.16288	0.02358	0.01757	0.01859	0.01401	0.00917	0.00771	0.00229	0.01308	0.00626	0.00522	0.01042
44	0.01984	0.01246	0.01424	0.01246	0.01661	0.01210	0.00977	0.04933	0.16067	0.18064	0.11968	0.05244	0.27493	0.01542	0.00910	0.00272	0.00558	0.01287	0.00867	0.01045
45	0.01362	0.00882	0.01069	0.01047	0.01291	0.00777	0.00774	0.01616	0.01993	0.10024	0.21456	0.22308	0.28302	0.01996	0.00983	0.00287	0.00462	0.01731	0.00838	0.00800
46	0.01012	0.00723	0.00964	0.01157	0.01205	0.00675	0.00771	0.01157	0.01591	0.02121	0.04579	0.70262	0.05495	0.02603	0.01060	0.00337	0.00482	0.02362	0.00771	0.00675
47	0.01149	0.00889	0.01059	0.01141	0.01366	0.00817	0.00927	0.01420	0.01858	0.02308	0.06322	0.08423	0.35342	0.06554	0.01259	0.00358	0.00593	0.26746	0.00752	0.00716
48	0.05256	0.01862	0.01643	0.01510	0.01854	0.18131	0.01152	0.04971	0.06161	0.12246	0.16789	0.15708	0.03801	0.01470	0.00887	0.00268	0.00803	0.03769	0.00750	0.00967
49	0.01056	0.00770	0.01005	0.01176	0.01271	0.00719	0.00838	0.01243	0.01671	0.02188	0.04977	0.54498	0.12013	0.02503	0.01064	0.00338	0.00516	0.10692	0.00770	0.00691
50	0.01250	0.01042	0.01117	0.01088	0.01378	0.01015	0.00816	0.01954	0.15945	0.02621	0.12726	0.13494	0.38678	0.01896	0.00959	0.00285	0.00478	0.01610	0.00803	0.00845
51	0.02487	0.06105	0.03028	0.03712	0.37252	0.22310	0.02113	0.08251	0.02207	0.02694	0.01495	0.01842	0.01236	0.00798	0.00786	0.00233	0.01133	0.00663	0.00452	0.01203
52	0.01245	0.00878	0.01049	0.01026	0.01040	0.00937	0.00636	0.01284	0.01224	0.01664	0.02485	0.05009	0.02812	0.60527	0.09870	0.00825	0.05301	0.01149	0.00489	0.00551
53	0.07274	0.02460	0.08204	0.05850	0.22575	0.15573	0.01935	0.05230	0.07566	0.12520	0.01908	0.02083	0.01430	0.00862	0.00789	0.00248	0.01024	0.00700	0.00562	0.01209
54	0.09018	0.06613	0.02844	0.03466	0.35287	0.10820	0.01978	0.05386	0.11287	0.02884	0.01752	0.02025	0.01416	0.00825	0.00770	0.00244	0.00965	0.00698	0.00501	0.01219
55	0.02321	0.02296	0.22167	0.01684	0.02415	0.01502	0.01721	0.06801	0.07699	0.23126	0.07339	0.03442	0.11503	0.01162	0.00852	0.00264	0.00818	0.00948	0.00740	0.01200
56	0.02214	0.02733	0.17316	0.07753	0.31646	0.09105	0.02405	0.11584	0.02195	0.02959	0.01575	0.01929	0.01231	0.00808	0.00809	0.00249	0.01093	0.00691	0.00459	0.01247
57	0.02001	0.02108	0.01671	0.01539	0.01870	0.24926	0.01177	0.07635	0.02116	0.02402	0.05925	0.03835	0.17975	0.02598	0.17942	0.00523	0.01314	0.00994	0.00576	0.00873
58	0.21256	0.02834	0.29585	0.01962	0.05458	0.01887	0.02020	0.08583	0.04712	0.08683	0.01695	0.01838	0.01220	0.00831	0.00723	0.00254	0.00940	0.00619	0.00528	0.04375
59	0.02350	0.01612	0.01834	0.01489	0.01957	0.01682	0.01197	0.31305	0.03074	0.09880	0.25496	0.03984	0.07881	0.01326	0.00895	0.00256	0.00674	0.01094	0.00875	0.01139
60	0.01968	0.40761	0.32681	0.01853	0.02799	0.02668	0.02173	0.02553	0.01718	0.02263	0.01308	0.01525	0.01060	0.00747	0.00650	0.00217	0.01043	0.00522	0.00353	0.01140
61	0.01057	0.00775	0.00917	0.01009	0.01104	0.00716	0.00664	0.01180	0.01566	0.02016	0.05039	0.37006	0.20164	0.20667	0.01885	0.00448	0.00553	0.01898	0.00700	0.00636
62	0.01141	0.00879	0.01224	0.01224	0.01402	0.00962	0.00947	0.01418	0.01461	0.02000	0.03622	0.04331	0.16335	0.05300	0.52504	0.01097	0.01818	0.01085	0.00519	0.00733
63	0.01769	0.01383	0.01723	0.01516	0.01706	0.01631	0.01166	0.15354	0.01865	0.02596	0.02052	0.03314	0.01998	0.23038	0.20332	0.00731	0.15519	0.00917	0.00532	0.00858
64	0.01240	0.00925	0.01201	0.01340	0.01556	0.00886	0.01143	0.01575	0.01907	0.02419	0.05507	0.08991	0.21481	0.02242	0.01102	0.00354	0.00670	0.43945	0.00767	0.00747
65	0.08212	0.00932	0.01207	0.01196	0.01387	0.01059	0.00930	0.01666	0.01427	0.02338	0.02228	0.03053	0.01979	0.04629	0.47364	0.00997	0.01696	0.00825	0.16111	0.00763
66	0.00990	0.00811	0.00873	0.00922	0.01143	0.00695	0.00667	0.01183	0.01816	0.02213	0.07432	0.23959	0.49956	0.02232	0.01002	0.00295	0.00436	0.01909	0.00771	0.00695
67	0.01012	0.00723	0.00964	0.01157	0.01205	0.00675	0.00771	0.01157	0.01591	0.02121	0.04579	0.70262	0.05495	0.02603	0.01060	0.00337	0.00482	0.02362	0.00771	0.00675
68	0.02907	0.02202	0.02352	0.01861	0.02480	0.02459	0.01518	0.49397	0.17770	0.04830	0.02314	0.02249	0.01671	0.01027	0.00834	0.00257	0.00855	0.00792	0.00834	0.01390
69	0.01659	0.00963	0.01251	0.01129	0.01421	0.00868	0.00878	0.02017	0.02287	0.15415	0.44192	0.05886	0.12825	0.01639	0.00960	0.00268	0.00473	0.04058	0.00914	0.00897
70	0.01091	0.00784	0.01035	0.01103	0.01222	0.00727	0.00777	0.01355	0.01957	0.02704	0.33788	0.39389	0.06624	0.02167	0.01022	0.00301	0.00439	0.01948	0.00840	0.00727
71	0.01012	0.00723	0.00964	0.01157	0.01205	0.00675	0.00771	0.01157	0.01591	0.02121	0.04579	0.70262	0.05495	0.02603	0.01060	0.00337	0.00482	0.02362	0.00771	0.00675
72	0.01118	0.00815	0.01062	0.01138	0.01284	0.00759	0.00843	0.01397	0.01955	0.02649	0.28208	0.31530	0.11606	0.02167	0.01035	0.00309	0.00482	0.10085	0.00825	0.00732
73	0.01339	0.00956	0.01339	0.01530	0.01721	0.00956	0.01339	0.01721	0.01912	0.02486	0.04399	0.09371	0.04781	0.02295	0.01147	0.00382	0.00765	0.60031	0.00765	0.00765
74	0.01206	0.00808	0.00919	0.00915	0.00927	0.00804	0.00521	0.01231	0.01281	0.01720	0.06595	0.05485	0.03327	0.66411	0.04022	0.00771	0.00779	0.01227	0.00530	0.00521
75	0.01325	0.01026	0.01124	0.01110	0.01289	0.01052	0.00760	0.01935	0.15907	0.02261	0.04400	0.15364	0.17332	0.28861	0.02234	0.00495	0.00635	0.01445	0.00683	0.00761
76	0.01033	0.00833	0.00856	0.00856	0.01073	0.00725	0.00602	0.01196	0.01739	0.02101	0.07108	0.07418	0.51240	0.17601	0.01714	0.00399	0.00508	0.01630	0.00711	0.00657
77	0.01012	0.00723	0.00964	0.01157	0.01205	0.00675	0.00771	0.01157	0.01591	0.02121	0.04579	0.70262	0.05495	0.02603	0.01060	0.00337	0.00482	0.02362	0.00771	0.00675
78	0.01569	0.01477	0.02492	0.68808	0.05722	0.01846	0.02307	0.02123	0.01661	0.02123	0.01477	0.02215	0.01107	0.00831	0.00831	0.00277	0.01107	0.00738	0.00369	0.00923
79	0.01203	0.00885	0.01310	0.01310	0.01461	0.01027	0.01018	0.01503	0.01353	0.01980	0.02247	0.03256	0.02079	0.05999	0.64565	0.01285	0.02144	0.00885	0.03746	0.00743
80	0.01121	0.00801	0.01089	0.01281	0.01377	0.00769	0.00960	0.01345	0.01698	0.02243	0.04519	0.49965	0.05257	0.02500	0.01089	0.00352	0.00576	0.21584	0.00769	0.00705
81	0.02423	0.01201	0.01607	0.01485	0.01885	0.01133	0.01233	0.02907	0.06867	0.30740	0.03840	0.11513	0.03467	0.01672	0.00978	0.00315	0.00705	0.24052	0.00888	0.01086
82	0.01666	0.04297	0.66500	0.02368	0.03596	0.01929	0.03069	0.02631	0.01754	0.02631	0.01491	0.01754	0.01052	0.00789	0.00789	0.00263	0.01228	0.00614	0.00351	0.01228
83	0.01818	0.03382	0.41394	0.03393	0.25889	0.01952	0.05248	0.02603	0.01812	0.02662	0.01524	0.01882	0.01155	0.00768	0.00809	0.00258	0.01148	0.00674	0.00375	0.01255
84	0.01569	0.01477	0.02492	0.68808	0.05722	0.01846	0.02307	0.02123	0.01661	0.02123	0.01477	0.02215	0.01107	0.00831	0.00831	0.00277	0.01107	0.00738	0.00369	0.00923
85	0.03103	0.03959	0.02354	0.02140	0.02568	0.67469	0.01605	0.03317	0.02354	0.02033	0.01284	0.01498	0.01070	0.00856	0.00749	0.00214	0.01498	0.00535	0.00428	0.00963
86	0.01569	0.01477	0.02492	0.68808	0.05722	0.01846	0.02307	0.02123	0.01661	0.02123	0.01477	0.02215	0.01107	0.00831	0.00831	0.00277	0.01107	0.00738	0.00369	0.00923
87	0.00990	0.00811	0.00873	0.00922	0.01143	0.00695	0.00667	0.01183	0.01816	0.02213	0.07432	0.23959	0.49956	0.02232	0.01002	0.00295	0.00436	0.01909	0.00771	0.00695
88	0.01033	0.00738	0.00988	0.01181	0.01238	0.00693	0.00807	0.01193	0.01611	0.02144	0.04567	0.66379	0.05449	0.02583	0.01066	0.00340	0.00500	0.06039	0.00771	0.00681
89	0.01062	0.00744	0.00949	0.01092	0.01128	0.00708	0.00703	0.01170	0.01492	0.01990	0.04076	0.53642	0.04860	0.20088	0.01873	0.00457	0.00565	0.02066	0.00703	0.00631
90	0.01381	0.01130	0.01523	0.01416	0.01462	0.01390	0.01058	0.01527	0.01267	0.01825	0.02045	0.03689	0.02156	0.30113	0.23682	0.00842	0.21386	0.00967	0.00444	0.00697
91	0.01421	0.01029	0.01210	0.01215	0.01437	0.01029	0.00932	0.01959	0.11089	0.04905	0.07360	0.06713	0.17670	0.19565	0.01835	0.00442	0.00663	0.18006	0.00728	0.00792
92	0.01004	0.00829	0.00881	0.00896	0.01143	0.00706	0.00662	0.01225	0.01904	0.02336	0.13480	0.14751	0.53074	0.02120	0.00990	0.00285	0.00425	0.01797	0.00785	0.00706
93	0.02292	0.02422	0.03142	0.04432	0.51399	0.16748	0.02337	0.02723	0.01996	0.02560	0.01500	0.01930	0.01260	0.00766	0.00806	0.00239	0.01102	0.00694	0.00415	0.01236
94	0.02046	0.50114	0.24007	0.01721	0.02595	0.02858	0.01943	0.02533	0.01709	0.02168	0.01261	0.01466	0.01062	0.00736	0.00614	0.00205	0.00996	0.00498	0.00354	0.01117
95	0.01144	0.00854	0.01017	0.01075	0.01244	0.00795	0.00808	0.01362	0.01761	0.02250	0.10819	0.12489	0.25943	0.17653	0.01763	0.00428	0.00598	0.16597	0.00722	0.00678
96	0.01109	0.00806	0.01059	0.01186	0.01312	0.00757	0.00880	0.01356	0.01829	0.02437	0.16352	0.39910	0.11058	0.02323	0.01056	0.00327	0.00519	0.14210	0.00797	0.00717
97	0.01780	0.01260	0.01621	0.01392	0.01688	0.01293	0.06826	0.15362	0.02116	0.03060	0.02792	0.16142	0.02704	0.14728	0.01471	0.00360	0.00702	0.01177	0.22646	0.00879
