[name]
unknown

[dist]
# distance from previous block
# <min> <max>
0	4

[block]
# block no. 0 follows, 20 sequences, length 68
# corresponding to MSA columns:
# 4-71
name=unknown_A
#
# <colnr> <probs for GDERKNQSTAVLIFYWHMCP>
#	G	D	E	R	K	N	Q	S	T	A	V	L	I	F	Y	W	H	M	C	P
0	0.01692	0.04363	0.01966	0.01985	0.05536	0.07115	0.04827	0.02097	0.02042	0.02567	0.03850	0.07881	0.04090	0.02017	0.01110	0.00362	0.00929	0.43970	0.00712	0.00889
1	0.01640	0.02441	0.25259	0.01691	0.02399	0.01489	0.01789	0.02537	0.12043	0.05846	0.04693	0.08430	0.23216	0.01491	0.00928	0.00290	0.00822	0.01236	0.00670	0.01089
2	0.02332	0.69869	0.04571	0.01493	0.02239	0.03451	0.01493	0.02612	0.01772	0.02052	0.01213	0.01399	0.01119	0.00746	0.00560	0.00187	0.00933	0.00466	0.00373	0.01119
3	0.02447	0.01177	0.01454	0.01220	0.01696	0.01007	0.00973	0.02734	0.02259	0.32740	0.08807	0.05657	0.30954	0.01638	0.00956	0.00282	0.00587	0.01358	0.00949	0.01106
4	0.03258	0.04157	0.02472	0.02247	0.02697	0.65843	0.01685	0.03483	0.02472	0.02135	0.01348	0.01573	0.01124	0.00899	0.00787	0.00225	0.01573	0.00562	0.00449	0.01011
5	0.02332	0.69869	0.04571	0.01493	0.02239	0.03451	0.01493	0.02612	0.01772	0.02052	0.01213	0.01399	0.01119	0.00746	0.00560	0.00187	0.00933	0.00466	0.00373	0.01119
6	0.01083	0.00879	0.00960	0.00953	0.01213	0.00756	0.00710	0.01347	0.02090	0.02630	0.22023	0.11049	0.46999	0.02132	0.01035	0.00293	0.00438	0.01809	0.00847	0.00756
7	0.01031	0.00884	0.00884	0.00884	0.01178	0.00736	0.00663	0.01252	0.01988	0.02356	0.08837	0.08395	0.63549	0.02209	0.01031	0.00295	0.00442	0.01841	0.00810	0.00736
8	0.02159	0.02073	0.03541	0.05354	0.63903	0.02073	0.02677	0.02677	0.01986	0.02850	0.01641	0.02159	0.01382	0.00777	0.00864	0.00259	0.01036	0.00777	0.00432	0.01382
9	0.01750	0.04512	0.64825	0.02486	0.03775	0.02026	0.03223	0.02762	0.01842	0.02762	0.01565	0.01842	0.01105	0.00829	0.00829	0.00276	0.01289	0.00645	0.00368	0.01289
10	0.01031	0.00884	0.00884	0.00884	0.01178	0.00736	0.00663	0.01252	0.01988	0.02356	0.08837	0.08395	0.63549	0.02209	0.01031	0.00295	0.00442	0.01841	0.00810	0.00736
11	0.01031	0.00884	0.00884	0.00884	0.01178	0.00736	0.00663	0.01252	0.01988	0.02356	0.08837	0.08395	0.63549	0.02209	0.01031	0.00295	0.00442	0.01841	0.00810	0.00736
12	0.01246	0.00935	0.01402	0.01402	0.01558	0.01090	0.01090	0.01558	0.01402	0.02025	0.02336	0.03427	0.02181	0.06542	0.65888	0.01402	0.02336	0.00935	0.00467	0.00779
13	0.01647	0.01550	0.02616	0.67248	0.06008	0.01938	0.02422	0.02229	0.01744	0.02229	0.01550	0.02326	0.01163	0.00872	0.00872	0.00291	0.01163	0.00775	0.00388	0.00969
14	0.03316	0.02443	0.02618	0.02007	0.02705	0.02705	0.01658	0.60995	0.04101	0.05497	0.02094	0.02094	0.01483	0.01047	0.00873	0.00262	0.00960	0.00785	0.00873	0.01483
15	0.03914	0.01484	0.02024	0.01552	0.02227	0.01282	0.01282	0.04251	0.02497	0.64507	0.03441	0.02969	0.02159	0.01080	0.00877	0.00270	0.00742	0.00877	0.01080	0.01484
16	0.02332	0.69869	0.04571	0.01493	0.02239	0.03451	0.01493	0.02612	0.01772	0.02052	0.01213	0.01399	0.01119	0.00746	0.00560	0.00187	0.00933	0.00466	0.00373	0.01119
17	0.01892	0.20543	0.50045	0.02242	0.03398	0.02375	0.02798	0.02726	0.01825	0.02588	0.01479	0.01733	0.01109	0.00809	0.00763	0.00254	0.01202	0.00601	0.00370	0.01248
18	0.01626	0.00813	0.00813	0.00813	0.01016	0.00813	0.00610	0.02033	0.01829	0.03252	0.02846	0.03252	0.02236	0.01016	0.00610	0.00203	0.00407	0.00813	0.74187	0.00813
19	0.03258	0.04157	0.02472	0.02247	0.02697	0.65843	0.01685	0.03483	0.02472	0.02135	0.01348	0.01573	0.01124	0.00899	0.00787	0.00225	0.01573	0.00562	0.00449	0.01011
20	0.01430	0.01105	0.01245	0.01215	0.01304	0.04639	0.00838	0.01580	0.01424	0.01959	0.02476	0.04404	0.02584	0.37641	0.22893	0.00912	0.04422	0.01067	0.06190	0.00675
21	0.03258	0.04157	0.02472	0.02247	0.02697	0.65843	0.01685	0.03483	0.02472	0.02135	0.01348	0.01573	0.01124	0.00899	0.00787	0.00225	0.01573	0.00562	0.00449	0.01011
22	0.03258	0.04157	0.02472	0.02247	0.02697	0.65843	0.01685	0.03483	0.02472	0.02135	0.01348	0.01573	0.01124	0.00899	0.00787	0.00225	0.01573	0.00562	0.00449	0.01011
23	0.01623	0.03624	0.49210	0.02146	0.03169	0.01731	0.02634	0.02489	0.01996	0.02943	0.16743	0.02988	0.02853	0.01063	0.00878	0.00276	0.01074	0.00873	0.00514	0.01175
24	0.01750	0.04512	0.64825	0.02486	0.03775	0.02026	0.03223	0.02762	0.01842	0.02762	0.01565	0.01842	0.01105	0.00829	0.00829	0.00276	0.01289	0.00645	0.00368	0.01289
25	0.01059	0.00773	0.00998	0.01178	0.01255	0.00712	0.00793	0.01219	0.01706	0.02241	0.05259	0.62016	0.12237	0.02674	0.01104	0.00348	0.00499	0.02408	0.00810	0.00712
26	0.03258	0.04157	0.02472	0.02247	0.02697	0.65843	0.01685	0.03483	0.02472	0.02135	0.01348	0.01573	0.01124	0.00899	0.00787	0.00225	0.01573	0.00562	0.00449	0.01011
27	0.01268	0.00846	0.00951	0.00951	0.00951	0.00846	0.00529	0.01268	0.01268	0.01691	0.02748	0.05708	0.03171	0.69345	0.04440	0.00846	0.00846	0.01268	0.00529	0.00529
28	0.02020	0.01703	0.02210	0.01639	0.02353	0.01488	0.06512	0.05034	0.06920	0.05601	0.01817	0.02043	0.01445	0.00779	0.00834	0.00182	0.04204	0.00641	0.00573	0.52001
29	0.02853	0.02169	0.02309	0.01866	0.02470	0.02427	0.01510	0.39582	0.22689	0.04778	0.02604	0.02532	0.01905	0.01089	0.00863	0.00269	0.00842	0.00851	0.04978	0.01413
30	0.01066	0.00885	0.00933	0.00921	0.01200	0.00752	0.00691	0.01321	0.02072	0.02556	0.18366	0.08067	0.53896	0.02135	0.01031	0.00291	0.00437	0.01795	0.00836	0.00752
31	0.01171	0.00845	0.01131	0.01322	0.01435	0.00805	0.00993	0.01407	0.01796	0.02357	0.04972	0.46453	0.08762	0.02600	0.01138	0.00366	0.00598	0.20299	0.00808	0.00741
32	0.02159	0.02073	0.03541	0.05354	0.63903	0.02073	0.02677	0.02677	0.01986	0.02850	0.01641	0.02159	0.01382	0.00777	0.00864	0.00259	0.01036	0.00777	0.00432	0.01382
33	0.01487	0.01289	0.02053	0.01771	0.01965	0.01465	0.09845	0.01757	0.01451	0.02062	0.02154	0.03613	0.02138	0.21564	0.28972	0.00913	0.13227	0.01008	0.00465	0.00801
34	0.01262	0.00872	0.01084	0.01084	0.01130	0.00918	0.00694	0.01354	0.01308	0.01790	0.02627	0.05036	0.02880	0.50851	0.22534	0.01009	0.01285	0.01170	0.00511	0.00602
35	0.01278	0.00982	0.01463	0.01445	0.01593	0.01167	0.01130	0.01584	0.01399	0.02029	0.02279	0.03353	0.02131	0.06299	0.62834	0.01352	0.05506	0.00926	0.00463	0.00787
36	0.02339	0.61144	0.09109	0.01612	0.02383	0.06831	0.01637	0.02672	0.01817	0.02112	0.01248	0.01443	0.01119	0.00761	0.00593	0.00196	0.00996	0.00486	0.00377	0.01126
37	0.01184	0.00898	0.01096	0.01069	0.01303	0.00810	0.00818	0.01534	0.02282	0.03070	0.41688	0.07365	0.25417	0.01966	0.01043	0.00291	0.00451	0.06023	0.00901	0.00794
38	0.02042	0.01763	0.01851	0.01675	0.02146	0.02009	0.01300	0.04256	0.55573	0.03504	0.04142	0.03830	0.09478	0.01298	0.00904	0.00296	0.00663	0.01082	0.00879	0.01309
39	0.02744	0.03216	0.02527	0.23125	0.03761	0.41494	0.01921	0.06549	0.02336	0.02368	0.01458	0.01846	0.01158	0.00899	0.00819	0.00248	0.01404	0.00644	0.00455	0.01026
40	0.02062	0.01974	0.03366	0.17065	0.52949	0.02047	0.02629	0.02592	0.01940	0.02732	0.01624	0.02190	0.01340	0.00795	0.00865	0.00265	0.01060	0.00777	0.00423	0.01304
41	0.01297	0.01010	0.01500	0.01470	0.01614	0.01213	0.01154	0.01599	0.01397	0.02031	0.02244	0.03309	0.02101	0.06155	0.61018	0.01323	0.07391	0.00921	0.00461	0.00792
42	0.03168	0.03399	0.02625	0.02478	0.08776	0.39219	0.01775	0.21888	0.02947	0.03287	0.01617	0.01799	0.01265	0.00934	0.00822	0.00240	0.01323	0.00655	0.00584	0.01200
43	0.01368	0.01128	0.01232	0.01164	0.01481	0.01112	0.00885	0.02193	0.16860	0.03006	0.23512	0.06590	0.32510	0.01834	0.00995	0.00289	0.00494	0.01555	0.00873	0.00919
44	0.02244	0.02180	0.02830	0.03658	0.34554	0.08362	0.02063	0.03308	0.20128	0.03018	0.02178	0.02402	0.01734	0.00901	0.00846	0.00257	0.00956	0.00798	0.00577	0.07008
45	0.02195	0.02304	0.06598	0.05048	0.57691	0.05360	0.02654	0.02723	0.02004	0.02808	0.01622	0.02113	0.01354	0.00786	0.00858	0.00258	0.01077	0.00759	0.00429	0.01358
46	0.02342	0.02893	0.07508	0.03351	0.07124	0.17799	0.40268	0.02955	0.02145	0.02634	0.01646	0.02125	0.01266	0.00782	0.00951	0.00274	0.01464	0.00882	0.00439	0.01152
47	0.01146	0.00864	0.01014	0.01119	0.01280	0.00805	0.00784	0.01464	0.05175	0.02405	0.05899	0.42384	0.23636	0.02385	0.01047	0.00324	0.00491	0.02101	0.04919	0.00761
48	0.03033	0.02170	0.02316	0.01807	0.02422	0.02388	0.01482	0.51122	0.03721	0.05121	0.02220	0.02288	0.01609	0.01042	0.00829	0.00252	0.00867	0.00790	0.13148	0.01371
49	0.22008	0.44292	0.06953	0.04848	0.02370	0.02890	0.01489	0.02588	0.01697	0.02603	0.01250	0.01477	0.01074	0.00774	0.00586	0.00219	0.00895	0.00494	0.00419	0.01074
50	0.01768	0.04382	0.61225	0.02558	0.03823	0.02037	0.06692	0.02764	0.01855	0.02764	0.01577	0.01872	0.01118	0.00823	0.00841	0.00277	0.01300	0.00668	0.00373	0.01282
51	0.01031	0.00884	0.00884	0.00884	0.01178	0.00736	0.00663	0.01252	0.01988	0.02356	0.08837	0.08395	0.63549	0.02209	0.01031	0.00295	0.00442	0.01841	0.00810	0.00736
52	0.01182	0.00809	0.00977	0.01062	0.01083	0.00788	0.00647	0.01246	0.01437	0.01917	0.03615	0.32240	0.04264	0.41322	0.03040	0.00639	0.00703	0.01778	0.00647	0.00604
53	0.03262	0.04054	0.02481	0.02233	0.02697	0.62034	0.01684	0.06952	0.02570	0.02338	0.01393	0.01604	0.01145	0.00908	0.00792	0.00227	0.01536	0.00575	0.00475	0.01040
54	0.02159	0.02073	0.03541	0.05354	0.63903	0.02073	0.02677	0.02677	0.01986	0.02850	0.01641	0.02159	0.01382	0.00777	0.00864	0.00259	0.01036	0.00777	0.00432	0.01382
55	0.01063	0.00759	0.01012	0.01215	0.01265	0.00709	0.00810	0.01215	0.01670	0.02227	0.04808	0.68775	0.05769	0.02733	0.01113	0.00354	0.00506	0.02480	0.00810	0.00709
56	0.01117	0.00809	0.01056	0.01159	0.01273	0.00747	0.00806	0.01357	0.01947	0.02647	0.24097	0.45379	0.09571	0.02397	0.01082	0.00325	0.00472	0.02153	0.00859	0.00747
57	0.01092	0.00918	0.00955	0.00971	0.01244	0.00805	0.00718	0.01417	0.04984	0.02405	0.08055	0.15868	0.53086	0.02225	0.01034	0.00302	0.00463	0.01880	0.00814	0.00765
58	0.01031	0.00884	0.00884	0.00884	0.01178	0.00736	0.00663	0.01252	0.01988	0.02356	0.08837	0.08395	0.63549	0.02209	0.01031	0.00295	0.00442	0.01841	0.00810	0.00736
59	0.01626	0.00813	0.00813	0.00813	0.01016	0.00813	0.00610	0.02033	0.01829	0.03252	0.02846	0.03252	0.02236	0.01016	0.00610	0.00203	0.00407	0.00813	0.74187	0.00813
60	0.02119	0.02032	0.03469	0.10136	0.59430	0.02062	0.02657	0.02642	0.01967	0.02802	0.01634	0.02172	0.01365	0.00785	0.00864	0.00262	0.01046	0.00777	0.00428	0.01350
61	0.03258	0.04157	0.02472	0.02247	0.02697	0.65843	0.01685	0.03483	0.02472	0.02135	0.01348	0.01573	0.01124	0.00899	0.00787	0.00225	0.01573	0.00562	0.00449	0.01011
62	0.01031	0.00884	0.00884	0.00884	0.01178	0.00736	0.00663	0.01252	0.01988	0.02356	0.08837	0.08395	0.63549	0.02209	0.01031	0.00295	0.00442	0.01841	0.00810	0.00736
63	0.01031	0.00884	0.00884	0.00884	0.01178	0.00736	0.00663	0.01252	0.01988	0.02356	0.08837	0.08395	0.63549	0.02209	0.01031	0.00295	0.00442	0.01841	0.00810	0.00736
64	0.01921	0.21674	0.42319	0.02201	0.03212	0.02473	0.02625	0.02654	0.01771	0.02504	0.01428	0.01731	0.01113	0.00879	0.00968	0.00263	0.08075	0.00609	0.00371	0.01209
65	0.02194	0.54385	0.18846	0.01728	0.02603	0.03114	0.01902	0.02648	0.01789	0.02220	0.01296	0.01504	0.01116	0.00766	0.00623	0.00208	0.01017	0.00509	0.00372	0.01160
66	0.02448	0.02643	0.03336	0.04440	0.44571	0.19110	0.05334	0.02898	0.02120	0.02656	0.01569	0.02012	0.01310	0.00808	0.00851	0.00252	0.01201	0.00732	0.00437	0.01272
67	0.09840	0.01311	0.01407	0.01235	0.01610	0.01328	0.00969	0.14398	0.02568	0.03635	0.27148	0.05558	0.22396	0.01644	0.00942	0.00277	0.00568	0.01363	0.00850	0.00953

[dist]
# distance from previous block
# <min> <max>
0	1

[block]
# block no. 1 follows, 20 sequences, length 13
# corresponding to MSA columns:
# 73-85
name=unknown_B
#
# <colnr> <probs for GDERKNQSTAVLIFYWHMCP>
#	G	D	E	R	K	N	Q	S	T	A	V	L	I	F	Y	W	H	M	C	P
0	0.01895	0.06025	0.01668	0.01340	0.01685	0.01557	0.01070	0.10149	0.12768	0.03217	0.02628	0.03018	0.02121	0.02459	0.17551	0.00536	0.01064	0.00848	0.27389	0.01014
1	0.02061	0.25700	0.26133	0.02892	0.16859	0.02528	0.07048	0.02695	0.01868	0.02547	0.01480	0.01805	0.01189	0.00782	0.00762	0.00244	0.01127	0.00645	0.00390	0.01244
2	0.01576	0.01416	0.01789	0.01657	0.01758	0.05444	0.01292	0.01796	0.01425	0.02003	0.01973	0.03201	0.01951	0.14445	0.32893	0.00929	0.22285	0.00911	0.00449	0.00808
3	0.07389	0.13939	0.07396	0.01441	0.02188	0.01738	0.01301	0.04817	0.01871	0.02852	0.01686	0.05758	0.01498	0.00834	0.00676	0.00181	0.00757	0.00645	0.00514	0.42520
4	0.02298	0.02488	0.02594	0.03264	0.27521	0.23037	0.01884	0.02641	0.02077	0.02495	0.02124	0.14290	0.02103	0.01171	0.00869	0.00256	0.01090	0.01003	0.00514	0.06281
5	0.07233	0.07715	0.02531	0.22800	0.08311	0.14555	0.01783	0.02691	0.05204	0.02562	0.01576	0.01972	0.01261	0.00827	0.00762	0.00233	0.01052	0.00647	0.00466	0.15820
6	0.01579	0.07038	0.01569	0.01292	0.01612	0.10975	0.01026	0.01878	0.02170	0.02623	0.20473	0.06489	0.27065	0.01807	0.00977	0.00284	0.00695	0.08852	0.00757	0.00841
7	0.01268	0.01094	0.01394	0.01380	0.01498	0.01220	0.01042	0.01453	0.01690	0.02237	0.05204	0.31711	0.23698	0.02251	0.01533	0.00342	0.17674	0.01830	0.00700	0.00781
8	0.02524	0.27823	0.07628	0.01967	0.02512	0.24249	0.01743	0.02945	0.05339	0.02228	0.01403	0.01679	0.01211	0.00959	0.01061	0.00245	0.12385	0.00590	0.00429	0.01082
9	0.08044	0.07103	0.28988	0.05707	0.03151	0.10766	0.02310	0.06651	0.02016	0.06642	0.01588	0.01869	0.01194	0.00950	0.01044	0.00276	0.09391	0.00655	0.00473	0.01181
10	0.24874	0.02644	0.11717	0.01747	0.02298	0.17814	0.01573	0.02763	0.01976	0.06850	0.10112	0.02371	0.02123	0.01047	0.00930	0.00270	0.06563	0.00725	0.00569	0.01033
11	0.10270	0.02185	0.08082	0.05456	0.02455	0.07983	0.01591	0.12597	0.08082	0.03230	0.06411	0.07783	0.07206	0.01329	0.01171	0.00294	0.11160	0.00993	0.00641	0.01080
12	0.07986	0.07392	0.14009	0.14275	0.09123	0.13345	0.01988	0.06985	0.02083	0.02869	0.01686	0.02054	0.01311	0.00878	0.00765	0.00251	0.01078	0.00673	0.10147	0.01102

[dist]
# distance from previous block
# <min> <max>
10	49

[block]
# block no. 2 follows, 20 sequences, length 12
# corresponding to MSA columns:
# 135-146
name=unknown_C
#
# <colnr> <probs for GDERKNQSTAVLIFYWHMCP>
#	G	D	E	R	K	N	Q	S	T	A	V	L	I	F	Y	W	H	M	C	P
0	0.02544	0.02360	0.02274	0.01901	0.02416	0.16357	0.05204	0.23425	0.07926	0.03670	0.08301	0.03721	0.10412	0.01296	0.00917	0.00271	0.00985	0.04118	0.00746	0.01157
1	0.02341	0.01918	0.01968	0.01911	0.07350	0.10456	0.01386	0.13164	0.08579	0.09803	0.06240	0.04529	0.15730	0.01421	0.00927	0.00277	0.00841	0.06669	0.00770	0.03721
2	0.08944	0.02557	0.05856	0.12652	0.05851	0.14226	0.01820	0.26095	0.02799	0.03711	0.01757	0.02050	0.01337	0.01298	0.04983	0.00334	0.01193	0.00716	0.00613	0.01205
3	0.01977	0.22728	0.32315	0.02330	0.03354	0.02408	0.12910	0.02685	0.01858	0.02569	0.01499	0.01804	0.01162	0.00775	0.00774	0.00243	0.01174	0.00653	0.00393	0.06389
4	0.02399	0.17219	0.06193	0.03159	0.18255	0.11585	0.14810	0.07639	0.02162	0.02741	0.01542	0.01922	0.01261	0.00843	0.00927	0.00253	0.04695	0.00729	0.00455	0.01210
5	0.01521	0.01395	0.01343	0.01343	0.01554	0.11307	0.00998	0.01826	0.02205	0.02822	0.30809	0.21594	0.09351	0.01953	0.01026	0.00298	0.00657	0.06360	0.00819	0.00818
6	0.01888	0.01284	0.01470	0.04093	0.01731	0.01396	0.01011	0.15274	0.04569	0.03170	0.02546	0.03567	0.02253	0.18296	0.11653	0.00563	0.00978	0.00940	0.22398	0.00921
7	0.01957	0.02054	0.02370	0.02070	0.02297	0.15249	0.06592	0.02247	0.01660	0.02139	0.01684	0.02441	0.01541	0.03192	0.25705	0.00721	0.23922	0.00808	0.00433	0.00920
8	0.01455	0.01087	0.01524	0.01463	0.01673	0.01253	0.01148	0.07543	0.01674	0.02375	0.02312	0.03293	0.02110	0.05989	0.59340	0.01287	0.02198	0.00920	0.00508	0.00850
9	0.01976	0.02432	0.14092	0.16423	0.33691	0.02059	0.11404	0.02624	0.01926	0.02708	0.01629	0.02165	0.01284	0.00798	0.00884	0.00273	0.01169	0.00792	0.00414	0.01256
10	0.02885	0.08742	0.03186	0.02391	0.02974	0.29538	0.12497	0.17048	0.02654	0.03057	0.01579	0.01849	0.01248	0.00934	0.00972	0.00254	0.05785	0.00707	0.00539	0.01160
11	0.01613	0.01245	0.01779	0.06447	0.08212	0.01396	0.01349	0.08202	0.01794	0.02546	0.02235	0.03197	0.02012	0.08248	0.40748	0.00990	0.01787	0.00904	0.04381	0.00917

[dist]
# distance from previous block
# <min> <max>
16	107

[block]
# block no. 3 follows, 20 sequences, length 14
# corresponding to MSA columns:
# 293-306
name=unknown_D
#
# <colnr> <probs for GDERKNQSTAVLIFYWHMCP>
#	G	D	E	R	K	N	Q	S	T	A	V	L	I	F	Y	W	H	M	C	P
0	0.10039	0.07022	0.02473	0.07588	0.02737	0.19056	0.04011	0.18200	0.02496	0.03224	0.01728	0.02098	0.01393	0.01872	0.11880	0.00446	0.01365	0.00707	0.00564	0.01101
1	0.27334	0.02629	0.02058	0.01756	0.02312	0.21526	0.01392	0.17669	0.06442	0.06640	0.01733	0.01827	0.01303	0.00933	0.00737	0.00256	0.01023	0.00630	0.00644	0.01154
2	0.09199	0.07295	0.01674	0.01222	0.01693	0.01467	0.00978	0.08376	0.05048	0.03049	0.09914	0.04709	0.23274	0.04824	0.01021	0.00277	0.00629	0.01147	0.00705	0.13501
3	0.01382	0.01091	0.01456	0.01622	0.06856	0.01112	0.01068	0.01890	0.08132	0.02855	0.25542	0.27097	0.05621	0.05727	0.01301	0.00340	0.03519	0.01707	0.00805	0.00878
4	0.02159	0.02073	0.03541	0.05354	0.63903	0.02073	0.02677	0.02677	0.01986	0.02850	0.01641	0.02159	0.01382	0.00777	0.00864	0.00259	0.01036	0.00777	0.00432	0.01382
5	0.01441	0.01287	0.01222	0.01250	0.01474	0.08368	0.00952	0.01663	0.01894	0.02255	0.05517	0.07411	0.27516	0.16661	0.01788	0.00435	0.00757	0.16664	0.00705	0.00741
6	0.02664	0.02335	0.02093	0.01850	0.02359	0.16455	0.01436	0.04320	0.40272	0.11960	0.03036	0.02833	0.02243	0.01104	0.00863	0.00276	0.00898	0.00875	0.00816	0.01312
7	0.02062	0.02269	0.08461	0.02116	0.08853	0.10320	0.01602	0.03134	0.20990	0.02923	0.02542	0.10025	0.02210	0.01124	0.00837	0.00249	0.00875	0.00939	0.00634	0.17834
8	0.01063	0.00759	0.01012	0.01215	0.01265	0.00709	0.00810	0.01215	0.01670	0.02227	0.04808	0.68775	0.05769	0.02733	0.01113	0.00354	0.00506	0.02480	0.00810	0.00709
9	0.01518	0.01276	0.02024	0.39548	0.04062	0.01530	0.01790	0.02005	0.01739	0.02401	0.07248	0.03037	0.02122	0.02250	0.15574	0.00532	0.01283	0.00885	0.08280	0.00897
10	0.02299	0.02434	0.03103	0.17775	0.37774	0.16478	0.02399	0.02764	0.02045	0.02556	0.01555	0.02062	0.01277	0.00825	0.00848	0.00258	0.01185	0.00728	0.00426	0.01210
11	0.02014	0.02571	0.17318	0.11011	0.44395	0.02048	0.02775	0.02651	0.01929	0.02767	0.01614	0.02104	0.01297	0.00799	0.00857	0.00266	0.01106	0.00747	0.00413	0.01319
12	0.24004	0.07648	0.27830	0.02472	0.12795	0.06136	0.02239	0.02725	0.01794	0.03033	0.01435	0.01720	0.01104	0.00814	0.00727	0.00262	0.01058	0.00598	0.00435	0.01172
13	0.02438	0.07676	0.02421	0.02208	0.12630	0.16012	0.01495	0.02781	0.02089	0.10479	0.02369	0.02503	0.06780	0.00925	0.00771	0.00210	0.00938	0.00728	0.00573	0.23975

[dist]
# distance from previous block
# <min> <max>
9	14

[block]
# block no. 4 follows, 20 sequences, length 7
# corresponding to MSA columns:
# 321-327
name=unknown_E
#
# <colnr> <probs for GDERKNQSTAVLIFYWHMCP>
#	G	D	E	R	K	N	Q	S	T	A	V	L	I	F	Y	W	H	M	C	P
0	0.02432	0.12269	0.02931	0.02374	0.11493	0.10507	0.06854	0.05461	0.10907	0.07728	0.01969	0.02130	0.01536	0.00850	0.00780	0.00225	0.00969	0.00707	0.00580	0.17297
1	0.02493	0.17948	0.08417	0.09457	0.12094	0.13217	0.01966	0.12937	0.07949	0.03003	0.01734	0.01970	0.01368	0.00889	0.00784	0.00246	0.01093	0.00680	0.00529	0.01225
2	0.02272	0.02434	0.03734	0.08022	0.36004	0.11878	0.17352	0.02805	0.02065	0.02690	0.01622	0.02128	0.01315	0.00791	0.00895	0.00265	0.01237	0.00809	0.00434	0.01249
3	0.01125	0.00822	0.01049	0.01175	0.01292	0.00763	0.00831	0.01337	0.01835	0.02428	0.13356	0.42888	0.13962	0.06062	0.01277	0.00366	0.00530	0.07361	0.00815	0.00727
4	0.12847	0.02983	0.02387	0.01983	0.02567	0.26191	0.01574	0.31779	0.03146	0.04032	0.01699	0.01810	0.01278	0.00960	0.00796	0.00249	0.01151	0.00660	0.00670	0.01236
5	0.01389	0.01371	0.01157	0.01114	0.01420	0.10418	0.00836	0.01635	0.02124	0.02475	0.14950	0.07133	0.46957	0.01958	0.00994	0.00282	0.00606	0.01616	0.00776	0.00789
6	0.01194	0.00847	0.01045	0.01103	0.01203	0.00806	0.00752	0.01377	0.01762	0.02364	0.17246	0.24003	0.10296	0.25021	0.02222	0.00502	0.00618	0.06209	0.00747	0.00682

[dist]
# distance from previous block
# <min> <max>
17	97

[block]
# block no. 5 follows, 20 sequences, length 46
# corresponding to MSA columns:
# 427-472
name=unknown_F
#
# <colnr> <probs for GDERKNQSTAVLIFYWHMCP>
#	G	D	E	R	K	N	Q	S	T	A	V	L	I	F	Y	W	H	M	C	P
0	0.13886	0.12159	0.02266	0.05873	0.02281	0.01790	0.04499	0.02802	0.07774	0.14777	0.08145	0.03361	0.08605	0.04012	0.00953	0.00284	0.00766	0.00922	0.00698	0.04147
1	0.02300	0.08702	0.17154	0.17054	0.07529	0.16334	0.02237	0.09494	0.02235	0.02757	0.01719	0.02347	0.01402	0.00957	0.00835	0.00265	0.01212	0.03848	0.00478	0.01142
2	0.02598	0.05567	0.06083	0.06484	0.07568	0.14867	0.01848	0.19973	0.08940	0.03363	0.01858	0.02124	0.01460	0.01266	0.03833	0.00320	0.09288	0.00743	0.00599	0.01218
3	0.02382	0.02444	0.02020	0.01807	0.02134	0.24918	0.01390	0.11815	0.02308	0.02732	0.02635	0.08516	0.07522	0.04848	0.05419	0.00372	0.10113	0.00978	0.04667	0.00980
4	0.15516	0.07557	0.02296	0.02098	0.09026	0.16906	0.01504	0.03307	0.13820	0.09823	0.02210	0.02554	0.01768	0.01268	0.03826	0.00316	0.01039	0.03381	0.00631	0.01154
5	0.01776	0.18251	0.06584	0.01862	0.08858	0.04782	0.01412	0.05284	0.02029	0.02588	0.08275	0.18726	0.13138	0.01562	0.00883	0.00270	0.00779	0.01316	0.00630	0.00994
6	0.01291	0.01038	0.01227	0.01134	0.01479	0.00861	0.00837	0.01561	0.01892	0.02593	0.11987	0.25652	0.20301	0.01873	0.00946	0.00263	0.00518	0.01631	0.00743	0.22174
7	0.01853	0.01702	0.02599	0.03379	0.31286	0.01830	0.01944	0.02426	0.06655	0.02856	0.12908	0.03704	0.06730	0.01273	0.01251	0.00294	0.11903	0.03668	0.00591	0.01147
8	0.01357	0.01297	0.02074	0.01798	0.05040	0.01166	0.15291	0.01738	0.02059	0.02615	0.12929	0.06422	0.39283	0.01736	0.01022	0.00290	0.00716	0.01564	0.00720	0.00884
9	0.02995	0.22977	0.03086	0.02015	0.02565	0.43867	0.01628	0.06880	0.02374	0.02324	0.01357	0.01556	0.01145	0.00864	0.00727	0.00216	0.01350	0.00549	0.00454	0.01072
10	0.01750	0.04512	0.64825	0.02486	0.03775	0.02026	0.03223	0.02762	0.01842	0.02762	0.01565	0.01842	0.01105	0.00829	0.00829	0.00276	0.01289	0.00645	0.00368	0.01289
11	0.02224	0.02093	0.03488	0.05165	0.60447	0.02108	0.02619	0.05971	0.02106	0.02999	0.01666	0.02155	0.01387	0.00792	0.00864	0.00259	0.01032	0.00778	0.00457	0.01387
12	0.03316	0.02443	0.02618	0.02007	0.02705	0.02705	0.01658	0.60995	0.04101	0.05497	0.02094	0.02094	0.01483	0.01047	0.00873	0.00262	0.00960	0.00785	0.00873	0.01483
13	0.01268	0.00846	0.00951	0.00951	0.00951	0.00846	0.00529	0.01268	0.01268	0.01691	0.02748	0.05708	0.03171	0.69345	0.04440	0.00846	0.00846	0.01268	0.00529	0.00529
14	0.01181	0.00844	0.01148	0.01350	0.01452	0.00811	0.01016	0.01419	0.01787	0.02359	0.04742	0.48421	0.05510	0.02621	0.01145	0.00371	0.00609	0.21666	0.00807	0.00741
15	0.01908	0.01908	0.02672	0.02290	0.02290	0.02672	0.01908	0.02099	0.01336	0.02099	0.01145	0.01908	0.01145	0.01527	0.02863	0.00382	0.67748	0.00763	0.00382	0.00954
16	0.02130	0.02050	0.03493	0.08082	0.55647	0.02076	0.05147	0.02752	0.04798	0.02855	0.01731	0.02227	0.01429	0.00799	0.00872	0.00264	0.01045	0.00798	0.00451	0.01353
17	0.03258	0.04157	0.02472	0.02247	0.02697	0.65843	0.01685	0.03483	0.02472	0.02135	0.01348	0.01573	0.01124	0.00899	0.00787	0.00225	0.01573	0.00562	0.00449	0.01011
18	0.03262	0.04043	0.02482	0.02231	0.02697	0.61615	0.01684	0.07334	0.02581	0.02360	0.01398	0.01608	0.01148	0.00909	0.00792	0.00227	0.01532	0.00577	0.00478	0.01043
19	0.01745	0.01650	0.02792	0.55465	0.17030	0.01964	0.02471	0.02314	0.01790	0.02347	0.01568	0.02294	0.01204	0.00854	0.00870	0.00285	0.01139	0.00776	0.00396	0.01048
20	0.03258	0.04157	0.02472	0.02247	0.02697	0.65843	0.01685	0.03483	0.02472	0.02135	0.01348	0.01573	0.01124	0.00899	0.00787	0.00225	0.01573	0.00562	0.00449	0.01011
21	0.01063	0.00759	0.01012	0.01215	0.01265	0.00709	0.00810	0.01215	0.01670	0.02227	0.04808	0.68775	0.05769	0.02733	0.01113	0.00354	0.00506	0.02480	0.00810	0.00709
22	0.01063	0.00759	0.01012	0.01215	0.01265	0.00709	0.00810	0.01215	0.01670	0.02227	0.04808	0.68775	0.05769	0.02733	0.01113	0.00354	0.00506	0.02480	0.00810	0.00709
23	0.02159	0.02073	0.03541	0.05354	0.63903	0.02073	0.02677	0.02677	0.01986	0.02850	0.01641	0.02159	0.01382	0.00777	0.00864	0.00259	0.01036	0.00777	0.00432	0.01382
24	0.01038	0.00855	0.00914	0.00961	0.01198	0.00730	0.00697	0.01243	0.01914	0.02326	0.07899	0.22438	0.50110	0.02331	0.01050	0.00308	0.00457	0.01990	0.00810	0.00730
25	0.01254	0.00904	0.01246	0.01246	0.01348	0.01006	0.00896	0.01458	0.01356	0.01910	0.02479	0.04214	0.02523	0.28221	0.44677	0.01210	0.01822	0.01050	0.00488	0.00692
26	0.01063	0.00759	0.01012	0.01215	0.01265	0.00709	0.00810	0.01215	0.01670	0.02227	0.04808	0.68775	0.05769	0.02733	0.01113	0.00354	0.00506	0.02480	0.00810	0.00709
27	0.03258	0.04157	0.02472	0.02247	0.02697	0.65843	0.01685	0.03483	0.02472	0.02135	0.01348	0.01573	0.01124	0.00899	0.00787	0.00225	0.01573	0.00562	0.00449	0.01011
28	0.75506	0.01687	0.01282	0.01147	0.01687	0.01957	0.00945	0.02564	0.01484	0.03914	0.01215	0.01417	0.00945	0.00810	0.00540	0.00270	0.00675	0.00472	0.00540	0.00945
29	0.02184	0.41862	0.26195	0.01902	0.02824	0.07115	0.02130	0.02725	0.01844	0.02314	0.01349	0.01571	0.01114	0.00786	0.00672	0.00222	0.01104	0.00537	0.00377	0.01173
30	0.01306	0.01070	0.01180	0.01204	0.01461	0.01059	0.00880	0.02023	0.15857	0.02611	0.06220	0.28058	0.29488	0.02152	0.01026	0.00315	0.00522	0.01864	0.00828	0.00876
31	0.01038	0.00856	0.00913	0.00958	0.01198	0.00730	0.00696	0.01243	0.01916	0.02327	0.07927	0.22030	0.50501	0.02327	0.01050	0.00308	0.00456	0.01985	0.00810	0.00730
32	0.01724	0.01221	0.01526	0.01390	0.01563	0.01466	0.01109	0.05688	0.01757	0.02839	0.02256	0.02874	0.01898	0.02326	0.15108	0.00508	0.18005	0.00825	0.35032	0.00884
33	0.03258	0.04157	0.02472	0.02247	0.02697	0.65843	0.01685	0.03483	0.02472	0.02135	0.01348	0.01573	0.01124	0.00899	0.00787	0.00225	0.01573	0.00562	0.00449	0.01011
34	0.01146	0.00871	0.01054	0.01045	0.01258	0.00780	0.00770	0.01461	0.02205	0.02958	0.37906	0.15684	0.25588	0.02050	0.01041	0.00292	0.00434	0.01786	0.00891	0.00780
35	0.01246	0.00935	0.01402	0.01402	0.01558	0.01090	0.01090	0.01558	0.01402	0.02025	0.02336	0.03427	0.02181	0.06542	0.65888	0.01402	0.02336	0.00935	0.00467	0.00779
36	0.02365	0.17965	0.07324	0.11807	0.23883	0.17499	0.02175	0.02799	0.02012	0.02412	0.01458	0.01850	0.01214	0.00815	0.00776	0.00240	0.01173	0.00647	0.00413	0.01174
37	0.02126	0.02039	0.03481	0.09320	0.60193	0.02064	0.02661	0.02648	0.01971	0.02810	0.01635	0.02170	0.01368	0.00783	0.00864	0.00261	0.01044	0.00777	0.00429	0.01355
38	0.01087	0.00834	0.01002	0.01110	0.01276	0.00749	0.00800	0.01299	0.01865	0.02379	0.09666	0.37275	0.28242	0.02451	0.01084	0.00330	0.00499	0.06502	0.00818	0.00733
39	0.01788	0.01364	0.01455	0.01306	0.01684	0.01432	0.01014	0.10612	0.19119	0.03458	0.13376	0.04996	0.20178	0.01510	0.00901	0.00273	0.00572	0.01254	0.12664	0.01044
40	0.02086	0.01998	0.03409	0.14134	0.55691	0.02053	0.02641	0.02613	0.01952	0.02762	0.01628	0.02183	0.01351	0.00791	0.00865	0.00264	0.01054	0.00777	0.00426	0.01323
41	0.02153	0.02248	0.02622	0.02962	0.20141	0.17388	0.05083	0.02517	0.01884	0.02412	0.01736	0.02341	0.01512	0.02209	0.15690	0.00522	0.10146	0.00774	0.04604	0.01057
42	0.01870	0.01866	0.02229	0.21026	0.13292	0.13046	0.01765	0.02307	0.02098	0.02667	0.19534	0.03463	0.03320	0.01566	0.05957	0.00355	0.01089	0.00982	0.00578	0.00988
43	0.11633	0.01779	0.02373	0.06002	0.12203	0.02136	0.01730	0.06918	0.01839	0.06798	0.02074	0.02490	0.05481	0.01232	0.01617	0.00312	0.27405	0.00812	0.04089	0.01076
44	0.02024	0.01836	0.01705	0.01710	0.04385	0.17674	0.01193	0.06519	0.01864	0.02215	0.02161	0.13350	0.02186	0.02581	0.09087	0.26077	0.01130	0.01016	0.00519	0.00769
45	0.23762	0.02638	0.02446	0.07878	0.20292	0.23983	0.01814	0.02887	0.01989	0.02864	0.01409	0.01755	0.01149	0.00836	0.00744	0.00253	0.01126	0.00615	0.00466	0.01095

[dist]
# distance from previous block
# <min> <max>
3	18

[block]
# block no. 6 follows, 20 sequences, length 98
# corresponding to MSA columns:
# 491-588
name=unknown_G
#
# <colnr> <probs for GDERKNQSTAVLIFYWHMCP>
#	G	D	E	R	K	N	Q	S	T	A	V	L	I	F	Y	W	H	M	C	P
0	0.01979	0.01816	0.02402	0.06937	0.02744	0.05252	0.11442	0.06909	0.23149	0.03280	0.13635	0.04119	0.05936	0.01295	0.00957	0.00293	0.00872	0.05094	0.00753	0.01136
1	0.05747	0.14179	0.02809	0.01938	0.02508	0.22026	0.04959	0.19815	0.02764	0.03391	0.09625	0.02377	0.02155	0.01018	0.00809	0.00241	0.01092	0.00766	0.00630	0.01150
2	0.06944	0.01588	0.02459	0.08238	0.32986	0.01608	0.01873	0.02253	0.02082	0.03056	0.21050	0.03744	0.06203	0.01161	0.00900	0.00269	0.00801	0.01050	0.00616	0.01118
3	0.02237	0.02425	0.03641	0.04022	0.31771	0.12841	0.19323	0.02748	0.02090	0.02677	0.02133	0.02555	0.05694	0.00886	0.00911	0.00266	0.01212	0.00889	0.00464	0.01213
4	0.02889	0.03357	0.05865	0.06958	0.11144	0.36497	0.04565	0.12989	0.02587	0.02867	0.01556	0.01836	0.01229	0.00895	0.00830	0.00246	0.01352	0.00667	0.00510	0.01159
5	0.02159	0.02073	0.03541	0.05354	0.63903	0.02073	0.02677	0.02677	0.01986	0.02850	0.01641	0.02159	0.01382	0.00777	0.00864	0.00259	0.01036	0.00777	0.00432	0.01382
6	0.01343	0.00963	0.01317	0.01419	0.01622	0.00937	0.01191	0.01748	0.02178	0.02937	0.26261	0.08617	0.06201	0.02179	0.01140	0.00355	0.00659	0.37262	0.00861	0.00811
7	0.02159	0.02064	0.03471	0.05196	0.61178	0.02077	0.02620	0.02764	0.04655	0.02885	0.01725	0.02207	0.01438	0.00795	0.00865	0.00261	0.01021	0.00786	0.00452	0.01382
8	0.01094	0.00838	0.01089	0.05476	0.01557	0.00795	0.00884	0.01289	0.01744	0.02255	0.05471	0.51264	0.18051	0.02497	0.01080	0.00337	0.00535	0.02229	0.00782	0.00732
9	0.01246	0.00935	0.01402	0.01402	0.01558	0.01090	0.01090	0.01558	0.01402	0.02025	0.02336	0.03427	0.02181	0.06542	0.65888	0.01402	0.02336	0.00935	0.00467	0.00779
10	0.03258	0.04157	0.02472	0.02247	0.02697	0.65843	0.01685	0.03483	0.02472	0.02135	0.01348	0.01573	0.01124	0.00899	0.00787	0.00225	0.01573	0.00562	0.00449	0.01011
11	0.01772	0.04380	0.61516	0.02641	0.07022	0.02028	0.03193	0.02758	0.01849	0.02767	0.01569	0.01859	0.01120	0.00826	0.00831	0.00275	0.01275	0.00652	0.00372	0.01294
12	0.20971	0.02004	0.02135	0.01677	0.02330	0.02143	0.01385	0.31656	0.03038	0.20898	0.02241	0.02164	0.01534	0.00998	0.00793	0.00266	0.00833	0.00734	0.00847	0.01353
13	0.03258	0.04157	0.02472	0.02247	0.02697	0.65843	0.01685	0.03483	0.02472	0.02135	0.01348	0.01573	0.01124	0.00899	0.00787	0.00225	0.01573	0.00562	0.00449	0.01011
14	0.01147	0.00861	0.01063	0.01070	0.01264	0.00777	0.00781	0.01455	0.02177	0.02941	0.37262	0.20537	0.21280	0.02095	0.01048	0.00297	0.00440	0.01839	0.00891	0.00777
15	0.01253	0.00839	0.00956	0.00971	0.00975	0.00835	0.00550	0.01264	0.01299	0.01732	0.02905	0.10493	0.03368	0.64291	0.04187	0.00808	0.00820	0.01360	0.00550	0.00542
16	0.01258	0.00886	0.01154	0.01154	0.01224	0.00956	0.00781	0.01399	0.01329	0.01842	0.02563	0.04681	0.02725	0.41072	0.32103	0.01096	0.01517	0.01118	0.00501	0.00641
17	0.02170	0.01874	0.01972	0.01775	0.02268	0.02170	0.01381	0.04635	0.62327	0.03649	0.03550	0.03254	0.02663	0.01183	0.00888	0.00296	0.00690	0.00986	0.00888	0.01381
18	0.01260	0.00879	0.01120	0.01120	0.01178	0.00937	0.00739	0.01377	0.01318	0.01816	0.02594	0.04854	0.02800	0.45822	0.27455	0.01054	0.01404	0.01143	0.00506	0.00622
19	0.01537	0.01278	0.01849	0.02225	0.15636	0.01377	0.01396	0.01977	0.04397	0.02465	0.03329	0.03875	0.12580	0.03386	0.26611	0.00720	0.05747	0.01035	0.07630	0.00950
20	0.01908	0.01655	0.01941	0.02073	0.10040	0.01811	0.01429	0.03558	0.38946	0.03234	0.04294	0.04564	0.13038	0.01413	0.00937	0.00300	0.00703	0.06126	0.00808	0.01221
21	0.01063	0.00759	0.01012	0.01215	0.01265	0.00709	0.00810	0.01215	0.01670	0.02227	0.04808	0.68775	0.05769	0.02733	0.01113	0.00354	0.00506	0.02480	0.00810	0.00709
22	0.02113	0.01989	0.03323	0.17038	0.50111	0.02075	0.02583	0.05187	0.02034	0.02849	0.01644	0.02188	0.01344	0.00807	0.00866	0.00265	0.01057	0.00777	0.00443	0.01307
23	0.02098	0.01989	0.03263	0.12425	0.50407	0.02067	0.02509	0.02830	0.08348	0.02860	0.01832	0.02295	0.01491	0.00832	0.00867	0.00267	0.01015	0.00799	0.00475	0.01332
24	0.01281	0.00902	0.01188	0.01242	0.01335	0.00947	0.00902	0.01470	0.01489	0.02018	0.03135	0.09059	0.03406	0.32641	0.21979	0.00891	0.01266	0.13591	0.00584	0.00672
25	0.01508	0.01332	0.02370	0.01963	0.02293	0.01338	0.18388	0.01866	0.01625	0.02222	0.02541	0.04472	0.02527	0.21933	0.22493	0.00810	0.01494	0.07481	0.00515	0.00828
26	0.01748	0.06472	0.02088	0.20683	0.03010	0.10452	0.01538	0.02100	0.01822	0.02252	0.03236	0.03650	0.14944	0.02006	0.10017	0.00431	0.06854	0.00979	0.04818	0.00898
27	0.11034	0.01531	0.01918	0.01883	0.05527	0.01808	0.01389	0.02537	0.11926	0.07402	0.02789	0.20859	0.02761	0.01639	0.01482	0.00330	0.20245	0.01254	0.00663	0.01022
28	0.01481	0.00758	0.01127	0.01142	0.01146	0.00754	0.00762	0.01142	0.01177	0.01569	0.01765	0.07668	0.01838	0.03008	0.03235	0.68987	0.00738	0.00888	0.00411	0.00404
29	0.01320	0.01004	0.01409	0.01707	0.09398	0.00968	0.01061	0.01592	0.01906	0.02622	0.21155	0.26056	0.05412	0.13479	0.01629	0.00406	0.00631	0.06680	0.00756	0.00807
30	0.02641	0.02850	0.02546	0.02123	0.02600	0.32249	0.11438	0.09300	0.02390	0.02793	0.01860	0.02323	0.01526	0.05131	0.01030	0.00275	0.01231	0.00755	0.13914	0.01025
31	0.01280	0.00989	0.01397	0.01382	0.01503	0.01146	0.01047	0.01525	0.01429	0.02022	0.02787	0.09361	0.05266	0.13379	0.44530	0.01108	0.07450	0.01133	0.00512	0.00755
32	0.02431	0.01415	0.01785	0.01565	0.01959	0.01449	0.01245	0.12570	0.05372	0.21165	0.08691	0.17350	0.03531	0.01936	0.04879	0.00371	0.04415	0.05863	0.00873	0.01135
33	0.02242	0.02461	0.02531	0.21665	0.14856	0.24326	0.01984	0.02640	0.01987	0.02277	0.01629	0.02216	0.01362	0.01826	0.11876	0.00450	0.01483	0.00727	0.00431	0.01028
34	0.02123	0.02036	0.03476	0.09708	0.59831	0.02063	0.02659	0.02645	0.01969	0.02806	0.01634	0.02171	0.01366	0.00784	0.00864	0.00261	0.01045	0.00777	0.00429	0.01353
35	0.02113	0.02278	0.07488	0.04811	0.47106	0.02100	0.15698	0.02708	0.01994	0.02832	0.01664	0.02184	0.01352	0.00771	0.00899	0.00268	0.01148	0.00826	0.00430	0.01330
36	0.02094	0.02006	0.03423	0.13233	0.56533	0.02055	0.02645	0.02620	0.01955	0.02771	0.01629	0.02180	0.01354	0.00789	0.00865	0.00263	0.01052	0.00777	0.00426	0.01329
37	0.01370	0.02185	0.23618	0.01611	0.02190	0.01268	0.01662	0.01986	0.05135	0.02612	0.08637	0.23398	0.17315	0.01789	0.00976	0.00304	0.00772	0.01541	0.00668	0.00965
38	0.01476	0.01138	0.05611	0.01294	0.01552	0.00880	0.01017	0.01724	0.01842	0.10367	0.05063	0.45632	0.14443	0.02299	0.01049	0.00328	0.00581	0.02038	0.00814	0.00855
39	0.02139	0.02482	0.06493	0.30827	0.12382	0.15924	0.12236	0.02684	0.01993	0.02413	0.01555	0.02119	0.01207	0.00840	0.00877	0.00272	0.01295	0.00765	0.00415	0.01084
40	0.02513	0.02615	0.03144	0.04199	0.41840	0.18226	0.02305	0.06790	0.04781	0.02876	0.01677	0.02053	0.01377	0.00843	0.00846	0.00252	0.01152	0.00732	0.00484	0.01295
41	0.02514	0.02953	0.02539	0.32263	0.04226	0.36333	0.02026	0.02904	0.02136	0.02178	0.01442	0.01921	0.01142	0.00887	0.00826	0.00255	0.01384	0.00660	0.00421	0.00992
42	0.02373	0.01335	0.01937	0.02213	0.15226	0.01255	0.01372	0.02659	0.01979	0.24319	0.03233	0.14961	0.02995	0.14249	0.01609	0.00400	0.00790	0.05222	0.00769	0.01102
43	0.02019	0.05559	0.21005	0.01606	0.02293	0.01397	0.01657	0.02506	0.02020	0.17514	0.04462	0.11514	0.19879	0.01497	0.00917	0.00284	0.00807	0.01243	0.00718	0.01103
44	0.01858	0.01742	0.02750	0.10945	0.39530	0.01774	0.02119	0.02455	0.06205	0.02730	0.03332	0.03612	0.14987	0.01128	0.00903	0.00273	0.00896	0.01023	0.00541	0.01196
45	0.01416	0.01135	0.01529	0.01437	0.01492	0.01376	0.01063	0.01573	0.01332	0.01909	0.02213	0.03973	0.02327	0.30490	0.25993	0.00932	0.17592	0.01027	0.00471	0.00721
46	0.07563	0.08921	0.02413	0.04757	0.02532	0.28304	0.01520	0.14490	0.07077	0.03098	0.01802	0.02016	0.01429	0.01204	0.03846	0.00294	0.01205	0.00668	0.05750	0.01111
47	0.02138	0.02051	0.03503	0.07872	0.61548	0.02067	0.02667	0.02659	0.01976	0.02824	0.01637	0.02166	0.01373	0.00781	0.00864	0.00260	0.01041	0.00777	0.00430	0.01365
48	0.01210	0.00916	0.01137	0.01185	0.01410	0.00843	0.00943	0.01543	0.02134	0.02796	0.25078	0.11217	0.25329	0.02157	0.01086	0.00323	0.00543	0.18512	0.00857	0.00783
49	0.01463	0.01135	0.01639	0.01469	0.01676	0.01262	0.05528	0.01792	0.01668	0.02493	0.07995	0.03926	0.07780	0.07319	0.23383	0.00694	0.10328	0.01044	0.16584	0.00825
50	0.02561	0.02850	0.02500	0.21730	0.06663	0.31019	0.01908	0.05963	0.11318	0.02585	0.01790	0.02105	0.01397	0.00935	0.00835	0.00259	0.01262	0.00711	0.00516	0.01095
51	0.02010	0.01908	0.03174	0.23209	0.43193	0.02039	0.02523	0.02667	0.05638	0.02718	0.01732	0.02275	0.01397	0.00830	0.00868	0.00271	0.01052	0.00790	0.00447	0.01261
52	0.02190	0.02160	0.03417	0.09234	0.56521	0.05797	0.02602	0.02695	0.01999	0.02767	0.01618	0.02136	0.01352	0.00791	0.00860	0.00259	0.01076	0.00764	0.00430	0.01333
53	0.01109	0.00856	0.01018	0.01077	0.01273	0.00764	0.00790	0.01363	0.01999	0.02583	0.19245	0.26181	0.30339	0.02287	0.01067	0.00315	0.00478	0.05662	0.00842	0.00751
54	0.01063	0.00759	0.01012	0.01215	0.01265	0.00709	0.00810	0.01215	0.01670	0.02227	0.04808	0.68775	0.05769	0.02733	0.01113	0.00354	0.00506	0.02480	0.00810	0.00709
55	0.02149	0.01195	0.01450	0.01299	0.01690	0.01118	0.01022	0.05678	0.05970	0.20913	0.10294	0.12921	0.19070	0.01722	0.00966	0.00293	0.00601	0.05394	0.05206	0.01049
56	0.02159	0.02073	0.03541	0.05354	0.63903	0.02073	0.02677	0.02677	0.01986	0.02850	0.01641	0.02159	0.01382	0.00777	0.00864	0.00259	0.01036	0.00777	0.00432	0.01382
57	0.01276	0.00906	0.01261	0.01261	0.01385	0.01017	0.00932	0.01523	0.01400	0.02030	0.02463	0.03932	0.02409	0.20400	0.47691	0.01197	0.01872	0.01002	0.05319	0.00724
58	0.01246	0.00935	0.01402	0.01402	0.01558	0.01090	0.01090	0.01558	0.01402	0.02025	0.02336	0.03427	0.02181	0.06542	0.65888	0.01402	0.02336	0.00935	0.00467	0.00779
59	0.02303	0.66621	0.07565	0.01542	0.02315	0.03381	0.01579	0.02619	0.01776	0.02088	0.01230	0.01421	0.01119	0.00750	0.00573	0.00191	0.00951	0.00475	0.00373	0.01128
60	0.01170	0.01063	0.05025	0.05559	0.01706	0.00880	0.01033	0.01426	0.01738	0.02333	0.04841	0.48461	0.12918	0.02329	0.01041	0.00329	0.00583	0.02077	0.04717	0.00771
61	0.01515	0.00758	0.01136	0.01136	0.01136	0.00758	0.00758	0.01136	0.01136	0.01515	0.01515	0.02652	0.01515	0.03030	0.03409	0.74621	0.00758	0.00758	0.00379	0.00379
62	0.01333	0.01074	0.01073	0.01123	0.01276	0.05699	0.00775	0.01526	0.01806	0.02362	0.08977	0.28069	0.17335	0.13526	0.01573	0.00392	0.00613	0.01738	0.09003	0.00727
63	0.01246	0.00935	0.01402	0.01402	0.01558	0.01090	0.01090	0.01558	0.01402	0.02025	0.02336	0.03427	0.02181	0.06542	0.65888	0.01402	0.02336	0.00935	0.00467	0.00779
64	0.01544	0.01337	0.02169	0.36065	0.08585	0.01594	0.01883	0.02016	0.01646	0.02254	0.01898	0.02747	0.01591	0.02871	0.23784	0.00676	0.01530	0.00833	0.04050	0.00926
65	0.02577	0.03031	0.02093	0.01917	0.02209	0.41892	0.01417	0.02755	0.02040	0.02028	0.01696	0.02619	0.01637	0.16212	0.05788	0.00447	0.07538	0.00757	0.00462	0.00887
66	0.01750	0.04512	0.64825	0.02486	0.03775	0.02026	0.03223	0.02762	0.01842	0.02762	0.01565	0.01842	0.01105	0.00829	0.00829	0.00276	0.01289	0.00645	0.00368	0.01289
67	0.02159	0.02073	0.03541	0.05354	0.63903	0.02073	0.02677	0.02677	0.01986	0.02850	0.01641	0.02159	0.01382	0.00777	0.00864	0.00259	0.01036	0.00777	0.00432	0.01382
68	0.02172	0.02498	0.11098	0.04816	0.52844	0.05800	0.02687	0.02735	0.01997	0.02797	0.01614	0.02085	0.01332	0.00791	0.00855	0.00259	0.01099	0.00748	0.00425	0.01348
69	0.01481	0.01453	0.01253	0.01225	0.01522	0.11829	0.00940	0.01751	0.02147	0.02524	0.15626	0.07097	0.38119	0.01942	0.01008	0.00291	0.00667	0.07550	0.00771	0.00804
70	0.01246	0.00935	0.01402	0.01402	0.01558	0.01090	0.01090	0.01558	0.01402	0.02025	0.02336	0.03427	0.02181	0.06542	0.65888	0.01402	0.02336	0.00935	0.00467	0.00779
71	0.01134	0.00839	0.01069	0.01184	0.01328	0.00774	0.00864	0.01380	0.01921	0.02537	0.16406	0.38431	0.16655	0.02418	0.01095	0.00335	0.00516	0.09530	0.00837	0.00747
72	0.02152	0.02125	0.03340	0.14212	0.51663	0.05986	0.02579	0.02661	0.01981	0.02715	0.01610	0.02147	0.01334	0.00799	0.00860	0.00262	0.01088	0.00764	0.00426	0.01299
73	0.24089	0.02206	0.02231	0.01832	0.02317	0.06176	0.01506	0.27736	0.02639	0.04098	0.01587	0.01825	0.01231	0.01074	0.01204	0.00288	0.15459	0.00676	0.00644	0.01183
