[name]
unknown

[dist]
# distance from previous block
# <min> <max>
0	0

[block]
# block no. 0 follows, 22 sequences, length 30
# corresponding to MSA columns:
# 0-29
name=unknown_A
#
# <colnr> <probs for GDERKNQSTAVLIFYWHMCP>
#	G	D	E	R	K	N	Q	S	T	A	V	L	I	F	Y	W	H	M	C	P
0	0.01339	0.00956	0.01339	0.01530	0.01721	0.00956	0.01339	0.01721	0.01912	0.02486	0.04399	0.09371	0.04781	0.02295	0.01147	0.00382	0.00765	0.60031	0.00765	0.00765
1	0.02056	0.01974	0.03372	0.05099	0.65622	0.01974	0.02550	0.02550	0.01892	0.02714	0.01563	0.02056	0.01316	0.00740	0.00822	0.00247	0.00987	0.00740	0.00411	0.01316
2	0.31316	0.01558	0.01837	0.02138	0.15481	0.01672	0.01414	0.02668	0.08442	0.08513	0.02314	0.03427	0.02043	0.01131	0.00770	0.00283	0.00748	0.12574	0.00622	0.01050
3	0.02050	0.02151	0.02775	0.32883	0.26264	0.15082	0.02252	0.02514	0.01882	0.02314	0.01468	0.02015	0.01174	0.00804	0.00811	0.00254	0.01143	0.00698	0.00396	0.01070
4	0.12029	0.03570	0.02226	0.01998	0.02452	0.55365	0.01518	0.07016	0.02339	0.02443	0.01314	0.01512	0.01071	0.00855	0.00726	0.00221	0.01357	0.00538	0.00464	0.00984
5	0.01929	0.35998	0.37099	0.01920	0.02903	0.02572	0.02290	0.02563	0.01723	0.02311	0.01332	0.01555	0.01059	0.00752	0.00668	0.00223	0.01067	0.00534	0.00353	0.01151
6	0.01732	0.01643	0.02786	0.47508	0.25748	0.01889	0.02388	0.02265	0.01738	0.02320	0.01505	0.02162	0.01177	0.00800	0.00828	0.00267	0.01067	0.00739	0.00383	0.01054
7	0.01979	0.01895	0.03232	0.15195	0.56130	0.01954	0.02511	0.02482	0.01855	0.02620	0.01549	0.02081	0.01283	0.00755	0.00824	0.00252	0.01006	0.00740	0.00405	0.01254
8	0.02177	0.01760	0.01882	0.01676	0.02158	0.02010	0.01309	0.04390	0.59993	0.07669	0.03374	0.03081	0.02504	0.01120	0.00845	0.00280	0.00661	0.00932	0.00858	0.01322
9	0.03119	0.03501	0.02393	0.02076	0.02570	0.49232	0.01598	0.20049	0.02790	0.02933	0.01484	0.01638	0.01166	0.00896	0.00772	0.00224	0.01334	0.00595	0.00541	0.01089
10	0.01050	0.00844	0.00936	0.00913	0.01164	0.00730	0.00685	0.01325	0.02055	0.02627	0.28430	0.07364	0.45031	0.01961	0.00981	0.00274	0.00411	0.01665	0.00822	0.00730
11	0.01666	0.04297	0.66500	0.02368	0.03596	0.01929	0.03069	0.02631	0.01754	0.02631	0.01491	0.01754	0.01052	0.00789	0.00789	0.00263	0.01228	0.00614	0.00351	0.01228
12	0.01917	0.02546	0.14045	0.03333	0.04231	0.02075	0.53769	0.02657	0.01930	0.02657	0.01652	0.02169	0.01230	0.00713	0.00952	0.00278	0.01375	0.00926	0.00410	0.01136
13	0.01860	0.01001	0.01330	0.01161	0.01477	0.00901	0.00901	0.02233	0.02359	0.20183	0.48590	0.05300	0.06289	0.01519	0.00941	0.00260	0.00476	0.01324	0.00945	0.00953
14	0.01339	0.00956	0.01339	0.01530	0.01721	0.00956	0.01339	0.01721	0.01912	0.02486	0.04399	0.09371	0.04781	0.02295	0.01147	0.00382	0.00765	0.60031	0.00765	0.00765
15	0.03154	0.02436	0.02484	0.01927	0.02576	0.06915	0.01581	0.58872	0.03802	0.05021	0.01947	0.01961	0.01390	0.00988	0.00826	0.00247	0.00953	0.00734	0.00804	0.01383
16	0.02296	0.65613	0.04184	0.01482	0.02169	0.08711	0.01437	0.02558	0.01744	0.01961	0.01166	0.01347	0.01066	0.00723	0.00551	0.00181	0.00940	0.00452	0.00362	0.01057
17	0.01187	0.00890	0.01335	0.01335	0.01483	0.01038	0.01038	0.01483	0.01335	0.01928	0.02225	0.03264	0.02077	0.06231	0.67512	0.01335	0.02225	0.00890	0.00445	0.00742
18	0.01012	0.00723	0.00964	0.01157	0.01205	0.00675	0.00771	0.01157	0.01591	0.02121	0.04579	0.70262	0.05495	0.02603	0.01060	0.00337	0.00482	0.02362	0.00771	0.00675
19	0.00988	0.00816	0.00868	0.00909	0.01140	0.00696	0.00661	0.01185	0.01828	0.02218	0.07592	0.21368	0.52444	0.02211	0.00999	0.00293	0.00434	0.01884	0.00771	0.00696
20	0.03019	0.03687	0.02322	0.02090	0.02534	0.58421	0.01579	0.06640	0.07659	0.02329	0.01500	0.01660	0.01213	0.00887	0.00762	0.00222	0.01395	0.00581	0.00485	0.01017
21	0.01012	0.00723	0.00964	0.01157	0.01205	0.00675	0.00771	0.01157	0.01591	0.02121	0.04579	0.70262	0.05495	0.02603	0.01060	0.00337	0.00482	0.02362	0.00771	0.00675
22	0.03158	0.02327	0.02493	0.01911	0.02576	0.02576	0.01579	0.62852	0.03906	0.05236	0.01995	0.01995	0.01413	0.00997	0.00831	0.00249	0.00914	0.00748	0.00831	0.01413
23	0.01955	0.02160	0.03475	0.02682	0.03183	0.11008	0.31790	0.02419	0.01774	0.02320	0.01608	0.02237	0.01345	0.01834	0.12934	0.00472	0.14543	0.00855	0.00415	0.00992
24	0.01057	0.00788	0.00905	0.00975	0.01092	0.00721	0.00647	0.01184	0.01590	0.02021	0.05380	0.30091	0.25879	0.21594	0.01923	0.00449	0.00551	0.01823	0.00696	0.00636
25	0.01187	0.00890	0.01335	0.01335	0.01483	0.01038	0.01038	0.01483	0.01335	0.01928	0.02225	0.03264	0.02077	0.06231	0.67512	0.01335	0.02225	0.00890	0.00445	0.00742
26	0.02255	0.02374	0.03107	0.07839	0.48907	0.16033	0.02334	0.02692	0.01979	0.02536	0.01498	0.01945	0.01252	0.00770	0.00807	0.00241	0.01103	0.00696	0.00413	0.01219
27	0.02637	0.12777	0.03188	0.06594	0.03090	0.40330	0.14725	0.02985	0.02133	0.02163	0.01364	0.01680	0.01113	0.00801	0.00774	0.00227	0.01368	0.00631	0.00412	0.01009
28	0.19714	0.02182	0.05694	0.02174	0.11140	0.02242	0.01624	0.35187	0.02884	0.06818	0.01768	0.01876	0.01289	0.00900	0.00756	0.00252	0.00871	0.00675	0.00683	0.01273
29	0.02305	0.02637	0.03472	0.02700	0.03245	0.22143	0.28829	0.05555	0.02039	0.02455	0.01516	0.01994	0.01228	0.01167	0.04704	0.00327	0.11422	0.00791	0.00435	0.01035

[dist]
# distance from previous block
# <min> <max>
15	36

[block]
# block no. 1 follows, 22 sequences, length 10
# corresponding to MSA columns:
# 66-75
name=unknown_B
#
# <colnr> <probs for GDERKNQSTAVLIFYWHMCP>
#	G	D	E	R	K	N	Q	S	T	A	V	L	I	F	Y	W	H	M	C	P
0	0.02525	0.02715	0.07244	0.15436	0.14922	0.21133	0.02014	0.18383	0.02496	0.03053	0.01572	0.01887	0.01211	0.00862	0.00803	0.00245	0.01157	0.00673	0.00513	0.01157
1	0.02504	0.15434	0.02511	0.01781	0.02237	0.29069	0.01435	0.12901	0.02259	0.02541	0.01600	0.01963	0.01362	0.02102	0.16241	0.00474	0.01455	0.00637	0.00487	0.01007
2	0.12229	0.01835	0.09373	0.01524	0.02007	0.01644	0.01316	0.19506	0.05696	0.03363	0.02628	0.20884	0.02596	0.06849	0.01102	0.00316	0.00759	0.01167	0.00673	0.04534
3	0.01902	0.01817	0.03094	0.25206	0.46717	0.01933	0.02473	0.02415	0.01819	0.02527	0.01535	0.02106	0.01250	0.00769	0.00825	0.00256	0.01025	0.00740	0.00398	0.01192
4	0.01862	0.01478	0.01475	0.01401	0.01695	0.09060	0.01078	0.05661	0.10022	0.08380	0.06533	0.10359	0.11631	0.12421	0.01458	0.00374	0.00764	0.12717	0.00730	0.00899
5	0.08065	0.03939	0.32672	0.02168	0.02981	0.31372	0.02245	0.02925	0.01998	0.02446	0.01372	0.01608	0.01049	0.00818	0.00750	0.00241	0.01304	0.00566	0.00398	0.01084
6	0.01465	0.01449	0.01353	0.06817	0.01836	0.13621	0.01041	0.01685	0.01801	0.02121	0.04500	0.30328	0.19417	0.02272	0.06059	0.00371	0.00846	0.01609	0.00647	0.00762
7	0.01537	0.01142	0.01285	0.01200	0.01460	0.01143	0.00899	0.14330	0.02185	0.02852	0.09947	0.15213	0.21242	0.15104	0.01598	0.00390	0.00634	0.06274	0.00744	0.00823
8	0.06315	0.01889	0.02752	0.23943	0.27153	0.02083	0.02133	0.17934	0.02312	0.03235	0.01624	0.02051	0.01253	0.00836	0.00810	0.00257	0.00987	0.00726	0.00512	0.01195
9	0.01696	0.01743	0.03185	0.02720	0.10385	0.01749	0.27354	0.02158	0.01786	0.02444	0.02905	0.03310	0.13585	0.01475	0.05998	0.00356	0.10654	0.01032	0.00484	0.04980

[dist]
# distance from previous block
# <min> <max>
10	68

[block]
# block no. 2 follows, 22 sequences, length 40
# corresponding to MSA columns:
# 144-183
name=unknown_C
#
# <colnr> <probs for GDERKNQSTAVLIFYWHMCP>
#	G	D	E	R	K	N	Q	S	T	A	V	L	I	F	Y	W	H	M	C	P
0	0.07713	0.31159	0.14070	0.01714	0.04776	0.10076	0.01618	0.02492	0.01821	0.04797	0.02334	0.02437	0.09998	0.00953	0.00687	0.00223	0.00933	0.00693	0.00461	0.01042
1	0.02075	0.31410	0.07651	0.01533	0.02086	0.17282	0.01397	0.02397	0.01980	0.02286	0.12741	0.02930	0.09031	0.01064	0.00725	0.00217	0.00921	0.00795	0.00510	0.00968
2	0.01692	0.05812	0.01636	0.01369	0.01630	0.01410	0.01036	0.17012	0.02097	0.02810	0.03051	0.28947	0.03270	0.10571	0.13174	0.00536	0.00967	0.01430	0.00670	0.00881
3	0.02004	0.01497	0.01688	0.01432	0.01853	0.01567	0.01134	0.26935	0.02580	0.03492	0.03478	0.11415	0.13410	0.02231	0.12023	0.00435	0.00948	0.01125	0.04094	0.06661
4	0.02165	0.55020	0.11993	0.01570	0.02318	0.02965	0.01624	0.06430	0.01826	0.02255	0.01302	0.01518	0.01134	0.00993	0.03657	0.00246	0.00995	0.00506	0.00390	0.01095
5	0.08125	0.02106	0.01922	0.01643	0.02119	0.13530	0.01290	0.23761	0.09805	0.07696	0.02982	0.10733	0.08195	0.01271	0.00836	0.00261	0.00855	0.01005	0.00737	0.01126
6	0.06427	0.02886	0.32637	0.02522	0.14105	0.01725	0.02313	0.03025	0.01944	0.21468	0.02013	0.02103	0.01387	0.00850	0.00794	0.00258	0.00999	0.00693	0.00570	0.01281
7	0.02133	0.02208	0.02985	0.12313	0.44733	0.13187	0.02279	0.02574	0.01943	0.02504	0.01781	0.02220	0.03832	0.00826	0.00817	0.00246	0.01067	0.00746	0.00423	0.01182
8	0.08230	0.02005	0.02027	0.01637	0.02183	0.05037	0.01336	0.41464	0.03177	0.04342	0.02922	0.03105	0.10380	0.01177	0.00824	0.00255	0.00818	0.03207	0.04677	0.01196
9	0.01758	0.01867	0.07565	0.12141	0.32984	0.01715	0.08507	0.02268	0.01844	0.02541	0.02431	0.07045	0.05793	0.01094	0.00893	0.00276	0.00978	0.06712	0.00480	0.01110
10	0.02609	0.01844	0.02087	0.01713	0.02190	0.02016	0.01372	0.40152	0.03085	0.08891	0.02660	0.18430	0.02422	0.01411	0.00994	0.00278	0.04692	0.01141	0.00805	0.01207
11	0.02349	0.02093	0.05458	0.01782	0.02321	0.09363	0.05398	0.15785	0.19328	0.09436	0.03356	0.06830	0.10367	0.01222	0.00866	0.00266	0.00851	0.01013	0.00744	0.01171
12	0.01270	0.01006	0.01470	0.01423	0.01544	0.01222	0.01112	0.01536	0.01320	0.01921	0.02098	0.03189	0.01998	0.08961	0.55827	0.01182	0.10848	0.00885	0.00437	0.00751
13	0.01187	0.00890	0.01335	0.01335	0.01483	0.01038	0.01038	0.01483	0.01335	0.01928	0.02225	0.03264	0.02077	0.06231	0.67512	0.01335	0.02225	0.00890	0.00445	0.00742
14	0.01920	0.32872	0.33522	0.01943	0.02828	0.02573	0.02238	0.02508	0.01678	0.02278	0.01307	0.01579	0.01062	0.00820	0.00868	0.00236	0.07734	0.00552	0.00354	0.01127
15	0.01928	0.07186	0.19545	0.03524	0.23455	0.02119	0.21459	0.02572	0.01833	0.02589	0.01530	0.01979	0.01205	0.00775	0.00944	0.00263	0.04740	0.00764	0.00393	0.01195
16	0.01124	0.00868	0.01045	0.01105	0.01326	0.00789	0.00878	0.01413	0.01958	0.02500	0.17059	0.12753	0.32704	0.02125	0.01036	0.00311	0.00522	0.18956	0.00795	0.00733
17	0.01268	0.00906	0.01258	0.01449	0.01610	0.00895	0.01216	0.01599	0.01843	0.02407	0.04438	0.22535	0.04935	0.02361	0.01129	0.00373	0.00704	0.47563	0.00766	0.00745
18	0.03063	0.07055	0.02446	0.02107	0.02548	0.64519	0.01597	0.03279	0.02324	0.02030	0.01278	0.01491	0.01070	0.00849	0.00739	0.00212	0.01470	0.00531	0.00425	0.00968
19	0.02738	0.02493	0.01981	0.01739	0.02199	0.27378	0.01344	0.07478	0.19088	0.12657	0.02375	0.02359	0.01767	0.00978	0.00774	0.00239	0.00978	0.00733	0.09567	0.01135
20	0.00982	0.00842	0.00842	0.00842	0.01122	0.00701	0.00631	0.01192	0.01894	0.02244	0.08416	0.07995	0.65285	0.02104	0.00982	0.00281	0.00421	0.01753	0.00771	0.00701
21	0.01208	0.00805	0.00906	0.00906	0.00906	0.00805	0.00503	0.01208	0.01208	0.01611	0.02618	0.05436	0.03020	0.70804	0.04228	0.00805	0.00805	0.01208	0.00503	0.00503
22	0.02102	0.01739	0.01916	0.01517	0.02146	0.01714	0.01209	0.13755	0.24566	0.03434	0.02254	0.02267	0.01733	0.00868	0.00736	0.00203	0.00684	0.00699	0.00680	0.35778
23	0.01666	0.05793	0.01930	0.01868	0.13045	0.05052	0.01200	0.01979	0.01815	0.02480	0.07607	0.03578	0.13486	0.07849	0.01101	0.00259	0.00715	0.00910	0.00549	0.27119
24	0.01912	0.01827	0.03112	0.23904	0.47941	0.01936	0.02478	0.02424	0.01824	0.02539	0.01537	0.02103	0.01254	0.00767	0.00825	0.00256	0.01022	0.00740	0.00399	0.01200
25	0.01666	0.04297	0.66500	0.02368	0.03596	0.01929	0.03069	0.02631	0.01754	0.02631	0.01491	0.01754	0.01052	0.00789	0.00789	0.00263	0.01228	0.00614	0.00351	0.01228
26	0.01627	0.01536	0.02596	0.61240	0.12837	0.01861	0.02336	0.02173	0.01689	0.02193	0.01487	0.02196	0.01132	0.00820	0.00830	0.00273	0.01093	0.00739	0.00374	0.00970
27	0.01738	0.08210	0.56508	0.02576	0.09551	0.02018	0.02917	0.02614	0.01763	0.02597	0.01477	0.01757	0.01079	0.00780	0.00777	0.00256	0.01183	0.00616	0.00357	0.01226
28	0.00982	0.00842	0.00842	0.00842	0.01122	0.00701	0.00631	0.01192	0.01894	0.02244	0.08416	0.07995	0.65285	0.02104	0.00982	0.00281	0.00421	0.01753	0.00771	0.00701
29	0.01190	0.00876	0.01266	0.01266	0.01391	0.01001	0.00953	0.01439	0.01315	0.01878	0.02288	0.03612	0.02228	0.16586	0.57364	0.01250	0.01998	0.00941	0.00454	0.00704
30	0.01287	0.01034	0.01514	0.17774	0.02483	0.01155	0.01300	0.01726	0.05452	0.02205	0.03227	0.28480	0.03435	0.02816	0.15130	0.00536	0.01048	0.07991	0.00608	0.00799
31	0.02510	0.02979	0.02545	0.02216	0.02481	0.37181	0.04329	0.02731	0.01880	0.02046	0.01219	0.01665	0.01087	0.01102	0.01595	0.00280	0.30170	0.00635	0.00400	0.00947
32	0.00995	0.00791	0.00893	0.00975	0.01157	0.00690	0.00690	0.01177	0.01766	0.02192	0.06796	0.34285	0.40041	0.02315	0.01015	0.00305	0.00447	0.02010	0.00771	0.00690
33	0.01960	0.02168	0.07238	0.09090	0.32528	0.02014	0.27396	0.02568	0.01896	0.02643	0.01601	0.02129	0.01264	0.00733	0.00887	0.00264	0.01180	0.00833	0.00409	0.01201
34	0.02153	0.02236	0.03028	0.16329	0.43331	0.13622	0.02337	0.02608	0.01932	0.02484	0.01497	0.01986	0.01234	0.00778	0.00811	0.00246	0.01100	0.00703	0.00406	0.01180
35	0.01247	0.00914	0.00992	0.00959	0.01252	0.00798	0.00723	0.01558	0.04349	0.07180	0.11927	0.11375	0.49774	0.01987	0.00971	0.00281	0.00453	0.01674	0.00805	0.00783
36	0.01027	0.00812	0.00914	0.00983	0.01174	0.00716	0.00712	0.01217	0.01768	0.02189	0.06703	0.26326	0.40269	0.06003	0.01193	0.00333	0.00482	0.05736	0.00756	0.00687
37	0.02107	0.02202	0.03747	0.04406	0.42804	0.06925	0.20205	0.02640	0.01947	0.02647	0.01577	0.02069	0.01281	0.00737	0.00864	0.00254	0.01147	0.00796	0.00415	0.01232
38	0.02359	0.22301	0.02704	0.01721	0.02250	0.18047	0.01415	0.03598	0.31402	0.02693	0.02240	0.02209	0.01763	0.00943	0.00732	0.00236	0.00925	0.00700	0.00605	0.01159
39	0.01830	0.03188	0.33849	0.03112	0.09567	0.02008	0.29027	0.02637	0.01857	0.02652	0.01580	0.01994	0.01167	0.00746	0.00876	0.00269	0.01281	0.00785	0.00387	0.01189

[dist]
# distance from previous block
# <min> <max>
0	1

[block]
# block no. 3 follows, 22 sequences, length 40
# corresponding to MSA columns:
# 185-224
name=unknown_D
#
# <colnr> <probs for GDERKNQSTAVLIFYWHMCP>
#	G	D	E	R	K	N	Q	S	T	A	V	L	I	F	Y	W	H	M	C	P
0	0.02125	0.02516	0.09845	0.16157	0.35498	0.14612	0.02378	0.02627	0.01923	0.02463	0.01485	0.01945	0.01201	0.00785	0.00806	0.00248	0.01134	0.00686	0.00400	0.01165
1	0.05848	0.02826	0.02309	0.02040	0.02353	0.33315	0.01618	0.09300	0.02125	0.02479	0.01506	0.02169	0.01354	0.01145	0.01374	0.00276	0.21917	0.04586	0.00479	0.00980
2	0.01365	0.14036	0.01776	0.01250	0.01464	0.01374	0.00978	0.01582	0.01406	0.01895	0.02367	0.10936	0.02455	0.17034	0.35410	0.00904	0.01507	0.01034	0.00476	0.00750
3	0.02286	0.01239	0.01505	0.01333	0.01726	0.01201	0.01030	0.06735	0.11118	0.24908	0.04068	0.20974	0.09885	0.01564	0.00893	0.00279	0.00601	0.01338	0.06234	0.01083
4	0.02061	0.51986	0.03655	0.01498	0.02052	0.05391	0.01401	0.02323	0.01625	0.01957	0.01322	0.01681	0.01227	0.01641	0.11209	0.00375	0.06683	0.00541	0.00373	0.00998
5	0.01593	0.00932	0.01159	0.01085	0.01350	0.00830	0.00807	0.01854	0.02025	0.14876	0.23571	0.17003	0.20846	0.06791	0.01200	0.00318	0.00506	0.01565	0.00845	0.00845
6	0.01666	0.04297	0.66500	0.02368	0.03596	0.01929	0.03069	0.02631	0.01754	0.02631	0.01491	0.01754	0.01052	0.00789	0.00789	0.00263	0.01228	0.00614	0.00351	0.01228
7	0.02423	0.01402	0.01698	0.01447	0.01876	0.01405	0.01136	0.15066	0.09440	0.22579	0.14868	0.16363	0.03726	0.01463	0.00906	0.00275	0.00641	0.01249	0.00897	0.01142
8	0.02850	0.14271	0.02551	0.01927	0.02382	0.52496	0.01501	0.03085	0.02205	0.02099	0.01369	0.01590	0.01148	0.00842	0.00703	0.00207	0.01321	0.00538	0.05951	0.00965
9	0.01666	0.04297	0.66500	0.02368	0.03596	0.01929	0.03069	0.02631	0.01754	0.02631	0.01491	0.01754	0.01052	0.00789	0.00789	0.00263	0.01228	0.00614	0.00351	0.01228
10	0.01187	0.00890	0.01335	0.01335	0.01483	0.01038	0.01038	0.01483	0.01335	0.01928	0.02225	0.03264	0.02077	0.06231	0.67512	0.01335	0.02225	0.00890	0.00445	0.00742
11	0.01012	0.00723	0.00964	0.01157	0.01205	0.00675	0.00771	0.01157	0.01591	0.02121	0.04579	0.70262	0.05495	0.02603	0.01060	0.00337	0.00482	0.02362	0.00771	0.00675
12	0.01196	0.00852	0.01141	0.01141	0.01223	0.00933	0.00797	0.01359	0.01278	0.01785	0.02402	0.04245	0.02503	0.35396	0.38930	0.01096	0.01584	0.01034	0.00471	0.00634
13	0.01801	0.01041	0.01068	0.00977	0.01250	0.01089	0.00756	0.10706	0.04860	0.03418	0.02639	0.02941	0.02046	0.00979	0.00628	0.00205	0.00474	0.00778	0.61455	0.00889
14	0.01187	0.00890	0.01335	0.01335	0.01483	0.01038	0.01038	0.01483	0.01335	0.01928	0.02225	0.03264	0.02077	0.06231	0.67512	0.01335	0.02225	0.00890	0.00445	0.00742
15	0.01023	0.00731	0.00974	0.01149	0.01207	0.00682	0.00772	0.01184	0.01642	0.02202	0.08655	0.65954	0.05652	0.02542	0.01055	0.00332	0.00476	0.02304	0.00781	0.00682
16	0.01204	0.00822	0.00989	0.00989	0.01018	0.00850	0.00607	0.01261	0.01233	0.01672	0.02542	0.05016	0.02838	0.58315	0.16468	0.00908	0.01080	0.01147	0.00492	0.00549
17	0.01064	0.00845	0.00956	0.00928	0.01173	0.00736	0.00696	0.01351	0.02088	0.02705	0.32477	0.07236	0.40936	0.01932	0.00981	0.00272	0.00409	0.01647	0.00832	0.00736
18	0.01012	0.00723	0.00964	0.01157	0.01205	0.00675	0.00771	0.01157	0.01591	0.02121	0.04579	0.70262	0.05495	0.02603	0.01060	0.00337	0.00482	0.02362	0.00771	0.00675
19	0.03691	0.01472	0.01964	0.01506	0.02150	0.01307	0.01244	0.07775	0.02475	0.62334	0.03196	0.02775	0.02016	0.01026	0.00835	0.00257	0.00720	0.00830	0.01016	0.01414
20	0.01018	0.00845	0.00896	0.00916	0.01175	0.00723	0.00696	0.01247	0.01902	0.02305	0.10496	0.10794	0.55573	0.02122	0.00997	0.00290	0.00448	0.06070	0.00777	0.00709
21	0.02056	0.01974	0.03372	0.05099	0.65622	0.01974	0.02550	0.02550	0.01892	0.02714	0.01563	0.02056	0.01316	0.00740	0.00822	0.00247	0.00987	0.00740	0.00411	0.01316
22	0.02343	0.02518	0.03093	0.04288	0.48328	0.19937	0.02291	0.02760	0.02018	0.02527	0.01486	0.01903	0.01248	0.00772	0.00802	0.00238	0.01127	0.00684	0.00416	0.01219
23	0.01455	0.01109	0.01410	0.01515	0.01766	0.01154	0.01287	0.02206	0.13943	0.02661	0.04472	0.08065	0.08416	0.02056	0.01078	0.00356	0.00721	0.44682	0.00781	0.00867
24	0.01208	0.00805	0.00906	0.00906	0.00906	0.00805	0.00503	0.01208	0.01208	0.01611	0.02618	0.05436	0.03020	0.70804	0.04228	0.00805	0.00805	0.01208	0.00503	0.00503
25	0.01273	0.01017	0.01501	0.01451	0.01579	0.01245	0.01145	0.01554	0.01326	0.01938	0.02069	0.03065	0.01941	0.05575	0.58618	0.01202	0.11431	0.00868	0.00434	0.00765
26	0.02220	0.42718	0.07718	0.01608	0.02275	0.05709	0.01519	0.05454	0.18262	0.02535	0.01803	0.01860	0.01467	0.00844	0.00654	0.00215	0.00879	0.00602	0.00506	0.01152
27	0.00986	0.00825	0.00858	0.00885	0.01133	0.00698	0.00650	0.01187	0.01852	0.02227	0.07889	0.16543	0.57077	0.02172	0.00993	0.00288	0.00429	0.01837	0.00771	0.00698
28	0.01012	0.00835	0.00889	0.00892	0.01145	0.00712	0.00663	0.01245	0.01940	0.02394	0.16430	0.11812	0.53006	0.02078	0.00987	0.00281	0.00421	0.01757	0.00792	0.00712
29	0.02010	0.01238	0.01465	0.01381	0.01668	0.03727	0.01030	0.10548	0.02110	0.16866	0.03691	0.39943	0.03828	0.02117	0.03898	0.00346	0.00710	0.01657	0.00809	0.00958
30	0.01920	0.02523	0.13358	0.03346	0.04239	0.02077	0.54432	0.02657	0.01932	0.02657	0.01655	0.02174	0.01232	0.00712	0.00954	0.00278	0.01377	0.00930	0.00411	0.01135
31	0.01926	0.01841	0.03137	0.22080	0.49656	0.01940	0.02485	0.02436	0.01830	0.02556	0.01540	0.02098	0.01260	0.00764	0.00825	0.00255	0.01019	0.00740	0.00400	0.01211
32	0.02020	0.01937	0.03307	0.09801	0.61201	0.01964	0.02532	0.02518	0.01875	0.02670	0.01556	0.02068	0.01301	0.00747	0.00823	0.00249	0.00996	0.00740	0.00408	0.01287
33	0.06947	0.01096	0.01434	0.01352	0.01653	0.01068	0.05091	0.01914	0.06393	0.05534	0.14914	0.14640	0.18490	0.01832	0.00977	0.00304	0.00610	0.14139	0.00768	0.00844
34	0.01782	0.04144	0.58282	0.02424	0.03574	0.06348	0.06744	0.02679	0.01807	0.02593	0.01489	0.01768	0.01067	0.00788	0.00799	0.00261	0.01257	0.00632	0.00360	0.01203
35	0.01637	0.01452	0.02210	0.01867	0.02041	0.01787	0.09210	0.01938	0.01458	0.02259	0.01757	0.02552	0.01584	0.05277	0.14697	0.00529	0.31621	0.00821	0.14442	0.00861
36	0.01796	0.02788	0.27204	0.02090	0.02706	0.06213	0.04796	0.06287	0.01804	0.02515	0.02140	0.07197	0.05782	0.01434	0.04321	0.00340	0.18211	0.00877	0.00457	0.01041
37	0.01180	0.01173	0.06031	0.04473	0.06205	0.00944	0.01113	0.01486	0.01823	0.02387	0.11837	0.27167	0.24959	0.01979	0.00981	0.00297	0.00582	0.03875	0.00712	0.00797
38	0.16133	0.03115	0.28537	0.07056	0.07067	0.14094	0.02118	0.02577	0.01814	0.02667	0.01890	0.02131	0.05660	0.00893	0.00749	0.00254	0.01085	0.00667	0.00432	0.01061
39	0.01820	0.01650	0.02497	0.02947	0.25670	0.01743	0.05586	0.08762	0.02000	0.02731	0.03189	0.03668	0.15302	0.01604	0.05914	0.00355	0.09799	0.03151	0.00545	0.01067

[dist]
# distance from previous block
# <min> <max>
8	13

[block]
# block no. 4 follows, 22 sequences, length 6
# corresponding to MSA columns:
# 238-243
name=unknown_E
#
# <colnr> <probs for GDERKNQSTAVLIFYWHMCP>
#	G	D	E	R	K	N	Q	S	T	A	V	L	I	F	Y	W	H	M	C	P
0	0.02226	0.21127	0.08853	0.02404	0.12666	0.08419	0.08476	0.05243	0.01978	0.06465	0.01734	0.02291	0.01464	0.00861	0.00752	0.00227	0.01003	0.04526	0.00481	0.08803
1	0.02045	0.13368	0.15587	0.01658	0.02429	0.01907	0.01634	0.14414	0.02178	0.03058	0.01790	0.02396	0.01517	0.00891	0.00728	0.00209	0.00858	0.05816	0.00533	0.26983
2	0.01348	0.01075	0.01286	0.06094	0.01748	0.01081	0.01000	0.05740	0.08414	0.02734	0.15022	0.16582	0.25397	0.01873	0.00975	0.00294	0.00566	0.07153	0.00776	0.00842
3	0.01689	0.05987	0.08603	0.01458	0.01836	0.01409	0.01279	0.08125	0.01802	0.06991	0.06748	0.03238	0.02342	0.10221	0.33573	0.00829	0.01520	0.00888	0.00550	0.00912
4	0.06390	0.01392	0.07871	0.01479	0.04040	0.01239	0.01234	0.06187	0.01748	0.02722	0.02455	0.06040	0.02223	0.02972	0.24248	0.00636	0.01234	0.06375	0.18637	0.00877
5	0.01991	0.02177	0.07778	0.02225	0.11706	0.12597	0.01605	0.04806	0.12132	0.02515	0.01985	0.02638	0.01736	0.10785	0.08270	0.00438	0.07637	0.00789	0.00512	0.05677

[dist]
# distance from previous block
# <min> <max>
70	233

[block]
# block no. 5 follows, 22 sequences, length 12
# corresponding to MSA columns:
# 513-524
name=unknown_F
#
# <colnr> <probs for GDERKNQSTAVLIFYWHMCP>
#	G	D	E	R	K	N	Q	S	T	A	V	L	I	F	Y	W	H	M	C	P
0	0.08194	0.02102	0.08458	0.18548	0.15761	0.08253	0.08732	0.02421	0.04252	0.02543	0.02494	0.02824	0.09967	0.00977	0.00828	0.00263	0.01015	0.00856	0.00473	0.01038
1	0.08078	0.09599	0.10204	0.14377	0.20884	0.05599	0.01998	0.02520	0.04862	0.02569	0.01558	0.01956	0.01259	0.01008	0.03558	0.00283	0.01029	0.00653	0.00430	0.07577
2	0.08282	0.16541	0.03380	0.18535	0.17471	0.02187	0.13224	0.02421	0.01757	0.02489	0.01438	0.01896	0.01163	0.00743	0.00754	0.00239	0.01021	0.00683	0.00404	0.05372
3	0.08851	0.16562	0.13026	0.01733	0.04604	0.02087	0.01580	0.06199	0.17203	0.10420	0.02684	0.02641	0.07013	0.01003	0.00750	0.00249	0.00810	0.00778	0.00631	0.01176
4	0.01982	0.11897	0.19010	0.03252	0.27464	0.07171	0.06079	0.02545	0.01910	0.02588	0.06885	0.02205	0.01749	0.00836	0.00793	0.00242	0.01049	0.00733	0.00433	0.01175
5	0.02038	0.07085	0.18688	0.12185	0.24433	0.12238	0.02314	0.02593	0.01877	0.02480	0.01529	0.01929	0.01214	0.00794	0.00772	0.00242	0.01103	0.00660	0.04688	0.01138
6	0.01434	0.01342	0.01534	0.07125	0.01924	0.06272	0.01177	0.01765	0.04533	0.02257	0.07153	0.19497	0.21132	0.01833	0.01308	0.00308	0.13957	0.03999	0.00642	0.00808
7	0.01388	0.01987	0.19727	0.01775	0.02202	0.01406	0.05005	0.01820	0.01675	0.02383	0.08447	0.30919	0.03541	0.01730	0.01234	0.00311	0.11503	0.01465	0.00583	0.00900
8	0.01991	0.02800	0.22803	0.16727	0.15313	0.08075	0.06183	0.07258	0.01996	0.02694	0.01532	0.01930	0.01166	0.00796	0.00806	0.00250	0.01134	0.00682	0.00423	0.05442
9	0.02655	0.17502	0.06210	0.02358	0.10581	0.38840	0.01748	0.03072	0.05514	0.02214	0.01419	0.01637	0.01180	0.00823	0.00721	0.00217	0.01247	0.00569	0.00430	0.01063
10	0.06098	0.02781	0.06659	0.03617	0.32733	0.24109	0.06919	0.02817	0.02022	0.02525	0.01453	0.01830	0.01193	0.00781	0.00793	0.00240	0.01189	0.00668	0.00419	0.01155
11	0.02224	0.01862	0.01681	0.01488	0.01846	0.14269	0.01153	0.20152	0.02437	0.03274	0.02371	0.10013	0.02082	0.01781	0.08919	0.00370	0.00994	0.00912	0.21188	0.00985

[dist]
# distance from previous block
# <min> <max>
0	2

[block]
# block no. 6 follows, 22 sequences, length 63
# corresponding to MSA columns:
# 527-589
name=unknown_G
#
# <colnr> <probs for GDERKNQSTAVLIFYWHMCP>
#	G	D	E	R	K	N	Q	S	T	A	V	L	I	F	Y	W	H	M	C	P
0	0.01224	0.03880	0.01060	0.00951	0.00998	0.00897	0.00575	0.01258	0.01293	0.01701	0.02967	0.11893	0.05499	0.58305	0.03626	0.00711	0.00762	0.01311	0.00534	0.00553
1	0.20565	0.09507	0.07473	0.01639	0.02138	0.23121	0.01407	0.02624	0.01802	0.05266	0.01533	0.01879	0.01272	0.01902	0.14089	0.00452	0.01315	0.00596	0.00465	0.00956
2	0.02024	0.01941	0.03314	0.09292	0.61679	0.01965	0.02534	0.02521	0.01876	0.02675	0.01557	0.02067	0.01302	0.00746	0.00823	0.00249	0.00995	0.00740	0.00408	0.01290
3	0.02923	0.09394	0.02625	0.02380	0.08920	0.55462	0.01685	0.03170	0.02252	0.02096	0.01302	0.01541	0.01095	0.00832	0.00738	0.00214	0.01395	0.00548	0.00420	0.01007
4	0.01187	0.00890	0.01335	0.01335	0.01483	0.01038	0.01038	0.01483	0.01335	0.01928	0.02225	0.03264	0.02077	0.06231	0.67512	0.01335	0.02225	0.00890	0.00445	0.00742
5	0.01017	0.00810	0.00878	0.00922	0.01114	0.00708	0.00648	0.01186	0.01739	0.02137	0.06815	0.22007	0.43818	0.10724	0.01402	0.00359	0.00482	0.01826	0.00738	0.00671
6	0.01499	0.01085	0.01307	0.01243	0.01516	0.01120	0.00968	0.02052	0.10916	0.07789	0.04857	0.05493	0.24926	0.07487	0.15887	0.00558	0.03573	0.06165	0.00698	0.00861
7	0.01237	0.00948	0.01247	0.01228	0.01375	0.00970	0.00883	0.01430	0.01483	0.02090	0.05473	0.26792	0.03503	0.15781	0.17604	0.00636	0.05698	0.01427	0.00588	0.09609
8	0.01027	0.00771	0.00953	0.01060	0.01189	0.00697	0.00737	0.01224	0.01775	0.02322	0.14077	0.45245	0.21208	0.02347	0.01029	0.00312	0.00454	0.02084	0.00791	0.00697
9	0.01191	0.00817	0.00996	0.01009	0.01042	0.00844	0.00628	0.01260	0.01259	0.01708	0.02668	0.09267	0.02994	0.53343	0.16733	0.00881	0.01069	0.01220	0.00509	0.00563
10	0.02034	0.16531	0.38591	0.02424	0.09260	0.12501	0.02480	0.02704	0.01850	0.02419	0.01403	0.01665	0.01084	0.00780	0.00738	0.00238	0.01183	0.00582	0.00370	0.01165
11	0.02260	0.01456	0.02002	0.02287	0.17676	0.01422	0.01443	0.02956	0.13021	0.21232	0.03917	0.07624	0.13616	0.01315	0.00888	0.00274	0.00707	0.03962	0.00769	0.01172
12	0.01064	0.00760	0.01023	0.01215	0.01286	0.00719	0.00860	0.01246	0.01641	0.02178	0.04550	0.60680	0.05382	0.02554	0.01074	0.00344	0.00527	0.11437	0.00770	0.00689
13	0.01988	0.01904	0.03249	0.13991	0.57262	0.01956	0.02516	0.02490	0.01859	0.02631	0.01551	0.02078	0.01287	0.00753	0.00824	0.00251	0.01004	0.00740	0.00405	0.01261
14	0.02492	0.02800	0.02949	0.03868	0.39390	0.29222	0.02157	0.02869	0.02084	0.02431	0.01447	0.01824	0.01214	0.00788	0.00792	0.00233	0.01200	0.00655	0.00418	0.01169
15	0.03103	0.03959	0.02354	0.02140	0.02568	0.67469	0.01605	0.03317	0.02354	0.02033	0.01284	0.01498	0.01070	0.00856	0.00749	0.00214	0.01498	0.00535	0.00428	0.00963
16	0.02056	0.01974	0.03372	0.05099	0.65622	0.01974	0.02550	0.02550	0.01892	0.02714	0.01563	0.02056	0.01316	0.00740	0.00822	0.00247	0.00987	0.00740	0.00411	0.01316
17	0.02152	0.01490	0.01748	0.01518	0.01884	0.01602	0.01180	0.27659	0.02550	0.07590	0.02786	0.18872	0.02675	0.07231	0.14516	0.00527	0.01053	0.01200	0.00730	0.01039
18	0.01187	0.00890	0.01335	0.01335	0.01483	0.01038	0.01038	0.01483	0.01335	0.01928	0.02225	0.03264	0.02077	0.06231	0.67512	0.01335	0.02225	0.00890	0.00445	0.00742
19	0.01443	0.00722	0.01082	0.01082	0.01082	0.00722	0.00722	0.01082	0.01082	0.01443	0.01443	0.02525	0.01443	0.02886	0.03247	0.75830	0.00722	0.00722	0.00361	0.00361
20	0.01011	0.00764	0.00935	0.01058	0.01182	0.00688	0.00730	0.01187	0.01718	0.02216	0.08672	0.48621	0.23393	0.02410	0.01033	0.00317	0.00459	0.02139	0.00778	0.00688
21	0.01075	0.00842	0.00953	0.00927	0.01155	0.00741	0.00683	0.01343	0.02029	0.02635	0.30674	0.07105	0.38080	0.06662	0.01204	0.00309	0.00436	0.01616	0.00810	0.00721
22	0.01723	0.01477	0.01723	0.01230	0.01969	0.01107	0.00984	0.02092	0.01723	0.02707	0.01477	0.01723	0.01230	0.00615	0.00615	0.00123	0.00615	0.00492	0.00492	0.75883
23	0.01009	0.00734	0.00953	0.01127	0.01197	0.00677	0.00758	0.01160	0.01619	0.02132	0.04938	0.64439	0.11086	0.02556	0.01053	0.00332	0.00476	0.02305	0.00771	0.00677
24	0.02915	0.02206	0.02356	0.01862	0.02484	0.02463	0.01520	0.49856	0.17297	0.04844	0.02303	0.02240	0.01663	0.01026	0.00834	0.00257	0.00857	0.00790	0.00834	0.01391
25	0.01150	0.00848	0.01075	0.01018	0.01225	0.00773	0.00764	0.01518	0.02291	0.03189	0.57740	0.06440	0.15372	0.01752	0.00980	0.00264	0.00396	0.01535	0.00896	0.00773
26	0.01058	0.00806	0.00961	0.01001	0.01173	0.00722	0.00713	0.01293	0.01906	0.02499	0.23711	0.26433	0.27333	0.05128	0.01147	0.00315	0.00448	0.01842	0.00802	0.00709
27	0.03033	0.02233	0.02414	0.01885	0.02518	0.02465	0.01562	0.58652	0.03769	0.05047	0.02160	0.02501	0.01644	0.01086	0.00853	0.00258	0.00904	0.04821	0.00827	0.01368
28	0.01977	0.01213	0.01266	0.01103	0.01416	0.01283	0.00856	0.19002	0.02313	0.03596	0.02503	0.02948	0.01989	0.05774	0.00902	0.00251	0.00564	0.00797	0.49313	0.00935
29	0.22620	0.01086	0.01088	0.01010	0.01343	0.01081	0.00785	0.01799	0.01935	0.05822	0.25466	0.05277	0.24718	0.01541	0.00842	0.00266	0.00486	0.01258	0.00758	0.00817
30	0.01187	0.00890	0.01335	0.01335	0.01483	0.01038	0.01038	0.01483	0.01335	0.01928	0.02225	0.03264	0.02077	0.06231	0.67512	0.01335	0.02225	0.00890	0.00445	0.00742
31	0.00993	0.00797	0.00887	0.00959	0.01153	0.00691	0.00683	0.01179	0.01780	0.02198	0.06984	0.31227	0.42977	0.02290	0.01011	0.00302	0.00444	0.01980	0.00771	0.00691
32	0.01211	0.00882	0.01298	0.01298	0.01450	0.01021	0.01008	0.01513	0.01362	0.02005	0.02257	0.03253	0.02080	0.05884	0.63107	0.01260	0.02104	0.00882	0.05380	0.00744
33	0.01187	0.00890	0.01335	0.01335	0.01483	0.01038	0.01038	0.01483	0.01335	0.01928	0.02225	0.03264	0.02077	0.06231	0.67512	0.01335	0.02225	0.00890	0.00445	0.00742
34	0.02003	0.01919	0.03276	0.12071	0.59067	0.01960	0.02523	0.02503	0.01866	0.02649	0.01553	0.02073	0.01293	0.00750	0.00823	0.00250	0.01000	0.00740	0.00407	0.01273
35	0.01334	0.00984	0.01304	0.01457	0.01642	0.01001	0.01201	0.01859	0.08138	0.02499	0.04339	0.23302	0.04724	0.02250	0.01096	0.00361	0.00686	0.40248	0.00775	0.00799
36	0.01811	0.01724	0.02930	0.37111	0.35524	0.01909	0.02428	0.02335	0.01776	0.02417	0.01519	0.02136	0.01211	0.00786	0.00827	0.00262	0.01047	0.00739	0.00390	0.01118
37	0.26150	0.02383	0.23035	0.01777	0.05749	0.01692	0.01722	0.02503	0.07100	0.03207	0.14343	0.02648	0.02507	0.00992	0.00744	0.00261	0.00807	0.00773	0.00563	0.01044
38	0.01915	0.01893	0.02617	0.36520	0.20213	0.08413	0.02160	0.02671	0.10541	0.02454	0.01746	0.02227	0.01357	0.00852	0.00822	0.00264	0.01052	0.00747	0.00452	0.01082
39	0.01136	0.00848	0.01055	0.01003	0.01217	0.00767	0.00752	0.01491	0.02257	0.03108	0.53522	0.06573	0.19639	0.01782	0.00980	0.00265	0.00398	0.01554	0.00885	0.00767
40	0.02439	0.01318	0.01624	0.01381	0.01801	0.01352	0.01105	0.10784	0.08457	0.23771	0.02753	0.02904	0.02040	0.02267	0.16736	0.00504	0.01028	0.00835	0.15789	0.01114
41	0.02674	0.06434	0.02097	0.04506	0.02192	0.01838	0.01266	0.22824	0.08506	0.19721	0.02504	0.02972	0.01973	0.15015	0.01496	0.00362	0.00821	0.00860	0.00764	0.01175
42	0.01235	0.00810	0.00972	0.00989	0.01048	0.00833	0.00637	0.01358	0.01340	0.01923	0.02725	0.10242	0.02931	0.43118	0.15216	0.00778	0.00983	0.01186	0.11076	0.00601
43	0.01102	0.00826	0.00945	0.00961	0.01118	0.00755	0.00670	0.01287	0.01752	0.02262	0.16651	0.13304	0.28013	0.21761	0.01927	0.00438	0.00548	0.04299	0.00721	0.00660
44	0.01856	0.01901	0.02008	0.02299	0.14649	0.18385	0.01488	0.02171	0.01710	0.02113	0.01849	0.02565	0.01664	0.03739	0.36870	0.00827	0.01789	0.00768	0.00434	0.00914
45	0.03042	0.03569	0.02388	0.02104	0.02548	0.53065	0.01612	0.13196	0.02554	0.02567	0.01392	0.01599	0.01128	0.00912	0.00871	0.00228	0.05115	0.00581	0.00492	0.01035
46	0.01550	0.01316	0.01747	0.01611	0.01786	0.01641	0.01285	0.02232	0.13949	0.02309	0.02171	0.02832	0.01904	0.03682	0.33650	0.00811	0.19998	0.00851	0.03771	0.00904
47	0.01551	0.01150	0.01525	0.01418	0.01653	0.01309	0.01109	0.12786	0.01802	0.02521	0.02204	0.03149	0.02006	0.08804	0.51747	0.01106	0.01906	0.00881	0.00519	0.00852
48	0.01501	0.01221	0.01343	0.01342	0.01599	0.04012	0.01038	0.07011	0.10379	0.02777	0.10848	0.22732	0.15340	0.01952	0.00994	0.00308	0.00623	0.13326	0.00784	0.00869
49	0.02985	0.13251	0.02649	0.02016	0.02508	0.51881	0.01577	0.09233	0.02418	0.02347	0.01338	0.01525	0.01104	0.00850	0.00727	0.00212	0.01353	0.00544	0.00459	0.01023
50	0.01301	0.00927	0.01149	0.01126	0.01373	0.00863	0.00887	0.01717	0.04516	0.05640	0.34437	0.06980	0.21473	0.01861	0.01000	0.00289	0.00492	0.12310	0.00853	0.00807
51	0.02006	0.01494	0.01670	0.01473	0.01856	0.01680	0.01163	0.16824	0.22547	0.03439	0.02647	0.02881	0.02083	0.02286	0.16737	0.00508	0.01038	0.00850	0.15727	0.01092
52	0.01842	0.01755	0.02985	0.33139	0.39259	0.01917	0.02443	0.02362	0.01790	0.02454	0.01525	0.02126	0.01224	0.00780	0.00826	0.00260	0.01040	0.00739	0.00393	0.01143
53	0.01272	0.00996	0.01465	0.10761	0.01993	0.01171	0.01143	0.01541	0.01353	0.01895	0.02149	0.03489	0.02087	0.18235	0.42584	0.01037	0.04733	0.00925	0.00443	0.00727
54	0.01202	0.00856	0.01062	0.01154	0.01269	0.00831	0.00858	0.01388	0.01606	0.02078	0.04304	0.14650	0.12637	0.28312	0.02284	0.00524	0.00700	0.22972	0.00667	0.00646
55	0.02191	0.01739	0.01861	0.04523	0.02195	0.04686	0.01290	0.13471	0.33108	0.06345	0.05767	0.03139	0.05759	0.01333	0.01094	0.07925	0.00741	0.00923	0.00763	0.01150
56	0.03065	0.03272	0.02410	0.04588	0.02691	0.41403	0.01622	0.24900	0.02892	0.03200	0.01549	0.01706	0.01196	0.00906	0.00782	0.00229	0.01271	0.00620	0.00572	0.01125
57	0.01219	0.00982	0.01111	0.01159	0.01382	0.00966	0.00850	0.01823	0.13755	0.02445	0.05778	0.31195	0.27297	0.02118	0.00994	0.00307	0.00506	0.04519	0.00785	0.00812
58	0.01303	0.00902	0.01054	0.01039	0.01120	0.00901	0.00664	0.05485	0.01621	0.02191	0.11704	0.16659	0.04020	0.44361	0.02984	0.00609	0.00698	0.01420	0.00631	0.00635
59	0.01523	0.01025	0.01226	0.01183	0.01415	0.00989	0.00841	0.02003	0.10460	0.08671	0.08175	0.26912	0.09232	0.15706	0.01603	0.00391	0.00591	0.01545	0.00745	0.05763
60	0.13644	0.02661	0.01960	0.01723	0.02162	0.30717	0.01329	0.14448	0.06440	0.03045	0.01673	0.01884	0.01324	0.01038	0.00894	0.05425	0.01056	0.00623	0.06949	0.01006
61	0.02605	0.06733	0.02254	0.01804	0.02349	0.42352	0.01392	0.02872	0.02112	0.02249	0.01340	0.01563	0.01122	0.00770	0.00694	0.00182	0.01177	0.00516	0.00445	0.25467
62	0.17062	0.02613	0.02000	0.01735	0.02191	0.27558	0.01345	0.18164	0.04998	0.03169	0.01548	0.01785	0.01230	0.01128	0.01025	0.09212	0.01056	0.00612	0.00557	0.01009

[dist]
# distance from previous block
# <min> <max>
0	9

[block]
# block no. 7 follows, 22 sequences, length 42
# corresponding to MSA columns:
# 599-640
name=unknown_H
#
# <colnr> <probs for GDERKNQSTAVLIFYWHMCP>
#	G	D	E	R	K	N	Q	S	T	A	V	L	I	F	Y	W	H	M	C	P
0	0.02270	0.28734	0.22245	0.02170	0.07548	0.19296	0.02045	0.02748	0.01895	0.02234	0.01319	0.01556	0.01082	0.00774	0.00687	0.00218	0.01154	0.00541	0.00377	0.01107
1	0.02470	0.01918	0.02258	0.02558	0.18225	0.11308	0.01684	0.08741	0.04769	0.15607	0.02717	0.04059	0.02385	0.01259	0.00900	0.00281	0.00928	0.16095	0.00688	0.01150
2	0.02030	0.01186	0.01509	0.01354	0.01728	0.01099	0.01066	0.08136	0.02175	0.18193	0.12147	0.21605	0.03995	0.01662	0.00933	0.00280	0.00622	0.09709	0.00826	0.09745
3	0.09857	0.00937	0.00923	0.00915	0.01215	0.00854	0.00706	0.01382	0.01858	0.02476	0.09778	0.07213	0.52174	0.01941	0.00936	0.00282	0.00463	0.04612	0.00747	0.00731
4	0.01702	0.01229	0.01450	0.01343	0.01573	0.01311	0.00983	0.18861	0.02118	0.02857	0.02973	0.23920	0.03158	0.19041	0.13010	0.00593	0.00978	0.01376	0.00669	0.00856
5	0.02008	0.01925	0.03286	0.11348	0.59746	0.01961	0.02526	0.02508	0.01869	0.02656	0.01554	0.02072	0.01295	0.00749	0.00823	0.00250	0.00999	0.00740	0.00407	0.01277
6	0.07247	0.61697	0.08652	0.01468	0.02203	0.03092	0.01506	0.02495	0.01674	0.02124	0.01179	0.01364	0.01054	0.00721	0.00550	0.00189	0.00896	0.00457	0.00366	0.01067
7	0.01187	0.00890	0.01335	0.01335	0.01483	0.01038	0.01038	0.01483	0.01335	0.01928	0.02225	0.03264	0.02077	0.06231	0.67512	0.01335	0.02225	0.00890	0.00445	0.00742
8	0.02888	0.03238	0.02598	0.02734	0.16107	0.41665	0.01803	0.13926	0.02536	0.02759	0.01472	0.01708	0.01185	0.00857	0.00780	0.00227	0.01283	0.00618	0.00497	0.01120
9	0.01818	0.01818	0.02545	0.02181	0.02181	0.02545	0.01818	0.01999	0.01272	0.01999	0.01091	0.01818	0.01091	0.01454	0.02726	0.00364	0.69284	0.00727	0.00364	0.00909
10	0.01208	0.00805	0.00906	0.00906	0.00906	0.00805	0.00503	0.01208	0.01208	0.01611	0.02618	0.05436	0.03020	0.70804	0.04228	0.00805	0.00805	0.01208	0.00503	0.00503
11	0.01208	0.00805	0.00906	0.00906	0.00906	0.00805	0.00503	0.01208	0.01208	0.01611	0.02618	0.05436	0.03020	0.70804	0.04228	0.00805	0.00805	0.01208	0.00503	0.00503
12	0.02106	0.02325	0.02223	0.01986	0.02159	0.23630	0.01581	0.02323	0.01642	0.01995	0.01397	0.02022	0.01295	0.02279	0.15942	0.00522	0.32579	0.00699	0.00402	0.00891
13	0.03103	0.03959	0.02354	0.02140	0.02568	0.67469	0.01605	0.03317	0.02354	0.02033	0.01284	0.01498	0.01070	0.00856	0.00749	0.00214	0.01498	0.00535	0.00428	0.00963
14	0.01020	0.00843	0.00894	0.00882	0.01145	0.00718	0.00661	0.01266	0.01984	0.02458	0.19573	0.07643	0.53994	0.02024	0.00981	0.00277	0.00415	0.01704	0.00800	0.00718
15	0.02815	0.03388	0.02817	0.02361	0.02846	0.46758	0.12125	0.07371	0.02318	0.02368	0.01389	0.01685	0.01129	0.00884	0.00941	0.00239	0.06455	0.00641	0.00451	0.01018
16	0.01964	0.01880	0.03206	0.17145	0.54296	0.01950	0.02504	0.02469	0.01848	0.02602	0.01546	0.02086	0.01276	0.00757	0.00824	0.00252	0.01010	0.00740	0.00403	0.01242
17	0.02922	0.03658	0.02381	0.02146	0.02514	0.58338	0.01635	0.03132	0.02202	0.02028	0.01257	0.01543	0.01073	0.00940	0.01027	0.00235	0.11032	0.00562	0.00419	0.00955
18	0.03103	0.03959	0.02354	0.02140	0.02568	0.67469	0.01605	0.03317	0.02354	0.02033	0.01284	0.01498	0.01070	0.00856	0.00749	0.00214	0.01498	0.00535	0.00428	0.00963
19	0.01086	0.00846	0.00986	0.00951	0.01186	0.00746	0.00713	0.01394	0.02140	0.02828	0.38922	0.07033	0.34414	0.01886	0.00981	0.00270	0.00405	0.01618	0.00848	0.00746
20	0.02034	0.01951	0.03332	0.07965	0.62928	0.01968	0.02539	0.02530	0.01881	0.02687	0.01559	0.02063	0.01307	0.00744	0.00823	0.00248	0.00992	0.00740	0.00409	0.01298
21	0.02002	0.01942	0.06552	0.06612	0.02522	0.02040	0.01513	0.04120	0.55119	0.03316	0.03108	0.02939	0.02326	0.01081	0.00840	0.00280	0.00731	0.00901	0.00775	0.01280
22	0.00982	0.00842	0.00842	0.00842	0.01122	0.00701	0.00631	0.01192	0.01894	0.02244	0.08416	0.07995	0.65285	0.02104	0.00982	0.00281	0.00421	0.01753	0.00771	0.00701
23	0.01141	0.00752	0.00982	0.01075	0.01132	0.00713	0.00713	0.01179	0.01501	0.01994	0.08028	0.37608	0.08773	0.12279	0.01970	0.16602	0.00569	0.01743	0.00655	0.00592
24	0.01195	0.00807	0.00902	0.00902	0.00918	0.00800	0.00510	0.01207	0.01246	0.01646	0.02940	0.05579	0.06487	0.66979	0.04048	0.00776	0.00784	0.01238	0.00518	0.00514
25	0.03017	0.10545	0.02550	0.02070	0.02526	0.61193	0.01587	0.03236	0.02289	0.02025	0.01271	0.01482	0.01070	0.00842	0.00728	0.00210	0.01439	0.00526	0.00421	0.00973
26	0.01723	0.01477	0.01723	0.01230	0.01969	0.01107	0.00984	0.02092	0.01723	0.02707	0.01477	0.01723	0.01230	0.00615	0.00615	0.00123	0.00615	0.00492	0.00492	0.75883
27	0.02777	0.02082	0.02247	0.01790	0.02369	0.02302	0.01454	0.47712	0.12390	0.04724	0.06600	0.05252	0.02180	0.01130	0.00853	0.00258	0.00824	0.00893	0.00836	0.01325
28	0.03075	0.06609	0.02468	0.02065	0.02551	0.52380	0.01592	0.14538	0.02618	0.02635	0.01413	0.01585	0.01135	0.00876	0.00755	0.00219	0.01361	0.00571	0.00501	0.01053
29	0.03103	0.03959	0.02354	0.02140	0.02568	0.67469	0.01605	0.03317	0.02354	0.02033	0.01284	0.01498	0.01070	0.00856	0.00749	0.00214	0.01498	0.00535	0.00428	0.00963
30	0.02066	0.01785	0.01878	0.01691	0.02160	0.02066	0.01315	0.04414	0.64121	0.03475	0.03381	0.03099	0.02536	0.01127	0.00845	0.00282	0.00657	0.00939	0.00845	0.01315
31	0.01232	0.00803	0.00897	0.00897	0.00910	0.00803	0.00509	0.01260	0.01246	0.01717	0.02624	0.05269	0.02956	0.65802	0.03967	0.00762	0.00775	0.01177	0.05870	0.00523
