[name]
unknown

[dist]
# distance from previous block
# <min> <max>
0	31

[block]
# block no. 0 follows, 22 sequences, length 13
# corresponding to MSA columns:
# 31-43
name=unknown_A
#
# <colnr> <probs for GDERKNQSTAVLIFYWHMCP>
#	G	D	E	R	K	N	Q	S	T	A	V	L	I	F	Y	W	H	M	C	P
0	0.01339	0.00956	0.01339	0.01530	0.01721	0.00956	0.01339	0.01721	0.01912	0.02486	0.04399	0.09371	0.04781	0.02295	0.01147	0.00382	0.00765	0.60031	0.00765	0.00765
1	0.01386	0.00962	0.01213	0.01275	0.04984	0.00864	0.00901	0.01687	0.02061	0.08590	0.24451	0.10743	0.29976	0.01847	0.00975	0.00281	0.00499	0.05654	0.00818	0.00831
2	0.13684	0.09628	0.36251	0.02580	0.12809	0.02065	0.06661	0.02577	0.01730	0.02756	0.01431	0.01731	0.01085	0.00765	0.00740	0.00253	0.01078	0.00617	0.00391	0.01167
3	0.13004	0.20186	0.08600	0.01683	0.02280	0.16615	0.01504	0.14305	0.02191	0.02904	0.01504	0.01851	0.01261	0.05039	0.03543	0.00301	0.01072	0.00601	0.00498	0.01057
4	0.02163	0.14140	0.04991	0.01594	0.02064	0.13256	0.01333	0.09977	0.15727	0.02909	0.05122	0.08746	0.02284	0.01310	0.03178	0.00281	0.00899	0.00886	0.08078	0.01061
5	0.05441	0.02289	0.08336	0.04399	0.49445	0.06206	0.06662	0.02609	0.01894	0.02705	0.01529	0.01977	0.01256	0.00750	0.00812	0.00249	0.01053	0.00721	0.00413	0.01254
6	0.01063	0.00843	0.00962	0.00985	0.01216	0.00742	0.00748	0.01324	0.01966	0.02494	0.20054	0.13715	0.40964	0.02082	0.01005	0.00292	0.00455	0.07565	0.00802	0.00723
7	0.02828	0.03490	0.02412	0.02490	0.11555	0.54121	0.01684	0.03082	0.02261	0.02144	0.01743	0.01960	0.04881	0.00913	0.00773	0.00223	0.01361	0.00636	0.00446	0.00998
8	0.00982	0.00842	0.00842	0.00842	0.01122	0.00701	0.00631	0.01192	0.01894	0.02244	0.08416	0.07995	0.65285	0.02104	0.00982	0.00281	0.00421	0.01753	0.00771	0.00701
9	0.01191	0.00872	0.01241	0.01241	0.01357	0.00987	0.00921	0.01423	0.01307	0.01859	0.02311	0.03738	0.02283	0.20343	0.53682	0.01219	0.01915	0.00960	0.00458	0.00690
10	0.01187	0.00890	0.01335	0.01335	0.01483	0.01038	0.01038	0.01483	0.01335	0.01928	0.02225	0.03264	0.02077	0.06231	0.67512	0.01335	0.02225	0.00890	0.00445	0.00742
11	0.76672	0.01607	0.01221	0.01092	0.01607	0.01864	0.00900	0.02442	0.01414	0.03727	0.01157	0.01350	0.00900	0.00771	0.00514	0.00257	0.00643	0.00450	0.00514	0.00900
12	0.02281	0.02441	0.03027	0.10287	0.43729	0.18889	0.02283	0.02708	0.01990	0.02483	0.01483	0.01927	0.01233	0.00779	0.00804	0.00241	0.01130	0.00687	0.00412	0.01188

[dist]
# distance from previous block
# <min> <max>
0	1

[block]
# block no. 1 follows, 22 sequences, length 22
# corresponding to MSA columns:
# 45-66
name=unknown_B
#
# <colnr> <probs for GDERKNQSTAVLIFYWHMCP>
#	G	D	E	R	K	N	Q	S	T	A	V	L	I	F	Y	W	H	M	C	P
0	0.02274	0.02388	0.03160	0.04483	0.52483	0.15622	0.02353	0.02710	0.01988	0.02572	0.01505	0.01940	0.01265	0.00764	0.00807	0.00240	0.01093	0.00697	0.00415	0.01242
1	0.01187	0.00890	0.01335	0.01335	0.01483	0.01038	0.01038	0.01483	0.01335	0.01928	0.02225	0.03264	0.02077	0.06231	0.67512	0.01335	0.02225	0.00890	0.00445	0.00742
2	0.01723	0.01477	0.01723	0.01230	0.01969	0.01107	0.00984	0.02092	0.01723	0.02707	0.01477	0.01723	0.01230	0.00615	0.00615	0.00123	0.00615	0.00492	0.00492	0.75883
3	0.01208	0.00805	0.00906	0.00906	0.00906	0.00805	0.00503	0.01208	0.01208	0.01611	0.02618	0.05436	0.03020	0.70804	0.04228	0.00805	0.00805	0.01208	0.00503	0.00503
4	0.01341	0.00871	0.01088	0.01067	0.01290	0.00779	0.00787	0.01617	0.02044	0.09039	0.29286	0.22883	0.20846	0.01965	0.00987	0.00285	0.00454	0.01720	0.00853	0.00798
5	0.01549	0.00774	0.00774	0.00774	0.00968	0.00774	0.00581	0.01936	0.01742	0.03097	0.02710	0.03097	0.02129	0.00968	0.00581	0.00194	0.00387	0.00774	0.75416	0.00774
6	0.01751	0.01663	0.02821	0.44960	0.28144	0.01894	0.02398	0.02282	0.01747	0.02344	0.01509	0.02155	0.01185	0.00797	0.00828	0.00266	0.01062	0.00739	0.00385	0.01070
7	0.02281	0.01891	0.01999	0.01734	0.02242	0.02167	0.01367	0.15912	0.52274	0.03822	0.03108	0.02882	0.02315	0.01102	0.00843	0.00275	0.00708	0.00902	0.00843	0.01334
8	0.01076	0.00836	0.00979	0.00963	0.01185	0.00738	0.00715	0.01368	0.02088	0.02751	0.35080	0.11973	0.33365	0.01950	0.00987	0.00276	0.00412	0.01681	0.00839	0.00738
9	0.01129	0.00819	0.01092	0.05589	0.01449	0.00831	0.00824	0.01286	0.01492	0.02007	0.06134	0.37805	0.04253	0.22310	0.08595	0.00564	0.00787	0.01741	0.00641	0.00654
10	0.03011	0.10979	0.02563	0.02065	0.02523	0.60779	0.01586	0.03231	0.02285	0.02025	0.01271	0.01481	0.01070	0.00841	0.00727	0.00210	0.01435	0.00526	0.00420	0.00974
11	0.01178	0.00871	0.00988	0.00944	0.01211	0.00755	0.00713	0.01459	0.02079	0.05594	0.28434	0.07117	0.41858	0.01909	0.00974	0.00273	0.00424	0.01621	0.00834	0.00764
12	0.01457	0.01287	0.01853	0.01698	0.01782	0.01684	0.01372	0.01704	0.01308	0.01959	0.01739	0.02644	0.01654	0.04184	0.39754	0.00919	0.30957	0.00820	0.00410	0.00813
13	0.01991	0.02042	0.03380	0.10689	0.38711	0.06257	0.14859	0.02498	0.01914	0.02570	0.01981	0.02438	0.05192	0.00832	0.00861	0.00257	0.01084	0.00839	0.00432	0.01175
14	0.08693	0.02897	0.02301	0.02038	0.05159	0.30463	0.01539	0.27166	0.02868	0.03496	0.01881	0.01992	0.03980	0.00955	0.00777	0.00236	0.01127	0.00676	0.00612	0.01144
15	0.01873	0.01942	0.02055	0.02557	0.20689	0.18025	0.01517	0.02170	0.01939	0.02366	0.07673	0.19801	0.07095	0.01703	0.04546	0.00324	0.00974	0.01229	0.00571	0.00952
16	0.01949	0.01962	0.01723	0.06854	0.02153	0.19391	0.01227	0.07353	0.02114	0.02562	0.07339	0.12692	0.13090	0.01383	0.00924	0.00250	0.03766	0.01108	0.03764	0.08396
17	0.01910	0.02163	0.08299	0.07840	0.32565	0.04719	0.17402	0.02455	0.01904	0.02581	0.02256	0.02659	0.07665	0.00881	0.00873	0.00260	0.01082	0.00883	0.00443	0.01159
18	0.02167	0.02085	0.03119	0.04493	0.54338	0.07022	0.02329	0.05584	0.02020	0.02806	0.01620	0.02062	0.01343	0.00773	0.00805	0.00242	0.00993	0.00726	0.04207	0.01266
19	0.05064	0.02606	0.22608	0.02862	0.16159	0.01916	0.13208	0.07244	0.01958	0.02862	0.02098	0.02424	0.05878	0.00923	0.00946	0.00266	0.05238	0.00807	0.03784	0.01150
20	0.02220	0.02566	0.06334	0.02181	0.09581	0.25781	0.01563	0.03038	0.17760	0.02512	0.02423	0.12638	0.02230	0.04277	0.00987	0.00283	0.01022	0.00975	0.00582	0.01047
21	0.02373	0.05467	0.11945	0.01961	0.08576	0.05892	0.01590	0.05394	0.04764	0.20396	0.05263	0.12140	0.02385	0.01161	0.00828	0.00252	0.00830	0.00974	0.00689	0.07122

[dist]
# distance from previous block
# <min> <max>
5	9

[block]
# block no. 2 follows, 22 sequences, length 10
# corresponding to MSA columns:
# 76-85
name=unknown_C
#
# <colnr> <probs for GDERKNQSTAVLIFYWHMCP>
#	G	D	E	R	K	N	Q	S	T	A	V	L	I	F	Y	W	H	M	C	P
0	0.08322	0.28628	0.31994	0.01891	0.02792	0.08762	0.02140	0.02629	0.01759	0.02417	0.01319	0.01541	0.01046	0.00765	0.00668	0.00226	0.01080	0.00530	0.00374	0.01115
1	0.01653	0.21855	0.30407	0.01711	0.02507	0.01976	0.01946	0.02230	0.01798	0.02433	0.09151	0.03017	0.10395	0.01303	0.03997	0.00294	0.00985	0.00827	0.00473	0.01042
2	0.02332	0.02305	0.02460	0.06653	0.24556	0.19719	0.01799	0.10109	0.02203	0.02815	0.01731	0.02118	0.01405	0.01163	0.04698	0.00297	0.01115	0.00698	0.10719	0.01102
3	0.01074	0.00845	0.00969	0.00938	0.01179	0.00741	0.00704	0.01371	0.02111	0.02761	0.35382	0.07145	0.37997	0.01911	0.00981	0.00271	0.00407	0.01634	0.00839	0.00741
4	0.02362	0.02607	0.02901	0.10266	0.29033	0.24542	0.05636	0.02926	0.07026	0.02477	0.01611	0.01975	0.01304	0.00818	0.00809	0.00243	0.01173	0.00699	0.00448	0.01142
5	0.01208	0.00805	0.00906	0.00906	0.00906	0.00805	0.00503	0.01208	0.01208	0.01611	0.02618	0.05436	0.03020	0.70804	0.04228	0.00805	0.00805	0.01208	0.00503	0.00503
6	0.01049	0.00824	0.00948	0.00961	0.01174	0.00723	0.00704	0.01306	0.01988	0.02570	0.25877	0.18101	0.36698	0.02060	0.00995	0.00284	0.00422	0.01778	0.00817	0.00723
7	0.02369	0.02567	0.03068	0.04215	0.46776	0.21550	0.02267	0.02779	0.02030	0.02511	0.01479	0.01889	0.01242	0.00775	0.00801	0.00237	0.01140	0.00679	0.00416	0.01210
8	0.02257	0.61016	0.08469	0.01547	0.02270	0.08596	0.01551	0.02567	0.01749	0.02008	0.01189	0.01376	0.01065	0.00728	0.00569	0.00187	0.00963	0.00464	0.00361	0.01069
9	0.02116	0.03248	0.39172	0.02881	0.18231	0.01886	0.02616	0.06362	0.01995	0.11060	0.01770	0.01980	0.01267	0.00821	0.00806	0.00258	0.01084	0.00681	0.00482	0.01284

[dist]
# distance from previous block
# <min> <max>
0	1

[block]
# block no. 3 follows, 22 sequences, length 14
# corresponding to MSA columns:
# 87-100
name=unknown_D
#
# <colnr> <probs for GDERKNQSTAVLIFYWHMCP>
#	G	D	E	R	K	N	Q	S	T	A	V	L	I	F	Y	W	H	M	C	P
0	0.02266	0.02530	0.02362	0.02826	0.22942	0.29303	0.01701	0.02606	0.02174	0.02515	0.13890	0.02965	0.06319	0.01053	0.00831	0.00238	0.01056	0.00859	0.00535	0.01029
1	0.01176	0.00849	0.01110	0.01045	0.01241	0.00784	0.00784	0.01568	0.02352	0.03331	0.65184	0.06206	0.07839	0.01698	0.00980	0.00261	0.00392	0.01502	0.00914	0.00784
2	0.01768	0.11300	0.52301	0.02506	0.07561	0.02089	0.06049	0.02612	0.01767	0.02565	0.01469	0.01754	0.01082	0.00773	0.00774	0.00254	0.01184	0.00623	0.00359	0.01210
3	0.01870	0.28917	0.43666	0.02020	0.03058	0.02428	0.02464	0.02578	0.01730	0.02382	0.01367	0.01599	0.01057	0.00760	0.00695	0.00232	0.01103	0.00552	0.00352	0.01168
4	0.00990	0.00811	0.00873	0.00923	0.01144	0.00694	0.00668	0.01183	0.01815	0.02212	0.07419	0.24166	0.49757	0.02233	0.01002	0.00295	0.00437	0.01911	0.00771	0.00694
5	0.02049	0.01994	0.03489	0.04977	0.60937	0.01984	0.07141	0.02558	0.01897	0.02710	0.01572	0.02070	0.01312	0.00737	0.00835	0.00249	0.01019	0.00759	0.00412	0.01301
6	0.01106	0.00846	0.01013	0.00972	0.01198	0.00754	0.00729	0.01432	0.02186	0.02939	0.44709	0.06851	0.28558	0.01845	0.00981	0.00268	0.00402	0.01593	0.00863	0.00754
7	0.01685	0.04166	0.62579	0.02440	0.03643	0.01940	0.06859	0.02633	0.01767	0.02633	0.01503	0.01785	0.01066	0.00784	0.00801	0.00264	0.01239	0.00637	0.00355	0.01221
8	0.01208	0.00805	0.00906	0.00906	0.00906	0.00805	0.00503	0.01208	0.01208	0.01611	0.02618	0.05436	0.03020	0.70804	0.04228	0.00805	0.00805	0.01208	0.00503	0.00503
9	0.01093	0.00814	0.01017	0.01034	0.01208	0.00738	0.00750	0.01383	0.02057	0.02791	0.37669	0.23573	0.18777	0.02020	0.01002	0.00285	0.00422	0.01781	0.00848	0.00738
10	0.02438	0.02459	0.06597	0.14777	0.06961	0.14402	0.01819	0.19529	0.16395	0.03329	0.02014	0.02178	0.01512	0.00939	0.00816	0.00256	0.01028	0.00740	0.00614	0.01196
11	0.02618	0.11073	0.05877	0.02945	0.22034	0.26855	0.01938	0.11934	0.02339	0.02745	0.01472	0.01738	0.01196	0.00821	0.00760	0.00227	0.01168	0.00623	0.00472	0.01164
12	0.02647	0.11083	0.06719	0.01640	0.02261	0.07175	0.01433	0.18006	0.06933	0.17063	0.09633	0.02592	0.02285	0.01008	0.00788	0.00235	0.00834	0.00787	0.00736	0.06141
13	0.01896	0.02119	0.14669	0.02103	0.11399	0.01630	0.01688	0.13533	0.05431	0.03295	0.14293	0.03120	0.06292	0.01058	0.00822	0.00236	0.00793	0.00889	0.00631	0.14103

[dist]
# distance from previous block
# <min> <max>
2	61

[block]
# block no. 4 follows, 22 sequences, length 30
# corresponding to MSA columns:
# 163-192
name=unknown_E
#
# <colnr> <probs for GDERKNQSTAVLIFYWHMCP>
#	G	D	E	R	K	N	Q	S	T	A	V	L	I	F	Y	W	H	M	C	P
0	0.02045	0.02133	0.02344	0.02742	0.23455	0.16402	0.01652	0.02387	0.01919	0.02447	0.02443	0.02699	0.10491	0.00979	0.00898	0.00223	0.05125	0.00783	0.00483	0.18351
1	0.01685	0.01300	0.01376	0.01278	0.01491	0.06937	0.00975	0.07565	0.01832	0.02653	0.06105	0.03270	0.02340	0.10043	0.20902	0.00617	0.05098	0.00873	0.22839	0.00821
2	0.01028	0.00843	0.00906	0.00890	0.01151	0.00721	0.00668	0.01282	0.02003	0.02504	0.21985	0.07567	0.51554	0.02007	0.00981	0.00276	0.00414	0.01693	0.00806	0.00721
3	0.02082	0.01927	0.01754	0.01567	0.01912	0.17973	0.04263	0.11068	0.05116	0.02861	0.02773	0.13825	0.05260	0.01584	0.04897	0.00313	0.00938	0.01044	0.17905	0.00936
4	0.02816	0.02157	0.02300	0.01842	0.02446	0.02416	0.01496	0.44536	0.22780	0.04684	0.02429	0.02341	0.01765	0.01038	0.00836	0.00259	0.00834	0.00808	0.00836	0.01382
5	0.02753	0.02121	0.02338	0.07323	0.02728	0.02388	0.01572	0.43158	0.18902	0.04537	0.02302	0.02291	0.01671	0.01016	0.00835	0.00260	0.00865	0.00795	0.00797	0.01348
6	0.02267	0.67803	0.04249	0.01459	0.02155	0.06624	0.01431	0.02531	0.01723	0.01959	0.01162	0.01341	0.01066	0.00718	0.00544	0.00180	0.00920	0.00449	0.00359	0.01061
7	0.02056	0.01974	0.03372	0.05099	0.65622	0.01974	0.02550	0.02550	0.01892	0.02714	0.01563	0.02056	0.01316	0.00740	0.00822	0.00247	0.00987	0.00740	0.00411	0.01316
8	0.00984	0.00834	0.00849	0.00861	0.01127	0.00700	0.00640	0.01190	0.01875	0.02237	0.08180	0.11815	0.61617	0.02135	0.00987	0.00284	0.00425	0.01791	0.00771	0.00700
9	0.01188	0.00797	0.00912	0.00932	0.00937	0.00792	0.00531	0.01203	0.01248	0.01664	0.02821	0.12149	0.03276	0.63742	0.03900	0.00757	0.00772	0.01328	0.00531	0.00521
10	0.03699	0.01459	0.01956	0.01500	0.02143	0.01288	0.01239	0.06969	0.02454	0.63170	0.03214	0.02786	0.02024	0.01027	0.00835	0.00257	0.00717	0.00831	0.01018	0.01414
11	0.01799	0.01703	0.02767	0.04081	0.50205	0.01670	0.02091	0.02225	0.01892	0.02602	0.03201	0.03476	0.16606	0.01066	0.00861	0.00255	0.00852	0.00982	0.00497	0.01169
12	0.02569	0.02985	0.01995	0.01798	0.02216	0.42924	0.01364	0.08421	0.05299	0.02448	0.03097	0.03121	0.16008	0.01170	0.00815	0.00236	0.01155	0.00855	0.00565	0.00961
13	0.01012	0.00723	0.00964	0.01157	0.01205	0.00675	0.00771	0.01157	0.01591	0.02121	0.04579	0.70262	0.05495	0.02603	0.01060	0.00337	0.00482	0.02362	0.00771	0.00675
14	0.02221	0.71304	0.04353	0.01421	0.02132	0.03287	0.01421	0.02488	0.01688	0.01955	0.01155	0.01333	0.01066	0.00711	0.00533	0.00178	0.00888	0.00444	0.00355	0.01066
15	0.01475	0.01454	0.05096	0.01809	0.02024	0.01563	0.09324	0.01759	0.01416	0.02034	0.02053	0.07986	0.02074	0.15381	0.21548	0.00711	0.20022	0.01010	0.00450	0.00812
16	0.01009	0.00781	0.00906	0.01001	0.01151	0.00694	0.00693	0.01176	0.01706	0.02148	0.06199	0.38595	0.32300	0.06174	0.01201	0.00338	0.00472	0.02023	0.00756	0.00677
17	0.01012	0.00723	0.00964	0.01157	0.01205	0.00675	0.00771	0.01157	0.01591	0.02121	0.04579	0.70262	0.05495	0.02603	0.01060	0.00337	0.00482	0.02362	0.00771	0.00675
18	0.02004	0.02190	0.07487	0.04450	0.43183	0.02010	0.21061	0.02589	0.01905	0.02693	0.01595	0.02096	0.01284	0.00731	0.00869	0.00258	0.01128	0.00807	0.00410	0.01251
19	0.02066	0.01785	0.01878	0.01691	0.02160	0.02066	0.01315	0.04414	0.64121	0.03475	0.03381	0.03099	0.02536	0.01127	0.00845	0.00282	0.00657	0.00939	0.00845	0.01315
20	0.02601	0.21666	0.03151	0.02692	0.18345	0.33606	0.01794	0.02899	0.02057	0.02184	0.01319	0.01594	0.01131	0.00788	0.00709	0.00212	0.01204	0.00562	0.00404	0.01080
21	0.01012	0.00723	0.00964	0.01157	0.01205	0.00675	0.00771	0.01157	0.01591	0.02121	0.04579	0.70262	0.05495	0.02603	0.01060	0.00337	0.00482	0.02362	0.00771	0.00675
22	0.01287	0.01038	0.01528	0.01470	0.01595	0.01278	0.01162	0.01566	0.01325	0.01940	0.02045	0.03033	0.01920	0.05470	0.57198	0.01180	0.12901	0.00864	0.00432	0.00768
23	0.01860	0.01938	0.02012	0.01830	0.01989	0.16936	0.01454	0.02095	0.01548	0.01978	0.01594	0.02328	0.01484	0.03246	0.28455	0.00722	0.26518	0.00749	0.00411	0.00854
24	0.01748	0.01294	0.01383	0.01201	0.01497	0.01328	0.00880	0.20525	0.02268	0.02945	0.04236	0.05158	0.21991	0.27437	0.02148	0.00467	0.00719	0.01234	0.00690	0.00850
25	0.01860	0.01399	0.01530	0.01347	0.01648	0.01509	0.00992	0.18466	0.13432	0.03027	0.03204	0.06964	0.08496	0.26537	0.05500	0.00517	0.00830	0.01120	0.00688	0.00935
26	0.01845	0.05787	0.22037	0.08236	0.02550	0.01623	0.01717	0.10638	0.02035	0.03091	0.02025	0.02344	0.01535	0.00889	0.00703	0.00231	0.00822	0.00700	0.30160	0.01035
27	0.01674	0.02752	0.31071	0.02980	0.22597	0.01730	0.02420	0.02331	0.01697	0.02489	0.01689	0.02210	0.01380	0.02074	0.16748	0.00514	0.01390	0.00720	0.00392	0.01139
28	0.08486	0.02558	0.02067	0.08418	0.10428	0.32112	0.01515	0.02565	0.02071	0.02378	0.06134	0.03025	0.12730	0.01098	0.00800	0.00242	0.01075	0.00841	0.00515	0.00943
29	0.02286	0.21050	0.18283	0.02357	0.11030	0.22780	0.02002	0.02734	0.01920	0.02240	0.01389	0.01689	0.01153	0.01085	0.04415	0.00283	0.01248	0.00577	0.00389	0.01088

[dist]
# distance from previous block
# <min> <max>
0	3

[block]
# block no. 5 follows, 22 sequences, length 24
# corresponding to MSA columns:
# 196-219
name=unknown_F
#
# <colnr> <probs for GDERKNQSTAVLIFYWHMCP>
#	G	D	E	R	K	N	Q	S	T	A	V	L	I	F	Y	W	H	M	C	P
0	0.02223	0.02883	0.16943	0.06243	0.28774	0.15546	0.02326	0.05927	0.06226	0.02710	0.01630	0.01948	0.01285	0.00818	0.00802	0.00247	0.01125	0.00683	0.00450	0.01211
1	0.02774	0.23137	0.03014	0.02140	0.07129	0.40452	0.01621	0.06365	0.02215	0.02241	0.01307	0.01520	0.01106	0.00813	0.00697	0.00208	0.01252	0.00536	0.00428	0.01044
2	0.01833	0.01736	0.02838	0.04140	0.50070	0.01743	0.02142	0.02254	0.01852	0.02584	0.02738	0.06029	0.11382	0.01065	0.00938	0.00261	0.03769	0.00969	0.00481	0.01175
3	0.01259	0.01145	0.01829	0.01513	0.01876	0.01034	0.14396	0.01628	0.02027	0.02657	0.23827	0.10360	0.29746	0.01704	0.00986	0.00278	0.00633	0.01547	0.00737	0.00817
4	0.01585	0.01237	0.01374	0.01310	0.01617	0.01303	0.00979	0.02692	0.28041	0.05441	0.09917	0.18163	0.16316	0.04826	0.01081	0.00314	0.00560	0.01451	0.00813	0.00982
5	0.02912	0.18747	0.02806	0.01966	0.02472	0.48917	0.01563	0.07129	0.02311	0.02231	0.01303	0.01495	0.01092	0.00833	0.00707	0.00208	0.01324	0.00529	0.00439	0.01016
6	0.01248	0.00872	0.01091	0.01022	0.01255	0.00786	0.00772	0.01599	0.02258	0.05876	0.50712	0.06427	0.19469	0.01753	0.00974	0.00265	0.00412	0.01525	0.00890	0.00795
7	0.01191	0.00873	0.01250	0.01250	0.01368	0.00992	0.00932	0.01429	0.01310	0.01865	0.02303	0.03697	0.02265	0.19114	0.54886	0.01229	0.01942	0.00954	0.00457	0.00694
8	0.01128	0.00838	0.00994	0.00960	0.01141	0.00765	0.00685	0.01390	0.01995	0.02682	0.36732	0.06555	0.23037	0.15600	0.01629	0.00375	0.00483	0.01514	0.00792	0.00705
9	0.01961	0.02241	0.04902	0.03501	0.04342	0.02101	0.62605	0.02661	0.01961	0.02661	0.01681	0.02241	0.01261	0.00700	0.00980	0.00280	0.01401	0.00980	0.00420	0.01120
10	0.02913	0.01702	0.01983	0.01631	0.02200	0.01780	0.01311	0.12184	0.29980	0.30103	0.03150	0.02835	0.02182	0.01068	0.00839	0.00267	0.00713	0.00870	0.00920	0.01370
11	0.01961	0.02241	0.04902	0.03501	0.04342	0.02101	0.62605	0.02661	0.01961	0.02661	0.01681	0.02241	0.01261	0.00700	0.00980	0.00280	0.01401	0.00980	0.00420	0.01120
12	0.01187	0.00890	0.01335	0.01335	0.01483	0.01038	0.01038	0.01483	0.01335	0.01928	0.02225	0.03264	0.02077	0.06231	0.67512	0.01335	0.02225	0.00890	0.00445	0.00742
13	0.02251	0.40261	0.20284	0.01814	0.02604	0.15736	0.01891	0.02691	0.01838	0.02148	0.01269	0.01476	0.01063	0.00760	0.00643	0.00207	0.01099	0.00507	0.00369	0.01088
14	0.01707	0.09277	0.61881	0.02297	0.03487	0.02030	0.02947	0.02620	0.01749	0.02581	0.01466	0.01723	0.01053	0.00783	0.00770	0.00257	0.01203	0.00601	0.00351	0.01216
15	0.01443	0.00722	0.01082	0.01082	0.01082	0.00722	0.00722	0.01082	0.01082	0.01443	0.01443	0.02525	0.01443	0.02886	0.03247	0.75830	0.00722	0.00722	0.00361	0.00361
16	0.01077	0.00836	0.00990	0.01040	0.01245	0.00748	0.00787	0.01337	0.01934	0.02484	0.19176	0.19960	0.33210	0.02141	0.01019	0.00301	0.00473	0.09720	0.00801	0.00722
17	0.02139	0.65712	0.04114	0.01415	0.02081	0.03109	0.01391	0.02408	0.01660	0.01952	0.01240	0.01486	0.01146	0.01149	0.05852	0.00270	0.00995	0.00480	0.00362	0.01040
18	0.01203	0.00824	0.01001	0.01001	0.01034	0.00857	0.00622	0.01269	0.01236	0.01681	0.02531	0.04956	0.02812	0.56520	0.18228	0.00923	0.01119	0.01138	0.00490	0.00556
19	0.01324	0.00910	0.01044	0.01036	0.01098	0.00920	0.00642	0.06093	0.01499	0.02000	0.02959	0.18097	0.03386	0.51653	0.03326	0.00668	0.00750	0.01402	0.00583	0.00610
20	0.01628	0.01548	0.02544	0.56505	0.08315	0.01947	0.02253	0.02128	0.01620	0.02136	0.01429	0.02153	0.01116	0.00910	0.01087	0.00287	0.10345	0.00737	0.00371	0.00941
21	0.02632	0.02830	0.02150	0.01900	0.02287	0.36087	0.01472	0.14538	0.02385	0.02690	0.01635	0.01989	0.01357	0.01841	0.12219	0.00420	0.06005	0.00661	0.03901	0.01002
22	0.02092	0.02079	0.03221	0.10353	0.55790	0.06831	0.02459	0.02570	0.01906	0.02613	0.01535	0.02028	0.01280	0.00757	0.00818	0.00247	0.01035	0.00725	0.00409	0.01256
23	0.02407	0.31018	0.03807	0.02183	0.02810	0.22364	0.16545	0.02760	0.01939	0.02154	0.01321	0.01627	0.01116	0.00784	0.00801	0.00222	0.04093	0.00616	0.00394	0.01042

[dist]
# distance from previous block
# <min> <max>
0	1

[block]
# block no. 6 follows, 22 sequences, length 45
# corresponding to MSA columns:
# 221-265
name=unknown_G
#
# <colnr> <probs for GDERKNQSTAVLIFYWHMCP>
#	G	D	E	R	K	N	Q	S	T	A	V	L	I	F	Y	W	H	M	C	P
0	0.01174	0.00928	0.01073	0.01080	0.01310	0.00877	0.00807	0.01658	0.08567	0.02667	0.22800	0.18447	0.28695	0.01988	0.00989	0.00291	0.00466	0.04577	0.00819	0.00788
1	0.02136	0.02996	0.16524	0.03001	0.03833	0.15390	0.38437	0.02789	0.02000	0.02527	0.01562	0.01994	0.01181	0.00750	0.00896	0.00263	0.01386	0.00817	0.00408	0.01110
2	0.01974	0.02272	0.12187	0.08293	0.53549	0.01960	0.02609	0.02537	0.01859	0.02669	0.01548	0.02023	0.01267	0.00752	0.00818	0.00251	0.01028	0.00722	0.00400	0.01281
3	0.02270	0.39080	0.20098	0.01826	0.02609	0.17015	0.01891	0.02707	0.01851	0.02148	0.01271	0.01479	0.01063	0.00763	0.00647	0.00208	0.01111	0.00508	0.00370	0.01086
4	0.01076	0.00915	0.00936	0.00918	0.01209	0.00812	0.00692	0.01462	0.06756	0.02394	0.10872	0.07524	0.57523	0.02008	0.00971	0.00280	0.00438	0.01677	0.00784	0.00753
5	0.01291	0.01248	0.04632	0.01602	0.01950	0.01063	0.13119	0.01683	0.01983	0.02684	0.24486	0.20442	0.14581	0.01758	0.00997	0.00291	0.00668	0.03961	0.00731	0.00831
6	0.05247	0.01591	0.01634	0.01363	0.01780	0.05177	0.01054	0.15004	0.04804	0.02967	0.03317	0.03790	0.15530	0.12602	0.01478	0.00329	0.05023	0.00973	0.00632	0.15704
7	0.01071	0.00910	0.01054	0.08080	0.01627	0.00834	0.00830	0.01344	0.01933	0.02384	0.15651	0.07131	0.50410	0.01912	0.00966	0.00277	0.00490	0.01610	0.00749	0.00736
8	0.01549	0.00774	0.00774	0.00774	0.00968	0.00774	0.00581	0.01936	0.01742	0.03097	0.02710	0.03097	0.02129	0.00968	0.00581	0.00194	0.00387	0.00774	0.75416	0.00774
9	0.01885	0.30768	0.41949	0.01994	0.03017	0.02466	0.02418	0.02574	0.01728	0.02364	0.01358	0.01587	0.01058	0.00758	0.00688	0.00229	0.01094	0.00547	0.00353	0.01164
10	0.01652	0.01574	0.02227	0.01959	0.01998	0.02149	0.01613	0.01864	0.01289	0.01981	0.01389	0.02198	0.01350	0.02710	0.19758	0.00619	0.51655	0.00770	0.00385	0.00865
11	0.01004	0.00793	0.00906	0.00982	0.01162	0.00694	0.00697	0.01196	0.01790	0.02246	0.09617	0.33749	0.37644	0.02291	0.01014	0.00303	0.00445	0.01993	0.00778	0.00694
12	0.03022	0.10166	0.02538	0.02074	0.02528	0.61554	0.01588	0.03241	0.02293	0.02026	0.01272	0.01483	0.01070	0.00843	0.00729	0.00211	0.01442	0.00527	0.00421	0.00973
13	0.02074	0.02050	0.03222	0.11122	0.55835	0.06065	0.02467	0.02556	0.01898	0.02614	0.01537	0.02037	0.01280	0.00756	0.00819	0.00248	0.01031	0.00727	0.00408	0.01255
14	0.01818	0.01818	0.02545	0.02181	0.02181	0.02545	0.01818	0.01999	0.01272	0.01999	0.01091	0.01818	0.01091	0.01454	0.02726	0.00364	0.69284	0.00727	0.00364	0.00909
15	0.01012	0.00723	0.00964	0.01157	0.01205	0.00675	0.00771	0.01157	0.01591	0.02121	0.04579	0.70262	0.05495	0.02603	0.01060	0.00337	0.00482	0.02362	0.00771	0.00675
16	0.01631	0.01550	0.02183	0.01935	0.01968	0.02102	0.01583	0.01832	0.01309	0.01995	0.01585	0.07426	0.01627	0.02485	0.15367	0.00553	0.50715	0.00886	0.00411	0.00858
17	0.01012	0.00723	0.00964	0.01157	0.01205	0.00675	0.00771	0.01157	0.01591	0.02121	0.04579	0.70262	0.05495	0.02603	0.01060	0.00337	0.00482	0.02362	0.00771	0.00675
18	0.03103	0.03959	0.02354	0.02140	0.02568	0.67469	0.01605	0.03317	0.02354	0.02033	0.01284	0.01498	0.01070	0.00856	0.00749	0.00214	0.01498	0.00535	0.00428	0.00963
19	0.02066	0.01785	0.01878	0.01691	0.02160	0.02066	0.01315	0.04414	0.64121	0.03475	0.03381	0.03099	0.02536	0.01127	0.00845	0.00282	0.00657	0.00939	0.00845	0.01315
20	0.01208	0.00805	0.00906	0.00906	0.00906	0.00805	0.00503	0.01208	0.01208	0.01611	0.02618	0.05436	0.03020	0.70804	0.04228	0.00805	0.00805	0.01208	0.00503	0.00503
21	0.01067	0.00829	0.00976	0.01011	0.01217	0.00738	0.00754	0.01326	0.01957	0.02528	0.22474	0.19899	0.33486	0.02109	0.01010	0.00295	0.00452	0.06339	0.00809	0.00723
22	0.02234	0.01524	0.01656	0.01367	0.01785	0.01629	0.01094	0.30682	0.02890	0.04157	0.15105	0.03209	0.02954	0.01131	0.00780	0.00234	0.00637	0.00910	0.24943	0.01078
23	0.13045	0.01966	0.02063	0.01648	0.02204	0.02168	0.01332	0.40077	0.07902	0.07129	0.04588	0.02468	0.01839	0.06587	0.01066	0.00298	0.00818	0.00792	0.00774	0.01237
24	0.02032	0.22752	0.19230	0.02004	0.02566	0.09490	0.01997	0.02440	0.01629	0.02150	0.01231	0.01627	0.01072	0.01008	0.01393	0.00269	0.25109	0.00596	0.00365	0.01041
25	0.01195	0.00857	0.01170	0.01170	0.01261	0.00949	0.00832	0.01377	0.01286	0.01806	0.02376	0.04101	0.02440	0.31109	0.43131	0.01131	0.01678	0.01013	0.00468	0.00650
26	0.01012	0.00723	0.00964	0.01157	0.01205	0.00675	0.00771	0.01157	0.01591	0.02121	0.04579	0.70262	0.05495	0.02603	0.01060	0.00337	0.00482	0.02362	0.00771	0.00675
27	0.02066	0.01785	0.01878	0.01691	0.02160	0.02066	0.01315	0.04414	0.64121	0.03475	0.03381	0.03099	0.02536	0.01127	0.00845	0.00282	0.00657	0.00939	0.00845	0.01315
28	0.01012	0.00723	0.00964	0.01157	0.01205	0.00675	0.00771	0.01157	0.01591	0.02121	0.04579	0.70262	0.05495	0.02603	0.01060	0.00337	0.00482	0.02362	0.00771	0.00675
29	0.03158	0.02327	0.02493	0.01911	0.02576	0.02576	0.01579	0.62852	0.03906	0.05236	0.01995	0.01995	0.01413	0.00997	0.00831	0.00249	0.00914	0.00748	0.00831	0.01413
30	0.02221	0.71304	0.04353	0.01421	0.02132	0.03287	0.01421	0.02488	0.01688	0.01955	0.01155	0.01333	0.01066	0.00711	0.00533	0.00178	0.00888	0.00444	0.00355	0.01066
31	0.00994	0.00796	0.00889	0.00963	0.01154	0.00691	0.00685	0.01179	0.01777	0.02197	0.06937	0.31998	0.42237	0.02296	0.01012	0.00302	0.00444	0.01988	0.00771	0.00691
32	0.01191	0.00873	0.01248	0.01248	0.01366	0.00991	0.00929	0.01427	0.01309	0.01864	0.02305	0.03706	0.02269	0.19392	0.54614	0.01227	0.01936	0.00955	0.00457	0.00693
33	0.01057	0.00845	0.00945	0.00920	0.01168	0.00733	0.00690	0.01337	0.02070	0.02663	0.30299	0.07305	0.43141	0.01948	0.00981	0.00273	0.00410	0.01657	0.00827	0.00733
34	0.01190	0.00876	0.01262	0.01262	0.01385	0.00999	0.00947	0.01437	0.01314	0.01875	0.02292	0.03633	0.02237	0.17204	0.56758	0.01245	0.01984	0.00944	0.00455	0.00701
35	0.01191	0.00873	0.01248	0.01248	0.01366	0.00991	0.00929	0.01427	0.01309	0.01864	0.02305	0.03706	0.02269	0.19392	0.54614	0.01227	0.01936	0.00955	0.00457	0.00693
36	0.01755	0.03705	0.49265	0.02807	0.08569	0.01967	0.14941	0.02631	0.01806	0.02643	0.01534	0.01875	0.01115	0.00768	0.00830	0.00265	0.01244	0.00697	0.00369	0.01213
37	0.01339	0.00956	0.01339	0.01530	0.01721	0.00956	0.01339	0.01721	0.01912	0.02486	0.04399	0.09371	0.04781	0.02295	0.01147	0.00382	0.00765	0.60031	0.00765	0.00765
38	0.01343	0.01119	0.01634	0.01544	0.01656	0.01411	0.01231	0.01611	0.01320	0.01946	0.01945	0.02906	0.01833	0.05049	0.51492	0.01095	0.18807	0.00850	0.00425	0.00783
39	0.01970	0.01873	0.03122	0.16237	0.50974	0.01957	0.02429	0.02590	0.05749	0.02656	0.01661	0.02150	0.01355	0.00781	0.00825	0.00254	0.00988	0.00752	0.00431	0.01246
40	0.01189	0.00881	0.01290	0.01290	0.01422	0.01014	0.00982	0.01454	0.01322	0.01895	0.02267	0.03494	0.02177	0.13080	0.60799	0.01279	0.02075	0.00924	0.00451	0.00716
41	0.01208	0.00805	0.00906	0.00906	0.00906	0.00805	0.00503	0.01208	0.01208	0.01611	0.02618	0.05436	0.03020	0.70804	0.04228	0.00805	0.00805	0.01208	0.00503	0.00503
42	0.02852	0.03201	0.02420	0.02103	0.02491	0.41445	0.01643	0.14784	0.02440	0.02658	0.01385	0.01661	0.01142	0.01006	0.01168	0.00251	0.15199	0.00616	0.00494	0.01041
43	0.16050	0.01000	0.01126	0.01085	0.01341	0.00999	0.00840	0.01708	0.02066	0.03215	0.41253	0.08805	0.09715	0.01633	0.00905	0.00275	0.00477	0.05906	0.00808	0.00795
44	0.03091	0.02510	0.02228	0.01846	0.02406	0.20994	0.01465	0.23113	0.12885	0.17512	0.02298	0.02214	0.01638	0.00984	0.00811	0.00246	0.00996	0.00737	0.00760	0.01267

[dist]
# distance from previous block
# <min> <max>
0	1

[block]
# block no. 7 follows, 22 sequences, length 28
# corresponding to MSA columns:
# 267-294
name=unknown_H
#
# <colnr> <probs for GDERKNQSTAVLIFYWHMCP>
#	G	D	E	R	K	N	Q	S	T	A	V	L	I	F	Y	W	H	M	C	P
0	0.02554	0.02573	0.02080	0.01782	0.02222	0.26516	0.01398	0.22232	0.02678	0.03125	0.03077	0.03120	0.15367	0.01224	0.00979	0.00252	0.06255	0.00888	0.00631	0.01048
1	0.01881	0.01395	0.01358	0.01247	0.01563	0.04967	0.00947	0.06221	0.24015	0.03179	0.02824	0.03129	0.02244	0.06363	0.00977	0.00276	0.00605	0.00852	0.34967	0.00991
2	0.01513	0.01300	0.01889	0.01688	0.01953	0.01511	0.06536	0.02286	0.15251	0.02341	0.02318	0.02991	0.02007	0.04136	0.40403	0.00912	0.08634	0.00892	0.00523	0.00918
3	0.02477	0.02951	0.02002	0.01858	0.02188	0.45717	0.01396	0.02705	0.02015	0.01985	0.01609	0.02171	0.01441	0.05447	0.19824	0.00558	0.01674	0.00665	0.00436	0.00880
4	0.01698	0.01008	0.01261	0.01163	0.01452	0.00926	0.00880	0.05218	0.02191	0.14915	0.26469	0.19802	0.16123	0.01805	0.00962	0.00280	0.00505	0.01569	0.00874	0.00899
5	0.02056	0.01974	0.03372	0.05099	0.65622	0.01974	0.02550	0.02550	0.01892	0.02714	0.01563	0.02056	0.01316	0.00740	0.00822	0.00247	0.00987	0.00740	0.00411	0.01316
6	0.01187	0.00890	0.01335	0.01335	0.01483	0.01038	0.01038	0.01483	0.01335	0.01928	0.02225	0.03264	0.02077	0.06231	0.67512	0.01335	0.02225	0.00890	0.00445	0.00742
7	0.02683	0.01972	0.02174	0.01682	0.02313	0.02057	0.01367	0.38442	0.08888	0.07014	0.02041	0.02100	0.01508	0.01015	0.00899	0.03781	0.00806	0.00712	0.00744	0.17803
8	0.02019	0.01936	0.03305	0.09973	0.61040	0.01964	0.02531	0.02517	0.01874	0.02669	0.01556	0.02068	0.01300	0.00747	0.00823	0.00249	0.00996	0.00740	0.00408	0.01286
9	0.01789	0.01921	0.04004	0.02981	0.03668	0.01807	0.47593	0.02402	0.01948	0.02605	0.02568	0.03907	0.05483	0.01079	0.01012	0.00299	0.01226	0.12173	0.00505	0.01030
10	0.01195	0.00857	0.01166	0.01166	0.01256	0.00947	0.00828	0.01375	0.01285	0.01803	0.02380	0.04119	0.02448	0.31657	0.42594	0.01127	0.01666	0.01015	0.00468	0.00648
11	0.01864	0.01778	0.03025	0.30185	0.42036	0.01923	0.02454	0.02381	0.01801	0.02481	0.01529	0.02119	0.01234	0.00776	0.00826	0.00259	0.01034	0.00739	0.00395	0.01161
12	0.03103	0.03959	0.02354	0.02140	0.02568	0.67469	0.01605	0.03317	0.02354	0.02033	0.01284	0.01498	0.01070	0.00856	0.00749	0.00214	0.01498	0.00535	0.00428	0.00963
13	0.01015	0.00836	0.00893	0.00893	0.01146	0.00713	0.00664	0.01252	0.01951	0.02415	0.17484	0.11319	0.52410	0.02067	0.00986	0.00281	0.00420	0.01748	0.00795	0.00713
14	0.03007	0.03718	0.02375	0.02132	0.02539	0.59424	0.01620	0.06040	0.02345	0.02182	0.01303	0.01546	0.01088	0.00909	0.00904	0.00227	0.06656	0.00560	0.00442	0.00980
15	0.01569	0.01477	0.02492	0.68808	0.05722	0.01846	0.02307	0.02123	0.01661	0.02123	0.01477	0.02215	0.01107	0.00831	0.00831	0.00277	0.01107	0.00738	0.00369	0.00923
16	0.01443	0.00722	0.01082	0.01082	0.01082	0.00722	0.00722	0.01082	0.01082	0.01443	0.01443	0.02525	0.01443	0.02886	0.03247	0.75830	0.00722	0.00722	0.00361	0.00361
17	0.01357	0.01053	0.01306	0.01218	0.01218	0.01230	0.00825	0.01401	0.01224	0.01706	0.02244	0.04552	0.02549	0.53856	0.03861	0.00697	0.17541	0.01091	0.00469	0.00602
18	0.02026	0.01943	0.03318	0.09001	0.61954	0.01966	0.02535	0.02523	0.01877	0.02678	0.01557	0.02066	0.01303	0.00746	0.00823	0.00249	0.00994	0.00740	0.00409	0.01292
19	0.01012	0.00723	0.00964	0.01157	0.01205	0.00675	0.00771	0.01157	0.01591	0.02121	0.04579	0.70262	0.05495	0.02603	0.01060	0.00337	0.00482	0.02362	0.00771	0.00675
20	0.00982	0.00842	0.00842	0.00842	0.01122	0.00701	0.00631	0.01192	0.01894	0.02244	0.08416	0.07995	0.65285	0.02104	0.00982	0.00281	0.00421	0.01753	0.00771	0.00701
21	0.06055	0.19023	0.02900	0.02386	0.13773	0.25659	0.01660	0.05887	0.10311	0.02559	0.01609	0.01788	0.01316	0.00839	0.00717	0.00224	0.01083	0.00610	0.00486	0.01116
22	0.02571	0.01737	0.01918	0.01547	0.02006	0.01920	0.01261	0.34880	0.02907	0.08022	0.02224	0.02380	0.01652	0.01028	0.00910	0.00242	0.06436	0.00760	0.24430	0.01169
23	0.01012	0.00723	0.00964	0.01157	0.01205	0.00675	0.00771	0.01157	0.01591	0.02121	0.04579	0.70262	0.05495	0.02603	0.01060	0.00337	0.00482	0.02362	0.00771	0.00675
24	0.01039	0.00796	0.00953	0.01015	0.01183	0.00710	0.00723	0.01266	0.01880	0.02449	0.20164	0.32373	0.28040	0.02208	0.01013	0.00299	0.00438	0.01937	0.00805	0.00710
25	0.02133	0.02381	0.02397	0.02175	0.04797	0.25099	0.06641	0.02411	0.01753	0.02076	0.01516	0.02118	0.01358	0.02370	0.18333	0.00547	0.19838	0.00722	0.00414	0.00919
26	0.01605	0.13975	0.04449	0.01313	0.01617	0.05314	0.01078	0.04341	0.01672	0.02222	0.08328	0.03479	0.02558	0.18506	0.22244	0.00697	0.01264	0.00900	0.03626	0.00812
27	0.01857	0.02808	0.28665	0.02188	0.06430	0.01932	0.02164	0.07264	0.01823	0.02726	0.01444	0.01798	0.01146	0.00910	0.01183	0.00251	0.16080	0.00629	0.00429	0.18274

[dist]
# distance from previous block
# <min> <max>
0	3

[block]
# block no. 8 follows, 22 sequences, length 14
# corresponding to MSA columns:
# 298-311
name=unknown_I
#
# <colnr> <probs for GDERKNQSTAVLIFYWHMCP>
#	G	D	E	R	K	N	Q	S	T	A	V	L	I	F	Y	W	H	M	C	P
0	0.02221	0.71304	0.04353	0.01421	0.02132	0.03287	0.01421	0.02488	0.01688	0.01955	0.01155	0.01333	0.01066	0.00711	0.00533	0.00178	0.00888	0.00444	0.00355	0.01066
1	0.05916	0.07338	0.07449	0.01664	0.02285	0.16704	0.01443	0.03470	0.02233	0.36114	0.05406	0.02430	0.01908	0.00968	0.00784	0.00242	0.00928	0.00737	0.00760	0.01220
2	0.01683	0.04177	0.62914	0.02434	0.03639	0.01939	0.06535	0.02633	0.01766	0.02633	0.01502	0.01782	0.01064	0.00784	0.00800	0.00264	0.01238	0.00635	0.00355	0.01222
3	0.01106	0.00723	0.00990	0.01140	0.01178	0.00685	0.00760	0.01140	0.01480	0.01973	0.03894	0.55470	0.04610	0.02665	0.01538	0.16823	0.00534	0.02004	0.00682	0.00606
4	0.02131	0.02041	0.02431	0.07019	0.25045	0.10740	0.01785	0.09468	0.13127	0.02967	0.05121	0.03033	0.09373	0.01057	0.00843	0.00255	0.00908	0.00898	0.00596	0.01161
5	0.02072	0.05803	0.02889	0.02791	0.16415	0.09425	0.13168	0.03082	0.19969	0.02775	0.02443	0.03283	0.02087	0.01067	0.00879	0.00274	0.00992	0.08850	0.00586	0.01150
6	0.01917	0.01843	0.01858	0.01767	0.02007	0.15460	0.01442	0.07110	0.01950	0.02428	0.02556	0.04632	0.02566	0.02476	0.13783	0.00512	0.13147	0.21095	0.00569	0.00881
7	0.01026	0.00733	0.00976	0.01148	0.01208	0.00684	0.00772	0.01191	0.01653	0.02220	0.09563	0.64994	0.05687	0.02528	0.01054	0.00331	0.00475	0.02291	0.00783	0.00684
8	0.02025	0.01969	0.03441	0.08112	0.58190	0.01977	0.06937	0.02537	0.01885	0.02681	0.01567	0.02077	0.01302	0.00742	0.00834	0.00251	0.01023	0.00758	0.00410	0.01282
9	0.05776	0.01794	0.06341	0.03120	0.32389	0.01650	0.01832	0.07721	0.02070	0.06283	0.05196	0.03168	0.11260	0.01042	0.00817	0.00251	0.00809	0.00907	0.06427	0.01148
10	0.01637	0.02812	0.32517	0.02817	0.17054	0.01681	0.07777	0.02293	0.01768	0.02541	0.02198	0.16825	0.02100	0.01166	0.00873	0.00277	0.01026	0.01057	0.00462	0.01117
11	0.05625	0.01695	0.13561	0.01402	0.01900	0.01204	0.01323	0.05814	0.02075	0.11438	0.14431	0.12379	0.17549	0.01573	0.00910	0.00280	0.00675	0.04461	0.00741	0.00966
12	0.01591	0.02619	0.31908	0.05222	0.11778	0.01534	0.02148	0.02234	0.01726	0.02598	0.02135	0.10840	0.01891	0.01321	0.04187	0.00314	0.01003	0.00901	0.12995	0.01056
13	0.01567	0.16645	0.05605	0.03871	0.07131	0.01661	0.01320	0.02128	0.09015	0.02400	0.04369	0.08965	0.22325	0.01514	0.00864	0.00270	0.00708	0.08075	0.00623	0.00944

[dist]
# distance from previous block
# <min> <max>
12	38

[block]
# block no. 9 follows, 22 sequences, length 351
# corresponding to MSA columns:
# 350-700
name=unknown_J
#
# <colnr> <probs for GDERKNQSTAVLIFYWHMCP>
#	G	D	E	R	K	N	Q	S	T	A	V	L	I	F	Y	W	H	M	C	P
0	0.16035	0.01333	0.01715	0.02108	0.15675	0.01386	0.01307	0.02226	0.07836	0.05740	0.02970	0.23272	0.03054	0.04682	0.01023	0.00318	0.00695	0.07019	0.00649	0.00959
1	0.01648	0.11065	0.01897	0.01669	0.07890	0.01462	0.01175	0.09849	0.02002	0.02697	0.03466	0.30036	0.06566	0.01741	0.00894	0.00283	0.00662	0.06902	0.07185	0.00910
2	0.05626	0.01878	0.03038	0.04290	0.50333	0.01990	0.02278	0.02418	0.01804	0.02693	0.04635	0.02194	0.01588	0.00890	0.01084	0.00264	0.10590	0.00762	0.00434	0.01212
3	0.16446	0.02021	0.03715	0.03295	0.17236	0.01985	0.34566	0.02660	0.01860	0.05886	0.01629	0.02056	0.01241	0.00738	0.00849	0.00267	0.01131	0.00818	0.00465	0.01135
4	0.05842	0.01928	0.03195	0.04723	0.59339	0.01932	0.02403	0.02617	0.01892	0.05868	0.01626	0.02059	0.01331	0.00756	0.00808	0.00248	0.00956	0.00730	0.00446	0.01300
5	0.12657	0.01778	0.01589	0.01415	0.01851	0.10944	0.01103	0.05577	0.19054	0.09388	0.06575	0.03926	0.18233	0.01296	0.00824	0.00263	0.00721	0.01025	0.00741	0.01041
6	0.04687	0.01208	0.01388	0.01232	0.01544	0.01236	0.00954	0.13540	0.06015	0.03601	0.38352	0.07868	0.08539	0.01520	0.00909	0.00261	0.00523	0.01300	0.04392	0.00930
7	0.02628	0.01780	0.01894	0.01567	0.02058	0.05442	0.01249	0.26765	0.08209	0.15390	0.05899	0.09499	0.05181	0.01244	0.00844	0.00257	0.00753	0.01010	0.07142	0.01191
8	0.02409	0.01786	0.01946	0.01682	0.02196	0.01997	0.01328	0.10121	0.49464	0.12511	0.03230	0.02952	0.02358	0.01100	0.00843	0.00275	0.00690	0.00906	0.00870	0.01339
9	0.03158	0.02327	0.02493	0.01911	0.02576	0.02576	0.01579	0.62852	0.03906	0.05236	0.01995	0.01995	0.01413	0.00997	0.00831	0.00249	0.00914	0.00748	0.00831	0.01413
10	0.01187	0.00890	0.01335	0.01335	0.01483	0.01038	0.01038	0.01483	0.01335	0.01928	0.02225	0.03264	0.02077	0.06231	0.67512	0.01335	0.02225	0.00890	0.00445	0.00742
11	0.11716	0.02456	0.17445	0.01778	0.02474	0.02026	0.01717	0.30529	0.02781	0.04047	0.09596	0.05464	0.02231	0.01077	0.00810	0.00259	0.00872	0.00843	0.00683	0.01194
12	0.76672	0.01607	0.01221	0.01092	0.01607	0.01864	0.00900	0.02442	0.01414	0.03727	0.01157	0.01350	0.00900	0.00771	0.00514	0.00257	0.00643	0.00450	0.00514	0.00900
13	0.02056	0.01974	0.03372	0.05099	0.65622	0.01974	0.02550	0.02550	0.01892	0.02714	0.01563	0.02056	0.01316	0.00740	0.00822	0.00247	0.00987	0.00740	0.00411	0.01316
14	0.01012	0.00723	0.00964	0.01157	0.01205	0.00675	0.00771	0.01157	0.01591	0.02121	0.04579	0.70262	0.05495	0.02603	0.01060	0.00337	0.00482	0.02362	0.00771	0.00675
15	0.01766	0.03288	0.37983	0.02779	0.03799	0.01949	0.27673	0.02595	0.01867	0.02675	0.04446	0.02157	0.01445	0.00793	0.00877	0.00270	0.01262	0.00806	0.00405	0.01163
16	0.03103	0.03959	0.02354	0.02140	0.02568	0.67469	0.01605	0.03317	0.02354	0.02033	0.01284	0.01498	0.01070	0.00856	0.00749	0.00214	0.01498	0.00535	0.00428	0.00963
17	0.03727	0.01414	0.01928	0.01478	0.02121	0.01221	0.01221	0.04049	0.02378	0.66198	0.03277	0.02828	0.02056	0.01028	0.00835	0.00257	0.00707	0.00835	0.01028	0.01414
18	0.01576	0.03431	0.49205	0.02200	0.05887	0.01678	0.02541	0.02393	0.01892	0.02789	0.15553	0.02750	0.02562	0.00988	0.00833	0.00262	0.01032	0.00816	0.00478	0.01134
19	0.01775	0.01667	0.02699	0.03955	0.48140	0.01633	0.02037	0.02200	0.01915	0.02641	0.06283	0.03576	0.15765	0.01090	0.00866	0.00255	0.00832	0.01002	0.00516	0.01153
20	0.76672	0.01607	0.01221	0.01092	0.01607	0.01864	0.00900	0.02442	0.01414	0.03727	0.01157	0.01350	0.00900	0.00771	0.00514	0.00257	0.00643	0.00450	0.00514	0.00900
21	0.02551	0.02912	0.02891	0.03701	0.35827	0.32923	0.02103	0.02912	0.02110	0.02392	0.01431	0.01792	0.01200	0.00795	0.00788	0.00231	0.01228	0.00643	0.00419	0.01149
22	0.01176	0.00849	0.01110	0.01045	0.01241	0.00784	0.00784	0.01568	0.02352	0.03331	0.65184	0.06206	0.07839	0.01698	0.00980	0.00261	0.00392	0.01502	0.00914	0.00784
23	0.01159	0.00849	0.01087	0.01027	0.01231	0.00777	0.00770	0.01535	0.02311	0.03236	0.60199	0.06363	0.12883	0.01734	0.00980	0.00263	0.00394	0.01524	0.00902	0.00777
24	0.02066	0.01785	0.01878	0.01691	0.02160	0.02066	0.01315	0.04414	0.64121	0.03475	0.03381	0.03099	0.02536	0.01127	0.00845	0.00282	0.00657	0.00939	0.00845	0.01315
25	0.01569	0.01477	0.02492	0.68808	0.05722	0.01846	0.02307	0.02123	0.01661	0.02123	0.01477	0.02215	0.01107	0.00831	0.00831	0.00277	0.01107	0.00738	0.00369	0.00923
26	0.01208	0.00805	0.00906	0.00906	0.00906	0.00805	0.00503	0.01208	0.01208	0.01611	0.02618	0.05436	0.03020	0.70804	0.04228	0.00805	0.00805	0.01208	0.00503	0.00503
27	0.01723	0.01477	0.01723	0.01230	0.01969	0.01107	0.00984	0.02092	0.01723	0.02707	0.01477	0.01723	0.01230	0.00615	0.00615	0.00123	0.00615	0.00492	0.00492	0.75883
28	0.01723	0.01477	0.01723	0.01230	0.01969	0.01107	0.00984	0.02092	0.01723	0.02707	0.01477	0.01723	0.01230	0.00615	0.00615	0.00123	0.00615	0.00492	0.00492	0.75883
29	0.01666	0.04297	0.66500	0.02368	0.03596	0.01929	0.03069	0.02631	0.01754	0.02631	0.01491	0.01754	0.01052	0.00789	0.00789	0.00263	0.01228	0.00614	0.00351	0.01228
