[name]
unknown

[dist]
# distance from previous block
# <min> <max>
0	1

[block]
# block no. 0 follows, 19 sequences, length 63
# corresponding to MSA columns:
# 1-63
name=unknown_A
#
# <colnr> <probs for GDERKNQSTAVLIFYWHMCP>
#	G	D	E	R	K	N	Q	S	T	A	V	L	I	F	Y	W	H	M	C	P
0	0.02545	0.18891	0.07331	0.02141	0.05388	0.29534	0.01765	0.02894	0.02158	0.02316	0.01936	0.02984	0.01817	0.01454	0.04731	0.00327	0.01342	0.08899	0.00490	0.01056
1	0.08967	0.02215	0.10615	0.15676	0.07591	0.02001	0.14035	0.10922	0.02280	0.03295	0.07520	0.06585	0.02218	0.01076	0.00920	0.00291	0.01076	0.00987	0.00578	0.01152
2	0.02430	0.04039	0.35760	0.02643	0.07936	0.17103	0.02652	0.11423	0.02395	0.03101	0.01638	0.01886	0.01217	0.00896	0.00849	0.00267	0.01322	0.00673	0.00479	0.01291
3	0.02381	0.02179	0.03498	0.05008	0.54496	0.02217	0.02598	0.10811	0.02343	0.03305	0.01748	0.02205	0.01432	0.00836	0.00887	0.00266	0.01052	0.00798	0.00507	0.01432
4	0.02346	0.03045	0.15851	0.03983	0.34409	0.14288	0.02564	0.03076	0.06608	0.02824	0.01757	0.02116	0.01407	0.00864	0.00865	0.00265	0.01196	0.00742	0.00468	0.01324
5	0.06676	0.09973	0.33144	0.02641	0.12001	0.02187	0.02532	0.05330	0.05471	0.09062	0.01890	0.02074	0.01382	0.00888	0.00820	0.00271	0.01104	0.00702	0.00523	0.01331
6	0.02337	0.03486	0.36130	0.02251	0.03185	0.06091	0.02502	0.08236	0.02170	0.11749	0.01949	0.02191	0.01414	0.01410	0.05883	0.00373	0.06077	0.00735	0.00545	0.01286
7	0.02631	0.01923	0.02656	0.02764	0.16787	0.07961	0.07235	0.03029	0.02133	0.20973	0.02833	0.03059	0.06176	0.01879	0.10051	0.00443	0.04624	0.00932	0.00677	0.01233
8	0.16387	0.03511	0.05626	0.02557	0.11113	0.41182	0.01812	0.03243	0.02244	0.02665	0.01411	0.01683	0.01155	0.00884	0.00773	0.00247	0.01350	0.00595	0.00471	0.01093
9	0.02082	0.01638	0.02228	0.11185	0.02850	0.01768	0.06808	0.08763	0.20201	0.07752	0.11501	0.12968	0.03497	0.01424	0.00974	0.00303	0.00815	0.01267	0.00805	0.01172
10	0.03065	0.09964	0.02729	0.02105	0.02606	0.35436	0.01662	0.17633	0.02746	0.03035	0.01617	0.01958	0.01347	0.04203	0.01139	0.00278	0.06098	0.00674	0.00562	0.01144
11	0.01654	0.01285	0.01784	0.02039	0.10680	0.01359	0.01320	0.09864	0.02001	0.02757	0.03113	0.24546	0.03277	0.06477	0.22752	0.00720	0.01313	0.01452	0.00651	0.00957
12	0.02555	0.02771	0.03300	0.04529	0.44793	0.21104	0.02439	0.02995	0.02188	0.02701	0.01592	0.02033	0.01337	0.00835	0.00862	0.00255	0.01229	0.00730	0.00448	0.01302
13	0.02216	0.02086	0.03321	0.04784	0.51291	0.02145	0.02489	0.03133	0.13468	0.03081	0.02060	0.02431	0.01670	0.00877	0.00890	0.00273	0.00994	0.00838	0.00533	0.01417
14	0.02214	0.02126	0.03631	0.05491	0.62978	0.02126	0.02746	0.02746	0.02037	0.02923	0.01683	0.02214	0.01417	0.00797	0.00886	0.00266	0.01063	0.00797	0.00443	0.01417
15	0.03088	0.03520	0.02500	0.02324	0.05611	0.44630	0.01709	0.11286	0.02627	0.02793	0.01604	0.01865	0.01302	0.00985	0.00940	0.00246	0.05387	0.00651	0.05826	0.01106
16	0.03023	0.02234	0.02436	0.01903	0.02534	0.02442	0.01548	0.48739	0.03685	0.04972	0.02181	0.02477	0.01678	0.05863	0.05990	0.00389	0.01067	0.00835	0.00821	0.05182
17	0.01975	0.24108	0.46024	0.02242	0.03396	0.02520	0.02769	0.02787	0.01867	0.02613	0.01496	0.01752	0.01138	0.00824	0.00767	0.00256	0.01212	0.00606	0.00379	0.01270
18	0.01120	0.00909	0.00994	0.00973	0.01247	0.00782	0.00729	0.01406	0.02188	0.02770	0.25203	0.08028	0.46254	0.02134	0.01057	0.00296	0.00444	0.01807	0.00877	0.00782
19	0.01638	0.03617	0.45591	0.02230	0.03287	0.01775	0.05937	0.02468	0.01937	0.02736	0.03386	0.03514	0.15731	0.01180	0.00911	0.00289	0.01127	0.00975	0.00490	0.01181
20	0.01301	0.00867	0.00976	0.00976	0.00976	0.00867	0.00542	0.01301	0.01301	0.01735	0.02819	0.05855	0.03253	0.68559	0.04554	0.00867	0.00867	0.01301	0.00542	0.00542
21	0.01288	0.00918	0.01233	0.01233	0.01322	0.01007	0.00863	0.01466	0.01377	0.01925	0.02583	0.04551	0.02687	0.34102	0.38236	0.01185	0.01719	0.01110	0.00507	0.00685
22	0.02225	0.01922	0.02023	0.01821	0.02326	0.02225	0.01416	0.04754	0.61361	0.03742	0.03641	0.03338	0.02731	0.01214	0.00910	0.00303	0.00708	0.01011	0.00910	0.01416
23	0.01855	0.01590	0.01855	0.01325	0.02120	0.01193	0.01060	0.02253	0.01855	0.02915	0.01590	0.01855	0.01325	0.00663	0.00663	0.00133	0.00663	0.00530	0.00530	0.74028
24	0.02214	0.02126	0.03631	0.05491	0.62978	0.02126	0.02746	0.02746	0.02037	0.02923	0.01683	0.02214	0.01417	0.00797	0.00886	0.00266	0.01063	0.00797	0.00443	0.01417
25	0.03401	0.02506	0.02685	0.02058	0.02774	0.02774	0.01700	0.59995	0.04206	0.05638	0.02148	0.02148	0.01521	0.01074	0.00895	0.00268	0.00984	0.00805	0.00895	0.01521
26	0.03342	0.04264	0.02535	0.02305	0.02766	0.64967	0.01729	0.03572	0.02535	0.02190	0.01383	0.01613	0.01152	0.00922	0.00807	0.00230	0.01613	0.00576	0.00461	0.01037
27	0.01090	0.00779	0.01038	0.01246	0.01298	0.00727	0.00830	0.01246	0.01713	0.02284	0.04931	0.67975	0.05917	0.02803	0.01142	0.00363	0.00519	0.02543	0.00830	0.00727
28	0.03731	0.01976	0.02357	0.01807	0.02510	0.01987	0.01493	0.29994	0.03319	0.36892	0.02893	0.02632	0.01895	0.01092	0.00898	0.00273	0.00864	0.00856	0.01009	0.01522
29	0.01490	0.01434	0.01604	0.01461	0.01669	0.05095	0.01158	0.01722	0.01893	0.02409	0.10178	0.05951	0.35479	0.01933	0.01638	0.00325	0.21588	0.01442	0.00682	0.00849
30	0.12737	0.23121	0.37315	0.02049	0.03094	0.02496	0.02440	0.02758	0.01814	0.02793	0.01446	0.01692	0.01113	0.00822	0.00725	0.00255	0.01122	0.00581	0.00405	0.01219
31	0.02877	0.02001	0.02126	0.01689	0.02251	0.02188	0.01376	0.42505	0.03503	0.04943	0.02381	0.02507	0.01755	0.01064	0.00814	0.00250	0.00813	0.00814	0.22830	0.01314
32	0.01158	0.00831	0.01099	0.01199	0.01313	0.00772	0.00836	0.01418	0.02031	0.02790	0.27296	0.44166	0.06898	0.02425	0.01108	0.00332	0.00481	0.02184	0.00890	0.00772
33	0.02996	0.03258	0.03191	0.02564	0.03194	0.31275	0.15462	0.17081	0.06420	0.03276	0.01806	0.02037	0.01386	0.00937	0.00893	0.00261	0.01382	0.00772	0.00591	0.01217
34	0.01791	0.01694	0.02867	0.54616	0.17161	0.02014	0.02535	0.02375	0.01837	0.02409	0.01608	0.02352	0.01236	0.00876	0.00893	0.00292	0.01167	0.00795	0.00406	0.01076
35	0.08275	0.03524	0.02325	0.02108	0.02586	0.45508	0.01599	0.03784	0.16417	0.02691	0.01909	0.02011	0.01514	0.00985	0.00813	0.00251	0.01332	0.00673	0.00574	0.01122
36	0.01558	0.01175	0.01477	0.01567	0.07592	0.01100	0.01055	0.05995	0.02419	0.05870	0.29240	0.06475	0.27446	0.01804	0.01021	0.00287	0.00554	0.01547	0.00871	0.00947
37	0.04014	0.01523	0.02076	0.01592	0.02284	0.01315	0.01315	0.04360	0.02561	0.63597	0.03530	0.03045	0.02215	0.01107	0.00900	0.00277	0.00761	0.00900	0.01107	0.01523
38	0.01250	0.00877	0.01015	0.01028	0.01092	0.00867	0.00637	0.01325	0.01449	0.01903	0.03825	0.09809	0.12059	0.48610	0.09870	0.00810	0.00938	0.01429	0.00596	0.00610
39	0.03068	0.17392	0.02987	0.02149	0.02646	0.48814	0.01701	0.03308	0.02321	0.02170	0.01342	0.01597	0.01153	0.00927	0.00882	0.00232	0.05246	0.00568	0.00441	0.01056
40	0.03114	0.03929	0.02373	0.02165	0.02610	0.58553	0.01624	0.03344	0.02486	0.02212	0.02150	0.02312	0.07292	0.01056	0.00832	0.00238	0.01497	0.00707	0.00498	0.01009
41	0.01090	0.00779	0.01038	0.01246	0.01298	0.00727	0.00830	0.01246	0.01713	0.02284	0.04931	0.67975	0.05917	0.02803	0.01142	0.00363	0.00519	0.02543	0.00830	0.00727
42	0.01574	0.01346	0.01813	0.01648	0.01680	0.01709	0.01255	0.01720	0.01358	0.01980	0.02040	0.03742	0.02172	0.27922	0.15929	0.00780	0.29076	0.01014	0.00466	0.00778
43	0.02369	0.02428	0.03457	0.04737	0.48033	0.10991	0.05227	0.02990	0.05723	0.02867	0.01766	0.02207	0.01457	0.00838	0.00884	0.00265	0.01140	0.00791	0.00474	0.01354
44	0.01278	0.00959	0.01438	0.01438	0.01598	0.01118	0.01118	0.01598	0.01438	0.02077	0.02396	0.03515	0.02237	0.06710	0.65013	0.01438	0.02396	0.00959	0.00479	0.00799
45	0.01266	0.00914	0.01196	0.01126	0.01337	0.00844	0.00844	0.01688	0.02532	0.03588	0.62506	0.06683	0.08441	0.01829	0.01055	0.00281	0.00422	0.01618	0.00985	0.00844
46	0.03283	0.04152	0.02592	0.02471	0.05904	0.61691	0.01782	0.03529	0.02509	0.02228	0.01399	0.01645	0.01166	0.00915	0.00811	0.00232	0.01585	0.00588	0.00460	0.01057
47	0.02061	0.01901	0.02839	0.22509	0.26795	0.02116	0.02246	0.03245	0.20769	0.02993	0.02276	0.02621	0.01767	0.00958	0.00896	0.00287	0.00989	0.00864	0.00578	0.01290
48	0.03227	0.03453	0.02520	0.02356	0.06341	0.42327	0.01716	0.09356	0.08788	0.08606	0.01917	0.02019	0.01471	0.00978	0.00840	0.00248	0.01342	0.00689	0.00612	0.01194
49	0.01293	0.01089	0.01399	0.01651	0.10349	0.00985	0.01036	0.01626	0.02194	0.02859	0.24745	0.07063	0.36600	0.01912	0.01031	0.00290	0.00533	0.01643	0.00822	0.00881
50	0.02100	0.01909	0.02643	0.09631	0.25969	0.02078	0.01992	0.03535	0.29176	0.03205	0.02996	0.03115	0.05526	0.01082	0.00908	0.00288	0.00878	0.00958	0.00675	0.01336
51	0.02276	0.11899	0.15017	0.02961	0.19639	0.17242	0.02160	0.02776	0.02146	0.02657	0.07729	0.02660	0.05103	0.01008	0.00843	0.00254	0.01140	0.00809	0.00498	0.01182
52	0.12863	0.33439	0.03246	0.01593	0.02194	0.02742	0.01433	0.11040	0.02144	0.06036	0.04718	0.02066	0.01679	0.01336	0.05016	0.00319	0.05772	0.00660	0.00557	0.01145
53	0.02510	0.06769	0.11940	0.08471	0.03665	0.26648	0.16986	0.03022	0.02147	0.02455	0.01520	0.01944	0.01208	0.00905	0.01028	0.00272	0.06219	0.00742	0.00432	0.01118
54	0.01577	0.01454	0.01316	0.01320	0.01555	0.10344	0.00947	0.05421	0.02075	0.02491	0.05460	0.29193	0.23841	0.07226	0.01307	0.00355	0.00715	0.01825	0.00758	0.00820
55	0.02496	0.07719	0.03451	0.04434	0.44069	0.17158	0.02412	0.02937	0.02139	0.02687	0.01578	0.02012	0.01334	0.00824	0.00843	0.00252	0.01186	0.00720	0.00443	0.01306
56	0.02227	0.02365	0.02772	0.03727	0.35105	0.16732	0.02050	0.02620	0.02156	0.02638	0.03235	0.03479	0.14817	0.01150	0.00905	0.00265	0.01059	0.00985	0.00532	0.01181
57	0.02039	0.14717	0.03565	0.22820	0.27155	0.02317	0.06500	0.02550	0.01898	0.02531	0.01613	0.02192	0.01332	0.01091	0.03810	0.00318	0.01176	0.00762	0.00420	0.01194
58	0.02163	0.05903	0.11738	0.04285	0.40370	0.02213	0.05406	0.03043	0.10367	0.02981	0.01932	0.02298	0.01547	0.00859	0.00877	0.00271	0.01065	0.00805	0.00497	0.01380
59	0.23883	0.01815	0.01827	0.08067	0.05224	0.08047	0.01358	0.02282	0.01800	0.02887	0.03184	0.03396	0.15710	0.01276	0.01092	0.00285	0.10123	0.00918	0.00565	0.06259
60	0.02011	0.01902	0.02389	0.02688	0.16439	0.07556	0.01712	0.05239	0.05274	0.02563	0.02277	0.11952	0.02312	0.11325	0.02025	0.00402	0.19238	0.01107	0.00549	0.01041
61	0.02971	0.02886	0.02648	0.05375	0.11294	0.23702	0.01828	0.25907	0.03044	0.03690	0.01999	0.06769	0.01686	0.01101	0.00881	0.00263	0.01185	0.00852	0.00657	0.01261
62	0.16181	0.21470	0.03313	0.03107	0.26578	0.07031	0.01907	0.02712	0.01884	0.02803	0.01484	0.01860	0.01272	0.01076	0.03678	0.00298	0.01063	0.00637	0.00450	0.01198

[dist]
# distance from previous block
# <min> <max>
0	1

[block]
# block no. 1 follows, 19 sequences, length 12
# corresponding to MSA columns:
# 65-76
name=unknown_B
#
# <colnr> <probs for GDERKNQSTAVLIFYWHMCP>
#	G	D	E	R	K	N	Q	S	T	A	V	L	I	F	Y	W	H	M	C	P
0	0.02227	0.02384	0.08996	0.06928	0.09805	0.11349	0.01739	0.15439	0.02566	0.03248	0.03829	0.03907	0.18405	0.01310	0.00910	0.00273	0.00972	0.01055	0.03524	0.01135
1	0.02356	0.02017	0.02236	0.02437	0.14545	0.13646	0.01586	0.02706	0.02254	0.12586	0.16305	0.03888	0.09547	0.01344	0.01156	0.00282	0.08212	0.01070	0.00711	0.01114
2	0.02080	0.02120	0.02007	0.01704	0.02166	0.16991	0.01335	0.02394	0.01861	0.02436	0.01707	0.02242	0.01506	0.02409	0.17825	0.00527	0.08391	0.00681	0.00485	0.29135
3	0.02384	0.18552	0.09269	0.01554	0.02184	0.08538	0.01441	0.02751	0.02159	0.16187	0.06485	0.04027	0.18321	0.01319	0.00854	0.00259	0.00864	0.01033	0.00700	0.01121
4	0.01990	0.07340	0.16605	0.02747	0.16517	0.01952	0.05056	0.08150	0.05566	0.03325	0.18025	0.03341	0.03286	0.01129	0.00911	0.00273	0.00939	0.00988	0.00638	0.01222
5	0.01726	0.01674	0.02277	0.10566	0.25820	0.05526	0.01762	0.02115	0.02040	0.02583	0.04826	0.04946	0.27686	0.01448	0.00956	0.00283	0.00851	0.01252	0.00605	0.01058
6	0.02283	0.12225	0.03525	0.14877	0.37439	0.02388	0.02401	0.09004	0.02202	0.02992	0.01652	0.02118	0.01350	0.00840	0.00841	0.00260	0.01060	0.00749	0.00476	0.01316
7	0.02233	0.02350	0.03349	0.10706	0.30955	0.12818	0.10998	0.02730	0.02041	0.02627	0.01720	0.02303	0.01430	0.01478	0.08008	0.00398	0.01387	0.00816	0.00447	0.01206
8	0.02450	0.13689	0.02728	0.02261	0.09510	0.18938	0.01633	0.11293	0.02286	0.02752	0.01809	0.02295	0.01558	0.02606	0.19677	0.00589	0.01572	0.00733	0.00517	0.01104
9	0.01979	0.07174	0.06666	0.01590	0.02022	0.18062	0.01336	0.02318	0.02102	0.02557	0.11686	0.04114	0.14685	0.03896	0.04895	0.00346	0.03848	0.01052	0.04948	0.04723
10	0.01291	0.01020	0.01185	0.01100	0.01409	0.00868	0.00800	0.01554	0.01961	0.02648	0.16455	0.16940	0.23521	0.08993	0.01363	0.00334	0.00545	0.01612	0.00769	0.15629
11	0.02464	0.03021	0.16311	0.03252	0.20136	0.12140	0.06567	0.14439	0.02509	0.03294	0.01929	0.06242	0.01617	0.01009	0.00896	0.00273	0.01189	0.00865	0.00549	0.01298

[dist]
# distance from previous block
# <min> <max>
34	139

[block]
# block no. 2 follows, 19 sequences, length 7
# corresponding to MSA columns:
# 216-222
name=unknown_C
#
# <colnr> <probs for GDERKNQSTAVLIFYWHMCP>
#	G	D	E	R	K	N	Q	S	T	A	V	L	I	F	Y	W	H	M	C	P
0	0.07970	0.09542	0.07329	0.03345	0.30036	0.06902	0.02029	0.02537	0.02036	0.02843	0.06967	0.03133	0.09560	0.01071	0.00850	0.00263	0.00959	0.00908	0.00531	0.01189
1	0.02055	0.13193	0.23015	0.03308	0.22518	0.02450	0.02582	0.02645	0.01822	0.02614	0.01489	0.01938	0.01236	0.00963	0.01236	0.00285	0.14288	0.00702	0.00402	0.01258
2	0.02528	0.01958	0.03237	0.10068	0.45857	0.01952	0.02437	0.03028	0.02120	0.14989	0.02044	0.02395	0.01557	0.00868	0.00889	0.00271	0.01014	0.00817	0.00572	0.01401
3	0.01739	0.01292	0.01500	0.01547	0.06128	0.01257	0.01079	0.02531	0.15828	0.09462	0.06451	0.09276	0.34784	0.01814	0.00998	0.00300	0.00594	0.01529	0.00851	0.01040
4	0.02697	0.02487	0.02813	0.02966	0.19088	0.11938	0.01931	0.21420	0.02723	0.03611	0.01720	0.02023	0.01371	0.00972	0.01071	0.00257	0.08288	0.00728	0.00599	0.11297
5	0.25812	0.06328	0.02139	0.02252	0.14077	0.13663	0.01453	0.02595	0.01891	0.03036	0.02011	0.10918	0.01899	0.01126	0.00756	0.00266	0.00908	0.00877	0.06956	0.01037
6	0.01845	0.01465	0.01825	0.01932	0.10123	0.01488	0.01288	0.13612	0.07234	0.03599	0.23094	0.09774	0.15799	0.01644	0.00995	0.00288	0.00658	0.01415	0.00846	0.01077

[dist]
# distance from previous block
# <min> <max>
0	1

[block]
# block no. 3 follows, 19 sequences, length 13
# corresponding to MSA columns:
# 224-236
name=unknown_D
#
# <colnr> <probs for GDERKNQSTAVLIFYWHMCP>
#	G	D	E	R	K	N	Q	S	T	A	V	L	I	F	Y	W	H	M	C	P
0	0.06129	0.02404	0.03254	0.09926	0.45279	0.12223	0.02467	0.02834	0.02069	0.02807	0.01604	0.02092	0.01332	0.00827	0.00856	0.00263	0.01143	0.00745	0.00448	0.01297
1	0.02874	0.03445	0.02892	0.02425	0.02946	0.43810	0.13672	0.03237	0.02364	0.02475	0.01666	0.01997	0.01339	0.00902	0.00836	0.00243	0.01440	0.00709	0.09681	0.01047
2	0.01891	0.01773	0.03019	0.14328	0.38151	0.01819	0.05073	0.02365	0.01933	0.02684	0.02351	0.15951	0.02316	0.01229	0.00949	0.00293	0.00992	0.01173	0.00517	0.01195
3	0.02353	0.02361	0.02224	0.02364	0.12588	0.19992	0.01567	0.12021	0.02554	0.03092	0.10598	0.03733	0.12164	0.01748	0.06357	0.00363	0.01144	0.01027	0.00657	0.01093
4	0.02366	0.02046	0.01888	0.01673	0.02061	0.14727	0.01281	0.18102	0.02819	0.06174	0.18401	0.17277	0.04218	0.01609	0.00971	0.00284	0.00860	0.01344	0.00823	0.01075
5	0.02130	0.02039	0.03479	0.15296	0.53833	0.02103	0.02704	0.02672	0.01997	0.02820	0.01668	0.02242	0.01381	0.00813	0.00887	0.00271	0.01084	0.00797	0.00436	0.01349
6	0.02214	0.02126	0.03631	0.05491	0.62978	0.02126	0.02746	0.02746	0.02037	0.02923	0.01683	0.02214	0.01417	0.00797	0.00886	0.00266	0.01063	0.00797	0.00443	0.01417
7	0.12399	0.01515	0.02250	0.48585	0.04867	0.01845	0.02028	0.02311	0.01761	0.02671	0.01707	0.02369	0.01299	0.00904	0.00811	0.00284	0.01021	0.00755	0.09650	0.00970
8	0.01452	0.01221	0.01298	0.01224	0.01574	0.01223	0.00934	0.02421	0.20437	0.03015	0.15991	0.06672	0.35403	0.01871	0.01012	0.00299	0.00527	0.01574	0.00880	0.00974
9	0.01301	0.00867	0.00976	0.00976	0.00976	0.00867	0.00542	0.01301	0.01301	0.01735	0.02819	0.05855	0.03253	0.68559	0.04554	0.00867	0.00867	0.01301	0.00542	0.00542
10	0.02963	0.02165	0.02329	0.01833	0.02400	0.02377	0.01459	0.47767	0.03601	0.04825	0.02288	0.02920	0.01882	0.15133	0.01657	0.00393	0.00960	0.00909	0.00821	0.01317
11	0.01870	0.12764	0.56447	0.02421	0.03673	0.02262	0.03081	0.02814	0.01880	0.02741	0.01560	0.01832	0.01135	0.00839	0.00815	0.00272	0.01276	0.00638	0.00378	0.01300
12	0.02953	0.02250	0.02539	0.02015	0.02539	0.02603	0.01663	0.43029	0.03418	0.04717	0.02011	0.02209	0.01515	0.01174	0.01297	0.00289	0.14672	0.00803	0.06956	0.01350

[dist]
# distance from previous block
# <min> <max>
0	1

[block]
# block no. 4 follows, 19 sequences, length 13
# corresponding to MSA columns:
# 238-250
name=unknown_E
#
# <colnr> <probs for GDERKNQSTAVLIFYWHMCP>
#	G	D	E	R	K	N	Q	S	T	A	V	L	I	F	Y	W	H	M	C	P
0	0.05885	0.01837	0.07378	0.01559	0.02079	0.01729	0.01331	0.03345	0.33482	0.03249	0.05054	0.04786	0.21661	0.01495	0.00932	0.00300	0.00683	0.01230	0.00815	0.01171
1	0.03361	0.03691	0.02584	0.02224	0.02769	0.44691	0.01719	0.21967	0.03080	0.03314	0.01632	0.01788	0.01273	0.00971	0.00835	0.00243	0.01408	0.00651	0.00602	0.01195
2	0.01057	0.00906	0.00906	0.00906	0.01208	0.00755	0.00680	0.01284	0.02039	0.02417	0.09063	0.08610	0.62615	0.02266	0.01057	0.00302	0.00453	0.01888	0.00831	0.00755
3	0.01090	0.00779	0.01038	0.01246	0.01298	0.00727	0.00830	0.01246	0.01713	0.02284	0.04931	0.67975	0.05917	0.02803	0.01142	0.00363	0.00519	0.02543	0.00830	0.00727
4	0.02467	0.01999	0.02726	0.27602	0.12147	0.02266	0.02096	0.26376	0.02796	0.03730	0.01833	0.02282	0.01381	0.01082	0.01041	0.04465	0.01065	0.00799	0.00611	0.01237
5	0.01281	0.00946	0.01375	0.01375	0.01513	0.01084	0.01040	0.01557	0.01419	0.02031	0.02453	0.03831	0.02374	0.15073	0.56838	0.01361	0.02190	0.01005	0.00488	0.00764
6	0.01281	0.00859	0.00982	0.01001	0.01006	0.00854	0.00569	0.01296	0.01340	0.01786	0.03017	0.11668	0.03502	0.62405	0.04234	0.00820	0.00835	0.01417	0.00569	0.00559
7	0.02286	0.02332	0.03337	0.14483	0.46048	0.10602	0.02568	0.02786	0.02066	0.02725	0.01628	0.02159	0.01347	0.00829	0.00876	0.00266	0.01157	0.00767	0.00438	0.01300
8	0.03342	0.04264	0.02535	0.02305	0.02766	0.64967	0.01729	0.03572	0.02535	0.02190	0.01383	0.01613	0.01152	0.00922	0.00807	0.00230	0.01613	0.00576	0.00461	0.01037
9	0.01498	0.13021	0.05004	0.01236	0.01553	0.01385	0.01023	0.01832	0.02092	0.02865	0.34982	0.05327	0.05600	0.16860	0.01761	0.00400	0.00664	0.01297	0.00747	0.00853
10	0.06420	0.17218	0.17223	0.02861	0.16492	0.17190	0.02247	0.02913	0.02016	0.02584	0.01456	0.01782	0.01198	0.00868	0.00867	0.00252	0.04156	0.00629	0.00423	0.01205
11	0.01736	0.01371	0.01524	0.01403	0.01773	0.01416	0.01101	0.10911	0.15301	0.03420	0.16198	0.09267	0.22213	0.01825	0.01022	0.00307	0.00620	0.06673	0.00886	0.01034
12	0.02666	0.02780	0.02318	0.02284	0.08871	0.26393	0.01602	0.13486	0.11464	0.03164	0.03233	0.03255	0.12232	0.01215	0.00890	0.00265	0.01103	0.00936	0.00669	0.01173

[dist]
# distance from previous block
# <min> <max>
15	84

[block]
# block no. 5 follows, 19 sequences, length 26
# corresponding to MSA columns:
# 385-410
name=unknown_F
#
# <colnr> <probs for GDERKNQSTAVLIFYWHMCP>
#	G	D	E	R	K	N	Q	S	T	A	V	L	I	F	Y	W	H	M	C	P
0	0.01838	0.01766	0.09257	0.01621	0.02066	0.01537	0.01419	0.15086	0.05204	0.03495	0.19264	0.11814	0.04135	0.02635	0.14156	0.00528	0.01090	0.01268	0.00764	0.01058
1	0.02041	0.01452	0.01920	0.01718	0.01947	0.01702	0.01365	0.09229	0.01974	0.10146	0.02711	0.16111	0.02611	0.02844	0.16005	0.00585	0.19420	0.01204	0.04004	0.01013
2	0.06791	0.16069	0.10275	0.05807	0.02707	0.02403	0.01720	0.24137	0.02694	0.03689	0.02280	0.13153	0.02092	0.01252	0.00845	0.00273	0.00936	0.00996	0.00664	0.01219
3	0.06479	0.14091	0.22412	0.02626	0.15111	0.02136	0.02200	0.02782	0.05522	0.06348	0.01774	0.02114	0.01400	0.01140	0.01125	0.09338	0.01030	0.00698	0.00481	0.01194
4	0.10490	0.10267	0.16110	0.01489	0.02076	0.01594	0.01496	0.02149	0.02122	0.03164	0.27969	0.04486	0.10456	0.01394	0.00888	0.00272	0.00732	0.01146	0.00702	0.00998
5	0.33032	0.01902	0.01513	0.01394	0.01774	0.12388	0.01058	0.02636	0.07736	0.03066	0.01791	0.02320	0.01528	0.06037	0.01401	0.12360	0.00858	0.00683	0.05631	0.00892
6	0.37284	0.15864	0.04983	0.01524	0.02176	0.02478	0.01354	0.12634	0.08146	0.03820	0.01658	0.01778	0.01286	0.00898	0.00665	0.00261	0.00825	0.00599	0.00605	0.01160
7	0.02324	0.05543	0.02036	0.01768	0.02083	0.28694	0.01367	0.02612	0.01997	0.02346	0.01922	0.02476	0.01665	0.02668	0.19680	0.00588	0.05655	0.00740	0.12901	0.00934
8	0.11121	0.01888	0.02212	0.15827	0.02982	0.05625	0.01644	0.14061	0.02141	0.03087	0.01911	0.06428	0.01760	0.09443	0.01750	0.00379	0.15239	0.00910	0.00565	0.01027
9	0.02214	0.02126	0.03631	0.05491	0.62978	0.02126	0.02746	0.02746	0.02037	0.02923	0.01683	0.02214	0.01417	0.00797	0.00886	0.00266	0.01063	0.00797	0.00443	0.01417
10	0.01558	0.01410	0.02218	0.41551	0.07790	0.01624	0.01999	0.02052	0.01888	0.02397	0.03520	0.04605	0.14328	0.01365	0.00969	0.00311	0.00988	0.07935	0.00542	0.00947
11	0.01683	0.01721	0.05825	0.01451	0.01805	0.09011	0.01185	0.02387	0.10426	0.03270	0.38451	0.05311	0.08110	0.04104	0.01123	0.00301	0.00688	0.01339	0.00845	0.00964
12	0.02007	0.02009	0.02755	0.42044	0.16356	0.10510	0.02330	0.02483	0.01901	0.02352	0.01578	0.02267	0.01252	0.01012	0.01036	0.04684	0.01200	0.00765	0.00414	0.01045
13	0.02831	0.01956	0.02076	0.01656	0.02205	0.02136	0.01347	0.40950	0.03440	0.04881	0.02401	0.02538	0.01775	0.01064	0.00806	0.00249	0.00798	0.00815	0.24780	0.01295
14	0.01680	0.03821	0.50294	0.02240	0.03321	0.01810	0.02771	0.02584	0.02029	0.02997	0.14837	0.02930	0.02721	0.01063	0.00895	0.00283	0.01127	0.00869	0.00510	0.01218
15	0.02828	0.07284	0.02763	0.02598	0.10043	0.37717	0.01834	0.03375	0.09458	0.02460	0.01660	0.01932	0.01380	0.01018	0.01095	0.00263	0.09986	0.00678	0.00500	0.01129
16	0.01355	0.00934	0.01318	0.01318	0.01488	0.01062	0.01021	0.01694	0.01525	0.02326	0.02500	0.03479	0.02248	0.05587	0.52252	0.01194	0.02004	0.00934	0.14956	0.00806
17	0.01921	0.12119	0.46706	0.02633	0.03817	0.02288	0.12698	0.02820	0.01918	0.02750	0.01596	0.01923	0.01173	0.00823	0.00851	0.00275	0.01309	0.00706	0.00391	0.01281
18	0.02817	0.03440	0.10244	0.06624	0.12907	0.32490	0.02093	0.10864	0.02533	0.02902	0.01629	0.01924	0.01285	0.00916	0.00836	0.00251	0.01335	0.00676	0.03043	0.01190
19	0.02598	0.02453	0.03189	0.04134	0.38911	0.10004	0.02312	0.14766	0.06718	0.03449	0.01879	0.02206	0.01498	0.00899	0.00880	0.00265	0.01090	0.00787	0.00571	0.01392
20	0.01758	0.01693	0.01505	0.01519	0.01812	0.14140	0.01198	0.04619	0.02207	0.02582	0.05314	0.14644	0.22339	0.02065	0.01064	0.00327	0.00839	0.18752	0.00755	0.00866
21	0.02010	0.01519	0.01667	0.01453	0.01844	0.01565	0.01103	0.21525	0.06142	0.03498	0.04273	0.17078	0.15264	0.11117	0.01479	0.00373	0.00732	0.01439	0.00800	0.05118
22	0.02204	0.05026	0.02095	0.02136	0.09487	0.19376	0.01427	0.08411	0.02264	0.02756	0.02937	0.26811	0.03096	0.01632	0.00929	0.00286	0.00956	0.01381	0.05780	0.01009
23	0.02011	0.12869	0.47450	0.02484	0.03640	0.07002	0.06925	0.02871	0.01944	0.02692	0.01556	0.01846	0.01152	0.00838	0.00825	0.00269	0.01309	0.00659	0.00390	0.01270
24	0.28832	0.02778	0.27724	0.01716	0.02481	0.01802	0.01869	0.02443	0.01632	0.03046	0.01722	0.02543	0.01508	0.14772	0.01502	0.00401	0.00995	0.00727	0.00477	0.01031
25	0.02207	0.02791	0.15958	0.04662	0.46582	0.06537	0.02789	0.02822	0.02042	0.02853	0.01646	0.02105	0.01340	0.00817	0.00873	0.00267	0.01155	0.00754	0.00431	0.01371

[dist]
# distance from previous block
# <min> <max>
7	59

[block]
# block no. 6 follows, 19 sequences, length 88
# corresponding to MSA columns:
# 470-557
name=unknown_G
#
# <colnr> <probs for GDERKNQSTAVLIFYWHMCP>
#	G	D	E	R	K	N	Q	S	T	A	V	L	I	F	Y	W	H	M	C	P
0	0.02290	0.02447	0.02733	0.03576	0.32025	0.18537	0.02010	0.02783	0.05148	0.02672	0.03128	0.03347	0.13237	0.01135	0.00899	0.00265	0.01073	0.00960	0.00546	0.01188
1	0.01674	0.10041	0.24464	0.01908	0.02500	0.01903	0.01977	0.02178	0.01713	0.02437	0.05156	0.12417	0.02497	0.08433	0.05857	0.00438	0.11813	0.01071	0.00501	0.01022
2	0.02541	0.18117	0.14028	0.02696	0.13526	0.25443	0.02112	0.02986	0.02112	0.02409	0.01502	0.01836	0.01256	0.01176	0.04369	0.00305	0.01362	0.00630	0.00427	0.01167
3	0.01820	0.13346	0.23436	0.01745	0.02414	0.01855	0.01891	0.02415	0.01861	0.02799	0.02310	0.03301	0.01998	0.01149	0.00927	0.00270	0.05301	0.07904	0.22199	0.01062
4	0.02363	0.02543	0.02795	0.03431	0.27269	0.20692	0.02033	0.02744	0.02180	0.02714	0.11421	0.02729	0.02450	0.01101	0.01152	0.00274	0.09561	0.00863	0.00530	0.01155
5	0.01608	0.04679	0.01766	0.01522	0.01784	0.01456	0.01214	0.09136	0.01812	0.02535	0.02305	0.03232	0.02089	0.05680	0.53467	0.01224	0.02141	0.00914	0.00528	0.00909
6	0.01957	0.02654	0.20323	0.01954	0.02568	0.09442	0.01918	0.09690	0.02061	0.02772	0.02005	0.02623	0.01684	0.03535	0.29838	0.00797	0.01800	0.00804	0.00500	0.01076
7	0.02460	0.15594	0.35415	0.02181	0.03190	0.10273	0.02463	0.03149	0.02068	0.12504	0.01825	0.01961	0.01314	0.00886	0.00803	0.00259	0.01203	0.00656	0.00508	0.01287
8	0.01334	0.04302	0.01573	0.01418	0.01599	0.01224	0.01108	0.01635	0.01449	0.02060	0.02362	0.03535	0.02236	0.09661	0.58676	0.01347	0.02245	0.00953	0.00478	0.00802
9	0.01117	0.00790	0.01030	0.01211	0.01256	0.00745	0.00794	0.01253	0.01660	0.02213	0.04660	0.60015	0.05576	0.11228	0.01579	0.00428	0.00564	0.02384	0.00794	0.00703
10	0.01900	0.03791	0.42398	0.02900	0.04010	0.02177	0.20003	0.02798	0.01921	0.02798	0.01638	0.02049	0.01203	0.00869	0.01050	0.00296	0.05749	0.00787	0.00401	0.01265
11	0.02284	0.02361	0.01888	0.01714	0.02158	0.20631	0.01312	0.06306	0.23560	0.02993	0.04454	0.04284	0.19518	0.01423	0.00921	0.00279	0.00920	0.01124	0.00752	0.01117
12	0.02123	0.01156	0.01457	0.01350	0.01729	0.01055	0.01073	0.02545	0.05327	0.21662	0.10097	0.14292	0.19701	0.01917	0.01040	0.00318	0.00629	0.10553	0.00932	0.01044
13	0.01279	0.00954	0.01415	0.01415	0.01566	0.01106	0.01089	0.01583	0.01431	0.02060	0.02418	0.03632	0.02288	0.09815	0.61978	0.01409	0.02320	0.00976	0.00482	0.00786
14	0.01107	0.00817	0.01037	0.01175	0.01288	0.00746	0.00808	0.01309	0.01871	0.02473	0.12980	0.50466	0.15462	0.02591	0.01117	0.00343	0.00496	0.02318	0.00850	0.00746
15	0.01278	0.00959	0.01438	0.01438	0.01598	0.01118	0.01118	0.01598	0.01438	0.02077	0.02396	0.03515	0.02237	0.06710	0.65013	0.01438	0.02396	0.00959	0.00479	0.00799
16	0.02281	0.01425	0.01489	0.01267	0.01655	0.01520	0.01006	0.22568	0.02700	0.04150	0.02646	0.02915	0.02020	0.01054	0.00721	0.00230	0.00618	0.00824	0.47835	0.01077
17	0.02125	0.02055	0.03567	0.15108	0.50867	0.02111	0.05692	0.02679	0.02001	0.02818	0.01675	0.02252	0.01378	0.00810	0.00896	0.00273	0.01107	0.00810	0.00436	0.01339
18	0.02214	0.02126	0.03631	0.05491	0.62978	0.02126	0.02746	0.02746	0.02037	0.02923	0.01683	0.02214	0.01417	0.00797	0.00886	0.00266	0.01063	0.00797	0.00443	0.01417
19	0.01315	0.01006	0.01481	0.01460	0.01603	0.01190	0.01131	0.01611	0.01427	0.02062	0.02355	0.03561	0.02236	0.09827	0.58431	0.01351	0.05711	0.00968	0.00478	0.00794
20	0.01288	0.00862	0.00980	0.00992	0.00995	0.00859	0.00559	0.01298	0.01326	0.01768	0.02946	0.09594	0.03413	0.64601	0.04348	0.00837	0.00846	0.01376	0.00559	0.00553
21	0.01106	0.00790	0.01057	0.01264	0.01324	0.00741	0.00859	0.01274	0.01729	0.02302	0.04922	0.65276	0.05881	0.02787	0.01146	0.00366	0.00533	0.05081	0.00830	0.00731
22	0.02011	0.01492	0.01868	0.01652	0.02004	0.01690	0.01319	0.21749	0.02393	0.03306	0.02311	0.03043	0.01990	0.04765	0.42888	0.01034	0.01909	0.00906	0.00623	0.01048
23	0.02350	0.27198	0.06828	0.21091	0.03645	0.12898	0.01978	0.06510	0.02068	0.02451	0.01447	0.01845	0.01187	0.00893	0.00858	0.00249	0.04325	0.00635	0.00434	0.01111
24	0.02214	0.02126	0.03631	0.05491	0.62978	0.02126	0.02746	0.02746	0.02037	0.02923	0.01683	0.02214	0.01417	0.00797	0.00886	0.00266	0.01063	0.00797	0.00443	0.01417
25	0.01442	0.01030	0.01442	0.01648	0.01854	0.01030	0.01442	0.01854	0.02060	0.02677	0.04737	0.10092	0.05149	0.02471	0.01236	0.00412	0.00824	0.56956	0.00824	0.00824
26	0.01794	0.04628	0.63923	0.02550	0.03872	0.02078	0.03305	0.02833	0.01889	0.02833	0.01606	0.01889	0.01133	0.00850	0.00850	0.00283	0.01322	0.00661	0.00378	0.01322
27	0.01313	0.00892	0.01101	0.01101	0.01157	0.00937	0.00711	0.01425	0.01369	0.01913	0.02703	0.05060	0.02914	0.47498	0.21615	0.00997	0.01281	0.01180	0.04204	0.00630
28	0.01152	0.00879	0.00946	0.00967	0.01130	0.00794	0.00643	0.01286	0.01729	0.02147	0.06303	0.13561	0.34616	0.27203	0.02378	0.00520	0.00615	0.01734	0.00722	0.00672
29	0.03401	0.02506	0.02685	0.02058	0.02774	0.02774	0.01700	0.59995	0.04206	0.05638	0.02148	0.02148	0.01521	0.01074	0.00895	0.00268	0.00984	0.00805	0.00895	0.01521
30	0.02273	0.02297	0.03387	0.12940	0.48953	0.09148	0.02598	0.02779	0.02061	0.02759	0.01637	0.02169	0.01359	0.00824	0.00878	0.00266	0.01141	0.00772	0.00439	0.01320
31	0.01324	0.00993	0.01383	0.01401	0.01572	0.01107	0.01105	0.01637	0.01624	0.02290	0.03539	0.08210	0.09409	0.04842	0.39103	0.00992	0.04921	0.08302	0.05444	0.00805
32	0.01090	0.00779	0.01038	0.01246	0.01298	0.00727	0.00830	0.01246	0.01713	0.02284	0.04931	0.67975	0.05917	0.02803	0.01142	0.00363	0.00519	0.02543	0.00830	0.00727
33	0.01301	0.00867	0.00976	0.00976	0.00976	0.00867	0.00542	0.01301	0.01301	0.01735	0.02819	0.05855	0.03253	0.68559	0.04554	0.00867	0.00867	0.01301	0.00542	0.00542
34	0.01304	0.00939	0.01342	0.01342	0.01484	0.01069	0.01015	0.01589	0.01447	0.02109	0.02482	0.03804	0.02370	0.14293	0.53391	0.01291	0.02081	0.00995	0.04884	0.00768
35	0.01927	0.01832	0.03112	0.38888	0.31830	0.02050	0.02603	0.02494	0.01901	0.02574	0.01632	0.02308	0.01294	0.00850	0.00890	0.00283	0.01134	0.00796	0.00418	0.01185
36	0.02386	0.02982	0.10423	0.03718	0.20579	0.16839	0.21200	0.02959	0.02130	0.02687	0.01622	0.02092	0.01294	0.00854	0.01015	0.00277	0.04459	0.00815	0.00441	0.01229
37	0.06274	0.02072	0.02986	0.12032	0.36104	0.05005	0.02231	0.05851	0.02093	0.03018	0.01643	0.02103	0.01341	0.00811	0.00829	0.00247	0.01016	0.00726	0.00484	0.13135
38	0.03042	0.03418	0.02357	0.02074	0.02571	0.42163	0.01590	0.14668	0.05780	0.02984	0.02510	0.02591	0.08191	0.01118	0.00858	0.00250	0.01312	0.00791	0.00612	0.01122
39	0.01074	0.00841	0.00973	0.01079	0.01254	0.00741	0.00756	0.01265	0.01874	0.02349	0.06965	0.38750	0.33829	0.02538	0.01100	0.00333	0.00487	0.02221	0.00831	0.00741
40	0.02215	0.02115	0.03551	0.05308	0.59944	0.02131	0.02679	0.02846	0.05005	0.02964	0.01781	0.02270	0.01483	0.00818	0.00887	0.00268	0.01045	0.00808	0.00466	0.01417
41	0.03229	0.04083	0.02475	0.02257	0.02702	0.61469	0.01695	0.03464	0.02475	0.02183	0.01438	0.01718	0.01212	0.01239	0.04324	0.00297	0.01656	0.00597	0.00462	0.01024
42	0.01269	0.00854	0.00985	0.01017	0.01025	0.00846	0.00586	0.01293	0.01364	0.01819	0.03142	0.15360	0.03660	0.58497	0.04032	0.00790	0.00814	0.01491	0.00586	0.00570
43	0.01094	0.00908	0.00958	0.00945	0.01231	0.00771	0.00709	0.01356	0.02127	0.02624	0.18537	0.08268	0.53011	0.02188	0.01057	0.00298	0.00448	0.01840	0.00858	0.00771
44	0.01315	0.00903	0.01111	0.01137	0.01189	0.00929	0.00751	0.01420	0.01420	0.01911	0.02996	0.06017	0.03330	0.50031	0.13962	0.00902	0.01110	0.08376	0.00568	0.00620
45	0.01090	0.00779	0.01038	0.01246	0.01298	0.00727	0.00830	0.01246	0.01713	0.02284	0.04931	0.67975	0.05917	0.02803	0.01142	0.00363	0.00519	0.02543	0.00830	0.00727
46	0.01069	0.00907	0.00923	0.00919	0.01216	0.00760	0.00689	0.01307	0.02067	0.02482	0.12060	0.08502	0.59576	0.02241	0.01057	0.00301	0.00451	0.01873	0.00839	0.00760
47	0.02001	0.26874	0.43483	0.02198	0.03328	0.02582	0.02693	0.02780	0.01864	0.02582	0.01481	0.01732	0.01138	0.00821	0.00755	0.00252	0.01196	0.00598	0.00379	0.01262
48	0.03474	0.02073	0.02378	0.01858	0.02538	0.02173	0.01524	0.32657	0.10930	0.26502	0.02842	0.02627	0.01929	0.01104	0.00899	0.00276	0.00868	0.00866	0.00974	0.01508
49	0.01090	0.00779	0.01038	0.01246	0.01298	0.00727	0.00830	0.01246	0.01713	0.02284	0.04931	0.67975	0.05917	0.02803	0.01142	0.00363	0.00519	0.02543	0.00830	0.00727
50	0.01301	0.00867	0.00976	0.00976	0.00976	0.00867	0.00542	0.01301	0.01301	0.01735	0.02819	0.05855	0.03253	0.68559	0.04554	0.00867	0.00867	0.01301	0.00542	0.00542
51	0.01090	0.00779	0.01038	0.01246	0.01298	0.00727	0.00830	0.01246	0.01713	0.02284	0.04931	0.67975	0.05917	0.02803	0.01142	0.00363	0.00519	0.02543	0.00830	0.00727
52	0.02018	0.01952	0.03399	0.27337	0.38611	0.02085	0.06449	0.02588	0.01953	0.02689	0.01658	0.02289	0.01332	0.00829	0.00900	0.00280	0.01139	0.00814	0.00427	0.01251
53	0.02214	0.02126	0.03631	0.05491	0.62978	0.02126	0.02746	0.02746	0.02037	0.02923	0.01683	0.02214	0.01417	0.00797	0.00886	0.00266	0.01063	0.00797	0.00443	0.01417
54	0.02201	0.02163	0.03842	0.05271	0.55508	0.02143	0.10047	0.02761	0.02047	0.02916	0.01699	0.02240	0.01409	0.00792	0.00907	0.00270	0.01120	0.00830	0.00444	0.01390
55	0.01313	0.01010	0.01505	0.01485	0.01636	0.01202	0.01162	0.01626	0.01434	0.02081	0.02333	0.03434	0.02182	0.06444	0.61805	0.01384	0.05731	0.00949	0.00475	0.00808
56	0.01233	0.00969	0.01125	0.01093	0.01360	0.00887	0.00834	0.01678	0.05330	0.03030	0.32752	0.07546	0.31835	0.02025	0.01059	0.00299	0.00473	0.04737	0.00904	0.00833
57	0.02075	0.32014	0.34993	0.02292	0.06756	0.02705	0.02514	0.02762	0.01867	0.02528	0.01456	0.01715	0.01157	0.00811	0.00734	0.00243	0.01150	0.00591	0.00384	0.01254
58	0.01092	0.00816	0.01016	0.01160	0.01279	0.00740	0.00796	0.01278	0.01832	0.02383	0.08927	0.50912	0.19263	0.02626	0.01118	0.00345	0.00499	0.02342	0.00839	0.00740
59	0.01090	0.00779	0.01038	0.01246	0.01298	0.00727	0.00830	0.01246	0.01713	0.02284	0.04931	0.67975	0.05917	0.02803	0.01142	0.00363	0.00519	0.02543	0.00830	0.00727
60	0.02535	0.20232	0.17217	0.02029	0.02736	0.27649	0.01944	0.02985	0.02110	0.02389	0.01549	0.01836	0.01273	0.01144	0.03740	0.00288	0.01338	0.00606	0.05292	0.01107
61	0.01195	0.00853	0.01158	0.01365	0.01463	0.00817	0.01012	0.01427	0.01816	0.02401	0.04873	0.50753	0.05689	0.02704	0.01170	0.00378	0.00610	0.18732	0.00828	0.00756
62	0.01098	0.00785	0.01046	0.01240	0.01299	0.00732	0.00831	0.01267	0.01751	0.02345	0.07635	0.65096	0.06036	0.02757	0.01138	0.00359	0.00514	0.02500	0.00838	0.00732
63	0.01857	0.01838	0.03347	0.44270	0.15026	0.02064	0.13786	0.02474	0.01892	0.02503	0.01648	0.02363	0.01261	0.00851	0.00925	0.00294	0.01234	0.00847	0.00416	0.01104
64	0.01891	0.05127	0.02468	0.18303	0.17156	0.09977	0.01849	0.02281	0.01996	0.02444	0.03719	0.03987	0.19097	0.01303	0.01020	0.00283	0.04453	0.01069	0.00541	0.01036
65	0.01476	0.01249	0.01817	0.01703	0.01816	0.01590	0.01362	0.01759	0.01418	0.02099	0.02041	0.03062	0.01928	0.05214	0.46963	0.01134	0.21159	0.00907	0.00454	0.00851
66	0.02024	0.01977	0.03462	0.24775	0.36036	0.02121	0.08610	0.02585	0.01937	0.02680	0.01645	0.02279	0.01328	0.00856	0.00992	0.00285	0.03916	0.00823	0.00427	0.01240
67	0.02209	0.02258	0.02712	0.25040	0.10432	0.13784	0.02127	0.06353	0.01997	0.02520	0.01541	0.02163	0.01280	0.01353	0.04584	0.00360	0.17007	0.00761	0.00450	0.01070
68	0.01090	0.00779	0.01038	0.01246	0.01298	0.00727	0.00830	0.01246	0.01713	0.02284	0.04931	0.67975	0.05917	0.02803	0.01142	0.00363	0.00519	0.02543	0.00830	0.00727
69	0.01554	0.00777	0.01166	0.01166	0.01166	0.00777	0.00777	0.01166	0.01166	0.01554	0.01554	0.02720	0.01554	0.03108	0.03497	0.73970	0.00777	0.00777	0.00389	0.00389
70	0.01151	0.00915	0.01037	0.01022	0.01287	0.00801	0.00777	0.01457	0.02217	0.02848	0.27946	0.07996	0.40355	0.02120	0.01066	0.00300	0.00461	0.04568	0.00885	0.00790
71	0.01297	0.00882	0.01049	0.01049	0.01075	0.00907	0.00634	0.01348	0.01323	0.01789	0.02752	0.05483	0.03091	0.58730	0.14161	0.00958	0.01110	0.01247	0.00532	0.00583
72	0.02417	0.01874	0.02065	0.01595	0.02255	0.01838	0.01278	0.23421	0.09064	0.03965	0.02158	0.02406	0.01701	0.04062	0.00952	0.00240	0.00777	0.00738	0.05568	0.31625
73	0.01336	0.00911	0.01144	0.01144	0.01351	0.00954	0.00878	0.01661	0.01701	0.02510	0.04097	0.04652	0.16323	0.04082	0.32018	0.00828	0.01387	0.01140	0.21085	0.00798
74	0.02367	0.05750	0.02871	0.03138	0.24366	0.05530	0.01939	0.02750	0.01938	0.10426	0.01803	0.02200	0.01469	0.01246	0.04290	0.00319	0.13232	0.00742	0.00532	0.13093
75	0.33033	0.02074	0.08135	0.05458	0.06040	0.05375	0.01602	0.06333	0.01967	0.03425	0.02210	0.03664	0.02046	0.01238	0.00819	0.00306	0.00909	0.13726	0.00601	0.01040
76	0.02138	0.01712	0.02775	0.07929	0.36935	0.01698	0.02089	0.02612	0.02166	0.09859	0.14442	0.06319	0.03137	0.01143	0.00934	0.00277	0.00881	0.01058	0.00644	0.01252
77	0.02366	0.13401	0.03374	0.17707	0.19473	0.17011	0.05395	0.02796	0.02028	0.02427	0.01499	0.01983	0.01244	0.00884	0.00943	0.00262	0.04922	0.00707	0.00425	0.01152
78	0.11572	0.02299	0.11647	0.02368	0.11364	0.02082	0.01837	0.06795	0.26297	0.06625	0.02576	0.02638	0.01946	0.01342	0.04436	0.00352	0.00965	0.00839	0.00700	0.01321
79	0.06708	0.01687	0.02652	0.03534	0.34018	0.01679	0.05312	0.02245	0.01836	0.02659	0.02753	0.03740	0.08667	0.16753	0.01748	0.00413	0.00951	0.01032	0.00517	0.01097
80	0.09382	0.01941	0.03161	0.13575	0.41436	0.02009	0.05264	0.02575	0.01953	0.02903	0.02123	0.02599	0.05414	0.00910	0.00874	0.00276	0.01026	0.00851	0.00474	0.01255
81	0.06115	0.01806	0.05305	0.02491	0.16696	0.01696	0.01663	0.09137	0.08412	0.12193	0.11373	0.04117	0.09793	0.01311	0.00932	0.00287	0.00800	0.03866	0.00776	0.01233
82	0.07260	0.01893	0.02426	0.10706	0.13567	0.08673	0.04433	0.02955	0.05188	0.14779	0.05610	0.02814	0.02081	0.01926	0.11308	0.00464	0.01239	0.00868	0.00639	0.01169
83	0.02374	0.03524	0.24673	0.02171	0.02926	0.21631	0.02162	0.10134	0.02325	0.02858	0.02039	0.02367	0.03938	0.01857	0.10669	0.00442	0.01498	0.00750	0.00505	0.01155
84	0.01832	0.01619	0.02587	0.03732	0.38488	0.01614	0.01903	0.02169	0.01787	0.02507	0.02340	0.09771	0.02405	0.21121	0.02000	0.00454	0.00951	0.01119	0.00510	0.01089
85	0.07193	0.14017	0.02971	0.02844	0.21090	0.05746	0.01815	0.12691	0.05271	0.03205	0.02205	0.02517	0.04710	0.01609	0.08000	0.00387	0.01135	0.00795	0.00567	0.01233
86	0.02774	0.07387	0.03196	0.03670	0.30096	0.24350	0.02174	0.10367	0.02475	0.02959	0.01608	0.01943	0.01320	0.00874	0.00838	0.00249	0.01239	0.00699	0.00503	0.01279
87	0.02815	0.02920	0.02769	0.03212	0.22822	0.28447	0.01968	0.06464	0.06168	0.06811	0.05487	0.02352	0.01869	0.00974	0.00866	0.00255	0.01209	0.00774	0.00581	0.01236

[dist]
# distance from previous block
# <min> <max>
28	149

[block]
# block no. 7 follows, 19 sequences, length 16
# corresponding to MSA columns:
# 709-724
name=unknown_H
#
# <colnr> <probs for GDERKNQSTAVLIFYWHMCP>
#	G	D	E	R	K	N	Q	S	T	A	V	L	I	F	Y	W	H	M	C	P
0	0.02024	0.01844	0.01874	0.01976	0.08005	0.11970	0.01369	0.05344	0.11425	0.05271	0.03985	0.12235	0.13106	0.02314	0.09742	0.00453	0.01079	0.04229	0.00709	0.01046
1	0.05921	0.02706	0.02274	0.14397	0.07221	0.28657	0.01705	0.05090	0.05562	0.02635	0.02707	0.02938	0.09808	0.01116	0.00854	0.00263	0.01175	0.00852	0.03075	0.01046
2	0.07968	0.12676	0.10349	0.02226	0.05860	0.34011	0.01833	0.03038	0.02141	0.02419	0.01502	0.01840	0.01263	0.01478	0.07419	0.00362	0.01470	0.00618	0.00447	0.01079
3	0.01597	0.01432	0.07559	0.01381	0.01768	0.01152	0.01190	0.06084	0.02198	0.07124	0.18613	0.12384	0.18380	0.02666	0.11848	0.00490	0.00929	0.01470	0.00787	0.00946
4	0.01781	0.02373	0.20553	0.01799	0.02450	0.01680	0.01810	0.10300	0.08032	0.03029	0.03504	0.03776	0.13245	0.02765	0.18209	0.00598	0.01340	0.01028	0.00615	0.01111
5	0.02128	0.11949	0.14805	0.02220	0.06394	0.11746	0.01931	0.02753	0.07780	0.02449	0.01825	0.02465	0.01608	0.08133	0.05775	0.00417	0.13279	0.00772	0.00474	0.01096
6	0.02490	0.16165	0.03056	0.02727	0.18193	0.12419	0.01800	0.14216	0.02471	0.03078	0.02450	0.02692	0.07736	0.01407	0.05037	0.00326	0.01138	0.00821	0.00567	0.01213
7	0.11685	0.11704	0.02470	0.01872	0.02318	0.27900	0.01486	0.08337	0.02240	0.02740	0.01843	0.08647	0.01732	0.01526	0.05192	0.00339	0.05575	0.00817	0.00539	0.01039
8	0.01489	0.01289	0.01598	0.01810	0.09153	0.05290	0.01177	0.01795	0.01866	0.02480	0.13893	0.07277	0.12748	0.10055	0.23266	0.00737	0.01309	0.01267	0.00636	0.00864
9	0.09160	0.01116	0.01210	0.01180	0.01439	0.01210	0.00890	0.02286	0.10575	0.02984	0.03216	0.08344	0.05744	0.06804	0.13855	0.00535	0.00924	0.01061	0.26572	0.00896
10	0.02719	0.03075	0.02545	0.02803	0.17001	0.35511	0.01780	0.03061	0.02265	0.02571	0.01634	0.01959	0.01351	0.00872	0.00790	0.00225	0.01243	0.00649	0.07733	0.10215
