[name]
unknown

[dist]
# distance from previous block
# <min> <max>
2	27

[block]
# block no. 0 follows, 22 sequences, length 8
# corresponding to MSA columns:
# 28-35
name=unknown_A
#
# <colnr> <probs for GDERKNQSTAVLIFYWHMCP>
#	G	D	E	R	K	N	Q	S	T	A	V	L	I	F	Y	W	H	M	C	P
0	0.02059	0.01855	0.01696	0.01497	0.01942	0.13029	0.01155	0.03123	0.25665	0.07441	0.09344	0.03804	0.13683	0.01244	0.00840	0.00249	0.00738	0.01009	0.00742	0.08884
1	0.01105	0.00828	0.01098	0.01130	0.01287	0.00821	0.00834	0.01374	0.01765	0.02405	0.20663	0.22084	0.14968	0.03403	0.21618	0.00617	0.00988	0.01575	0.00708	0.00729
2	0.01613	0.01548	0.01408	0.01507	0.04767	0.15639	0.00978	0.01753	0.01622	0.01939	0.02817	0.23454	0.03155	0.26039	0.07594	0.00550	0.00990	0.01351	0.00557	0.00718
3	0.01408	0.01257	0.01959	0.01698	0.01940	0.01310	0.12716	0.01827	0.06776	0.02244	0.03520	0.26337	0.09012	0.13988	0.01777	0.00402	0.08875	0.01525	0.00615	0.00813
4	0.01991	0.02432	0.18277	0.10166	0.26341	0.01922	0.02280	0.12970	0.02187	0.03025	0.02327	0.02608	0.07921	0.00949	0.00833	0.00258	0.00987	0.00816	0.00503	0.01206
5	0.02450	0.02150	0.02280	0.12063	0.08914	0.11639	0.01620	0.27593	0.02753	0.03545	0.02449	0.02622	0.07994	0.01025	0.00814	0.00244	0.00950	0.00810	0.03814	0.04271
6	0.01150	0.00945	0.01147	0.01291	0.07098	0.00849	0.00833	0.01410	0.01937	0.02488	0.20890	0.06766	0.39493	0.08543	0.01281	0.00324	0.00504	0.01546	0.00747	0.00759
7	0.01326	0.01046	0.01278	0.01286	0.01465	0.01087	0.00973	0.07290	0.01893	0.02477	0.04981	0.34168	0.20675	0.02165	0.01199	0.00320	0.07712	0.07140	0.00734	0.00786

[dist]
# distance from previous block
# <min> <max>
65	118

[block]
# block no. 1 follows, 22 sequences, length 12
# corresponding to MSA columns:
# 200-211
name=unknown_B
#
# <colnr> <probs for GDERKNQSTAVLIFYWHMCP>
#	G	D	E	R	K	N	Q	S	T	A	V	L	I	F	Y	W	H	M	C	P
0	0.06630	0.01565	0.02289	0.28729	0.15646	0.01772	0.01843	0.10616	0.01940	0.02721	0.01839	0.05512	0.01609	0.07068	0.06423	0.00396	0.01063	0.00845	0.00487	0.01006
1	0.02345	0.01890	0.02311	0.02661	0.22473	0.07025	0.01633	0.15805	0.04992	0.10642	0.03412	0.03431	0.15448	0.01154	0.00856	0.00255	0.00842	0.00966	0.00674	0.01186
2	0.04215	0.01678	0.02166	0.10125	0.14257	0.01875	0.01575	0.18113	0.07246	0.03309	0.02035	0.02545	0.01655	0.06541	0.01204	0.00299	0.06341	0.00792	0.12933	0.01096
3	0.01704	0.05509	0.01585	0.01345	0.01641	0.09593	0.01049	0.02215	0.08835	0.05697	0.18947	0.04901	0.10673	0.07648	0.09041	0.00437	0.00895	0.06711	0.00699	0.00874
4	0.01520	0.01022	0.01282	0.01256	0.01483	0.01020	0.00934	0.08765	0.01959	0.07678	0.07251	0.32414	0.12534	0.02852	0.13438	0.00496	0.00864	0.01646	0.00745	0.00843
5	0.01631	0.01152	0.01536	0.05525	0.06820	0.03715	0.01134	0.01878	0.01580	0.09571	0.02668	0.14177	0.02644	0.16150	0.25214	0.00755	0.01306	0.01145	0.00570	0.00831
6	0.01420	0.01159	0.01450	0.01721	0.10204	0.03768	0.01060	0.04264	0.01686	0.02217	0.03485	0.23943	0.08252	0.20455	0.07433	0.00521	0.00856	0.04717	0.00611	0.00776
7	0.02231	0.01413	0.01563	0.01355	0.01774	0.01485	0.01065	0.12646	0.19587	0.13767	0.03459	0.07019	0.07619	0.01213	0.00797	0.00253	0.00608	0.00997	0.20029	0.01121
8	0.01628	0.01438	0.01743	0.07528	0.15399	0.06583	0.01245	0.04487	0.01699	0.02173	0.02965	0.04330	0.10886	0.31779	0.02338	0.00497	0.00877	0.01070	0.00518	0.00817
9	0.02257	0.02359	0.02142	0.02320	0.13964	0.24781	0.01504	0.09549	0.02218	0.02624	0.02503	0.16035	0.05636	0.01256	0.00838	0.00246	0.00994	0.01034	0.00567	0.07175
10	0.02373	0.02835	0.07808	0.09087	0.24224	0.26426	0.02071	0.03025	0.09385	0.02490	0.01660	0.01961	0.01328	0.00841	0.00796	0.00243	0.01169	0.00677	0.00460	0.01142
11	0.30540	0.05288	0.07364	0.02387	0.17014	0.11499	0.01654	0.07542	0.04388	0.03193	0.01452	0.01689	0.01147	0.00807	0.00682	0.00246	0.00926	0.00586	0.00496	0.01097

[dist]
# distance from previous block
# <min> <max>
18	58

[block]
# block no. 2 follows, 22 sequences, length 15
# corresponding to MSA columns:
# 277-291
name=unknown_C
#
# <colnr> <probs for GDERKNQSTAVLIFYWHMCP>
#	G	D	E	R	K	N	Q	S	T	A	V	L	I	F	Y	W	H	M	C	P
0	0.01047	0.00821	0.01028	0.05436	0.01471	0.00766	0.00822	0.01255	0.01745	0.02232	0.09123	0.40093	0.26632	0.02259	0.01013	0.00309	0.00496	0.01992	0.00753	0.00706
1	0.08382	0.08710	0.02432	0.05411	0.02430	0.12644	0.01516	0.14770	0.02127	0.02923	0.01400	0.01726	0.01159	0.00972	0.01197	0.00247	0.17813	0.00615	0.00502	0.13024
2	0.01586	0.01152	0.01373	0.01359	0.01572	0.01184	0.00987	0.17666	0.02210	0.02954	0.03887	0.51994	0.04402	0.02173	0.00999	0.00314	0.00598	0.01930	0.00787	0.00872
3	0.02644	0.01563	0.01819	0.01497	0.02018	0.01590	0.01202	0.15324	0.17401	0.25383	0.08968	0.03680	0.10698	0.01242	0.00868	0.00265	0.00673	0.01018	0.00902	0.01244
4	0.02042	0.03010	0.27815	0.06321	0.10017	0.05809	0.13914	0.11929	0.02164	0.02963	0.01750	0.05243	0.01395	0.00893	0.00849	0.00264	0.01160	0.00805	0.00471	0.01187
5	0.01385	0.01025	0.01192	0.01142	0.01271	0.04566	0.00821	0.01541	0.01835	0.02533	0.31868	0.07805	0.04833	0.09525	0.01873	0.16494	0.03719	0.01216	0.04685	0.00672
6	0.61571	0.01446	0.01158	0.01055	0.01466	0.01652	0.00820	0.02195	0.01373	0.03304	0.01449	0.02167	0.01324	0.14786	0.01257	0.00367	0.00675	0.00602	0.00512	0.00820
7	0.02113	0.52710	0.03869	0.01625	0.02145	0.03088	0.01527	0.02357	0.01577	0.01966	0.01138	0.01462	0.01073	0.00910	0.01120	0.00227	0.19191	0.00520	0.00358	0.01024
8	0.01101	0.00760	0.00938	0.01043	0.01069	0.00734	0.00649	0.01180	0.01416	0.01889	0.03686	0.40746	0.04368	0.33656	0.02503	0.00550	0.00629	0.01836	0.00649	0.00597
9	0.03158	0.02327	0.02493	0.01911	0.02576	0.02576	0.01579	0.62852	0.03906	0.05236	0.01995	0.01995	0.01413	0.00997	0.00831	0.00249	0.00914	0.00748	0.00831	0.01413
10	0.01114	0.00778	0.00922	0.00994	0.01038	0.00747	0.00616	0.01187	0.01415	0.01861	0.03892	0.29963	0.09740	0.38860	0.02739	0.00581	0.00648	0.01691	0.00629	0.00586
11	0.01249	0.00802	0.00890	0.00890	0.00913	0.00802	0.00513	0.01295	0.01272	0.01788	0.02629	0.05157	0.02914	0.62465	0.03793	0.00732	0.00755	0.01156	0.09449	0.00536
12	0.01187	0.00890	0.01335	0.01335	0.01483	0.01038	0.01038	0.01483	0.01335	0.01928	0.02225	0.03264	0.02077	0.06231	0.67512	0.01335	0.02225	0.00890	0.00445	0.00742
13	0.71344	0.01798	0.05859	0.01183	0.01748	0.01868	0.01054	0.02455	0.01438	0.03649	0.01180	0.01378	0.00911	0.00772	0.00534	0.00257	0.00684	0.00461	0.00503	0.00923
14	0.02288	0.01868	0.01976	0.01695	0.02204	0.02114	0.01341	0.19843	0.43963	0.03866	0.03337	0.03122	0.06315	0.01156	0.00850	0.00273	0.00711	0.00941	0.00837	0.01301

[dist]
# distance from previous block
# <min> <max>
0	1

[block]
# block no. 3 follows, 22 sequences, length 30
# corresponding to MSA columns:
# 298-327
name=unknown_D
#
# <colnr> <probs for GDERKNQSTAVLIFYWHMCP>
#	G	D	E	R	K	N	Q	S	T	A	V	L	I	F	Y	W	H	M	C	P
0	0.11319	0.02456	0.07962	0.01836	0.02360	0.14993	0.01577	0.16753	0.06667	0.10494	0.01859	0.02025	0.01405	0.01300	0.04935	0.00325	0.09289	0.00688	0.00615	0.01140
1	0.05213	0.01523	0.03980	0.20963	0.02979	0.01613	0.01516	0.12755	0.07793	0.05722	0.06238	0.13026	0.02605	0.01279	0.00854	0.00277	0.00795	0.03524	0.06336	0.01010
2	0.11197	0.09104	0.03025	0.02354	0.05748	0.27427	0.14752	0.11638	0.02305	0.02855	0.01460	0.01725	0.01153	0.00815	0.00768	0.00237	0.01214	0.00654	0.00488	0.01081
3	0.01910	0.02005	0.02420	0.46702	0.07423	0.16135	0.02097	0.02375	0.01840	0.02155	0.01642	0.02550	0.01365	0.00934	0.00834	0.00269	0.01164	0.04829	0.00411	0.00938
4	0.02462	0.12854	0.02701	0.02589	0.19080	0.23032	0.01671	0.09421	0.02211	0.02722	0.01634	0.01920	0.01334	0.00836	0.00720	0.00218	0.01037	0.00636	0.11827	0.01094
5	0.01190	0.00876	0.01264	0.01264	0.01388	0.01000	0.00950	0.01438	0.01314	0.01876	0.02290	0.03623	0.02233	0.16898	0.57058	0.01248	0.01991	0.00943	0.00455	0.00702
6	0.01843	0.01368	0.01721	0.01527	0.01847	0.01550	0.01218	0.21914	0.02191	0.03029	0.02148	0.02841	0.01856	0.04488	0.45313	0.00974	0.01789	0.00843	0.00574	0.00965
7	0.02165	0.01999	0.02175	0.02374	0.15276	0.09459	0.01529	0.07960	0.32057	0.03064	0.02566	0.02891	0.02086	0.09262	0.01229	0.00326	0.00860	0.00869	0.00666	0.01186
8	0.01187	0.00890	0.01335	0.01335	0.01483	0.01038	0.01038	0.01483	0.01335	0.01928	0.02225	0.03264	0.02077	0.06231	0.67512	0.01335	0.02225	0.00890	0.00445	0.00742
9	0.16678	0.11079	0.40728	0.02115	0.03106	0.02085	0.08077	0.02580	0.01698	0.02776	0.01405	0.01672	0.01043	0.00768	0.00724	0.00254	0.01090	0.00597	0.00390	0.01134
10	0.02190	0.31720	0.03884	0.02414	0.09980	0.06412	0.17609	0.06107	0.01958	0.02513	0.01516	0.01838	0.01247	0.00756	0.00718	0.00220	0.01034	0.00668	0.06113	0.01101
11	0.00982	0.00842	0.00842	0.00842	0.01122	0.00701	0.00631	0.01192	0.01894	0.02244	0.08416	0.07995	0.65285	0.02104	0.00982	0.00281	0.00421	0.01753	0.00771	0.00701
12	0.01115	0.00866	0.01026	0.01041	0.01276	0.00777	0.00817	0.01418	0.02050	0.02652	0.26548	0.07662	0.34605	0.02005	0.01013	0.00294	0.00477	0.12800	0.00818	0.00741
13	0.01866	0.01795	0.03000	0.16095	0.37893	0.01983	0.04554	0.02316	0.01716	0.02437	0.01521	0.02135	0.01291	0.01236	0.05599	0.00345	0.11929	0.00757	0.00398	0.01133
14	0.01450	0.01303	0.01442	0.01413	0.01588	0.10104	0.01075	0.01713	0.01465	0.01919	0.02126	0.03187	0.02011	0.10401	0.53576	0.01142	0.02018	0.00866	0.00447	0.00754
15	0.00998	0.00842	0.00864	0.00859	0.01132	0.00708	0.00644	0.01224	0.01932	0.02335	0.13179	0.07845	0.60465	0.02070	0.00982	0.00279	0.00418	0.01732	0.00783	0.00708
16	0.06272	0.03798	0.52868	0.02562	0.07239	0.01944	0.08619	0.02617	0.01761	0.02705	0.01493	0.01794	0.01079	0.00777	0.00793	0.00263	0.01194	0.00647	0.00371	0.01203
17	0.05560	0.14191	0.17909	0.02129	0.02844	0.09881	0.11080	0.03019	0.13257	0.04916	0.01809	0.01999	0.01392	0.00885	0.00900	0.00255	0.05638	0.00700	0.00495	0.01140
18	0.10846	0.02901	0.02398	0.07441	0.02751	0.35922	0.05838	0.03006	0.07637	0.02400	0.01478	0.01778	0.01203	0.00936	0.01012	0.00254	0.10114	0.00635	0.00462	0.00989
19	0.16506	0.01954	0.10054	0.10637	0.26918	0.01733	0.01949	0.02431	0.01788	0.07031	0.02381	0.02646	0.08708	0.00941	0.00779	0.00259	0.00878	0.00793	0.00503	0.01113
20	0.25365	0.12379	0.14014	0.02098	0.11679	0.05942	0.01698	0.02402	0.01605	0.02707	0.01308	0.01670	0.01085	0.00998	0.01006	0.07115	0.04942	0.00568	0.00418	0.01001
21	0.17716	0.10756	0.19438	0.02438	0.14575	0.09915	0.02000	0.08991	0.02000	0.03001	0.01425	0.01674	0.01112	0.00797	0.00709	0.00242	0.01020	0.00589	0.00457	0.01146
22	0.01481	0.01206	0.01151	0.01110	0.01204	0.07009	0.00698	0.01775	0.08669	0.01867	0.02586	0.04805	0.02786	0.56302	0.03517	0.00690	0.00851	0.01116	0.00537	0.00640
23	0.01701	0.01379	0.01847	0.12671	0.10060	0.01455	0.01391	0.13725	0.02333	0.03136	0.19876	0.04352	0.14870	0.01694	0.05548	0.00338	0.00816	0.01141	0.00689	0.00976
24	0.02053	0.02083	0.09518	0.07235	0.11932	0.05649	0.01643	0.14941	0.06485	0.02968	0.01958	0.02725	0.01705	0.15384	0.01502	0.00354	0.00936	0.00798	0.00548	0.09584
25	0.01360	0.01086	0.05021	0.01253	0.04789	0.00916	0.00957	0.01718	0.01757	0.02631	0.04181	0.10702	0.17392	0.01828	0.05456	0.00328	0.00644	0.05647	0.31531	0.00802
26	0.10868	0.03017	0.19918	0.02027	0.04876	0.19038	0.01878	0.11738	0.05128	0.03003	0.02117	0.02540	0.04945	0.01010	0.00789	0.00256	0.01077	0.04141	0.00534	0.01100
27	0.02907	0.02911	0.02282	0.01947	0.02449	0.31539	0.01517	0.27556	0.07629	0.03456	0.01954	0.06429	0.01618	0.01051	0.00811	0.00242	0.01128	0.00775	0.00647	0.01154
28	0.06054	0.06921	0.01936	0.01632	0.05664	0.20182	0.01194	0.02296	0.01967	0.02460	0.06697	0.03206	0.14871	0.01082	0.00753	0.00208	0.00856	0.00837	0.00544	0.20639
29	0.12255	0.06710	0.06275	0.02308	0.12546	0.19552	0.01673	0.16167	0.02366	0.03177	0.01495	0.01707	0.01179	0.00821	0.00725	0.00224	0.01033	0.00599	0.00524	0.08663

[dist]
# distance from previous block
# <min> <max>
2	62

[block]
# block no. 4 follows, 22 sequences, length 47
# corresponding to MSA columns:
# 390-398,402-439
name=unknown_E
#
# <colnr> <probs for GDERKNQSTAVLIFYWHMCP>
#	G	D	E	R	K	N	Q	S	T	A	V	L	I	F	Y	W	H	M	C	P
0	0.06223	0.21013	0.02770	0.01897	0.08333	0.02161	0.05744	0.12626	0.07843	0.03064	0.07523	0.02956	0.09091	0.01049	0.00759	0.00237	0.00790	0.00854	0.03978	0.01090
1	0.05619	0.02480	0.05355	0.06079	0.12987	0.20617	0.01686	0.03305	0.23285	0.02762	0.02468	0.02554	0.05255	0.00992	0.00803	0.00254	0.00991	0.00788	0.00584	0.01135
2	0.01880	0.02308	0.14182	0.18083	0.34700	0.05080	0.02438	0.02451	0.01867	0.02574	0.05287	0.02256	0.01598	0.00831	0.00824	0.00255	0.01046	0.00752	0.00422	0.01166
3	0.01734	0.02577	0.23593	0.27768	0.13782	0.01931	0.11945	0.02434	0.01772	0.02458	0.01526	0.02047	0.01145	0.00784	0.00839	0.00268	0.01174	0.00736	0.00377	0.01110
4	0.02023	0.01809	0.01812	0.01639	0.02090	0.05156	0.01270	0.04081	0.55697	0.03298	0.03715	0.03445	0.07904	0.01198	0.00852	0.00278	0.00678	0.00990	0.00818	0.01244
5	0.01174	0.00934	0.01241	0.10764	0.01850	0.00968	0.00970	0.01442	0.01674	0.02194	0.12400	0.08122	0.21993	0.13508	0.16519	0.00600	0.00986	0.01321	0.00617	0.00721
6	0.01098	0.00831	0.00896	0.00886	0.01084	0.00743	0.00624	0.01302	0.01805	0.02330	0.16086	0.06832	0.38025	0.17512	0.01692	0.00391	0.00501	0.01531	0.05157	0.00674
7	0.10278	0.52887	0.07348	0.01501	0.02205	0.05912	0.01477	0.06105	0.01824	0.02381	0.01230	0.01405	0.01068	0.00745	0.00573	0.00197	0.00910	0.00477	0.00404	0.01073
8	0.02040	0.21745	0.03737	0.10702	0.33877	0.02350	0.09247	0.02499	0.01817	0.02427	0.01451	0.01888	0.01216	0.00737	0.00759	0.00234	0.01020	0.00684	0.00392	0.01179
9	0.02381	0.02635	0.02911	0.10874	0.36494	0.25536	0.02184	0.02780	0.02033	0.02405	0.01453	0.01872	0.01205	0.00792	0.00797	0.00238	0.01184	0.00666	0.00413	0.01147
10	0.01371	0.01339	0.08303	0.01336	0.01703	0.01090	0.01160	0.01744	0.01504	0.02276	0.02186	0.05833	0.02008	0.06584	0.34846	0.00801	0.01476	0.00853	0.09102	0.14486
11	0.01355	0.01149	0.01207	0.01139	0.01472	0.01153	0.00870	0.02279	0.22151	0.02761	0.12876	0.06213	0.38739	0.01743	0.00937	0.00279	0.00495	0.01462	0.00811	0.00909
12	0.01162	0.01056	0.05049	0.07173	0.01779	0.00947	0.01084	0.01403	0.01597	0.02187	0.03874	0.54031	0.04489	0.02214	0.01085	0.00323	0.03928	0.01968	0.03906	0.00745
13	0.01032	0.00844	0.00911	0.00894	0.01153	0.00723	0.00670	0.01289	0.02011	0.02524	0.23011	0.07535	0.50515	0.02000	0.00981	0.00276	0.00413	0.01689	0.00808	0.00723
14	0.01569	0.01477	0.02492	0.68808	0.05722	0.01846	0.02307	0.02123	0.01661	0.02123	0.01477	0.02215	0.01107	0.00831	0.00831	0.00277	0.01107	0.00738	0.00369	0.00923
15	0.76672	0.01607	0.01221	0.01092	0.01607	0.01864	0.00900	0.02442	0.01414	0.03727	0.01157	0.01350	0.00900	0.00771	0.00514	0.00257	0.00643	0.00450	0.00514	0.00900
16	0.01569	0.01477	0.02492	0.68808	0.05722	0.01846	0.02307	0.02123	0.01661	0.02123	0.01477	0.02215	0.01107	0.00831	0.00831	0.00277	0.01107	0.00738	0.00369	0.00923
17	0.01113	0.00854	0.01024	0.01003	0.01232	0.00765	0.00767	0.01434	0.02141	0.02847	0.38602	0.07139	0.29819	0.01901	0.00993	0.00278	0.00432	0.06058	0.00848	0.00750
18	0.01666	0.04297	0.66500	0.02368	0.03596	0.01929	0.03069	0.02631	0.01754	0.02631	0.01491	0.01754	0.01052	0.00789	0.00789	0.00263	0.01228	0.00614	0.00351	0.01228
19	0.01819	0.01840	0.03416	0.30689	0.21040	0.01980	0.19590	0.02385	0.01793	0.02428	0.01543	0.02165	0.01206	0.00794	0.00945	0.00273	0.03809	0.00808	0.00395	0.01083
20	0.02021	0.01938	0.03309	0.09682	0.61313	0.01965	0.02532	0.02519	0.01875	0.02671	0.01556	0.02068	0.01301	0.00747	0.00823	0.00249	0.00996	0.00740	0.00408	0.01288
21	0.01675	0.24567	0.02601	0.01928	0.13853	0.01839	0.01321	0.02028	0.02000	0.02655	0.26481	0.03948	0.09555	0.01222	0.00801	0.00232	0.00674	0.01026	0.00619	0.00972
22	0.02004	0.01920	0.03277	0.11939	0.59191	0.01960	0.02524	0.02504	0.01867	0.02651	0.01553	0.02073	0.01294	0.00750	0.00823	0.00250	0.01000	0.00740	0.00407	0.01274
23	0.01940	0.02389	0.09333	0.03420	0.04288	0.02089	0.58322	0.02659	0.01946	0.02659	0.01667	0.02206	0.01246	0.00707	0.00967	0.00279	0.01388	0.00954	0.00415	0.01128
24	0.03158	0.02327	0.02493	0.01911	0.02576	0.02576	0.01579	0.62852	0.03906	0.05236	0.01995	0.01995	0.01413	0.00997	0.00831	0.00249	0.00914	0.00748	0.00831	0.01413
25	0.02007	0.02006	0.03668	0.08358	0.48355	0.01995	0.16122	0.02551	0.01894	0.02668	0.01584	0.02107	0.01292	0.00736	0.00859	0.00256	0.01087	0.00794	0.00411	0.01249
26	0.01569	0.01477	0.02492	0.68808	0.05722	0.01846	0.02307	0.02123	0.01661	0.02123	0.01477	0.02215	0.01107	0.00831	0.00831	0.00277	0.01107	0.00738	0.00369	0.00923
27	0.00982	0.00842	0.00842	0.00842	0.01122	0.00701	0.00631	0.01192	0.01894	0.02244	0.08416	0.07995	0.65285	0.02104	0.00982	0.00281	0.00421	0.01753	0.00771	0.00701
28	0.01146	0.00809	0.00895	0.00906	0.00972	0.00774	0.00548	0.01202	0.01385	0.01783	0.04041	0.09699	0.17247	0.51387	0.03314	0.00660	0.00700	0.01397	0.00579	0.00558
29	0.01012	0.00723	0.00964	0.01157	0.01205	0.00675	0.00771	0.01157	0.01591	0.02121	0.04579	0.70262	0.05495	0.02603	0.01060	0.00337	0.00482	0.02362	0.00771	0.00675
30	0.01346	0.01116	0.01774	0.18664	0.07169	0.01310	0.01468	0.01722	0.01458	0.02034	0.01988	0.02912	0.01777	0.04470	0.45856	0.00989	0.01854	0.00841	0.00423	0.00829
31	0.01039	0.00754	0.00981	0.01115	0.01205	0.00696	0.00763	0.01231	0.01745	0.02341	0.15431	0.54604	0.10205	0.02409	0.01041	0.00320	0.00462	0.02168	0.00796	0.00696
32	0.01569	0.01477	0.02492	0.68808	0.05722	0.01846	0.02307	0.02123	0.01661	0.02123	0.01477	0.02215	0.01107	0.00831	0.00831	0.00277	0.01107	0.00738	0.00369	0.00923
33	0.01723	0.01860	0.03915	0.02914	0.03555	0.01743	0.47103	0.02284	0.01868	0.02526	0.02407	0.19294	0.02322	0.01177	0.01000	0.00294	0.01170	0.01327	0.00508	0.01009
34	0.02537	0.28912	0.11899	0.01867	0.02530	0.26787	0.01723	0.07496	0.04781	0.02391	0.01408	0.01578	0.01155	0.00815	0.00684	0.00213	0.01153	0.00545	0.00439	0.01087
35	0.33027	0.02103	0.01837	0.10179	0.02481	0.14473	0.01349	0.13185	0.02060	0.03300	0.01468	0.01778	0.01157	0.01332	0.06749	0.00348	0.01058	0.00596	0.00529	0.00991
36	0.76672	0.01607	0.01221	0.01092	0.01607	0.01864	0.00900	0.02442	0.01414	0.03727	0.01157	0.01350	0.00900	0.00771	0.00514	0.00257	0.00643	0.00450	0.00514	0.00900
37	0.01130	0.00832	0.01055	0.01127	0.01285	0.00774	0.00846	0.01396	0.01905	0.02533	0.22519	0.24722	0.16671	0.06233	0.01228	0.00342	0.00520	0.13368	0.00795	0.00719
38	0.01187	0.00890	0.01335	0.01335	0.01483	0.01038	0.01038	0.01483	0.01335	0.01928	0.02225	0.03264	0.02077	0.06231	0.67512	0.01335	0.02225	0.00890	0.00445	0.00742
39	0.01001	0.00765	0.00920	0.01044	0.01175	0.00684	0.00721	0.01169	0.01699	0.02165	0.05950	0.48007	0.26865	0.02424	0.01032	0.00317	0.00460	0.02144	0.00771	0.00684
40	0.01781	0.01529	0.01610	0.01470	0.01884	0.01700	0.01136	0.03558	0.47256	0.03192	0.07393	0.04345	0.16886	0.01373	0.00882	0.00281	0.00592	0.01148	0.00832	0.01152
41	0.01549	0.00774	0.00774	0.00774	0.00968	0.00774	0.00581	0.01936	0.01742	0.03097	0.02710	0.03097	0.02129	0.00968	0.00581	0.00194	0.00387	0.00774	0.75416	0.00774
42	0.01522	0.00928	0.01211	0.01096	0.01358	0.00841	0.00837	0.01896	0.02333	0.12050	0.53781	0.05821	0.09830	0.01625	0.00960	0.00262	0.00437	0.01422	0.00923	0.00868
43	0.01187	0.00890	0.01335	0.01335	0.01483	0.01038	0.01038	0.01483	0.01335	0.01928	0.02225	0.03264	0.02077	0.06231	0.67512	0.01335	0.02225	0.00890	0.00445	0.00742
44	0.01666	0.04297	0.66500	0.02368	0.03596	0.01929	0.03069	0.02631	0.01754	0.02631	0.01491	0.01754	0.01052	0.00789	0.00789	0.00263	0.01228	0.00614	0.00351	0.01228
45	0.02056	0.01974	0.03372	0.05099	0.65622	0.01974	0.02550	0.02550	0.01892	0.02714	0.01563	0.02056	0.01316	0.00740	0.00822	0.00247	0.00987	0.00740	0.00411	0.01316
46	0.01990	0.02065	0.05868	0.17599	0.48075	0.04944	0.02480	0.02503	0.01861	0.02561	0.01530	0.02049	0.01252	0.00766	0.00819	0.00252	0.01045	0.00725	0.00401	0.01217

[dist]
# distance from previous block
# <min> <max>
3	18

[block]
# block no. 5 follows, 22 sequences, length 80
# corresponding to MSA columns:
# 459-538
name=unknown_F
#
# <colnr> <probs for GDERKNQSTAVLIFYWHMCP>
#	G	D	E	R	K	N	Q	S	T	A	V	L	I	F	Y	W	H	M	C	P
0	0.04616	0.02496	0.24089	0.07205	0.13932	0.01734	0.10923	0.02425	0.01746	0.05222	0.01758	0.02235	0.01376	0.01674	0.11689	0.00435	0.01289	0.00751	0.03299	0.01105
1	0.18348	0.02389	0.18944	0.07465	0.06338	0.05048	0.01774	0.07483	0.01845	0.02941	0.01668	0.06627	0.01426	0.01020	0.00857	0.04009	0.00913	0.00718	0.00484	0.09705
2	0.06755	0.02438	0.24942	0.06920	0.07733	0.01586	0.09276	0.02275	0.01810	0.05798	0.03161	0.07156	0.14337	0.01159	0.00856	0.00272	0.00949	0.01008	0.00520	0.01049
3	0.02182	0.66547	0.08765	0.01489	0.02236	0.03191	0.01538	0.02498	0.01693	0.02003	0.01179	0.01363	0.01065	0.00716	0.00551	0.00184	0.00913	0.00456	0.00355	0.01078
4	0.02201	0.18610	0.25339	0.02003	0.02762	0.15499	0.02068	0.06812	0.01957	0.02477	0.01366	0.01630	0.01097	0.00861	0.00923	0.00237	0.08339	0.00575	0.00409	0.04834
5	0.01210	0.00874	0.01185	0.01363	0.01515	0.00849	0.01109	0.01504	0.01808	0.02352	0.04730	0.28808	0.09125	0.02381	0.01108	0.00361	0.00651	0.37570	0.00767	0.00732
6	0.01220	0.00928	0.01353	0.01335	0.01462	0.01091	0.01025	0.01482	0.01320	0.01901	0.02207	0.03404	0.02120	0.12308	0.58099	0.01235	0.05424	0.00913	0.00447	0.00727
7	0.02316	0.01898	0.02424	0.02735	0.21153	0.02059	0.01731	0.15024	0.28960	0.06177	0.02606	0.02804	0.02021	0.01027	0.00847	0.00268	0.00811	0.03103	0.00718	0.01317
8	0.01187	0.00890	0.01335	0.01335	0.01483	0.01038	0.01038	0.01483	0.01335	0.01928	0.02225	0.03264	0.02077	0.06231	0.67512	0.01335	0.02225	0.00890	0.00445	0.00742
9	0.00982	0.00842	0.00842	0.00842	0.01122	0.00701	0.00631	0.01192	0.01894	0.02244	0.08416	0.07995	0.65285	0.02104	0.00982	0.00281	0.00421	0.01753	0.00771	0.00701
10	0.02056	0.01974	0.03372	0.05099	0.65622	0.01974	0.02550	0.02550	0.01892	0.02714	0.01563	0.02056	0.01316	0.00740	0.00822	0.00247	0.00987	0.00740	0.00411	0.01316
11	0.02771	0.03217	0.02613	0.02903	0.19572	0.42674	0.01844	0.06645	0.05455	0.02477	0.01507	0.01759	0.01231	0.00847	0.00779	0.00228	0.01283	0.00623	0.00468	0.01102
12	0.01002	0.00764	0.00922	0.01048	0.01176	0.00684	0.00723	0.01169	0.01696	0.02163	0.05908	0.48688	0.26211	0.02430	0.01033	0.00318	0.00461	0.02151	0.00771	0.00684
13	0.01891	0.01806	0.03074	0.26633	0.45375	0.01931	0.02468	0.02405	0.01814	0.02514	0.01534	0.02110	0.01245	0.00771	0.00825	0.00257	0.01028	0.00740	0.00397	0.01183
14	0.03029	0.03818	0.02426	0.02350	0.07045	0.62819	0.01672	0.03263	0.02321	0.02082	0.01304	0.01538	0.01088	0.00848	0.00754	0.00216	0.01462	0.00550	0.00427	0.00988
15	0.01666	0.04297	0.66500	0.02368	0.03596	0.01929	0.03069	0.02631	0.01754	0.02631	0.01491	0.01754	0.01052	0.00789	0.00789	0.00263	0.01228	0.00614	0.00351	0.01228
16	0.02943	0.02220	0.02372	0.01868	0.02494	0.02476	0.01527	0.51347	0.15761	0.04889	0.02268	0.02212	0.01634	0.01023	0.00834	0.00256	0.00864	0.00786	0.00834	0.01394
17	0.01163	0.00849	0.01092	0.01031	0.01233	0.00778	0.00773	0.01542	0.02320	0.03257	0.61323	0.06327	0.11746	0.01726	0.00980	0.00263	0.00394	0.01519	0.00905	0.00778
18	0.01123	0.00847	0.01037	0.00990	0.01209	0.00761	0.00742	0.01465	0.02227	0.03035	0.49722	0.06693	0.23486	0.01809	0.00980	0.00267	0.00400	0.01571	0.00876	0.00761
19	0.02221	0.71304	0.04353	0.01421	0.02132	0.03287	0.01421	0.02488	0.01688	0.01955	0.01155	0.01333	0.01066	0.00711	0.00533	0.00178	0.00888	0.00444	0.00355	0.01066
20	0.01035	0.00844	0.00915	0.00897	0.01155	0.00724	0.00673	0.01295	0.02019	0.02543	0.23998	0.07504	0.49516	0.01993	0.00981	0.00275	0.00413	0.01684	0.00811	0.00724
21	0.01211	0.00969	0.01180	0.05840	0.01595	0.00938	0.00884	0.01716	0.07306	0.02884	0.35991	0.06278	0.26657	0.01728	0.00959	0.00271	0.00475	0.01487	0.00821	0.00810
22	0.76672	0.01607	0.01221	0.01092	0.01607	0.01864	0.00900	0.02442	0.01414	0.03727	0.01157	0.01350	0.00900	0.00771	0.00514	0.00257	0.00643	0.00450	0.00514	0.00900
23	0.02088	0.02258	0.02611	0.28504	0.14053	0.18756	0.02073	0.02474	0.01801	0.02173	0.01367	0.01929	0.01129	0.00942	0.01174	0.00273	0.14325	0.00685	0.00390	0.00995
24	0.01077	0.00845	0.00974	0.00942	0.01181	0.00742	0.00706	0.01377	0.02119	0.02780	0.36377	0.07114	0.36990	0.01904	0.00981	0.00271	0.00407	0.01630	0.00842	0.00742
25	0.02056	0.01974	0.03372	0.05099	0.65622	0.01974	0.02550	0.02550	0.01892	0.02714	0.01563	0.02056	0.01316	0.00740	0.00822	0.00247	0.00987	0.00740	0.00411	0.01316
26	0.01074	0.00815	0.00990	0.01010	0.01195	0.00731	0.00733	0.01347	0.02017	0.02688	0.32272	0.22912	0.25090	0.02052	0.01001	0.00286	0.00424	0.01797	0.00834	0.00731
27	0.02071	0.02239	0.02507	0.02173	0.02257	0.15326	0.01776	0.02259	0.01485	0.02006	0.01129	0.01755	0.01086	0.01336	0.02337	0.00334	0.55939	0.00689	0.00376	0.00919
28	0.61983	0.01679	0.01644	0.01881	0.14209	0.01885	0.01224	0.02463	0.01508	0.03528	0.01237	0.01489	0.00982	0.00765	0.00575	0.00255	0.00710	0.00507	0.00494	0.00982
29	0.05093	0.32774	0.03309	0.02386	0.17825	0.06968	0.01642	0.02810	0.11722	0.02472	0.01925	0.02086	0.04063	0.00855	0.00687	0.00221	0.00888	0.00658	0.00476	0.01139
30	0.01010	0.00733	0.00954	0.01130	0.01198	0.00677	0.00759	0.01160	0.01616	0.02131	0.04899	0.65060	0.10490	0.02561	0.01054	0.00333	0.00477	0.02311	0.00771	0.00677
31	0.01562	0.01324	0.01942	0.01676	0.01966	0.01481	0.07860	0.07327	0.06046	0.02589	0.09265	0.03528	0.07157	0.03480	0.30369	0.00748	0.09208	0.01001	0.00569	0.00902
32	0.01869	0.01792	0.03045	0.28723	0.36905	0.01937	0.05445	0.02488	0.04906	0.02528	0.01627	0.02177	0.01296	0.00791	0.00835	0.00261	0.01037	0.00762	0.00418	0.01159
33	0.01671	0.01283	0.01610	0.01448	0.01579	0.01578	0.01164	0.04893	0.01643	0.02584	0.02411	0.03310	0.05102	0.06132	0.01754	0.00322	0.27904	0.04297	0.28477	0.00837
34	0.06044	0.08834	0.02828	0.14701	0.12984	0.18534	0.06583	0.07898	0.08713	0.02703	0.01658	0.01963	0.01306	0.00844	0.00779	0.00245	0.01102	0.00687	0.00490	0.01104
35	0.06443	0.00891	0.00995	0.00971	0.01215	0.00818	0.00727	0.01444	0.02041	0.02820	0.32661	0.10970	0.31327	0.01864	0.00953	0.00274	0.00428	0.01592	0.00816	0.00750
36	0.01879	0.01569	0.01807	0.01305	0.02035	0.01268	0.01049	0.08726	0.01961	0.02983	0.01533	0.01752	0.01250	0.00657	0.00639	0.00137	0.00648	0.00520	0.00529	0.67751
37	0.01480	0.01189	0.01590	0.01462	0.01571	0.01443	0.01119	0.05781	0.01464	0.02089	0.02043	0.03413	0.02048	0.22081	0.30364	0.00885	0.17820	0.00927	0.00468	0.00764
38	0.01040	0.00809	0.00945	0.00984	0.01176	0.00715	0.00710	0.01278	0.01923	0.02485	0.21753	0.25524	0.33397	0.02145	0.01004	0.00292	0.00431	0.01865	0.00808	0.00715
39	0.01666	0.04297	0.66500	0.02368	0.03596	0.01929	0.03069	0.02631	0.01754	0.02631	0.01491	0.01754	0.01052	0.00789	0.00789	0.00263	0.01228	0.00614	0.00351	0.01228
40	0.03158	0.02327	0.02493	0.01911	0.02576	0.02576	0.01579	0.62852	0.03906	0.05236	0.01995	0.01995	0.01413	0.00997	0.00831	0.00249	0.00914	0.00748	0.00831	0.01413
41	0.01064	0.00814	0.00949	0.01006	0.01176	0.00734	0.00722	0.01267	0.01791	0.02288	0.13315	0.24298	0.31057	0.09976	0.01381	0.00360	0.00501	0.05858	0.00758	0.00686
42	0.01179	0.00923	0.01329	0.05265	0.01658	0.01040	0.01052	0.01410	0.01469	0.02036	0.03196	0.34663	0.03549	0.03806	0.26879	0.00722	0.06940	0.01561	0.00588	0.00735
43	0.03103	0.03959	0.02354	0.02140	0.02568	0.67469	0.01605	0.03317	0.02354	0.02033	0.01284	0.01498	0.01070	0.00856	0.00749	0.00214	0.01498	0.00535	0.00428	0.00963
44	0.01861	0.02936	0.25722	0.03118	0.04090	0.02043	0.42482	0.02651	0.01891	0.02651	0.01617	0.02076	0.01190	0.00730	0.00916	0.00274	0.01342	0.00857	0.00397	0.01157
45	0.01963	0.01869	0.03127	0.17160	0.50900	0.01954	0.02440	0.02562	0.05005	0.02639	0.01638	0.02140	0.01338	0.00777	0.00825	0.00254	0.00993	0.00750	0.00425	0.01240
46	0.01820	0.01191	0.01459	0.14414	0.02239	0.01300	0.01128	0.08866	0.06876	0.05606	0.07806	0.03059	0.02367	0.01021	0.00722	0.00231	0.00620	0.00842	0.37492	0.00941
47	0.01003	0.00815	0.00889	0.00928	0.01150	0.00701	0.00674	0.01211	0.01856	0.02293	0.11565	0.22163	0.47480	0.02190	0.01000	0.00292	0.00433	0.01875	0.00782	0.00701
48	0.01666	0.04297	0.66500	0.02368	0.03596	0.01929	0.03069	0.02631	0.01754	0.02631	0.01491	0.01754	0.01052	0.00789	0.00789	0.00263	0.01228	0.00614	0.00351	0.01228
49	0.01012	0.00837	0.00887	0.00887	0.01144	0.00712	0.00660	0.01245	0.01945	0.02396	0.16470	0.10894	0.53904	0.02070	0.00986	0.00281	0.00420	0.01748	0.00792	0.00712
50	0.01316	0.01120	0.01843	0.01549	0.01866	0.01040	0.12973	0.01741	0.02174	0.03011	0.42157	0.10047	0.09587	0.01617	0.00994	0.00277	0.00617	0.04443	0.00791	0.00837
51	0.01216	0.00874	0.01028	0.00973	0.01231	0.00768	0.00736	0.01521	0.02142	0.06020	0.35895	0.06858	0.34006	0.01851	0.00973	0.00270	0.00421	0.01584	0.00854	0.00778
52	0.02003	0.07116	0.15379	0.08286	0.15139	0.01916	0.01962	0.07196	0.08478	0.07110	0.02133	0.07972	0.01836	0.04589	0.01104	0.00295	0.04920	0.00880	0.00544	0.01142
53	0.02703	0.02567	0.03081	0.02528	0.06675	0.15161	0.17009	0.28282	0.07267	0.03684	0.01849	0.02041	0.01381	0.00889	0.00853	0.00252	0.01138	0.00778	0.00625	0.01238
54	0.01008	0.00843	0.00878	0.00870	0.01138	0.00713	0.00652	0.01244	0.01956	0.02393	0.16206	0.07749	0.57402	0.02048	0.00982	0.00278	0.00417	0.01719	0.00791	0.00713
55	0.01851	0.12085	0.02457	0.16657	0.02837	0.05255	0.04530	0.09224	0.01828	0.02375	0.01754	0.02612	0.01580	0.10998	0.14509	0.00539	0.06739	0.00787	0.00459	0.00923
56	0.01649	0.01010	0.01286	0.01626	0.13696	0.01010	0.00968	0.02057	0.01772	0.03022	0.02484	0.02892	0.01969	0.00923	0.00628	0.00204	0.00505	0.00768	0.60650	0.00881
57	0.01007	0.00826	0.00887	0.00907	0.01146	0.00706	0.00667	0.01227	0.01900	0.02343	0.13933	0.16460	0.50851	0.02130	0.00993	0.00286	0.00426	0.01811	0.00787	0.00706
58	0.03227	0.02217	0.02425	0.01859	0.02521	0.02413	0.01536	0.55773	0.03722	0.12574	0.02149	0.02095	0.01490	0.01001	0.00832	0.00250	0.00889	0.00758	0.00855	0.01413
59	0.01666	0.04297	0.66500	0.02368	0.03596	0.01929	0.03069	0.02631	0.01754	0.02631	0.01491	0.01754	0.01052	0.00789	0.00789	0.00263	0.01228	0.00614	0.00351	0.01228
60	0.03290	0.02115	0.02362	0.01811	0.02470	0.02261	0.01496	0.49173	0.03550	0.19417	0.02293	0.02188	0.01563	0.01004	0.00832	0.00251	0.00866	0.00768	0.00877	0.01413
61	0.01204	0.00822	0.00991	0.00991	0.01020	0.00851	0.00609	0.01262	0.01233	0.01673	0.02540	0.05009	0.02835	0.58092	0.16687	0.00910	0.01085	0.01145	0.00492	0.00550
62	0.01643	0.19842	0.02132	0.01313	0.01627	0.01625	0.01085	0.01895	0.01486	0.06343	0.02061	0.02996	0.01926	0.12746	0.36702	0.00881	0.01577	0.00808	0.00469	0.00845
63	0.02308	0.35244	0.03069	0.01567	0.02100	0.19422	0.01354	0.06628	0.02143	0.02469	0.13851	0.02380	0.02424	0.00962	0.00697	0.00208	0.00951	0.00697	0.00517	0.01007
64	0.01404	0.01150	0.01357	0.01098	0.01570	0.00925	0.00853	0.01753	0.01966	0.02835	0.24260	0.04368	0.15007	0.01250	0.00805	0.00198	0.00505	0.01061	0.00685	0.36951
65	0.01723	0.01477	0.01723	0.01230	0.01969	0.01107	0.00984	0.02092	0.01723	0.02707	0.01477	0.01723	0.01230	0.00615	0.00615	0.00123	0.00615	0.00492	0.00492	0.75883
66	0.01078	0.00821	0.00967	0.00977	0.01162	0.00736	0.00701	0.01325	0.01950	0.02568	0.28096	0.17952	0.28465	0.07917	0.01272	0.00328	0.00454	0.01720	0.00801	0.00710
67	0.01320	0.01000	0.01237	0.01326	0.01545	0.00991	0.01067	0.04262	0.06656	0.02543	0.05123	0.22069	0.17618	0.02180	0.01056	0.00337	0.00625	0.27469	0.00777	0.00800
68	0.01209	0.00970	0.01128	0.01004	0.01339	0.00816	0.00765	0.01528	0.02053	0.02794	0.30980	0.06006	0.28458	0.01640	0.00909	0.00241	0.00447	0.01399	0.00777	0.15537
69	0.03107	0.03846	0.02364	0.02124	0.02569	0.62978	0.01603	0.07438	0.02462	0.02255	0.01333	0.01532	0.01094	0.00866	0.00755	0.00216	0.01458	0.00550	0.00456	0.00994
70	0.02025	0.47615	0.26324	0.01756	0.02650	0.02807	0.02004	0.02538	0.01711	0.02194	0.01274	0.01482	0.01061	0.00738	0.00624	0.00208	0.01008	0.00504	0.00354	0.01123
71	0.22409	0.01970	0.01694	0.01466	0.01906	0.12256	0.01145	0.18465	0.04553	0.03490	0.07444	0.05529	0.06940	0.06079	0.01007	0.00293	0.00820	0.00875	0.00658	0.01000
72	0.01880	0.15561	0.02480	0.19536	0.02999	0.01945	0.01507	0.08893	0.06379	0.02707	0.06076	0.02343	0.01805	0.01314	0.06310	0.00311	0.00957	0.00712	0.00519	0.15766
73	0.01907	0.01170	0.01449	0.01270	0.01544	0.01165	0.00952	0.06219	0.01875	0.15203	0.08494	0.09142	0.07683	0.22692	0.02069	0.00437	0.06413	0.03640	0.00704	0.05972
74	0.06555	0.01121	0.01263	0.01263	0.01348	0.03913	0.00896	0.01538	0.01466	0.02137	0.02987	0.29509	0.03387	0.20643	0.02103	0.00448	0.11572	0.01471	0.05678	0.00700
75	0.08159	0.01750	0.01763	0.14727	0.02535	0.13341	0.01332	0.02508	0.14236	0.02414	0.06199	0.02551	0.01927	0.01502	0.01452	0.20572	0.00895	0.00766	0.00523	0.00846
76	0.02403	0.07812	0.11703	0.06625	0.02870	0.07466	0.09125	0.03184	0.11834	0.17811	0.02379	0.02780	0.01814	0.01017	0.00904	0.00268	0.03398	0.04797	0.00637	0.01174
77	0.07707	0.01990	0.02149	0.05023	0.12378	0.12181	0.01540	0.10241	0.08873	0.15718	0.02494	0.08309	0.02081	0.01141	0.00835	0.00265	0.00895	0.04330	0.00691	0.01160
78	0.15063	0.01627	0.07833	0.09363	0.06080	0.01528	0.04508	0.01972	0.01725	0.02627	0.05883	0.04358	0.17415	0.01383	0.01056	0.00292	0.07992	0.07832	0.00563	0.00901
79	0.07115	0.01985	0.07713	0.06754	0.08454	0.08735	0.11252	0.02531	0.06515	0.07519	0.06888	0.15820	0.02648	0.01244	0.00877	0.00275	0.00925	0.01121	0.00600	0.01027

[dist]
# distance from previous block
# <min> <max>
23	191

[block]
# block no. 6 follows, 22 sequences, length 7
# corresponding to MSA columns:
# 748-754
name=unknown_G
#
# <colnr> <probs for GDERKNQSTAVLIFYWHMCP>
#	G	D	E	R	K	N	Q	S	T	A	V	L	I	F	Y	W	H	M	C	P
0	0.10703	0.01925	0.02279	0.05621	0.08748	0.07772	0.05262	0.12705	0.06293	0.03107	0.07709	0.02824	0.07259	0.01148	0.01150	0.00276	0.12711	0.00867	0.00589	0.01052
1	0.14795	0.12708	0.02140	0.04908	0.02096	0.05502	0.01271	0.09007	0.11570	0.03008	0.05835	0.07175	0.05384	0.01164	0.00923	0.00260	0.06987	0.00870	0.03382	0.01014
2	0.17540	0.17237	0.10731	0.01683	0.02302	0.14461	0.01547	0.05046	0.06510	0.02728	0.01446	0.01645	0.01170	0.00844	0.00791	0.00230	0.05514	0.00556	0.00468	0.07551
3	0.21935	0.06733	0.02184	0.05777	0.11830	0.10043	0.01489	0.13417	0.02165	0.03219	0.02208	0.02778	0.06241	0.01039	0.00752	0.00256	0.00886	0.05429	0.00566	0.01051
4	0.13321	0.08272	0.01980	0.01579	0.01993	0.28410	0.01220	0.02792	0.06252	0.06724	0.07177	0.02748	0.05216	0.07676	0.01072	0.00288	0.01001	0.00767	0.00567	0.00945
5	0.02368	0.01685	0.01782	0.07320	0.02217	0.10012	0.01241	0.09177	0.07408	0.18426	0.05277	0.03487	0.08177	0.09487	0.07825	0.00425	0.00986	0.00946	0.00711	0.01044
6	0.01789	0.02691	0.23721	0.21081	0.06757	0.08048	0.07531	0.02421	0.01775	0.02391	0.01541	0.02026	0.01192	0.01191	0.05807	0.00332	0.01247	0.00689	0.00391	0.07379

[dist]
# distance from previous block
# <min> <max>
0	5

[block]
# block no. 7 follows, 22 sequences, length 63
# corresponding to MSA columns:
# 760-822
name=unknown_H
#
# <colnr> <probs for GDERKNQSTAVLIFYWHMCP>
#	G	D	E	R	K	N	Q	S	T	A	V	L	I	F	Y	W	H	M	C	P
0	0.02867	0.03512	0.02584	0.02807	0.16781	0.52706	0.01818	0.03144	0.02250	0.02187	0.01347	0.01624	0.01125	0.00830	0.00766	0.00221	0.01383	0.00581	0.00424	0.01043
1	0.02329	0.02197	0.02056	0.05383	0.02463	0.13348	0.01445	0.10051	0.44032	0.03334	0.02778	0.02664	0.02093	0.01051	0.00827	0.00267	0.00852	0.00840	0.00747	0.01243
2	0.02793	0.03620	0.16849	0.02133	0.02802	0.36196	0.01929	0.18300	0.02613	0.02982	0.01511	0.01682	0.01153	0.00877	0.00779	0.00234	0.01289	0.00607	0.00513	0.01137
3	0.01534	0.03390	0.48209	0.02175	0.06468	0.01655	0.02491	0.02302	0.01793	0.02548	0.03056	0.03177	0.15546	0.01083	0.00835	0.00266	0.01033	0.00878	0.00449	0.01114
4	0.02233	0.02792	0.16483	0.01840	0.02406	0.20937	0.01704	0.09651	0.02324	0.05903	0.15805	0.03003	0.05375	0.01136	0.00939	0.00253	0.04701	0.00866	0.00604	0.01044
5	0.01061	0.00840	0.01014	0.01063	0.01265	0.00792	0.00803	0.01293	0.01715	0.02170	0.06018	0.18228	0.35579	0.03139	0.16006	0.00536	0.00865	0.06206	0.00697	0.00711
6	0.01496	0.01085	0.01309	0.01327	0.01514	0.01103	0.00953	0.15064	0.02112	0.02823	0.03996	0.54874	0.04574	0.02241	0.01009	0.00318	0.00579	0.01998	0.00785	0.00841
7	0.01934	0.02309	0.14067	0.09267	0.46998	0.01910	0.02537	0.02507	0.01841	0.02654	0.01539	0.01998	0.01250	0.00749	0.00806	0.00245	0.01018	0.00705	0.00402	0.05262
8	0.01907	0.01478	0.01547	0.01440	0.01733	0.07725	0.01090	0.15687	0.02387	0.06777	0.14271	0.30151	0.04314	0.01801	0.00954	0.00289	0.00689	0.04033	0.00791	0.00937
9	0.01953	0.18083	0.14350	0.02677	0.03440	0.02399	0.31277	0.02530	0.01776	0.02410	0.01454	0.01902	0.01161	0.00816	0.01078	0.00265	0.10176	0.00767	0.00387	0.01098
10	0.02309	0.02657	0.02248	0.02017	0.02242	0.32563	0.01585	0.02525	0.01788	0.02003	0.01376	0.01917	0.01251	0.01996	0.12940	0.00461	0.26146	0.00666	0.00408	0.00905
11	0.01494	0.01042	0.01216	0.01048	0.01313	0.00916	0.00702	0.01631	0.01446	0.05429	0.02384	0.06925	0.02521	0.42419	0.02792	0.00545	0.00727	0.01016	0.00539	0.23894
12	0.02068	0.01309	0.01385	0.01182	0.01537	0.01389	0.00936	0.22659	0.02526	0.03843	0.07217	0.02958	0.02319	0.01033	0.00696	0.00218	0.00567	0.00821	0.44343	0.00993
13	0.01012	0.00723	0.00964	0.01157	0.01205	0.00675	0.00771	0.01157	0.01591	0.02121	0.04579	0.70262	0.05495	0.02603	0.01060	0.00337	0.00482	0.02362	0.00771	0.00675
14	0.02606	0.11071	0.02660	0.02048	0.02398	0.34193	0.01647	0.07980	0.02076	0.02291	0.01271	0.01621	0.01106	0.01036	0.01343	0.00259	0.22359	0.00602	0.00435	0.00997
15	0.01678	0.01656	0.01819	0.01689	0.01848	0.12904	0.01334	0.01932	0.01495	0.01965	0.01774	0.02591	0.01652	0.04087	0.39500	0.00894	0.19150	0.00787	0.00421	0.00822
16	0.01569	0.01477	0.02492	0.68808	0.05722	0.01846	0.02307	0.02123	0.01661	0.02123	0.01477	0.02215	0.01107	0.00831	0.00831	0.00277	0.01107	0.00738	0.00369	0.00923
17	0.02776	0.03415	0.02403	0.02151	0.02470	0.50961	0.01659	0.02982	0.02079	0.02025	0.01235	0.01579	0.01075	0.01008	0.01252	0.00252	0.18733	0.00584	0.00412	0.00949
18	0.02452	0.01739	0.01980	0.01547	0.02138	0.01746	0.01257	0.29728	0.02746	0.09960	0.02504	0.02613	0.06365	0.01603	0.08627	0.00348	0.00934	0.00785	0.00714	0.20215
19	0.01084	0.00858	0.00984	0.00987	0.01231	0.00758	0.00764	0.01371	0.02035	0.02604	0.25165	0.07620	0.40451	0.02004	0.01001	0.00287	0.00454	0.08793	0.00814	0.00734
20	0.02944	0.03713	0.02248	0.02065	0.02465	0.62390	0.01542	0.03153	0.02296	0.02040	0.01535	0.06727	0.01407	0.00989	0.00773	0.00223	0.01421	0.00674	0.00454	0.00941
21	0.02001	0.02165	0.03054	0.02474	0.02714	0.10077	0.15495	0.02303	0.01555	0.02152	0.01246	0.01875	0.01126	0.01214	0.02100	0.00327	0.46014	0.00762	0.00384	0.00963
22	0.01028	0.00777	0.00955	0.01090	0.01219	0.00704	0.00772	0.01210	0.01707	0.02186	0.05728	0.46764	0.23557	0.02428	0.01043	0.00324	0.00485	0.06563	0.00771	0.00690
23	0.01026	0.00829	0.00913	0.00922	0.01157	0.00716	0.00680	0.01268	0.01955	0.02460	0.19979	0.14936	0.46098	0.02077	0.00991	0.00283	0.00422	0.01772	0.00802	0.00716
24	0.01182	0.00801	0.00937	0.00951	0.00980	0.00788	0.00567	0.01245	0.01386	0.01871	0.10196	0.12927	0.03869	0.54895	0.03485	0.00688	0.00720	0.01374	0.00582	0.00556
25	0.02383	0.03083	0.08852	0.02311	0.02855	0.35503	0.14696	0.02788	0.02033	0.02206	0.01555	0.01993	0.01287	0.01764	0.12576	0.00431	0.01580	0.00700	0.00422	0.00983
26	0.01065	0.00821	0.00985	0.01080	0.01261	0.00741	0.00810	0.01293	0.01818	0.02304	0.09542	0.29490	0.31102	0.02286	0.01037	0.00317	0.00500	0.12062	0.00778	0.00708
27	0.02056	0.01974	0.03372	0.05099	0.65622	0.01974	0.02550	0.02550	0.01892	0.02714	0.01563	0.02056	0.01316	0.00740	0.00822	0.00247	0.00987	0.00740	0.00411	0.01316
28	0.11783	0.02747	0.02301	0.01886	0.02460	0.22572	0.01507	0.37329	0.03133	0.04067	0.01676	0.01765	0.01246	0.00927	0.00768	0.00239	0.01063	0.00647	0.00669	0.01213
29	0.01879	0.01833	0.02487	0.24940	0.23965	0.09423	0.01994	0.04937	0.01905	0.02444	0.02066	0.14372	0.01978	0.01132	0.00860	0.00269	0.00992	0.01009	0.00483	0.01033
30	0.01046	0.00817	0.00949	0.00974	0.01176	0.00720	0.00708	0.01295	0.01959	0.02536	0.24238	0.21745	0.34674	0.02099	0.00999	0.00288	0.00426	0.01819	0.00813	0.00720
31	0.02437	0.01406	0.01628	0.01344	0.01787	0.01388	0.01048	0.16240	0.06076	0.22863	0.04035	0.04280	0.16362	0.13574	0.01466	0.00359	0.00704	0.01094	0.00822	0.01087
32	0.01940	0.02213	0.07445	0.03556	0.17715	0.02145	0.34595	0.02512	0.01806	0.02549	0.01535	0.02095	0.01230	0.00854	0.01258	0.00287	0.13872	0.00860	0.00404	0.01131
33	0.01891	0.01866	0.03357	0.24301	0.37137	0.01956	0.12453	0.02438	0.01833	0.02524	0.01556	0.02135	0.01243	0.00761	0.00851	0.00261	0.01092	0.00780	0.00400	0.01163
