[name]
unknown

[dist]
# distance from previous block
# <min> <max>
0	5

[block]
# block no. 0 follows, 19 sequences, length 7
# corresponding to MSA columns:
# 5-11
name=unknown_A
#
# <colnr> <probs for GDERKNQSTAVLIFYWHMCP>
#	G	D	E	R	K	N	Q	S	T	A	V	L	I	F	Y	W	H	M	C	P
0	0.01520	0.01151	0.01577	0.10166	0.02213	0.01271	0.01293	0.05622	0.01872	0.02554	0.03377	0.20514	0.03592	0.09381	0.11017	0.00562	0.04230	0.12699	0.04543	0.00846
1	0.01665	0.01494	0.01604	0.01439	0.01759	0.06972	0.01058	0.01887	0.01739	0.02387	0.02822	0.24405	0.03107	0.11591	0.01642	0.00353	0.07374	0.01343	0.00611	0.24750
2	0.01328	0.01087	0.01094	0.01146	0.01256	0.05347	0.00749	0.01440	0.01671	0.02084	0.04649	0.26773	0.15675	0.28823	0.02464	0.00543	0.00723	0.01779	0.00689	0.00681
3	0.01288	0.00912	0.01198	0.01212	0.01378	0.00970	0.00905	0.01565	0.01601	0.02290	0.03736	0.08869	0.12144	0.10789	0.35756	0.00958	0.01538	0.01227	0.10896	0.00768
4	0.06763	0.01359	0.01686	0.01462	0.01919	0.01312	0.01143	0.03304	0.11649	0.29390	0.13760	0.15356	0.03960	0.01538	0.00952	0.00297	0.00647	0.01314	0.00974	0.01214
5	0.02200	0.01555	0.01774	0.01560	0.01984	0.01641	0.01212	0.14546	0.18981	0.09789	0.15944	0.14281	0.07490	0.01612	0.00981	0.00299	0.00666	0.01375	0.00925	0.01184
6	0.01169	0.00826	0.01001	0.01106	0.01163	0.00784	0.00703	0.01271	0.01585	0.02083	0.04520	0.37769	0.10553	0.28431	0.02466	0.00554	0.00648	0.01993	0.00718	0.00657

[dist]
# distance from previous block
# <min> <max>
5	12

[block]
# block no. 1 follows, 19 sequences, length 6
# corresponding to MSA columns:
# 24-29
name=unknown_B
#
# <colnr> <probs for GDERKNQSTAVLIFYWHMCP>
#	G	D	E	R	K	N	Q	S	T	A	V	L	I	F	Y	W	H	M	C	P
0	0.02257	0.01109	0.01492	0.01336	0.01679	0.01110	0.01058	0.02609	0.01909	0.22204	0.02892	0.03318	0.02244	0.03484	0.28215	0.00756	0.01373	0.00908	0.19006	0.01041
1	0.15256	0.06706	0.01398	0.01257	0.01464	0.01207	0.00916	0.01630	0.01685	0.02598	0.03919	0.49705	0.04573	0.02256	0.00982	0.00332	0.00589	0.01977	0.00740	0.00808
2	0.02008	0.01295	0.01356	0.01188	0.01521	0.01347	0.00911	0.17399	0.02456	0.03645	0.03527	0.04016	0.10311	0.08958	0.01206	0.00313	0.00625	0.01022	0.35922	0.00974
3	0.01479	0.01237	0.01429	0.05574	0.01920	0.01304	0.01086	0.02427	0.20138	0.02764	0.05541	0.19845	0.23397	0.02258	0.05081	0.00388	0.00718	0.01638	0.00805	0.00970
4	0.09644	0.11601	0.16565	0.06926	0.13352	0.02250	0.17624	0.02688	0.01955	0.02891	0.04981	0.02274	0.01636	0.00860	0.00857	0.00273	0.01156	0.00807	0.00463	0.01200
5	0.02380	0.02573	0.02732	0.09615	0.17330	0.20537	0.01976	0.02743	0.02001	0.02495	0.01474	0.01945	0.01254	0.00964	0.01207	0.00259	0.13469	0.00682	0.00449	0.13915

[dist]
# distance from previous block
# <min> <max>
4	5

[block]
# block no. 2 follows, 19 sequences, length 19
# corresponding to MSA columns:
# 35-53
name=unknown_C
#
# <colnr> <probs for GDERKNQSTAVLIFYWHMCP>
#	G	D	E	R	K	N	Q	S	T	A	V	L	I	F	Y	W	H	M	C	P
0	0.01532	0.01241	0.01797	0.02195	0.15650	0.01198	0.01326	0.01900	0.01936	0.02781	0.14104	0.14889	0.07594	0.02483	0.12406	0.00480	0.00966	0.01319	0.05831	0.08371
1	0.06689	0.11278	0.03156	0.09944	0.31713	0.02200	0.02144	0.02475	0.01815	0.02638	0.01652	0.02244	0.01430	0.01715	0.10260	0.00438	0.05827	0.00754	0.00439	0.01188
2	0.06705	0.09748	0.05843	0.05441	0.19757	0.25926	0.02016	0.03193	0.02211	0.08661	0.01679	0.01941	0.01324	0.00880	0.00806	0.00249	0.01227	0.00668	0.00511	0.01212
3	0.17289	0.06029	0.09666	0.12257	0.16839	0.11411	0.02054	0.02988	0.08028	0.02977	0.01704	0.02031	0.01340	0.00884	0.00789	0.00270	0.01074	0.00689	0.00499	0.01181
4	0.02275	0.01932	0.02419	0.02451	0.12249	0.04683	0.04710	0.20316	0.07159	0.03576	0.03219	0.17879	0.06902	0.01523	0.01068	0.00301	0.04110	0.01300	0.00735	0.01194
5	0.01238	0.00889	0.01143	0.01298	0.01392	0.00857	0.00886	0.04997	0.01872	0.02498	0.04753	0.63771	0.05636	0.02692	0.01126	0.00357	0.00549	0.02432	0.00835	0.00777
6	0.01294	0.00893	0.01107	0.01107	0.01153	0.00939	0.00706	0.01385	0.01340	0.01832	0.02699	0.05189	0.02964	0.50963	0.21754	0.01030	0.01302	0.01204	0.00524	0.00615
7	0.01120	0.00909	0.00993	0.00972	0.01247	0.00782	0.00729	0.01406	0.02188	0.02769	0.25136	0.08030	0.46323	0.02134	0.01057	0.00296	0.00444	0.01807	0.00877	0.00782
8	0.02481	0.02608	0.02874	0.25846	0.18893	0.20799	0.02246	0.08554	0.02314	0.02750	0.01607	0.02090	0.01269	0.00896	0.00866	0.00267	0.01265	0.00732	0.00477	0.01164
9	0.02174	0.02303	0.02619	0.12861	0.03184	0.16579	0.07637	0.02865	0.10627	0.02477	0.01923	0.02458	0.01597	0.02029	0.11967	0.00491	0.13823	0.00828	0.00506	0.01052
10	0.02430	0.01814	0.02435	0.02583	0.16203	0.01926	0.01703	0.17072	0.02485	0.10508	0.02806	0.03083	0.07750	0.01993	0.10545	0.00450	0.07809	0.00930	0.00679	0.04796
11	0.01742	0.01410	0.01866	0.01938	0.10716	0.01335	0.01252	0.02020	0.01768	0.05140	0.03033	0.10868	0.08707	0.13340	0.01728	0.00360	0.07450	0.01120	0.00596	0.23608
12	0.14350	0.01994	0.06662	0.15313	0.02943	0.08243	0.01653	0.05918	0.01919	0.02814	0.02421	0.20034	0.02460	0.01486	0.01099	0.00312	0.07634	0.01188	0.00579	0.00978
13	0.01992	0.01953	0.02782	0.13157	0.34269	0.08162	0.02162	0.02416	0.01976	0.02607	0.02388	0.17352	0.02396	0.01287	0.00938	0.00289	0.01012	0.01177	0.00527	0.01157
14	0.01527	0.01138	0.01553	0.01470	0.01608	0.01387	0.01165	0.01847	0.01541	0.02431	0.02276	0.03135	0.02026	0.04094	0.34518	0.00885	0.15600	0.00888	0.20066	0.00846
15	0.02010	0.15269	0.18713	0.14018	0.19486	0.04926	0.02413	0.02600	0.01937	0.02567	0.02115	0.02477	0.05914	0.00939	0.00829	0.00263	0.01108	0.00776	0.00438	0.01203
16	0.13133	0.02246	0.02777	0.03587	0.32301	0.09369	0.02039	0.03291	0.13511	0.06116	0.02052	0.02290	0.01613	0.00912	0.00833	0.00271	0.00989	0.00772	0.00584	0.01312
17	0.06522	0.01504	0.02138	0.18020	0.12655	0.04466	0.04185	0.02142	0.01715	0.02516	0.01808	0.02517	0.01508	0.01471	0.01503	0.19423	0.00929	0.00779	0.13312	0.00887
18	0.01720	0.01520	0.04855	0.02016	0.10675	0.01480	0.01353	0.07731	0.02082	0.02913	0.18139	0.07357	0.03978	0.21243	0.02227	0.00465	0.07404	0.01232	0.00669	0.00940

[dist]
# distance from previous block
# <min> <max>
10	46

[block]
# block no. 3 follows, 19 sequences, length 27
# corresponding to MSA columns:
# 104-130
name=unknown_D
#
# <colnr> <probs for GDERKNQSTAVLIFYWHMCP>
#	G	D	E	R	K	N	Q	S	T	A	V	L	I	F	Y	W	H	M	C	P
0	0.03049	0.06163	0.02336	0.01722	0.02374	0.02042	0.01414	0.19982	0.15989	0.22682	0.03128	0.02920	0.04754	0.01121	0.00870	0.00266	0.00805	0.00890	0.00903	0.06589
1	0.07221	0.02070	0.02162	0.02189	0.10250	0.12009	0.01515	0.03337	0.13199	0.16564	0.03517	0.03457	0.11426	0.01254	0.01032	0.00285	0.05576	0.00976	0.00747	0.01215
2	0.01234	0.00871	0.01058	0.01070	0.01173	0.00827	0.00707	0.01424	0.01851	0.02519	0.24212	0.17300	0.09728	0.29240	0.02497	0.00536	0.00623	0.01671	0.00766	0.00694
3	0.01321	0.01057	0.01406	0.01586	0.08660	0.00972	0.01026	0.01702	0.02336	0.03183	0.40418	0.06684	0.22632	0.01827	0.01036	0.00285	0.00507	0.01595	0.00877	0.00888
4	0.03309	0.02417	0.02587	0.01994	0.02683	0.02672	0.01644	0.56931	0.04083	0.05516	0.02189	0.02211	0.01562	0.01072	0.00881	0.00265	0.00954	0.00807	0.04738	0.01485
5	0.02539	0.01964	0.02187	0.05375	0.02554	0.02188	0.01499	0.30284	0.19445	0.04288	0.03063	0.15063	0.02678	0.01433	0.00946	0.00298	0.00830	0.01194	0.00860	0.01311
6	0.01115	0.00801	0.01018	0.01180	0.01247	0.00748	0.00779	0.01256	0.01686	0.02222	0.05008	0.54563	0.10472	0.11511	0.01589	0.00425	0.00560	0.02321	0.00792	0.00705
7	0.02117	0.04366	0.47121	0.02609	0.03730	0.14105	0.07890	0.02977	0.02032	0.02713	0.01581	0.01882	0.01156	0.00855	0.00860	0.00275	0.01394	0.00679	0.00400	0.01258
8	0.03335	0.02375	0.02561	0.01974	0.02661	0.02609	0.01627	0.54557	0.04013	0.07971	0.02247	0.02249	0.01592	0.01074	0.00881	0.00266	0.00945	0.00811	0.04768	0.01485
9	0.01855	0.01590	0.01855	0.01325	0.02120	0.01193	0.01060	0.02253	0.01855	0.02915	0.01590	0.01855	0.01325	0.00663	0.00663	0.00133	0.00663	0.00530	0.00530	0.74028
10	0.01057	0.00906	0.00906	0.00906	0.01208	0.00755	0.00680	0.01284	0.02039	0.02417	0.09063	0.08610	0.62615	0.02266	0.01057	0.00302	0.00453	0.01888	0.00831	0.00755
11	0.01235	0.00913	0.01152	0.01093	0.01317	0.00831	0.00819	0.01628	0.02458	0.03412	0.54483	0.06972	0.16574	0.01895	0.01056	0.00284	0.00427	0.01659	0.00962	0.00831
12	0.74878	0.01730	0.01315	0.01177	0.01730	0.02007	0.00969	0.02630	0.01523	0.04014	0.01246	0.01453	0.00969	0.00830	0.00554	0.00277	0.00692	0.00484	0.00554	0.00969
13	0.01187	0.00878	0.01073	0.01086	0.01257	0.00802	0.00769	0.01458	0.02101	0.02830	0.31306	0.20287	0.19029	0.10101	0.01492	0.00374	0.00503	0.01839	0.00865	0.00763
14	0.02176	0.02089	0.02851	0.03623	0.34259	0.06441	0.02019	0.02759	0.05543	0.02915	0.01746	0.02115	0.01445	0.00785	0.00806	0.00220	0.00946	0.00703	0.00502	0.26058
15	0.01107	0.00899	0.00981	0.00981	0.01244	0.00773	0.00728	0.01372	0.02126	0.02671	0.20803	0.12546	0.46232	0.02207	0.01063	0.00302	0.00451	0.01875	0.00865	0.00773
16	0.41561	0.06919	0.01937	0.01549	0.02082	0.19568	0.01244	0.06474	0.02012	0.03444	0.01435	0.01647	0.01141	0.00879	0.00651	0.00254	0.00968	0.00549	0.04658	0.01027
17	0.02113	0.27897	0.12575	0.01797	0.02475	0.06111	0.05324	0.06701	0.02192	0.02830	0.14697	0.02996	0.02871	0.04646	0.01000	0.00276	0.00969	0.00862	0.00567	0.01102
18	0.06676	0.18527	0.02843	0.02325	0.15530	0.06278	0.01557	0.02587	0.05207	0.02716	0.02597	0.02770	0.09505	0.00989	0.00759	0.00224	0.00864	0.00784	0.00532	0.16729
19	0.01442	0.01142	0.01565	0.01971	0.13024	0.01130	0.01124	0.01765	0.04976	0.02370	0.06315	0.24755	0.07890	0.23948	0.02196	0.00500	0.00740	0.01632	0.00672	0.00843
20	0.10953	0.10121	0.02681	0.02338	0.10379	0.16600	0.06569	0.02655	0.01933	0.02671	0.01740	0.02212	0.01471	0.01724	0.09908	0.00418	0.04788	0.00720	0.09074	0.01047
21	0.02491	0.02714	0.07728	0.06878	0.13759	0.22196	0.01872	0.03067	0.07234	0.07783	0.04828	0.07233	0.02197	0.04824	0.01088	0.00303	0.01139	0.00928	0.00593	0.01144
22	0.02950	0.07098	0.08969	0.02596	0.15377	0.09369	0.01875	0.03553	0.06652	0.25595	0.05217	0.02651	0.02053	0.01009	0.00865	0.00266	0.00979	0.00826	0.00742	0.01356
23	0.02161	0.15190	0.06885	0.02885	0.13899	0.10620	0.14229	0.02604	0.01994	0.02508	0.02319	0.08112	0.05751	0.01128	0.01029	0.00275	0.05815	0.00978	0.00488	0.01130
24	0.01611	0.04291	0.02093	0.02298	0.14160	0.01562	0.01489	0.01932	0.01892	0.02630	0.14448	0.12287	0.07804	0.06186	0.04954	0.00414	0.12225	0.06123	0.00648	0.00954
25	0.21612	0.06917	0.06120	0.01824	0.07339	0.10191	0.01404	0.02615	0.05688	0.03009	0.03012	0.03103	0.12984	0.01115	0.00769	0.00253	0.00859	0.00842	0.00581	0.09763
26	0.01946	0.08229	0.39620	0.02658	0.10632	0.02081	0.02709	0.02720	0.01900	0.05506	0.04102	0.02244	0.01578	0.01297	0.05000	0.00353	0.04975	0.00739	0.00450	0.01259

[dist]
# distance from previous block
# <min> <max>
9	69

[block]
# block no. 4 follows, 19 sequences, length 13
# corresponding to MSA columns:
# 201-213
name=unknown_E
#
# <colnr> <probs for GDERKNQSTAVLIFYWHMCP>
#	G	D	E	R	K	N	Q	S	T	A	V	L	I	F	Y	W	H	M	C	P
0	0.11442	0.06378	0.01750	0.01483	0.01781	0.16459	0.01097	0.04771	0.02009	0.02654	0.08515	0.18979	0.03397	0.13654	0.01544	0.00388	0.00905	0.01279	0.00643	0.00874
1	0.02843	0.02940	0.02632	0.17748	0.09402	0.32222	0.01969	0.03202	0.02244	0.09997	0.01719	0.02056	0.01323	0.00964	0.00971	0.00265	0.05156	0.00703	0.00521	0.01122
2	0.02618	0.09536	0.02896	0.03077	0.21077	0.31510	0.01910	0.02938	0.02208	0.02419	0.01907	0.10118	0.01832	0.01104	0.00850	0.00254	0.01242	0.00882	0.00494	0.01126
3	0.09237	0.02048	0.05609	0.03286	0.28182	0.05602	0.01963	0.06360	0.04346	0.02957	0.01936	0.02600	0.01673	0.05974	0.13875	0.00537	0.01308	0.00817	0.00513	0.01178
4	0.01940	0.01636	0.01609	0.01432	0.01806	0.07602	0.01103	0.16751	0.02727	0.03488	0.18733	0.12658	0.21399	0.01785	0.01000	0.00289	0.00704	0.01491	0.00848	0.00998
5	0.02266	0.01988	0.02129	0.02177	0.08985	0.08092	0.01546	0.14272	0.19650	0.03493	0.03626	0.09233	0.07903	0.01502	0.00971	0.00305	0.00871	0.08998	0.00786	0.01206
6	0.01170	0.00812	0.01014	0.01143	0.01176	0.00780	0.00721	0.01267	0.01557	0.02076	0.04131	0.44436	0.04908	0.27719	0.02435	0.00554	0.00651	0.02073	0.00721	0.00657
7	0.02497	0.02193	0.03227	0.04267	0.41917	0.02291	0.02349	0.16560	0.09174	0.03659	0.02012	0.02324	0.01589	0.00909	0.00891	0.00271	0.01005	0.00823	0.00602	0.01442
8	0.06947	0.01547	0.12405	0.01476	0.01796	0.01070	0.01288	0.01640	0.01730	0.02517	0.04045	0.50887	0.04670	0.02297	0.01044	0.00342	0.00677	0.02044	0.00727	0.00853
9	0.02201	0.02355	0.10809	0.20881	0.31233	0.02181	0.02588	0.11320	0.02281	0.03153	0.01719	0.02209	0.01337	0.00872	0.00885	0.00277	0.01118	0.00781	0.00491	0.01308
10	0.02156	0.02066	0.03526	0.12291	0.56636	0.02110	0.02717	0.02694	0.02009	0.02852	0.01672	0.02233	0.01392	0.00808	0.00887	0.00269	0.01077	0.00797	0.00438	0.01370
11	0.06071	0.11163	0.32608	0.02262	0.03179	0.15514	0.05246	0.02861	0.02015	0.02676	0.04024	0.02052	0.01489	0.01157	0.03739	0.00315	0.01331	0.00685	0.00438	0.01174
12	0.01454	0.01285	0.01291	0.01335	0.01576	0.05980	0.00976	0.02032	0.11506	0.02571	0.05713	0.31407	0.22490	0.02220	0.01057	0.00327	0.00628	0.04464	0.00814	0.00875

[dist]
# distance from previous block
# <min> <max>
1	3

[block]
# block no. 5 follows, 19 sequences, length 17
# corresponding to MSA columns:
# 217-233
name=unknown_F
#
# <colnr> <probs for GDERKNQSTAVLIFYWHMCP>
#	G	D	E	R	K	N	Q	S	T	A	V	L	I	F	Y	W	H	M	C	P
0	0.11975	0.01425	0.01824	0.01657	0.01819	0.01813	0.01342	0.02022	0.01487	0.02559	0.01849	0.02612	0.01666	0.03134	0.23355	0.00705	0.26146	0.00808	0.10906	0.00895
1	0.01702	0.01492	0.02369	0.21127	0.23539	0.01600	0.01869	0.02067	0.01727	0.02345	0.02275	0.09268	0.02286	0.20350	0.01958	0.00456	0.00995	0.01099	0.00493	0.00984
2	0.02977	0.07216	0.02751	0.02452	0.06093	0.46869	0.01817	0.03221	0.02258	0.02220	0.01355	0.01700	0.01171	0.01022	0.01182	0.00259	0.13316	0.00621	0.00443	0.01054
3	0.01947	0.01639	0.02565	0.27668	0.23524	0.01806	0.02096	0.05421	0.02018	0.02916	0.01959	0.02538	0.01540	0.00906	0.00829	0.00265	0.00958	0.00805	0.17475	0.01124
4	0.03100	0.02891	0.02386	0.02038	0.02599	0.25159	0.01595	0.18634	0.19738	0.09098	0.02420	0.02374	0.01795	0.01061	0.00868	0.00265	0.01115	0.00789	0.00760	0.01315
5	0.01808	0.01882	0.06546	0.09386	0.28255	0.01733	0.10633	0.02301	0.01925	0.02670	0.02612	0.20926	0.02650	0.01373	0.00982	0.00303	0.01001	0.01323	0.00547	0.01146
6	0.01115	0.00798	0.01060	0.01229	0.01303	0.00743	0.00832	0.01308	0.01829	0.02468	0.13055	0.59326	0.06273	0.02665	0.01130	0.00352	0.00505	0.02413	0.00852	0.00743
7	0.03342	0.04264	0.02535	0.02305	0.02766	0.64967	0.01729	0.03572	0.02535	0.02190	0.01383	0.01613	0.01152	0.00922	0.00807	0.00230	0.01613	0.00576	0.00461	0.01037
8	0.03018	0.18827	0.02919	0.01983	0.02544	0.35171	0.01596	0.03614	0.11115	0.08278	0.01892	0.01965	0.01488	0.00946	0.00777	0.00237	0.01244	0.00649	0.00571	0.01166
9	0.01215	0.00810	0.01038	0.01139	0.01217	0.00758	0.00761	0.01240	0.01599	0.02078	0.04645	0.35691	0.14595	0.09725	0.02038	0.17633	0.00605	0.01883	0.00697	0.00633
10	0.01090	0.00779	0.01038	0.01246	0.01298	0.00727	0.00830	0.01246	0.01713	0.02284	0.04931	0.67975	0.05917	0.02803	0.01142	0.00363	0.00519	0.02543	0.00830	0.00727
11	0.01668	0.00834	0.00834	0.00834	0.01042	0.00834	0.00625	0.02085	0.01876	0.03335	0.02918	0.03335	0.02293	0.01042	0.00625	0.00208	0.00417	0.00834	0.73525	0.00834
12	0.01488	0.01141	0.01420	0.01531	0.01748	0.01191	0.01197	0.02295	0.15803	0.02773	0.04556	0.31072	0.04882	0.02306	0.01123	0.00368	0.00678	0.22654	0.00847	0.00925
13	0.01930	0.02259	0.09028	0.02763	0.03205	0.02364	0.21601	0.02404	0.01675	0.02449	0.01545	0.02254	0.01334	0.01714	0.08007	0.00451	0.32645	0.00881	0.00419	0.01070
14	0.01285	0.00933	0.01306	0.01306	0.01420	0.01047	0.00954	0.01513	0.01399	0.01979	0.02517	0.04183	0.02527	0.24366	0.47754	0.01275	0.01960	0.01056	0.00497	0.00726
15	0.01138	0.00813	0.01029	0.01165	0.01236	0.00762	0.00769	0.01290	0.01720	0.02287	0.08926	0.48267	0.09592	0.14546	0.01745	0.00444	0.00570	0.02208	0.00789	0.00704
16	0.01855	0.01590	0.01855	0.01325	0.02120	0.01193	0.01060	0.02253	0.01855	0.02915	0.01590	0.01855	0.01325	0.00663	0.00663	0.00133	0.00663	0.00530	0.00530	0.74028

[dist]
# distance from previous block
# <min> <max>
0	1

[block]
# block no. 6 follows, 19 sequences, length 40
# corresponding to MSA columns:
# 235-274
name=unknown_G
#
# <colnr> <probs for GDERKNQSTAVLIFYWHMCP>
#	G	D	E	R	K	N	Q	S	T	A	V	L	I	F	Y	W	H	M	C	P
0	0.02768	0.29534	0.03277	0.01871	0.02466	0.28270	0.01570	0.07183	0.06543	0.02524	0.01952	0.02076	0.04560	0.00963	0.00741	0.00227	0.01182	0.00655	0.00512	0.01128
1	0.01538	0.01196	0.01309	0.01176	0.01526	0.01143	0.00910	0.11934	0.02571	0.03333	0.23276	0.06893	0.35989	0.01926	0.01028	0.00290	0.00539	0.01616	0.00887	0.00918
2	0.03401	0.02506	0.02685	0.02058	0.02774	0.02774	0.01700	0.59995	0.04206	0.05638	0.02148	0.02148	0.01521	0.01074	0.00895	0.00268	0.00984	0.00805	0.00895	0.01521
3	0.02682	0.02574	0.02398	0.02748	0.18212	0.25860	0.01715	0.03044	0.02217	0.09206	0.02035	0.02359	0.01612	0.01307	0.04981	0.00319	0.01212	0.00740	0.13641	0.01138
4	0.03101	0.01669	0.02371	0.24973	0.03740	0.01739	0.01784	0.10547	0.02488	0.34313	0.02660	0.02696	0.01760	0.01027	0.00897	0.00283	0.00944	0.00850	0.00825	0.01332
5	0.01278	0.00959	0.01438	0.01438	0.01598	0.01118	0.01118	0.01598	0.01438	0.02077	0.02396	0.03515	0.02237	0.06710	0.65013	0.01438	0.02396	0.00959	0.00479	0.00799
6	0.01082	0.00810	0.01006	0.01163	0.01276	0.00734	0.00794	0.01255	0.01793	0.02316	0.05941	0.53459	0.19781	0.02672	0.01121	0.00348	0.00503	0.02383	0.00831	0.00734
7	0.02078	0.01987	0.03386	0.21281	0.48251	0.02090	0.02678	0.02626	0.01973	0.02758	0.01659	0.02259	0.01359	0.00822	0.00888	0.00274	0.01096	0.00797	0.00431	0.01307
8	0.07751	0.02129	0.02005	0.02102	0.09597	0.17035	0.01440	0.08544	0.02198	0.02807	0.03190	0.03534	0.12976	0.02667	0.17496	0.00569	0.01392	0.00966	0.00587	0.01017
9	0.01501	0.01105	0.01349	0.01271	0.01536	0.01075	0.00976	0.08869	0.02554	0.03488	0.37764	0.13669	0.13254	0.01947	0.01059	0.00302	0.00538	0.05913	0.00926	0.00903
10	0.01111	0.00795	0.01057	0.01232	0.01302	0.00741	0.00832	0.01298	0.01810	0.02438	0.11736	0.60731	0.06216	0.02688	0.01132	0.00354	0.00508	0.02434	0.00849	0.00741
11	0.02298	0.03698	0.34618	0.02326	0.03216	0.10066	0.02516	0.14037	0.02342	0.03180	0.01696	0.02102	0.01317	0.04201	0.01255	0.00313	0.08347	0.00723	0.00499	0.01252
12	0.02820	0.07890	0.02985	0.03097	0.19600	0.30962	0.01989	0.07624	0.06240	0.02754	0.01653	0.01940	0.01359	0.00938	0.00932	0.00253	0.04555	0.00688	0.00509	0.01211
13	0.01301	0.00867	0.00976	0.00976	0.00976	0.00867	0.00542	0.01301	0.01301	0.01735	0.02819	0.05855	0.03253	0.68559	0.04554	0.00867	0.00867	0.01301	0.00542	0.00542
14	0.02681	0.02228	0.02745	0.26070	0.08331	0.05533	0.02066	0.31789	0.03076	0.04035	0.01871	0.02214	0.01374	0.00980	0.00890	0.00277	0.01098	0.00790	0.00657	0.01295
15	0.01809	0.01027	0.01339	0.01356	0.01585	0.00966	0.00977	0.02187	0.06198	0.15649	0.07062	0.46681	0.05003	0.02281	0.01069	0.00337	0.00580	0.02039	0.00903	0.00953
16	0.02766	0.02843	0.02227	0.01966	0.02387	0.30171	0.01521	0.16833	0.02650	0.03098	0.02013	0.06046	0.01751	0.01920	0.09964	0.00423	0.04164	0.00827	0.05340	0.01088
17	0.02392	0.69097	0.04688	0.01531	0.02296	0.03540	0.01531	0.02679	0.01818	0.02105	0.01244	0.01435	0.01148	0.00765	0.00574	0.00191	0.00957	0.00478	0.00383	0.01148
18	0.01179	0.00823	0.01041	0.01160	0.01200	0.00803	0.00744	0.01289	0.01545	0.02070	0.03997	0.41173	0.04708	0.26990	0.06537	0.00617	0.00768	0.01988	0.00703	0.00664
19	0.02308	0.02540	0.02336	0.01979	0.02442	0.24933	0.05589	0.02620	0.02013	0.02416	0.01835	0.07096	0.01706	0.01724	0.08447	0.00377	0.08411	0.00816	0.00501	0.19911
20	0.01111	0.00908	0.00981	0.00963	0.01242	0.00778	0.00722	0.01389	0.02167	0.02720	0.22915	0.08110	0.48573	0.02153	0.01057	0.00297	0.00445	0.01818	0.00871	0.00778
21	0.02214	0.02126	0.03631	0.05491	0.62978	0.02126	0.02746	0.02746	0.02037	0.02923	0.01683	0.02214	0.01417	0.00797	0.00886	0.00266	0.01063	0.00797	0.00443	0.01417
22	0.01794	0.04628	0.63923	0.02550	0.03872	0.02078	0.03305	0.02833	0.01889	0.02833	0.01606	0.01889	0.01133	0.00850	0.00850	0.00283	0.01322	0.00661	0.00378	0.01322
23	0.03342	0.04264	0.02535	0.02305	0.02766	0.64967	0.01729	0.03572	0.02535	0.02190	0.01383	0.01613	0.01152	0.00922	0.00807	0.00230	0.01613	0.00576	0.00461	0.01037
24	0.01133	0.00917	0.01011	0.01009	0.01284	0.00795	0.00772	0.01417	0.02154	0.02703	0.20989	0.08275	0.46110	0.02180	0.01070	0.00305	0.00473	0.05758	0.00866	0.00781
25	0.01103	0.00788	0.01049	0.01237	0.01300	0.00735	0.00831	0.01277	0.01771	0.02376	0.09016	0.63626	0.06096	0.02734	0.01136	0.00358	0.00512	0.02478	0.00841	0.00735
26	0.01286	0.00928	0.01285	0.01285	0.01392	0.01035	0.00928	0.01499	0.01393	0.01964	0.02536	0.04289	0.02573	0.27165	0.45018	0.01249	0.01891	0.01072	0.00500	0.00714
27	0.01957	0.01957	0.02740	0.02349	0.02349	0.02740	0.01957	0.02153	0.01370	0.02153	0.01174	0.01957	0.01174	0.01566	0.02936	0.00391	0.66921	0.00783	0.00391	0.00979
28	0.01101	0.00801	0.01057	0.01235	0.01313	0.00757	0.00840	0.01274	0.01716	0.02278	0.05043	0.59152	0.09676	0.03044	0.05705	0.00436	0.00649	0.02383	0.00805	0.00734
29	0.01750	0.01415	0.01522	0.01432	0.01795	0.01509	0.01086	0.07249	0.26350	0.03223	0.05212	0.17402	0.19433	0.01792	0.00981	0.00308	0.00609	0.01526	0.04326	0.01082
30	0.01106	0.00785	0.01033	0.01225	0.01273	0.00737	0.00808	0.01250	0.01681	0.02242	0.04768	0.63195	0.05712	0.07863	0.01404	0.00402	0.00546	0.02448	0.00808	0.00712
31	0.01997	0.01887	0.03196	0.25764	0.40630	0.02021	0.02589	0.02544	0.01955	0.02696	0.01814	0.02690	0.01540	0.00919	0.00907	0.00284	0.01094	0.03781	0.00448	0.01243
32	0.01336	0.00930	0.01365	0.01365	0.01511	0.01061	0.01046	0.01586	0.01440	0.02110	0.02343	0.03416	0.02167	0.05917	0.53780	0.09175	0.02080	0.00930	0.05685	0.00757
33	0.01082	0.00810	0.01006	0.01163	0.01276	0.00734	0.00794	0.01255	0.01793	0.02316	0.05941	0.53459	0.19781	0.02672	0.01121	0.00348	0.00503	0.02383	0.00831	0.00734
34	0.01418	0.01177	0.01806	0.18306	0.02793	0.01410	0.01491	0.01795	0.01623	0.02260	0.06560	0.08295	0.02613	0.04188	0.34501	0.00903	0.06415	0.01072	0.00515	0.00860
35	0.07123	0.02277	0.17795	0.01769	0.02407	0.01722	0.01731	0.06855	0.12963	0.06287	0.03151	0.03378	0.08862	0.02542	0.16559	0.00570	0.01272	0.00950	0.00642	0.01146
36	0.07863	0.02440	0.02261	0.26365	0.03729	0.24475	0.01816	0.02678	0.01998	0.02420	0.01668	0.02232	0.01356	0.01633	0.08811	0.00409	0.01410	0.00715	0.04748	0.00974
37	0.02387	0.14171	0.06585	0.02773	0.17264	0.14754	0.01912	0.05488	0.12067	0.02783	0.01973	0.02276	0.01621	0.01583	0.08213	0.00388	0.01260	0.00745	0.00534	0.01222
38	0.02569	0.03024	0.09490	0.02395	0.03052	0.21957	0.13440	0.08350	0.15279	0.03112	0.02160	0.02349	0.01649	0.00966	0.00879	0.00268	0.01224	0.00815	0.05812	0.01212
39	0.02942	0.19444	0.03194	0.02417	0.09577	0.28493	0.01779	0.13738	0.05154	0.02958	0.01622	0.01812	0.01318	0.00910	0.00780	0.00235	0.01234	0.00639	0.00539	0.01214

[dist]
# distance from previous block
# <min> <max>
0	8

[block]
# block no. 7 follows, 19 sequences, length 33
# corresponding to MSA columns:
# 283-315
name=unknown_H
#
# <colnr> <probs for GDERKNQSTAVLIFYWHMCP>
#	G	D	E	R	K	N	Q	S	T	A	V	L	I	F	Y	W	H	M	C	P
0	0.05118	0.01746	0.02742	0.18152	0.22914	0.01839	0.07126	0.04958	0.04721	0.02916	0.02999	0.03362	0.11101	0.01095	0.00901	0.00281	0.00962	0.00990	0.04931	0.01144
1	0.02290	0.30015	0.17075	0.02627	0.13710	0.09350	0.02199	0.02772	0.01909	0.02426	0.01411	0.01741	0.01196	0.00877	0.00926	0.00247	0.07004	0.00614	0.00402	0.01208
2	0.06435	0.02610	0.20096	0.02444	0.12412	0.01928	0.02050	0.13972	0.06030	0.03434	0.03333	0.06254	0.12720	0.01252	0.00901	0.00285	0.00943	0.01030	0.00637	0.01232
3	0.02341	0.13427	0.11618	0.03459	0.18467	0.12572	0.19895	0.02917	0.02088	0.02646	0.01594	0.02014	0.01278	0.00806	0.00871	0.00261	0.01304	0.00773	0.00431	0.01237
4	0.01146	0.00822	0.01089	0.01207	0.01310	0.00764	0.00835	0.01387	0.01975	0.02701	0.23339	0.48378	0.06724	0.02491	0.01114	0.00337	0.00488	0.02247	0.00880	0.00764
5	0.01080	0.00818	0.00998	0.01142	0.01270	0.00735	0.00784	0.01257	0.01813	0.02325	0.06195	0.49810	0.23266	0.02639	0.01116	0.00345	0.00499	0.02343	0.00831	0.00735
6	0.02815	0.03729	0.12468	0.02499	0.08189	0.39210	0.01990	0.07645	0.02479	0.02649	0.02111	0.02305	0.06046	0.01017	0.00847	0.00251	0.01376	0.00731	0.00509	0.01133
7	0.01808	0.01928	0.07691	0.01895	0.02400	0.04407	0.10533	0.07053	0.09555	0.02947	0.04529	0.11086	0.20362	0.01580	0.01104	0.00303	0.04916	0.01352	0.03504	0.01048
8	0.01091	0.00896	0.00960	0.00969	0.01235	0.00766	0.00717	0.01340	0.02082	0.02576	0.16516	0.13619	0.49634	0.02250	0.01065	0.00305	0.00454	0.01907	0.00853	0.00766
9	0.02110	0.32815	0.28188	0.02297	0.03305	0.02755	0.11667	0.02770	0.01894	0.02516	0.01478	0.01773	0.01176	0.00797	0.00761	0.00246	0.01191	0.00644	0.00392	0.01226
10	0.02371	0.15878	0.04035	0.13031	0.09230	0.12924	0.21828	0.05334	0.02157	0.02636	0.01595	0.02051	0.01268	0.00824	0.00871	0.00263	0.01303	0.00786	0.00450	0.01166
11	0.03261	0.09936	0.02736	0.02221	0.02724	0.55755	0.01709	0.06883	0.02572	0.02389	0.01416	0.01630	0.01174	0.00917	0.00791	0.00229	0.01517	0.00581	0.00480	0.01076
12	0.03028	0.02769	0.02791	0.03202	0.23062	0.24302	0.01970	0.06056	0.06064	0.14944	0.02086	0.02233	0.01568	0.00941	0.00862	0.00258	0.01173	0.00753	0.00631	0.01308
13	0.01270	0.00933	0.01340	0.01353	0.01481	0.01055	0.01010	0.01529	0.01433	0.02036	0.02619	0.07847	0.02623	0.16218	0.51556	0.01282	0.02040	0.01110	0.00511	0.00754
14	0.02214	0.02126	0.03631	0.05491	0.62978	0.02126	0.02746	0.02746	0.02037	0.02923	0.01683	0.02214	0.01417	0.00797	0.00886	0.00266	0.01063	0.00797	0.00443	0.01417
15	0.01301	0.00867	0.00976	0.00976	0.00976	0.00867	0.00542	0.01301	0.01301	0.01735	0.02819	0.05855	0.03253	0.68559	0.04554	0.00867	0.00867	0.01301	0.00542	0.00542
16	0.01268	0.11654	0.01502	0.01005	0.01380	0.01194	0.00814	0.01504	0.02004	0.02368	0.07831	0.07479	0.52927	0.02029	0.00981	0.00285	0.00533	0.01666	0.00760	0.00817
17	0.02137	0.01209	0.01529	0.01447	0.01751	0.01165	0.01074	0.10462	0.02279	0.17757	0.04188	0.42627	0.04379	0.02140	0.01047	0.00329	0.00645	0.01891	0.00907	0.01036
18	0.02322	0.35030	0.03783	0.01971	0.02608	0.14734	0.10881	0.02659	0.02013	0.02283	0.02269	0.07437	0.06403	0.01073	0.00780	0.00239	0.01099	0.00865	0.00480	0.01072
19	0.01957	0.01957	0.02740	0.02349	0.02349	0.02740	0.01957	0.02153	0.01370	0.02153	0.01174	0.01957	0.01174	0.01566	0.02936	0.00391	0.66921	0.00783	0.00391	0.00979
20	0.03818	0.01837	0.02271	0.01741	0.02441	0.01782	0.01438	0.22148	0.03087	0.45067	0.03088	0.02758	0.01993	0.01097	0.00898	0.00274	0.00833	0.00870	0.01039	0.01522
21	0.01775	0.01677	0.02837	0.56533	0.15372	0.02010	0.02527	0.02360	0.01829	0.02389	0.01605	0.02357	0.01229	0.00879	0.00893	0.00293	0.01172	0.00795	0.00405	0.01062
22	0.01632	0.01245	0.01335	0.01231	0.01544	0.04824	0.00937	0.02156	0.07248	0.07979	0.34647	0.06340	0.21871	0.01786	0.01017	0.00285	0.00553	0.01522	0.00915	0.00933
23	0.01083	0.00804	0.01012	0.01178	0.01280	0.00732	0.00800	0.01253	0.01778	0.02310	0.05756	0.56127	0.17232	0.02696	0.01125	0.00351	0.00506	0.02413	0.00831	0.00732
24	0.02168	0.02095	0.03470	0.04921	0.51973	0.02237	0.02603	0.02638	0.01916	0.02783	0.01591	0.02168	0.01373	0.00937	0.01258	0.00289	0.13017	0.00795	0.00434	0.01338
25	0.02132	0.02041	0.03482	0.15092	0.54023	0.02104	0.02705	0.02673	0.01998	0.02822	0.01668	0.02241	0.01382	0.00812	0.00887	0.00271	0.01083	0.00797	0.00436	0.01350
26	0.01575	0.01228	0.01218	0.01231	0.01444	0.07503	0.00927	0.01908	0.02027	0.02857	0.14485	0.14945	0.08900	0.02170	0.06627	0.00382	0.00771	0.05939	0.23032	0.00830
27	0.02078	0.01226	0.01523	0.01336	0.01719	0.01176	0.01040	0.02808	0.12039	0.18196	0.34494	0.05397	0.10099	0.01586	0.00994	0.00285	0.00554	0.01365	0.00991	0.01096
28	0.02214	0.02126	0.03631	0.05491	0.62978	0.02126	0.02746	0.02746	0.02037	0.02923	0.01683	0.02214	0.01417	0.00797	0.00886	0.00266	0.01063	0.00797	0.00443	0.01417
29	0.05502	0.02352	0.03374	0.20420	0.26453	0.12011	0.11675	0.02770	0.02040	0.02681	0.01612	0.02162	0.01287	0.00837	0.00888	0.00275	0.01239	0.00790	0.00440	0.01192
30	0.01860	0.02229	0.13885	0.10335	0.30814	0.01797	0.02395	0.02462	0.02066	0.02925	0.11791	0.03600	0.02813	0.01133	0.00939	0.00288	0.00998	0.05910	0.00548	0.01209
31	0.02068	0.02040	0.03665	0.20243	0.39508	0.02114	0.11919	0.02652	0.01988	0.02756	0.01681	0.02289	0.01352	0.00814	0.00915	0.00280	0.01167	0.00839	0.00433	0.01279
32	0.01801	0.09414	0.16380	0.08257	0.09398	0.02004	0.09839	0.02370	0.01855	0.02540	0.02510	0.03388	0.06557	0.01783	0.08251	0.00425	0.06147	0.05500	0.00482	0.01098

[dist]
# distance from previous block
# <min> <max>
0	45

[block]
# block no. 8 follows, 19 sequences, length 30
# corresponding to MSA columns:
# 364-393
name=unknown_I
#
# <colnr> <probs for GDERKNQSTAVLIFYWHMCP>
#	G	D	E	R	K	N	Q	S	T	A	V	L	I	F	Y	W	H	M	C	P
0	0.02283	0.20188	0.03243	0.06994	0.11520	0.02452	0.05529	0.12121	0.06969	0.03027	0.01987	0.05725	0.01718	0.01165	0.01076	0.04684	0.04139	0.00840	0.03163	0.01176
1	0.02683	0.17095	0.02788	0.01774	0.02369	0.13982	0.01477	0.10712	0.02327	0.09801	0.01896	0.05093	0.01590	0.01027	0.00959	0.00234	0.06998	0.00728	0.00603	0.15866
2	0.02238	0.02138	0.01900	0.01616	0.02141	0.14623	0.01252	0.09599	0.13837	0.03087	0.03566	0.03571	0.14355	0.01309	0.00970	0.03353	0.00867	0.00959	0.00689	0.17933
3	0.01927	0.01849	0.01654	0.01401	0.01867	0.14301	0.01052	0.02119	0.01905	0.02401	0.03149	0.03539	0.14065	0.05077	0.01394	0.10886	0.00845	0.00897	0.00558	0.29115
4	0.02203	0.01594	0.01835	0.01523	0.01986	0.01668	0.01218	0.23690	0.02752	0.03922	0.10954	0.03224	0.02757	0.02300	0.14198	0.00488	0.01074	0.00924	0.11396	0.10294
5	0.02243	0.16341	0.23053	0.02309	0.03076	0.15476	0.07441	0.02796	0.01940	0.02431	0.01516	0.01915	0.01244	0.01339	0.05634	0.00351	0.08661	0.00678	0.00412	0.01143
6	0.03342	0.04264	0.02535	0.02305	0.02766	0.64967	0.01729	0.03572	0.02535	0.02190	0.01383	0.01613	0.01152	0.00922	0.00807	0.00230	0.01613	0.00576	0.00461	0.01037
7	0.02186	0.02097	0.03581	0.08732	0.59955	0.02118	0.02732	0.02721	0.02024	0.02889	0.01678	0.02223	0.01405	0.00802	0.00886	0.00267	0.01070	0.00797	0.00440	0.01395
8	0.01132	0.00934	0.01000	0.01021	0.01285	0.00827	0.00750	0.01469	0.04876	0.02529	0.11313	0.18218	0.46946	0.02279	0.01064	0.00311	0.00475	0.01940	0.00844	0.00788
9	0.01096	0.00908	0.00960	0.00947	0.01232	0.00772	0.00710	0.01359	0.02131	0.02635	0.19032	0.08250	0.52509	0.02184	0.01057	0.00298	0.00447	0.01838	0.00860	0.00772
10	0.02438	0.65958	0.04584	0.01568	0.02319	0.06514	0.01540	0.02722	0.01853	0.02109	0.01251	0.01444	0.01148	0.00773	0.00585	0.00193	0.00989	0.00483	0.00386	0.01143
11	0.02237	0.01271	0.01535	0.01331	0.01766	0.01198	0.01045	0.02933	0.12155	0.22239	0.20233	0.05483	0.19642	0.01613	0.00983	0.00289	0.00585	0.01361	0.00971	0.01130
12	0.01327	0.01030	0.01531	0.01503	0.01651	0.01235	0.01178	0.01637	0.01433	0.02082	0.02309	0.03403	0.02160	0.06341	0.60565	0.01363	0.07020	0.00946	0.00473	0.00812
13	0.01090	0.00779	0.01038	0.01246	0.01298	0.00727	0.00830	0.01246	0.01713	0.02284	0.04931	0.67975	0.05917	0.02803	0.01142	0.00363	0.00519	0.02543	0.00830	0.00727
14	0.02214	0.02126	0.03631	0.05491	0.62978	0.02126	0.02746	0.02746	0.02037	0.02923	0.01683	0.02214	0.01417	0.00797	0.00886	0.00266	0.01063	0.00797	0.00443	0.01417
15	0.01737	0.01560	0.01584	0.01666	0.01947	0.10330	0.01386	0.02286	0.07342	0.02668	0.04693	0.08090	0.11487	0.02112	0.01123	0.00363	0.00882	0.37066	0.00780	0.00898
16	0.01892	0.01797	0.03050	0.42861	0.28123	0.02041	0.02586	0.02464	0.01885	0.02532	0.01626	0.02319	0.01279	0.00857	0.00891	0.00286	0.01142	0.00796	0.00415	0.01157
17	0.02214	0.02126	0.03631	0.05491	0.62978	0.02126	0.02746	0.02746	0.02037	0.02923	0.01683	0.02214	0.01417	0.00797	0.00886	0.00266	0.01063	0.00797	0.00443	0.01417
18	0.02214	0.02126	0.03631	0.05491	0.62978	0.02126	0.02746	0.02746	0.02037	0.02923	0.01683	0.02214	0.01417	0.00797	0.00886	0.00266	0.01063	0.00797	0.00443	0.01417
19	0.01325	0.01065	0.01689	0.01585	0.01764	0.01025	0.09427	0.01555	0.01681	0.02251	0.03825	0.35985	0.04373	0.19064	0.04708	0.00529	0.00852	0.05847	0.00688	0.00761
20	0.03342	0.04264	0.02535	0.02305	0.02766	0.64967	0.01729	0.03572	0.02535	0.02190	0.01383	0.01613	0.01152	0.00922	0.00807	0.00230	0.01613	0.00576	0.00461	0.01037
21	0.01071	0.00907	0.00925	0.00921	0.01217	0.00761	0.00691	0.01311	0.02072	0.02494	0.12579	0.08483	0.59051	0.02237	0.01057	0.00301	0.00451	0.01870	0.00841	0.00761
22	0.01179	0.00955	0.01059	0.01105	0.01341	0.00879	0.00800	0.01594	0.07173	0.02540	0.09521	0.27199	0.36775	0.02328	0.01072	0.00321	0.00495	0.02011	0.00844	0.00808
23	0.01527	0.01049	0.01175	0.01117	0.01202	0.01076	0.00693	0.07997	0.01660	0.02216	0.02881	0.09518	0.03230	0.56530	0.03912	0.00766	0.00858	0.01326	0.00601	0.00666
24	0.01239	0.00909	0.01135	0.01081	0.01286	0.00833	0.00794	0.01596	0.02353	0.03256	0.49541	0.06888	0.15804	0.07762	0.01363	0.00336	0.00466	0.01629	0.00924	0.00805
25	0.13497	0.02470	0.02325	0.05776	0.02730	0.11478	0.01585	0.28501	0.15326	0.04307	0.02183	0.02231	0.01619	0.01035	0.00835	0.00273	0.00987	0.00768	0.00756	0.01317
26	0.01235	0.01019	0.01103	0.01129	0.01394	0.00960	0.00826	0.01775	0.10515	0.02573	0.07180	0.23666	0.38865	0.02257	0.01059	0.00319	0.00508	0.01936	0.00842	0.00843
27	0.02386	0.02490	0.03588	0.04845	0.48696	0.12167	0.07148	0.02887	0.02123	0.02801	0.01645	0.02134	0.01370	0.00814	0.00887	0.00263	0.01186	0.00783	0.00447	0.01340
28	0.02586	0.02429	0.03031	0.11556	0.16330	0.11414	0.08583	0.20770	0.02770	0.03543	0.02337	0.02627	0.05926	0.01020	0.00910	0.00273	0.01141	0.00878	0.00612	0.01265
29	0.01838	0.03756	0.46103	0.06544	0.12288	0.01970	0.02941	0.02723	0.01903	0.02858	0.01731	0.02092	0.01280	0.00862	0.00838	0.00275	0.01198	0.00704	0.06823	0.01274

[dist]
# distance from previous block
# <min> <max>
0	2

[block]
# block no. 9 follows, 19 sequences, length 50
# corresponding to MSA columns:
# 396-445
name=unknown_J
#
# <colnr> <probs for GDERKNQSTAVLIFYWHMCP>
#	G	D	E	R	K	N	Q	S	T	A	V	L	I	F	Y	W	H	M	C	P
0	0.02023	0.02072	0.03456	0.33047	0.21229	0.06077	0.14013	0.02610	0.01969	0.02571	0.01647	0.02295	0.01285	0.00841	0.00919	0.00286	0.01247	0.00834	0.00425	0.01155
1	0.03269	0.04125	0.02607	0.02512	0.06687	0.60874	0.01795	0.03519	0.02503	0.02237	0.01402	0.01653	0.01170	0.00914	0.00812	0.00233	0.01578	0.00591	0.00460	0.01062
2	0.01206	0.00975	0.01079	0.01042	0.01326	0.00882	0.00785	0.01650	0.06074	0.02909	0.27231	0.07599	0.39941	0.02046	0.01047	0.00295	0.00459	0.01737	0.00889	0.00829
3	0.01516	0.01319	0.01487	0.01461	0.01628	0.08320	0.01093	0.01773	0.01540	0.02034	0.02351	0.03682	0.02280	0.16173	0.47837	0.01208	0.02057	0.00971	0.00487	0.00784
4	0.02236	0.02378	0.03443	0.22247	0.26911	0.12687	0.11823	0.02772	0.02062	0.02606	0.01626	0.02195	0.01298	0.00839	0.00903	0.00275	0.01266	0.00802	0.00434	0.01197
5	0.01313	0.01012	0.01221	0.01209	0.01469	0.00960	0.00947	0.01843	0.06941	0.03105	0.32434	0.07570	0.22898	0.02018	0.01076	0.00312	0.00524	0.11379	0.00907	0.00860
6	0.01285	0.00932	0.01305	0.01305	0.01418	0.01046	0.00952	0.01512	0.01398	0.01978	0.02518	0.04190	0.02530	0.24552	0.47571	0.01273	0.01955	0.01057	0.00497	0.00725
7	0.02029	0.01925	0.03204	0.26823	0.39424	0.02083	0.02577	0.02698	0.05336	0.02744	0.01762	0.02339	0.01413	0.00855	0.00890	0.00279	0.01088	0.00809	0.00454	0.01267
8	0.02214	0.02126	0.03631	0.05491	0.62978	0.02126	0.02746	0.02746	0.02037	0.02923	0.01683	0.02214	0.01417	0.00797	0.00886	0.00266	0.01063	0.00797	0.00443	0.01417
9	0.01071	0.00907	0.00925	0.00920	0.01217	0.00761	0.00690	0.01310	0.02070	0.02491	0.12454	0.08488	0.59178	0.02238	0.01057	0.00301	0.00451	0.01871	0.00841	0.00761
10	0.02025	0.01926	0.03185	0.04741	0.52871	0.01901	0.02408	0.02506	0.02037	0.02840	0.02890	0.03261	0.11430	0.01037	0.00914	0.00272	0.00963	0.00976	0.00506	0.01309
11	0.07901	0.01602	0.02567	0.60872	0.05786	0.01989	0.02356	0.02315	0.01766	0.02433	0.01561	0.02306	0.01174	0.00889	0.00866	0.00296	0.01150	0.00769	0.00411	0.00992
12	0.03342	0.04264	0.02535	0.02305	0.02766	0.64967	0.01729	0.03572	0.02535	0.02190	0.01383	0.01613	0.01152	0.00922	0.00807	0.00230	0.01613	0.00576	0.00461	0.01037
13	0.01057	0.00906	0.00906	0.00906	0.01208	0.00755	0.00680	0.01284	0.02039	0.02417	0.09063	0.08610	0.62615	0.02266	0.01057	0.00302	0.00453	0.01888	0.00831	0.00755
14	0.02524	0.02149	0.02396	0.02424	0.12275	0.05756	0.01649	0.20461	0.24837	0.03905	0.02989	0.03119	0.05255	0.04870	0.01105	0.00314	0.00895	0.00953	0.00779	0.01343
15	0.01293	0.00897	0.01128	0.01128	0.01181	0.00950	0.00732	0.01399	0.01346	0.01848	0.02680	0.05083	0.02917	0.48159	0.24495	0.01056	0.01372	0.01188	0.00521	0.00627
16	0.01278	0.00959	0.01438	0.01438	0.01598	0.01118	0.01118	0.01598	0.01438	0.02077	0.02396	0.03515	0.02237	0.06710	0.65013	0.01438	0.02396	0.00959	0.00479	0.00799
17	0.02392	0.69097	0.04688	0.01531	0.02296	0.03540	0.01531	0.02679	0.01818	0.02105	0.01244	0.01435	0.01148	0.00765	0.00574	0.00191	0.00957	0.00478	0.00383	0.01148
18	0.01310	0.00961	0.01076	0.01075	0.01211	0.00940	0.00721	0.01587	0.05524	0.02213	0.07968	0.06750	0.18275	0.38842	0.02995	0.00622	0.00726	0.05828	0.00685	0.00691
19	0.01304	0.00990	0.01478	0.01455	0.01606	0.01042	0.04258	0.01558	0.01560	0.02149	0.03185	0.18081	0.03417	0.17450	0.30441	0.00945	0.01511	0.06219	0.00594	0.00758
20	0.02358	0.65482	0.08010	0.01588	0.02385	0.03458	0.01630	0.02688	0.01822	0.02146	0.01264	0.01461	0.01147	0.00770	0.00590	0.00197	0.00977	0.00489	0.00382	0.01158
21	0.01731	0.01632	0.02758	0.61611	0.10636	0.01999	0.02505	0.02322	0.01808	0.02336	0.01597	0.02372	0.01210	0.00887	0.00894	0.00296	0.01182	0.00795	0.00401	0.01027
22	0.01112	0.00788	0.01032	0.01217	0.01264	0.00741	0.00800	0.01252	0.01670	0.02226	0.04709	0.61458	0.05638	0.09701	0.01500	0.00416	0.00556	0.02413	0.00800	0.00707
23	0.01917	0.01058	0.01270	0.01172	0.01537	0.00911	0.00893	0.02164	0.02124	0.20040	0.06636	0.18935	0.33795	0.02040	0.01029	0.00307	0.00555	0.01735	0.00910	0.00971
24	0.01075	0.00907	0.00931	0.00925	0.01219	0.00763	0.00694	0.01318	0.02081	0.02516	0.13599	0.08446	0.58017	0.02229	0.01057	0.00300	0.00451	0.01865	0.00844	0.00763
25	0.01090	0.00779	0.01038	0.01246	0.01298	0.00727	0.00830	0.01246	0.01713	0.02284	0.04931	0.67975	0.05917	0.02803	0.01142	0.00363	0.00519	0.02543	0.00830	0.00727
26	0.02941	0.03353	0.02132	0.01938	0.02350	0.46557	0.01461	0.05882	0.02455	0.02629	0.01789	0.02054	0.01445	0.00958	0.00767	0.00227	0.01295	0.00649	0.18104	0.01011
27	0.01324	0.00983	0.01348	0.01326	0.01420	0.01121	0.00962	0.01524	0.01386	0.01960	0.02477	0.04254	0.02536	0.28291	0.40136	0.01177	0.05492	0.01070	0.00497	0.00718
28	0.01266	0.00853	0.00986	0.01020	0.01028	0.00844	0.00589	0.01292	0.01368	0.01825	0.03164	0.16019	0.03689	0.57799	0.03995	0.00785	0.00810	0.01504	0.00589	0.00572
29	0.01581	0.01403	0.02018	0.01843	0.01932	0.01841	0.01492	0.01845	0.01408	0.02111	0.01852	0.02821	0.01764	0.04419	0.37369	0.00972	0.31130	0.00880	0.00440	0.00879
30	0.01578	0.01400	0.02080	0.32169	0.08870	0.01553	0.01773	0.04935	0.01997	0.02551	0.04096	0.11540	0.18946	0.01496	0.00967	0.00302	0.00887	0.01300	0.00598	0.00960
31	0.02544	0.02567	0.02679	0.06453	0.02777	0.16828	0.01888	0.14109	0.02232	0.02870	0.01444	0.01945	0.01240	0.01277	0.01909	0.00324	0.34559	0.00741	0.00509	0.01102
32	0.03174	0.04715	0.06523	0.02462	0.12401	0.04726	0.01822	0.09950	0.02449	0.30891	0.02487	0.02480	0.01726	0.01069	0.01118	0.00283	0.08734	0.00813	0.00787	0.01392
33	0.02130	0.02496	0.10438	0.04500	0.33521	0.02176	0.25706	0.02803	0.02052	0.02891	0.01726	0.02261	0.01364	0.00785	0.00950	0.00282	0.01268	0.00887	0.00440	0.01323
34	0.01655	0.01512	0.02160	0.01943	0.02014	0.02018	0.01584	0.01906	0.01400	0.02119	0.01719	0.02651	0.01648	0.03857	0.30586	0.00858	0.38181	0.00861	0.00431	0.00899
35	0.01690	0.01590	0.02683	0.66408	0.06162	0.01988	0.02485	0.02286	0.01789	0.02286	0.01590	0.02385	0.01193	0.00894	0.00894	0.00298	0.01193	0.00795	0.00398	0.00994
36	0.01280	0.01440	0.11306	0.01364	0.01605	0.00997	0.01133	0.01525	0.01596	0.02180	0.03640	0.35195	0.04192	0.25736	0.02301	0.00528	0.00774	0.01796	0.00654	0.00759
37	0.01627	0.00947	0.01178	0.01126	0.01352	0.00877	0.00822	0.01940	0.02135	0.10342	0.26751	0.15878	0.08811	0.08799	0.01348	0.00345	0.00527	0.01538	0.12788	0.00868
