[name]
unknown

[dist]
# distance from previous block
# <min> <max>
0	17

[block]
# block no. 0 follows, 22 sequences, length 72
# corresponding to MSA columns:
# 17-88
name=unknown_A
#
# <colnr> <probs for GDERKNQSTAVLIFYWHMCP>
#	G	D	E	R	K	N	Q	S	T	A	V	L	I	F	Y	W	H	M	C	P
0	0.01592	0.20101	0.05218	0.01540	0.01920	0.01631	0.01442	0.01971	0.01844	0.02349	0.03386	0.06843	0.03603	0.01796	0.00965	0.00322	0.00820	0.41152	0.00635	0.00868
1	0.05526	0.20302	0.13779	0.01856	0.02472	0.30635	0.01709	0.02757	0.01963	0.02190	0.01620	0.01861	0.03629	0.01194	0.04934	0.00289	0.01268	0.00593	0.00415	0.01008
2	0.05256	0.02053	0.03200	0.03239	0.22743	0.05241	0.18010	0.05181	0.10030	0.05746	0.01864	0.02183	0.01450	0.00838	0.00936	0.00258	0.04512	0.00796	0.00522	0.05943
3	0.14109	0.05805	0.01897	0.01628	0.02025	0.36344	0.01251	0.02654	0.02036	0.02446	0.05435	0.02549	0.07818	0.01305	0.04394	0.00288	0.01142	0.00722	0.05252	0.00899
4	0.05410	0.51573	0.09831	0.01585	0.02317	0.06555	0.01582	0.08467	0.01937	0.02419	0.01276	0.01447	0.01092	0.00757	0.00598	0.00198	0.00946	0.00495	0.00412	0.01103
5	0.02464	0.01865	0.02016	0.01717	0.02246	0.02093	0.01363	0.16950	0.45111	0.10007	0.03073	0.02835	0.02247	0.01089	0.00841	0.00272	0.00718	0.00888	0.00860	0.01346
6	0.01187	0.00890	0.01335	0.01335	0.01483	0.01038	0.01038	0.01483	0.01335	0.01928	0.02225	0.03264	0.02077	0.06231	0.67512	0.01335	0.02225	0.00890	0.00445	0.00742
7	0.01871	0.01257	0.01502	0.01430	0.01754	0.01287	0.01145	0.12786	0.08562	0.09244	0.04110	0.19492	0.09477	0.01815	0.00972	0.00309	0.00665	0.17296	0.04054	0.00973
8	0.01012	0.00723	0.00964	0.01157	0.01205	0.00675	0.00771	0.01157	0.01591	0.02121	0.04579	0.70262	0.05495	0.02603	0.01060	0.00337	0.00482	0.02362	0.00771	0.00675
9	0.01569	0.01477	0.02492	0.68808	0.05722	0.01846	0.02307	0.02123	0.01661	0.02123	0.01477	0.02215	0.01107	0.00831	0.00831	0.00277	0.01107	0.00738	0.00369	0.00923
10	0.01265	0.00970	0.01403	0.01367	0.01494	0.01160	0.01062	0.01535	0.01338	0.01964	0.02159	0.03253	0.02043	0.09640	0.54412	0.01160	0.08600	0.00890	0.03543	0.00744
11	0.02800	0.03460	0.02344	0.02113	0.02456	0.53439	0.01618	0.03012	0.02124	0.02023	0.01290	0.01628	0.01116	0.01186	0.03899	0.00287	0.13259	0.00583	0.00418	0.00944
12	0.01989	0.01905	0.03251	0.13857	0.57388	0.01956	0.02516	0.02491	0.01860	0.02633	0.01551	0.02078	0.01287	0.00753	0.00824	0.00251	0.01003	0.00740	0.00405	0.01262
13	0.02289	0.02497	0.02834	0.12144	0.34552	0.23003	0.02142	0.02691	0.01984	0.02381	0.01494	0.01955	0.01246	0.01053	0.03999	0.00292	0.01226	0.00681	0.00413	0.01124
14	0.01762	0.01655	0.02671	0.03907	0.47422	0.01619	0.02015	0.02184	0.01914	0.02633	0.06205	0.03647	0.16631	0.01106	0.00867	0.00255	0.00826	0.01014	0.00520	0.01146
15	0.01273	0.01109	0.01463	0.01370	0.01529	0.01299	0.01088	0.01509	0.01523	0.02062	0.04196	0.04622	0.24896	0.03508	0.26731	0.00703	0.18643	0.01164	0.00543	0.00770
16	0.01061	0.00734	0.00948	0.01111	0.01163	0.00693	0.00734	0.01205	0.01561	0.02124	0.04284	0.60213	0.05067	0.09203	0.01345	0.00375	0.00508	0.02161	0.04845	0.00663
17	0.01885	0.01025	0.01228	0.01075	0.01458	0.00879	0.00842	0.02158	0.02118	0.22751	0.15469	0.06078	0.36385	0.01700	0.00935	0.00270	0.00507	0.01423	0.00875	0.00941
18	0.01760	0.02260	0.19149	0.05554	0.19539	0.01762	0.02116	0.02276	0.01794	0.05202	0.10097	0.08146	0.02428	0.01171	0.01184	0.00282	0.12743	0.00942	0.00506	0.01087
19	0.01012	0.00723	0.00964	0.01157	0.01205	0.00675	0.00771	0.01157	0.01591	0.02121	0.04579	0.70262	0.05495	0.02603	0.01060	0.00337	0.00482	0.02362	0.00771	0.00675
20	0.01012	0.00723	0.00964	0.01157	0.01205	0.00675	0.00771	0.01157	0.01591	0.02121	0.04579	0.70262	0.05495	0.02603	0.01060	0.00337	0.00482	0.02362	0.00771	0.00675
21	0.01173	0.00845	0.01162	0.01185	0.01277	0.00926	0.00846	0.01362	0.01326	0.01855	0.02616	0.11665	0.02757	0.25346	0.40687	0.01060	0.01594	0.01156	0.00500	0.00662
22	0.01666	0.04297	0.66500	0.02368	0.03596	0.01929	0.03069	0.02631	0.01754	0.02631	0.01491	0.01754	0.01052	0.00789	0.00789	0.00263	0.01228	0.00614	0.00351	0.01228
23	0.01012	0.00723	0.00964	0.01157	0.01205	0.00675	0.00771	0.01157	0.01591	0.02121	0.04579	0.70262	0.05495	0.02603	0.01060	0.00337	0.00482	0.02362	0.00771	0.00675
24	0.01305	0.01107	0.01159	0.01100	0.01425	0.01093	0.00838	0.02134	0.19416	0.02697	0.12571	0.06444	0.42026	0.01790	0.00943	0.00279	0.00484	0.01500	0.00806	0.00882
25	0.02055	0.02154	0.02612	0.03540	0.37947	0.15789	0.01934	0.02436	0.02013	0.02517	0.05711	0.03151	0.12523	0.01044	0.00841	0.00246	0.00972	0.00906	0.00501	0.01109
26	0.01266	0.00865	0.01212	0.01212	0.01371	0.00981	0.00938	0.01582	0.01424	0.02184	0.02331	0.03227	0.02088	0.05079	0.52863	0.01085	0.01823	0.00865	0.16854	0.00749
27	0.01666	0.04297	0.66500	0.02368	0.03596	0.01929	0.03069	0.02631	0.01754	0.02631	0.01491	0.01754	0.01052	0.00789	0.00789	0.00263	0.01228	0.00614	0.00351	0.01228
28	0.02008	0.01925	0.03286	0.11349	0.59746	0.01961	0.02526	0.02508	0.01869	0.02656	0.01554	0.02072	0.01295	0.00749	0.00823	0.00250	0.00999	0.00740	0.00407	0.01277
29	0.02421	0.14703	0.03052	0.06081	0.25773	0.22953	0.01928	0.06033	0.02081	0.02445	0.01449	0.01805	0.01220	0.01009	0.03412	0.00269	0.01183	0.00630	0.00429	0.01125
30	0.02056	0.01974	0.03372	0.05099	0.65622	0.01974	0.02550	0.02550	0.01892	0.02714	0.01563	0.02056	0.01316	0.00740	0.00822	0.00247	0.00987	0.00740	0.00411	0.01316
31	0.02100	0.46213	0.06118	0.01559	0.02132	0.09693	0.01463	0.02390	0.01683	0.01989	0.01360	0.01716	0.01237	0.01694	0.11949	0.00389	0.04387	0.00549	0.00378	0.01000
32	0.17126	0.24143	0.05707	0.01566	0.02160	0.16599	0.01382	0.05618	0.04446	0.07755	0.01898	0.01980	0.04716	0.00890	0.00664	0.00225	0.00941	0.00611	0.00521	0.01053
33	0.01277	0.00923	0.01113	0.01081	0.01237	0.00955	0.00769	0.04719	0.01573	0.02128	0.03707	0.04964	0.15971	0.27406	0.23871	0.00803	0.01172	0.01173	0.04470	0.00688
34	0.02183	0.02231	0.02768	0.03509	0.34774	0.15897	0.05084	0.05328	0.01972	0.02494	0.01710	0.02524	0.01558	0.12813	0.01400	0.00338	0.01084	0.00789	0.00451	0.01095
35	0.01445	0.01354	0.04712	0.01174	0.01725	0.00993	0.00975	0.01804	0.01850	0.02672	0.12770	0.07024	0.16026	0.01200	0.00779	0.00195	0.00565	0.01009	0.00622	0.41105
36	0.02243	0.61579	0.04170	0.01813	0.08379	0.05945	0.01540	0.02530	0.01737	0.02032	0.01201	0.01411	0.01091	0.00720	0.00571	0.00186	0.00925	0.00477	0.00364	0.01086
37	0.01208	0.00805	0.00906	0.00906	0.00906	0.00805	0.00503	0.01208	0.01208	0.01611	0.02618	0.05436	0.03020	0.70804	0.04228	0.00805	0.00805	0.01208	0.00503	0.00503
38	0.01666	0.04297	0.66500	0.02368	0.03596	0.01929	0.03069	0.02631	0.01754	0.02631	0.01491	0.01754	0.01052	0.00789	0.00789	0.00263	0.01228	0.00614	0.00351	0.01228
39	0.02910	0.18699	0.02792	0.01983	0.02473	0.53422	0.01565	0.03136	0.02208	0.02016	0.01256	0.01462	0.01069	0.00824	0.00702	0.00206	0.01365	0.00515	0.00412	0.00986
40	0.02102	0.56890	0.17722	0.01625	0.02447	0.02995	0.01776	0.02518	0.01702	0.02100	0.01227	0.01423	0.01063	0.00728	0.00588	0.00196	0.00961	0.00481	0.00354	0.01101
41	0.01888	0.02934	0.29995	0.03131	0.22785	0.01981	0.05229	0.02990	0.15223	0.02840	0.01929	0.02160	0.01464	0.00843	0.00820	0.00263	0.01037	0.00740	0.00479	0.01269
42	0.01872	0.01349	0.01522	0.01317	0.01542	0.01481	0.00954	0.20613	0.02088	0.02854	0.02310	0.03915	0.02307	0.38175	0.06057	0.00602	0.05232	0.00998	0.03975	0.00838
43	0.01187	0.00890	0.01335	0.01335	0.01483	0.01038	0.01038	0.01483	0.01335	0.01928	0.02225	0.03264	0.02077	0.06231	0.67512	0.01335	0.02225	0.00890	0.00445	0.00742
44	0.03004	0.03771	0.02451	0.02421	0.08555	0.61251	0.01695	0.03244	0.02310	0.02098	0.01311	0.01551	0.01093	0.00845	0.00756	0.00217	0.01450	0.00555	0.00426	0.00997
45	0.01385	0.01230	0.02223	0.01867	0.02184	0.01298	0.16691	0.01770	0.01489	0.02100	0.02105	0.03105	0.01913	0.07838	0.47614	0.01042	0.01949	0.00928	0.00441	0.00827
46	0.01023	0.00812	0.00920	0.00958	0.01164	0.00709	0.00694	0.01248	0.01895	0.02401	0.17259	0.23661	0.39999	0.02162	0.01002	0.00292	0.00431	0.01866	0.00796	0.00709
47	0.01788	0.18963	0.52898	0.02161	0.03275	0.02226	0.02709	0.02600	0.01739	0.02483	0.01417	0.01662	0.01055	0.00772	0.00733	0.00244	0.01153	0.00577	0.00352	0.01192
48	0.02691	0.03089	0.02403	0.02201	0.04853	0.40510	0.01660	0.09143	0.02209	0.02382	0.01370	0.01726	0.01167	0.01251	0.04322	0.00305	0.16635	0.00625	0.00456	0.01001
49	0.00999	0.00810	0.00887	0.00935	0.01150	0.00698	0.00676	0.01201	0.01835	0.02263	0.10104	0.24463	0.46649	0.02217	0.01003	0.00295	0.00436	0.01903	0.00778	0.00698
50	0.01010	0.00805	0.00906	0.00961	0.01160	0.00701	0.00690	0.01217	0.01841	0.02308	0.12589	0.27561	0.40880	0.02224	0.01007	0.00297	0.00437	0.01922	0.00785	0.00701
51	0.01969	0.01953	0.03552	0.04502	0.48212	0.01919	0.15497	0.02486	0.01888	0.02665	0.01779	0.06420	0.01569	0.00850	0.00872	0.00260	0.01045	0.00895	0.00436	0.01233
52	0.01011	0.00728	0.00959	0.01144	0.01202	0.00676	0.00766	0.01158	0.01603	0.02126	0.04733	0.67762	0.07895	0.02583	0.01057	0.00335	0.00480	0.02337	0.00771	0.00676
53	0.01012	0.00723	0.00964	0.01157	0.01205	0.00675	0.00771	0.01157	0.01591	0.02121	0.04579	0.70262	0.05495	0.02603	0.01060	0.00337	0.00482	0.02362	0.00771	0.00675
54	0.01208	0.00805	0.00906	0.00906	0.00906	0.00805	0.00503	0.01208	0.01208	0.01611	0.02618	0.05436	0.03020	0.70804	0.04228	0.00805	0.00805	0.01208	0.00503	0.00503
55	0.03037	0.03833	0.02419	0.02328	0.06565	0.63317	0.01665	0.03269	0.02325	0.02076	0.01302	0.01533	0.01086	0.00849	0.00754	0.00216	0.01466	0.00548	0.00427	0.00985
56	0.01187	0.00890	0.01335	0.01335	0.01483	0.01038	0.01038	0.01483	0.01335	0.01928	0.02225	0.03264	0.02077	0.06231	0.67512	0.01335	0.02225	0.00890	0.00445	0.00742
57	0.01005	0.00842	0.00873	0.00866	0.01136	0.00711	0.00649	0.01237	0.01948	0.02373	0.15133	0.07783	0.58488	0.02056	0.00982	0.00278	0.00417	0.01724	0.00788	0.00711
58	0.01208	0.00805	0.00906	0.00906	0.00906	0.00805	0.00503	0.01208	0.01208	0.01611	0.02618	0.05436	0.03020	0.70804	0.04228	0.00805	0.00805	0.01208	0.00503	0.00503
59	0.02910	0.18699	0.02792	0.01983	0.02473	0.53422	0.01565	0.03136	0.02208	0.02016	0.01256	0.01462	0.01069	0.00824	0.00702	0.00206	0.01365	0.00515	0.00412	0.00986
60	0.01036	0.00762	0.00972	0.01091	0.01199	0.00698	0.00753	0.01234	0.01768	0.02351	0.15773	0.49912	0.14655	0.02371	0.01035	0.00316	0.00457	0.02122	0.00796	0.00698
61	0.03080	0.06802	0.02516	0.02008	0.02549	0.37406	0.01585	0.27782	0.02958	0.03347	0.01570	0.01694	0.01211	0.00907	0.00772	0.00227	0.01226	0.00618	0.00590	0.01154
62	0.02201	0.06293	0.19060	0.03381	0.29699	0.10611	0.02351	0.08114	0.05333	0.02830	0.01621	0.01920	0.01277	0.00809	0.00792	0.00245	0.01086	0.00678	0.00455	0.01244
63	0.01991	0.27001	0.39340	0.02025	0.03002	0.08596	0.02372	0.02647	0.01788	0.02345	0.01357	0.01587	0.01059	0.00769	0.00699	0.00229	0.01138	0.00549	0.00360	0.01148
64	0.02177	0.02300	0.01952	0.01900	0.05221	0.27248	0.01391	0.07282	0.04800	0.02342	0.01858	0.02404	0.01613	0.03206	0.29738	0.00708	0.01704	0.00735	0.00486	0.00936
65	0.01597	0.09386	0.01728	0.01337	0.01611	0.01427	0.01061	0.10606	0.01850	0.02574	0.02618	0.17245	0.02600	0.03511	0.28915	0.00712	0.01319	0.01122	0.07916	0.00868
66	0.02308	0.13305	0.02209	0.01520	0.02022	0.05061	0.01250	0.09053	0.21406	0.13277	0.03241	0.03169	0.09413	0.01616	0.07131	0.00354	0.00890	0.00893	0.00725	0.01155
67	0.01655	0.23485	0.02543	0.01531	0.01820	0.02074	0.01310	0.01905	0.01429	0.01940	0.01652	0.02417	0.01576	0.05913	0.29597	0.00734	0.16422	0.00725	0.00401	0.00872
68	0.02024	0.42307	0.03046	0.01288	0.01818	0.02414	0.01186	0.05377	0.04607	0.02476	0.01761	0.02017	0.01485	0.01159	0.04820	0.00263	0.00836	0.00594	0.19521	0.01000
69	0.05045	0.01739	0.02145	0.02531	0.19812	0.04231	0.01560	0.03244	0.30753	0.03136	0.10800	0.06238	0.02900	0.01137	0.00849	0.00268	0.00738	0.00988	0.00700	0.01186
70	0.02253	0.46443	0.09962	0.01598	0.02304	0.05868	0.01568	0.02938	0.12194	0.05362	0.01669	0.01750	0.01358	0.00810	0.00636	0.00209	0.00904	0.00567	0.00472	0.01136
71	0.02277	0.21242	0.13531	0.01863	0.02440	0.26544	0.01721	0.02643	0.01876	0.02095	0.01427	0.01789	0.01226	0.01680	0.11343	0.00396	0.03927	0.00588	0.00396	0.00998

[dist]
# distance from previous block
# <min> <max>
0	2

[block]
# block no. 1 follows, 22 sequences, length 20
# corresponding to MSA columns:
# 91-110
name=unknown_B
#
# <colnr> <probs for GDERKNQSTAVLIFYWHMCP>
#	G	D	E	R	K	N	Q	S	T	A	V	L	I	F	Y	W	H	M	C	P
0	0.02429	0.02507	0.02030	0.01896	0.05481	0.27689	0.01392	0.16039	0.04932	0.02919	0.05289	0.03158	0.12882	0.01547	0.05828	0.00324	0.01130	0.00887	0.00614	0.01026
1	0.01352	0.01047	0.01208	0.01095	0.01387	0.00978	0.00839	0.01602	0.01683	0.02365	0.04278	0.05247	0.22198	0.12508	0.01511	0.00335	0.05713	0.06973	0.10861	0.16818
2	0.02426	0.21505	0.03003	0.05474	0.02587	0.27122	0.04128	0.02866	0.07146	0.02158	0.01419	0.01712	0.01206	0.00935	0.01054	0.00242	0.12963	0.00607	0.00429	0.01016
3	0.09980	0.07072	0.08830	0.05401	0.12304	0.01834	0.01576	0.02839	0.21119	0.02876	0.03353	0.03362	0.13848	0.01132	0.00802	0.00263	0.00762	0.00929	0.00614	0.01105
4	0.02626	0.02686	0.01990	0.01756	0.02164	0.33709	0.01354	0.16166	0.02479	0.02927	0.01802	0.02090	0.01447	0.01503	0.08138	0.00343	0.01250	0.00665	0.13902	0.01005
5	0.01414	0.06495	0.01408	0.01140	0.01365	0.01181	0.00861	0.06386	0.01694	0.02292	0.03555	0.07708	0.14441	0.18587	0.20887	0.00689	0.01106	0.01144	0.06888	0.00759
6	0.02195	0.01667	0.01989	0.01669	0.02007	0.01959	0.01359	0.27128	0.02451	0.03495	0.01961	0.02401	0.01598	0.02227	0.15677	0.00501	0.15774	0.00778	0.12100	0.01061
7	0.02904	0.02158	0.02324	0.01834	0.02435	0.02386	0.01494	0.53527	0.08233	0.04854	0.02306	0.07550	0.01824	0.01136	0.00850	0.00259	0.00860	0.00892	0.00827	0.01346
8	0.02798	0.01980	0.02109	0.01657	0.02217	0.02174	0.01356	0.49245	0.03423	0.04758	0.02154	0.02241	0.01573	0.00991	0.00775	0.00237	0.00796	0.00754	0.17491	0.01270
9	0.03158	0.02327	0.02493	0.01911	0.02576	0.02576	0.01579	0.62852	0.03906	0.05236	0.01995	0.01995	0.01413	0.00997	0.00831	0.00249	0.00914	0.00748	0.00831	0.01413
10	0.03158	0.02327	0.02493	0.01911	0.02576	0.02576	0.01579	0.62852	0.03906	0.05236	0.01995	0.01995	0.01413	0.00997	0.00831	0.00249	0.00914	0.00748	0.00831	0.01413
11	0.01898	0.32325	0.40505	0.01972	0.02983	0.02497	0.02380	0.02571	0.01726	0.02348	0.01350	0.01578	0.01058	0.00756	0.00682	0.00227	0.01086	0.00543	0.00353	0.01160
12	0.05855	0.02364	0.01947	0.01882	0.06900	0.25980	0.01346	0.06075	0.07603	0.11778	0.03400	0.03342	0.15712	0.01178	0.00821	0.00247	0.00962	0.00909	0.00651	0.01048
13	0.01416	0.01057	0.01230	0.01231	0.01449	0.01045	0.00895	0.12984	0.02102	0.02745	0.04941	0.43275	0.18068	0.02184	0.00999	0.00308	0.00551	0.01917	0.00783	0.00822
14	0.03091	0.02664	0.02431	0.01951	0.02553	0.17045	0.01572	0.46608	0.06595	0.04432	0.01906	0.01939	0.01393	0.00972	0.00813	0.00243	0.01032	0.00710	0.00742	0.01307
15	0.01921	0.35020	0.38005	0.01934	0.02925	0.02552	0.02314	0.02565	0.01724	0.02321	0.01337	0.01561	0.01059	0.00753	0.00672	0.00224	0.01072	0.00536	0.00353	0.01154
16	0.01453	0.07510	0.15980	0.01386	0.01901	0.06454	0.01357	0.01886	0.02005	0.02583	0.21011	0.05074	0.25273	0.01491	0.00884	0.00258	0.00715	0.01230	0.00656	0.00891
17	0.01293	0.00918	0.01149	0.01168	0.01271	0.00955	0.00801	0.06194	0.01583	0.02147	0.03150	0.26836	0.03526	0.27469	0.17008	0.00719	0.01021	0.01495	0.00608	0.00688
18	0.01417	0.01246	0.01263	0.01269	0.01504	0.06244	0.00926	0.02085	0.15215	0.02584	0.12571	0.29378	0.17227	0.01930	0.00963	0.00294	0.00575	0.01677	0.00778	0.00854
19	0.02740	0.03243	0.02170	0.01968	0.02361	0.49640	0.01495	0.07647	0.02281	0.02265	0.01520	0.01875	0.01290	0.01897	0.13546	0.00432	0.01592	0.00620	0.00463	0.00956

[dist]
# distance from previous block
# <min> <max>
3	6

[block]
# block no. 2 follows, 22 sequences, length 6
# corresponding to MSA columns:
# 117-122
name=unknown_C
#
# <colnr> <probs for GDERKNQSTAVLIFYWHMCP>
#	G	D	E	R	K	N	Q	S	T	A	V	L	I	F	Y	W	H	M	C	P
0	0.23433	0.02478	0.27909	0.01565	0.02260	0.01564	0.01705	0.02179	0.01646	0.02841	0.07127	0.03033	0.07862	0.09756	0.01173	0.00331	0.00863	0.00817	0.00501	0.00957
1	0.01557	0.01139	0.01317	0.01231	0.01466	0.01138	0.00884	0.14246	0.02089	0.02808	0.08895	0.27668	0.08696	0.17049	0.01672	0.00399	0.00639	0.01547	0.00722	0.04837
2	0.02634	0.02359	0.02153	0.01714	0.02304	0.16345	0.01356	0.29399	0.02802	0.03617	0.01738	0.02030	0.01390	0.05299	0.00971	0.00243	0.00955	0.00661	0.00630	0.21401
3	0.02427	0.11203	0.25450	0.02092	0.02863	0.18720	0.02112	0.16000	0.02342	0.02940	0.01488	0.01699	0.01140	0.00883	0.00876	0.00244	0.05269	0.00611	0.00477	0.01165
4	0.01122	0.00792	0.00961	0.01007	0.01087	0.00752	0.00656	0.01267	0.01625	0.02184	0.16888	0.25754	0.10098	0.29428	0.02294	0.00502	0.00586	0.01671	0.00695	0.00632
5	0.01167	0.00788	0.00918	0.00959	0.00969	0.00778	0.00560	0.01197	0.01289	0.01718	0.03030	0.19086	0.03541	0.56444	0.03561	0.00707	0.00737	0.01451	0.00560	0.00539

[dist]
# distance from previous block
# <min> <max>
0	1

[block]
# block no. 3 follows, 22 sequences, length 7
# corresponding to MSA columns:
# 124-130
name=unknown_D
#
# <colnr> <probs for GDERKNQSTAVLIFYWHMCP>
#	G	D	E	R	K	N	Q	S	T	A	V	L	I	F	Y	W	H	M	C	P
0	0.01283	0.00961	0.01116	0.01086	0.01200	0.00975	0.00717	0.01535	0.06136	0.01981	0.03370	0.15970	0.08685	0.40182	0.02854	0.00576	0.04117	0.01361	0.00590	0.05303
1	0.02514	0.02852	0.02778	0.03442	0.31731	0.32124	0.01996	0.02869	0.02092	0.02399	0.01428	0.01774	0.01196	0.00784	0.00773	0.00222	0.01195	0.00627	0.00425	0.06778
2	0.06995	0.02731	0.19141	0.02700	0.16485	0.11662	0.06640	0.02807	0.09880	0.02762	0.05437	0.02503	0.04784	0.00936	0.00813	0.00256	0.01033	0.00791	0.00505	0.01139
3	0.02044	0.10458	0.01986	0.01577	0.04139	0.10524	0.01237	0.07475	0.06903	0.07347	0.10800	0.04519	0.10768	0.01377	0.00856	0.00262	0.00778	0.10632	0.05331	0.00987
4	0.02379	0.10882	0.02754	0.02059	0.02427	0.22073	0.05673	0.10141	0.02033	0.02451	0.01407	0.01837	0.01218	0.01484	0.07041	0.00359	0.21655	0.00668	0.00452	0.01008
5	0.02351	0.01329	0.01575	0.01344	0.01808	0.01296	0.01064	0.03231	0.19874	0.26975	0.10279	0.04471	0.18065	0.01379	0.00887	0.00270	0.00594	0.01149	0.00903	0.01154
6	0.02245	0.02491	0.03545	0.03726	0.27983	0.16817	0.20524	0.02715	0.01970	0.02490	0.01500	0.01968	0.01227	0.00808	0.00998	0.00258	0.06409	0.00766	0.00414	0.01146

[dist]
# distance from previous block
# <min> <max>
0	1

[block]
# block no. 4 follows, 22 sequences, length 7
# corresponding to MSA columns:
# 132-138
name=unknown_E
#
# <colnr> <probs for GDERKNQSTAVLIFYWHMCP>
#	G	D	E	R	K	N	Q	S	T	A	V	L	I	F	Y	W	H	M	C	P
0	0.22987	0.02383	0.17384	0.02738	0.20190	0.02048	0.02057	0.02427	0.01599	0.02836	0.01336	0.01738	0.01091	0.00905	0.01113	0.00277	0.14755	0.00626	0.00416	0.01095
1	0.02178	0.26895	0.14531	0.02356	0.13304	0.10655	0.01911	0.02966	0.12792	0.02482	0.01692	0.01862	0.01365	0.00821	0.00710	0.00227	0.01001	0.00623	0.00459	0.01168
2	0.04864	0.01594	0.09512	0.01370	0.01792	0.01365	0.01220	0.02434	0.15103	0.05661	0.14292	0.04404	0.17493	0.01391	0.00976	0.00269	0.05270	0.01122	0.08893	0.00973
3	0.01874	0.01911	0.01626	0.01466	0.01844	0.19095	0.01126	0.05080	0.06170	0.02396	0.03515	0.03721	0.17744	0.02426	0.16441	0.00488	0.01199	0.00959	0.00575	0.10343
4	0.01883	0.15706	0.02595	0.06268	0.02246	0.02260	0.01488	0.06189	0.01604	0.02246	0.01438	0.02230	0.01381	0.10378	0.01993	0.00345	0.29491	0.00710	0.00427	0.09121
5	0.01862	0.01924	0.01792	0.01616	0.01856	0.16966	0.01263	0.05932	0.01972	0.02387	0.07891	0.09052	0.20254	0.01575	0.01396	0.00288	0.19358	0.01154	0.00594	0.00869
6	0.02299	0.17054	0.13949	0.01825	0.02384	0.21989	0.01700	0.06018	0.01987	0.02455	0.01521	0.01807	0.01242	0.00906	0.00914	0.00231	0.08732	0.00599	0.11365	0.01023

[dist]
# distance from previous block
# <min> <max>
12	24

[block]
# block no. 5 follows, 22 sequences, length 10
# corresponding to MSA columns:
# 163-172
name=unknown_F
#
# <colnr> <probs for GDERKNQSTAVLIFYWHMCP>
#	G	D	E	R	K	N	Q	S	T	A	V	L	I	F	Y	W	H	M	C	P
0	0.02228	0.02365	0.02952	0.04097	0.46118	0.17412	0.02190	0.02636	0.02001	0.02519	0.01981	0.02343	0.05775	0.00864	0.00816	0.00241	0.01068	0.00763	0.00441	0.01189
1	0.20307	0.05076	0.26696	0.06944	0.08458	0.01892	0.04335	0.05328	0.01838	0.03039	0.07192	0.02131	0.01681	0.00869	0.00745	0.00258	0.00957	0.00688	0.00475	0.01092
2	0.15462	0.02546	0.12186	0.05302	0.15328	0.14137	0.11386	0.02598	0.01916	0.02780	0.07194	0.02190	0.01729	0.00859	0.00788	0.00253	0.01073	0.00737	0.00469	0.01068
3	0.24265	0.08892	0.02220	0.01925	0.07025	0.28478	0.01411	0.03063	0.07442	0.05917	0.01542	0.01691	0.01218	0.00842	0.00680	0.00234	0.01041	0.00569	0.00512	0.01035
4	0.01810	0.01766	0.13998	0.01416	0.01974	0.01220	0.01342	0.06929	0.02178	0.12378	0.18776	0.07596	0.15720	0.01393	0.00881	0.00255	0.00672	0.01172	0.00742	0.07781
5	0.02967	0.14585	0.02686	0.02005	0.02499	0.51466	0.01573	0.08451	0.02385	0.02304	0.01326	0.01516	0.01100	0.00845	0.00722	0.00211	0.01349	0.00539	0.00452	0.01019
6	0.02191	0.11742	0.02011	0.01474	0.01868	0.14570	0.01188	0.02593	0.05193	0.13440	0.19633	0.09029	0.03820	0.01368	0.00859	0.00257	0.00790	0.06259	0.00729	0.00984
7	0.02492	0.12478	0.02506	0.02099	0.06806	0.38743	0.01533	0.02729	0.02059	0.02127	0.04020	0.09944	0.01868	0.01111	0.00913	0.00239	0.06100	0.00805	0.00471	0.00958
8	0.01685	0.01776	0.06384	0.01965	0.11191	0.07370	0.01405	0.02538	0.17107	0.02722	0.09105	0.04858	0.21441	0.01441	0.00902	0.00274	0.00739	0.05396	0.00686	0.01013
9	0.02468	0.02392	0.02609	0.02281	0.07103	0.18558	0.11037	0.21141	0.02512	0.03113	0.01825	0.02415	0.01537	0.09077	0.07821	0.00414	0.01262	0.00794	0.00560	0.01080

[dist]
# distance from previous block
# <min> <max>
36	65

[block]
# block no. 6 follows, 22 sequences, length 95
# corresponding to MSA columns:
# 239-333
name=unknown_G
#
# <colnr> <probs for GDERKNQSTAVLIFYWHMCP>
#	G	D	E	R	K	N	Q	S	T	A	V	L	I	F	Y	W	H	M	C	P
0	0.07357	0.07498	0.02408	0.06056	0.02676	0.55943	0.01595	0.03146	0.02218	0.02135	0.01281	0.01523	0.01062	0.00841	0.00728	0.00218	0.01389	0.00537	0.00425	0.00963
1	0.02790	0.18297	0.02927	0.02316	0.10043	0.39390	0.01676	0.08710	0.02301	0.02403	0.01357	0.01576	0.01131	0.00824	0.00718	0.00213	0.01248	0.00560	0.00448	0.01071
2	0.02303	0.16909	0.02778	0.01896	0.02348	0.22550	0.06919	0.06248	0.05013	0.02369	0.01627	0.02000	0.01378	0.01672	0.10605	0.00393	0.07217	0.00668	0.04111	0.00997
3	0.01860	0.22900	0.02596	0.01643	0.01934	0.09992	0.01374	0.02073	0.01647	0.02049	0.02222	0.19733	0.02428	0.01500	0.01301	0.00283	0.18661	0.04412	0.00497	0.00895
4	0.01237	0.00898	0.01158	0.01257	0.01412	0.00870	0.00952	0.04867	0.01932	0.02573	0.13499	0.38141	0.09002	0.02273	0.01052	0.00329	0.00560	0.16437	0.00794	0.00757
5	0.02933	0.02528	0.02337	0.01899	0.02456	0.16605	0.01526	0.43186	0.03288	0.04177	0.01864	0.02023	0.01410	0.01533	0.08031	0.00359	0.01184	0.00717	0.00701	0.01242
6	0.02274	0.26061	0.22166	0.01902	0.02638	0.22887	0.01921	0.02718	0.01890	0.02162	0.01379	0.01744	0.01174	0.04765	0.00888	0.00250	0.01177	0.00567	0.00385	0.01050
7	0.01740	0.01498	0.01644	0.01500	0.01694	0.07312	0.01136	0.02318	0.12654	0.05297	0.15621	0.10131	0.03557	0.13754	0.01880	0.00386	0.15175	0.01155	0.00662	0.00887
8	0.01164	0.00792	0.00937	0.00971	0.00999	0.00776	0.00585	0.01230	0.01391	0.01872	0.08650	0.19074	0.03971	0.50320	0.03273	0.00659	0.00701	0.01476	0.00596	0.00564
9	0.01208	0.00805	0.00906	0.00906	0.00906	0.00805	0.00503	0.01208	0.01208	0.01611	0.02618	0.05436	0.03020	0.70804	0.04228	0.00805	0.00805	0.01208	0.00503	0.00503
10	0.03103	0.03959	0.02354	0.02140	0.02568	0.67469	0.01605	0.03317	0.02354	0.02033	0.01284	0.01498	0.01070	0.00856	0.00749	0.00214	0.01498	0.00535	0.00428	0.00963
11	0.01195	0.00820	0.00998	0.01007	0.01040	0.00849	0.00627	0.01264	0.01251	0.01699	0.02619	0.07749	0.02928	0.54378	0.17339	0.00896	0.01089	0.01191	0.00503	0.00561
12	0.02119	0.08884	0.02561	0.02023	0.02210	0.18612	0.01657	0.02327	0.01586	0.01997	0.01247	0.01822	0.01172	0.01664	0.07848	0.00396	0.39900	0.00667	0.00386	0.00922
13	0.01012	0.00723	0.00964	0.01157	0.01205	0.00675	0.00771	0.01157	0.01591	0.02121	0.04579	0.70262	0.05495	0.02603	0.01060	0.00337	0.00482	0.02362	0.00771	0.00675
14	0.02789	0.03364	0.02659	0.03027	0.21476	0.47829	0.01888	0.03087	0.02215	0.02237	0.01368	0.01665	0.01144	0.00821	0.00771	0.00224	0.01345	0.00597	0.00423	0.01069
15	0.01549	0.00774	0.00774	0.00774	0.00968	0.00774	0.00581	0.01936	0.01742	0.03097	0.02710	0.03097	0.02129	0.00968	0.00581	0.00194	0.00387	0.00774	0.75416	0.00774
16	0.02822	0.17768	0.02878	0.02258	0.08479	0.43924	0.01655	0.06628	0.02263	0.02273	0.01326	0.01546	0.01113	0.00823	0.00716	0.00212	0.01287	0.00548	0.00435	0.01045
17	0.01829	0.01819	0.03321	0.31808	0.27257	0.01946	0.15124	0.02392	0.01808	0.02452	0.01551	0.02162	0.01216	0.00770	0.00859	0.00267	0.01125	0.00790	0.00395	0.01108
18	0.03040	0.03840	0.02416	0.02319	0.06370	0.63521	0.01662	0.03271	0.02326	0.02074	0.01301	0.01532	0.01085	0.00849	0.00753	0.00216	0.01467	0.00547	0.00427	0.00984
19	0.02405	0.01881	0.02016	0.01726	0.02249	0.02127	0.01367	0.17176	0.47227	0.07642	0.03072	0.02841	0.02261	0.01093	0.00842	0.00273	0.00717	0.00891	0.00853	0.01342
20	0.01971	0.02337	0.10550	0.04069	0.30497	0.02029	0.30807	0.02610	0.01910	0.02681	0.01611	0.02112	0.01263	0.00726	0.00893	0.00264	0.01206	0.00840	0.00409	0.01215
21	0.02295	0.01898	0.02007	0.01737	0.02247	0.02173	0.01370	0.16646	0.51518	0.03844	0.03091	0.02868	0.02301	0.01100	0.00842	0.00275	0.00711	0.00899	0.00842	0.01335
22	0.01016	0.00811	0.00911	0.00954	0.01161	0.00705	0.00690	0.01233	0.01873	0.02357	0.15022	0.24579	0.41395	0.02184	0.01003	0.00293	0.00433	0.01884	0.00791	0.00705
23	0.01998	0.01914	0.03266	0.12747	0.58431	0.01958	0.02520	0.02498	0.01864	0.02643	0.01552	0.02075	0.01291	0.00751	0.00823	0.00250	0.01001	0.00740	0.00406	0.01269
24	0.01782	0.18322	0.53493	0.02170	0.03289	0.02214	0.02724	0.02601	0.01740	0.02489	0.01421	0.01666	0.01055	0.00773	0.00736	0.00245	0.01157	0.00578	0.00352	0.01194
25	0.02152	0.02132	0.03103	0.04427	0.52377	0.07934	0.02318	0.02840	0.09305	0.02742	0.01753	0.02129	0.01438	0.00797	0.00818	0.00248	0.00994	0.00745	0.00464	0.01284
26	0.01828	0.01700	0.02845	0.04237	0.51531	0.01690	0.02161	0.02245	0.01826	0.02584	0.02222	0.16976	0.02230	0.01148	0.00874	0.00267	0.00876	0.01095	0.00490	0.01176
27	0.02056	0.01974	0.03372	0.05099	0.65622	0.01974	0.02550	0.02550	0.01892	0.02714	0.01563	0.02056	0.01316	0.00740	0.00822	0.00247	0.00987	0.00740	0.00411	0.01316
28	0.01522	0.01340	0.01357	0.01260	0.01546	0.07389	0.00955	0.02285	0.15225	0.03107	0.39352	0.05322	0.12981	0.01547	0.00930	0.00263	0.00556	0.01323	0.00837	0.00902
29	0.01728	0.03867	0.53607	0.02605	0.03752	0.01965	0.15530	0.02637	0.01797	0.02637	0.01531	0.01856	0.01096	0.00771	0.00829	0.00267	0.01264	0.00691	0.00365	0.01205
30	0.02011	0.02238	0.10721	0.04612	0.55235	0.01973	0.02550	0.02650	0.04911	0.02741	0.01643	0.02071	0.01344	0.00765	0.00820	0.00250	0.00999	0.00735	0.00425	0.01305
31	0.01899	0.02671	0.17795	0.03264	0.04186	0.02065	0.50144	0.02655	0.01917	0.02655	0.01641	0.02139	0.01217	0.00719	0.00940	0.00277	0.01364	0.00904	0.00406	0.01143
32	0.00982	0.00842	0.00842	0.00842	0.01122	0.00701	0.00631	0.01192	0.01894	0.02244	0.08416	0.07995	0.65285	0.02104	0.00982	0.00281	0.00421	0.01753	0.00771	0.00701
33	0.01012	0.00723	0.00964	0.01157	0.01205	0.00675	0.00771	0.01157	0.01591	0.02121	0.04579	0.70262	0.05495	0.02603	0.01060	0.00337	0.00482	0.02362	0.00771	0.00675
34	0.02867	0.02349	0.02319	0.01877	0.02467	0.08943	0.01513	0.41611	0.19493	0.04455	0.02286	0.02234	0.01672	0.01017	0.00827	0.00254	0.00906	0.00777	0.00794	0.01342
35	0.00982	0.00842	0.00842	0.00842	0.01122	0.00701	0.00631	0.01192	0.01894	0.02244	0.08416	0.07995	0.65285	0.02104	0.00982	0.00281	0.00421	0.01753	0.00771	0.00701
36	0.01187	0.00890	0.01335	0.01335	0.01483	0.01038	0.01038	0.01483	0.01335	0.01928	0.02225	0.03264	0.02077	0.06231	0.67512	0.01335	0.02225	0.00890	0.00445	0.00742
37	0.01187	0.00890	0.01335	0.01335	0.01483	0.01038	0.01038	0.01483	0.01335	0.01928	0.02225	0.03264	0.02077	0.06231	0.67512	0.01335	0.02225	0.00890	0.00445	0.00742
38	0.02192	0.02207	0.03062	0.04309	0.49877	0.10427	0.02280	0.02872	0.09422	0.02718	0.01745	0.02109	0.01431	0.00802	0.00816	0.00247	0.01013	0.00738	0.00465	0.01270
39	0.02845	0.02156	0.02301	0.01824	0.02433	0.02397	0.01487	0.48209	0.16494	0.04751	0.02531	0.02456	0.04086	0.01067	0.00840	0.00257	0.00841	0.00827	0.00832	0.01365
40	0.01208	0.00805	0.00906	0.00906	0.00906	0.00805	0.00503	0.01208	0.01208	0.01611	0.02618	0.05436	0.03020	0.70804	0.04228	0.00805	0.00805	0.01208	0.00503	0.00503
41	0.03048	0.02245	0.02415	0.01873	0.02506	0.02479	0.01537	0.59682	0.03787	0.05076	0.02127	0.05503	0.01623	0.01080	0.00843	0.00254	0.00892	0.00831	0.00828	0.01375
42	0.02929	0.02213	0.02364	0.01865	0.02489	0.02470	0.01524	0.50621	0.16509	0.04867	0.02285	0.02226	0.01648	0.01024	0.00834	0.00256	0.00860	0.00788	0.00834	0.01392
43	0.02361	0.02410	0.01976	0.01772	0.02224	0.22177	0.01363	0.07299	0.36256	0.03032	0.03071	0.02948	0.07255	0.01117	0.00826	0.00259	0.00913	0.00871	0.00709	0.01161
44	0.01041	0.00844	0.00923	0.00904	0.01158	0.00726	0.00678	0.01307	0.02033	0.02575	0.25700	0.07450	0.47794	0.01980	0.00981	0.00275	0.00412	0.01677	0.00815	0.00726
45	0.00982	0.00842	0.00842	0.00842	0.01122	0.00701	0.00631	0.01192	0.01894	0.02244	0.08416	0.07995	0.65285	0.02104	0.00982	0.00281	0.00421	0.01753	0.00771	0.00701
46	0.02221	0.71304	0.04353	0.01421	0.02132	0.03287	0.01421	0.02488	0.01688	0.01955	0.01155	0.01333	0.01066	0.00711	0.00533	0.00178	0.00888	0.00444	0.00355	0.01066
47	0.01229	0.00916	0.01189	0.01328	0.01538	0.00876	0.01124	0.01555	0.01895	0.02406	0.05499	0.11399	0.21271	0.02255	0.01099	0.00353	0.00660	0.41900	0.00767	0.00744
48	0.01011	0.00728	0.00958	0.01142	0.01201	0.00676	0.00765	0.01158	0.01605	0.02126	0.04757	0.67371	0.08271	0.02580	0.01057	0.00335	0.00479	0.02333	0.00771	0.00676
49	0.01012	0.00723	0.00964	0.01157	0.01205	0.00675	0.00771	0.01157	0.01591	0.02121	0.04579	0.70262	0.05495	0.02603	0.01060	0.00337	0.00482	0.02362	0.00771	0.00675
50	0.03103	0.03959	0.02354	0.02140	0.02568	0.67469	0.01605	0.03317	0.02354	0.02033	0.01284	0.01498	0.01070	0.00856	0.00749	0.00214	0.01498	0.00535	0.00428	0.00963
51	0.03117	0.03554	0.02389	0.02083	0.02570	0.51345	0.01599	0.18110	0.02740	0.02829	0.01461	0.01621	0.01155	0.00891	0.00769	0.00223	0.01353	0.00588	0.00528	0.01075
52	0.02392	0.02182	0.02014	0.01632	0.02200	0.15421	0.01281	0.21892	0.02545	0.03315	0.01971	0.09866	0.01760	0.01024	0.00766	0.00208	0.00881	0.00805	0.00621	0.27222
53	0.02279	0.02766	0.13243	0.02986	0.22494	0.16348	0.02073	0.06293	0.17536	0.02870	0.01964	0.02140	0.01526	0.00883	0.00807	0.00251	0.01053	0.00724	0.00534	0.01229
54	0.01081	0.00845	0.00979	0.00946	0.01183	0.00744	0.00709	0.01384	0.02128	0.02800	0.37462	0.07079	0.35892	0.01896	0.00981	0.00271	0.00406	0.01625	0.00845	0.00744
55	0.06016	0.09979	0.42883	0.02164	0.03034	0.02189	0.02515	0.02468	0.01623	0.02491	0.01352	0.01705	0.01053	0.00926	0.01173	0.00277	0.16050	0.00613	0.00363	0.01124
56	0.00982	0.00842	0.00842	0.00842	0.01122	0.00701	0.00631	0.01192	0.01894	0.02244	0.08416	0.07995	0.65285	0.02104	0.00982	0.00281	0.00421	0.01753	0.00771	0.00701
57	0.02791	0.02114	0.02295	0.01752	0.02423	0.02230	0.01436	0.46710	0.06365	0.04597	0.01949	0.01989	0.01428	0.00920	0.00785	0.00223	0.00836	0.00701	0.00758	0.17698
58	0.02183	0.64691	0.04181	0.01494	0.02137	0.03216	0.01459	0.02441	0.01648	0.01959	0.01149	0.01379	0.01068	0.00781	0.00742	0.00195	0.07398	0.00471	0.00356	0.01051
59	0.00992	0.00835	0.00860	0.00869	0.01132	0.00703	0.00646	0.01206	0.01895	0.02283	0.10610	0.11640	0.59260	0.02116	0.00986	0.00283	0.00423	0.01779	0.00778	0.00703
60	0.00982	0.00842	0.00842	0.00842	0.01122	0.00701	0.00631	0.01192	0.01894	0.02244	0.08416	0.07995	0.65285	0.02104	0.00982	0.00281	0.00421	0.01753	0.00771	0.00701
61	0.01023	0.00759	0.00941	0.01070	0.01174	0.00692	0.00728	0.01186	0.01673	0.02179	0.08136	0.50505	0.18562	0.05778	0.01194	0.00344	0.00480	0.02132	0.00765	0.00677
62	0.01203	0.00824	0.01000	0.01000	0.01032	0.00856	0.00620	0.01268	0.01236	0.01680	0.02532	0.04961	0.02814	0.56679	0.18072	0.00921	0.01116	0.01139	0.00491	0.00556
63	0.01208	0.00805	0.00906	0.00906	0.00906	0.00805	0.00503	0.01208	0.01208	0.01611	0.02618	0.05436	0.03020	0.70804	0.04228	0.00805	0.00805	0.01208	0.00503	0.00503
64	0.00999	0.00775	0.00910	0.01019	0.01169	0.00686	0.00710	0.01172	0.01723	0.02175	0.06258	0.43014	0.31658	0.02384	0.01026	0.00313	0.00455	0.02095	0.00771	0.00686
65	0.01208	0.00805	0.00906	0.00906	0.00906	0.00805	0.00503	0.01208	0.01208	0.01611	0.02618	0.05436	0.03020	0.70804	0.04228	0.00805	0.00805	0.01208	0.00503	0.00503
66	0.02347	0.48528	0.11377	0.01692	0.02403	0.17164	0.01659	0.02686	0.01842	0.02053	0.01224	0.01419	0.01065	0.00752	0.00611	0.00196	0.01063	0.00484	0.00371	0.01063
67	0.02494	0.11360	0.02673	0.02068	0.02364	0.34293	0.01666	0.02702	0.01851	0.02010	0.01193	0.01602	0.01078	0.01072	0.01494	0.00268	0.27866	0.00599	0.00394	0.00954
68	0.01222	0.03978	0.01254	0.01062	0.01281	0.00895	0.00812	0.01609	0.02322	0.03270	0.62340	0.05989	0.07538	0.01654	0.00960	0.00258	0.00414	0.01455	0.00890	0.00796
69	0.44693	0.01894	0.05077	0.02352	0.15478	0.01950	0.09525	0.02483	0.01595	0.03252	0.01323	0.01653	0.01049	0.00785	0.00747	0.00263	0.03784	0.00600	0.00467	0.01031
70	0.02885	0.03199	0.02605	0.02742	0.16363	0.40183	0.01807	0.15039	0.02563	0.02822	0.01487	0.01719	0.01192	0.00859	0.00781	0.00228	0.01270	0.00622	0.00505	0.01130
71	0.01010	0.00836	0.00886	0.00888	0.01143	0.00711	0.00660	0.01242	0.01939	0.02387	0.16024	0.11288	0.53966	0.02076	0.00986	0.00281	0.00420	0.01753	0.00791	0.00711
72	0.01862	0.25397	0.38976	0.02043	0.02958	0.02437	0.02393	0.02509	0.01675	0.02339	0.01336	0.01627	0.01061	0.00844	0.00940	0.00248	0.09289	0.00573	0.00354	0.01138
73	0.02243	0.64448	0.04163	0.01496	0.02156	0.06380	0.01451	0.02503	0.01699	0.01961	0.01158	0.01366	0.01068	0.00756	0.00656	0.00189	0.04433	0.00463	0.00359	0.01053
74	0.00982	0.00842	0.00842	0.00842	0.01122	0.00701	0.00631	0.01192	0.01894	0.02244	0.08416	0.07995	0.65285	0.02104	0.00982	0.00281	0.00421	0.01753	0.00771	0.00701
75	0.03040	0.02266	0.02464	0.04664	0.02686	0.02522	0.01597	0.57566	0.06675	0.05023	0.02039	0.02056	0.01454	0.00997	0.00832	0.00252	0.00910	0.00757	0.00813	0.01388
76	0.03045	0.02243	0.02415	0.01862	0.02500	0.02474	0.01534	0.59368	0.03818	0.05127	0.05587	0.02234	0.01778	0.01037	0.00840	0.00250	0.00884	0.00791	0.00836	0.01377
77	0.01203	0.00824	0.01000	0.01000	0.01032	0.00856	0.00620	0.01268	0.01236	0.01680	0.02532	0.04961	0.02814	0.56679	0.18072	0.00921	0.01116	0.01139	0.00491	0.00556
78	0.01208	0.00805	0.00906	0.00906	0.00906	0.00805	0.00503	0.01208	0.01208	0.01611	0.02618	0.05436	0.03020	0.70804	0.04228	0.00805	0.00805	0.01208	0.00503	0.00503
79	0.02542	0.02063	0.02474	0.02533	0.16225	0.02269	0.01701	0.29578	0.24159	0.04079	0.02377	0.02388	0.01778	0.00986	0.00834	0.00260	0.00842	0.00812	0.00744	0.01358
80	0.02226	0.02761	0.12747	0.04037	0.42399	0.16294	0.02422	0.02730	0.01972	0.02552	0.01491	0.01888	0.01222	0.00773	0.00801	0.00242	0.01135	0.00676	0.00406	0.01225
81	0.53218	0.08554	0.07562	0.01554	0.02191	0.02036	0.09385	0.02492	0.01542	0.03323	0.01255	0.01501	0.00977	0.00757	0.00602	0.00253	0.00817	0.00534	0.00473	0.00973
82	0.01901	0.01613	0.01919	0.01674	0.01879	0.05018	0.01319	0.15101	0.01906	0.02622	0.01864	0.02858	0.01759	0.14838	0.19370	0.00663	0.21426	0.00850	0.00515	0.00906
83	0.01187	0.00890	0.01335	0.01335	0.01483	0.01038	0.01038	0.01483	0.01335	0.01928	0.02225	0.03264	0.02077	0.06231	0.67512	0.01335	0.02225	0.00890	0.00445	0.00742
84	0.02066	0.01785	0.01878	0.01691	0.02160	0.02066	0.01315	0.04414	0.64121	0.03475	0.03381	0.03099	0.02536	0.01127	0.00845	0.00282	0.00657	0.00939	0.00845	0.01315
85	0.01208	0.00805	0.00906	0.00906	0.00906	0.00805	0.00503	0.01208	0.01208	0.01611	0.02618	0.05436	0.03020	0.70804	0.04228	0.00805	0.00805	0.01208	0.00503	0.00503
86	0.01994	0.29516	0.32173	0.02150	0.06649	0.06395	0.02264	0.02582	0.01750	0.02313	0.01336	0.01600	0.01076	0.00792	0.00783	0.00231	0.04335	0.00558	0.00361	0.01141
87	0.01795	0.01701	0.06036	0.12595	0.15938	0.01688	0.01824	0.06224	0.15571	0.02849	0.02829	0.07609	0.02617	0.01339	0.00920	0.00299	0.00862	0.15592	0.00628	0.01087
88	0.00990	0.00842	0.00853	0.00850	0.01127	0.00705	0.00638	0.01208	0.01913	0.02290	0.10802	0.07920	0.62871	0.02087	0.00982	0.00280	0.00420	0.01743	0.00777	0.00705
89	0.01523	0.01397	0.01843	0.01695	0.01802	0.05019	0.01361	0.01772	0.01364	0.01961	0.01750	0.02629	0.01654	0.04156	0.39695	0.00912	0.27430	0.00810	0.00413	0.00816
90	0.02811	0.01898	0.02166	0.01850	0.04784	0.02042	0.01430	0.30117	0.19071	0.16328	0.02744	0.06562	0.02073	0.01124	0.00849	0.00264	0.00784	0.00912	0.00853	0.01339
91	0.01247	0.00978	0.01450	0.01416	0.01550	0.01182	0.01113	0.01533	0.01329	0.01935	0.02117	0.03126	0.01983	0.05776	0.61346	0.01243	0.08608	0.00875	0.00437	0.00758
92	0.00982	0.00842	0.00842	0.00842	0.01122	0.00701	0.00631	0.01192	0.01894	0.02244	0.08416	0.07995	0.65285	0.02104	0.00982	0.00281	0.00421	0.01753	0.00771	0.00701
93	0.01844	0.02507	0.17393	0.05737	0.14704	0.02017	0.28268	0.02487	0.01821	0.02560	0.01836	0.02303	0.03902	0.00866	0.01080	0.00279	0.07995	0.00857	0.00411	0.01132
94	0.01994	0.02438	0.11318	0.03535	0.21605	0.05833	0.24513	0.02553	0.01825	0.02528	0.01504	0.02017	0.01213	0.00856	0.01186	0.00278	0.12459	0.00799	0.00400	0.01146

[dist]
# distance from previous block
# <min> <max>
0	1

[block]
# block no. 7 follows, 22 sequences, length 6
# corresponding to MSA columns:
# 335-340
name=unknown_H
#
# <colnr> <probs for GDERKNQSTAVLIFYWHMCP>
#	G	D	E	R	K	N	Q	S	T	A	V	L	I	F	Y	W	H	M	C	P
0	0.01762	0.01917	0.09052	0.03758	0.42939	0.01652	0.02126	0.02249	0.01926	0.02699	0.09219	0.03359	0.11680	0.01052	0.00860	0.00255	0.00863	0.00961	0.00512	0.01158
1	0.01932	0.01621	0.01509	0.03753	0.01763	0.11288	0.01014	0.12327	0.02071	0.02773	0.02638	0.03445	0.06955	0.16711	0.05401	0.00412	0.00891	0.00891	0.16075	0.06531
2	0.14666	0.06892	0.04721	0.04932	0.02260	0.16815	0.01356	0.12610	0.08412	0.03136	0.02314	0.02433	0.06460	0.00989	0.00726	0.00240	0.00904	0.00725	0.08372	0.01037
3	0.02260	0.02221	0.02122	0.09826	0.11530	0.22263	0.01581	0.05885	0.02116	0.05197	0.02265	0.03058	0.04360	0.01054	0.00803	0.00242	0.01009	0.07248	0.08005	0.06957
4	0.02658	0.23710	0.02816	0.01674	0.02201	0.15903	0.01422	0.09848	0.02186	0.14299	0.02216	0.02276	0.06151	0.01016	0.00931	0.00235	0.08069	0.00700	0.00583	0.01106
5	0.07730	0.02502	0.13312	0.01830	0.05832	0.20637	0.01538	0.02337	0.02024	0.02589	0.14835	0.03504	0.11586	0.01469	0.04501	0.00309	0.01025	0.00936	0.00564	0.00942

[dist]
# distance from previous block
# <min> <max>
0	5

[block]
# block no. 8 follows, 22 sequences, length 22
# corresponding to MSA columns:
# 346-367
name=unknown_I
#
# <colnr> <probs for GDERKNQSTAVLIFYWHMCP>
#	G	D	E	R	K	N	Q	S	T	A	V	L	I	F	Y	W	H	M	C	P
0	0.22200	0.13312	0.01871	0.01222	0.01696	0.01756	0.01024	0.10440	0.02107	0.06346	0.13757	0.03669	0.15145	0.01230	0.00750	0.00248	0.00638	0.00950	0.00676	0.00964
1	0.04595	0.02535	0.26455	0.02010	0.06871	0.01656	0.01934	0.05725	0.11522	0.09861	0.03009	0.09450	0.08438	0.01186	0.00844	0.00272	0.00874	0.00986	0.00620	0.01157
2	0.02290	0.02204	0.02123	0.02175	0.10822	0.20054	0.01499	0.15531	0.02277	0.02846	0.01846	0.02319	0.01549	0.02562	0.21702	0.00577	0.01471	0.00733	0.04389	0.01030
3	0.02105	0.02299	0.08207	0.04482	0.52638	0.06952	0.02455	0.02711	0.05142	0.02695	0.01630	0.02044	0.01340	0.00773	0.00815	0.00247	0.01028	0.00725	0.00430	0.01282
4	0.01606	0.01501	0.01859	0.01644	0.01799	0.07370	0.04210	0.01812	0.01425	0.01951	0.01853	0.03113	0.01861	0.19979	0.20816	0.00716	0.20937	0.00877	0.00436	0.04235
5	0.02081	0.02089	0.01921	0.09563	0.02517	0.17163	0.01365	0.03091	0.23877	0.02659	0.02651	0.02744	0.06711	0.01093	0.00895	0.03465	0.00886	0.00799	0.00604	0.13826
6	0.07887	0.01810	0.01816	0.04789	0.02097	0.08183	0.01218	0.19400	0.02310	0.03345	0.01880	0.02338	0.01539	0.06446	0.01124	0.00270	0.05727	0.00706	0.14977	0.12140
7	0.02091	0.01465	0.06862	0.06500	0.02149	0.01221	0.01260	0.04438	0.06924	0.21581	0.04156	0.17170	0.14892	0.01510	0.00897	0.00276	0.00678	0.01287	0.00780	0.03863
