[name]
unknown

[dist]
# distance from previous block
# <min> <max>
0	0

[block]
# block no. 0 follows, 19 sequences, length 29
# corresponding to MSA columns:
# 0-28
name=unknown_A
#
# <colnr> <probs for GDERKNQSTAVLIFYWHMCP>
#	G	D	E	R	K	N	Q	S	T	A	V	L	I	F	Y	W	H	M	C	P
0	0.01442	0.01030	0.01442	0.01648	0.01854	0.01030	0.01442	0.01854	0.02060	0.02677	0.04737	0.10092	0.05149	0.02471	0.01236	0.00412	0.00824	0.56956	0.00824	0.00824
1	0.02385	0.02466	0.03900	0.04457	0.36693	0.09210	0.18093	0.06377	0.02246	0.02992	0.01713	0.02197	0.01378	0.00816	0.00924	0.00272	0.01241	0.00843	0.00475	0.01324
2	0.02052	0.01812	0.02602	0.34182	0.14649	0.04600	0.02146	0.02944	0.12638	0.06170	0.05600	0.02780	0.01983	0.01002	0.00902	0.00288	0.01032	0.00879	0.00574	0.01166
3	0.01290	0.01109	0.01129	0.01089	0.01431	0.01048	0.00827	0.01976	0.13863	0.02681	0.07982	0.07559	0.50679	0.02056	0.01028	0.00302	0.00504	0.01713	0.00847	0.00887
4	0.02680	0.02082	0.02512	0.19510	0.03551	0.02361	0.01827	0.36426	0.06425	0.04345	0.02307	0.07729	0.01861	0.01176	0.00916	0.00286	0.00988	0.00958	0.00755	0.01306
5	0.02044	0.01952	0.03324	0.25256	0.44544	0.02081	0.02661	0.02596	0.01957	0.02716	0.01653	0.02270	0.01344	0.00829	0.00889	0.00276	0.01105	0.00796	0.00428	0.01280
6	0.01823	0.04166	0.53354	0.02515	0.03609	0.02192	0.03073	0.02716	0.01799	0.02716	0.01531	0.01901	0.01140	0.00974	0.01210	0.00302	0.12654	0.00682	0.00380	0.01263
7	0.02500	0.61705	0.04443	0.01619	0.02350	0.10544	0.01553	0.02781	0.01900	0.02115	0.01260	0.01455	0.01149	0.00783	0.00601	0.00196	0.01032	0.00490	0.00392	0.01135
8	0.01232	0.00895	0.01132	0.01168	0.01357	0.00906	0.00874	0.01509	0.01721	0.02380	0.04873	0.16131	0.20713	0.03970	0.26548	0.00754	0.01236	0.01490	0.10334	0.00778
9	0.01127	0.00794	0.01027	0.01198	0.01241	0.00752	0.00780	0.01255	0.01640	0.02187	0.04558	0.57003	0.05447	0.14417	0.01744	0.00452	0.00581	0.02324	0.00780	0.00694
10	0.04878	0.01295	0.01705	0.10305	0.05452	0.01377	0.01325	0.10462	0.02155	0.02974	0.08186	0.26688	0.03954	0.04896	0.01315	0.04482	0.00762	0.06143	0.00725	0.00920
11	0.02214	0.02126	0.03631	0.05491	0.62978	0.02126	0.02746	0.02746	0.02037	0.02923	0.01683	0.02214	0.01417	0.00797	0.00886	0.00266	0.01063	0.00797	0.00443	0.01417
12	0.01436	0.00908	0.01193	0.01193	0.01373	0.01003	0.00919	0.01795	0.01615	0.02587	0.02608	0.03442	0.02259	0.04414	0.38930	0.00940	0.01594	0.00908	0.30070	0.00813
13	0.02171	0.02081	0.03553	0.10518	0.58290	0.02114	0.02724	0.02708	0.02017	0.02870	0.01675	0.02228	0.01399	0.00805	0.00886	0.00268	0.01074	0.00797	0.00439	0.01382
14	0.08327	0.18802	0.28657	0.02292	0.05937	0.16510	0.02330	0.02943	0.01995	0.02626	0.01448	0.01704	0.01141	0.00843	0.00755	0.00249	0.01240	0.00593	0.00415	0.01194
15	0.01996	0.01903	0.03237	0.30864	0.39313	0.02068	0.02637	0.02554	0.01934	0.02657	0.01644	0.02285	0.01324	0.00838	0.00889	0.00279	0.01117	0.00796	0.00424	0.01241
16	0.02392	0.69097	0.04688	0.01531	0.02296	0.03540	0.01531	0.02679	0.01818	0.02105	0.01244	0.01435	0.01148	0.00765	0.00574	0.00191	0.00957	0.00478	0.00383	0.01148
17	0.02248	0.53534	0.18987	0.01777	0.02677	0.03187	0.01959	0.02716	0.01835	0.02281	0.01331	0.01545	0.01145	0.00786	0.00641	0.00214	0.01045	0.00522	0.00382	0.01190
18	0.01301	0.00867	0.00976	0.00976	0.00976	0.00867	0.00542	0.01301	0.01301	0.01735	0.02819	0.05855	0.03253	0.68559	0.04554	0.00867	0.00867	0.01301	0.00542	0.00542
19	0.01128	0.00898	0.01012	0.01006	0.01258	0.00782	0.00746	0.01413	0.02173	0.02788	0.26164	0.12898	0.40237	0.02168	0.01064	0.00300	0.00448	0.01854	0.00881	0.00782
20	0.01334	0.00926	0.01278	0.01278	0.01416	0.01037	0.00953	0.01611	0.01472	0.02185	0.02539	0.03895	0.02420	0.16642	0.46027	0.01176	0.01870	0.01001	0.10181	0.00759
21	0.02922	0.02737	0.02335	0.05729	0.02741	0.24085	0.01613	0.14127	0.17945	0.09170	0.02381	0.02443	0.01792	0.01354	0.04328	0.00330	0.01199	0.00795	0.00717	0.01256
22	0.02024	0.02134	0.04082	0.03063	0.03615	0.02300	0.35977	0.02568	0.01850	0.02672	0.01694	0.02341	0.01375	0.01043	0.01634	0.00323	0.22768	0.00948	0.06485	0.01101
23	0.01163	0.00835	0.01104	0.01196	0.01314	0.00776	0.00836	0.01430	0.02054	0.02827	0.28912	0.42446	0.06969	0.02397	0.01106	0.00329	0.00479	0.02158	0.00895	0.00776
24	0.01659	0.01621	0.05372	0.16305	0.03378	0.01606	0.16064	0.02094	0.01761	0.02454	0.02383	0.13890	0.02266	0.01966	0.07312	0.06493	0.04722	0.01173	0.06549	0.00933
25	0.02968	0.21736	0.03139	0.02098	0.02603	0.43077	0.01694	0.03211	0.02243	0.02163	0.01328	0.01593	0.01153	0.00933	0.00920	0.00233	0.06844	0.00567	0.00434	0.01063
26	0.01057	0.00906	0.00906	0.00906	0.01208	0.00755	0.00680	0.01284	0.02039	0.02417	0.09063	0.08610	0.62615	0.02266	0.01057	0.00302	0.00453	0.01888	0.00831	0.00755
27	0.01120	0.00802	0.01065	0.01225	0.01304	0.00747	0.00833	0.01322	0.01854	0.02509	0.14877	0.57386	0.06353	0.02635	0.01127	0.00349	0.00502	0.02383	0.00857	0.00747
28	0.02459	0.02469	0.12919	0.07316	0.03006	0.02253	0.01888	0.16350	0.30514	0.07022	0.02786	0.02732	0.02035	0.01088	0.00895	0.00290	0.00918	0.00882	0.00783	0.01394

[dist]
# distance from previous block
# <min> <max>
0	1

[block]
# block no. 1 follows, 19 sequences, length 136
# corresponding to MSA columns:
# 30-93,105-176
name=unknown_B
#
# <colnr> <probs for GDERKNQSTAVLIFYWHMCP>
#	G	D	E	R	K	N	Q	S	T	A	V	L	I	F	Y	W	H	M	C	P
0	0.01941	0.02263	0.08286	0.03313	0.07637	0.02062	0.39096	0.02596	0.01936	0.02692	0.01861	0.02538	0.01493	0.01859	0.12462	0.00504	0.04886	0.00982	0.00449	0.01144
1	0.01855	0.01590	0.01855	0.01325	0.02120	0.01193	0.01060	0.02253	0.01855	0.02915	0.01590	0.01855	0.01325	0.00663	0.00663	0.00133	0.00663	0.00530	0.00530	0.74028
2	0.01301	0.00867	0.00976	0.00976	0.00976	0.00867	0.00542	0.01301	0.01301	0.01735	0.02819	0.05855	0.03253	0.68559	0.04554	0.00867	0.00867	0.01301	0.00542	0.00542
3	0.02937	0.27062	0.03266	0.02001	0.02573	0.39373	0.01639	0.03329	0.05897	0.02255	0.01472	0.01656	0.01248	0.00884	0.00731	0.00221	0.01325	0.00568	0.00461	0.01100
4	0.01934	0.03745	0.42378	0.03035	0.12222	0.02121	0.09508	0.03018	0.07927	0.02941	0.01845	0.02141	0.01360	0.00868	0.00885	0.00285	0.01245	0.00761	0.00449	0.01332
5	0.01059	0.00898	0.00915	0.00928	0.01214	0.00753	0.00689	0.01282	0.02019	0.02408	0.08803	0.12353	0.59040	0.02300	0.01063	0.00306	0.00457	0.01929	0.00831	0.00753
6	0.01125	0.00802	0.01019	0.01176	0.01235	0.00753	0.00770	0.01258	0.01660	0.02195	0.04817	0.53220	0.09020	0.14425	0.01741	0.00449	0.00577	0.02282	0.00779	0.00696
7	0.01794	0.04628	0.63923	0.02550	0.03872	0.02078	0.03305	0.02833	0.01889	0.02833	0.01606	0.01889	0.01133	0.00850	0.00850	0.00283	0.01322	0.00661	0.00378	0.01322
8	0.01278	0.00959	0.01438	0.01438	0.01598	0.01118	0.01118	0.01598	0.01438	0.02077	0.02396	0.03515	0.02237	0.06710	0.65013	0.01438	0.02396	0.00959	0.00479	0.00799
9	0.02314	0.03143	0.28986	0.02895	0.06802	0.02033	0.20123	0.03077	0.02059	0.13587	0.01992	0.02274	0.01410	0.00898	0.01024	0.00292	0.04408	0.00837	0.00534	0.01311
10	0.03174	0.15757	0.02917	0.02168	0.02683	0.54078	0.01694	0.03414	0.02408	0.02175	0.01358	0.01582	0.01152	0.00894	0.00765	0.00224	0.01497	0.00559	0.00447	0.01057
11	0.74878	0.01730	0.01315	0.01177	0.01730	0.02007	0.00969	0.02630	0.01523	0.04014	0.01246	0.01453	0.00969	0.00830	0.00554	0.00277	0.00692	0.00484	0.00554	0.00969
12	0.02560	0.57604	0.04306	0.01668	0.02379	0.14429	0.01566	0.02837	0.01945	0.02120	0.01268	0.01467	0.01149	0.00793	0.00615	0.00198	0.01073	0.00496	0.00397	0.01128
13	0.01193	0.00965	0.01068	0.01048	0.01321	0.00872	0.00783	0.01616	0.05901	0.02828	0.23808	0.11373	0.39803	0.02107	0.01053	0.00300	0.00464	0.01796	0.00880	0.00821
14	0.01278	0.00959	0.01438	0.01438	0.01598	0.01118	0.01118	0.01598	0.01438	0.02077	0.02396	0.03515	0.02237	0.06710	0.65013	0.01438	0.02396	0.00959	0.00479	0.00799
15	0.01059	0.00900	0.00913	0.00923	0.01213	0.00754	0.00687	0.01282	0.02023	0.02410	0.08857	0.11567	0.59790	0.02293	0.01062	0.00305	0.00456	0.01921	0.00831	0.00754
16	0.74878	0.01730	0.01315	0.01177	0.01730	0.02007	0.00969	0.02630	0.01523	0.04014	0.01246	0.01453	0.00969	0.00830	0.00554	0.00277	0.00692	0.00484	0.00554	0.00969
17	0.02127	0.02541	0.16178	0.01987	0.02680	0.02192	0.01848	0.04315	0.47762	0.03535	0.03176	0.03007	0.02366	0.01131	0.00897	0.00299	0.00848	0.00931	0.00789	0.01395
18	0.02452	0.02012	0.02127	0.01832	0.02379	0.02284	0.01448	0.18007	0.44465	0.04136	0.03553	0.03315	0.05468	0.01233	0.00914	0.00295	0.00762	0.01006	0.00903	0.01408
19	0.01919	0.03005	0.27703	0.18981	0.25469	0.02073	0.02908	0.02670	0.01918	0.02733	0.01629	0.02124	0.01249	0.00842	0.00873	0.00281	0.01199	0.00742	0.00406	0.01277
20	0.07668	0.03973	0.02529	0.02436	0.06499	0.57135	0.01746	0.03462	0.02442	0.02348	0.01393	0.01641	0.01158	0.00908	0.00796	0.00236	0.01522	0.00584	0.00466	0.01057
21	0.06501	0.02130	0.06914	0.21612	0.34224	0.02092	0.08398	0.02630	0.01936	0.02804	0.01639	0.02216	0.01305	0.00825	0.00883	0.00280	0.01136	0.00796	0.00434	0.01246
22	0.02087	0.01994	0.03370	0.13171	0.52469	0.02038	0.02607	0.02612	0.02005	0.02814	0.02045	0.02560	0.04488	0.00884	0.00896	0.00272	0.01049	0.00852	0.00457	0.01329
23	0.01690	0.01590	0.02683	0.66408	0.06162	0.01988	0.02485	0.02286	0.01789	0.02286	0.01590	0.02385	0.01193	0.00894	0.00894	0.00298	0.01193	0.00795	0.00398	0.00994
24	0.02319	0.02592	0.03104	0.02569	0.02829	0.17789	0.11302	0.02614	0.01774	0.02278	0.01328	0.01948	0.01199	0.01277	0.02112	0.00338	0.40402	0.00777	0.00418	0.01030
25	0.74878	0.01730	0.01315	0.01177	0.01730	0.02007	0.00969	0.02630	0.01523	0.04014	0.01246	0.01453	0.00969	0.00830	0.00554	0.00277	0.00692	0.00484	0.00554	0.00969
26	0.01284	0.00936	0.01325	0.01325	0.01446	0.01057	0.00978	0.01525	0.01405	0.01994	0.02499	0.04083	0.02484	0.21745	0.50316	0.01299	0.02025	0.01042	0.00495	0.00736
27	0.74878	0.01730	0.01315	0.01177	0.01730	0.02007	0.00969	0.02630	0.01523	0.04014	0.01246	0.01453	0.00969	0.00830	0.00554	0.00277	0.00692	0.00484	0.00554	0.00969
28	0.01283	0.00938	0.01334	0.01334	0.01458	0.01062	0.00989	0.01531	0.01407	0.02000	0.02491	0.04042	0.02465	0.20636	0.51400	0.01309	0.02052	0.01036	0.00493	0.00741
29	0.01278	0.00959	0.01438	0.01438	0.01598	0.01118	0.01118	0.01598	0.01438	0.02077	0.02396	0.03515	0.02237	0.06710	0.65013	0.01438	0.02396	0.00959	0.00479	0.00799
30	0.01092	0.00868	0.00981	0.01036	0.01251	0.00757	0.00745	0.01321	0.01999	0.02516	0.14191	0.26460	0.38874	0.02377	0.01083	0.00318	0.00470	0.02055	0.00849	0.00757
31	0.01278	0.00959	0.01438	0.01438	0.01598	0.01118	0.01118	0.01598	0.01438	0.02077	0.02396	0.03515	0.02237	0.06710	0.65013	0.01438	0.02396	0.00959	0.00479	0.00799
32	0.01902	0.01908	0.09747	0.03195	0.27446	0.01571	0.02018	0.02438	0.02203	0.06630	0.20615	0.04383	0.03947	0.01305	0.00969	0.00288	0.00857	0.06723	0.00678	0.01177
33	0.02411	0.30523	0.25126	0.02080	0.02968	0.17955	0.02207	0.02951	0.02017	0.02383	0.01406	0.01639	0.01144	0.00833	0.00728	0.00233	0.01246	0.00567	0.00400	0.01183
34	0.01450	0.01139	0.01261	0.01216	0.01547	0.01077	0.00973	0.09046	0.02355	0.02959	0.10595	0.07945	0.39996	0.02125	0.01071	0.00318	0.00593	0.12611	0.00847	0.00874
35	0.20833	0.02079	0.02890	0.10179	0.38721	0.05229	0.02214	0.02712	0.01906	0.03103	0.01547	0.02006	0.01267	0.00821	0.00798	0.00270	0.01008	0.00706	0.00468	0.01242
36	0.03142	0.02070	0.02312	0.01865	0.02503	0.02237	0.01510	0.27691	0.23494	0.18822	0.02992	0.02772	0.02103	0.01130	0.00901	0.00283	0.00836	0.00899	0.00951	0.01485
37	0.01130	0.00909	0.01007	0.00983	0.01253	0.00786	0.00737	0.01425	0.02211	0.02825	0.27689	0.07938	0.43734	0.02114	0.01057	0.00295	0.00442	0.01794	0.00884	0.00786
38	0.01278	0.00959	0.01438	0.01438	0.01598	0.01118	0.01118	0.01598	0.01438	0.02077	0.02396	0.03515	0.02237	0.06710	0.65013	0.01438	0.02396	0.00959	0.00479	0.00799
39	0.02060	0.02770	0.14731	0.03574	0.04546	0.02233	0.50635	0.02861	0.02076	0.02861	0.01777	0.02329	0.01321	0.00770	0.01023	0.00299	0.01478	0.00992	0.00440	0.01225
40	0.74878	0.01730	0.01315	0.01177	0.01730	0.02007	0.00969	0.02630	0.01523	0.04014	0.01246	0.01453	0.00969	0.00830	0.00554	0.00277	0.00692	0.00484	0.00554	0.00969
41	0.01920	0.03060	0.25581	0.03033	0.04042	0.02047	0.33039	0.02723	0.02015	0.02828	0.02184	0.02590	0.05139	0.00879	0.00963	0.00287	0.01333	0.00942	0.00454	0.04943
42	0.01554	0.00777	0.01166	0.01166	0.01166	0.00777	0.00777	0.01166	0.01166	0.01554	0.01554	0.02720	0.01554	0.03108	0.03497	0.73970	0.00777	0.00777	0.00389	0.00389
43	0.02054	0.02344	0.05921	0.02490	0.15849	0.16925	0.01648	0.02667	0.08997	0.02655	0.04443	0.04441	0.23143	0.01399	0.00928	0.00275	0.00956	0.01146	0.00634	0.01085
44	0.02101	0.23814	0.35979	0.02569	0.10162	0.05675	0.02625	0.02814	0.01917	0.02591	0.01494	0.01775	0.01171	0.00822	0.00769	0.00251	0.01196	0.00617	0.00391	0.01266
45	0.03284	0.08249	0.02668	0.02257	0.02737	0.61191	0.01716	0.03518	0.02491	0.02184	0.01374	0.01602	0.01152	0.00912	0.00792	0.00228	0.01573	0.00570	0.00456	0.01044
46	0.02833	0.01852	0.06107	0.01729	0.02322	0.01723	0.01453	0.07484	0.24136	0.26873	0.03518	0.10514	0.02717	0.01323	0.00928	0.00297	0.00765	0.01109	0.00941	0.01378
47	0.02214	0.02126	0.03631	0.05491	0.62978	0.02126	0.02746	0.02746	0.02037	0.02923	0.01683	0.02214	0.01417	0.00797	0.00886	0.00266	0.01063	0.00797	0.00443	0.01417
48	0.03370	0.03423	0.02607	0.02187	0.02770	0.35215	0.01715	0.30564	0.03335	0.03839	0.01749	0.01869	0.01329	0.00995	0.00849	0.00249	0.01313	0.00686	0.00669	0.01269
49	0.74878	0.01730	0.01315	0.01177	0.01730	0.02007	0.00969	0.02630	0.01523	0.04014	0.01246	0.01453	0.00969	0.00830	0.00554	0.00277	0.00692	0.00484	0.00554	0.00969
50	0.01325	0.01020	0.01496	0.01470	0.01609	0.01211	0.01138	0.01616	0.01425	0.02060	0.02341	0.03558	0.02230	0.10266	0.57053	0.01332	0.06611	0.00968	0.00477	0.00795
51	0.74878	0.01730	0.01315	0.01177	0.01730	0.02007	0.00969	0.02630	0.01523	0.04014	0.01246	0.01453	0.00969	0.00830	0.00554	0.00277	0.00692	0.00484	0.00554	0.00969
52	0.01795	0.01547	0.01611	0.01484	0.01914	0.01683	0.01145	0.03475	0.39495	0.03254	0.05640	0.05281	0.24804	0.01602	0.00965	0.00303	0.00614	0.01335	0.00881	0.01172
53	0.01090	0.00779	0.01038	0.01246	0.01298	0.00727	0.00830	0.01246	0.01713	0.02284	0.04931	0.67975	0.05917	0.02803	0.01142	0.00363	0.00519	0.02543	0.00830	0.00727
54	0.01279	0.00954	0.01414	0.01414	0.01566	0.01105	0.01089	0.01582	0.01431	0.02059	0.02418	0.03635	0.02289	0.09889	0.61905	0.01408	0.02318	0.00976	0.00483	0.00786
55	0.03342	0.04264	0.02535	0.02305	0.02766	0.64967	0.01729	0.03572	0.02535	0.02190	0.01383	0.01613	0.01152	0.00922	0.00807	0.00230	0.01613	0.00576	0.00461	0.01037
56	0.02064	0.02575	0.14718	0.09680	0.14571	0.02061	0.22824	0.05708	0.02102	0.02965	0.01717	0.02192	0.01315	0.00798	0.00911	0.00267	0.01223	0.00829	0.00466	0.11014
57	0.02323	0.02468	0.03635	0.08040	0.31891	0.13218	0.15801	0.02809	0.02082	0.02668	0.01647	0.02192	0.01350	0.00937	0.01050	0.04152	0.01258	0.00817	0.00443	0.01220
58	0.22879	0.15224	0.35451	0.01975	0.02978	0.02317	0.02320	0.02748	0.01771	0.03043	0.01438	0.01683	0.01089	0.00829	0.00716	0.00265	0.01077	0.00578	0.00429	0.01190
59	0.01206	0.00912	0.01112	0.01062	0.01300	0.00818	0.00797	0.01571	0.02390	0.03249	0.47061	0.07240	0.24098	0.01955	0.01056	0.00287	0.00431	0.01696	0.00940	0.00818
60	0.01131	0.00909	0.01009	0.00984	0.01254	0.00787	0.00738	0.01427	0.02214	0.02831	0.27975	0.07928	0.43444	0.02111	0.01057	0.00295	0.00442	0.01793	0.00885	0.00787
61	0.01278	0.00959	0.01438	0.01438	0.01598	0.01118	0.01118	0.01598	0.01438	0.02077	0.02396	0.03515	0.02237	0.06710	0.65013	0.01438	0.02396	0.00959	0.00479	0.00799
62	0.03401	0.02506	0.02685	0.02058	0.02774	0.02774	0.01700	0.59995	0.04206	0.05638	0.02148	0.02148	0.01521	0.01074	0.00895	0.00268	0.00984	0.00805	0.00895	0.01521
63	0.74878	0.01730	0.01315	0.01177	0.01730	0.02007	0.00969	0.02630	0.01523	0.04014	0.01246	0.01453	0.00969	0.00830	0.00554	0.00277	0.00692	0.00484	0.00554	0.00969
64	0.01794	0.04628	0.63923	0.02550	0.03872	0.02078	0.03305	0.02833	0.01889	0.02833	0.01606	0.01889	0.01133	0.00850	0.00850	0.00283	0.01322	0.00661	0.00378	0.01322
65	0.01554	0.00777	0.01166	0.01166	0.01166	0.00777	0.00777	0.01166	0.01166	0.01554	0.01554	0.02720	0.01554	0.03108	0.03497	0.73970	0.00777	0.00777	0.00389	0.00389
66	0.01090	0.00779	0.01038	0.01246	0.01298	0.00727	0.00830	0.01246	0.01713	0.02284	0.04931	0.67975	0.05917	0.02803	0.01142	0.00363	0.00519	0.02543	0.00830	0.00727
67	0.03342	0.04264	0.02535	0.02305	0.02766	0.64967	0.01729	0.03572	0.02535	0.02190	0.01383	0.01613	0.01152	0.00922	0.00807	0.00230	0.01613	0.00576	0.00461	0.01037
68	0.03342	0.04264	0.02535	0.02305	0.02766	0.64967	0.01729	0.03572	0.02535	0.02190	0.01383	0.01613	0.01152	0.00922	0.00807	0.00230	0.01613	0.00576	0.00461	0.01037
69	0.01057	0.00906	0.00906	0.00906	0.01208	0.00755	0.00680	0.01284	0.02039	0.02417	0.09063	0.08610	0.62615	0.02266	0.01057	0.00302	0.00453	0.01888	0.00831	0.00755
70	0.03025	0.02283	0.02483	0.01880	0.02615	0.02390	0.01545	0.45958	0.03635	0.04976	0.02012	0.02077	0.01474	0.00974	0.00838	0.00235	0.00906	0.00739	0.00806	0.19147
71	0.01957	0.01957	0.02740	0.02349	0.02349	0.02740	0.01957	0.02153	0.01370	0.02153	0.01174	0.01957	0.01174	0.01566	0.02936	0.00391	0.66921	0.00783	0.00391	0.00979
72	0.74878	0.01730	0.01315	0.01177	0.01730	0.02007	0.00969	0.02630	0.01523	0.04014	0.01246	0.01453	0.00969	0.00830	0.00554	0.00277	0.00692	0.00484	0.00554	0.00969
73	0.01301	0.00867	0.00976	0.00976	0.00976	0.00867	0.00542	0.01301	0.01301	0.01735	0.02819	0.05855	0.03253	0.68559	0.04554	0.00867	0.00867	0.01301	0.00542	0.00542
74	0.74878	0.01730	0.01315	0.01177	0.01730	0.02007	0.00969	0.02630	0.01523	0.04014	0.01246	0.01453	0.00969	0.00830	0.00554	0.00277	0.00692	0.00484	0.00554	0.00969
75	0.01843	0.01003	0.01021	0.00958	0.01218	0.01030	0.00734	0.07948	0.02112	0.03569	0.02840	0.03215	0.02215	0.01046	0.00653	0.00215	0.00474	0.00831	0.66171	0.00903
76	0.02779	0.02642	0.02387	0.02178	0.05564	0.17604	0.01627	0.17642	0.30369	0.03780	0.02636	0.02577	0.01991	0.01088	0.00880	0.00275	0.01012	0.00845	0.00774	0.01349
77	0.01491	0.01297	0.01812	0.01687	0.01884	0.04597	0.04166	0.01816	0.01521	0.02129	0.02197	0.03212	0.02035	0.05620	0.52545	0.01218	0.08529	0.00927	0.00469	0.00849
78	0.02307	0.02102	0.03083	0.11547	0.38791	0.05269	0.02340	0.03193	0.13124	0.06160	0.02119	0.02457	0.01665	0.00909	0.00888	0.00275	0.01024	0.00831	0.00561	0.01354
79	0.02911	0.19645	0.03253	0.02682	0.13325	0.38895	0.01861	0.03209	0.02273	0.02299	0.01402	0.01677	0.01198	0.00862	0.00764	0.00227	0.01356	0.00592	0.00439	0.01131
80	0.27072	0.07252	0.27942	0.02534	0.13513	0.02154	0.02290	0.02738	0.01785	0.03210	0.01473	0.01768	0.01128	0.00829	0.00737	0.00272	0.01036	0.00613	0.00450	0.01206
81	0.02078	0.02660	0.15594	0.07469	0.32087	0.02149	0.19212	0.02774	0.02018	0.02858	0.01700	0.02218	0.01334	0.00800	0.00928	0.00281	0.01247	0.00845	0.00431	0.01317
82	0.01093	0.00812	0.01005	0.01155	0.01261	0.00740	0.00781	0.01257	0.01766	0.02286	0.05765	0.51267	0.18704	0.06043	0.01297	0.00375	0.00522	0.02330	0.00816	0.00724
83	0.01290	0.00911	0.01198	0.01198	0.01275	0.00988	0.00820	0.01444	0.01367	0.01900	0.02615	0.04727	0.02763	0.38759	0.33684	0.01142	0.01604	0.01136	0.00512	0.00666
84	0.01258	0.00881	0.01133	0.01248	0.01338	0.00855	0.00892	0.01455	0.01754	0.02343	0.10065	0.28618	0.05168	0.22820	0.02204	0.00522	0.00690	0.15295	0.00756	0.00705
85	0.74878	0.01730	0.01315	0.01177	0.01730	0.02007	0.00969	0.02630	0.01523	0.04014	0.01246	0.01453	0.00969	0.00830	0.00554	0.00277	0.00692	0.00484	0.00554	0.00969
86	0.06735	0.01484	0.01517	0.01345	0.01745	0.01633	0.01055	0.12618	0.19321	0.03882	0.02891	0.03018	0.02206	0.01083	0.00748	0.00250	0.00613	0.00858	0.35873	0.01125
87	0.01278	0.00959	0.01438	0.01438	0.01598	0.01118	0.01118	0.01598	0.01438	0.02077	0.02396	0.03515	0.02237	0.06710	0.65013	0.01438	0.02396	0.00959	0.00479	0.00799
88	0.02214	0.02126	0.03631	0.05491	0.62978	0.02126	0.02746	0.02746	0.02037	0.02923	0.01683	0.02214	0.01417	0.00797	0.00886	0.00266	0.01063	0.00797	0.00443	0.01417
89	0.01287	0.00922	0.01251	0.01251	0.01346	0.01017	0.00885	0.01477	0.01382	0.01938	0.02568	0.04463	0.02648	0.31776	0.40510	0.01207	0.01777	0.01097	0.00505	0.00695
90	0.74878	0.01730	0.01315	0.01177	0.01730	0.02007	0.00969	0.02630	0.01523	0.04014	0.01246	0.01453	0.00969	0.00830	0.00554	0.00277	0.00692	0.00484	0.00554	0.00969
91	0.01141	0.00800	0.01023	0.01180	0.01219	0.00761	0.00760	0.01259	0.01613	0.02150	0.04418	0.52874	0.05269	0.18787	0.01971	0.00486	0.00604	0.02241	0.00760	0.00682
92	0.01350	0.01000	0.01314	0.01471	0.01700	0.00964	0.01260	0.01718	0.02055	0.02615	0.05767	0.09739	0.18827	0.02422	0.01193	0.00386	0.00736	0.43848	0.00825	0.00807
93	0.03294	0.07545	0.02644	0.02266	0.02742	0.61858	0.01719	0.03527	0.02499	0.02185	0.01376	0.01604	0.01152	0.00914	0.00795	0.00229	0.01580	0.00571	0.00457	0.01043
94	0.74878	0.01730	0.01315	0.01177	0.01730	0.02007	0.00969	0.02630	0.01523	0.04014	0.01246	0.01453	0.00969	0.00830	0.00554	0.00277	0.00692	0.00484	0.00554	0.00969
95	0.01266	0.00914	0.01196	0.01126	0.01337	0.00844	0.00844	0.01688	0.02532	0.03588	0.62506	0.06683	0.08441	0.01829	0.01055	0.00281	0.00422	0.01618	0.00985	0.00844
96	0.74878	0.01730	0.01315	0.01177	0.01730	0.02007	0.00969	0.02630	0.01523	0.04014	0.01246	0.01453	0.00969	0.00830	0.00554	0.00277	0.00692	0.00484	0.00554	0.00969
97	0.01057	0.00906	0.00906	0.00906	0.01208	0.00755	0.00680	0.01284	0.02039	0.02417	0.09063	0.08610	0.62615	0.02266	0.01057	0.00302	0.00453	0.01888	0.00831	0.00755
98	0.01121	0.00803	0.01066	0.01224	0.01305	0.00747	0.00833	0.01324	0.01858	0.02515	0.15137	0.57110	0.06365	0.02630	0.01127	0.00349	0.00502	0.02379	0.00858	0.00747
99	0.02001	0.01908	0.03247	0.30212	0.39921	0.02070	0.02640	0.02559	0.01936	0.02664	0.01645	0.02284	0.01326	0.00837	0.00889	0.00279	0.01116	0.00796	0.00424	0.01245
100	0.02214	0.02126	0.03631	0.05491	0.62978	0.02126	0.02746	0.02746	0.02037	0.02923	0.01683	0.02214	0.01417	0.00797	0.00886	0.00266	0.01063	0.00797	0.00443	0.01417
101	0.02850	0.03332	0.03013	0.03694	0.29017	0.37570	0.02172	0.03212	0.02318	0.02509	0.01514	0.01875	0.01268	0.00868	0.00841	0.00246	0.01373	0.00673	0.00453	0.01203
102	0.02570	0.02374	0.02721	0.18306	0.14194	0.11394	0.02033	0.18448	0.12499	0.03527	0.02067	0.02338	0.01571	0.00982	0.00883	0.00276	0.01094	0.00802	0.00634	0.01287
103	0.03294	0.02403	0.02570	0.01983	0.02667	0.02654	0.01634	0.56413	0.04062	0.05496	0.02196	0.02221	0.01569	0.01072	0.00878	0.00265	0.00949	0.00807	0.05386	0.01479
104	0.01206	0.00856	0.01135	0.01222	0.01290	0.00880	0.00829	0.01363	0.01513	0.02064	0.03585	0.31295	0.04081	0.23164	0.20475	0.00819	0.01160	0.01725	0.00645	0.00693
105	0.03342	0.04264	0.02535	0.02305	0.02766	0.64967	0.01729	0.03572	0.02535	0.02190	0.01383	0.01613	0.01152	0.00922	0.00807	0.00230	0.01613	0.00576	0.00461	0.01037
106	0.01264	0.00852	0.00987	0.01024	0.01033	0.00842	0.00593	0.01291	0.01374	0.01832	0.03193	0.16866	0.03725	0.56902	0.03949	0.00778	0.00806	0.01521	0.00593	0.00575
107	0.01668	0.00834	0.00834	0.00834	0.01042	0.00834	0.00625	0.02085	0.01876	0.03335	0.02918	0.03335	0.02293	0.01042	0.00625	0.00208	0.00417	0.00834	0.73525	0.00834
108	0.01090	0.00779	0.01038	0.01246	0.01298	0.00727	0.00830	0.01246	0.01713	0.02284	0.04931	0.67975	0.05917	0.02803	0.01142	0.00363	0.00519	0.02543	0.00830	0.00727
109	0.01301	0.00867	0.00976	0.00976	0.00976	0.00867	0.00542	0.01301	0.01301	0.01735	0.02819	0.05855	0.03253	0.68559	0.04554	0.00867	0.00867	0.01301	0.00542	0.00542
110	0.02004	0.03185	0.27529	0.03614	0.17375	0.02184	0.22133	0.02791	0.01971	0.02830	0.01670	0.02142	0.01275	0.00841	0.01031	0.00291	0.04596	0.00831	0.00418	0.01287
111	0.02952	0.02086	0.02316	0.01841	0.02383	0.02289	0.01476	0.45694	0.03467	0.04645	0.02004	0.02287	0.01529	0.01568	0.01527	0.18185	0.00934	0.00799	0.00772	0.01246
112	0.03346	0.04146	0.02545	0.02288	0.02766	0.60811	0.01727	0.07342	0.02647	0.02420	0.01434	0.01649	0.01177	0.00932	0.00813	0.00233	0.01571	0.00592	0.00490	0.01070
113	0.02000	0.02094	0.09994	0.37089	0.22390	0.01997	0.02584	0.02613	0.01921	0.06328	0.01739	0.02318	0.01315	0.00874	0.00887	0.00286	0.01143	0.00787	0.00452	0.01189
114	0.02137	0.02044	0.03449	0.05185	0.58850	0.02034	0.02608	0.02648	0.02037	0.02889	0.02176	0.02642	0.05506	0.00895	0.00897	0.00268	0.01022	0.00870	0.00469	0.01373
115	0.02214	0.02126	0.03631	0.05491	0.62978	0.02126	0.02746	0.02746	0.02037	0.02923	0.01683	0.02214	0.01417	0.00797	0.00886	0.00266	0.01063	0.00797	0.00443	0.01417
116	0.01567	0.00900	0.01012	0.05262	0.01426	0.00909	0.00775	0.01964	0.01929	0.03161	0.10337	0.04105	0.06451	0.04668	0.00922	0.00262	0.00495	0.01010	0.52019	0.00826
117	0.14629	0.01499	0.02189	0.02685	0.19411	0.01519	0.05454	0.02152	0.01882	0.02897	0.03286	0.18787	0.05872	0.01651	0.00973	0.00323	0.00829	0.12299	0.00644	0.01020
118	0.01057	0.00906	0.00906	0.00906	0.01208	0.00755	0.00680	0.01284	0.02039	0.02417	0.09063	0.08610	0.62615	0.02266	0.01057	0.00302	0.00453	0.01888	0.00831	0.00755
119	0.02087	0.01995	0.03401	0.20300	0.49166	0.02092	0.02682	0.02634	0.01977	0.02768	0.01660	0.02256	0.01363	0.00821	0.00888	0.00274	0.01094	0.00797	0.00432	0.01314
120	0.01057	0.00906	0.00906	0.00906	0.01208	0.00755	0.00680	0.01284	0.02039	0.02417	0.09063	0.08610	0.62615	0.02266	0.01057	0.00302	0.00453	0.01888	0.00831	0.00755
121	0.02293	0.01761	0.01879	0.01620	0.02043	0.01962	0.01234	0.19114	0.27186	0.03757	0.02981	0.03619	0.02494	0.17535	0.01774	0.00425	0.00806	0.01014	0.05307	0.01197
122	0.02214	0.02126	0.03631	0.05491	0.62978	0.02126	0.02746	0.02746	0.02037	0.02923	0.01683	0.02214	0.01417	0.00797	0.00886	0.00266	0.01063	0.00797	0.00443	0.01417
123	0.02040	0.02116	0.01967	0.01826	0.02049	0.20348	0.01424	0.02316	0.01778	0.02202	0.01902	0.02652	0.01722	0.03694	0.30545	0.00811	0.13951	0.00805	0.04947	0.00905
124	0.01442	0.01030	0.01442	0.01648	0.01854	0.01030	0.01442	0.01854	0.02060	0.02677	0.04737	0.10092	0.05149	0.02471	0.01236	0.00412	0.00824	0.56956	0.00824	0.00824
125	0.02307	0.45718	0.18098	0.02067	0.06516	0.07219	0.02029	0.02778	0.01896	0.02330	0.01364	0.01600	0.01162	0.00797	0.00673	0.00220	0.01091	0.00547	0.00391	0.01198
126	0.01094	0.00915	0.00957	0.00967	0.01258	0.00778	0.00739	0.01343	0.02067	0.02496	0.11589	0.08607	0.55921	0.02257	0.01069	0.00308	0.00476	0.05553	0.00838	0.00765
127	0.01645	0.01540	0.01608	0.01567	0.01772	0.12423	0.01196	0.01932	0.01625	0.02079	0.02239	0.03301	0.02098	0.08942	0.50447	0.01194	0.02177	0.00909	0.00479	0.00828
128	0.01092	0.00814	0.01003	0.01150	0.01260	0.00740	0.00780	0.01258	0.01773	0.02290	0.05838	0.50510	0.19628	0.05821	0.01285	0.00373	0.00520	0.02324	0.00817	0.00725
129	0.01513	0.01181	0.01650	0.01554	0.01683	0.01465	0.01236	0.01820	0.01499	0.02319	0.02190	0.03102	0.01987	0.04446	0.38407	0.00964	0.17837	0.00893	0.13406	0.00849
130	0.01192	0.00876	0.01110	0.01193	0.01345	0.00859	0.00869	0.01423	0.01730	0.02311	0.05082	0.27322	0.18421	0.07869	0.16298	0.00629	0.00980	0.05184	0.04558	0.00750
131	0.01278	0.00959	0.01438	0.01438	0.01598	0.01118	0.01118	0.01598	0.01438	0.02077	0.02396	0.03515	0.02237	0.06710	0.65013	0.01438	0.02396	0.00959	0.00479	0.00799
132	0.02488	0.02645	0.03365	0.04717	0.48341	0.17402	0.02498	0.02947	0.02158	0.02745	0.01610	0.02068	0.01353	0.00827	0.00866	0.00257	0.01197	0.00743	0.00447	0.01325
133	0.02748	0.14978	0.03241	0.07022	0.20175	0.32168	0.02032	0.03098	0.02219	0.02391	0.01457	0.01802	0.01230	0.00857	0.00794	0.00238	0.01313	0.00636	0.00438	0.01163
134	0.02549	0.34881	0.06926	0.02677	0.16417	0.17904	0.01947	0.02917	0.02044	0.02350	0.01396	0.01680	0.01210	0.00815	0.00715	0.00222	0.01157	0.00584	0.00415	0.01192
135	0.02015	0.03129	0.28416	0.07315	0.35804	0.02099	0.02963	0.02759	0.01964	0.02854	0.01646	0.02089	0.01289	0.00824	0.00871	0.00275	0.01176	0.00741	0.00414	0.01357

[dist]
# distance from previous block
# <min> <max>
0	1

[block]
# block no. 2 follows, 19 sequences, length 16
# corresponding to MSA columns:
# 178-193
name=unknown_C
#
# <colnr> <probs for GDERKNQSTAVLIFYWHMCP>
#	G	D	E	R	K	N	Q	S	T	A	V	L	I	F	Y	W	H	M	C	P
0	0.01107	0.00873	0.00999	0.01041	0.01258	0.00765	0.00753	0.01353	0.02048	0.02611	0.18465	0.24246	0.36658	0.02325	0.01080	0.00315	0.00465	0.02012	0.00861	0.00765
1	0.01174	0.00869	0.01062	0.01122	0.01244	0.00846	0.00768	0.01337	0.01634	0.02131	0.04949	0.23807	0.19112	0.21138	0.14046	0.00685	0.00949	0.01742	0.00687	0.00698
2	0.01211	0.00853	0.01110	0.01194	0.01252	0.00870	0.00794	0.01349	0.01499	0.02036	0.03567	0.30249	0.04082	0.27509	0.17495	0.00800	0.01089	0.01719	0.00643	0.00677
3	0.02199	0.02167	0.03869	0.05243	0.54571	0.02145	0.10963	0.02763	0.02048	0.02915	0.01701	0.02243	0.01409	0.00791	0.00910	0.00271	0.01127	0.00834	0.00444	0.01387
4	0.02111	0.04407	0.48718	0.02683	0.07259	0.13902	0.02975	0.02967	0.02019	0.02718	0.01568	0.01857	0.01154	0.00860	0.00844	0.00272	0.01361	0.00653	0.00397	0.01274
5	0.02384	0.02728	0.07911	0.04299	0.40928	0.16145	0.02476	0.02880	0.02139	0.02735	0.01808	0.02566	0.01578	0.00938	0.00888	0.00269	0.01191	0.04385	0.00467	0.01286
6	0.01190	0.00845	0.01129	0.01319	0.01403	0.00810	0.00952	0.01394	0.01762	0.02333	0.04716	0.49300	0.05522	0.07988	0.01437	0.00415	0.00619	0.15324	0.00806	0.00735
7	0.14883	0.18004	0.02626	0.01611	0.02220	0.08128	0.01369	0.19785	0.02607	0.08400	0.01922	0.02041	0.01463	0.00945	0.00719	0.00241	0.00894	0.00665	0.10269	0.01206
8	0.03235	0.08392	0.02715	0.02487	0.13806	0.13117	0.01704	0.06513	0.07177	0.28034	0.02533	0.02467	0.01786	0.00992	0.00851	0.00260	0.00994	0.00789	0.00775	0.01374
9	0.01224	0.00896	0.01042	0.01042	0.01162	0.00881	0.00691	0.01352	0.01546	0.02002	0.04597	0.06235	0.20724	0.37209	0.14878	0.00806	0.01032	0.01411	0.00616	0.00654
10	0.01301	0.00867	0.00976	0.00976	0.00976	0.00867	0.00542	0.01301	0.01301	0.01735	0.02819	0.05855	0.03253	0.68559	0.04554	0.00867	0.00867	0.01301	0.00542	0.00542
11	0.01855	0.01590	0.01855	0.01325	0.02120	0.01193	0.01060	0.02253	0.01855	0.02915	0.01590	0.01855	0.01325	0.00663	0.00663	0.00133	0.00663	0.00530	0.00530	0.74028
12	0.01229	0.00893	0.01100	0.01104	0.01234	0.00878	0.00760	0.01426	0.01738	0.02337	0.15957	0.11488	0.14725	0.26237	0.14308	0.00714	0.00963	0.01511	0.00695	0.00704
13	0.01278	0.00959	0.01438	0.01438	0.01598	0.01118	0.01118	0.01598	0.01438	0.02077	0.02396	0.03515	0.02237	0.06710	0.65013	0.01438	0.02396	0.00959	0.00479	0.00799
14	0.01892	0.01460	0.01896	0.02193	0.13309	0.01472	0.01450	0.02781	0.16482	0.08265	0.05039	0.05925	0.20182	0.01672	0.01010	0.00315	0.00728	0.12008	0.00800	0.01121
15	0.02590	0.49488	0.07600	0.01779	0.02503	0.18488	0.01682	0.02907	0.01998	0.02168	0.01299	0.01505	0.01148	0.00809	0.00647	0.00206	0.01139	0.00513	0.00402	0.01131

[dist]
# distance from previous block
# <min> <max>
0	1

[block]
# block no. 3 follows, 19 sequences, length 30
# corresponding to MSA columns:
# 195-224
name=unknown_D
#
# <colnr> <probs for GDERKNQSTAVLIFYWHMCP>
#	G	D	E	R	K	N	Q	S	T	A	V	L	I	F	Y	W	H	M	C	P
0	0.02770	0.02660	0.03042	0.08396	0.27794	0.15887	0.02196	0.19883	0.02770	0.03522	0.01749	0.02078	0.01374	0.00914	0.00872	0.00261	0.01168	0.00752	0.00578	0.01334
1	0.02848	0.06729	0.07196	0.05239	0.02890	0.34056	0.01801	0.08849	0.16000	0.02909	0.01989	0.02105	0.01547	0.00988	0.00834	0.00256	0.01274	0.00709	0.00590	0.01193
2	0.01178	0.00968	0.01050	0.01067	0.01344	0.00872	0.00808	0.01572	0.05809	0.02596	0.12061	0.13894	0.45176	0.02232	0.01069	0.00314	0.00500	0.05838	0.00847	0.00806
3	0.02489	0.01819	0.01986	0.01534	0.02161	0.01804	0.01242	0.27505	0.02890	0.04204	0.02137	0.02321	0.01632	0.00929	0.00756	0.00209	0.00748	0.00720	0.17317	0.25598
4	0.02024	0.02076	0.03337	0.26080	0.23975	0.06839	0.12680	0.02576	0.02002	0.02600	0.02118	0.02670	0.05189	0.00926	0.00924	0.00283	0.01192	0.00895	0.00455	0.01159
5	0.02135	0.02321	0.01711	0.01629	0.01939	0.27018	0.01197	0.05077	0.02277	0.02509	0.08433	0.18737	0.15004	0.04619	0.01118	0.00308	0.00982	0.01405	0.00682	0.00898
6	0.01154	0.00897	0.01028	0.01018	0.01246	0.00794	0.00742	0.01431	0.02143	0.02789	0.27970	0.12260	0.34047	0.06917	0.01315	0.00340	0.00477	0.01797	0.00867	0.00770
7	0.01899	0.01922	0.03178	0.23101	0.03987	0.02414	0.12503	0.02324	0.01637	0.02324	0.01422	0.02176	0.01213	0.01205	0.01945	0.00345	0.34141	0.00836	0.00404	0.01024
8	0.02052	0.03053	0.26342	0.03638	0.27056	0.02131	0.05213	0.03145	0.12640	0.03033	0.02011	0.02301	0.01543	0.00890	0.00884	0.00281	0.01117	0.00795	0.00502	0.01372
9	0.01993	0.03245	0.27298	0.03312	0.04374	0.02193	0.38543	0.02854	0.02028	0.02854	0.01733	0.02216	0.01273	0.00790	0.00979	0.00295	0.01438	0.00908	0.00424	0.01250
10	0.01161	0.00910	0.01050	0.01015	0.01272	0.00799	0.00761	0.01484	0.02283	0.02996	0.35506	0.07656	0.35810	0.02050	0.01056	0.00292	0.00438	0.01754	0.00907	0.00799
11	0.01301	0.00867	0.00976	0.00976	0.00976	0.00867	0.00542	0.01301	0.01301	0.01735	0.02819	0.05855	0.03253	0.68559	0.04554	0.00867	0.00867	0.01301	0.00542	0.00542
12	0.01839	0.21508	0.05696	0.14288	0.02810	0.05283	0.01597	0.02179	0.01693	0.02144	0.01963	0.06802	0.01908	0.10182	0.12863	0.00544	0.04411	0.00885	0.00455	0.00950
13	0.02053	0.02011	0.03315	0.04214	0.38551	0.02189	0.06488	0.02492	0.01872	0.02683	0.02120	0.02647	0.05984	0.01102	0.01437	0.00303	0.17944	0.00895	0.00460	0.01239
14	0.01084	0.00802	0.01014	0.01185	0.01282	0.00732	0.00803	0.01253	0.01771	0.02308	0.05673	0.57312	0.16101	0.02706	0.01127	0.00352	0.00507	0.02426	0.00831	0.00732
15	0.01247	0.00845	0.00992	0.01045	0.01058	0.00831	0.00616	0.01287	0.01407	0.01875	0.03360	0.21782	0.03936	0.51699	0.03679	0.00738	0.00778	0.01620	0.00616	0.00589
16	0.38916	0.02278	0.01956	0.01626	0.02230	0.09659	0.01321	0.22002	0.02592	0.07393	0.01680	0.01786	0.01239	0.00937	0.00715	0.00269	0.00902	0.00624	0.00685	0.01190
17	0.01215	0.00937	0.01125	0.01148	0.01398	0.00847	0.00908	0.01548	0.02208	0.02866	0.25891	0.08305	0.31468	0.02167	0.01097	0.00320	0.00527	0.14342	0.00881	0.00801
18	0.07110	0.44777	0.03836	0.01650	0.02340	0.03131	0.01532	0.12788	0.02193	0.02897	0.01417	0.01622	0.01214	0.00877	0.00804	0.00222	0.05678	0.00561	0.00493	0.04858
19	0.02058	0.14703	0.16954	0.03379	0.28006	0.05183	0.02340	0.02606	0.01988	0.02656	0.02516	0.02791	0.09123	0.00997	0.00840	0.00259	0.01050	0.00838	0.00468	0.01245
20	0.02969	0.02406	0.05662	0.02631	0.13543	0.02471	0.01894	0.42442	0.03472	0.04702	0.01993	0.02191	0.01487	0.01170	0.01091	0.05927	0.00999	0.00795	0.00750	0.01406
21	0.01856	0.01089	0.01315	0.01243	0.01474	0.01038	0.00874	0.06338	0.01964	0.13395	0.04286	0.24250	0.10874	0.23340	0.02161	0.00494	0.00702	0.01638	0.00793	0.00875
22	0.05022	0.01380	0.01565	0.06363	0.02054	0.04316	0.01191	0.06321	0.05117	0.07648	0.17513	0.05828	0.16829	0.01785	0.01131	0.04078	0.00714	0.09385	0.00808	0.00952
23	0.02512	0.14525	0.03547	0.06042	0.11508	0.13122	0.13696	0.12924	0.02470	0.03050	0.02223	0.02501	0.06017	0.00971	0.00866	0.00259	0.01175	0.00840	0.00545	0.01207
24	0.01731	0.01580	0.01660	0.01547	0.01647	0.08948	0.01117	0.01990	0.05202	0.02071	0.02461	0.08932	0.02639	0.32197	0.07091	0.00647	0.16062	0.01153	0.00539	0.00784
25	0.01914	0.01969	0.12762	0.01615	0.02060	0.01573	0.01420	0.17565	0.02293	0.03121	0.02899	0.18282	0.03007	0.23020	0.02114	0.00484	0.00902	0.01334	0.00674	0.00991
26	0.02460	0.01660	0.01838	0.01534	0.01992	0.01732	0.01189	0.23704	0.08362	0.11467	0.03952	0.07034	0.13206	0.13870	0.01614	0.00394	0.00793	0.01197	0.00844	0.01159
27	0.02272	0.02746	0.09741	0.03629	0.21217	0.13120	0.19818	0.02970	0.05767	0.02780	0.01978	0.06172	0.01676	0.00958	0.00937	0.00280	0.01267	0.00942	0.00495	0.01235
28	0.17425	0.01953	0.01925	0.04782	0.02260	0.09475	0.01375	0.15457	0.02264	0.03415	0.01902	0.02379	0.01566	0.02470	0.17362	0.00570	0.05510	0.00751	0.06109	0.01051
29	0.07619	0.05563	0.04937	0.04531	0.02294	0.16922	0.01496	0.02453	0.04094	0.02488	0.02678	0.04093	0.04670	0.02836	0.18380	0.00606	0.01462	0.11367	0.00562	0.00947

[dist]
# distance from previous block
# <min> <max>
10	30

[block]
# block no. 4 follows, 19 sequences, length 8
# corresponding to MSA columns:
# 255-262
name=unknown_E
#
# <colnr> <probs for GDERKNQSTAVLIFYWHMCP>
#	G	D	E	R	K	N	Q	S	T	A	V	L	I	F	Y	W	H	M	C	P
0	0.02348	0.08644	0.02589	0.02211	0.08243	0.13034	0.05609	0.16265	0.02566	0.03179	0.03190	0.16501	0.08946	0.01459	0.00928	0.00280	0.00982	0.01232	0.00674	0.01118
1	0.01776	0.01221	0.01630	0.01534	0.01825	0.01370	0.01202	0.02558	0.14025	0.09188	0.02780	0.03426	0.02337	0.04951	0.44630	0.01074	0.01865	0.00963	0.00638	0.01007
2	0.01301	0.01113	0.01538	0.21807	0.02816	0.01161	0.01299	0.01675	0.02021	0.02582	0.16331	0.11981	0.27451	0.01799	0.01013	0.00303	0.00689	0.01553	0.00722	0.00845
3	0.03342	0.04264	0.02535	0.02305	0.02766	0.64967	0.01729	0.03572	0.02535	0.02190	0.01383	0.01613	0.01152	0.00922	0.00807	0.00230	0.01613	0.00576	0.00461	0.01037
4	0.01680	0.01365	0.01627	0.08580	0.02179	0.04518	0.01244	0.02475	0.14048	0.02609	0.02626	0.03415	0.02258	0.08594	0.27427	0.00794	0.01468	0.00941	0.11206	0.00946
5	0.02485	0.23388	0.23685	0.02330	0.06244	0.22507	0.02251	0.03018	0.02081	0.02419	0.01432	0.01685	0.01159	0.00845	0.00757	0.00238	0.01293	0.00588	0.00409	0.01185
6	0.02500	0.20920	0.09039	0.01778	0.02493	0.02487	0.01633	0.24657	0.02740	0.03656	0.02135	0.10232	0.01915	0.01140	0.00807	0.00246	0.00916	0.00890	0.00653	0.09161
7	0.02306	0.02575	0.02846	0.18224	0.06381	0.22141	0.07544	0.02690	0.01950	0.02295	0.01521	0.02129	0.01283	0.01480	0.06278	0.00384	0.15749	0.00761	0.00430	0.01029

[dist]
# distance from previous block
# <min> <max>
0	2

[block]
# block no. 5 follows, 19 sequences, length 13
# corresponding to MSA columns:
# 265-277
name=unknown_F
#
# <colnr> <probs for GDERKNQSTAVLIFYWHMCP>
#	G	D	E	R	K	N	Q	S	T	A	V	L	I	F	Y	W	H	M	C	P
0	0.01106	0.00861	0.01011	0.01121	0.01304	0.00767	0.00813	0.01317	0.01897	0.02381	0.06861	0.34918	0.32561	0.02521	0.01110	0.00339	0.00515	0.07018	0.00830	0.00749
1	0.02540	0.03084	0.10817	0.06951	0.06922	0.25131	0.01893	0.11251	0.06433	0.02970	0.02814	0.02946	0.10167	0.01136	0.00880	0.00266	0.01188	0.00869	0.00590	0.01153
2	0.01578	0.01138	0.01354	0.01255	0.01341	0.01268	0.00859	0.06168	0.01598	0.02252	0.02538	0.04700	0.02704	0.44883	0.08147	0.00749	0.09173	0.01134	0.06444	0.00717
3	0.01372	0.01181	0.01941	0.10961	0.02493	0.01195	0.10093	0.01682	0.01736	0.02299	0.03814	0.31177	0.08139	0.10669	0.06600	0.00488	0.00956	0.01734	0.00646	0.00824
4	0.02123	0.02144	0.02871	0.08177	0.37365	0.11486	0.02181	0.02536	0.02031	0.02637	0.02294	0.15557	0.02280	0.01232	0.00926	0.00282	0.01045	0.01120	0.00522	0.01190
5	0.48814	0.05216	0.11854	0.02075	0.11509	0.02104	0.01641	0.02682	0.01673	0.03573	0.01370	0.01639	0.01072	0.00826	0.00653	0.00272	0.00862	0.00561	0.00501	0.01102
6	0.01124	0.00879	0.01029	0.01131	0.01332	0.00785	0.00842	0.01353	0.01928	0.02408	0.06999	0.29534	0.34570	0.02483	0.01113	0.00339	0.00529	0.10036	0.00830	0.00755
7	0.01617	0.01581	0.06528	0.01779	0.09315	0.01331	0.01282	0.10033	0.02279	0.02921	0.06051	0.06127	0.36518	0.07155	0.01279	0.00337	0.00708	0.01451	0.00732	0.00976
8	0.02911	0.02795	0.02638	0.19860	0.03705	0.21699	0.01925	0.26732	0.03026	0.03653	0.01759	0.02049	0.01317	0.00978	0.00868	0.00265	0.01235	0.00732	0.00624	0.01227
9	0.02154	0.02485	0.12301	0.05068	0.54478	0.02119	0.02826	0.02758	0.02016	0.02910	0.01672	0.02167	0.01376	0.00805	0.00881	0.00268	0.01100	0.00778	0.00433	0.01403
10	0.16395	0.01936	0.02461	0.02575	0.14764	0.02105	0.05941	0.03766	0.29352	0.07534	0.02634	0.02655	0.01985	0.01013	0.00846	0.00289	0.00841	0.00862	0.00725	0.01321
11	0.02294	0.27954	0.14377	0.01910	0.06839	0.02279	0.01714	0.02688	0.01855	0.11627	0.02014	0.02725	0.01758	0.14675	0.01510	0.00365	0.00984	0.00768	0.00530	0.01134
12	0.01735	0.01956	0.09975	0.03466	0.32680	0.01603	0.02063	0.02204	0.01973	0.02703	0.03840	0.13104	0.16126	0.01430	0.00958	0.00290	0.00876	0.01283	0.00580	0.01154

[dist]
# distance from previous block
# <min> <max>
0	1

[block]
# block no. 6 follows, 19 sequences, length 7
# corresponding to MSA columns:
# 279-285
name=unknown_G
#
# <colnr> <probs for GDERKNQSTAVLIFYWHMCP>
#	G	D	E	R	K	N	Q	S	T	A	V	L	I	F	Y	W	H	M	C	P
0	0.20302	0.02115	0.02389	0.14657	0.15708	0.11462	0.01848	0.02560	0.01831	0.02822	0.01723	0.07427	0.01571	0.01100	0.01055	0.00292	0.08758	0.00830	0.00491	0.01060
1	0.01567	0.01650	0.07996	0.12970	0.12712	0.01383	0.01682	0.02033	0.02008	0.02787	0.14812	0.13590	0.09826	0.01460	0.00947	0.00279	0.00792	0.01290	0.00644	0.09570
