[name]
unknown

[dist]
# distance from previous block
# <min> <max>
0	9

[block]
# block no. 0 follows, 22 sequences, length 15
# corresponding to MSA columns:
# 9-23
name=unknown_A
#
# <colnr> <probs for GDERKNQSTAVLIFYWHMCP>
#	G	D	E	R	K	N	Q	S	T	A	V	L	I	F	Y	W	H	M	C	P
0	0.01831	0.04314	0.01684	0.01419	0.01789	0.01340	0.01162	0.08751	0.06613	0.09046	0.13984	0.04621	0.03499	0.02444	0.14791	0.00494	0.00998	0.12960	0.00722	0.07540
1	0.02381	0.10384	0.02378	0.04292	0.02347	0.13916	0.01411	0.12870	0.07651	0.05438	0.01742	0.01936	0.01380	0.00911	0.00931	0.00222	0.08311	0.00638	0.03849	0.17011
2	0.08504	0.01333	0.01428	0.01269	0.01701	0.01360	0.00996	0.02922	0.22847	0.14836	0.05120	0.04794	0.26645	0.01456	0.00867	0.00274	0.00574	0.01193	0.00822	0.01059
3	0.01741	0.03102	0.34793	0.13007	0.03998	0.02015	0.18418	0.02504	0.01751	0.02504	0.01503	0.01959	0.01119	0.00831	0.01016	0.00278	0.07225	0.00739	0.00373	0.01124
4	0.08513	0.08045	0.02466	0.09194	0.02598	0.21864	0.01664	0.02463	0.01687	0.02162	0.01249	0.01747	0.01110	0.01292	0.04315	0.00326	0.27342	0.00631	0.00399	0.00932
5	0.11278	0.24422	0.08979	0.01667	0.02305	0.13144	0.01529	0.15784	0.02313	0.03079	0.06808	0.01960	0.01694	0.00896	0.00694	0.00224	0.00956	0.00632	0.00537	0.01097
6	0.02283	0.07257	0.02048	0.08990	0.08371	0.01499	0.01368	0.07572	0.02176	0.19788	0.09202	0.03707	0.06282	0.01178	0.00826	0.00255	0.00728	0.05764	0.09618	0.01087
7	0.02348	0.16815	0.03039	0.08424	0.15513	0.16361	0.01856	0.09095	0.02035	0.02504	0.01373	0.01751	0.01163	0.00922	0.01089	0.00249	0.13302	0.00633	0.00436	0.01092
8	0.02599	0.23590	0.11836	0.01854	0.02466	0.21380	0.01715	0.02947	0.01957	0.12414	0.01574	0.01733	0.01227	0.00896	0.00918	0.00233	0.08491	0.00588	0.00485	0.01098
9	0.01652	0.01359	0.01454	0.01368	0.01690	0.04459	0.01047	0.04749	0.21373	0.05067	0.04392	0.11515	0.18472	0.02550	0.14461	0.00496	0.00949	0.01259	0.00724	0.00965
10	0.02059	0.02108	0.02529	0.03362	0.33467	0.15133	0.01875	0.02604	0.07941	0.02527	0.02295	0.15919	0.02234	0.01180	0.00858	0.00262	0.00957	0.01047	0.00530	0.01113
11	0.02363	0.02038	0.12019	0.02619	0.17786	0.01670	0.05409	0.03206	0.13549	0.20287	0.02634	0.08412	0.02071	0.01060	0.00855	0.00268	0.00865	0.00941	0.00685	0.01262
12	0.02106	0.02039	0.01702	0.01526	0.01868	0.20553	0.01155	0.14447	0.02487	0.03023	0.18690	0.11051	0.09630	0.04733	0.01046	0.00281	0.00853	0.01170	0.00707	0.00931
13	0.01553	0.00919	0.01141	0.01143	0.01287	0.00887	0.00771	0.01800	0.05246	0.11598	0.03587	0.32215	0.03890	0.27537	0.02187	0.00495	0.00646	0.01622	0.00715	0.00760
14	0.02632	0.17908	0.15834	0.02015	0.02687	0.34484	0.01862	0.08760	0.02243	0.02448	0.01368	0.01564	0.01099	0.00826	0.00720	0.00220	0.01260	0.00553	0.00436	0.01082

[dist]
# distance from previous block
# <min> <max>
0	1

[block]
# block no. 1 follows, 22 sequences, length 38
# corresponding to MSA columns:
# 25-62
name=unknown_B
#
# <colnr> <probs for GDERKNQSTAVLIFYWHMCP>
#	G	D	E	R	K	N	Q	S	T	A	V	L	I	F	Y	W	H	M	C	P
0	0.02322	0.08123	0.02851	0.03301	0.30849	0.20327	0.01936	0.02975	0.10792	0.02598	0.04702	0.02183	0.01706	0.00870	0.00789	0.00238	0.01047	0.00723	0.00496	0.01172
1	0.01869	0.16664	0.50540	0.02177	0.03253	0.06746	0.02663	0.02652	0.01784	0.02464	0.01414	0.01658	0.01056	0.00779	0.00739	0.00244	0.01184	0.00577	0.00357	0.01179
2	0.01827	0.26809	0.41840	0.01974	0.02970	0.02326	0.02385	0.02524	0.01765	0.02440	0.04888	0.01857	0.01431	0.00813	0.00713	0.00234	0.01067	0.00605	0.00383	0.01149
3	0.02156	0.52369	0.08910	0.01700	0.02362	0.05668	0.04172	0.02483	0.01683	0.02045	0.01201	0.01467	0.01076	0.00809	0.00836	0.00212	0.08914	0.00516	0.00362	0.01058
4	0.01026	0.00729	0.00960	0.01139	0.01184	0.00684	0.00752	0.01160	0.01563	0.02084	0.04439	0.65645	0.05318	0.07460	0.01286	0.00371	0.00505	0.02280	0.00752	0.00663
5	0.01208	0.00805	0.00906	0.00906	0.00906	0.00805	0.00503	0.01208	0.01208	0.01611	0.02618	0.05436	0.03020	0.70804	0.04228	0.00805	0.00805	0.01208	0.00503	0.00503
6	0.01812	0.06605	0.01941	0.01571	0.01889	0.13477	0.05340	0.04788	0.01772	0.02340	0.02008	0.02648	0.01743	0.03374	0.31961	0.00739	0.01580	0.00774	0.12772	0.00867
7	0.01010	0.00731	0.00956	0.01135	0.01199	0.00677	0.00762	0.01159	0.01611	0.02129	0.04842	0.65992	0.09594	0.02568	0.01055	0.00333	0.00478	0.02320	0.00771	0.00677
8	0.01113	0.00772	0.00963	0.01055	0.01088	0.00759	0.00668	0.01203	0.01399	0.01875	0.03524	0.36144	0.04133	0.33913	0.07060	0.00619	0.00749	0.01735	0.00627	0.00601
9	0.02056	0.01974	0.03372	0.05099	0.65622	0.01974	0.02550	0.02550	0.01892	0.02714	0.01563	0.02056	0.01316	0.00740	0.00822	0.00247	0.00987	0.00740	0.00411	0.01316
10	0.06097	0.03471	0.02326	0.12441	0.03015	0.54402	0.01683	0.03093	0.02205	0.02121	0.01308	0.01603	0.01068	0.00848	0.00751	0.00226	0.01400	0.00563	0.00423	0.00954
11	0.01667	0.01491	0.01826	0.24621	0.03080	0.05995	0.01428	0.02259	0.08782	0.02413	0.02219	0.10283	0.02029	0.06968	0.01080	0.00288	0.00836	0.00926	0.05854	0.15953
12	0.02691	0.07832	0.02613	0.15102	0.07004	0.33384	0.01780	0.14754	0.02451	0.02720	0.01470	0.01757	0.01160	0.00862	0.00770	0.00233	0.01232	0.00622	0.00490	0.01073
13	0.02160	0.01808	0.01733	0.01550	0.01997	0.09333	0.01202	0.03603	0.37500	0.10193	0.04127	0.03856	0.14806	0.01279	0.00860	0.00271	0.00714	0.01042	0.00803	0.01163
14	0.02566	0.01675	0.01914	0.01609	0.02085	0.01771	0.01271	0.28191	0.11357	0.15476	0.03081	0.19680	0.02726	0.01430	0.00892	0.00278	0.00730	0.01201	0.00854	0.01212
15	0.06357	0.05168	0.22630	0.02737	0.18136	0.07438	0.04830	0.07245	0.02079	0.02946	0.10480	0.02435	0.02103	0.00920	0.00807	0.00251	0.01011	0.00774	0.00502	0.01149
16	0.15163	0.09381	0.02279	0.01706	0.02247	0.24359	0.01375	0.17323	0.02479	0.10411	0.01710	0.01798	0.01282	0.00886	0.00711	0.00230	0.01018	0.00608	0.03920	0.01113
17	0.02064	0.02138	0.02399	0.02066	0.02261	0.15194	0.04339	0.06441	0.01713	0.02249	0.01415	0.02036	0.01288	0.02098	0.13356	0.00491	0.36363	0.00730	0.00426	0.00935
18	0.01548	0.01448	0.02331	0.41259	0.17306	0.01633	0.02008	0.02018	0.01758	0.02272	0.02945	0.03390	0.14565	0.01078	0.00860	0.00271	0.00939	0.00951	0.00462	0.00959
19	0.01724	0.01614	0.02654	0.18670	0.38578	0.01677	0.02106	0.02166	0.01813	0.02471	0.02638	0.08806	0.09384	0.01090	0.00864	0.00266	0.00901	0.01005	0.00477	0.01096
20	0.01767	0.01639	0.02756	0.19579	0.38531	0.01757	0.02191	0.02235	0.01726	0.02416	0.01674	0.02334	0.01418	0.01855	0.14104	0.00471	0.01262	0.00770	0.00408	0.01108
21	0.01475	0.01306	0.02047	0.02481	0.22206	0.01242	0.05562	0.01885	0.02085	0.02870	0.28994	0.04951	0.16722	0.01401	0.00929	0.00262	0.00659	0.01271	0.00690	0.00962
22	0.01977	0.02443	0.16125	0.04547	0.53091	0.01965	0.02655	0.02566	0.01864	0.02697	0.01548	0.01995	0.01263	0.00750	0.00816	0.00250	0.01036	0.00715	0.00399	0.01298
23	0.01319	0.01174	0.01463	0.01786	0.14084	0.01110	0.01091	0.01829	0.08968	0.02478	0.06479	0.06256	0.45413	0.01721	0.00935	0.00274	0.00560	0.01459	0.00708	0.00893
24	0.02337	0.02263	0.14108	0.03865	0.41505	0.01809	0.02363	0.02877	0.01969	0.15968	0.01908	0.02165	0.01425	0.00809	0.00819	0.00252	0.00971	0.00738	0.00530	0.01321
25	0.02572	0.01793	0.01912	0.01517	0.02039	0.01928	0.01233	0.40289	0.03103	0.04420	0.02187	0.02323	0.01626	0.00966	0.00740	0.00225	0.00732	0.00741	0.24081	0.05575
26	0.01016	0.00755	0.00947	0.01084	0.01190	0.00687	0.00743	0.01189	0.01700	0.02221	0.09087	0.53331	0.18135	0.02443	0.01039	0.00321	0.00464	0.02182	0.00780	0.00687
27	0.02866	0.22056	0.02891	0.01947	0.02451	0.50222	0.01556	0.03094	0.02175	0.02012	0.01249	0.01454	0.01069	0.00817	0.00691	0.00204	0.01334	0.00511	0.00409	0.00991
28	0.01848	0.12481	0.28781	0.02011	0.02715	0.02057	0.04787	0.02422	0.01773	0.06388	0.10166	0.02402	0.02059	0.01052	0.01195	0.00272	0.15266	0.00765	0.00475	0.01084
29	0.01012	0.00723	0.00964	0.01157	0.01205	0.00675	0.00771	0.01157	0.01591	0.02121	0.04579	0.70262	0.05495	0.02603	0.01060	0.00337	0.00482	0.02362	0.00771	0.00675
30	0.01056	0.00866	0.00945	0.00985	0.01247	0.00755	0.00779	0.01303	0.01897	0.02295	0.07576	0.08283	0.52639	0.02144	0.01016	0.00302	0.00493	0.13934	0.00770	0.00715
31	0.01735	0.02044	0.14939	0.10272	0.02770	0.01843	0.03927	0.08353	0.01763	0.02564	0.01715	0.02317	0.01429	0.02237	0.16650	0.00530	0.17158	0.00758	0.06010	0.00985
32	0.17852	0.02175	0.02022	0.09437	0.06381	0.14967	0.01452	0.19179	0.02418	0.03355	0.02498	0.02636	0.10195	0.01043	0.00770	0.00251	0.00931	0.00784	0.00598	0.01055
33	0.01208	0.00805	0.00906	0.00906	0.00906	0.00805	0.00503	0.01208	0.01208	0.01611	0.02618	0.05436	0.03020	0.70804	0.04228	0.00805	0.00805	0.01208	0.00503	0.00503
34	0.01054	0.00765	0.00995	0.01105	0.01209	0.00706	0.00765	0.01270	0.01817	0.02457	0.21231	0.48607	0.10293	0.02323	0.01033	0.00313	0.00453	0.02087	0.00810	0.00706
35	0.02151	0.01734	0.02367	0.16285	0.16067	0.01965	0.01777	0.19585	0.02324	0.03304	0.01826	0.02235	0.01424	0.00955	0.00998	0.00257	0.08613	0.00747	0.14270	0.01117
36	0.11993	0.53581	0.03689	0.01471	0.02120	0.11377	0.01377	0.02589	0.01738	0.02195	0.01172	0.01356	0.01045	0.00737	0.00558	0.00193	0.00935	0.00457	0.00385	0.01031
37	0.01989	0.25064	0.23177	0.03069	0.25986	0.02384	0.02346	0.02555	0.01783	0.02443	0.01409	0.01729	0.01154	0.00746	0.00719	0.00229	0.01029	0.00606	0.00375	0.01208

[dist]
# distance from previous block
# <min> <max>
0	1

[block]
# block no. 2 follows, 22 sequences, length 21
# corresponding to MSA columns:
# 64-84
name=unknown_C
#
# <colnr> <probs for GDERKNQSTAVLIFYWHMCP>
#	G	D	E	R	K	N	Q	S	T	A	V	L	I	F	Y	W	H	M	C	P
0	0.18408	0.33144	0.13989	0.07759	0.02756	0.02525	0.06328	0.02482	0.01657	0.02527	0.01281	0.01556	0.01046	0.00747	0.00633	0.00226	0.00950	0.00541	0.00396	0.01048
1	0.01284	0.01199	0.01137	0.01082	0.01344	0.07579	0.00819	0.01543	0.02040	0.02509	0.22850	0.06601	0.40558	0.01841	0.01027	0.00272	0.03278	0.01520	0.00759	0.00759
2	0.01244	0.00810	0.00930	0.00930	0.00965	0.00823	0.00560	0.01314	0.01279	0.01804	0.02592	0.04981	0.02836	0.57234	0.09546	0.00786	0.00887	0.01131	0.08793	0.00555
3	0.02401	0.17844	0.16760	0.01948	0.02601	0.29553	0.01822	0.03024	0.08890	0.02311	0.01670	0.04533	0.01410	0.00913	0.00736	0.00230	0.01175	0.00653	0.00456	0.01070
4	0.02258	0.10276	0.08975	0.03825	0.39780	0.15831	0.02274	0.02711	0.01953	0.02480	0.01453	0.01832	0.01213	0.00766	0.00772	0.00234	0.01105	0.00653	0.00403	0.01206
5	0.01263	0.01002	0.01481	0.01437	0.01567	0.01219	0.01132	0.01545	0.01328	0.01937	0.02089	0.03090	0.01958	0.05656	0.59724	0.01218	0.10287	0.00870	0.00435	0.00762
6	0.01741	0.01577	0.02273	0.20063	0.21305	0.01708	0.01796	0.04755	0.14131	0.02702	0.03384	0.03574	0.15228	0.01142	0.00864	0.00269	0.00830	0.00996	0.00578	0.01085
7	0.01811	0.01529	0.01770	0.01272	0.02006	0.01197	0.01021	0.05814	0.01856	0.02862	0.01508	0.01739	0.01242	0.00639	0.00628	0.00131	0.00634	0.00508	0.00513	0.71321
8	0.01549	0.00774	0.00774	0.00774	0.00968	0.00774	0.00581	0.01936	0.01742	0.03097	0.02710	0.03097	0.02129	0.00968	0.00581	0.00194	0.00387	0.00774	0.75416	0.00774
9	0.01841	0.17958	0.43915	0.02585	0.12710	0.02220	0.02646	0.02589	0.01761	0.02502	0.01431	0.01712	0.01095	0.00765	0.00741	0.00243	0.01120	0.00598	0.00361	0.01207
10	0.01383	0.01420	0.12394	0.01354	0.01675	0.00953	0.01180	0.01680	0.01686	0.07976	0.04080	0.42960	0.08796	0.06935	0.01211	0.00346	0.00650	0.01793	0.00703	0.00827
11	0.01858	0.47349	0.03260	0.01340	0.01838	0.02474	0.01223	0.02096	0.01576	0.01932	0.01734	0.07292	0.01755	0.08149	0.12514	0.00447	0.01082	0.00737	0.00416	0.00929
12	0.01913	0.21917	0.24733	0.01912	0.02706	0.02146	0.09193	0.06130	0.01877	0.02662	0.01679	0.01983	0.01317	0.00972	0.02823	0.00263	0.01025	0.00655	0.13005	0.01090
13	0.07753	0.02723	0.16782	0.03484	0.25081	0.09240	0.17732	0.02672	0.01895	0.02685	0.01516	0.01924	0.01187	0.00756	0.00824	0.00256	0.01173	0.00730	0.00410	0.01177
14	0.02502	0.02972	0.02380	0.10524	0.13714	0.40837	0.01745	0.02805	0.02140	0.02185	0.02145	0.02400	0.08227	0.00971	0.00797	0.00235	0.01243	0.00730	0.00456	0.00990
15	0.16283	0.14946	0.18379	0.01654	0.02347	0.07009	0.01665	0.07989	0.02005	0.06866	0.08589	0.02224	0.01915	0.01134	0.03449	0.00285	0.00964	0.00682	0.00540	0.01075
16	0.02443	0.02941	0.19656	0.02817	0.13588	0.13309	0.12354	0.09580	0.02229	0.10477	0.01769	0.01998	0.01295	0.00829	0.00830	0.00252	0.01166	0.00724	0.00521	0.01221
17	0.09372	0.19393	0.02456	0.07646	0.02320	0.13324	0.01362	0.09616	0.01979	0.02638	0.01635	0.02029	0.01372	0.01840	0.13157	0.00427	0.01201	0.00634	0.06623	0.00976
18	0.01778	0.02504	0.25411	0.02231	0.09555	0.01694	0.04486	0.11259	0.02014	0.02839	0.04709	0.02863	0.04401	0.08168	0.11963	0.00484	0.01217	0.00845	0.00502	0.01076
19	0.07036	0.03156	0.24687	0.10592	0.03190	0.19573	0.02097	0.03029	0.05783	0.10583	0.01754	0.01937	0.01273	0.00862	0.00776	0.00252	0.01148	0.00646	0.00500	0.01125
20	0.10275	0.07642	0.24302	0.02014	0.07312	0.09921	0.01903	0.02573	0.01941	0.07039	0.12567	0.02513	0.02308	0.00954	0.00769	0.00244	0.00955	0.00748	0.00531	0.03488

[dist]
# distance from previous block
# <min> <max>
21	63

[block]
# block no. 3 follows, 22 sequences, length 11
# corresponding to MSA columns:
# 152-162
name=unknown_D
#
# <colnr> <probs for GDERKNQSTAVLIFYWHMCP>
#	G	D	E	R	K	N	Q	S	T	A	V	L	I	F	Y	W	H	M	C	P
0	0.07040	0.06582	0.02595	0.07693	0.31601	0.04784	0.01826	0.04881	0.02032	0.02879	0.14921	0.02997	0.04726	0.01007	0.00817	0.00247	0.00843	0.00882	0.00547	0.01100
1	0.02177	0.21097	0.11353	0.02235	0.09216	0.09495	0.06121	0.07787	0.01964	0.02588	0.01483	0.01800	0.01220	0.00861	0.00930	0.00233	0.08635	0.00629	0.05654	0.04523
2	0.07104	0.08525	0.15654	0.09237	0.17209	0.10848	0.01964	0.02386	0.01853	0.02468	0.02596	0.02825	0.11972	0.01006	0.00786	0.00249	0.00991	0.00811	0.00460	0.01055
3	0.09171	0.07736	0.04508	0.01807	0.10554	0.06752	0.01285	0.06212	0.01922	0.02636	0.03786	0.03931	0.21533	0.01901	0.09191	0.00385	0.00941	0.01004	0.03807	0.00938
4	0.05378	0.04299	0.01941	0.10700	0.02499	0.08216	0.01299	0.02702	0.08288	0.12665	0.02201	0.07841	0.01831	0.01176	0.03262	0.00263	0.00853	0.00799	0.00608	0.23180
5	0.01622	0.01870	0.13167	0.01523	0.02160	0.01368	0.01415	0.02351	0.10207	0.02599	0.01933	0.02313	0.01596	0.02158	0.17853	0.00481	0.01143	0.00677	0.00503	0.33060
6	0.02268	0.02317	0.02047	0.01731	0.05020	0.21343	0.01288	0.07256	0.02093	0.02702	0.01463	0.01691	0.01200	0.00724	0.00682	0.00166	0.00922	0.00536	0.00496	0.44055
7	0.01061	0.00859	0.00935	0.00969	0.01213	0.00754	0.00748	0.01287	0.01848	0.02242	0.07287	0.08057	0.50076	0.07044	0.01243	0.00336	0.00509	0.12080	0.00751	0.00698
8	0.01740	0.01484	0.02335	0.20936	0.14307	0.01670	0.05821	0.06419	0.01810	0.02596	0.01846	0.02474	0.01511	0.01857	0.12979	0.00454	0.05763	0.00788	0.12225	0.00984
9	0.01045	0.00861	0.00943	0.00969	0.01229	0.00759	0.00756	0.01285	0.01859	0.02256	0.07447	0.07866	0.52719	0.02408	0.05476	0.00365	0.00589	0.09707	0.00749	0.00713
10	0.02838	0.24462	0.02979	0.01900	0.02435	0.42114	0.01547	0.08273	0.02286	0.02289	0.01307	0.01491	0.01099	0.00824	0.00690	0.00206	0.01260	0.00526	0.00441	0.01034

[dist]
# distance from previous block
# <min> <max>
0	1

[block]
# block no. 4 follows, 22 sequences, length 65
# corresponding to MSA columns:
# 164-228
name=unknown_E
#
# <colnr> <probs for GDERKNQSTAVLIFYWHMCP>
#	G	D	E	R	K	N	Q	S	T	A	V	L	I	F	Y	W	H	M	C	P
0	0.02631	0.06614	0.05625	0.02920	0.16680	0.34960	0.09467	0.06704	0.02242	0.02481	0.01441	0.01746	0.01168	0.00810	0.00790	0.00232	0.01295	0.00648	0.00442	0.01104
1	0.01232	0.00956	0.01421	0.01395	0.01533	0.01146	0.01094	0.01520	0.01331	0.01934	0.02145	0.03161	0.02007	0.05891	0.62906	0.01266	0.06993	0.00878	0.00439	0.00754
2	0.03103	0.03959	0.02354	0.02140	0.02568	0.67469	0.01605	0.03317	0.02354	0.02033	0.01284	0.01498	0.01070	0.00856	0.00749	0.00214	0.01498	0.00535	0.00428	0.00963
3	0.02232	0.56759	0.11963	0.01606	0.02355	0.08973	0.01645	0.02581	0.01757	0.02046	0.01209	0.01401	0.01065	0.00734	0.00585	0.00192	0.00987	0.00474	0.00361	0.01077
4	0.01039	0.00811	0.00947	0.01006	0.01195	0.00718	0.00733	0.01266	0.01873	0.02393	0.16229	0.27503	0.34209	0.02205	0.01014	0.00300	0.00451	0.04603	0.00794	0.00709
5	0.01108	0.00801	0.01048	0.01209	0.01315	0.00760	0.00891	0.01313	0.01681	0.02198	0.04783	0.44045	0.10978	0.06719	0.01273	0.00373	0.00571	0.17491	0.00753	0.00691
6	0.01143	0.00821	0.01066	0.01107	0.01190	0.00853	0.00759	0.01294	0.01382	0.01876	0.03303	0.18475	0.07632	0.28612	0.25841	0.00858	0.01215	0.01376	0.00558	0.00638
7	0.01025	0.00735	0.00954	0.01124	0.01180	0.00685	0.00745	0.01162	0.01578	0.02090	0.04626	0.62626	0.08225	0.07428	0.01282	0.00368	0.00502	0.02250	0.00752	0.00664
8	0.03103	0.02300	0.02462	0.01900	0.02555	0.02551	0.01566	0.59907	0.06940	0.05147	0.02064	0.02050	0.01469	0.01004	0.00832	0.00251	0.00901	0.00758	0.00832	0.01408
9	0.02013	0.02088	0.02789	0.34025	0.27010	0.13270	0.02274	0.02485	0.01865	0.02323	0.01475	0.02033	0.01177	0.00802	0.00813	0.00255	0.01131	0.00704	0.00395	0.01073
10	0.01871	0.01733	0.02876	0.04239	0.50872	0.01725	0.02232	0.02330	0.01895	0.02648	0.02436	0.03665	0.05438	0.01088	0.00888	0.00272	0.00917	0.11194	0.00493	0.01186
11	0.05970	0.18656	0.05733	0.01948	0.02479	0.47539	0.01603	0.03066	0.02140	0.02116	0.01260	0.01467	0.01061	0.00817	0.00694	0.00210	0.01315	0.00515	0.00412	0.00995
12	0.01199	0.00894	0.01069	0.01106	0.01276	0.00857	0.00823	0.01522	0.04688	0.02379	0.15312	0.12162	0.19830	0.18404	0.01789	0.00429	0.00598	0.14221	0.00734	0.00709
13	0.21797	0.37556	0.06630	0.01472	0.02152	0.02718	0.01403	0.12865	0.02001	0.03019	0.01318	0.01474	0.01081	0.00780	0.00593	0.00215	0.00847	0.00507	0.00478	0.01091
14	0.02532	0.03107	0.25268	0.02230	0.05860	0.06913	0.02146	0.32235	0.05156	0.03899	0.01796	0.01917	0.01297	0.00906	0.00810	0.00253	0.01061	0.00692	0.00613	0.01307
15	0.01993	0.42037	0.28621	0.01885	0.02803	0.02704	0.04835	0.02551	0.01726	0.02250	0.01310	0.01538	0.01070	0.00741	0.00653	0.00216	0.01044	0.00535	0.00357	0.01132
16	0.02254	0.02315	0.01942	0.19290	0.02938	0.28062	0.01494	0.05302	0.02066	0.02508	0.01777	0.02169	0.01400	0.00888	0.00726	0.00226	0.01049	0.00667	0.22006	0.00919
17	0.01099	0.00793	0.00915	0.00966	0.01053	0.00744	0.00619	0.01205	0.01523	0.01972	0.07086	0.23990	0.18627	0.32884	0.02452	0.00530	0.00608	0.01668	0.00658	0.00609
18	0.01818	0.01818	0.02545	0.02181	0.02181	0.02545	0.01818	0.01999	0.01272	0.01999	0.01091	0.01818	0.01091	0.01454	0.02726	0.00364	0.69284	0.00727	0.00364	0.00909
19	0.01012	0.00723	0.00964	0.01157	0.01205	0.00675	0.00771	0.01157	0.01591	0.02121	0.04579	0.70262	0.05495	0.02603	0.01060	0.00337	0.00482	0.02362	0.00771	0.00675
20	0.02104	0.02065	0.03325	0.04963	0.62717	0.04992	0.02506	0.02585	0.01913	0.02683	0.01550	0.02030	0.01305	0.00746	0.00819	0.00245	0.01010	0.00731	0.00412	0.01300
21	0.02056	0.01974	0.03372	0.05099	0.65622	0.01974	0.02550	0.02550	0.01892	0.02714	0.01563	0.02056	0.01316	0.00740	0.00822	0.00247	0.00987	0.00740	0.00411	0.01316
22	0.00982	0.00842	0.00842	0.00842	0.01122	0.00701	0.00631	0.01192	0.01894	0.02244	0.08416	0.07995	0.65285	0.02104	0.00982	0.00281	0.00421	0.01753	0.00771	0.00701
23	0.01761	0.01908	0.03999	0.09053	0.03924	0.01830	0.46383	0.02351	0.01869	0.02518	0.02165	0.14032	0.01981	0.01042	0.00981	0.00290	0.01215	0.01198	0.00476	0.01025
24	0.02184	0.03247	0.23657	0.07918	0.23660	0.20059	0.02441	0.02758	0.01958	0.02457	0.01456	0.01814	0.01147	0.00795	0.00792	0.00245	0.01216	0.00642	0.00393	0.01162
25	0.01916	0.01847	0.14902	0.01453	0.02038	0.01309	0.01391	0.02686	0.12780	0.16448	0.07636	0.04647	0.24690	0.01410	0.00886	0.00271	0.00690	0.01165	0.00759	0.01075
26	0.01745	0.01011	0.01035	0.00963	0.01226	0.01059	0.00740	0.07817	0.07635	0.03330	0.02705	0.02995	0.02100	0.00985	0.00628	0.00207	0.00461	0.00787	0.61688	0.00883
27	0.02590	0.02932	0.02464	0.02704	0.16983	0.35250	0.01747	0.03428	0.18431	0.02568	0.01898	0.02046	0.01511	0.00900	0.00791	0.00239	0.01160	0.00688	0.00533	0.01137
28	0.01924	0.11410	0.35151	0.03167	0.24293	0.04891	0.02637	0.02616	0.01818	0.02554	0.01467	0.01795	0.01144	0.00766	0.00768	0.00245	0.01118	0.00633	0.00375	0.01227
29	0.01087	0.00846	0.00988	0.00952	0.01187	0.00746	0.00714	0.01397	0.02143	0.02836	0.39311	0.07021	0.34020	0.01883	0.00981	0.00270	0.00405	0.01617	0.00849	0.00746
30	0.01591	0.01245	0.01913	0.02527	0.24162	0.01302	0.01456	0.01981	0.01640	0.02514	0.02117	0.02791	0.01820	0.02899	0.26255	0.00649	0.01303	0.00806	0.20075	0.00954
31	0.02853	0.23032	0.02920	0.01937	0.02445	0.49292	0.01553	0.03082	0.02166	0.02011	0.01248	0.01451	0.01069	0.00815	0.00688	0.00204	0.01325	0.00509	0.00407	0.00992
32	0.02854	0.13725	0.02676	0.05320	0.02643	0.37532	0.01593	0.15808	0.05392	0.02771	0.01521	0.01688	0.01212	0.00875	0.00742	0.00222	0.01222	0.00595	0.00519	0.01088
33	0.01012	0.00723	0.00964	0.01157	0.01205	0.00675	0.00771	0.01157	0.01591	0.02121	0.04579	0.70262	0.05495	0.02603	0.01060	0.00337	0.00482	0.02362	0.00771	0.00675
34	0.02056	0.01974	0.03372	0.05099	0.65622	0.01974	0.02550	0.02550	0.01892	0.02714	0.01563	0.02056	0.01316	0.00740	0.00822	0.00247	0.00987	0.00740	0.00411	0.01316
35	0.01203	0.00825	0.01005	0.01005	0.01039	0.00859	0.00627	0.01272	0.01237	0.01684	0.02527	0.04936	0.02803	0.55933	0.18803	0.00927	0.01132	0.01135	0.00490	0.00558
36	0.01187	0.00890	0.01335	0.01335	0.01483	0.01038	0.01038	0.01483	0.01335	0.01928	0.02225	0.03264	0.02077	0.06231	0.67512	0.01335	0.02225	0.00890	0.00445	0.00742
37	0.02056	0.01974	0.03372	0.05099	0.65622	0.01974	0.02550	0.02550	0.01892	0.02714	0.01563	0.02056	0.01316	0.00740	0.00822	0.00247	0.00987	0.00740	0.00411	0.01316
38	0.02500	0.01145	0.01516	0.01254	0.01693	0.01006	0.01000	0.02838	0.02324	0.36295	0.27447	0.04592	0.10039	0.01383	0.00904	0.00261	0.00560	0.01175	0.00961	0.01108
39	0.01687	0.04151	0.62120	0.02448	0.03649	0.01942	0.07303	0.02633	0.01769	0.02633	0.01504	0.01789	0.01067	0.00783	0.00803	0.00264	0.01240	0.00640	0.00356	0.01220
40	0.03103	0.03959	0.02354	0.02140	0.02568	0.67469	0.01605	0.03317	0.02354	0.02033	0.01284	0.01498	0.01070	0.00856	0.00749	0.00214	0.01498	0.00535	0.00428	0.00963
41	0.01818	0.01818	0.02545	0.02181	0.02181	0.02545	0.01818	0.01999	0.01272	0.01999	0.01091	0.01818	0.01091	0.01454	0.02726	0.00364	0.69284	0.00727	0.00364	0.00909
42	0.02221	0.71304	0.04353	0.01421	0.02132	0.03287	0.01421	0.02488	0.01688	0.01955	0.01155	0.01333	0.01066	0.00711	0.00533	0.00178	0.00888	0.00444	0.00355	0.01066
43	0.01398	0.01197	0.01507	0.01751	0.11819	0.01174	0.01123	0.02070	0.12853	0.02750	0.16832	0.05906	0.30401	0.01645	0.00939	0.00276	0.00565	0.04115	0.00752	0.00927
44	0.01371	0.01161	0.01689	0.01582	0.01687	0.01479	0.01266	0.01634	0.01317	0.01949	0.01894	0.02841	0.01789	0.04835	0.48578	0.01051	0.21824	0.00842	0.00421	0.00791
45	0.02056	0.01974	0.03372	0.05099	0.65622	0.01974	0.02550	0.02550	0.01892	0.02714	0.01563	0.02056	0.01316	0.00740	0.00822	0.00247	0.00987	0.00740	0.00411	0.01316
46	0.01208	0.00805	0.00906	0.00906	0.00906	0.00805	0.00503	0.01208	0.01208	0.01611	0.02618	0.05436	0.03020	0.70804	0.04228	0.00805	0.00805	0.01208	0.00503	0.00503
47	0.01569	0.01477	0.02492	0.68808	0.05722	0.01846	0.02307	0.02123	0.01661	0.02123	0.01477	0.02215	0.01107	0.00831	0.00831	0.00277	0.01107	0.00738	0.00369	0.00923
48	0.01723	0.01477	0.01723	0.01230	0.01969	0.01107	0.00984	0.02092	0.01723	0.02707	0.01477	0.01723	0.01230	0.00615	0.00615	0.00123	0.00615	0.00492	0.00492	0.75883
49	0.02159	0.02315	0.06750	0.13414	0.02966	0.13425	0.01718	0.06130	0.29775	0.02878	0.02284	0.02407	0.01748	0.01029	0.00993	0.00274	0.07194	0.00783	0.00611	0.01148
50	0.02432	0.28691	0.07554	0.01784	0.02384	0.23721	0.01574	0.03211	0.16288	0.02378	0.01733	0.01823	0.01405	0.00859	0.00693	0.00220	0.01057	0.00600	0.00491	0.01101
51	0.01394	0.01191	0.01610	0.01968	0.16112	0.01147	0.01187	0.01925	0.07725	0.02831	0.25518	0.05577	0.25459	0.01564	0.00932	0.00266	0.00563	0.01361	0.00743	0.00927
52	0.02258	0.48642	0.03670	0.01627	0.02176	0.13031	0.01483	0.02507	0.01721	0.01971	0.01216	0.01510	0.01117	0.01085	0.03950	0.00261	0.09873	0.00515	0.00372	0.01015
53	0.01967	0.01601	0.01827	0.01833	0.08180	0.01732	0.01290	0.07109	0.36815	0.06387	0.04270	0.04042	0.16774	0.01301	0.00873	0.00275	0.00654	0.01090	0.00794	0.01185
54	0.02036	0.50827	0.03480	0.01380	0.01954	0.06762	0.01286	0.02328	0.01883	0.02277	0.15909	0.02465	0.02626	0.00947	0.00650	0.00199	0.00813	0.00694	0.00489	0.00995
55	0.01499	0.01546	0.01240	0.01206	0.01481	0.16086	0.00893	0.01725	0.02020	0.02319	0.13565	0.14077	0.35640	0.01827	0.00938	0.00270	0.00673	0.01517	0.00711	0.00769
56	0.01421	0.01224	0.01340	0.01370	0.04631	0.01246	0.00976	0.02400	0.23970	0.02696	0.06056	0.09845	0.36172	0.01722	0.00930	0.00283	0.00536	0.01453	0.00780	0.00947
57	0.02213	0.02345	0.02985	0.15464	0.40715	0.17036	0.02290	0.02652	0.01958	0.02455	0.01484	0.01955	0.01223	0.00783	0.00807	0.00244	0.01126	0.00693	0.00408	0.01166
58	0.01062	0.00866	0.01049	0.01234	0.05226	0.00771	0.00807	0.01264	0.01774	0.02225	0.06477	0.32069	0.37771	0.02214	0.01003	0.00301	0.00481	0.01928	0.00749	0.00730
59	0.01856	0.01724	0.02903	0.04232	0.50851	0.01758	0.02202	0.02304	0.01763	0.02533	0.01715	0.02334	0.01491	0.02005	0.16182	0.00497	0.01272	0.00775	0.00419	0.01184
60	0.01927	0.13880	0.03045	0.06927	0.17007	0.02498	0.01948	0.02218	0.01512	0.02164	0.01235	0.01813	0.01139	0.01121	0.01788	0.00299	0.37393	0.00682	0.00373	0.01031
61	0.06857	0.66964	0.04158	0.01401	0.02099	0.03199	0.01389	0.02485	0.01671	0.02065	0.01155	0.01334	0.01056	0.00714	0.00532	0.00183	0.00873	0.00445	0.00365	0.01056
62	0.01135	0.00872	0.01011	0.01077	0.01258	0.00805	0.00766	0.05065	0.01859	0.02367	0.05965	0.40817	0.29374	0.02300	0.01014	0.00309	0.00485	0.02014	0.00775	0.00732
63	0.01953	0.36201	0.24802	0.01769	0.02568	0.06074	0.01939	0.02456	0.01703	0.02183	0.01409	0.01726	0.01188	0.01437	0.09029	0.00354	0.01204	0.00562	0.00369	0.01074
64	0.01647	0.05724	0.01563	0.01264	0.01605	0.05514	0.00979	0.07693	0.12957	0.02945	0.20842	0.05113	0.20718	0.06444	0.01132	0.00299	0.00624	0.01256	0.00761	0.00920

[dist]
# distance from previous block
# <min> <max>
0	24

[block]
# block no. 5 follows, 22 sequences, length 11
# corresponding to MSA columns:
# 253-263
name=unknown_F
#
# <colnr> <probs for GDERKNQSTAVLIFYWHMCP>
#	G	D	E	R	K	N	Q	S	T	A	V	L	I	F	Y	W	H	M	C	P
0	0.14739	0.01187	0.04433	0.01269	0.01510	0.01115	0.00974	0.01845	0.08927	0.02594	0.03668	0.46532	0.04097	0.02009	0.00923	0.00313	0.00569	0.01763	0.00713	0.00818
1	0.01850	0.03103	0.32220	0.03360	0.18100	0.01995	0.22050	0.02622	0.01852	0.02660	0.01568	0.01980	0.01180	0.00749	0.00858	0.00265	0.01228	0.00761	0.00387	0.01214
2	0.02041	0.07293	0.02094	0.01700	0.02008	0.16664	0.01359	0.10346	0.01934	0.02410	0.01768	0.02376	0.01567	0.03328	0.30729	0.00733	0.09508	0.00737	0.00477	0.00927
3	0.05786	0.22634	0.03155	0.02590	0.19160	0.10263	0.01744	0.14948	0.06881	0.03021	0.01614	0.01810	0.01305	0.00827	0.00718	0.00226	0.00964	0.00632	0.00518	0.01201
4	0.02618	0.22195	0.03143	0.02621	0.16946	0.34595	0.01771	0.02910	0.02063	0.02168	0.01312	0.01580	0.01126	0.00789	0.00706	0.00211	0.01211	0.00557	0.00404	0.01073
5	0.01302	0.01066	0.01513	0.01440	0.01556	0.01300	0.01128	0.01547	0.01347	0.01938	0.02411	0.03434	0.05854	0.09981	0.45630	0.01036	0.15375	0.00935	0.00453	0.00754
6	0.02063	0.28954	0.02647	0.01424	0.01878	0.07024	0.01184	0.02753	0.16203	0.05496	0.02254	0.06114	0.02072	0.14960	0.01403	0.00342	0.00834	0.00835	0.00559	0.01002
7	0.01372	0.01226	0.01198	0.01135	0.01462	0.04220	0.00863	0.02135	0.17538	0.02643	0.12082	0.06295	0.41197	0.01762	0.00936	0.00276	0.00529	0.01468	0.00787	0.00875
8	0.01990	0.05006	0.01606	0.01353	0.01656	0.14681	0.01050	0.09386	0.02005	0.02747	0.02146	0.02700	0.01806	0.05276	0.16196	0.00494	0.01141	0.00753	0.27127	0.00883
9	0.10833	0.20756	0.02399	0.01484	0.04248	0.06804	0.01194	0.02529	0.09599	0.02612	0.02444	0.02522	0.09283	0.00932	0.00673	0.00205	0.00753	0.00700	0.00529	0.19503
10	0.20248	0.17456	0.02128	0.01557	0.06411	0.04694	0.01157	0.04715	0.01811	0.02790	0.09235	0.19229	0.02924	0.01331	0.00754	0.00256	0.00706	0.01083	0.00589	0.00925

[dist]
# distance from previous block
# <min> <max>
3	5

[block]
# block no. 6 follows, 22 sequences, length 87
# corresponding to MSA columns:
# 269-355
name=unknown_G
#
# <colnr> <probs for GDERKNQSTAVLIFYWHMCP>
#	G	D	E	R	K	N	Q	S	T	A	V	L	I	F	Y	W	H	M	C	P
0	0.02031	0.02004	0.05758	0.16491	0.47395	0.01993	0.02455	0.06896	0.01991	0.02786	0.01575	0.02068	0.01274	0.00778	0.00823	0.00253	0.01014	0.00735	0.00432	0.01247
1	0.02376	0.02566	0.02272	0.08597	0.11369	0.27361	0.01649	0.05455	0.17947	0.02685	0.04816	0.02561	0.04758	0.01004	0.00815	0.00248	0.01060	0.00789	0.00577	0.01095
2	0.03300	0.01678	0.02060	0.01612	0.02220	0.01667	0.01324	0.22061	0.05679	0.40018	0.02814	0.02613	0.01881	0.01379	0.05395	0.00330	0.00872	0.00817	0.00919	0.01363
3	0.01012	0.00723	0.00964	0.01157	0.01205	0.00675	0.00771	0.01157	0.01591	0.02121	0.04579	0.70262	0.05495	0.02603	0.01060	0.00337	0.00482	0.02362	0.00771	0.00675
4	0.01815	0.01728	0.02936	0.36654	0.35953	0.01910	0.02429	0.02338	0.01777	0.02421	0.01520	0.02135	0.01213	0.00785	0.00826	0.00262	0.01047	0.00739	0.00390	0.01121
5	0.01339	0.05917	0.01348	0.01197	0.01470	0.05853	0.00967	0.01593	0.01878	0.02250	0.05806	0.09884	0.33197	0.04838	0.01121	0.00323	0.00653	0.18908	0.00705	0.00755
6	0.01093	0.00840	0.01000	0.00972	0.01194	0.00747	0.00725	0.01404	0.02139	0.02856	0.40472	0.09972	0.29785	0.01898	0.00984	0.00272	0.00407	0.01640	0.00853	0.00747
7	0.01912	0.02325	0.08938	0.08212	0.04392	0.02070	0.54112	0.02620	0.01925	0.02620	0.01653	0.02206	0.01235	0.00716	0.00956	0.00279	0.01367	0.00938	0.00412	0.01113
8	0.02017	0.03803	0.42040	0.02765	0.12220	0.14770	0.05571	0.02755	0.01901	0.02527	0.01470	0.01770	0.01103	0.00791	0.00795	0.00252	0.01255	0.00634	0.00378	0.01183
9	0.02023	0.01940	0.03312	0.09456	0.61526	0.01965	0.02533	0.02520	0.01876	0.02674	0.01557	0.02067	0.01302	0.00746	0.00823	0.00249	0.00995	0.00740	0.00408	0.01289
10	0.01549	0.00774	0.00774	0.00774	0.00968	0.00774	0.00581	0.01936	0.01742	0.03097	0.02710	0.03097	0.02129	0.00968	0.00581	0.00194	0.00387	0.00774	0.75416	0.00774
11	0.02056	0.01974	0.03372	0.05099	0.65622	0.01974	0.02550	0.02550	0.01892	0.02714	0.01563	0.02056	0.01316	0.00740	0.00822	0.00247	0.00987	0.00740	0.00411	0.01316
12	0.01972	0.02290	0.12340	0.07862	0.51137	0.01967	0.05226	0.02544	0.01863	0.02670	0.01553	0.02029	0.01266	0.00750	0.00825	0.00252	0.01045	0.00733	0.00401	0.01275
13	0.01009	0.00843	0.00880	0.00870	0.01139	0.00713	0.00653	0.01245	0.01958	0.02398	0.16460	0.07741	0.57144	0.02046	0.00982	0.00278	0.00417	0.01718	0.00792	0.00713
14	0.01176	0.00849	0.01110	0.01045	0.01241	0.00784	0.00784	0.01568	0.02352	0.03331	0.65184	0.06206	0.07839	0.01698	0.00980	0.00261	0.00392	0.01502	0.00914	0.00784
15	0.01927	0.02141	0.04346	0.03190	0.03832	0.02205	0.48279	0.02505	0.01799	0.02505	0.01542	0.02141	0.01220	0.00878	0.01392	0.00300	0.17399	0.00921	0.00407	0.01071
16	0.27399	0.01576	0.01563	0.01331	0.01779	0.01765	0.01078	0.21827	0.02276	0.03839	0.01884	0.02172	0.01474	0.01657	0.10124	0.00395	0.00905	0.00673	0.15265	0.01019
17	0.01012	0.00723	0.00964	0.01157	0.01205	0.00675	0.00771	0.01157	0.01591	0.02121	0.04579	0.70262	0.05495	0.02603	0.01060	0.00337	0.00482	0.02362	0.00771	0.00675
18	0.03103	0.03959	0.02354	0.02140	0.02568	0.67469	0.01605	0.03317	0.02354	0.02033	0.01284	0.01498	0.01070	0.00856	0.00749	0.00214	0.01498	0.00535	0.00428	0.00963
19	0.01211	0.00833	0.01042	0.01029	0.01110	0.00855	0.00688	0.01375	0.01485	0.02086	0.14773	0.04974	0.03702	0.39058	0.18351	0.00797	0.01041	0.01172	0.03792	0.00626
20	0.03049	0.03857	0.02407	0.02292	0.05811	0.64101	0.01654	0.03278	0.02330	0.02068	0.01298	0.01527	0.01083	0.00850	0.00753	0.00216	0.01472	0.00546	0.00427	0.00981
21	0.01432	0.00812	0.00955	0.00955	0.01134	0.00860	0.00728	0.01790	0.01611	0.02720	0.02554	0.03151	0.02112	0.02666	0.22179	0.00562	0.00980	0.00812	0.51224	0.00764
22	0.02390	0.47114	0.03595	0.01590	0.02229	0.10536	0.01443	0.08539	0.10812	0.02488	0.01564	0.01664	0.01307	0.00814	0.00631	0.00203	0.00929	0.00553	0.00478	0.01122
23	0.02434	0.01786	0.01977	0.01657	0.02114	0.01935	0.01306	0.42036	0.03125	0.04185	0.02866	0.25028	0.02790	0.01539	0.00908	0.00279	0.00768	0.01292	0.00811	0.01164
24	0.01167	0.00849	0.01098	0.01036	0.01236	0.00780	0.00777	0.01550	0.02330	0.03281	0.62569	0.06288	0.10484	0.01717	0.00980	0.00262	0.00393	0.01514	0.00908	0.00780
25	0.02266	0.67901	0.04252	0.01458	0.02154	0.06530	0.01431	0.02529	0.01722	0.01958	0.01161	0.01341	0.01066	0.00718	0.00544	0.00180	0.00919	0.00449	0.00359	0.01061
26	0.01030	0.00843	0.00908	0.00892	0.01151	0.00722	0.00669	0.01285	0.02007	0.02513	0.22429	0.07553	0.51104	0.02004	0.00981	0.00276	0.00414	0.01691	0.00807	0.00722
27	0.09627	0.02810	0.02253	0.04588	0.02559	0.29857	0.01516	0.22619	0.02750	0.11064	0.01755	0.01838	0.01288	0.00914	0.00769	0.00237	0.01121	0.00642	0.00637	0.01157
28	0.01716	0.10267	0.60963	0.02283	0.03465	0.02050	0.02923	0.02618	0.01748	0.02571	0.01461	0.01716	0.01054	0.00782	0.00766	0.00255	0.01198	0.00599	0.00351	0.01213
29	0.01096	0.00846	0.00999	0.00961	0.01192	0.00750	0.00721	0.01412	0.02162	0.02882	0.41697	0.06946	0.31606	0.01866	0.00981	0.00269	0.00404	0.01606	0.00855	0.00750
30	0.01070	0.00845	0.00963	0.00934	0.01176	0.00739	0.00700	0.01362	0.02101	0.02737	0.34147	0.07184	0.39246	0.01920	0.00981	0.00272	0.00408	0.01640	0.00836	0.00739
31	0.02412	0.52443	0.03804	0.01624	0.02237	0.18382	0.01482	0.02662	0.01827	0.01975	0.01183	0.01392	0.01068	0.00777	0.00678	0.00194	0.03974	0.00478	0.00373	0.01035
32	0.01038	0.00839	0.00923	0.00912	0.01159	0.00724	0.00680	0.01298	0.02012	0.02549	0.24431	0.09948	0.46560	0.02008	0.00984	0.00277	0.00415	0.01706	0.00812	0.00724
33	0.01012	0.00723	0.00964	0.01157	0.01205	0.00675	0.00771	0.01157	0.01591	0.02121	0.04579	0.70262	0.05495	0.02603	0.01060	0.00337	0.00482	0.02362	0.00771	0.00675
34	0.03103	0.03959	0.02354	0.02140	0.02568	0.67469	0.01605	0.03317	0.02354	0.02033	0.01284	0.01498	0.01070	0.00856	0.00749	0.00214	0.01498	0.00535	0.00428	0.00963
35	0.01047	0.00844	0.00932	0.00910	0.01162	0.00729	0.00683	0.01319	0.02048	0.02611	0.27593	0.07390	0.45878	0.01967	0.00981	0.00274	0.00411	0.01669	0.00820	0.00729
36	0.00982	0.00842	0.00842	0.00842	0.01122	0.00701	0.00631	0.01192	0.01894	0.02244	0.08416	0.07995	0.65285	0.02104	0.00982	0.00281	0.00421	0.01753	0.00771	0.00701
37	0.02066	0.01785	0.01878	0.01691	0.02160	0.02066	0.01315	0.04414	0.64121	0.03475	0.03381	0.03099	0.02536	0.01127	0.00845	0.00282	0.00657	0.00939	0.00845	0.01315
38	0.02471	0.02221	0.02091	0.01806	0.02316	0.11455	0.01418	0.18032	0.41177	0.03686	0.02757	0.02612	0.02063	0.01058	0.00828	0.00265	0.00837	0.00837	0.00783	0.01288
39	0.01723	0.01477	0.01723	0.01230	0.01969	0.01107	0.00984	0.02092	0.01723	0.02707	0.01477	0.01723	0.01230	0.00615	0.00615	0.00123	0.00615	0.00492	0.00492	0.75883
40	0.08717	0.48596	0.19376	0.01625	0.02446	0.02826	0.01781	0.02519	0.01680	0.02279	0.01238	0.01438	0.01048	0.00735	0.00594	0.00206	0.00950	0.00486	0.00368	0.01091
41	0.01208	0.00805	0.00906	0.00906	0.00906	0.00805	0.00503	0.01208	0.01208	0.01611	0.02618	0.05436	0.03020	0.70804	0.04228	0.00805	0.00805	0.01208	0.00503	0.00503
42	0.02221	0.71304	0.04353	0.01421	0.02132	0.03287	0.01421	0.02488	0.01688	0.01955	0.01155	0.01333	0.01066	0.00711	0.00533	0.00178	0.00888	0.00444	0.00355	0.01066
43	0.01666	0.04297	0.66500	0.02368	0.03596	0.01929	0.03069	0.02631	0.01754	0.02631	0.01491	0.01754	0.01052	0.00789	0.00789	0.00263	0.01228	0.00614	0.00351	0.01228
44	0.01684	0.01594	0.02699	0.53793	0.19839	0.01876	0.02364	0.02223	0.01715	0.02262	0.01497	0.02177	0.01157	0.00809	0.00829	0.00270	0.01079	0.00739	0.00379	0.01015
45	0.00999	0.00772	0.00913	0.01025	0.01170	0.00686	0.00713	0.01172	0.01717	0.02172	0.06180	0.44270	0.30452	0.02394	0.01028	0.00314	0.00456	0.02108	0.00771	0.00686
46	0.02258	0.68490	0.04270	0.01452	0.02150	0.05969	0.01429	0.02522	0.01716	0.01958	0.01160	0.01340	0.01066	0.00717	0.00542	0.00179	0.00914	0.00448	0.00358	0.01062
47	0.02056	0.01974	0.03372	0.05099	0.65622	0.01974	0.02550	0.02550	0.01892	0.02714	0.01563	0.02056	0.01316	0.00740	0.00822	0.00247	0.00987	0.00740	0.00411	0.01316
48	0.01439	0.00996	0.01323	0.01271	0.01475	0.01122	0.00992	0.07106	0.01651	0.02469	0.02305	0.03115	0.02028	0.04668	0.47630	0.01001	0.01726	0.00853	0.16022	0.00809
49	0.01959	0.02361	0.15332	0.06754	0.35713	0.01981	0.02349	0.02985	0.16520	0.02849	0.01973	0.02250	0.01542	0.00845	0.00822	0.00260	0.00962	0.00762	0.00500	0.01280
50	0.01187	0.00890	0.01335	0.01335	0.01483	0.01038	0.01038	0.01483	0.01335	0.01928	0.02225	0.03264	0.02077	0.06231	0.67512	0.01335	0.02225	0.00890	0.00445	0.00742
51	0.01012	0.00723	0.00964	0.01157	0.01205	0.00675	0.00771	0.01157	0.01591	0.02121	0.04579	0.70262	0.05495	0.02603	0.01060	0.00337	0.00482	0.02362	0.00771	0.00675
52	0.02056	0.01974	0.03372	0.05099	0.65622	0.01974	0.02550	0.02550	0.01892	0.02714	0.01563	0.02056	0.01316	0.00740	0.00822	0.00247	0.00987	0.00740	0.00411	0.01316
53	0.01012	0.00723	0.00964	0.01157	0.01205	0.00675	0.00771	0.01157	0.01591	0.02121	0.04579	0.70262	0.05495	0.02603	0.01060	0.00337	0.00482	0.02362	0.00771	0.00675
54	0.01208	0.00805	0.00906	0.00906	0.00906	0.00805	0.00503	0.01208	0.01208	0.01611	0.02618	0.05436	0.03020	0.70804	0.04228	0.00805	0.00805	0.01208	0.00503	0.00503
55	0.01020	0.00762	0.00949	0.01073	0.01189	0.00691	0.00740	0.01202	0.01729	0.02257	0.10871	0.50067	0.19615	0.02406	0.01035	0.00317	0.00460	0.02144	0.00784	0.00691
56	0.02968	0.08748	0.02468	0.02057	0.02508	0.58290	0.01572	0.03331	0.06530	0.02126	0.01418	0.01596	0.01170	0.00864	0.00740	0.00216	0.01396	0.00556	0.00451	0.00995
57	0.02105	0.02087	0.03262	0.07811	0.58570	0.06447	0.02474	0.02583	0.01913	0.02640	0.01540	0.02025	0.01290	0.00752	0.00818	0.00246	0.01027	0.00726	0.00410	0.01274
58	0.01187	0.00890	0.01335	0.01335	0.01483	0.01038	0.01038	0.01483	0.01335	0.01928	0.02225	0.03264	0.02077	0.06231	0.67512	0.01335	0.02225	0.00890	0.00445	0.00742
59	0.01818	0.01818	0.02545	0.02181	0.02181	0.02545	0.01818	0.01999	0.01272	0.01999	0.01091	0.01818	0.01091	0.01454	0.02726	0.00364	0.69284	0.00727	0.00364	0.00909
60	0.01233	0.00958	0.01424	0.01397	0.01535	0.01149	0.01096	0.01521	0.01331	0.01934	0.02142	0.03158	0.02005	0.05880	0.62762	0.01264	0.07142	0.00878	0.00439	0.00754
61	0.01176	0.00849	0.01110	0.01045	0.01241	0.00784	0.00784	0.01568	0.02352	0.03331	0.65184	0.06206	0.07839	0.01698	0.00980	0.00261	0.00392	0.01502	0.00914	0.00784
62	0.01187	0.00890	0.01335	0.01335	0.01483	0.01038	0.01038	0.01483	0.01335	0.01928	0.02225	0.03264	0.02077	0.06231	0.67512	0.01335	0.02225	0.00890	0.00445	0.00742
63	0.01723	0.01477	0.01723	0.01230	0.01969	0.01107	0.00984	0.02092	0.01723	0.02707	0.01477	0.01723	0.01230	0.00615	0.00615	0.00123	0.00615	0.00492	0.00492	0.75883
64	0.01405	0.01063	0.01482	0.01409	0.01583	0.01260	0.01112	0.05760	0.01535	0.02247	0.02143	0.03035	0.01947	0.05058	0.52223	0.01090	0.08026	0.00857	0.05961	0.00805
65	0.01666	0.04297	0.66500	0.02368	0.03596	0.01929	0.03069	0.02631	0.01754	0.02631	0.01491	0.01754	0.01052	0.00789	0.00789	0.00263	0.01228	0.00614	0.00351	0.01228
66	0.02429	0.55432	0.03882	0.01591	0.02235	0.18414	0.01465	0.02683	0.01845	0.01973	0.01185	0.01372	0.01067	0.00745	0.00584	0.00186	0.01032	0.00466	0.00372	0.01042
67	0.00982	0.00842	0.00842	0.00842	0.01122	0.00701	0.00631	0.01192	0.01894	0.02244	0.08416	0.07995	0.65285	0.02104	0.00982	0.00281	0.00421	0.01753	0.00771	0.00701
68	0.15587	0.06556	0.02591	0.02988	0.29433	0.01946	0.01756	0.05408	0.08928	0.07998	0.01812	0.02026	0.01417	0.00810	0.00733	0.00238	0.00824	0.00677	0.00548	0.07724
69	0.58001	0.01599	0.01582	0.14730	0.05658	0.01866	0.01262	0.02384	0.01487	0.03358	0.01241	0.01557	0.00962	0.00781	0.00592	0.00260	0.00752	0.00522	0.00480	0.00925
70	0.01010	0.00732	0.00955	0.01134	0.01199	0.00677	0.00761	0.01159	0.01613	0.02130	0.04860	0.65697	0.09878	0.02566	0.01055	0.00333	0.00477	0.02317	0.00771	0.00677
71	0.01594	0.01502	0.02537	0.65532	0.08802	0.01852	0.02320	0.02145	0.01673	0.02153	0.01481	0.02207	0.01118	0.00826	0.00830	0.00275	0.01101	0.00738	0.00371	0.00943
72	0.02265	0.02232	0.03184	0.04502	0.53284	0.09611	0.02363	0.07452	0.02106	0.02836	0.01565	0.01987	0.01295	0.00774	0.00815	0.00243	0.01040	0.00717	0.00447	0.01283
