[name]
unknown

[dist]
# distance from previous block
# <min> <max>
0	0

[block]
# block no. 0 follows, 22 sequences, length 52
# corresponding to MSA columns:
# 0-51
name=unknown_A
#
# <colnr> <probs for GDERKNQSTAVLIFYWHMCP>
#	G	D	E	R	K	N	Q	S	T	A	V	L	I	F	Y	W	H	M	C	P
0	0.01339	0.00956	0.01339	0.01530	0.01721	0.00956	0.01339	0.01721	0.01912	0.02486	0.04399	0.09371	0.04781	0.02295	0.01147	0.00382	0.00765	0.60031	0.00765	0.00765
1	0.02056	0.01974	0.03372	0.05099	0.65622	0.01974	0.02550	0.02550	0.01892	0.02714	0.01563	0.02056	0.01316	0.00740	0.00822	0.00247	0.00987	0.00740	0.00411	0.01316
2	0.01915	0.02178	0.15049	0.01630	0.02230	0.06596	0.01513	0.08665	0.09279	0.05716	0.12570	0.10987	0.02979	0.01203	0.00833	0.00244	0.00797	0.01004	0.00659	0.13954
3	0.01569	0.01477	0.02492	0.68808	0.05722	0.01846	0.02307	0.02123	0.01661	0.02123	0.01477	0.02215	0.01107	0.00831	0.00831	0.00277	0.01107	0.00738	0.00369	0.00923
4	0.00994	0.00793	0.00892	0.00971	0.01156	0.00690	0.00689	0.01178	0.01769	0.02194	0.06843	0.33512	0.40783	0.02308	0.01014	0.00304	0.00446	0.02003	0.00771	0.00690
5	0.03103	0.03959	0.02354	0.02140	0.02568	0.67469	0.01605	0.03317	0.02354	0.02033	0.01284	0.01498	0.01070	0.00856	0.00749	0.00214	0.01498	0.00535	0.00428	0.00963
6	0.02508	0.03323	0.19488	0.02281	0.07087	0.25969	0.01999	0.14749	0.05695	0.03009	0.04806	0.02022	0.01565	0.00914	0.00798	0.00242	0.01177	0.00682	0.00532	0.01156
7	0.01910	0.01825	0.03108	0.24176	0.47686	0.01935	0.02477	0.02422	0.01823	0.02537	0.01537	0.02104	0.01253	0.00767	0.00825	0.00256	0.01023	0.00740	0.00399	0.01198
8	0.01097	0.00805	0.00971	0.01002	0.01137	0.00741	0.00690	0.01303	0.01814	0.02419	0.23856	0.23466	0.18676	0.16283	0.01672	0.00398	0.00507	0.01725	0.00761	0.00679
9	0.02056	0.01974	0.03372	0.05099	0.65622	0.01974	0.02550	0.02550	0.01892	0.02714	0.01563	0.02056	0.01316	0.00740	0.00822	0.00247	0.00987	0.00740	0.00411	0.01316
10	0.20039	0.02920	0.36841	0.01738	0.02594	0.01660	0.02031	0.02287	0.01699	0.02822	0.02837	0.02942	0.14266	0.01056	0.00761	0.00265	0.00917	0.00808	0.00478	0.01038
11	0.03103	0.03959	0.02354	0.02140	0.02568	0.67469	0.01605	0.03317	0.02354	0.02033	0.01284	0.01498	0.01070	0.00856	0.00749	0.00214	0.01498	0.00535	0.00428	0.00963
12	0.03074	0.02143	0.02341	0.01829	0.02465	0.02345	0.01500	0.47782	0.12058	0.12231	0.02339	0.02246	0.01645	0.01019	0.00834	0.00255	0.00854	0.00785	0.00856	0.01399
13	0.01187	0.00890	0.01335	0.01335	0.01483	0.01038	0.01038	0.01483	0.01335	0.01928	0.02225	0.03264	0.02077	0.06231	0.67512	0.01335	0.02225	0.00890	0.00445	0.00742
14	0.01661	0.01692	0.03270	0.02527	0.02994	0.01784	0.31478	0.02139	0.01634	0.02300	0.01790	0.02547	0.01529	0.02803	0.25195	0.00672	0.11702	0.00911	0.00421	0.00953
15	0.01758	0.15374	0.56227	0.02211	0.03354	0.02154	0.02797	0.02607	0.01743	0.02519	0.01435	0.01684	0.01055	0.00776	0.00747	0.00249	0.01172	0.00586	0.00352	0.01201
16	0.01187	0.00890	0.01335	0.01335	0.01483	0.01038	0.01038	0.01483	0.01335	0.01928	0.02225	0.03264	0.02077	0.06231	0.67512	0.01335	0.02225	0.00890	0.00445	0.00742
17	0.02804	0.01917	0.02096	0.01645	0.02232	0.02033	0.01346	0.43131	0.03313	0.12532	0.03422	0.03281	0.14047	0.01219	0.00861	0.00256	0.00790	0.00957	0.00845	0.01273
18	0.02115	0.07995	0.10392	0.06126	0.02444	0.27102	0.01535	0.04851	0.02104	0.02303	0.03478	0.03531	0.20312	0.01214	0.00816	0.00243	0.01044	0.00925	0.00528	0.00942
19	0.02056	0.01974	0.03372	0.05099	0.65622	0.01974	0.02550	0.02550	0.01892	0.02714	0.01563	0.02056	0.01316	0.00740	0.00822	0.00247	0.00987	0.00740	0.00411	0.01316
20	0.01932	0.01911	0.01970	0.01765	0.01914	0.15357	0.01410	0.02179	0.01598	0.02211	0.01624	0.02227	0.01443	0.01975	0.11932	0.00450	0.31374	0.00722	0.15137	0.00868
21	0.29440	0.19729	0.07791	0.01720	0.04950	0.16903	0.01465	0.04999	0.01837	0.02832	0.01262	0.01468	0.01030	0.00784	0.00620	0.00227	0.00969	0.00505	0.00450	0.01020
22	0.01854	0.02213	0.15275	0.09335	0.05683	0.01916	0.01796	0.03487	0.37240	0.03032	0.03044	0.03013	0.06326	0.01074	0.00840	0.00276	0.00824	0.00897	0.00666	0.01212
23	0.01304	0.00950	0.01407	0.01369	0.01472	0.01127	0.01053	0.01453	0.01277	0.01836	0.01948	0.02963	0.01845	0.05052	0.47626	0.16604	0.08775	0.00839	0.00419	0.00680
24	0.02575	0.44247	0.03550	0.01710	0.02307	0.29073	0.01495	0.02821	0.01956	0.01986	0.01207	0.01399	0.01068	0.00769	0.00620	0.00192	0.01133	0.00481	0.00385	0.01025
25	0.00982	0.00842	0.00842	0.00842	0.01122	0.00701	0.00631	0.01192	0.01894	0.02244	0.08416	0.07995	0.65285	0.02104	0.00982	0.00281	0.00421	0.01753	0.00771	0.00701
26	0.02240	0.45252	0.11123	0.01662	0.02337	0.14980	0.01622	0.02582	0.01793	0.02048	0.01302	0.01564	0.01144	0.01176	0.05811	0.00285	0.01147	0.00516	0.00375	0.01041
27	0.01902	0.31127	0.38808	0.02038	0.03041	0.02482	0.05040	0.02575	0.01737	0.02360	0.01364	0.01606	0.01067	0.00754	0.00695	0.00230	0.01099	0.00562	0.00356	0.01158
28	0.02638	0.01180	0.01538	0.01260	0.01735	0.01025	0.01011	0.02953	0.02277	0.40080	0.17631	0.04571	0.15727	0.01384	0.00895	0.00263	0.00583	0.01160	0.00953	0.01138
29	0.01122	0.00847	0.01037	0.00989	0.01208	0.00761	0.00742	0.01464	0.02226	0.03032	0.49574	0.06698	0.23635	0.01810	0.00980	0.00267	0.00400	0.01571	0.00875	0.00761
30	0.03004	0.11760	0.05963	0.02068	0.06626	0.28398	0.01623	0.09394	0.02370	0.18265	0.01861	0.01906	0.01363	0.00883	0.00758	0.00228	0.01116	0.00637	0.00603	0.01171
31	0.01162	0.00878	0.01243	0.01243	0.01399	0.00979	0.00950	0.01428	0.01399	0.01948	0.03052	0.04019	0.10314	0.09967	0.54723	0.01164	0.01898	0.01023	0.00491	0.00721
32	0.00982	0.00842	0.00842	0.00842	0.01122	0.00701	0.00631	0.01192	0.01894	0.02244	0.08416	0.07995	0.65285	0.02104	0.00982	0.00281	0.00421	0.01753	0.00771	0.00701
33	0.01940	0.02419	0.16075	0.08852	0.46232	0.01962	0.05386	0.02542	0.01851	0.02654	0.01548	0.02015	0.01246	0.00754	0.00824	0.00254	0.01063	0.00726	0.00397	0.01262
34	0.02089	0.01903	0.02634	0.30117	0.20633	0.06299	0.02090	0.14215	0.02252	0.02960	0.05452	0.02324	0.01629	0.00893	0.00832	0.00258	0.01020	0.00774	0.00508	0.01118
35	0.03121	0.03444	0.02398	0.02068	0.02571	0.46994	0.01597	0.22102	0.02844	0.03044	0.01508	0.01655	0.01178	0.00901	0.00775	0.00225	0.01314	0.00602	0.00555	0.01105
36	0.02652	0.01807	0.02034	0.01634	0.02205	0.01887	0.01315	0.28196	0.15022	0.14398	0.05182	0.07006	0.02253	0.01120	0.00831	0.00249	0.00746	0.00909	0.00828	0.09727
37	0.01208	0.00805	0.00906	0.00906	0.00906	0.00805	0.00503	0.01208	0.01208	0.01611	0.02618	0.05436	0.03020	0.70804	0.04228	0.00805	0.00805	0.01208	0.00503	0.00503
38	0.01290	0.00876	0.01000	0.00975	0.01013	0.00895	0.00582	0.03865	0.01331	0.01785	0.02567	0.05157	0.02894	0.63899	0.07921	0.00814	0.00896	0.01169	0.00514	0.00557
39	0.01887	0.01843	0.02936	0.33210	0.36225	0.04869	0.02400	0.02395	0.01810	0.02421	0.01512	0.02101	0.01212	0.00785	0.00823	0.00259	0.01063	0.00730	0.00393	0.01126
40	0.02236	0.01973	0.02962	0.13980	0.36424	0.02142	0.02222	0.17331	0.02311	0.03196	0.01623	0.02049	0.01292	0.00867	0.00957	0.00260	0.05678	0.00741	0.00505	0.01251
41	0.01334	0.00838	0.01081	0.01081	0.01238	0.00917	0.00819	0.01647	0.01490	0.02377	0.02446	0.03340	0.02160	0.08387	0.36438	0.00841	0.01393	0.00865	0.30568	0.00739
42	0.19534	0.06996	0.02353	0.02430	0.19312	0.02035	0.01553	0.12061	0.11683	0.03443	0.06150	0.02259	0.01848	0.00905	0.00736	0.00246	0.00781	0.00724	0.00601	0.04349
43	0.20678	0.28082	0.02659	0.01495	0.02012	0.17875	0.01266	0.02615	0.04274	0.02489	0.01626	0.08499	0.01538	0.00970	0.00646	0.00226	0.00922	0.00683	0.00474	0.00970
44	0.02384	0.01599	0.01702	0.01417	0.01874	0.04937	0.01119	0.21992	0.02642	0.16264	0.06840	0.07693	0.19496	0.04905	0.01057	0.00290	0.00718	0.01168	0.00818	0.01084
45	0.20929	0.09262	0.05562	0.01730	0.02222	0.29016	0.01441	0.06905	0.02026	0.02758	0.01374	0.01612	0.01116	0.00874	0.00799	0.00235	0.05591	0.00551	0.05010	0.00987
46	0.02278	0.17061	0.09234	0.15749	0.03109	0.27254	0.01788	0.02662	0.01926	0.02132	0.01432	0.01809	0.01178	0.01144	0.04768	0.00292	0.01264	0.00597	0.03341	0.00982
47	0.05164	0.07695	0.01751	0.01552	0.08078	0.01252	0.01086	0.02188	0.02064	0.15467	0.22120	0.09184	0.16198	0.01474	0.00878	0.00260	0.00585	0.01253	0.00778	0.00972
48	0.22598	0.02556	0.12984	0.02279	0.07068	0.12725	0.13648	0.02795	0.05098	0.05358	0.01607	0.01892	0.01232	0.01025	0.03487	0.00300	0.01120	0.00674	0.00483	0.01071
49	0.02150	0.14029	0.22107	0.05517	0.11151	0.05091	0.06152	0.14637	0.02221	0.02981	0.01712	0.05418	0.01412	0.00906	0.00787	0.00248	0.01057	0.00748	0.00487	0.01188
50	0.05634	0.21546	0.02339	0.11841	0.02303	0.01855	0.01275	0.02052	0.01685	0.05580	0.03051	0.03315	0.14566	0.01831	0.09820	0.00388	0.04084	0.00874	0.05052	0.00909
51	0.05473	0.07179	0.12001	0.10593	0.02716	0.15290	0.01641	0.10082	0.02151	0.07063	0.01841	0.02094	0.01391	0.00881	0.00722	0.00232	0.00973	0.00660	0.15967	0.01049

[dist]
# distance from previous block
# <min> <max>
3	68

[block]
# block no. 1 follows, 22 sequences, length 29
# corresponding to MSA columns:
# 120-148
name=unknown_B
#
# <colnr> <probs for GDERKNQSTAVLIFYWHMCP>
#	G	D	E	R	K	N	Q	S	T	A	V	L	I	F	Y	W	H	M	C	P
0	0.01752	0.05126	0.02296	0.24805	0.03368	0.14124	0.07771	0.02125	0.01855	0.02173	0.03086	0.12763	0.12814	0.01289	0.00875	0.00270	0.00994	0.01117	0.00512	0.00884
1	0.01789	0.18190	0.02611	0.13624	0.15044	0.05236	0.01578	0.02191	0.04891	0.02237	0.02988	0.03243	0.14991	0.01230	0.00971	0.05997	0.00852	0.00885	0.00487	0.00966
2	0.05322	0.45208	0.18684	0.01709	0.02503	0.09895	0.01809	0.02610	0.01765	0.02198	0.01248	0.01451	0.01056	0.00748	0.00616	0.00205	0.01025	0.00494	0.00369	0.01086
3	0.02102	0.32279	0.14320	0.01653	0.02374	0.12682	0.01625	0.02493	0.01805	0.02228	0.01501	0.05732	0.01365	0.00847	0.00659	0.00199	0.00972	0.00615	0.00416	0.14136
4	0.02150	0.02250	0.06673	0.02945	0.23918	0.09147	0.01882	0.03543	0.32110	0.03004	0.02410	0.02482	0.01863	0.00944	0.00823	0.00261	0.00899	0.00806	0.00620	0.01271
5	0.01119	0.00794	0.00984	0.01026	0.01121	0.00749	0.00686	0.01301	0.01730	0.02349	0.22943	0.26964	0.09393	0.22755	0.01981	0.00451	0.00547	0.01711	0.00735	0.00659
6	0.01681	0.02105	0.14118	0.13437	0.15546	0.01752	0.16416	0.02268	0.01715	0.02406	0.01722	0.02360	0.01405	0.02064	0.16773	0.00522	0.01441	0.00810	0.00404	0.01055
7	0.06462	0.01879	0.03298	0.21504	0.07021	0.02001	0.26272	0.02852	0.14681	0.02745	0.01937	0.02347	0.01461	0.00832	0.00874	0.00277	0.01098	0.00860	0.00499	0.01101
8	0.02306	0.02448	0.03129	0.04393	0.50572	0.17606	0.02324	0.02733	0.02002	0.02552	0.01496	0.01923	0.01257	0.00768	0.00805	0.00239	0.01109	0.00691	0.00415	0.01232
9	0.01069	0.00796	0.00898	0.00952	0.01070	0.00730	0.00626	0.01188	0.01571	0.01990	0.05333	0.24437	0.27002	0.26120	0.02132	0.00479	0.00571	0.01733	0.00678	0.00625
10	0.01611	0.07664	0.17020	0.01501	0.01968	0.01269	0.01430	0.01997	0.01778	0.10092	0.06907	0.36138	0.03776	0.01765	0.00919	0.00292	0.00717	0.01546	0.00675	0.00936
11	0.09165	0.08258	0.07890	0.13557	0.02967	0.09369	0.01765	0.12665	0.09746	0.02953	0.01657	0.01949	0.01300	0.00980	0.01075	0.00269	0.12147	0.00678	0.00521	0.01090
12	0.01012	0.00772	0.00931	0.01040	0.01179	0.00691	0.00723	0.01196	0.01746	0.02243	0.09884	0.44423	0.26429	0.02370	0.01028	0.00313	0.00455	0.02094	0.00781	0.00691
13	0.01136	0.00806	0.01042	0.01175	0.01263	0.00774	0.00844	0.01320	0.01634	0.02160	0.06943	0.37062	0.07447	0.16560	0.01729	0.00439	0.00609	0.15671	0.00721	0.00667
14	0.01637	0.01515	0.02465	0.28336	0.27460	0.01631	0.02017	0.02107	0.01858	0.02505	0.09862	0.03323	0.09728	0.01052	0.00863	0.00264	0.00894	0.00952	0.00498	0.01029
15	0.01830	0.03150	0.35966	0.06887	0.30545	0.01944	0.02806	0.02570	0.01809	0.02641	0.01521	0.01908	0.01169	0.00770	0.00806	0.00257	0.01117	0.00675	0.00378	0.01251
16	0.01707	0.09272	0.61886	0.02298	0.03487	0.02030	0.02947	0.02620	0.01749	0.02581	0.01466	0.01723	0.01053	0.00783	0.00770	0.00257	0.01203	0.00601	0.00351	0.01216
17	0.02056	0.01974	0.03372	0.05099	0.65622	0.01974	0.02550	0.02550	0.01892	0.02714	0.01563	0.02056	0.01316	0.00740	0.00822	0.00247	0.00987	0.00740	0.00411	0.01316
18	0.02492	0.01819	0.02924	0.03992	0.46029	0.01782	0.02144	0.03030	0.05019	0.19278	0.02097	0.02307	0.01568	0.00834	0.00827	0.00251	0.00898	0.00775	0.00593	0.01341
19	0.01269	0.01039	0.01514	0.06394	0.01844	0.01242	0.01183	0.01562	0.01409	0.01983	0.02667	0.03497	0.08334	0.04843	0.48104	0.01034	0.09901	0.00948	0.00463	0.00771
20	0.01114	0.00793	0.01065	0.01246	0.01331	0.00761	0.00914	0.01317	0.01658	0.02193	0.04415	0.49555	0.05152	0.06471	0.01268	0.00377	0.00579	0.18346	0.00754	0.00690
21	0.01826	0.01749	0.02960	0.19940	0.42320	0.01818	0.04555	0.02313	0.01839	0.02522	0.02245	0.02707	0.07787	0.00900	0.00847	0.00259	0.00974	0.00852	0.00438	0.01151
22	0.02433	0.02915	0.07664	0.03751	0.36602	0.27332	0.02222	0.02853	0.02061	0.02444	0.01449	0.01818	0.01201	0.00789	0.00792	0.00235	0.01203	0.00651	0.00413	0.01173
23	0.17738	0.01355	0.01464	0.01412	0.01606	0.05451	0.01089	0.01789	0.01507	0.02412	0.02737	0.22586	0.05806	0.02537	0.13667	0.00501	0.13764	0.01223	0.00557	0.00799
24	0.01963	0.01760	0.09519	0.01577	0.02057	0.01516	0.01355	0.12678	0.15296	0.08828	0.03209	0.25985	0.03072	0.01537	0.00896	0.00281	0.00711	0.01325	0.00752	0.05684
25	0.01742	0.02296	0.16195	0.25333	0.08204	0.02066	0.12640	0.02320	0.01662	0.02331	0.01436	0.02027	0.01132	0.00929	0.01258	0.00291	0.15966	0.00751	0.00376	0.01042
26	0.02292	0.02975	0.18140	0.03511	0.31362	0.15556	0.02380	0.08877	0.02160	0.02811	0.01532	0.01862	0.01212	0.00802	0.00800	0.00244	0.01143	0.00668	0.00443	0.01232
27	0.01997	0.02573	0.18049	0.09155	0.03385	0.07450	0.17042	0.11725	0.02105	0.02815	0.01725	0.02200	0.01345	0.01758	0.12481	0.00449	0.01407	0.00780	0.00467	0.01091
28	0.02219	0.09500	0.02524	0.32360	0.03862	0.26930	0.01843	0.02604	0.01933	0.02131	0.01446	0.01906	0.01152	0.00836	0.00754	0.00238	0.01190	0.00633	0.04996	0.00944

[dist]
# distance from previous block
# <min> <max>
0	14

[block]
# block no. 2 follows, 22 sequences, length 33
# corresponding to MSA columns:
# 163-195
name=unknown_C
#
# <colnr> <probs for GDERKNQSTAVLIFYWHMCP>
#	G	D	E	R	K	N	Q	S	T	A	V	L	I	F	Y	W	H	M	C	P
0	0.27845	0.02198	0.16707	0.12762	0.08131	0.01821	0.01798	0.06751	0.01722	0.03007	0.01411	0.01810	0.01097	0.01016	0.00958	0.08001	0.00910	0.00609	0.00452	0.00996
1	0.09400	0.01948	0.11030	0.15176	0.23349	0.01771	0.02042	0.02415	0.06262	0.02611	0.01749	0.02267	0.01426	0.01787	0.12841	0.00455	0.01206	0.00735	0.00444	0.01085
2	0.01942	0.02244	0.17145	0.01762	0.02397	0.01775	0.01699	0.14075	0.19167	0.03326	0.05227	0.03890	0.07040	0.01260	0.00877	0.00277	0.00828	0.09526	0.00693	0.04850
3	0.02293	0.15028	0.07978	0.03564	0.35573	0.13310	0.02173	0.05881	0.02030	0.02590	0.01460	0.01806	0.01215	0.00772	0.00756	0.00230	0.01069	0.00643	0.00422	0.01210
4	0.20068	0.19410	0.04853	0.06557	0.02373	0.13601	0.01360	0.02513	0.01748	0.02599	0.01286	0.01535	0.01066	0.00742	0.00617	0.00202	0.00905	0.00501	0.00438	0.17628
5	0.09708	0.17964	0.03087	0.02992	0.26796	0.05565	0.01873	0.02414	0.01680	0.02443	0.01354	0.01797	0.01195	0.01111	0.03942	0.00299	0.13644	0.00636	0.00402	0.01098
6	0.01578	0.06067	0.45424	0.01958	0.02852	0.01655	0.02348	0.02274	0.01790	0.02608	0.12982	0.02620	0.02319	0.01165	0.01065	0.08000	0.01011	0.00778	0.00454	0.01052
7	0.06062	0.04207	0.09738	0.10172	0.17635	0.01730	0.04075	0.02551	0.13061	0.02722	0.04827	0.12456	0.04914	0.01186	0.00849	0.00273	0.00843	0.01048	0.00567	0.01083
8	0.02270	0.21276	0.11999	0.11603	0.08008	0.22512	0.01879	0.02685	0.01919	0.02227	0.01413	0.01732	0.01154	0.00802	0.00705	0.00222	0.01135	0.00582	0.04839	0.01040
9	0.06304	0.02075	0.05719	0.01882	0.06768	0.15901	0.01438	0.02299	0.01958	0.05918	0.15393	0.03556	0.11602	0.01310	0.01205	0.00272	0.13893	0.00972	0.00594	0.00942
10	0.02185	0.04727	0.11726	0.08938	0.07404	0.10766	0.01793	0.18005	0.02344	0.03050	0.02083	0.13237	0.01922	0.01172	0.00910	0.00261	0.03794	0.00945	0.00569	0.04169
11	0.01666	0.04297	0.66500	0.02368	0.03596	0.01929	0.03069	0.02631	0.01754	0.02631	0.01491	0.01754	0.01052	0.00789	0.00789	0.00263	0.01228	0.00614	0.00351	0.01228
12	0.23556	0.02191	0.02508	0.08108	0.31504	0.13768	0.01889	0.02626	0.01822	0.02837	0.01390	0.01765	0.01137	0.00777	0.00722	0.00246	0.00990	0.00620	0.00441	0.01104
13	0.15885	0.12107	0.25450	0.02522	0.16630	0.04734	0.02133	0.02525	0.01771	0.02779	0.05087	0.01936	0.01479	0.00820	0.00720	0.00245	0.00982	0.00637	0.00431	0.01128
14	0.01666	0.04297	0.66500	0.02368	0.03596	0.01929	0.03069	0.02631	0.01754	0.02631	0.01491	0.01754	0.01052	0.00789	0.00789	0.00263	0.01228	0.00614	0.00351	0.01228
15	0.02480	0.06105	0.03005	0.08273	0.31757	0.02287	0.02070	0.27164	0.02686	0.03657	0.01709	0.02001	0.01326	0.00850	0.00810	0.00246	0.00960	0.00726	0.00576	0.01312
16	0.76672	0.01607	0.01221	0.01092	0.01607	0.01864	0.00900	0.02442	0.01414	0.03727	0.01157	0.01350	0.00900	0.00771	0.00514	0.00257	0.00643	0.00450	0.00514	0.00900
17	0.01010	0.00732	0.00955	0.01133	0.01199	0.00677	0.00761	0.01159	0.01613	0.02130	0.04869	0.65555	0.10015	0.02565	0.01054	0.00333	0.00477	0.02316	0.00771	0.00677
18	0.01259	0.00931	0.01228	0.01377	0.01588	0.00900	0.01181	0.01604	0.01908	0.02432	0.05291	0.09065	0.18225	0.02252	0.01111	0.00360	0.00688	0.47081	0.00766	0.00751
19	0.01188	0.00884	0.01302	0.01302	0.01439	0.01021	0.00997	0.01462	0.01325	0.01904	0.02255	0.03431	0.02149	0.11196	0.62646	0.01294	0.02116	0.00915	0.00450	0.00723
20	0.01113	0.00801	0.01054	0.01088	0.01227	0.00742	0.00779	0.01410	0.02060	0.02868	0.41992	0.30718	0.06942	0.02044	0.01011	0.00290	0.00426	0.01831	0.00860	0.00742
21	0.01395	0.01197	0.01735	0.01615	0.01714	0.01536	0.01296	0.01654	0.01314	0.01952	0.01850	0.02786	0.01751	0.04652	0.46101	0.01014	0.24387	0.00836	0.00418	0.00797
22	0.02677	0.19069	0.06670	0.02389	0.11038	0.40190	0.01776	0.02985	0.02105	0.02142	0.01304	0.01551	0.01101	0.00803	0.00712	0.00213	0.01274	0.00547	0.00405	0.01050
23	0.02097	0.01379	0.01639	0.01579	0.05463	0.01415	0.01137	0.03109	0.24668	0.16857	0.04080	0.04426	0.13568	0.10708	0.01335	0.00349	0.00670	0.03627	0.00798	0.01096
24	0.01549	0.00774	0.00774	0.00774	0.00968	0.00774	0.00581	0.01936	0.01742	0.03097	0.02710	0.03097	0.02129	0.00968	0.00581	0.00194	0.00387	0.00774	0.75416	0.00774
25	0.05745	0.23671	0.28648	0.01816	0.02581	0.02212	0.02014	0.02333	0.01612	0.02320	0.01480	0.01881	0.01236	0.01787	0.12869	0.00437	0.05314	0.00610	0.00379	0.01055
26	0.02491	0.08160	0.03139	0.02617	0.08127	0.32475	0.14031	0.02825	0.01995	0.02205	0.01344	0.01739	0.01133	0.00909	0.01134	0.00254	0.13323	0.00669	0.00408	0.01023
27	0.01023	0.00836	0.00910	0.00957	0.01195	0.00724	0.00724	0.01241	0.01852	0.02251	0.07459	0.16977	0.50598	0.02194	0.01010	0.00299	0.00465	0.07809	0.00771	0.00704
28	0.01056	0.00741	0.00951	0.01101	0.01139	0.00704	0.00712	0.01168	0.01506	0.02007	0.04143	0.55858	0.04945	0.17757	0.01764	0.00441	0.00554	0.02105	0.00712	0.00637
29	0.08366	0.02799	0.06350	0.02653	0.16570	0.21737	0.01840	0.23525	0.02679	0.03450	0.01593	0.01797	0.01229	0.00869	0.00778	0.00240	0.01103	0.00652	0.00565	0.01207
30	0.16088	0.02578	0.02237	0.01820	0.02404	0.17474	0.01465	0.38434	0.03108	0.04229	0.01683	0.01766	0.01243	0.00925	0.00756	0.00243	0.01002	0.00646	0.00682	0.01218
31	0.23438	0.02066	0.02942	0.08028	0.23737	0.07720	0.15321	0.02580	0.01794	0.02889	0.01442	0.01858	0.01148	0.00757	0.00763	0.00256	0.01034	0.00692	0.00441	0.01093
32	0.07941	0.26820	0.10194	0.02571	0.18131	0.16709	0.01882	0.02696	0.01870	0.02368	0.01321	0.01596	0.01115	0.00763	0.00679	0.00218	0.01064	0.00556	0.00397	0.01111

[dist]
# distance from previous block
# <min> <max>
6	25

[block]
# block no. 3 follows, 22 sequences, length 27
# corresponding to MSA columns:
# 222-248
name=unknown_D
#
# <colnr> <probs for GDERKNQSTAVLIFYWHMCP>
#	G	D	E	R	K	N	Q	S	T	A	V	L	I	F	Y	W	H	M	C	P
0	0.02944	0.03657	0.02509	0.02591	0.12171	0.57494	0.01749	0.03200	0.02284	0.02137	0.01327	0.01583	0.01108	0.00838	0.00760	0.00219	0.01420	0.00566	0.00425	0.01017
1	0.05267	0.09051	0.02889	0.13974	0.23680	0.13587	0.01980	0.14479	0.02292	0.02959	0.01530	0.01875	0.01217	0.00824	0.00773	0.00240	0.01059	0.00666	0.00488	0.01168
2	0.02488	0.11662	0.08412	0.18794	0.03400	0.20588	0.01882	0.17719	0.02428	0.02899	0.01512	0.01804	0.01163	0.00860	0.00766	0.00238	0.01151	0.00635	0.00498	0.01102
3	0.03109	0.03800	0.02368	0.02118	0.02569	0.61143	0.01603	0.09121	0.02505	0.02345	0.01353	0.01547	0.01103	0.00870	0.00757	0.00217	0.01441	0.00556	0.00467	0.01007
4	0.05279	0.02422	0.05666	0.02129	0.02644	0.17892	0.13927	0.10656	0.06293	0.02835	0.04616	0.02645	0.06319	0.01435	0.06093	0.00345	0.06365	0.00850	0.00548	0.01041
5	0.01497	0.01174	0.01353	0.01341	0.01654	0.01191	0.01101	0.07899	0.11574	0.02817	0.05470	0.07196	0.26109	0.01921	0.01010	0.00317	0.00638	0.24063	0.00786	0.00889
6	0.02056	0.01974	0.03372	0.05099	0.65622	0.01974	0.02550	0.02550	0.01892	0.02714	0.01563	0.02056	0.01316	0.00740	0.00822	0.00247	0.00987	0.00740	0.00411	0.01316
7	0.01966	0.01881	0.03208	0.16937	0.54492	0.01950	0.02505	0.02470	0.01849	0.02604	0.01547	0.02086	0.01277	0.00757	0.00824	0.00252	0.01009	0.00740	0.00403	0.01243
8	0.00982	0.00842	0.00842	0.00842	0.01122	0.00701	0.00631	0.01192	0.01894	0.02244	0.08416	0.07995	0.65285	0.02104	0.00982	0.00281	0.00421	0.01753	0.00771	0.00701
9	0.02241	0.01743	0.02264	0.02017	0.07068	0.01891	0.06019	0.30492	0.02622	0.03569	0.02063	0.02709	0.01736	0.09225	0.19835	0.00610	0.01313	0.00850	0.00628	0.01107
10	0.01139	0.01567	0.15225	0.01255	0.01684	0.00963	0.01199	0.01498	0.01787	0.02298	0.05936	0.22307	0.36192	0.01942	0.00960	0.00291	0.00613	0.01657	0.00679	0.00810
11	0.02962	0.03733	0.02279	0.02081	0.02488	0.62566	0.01563	0.03182	0.02279	0.02025	0.01354	0.01628	0.01144	0.01253	0.05677	0.00297	0.01552	0.00561	0.00429	0.00947
12	0.02065	0.14428	0.43014	0.02174	0.03148	0.16463	0.02498	0.02759	0.01875	0.02397	0.01394	0.01634	0.01058	0.00792	0.00741	0.00239	0.01235	0.00571	0.00368	0.01145
13	0.01112	0.00869	0.01032	0.01122	0.01345	0.00789	0.00899	0.01377	0.01866	0.02317	0.06556	0.15448	0.37052	0.02228	0.01050	0.00323	0.00550	0.22575	0.00769	0.00721
14	0.08533	0.03786	0.02271	0.02063	0.02497	0.62627	0.01553	0.03253	0.02285	0.02158	0.01275	0.01487	0.01058	0.00850	0.00732	0.00217	0.01435	0.00529	0.00434	0.00958
15	0.01666	0.04297	0.66500	0.02368	0.03596	0.01929	0.03069	0.02631	0.01754	0.02631	0.01491	0.01754	0.01052	0.00789	0.00789	0.00263	0.01228	0.00614	0.00351	0.01228
16	0.01012	0.00723	0.00964	0.01157	0.01205	0.00675	0.00771	0.01157	0.01591	0.02121	0.04579	0.70262	0.05495	0.02603	0.01060	0.00337	0.00482	0.02362	0.00771	0.00675
17	0.01005	0.00749	0.00937	0.01087	0.01187	0.00681	0.00740	0.01165	0.01657	0.02148	0.05423	0.56559	0.18653	0.02493	0.01043	0.00325	0.00469	0.02228	0.00771	0.00681
18	0.01769	0.01543	0.01591	0.01455	0.01839	0.04147	0.01120	0.03328	0.40174	0.03214	0.16708	0.04373	0.12508	0.01373	0.00889	0.00275	0.00602	0.01155	0.00833	0.01105
19	0.01666	0.04297	0.66500	0.02368	0.03596	0.01929	0.03069	0.02631	0.01754	0.02631	0.01491	0.01754	0.01052	0.00789	0.00789	0.00263	0.01228	0.00614	0.00351	0.01228
20	0.00982	0.00842	0.00842	0.00842	0.01122	0.00701	0.00631	0.01192	0.01894	0.02244	0.08416	0.07995	0.65285	0.02104	0.00982	0.00281	0.00421	0.01753	0.00771	0.00701
21	0.01018	0.00843	0.00892	0.00880	0.01144	0.00717	0.00660	0.01262	0.01979	0.02447	0.19021	0.07661	0.54553	0.02028	0.00981	0.00277	0.00415	0.01706	0.00798	0.00717
22	0.01248	0.00980	0.01453	0.01418	0.01551	0.01185	0.01114	0.01534	0.01329	0.01935	0.02115	0.03123	0.01981	0.05765	0.61196	0.01240	0.08763	0.00874	0.00437	0.00758
23	0.01511	0.01277	0.01360	0.01264	0.01618	0.01342	0.00969	0.02733	0.30615	0.02977	0.14743	0.05468	0.27644	0.01592	0.00919	0.00278	0.00525	0.01340	0.00827	0.00996
24	0.01669	0.01417	0.01513	0.01424	0.01788	0.01556	0.01083	0.03214	0.40996	0.03000	0.04664	0.14398	0.16703	0.01565	0.00908	0.00290	0.00579	0.01334	0.00818	0.01083
25	0.01141	0.00798	0.01029	0.01164	0.01230	0.00775	0.00816	0.01295	0.01548	0.02050	0.03960	0.37795	0.04608	0.22665	0.02014	0.00485	0.00639	0.14649	0.00691	0.00644
26	0.02013	0.01768	0.02056	0.02169	0.11776	0.01987	0.01470	0.03976	0.51662	0.03300	0.03346	0.03175	0.05357	0.01115	0.00848	0.00276	0.00696	0.00948	0.00776	0.01286

[dist]
# distance from previous block
# <min> <max>
0	1

[block]
# block no. 4 follows, 22 sequences, length 58
# corresponding to MSA columns:
# 250-307
name=unknown_E
#
# <colnr> <probs for GDERKNQSTAVLIFYWHMCP>
#	G	D	E	R	K	N	Q	S	T	A	V	L	I	F	Y	W	H	M	C	P
0	0.02027	0.02588	0.13440	0.17524	0.16529	0.16523	0.02106	0.02681	0.06832	0.02488	0.05202	0.02453	0.04195	0.00930	0.00819	0.00254	0.01090	0.00768	0.00470	0.01081
1	0.01880	0.30165	0.42508	0.02002	0.03031	0.02454	0.02433	0.02576	0.01728	0.02370	0.01361	0.01591	0.01058	0.00759	0.00690	0.00230	0.01097	0.00548	0.00353	0.01165
2	0.02694	0.12857	0.02537	0.01940	0.02399	0.41106	0.01523	0.03393	0.16071	0.02344	0.01728	0.01847	0.01399	0.00921	0.00821	0.00230	0.04005	0.00621	0.00509	0.01054
3	0.01007	0.00745	0.00941	0.01098	0.01190	0.00680	0.00745	0.01163	0.01647	0.02144	0.05292	0.58687	0.16610	0.02510	0.01046	0.00327	0.00471	0.02249	0.00771	0.00680
4	0.01705	0.04025	0.58351	0.02518	0.03694	0.01952	0.10945	0.02635	0.01781	0.02635	0.01516	0.01818	0.01080	0.00777	0.00815	0.00265	0.01251	0.00662	0.00360	0.01214
5	0.03107	0.03849	0.02364	0.02125	0.02569	0.63085	0.01603	0.07339	0.02459	0.02250	0.01332	0.01532	0.01093	0.00866	0.00755	0.00216	0.01459	0.00549	0.00455	0.00993
6	0.19626	0.02203	0.02200	0.05222	0.02521	0.05650	0.01465	0.43084	0.03150	0.04572	0.01743	0.01836	0.01264	0.00931	0.00756	0.00251	0.00893	0.00670	0.00715	0.01249
7	0.01085	0.00775	0.01048	0.01240	0.01321	0.00738	0.00898	0.01283	0.01663	0.02203	0.04538	0.56604	0.05334	0.02534	0.01080	0.00347	0.00545	0.15297	0.00770	0.00695
8	0.01046	0.00749	0.00995	0.01133	0.01213	0.00698	0.00774	0.01243	0.01750	0.02374	0.17279	0.56838	0.05986	0.02413	0.01043	0.00321	0.00463	0.02182	0.00801	0.00698
9	0.02460	0.40776	0.03354	0.01656	0.02234	0.25817	0.01440	0.02793	0.04549	0.02062	0.01683	0.01822	0.04572	0.00854	0.00647	0.00200	0.01070	0.00567	0.00424	0.01020
10	0.01012	0.00723	0.00964	0.01157	0.01205	0.00675	0.00771	0.01157	0.01591	0.02121	0.04579	0.70262	0.05495	0.02603	0.01060	0.00337	0.00482	0.02362	0.00771	0.00675
11	0.01012	0.00723	0.00964	0.01157	0.01205	0.00675	0.00771	0.01157	0.01591	0.02121	0.04579	0.70262	0.05495	0.02603	0.01060	0.00337	0.00482	0.02362	0.00771	0.00675
12	0.61977	0.01861	0.01466	0.01272	0.01800	0.06390	0.01037	0.10493	0.01807	0.03812	0.01276	0.01445	0.00979	0.00807	0.00572	0.00253	0.00736	0.00495	0.00550	0.00972
13	0.01782	0.18339	0.53476	0.02169	0.03289	0.02214	0.02724	0.02601	0.01740	0.02489	0.01420	0.01666	0.01055	0.00773	0.00736	0.00245	0.01157	0.00578	0.00352	0.01194
14	0.02165	0.02718	0.20181	0.16788	0.17709	0.06495	0.02359	0.16061	0.02289	0.03087	0.01603	0.01955	0.01205	0.00838	0.00812	0.00256	0.01096	0.00693	0.00481	0.01207
15	0.01794	0.01814	0.01804	0.01657	0.01796	0.16302	0.01266	0.01978	0.01520	0.01905	0.01786	0.02928	0.01779	0.17251	0.21562	0.00707	0.20098	0.00833	0.00431	0.00787
16	0.01046	0.00814	0.00951	0.00980	0.01178	0.00719	0.00711	0.01293	0.01951	0.02531	0.24040	0.23062	0.33532	0.02110	0.01001	0.00289	0.00428	0.01832	0.00813	0.00719
17	0.02221	0.71304	0.04353	0.01421	0.02132	0.03287	0.01421	0.02488	0.01688	0.01955	0.01155	0.01333	0.01066	0.00711	0.00533	0.00178	0.00888	0.00444	0.00355	0.01066
18	0.01138	0.00776	0.00927	0.00995	0.01013	0.00759	0.00599	0.01190	0.01344	0.01793	0.03317	0.28553	0.03903	0.46484	0.03099	0.00639	0.00690	0.01619	0.00599	0.00564
19	0.00982	0.00842	0.00842	0.00842	0.01122	0.00701	0.00631	0.01192	0.01894	0.02244	0.08416	0.07995	0.65285	0.02104	0.00982	0.00281	0.00421	0.01753	0.00771	0.00701
20	0.01033	0.00833	0.00856	0.00856	0.01073	0.00725	0.00602	0.01196	0.01739	0.02101	0.07108	0.07418	0.51238	0.17603	0.01714	0.00399	0.00508	0.01630	0.00711	0.00657
21	0.02686	0.03331	0.06163	0.07503	0.06165	0.41978	0.11384	0.06455	0.02275	0.02386	0.01426	0.01737	0.01133	0.00829	0.00802	0.00235	0.01381	0.00647	0.00441	0.01041
22	0.00982	0.00842	0.00842	0.00842	0.01122	0.00701	0.00631	0.01192	0.01894	0.02244	0.08416	0.07995	0.65285	0.02104	0.00982	0.00281	0.00421	0.01753	0.00771	0.00701
23	0.00982	0.00842	0.00842	0.00842	0.01122	0.00701	0.00631	0.01192	0.01894	0.02244	0.08416	0.07995	0.65285	0.02104	0.00982	0.00281	0.00421	0.01753	0.00771	0.00701
24	0.02051	0.01989	0.03459	0.05008	0.62119	0.01981	0.05983	0.02556	0.01896	0.02711	0.01569	0.02067	0.01313	0.00738	0.00831	0.00249	0.01011	0.00754	0.00412	0.01305
25	0.03029	0.03807	0.02279	0.02075	0.02492	0.64282	0.01556	0.03251	0.02325	0.02084	0.01352	0.01575	0.01121	0.00861	0.00741	0.00213	0.01445	0.00546	0.04012	0.00954
26	0.02056	0.01974	0.03372	0.05099	0.65622	0.01974	0.02550	0.02550	0.01892	0.02714	0.01563	0.02056	0.01316	0.00740	0.00822	0.00247	0.00987	0.00740	0.00411	0.01316
27	0.01791	0.19327	0.52560	0.02156	0.03267	0.02234	0.02700	0.02599	0.01739	0.02479	0.01415	0.01659	0.01055	0.00772	0.00732	0.00244	0.01152	0.00576	0.00352	0.01191
28	0.02125	0.07002	0.28620	0.02692	0.06457	0.11664	0.19122	0.07530	0.02073	0.02727	0.01539	0.01863	0.01155	0.00784	0.00828	0.00254	0.01260	0.00712	0.00423	0.01170
29	0.00982	0.00842	0.00842	0.00842	0.01122	0.00701	0.00631	0.01192	0.01894	0.02244	0.08416	0.07995	0.65285	0.02104	0.00982	0.00281	0.00421	0.01753	0.00771	0.00701
30	0.05836	0.02275	0.13120	0.10342	0.46990	0.01949	0.02523	0.02517	0.01824	0.02699	0.01522	0.01986	0.01233	0.00758	0.00802	0.00253	0.01018	0.00705	0.00403	0.01244
31	0.01890	0.01804	0.03072	0.26821	0.45199	0.01930	0.02467	0.02404	0.01813	0.02512	0.01533	0.02110	0.01245	0.00771	0.00825	0.00257	0.01028	0.00740	0.00397	0.01182
32	0.02221	0.71304	0.04353	0.01421	0.02132	0.03287	0.01421	0.02488	0.01688	0.01955	0.01155	0.01333	0.01066	0.00711	0.00533	0.00178	0.00888	0.00444	0.00355	0.01066
33	0.01015	0.00827	0.00902	0.00944	0.01174	0.00714	0.00701	0.01231	0.01860	0.02283	0.10008	0.19203	0.48746	0.02186	0.01005	0.00295	0.00449	0.04976	0.00777	0.00704
34	0.02056	0.01974	0.03372	0.05099	0.65622	0.01974	0.02550	0.02550	0.01892	0.02714	0.01563	0.02056	0.01316	0.00740	0.00822	0.00247	0.00987	0.00740	0.00411	0.01316
35	0.01012	0.00723	0.00964	0.01157	0.01205	0.00675	0.00771	0.01157	0.01591	0.02121	0.04579	0.70262	0.05495	0.02603	0.01060	0.00337	0.00482	0.02362	0.00771	0.00675
36	0.01011	0.00729	0.00958	0.01141	0.01201	0.00676	0.00764	0.01159	0.01606	0.02127	0.04772	0.67122	0.08510	0.02578	0.01056	0.00335	0.00479	0.02331	0.00771	0.00676
37	0.03158	0.02327	0.02493	0.01911	0.02576	0.02576	0.01579	0.62852	0.03906	0.05236	0.01995	0.01995	0.01413	0.00997	0.00831	0.00249	0.00914	0.00748	0.00831	0.01413
38	0.02023	0.01940	0.03313	0.09403	0.61575	0.01965	0.02533	0.02521	0.01876	0.02674	0.01557	0.02067	0.01302	0.00746	0.00823	0.00249	0.00995	0.00740	0.00408	0.01289
39	0.01684	0.01741	0.03469	0.02641	0.03168	0.01779	0.36020	0.02199	0.01684	0.02350	0.01812	0.02551	0.01523	0.02655	0.23826	0.00647	0.07928	0.00926	0.00423	0.00972
40	0.01109	0.00847	0.01019	0.00976	0.01200	0.00756	0.00732	0.01439	0.02195	0.02960	0.45778	0.06817	0.27477	0.01837	0.00981	0.00268	0.00402	0.01588	0.00866	0.00756
41	0.02044	0.53306	0.03578	0.01377	0.01966	0.05844	0.01297	0.02335	0.01859	0.02247	0.14579	0.02362	0.02486	0.00925	0.00637	0.00197	0.00814	0.00670	0.00476	0.01002
42	0.01035	0.00844	0.00915	0.00897	0.01155	0.00724	0.00673	0.01295	0.02019	0.02541	0.23936	0.07506	0.49579	0.01993	0.00981	0.00275	0.00413	0.01685	0.00811	0.00724
43	0.02056	0.01974	0.03372	0.05099	0.65622	0.01974	0.02550	0.02550	0.01892	0.02714	0.01563	0.02056	0.01316	0.00740	0.00822	0.00247	0.00987	0.00740	0.00411	0.01316
44	0.01666	0.04297	0.66500	0.02368	0.03596	0.01929	0.03069	0.02631	0.01754	0.02631	0.01491	0.01754	0.01052	0.00789	0.00789	0.00263	0.01228	0.00614	0.00351	0.01228
45	0.02817	0.03417	0.02632	0.02949	0.19807	0.49563	0.01863	0.03107	0.02228	0.02219	0.01360	0.01651	0.01137	0.00824	0.00769	0.00223	0.01358	0.00591	0.00423	0.01060
46	0.01715	0.01437	0.01564	0.01429	0.01807	0.01582	0.01101	0.03318	0.41208	0.03299	0.19831	0.04452	0.10999	0.01384	0.00895	0.00276	0.00562	0.01176	0.00855	0.01109
47	0.01023	0.00731	0.00974	0.01149	0.01207	0.00682	0.00772	0.01185	0.01642	0.02202	0.08673	0.65935	0.05653	0.02542	0.01055	0.00332	0.00476	0.02304	0.00781	0.00682
48	0.24008	0.01247	0.01398	0.01194	0.01623	0.01236	0.00954	0.02599	0.02086	0.23103	0.27140	0.03732	0.04005	0.01218	0.00799	0.00259	0.00564	0.00987	0.00833	0.01015
49	0.03377	0.01976	0.02276	0.01745	0.02401	0.02055	0.01441	0.40228	0.03318	0.28691	0.02488	0.02315	0.01660	0.01009	0.00833	0.00252	0.00834	0.00782	0.00907	0.01413
50	0.03103	0.03959	0.02354	0.02140	0.02568	0.67469	0.01605	0.03317	0.02354	0.02033	0.01284	0.01498	0.01070	0.00856	0.00749	0.00214	0.01498	0.00535	0.00428	0.00963
51	0.01206	0.00812	0.00938	0.00938	0.00949	0.00823	0.00544	0.01229	0.01218	0.01635	0.02588	0.05273	0.02949	0.65954	0.08982	0.00845	0.00912	0.01184	0.00499	0.00521
52	0.01208	0.00805	0.00906	0.00906	0.00906	0.00805	0.00503	0.01208	0.01208	0.01611	0.02618	0.05436	0.03020	0.70804	0.04228	0.00805	0.00805	0.01208	0.00503	0.00503
53	0.00982	0.00842	0.00842	0.00842	0.01122	0.00701	0.00631	0.01192	0.01894	0.02244	0.08416	0.07995	0.65285	0.02104	0.00982	0.00281	0.00421	0.01753	0.00771	0.00701
54	0.02148	0.01825	0.01925	0.01707	0.02191	0.02105	0.01335	0.08804	0.59598	0.03607	0.03277	0.03016	0.02452	0.01117	0.00844	0.00279	0.00677	0.00925	0.00844	0.01322
55	0.02868	0.22184	0.02917	0.01917	0.02450	0.42452	0.01552	0.09943	0.02351	0.02380	0.01331	0.01510	0.01108	0.00833	0.00699	0.00208	0.01264	0.00535	0.00455	0.01043
56	0.02022	0.01894	0.02971	0.09120	0.46888	0.01985	0.02254	0.02936	0.15833	0.02840	0.01964	0.02302	0.01574	0.00834	0.00828	0.00257	0.00922	0.00785	0.00505	0.01286
57	0.02090	0.01727	0.01842	0.01627	0.02084	0.01951	0.01271	0.13163	0.45620	0.03610	0.05916	0.06903	0.05994	0.01259	0.00867	0.00279	0.00666	0.01050	0.00838	0.01243

[dist]
# distance from previous block
# <min> <max>
0	1

[block]
# block no. 5 follows, 22 sequences, length 8
# corresponding to MSA columns:
# 309-316
name=unknown_F
#
# <colnr> <probs for GDERKNQSTAVLIFYWHMCP>
#	G	D	E	R	K	N	Q	S	T	A	V	L	I	F	Y	W	H	M	C	P
0	0.02167	0.18646	0.03537	0.04020	0.46179	0.06753	0.02216	0.02587	0.01875	0.02486	0.01446	0.01845	0.01240	0.00741	0.00748	0.00228	0.00998	0.00656	0.00399	0.01232
1	0.25081	0.02113	0.02493	0.03286	0.34059	0.10610	0.01849	0.02724	0.05323	0.02978	0.01504	0.01825	0.01225	0.00787	0.00719	0.00248	0.00930	0.00635	0.00470	0.01142
2	0.10188	0.01121	0.01143	0.01104	0.01435	0.01124	0.00863	0.02019	0.13619	0.02746	0.10062	0.06283	0.36770	0.01751	0.00915	0.00285	0.00519	0.06437	0.00764	0.00852
3	0.02467	0.02753	0.02972	0.03937	0.40864	0.27691	0.02179	0.02851	0.02073	0.02447	0.01453	0.01837	0.01219	0.00786	0.00794	0.00234	0.01188	0.00660	0.00418	0.01177
4	0.03121	0.03443	0.02398	0.02068	0.02571	0.46933	0.01597	0.22158	0.02845	0.03047	0.01509	0.01655	0.01179	0.00901	0.00775	0.00225	0.01313	0.00602	0.00556	0.01105
5	0.02074	0.02238	0.03209	0.09005	0.22500	0.14278	0.17281	0.02533	0.01881	0.02394	0.01588	0.02142	0.01317	0.01444	0.08833	0.00386	0.04623	0.00779	0.00415	0.01079
6	0.02372	0.02308	0.03252	0.03754	0.34044	0.09890	0.10614	0.14496	0.02322	0.03087	0.01608	0.01992	0.01287	0.00834	0.00932	0.00254	0.04464	0.00750	0.00495	0.01246
7	0.02354	0.02451	0.01735	0.01573	0.01960	0.33852	0.01192	0.02594	0.02215	0.09322	0.09191	0.04049	0.21519	0.01331	0.00850	0.00243	0.00984	0.01026	0.00642	0.00917

[dist]
# distance from previous block
# <min> <max>
0	1

[block]
# block no. 6 follows, 22 sequences, length 155
# corresponding to MSA columns:
# 318-472
name=unknown_G
#
# <colnr> <probs for GDERKNQSTAVLIFYWHMCP>
#	G	D	E	R	K	N	Q	S	T	A	V	L	I	F	Y	W	H	M	C	P
0	0.01036	0.00733	0.00957	0.01126	0.01168	0.00691	0.00738	0.01163	0.01544	0.02058	0.04339	0.62336	0.05192	0.10941	0.01448	0.00395	0.00522	0.02221	0.00738	0.00654
1	0.01986	0.01778	0.01688	0.01502	0.01877	0.11136	0.01163	0.14550	0.13928	0.03021	0.06858	0.03921	0.14904	0.05200	0.12256	0.00465	0.01041	0.01038	0.00688	0.01000
2	0.02363	0.02555	0.03074	0.04233	0.47158	0.21153	0.02273	0.02774	0.02027	0.02515	0.01481	0.01893	0.01244	0.00774	0.00801	0.00237	0.01137	0.00680	0.00416	0.01213
3	0.02026	0.01943	0.03318	0.08988	0.61966	0.01966	0.02535	0.02523	0.01878	0.02678	0.01557	0.02066	0.01303	0.00746	0.00823	0.00249	0.00994	0.00740	0.00409	0.01292
4	0.01666	0.04297	0.66500	0.02368	0.03596	0.01929	0.03069	0.02631	0.01754	0.02631	0.01491	0.01754	0.01052	0.00789	0.00789	0.00263	0.01228	0.00614	0.00351	0.01228
5	0.03103	0.03959	0.02354	0.02140	0.02568	0.67469	0.01605	0.03317	0.02354	0.02033	0.01284	0.01498	0.01070	0.00856	0.00749	0.00214	0.01498	0.00535	0.00428	0.00963
6	0.00983	0.00836	0.00847	0.00855	0.01126	0.00700	0.00637	0.01191	0.01880	0.02239	0.08250	0.10689	0.62698	0.02126	0.00985	0.00283	0.00423	0.01780	0.00771	0.00700
7	0.01687	0.04170	0.63223	0.02333	0.03523	0.01936	0.02980	0.02721	0.04917	0.02674	0.01587	0.01822	0.01128	0.00806	0.00792	0.00264	0.01199	0.00630	0.00376	0.01232
8	0.02299	0.02434	0.03136	0.04413	0.51007	0.17155	0.02331	0.02727	0.01999	0.02556	0.01498	0.01927	0.01259	0.00767	0.00805	0.00239	0.01105	0.00693	0.00415	0.01234
9	0.00982	0.00842	0.00842	0.00842	0.01122	0.00701	0.00631	0.01192	0.01894	0.02244	0.08416	0.07995	0.65285	0.02104	0.00982	0.00281	0.00421	0.01753	0.00771	0.00701
10	0.01073	0.00855	0.00968	0.00967	0.01214	0.00750	0.00744	0.01354	0.02031	0.02589	0.24823	0.07597	0.42528	0.02002	0.00997	0.00285	0.00445	0.07233	0.00813	0.00732
11	0.02016	0.46560	0.27303	0.01771	0.02673	0.02786	0.02030	0.02540	0.01712	0.02204	0.01279	0.01488	0.01061	0.00740	0.00628	0.00209	0.01014	0.00507	0.00354	0.01126
12	0.01328	0.01057	0.01439	0.01362	0.01426	0.01275	0.01013	0.01495	0.01276	0.01830	0.02124	0.03732	0.02204	0.28257	0.31166	0.00940	0.15967	0.00969	0.00449	0.00692
13	0.01208	0.00805	0.00906	0.00906	0.00906	0.00805	0.00503	0.01208	0.01208	0.01611	0.02618	0.05436	0.03020	0.70804	0.04228	0.00805	0.00805	0.01208	0.00503	0.00503
14	0.01003	0.00758	0.00928	0.01064	0.01181	0.00683	0.00730	0.01167	0.01679	0.02157	0.05702	0.52029	0.23003	0.02457	0.01037	0.00321	0.00464	0.02184	0.00771	0.00683
15	0.01715	0.01687	0.01623	0.01556	0.01799	0.16534	0.01196	0.02188	0.07555	0.02100	0.02117	0.02839	0.01887	0.04498	0.45685	0.00975	0.01907	0.00812	0.00479	0.00848
16	0.02263	0.02265	0.01836	0.01691	0.02061	0.23137	0.01277	0.09268	0.20584	0.02875	0.02765	0.16731	0.02544	0.01329	0.00842	0.00263	0.00905	0.01079	0.05244	0.01041
17	0.01065	0.00761	0.00948	0.01062	0.01130	0.00714	0.00697	0.01197	0.01577	0.02088	0.08189	0.45393	0.10762	0.18308	0.01782	0.00436	0.00546	0.01984	0.00718	0.00644
18	0.01845	0.02632	0.23744	0.15002	0.29722	0.01945	0.02576	0.02655	0.06905	0.02646	0.01673	0.02070	0.01293	0.00804	0.00815	0.00260	0.01060	0.00715	0.00420	0.01219
19	0.05585	0.30260	0.32525	0.01833	0.02718	0.02377	0.02118	0.02456	0.01671	0.02352	0.01412	0.01711	0.01148	0.01276	0.07033	0.00331	0.01160	0.00565	0.00370	0.01101
20	0.02921	0.18099	0.02793	0.01964	0.02476	0.47107	0.01563	0.09311	0.02373	0.02348	0.01330	0.01514	0.01105	0.00840	0.00712	0.00210	0.01308	0.00538	0.00454	0.01032
21	0.02518	0.02316	0.02006	0.01728	0.02154	0.21227	0.01358	0.24706	0.02627	0.03300	0.01912	0.02256	0.01540	0.02165	0.16236	0.00485	0.01336	0.00721	0.08352	0.01058
22	0.01129	0.00792	0.01019	0.01093	0.01143	0.00805	0.00720	0.01247	0.01381	0.01873	0.03285	0.29782	0.03767	0.30985	0.16462	0.00739	0.00983	0.01582	0.00593	0.00620
23	0.24338	0.25346	0.13236	0.01633	0.02310	0.16279	0.01578	0.02674	0.01759	0.02607	0.01238	0.01442	0.01015	0.00772	0.00616	0.00223	0.01001	0.00493	0.00417	0.01022
24	0.02250	0.23213	0.10164	0.02247	0.02862	0.17655	0.14697	0.02655	0.01842	0.02200	0.01321	0.01683	0.01111	0.00867	0.01048	0.00246	0.11867	0.00641	0.00387	0.01046
25	0.01194	0.00869	0.01121	0.01120	0.01311	0.00814	0.00870	0.01543	0.02145	0.02943	0.43040	0.07002	0.12369	0.06082	0.01214	0.00322	0.00499	0.13944	0.00844	0.00755
26	0.02056	0.01974	0.03372	0.05099	0.65622	0.01974	0.02550	0.02550	0.01892	0.02714	0.01563	0.02056	0.01316	0.00740	0.00822	0.00247	0.00987	0.00740	0.00411	0.01316
