[name]
unknown

[dist]
# distance from previous block
# <min> <max>
0	21

[block]
# block no. 0 follows, 22 sequences, length 18
# corresponding to MSA columns:
# 21-38
name=unknown_A
#
# <colnr> <probs for GDERKNQSTAVLIFYWHMCP>
#	G	D	E	R	K	N	Q	S	T	A	V	L	I	F	Y	W	H	M	C	P
0	0.02017	0.01511	0.01799	0.01595	0.02042	0.01539	0.01340	0.22586	0.02523	0.03428	0.02935	0.05145	0.02846	0.01790	0.04890	0.00348	0.00876	0.25813	0.00720	0.14256
1	0.05872	0.02495	0.02306	0.01860	0.02419	0.15734	0.01499	0.38590	0.03123	0.04058	0.01991	0.02083	0.03876	0.01010	0.00909	0.00243	0.05085	0.00717	0.00686	0.05443
2	0.02046	0.22702	0.07284	0.01529	0.01948	0.15499	0.01306	0.04784	0.01745	0.02049	0.01722	0.02807	0.01727	0.23951	0.01941	0.00411	0.04476	0.00755	0.00439	0.00878
3	0.02671	0.25367	0.09793	0.01936	0.02539	0.40149	0.01702	0.02981	0.02079	0.02072	0.01265	0.01473	0.01067	0.00803	0.00685	0.00208	0.01276	0.00515	0.00397	0.01024
4	0.02941	0.03696	0.02369	0.09212	0.02903	0.60508	0.01680	0.03191	0.02281	0.02043	0.01305	0.01574	0.01074	0.00853	0.00758	0.00221	0.01457	0.00557	0.00422	0.00959
5	0.01913	0.01810	0.01468	0.01340	0.01674	0.18082	0.01025	0.09274	0.02212	0.02742	0.07883	0.04283	0.21737	0.01735	0.05813	0.00322	0.00883	0.01068	0.13863	0.00874
6	0.21517	0.01180	0.01218	0.01183	0.01422	0.01265	0.00871	0.08122	0.01706	0.02761	0.02762	0.17750	0.02988	0.23117	0.01885	0.00457	0.00703	0.07699	0.00625	0.00770
7	0.01728	0.01680	0.08472	0.01782	0.02181	0.01606	0.07862	0.11272	0.01878	0.02724	0.01993	0.02637	0.01687	0.03196	0.29123	0.00717	0.08742	0.00820	0.08944	0.00955
8	0.03103	0.03959	0.02354	0.02140	0.02568	0.67469	0.01605	0.03317	0.02354	0.02033	0.01284	0.01498	0.01070	0.00856	0.00749	0.00214	0.01498	0.00535	0.00428	0.00963
9	0.01167	0.00901	0.01099	0.01199	0.01433	0.00834	0.00998	0.01467	0.01903	0.02370	0.06332	0.08709	0.33899	0.02203	0.01068	0.00333	0.00599	0.31985	0.00768	0.00734
10	0.03103	0.03959	0.02354	0.02140	0.02568	0.67469	0.01605	0.03317	0.02354	0.02033	0.01284	0.01498	0.01070	0.00856	0.00749	0.00214	0.01498	0.00535	0.00428	0.00963
11	0.01012	0.00723	0.00964	0.01157	0.01205	0.00675	0.00771	0.01157	0.01591	0.02121	0.04579	0.70262	0.05495	0.02603	0.01060	0.00337	0.00482	0.02362	0.00771	0.00675
12	0.03158	0.02327	0.02493	0.01911	0.02576	0.02576	0.01579	0.62852	0.03906	0.05236	0.01995	0.01995	0.01413	0.00997	0.00831	0.00249	0.00914	0.00748	0.00831	0.01413
13	0.00984	0.00834	0.00849	0.00862	0.01127	0.00700	0.00640	0.01190	0.01874	0.02236	0.08173	0.11932	0.61505	0.02135	0.00987	0.00284	0.00425	0.01792	0.00771	0.00700
14	0.01818	0.01818	0.02545	0.02181	0.02181	0.02545	0.01818	0.01999	0.01272	0.01999	0.01091	0.01818	0.01091	0.01454	0.02726	0.00364	0.69284	0.00727	0.00364	0.00909
15	0.02056	0.01974	0.03372	0.05099	0.65622	0.01974	0.02550	0.02550	0.01892	0.02714	0.01563	0.02056	0.01316	0.00740	0.00822	0.00247	0.00987	0.00740	0.00411	0.01316
16	0.01017	0.00842	0.00895	0.00914	0.01171	0.00721	0.00692	0.01245	0.01905	0.02317	0.11323	0.11488	0.54731	0.02120	0.00996	0.00289	0.00444	0.05400	0.00780	0.00709
17	0.01170	0.00814	0.00951	0.00963	0.01012	0.00813	0.00593	0.01234	0.01318	0.01744	0.03306	0.09349	0.09667	0.52140	0.10837	0.00781	0.00905	0.01299	0.00541	0.00562

[dist]
# distance from previous block
# <min> <max>
0	1

[block]
# block no. 1 follows, 22 sequences, length 12
# corresponding to MSA columns:
# 40-51
name=unknown_B
#
# <colnr> <probs for GDERKNQSTAVLIFYWHMCP>
#	G	D	E	R	K	N	Q	S	T	A	V	L	I	F	Y	W	H	M	C	P
0	0.03117	0.03556	0.02389	0.02084	0.02570	0.51434	0.01599	0.18028	0.02738	0.02824	0.01460	0.01621	0.01155	0.00891	0.00769	0.00223	0.01354	0.00588	0.00528	0.01074
1	0.02682	0.01378	0.01647	0.01300	0.01832	0.01280	0.01052	0.12101	0.02320	0.28248	0.02623	0.02598	0.01844	0.00939	0.00725	0.00216	0.00631	0.00748	0.22459	0.13377
2	0.01569	0.01477	0.02492	0.68808	0.05722	0.01846	0.02307	0.02123	0.01661	0.02123	0.01477	0.02215	0.01107	0.00831	0.00831	0.00277	0.01107	0.00738	0.00369	0.00923
3	0.01436	0.01256	0.01813	0.01669	0.01759	0.01633	0.01346	0.01687	0.01310	0.01956	0.01777	0.02693	0.01687	0.04345	0.41932	0.00951	0.28703	0.00826	0.00413	0.00808
4	0.03158	0.02327	0.02493	0.01911	0.02576	0.02576	0.01579	0.62852	0.03906	0.05236	0.01995	0.01995	0.01413	0.00997	0.00831	0.00249	0.00914	0.00748	0.00831	0.01413
5	0.02520	0.01137	0.01531	0.01288	0.01707	0.01006	0.01016	0.02848	0.02285	0.36751	0.25776	0.11139	0.04507	0.01436	0.00911	0.00267	0.00569	0.01237	0.00960	0.01109
6	0.01723	0.01477	0.01723	0.01230	0.01969	0.01107	0.00984	0.02092	0.01723	0.02707	0.01477	0.01723	0.01230	0.00615	0.00615	0.00123	0.00615	0.00492	0.00492	0.75883
7	0.02579	0.02355	0.02069	0.01772	0.02243	0.18752	0.01393	0.24029	0.15713	0.03528	0.02186	0.02321	0.01688	0.01536	0.07805	0.00357	0.01105	0.00751	0.06661	0.01156
8	0.02021	0.01917	0.03149	0.09511	0.54463	0.01974	0.02402	0.02714	0.08419	0.02750	0.01747	0.02178	0.01429	0.00788	0.00825	0.00253	0.00961	0.00761	0.00454	0.01286
9	0.04711	0.00941	0.01076	0.01014	0.01250	0.00871	0.00736	0.01685	0.01806	0.10135	0.14472	0.06120	0.24809	0.21762	0.01892	0.00431	0.00589	0.04210	0.00736	0.00756
10	0.02563	0.02490	0.01991	0.01712	0.02152	0.25785	0.01327	0.23285	0.02678	0.03193	0.02614	0.02876	0.09333	0.05240	0.04691	0.00328	0.01104	0.00829	0.04772	0.01038
11	0.01978	0.42009	0.31523	0.01835	0.02772	0.02694	0.02142	0.02550	0.01717	0.02250	0.01302	0.01517	0.01060	0.00745	0.00645	0.00215	0.01037	0.00518	0.00353	0.01137

[dist]
# distance from previous block
# <min> <max>
0	1

[block]
# block no. 2 follows, 22 sequences, length 21
# corresponding to MSA columns:
# 53-73
name=unknown_C
#
# <colnr> <probs for GDERKNQSTAVLIFYWHMCP>
#	G	D	E	R	K	N	Q	S	T	A	V	L	I	F	Y	W	H	M	C	P
0	0.01947	0.41777	0.27345	0.01751	0.02621	0.02620	0.01996	0.02482	0.01755	0.02295	0.05382	0.01802	0.01495	0.00803	0.00657	0.00215	0.00983	0.00575	0.00389	0.01108
1	0.01921	0.09820	0.21598	0.01606	0.02237	0.08858	0.01650	0.07481	0.02059	0.02924	0.08926	0.02578	0.02148	0.00958	0.00724	0.00228	0.00864	0.00743	0.21659	0.01020
2	0.01989	0.01926	0.03345	0.13033	0.54704	0.01965	0.05827	0.02502	0.01866	0.02637	0.01558	0.02086	0.01287	0.00749	0.00832	0.00252	0.01025	0.00753	0.00406	0.01256
3	0.01710	0.02089	0.15787	0.01477	0.02322	0.01286	0.01437	0.02209	0.01729	0.02690	0.01480	0.01729	0.01192	0.00653	0.00653	0.00153	0.00748	0.00519	0.00461	0.59674
4	0.02258	0.01679	0.01547	0.01357	0.01746	0.15365	0.01049	0.02551	0.02257	0.20233	0.21472	0.04647	0.17595	0.01420	0.00890	0.00254	0.00726	0.01164	0.00808	0.00979
5	0.02245	0.01724	0.01568	0.01381	0.01772	0.14005	0.01056	0.09097	0.02240	0.16235	0.04500	0.09936	0.22936	0.06175	0.01113	0.00299	0.00778	0.01221	0.00748	0.00969
6	0.01950	0.01866	0.03181	0.18932	0.52616	0.01946	0.02497	0.02457	0.01842	0.02586	0.01544	0.02091	0.01271	0.00760	0.00824	0.00253	0.01013	0.00740	0.00402	0.01231
7	0.02056	0.01974	0.03372	0.05099	0.65622	0.01974	0.02550	0.02550	0.01892	0.02714	0.01563	0.02056	0.01316	0.00740	0.00822	0.00247	0.00987	0.00740	0.00411	0.01316
8	0.01569	0.01477	0.02492	0.68808	0.05722	0.01846	0.02307	0.02123	0.01661	0.02123	0.01477	0.02215	0.01107	0.00831	0.00831	0.00277	0.01107	0.00738	0.00369	0.00923
9	0.01569	0.01477	0.02492	0.68808	0.05722	0.01846	0.02307	0.02123	0.01661	0.02123	0.01477	0.02215	0.01107	0.00831	0.00831	0.00277	0.01107	0.00738	0.00369	0.00923
10	0.01549	0.00774	0.00774	0.00774	0.00968	0.00774	0.00581	0.01936	0.01742	0.03097	0.02710	0.03097	0.02129	0.00968	0.00581	0.00194	0.00387	0.00774	0.75416	0.00774
11	0.02066	0.01785	0.01878	0.01691	0.02160	0.02066	0.01315	0.04414	0.64121	0.03475	0.03381	0.03099	0.02536	0.01127	0.00845	0.00282	0.00657	0.00939	0.00845	0.01315
12	0.01078	0.00830	0.00985	0.00980	0.01190	0.00737	0.00722	0.01366	0.02072	0.02745	0.34912	0.15270	0.30163	0.01976	0.00991	0.00279	0.00415	0.01713	0.00839	0.00737
13	0.03383	0.01965	0.02269	0.01740	0.02396	0.02040	0.01437	0.39563	0.03301	0.29380	0.02503	0.02324	0.01668	0.01010	0.00833	0.00252	0.00832	0.00783	0.00909	0.01413
14	0.01369	0.01164	0.01658	0.01554	0.01650	0.01453	0.01231	0.01624	0.01456	0.02130	0.09240	0.09946	0.02763	0.03825	0.32555	0.00802	0.23225	0.01057	0.00505	0.00793
15	0.06924	0.01160	0.01402	0.01333	0.01692	0.01134	0.01098	0.02455	0.08953	0.16402	0.09640	0.06194	0.15697	0.01703	0.00958	0.00306	0.00634	0.20522	0.00827	0.00964
16	0.10708	0.02570	0.01866	0.01707	0.02072	0.33915	0.01309	0.06655	0.02045	0.02478	0.01658	0.02085	0.01409	0.02286	0.18397	0.00517	0.01485	0.00649	0.05273	0.00916
17	0.01728	0.11774	0.59566	0.02262	0.03432	0.02081	0.02886	0.02615	0.01747	0.02555	0.01453	0.01707	0.01054	0.00781	0.00761	0.00254	0.01190	0.00595	0.00351	0.01210
18	0.01934	0.01887	0.02685	0.16126	0.28967	0.06238	0.02021	0.02358	0.01773	0.02472	0.01456	0.01951	0.01215	0.00818	0.00987	0.00237	0.08585	0.00671	0.00416	0.17203
19	0.02760	0.10920	0.02637	0.02324	0.09504	0.41979	0.01652	0.05823	0.10072	0.02419	0.01595	0.01765	0.01296	0.00867	0.00749	0.00224	0.01242	0.00608	0.00488	0.01077
20	0.01944	0.01157	0.01512	0.08762	0.02048	0.01133	0.01101	0.02501	0.08606	0.19458	0.24218	0.07869	0.13333	0.01469	0.00915	0.00270	0.00590	0.01262	0.00848	0.01002

[dist]
# distance from previous block
# <min> <max>
0	4

[block]
# block no. 3 follows, 22 sequences, length 29
# corresponding to MSA columns:
# 78-106
name=unknown_D
#
# <colnr> <probs for GDERKNQSTAVLIFYWHMCP>
#	G	D	E	R	K	N	Q	S	T	A	V	L	I	F	Y	W	H	M	C	P
0	0.02108	0.01772	0.02343	0.01893	0.02310	0.02001	0.06981	0.21485	0.04708	0.03216	0.02059	0.02466	0.03969	0.02069	0.13802	0.00472	0.16630	0.00813	0.00581	0.08321
1	0.01968	0.02071	0.03995	0.03816	0.25153	0.02053	0.33076	0.02531	0.01859	0.02617	0.01573	0.02112	0.01262	0.00783	0.01077	0.00269	0.07790	0.00850	0.00415	0.04729
2	0.02138	0.02257	0.02887	0.23518	0.33997	0.16169	0.02272	0.02589	0.01923	0.02389	0.01476	0.01982	0.01200	0.00792	0.00809	0.00249	0.01134	0.00695	0.00402	0.01122
3	0.02491	0.02972	0.01946	0.01795	0.02143	0.45517	0.01333	0.02785	0.04886	0.02069	0.02337	0.02793	0.08154	0.08575	0.06343	0.00372	0.01333	0.00778	0.00492	0.00887
4	0.02383	0.02698	0.02143	0.01914	0.02201	0.34560	0.01487	0.05585	0.02112	0.02375	0.11064	0.02437	0.02193	0.01509	0.05978	0.00337	0.16823	0.00762	0.00509	0.00930
5	0.01837	0.01986	0.01662	0.01551	0.01812	0.23176	0.01191	0.02083	0.01867	0.02142	0.07684	0.03825	0.16481	0.02718	0.19140	0.00551	0.07931	0.00997	0.00539	0.00825
6	0.02156	0.63401	0.11684	0.01533	0.02305	0.03127	0.01616	0.02504	0.01696	0.02034	0.01195	0.01382	0.01064	0.00720	0.00563	0.00188	0.00928	0.00464	0.00355	0.01085
7	0.01290	0.00950	0.01329	0.01299	0.01451	0.01081	0.00984	0.04555	0.01446	0.02048	0.02273	0.03530	0.02187	0.15789	0.54502	0.01199	0.01943	0.00931	0.00473	0.00740
8	0.01035	0.00749	0.00980	0.01123	0.01206	0.00693	0.00765	0.01221	0.01723	0.02312	0.14007	0.57140	0.09093	0.02438	0.01044	0.00323	0.00465	0.02198	0.00793	0.00693
9	0.02878	0.03487	0.02251	0.02042	0.02480	0.53256	0.01542	0.03556	0.15778	0.02347	0.01740	0.01846	0.01389	0.00915	0.00770	0.00229	0.01315	0.00623	0.00519	0.01040
10	0.01187	0.00890	0.01335	0.01335	0.01483	0.01038	0.01038	0.01483	0.01335	0.01928	0.02225	0.03264	0.02077	0.06231	0.67512	0.01335	0.02225	0.00890	0.00445	0.00742
11	0.03103	0.03959	0.02354	0.02140	0.02568	0.67469	0.01605	0.03317	0.02354	0.02033	0.01284	0.01498	0.01070	0.00856	0.00749	0.00214	0.01498	0.00535	0.00428	0.00963
12	0.01208	0.00805	0.00906	0.00906	0.00906	0.00805	0.00503	0.01208	0.01208	0.01611	0.02618	0.05436	0.03020	0.70804	0.04228	0.00805	0.00805	0.01208	0.00503	0.00503
13	0.03103	0.03959	0.02354	0.02140	0.02568	0.67469	0.01605	0.03317	0.02354	0.02033	0.01284	0.01498	0.01070	0.00856	0.00749	0.00214	0.01498	0.00535	0.00428	0.00963
14	0.03103	0.03959	0.02354	0.02140	0.02568	0.67469	0.01605	0.03317	0.02354	0.02033	0.01284	0.01498	0.01070	0.00856	0.00749	0.00214	0.01498	0.00535	0.00428	0.00963
15	0.03328	0.02054	0.02324	0.01782	0.02440	0.02171	0.01472	0.45258	0.03449	0.23476	0.02378	0.02244	0.01605	0.01007	0.00832	0.00252	0.00852	0.00774	0.00890	0.01413
16	0.01050	0.00831	0.00861	0.00861	0.01057	0.00732	0.00593	0.01197	0.01688	0.02055	0.06681	0.07229	0.46655	0.22659	0.01953	0.00438	0.00536	0.01590	0.00691	0.00642
17	0.01847	0.01592	0.01930	0.16252	0.02867	0.01849	0.01534	0.03507	0.41083	0.03031	0.03122	0.03861	0.02567	0.01240	0.00888	0.00296	0.00772	0.09886	0.00730	0.01146
18	0.02056	0.01974	0.03372	0.05099	0.65622	0.01974	0.02550	0.02550	0.01892	0.02714	0.01563	0.02056	0.01316	0.00740	0.00822	0.00247	0.00987	0.00740	0.00411	0.01316
19	0.01643	0.01552	0.02626	0.59115	0.14835	0.01865	0.02344	0.02188	0.01696	0.02213	0.01490	0.02191	0.01139	0.00817	0.00829	0.00272	0.01089	0.00739	0.00376	0.00983
20	0.01667	0.01577	0.02669	0.55942	0.17818	0.01872	0.02356	0.02209	0.01708	0.02242	0.01494	0.02183	0.01150	0.00812	0.00829	0.00271	0.01083	0.00739	0.00378	0.01002
21	0.02056	0.01974	0.03372	0.05099	0.65622	0.01974	0.02550	0.02550	0.01892	0.02714	0.01563	0.02056	0.01316	0.00740	0.00822	0.00247	0.00987	0.00740	0.00411	0.01316
22	0.01282	0.00851	0.01124	0.01124	0.01296	0.00931	0.00865	0.01600	0.01504	0.02313	0.02862	0.03585	0.07075	0.04285	0.41661	0.00901	0.01517	0.00922	0.23553	0.00749
23	0.03056	0.02267	0.02438	0.01863	0.02533	0.02472	0.01537	0.58539	0.03751	0.05056	0.01958	0.01975	0.01400	0.00970	0.00816	0.00240	0.00893	0.00730	0.00807	0.06699
24	0.02152	0.01731	0.01953	0.01434	0.02151	0.01547	0.01162	0.20271	0.02376	0.03464	0.01632	0.01804	0.01285	0.00730	0.00680	0.00161	0.00705	0.00569	0.00594	0.53601
25	0.02208	0.02348	0.01890	0.01620	0.02113	0.25582	0.01242	0.02884	0.13390	0.02694	0.11445	0.02573	0.02414	0.00961	0.00762	0.00206	0.00913	0.00743	0.00597	0.23416
26	0.01204	0.00981	0.01326	0.01309	0.01440	0.01102	0.01000	0.01441	0.01570	0.02157	0.08946	0.19564	0.14647	0.03545	0.24779	0.00677	0.11547	0.01411	0.00606	0.00748
27	0.02424	0.01591	0.02262	0.01818	0.02321	0.01586	0.11417	0.19220	0.02501	0.17049	0.02915	0.14845	0.02556	0.01329	0.00897	0.00276	0.00815	0.05438	0.07611	0.01129
28	0.01378	0.01089	0.01351	0.01373	0.01549	0.01184	0.01022	0.04558	0.12513	0.02487	0.03955	0.37158	0.07326	0.02560	0.08542	0.00436	0.05466	0.04482	0.00722	0.00847

[dist]
# distance from previous block
# <min> <max>
0	3

[block]
# block no. 4 follows, 22 sequences, length 42
# corresponding to MSA columns:
# 110-151
name=unknown_E
#
# <colnr> <probs for GDERKNQSTAVLIFYWHMCP>
#	G	D	E	R	K	N	Q	S	T	A	V	L	I	F	Y	W	H	M	C	P
0	0.02167	0.02449	0.01983	0.01972	0.06053	0.32427	0.01422	0.02427	0.01872	0.02045	0.01967	0.02500	0.04412	0.02918	0.25477	0.00640	0.05191	0.00745	0.00446	0.00889
1	0.02051	0.01957	0.02999	0.08401	0.49096	0.05367	0.02264	0.05476	0.02047	0.02826	0.07743	0.02436	0.01928	0.00858	0.00835	0.00248	0.00960	0.00804	0.00479	0.01226
2	0.01998	0.01837	0.03075	0.04605	0.58236	0.01837	0.02325	0.02479	0.01875	0.02758	0.01694	0.02175	0.01409	0.00766	0.00795	0.00241	0.00918	0.00744	0.08979	0.01254
3	0.01184	0.00851	0.01125	0.01121	0.01220	0.00912	0.00788	0.01364	0.01377	0.01906	0.06664	0.04558	0.06056	0.31474	0.34686	0.01002	0.01451	0.01100	0.00515	0.00647
4	0.02835	0.02167	0.02311	0.01846	0.02453	0.02426	0.01501	0.45583	0.21700	0.04715	0.02404	0.02321	0.01745	0.01036	0.00835	0.00259	0.00838	0.00804	0.00835	0.01384
5	0.01723	0.01477	0.01723	0.01230	0.01969	0.01107	0.00984	0.02092	0.01723	0.02707	0.01477	0.01723	0.01230	0.00615	0.00615	0.00123	0.00615	0.00492	0.00492	0.75883
6	0.01012	0.00723	0.00964	0.01157	0.01205	0.00675	0.00771	0.01157	0.01591	0.02121	0.04579	0.70262	0.05495	0.02603	0.01060	0.00337	0.00482	0.02362	0.00771	0.00675
7	0.01864	0.01725	0.02883	0.04270	0.51407	0.01720	0.02223	0.02309	0.01863	0.02626	0.02209	0.09866	0.02156	0.01116	0.00886	0.00272	0.00909	0.08019	0.00490	0.01185
8	0.02529	0.02148	0.01874	0.01573	0.02032	0.15952	0.01244	0.28792	0.02836	0.03715	0.02678	0.02775	0.08099	0.01074	0.00768	0.00231	0.00861	0.00812	0.18921	0.01087
9	0.01569	0.01477	0.02492	0.68808	0.05722	0.01846	0.02307	0.02123	0.01661	0.02123	0.01477	0.02215	0.01107	0.00831	0.00831	0.00277	0.01107	0.00738	0.00369	0.00923
10	0.01771	0.01543	0.02033	0.31032	0.03589	0.01789	0.01661	0.08542	0.20376	0.02845	0.03258	0.03428	0.12366	0.01149	0.00860	0.00276	0.00840	0.00970	0.00622	0.01049
11	0.14435	0.09857	0.24578	0.02548	0.09210	0.02048	0.17232	0.02516	0.01747	0.02738	0.01596	0.04945	0.01310	0.00835	0.00780	0.00259	0.01080	0.00753	0.00421	0.01112
12	0.01012	0.00723	0.00964	0.01157	0.01205	0.00675	0.00771	0.01157	0.01591	0.02121	0.04579	0.70262	0.05495	0.02603	0.01060	0.00337	0.00482	0.02362	0.00771	0.00675
13	0.01607	0.01551	0.02726	0.62465	0.05588	0.01870	0.08164	0.02175	0.01690	0.02175	0.01496	0.02217	0.01122	0.00818	0.00845	0.00277	0.01136	0.00762	0.00374	0.00942
14	0.02968	0.03320	0.02401	0.08560	0.02876	0.45275	0.01667	0.17715	0.02665	0.02823	0.01476	0.01689	0.01157	0.00888	0.00777	0.00229	0.01318	0.00607	0.00521	0.01069
15	0.03158	0.02327	0.02493	0.01911	0.02576	0.02576	0.01579	0.62852	0.03906	0.05236	0.01995	0.01995	0.01413	0.00997	0.00831	0.00249	0.00914	0.00748	0.00831	0.01413
16	0.01147	0.00848	0.01070	0.01015	0.01223	0.00772	0.00761	0.01512	0.02283	0.03169	0.56696	0.06473	0.16427	0.01759	0.00980	0.00264	0.00396	0.01540	0.00893	0.00772
17	0.02417	0.56378	0.03910	0.01581	0.02229	0.17512	0.01462	0.02671	0.01836	0.01972	0.01184	0.01369	0.01067	0.00743	0.00581	0.00186	0.01024	0.00464	0.00371	0.01043
18	0.01732	0.03841	0.52848	0.02619	0.03761	0.01967	0.16265	0.02638	0.01800	0.02638	0.01533	0.01862	0.01098	0.00770	0.00832	0.00267	0.01266	0.00695	0.00366	0.01204
19	0.03102	0.02299	0.02461	0.01900	0.02555	0.02550	0.01565	0.59829	0.07021	0.05145	0.02066	0.02052	0.01471	0.01004	0.00832	0.00251	0.00901	0.00758	0.00832	0.01408
20	0.00982	0.00842	0.00842	0.00842	0.01122	0.00701	0.00631	0.01192	0.01894	0.02244	0.08416	0.07995	0.65285	0.02104	0.00982	0.00281	0.00421	0.01753	0.00771	0.00701
21	0.02056	0.01974	0.03372	0.05099	0.65622	0.01974	0.02550	0.02550	0.01892	0.02714	0.01563	0.02056	0.01316	0.00740	0.00822	0.00247	0.00987	0.00740	0.00411	0.01316
22	0.02056	0.01974	0.03372	0.05099	0.65622	0.01974	0.02550	0.02550	0.01892	0.02714	0.01563	0.02056	0.01316	0.00740	0.00822	0.00247	0.00987	0.00740	0.00411	0.01316
23	0.03158	0.02327	0.02493	0.01911	0.02576	0.02576	0.01579	0.62852	0.03906	0.05236	0.01995	0.01995	0.01413	0.00997	0.00831	0.00249	0.00914	0.00748	0.00831	0.01413
24	0.02584	0.01901	0.16019	0.01559	0.02211	0.01260	0.01513	0.03067	0.02232	0.35194	0.19538	0.03498	0.03390	0.01156	0.00864	0.00260	0.00738	0.00966	0.00847	0.01203
25	0.02996	0.01272	0.01647	0.01329	0.01840	0.01155	0.01075	0.03464	0.06156	0.45233	0.09481	0.03233	0.02687	0.01092	0.00808	0.00248	0.00618	0.00899	0.13531	0.01236
26	0.01045	0.00780	0.00973	0.01060	0.01195	0.00707	0.00743	0.01265	0.01843	0.02443	0.20204	0.40846	0.19317	0.02272	0.01023	0.00306	0.00446	0.02017	0.00806	0.00707
27	0.01569	0.01477	0.02492	0.68808	0.05722	0.01846	0.02307	0.02123	0.01661	0.02123	0.01477	0.02215	0.01107	0.00831	0.00831	0.00277	0.01107	0.00738	0.00369	0.00923
28	0.03002	0.02176	0.02326	0.01801	0.02420	0.02401	0.01482	0.56936	0.03696	0.05028	0.02064	0.02102	0.01482	0.00994	0.00807	0.00244	0.00863	0.00751	0.08075	0.01351
29	0.01005	0.00838	0.00848	0.00848	0.01100	0.00712	0.00618	0.01194	0.01823	0.02179	0.07818	0.07731	0.58865	0.09187	0.01317	0.00335	0.00460	0.01697	0.00744	0.00681
30	0.01176	0.00849	0.01110	0.01045	0.01241	0.00784	0.00784	0.01568	0.02352	0.03331	0.65184	0.06206	0.07839	0.01698	0.00980	0.00261	0.00392	0.01502	0.00914	0.00784
31	0.02948	0.03418	0.02532	0.02568	0.12377	0.48029	0.01748	0.11686	0.02503	0.02596	0.01429	0.01656	0.01157	0.00858	0.00772	0.00224	0.01335	0.00597	0.00483	0.01082
32	0.02126	0.02802	0.17155	0.06636	0.38775	0.12987	0.02496	0.02679	0.01929	0.02556	0.01496	0.01902	0.01207	0.00774	0.00803	0.00246	0.01131	0.00678	0.00399	0.01221
33	0.02279	0.02061	0.01987	0.01758	0.02243	0.08859	0.01370	0.09977	0.51904	0.03497	0.03030	0.02827	0.02276	0.01087	0.00834	0.00272	0.00769	0.00879	0.00801	0.01288
34	0.01069	0.00870	0.00963	0.01009	0.01268	0.00763	0.00804	0.01321	0.01898	0.02303	0.07436	0.08330	0.50535	0.02150	0.01022	0.00305	0.00505	0.15961	0.00770	0.00717
35	0.02005	0.02242	0.09972	0.04630	0.51964	0.01985	0.09809	0.02571	0.01886	0.02699	0.01569	0.02048	0.01282	0.00740	0.00838	0.00252	0.01061	0.00756	0.00406	0.01283
36	0.02476	0.02697	0.02911	0.06826	0.36344	0.26014	0.02140	0.06021	0.02158	0.02571	0.01479	0.01856	0.01221	0.00801	0.00796	0.00236	0.01176	0.00665	0.00438	0.01173
37	0.02223	0.05561	0.03132	0.10532	0.44412	0.14925	0.02287	0.02656	0.01951	0.02487	0.01480	0.01928	0.01236	0.00770	0.00795	0.00240	0.01095	0.00686	0.00408	0.01197
38	0.02404	0.02531	0.02724	0.06768	0.29650	0.21703	0.01995	0.06163	0.12601	0.02736	0.01803	0.02069	0.01442	0.00858	0.00805	0.00244	0.01088	0.00712	0.00509	0.01194
39	0.02451	0.02387	0.02220	0.13115	0.02936	0.19137	0.01584	0.15697	0.19483	0.03170	0.02058	0.02182	0.01565	0.00935	0.00795	0.00243	0.01003	0.00721	0.00622	0.07698
40	0.01712	0.14639	0.36138	0.02248	0.08903	0.01940	0.02322	0.02392	0.01832	0.02577	0.07960	0.03015	0.02165	0.01032	0.00809	0.00261	0.01013	0.07471	0.00459	0.01113
41	0.02156	0.06558	0.05354	0.01810	0.05253	0.14931	0.01432	0.12822	0.13033	0.02963	0.03554	0.03923	0.15320	0.01293	0.00854	0.00262	0.00888	0.05871	0.00659	0.01065

[dist]
# distance from previous block
# <min> <max>
0	1

[block]
# block no. 5 follows, 22 sequences, length 6
# corresponding to MSA columns:
# 153-158
name=unknown_F
#
# <colnr> <probs for GDERKNQSTAVLIFYWHMCP>
#	G	D	E	R	K	N	Q	S	T	A	V	L	I	F	Y	W	H	M	C	P
0	0.20452	0.01063	0.01222	0.01182	0.01445	0.01180	0.00926	0.01704	0.01538	0.02588	0.09996	0.03667	0.09799	0.03828	0.34913	0.00812	0.01398	0.00949	0.00555	0.00782
1	0.01968	0.06061	0.18911	0.02057	0.02671	0.18576	0.08889	0.02429	0.01901	0.02296	0.02845	0.03037	0.14505	0.01144	0.01055	0.00264	0.09049	0.00880	0.00468	0.00993
2	0.01893	0.17904	0.03052	0.12206	0.18832	0.02310	0.01891	0.02235	0.01620	0.02230	0.01470	0.05153	0.01366	0.01024	0.01274	0.00265	0.19446	0.00734	0.00401	0.04693
3	0.02851	0.23207	0.02926	0.01935	0.02444	0.49126	0.01553	0.03080	0.02164	0.02011	0.01247	0.01451	0.01069	0.00815	0.00687	0.00204	0.01324	0.00509	0.00407	0.00993
4	0.02211	0.25696	0.30180	0.02006	0.02864	0.19114	0.02167	0.02760	0.01886	0.02261	0.01330	0.01553	0.01061	0.00781	0.00697	0.00223	0.01188	0.00539	0.00372	0.01108
5	0.01926	0.02632	0.19295	0.18892	0.27373	0.07412	0.05677	0.02541	0.01845	0.02496	0.01507	0.01979	0.01177	0.00781	0.00818	0.00257	0.01141	0.00703	0.00388	0.01162

[dist]
# distance from previous block
# <min> <max>
1	8

[block]
# block no. 6 follows, 22 sequences, length 10
# corresponding to MSA columns:
# 167-176
name=unknown_G
#
# <colnr> <probs for GDERKNQSTAVLIFYWHMCP>
#	G	D	E	R	K	N	Q	S	T	A	V	L	I	F	Y	W	H	M	C	P
0	0.03074	0.15246	0.02591	0.01753	0.05148	0.02047	0.01412	0.17277	0.08244	0.30992	0.02500	0.02335	0.01726	0.00955	0.00776	0.00242	0.00798	0.00744	0.00807	0.01333
1	0.01270	0.00863	0.01206	0.01206	0.01365	0.00977	0.00933	0.01588	0.01429	0.02198	0.02337	0.03225	0.02089	0.05016	0.52070	0.01072	0.01801	0.00863	0.17742	0.00749
2	0.01233	0.00875	0.01263	0.01263	0.01417	0.01005	0.00980	0.01541	0.01387	0.02078	0.02287	0.03242	0.02084	0.05557	0.58947	0.01189	0.01990	0.00875	0.10039	0.00746
3	0.01043	0.00766	0.00924	0.01035	0.01128	0.00706	0.00687	0.01175	0.01586	0.02050	0.05083	0.43318	0.18809	0.15721	0.01657	0.00415	0.00531	0.01997	0.00719	0.00648
4	0.19883	0.02763	0.02313	0.02435	0.14582	0.28942	0.01621	0.12767	0.02303	0.03083	0.01426	0.01654	0.01135	0.00837	0.00723	0.00236	0.01105	0.00590	0.00511	0.01091
5	0.01895	0.17750	0.03197	0.24729	0.27887	0.02177	0.02142	0.02349	0.01771	0.02334	0.01602	0.02357	0.01388	0.00851	0.00777	0.00248	0.00991	0.04050	0.00405	0.01099
6	0.01805	0.01802	0.02037	0.02385	0.16524	0.14178	0.01509	0.02104	0.01747	0.02234	0.02278	0.14568	0.02308	0.02499	0.16824	0.00521	0.05679	0.03377	0.00502	0.05118
7	0.02364	0.09084	0.10985	0.02168	0.02871	0.17203	0.12891	0.12582	0.02254	0.02853	0.01512	0.01783	0.01186	0.00814	0.00848	0.00226	0.03867	0.00654	0.00485	0.13371
8	0.25197	0.07723	0.27521	0.01860	0.02650	0.17118	0.01955	0.02722	0.01783	0.02788	0.01318	0.01543	0.01010	0.00794	0.00678	0.00244	0.01087	0.00534	0.00419	0.01055
9	0.12944	0.13528	0.10949	0.07165	0.21330	0.02106	0.01922	0.02844	0.08822	0.08204	0.01774	0.01991	0.01368	0.00821	0.00730	0.00246	0.00899	0.00664	0.00508	0.01185

[dist]
# distance from previous block
# <min> <max>
12	32

[block]
# block no. 7 follows, 22 sequences, length 22
# corresponding to MSA columns:
# 209-230
name=unknown_H
#
# <colnr> <probs for GDERKNQSTAVLIFYWHMCP>
#	G	D	E	R	K	N	Q	S	T	A	V	L	I	F	Y	W	H	M	C	P
0	0.01535	0.01178	0.01439	0.01430	0.01678	0.01263	0.01134	0.02316	0.17111	0.05267	0.08069	0.18307	0.11645	0.01892	0.01132	0.00323	0.05783	0.16809	0.00776	0.00913
1	0.26685	0.11456	0.07349	0.01447	0.01887	0.06802	0.01280	0.02196	0.01509	0.02582	0.01532	0.02139	0.01374	0.06758	0.16310	0.00535	0.06181	0.00641	0.00444	0.00893
2	0.01903	0.01616	0.02123	0.01793	0.02102	0.01849	0.05955	0.18145	0.02220	0.03005	0.03336	0.12967	0.13377	0.01594	0.01461	0.00309	0.20388	0.04230	0.00644	0.00983
3	0.18530	0.05867	0.02264	0.14218	0.06859	0.18508	0.01611	0.05167	0.09223	0.02751	0.01563	0.01856	0.01243	0.00901	0.00870	0.00256	0.06165	0.00633	0.00491	0.01025
4	0.01618	0.01522	0.02541	0.25409	0.23400	0.01607	0.06497	0.02093	0.01873	0.02512	0.10082	0.03510	0.11674	0.01087	0.00880	0.00266	0.00903	0.01001	0.00511	0.01013
5	0.03103	0.03959	0.02354	0.02140	0.02568	0.67469	0.01605	0.03317	0.02354	0.02033	0.01284	0.01498	0.01070	0.00856	0.00749	0.00214	0.01498	0.00535	0.00428	0.00963
6	0.01010	0.00731	0.00956	0.01136	0.01199	0.00677	0.00762	0.01159	0.01611	0.02129	0.04833	0.66132	0.09460	0.02570	0.01055	0.00334	0.00478	0.02321	0.00771	0.00677
7	0.02880	0.03431	0.02401	0.02127	0.02500	0.50035	0.01640	0.08519	0.02304	0.02320	0.01315	0.01600	0.01105	0.00975	0.01107	0.00244	0.13461	0.00589	0.00453	0.00995
8	0.01765	0.16175	0.55483	0.02200	0.03336	0.02170	0.02777	0.02605	0.01742	0.02511	0.01431	0.01679	0.01055	0.00775	0.00744	0.00248	0.01168	0.00584	0.00352	0.01199
9	0.02360	0.01930	0.02044	0.01750	0.02272	0.02203	0.01386	0.20136	0.47922	0.03949	0.03008	0.02802	0.02234	0.01092	0.00841	0.00273	0.00727	0.00888	0.00841	0.01341
10	0.01189	0.00880	0.01285	0.01285	0.01415	0.01011	0.00975	0.01451	0.01320	0.01891	0.02271	0.03520	0.02188	0.13848	0.60047	0.01273	0.02058	0.00928	0.00452	0.00714
11	0.00982	0.00842	0.00842	0.00842	0.01122	0.00701	0.00631	0.01192	0.01894	0.02244	0.08416	0.07995	0.65285	0.02104	0.00982	0.00281	0.00421	0.01753	0.00771	0.00701
12	0.01241	0.00887	0.01227	0.01418	0.01567	0.00872	0.01169	0.01553	0.01816	0.02377	0.04452	0.27560	0.04994	0.02387	0.01121	0.00369	0.00680	0.42804	0.00767	0.00738
13	0.03158	0.02327	0.02493	0.01911	0.02576	0.02576	0.01579	0.62852	0.03906	0.05236	0.01995	0.01995	0.01413	0.00997	0.00831	0.00249	0.00914	0.00748	0.00831	0.01413
14	0.03127	0.03245	0.02415	0.02040	0.02572	0.39070	0.01594	0.29372	0.03033	0.03435	0.01595	0.01715	0.01220	0.00918	0.00785	0.00229	0.01243	0.00628	0.00604	0.01160
15	0.01783	0.01499	0.01632	0.01547	0.01903	0.01692	0.01169	0.03538	0.47299	0.03111	0.03703	0.21168	0.03332	0.01524	0.00903	0.00297	0.00610	0.01322	0.00825	0.01143
16	0.02458	0.01622	0.01851	0.01621	0.02116	0.01755	0.01291	0.04113	0.42821	0.20274	0.03430	0.03499	0.02576	0.01189	0.00865	0.00283	0.00679	0.05366	0.00888	0.01300
17	0.01961	0.02241	0.04902	0.03501	0.04342	0.02101	0.62605	0.02661	0.01961	0.02661	0.01681	0.02241	0.01261	0.00700	0.00980	0.00280	0.01401	0.00980	0.00420	0.01120
18	0.03158	0.02327	0.02493	0.01911	0.02576	0.02576	0.01579	0.62852	0.03906	0.05236	0.01995	0.01995	0.01413	0.00997	0.00831	0.00249	0.00914	0.00748	0.00831	0.01413
19	0.06632	0.28689	0.36310	0.01875	0.02817	0.02372	0.02215	0.02516	0.01736	0.02484	0.04358	0.01783	0.01369	0.00802	0.00686	0.00231	0.01026	0.00583	0.00390	0.01126
20	0.02973	0.08132	0.02493	0.02097	0.02518	0.59632	0.01606	0.03188	0.02249	0.02026	0.01265	0.01506	0.01071	0.00881	0.00849	0.00220	0.05367	0.00540	0.00420	0.00967
21	0.01604	0.01126	0.01271	0.01194	0.01422	0.01234	0.00879	0.05747	0.15934	0.02710	0.02703	0.03639	0.02388	0.19114	0.14947	0.00595	0.00950	0.00940	0.20742	0.00862

[dist]
# distance from previous block
# <min> <max>
5	33

[block]
# block no. 8 follows, 22 sequences, length 50
# corresponding to MSA columns:
# 264-313
name=unknown_I
#
# <colnr> <probs for GDERKNQSTAVLIFYWHMCP>
#	G	D	E	R	K	N	Q	S	T	A	V	L	I	F	Y	W	H	M	C	P
0	0.07659	0.01471	0.07417	0.15918	0.02659	0.01290	0.01462	0.02251	0.01921	0.14107	0.08775	0.04795	0.15153	0.01408	0.00894	0.00286	0.00762	0.10131	0.00684	0.00958
1	0.02347	0.51877	0.09533	0.01650	0.02350	0.15948	0.01606	0.02666	0.01827	0.02031	0.01211	0.01403	0.01066	0.00747	0.00599	0.00193	0.01040	0.00478	0.00369	0.01060
2	0.09756	0.02262	0.02379	0.01838	0.02489	0.02512	0.01518	0.57430	0.03682	0.05100	0.01919	0.01937	0.01367	0.00977	0.00803	0.00250	0.00890	0.00721	0.00803	0.01367
3	0.01315	0.01190	0.02051	0.02001	0.07682	0.01115	0.14803	0.01624	0.01735	0.02309	0.04093	0.41796	0.10953	0.01952	0.01012	0.00310	0.00727	0.01837	0.00660	0.00835
4	0.02681	0.03338	0.02053	0.01882	0.02280	0.54171	0.01411	0.02894	0.02262	0.02075	0.02704	0.02792	0.13859	0.01105	0.00795	0.00227	0.01284	0.00778	0.00496	0.00911
5	0.02215	0.01751	0.01883	0.01672	0.02157	0.01990	0.01306	0.04382	0.58580	0.09105	0.03372	0.03075	0.02493	0.01118	0.00844	0.00280	0.00662	0.00930	0.00862	0.01324
6	0.01610	0.01522	0.01374	0.01331	0.01425	0.14236	0.00909	0.01699	0.01516	0.01832	0.02571	0.16707	0.02908	0.36689	0.02774	0.00553	0.07903	0.01246	0.00525	0.00669
7	0.01569	0.01477	0.02492	0.68808	0.05722	0.01846	0.02307	0.02123	0.01661	0.02123	0.01477	0.02215	0.01107	0.00831	0.00831	0.00277	0.01107	0.00738	0.00369	0.00923
8	0.01858	0.27469	0.45009	0.02041	0.03089	0.02399	0.02499	0.02581	0.01731	0.02397	0.01375	0.01608	0.01057	0.00762	0.00701	0.00234	0.01110	0.00555	0.00352	0.01172
9	0.02266	0.02203	0.01970	0.01777	0.02239	0.14640	0.01371	0.04203	0.52246	0.03198	0.02978	0.02792	0.02254	0.01075	0.00827	0.00269	0.00819	0.00862	0.00765	0.01247
10	0.01723	0.00950	0.01189	0.01134	0.01421	0.00834	0.00846	0.01954	0.01950	0.18944	0.10244	0.28345	0.23282	0.01966	0.00971	0.00293	0.00514	0.01708	0.00850	0.00884
11	0.01723	0.01477	0.01723	0.01230	0.01969	0.01107	0.00984	0.02092	0.01723	0.02707	0.01477	0.01723	0.01230	0.00615	0.00615	0.00123	0.00615	0.00492	0.00492	0.75883
12	0.01008	0.00800	0.00909	0.00991	0.01178	0.00701	0.00713	0.01199	0.01776	0.02206	0.06767	0.32252	0.39676	0.02305	0.01019	0.00307	0.00458	0.04271	0.00771	0.00693
13	0.01187	0.00890	0.01335	0.01335	0.01483	0.01038	0.01038	0.01483	0.01335	0.01928	0.02225	0.03264	0.02077	0.06231	0.67512	0.01335	0.02225	0.00890	0.00445	0.00742
14	0.01148	0.00854	0.01085	0.01138	0.01328	0.00791	0.00886	0.01459	0.02023	0.02694	0.28159	0.17408	0.19337	0.02077	0.01034	0.00307	0.00505	0.16199	0.00824	0.00744
15	0.03103	0.03959	0.02354	0.02140	0.02568	0.67469	0.01605	0.03317	0.02354	0.02033	0.01284	0.01498	0.01070	0.00856	0.00749	0.00214	0.01498	0.00535	0.00428	0.00963
16	0.03158	0.02327	0.02493	0.01911	0.02576	0.02576	0.01579	0.62852	0.03906	0.05236	0.01995	0.01995	0.01413	0.00997	0.00831	0.00249	0.00914	0.00748	0.00831	0.01413
17	0.01896	0.03594	0.47140	0.02562	0.03654	0.01914	0.16755	0.02749	0.01851	0.07609	0.01675	0.01951	0.01179	0.00787	0.00837	0.00267	0.01227	0.00716	0.00420	0.01217
18	0.03158	0.02327	0.02493	0.01911	0.02576	0.02576	0.01579	0.62852	0.03906	0.05236	0.01995	0.01995	0.01413	0.00997	0.00831	0.00249	0.00914	0.00748	0.00831	0.01413
19	0.02066	0.01785	0.01878	0.01691	0.02160	0.02066	0.01315	0.04414	0.64121	0.03475	0.03381	0.03099	0.02536	0.01127	0.00845	0.00282	0.00657	0.00939	0.00845	0.01315
20	0.01031	0.00811	0.00878	0.00917	0.01097	0.00716	0.00634	0.01188	0.01701	0.02098	0.06537	0.19904	0.41406	0.15411	0.01622	0.00393	0.00507	0.01770	0.00720	0.00658
21	0.03158	0.02327	0.02493	0.01911	0.02576	0.02576	0.01579	0.62852	0.03906	0.05236	0.01995	0.01995	0.01413	0.00997	0.00831	0.00249	0.00914	0.00748	0.00831	0.01413
22	0.03158	0.02327	0.02493	0.01911	0.02576	0.02576	0.01579	0.62852	0.03906	0.05236	0.01995	0.01995	0.01413	0.00997	0.00831	0.00249	0.00914	0.00748	0.00831	0.01413
23	0.01208	0.00805	0.00906	0.00906	0.00906	0.00805	0.00503	0.01208	0.01208	0.01611	0.02618	0.05436	0.03020	0.70804	0.04228	0.00805	0.00805	0.01208	0.00503	0.00503
24	0.03103	0.03959	0.02354	0.02140	0.02568	0.67469	0.01605	0.03317	0.02354	0.02033	0.01284	0.01498	0.01070	0.00856	0.00749	0.00214	0.01498	0.00535	0.00428	0.00963
25	0.01167	0.00779	0.00904	0.00965	0.01024	0.00753	0.00606	0.01273	0.01443	0.01989	0.03698	0.25750	0.08567	0.36066	0.02565	0.00548	0.00626	0.01564	0.09110	0.00603
26	0.01813	0.22062	0.50023	0.02117	0.03208	0.02289	0.02632	0.02593	0.01736	0.02452	0.01402	0.01642	0.01056	0.00768	0.00721	0.00240	0.01138	0.00569	0.00352	0.01185
27	0.01599	0.01477	0.02339	0.55349	0.04974	0.01699	0.02044	0.02116	0.01673	0.02239	0.01477	0.02117	0.01132	0.00788	0.00788	0.00246	0.01009	0.00689	0.00394	0.15852
28	0.01976	0.07067	0.51093	0.02282	0.03329	0.15040	0.02708	0.02762	0.01871	0.02483	0.01435	0.01685	0.01056	0.00799	0.00770	0.00250	0.01267	0.00591	0.00366	0.01168
29	0.07167	0.01185	0.01118	0.01134	0.01358	0.07646	0.00826	0.01571	0.01899	0.02516	0.17217	0.26027	0.23428	0.01948	0.00946	0.00286	0.00562	0.01668	0.00745	0.00752
30	0.01740	0.13194	0.58248	0.02242	0.03401	0.02110	0.02851	0.02612	0.01745	0.02541	0.01446	0.01698	0.01054	0.00779	0.00755	0.00252	0.01183	0.00591	0.00351	0.01206
31	0.05766	0.03067	0.02843	0.09935	0.03208	0.39103	0.13820	0.02910	0.02072	0.02239	0.01364	0.01746	0.01107	0.00865	0.00949	0.00248	0.06699	0.00658	0.00418	0.00983
32	0.02001	0.01917	0.03272	0.12329	0.58825	0.01959	0.02522	0.02501	0.01865	0.02647	0.01553	0.02074	0.01292	0.00750	0.00823	0.00250	0.01001	0.00740	0.00406	0.01271
33	0.01300	0.01136	0.01474	0.01426	0.01606	0.03783	0.03522	0.01551	0.01624	0.02132	0.04092	0.19598	0.16551	0.03165	0.19205	0.00595	0.09183	0.06685	0.00606	0.00764
34	0.02055	0.01433	0.01740	0.01460	0.01878	0.01492	0.01167	0.20949	0.02456	0.08338	0.14263	0.03240	0.02889	0.02740	0.21800	0.00581	0.01179	0.00918	0.00706	0.08717
35	0.01823	0.01676	0.02697	0.03908	0.45458	0.01690	0.02039	0.02404	0.07409	0.02649	0.02403	0.17469	0.02364	0.01193	0.00878	0.00270	0.00844	0.01122	0.00531	0.01172
36	0.01790	0.09905	0.16728	0.02421	0.17446	0.01616	0.01822	0.02236	0.01798	0.08117	0.02860	0.21214	0.05898	0.01364	0.00858	0.00270	0.00834	0.01191	0.00566	0.01066
37	0.25536	0.01655	0.01467	0.01311	0.01752	0.08250	0.01031	0.02798	0.14274	0.10276	0.08257	0.03538	0.14295	0.01209	0.00767	0.00262	0.00678	0.00933	0.00710	0.01000
38	0.01055	0.00789	0.00980	0.01049	0.01197	0.00714	0.00742	0.01289	0.01892	0.02516	0.23827	0.36323	0.20168	0.02212	0.01018	0.00301	0.00440	0.01959	0.00815	0.00714
39	0.02751	0.28228	0.03485	0.01895	0.02604	0.02329	0.13139	0.09862	0.02209	0.22658	0.02019	0.02052	0.01454	0.00841	0.00748	0.00230	0.00933	0.00705	0.00633	0.01225
40	0.01899	0.15140	0.02619	0.02025	0.08699	0.09171	0.06884	0.02258	0.01854	0.02393	0.02245	0.08587	0.02233	0.01171	0.00809	0.00239	0.00896	0.12561	0.00520	0.17799
41	0.02326	0.02121	0.02148	0.02281	0.14708	0.16798	0.01490	0.08914	0.07457	0.08598	0.09762	0.03129	0.08720	0.01090	0.00827	0.00239	0.00891	0.00889	0.00650	0.06961
42	0.25626	0.01516	0.01497	0.01286	0.01733	0.01665	0.01031	0.14614	0.10089	0.07193	0.09284	0.02667	0.02296	0.01018	0.00702	0.00247	0.00624	0.00774	0.15092	0.01045
43	0.08259	0.02502	0.02522	0.02071	0.02586	0.22544	0.13107	0.09916	0.14591	0.02966	0.01990	0.02294	0.01581	0.04661	0.00983	0.00278	0.01087	0.00767	0.04218	0.01076
44	0.02192	0.01453	0.01707	0.06666	0.02185	0.01486	0.01197	0.06534	0.22320	0.17887	0.04269	0.04039	0.17726	0.01286	0.00862	0.00264	0.00658	0.01065	0.00812	0.05392
45	0.05856	0.01862	0.10383	0.02294	0.12169	0.03749	0.08523	0.02382	0.03996	0.08342	0.09687	0.03312	0.04786	0.02102	0.14138	0.00479	0.01174	0.03155	0.00573	0.01036
46	0.24455	0.14992	0.02134	0.01454	0.04402	0.01997	0.01168	0.13948	0.02136	0.08226	0.02945	0.02938	0.13961	0.01087	0.00709	0.00245	0.00717	0.00807	0.00632	0.01048
47	0.18121	0.01902	0.01761	0.01461	0.02004	0.14050	0.01162	0.02921	0.01935	0.21632	0.01987	0.02089	0.01464	0.01393	0.07545	0.00333	0.00983	0.00635	0.00639	0.15983
48	0.02301	0.07095	0.09638	0.01633	0.02222	0.01749	0.01467	0.21234	0.02482	0.11548	0.02651	0.15173	0.02426	0.01314	0.00849	0.00260	0.00800	0.05629	0.00714	0.08814
49	0.02047	0.16004	0.08120	0.14427	0.03309	0.08848	0.13429	0.09227	0.02048	0.02576	0.01895	0.10743	0.01725	0.01030	0.00818	0.00255	0.01067	0.00908	0.00485	0.01041

[dist]
# distance from previous block
# <min> <max>
2	170

[block]
# block no. 9 follows, 22 sequences, length 10
# corresponding to MSA columns:
# 484-493
name=unknown_J
#
# <colnr> <probs for GDERKNQSTAVLIFYWHMCP>
#	G	D	E	R	K	N	Q	S	T	A	V	L	I	F	Y	W	H	M	C	P
0	0.02410	0.02288	0.03067	0.04084	0.44988	0.10075	0.02235	0.15033	0.02362	0.03149	0.01617	0.01975	0.01306	0.00807	0.00815	0.00243	0.01034	0.00717	0.00500	0.01293
1	0.02277	0.02682	0.05302	0.02885	0.22284	0.30049	0.01799	0.02599	0.02024	0.02294	0.02059	0.15815	0.02056	0.01175	0.00838	0.00252	0.01115	0.00979	0.00490	0.01027
2	0.01655	0.01369	0.02070	0.10700	0.23400	0.01391	0.01583	0.02156	0.05655	0.05515	0.15768	0.10186	0.09019	0.04619	0.01057	0.00294	0.00739	0.01181	0.00634	0.01008
3	0.01431	0.17210	0.01947	0.01267	0.01515	0.01512	0.01017	0.01660	0.01391	0.01869	0.02057	0.03262	0.02036	0.18217	0.38970	0.00958	0.01623	0.00852	0.00436	0.00768
4	0.02273	0.01546	0.01825	0.01539	0.02036	0.01523	0.01254	0.22464	0.02553	0.11162	0.02882	0.12859	0.02690	0.01403	0.00882	0.00263	0.00738	0.12860	0.00764	0.16482
5	0.01251	0.00971	0.01402	0.01366	0.01482	0.01158	0.01050	0.01501	0.01313	0.01897	0.02161	0.03387	0.02095	0.13654	0.53399	0.01175	0.08653	0.00913	0.00444	0.00729
6	0.01609	0.01471	0.02277	0.03239	0.36250	0.01424	0.01760	0.01994	0.01895	0.02529	0.04202	0.04935	0.23149	0.01386	0.00915	0.00275	0.00770	0.08301	0.00575	0.01043
7	0.18139	0.01887	0.01991	0.01612	0.02200	0.02060	0.01314	0.26605	0.15981	0.16299	0.02366	0.02259	0.01672	0.00985	0.00770	0.00259	0.00764	0.00744	0.00807	0.01287
8	0.02560	0.11960	0.02326	0.01846	0.02232	0.45487	0.01410	0.02767	0.02112	0.02041	0.01944	0.15605	0.01979	0.01196	0.00785	0.00235	0.01211	0.00899	0.00489	0.00917
9	0.05462	0.01229	0.01472	0.01324	0.01737	0.01144	0.01066	0.05800	0.04871	0.11237	0.06835	0.12912	0.10182	0.01562	0.00895	0.00271	0.00633	0.14280	0.00748	0.16339

[dist]
# distance from previous block
# <min> <max>
4	192

[block]
# block no. 10 follows, 22 sequences, length 32
# corresponding to MSA columns:
# 686-717
name=unknown_K
#
# <colnr> <probs for GDERKNQSTAVLIFYWHMCP>
#	G	D	E	R	K	N	Q	S	T	A	V	L	I	F	Y	W	H	M	C	P
0	0.02078	0.04817	0.02333	0.07445	0.06114	0.10277	0.01627	0.12659	0.02047	0.02663	0.02286	0.07811	0.06509	0.01347	0.01473	0.00296	0.23427	0.03263	0.00534	0.00995
1	0.01826	0.01707	0.02577	0.02642	0.16974	0.01849	0.09510	0.06956	0.06925	0.02692	0.02998	0.03286	0.13664	0.01418	0.04005	0.00325	0.15263	0.00976	0.00544	0.03863
2	0.10504	0.01972	0.02156	0.07412	0.07311	0.13161	0.05022	0.07087	0.04862	0.02837	0.11254	0.06064	0.05572	0.01195	0.01075	0.00272	0.09756	0.00932	0.00578	0.00980
3	0.14226	0.02122	0.04203	0.07530	0.02360	0.15598	0.01377	0.11746	0.07026	0.03018	0.03152	0.03604	0.13577	0.01231	0.00816	0.00265	0.00898	0.05642	0.00620	0.00990
4	0.02409	0.02446	0.07456	0.02702	0.18529	0.14254	0.01853	0.21010	0.02489	0.03217	0.01752	0.02119	0.01411	0.01798	0.12392	0.00432	0.01294	0.00720	0.00544	0.01173
5	0.02385	0.19649	0.07994	0.02403	0.11244	0.25235	0.01846	0.02703	0.01874	0.02149	0.01270	0.01617	0.01106	0.00914	0.01089	0.00242	0.14259	0.00584	0.00390	0.01047
6	0.08244	0.19992	0.04612	0.01605	0.02107	0.19751	0.01353	0.02914	0.13694	0.02666	0.12740	0.02571	0.02506	0.01007	0.00735	0.00231	0.00915	0.00752	0.00577	0.01028
7	0.01716	0.18978	0.44434	0.01989	0.02978	0.02100	0.02416	0.02435	0.01731	0.02416	0.01986	0.02212	0.06085	0.01121	0.03781	0.00294	0.01134	0.00677	0.00389	0.01128
