[name]
unknown

[dist]
# distance from previous block
# <min> <max>
0	3

[block]
# block no. 0 follows, 21 sequences, length 9
# corresponding to MSA columns:
# 3-11
name=unknown_A
#
# <colnr> <probs for GDERKNQSTAVLIFYWHMCP>
#	G	D	E	R	K	N	Q	S	T	A	V	L	I	F	Y	W	H	M	C	P
0	0.06772	0.01724	0.02020	0.02469	0.19947	0.09478	0.01501	0.04783	0.02182	0.02965	0.19463	0.04506	0.11379	0.01357	0.00904	0.00269	0.00794	0.05816	0.00664	0.01007
1	0.02333	0.01447	0.01988	0.13336	0.07722	0.01492	0.01474	0.09247	0.06839	0.20419	0.06507	0.17730	0.02962	0.01397	0.00914	0.00286	0.00769	0.01217	0.00783	0.01139
2	0.02114	0.01550	0.01850	0.06992	0.02255	0.01675	0.01332	0.26809	0.02713	0.03636	0.10167	0.10153	0.03266	0.07127	0.01353	0.04283	0.00805	0.10140	0.00754	0.01025
3	0.01715	0.01261	0.01829	0.01583	0.01814	0.01322	0.07994	0.06637	0.01749	0.07457	0.02823	0.17896	0.02950	0.24809	0.07340	0.00566	0.07479	0.01322	0.00617	0.00837
4	0.01433	0.01129	0.01510	0.01333	0.01540	0.01111	0.06496	0.01830	0.08597	0.02131	0.02822	0.12306	0.03013	0.41565	0.02912	0.00595	0.00809	0.01263	0.00580	0.07022
5	0.01342	0.00995	0.01309	0.08098	0.01818	0.01022	0.01017	0.06287	0.01893	0.02538	0.11445	0.36794	0.04743	0.11466	0.01483	0.00391	0.00646	0.05206	0.00733	0.00774
6	0.02714	0.03036	0.02597	0.02869	0.18425	0.34778	0.01835	0.06683	0.13500	0.02715	0.01822	0.02009	0.01455	0.00905	0.00809	0.00243	0.01210	0.00690	0.00535	0.01171
7	0.01763	0.01438	0.01786	0.01704	0.07841	0.01406	0.01203	0.11902	0.02341	0.03266	0.20883	0.04241	0.13726	0.01338	0.01002	0.00244	0.05139	0.01102	0.00718	0.16958
8	0.01022	0.00797	0.00929	0.01035	0.01195	0.00704	0.00724	0.01202	0.01773	0.02231	0.06511	0.41126	0.32865	0.02430	0.01049	0.00319	0.00465	0.02131	0.00790	0.00704

[dist]
# distance from previous block
# <min> <max>
10	13

[block]
# block no. 1 follows, 21 sequences, length 94
# corresponding to MSA columns:
# 26-119
name=unknown_B
#
# <colnr> <probs for GDERKNQSTAVLIFYWHMCP>
#	G	D	E	R	K	N	Q	S	T	A	V	L	I	F	Y	W	H	M	C	P
0	0.01820	0.02229	0.14244	0.03868	0.41329	0.01760	0.02326	0.02357	0.01913	0.02671	0.02952	0.03232	0.13559	0.01039	0.00868	0.00263	0.00943	0.00936	0.00482	0.01209
1	0.33904	0.01671	0.01886	0.02158	0.15692	0.01816	0.01365	0.11432	0.01967	0.03482	0.01996	0.11866	0.01892	0.04369	0.00909	0.00298	0.00763	0.00899	0.00592	0.01044
2	0.01422	0.01123	0.01506	0.01404	0.01602	0.01278	0.01105	0.06205	0.01825	0.02557	0.14848	0.04163	0.09630	0.04053	0.34525	0.00839	0.09377	0.01096	0.00605	0.00837
3	0.01369	0.01095	0.01675	0.02104	0.13782	0.01139	0.01347	0.01687	0.01648	0.02282	0.03157	0.21356	0.03363	0.03629	0.25573	0.00717	0.01311	0.11313	0.00592	0.00860
4	0.01206	0.00851	0.01067	0.01095	0.01171	0.00851	0.00715	0.01320	0.01387	0.01898	0.03067	0.21408	0.03475	0.37245	0.15454	0.00776	0.01014	0.01445	0.00574	0.03982
5	0.01267	0.00884	0.01229	0.01229	0.01364	0.00994	0.00923	0.01538	0.01402	0.02082	0.02403	0.03649	0.02277	0.15063	0.49012	0.01137	0.01823	0.00944	0.10053	0.00728
6	0.02923	0.02327	0.03033	0.05257	0.03136	0.02511	0.13325	0.47741	0.03510	0.04707	0.01957	0.02102	0.01403	0.00955	0.00881	0.00263	0.01042	0.00812	0.00748	0.01366
7	0.02177	0.01821	0.01948	0.01743	0.02223	0.02084	0.01377	0.10325	0.52337	0.03671	0.03395	0.03550	0.02654	0.01232	0.00888	0.00293	0.00709	0.05400	0.00858	0.01314
8	0.18653	0.01427	0.07335	0.01244	0.01655	0.01202	0.01086	0.02110	0.02132	0.08193	0.39210	0.04517	0.05285	0.01381	0.00864	0.00267	0.00566	0.01153	0.00797	0.00923
9	0.02248	0.01974	0.03027	0.04170	0.45896	0.02036	0.02239	0.06114	0.14511	0.06073	0.02086	0.02358	0.01643	0.00866	0.00848	0.00261	0.00925	0.00805	0.00564	0.01358
10	0.02010	0.01924	0.03281	0.17290	0.53466	0.01997	0.02564	0.02528	0.01892	0.02664	0.01584	0.02137	0.01307	0.00776	0.00844	0.00259	0.01035	0.00758	0.00413	0.01271
11	0.01948	0.01656	0.02678	0.48029	0.16106	0.01920	0.02287	0.06195	0.01940	0.06670	0.01684	0.02266	0.01257	0.00858	0.00850	0.00275	0.01072	0.00764	0.00461	0.01084
12	0.01238	0.00825	0.00928	0.00928	0.00928	0.00825	0.00516	0.01238	0.01238	0.01650	0.02681	0.05569	0.03094	0.70092	0.04331	0.00825	0.00825	0.01238	0.00516	0.00516
13	0.76103	0.01646	0.01251	0.01119	0.01646	0.01909	0.00922	0.02502	0.01448	0.03818	0.01185	0.01382	0.00922	0.00790	0.00527	0.00263	0.00658	0.00461	0.00527	0.00922
14	0.01781	0.13004	0.57728	0.02300	0.03488	0.02157	0.02925	0.02676	0.01788	0.02605	0.01482	0.01741	0.01080	0.00798	0.00774	0.00258	0.01213	0.00606	0.00360	0.01236
15	0.01037	0.00741	0.00987	0.01185	0.01234	0.00691	0.00790	0.01185	0.01629	0.02172	0.04690	0.69537	0.05629	0.02666	0.01086	0.00346	0.00494	0.02419	0.00790	0.00691
16	0.01620	0.01506	0.02143	0.01910	0.01967	0.02029	0.01563	0.01850	0.01327	0.02021	0.01552	0.02416	0.01495	0.03320	0.26714	0.00745	0.43742	0.00807	0.00404	0.00867
17	0.01977	0.02194	0.04598	0.03285	0.04132	0.02020	0.53808	0.02650	0.01977	0.02732	0.01694	0.02227	0.01287	0.00706	0.00956	0.00266	0.01330	0.00939	0.00440	0.10782
18	0.01765	0.01513	0.01765	0.01260	0.02017	0.01134	0.01008	0.02143	0.01765	0.02773	0.01513	0.01765	0.01260	0.00630	0.00630	0.00126	0.00630	0.00504	0.00504	0.75295
19	0.01703	0.01610	0.02726	0.55980	0.17179	0.01916	0.02411	0.02258	0.01747	0.02291	0.01530	0.02238	0.01175	0.00833	0.00849	0.00278	0.01111	0.00757	0.00386	0.01023
20	0.02115	0.01853	0.02123	0.02186	0.10343	0.02104	0.01511	0.04274	0.55280	0.03459	0.03222	0.03036	0.02435	0.01103	0.00863	0.00284	0.00717	0.00936	0.00808	0.01347
21	0.01738	0.01637	0.02715	0.51412	0.18306	0.01930	0.02368	0.02381	0.04704	0.02371	0.01625	0.02277	0.01250	0.00846	0.00850	0.00277	0.01086	0.00767	0.00411	0.01051
22	0.02025	0.01602	0.01841	0.01608	0.01887	0.05066	0.01291	0.16977	0.02156	0.03093	0.02048	0.02601	0.01719	0.02690	0.20722	0.00595	0.14390	0.00800	0.15907	0.00984
23	0.01707	0.04402	0.65683	0.02426	0.03683	0.01976	0.03144	0.02695	0.01797	0.02695	0.01527	0.01797	0.01078	0.00809	0.00809	0.00270	0.01258	0.00629	0.00359	0.01258
24	0.02106	0.02022	0.03454	0.05223	0.64784	0.02022	0.02612	0.02612	0.01938	0.02780	0.01601	0.02106	0.01348	0.00758	0.00842	0.00253	0.01011	0.00758	0.00421	0.01348
25	0.01963	0.01871	0.03117	0.04657	0.56516	0.01853	0.02356	0.02431	0.01938	0.02718	0.02513	0.02897	0.09545	0.00940	0.00864	0.00257	0.00936	0.00893	0.00469	0.01266
26	0.02393	0.05572	0.02640	0.07044	0.18509	0.07078	0.01807	0.23531	0.02571	0.03409	0.01841	0.02253	0.01488	0.01959	0.13627	0.00466	0.01274	0.00759	0.00576	0.01201
27	0.01862	0.01862	0.02607	0.02234	0.02234	0.02607	0.01862	0.02048	0.01303	0.02048	0.01117	0.01862	0.01117	0.01489	0.02793	0.00372	0.68535	0.00745	0.00372	0.00931
28	0.01037	0.00741	0.00987	0.01185	0.01234	0.00691	0.00790	0.01185	0.01629	0.02172	0.04690	0.69537	0.05629	0.02666	0.01086	0.00346	0.00494	0.02419	0.00790	0.00691
29	0.01861	0.22396	0.49043	0.02162	0.03276	0.02354	0.02685	0.02655	0.01778	0.02507	0.01434	0.01679	0.01082	0.00787	0.00737	0.00246	0.01163	0.00582	0.00361	0.01213
30	0.01122	0.00894	0.01024	0.01069	0.01323	0.00796	0.00853	0.01404	0.01994	0.02481	0.13378	0.08367	0.42923	0.02163	0.01050	0.00313	0.00520	0.16778	0.00804	0.00744
31	0.01014	0.00831	0.00894	0.00945	0.01171	0.00711	0.00684	0.01212	0.01860	0.02266	0.07607	0.24023	0.49260	0.02287	0.01027	0.00302	0.00447	0.01957	0.00790	0.00711
32	0.02566	0.49175	0.03800	0.01693	0.02328	0.23753	0.01517	0.02822	0.01949	0.02028	0.01226	0.01420	0.01093	0.00776	0.00617	0.00194	0.01111	0.00485	0.00388	0.01058
33	0.01730	0.04240	0.61027	0.02515	0.03742	0.01990	0.07638	0.02697	0.01813	0.02697	0.01542	0.01835	0.01094	0.00802	0.00824	0.00271	0.01271	0.00658	0.00365	0.01249
34	0.01204	0.00870	0.01138	0.01071	0.01271	0.00803	0.00803	0.01606	0.02409	0.03413	0.64335	0.06357	0.08030	0.01740	0.01004	0.00268	0.00401	0.01539	0.00937	0.00803
35	0.01217	0.00907	0.01345	0.01345	0.01489	0.01052	0.01036	0.01505	0.01361	0.01959	0.02300	0.03457	0.02177	0.09648	0.63522	0.01340	0.02205	0.00928	0.00459	0.00747
36	0.01238	0.00825	0.00928	0.00928	0.00928	0.00825	0.00516	0.01238	0.01238	0.01650	0.02681	0.05569	0.03094	0.70092	0.04331	0.00825	0.00825	0.01238	0.00516	0.00516
37	0.02275	0.70604	0.04459	0.01456	0.02184	0.03367	0.01456	0.02548	0.01729	0.02002	0.01183	0.01365	0.01092	0.00728	0.00546	0.00182	0.00910	0.00455	0.00364	0.01092
38	0.01371	0.00980	0.01371	0.01567	0.01763	0.00980	0.01371	0.01763	0.01959	0.02547	0.04506	0.09599	0.04898	0.02351	0.01175	0.00392	0.00784	0.59056	0.00784	0.00784
39	0.02410	0.01563	0.01813	0.01593	0.02069	0.01665	0.01267	0.03907	0.36230	0.19670	0.09891	0.03928	0.03214	0.01281	0.00901	0.00288	0.00667	0.05453	0.00916	0.01273
40	0.02165	0.57739	0.16357	0.01645	0.02476	0.03097	0.01784	0.02577	0.01742	0.02137	0.01250	0.01449	0.01089	0.00744	0.00597	0.00199	0.00978	0.00489	0.00363	0.01124
41	0.03818	0.01448	0.01975	0.01514	0.02172	0.01251	0.01251	0.04147	0.02436	0.65373	0.03357	0.02897	0.02107	0.01053	0.00856	0.00263	0.00724	0.00856	0.01053	0.01448
42	0.01239	0.00937	0.01187	0.01312	0.01541	0.00885	0.01109	0.01567	0.01952	0.02457	0.05997	0.09089	0.26475	0.02280	0.01114	0.00354	0.00656	0.38305	0.00786	0.00760
43	0.02082	0.02719	0.15070	0.23347	0.22918	0.14391	0.02453	0.02645	0.01929	0.02444	0.01505	0.01986	0.01182	0.00819	0.00824	0.00259	0.01197	0.00692	0.00399	0.01138
44	0.01707	0.04402	0.65683	0.02426	0.03683	0.01976	0.03144	0.02695	0.01797	0.02695	0.01527	0.01797	0.01078	0.00809	0.00809	0.00270	0.01258	0.00629	0.00359	0.01258
45	0.02106	0.02022	0.03454	0.05223	0.64784	0.02022	0.02612	0.02612	0.01938	0.02780	0.01601	0.02106	0.01348	0.00758	0.00842	0.00253	0.01011	0.00758	0.00421	0.01348
46	0.03072	0.03706	0.02450	0.02306	0.05795	0.55055	0.01676	0.07911	0.05706	0.02448	0.01499	0.01689	0.01215	0.00897	0.00783	0.00227	0.01417	0.00597	0.00492	0.01059
47	0.02090	0.02063	0.03189	0.04695	0.55937	0.06044	0.02399	0.02555	0.01968	0.02699	0.02121	0.02537	0.06174	0.00873	0.00850	0.00253	0.01000	0.00825	0.00451	0.01277
48	0.01036	0.00746	0.00982	0.01171	0.01231	0.00692	0.00784	0.01187	0.01643	0.02178	0.04858	0.66915	0.08142	0.02644	0.01083	0.00343	0.00491	0.02393	0.00790	0.00692
49	0.01707	0.04402	0.65683	0.02426	0.03683	0.01976	0.03144	0.02695	0.01797	0.02695	0.01527	0.01797	0.01078	0.00809	0.00809	0.00270	0.01258	0.00629	0.00359	0.01258
50	0.01375	0.01132	0.01624	0.14577	0.07232	0.01167	0.01465	0.01763	0.01902	0.02426	0.04806	0.07221	0.19876	0.01885	0.01041	0.00332	0.00775	0.27882	0.00679	0.00841
51	0.01707	0.04402	0.65683	0.02426	0.03683	0.01976	0.03144	0.02695	0.01797	0.02695	0.01527	0.01797	0.01078	0.00809	0.00809	0.00270	0.01258	0.00629	0.00359	0.01258
52	0.01707	0.04402	0.65683	0.02426	0.03683	0.01976	0.03144	0.02695	0.01797	0.02695	0.01527	0.01797	0.01078	0.00809	0.00809	0.00270	0.01258	0.00629	0.00359	0.01258
53	0.01250	0.00957	0.01413	0.01393	0.01530	0.01133	0.01081	0.01534	0.01358	0.01965	0.02237	0.03366	0.02118	0.09002	0.60569	0.01291	0.05672	0.00918	0.00454	0.00758
54	0.02700	0.02579	0.02749	0.12297	0.18996	0.18160	0.01985	0.23791	0.02753	0.03438	0.01675	0.01966	0.01291	0.00894	0.00828	0.00250	0.01131	0.00709	0.00572	0.01237
55	0.03196	0.03551	0.02455	0.02122	0.02633	0.47325	0.01636	0.21090	0.02892	0.03074	0.01535	0.01688	0.01202	0.00921	0.00793	0.00230	0.01354	0.00614	0.00563	0.01126
56	0.01090	0.00835	0.00968	0.01029	0.01201	0.00753	0.00737	0.01291	0.01812	0.02302	0.11606	0.23870	0.31316	0.11093	0.01472	0.00379	0.00523	0.06258	0.00767	0.00698
57	0.02097	0.40900	0.03659	0.01792	0.02206	0.03039	0.01631	0.02332	0.01545	0.02022	0.01155	0.01580	0.01103	0.01057	0.01517	0.00264	0.30131	0.00580	0.00368	0.01022
58	0.01936	0.01849	0.03147	0.26594	0.44740	0.01977	0.02527	0.02463	0.01857	0.02574	0.01571	0.02162	0.01275	0.00790	0.00845	0.00263	0.01053	0.00758	0.00407	0.01211
59	0.03092	0.03911	0.02425	0.02195	0.02605	0.62436	0.01659	0.03309	0.02338	0.02080	0.01302	0.01556	0.01098	0.00917	0.00901	0.00229	0.05968	0.00561	0.00434	0.00983
60	0.01006	0.00862	0.00862	0.00862	0.01149	0.00718	0.00647	0.01221	0.01940	0.02299	0.08621	0.08190	0.64438	0.02155	0.01006	0.00287	0.00431	0.01796	0.00790	0.00718
61	0.03021	0.02177	0.02325	0.01807	0.02425	0.02399	0.01485	0.54155	0.03713	0.05079	0.02138	0.02190	0.01543	0.01018	0.00818	0.00248	0.00866	0.00770	0.10462	0.01362
62	0.01817	0.17267	0.53786	0.02237	0.03392	0.02247	0.02816	0.02667	0.01784	0.02560	0.01460	0.01713	0.01081	0.00793	0.00758	0.00253	0.01190	0.00595	0.00360	0.01226
63	0.01006	0.00862	0.00862	0.00862	0.01149	0.00718	0.00647	0.01221	0.01940	0.02299	0.08621	0.08190	0.64438	0.02155	0.01006	0.00287	0.00431	0.01796	0.00790	0.00718
64	0.01006	0.00862	0.00862	0.00862	0.01149	0.00718	0.00647	0.01221	0.01940	0.02299	0.08621	0.08190	0.64438	0.02155	0.01006	0.00287	0.00431	0.01796	0.00790	0.00718
65	0.01033	0.00756	0.00971	0.01143	0.01223	0.00695	0.00771	0.01190	0.01670	0.02189	0.05201	0.61566	0.13270	0.02600	0.01076	0.00338	0.00486	0.02338	0.00790	0.00695
66	0.03013	0.03626	0.02449	0.02177	0.02580	0.52799	0.01670	0.08300	0.02405	0.02363	0.01353	0.01621	0.01129	0.00969	0.01038	0.00242	0.10188	0.00593	0.00466	0.01019
67	0.01907	0.01962	0.02341	0.02060	0.02147	0.10631	0.01678	0.02121	0.01460	0.02038	0.01369	0.02107	0.01311	0.02361	0.14952	0.00546	0.46954	0.00752	0.00397	0.00905
68	0.02984	0.03346	0.02342	0.02064	0.02552	0.43486	0.01583	0.13479	0.14364	0.02919	0.01851	0.01935	0.01444	0.00955	0.00800	0.00239	0.01268	0.00664	0.00590	0.01133
69	0.01307	0.01116	0.01155	0.01101	0.01435	0.01089	0.00838	0.02107	0.18034	0.02688	0.10197	0.06779	0.45264	0.01871	0.00969	0.00287	0.00493	0.01564	0.00818	0.00888
70	0.03176	0.02355	0.02521	0.01946	0.02617	0.02612	0.01603	0.58934	0.07109	0.05269	0.02118	0.02103	0.01508	0.01029	0.00852	0.00257	0.00923	0.00776	0.00852	0.01442
71	0.02076	0.02205	0.08230	0.05009	0.60094	0.02018	0.02653	0.02618	0.01927	0.02774	0.01595	0.02082	0.01327	0.00762	0.00840	0.00254	0.01030	0.00748	0.00416	0.01341
72	0.02106	0.02022	0.03454	0.05223	0.64784	0.02022	0.02612	0.02612	0.01938	0.02780	0.01601	0.02106	0.01348	0.00758	0.00842	0.00253	0.01011	0.00758	0.00421	0.01348
73	0.03182	0.03976	0.02418	0.02181	0.02631	0.63605	0.01643	0.06206	0.02488	0.02240	0.01350	0.01559	0.01113	0.00884	0.00771	0.00221	0.01506	0.00559	0.00458	0.01009
74	0.01770	0.03961	0.52975	0.02669	0.03843	0.02013	0.15410	0.02702	0.01841	0.02702	0.01568	0.01901	0.01123	0.00789	0.00850	0.00273	0.01295	0.00708	0.00374	0.01235
75	0.01148	0.00868	0.01059	0.01011	0.01236	0.00779	0.00758	0.01496	0.02274	0.03093	0.48369	0.06882	0.24195	0.01859	0.01004	0.00273	0.00410	0.01613	0.00895	0.00779
76	0.01058	0.00864	0.00934	0.00917	0.01181	0.00741	0.00688	0.01322	0.02063	0.02591	0.23225	0.07709	0.49652	0.02046	0.01005	0.00282	0.00423	0.01729	0.00829	0.00741
77	0.02010	0.01924	0.03281	0.17290	0.53466	0.01997	0.02564	0.02528	0.01892	0.02664	0.01584	0.02137	0.01307	0.00776	0.00844	0.00259	0.01035	0.00758	0.00413	0.01271
78	0.03196	0.03556	0.02454	0.02122	0.02633	0.47525	0.01636	0.20908	0.02887	0.03064	0.01533	0.01687	0.01201	0.00920	0.00792	0.00230	0.01356	0.00613	0.00562	0.01124
79	0.01015	0.00826	0.00900	0.00959	0.01175	0.00710	0.00689	0.01210	0.01847	0.02261	0.07446	0.26537	0.46850	0.02308	0.01030	0.00305	0.00450	0.01982	0.00790	0.00710
80	0.01371	0.00980	0.01371	0.01567	0.01763	0.00980	0.01371	0.01763	0.01959	0.02547	0.04506	0.09599	0.04898	0.02351	0.01175	0.00392	0.00784	0.59056	0.00784	0.00784
81	0.01703	0.01610	0.02726	0.55980	0.17179	0.01916	0.02411	0.02258	0.01747	0.02291	0.01530	0.02238	0.01175	0.00833	0.00849	0.00278	0.01111	0.00757	0.00386	0.01023
82	0.01216	0.00912	0.01368	0.01368	0.01520	0.01064	0.01064	0.01520	0.01368	0.01976	0.02279	0.03343	0.02127	0.06382	0.66720	0.01368	0.02279	0.00912	0.00456	0.00760
83	0.01907	0.01102	0.01135	0.01020	0.01312	0.01152	0.00794	0.13635	0.02215	0.03598	0.02634	0.02953	0.02039	0.00997	0.00645	0.00209	0.00501	0.00788	0.60443	0.00920
84	0.01006	0.00862	0.00862	0.00862	0.01149	0.00718	0.00647	0.01221	0.01940	0.02299	0.08621	0.08190	0.64438	0.02155	0.01006	0.00287	0.00431	0.01796	0.00790	0.00718
85	0.01707	0.04402	0.65683	0.02426	0.03683	0.01976	0.03144	0.02695	0.01797	0.02695	0.01527	0.01797	0.01078	0.00809	0.00809	0.00270	0.01258	0.00629	0.00359	0.01258
86	0.01042	0.00798	0.00944	0.01044	0.01191	0.00713	0.00724	0.01223	0.01774	0.02265	0.09241	0.39973	0.28377	0.05121	0.01181	0.00338	0.00478	0.02085	0.00787	0.00701
87	0.02884	0.02688	0.02788	0.02992	0.21222	0.18255	0.01921	0.29755	0.02992	0.03781	0.01731	0.01937	0.01331	0.00907	0.00828	0.00246	0.01106	0.00710	0.00621	0.01304
88	0.11708	0.01917	0.02409	0.22594	0.20138	0.08644	0.01906	0.06992	0.01992	0.02901	0.01660	0.02120	0.01306	0.00850	0.00768	0.00254	0.00980	0.00702	0.09082	0.01076
89	0.02470	0.02280	0.03044	0.08996	0.37672	0.08620	0.02235	0.18209	0.02507	0.03340	0.01681	0.02045	0.01332	0.00846	0.00838	0.00253	0.01053	0.00739	0.00532	0.01306
90	0.02539	0.03012	0.14857	0.07942	0.17668	0.17318	0.02208	0.18332	0.02544	0.03231	0.01629	0.01909	0.01247	0.00872	0.00821	0.00251	0.01171	0.00686	0.00523	0.01241
91	0.07898	0.02207	0.03176	0.04590	0.53411	0.08803	0.02380	0.02686	0.01950	0.02787	0.01539	0.01991	0.01289	0.00773	0.00810	0.00250	0.01039	0.00713	0.00431	0.01277
92	0.02004	0.02280	0.09402	0.03107	0.22342	0.08281	0.09746	0.02858	0.12558	0.02820	0.05679	0.03323	0.05122	0.01080	0.00899	0.00275	0.01009	0.05474	0.00567	0.01174
93	0.16221	0.19857	0.02575	0.02040	0.12654	0.08521	0.01435	0.02332	0.01812	0.02577	0.02795	0.03208	0.12841	0.01136	0.00822	0.00251	0.03556	0.03853	0.00512	0.01002

[dist]
# distance from previous block
# <min> <max>
12	51

[block]
# block no. 2 follows, 21 sequences, length 77
# corresponding to MSA columns:
# 172-248
name=unknown_C
#
# <colnr> <probs for GDERKNQSTAVLIFYWHMCP>
#	G	D	E	R	K	N	Q	S	T	A	V	L	I	F	Y	W	H	M	C	P
0	0.02364	0.02812	0.07472	0.02558	0.15200	0.28339	0.01752	0.05490	0.05318	0.02552	0.04892	0.06009	0.05433	0.04900	0.01032	0.00281	0.01130	0.00874	0.00532	0.01059
1	0.01934	0.02368	0.17127	0.17748	0.32374	0.01886	0.02522	0.02540	0.01878	0.05476	0.01981	0.02398	0.04291	0.00870	0.00845	0.00265	0.01052	0.00783	0.00445	0.01215
2	0.01974	0.20052	0.20062	0.01975	0.02614	0.08333	0.04716	0.02459	0.01754	0.02340	0.01661	0.02339	0.01455	0.01306	0.04641	0.00323	0.11923	0.04216	0.04808	0.01049
3	0.02338	0.15550	0.30205	0.02203	0.03092	0.17576	0.05042	0.09446	0.02186	0.02729	0.01484	0.01710	0.01136	0.00830	0.00767	0.00242	0.01235	0.00612	0.00437	0.01181
4	0.05430	0.02544	0.13247	0.02715	0.19398	0.14871	0.01889	0.02445	0.01821	0.02427	0.01789	0.05170	0.01678	0.12387	0.01470	0.00346	0.04051	0.00812	0.00452	0.05059
5	0.01782	0.03314	0.39425	0.03133	0.20118	0.01892	0.05966	0.02560	0.01861	0.02694	0.02042	0.02570	0.04486	0.00925	0.00854	0.00272	0.01138	0.03320	0.00420	0.01229
6	0.06034	0.12853	0.29027	0.03135	0.23644	0.06012	0.02518	0.02678	0.01852	0.02649	0.01472	0.01800	0.01163	0.00783	0.00765	0.00248	0.01110	0.00633	0.00394	0.01230
7	0.02478	0.45252	0.07458	0.01621	0.02299	0.11911	0.01540	0.02796	0.01888	0.09123	0.01530	0.01703	0.01266	0.01125	0.04542	0.00272	0.01080	0.00551	0.00457	0.01107
8	0.01067	0.00869	0.00948	0.00942	0.01205	0.00749	0.00715	0.01333	0.02047	0.02562	0.21019	0.07840	0.48965	0.02070	0.01013	0.00288	0.00441	0.04362	0.00823	0.00741
9	0.01102	0.00768	0.00968	0.01101	0.01134	0.00735	0.00700	0.01202	0.01501	0.02002	0.04035	0.48663	0.04801	0.24668	0.02145	0.00502	0.00602	0.02034	0.00700	0.00634
10	0.02701	0.07045	0.09649	0.02162	0.02731	0.43161	0.04625	0.03046	0.02162	0.02241	0.01359	0.01633	0.01120	0.00867	0.00879	0.00226	0.05344	0.00582	0.00428	0.08040
11	0.01207	0.00931	0.01074	0.01057	0.01293	0.00854	0.00782	0.04927	0.02150	0.02809	0.25158	0.19287	0.31250	0.02057	0.01012	0.00291	0.00464	0.01776	0.00840	0.00783
12	0.01006	0.00862	0.00862	0.00862	0.01149	0.00718	0.00647	0.01221	0.01940	0.02299	0.08621	0.08190	0.64438	0.02155	0.01006	0.00287	0.00431	0.01796	0.00790	0.00718
13	0.02106	0.02022	0.03454	0.05223	0.64784	0.02022	0.02612	0.02612	0.01938	0.02780	0.01601	0.02106	0.01348	0.00758	0.00842	0.00253	0.01011	0.00758	0.00421	0.01348
14	0.10527	0.01730	0.01654	0.01433	0.01871	0.05597	0.01132	0.17305	0.17927	0.03810	0.02509	0.02603	0.01904	0.01011	0.00728	0.00244	0.00694	0.00778	0.25425	0.01118
15	0.06572	0.03677	0.02380	0.02105	0.02586	0.53443	0.01606	0.12707	0.02621	0.02687	0.01426	0.01609	0.01144	0.00896	0.00770	0.00227	0.01398	0.00579	0.00508	0.01057
16	0.01072	0.00865	0.00953	0.00931	0.01190	0.00746	0.00698	0.01349	0.02095	0.02668	0.27086	0.07582	0.45743	0.02018	0.01005	0.00281	0.00421	0.01711	0.00839	0.00746
17	0.01852	0.01702	0.02840	0.17377	0.39689	0.01780	0.02305	0.02347	0.01894	0.02608	0.02181	0.03684	0.02036	0.01106	0.00913	0.00288	0.00989	0.12774	0.00487	0.01149
18	0.01864	0.22660	0.48798	0.02158	0.03270	0.02360	0.02679	0.02655	0.01778	0.02504	0.01432	0.01678	0.01082	0.00786	0.00736	0.00245	0.01162	0.00581	0.00361	0.01212
19	0.01428	0.01223	0.01774	0.01652	0.01754	0.01570	0.01325	0.01693	0.01347	0.01999	0.01898	0.02857	0.01796	0.04778	0.45757	0.01041	0.24006	0.00857	0.00429	0.00816
20	0.03134	0.02286	0.02446	0.01887	0.02538	0.02526	0.01555	0.58274	0.03865	0.05229	0.02088	0.02112	0.01492	0.01020	0.00836	0.00252	0.00903	0.00768	0.05381	0.01407
21	0.09698	0.02566	0.02414	0.01986	0.02464	0.16199	0.01608	0.31914	0.02883	0.03854	0.01622	0.01837	0.01257	0.01064	0.01194	0.00272	0.14647	0.00687	0.00637	0.01197
22	0.01932	0.02402	0.11075	0.03058	0.03709	0.02267	0.37499	0.02522	0.01777	0.02522	0.01521	0.02112	0.01216	0.00955	0.01510	0.00310	0.21224	0.00886	0.00405	0.01096
23	0.01238	0.00825	0.00928	0.00928	0.00928	0.00825	0.00516	0.01238	0.01238	0.01650	0.02681	0.05569	0.03094	0.70092	0.04331	0.00825	0.00825	0.01238	0.00516	0.00516
24	0.03179	0.04056	0.02412	0.02192	0.02631	0.66676	0.01644	0.03398	0.02412	0.02083	0.01315	0.01535	0.01096	0.00877	0.00767	0.00219	0.01535	0.00548	0.00438	0.00987
25	0.02961	0.02247	0.02399	0.01903	0.02534	0.02511	0.01551	0.47852	0.18542	0.04921	0.02392	0.02321	0.01730	0.01054	0.00855	0.00264	0.00872	0.00814	0.00855	0.01423
26	0.01586	0.00793	0.00793	0.00793	0.00991	0.00793	0.00595	0.01983	0.01785	0.03173	0.02776	0.03173	0.02181	0.00991	0.00595	0.00198	0.00397	0.00793	0.74817	0.00793
27	0.01887	0.25432	0.46235	0.02118	0.03207	0.02418	0.02608	0.02648	0.01775	0.02475	0.01418	0.01660	0.01082	0.00783	0.00725	0.00242	0.01147	0.00574	0.00361	0.01205
28	0.01006	0.00862	0.00862	0.00862	0.01149	0.00718	0.00647	0.01221	0.01940	0.02299	0.08621	0.08190	0.64438	0.02155	0.01006	0.00287	0.00431	0.01796	0.00790	0.00718
29	0.76103	0.01646	0.01251	0.01119	0.01646	0.01909	0.00922	0.02502	0.01448	0.03818	0.01185	0.01382	0.00922	0.00790	0.00527	0.00263	0.00658	0.00461	0.00527	0.00922
30	0.01006	0.00862	0.00862	0.00862	0.01149	0.00718	0.00647	0.01221	0.01940	0.02299	0.08621	0.08190	0.64438	0.02155	0.01006	0.00287	0.00431	0.01796	0.00790	0.00718
31	0.01012	0.00837	0.00888	0.00929	0.01167	0.00713	0.00676	0.01214	0.01876	0.02273	0.07811	0.20834	0.52317	0.02261	0.01022	0.00299	0.00444	0.01924	0.00790	0.00713
32	0.01047	0.00745	0.00984	0.01172	0.01219	0.00698	0.00776	0.01188	0.01610	0.02146	0.04589	0.66316	0.05501	0.06062	0.01250	0.00370	0.00510	0.02360	0.00776	0.00682
33	0.02106	0.02022	0.03454	0.05223	0.64784	0.02022	0.02612	0.02612	0.01938	0.02780	0.01601	0.02106	0.01348	0.00758	0.00842	0.00253	0.01011	0.00758	0.00421	0.01348
34	0.01586	0.00793	0.00793	0.00793	0.00991	0.00793	0.00595	0.01983	0.01785	0.03173	0.02776	0.03173	0.02181	0.00991	0.00595	0.00198	0.00397	0.00793	0.74817	0.00793
35	0.01148	0.00788	0.00955	0.01042	0.01064	0.00766	0.00638	0.01214	0.01412	0.01882	0.03574	0.34006	0.04221	0.40118	0.02889	0.00612	0.00678	0.01763	0.00638	0.00594
36	0.01027	0.00779	0.00948	0.01082	0.01207	0.00700	0.00744	0.01197	0.01728	0.02213	0.05939	0.50050	0.24310	0.02504	0.01061	0.00327	0.00474	0.02221	0.00790	0.00700
37	0.02106	0.02022	0.03454	0.05223	0.64784	0.02022	0.02612	0.02612	0.01938	0.02780	0.01601	0.02106	0.01348	0.00758	0.00842	0.00253	0.01011	0.00758	0.00421	0.01348
38	0.01006	0.00862	0.00862	0.00862	0.01149	0.00718	0.00647	0.01221	0.01940	0.02299	0.08621	0.08190	0.64438	0.02155	0.01006	0.00287	0.00431	0.01796	0.00790	0.00718
39	0.02344	0.02495	0.03152	0.07694	0.46515	0.17884	0.02362	0.02782	0.02042	0.02578	0.01526	0.01974	0.01275	0.00792	0.00824	0.00246	0.01146	0.00707	0.00423	0.01239
40	0.01221	0.00952	0.01257	0.08549	0.01810	0.00924	0.01004	0.01596	0.02168	0.02914	0.37398	0.06701	0.20223	0.01808	0.01007	0.00288	0.00534	0.08027	0.00823	0.00797
41	0.02749	0.17338	0.02968	0.02383	0.09434	0.40368	0.01734	0.03008	0.02113	0.02141	0.01301	0.01594	0.01125	0.00891	0.00921	0.00230	0.07671	0.00571	0.00415	0.01043
42	0.02275	0.70604	0.04459	0.01456	0.02184	0.03367	0.01456	0.02548	0.01729	0.02002	0.01183	0.01365	0.01092	0.00728	0.00546	0.00182	0.00910	0.00455	0.00364	0.01092
43	0.01342	0.01121	0.01252	0.01135	0.01522	0.00982	0.00853	0.01832	0.08666	0.02542	0.05291	0.18722	0.28064	0.01736	0.00905	0.00256	0.00525	0.01482	0.00721	0.21049
44	0.02297	0.09905	0.08496	0.01922	0.02440	0.21319	0.08208	0.06275	0.02086	0.02651	0.01778	0.02127	0.01431	0.01124	0.03468	0.00279	0.04786	0.00692	0.17703	0.01013
45	0.01190	0.00923	0.01107	0.01207	0.01396	0.00886	0.00904	0.01614	0.07570	0.02409	0.05744	0.33656	0.23195	0.02311	0.01057	0.00331	0.00544	0.12382	0.00796	0.00778
46	0.01070	0.00865	0.00951	0.00929	0.01189	0.00746	0.00697	0.01345	0.02091	0.02657	0.26535	0.07601	0.46301	0.02022	0.01005	0.00281	0.00422	0.01713	0.00837	0.00746
47	0.03114	0.03751	0.02438	0.02169	0.02610	0.56065	0.01653	0.09856	0.02529	0.02447	0.01386	0.01609	0.01136	0.00926	0.00886	0.00232	0.05094	0.00583	0.00481	0.01035
48	0.01655	0.01408	0.01494	0.01392	0.01770	0.01522	0.01065	0.03131	0.37025	0.03081	0.08850	0.08836	0.22125	0.01587	0.00930	0.00290	0.00572	0.01340	0.00843	0.01082
49	0.01037	0.00741	0.00987	0.01185	0.01234	0.00691	0.00790	0.01185	0.01629	0.02172	0.04690	0.69537	0.05629	0.02666	0.01086	0.00346	0.00494	0.02419	0.00790	0.00691
50	0.01078	0.00758	0.00975	0.01132	0.01171	0.00719	0.00733	0.01196	0.01549	0.02065	0.04276	0.56352	0.05106	0.16564	0.01755	0.00444	0.00562	0.02176	0.00733	0.00655
51	0.01960	0.02080	0.03302	0.02626	0.02895	0.05154	0.19274	0.02302	0.01555	0.02247	0.01301	0.01974	0.01167	0.01239	0.02187	0.00341	0.46195	0.00812	0.00392	0.00996
52	0.01833	0.01888	0.02963	0.02402	0.02677	0.05398	0.17092	0.02182	0.01554	0.02209	0.01522	0.02262	0.01369	0.02268	0.15406	0.00548	0.34227	0.00836	0.00408	0.00954
53	0.01224	0.00880	0.01204	0.01204	0.01300	0.00975	0.00860	0.01415	0.01319	0.01855	0.02429	0.04171	0.02487	0.30069	0.43525	0.01166	0.01739	0.01033	0.00478	0.00669
54	0.01238	0.00825	0.00928	0.00928	0.00928	0.00825	0.00516	0.01238	0.01238	0.01650	0.02681	0.05569	0.03094	0.70092	0.04331	0.00825	0.00825	0.01238	0.00516	0.00516
55	0.01971	0.01884	0.03209	0.22296	0.48771	0.01986	0.02544	0.02493	0.01874	0.02616	0.01577	0.02150	0.01290	0.00783	0.00845	0.00261	0.01045	0.00758	0.00410	0.01239
56	0.01607	0.01513	0.02552	0.68047	0.05861	0.01891	0.02363	0.02174	0.01702	0.02174	0.01513	0.02269	0.01134	0.00851	0.00851	0.00284	0.01134	0.00756	0.00378	0.00945
57	0.03179	0.04056	0.02412	0.02192	0.02631	0.66676	0.01644	0.03398	0.02412	0.02083	0.01315	0.01535	0.01096	0.00877	0.00767	0.00219	0.01535	0.00548	0.00438	0.00987
58	0.01363	0.00974	0.01359	0.01542	0.01738	0.00970	0.01342	0.01755	0.01982	0.02591	0.07567	0.09433	0.05058	0.02320	0.01167	0.00385	0.00764	0.56113	0.00791	0.00785
59	0.02081	0.01997	0.03409	0.08351	0.61850	0.02015	0.02599	0.02590	0.01926	0.02750	0.01596	0.02114	0.01337	0.00763	0.00843	0.00254	0.01017	0.00758	0.00419	0.01328
60	0.01238	0.00825	0.00928	0.00928	0.00928	0.00825	0.00516	0.01238	0.01238	0.01650	0.02681	0.05569	0.03094	0.70092	0.04331	0.00825	0.00825	0.01238	0.00516	0.00516
61	0.03235	0.02384	0.02554	0.01958	0.02639	0.02639	0.01618	0.61946	0.04001	0.05363	0.02043	0.02043	0.01447	0.01022	0.00851	0.00255	0.00936	0.00766	0.00851	0.01447
62	0.01807	0.02007	0.04184	0.03038	0.03784	0.01863	0.49403	0.02423	0.01995	0.02640	0.03111	0.03482	0.14004	0.01007	0.01005	0.00287	0.01233	0.01164	0.00503	0.01061
63	0.01216	0.00912	0.01368	0.01368	0.01520	0.01064	0.01064	0.01520	0.01368	0.01976	0.02279	0.03343	0.02127	0.06382	0.66720	0.01368	0.02279	0.00912	0.00456	0.00760
64	0.76103	0.01646	0.01251	0.01119	0.01646	0.01909	0.00922	0.02502	0.01448	0.03818	0.01185	0.01382	0.00922	0.00790	0.00527	0.00263	0.00658	0.00461	0.00527	0.00922
65	0.03050	0.02292	0.02450	0.01921	0.02568	0.02553	0.01573	0.52433	0.13816	0.05065	0.02279	0.02231	0.01638	0.01044	0.00854	0.00261	0.00893	0.00799	0.00854	0.01431
66	0.01037	0.00741	0.00987	0.01185	0.01234	0.00691	0.00790	0.01185	0.01629	0.02172	0.04690	0.69537	0.05629	0.02666	0.01086	0.00346	0.00494	0.02419	0.00790	0.00691
67	0.01216	0.00912	0.01368	0.01368	0.01520	0.01064	0.01064	0.01520	0.01368	0.01976	0.02279	0.03343	0.02127	0.06382	0.66720	0.01368	0.02279	0.00912	0.00456	0.00760
68	0.01192	0.00869	0.01121	0.01058	0.01264	0.00798	0.00793	0.01582	0.02380	0.03344	0.60923	0.06469	0.11484	0.01765	0.01004	0.00269	0.00403	0.01555	0.00928	0.00798
69	0.01037	0.00741	0.00987	0.01185	0.01234	0.00691	0.00790	0.01185	0.01629	0.02172	0.04690	0.69537	0.05629	0.02666	0.01086	0.00346	0.00494	0.02419	0.00790	0.00691
70	0.02574	0.03052	0.02102	0.01937	0.02274	0.44893	0.01471	0.02819	0.02079	0.02102	0.01599	0.02055	0.01391	0.02233	0.16676	0.00501	0.05038	0.00656	0.03628	0.00921
71	0.03147	0.01566	0.01914	0.01511	0.02043	0.01525	0.01198	0.18564	0.02601	0.36968	0.02880	0.03213	0.02134	0.14944	0.01554	0.00374	0.00800	0.00909	0.00893	0.01260
72	0.01238	0.00825	0.00928	0.00928	0.00928	0.00825	0.00516	0.01238	0.01238	0.01650	0.02681	0.05569	0.03094	0.70092	0.04331	0.00825	0.00825	0.01238	0.00516	0.00516
73	0.03445	0.01903	0.02239	0.01732	0.02390	0.01944	0.01426	0.30809	0.06881	0.33930	0.02758	0.02520	0.01833	0.01045	0.00854	0.00261	0.00819	0.00821	0.00949	0.01442
74	0.02106	0.02022	0.03454	0.05223	0.64784	0.02022	0.02612	0.02612	0.01938	0.02780	0.01601	0.02106	0.01348	0.00758	0.00842	0.00253	0.01011	0.00758	0.00421	0.01348
75	0.01238	0.00768	0.00950	0.01045	0.01108	0.00745	0.00688	0.01348	0.01522	0.02189	0.03533	0.35524	0.03949	0.16259	0.01906	0.08769	0.00570	0.01661	0.15590	0.00640
76	0.02655	0.02712	0.02737	0.03199	0.26368	0.25311	0.01926	0.08967	0.02325	0.05790	0.01618	0.01895	0.01294	0.00829	0.00794	0.00228	0.01139	0.00661	0.00510	0.09041

[dist]
# distance from previous block
# <min> <max>
0	2

[block]
# block no. 3 follows, 21 sequences, length 40
# corresponding to MSA columns:
# 251-290
name=unknown_D
#
# <colnr> <probs for GDERKNQSTAVLIFYWHMCP>
#	G	D	E	R	K	N	Q	S	T	A	V	L	I	F	Y	W	H	M	C	P
0	0.01037	0.00741	0.00987	0.01185	0.01234	0.00691	0.00790	0.01185	0.01629	0.02172	0.04690	0.69537	0.05629	0.02666	0.01086	0.00346	0.00494	0.02419	0.00790	0.00691
1	0.01037	0.00741	0.00987	0.01185	0.01234	0.00691	0.00790	0.01185	0.01629	0.02172	0.04690	0.69537	0.05629	0.02666	0.01086	0.00346	0.00494	0.02419	0.00790	0.00691
2	0.01765	0.01513	0.01765	0.01260	0.02017	0.01134	0.01008	0.02143	0.01765	0.02773	0.01513	0.01765	0.01260	0.00630	0.00630	0.00126	0.00630	0.00504	0.00504	0.75295
3	0.01895	0.02841	0.23650	0.02979	0.16006	0.08347	0.12459	0.02527	0.01841	0.02518	0.01699	0.02218	0.01374	0.01863	0.13534	0.00475	0.01461	0.00766	0.00411	0.01135
4	0.02088	0.02527	0.08311	0.02229	0.02547	0.18016	0.06958	0.02418	0.01691	0.02163	0.01428	0.02034	0.01274	0.01940	0.11485	0.00466	0.30320	0.00733	0.00405	0.00967
5	0.01554	0.03375	0.46761	0.02080	0.03030	0.01643	0.02520	0.02337	0.01827	0.02608	0.02852	0.06684	0.08651	0.01254	0.00894	0.00292	0.01067	0.08979	0.00485	0.01107
6	0.03123	0.03938	0.02386	0.02168	0.02609	0.63249	0.01629	0.03458	0.05641	0.02161	0.01429	0.01622	0.01176	0.00892	0.00773	0.00223	0.01489	0.00570	0.00461	0.01006
7	0.02537	0.02959	0.02421	0.02680	0.15921	0.38956	0.01734	0.02836	0.02091	0.02212	0.01578	0.02035	0.01366	0.01997	0.14508	0.00466	0.01576	0.00669	0.00438	0.01018
8	0.01188	0.00804	0.00943	0.00992	0.01004	0.00792	0.00583	0.01225	0.01334	0.01779	0.03178	0.21380	0.03720	0.53426	0.03529	0.00707	0.00743	0.01530	0.00583	0.00559
9	0.02106	0.02022	0.03454	0.05223	0.64784	0.02022	0.02612	0.02612	0.01938	0.02780	0.01601	0.02106	0.01348	0.00758	0.00842	0.00253	0.01011	0.00758	0.00421	0.01348
10	0.01037	0.00741	0.00987	0.01185	0.01234	0.00691	0.00790	0.01185	0.01629	0.02172	0.04690	0.69537	0.05629	0.02666	0.01086	0.00346	0.00494	0.02419	0.00790	0.00691
11	0.01037	0.00741	0.00987	0.01185	0.01234	0.00691	0.00790	0.01185	0.01629	0.02172	0.04690	0.69537	0.05629	0.02666	0.01086	0.00346	0.00494	0.02419	0.00790	0.00691
12	0.01877	0.01098	0.01130	0.01025	0.01315	0.01153	0.00795	0.11790	0.05002	0.03545	0.02690	0.02990	0.02082	0.01004	0.00649	0.00212	0.00497	0.00797	0.59425	0.00925
13	0.03064	0.01948	0.02186	0.01708	0.02283	0.02067	0.01374	0.40327	0.03249	0.17865	0.02424	0.02754	0.01836	0.11319	0.01371	0.00342	0.00874	0.00856	0.00845	0.01309
14	0.02324	0.46384	0.03769	0.01728	0.02261	0.12641	0.01569	0.02571	0.01742	0.02024	0.01189	0.01494	0.01098	0.00909	0.01047	0.00227	0.15076	0.00529	0.00377	0.01043
15	0.01031	0.00863	0.00897	0.00888	0.01165	0.00729	0.00666	0.01270	0.01999	0.02439	0.15631	0.07959	0.57341	0.02103	0.01006	0.00285	0.00427	0.01764	0.00809	0.00729
16	0.01079	0.00773	0.01025	0.01156	0.01244	0.00719	0.00793	0.01291	0.01825	0.02484	0.19696	0.53642	0.06233	0.02433	0.01065	0.00326	0.00471	0.02198	0.00827	0.00719
17	0.02115	0.02226	0.04050	0.04415	0.37229	0.04995	0.26801	0.02694	0.01988	0.02726	0.01637	0.02158	0.01313	0.00747	0.00905	0.00265	0.01208	0.00850	0.00426	0.01250
18	0.02189	0.02178	0.03374	0.04991	0.60010	0.06988	0.02537	0.02672	0.01974	0.02727	0.01579	0.02062	0.01329	0.00767	0.00837	0.00250	0.01051	0.00742	0.00423	0.01320
19	0.01039	0.00806	0.00950	0.01060	0.01222	0.00717	0.00754	0.01228	0.01782	0.02246	0.06420	0.39589	0.31596	0.02425	0.01055	0.00322	0.00480	0.04813	0.00790	0.00708
20	0.06573	0.33552	0.03297	0.01808	0.02321	0.25691	0.01551	0.02778	0.01897	0.02136	0.01221	0.01496	0.01088	0.00891	0.00938	0.00226	0.10584	0.00529	0.00401	0.01023
21	0.02409	0.12909	0.02659	0.02520	0.15230	0.31086	0.01653	0.02682	0.02061	0.02233	0.02005	0.14720	0.02021	0.01175	0.00811	0.00245	0.01132	0.00938	0.00491	0.01021
22	0.01202	0.00835	0.00942	0.00942	0.00993	0.00822	0.00565	0.01251	0.01349	0.01765	0.03544	0.05838	0.12180	0.56489	0.07245	0.00775	0.00846	0.01303	0.00553	0.00559
23	0.01855	0.21658	0.49724	0.02173	0.03293	0.02339	0.02704	0.02657	0.01779	0.02514	0.01438	0.01684	0.01082	0.00788	0.00740	0.00247	0.01167	0.00584	0.00361	0.01215
24	0.01203	0.00831	0.00918	0.00918	0.00961	0.00809	0.00535	0.01235	0.01342	0.01747	0.03566	0.05959	0.12233	0.59971	0.03836	0.00745	0.00766	0.01321	0.00557	0.00546
25	0.02106	0.02022	0.03454	0.05223	0.64784	0.02022	0.02612	0.02612	0.01938	0.02780	0.01601	0.02106	0.01348	0.00758	0.00842	0.00253	0.01011	0.00758	0.00421	0.01348
26	0.03022	0.03825	0.02300	0.02096	0.02524	0.61916	0.01572	0.03241	0.02378	0.02098	0.01843	0.02015	0.05668	0.00969	0.00785	0.00224	0.01455	0.00638	0.00464	0.00967
27	0.01029	0.00809	0.00931	0.01015	0.01193	0.00711	0.00718	0.01224	0.01825	0.02298	0.09612	0.35254	0.35643	0.02361	0.01041	0.00312	0.00457	0.02059	0.00797	0.00711
28	0.01623	0.00943	0.00995	0.00890	0.01205	0.00864	0.00681	0.02016	0.01780	0.03090	0.02513	0.02880	0.01990	0.00916	0.00602	0.00183	0.00445	0.00733	0.59352	0.16297
29	0.01041	0.00764	0.00978	0.01134	0.01224	0.00701	0.00771	0.01212	0.01714	0.02255	0.08375	0.57630	0.13986	0.02546	0.01071	0.00333	0.00480	0.02286	0.00798	0.00701
30	0.01095	0.00881	0.00986	0.01003	0.01262	0.00772	0.00782	0.01369	0.02024	0.02529	0.17675	0.08082	0.45780	0.02112	0.01031	0.00300	0.00478	0.10282	0.00815	0.00743
31	0.01677	0.00881	0.00890	0.00858	0.01083	0.00895	0.00651	0.05297	0.01907	0.03294	0.02736	0.03110	0.02141	0.00993	0.00609	0.00201	0.00426	0.00792	0.70729	0.00829
32	0.03179	0.04056	0.02412	0.02192	0.02631	0.66676	0.01644	0.03398	0.02412	0.02083	0.01315	0.01535	0.01096	0.00877	0.00767	0.00219	0.01535	0.00548	0.00438	0.00987
33	0.01216	0.00912	0.01368	0.01368	0.01520	0.01064	0.01064	0.01520	0.01368	0.01976	0.02279	0.03343	0.02127	0.06382	0.66720	0.01368	0.02279	0.00912	0.00456	0.00760
34	0.02422	0.01446	0.01730	0.01473	0.01900	0.01448	0.01154	0.20732	0.02689	0.18870	0.12604	0.20242	0.06401	0.01602	0.00941	0.00283	0.00670	0.01367	0.00895	0.01128
35	0.03235	0.02384	0.02554	0.01958	0.02639	0.02639	0.01618	0.61946	0.04001	0.05363	0.02043	0.02043	0.01447	0.01022	0.00851	0.00255	0.00936	0.00766	0.00851	0.01447
36	0.10644	0.02180	0.02343	0.01812	0.02475	0.02374	0.01497	0.47967	0.03528	0.13514	0.02139	0.02095	0.01486	0.01003	0.00819	0.00257	0.00879	0.00748	0.00847	0.01395
37	0.01037	0.00741	0.00987	0.01185	0.01234	0.00691	0.00790	0.01185	0.01629	0.02172	0.04690	0.69537	0.05629	0.02666	0.01086	0.00346	0.00494	0.02419	0.00790	0.00691
38	0.01216	0.00912	0.01368	0.01368	0.01520	0.01064	0.01064	0.01520	0.01368	0.01976	0.02279	0.03343	0.02127	0.06382	0.66720	0.01368	0.02279	0.00912	0.00456	0.00760
39	0.02673	0.02597	0.02188	0.05397	0.02531	0.24644	0.01503	0.24269	0.06008	0.03374	0.02313	0.14137	0.02124	0.01266	0.00865	0.00262	0.01063	0.00998	0.00671	0.01117

[dist]
# distance from previous block
# <min> <max>
0	1

[block]
# block no. 4 follows, 21 sequences, length 21
# corresponding to MSA columns:
# 292-312
name=unknown_E
#
# <colnr> <probs for GDERKNQSTAVLIFYWHMCP>
#	G	D	E	R	K	N	Q	S	T	A	V	L	I	F	Y	W	H	M	C	P
0	0.01480	0.01089	0.01252	0.01191	0.01333	0.01177	0.00805	0.04548	0.12549	0.02211	0.02728	0.04615	0.02772	0.44100	0.13871	0.00793	0.01043	0.01113	0.00584	0.00747
1	0.03033	0.14966	0.02758	0.02057	0.02557	0.52572	0.01612	0.06581	0.02389	0.02256	0.01335	0.01535	0.01115	0.00861	0.00736	0.00215	0.01397	0.00545	0.00450	0.01030
2	0.01895	0.01796	0.02997	0.31760	0.36706	0.01971	0.02445	0.02518	0.04806	0.02560	0.01653	0.02227	0.01318	0.00817	0.00847	0.00268	0.01047	0.00767	0.00424	0.01177
3	0.01792	0.01901	0.12342	0.02027	0.10067	0.01552	0.01576	0.10671	0.07328	0.02906	0.06650	0.04438	0.05186	0.18747	0.01783	0.00424	0.00876	0.08099	0.00626	0.01008
4	0.01409	0.00992	0.01274	0.01237	0.01386	0.01084	0.00900	0.06637	0.01604	0.02271	0.02583	0.08579	0.02602	0.23736	0.33600	0.00959	0.01481	0.01093	0.05827	0.00746
5	0.01091	0.00913	0.00956	0.00936	0.01221	0.00802	0.00705	0.01445	0.05140	0.02522	0.16293	0.07673	0.53243	0.02045	0.00998	0.00285	0.00439	0.01717	0.00815	0.00763
6	0.02288	0.01756	0.02432	0.24557	0.07429	0.02057	0.01876	0.10524	0.12229	0.11832	0.02108	0.02403	0.01566	0.01049	0.01167	0.00290	0.11846	0.00804	0.00617	0.01171
7	0.03017	0.03594	0.02338	0.02095	0.02536	0.53686	0.01591	0.09962	0.02505	0.02450	0.01482	0.01748	0.01225	0.01366	0.06441	0.00322	0.01530	0.00604	0.00487	0.01020
8	0.01241	0.00850	0.01019	0.01019	0.01087	0.00833	0.00662	0.01376	0.01597	0.02174	0.18487	0.06115	0.04502	0.46925	0.03216	0.00646	0.00714	0.06280	0.00646	0.00612
9	0.01073	0.00865	0.00956	0.00933	0.01191	0.00747	0.00700	0.01352	0.02099	0.02677	0.27547	0.07567	0.45276	0.02014	0.01005	0.00281	0.00421	0.01709	0.00840	0.00747
10	0.01782	0.03879	0.50623	0.02714	0.03873	0.02020	0.17680	0.02703	0.01849	0.02703	0.01575	0.01921	0.01131	0.00786	0.00857	0.00274	0.01302	0.00722	0.00377	0.01230
11	0.01978	0.02475	0.12064	0.12864	0.15572	0.04666	0.32446	0.02649	0.01941	0.02628	0.01628	0.02162	0.01244	0.00762	0.00918	0.00275	0.01295	0.00857	0.00412	0.01163
12	0.01043	0.00864	0.00913	0.00901	0.01172	0.00734	0.00676	0.01293	0.02027	0.02506	0.18966	0.07850	0.53964	0.02078	0.01005	0.00284	0.00426	0.01748	0.00817	0.00734
13	0.01586	0.00793	0.00793	0.00793	0.00991	0.00793	0.00595	0.01983	0.01785	0.03173	0.02776	0.03173	0.02181	0.00991	0.00595	0.00198	0.00397	0.00793	0.74817	0.00793
14	0.02994	0.03228	0.02453	0.02266	0.06479	0.38365	0.01661	0.18349	0.10326	0.03142	0.01784	0.01903	0.01387	0.00941	0.00806	0.00239	0.01243	0.00668	0.00595	0.01171
15	0.01266	0.00916	0.01182	0.01160	0.01215	0.01013	0.00789	0.01385	0.01288	0.01789	0.02448	0.04560	0.02635	0.43357	0.26567	0.00993	0.05233	0.01093	0.00486	0.00627
16	0.01049	0.00750	0.00998	0.01177	0.01237	0.00699	0.00791	0.01215	0.01685	0.02261	0.08962	0.65012	0.05800	0.02600	0.01080	0.00340	0.00487	0.02356	0.00800	0.00699
