[name]
unknown

[dist]
# distance from previous block
# <min> <max>
0	14

[block]
# block no. 0 follows, 20 sequences, length 11
# corresponding to MSA columns:
# 14-24
name=unknown_A
#
# <colnr> <probs for GDERKNQSTAVLIFYWHMCP>
#	G	D	E	R	K	N	Q	S	T	A	V	L	I	F	Y	W	H	M	C	P
0	0.01297	0.00969	0.01254	0.01396	0.01624	0.00926	0.01190	0.01646	0.02002	0.02537	0.05845	0.09419	0.22036	0.02351	0.01154	0.00370	0.00698	0.41696	0.00805	0.00784
1	0.01809	0.01550	0.01809	0.01292	0.02067	0.01163	0.01034	0.02196	0.01809	0.02842	0.01550	0.01809	0.01292	0.00646	0.00646	0.00129	0.00646	0.00517	0.00517	0.74677
2	0.02718	0.01991	0.02166	0.01815	0.02390	0.02216	0.01449	0.20973	0.38013	0.11700	0.03114	0.02882	0.02258	0.01131	0.00882	0.00283	0.00775	0.00914	0.00907	0.01423
3	0.01036	0.00863	0.00905	0.00939	0.01193	0.00732	0.00687	0.01246	0.01935	0.02335	0.08159	0.18553	0.53829	0.02297	0.01045	0.00305	0.00453	0.01948	0.00810	0.00732
4	0.53864	0.01417	0.01204	0.01167	0.01564	0.01594	0.00905	0.02172	0.01538	0.03423	0.02259	0.20999	0.02347	0.01369	0.00707	0.00294	0.00626	0.01056	0.00618	0.00876
5	0.01630	0.02584	0.23753	0.02227	0.02928	0.01796	0.13848	0.02218	0.01843	0.02539	0.03649	0.03861	0.19310	0.01329	0.01270	0.00303	0.12260	0.01090	0.00514	0.01049
6	0.02515	0.02540	0.02818	0.21906	0.19547	0.18979	0.02152	0.13598	0.02437	0.02973	0.01622	0.02041	0.01269	0.00887	0.00847	0.00260	0.01200	0.00721	0.00506	0.01183
7	0.02631	0.02438	0.03140	0.03997	0.38555	0.10130	0.02258	0.19731	0.02661	0.03531	0.01736	0.02068	0.01379	0.00871	0.00857	0.00256	0.01080	0.00753	0.00562	0.01366
8	0.01253	0.00909	0.01271	0.01271	0.01381	0.01019	0.00927	0.01474	0.01363	0.01928	0.02456	0.04090	0.02469	0.24800	0.48024	0.01240	0.01903	0.01032	0.00485	0.00706
9	0.01926	0.01687	0.02428	0.36920	0.07353	0.01814	0.01937	0.09497	0.02066	0.02842	0.01622	0.02138	0.01251	0.00823	0.00806	0.00239	0.00981	0.00701	0.00487	0.22482
10	0.02376	0.21095	0.13515	0.20878	0.03648	0.10164	0.02048	0.02868	0.01966	0.11188	0.01706	0.01989	0.01279	0.00863	0.00769	0.00249	0.01111	0.00657	0.00487	0.01143

[dist]
# distance from previous block
# <min> <max>
0	4

[block]
# block no. 1 follows, 20 sequences, length 35
# corresponding to MSA columns:
# 29-63
name=unknown_B
#
# <colnr> <probs for GDERKNQSTAVLIFYWHMCP>
#	G	D	E	R	K	N	Q	S	T	A	V	L	I	F	Y	W	H	M	C	P
0	0.01309	0.00913	0.01075	0.01033	0.01114	0.00901	0.00637	0.01378	0.01328	0.01824	0.02602	0.05119	0.02900	0.56247	0.11522	0.00855	0.01009	0.01168	0.00520	0.06545
1	0.01134	0.00921	0.01015	0.01068	0.01296	0.00843	0.00771	0.01512	0.06751	0.02417	0.07037	0.28560	0.38940	0.02305	0.01047	0.00315	0.00484	0.01990	0.00816	0.00779
2	0.02319	0.64380	0.04361	0.01515	0.02241	0.03348	0.01484	0.02775	0.06661	0.02181	0.01401	0.01549	0.01244	0.00782	0.00586	0.00195	0.00913	0.00508	0.00415	0.01140
3	0.02332	0.69869	0.04571	0.01493	0.02239	0.03451	0.01493	0.02612	0.01772	0.02052	0.01213	0.01399	0.01119	0.00746	0.00560	0.00187	0.00933	0.00466	0.00373	0.01119
4	0.03175	0.01848	0.02149	0.01737	0.02356	0.01927	0.01406	0.18023	0.23283	0.29571	0.03155	0.02856	0.02168	0.01107	0.00880	0.00277	0.00777	0.00892	0.00964	0.01449
5	0.01613	0.01513	0.02519	0.63526	0.05737	0.01871	0.02324	0.02174	0.01758	0.02236	0.01959	0.02666	0.04662	0.00947	0.00881	0.00291	0.01122	0.00835	0.00411	0.00956
6	0.03272	0.03745	0.02507	0.02189	0.02699	0.50665	0.01679	0.17308	0.02864	0.02943	0.01528	0.01698	0.01210	0.00935	0.00807	0.00234	0.01426	0.00616	0.00551	0.01125
7	0.01255	0.00900	0.01227	0.01227	0.01322	0.00995	0.00872	0.01445	0.01350	0.01895	0.02497	0.04314	0.02566	0.30964	0.41992	0.01186	0.01757	0.01064	0.00491	0.00681
8	0.02159	0.02073	0.03541	0.05354	0.63903	0.02073	0.02677	0.02677	0.01986	0.02850	0.01641	0.02159	0.01382	0.00777	0.00864	0.00259	0.01036	0.00777	0.00432	0.01382
9	0.01647	0.01550	0.02616	0.67248	0.06008	0.01938	0.02422	0.02229	0.01744	0.02229	0.01550	0.02326	0.01163	0.00872	0.00872	0.00291	0.01163	0.00775	0.00388	0.00969
10	0.02159	0.02073	0.03541	0.05354	0.63903	0.02073	0.02677	0.02677	0.01986	0.02850	0.01641	0.02159	0.01382	0.00777	0.00864	0.00259	0.01036	0.00777	0.00432	0.01382
11	0.03316	0.02443	0.02618	0.02007	0.02705	0.02705	0.01658	0.60995	0.04101	0.05497	0.02094	0.02094	0.01483	0.01047	0.00873	0.00262	0.00960	0.00785	0.00873	0.01483
12	0.01031	0.00884	0.00884	0.00884	0.01178	0.00736	0.00663	0.01252	0.01988	0.02356	0.08837	0.08395	0.63549	0.02209	0.01031	0.00295	0.00442	0.01841	0.00810	0.00736
13	0.02332	0.69869	0.04571	0.01493	0.02239	0.03451	0.01493	0.02612	0.01772	0.02052	0.01213	0.01399	0.01119	0.00746	0.00560	0.00187	0.00933	0.00466	0.00373	0.01119
14	0.01750	0.04512	0.64825	0.02486	0.03775	0.02026	0.03223	0.02762	0.01842	0.02762	0.01565	0.01842	0.01105	0.00829	0.00829	0.00276	0.01289	0.00645	0.00368	0.01289
15	0.01994	0.02157	0.04116	0.03073	0.03643	0.02314	0.37248	0.02522	0.01795	0.02555	0.01539	0.02171	0.01260	0.01006	0.01646	0.00316	0.24441	0.00911	0.00424	0.04869
16	0.02192	0.54158	0.19055	0.01731	0.02608	0.03109	0.01908	0.02648	0.01789	0.02223	0.01297	0.01506	0.01116	0.00766	0.00624	0.00208	0.01018	0.00509	0.00372	0.01160
17	0.02181	0.52951	0.20168	0.01750	0.02637	0.03082	0.01940	0.02651	0.01790	0.02236	0.01304	0.01514	0.01116	0.00768	0.00629	0.00210	0.01025	0.00513	0.00372	0.01163
18	0.01378	0.00892	0.01197	0.01197	0.01370	0.00994	0.00923	0.01723	0.01550	0.02451	0.02513	0.03366	0.02200	0.04623	0.43223	0.00986	0.01666	0.00892	0.26064	0.00791
19	0.03302	0.02855	0.02583	0.02065	0.02703	0.17883	0.01665	0.47169	0.03710	0.04689	0.01915	0.01969	0.01397	0.01011	0.00852	0.00253	0.01107	0.00732	0.00771	0.01370
20	0.01097	0.00863	0.00912	0.00928	0.01125	0.00763	0.00639	0.01253	0.01771	0.02169	0.06889	0.12553	0.42795	0.20142	0.01946	0.00446	0.00555	0.01740	0.00735	0.00679
21	0.01233	0.00875	0.01113	0.01072	0.01227	0.00822	0.00760	0.01545	0.02176	0.03053	0.47734	0.09377	0.07039	0.16137	0.01755	0.00399	0.00508	0.01556	0.00861	0.00755
22	0.01934	0.19945	0.43097	0.02509	0.07712	0.02381	0.05556	0.02722	0.01846	0.02599	0.01496	0.01783	0.01139	0.00801	0.00776	0.00254	0.01194	0.00630	0.00378	0.01249
23	0.02262	0.62062	0.11769	0.01611	0.02422	0.03281	0.01699	0.02630	0.01781	0.02137	0.01255	0.01452	0.01118	0.00756	0.00592	0.00197	0.00975	0.00488	0.00373	0.01140
24	0.01110	0.00787	0.00990	0.01133	0.01185	0.00743	0.00734	0.01230	0.01592	0.02106	0.04543	0.50284	0.08415	0.18629	0.01904	0.00468	0.00584	0.02154	0.00743	0.00667
25	0.01066	0.00787	0.00985	0.01139	0.01234	0.00720	0.00768	0.01224	0.01712	0.02226	0.05481	0.54276	0.16691	0.05757	0.01254	0.00366	0.00510	0.02301	0.00797	0.00705
26	0.01246	0.00935	0.01402	0.01402	0.01558	0.01090	0.01090	0.01558	0.01402	0.02025	0.02336	0.03427	0.02181	0.06542	0.65888	0.01402	0.02336	0.00935	0.00467	0.00779
27	0.01060	0.00768	0.01003	0.01191	0.01259	0.00710	0.00799	0.01217	0.01693	0.02236	0.05094	0.64489	0.09870	0.02696	0.01108	0.00350	0.00502	0.02434	0.00810	0.00710
28	0.03047	0.03756	0.02678	0.02845	0.14478	0.53568	0.01876	0.03328	0.02378	0.02272	0.01405	0.01686	0.01173	0.00875	0.00801	0.00231	0.01470	0.00603	0.00446	0.01083
29	0.02477	0.02794	0.03612	0.03962	0.29839	0.21999	0.17014	0.02958	0.02156	0.02613	0.01581	0.02025	0.01287	0.00805	0.00881	0.00257	0.01313	0.00774	0.00440	0.01214
30	0.01808	0.11077	0.58772	0.02386	0.03621	0.02169	0.03049	0.02747	0.01835	0.02691	0.01530	0.01797	0.01106	0.00820	0.00802	0.00267	0.01253	0.00627	0.00369	0.01272
31	0.16314	0.02224	0.02576	0.25428	0.19880	0.14449	0.02062	0.02657	0.01900	0.02699	0.01470	0.01960	0.01171	0.00840	0.00789	0.00265	0.01115	0.00676	0.00441	0.01082
32	0.02279	0.02518	0.06149	0.13317	0.41097	0.14326	0.02477	0.02773	0.02039	0.02621	0.01568	0.02054	0.01288	0.00816	0.00848	0.00258	0.01170	0.00729	0.00426	0.01248
33	0.02610	0.26674	0.09169	0.02316	0.08654	0.28329	0.01873	0.02955	0.02058	0.02234	0.01339	0.01615	0.01147	0.00863	0.00837	0.00229	0.05012	0.00569	0.00410	0.01108
34	0.01887	0.02043	0.13762	0.01584	0.02161	0.01586	0.01488	0.19538	0.02642	0.03535	0.13099	0.09253	0.20713	0.01569	0.00950	0.00282	0.00761	0.01301	0.00766	0.01078

[dist]
# distance from previous block
# <min> <max>
0	12

[block]
# block no. 2 follows, 20 sequences, length 31
# corresponding to MSA columns:
# 76-106
name=unknown_C
#
# <colnr> <probs for GDERKNQSTAVLIFYWHMCP>
#	G	D	E	R	K	N	Q	S	T	A	V	L	I	F	Y	W	H	M	C	P
0	0.02333	0.02170	0.03559	0.02791	0.05384	0.02363	0.24749	0.19336	0.02443	0.03371	0.01765	0.02255	0.01396	0.01421	0.06123	0.00383	0.15521	0.00887	0.00554	0.01196
1	0.03124	0.03923	0.02530	0.02382	0.05272	0.59033	0.01742	0.03359	0.02378	0.02163	0.01348	0.01620	0.01136	0.00934	0.00925	0.00236	0.05844	0.00584	0.00444	0.01023
2	0.02278	0.09037	0.13494	0.01569	0.02184	0.01540	0.01502	0.02898	0.06173	0.20834	0.24353	0.03886	0.04063	0.01257	0.00890	0.00266	0.00741	0.01049	0.00820	0.01167
3	0.02051	0.02146	0.03998	0.06168	0.11981	0.02235	0.33255	0.02937	0.11074	0.02811	0.01924	0.02401	0.01503	0.00924	0.01232	0.00302	0.10426	0.00941	0.00497	0.01196
4	0.02750	0.03283	0.02645	0.02595	0.09193	0.40734	0.01857	0.02997	0.02092	0.02202	0.01321	0.01733	0.01158	0.01067	0.01394	0.00274	0.20599	0.00643	0.00428	0.01035
5	0.29737	0.20906	0.24751	0.01715	0.02577	0.02381	0.01901	0.02647	0.01688	0.03007	0.01339	0.01563	0.01048	0.00800	0.00648	0.00250	0.00962	0.00532	0.00434	0.01114
6	0.03175	0.10109	0.02662	0.02179	0.02655	0.60192	0.01668	0.03404	0.02409	0.02127	0.01336	0.01557	0.01123	0.00885	0.00766	0.00221	0.01515	0.00553	0.00443	0.01021
7	0.01115	0.00781	0.00997	0.01147	0.01185	0.00744	0.00738	0.01228	0.01567	0.02090	0.04281	0.52657	0.05105	0.19757	0.01963	0.00480	0.00593	0.02170	0.00738	0.00663
8	0.01235	0.00904	0.01224	0.01224	0.01345	0.00988	0.00887	0.01446	0.01411	0.01953	0.03003	0.04522	0.07610	0.24895	0.42150	0.01143	0.01734	0.01110	0.00514	0.00701
9	0.01618	0.01135	0.01500	0.01394	0.01697	0.01094	0.01136	0.02002	0.02165	0.07752	0.28845	0.06221	0.05371	0.01737	0.01153	0.00299	0.05601	0.17601	0.00821	0.10859
10	0.03143	0.03938	0.02584	0.02574	0.09127	0.59143	0.01790	0.03398	0.02421	0.02210	0.01379	0.01635	0.01151	0.00886	0.00795	0.00228	0.01517	0.00584	0.00448	0.01050
11	0.01239	0.01234	0.07810	0.01277	0.01552	0.00917	0.01071	0.01640	0.02174	0.03056	0.40127	0.23879	0.06776	0.01955	0.01032	0.00297	0.00531	0.01738	0.00855	0.00839
12	0.01766	0.04399	0.61696	0.02549	0.03816	0.02035	0.06238	0.02764	0.01853	0.02764	0.01576	0.01868	0.01116	0.00824	0.00839	0.00277	0.01299	0.00665	0.00372	0.01283
13	0.01063	0.00759	0.01012	0.01215	0.01265	0.00709	0.00810	0.01215	0.01670	0.02227	0.04808	0.68775	0.05769	0.02733	0.01113	0.00354	0.00506	0.02480	0.00810	0.00709
14	0.64633	0.01926	0.06184	0.01555	0.06402	0.01970	0.01241	0.02587	0.01548	0.03750	0.01272	0.01503	0.00989	0.00809	0.00585	0.00270	0.00747	0.00508	0.00519	0.01002
15	0.02666	0.01958	0.02155	0.01778	0.02290	0.02129	0.01413	0.43755	0.03400	0.04554	0.02877	0.21325	0.02719	0.01533	0.00942	0.00288	0.00829	0.01274	0.00854	0.01260
16	0.02682	0.01996	0.02163	0.01818	0.02389	0.02230	0.01450	0.20757	0.39344	0.10573	0.03121	0.02892	0.02272	0.01133	0.00882	0.00283	0.00773	0.00917	0.00903	0.01421
17	0.01695	0.01616	0.02626	0.55416	0.05331	0.02072	0.02329	0.02205	0.01670	0.02205	0.01477	0.02250	0.01160	0.00991	0.01235	0.00307	0.13291	0.00773	0.00387	0.00966
18	0.02482	0.02529	0.02116	0.01911	0.02391	0.20429	0.01468	0.04305	0.45163	0.03215	0.02919	0.02772	0.02221	0.01102	0.00859	0.00275	0.00943	0.00864	0.00762	0.01275
19	0.03301	0.02882	0.02580	0.02068	0.02703	0.18868	0.01665	0.46272	0.03684	0.04637	0.01903	0.01961	0.01391	0.01009	0.00851	0.00252	0.01117	0.00728	0.00764	0.01363
20	0.24444	0.01543	0.01811	0.01436	0.02072	0.01476	0.01185	0.03767	0.02206	0.47131	0.02803	0.02524	0.01811	0.01002	0.00780	0.00270	0.00723	0.00761	0.00925	0.01330
21	0.01139	0.00918	0.01034	0.01092	0.01360	0.00814	0.00877	0.01412	0.01994	0.02430	0.07620	0.08811	0.46670	0.02267	0.01081	0.00325	0.00546	0.18046	0.00808	0.00756
22	0.54788	0.02395	0.01623	0.01463	0.01976	0.20277	0.01157	0.02828	0.01768	0.03404	0.01253	0.01462	0.00996	0.00835	0.00611	0.00257	0.00932	0.00498	0.00514	0.00964
23	0.01081	0.00854	0.00982	0.01072	0.01274	0.00755	0.00791	0.01297	0.01882	0.02339	0.07019	0.29147	0.37687	0.02409	0.01077	0.00326	0.00502	0.07963	0.00809	0.00734
24	0.02943	0.03559	0.02778	0.03138	0.20249	0.47556	0.01970	0.03252	0.02333	0.02340	0.01432	0.01741	0.01198	0.00864	0.00809	0.00235	0.01419	0.00624	0.00444	0.01117
25	0.01564	0.00961	0.01190	0.01191	0.01422	0.00887	0.00861	0.01852	0.04046	0.11956	0.07675	0.31840	0.19208	0.06740	0.04057	0.00398	0.00631	0.01838	0.00827	0.00856
26	0.05013	0.01999	0.04059	0.01460	0.01798	0.19546	0.01147	0.02170	0.02277	0.02840	0.28369	0.09014	0.13808	0.01575	0.00936	0.00268	0.00802	0.01299	0.00739	0.00881
27	0.02486	0.02788	0.02921	0.17258	0.27351	0.27326	0.02230	0.02901	0.02127	0.02435	0.01506	0.01962	0.01233	0.00846	0.00835	0.00252	0.01276	0.00691	0.00429	0.01147
28	0.02746	0.17641	0.03247	0.02960	0.20250	0.28661	0.01927	0.07874	0.02317	0.02604	0.01466	0.01748	0.01227	0.00843	0.00767	0.00229	0.01228	0.00622	0.00463	0.01181
29	0.07566	0.02841	0.02099	0.01847	0.02324	0.31317	0.01426	0.12319	0.11346	0.05126	0.02271	0.02356	0.03781	0.01023	0.00792	0.00246	0.01100	0.00735	0.08366	0.01119
30	0.02649	0.02604	0.02598	0.06985	0.02875	0.19733	0.06206	0.22102	0.02725	0.03333	0.02404	0.02625	0.07824	0.01156	0.01147	0.00276	0.10154	0.00850	0.00614	0.01142

[dist]
# distance from previous block
# <min> <max>
0	1

[block]
# block no. 3 follows, 20 sequences, length 61
# corresponding to MSA columns:
# 108-168
name=unknown_D
#
# <colnr> <probs for GDERKNQSTAVLIFYWHMCP>
#	G	D	E	R	K	N	Q	S	T	A	V	L	I	F	Y	W	H	M	C	P
0	0.01363	0.01094	0.01268	0.01217	0.01503	0.01111	0.00933	0.05304	0.08624	0.02642	0.08349	0.09339	0.30831	0.03207	0.18542	0.00594	0.01015	0.01461	0.00736	0.00866
1	0.02079	0.06325	0.30364	0.01963	0.02753	0.01711	0.02154	0.02712	0.01992	0.14378	0.07422	0.07223	0.02586	0.01274	0.01015	0.00295	0.04846	0.07111	0.00625	0.01173
2	0.02250	0.16427	0.37510	0.02241	0.03212	0.18915	0.02504	0.02923	0.01993	0.02468	0.01444	0.01690	0.01112	0.00832	0.00768	0.00246	0.01298	0.00590	0.00390	0.01186
3	0.02526	0.02425	0.03003	0.13945	0.30418	0.12952	0.02237	0.16009	0.02511	0.03232	0.01680	0.02072	0.01326	0.00874	0.00854	0.00259	0.01130	0.00742	0.00528	0.01276
4	0.02392	0.02564	0.03159	0.11269	0.41524	0.18815	0.02389	0.02840	0.02087	0.02594	0.01554	0.02023	0.01290	0.00819	0.00844	0.00253	0.01191	0.00720	0.00432	0.01239
5	0.01411	0.01162	0.01230	0.01183	0.01495	0.01154	0.00883	0.04816	0.15616	0.02744	0.06500	0.14421	0.36440	0.05515	0.01181	0.00330	0.00552	0.01649	0.00816	0.00902
6	0.02847	0.03072	0.02905	0.03396	0.26126	0.30853	0.02060	0.12813	0.02559	0.02972	0.01585	0.01885	0.01283	0.00877	0.00830	0.00244	0.01265	0.00682	0.00514	0.01232
7	0.01750	0.04512	0.64825	0.02486	0.03775	0.02026	0.03223	0.02762	0.01842	0.02762	0.01565	0.01842	0.01105	0.00829	0.00829	0.00276	0.01289	0.00645	0.00368	0.01289
8	0.02699	0.02093	0.02540	0.01963	0.02585	0.02229	0.07880	0.41646	0.03462	0.04623	0.08591	0.03325	0.09904	0.01228	0.00924	0.00271	0.00899	0.01018	0.00826	0.01295
9	0.02458	0.02316	0.02465	0.09735	0.13011	0.15948	0.01791	0.18757	0.02521	0.03174	0.01850	0.02318	0.01510	0.02191	0.15527	0.00514	0.01440	0.00768	0.00561	0.01147
10	0.03102	0.07446	0.02575	0.02088	0.02606	0.41287	0.01632	0.18865	0.02808	0.03032	0.01599	0.01811	0.01282	0.01257	0.04567	0.00301	0.01413	0.00638	0.00560	0.01132
11	0.01874	0.05045	0.01499	0.01179	0.01525	0.01067	0.00921	0.02204	0.02281	0.16959	0.33315	0.05682	0.15499	0.05684	0.01172	0.00306	0.00548	0.01380	0.00902	0.00958
12	0.02378	0.02512	0.03253	0.07898	0.47168	0.16344	0.02442	0.02834	0.02082	0.02657	0.01571	0.02036	0.01312	0.00809	0.00847	0.00253	0.01163	0.00729	0.00433	0.01277
13	0.06397	0.03851	0.02437	0.02172	0.02654	0.55735	0.01650	0.10128	0.02618	0.02603	0.01429	0.01627	0.01158	0.00912	0.00786	0.00231	0.01463	0.00584	0.00503	0.01063
14	0.01334	0.01034	0.01477	0.01446	0.01607	0.01220	0.01121	0.01752	0.04977	0.02108	0.02369	0.03449	0.02205	0.08928	0.56075	0.01260	0.05390	0.00945	0.00491	0.00811
15	0.02002	0.06857	0.21579	0.03516	0.17069	0.02220	0.25647	0.02718	0.01933	0.02723	0.01621	0.02090	0.01254	0.00807	0.00990	0.00279	0.04224	0.00820	0.00412	0.01240
16	0.02606	0.03550	0.13304	0.02428	0.06058	0.37034	0.02028	0.02987	0.02118	0.02302	0.01547	0.02162	0.01352	0.01070	0.01175	0.00272	0.12727	0.03780	0.00442	0.01058
17	0.01825	0.01490	0.01925	0.04734	0.01986	0.01849	0.01355	0.08754	0.01784	0.02632	0.04598	0.03185	0.02109	0.15301	0.06247	0.00489	0.27466	0.00920	0.10456	0.00896
18	0.23335	0.02140	0.01662	0.01471	0.01931	0.16975	0.01151	0.11439	0.02312	0.03298	0.06677	0.03682	0.18097	0.01291	0.00807	0.00265	0.00858	0.00964	0.00664	0.00982
19	0.02231	0.35599	0.11286	0.01935	0.06127	0.02718	0.01752	0.03020	0.12866	0.04917	0.01808	0.01947	0.01465	0.00887	0.00809	0.00233	0.04427	0.00636	0.00505	0.04831
20	0.02269	0.05761	0.14168	0.02347	0.07000	0.18438	0.08719	0.05213	0.02117	0.02682	0.01736	0.05849	0.01493	0.00911	0.00810	0.00231	0.01145	0.00756	0.00484	0.17872
21	0.19539	0.06083	0.02416	0.02289	0.09104	0.38046	0.01615	0.06480	0.02259	0.02808	0.01387	0.01624	0.01132	0.00867	0.00734	0.00239	0.01247	0.00574	0.00489	0.01068
22	0.02008	0.33547	0.38057	0.02045	0.03093	0.02659	0.02454	0.02696	0.01811	0.02447	0.01409	0.01645	0.01111	0.00792	0.00709	0.00236	0.01131	0.00565	0.00370	0.01214
23	0.01426	0.01194	0.01441	0.01413	0.01610	0.04877	0.01062	0.01684	0.01611	0.02243	0.02950	0.24613	0.03139	0.03740	0.26571	0.00729	0.05842	0.01361	0.03675	0.08819
24	0.02697	0.02237	0.02569	0.02633	0.16311	0.05981	0.01756	0.32759	0.08694	0.04191	0.02817	0.02871	0.08298	0.01117	0.00884	0.00266	0.00932	0.00904	0.00743	0.01342
25	0.01108	0.00778	0.00999	0.01157	0.01197	0.00738	0.00748	0.01226	0.01582	0.02110	0.04358	0.54993	0.05201	0.17290	0.01840	0.00462	0.00580	0.02215	0.00748	0.00669
26	0.01750	0.04512	0.64825	0.02486	0.03775	0.02026	0.03223	0.02762	0.01842	0.02762	0.01565	0.01842	0.01105	0.00829	0.00829	0.00276	0.01289	0.00645	0.00368	0.01289
27	0.03316	0.02443	0.02618	0.02007	0.02705	0.02705	0.01658	0.60995	0.04101	0.05497	0.02094	0.02094	0.01483	0.01047	0.00873	0.00262	0.00960	0.00785	0.00873	0.01483
28	0.01809	0.01550	0.01809	0.01292	0.02067	0.01163	0.01034	0.02196	0.01809	0.02842	0.01550	0.01809	0.01292	0.00646	0.00646	0.00129	0.00646	0.00517	0.00517	0.74677
29	0.01063	0.00759	0.01012	0.01215	0.01265	0.00709	0.00810	0.01215	0.01670	0.02227	0.04808	0.68775	0.05769	0.02733	0.01113	0.00354	0.00506	0.02480	0.00810	0.00709
30	0.03258	0.04157	0.02472	0.02247	0.02697	0.65843	0.01685	0.03483	0.02472	0.02135	0.01348	0.01573	0.01124	0.00899	0.00787	0.00225	0.01573	0.00562	0.00449	0.01011
31	0.01750	0.04512	0.64825	0.02486	0.03775	0.02026	0.03223	0.02762	0.01842	0.02762	0.01565	0.01842	0.01105	0.00829	0.00829	0.00276	0.01289	0.00645	0.00368	0.01289
32	0.01042	0.00842	0.00927	0.00995	0.01207	0.00727	0.00712	0.01239	0.01882	0.02313	0.07486	0.28640	0.44176	0.02385	0.01059	0.00315	0.00463	0.02055	0.00810	0.00727
33	0.02059	0.02353	0.05147	0.03676	0.04559	0.02206	0.60735	0.02794	0.02059	0.02794	0.01765	0.02353	0.01324	0.00735	0.01029	0.00294	0.01471	0.01029	0.00441	0.01176
34	0.01844	0.01768	0.03053	0.42829	0.26085	0.01997	0.05158	0.02410	0.01843	0.02470	0.01592	0.02269	0.01246	0.00833	0.00876	0.00280	0.01133	0.00787	0.00405	0.01122
35	0.01246	0.00935	0.01402	0.01402	0.01558	0.01090	0.01090	0.01558	0.01402	0.02025	0.02336	0.03427	0.02181	0.06542	0.65888	0.01402	0.02336	0.00935	0.00467	0.00779
36	0.02059	0.02353	0.05147	0.03676	0.04559	0.02206	0.60735	0.02794	0.02059	0.02794	0.01765	0.02353	0.01324	0.00735	0.01029	0.00294	0.01471	0.01029	0.00441	0.01176
37	0.01063	0.00759	0.01012	0.01215	0.01265	0.00709	0.00810	0.01215	0.01670	0.02227	0.04808	0.68775	0.05769	0.02733	0.01113	0.00354	0.00506	0.02480	0.00810	0.00709
38	0.02226	0.01902	0.02004	0.01787	0.02290	0.02196	0.01394	0.07410	0.59461	0.03740	0.03479	0.03197	0.02605	0.01177	0.00887	0.00294	0.00704	0.00976	0.00887	0.01386
39	0.01063	0.00759	0.01012	0.01215	0.01265	0.00709	0.00810	0.01215	0.01670	0.02227	0.04808	0.68775	0.05769	0.02733	0.01113	0.00354	0.00506	0.02480	0.00810	0.00709
40	0.01063	0.00759	0.01012	0.01215	0.01265	0.00709	0.00810	0.01215	0.01670	0.02227	0.04808	0.68775	0.05769	0.02733	0.01113	0.00354	0.00506	0.02480	0.00810	0.00709
41	0.02043	0.01955	0.03332	0.19324	0.50836	0.02042	0.02620	0.02576	0.01932	0.02710	0.01620	0.02197	0.01332	0.00799	0.00865	0.00266	0.01065	0.00777	0.00422	0.01289
42	0.02182	0.02146	0.03422	0.09374	0.56787	0.05402	0.02608	0.02689	0.01995	0.02770	0.01619	0.02139	0.01353	0.00790	0.00860	0.00259	0.01073	0.00766	0.00430	0.01334
43	0.15336	0.02336	0.02384	0.07921	0.02839	0.06292	0.01610	0.42246	0.03344	0.04726	0.01851	0.01970	0.01341	0.00982	0.00811	0.00264	0.00967	0.00718	0.00746	0.01317
44	0.03258	0.04157	0.02472	0.02247	0.02697	0.65843	0.01685	0.03483	0.02472	0.02135	0.01348	0.01573	0.01124	0.00899	0.00787	0.00225	0.01573	0.00562	0.00449	0.01011
45	0.01826	0.01605	0.02034	0.01453	0.02236	0.01233	0.05068	0.02237	0.01826	0.02839	0.01565	0.01846	0.01294	0.00652	0.00672	0.00140	0.00702	0.00551	0.00512	0.69711
46	0.03356	0.02190	0.02487	0.01923	0.02569	0.02381	0.01590	0.44186	0.03552	0.18609	0.02335	0.02279	0.01613	0.01087	0.01008	0.00272	0.05424	0.00805	0.00886	0.01448
47	0.01921	0.01563	0.01271	0.01221	0.01471	0.15069	0.00922	0.02273	0.01901	0.02810	0.02436	0.02913	0.01984	0.01882	0.11176	0.00401	0.00973	0.00778	0.46184	0.00851
48	0.01809	0.01550	0.01809	0.01292	0.02067	0.01163	0.01034	0.02196	0.01809	0.02842	0.01550	0.01809	0.01292	0.00646	0.00646	0.00129	0.00646	0.00517	0.00517	0.74677
49	0.02159	0.02073	0.03541	0.05354	0.63903	0.02073	0.02677	0.02677	0.01986	0.02850	0.01641	0.02159	0.01382	0.00777	0.00864	0.00259	0.01036	0.00777	0.00432	0.01382
50	0.02269	0.01317	0.01663	0.01345	0.01896	0.01080	0.01050	0.02591	0.02033	0.22006	0.06562	0.17088	0.02957	0.01306	0.00843	0.00231	0.00631	0.01122	0.00783	0.31227
51	0.02462	0.01831	0.02592	0.01892	0.02657	0.01624	0.12182	0.12145	0.02344	0.13942	0.02005	0.02156	0.01479	0.00802	0.00793	0.00205	0.00865	0.00717	0.00658	0.36649
52	0.02159	0.02073	0.03541	0.05354	0.63903	0.02073	0.02677	0.02677	0.01986	0.02850	0.01641	0.02159	0.01382	0.00777	0.00864	0.00259	0.01036	0.00777	0.00432	0.01382
53	0.01637	0.01843	0.15163	0.01441	0.01944	0.01291	0.01395	0.08608	0.02376	0.03452	0.29313	0.04542	0.08131	0.01384	0.00895	0.00262	0.00666	0.01168	0.13495	0.00992
54	0.01814	0.02111	0.15799	0.01585	0.02187	0.01557	0.01526	0.17738	0.02492	0.03283	0.04935	0.11779	0.26394	0.01640	0.00951	0.00288	0.00780	0.01355	0.00727	0.01060
55	0.09964	0.17423	0.12672	0.01739	0.02436	0.02010	0.08400	0.05879	0.02026	0.06386	0.03577	0.03608	0.18080	0.01198	0.00820	0.00261	0.00882	0.00976	0.00588	0.01074
56	0.02395	0.08647	0.15972	0.01929	0.02613	0.14742	0.01803	0.03594	0.23282	0.08272	0.02775	0.02725	0.05366	0.01062	0.00834	0.00266	0.01008	0.00823	0.00655	0.01237
57	0.03012	0.03108	0.02628	0.05911	0.09998	0.31378	0.01816	0.22168	0.05772	0.03394	0.01742	0.01932	0.01347	0.00945	0.00833	0.00248	0.01246	0.00691	0.00603	0.01224
58	0.02921	0.22299	0.03058	0.01909	0.02507	0.26403	0.01584	0.20204	0.02755	0.03168	0.04277	0.01896	0.01543	0.00938	0.00758	0.00227	0.01157	0.00646	0.00576	0.01174
59	0.02600	0.10841	0.03033	0.03268	0.25976	0.30359	0.01983	0.02943	0.02176	0.02412	0.01881	0.02175	0.04862	0.00911	0.00804	0.00237	0.01227	0.00708	0.00455	0.01150
60	0.01500	0.01269	0.01660	0.04987	0.01973	0.01444	0.01329	0.02024	0.07511	0.02678	0.14343	0.06276	0.15174	0.01880	0.01457	0.00340	0.15270	0.17269	0.00725	0.00889

[dist]
# distance from previous block
# <min> <max>
5	12

[block]
# block no. 4 follows, 20 sequences, length 6
# corresponding to MSA columns:
# 181-186
name=unknown_E
#
# <colnr> <probs for GDERKNQSTAVLIFYWHMCP>
#	G	D	E	R	K	N	Q	S	T	A	V	L	I	F	Y	W	H	M	C	P
0	0.07053	0.02473	0.14166	0.02420	0.08555	0.02069	0.09389	0.13116	0.10306	0.03433	0.01910	0.02139	0.01457	0.00898	0.00918	0.00256	0.04135	0.00748	0.00579	0.13979
1	0.02072	0.02567	0.16582	0.04091	0.39814	0.02080	0.02564	0.03046	0.12742	0.02974	0.01966	0.02286	0.01551	0.00861	0.00860	0.00269	0.01029	0.00786	0.00499	0.01361
2	0.01485	0.01096	0.01385	0.01351	0.01554	0.01169	0.01005	0.10209	0.01914	0.02591	0.03588	0.22068	0.08455	0.10413	0.26664	0.00792	0.01315	0.01453	0.00658	0.00836
3	0.01924	0.02764	0.23323	0.16666	0.32860	0.02031	0.02804	0.02616	0.01891	0.02698	0.01598	0.02089	0.01248	0.00813	0.00854	0.00271	0.01144	0.00734	0.00402	0.01270
4	0.02034	0.07900	0.02127	0.01787	0.05996	0.04345	0.01337	0.02724	0.12385	0.10140	0.19220	0.04078	0.09502	0.01403	0.01194	0.00284	0.10609	0.01102	0.00751	0.01079
5	0.09517	0.06504	0.02617	0.02850	0.24797	0.01840	0.01720	0.07145	0.02125	0.11875	0.02321	0.02494	0.05537	0.00913	0.00785	0.00236	0.00836	0.00764	0.00605	0.14520

[dist]
# distance from previous block
# <min> <max>
2	5

[block]
# block no. 5 follows, 20 sequences, length 6
# corresponding to MSA columns:
# 192-197
name=unknown_F
#
# <colnr> <probs for GDERKNQSTAVLIFYWHMCP>
#	G	D	E	R	K	N	Q	S	T	A	V	L	I	F	Y	W	H	M	C	P
0	0.01930	0.10673	0.20370	0.03382	0.26768	0.02059	0.06782	0.02558	0.01994	0.02817	0.10211	0.02604	0.02226	0.00925	0.00853	0.00260	0.01039	0.00834	0.00482	0.01231
1	0.08205	0.01920	0.01991	0.01704	0.02159	0.10643	0.01361	0.10036	0.07738	0.19997	0.02426	0.02621	0.01830	0.02357	0.16306	0.00539	0.05469	0.00808	0.00720	0.01168
2	0.02694	0.12392	0.03055	0.09817	0.17940	0.28964	0.01977	0.08280	0.02327	0.02615	0.01490	0.01820	0.01223	0.00859	0.00791	0.00238	0.01253	0.00644	0.00466	0.01155
3	0.01165	0.00920	0.01070	0.01123	0.01380	0.00826	0.00902	0.01460	0.02045	0.02554	0.13405	0.08626	0.40147	0.02224	0.01083	0.00324	0.00547	0.18611	0.00824	0.00766
4	0.14925	0.43888	0.03553	0.01600	0.02246	0.16906	0.01442	0.02795	0.01877	0.02386	0.01243	0.01440	0.01091	0.00791	0.00606	0.00209	0.01030	0.00488	0.00418	0.01066
5	0.01108	0.00895	0.01000	0.01060	0.01312	0.00787	0.00825	0.01358	0.01960	0.02394	0.07595	0.14759	0.46128	0.02302	0.01074	0.00322	0.00520	0.13047	0.00809	0.00747

[dist]
# distance from previous block
# <min> <max>
9	15

[block]
# block no. 6 follows, 20 sequences, length 12
# corresponding to MSA columns:
# 215-226
name=unknown_G
#
# <colnr> <probs for GDERKNQSTAVLIFYWHMCP>
#	G	D	E	R	K	N	Q	S	T	A	V	L	I	F	Y	W	H	M	C	P
0	0.02926	0.03431	0.02806	0.03182	0.21360	0.43046	0.01986	0.06290	0.02410	0.02531	0.01477	0.01779	0.01221	0.00870	0.00815	0.00237	0.01377	0.00639	0.00467	0.01149
1	0.02829	0.09979	0.03248	0.02477	0.03016	0.42348	0.14059	0.03164	0.02243	0.02263	0.01409	0.01742	0.01167	0.00891	0.00951	0.00246	0.05815	0.00664	0.00436	0.01053
2	0.02107	0.01576	0.01770	0.01578	0.01986	0.01669	0.01282	0.24541	0.06648	0.03651	0.04160	0.05782	0.13867	0.08236	0.01338	0.00365	0.00795	0.16777	0.00810	0.01063
3	0.22540	0.02326	0.02413	0.02915	0.23235	0.14226	0.01762	0.03177	0.13574	0.03160	0.01836	0.02054	0.01459	0.00888	0.00764	0.00263	0.00973	0.00693	0.00553	0.01191
4	0.20073	0.25022	0.15732	0.02099	0.02932	0.02523	0.15136	0.02671	0.01780	0.02816	0.01408	0.01707	0.01120	0.00776	0.00714	0.00249	0.01062	0.00631	0.00428	0.01123
5	0.18033	0.01035	0.01150	0.01141	0.01380	0.01048	0.00847	0.01735	0.02024	0.03239	0.33050	0.22644	0.05895	0.01826	0.00941	0.00296	0.00497	0.01577	0.00823	0.00819
6	0.02118	0.02316	0.09660	0.05068	0.57900	0.02068	0.02732	0.02686	0.01972	0.02841	0.01633	0.02127	0.01354	0.00782	0.00860	0.00261	0.01062	0.00764	0.00425	0.01372
7	0.01905	0.01435	0.01669	0.01577	0.01954	0.01497	0.01318	0.18163	0.06764	0.03423	0.04734	0.06950	0.16147	0.01908	0.01055	0.00333	0.00763	0.26559	0.00830	0.01016
8	0.02117	0.20831	0.04498	0.02966	0.07353	0.02613	0.31518	0.02628	0.01862	0.02485	0.01508	0.02009	0.01243	0.00865	0.01177	0.00276	0.11684	0.00817	0.00413	0.01139
9	0.01821	0.03524	0.41923	0.13253	0.17028	0.02022	0.02980	0.02660	0.01857	0.02698	0.01579	0.01986	0.01173	0.00824	0.00843	0.00275	0.01215	0.00694	0.00385	0.01259
10	0.06381	0.16347	0.03181	0.33990	0.19114	0.02297	0.02196	0.02441	0.01794	0.02445	0.01480	0.02031	0.01194	0.00818	0.00783	0.00259	0.01053	0.00691	0.00405	0.01101
11	0.01897	0.12261	0.02349	0.01632	0.01915	0.02092	0.01314	0.05958	0.05849	0.02390	0.01870	0.02968	0.01842	0.19901	0.02424	0.00437	0.22471	0.00845	0.00503	0.09083

[dist]
# distance from previous block
# <min> <max>
0	5

[block]
# block no. 7 follows, 20 sequences, length 6
# corresponding to MSA columns:
# 232-237
name=unknown_H
#
# <colnr> <probs for GDERKNQSTAVLIFYWHMCP>
#	G	D	E	R	K	N	Q	S	T	A	V	L	I	F	Y	W	H	M	C	P
0	0.01354	0.01194	0.01802	0.34917	0.03671	0.01344	0.01599	0.01742	0.01784	0.02259	0.04109	0.20280	0.17289	0.01655	0.00970	0.00307	0.00827	0.01454	0.00594	0.00848
1	0.09120	0.01771	0.02561	0.29697	0.19061	0.02029	0.02091	0.02951	0.16328	0.02889	0.02020	0.02418	0.01556	0.00917	0.00841	0.00282	0.00970	0.00797	0.00534	0.01168
2	0.03258	0.04157	0.02472	0.02247	0.02697	0.65843	0.01685	0.03483	0.02472	0.02135	0.01348	0.01573	0.01124	0.00899	0.00787	0.00225	0.01573	0.00562	0.00449	0.01011
3	0.01465	0.01208	0.01915	0.02351	0.16530	0.01326	0.01471	0.01826	0.01542	0.02223	0.02169	0.03122	0.01989	0.05158	0.50272	0.01127	0.02024	0.00897	0.00459	0.00924
4	0.02779	0.03073	0.02787	0.02996	0.17829	0.32244	0.01963	0.10155	0.02373	0.02721	0.01481	0.01836	0.01235	0.00986	0.01144	0.00263	0.11821	0.00675	0.00487	0.01152
5	0.08012	0.38571	0.10530	0.01711	0.02377	0.02801	0.01687	0.02734	0.01773	0.09526	0.01500	0.01713	0.01229	0.00922	0.00989	0.00244	0.11489	0.00582	0.00469	0.01141

[dist]
# distance from previous block
# <min> <max>
0	4

[block]
# block no. 8 follows, 20 sequences, length 18
# corresponding to MSA columns:
# 242-259
name=unknown_I
#
# <colnr> <probs for GDERKNQSTAVLIFYWHMCP>
#	G	D	E	R	K	N	Q	S	T	A	V	L	I	F	Y	W	H	M	C	P
0	0.01174	0.00812	0.01058	0.01176	0.01288	0.00764	0.00834	0.01427	0.01903	0.02652	0.19231	0.44151	0.06041	0.02333	0.01056	0.00325	0.00493	0.05577	0.06953	0.00752
1	0.02192	0.02216	0.03096	0.06886	0.03144	0.10337	0.18064	0.10770	0.02151	0.02808	0.02004	0.11139	0.01870	0.01278	0.01430	0.00310	0.17653	0.01049	0.00536	0.01066
2	0.02104	0.01521	0.04524	0.01536	0.02024	0.01358	0.01294	0.08112	0.05739	0.12718	0.02895	0.04399	0.02609	0.08019	0.09110	0.00459	0.00980	0.13251	0.00714	0.16634
3	0.02359	0.02163	0.02239	0.05585	0.06634	0.12859	0.01588	0.17804	0.10181	0.03237	0.02380	0.02720	0.04376	0.02273	0.14960	0.00515	0.05514	0.00849	0.00626	0.01138
4	0.14797	0.02275	0.10763	0.03248	0.21324	0.02064	0.14598	0.02705	0.05459	0.02960	0.01706	0.02156	0.01367	0.01199	0.04841	0.00349	0.05752	0.00783	0.00471	0.01185
5	0.01403	0.01099	0.01473	0.09809	0.02162	0.01134	0.01276	0.01976	0.07048	0.02860	0.21020	0.07224	0.12829	0.01912	0.01065	0.00329	0.00684	0.23026	0.00801	0.00869
6	0.01758	0.25285	0.13382	0.01723	0.02337	0.02072	0.05287	0.02183	0.01710	0.02286	0.02128	0.12570	0.02094	0.02286	0.14485	0.00487	0.01239	0.00950	0.00473	0.05263
7	0.02044	0.34905	0.18549	0.01680	0.02567	0.02467	0.01789	0.02533	0.01799	0.02445	0.01393	0.01621	0.01164	0.00739	0.00649	0.00193	0.00940	0.00524	0.00412	0.21586
8	0.02752	0.02611	0.02249	0.01929	0.02452	0.19918	0.01510	0.21026	0.24104	0.03773	0.06630	0.02664	0.02265	0.01105	0.00865	0.00264	0.00997	0.00849	0.00766	0.01270
9	0.02234	0.01946	0.01980	0.05138	0.02310	0.14556	0.01375	0.02645	0.04507	0.10326	0.02023	0.02457	0.01656	0.02499	0.19027	0.00557	0.06930	0.00743	0.00560	0.16531
10	0.04236	0.01455	0.05588	0.09496	0.08232	0.01314	0.01408	0.02294	0.07015	0.09411	0.12060	0.16106	0.14673	0.01611	0.00953	0.00294	0.00706	0.01397	0.00742	0.01008
11	0.02834	0.03231	0.02138	0.01915	0.02353	0.44021	0.01455	0.10052	0.02550	0.02671	0.02533	0.02661	0.09278	0.01095	0.00813	0.00236	0.01249	0.00776	0.07122	0.01016
12	0.02301	0.26448	0.02853	0.01690	0.02167	0.22874	0.01429	0.02572	0.02066	0.02252	0.05802	0.03473	0.09430	0.01235	0.00885	0.00248	0.04015	0.06751	0.00527	0.00982
13	0.02367	0.02865	0.12072	0.02720	0.03520	0.15417	0.26980	0.03077	0.05755	0.06584	0.01841	0.02156	0.01381	0.00822	0.00893	0.00259	0.01290	0.00814	0.00508	0.08679
14	0.02578	0.14241	0.02945	0.02803	0.18639	0.31365	0.01811	0.02899	0.02198	0.02394	0.05102	0.02353	0.05170	0.00963	0.00796	0.00234	0.01198	0.00730	0.00480	0.01101
15	0.02011	0.02190	0.01631	0.01557	0.01828	0.27196	0.01138	0.02257	0.02208	0.02503	0.19221	0.15603	0.09171	0.06207	0.01177	0.00309	0.00932	0.01325	0.00685	0.00852
16	0.02276	0.02020	0.02496	0.02778	0.19263	0.07362	0.01781	0.14695	0.02302	0.03192	0.02247	0.04760	0.04872	0.01177	0.01271	0.00281	0.15186	0.00876	0.10014	0.01151
17	0.02560	0.08365	0.02820	0.12706	0.07018	0.24994	0.04971	0.10361	0.04957	0.02728	0.01921	0.02224	0.04051	0.00998	0.00966	0.00260	0.05733	0.00744	0.00516	0.01106

[dist]
# distance from previous block
# <min> <max>
5	59

[block]
# block no. 9 follows, 20 sequences, length 14
# corresponding to MSA columns:
# 319-332
name=unknown_J
#
# <colnr> <probs for GDERKNQSTAVLIFYWHMCP>
#	G	D	E	R	K	N	Q	S	T	A	V	L	I	F	Y	W	H	M	C	P
0	0.09716	0.09508	0.05068	0.02291	0.12353	0.16530	0.01630	0.03124	0.02119	0.17894	0.02105	0.05852	0.01680	0.00986	0.00786	0.00245	0.00998	0.00767	0.00624	0.05724
1	0.01665	0.01329	0.01913	0.02222	0.14393	0.01315	0.03942	0.02304	0.10782	0.06134	0.11438	0.25457	0.09997	0.01760	0.00994	0.00303	0.00679	0.01588	0.00761	0.01024
2	0.05464	0.01398	0.01859	0.01640	0.01994	0.04891	0.08904	0.02190	0.05430	0.05850	0.23887	0.11551	0.09115	0.01697	0.01011	0.00304	0.00735	0.10360	0.00793	0.00928
3	0.01886	0.01702	0.02681	0.18858	0.31405	0.01789	0.02102	0.06404	0.02140	0.02923	0.10370	0.03384	0.08465	0.01093	0.00904	0.00272	0.00920	0.00988	0.00559	0.01154
4	0.07454	0.02005	0.01555	0.01414	0.01762	0.19396	0.01086	0.09015	0.02209	0.03148	0.02190	0.02534	0.01745	0.01362	0.05293	0.00305	0.00951	0.00724	0.34902	0.00950
5	0.17742	0.03312	0.14992	0.02013	0.02712	0.24565	0.01841	0.16978	0.02533	0.03435	0.01545	0.01721	0.01170	0.00902	0.00765	0.00253	0.01184	0.00614	0.00553	0.01168
6	0.02619	0.07235	0.02687	0.02219	0.02493	0.34767	0.01770	0.02833	0.01939	0.02114	0.01252	0.01707	0.01133	0.01160	0.01668	0.00290	0.30062	0.00643	0.00416	0.00993
7	0.01188	0.00850	0.00973	0.00997	0.01080	0.00821	0.00630	0.01278	0.01489	0.01929	0.04359	0.13503	0.17282	0.41978	0.07376	0.00699	0.00813	0.01519	0.00622	0.00614
8	0.01841	0.01423	0.01636	0.01435	0.01888	0.01361	0.01156	0.16021	0.02422	0.03262	0.04188	0.13138	0.15349	0.01674	0.00949	0.00277	0.00694	0.12611	0.00756	0.17919
9	0.03266	0.03940	0.02490	0.02217	0.02698	0.57835	0.01682	0.10778	0.02679	0.02561	0.01443	0.01639	0.01169	0.00918	0.00797	0.00229	0.01495	0.00590	0.00503	0.01071
10	0.25575	0.02814	0.02154	0.01826	0.02388	0.24713	0.01447	0.22705	0.02720	0.03824	0.01560	0.01702	0.01190	0.00922	0.00740	0.00251	0.01088	0.00610	0.00621	0.01151
11	0.01831	0.01772	0.02249	0.11795	0.02757	0.09856	0.05521	0.04995	0.01754	0.02304	0.01838	0.02628	0.01624	0.03452	0.29483	0.00780	0.13143	0.00833	0.00456	0.00928
12	0.05913	0.03175	0.22296	0.18485	0.13679	0.16674	0.02471	0.02775	0.01968	0.02562	0.01506	0.01926	0.01160	0.00846	0.00820	0.00265	0.01252	0.00670	0.00411	0.01145
13	0.01301	0.01134	0.01481	0.01855	0.14028	0.01032	0.01129	0.01610	0.02034	0.02578	0.12288	0.07023	0.42484	0.01887	0.01006	0.00291	0.00580	0.04632	0.00747	0.00880

[dist]
# distance from previous block
# <min> <max>
0	1

[block]
# block no. 10 follows, 20 sequences, length 17
# corresponding to MSA columns:
# 334-350
name=unknown_K
#
# <colnr> <probs for GDERKNQSTAVLIFYWHMCP>
#	G	D	E	R	K	N	Q	S	T	A	V	L	I	F	Y	W	H	M	C	P
0	0.02286	0.01883	0.02597	0.03043	0.26896	0.01816	0.01800	0.14663	0.02404	0.06058	0.02439	0.02653	0.07015	0.00942	0.00825	0.00230	0.00854	0.00812	0.00608	0.20177
1	0.25515	0.07228	0.07355	0.01331	0.01909	0.01641	0.01202	0.04895	0.01985	0.11062	0.08581	0.03597	0.14863	0.01220	0.00774	0.00263	0.00699	0.00936	0.00686	0.04258
2	0.02081	0.01902	0.01716	0.01539	0.01864	0.14818	0.01147	0.13910	0.02234	0.02761	0.02900	0.08912	0.07616	0.16732	0.12243	0.00569	0.01192	0.01084	0.00618	0.04160
3	0.01678	0.01407	0.01907	0.02142	0.14583	0.01427	0.01342	0.06647	0.02082	0.02889	0.16167	0.04508	0.13202	0.09398	0.04215	0.00382	0.06595	0.01161	0.00658	0.07609
4	0.02207	0.16481	0.35565	0.02483	0.08133	0.15613	0.02534	0.02878	0.01972	0.02506	0.01460	0.01728	0.01134	0.00824	0.00772	0.00247	0.01261	0.00605	0.00391	0.01207
5	0.01278	0.01014	0.01178	0.01249	0.01471	0.00995	0.00933	0.01862	0.11710	0.02551	0.05898	0.30577	0.24092	0.02266	0.01062	0.00331	0.00554	0.09317	0.00822	0.00840
6	0.02073	0.02028	0.03495	0.04267	0.40857	0.01977	0.12310	0.02592	0.01939	0.02804	0.01624	0.02124	0.01346	0.00784	0.00951	0.00250	0.04198	0.00778	0.00445	0.13159
7	0.01858	0.01745	0.02860	0.14548	0.41404	0.01784	0.02250	0.02333	0.01948	0.02658	0.02928	0.03555	0.11554	0.01101	0.00908	0.00277	0.00950	0.03653	0.00503	0.01183
8	0.18063	0.20953	0.03091	0.01921	0.02438	0.10593	0.06839	0.07694	0.01935	0.02837	0.01342	0.01677	0.01138	0.00967	0.01134	0.00266	0.14950	0.00620	0.00470	0.01071
9	0.02699	0.34289	0.03612	0.02426	0.15175	0.12572	0.01736	0.03029	0.02045	0.12416	0.01687	0.01841	0.01344	0.00831	0.00710	0.00221	0.01024	0.00613	0.00513	0.01217
10	0.02696	0.13724	0.02965	0.13552	0.11218	0.36883	0.01910	0.03028	0.02175	0.02232	0.01400	0.01750	0.01163	0.00854	0.00776	0.00234	0.01333	0.00611	0.00425	0.01070
11	0.02175	0.13885	0.02258	0.01581	0.02050	0.12492	0.01283	0.11923	0.11101	0.02957	0.03929	0.09062	0.16583	0.01451	0.00876	0.00268	0.00854	0.03515	0.00695	0.01062
12	0.02298	0.02030	0.01907	0.11913	0.02616	0.20239	0.01424	0.02606	0.02098	0.12448	0.07929	0.16537	0.02981	0.01892	0.06770	0.00380	0.01119	0.01169	0.00664	0.00981
13	0.02118	0.02097	0.03009	0.02409	0.02888	0.07526	0.18759	0.07460	0.14597	0.02881	0.02123	0.02565	0.01716	0.01992	0.12369	0.00490	0.12414	0.00901	0.00563	0.01124
14	0.02099	0.17853	0.02869	0.01801	0.02353	0.07526	0.06713	0.07426	0.01955	0.02593	0.01652	0.02112	0.01430	0.02036	0.14485	0.00463	0.06682	0.00685	0.00480	0.16787
15	0.02994	0.03180	0.02761	0.03088	0.20749	0.36577	0.01942	0.07806	0.02458	0.07904	0.01671	0.01905	0.01316	0.00890	0.00824	0.00242	0.01296	0.00670	0.00531	0.01198
16	0.02235	0.02776	0.15618	0.10675	0.06065	0.12543	0.07392	0.10302	0.09069	0.03026	0.02221	0.03110	0.01860	0.01100	0.00906	0.00286	0.01155	0.07920	0.00570	0.01171

[dist]
# distance from previous block
# <min> <max>
0	38

[block]
# block no. 11 follows, 20 sequences, length 6
# corresponding to MSA columns:
# 390-395
name=unknown_L
#
# <colnr> <probs for GDERKNQSTAVLIFYWHMCP>
#	G	D	E	R	K	N	Q	S	T	A	V	L	I	F	Y	W	H	M	C	P
0	0.01784	0.01344	0.01527	0.01449	0.01714	0.01436	0.01054	0.14308	0.14194	0.03103	0.03665	0.31795	0.03845	0.12735	0.01551	0.00402	0.00691	0.01637	0.00793	0.00974
1	0.02203	0.03046	0.22343	0.02788	0.07903	0.06947	0.16874	0.08741	0.14218	0.03167	0.02050	0.02278	0.01527	0.00898	0.00894	0.00278	0.01186	0.00825	0.00549	0.01284
2	0.01246	0.00935	0.01402	0.01402	0.01558	0.01090	0.01090	0.01558	0.01402	0.02025	0.02336	0.03427	0.02181	0.06542	0.65888	0.01402	0.02336	0.00935	0.00467	0.00779
3	0.16509	0.08859	0.17578	0.01666	0.02259	0.06642	0.01658	0.02410	0.01893	0.03007	0.14347	0.02784	0.02649	0.01101	0.00957	0.00266	0.07147	0.00805	0.06445	0.01017
4	0.12444	0.16090	0.02436	0.08129	0.02471	0.22000	0.01408	0.02778	0.02060	0.05942	0.07502	0.02304	0.01946	0.00959	0.00726	0.00235	0.01009	0.00690	0.07867	0.01007
5	0.01897	0.09192	0.16051	0.02461	0.14733	0.08173	0.01925	0.02557	0.06479	0.02753	0.11002	0.03783	0.09947	0.01222	0.00880	0.00269	0.00942	0.04034	0.00584	0.01115

[dist]
# distance from previous block
# <min> <max>
21	66

[block]
# block no. 12 follows, 20 sequences, length 8
# corresponding to MSA columns:
# 462-469
name=unknown_M
#
# <colnr> <probs for GDERKNQSTAVLIFYWHMCP>
#	G	D	E	R	K	N	Q	S	T	A	V	L	I	F	Y	W	H	M	C	P
0	0.34872	0.02339	0.02044	0.02275	0.13947	0.18759	0.01489	0.02728	0.01834	0.03050	0.01444	0.01802	0.01200	0.01399	0.07184	0.00369	0.01147	0.00601	0.00488	0.01030
1	0.02643	0.15077	0.09033	0.02570	0.18561	0.01929	0.01822	0.03072	0.02106	0.23853	0.02888	0.02881	0.07770	0.01023	0.00823	0.00254	0.00881	0.00845	0.00675	0.01293
