[name]
unknown

[dist]
# distance from previous block
# <min> <max>
0	0

[block]
# block no. 0 follows, 20 sequences, length 15
# corresponding to MSA columns:
# 0-14
name=unknown_A
#
# <colnr> <probs for GDERKNQSTAVLIFYWHMCP>
#	G	D	E	R	K	N	Q	S	T	A	V	L	I	F	Y	W	H	M	C	P
0	0.01406	0.01004	0.01406	0.01606	0.01807	0.01004	0.01406	0.01807	0.02008	0.02610	0.04618	0.09839	0.05020	0.02410	0.01205	0.00402	0.00803	0.58032	0.00803	0.00803
1	0.19302	0.01044	0.01095	0.01106	0.01362	0.01049	0.00819	0.01665	0.01895	0.02999	0.20169	0.24630	0.15986	0.01914	0.00935	0.00301	0.00510	0.01632	0.00784	0.00802
2	0.01307	0.01059	0.01237	0.07295	0.01793	0.01024	0.00956	0.06840	0.02082	0.02602	0.06547	0.22006	0.37850	0.02105	0.01022	0.00306	0.00573	0.01800	0.00776	0.00820
3	0.01328	0.00971	0.01115	0.01135	0.01287	0.00943	0.00772	0.06848	0.01852	0.02405	0.04867	0.29982	0.17852	0.22190	0.02057	0.00477	0.00635	0.01815	0.00732	0.00734
4	0.01148	0.00843	0.01063	0.01134	0.01241	0.00834	0.00780	0.01313	0.01571	0.02076	0.04491	0.27605	0.14963	0.19419	0.16752	0.00701	0.00995	0.01718	0.00664	0.00687
5	0.01055	0.00788	0.00983	0.01139	0.01245	0.00715	0.00776	0.01223	0.01743	0.02256	0.05732	0.54924	0.19024	0.02613	0.01094	0.00341	0.00491	0.02333	0.00810	0.00715
6	0.07025	0.01421	0.01759	0.01449	0.01947	0.01384	0.01164	0.10300	0.02289	0.20945	0.11194	0.03202	0.02743	0.02349	0.15757	0.00509	0.01071	0.00901	0.00779	0.11811
7	0.01255	0.00898	0.01216	0.01216	0.01307	0.00989	0.00858	0.01438	0.01347	0.01887	0.02507	0.04370	0.02590	0.32511	0.40479	0.01172	0.01720	0.01073	0.00493	0.00675
8	0.01095	0.00773	0.01003	0.01174	0.01216	0.00730	0.00766	0.01223	0.01607	0.02143	0.04486	0.58935	0.05364	0.13127	0.01632	0.00431	0.00559	0.02291	0.00766	0.00680
9	0.01135	0.00829	0.01012	0.01078	0.01200	0.00765	0.00733	0.01330	0.01837	0.02443	0.18618	0.31647	0.16488	0.14807	0.01697	0.00416	0.00536	0.01930	0.00792	0.00706
10	0.02348	0.01100	0.01413	0.01206	0.01590	0.00996	0.00950	0.02730	0.02333	0.26758	0.26610	0.04412	0.04535	0.01338	0.00875	0.00256	0.00537	0.01134	0.17804	0.01074
11	0.02238	0.01588	0.01826	0.01551	0.01947	0.01756	0.01232	0.28337	0.02673	0.03756	0.02335	0.02956	0.01943	0.07485	0.22249	0.00664	0.01314	0.00871	0.12196	0.01084
12	0.01202	0.00850	0.00939	0.00951	0.01021	0.00813	0.00575	0.01262	0.01456	0.01874	0.04261	0.09878	0.17169	0.50191	0.03470	0.00692	0.00734	0.01468	0.00609	0.00586
13	0.01282	0.01086	0.01131	0.01085	0.01412	0.01036	0.00824	0.01977	0.14316	0.02725	0.12792	0.07175	0.46057	0.01961	0.01002	0.00293	0.00490	0.01643	0.00840	0.00876
14	0.10139	0.05100	0.19409	0.08254	0.12293	0.01710	0.01968	0.02465	0.01907	0.08528	0.03366	0.03479	0.15560	0.01159	0.00846	0.00274	0.00909	0.00947	0.00567	0.01120

[dist]
# distance from previous block
# <min> <max>
0	1

[block]
# block no. 1 follows, 20 sequences, length 28
# corresponding to MSA columns:
# 16-43
name=unknown_B
#
# <colnr> <probs for GDERKNQSTAVLIFYWHMCP>
#	G	D	E	R	K	N	Q	S	T	A	V	L	I	F	Y	W	H	M	C	P
0	0.06062	0.08862	0.02349	0.01750	0.02291	0.10531	0.01422	0.24900	0.12278	0.03732	0.02730	0.02807	0.07219	0.01652	0.07206	0.00370	0.01069	0.00852	0.00710	0.01208
1	0.09189	0.01751	0.07858	0.35687	0.09993	0.01734	0.02038	0.02201	0.01845	0.02646	0.08308	0.03179	0.07966	0.01073	0.00864	0.00283	0.00968	0.00916	0.00503	0.00998
2	0.02371	0.02474	0.03335	0.04755	0.52106	0.14364	0.02486	0.02832	0.02080	0.02712	0.01584	0.02046	0.01332	0.00801	0.00849	0.00252	0.01140	0.00736	0.00435	0.01310
3	0.02323	0.03021	0.14593	0.02679	0.12006	0.19008	0.02116	0.03177	0.13791	0.02654	0.01826	0.02109	0.01465	0.01046	0.01234	0.00285	0.14249	0.00733	0.00504	0.01182
4	0.02406	0.18102	0.02782	0.14624	0.03047	0.23073	0.01652	0.06090	0.07599	0.02479	0.02365	0.02561	0.07699	0.01027	0.00790	0.00245	0.01116	0.00764	0.00520	0.01059
5	0.08914	0.01112	0.01209	0.01077	0.01491	0.00991	0.00846	0.02132	0.02068	0.18136	0.06747	0.06360	0.42093	0.01791	0.00945	0.00286	0.00540	0.01467	0.00852	0.00945
6	0.01835	0.01435	0.01558	0.01322	0.01780	0.01386	0.01035	0.19240	0.02553	0.03352	0.05216	0.13057	0.28364	0.01691	0.00936	0.00267	0.00636	0.01405	0.00784	0.12149
7	0.08554	0.08870	0.02167	0.01858	0.05379	0.14323	0.01402	0.02248	0.01683	0.02272	0.01773	0.02458	0.01609	0.03523	0.30869	0.00783	0.08108	0.00747	0.00450	0.00925
8	0.32226	0.18136	0.02707	0.02194	0.13975	0.05945	0.01527	0.08970	0.01987	0.03341	0.01399	0.01638	0.01138	0.00819	0.00657	0.00245	0.00886	0.00569	0.00511	0.01132
9	0.02418	0.43069	0.15957	0.01825	0.02637	0.10617	0.01870	0.08004	0.02080	0.02512	0.01378	0.01570	0.01150	0.00808	0.00668	0.00216	0.01082	0.00542	0.00426	0.01172
10	0.01246	0.00993	0.01075	0.01039	0.01283	0.00940	0.00749	0.01719	0.08932	0.02586	0.17028	0.06932	0.34606	0.15092	0.01678	0.00398	0.00544	0.01582	0.00792	0.00786
11	0.01031	0.00884	0.00884	0.00884	0.01178	0.00736	0.00663	0.01252	0.01988	0.02356	0.08837	0.08395	0.63549	0.02209	0.01031	0.00295	0.00442	0.01841	0.00810	0.00736
12	0.02855	0.02032	0.02251	0.01798	0.02329	0.02228	0.01441	0.46401	0.03404	0.04560	0.02110	0.05380	0.01694	0.01517	0.01382	0.14857	0.00899	0.00861	0.00773	0.01230
13	0.01268	0.00846	0.00951	0.00951	0.00951	0.00846	0.00529	0.01268	0.01268	0.01691	0.02748	0.05708	0.03171	0.69345	0.04440	0.00846	0.00846	0.01268	0.00529	0.00529
14	0.03077	0.17051	0.02884	0.02099	0.02607	0.53600	0.01648	0.03312	0.02335	0.02119	0.01322	0.01539	0.01123	0.00869	0.00742	0.00217	0.01447	0.00543	0.00434	0.01032
15	0.03258	0.04157	0.02472	0.02247	0.02697	0.65843	0.01685	0.03483	0.02472	0.02135	0.01348	0.01573	0.01124	0.00899	0.00787	0.00225	0.01573	0.00562	0.00449	0.01011
16	0.01063	0.00759	0.01012	0.01215	0.01265	0.00709	0.00810	0.01215	0.01670	0.02227	0.04808	0.68775	0.05769	0.02733	0.01113	0.00354	0.00506	0.02480	0.00810	0.00709
17	0.03113	0.04191	0.08465	0.02270	0.02800	0.59709	0.01833	0.03414	0.02411	0.02195	0.01369	0.01599	0.01122	0.00892	0.00791	0.00230	0.01546	0.00570	0.00442	0.01038
18	0.01946	0.16277	0.38883	0.02853	0.15223	0.02331	0.02735	0.02690	0.01836	0.02618	0.01496	0.01823	0.01164	0.00831	0.00868	0.00260	0.03879	0.00642	0.00382	0.01262
19	0.02045	0.06449	0.38424	0.03242	0.20807	0.08650	0.02838	0.02806	0.01945	0.02694	0.01550	0.01887	0.01187	0.00818	0.00823	0.00262	0.01231	0.00667	0.00395	0.01280
20	0.02322	0.02428	0.03236	0.11100	0.45957	0.14563	0.02456	0.02789	0.02057	0.02646	0.01574	0.02061	0.01309	0.00811	0.00849	0.00256	0.01155	0.00735	0.00431	0.01267
21	0.02218	0.02571	0.01757	0.01628	0.01985	0.34287	0.01221	0.02478	0.02332	0.02466	0.15687	0.04513	0.20549	0.01451	0.00905	0.00255	0.01019	0.01130	0.00654	0.00895
22	0.01098	0.00784	0.01053	0.01255	0.01321	0.00739	0.00871	0.01275	0.01705	0.02266	0.04788	0.62723	0.05692	0.02700	0.01123	0.00359	0.00537	0.08184	0.00809	0.00718
23	0.01796	0.01661	0.02573	0.48836	0.10488	0.01996	0.02241	0.02741	0.13646	0.02563	0.01951	0.02493	0.01477	0.00925	0.00874	0.00289	0.01059	0.00817	0.00490	0.01087
24	0.01246	0.00935	0.01402	0.01402	0.01558	0.01090	0.01090	0.01558	0.01402	0.02025	0.02336	0.03427	0.02181	0.06542	0.65888	0.01402	0.02336	0.00935	0.00467	0.00779
25	0.01310	0.01028	0.01524	0.01487	0.01628	0.01242	0.01169	0.01610	0.01396	0.02032	0.02222	0.03281	0.02081	0.06060	0.59830	0.01304	0.08624	0.00918	0.00459	0.00796
26	0.22343	0.02244	0.02266	0.01780	0.02437	0.02508	0.01470	0.45594	0.03412	0.05080	0.01862	0.01916	0.01341	0.00985	0.00785	0.00264	0.00885	0.00703	0.00785	0.01341
27	0.02910	0.02147	0.02379	0.01888	0.02480	0.02388	0.01547	0.49340	0.03572	0.04816	0.02142	0.02356	0.01620	0.02125	0.13621	0.00485	0.01230	0.00815	0.00793	0.01345

[dist]
# distance from previous block
# <min> <max>
0	2

[block]
# block no. 2 follows, 20 sequences, length 31
# corresponding to MSA columns:
# 46-76
name=unknown_C
#
# <colnr> <probs for GDERKNQSTAVLIFYWHMCP>
#	G	D	E	R	K	N	Q	S	T	A	V	L	I	F	Y	W	H	M	C	P
0	0.06960	0.12831	0.02428	0.01654	0.02228	0.12306	0.01366	0.23184	0.02783	0.07875	0.03248	0.03202	0.13962	0.01200	0.00823	0.00252	0.00916	0.00902	0.00710	0.01169
1	0.02060	0.01576	0.01978	0.01706	0.02106	0.01626	0.05401	0.25038	0.02667	0.03590	0.03366	0.34547	0.03549	0.01827	0.00990	0.00303	0.00761	0.01615	0.00795	0.04501
2	0.05752	0.53816	0.04021	0.01612	0.02305	0.11973	0.01505	0.06150	0.01993	0.02348	0.01283	0.01465	0.01134	0.00788	0.00609	0.00200	0.01012	0.00499	0.00420	0.01118
3	0.02231	0.02796	0.20100	0.04041	0.37792	0.02160	0.02664	0.11963	0.02283	0.03246	0.01692	0.02062	0.01322	0.00834	0.00855	0.00264	0.01093	0.00742	0.00484	0.01373
4	0.01626	0.00813	0.00813	0.00813	0.01016	0.00813	0.00610	0.02033	0.01829	0.03252	0.02846	0.03252	0.02236	0.01016	0.00610	0.00203	0.00407	0.00813	0.74187	0.00813
5	0.01470	0.01017	0.01369	0.01325	0.01529	0.01149	0.01033	0.05864	0.01680	0.02520	0.02422	0.03297	0.02142	0.05033	0.48056	0.01078	0.01848	0.00899	0.15433	0.00836
6	0.01368	0.00875	0.01202	0.01314	0.01405	0.00868	0.00999	0.01448	0.01595	0.02099	0.03462	0.15286	0.03830	0.13262	0.02335	0.21638	0.00756	0.24993	0.00639	0.00625
7	0.01515	0.00758	0.01136	0.01136	0.01136	0.00758	0.00758	0.01136	0.01136	0.01515	0.01515	0.02652	0.01515	0.03030	0.03409	0.74621	0.00758	0.00758	0.00379	0.00379
8	0.01246	0.00935	0.01402	0.01402	0.01558	0.01090	0.01090	0.01558	0.01402	0.02025	0.02336	0.03427	0.02181	0.06542	0.65888	0.01402	0.02336	0.00935	0.00467	0.00779
9	0.01252	0.00909	0.01273	0.01273	0.01385	0.01021	0.00930	0.01475	0.01364	0.01930	0.02454	0.04078	0.02463	0.24458	0.48359	0.01243	0.01911	0.01030	0.00485	0.00707
10	0.01092	0.00782	0.00993	0.01148	0.01209	0.00732	0.00754	0.01226	0.01632	0.02153	0.04794	0.54291	0.09786	0.13109	0.01627	0.00427	0.00554	0.02241	0.00766	0.00682
11	0.02776	0.02601	0.02933	0.07069	0.25768	0.15218	0.02088	0.24156	0.02845	0.03638	0.01742	0.02026	0.01354	0.00906	0.00852	0.00255	0.01124	0.00736	0.00594	0.01320
12	0.01868	0.17755	0.52616	0.02285	0.03464	0.02315	0.02872	0.02732	0.01828	0.02619	0.01494	0.01752	0.01108	0.00812	0.00774	0.00258	0.01217	0.00608	0.00369	0.01255
13	0.02407	0.64568	0.04402	0.01553	0.02276	0.08485	0.01508	0.02682	0.01829	0.02059	0.01224	0.01413	0.01120	0.00759	0.00578	0.00190	0.00984	0.00474	0.00379	0.01111
14	0.01268	0.00846	0.00951	0.00951	0.00951	0.00846	0.00529	0.01268	0.01268	0.01691	0.02748	0.05708	0.03171	0.69345	0.04440	0.00846	0.00846	0.01268	0.00529	0.00529
15	0.01268	0.00846	0.00951	0.00951	0.00951	0.00846	0.00529	0.01268	0.01268	0.01691	0.02748	0.05708	0.03171	0.69345	0.04440	0.00846	0.00846	0.01268	0.00529	0.00529
16	0.01948	0.26796	0.44281	0.02147	0.03251	0.02512	0.02633	0.02711	0.01818	0.02520	0.01445	0.01691	0.01110	0.00801	0.00737	0.00246	0.01168	0.00584	0.00370	0.01231
17	0.01066	0.00890	0.00932	0.00936	0.01218	0.00756	0.00711	0.01311	0.02029	0.02462	0.13128	0.08309	0.56210	0.02184	0.01039	0.00298	0.00457	0.04496	0.00822	0.00747
18	0.01352	0.01102	0.01487	0.01398	0.01532	0.01256	0.01078	0.01637	0.01838	0.02602	0.25170	0.10125	0.09225	0.06767	0.14857	0.00569	0.15159	0.01350	0.00687	0.00809
19	0.01246	0.00935	0.01402	0.01402	0.01558	0.01090	0.01090	0.01558	0.01402	0.02025	0.02336	0.03427	0.02181	0.06542	0.65888	0.01402	0.02336	0.00935	0.00467	0.00779
20	0.01063	0.00759	0.01012	0.01215	0.01265	0.00709	0.00810	0.01215	0.01670	0.02227	0.04808	0.68775	0.05769	0.02733	0.01113	0.00354	0.00506	0.02480	0.00810	0.00709
21	0.29588	0.02051	0.05776	0.03635	0.37597	0.02027	0.02056	0.02639	0.01791	0.03243	0.01477	0.01865	0.01204	0.00792	0.00741	0.00264	0.00914	0.00656	0.00469	0.01213
22	0.11864	0.13357	0.02592	0.09670	0.05845	0.28972	0.01617	0.02995	0.06339	0.02515	0.01936	0.02156	0.04826	0.00950	0.00755	0.00243	0.01156	0.00675	0.00493	0.01044
23	0.02316	0.54348	0.13824	0.01709	0.02516	0.08262	0.01779	0.02706	0.01840	0.02170	0.01279	0.01482	0.01117	0.00771	0.00620	0.00204	0.01040	0.00502	0.00379	0.01137
24	0.11430	0.23673	0.12878	0.01773	0.06512	0.02124	0.01594	0.02254	0.01738	0.02513	0.02688	0.02956	0.11194	0.01909	0.10913	0.00425	0.01106	0.00810	0.00482	0.01029
25	0.02376	0.02323	0.02460	0.02534	0.15647	0.14890	0.01668	0.11613	0.02310	0.03023	0.02007	0.02274	0.04941	0.00951	0.00958	0.00227	0.06370	0.00721	0.00546	0.22159
26	0.01861	0.01386	0.01727	0.01904	0.11541	0.01365	0.01242	0.02690	0.16477	0.10724	0.08894	0.05379	0.28140	0.01569	0.00950	0.00285	0.00632	0.01330	0.00811	0.01093
27	0.02063	0.01832	0.03135	0.07534	0.33599	0.01775	0.11505	0.02554	0.02018	0.07701	0.02922	0.03226	0.11140	0.01019	0.00909	0.00268	0.00981	0.00981	0.00546	0.04294
28	0.02092	0.02197	0.08101	0.18032	0.37668	0.02096	0.07369	0.06728	0.02079	0.02893	0.01658	0.02182	0.01316	0.00817	0.00877	0.00270	0.01113	0.00788	0.00449	0.01276
29	0.01905	0.01842	0.03218	0.35069	0.31445	0.02018	0.06999	0.02470	0.01875	0.02546	0.01607	0.02254	0.01272	0.00820	0.00880	0.00277	0.01131	0.00796	0.00411	0.01167
30	0.02254	0.02103	0.03465	0.05079	0.58868	0.02125	0.02593	0.07475	0.02160	0.03068	0.01678	0.02154	0.01390	0.00799	0.00864	0.00259	0.01030	0.00778	0.00468	0.01390

[dist]
# distance from previous block
# <min> <max>
3	104

[block]
# block no. 3 follows, 20 sequences, length 29
# corresponding to MSA columns:
# 181-209
name=unknown_D
#
# <colnr> <probs for GDERKNQSTAVLIFYWHMCP>
#	G	D	E	R	K	N	Q	S	T	A	V	L	I	F	Y	W	H	M	C	P
0	0.02090	0.07926	0.08034	0.02550	0.18180	0.04767	0.01753	0.02630	0.04500	0.06037	0.01790	0.02115	0.01456	0.01254	0.06175	0.00306	0.01019	0.00667	0.00509	0.26242
1	0.08721	0.12375	0.02722	0.02291	0.12067	0.14967	0.01613	0.07514	0.02087	0.02834	0.01456	0.01755	0.01220	0.00856	0.00897	0.00222	0.06759	0.00600	0.00488	0.18557
2	0.20090	0.02971	0.02026	0.01814	0.02295	0.34944	0.01396	0.07598	0.07491	0.02964	0.02188	0.02290	0.06442	0.01023	0.00764	0.00250	0.01143	0.00701	0.00571	0.01041
3	0.08132	0.01767	0.02332	0.23509	0.13075	0.04858	0.01912	0.11144	0.02213	0.03034	0.02545	0.03859	0.05048	0.01233	0.00909	0.00297	0.00988	0.11495	0.00582	0.01069
4	0.14740	0.03119	0.02338	0.01982	0.02540	0.31897	0.01558	0.25027	0.02930	0.03685	0.01608	0.01745	0.01231	0.00941	0.00780	0.00246	0.01199	0.00632	0.00623	0.01179
5	0.02227	0.02022	0.02515	0.03066	0.26343	0.07208	0.01809	0.14311	0.07686	0.03329	0.06212	0.03577	0.13540	0.01195	0.00901	0.00267	0.00894	0.01018	0.00658	0.01223
6	0.01711	0.01252	0.01572	0.01454	0.01614	0.01452	0.01100	0.02229	0.15793	0.02347	0.02671	0.03201	0.07134	0.02073	0.02271	0.30533	0.13204	0.00911	0.06685	0.00791
7	0.01049	0.00884	0.00908	0.00902	0.01189	0.00744	0.00677	0.01286	0.02030	0.02456	0.13623	0.08230	0.58700	0.02172	0.01031	0.00293	0.00439	0.01818	0.00823	0.00744
8	0.01712	0.01459	0.01782	0.07443	0.06944	0.01592	0.01350	0.02995	0.28674	0.03051	0.09540	0.13070	0.11470	0.01569	0.00958	0.00302	0.00680	0.03519	0.00792	0.01098
9	0.02866	0.02220	0.02364	0.01916	0.02534	0.02495	0.01549	0.38863	0.26966	0.04772	0.02666	0.02550	0.01947	0.01101	0.00878	0.00275	0.00854	0.00864	0.00878	0.01443
10	0.02384	0.59246	0.04194	0.01571	0.02274	0.07767	0.01496	0.02851	0.07130	0.02198	0.01427	0.01574	0.01255	0.00795	0.00605	0.00199	0.00957	0.00519	0.00424	0.01135
11	0.08740	0.14404	0.02713	0.02042	0.02545	0.50954	0.01597	0.03273	0.02284	0.02260	0.01316	0.01533	0.01109	0.00868	0.00731	0.00222	0.01401	0.00540	0.00444	0.01023
12	0.01074	0.00885	0.00944	0.00929	0.01205	0.00755	0.00697	0.01336	0.02091	0.02599	0.20456	0.07995	0.51778	0.02119	0.01030	0.00290	0.00435	0.01785	0.00842	0.00755
13	0.01626	0.00813	0.00813	0.00813	0.01016	0.00813	0.00610	0.02033	0.01829	0.03252	0.02846	0.03252	0.02236	0.01016	0.00610	0.00203	0.00407	0.00813	0.74187	0.00813
14	0.02652	0.01814	0.01968	0.01637	0.02163	0.01982	0.01311	0.23541	0.23334	0.11045	0.02893	0.02821	0.02113	0.01091	0.00825	0.00263	0.00732	0.00870	0.15630	0.01314
15	0.06342	0.02531	0.02717	0.08111	0.15226	0.12494	0.01897	0.32504	0.03098	0.04085	0.01798	0.02012	0.01354	0.00944	0.00841	0.00258	0.01076	0.00733	0.00661	0.01320
16	0.01884	0.19546	0.50965	0.02258	0.03422	0.02354	0.02825	0.02728	0.01826	0.02599	0.01484	0.01740	0.01108	0.00810	0.00767	0.00256	0.01207	0.00604	0.00369	0.01250
17	0.01072	0.00885	0.00940	0.00927	0.01203	0.00754	0.00695	0.01331	0.02085	0.02586	0.19807	0.08017	0.52436	0.02124	0.01031	0.00290	0.00436	0.01788	0.00840	0.00754
18	0.01063	0.00759	0.01012	0.01215	0.01265	0.00709	0.00810	0.01215	0.01670	0.02227	0.04808	0.68775	0.05769	0.02733	0.01113	0.00354	0.00506	0.02480	0.00810	0.00709
19	0.01031	0.00884	0.00884	0.00884	0.01178	0.00736	0.00663	0.01252	0.01988	0.02356	0.08837	0.08395	0.63549	0.02209	0.01031	0.00295	0.00442	0.01841	0.00810	0.00736
20	0.01135	0.00794	0.01015	0.01162	0.01206	0.00760	0.00762	0.01258	0.01577	0.02100	0.04239	0.48784	0.05027	0.20827	0.02022	0.00490	0.00613	0.04832	0.00733	0.00664
21	0.01056	0.00784	0.00986	0.01148	0.01248	0.00714	0.00780	0.01222	0.01734	0.02253	0.05617	0.56645	0.17377	0.02628	0.01097	0.00342	0.00493	0.02351	0.00810	0.00714
22	0.03072	0.17359	0.02894	0.02096	0.02605	0.53308	0.01647	0.03308	0.02331	0.02118	0.01321	0.01538	0.01123	0.00868	0.00741	0.00217	0.01444	0.00543	0.00434	0.01033
23	0.02062	0.01953	0.03181	0.04670	0.53353	0.01965	0.02395	0.02717	0.07013	0.02874	0.02421	0.02789	0.06856	0.00935	0.00880	0.00265	0.00956	0.00886	0.00502	0.01326
24	0.02130	0.02432	0.09665	0.12384	0.40576	0.07683	0.02560	0.02659	0.01937	0.02646	0.01561	0.02078	0.01286	0.00858	0.00996	0.00271	0.05860	0.00743	0.00418	0.01257
25	0.02159	0.02073	0.03541	0.05354	0.63903	0.02073	0.02677	0.02677	0.01986	0.02850	0.01641	0.02159	0.01382	0.00777	0.00864	0.00259	0.01036	0.00777	0.00432	0.01382
26	0.02594	0.07268	0.02083	0.01742	0.07325	0.01446	0.01274	0.03118	0.06626	0.28766	0.23383	0.03982	0.04089	0.01270	0.00901	0.00265	0.00669	0.01077	0.00908	0.01213
27	0.10776	0.02045	0.01843	0.01603	0.02090	0.14474	0.01243	0.03534	0.17491	0.19899	0.03227	0.03260	0.07399	0.05984	0.01091	0.00310	0.00870	0.00909	0.00782	0.01170
28	0.01626	0.00813	0.00813	0.00813	0.01016	0.00813	0.00610	0.02033	0.01829	0.03252	0.02846	0.03252	0.02236	0.01016	0.00610	0.00203	0.00407	0.00813	0.74187	0.00813

[dist]
# distance from previous block
# <min> <max>
0	1

[block]
# block no. 4 follows, 20 sequences, length 13
# corresponding to MSA columns:
# 211-223
name=unknown_E
#
# <colnr> <probs for GDERKNQSTAVLIFYWHMCP>
#	G	D	E	R	K	N	Q	S	T	A	V	L	I	F	Y	W	H	M	C	P
0	0.02160	0.02045	0.03321	0.04853	0.55269	0.02086	0.02495	0.02951	0.10440	0.02962	0.01908	0.02312	0.01561	0.00834	0.00867	0.00264	0.00988	0.00806	0.00496	0.01382
1	0.02910	0.02166	0.02346	0.01806	0.02449	0.02312	0.01463	0.47074	0.03510	0.04763	0.02080	0.02398	0.01617	0.07490	0.01180	0.00299	0.00905	0.00794	0.00790	0.11647
2	0.01228	0.00825	0.01071	0.01184	0.01311	0.00755	0.00821	0.01429	0.01844	0.05613	0.12424	0.51608	0.11665	0.02477	0.01082	0.00334	0.00500	0.02221	0.00842	0.00766
3	0.02975	0.02229	0.02399	0.01911	0.02529	0.02470	0.01551	0.48314	0.12064	0.04977	0.02515	0.07594	0.01992	0.01201	0.00894	0.00274	0.00886	0.00949	0.00870	0.01407
4	0.03316	0.02443	0.02618	0.02007	0.02705	0.02705	0.01658	0.60995	0.04101	0.05497	0.02094	0.02094	0.01483	0.01047	0.00873	0.00262	0.00960	0.00785	0.00873	0.01483
5	0.01263	0.00868	0.01063	0.01063	0.01102	0.00907	0.00668	0.01340	0.01302	0.01774	0.02646	0.05141	0.02925	0.53728	0.19720	0.00984	0.01216	0.01185	0.00513	0.00591
6	0.01089	0.00874	0.00900	0.00900	0.01123	0.00763	0.00630	0.01256	0.01812	0.02193	0.07345	0.07737	0.48757	0.18656	0.01866	0.00430	0.00541	0.01701	0.00741	0.00685
7	0.01161	0.00889	0.01064	0.01021	0.01258	0.00792	0.00765	0.01504	0.02296	0.03088	0.43809	0.07191	0.28120	0.01936	0.01030	0.00282	0.00422	0.01672	0.00906	0.00792
8	0.05946	0.01568	0.02667	0.41877	0.04751	0.01799	0.10418	0.02248	0.01824	0.02479	0.02146	0.03709	0.01908	0.01142	0.00939	0.00311	0.01110	0.11709	0.00483	0.00965
9	0.08473	0.02165	0.22231	0.01561	0.02157	0.01329	0.01628	0.02103	0.02168	0.03294	0.37056	0.04485	0.05180	0.01375	0.00916	0.00275	0.00727	0.01164	0.00724	0.00989
10	0.03203	0.08850	0.02688	0.02107	0.02663	0.39967	0.01661	0.22434	0.02955	0.03240	0.01584	0.01732	0.01242	0.00936	0.00797	0.00234	0.01319	0.00628	0.00583	0.01176
11	0.02373	0.02893	0.17631	0.06567	0.29129	0.08211	0.02497	0.14357	0.02408	0.03260	0.01681	0.02024	0.01302	0.00859	0.00850	0.00262	0.01137	0.00727	0.00504	0.01326
12	0.02201	0.12589	0.20737	0.03239	0.17681	0.11087	0.14842	0.02828	0.01999	0.02603	0.01546	0.01925	0.01221	0.00795	0.00836	0.00256	0.01258	0.00721	0.00411	0.01225

[dist]
# distance from previous block
# <min> <max>
2	13

[block]
# block no. 5 follows, 20 sequences, length 45
# corresponding to MSA columns:
# 237-281
name=unknown_F
#
# <colnr> <probs for GDERKNQSTAVLIFYWHMCP>
#	G	D	E	R	K	N	Q	S	T	A	V	L	I	F	Y	W	H	M	C	P
0	0.09079	0.03120	0.29739	0.03465	0.23103	0.02062	0.11637	0.02720	0.01887	0.02907	0.01586	0.01981	0.01212	0.00796	0.00843	0.00273	0.01176	0.00730	0.00417	0.01268
1	0.02159	0.02073	0.03541	0.05354	0.63903	0.02073	0.02677	0.02677	0.01986	0.02850	0.01641	0.02159	0.01382	0.00777	0.00864	0.00259	0.01036	0.00777	0.00432	0.01382
2	0.02333	0.02109	0.03331	0.08074	0.50154	0.02176	0.02486	0.12812	0.02342	0.03278	0.01715	0.02157	0.01388	0.00829	0.00866	0.00261	0.01030	0.00779	0.00506	0.01377
3	0.01416	0.01186	0.01764	0.07081	0.02080	0.01486	0.01370	0.01725	0.01417	0.02057	0.02026	0.03023	0.01883	0.05037	0.47498	0.01099	0.15692	0.00886	0.00443	0.00831
4	0.01031	0.00884	0.00884	0.00884	0.01178	0.00736	0.00663	0.01252	0.01988	0.02356	0.08837	0.08395	0.63549	0.02209	0.01031	0.00295	0.00442	0.01841	0.00810	0.00736
5	0.02951	0.01778	0.02072	0.01678	0.02220	0.01860	0.01342	0.26389	0.08831	0.22137	0.02848	0.06245	0.02208	0.07240	0.05719	0.00400	0.00932	0.00969	0.00875	0.01305
6	0.01190	0.00890	0.01104	0.01050	0.01276	0.00804	0.00788	0.01559	0.02363	0.03247	0.51440	0.06929	0.20391	0.01877	0.01029	0.00279	0.00418	0.01635	0.00927	0.00804
7	0.01780	0.04303	0.59040	0.02602	0.03851	0.02043	0.08798	0.02766	0.01863	0.02766	0.01585	0.01891	0.01126	0.00820	0.00848	0.00278	0.01307	0.00682	0.00375	0.01278
8	0.01246	0.00935	0.01402	0.01402	0.01558	0.01090	0.01090	0.01558	0.01402	0.02025	0.02336	0.03427	0.02181	0.06542	0.65888	0.01402	0.02336	0.00935	0.00467	0.00779
9	0.01752	0.05751	0.01726	0.01559	0.01763	0.16950	0.01157	0.01939	0.01866	0.02193	0.03735	0.36921	0.08739	0.02009	0.01164	0.00311	0.07304	0.01674	0.00655	0.00833
10	0.01235	0.00892	0.01166	0.01097	0.01303	0.00823	0.00823	0.01646	0.02469	0.03498	0.63443	0.06516	0.08230	0.01783	0.01029	0.00274	0.00412	0.01578	0.00960	0.00823
11	0.03129	0.02682	0.02491	0.02017	0.02637	0.14640	0.01621	0.41413	0.12712	0.04574	0.02175	0.02173	0.01596	0.01040	0.00859	0.00260	0.01035	0.00774	0.00794	0.01378
12	0.03146	0.13338	0.02869	0.02007	0.02631	0.23598	0.01642	0.33123	0.03208	0.03863	0.01714	0.01816	0.01309	0.00952	0.00796	0.00238	0.01158	0.00663	0.00657	0.01272
13	0.01821	0.01790	0.02874	0.02352	0.02630	0.02172	0.14719	0.02380	0.07423	0.02387	0.01777	0.02471	0.01559	0.02420	0.16119	0.00578	0.32175	0.00882	0.00463	0.01006
14	0.01039	0.00852	0.00916	0.00968	0.01200	0.00729	0.00700	0.01242	0.01908	0.02324	0.07816	0.23695	0.48908	0.02342	0.01052	0.00310	0.00458	0.02003	0.00810	0.00729
15	0.01258	0.00888	0.01164	0.01164	0.01237	0.00961	0.00793	0.01405	0.01331	0.01849	0.02554	0.04632	0.02704	0.39729	0.33416	0.01108	0.01549	0.01111	0.00500	0.00647
16	0.01277	0.00963	0.01226	0.01358	0.01591	0.00912	0.01151	0.01617	0.02001	0.02523	0.06067	0.09343	0.25113	0.02341	0.01145	0.00365	0.00679	0.38742	0.00806	0.00780
17	0.01461	0.01236	0.01345	0.01182	0.01613	0.01136	0.00911	0.02204	0.14469	0.02863	0.12487	0.05667	0.30860	0.01604	0.00916	0.00256	0.00535	0.01343	0.00779	0.17133
18	0.02894	0.11457	0.03355	0.02410	0.03051	0.28744	0.14635	0.17258	0.02692	0.03090	0.01605	0.01850	0.01255	0.00880	0.00833	0.00244	0.01322	0.00707	0.00541	0.01176
19	0.03131	0.13888	0.02839	0.02062	0.02628	0.38390	0.01648	0.19522	0.02821	0.03068	0.01537	0.01693	0.01224	0.00917	0.00775	0.00229	0.01301	0.00610	0.00557	0.01161
20	0.04739	0.11574	0.08564	0.01492	0.01881	0.01604	0.01350	0.01892	0.01644	0.02344	0.07521	0.03505	0.08022	0.03778	0.31885	0.00806	0.05044	0.00942	0.00513	0.00899
21	0.01051	0.00890	0.00911	0.00922	0.01211	0.00750	0.00702	0.01281	0.01989	0.02370	0.08615	0.08470	0.60479	0.02220	0.01040	0.00300	0.00461	0.04789	0.00810	0.00740
22	0.01421	0.01158	0.01266	0.01193	0.01495	0.01167	0.00893	0.02298	0.18846	0.02959	0.21135	0.06249	0.27101	0.07416	0.01275	0.00336	0.00537	0.01486	0.00847	0.00921
23	0.01878	0.01563	0.01730	0.01614	0.02007	0.01749	0.01260	0.03668	0.42953	0.03450	0.14090	0.07550	0.04013	0.01485	0.00955	0.00306	0.00645	0.07002	0.00888	0.01194
24	0.01246	0.00935	0.01402	0.01402	0.01558	0.01090	0.01090	0.01558	0.01402	0.02025	0.02336	0.03427	0.02181	0.06542	0.65888	0.01402	0.02336	0.00935	0.00467	0.00779
25	0.05687	0.01564	0.01911	0.02249	0.16804	0.06653	0.01379	0.02342	0.02211	0.10558	0.21976	0.04710	0.15623	0.01411	0.00925	0.00270	0.00721	0.01206	0.00753	0.01046
26	0.02973	0.03892	0.08447	0.08060	0.03095	0.51607	0.01897	0.05523	0.02410	0.02333	0.01416	0.01686	0.01139	0.00896	0.00802	0.00237	0.01486	0.00597	0.00453	0.01052
27	0.02241	0.02949	0.16095	0.03385	0.20653	0.12775	0.13562	0.03145	0.11067	0.02821	0.01885	0.02196	0.01462	0.00861	0.00879	0.00269	0.01210	0.00793	0.00492	0.01261
28	0.02235	0.02285	0.02202	0.02437	0.14876	0.17775	0.01572	0.06101	0.17791	0.02901	0.03760	0.03744	0.16131	0.01260	0.00890	0.00268	0.00939	0.01025	0.00665	0.01144
29	0.05178	0.03508	0.46039	0.02143	0.03139	0.01783	0.02578	0.02573	0.01819	0.05405	0.05050	0.02363	0.01688	0.01765	0.10796	0.00448	0.01351	0.00741	0.00454	0.01178
30	0.02249	0.02059	0.02966	0.27458	0.27542	0.05478	0.02336	0.13734	0.02328	0.03090	0.01679	0.02178	0.01307	0.00870	0.00864	0.00269	0.01097	0.00767	0.00501	0.01229
31	0.01985	0.01954	0.03501	0.24236	0.36908	0.02051	0.11493	0.02556	0.01922	0.02649	0.01632	0.02240	0.01305	0.00800	0.00892	0.00274	0.01142	0.00815	0.00420	0.01223
32	0.02598	0.03115	0.02007	0.01830	0.02217	0.44562	0.01353	0.02803	0.02216	0.02150	0.02679	0.03141	0.10949	0.09538	0.01268	0.00307	0.01263	0.00843	0.00518	0.04645
33	0.01155	0.00861	0.01074	0.01079	0.01269	0.00780	0.00787	0.01471	0.02196	0.02986	0.39430	0.20484	0.19061	0.02078	0.01048	0.00296	0.00438	0.01828	0.00897	0.00780
34	0.01248	0.00927	0.01364	0.01364	0.01507	0.01070	0.01043	0.01533	0.01391	0.01997	0.02371	0.03617	0.02263	0.11785	0.60758	0.01355	0.02212	0.00962	0.00472	0.00758
35	0.01114	0.00887	0.00998	0.00971	0.01229	0.00772	0.00728	0.01412	0.02184	0.02821	0.31040	0.07631	0.41056	0.02036	0.01030	0.00286	0.00430	0.01734	0.00871	0.00772
36	0.01038	0.00856	0.00912	0.00957	0.01197	0.00730	0.00695	0.01244	0.01918	0.02328	0.07947	0.21729	0.50789	0.02325	0.01049	0.00308	0.00456	0.01982	0.00810	0.00730
37	0.03174	0.02251	0.02448	0.01922	0.02583	0.02474	0.01573	0.45677	0.14088	0.10896	0.02478	0.02381	0.01754	0.01074	0.00876	0.00269	0.00892	0.00829	0.00895	0.01466
38	0.06180	0.52262	0.04127	0.02115	0.11818	0.06488	0.01658	0.02666	0.01828	0.02278	0.01287	0.01528	0.01151	0.00763	0.00618	0.00204	0.00970	0.00520	0.00395	0.01145
39	0.10023	0.03384	0.02598	0.02813	0.16053	0.42856	0.01830	0.05746	0.02341	0.02612	0.01432	0.01710	0.01179	0.00870	0.00783	0.00238	0.01341	0.00610	0.00473	0.01107
40	0.24510	0.02981	0.02344	0.02578	0.15353	0.33346	0.01675	0.03039	0.02075	0.02815	0.01370	0.01651	0.01125	0.00847	0.00729	0.00245	0.01192	0.00581	0.00473	0.01070
41	0.02135	0.02057	0.03456	0.05057	0.57931	0.02131	0.02603	0.02621	0.01923	0.02777	0.01593	0.02135	0.01359	0.00850	0.01057	0.00271	0.07503	0.00776	0.00427	0.01340
42	0.02236	0.02218	0.03466	0.05137	0.59635	0.06520	0.02608	0.02733	0.02020	0.02800	0.01620	0.02118	0.01364	0.00786	0.00858	0.00257	0.01074	0.00762	0.00433	0.01356
43	0.01056	0.00879	0.00927	0.00958	0.01223	0.00749	0.00720	0.01281	0.01959	0.02359	0.08199	0.14332	0.54526	0.02272	0.01049	0.00307	0.00469	0.05188	0.00810	0.00738
44	0.02341	0.02188	0.02264	0.01877	0.02346	0.16246	0.09318	0.16687	0.02601	0.03325	0.06463	0.08650	0.08266	0.01263	0.00879	0.00260	0.00964	0.01063	0.11944	0.01056

[dist]
# distance from previous block
# <min> <max>
1	3

[block]
# block no. 6 follows, 20 sequences, length 22
# corresponding to MSA columns:
# 285-306
name=unknown_G
#
# <colnr> <probs for GDERKNQSTAVLIFYWHMCP>
#	G	D	E	R	K	N	Q	S	T	A	V	L	I	F	Y	W	H	M	C	P
0	0.01917	0.03514	0.39753	0.03659	0.28375	0.02045	0.03000	0.02727	0.01901	0.02798	0.01596	0.01971	0.01218	0.00808	0.00843	0.00269	0.01186	0.00699	0.00394	0.01327
1	0.07076	0.03174	0.02396	0.02050	0.02593	0.33555	0.01599	0.22826	0.10179	0.03540	0.01856	0.01942	0.01420	0.00978	0.00814	0.00248	0.01212	0.00683	0.00649	0.01210
2	0.03054	0.19758	0.03061	0.01950	0.02586	0.21705	0.01625	0.29307	0.03035	0.03637	0.01652	0.01766	0.01285	0.00928	0.00769	0.00232	0.01136	0.00639	0.00622	0.01252
3	0.01545	0.01468	0.01781	0.01628	0.01750	0.04655	0.01284	0.01737	0.01618	0.02163	0.03980	0.11858	0.20055	0.05974	0.05545	0.00428	0.29822	0.01306	0.00573	0.00831
4	0.01268	0.00846	0.00951	0.00951	0.00951	0.00846	0.00529	0.01268	0.01268	0.01691	0.02748	0.05708	0.03171	0.69345	0.04440	0.00846	0.00846	0.01268	0.00529	0.00529
5	0.02530	0.19527	0.03018	0.02416	0.12242	0.21285	0.01706	0.03477	0.19904	0.02676	0.02012	0.02120	0.01619	0.00925	0.00772	0.00242	0.01067	0.00698	0.00557	0.01207
6	0.01220	0.00895	0.01156	0.01174	0.01372	0.00831	0.00904	0.01577	0.02238	0.03058	0.39755	0.14519	0.14063	0.02054	0.01070	0.00308	0.00495	0.11617	0.00897	0.00796
7	0.01253	0.00908	0.01269	0.01269	0.01379	0.01018	0.00924	0.01472	0.01362	0.01926	0.02458	0.04101	0.02473	0.25096	0.47734	0.01238	0.01896	0.01033	0.00485	0.00705
8	0.01258	0.00889	0.01172	0.01172	0.01248	0.00965	0.00803	0.01410	0.01334	0.01854	0.02547	0.04593	0.02687	0.38642	0.34480	0.01118	0.01574	0.01105	0.00499	0.00651
9	0.02563	0.53492	0.04048	0.01681	0.02353	0.19001	0.01541	0.02829	0.01947	0.02073	0.01246	0.01443	0.01120	0.00784	0.00616	0.00196	0.01092	0.00490	0.00392	0.01092
10	0.02156	0.07207	0.30957	0.06597	0.10247	0.13945	0.02490	0.03091	0.09915	0.02701	0.01774	0.02019	0.01349	0.00881	0.00821	0.00263	0.01207	0.00687	0.00460	0.01231
11	0.01992	0.01940	0.07462	0.07581	0.31910	0.01789	0.05567	0.02513	0.01998	0.06207	0.05907	0.03793	0.02421	0.01178	0.01026	0.00296	0.03824	0.10848	0.00555	0.01191
12	0.01246	0.00935	0.01402	0.01402	0.01558	0.01090	0.01090	0.01558	0.01402	0.02025	0.02336	0.03427	0.02181	0.06542	0.65888	0.01402	0.02336	0.00935	0.00467	0.00779
13	0.01100	0.00873	0.00989	0.00988	0.01228	0.00761	0.00730	0.01375	0.02110	0.02712	0.26068	0.14161	0.39563	0.02127	0.01039	0.00294	0.00439	0.01823	0.00859	0.00761
14	0.06452	0.19540	0.17910	0.03280	0.23836	0.02415	0.09465	0.02688	0.01879	0.02687	0.01507	0.01876	0.01220	0.00778	0.00781	0.00250	0.01100	0.00682	0.00410	0.01244
15	0.01865	0.01893	0.02071	0.01888	0.02041	0.13674	0.01504	0.02115	0.01576	0.02073	0.01711	0.02520	0.01600	0.03635	0.30432	0.00805	0.26476	0.00802	0.00432	0.00887
16	0.03231	0.01336	0.01790	0.01423	0.01987	0.01161	0.01156	0.03573	0.02454	0.49218	0.14366	0.03992	0.07755	0.01286	0.00915	0.00273	0.00662	0.01071	0.01039	0.01313
17	0.01901	0.01736	0.02638	0.02923	0.20106	0.02002	0.05146	0.05670	0.01727	0.02481	0.01779	0.02849	0.01707	0.14217	0.07610	0.00505	0.22618	0.00892	0.00464	0.01030
18	0.01158	0.00889	0.01060	0.01017	0.01256	0.00791	0.00763	0.01499	0.02289	0.03071	0.43025	0.07218	0.28915	0.01943	0.01030	0.00282	0.00423	0.01676	0.00904	0.00791
19	0.01827	0.01673	0.02709	0.11235	0.37897	0.01723	0.02104	0.02379	0.05528	0.02671	0.02535	0.18847	0.02527	0.01300	0.00928	0.00289	0.00898	0.01214	0.00548	0.01166
20	0.01627	0.01378	0.01484	0.01414	0.01566	0.08559	0.01066	0.01878	0.01572	0.02215	0.02251	0.03406	0.02123	0.15306	0.28226	0.00829	0.09280	0.00908	0.14124	0.00788
21	0.24257	0.02281	0.05114	0.01510	0.01948	0.20195	0.01233	0.02542	0.02103	0.03171	0.19821	0.03099	0.03237	0.01137	0.00777	0.00255	0.00878	0.00854	0.04647	0.00940

[dist]
# distance from previous block
# <min> <max>
1	3

[block]
# block no. 7 follows, 20 sequences, length 11
# corresponding to MSA columns:
# 310-320
name=unknown_H
#
# <colnr> <probs for GDERKNQSTAVLIFYWHMCP>
#	G	D	E	R	K	N	Q	S	T	A	V	L	I	F	Y	W	H	M	C	P
0	0.66673	0.01779	0.01445	0.01252	0.01811	0.02048	0.01032	0.09713	0.01805	0.04107	0.01322	0.01500	0.01011	0.00839	0.00581	0.00269	0.00710	0.00511	0.00581	0.01011
1	0.01646	0.03505	0.45781	0.10215	0.03649	0.01846	0.02741	0.02480	0.01750	0.02564	0.01703	0.02187	0.01306	0.01864	0.12562	0.00481	0.01462	0.00713	0.00389	0.01158
2	0.01263	0.01012	0.01413	0.01457	0.01526	0.01162	0.01081	0.01464	0.01540	0.02151	0.03501	0.39623	0.03997	0.03512	0.18378	0.00633	0.13106	0.01766	0.00643	0.00771
3	0.01698	0.04153	0.58515	0.02349	0.03530	0.01907	0.02985	0.02652	0.01904	0.02835	0.07699	0.02305	0.01811	0.00923	0.00849	0.00276	0.01202	0.00737	0.00427	0.01243
4	0.01055	0.00788	0.00982	0.01137	0.01245	0.00715	0.00775	0.01223	0.01745	0.02257	0.05752	0.54622	0.19313	0.02610	0.01094	0.00340	0.00491	0.02330	0.00810	0.00715
5	0.02017	0.01878	0.02780	0.02254	0.02688	0.05191	0.17315	0.12308	0.05484	0.02974	0.02551	0.17083	0.02464	0.01968	0.07964	0.00425	0.09743	0.01238	0.00616	0.01058
6	0.01109	0.00848	0.00991	0.01031	0.01211	0.00759	0.00729	0.01336	0.01948	0.02528	0.19974	0.24334	0.29189	0.08353	0.01363	0.00356	0.00489	0.01903	0.00820	0.00730
7	0.02103	0.09051	0.13948	0.16035	0.21069	0.02146	0.02296	0.03033	0.12630	0.06281	0.02008	0.02301	0.01534	0.00892	0.00834	0.00268	0.01018	0.00765	0.00524	0.01262
8	0.02635	0.01770	0.01986	0.01716	0.02257	0.01933	0.01354	0.04533	0.46371	0.19880	0.03521	0.03178	0.02528	0.01156	0.00885	0.00289	0.00704	0.00957	0.00939	0.01408
9	0.02160	0.02057	0.03421	0.05082	0.59215	0.02080	0.02578	0.02826	0.06576	0.02911	0.01786	0.02242	0.01479	0.00808	0.00865	0.00262	0.01010	0.00793	0.00466	0.01382
10	0.17636	0.14731	0.14947	0.05139	0.14893	0.02395	0.02016	0.12991	0.02180	0.03356	0.01537	0.01801	0.01198	0.00840	0.00736	0.00253	0.00983	0.00633	0.00508	0.01226

[dist]
# distance from previous block
# <min> <max>
0	1

[block]
# block no. 8 follows, 20 sequences, length 54
# corresponding to MSA columns:
# 322-375
name=unknown_I
#
# <colnr> <probs for GDERKNQSTAVLIFYWHMCP>
#	G	D	E	R	K	N	Q	S	T	A	V	L	I	F	Y	W	H	M	C	P
0	0.02224	0.02186	0.03407	0.05010	0.57528	0.05821	0.02560	0.02813	0.04738	0.02844	0.01710	0.02174	0.01424	0.00803	0.00860	0.00259	0.01052	0.00774	0.00453	0.01360
1	0.02023	0.01318	0.01569	0.01287	0.01783	0.01174	0.01015	0.06297	0.05682	0.14586	0.19520	0.04600	0.15185	0.01376	0.00890	0.00243	0.00587	0.01155	0.00837	0.18875
2	0.57591	0.01700	0.01507	0.01278	0.01853	0.01883	0.01054	0.06754	0.01844	0.15123	0.01681	0.01746	0.01203	0.00875	0.00624	0.00269	0.00706	0.00567	0.00661	0.01079
3	0.01344	0.01178	0.01574	0.02025	0.15941	0.01084	0.01232	0.01658	0.01990	0.02505	0.06597	0.07125	0.41299	0.01900	0.01015	0.00300	0.00628	0.08984	0.00721	0.00896
4	0.02170	0.01874	0.01972	0.01775	0.02268	0.02170	0.01381	0.04635	0.62327	0.03649	0.03550	0.03254	0.02663	0.01183	0.00888	0.00296	0.00690	0.00986	0.00888	0.01381
5	0.02049	0.01960	0.03342	0.18673	0.51444	0.02044	0.02622	0.02581	0.01934	0.02716	0.01621	0.02195	0.01335	0.00798	0.00865	0.00266	0.01063	0.00777	0.00422	0.01293
6	0.01094	0.00859	0.00990	0.01015	0.01232	0.00754	0.00739	0.01352	0.02051	0.02643	0.23005	0.21098	0.35651	0.02206	0.01048	0.00302	0.00448	0.01908	0.00851	0.00754
7	0.01354	0.00894	0.01006	0.00989	0.01131	0.00830	0.00642	0.01457	0.01607	0.06114	0.04871	0.11021	0.22386	0.38677	0.02880	0.00597	0.00686	0.01513	0.00675	0.00671
8	0.01073	0.00877	0.00948	0.00948	0.01209	0.00752	0.00704	0.01327	0.02062	0.02573	0.19356	0.12034	0.48783	0.02160	0.01036	0.00295	0.00440	0.01831	0.00840	0.00752
9	0.01619	0.01474	0.02658	0.02052	0.02558	0.01351	0.23695	0.02106	0.02200	0.05637	0.24373	0.05213	0.18367	0.01452	0.01023	0.00286	0.00838	0.01399	0.00732	0.00967
10	0.01064	0.00790	0.00994	0.01144	0.01250	0.00719	0.00781	0.01241	0.01768	0.02309	0.08208	0.54081	0.17293	0.02587	0.01093	0.00339	0.00489	0.02313	0.00816	0.00719
11	0.01603	0.01464	0.02120	0.17881	0.02907	0.01799	0.01650	0.01910	0.01561	0.02228	0.02164	0.16557	0.02239	0.01907	0.06415	0.00403	0.25295	0.01125	0.00495	0.08277
12	0.03258	0.04157	0.02472	0.02247	0.02697	0.65843	0.01685	0.03483	0.02472	0.02135	0.01348	0.01573	0.01124	0.00899	0.00787	0.00225	0.01573	0.00562	0.00449	0.01011
13	0.02161	0.02024	0.03161	0.04488	0.48989	0.02096	0.02363	0.03151	0.16587	0.03043	0.02103	0.02424	0.01692	0.00875	0.00869	0.00268	0.00953	0.00828	0.00542	0.01381
14	0.01626	0.00813	0.00813	0.00813	0.01016	0.00813	0.00610	0.02033	0.01829	0.03252	0.02846	0.03252	0.02236	0.01016	0.00610	0.00203	0.00407	0.00813	0.74187	0.00813
15	0.02129	0.02042	0.03486	0.08988	0.60504	0.02065	0.02662	0.02651	0.01972	0.02813	0.01635	0.02169	0.01369	0.00783	0.00864	0.00261	0.01044	0.00777	0.00429	0.01357
16	0.01889	0.05470	0.02000	0.01515	0.01921	0.05209	0.01182	0.04775	0.04180	0.02490	0.01838	0.02807	0.01764	0.17496	0.02008	0.00372	0.13538	0.00776	0.00513	0.28256
17	0.01039	0.00851	0.00917	0.00970	0.01201	0.00729	0.00701	0.01242	0.01906	0.02323	0.07790	0.24087	0.48533	0.02345	0.01052	0.00310	0.00459	0.02007	0.00810	0.00729
18	0.01268	0.00846	0.00951	0.00951	0.00951	0.00846	0.00529	0.01268	0.01268	0.01691	0.02748	0.05708	0.03171	0.69345	0.04440	0.00846	0.00846	0.01268	0.00529	0.00529
19	0.01222	0.00859	0.00972	0.00972	0.01039	0.00843	0.00595	0.01287	0.01415	0.01842	0.03876	0.06051	0.14580	0.51952	0.08317	0.00782	0.00879	0.01353	0.00578	0.00586
20	0.01558	0.01233	0.01454	0.01270	0.01628	0.01185	0.00947	0.02274	0.13400	0.02938	0.21771	0.04385	0.04146	0.13772	0.06293	0.00428	0.00740	0.01106	0.00726	0.18744
21	0.01610	0.00987	0.01135	0.01039	0.01378	0.00853	0.00800	0.01899	0.02163	0.13535	0.18257	0.06785	0.38482	0.01860	0.00980	0.00281	0.00487	0.01562	0.05018	0.00889
22	0.01448	0.01267	0.01283	0.01272	0.01564	0.04028	0.00941	0.02261	0.18310	0.02664	0.06033	0.22188	0.29403	0.02006	0.01002	0.00307	0.00576	0.01716	0.00815	0.00916
23	0.01179	0.00866	0.01105	0.01096	0.01282	0.00792	0.00803	0.01520	0.02264	0.03129	0.46198	0.18565	0.13936	0.02011	0.01045	0.00292	0.00433	0.01778	0.00915	0.00792
24	0.01354	0.01039	0.01470	0.17109	0.02330	0.01173	0.01131	0.01575	0.01418	0.01907	0.02353	0.04304	0.02431	0.36661	0.19344	0.00854	0.01305	0.01063	0.00479	0.00699
25	0.01095	0.00886	0.00973	0.00951	0.01218	0.00764	0.00713	0.01376	0.02140	0.02717	0.26102	0.07801	0.46059	0.02074	0.01030	0.00288	0.00432	0.01758	0.00858	0.00764
26	0.01317	0.01039	0.01538	0.01497	0.01636	0.01260	0.01178	0.01616	0.01395	0.02033	0.02209	0.03264	0.02070	0.06004	0.59122	0.01292	0.09359	0.00916	0.00458	0.00798
27	0.01750	0.04512	0.64825	0.02486	0.03775	0.02026	0.03223	0.02762	0.01842	0.02762	0.01565	0.01842	0.01105	0.00829	0.00829	0.00276	0.01289	0.00645	0.00368	0.01289
28	0.01399	0.01068	0.01494	0.04427	0.01710	0.01195	0.01109	0.01487	0.01488	0.02073	0.02935	0.31432	0.03315	0.02578	0.05526	0.16318	0.13488	0.01510	0.00581	0.04865
29	0.01279	0.01042	0.01410	0.01460	0.01496	0.01191	0.01060	0.01432	0.01567	0.02166	0.03805	0.49045	0.04504	0.06191	0.01724	0.00389	0.16796	0.01996	0.00690	0.00758
30	0.02319	0.01801	0.02112	0.02052	0.08722	0.01965	0.01429	0.25387	0.14776	0.03769	0.02746	0.10355	0.02462	0.11241	0.04496	0.00416	0.00912	0.01090	0.00753	0.01196
31	0.01063	0.00759	0.01012	0.01215	0.01265	0.00709	0.00810	0.01215	0.01670	0.02227	0.04808	0.68775	0.05769	0.02733	0.01113	0.00354	0.00506	0.02480	0.00810	0.00709
32	0.01100	0.00782	0.01027	0.01180	0.01247	0.00733	0.00791	0.01273	0.01741	0.02347	0.12029	0.56302	0.05887	0.07519	0.01348	0.00380	0.00519	0.02277	0.00808	0.00710
33	0.01809	0.01550	0.01809	0.01292	0.02067	0.01163	0.01034	0.02196	0.01809	0.02842	0.01550	0.01809	0.01292	0.00646	0.00646	0.00129	0.00646	0.00517	0.00517	0.74677
34	0.02900	0.07301	0.02634	0.02215	0.02579	0.47994	0.01725	0.03120	0.02174	0.02122	0.01295	0.01640	0.01128	0.01033	0.01246	0.00258	0.16599	0.00602	0.00430	0.01004
35	0.44582	0.05506	0.02019	0.06711	0.09168	0.14190	0.01414	0.02729	0.01761	0.03242	0.01312	0.01596	0.01052	0.00825	0.00648	0.00258	0.00934	0.00545	0.00491	0.01016
36	0.01900	0.01164	0.01452	0.01344	0.01660	0.01142	0.01017	0.02625	0.13665	0.15272	0.26037	0.20234	0.05378	0.01760	0.00992	0.00297	0.00553	0.01545	0.00934	0.01032
