[name]
unknown

[dist]
# distance from previous block
# <min> <max>
0	70

[block]
# block no. 0 follows, 22 sequences, length 66
# corresponding to MSA columns:
# 70-135
name=unknown_A
#
# <colnr> <probs for GDERKNQSTAVLIFYWHMCP>
#	G	D	E	R	K	N	Q	S	T	A	V	L	I	F	Y	W	H	M	C	P
0	0.01339	0.00956	0.01339	0.01530	0.01721	0.00956	0.01339	0.01721	0.01912	0.02486	0.04399	0.09371	0.04781	0.02295	0.01147	0.00382	0.00765	0.60031	0.00765	0.00765
1	0.01208	0.00805	0.00906	0.00906	0.00906	0.00805	0.00503	0.01208	0.01208	0.01611	0.02618	0.05436	0.03020	0.70804	0.04228	0.00805	0.00805	0.01208	0.00503	0.00503
2	0.03074	0.03441	0.02340	0.02173	0.05288	0.51955	0.01593	0.06065	0.05293	0.08734	0.01627	0.01754	0.01264	0.00887	0.00769	0.00225	0.01331	0.00603	0.00525	0.01061
3	0.01187	0.00890	0.01335	0.01335	0.01483	0.01038	0.01038	0.01483	0.01335	0.01928	0.02225	0.03264	0.02077	0.06231	0.67512	0.01335	0.02225	0.00890	0.00445	0.00742
4	0.01208	0.00805	0.00906	0.00906	0.00906	0.00805	0.00503	0.01208	0.01208	0.01611	0.02618	0.05436	0.03020	0.70804	0.04228	0.00805	0.00805	0.01208	0.00503	0.00503
5	0.01012	0.00723	0.00964	0.01157	0.01205	0.00675	0.00771	0.01157	0.01591	0.02121	0.04579	0.70262	0.05495	0.02603	0.01060	0.00337	0.00482	0.02362	0.00771	0.00675
6	0.01951	0.01866	0.03182	0.18876	0.52668	0.01946	0.02497	0.02457	0.01842	0.02586	0.01544	0.02090	0.01271	0.00760	0.00824	0.00253	0.01013	0.00740	0.00402	0.01231
7	0.42709	0.01939	0.01809	0.01471	0.02055	0.02193	0.01214	0.30351	0.02565	0.04424	0.01544	0.01648	0.01137	0.00876	0.00661	0.00253	0.00768	0.00588	0.00661	0.01137
8	0.01138	0.00829	0.00956	0.00934	0.01072	0.00771	0.00628	0.01321	0.01761	0.02338	0.24516	0.06360	0.20965	0.30232	0.02317	0.00490	0.00570	0.01447	0.00708	0.00647
9	0.02786	0.03066	0.02826	0.02857	0.16362	0.35119	0.07203	0.14471	0.02516	0.02848	0.01515	0.01779	0.01206	0.00844	0.00801	0.00234	0.01267	0.00660	0.00501	0.01139
10	0.02469	0.02781	0.02896	0.07338	0.35854	0.29486	0.02139	0.02849	0.02073	0.02396	0.01441	0.01830	0.01201	0.00794	0.00792	0.00235	0.01208	0.00654	0.00416	0.01146
11	0.01549	0.00774	0.00774	0.00774	0.00968	0.00774	0.00581	0.01936	0.01742	0.03097	0.02710	0.03097	0.02129	0.00968	0.00581	0.00194	0.00387	0.00774	0.75416	0.00774
12	0.01974	0.01998	0.03687	0.10138	0.39739	0.02027	0.19540	0.02516	0.01860	0.02611	0.01565	0.02111	0.01270	0.00773	0.00964	0.00265	0.04544	0.00808	0.00408	0.01205
13	0.02875	0.22403	0.02979	0.01842	0.02448	0.22449	0.01542	0.27669	0.02806	0.03333	0.01541	0.01656	0.01210	0.00873	0.00722	0.00218	0.01084	0.00597	0.00574	0.01178
14	0.01865	0.01779	0.03027	0.30080	0.42134	0.01924	0.02454	0.02382	0.01801	0.02482	0.01529	0.02118	0.01234	0.00776	0.00826	0.00259	0.01034	0.00739	0.00395	0.01162
15	0.02580	0.16651	0.02267	0.01420	0.01934	0.08165	0.01186	0.02991	0.05300	0.26277	0.16452	0.03346	0.05701	0.01140	0.00800	0.00239	0.00741	0.00912	0.00778	0.01120
16	0.02221	0.71304	0.04353	0.01421	0.02132	0.03287	0.01421	0.02488	0.01688	0.01955	0.01155	0.01333	0.01066	0.00711	0.00533	0.00178	0.00888	0.00444	0.00355	0.01066
17	0.01176	0.00849	0.01110	0.01045	0.01241	0.00784	0.00784	0.01568	0.02352	0.03331	0.65184	0.06206	0.07839	0.01698	0.00980	0.00261	0.00392	0.01502	0.00914	0.00784
18	0.01785	0.15748	0.02066	0.01376	0.01781	0.07540	0.01117	0.02654	0.19113	0.02867	0.23889	0.04121	0.10103	0.01306	0.00832	0.00248	0.00667	0.01071	0.00724	0.00995
19	0.01818	0.01818	0.02545	0.02181	0.02181	0.02545	0.01818	0.01999	0.01272	0.01999	0.01091	0.01818	0.01091	0.01454	0.02726	0.00364	0.69284	0.00727	0.00364	0.00909
20	0.01010	0.00729	0.00957	0.01139	0.01200	0.00676	0.00763	0.01159	0.01607	0.02127	0.04789	0.66843	0.08778	0.02575	0.01056	0.00334	0.00479	0.02328	0.00771	0.00676
21	0.03079	0.02251	0.02409	0.01856	0.02498	0.02488	0.01530	0.59876	0.03800	0.05131	0.02029	0.02048	0.01448	0.00996	0.00819	0.00247	0.00888	0.00749	0.04475	0.01382
22	0.01863	0.01927	0.06529	0.27335	0.41168	0.01926	0.02493	0.02404	0.01803	0.02502	0.01528	0.02095	0.01228	0.00775	0.00823	0.00258	0.01042	0.00733	0.00393	0.01173
23	0.02025	0.02061	0.03869	0.04580	0.45717	0.02015	0.22057	0.02586	0.01914	0.02697	0.01601	0.02116	0.01298	0.00727	0.00874	0.00258	0.01121	0.00818	0.00414	0.01252
24	0.01152	0.00782	0.00923	0.00977	0.00991	0.00768	0.00579	0.01194	0.01317	0.01756	0.03174	0.23839	0.03723	0.51443	0.03329	0.00673	0.00714	0.01536	0.00579	0.00552
25	0.01015	0.00751	0.00949	0.01094	0.01192	0.00685	0.00746	0.01184	0.01684	0.02204	0.08321	0.55684	0.16522	0.02466	0.01042	0.00323	0.00466	0.02208	0.00778	0.00685
26	0.02029	0.02050	0.03806	0.04646	0.48226	0.02010	0.19598	0.02581	0.01911	0.02699	0.01596	0.02109	0.01300	0.00729	0.00867	0.00256	0.01104	0.00808	0.00414	0.01260
27	0.02841	0.03523	0.02393	0.02149	0.02489	0.54230	0.01648	0.03049	0.02134	0.02026	0.01245	0.01563	0.01074	0.00978	0.01152	0.00245	0.15321	0.00574	0.00415	0.00952
28	0.01067	0.00869	0.00960	0.01005	0.01265	0.00762	0.00799	0.01318	0.01898	0.02302	0.07460	0.08322	0.50893	0.02149	0.01021	0.00305	0.00503	0.15615	0.00770	0.00716
29	0.01620	0.01554	0.01729	0.01597	0.01723	0.10408	0.01236	0.01823	0.01458	0.01926	0.02088	0.03147	0.04369	0.14133	0.27438	0.00782	0.20867	0.00881	0.00442	0.00780
30	0.01658	0.01678	0.01680	0.01634	0.01752	0.14803	0.01228	0.01834	0.01650	0.02062	0.02878	0.35041	0.03272	0.02123	0.04679	0.00368	0.18793	0.01489	0.00578	0.00798
31	0.01152	0.00782	0.00923	0.00977	0.00991	0.00768	0.00579	0.01194	0.01317	0.01756	0.03174	0.23839	0.03723	0.51443	0.03329	0.00673	0.00714	0.01536	0.00579	0.00552
32	0.02809	0.26458	0.03022	0.01900	0.02423	0.46027	0.01544	0.03040	0.02132	0.02007	0.01241	0.01443	0.01069	0.00808	0.00677	0.00202	0.01294	0.00505	0.00404	0.00997
33	0.02335	0.01725	0.01886	0.01656	0.02154	0.01930	0.01300	0.04355	0.54130	0.13625	0.03364	0.03055	0.02458	0.01111	0.00844	0.00278	0.00665	0.00922	0.00875	0.01331
34	0.01453	0.01300	0.02264	0.02160	0.08505	0.01415	0.12515	0.01836	0.01502	0.02146	0.01993	0.02871	0.01793	0.04387	0.44850	0.00976	0.05841	0.00882	0.00432	0.00879
35	0.01666	0.04297	0.66500	0.02368	0.03596	0.01929	0.03069	0.02631	0.01754	0.02631	0.01491	0.01754	0.01052	0.00789	0.00789	0.00263	0.01228	0.00614	0.00351	0.01228
36	0.00982	0.00842	0.00842	0.00842	0.01122	0.00701	0.00631	0.01192	0.01894	0.02244	0.08416	0.07995	0.65285	0.02104	0.00982	0.00281	0.00421	0.01753	0.00771	0.00701
37	0.03217	0.02232	0.02435	0.01867	0.02529	0.02436	0.01542	0.56766	0.03748	0.11545	0.02127	0.02081	0.01479	0.01000	0.00832	0.00250	0.00893	0.00757	0.00851	0.01413
38	0.01012	0.00723	0.00964	0.01157	0.01205	0.00675	0.00771	0.01157	0.01591	0.02121	0.04579	0.70262	0.05495	0.02603	0.01060	0.00337	0.00482	0.02362	0.00771	0.00675
39	0.01708	0.00928	0.00945	0.00887	0.01127	0.00953	0.00680	0.07979	0.01957	0.03309	0.02639	0.02988	0.02058	0.00971	0.00606	0.00199	0.00439	0.00772	0.68017	0.00838
40	0.01006	0.00749	0.00937	0.01089	0.01187	0.00681	0.00741	0.01164	0.01656	0.02147	0.05409	0.56797	0.18424	0.02495	0.01043	0.00325	0.00469	0.02230	0.00771	0.00681
41	0.03103	0.03959	0.02354	0.02140	0.02568	0.67469	0.01605	0.03317	0.02354	0.02033	0.01284	0.01498	0.01070	0.00856	0.00749	0.00214	0.01498	0.00535	0.00428	0.00963
42	0.02056	0.01974	0.03372	0.05099	0.65622	0.01974	0.02550	0.02550	0.01892	0.02714	0.01563	0.02056	0.01316	0.00740	0.00822	0.00247	0.00987	0.00740	0.00411	0.01316
43	0.01152	0.00782	0.00923	0.00977	0.00991	0.00768	0.00579	0.01194	0.01317	0.01756	0.03174	0.23839	0.03723	0.51443	0.03329	0.00673	0.00714	0.01536	0.00579	0.00552
44	0.03158	0.02327	0.02493	0.01911	0.02576	0.02576	0.01579	0.62852	0.03906	0.05236	0.01995	0.01995	0.01413	0.00997	0.00831	0.00249	0.00914	0.00748	0.00831	0.01413
45	0.02056	0.01974	0.03372	0.05099	0.65622	0.01974	0.02550	0.02550	0.01892	0.02714	0.01563	0.02056	0.01316	0.00740	0.00822	0.00247	0.00987	0.00740	0.00411	0.01316
46	0.01323	0.00904	0.01029	0.00964	0.01259	0.00778	0.00735	0.01594	0.02070	0.09248	0.23408	0.06964	0.42938	0.01880	0.00966	0.00273	0.00443	0.01588	0.00838	0.00799
47	0.02663	0.03069	0.07984	0.02128	0.02616	0.34052	0.05240	0.05384	0.02114	0.08050	0.01508	0.01773	0.01195	0.00958	0.01129	0.00250	0.13632	0.00636	0.00483	0.05139
48	0.01204	0.00823	0.00994	0.00994	0.01024	0.00853	0.00612	0.01264	0.01234	0.01676	0.02538	0.04993	0.02828	0.57636	0.17133	0.00913	0.01095	0.01143	0.00491	0.00552
49	0.01984	0.16397	0.35872	0.02257	0.03151	0.10125	0.08209	0.02636	0.01793	0.02382	0.01388	0.01696	0.01080	0.00830	0.00917	0.00251	0.06916	0.00617	0.00369	0.01129
50	0.02108	0.57640	0.17026	0.01614	0.02431	0.03010	0.01758	0.02517	0.01701	0.02092	0.01223	0.01419	0.01063	0.00727	0.00585	0.00195	0.00958	0.00479	0.00354	0.01099
51	0.01999	0.01915	0.03188	0.07664	0.54761	0.01975	0.02407	0.02464	0.01823	0.02628	0.01516	0.02029	0.01284	0.00797	0.00968	0.00252	0.06537	0.00728	0.00409	0.04655
52	0.02192	0.15631	0.05309	0.01372	0.01865	0.01581	0.01186	0.05308	0.04974	0.20197	0.03790	0.17839	0.12482	0.01464	0.00843	0.00263	0.00684	0.01220	0.00743	0.01057
53	0.01208	0.00805	0.00906	0.00906	0.00906	0.00805	0.00503	0.01208	0.01208	0.01611	0.02618	0.05436	0.03020	0.70804	0.04228	0.00805	0.00805	0.01208	0.00503	0.00503
54	0.01443	0.00722	0.01082	0.01082	0.01082	0.00722	0.00722	0.01082	0.01082	0.01443	0.01443	0.02525	0.01443	0.02886	0.03247	0.75830	0.00722	0.00722	0.00361	0.00361
55	0.02262	0.12159	0.09121	0.02550	0.16285	0.25494	0.01820	0.02618	0.01982	0.02258	0.02267	0.02488	0.09484	0.00999	0.00879	0.00238	0.04858	0.00745	0.00448	0.01044
56	0.02272	0.02575	0.02877	0.13979	0.12117	0.24761	0.09413	0.02635	0.01884	0.02214	0.01362	0.01860	0.01139	0.00949	0.01239	0.00270	0.16344	0.00696	0.00400	0.01013
57	0.01174	0.00839	0.01053	0.01005	0.01163	0.00785	0.00716	0.01472	0.02082	0.02907	0.48947	0.06125	0.09536	0.16662	0.01682	0.00380	0.00483	0.01451	0.00819	0.00719
58	0.01549	0.00774	0.00774	0.00774	0.00968	0.00774	0.00581	0.01936	0.01742	0.03097	0.02710	0.03097	0.02129	0.00968	0.00581	0.00194	0.00387	0.00774	0.75416	0.00774
59	0.01455	0.01289	0.02057	0.27295	0.13437	0.01470	0.01724	0.01827	0.01622	0.02192	0.02488	0.23008	0.02573	0.01928	0.07625	0.00400	0.04964	0.01248	0.00506	0.00892
60	0.01388	0.00865	0.01065	0.01091	0.01306	0.00765	0.00788	0.01592	0.01842	0.11116	0.08983	0.36763	0.24969	0.02169	0.00999	0.00303	0.00488	0.01901	0.00815	0.00792
61	0.00984	0.00835	0.00849	0.00860	0.01127	0.00700	0.00639	0.01190	0.01876	0.02237	0.08193	0.11608	0.61816	0.02133	0.00986	0.00284	0.00424	0.01789	0.00771	0.00700
62	0.02066	0.01785	0.01878	0.01691	0.02160	0.02066	0.01315	0.04414	0.64121	0.03475	0.03381	0.03099	0.02536	0.01127	0.00845	0.00282	0.00657	0.00939	0.00845	0.01315
63	0.02367	0.01878	0.02006	0.01726	0.02243	0.02131	0.01364	0.16314	0.48941	0.06781	0.03094	0.02861	0.02284	0.01096	0.00842	0.00274	0.00712	0.00895	0.00851	0.01340
64	0.02379	0.02144	0.02321	0.16518	0.06775	0.10276	0.01708	0.19300	0.23228	0.03430	0.02232	0.02353	0.01674	0.00972	0.00825	0.00262	0.00947	0.00783	0.00661	0.01213
65	0.02394	0.58309	0.03984	0.01538	0.02216	0.09791	0.01454	0.07915	0.01952	0.02253	0.01242	0.01408	0.01097	0.00751	0.00582	0.00188	0.00953	0.00480	0.00405	0.01086

[dist]
# distance from previous block
# <min> <max>
0	1

[block]
# block no. 1 follows, 22 sequences, length 10
# corresponding to MSA columns:
# 137-146
name=unknown_B
#
# <colnr> <probs for GDERKNQSTAVLIFYWHMCP>
#	G	D	E	R	K	N	Q	S	T	A	V	L	I	F	Y	W	H	M	C	P
0	0.05081	0.02803	0.09529	0.11682	0.20822	0.24234	0.02068	0.02946	0.08231	0.02510	0.01616	0.01933	0.01283	0.00837	0.00786	0.00245	0.01157	0.00666	0.00452	0.01119
1	0.01325	0.01024	0.01347	0.01509	0.07462	0.01016	0.00966	0.01824	0.08665	0.02755	0.29262	0.19828	0.05382	0.12149	0.01457	0.00361	0.00560	0.01518	0.00764	0.00826
2	0.01231	0.00925	0.01101	0.01114	0.01312	0.00875	0.00809	0.06700	0.02052	0.02710	0.19492	0.32929	0.21408	0.02119	0.01001	0.00297	0.00483	0.01859	0.00810	0.00772
3	0.12357	0.04254	0.08296	0.21289	0.12861	0.01969	0.08037	0.05660	0.08242	0.06568	0.01782	0.02120	0.01335	0.00838	0.00789	0.00264	0.00979	0.00729	0.00508	0.01122
4	0.02194	0.16430	0.03212	0.16012	0.29261	0.14564	0.02094	0.02600	0.01893	0.02317	0.01410	0.01833	0.01178	0.00773	0.00751	0.00232	0.01086	0.00641	0.00395	0.01123
5	0.01607	0.01117	0.01231	0.01112	0.01248	0.01168	0.00723	0.13813	0.01760	0.02352	0.02490	0.04733	0.02692	0.56530	0.03534	0.00692	0.00828	0.01114	0.00570	0.00689
6	0.08744	0.02062	0.09088	0.02904	0.23077	0.01945	0.04311	0.14629	0.02150	0.03159	0.02018	0.12049	0.01869	0.01138	0.01003	0.00275	0.06928	0.00952	0.00550	0.01151
7	0.01787	0.01288	0.01526	0.08031	0.01970	0.01368	0.01084	0.18445	0.02376	0.03296	0.14917	0.11716	0.07120	0.09486	0.01255	0.00323	0.00667	0.01197	0.11229	0.00919
8	0.01407	0.01744	0.14758	0.12222	0.02557	0.01335	0.01567	0.02137	0.10985	0.02550	0.09477	0.28929	0.03690	0.01639	0.00928	0.00297	0.00751	0.01448	0.00647	0.00933
9	0.08483	0.01953	0.09123	0.32743	0.27078	0.01903	0.02346	0.02359	0.01733	0.02534	0.01481	0.02033	0.01160	0.00788	0.00795	0.00263	0.01034	0.00701	0.00396	0.01095

[dist]
# distance from previous block
# <min> <max>
0	1

[block]
# block no. 2 follows, 22 sequences, length 6
# corresponding to MSA columns:
# 148-153
name=unknown_C
#
# <colnr> <probs for GDERKNQSTAVLIFYWHMCP>
#	G	D	E	R	K	N	Q	S	T	A	V	L	I	F	Y	W	H	M	C	P
0	0.07636	0.01714	0.09057	0.37281	0.10053	0.01671	0.01977	0.02096	0.01664	0.02382	0.05830	0.02737	0.01785	0.09395	0.01224	0.00334	0.00987	0.00810	0.00436	0.00931
1	0.02275	0.08921	0.03814	0.06600	0.15542	0.10560	0.26963	0.10012	0.02193	0.02810	0.01585	0.01993	0.01239	0.00772	0.00852	0.00252	0.01211	0.00786	0.00461	0.01158
2	0.13421	0.13718	0.05003	0.07512	0.10170	0.12116	0.05574	0.02439	0.04064	0.02482	0.01916	0.11410	0.01836	0.03867	0.00897	0.00273	0.00954	0.00877	0.00485	0.00985
3	0.20826	0.01971	0.16498	0.01398	0.02003	0.01426	0.01386	0.04553	0.01919	0.05631	0.15516	0.03599	0.12702	0.01185	0.00780	0.00254	0.00705	0.00940	0.00630	0.06082
4	0.13602	0.14940	0.02620	0.02337	0.16413	0.12552	0.01562	0.09833	0.02110	0.02937	0.07499	0.02184	0.01843	0.01212	0.04762	0.00298	0.01008	0.00691	0.00520	0.01077
5	0.02129	0.13546	0.02916	0.05566	0.02708	0.22130	0.13806	0.02464	0.01955	0.02192	0.02748	0.02969	0.13802	0.01093	0.00966	0.00250	0.06456	0.00877	0.00474	0.00953

[dist]
# distance from previous block
# <min> <max>
13	155

[block]
# block no. 3 follows, 22 sequences, length 67
# corresponding to MSA columns:
# 314-380
name=unknown_D
#
# <colnr> <probs for GDERKNQSTAVLIFYWHMCP>
#	G	D	E	R	K	N	Q	S	T	A	V	L	I	F	Y	W	H	M	C	P
0	0.01948	0.05467	0.04997	0.02627	0.20220	0.10609	0.03902	0.02776	0.16126	0.02642	0.03295	0.06225	0.13317	0.01172	0.00847	0.00259	0.00876	0.01001	0.00589	0.01106
1	0.06403	0.09351	0.02741	0.08228	0.21109	0.18097	0.01842	0.02824	0.08432	0.02503	0.01575	0.01898	0.01298	0.00866	0.00901	0.00242	0.06357	0.00654	0.00457	0.04222
2	0.08784	0.05848	0.02815	0.18101	0.21280	0.01976	0.07146	0.06365	0.06887	0.02842	0.01656	0.02046	0.01306	0.00793	0.00774	0.00243	0.00943	0.00707	0.00478	0.09010
3	0.10100	0.08612	0.10121	0.03248	0.30497	0.11286	0.02066	0.02834	0.05832	0.05461	0.01626	0.01904	0.01295	0.00800	0.00752	0.00242	0.01008	0.00657	0.00467	0.01194
4	0.02164	0.47139	0.04011	0.02703	0.24262	0.02829	0.01815	0.02509	0.01759	0.02219	0.01297	0.01585	0.01153	0.00721	0.00634	0.00202	0.00923	0.00547	0.00375	0.01153
5	0.02311	0.02457	0.03124	0.04379	0.50280	0.17910	0.02320	0.02736	0.02004	0.02548	0.01495	0.01920	0.01256	0.00768	0.00805	0.00239	0.01111	0.00690	0.00415	0.01230
6	0.01065	0.00771	0.00958	0.01086	0.01169	0.00721	0.00736	0.01207	0.01585	0.02067	0.04779	0.44828	0.14021	0.15313	0.01649	0.00420	0.00551	0.05702	0.00721	0.00652
7	0.01015	0.00760	0.00943	0.01071	0.01187	0.00688	0.00737	0.01192	0.01714	0.02228	0.09368	0.50716	0.20519	0.02421	0.01036	0.00318	0.00461	0.02156	0.00780	0.00688
8	0.02056	0.06582	0.08906	0.01804	0.02196	0.13908	0.01571	0.05234	0.05245	0.06023	0.01819	0.02306	0.01537	0.02636	0.21692	0.00597	0.13686	0.00731	0.00486	0.00986
9	0.01386	0.01236	0.01797	0.01642	0.01754	0.01479	0.04888	0.01599	0.01464	0.02060	0.03014	0.22459	0.07995	0.06620	0.12702	0.00529	0.24697	0.01352	0.00540	0.00786
10	0.01208	0.00805	0.00906	0.00906	0.00906	0.00805	0.00503	0.01208	0.01208	0.01611	0.02618	0.05436	0.03020	0.70804	0.04228	0.00805	0.00805	0.01208	0.00503	0.00503
11	0.03000	0.03567	0.02318	0.02070	0.02526	0.54079	0.01572	0.09422	0.08990	0.02507	0.01576	0.01716	0.01258	0.00899	0.00767	0.00225	0.01351	0.00599	0.00512	0.01045
12	0.01184	0.00930	0.01101	0.01169	0.01410	0.00874	0.00943	0.01582	0.05412	0.02445	0.09053	0.11771	0.33517	0.02129	0.01039	0.00320	0.00562	0.23018	0.00780	0.00761
13	0.01666	0.04297	0.66500	0.02368	0.03596	0.01929	0.03069	0.02631	0.01754	0.02631	0.01491	0.01754	0.01052	0.00789	0.00789	0.00263	0.01228	0.00614	0.00351	0.01228
14	0.01666	0.04297	0.66500	0.02368	0.03596	0.01929	0.03069	0.02631	0.01754	0.02631	0.01491	0.01754	0.01052	0.00789	0.00789	0.00263	0.01228	0.00614	0.00351	0.01228
15	0.01012	0.00723	0.00964	0.01157	0.01205	0.00675	0.00771	0.01157	0.01591	0.02121	0.04579	0.70262	0.05495	0.02603	0.01060	0.00337	0.00482	0.02362	0.00771	0.00675
16	0.01549	0.00774	0.00774	0.00774	0.00968	0.00774	0.00581	0.01936	0.01742	0.03097	0.02710	0.03097	0.02129	0.00968	0.00581	0.00194	0.00387	0.00774	0.75416	0.00774
17	0.01012	0.00723	0.00964	0.01157	0.01205	0.00675	0.00771	0.01157	0.01591	0.02121	0.04579	0.70262	0.05495	0.02603	0.01060	0.00337	0.00482	0.02362	0.00771	0.00675
18	0.01069	0.00823	0.00978	0.00986	0.01188	0.00731	0.00722	0.01344	0.02029	0.02679	0.31585	0.18933	0.29884	0.02027	0.00996	0.00283	0.00420	0.01762	0.00832	0.00731
19	0.01060	0.00760	0.01007	0.01124	0.01216	0.00707	0.00775	0.01277	0.01813	0.02475	0.22318	0.51513	0.06181	0.02338	0.01037	0.00315	0.00456	0.02110	0.00813	0.00707
20	0.03103	0.03959	0.02354	0.02140	0.02568	0.67469	0.01605	0.03317	0.02354	0.02033	0.01284	0.01498	0.01070	0.00856	0.00749	0.00214	0.01498	0.00535	0.00428	0.00963
21	0.03596	0.01624	0.02058	0.01578	0.02225	0.01532	0.01303	0.17562	0.02729	0.52188	0.02983	0.02636	0.01909	0.01021	0.00834	0.00255	0.00755	0.00815	0.00983	0.01414
22	0.01009	0.00736	0.00950	0.01121	0.01196	0.00678	0.00755	0.01161	0.01625	0.02135	0.05016	0.63171	0.12304	0.02546	0.01051	0.00331	0.00475	0.02292	0.00771	0.00678
23	0.03375	0.01717	0.02084	0.01626	0.02256	0.01705	0.01334	0.20918	0.09847	0.41609	0.02922	0.02620	0.01927	0.01031	0.00835	0.00258	0.00761	0.00822	0.00951	0.01402
24	0.02056	0.01974	0.03372	0.05099	0.65622	0.01974	0.02550	0.02550	0.01892	0.02714	0.01563	0.02056	0.01316	0.00740	0.00822	0.00247	0.00987	0.00740	0.00411	0.01316
25	0.01330	0.00883	0.01160	0.01071	0.01294	0.00810	0.00810	0.01718	0.02353	0.07131	0.61442	0.06001	0.07489	0.01658	0.00971	0.00261	0.00411	0.01462	0.00921	0.00822
26	0.03103	0.03959	0.02354	0.02140	0.02568	0.67469	0.01605	0.03317	0.02354	0.02033	0.01284	0.01498	0.01070	0.00856	0.00749	0.00214	0.01498	0.00535	0.00428	0.00963
27	0.01091	0.00850	0.00994	0.00971	0.01207	0.00753	0.00737	0.01397	0.02115	0.02778	0.35537	0.07197	0.34877	0.01918	0.00988	0.00276	0.00423	0.04307	0.00840	0.00744
28	0.01858	0.01771	0.03013	0.31044	0.41228	0.01922	0.02451	0.02376	0.01798	0.02473	0.01528	0.02121	0.01231	0.00777	0.00826	0.00259	0.01036	0.00739	0.00394	0.01156
29	0.03103	0.03959	0.02354	0.02140	0.02568	0.67469	0.01605	0.03317	0.02354	0.02033	0.01284	0.01498	0.01070	0.00856	0.00749	0.00214	0.01498	0.00535	0.00428	0.00963
30	0.01925	0.25775	0.42946	0.02051	0.03068	0.06059	0.02458	0.02624	0.01767	0.02380	0.01371	0.01604	0.01058	0.00768	0.00705	0.00233	0.01134	0.00555	0.00357	0.01161
31	0.01841	0.20251	0.38670	0.02254	0.06545	0.02244	0.05009	0.02650	0.05375	0.02491	0.01561	0.01828	0.01207	0.01004	0.03447	0.00287	0.01146	0.00625	0.00391	0.01174
32	0.00982	0.00842	0.00842	0.00842	0.01122	0.00701	0.00631	0.01192	0.01894	0.02244	0.08416	0.07995	0.65285	0.02104	0.00982	0.00281	0.00421	0.01753	0.00771	0.00701
33	0.01012	0.00723	0.00964	0.01157	0.01205	0.00675	0.00771	0.01157	0.01591	0.02121	0.04579	0.70262	0.05495	0.02603	0.01060	0.00337	0.00482	0.02362	0.00771	0.00675
34	0.02143	0.02163	0.03211	0.08367	0.55355	0.09124	0.02433	0.02609	0.01929	0.02606	0.01527	0.02004	0.01277	0.00758	0.00815	0.00245	0.01050	0.00718	0.00411	0.01255
35	0.01073	0.00773	0.01048	0.01165	0.01248	0.00762	0.00810	0.01270	0.01620	0.02212	0.11552	0.47038	0.05041	0.06181	0.13522	0.00534	0.00809	0.01931	0.00717	0.00693
36	0.03727	0.01414	0.01928	0.01478	0.02121	0.01221	0.01221	0.04049	0.02378	0.66198	0.03277	0.02828	0.02056	0.01028	0.00835	0.00257	0.00707	0.00835	0.01028	0.01414
37	0.03047	0.02244	0.02414	0.01872	0.02505	0.02478	0.01537	0.59665	0.03786	0.05075	0.02128	0.05522	0.01624	0.01080	0.00843	0.00254	0.00892	0.00831	0.00828	0.01375
38	0.02187	0.03000	0.15136	0.09496	0.03400	0.22165	0.14963	0.02677	0.01883	0.02283	0.01392	0.01839	0.01115	0.00919	0.01181	0.00272	0.13964	0.00702	0.00394	0.01033
39	0.02056	0.01974	0.03372	0.05099	0.65622	0.01974	0.02550	0.02550	0.01892	0.02714	0.01563	0.02056	0.01316	0.00740	0.00822	0.00247	0.00987	0.00740	0.00411	0.01316
40	0.00991	0.00808	0.00877	0.00932	0.01146	0.00694	0.00671	0.01182	0.01807	0.02209	0.07318	0.25814	0.48175	0.02247	0.01004	0.00297	0.00438	0.01927	0.00771	0.00694
41	0.01045	0.00854	0.00934	0.00977	0.01229	0.00743	0.00760	0.01281	0.01880	0.02279	0.07512	0.11740	0.51564	0.02165	0.01015	0.00301	0.00483	0.11757	0.00770	0.00711
42	0.02529	0.02969	0.09231	0.10538	0.11521	0.27735	0.01938	0.11794	0.08613	0.02812	0.01682	0.01921	0.01304	0.00878	0.00795	0.00243	0.01183	0.00667	0.00511	0.01135
43	0.01694	0.03837	0.54632	0.02333	0.03333	0.02043	0.02837	0.02514	0.01665	0.02514	0.01417	0.01766	0.01059	0.00913	0.01149	0.00282	0.13857	0.00635	0.00353	0.01169
44	0.01050	0.00831	0.00861	0.00861	0.01057	0.00733	0.00593	0.01197	0.01687	0.02053	0.06665	0.07222	0.46481	0.22851	0.01962	0.00439	0.00537	0.01589	0.00690	0.00642
45	0.02472	0.25409	0.16631	0.02016	0.02720	0.30478	0.04395	0.02881	0.01999	0.02160	0.01303	0.01530	0.01073	0.00789	0.00698	0.00216	0.01243	0.00541	0.00388	0.01058
46	0.01087	0.00811	0.01029	0.01174	0.01315	0.00752	0.00880	0.01308	0.01746	0.02243	0.05467	0.39730	0.19862	0.02404	0.01063	0.00335	0.00539	0.16782	0.00770	0.00704
47	0.03106	0.03875	0.02361	0.02128	0.02569	0.64117	0.01604	0.06393	0.02434	0.02199	0.01321	0.01524	0.01088	0.00863	0.00753	0.00216	0.01468	0.00546	0.00449	0.00986
48	0.01882	0.01787	0.02983	0.27729	0.41053	0.01933	0.02402	0.02489	0.04882	0.02540	0.01622	0.02164	0.01302	0.00792	0.00826	0.00259	0.01014	0.00749	0.00418	0.01175
49	0.01700	0.01645	0.02320	0.02024	0.02052	0.02265	0.01673	0.01904	0.01284	0.01986	0.01301	0.02086	0.01274	0.02340	0.14748	0.00544	0.56840	0.00757	0.00379	0.00878
50	0.01553	0.01009	0.01244	0.01186	0.01457	0.00961	0.00901	0.02083	0.09152	0.11040	0.26582	0.17751	0.15315	0.01810	0.00969	0.00286	0.00503	0.04443	0.00864	0.00891
51	0.01061	0.00845	0.00951	0.00924	0.01171	0.00735	0.00693	0.01345	0.02080	0.02687	0.31534	0.07266	0.41891	0.01939	0.00981	0.00273	0.00409	0.01651	0.00830	0.00735
52	0.03103	0.03959	0.02354	0.02140	0.02568	0.67469	0.01605	0.03317	0.02354	0.02033	0.01284	0.01498	0.01070	0.00856	0.00749	0.00214	0.01498	0.00535	0.00428	0.00963
53	0.01775	0.01362	0.01541	0.01464	0.01817	0.01470	0.01143	0.03114	0.33807	0.07002	0.07776	0.13302	0.09767	0.01602	0.00935	0.00300	0.00613	0.09307	0.00833	0.01071
54	0.01013	0.00809	0.00878	0.00925	0.01120	0.00706	0.00652	0.01185	0.01748	0.02147	0.06872	0.22876	0.44184	0.09455	0.01343	0.00350	0.00476	0.01844	0.00743	0.00674
55	0.02027	0.01944	0.03319	0.08950	0.62002	0.01966	0.02535	0.02524	0.01878	0.02678	0.01557	0.02066	0.01303	0.00746	0.00823	0.00249	0.00994	0.00740	0.00409	0.01292
56	0.03331	0.01833	0.02044	0.01641	0.02194	0.10004	0.01332	0.10012	0.02417	0.44023	0.02699	0.02535	0.01807	0.01330	0.04818	0.00319	0.04730	0.00784	0.00858	0.01288
57	0.01006	0.00820	0.00890	0.00919	0.01149	0.00704	0.00672	0.01221	0.01881	0.02325	0.13109	0.19379	0.48720	0.02158	0.00996	0.00289	0.00429	0.01842	0.00785	0.00704
58	0.29204	0.06333	0.02042	0.01546	0.02124	0.02272	0.01277	0.26570	0.14048	0.04162	0.01899	0.01927	0.01416	0.00922	0.00701	0.00254	0.00768	0.00658	0.00690	0.01189
59	0.02026	0.02322	0.17716	0.05160	0.02606	0.01947	0.01815	0.20863	0.04994	0.03205	0.02169	0.02599	0.04430	0.04733	0.12093	0.00469	0.08372	0.00809	0.00564	0.01107
60	0.01145	0.00784	0.00948	0.01009	0.01032	0.00777	0.00617	0.01207	0.01336	0.01789	0.03214	0.25736	0.03747	0.45733	0.06746	0.00687	0.00782	0.01554	0.00584	0.00571
61	0.19229	0.01994	0.02089	0.01652	0.02268	0.02179	0.01359	0.36871	0.06936	0.14221	0.02098	0.02052	0.01471	0.00961	0.00763	0.00254	0.00807	0.00708	0.00793	0.01295
62	0.19644	0.02009	0.01797	0.04727	0.05924	0.15746	0.01301	0.06484	0.10151	0.03163	0.15573	0.03070	0.02859	0.01106	0.00784	0.00256	0.00837	0.02931	0.00642	0.00996
63	0.06510	0.06220	0.02225	0.06929	0.02527	0.18870	0.01447	0.13668	0.12660	0.11419	0.05179	0.02302	0.01835	0.00966	0.00779	0.00241	0.00958	0.00731	0.00668	0.03866
64	0.10808	0.02665	0.08746	0.01803	0.02364	0.22002	0.01523	0.03550	0.26004	0.05817	0.02201	0.02197	0.01667	0.00942	0.00762	0.00248	0.00974	0.00702	0.00621	0.04403
65	0.02034	0.09445	0.04922	0.05132	0.02596	0.09104	0.10453	0.02779	0.12141	0.05632	0.10091	0.02614	0.02293	0.00925	0.00788	0.00225	0.00889	0.00801	0.00585	0.16548
66	0.28270	0.02160	0.10079	0.01704	0.06107	0.08251	0.01415	0.06088	0.04683	0.05818	0.05080	0.02293	0.05121	0.00924	0.00699	0.00241	0.00817	0.00683	0.00565	0.09001

[dist]
# distance from previous block
# <min> <max>
2	108

[block]
# block no. 4 follows, 22 sequences, length 16
# corresponding to MSA columns:
# 489-504
name=unknown_E
#
# <colnr> <probs for GDERKNQSTAVLIFYWHMCP>
#	G	D	E	R	K	N	Q	S	T	A	V	L	I	F	Y	W	H	M	C	P
0	0.18224	0.02277	0.15984	0.01870	0.02339	0.02119	0.01785	0.09197	0.01717	0.02880	0.01407	0.01863	0.01174	0.01574	0.07927	0.00400	0.25130	0.00660	0.00455	0.01018
1	0.01762	0.02318	0.11780	0.02040	0.02606	0.14662	0.17050	0.02201	0.01950	0.02351	0.03830	0.11089	0.20108	0.01356	0.00915	0.00271	0.01012	0.01211	0.00551	0.00935
2	0.10209	0.01182	0.01538	0.01591	0.07814	0.01118	0.01088	0.02388	0.01996	0.22067	0.14585	0.19948	0.08008	0.01547	0.00890	0.00278	0.00597	0.01337	0.00812	0.01008
3	0.01413	0.01169	0.01703	0.01549	0.01801	0.01164	0.08912	0.08505	0.01934	0.02562	0.04284	0.42005	0.12545	0.02052	0.01085	0.00313	0.03619	0.01842	0.00715	0.00831
4	0.01879	0.14172	0.10751	0.19041	0.11133	0.02240	0.19714	0.02439	0.01764	0.02366	0.01466	0.01974	0.01161	0.00798	0.00943	0.00261	0.05686	0.00743	0.00384	0.01083
5	0.02499	0.02704	0.02705	0.10394	0.25089	0.27396	0.01992	0.07823	0.06582	0.02644	0.01608	0.01925	0.01292	0.00843	0.00797	0.00240	0.01169	0.00675	0.00478	0.01144
6	0.01070	0.00839	0.00932	0.00912	0.01130	0.00740	0.00661	0.01309	0.01943	0.02492	0.24923	0.07116	0.39668	0.10968	0.01406	0.00343	0.00462	0.01606	0.00780	0.00701
7	0.02241	0.01634	0.01903	0.01599	0.02021	0.01825	0.01291	0.33601	0.02706	0.03735	0.02137	0.02589	0.01733	0.03144	0.28198	0.00692	0.01418	0.00808	0.05631	0.01095
8	0.01896	0.10152	0.09834	0.10820	0.20917	0.02128	0.19675	0.02441	0.01795	0.02464	0.01624	0.04767	0.01376	0.00863	0.00969	0.00265	0.05652	0.00828	0.00408	0.01124
9	0.02914	0.12630	0.02687	0.02254	0.06942	0.54471	0.01647	0.03155	0.02235	0.02071	0.01287	0.01516	0.01087	0.00829	0.00726	0.00212	0.01382	0.00538	0.00417	0.01001
10	0.01151	0.00882	0.01250	0.01250	0.01421	0.00980	0.00968	0.01433	0.01432	0.01983	0.03296	0.04082	0.13011	0.05517	0.56003	0.01153	0.01913	0.01039	0.00502	0.00735
11	0.02514	0.25410	0.10503	0.02221	0.06927	0.30837	0.05625	0.02879	0.02016	0.02161	0.01310	0.01559	0.01095	0.00784	0.00704	0.00214	0.01231	0.00557	0.00394	0.01060
12	0.02248	0.02720	0.08993	0.14410	0.13655	0.21967	0.05683	0.04890	0.01958	0.02371	0.01403	0.01855	0.01143	0.00919	0.01116	0.00265	0.12259	0.00678	0.00412	0.01057
13	0.01125	0.00836	0.01065	0.01156	0.01324	0.00776	0.00885	0.01401	0.01914	0.02522	0.19571	0.26834	0.18593	0.02208	0.01046	0.00319	0.00518	0.16373	0.00803	0.00728
14	0.02811	0.02971	0.02408	0.02180	0.05532	0.33369	0.01636	0.18482	0.09337	0.03039	0.01686	0.01862	0.01332	0.00983	0.01004	0.00249	0.08760	0.00665	0.00569	0.01127
15	0.08764	0.02316	0.02699	0.19707	0.15144	0.17449	0.07826	0.06351	0.06901	0.02695	0.01619	0.01999	0.01264	0.00835	0.00798	0.00254	0.01118	0.00705	0.00473	0.01082

[dist]
# distance from previous block
# <min> <max>
0	1

[block]
# block no. 5 follows, 22 sequences, length 20
# corresponding to MSA columns:
# 506-525
name=unknown_F
#
# <colnr> <probs for GDERKNQSTAVLIFYWHMCP>
#	G	D	E	R	K	N	Q	S	T	A	V	L	I	F	Y	W	H	M	C	P
0	0.01012	0.00723	0.00964	0.01157	0.01205	0.00675	0.00771	0.01157	0.01591	0.02121	0.04579	0.70262	0.05495	0.02603	0.01060	0.00337	0.00482	0.02362	0.00771	0.00675
1	0.02066	0.01785	0.01878	0.01691	0.02160	0.02066	0.01315	0.04414	0.64121	0.03475	0.03381	0.03099	0.02536	0.01127	0.00845	0.00282	0.00657	0.00939	0.00845	0.01315
2	0.01666	0.04297	0.66500	0.02368	0.03596	0.01929	0.03069	0.02631	0.01754	0.02631	0.01491	0.01754	0.01052	0.00789	0.00789	0.00263	0.01228	0.00614	0.00351	0.01228
3	0.01757	0.01669	0.02833	0.44143	0.28912	0.01895	0.02401	0.02288	0.01750	0.02352	0.01510	0.02153	0.01188	0.00796	0.00827	0.00265	0.01061	0.00739	0.00385	0.01075
4	0.02221	0.71304	0.04353	0.01421	0.02132	0.03287	0.01421	0.02488	0.01688	0.01955	0.01155	0.01333	0.01066	0.00711	0.00533	0.00178	0.00888	0.00444	0.00355	0.01066
5	0.00998	0.00836	0.00868	0.00873	0.01135	0.00706	0.00650	0.01218	0.01912	0.02319	0.12456	0.11160	0.57824	0.02100	0.00986	0.00282	0.00422	0.01767	0.00782	0.00706
6	0.03011	0.02185	0.02336	0.01808	0.02430	0.02412	0.01488	0.57300	0.03709	0.05041	0.02060	0.02095	0.01478	0.00995	0.00808	0.00244	0.00866	0.00750	0.07629	0.01355
7	0.01466	0.01031	0.01210	0.01114	0.01414	0.00982	0.00852	0.02079	0.11135	0.08450	0.33711	0.06008	0.23983	0.01681	0.00949	0.00270	0.00466	0.01440	0.00871	0.00890
8	0.01012	0.00723	0.00964	0.01157	0.01205	0.00675	0.00771	0.01157	0.01591	0.02121	0.04579	0.70262	0.05495	0.02603	0.01060	0.00337	0.00482	0.02362	0.00771	0.00675
9	0.00982	0.00842	0.00842	0.00842	0.01122	0.00701	0.00631	0.01192	0.01894	0.02244	0.08416	0.07995	0.65285	0.02104	0.00982	0.00281	0.00421	0.01753	0.00771	0.00701
10	0.01725	0.02943	0.31627	0.18007	0.04131	0.02006	0.16516	0.02462	0.01736	0.02462	0.01495	0.01979	0.01117	0.00839	0.01019	0.00279	0.07442	0.00738	0.00372	0.01103
11	0.01106	0.00790	0.00987	0.01041	0.01141	0.00741	0.00703	0.01298	0.01761	0.02387	0.23174	0.30821	0.10118	0.18022	0.01761	0.00418	0.00524	0.01784	0.00754	0.00671
12	0.01295	0.00983	0.01245	0.01361	0.01587	0.00971	0.01138	0.01784	0.06983	0.02488	0.05253	0.12357	0.18603	0.02174	0.01079	0.00348	0.00659	0.38128	0.00773	0.00790
13	0.01006	0.00748	0.00938	0.01090	0.01187	0.00680	0.00741	0.01164	0.01655	0.02147	0.05392	0.57067	0.18165	0.02497	0.01044	0.00325	0.00469	0.02233	0.00771	0.00680
14	0.02042	0.05344	0.05324	0.01946	0.07352	0.01991	0.01469	0.10397	0.37658	0.03321	0.03021	0.11477	0.02543	0.01235	0.00851	0.00276	0.00731	0.01045	0.00749	0.01226
15	0.01833	0.01878	0.03502	0.13674	0.09367	0.02065	0.27498	0.02284	0.01668	0.02324	0.01469	0.02132	0.01210	0.01072	0.01548	0.05616	0.18634	0.00836	0.00392	0.00999
16	0.19550	0.02819	0.12978	0.07808	0.17311	0.21174	0.01957	0.02730	0.01876	0.02689	0.01368	0.01691	0.01087	0.00797	0.00725	0.00245	0.01107	0.00592	0.00427	0.01071
17	0.07392	0.13937	0.02488	0.01801	0.02308	0.35385	0.01438	0.13657	0.02427	0.02723	0.02034	0.02144	0.06973	0.00967	0.00736	0.00223	0.01144	0.00665	0.00526	0.01033
18	0.05771	0.02012	0.08467	0.02241	0.05839	0.04526	0.16837	0.07192	0.04787	0.08284	0.03157	0.03660	0.12438	0.01195	0.01014	0.00282	0.05242	0.05385	0.00603	0.01068
19	0.01934	0.13533	0.02467	0.02314	0.16617	0.07280	0.01528	0.02800	0.18115	0.02693	0.06971	0.03682	0.09953	0.01186	0.00827	0.00257	0.00804	0.05327	0.00618	0.01096

[dist]
# distance from previous block
# <min> <max>
0	114

[block]
# block no. 6 follows, 22 sequences, length 57
# corresponding to MSA columns:
# 650-706
name=unknown_G
#
# <colnr> <probs for GDERKNQSTAVLIFYWHMCP>
#	G	D	E	R	K	N	Q	S	T	A	V	L	I	F	Y	W	H	M	C	P
0	0.10742	0.02313	0.10982	0.05485	0.08706	0.08878	0.11359	0.09572	0.04604	0.05964	0.11022	0.02588	0.02237	0.00959	0.00826	0.00258	0.00984	0.00831	0.00583	0.01106
1	0.05070	0.07371	0.15236	0.04298	0.02526	0.17511	0.01702	0.02990	0.17181	0.02625	0.02762	0.03120	0.08226	0.01114	0.00809	0.00260	0.00989	0.04576	0.00567	0.01067
2	0.11101	0.01526	0.09493	0.01404	0.01875	0.01182	0.01252	0.02502	0.01993	0.22419	0.14416	0.16796	0.03705	0.01484	0.00883	0.00283	0.00666	0.05202	0.00793	0.01025
3	0.15230	0.02796	0.02205	0.02068	0.06603	0.31343	0.01519	0.15167	0.02367	0.03014	0.01479	0.01741	0.01194	0.01235	0.05093	0.00309	0.04452	0.00610	0.00522	0.01052
4	0.02186	0.02221	0.17718	0.02179	0.12752	0.05894	0.01734	0.02617	0.01884	0.17956	0.02781	0.03306	0.07724	0.13731	0.01448	0.00356	0.00926	0.00899	0.00599	0.01089
5	0.01010	0.00731	0.00956	0.01137	0.01200	0.00676	0.00762	0.01159	0.01610	0.02129	0.04824	0.66282	0.09316	0.02571	0.01055	0.00334	0.00478	0.02323	0.00771	0.00676
6	0.01556	0.02039	0.16714	0.07037	0.24163	0.01491	0.01963	0.02041	0.01783	0.02446	0.03355	0.11571	0.14971	0.04017	0.01011	0.00292	0.00865	0.01134	0.00516	0.01035
7	0.15935	0.05245	0.15408	0.05277	0.21889	0.01912	0.02001	0.02904	0.08184	0.10800	0.01852	0.02042	0.01384	0.00833	0.00751	0.00255	0.00904	0.00681	0.00535	0.01208
8	0.02033	0.01950	0.03330	0.08135	0.62768	0.01968	0.02538	0.02529	0.01881	0.02686	0.01559	0.02064	0.01306	0.00744	0.00823	0.00248	0.00993	0.00740	0.00409	0.01297
9	0.01023	0.00732	0.00974	0.01149	0.01207	0.00682	0.00772	0.01185	0.01642	0.02203	0.08695	0.65912	0.05654	0.02541	0.01055	0.00332	0.00476	0.02303	0.00781	0.00682
10	0.01046	0.00836	0.00886	0.00878	0.01097	0.00730	0.00626	0.01240	0.01824	0.02260	0.14199	0.07313	0.47013	0.14579	0.01573	0.00374	0.00487	0.01624	0.00740	0.00675
11	0.06131	0.20926	0.05600	0.02061	0.06336	0.09285	0.05289	0.25376	0.05536	0.03466	0.01658	0.01797	0.01284	0.00860	0.00735	0.00231	0.00988	0.00648	0.00579	0.01214
12	0.15463	0.02206	0.02280	0.01774	0.02414	0.02457	0.01465	0.52740	0.03489	0.04983	0.01854	0.01887	0.01327	0.00959	0.00778	0.00251	0.00869	0.00698	0.00778	0.01327
13	0.01050	0.00761	0.00992	0.01109	0.01209	0.00703	0.00765	0.01260	0.01796	0.02425	0.19673	0.50587	0.09891	0.02349	0.01036	0.00315	0.00456	0.02112	0.00806	0.00703
14	0.01967	0.01903	0.03305	0.15945	0.51972	0.01959	0.05810	0.02482	0.01856	0.02610	0.01554	0.02093	0.01277	0.00754	0.00833	0.00254	0.01030	0.00753	0.00404	0.01238
15	0.01997	0.01914	0.03266	0.12776	0.58405	0.01958	0.02520	0.02498	0.01864	0.02643	0.01552	0.02075	0.01291	0.00751	0.00823	0.00250	0.01001	0.00740	0.00406	0.01269
16	0.01138	0.00850	0.01034	0.01010	0.01210	0.00775	0.00754	0.01443	0.02091	0.02820	0.39884	0.06831	0.22669	0.08327	0.01296	0.00326	0.00464	0.05517	0.00827	0.00734
17	0.02971	0.03599	0.02674	0.02283	0.02783	0.53509	0.08953	0.08819	0.02452	0.02409	0.01398	0.01634	0.01125	0.00851	0.00785	0.00225	0.01432	0.00609	0.00465	0.01024
18	0.01497	0.01346	0.01929	0.01751	0.01826	0.01778	0.01421	0.01737	0.01304	0.01963	0.01668	0.02553	0.01592	0.03884	0.35688	0.00858	0.35166	0.00810	0.00405	0.00824
19	0.00982	0.00842	0.00842	0.00842	0.01122	0.00701	0.00631	0.01192	0.01894	0.02244	0.08416	0.07995	0.65285	0.02104	0.00982	0.00281	0.00421	0.01753	0.00771	0.00701
20	0.03158	0.02327	0.02493	0.01911	0.02576	0.02576	0.01579	0.62852	0.03906	0.05236	0.01995	0.01995	0.01413	0.00997	0.00831	0.00249	0.00914	0.00748	0.00831	0.01413
21	0.01666	0.04297	0.66500	0.02368	0.03596	0.01929	0.03069	0.02631	0.01754	0.02631	0.01491	0.01754	0.01052	0.00789	0.00789	0.00263	0.01228	0.00614	0.00351	0.01228
22	0.01961	0.02241	0.04902	0.03501	0.04342	0.02101	0.62605	0.02661	0.01961	0.02661	0.01681	0.02241	0.01261	0.00700	0.00980	0.00280	0.01401	0.00980	0.00420	0.01120
23	0.03158	0.02327	0.02493	0.01911	0.02576	0.02576	0.01579	0.62852	0.03906	0.05236	0.01995	0.01995	0.01413	0.00997	0.00831	0.00249	0.00914	0.00748	0.00831	0.01413
24	0.00982	0.00842	0.00842	0.00842	0.01122	0.00701	0.00631	0.01192	0.01894	0.02244	0.08416	0.07995	0.65285	0.02104	0.00982	0.00281	0.00421	0.01753	0.00771	0.00701
25	0.03623	0.01580	0.02031	0.01557	0.02204	0.01468	0.01286	0.14768	0.02656	0.55085	0.03044	0.02676	0.01939	0.01023	0.00835	0.00256	0.00745	0.00819	0.00992	0.01414
26	0.01012	0.00723	0.00964	0.01157	0.01205	0.00675	0.00771	0.01157	0.01591	0.02121	0.04579	0.70262	0.05495	0.02603	0.01060	0.00337	0.00482	0.02362	0.00771	0.00675
27	0.00982	0.00842	0.00842	0.00842	0.01122	0.00701	0.00631	0.01192	0.01894	0.02244	0.08416	0.07995	0.65285	0.02104	0.00982	0.00281	0.00421	0.01753	0.00771	0.00701
28	0.01012	0.00723	0.00964	0.01157	0.01205	0.00675	0.00771	0.01157	0.01591	0.02121	0.04579	0.70262	0.05495	0.02603	0.01060	0.00337	0.00482	0.02362	0.00771	0.00675
29	0.02895	0.03646	0.02819	0.02388	0.02892	0.55553	0.12725	0.03198	0.02282	0.02148	0.01356	0.01634	0.01105	0.00828	0.00791	0.00226	0.01480	0.00616	0.00427	0.00992
30	0.03727	0.01414	0.01928	0.01478	0.02121	0.01221	0.01221	0.04049	0.02378	0.66198	0.03277	0.02828	0.02056	0.01028	0.00835	0.00257	0.00707	0.00835	0.01028	0.01414
31	0.01446	0.00807	0.00933	0.00933	0.01113	0.00849	0.00710	0.01808	0.01627	0.02767	0.02573	0.03144	0.02115	0.02453	0.19466	0.00516	0.00906	0.00807	0.54263	0.00765
32	0.02891	0.02194	0.02343	0.01857	0.02474	0.02451	0.01514	0.48534	0.18659	0.04804	0.02334	0.02265	0.01688	0.01029	0.00835	0.00257	0.00851	0.00795	0.00835	0.01389
33	0.02023	0.01940	0.03312	0.09426	0.61554	0.01965	0.02533	0.02521	0.01876	0.02674	0.01557	0.02067	0.01302	0.00746	0.00823	0.00249	0.00995	0.00740	0.00408	0.01289
34	0.19818	0.02164	0.02205	0.01726	0.02357	0.02415	0.01425	0.49162	0.03341	0.04894	0.01805	0.01848	0.01297	0.00946	0.00759	0.00251	0.00853	0.00680	0.00759	0.01297
35	0.01705	0.01137	0.01319	0.01240	0.01493	0.01206	0.00943	0.15646	0.02127	0.03113	0.02990	0.21823	0.02905	0.02339	0.12261	0.00443	0.00851	0.01236	0.24337	0.00887
36	0.01525	0.03057	0.41889	0.01897	0.02759	0.01574	0.02232	0.02387	0.05896	0.02830	0.17688	0.03354	0.07172	0.01123	0.00853	0.00265	0.00932	0.00930	0.00549	0.01089
37	0.01997	0.01914	0.03266	0.12776	0.58405	0.01958	0.02520	0.02498	0.01864	0.02643	0.01552	0.02075	0.01291	0.00751	0.00823	0.00250	0.01001	0.00740	0.00406	0.01269
38	0.02997	0.12074	0.02595	0.02054	0.02516	0.59736	0.01583	0.03217	0.02274	0.02024	0.01269	0.01478	0.01070	0.00839	0.00723	0.00210	0.01425	0.00524	0.00419	0.00975
39	0.02056	0.01974	0.03372	0.05099	0.65622	0.01974	0.02550	0.02550	0.01892	0.02714	0.01563	0.02056	0.01316	0.00740	0.00822	0.00247	0.00987	0.00740	0.00411	0.01316
40	0.02781	0.02102	0.07545	0.02986	0.22864	0.05909	0.08472	0.06068	0.02202	0.27269	0.02234	0.02313	0.01565	0.00870	0.00838	0.00254	0.00971	0.00781	0.00667	0.01308
41	0.01012	0.00723	0.00964	0.01157	0.01205	0.00675	0.00771	0.01157	0.01591	0.02121	0.04579	0.70262	0.05495	0.02603	0.01060	0.00337	0.00482	0.02362	0.00771	0.00675
42	0.01012	0.00723	0.00964	0.01157	0.01205	0.00675	0.00771	0.01157	0.01591	0.02121	0.04579	0.70262	0.05495	0.02603	0.01060	0.00337	0.00482	0.02362	0.00771	0.00675
43	0.02164	0.64450	0.10710	0.01518	0.02282	0.03148	0.01590	0.02502	0.01695	0.02024	0.01189	0.01376	0.01065	0.00719	0.00559	0.00186	0.00923	0.00462	0.00355	0.01083
44	0.01094	0.00860	0.01001	0.01034	0.01269	0.00767	0.00809	0.01372	0.01977	0.02510	0.19111	0.10816	0.38735	0.02082	0.01018	0.00299	0.00486	0.13232	0.00800	0.00730
45	0.01010	0.00729	0.00957	0.01139	0.01200	0.00676	0.00763	0.01159	0.01607	0.02127	0.04790	0.66838	0.08782	0.02575	0.01056	0.00334	0.00479	0.02328	0.00771	0.00676
46	0.02056	0.01974	0.03372	0.05099	0.65622	0.01974	0.02550	0.02550	0.01892	0.02714	0.01563	0.02056	0.01316	0.00740	0.00822	0.00247	0.00987	0.00740	0.00411	0.01316
47	0.01047	0.00844	0.00932	0.00910	0.01162	0.00729	0.00682	0.01318	0.02047	0.02609	0.27447	0.07395	0.46026	0.01968	0.00981	0.00274	0.00411	0.01669	0.00819	0.00729
48	0.01020	0.00843	0.00895	0.00882	0.01146	0.00718	0.00661	0.01266	0.01984	0.02459	0.19620	0.07642	0.53947	0.02024	0.00981	0.00277	0.00415	0.01704	0.00800	0.00718
