[name]
unknown

[dist]
# distance from previous block
# <min> <max>
0	3

[block]
# block no. 0 follows, 21 sequences, length 9
# corresponding to MSA columns:
# 3-11
name=unknown_A
#
# <colnr> <probs for GDERKNQSTAVLIFYWHMCP>
#	G	D	E	R	K	N	Q	S	T	A	V	L	I	F	Y	W	H	M	C	P
0	0.02423	0.02785	0.02159	0.07951	0.02648	0.36994	0.01655	0.02717	0.02122	0.02214	0.02185	0.03831	0.02138	0.01333	0.01074	0.00286	0.07500	0.16543	0.00521	0.00922
1	0.01084	0.00870	0.01048	0.01193	0.04023	0.00774	0.00801	0.01305	0.01869	0.02376	0.11946	0.30167	0.35007	0.02242	0.01028	0.00305	0.00477	0.01954	0.00787	0.00744
2	0.01256	0.00971	0.01171	0.01275	0.01429	0.00985	0.00894	0.01870	0.14262	0.02465	0.04707	0.51778	0.09011	0.02322	0.01036	0.00330	0.00526	0.02079	0.00806	0.00827
3	0.02016	0.01919	0.02751	0.15852	0.34779	0.06145	0.02122	0.07447	0.02102	0.02769	0.02655	0.03005	0.10752	0.01015	0.00864	0.00262	0.00976	0.00900	0.00506	0.01163
4	0.46624	0.02141	0.01630	0.01422	0.01939	0.13761	0.01138	0.11447	0.02040	0.03625	0.01860	0.01988	0.05505	0.00937	0.00653	0.00256	0.00844	0.00616	0.00578	0.00998
5	0.01817	0.01752	0.02561	0.26838	0.21007	0.06172	0.02076	0.02334	0.03912	0.02342	0.01706	0.02374	0.01424	0.01892	0.13008	0.00475	0.06065	0.00778	0.00425	0.01041
6	0.02669	0.06652	0.02835	0.06338	0.22938	0.23244	0.01947	0.03015	0.02083	0.11490	0.01689	0.01975	0.01329	0.00909	0.00980	0.00252	0.07290	0.00684	0.00509	0.01171
7	0.01198	0.01027	0.01334	0.11235	0.06136	0.00989	0.01067	0.01504	0.01939	0.02447	0.13997	0.11906	0.38405	0.01857	0.00978	0.00287	0.00576	0.01591	0.00723	0.00803
8	0.01398	0.01005	0.01104	0.01034	0.01359	0.00907	0.00790	0.01850	0.07576	0.08431	0.16473	0.06959	0.44187	0.01897	0.00979	0.00282	0.00475	0.01593	0.00845	0.00856

[dist]
# distance from previous block
# <min> <max>
2	14

[block]
# block no. 1 follows, 21 sequences, length 10
# corresponding to MSA columns:
# 26-35
name=unknown_B
#
# <colnr> <probs for GDERKNQSTAVLIFYWHMCP>
#	G	D	E	R	K	N	Q	S	T	A	V	L	I	F	Y	W	H	M	C	P
0	0.27329	0.01542	0.01641	0.13212	0.02428	0.01730	0.01222	0.13811	0.02040	0.03314	0.02694	0.03227	0.10566	0.10457	0.01235	0.00345	0.00788	0.00873	0.00601	0.00945
1	0.01987	0.01924	0.03129	0.11132	0.41593	0.02166	0.02383	0.02413	0.01741	0.02518	0.01461	0.02058	0.01263	0.00966	0.01370	0.00288	0.19260	0.00754	0.00403	0.01192
2	0.01908	0.01154	0.01206	0.01072	0.01352	0.01211	0.00813	0.15316	0.02207	0.03457	0.02599	0.03245	0.02141	0.10384	0.01160	0.00296	0.00576	0.00847	0.48154	0.00902
3	0.02621	0.03202	0.02062	0.01902	0.02281	0.48946	0.01431	0.02852	0.02208	0.02098	0.02433	0.02678	0.09803	0.01789	0.09653	0.00383	0.01485	0.00766	0.00488	0.00920
4	0.01195	0.00835	0.01021	0.01035	0.01104	0.00833	0.00669	0.01322	0.01504	0.02041	0.12083	0.12990	0.06900	0.40508	0.11686	0.00735	0.00901	0.01402	0.00614	0.00620
5	0.01770	0.01290	0.01563	0.10850	0.02184	0.01280	0.01094	0.09055	0.01938	0.02922	0.02130	0.02859	0.01815	0.10458	0.04045	0.00333	0.00770	0.00772	0.21897	0.20974
6	0.01699	0.00977	0.01216	0.01159	0.01458	0.00863	0.00887	0.01966	0.02059	0.16593	0.14999	0.19990	0.24945	0.01967	0.01001	0.00299	0.00530	0.05628	0.00872	0.00894
7	0.01186	0.00841	0.01116	0.01159	0.01230	0.00891	0.00793	0.01339	0.01374	0.01893	0.02954	0.18471	0.03255	0.30137	0.28525	0.00938	0.01334	0.01362	0.00551	0.00651
8	0.01876	0.01804	0.01748	0.01580	0.01748	0.14141	0.01180	0.06104	0.01733	0.02160	0.02372	0.03646	0.06112	0.25164	0.09501	0.00589	0.16269	0.00963	0.00504	0.00805
9	0.10335	0.02584	0.02414	0.05825	0.15303	0.23778	0.01751	0.03226	0.15718	0.02744	0.01835	0.02065	0.01469	0.00953	0.00944	0.00262	0.06434	0.00700	0.00532	0.01128

[dist]
# distance from previous block
# <min> <max>
2	15

[block]
# block no. 2 follows, 21 sequences, length 7
# corresponding to MSA columns:
# 51-57
name=unknown_C
#
# <colnr> <probs for GDERKNQSTAVLIFYWHMCP>
#	G	D	E	R	K	N	Q	S	T	A	V	L	I	F	Y	W	H	M	C	P
0	0.20091	0.16809	0.05673	0.01365	0.01849	0.01926	0.01199	0.09717	0.01923	0.03067	0.02250	0.15962	0.02193	0.01446	0.03400	0.00300	0.00788	0.00968	0.08095	0.00977
1	0.02235	0.01812	0.01679	0.01496	0.01863	0.14844	0.01144	0.10864	0.02481	0.11920	0.19860	0.14393	0.08813	0.01539	0.00925	0.00269	0.00777	0.01284	0.00803	0.01001
2	0.16755	0.01488	0.01669	0.10855	0.02371	0.01603	0.01238	0.10098	0.09724	0.10752	0.03797	0.07377	0.16275	0.01325	0.00838	0.00278	0.00710	0.01069	0.00728	0.01049
3	0.02398	0.34350	0.03678	0.02624	0.18877	0.07799	0.01823	0.10156	0.02100	0.02645	0.01409	0.01692	0.01207	0.00832	0.00818	0.00225	0.05133	0.00600	0.00447	0.01187
4	0.02606	0.02404	0.02429	0.02526	0.15349	0.16245	0.01674	0.26244	0.02843	0.03566	0.02625	0.07672	0.07727	0.01169	0.00864	0.00257	0.01001	0.00941	0.00660	0.01198
5	0.02228	0.02134	0.02475	0.14816	0.19706	0.13167	0.01892	0.08407	0.11184	0.02923	0.02101	0.02678	0.01717	0.00984	0.00834	0.00261	0.01007	0.03914	0.06425	0.01146
6	0.02376	0.02474	0.02929	0.07882	0.34265	0.17727	0.02168	0.05801	0.06949	0.02718	0.01666	0.02045	0.01363	0.00881	0.00943	0.00257	0.05141	0.00723	0.00476	0.01215

[dist]
# distance from previous block
# <min> <max>
0	1

[block]
# block no. 3 follows, 21 sequences, length 88
# corresponding to MSA columns:
# 59-146
name=unknown_D
#
# <colnr> <probs for GDERKNQSTAVLIFYWHMCP>
#	G	D	E	R	K	N	Q	S	T	A	V	L	I	F	Y	W	H	M	C	P
0	0.02565	0.10997	0.02725	0.02068	0.02597	0.29023	0.07268	0.03649	0.24830	0.02682	0.02135	0.02195	0.01671	0.00947	0.00800	0.00247	0.01132	0.00734	0.00587	0.01148
1	0.02925	0.03543	0.02377	0.02134	0.02523	0.52426	0.01631	0.06366	0.02319	0.02253	0.01392	0.01706	0.01180	0.01280	0.04944	0.00306	0.08644	0.00603	0.00455	0.00992
2	0.01207	0.00819	0.00930	0.00949	0.00969	0.00807	0.00548	0.01232	0.01311	0.01733	0.03179	0.11780	0.06502	0.60181	0.03852	0.00752	0.00773	0.01379	0.00556	0.00543
3	0.01037	0.00741	0.00987	0.01185	0.01234	0.00691	0.00790	0.01185	0.01629	0.02172	0.04690	0.69537	0.05629	0.02666	0.01086	0.00346	0.00494	0.02419	0.00790	0.00691
4	0.02106	0.02022	0.03454	0.05223	0.64784	0.02022	0.02612	0.02612	0.01938	0.02780	0.01601	0.02106	0.01348	0.00758	0.00842	0.00253	0.01011	0.00758	0.00421	0.01348
5	0.03130	0.03861	0.02395	0.02158	0.02611	0.60209	0.01628	0.06476	0.05471	0.02324	0.01458	0.01641	0.01188	0.00898	0.00776	0.00225	0.01462	0.00580	0.00481	0.01028
6	0.01021	0.00801	0.00925	0.01025	0.01192	0.00705	0.00719	0.01203	0.01783	0.02235	0.06640	0.39112	0.34795	0.02413	0.01046	0.00317	0.00463	0.02110	0.00790	0.00705
7	0.01691	0.00894	0.00905	0.00867	0.01096	0.00910	0.00660	0.05775	0.01925	0.03311	0.02730	0.03101	0.02135	0.00993	0.00611	0.00202	0.00431	0.00791	0.70139	0.00835
8	0.03115	0.03934	0.02474	0.02374	0.06360	0.62796	0.01702	0.03351	0.02383	0.02125	0.01333	0.01569	0.01111	0.00870	0.00772	0.00221	0.01503	0.00561	0.00437	0.01008
9	0.02058	0.01973	0.03368	0.11246	0.59135	0.02009	0.02588	0.02570	0.01915	0.02722	0.01592	0.02122	0.01328	0.00767	0.00843	0.00256	0.01023	0.00758	0.00417	0.01309
10	0.03179	0.04056	0.02412	0.02192	0.02631	0.66676	0.01644	0.03398	0.02412	0.02083	0.01315	0.01535	0.01096	0.00877	0.00767	0.00219	0.01535	0.00548	0.00438	0.00987
11	0.01172	0.00866	0.01080	0.01028	0.01234	0.00790	0.00762	0.01523	0.02272	0.03137	0.51850	0.06630	0.17373	0.05156	0.01167	0.00298	0.00427	0.01568	0.00891	0.00775
12	0.01006	0.00862	0.00862	0.00862	0.01149	0.00718	0.00647	0.01221	0.01940	0.02299	0.08621	0.08190	0.64438	0.02155	0.01006	0.00287	0.00431	0.01796	0.00790	0.00718
13	0.02764	0.03386	0.02372	0.14338	0.03159	0.50526	0.01741	0.03053	0.02214	0.02093	0.01413	0.01785	0.01168	0.01220	0.04954	0.00304	0.01508	0.00610	0.00428	0.00965
14	0.02703	0.06060	0.02599	0.05474	0.05652	0.42708	0.01769	0.02947	0.02065	0.02109	0.01286	0.01668	0.01115	0.01009	0.01245	0.00259	0.17313	0.00611	0.00416	0.00993
15	0.01113	0.00795	0.01075	0.01273	0.01356	0.00757	0.00923	0.01317	0.01705	0.02258	0.04648	0.55800	0.05461	0.02594	0.01107	0.00356	0.00560	0.15400	0.00789	0.00712
16	0.02275	0.70604	0.04459	0.01456	0.02184	0.03367	0.01456	0.02548	0.01729	0.02002	0.01183	0.01365	0.01092	0.00728	0.00546	0.00182	0.00910	0.00455	0.00364	0.01092
17	0.02259	0.01570	0.01739	0.01352	0.01922	0.01501	0.01088	0.20400	0.02483	0.06634	0.02120	0.02303	0.01619	0.00872	0.00698	0.00192	0.00661	0.00683	0.21759	0.28144
18	0.01053	0.00822	0.00956	0.01011	0.01201	0.00725	0.00724	0.01280	0.01921	0.02462	0.17603	0.28723	0.33981	0.02252	0.01033	0.00304	0.00447	0.01960	0.00817	0.00725
19	0.03001	0.03409	0.02397	0.02103	0.02548	0.46126	0.01621	0.15070	0.02607	0.02739	0.01502	0.01756	0.01224	0.01241	0.04458	0.00298	0.05691	0.00624	0.00519	0.01064
20	0.01034	0.00796	0.00946	0.01049	0.01202	0.00708	0.00733	0.01223	0.01796	0.02291	0.09547	0.41500	0.29303	0.02411	0.01049	0.00318	0.00464	0.02121	0.00798	0.00708
21	0.01017	0.00860	0.00865	0.00865	0.01139	0.00724	0.00640	0.01222	0.01905	0.02267	0.08330	0.08062	0.61436	0.05481	0.01169	0.00314	0.00450	0.01769	0.00777	0.00708
22	0.01707	0.04402	0.65683	0.02426	0.03683	0.01976	0.03144	0.02695	0.01797	0.02695	0.01527	0.01797	0.01078	0.00809	0.00809	0.00270	0.01258	0.00629	0.00359	0.01258
23	0.03179	0.04056	0.02412	0.02192	0.02631	0.66676	0.01644	0.03398	0.02412	0.02083	0.01315	0.01535	0.01096	0.00877	0.00767	0.00219	0.01535	0.00548	0.00438	0.00987
24	0.01113	0.00795	0.01075	0.01273	0.01356	0.00757	0.00923	0.01317	0.01705	0.02258	0.04648	0.55800	0.05461	0.02594	0.01107	0.00356	0.00560	0.15400	0.00789	0.00712
25	0.02106	0.02022	0.03454	0.05223	0.64784	0.02022	0.02612	0.02612	0.01938	0.02780	0.01601	0.02106	0.01348	0.00758	0.00842	0.00253	0.01011	0.00758	0.00421	0.01348
26	0.01367	0.01153	0.01843	0.01671	0.01865	0.01355	0.06420	0.01692	0.01415	0.02050	0.02083	0.03063	0.01926	0.05266	0.52852	0.01147	0.10677	0.00898	0.00443	0.00815
27	0.01204	0.00870	0.01138	0.01071	0.01271	0.00803	0.00803	0.01606	0.02409	0.03413	0.64335	0.06357	0.08030	0.01740	0.01004	0.00268	0.00401	0.01539	0.00937	0.00803
28	0.02613	0.06105	0.02317	0.01858	0.02400	0.13614	0.01478	0.19731	0.33262	0.03704	0.02580	0.02484	0.01943	0.01047	0.00827	0.00262	0.00908	0.00809	0.00760	0.01297
29	0.01829	0.18642	0.52514	0.02217	0.03361	0.02276	0.02781	0.02663	0.01782	0.02546	0.01453	0.01704	0.01081	0.00791	0.00752	0.00251	0.01183	0.00591	0.00360	0.01222
30	0.02069	0.02017	0.01593	0.01496	0.01756	0.23912	0.01141	0.02370	0.01878	0.02447	0.02058	0.02570	0.01732	0.02256	0.16438	0.00492	0.04990	0.00733	0.27190	0.00860
31	0.03076	0.03611	0.02355	0.02085	0.02556	0.52561	0.01588	0.13077	0.02653	0.02643	0.01814	0.01963	0.04425	0.00967	0.00794	0.00229	0.01378	0.00649	0.00526	0.01050
32	0.01204	0.00870	0.01138	0.01071	0.01271	0.00803	0.00803	0.01606	0.02409	0.03413	0.64335	0.06357	0.08030	0.01740	0.01004	0.00268	0.00401	0.01539	0.00937	0.00803
33	0.16430	0.05355	0.02428	0.02174	0.08394	0.23297	0.01588	0.24061	0.02732	0.03638	0.01574	0.01737	0.01214	0.00896	0.00752	0.00242	0.01086	0.00627	0.00598	0.01178
34	0.01846	0.03573	0.44001	0.03400	0.24972	0.01992	0.02959	0.02666	0.01846	0.02725	0.01553	0.01905	0.01172	0.00791	0.00820	0.00264	0.01172	0.00674	0.00381	0.01289
35	0.02305	0.57067	0.03970	0.01540	0.02188	0.10994	0.01449	0.02574	0.01786	0.02010	0.01283	0.01537	0.01172	0.01179	0.05639	0.00277	0.01092	0.00501	0.00380	0.01054
36	0.01081	0.00865	0.00967	0.00941	0.01196	0.00751	0.00706	0.01368	0.02118	0.02722	0.29804	0.07493	0.42991	0.01997	0.01005	0.00280	0.00420	0.01698	0.00846	0.00751
37	0.01019	0.00863	0.00880	0.00876	0.01157	0.00724	0.00657	0.01246	0.01970	0.02372	0.12269	0.08070	0.60745	0.02128	0.01006	0.00286	0.00429	0.01779	0.00800	0.00724
38	0.01739	0.01597	0.02646	0.21003	0.34521	0.01689	0.02113	0.02171	0.01783	0.02451	0.02176	0.14128	0.02134	0.04884	0.01077	0.00308	0.00943	0.01074	0.00479	0.01081
39	0.02524	0.03043	0.02160	0.12898	0.02902	0.43887	0.01591	0.02796	0.02188	0.02129	0.02433	0.06751	0.08942	0.01138	0.00830	0.00246	0.01271	0.00850	0.00493	0.00929
40	0.01216	0.00912	0.01368	0.01368	0.01520	0.01064	0.01064	0.01520	0.01368	0.01976	0.02279	0.03343	0.02127	0.06382	0.66720	0.01368	0.02279	0.00912	0.00456	0.00760
41	0.01039	0.00825	0.00934	0.00989	0.01191	0.00720	0.00710	0.01256	0.01898	0.02392	0.14024	0.27323	0.39162	0.02267	0.01031	0.00303	0.00447	0.01962	0.00808	0.00720
42	0.09384	0.03187	0.16760	0.02073	0.02658	0.28457	0.04671	0.02739	0.01930	0.02400	0.01522	0.01935	0.01258	0.01796	0.11895	0.00438	0.04810	0.00650	0.00428	0.01009
43	0.01741	0.01650	0.02795	0.51147	0.21712	0.01926	0.02430	0.02292	0.01765	0.02337	0.01536	0.02225	0.01192	0.00826	0.00849	0.00275	0.01101	0.00757	0.00390	0.01054
44	0.01114	0.00838	0.01031	0.01042	0.01231	0.00755	0.00759	0.01408	0.02107	0.02835	0.36013	0.21319	0.22314	0.02061	0.01023	0.00291	0.00430	0.01808	0.00865	0.00755
45	0.02106	0.02022	0.03454	0.05223	0.64784	0.02022	0.02612	0.02612	0.01938	0.02780	0.01601	0.02106	0.01348	0.00758	0.00842	0.00253	0.01011	0.00758	0.00421	0.01348
46	0.05845	0.01010	0.01141	0.01202	0.01382	0.01053	0.00853	0.02020	0.13036	0.02669	0.03818	0.38406	0.04062	0.05702	0.01107	0.00332	0.00539	0.01692	0.13297	0.00834
47	0.01075	0.00770	0.01022	0.01159	0.01243	0.00717	0.00793	0.01281	0.01808	0.02457	0.18360	0.55057	0.06179	0.02454	0.01067	0.00328	0.00473	0.02218	0.00824	0.00717
48	0.02877	0.03484	0.02705	0.03044	0.20101	0.48503	0.01916	0.03177	0.02278	0.02279	0.01396	0.01695	0.01167	0.00844	0.00788	0.00229	0.01387	0.00607	0.00434	0.01088
49	0.01890	0.19611	0.44993	0.02121	0.03161	0.05581	0.02559	0.02643	0.01843	0.02538	0.04533	0.01908	0.01425	0.00839	0.00755	0.00246	0.01149	0.00629	0.00393	0.01183
50	0.01933	0.02208	0.06759	0.06714	0.10823	0.06127	0.34762	0.02533	0.01991	0.02615	0.02355	0.03358	0.05112	0.01010	0.00972	0.00290	0.01239	0.07625	0.00484	0.01089
51	0.01478	0.00739	0.01109	0.01109	0.01109	0.00739	0.00739	0.01109	0.01109	0.01478	0.01478	0.02587	0.01478	0.02956	0.03326	0.75240	0.00739	0.00739	0.00370	0.00370
52	0.16710	0.02912	0.02256	0.01896	0.02452	0.27973	0.01499	0.27649	0.02896	0.03772	0.01595	0.01719	0.01210	0.00921	0.00758	0.00242	0.01123	0.00623	0.00627	0.01167
53	0.01075	0.00770	0.01022	0.01159	0.01243	0.00717	0.00793	0.01281	0.01808	0.02457	0.18360	0.55057	0.06179	0.02454	0.01067	0.00328	0.00473	0.02218	0.00824	0.00717
54	0.03179	0.04056	0.02412	0.02192	0.02631	0.66676	0.01644	0.03398	0.02412	0.02083	0.01315	0.01535	0.01096	0.00877	0.00767	0.00219	0.01535	0.00548	0.00438	0.00987
55	0.02106	0.02022	0.03454	0.05223	0.64784	0.02022	0.02612	0.02612	0.01938	0.02780	0.01601	0.02106	0.01348	0.00758	0.00842	0.00253	0.01011	0.00758	0.00421	0.01348
56	0.01006	0.00862	0.00862	0.00862	0.01149	0.00718	0.00647	0.01221	0.01940	0.02299	0.08621	0.08190	0.64438	0.02155	0.01006	0.00287	0.00431	0.01796	0.00790	0.00718
57	0.01216	0.00912	0.01368	0.01368	0.01520	0.01064	0.01064	0.01520	0.01368	0.01976	0.02279	0.03343	0.02127	0.06382	0.66720	0.01368	0.02279	0.00912	0.00456	0.00760
58	0.01222	0.00831	0.00982	0.00986	0.01020	0.00831	0.00597	0.01292	0.01391	0.01886	0.09295	0.08946	0.03690	0.55055	0.07889	0.00776	0.00858	0.01312	0.00571	0.00572
59	0.01006	0.00862	0.00862	0.00862	0.01149	0.00718	0.00647	0.01221	0.01940	0.02299	0.08621	0.08190	0.64438	0.02155	0.01006	0.00287	0.00431	0.01796	0.00790	0.00718
60	0.01129	0.00779	0.00960	0.01067	0.01094	0.00753	0.00664	0.01209	0.01449	0.01933	0.03768	0.40171	0.04465	0.33620	0.02576	0.00566	0.00646	0.01877	0.00664	0.00611
61	0.02106	0.02022	0.03454	0.05223	0.64784	0.02022	0.02612	0.02612	0.01938	0.02780	0.01601	0.02106	0.01348	0.00758	0.00842	0.00253	0.01011	0.00758	0.00421	0.01348
62	0.02122	0.01711	0.01826	0.01634	0.02108	0.01926	0.01274	0.04181	0.53388	0.07486	0.03951	0.03638	0.08494	0.01244	0.00879	0.00287	0.00654	0.01035	0.00871	0.01293
63	0.01045	0.00747	0.00995	0.01179	0.01236	0.00697	0.00791	0.01207	0.01670	0.02236	0.07770	0.66275	0.05752	0.02618	0.01082	0.00342	0.00489	0.02374	0.00798	0.00697
64	0.01239	0.01010	0.01312	0.01507	0.08821	0.00923	0.00985	0.01575	0.02134	0.02828	0.30472	0.06788	0.30437	0.01829	0.00995	0.00281	0.00507	0.04719	0.00806	0.00832
65	0.02101	0.02037	0.03541	0.05133	0.61462	0.02029	0.05864	0.02618	0.01942	0.02777	0.01607	0.02117	0.01345	0.00756	0.00851	0.00255	0.01034	0.00772	0.00422	0.01337
66	0.01216	0.00912	0.01368	0.01368	0.01520	0.01064	0.01064	0.01520	0.01368	0.01976	0.02279	0.03343	0.02127	0.06382	0.66720	0.01368	0.02279	0.00912	0.00456	0.00760
67	0.02749	0.13659	0.07054	0.02659	0.14145	0.40992	0.01894	0.03079	0.02181	0.02240	0.01362	0.01632	0.01141	0.00828	0.00751	0.00223	0.01326	0.00578	0.00419	0.01087
68	0.01026	0.00783	0.00944	0.01072	0.01205	0.00701	0.00740	0.01198	0.01737	0.02216	0.06060	0.48162	0.26119	0.02488	0.01058	0.00325	0.00472	0.02202	0.00790	0.00701
69	0.01414	0.01210	0.01863	0.19239	0.02779	0.01508	0.01525	0.01771	0.01447	0.02039	0.01907	0.02842	0.01717	0.04200	0.39910	0.00935	0.11593	0.00846	0.00423	0.00834
70	0.02275	0.70604	0.04459	0.01456	0.02184	0.03367	0.01456	0.02548	0.01729	0.02002	0.01183	0.01365	0.01092	0.00728	0.00546	0.00182	0.00910	0.00455	0.00364	0.01092
71	0.04624	0.01073	0.01380	0.01296	0.01602	0.01029	0.01042	0.02262	0.05273	0.14007	0.34592	0.06150	0.05741	0.01695	0.00992	0.00296	0.00568	0.14533	0.00903	0.00942
72	0.01583	0.00962	0.01210	0.01095	0.01390	0.00856	0.00840	0.01931	0.02306	0.13221	0.41662	0.06215	0.19996	0.01723	0.00980	0.00271	0.00461	0.01487	0.00922	0.00888
73	0.01037	0.00741	0.00987	0.01185	0.01234	0.00691	0.00790	0.01185	0.01629	0.02172	0.04690	0.69537	0.05629	0.02666	0.01086	0.00346	0.00494	0.02419	0.00790	0.00691
74	0.01140	0.00824	0.01100	0.01284	0.01396	0.00784	0.00964	0.01370	0.01754	0.02299	0.04890	0.46613	0.09249	0.02533	0.01109	0.00356	0.00581	0.20244	0.00788	0.00722
75	0.02782	0.03462	0.08742	0.02933	0.17840	0.39681	0.02021	0.07782	0.02364	0.02571	0.01463	0.01739	0.01183	0.00853	0.00796	0.00235	0.01333	0.00624	0.00459	0.01137
76	0.02082	0.02015	0.03492	0.07652	0.59581	0.02023	0.05394	0.02600	0.01932	0.02753	0.01603	0.02122	0.01337	0.00760	0.00850	0.00256	0.01036	0.00770	0.00420	0.01322
77	0.01030	0.00768	0.00959	0.01111	0.01215	0.00697	0.00757	0.01193	0.01700	0.02201	0.05591	0.55477	0.19107	0.02549	0.01068	0.00332	0.00479	0.02276	0.00790	0.00697
78	0.01707	0.04402	0.65683	0.02426	0.03683	0.01976	0.03144	0.02695	0.01797	0.02695	0.01527	0.01797	0.01078	0.00809	0.00809	0.00270	0.01258	0.00629	0.00359	0.01258
79	0.02767	0.03304	0.02708	0.03003	0.19134	0.43327	0.01923	0.03059	0.02179	0.02265	0.01372	0.01718	0.01165	0.00904	0.00981	0.00243	0.07818	0.00623	0.00428	0.01077
80	0.01816	0.05250	0.01634	0.01392	0.01779	0.16280	0.01073	0.02528	0.15827	0.02518	0.05420	0.05200	0.32889	0.01567	0.00897	0.00267	0.00762	0.01256	0.00706	0.00940
81	0.01041	0.00863	0.00910	0.00899	0.01171	0.00733	0.00674	0.01289	0.02022	0.02494	0.18397	0.07868	0.54541	0.02082	0.01005	0.00284	0.00426	0.01751	0.00816	0.00733
82	0.02479	0.11012	0.02257	0.01746	0.02184	0.37250	0.01363	0.05929	0.02258	0.02298	0.03062	0.03157	0.15683	0.01432	0.04052	0.00289	0.01211	0.00853	0.00534	0.00952
83	0.05931	0.25793	0.14502	0.02194	0.06084	0.23478	0.05798	0.02863	0.01979	0.02327	0.01345	0.01598	0.01110	0.00795	0.00710	0.00224	0.01203	0.00569	0.00403	0.01097
84	0.01017	0.00818	0.00908	0.00981	0.01181	0.00708	0.00699	0.01208	0.01826	0.02252	0.07178	0.30707	0.42853	0.02343	0.01035	0.00309	0.00454	0.02025	0.00790	0.00708
85	0.02140	0.21678	0.14415	0.01778	0.02372	0.18986	0.01689	0.02557	0.02054	0.02476	0.15705	0.02654	0.02677	0.01050	0.00868	0.00237	0.04355	0.00773	0.00514	0.01021
86	0.01282	0.01037	0.01211	0.01085	0.01455	0.00865	0.00837	0.01593	0.01990	0.02708	0.19976	0.10133	0.26072	0.01693	0.00921	0.00250	0.00503	0.05051	0.00750	0.20589
87	0.01219	0.00933	0.01195	0.01182	0.01414	0.00838	0.00857	0.01476	0.01774	0.02478	0.14141	0.34721	0.08337	0.02545	0.08809	0.00410	0.00713	0.01698	0.00722	0.14538

[dist]
# distance from previous block
# <min> <max>
0	4

[block]
# block no. 4 follows, 21 sequences, length 29
# corresponding to MSA columns:
# 151-179
name=unknown_E
#
# <colnr> <probs for GDERKNQSTAVLIFYWHMCP>
#	G	D	E	R	K	N	Q	S	T	A	V	L	I	F	Y	W	H	M	C	P
0	0.02351	0.17250	0.11340	0.03045	0.18324	0.18860	0.11880	0.02829	0.02009	0.02419	0.01451	0.01798	0.01187	0.00782	0.00784	0.00237	0.01224	0.00665	0.00408	0.01158
1	0.06275	0.16319	0.03450	0.10461	0.42229	0.02284	0.02249	0.02549	0.01843	0.02616	0.01481	0.01926	0.01249	0.00763	0.00763	0.00242	0.00982	0.00678	0.00411	0.01230
2	0.02583	0.02229	0.21237	0.01656	0.02420	0.01361	0.01704	0.03090	0.02136	0.32978	0.03900	0.03669	0.14851	0.01209	0.00873	0.00270	0.00826	0.00983	0.00786	0.01237
3	0.01992	0.14051	0.24493	0.03520	0.28440	0.02239	0.08242	0.02640	0.01863	0.02620	0.01520	0.01900	0.01211	0.00766	0.00798	0.00250	0.01117	0.00689	0.00392	0.01257
4	0.01512	0.01361	0.02041	0.08953	0.25182	0.01336	0.01595	0.01899	0.01968	0.02599	0.11104	0.05257	0.25629	0.01480	0.00940	0.00278	0.00729	0.04522	0.00630	0.00986
5	0.02275	0.70604	0.04459	0.01456	0.02184	0.03367	0.01456	0.02548	0.01729	0.02002	0.01183	0.01365	0.01092	0.00728	0.00546	0.00182	0.00910	0.00455	0.00364	0.01092
6	0.01608	0.01224	0.01484	0.01222	0.01666	0.01117	0.00965	0.01964	0.01659	0.02661	0.01970	0.02460	0.01668	0.01999	0.14876	0.00424	0.04763	0.00677	0.19071	0.36521
7	0.01233	0.00843	0.01020	0.01020	0.01052	0.00875	0.00630	0.01297	0.01265	0.01718	0.02597	0.05103	0.02891	0.56745	0.17402	0.00939	0.01130	0.01169	0.00503	0.00567
8	0.01707	0.04402	0.65683	0.02426	0.03683	0.01976	0.03144	0.02695	0.01797	0.02695	0.01527	0.01797	0.01078	0.00809	0.00809	0.00270	0.01258	0.00629	0.00359	0.01258
9	0.03179	0.04056	0.02412	0.02192	0.02631	0.66676	0.01644	0.03398	0.02412	0.02083	0.01315	0.01535	0.01096	0.00877	0.00767	0.00219	0.01535	0.00548	0.00438	0.00987
10	0.01106	0.00866	0.01001	0.00967	0.01211	0.00761	0.00725	0.01415	0.02176	0.02859	0.36642	0.07268	0.36068	0.01946	0.01005	0.00277	0.00416	0.01667	0.00864	0.00761
11	0.01216	0.00912	0.01368	0.01368	0.01520	0.01064	0.01064	0.01520	0.01368	0.01976	0.02279	0.03343	0.02127	0.06382	0.66720	0.01368	0.02279	0.00912	0.00456	0.00760
12	0.01006	0.00862	0.00862	0.00862	0.01149	0.00718	0.00647	0.01221	0.01940	0.02299	0.08621	0.08190	0.64438	0.02155	0.01006	0.00287	0.00431	0.01796	0.00790	0.00718
13	0.01088	0.00865	0.00976	0.00948	0.01200	0.00753	0.00711	0.01380	0.02133	0.02758	0.31574	0.07435	0.41199	0.01984	0.01005	0.00279	0.00419	0.01690	0.00851	0.00753
14	0.01607	0.01513	0.02552	0.68047	0.05861	0.01891	0.02363	0.02174	0.01702	0.02174	0.01513	0.02269	0.01134	0.00851	0.00851	0.00284	0.01134	0.00756	0.00378	0.00945
15	0.01006	0.00862	0.00862	0.00862	0.01149	0.00718	0.00647	0.01221	0.01940	0.02299	0.08621	0.08190	0.64438	0.02155	0.01006	0.00287	0.00431	0.01796	0.00790	0.00718
16	0.03159	0.02346	0.02511	0.01943	0.02610	0.02604	0.01599	0.58066	0.08004	0.05241	0.02139	0.02120	0.01525	0.01031	0.00852	0.00258	0.00919	0.00779	0.00852	0.01440
17	0.01216	0.00912	0.01368	0.01368	0.01520	0.01064	0.01064	0.01520	0.01368	0.01976	0.02279	0.03343	0.02127	0.06382	0.66720	0.01368	0.02279	0.00912	0.00456	0.00760
18	0.01083	0.00865	0.00970	0.00943	0.01197	0.00751	0.00708	0.01371	0.02123	0.02733	0.30357	0.07475	0.42432	0.01993	0.01005	0.00280	0.00420	0.01696	0.00847	0.00751
19	0.01037	0.00741	0.00987	0.01185	0.01234	0.00691	0.00790	0.01185	0.01629	0.02172	0.04690	0.69537	0.05629	0.02666	0.01086	0.00346	0.00494	0.02419	0.00790	0.00691
20	0.01606	0.01498	0.02236	0.01956	0.02066	0.01952	0.04883	0.01870	0.01369	0.02056	0.01625	0.02490	0.01539	0.03443	0.28775	0.00774	0.37750	0.00827	0.00410	0.00873
21	0.06924	0.01850	0.02150	0.01685	0.02326	0.01899	0.01383	0.25702	0.09811	0.33010	0.02773	0.02535	0.01858	0.01040	0.00839	0.00263	0.00795	0.00815	0.00931	0.01411
22	0.01238	0.00825	0.00928	0.00928	0.00928	0.00825	0.00516	0.01238	0.01238	0.01650	0.02681	0.05569	0.03094	0.70092	0.04331	0.00825	0.00825	0.01238	0.00516	0.00516
23	0.01342	0.00927	0.01280	0.01263	0.01419	0.01069	0.00982	0.01664	0.01471	0.02285	0.02350	0.03228	0.02093	0.04767	0.46720	0.01021	0.04994	0.00873	0.19475	0.00777
24	0.01583	0.01469	0.01888	0.01738	0.01854	0.06057	0.01393	0.01839	0.01415	0.02009	0.01792	0.02683	0.01691	0.04233	0.39036	0.00928	0.26303	0.00827	0.00424	0.00837
25	0.01238	0.00825	0.00928	0.00928	0.00928	0.00825	0.00516	0.01238	0.01238	0.01650	0.02681	0.05569	0.03094	0.70092	0.04331	0.00825	0.00825	0.01238	0.00516	0.00516
26	0.21386	0.02745	0.01816	0.01707	0.02086	0.36282	0.01280	0.02705	0.02001	0.02546	0.01989	0.15743	0.02001	0.01230	0.00773	0.00257	0.01092	0.00918	0.00535	0.00908
27	0.02022	0.01978	0.02193	0.01934	0.02123	0.12334	0.01558	0.08543	0.01789	0.02388	0.01602	0.02280	0.01457	0.02831	0.21725	0.00638	0.30434	0.00767	0.00460	0.00943
28	0.02771	0.08985	0.08310	0.01893	0.05808	0.01936	0.01575	0.06790	0.22632	0.25939	0.02836	0.02643	0.01995	0.01013	0.00822	0.00263	0.00803	0.00819	0.00810	0.01355

[dist]
# distance from previous block
# <min> <max>
0	2

[block]
# block no. 5 follows, 21 sequences, length 34
# corresponding to MSA columns:
# 182-215
name=unknown_F
#
# <colnr> <probs for GDERKNQSTAVLIFYWHMCP>
#	G	D	E	R	K	N	Q	S	T	A	V	L	I	F	Y	W	H	M	C	P
0	0.03184	0.03898	0.02425	0.02170	0.02632	0.60626	0.01642	0.08929	0.02562	0.02393	0.01384	0.01583	0.01129	0.00891	0.00775	0.00223	0.01478	0.00569	0.00477	0.01030
1	0.01676	0.02414	0.27563	0.01632	0.02291	0.01429	0.01765	0.07668	0.01980	0.02985	0.02787	0.12710	0.05407	0.01231	0.00801	0.00259	0.00816	0.01019	0.22543	0.01025
2	0.02000	0.02959	0.22546	0.03486	0.15811	0.05486	0.29735	0.02730	0.01953	0.02693	0.01619	0.02071	0.01229	0.00761	0.00902	0.00272	0.01306	0.00821	0.00408	0.01211
3	0.01414	0.00898	0.01186	0.01134	0.01348	0.00822	0.00842	0.01758	0.02258	0.08906	0.46960	0.18461	0.07009	0.01858	0.01006	0.00283	0.00450	0.01649	0.00919	0.00841
4	0.01204	0.00870	0.01138	0.01071	0.01271	0.00803	0.00803	0.01606	0.02409	0.03413	0.64335	0.06357	0.08030	0.01740	0.01004	0.00268	0.00401	0.01539	0.00937	0.00803
5	0.02011	0.06424	0.34441	0.03193	0.21869	0.08695	0.02689	0.02701	0.01873	0.02594	0.01491	0.01848	0.01164	0.00833	0.00907	0.00261	0.04729	0.00658	0.00387	0.01233
6	0.02064	0.01964	0.02706	0.03626	0.37097	0.05324	0.02004	0.03090	0.20120	0.02930	0.02788	0.02956	0.07547	0.01011	0.00861	0.00265	0.00885	0.00904	0.00588	0.01270
7	0.01053	0.00753	0.01002	0.01174	0.01238	0.00702	0.00791	0.01225	0.01703	0.02290	0.10325	0.63568	0.05855	0.02579	0.01078	0.00338	0.00485	0.02336	0.00804	0.00702
8	0.01066	0.00858	0.00950	0.00940	0.01190	0.00742	0.00700	0.01333	0.02063	0.02623	0.24928	0.10668	0.44836	0.02057	0.01009	0.00284	0.00425	0.01751	0.00834	0.00742
9	0.02894	0.03603	0.05812	0.02444	0.08730	0.49421	0.01786	0.06823	0.02376	0.02382	0.01451	0.01733	0.01197	0.01165	0.04306	0.00289	0.01471	0.00606	0.00459	0.01053
10	0.01036	0.00869	0.00904	0.00911	0.01189	0.00737	0.00693	0.01270	0.01965	0.02370	0.11290	0.08170	0.58332	0.02144	0.01015	0.00292	0.00448	0.04842	0.00798	0.00726
11	0.01037	0.00741	0.00987	0.01185	0.01234	0.00691	0.00790	0.01185	0.01629	0.02172	0.04690	0.69537	0.05629	0.02666	0.01086	0.00346	0.00494	0.02419	0.00790	0.00691
12	0.03077	0.03092	0.02494	0.02091	0.02596	0.31694	0.01653	0.29602	0.03020	0.03555	0.01624	0.01795	0.01256	0.01001	0.01000	0.00250	0.07727	0.00665	0.00618	0.01188
13	0.01816	0.01751	0.02013	0.17849	0.09446	0.08243	0.01574	0.02795	0.20087	0.02671	0.03906	0.03967	0.17852	0.01269	0.00886	0.00276	0.00845	0.01063	0.00639	0.01053
14	0.02106	0.02022	0.03454	0.05223	0.64784	0.02022	0.02612	0.02612	0.01938	0.02780	0.01601	0.02106	0.01348	0.00758	0.00842	0.00253	0.01011	0.00758	0.00421	0.01348
15	0.01032	0.00813	0.00914	0.00991	0.01169	0.00714	0.00694	0.01208	0.01777	0.02210	0.06742	0.31695	0.38003	0.06504	0.01240	0.00343	0.00479	0.02002	0.00773	0.00696
16	0.05331	0.61667	0.04141	0.01511	0.02204	0.09171	0.01452	0.02625	0.01781	0.02083	0.01195	0.01382	0.01086	0.00744	0.00566	0.00189	0.00958	0.00464	0.00377	0.01075
17	0.01216	0.00912	0.01368	0.01368	0.01520	0.01064	0.01064	0.01520	0.01368	0.01976	0.02279	0.03343	0.02127	0.06382	0.66720	0.01368	0.02279	0.00912	0.00456	0.00760
18	0.01006	0.00862	0.00862	0.00862	0.01149	0.00718	0.00647	0.01221	0.01940	0.02299	0.08621	0.08190	0.64438	0.02155	0.01006	0.00287	0.00431	0.01796	0.00790	0.00718
19	0.01006	0.00862	0.00862	0.00862	0.01149	0.00718	0.00647	0.01221	0.01940	0.02299	0.08621	0.08190	0.64438	0.02155	0.01006	0.00287	0.00431	0.01796	0.00790	0.00718
20	0.01222	0.00886	0.01239	0.01239	0.01346	0.00994	0.00903	0.01437	0.01329	0.01880	0.02397	0.03997	0.02411	0.25089	0.48401	0.01208	0.01852	0.01007	0.00473	0.00688
21	0.01698	0.01621	0.02293	0.02015	0.02053	0.02216	0.01660	0.01914	0.01320	0.02030	0.01411	0.02237	0.01373	0.02728	0.18980	0.00624	0.51758	0.00787	0.00394	0.00888
22	0.02908	0.03200	0.02619	0.02732	0.15144	0.37823	0.01816	0.14157	0.06328	0.02922	0.01639	0.01844	0.01304	0.00897	0.00804	0.00237	0.01266	0.00656	0.00538	0.01167
23	0.02727	0.27880	0.03023	0.01782	0.02321	0.31245	0.01484	0.02984	0.02067	0.08022	0.01549	0.01769	0.01286	0.01349	0.06802	0.00316	0.01298	0.00577	0.00471	0.01048
24	0.01220	0.00894	0.01279	0.01279	0.01400	0.01016	0.00953	0.01463	0.01341	0.01910	0.02361	0.03792	0.02322	0.19234	0.54135	0.01258	0.01986	0.00978	0.00468	0.00711
25	0.01531	0.01009	0.01179	0.01086	0.01229	0.01007	0.00723	0.07083	0.01842	0.05327	0.18115	0.05319	0.04134	0.43422	0.03017	0.00607	0.00725	0.01252	0.00677	0.00716
26	0.10872	0.06565	0.02270	0.01890	0.02345	0.41570	0.01448	0.11144	0.02384	0.02680	0.01522	0.01954	0.01311	0.07289	0.01072	0.00283	0.01260	0.00628	0.00509	0.01005
27	0.01830	0.02320	0.14887	0.18859	0.03357	0.08134	0.01830	0.02345	0.01794	0.02477	0.01553	0.02066	0.01265	0.04169	0.00919	0.00240	0.00989	0.00635	0.00436	0.29895
28	0.01209	0.00859	0.01036	0.04148	0.01264	0.00849	0.00685	0.01330	0.01539	0.02050	0.12589	0.12129	0.09671	0.43608	0.03039	0.00619	0.00707	0.01429	0.00625	0.00615
29	0.01122	0.00830	0.00935	0.00964	0.01084	0.00778	0.00632	0.01238	0.01559	0.01982	0.05135	0.15937	0.25879	0.32018	0.05736	0.00584	0.00704	0.01602	0.00654	0.00628
30	0.01911	0.01978	0.01649	0.01702	0.04864	0.23226	0.01169	0.02119	0.01802	0.02096	0.02495	0.16379	0.02607	0.13695	0.14378	0.00571	0.01273	0.01133	0.04139	0.00814
31	0.02310	0.18693	0.06955	0.02924	0.23404	0.19070	0.01900	0.02662	0.01930	0.02291	0.01537	0.02129	0.01389	0.08085	0.01118	0.00289	0.01119	0.00675	0.00418	0.01100
32	0.01766	0.01659	0.01890	0.01720	0.01896	0.07783	0.01355	0.02343	0.11664	0.02330	0.02458	0.06204	0.05055	0.06080	0.15263	0.00560	0.24374	0.00958	0.03723	0.00919
33	0.09120	0.07730	0.01842	0.04683	0.04969	0.01500	0.01127	0.07797	0.02022	0.15446	0.03674	0.07493	0.14677	0.12625	0.01408	0.00357	0.00734	0.01099	0.00702	0.00996

[dist]
# distance from previous block
# <min> <max>
18	157

[block]
# block no. 6 follows, 21 sequences, length 36
# corresponding to MSA columns:
# 374-409
name=unknown_G
#
# <colnr> <probs for GDERKNQSTAVLIFYWHMCP>
#	G	D	E	R	K	N	Q	S	T	A	V	L	I	F	Y	W	H	M	C	P
0	0.08874	0.05022	0.02073	0.02201	0.15538	0.05489	0.01394	0.10969	0.02182	0.06045	0.06499	0.12303	0.10984	0.05430	0.01067	0.00301	0.00787	0.01144	0.00657	0.01041
1	0.08880	0.02438	0.10027	0.01768	0.02294	0.15296	0.01542	0.05716	0.13092	0.02809	0.02309	0.02532	0.05263	0.01671	0.08787	0.00387	0.05943	0.00764	0.00559	0.07924
2	0.01370	0.01056	0.01346	0.01426	0.04857	0.00988	0.00973	0.04093	0.01750	0.02388	0.03806	0.27401	0.09302	0.12596	0.05775	0.00441	0.00749	0.06806	0.00665	0.12211
3	0.06986	0.20790	0.09314	0.02526	0.10918	0.02425	0.13383	0.02882	0.09638	0.05319	0.01752	0.02017	0.01389	0.00868	0.00924	0.00257	0.06229	0.00721	0.00488	0.01176
4	0.01448	0.00984	0.01232	0.01171	0.01384	0.00938	0.00834	0.01793	0.05096	0.06596	0.18185	0.18908	0.04511	0.18171	0.07676	0.00502	0.00747	0.01433	0.00727	0.07664
5	0.01958	0.37614	0.31294	0.01869	0.02795	0.02609	0.02165	0.02539	0.01754	0.02317	0.01524	0.05235	0.01331	0.00868	0.00691	0.00229	0.01041	0.00638	0.00385	0.01144
6	0.02073	0.01603	0.02174	0.11608	0.14354	0.01751	0.01586	0.15326	0.10320	0.02963	0.01961	0.02571	0.01635	0.05200	0.01687	0.19921	0.00886	0.00808	0.00560	0.01012
7	0.02453	0.02841	0.03149	0.09098	0.14741	0.28695	0.14382	0.02865	0.02078	0.02377	0.01465	0.01896	0.01194	0.00850	0.00966	0.00252	0.05724	0.00712	0.00426	0.03834
8	0.01877	0.01805	0.02962	0.27549	0.31209	0.02087	0.02376	0.02343	0.01729	0.02418	0.01475	0.02118	0.01225	0.00933	0.01223	0.00287	0.14111	0.00755	0.00396	0.01121
9	0.02419	0.02383	0.02645	0.12854	0.16147	0.16534	0.01947	0.13998	0.02285	0.02917	0.01575	0.01996	0.01274	0.00989	0.01162	0.00269	0.13012	0.00712	0.03756	0.01127
10	0.17388	0.02235	0.18651	0.14268	0.10799	0.01718	0.02024	0.02330	0.01800	0.02895	0.07616	0.03244	0.02213	0.01087	0.00825	0.00284	0.00939	0.08132	0.00513	0.01039
11	0.02400	0.35057	0.18894	0.01891	0.02681	0.17108	0.01923	0.06654	0.02046	0.02410	0.01353	0.01553	0.01113	0.00800	0.00680	0.00217	0.01136	0.00539	0.00411	0.01132
12	0.01537	0.01268	0.07198	0.01276	0.01629	0.00971	0.01110	0.01973	0.02287	0.09899	0.43224	0.05963	0.09825	0.01659	0.00985	0.00280	0.00552	0.06584	0.00873	0.00908
13	0.01311	0.00938	0.01172	0.01137	0.01182	0.01040	0.00765	0.01418	0.01305	0.01848	0.02454	0.04597	0.02646	0.45710	0.17624	0.00865	0.07376	0.01094	0.04894	0.00624
14	0.01161	0.00868	0.01077	0.01025	0.01245	0.00784	0.00769	0.01522	0.02306	0.03169	0.52139	0.06758	0.20377	0.01831	0.01004	0.00272	0.00408	0.01595	0.00905	0.00784
15	0.01643	0.01549	0.02617	0.63574	0.10056	0.01900	0.02381	0.02205	0.01718	0.02217	0.01519	0.02257	0.01150	0.00844	0.00850	0.00281	0.01126	0.00756	0.00381	0.00974
16	0.03179	0.04056	0.02412	0.02192	0.02631	0.66676	0.01644	0.03398	0.02412	0.02083	0.01315	0.01535	0.01096	0.00877	0.00767	0.00219	0.01535	0.00548	0.00438	0.00987
17	0.01031	0.00863	0.00897	0.00889	0.01165	0.00729	0.00667	0.01270	0.02000	0.02441	0.15723	0.07956	0.57247	0.02102	0.01006	0.00285	0.00427	0.01763	0.00809	0.00729
18	0.02950	0.03449	0.02315	0.02075	0.02540	0.47985	0.01577	0.07812	0.15841	0.02640	0.01837	0.01930	0.01450	0.00948	0.00795	0.00237	0.01304	0.00654	0.00561	0.01098
19	0.01238	0.00825	0.00928	0.00928	0.00928	0.00825	0.00516	0.01238	0.01238	0.01650	0.02681	0.05569	0.03094	0.70092	0.04331	0.00825	0.00825	0.01238	0.00516	0.00516
20	0.02886	0.03575	0.02376	0.02149	0.02512	0.54197	0.01639	0.03106	0.02201	0.02072	0.01346	0.01686	0.01160	0.01285	0.04948	0.00308	0.10561	0.00596	0.00431	0.00966
21	0.01707	0.04402	0.65683	0.02426	0.03683	0.01976	0.03144	0.02695	0.01797	0.02695	0.01527	0.01797	0.01078	0.00809	0.00809	0.00270	0.01258	0.00629	0.00359	0.01258
22	0.01007	0.00856	0.00868	0.00878	0.01154	0.00717	0.00654	0.01220	0.01925	0.02293	0.08429	0.11187	0.61565	0.02180	0.01010	0.00290	0.00434	0.01826	0.00790	0.00717
23	0.01216	0.00912	0.01368	0.01368	0.01520	0.01064	0.01064	0.01520	0.01368	0.01976	0.02279	0.03343	0.02127	0.06382	0.66720	0.01368	0.02279	0.00912	0.00456	0.00760
24	0.01081	0.00759	0.00974	0.01129	0.01167	0.00721	0.00730	0.01196	0.01544	0.02058	0.04251	0.55535	0.05074	0.17425	0.01797	0.00451	0.00566	0.02161	0.00730	0.00653
25	0.01401	0.01168	0.01200	0.01113	0.01469	0.01135	0.00856	0.07274	0.12814	0.02795	0.07129	0.06761	0.47976	0.01879	0.00967	0.00285	0.00519	0.01558	0.00809	0.00894
26	0.01091	0.00827	0.01006	0.01042	0.01222	0.00742	0.00751	0.01357	0.02023	0.02685	0.28663	0.26468	0.24722	0.02155	0.01030	0.00298	0.00439	0.01891	0.00846	0.00742
27	0.02776	0.02918	0.02156	0.01862	0.02347	0.33987	0.01443	0.21205	0.02815	0.03146	0.02954	0.02980	0.13452	0.01169	0.00840	0.00244	0.01135	0.00857	0.00635	0.01078
28	0.01689	0.01399	0.01532	0.01458	0.01783	0.01542	0.01088	0.03168	0.37719	0.03033	0.07674	0.18404	0.08020	0.06095	0.01159	0.00335	0.00611	0.01393	0.00825	0.01072
29	0.01116	0.00794	0.01064	0.01252	0.01329	0.00758	0.00897	0.01308	0.01679	0.02225	0.04554	0.53960	0.05353	0.05902	0.01264	0.00379	0.00570	0.14121	0.00775	0.00702
30	0.02106	0.02022	0.03454	0.05223	0.64784	0.02022	0.02612	0.02612	0.01938	0.02780	0.01601	0.02106	0.01348	0.00758	0.00842	0.00253	0.01011	0.00758	0.00421	0.01348
31	0.17326	0.05309	0.02830	0.03589	0.36161	0.15746	0.02015	0.02753	0.01930	0.02809	0.01438	0.01807	0.01197	0.00789	0.00750	0.00245	0.01046	0.00641	0.00444	0.01174
32	0.01495	0.01099	0.01284	0.01255	0.01488	0.01090	0.00920	0.13162	0.02189	0.02875	0.08771	0.35453	0.17634	0.02185	0.01126	0.03956	0.00573	0.01819	0.00791	0.00837
33	0.16628	0.02510	0.05829	0.03630	0.35997	0.16150	0.02099	0.02767	0.01940	0.02824	0.01454	0.01826	0.01197	0.00793	0.00763	0.00248	0.01069	0.00648	0.00442	0.01182
34	0.01348	0.01099	0.01592	0.01517	0.01629	0.01362	0.01193	0.01610	0.01347	0.01971	0.02068	0.03176	0.01980	0.09187	0.50057	0.01134	0.15611	0.00897	0.00443	0.00780
35	0.02166	0.02374	0.07825	0.01820	0.02324	0.14433	0.01518	0.03748	0.37775	0.03073	0.06411	0.02932	0.02457	0.01476	0.05538	0.00349	0.00992	0.00882	0.00711	0.01195

[dist]
# distance from previous block
# <min> <max>
0	1

[block]
# block no. 7 follows, 21 sequences, length 21
# corresponding to MSA columns:
# 411-431
name=unknown_H
#
# <colnr> <probs for GDERKNQSTAVLIFYWHMCP>
#	G	D	E	R	K	N	Q	S	T	A	V	L	I	F	Y	W	H	M	C	P
0	0.03104	0.09695	0.02597	0.02114	0.02593	0.57244	0.01626	0.06953	0.02451	0.02279	0.01349	0.01552	0.01118	0.00873	0.00753	0.00218	0.01444	0.00554	0.00458	0.01024
1	0.01987	0.06104	0.11660	0.14100	0.44270	0.02072	0.02580	0.02553	0.01872	0.02634	0.01554	0.02048	0.01266	0.00777	0.00823	0.00256	0.01057	0.00724	0.00403	0.01261
2	0.01740	0.14610	0.14776	0.08005	0.08000	0.01869	0.09785	0.02263	0.01934	0.02675	0.16621	0.03036	0.02867	0.01101	0.00936	0.03364	0.00924	0.00899	0.03568	0.01028
3	0.01217	0.00826	0.00939	0.00944	0.00971	0.00813	0.00549	0.01255	0.01352	0.01801	0.06494	0.08440	0.06305	0.60279	0.03854	0.00749	0.00769	0.01330	0.00564	0.00549
4	0.01078	0.00852	0.01128	0.01179	0.01346	0.00768	0.03315	0.01287	0.01789	0.02309	0.09363	0.43781	0.23934	0.02369	0.01053	0.00320	0.00508	0.02112	0.00784	0.00726
5	0.03115	0.03935	0.02474	0.02373	0.06326	0.62832	0.01702	0.03351	0.02383	0.02124	0.01332	0.01569	0.01111	0.00870	0.00772	0.00221	0.01504	0.00561	0.00437	0.01008
6	0.02062	0.01977	0.03374	0.10790	0.59563	0.02010	0.02590	0.02573	0.01917	0.02727	0.01593	0.02121	0.01329	0.00766	0.00843	0.00255	0.01022	0.00758	0.00417	0.01312
7	0.01037	0.00741	0.00987	0.01185	0.01234	0.00691	0.00790	0.01185	0.01629	0.02172	0.04690	0.69537	0.05629	0.02666	0.01086	0.00346	0.00494	0.02419	0.00790	0.00691
8	0.02106	0.02022	0.03454	0.05223	0.64784	0.02022	0.02612	0.02612	0.01938	0.02780	0.01601	0.02106	0.01348	0.00758	0.00842	0.00253	0.01011	0.00758	0.00421	0.01348
9	0.01226	0.00820	0.00932	0.00943	0.00946	0.00817	0.00532	0.01234	0.01261	0.01681	0.02801	0.09385	0.03245	0.66070	0.04138	0.00796	0.00805	0.01308	0.00532	0.00526
10	0.01045	0.00778	0.00974	0.01105	0.01219	0.00707	0.00760	0.01230	0.01766	0.02310	0.10825	0.50674	0.18557	0.02474	0.01062	0.00326	0.00472	0.02207	0.00803	0.00707
11	0.01225	0.00875	0.01179	0.01179	0.01266	0.00961	0.00829	0.01399	0.01312	0.01836	0.02452	0.04299	0.02542	0.33726	0.39943	0.01135	0.01655	0.01052	0.00482	0.00655
12	0.01216	0.00912	0.01368	0.01368	0.01520	0.01064	0.01064	0.01520	0.01368	0.01976	0.02279	0.03343	0.02127	0.06382	0.66720	0.01368	0.02279	0.00912	0.00456	0.00760
13	0.01238	0.00825	0.00928	0.00928	0.00928	0.00825	0.00516	0.01238	0.01238	0.01650	0.02681	0.05569	0.03094	0.70092	0.04331	0.00825	0.00825	0.01238	0.00516	0.00516
14	0.03179	0.04056	0.02412	0.02192	0.02631	0.66676	0.01644	0.03398	0.02412	0.02083	0.01315	0.01535	0.01096	0.00877	0.00767	0.00219	0.01535	0.00548	0.00438	0.00987
15	0.01570	0.00864	0.00931	0.00903	0.01090	0.00903	0.00689	0.01954	0.01810	0.03126	0.07989	0.03369	0.02622	0.01086	0.00762	0.00215	0.04477	0.00855	0.63983	0.00802
16	0.01037	0.00872	0.00906	0.00923	0.01202	0.00741	0.00709	0.01268	0.01941	0.02320	0.08266	0.08312	0.59300	0.02172	0.01020	0.00296	0.00461	0.06737	0.00790	0.00724
17	0.02496	0.36125	0.03363	0.01922	0.06144	0.25936	0.01538	0.02776	0.02049	0.02204	0.06853	0.01915	0.01724	0.00873	0.00685	0.00207	0.01097	0.00604	0.00445	0.01044
18	0.01058	0.00801	0.00977	0.01067	0.01215	0.00720	0.00749	0.01272	0.01863	0.02434	0.16596	0.39626	0.23851	0.02345	0.01047	0.00314	0.00458	0.02073	0.00816	0.00720
19	0.02131	0.53825	0.19977	0.01702	0.02564	0.03015	0.01884	0.02585	0.01746	0.02178	0.01270	0.01475	0.01089	0.00748	0.00613	0.00204	0.00998	0.00499	0.00363	0.01134
