[name]
unknown

[dist]
# distance from previous block
# <min> <max>
0	84

[block]
# block no. 0 follows, 22 sequences, length 8
# corresponding to MSA columns:
# 89-96
name=unknown_A
#
# <colnr> <probs for GDERKNQSTAVLIFYWHMCP>
#	G	D	E	R	K	N	Q	S	T	A	V	L	I	F	Y	W	H	M	C	P
0	0.01115	0.00867	0.01154	0.08214	0.01740	0.00848	0.00989	0.01356	0.01722	0.02209	0.05146	0.38501	0.19269	0.02249	0.01031	0.00325	0.00578	0.11237	0.00728	0.00721
1	0.09320	0.17095	0.05160	0.01309	0.01660	0.01644	0.01126	0.01800	0.01708	0.02431	0.10972	0.21287	0.11819	0.01606	0.01005	0.00274	0.07023	0.01300	0.00609	0.00853
2	0.01684	0.01508	0.01863	0.02019	0.10978	0.05476	0.01335	0.07433	0.01813	0.02418	0.03112	0.20709	0.09241	0.10010	0.01719	0.00365	0.15539	0.01309	0.00583	0.00887
3	0.01466	0.02002	0.17688	0.02182	0.11519	0.01362	0.08358	0.02005	0.01993	0.02752	0.20655	0.04486	0.17456	0.01319	0.00911	0.00266	0.00799	0.01174	0.00618	0.00988
4	0.06857	0.02343	0.06238	0.04927	0.08754	0.16647	0.16534	0.02810	0.02030	0.12782	0.02370	0.06522	0.05433	0.01006	0.00850	0.00259	0.01092	0.00902	0.00562	0.01083
5	0.01792	0.01261	0.01639	0.05423	0.11065	0.01318	0.01231	0.02525	0.15575	0.06561	0.03136	0.03646	0.08004	0.01389	0.01104	0.09585	0.00660	0.04469	0.18655	0.00961
6	0.01586	0.01425	0.02395	0.09638	0.17920	0.01516	0.09171	0.01968	0.01622	0.02247	0.02145	0.03615	0.02059	0.12406	0.16556	0.00602	0.04673	0.07070	0.00464	0.00924
7	0.01712	0.01529	0.02239	0.15733	0.20282	0.01509	0.01723	0.02266	0.05643	0.02584	0.02413	0.03344	0.05709	0.01027	0.00819	0.00240	0.00825	0.08182	0.00519	0.21703

[dist]
# distance from previous block
# <min> <max>
4	11

[block]
# block no. 1 follows, 22 sequences, length 85
# corresponding to MSA columns:
# 108-192
name=unknown_B
#
# <colnr> <probs for GDERKNQSTAVLIFYWHMCP>
#	G	D	E	R	K	N	Q	S	T	A	V	L	I	F	Y	W	H	M	C	P
0	0.02093	0.01425	0.01534	0.01366	0.01667	0.07606	0.01031	0.07520	0.04894	0.14586	0.05010	0.03479	0.02382	0.17724	0.18725	0.00648	0.01179	0.00923	0.05282	0.00927
1	0.02154	0.01560	0.07375	0.05229	0.12911	0.01332	0.01421	0.02583	0.05048	0.20085	0.06383	0.03586	0.02472	0.22095	0.01864	0.00424	0.00827	0.00955	0.00657	0.01038
2	0.01777	0.03267	0.39899	0.03302	0.26416	0.01885	0.02756	0.02530	0.01812	0.02642	0.01860	0.02175	0.04330	0.00836	0.00811	0.00258	0.01099	0.00717	0.00394	0.01234
3	0.02039	0.02022	0.03648	0.04811	0.54582	0.01997	0.13369	0.02570	0.01904	0.02704	0.01584	0.02089	0.01306	0.00733	0.00851	0.00253	0.01061	0.00783	0.00413	0.01281
4	0.01015	0.00843	0.00887	0.00876	0.01142	0.00715	0.00657	0.01256	0.01971	0.02428	0.17990	0.07693	0.55597	0.02036	0.00981	0.00277	0.00416	0.01711	0.00796	0.00715
5	0.02757	0.03304	0.02166	0.01970	0.02399	0.49199	0.01488	0.03450	0.16203	0.02368	0.02137	0.02206	0.04842	0.00984	0.00783	0.00233	0.01252	0.00691	0.00540	0.01028
6	0.01666	0.04297	0.66500	0.02368	0.03596	0.01929	0.03069	0.02631	0.01754	0.02631	0.01491	0.01754	0.01052	0.00789	0.00789	0.00263	0.01228	0.00614	0.00351	0.01228
7	0.01766	0.16397	0.55277	0.02197	0.03331	0.02175	0.02772	0.02605	0.01742	0.02509	0.01430	0.01678	0.01055	0.00775	0.00743	0.00248	0.01166	0.00583	0.00352	0.01199
8	0.01187	0.00890	0.01335	0.01335	0.01483	0.01038	0.01038	0.01483	0.01335	0.01928	0.02225	0.03264	0.02077	0.06231	0.67512	0.01335	0.02225	0.00890	0.00445	0.00742
9	0.02044	0.01674	0.05535	0.30374	0.18367	0.01691	0.02058	0.02618	0.04660	0.13368	0.02155	0.05835	0.01734	0.00997	0.00852	0.00273	0.00953	0.03152	0.00547	0.01113
10	0.02072	0.02132	0.02950	0.23805	0.37840	0.12076	0.02330	0.02540	0.01894	0.02431	0.01494	0.02017	0.01215	0.00785	0.00814	0.00251	0.01102	0.00708	0.00401	0.01143
11	0.02749	0.01204	0.01602	0.01316	0.01797	0.01055	0.01065	0.03078	0.02302	0.42244	0.18312	0.04428	0.09849	0.01349	0.00898	0.00266	0.00607	0.03747	0.00964	0.01166
12	0.01941	0.02203	0.04783	0.06735	0.04410	0.02088	0.59620	0.02634	0.01946	0.02634	0.01671	0.02240	0.01253	0.00707	0.00973	0.00280	0.01386	0.00968	0.00418	0.01111
13	0.01657	0.01579	0.02767	0.45798	0.04763	0.01860	0.12558	0.02189	0.01686	0.02288	0.01584	0.02260	0.01220	0.00875	0.01002	0.00278	0.07103	0.00782	0.06810	0.00943
14	0.01515	0.01475	0.01351	0.01403	0.01562	0.15445	0.01009	0.01718	0.01747	0.02126	0.06523	0.38465	0.03961	0.02895	0.14234	0.00505	0.01048	0.01622	0.00638	0.00757
15	0.01020	0.00843	0.00895	0.00882	0.01146	0.00718	0.00662	0.01267	0.01985	0.02461	0.19731	0.07638	0.53834	0.02023	0.00981	0.00277	0.00415	0.01703	0.00800	0.00718
16	0.01834	0.01484	0.01747	0.01379	0.01999	0.01269	0.01133	0.09960	0.02046	0.02994	0.02127	0.03283	0.01962	0.01000	0.00750	0.00191	0.00684	0.12393	0.00591	0.51175
17	0.01012	0.00723	0.00964	0.01157	0.01205	0.00675	0.00771	0.01157	0.01591	0.02121	0.04579	0.70262	0.05495	0.02603	0.01060	0.00337	0.00482	0.02362	0.00771	0.00675
18	0.03044	0.03233	0.02417	0.02059	0.02547	0.39831	0.01609	0.24902	0.02852	0.03197	0.01531	0.01699	0.01196	0.00944	0.00901	0.00236	0.05484	0.00624	0.00571	0.01123
19	0.01701	0.08448	0.62651	0.02309	0.03505	0.02013	0.02967	0.02622	0.01750	0.02589	0.01470	0.01728	0.01053	0.00784	0.00773	0.00258	0.01207	0.00603	0.00351	0.01218
20	0.02848	0.09044	0.02817	0.02222	0.02712	0.48267	0.08383	0.06501	0.02294	0.02277	0.01349	0.01610	0.01111	0.00863	0.00854	0.00227	0.04566	0.00598	0.00441	0.01012
21	0.01788	0.19036	0.52830	0.02160	0.03274	0.02228	0.02707	0.02599	0.01739	0.02482	0.01417	0.01661	0.01055	0.00772	0.00733	0.00244	0.01153	0.00577	0.00352	0.01192
22	0.01074	0.00841	0.00980	0.01055	0.01230	0.00774	0.00749	0.01391	0.05397	0.02338	0.10549	0.37057	0.29042	0.02253	0.01011	0.00306	0.00461	0.01975	0.00786	0.00731
23	0.01354	0.01247	0.02298	0.01930	0.02243	0.01173	0.21779	0.01673	0.01679	0.02255	0.03401	0.40793	0.03813	0.08616	0.01343	0.00364	0.00826	0.01779	0.00626	0.00810
24	0.02056	0.01974	0.03372	0.05099	0.65622	0.01974	0.02550	0.02550	0.01892	0.02714	0.01563	0.02056	0.01316	0.00740	0.00822	0.00247	0.00987	0.00740	0.00411	0.01316
25	0.01198	0.01029	0.01048	0.01011	0.01329	0.00973	0.00767	0.01834	0.14282	0.02489	0.07413	0.07020	0.52793	0.01909	0.00955	0.00281	0.00468	0.01591	0.00786	0.00823
26	0.01569	0.01477	0.02492	0.68808	0.05722	0.01846	0.02307	0.02123	0.01661	0.02123	0.01477	0.02215	0.01107	0.00831	0.00831	0.00277	0.01107	0.00738	0.00369	0.00923
27	0.03103	0.03959	0.02354	0.02140	0.02568	0.67469	0.01605	0.03317	0.02354	0.02033	0.01284	0.01498	0.01070	0.00856	0.00749	0.00214	0.01498	0.00535	0.00428	0.00963
28	0.01193	0.00856	0.01032	0.01001	0.01230	0.00761	0.00745	0.01491	0.02109	0.05377	0.35902	0.13316	0.28118	0.01911	0.00983	0.00276	0.00424	0.01654	0.00853	0.00768
29	0.01068	0.00763	0.01028	0.01220	0.01293	0.00723	0.00868	0.01253	0.01645	0.02183	0.04548	0.59883	0.05373	0.02550	0.01075	0.00345	0.00530	0.12191	0.00770	0.00690
30	0.00982	0.00842	0.00842	0.00842	0.01122	0.00701	0.00631	0.01192	0.01894	0.02244	0.08416	0.07995	0.65285	0.02104	0.00982	0.00281	0.00421	0.01753	0.00771	0.00701
31	0.01899	0.01814	0.03089	0.25612	0.46335	0.01933	0.02471	0.02412	0.01817	0.02524	0.01535	0.02107	0.01249	0.00769	0.00825	0.00256	0.01026	0.00740	0.00398	0.01189
32	0.01040	0.00844	0.00923	0.00903	0.01158	0.00726	0.00677	0.01305	0.02031	0.02572	0.25509	0.07456	0.47988	0.01982	0.00981	0.00275	0.00412	0.01678	0.00815	0.00726
33	0.18052	0.01318	0.01323	0.01204	0.01583	0.01404	0.00940	0.05632	0.16967	0.03271	0.18015	0.04632	0.19701	0.01425	0.00838	0.00270	0.00546	0.01161	0.00768	0.00949
34	0.02815	0.03354	0.02222	0.02015	0.02455	0.49273	0.01524	0.03623	0.19539	0.02434	0.01868	0.01944	0.01478	0.00931	0.00776	0.00233	0.01264	0.00647	0.00544	0.01061
35	0.02074	0.29800	0.31310	0.01939	0.02830	0.10317	0.02162	0.02760	0.05348	0.02348	0.01445	0.01638	0.01144	0.00786	0.00689	0.00226	0.01098	0.00558	0.00390	0.01139
36	0.02027	0.02645	0.17926	0.04210	0.44495	0.06027	0.05483	0.02621	0.01892	0.02650	0.01534	0.01961	0.01237	0.00757	0.00818	0.00250	0.01094	0.00710	0.00399	0.01264
37	0.06280	0.07476	0.38829	0.05344	0.03154	0.13251	0.02405	0.02621	0.01785	0.02465	0.01428	0.01756	0.01098	0.01077	0.03857	0.00304	0.04784	0.00605	0.00380	0.01101
38	0.01060	0.00815	0.00983	0.01097	0.01267	0.00738	0.00819	0.01276	0.01774	0.02239	0.06116	0.33470	0.29841	0.02341	0.01044	0.00322	0.00509	0.12813	0.00770	0.00702
39	0.01342	0.01170	0.01980	0.01824	0.05511	0.01106	0.14507	0.01645	0.01753	0.02377	0.13135	0.26802	0.06717	0.14359	0.01591	0.00391	0.00756	0.01592	0.00647	0.00797
40	0.02081	0.01927	0.02699	0.34050	0.04166	0.05949	0.07197	0.15577	0.02159	0.02829	0.01536	0.02064	0.01183	0.00957	0.01140	0.00281	0.11934	0.00748	0.00478	0.01048
41	0.02545	0.02738	0.03130	0.02869	0.12686	0.23994	0.15473	0.13128	0.02336	0.02826	0.01516	0.01874	0.01212	0.00896	0.01055	0.00257	0.09129	0.00726	0.00485	0.01124
42	0.01069	0.00843	0.00949	0.00924	0.01157	0.00739	0.00683	0.01339	0.02034	0.02631	0.30100	0.07164	0.39690	0.05630	0.01155	0.00301	0.00430	0.01627	0.00812	0.00723
43	0.01257	0.00903	0.01065	0.01074	0.01341	0.00805	0.00858	0.01543	0.01999	0.06187	0.16174	0.07738	0.38129	0.02022	0.01012	0.00300	0.00515	0.15498	0.00808	0.00771
44	0.01779	0.01797	0.02871	0.18192	0.03332	0.02315	0.10672	0.02124	0.01464	0.02124	0.01267	0.01973	0.01119	0.01198	0.02025	0.00331	0.43336	0.00766	0.00373	0.00943
45	0.02308	0.01833	0.02149	0.15088	0.02920	0.02085	0.01547	0.27500	0.20159	0.03750	0.02464	0.06491	0.01989	0.04708	0.01024	0.00298	0.00850	0.00917	0.00723	0.01198
46	0.01273	0.00863	0.01202	0.01202	0.01361	0.00976	0.00930	0.01591	0.01432	0.02206	0.02340	0.03224	0.02089	0.04981	0.51619	0.01064	0.01789	0.00863	0.18247	0.00749
47	0.03042	0.03742	0.02425	0.02310	0.06474	0.59645	0.01662	0.06726	0.02416	0.02261	0.01343	0.01562	0.01105	0.00857	0.00758	0.00218	0.01433	0.00560	0.00450	0.01011
48	0.00993	0.00842	0.00857	0.00853	0.01129	0.00706	0.00640	0.01214	0.01920	0.02306	0.11644	0.07893	0.62018	0.02081	0.00982	0.00279	0.00419	0.01739	0.00780	0.00706
49	0.01723	0.01477	0.01723	0.01230	0.01969	0.01107	0.00984	0.02092	0.01723	0.02707	0.01477	0.01723	0.01230	0.00615	0.00615	0.00123	0.00615	0.00492	0.00492	0.75883
50	0.02652	0.01846	0.02040	0.01652	0.02177	0.01973	0.01328	0.41936	0.03206	0.09670	0.03108	0.14151	0.07786	0.01369	0.00884	0.00268	0.00780	0.01117	0.00833	0.01225
51	0.01208	0.00805	0.00906	0.00906	0.00906	0.00805	0.00503	0.01208	0.01208	0.01611	0.02618	0.05436	0.03020	0.70804	0.04228	0.00805	0.00805	0.01208	0.00503	0.00503
52	0.01208	0.00805	0.00906	0.00906	0.00906	0.00805	0.00503	0.01208	0.01208	0.01611	0.02618	0.05436	0.03020	0.70804	0.04228	0.00805	0.00805	0.01208	0.00503	0.00503
53	0.01011	0.00729	0.00958	0.01140	0.01201	0.00676	0.00764	0.01159	0.01606	0.02127	0.04777	0.67038	0.08590	0.02577	0.01056	0.00334	0.00479	0.02330	0.00771	0.00676
54	0.01579	0.01581	0.03119	0.02574	0.06275	0.01493	0.32402	0.02033	0.01798	0.02428	0.02849	0.25740	0.02970	0.04318	0.01142	0.00325	0.01007	0.04871	0.00562	0.00934
55	0.02221	0.71304	0.04353	0.01421	0.02132	0.03287	0.01421	0.02488	0.01688	0.01955	0.01155	0.01333	0.01066	0.00711	0.00533	0.00178	0.00888	0.00444	0.00355	0.01066
56	0.02275	0.02199	0.02302	0.02593	0.19046	0.16024	0.01644	0.13604	0.09319	0.03106	0.08018	0.03275	0.08321	0.01134	0.00853	0.00254	0.00933	0.03341	0.00632	0.01129
57	0.02109	0.51971	0.03850	0.01633	0.02146	0.03081	0.01532	0.02352	0.01572	0.01967	0.01137	0.01468	0.01073	0.00918	0.01143	0.00229	0.19918	0.00523	0.00358	0.01022
58	0.01176	0.00849	0.01110	0.01045	0.01241	0.00784	0.00784	0.01568	0.02352	0.03331	0.65184	0.06206	0.07839	0.01698	0.00980	0.00261	0.00392	0.01502	0.00914	0.00784
59	0.01592	0.01500	0.02533	0.65836	0.08516	0.01852	0.02318	0.02142	0.01672	0.02150	0.01481	0.02207	0.01117	0.00826	0.00830	0.00275	0.01102	0.00738	0.00371	0.00941
60	0.03103	0.03959	0.02354	0.02140	0.02568	0.67469	0.01605	0.03317	0.02354	0.02033	0.01284	0.01498	0.01070	0.00856	0.00749	0.00214	0.01498	0.00535	0.00428	0.00963
61	0.02062	0.21371	0.03028	0.01965	0.02207	0.09439	0.01685	0.02271	0.01499	0.01990	0.01128	0.01650	0.01082	0.01186	0.01912	0.00296	0.43272	0.00629	0.00368	0.00958
62	0.01208	0.00805	0.00906	0.00906	0.00906	0.00805	0.00503	0.01208	0.01208	0.01611	0.02618	0.05436	0.03020	0.70804	0.04228	0.00805	0.00805	0.01208	0.00503	0.00503
63	0.01012	0.00723	0.00964	0.01157	0.01205	0.00675	0.00771	0.01157	0.01591	0.02121	0.04579	0.70262	0.05495	0.02603	0.01060	0.00337	0.00482	0.02362	0.00771	0.00675
64	0.02257	0.06427	0.24495	0.02869	0.15001	0.14065	0.09312	0.10610	0.02192	0.02850	0.01539	0.01832	0.01177	0.00805	0.00804	0.00247	0.01195	0.00675	0.00447	0.01200
65	0.01731	0.01336	0.01908	0.01676	0.01918	0.01577	0.04743	0.04381	0.07084	0.07113	0.02143	0.02782	0.01830	0.03524	0.32213	0.00781	0.16616	0.00847	0.04871	0.00927
66	0.00999	0.00773	0.00913	0.01025	0.01170	0.00686	0.00712	0.01172	0.01718	0.02172	0.06188	0.44154	0.30564	0.02394	0.01027	0.00314	0.00456	0.02107	0.00771	0.00686
67	0.01856	0.01922	0.08215	0.21378	0.33041	0.01824	0.02256	0.05779	0.01891	0.02597	0.01976	0.02462	0.05212	0.00983	0.00962	0.04310	0.00987	0.00791	0.00439	0.01119
68	0.25949	0.12204	0.21661	0.01781	0.02516	0.18307	0.01799	0.02722	0.01786	0.02742	0.01289	0.01506	0.01010	0.00790	0.00658	0.00238	0.01064	0.00520	0.00422	0.01037
69	0.02318	0.63890	0.04133	0.01501	0.02180	0.10353	0.01442	0.02579	0.01761	0.01963	0.01169	0.01351	0.01067	0.00727	0.00557	0.00182	0.00956	0.00454	0.00363	0.01055
70	0.01724	0.01512	0.01860	0.02132	0.14489	0.01613	0.01358	0.03019	0.31977	0.02922	0.04242	0.10469	0.16381	0.01408	0.00892	0.00280	0.00654	0.01216	0.00735	0.01118
71	0.02722	0.02411	0.04771	0.01824	0.02381	0.15113	0.01492	0.23196	0.20114	0.09602	0.05934	0.02512	0.02070	0.01040	0.00826	0.00253	0.00922	0.00805	0.00758	0.01253
72	0.05844	0.01855	0.01977	0.10365	0.02415	0.14813	0.01494	0.02136	0.01584	0.02135	0.01605	0.02288	0.01431	0.02712	0.22407	0.00618	0.19388	0.00729	0.03343	0.00863
73	0.02810	0.01343	0.01719	0.01448	0.01916	0.01266	0.01140	0.10297	0.05116	0.37795	0.03499	0.21961	0.02981	0.01478	0.00899	0.00280	0.00665	0.01265	0.00923	0.01199
74	0.01452	0.16398	0.01843	0.01210	0.01478	0.01464	0.00968	0.01754	0.04441	0.02020	0.03182	0.04717	0.10477	0.21782	0.16221	0.00644	0.01071	0.07571	0.00537	0.00771
75	0.01951	0.07673	0.39470	0.02692	0.08983	0.02119	0.12904	0.09318	0.02037	0.02891	0.01565	0.01864	0.01152	0.00788	0.00814	0.00258	0.01180	0.00692	0.00422	0.01228
76	0.01027	0.00746	0.00969	0.01118	0.01202	0.00688	0.00760	0.01203	0.01696	0.02258	0.11253	0.58218	0.10864	0.02465	0.01045	0.00325	0.00467	0.02220	0.00786	0.00688
77	0.01569	0.01477	0.02492	0.68808	0.05722	0.01846	0.02307	0.02123	0.01661	0.02123	0.01477	0.02215	0.01107	0.00831	0.00831	0.00277	0.01107	0.00738	0.00369	0.00923
78	0.02005	0.13189	0.44143	0.02332	0.06189	0.13286	0.02572	0.02725	0.01854	0.02442	0.01414	0.01668	0.01070	0.00788	0.00749	0.00242	0.01216	0.00584	0.00367	0.01165
79	0.04875	0.00878	0.00982	0.01018	0.01142	0.00869	0.00682	0.03877	0.01602	0.02297	0.03814	0.27301	0.10104	0.24842	0.02006	0.00461	0.00596	0.01549	0.10430	0.00675
80	0.01234	0.00834	0.01000	0.01037	0.01221	0.00745	0.00733	0.01424	0.01789	0.06993	0.10830	0.32035	0.26553	0.08076	0.01280	0.00345	0.00497	0.01859	0.00780	0.00734
81	0.01627	0.01484	0.02378	0.02019	0.02430	0.01512	0.18218	0.02591	0.19567	0.02714	0.03403	0.22765	0.03363	0.01605	0.00990	0.00313	0.00831	0.10501	0.00694	0.00995
82	0.02354	0.02633	0.02421	0.05829	0.20125	0.31606	0.01842	0.02698	0.02097	0.02327	0.02056	0.03418	0.01957	0.01139	0.00861	0.00263	0.01177	0.13688	0.00495	0.01016
83	0.08970	0.06239	0.36349	0.02221	0.06156	0.11055	0.02323	0.02581	0.01807	0.02620	0.05333	0.01959	0.01478	0.00901	0.00918	0.00259	0.06658	0.00651	0.00416	0.01105
84	0.01876	0.02648	0.20115	0.01791	0.02387	0.15933	0.05119	0.05021	0.01987	0.02531	0.05421	0.03313	0.11766	0.05415	0.04468	0.00336	0.01076	0.00903	0.06931	0.00964

[dist]
# distance from previous block
# <min> <max>
5	101

[block]
# block no. 2 follows, 22 sequences, length 51
# corresponding to MSA columns:
# 298-348
name=unknown_C
#
# <colnr> <probs for GDERKNQSTAVLIFYWHMCP>
#	G	D	E	R	K	N	Q	S	T	A	V	L	I	F	Y	W	H	M	C	P
0	0.16515	0.06363	0.15595	0.01897	0.08418	0.09961	0.01615	0.05566	0.01943	0.02825	0.05448	0.03189	0.15237	0.01117	0.00770	0.00252	0.00879	0.00864	0.00538	0.01008
1	0.01902	0.02378	0.16437	0.05877	0.07890	0.06839	0.01822	0.05441	0.23440	0.02904	0.03130	0.03420	0.09366	0.01156	0.00855	0.00273	0.00891	0.04206	0.00625	0.01147
2	0.02026	0.07261	0.02368	0.02371	0.16138	0.12768	0.05122	0.02763	0.14086	0.02630	0.02719	0.03017	0.07939	0.04781	0.00971	0.00272	0.00885	0.00865	0.09964	0.01053
3	0.01817	0.06173	0.17074	0.03587	0.36372	0.01864	0.02321	0.02366	0.01746	0.02507	0.01647	0.02173	0.01385	0.01769	0.13185	0.00449	0.01265	0.00723	0.00401	0.01176
4	0.01873	0.01955	0.13668	0.08117	0.20140	0.01563	0.01870	0.06699	0.01981	0.05433	0.02459	0.03051	0.05265	0.01008	0.00792	0.00251	0.00842	0.04345	0.17602	0.01087
5	0.09959	0.01669	0.10889	0.02282	0.17201	0.01378	0.01580	0.01966	0.01657	0.02582	0.04885	0.17536	0.02606	0.02249	0.13398	0.00473	0.01047	0.01110	0.04576	0.00955
6	0.01814	0.09661	0.05899	0.02223	0.15967	0.01652	0.01489	0.06778	0.07134	0.04929	0.02885	0.15976	0.05126	0.10098	0.01287	0.00339	0.00793	0.04329	0.00605	0.01016
7	0.01742	0.01691	0.01800	0.20253	0.02883	0.13772	0.01511	0.02200	0.05570	0.02235	0.02945	0.04946	0.06185	0.10147	0.01344	0.00363	0.00977	0.18028	0.00564	0.00843
8	0.11773	0.01951	0.02528	0.06695	0.24729	0.02077	0.01803	0.24663	0.02544	0.03752	0.01710	0.01980	0.01317	0.00847	0.00766	0.00242	0.00878	0.00694	0.03766	0.05285
9	0.01391	0.16529	0.01944	0.01292	0.01582	0.01496	0.01072	0.01670	0.01484	0.01974	0.02766	0.03429	0.09797	0.04485	0.44268	0.00945	0.01701	0.00900	0.00466	0.00809
10	0.06172	0.05824	0.39319	0.01888	0.02758	0.01714	0.02178	0.02618	0.04231	0.09728	0.04682	0.02546	0.01762	0.09666	0.01211	0.00327	0.01010	0.00749	0.00500	0.01116
11	0.01769	0.02000	0.10631	0.03549	0.38644	0.01693	0.02094	0.02401	0.06632	0.02657	0.03215	0.03417	0.15589	0.01079	0.00855	0.00259	0.00866	0.00965	0.00517	0.01168
12	0.01005	0.00792	0.00908	0.00986	0.01164	0.00695	0.00699	0.01197	0.01790	0.02251	0.09856	0.34329	0.36800	0.02294	0.01015	0.00304	0.00445	0.01998	0.00779	0.00695
13	0.01070	0.00791	0.00989	0.01078	0.01208	0.00726	0.00763	0.01285	0.01806	0.02390	0.17924	0.37348	0.17602	0.06221	0.01215	0.00340	0.00486	0.05273	0.00786	0.00698
14	0.03021	0.02903	0.02336	0.02313	0.10350	0.37399	0.01606	0.03497	0.08159	0.17398	0.01988	0.02034	0.01473	0.00908	0.00788	0.00235	0.01167	0.00670	0.00607	0.01147
15	0.00982	0.00842	0.00842	0.00842	0.01122	0.00701	0.00631	0.01192	0.01894	0.02244	0.08416	0.07995	0.65285	0.02104	0.00982	0.00281	0.00421	0.01753	0.00771	0.00701
16	0.01142	0.00778	0.00926	0.00991	0.01007	0.00761	0.00594	0.01191	0.01337	0.01783	0.03281	0.27362	0.03857	0.47737	0.03157	0.00647	0.00696	0.01598	0.00594	0.00561
17	0.01599	0.01634	0.03272	0.02697	0.07186	0.01539	0.34616	0.02070	0.01812	0.02455	0.02798	0.28639	0.02908	0.01442	0.01001	0.00300	0.01016	0.01501	0.00556	0.00960
18	0.04911	0.02096	0.04582	0.04680	0.02367	0.15278	0.08176	0.07976	0.09757	0.02740	0.04098	0.04078	0.23233	0.01304	0.00870	0.00262	0.00901	0.01079	0.00630	0.00982
19	0.01208	0.00805	0.00906	0.00906	0.00906	0.00805	0.00503	0.01208	0.01208	0.01611	0.02618	0.05436	0.03020	0.70804	0.04228	0.00805	0.00805	0.01208	0.00503	0.00503
20	0.00982	0.00842	0.00842	0.00842	0.01122	0.00701	0.00631	0.01192	0.01894	0.02244	0.08416	0.07995	0.65285	0.02104	0.00982	0.00281	0.00421	0.01753	0.00771	0.00701
21	0.02056	0.01974	0.03372	0.05099	0.65622	0.01974	0.02550	0.02550	0.01892	0.02714	0.01563	0.02056	0.01316	0.00740	0.00822	0.00247	0.00987	0.00740	0.00411	0.01316
22	0.01952	0.01914	0.03398	0.16905	0.46630	0.01966	0.10053	0.02483	0.01857	0.02596	0.01561	0.02109	0.01270	0.00752	0.00844	0.00257	0.01062	0.00770	0.00404	0.01217
23	0.01719	0.01715	0.01688	0.01587	0.01759	0.16429	0.01213	0.01943	0.01543	0.01923	0.01896	0.02925	0.01823	0.12431	0.34975	0.00872	0.11511	0.00825	0.00437	0.00786
24	0.01187	0.00890	0.01335	0.01335	0.01483	0.01038	0.01038	0.01483	0.01335	0.01928	0.02225	0.03264	0.02077	0.06231	0.67512	0.01335	0.02225	0.00890	0.00445	0.00742
25	0.01385	0.01181	0.01715	0.01601	0.01703	0.01512	0.01283	0.01646	0.01315	0.01951	0.01869	0.02809	0.01767	0.04730	0.47159	0.01030	0.23293	0.00839	0.00419	0.00794
26	0.02000	0.01916	0.03270	0.12492	0.58671	0.01959	0.02521	0.02500	0.01865	0.02645	0.01553	0.02075	0.01292	0.00751	0.00823	0.00250	0.01001	0.00740	0.00406	0.01270
27	0.01961	0.02241	0.04902	0.03501	0.04342	0.02101	0.62605	0.02661	0.01961	0.02661	0.01681	0.02241	0.01261	0.00700	0.00980	0.00280	0.01401	0.00980	0.00420	0.01120
28	0.01443	0.00722	0.01082	0.01082	0.01082	0.00722	0.00722	0.01082	0.01082	0.01443	0.01443	0.02525	0.01443	0.02886	0.03247	0.75830	0.00722	0.00722	0.00361	0.00361
29	0.01062	0.00862	0.00957	0.01007	0.01259	0.00757	0.00794	0.01308	0.01886	0.02293	0.07369	0.10805	0.49438	0.02166	0.01022	0.00305	0.00500	0.14726	0.00770	0.00714
30	0.01208	0.00805	0.00906	0.00906	0.00906	0.00805	0.00503	0.01208	0.01208	0.01611	0.02618	0.05436	0.03020	0.70804	0.04228	0.00805	0.00805	0.01208	0.00503	0.00503
31	0.01187	0.00890	0.01335	0.01335	0.01483	0.01038	0.01038	0.01483	0.01335	0.01928	0.02225	0.03264	0.02077	0.06231	0.67512	0.01335	0.02225	0.00890	0.00445	0.00742
32	0.01736	0.12720	0.58688	0.02249	0.03412	0.02100	0.02862	0.02613	0.01746	0.02546	0.01449	0.01701	0.01054	0.00779	0.00757	0.00252	0.01185	0.00593	0.00351	0.01207
33	0.01834	0.01867	0.02818	0.02334	0.02432	0.02493	0.08872	0.02076	0.01352	0.02076	0.01159	0.01867	0.01110	0.01367	0.02524	0.00354	0.61406	0.00756	0.00370	0.00933
34	0.01074	0.00845	0.00969	0.00938	0.01178	0.00740	0.00703	0.01370	0.02110	0.02759	0.35285	0.07148	0.38095	0.01912	0.00981	0.00271	0.00407	0.01635	0.00839	0.00740
35	0.01871	0.01785	0.03038	0.29291	0.42877	0.01925	0.02457	0.02387	0.01804	0.02489	0.01530	0.02116	0.01237	0.00775	0.00826	0.00258	0.01033	0.00739	0.00395	0.01167
36	0.01775	0.01733	0.03078	0.40095	0.24827	0.01919	0.09965	0.02328	0.01773	0.02381	0.01530	0.02167	0.01194	0.00785	0.00847	0.00268	0.01105	0.00769	0.00389	0.01074
37	0.01073	0.00811	0.01006	0.01137	0.01290	0.00744	0.00849	0.01290	0.01756	0.02239	0.05757	0.37351	0.24303	0.02378	0.01054	0.00329	0.00524	0.14636	0.00770	0.00703
38	0.01549	0.00774	0.00774	0.00774	0.00968	0.00774	0.00581	0.01936	0.01742	0.03097	0.02710	0.03097	0.02129	0.00968	0.00581	0.00194	0.00387	0.00774	0.75416	0.00774
39	0.02221	0.71304	0.04353	0.01421	0.02132	0.03287	0.01421	0.02488	0.01688	0.01955	0.01155	0.01333	0.01066	0.00711	0.00533	0.00178	0.00888	0.00444	0.00355	0.01066
40	0.01203	0.00824	0.01001	0.01001	0.01034	0.00857	0.00622	0.01269	0.01236	0.01681	0.02530	0.04954	0.02811	0.56457	0.18289	0.00923	0.01121	0.01137	0.00490	0.00556
41	0.02451	0.01968	0.02219	0.11054	0.02825	0.02248	0.01562	0.28394	0.30458	0.04020	0.02542	0.02518	0.01872	0.01032	0.00837	0.00268	0.00826	0.00832	0.00774	0.01301
42	0.01666	0.04297	0.66500	0.02368	0.03596	0.01929	0.03069	0.02631	0.01754	0.02631	0.01491	0.01754	0.01052	0.00789	0.00789	0.00263	0.01228	0.00614	0.00351	0.01228
43	0.01047	0.00806	0.00966	0.01064	0.01233	0.00725	0.00780	0.01260	0.01796	0.02283	0.09621	0.33940	0.30099	0.02310	0.01034	0.00315	0.00485	0.08755	0.00779	0.00702
44	0.02876	0.03207	0.02312	0.06040	0.02693	0.43475	0.01614	0.15490	0.05330	0.02789	0.01712	0.02162	0.01419	0.00977	0.00798	0.00238	0.01275	0.03991	0.00545	0.01058
45	0.01550	0.03373	0.48452	0.02057	0.02988	0.01663	0.02464	0.02418	0.05123	0.02616	0.04937	0.14238	0.02222	0.01171	0.00849	0.00277	0.01027	0.00982	0.00477	0.01114
46	0.01104	0.00807	0.01006	0.01062	0.01162	0.00800	0.00724	0.01251	0.01476	0.01949	0.04192	0.24240	0.15263	0.23726	0.16758	0.00688	0.00955	0.01575	0.00619	0.00643
47	0.01223	0.01043	0.01438	0.22253	0.02602	0.01085	0.01202	0.01593	0.01953	0.02521	0.22702	0.05660	0.28459	0.01586	0.00934	0.00274	0.00628	0.01362	0.00687	0.00795
48	0.02015	0.01916	0.03256	0.04896	0.61990	0.01916	0.02481	0.02502	0.01893	0.02701	0.01724	0.02472	0.01513	0.00829	0.00841	0.00254	0.00974	0.04111	0.00431	0.01285
49	0.02387	0.02639	0.02745	0.03538	0.33728	0.27553	0.02043	0.02758	0.02075	0.02421	0.01771	0.02657	0.01608	0.00960	0.00830	0.00249	0.01163	0.07302	0.00457	0.01116
50	0.02060	0.02054	0.03134	0.15909	0.49925	0.07456	0.02428	0.02540	0.01890	0.02554	0.01524	0.02037	0.01259	0.00766	0.00818	0.00249	0.01051	0.00723	0.00405	0.01218

[dist]
# distance from previous block
# <min> <max>
0	4

[block]
# block no. 3 follows, 22 sequences, length 68
# corresponding to MSA columns:
# 353-420
name=unknown_D
#
# <colnr> <probs for GDERKNQSTAVLIFYWHMCP>
#	G	D	E	R	K	N	Q	S	T	A	V	L	I	F	Y	W	H	M	C	P
0	0.02384	0.02595	0.03053	0.04173	0.45889	0.22471	0.02254	0.02790	0.02036	0.02501	0.01475	0.01881	0.01239	0.00776	0.00799	0.00236	0.01147	0.00676	0.00416	0.01205
1	0.01804	0.01725	0.02958	0.03681	0.35988	0.01747	0.10963	0.02329	0.04931	0.02577	0.02298	0.16869	0.02260	0.01195	0.01002	0.00279	0.04622	0.01136	0.00510	0.01126
2	0.13799	0.01976	0.01771	0.01528	0.01992	0.15736	0.01199	0.06047	0.10929	0.18672	0.14828	0.02989	0.02858	0.01098	0.00798	0.00252	0.00809	0.00856	0.00763	0.01099
3	0.01569	0.01477	0.02492	0.68808	0.05722	0.01846	0.02307	0.02123	0.01661	0.02123	0.01477	0.02215	0.01107	0.00831	0.00831	0.00277	0.01107	0.00738	0.00369	0.00923
4	0.02320	0.02473	0.03116	0.04355	0.49756	0.18455	0.02312	0.02743	0.02008	0.02543	0.01493	0.01916	0.01254	0.00769	0.00804	0.00238	0.01116	0.00689	0.00415	0.01227
5	0.01005	0.00753	0.00933	0.01077	0.01184	0.00681	0.00736	0.01166	0.01667	0.02152	0.05544	0.54594	0.20540	0.02477	0.01041	0.00323	0.00467	0.02209	0.00771	0.00681
6	0.01446	0.01271	0.01832	0.01683	0.01770	0.01658	0.01359	0.01696	0.01309	0.01958	0.01759	0.02669	0.01671	0.04267	0.40878	0.00936	0.29794	0.00823	0.00412	0.00810
7	0.01012	0.00723	0.00964	0.01157	0.01205	0.00675	0.00771	0.01157	0.01591	0.02121	0.04579	0.70262	0.05495	0.02603	0.01060	0.00337	0.00482	0.02362	0.00771	0.00675
8	0.01187	0.00890	0.01335	0.01335	0.01483	0.01038	0.01038	0.01483	0.01335	0.01928	0.02225	0.03264	0.02077	0.06231	0.67512	0.01335	0.02225	0.00890	0.00445	0.00742
9	0.01166	0.00849	0.01097	0.01035	0.01235	0.00780	0.00776	0.01548	0.02328	0.03276	0.62270	0.06297	0.10787	0.01719	0.00980	0.00262	0.00393	0.01515	0.00907	0.00780
10	0.76672	0.01607	0.01221	0.01092	0.01607	0.01864	0.00900	0.02442	0.01414	0.03727	0.01157	0.01350	0.00900	0.00771	0.00514	0.00257	0.00643	0.00450	0.00514	0.00900
11	0.01723	0.01477	0.01723	0.01230	0.01969	0.01107	0.00984	0.02092	0.01723	0.02707	0.01477	0.01723	0.01230	0.00615	0.00615	0.00123	0.00615	0.00492	0.00492	0.75883
12	0.01980	0.01707	0.01839	0.01575	0.02112	0.01825	0.01232	0.03830	0.48420	0.03282	0.02902	0.02753	0.02207	0.00998	0.00787	0.00242	0.00647	0.00827	0.00756	0.20079
13	0.03103	0.03959	0.02354	0.02140	0.02568	0.67469	0.01605	0.03317	0.02354	0.02033	0.01284	0.01498	0.01070	0.00856	0.00749	0.00214	0.01498	0.00535	0.00428	0.00963
14	0.03158	0.02327	0.02493	0.01911	0.02576	0.02576	0.01579	0.62852	0.03906	0.05236	0.01995	0.01995	0.01413	0.00997	0.00831	0.00249	0.00914	0.00748	0.00831	0.01413
15	0.76672	0.01607	0.01221	0.01092	0.01607	0.01864	0.00900	0.02442	0.01414	0.03727	0.01157	0.01350	0.00900	0.00771	0.00514	0.00257	0.00643	0.00450	0.00514	0.00900
16	0.02056	0.01974	0.03372	0.05099	0.65622	0.01974	0.02550	0.02550	0.01892	0.02714	0.01563	0.02056	0.01316	0.00740	0.00822	0.00247	0.00987	0.00740	0.00411	0.01316
17	0.02066	0.01785	0.01878	0.01691	0.02160	0.02066	0.01315	0.04414	0.64121	0.03475	0.03381	0.03099	0.02536	0.01127	0.00845	0.00282	0.00657	0.00939	0.00845	0.01315
18	0.01406	0.01213	0.01756	0.01630	0.01726	0.01563	0.01310	0.01663	0.01313	0.01953	0.01830	0.02760	0.01733	0.04567	0.44945	0.00997	0.25584	0.00833	0.00417	0.00800
19	0.01704	0.03673	0.50407	0.02321	0.03240	0.02084	0.02754	0.02472	0.01633	0.02472	0.01390	0.01770	0.01062	0.00957	0.01277	0.00288	0.18353	0.00642	0.00354	0.01147
20	0.03727	0.01414	0.01928	0.01478	0.02121	0.01221	0.01221	0.04049	0.02378	0.66198	0.03277	0.02828	0.02056	0.01028	0.00835	0.00257	0.00707	0.00835	0.01028	0.01414
21	0.01208	0.00805	0.00906	0.00906	0.00906	0.00805	0.00503	0.01208	0.01208	0.01611	0.02618	0.05436	0.03020	0.70804	0.04228	0.00805	0.00805	0.01208	0.00503	0.00503
22	0.05803	0.02453	0.03570	0.02970	0.09596	0.16145	0.32197	0.02878	0.07674	0.02639	0.02002	0.02344	0.04074	0.00841	0.00880	0.00262	0.01234	0.00864	0.00479	0.01095
23	0.02246	0.02014	0.03083	0.06808	0.44673	0.02142	0.02275	0.15082	0.02251	0.03157	0.01610	0.02030	0.01309	0.00857	0.00984	0.00258	0.06701	0.00741	0.00493	0.01286
24	0.01055	0.00741	0.00951	0.01103	0.01140	0.00703	0.00713	0.01168	0.01508	0.02010	0.04155	0.56247	0.04960	0.17347	0.01745	0.00439	0.00552	0.02112	0.00713	0.00638
25	0.01474	0.00876	0.01013	0.01001	0.01250	0.00803	0.00771	0.01776	0.01909	0.08804	0.10817	0.12356	0.22676	0.01689	0.00871	0.00266	0.00475	0.07066	0.23302	0.00804
26	0.01871	0.17182	0.14603	0.02709	0.19059	0.02039	0.07386	0.05452	0.01915	0.02609	0.05379	0.11993	0.02175	0.01075	0.00812	0.00252	0.00937	0.00952	0.00490	0.01112
27	0.03158	0.02327	0.02493	0.01911	0.02576	0.02576	0.01579	0.62852	0.03906	0.05236	0.01995	0.01995	0.01413	0.00997	0.00831	0.00249	0.00914	0.00748	0.00831	0.01413
28	0.02257	0.02095	0.03100	0.09543	0.46878	0.05427	0.02317	0.12769	0.02238	0.03059	0.01615	0.02030	0.01303	0.00797	0.00821	0.00248	0.01011	0.00731	0.00480	0.01283
29	0.03103	0.03959	0.02354	0.02140	0.02568	0.67469	0.01605	0.03317	0.02354	0.02033	0.01284	0.01498	0.01070	0.00856	0.00749	0.00214	0.01498	0.00535	0.00428	0.00963
30	0.76672	0.01607	0.01221	0.01092	0.01607	0.01864	0.00900	0.02442	0.01414	0.03727	0.01157	0.01350	0.00900	0.00771	0.00514	0.00257	0.00643	0.00450	0.00514	0.00900
31	0.01012	0.00723	0.00964	0.01157	0.01205	0.00675	0.00771	0.01157	0.01591	0.02121	0.04579	0.70262	0.05495	0.02603	0.01060	0.00337	0.00482	0.02362	0.00771	0.00675
32	0.01187	0.00890	0.01335	0.01335	0.01483	0.01038	0.01038	0.01483	0.01335	0.01928	0.02225	0.03264	0.02077	0.06231	0.67512	0.01335	0.02225	0.00890	0.00445	0.00742
33	0.01549	0.00774	0.00774	0.00774	0.00968	0.00774	0.00581	0.01936	0.01742	0.03097	0.02710	0.03097	0.02129	0.00968	0.00581	0.00194	0.00387	0.00774	0.75416	0.00774
34	0.03461	0.01841	0.02192	0.01681	0.02334	0.01855	0.01388	0.31558	0.03093	0.37678	0.02677	0.02438	0.01755	0.01014	0.00833	0.00253	0.00804	0.00794	0.00936	0.01413
35	0.01723	0.01477	0.01723	0.01230	0.01969	0.01107	0.00984	0.02092	0.01723	0.02707	0.01477	0.01723	0.01230	0.00615	0.00615	0.00123	0.00615	0.00492	0.00492	0.75883
36	0.01012	0.00723	0.00964	0.01157	0.01205	0.00675	0.00771	0.01157	0.01591	0.02121	0.04579	0.70262	0.05495	0.02603	0.01060	0.00337	0.00482	0.02362	0.00771	0.00675
37	0.01569	0.01477	0.02492	0.68808	0.05722	0.01846	0.02307	0.02123	0.01661	0.02123	0.01477	0.02215	0.01107	0.00831	0.00831	0.00277	0.01107	0.00738	0.00369	0.00923
38	0.01005	0.00753	0.00933	0.01078	0.01184	0.00681	0.00736	0.01166	0.01666	0.02152	0.05538	0.54695	0.20442	0.02478	0.01041	0.00323	0.00467	0.02210	0.00771	0.00681
39	0.01012	0.00723	0.00964	0.01157	0.01205	0.00675	0.00771	0.01157	0.01591	0.02121	0.04579	0.70262	0.05495	0.02603	0.01060	0.00337	0.00482	0.02362	0.00771	0.00675
40	0.03368	0.01494	0.01917	0.01524	0.02129	0.01404	0.01241	0.04128	0.15726	0.52638	0.03300	0.02886	0.02160	0.01050	0.00838	0.00262	0.00696	0.00858	0.00989	0.01392
41	0.01443	0.00722	0.01082	0.01082	0.01082	0.00722	0.00722	0.01082	0.01082	0.01443	0.01443	0.02525	0.01443	0.02886	0.03247	0.75830	0.00722	0.00722	0.00361	0.00361
42	0.01666	0.04297	0.66500	0.02368	0.03596	0.01929	0.03069	0.02631	0.01754	0.02631	0.01491	0.01754	0.01052	0.00789	0.00789	0.00263	0.01228	0.00614	0.00351	0.01228
43	0.01020	0.00843	0.00895	0.00882	0.01146	0.00718	0.00661	0.01266	0.01984	0.02459	0.19626	0.07642	0.53941	0.02024	0.00981	0.00277	0.00415	0.01704	0.00800	0.00718
44	0.01659	0.01584	0.02240	0.01968	0.02005	0.02166	0.01621	0.01869	0.01288	0.01981	0.01376	0.02181	0.01339	0.02656	0.19029	0.00608	0.52410	0.00768	0.00384	0.00867
45	0.02332	0.02180	0.02992	0.03981	0.43600	0.08382	0.02186	0.14596	0.02309	0.03110	0.01656	0.02053	0.01351	0.01089	0.04297	0.00301	0.01086	0.00730	0.00498	0.01271
46	0.02031	0.01948	0.03327	0.08384	0.62534	0.01967	0.02537	0.02528	0.01880	0.02684	0.01558	0.02064	0.01305	0.00745	0.00823	0.00248	0.00993	0.00740	0.00409	0.01296
47	0.01021	0.00727	0.00961	0.01145	0.01191	0.00681	0.00759	0.01159	0.01573	0.02097	0.04487	0.67219	0.05378	0.05805	0.01209	0.00359	0.00497	0.02308	0.00759	0.00667
48	0.01279	0.01048	0.01157	0.01156	0.01415	0.01045	0.00853	0.02025	0.17510	0.02612	0.10892	0.23090	0.28859	0.01956	0.00968	0.00294	0.00494	0.01688	0.00802	0.00856
49	0.06297	0.02564	0.05827	0.16443	0.28412	0.21589	0.02154	0.02694	0.01952	0.02444	0.01437	0.01867	0.01166	0.00797	0.00784	0.00244	0.01157	0.00656	0.00411	0.01106
50	0.01094	0.00782	0.01058	0.01251	0.01335	0.00746	0.00914	0.01299	0.01672	0.02213	0.04533	0.54940	0.05315	0.02525	0.01082	0.00349	0.00553	0.16873	0.00770	0.00697
51	0.02684	0.06515	0.02765	0.02995	0.21445	0.41574	0.01890	0.02983	0.02131	0.02232	0.01352	0.01673	0.01145	0.00843	0.00856	0.00229	0.04598	0.00601	0.00416	0.01071
52	0.02056	0.01974	0.03372	0.05099	0.65622	0.01974	0.02550	0.02550	0.01892	0.02714	0.01563	0.02056	0.01316	0.00740	0.00822	0.00247	0.00987	0.00740	0.00411	0.01316
53	0.01792	0.01600	0.02016	0.02160	0.14395	0.06836	0.04636	0.10098	0.02390	0.03185	0.28390	0.04443	0.11932	0.01342	0.00910	0.00256	0.00729	0.01174	0.00719	0.00996
54	0.01938	0.01471	0.01651	0.01478	0.01879	0.01608	0.01147	0.03524	0.40261	0.08726	0.22031	0.04014	0.04096	0.01291	0.00885	0.00273	0.00581	0.01100	0.00882	0.01163
55	0.03110	0.03751	0.02372	0.02111	0.02569	0.59170	0.01602	0.10931	0.02553	0.02443	0.01375	0.01562	0.01114	0.00874	0.00760	0.00219	0.01423	0.00562	0.00480	0.01021
56	0.01012	0.00723	0.00964	0.01157	0.01205	0.00675	0.00771	0.01157	0.01591	0.02121	0.04579	0.70262	0.05495	0.02603	0.01060	0.00337	0.00482	0.02362	0.00771	0.00675
57	0.01012	0.00723	0.00964	0.01157	0.01205	0.00675	0.00771	0.01157	0.01591	0.02121	0.04579	0.70262	0.05495	0.02603	0.01060	0.00337	0.00482	0.02362	0.00771	0.00675
58	0.02066	0.01785	0.01878	0.01691	0.02160	0.02066	0.01315	0.04414	0.64121	0.03475	0.03381	0.03099	0.02536	0.01127	0.00845	0.00282	0.00657	0.00939	0.00845	0.01315
59	0.76672	0.01607	0.01221	0.01092	0.01607	0.01864	0.00900	0.02442	0.01414	0.03727	0.01157	0.01350	0.00900	0.00771	0.00514	0.00257	0.00643	0.00450	0.00514	0.00900
60	0.01961	0.02241	0.04902	0.03501	0.04342	0.02101	0.62605	0.02661	0.01961	0.02661	0.01681	0.02241	0.01261	0.00700	0.00980	0.00280	0.01401	0.00980	0.00420	0.01120
61	0.01666	0.04297	0.66500	0.02368	0.03596	0.01929	0.03069	0.02631	0.01754	0.02631	0.01491	0.01754	0.01052	0.00789	0.00789	0.00263	0.01228	0.00614	0.00351	0.01228
62	0.01033	0.00829	0.00922	0.00930	0.01161	0.00718	0.00686	0.01280	0.01970	0.02497	0.21923	0.15054	0.43949	0.02064	0.00991	0.00283	0.00421	0.01765	0.00807	0.00718
63	0.01120	0.00870	0.00896	0.00874	0.01172	0.00727	0.00661	0.01336	0.01918	0.05459	0.08157	0.07735	0.62107	0.02050	0.00974	0.00279	0.00435	0.01707	0.00784	0.00737
64	0.01676	0.01713	0.05764	0.03531	0.40802	0.01545	0.01933	0.02098	0.01885	0.02552	0.03858	0.04033	0.22761	0.01200	0.00874	0.00259	0.00809	0.01074	0.00529	0.01105
65	0.02040	0.02061	0.05915	0.04810	0.59776	0.01977	0.02507	0.02649	0.05095	0.02750	0.01653	0.02097	0.01368	0.00762	0.00822	0.00249	0.00980	0.00745	0.00431	0.01312
66	0.02633	0.15840	0.03022	0.02898	0.24536	0.14306	0.01829	0.02977	0.02012	0.16127	0.01778	0.01965	0.01370	0.00853	0.00849	0.00235	0.04368	0.00664	0.00534	0.01202
67	0.03016	0.10606	0.02551	0.02069	0.02525	0.61135	0.01587	0.03235	0.02288	0.02025	0.01271	0.01482	0.01070	0.00842	0.00728	0.00210	0.01438	0.00526	0.00421	0.00973

[dist]
# distance from previous block
# <min> <max>
0	87

[block]
# block no. 4 follows, 22 sequences, length 153
# corresponding to MSA columns:
# 579-731
name=unknown_E
#
# <colnr> <probs for GDERKNQSTAVLIFYWHMCP>
#	G	D	E	R	K	N	Q	S	T	A	V	L	I	F	Y	W	H	M	C	P
0	0.02762	0.02324	0.01920	0.01642	0.02106	0.27129	0.01273	0.05475	0.02386	0.20564	0.16404	0.02975	0.02909	0.01088	0.00821	0.00233	0.00948	0.00846	0.00728	0.05468
1	0.02344	0.01922	0.02035	0.01747	0.02266	0.02196	0.01382	0.19256	0.48828	0.03922	0.03029	0.02819	0.02251	0.01094	0.00842	0.00274	0.00723	0.00891	0.00842	0.01340
2	0.01818	0.01818	0.02545	0.02181	0.02181	0.02545	0.01818	0.01999	0.01272	0.01999	0.01091	0.01818	0.01091	0.01454	0.02726	0.00364	0.69284	0.00727	0.00364	0.00909
3	0.02066	0.01785	0.01878	0.01691	0.02160	0.02066	0.01315	0.04414	0.64121	0.03475	0.03381	0.03099	0.02536	0.01127	0.00845	0.00282	0.00657	0.00939	0.00845	0.01315
4	0.01159	0.00849	0.01087	0.01028	0.01231	0.00777	0.00771	0.01535	0.02312	0.03238	0.60301	0.06359	0.12780	0.01733	0.00980	0.00263	0.00394	0.01524	0.00902	0.00777
5	0.01549	0.00774	0.00774	0.00774	0.00968	0.00774	0.00581	0.01936	0.01742	0.03097	0.02710	0.03097	0.02129	0.00968	0.00581	0.00194	0.00387	0.00774	0.75416	0.00774
6	0.02066	0.01785	0.01878	0.01691	0.02160	0.02066	0.01315	0.04414	0.64121	0.03475	0.03381	0.03099	0.02536	0.01127	0.00845	0.00282	0.00657	0.00939	0.00845	0.01315
7	0.01036	0.00844	0.00917	0.00899	0.01156	0.00725	0.00674	0.01298	0.02022	0.02550	0.24399	0.07491	0.49111	0.01990	0.00981	0.00275	0.00413	0.01683	0.00812	0.00725
8	0.01666	0.04297	0.66500	0.02368	0.03596	0.01929	0.03069	0.02631	0.01754	0.02631	0.01491	0.01754	0.01052	0.00789	0.00789	0.00263	0.01228	0.00614	0.00351	0.01228
9	0.01339	0.00956	0.01339	0.01530	0.01721	0.00956	0.01339	0.01721	0.01912	0.02486	0.04399	0.09371	0.04781	0.02295	0.01147	0.00382	0.00765	0.60031	0.00765	0.00765
10	0.02066	0.01785	0.01878	0.01691	0.02160	0.02066	0.01315	0.04414	0.64121	0.03475	0.03381	0.03099	0.02536	0.01127	0.00845	0.00282	0.00657	0.00939	0.00845	0.01315
11	0.01723	0.01477	0.01723	0.01230	0.01969	0.01107	0.00984	0.02092	0.01723	0.02707	0.01477	0.01723	0.01230	0.00615	0.00615	0.00123	0.00615	0.00492	0.00492	0.75883
12	0.01012	0.00723	0.00964	0.01157	0.01205	0.00675	0.00771	0.01157	0.01591	0.02121	0.04579	0.70262	0.05495	0.02603	0.01060	0.00337	0.00482	0.02362	0.00771	0.00675
13	0.06037	0.22578	0.06225	0.01906	0.02458	0.43302	0.01600	0.03012	0.02096	0.02118	0.01253	0.01459	0.01061	0.00808	0.00681	0.00208	0.01277	0.00510	0.00408	0.01003
14	0.01815	0.02268	0.15612	0.26004	0.33139	0.01922	0.02571	0.02422	0.01787	0.02498	0.01519	0.02050	0.01193	0.00780	0.00819	0.00260	0.01075	0.00714	0.00385	0.01166
15	0.02266	0.03048	0.14859	0.03292	0.18759	0.21169	0.19276	0.02820	0.02022	0.02485	0.01501	0.01890	0.01181	0.00772	0.00839	0.00249	0.01296	0.00725	0.00408	0.01142
16	0.01187	0.00890	0.01335	0.01335	0.01483	0.01038	0.01038	0.01483	0.01335	0.01928	0.02225	0.03264	0.02077	0.06231	0.67512	0.01335	0.02225	0.00890	0.00445	0.00742
17	0.02221	0.71304	0.04353	0.01421	0.02132	0.03287	0.01421	0.02488	0.01688	0.01955	0.01155	0.01333	0.01066	0.00711	0.00533	0.00178	0.00888	0.00444	0.00355	0.01066
18	0.01549	0.00774	0.00774	0.00774	0.00968	0.00774	0.00581	0.01936	0.01742	0.03097	0.02710	0.03097	0.02129	0.00968	0.00581	0.00194	0.00387	0.00774	0.75416	0.00774
19	0.02876	0.01225	0.01655	0.01334	0.01827	0.01075	0.01075	0.03221	0.02369	0.45220	0.23935	0.03955	0.03986	0.01252	0.00884	0.00258	0.00602	0.01058	0.00990	0.01204
20	0.01056	0.00837	0.00949	0.00936	0.01171	0.00730	0.00696	0.01330	0.02046	0.02642	0.29318	0.10986	0.40394	0.01982	0.00986	0.00277	0.00414	0.01696	0.00825	0.00730
21	0.01052	0.00844	0.00939	0.00916	0.01165	0.00731	0.00687	0.01329	0.02060	0.02639	0.29044	0.07345	0.44410	0.01957	0.00981	0.00274	0.00410	0.01662	0.00823	0.00731
22	0.02221	0.71304	0.04353	0.01421	0.02132	0.03287	0.01421	0.02488	0.01688	0.01955	0.01155	0.01333	0.01066	0.00711	0.00533	0.00178	0.00888	0.00444	0.00355	0.01066
23	0.01666	0.04297	0.66500	0.02368	0.03596	0.01929	0.03069	0.02631	0.01754	0.02631	0.01491	0.01754	0.01052	0.00789	0.00789	0.00263	0.01228	0.00614	0.00351	0.01228
24	0.00991	0.00842	0.00854	0.00851	0.01128	0.00705	0.00638	0.01209	0.01915	0.02294	0.11019	0.07913	0.62651	0.02085	0.00982	0.00280	0.00419	0.01742	0.00778	0.00705
