[name]
unknown

[dist]
# distance from previous block
# <min> <max>
0	0

[block]
# block no. 0 follows, 22 sequences, length 9
# corresponding to MSA columns:
# 0-8
name=unknown_A
#
# <colnr> <probs for GDERKNQSTAVLIFYWHMCP>
#	G	D	E	R	K	N	Q	S	T	A	V	L	I	F	Y	W	H	M	C	P
0	0.01339	0.00956	0.01339	0.01530	0.01721	0.00956	0.01339	0.01721	0.01912	0.02486	0.04399	0.09371	0.04781	0.02295	0.01147	0.00382	0.00765	0.60031	0.00765	0.00765
1	0.01881	0.25240	0.16094	0.13320	0.06110	0.08203	0.01867	0.02339	0.01799	0.02212	0.02406	0.02627	0.10767	0.00972	0.00739	0.00235	0.00986	0.00750	0.00429	0.01023
2	0.01975	0.11855	0.16761	0.02501	0.17399	0.01933	0.01925	0.02856	0.13400	0.07122	0.11535	0.02759	0.02481	0.00982	0.00804	0.00250	0.00857	0.00829	0.00588	0.01188
3	0.01858	0.03180	0.41041	0.02425	0.08900	0.01716	0.06553	0.02618	0.01925	0.09034	0.10516	0.02538	0.02131	0.00928	0.00836	0.00262	0.01050	0.00795	0.00506	0.01186
4	0.02779	0.03031	0.02422	0.02437	0.11955	0.37829	0.01666	0.15523	0.02610	0.02927	0.07375	0.02121	0.01804	0.00946	0.00799	0.00231	0.01196	0.00700	0.00555	0.01094
5	0.01605	0.02400	0.24861	0.01974	0.08272	0.01416	0.01865	0.02180	0.01789	0.02602	0.02627	0.03288	0.09353	0.01037	0.00794	0.00229	0.00859	0.06610	0.00495	0.25742
6	0.01872	0.03294	0.36765	0.03083	0.20453	0.05560	0.02674	0.02558	0.01757	0.02534	0.01444	0.01832	0.01131	0.00871	0.01065	0.00270	0.10609	0.00660	0.00373	0.01194
7	0.01187	0.00810	0.01017	0.01085	0.01245	0.00731	0.00768	0.01400	0.01836	0.05975	0.16050	0.41378	0.18943	0.02244	0.01016	0.00307	0.00465	0.01989	0.00811	0.00742
8	0.01889	0.01924	0.02591	0.02501	0.12528	0.11488	0.14940	0.02587	0.10684	0.02797	0.17181	0.09440	0.03370	0.01202	0.00909	0.00266	0.00922	0.01121	0.00629	0.01034

[dist]
# distance from previous block
# <min> <max>
0	2

[block]
# block no. 1 follows, 22 sequences, length 36
# corresponding to MSA columns:
# 11-46
name=unknown_B
#
# <colnr> <probs for GDERKNQSTAVLIFYWHMCP>
#	G	D	E	R	K	N	Q	S	T	A	V	L	I	F	Y	W	H	M	C	P
0	0.01905	0.16274	0.33233	0.02180	0.02957	0.06267	0.04924	0.02498	0.01673	0.02320	0.01329	0.01695	0.01074	0.00931	0.01202	0.00268	0.17186	0.00619	0.00362	0.01102
1	0.01101	0.00834	0.01024	0.01126	0.01263	0.00791	0.00787	0.01442	0.06205	0.02375	0.11967	0.47209	0.16173	0.02307	0.01022	0.00315	0.00474	0.02055	0.00793	0.00738
2	0.01681	0.01631	0.01636	0.01560	0.01803	0.13671	0.04565	0.02259	0.12815	0.02312	0.03217	0.30288	0.03403	0.08830	0.06024	0.00418	0.00914	0.01466	0.00650	0.00857
3	0.11288	0.02859	0.31611	0.15178	0.14163	0.01870	0.02453	0.02582	0.01754	0.06498	0.01565	0.01906	0.01148	0.00801	0.00771	0.00262	0.01059	0.00651	0.00426	0.01155
4	0.02126	0.02013	0.06792	0.08002	0.19856	0.01970	0.13024	0.03145	0.18289	0.08838	0.02188	0.02418	0.01653	0.00913	0.00966	0.00273	0.04889	0.00837	0.00576	0.01231
5	0.01109	0.00875	0.01019	0.01064	0.01307	0.00785	0.00851	0.01394	0.01964	0.02466	0.15347	0.08127	0.40160	0.02100	0.01028	0.00306	0.00513	0.18064	0.00790	0.00731
6	0.01911	0.17769	0.32043	0.03006	0.21046	0.02240	0.05673	0.02579	0.01790	0.02512	0.01450	0.01776	0.01141	0.00754	0.00754	0.00241	0.01096	0.00633	0.00373	0.01213
7	0.02175	0.02873	0.12879	0.02755	0.19994	0.25879	0.01924	0.02589	0.02040	0.02360	0.02744	0.02924	0.13276	0.01049	0.00820	0.00244	0.01108	0.00835	0.00476	0.01055
8	0.01225	0.01035	0.01086	0.01069	0.01361	0.00999	0.00800	0.01898	0.15579	0.02500	0.06822	0.14761	0.43913	0.01951	0.00962	0.00288	0.00481	0.01650	0.00788	0.00833
9	0.01006	0.00843	0.00875	0.00867	0.01137	0.00712	0.00650	0.01240	0.01951	0.02381	0.15569	0.07769	0.58047	0.02053	0.00982	0.00278	0.00417	0.01722	0.00789	0.00712
10	0.02626	0.03645	0.28540	0.02116	0.02909	0.28861	0.02136	0.03166	0.02113	0.13683	0.01723	0.01839	0.01238	0.00859	0.00781	0.00242	0.01247	0.00621	0.00503	0.01152
11	0.15757	0.02270	0.01794	0.01647	0.02051	0.22393	0.01275	0.08740	0.13197	0.03007	0.05038	0.10295	0.02394	0.01241	0.00806	0.00266	0.00922	0.05263	0.00641	0.01004
12	0.02076	0.01173	0.01484	0.01298	0.01585	0.01199	0.00971	0.09762	0.01876	0.18261	0.02591	0.03729	0.02307	0.26090	0.21107	0.00751	0.01202	0.00966	0.00659	0.00913
13	0.08177	0.15718	0.08776	0.01740	0.02368	0.21898	0.01539	0.03299	0.05651	0.20278	0.01950	0.01946	0.01416	0.00880	0.00725	0.00231	0.01025	0.00627	0.00605	0.01150
14	0.05235	0.29875	0.03797	0.02169	0.02837	0.18362	0.18599	0.02805	0.01946	0.05098	0.01428	0.01695	0.01159	0.00759	0.00724	0.00222	0.01162	0.00634	0.00427	0.01066
15	0.05146	0.25935	0.40159	0.01994	0.02981	0.05783	0.02364	0.02612	0.01749	0.02427	0.01357	0.01586	0.01051	0.00766	0.00692	0.00233	0.01106	0.00548	0.00363	0.01147
16	0.02296	0.01743	0.02020	0.01662	0.02136	0.01865	0.03807	0.35000	0.06714	0.04053	0.09587	0.15145	0.07446	0.01432	0.00905	0.00272	0.00752	0.01208	0.00809	0.01146
17	0.01744	0.01600	0.02155	0.04575	0.10242	0.01713	0.07656	0.02983	0.28976	0.02869	0.04132	0.04074	0.18498	0.01291	0.00963	0.00280	0.03339	0.01115	0.00692	0.01105
18	0.02257	0.02209	0.01646	0.01483	0.01853	0.25529	0.01133	0.10249	0.05725	0.02857	0.03099	0.03199	0.12367	0.01132	0.00757	0.00228	0.00883	0.00858	0.21594	0.00943
19	0.02060	0.01910	0.02867	0.03948	0.44182	0.02005	0.02132	0.03180	0.22915	0.02971	0.02177	0.02409	0.01728	0.00871	0.00830	0.00259	0.00876	0.00807	0.00558	0.01316
20	0.06671	0.01937	0.06789	0.32907	0.03948	0.05268	0.01909	0.09830	0.08879	0.10897	0.01946	0.02242	0.01402	0.00902	0.00807	0.00266	0.00986	0.00737	0.00569	0.01108
21	0.02031	0.01948	0.03327	0.08386	0.62532	0.01967	0.02537	0.02528	0.01880	0.02684	0.01558	0.02064	0.01305	0.00745	0.00823	0.00248	0.00993	0.00740	0.00409	0.01296
22	0.01797	0.20050	0.51889	0.02145	0.03252	0.02249	0.02682	0.02597	0.01738	0.02472	0.01412	0.01655	0.01056	0.00771	0.00729	0.00243	0.01148	0.00574	0.00352	0.01190
23	0.02426	0.13068	0.16167	0.02140	0.10392	0.06601	0.01809	0.06176	0.05668	0.16763	0.05835	0.02362	0.01869	0.00921	0.00769	0.00240	0.00913	0.00733	0.03943	0.01204
24	0.01207	0.00811	0.00936	0.00936	0.00947	0.00822	0.00541	0.01228	0.01217	0.01633	0.02590	0.05283	0.02954	0.66245	0.08697	0.00843	0.00906	0.01186	0.00499	0.00520
25	0.02559	0.01864	0.11742	0.01563	0.02158	0.01460	0.01430	0.14203	0.02497	0.26422	0.17240	0.03446	0.03191	0.05144	0.01056	0.00289	0.00758	0.00963	0.00830	0.01185
26	0.02537	0.47167	0.03637	0.01679	0.02288	0.26291	0.01487	0.02785	0.01927	0.01983	0.01201	0.01392	0.01068	0.00763	0.00610	0.00191	0.01107	0.00477	0.00381	0.01029
27	0.02191	0.67735	0.07664	0.01472	0.02210	0.03215	0.01509	0.02495	0.01692	0.01991	0.01173	0.01355	0.01065	0.00715	0.00547	0.00182	0.00906	0.00453	0.00355	0.01075
28	0.01919	0.15618	0.20602	0.02932	0.23925	0.02138	0.02198	0.02728	0.09749	0.02688	0.06189	0.02261	0.01811	0.00865	0.00773	0.00244	0.00951	0.00729	0.00475	0.01207
29	0.01328	0.00993	0.01418	0.01376	0.01562	0.01148	0.01077	0.05876	0.01519	0.02165	0.02209	0.03173	0.02029	0.05856	0.62740	0.01257	0.02131	0.00880	0.00473	0.00790
30	0.03727	0.01414	0.01928	0.01478	0.02121	0.01221	0.01221	0.04049	0.02378	0.66198	0.03277	0.02828	0.02056	0.01028	0.00835	0.00257	0.00707	0.00835	0.01028	0.01414
31	0.01187	0.00890	0.01335	0.01335	0.01483	0.01038	0.01038	0.01483	0.01335	0.01928	0.02225	0.03264	0.02077	0.06231	0.67512	0.01335	0.02225	0.00890	0.00445	0.00742
32	0.03158	0.02327	0.02493	0.01911	0.02576	0.02576	0.01579	0.62852	0.03906	0.05236	0.01995	0.01995	0.01413	0.00997	0.00831	0.00249	0.00914	0.00748	0.00831	0.01413
33	0.01012	0.00723	0.00964	0.01157	0.01205	0.00675	0.00771	0.01157	0.01591	0.02121	0.04579	0.70262	0.05495	0.02603	0.01060	0.00337	0.00482	0.02362	0.00771	0.00675
34	0.01357	0.00797	0.00797	0.00797	0.01020	0.00750	0.00598	0.01685	0.01793	0.02809	0.04638	0.04752	0.23466	0.01352	0.00716	0.00223	0.00399	0.01105	0.50198	0.00750
35	0.02116	0.58636	0.16103	0.01600	0.02409	0.03030	0.01733	0.02515	0.01700	0.02082	0.01218	0.01412	0.01063	0.00726	0.00581	0.00194	0.00953	0.00476	0.00354	0.01097

[dist]
# distance from previous block
# <min> <max>
0	1

[block]
# block no. 2 follows, 22 sequences, length 103
# corresponding to MSA columns:
# 48-150
name=unknown_C
#
# <colnr> <probs for GDERKNQSTAVLIFYWHMCP>
#	G	D	E	R	K	N	Q	S	T	A	V	L	I	F	Y	W	H	M	C	P
0	0.02929	0.11078	0.02527	0.02030	0.02477	0.57831	0.01562	0.03153	0.02241	0.02020	0.01309	0.01553	0.01111	0.01062	0.03473	0.00256	0.01462	0.00540	0.00421	0.00965
1	0.01187	0.00890	0.01335	0.01335	0.01483	0.01038	0.01038	0.01483	0.01335	0.01928	0.02225	0.03264	0.02077	0.06231	0.67512	0.01335	0.02225	0.00890	0.00445	0.00742
2	0.02056	0.01974	0.03372	0.05099	0.65622	0.01974	0.02550	0.02550	0.01892	0.02714	0.01563	0.02056	0.01316	0.00740	0.00822	0.00247	0.00987	0.00740	0.00411	0.01316
3	0.03158	0.02327	0.02493	0.01911	0.02576	0.02576	0.01579	0.62852	0.03906	0.05236	0.01995	0.01995	0.01413	0.00997	0.00831	0.00249	0.00914	0.00748	0.00831	0.01413
4	0.01674	0.01584	0.02681	0.55086	0.18623	0.01873	0.02359	0.02215	0.01711	0.02250	0.01495	0.02181	0.01152	0.00811	0.00829	0.00270	0.01081	0.00739	0.00378	0.01008
5	0.01901	0.01816	0.03092	0.25383	0.46551	0.01933	0.02472	0.02414	0.01818	0.02526	0.01535	0.02107	0.01250	0.00769	0.00825	0.00256	0.01025	0.00740	0.00398	0.01191
6	0.02066	0.01785	0.01878	0.01691	0.02160	0.02066	0.01315	0.04414	0.64121	0.03475	0.03381	0.03099	0.02536	0.01127	0.00845	0.00282	0.00657	0.00939	0.00845	0.01315
7	0.01819	0.01730	0.02917	0.29776	0.39409	0.01868	0.02371	0.02323	0.01802	0.02463	0.01830	0.02379	0.04046	0.00835	0.00833	0.00260	0.01009	0.00784	0.00411	0.01135
8	0.03103	0.03959	0.02354	0.02140	0.02568	0.67469	0.01605	0.03317	0.02354	0.02033	0.01284	0.01498	0.01070	0.00856	0.00749	0.00214	0.01498	0.00535	0.00428	0.00963
9	0.01176	0.00849	0.01110	0.01045	0.01241	0.00784	0.00784	0.01568	0.02352	0.03331	0.65184	0.06206	0.07839	0.01698	0.00980	0.00261	0.00392	0.01502	0.00914	0.00784
10	0.01148	0.00848	0.01072	0.01016	0.01224	0.00772	0.00762	0.01514	0.02286	0.03177	0.57106	0.06460	0.16013	0.01756	0.00980	0.00264	0.00396	0.01538	0.00894	0.00772
11	0.00982	0.00842	0.00842	0.00842	0.01122	0.00701	0.00631	0.01192	0.01894	0.02244	0.08416	0.07995	0.65285	0.02104	0.00982	0.00281	0.00421	0.01753	0.00771	0.00701
12	0.01963	0.02086	0.02242	0.01990	0.02116	0.16429	0.01603	0.02177	0.01523	0.01991	0.01377	0.02059	0.01298	0.02352	0.16248	0.00540	0.40006	0.00720	0.00395	0.00885
13	0.01268	0.00906	0.01258	0.01450	0.01610	0.00896	0.01216	0.01600	0.01843	0.02407	0.04437	0.22486	0.04935	0.02361	0.01129	0.00373	0.00704	0.47610	0.00766	0.00746
14	0.01022	0.00735	0.00953	0.01123	0.01182	0.00684	0.00747	0.01162	0.01584	0.02097	0.04678	0.62727	0.08768	0.06750	0.01250	0.00363	0.00498	0.02256	0.00755	0.00666
15	0.02580	0.05998	0.02571	0.05771	0.18361	0.29896	0.01761	0.10615	0.02315	0.02726	0.01591	0.01887	0.01283	0.00848	0.00755	0.00226	0.01136	0.00643	0.07943	0.01094
16	0.02203	0.02273	0.03164	0.07696	0.52481	0.12613	0.02384	0.02654	0.01956	0.02575	0.01513	0.01973	0.01266	0.00763	0.00811	0.00243	0.01076	0.00707	0.00412	0.01240
17	0.02651	0.38486	0.03379	0.01772	0.02345	0.34564	0.01511	0.02892	0.02013	0.01993	0.01218	0.01413	0.01068	0.00782	0.00638	0.00195	0.01186	0.00488	0.00391	0.01016
18	0.00982	0.00842	0.00842	0.00842	0.01122	0.00701	0.00631	0.01192	0.01894	0.02244	0.08416	0.07995	0.65285	0.02104	0.00982	0.00281	0.00421	0.01753	0.00771	0.00701
19	0.03103	0.03959	0.02354	0.02140	0.02568	0.67469	0.01605	0.03317	0.02354	0.02033	0.01284	0.01498	0.01070	0.00856	0.00749	0.00214	0.01498	0.00535	0.00428	0.00963
20	0.01007	0.00843	0.00876	0.00868	0.01138	0.00712	0.00651	0.01241	0.01953	0.02385	0.15779	0.07763	0.57834	0.02051	0.00982	0.00278	0.00417	0.01721	0.00790	0.00712
21	0.01038	0.00772	0.00975	0.01125	0.01238	0.00709	0.00797	0.01221	0.01689	0.02184	0.05401	0.50567	0.18508	0.02463	0.01052	0.00329	0.00497	0.07976	0.00771	0.00690
22	0.01306	0.01075	0.01656	0.01545	0.01704	0.01290	0.03847	0.01605	0.01354	0.01970	0.02047	0.03022	0.01907	0.05339	0.55796	0.01157	0.11294	0.00872	0.00433	0.00781
23	0.01211	0.00861	0.01190	0.01190	0.01300	0.00962	0.00870	0.01431	0.01321	0.01901	0.02357	0.03848	0.02337	0.23573	0.46890	0.01133	0.01746	0.00971	0.04232	0.00678
24	0.02635	0.03116	0.05519	0.03294	0.27236	0.35808	0.02036	0.05983	0.02226	0.02486	0.01438	0.01752	0.01183	0.00815	0.00784	0.00231	0.01257	0.00629	0.00438	0.01135
25	0.01967	0.40603	0.32828	0.01855	0.02803	0.02665	0.02177	0.02553	0.01718	0.02264	0.01309	0.01526	0.01060	0.00747	0.00650	0.00217	0.01044	0.00522	0.00353	0.01140
26	0.06259	0.04132	0.62503	0.02290	0.03474	0.01925	0.02937	0.02619	0.01733	0.02698	0.01470	0.01729	0.01043	0.00788	0.00772	0.00263	0.01192	0.00604	0.00361	0.01208
27	0.01187	0.00890	0.01335	0.01335	0.01483	0.01038	0.01038	0.01483	0.01335	0.01928	0.02225	0.03264	0.02077	0.06231	0.67512	0.01335	0.02225	0.00890	0.00445	0.00742
28	0.02026	0.01943	0.03318	0.09000	0.61955	0.01966	0.02535	0.02523	0.01877	0.02678	0.01557	0.02066	0.01303	0.00746	0.00823	0.00249	0.00994	0.00740	0.00409	0.01292
29	0.03054	0.03866	0.02402	0.02280	0.05547	0.64375	0.01650	0.03281	0.02332	0.02065	0.01297	0.01524	0.01082	0.00851	0.00753	0.00216	0.01474	0.00545	0.00427	0.00980
30	0.00982	0.00842	0.00842	0.00842	0.01122	0.00701	0.00631	0.01192	0.01894	0.02244	0.08416	0.07995	0.65285	0.02104	0.00982	0.00281	0.00421	0.01753	0.00771	0.00701
31	0.00982	0.00842	0.00842	0.00842	0.01122	0.00701	0.00631	0.01192	0.01894	0.02244	0.08416	0.07995	0.65285	0.02104	0.00982	0.00281	0.00421	0.01753	0.00771	0.00701
32	0.01166	0.00788	0.00919	0.00960	0.00970	0.00777	0.00561	0.01197	0.01290	0.01721	0.03040	0.19399	0.03553	0.56115	0.03546	0.00705	0.00736	0.01457	0.00561	0.00540
33	0.00993	0.00842	0.00857	0.00853	0.01129	0.00706	0.00640	0.01214	0.01920	0.02306	0.11667	0.07892	0.61995	0.02081	0.00982	0.00279	0.00419	0.01739	0.00780	0.00706
34	0.03103	0.03959	0.02354	0.02140	0.02568	0.67469	0.01605	0.03317	0.02354	0.02033	0.01284	0.01498	0.01070	0.00856	0.00749	0.00214	0.01498	0.00535	0.00428	0.00963
35	0.01208	0.00805	0.00906	0.00906	0.00906	0.00805	0.00503	0.01208	0.01208	0.01611	0.02618	0.05436	0.03020	0.70804	0.04228	0.00805	0.00805	0.01208	0.00503	0.00503
36	0.01012	0.00723	0.00964	0.01157	0.01205	0.00675	0.00771	0.01157	0.01591	0.02121	0.04579	0.70262	0.05495	0.02603	0.01060	0.00337	0.00482	0.02362	0.00771	0.00675
37	0.01569	0.01477	0.02492	0.68808	0.05722	0.01846	0.02307	0.02123	0.01661	0.02123	0.01477	0.02215	0.01107	0.00831	0.00831	0.00277	0.01107	0.00738	0.00369	0.00923
38	0.01105	0.00723	0.00989	0.01141	0.01179	0.00685	0.00760	0.01141	0.01481	0.01975	0.03903	0.55673	0.04622	0.02664	0.01531	0.16597	0.00534	0.02008	0.00683	0.00607
39	0.01549	0.00774	0.00774	0.00774	0.00968	0.00774	0.00581	0.01936	0.01742	0.03097	0.02710	0.03097	0.02129	0.00968	0.00581	0.00194	0.00387	0.00774	0.75416	0.00774
40	0.01961	0.02241	0.04902	0.03501	0.04342	0.02101	0.62605	0.02661	0.01961	0.02661	0.01681	0.02241	0.01261	0.00700	0.00980	0.00280	0.01401	0.00980	0.00420	0.01120
41	0.01012	0.00723	0.00964	0.01157	0.01205	0.00675	0.00771	0.01157	0.01591	0.02121	0.04579	0.70262	0.05495	0.02603	0.01060	0.00337	0.00482	0.02362	0.00771	0.00675
42	0.03103	0.03959	0.02354	0.02140	0.02568	0.67469	0.01605	0.03317	0.02354	0.02033	0.01284	0.01498	0.01070	0.00856	0.00749	0.00214	0.01498	0.00535	0.00428	0.00963
43	0.03103	0.03959	0.02354	0.02140	0.02568	0.67469	0.01605	0.03317	0.02354	0.02033	0.01284	0.01498	0.01070	0.00856	0.00749	0.00214	0.01498	0.00535	0.00428	0.00963
44	0.01055	0.00754	0.01013	0.01206	0.01273	0.00712	0.00846	0.01231	0.01633	0.02169	0.04555	0.62213	0.05400	0.02562	0.01072	0.00343	0.00519	0.09985	0.00770	0.00687
45	0.02954	0.15328	0.02692	0.02019	0.02495	0.56635	0.01574	0.03177	0.02242	0.02020	0.01262	0.01470	0.01069	0.00832	0.00713	0.00208	0.01395	0.00520	0.00416	0.00980
46	0.01166	0.00849	0.01097	0.01035	0.01235	0.00780	0.00776	0.01550	0.02329	0.03279	0.62436	0.06292	0.10620	0.01718	0.00980	0.00262	0.00393	0.01515	0.00908	0.00780
47	0.02056	0.01974	0.03372	0.05099	0.65622	0.01974	0.02550	0.02550	0.01892	0.02714	0.01563	0.02056	0.01316	0.00740	0.00822	0.00247	0.00987	0.00740	0.00411	0.01316
48	0.02007	0.01889	0.03190	0.04449	0.52407	0.01887	0.06003	0.05350	0.02000	0.02832	0.04841	0.05744	0.01848	0.00892	0.00852	0.00254	0.00954	0.00875	0.00475	0.01250
49	0.01187	0.00890	0.01335	0.01335	0.01483	0.01038	0.01038	0.01483	0.01335	0.01928	0.02225	0.03264	0.02077	0.06231	0.67512	0.01335	0.02225	0.00890	0.00445	0.00742
50	0.01818	0.01818	0.02545	0.02181	0.02181	0.02545	0.01818	0.01999	0.01272	0.01999	0.01091	0.01818	0.01091	0.01454	0.02726	0.00364	0.69284	0.00727	0.00364	0.00909
51	0.02221	0.71304	0.04353	0.01421	0.02132	0.03287	0.01421	0.02488	0.01688	0.01955	0.01155	0.01333	0.01066	0.00711	0.00533	0.00178	0.00888	0.00444	0.00355	0.01066
52	0.01100	0.00836	0.01033	0.01156	0.01331	0.00769	0.00892	0.01340	0.01797	0.02276	0.05908	0.29417	0.26844	0.02330	0.01058	0.00330	0.00545	0.19557	0.00769	0.00712
53	0.01208	0.00805	0.00906	0.00906	0.00906	0.00805	0.00503	0.01208	0.01208	0.01611	0.02618	0.05436	0.03020	0.70804	0.04228	0.00805	0.00805	0.01208	0.00503	0.00503
54	0.01006	0.00749	0.00937	0.01088	0.01187	0.00681	0.00741	0.01165	0.01657	0.02148	0.05418	0.56635	0.18580	0.02494	0.01043	0.00325	0.00469	0.02229	0.00771	0.00681
55	0.02038	0.02081	0.06296	0.04973	0.62749	0.01972	0.02574	0.02553	0.01885	0.02710	0.01559	0.02042	0.01304	0.00742	0.00821	0.00247	0.00998	0.00734	0.00408	0.01312
56	0.01448	0.01150	0.01604	0.01498	0.01643	0.01415	0.01194	0.04597	0.01480	0.02202	0.02010	0.02877	0.01837	0.04507	0.44712	0.00977	0.16451	0.00838	0.06747	0.00813
57	0.02235	0.55615	0.12480	0.01620	0.02372	0.09501	0.01661	0.02589	0.01763	0.02053	0.01213	0.01406	0.01065	0.00736	0.00589	0.00193	0.00995	0.00476	0.00362	0.01077
58	0.01583	0.00967	0.01079	0.00981	0.01341	0.00815	0.00760	0.01817	0.02000	0.16240	0.07291	0.06864	0.51448	0.01869	0.00950	0.00275	0.00483	0.01552	0.00828	0.00857
59	0.01519	0.01076	0.01195	0.01094	0.01247	0.01111	0.00730	0.11845	0.01753	0.02320	0.03114	0.05008	0.09394	0.48089	0.06520	0.00680	0.00855	0.01171	0.00586	0.00694
60	0.02575	0.02285	0.02072	0.01777	0.02238	0.16318	0.01384	0.30711	0.09069	0.03688	0.02534	0.16700	0.02329	0.01325	0.00864	0.00264	0.00923	0.01068	0.00731	0.01146
61	0.01654	0.01345	0.04615	0.01426	0.01737	0.01313	0.01137	0.08902	0.12560	0.05927	0.03368	0.21590	0.05992	0.06048	0.17794	0.00580	0.01058	0.01323	0.00689	0.00942
62	0.01006	0.00838	0.00849	0.00849	0.01099	0.00713	0.00617	0.01194	0.01820	0.02176	0.07792	0.07720	0.58586	0.09495	0.01331	0.00337	0.00462	0.01695	0.00743	0.00680
63	0.01921	0.01308	0.02135	0.01717	0.02171	0.01171	0.14213	0.02299	0.02014	0.16574	0.15893	0.20207	0.03857	0.01447	0.00929	0.00269	0.00725	0.01351	0.00752	0.09046
64	0.03049	0.08083	0.02477	0.02096	0.02542	0.63540	0.01594	0.03266	0.02313	0.02028	0.01276	0.01488	0.01070	0.00847	0.00736	0.00212	0.01461	0.00529	0.00424	0.00969
65	0.02578	0.02211	0.02163	0.01932	0.06081	0.13193	0.01431	0.33495	0.02881	0.03681	0.02223	0.02678	0.04438	0.09038	0.07834	0.00413	0.01115	0.00820	0.00660	0.01134
66	0.01809	0.04263	0.60107	0.02345	0.03493	0.08461	0.02923	0.02699	0.01814	0.02571	0.01470	0.01728	0.01054	0.00796	0.00785	0.00258	0.01255	0.00606	0.00358	0.01201
67	0.02058	0.01933	0.03050	0.04365	0.51953	0.01994	0.02284	0.02951	0.15295	0.02878	0.01954	0.02281	0.01579	0.00824	0.00827	0.00254	0.00916	0.00783	0.00505	0.01316
68	0.01642	0.01615	0.01627	0.01560	0.01761	0.15663	0.01207	0.01914	0.01555	0.01955	0.01954	0.02794	0.01800	0.04781	0.49190	0.01034	0.05907	0.00803	0.00437	0.00800
69	0.01116	0.00803	0.01057	0.01086	0.01228	0.00744	0.00779	0.01418	0.02075	0.02891	0.43129	0.29516	0.06986	0.02027	0.01009	0.00289	0.00425	0.01815	0.00862	0.00744
70	0.18881	0.02907	0.02154	0.01921	0.02261	0.36817	0.01504	0.02795	0.01877	0.02395	0.01208	0.01546	0.01038	0.00988	0.01194	0.00261	0.18324	0.00565	0.00431	0.00936
71	0.01281	0.00851	0.01023	0.00993	0.01097	0.00834	0.00651	0.01415	0.01535	0.04650	0.14024	0.05479	0.09803	0.42294	0.10017	0.00694	0.00845	0.01263	0.00616	0.00634
72	0.01208	0.00805	0.00906	0.00906	0.00906	0.00805	0.00503	0.01208	0.01208	0.01611	0.02618	0.05436	0.03020	0.70804	0.04228	0.00805	0.00805	0.01208	0.00503	0.00503
73	0.01012	0.00723	0.00964	0.01157	0.01205	0.00675	0.00771	0.01157	0.01591	0.02121	0.04579	0.70262	0.05495	0.02603	0.01060	0.00337	0.00482	0.02362	0.00771	0.00675
74	0.02056	0.01974	0.03372	0.05099	0.65622	0.01974	0.02550	0.02550	0.01892	0.02714	0.01563	0.02056	0.01316	0.00740	0.00822	0.00247	0.00987	0.00740	0.00411	0.01316
75	0.01961	0.01618	0.01851	0.01344	0.02070	0.01351	0.01083	0.12186	0.02085	0.03127	0.01563	0.01768	0.01261	0.00679	0.00651	0.00144	0.00665	0.00535	0.00548	0.63511
76	0.01045	0.00844	0.00929	0.00908	0.01161	0.00728	0.00681	0.01315	0.02043	0.02599	0.26947	0.07411	0.46533	0.01972	0.00981	0.00274	0.00411	0.01671	0.00818	0.00728
77	0.00982	0.00842	0.00842	0.00842	0.01122	0.00701	0.00631	0.01192	0.01894	0.02244	0.08416	0.07995	0.65285	0.02104	0.00982	0.00281	0.00421	0.01753	0.00771	0.00701
78	0.02851	0.03501	0.02534	0.05872	0.13468	0.53129	0.01800	0.03129	0.02242	0.02154	0.01341	0.01628	0.01114	0.00835	0.00766	0.00223	0.01392	0.00580	0.00422	0.01021
79	0.03103	0.03959	0.02354	0.02140	0.02568	0.67469	0.01605	0.03317	0.02354	0.02033	0.01284	0.01498	0.01070	0.00856	0.00749	0.00214	0.01498	0.00535	0.00428	0.00963
80	0.02221	0.71304	0.04353	0.01421	0.02132	0.03287	0.01421	0.02488	0.01688	0.01955	0.01155	0.01333	0.01066	0.00711	0.00533	0.00178	0.00888	0.00444	0.00355	0.01066
81	0.01951	0.01867	0.03182	0.18821	0.52720	0.01946	0.02497	0.02458	0.01842	0.02587	0.01544	0.02090	0.01271	0.00760	0.00824	0.00253	0.01013	0.00740	0.00402	0.01231
82	0.01012	0.00723	0.00964	0.01157	0.01205	0.00675	0.00771	0.01157	0.01591	0.02121	0.04579	0.70262	0.05495	0.02603	0.01060	0.00337	0.00482	0.02362	0.00771	0.00675
83	0.01012	0.00723	0.00964	0.01157	0.01205	0.00675	0.00771	0.01157	0.01591	0.02121	0.04579	0.70262	0.05495	0.02603	0.01060	0.00337	0.00482	0.02362	0.00771	0.00675
84	0.01443	0.00722	0.01082	0.01082	0.01082	0.00722	0.00722	0.01082	0.01082	0.01443	0.01443	0.02525	0.01443	0.02886	0.03247	0.75830	0.00722	0.00722	0.00361	0.00361
85	0.02221	0.71304	0.04353	0.01421	0.02132	0.03287	0.01421	0.02488	0.01688	0.01955	0.01155	0.01333	0.01066	0.00711	0.00533	0.00178	0.00888	0.00444	0.00355	0.01066
86	0.01080	0.00845	0.00978	0.00945	0.01183	0.00743	0.00709	0.01383	0.02126	0.02797	0.37282	0.07085	0.36074	0.01898	0.00981	0.00271	0.00406	0.01626	0.00844	0.00743
87	0.03103	0.03959	0.02354	0.02140	0.02568	0.67469	0.01605	0.03317	0.02354	0.02033	0.01284	0.01498	0.01070	0.00856	0.00749	0.00214	0.01498	0.00535	0.00428	0.00963
88	0.02125	0.01580	0.01997	0.05303	0.11923	0.01672	0.01449	0.09059	0.22762	0.11131	0.06259	0.06373	0.09375	0.01274	0.00882	0.00276	0.00722	0.03897	0.00765	0.01176
89	0.02143	0.44590	0.22706	0.01776	0.02612	0.09278	0.01932	0.02613	0.01774	0.02164	0.01268	0.01475	0.01062	0.00749	0.00631	0.00207	0.01050	0.00504	0.00361	0.01104
90	0.01715	0.20959	0.02524	0.01579	0.01885	0.02163	0.01349	0.02137	0.06970	0.02132	0.02482	0.02884	0.09635	0.02290	0.15151	0.00495	0.21419	0.00832	0.00472	0.00927
91	0.01208	0.00805	0.00906	0.00906	0.00906	0.00805	0.00503	0.01208	0.01208	0.01611	0.02618	0.05436	0.03020	0.70804	0.04228	0.00805	0.00805	0.01208	0.00503	0.00503
92	0.02117	0.12752	0.28699	0.02353	0.08229	0.10690	0.02268	0.02666	0.01786	0.06245	0.01461	0.01765	0.01147	0.00917	0.01102	0.00261	0.13374	0.00625	0.00410	0.01133
93	0.01537	0.01491	0.01259	0.01272	0.01456	0.15128	0.00909	0.01699	0.01760	0.02038	0.04225	0.19057	0.17347	0.19201	0.01779	0.00420	0.00796	0.07288	0.00629	0.00709
94	0.01249	0.00947	0.01246	0.01194	0.01291	0.01048	0.00865	0.01448	0.01521	0.02134	0.15720	0.04675	0.06098	0.26920	0.22179	0.00782	0.08285	0.01147	0.00569	0.00684
95	0.03164	0.03373	0.02268	0.02001	0.02476	0.50934	0.01527	0.05878	0.05132	0.12936	0.01737	0.01810	0.01313	0.00902	0.00771	0.00226	0.01306	0.00611	0.00563	0.01072
96	0.01070	0.00747	0.00947	0.01082	0.01116	0.00714	0.00692	0.01172	0.01477	0.01969	0.03996	0.50990	0.04759	0.22879	0.02002	0.00477	0.00578	0.02019	0.00692	0.00624
97	0.01855	0.02152	0.09748	0.05342	0.06991	0.01814	0.28536	0.02527	0.04708	0.02661	0.01644	0.02061	0.01280	0.00746	0.00917	0.00237	0.04083	0.00775	0.00447	0.21474
98	0.11604	0.01082	0.01164	0.01141	0.01342	0.01138	0.00842	0.05462	0.04536	0.02537	0.03066	0.05290	0.05903	0.30789	0.02275	0.00511	0.00721	0.12977	0.06883	0.00735
99	0.10932	0.32161	0.02991	0.05038	0.08970	0.05463	0.01432	0.02478	0.01772	0.07792	0.04650	0.05131	0.01747	0.01233	0.04759	0.00290	0.00934	0.00695	0.00493	0.01040
100	0.07624	0.04780	0.05387	0.01560	0.05018	0.01559	0.01219	0.08620	0.15650	0.05654	0.06480	0.13192	0.13511	0.01420	0.00846	0.00270	0.00654	0.01186	0.04335	0.01034
101	0.01829	0.01620	0.01787	0.01745	0.05040	0.08182	0.01298	0.11625	0.05127	0.02815	0.08486	0.14605	0.08745	0.02020	0.06942	0.00386	0.09944	0.06204	0.00661	0.00940
102	0.02641	0.01984	0.02073	0.01928	0.07445	0.10651	0.01408	0.19655	0.10633	0.13979	0.02357	0.02461	0.01756	0.01497	0.07440	0.00352	0.01005	0.00775	0.08762	0.01196

[dist]
# distance from previous block
# <min> <max>
0	36

[block]
# block no. 3 follows, 22 sequences, length 28
# corresponding to MSA columns:
# 187-214
name=unknown_D
#
# <colnr> <probs for GDERKNQSTAVLIFYWHMCP>
#	G	D	E	R	K	N	Q	S	T	A	V	L	I	F	Y	W	H	M	C	P
0	0.05188	0.26085	0.03008	0.02208	0.12622	0.14199	0.01592	0.03027	0.15512	0.02524	0.01904	0.02294	0.01619	0.00919	0.00720	0.00232	0.00948	0.03765	0.00513	0.01121
1	0.05536	0.04937	0.05649	0.04144	0.02171	0.21195	0.01419	0.02368	0.04858	0.02316	0.06015	0.03386	0.15703	0.01481	0.03746	0.00309	0.12403	0.00920	0.00532	0.00910
2	0.05061	0.13635	0.02271	0.01768	0.04999	0.17762	0.01356	0.04516	0.01766	0.02197	0.01691	0.02273	0.01516	0.03137	0.29193	0.00695	0.04118	0.00692	0.00439	0.00915
3	0.11593	0.06123	0.13826	0.02327	0.05575	0.29088	0.11287	0.02958	0.02027	0.05666	0.01472	0.01723	0.01135	0.00807	0.00762	0.00240	0.01244	0.00628	0.00450	0.01068
4	0.02591	0.27955	0.03008	0.05654	0.02520	0.37210	0.01531	0.02843	0.02051	0.02020	0.01604	0.01804	0.04272	0.00864	0.00687	0.00208	0.01202	0.00575	0.00416	0.00985
5	0.02478	0.02218	0.02082	0.01789	0.02263	0.14055	0.01411	0.23338	0.22267	0.03547	0.02341	0.02462	0.01815	0.01874	0.11793	0.00432	0.01156	0.00793	0.00698	0.01189
6	0.05867	0.01449	0.07760	0.01366	0.01738	0.01305	0.01197	0.04238	0.01625	0.02621	0.02004	0.02588	0.01699	0.02748	0.23869	0.00605	0.07011	0.00737	0.18648	0.10926
7	0.01143	0.00824	0.01134	0.01187	0.01273	0.00884	0.00841	0.01330	0.01376	0.01908	0.02966	0.22276	0.03239	0.20112	0.34565	0.00937	0.01416	0.01370	0.00549	0.00668
8	0.01105	0.00825	0.01003	0.00998	0.01176	0.00749	0.00719	0.01380	0.02022	0.02725	0.36336	0.16171	0.21503	0.08024	0.01279	0.00325	0.00449	0.01668	0.00821	0.00722
9	0.01067	0.00778	0.01029	0.01144	0.01229	0.00769	0.00791	0.01236	0.01524	0.02040	0.04210	0.43772	0.09772	0.10018	0.15913	0.00597	0.00890	0.01873	0.00674	0.00675
10	0.01887	0.22963	0.35713	0.02339	0.03337	0.02353	0.15233	0.02596	0.01779	0.02444	0.01435	0.01737	0.01100	0.00748	0.00757	0.00242	0.01168	0.00643	0.00367	0.01159
11	0.01993	0.09412	0.33945	0.02335	0.03272	0.08118	0.12699	0.05203	0.07048	0.02698	0.01649	0.01895	0.01235	0.00802	0.00795	0.00249	0.01167	0.00681	0.00436	0.04369
12	0.08592	0.20852	0.12189	0.12298	0.10886	0.05808	0.01904	0.07786	0.07323	0.02741	0.01574	0.01837	0.01244	0.00817	0.00714	0.00238	0.00976	0.00624	0.00464	0.01130
13	0.01235	0.01117	0.01839	0.01587	0.01899	0.01018	0.14840	0.01549	0.01836	0.02393	0.10666	0.30128	0.22700	0.01935	0.01011	0.00300	0.00665	0.01784	0.00704	0.00795
14	0.02056	0.01974	0.03372	0.05099	0.65622	0.01974	0.02550	0.02550	0.01892	0.02714	0.01563	0.02056	0.01316	0.00740	0.00822	0.00247	0.00987	0.00740	0.00411	0.01316
15	0.01436	0.01262	0.01261	0.01293	0.01461	0.09649	0.00924	0.04490	0.02007	0.02584	0.20368	0.40619	0.05346	0.02051	0.00986	0.00296	0.00613	0.01811	0.00767	0.00778
16	0.02052	0.01987	0.03445	0.05023	0.62694	0.01980	0.05419	0.02555	0.01895	0.02712	0.01568	0.02065	0.01313	0.00738	0.00830	0.00248	0.01007	0.00752	0.00412	0.01307
17	0.01041	0.00744	0.00997	0.01190	0.01250	0.00700	0.00821	0.01206	0.01619	0.02153	0.04563	0.64898	0.05432	0.02576	0.01068	0.00341	0.00507	0.07442	0.00771	0.00683
18	0.02782	0.17130	0.02895	0.02408	0.11238	0.45558	0.01700	0.03045	0.02157	0.02112	0.01297	0.01543	0.01103	0.00811	0.00716	0.00211	0.01305	0.00545	0.00411	0.01033
19	0.02130	0.44963	0.23105	0.01773	0.02616	0.08528	0.01940	0.02604	0.01767	0.02167	0.01269	0.01476	0.01062	0.00747	0.00630	0.00207	0.01045	0.00504	0.00360	0.01106
20	0.01046	0.00737	0.00954	0.01114	0.01154	0.00697	0.00725	0.01166	0.01525	0.02033	0.04243	0.59153	0.05070	0.14290	0.01603	0.00418	0.00537	0.02164	0.00725	0.00645
21	0.01102	0.00805	0.01036	0.01066	0.01218	0.00739	0.00766	0.01393	0.02049	0.02818	0.39295	0.28447	0.12085	0.02046	0.01008	0.00289	0.00426	0.01821	0.00852	0.00739
22	0.01540	0.03410	0.49677	0.02028	0.02990	0.01635	0.02481	0.02357	0.01908	0.02811	0.17877	0.02899	0.02798	0.01023	0.00838	0.00263	0.01013	0.00842	0.00496	0.01114
23	0.03057	0.07517	0.02460	0.02102	0.02545	0.64079	0.01595	0.03273	0.02319	0.02029	0.01277	0.01489	0.01070	0.00848	0.00738	0.00212	0.01466	0.00530	0.00424	0.00969
24	0.03158	0.02327	0.02493	0.01911	0.02576	0.02576	0.01579	0.62852	0.03906	0.05236	0.01995	0.01995	0.01413	0.00997	0.00831	0.00249	0.00914	0.00748	0.00831	0.01413
25	0.03158	0.02327	0.02493	0.01911	0.02576	0.02576	0.01579	0.62852	0.03906	0.05236	0.01995	0.01995	0.01413	0.00997	0.00831	0.00249	0.00914	0.00748	0.00831	0.01413
26	0.02614	0.41427	0.03475	0.01729	0.02326	0.28594	0.01501	0.05692	0.02057	0.02142	0.01246	0.01430	0.01084	0.00782	0.00633	0.00195	0.01130	0.00495	0.00407	0.01042
27	0.02302	0.31533	0.02620	0.01239	0.01760	0.02043	0.01111	0.06040	0.01951	0.13424	0.02091	0.02223	0.01615	0.00868	0.00618	0.00201	0.00689	0.00640	0.25986	0.01046

[dist]
# distance from previous block
# <min> <max>
2	4

[block]
# block no. 4 follows, 22 sequences, length 15
# corresponding to MSA columns:
# 219-233
name=unknown_E
#
# <colnr> <probs for GDERKNQSTAVLIFYWHMCP>
#	G	D	E	R	K	N	Q	S	T	A	V	L	I	F	Y	W	H	M	C	P
0	0.01913	0.01340	0.01698	0.01446	0.01842	0.01345	0.03775	0.15557	0.02165	0.07092	0.02642	0.16014	0.02458	0.02278	0.13943	0.00457	0.00984	0.01081	0.10402	0.11567
1	0.01201	0.00835	0.01057	0.01057	0.01109	0.00887	0.00692	0.01305	0.01253	0.01723	0.02479	0.04672	0.02688	0.48075	0.26503	0.00992	0.01305	0.01096	0.00483	0.00587
2	0.02836	0.02098	0.02258	0.01761	0.02360	0.02292	0.01444	0.53343	0.03628	0.04853	0.07173	0.02791	0.07057	0.01139	0.00854	0.00253	0.00836	0.00885	0.00832	0.01309
3	0.02097	0.20431	0.38581	0.02045	0.03034	0.02391	0.02370	0.14447	0.02161	0.02977	0.01507	0.01697	0.01127	0.00811	0.00734	0.00239	0.01082	0.00598	0.00446	0.01224
4	0.01972	0.41226	0.32250	0.01846	0.02789	0.02678	0.02161	0.02552	0.01718	0.02258	0.01306	0.01522	0.01060	0.00746	0.00648	0.00216	0.01041	0.00520	0.00353	0.01139
5	0.02037	0.27937	0.36751	0.02006	0.02954	0.10364	0.02309	0.02664	0.01803	0.02319	0.01347	0.01574	0.01059	0.00770	0.00694	0.00227	0.01141	0.00544	0.00362	0.01138
6	0.02207	0.01827	0.01805	0.01545	0.01982	0.07087	0.01211	0.24710	0.14846	0.03514	0.03696	0.04089	0.14997	0.08655	0.01230	0.00324	0.00792	0.03645	0.00752	0.01087
7	0.02539	0.02955	0.18080	0.01964	0.02664	0.14970	0.01855	0.28849	0.02881	0.03732	0.09400	0.02349	0.02036	0.01003	0.00823	0.00247	0.01043	0.00765	0.00643	0.01202
8	0.01797	0.01324	0.01562	0.01361	0.01681	0.01412	0.01058	0.20978	0.02438	0.03322	0.18365	0.04204	0.08516	0.09911	0.17679	0.00581	0.01056	0.01101	0.00717	0.00937
9	0.02797	0.01989	0.02192	0.01719	0.02290	0.02154	0.01404	0.47782	0.03522	0.07981	0.14496	0.02866	0.02710	0.01137	0.00861	0.00252	0.00801	0.00901	0.00858	0.01289
10	0.02241	0.01649	0.01888	0.01612	0.02023	0.01805	0.01273	0.35563	0.02829	0.03817	0.02677	0.19076	0.02550	0.02423	0.14010	0.00485	0.01066	0.01174	0.00740	0.01099
11	0.09517	0.09375	0.09512	0.01635	0.02282	0.02008	0.01477	0.20945	0.06775	0.18736	0.02228	0.02394	0.01651	0.06590	0.01043	0.00293	0.00846	0.00745	0.00720	0.01228
12	0.01865	0.01893	0.12947	0.01581	0.02035	0.01595	0.01421	0.19954	0.02145	0.02960	0.02126	0.03162	0.01934	0.19789	0.20189	0.00692	0.01306	0.00879	0.00558	0.00968
13	0.02423	0.02239	0.12265	0.01965	0.06735	0.02008	0.01669	0.34135	0.02864	0.04037	0.02026	0.02245	0.01522	0.01327	0.05697	0.00322	0.00974	0.00741	0.13589	0.01217
14	0.02353	0.21919	0.19080	0.02392	0.12649	0.02518	0.02059	0.21588	0.02437	0.03278	0.01568	0.01761	0.01212	0.00825	0.00737	0.00232	0.00997	0.00629	0.00513	0.01255

[dist]
# distance from previous block
# <min> <max>
25	42

[block]
# block no. 5 follows, 22 sequences, length 6
# corresponding to MSA columns:
# 279-284
name=unknown_F
#
# <colnr> <probs for GDERKNQSTAVLIFYWHMCP>
#	G	D	E	R	K	N	Q	S	T	A	V	L	I	F	Y	W	H	M	C	P
0	0.02057	0.02827	0.26315	0.02620	0.14814	0.02064	0.02238	0.10991	0.21231	0.03245	0.02151	0.02256	0.01605	0.00911	0.00818	0.00264	0.00966	0.00755	0.00577	0.01295
1	0.01923	0.02797	0.27572	0.02503	0.12833	0.01787	0.06091	0.08937	0.02011	0.02947	0.01564	0.01850	0.01196	0.00749	0.00763	0.00221	0.00996	0.00638	0.00456	0.22166
2	0.01585	0.01279	0.08146	0.01234	0.01551	0.01025	0.01060	0.04768	0.01844	0.07191	0.07358	0.19746	0.03200	0.02079	0.09285	0.00394	0.00782	0.01219	0.25385	0.00870
3	0.10115	0.01716	0.02215	0.01748	0.02266	0.01759	0.09751	0.20846	0.02320	0.03393	0.02138	0.11623	0.01987	0.06877	0.01172	0.00295	0.03708	0.00963	0.00624	0.14486
4	0.04901	0.08648	0.02299	0.02477	0.19971	0.08981	0.01530	0.02426	0.08449	0.02502	0.02264	0.11804	0.02130	0.01930	0.11282	0.00421	0.01073	0.00950	0.04938	0.01023
5	0.01657	0.01560	0.07344	0.02604	0.23563	0.01372	0.01621	0.02033	0.01690	0.06279	0.02912	0.03594	0.10679	0.09941	0.18860	0.00602	0.01218	0.00967	0.00514	0.00989

[dist]
# distance from previous block
# <min> <max>
6	82

[block]
# block no. 6 follows, 22 sequences, length 32
# corresponding to MSA columns:
# 367-398
name=unknown_G
#
# <colnr> <probs for GDERKNQSTAVLIFYWHMCP>
#	G	D	E	R	K	N	Q	S	T	A	V	L	I	F	Y	W	H	M	C	P
0	0.04791	0.02149	0.05636	0.03322	0.33126	0.09715	0.01958	0.02451	0.01849	0.02592	0.01799	0.02161	0.04378	0.00850	0.00900	0.00230	0.05643	0.00701	0.00444	0.15304
1	0.02368	0.02387	0.02124	0.02231	0.12983	0.23971	0.01471	0.14580	0.02400	0.02853	0.02845	0.03144	0.12249	0.05889	0.01048	0.00278	0.01008	0.00878	0.04264	0.01029
2	0.07058	0.01375	0.01977	0.18806	0.14704	0.01410	0.01550	0.02322	0.01916	0.14433	0.06856	0.03908	0.17887	0.01213	0.00854	0.00266	0.00767	0.01033	0.00640	0.01024
3	0.02437	0.18709	0.02743	0.01859	0.02319	0.32115	0.05869	0.05508	0.02073	0.02193	0.01799	0.09861	0.01758	0.06080	0.01008	0.00269	0.01153	0.00819	0.00475	0.00953
4	0.08487	0.05783	0.14830	0.07547	0.22663	0.13739	0.02157	0.10094	0.02132	0.02898	0.01495	0.01812	0.01174	0.00809	0.00766	0.00244	0.01090	0.00643	0.00458	0.01176
5	0.01338	0.01170	0.01639	0.01723	0.07811	0.01258	0.03766	0.01542	0.01589	0.02126	0.04147	0.20142	0.19213	0.13406	0.01868	0.00395	0.14017	0.01471	0.00596	0.00781
6	0.02461	0.02663	0.16329	0.03099	0.22965	0.11745	0.06629	0.02980	0.02014	0.15671	0.01850	0.02072	0.01363	0.00852	0.00891	0.00254	0.03681	0.00719	0.00527	0.01234
7	0.07558	0.01674	0.05102	0.11615	0.25213	0.01632	0.01770	0.02562	0.06032	0.10961	0.02070	0.02825	0.01750	0.14078	0.01447	0.00362	0.00894	0.00828	0.00540	0.01088
8	0.16374	0.27524	0.02785	0.01611	0.02125	0.24914	0.01359	0.02682	0.01895	0.02410	0.05598	0.01747	0.01503	0.00869	0.00720	0.00218	0.03683	0.00560	0.00449	0.00974
9	0.01875	0.06235	0.01846	0.01448	0.01790	0.01727	0.01176	0.09524	0.13003	0.06181	0.06777	0.04013	0.18576	0.01407	0.01196	0.00276	0.13593	0.01061	0.07292	0.01005
10	0.01487	0.01079	0.01224	0.01185	0.01332	0.01128	0.00799	0.08862	0.09054	0.02397	0.03163	0.22255	0.03441	0.35915	0.02572	0.00551	0.00713	0.01433	0.00655	0.00753
11	0.02789	0.02051	0.02230	0.01782	0.02340	0.02249	0.01440	0.52235	0.03507	0.04700	0.02439	0.13743	0.02115	0.01274	0.00871	0.00264	0.00840	0.01026	0.00821	0.01286
12	0.02792	0.02580	0.02324	0.02131	0.07074	0.21004	0.01569	0.22625	0.19581	0.06555	0.02196	0.02196	0.01643	0.00974	0.00811	0.00248	0.01008	0.00742	0.00697	0.01250
13	0.01094	0.00790	0.01052	0.01233	0.01332	0.00749	0.00908	0.01304	0.01692	0.02222	0.04775	0.50710	0.09092	0.02492	0.01078	0.00345	0.00551	0.17112	0.00770	0.00700
14	0.02958	0.03539	0.02335	0.05271	0.02676	0.54608	0.01613	0.09638	0.02448	0.02380	0.01408	0.01658	0.01150	0.01088	0.03465	0.00266	0.01446	0.00582	0.00470	0.01001
15	0.03107	0.03856	0.02363	0.02126	0.02569	0.63367	0.01603	0.07081	0.02452	0.02236	0.01329	0.01530	0.01092	0.00865	0.00754	0.00216	0.01461	0.00549	0.00454	0.00992
16	0.00982	0.00842	0.00842	0.00842	0.01122	0.00701	0.00631	0.01192	0.01894	0.02244	0.08416	0.07995	0.65285	0.02104	0.00982	0.00281	0.00421	0.01753	0.00771	0.00701
17	0.03103	0.03959	0.02354	0.02140	0.02568	0.67469	0.01605	0.03317	0.02354	0.02033	0.01284	0.01498	0.01070	0.00856	0.00749	0.00214	0.01498	0.00535	0.00428	0.00963
18	0.01044	0.00799	0.00968	0.01088	0.01242	0.00722	0.00794	0.01245	0.01747	0.02216	0.05999	0.38758	0.27905	0.02374	0.01042	0.00322	0.00496	0.09772	0.00770	0.00697
19	0.03103	0.03959	0.02354	0.02140	0.02568	0.67469	0.01605	0.03317	0.02354	0.02033	0.01284	0.01498	0.01070	0.00856	0.00749	0.00214	0.01498	0.00535	0.00428	0.00963
20	0.02032	0.02083	0.02974	0.02408	0.02646	0.06959	0.13287	0.06689	0.01671	0.02365	0.01282	0.01889	0.01145	0.01236	0.02120	0.00329	0.46720	0.00763	0.00413	0.00990
21	0.01012	0.00723	0.00964	0.01157	0.01205	0.00675	0.00771	0.01157	0.01591	0.02121	0.04579	0.70262	0.05495	0.02603	0.01060	0.00337	0.00482	0.02362	0.00771	0.00675
22	0.01067	0.00845	0.00959	0.00931	0.01174	0.00738	0.00698	0.01357	0.02094	0.02721	0.33308	0.07210	0.40095	0.01926	0.00981	0.00272	0.00408	0.01643	0.00834	0.00738
23	0.02386	0.58697	0.03979	0.01556	0.02214	0.15302	0.01456	0.02643	0.01813	0.01969	0.01179	0.01364	0.01067	0.00738	0.00573	0.00184	0.01003	0.00461	0.00369	0.01047
24	0.01864	0.01420	0.01583	0.01422	0.01798	0.01518	0.01097	0.11597	0.25388	0.06131	0.15613	0.12981	0.11060	0.01521	0.00913	0.00279	0.00596	0.01297	0.00846	0.01077
25	0.00982	0.00842	0.00842	0.00842	0.01122	0.00701	0.00631	0.01192	0.01894	0.02244	0.08416	0.07995	0.65285	0.02104	0.00982	0.00281	0.00421	0.01753	0.00771	0.00701
26	0.01158	0.00848	0.01086	0.01027	0.01230	0.00776	0.00770	0.01533	0.02310	0.03232	0.59993	0.06369	0.13092	0.01735	0.00980	0.00263	0.00395	0.01525	0.00901	0.00776
27	0.02619	0.14631	0.12383	0.02034	0.04800	0.28576	0.01761	0.08843	0.02219	0.07161	0.01586	0.01798	0.01252	0.01216	0.05360	0.00301	0.01271	0.00607	0.00489	0.01095
28	0.08544	0.01929	0.03287	0.03212	0.20957	0.01964	0.21633	0.02931	0.08894	0.10541	0.01947	0.02251	0.01474	0.00858	0.00984	0.00272	0.05751	0.00827	0.00543	0.01200
29	0.30876	0.23732	0.02728	0.01594	0.02189	0.13165	0.05501	0.07056	0.01875	0.02935	0.01275	0.01478	0.01042	0.00778	0.00614	0.00226	0.00932	0.00521	0.00467	0.01015
30	0.07415	0.15404	0.06272	0.06713	0.30818	0.15015	0.02052	0.02663	0.01892	0.02474	0.01396	0.01756	0.01168	0.00767	0.00731	0.00230	0.01063	0.00618	0.00406	0.01147
31	0.01880	0.19538	0.14353	0.02013	0.06738	0.06728	0.08175	0.02182	0.01686	0.02177	0.05783	0.02202	0.01662	0.01349	0.01373	0.19153	0.00980	0.00702	0.00411	0.00915

[dist]
# distance from previous block
# <min> <max>
12	24

[block]
# block no. 7 follows, 22 sequences, length 54
# corresponding to MSA columns:
# 423-476
name=unknown_H
#
# <colnr> <probs for GDERKNQSTAVLIFYWHMCP>
#	G	D	E	R	K	N	Q	S	T	A	V	L	I	F	Y	W	H	M	C	P
0	0.06551	0.15985	0.14854	0.01902	0.02508	0.19730	0.01773	0.03070	0.14250	0.02513	0.01691	0.01857	0.01350	0.00923	0.00913	0.00247	0.07682	0.00627	0.00481	0.01094
1	0.06659	0.07316	0.27426	0.02230	0.03078	0.15192	0.08760	0.14264	0.02284	0.03038	0.01528	0.01754	0.01139	0.00827	0.00779	0.00247	0.01187	0.00644	0.00475	0.01170
2	0.02083	0.02164	0.14675	0.01673	0.02287	0.01764	0.01589	0.27499	0.02764	0.03717	0.10200	0.04144	0.14522	0.01348	0.00893	0.00270	0.00813	0.05747	0.00728	0.01119
3	0.01001	0.00766	0.00920	0.01043	0.01175	0.00684	0.00721	0.01170	0.01700	0.02165	0.05967	0.47729	0.27131	0.02422	0.01032	0.00317	0.00460	0.02142	0.00771	0.00684
