[name]
unknown

[dist]
# distance from previous block
# <min> <max>
0	5

[block]
# block no. 0 follows, 23 sequences, length 8
# corresponding to MSA columns:
# 5-12
name=unknown_A
#
# <colnr> <probs for GDERKNQSTAVLIFYWHMCP>
#	G	D	E	R	K	N	Q	S	T	A	V	L	I	F	Y	W	H	M	C	P
0	0.07093	0.01479	0.02282	0.48330	0.04438	0.01872	0.02009	0.02050	0.01553	0.02188	0.01529	0.02466	0.01286	0.01004	0.01137	0.00290	0.13278	0.04434	0.00394	0.00888
1	0.01225	0.00971	0.01337	0.01715	0.13025	0.00932	0.00975	0.01399	0.01549	0.02056	0.03996	0.29470	0.13765	0.21706	0.01859	0.00434	0.00641	0.01601	0.00615	0.00730
2	0.01305	0.00810	0.01015	0.01015	0.01154	0.00873	0.00749	0.01584	0.01445	0.02295	0.02427	0.03466	0.02198	0.14597	0.30519	0.00770	0.01223	0.00874	0.30982	0.00700
3	0.01616	0.01417	0.02024	0.13243	0.18493	0.01488	0.01549	0.02414	0.14695	0.02790	0.16853	0.07517	0.05897	0.01183	0.00853	0.00256	0.00713	0.01053	0.00632	0.05316
4	0.01275	0.00810	0.01101	0.01101	0.01216	0.00885	0.00811	0.01450	0.01335	0.02015	0.02200	0.03290	0.02051	0.12136	0.36377	0.12638	0.01404	0.00856	0.16402	0.00646
5	0.01081	0.00849	0.00989	0.01076	0.01242	0.00803	0.00759	0.01458	0.07964	0.02245	0.05645	0.42475	0.25967	0.02231	0.00988	0.00305	0.00467	0.01964	0.00761	0.00730
6	0.01062	0.00781	0.00875	0.00916	0.01021	0.00724	0.00592	0.01164	0.01493	0.01896	0.04934	0.20413	0.25343	0.32485	0.02361	0.00510	0.00588	0.01609	0.00639	0.00595
7	0.01022	0.00806	0.00922	0.00932	0.01145	0.00706	0.00684	0.01272	0.01939	0.02499	0.25355	0.17379	0.38434	0.02011	0.00971	0.00277	0.00412	0.01732	0.00796	0.00706

[dist]
# distance from previous block
# <min> <max>
5	10

[block]
# block no. 1 follows, 23 sequences, length 13
# corresponding to MSA columns:
# 25-37
name=unknown_B
#
# <colnr> <probs for GDERKNQSTAVLIFYWHMCP>
#	G	D	E	R	K	N	Q	S	T	A	V	L	I	F	Y	W	H	M	C	P
0	0.01761	0.01419	0.01871	0.19059	0.08120	0.01556	0.01464	0.02778	0.22519	0.07727	0.07335	0.03818	0.14768	0.01208	0.00853	0.00268	0.00725	0.01031	0.00675	0.01046
1	0.07337	0.01272	0.01980	0.02113	0.14199	0.01271	0.08753	0.01845	0.01816	0.02647	0.19023	0.04049	0.11754	0.02307	0.15552	0.00485	0.01027	0.01084	0.00591	0.00895
2	0.11107	0.01285	0.01316	0.01141	0.01473	0.01412	0.00910	0.17340	0.02165	0.03565	0.02208	0.02486	0.01708	0.00953	0.00727	0.00219	0.04102	0.00709	0.44242	0.00933
3	0.02418	0.03469	0.19151	0.02866	0.18671	0.34775	0.02163	0.02882	0.02037	0.02301	0.01374	0.01663	0.01101	0.00791	0.00760	0.00229	0.01272	0.00592	0.00395	0.01093
4	0.07607	0.01710	0.07549	0.16159	0.18342	0.01608	0.01748	0.08417	0.02032	0.02902	0.12983	0.03329	0.10120	0.01090	0.00824	0.00256	0.00811	0.00934	0.00563	0.01019
5	0.04737	0.01158	0.01317	0.01184	0.01552	0.01122	0.00916	0.04641	0.12227	0.16061	0.10926	0.11888	0.25826	0.01606	0.00892	0.00271	0.00536	0.01351	0.00823	0.00964
6	0.02170	0.01687	0.02826	0.03546	0.38230	0.01622	0.08089	0.02611	0.01974	0.15007	0.06505	0.02913	0.07240	0.00944	0.00844	0.00250	0.00869	0.00894	0.00579	0.01201
7	0.06523	0.01648	0.02705	0.38927	0.30087	0.01855	0.02263	0.02263	0.01699	0.02408	0.01457	0.02047	0.01152	0.00772	0.00788	0.00257	0.01005	0.00704	0.00386	0.01056
8	0.31242	0.12832	0.08814	0.01683	0.07041	0.07523	0.01386	0.02588	0.07584	0.02901	0.01828	0.01970	0.04867	0.00852	0.00636	0.00234	0.00808	0.00604	0.00491	0.04116
9	0.17023	0.05391	0.07099	0.01720	0.02230	0.32950	0.01434	0.10195	0.02175	0.02835	0.01470	0.01669	0.01159	0.00838	0.00676	0.00222	0.01079	0.00559	0.08290	0.00987
10	0.10732	0.01440	0.01635	0.01761	0.08336	0.08587	0.01226	0.02027	0.05062	0.02272	0.01943	0.02642	0.01730	0.04031	0.41907	0.00889	0.01697	0.00767	0.00460	0.00856
11	0.02823	0.11179	0.02411	0.01772	0.02298	0.29237	0.01422	0.20568	0.02624	0.09009	0.02216	0.02246	0.06764	0.00978	0.00757	0.00224	0.01063	0.00701	0.00607	0.01100
12	0.23969	0.01836	0.05169	0.07603	0.02286	0.10391	0.06403	0.02259	0.05438	0.02691	0.02940	0.11133	0.12373	0.01217	0.00772	0.00264	0.00818	0.00993	0.00553	0.00889

[dist]
# distance from previous block
# <min> <max>
0	1

[block]
# block no. 2 follows, 23 sequences, length 7
# corresponding to MSA columns:
# 39-45
name=unknown_C
#
# <colnr> <probs for GDERKNQSTAVLIFYWHMCP>
#	G	D	E	R	K	N	Q	S	T	A	V	L	I	F	Y	W	H	M	C	P
0	0.02447	0.01536	0.02162	0.01703	0.02226	0.01492	0.10937	0.17310	0.02430	0.22216	0.03466	0.11547	0.10856	0.01275	0.00872	0.00263	0.00767	0.01120	0.04250	0.01124
1	0.02485	0.02868	0.01951	0.01764	0.02174	0.41482	0.01338	0.06940	0.10821	0.02423	0.02964	0.02970	0.14204	0.01124	0.00795	0.00233	0.01105	0.00827	0.00566	0.00965
2	0.01537	0.01355	0.02200	0.03108	0.34156	0.01370	0.01682	0.01880	0.01652	0.02327	0.02529	0.22708	0.02644	0.02328	0.14265	0.00478	0.01058	0.01222	0.00513	0.00988
3	0.01631	0.01189	0.01369	0.01297	0.01534	0.01227	0.00947	0.19716	0.02203	0.02925	0.03772	0.38121	0.08345	0.10156	0.01328	0.00354	0.00629	0.01663	0.00740	0.00855
4	0.02303	0.02013	0.01870	0.01602	0.01973	0.15116	0.01231	0.26423	0.02475	0.03122	0.01975	0.02770	0.01756	0.15985	0.15196	0.00560	0.01248	0.00806	0.00592	0.00982
5	0.39585	0.01731	0.01651	0.15421	0.02562	0.07849	0.01245	0.02332	0.01576	0.02963	0.01268	0.01580	0.01001	0.00743	0.00607	0.00225	0.00795	0.00514	0.00461	0.15891
6	0.02133	0.02418	0.01833	0.01707	0.01997	0.32022	0.01290	0.02569	0.09267	0.02188	0.02970	0.14492	0.10794	0.01394	0.01052	0.00263	0.09100	0.01059	0.00561	0.00891

[dist]
# distance from previous block
# <min> <max>
9	35

[block]
# block no. 3 follows, 23 sequences, length 7
# corresponding to MSA columns:
# 83-89
name=unknown_D
#
# <colnr> <probs for GDERKNQSTAVLIFYWHMCP>
#	G	D	E	R	K	N	Q	S	T	A	V	L	I	F	Y	W	H	M	C	P
0	0.18116	0.04595	0.01918	0.05040	0.04763	0.04383	0.01262	0.16735	0.02229	0.07065	0.09167	0.07002	0.02226	0.01062	0.00819	0.00243	0.03609	0.00820	0.00637	0.08311
1	0.11639	0.02509	0.02315	0.23079	0.09828	0.28734	0.01800	0.02619	0.01866	0.02285	0.01313	0.01736	0.01061	0.00842	0.00851	0.00245	0.05314	0.00605	0.00405	0.00953
2	0.02440	0.02800	0.03043	0.03540	0.31219	0.30676	0.09449	0.02828	0.02052	0.02356	0.01422	0.01794	0.01175	0.00767	0.00791	0.00231	0.01229	0.00664	0.00410	0.01113
3	0.01066	0.00762	0.00913	0.00986	0.01061	0.00717	0.00638	0.01183	0.01517	0.01995	0.08878	0.32668	0.13873	0.27522	0.02146	0.00482	0.00570	0.01744	0.00668	0.00610
4	0.01111	0.00777	0.00990	0.01054	0.01099	0.00790	0.00687	0.01218	0.01331	0.01805	0.03124	0.27000	0.03575	0.34799	0.16274	0.00739	0.00965	0.01496	0.00568	0.00596
5	0.01173	0.00813	0.01021	0.01021	0.01068	0.00860	0.00661	0.01267	0.01220	0.01674	0.02433	0.04623	0.02652	0.50310	0.24895	0.00954	0.01236	0.01079	0.00473	0.00567
6	0.00985	0.00719	0.00928	0.01095	0.01168	0.00662	0.00738	0.01134	0.01587	0.02085	0.04902	0.63720	0.12323	0.02486	0.01027	0.00323	0.00464	0.02239	0.00753	0.00662

[dist]
# distance from previous block
# <min> <max>
0	3

[block]
# block no. 4 follows, 23 sequences, length 18
# corresponding to MSA columns:
# 93-110
name=unknown_E
#
# <colnr> <probs for GDERKNQSTAVLIFYWHMCP>
#	G	D	E	R	K	N	Q	S	T	A	V	L	I	F	Y	W	H	M	C	P
0	0.01990	0.01874	0.02991	0.07094	0.52095	0.01939	0.02260	0.02806	0.13378	0.02762	0.01848	0.02201	0.01495	0.00796	0.00808	0.00248	0.00910	0.00758	0.00477	0.01269
1	0.03035	0.03743	0.02310	0.02073	0.02509	0.63105	0.01566	0.07953	0.02418	0.02230	0.01308	0.01501	0.01071	0.00847	0.00738	0.00212	0.01419	0.00539	0.00449	0.00975
2	0.01876	0.01788	0.02981	0.04455	0.58173	0.01771	0.02254	0.02323	0.01848	0.02593	0.02371	0.02741	0.09468	0.00891	0.00823	0.00245	0.00894	0.00848	0.00446	0.01210
3	0.00989	0.00706	0.00942	0.01130	0.01177	0.00659	0.00753	0.01130	0.01554	0.02071	0.04472	0.70954	0.05367	0.02542	0.01036	0.00330	0.00471	0.02307	0.00753	0.00659
4	0.02008	0.01928	0.03294	0.04981	0.66422	0.01928	0.02490	0.02490	0.01848	0.02651	0.01526	0.02008	0.01285	0.00723	0.00803	0.00241	0.00964	0.00723	0.00402	0.01285
5	0.01661	0.03736	0.55284	0.07840	0.10499	0.01883	0.02885	0.02522	0.01721	0.02540	0.01463	0.01780	0.01060	0.00769	0.00778	0.00256	0.01165	0.00622	0.00350	0.01185
6	0.00989	0.00801	0.00883	0.00942	0.01155	0.00695	0.00696	0.01190	0.01779	0.02178	0.07046	0.23277	0.47209	0.02186	0.00988	0.00294	0.00448	0.05806	0.00753	0.00683
7	0.01409	0.00705	0.01057	0.01057	0.01057	0.00705	0.00705	0.01057	0.01057	0.01409	0.01409	0.02467	0.01409	0.02819	0.03171	0.76392	0.00705	0.00705	0.00352	0.00352
8	0.02343	0.27083	0.18174	0.02086	0.06856	0.23607	0.01900	0.05038	0.01967	0.02258	0.01302	0.01521	0.01068	0.00770	0.00676	0.00211	0.01143	0.00531	0.00390	0.01075
9	0.02129	0.12231	0.03166	0.12855	0.38778	0.09301	0.02153	0.05438	0.01931	0.02510	0.01448	0.01865	0.01201	0.00755	0.00756	0.00232	0.01017	0.00660	0.00410	0.01165
10	0.01083	0.00776	0.00917	0.00962	0.01048	0.00730	0.00624	0.01210	0.01551	0.02045	0.12494	0.24562	0.15220	0.30522	0.02277	0.00497	0.00578	0.01632	0.00665	0.00609
11	0.02230	0.01837	0.02262	0.02465	0.17542	0.02019	0.01601	0.11359	0.39088	0.06534	0.02702	0.02634	0.02031	0.00990	0.00818	0.00262	0.00753	0.00842	0.00731	0.01301
12	0.05599	0.02119	0.02304	0.02527	0.17767	0.12012	0.01639	0.07277	0.27287	0.06095	0.02263	0.02324	0.01738	0.00957	0.00883	0.00257	0.04352	0.00762	0.00631	0.01206
13	0.15609	0.01788	0.02080	0.26706	0.08822	0.09876	0.01659	0.06491	0.01949	0.06873	0.08797	0.02375	0.01879	0.00915	0.00762	0.00252	0.00920	0.00737	0.00528	0.00983
14	0.17810	0.01329	0.01401	0.01333	0.01616	0.05797	0.01042	0.02137	0.09480	0.02538	0.05624	0.02810	0.02088	0.03705	0.36816	0.00815	0.01498	0.00793	0.00523	0.00845
15	0.17450	0.02005	0.01748	0.01476	0.01933	0.13177	0.01157	0.22949	0.02443	0.06271	0.02652	0.02948	0.10350	0.08689	0.01116	0.00302	0.00851	0.00824	0.00648	0.01012
16	0.01533	0.01487	0.01999	0.26602	0.07130	0.06029	0.01636	0.01883	0.01632	0.02088	0.02961	0.03413	0.15627	0.01794	0.08931	0.00399	0.12594	0.00943	0.00462	0.00857
17	0.01651	0.11225	0.02323	0.06059	0.16890	0.04609	0.01497	0.01946	0.01519	0.02047	0.01758	0.02676	0.01663	0.11481	0.23148	0.00654	0.06764	0.00778	0.00411	0.00902

[dist]
# distance from previous block
# <min> <max>
3	14

[block]
# block no. 5 follows, 23 sequences, length 6
# corresponding to MSA columns:
# 125-130
name=unknown_F
#
# <colnr> <probs for GDERKNQSTAVLIFYWHMCP>
#	G	D	E	R	K	N	Q	S	T	A	V	L	I	F	Y	W	H	M	C	P
0	0.02106	0.02604	0.16054	0.03117	0.28107	0.10689	0.02125	0.07956	0.02026	0.02762	0.01498	0.01813	0.01194	0.00749	0.00753	0.00219	0.01011	0.00630	0.00442	0.14146
1	0.02367	0.02718	0.15573	0.01842	0.02511	0.14039	0.01700	0.23134	0.10894	0.03392	0.02398	0.02433	0.06850	0.00992	0.00790	0.00239	0.00968	0.00758	0.00620	0.05781
2	0.01677	0.01635	0.01998	0.02569	0.25192	0.08304	0.01477	0.02205	0.08219	0.02535	0.08762	0.04428	0.25086	0.01318	0.00865	0.00254	0.00743	0.01131	0.00608	0.00996
3	0.22092	0.02912	0.29139	0.02617	0.18359	0.06691	0.02201	0.02549	0.01700	0.02834	0.01371	0.01662	0.01052	0.00759	0.00704	0.00248	0.01007	0.00581	0.00405	0.01116
4	0.12534	0.02030	0.08214	0.03382	0.36054	0.01931	0.02012	0.02929	0.17259	0.02965	0.01901	0.02136	0.01498	0.00824	0.00764	0.00252	0.00858	0.00720	0.00515	0.01220
5	0.02334	0.14034	0.07085	0.02061	0.02560	0.30199	0.11403	0.02595	0.01869	0.02027	0.01322	0.01725	0.01125	0.01091	0.01173	0.10917	0.04561	0.00617	0.00388	0.00913

[dist]
# distance from previous block
# <min> <max>
2	4

[block]
# block no. 6 follows, 23 sequences, length 10
# corresponding to MSA columns:
# 135-144
name=unknown_G
#
# <colnr> <probs for GDERKNQSTAVLIFYWHMCP>
#	G	D	E	R	K	N	Q	S	T	A	V	L	I	F	Y	W	H	M	C	P
0	0.02752	0.02505	0.02170	0.01821	0.02312	0.21560	0.01431	0.36477	0.03028	0.03734	0.02125	0.12229	0.01884	0.01170	0.00822	0.00246	0.00997	0.00907	0.00687	0.01142
1	0.01340	0.00978	0.01110	0.01091	0.01255	0.00968	0.00752	0.09998	0.01815	0.02366	0.04280	0.26927	0.16676	0.24401	0.01984	0.00453	0.00620	0.01598	0.00677	0.00712
2	0.02030	0.02256	0.09351	0.04560	0.56749	0.05721	0.02486	0.02541	0.01861	0.02605	0.01504	0.01949	0.01247	0.00734	0.00796	0.00241	0.01015	0.00700	0.00397	0.01257
3	0.02579	0.02771	0.02765	0.03357	0.31211	0.29167	0.01978	0.11450	0.02311	0.02727	0.01474	0.01777	0.01200	0.00805	0.00775	0.00228	0.01158	0.00642	0.00466	0.01158
4	0.02079	0.01355	0.01739	0.01654	0.07932	0.01294	0.01169	0.06711	0.10543	0.16784	0.24846	0.03681	0.03835	0.01162	0.00835	0.00236	0.00603	0.00997	0.00797	0.11750
5	0.01351	0.00899	0.01017	0.00990	0.01121	0.00878	0.00644	0.01597	0.06289	0.06218	0.03861	0.11076	0.14651	0.42733	0.02808	0.00578	0.00673	0.01330	0.00622	0.00661
6	0.02368	0.02648	0.03027	0.05579	0.07903	0.25423	0.17648	0.07066	0.06266	0.02505	0.01542	0.01902	0.01234	0.00892	0.01068	0.00257	0.10436	0.00725	0.00458	0.01051
7	0.02734	0.03122	0.02505	0.08031	0.14184	0.42649	0.01785	0.10701	0.02357	0.02510	0.01406	0.01679	0.01134	0.00831	0.00761	0.00224	0.01271	0.00601	0.00461	0.01055
8	0.01420	0.11083	0.01463	0.01052	0.01224	0.06266	0.00732	0.01509	0.01447	0.01767	0.03168	0.08167	0.11741	0.42562	0.02746	0.00559	0.00780	0.01159	0.00517	0.00640
9	0.02409	0.02116	0.02054	0.06459	0.02481	0.12047	0.01435	0.14338	0.37133	0.06735	0.02622	0.02529	0.01948	0.01014	0.00808	0.00258	0.00843	0.00806	0.00739	0.01228

[dist]
# distance from previous block
# <min> <max>
8	13

[block]
# block no. 7 follows, 23 sequences, length 96
# corresponding to MSA columns:
# 159-254
name=unknown_H
#
# <colnr> <probs for GDERKNQSTAVLIFYWHMCP>
#	G	D	E	R	K	N	Q	S	T	A	V	L	I	F	Y	W	H	M	C	P
0	0.02409	0.02982	0.06809	0.18062	0.14903	0.36582	0.01987	0.02792	0.02024	0.02165	0.01360	0.01739	0.01096	0.00806	0.00765	0.00232	0.01268	0.00610	0.00397	0.01011
1	0.01794	0.00972	0.01291	0.01130	0.01435	0.00876	0.00876	0.02159	0.02303	0.19760	0.49730	0.05207	0.06194	0.01489	0.00921	0.00254	0.00462	0.01299	0.00922	0.00925
2	0.01041	0.00825	0.00936	0.00908	0.01146	0.00720	0.00681	0.01324	0.02044	0.02653	0.33300	0.07050	0.40725	0.01883	0.00958	0.00266	0.00399	0.01606	0.00814	0.00720
3	0.01014	0.00814	0.00905	0.00904	0.01135	0.00705	0.00670	0.01263	0.01946	0.02474	0.23825	0.12976	0.44536	0.01989	0.00965	0.00274	0.00409	0.01698	0.00792	0.00705
4	0.02314	0.02604	0.02502	0.21261	0.16626	0.30176	0.01924	0.02858	0.07624	0.02274	0.01546	0.01910	0.01233	0.00829	0.00777	0.00239	0.01181	0.00654	0.00435	0.01032
5	0.06837	0.03749	0.02243	0.02038	0.02460	0.64819	0.01532	0.03196	0.02252	0.02071	0.01248	0.01456	0.01037	0.00832	0.00720	0.00211	0.01420	0.00518	0.00422	0.00938
6	0.03085	0.02273	0.02435	0.01867	0.02516	0.02516	0.01542	0.63716	0.03815	0.05114	0.01948	0.01948	0.01380	0.00974	0.00812	0.00244	0.00893	0.00731	0.00812	0.01380
7	0.02080	0.01774	0.01870	0.01664	0.02134	0.02047	0.01299	0.07763	0.61404	0.03494	0.03224	0.02965	0.02413	0.01093	0.00825	0.00273	0.00657	0.00907	0.00825	0.01290
8	0.01093	0.00813	0.01017	0.00997	0.01186	0.00737	0.00736	0.01412	0.02120	0.02907	0.47476	0.14453	0.18371	0.01843	0.00967	0.00268	0.00399	0.01618	0.00850	0.00737
9	0.00959	0.00822	0.00822	0.00822	0.01096	0.00685	0.00617	0.01165	0.01850	0.02192	0.08220	0.07809	0.66092	0.02055	0.00959	0.00274	0.00411	0.01713	0.00754	0.00685
10	0.02773	0.13499	0.02599	0.05114	0.02565	0.35719	0.01548	0.16944	0.06821	0.02789	0.01543	0.01690	0.01221	0.00863	0.00728	0.00219	0.01169	0.00593	0.00523	0.01078
11	0.02022	0.02317	0.19309	0.01962	0.02811	0.01537	0.13306	0.04685	0.01894	0.11279	0.01735	0.01939	0.01276	0.00727	0.00748	0.00206	0.00922	0.00655	0.00513	0.30155
12	0.02210	0.07139	0.15767	0.04525	0.06273	0.11879	0.01763	0.07244	0.16428	0.08501	0.02374	0.02449	0.04634	0.01186	0.03837	0.00295	0.01012	0.00755	0.00584	0.01146
13	0.09118	0.01087	0.03525	0.01227	0.04474	0.00939	0.00901	0.01608	0.01790	0.06709	0.09699	0.20598	0.31724	0.01824	0.00905	0.00279	0.00519	0.01552	0.00722	0.00798
14	0.01038	0.00727	0.00927	0.01066	0.01101	0.00692	0.00685	0.01143	0.01457	0.01942	0.03976	0.53952	0.04741	0.20398	0.01837	0.00448	0.00553	0.02015	0.00685	0.00616
15	0.03124	0.05874	0.02334	0.04826	0.02498	0.15798	0.01467	0.27200	0.02840	0.22788	0.02116	0.02069	0.01469	0.00933	0.00781	0.00236	0.00958	0.00697	0.00743	0.01250
16	0.02363	0.07768	0.16004	0.02414	0.12183	0.29598	0.01919	0.06937	0.02170	0.02531	0.07168	0.02031	0.01692	0.00879	0.00762	0.00228	0.01158	0.00662	0.00465	0.01067
17	0.00989	0.00706	0.00942	0.01130	0.01177	0.00659	0.00753	0.01130	0.01554	0.02071	0.04472	0.70954	0.05367	0.02542	0.01036	0.00330	0.00471	0.02307	0.00753	0.00659
18	0.01055	0.00754	0.01018	0.01206	0.01282	0.00716	0.00869	0.01245	0.01619	0.02146	0.04436	0.58090	0.05222	0.02480	0.01053	0.00339	0.00528	0.14515	0.00752	0.00677
19	0.01977	0.01817	0.02887	0.04132	0.51614	0.01823	0.02152	0.08333	0.02041	0.02833	0.02442	0.02760	0.09755	0.00922	0.00824	0.00246	0.00885	0.00853	0.00488	0.01216
20	0.01708	0.08888	0.03088	0.41140	0.08746	0.01958	0.14841	0.02238	0.01705	0.02250	0.01515	0.02111	0.01170	0.00773	0.00799	0.00255	0.01077	0.00742	0.04019	0.00974
21	0.02686	0.03787	0.20200	0.02107	0.02755	0.45314	0.01937	0.03104	0.02139	0.06614	0.01444	0.01621	0.01107	0.00830	0.00748	0.00225	0.01337	0.00564	0.00438	0.01042
22	0.02770	0.03373	0.02553	0.02828	0.18813	0.51313	0.01803	0.03049	0.02184	0.02156	0.01324	0.01602	0.01106	0.00807	0.00750	0.00217	0.01336	0.00574	0.00414	0.01029
23	0.00981	0.00766	0.00891	0.00980	0.01140	0.00676	0.00689	0.01163	0.01725	0.02179	0.08862	0.38412	0.34099	0.02275	0.00996	0.00300	0.00439	0.01991	0.00759	0.00676
24	0.01648	0.07945	0.05178	0.05066	0.14051	0.05991	0.04397	0.02121	0.05951	0.02410	0.08875	0.14999	0.10519	0.01370	0.00982	0.00267	0.05539	0.01166	0.00568	0.00954
25	0.01948	0.01682	0.01768	0.01596	0.02043	0.01930	0.01240	0.04104	0.60781	0.03315	0.03628	0.03344	0.06685	0.01164	0.00834	0.00275	0.00627	0.00970	0.00821	0.01245
26	0.00972	0.00823	0.00840	0.00836	0.01104	0.00691	0.00627	0.01190	0.01880	0.02265	0.12190	0.07689	0.62076	0.02028	0.00959	0.00273	0.00409	0.01696	0.00763	0.00691
27	0.01736	0.01632	0.02766	0.50063	0.13843	0.01890	0.07717	0.06237	0.01825	0.02402	0.01505	0.02130	0.01143	0.00798	0.00823	0.00265	0.01078	0.00743	0.00401	0.01004
28	0.01405	0.01231	0.01794	0.04857	0.01898	0.01595	0.01354	0.01665	0.01297	0.01918	0.01729	0.02617	0.01628	0.04111	0.40821	0.00904	0.27178	0.00803	0.00402	0.00793
29	0.01977	0.01896	0.03237	0.09250	0.62398	0.01920	0.02475	0.02463	0.01833	0.02613	0.01521	0.02019	0.01272	0.00729	0.00804	0.00243	0.00972	0.00723	0.00399	0.01260
30	0.02169	0.71972	0.04252	0.01388	0.02083	0.03211	0.01388	0.02430	0.01649	0.01909	0.01128	0.01302	0.01041	0.00694	0.00521	0.00174	0.00868	0.00434	0.00347	0.01041
31	0.00972	0.00823	0.00840	0.00836	0.01104	0.00691	0.00627	0.01190	0.01880	0.02265	0.12190	0.07689	0.62076	0.02028	0.00959	0.00273	0.00409	0.01696	0.00763	0.00691
32	0.02761	0.10351	0.11207	0.02054	0.02603	0.53172	0.01743	0.03073	0.02159	0.02057	0.01269	0.01482	0.01043	0.00814	0.00717	0.00212	0.01372	0.00525	0.00401	0.00985
33	0.05879	0.01720	0.02427	0.20202	0.08482	0.01922	0.08279	0.06062	0.26396	0.06684	0.02303	0.02470	0.01713	0.00919	0.00816	0.00267	0.00877	0.00814	0.00616	0.01151
34	0.01011	0.00824	0.00894	0.00877	0.01128	0.00707	0.00658	0.01266	0.01973	0.02485	0.24161	0.07327	0.49969	0.01946	0.00958	0.00269	0.00403	0.01645	0.00792	0.00707
35	0.01041	0.00825	0.00936	0.00908	0.01146	0.00720	0.00681	0.01324	0.02044	0.02653	0.33300	0.07050	0.40725	0.01883	0.00958	0.00266	0.00399	0.01606	0.00814	0.00720
36	0.02149	0.02194	0.03157	0.04583	0.57640	0.11038	0.02364	0.02593	0.01910	0.02560	0.01489	0.01933	0.01252	0.00739	0.00793	0.00237	0.01033	0.00695	0.00404	0.01238
37	0.00959	0.00822	0.00822	0.00822	0.01096	0.00685	0.00617	0.01165	0.01850	0.02192	0.08220	0.07809	0.66092	0.02055	0.00959	0.00274	0.00411	0.01713	0.00754	0.00685
38	0.01028	0.00825	0.00918	0.00895	0.01138	0.00714	0.00671	0.01299	0.02013	0.02580	0.29329	0.07170	0.44741	0.01910	0.00958	0.00267	0.00401	0.01623	0.00805	0.00714
39	0.02987	0.08108	0.02471	0.01981	0.02481	0.45627	0.01548	0.19871	0.02673	0.02844	0.01437	0.01586	0.01137	0.00864	0.00739	0.00216	0.01265	0.00574	0.00522	0.01069
40	0.02235	0.34539	0.22125	0.01840	0.02610	0.19692	0.01904	0.02681	0.01836	0.02122	0.01256	0.01464	0.01038	0.00753	0.00648	0.00207	0.01119	0.00505	0.00364	0.01061
41	0.01166	0.00841	0.01160	0.01160	0.01255	0.00936	0.00834	0.01356	0.01261	0.01777	0.02306	0.03919	0.02346	0.28624	0.46163	0.01126	0.01696	0.00976	0.00454	0.00644
42	0.01159	0.00869	0.01304	0.01304	0.01449	0.01014	0.01014	0.01449	0.01304	0.01884	0.02173	0.03188	0.02029	0.06086	0.68268	0.01304	0.02173	0.00869	0.00435	0.00724
43	0.02377	0.01648	0.01703	0.01480	0.01944	0.07436	0.01172	0.06195	0.24403	0.20685	0.03998	0.03941	0.14241	0.01276	0.00852	0.00265	0.00702	0.03714	0.00821	0.01148
44	0.05276	0.08286	0.03205	0.03326	0.29975	0.02201	0.10561	0.17117	0.06461	0.03249	0.01708	0.01996	0.01341	0.00801	0.00791	0.00243	0.00960	0.00733	0.00527	0.01243
45	0.02666	0.02610	0.02328	0.02227	0.09485	0.23542	0.01587	0.21704	0.19264	0.03376	0.02035	0.02083	0.01551	0.00935	0.00789	0.00240	0.01019	0.00712	0.00643	0.01202
46	0.06466	0.03646	0.02305	0.02210	0.06178	0.61246	0.01589	0.03156	0.02230	0.02102	0.01264	0.01488	0.01051	0.00826	0.00725	0.00213	0.01395	0.00530	0.00421	0.00958
47	0.01351	0.01147	0.01655	0.01545	0.01640	0.01461	0.01231	0.01595	0.01281	0.01894	0.01844	0.02827	0.01763	0.06992	0.45656	0.00992	0.23118	0.00831	0.00412	0.00767
48	0.00993	0.00738	0.00910	0.01044	0.01141	0.00673	0.00706	0.01141	0.01601	0.02071	0.05236	0.52395	0.19406	0.06434	0.01198	0.00343	0.00475	0.02103	0.00738	0.00655
49	0.01180	0.00787	0.00885	0.00885	0.00885	0.00787	0.00492	0.01180	0.01180	0.01573	0.02557	0.05310	0.02950	0.71483	0.04130	0.00787	0.00787	0.01180	0.00492	0.00492
50	0.03085	0.02273	0.02435	0.01867	0.02516	0.02516	0.01542	0.63716	0.03815	0.05114	0.01948	0.01948	0.01380	0.00974	0.00812	0.00244	0.00893	0.00731	0.00812	0.01380
51	0.02136	0.02607	0.09257	0.21310	0.16725	0.22301	0.02101	0.02643	0.04177	0.02258	0.01446	0.01874	0.01157	0.00849	0.00909	0.00250	0.05907	0.00654	0.00402	0.01037
52	0.01139	0.00829	0.01072	0.01011	0.01207	0.00762	0.00758	0.01514	0.02275	0.03203	0.63208	0.06145	0.10474	0.01678	0.00957	0.00256	0.00384	0.01479	0.00886	0.00762
53	0.01323	0.00971	0.01230	0.04337	0.01574	0.00985	0.00938	0.10408	0.01890	0.02520	0.03963	0.57656	0.04584	0.02232	0.00992	0.00314	0.00561	0.02002	0.00744	0.00776
54	0.01800	0.01666	0.02694	0.22081	0.36203	0.01792	0.02176	0.02463	0.07933	0.02539	0.01983	0.02942	0.01720	0.00952	0.00843	0.00267	0.00941	0.07414	0.00470	0.01120
55	0.01457	0.01308	0.01876	0.01704	0.01779	0.01726	0.01383	0.01693	0.01274	0.01917	0.01637	0.02504	0.01562	0.03827	0.36511	0.00845	0.35005	0.00792	0.00396	0.00803
56	0.01627	0.04197	0.67279	0.02313	0.03512	0.01884	0.02998	0.02570	0.01713	0.02570	0.01456	0.01713	0.01028	0.00771	0.00771	0.00257	0.01199	0.00600	0.00343	0.01199
57	0.01081	0.00827	0.00991	0.00950	0.01171	0.00737	0.00712	0.01400	0.02137	0.02874	0.45330	0.06686	0.28557	0.01801	0.00958	0.00262	0.00393	0.01555	0.00843	0.00737
58	0.01658	0.01420	0.02155	0.02842	0.30460	0.01403	0.01584	0.06219	0.02182	0.03070	0.30448	0.04036	0.06715	0.01209	0.00878	0.00249	0.00679	0.01094	0.00662	0.01037
59	0.02224	0.02509	0.05969	0.06916	0.41588	0.19111	0.02236	0.02648	0.01924	0.02421	0.01430	0.01851	0.01193	0.00786	0.00858	0.00239	0.03873	0.00665	0.00399	0.01159
60	0.01833	0.23688	0.30880	0.02445	0.13539	0.02219	0.04707	0.02447	0.01763	0.02433	0.05647	0.01947	0.01522	0.00795	0.00722	0.00230	0.01014	0.00643	0.00393	0.01134
61	0.50325	0.02302	0.08493	0.01650	0.06240	0.14333	0.01338	0.02572	0.01620	0.03151	0.01214	0.01433	0.00953	0.00769	0.00594	0.00243	0.00867	0.00491	0.00463	0.00951
62	0.05961	0.25081	0.06138	0.02431	0.15679	0.27458	0.01738	0.02754	0.01927	0.02205	0.01274	0.01530	0.01085	0.00760	0.00670	0.00209	0.01118	0.00536	0.00392	0.01054
63	0.05531	0.13735	0.03725	0.06793	0.32653	0.02167	0.18933	0.02485	0.01800	0.02532	0.01468	0.01914	0.01201	0.00713	0.00784	0.00240	0.01048	0.00725	0.00398	0.01155
64	0.02267	0.18341	0.03297	0.03533	0.37854	0.16616	0.02038	0.02639	0.01900	0.02337	0.01376	0.01729	0.01177	0.00741	0.00723	0.00219	0.01050	0.00613	0.00393	0.01155
65	0.01479	0.01234	0.01344	0.01265	0.01599	0.01299	0.00981	0.02641	0.29546	0.02922	0.16035	0.05496	0.23847	0.01580	0.00911	0.00278	0.00529	0.05240	0.00809	0.00966
66	0.00989	0.00706	0.00942	0.01130	0.01177	0.00659	0.00753	0.01130	0.01554	0.02071	0.04472	0.70954	0.05367	0.02542	0.01036	0.00330	0.00471	0.02307	0.00753	0.00659
67	0.01119	0.00893	0.01012	0.00986	0.01229	0.00824	0.00737	0.01559	0.07229	0.02677	0.28970	0.11104	0.34981	0.01862	0.00952	0.00271	0.00424	0.01597	0.00811	0.00763
68	0.00966	0.00822	0.00832	0.00829	0.01100	0.00688	0.00622	0.01178	0.01866	0.02232	0.10392	0.07743	0.63895	0.02040	0.00959	0.00273	0.00410	0.01703	0.00759	0.00688
69	0.01214	0.00950	0.01410	0.01378	0.01510	0.01146	0.01082	0.01494	0.01299	0.01890	0.02074	0.03061	0.01942	0.05668	0.62398	0.01219	0.08241	0.00855	0.00428	0.00739
70	0.01269	0.00856	0.01123	0.01041	0.01254	0.00786	0.00786	0.01648	0.02298	0.06327	0.62966	0.05902	0.07384	0.01627	0.00950	0.00255	0.00398	0.01436	0.00899	0.00795
71	0.02365	0.03279	0.20516	0.02932	0.20481	0.25687	0.02216	0.08258	0.02148	0.02611	0.01447	0.01726	0.01137	0.00799	0.00769	0.00234	0.01201	0.00618	0.00428	0.01147
72	0.01627	0.04197	0.67279	0.02313	0.03512	0.01884	0.02998	0.02570	0.01713	0.02570	0.01456	0.01713	0.01028	0.00771	0.00771	0.00257	0.01199	0.00600	0.00343	0.01199
73	0.01113	0.00725	0.00905	0.01036	0.01115	0.00690	0.00702	0.01305	0.01592	0.02288	0.06244	0.51074	0.04642	0.05714	0.01094	0.00321	0.00464	0.01896	0.16404	0.00675
74	0.00977	0.00823	0.00847	0.00841	0.01107	0.00693	0.00631	0.01200	0.01892	0.02294	0.13756	0.07642	0.60493	0.02017	0.00959	0.00272	0.00408	0.01689	0.00767	0.00693
75	0.01014	0.00737	0.00956	0.01085	0.01176	0.00680	0.00744	0.01202	0.01707	0.02286	0.15448	0.54463	0.10805	0.02349	0.01016	0.00312	0.00451	0.02112	0.00778	0.00680
76	0.19166	0.26161	0.03117	0.01945	0.05965	0.02503	0.08613	0.02323	0.01528	0.02438	0.01195	0.01568	0.01046	0.00890	0.01120	0.00252	0.18207	0.00582	0.00395	0.00986
77	0.01850	0.02076	0.10905	0.13287	0.41329	0.01791	0.02315	0.02381	0.01777	0.02558	0.01494	0.01950	0.01213	0.00725	0.00773	0.00231	0.00961	0.00675	0.00399	0.11310
78	0.28077	0.09485	0.01812	0.01401	0.01847	0.24557	0.01114	0.02430	0.01822	0.02591	0.02648	0.02717	0.14527	0.01047	0.00678	0.00233	0.00895	0.00732	0.00510	0.00877
79	0.01922	0.01177	0.01296	0.01167	0.01471	0.01223	0.00907	0.17894	0.02259	0.06384	0.02866	0.14755	0.02555	0.01278	0.00743	0.00237	0.00555	0.03085	0.37296	0.00930
80	0.01051	0.00826	0.00949	0.00918	0.01152	0.00724	0.00689	0.01342	0.02066	0.02706	0.36186	0.06963	0.37806	0.01863	0.00958	0.00265	0.00397	0.01594	0.00821	0.00724
81	0.02053	0.02133	0.03638	0.04351	0.44873	0.06518	0.19253	0.02572	0.01897	0.02591	0.01539	0.02021	0.01254	0.00720	0.00841	0.00248	0.01110	0.00774	0.00405	0.01209
82	0.01001	0.00824	0.00881	0.00867	0.01122	0.00703	0.00650	0.01247	0.01950	0.02430	0.21170	0.07417	0.52994	0.01966	0.00959	0.00270	0.00405	0.01658	0.00785	0.00703
83	0.02362	0.02578	0.02391	0.20681	0.03281	0.28616	0.01797	0.09644	0.02068	0.02365	0.01347	0.01777	0.01098	0.00967	0.01165	0.00260	0.15557	0.00640	0.00435	0.00970
84	0.01521	0.01121	0.01329	0.01184	0.01469	0.01114	0.00911	0.14409	0.02516	0.03450	0.42462	0.09845	0.12234	0.01618	0.00932	0.00260	0.00498	0.01397	0.00852	0.00878
85	0.01211	0.00812	0.01082	0.01109	0.01230	0.00880	0.00814	0.01460	0.01406	0.02106	0.02649	0.13039	0.02636	0.13293	0.36041	0.00864	0.01372	0.01091	0.16213	0.00691
86	0.01807	0.16445	0.06936	0.31997	0.18854	0.02146	0.06222	0.02308	0.01705	0.02238	0.01410	0.01923	0.01128	0.00756	0.00756	0.00243	0.01035	0.00670	0.00370	0.01050
87	0.01598	0.01942	0.14308	0.11807	0.15997	0.01509	0.01809	0.02274	0.07465	0.02629	0.09682	0.03209	0.10232	0.01035	0.00810	0.00241	0.00812	0.00893	0.00533	0.11218
88	0.16865	0.06842	0.18428	0.01570	0.02286	0.01717	0.01574	0.06948	0.05622	0.14894	0.07304	0.02261	0.01866	0.00899	0.00717	0.00237	0.00796	0.00688	0.00615	0.07872
89	0.15374	0.02030	0.09292	0.10027	0.35305	0.01902	0.02100	0.02637	0.08591	0.02843	0.01633	0.01980	0.01295	0.00783	0.00749	0.00251	0.00905	0.00680	0.00456	0.01166
90	0.01879	0.01950	0.07193	0.12159	0.45696	0.01790	0.02279	0.02381	0.01788	0.02574	0.01499	0.01962	0.01232	0.00720	0.00773	0.00229	0.00943	0.00680	0.00404	0.11870
91	0.08653	0.02125	0.13635	0.13360	0.15548	0.01839	0.04049	0.02926	0.17311	0.05834	0.01981	0.02196	0.01493	0.00847	0.00773	0.00253	0.00897	0.00724	0.00531	0.05025
92	0.26873	0.16559	0.08055	0.01470	0.02097	0.07655	0.01343	0.05373	0.05094	0.15941	0.01734	0.01768	0.01271	0.00827	0.00642	0.00233	0.00823	0.00572	0.00580	0.01089
93	0.05123	0.14829	0.28804	0.06650	0.05920	0.04427	0.02084	0.02776	0.10536	0.05337	0.04739	0.02092	0.01594	0.00857	0.00738	0.00243	0.00971	0.00670	0.00478	0.01132
94	0.05816	0.02006	0.08033	0.05124	0.06659	0.01959	0.01567	0.22189	0.19840	0.06727	0.09370	0.02704	0.02333	0.01033	0.00813	0.00257	0.00787	0.00841	0.00727	0.01216
95	0.06579	0.02332	0.05328	0.02539	0.17138	0.18620	0.05732	0.02790	0.08180	0.05595	0.02110	0.02489	0.04517	0.00914	0.00777	0.00234	0.00989	0.03137	0.00519	0.09481

[dist]
# distance from previous block
# <min> <max>
14	157

[block]
# block no. 8 follows, 23 sequences, length 15
# corresponding to MSA columns:
# 412-426
name=unknown_I
#
# <colnr> <probs for GDERKNQSTAVLIFYWHMCP>
#	G	D	E	R	K	N	Q	S	T	A	V	L	I	F	Y	W	H	M	C	P
0	0.01923	0.02745	0.21399	0.01894	0.02606	0.14602	0.05230	0.02663	0.09228	0.02492	0.01723	0.02007	0.01366	0.01388	0.08456	0.00340	0.01174	0.00647	0.00459	0.17658
1	0.11498	0.02093	0.02008	0.09353	0.02560	0.17096	0.04083	0.02653	0.09024	0.02634	0.01581	0.01817	0.01258	0.00760	0.00685	0.00199	0.00900	0.00584	0.00491	0.28724
2	0.04939	0.11019	0.08495	0.02711	0.18368	0.09445	0.12467	0.02396	0.01893	0.02559	0.09665	0.04908	0.02130	0.00911	0.00789	0.00235	0.00976	0.00823	0.00476	0.04793
3	0.17351	0.02779	0.24534	0.10339	0.17945	0.08850	0.02209	0.02527	0.01728	0.02690	0.01383	0.01726	0.01065	0.00768	0.00724	0.00249	0.01041	0.00601	0.00399	0.01092
4	0.01975	0.12876	0.31206	0.03005	0.23139	0.09256	0.02458	0.02598	0.01810	0.02440	0.01411	0.01722	0.01113	0.00752	0.00742	0.00235	0.01107	0.00607	0.00370	0.01177
5	0.01020	0.00802	0.00921	0.00939	0.01145	0.00703	0.00686	0.01264	0.01923	0.02478	0.24294	0.19374	0.37499	0.02033	0.00973	0.00279	0.00414	0.01755	0.00794	0.00703
6	0.00979	0.00742	0.00905	0.01034	0.01152	0.00667	0.00711	0.01141	0.01645	0.02109	0.05633	0.51394	0.24177	0.02391	0.01012	0.00312	0.00452	0.02123	0.00753	0.00667
7	0.01122	0.00762	0.00902	0.00959	0.00974	0.00748	0.00571	0.01165	0.01293	0.01724	0.03138	0.25222	0.03683	0.50571	0.03191	0.00648	0.00691	0.01522	0.00571	0.00542
8	0.01978	0.04023	0.51217	0.02245	0.03264	0.14463	0.02643	0.06259	0.01946	0.02608	0.01447	0.01680	0.01052	0.00795	0.00766	0.00247	0.01231	0.00593	0.00384	0.01161
9	0.01587	0.01498	0.02532	0.62156	0.12541	0.01817	0.02281	0.02121	0.01648	0.02139	0.01452	0.02146	0.01105	0.00801	0.00810	0.00267	0.01068	0.00721	0.00365	0.00945
10	0.01818	0.02826	0.29506	0.08427	0.36310	0.01901	0.02682	0.02494	0.01777	0.02577	0.01492	0.01898	0.01165	0.00749	0.00791	0.00250	0.01069	0.00672	0.00375	0.01223
11	0.19465	0.15245	0.02471	0.01636	0.02223	0.13219	0.01370	0.28825	0.02624	0.03682	0.01501	0.01609	0.01151	0.00851	0.00676	0.00227	0.00922	0.00577	0.00593	0.01134
12	0.01555	0.01172	0.01342	0.01220	0.01517	0.01182	0.00931	0.15408	0.05485	0.03237	0.25204	0.17340	0.17758	0.01724	0.00933	0.00271	0.00532	0.01482	0.00817	0.00892
13	0.01515	0.00883	0.01116	0.01099	0.01335	0.00784	0.00807	0.01743	0.01889	0.14734	0.14787	0.32495	0.19697	0.01991	0.00963	0.00289	0.00485	0.01746	0.00823	0.00820
14	0.06185	0.02462	0.01960	0.01726	0.02128	0.28536	0.01343	0.17955	0.02362	0.02881	0.01716	0.02079	0.01414	0.02170	0.17435	0.00490	0.01402	0.00668	0.04102	0.00986

[dist]
# distance from previous block
# <min> <max>
1	6

[block]
# block no. 9 follows, 23 sequences, length 12
# corresponding to MSA columns:
# 433-444
name=unknown_J
#
# <colnr> <probs for GDERKNQSTAVLIFYWHMCP>
#	G	D	E	R	K	N	Q	S	T	A	V	L	I	F	Y	W	H	M	C	P
0	0.02545	0.42766	0.11059	0.01515	0.02250	0.02449	0.01522	0.02903	0.01858	0.21460	0.01788	0.01788	0.01329	0.00796	0.00639	0.00207	0.00854	0.00568	0.00543	0.01162
1	0.01297	0.01026	0.01248	0.01105	0.01469	0.00869	0.00872	0.01641	0.01976	0.02773	0.28161	0.05479	0.15497	0.01491	0.00873	0.00234	0.00503	0.09364	0.00725	0.23394
2	0.01813	0.01351	0.01584	0.05269	0.01930	0.01431	0.01128	0.24934	0.02437	0.03235	0.03618	0.36226	0.08072	0.01813	0.00932	0.00289	0.00661	0.01575	0.00753	0.00948
3	0.02268	0.02726	0.07104	0.02442	0.11368	0.26953	0.08738	0.02654	0.01943	0.02344	0.01384	0.01709	0.01137	0.00776	0.00851	0.00211	0.05163	0.00606	0.00421	0.19200
4	0.01506	0.22211	0.02272	0.01389	0.01688	0.01778	0.01182	0.01779	0.01403	0.01896	0.01780	0.02521	0.01663	0.04133	0.43230	0.00897	0.06710	0.00727	0.00403	0.00831
5	0.13194	0.24036	0.28346	0.01817	0.02638	0.12785	0.01976	0.02607	0.01738	0.02438	0.01278	0.01492	0.01013	0.00756	0.00650	0.00224	0.01057	0.00514	0.00380	0.01064
6	0.01011	0.00723	0.00961	0.01115	0.01182	0.00674	0.00755	0.01185	0.01655	0.02233	0.12899	0.62065	0.05680	0.02421	0.01025	0.00319	0.00459	0.02192	0.00772	0.00674
7	0.02162	0.02216	0.03778	0.03743	0.27544	0.06662	0.28919	0.09591	0.02133	0.02864	0.01606	0.02042	0.01256	0.00743	0.00867	0.00253	0.01167	0.00812	0.00453	0.01189
8	0.01789	0.02389	0.20354	0.12069	0.17859	0.04862	0.02111	0.05998	0.05715	0.02814	0.13468	0.02724	0.02421	0.00963	0.00822	0.00253	0.00939	0.00828	0.00520	0.01101
9	0.01775	0.01975	0.11339	0.03069	0.30784	0.01550	0.01961	0.02271	0.01782	0.02611	0.01822	0.02722	0.01629	0.00874	0.00776	0.00223	0.00862	0.07817	0.00458	0.23699
10	0.12356	0.09712	0.18312	0.04639	0.17657	0.06667	0.05648	0.08394	0.01949	0.02847	0.01656	0.01929	0.03213	0.00811	0.00736	0.00241	0.01002	0.00657	0.00447	0.01127
11	0.18995	0.01418	0.01822	0.01939	0.13869	0.01397	0.01277	0.02539	0.01799	0.18277	0.07250	0.02490	0.01986	0.01594	0.09967	0.00377	0.00894	0.00732	0.00624	0.10754

[dist]
# distance from previous block
# <min> <max>
0	1

[block]
# block no. 10 follows, 23 sequences, length 171
# corresponding to MSA columns:
# 446-616
name=unknown_K
#
# <colnr> <probs for GDERKNQSTAVLIFYWHMCP>
#	G	D	E	R	K	N	Q	S	T	A	V	L	I	F	Y	W	H	M	C	P
0	0.02503	0.01493	0.01814	0.01483	0.01968	0.01523	0.01196	0.19080	0.07700	0.22281	0.10486	0.02998	0.02549	0.01957	0.12673	0.00430	0.00958	0.00875	0.00796	0.05238
1	0.02643	0.02511	0.02051	0.01713	0.02214	0.24849	0.01348	0.27954	0.02800	0.03422	0.02380	0.02452	0.08034	0.01014	0.00768	0.00223	0.00984	0.00747	0.06161	0.05729
2	0.02254	0.22993	0.02881	0.16693	0.05924	0.21763	0.01665	0.02870	0.11175	0.02220	0.01573	0.01824	0.01274	0.00823	0.00704	0.00223	0.01061	0.00607	0.00444	0.01028
3	0.01953	0.01897	0.03315	0.11475	0.55634	0.01924	0.06938	0.02456	0.01830	0.02588	0.01526	0.02037	0.01260	0.00729	0.00815	0.00246	0.01006	0.00740	0.00398	0.01232
4	0.01021	0.00736	0.00967	0.01096	0.01181	0.00682	0.00751	0.01215	0.01720	0.02322	0.17437	0.55054	0.08126	0.02340	0.01016	0.00312	0.00450	0.02109	0.00782	0.00682
5	0.01766	0.01680	0.02855	0.37894	0.35405	0.01864	0.02370	0.02278	0.01733	0.02356	0.01483	0.02087	0.01181	0.00768	0.00807	0.00256	0.01024	0.00722	0.00381	0.01090
6	0.01889	0.02024	0.06993	0.22891	0.39657	0.04699	0.05355	0.02414	0.01798	0.02452	0.01492	0.02020	0.01199	0.00754	0.00808	0.00251	0.01052	0.00718	0.00388	0.01148
7	0.01176	0.00802	0.00967	0.01025	0.01065	0.00795	0.00671	0.01261	0.01352	0.01792	0.03124	0.14942	0.03582	0.49910	0.03179	0.00652	0.00737	0.11837	0.00572	0.00559
8	0.01168	0.00782	0.00888	0.00900	0.00903	0.00779	0.00508	0.01177	0.01203	0.01604	0.02675	0.09349	0.03099	0.67241	0.03940	0.00759	0.00767	0.01249	0.00508	0.00502
9	0.01673	0.03928	0.59677	0.02630	0.10986	0.01890	0.02938	0.02560	0.01729	0.02579	0.01464	0.01748	0.01058	0.00765	0.00775	0.00255	0.01171	0.00614	0.00350	0.01209
10	0.02206	0.02347	0.03131	0.07016	0.46021	0.16422	0.06031	0.02643	0.01941	0.02478	0.01470	0.01907	0.01221	0.00749	0.00797	0.00237	0.01103	0.00694	0.00404	0.01182
11	0.02008	0.01928	0.03294	0.04981	0.66422	0.01928	0.02490	0.02490	0.01848	0.02651	0.01526	0.02008	0.01285	0.00723	0.00803	0.00241	0.00964	0.00723	0.00402	0.01285
12	0.01308	0.00934	0.01308	0.01494	0.01681	0.00934	0.01308	0.01681	0.01868	0.02428	0.04296	0.09153	0.04670	0.02242	0.01121	0.00374	0.00747	0.60960	0.00747	0.00747
13	0.02976	0.03762	0.02353	0.02247	0.05964	0.64641	0.01618	0.03200	0.02275	0.02022	0.01269	0.01493	0.01058	0.00830	0.00736	0.00211	0.01436	0.00533	0.00417	0.00959
14	0.00963	0.00807	0.00837	0.00861	0.01106	0.00682	0.00634	0.01160	0.01812	0.02177	0.07749	0.15750	0.58456	0.02116	0.00969	0.00281	0.00419	0.01787	0.00753	0.00682
15	0.02008	0.01928	0.03294	0.04981	0.66422	0.01928	0.02490	0.02490	0.01848	0.02651	0.01526	0.02008	0.01285	0.00723	0.00803	0.00241	0.00964	0.00723	0.00402	0.01285
16	0.01627	0.04197	0.67279	0.02313	0.03512	0.01884	0.02998	0.02570	0.01713	0.02570	0.01456	0.01713	0.01028	0.00771	0.00771	0.00257	0.01199	0.00600	0.00343	0.01199
17	0.24534	0.02699	0.02113	0.02079	0.09437	0.29868	0.01467	0.13533	0.02247	0.03092	0.01371	0.01568	0.01083	0.00823	0.00687	0.00231	0.01063	0.00557	0.00510	0.01039
18	0.16236	0.02100	0.01978	0.01599	0.02139	0.08468	0.01297	0.38746	0.02954	0.04274	0.01826	0.01929	0.01349	0.00917	0.00716	0.00234	0.00832	0.00661	0.10578	0.01166
19	0.00959	0.00822	0.00822	0.00822	0.01096	0.00685	0.00617	0.01165	0.01850	0.02192	0.08220	0.07809	0.66092	0.02055	0.00959	0.00274	0.00411	0.01713	0.00754	0.00685
20	0.01180	0.00787	0.00885	0.00885	0.00885	0.00787	0.00492	0.01180	0.01180	0.01573	0.02557	0.05310	0.02950	0.71483	0.04130	0.00787	0.00787	0.01180	0.00492	0.00492
21	0.01246	0.00936	0.01175	0.01145	0.01368	0.00911	0.00893	0.01805	0.08428	0.03057	0.45604	0.06384	0.10998	0.01726	0.00970	0.00278	0.00469	0.10946	0.00853	0.00808
22	0.01409	0.00705	0.01057	0.01057	0.01057	0.00705	0.00705	0.01057	0.01057	0.01409	0.01409	0.02467	0.01409	0.02819	0.03171	0.76392	0.00705	0.00705	0.00352	0.00352
23	0.02482	0.47271	0.03544	0.01643	0.02237	0.26791	0.01453	0.02724	0.01885	0.01937	0.01174	0.01360	0.01043	0.00746	0.00597	0.00186	0.01084	0.00466	0.00373	0.01005
24	0.01711	0.03612	0.49077	0.02635	0.03724	0.01933	0.20614	0.02578	0.01772	0.02578	0.01510	0.01852	0.01087	0.00746	0.00825	0.00262	0.01248	0.00704	0.00362	0.01169
25	0.02562	0.05936	0.02625	0.02926	0.26027	0.16291	0.01790	0.02904	0.01980	0.17639	0.01856	0.02088	0.01424	0.01181	0.05008	0.00304	0.05058	0.00694	0.00545	0.01162
26	0.01418	0.01139	0.01327	0.01354	0.01644	0.01181	0.01110	0.02305	0.20239	0.02644	0.05091	0.06997	0.20999	0.01858	0.00990	0.00317	0.00624	0.27103	0.00772	0.00886
27	0.01167	0.00840	0.01155	0.01155	0.01248	0.00933	0.00828	0.01353	0.01260	0.01773	0.02310	0.03943	0.02356	0.29350	0.45452	0.01120	0.01680	0.00980	0.00455	0.00642
28	0.02373	0.48789	0.07775	0.01642	0.02292	0.21086	0.01542	0.02663	0.01833	0.01973	0.01184	0.01373	0.01042	0.00738	0.00595	0.00189	0.01054	0.00469	0.00366	0.01024
29	0.01030	0.00736	0.00986	0.01158	0.01228	0.00693	0.00808	0.01209	0.01632	0.02182	0.08420	0.60785	0.05447	0.02456	0.01039	0.00329	0.00492	0.07934	0.00762	0.00674
30	0.00984	0.00725	0.00922	0.01079	0.01164	0.00663	0.00731	0.01136	0.01602	0.02091	0.05089	0.60560	0.15362	0.02462	0.01023	0.00320	0.00461	0.02209	0.00753	0.00663
31	0.01023	0.00784	0.00938	0.00986	0.01157	0.00699	0.00706	0.01256	0.01873	0.02450	0.23264	0.29349	0.28363	0.02113	0.00985	0.00288	0.00424	0.01851	0.00793	0.00699
32	0.02077	0.14628	0.03428	0.04222	0.52374	0.04700	0.02256	0.02508	0.01829	0.02492	0.01444	0.01860	0.01232	0.00722	0.00750	0.00228	0.00966	0.00663	0.00392	0.01228
33	0.03085	0.02273	0.02435	0.01867	0.02516	0.02516	0.01542	0.63716	0.03815	0.05114	0.01948	0.01948	0.01380	0.00974	0.00812	0.00244	0.00893	0.00731	0.00812	0.01380
34	0.07312	0.03632	0.02244	0.02017	0.02455	0.60161	0.01526	0.07089	0.02344	0.02283	0.01292	0.01486	0.01057	0.00840	0.00724	0.00214	0.01378	0.00531	0.00448	0.00965
35	0.00994	0.00733	0.00931	0.01072	0.01166	0.00670	0.00732	0.01161	0.01650	0.02167	0.09054	0.56378	0.15510	0.02405	0.01018	0.00316	0.00455	0.02155	0.00762	0.00670
