[name]
unknown

[dist]
# distance from previous block
# <min> <max>
0	1

[block]
# block no. 0 follows, 21 sequences, length 9
# corresponding to MSA columns:
# 1-9
name=unknown_A
#
# <colnr> <probs for GDERKNQSTAVLIFYWHMCP>
#	G	D	E	R	K	N	Q	S	T	A	V	L	I	F	Y	W	H	M	C	P
0	0.01613	0.07579	0.02057	0.02233	0.14406	0.01453	0.01557	0.02127	0.05804	0.02584	0.03947	0.06806	0.09377	0.01789	0.01016	0.00328	0.00800	0.32889	0.00679	0.00954
1	0.02465	0.20548	0.15671	0.08194	0.05803	0.28977	0.02006	0.02897	0.02031	0.02225	0.01355	0.01637	0.01106	0.00818	0.00731	0.00227	0.01262	0.00569	0.00398	0.01080
2	0.02089	0.07897	0.22671	0.09098	0.06878	0.13437	0.02038	0.05964	0.02023	0.02732	0.01747	0.02078	0.01347	0.00865	0.00748	0.00239	0.01062	0.00664	0.15335	0.01087
3	0.02759	0.12330	0.02748	0.05144	0.02652	0.35437	0.01687	0.10637	0.02299	0.02499	0.01367	0.01670	0.01147	0.00982	0.01109	0.00249	0.13158	0.00608	0.00468	0.01049
4	0.02175	0.04143	0.42639	0.02538	0.07356	0.21390	0.02659	0.02901	0.01990	0.02517	0.01468	0.01738	0.01101	0.00826	0.00798	0.00253	0.01325	0.00613	0.00387	0.01182
5	0.01006	0.00862	0.00862	0.00862	0.01149	0.00718	0.00647	0.01221	0.01940	0.02299	0.08621	0.08190	0.64438	0.02155	0.01006	0.00287	0.00431	0.01796	0.00790	0.00718
6	0.01567	0.01507	0.01616	0.01646	0.04632	0.12492	0.04316	0.01851	0.02036	0.02587	0.21685	0.31824	0.05116	0.01879	0.00989	0.00292	0.00724	0.01672	0.00735	0.00832
7	0.01843	0.08478	0.39289	0.02102	0.02981	0.10555	0.02385	0.02533	0.01785	0.02412	0.01631	0.02053	0.01301	0.01976	0.14548	0.00486	0.01483	0.00664	0.00390	0.01105
8	0.01024	0.00790	0.00937	0.01054	0.01200	0.00702	0.00732	0.01200	0.01755	0.02224	0.06281	0.44711	0.29428	0.02459	0.01054	0.00322	0.00468	0.02167	0.00790	0.00702

[dist]
# distance from previous block
# <min> <max>
10	23

[block]
# block no. 1 follows, 21 sequences, length 34
# corresponding to MSA columns:
# 43-76
name=unknown_B
#
# <colnr> <probs for GDERKNQSTAVLIFYWHMCP>
#	G	D	E	R	K	N	Q	S	T	A	V	L	I	F	Y	W	H	M	C	P
0	0.02277	0.02549	0.06758	0.08780	0.39176	0.15880	0.02330	0.02885	0.06247	0.02635	0.01657	0.02051	0.01349	0.00821	0.00827	0.00251	0.01124	0.00719	0.00449	0.01235
1	0.28674	0.02333	0.13721	0.02778	0.23139	0.05095	0.01917	0.02551	0.01795	0.03151	0.06098	0.02078	0.01631	0.00858	0.00731	0.00259	0.00909	0.00675	0.00487	0.01119
2	0.20507	0.02373	0.14933	0.03184	0.28710	0.01978	0.02132	0.05075	0.04938	0.06062	0.01674	0.01953	0.01290	0.00820	0.00760	0.00261	0.00939	0.00674	0.00503	0.01233
3	0.01421	0.01188	0.01658	0.01542	0.01614	0.01492	0.01193	0.01623	0.01319	0.01928	0.02005	0.03365	0.02023	0.18656	0.33338	0.00941	0.22561	0.00930	0.00443	0.00760
4	0.02135	0.54254	0.03831	0.01512	0.02107	0.05534	0.01427	0.02406	0.01682	0.02004	0.01346	0.01687	0.01245	0.01601	0.10371	0.00367	0.04537	0.00540	0.00381	0.01031
5	0.01701	0.01266	0.01653	0.01510	0.01789	0.01443	0.01197	0.16049	0.02001	0.02790	0.02223	0.03031	0.01964	0.05093	0.50882	0.01100	0.01957	0.00877	0.00551	0.00925
6	0.02596	0.02422	0.12821	0.01893	0.02579	0.02196	0.01718	0.28105	0.21252	0.08356	0.02503	0.02555	0.01849	0.04024	0.01000	0.00293	0.00892	0.00829	0.00773	0.01345
7	0.01943	0.01516	0.01800	0.01552	0.01765	0.01768	0.01176	0.17763	0.04742	0.02834	0.02179	0.03564	0.02137	0.29300	0.07296	0.00590	0.15611	0.00970	0.00585	0.00908
8	0.01148	0.00864	0.01073	0.01113	0.01313	0.00790	0.00851	0.01452	0.02070	0.02743	0.28507	0.17996	0.23165	0.02115	0.01047	0.00307	0.00489	0.11356	0.00845	0.00757
9	0.01260	0.01105	0.01451	0.01844	0.14942	0.01005	0.01093	0.01546	0.01950	0.02471	0.10672	0.11052	0.42754	0.01860	0.00976	0.00283	0.00559	0.01597	0.00720	0.00859
10	0.02878	0.03563	0.02362	0.02140	0.02504	0.54135	0.01630	0.03099	0.02201	0.02071	0.01359	0.01702	0.01171	0.01339	0.05648	0.00319	0.09885	0.00598	0.00432	0.00964
11	0.01497	0.01132	0.01204	0.01126	0.01450	0.01107	0.00841	0.02224	0.16712	0.06879	0.06275	0.06287	0.37582	0.10252	0.01374	0.00353	0.00559	0.01460	0.00793	0.00896
12	0.01175	0.00842	0.00951	0.00938	0.01045	0.00795	0.00601	0.01302	0.01625	0.02133	0.15515	0.06352	0.18925	0.40943	0.02908	0.00591	0.00651	0.01429	0.00660	0.00618
13	0.01037	0.00741	0.00987	0.01185	0.01234	0.00691	0.00790	0.01185	0.01629	0.02172	0.04690	0.69537	0.05629	0.02666	0.01086	0.00346	0.00494	0.02419	0.00790	0.00691
14	0.01032	0.00761	0.00966	0.01131	0.01220	0.00696	0.00766	0.01191	0.01681	0.02194	0.05348	0.59268	0.15473	0.02581	0.01073	0.00336	0.00483	0.02315	0.00790	0.00696
15	0.04927	0.00877	0.01032	0.01017	0.01161	0.00848	0.00702	0.01493	0.01868	0.02697	0.30268	0.12398	0.08551	0.22603	0.01983	0.00443	0.00554	0.01462	0.04411	0.00705
16	0.06614	0.01128	0.01314	0.01159	0.01509	0.01064	0.00878	0.02374	0.06309	0.19138	0.15434	0.05252	0.19327	0.13008	0.01483	0.00366	0.00600	0.01267	0.00828	0.00948
17	0.01862	0.01862	0.02607	0.02234	0.02234	0.02607	0.01862	0.02048	0.01303	0.02048	0.01117	0.01862	0.01117	0.01489	0.02793	0.00372	0.68535	0.00745	0.00372	0.00931
18	0.01122	0.00780	0.00973	0.01081	0.01119	0.00748	0.00686	0.01227	0.01520	0.02037	0.07006	0.41780	0.04782	0.28432	0.02324	0.00525	0.00616	0.01921	0.00693	0.00630
19	0.01157	0.00818	0.01006	0.01040	0.01133	0.00774	0.00689	0.01336	0.01753	0.02382	0.22761	0.23827	0.08982	0.25983	0.02193	0.00486	0.00577	0.01694	0.00739	0.00666
20	0.01080	0.00759	0.00975	0.01129	0.01168	0.00720	0.00731	0.01196	0.01544	0.02059	0.04255	0.55686	0.05080	0.17266	0.01789	0.00449	0.00565	0.02163	0.00731	0.00653
21	0.01219	0.00901	0.01311	0.01311	0.01443	0.01033	0.00993	0.01483	0.01351	0.01933	0.02332	0.03632	0.02253	0.14641	0.58632	0.01297	0.02091	0.00954	0.00464	0.00728
22	0.01895	0.01045	0.01229	0.01080	0.01477	0.00890	0.00846	0.02160	0.02129	0.21989	0.11136	0.06408	0.40858	0.01782	0.00959	0.00278	0.00520	0.01485	0.00883	0.00952
23	0.02229	0.02055	0.02174	0.02424	0.17397	0.12561	0.01534	0.17038	0.02520	0.03196	0.03674	0.03741	0.18794	0.01244	0.00862	0.00254	0.00882	0.01014	0.05306	0.01104
24	0.01038	0.00834	0.00914	0.00952	0.01167	0.00724	0.00684	0.01243	0.01873	0.02324	0.11625	0.21544	0.44342	0.05387	0.01178	0.00324	0.00461	0.01889	0.00788	0.00709
25	0.01164	0.00876	0.01081	0.01052	0.01275	0.00793	0.00803	0.01514	0.02249	0.03049	0.44919	0.07091	0.22940	0.01897	0.01017	0.00282	0.00438	0.05894	0.00886	0.00779
26	0.14568	0.01874	0.01756	0.01516	0.01866	0.10480	0.01167	0.16792	0.02323	0.03328	0.12859	0.03294	0.02767	0.14497	0.01645	0.00374	0.06370	0.00912	0.00652	0.00961
27	0.01068	0.00865	0.00948	0.00927	0.01187	0.00745	0.00695	0.01341	0.02086	0.02645	0.25940	0.07620	0.46903	0.02026	0.01005	0.00281	0.00422	0.01716	0.00836	0.00745
28	0.01388	0.01164	0.01697	0.01598	0.01710	0.01474	0.01276	0.01660	0.01351	0.01995	0.01970	0.02949	0.01859	0.05081	0.49716	0.01103	0.19902	0.00867	0.00434	0.00805
29	0.01212	0.00875	0.01208	0.01220	0.01319	0.00967	0.00877	0.01412	0.01343	0.01886	0.02548	0.07970	0.02636	0.25967	0.43424	0.01138	0.01721	0.01103	0.00494	0.00680
30	0.06242	0.01963	0.02091	0.01756	0.02314	0.02204	0.01403	0.22246	0.37248	0.08739	0.02902	0.02714	0.02121	0.01088	0.00844	0.00275	0.00758	0.00869	0.00859	0.01365
31	0.01322	0.01068	0.01571	0.01510	0.01637	0.01317	0.01195	0.01606	0.01357	0.01987	0.02089	0.03100	0.01962	0.05579	0.56221	0.01204	0.13161	0.00884	0.00442	0.00788
32	0.02604	0.02910	0.02481	0.26550	0.03828	0.34879	0.01907	0.10083	0.02343	0.02517	0.01477	0.01869	0.01153	0.00885	0.00808	0.00247	0.01314	0.00652	0.00466	0.01027
33	0.03107	0.03610	0.02450	0.02152	0.02607	0.50861	0.01653	0.14094	0.02635	0.02685	0.01437	0.01649	0.01162	0.00942	0.00910	0.00236	0.05633	0.00601	0.00510	0.01068

[dist]
# distance from previous block
# <min> <max>
0	1

[block]
# block no. 2 follows, 21 sequences, length 52
# corresponding to MSA columns:
# 78-129
name=unknown_C
#
# <colnr> <probs for GDERKNQSTAVLIFYWHMCP>
#	G	D	E	R	K	N	Q	S	T	A	V	L	I	F	Y	W	H	M	C	P
0	0.05510	0.52643	0.14937	0.04727	0.02594	0.02988	0.01770	0.02554	0.01727	0.02214	0.01259	0.01484	0.01084	0.00751	0.00605	0.00206	0.00970	0.00500	0.00371	0.01106
1	0.02176	0.27861	0.06719	0.01687	0.02239	0.13992	0.01498	0.02921	0.14258	0.02369	0.01892	0.02153	0.01588	0.01886	0.12841	0.00434	0.01247	0.00669	0.00496	0.01074
2	0.01501	0.01041	0.01174	0.01115	0.01221	0.01071	0.00715	0.10102	0.01696	0.02266	0.02870	0.14037	0.03209	0.50529	0.03367	0.00674	0.00795	0.01335	0.00603	0.00676
3	0.01722	0.01465	0.01860	0.02156	0.14490	0.01533	0.01358	0.05752	0.21689	0.03024	0.08798	0.15920	0.13597	0.01552	0.00934	0.00288	0.00662	0.01357	0.00754	0.01087
4	0.02707	0.07963	0.02939	0.02211	0.02812	0.21166	0.12342	0.14329	0.15866	0.06084	0.02078	0.02174	0.01571	0.00932	0.00834	0.00252	0.01132	0.00768	0.00630	0.01209
5	0.01586	0.00793	0.00793	0.00793	0.00991	0.00793	0.00595	0.01983	0.01785	0.03173	0.02776	0.03173	0.02181	0.00991	0.00595	0.00198	0.00397	0.00793	0.74817	0.00793
6	0.01221	0.00818	0.00933	0.00950	0.00954	0.00814	0.00539	0.01233	0.01271	0.01694	0.02851	0.10985	0.03308	0.64384	0.04057	0.00784	0.00797	0.01338	0.00539	0.00531
7	0.02705	0.03267	0.02482	0.02207	0.02488	0.43624	0.01723	0.02912	0.02013	0.02070	0.01244	0.01652	0.01104	0.01097	0.01496	0.00274	0.25641	0.00619	0.00415	0.00967
8	0.02322	0.05507	0.07724	0.03104	0.09816	0.19510	0.29022	0.02923	0.04240	0.02532	0.01605	0.02019	0.01263	0.00817	0.00960	0.00264	0.04005	0.00800	0.00438	0.01128
9	0.03108	0.02014	0.02255	0.01792	0.02418	0.02164	0.01460	0.33437	0.18084	0.19956	0.02719	0.02533	0.01894	0.01062	0.00856	0.00266	0.00819	0.00837	0.00905	0.01423
10	0.01201	0.00826	0.00966	0.00973	0.01026	0.00803	0.00597	0.01293	0.01506	0.02028	0.13503	0.11954	0.07226	0.48793	0.03297	0.00659	0.00703	0.01429	0.00626	0.00591
11	0.03280	0.02312	0.02509	0.01924	0.02603	0.02532	0.01589	0.57496	0.03881	0.09984	0.02144	0.02109	0.01498	0.01024	0.00852	0.00256	0.00920	0.00773	0.00867	0.01447
12	0.02020	0.01571	0.02039	0.01765	0.02030	0.01898	0.01434	0.16925	0.02058	0.05720	0.01944	0.02583	0.01674	0.03429	0.29352	0.00761	0.20402	0.00826	0.00559	0.01011
13	0.01190	0.00917	0.01041	0.01005	0.01219	0.00854	0.00723	0.01568	0.05701	0.02671	0.27990	0.06720	0.28371	0.14438	0.01608	0.00379	0.00507	0.01547	0.00799	0.00751
14	0.01090	0.00813	0.01013	0.01073	0.01229	0.00737	0.00763	0.01343	0.01975	0.02642	0.26792	0.33559	0.19407	0.02224	0.01039	0.00305	0.00447	0.01969	0.00842	0.00737
15	0.02006	0.02115	0.04187	0.10565	0.27338	0.02077	0.33561	0.02628	0.01952	0.02692	0.01655	0.02222	0.01297	0.00746	0.00928	0.00274	0.01245	0.00887	0.00422	0.01203
16	0.02969	0.03210	0.02425	0.05759	0.05962	0.39867	0.01671	0.18270	0.02724	0.03025	0.01605	0.01821	0.01259	0.00913	0.00788	0.00233	0.01272	0.00639	0.04476	0.01111
17	0.09419	0.02771	0.19729	0.02314	0.11206	0.08780	0.01963	0.11899	0.02216	0.03217	0.04409	0.02011	0.01508	0.00851	0.00765	0.00233	0.00993	0.00662	0.00522	0.14534
18	0.01216	0.00912	0.01368	0.01368	0.01520	0.01064	0.01064	0.01520	0.01368	0.01976	0.02279	0.03343	0.02127	0.06382	0.66720	0.01368	0.02279	0.00912	0.00456	0.00760
19	0.01869	0.00982	0.01258	0.01173	0.01413	0.00897	0.00840	0.02074	0.01892	0.19420	0.13722	0.21559	0.07580	0.19233	0.01833	0.00430	0.00622	0.01517	0.00815	0.00872
20	0.03206	0.03239	0.02481	0.02078	0.02635	0.35406	0.01631	0.31988	0.03188	0.03685	0.01671	0.01783	0.01268	0.00948	0.00808	0.00237	0.01243	0.00655	0.00640	0.01212
21	0.04842	0.01364	0.06143	0.01187	0.01574	0.01153	0.00999	0.05046	0.09166	0.02823	0.14094	0.06059	0.34575	0.05872	0.01145	0.00313	0.00580	0.01423	0.00760	0.00881
22	0.08605	0.09242	0.02525	0.02189	0.10284	0.15248	0.03718	0.10821	0.05456	0.02925	0.01718	0.02048	0.01415	0.01630	0.10188	0.00389	0.01205	0.00674	0.00525	0.09195
23	0.02173	0.45404	0.22852	0.01807	0.02673	0.07837	0.01982	0.02658	0.01802	0.02218	0.01298	0.01509	0.01088	0.00764	0.00643	0.00211	0.01064	0.00515	0.00368	0.01134
24	0.01057	0.00864	0.00933	0.00916	0.01181	0.00740	0.00687	0.01320	0.02060	0.02585	0.22946	0.07719	0.49935	0.02048	0.01005	0.00282	0.00423	0.01730	0.00828	0.00740
25	0.09737	0.03574	0.47617	0.02235	0.05440	0.01842	0.02597	0.02716	0.01853	0.07704	0.05560	0.02134	0.01585	0.00882	0.00796	0.00268	0.01090	0.00690	0.00469	0.01212
26	0.01951	0.06769	0.01752	0.01378	0.01804	0.04092	0.01092	0.02985	0.23629	0.10521	0.14101	0.04709	0.18879	0.01444	0.00893	0.00271	0.00627	0.01196	0.00825	0.01080
27	0.01202	0.00921	0.00969	0.00949	0.01237	0.00804	0.00706	0.01496	0.04332	0.05461	0.07672	0.10805	0.52950	0.05267	0.01153	0.00314	0.00477	0.01723	0.00794	0.00769
28	0.02036	0.16057	0.04527	0.02903	0.03683	0.02344	0.41593	0.02609	0.01895	0.02546	0.01564	0.02043	0.01239	0.00754	0.00979	0.00258	0.04876	0.00841	0.00420	0.06834
29	0.02276	0.06079	0.02825	0.23430	0.20967	0.21084	0.02110	0.02823	0.05824	0.02394	0.01584	0.02016	0.01272	0.00845	0.00809	0.00251	0.01177	0.00692	0.00438	0.01103
30	0.02663	0.06744	0.15076	0.02369	0.07534	0.39637	0.01963	0.05735	0.02295	0.02473	0.04694	0.01898	0.01489	0.00899	0.00787	0.00234	0.01325	0.00638	0.00463	0.01084
31	0.01044	0.00754	0.00975	0.01147	0.01213	0.00700	0.00765	0.01190	0.01634	0.02156	0.04893	0.61620	0.10030	0.05993	0.01242	0.00365	0.00505	0.02312	0.00776	0.00685
32	0.08294	0.02361	0.10351	0.01826	0.02540	0.02174	0.01642	0.37637	0.03110	0.09158	0.02113	0.05578	0.01618	0.01036	0.00817	0.00253	0.00893	0.00800	0.00750	0.07049
33	0.19776	0.12038	0.02543	0.02314	0.13674	0.20692	0.01576	0.03088	0.09156	0.05282	0.01652	0.01827	0.01318	0.00854	0.00709	0.00240	0.01014	0.00614	0.00520	0.01113
34	0.01116	0.00887	0.01022	0.01096	0.01338	0.00794	0.00872	0.01379	0.01922	0.02363	0.07101	0.13330	0.42293	0.02252	0.01062	0.00323	0.00540	0.18786	0.00788	0.00736
35	0.02510	0.02322	0.02411	0.02520	0.15008	0.12947	0.01679	0.18490	0.21593	0.03539	0.02684	0.02707	0.05662	0.01056	0.00850	0.00261	0.00938	0.00853	0.00696	0.01273
36	0.02377	0.05349	0.03285	0.11559	0.03519	0.21624	0.19298	0.06435	0.04976	0.02544	0.01576	0.01999	0.01252	0.00918	0.01099	0.00271	0.09625	0.00763	0.00462	0.01070
37	0.01215	0.00909	0.01154	0.01201	0.01422	0.00847	0.00974	0.01566	0.02122	0.02806	0.27870	0.08029	0.21336	0.02073	0.01068	0.00319	0.00551	0.22924	0.00842	0.00774
38	0.01565	0.00795	0.00802	0.00802	0.00988	0.00795	0.00590	0.01936	0.01750	0.03078	0.02770	0.03322	0.02238	0.05310	0.00828	0.00237	0.00423	0.00821	0.70173	0.00776
39	0.03179	0.04056	0.02412	0.02192	0.02631	0.66676	0.01644	0.03398	0.02412	0.02083	0.01315	0.01535	0.01096	0.00877	0.00767	0.00219	0.01535	0.00548	0.00438	0.00987
40	0.01382	0.01156	0.01686	0.01590	0.01703	0.01460	0.01269	0.01655	0.01351	0.01994	0.01981	0.02963	0.01868	0.05126	0.50300	0.01112	0.19297	0.00869	0.00434	0.00804
41	0.23910	0.09504	0.15381	0.02608	0.19802	0.04574	0.01923	0.02543	0.01797	0.03010	0.06238	0.02057	0.01645	0.00855	0.00721	0.00252	0.00920	0.00664	0.00474	0.01121
42	0.01920	0.01832	0.03118	0.28649	0.42813	0.01973	0.02519	0.02449	0.01850	0.02554	0.01568	0.02167	0.01268	0.00793	0.00846	0.00264	0.01057	0.00758	0.00405	0.01198
43	0.01150	0.00965	0.01191	0.01408	0.07969	0.00862	0.00899	0.01405	0.01935	0.02449	0.13239	0.18375	0.40979	0.02053	0.01003	0.00292	0.00501	0.01769	0.00767	0.00790
44	0.07225	0.09160	0.02567	0.07120	0.02651	0.31812	0.01673	0.02859	0.01949	0.05483	0.01366	0.01722	0.01146	0.01023	0.01266	0.00265	0.18650	0.00617	0.00447	0.00999
45	0.01224	0.00879	0.01204	0.01204	0.01299	0.00975	0.00859	0.01414	0.01319	0.01854	0.02429	0.04173	0.02488	0.30138	0.43457	0.01165	0.01737	0.01033	0.00478	0.00669
46	0.01973	0.01439	0.01666	0.01534	0.01857	0.01520	0.01177	0.26379	0.02637	0.03522	0.03580	0.36970	0.03841	0.01961	0.00996	0.00312	0.00699	0.06111	0.00815	0.01011
47	0.02073	0.01927	0.03167	0.20165	0.45732	0.02038	0.02475	0.07090	0.02040	0.02833	0.01614	0.02141	0.01304	0.00801	0.00845	0.00260	0.01035	0.00758	0.00444	0.01258
48	0.01771	0.01657	0.01644	0.01554	0.01795	0.14469	0.01191	0.06552	0.01775	0.02239	0.02090	0.03011	0.01924	0.08714	0.44482	0.01016	0.01937	0.00847	0.00487	0.00844
49	0.07623	0.02562	0.22611	0.01793	0.02487	0.08409	0.05370	0.02458	0.02029	0.08608	0.12727	0.03730	0.13656	0.01219	0.00865	0.00267	0.00920	0.01003	0.00617	0.01046
50	0.05911	0.27723	0.02635	0.01614	0.05637	0.02002	0.01272	0.02314	0.05025	0.07218	0.02791	0.22430	0.02892	0.01479	0.00812	0.00267	0.00743	0.05625	0.00614	0.00997
51	0.05527	0.21540	0.20937	0.07179	0.06704	0.07374	0.02047	0.02984	0.12863	0.02631	0.01752	0.01942	0.01370	0.00853	0.00736	0.00245	0.01027	0.00645	0.00471	0.01173

[dist]
# distance from previous block
# <min> <max>
0	2

[block]
# block no. 3 follows, 21 sequences, length 65
# corresponding to MSA columns:
# 132-196
name=unknown_D
#
# <colnr> <probs for GDERKNQSTAVLIFYWHMCP>
#	G	D	E	R	K	N	Q	S	T	A	V	L	I	F	Y	W	H	M	C	P
0	0.18617	0.02134	0.02173	0.01838	0.02312	0.16043	0.08973	0.06207	0.06841	0.02871	0.01799	0.02214	0.01484	0.02206	0.16909	0.00523	0.01365	0.00721	0.00523	0.04248
1	0.01680	0.01228	0.01492	0.01518	0.05274	0.01285	0.01002	0.14825	0.02007	0.02706	0.02966	0.21079	0.03206	0.27873	0.07510	0.00583	0.00891	0.01386	0.00651	0.00838
2	0.08496	0.05788	0.02955	0.03784	0.38946	0.17093	0.02096	0.02718	0.01997	0.02643	0.01808	0.02162	0.04202	0.00853	0.00792	0.00244	0.01071	0.00718	0.00449	0.01186
3	0.01376	0.01145	0.01292	0.01274	0.01409	0.06454	0.00920	0.01574	0.01443	0.01899	0.02639	0.04129	0.05434	0.25643	0.38433	0.01048	0.01671	0.01027	0.00490	0.00700
4	0.02463	0.01748	0.02004	0.04902	0.02288	0.01869	0.01342	0.34518	0.03158	0.07989	0.16580	0.08751	0.05936	0.01356	0.00911	0.00269	0.00757	0.01121	0.00852	0.01186
5	0.01161	0.00850	0.01046	0.01165	0.01249	0.00833	0.00775	0.01465	0.06513	0.02187	0.04372	0.49020	0.07470	0.15697	0.01699	0.00432	0.00570	0.02044	0.00742	0.00711
6	0.02447	0.02209	0.02116	0.01827	0.02255	0.16100	0.03982	0.26478	0.02784	0.03476	0.02738	0.24117	0.02737	0.01517	0.00917	0.00278	0.00945	0.01272	0.00722	0.01084
7	0.01193	0.00806	0.00941	0.00985	0.00996	0.00796	0.00576	0.01226	0.01324	0.01765	0.03124	0.19677	0.03653	0.55222	0.03616	0.00719	0.00752	0.01498	0.00576	0.00554
8	0.01278	0.01003	0.01487	0.01451	0.01588	0.01212	0.01141	0.01570	0.01361	0.01983	0.02168	0.03201	0.02030	0.05912	0.60571	0.01272	0.08652	0.00896	0.00448	0.00776
9	0.03179	0.04056	0.02412	0.02192	0.02631	0.66676	0.01644	0.03398	0.02412	0.02083	0.01315	0.01535	0.01096	0.00877	0.00767	0.00219	0.01535	0.00548	0.00438	0.00987
10	0.02526	0.02245	0.03107	0.03206	0.22013	0.10578	0.13560	0.13141	0.02404	0.09836	0.02101	0.07554	0.01746	0.00997	0.00887	0.00264	0.01078	0.00924	0.00598	0.01236
11	0.08738	0.02537	0.02430	0.02063	0.02386	0.19100	0.01668	0.16948	0.02255	0.03008	0.01398	0.01781	0.01175	0.01159	0.01610	0.00295	0.29184	0.00675	0.00518	0.01070
12	0.02651	0.01331	0.01702	0.01388	0.01859	0.01248	0.01113	0.10738	0.02632	0.31601	0.28602	0.04226	0.04488	0.01335	0.00917	0.00264	0.00618	0.01129	0.00978	0.01179
13	0.03060	0.03627	0.02442	0.07447	0.02891	0.52873	0.01698	0.11165	0.02568	0.02531	0.01429	0.01662	0.01146	0.00894	0.00785	0.00229	0.01422	0.00594	0.00489	0.01045
14	0.02117	0.01828	0.01924	0.01732	0.02213	0.02117	0.01347	0.04522	0.63246	0.03560	0.03464	0.03175	0.02598	0.01155	0.00866	0.00289	0.00673	0.00962	0.00866	0.01347
15	0.01217	0.00905	0.01332	0.01332	0.01472	0.01045	0.01020	0.01497	0.01357	0.01949	0.02312	0.03522	0.02205	0.11497	0.61712	0.01324	0.02163	0.00938	0.00461	0.00740
16	0.01079	0.00860	0.00967	0.00952	0.01197	0.00748	0.00710	0.01359	0.02096	0.02697	0.28656	0.10208	0.41407	0.02027	0.01009	0.00283	0.00423	0.01730	0.00843	0.00748
17	0.02241	0.66625	0.08139	0.01514	0.02274	0.03284	0.01558	0.02557	0.01733	0.02044	0.01204	0.01391	0.01091	0.00733	0.00562	0.00187	0.00931	0.00465	0.00364	0.01102
18	0.01216	0.00912	0.01368	0.01368	0.01520	0.01064	0.01064	0.01520	0.01368	0.01976	0.02279	0.03343	0.02127	0.06382	0.66720	0.01368	0.02279	0.00912	0.00456	0.00760
19	0.01875	0.01452	0.01594	0.01374	0.01780	0.01514	0.01081	0.19023	0.12701	0.03693	0.22043	0.05102	0.20192	0.01551	0.00939	0.00273	0.00605	0.01294	0.00862	0.01052
20	0.01062	0.00864	0.00940	0.00921	0.01184	0.00742	0.00691	0.01330	0.02072	0.02613	0.24356	0.07672	0.48507	0.02038	0.01005	0.00282	0.00423	0.01723	0.00832	0.00742
21	0.02504	0.01761	0.07671	0.06848	0.02414	0.01521	0.01420	0.15751	0.02520	0.23066	0.04275	0.04089	0.19829	0.01327	0.00893	0.00271	0.00768	0.01079	0.00815	0.01179
22	0.01226	0.00827	0.00925	0.00925	0.00939	0.00820	0.00522	0.01237	0.01271	0.01681	0.02966	0.05694	0.06030	0.66841	0.04172	0.00799	0.00806	0.01264	0.00529	0.00525
23	0.02358	0.02672	0.02442	0.02155	0.02356	0.27440	0.01716	0.02673	0.04810	0.02133	0.01362	0.01865	0.01227	0.01450	0.04727	0.00353	0.36183	0.00686	0.00426	0.00966
24	0.01978	0.02081	0.07075	0.15981	0.44954	0.02028	0.05477	0.02520	0.01863	0.02633	0.01565	0.02115	0.01281	0.00808	0.00935	0.00266	0.04026	0.00762	0.00408	0.01243
25	0.01038	0.00768	0.00971	0.01123	0.01221	0.00701	0.00765	0.01209	0.01718	0.02248	0.07920	0.55930	0.16206	0.02536	0.01068	0.00332	0.00479	0.02271	0.00796	0.00701
26	0.01561	0.04360	0.01313	0.01164	0.01267	0.10911	0.00751	0.01618	0.01470	0.01775	0.02577	0.10118	0.02915	0.50928	0.03354	0.00665	0.00909	0.01198	0.00520	0.00627
27	0.02430	0.02502	0.03218	0.03104	0.16606	0.15075	0.13634	0.12385	0.02242	0.02892	0.01533	0.01965	0.01252	0.00979	0.01294	0.00280	0.16197	0.00763	0.00486	0.01161
28	0.03235	0.02384	0.02554	0.01958	0.02639	0.02639	0.01618	0.61946	0.04001	0.05363	0.02043	0.02043	0.01447	0.01022	0.00851	0.00255	0.00936	0.00766	0.00851	0.01447
29	0.02224	0.03292	0.33845	0.02112	0.02996	0.08024	0.02287	0.07946	0.13486	0.08837	0.02220	0.02523	0.01669	0.00993	0.00841	0.00272	0.01077	0.03511	0.00585	0.01259
30	0.01006	0.00862	0.00862	0.00862	0.01149	0.00718	0.00647	0.01221	0.01940	0.02299	0.08621	0.08190	0.64438	0.02155	0.01006	0.00287	0.00431	0.01796	0.00790	0.00718
31	0.01179	0.00801	0.00945	0.01002	0.01017	0.00786	0.00595	0.01222	0.01351	0.01801	0.03263	0.24082	0.03827	0.50578	0.03392	0.00686	0.00729	0.01580	0.00595	0.00566
32	0.02073	0.02221	0.08654	0.04990	0.59678	0.02018	0.02656	0.02619	0.01926	0.02773	0.01595	0.02080	0.01325	0.00762	0.00840	0.00254	0.01032	0.00747	0.00416	0.01340
33	0.07936	0.02539	0.21851	0.02649	0.17809	0.01853	0.02099	0.10318	0.05043	0.03206	0.06977	0.02425	0.01905	0.01054	0.00961	0.04767	0.00939	0.00771	0.03728	0.01171
34	0.01836	0.03072	0.29823	0.02886	0.03813	0.02056	0.29917	0.02609	0.01882	0.02689	0.04352	0.02233	0.01486	0.00862	0.01067	0.00286	0.06702	0.00851	0.00419	0.01161
35	0.02015	0.01661	0.01970	0.16220	0.02874	0.01863	0.01477	0.17139	0.20868	0.03389	0.03746	0.06343	0.14201	0.01312	0.00895	0.00282	0.00784	0.01091	0.00737	0.01134
36	0.02564	0.02175	0.02438	0.05052	0.05636	0.07951	0.01676	0.31482	0.02780	0.03708	0.01785	0.02150	0.01424	0.01794	0.09998	0.00424	0.14388	0.00762	0.00627	0.01187
37	0.01040	0.00856	0.00921	0.00964	0.01212	0.00737	0.00726	0.01262	0.01900	0.02303	0.07754	0.16480	0.51629	0.02240	0.01031	0.00304	0.00469	0.06664	0.00790	0.00720
38	0.03364	0.02177	0.02426	0.01860	0.02536	0.02333	0.01537	0.49199	0.03656	0.18598	0.02333	0.02231	0.01593	0.01029	0.00852	0.00257	0.00890	0.00786	0.00896	0.01447
39	0.01227	0.00971	0.01013	0.00974	0.01290	0.00867	0.00740	0.01648	0.07364	0.05040	0.10393	0.07453	0.53986	0.02004	0.00987	0.00286	0.00463	0.01673	0.00814	0.00807
40	0.15949	0.01935	0.02061	0.05666	0.02473	0.02172	0.01416	0.23675	0.22946	0.09375	0.02440	0.02386	0.01772	0.01016	0.00798	0.00270	0.00793	0.00783	0.00786	0.01289
41	0.01910	0.01893	0.02772	0.02818	0.14456	0.02492	0.02008	0.02158	0.01427	0.02191	0.01212	0.01910	0.01162	0.01347	0.02412	0.00349	0.55342	0.00747	0.00382	0.01012
42	0.02059	0.01355	0.01864	0.02059	0.12839	0.04116	0.01355	0.02414	0.01860	0.16404	0.07368	0.03178	0.02417	0.03266	0.28296	0.00716	0.01413	0.00899	0.05090	0.01032
43	0.01220	0.00895	0.01282	0.01282	0.01404	0.01017	0.00957	0.01465	0.01342	0.01912	0.02358	0.03778	0.02316	0.18830	0.54530	0.01262	0.01995	0.00975	0.00468	0.00712
44	0.01518	0.01304	0.01702	0.01552	0.01646	0.01607	0.01192	0.01885	0.06843	0.02208	0.07805	0.06914	0.05478	0.18981	0.10619	0.00585	0.25703	0.01099	0.00548	0.00813
45	0.01438	0.00744	0.01093	0.01101	0.01116	0.00736	0.00737	0.01117	0.01168	0.01544	0.01929	0.05779	0.04385	0.02909	0.03127	0.68698	0.00715	0.00859	0.00406	0.00399
46	0.05555	0.01953	0.07430	0.02288	0.11635	0.04767	0.01681	0.02910	0.20616	0.02752	0.02231	0.02605	0.01830	0.02298	0.16441	0.00540	0.09975	0.00820	0.00561	0.01112
47	0.01707	0.04402	0.65683	0.02426	0.03683	0.01976	0.03144	0.02695	0.01797	0.02695	0.01527	0.01797	0.01078	0.00809	0.00809	0.00270	0.01258	0.00629	0.00359	0.01258
48	0.01478	0.00739	0.01109	0.01109	0.01109	0.00739	0.00739	0.01109	0.01109	0.01478	0.01478	0.02587	0.01478	0.02956	0.03326	0.75240	0.00739	0.00739	0.00370	0.00370
49	0.01176	0.00913	0.01080	0.01093	0.01303	0.00857	0.00798	0.01621	0.07143	0.02759	0.26552	0.23457	0.23971	0.02063	0.01015	0.00296	0.00458	0.01803	0.00848	0.00793
50	0.01150	0.00898	0.01312	0.01317	0.01455	0.00839	0.05829	0.01342	0.01668	0.02211	0.07074	0.47009	0.10155	0.11731	0.01517	0.00398	0.00609	0.02046	0.00728	0.00712
51	0.01277	0.00958	0.01301	0.01267	0.01353	0.01095	0.00919	0.01464	0.01356	0.01920	0.04819	0.04156	0.02634	0.29134	0.35880	0.01042	0.07207	0.01042	0.00490	0.00686
52	0.01037	0.00813	0.00939	0.01014	0.01196	0.00715	0.00720	0.01243	0.01857	0.02352	0.12251	0.33123	0.35067	0.02325	0.01039	0.00309	0.00454	0.02027	0.00804	0.00715
53	0.01221	0.00871	0.01038	0.01111	0.01173	0.00873	0.00709	0.01488	0.06595	0.02045	0.03652	0.34195	0.04195	0.33948	0.02579	0.00564	0.00663	0.01747	0.00669	0.00664
54	0.01164	0.00794	0.00950	0.01022	0.01040	0.00776	0.00616	0.01218	0.01381	0.01841	0.03417	0.28980	0.04022	0.45416	0.03144	0.00650	0.00704	0.01670	0.00616	0.00580
55	0.03184	0.03916	0.02424	0.02173	0.02632	0.61325	0.01642	0.08290	0.02544	0.02357	0.01376	0.01577	0.01126	0.00889	0.00774	0.00222	0.01485	0.00566	0.00473	0.01025
56	0.01512	0.00930	0.01224	0.01284	0.01501	0.00861	0.00998	0.01784	0.01939	0.10823	0.10192	0.30046	0.12994	0.02213	0.01063	0.00333	0.00590	0.18046	0.00836	0.00832
57	0.01846	0.01306	0.01527	0.01376	0.01684	0.01358	0.01088	0.18657	0.02559	0.03532	0.21614	0.05408	0.04409	0.11017	0.01420	0.00360	0.00685	0.12457	0.06755	0.00941
58	0.02622	0.01785	0.01991	0.01699	0.02240	0.01954	0.01347	0.09379	0.43527	0.18572	0.03316	0.03011	0.02381	0.01119	0.00862	0.00280	0.00708	0.00920	0.00910	0.01380
59	0.01297	0.00892	0.01008	0.01039	0.01183	0.00881	0.00710	0.01676	0.07025	0.02443	0.07789	0.21953	0.12001	0.19847	0.01810	0.00426	0.00564	0.01527	0.15197	0.00732
60	0.05605	0.01228	0.01516	0.01299	0.01690	0.01168	0.00999	0.02883	0.07763	0.28755	0.11967	0.04450	0.06037	0.16477	0.01650	0.00397	0.00683	0.03519	0.00855	0.01060
61	0.01211	0.01002	0.01339	0.15769	0.02236	0.01006	0.01088	0.01567	0.02040	0.02663	0.26762	0.09251	0.27430	0.01744	0.00975	0.00282	0.00579	0.01506	0.00752	0.00797
62	0.01568	0.00966	0.01111	0.01032	0.01364	0.00826	0.00788	0.01816	0.02052	0.14530	0.12303	0.11931	0.42647	0.01947	0.00983	0.00286	0.00490	0.01642	0.00854	0.00864
63	0.01501	0.01362	0.01437	0.01420	0.01587	0.10930	0.01057	0.01740	0.01529	0.01965	0.02380	0.08676	0.02380	0.13645	0.43252	0.01040	0.01832	0.01021	0.00488	0.00756
64	0.01575	0.01462	0.02370	0.46093	0.13272	0.01691	0.02093	0.02072	0.01782	0.02294	0.02745	0.03461	0.11096	0.01101	0.00887	0.00284	0.00994	0.03303	0.00464	0.00960

[dist]
# distance from previous block
# <min> <max>
3	16

[block]
# block no. 4 follows, 21 sequences, length 71
# corresponding to MSA columns:
# 213-283
name=unknown_E
#
# <colnr> <probs for GDERKNQSTAVLIFYWHMCP>
#	G	D	E	R	K	N	Q	S	T	A	V	L	I	F	Y	W	H	M	C	P
0	0.05259	0.02337	0.18247	0.02684	0.18541	0.06068	0.02052	0.02290	0.01890	0.02628	0.02851	0.09808	0.05749	0.01388	0.00920	0.00297	0.00966	0.14420	0.00547	0.01059
1	0.03179	0.04056	0.02412	0.02192	0.02631	0.66676	0.01644	0.03398	0.02412	0.02083	0.01315	0.01535	0.01096	0.00877	0.00767	0.00219	0.01535	0.00548	0.00438	0.00987
2	0.01185	0.00924	0.01077	0.01074	0.01301	0.00862	0.00801	0.01613	0.06386	0.02741	0.26326	0.14429	0.28240	0.04655	0.01143	0.00314	0.00480	0.04831	0.00835	0.00784
3	0.01500	0.00882	0.01103	0.01113	0.01248	0.00825	0.00745	0.01635	0.01652	0.10734	0.07083	0.30256	0.07368	0.27307	0.02246	0.00505	0.00640	0.01689	0.00732	0.00738
4	0.01777	0.01740	0.02538	0.02149	0.02256	0.02299	0.05221	0.02020	0.01375	0.02112	0.01331	0.02086	0.01273	0.02075	0.11355	0.00492	0.52299	0.00772	0.00393	0.04437
5	0.01422	0.00914	0.01096	0.01056	0.01313	0.00806	0.00781	0.01679	0.02039	0.10363	0.21526	0.17521	0.29201	0.04973	0.01146	0.00313	0.00488	0.01696	0.00849	0.00817
6	0.05279	0.01332	0.01435	0.01233	0.01584	0.01405	0.00965	0.20024	0.02567	0.03855	0.17330	0.03625	0.03354	0.04197	0.00932	0.00263	0.00591	0.00970	0.28072	0.00987
7	0.01027	0.00835	0.00910	0.00950	0.01177	0.00718	0.00690	0.01241	0.01904	0.02352	0.11813	0.21825	0.47114	0.02240	0.01024	0.00299	0.00443	0.01917	0.00801	0.00718
8	0.01322	0.00908	0.01103	0.01031	0.01294	0.00806	0.00782	0.01655	0.02251	0.07429	0.41044	0.06735	0.26810	0.01832	0.00994	0.00274	0.00434	0.01578	0.00895	0.00820
9	0.06484	0.01470	0.01677	0.01395	0.01886	0.01468	0.01117	0.14041	0.09476	0.21186	0.12168	0.04340	0.16918	0.01385	0.00892	0.00271	0.00646	0.01132	0.00890	0.01158
10	0.01109	0.00815	0.01044	0.01153	0.01272	0.00739	0.00785	0.01287	0.01687	0.02280	0.08686	0.54058	0.08156	0.05976	0.01215	0.00347	0.00511	0.02131	0.00765	0.05984
11	0.01045	0.00850	0.00879	0.00888	0.01118	0.00734	0.00632	0.01222	0.01812	0.02188	0.07479	0.10669	0.51778	0.13120	0.01545	0.00377	0.00497	0.01736	0.00746	0.00684
12	0.02798	0.25061	0.03077	0.01961	0.02461	0.42000	0.01600	0.03032	0.02116	0.02055	0.01259	0.01504	0.01096	0.00873	0.00841	0.00218	0.06089	0.00532	0.00410	0.01016
13	0.01029	0.00772	0.00955	0.01101	0.01212	0.00698	0.00753	0.01194	0.01710	0.02205	0.05713	0.53575	0.20930	0.02533	0.01065	0.00330	0.00477	0.02257	0.00790	0.00698
14	0.07179	0.03484	0.02386	0.02072	0.02579	0.46274	0.01598	0.18766	0.02778	0.03041	0.01500	0.01660	0.01179	0.00910	0.00776	0.00231	0.01329	0.00601	0.00552	0.01104
15	0.01006	0.00862	0.00862	0.00862	0.01149	0.00718	0.00647	0.01221	0.01940	0.02299	0.08621	0.08190	0.64438	0.02155	0.01006	0.00287	0.00431	0.01796	0.00790	0.00718
16	0.01029	0.00769	0.00958	0.01109	0.01214	0.00698	0.00756	0.01194	0.01703	0.02202	0.05619	0.55039	0.19527	0.02545	0.01067	0.00332	0.00479	0.02272	0.00790	0.00698
17	0.01216	0.00912	0.01368	0.01368	0.01520	0.01064	0.01064	0.01520	0.01368	0.01976	0.02279	0.03343	0.02127	0.06382	0.66720	0.01368	0.02279	0.00912	0.00456	0.00760
18	0.01803	0.03730	0.46342	0.02796	0.03927	0.02032	0.21812	0.02705	0.01864	0.02705	0.01589	0.01956	0.01146	0.00779	0.00871	0.00275	0.01314	0.00749	0.00382	0.01223
19	0.02009	0.02296	0.05022	0.03587	0.04448	0.02152	0.61693	0.02726	0.02009	0.02726	0.01722	0.02296	0.01291	0.00717	0.01004	0.00287	0.01435	0.01004	0.00430	0.01148
20	0.01160	0.00825	0.00919	0.00940	0.01015	0.00785	0.00577	0.01228	0.01449	0.01863	0.04332	0.13147	0.18168	0.46382	0.03177	0.00643	0.00694	0.01501	0.00612	0.00584
21	0.01006	0.00862	0.00862	0.00862	0.01149	0.00718	0.00647	0.01221	0.01940	0.02299	0.08621	0.08190	0.64438	0.02155	0.01006	0.00287	0.00431	0.01796	0.00790	0.00718
22	0.25993	0.37496	0.03044	0.01422	0.02028	0.10514	0.01281	0.02598	0.01751	0.02652	0.03826	0.01599	0.01327	0.00808	0.00586	0.00216	0.00884	0.00513	0.00449	0.01013
23	0.02651	0.02036	0.02191	0.01806	0.02358	0.02271	0.01446	0.37377	0.22593	0.04459	0.02770	0.09412	0.02247	0.01235	0.00880	0.00275	0.00807	0.01000	0.00850	0.01337
24	0.01058	0.00864	0.00935	0.00917	0.01182	0.00741	0.00688	0.01323	0.02063	0.02592	0.23291	0.07707	0.49585	0.02046	0.01005	0.00282	0.00423	0.01728	0.00829	0.00741
25	0.01522	0.03134	0.42289	0.02017	0.02885	0.01617	0.02376	0.02260	0.01712	0.02486	0.02358	0.03024	0.05929	0.02328	0.16742	0.00542	0.01422	0.03849	0.00435	0.01075
26	0.02252	0.02507	0.01849	0.01737	0.02040	0.34558	0.01318	0.02521	0.01939	0.02138	0.01832	0.02404	0.01605	0.03084	0.27069	0.00676	0.01729	0.00715	0.07147	0.00879
27	0.15970	0.15597	0.14362	0.01700	0.02252	0.09224	0.01630	0.02376	0.01637	0.02471	0.01509	0.02042	0.01325	0.04853	0.12320	0.00468	0.08216	0.00642	0.00425	0.00981
28	0.03235	0.02384	0.02554	0.01958	0.02639	0.02639	0.01618	0.61946	0.04001	0.05363	0.02043	0.02043	0.01447	0.01022	0.00851	0.00255	0.00936	0.00766	0.00851	0.01447
29	0.01339	0.01056	0.01219	0.01175	0.01440	0.01045	0.00897	0.02045	0.13684	0.02953	0.28509	0.06504	0.21944	0.05807	0.01189	0.00321	0.00520	0.06643	0.00845	0.00864
30	0.01780	0.01798	0.03080	0.02439	0.02778	0.02092	0.20342	0.02165	0.01561	0.02286	0.01547	0.02272	0.01371	0.02127	0.14214	0.00521	0.31337	0.00844	0.00414	0.05030
31	0.01971	0.03599	0.45900	0.02428	0.07637	0.01961	0.02652	0.08622	0.04952	0.05611	0.01814	0.02152	0.01355	0.04472	0.01004	0.00297	0.01135	0.00709	0.00474	0.01256
32	0.02054	0.02000	0.03520	0.04895	0.56029	0.01983	0.08676	0.02568	0.01933	0.02751	0.01734	0.04767	0.01510	0.00829	0.00869	0.00260	0.01035	0.00849	0.00437	0.01301
33	0.20964	0.01166	0.01100	0.01044	0.01341	0.01215	0.00763	0.01930	0.08445	0.02670	0.04544	0.05158	0.24876	0.19361	0.01729	0.00421	0.00620	0.01206	0.00658	0.00789
34	0.01146	0.00839	0.01009	0.01032	0.01176	0.00777	0.00721	0.01364	0.01864	0.02484	0.24022	0.18113	0.18606	0.18513	0.01829	0.00426	0.00543	0.04074	0.00770	0.00694
35	0.02263	0.24932	0.34183	0.01963	0.02940	0.02339	0.02264	0.05327	0.01961	0.11840	0.01709	0.01832	0.01250	0.00828	0.00734	0.00240	0.01055	0.00613	0.00484	0.01241
36	0.19160	0.00965	0.01047	0.01151	0.01312	0.00995	0.00802	0.01506	0.01558	0.02532	0.03702	0.48557	0.04313	0.06997	0.01181	0.00360	0.00557	0.01863	0.00707	0.00734
37	0.01051	0.00764	0.00992	0.01146	0.01231	0.00705	0.00779	0.01230	0.01734	0.02307	0.10983	0.58016	0.10862	0.02530	0.01071	0.00333	0.00479	0.02278	0.00805	0.00705
38	0.01061	0.00875	0.00927	0.00951	0.01214	0.00755	0.00729	0.01288	0.01909	0.02299	0.07840	0.08238	0.54289	0.05377	0.01183	0.00325	0.00493	0.08753	0.00777	0.00717
39	0.01334	0.00874	0.01185	0.01185	0.01352	0.00978	0.00915	0.01667	0.01500	0.02356	0.02437	0.03289	0.02145	0.04668	0.45694	0.00996	0.01681	0.00874	0.24100	0.00770
40	0.01741	0.01244	0.01344	0.01185	0.01551	0.01206	0.00910	0.15412	0.02370	0.07415	0.05981	0.09767	0.36683	0.07803	0.01256	0.00329	0.00606	0.01480	0.00799	0.00919
41	0.01216	0.00912	0.01368	0.01368	0.01520	0.01064	0.01064	0.01520	0.01368	0.01976	0.02279	0.03343	0.02127	0.06382	0.66720	0.01368	0.02279	0.00912	0.00456	0.00760
42	0.01691	0.01664	0.01589	0.01536	0.01747	0.16875	0.01166	0.01953	0.01610	0.01979	0.02075	0.03061	0.01946	0.09476	0.46480	0.01053	0.01999	0.00847	0.00456	0.00798
43	0.01051	0.00803	0.00966	0.01055	0.01210	0.00718	0.00742	0.01261	0.01856	0.02404	0.15082	0.38499	0.26592	0.02347	0.01046	0.00313	0.00458	0.02068	0.00812	0.00718
44	0.01189	0.00811	0.00972	0.01019	0.01041	0.00810	0.00618	0.01245	0.01338	0.01794	0.03122	0.20321	0.03617	0.49958	0.07905	0.00751	0.00849	0.01490	0.00575	0.00574
45	0.01023	0.00793	0.00933	0.01045	0.01197	0.00703	0.00728	0.01201	0.01764	0.02227	0.06397	0.42904	0.31160	0.02444	0.01051	0.00320	0.00467	0.02149	0.00790	0.00703
46	0.01041	0.00863	0.00915	0.00931	0.01196	0.00737	0.00704	0.01276	0.01958	0.02384	0.12071	0.11126	0.54406	0.02162	0.01019	0.00295	0.00451	0.04938	0.00800	0.00727
47	0.01048	0.00781	0.00976	0.01102	0.01220	0.00709	0.00760	0.01238	0.01780	0.02333	0.11920	0.49370	0.18750	0.02455	0.01060	0.00325	0.00470	0.02189	0.00806	0.00709
48	0.03034	0.03727	0.02326	0.02100	0.02545	0.57596	0.01584	0.06113	0.05427	0.02319	0.01778	0.01933	0.03992	0.00954	0.00787	0.00227	0.01416	0.00634	0.00494	0.01014
49	0.01109	0.00914	0.00980	0.00955	0.01233	0.00811	0.00719	0.01481	0.05248	0.02617	0.20954	0.07513	0.48448	0.02009	0.00998	0.00283	0.00437	0.01694	0.00827	0.00770
50	0.01162	0.00793	0.00950	0.01025	0.01043	0.00775	0.00619	0.01218	0.01385	0.01847	0.03438	0.29660	0.04048	0.44699	0.03109	0.00644	0.00700	0.01683	0.00619	0.00582
51	0.02317	0.02783	0.10634	0.03790	0.35873	0.17623	0.02313	0.03009	0.08370	0.02682	0.01715	0.02041	0.01383	0.00834	0.00823	0.00250	0.01133	0.00713	0.00464	0.01250
52	0.02135	0.03270	0.35865	0.02889	0.16971	0.02035	0.02601	0.10117	0.06494	0.06777	0.01851	0.02058	0.01351	0.00862	0.00828	0.00265	0.01091	0.00711	0.00510	0.01318
53	0.01338	0.00994	0.01147	0.01164	0.01349	0.00966	0.00820	0.08982	0.01959	0.02541	0.05095	0.35985	0.20064	0.11729	0.01488	0.00386	0.00580	0.01880	0.00760	0.00771
54	0.03235	0.02384	0.02554	0.01958	0.02639	0.02639	0.01618	0.61946	0.04001	0.05363	0.02043	0.02043	0.01447	0.01022	0.00851	0.00255	0.00936	0.00766	0.00851	0.01447
55	0.02290	0.02352	0.03135	0.04383	0.48379	0.13077	0.02330	0.02923	0.07688	0.02733	0.01724	0.02107	0.01421	0.00815	0.00832	0.00250	0.01069	0.00741	0.00465	0.01286
56	0.01463	0.01258	0.01668	0.01759	0.08074	0.01406	0.01195	0.01852	0.06068	0.02431	0.13014	0.08509	0.15094	0.12647	0.04987	0.00438	0.15383	0.01269	0.00631	0.00856
57	0.01843	0.01300	0.01523	0.01372	0.01555	0.03672	0.01044	0.10939	0.01822	0.02638	0.01984	0.02794	0.01758	0.07040	0.08793	0.20157	0.10198	0.00803	0.17980	0.00785
58	0.02107	0.02011	0.03365	0.05019	0.61114	0.02028	0.02538	0.02724	0.05533	0.02826	0.01710	0.02169	0.01421	0.00781	0.00844	0.00255	0.00991	0.00770	0.00447	0.01348
59	0.01296	0.01048	0.01179	0.01150	0.01431	0.01022	0.00880	0.01983	0.13634	0.02841	0.21794	0.10457	0.30224	0.01901	0.00996	0.00293	0.00498	0.05669	0.00843	0.00863
60	0.01185	0.00803	0.00944	0.00996	0.01009	0.00790	0.00588	0.01224	0.01341	0.01788	0.03210	0.22413	0.03761	0.52338	0.03477	0.00699	0.00738	0.01549	0.00588	0.00562
61	0.01936	0.05346	0.01790	0.06357	0.02100	0.13718	0.01220	0.02565	0.12763	0.05536	0.08237	0.11725	0.06761	0.10518	0.01353	0.00351	0.00855	0.05261	0.00673	0.00933
62	0.01045	0.00856	0.00873	0.00873	0.01112	0.00737	0.00624	0.01224	0.01820	0.02188	0.07607	0.07743	0.53971	0.13748	0.01573	0.00379	0.00498	0.01701	0.00743	0.00684
63	0.01841	0.01558	0.01805	0.01296	0.02049	0.01212	0.01040	0.05229	0.01880	0.02907	0.01540	0.01779	0.01270	0.00650	0.00642	0.00133	0.00646	0.00518	0.00522	0.71483
64	0.01195	0.00975	0.01071	0.01041	0.01316	0.00910	0.00781	0.01723	0.09523	0.02739	0.22448	0.10448	0.38829	0.01952	0.00993	0.00286	0.00456	0.01661	0.00838	0.00816
65	0.02252	0.02678	0.09099	0.04038	0.34190	0.14282	0.15634	0.02793	0.02031	0.02629	0.01567	0.02013	0.01264	0.00776	0.00861	0.00256	0.01226	0.00762	0.00421	0.01227
66	0.01006	0.00862	0.00862	0.00862	0.01149	0.00718	0.00647	0.01221	0.01940	0.02299	0.08621	0.08190	0.64438	0.02155	0.01006	0.00287	0.00431	0.01796	0.00790	0.00718
67	0.01055	0.00864	0.00930	0.00914	0.01180	0.00739	0.00685	0.01317	0.02056	0.02575	0.22413	0.07736	0.50474	0.02052	0.01005	0.00282	0.00424	0.01732	0.00827	0.00739
68	0.01850	0.06674	0.03310	0.21927	0.07576	0.01963	0.22135	0.06885	0.02037	0.02652	0.02739	0.03130	0.11308	0.01012	0.00906	0.00274	0.01086	0.00986	0.00500	0.01051
69	0.02432	0.02784	0.02643	0.02219	0.02698	0.29819	0.12345	0.03230	0.15870	0.02548	0.02540	0.02686	0.07394	0.01073	0.00998	0.00264	0.05973	0.00854	0.00561	0.01068
70	0.02386	0.01962	0.02076	0.01786	0.02316	0.02243	0.01412	0.18375	0.48954	0.03995	0.03121	0.02902	0.02320	0.01122	0.00862	0.00281	0.00737	0.00915	0.00862	0.01371

[dist]
# distance from previous block
# <min> <max>
1	27

[block]
# block no. 5 follows, 21 sequences, length 80
# corresponding to MSA columns:
# 319-398
name=unknown_F
#
# <colnr> <probs for GDERKNQSTAVLIFYWHMCP>
#	G	D	E	R	K	N	Q	S	T	A	V	L	I	F	Y	W	H	M	C	P
0	0.18063	0.03196	0.35410	0.02750	0.14717	0.01983	0.06959	0.02640	0.01763	0.02959	0.01481	0.01802	0.01110	0.00788	0.00768	0.00266	0.01094	0.00645	0.00413	0.01193
1	0.02314	0.02973	0.13498	0.03814	0.32746	0.19058	0.08004	0.02843	0.02046	0.02577	0.01525	0.01923	0.01232	0.00794	0.00832	0.00250	0.01229	0.00705	0.00417	0.01219
2	0.01610	0.01155	0.01409	0.01304	0.01520	0.01212	0.00947	0.12511	0.01867	0.02558	0.02655	0.14480	0.02760	0.21928	0.19154	0.04946	0.01154	0.01190	0.00598	0.05042
3	0.08449	0.02719	0.02683	0.02825	0.18039	0.23378	0.04325	0.18265	0.02571	0.03267	0.01624	0.01907	0.01289	0.01108	0.03628	0.00293	0.01209	0.00685	0.00549	0.01188
4	0.09929	0.16483	0.02734	0.01760	0.02397	0.12187	0.01480	0.28600	0.02873	0.11050	0.01830	0.01865	0.01349	0.00921	0.00746	0.00237	0.00970	0.00651	0.00682	0.01256
