[name]
unknown

[dist]
# distance from previous block
# <min> <max>
0	29

[block]
# block no. 0 follows, 22 sequences, length 117
# corresponding to MSA columns:
# 29-145
name=unknown_A
#
# <colnr> <probs for GDERKNQSTAVLIFYWHMCP>
#	G	D	E	R	K	N	Q	S	T	A	V	L	I	F	Y	W	H	M	C	P
0	0.01825	0.05417	0.01531	0.01273	0.01575	0.01234	0.00980	0.07920	0.05362	0.12055	0.06544	0.17975	0.11470	0.13377	0.01490	0.00377	0.00663	0.07273	0.00754	0.00903
1	0.02056	0.05869	0.01977	0.01405	0.02016	0.01612	0.01149	0.19085	0.02305	0.03284	0.02101	0.02323	0.04859	0.01387	0.07416	0.00295	0.00859	0.00680	0.03485	0.35835
2	0.01831	0.01380	0.01681	0.01475	0.01719	0.01578	0.01133	0.19352	0.02044	0.02815	0.02147	0.03324	0.02034	0.21369	0.24699	0.00779	0.08265	0.00917	0.00565	0.00891
3	0.09050	0.01037	0.01162	0.01053	0.01411	0.00940	0.00816	0.01994	0.01994	0.16687	0.13646	0.09778	0.33894	0.01713	0.00908	0.00274	0.00506	0.01427	0.00821	0.00888
4	0.11600	0.06535	0.19466	0.06983	0.31642	0.04875	0.02353	0.02564	0.01790	0.02718	0.01452	0.01830	0.01158	0.00765	0.00755	0.00249	0.01028	0.00644	0.00404	0.01188
5	0.02925	0.12517	0.02674	0.02229	0.06371	0.55189	0.01639	0.03163	0.02240	0.02065	0.01285	0.01511	0.01085	0.00830	0.00726	0.00211	0.01388	0.00536	0.00418	0.00998
6	0.01754	0.01724	0.02423	0.02096	0.02111	0.02393	0.01739	0.01947	0.01279	0.01992	0.01205	0.01963	0.01190	0.01934	0.09241	0.00461	0.62541	0.00743	0.00372	0.00892
7	0.76672	0.01607	0.01221	0.01092	0.01607	0.01864	0.00900	0.02442	0.01414	0.03727	0.01157	0.01350	0.00900	0.00771	0.00514	0.00257	0.00643	0.00450	0.00514	0.00900
8	0.01028	0.00856	0.00906	0.00930	0.01199	0.00734	0.00722	0.01260	0.01896	0.02275	0.07898	0.08172	0.57487	0.02129	0.01003	0.00294	0.00465	0.09264	0.00771	0.00710
9	0.02111	0.57989	0.16702	0.01610	0.02423	0.03017	0.01749	0.02516	0.01701	0.02089	0.01222	0.01416	0.01063	0.00726	0.00584	0.00195	0.00956	0.00478	0.00354	0.01098
10	0.01187	0.00890	0.01335	0.01335	0.01483	0.01038	0.01038	0.01483	0.01335	0.01928	0.02225	0.03264	0.02077	0.06231	0.67512	0.01335	0.02225	0.00890	0.00445	0.00742
11	0.01012	0.00723	0.00964	0.01157	0.01205	0.00675	0.00771	0.01157	0.01591	0.02121	0.04579	0.70262	0.05495	0.02603	0.01060	0.00337	0.00482	0.02362	0.00771	0.00675
12	0.01072	0.00813	0.00882	0.00907	0.01050	0.00738	0.00601	0.01194	0.01593	0.01987	0.05713	0.15045	0.33863	0.28336	0.02229	0.00488	0.00575	0.01624	0.00669	0.00622
13	0.01569	0.01477	0.02492	0.68808	0.05722	0.01846	0.02307	0.02123	0.01661	0.02123	0.01477	0.02215	0.01107	0.00831	0.00831	0.00277	0.01107	0.00738	0.00369	0.00923
14	0.02056	0.01974	0.03372	0.05099	0.65622	0.01974	0.02550	0.02550	0.01892	0.02714	0.01563	0.02056	0.01316	0.00740	0.00822	0.00247	0.00987	0.00740	0.00411	0.01316
15	0.02719	0.33266	0.03224	0.01827	0.02378	0.39539	0.01525	0.02956	0.02064	0.01999	0.01228	0.01426	0.01068	0.00793	0.00655	0.00198	0.01233	0.00496	0.00396	0.01008
16	0.01075	0.00831	0.00983	0.00995	0.01204	0.00739	0.00739	0.01351	0.02023	0.02649	0.29298	0.16863	0.31816	0.02033	0.01000	0.00286	0.00433	0.04123	0.00826	0.00731
17	0.02437	0.02849	0.02453	0.02161	0.02367	0.33812	0.01715	0.02634	0.01793	0.02016	0.01184	0.01664	0.01081	0.01166	0.01774	0.00292	0.36638	0.00635	0.00395	0.00935
18	0.02447	0.02639	0.03322	0.08790	0.15343	0.21227	0.19624	0.11229	0.02310	0.02803	0.01569	0.01952	0.01224	0.00806	0.00849	0.00250	0.01257	0.00751	0.00474	0.01136
19	0.01251	0.01002	0.01175	0.01325	0.01474	0.04404	0.01026	0.01500	0.01789	0.02273	0.04715	0.36260	0.10986	0.02337	0.01070	0.00343	0.00642	0.24949	0.00750	0.00729
20	0.05294	0.31192	0.38480	0.01928	0.02915	0.02474	0.02306	0.02565	0.01712	0.02408	0.01340	0.01566	0.01051	0.00757	0.00673	0.00228	0.01064	0.00538	0.00360	0.01148
21	0.76672	0.01607	0.01221	0.01092	0.01607	0.01864	0.00900	0.02442	0.01414	0.03727	0.01157	0.01350	0.00900	0.00771	0.00514	0.00257	0.00643	0.00450	0.00514	0.00900
22	0.00982	0.00842	0.00842	0.00842	0.01122	0.00701	0.00631	0.01192	0.01894	0.02244	0.08416	0.07995	0.65285	0.02104	0.00982	0.00281	0.00421	0.01753	0.00771	0.00701
23	0.02024	0.02581	0.11400	0.02408	0.09114	0.21287	0.10192	0.02465	0.01843	0.02240	0.01698	0.02259	0.01441	0.02532	0.22148	0.00592	0.01627	0.00743	0.00420	0.00987
24	0.76672	0.01607	0.01221	0.01092	0.01607	0.01864	0.00900	0.02442	0.01414	0.03727	0.01157	0.01350	0.00900	0.00771	0.00514	0.00257	0.00643	0.00450	0.00514	0.00900
25	0.02056	0.01974	0.03372	0.05099	0.65622	0.01974	0.02550	0.02550	0.01892	0.02714	0.01563	0.02056	0.01316	0.00740	0.00822	0.00247	0.00987	0.00740	0.00411	0.01316
26	0.01020	0.00843	0.00895	0.00882	0.01146	0.00718	0.00662	0.01267	0.01985	0.02460	0.19696	0.07639	0.53870	0.02023	0.00981	0.00277	0.00415	0.01703	0.00800	0.00718
27	0.02056	0.01974	0.03372	0.05099	0.65622	0.01974	0.02550	0.02550	0.01892	0.02714	0.01563	0.02056	0.01316	0.00740	0.00822	0.00247	0.00987	0.00740	0.00411	0.01316
28	0.02046	0.01643	0.01782	0.01595	0.02040	0.01853	0.01241	0.04027	0.52647	0.07026	0.11340	0.03484	0.03192	0.01195	0.00862	0.00278	0.00626	0.01006	0.00865	0.01252
29	0.00999	0.00834	0.00873	0.00900	0.01154	0.00709	0.00673	0.01210	0.01864	0.02241	0.07871	0.14311	0.56886	0.02162	0.00996	0.00290	0.00441	0.04113	0.00771	0.00701
30	0.01191	0.00873	0.01250	0.01250	0.01369	0.00992	0.00932	0.01429	0.01310	0.01865	0.02303	0.03695	0.02264	0.19062	0.54937	0.01230	0.01943	0.00953	0.00457	0.00694
31	0.01666	0.04297	0.66500	0.02368	0.03596	0.01929	0.03069	0.02631	0.01754	0.02631	0.01491	0.01754	0.01052	0.00789	0.00789	0.00263	0.01228	0.00614	0.00351	0.01228
32	0.02221	0.71304	0.04353	0.01421	0.02132	0.03287	0.01421	0.02488	0.01688	0.01955	0.01155	0.01333	0.01066	0.00711	0.00533	0.00178	0.00888	0.00444	0.00355	0.01066
33	0.01208	0.00805	0.00906	0.00906	0.00906	0.00805	0.00503	0.01208	0.01208	0.01611	0.02618	0.05436	0.03020	0.70804	0.04228	0.00805	0.00805	0.01208	0.00503	0.00503
34	0.01818	0.01818	0.02545	0.02181	0.02181	0.02545	0.01818	0.01999	0.01272	0.01999	0.01091	0.01818	0.01091	0.01454	0.02726	0.00364	0.69284	0.00727	0.00364	0.00909
35	0.01176	0.00849	0.01110	0.01045	0.01241	0.00784	0.00784	0.01568	0.02352	0.03331	0.65184	0.06206	0.07839	0.01698	0.00980	0.00261	0.00392	0.01502	0.00914	0.00784
36	0.01818	0.01818	0.02545	0.02181	0.02181	0.02545	0.01818	0.01999	0.01272	0.01999	0.01091	0.01818	0.01091	0.01454	0.02726	0.00364	0.69284	0.00727	0.00364	0.00909
37	0.01666	0.04297	0.66500	0.02368	0.03596	0.01929	0.03069	0.02631	0.01754	0.02631	0.01491	0.01754	0.01052	0.00789	0.00789	0.00263	0.01228	0.00614	0.00351	0.01228
38	0.00982	0.00842	0.00842	0.00842	0.01122	0.00701	0.00631	0.01192	0.01894	0.02244	0.08416	0.07995	0.65285	0.02104	0.00982	0.00281	0.00421	0.01753	0.00771	0.00701
39	0.02066	0.01785	0.01878	0.01691	0.02160	0.02066	0.01315	0.04414	0.64121	0.03475	0.03381	0.03099	0.02536	0.01127	0.00845	0.00282	0.00657	0.00939	0.00845	0.01315
40	0.01968	0.01908	0.03326	0.15646	0.51532	0.01961	0.06501	0.02486	0.01858	0.02612	0.01556	0.02095	0.01277	0.00753	0.00834	0.00254	0.01035	0.00756	0.00405	0.01237
41	0.02676	0.15718	0.02931	0.02565	0.14509	0.36833	0.01762	0.05651	0.02157	0.02292	0.01336	0.01614	0.01133	0.00845	0.00832	0.00223	0.04852	0.00577	0.00426	0.01067
42	0.03053	0.07792	0.02468	0.02099	0.02543	0.63817	0.01595	0.03270	0.02316	0.02029	0.01277	0.01489	0.01070	0.00848	0.00737	0.00212	0.01463	0.00530	0.00424	0.00969
43	0.01839	0.02891	0.24006	0.01767	0.02398	0.19424	0.01772	0.02349	0.02066	0.02544	0.15782	0.03690	0.13648	0.01224	0.00851	0.00252	0.00989	0.00974	0.00562	0.00972
44	0.00982	0.00842	0.00842	0.00842	0.01122	0.00701	0.00631	0.01192	0.01894	0.02244	0.08416	0.07995	0.65285	0.02104	0.00982	0.00281	0.00421	0.01753	0.00771	0.00701
45	0.01012	0.00723	0.00964	0.01157	0.01205	0.00675	0.00771	0.01157	0.01591	0.02121	0.04579	0.70262	0.05495	0.02603	0.01060	0.00337	0.00482	0.02362	0.00771	0.00675
46	0.01714	0.01667	0.02370	0.05667	0.02273	0.02292	0.01733	0.01933	0.01302	0.01996	0.01273	0.02045	0.01232	0.02100	0.11844	0.00497	0.56050	0.00751	0.00375	0.00886
47	0.01054	0.00753	0.01012	0.01205	0.01271	0.00711	0.00844	0.01229	0.01632	0.02168	0.04556	0.62414	0.05403	0.02563	0.01072	0.00343	0.00518	0.09794	0.00770	0.00686
48	0.02494	0.20490	0.20438	0.02027	0.02744	0.33825	0.01962	0.02926	0.02027	0.02178	0.01309	0.01528	0.01064	0.00802	0.00707	0.00219	0.01275	0.00534	0.00389	0.01061
49	0.01814	0.09704	0.24243	0.02460	0.03243	0.04771	0.21496	0.02445	0.01747	0.02404	0.01594	0.02085	0.01276	0.01607	0.10887	0.00424	0.05574	0.00759	0.00391	0.01074
50	0.01046	0.00774	0.00965	0.01062	0.01183	0.00706	0.00735	0.01244	0.01780	0.02355	0.16832	0.42939	0.17719	0.05191	0.01162	0.00331	0.00466	0.02028	0.00787	0.00694
51	0.00982	0.00842	0.00842	0.00842	0.01122	0.00701	0.00631	0.01192	0.01894	0.02244	0.08416	0.07995	0.65285	0.02104	0.00982	0.00281	0.00421	0.01753	0.00771	0.00701
52	0.02339	0.34649	0.03335	0.01818	0.02259	0.19764	0.01578	0.02569	0.01747	0.01987	0.01171	0.01509	0.01074	0.00953	0.01194	0.00238	0.19898	0.00546	0.00376	0.00996
53	0.05134	0.01812	0.03003	0.20601	0.45411	0.01906	0.02365	0.02502	0.01835	0.05261	0.01596	0.02098	0.01278	0.00776	0.00812	0.00255	0.00991	0.00732	0.00431	0.01205
54	0.02442	0.17105	0.17256	0.02514	0.12628	0.29759	0.02045	0.02878	0.02015	0.02258	0.01348	0.01610	0.01104	0.00794	0.00727	0.00223	0.01236	0.00567	0.00394	0.01098
55	0.01802	0.01708	0.02800	0.10693	0.47282	0.01718	0.02159	0.02247	0.01869	0.02565	0.02863	0.03206	0.13510	0.01010	0.00854	0.00256	0.00891	0.00933	0.00476	0.01159
56	0.00982	0.00842	0.00842	0.00842	0.01122	0.00701	0.00631	0.01192	0.01894	0.02244	0.08416	0.07995	0.65285	0.02104	0.00982	0.00281	0.00421	0.01753	0.00771	0.00701
57	0.02910	0.03370	0.02566	0.02676	0.14610	0.46599	0.01782	0.10844	0.02466	0.02576	0.01429	0.01669	0.01161	0.00852	0.00774	0.00225	0.01325	0.00602	0.00477	0.01088
58	0.02158	0.02660	0.09867	0.06040	0.15163	0.14530	0.27707	0.02850	0.05870	0.02576	0.01662	0.02070	0.01287	0.00778	0.00874	0.00260	0.01267	0.00802	0.00438	0.01141
59	0.01001	0.00848	0.00868	0.00878	0.01154	0.00715	0.00669	0.01220	0.01895	0.02257	0.08203	0.08068	0.62081	0.02114	0.00991	0.00286	0.00439	0.04840	0.00771	0.00705
60	0.01041	0.00803	0.00960	0.01071	0.01236	0.00722	0.00785	0.01245	0.01761	0.02220	0.06185	0.35979	0.30787	0.02351	0.01038	0.00319	0.00492	0.09536	0.00770	0.00698
61	0.01649	0.03382	0.44907	0.02299	0.03178	0.01921	0.06938	0.02382	0.01672	0.02477	0.01741	0.08537	0.01511	0.01072	0.01154	0.00288	0.12547	0.00831	0.00399	0.01112
62	0.01976	0.29692	0.22645	0.02362	0.03265	0.02512	0.21462	0.02585	0.01794	0.02378	0.01421	0.01746	0.01124	0.00730	0.00751	0.00235	0.01151	0.00665	0.00375	0.01131
63	0.02576	0.03067	0.02341	0.02541	0.14893	0.42967	0.01654	0.02939	0.04926	0.02259	0.02351	0.02517	0.09460	0.01006	0.00798	0.00232	0.01221	0.00751	0.00487	0.01015
64	0.01716	0.03998	0.58364	0.02720	0.11590	0.01935	0.03002	0.02620	0.01772	0.02642	0.01500	0.01793	0.01086	0.00783	0.00794	0.00261	0.01197	0.00630	0.00359	0.01239
65	0.01942	0.02656	0.21918	0.04297	0.47400	0.01961	0.02702	0.02573	0.01851	0.02690	0.01542	0.01967	0.01238	0.00755	0.00813	0.00252	0.01058	0.00703	0.00393	0.01290
66	0.02101	0.20561	0.02846	0.07364	0.11837	0.15099	0.01634	0.02523	0.05645	0.02232	0.02330	0.02567	0.09477	0.01048	0.00985	0.00245	0.09259	0.00762	0.00464	0.01021
67	0.01776	0.17612	0.54151	0.02180	0.03305	0.02199	0.02742	0.02602	0.01741	0.02496	0.01424	0.01670	0.01055	0.00774	0.00738	0.00246	0.01160	0.00580	0.00352	0.01196
68	0.01826	0.13418	0.34172	0.17201	0.09897	0.04863	0.02543	0.02518	0.01762	0.02401	0.01436	0.01812	0.01093	0.00785	0.00762	0.00250	0.01138	0.00625	0.00365	0.01134
69	0.02243	0.08972	0.14039	0.12635	0.03005	0.10226	0.04311	0.02859	0.06785	0.14565	0.02765	0.02842	0.09169	0.01025	0.00811	0.00254	0.00976	0.00829	0.00586	0.01103
70	0.02822	0.03249	0.02647	0.02929	0.19866	0.42923	0.01862	0.09143	0.02385	0.02545	0.01433	0.01702	0.01172	0.00839	0.00778	0.00227	0.01299	0.00613	0.00464	0.01105
71	0.00990	0.00808	0.00876	0.00930	0.01145	0.00694	0.00670	0.01182	0.01809	0.02210	0.07340	0.25445	0.48529	0.02244	0.01004	0.00296	0.00438	0.01924	0.00771	0.00694
72	0.01037	0.00793	0.00897	0.00963	0.01108	0.00713	0.00654	0.01183	0.01653	0.02076	0.05941	0.28955	0.32298	0.15927	0.01654	0.00404	0.00518	0.01855	0.00718	0.00653
73	0.01612	0.01671	0.06333	0.13577	0.03225	0.01602	0.20048	0.04684	0.05084	0.02480	0.02373	0.14888	0.02227	0.02167	0.13650	0.00489	0.01270	0.01142	0.00516	0.00962
74	0.03128	0.03227	0.02417	0.02038	0.02572	0.38360	0.01593	0.30023	0.03050	0.03470	0.01603	0.01721	0.01224	0.00919	0.00786	0.00230	0.01236	0.00631	0.00609	0.01165
75	0.00994	0.00842	0.00858	0.00854	0.01129	0.00706	0.00641	0.01215	0.01922	0.02311	0.11890	0.07885	0.61769	0.02079	0.00982	0.00279	0.00419	0.01738	0.00780	0.00706
76	0.02883	0.02404	0.02325	0.01887	0.02473	0.10815	0.01518	0.40857	0.18464	0.04391	0.02243	0.02201	0.01644	0.01011	0.00824	0.00253	0.00927	0.00767	0.00783	0.01331
77	0.02820	0.03446	0.02706	0.02841	0.16067	0.50083	0.05037	0.03119	0.02235	0.02211	0.01364	0.01656	0.01132	0.00823	0.00777	0.00224	0.01384	0.00602	0.00424	0.01046
78	0.02193	0.01867	0.02364	0.05441	0.17917	0.01953	0.01651	0.15027	0.22290	0.03433	0.02214	0.02323	0.01703	0.00896	0.00792	0.00236	0.00801	0.00759	0.00648	0.15492
79	0.05067	0.34024	0.33670	0.01935	0.02887	0.02539	0.04512	0.02560	0.01718	0.02376	0.01334	0.01567	0.01060	0.00750	0.00671	0.00225	0.01058	0.00545	0.00362	0.01138
80	0.01272	0.01567	0.13789	0.01896	0.09964	0.01082	0.01439	0.01618	0.01661	0.02295	0.03600	0.48390	0.04108	0.02016	0.00978	0.00312	0.00689	0.01819	0.00644	0.00863
81	0.02099	0.02128	0.02171	0.01905	0.02066	0.17103	0.01533	0.04675	0.01702	0.02307	0.01472	0.02010	0.01302	0.01403	0.04325	0.00335	0.37506	0.00698	0.12350	0.00913
82	0.01020	0.00759	0.00928	0.01057	0.01160	0.00692	0.00714	0.01170	0.01636	0.02111	0.05386	0.49370	0.20343	0.07970	0.01296	0.00361	0.00493	0.02116	0.00750	0.00668
83	0.01966	0.12323	0.03268	0.05857	0.02813	0.06224	0.13852	0.02285	0.01553	0.02133	0.01249	0.01833	0.01120	0.01127	0.01841	0.00306	0.38172	0.00725	0.00378	0.00978
84	0.01266	0.01202	0.04784	0.01320	0.01524	0.01161	0.01079	0.01572	0.01895	0.02626	0.28431	0.15802	0.16729	0.01825	0.01330	0.00298	0.14146	0.01488	0.00725	0.00799
85	0.01047	0.00757	0.00935	0.01061	0.01133	0.00705	0.00698	0.01172	0.01559	0.02037	0.04749	0.48294	0.13728	0.16082	0.01678	0.00422	0.00537	0.02044	0.00718	0.00645
86	0.03121	0.01965	0.02487	0.02406	0.14958	0.02023	0.01657	0.32070	0.03017	0.24224	0.02319	0.02273	0.01599	0.00956	0.00831	0.00251	0.00862	0.00774	0.00811	0.01394
87	0.02016	0.01960	0.03305	0.04593	0.53591	0.02066	0.04759	0.02470	0.01800	0.02603	0.01495	0.02027	0.01279	0.00847	0.01119	0.00266	0.11405	0.00747	0.00404	0.01246
88	0.01370	0.01160	0.01687	0.01581	0.01686	0.01476	0.01265	0.01633	0.01317	0.01949	0.01895	0.02843	0.01790	0.04841	0.48670	0.01053	0.21729	0.00843	0.00421	0.00790
89	0.01084	0.00813	0.01009	0.01058	0.01228	0.00738	0.00775	0.01350	0.01964	0.02615	0.27569	0.27344	0.21586	0.02128	0.01016	0.00298	0.00451	0.05424	0.00823	0.00727
90	0.02894	0.07493	0.02528	0.02058	0.02493	0.42782	0.01616	0.14465	0.02470	0.02636	0.01387	0.01624	0.01138	0.00951	0.01006	0.00238	0.10086	0.00595	0.00492	0.01048
91	0.01790	0.07396	0.37545	0.05697	0.17128	0.01913	0.02551	0.02512	0.01772	0.02595	0.01484	0.01811	0.01137	0.00753	0.00760	0.00237	0.01069	0.00621	0.00383	0.10846
92	0.01788	0.04317	0.01778	0.01556	0.01793	0.09983	0.01228	0.08945	0.01830	0.02362	0.02260	0.03766	0.02216	0.12861	0.24711	0.00726	0.08045	0.08461	0.00526	0.00847
93	0.02777	0.28845	0.03093	0.01875	0.02407	0.43752	0.01537	0.03011	0.02108	0.02004	0.01236	0.01437	0.01069	0.00802	0.00669	0.00201	0.01273	0.00501	0.00401	0.01001
94	0.01776	0.01732	0.02718	0.16384	0.08648	0.05985	0.17154	0.05969	0.02140	0.02827	0.18850	0.03519	0.06442	0.01101	0.00911	0.00265	0.00959	0.01045	0.00585	0.00991
95	0.02508	0.08631	0.08287	0.08881	0.18697	0.34386	0.02016	0.02892	0.02071	0.02257	0.01379	0.01712	0.01133	0.00807	0.00761	0.00229	0.01263	0.00604	0.00406	0.01079
96	0.01557	0.01354	0.01395	0.01291	0.01604	0.05613	0.00983	0.02533	0.22024	0.03114	0.31927	0.05191	0.15056	0.01526	0.00922	0.00268	0.00555	0.01299	0.00837	0.00952
97	0.01196	0.00800	0.00910	0.00921	0.00924	0.00797	0.00520	0.01205	0.01232	0.01642	0.02738	0.09404	0.03172	0.66630	0.04034	0.00777	0.00786	0.01279	0.00520	0.00514
98	0.02086	0.01897	0.03055	0.16687	0.39198	0.02005	0.05020	0.11416	0.02127	0.02940	0.01644	0.02137	0.01319	0.01024	0.03626	0.00300	0.01070	0.00758	0.00468	0.01222
99	0.01923	0.02407	0.12379	0.07163	0.17697	0.02037	0.38627	0.02604	0.01903	0.02640	0.01620	0.02136	0.01238	0.00727	0.00913	0.00270	0.01272	0.00868	0.00407	0.01166
100	0.01208	0.00805	0.00906	0.00906	0.00906	0.00805	0.00503	0.01208	0.01208	0.01611	0.02618	0.05436	0.03020	0.70804	0.04228	0.00805	0.00805	0.01208	0.00503	0.00503
101	0.01030	0.00736	0.00984	0.01177	0.01233	0.00690	0.00802	0.01187	0.01608	0.02140	0.04569	0.66966	0.05456	0.02586	0.01065	0.00340	0.00497	0.05483	0.00771	0.00680
102	0.02395	0.10931	0.02575	0.01950	0.02395	0.23784	0.04961	0.06432	0.18556	0.02605	0.01928	0.02124	0.01557	0.01330	0.05413	0.00324	0.08402	0.00712	0.00546	0.01082
103	0.01010	0.00817	0.00902	0.00964	0.01178	0.00709	0.00709	0.01213	0.01814	0.02225	0.07168	0.24609	0.45964	0.02247	0.01012	0.00301	0.00457	0.05231	0.00771	0.00698
104	0.01012	0.00723	0.00964	0.01157	0.01205	0.00675	0.00771	0.01157	0.01591	0.02121	0.04579	0.70262	0.05495	0.02603	0.01060	0.00337	0.00482	0.02362	0.00771	0.00675
105	0.01466	0.01316	0.01947	0.01749	0.01851	0.01653	0.04552	0.01699	0.01368	0.02002	0.02057	0.11382	0.02126	0.07458	0.24904	0.00719	0.29452	0.01037	0.00456	0.00807
106	0.01941	0.22342	0.34304	0.02322	0.03295	0.05227	0.14381	0.02628	0.01803	0.02424	0.01427	0.01723	0.01098	0.00753	0.00755	0.00241	0.01180	0.00636	0.00369	0.01150
107	0.01055	0.00848	0.00953	0.01015	0.01248	0.00747	0.00786	0.01290	0.01858	0.02275	0.07147	0.16285	0.45919	0.02205	0.01024	0.00308	0.00495	0.13062	0.00770	0.00710
108	0.01188	0.00887	0.01317	0.01317	0.01459	0.01029	0.01016	0.01472	0.01330	0.01915	0.02242	0.03354	0.02116	0.08916	0.64880	0.01313	0.02166	0.00903	0.00447	0.00732
109	0.01632	0.01656	0.03281	0.02820	0.09961	0.01568	0.32938	0.02113	0.01830	0.02482	0.02740	0.24827	0.02813	0.01400	0.00997	0.00300	0.01025	0.04086	0.00550	0.00980
110	0.01134	0.00919	0.01471	0.01459	0.01609	0.00859	0.08740	0.01351	0.01638	0.02190	0.04205	0.61496	0.04949	0.02357	0.01050	0.00330	0.00600	0.02184	0.00726	0.00732
111	0.02056	0.01974	0.03372	0.05099	0.65622	0.01974	0.02550	0.02550	0.01892	0.02714	0.01563	0.02056	0.01316	0.00740	0.00822	0.00247	0.00987	0.00740	0.00411	0.01316
112	0.01982	0.02306	0.05967	0.10739	0.03018	0.20701	0.13710	0.02414	0.02025	0.02400	0.08200	0.08969	0.02672	0.01257	0.00915	0.00278	0.01116	0.09858	0.00539	0.00933
113	0.02060	0.02622	0.15176	0.12388	0.37535	0.10802	0.02490	0.02614	0.01898	0.02530	0.01500	0.01943	0.01205	0.00777	0.00807	0.00249	0.01118	0.00688	0.00397	0.01201
114	0.05662	0.06279	0.03006	0.02911	0.18827	0.17563	0.09645	0.16346	0.06238	0.03160	0.01681	0.01930	0.01317	0.00843	0.00800	0.00243	0.01104	0.00709	0.00538	0.01199
115	0.01778	0.07486	0.46361	0.02298	0.03346	0.02007	0.08602	0.02820	0.09332	0.02701	0.01719	0.01940	0.01261	0.00810	0.00793	0.00256	0.01132	0.00675	0.00424	0.04257
116	0.02367	0.02053	0.10858	0.02227	0.06596	0.01711	0.13722	0.03352	0.17259	0.19717	0.02772	0.02755	0.04554	0.00962	0.00854	0.00261	0.00899	0.00876	0.00696	0.05508

[dist]
# distance from previous block
# <min> <max>
1	39

[block]
# block no. 1 follows, 22 sequences, length 20
# corresponding to MSA columns:
# 185-204
name=unknown_B
#
# <colnr> <probs for GDERKNQSTAVLIFYWHMCP>
#	G	D	E	R	K	N	Q	S	T	A	V	L	I	F	Y	W	H	M	C	P
0	0.01802	0.05431	0.10120	0.20752	0.14852	0.01878	0.12271	0.06514	0.01989	0.02681	0.06573	0.02821	0.06774	0.00956	0.00858	0.00263	0.01020	0.00886	0.00485	0.01075
1	0.02435	0.18108	0.10550	0.02383	0.13114	0.19177	0.01817	0.12417	0.02228	0.02691	0.01536	0.01943	0.01301	0.05729	0.00976	0.00265	0.01101	0.00641	0.00470	0.01118
2	0.12866	0.06662	0.05579	0.06903	0.09727	0.26113	0.01690	0.12907	0.02289	0.02919	0.01557	0.04242	0.01298	0.00907	0.00746	0.00239	0.01111	0.00663	0.00507	0.01075
3	0.01828	0.01635	0.06356	0.11925	0.11111	0.01544	0.04130	0.13098	0.02202	0.05331	0.09293	0.21935	0.03191	0.01444	0.00914	0.00282	0.00807	0.01289	0.00657	0.01027
4	0.02179	0.05365	0.03115	0.15096	0.41151	0.02124	0.02280	0.13228	0.02202	0.03027	0.01605	0.02036	0.01286	0.00800	0.00811	0.00249	0.00989	0.00727	0.00476	0.01255
5	0.01963	0.12306	0.02996	0.03581	0.40176	0.06541	0.01972	0.02352	0.01894	0.02469	0.02704	0.02967	0.12668	0.00987	0.00802	0.00240	0.00907	0.00862	0.00468	0.01144
6	0.01251	0.01021	0.01369	0.01271	0.01434	0.01061	0.03444	0.01497	0.01800	0.02443	0.22577	0.13005	0.16894	0.13487	0.01783	0.00385	0.09950	0.03890	0.00698	0.00738
7	0.02439	0.01970	0.02088	0.01766	0.02302	0.02240	0.01405	0.24347	0.43582	0.04076	0.02908	0.02723	0.02153	0.01083	0.00840	0.00271	0.00745	0.00874	0.00840	0.01348
8	0.01134	0.00936	0.00976	0.00952	0.01214	0.00861	0.00699	0.01556	0.08340	0.02378	0.11223	0.07071	0.47702	0.09703	0.01333	0.00338	0.00487	0.01589	0.00759	0.00749
9	0.01723	0.01477	0.01723	0.01230	0.01969	0.01107	0.00984	0.02092	0.01723	0.02707	0.01477	0.01723	0.01230	0.00615	0.00615	0.00123	0.00615	0.00492	0.00492	0.75883
10	0.01187	0.00890	0.01335	0.01335	0.01483	0.01038	0.01038	0.01483	0.01335	0.01928	0.02225	0.03264	0.02077	0.06231	0.67512	0.01335	0.02225	0.00890	0.00445	0.00742
11	0.01549	0.00774	0.00774	0.00774	0.00968	0.00774	0.00581	0.01936	0.01742	0.03097	0.02710	0.03097	0.02129	0.00968	0.00581	0.00194	0.00387	0.00774	0.75416	0.00774
12	0.01094	0.00778	0.00956	0.01036	0.01158	0.00719	0.00716	0.01306	0.01776	0.02418	0.17381	0.37114	0.15228	0.07659	0.01250	0.00340	0.00473	0.01883	0.06019	0.00695
13	0.01079	0.00751	0.00944	0.01071	0.01103	0.00719	0.00680	0.01174	0.01460	0.01947	0.03910	0.48150	0.04651	0.25866	0.02141	0.00497	0.00592	0.01968	0.00680	0.00616
14	0.01967	0.01623	0.01718	0.01513	0.01959	0.01792	0.01185	0.13047	0.37901	0.03495	0.07698	0.04117	0.15739	0.01342	0.00879	0.00275	0.00635	0.01110	0.00832	0.01173
15	0.02363	0.08173	0.02758	0.02598	0.13021	0.26411	0.01831	0.02616	0.01808	0.02129	0.01247	0.01702	0.01119	0.01054	0.01502	0.00274	0.27353	0.00636	0.00395	0.01010
16	0.01066	0.00769	0.00962	0.01062	0.01151	0.00716	0.00712	0.01231	0.01674	0.02230	0.13766	0.42718	0.12156	0.13915	0.01574	0.00399	0.00516	0.01970	0.00748	0.00665
17	0.02221	0.71304	0.04353	0.01421	0.02132	0.03287	0.01421	0.02488	0.01688	0.01955	0.01155	0.01333	0.01066	0.00711	0.00533	0.00178	0.00888	0.00444	0.00355	0.01066
18	0.05066	0.35198	0.22415	0.01881	0.02718	0.07840	0.04842	0.06840	0.01919	0.02494	0.01349	0.01561	0.01090	0.00768	0.00668	0.00219	0.01055	0.00549	0.00402	0.01126
19	0.01464	0.01306	0.01343	0.01324	0.01617	0.08352	0.01034	0.01749	0.01893	0.02424	0.09055	0.19840	0.13414	0.01839	0.00955	0.00285	0.00679	0.17302	0.00695	0.13430

[dist]
# distance from previous block
# <min> <max>
0	1

[block]
# block no. 2 follows, 22 sequences, length 8
# corresponding to MSA columns:
# 206-213
name=unknown_C
#
# <colnr> <probs for GDERKNQSTAVLIFYWHMCP>
#	G	D	E	R	K	N	Q	S	T	A	V	L	I	F	Y	W	H	M	C	P
0	0.01861	0.01319	0.01668	0.01748	0.08904	0.01298	0.01189	0.08131	0.08789	0.09793	0.03723	0.15122	0.10703	0.08682	0.01253	0.00332	0.00690	0.07151	0.00723	0.06919
1	0.01744	0.14827	0.08984	0.05462	0.02434	0.01752	0.10367	0.05036	0.01797	0.02563	0.02056	0.07667	0.01812	0.01675	0.09735	0.00379	0.01048	0.00849	0.14894	0.04917
2	0.16222	0.17166	0.21797	0.01605	0.02317	0.01950	0.01692	0.02505	0.01664	0.09904	0.01721	0.02142	0.01394	0.06644	0.07655	0.00392	0.01052	0.00645	0.00482	0.01049
3	0.01956	0.02700	0.16647	0.02477	0.15373	0.19265	0.01893	0.02407	0.01910	0.02329	0.02691	0.02980	0.11841	0.01747	0.09806	0.00394	0.01252	0.00844	0.00466	0.01022
4	0.02645	0.02601	0.02390	0.02385	0.12779	0.24172	0.01623	0.21966	0.02614	0.03186	0.01696	0.02071	0.01391	0.04697	0.05176	0.00325	0.01183	0.00690	0.00563	0.05846
5	0.02066	0.17424	0.02595	0.01653	0.02068	0.02302	0.01413	0.15743	0.02100	0.02817	0.02548	0.02759	0.11755	0.01224	0.01348	0.00263	0.21600	0.00819	0.00545	0.06959
6	0.01606	0.10149	0.06479	0.01880	0.04822	0.01588	0.11678	0.05317	0.01948	0.02651	0.15785	0.19576	0.03734	0.04854	0.01148	0.00302	0.03620	0.01314	0.00622	0.00927
7	0.02478	0.22085	0.02695	0.01768	0.02243	0.32213	0.01423	0.03047	0.12121	0.02254	0.01920	0.08624	0.01752	0.01035	0.00736	0.00227	0.01089	0.00759	0.00510	0.01020

[dist]
# distance from previous block
# <min> <max>
5	32

[block]
# block no. 3 follows, 22 sequences, length 44
# corresponding to MSA columns:
# 246-289
name=unknown_D
#
# <colnr> <probs for GDERKNQSTAVLIFYWHMCP>
#	G	D	E	R	K	N	Q	S	T	A	V	L	I	F	Y	W	H	M	C	P
0	0.01937	0.16085	0.13672	0.01839	0.05704	0.02044	0.01641	0.09855	0.15641	0.02968	0.06157	0.07516	0.05907	0.01195	0.00816	0.00260	0.00819	0.04194	0.00625	0.01125
1	0.01955	0.29175	0.30258	0.01770	0.02640	0.02251	0.02022	0.02526	0.01816	0.06997	0.05453	0.02326	0.05716	0.00913	0.00718	0.00231	0.00962	0.00689	0.00460	0.01121
2	0.17924	0.01895	0.06279	0.10078	0.26654	0.01839	0.10357	0.02410	0.01769	0.02833	0.01795	0.02745	0.01569	0.00927	0.00813	0.00273	0.00971	0.07312	0.00466	0.01092
3	0.02393	0.02525	0.02945	0.03900	0.40931	0.20163	0.02158	0.05392	0.06616	0.02685	0.01635	0.01975	0.01340	0.00811	0.00804	0.00240	0.01102	0.00698	0.00465	0.01222
4	0.02056	0.01974	0.03372	0.05099	0.65622	0.01974	0.02550	0.02550	0.01892	0.02714	0.01563	0.02056	0.01316	0.00740	0.00822	0.00247	0.00987	0.00740	0.00411	0.01316
5	0.01961	0.01410	0.01491	0.01489	0.05793	0.08258	0.01050	0.02306	0.04521	0.16731	0.09472	0.12352	0.26597	0.01624	0.00916	0.00271	0.00654	0.01365	0.00781	0.00958
6	0.02482	0.01245	0.01554	0.01328	0.01777	0.01160	0.01046	0.03074	0.11529	0.33215	0.08841	0.12154	0.14050	0.01470	0.00900	0.00275	0.00599	0.01245	0.00916	0.01139
7	0.01569	0.01477	0.02492	0.68808	0.05722	0.01846	0.02307	0.02123	0.01661	0.02123	0.01477	0.02215	0.01107	0.00831	0.00831	0.00277	0.01107	0.00738	0.00369	0.00923
8	0.01947	0.01863	0.03176	0.19304	0.52267	0.01945	0.02495	0.02454	0.01840	0.02582	0.01543	0.02091	0.01269	0.00760	0.00824	0.00253	0.01014	0.00740	0.00402	0.01228
9	0.03103	0.03959	0.02354	0.02140	0.02568	0.67469	0.01605	0.03317	0.02354	0.02033	0.01284	0.01498	0.01070	0.00856	0.00749	0.00214	0.01498	0.00535	0.00428	0.00963
10	0.00992	0.00842	0.00855	0.00852	0.01128	0.00706	0.00639	0.01211	0.01917	0.02300	0.11306	0.07904	0.62360	0.02083	0.00982	0.00280	0.00419	0.01741	0.00779	0.00706
11	0.01818	0.01818	0.02545	0.02181	0.02181	0.02545	0.01818	0.01999	0.01272	0.01999	0.01091	0.01818	0.01091	0.01454	0.02726	0.00364	0.69284	0.00727	0.00364	0.00909
12	0.02595	0.03039	0.02705	0.07478	0.23313	0.38466	0.01970	0.02921	0.02102	0.02259	0.01378	0.01743	0.01154	0.00847	0.00880	0.00237	0.04800	0.00625	0.00415	0.01073
13	0.01633	0.00952	0.01203	0.01094	0.01388	0.00845	0.00836	0.01951	0.02196	0.15659	0.35282	0.10581	0.19694	0.01722	0.00957	0.00270	0.00469	0.01488	0.00894	0.00884
14	0.00982	0.00842	0.00842	0.00842	0.01122	0.00701	0.00631	0.01192	0.01894	0.02244	0.08416	0.07995	0.65285	0.02104	0.00982	0.00281	0.00421	0.01753	0.00771	0.00701
15	0.02202	0.02312	0.03028	0.11157	0.43071	0.15185	0.02294	0.02629	0.01927	0.02475	0.01472	0.01948	0.01232	0.00812	0.00912	0.00250	0.04810	0.00698	0.00408	0.01181
16	0.01992	0.02136	0.04257	0.03621	0.16444	0.02071	0.43675	0.02834	0.08875	0.02762	0.01846	0.02299	0.01414	0.00756	0.00934	0.00274	0.01234	0.00927	0.00466	0.01181
17	0.01216	0.00871	0.01243	0.01243	0.01376	0.00991	0.00941	0.01483	0.01349	0.01975	0.02308	0.03514	0.02194	0.13638	0.55025	0.01188	0.01921	0.00920	0.05889	0.00715
18	0.01221	0.00873	0.01252	0.01252	0.01393	0.00997	0.00956	0.01503	0.01362	0.02009	0.02299	0.03416	0.02154	0.10729	0.56659	0.01192	0.01952	0.00904	0.07152	0.00726
19	0.01723	0.01477	0.01723	0.01230	0.01969	0.01107	0.00984	0.02092	0.01723	0.02707	0.01477	0.01723	0.01230	0.00615	0.00615	0.00123	0.00615	0.00492	0.00492	0.75883
20	0.01208	0.00805	0.00906	0.00906	0.00906	0.00805	0.00503	0.01208	0.01208	0.01611	0.02618	0.05436	0.03020	0.70804	0.04228	0.00805	0.00805	0.01208	0.00503	0.00503
21	0.01012	0.00723	0.00964	0.01157	0.01205	0.00675	0.00771	0.01157	0.01591	0.02121	0.04579	0.70262	0.05495	0.02603	0.01060	0.00337	0.00482	0.02362	0.00771	0.00675
22	0.01045	0.00763	0.00991	0.01160	0.01252	0.00709	0.00818	0.01224	0.01663	0.02176	0.05021	0.55964	0.12627	0.02508	0.01061	0.00336	0.00506	0.08716	0.00771	0.00688
23	0.02066	0.01785	0.01878	0.01691	0.02160	0.02066	0.01315	0.04414	0.64121	0.03475	0.03381	0.03099	0.02536	0.01127	0.00845	0.00282	0.00657	0.00939	0.00845	0.01315
24	0.01666	0.04297	0.66500	0.02368	0.03596	0.01929	0.03069	0.02631	0.01754	0.02631	0.01491	0.01754	0.01052	0.00789	0.00789	0.00263	0.01228	0.00614	0.00351	0.01228
25	0.02066	0.01785	0.01878	0.01691	0.02160	0.02066	0.01315	0.04414	0.64121	0.03475	0.03381	0.03099	0.02536	0.01127	0.00845	0.00282	0.00657	0.00939	0.00845	0.01315
26	0.01971	0.01885	0.03186	0.08399	0.58801	0.01898	0.02432	0.02452	0.01879	0.02656	0.01930	0.02387	0.04776	0.00819	0.00832	0.00250	0.00963	0.00795	0.00428	0.01261
27	0.02897	0.03446	0.02265	0.02039	0.02486	0.51290	0.01545	0.06294	0.14869	0.02472	0.01739	0.01844	0.01381	0.00917	0.00772	0.00229	0.01302	0.00626	0.00531	0.01055
28	0.01343	0.00882	0.01140	0.01066	0.01284	0.00806	0.00796	0.01693	0.02248	0.07706	0.52230	0.09198	0.10286	0.04303	0.01095	0.00286	0.00436	0.01499	0.00892	0.00809
29	0.02402	0.02198	0.02061	0.01674	0.02271	0.13347	0.01323	0.17702	0.18371	0.03402	0.02058	0.02103	0.01582	0.00882	0.00750	0.00210	0.00854	0.00677	0.00654	0.25480
30	0.02411	0.02639	0.03421	0.03597	0.26768	0.20835	0.18082	0.07172	0.02189	0.02688	0.01545	0.01940	0.01238	0.00782	0.00844	0.00246	0.01238	0.00745	0.00449	0.01170
31	0.05133	0.01386	0.01417	0.01345	0.01671	0.04866	0.01047	0.12159	0.08703	0.02941	0.04793	0.18531	0.21647	0.01811	0.00945	0.00295	0.00654	0.08986	0.00758	0.00912
32	0.01942	0.29077	0.29052	0.02269	0.03214	0.02480	0.16010	0.02584	0.01776	0.02383	0.01408	0.01706	0.01105	0.00739	0.00736	0.00235	0.01139	0.00633	0.00368	0.01142
33	0.06229	0.01928	0.02499	0.01989	0.02572	0.02080	0.12076	0.19433	0.27025	0.07322	0.06018	0.02721	0.02195	0.01025	0.00855	0.00269	0.00844	0.00896	0.00764	0.01262
34	0.01321	0.00878	0.01143	0.01060	0.01268	0.00810	0.00790	0.01683	0.02278	0.06741	0.57613	0.05966	0.07199	0.06192	0.01185	0.00297	0.00437	0.01446	0.00894	0.00801
35	0.00991	0.00804	0.00881	0.00942	0.01148	0.00693	0.00676	0.01181	0.01797	0.02205	0.07193	0.27833	0.46236	0.02263	0.01007	0.00299	0.00440	0.01947	0.00771	0.00693
36	0.03091	0.02205	0.02386	0.01839	0.02470	0.02419	0.01507	0.56773	0.03694	0.08199	0.02091	0.02208	0.01525	0.04451	0.00999	0.00277	0.00898	0.00775	0.00825	0.01368
37	0.01818	0.01818	0.02545	0.02181	0.02181	0.02545	0.01818	0.01999	0.01272	0.01999	0.01091	0.01818	0.01091	0.01454	0.02726	0.00364	0.69284	0.00727	0.00364	0.00909
38	0.76672	0.01607	0.01221	0.01092	0.01607	0.01864	0.00900	0.02442	0.01414	0.03727	0.01157	0.01350	0.00900	0.00771	0.00514	0.00257	0.00643	0.00450	0.00514	0.00900
39	0.03103	0.03959	0.02354	0.02140	0.02568	0.67469	0.01605	0.03317	0.02354	0.02033	0.01284	0.01498	0.01070	0.00856	0.00749	0.00214	0.01498	0.00535	0.00428	0.00963
40	0.00982	0.00842	0.00842	0.00842	0.01122	0.00701	0.00631	0.01192	0.01894	0.02244	0.08416	0.07995	0.65285	0.02104	0.00982	0.00281	0.00421	0.01753	0.00771	0.00701
41	0.01012	0.00723	0.00964	0.01157	0.01205	0.00675	0.00771	0.01157	0.01591	0.02121	0.04579	0.70262	0.05495	0.02603	0.01060	0.00337	0.00482	0.02362	0.00771	0.00675
42	0.02308	0.07302	0.03020	0.02259	0.02808	0.17073	0.20834	0.07162	0.05308	0.07489	0.02291	0.14000	0.02082	0.01140	0.00879	0.00263	0.01098	0.01050	0.00578	0.01056
43	0.21953	0.37186	0.02967	0.01429	0.01996	0.12863	0.01266	0.02511	0.01714	0.02447	0.01421	0.06301	0.01340	0.00885	0.00600	0.00216	0.00891	0.00597	0.00439	0.00978

[dist]
# distance from previous block
# <min> <max>
17	33

[block]
# block no. 4 follows, 22 sequences, length 58
# corresponding to MSA columns:
# 325-382
name=unknown_E
#
# <colnr> <probs for GDERKNQSTAVLIFYWHMCP>
#	G	D	E	R	K	N	Q	S	T	A	V	L	I	F	Y	W	H	M	C	P
0	0.07434	0.21180	0.02886	0.02333	0.14739	0.22273	0.01609	0.02672	0.01936	0.04337	0.01954	0.02158	0.06559	0.00923	0.00792	0.00227	0.03820	0.00666	0.00457	0.01047
1	0.02303	0.06225	0.02558	0.02780	0.23388	0.13870	0.01709	0.10098	0.04266	0.05514	0.08715	0.02590	0.04233	0.00955	0.00799	0.00231	0.00929	0.00792	0.00575	0.07468
2	0.02016	0.02358	0.08018	0.02263	0.06337	0.13770	0.11660	0.02560	0.06054	0.02467	0.02029	0.02338	0.05746	0.00980	0.01135	0.00248	0.12896	0.00765	0.00473	0.15887
3	0.01267	0.01060	0.01211	0.01331	0.06666	0.01018	0.00862	0.01754	0.10335	0.02328	0.05993	0.06311	0.38888	0.15480	0.01593	0.00382	0.00577	0.01447	0.00698	0.00799
4	0.02921	0.02835	0.02319	0.01954	0.02491	0.26966	0.01536	0.28794	0.15263	0.03678	0.02001	0.02026	0.01506	0.00970	0.00803	0.00242	0.01084	0.00706	0.00682	0.01224
5	0.02035	0.01046	0.01345	0.01157	0.01527	0.00921	0.00907	0.02366	0.02270	0.25223	0.32155	0.05373	0.17199	0.01543	0.00929	0.00264	0.00508	0.01318	0.00926	0.00989
6	0.00984	0.00835	0.00849	0.00860	0.01127	0.00700	0.00639	0.01190	0.01876	0.02237	0.08190	0.11653	0.61772	0.02133	0.00986	0.00284	0.00424	0.01789	0.00771	0.00700
7	0.01800	0.03361	0.38451	0.02884	0.03935	0.02007	0.30180	0.02645	0.01848	0.02645	0.01577	0.01976	0.01147	0.00749	0.00876	0.00271	0.01306	0.00781	0.00382	0.01179
8	0.01109	0.00847	0.01018	0.00975	0.01200	0.00756	0.00731	0.01439	0.02194	0.02958	0.45702	0.06820	0.27553	0.01838	0.00981	0.00268	0.00402	0.01588	0.00865	0.00756
9	0.01187	0.00890	0.01335	0.01335	0.01483	0.01038	0.01038	0.01483	0.01335	0.01928	0.02225	0.03264	0.02077	0.06231	0.67512	0.01335	0.02225	0.00890	0.00445	0.00742
10	0.01723	0.01477	0.01723	0.01230	0.01969	0.01107	0.00984	0.02092	0.01723	0.02707	0.01477	0.01723	0.01230	0.00615	0.00615	0.00123	0.00615	0.00492	0.00492	0.75883
11	0.03147	0.02651	0.02466	0.01957	0.02575	0.15447	0.01584	0.51044	0.03598	0.04600	0.01854	0.01896	0.01345	0.00969	0.00815	0.00242	0.01030	0.00706	0.00751	0.01324
12	0.01098	0.00759	0.00939	0.01047	0.01074	0.00732	0.00653	0.01179	0.01422	0.01897	0.03717	0.41778	0.04407	0.32570	0.02452	0.00543	0.00624	0.01855	0.00653	0.00599
13	0.02683	0.13277	0.02609	0.02150	0.06812	0.43472	0.01581	0.03110	0.07369	0.02184	0.01526	0.01768	0.01279	0.01214	0.05257	0.00293	0.01352	0.00594	0.00453	0.01018
14	0.01549	0.00774	0.00774	0.00774	0.00968	0.00774	0.00581	0.01936	0.01742	0.03097	0.02710	0.03097	0.02129	0.00968	0.00581	0.00194	0.00387	0.00774	0.75416	0.00774
15	0.01012	0.00723	0.00964	0.01157	0.01205	0.00675	0.00771	0.01157	0.01591	0.02121	0.04579	0.70262	0.05495	0.02603	0.01060	0.00337	0.00482	0.02362	0.00771	0.00675
16	0.02034	0.01951	0.03332	0.08006	0.62889	0.01968	0.02538	0.02530	0.01881	0.02687	0.01559	0.02063	0.01306	0.00744	0.00823	0.00248	0.00992	0.00740	0.00409	0.01298
17	0.01903	0.01277	0.01406	0.01273	0.01655	0.01315	0.01005	0.06305	0.20639	0.10894	0.04576	0.04742	0.19193	0.01420	0.00853	0.00267	0.00574	0.05240	0.14430	0.01033
18	0.00983	0.00837	0.00847	0.00854	0.01125	0.00700	0.00637	0.01191	0.01881	0.02239	0.08260	0.10529	0.62852	0.02124	0.00985	0.00283	0.00423	0.01778	0.00771	0.00700
19	0.01369	0.01072	0.01254	0.01308	0.01488	0.01134	0.00924	0.02211	0.21718	0.02514	0.04027	0.43137	0.04332	0.07883	0.01258	0.00359	0.00566	0.01806	0.00772	0.00867
20	0.01975	0.01639	0.01855	0.01387	0.02081	0.01441	0.01112	0.11266	0.09783	0.03172	0.01789	0.01933	0.01419	0.00735	0.00675	0.00161	0.00664	0.00585	0.00586	0.55741
21	0.02040	0.11413	0.03047	0.06125	0.08169	0.01920	0.14539	0.09847	0.02050	0.02873	0.01548	0.01871	0.01237	0.00717	0.00739	0.00199	0.00919	0.00657	0.00486	0.29605
22	0.06652	0.25653	0.13025	0.01645	0.02322	0.05055	0.01604	0.17654	0.02250	0.03092	0.01629	0.01854	0.01300	0.01201	0.05202	0.00295	0.01008	0.00610	0.06828	0.01119
23	0.01137	0.00950	0.00981	0.00967	0.01236	0.00878	0.00712	0.01592	0.09542	0.02338	0.07127	0.10013	0.49516	0.07804	0.01242	0.00328	0.00485	0.01634	0.00758	0.00760
24	0.01202	0.00829	0.01025	0.01025	0.01066	0.00870	0.00651	0.01284	0.01243	0.01699	0.02509	0.04836	0.02760	0.52964	0.21712	0.00952	0.01198	0.01120	0.00487	0.00569
25	0.02593	0.16681	0.03076	0.02945	0.22662	0.33778	0.01871	0.02907	0.02074	0.02235	0.01348	0.01644	0.01148	0.00790	0.00730	0.00217	0.01214	0.00583	0.00408	0.01096
26	0.02056	0.01974	0.03372	0.05099	0.65622	0.01974	0.02550	0.02550	0.01892	0.02714	0.01563	0.02056	0.01316	0.00740	0.00822	0.00247	0.00987	0.00740	0.00411	0.01316
27	0.01012	0.00723	0.00964	0.01157	0.01205	0.00675	0.00771	0.01157	0.01591	0.02121	0.04579	0.70262	0.05495	0.02603	0.01060	0.00337	0.00482	0.02362	0.00771	0.00675
28	0.02029	0.02137	0.07793	0.04908	0.61278	0.01971	0.02586	0.02555	0.01882	0.02708	0.01558	0.02035	0.01297	0.00744	0.00820	0.00248	0.01004	0.00731	0.00407	0.01310
29	0.36282	0.01758	0.01822	0.01837	0.10625	0.01945	0.01280	0.19474	0.02225	0.03936	0.01642	0.01846	0.01255	0.00855	0.00654	0.00246	0.00735	0.00614	0.09882	0.01087
30	0.02566	0.02981	0.02180	0.02098	0.06020	0.41013	0.01514	0.03206	0.13541	0.02496	0.09603	0.02419	0.02192	0.01025	0.00873	0.00240	0.03702	0.00748	0.00561	0.01024
31	0.02678	0.01418	0.01748	0.01455	0.01930	0.01440	0.01171	0.11477	0.11159	0.29276	0.02853	0.02865	0.02049	0.01979	0.12954	0.00448	0.00965	0.00841	0.10098	0.01198
32	0.02056	0.01974	0.03372	0.05099	0.65622	0.01974	0.02550	0.02550	0.01892	0.02714	0.01563	0.02056	0.01316	0.00740	0.00822	0.00247	0.00987	0.00740	0.00411	0.01316
33	0.02186	0.02220	0.03246	0.04732	0.57799	0.10100	0.02432	0.02645	0.01949	0.02630	0.01528	0.01987	0.01285	0.00755	0.00813	0.00243	0.01050	0.00715	0.00413	0.01272
34	0.02366	0.01570	0.01832	0.01550	0.01964	0.01673	0.01217	0.29663	0.02677	0.11424	0.02745	0.16072	0.02516	0.07005	0.11264	0.00472	0.00995	0.01133	0.00762	0.01101
35	0.01569	0.01477	0.02492	0.68808	0.05722	0.01846	0.02307	0.02123	0.01661	0.02123	0.01477	0.02215	0.01107	0.00831	0.00831	0.00277	0.01107	0.00738	0.00369	0.00923
36	0.01745	0.01260	0.01468	0.01304	0.01542	0.01365	0.00957	0.18711	0.02031	0.02745	0.02551	0.03971	0.04629	0.31054	0.20253	0.00772	0.01206	0.01012	0.00590	0.00832
37	0.02491	0.02496	0.02089	0.08812	0.02580	0.26783	0.01477	0.16724	0.06230	0.03048	0.07151	0.02414	0.01955	0.01358	0.05466	0.00314	0.01153	0.00753	0.05667	0.01041
38	0.01934	0.02183	0.09798	0.13331	0.40553	0.01974	0.12996	0.02518	0.01858	0.02615	0.01564	0.02080	0.01251	0.00751	0.00848	0.00258	0.01099	0.00769	0.00401	0.01219
39	0.02809	0.11780	0.02527	0.01950	0.02440	0.42112	0.01527	0.08439	0.13657	0.02556	0.01710	0.01811	0.01366	0.00899	0.00747	0.00225	0.01220	0.00615	0.00529	0.01078
40	0.01919	0.41852	0.22986	0.01676	0.02478	0.02565	0.01856	0.02411	0.01749	0.02277	0.06707	0.01955	0.01676	0.01052	0.03486	0.00260	0.01007	0.00604	0.00405	0.01078
41	0.01844	0.20092	0.40192	0.02147	0.03118	0.04902	0.07119	0.02540	0.01769	0.02415	0.01597	0.05705	0.01334	0.00873	0.00757	0.00246	0.01127	0.00701	0.00385	0.01137
42	0.01063	0.00748	0.00966	0.01120	0.01164	0.00711	0.00738	0.01187	0.01526	0.02033	0.04183	0.55214	0.04978	0.16118	0.01692	0.00432	0.00556	0.04208	0.00718	0.00644
43	0.01666	0.04297	0.66500	0.02368	0.03596	0.01929	0.03069	0.02631	0.01754	0.02631	0.01491	0.01754	0.01052	0.00789	0.00789	0.00263	0.01228	0.00614	0.00351	0.01228
44	0.02500	0.05730	0.02462	0.02581	0.15498	0.39096	0.01691	0.02789	0.02045	0.02153	0.01508	0.01929	0.01305	0.01805	0.12921	0.00424	0.01499	0.00639	0.00425	0.01000
45	0.01035	0.00834	0.00922	0.00922	0.01160	0.00721	0.00683	0.01288	0.01988	0.02519	0.22963	0.12782	0.45190	0.02040	0.00988	0.00280	0.00418	0.01739	0.00809	0.00721
46	0.01138	0.01053	0.00961	0.00943	0.01228	0.05234	0.00707	0.01360	0.01954	0.02300	0.11574	0.07440	0.57246	0.01993	0.00966	0.00275	0.00492	0.01655	0.00757	0.00724
47	0.02009	0.01774	0.01444	0.01356	0.01650	0.17808	0.01028	0.09660	0.02158	0.02858	0.03012	0.13697	0.06693	0.01332	0.00780	0.00242	0.00766	0.03473	0.27381	0.00880
