[name]
unknown

[dist]
# distance from previous block
# <min> <max>
0	2

[block]
# block no. 0 follows, 22 sequences, length 11
# corresponding to MSA columns:
# 2-12
name=unknown_A
#
# <colnr> <probs for GDERKNQSTAVLIFYWHMCP>
#	G	D	E	R	K	N	Q	S	T	A	V	L	I	F	Y	W	H	M	C	P
0	0.01506	0.01207	0.01847	0.06673	0.15591	0.01231	0.01660	0.01924	0.01892	0.02511	0.03604	0.07347	0.03804	0.01868	0.01058	0.00347	0.00835	0.43541	0.00664	0.00893
1	0.09358	0.16563	0.02782	0.02277	0.10252	0.36947	0.01636	0.02902	0.02017	0.02254	0.01271	0.01541	0.01086	0.00841	0.00812	0.00224	0.05257	0.00547	0.00416	0.01018
2	0.02369	0.41371	0.03349	0.01636	0.02188	0.23148	0.01431	0.02622	0.01853	0.01976	0.01329	0.01626	0.01194	0.01446	0.08970	0.00334	0.01247	0.00528	0.00389	0.00993
3	0.02160	0.02048	0.02845	0.09998	0.37974	0.06543	0.02136	0.07104	0.15063	0.02944	0.01946	0.02247	0.01541	0.00855	0.00824	0.00255	0.00960	0.00768	0.00528	0.01261
4	0.02131	0.02116	0.03299	0.04887	0.61110	0.06661	0.02482	0.02604	0.01925	0.02665	0.01543	0.02016	0.01298	0.00748	0.00817	0.00244	0.01024	0.00726	0.00412	0.01291
5	0.01569	0.01477	0.02492	0.68808	0.05722	0.01846	0.02307	0.02123	0.01661	0.02123	0.01477	0.02215	0.01107	0.00831	0.00831	0.00277	0.01107	0.00738	0.00369	0.00923
6	0.09405	0.02369	0.02325	0.05070	0.10953	0.15007	0.01604	0.28367	0.05402	0.03778	0.01807	0.01979	0.01370	0.00911	0.00769	0.00241	0.00975	0.00688	0.05783	0.01196
7	0.01666	0.01159	0.01298	0.01167	0.01511	0.01108	0.00899	0.13148	0.02326	0.08678	0.12354	0.14755	0.33070	0.01822	0.00951	0.00278	0.00545	0.01537	0.00821	0.00905
8	0.02406	0.21537	0.02762	0.01702	0.02267	0.13348	0.01426	0.12593	0.16821	0.02930	0.01865	0.01949	0.01487	0.00907	0.00814	0.00223	0.04496	0.00644	0.00574	0.09251
9	0.01750	0.13513	0.01783	0.01179	0.01471	0.01521	0.00909	0.11892	0.01978	0.02739	0.08375	0.09657	0.02934	0.22159	0.01793	0.00404	0.00699	0.01054	0.13349	0.00843
10	0.01394	0.01146	0.01397	0.08740	0.01970	0.01221	0.01077	0.02259	0.19566	0.02707	0.13599	0.24637	0.13457	0.01775	0.00950	0.00295	0.00579	0.01556	0.00769	0.00905

[dist]
# distance from previous block
# <min> <max>
8	18

[block]
# block no. 1 follows, 22 sequences, length 20
# corresponding to MSA columns:
# 32-51
name=unknown_B
#
# <colnr> <probs for GDERKNQSTAVLIFYWHMCP>
#	G	D	E	R	K	N	Q	S	T	A	V	L	I	F	Y	W	H	M	C	P
0	0.01450	0.01462	0.06874	0.02545	0.23359	0.01240	0.01546	0.01835	0.01891	0.02627	0.16337	0.22993	0.09295	0.01595	0.00935	0.00280	0.00688	0.01442	0.00646	0.00961
1	0.12286	0.02864	0.26755	0.03224	0.27665	0.04439	0.02417	0.02692	0.05035	0.02837	0.01564	0.01877	0.01213	0.00788	0.00766	0.00255	0.01032	0.00655	0.00426	0.01212
2	0.16796	0.08491	0.02807	0.08364	0.36733	0.04198	0.01967	0.02439	0.01759	0.02742	0.01595	0.05621	0.01417	0.00857	0.00745	0.00248	0.00907	0.00737	0.00444	0.01133
3	0.10191	0.03246	0.42960	0.08586	0.06565	0.01813	0.02493	0.02460	0.01690	0.02694	0.01553	0.01914	0.01161	0.01099	0.04452	0.00319	0.01153	0.00636	0.03897	0.01118
4	0.16891	0.02767	0.30454	0.12558	0.11112	0.01832	0.02312	0.02433	0.01700	0.02774	0.01658	0.02379	0.01356	0.00904	0.00772	0.00271	0.01024	0.05285	0.00427	0.01089
5	0.02865	0.03413	0.02387	0.02345	0.08517	0.51176	0.01651	0.07787	0.02356	0.02342	0.01436	0.01722	0.01195	0.01255	0.05718	0.00303	0.01457	0.00598	0.00459	0.01016
6	0.00982	0.00842	0.00842	0.00842	0.01122	0.00701	0.00631	0.01192	0.01894	0.02244	0.08416	0.07995	0.65285	0.02104	0.00982	0.00281	0.00421	0.01753	0.00771	0.00701
7	0.01976	0.01892	0.03226	0.15631	0.55719	0.01953	0.02509	0.02479	0.01854	0.02616	0.01548	0.02082	0.01281	0.00755	0.00824	0.00252	0.01007	0.00740	0.00404	0.01251
8	0.02829	0.10070	0.02625	0.05571	0.06724	0.51502	0.01691	0.03081	0.02187	0.02073	0.01292	0.01565	0.01088	0.00855	0.00809	0.00221	0.03854	0.00557	0.00415	0.00992
9	0.01024	0.00747	0.00967	0.01138	0.01219	0.00691	0.00781	0.01187	0.01640	0.02152	0.05011	0.60305	0.12331	0.02531	0.01055	0.00333	0.00488	0.04946	0.00771	0.00682
10	0.01750	0.01519	0.01818	0.02015	0.13199	0.01598	0.01311	0.06695	0.27011	0.03015	0.04752	0.04578	0.24508	0.01396	0.00889	0.00273	0.00649	0.01180	0.00740	0.01104
11	0.08209	0.02228	0.02515	0.02997	0.26454	0.15962	0.01797	0.03233	0.08019	0.17426	0.02044	0.02162	0.01520	0.00871	0.00789	0.00246	0.00976	0.00715	0.00607	0.01231
12	0.01025	0.00733	0.00975	0.01148	0.01208	0.00683	0.00772	0.01189	0.01650	0.02216	0.09342	0.65227	0.05679	0.02532	0.01054	0.00331	0.00475	0.02294	0.00782	0.00683
13	0.01012	0.00723	0.00964	0.01157	0.01205	0.00675	0.00771	0.01157	0.01591	0.02121	0.04579	0.70262	0.05495	0.02603	0.01060	0.00337	0.00482	0.02362	0.00771	0.00675
14	0.02795	0.14510	0.02700	0.02030	0.02448	0.48732	0.01603	0.03013	0.02107	0.02016	0.01238	0.01513	0.01072	0.00910	0.00971	0.00228	0.10188	0.00545	0.00408	0.00973
15	0.08546	0.02927	0.02141	0.02129	0.08699	0.39195	0.01487	0.08651	0.02288	0.02705	0.01589	0.01836	0.01277	0.00868	0.00720	0.00221	0.01153	0.00606	0.11955	0.01008
16	0.01187	0.00890	0.01335	0.01335	0.01483	0.01038	0.01038	0.01483	0.01335	0.01928	0.02225	0.03264	0.02077	0.06231	0.67512	0.01335	0.02225	0.00890	0.00445	0.00742
17	0.02033	0.01524	0.01643	0.01481	0.01899	0.01704	0.01153	0.03756	0.44712	0.07967	0.03394	0.03255	0.04590	0.01319	0.03309	0.00305	0.00667	0.00931	0.13169	0.01190
18	0.11396	0.03166	0.02351	0.02257	0.08489	0.40381	0.01610	0.15394	0.02522	0.02950	0.01442	0.01637	0.01145	0.00864	0.00746	0.00229	0.01232	0.00589	0.00519	0.01082
19	0.02069	0.05816	0.02570	0.02094	0.02240	0.14381	0.01723	0.02269	0.01510	0.02033	0.01145	0.01730	0.01091	0.01271	0.02162	0.00316	0.50458	0.00667	0.00380	0.04072

[dist]
# distance from previous block
# <min> <max>
0	1

[block]
# block no. 2 follows, 22 sequences, length 30
# corresponding to MSA columns:
# 53-82
name=unknown_C
#
# <colnr> <probs for GDERKNQSTAVLIFYWHMCP>
#	G	D	E	R	K	N	Q	S	T	A	V	L	I	F	Y	W	H	M	C	P
0	0.02529	0.48076	0.03682	0.01646	0.02282	0.19068	0.01482	0.08467	0.02065	0.02288	0.01267	0.01437	0.01100	0.00774	0.00615	0.00194	0.01041	0.00496	0.00419	0.01074
1	0.02985	0.17575	0.02539	0.01595	0.02200	0.08836	0.01342	0.06600	0.13769	0.30309	0.02546	0.02360	0.01787	0.00955	0.00760	0.00239	0.00832	0.00731	0.00770	0.01270
2	0.01317	0.01173	0.02015	0.01746	0.02058	0.01071	0.16143	0.01621	0.01695	0.02312	0.03558	0.46726	0.04030	0.01938	0.00997	0.00302	0.00723	0.01837	0.00657	0.08081
3	0.02039	0.49358	0.24708	0.01731	0.02611	0.02842	0.01961	0.02535	0.01710	0.02176	0.01265	0.01471	0.01062	0.00736	0.00617	0.00206	0.01000	0.00500	0.00354	0.01119
4	0.02221	0.71304	0.04353	0.01421	0.02132	0.03287	0.01421	0.02488	0.01688	0.01955	0.01155	0.01333	0.01066	0.00711	0.00533	0.00178	0.00888	0.00444	0.00355	0.01066
5	0.01109	0.00842	0.01033	0.01085	0.01282	0.00767	0.00831	0.01390	0.01971	0.02577	0.23238	0.19466	0.26457	0.02117	0.01026	0.00304	0.00487	0.12474	0.00811	0.00732
6	0.03158	0.02327	0.02493	0.01911	0.02576	0.02576	0.01579	0.62852	0.03906	0.05236	0.01995	0.01995	0.01413	0.00997	0.00831	0.00249	0.00914	0.00748	0.00831	0.01413
7	0.02221	0.71304	0.04353	0.01421	0.02132	0.03287	0.01421	0.02488	0.01688	0.01955	0.01155	0.01333	0.01066	0.00711	0.00533	0.00178	0.00888	0.00444	0.00355	0.01066
8	0.01199	0.00841	0.01086	0.01086	0.01149	0.00903	0.00728	0.01324	0.01261	0.01744	0.02453	0.04523	0.02624	0.43665	0.30825	0.01028	0.01402	0.01074	0.00479	0.00604
9	0.01097	0.00784	0.01059	0.01237	0.01327	0.00746	0.00903	0.01310	0.01706	0.02270	0.07784	0.52712	0.05455	0.02483	0.01076	0.00344	0.00543	0.15687	0.00777	0.00702
10	0.03109	0.01326	0.01765	0.01398	0.01938	0.01183	0.01136	0.06231	0.02443	0.48762	0.17571	0.03572	0.03367	0.01182	0.00869	0.00258	0.00644	0.00986	0.00993	0.01268
11	0.03158	0.02327	0.02493	0.01911	0.02576	0.02576	0.01579	0.62852	0.03906	0.05236	0.01995	0.01995	0.01413	0.00997	0.00831	0.00249	0.00914	0.00748	0.00831	0.01413
12	0.02952	0.02225	0.02377	0.01870	0.02498	0.02480	0.01529	0.51841	0.15252	0.04904	0.02256	0.02203	0.01624	0.01022	0.00834	0.00255	0.00866	0.00784	0.00834	0.01394
13	0.01187	0.00890	0.01335	0.01335	0.01483	0.01038	0.01038	0.01483	0.01335	0.01928	0.02225	0.03264	0.02077	0.06231	0.67512	0.01335	0.02225	0.00890	0.00445	0.00742
14	0.01870	0.01784	0.03036	0.29392	0.42782	0.01925	0.02457	0.02387	0.01804	0.02489	0.01530	0.02117	0.01236	0.00775	0.00826	0.00258	0.01033	0.00739	0.00395	0.01166
15	0.06723	0.25324	0.02999	0.01796	0.02338	0.21104	0.01520	0.17109	0.02352	0.02863	0.01386	0.01585	0.01143	0.00895	0.00874	0.00227	0.07596	0.00570	0.00499	0.01096
16	0.01208	0.00805	0.00906	0.00906	0.00906	0.00805	0.00503	0.01208	0.01208	0.01611	0.02618	0.05436	0.03020	0.70804	0.04228	0.00805	0.00805	0.01208	0.00503	0.00503
17	0.01012	0.00723	0.00964	0.01157	0.01205	0.00675	0.00771	0.01157	0.01591	0.02121	0.04579	0.70262	0.05495	0.02603	0.01060	0.00337	0.00482	0.02362	0.00771	0.00675
18	0.01376	0.01066	0.01149	0.01107	0.01435	0.01018	0.00863	0.02023	0.13972	0.05999	0.06776	0.06896	0.43892	0.01874	0.00963	0.00289	0.00515	0.07120	0.00799	0.00865
19	0.02518	0.23294	0.17799	0.01987	0.02682	0.33921	0.01892	0.02921	0.02025	0.02149	0.01295	0.01510	0.01065	0.00799	0.00697	0.00215	0.01261	0.00527	0.00389	0.01054
20	0.02114	0.01430	0.01633	0.07850	0.02076	0.01573	0.01163	0.24536	0.02499	0.03685	0.02278	0.02618	0.01759	0.01469	0.07101	0.00332	0.00829	0.00772	0.33263	0.01023
21	0.00982	0.00842	0.00842	0.00842	0.01122	0.00701	0.00631	0.01192	0.01894	0.02244	0.08416	0.07995	0.65285	0.02104	0.00982	0.00281	0.00421	0.01753	0.00771	0.00701
22	0.01327	0.00910	0.01232	0.01226	0.01396	0.01013	0.00941	0.04102	0.01551	0.02326	0.02541	0.09586	0.02387	0.04578	0.44549	0.00959	0.01624	0.01001	0.15982	0.00770
23	0.01734	0.03602	0.48887	0.02941	0.17870	0.01888	0.02845	0.02564	0.01813	0.02682	0.04406	0.02027	0.01422	0.00819	0.00806	0.00259	0.01134	0.00684	0.00390	0.01228
24	0.01719	0.10707	0.60555	0.02277	0.03456	0.02059	0.02912	0.02617	0.01748	0.02566	0.01459	0.01714	0.01054	0.00782	0.00765	0.00255	0.01195	0.00598	0.00351	0.01212
25	0.01002	0.00762	0.00924	0.01054	0.01178	0.00683	0.00726	0.01168	0.01689	0.02161	0.05826	0.50017	0.24935	0.02441	0.01035	0.00319	0.00462	0.02164	0.00771	0.00683
26	0.02115	0.02085	0.03315	0.04934	0.62098	0.05635	0.02497	0.02592	0.01917	0.02676	0.01547	0.02025	0.01302	0.00747	0.00818	0.00245	0.01015	0.00729	0.00412	0.01296
27	0.01856	0.01462	0.01381	0.01270	0.01522	0.10247	0.00954	0.10533	0.01959	0.02764	0.02289	0.03114	0.02006	0.12737	0.16341	0.00555	0.01094	0.00830	0.26242	0.00842
28	0.02506	0.01426	0.01815	0.01575	0.05002	0.01364	0.03559	0.11705	0.05163	0.25010	0.03732	0.03601	0.13481	0.01173	0.00820	0.00247	0.00672	0.00974	0.12143	0.04031
29	0.02331	0.15359	0.02459	0.01669	0.02236	0.17308	0.01354	0.06550	0.22958	0.02805	0.02040	0.02075	0.01611	0.00882	0.00720	0.00215	0.00902	0.00657	0.00589	0.15281

[dist]
# distance from previous block
# <min> <max>
0	9

[block]
# block no. 3 follows, 22 sequences, length 43
# corresponding to MSA columns:
# 92-134
name=unknown_D
#
# <colnr> <probs for GDERKNQSTAVLIFYWHMCP>
#	G	D	E	R	K	N	Q	S	T	A	V	L	I	F	Y	W	H	M	C	P
0	0.02538	0.05745	0.02815	0.13064	0.21444	0.13873	0.01970	0.22441	0.02591	0.03295	0.01622	0.01926	0.01260	0.00858	0.00799	0.00243	0.01068	0.00692	0.00543	0.01213
1	0.01775	0.19008	0.02983	0.35470	0.04010	0.02249	0.04811	0.02294	0.04452	0.02144	0.01499	0.02058	0.01224	0.01182	0.04830	0.00322	0.07627	0.00693	0.00394	0.00974
2	0.02038	0.45791	0.12776	0.01538	0.02239	0.08123	0.01565	0.02394	0.01783	0.02101	0.02250	0.02358	0.10216	0.00933	0.00653	0.00208	0.00923	0.00663	0.00420	0.01029
3	0.01063	0.00825	0.00976	0.01082	0.01233	0.00765	0.00756	0.01358	0.05336	0.02241	0.05800	0.45390	0.25447	0.02349	0.01021	0.00315	0.00472	0.02074	0.00776	0.00721
4	0.19249	0.02645	0.01719	0.01578	0.01988	0.35881	0.01201	0.02587	0.02026	0.02470	0.03041	0.03091	0.17109	0.01149	0.00754	0.00240	0.01034	0.00821	0.00534	0.00883
5	0.01750	0.02550	0.22488	0.02372	0.09744	0.04927	0.02097	0.02303	0.03984	0.02330	0.01869	0.02405	0.04392	0.03940	0.07291	0.00404	0.22930	0.00772	0.00418	0.01035
6	0.01012	0.00723	0.00964	0.01157	0.01205	0.00675	0.00771	0.01157	0.01591	0.02121	0.04579	0.70262	0.05495	0.02603	0.01060	0.00337	0.00482	0.02362	0.00771	0.00675
7	0.01033	0.00858	0.00912	0.00940	0.01207	0.00738	0.00732	0.01268	0.01896	0.02279	0.07843	0.08191	0.56663	0.02131	0.01005	0.00295	0.00470	0.10058	0.00771	0.00710
8	0.35611	0.01761	0.01707	0.10512	0.02377	0.05065	0.01252	0.15523	0.02111	0.06470	0.01650	0.01869	0.01232	0.00865	0.00659	0.00249	0.00782	0.00610	0.08670	0.01026
9	0.01272	0.00964	0.01054	0.00999	0.01299	0.00877	0.00759	0.01731	0.08004	0.05993	0.19175	0.06885	0.44217	0.01870	0.00960	0.00275	0.00453	0.01575	0.00821	0.00815
10	0.01549	0.00774	0.00774	0.00774	0.00968	0.00774	0.00581	0.01936	0.01742	0.03097	0.02710	0.03097	0.02129	0.00968	0.00581	0.00194	0.00387	0.00774	0.75416	0.00774
11	0.01012	0.00723	0.00964	0.01157	0.01205	0.00675	0.00771	0.01157	0.01591	0.02121	0.04579	0.70262	0.05495	0.02603	0.01060	0.00337	0.00482	0.02362	0.00771	0.00675
12	0.02180	0.53937	0.04033	0.02172	0.14867	0.02963	0.01642	0.02596	0.04839	0.02183	0.01348	0.01566	0.01189	0.00737	0.00607	0.00197	0.00897	0.00528	0.00391	0.01129
13	0.01016	0.00843	0.00889	0.00877	0.01143	0.00716	0.00658	0.01258	0.01974	0.02435	0.18386	0.07681	0.55196	0.02033	0.00981	0.00277	0.00416	0.01709	0.00797	0.00716
14	0.00982	0.00842	0.00842	0.00842	0.01122	0.00701	0.00631	0.01192	0.01894	0.02244	0.08416	0.07995	0.65285	0.02104	0.00982	0.00281	0.00421	0.01753	0.00771	0.00701
15	0.01835	0.02396	0.17589	0.20665	0.30931	0.01942	0.07783	0.02468	0.01807	0.02539	0.01534	0.02044	0.01198	0.00771	0.00831	0.00261	0.01108	0.00732	0.00388	0.01178
16	0.02866	0.03509	0.02585	0.02811	0.16862	0.52622	0.01819	0.03143	0.02249	0.02188	0.01347	0.01625	0.01126	0.00830	0.00766	0.00221	0.01382	0.00582	0.00424	0.01043
17	0.03020	0.03821	0.02366	0.02143	0.02543	0.63277	0.01619	0.03232	0.02284	0.02031	0.01272	0.01519	0.01071	0.00895	0.00877	0.00224	0.05875	0.00547	0.00424	0.00960
18	0.01818	0.01818	0.02545	0.02181	0.02181	0.02545	0.01818	0.01999	0.01272	0.01999	0.01091	0.01818	0.01091	0.01454	0.02726	0.00364	0.69284	0.00727	0.00364	0.00909
19	0.01907	0.02795	0.24460	0.03856	0.31987	0.01987	0.15696	0.02600	0.01861	0.02675	0.01565	0.01997	0.01217	0.00748	0.00846	0.00259	0.01155	0.00751	0.00393	0.01245
20	0.01968	0.02637	0.16991	0.01773	0.02352	0.16535	0.01648	0.03005	0.20107	0.02809	0.12266	0.03361	0.08713	0.01167	0.00844	0.00259	0.00919	0.00935	0.00638	0.01075
21	0.01191	0.00798	0.00911	0.00928	0.00932	0.00794	0.00526	0.01204	0.01241	0.01655	0.02787	0.11026	0.03234	0.64924	0.03955	0.00765	0.00778	0.01308	0.00526	0.00518
22	0.01835	0.01699	0.02799	0.04104	0.49178	0.01684	0.02154	0.02286	0.01915	0.02673	0.05380	0.03670	0.07469	0.01095	0.00884	0.00267	0.00884	0.08344	0.00509	0.01170
23	0.01299	0.01055	0.01550	0.01486	0.01608	0.01306	0.01177	0.01575	0.01324	0.01941	0.02023	0.03006	0.01901	0.05380	0.55982	0.01162	0.14160	0.00861	0.00431	0.00771
24	0.05786	0.02057	0.04014	0.02895	0.03681	0.01930	0.44754	0.05560	0.02053	0.10103	0.01836	0.02211	0.01339	0.00748	0.00905	0.00262	0.01198	0.00888	0.00519	0.07261
25	0.03103	0.03959	0.02354	0.02140	0.02568	0.67469	0.01605	0.03317	0.02354	0.02033	0.01284	0.01498	0.01070	0.00856	0.00749	0.00214	0.01498	0.00535	0.00428	0.00963
26	0.01026	0.00843	0.00903	0.00888	0.01149	0.00720	0.00666	0.01277	0.01997	0.02491	0.21284	0.07589	0.52263	0.02012	0.00981	0.00276	0.00414	0.01696	0.00804	0.00720
27	0.01187	0.00890	0.01335	0.01335	0.01483	0.01038	0.01038	0.01483	0.01335	0.01928	0.02225	0.03264	0.02077	0.06231	0.67512	0.01335	0.02225	0.00890	0.00445	0.00742
28	0.01207	0.00811	0.00934	0.00934	0.00943	0.00820	0.00538	0.01226	0.01216	0.01631	0.02592	0.05296	0.02959	0.66635	0.08314	0.00840	0.00897	0.01188	0.00500	0.00519
29	0.01074	0.00845	0.00970	0.00939	0.01179	0.00741	0.00704	0.01371	0.02112	0.02763	0.35497	0.07141	0.37880	0.01910	0.00981	0.00271	0.00407	0.01634	0.00840	0.00741
30	0.02023	0.01232	0.01281	0.01109	0.01442	0.01305	0.00875	0.19876	0.02379	0.03727	0.02499	0.02772	0.01918	0.00977	0.00654	0.00210	0.00542	0.00767	0.53450	0.00962
31	0.01005	0.00753	0.00933	0.01078	0.01184	0.00681	0.00736	0.01166	0.01666	0.02152	0.05539	0.54672	0.20464	0.02478	0.01041	0.00323	0.00467	0.02209	0.00771	0.00681
32	0.03103	0.03959	0.02354	0.02140	0.02568	0.67469	0.01605	0.03317	0.02354	0.02033	0.01284	0.01498	0.01070	0.00856	0.00749	0.00214	0.01498	0.00535	0.00428	0.00963
33	0.02066	0.01785	0.01878	0.01691	0.02160	0.02066	0.01315	0.04414	0.64121	0.03475	0.03381	0.03099	0.02536	0.01127	0.00845	0.00282	0.00657	0.00939	0.00845	0.01315
34	0.01023	0.00727	0.00961	0.01143	0.01189	0.00682	0.00757	0.01159	0.01570	0.02094	0.04474	0.66806	0.05363	0.06239	0.01229	0.00362	0.00499	0.02300	0.00757	0.00666
35	0.01208	0.00805	0.00906	0.00906	0.00906	0.00805	0.00503	0.01208	0.01208	0.01611	0.02618	0.05436	0.03020	0.70804	0.04228	0.00805	0.00805	0.01208	0.00503	0.00503
36	0.01078	0.00757	0.00938	0.01055	0.01098	0.00721	0.00672	0.01176	0.01475	0.01952	0.04098	0.44962	0.07620	0.25938	0.02142	0.00495	0.00590	0.01936	0.00679	0.00617
37	0.01012	0.00723	0.00964	0.01157	0.01205	0.00675	0.00771	0.01157	0.01591	0.02121	0.04579	0.70262	0.05495	0.02603	0.01060	0.00337	0.00482	0.02362	0.00771	0.00675
38	0.01012	0.00723	0.00964	0.01157	0.01205	0.00675	0.00771	0.01157	0.01591	0.02121	0.04579	0.70262	0.05495	0.02603	0.01060	0.00337	0.00482	0.02362	0.00771	0.00675
39	0.03103	0.03959	0.02354	0.02140	0.02568	0.67469	0.01605	0.03317	0.02354	0.02033	0.01284	0.01498	0.01070	0.00856	0.00749	0.00214	0.01498	0.00535	0.00428	0.00963
40	0.06513	0.02294	0.02716	0.24060	0.27362	0.18325	0.02141	0.02602	0.01907	0.02418	0.01442	0.01925	0.01165	0.00799	0.00789	0.00249	0.01133	0.00671	0.00408	0.01080
41	0.01248	0.04103	0.01209	0.01018	0.01282	0.00955	0.00776	0.04489	0.02154	0.02840	0.33378	0.06428	0.29320	0.05803	0.01142	0.00296	0.00476	0.01498	0.00805	0.00779
42	0.19031	0.25180	0.02501	0.01411	0.01927	0.07768	0.01202	0.05661	0.11282	0.02751	0.02029	0.02298	0.04513	0.05211	0.03833	0.00311	0.00882	0.00671	0.00528	0.01010

[dist]
# distance from previous block
# <min> <max>
0	24

[block]
# block no. 4 follows, 22 sequences, length 19
# corresponding to MSA columns:
# 159-177
name=unknown_E
#
# <colnr> <probs for GDERKNQSTAVLIFYWHMCP>
#	G	D	E	R	K	N	Q	S	T	A	V	L	I	F	Y	W	H	M	C	P
0	0.09979	0.26890	0.02886	0.01697	0.02250	0.27828	0.01422	0.10013	0.02187	0.02604	0.01376	0.01557	0.01141	0.00819	0.00653	0.00209	0.01081	0.00531	0.03839	0.01038
1	0.01409	0.01309	0.01224	0.01170	0.01426	0.10549	0.00888	0.01719	0.02190	0.02767	0.35387	0.06226	0.24031	0.01729	0.00956	0.00267	0.00583	0.04594	0.00792	0.00784
2	0.02367	0.02421	0.01872	0.01640	0.02081	0.25991	0.01268	0.16955	0.07078	0.02971	0.03871	0.03796	0.21649	0.01306	0.00850	0.00249	0.00955	0.01002	0.00664	0.01013
3	0.07066	0.03729	0.17872	0.02266	0.02931	0.41422	0.07922	0.03036	0.02115	0.02340	0.01365	0.01624	0.01074	0.00820	0.00767	0.00235	0.01372	0.00593	0.00414	0.01038
4	0.01242	0.00857	0.01170	0.01170	0.01295	0.00955	0.00867	0.01492	0.01367	0.02029	0.02372	0.03676	0.02273	0.18448	0.45434	0.01069	0.01683	0.00938	0.10966	0.00698
5	0.01134	0.00854	0.01077	0.01209	0.01387	0.00796	0.00956	0.01395	0.01814	0.02306	0.05702	0.26367	0.23836	0.02323	0.01071	0.00338	0.00577	0.25371	0.00769	0.00719
6	0.01499	0.03455	0.50499	0.01996	0.02993	0.01630	0.02475	0.02280	0.01788	0.02537	0.03178	0.03275	0.16706	0.01110	0.00836	0.00267	0.01031	0.00892	0.00453	0.01099
7	0.01329	0.01038	0.01260	0.01248	0.01385	0.04742	0.00924	0.01566	0.01399	0.01961	0.02291	0.03599	0.02219	0.18860	0.45364	0.01072	0.01746	0.00927	0.06363	0.00708
8	0.01958	0.01726	0.01633	0.01542	0.01834	0.12255	0.01146	0.16789	0.06898	0.02965	0.03317	0.37328	0.03552	0.01814	0.00937	0.00291	0.00768	0.01562	0.00735	0.00949
9	0.02663	0.01774	0.01932	0.01539	0.02053	0.01906	0.01251	0.39201	0.03153	0.09077	0.06866	0.02631	0.02103	0.01043	0.00781	0.00237	0.00732	0.00816	0.19028	0.01211
10	0.01292	0.00798	0.00874	0.00874	0.00921	0.00798	0.00522	0.01388	0.01340	0.01978	0.02640	0.04859	0.02800	0.53570	0.03328	0.00654	0.00702	0.01101	0.18990	0.00570
11	0.02030	0.18836	0.03342	0.09391	0.38563	0.04787	0.02101	0.02446	0.01840	0.02422	0.01856	0.02228	0.05069	0.00827	0.00759	0.00233	0.00960	0.00721	0.00416	0.01170
12	0.01013	0.00829	0.00908	0.00949	0.01181	0.00724	0.00707	0.01225	0.01820	0.02222	0.07313	0.18277	0.49613	0.02371	0.03817	0.00340	0.00524	0.04707	0.00757	0.00702
13	0.01208	0.00805	0.00906	0.00906	0.00906	0.00805	0.00503	0.01208	0.01208	0.01611	0.02618	0.05436	0.03020	0.70804	0.04228	0.00805	0.00805	0.01208	0.00503	0.00503
14	0.01212	0.00878	0.01187	0.01206	0.01294	0.00973	0.00869	0.01407	0.01375	0.01962	0.02748	0.16692	0.02922	0.20702	0.31863	0.00894	0.04877	0.01237	0.05021	0.00681
15	0.02526	0.43418	0.03537	0.01720	0.02294	0.26773	0.01507	0.02769	0.01913	0.01985	0.01199	0.01416	0.01069	0.00798	0.00713	0.00200	0.04268	0.00491	0.00382	0.01021
16	0.01012	0.00723	0.00964	0.01157	0.01205	0.00675	0.00771	0.01157	0.01591	0.02121	0.04579	0.70262	0.05495	0.02603	0.01060	0.00337	0.00482	0.02362	0.00771	0.00675
17	0.01031	0.00838	0.00913	0.00906	0.01155	0.00720	0.00675	0.01283	0.01992	0.02505	0.22153	0.10490	0.48384	0.02028	0.00985	0.00278	0.00417	0.01720	0.00807	0.00720
18	0.01931	0.01653	0.01549	0.01373	0.01655	0.11024	0.01008	0.16581	0.02180	0.02741	0.05746	0.04147	0.09928	0.25826	0.08589	0.00548	0.01009	0.01045	0.00617	0.00852

[dist]
# distance from previous block
# <min> <max>
0	1

[block]
# block no. 5 follows, 22 sequences, length 6
# corresponding to MSA columns:
# 179-184
name=unknown_F
#
# <colnr> <probs for GDERKNQSTAVLIFYWHMCP>
#	G	D	E	R	K	N	Q	S	T	A	V	L	I	F	Y	W	H	M	C	P
0	0.02286	0.10372	0.02318	0.01594	0.02162	0.01751	0.05940	0.07760	0.16041	0.15591	0.10557	0.03125	0.05628	0.01067	0.00808	0.00239	0.00724	0.00899	0.00747	0.10391
1	0.02881	0.12848	0.02599	0.01966	0.02467	0.43845	0.01547	0.10654	0.08826	0.02566	0.01570	0.01702	0.01263	0.00881	0.00739	0.00220	0.01255	0.00590	0.00511	0.01069
2	0.02016	0.18288	0.09767	0.01718	0.02196	0.17363	0.01525	0.02322	0.01783	0.02156	0.01970	0.16139	0.02022	0.01239	0.01002	0.00248	0.09391	0.00931	0.00473	0.07452
3	0.01657	0.00922	0.01258	0.01186	0.01269	0.00953	0.00828	0.08786	0.01434	0.01916	0.01512	0.02459	0.01439	0.02650	0.02945	0.66403	0.00746	0.00725	0.00419	0.00492
4	0.18257	0.10522	0.02205	0.05740	0.02345	0.07828	0.01352	0.10872	0.20906	0.08811	0.02150	0.02153	0.01608	0.00933	0.00725	0.00251	0.00820	0.00694	0.00663	0.01162
5	0.02036	0.03524	0.34568	0.11622	0.12098	0.16967	0.02560	0.02709	0.01898	0.02437	0.01451	0.01798	0.01100	0.00803	0.00790	0.00251	0.01241	0.00630	0.00379	0.01138

[dist]
# distance from previous block
# <min> <max>
0	1

[block]
# block no. 6 follows, 22 sequences, length 28
# corresponding to MSA columns:
# 186-213
name=unknown_G
#
# <colnr> <probs for GDERKNQSTAVLIFYWHMCP>
#	G	D	E	R	K	N	Q	S	T	A	V	L	I	F	Y	W	H	M	C	P
0	0.08489	0.21242	0.02975	0.02433	0.15334	0.22304	0.01681	0.02657	0.01858	0.02284	0.01330	0.01675	0.01160	0.01117	0.04344	0.00286	0.06801	0.00580	0.00408	0.01043
1	0.02716	0.09983	0.02328	0.01866	0.02290	0.44734	0.01438	0.08045	0.02307	0.02375	0.01749	0.08468	0.01605	0.01035	0.00755	0.00224	0.01217	0.00741	0.05150	0.00971
2	0.02090	0.01986	0.02525	0.04797	0.02406	0.05463	0.01788	0.12228	0.01777	0.02546	0.01266	0.01848	0.01144	0.01326	0.02244	0.00334	0.52068	0.00722	0.00445	0.00996
3	0.00992	0.00842	0.00856	0.00853	0.01129	0.00706	0.00639	0.01213	0.01918	0.02303	0.11506	0.07898	0.62157	0.02082	0.00982	0.00279	0.00419	0.01740	0.00779	0.00706
4	0.01746	0.03455	0.43827	0.02575	0.06608	0.02079	0.08262	0.02494	0.01677	0.02503	0.01426	0.01828	0.01094	0.00921	0.01223	0.00285	0.15800	0.00678	0.00363	0.01154
5	0.01010	0.00843	0.00880	0.00871	0.01139	0.00713	0.00653	0.01246	0.01960	0.02401	0.16603	0.07737	0.57000	0.02045	0.00982	0.00278	0.00417	0.01717	0.00792	0.00713
6	0.01208	0.00805	0.00906	0.00906	0.00906	0.00805	0.00503	0.01208	0.01208	0.01611	0.02618	0.05436	0.03020	0.70804	0.04228	0.00805	0.00805	0.01208	0.00503	0.00503
7	0.10775	0.01671	0.02006	0.01553	0.02189	0.01638	0.01283	0.19234	0.02681	0.44128	0.02733	0.02464	0.01774	0.00995	0.00803	0.00255	0.00755	0.00775	0.00926	0.01363
8	0.02056	0.01974	0.03372	0.05099	0.65622	0.01974	0.02550	0.02550	0.01892	0.02714	0.01563	0.02056	0.01316	0.00740	0.00822	0.00247	0.00987	0.00740	0.00411	0.01316
9	0.01012	0.00723	0.00964	0.01157	0.01205	0.00675	0.00771	0.01157	0.01591	0.02121	0.04579	0.70262	0.05495	0.02603	0.01060	0.00337	0.00482	0.02362	0.00771	0.00675
10	0.03103	0.03959	0.02354	0.02140	0.02568	0.67469	0.01605	0.03317	0.02354	0.02033	0.01284	0.01498	0.01070	0.00856	0.00749	0.00214	0.01498	0.00535	0.00428	0.00963
11	0.01192	0.00868	0.01223	0.01223	0.01333	0.00978	0.00899	0.01412	0.01302	0.01846	0.02328	0.03831	0.02323	0.23080	0.50999	0.01197	0.01855	0.00973	0.00460	0.00680
12	0.01009	0.00848	0.00880	0.00887	0.01159	0.00718	0.00675	0.01237	0.01915	0.02305	0.10736	0.07987	0.59546	0.02096	0.00990	0.00285	0.00438	0.04803	0.00777	0.00708
13	0.02778	0.03093	0.02430	0.02108	0.02469	0.38317	0.01656	0.14175	0.02364	0.02627	0.01367	0.01675	0.01140	0.01039	0.01280	0.00260	0.19076	0.00625	0.00487	0.01034
14	0.01128	0.00772	0.00930	0.01009	0.01028	0.00752	0.00613	0.01187	0.01365	0.01819	0.03420	0.31954	0.04032	0.42906	0.02932	0.00614	0.00673	0.01680	0.00613	0.00573
15	0.01208	0.00805	0.00906	0.00906	0.00906	0.00805	0.00503	0.01208	0.01208	0.01611	0.02618	0.05436	0.03020	0.70804	0.04228	0.00805	0.00805	0.01208	0.00503	0.00503
16	0.01000	0.00842	0.00867	0.00861	0.01133	0.00709	0.00646	0.01228	0.01937	0.02347	0.13807	0.07825	0.59829	0.02065	0.00982	0.00279	0.00418	0.01729	0.00785	0.00709
17	0.01533	0.01176	0.01291	0.01196	0.01507	0.01159	0.00908	0.16366	0.02328	0.02993	0.08191	0.22879	0.31397	0.01946	0.00965	0.00287	0.00557	0.01656	0.00792	0.00873
18	0.03158	0.02327	0.02493	0.01911	0.02576	0.02576	0.01579	0.62852	0.03906	0.05236	0.01995	0.01995	0.01413	0.00997	0.00831	0.00249	0.00914	0.00748	0.00831	0.01413
19	0.02630	0.03152	0.02529	0.16588	0.12271	0.44275	0.01888	0.02956	0.02142	0.02150	0.01365	0.01729	0.01113	0.00834	0.00777	0.00232	0.01343	0.00607	0.00413	0.01005
20	0.01463	0.01225	0.01294	0.01212	0.01556	0.01258	0.00926	0.04901	0.23690	0.02847	0.09082	0.09815	0.34056	0.01727	0.00933	0.00282	0.00526	0.01452	0.00807	0.00948
21	0.01208	0.00805	0.00906	0.00906	0.00906	0.00805	0.00503	0.01208	0.01208	0.01611	0.02618	0.05436	0.03020	0.70804	0.04228	0.00805	0.00805	0.01208	0.00503	0.00503
22	0.02091	0.01923	0.05961	0.03356	0.33533	0.01851	0.01970	0.17099	0.02318	0.03207	0.02289	0.16144	0.02191	0.01192	0.00872	0.00267	0.00877	0.01071	0.00586	0.01202
23	0.02038	0.01980	0.05395	0.08243	0.47397	0.04649	0.02269	0.02515	0.01939	0.05630	0.05294	0.02562	0.04650	0.00880	0.00835	0.00251	0.00955	0.00818	0.00479	0.01221
24	0.01182	0.00829	0.01016	0.01057	0.01240	0.00822	0.00798	0.01453	0.01655	0.02324	0.04626	0.15753	0.21185	0.03140	0.19953	0.00579	0.00959	0.04575	0.16129	0.00727
25	0.01598	0.01243	0.01682	0.02006	0.14755	0.01216	0.01265	0.07739	0.02054	0.05496	0.07395	0.15164	0.21857	0.01996	0.05089	0.00352	0.00750	0.06704	0.00700	0.00938
26	0.04981	0.01836	0.09125	0.02438	0.18650	0.01590	0.03982	0.08153	0.08181	0.02898	0.03997	0.06932	0.21189	0.01309	0.00874	0.00268	0.00779	0.01126	0.00620	0.01073
27	0.02474	0.05676	0.03101	0.02677	0.10610	0.20418	0.17538	0.03302	0.14963	0.07902	0.02016	0.02195	0.01535	0.00865	0.00836	0.00251	0.01142	0.00781	0.00557	0.01162

[dist]
# distance from previous block
# <min> <max>
8	24

[block]
# block no. 7 follows, 22 sequences, length 22
# corresponding to MSA columns:
# 243-264
name=unknown_H
#
# <colnr> <probs for GDERKNQSTAVLIFYWHMCP>
#	G	D	E	R	K	N	Q	S	T	A	V	L	I	F	Y	W	H	M	C	P
0	0.01099	0.00835	0.00944	0.00923	0.01108	0.00753	0.00649	0.01317	0.01875	0.02441	0.25301	0.06797	0.31648	0.18662	0.01770	0.00402	0.00505	0.01540	0.00752	0.00680
1	0.02890	0.03449	0.02573	0.02738	0.15614	0.49952	0.01799	0.06798	0.02353	0.02370	0.01385	0.01644	0.01142	0.00841	0.00769	0.00223	0.01357	0.00591	0.00449	0.01064
2	0.01856	0.01737	0.02964	0.04063	0.45056	0.01721	0.06828	0.02330	0.01901	0.02643	0.02445	0.03825	0.04742	0.01114	0.00908	0.00279	0.00949	0.12977	0.00500	0.01162
3	0.01078	0.00904	0.00951	0.00962	0.01243	0.00801	0.00745	0.01420	0.05166	0.02336	0.07708	0.07890	0.55307	0.02074	0.00993	0.00292	0.00471	0.08145	0.00775	0.00741
4	0.01049	0.00815	0.00955	0.00982	0.01179	0.00721	0.00713	0.01300	0.01962	0.02552	0.25122	0.22589	0.32886	0.02099	0.01000	0.00288	0.00427	0.01823	0.00816	0.00721
5	0.02620	0.02936	0.02836	0.03502	0.31889	0.33046	0.02043	0.06600	0.02234	0.02546	0.01457	0.01788	0.01205	0.00811	0.00788	0.00231	0.01225	0.00643	0.00445	0.01155
6	0.01981	0.02174	0.01869	0.01763	0.01959	0.25790	0.01342	0.02186	0.01762	0.02029	0.02227	0.18919	0.02348	0.02360	0.13008	0.00473	0.15374	0.01090	0.00503	0.00841
7	0.01439	0.00947	0.01161	0.01123	0.01370	0.00881	0.00834	0.01866	0.06608	0.09741	0.26135	0.21880	0.19026	0.01897	0.00974	0.00285	0.00475	0.01656	0.00855	0.00847
8	0.02228	0.09591	0.02024	0.01464	0.01850	0.07923	0.01143	0.23924	0.02395	0.03137	0.02082	0.03025	0.01900	0.21062	0.06636	0.00471	0.00991	0.00837	0.06343	0.00977
9	0.01490	0.01167	0.01248	0.01125	0.01444	0.01151	0.00853	0.12107	0.06999	0.02926	0.13713	0.06069	0.35080	0.09371	0.01304	0.00331	0.00563	0.01425	0.00776	0.00860
10	0.02367	0.09965	0.11168	0.01927	0.02529	0.13047	0.09487	0.02853	0.04164	0.15794	0.02059	0.02415	0.01605	0.04993	0.11521	0.00442	0.01267	0.00760	0.00557	0.01082
11	0.05926	0.01857	0.12532	0.06583	0.02423	0.01494	0.05536	0.12328	0.02045	0.02883	0.03009	0.21252	0.07390	0.05420	0.01073	0.00307	0.00818	0.01254	0.00613	0.05257
12	0.01087	0.00826	0.01085	0.01170	0.01279	0.00824	0.00836	0.01290	0.01673	0.02248	0.11670	0.42364	0.13396	0.02848	0.09765	0.00452	0.03840	0.01911	0.00727	0.00711
13	0.02222	0.21382	0.02525	0.01506	0.01944	0.02046	0.01282	0.10543	0.02083	0.13186	0.06246	0.12100	0.07005	0.01331	0.01070	0.00262	0.10551	0.01014	0.00653	0.01051
14	0.02112	0.35320	0.08663	0.01570	0.02115	0.15846	0.01436	0.02391	0.01744	0.01990	0.01604	0.04847	0.01560	0.10370	0.04946	0.00348	0.01093	0.00682	0.00411	0.00951
15	0.17315	0.03556	0.36665	0.02204	0.06238	0.15377	0.02298	0.02729	0.01815	0.02737	0.01384	0.01635	0.01039	0.00797	0.00727	0.00251	0.01151	0.00571	0.00403	0.01111
16	0.08485	0.01997	0.06932	0.18181	0.17150	0.08668	0.01826	0.06223	0.01967	0.02655	0.02907	0.03165	0.14327	0.01077	0.00820	0.00260	0.00936	0.00891	0.00509	0.01022
17	0.10644	0.15426	0.22642	0.01647	0.02369	0.02000	0.01730	0.08314	0.06538	0.02845	0.02652	0.05391	0.09899	0.03452	0.00871	0.00270	0.00872	0.00839	0.00532	0.01068
18	0.14255	0.01956	0.04119	0.01474	0.01857	0.14091	0.01197	0.02464	0.11739	0.02635	0.03968	0.03946	0.22745	0.01366	0.01023	0.00273	0.08336	0.01017	0.00613	0.00925
19	0.01833	0.06900	0.04600	0.04901	0.09696	0.01564	0.01359	0.02394	0.08630	0.06674	0.06833	0.03010	0.04286	0.10051	0.01321	0.00299	0.04675	0.00829	0.00569	0.19575
20	0.02342	0.10242	0.02263	0.01886	0.05141	0.30407	0.01406	0.03050	0.15743	0.02395	0.02727	0.02805	0.09819	0.01365	0.04606	0.00299	0.01123	0.00803	0.00557	0.01022
21	0.02008	0.07157	0.02881	0.02844	0.20630	0.04935	0.12106	0.08885	0.05545	0.02685	0.02036	0.07817	0.01880	0.08800	0.01369	0.04938	0.00972	0.00939	0.00515	0.01058

[dist]
# distance from previous block
# <min> <max>
9	25

[block]
# block no. 8 follows, 22 sequences, length 22
# corresponding to MSA columns:
# 290-311
name=unknown_I
#
# <colnr> <probs for GDERKNQSTAVLIFYWHMCP>
#	G	D	E	R	K	N	Q	S	T	A	V	L	I	F	Y	W	H	M	C	P
0	0.01815	0.01655	0.01792	0.06607	0.02121	0.08197	0.01309	0.02696	0.20483	0.02617	0.04828	0.11255	0.02536	0.05135	0.01402	0.00316	0.14565	0.01036	0.08667	0.00967
1	0.19776	0.11539	0.07007	0.07939	0.14998	0.01823	0.01503	0.02158	0.01587	0.02578	0.03971	0.02657	0.01751	0.15897	0.01446	0.00364	0.00857	0.00748	0.00458	0.00944
2	0.05661	0.13577	0.02558	0.01914	0.02345	0.41497	0.01519	0.05736	0.02149	0.02249	0.01654	0.01872	0.04514	0.00968	0.00936	0.00232	0.08577	0.00614	0.00451	0.00978
3	0.01420	0.01170	0.01348	0.05541	0.01795	0.01248	0.01020	0.02353	0.22104	0.02623	0.04860	0.16757	0.21744	0.02111	0.06756	0.00380	0.00710	0.01419	0.03724	0.00918
4	0.01848	0.06044	0.17234	0.01983	0.08575	0.08715	0.01711	0.08928	0.04838	0.02739	0.03838	0.04060	0.20961	0.01293	0.00856	0.00262	0.00889	0.03599	0.00587	0.01043
5	0.08459	0.10955	0.07802	0.01503	0.01868	0.01797	0.01312	0.08379	0.01795	0.02572	0.02884	0.16528	0.09237	0.07565	0.01457	0.00332	0.12943	0.01141	0.00565	0.00906
6	0.02260	0.23923	0.09828	0.01714	0.02322	0.14330	0.01561	0.08232	0.14677	0.02786	0.08625	0.02348	0.02121	0.00961	0.00738	0.00230	0.00940	0.00720	0.00569	0.01115
7	0.03061	0.07455	0.02479	0.02076	0.02545	0.56811	0.01592	0.09837	0.02489	0.02382	0.01355	0.01544	0.01108	0.00864	0.00746	0.00216	0.01400	0.00554	0.00469	0.01018
8	0.01726	0.15526	0.04992	0.01359	0.01804	0.01725	0.01162	0.09888	0.11290	0.02865	0.10609	0.13884	0.16952	0.01507	0.00854	0.00262	0.00656	0.01251	0.00702	0.00985
9	0.02109	0.07162	0.12249	0.01706	0.04956	0.08704	0.01447	0.02452	0.01750	0.14987	0.02190	0.03008	0.01890	0.16974	0.14277	0.00571	0.01216	0.00824	0.00550	0.00979
10	0.01256	0.01128	0.01525	0.08523	0.01955	0.01190	0.03973	0.01556	0.01861	0.02414	0.16712	0.05817	0.34824	0.01725	0.01234	0.00289	0.11148	0.01403	0.00675	0.00792
11	0.09864	0.07602	0.12155	0.01823	0.04670	0.14347	0.01581	0.03127	0.13104	0.11997	0.09454	0.02561	0.02256	0.00994	0.00775	0.00248	0.00911	0.00768	0.00637	0.01126
12	0.02635	0.02145	0.02799	0.03172	0.27798	0.02297	0.01948	0.34341	0.07588	0.04094	0.01925	0.02102	0.01458	0.00904	0.00829	0.00251	0.00924	0.00759	0.00664	0.01367
13	0.01509	0.01114	0.01396	0.01276	0.01582	0.01110	0.00978	0.08187	0.01790	0.02612	0.02610	0.17244	0.02577	0.03172	0.25137	0.00633	0.01181	0.01099	0.08833	0.15960
14	0.01367	0.01052	0.01462	0.01849	0.14921	0.01041	0.00998	0.01523	0.01497	0.02054	0.08084	0.11748	0.03341	0.42305	0.02869	0.00587	0.00774	0.01257	0.00548	0.00722
15	0.02324	0.13454	0.04533	0.01760	0.02178	0.27474	0.01432	0.08960	0.02137	0.02400	0.02192	0.13217	0.04260	0.01498	0.04429	0.00304	0.05035	0.00922	0.00524	0.00965
16	0.01712	0.01374	0.01904	0.27180	0.06476	0.01556	0.01478	0.11787	0.01862	0.02462	0.02024	0.03460	0.01935	0.28881	0.02191	0.00482	0.00948	0.00928	0.00501	0.00857
17	0.02348	0.02314	0.01831	0.04878	0.02235	0.29111	0.01368	0.02700	0.04258	0.09922	0.03427	0.04484	0.12449	0.01395	0.00890	0.00271	0.01024	0.13516	0.00639	0.00942
18	0.02604	0.02235	0.02209	0.02021	0.09061	0.15866	0.01436	0.17412	0.02458	0.10130	0.01822	0.02070	0.01423	0.04060	0.00910	0.00233	0.00937	0.00661	0.00612	0.21838
19	0.01881	0.01381	0.01614	0.03457	0.01851	0.01476	0.01121	0.20074	0.02303	0.03252	0.02985	0.15593	0.06910	0.01928	0.08102	0.00373	0.04564	0.01123	0.13461	0.06551
20	0.01076	0.00829	0.00997	0.01020	0.01196	0.00784	0.00737	0.01292	0.01721	0.02233	0.13237	0.16676	0.29283	0.10497	0.14075	0.00547	0.00814	0.01595	0.00698	0.00693
21	0.01740	0.01664	0.03007	0.06708	0.24657	0.01643	0.19330	0.02144	0.01688	0.02326	0.01919	0.03164	0.01816	0.22403	0.01922	0.00431	0.01057	0.00955	0.00440	0.00987

[dist]
# distance from previous block
# <min> <max>
17	41

[block]
# block no. 9 follows, 22 sequences, length 24
# corresponding to MSA columns:
# 353-376
name=unknown_J
#
# <colnr> <probs for GDERKNQSTAVLIFYWHMCP>
#	G	D	E	R	K	N	Q	S	T	A	V	L	I	F	Y	W	H	M	C	P
0	0.05279	0.03772	0.01585	0.01290	0.01684	0.01530	0.01012	0.21779	0.04638	0.03281	0.04426	0.07771	0.24043	0.08419	0.03264	0.00350	0.00713	0.01209	0.02992	0.00962
1	0.01911	0.01539	0.01557	0.01396	0.01707	0.05987	0.01050	0.18082	0.08682	0.02985	0.03509	0.08846	0.11324	0.20921	0.01840	0.00427	0.00789	0.05833	0.00696	0.00919
2	0.04791	0.16626	0.02195	0.01370	0.01854	0.01754	0.01146	0.11913	0.02143	0.10724	0.08126	0.09863	0.06550	0.01800	0.08504	0.00361	0.00876	0.00973	0.00662	0.07768
3	0.06455	0.13012	0.07059	0.02220	0.08734	0.30139	0.01702	0.08988	0.02185	0.02553	0.01533	0.05144	0.01348	0.00950	0.00843	0.00235	0.04703	0.00669	0.00471	0.01057
4	0.01784	0.12269	0.03357	0.02494	0.07089	0.02089	0.21891	0.02202	0.01624	0.02245	0.01616	0.02267	0.01408	0.02247	0.18038	0.00545	0.14633	0.00811	0.00405	0.00989
5	0.08358	0.14271	0.06607	0.01855	0.09039	0.01735	0.01475	0.02005	0.01754	0.02447	0.03479	0.04905	0.14445	0.01479	0.01023	0.00289	0.06760	0.16583	0.00565	0.00926
6	0.02567	0.07446	0.02595	0.02697	0.17688	0.39652	0.01738	0.02869	0.02150	0.02278	0.05791	0.02032	0.01644	0.01137	0.03997	0.00277	0.01294	0.00663	0.00454	0.01032
7	0.02262	0.38361	0.20872	0.01836	0.02626	0.16892	0.01911	0.02707	0.01851	0.02156	0.01275	0.01484	0.01063	0.00764	0.00650	0.00209	0.01114	0.00510	0.00370	0.01088
8	0.01704	0.01971	0.09464	0.02708	0.21983	0.08279	0.03921	0.02129	0.01779	0.02344	0.02867	0.03298	0.12300	0.02445	0.18545	0.00541	0.01314	0.00925	0.00476	0.01006
9	0.01693	0.01393	0.02017	0.08859	0.09421	0.01470	0.05560	0.12125	0.02148	0.02929	0.14694	0.03829	0.08411	0.05960	0.15241	0.00519	0.01105	0.01050	0.00619	0.00957
10	0.01531	0.01277	0.01740	0.15027	0.09745	0.01314	0.01357	0.08989	0.01996	0.02624	0.04040	0.22563	0.17405	0.01623	0.00918	0.00280	0.00709	0.01419	0.00643	0.04799
11	0.01326	0.01008	0.01177	0.01214	0.01388	0.01038	0.00855	0.01962	0.16941	0.02358	0.04313	0.32889	0.12042	0.09248	0.01516	0.06967	0.00571	0.01669	0.00726	0.00791
12	0.01242	0.00971	0.01441	0.01409	0.01544	0.01170	0.01107	0.01529	0.01330	0.01935	0.02126	0.03137	0.01991	0.05813	0.61846	0.01250	0.08090	0.00876	0.00438	0.00756
13	0.02057	0.01955	0.03227	0.04768	0.59450	0.01983	0.02429	0.02731	0.07944	0.02788	0.01739	0.02158	0.01435	0.00778	0.00825	0.00250	0.00955	0.00760	0.00453	0.01316
14	0.02072	0.02123	0.02977	0.22521	0.39664	0.11466	0.02344	0.02542	0.01894	0.02449	0.01498	0.02019	0.01222	0.00782	0.00814	0.00250	0.01095	0.00710	0.00402	0.01154
15	0.01267	0.01154	0.01799	0.07339	0.02124	0.01089	0.12721	0.01574	0.01784	0.02260	0.07973	0.10124	0.31354	0.12016	0.01459	0.00362	0.00730	0.01464	0.00635	0.00774
16	0.01953	0.01868	0.03185	0.18634	0.52896	0.01947	0.02498	0.02459	0.01843	0.02588	0.01544	0.02090	0.01272	0.00759	0.00824	0.00253	0.01013	0.00740	0.00402	0.01232
17	0.01660	0.01464	0.01759	0.11957	0.06681	0.01612	0.01343	0.02959	0.31450	0.02843	0.04494	0.04379	0.21278	0.01352	0.00883	0.00278	0.00677	0.01142	0.00721	0.01069
18	0.11186	0.06651	0.12690	0.01494	0.02049	0.01676	0.01391	0.05865	0.15248	0.07476	0.14632	0.03477	0.06959	0.04525	0.00970	0.00286	0.00726	0.00945	0.00691	0.01063
19	0.02886	0.02896	0.02153	0.04046	0.02443	0.37655	0.01461	0.13405	0.02562	0.10642	0.04557	0.02508	0.07110	0.01040	0.00805	0.00235	0.01152	0.00757	0.00618	0.01066
20	0.01434	0.01218	0.04758	0.04393	0.01782	0.01224	0.01140	0.02129	0.11827	0.02470	0.02735	0.03306	0.05113	0.03645	0.33881	0.00786	0.01422	0.00896	0.14966	0.00874
21	0.01689	0.01850	0.10328	0.03149	0.30107	0.01631	0.01975	0.02294	0.05876	0.02467	0.01920	0.02533	0.01645	0.02789	0.25314	0.00651	0.01449	0.00793	0.00446	0.01094
22	0.01656	0.11653	0.10175	0.02210	0.12789	0.01921	0.01696	0.02021	0.01677	0.02303	0.06051	0.03327	0.14235	0.01612	0.05804	0.00349	0.18129	0.00930	0.00483	0.00980
23	0.01821	0.02064	0.12601	0.01531	0.02140	0.05699	0.01416	0.11411	0.07615	0.02960	0.03821	0.04044	0.19578	0.01271	0.00837	0.00244	0.00778	0.04067	0.00639	0.15464

[dist]
# distance from previous block
# <min> <max>
10	49

[block]
# block no. 10 follows, 22 sequences, length 12
# corresponding to MSA columns:
# 430-441
name=unknown_K
#
# <colnr> <probs for GDERKNQSTAVLIFYWHMCP>
#	G	D	E	R	K	N	Q	S	T	A	V	L	I	F	Y	W	H	M	C	P
0	0.02294	0.30762	0.03102	0.02012	0.09181	0.22288	0.01522	0.02558	0.01918	0.02102	0.02156	0.02331	0.09232	0.00972	0.00797	0.00219	0.04426	0.00685	0.00437	0.01008
1	0.06366	0.01414	0.01526	0.01309	0.01712	0.01470	0.01011	0.14741	0.12830	0.11534	0.03956	0.04231	0.16561	0.12368	0.01379	0.00349	0.00671	0.01080	0.04466	0.01028
2	0.02179	0.18677	0.02416	0.05616	0.02198	0.08732	0.01315	0.13965	0.09071	0.02952	0.02079	0.04897	0.01738	0.01462	0.06910	0.00329	0.00970	0.00754	0.12692	0.01047
