[name]
unknown

[dist]
# distance from previous block
# <min> <max>
0	0

[block]
# block no. 0 follows, 21 sequences, length 37
# corresponding to MSA columns:
# 0-36
name=unknown_A
#
# <colnr> <probs for GDERKNQSTAVLIFYWHMCP>
#	G	D	E	R	K	N	Q	S	T	A	V	L	I	F	Y	W	H	M	C	P
0	0.01371	0.00980	0.01371	0.01567	0.01763	0.00980	0.01371	0.01763	0.01959	0.02547	0.04506	0.09599	0.04898	0.02351	0.01175	0.00392	0.00784	0.59056	0.00784	0.00784
1	0.01953	0.33034	0.39204	0.02006	0.03035	0.02578	0.02414	0.02632	0.01767	0.02395	0.01378	0.01610	0.01084	0.00774	0.00695	0.00232	0.01107	0.00554	0.00361	0.01186
2	0.06551	0.02121	0.02385	0.02015	0.06691	0.02262	0.01542	0.43046	0.03299	0.07234	0.01975	0.02072	0.01449	0.01169	0.03520	0.00287	0.00938	0.00730	0.00758	0.09958
3	0.01065	0.00803	0.00929	0.01013	0.01142	0.00728	0.00682	0.01209	0.01667	0.02116	0.05761	0.33851	0.27123	0.15902	0.01702	0.00419	0.00536	0.01951	0.00735	0.00666
4	0.13673	0.02655	0.02548	0.02884	0.21765	0.23043	0.01797	0.12259	0.02337	0.03119	0.01511	0.01783	0.01213	0.00836	0.00760	0.00237	0.01095	0.00633	0.00516	0.05335
5	0.01201	0.00815	0.00933	0.00959	0.00978	0.00803	0.00558	0.01230	0.01319	0.01747	0.03202	0.14140	0.06060	0.58263	0.03760	0.00739	0.00764	0.01418	0.00564	0.00548
6	0.03182	0.03977	0.02418	0.02181	0.02631	0.63672	0.01643	0.06145	0.02486	0.02237	0.01350	0.01559	0.01113	0.00884	0.00771	0.00221	0.01507	0.00558	0.00458	0.01008
7	0.01026	0.00869	0.00891	0.00902	0.01184	0.00733	0.00687	0.01252	0.01941	0.02313	0.08390	0.08269	0.61095	0.02166	0.01015	0.00293	0.00451	0.05011	0.00790	0.00722
8	0.02231	0.02258	0.03333	0.04872	0.57569	0.09527	0.02499	0.02703	0.01993	0.02699	0.01568	0.02040	0.01319	0.00772	0.00834	0.00249	0.01072	0.00734	0.00423	0.01306
9	0.01149	0.00839	0.01088	0.01146	0.01304	0.00778	0.00849	0.01447	0.02051	0.02791	0.32102	0.27953	0.12358	0.02160	0.01051	0.00310	0.00479	0.08534	0.00856	0.00755
10	0.01765	0.01513	0.01765	0.01260	0.02017	0.01134	0.01008	0.02143	0.01765	0.02773	0.01513	0.01765	0.01260	0.00630	0.00630	0.00126	0.00630	0.00504	0.00504	0.75295
11	0.01037	0.00741	0.00987	0.01185	0.01234	0.00691	0.00790	0.01185	0.01629	0.02172	0.04690	0.69537	0.05629	0.02666	0.01086	0.00346	0.00494	0.02419	0.00790	0.00691
12	0.01023	0.00796	0.00930	0.01037	0.01195	0.00704	0.00724	0.01202	0.01771	0.02230	0.06490	0.41447	0.32557	0.02432	0.01049	0.00319	0.00465	0.02134	0.00790	0.00704
13	0.01768	0.04036	0.56119	0.02856	0.13074	0.01983	0.03062	0.02682	0.01818	0.02708	0.01539	0.01844	0.01120	0.00801	0.00814	0.00267	0.01220	0.00649	0.00369	0.01272
14	0.02106	0.02022	0.03454	0.05223	0.64784	0.02022	0.02612	0.02612	0.01938	0.02780	0.01601	0.02106	0.01348	0.00758	0.00842	0.00253	0.01011	0.00758	0.00421	0.01348
15	0.03676	0.01417	0.01929	0.01490	0.02123	0.01226	0.01226	0.04009	0.02434	0.61998	0.06679	0.03085	0.02429	0.01091	0.00864	0.00264	0.00707	0.00893	0.01047	0.01413
16	0.03657	0.01707	0.02135	0.01637	0.02302	0.01635	0.01352	0.20151	0.02869	0.48757	0.02993	0.02660	0.01924	0.01045	0.00855	0.00261	0.00783	0.00831	0.00997	0.01448
17	0.02230	0.01786	0.01947	0.01728	0.02193	0.02006	0.01375	0.18510	0.36312	0.03792	0.03320	0.08794	0.02809	0.01377	0.00915	0.00297	0.00739	0.07769	0.00847	0.01256
18	0.03179	0.04056	0.02412	0.02192	0.02631	0.66676	0.01644	0.03398	0.02412	0.02083	0.01315	0.01535	0.01096	0.00877	0.00767	0.00219	0.01535	0.00548	0.00438	0.00987
19	0.01201	0.00877	0.01133	0.01090	0.01297	0.00809	0.00831	0.01587	0.02340	0.03264	0.55747	0.06730	0.12193	0.01816	0.01016	0.00278	0.00431	0.05650	0.00915	0.00795
20	0.02071	0.01972	0.03355	0.05050	0.61791	0.01972	0.02553	0.02571	0.01939	0.02769	0.01739	0.02462	0.01517	0.00834	0.00858	0.00259	0.01000	0.03527	0.00438	0.01321
21	0.02181	0.59615	0.14622	0.01617	0.02433	0.03136	0.01736	0.02573	0.01740	0.02117	0.01240	0.01437	0.01090	0.00741	0.00590	0.00197	0.00968	0.00484	0.00363	0.01120
22	0.01022	0.00860	0.00867	0.00867	0.01134	0.00726	0.00638	0.01222	0.01892	0.02255	0.08216	0.08011	0.60254	0.06790	0.01233	0.00324	0.00458	0.01758	0.00772	0.00705
23	0.01006	0.00862	0.00862	0.00862	0.01149	0.00718	0.00647	0.01221	0.01940	0.02299	0.08621	0.08190	0.64438	0.02155	0.01006	0.00287	0.00431	0.01796	0.00790	0.00718
24	0.03031	0.07624	0.02629	0.01893	0.02554	0.02635	0.01574	0.50662	0.10702	0.04893	0.02141	0.02122	0.01553	0.01014	0.00829	0.00254	0.00904	0.00765	0.00815	0.01408
25	0.01818	0.01797	0.02522	0.02175	0.02185	0.02501	0.01807	0.02012	0.01308	0.02043	0.01196	0.01963	0.01186	0.01823	0.07154	0.00440	0.64015	0.00756	0.00378	0.00919
26	0.01061	0.00867	0.00909	0.00925	0.01171	0.00751	0.00688	0.01265	0.01860	0.02243	0.07612	0.07995	0.52688	0.10057	0.01405	0.00358	0.00504	0.06184	0.00758	0.00700
27	0.01985	0.01898	0.03235	0.20473	0.50481	0.01990	0.02551	0.02506	0.01880	0.02633	0.01579	0.02146	0.01296	0.00781	0.00845	0.00260	0.01041	0.00758	0.00411	0.01250
28	0.01058	0.00760	0.01032	0.01206	0.01267	0.00734	0.00822	0.01224	0.01599	0.02150	0.04411	0.61853	0.05222	0.03098	0.08705	0.00464	0.00701	0.02244	0.00751	0.00699
29	0.03179	0.04056	0.02412	0.02192	0.02631	0.66676	0.01644	0.03398	0.02412	0.02083	0.01315	0.01535	0.01096	0.00877	0.00767	0.00219	0.01535	0.00548	0.00438	0.00987
30	0.02165	0.57772	0.16327	0.01644	0.02475	0.03098	0.01783	0.02577	0.01742	0.02136	0.01250	0.01449	0.01089	0.00744	0.00597	0.00199	0.00977	0.00489	0.00363	0.01124
31	0.67645	0.01731	0.01402	0.01217	0.01761	0.01994	0.01002	0.09402	0.01745	0.03998	0.01285	0.01459	0.00983	0.00817	0.00564	0.00262	0.00691	0.00496	0.00564	0.00983
32	0.01086	0.00859	0.00977	0.00960	0.01202	0.00750	0.00715	0.01371	0.02110	0.02732	0.30422	0.10515	0.39245	0.02017	0.01009	0.00282	0.00422	0.01726	0.00848	0.00750
33	0.01216	0.00912	0.01368	0.01368	0.01520	0.01064	0.01064	0.01520	0.01368	0.01976	0.02279	0.03343	0.02127	0.06382	0.66720	0.01368	0.02279	0.00912	0.00456	0.00760
34	0.01238	0.00825	0.00928	0.00928	0.00928	0.00825	0.00516	0.01238	0.01238	0.01650	0.02681	0.05569	0.03094	0.70092	0.04331	0.00825	0.00825	0.01238	0.00516	0.00516
35	0.02118	0.52273	0.21412	0.01725	0.02599	0.02982	0.01924	0.02589	0.01748	0.02194	0.01278	0.01485	0.01088	0.00750	0.00619	0.00206	0.01006	0.00503	0.00363	0.01138
36	0.01950	0.01840	0.03088	0.17648	0.46792	0.01902	0.02429	0.02457	0.01884	0.02644	0.01742	0.02547	0.01500	0.00861	0.00855	0.00262	0.01008	0.04021	0.00436	0.04134

[dist]
# distance from previous block
# <min> <max>
0	2

[block]
# block no. 1 follows, 21 sequences, length 185
# corresponding to MSA columns:
# 39-223
name=unknown_B
#
# <colnr> <probs for GDERKNQSTAVLIFYWHMCP>
#	G	D	E	R	K	N	Q	S	T	A	V	L	I	F	Y	W	H	M	C	P
0	0.05835	0.02350	0.02128	0.01786	0.02325	0.14522	0.01416	0.26029	0.17478	0.06391	0.02919	0.02838	0.07965	0.01131	0.00841	0.00260	0.00917	0.00865	0.00764	0.01240
1	0.02069	0.01984	0.03387	0.09930	0.60370	0.02012	0.02593	0.02579	0.01920	0.02735	0.01594	0.02118	0.01332	0.00765	0.00843	0.00255	0.01020	0.00758	0.00418	0.01318
2	0.01196	0.00880	0.01237	0.01253	0.01375	0.00976	0.00926	0.01429	0.01390	0.01947	0.02816	0.09345	0.05217	0.17269	0.47458	0.01142	0.01796	0.01130	0.00508	0.00709
3	0.02565	0.43180	0.03698	0.01985	0.07023	0.24468	0.01606	0.02838	0.01973	0.02087	0.01259	0.01477	0.01113	0.00780	0.00642	0.00200	0.01127	0.00509	0.00393	0.01076
4	0.01997	0.02757	0.19980	0.03305	0.26504	0.08459	0.02366	0.02631	0.04485	0.02638	0.04421	0.02381	0.03888	0.00983	0.01081	0.00272	0.09429	0.00780	0.00454	0.01190
5	0.02510	0.13113	0.26222	0.02180	0.02962	0.34115	0.02177	0.03023	0.02091	0.02300	0.01376	0.01609	0.01089	0.00832	0.00753	0.00233	0.01348	0.00566	0.00399	0.01102
6	0.01800	0.15274	0.55628	0.02266	0.03437	0.02205	0.02867	0.02671	0.01786	0.02581	0.01471	0.01726	0.01080	0.00795	0.00765	0.00255	0.01201	0.00600	0.00360	0.01230
7	0.01022	0.00863	0.00885	0.00879	0.01160	0.00725	0.00660	0.01253	0.01979	0.02392	0.13258	0.08037	0.59744	0.02121	0.01006	0.00286	0.00429	0.01775	0.00802	0.00725
8	0.01163	0.00930	0.01122	0.04713	0.01555	0.00882	0.00902	0.01532	0.04933	0.02491	0.13629	0.21562	0.31264	0.02121	0.01026	0.00309	0.00528	0.07776	0.00789	0.00773
9	0.02351	0.06037	0.02274	0.07494	0.07415	0.25850	0.01622	0.08548	0.02242	0.02597	0.02172	0.03445	0.02013	0.01607	0.06201	0.00354	0.01236	0.11865	0.03678	0.00998
10	0.02882	0.25927	0.03085	0.01950	0.02484	0.45870	0.01582	0.03119	0.02187	0.02056	0.01272	0.01479	0.01095	0.00828	0.00695	0.00207	0.01329	0.00518	0.00414	0.01021
11	0.01037	0.00741	0.00987	0.01185	0.01234	0.00691	0.00790	0.01185	0.01629	0.02172	0.04690	0.69537	0.05629	0.02666	0.01086	0.00346	0.00494	0.02419	0.00790	0.00691
12	0.01707	0.03239	0.39050	0.24172	0.07020	0.01960	0.06009	0.02522	0.01783	0.02529	0.01536	0.01992	0.01119	0.00815	0.00834	0.00274	0.01216	0.00696	0.00372	0.01153
13	0.02961	0.02854	0.02226	0.01881	0.02385	0.29623	0.01473	0.27904	0.02987	0.03634	0.01845	0.01998	0.01409	0.00955	0.00777	0.00231	0.01109	0.00677	0.11919	0.01152
14	0.02905	0.08942	0.02492	0.02032	0.02515	0.45782	0.01571	0.06623	0.14113	0.02532	0.01755	0.01862	0.01402	0.00926	0.00773	0.00231	0.01287	0.00631	0.00536	0.01089
15	0.03183	0.03922	0.02423	0.02174	0.02632	0.61537	0.01642	0.08097	0.02539	0.02346	0.01374	0.01575	0.01124	0.00889	0.00774	0.00222	0.01487	0.00566	0.00472	0.01024
16	0.01278	0.09758	0.01474	0.01054	0.01349	0.01103	0.00837	0.01605	0.02174	0.02882	0.38710	0.06299	0.24937	0.01742	0.00946	0.00263	0.00476	0.01482	0.00818	0.00813
17	0.01678	0.01696	0.02849	0.02283	0.02729	0.06805	0.24292	0.02133	0.01697	0.02271	0.01988	0.02796	0.01724	0.03770	0.36241	0.00861	0.01896	0.00918	0.00445	0.00927
18	0.02079	0.01994	0.03405	0.08622	0.61596	0.02015	0.02598	0.02588	0.01925	0.02747	0.01596	0.02115	0.01336	0.00763	0.00843	0.00254	0.01018	0.00758	0.00419	0.01326
19	0.02106	0.02022	0.03454	0.05223	0.64784	0.02022	0.02612	0.02612	0.01938	0.02780	0.01601	0.02106	0.01348	0.00758	0.00842	0.00253	0.01011	0.00758	0.00421	0.01348
20	0.01046	0.00864	0.00918	0.00905	0.01174	0.00736	0.00679	0.01300	0.02036	0.02527	0.20016	0.07815	0.52901	0.02070	0.01005	0.00283	0.00425	0.01743	0.00820	0.00736
21	0.01722	0.04298	0.62699	0.02483	0.03721	0.01985	0.06025	0.02697	0.01807	0.02697	0.01537	0.01821	0.01089	0.00804	0.00818	0.00270	0.01266	0.00647	0.00363	0.01252
22	0.14222	0.01675	0.01934	0.01556	0.02163	0.01700	0.01269	0.11648	0.14165	0.36339	0.02878	0.02610	0.01936	0.01029	0.00808	0.00267	0.00733	0.00805	0.00912	0.01350
23	0.01316	0.00943	0.01295	0.01404	0.01602	0.00922	0.01185	0.01711	0.02107	0.02831	0.24168	0.08534	0.05927	0.02150	0.01119	0.00351	0.00658	0.40153	0.00834	0.00790
24	0.02106	0.02022	0.03454	0.05223	0.64784	0.02022	0.02612	0.02612	0.01938	0.02780	0.01601	0.02106	0.01348	0.00758	0.00842	0.00253	0.01011	0.00758	0.00421	0.01348
25	0.01739	0.01688	0.02491	0.20395	0.03181	0.02283	0.01936	0.02040	0.01419	0.02077	0.01321	0.02095	0.01204	0.01710	0.07443	0.00429	0.44486	0.00761	0.00381	0.00921
26	0.01016	0.00822	0.00903	0.00968	0.01177	0.00709	0.00694	0.01209	0.01838	0.02257	0.07329	0.28351	0.45111	0.02323	0.01032	0.00307	0.00452	0.02001	0.00790	0.00709
27	0.01037	0.00741	0.00987	0.01185	0.01234	0.00691	0.00790	0.01185	0.01629	0.02172	0.04690	0.69537	0.05629	0.02666	0.01086	0.00346	0.00494	0.02419	0.00790	0.00691
28	0.01006	0.00862	0.00862	0.00862	0.01149	0.00718	0.00647	0.01221	0.01940	0.02299	0.08621	0.08190	0.64438	0.02155	0.01006	0.00287	0.00431	0.01796	0.00790	0.00718
29	0.07702	0.01459	0.01936	0.01493	0.02144	0.01286	0.01233	0.04059	0.02383	0.62066	0.03241	0.02815	0.02043	0.01039	0.00838	0.00263	0.00721	0.00835	0.01025	0.01420
30	0.01862	0.01862	0.02607	0.02234	0.02234	0.02607	0.01862	0.02048	0.01303	0.02048	0.01117	0.01862	0.01117	0.01489	0.02793	0.00372	0.68535	0.00745	0.00372	0.00931
31	0.01672	0.01099	0.01228	0.01109	0.01470	0.00999	0.00857	0.07952	0.02229	0.12155	0.09847	0.11256	0.41120	0.01888	0.00973	0.00284	0.00530	0.01581	0.00844	0.00906
32	0.01240	0.00889	0.01180	0.01343	0.01468	0.00868	0.01016	0.03949	0.01838	0.02431	0.04518	0.46980	0.05211	0.02493	0.01106	0.00357	0.00608	0.20962	0.00790	0.00754
33	0.02069	0.01984	0.03387	0.09930	0.60370	0.02012	0.02593	0.02579	0.01920	0.02735	0.01594	0.02118	0.01332	0.00765	0.00843	0.00255	0.01020	0.00758	0.00418	0.01318
34	0.01697	0.02662	0.26643	0.03137	0.26585	0.01701	0.02357	0.02319	0.01884	0.02635	0.03209	0.03406	0.15955	0.01103	0.00868	0.00267	0.00970	0.00951	0.00484	0.01167
35	0.02573	0.48665	0.03784	0.01699	0.02331	0.24239	0.01518	0.02828	0.01954	0.02029	0.01227	0.01421	0.01093	0.00777	0.00619	0.00194	0.01116	0.00486	0.00389	0.01057
36	0.01204	0.00870	0.01138	0.01071	0.01271	0.00803	0.00803	0.01606	0.02409	0.03413	0.64335	0.06357	0.08030	0.01740	0.01004	0.00268	0.00401	0.01539	0.00937	0.00803
37	0.03235	0.02384	0.02554	0.01958	0.02639	0.02639	0.01618	0.61946	0.04001	0.05363	0.02043	0.02043	0.01447	0.01022	0.00851	0.00255	0.00936	0.00766	0.00851	0.01447
38	0.02417	0.03311	0.23149	0.02320	0.07855	0.19812	0.02100	0.15044	0.02441	0.03091	0.02030	0.02218	0.04643	0.00950	0.00808	0.00249	0.01157	0.00717	0.04511	0.01176
39	0.01182	0.00809	0.00980	0.01033	0.01059	0.00808	0.00634	0.01246	0.01354	0.01818	0.03192	0.22675	0.03700	0.46700	0.08518	0.00740	0.00854	0.01530	0.00585	0.00583
40	0.01230	0.00854	0.01073	0.01073	0.01123	0.00903	0.00696	0.01330	0.01280	0.01757	0.02549	0.04838	0.02776	0.49154	0.24835	0.01003	0.01303	0.01130	0.00496	0.00596
41	0.01227	0.00840	0.00997	0.00975	0.01041	0.00818	0.00610	0.01359	0.01623	0.02229	0.22943	0.05828	0.04716	0.47629	0.03238	0.00642	0.00686	0.01337	0.00654	0.00610
42	0.02148	0.21843	0.23778	0.02043	0.02818	0.16740	0.05240	0.02672	0.01875	0.02284	0.01487	0.01834	0.01224	0.01472	0.08717	0.00368	0.01358	0.00618	0.00394	0.01086
43	0.01204	0.00870	0.01138	0.01071	0.01271	0.00803	0.00803	0.01606	0.02409	0.03413	0.64335	0.06357	0.08030	0.01740	0.01004	0.00268	0.00401	0.01539	0.00937	0.00803
44	0.01651	0.01200	0.01425	0.01401	0.01627	0.01236	0.01021	0.18164	0.02292	0.03064	0.03951	0.50676	0.04460	0.02207	0.01021	0.00320	0.00617	0.01957	0.00807	0.00902
45	0.02438	0.02604	0.02791	0.03510	0.31667	0.21920	0.02031	0.03281	0.15810	0.02740	0.01930	0.02170	0.01550	0.00883	0.00825	0.00250	0.01096	0.00739	0.00526	0.01237
46	0.03179	0.04056	0.02412	0.02192	0.02631	0.66676	0.01644	0.03398	0.02412	0.02083	0.01315	0.01535	0.01096	0.00877	0.00767	0.00219	0.01535	0.00548	0.00438	0.00987
47	0.01041	0.00840	0.00932	0.00997	0.01217	0.00731	0.00737	0.01253	0.01862	0.02285	0.07315	0.23861	0.45056	0.02300	0.01039	0.00310	0.00473	0.06243	0.00790	0.00716
48	0.03071	0.02264	0.02458	0.01910	0.02548	0.02511	0.01573	0.57042	0.03787	0.05088	0.02062	0.02149	0.01502	0.01457	0.06197	0.00346	0.01045	0.00778	0.00819	0.01391
49	0.01691	0.01795	0.01440	0.01346	0.01641	0.18947	0.01019	0.01945	0.02135	0.02463	0.18050	0.05631	0.31634	0.01680	0.01037	0.00269	0.04412	0.01342	0.00702	0.00822
50	0.08207	0.25850	0.03151	0.02292	0.11917	0.27031	0.01654	0.02964	0.02038	0.05716	0.01415	0.01627	0.01175	0.00812	0.00691	0.00218	0.01134	0.00559	0.00451	0.01098
51	0.03083	0.11129	0.02629	0.02114	0.02583	0.59947	0.01624	0.03308	0.02339	0.02074	0.01301	0.01517	0.01096	0.00861	0.00744	0.00215	0.01468	0.00538	0.00431	0.00998
52	0.01228	0.01011	0.01443	0.19603	0.02541	0.01049	0.01216	0.01513	0.01698	0.02222	0.04176	0.39128	0.12091	0.01989	0.00986	0.00309	0.00669	0.01775	0.00661	0.04688
53	0.01683	0.01443	0.01513	0.01394	0.01794	0.01563	0.01075	0.03223	0.38804	0.03108	0.08105	0.05091	0.24660	0.01535	0.00922	0.00287	0.00575	0.01283	0.00843	0.01100
54	0.01037	0.00741	0.00987	0.01185	0.01234	0.00691	0.00790	0.01185	0.01629	0.02172	0.04690	0.69537	0.05629	0.02666	0.01086	0.00346	0.00494	0.02419	0.00790	0.00691
55	0.02106	0.02022	0.03454	0.05223	0.64784	0.02022	0.02612	0.02612	0.01938	0.02780	0.01601	0.02106	0.01348	0.00758	0.00842	0.00253	0.01011	0.00758	0.00421	0.01348
56	0.02106	0.02022	0.03454	0.05223	0.64784	0.02022	0.02612	0.02612	0.01938	0.02780	0.01601	0.02106	0.01348	0.00758	0.00842	0.00253	0.01011	0.00758	0.00421	0.01348
57	0.01037	0.00741	0.00987	0.01185	0.01234	0.00691	0.00790	0.01185	0.01629	0.02172	0.04690	0.69537	0.05629	0.02666	0.01086	0.00346	0.00494	0.02419	0.00790	0.00691
58	0.01006	0.00862	0.00862	0.00862	0.01149	0.00718	0.00647	0.01221	0.01940	0.02299	0.08621	0.08190	0.64438	0.02155	0.01006	0.00287	0.00431	0.01796	0.00790	0.00718
59	0.01216	0.00912	0.01368	0.01368	0.01520	0.01064	0.01064	0.01520	0.01368	0.01976	0.02279	0.03343	0.02127	0.06382	0.66720	0.01368	0.02279	0.00912	0.00456	0.00760
60	0.03038	0.03822	0.02432	0.02197	0.02589	0.59841	0.01667	0.03254	0.02293	0.02079	0.01294	0.01570	0.01098	0.00942	0.00983	0.00236	0.08682	0.00569	0.00431	0.00981
61	0.01216	0.00912	0.01368	0.01368	0.01520	0.01064	0.01064	0.01520	0.01368	0.01976	0.02279	0.03343	0.02127	0.06382	0.66720	0.01368	0.02279	0.00912	0.00456	0.00760
62	0.01037	0.00741	0.00987	0.01185	0.01234	0.00691	0.00790	0.01185	0.01629	0.02172	0.04690	0.69537	0.05629	0.02666	0.01086	0.00346	0.00494	0.02419	0.00790	0.00691
63	0.01769	0.01358	0.01414	0.01218	0.01630	0.01353	0.00962	0.21195	0.02608	0.03352	0.06146	0.05901	0.40394	0.01720	0.00933	0.00272	0.00595	0.01404	0.04815	0.00962
64	0.01037	0.00741	0.00987	0.01185	0.01234	0.00691	0.00790	0.01185	0.01629	0.02172	0.04690	0.69537	0.05629	0.02666	0.01086	0.00346	0.00494	0.02419	0.00790	0.00691
65	0.01264	0.00983	0.01460	0.01433	0.01573	0.01179	0.01124	0.01559	0.01363	0.01981	0.02192	0.03232	0.02052	0.06016	0.61931	0.01293	0.07243	0.00899	0.00450	0.00773
66	0.07297	0.01582	0.02016	0.01554	0.02208	0.01468	0.01283	0.11742	0.02595	0.54376	0.03076	0.02709	0.01961	0.01036	0.00839	0.00262	0.00749	0.00824	0.01001	0.01422
67	0.02115	0.20390	0.22968	0.02407	0.07922	0.10772	0.05429	0.02633	0.01798	0.02339	0.01359	0.01717	0.01124	0.00904	0.01088	0.00258	0.12643	0.00625	0.00382	0.01127
68	0.45543	0.01542	0.01688	0.23135	0.03021	0.01834	0.01407	0.02314	0.01525	0.03128	0.01381	0.01833	0.01089	0.01264	0.06006	0.00360	0.00946	0.00595	0.00472	0.00916
69	0.03183	0.03931	0.02422	0.02175	0.02631	0.61879	0.01642	0.07784	0.02531	0.02329	0.01370	0.01573	0.01122	0.00888	0.00774	0.00222	0.01490	0.00564	0.00469	0.01021
70	0.06365	0.07600	0.11983	0.01868	0.02549	0.09661	0.04030	0.06568	0.21195	0.12172	0.02362	0.02332	0.01733	0.00951	0.00794	0.00254	0.00930	0.00750	0.00673	0.05232
71	0.02241	0.51157	0.12382	0.01704	0.02426	0.08262	0.01729	0.02599	0.01762	0.02105	0.01235	0.01474	0.01092	0.00808	0.00768	0.00211	0.06073	0.00508	0.00370	0.01094
72	0.01037	0.00741	0.00987	0.01185	0.01234	0.00691	0.00790	0.01185	0.01629	0.02172	0.04690	0.69537	0.05629	0.02666	0.01086	0.00346	0.00494	0.02419	0.00790	0.00691
73	0.02332	0.01989	0.02005	0.01736	0.02244	0.05454	0.01366	0.17084	0.41833	0.03786	0.03453	0.03243	0.07281	0.01192	0.00869	0.00277	0.00757	0.00964	0.00834	0.01300
74	0.01208	0.00892	0.01165	0.01322	0.01497	0.00850	0.01069	0.01499	0.01868	0.02397	0.05399	0.25149	0.17310	0.02394	0.01117	0.00358	0.00635	0.32338	0.00787	0.00746
75	0.01037	0.00741	0.00987	0.01185	0.01234	0.00691	0.00790	0.01185	0.01629	0.02172	0.04690	0.69537	0.05629	0.02666	0.01086	0.00346	0.00494	0.02419	0.00790	0.00691
76	0.02545	0.02041	0.02166	0.01819	0.02376	0.02317	0.01451	0.26539	0.40531	0.04251	0.02919	0.02741	0.02157	0.01104	0.00860	0.00276	0.00774	0.00887	0.00860	0.01385
77	0.01495	0.00983	0.01173	0.01077	0.01380	0.00887	0.00824	0.01909	0.05055	0.10666	0.32765	0.06478	0.28507	0.01786	0.00980	0.00276	0.00465	0.01525	0.00892	0.00876
78	0.03179	0.04056	0.02412	0.02192	0.02631	0.66676	0.01644	0.03398	0.02412	0.02083	0.01315	0.01535	0.01096	0.00877	0.00767	0.00219	0.01535	0.00548	0.00438	0.00987
79	0.03150	0.02302	0.02463	0.01898	0.02554	0.02544	0.01565	0.58850	0.03887	0.05250	0.02081	0.02101	0.01485	0.01020	0.00838	0.00252	0.00909	0.00768	0.04670	0.01413
80	0.01238	0.00825	0.00928	0.00928	0.00928	0.00825	0.00516	0.01238	0.01238	0.01650	0.02681	0.05569	0.03094	0.70092	0.04331	0.00825	0.00825	0.01238	0.00516	0.00516
81	0.02106	0.02022	0.03454	0.05223	0.64784	0.02022	0.02612	0.02612	0.01938	0.02780	0.01601	0.02106	0.01348	0.00758	0.00842	0.00253	0.01011	0.00758	0.00421	0.01348
82	0.02312	0.02412	0.03254	0.04642	0.52857	0.14428	0.02426	0.02763	0.02029	0.02646	0.01546	0.01997	0.01300	0.00781	0.00828	0.00246	0.01111	0.00718	0.00425	0.01279
83	0.02275	0.70604	0.04459	0.01456	0.02184	0.03367	0.01456	0.02548	0.01729	0.02002	0.01183	0.01365	0.01092	0.00728	0.00546	0.00182	0.00910	0.00455	0.00364	0.01092
84	0.01027	0.00781	0.00946	0.01079	0.01206	0.00700	0.00743	0.01197	0.01731	0.02214	0.05982	0.49376	0.24956	0.02498	0.01060	0.00326	0.00473	0.02214	0.00790	0.00700
85	0.02688	0.02919	0.05370	0.01884	0.02352	0.34702	0.01508	0.10866	0.02448	0.07367	0.05119	0.05784	0.05176	0.01548	0.06179	0.00335	0.01278	0.00838	0.00596	0.01042
86	0.03014	0.03255	0.02393	0.02065	0.02525	0.40345	0.01606	0.19758	0.02742	0.03057	0.01572	0.01781	0.01247	0.00973	0.00947	0.00241	0.06751	0.00637	0.03988	0.01103
87	0.02824	0.03256	0.02525	0.07487	0.11389	0.43053	0.01814	0.08972	0.02428	0.02538	0.01610	0.02143	0.01369	0.00951	0.00814	0.00241	0.01333	0.03691	0.00491	0.01069
88	0.02738	0.36542	0.03411	0.01833	0.02413	0.35771	0.01552	0.02983	0.02078	0.02043	0.01251	0.01452	0.01094	0.00804	0.00659	0.00201	0.01230	0.00503	0.00402	0.01038
89	0.01223	0.00883	0.01223	0.01223	0.01325	0.00985	0.00884	0.01427	0.01325	0.01869	0.02412	0.04075	0.02445	0.27320	0.46216	0.01189	0.01801	0.01019	0.00476	0.00680
90	0.02009	0.02296	0.05022	0.03587	0.04448	0.02152	0.61693	0.02726	0.02009	0.02726	0.01722	0.02296	0.01291	0.00717	0.01004	0.00287	0.01435	0.01004	0.00430	0.01148
91	0.01006	0.00862	0.00862	0.00862	0.01149	0.00718	0.00647	0.01221	0.01940	0.02299	0.08621	0.08190	0.64438	0.02155	0.01006	0.00287	0.00431	0.01796	0.00790	0.00718
92	0.01607	0.01513	0.02552	0.68047	0.05861	0.01891	0.02363	0.02174	0.01702	0.02174	0.01513	0.02269	0.01134	0.00851	0.00851	0.00284	0.01134	0.00756	0.00378	0.00945
93	0.03570	0.01847	0.02221	0.01703	0.02371	0.01842	0.01407	0.28756	0.03102	0.39823	0.02798	0.02533	0.01826	0.01040	0.00854	0.00260	0.00815	0.00818	0.00967	0.01448
94	0.01794	0.01288	0.01656	0.01495	0.01771	0.01449	0.01173	0.17798	0.02047	0.02829	0.02116	0.02898	0.01863	0.04510	0.41071	0.10213	0.01726	0.00851	0.00552	0.00897
95	0.03818	0.01448	0.01975	0.01514	0.02172	0.01251	0.01251	0.04147	0.02436	0.65373	0.03357	0.02897	0.02107	0.01053	0.00856	0.00263	0.00724	0.00856	0.01053	0.01448
96	0.01037	0.00741	0.00987	0.01185	0.01234	0.00691	0.00790	0.01185	0.01629	0.02172	0.04690	0.69537	0.05629	0.02666	0.01086	0.00346	0.00494	0.02419	0.00790	0.00691
97	0.01783	0.01692	0.02869	0.45971	0.26567	0.01937	0.02451	0.02328	0.01785	0.02387	0.01544	0.02212	0.01209	0.00818	0.00848	0.00273	0.01091	0.00757	0.00393	0.01087
98	0.03649	0.01529	0.02002	0.01556	0.02201	0.01396	0.01278	0.07282	0.07455	0.57134	0.03295	0.02873	0.02111	0.01060	0.00856	0.00265	0.00731	0.00860	0.01027	0.01440
99	0.01308	0.00948	0.01289	0.01466	0.01659	0.00930	0.01252	0.01662	0.01930	0.02492	0.04933	0.14323	0.10917	0.02357	0.01151	0.00378	0.00725	0.48728	0.00785	0.00770
100	0.02573	0.01402	0.01602	0.01332	0.01783	0.01425	0.01066	0.14924	0.08588	0.20818	0.05313	0.02996	0.02287	0.01061	0.00762	0.00240	0.00624	0.00852	0.29192	0.01162
101	0.02791	0.01994	0.02159	0.01712	0.02268	0.02198	0.01399	0.46854	0.03411	0.04716	0.02187	0.02341	0.01627	0.01452	0.06154	0.00336	0.00954	0.00783	0.13386	0.01280
102	0.01350	0.00968	0.01013	0.00984	0.01271	0.00902	0.00765	0.06007	0.02056	0.02770	0.06311	0.06571	0.39090	0.01791	0.00904	0.00271	0.00489	0.06112	0.19577	0.00797
103	0.01889	0.01800	0.03061	0.32619	0.39089	0.01965	0.02503	0.02421	0.01835	0.02516	0.01562	0.02177	0.01255	0.00799	0.00846	0.00266	0.01065	0.00757	0.00402	0.01172
104	0.03101	0.02255	0.02411	0.01863	0.02505	0.02489	0.01535	0.57079	0.03821	0.05186	0.02103	0.02135	0.01507	0.01019	0.00831	0.00251	0.00893	0.00768	0.06855	0.01394
105	0.01019	0.00809	0.00917	0.01003	0.01186	0.00707	0.00709	0.01205	0.01804	0.02244	0.06906	0.34950	0.38785	0.02378	0.01041	0.00313	0.00458	0.02068	0.00790	0.00707
106	0.02154	0.40257	0.24296	0.01847	0.02714	0.07991	0.02021	0.02757	0.04659	0.02309	0.01413	0.01605	0.01158	0.00786	0.00665	0.00219	0.01064	0.00543	0.00392	0.01150
107	0.01279	0.00941	0.01221	0.01357	0.01558	0.00909	0.01140	0.01599	0.01896	0.02419	0.05279	0.08957	0.18082	0.07805	0.01394	0.00404	0.00708	0.41543	0.00763	0.00747
108	0.01006	0.00862	0.00862	0.00862	0.01149	0.00718	0.00647	0.01221	0.01940	0.02299	0.08621	0.08190	0.64438	0.02155	0.01006	0.00287	0.00431	0.01796	0.00790	0.00718
109	0.08550	0.03410	0.02301	0.02033	0.02519	0.45965	0.01558	0.12389	0.08300	0.02853	0.01619	0.01755	0.01278	0.00919	0.00771	0.00235	0.01297	0.00614	0.00548	0.01086
110	0.01075	0.00853	0.00966	0.00964	0.01199	0.00744	0.00713	0.01346	0.02065	0.02657	0.26788	0.13720	0.39760	0.02068	0.01013	0.00287	0.00427	0.01773	0.00839	0.00744
111	0.01080	0.00788	0.01017	0.01123	0.01237	0.00725	0.00780	0.01305	0.01874	0.02528	0.21577	0.46353	0.11741	0.02362	0.01056	0.00319	0.00462	0.02118	0.00831	0.00725
112	0.01266	0.00991	0.01189	0.01269	0.01527	0.00950	0.01051	0.01731	0.06542	0.02514	0.06239	0.08498	0.30926	0.02175	0.01078	0.00338	0.00620	0.29507	0.00793	0.00797
113	0.18828	0.31685	0.15789	0.01688	0.02434	0.12383	0.01706	0.02697	0.01784	0.02561	0.01273	0.01482	0.01052	0.00781	0.00628	0.00224	0.01019	0.00506	0.00411	0.01071
114	0.03048	0.02243	0.02436	0.01919	0.02551	0.02473	0.01593	0.55922	0.03797	0.05081	0.02290	0.02799	0.01793	0.01155	0.00884	0.00269	0.00921	0.06601	0.00845	0.01381
115	0.01037	0.00741	0.00987	0.01185	0.01234	0.00691	0.00790	0.01185	0.01629	0.02172	0.04690	0.69537	0.05629	0.02666	0.01086	0.00346	0.00494	0.02419	0.00790	0.00691
116	0.02106	0.02022	0.03454	0.05223	0.64784	0.02022	0.02612	0.02612	0.01938	0.02780	0.01601	0.02106	0.01348	0.00758	0.00842	0.00253	0.01011	0.00758	0.00421	0.01348
117	0.01557	0.01453	0.02282	0.13631	0.25755	0.01453	0.04170	0.01955	0.01886	0.02468	0.04346	0.08031	0.24798	0.01390	0.00924	0.00277	0.00807	0.01240	0.00571	0.01006
118	0.01190	0.00847	0.01147	0.01334	0.01442	0.00821	0.01022	0.01433	0.01748	0.02303	0.04504	0.40644	0.05182	0.06155	0.01298	0.00391	0.00635	0.26410	0.00773	0.00721
119	0.03293	0.01947	0.02221	0.01718	0.02352	0.02033	0.01414	0.38084	0.03307	0.24907	0.02535	0.02415	0.01724	0.01030	0.00832	0.00253	0.00823	0.00798	0.06921	0.01394
120	0.02260	0.02373	0.03021	0.04217	0.45710	0.16390	0.02247	0.02672	0.02019	0.02575	0.01788	0.07451	0.01639	0.00940	0.00845	0.00253	0.01086	0.00846	0.00455	0.01214
121	0.02275	0.70604	0.04459	0.01456	0.02184	0.03367	0.01456	0.02548	0.01729	0.02002	0.01183	0.01365	0.01092	0.00728	0.00546	0.00182	0.00910	0.00455	0.00364	0.01092
122	0.02118	0.08997	0.03176	0.21874	0.34501	0.10124	0.02308	0.02582	0.01910	0.02448	0.01499	0.02006	0.01232	0.00796	0.00806	0.00250	0.01100	0.00701	0.00406	0.01166
123	0.03235	0.02384	0.02554	0.01958	0.02639	0.02639	0.01618	0.61946	0.04001	0.05363	0.02043	0.02043	0.01447	0.01022	0.00851	0.00255	0.00936	0.00766	0.00851	0.01447
124	0.01743	0.01455	0.01716	0.01249	0.01949	0.01105	0.00988	0.02065	0.01716	0.02676	0.01510	0.01826	0.01277	0.00804	0.00832	0.05753	0.00638	0.00522	0.00494	0.69682
125	0.01412	0.01226	0.01472	0.01450	0.01631	0.07631	0.01122	0.01708	0.01472	0.01986	0.02183	0.03162	0.02024	0.05831	0.60118	0.01253	0.02205	0.00875	0.00454	0.00783
126	0.01204	0.00870	0.01138	0.01071	0.01271	0.00803	0.00803	0.01606	0.02409	0.03413	0.64335	0.06357	0.08030	0.01740	0.01004	0.00268	0.00401	0.01539	0.00937	0.00803
127	0.01607	0.01513	0.02552	0.68047	0.05861	0.01891	0.02363	0.02174	0.01702	0.02174	0.01513	0.02269	0.01134	0.00851	0.00851	0.00284	0.01134	0.00756	0.00378	0.00945
128	0.02106	0.02022	0.03454	0.05223	0.64784	0.02022	0.02612	0.02612	0.01938	0.02780	0.01601	0.02106	0.01348	0.00758	0.00842	0.00253	0.01011	0.00758	0.00421	0.01348
129	0.02423	0.01914	0.02048	0.01764	0.02293	0.02170	0.01394	0.15521	0.48612	0.07225	0.03185	0.02943	0.02351	0.01124	0.00863	0.00281	0.00727	0.00919	0.00873	0.01372
130	0.02121	0.01071	0.01211	0.01071	0.01403	0.01056	0.00837	0.05744	0.05405	0.15747	0.07501	0.03296	0.02588	0.01070	0.00706	0.00224	0.00506	0.00869	0.46584	0.00990
131	0.03818	0.01448	0.01975	0.01514	0.02172	0.01251	0.01251	0.04147	0.02436	0.65373	0.03357	0.02897	0.02107	0.01053	0.00856	0.00263	0.00724	0.00856	0.01053	0.01448
132	0.02252	0.67872	0.06986	0.01496	0.02246	0.03310	0.01526	0.02554	0.01732	0.02031	0.01197	0.01383	0.01092	0.00731	0.00557	0.00186	0.00924	0.00462	0.00364	0.01099
133	0.01196	0.00870	0.01126	0.01062	0.01266	0.00799	0.00797	0.01590	0.02390	0.03367	0.62035	0.06433	0.10358	0.01757	0.01004	0.00268	0.00403	0.01550	0.00931	0.00799
134	0.01015	0.00862	0.00875	0.00872	0.01155	0.00722	0.00654	0.01239	0.01961	0.02350	0.11197	0.08105	0.61831	0.02136	0.01006	0.00286	0.00430	0.01784	0.00797	0.00722
135	0.01765	0.01513	0.01765	0.01260	0.02017	0.01134	0.01008	0.02143	0.01765	0.02773	0.01513	0.01765	0.01260	0.00630	0.00630	0.00126	0.00630	0.00504	0.00504	0.75295
136	0.03073	0.02257	0.02422	0.01874	0.02500	0.02492	0.01528	0.57019	0.03777	0.05062	0.02095	0.02329	0.01581	0.06628	0.01134	0.00302	0.00927	0.00804	0.00824	0.01372
137	0.01029	0.00863	0.00894	0.00887	0.01164	0.00728	0.00665	0.01266	0.01995	0.02430	0.15155	0.07975	0.57823	0.02107	0.01006	0.00285	0.00428	0.01766	0.00807	0.00728
138	0.01216	0.00912	0.01368	0.01368	0.01520	0.01064	0.01064	0.01520	0.01368	0.01976	0.02279	0.03343	0.02127	0.06382	0.66720	0.01368	0.02279	0.00912	0.00456	0.00760
139	0.02414	0.02821	0.01942	0.01799	0.02088	0.40367	0.01325	0.02595	0.02000	0.02006	0.02080	0.05480	0.04414	0.14172	0.06905	0.00440	0.04974	0.00843	0.00480	0.00856
140	0.01292	0.00909	0.01050	0.00990	0.01272	0.00790	0.00751	0.01587	0.02155	0.07447	0.29377	0.07098	0.38355	0.01915	0.00994	0.00278	0.00442	0.01628	0.00866	0.00805
141	0.02275	0.70604	0.04459	0.01456	0.02184	0.03367	0.01456	0.02548	0.01729	0.02002	0.01183	0.01365	0.01092	0.00728	0.00546	0.00182	0.00910	0.00455	0.00364	0.01092
142	0.02063	0.01992	0.02724	0.03462	0.35741	0.06930	0.01920	0.02496	0.01910	0.02721	0.01544	0.01929	0.01294	0.00719	0.00755	0.00202	0.00908	0.00644	0.00454	0.29592
143	0.02275	0.70604	0.04459	0.01456	0.02184	0.03367	0.01456	0.02548	0.01729	0.02002	0.01183	0.01365	0.01092	0.00728	0.00546	0.00182	0.00910	0.00455	0.00364	0.01092
144	0.01989	0.02257	0.04900	0.06758	0.04517	0.02139	0.58774	0.02699	0.01994	0.02699	0.01711	0.02294	0.01284	0.00724	0.00997	0.00287	0.01420	0.00992	0.00428	0.01138
145	0.01172	0.00797	0.00948	0.01013	0.01029	0.00781	0.00606	0.01220	0.01366	0.01822	0.03342	0.26592	0.03927	0.47933	0.03265	0.00667	0.00716	0.01626	0.00606	0.00573
146	0.01123	0.00874	0.01028	0.01034	0.01269	0.00779	0.00795	0.01425	0.02103	0.02734	0.28564	0.10066	0.34362	0.02045	0.01028	0.00295	0.00464	0.08412	0.00844	0.00756
147	0.01194	0.00810	0.00952	0.00990	0.01011	0.00796	0.00589	0.01246	0.01383	0.01855	0.06438	0.19030	0.03893	0.52251	0.03471	0.00694	0.00733	0.01502	0.00596	0.00568
148	0.01037	0.00741	0.00987	0.01185	0.01234	0.00691	0.00790	0.01185	0.01629	0.02172	0.04690	0.69537	0.05629	0.02666	0.01086	0.00346	0.00494	0.02419	0.00790	0.00691
149	0.01607	0.01513	0.02552	0.68047	0.05861	0.01891	0.02363	0.02174	0.01702	0.02174	0.01513	0.02269	0.01134	0.00851	0.00851	0.00284	0.01134	0.00756	0.00378	0.00945
150	0.02575	0.02947	0.02886	0.08883	0.30479	0.32722	0.02132	0.02950	0.02144	0.02400	0.01458	0.01848	0.01211	0.00822	0.00807	0.00239	0.01270	0.00658	0.00426	0.01144
151	0.01046	0.00848	0.00928	0.00940	0.01182	0.00730	0.00693	0.01287	0.01987	0.02486	0.18293	0.15450	0.46872	0.02143	0.01015	0.00291	0.00433	0.01826	0.00817	0.00730
152	0.01037	0.00741	0.00987	0.01185	0.01234	0.00691	0.00790	0.01185	0.01629	0.02172	0.04690	0.69537	0.05629	0.02666	0.01086	0.00346	0.00494	0.02419	0.00790	0.00691
153	0.01029	0.00772	0.00955	0.01102	0.01213	0.00698	0.00753	0.01194	0.01709	0.02205	0.05696	0.53841	0.20675	0.02535	0.01066	0.00331	0.00478	0.02260	0.00790	0.00698
154	0.02185	0.46150	0.07568	0.02525	0.16464	0.02893	0.06695	0.02585	0.01802	0.02272	0.01339	0.01630	0.01165	0.00738	0.00664	0.00211	0.00994	0.00577	0.00382	0.01163
155	0.01079	0.00798	0.01071	0.01239	0.01286	0.00790	0.00845	0.01230	0.01612	0.02166	0.04506	0.66043	0.05396	0.02605	0.01174	0.00347	0.04007	0.02333	0.00768	0.00704
156	0.01024	0.00852	0.00898	0.00929	0.01184	0.00726	0.00693	0.01239	0.01903	0.02294	0.07983	0.15614	0.54972	0.02225	0.01022	0.00299	0.00453	0.04182	0.00790	0.00718
157	0.27258	0.02562	0.02051	0.01732	0.02285	0.19675	0.01380	0.23380	0.05910	0.03869	0.01639	0.01748	0.01240	0.00913	0.00722	0.00250	0.00992	0.00617	0.00633	0.01144
158	0.02275	0.70604	0.04459	0.01456	0.02184	0.03367	0.01456	0.02548	0.01729	0.02002	0.01183	0.01365	0.01092	0.00728	0.00546	0.00182	0.00910	0.00455	0.00364	0.01092
159	0.07427	0.01796	0.02692	0.31997	0.09498	0.05358	0.10980	0.02612	0.08127	0.02652	0.01820	0.02320	0.01394	0.00862	0.00825	0.00270	0.01048	0.00785	0.06496	0.01040
160	0.01856	0.19797	0.48084	0.02261	0.03373	0.02312	0.05893	0.02662	0.01792	0.02534	0.01457	0.01722	0.01093	0.00785	0.00758	0.00250	0.01186	0.00608	0.00364	0.01213
161	0.01124	0.00836	0.01047	0.01058	0.01238	0.00759	0.00769	0.01427	0.02125	0.02889	0.38715	0.22340	0.18439	0.02050	0.01025	0.00291	0.00430	0.01807	0.00872	0.00759
162	0.01959	0.01720	0.01755	0.01558	0.02006	0.05216	0.01207	0.05698	0.38886	0.03363	0.12880	0.03834	0.08232	0.01266	0.00875	0.00268	0.00665	0.01054	0.00820	0.06736
163	0.01204	0.00870	0.01138	0.01071	0.01271	0.00803	0.00803	0.01606	0.02409	0.03413	0.64335	0.06357	0.08030	0.01740	0.01004	0.00268	0.00401	0.01539	0.00937	0.00803
164	0.01172	0.00845	0.01109	0.01093	0.01264	0.00782	0.00800	0.01525	0.02259	0.03175	0.52890	0.18481	0.07569	0.01918	0.01020	0.00283	0.00419	0.01708	0.00909	0.00782
165	0.03235	0.02384	0.02554	0.01958	0.02639	0.02639	0.01618	0.61946	0.04001	0.05363	0.02043	0.02043	0.01447	0.01022	0.00851	0.00255	0.00936	0.00766	0.00851	0.01447
166	0.03483	0.01986	0.02308	0.01769	0.02441	0.02049	0.01462	0.37399	0.03336	0.30850	0.02601	0.02406	0.01727	0.01035	0.00853	0.00259	0.00846	0.00804	0.00937	0.01448
167	0.03818	0.01448	0.01975	0.01514	0.02172	0.01251	0.01251	0.04147	0.02436	0.65373	0.03357	0.02897	0.02107	0.01053	0.00856	0.00263	0.00724	0.00856	0.01053	0.01448
168	0.01114	0.00866	0.01012	0.00976	0.01216	0.00764	0.00732	0.01431	0.02195	0.02906	0.38974	0.07191	0.33707	0.01929	0.01005	0.00277	0.00415	0.01656	0.00870	0.00764
169	0.02198	0.01114	0.01450	0.01307	0.01701	0.00996	0.01069	0.02528	0.02211	0.26655	0.14848	0.06187	0.17677	0.01710	0.00987	0.00299	0.00619	0.14505	0.00913	0.01026
170	0.03235	0.02384	0.02554	0.01958	0.02639	0.02639	0.01618	0.61946	0.04001	0.05363	0.02043	0.02043	0.01447	0.01022	0.00851	0.00255	0.00936	0.00766	0.00851	0.01447
171	0.01236	0.00830	0.00952	0.00952	0.00960	0.00838	0.00545	0.01253	0.01245	0.01668	0.02660	0.05449	0.03042	0.66669	0.07683	0.00854	0.00903	0.01220	0.00512	0.00529
172	0.02533	0.02316	0.01921	0.01670	0.02084	0.21991	0.01304	0.20649	0.02595	0.03324	0.02023	0.02341	0.01610	0.01758	0.10451	0.00394	0.01194	0.00726	0.18067	0.01048
173	0.02183	0.01708	0.01796	0.01580	0.02036	0.01934	0.01239	0.12802	0.41988	0.03759	0.03110	0.03001	0.02339	0.01102	0.00810	0.00266	0.00659	0.00899	0.15539	0.01252
174	0.01142	0.00871	0.01071	0.01182	0.01377	0.00801	0.00926	0.01406	0.01889	0.02395	0.08564	0.23645	0.28139	0.02328	0.01081	0.00335	0.00561	0.20757	0.00794	0.00737
175	0.01567	0.00799	0.00823	0.00823	0.01019	0.00807	0.00620	0.01959	0.01763	0.03110	0.02750	0.03182	0.02178	0.01275	0.04072	0.00260	0.00496	0.00799	0.70906	0.00791
176	0.01046	0.00826	0.00944	0.00994	0.01195	0.00723	0.00715	0.01270	0.01918	0.02434	0.16108	0.26764	0.37554	0.02247	0.01030	0.00302	0.00446	0.01948	0.00813	0.00723
177	0.12566	0.01747	0.13116	0.01594	0.01989	0.01496	0.01486	0.01937	0.01505	0.02463	0.05067	0.02777	0.01961	0.03807	0.35088	0.00847	0.08387	0.00809	0.00465	0.00894
178	0.05509	0.13382	0.02247	0.01624	0.02046	0.28672	0.01286	0.02676	0.02262	0.05979	0.22109	0.03159	0.03421	0.01143	0.00804	0.00233	0.00982	0.00872	0.00627	0.00965
179	0.01813	0.01826	0.04790	0.01864	0.02312	0.09233	0.11079	0.02191	0.01848	0.04942	0.07098	0.09535	0.05741	0.02124	0.12361	0.00450	0.06746	0.01036	0.00557	0.12453
180	0.01868	0.01415	0.01624	0.01321	0.01858	0.01293	0.01040	0.04805	0.14679	0.08155	0.13314	0.03743	0.10909	0.01167	0.00815	0.00220	0.00595	0.00974	0.00744	0.29462
181	0.01787	0.05194	0.18114	0.02200	0.02752	0.04505	0.11043	0.02445	0.06344	0.02534	0.06907	0.06089	0.02123	0.01581	0.06346	0.00380	0.17195	0.00920	0.00492	0.01047
182	0.11309	0.04816	0.09514	0.11960	0.02621	0.05240	0.01590	0.06882	0.01732	0.02537	0.01755	0.08752	0.01639	0.01530	0.01541	0.15364	0.09016	0.00842	0.00475	0.00886
183	0.27121	0.02459	0.05352	0.01866	0.06862	0.19295	0.01421	0.05854	0.01952	0.03038	0.01418	0.01684	0.01146	0.01034	0.03470	0.00274	0.01033	0.00559	0.00497	0.13666
184	0.01938	0.06050	0.32095	0.02444	0.07647	0.11769	0.04888	0.02571	0.01805	0.02427	0.01569	0.02009	0.01263	0.01657	0.10345	0.00423	0.06908	0.00685	0.00394	0.01115

[dist]
# distance from previous block
# <min> <max>
21	295

[block]
# block no. 2 follows, 21 sequences, length 72
# corresponding to MSA columns:
# 538-609
name=unknown_C
#
# <colnr> <probs for GDERKNQSTAVLIFYWHMCP>
#	G	D	E	R	K	N	Q	S	T	A	V	L	I	F	Y	W	H	M	C	P
0	0.05395	0.08314	0.10123	0.02276	0.10722	0.05105	0.01786	0.12084	0.02048	0.02863	0.02111	0.05864	0.04918	0.01702	0.07948	0.00392	0.13894	0.00849	0.00519	0.01087
1	0.05524	0.17897	0.15644	0.05011	0.06001	0.08058	0.01811	0.06076	0.06472	0.02709	0.01627	0.01884	0.01307	0.01085	0.04019	0.00279	0.01052	0.00615	0.00472	0.12457
2	0.18085	0.01929	0.04917	0.09223	0.23381	0.01977	0.01829	0.12613	0.05363	0.03415	0.02047	0.02326	0.04238	0.00916	0.00773	0.00260	0.00872	0.00750	0.03906	0.01176
3	0.02147	0.06665	0.16983	0.02397	0.08363	0.11269	0.05208	0.08343	0.04461	0.02666	0.01898	0.02243	0.04418	0.01148	0.01327	0.04210	0.13928	0.00752	0.00473	0.01099
4	0.01922	0.01944	0.06524	0.12622	0.02602	0.10628	0.01453	0.05617	0.07944	0.02650	0.02188	0.06202	0.01927	0.09280	0.01293	0.00316	0.03966	0.00864	0.11864	0.08196
5	0.02144	0.01681	0.02113	0.08315	0.02569	0.01783	0.04333	0.24739	0.05846	0.03611	0.05065	0.13541	0.02673	0.01594	0.03892	0.00325	0.00894	0.05728	0.00721	0.08434
6	0.02280	0.17189	0.02706	0.13818	0.02892	0.17537	0.01607	0.09727	0.02137	0.02530	0.02011	0.06870	0.04649	0.01082	0.00923	0.00247	0.06040	0.00800	0.00502	0.04453
7	0.15292	0.01463	0.01647	0.04557	0.02009	0.05976	0.04087	0.02175	0.06222	0.02611	0.02756	0.04200	0.05640	0.08649	0.14987	0.00564	0.01145	0.10853	0.00575	0.04591
8	0.10405	0.06833	0.02271	0.05574	0.15311	0.11187	0.01521	0.07915	0.04883	0.02955	0.05157	0.02997	0.10509	0.01063	0.00786	0.00244	0.00872	0.00849	0.03703	0.04965
9	0.06071	0.18155	0.20738	0.01987	0.02621	0.13290	0.01994	0.02557	0.01762	0.02334	0.01625	0.01939	0.03956	0.01016	0.01186	0.00265	0.16393	0.00647	0.00405	0.01059
10	0.02483	0.07634	0.05784	0.17018	0.06739	0.24329	0.01767	0.02847	0.02027	0.09730	0.01728	0.02195	0.01388	0.05751	0.01032	0.00279	0.01159	0.00688	0.00496	0.04926
11	0.02241	0.07823	0.11699	0.02199	0.07797	0.15452	0.04640	0.07163	0.07901	0.05953	0.02289	0.11647	0.02058	0.01526	0.05502	0.00340	0.01134	0.00954	0.00573	0.01108
12	0.02342	0.03283	0.16198	0.02498	0.03076	0.26094	0.12616	0.02803	0.01941	0.02316	0.01383	0.01804	0.01132	0.00984	0.01311	0.00279	0.17784	0.00694	0.00404	0.01058
13	0.01095	0.00836	0.01001	0.01096	0.01267	0.00759	0.00808	0.01311	0.01820	0.02314	0.09094	0.29608	0.28693	0.05983	0.01238	0.00351	0.00526	0.10706	0.00782	0.00712
14	0.01372	0.01095	0.01514	0.01440	0.01522	0.01333	0.01097	0.01580	0.01355	0.01980	0.02246	0.06930	0.02287	0.18288	0.33138	0.00930	0.16811	0.01017	0.03321	0.00745
15	0.02893	0.03302	0.02543	0.02542	0.10969	0.42179	0.01761	0.10294	0.06981	0.02676	0.01589	0.01811	0.01284	0.00931	0.00901	0.00241	0.04831	0.00643	0.00514	0.01114
16	0.02725	0.01925	0.02145	0.01725	0.02218	0.02107	0.01375	0.44993	0.03219	0.04313	0.02035	0.05299	0.01648	0.01547	0.01437	0.17682	0.00870	0.00837	0.00737	0.01162
17	0.01037	0.00741	0.00987	0.01185	0.01234	0.00691	0.00790	0.01185	0.01629	0.02172	0.04690	0.69537	0.05629	0.02666	0.01086	0.00346	0.00494	0.02419	0.00790	0.00691
