[name]
unknown

[dist]
# distance from previous block
# <min> <max>
0	0

[block]
# block no. 0 follows, 22 sequences, length 23
# corresponding to MSA columns:
# 0-22
name=unknown_A
#
# <colnr> <probs for GDERKNQSTAVLIFYWHMCP>
#	G	D	E	R	K	N	Q	S	T	A	V	L	I	F	Y	W	H	M	C	P
0	0.01339	0.00956	0.01339	0.01530	0.01721	0.00956	0.01339	0.01721	0.01912	0.02486	0.04399	0.09371	0.04781	0.02295	0.01147	0.00382	0.00765	0.60031	0.00765	0.00765
1	0.03158	0.02327	0.02493	0.01911	0.02576	0.02576	0.01579	0.62852	0.03906	0.05236	0.01995	0.01995	0.01413	0.00997	0.00831	0.00249	0.00914	0.00748	0.00831	0.01413
2	0.01012	0.00723	0.00964	0.01157	0.01205	0.00675	0.00771	0.01157	0.01591	0.02121	0.04579	0.70262	0.05495	0.02603	0.01060	0.00337	0.00482	0.02362	0.00771	0.00675
3	0.03727	0.01414	0.01928	0.01478	0.02121	0.01221	0.01221	0.04049	0.02378	0.66198	0.03277	0.02828	0.02056	0.01028	0.00835	0.00257	0.00707	0.00835	0.01028	0.01414
4	0.01569	0.01477	0.02492	0.68808	0.05722	0.01846	0.02307	0.02123	0.01661	0.02123	0.01477	0.02215	0.01107	0.00831	0.00831	0.00277	0.01107	0.00738	0.00369	0.00923
5	0.01666	0.04297	0.66500	0.02368	0.03596	0.01929	0.03069	0.02631	0.01754	0.02631	0.01491	0.01754	0.01052	0.00789	0.00789	0.00263	0.01228	0.00614	0.00351	0.01228
6	0.02019	0.01936	0.03304	0.10001	0.61013	0.01964	0.02531	0.02517	0.01874	0.02669	0.01556	0.02068	0.01300	0.00747	0.00823	0.00249	0.00996	0.00740	0.00408	0.01286
7	0.01187	0.00890	0.01335	0.01335	0.01483	0.01038	0.01038	0.01483	0.01335	0.01928	0.02225	0.03264	0.02077	0.06231	0.67512	0.01335	0.02225	0.00890	0.00445	0.00742
8	0.01012	0.00723	0.00964	0.01157	0.01205	0.00675	0.00771	0.01157	0.01591	0.02121	0.04579	0.70262	0.05495	0.02603	0.01060	0.00337	0.00482	0.02362	0.00771	0.00675
9	0.02056	0.01974	0.03372	0.05099	0.65622	0.01974	0.02550	0.02550	0.01892	0.02714	0.01563	0.02056	0.01316	0.00740	0.00822	0.00247	0.00987	0.00740	0.00411	0.01316
10	0.01569	0.01477	0.02492	0.68808	0.05722	0.01846	0.02307	0.02123	0.01661	0.02123	0.01477	0.02215	0.01107	0.00831	0.00831	0.00277	0.01107	0.00738	0.00369	0.00923
11	0.02056	0.01974	0.03372	0.05099	0.65622	0.01974	0.02550	0.02550	0.01892	0.02714	0.01563	0.02056	0.01316	0.00740	0.00822	0.00247	0.00987	0.00740	0.00411	0.01316
12	0.01569	0.01477	0.02492	0.68808	0.05722	0.01846	0.02307	0.02123	0.01661	0.02123	0.01477	0.02215	0.01107	0.00831	0.00831	0.00277	0.01107	0.00738	0.00369	0.00923
13	0.01666	0.04297	0.66500	0.02368	0.03596	0.01929	0.03069	0.02631	0.01754	0.02631	0.01491	0.01754	0.01052	0.00789	0.00789	0.00263	0.01228	0.00614	0.00351	0.01228
14	0.01012	0.00723	0.00964	0.01157	0.01205	0.00675	0.00771	0.01157	0.01591	0.02121	0.04579	0.70262	0.05495	0.02603	0.01060	0.00337	0.00482	0.02362	0.00771	0.00675
15	0.01012	0.00723	0.00964	0.01157	0.01205	0.00675	0.00771	0.01157	0.01591	0.02121	0.04579	0.70262	0.05495	0.02603	0.01060	0.00337	0.00482	0.02362	0.00771	0.00675
16	0.32926	0.03176	0.39294	0.01836	0.02767	0.01902	0.02165	0.02552	0.01612	0.03088	0.01352	0.01585	0.00989	0.00782	0.00675	0.00261	0.00984	0.00546	0.00419	0.01091
17	0.03116	0.03594	0.02385	0.02089	0.02570	0.52932	0.01599	0.16654	0.02702	0.02751	0.01443	0.01609	0.01147	0.00888	0.00767	0.00222	0.01367	0.00583	0.00518	0.01064
18	0.00982	0.00842	0.00842	0.00842	0.01122	0.00701	0.00631	0.01192	0.01894	0.02244	0.08416	0.07995	0.65285	0.02104	0.00982	0.00281	0.00421	0.01753	0.00771	0.00701
19	0.03103	0.03959	0.02354	0.02140	0.02568	0.67469	0.01605	0.03317	0.02354	0.02033	0.01284	0.01498	0.01070	0.00856	0.00749	0.00214	0.01498	0.00535	0.00428	0.00963
20	0.00991	0.00804	0.00880	0.00942	0.01148	0.00693	0.00676	0.01181	0.01797	0.02205	0.07198	0.27764	0.46302	0.02262	0.01007	0.00299	0.00440	0.01946	0.00771	0.00693
21	0.01156	0.01082	0.00973	0.00953	0.01240	0.05844	0.00715	0.01377	0.01955	0.02290	0.11112	0.07393	0.57060	0.01985	0.00964	0.00274	0.00502	0.01645	0.00753	0.00726
22	0.02221	0.71304	0.04353	0.01421	0.02132	0.03287	0.01421	0.02488	0.01688	0.01955	0.01155	0.01333	0.01066	0.00711	0.00533	0.00178	0.00888	0.00444	0.00355	0.01066

[dist]
# distance from previous block
# <min> <max>
0	2

[block]
# block no. 1 follows, 22 sequences, length 12
# corresponding to MSA columns:
# 25-36
name=unknown_B
#
# <colnr> <probs for GDERKNQSTAVLIFYWHMCP>
#	G	D	E	R	K	N	Q	S	T	A	V	L	I	F	Y	W	H	M	C	P
0	0.01025	0.00789	0.00938	0.01015	0.01178	0.00702	0.00718	0.01233	0.01826	0.02353	0.15266	0.35943	0.29497	0.02269	0.01017	0.00303	0.00444	0.01991	0.00793	0.00702
1	0.38374	0.08899	0.23524	0.01585	0.02368	0.01962	0.01705	0.02647	0.01636	0.08533	0.01450	0.01610	0.01065	0.00794	0.00636	0.00252	0.00867	0.00537	0.00489	0.01069
2	0.01805	0.16481	0.49202	0.02444	0.09024	0.02185	0.02717	0.02597	0.01754	0.02513	0.01435	0.01704	0.01079	0.00770	0.00745	0.00246	0.01143	0.00594	0.00357	0.01206
3	0.02056	0.01974	0.03372	0.05099	0.65622	0.01974	0.02550	0.02550	0.01892	0.02714	0.01563	0.02056	0.01316	0.00740	0.00822	0.00247	0.00987	0.00740	0.00411	0.01316
4	0.01807	0.01712	0.02786	0.04113	0.50678	0.01679	0.02105	0.02235	0.01892	0.02605	0.03150	0.03432	0.16137	0.01056	0.00859	0.00255	0.00856	0.00975	0.00495	0.01174
5	0.13540	0.18172	0.25590	0.01842	0.02696	0.02394	0.01974	0.18842	0.02269	0.03351	0.01502	0.01665	0.01130	0.00825	0.00702	0.00240	0.00979	0.00588	0.00506	0.01192
6	0.16057	0.02680	0.12006	0.01924	0.02611	0.19433	0.08787	0.02886	0.01954	0.10804	0.01623	0.01801	0.01209	0.00798	0.00731	0.00229	0.01056	0.00616	0.00517	0.12278
7	0.02110	0.02207	0.01938	0.14085	0.02702	0.22127	0.01430	0.02995	0.20548	0.02429	0.02525	0.03048	0.05183	0.11581	0.01332	0.00339	0.01012	0.00860	0.00572	0.00978
8	0.22194	0.01508	0.01543	0.01372	0.01749	0.01647	0.01055	0.22258	0.02289	0.03559	0.02617	0.23144	0.02669	0.07395	0.01106	0.00326	0.00698	0.01204	0.00699	0.00969
9	0.08236	0.02518	0.20777	0.03574	0.33296	0.01863	0.06963	0.02466	0.01795	0.02728	0.01745	0.07085	0.01519	0.00894	0.00817	0.00262	0.01018	0.00821	0.00431	0.01192
10	0.02117	0.03836	0.39127	0.02741	0.13184	0.19645	0.02591	0.02803	0.01938	0.02483	0.01446	0.01733	0.01099	0.00800	0.00784	0.00247	0.01262	0.00613	0.00381	0.01170
11	0.01782	0.02572	0.23475	0.23637	0.27349	0.01920	0.02643	0.02446	0.01777	0.02507	0.01513	0.02007	0.01167	0.00784	0.00814	0.00261	0.01101	0.00699	0.00379	0.01168

[dist]
# distance from previous block
# <min> <max>
4	13

[block]
# block no. 2 follows, 22 sequences, length 8
# corresponding to MSA columns:
# 50-57
name=unknown_C
#
# <colnr> <probs for GDERKNQSTAVLIFYWHMCP>
#	G	D	E	R	K	N	Q	S	T	A	V	L	I	F	Y	W	H	M	C	P
0	0.02330	0.03437	0.29391	0.02409	0.03292	0.14496	0.12395	0.16591	0.02396	0.03121	0.01599	0.01842	0.01173	0.00835	0.00823	0.00253	0.01236	0.00691	0.00487	0.01202
1	0.02336	0.02659	0.02974	0.18379	0.19680	0.27211	0.09853	0.02762	0.02026	0.02309	0.01451	0.01901	0.01166	0.00800	0.00816	0.00245	0.01265	0.00692	0.00409	0.01065
2	0.02310	0.38351	0.03277	0.01503	0.02195	0.02622	0.01360	0.15333	0.05938	0.02895	0.01533	0.01659	0.01262	0.00777	0.00632	0.00188	0.00825	0.00548	0.00514	0.16280
3	0.01704	0.01681	0.01601	0.01631	0.04849	0.17344	0.01148	0.01946	0.01654	0.02025	0.05862	0.03315	0.02302	0.15251	0.33051	0.00851	0.01634	0.00886	0.00478	0.00787
4	0.01781	0.09056	0.24905	0.02564	0.17642	0.07632	0.02104	0.02329	0.01866	0.02447	0.03049	0.03198	0.15865	0.01078	0.00814	0.00251	0.00978	0.00883	0.00469	0.01090
5	0.01862	0.01767	0.02617	0.32421	0.27334	0.06617	0.02151	0.02349	0.01808	0.02447	0.01633	0.02202	0.01298	0.00814	0.00793	0.00252	0.01010	0.00728	0.08842	0.01056
6	0.02242	0.02374	0.03039	0.11595	0.44400	0.16996	0.02305	0.02678	0.01972	0.02491	0.01489	0.01946	0.01236	0.00777	0.00807	0.00243	0.01118	0.00693	0.00410	0.01191
7	0.02209	0.18205	0.02773	0.02092	0.07823	0.18969	0.01588	0.05006	0.01845	0.02202	0.01681	0.02084	0.04008	0.01614	0.08689	0.00373	0.16741	0.00678	0.00429	0.00989

[dist]
# distance from previous block
# <min> <max>
8	19

[block]
# block no. 3 follows, 22 sequences, length 10
# corresponding to MSA columns:
# 77-86
name=unknown_D
#
# <colnr> <probs for GDERKNQSTAVLIFYWHMCP>
#	G	D	E	R	K	N	Q	S	T	A	V	L	I	F	Y	W	H	M	C	P
0	0.01774	0.03005	0.32180	0.11759	0.13127	0.07823	0.02444	0.02439	0.01755	0.02413	0.01591	0.02068	0.01256	0.01611	0.10816	0.00419	0.01348	0.00685	0.00384	0.01102
1	0.11997	0.01673	0.02463	0.02139	0.05783	0.01938	0.12674	0.02157	0.04432	0.02516	0.02842	0.03170	0.14347	0.01300	0.01552	0.00306	0.26307	0.00957	0.00503	0.00945
2	0.02001	0.13279	0.21517	0.20783	0.03652	0.14252	0.02223	0.02535	0.01784	0.02219	0.01361	0.01778	0.01077	0.00863	0.00933	0.00254	0.07457	0.00619	0.00372	0.01040
3	0.02189	0.02448	0.08568	0.02807	0.17716	0.18112	0.10191	0.02651	0.02107	0.06484	0.11756	0.03068	0.02506	0.01033	0.00868	0.00256	0.01070	0.04538	0.00550	0.01081
4	0.02090	0.19917	0.33532	0.05380	0.06137	0.02376	0.02334	0.13673	0.02137	0.02927	0.01505	0.01733	0.01137	0.00808	0.00738	0.00240	0.01070	0.00610	0.00444	0.01212
5	0.05875	0.21230	0.08441	0.12254	0.04973	0.02033	0.01555	0.02431	0.10278	0.02452	0.02529	0.10800	0.06547	0.01131	0.00758	0.00247	0.00816	0.00921	0.00523	0.04205
6	0.01844	0.02770	0.26750	0.12849	0.34291	0.01940	0.02710	0.02521	0.01809	0.02602	0.01524	0.01965	0.01189	0.00771	0.00811	0.00257	0.01093	0.00693	0.00383	0.01229
7	0.01551	0.05049	0.01783	0.11300	0.02172	0.01505	0.01263	0.01941	0.08100	0.02126	0.02350	0.02965	0.06562	0.02492	0.13824	0.16926	0.11308	0.00847	0.05148	0.00788
8	0.18193	0.01689	0.01635	0.01673	0.05766	0.10059	0.01216	0.10905	0.02094	0.03067	0.06149	0.20156	0.03091	0.01533	0.00860	0.00287	0.00778	0.09258	0.00664	0.00927
9	0.02227	0.03179	0.23423	0.03377	0.27983	0.16352	0.02451	0.06423	0.02072	0.02692	0.01505	0.01833	0.01183	0.00797	0.00796	0.00245	0.01172	0.00655	0.00421	0.01216

[dist]
# distance from previous block
# <min> <max>
5	34

[block]
# block no. 4 follows, 22 sequences, length 6
# corresponding to MSA columns:
# 121-126
name=unknown_E
#
# <colnr> <probs for GDERKNQSTAVLIFYWHMCP>
#	G	D	E	R	K	N	Q	S	T	A	V	L	I	F	Y	W	H	M	C	P
0	0.01571	0.01002	0.01415	0.01347	0.01526	0.01105	0.01029	0.01812	0.01490	0.10910	0.02593	0.10664	0.02485	0.12176	0.39040	0.00945	0.06447	0.01068	0.00563	0.00813
1	0.02906	0.03452	0.02561	0.02693	0.14714	0.49907	0.01785	0.07709	0.02383	0.02408	0.01392	0.01643	0.01144	0.00845	0.00769	0.00223	0.01355	0.00591	0.00456	0.01065
2	0.02298	0.02677	0.07557	0.10072	0.13203	0.20458	0.13347	0.07122	0.02110	0.02597	0.01498	0.01889	0.01186	0.00817	0.00891	0.00244	0.03967	0.00699	0.00444	0.06926
3	0.01596	0.01529	0.01554	0.01758	0.10618	0.10357	0.01132	0.06210	0.02057	0.02482	0.05354	0.15825	0.32881	0.01734	0.00928	0.00273	0.00698	0.01463	0.00677	0.00873
4	0.02245	0.12745	0.21528	0.01851	0.02596	0.11958	0.01861	0.18119	0.02414	0.03062	0.02585	0.02658	0.10822	0.01040	0.00787	0.00243	0.01017	0.00784	0.00551	0.01134
5	0.01661	0.11218	0.02457	0.02339	0.16068	0.01905	0.01575	0.01955	0.01572	0.02171	0.02513	0.03021	0.10499	0.02403	0.16939	0.00527	0.18900	0.00875	0.00450	0.00953

[dist]
# distance from previous block
# <min> <max>
6	75

[block]
# block no. 5 follows, 22 sequences, length 11
# corresponding to MSA columns:
# 202-212
name=unknown_F
#
# <colnr> <probs for GDERKNQSTAVLIFYWHMCP>
#	G	D	E	R	K	N	Q	S	T	A	V	L	I	F	Y	W	H	M	C	P
0	0.12158	0.42222	0.03385	0.01549	0.02193	0.10363	0.01403	0.13324	0.02124	0.02778	0.01320	0.01472	0.01107	0.00786	0.00609	0.00205	0.00931	0.00509	0.00469	0.01094
1	0.04731	0.01612	0.04610	0.14880	0.07912	0.01515	0.01510	0.04904	0.08964	0.14068	0.02895	0.02980	0.09498	0.01012	0.00797	0.00240	0.00776	0.00843	0.00639	0.15616
2	0.02269	0.02335	0.02386	0.02622	0.17169	0.21525	0.01711	0.09732	0.02076	0.02551	0.01642	0.02147	0.01414	0.02200	0.17040	0.00511	0.08444	0.00714	0.00470	0.01042
3	0.02026	0.28630	0.19244	0.06995	0.06950	0.06637	0.08949	0.02539	0.01759	0.02268	0.01349	0.01691	0.01105	0.00800	0.00853	0.00237	0.05885	0.00612	0.00371	0.01100
4	0.02291	0.02090	0.02233	0.10063	0.02644	0.11867	0.01585	0.20175	0.02326	0.03022	0.01791	0.02632	0.01582	0.06807	0.01526	0.00319	0.16289	0.04438	0.00557	0.05762
5	0.02345	0.02580	0.08171	0.06730	0.37692	0.15110	0.02275	0.09985	0.02206	0.02850	0.01550	0.01920	0.01248	0.00802	0.00806	0.00243	0.01105	0.00690	0.00459	0.01233
6	0.02128	0.01852	0.02701	0.06123	0.34542	0.01843	0.01937	0.14175	0.02277	0.03225	0.06088	0.02280	0.01768	0.00838	0.00797	0.00227	0.00867	0.00749	0.00542	0.15041
7	0.01043	0.00811	0.00965	0.01023	0.01188	0.00757	0.00730	0.01230	0.01654	0.02103	0.05764	0.25876	0.31714	0.08600	0.12132	0.00513	0.00766	0.01752	0.00696	0.00684
8	0.01945	0.01742	0.01793	0.08447	0.02268	0.10505	0.01293	0.16285	0.02275	0.02884	0.03309	0.22326	0.10460	0.01571	0.01013	0.00278	0.05088	0.01294	0.00658	0.04567
9	0.02347	0.02482	0.02246	0.09668	0.10543	0.26307	0.01649	0.07820	0.11197	0.02769	0.09210	0.02854	0.02309	0.01058	0.00834	0.00252	0.01058	0.03753	0.00585	0.01059
10	0.07536	0.02252	0.02374	0.20783	0.11872	0.18937	0.01828	0.02927	0.09441	0.07232	0.01757	0.02075	0.01354	0.00910	0.00905	0.00259	0.05287	0.00696	0.00507	0.01069

[dist]
# distance from previous block
# <min> <max>
12	24

[block]
# block no. 6 follows, 22 sequences, length 9
# corresponding to MSA columns:
# 237-245
name=unknown_G
#
# <colnr> <probs for GDERKNQSTAVLIFYWHMCP>
#	G	D	E	R	K	N	Q	S	T	A	V	L	I	F	Y	W	H	M	C	P
0	0.09310	0.01558	0.01935	0.01487	0.02097	0.01421	0.06475	0.10888	0.02111	0.03197	0.08420	0.02921	0.05853	0.00963	0.00750	0.00203	0.00703	0.03318	0.00608	0.35781
1	0.02513	0.40740	0.03454	0.01610	0.02224	0.02810	0.01467	0.14498	0.04799	0.09281	0.01626	0.01739	0.01301	0.00891	0.00854	0.00223	0.07674	0.00593	0.00539	0.01165
2	0.11573	0.23772	0.02816	0.01801	0.02324	0.40533	0.01467	0.02966	0.02044	0.02211	0.01230	0.01431	0.01049	0.00803	0.00657	0.00208	0.01215	0.00498	0.00417	0.00986
3	0.01708	0.00962	0.01272	0.01280	0.01508	0.00902	0.00954	0.02047	0.04954	0.16387	0.10039	0.39941	0.04749	0.02067	0.01001	0.00314	0.00559	0.07622	0.00844	0.00888
4	0.01957	0.02300	0.06855	0.02562	0.06716	0.14491	0.24911	0.02420	0.01923	0.02435	0.02151	0.15778	0.02069	0.01115	0.00894	0.00260	0.01121	0.01088	0.00495	0.08460
5	0.02087	0.09366	0.03307	0.08778	0.15463	0.15046	0.18134	0.02533	0.01880	0.02320	0.01586	0.02110	0.01319	0.01556	0.10516	0.00403	0.01380	0.00755	0.00412	0.01049
6	0.02296	0.02357	0.01786	0.01651	0.01951	0.30791	0.01245	0.08085	0.02077	0.02243	0.02380	0.03163	0.07923	0.01666	0.01486	0.20547	0.01061	0.05978	0.00513	0.00801
7	0.13203	0.13821	0.02524	0.01788	0.02342	0.28861	0.01450	0.17333	0.02490	0.06695	0.01530	0.01646	0.01184	0.00865	0.00707	0.00225	0.01098	0.00577	0.00559	0.01104
8	0.06670	0.15330	0.02240	0.01539	0.02010	0.21286	0.01245	0.08585	0.07673	0.02665	0.05656	0.03323	0.16210	0.01181	0.00773	0.00236	0.00909	0.00887	0.00594	0.00988

[dist]
# distance from previous block
# <min> <max>
19	55

[block]
# block no. 7 follows, 22 sequences, length 41
# corresponding to MSA columns:
# 308-348
name=unknown_H
#
# <colnr> <probs for GDERKNQSTAVLIFYWHMCP>
#	G	D	E	R	K	N	Q	S	T	A	V	L	I	F	Y	W	H	M	C	P
0	0.02497	0.01983	0.01814	0.01525	0.02027	0.17127	0.01187	0.06734	0.05494	0.17889	0.06572	0.07502	0.07997	0.01158	0.00811	0.00230	0.00831	0.00926	0.00715	0.14983
1	0.05290	0.01609	0.04561	0.17561	0.02795	0.04940	0.01471	0.11120	0.02180	0.09619	0.08147	0.11619	0.06940	0.01339	0.00872	0.00275	0.00813	0.04528	0.03332	0.00990
2	0.04882	0.01665	0.01781	0.01538	0.01983	0.05106	0.01227	0.17217	0.13626	0.03240	0.02733	0.03214	0.06223	0.02354	0.16766	0.00507	0.01123	0.03975	0.00659	0.10180
3	0.02445	0.02687	0.02500	0.10849	0.17925	0.29131	0.01840	0.05715	0.11226	0.02566	0.01953	0.02194	0.03536	0.00913	0.00802	0.00243	0.01143	0.00719	0.00507	0.01105
4	0.02543	0.12933	0.02409	0.01828	0.02286	0.36988	0.01434	0.03246	0.16032	0.02353	0.02190	0.02283	0.05201	0.01180	0.03373	0.00272	0.01187	0.00698	0.00532	0.01033
5	0.01815	0.01384	0.01524	0.01257	0.01750	0.01290	0.01007	0.16613	0.02364	0.05549	0.04779	0.04903	0.28754	0.01446	0.00860	0.00240	0.00617	0.04233	0.00729	0.18887
6	0.01736	0.01587	0.01574	0.01510	0.01748	0.13296	0.01144	0.09216	0.01896	0.02396	0.02588	0.18810	0.02629	0.03742	0.31278	0.00759	0.01515	0.01160	0.00567	0.00848
7	0.01812	0.03840	0.51351	0.02874	0.15290	0.05203	0.02898	0.02650	0.01810	0.02617	0.01494	0.01798	0.01103	0.00783	0.00794	0.00258	0.01196	0.00634	0.00366	0.01231
8	0.01568	0.17851	0.02032	0.01279	0.01657	0.01554	0.01043	0.05845	0.01795	0.02381	0.05184	0.20450	0.08789	0.02385	0.13016	0.00442	0.00935	0.01210	0.00587	0.09998
9	0.01000	0.00770	0.00915	0.01031	0.01172	0.00685	0.00715	0.01171	0.01712	0.02170	0.06112	0.45375	0.29392	0.02403	0.01029	0.00315	0.00458	0.02119	0.00771	0.00685
10	0.11195	0.01986	0.02092	0.02186	0.13711	0.09694	0.01446	0.03145	0.22711	0.03009	0.02069	0.02173	0.01624	0.00858	0.00734	0.00226	0.00807	0.00687	0.00591	0.19057
11	0.02630	0.40105	0.03427	0.01754	0.02334	0.33021	0.01507	0.02872	0.01997	0.01991	0.01215	0.01409	0.01068	0.00778	0.00633	0.00195	0.01171	0.00486	0.00389	0.01018
12	0.01008	0.00737	0.00949	0.01118	0.01195	0.00678	0.00754	0.01161	0.01627	0.02136	0.05046	0.62678	0.12777	0.02542	0.01051	0.00330	0.00475	0.02288	0.00771	0.00678
13	0.02825	0.02838	0.02623	0.02751	0.17634	0.27025	0.01809	0.23256	0.05504	0.03340	0.01683	0.01870	0.01309	0.00888	0.00799	0.00237	0.01142	0.00674	0.00578	0.01215
14	0.03110	0.03760	0.02371	0.02112	0.02569	0.59565	0.01602	0.10569	0.02543	0.02423	0.01371	0.01559	0.01112	0.00873	0.00759	0.00218	0.01427	0.00561	0.00477	0.01018
15	0.01025	0.00856	0.00902	0.00925	0.01195	0.00732	0.00717	0.01257	0.01896	0.02274	0.07926	0.08163	0.57915	0.02127	0.01002	0.00293	0.00463	0.08852	0.00771	0.00709
16	0.01864	0.28173	0.44356	0.02031	0.03074	0.02413	0.02482	0.02580	0.01730	0.02390	0.01371	0.01604	0.01057	0.00761	0.00698	0.00233	0.01107	0.00553	0.00352	0.01170
17	0.00982	0.00842	0.00842	0.00842	0.01122	0.00701	0.00631	0.01192	0.01894	0.02244	0.08416	0.07995	0.65285	0.02104	0.00982	0.00281	0.00421	0.01753	0.00771	0.00701
18	0.02563	0.03058	0.02027	0.01876	0.02225	0.48076	0.01416	0.02806	0.02078	0.02064	0.01584	0.02004	0.01367	0.02147	0.16708	0.00481	0.01614	0.00633	0.04372	0.00900
19	0.02374	0.59633	0.04007	0.01546	0.02208	0.14410	0.01453	0.02631	0.01803	0.01968	0.01177	0.01361	0.01067	0.00736	0.00570	0.00184	0.00994	0.00460	0.00368	0.01048
20	0.03158	0.02327	0.02493	0.01911	0.02576	0.02576	0.01579	0.62852	0.03906	0.05236	0.01995	0.01995	0.01413	0.00997	0.00831	0.00249	0.00914	0.00748	0.00831	0.01413
21	0.02733	0.01476	0.01803	0.01509	0.01978	0.01459	0.01191	0.20680	0.02594	0.28579	0.03291	0.23065	0.02909	0.01497	0.00902	0.00279	0.00700	0.01273	0.00891	0.01189
22	0.01368	0.01062	0.01136	0.01058	0.01386	0.01004	0.00811	0.04535	0.10588	0.05412	0.14224	0.06617	0.44067	0.01825	0.00950	0.00276	0.00484	0.01527	0.00813	0.00858
23	0.01012	0.00723	0.00964	0.01157	0.01205	0.00675	0.00771	0.01157	0.01591	0.02121	0.04579	0.70262	0.05495	0.02603	0.01060	0.00337	0.00482	0.02362	0.00771	0.00675
24	0.01012	0.00723	0.00964	0.01157	0.01205	0.00675	0.00771	0.01157	0.01591	0.02121	0.04579	0.70262	0.05495	0.02603	0.01060	0.00337	0.00482	0.02362	0.00771	0.00675
25	0.01030	0.00807	0.00883	0.00929	0.01102	0.00714	0.00641	0.01187	0.01696	0.02099	0.06437	0.22420	0.39589	0.14796	0.01595	0.00390	0.00506	0.01799	0.00722	0.00659
26	0.01192	0.00870	0.01232	0.01232	0.01345	0.00983	0.00910	0.01418	0.01305	0.01853	0.02319	0.03783	0.02302	0.21675	0.52376	0.01208	0.01886	0.00966	0.00459	0.00685
27	0.01803	0.01429	0.01587	0.01436	0.01818	0.01561	0.01110	0.03345	0.39072	0.06039	0.22446	0.04318	0.07803	0.01354	0.00894	0.00274	0.00565	0.01154	0.00870	0.01122
28	0.01549	0.00774	0.00774	0.00774	0.00968	0.00774	0.00581	0.01936	0.01742	0.03097	0.02710	0.03097	0.02129	0.00968	0.00581	0.00194	0.00387	0.00774	0.75416	0.00774
29	0.02056	0.01974	0.03372	0.05099	0.65622	0.01974	0.02550	0.02550	0.01892	0.02714	0.01563	0.02056	0.01316	0.00740	0.00822	0.00247	0.00987	0.00740	0.00411	0.01316
30	0.01005	0.00751	0.00935	0.01081	0.01185	0.00681	0.00738	0.01165	0.01663	0.02150	0.05496	0.55369	0.19795	0.02483	0.01042	0.00324	0.00467	0.02216	0.00771	0.00681
31	0.01012	0.00723	0.00964	0.01157	0.01205	0.00675	0.00771	0.01157	0.01591	0.02121	0.04579	0.70262	0.05495	0.02603	0.01060	0.00337	0.00482	0.02362	0.00771	0.00675
32	0.01012	0.00723	0.00964	0.01157	0.01205	0.00675	0.00771	0.01157	0.01591	0.02121	0.04579	0.70262	0.05495	0.02603	0.01060	0.00337	0.00482	0.02362	0.00771	0.00675
33	0.01974	0.15367	0.18688	0.02380	0.03021	0.06832	0.15652	0.02477	0.01691	0.02293	0.01343	0.01787	0.01114	0.00950	0.01336	0.00277	0.20685	0.00692	0.00376	0.01065
34	0.01318	0.00949	0.01310	0.01490	0.01686	0.00941	0.01297	0.01690	0.01911	0.02472	0.04634	0.09290	0.08327	0.02284	0.01138	0.00377	0.00745	0.56615	0.00765	0.00761
35	0.01607	0.00862	0.00901	0.00871	0.01086	0.00885	0.00663	0.05039	0.01826	0.03128	0.02640	0.03052	0.02089	0.01326	0.05128	0.00274	0.00539	0.00781	0.66500	0.00805
36	0.41411	0.02372	0.17104	0.01568	0.02287	0.01976	0.01560	0.13628	0.02002	0.07054	0.01502	0.01643	0.01091	0.00830	0.00655	0.00257	0.00836	0.00564	0.00560	0.01099
37	0.01901	0.01799	0.02811	0.04072	0.47782	0.04313	0.02163	0.02349	0.01934	0.02659	0.05208	0.03572	0.05204	0.01080	0.00882	0.00267	0.00920	0.09412	0.00504	0.01168
38	0.06819	0.19033	0.23849	0.01654	0.02412	0.01967	0.01781	0.05666	0.01987	0.08972	0.11217	0.02808	0.06490	0.01023	0.00757	0.00242	0.00866	0.00796	0.00564	0.01096
39	0.20445	0.07644	0.02583	0.02164	0.05868	0.35995	0.08904	0.02931	0.02012	0.02546	0.01308	0.01571	0.01065	0.00801	0.00710	0.00232	0.01213	0.00574	0.00442	0.00993
40	0.15987	0.10983	0.26990	0.01712	0.02440	0.01842	0.01864	0.02445	0.05935	0.02794	0.06557	0.02913	0.02054	0.01132	0.00881	0.03923	0.00899	0.07117	0.00503	0.01026

[dist]
# distance from previous block
# <min> <max>
0	1

[block]
# block no. 8 follows, 22 sequences, length 51
# corresponding to MSA columns:
# 350-400
name=unknown_I
#
# <colnr> <probs for GDERKNQSTAVLIFYWHMCP>
#	G	D	E	R	K	N	Q	S	T	A	V	L	I	F	Y	W	H	M	C	P
0	0.02874	0.03387	0.02328	0.02132	0.05373	0.49676	0.01562	0.08493	0.02388	0.02444	0.01387	0.01599	0.01134	0.00831	0.00742	0.00206	0.01303	0.00558	0.00472	0.11110
1	0.02148	0.02364	0.03573	0.10103	0.19498	0.13738	0.24912	0.02748	0.04833	0.02517	0.01612	0.02080	0.01277	0.00804	0.00954	0.00263	0.04219	0.00803	0.00431	0.01122
2	0.05828	0.12135	0.02336	0.01669	0.02158	0.20071	0.01340	0.18586	0.05385	0.05815	0.09869	0.02571	0.02245	0.05293	0.00981	0.00267	0.00965	0.00770	0.00639	0.01077
3	0.01956	0.01484	0.02033	0.02309	0.17914	0.01501	0.01457	0.15076	0.02542	0.06537	0.28828	0.04285	0.04344	0.01310	0.00911	0.00262	0.00693	0.04711	0.00765	0.01082
4	0.01536	0.01227	0.01823	0.02341	0.16119	0.01241	0.01610	0.02042	0.05017	0.02587	0.03710	0.07412	0.03889	0.01887	0.01059	0.00347	0.00810	0.43738	0.00689	0.00916
5	0.02868	0.03513	0.02583	0.02806	0.16754	0.52735	0.01818	0.03145	0.02250	0.02186	0.01347	0.01624	0.01125	0.00830	0.00766	0.00221	0.01383	0.00581	0.00424	0.01042
6	0.01677	0.01373	0.01563	0.01526	0.01872	0.01503	0.01234	0.03069	0.34380	0.03018	0.07062	0.05823	0.09447	0.01640	0.00966	0.00315	0.00659	0.21010	0.00814	0.01047
7	0.03158	0.02327	0.02493	0.01911	0.02576	0.02576	0.01579	0.62852	0.03906	0.05236	0.01995	0.01995	0.01413	0.00997	0.00831	0.00249	0.00914	0.00748	0.00831	0.01413
8	0.01035	0.00796	0.00948	0.01011	0.01181	0.00708	0.00720	0.01259	0.01871	0.02428	0.19050	0.32428	0.29146	0.02216	0.01013	0.00299	0.00439	0.01942	0.00802	0.00708
9	0.02343	0.01922	0.02034	0.01747	0.02266	0.02196	0.01382	0.19224	0.48861	0.03921	0.03030	0.02819	0.02251	0.01094	0.00842	0.00274	0.00723	0.00891	0.00842	0.01340
10	0.03158	0.02327	0.02493	0.01911	0.02576	0.02576	0.01579	0.62852	0.03906	0.05236	0.01995	0.01995	0.01413	0.00997	0.00831	0.00249	0.00914	0.00748	0.00831	0.01413
11	0.01176	0.00849	0.01110	0.01045	0.01241	0.00784	0.00784	0.01568	0.02352	0.03331	0.65184	0.06206	0.07839	0.01698	0.00980	0.00261	0.00392	0.01502	0.00914	0.00784
12	0.01666	0.04297	0.66500	0.02368	0.03596	0.01929	0.03069	0.02631	0.01754	0.02631	0.01491	0.01754	0.01052	0.00789	0.00789	0.00263	0.01228	0.00614	0.00351	0.01228
13	0.01106	0.00881	0.01015	0.01081	0.01331	0.00790	0.00877	0.01376	0.01900	0.02328	0.07018	0.08474	0.44234	0.02170	0.01039	0.00316	0.00541	0.22030	0.00769	0.00723
14	0.01012	0.00723	0.00964	0.01157	0.01205	0.00675	0.00771	0.01157	0.01591	0.02121	0.04579	0.70262	0.05495	0.02603	0.01060	0.00337	0.00482	0.02362	0.00771	0.00675
15	0.01569	0.01477	0.02492	0.68808	0.05722	0.01846	0.02307	0.02123	0.01661	0.02123	0.01477	0.02215	0.01107	0.00831	0.00831	0.00277	0.01107	0.00738	0.00369	0.00923
16	0.01785	0.18655	0.53184	0.02165	0.03282	0.02220	0.02716	0.02600	0.01740	0.02486	0.01419	0.01664	0.01055	0.00772	0.00734	0.00245	0.01155	0.00578	0.00352	0.01193
17	0.01058	0.00866	0.00948	0.00989	0.01250	0.00756	0.00783	0.01306	0.01898	0.02296	0.07555	0.08290	0.52321	0.02145	0.01017	0.00302	0.00495	0.14241	0.00770	0.00715
18	0.02056	0.01974	0.03372	0.05099	0.65622	0.01974	0.02550	0.02550	0.01892	0.02714	0.01563	0.02056	0.01316	0.00740	0.00822	0.00247	0.00987	0.00740	0.00411	0.01316
19	0.03127	0.03242	0.02415	0.02040	0.02572	0.38965	0.01594	0.29468	0.03036	0.03440	0.01596	0.01716	0.01221	0.00918	0.00785	0.00230	0.01242	0.00629	0.00605	0.01161
20	0.01673	0.01583	0.02680	0.55157	0.18557	0.01873	0.02359	0.02214	0.01711	0.02249	0.01495	0.02181	0.01152	0.00811	0.00829	0.00270	0.01082	0.00739	0.00378	0.01007
21	0.03103	0.03959	0.02354	0.02140	0.02568	0.67469	0.01605	0.03317	0.02354	0.02033	0.01284	0.01498	0.01070	0.00856	0.00749	0.00214	0.01498	0.00535	0.00428	0.00963
22	0.01569	0.01477	0.02492	0.68808	0.05722	0.01846	0.02307	0.02123	0.01661	0.02123	0.01477	0.02215	0.01107	0.00831	0.00831	0.00277	0.01107	0.00738	0.00369	0.00923
23	0.02007	0.01924	0.03283	0.11520	0.59585	0.01961	0.02525	0.02507	0.01868	0.02654	0.01554	0.02072	0.01295	0.00749	0.00823	0.00250	0.00999	0.00740	0.00407	0.01276
24	0.03107	0.03859	0.02363	0.02126	0.02569	0.63483	0.01604	0.06974	0.02450	0.02230	0.01328	0.01529	0.01091	0.00865	0.00754	0.00216	0.01462	0.00548	0.00453	0.00991
25	0.01052	0.00838	0.00942	0.00930	0.01168	0.00729	0.00692	0.01322	0.02038	0.02620	0.28152	0.10663	0.41942	0.01988	0.00985	0.00277	0.00414	0.01697	0.00822	0.00729
26	0.02030	0.01948	0.03325	0.08472	0.62451	0.01967	0.02537	0.02527	0.01879	0.02683	0.01558	0.02064	0.01305	0.00745	0.00823	0.00248	0.00993	0.00740	0.00409	0.01295
27	0.01056	0.00742	0.00951	0.01100	0.01138	0.00704	0.00711	0.01168	0.01504	0.02006	0.04138	0.55678	0.04938	0.17946	0.01773	0.00443	0.00555	0.02102	0.00711	0.00636
28	0.01054	0.00741	0.00952	0.01103	0.01141	0.00703	0.00714	0.01168	0.01509	0.02011	0.04159	0.56372	0.04964	0.17217	0.01739	0.00438	0.00551	0.02114	0.00714	0.00638
29	0.02056	0.01974	0.03372	0.05099	0.65622	0.01974	0.02550	0.02550	0.01892	0.02714	0.01563	0.02056	0.01316	0.00740	0.00822	0.00247	0.00987	0.00740	0.00411	0.01316
30	0.00982	0.00842	0.00842	0.00842	0.01122	0.00701	0.00631	0.01192	0.01894	0.02244	0.08416	0.07995	0.65285	0.02104	0.00982	0.00281	0.00421	0.01753	0.00771	0.00701
31	0.03103	0.03959	0.02354	0.02140	0.02568	0.67469	0.01605	0.03317	0.02354	0.02033	0.01284	0.01498	0.01070	0.00856	0.00749	0.00214	0.01498	0.00535	0.00428	0.00963
32	0.01068	0.00900	0.00932	0.00914	0.01198	0.00793	0.00689	0.01428	0.05762	0.02429	0.13828	0.07514	0.55641	0.02003	0.00973	0.00279	0.00432	0.01678	0.00790	0.00747
33	0.01011	0.00729	0.00958	0.01141	0.01201	0.00676	0.00764	0.01158	0.01605	0.02127	0.04768	0.67187	0.08447	0.02578	0.01056	0.00335	0.00479	0.02332	0.00771	0.00676
34	0.03103	0.03959	0.02354	0.02140	0.02568	0.67469	0.01605	0.03317	0.02354	0.02033	0.01284	0.01498	0.01070	0.00856	0.00749	0.00214	0.01498	0.00535	0.00428	0.00963
35	0.02747	0.03800	0.18631	0.02164	0.02830	0.41115	0.01972	0.12083	0.02435	0.02666	0.01443	0.01637	0.01117	0.00860	0.00772	0.00232	0.01342	0.00587	0.00469	0.01098
36	0.01116	0.00847	0.01027	0.00982	0.01204	0.00758	0.00737	0.01451	0.02210	0.02994	0.47585	0.06760	0.25648	0.01824	0.00980	0.00267	0.00401	0.01580	0.00870	0.00758
37	0.01012	0.00723	0.00964	0.01157	0.01205	0.00675	0.00771	0.01157	0.01591	0.02121	0.04579	0.70262	0.05495	0.02603	0.01060	0.00337	0.00482	0.02362	0.00771	0.00675
38	0.01385	0.01151	0.01254	0.01206	0.01525	0.01168	0.00938	0.02311	0.21549	0.02803	0.14071	0.06351	0.31694	0.01761	0.00955	0.00289	0.00526	0.07337	0.00813	0.00912
39	0.01415	0.01226	0.01773	0.01641	0.01736	0.01584	0.01320	0.01670	0.01312	0.01954	0.01814	0.02740	0.01720	0.04501	0.44059	0.00983	0.26501	0.00831	0.00416	0.00802
40	0.01173	0.00838	0.01149	0.01341	0.01460	0.00814	0.01051	0.01435	0.01749	0.02301	0.04490	0.40213	0.05142	0.02451	0.01103	0.00360	0.00622	0.30821	0.00768	0.00719
41	0.03040	0.02097	0.02300	0.01809	0.02435	0.02289	0.01480	0.43764	0.14704	0.13619	0.02431	0.02316	0.01710	0.01025	0.00834	0.00256	0.00838	0.00795	0.00862	0.01395
42	0.09641	0.05248	0.02214	0.05110	0.16420	0.23144	0.01561	0.02420	0.01885	0.02371	0.02085	0.16369	0.02103	0.01455	0.04139	0.00309	0.01075	0.00984	0.00501	0.00966
43	0.02497	0.03389	0.16398	0.03030	0.20917	0.31756	0.02189	0.05554	0.02160	0.02497	0.01440	0.01735	0.01152	0.00815	0.00782	0.00235	0.01268	0.00620	0.00424	0.01141
44	0.02612	0.02453	0.02430	0.16201	0.08827	0.19407	0.01765	0.25213	0.02711	0.03378	0.01703	0.01983	0.01294	0.00900	0.00793	0.00242	0.01083	0.00691	0.05171	0.01143
45	0.17690	0.02093	0.14438	0.11367	0.02722	0.01783	0.01650	0.13396	0.05308	0.03457	0.15253	0.02801	0.02622	0.01041	0.00788	0.00262	0.00822	0.00828	0.00621	0.01057
46	0.22951	0.12329	0.08397	0.01667	0.02276	0.16235	0.01478	0.16201	0.02294	0.03329	0.04604	0.01805	0.01436	0.00880	0.00688	0.00236	0.00965	0.00603	0.00549	0.01078
47	0.16391	0.02740	0.27853	0.05133	0.02729	0.04607	0.01937	0.02826	0.12431	0.05545	0.02473	0.02556	0.07433	0.00984	0.00766	0.00265	0.00924	0.00758	0.00540	0.01110
48	0.25869	0.04901	0.04556	0.04967	0.16251	0.05690	0.01463	0.02194	0.01650	0.02770	0.02069	0.16430	0.02069	0.01432	0.04049	0.00320	0.00871	0.00970	0.00517	0.00963
49	0.12377	0.14108	0.11938	0.10716	0.02912	0.05106	0.05485	0.02868	0.15041	0.02699	0.01756	0.01999	0.01376	0.00910	0.00914	0.00262	0.07279	0.00678	0.00492	0.01085
50	0.09644	0.25591	0.06524	0.05750	0.03103	0.08636	0.21856	0.02591	0.01817	0.02443	0.01386	0.01732	0.01122	0.00733	0.00731	0.00230	0.01108	0.00657	0.00406	0.03939

[dist]
# distance from previous block
# <min> <max>
0	8

[block]
# block no. 9 follows, 22 sequences, length 59
# corresponding to MSA columns:
# 409-467
name=unknown_J
#
# <colnr> <probs for GDERKNQSTAVLIFYWHMCP>
#	G	D	E	R	K	N	Q	S	T	A	V	L	I	F	Y	W	H	M	C	P
0	0.16326	0.01736	0.01458	0.01325	0.01704	0.14515	0.01009	0.02222	0.05143	0.02837	0.16470	0.10812	0.09257	0.01320	0.00799	0.00245	0.00718	0.01064	0.00652	0.10389
1	0.21832	0.01990	0.02056	0.06497	0.14593	0.12318	0.01502	0.02658	0.05032	0.05710	0.01740	0.02284	0.01453	0.00884	0.00720	0.00238	0.00885	0.04322	0.00523	0.12763
2	0.07882	0.02723	0.10559	0.10022	0.03065	0.21890	0.08466	0.03096	0.15065	0.02645	0.01974	0.02440	0.01585	0.00954	0.00813	0.00261	0.01126	0.03844	0.00523	0.01068
3	0.14375	0.10590	0.15895	0.01763	0.02362	0.19189	0.01666	0.05195	0.01860	0.02550	0.01514	0.01887	0.01256	0.01900	0.14147	0.00455	0.01352	0.00609	0.00439	0.00996
4	0.02498	0.01974	0.02549	0.07245	0.26161	0.08526	0.01827	0.08714	0.04501	0.15251	0.04703	0.02341	0.01749	0.00883	0.00808	0.00239	0.00916	0.00757	0.00616	0.07744
5	0.05396	0.15719	0.02272	0.01481	0.01933	0.04973	0.01206	0.21886	0.05192	0.03328	0.10194	0.10271	0.02787	0.08413	0.01150	0.00304	0.00787	0.00994	0.00674	0.01041
6	0.02388	0.38517	0.15112	0.01814	0.02533	0.22604	0.01779	0.02767	0.01903	0.02102	0.01256	0.01460	0.01065	0.00769	0.00646	0.00204	0.01136	0.00503	0.00377	0.01064
7	0.02265	0.06065	0.02101	0.01803	0.05381	0.30333	0.01321	0.02572	0.02129	0.02494	0.13771	0.02493	0.02441	0.00943	0.00751	0.00199	0.00993	0.00718	0.00535	0.20691
8	0.01949	0.01565	0.01612	0.01401	0.01752	0.05014	0.01062	0.18143	0.13947	0.03330	0.15294	0.04306	0.09781	0.15327	0.01558	0.00371	0.00723	0.01116	0.00756	0.00992
9	0.01303	0.01486	0.14157	0.01298	0.01614	0.01009	0.01175	0.01649	0.01556	0.02299	0.02986	0.24438	0.03132	0.14954	0.08372	0.00484	0.00854	0.01335	0.15121	0.00781
10	0.04885	0.03716	0.51051	0.02865	0.16007	0.01936	0.02874	0.02607	0.01767	0.02694	0.01491	0.01798	0.01099	0.00779	0.00784	0.00260	0.01155	0.00632	0.00370	0.01232
11	0.01927	0.01842	0.03138	0.22033	0.49700	0.01940	0.02485	0.02436	0.01830	0.02557	0.01540	0.02098	0.01260	0.00764	0.00825	0.00255	0.01019	0.00740	0.00400	0.01211
12	0.01662	0.01589	0.02247	0.01973	0.02009	0.02173	0.01626	0.01872	0.01288	0.01982	0.01370	0.02174	0.01334	0.02631	0.18690	0.00603	0.52760	0.00767	0.00384	0.00868
13	0.01978	0.02442	0.16089	0.04549	0.53127	0.01965	0.02654	0.02566	0.01864	0.02697	0.01548	0.01995	0.01263	0.00750	0.00816	0.00250	0.01035	0.00715	0.00399	0.01298
14	0.01666	0.04297	0.66500	0.02368	0.03596	0.01929	0.03069	0.02631	0.01754	0.02631	0.01491	0.01754	0.01052	0.00789	0.00789	0.00263	0.01228	0.00614	0.00351	0.01228
15	0.00982	0.00842	0.00842	0.00842	0.01122	0.00701	0.00631	0.01192	0.01894	0.02244	0.08416	0.07995	0.65285	0.02104	0.00982	0.00281	0.00421	0.01753	0.00771	0.00701
16	0.01986	0.01942	0.03117	0.20193	0.48543	0.04817	0.02450	0.02481	0.01857	0.02543	0.01530	0.02070	0.01255	0.00767	0.00821	0.00252	0.01038	0.00731	0.00402	0.01206
17	0.01020	0.00791	0.00934	0.01041	0.01201	0.00705	0.00746	0.01209	0.01746	0.02199	0.06269	0.38730	0.31964	0.02362	0.01031	0.00315	0.00473	0.05803	0.00771	0.00692
18	0.01732	0.14630	0.53845	0.02173	0.03272	0.02102	0.02720	0.02557	0.01725	0.02493	0.01471	0.01756	0.01101	0.01022	0.03748	0.00298	0.01219	0.00600	0.00356	0.01181
19	0.16574	0.11095	0.35416	0.01975	0.02863	0.13858	0.02202	0.02702	0.01789	0.02662	0.01352	0.01583	0.01027	0.00789	0.00700	0.00244	0.01125	0.00549	0.00397	0.01099
20	0.02908	0.01947	0.02576	0.02756	0.21651	0.02006	0.01765	0.25552	0.06418	0.20425	0.02282	0.02298	0.01619	0.00935	0.00830	0.00252	0.00867	0.00780	0.00756	0.01378
21	0.01549	0.00774	0.00774	0.00774	0.00968	0.00774	0.00581	0.01936	0.01742	0.03097	0.02710	0.03097	0.02129	0.00968	0.00581	0.00194	0.00387	0.00774	0.75416	0.00774
22	0.00982	0.00842	0.00842	0.00842	0.01122	0.00701	0.00631	0.01192	0.01894	0.02244	0.08416	0.07995	0.65285	0.02104	0.00982	0.00281	0.00421	0.01753	0.00771	0.00701
23	0.02151	0.62793	0.12247	0.01542	0.02318	0.03115	0.01631	0.02506	0.01696	0.02040	0.01198	0.01386	0.01064	0.00721	0.00566	0.00189	0.00932	0.00466	0.00355	0.01087
24	0.00982	0.00842	0.00842	0.00842	0.01122	0.00701	0.00631	0.01192	0.01894	0.02244	0.08416	0.07995	0.65285	0.02104	0.00982	0.00281	0.00421	0.01753	0.00771	0.00701
25	0.01666	0.04297	0.66500	0.02368	0.03596	0.01929	0.03069	0.02631	0.01754	0.02631	0.01491	0.01754	0.01052	0.00789	0.00789	0.00263	0.01228	0.00614	0.00351	0.01228
26	0.02735	0.03367	0.02315	0.02081	0.02416	0.50947	0.01598	0.02942	0.02112	0.02037	0.01613	0.01898	0.04386	0.01041	0.01159	0.00248	0.15098	0.00637	0.00433	0.00939
27	0.01156	0.00848	0.01083	0.01024	0.01229	0.00775	0.00768	0.01529	0.02304	0.03219	0.59314	0.06391	0.13778	0.01740	0.00980	0.00263	0.00395	0.01528	0.00900	0.00775
28	0.76672	0.01607	0.01221	0.01092	0.01607	0.01864	0.00900	0.02442	0.01414	0.03727	0.01157	0.01350	0.00900	0.00771	0.00514	0.00257	0.00643	0.00450	0.00514	0.00900
29	0.00982	0.00842	0.00842	0.00842	0.01122	0.00701	0.00631	0.01192	0.01894	0.02244	0.08416	0.07995	0.65285	0.02104	0.00982	0.00281	0.00421	0.01753	0.00771	0.00701
30	0.03121	0.03445	0.02398	0.02068	0.02571	0.47025	0.01597	0.22073	0.02843	0.03042	0.01508	0.01655	0.01178	0.00901	0.00775	0.00225	0.01314	0.00602	0.00555	0.01105
31	0.00982	0.00842	0.00842	0.00842	0.01122	0.00701	0.00631	0.01192	0.01894	0.02244	0.08416	0.07995	0.65285	0.02104	0.00982	0.00281	0.00421	0.01753	0.00771	0.00701
32	0.01039	0.00849	0.00922	0.00918	0.01177	0.00731	0.00699	0.01295	0.01987	0.02476	0.19643	0.07706	0.50572	0.02032	0.00990	0.00282	0.00433	0.04728	0.00800	0.00721
33	0.00982	0.00842	0.00842	0.00842	0.01122	0.00701	0.00631	0.01192	0.01894	0.02244	0.08416	0.07995	0.65285	0.02104	0.00982	0.00281	0.00421	0.01753	0.00771	0.00701
34	0.02056	0.01974	0.03372	0.05099	0.65622	0.01974	0.02550	0.02550	0.01892	0.02714	0.01563	0.02056	0.01316	0.00740	0.00822	0.00247	0.00987	0.00740	0.00411	0.01316
35	0.01337	0.01031	0.01243	0.01158	0.01412	0.01028	0.00878	0.02098	0.14337	0.03291	0.49606	0.05714	0.10407	0.01613	0.00954	0.00266	0.00445	0.01409	0.00892	0.00882
36	0.01044	0.00844	0.00928	0.00907	0.01160	0.00728	0.00680	0.01313	0.02041	0.02594	0.26668	0.07420	0.46815	0.01974	0.00981	0.00274	0.00412	0.01673	0.00817	0.00728
37	0.01294	0.01048	0.01541	0.01479	0.01602	0.01295	0.01171	0.01571	0.01324	0.01941	0.02032	0.03018	0.01909	0.05418	0.56492	0.01170	0.13632	0.00862	0.00431	0.00770
38	0.01056	0.00922	0.01051	0.09475	0.01706	0.00847	0.00844	0.01310	0.01864	0.02229	0.07534	0.07261	0.57133	0.01942	0.00963	0.00280	0.00508	0.01624	0.00720	0.00729
39	0.02586	0.02779	0.02812	0.06808	0.29559	0.27976	0.02040	0.10491	0.02319	0.02734	0.01503	0.01836	0.01220	0.00823	0.00795	0.00236	0.01186	0.00660	0.00469	0.01168
40	0.03103	0.03959	0.02354	0.02140	0.02568	0.67469	0.01605	0.03317	0.02354	0.02033	0.01284	0.01498	0.01070	0.00856	0.00749	0.00214	0.01498	0.00535	0.00428	0.00963
41	0.01058	0.00845	0.00947	0.00921	0.01169	0.00734	0.00691	0.01339	0.02072	0.02669	0.30583	0.07296	0.42853	0.01946	0.00981	0.00273	0.00410	0.01655	0.00827	0.00734
42	0.02056	0.01974	0.03372	0.05099	0.65622	0.01974	0.02550	0.02550	0.01892	0.02714	0.01563	0.02056	0.01316	0.00740	0.00822	0.00247	0.00987	0.00740	0.00411	0.01316
43	0.02426	0.02692	0.02950	0.03844	0.38794	0.26013	0.02161	0.02799	0.02025	0.02423	0.01433	0.01838	0.01213	0.00824	0.00907	0.00242	0.05176	0.00664	0.00415	0.01163
44	0.01012	0.00723	0.00964	0.01157	0.01205	0.00675	0.00771	0.01157	0.01591	0.02121	0.04579	0.70262	0.05495	0.02603	0.01060	0.00337	0.00482	0.02362	0.00771	0.00675
45	0.01006	0.00747	0.00939	0.01093	0.01188	0.00680	0.00743	0.01164	0.01652	0.02146	0.05352	0.57719	0.17539	0.02502	0.01045	0.00326	0.00470	0.02239	0.00771	0.00680
46	0.01340	0.01009	0.01187	0.01234	0.01376	0.01055	0.00863	0.01961	0.15688	0.02305	0.03693	0.29895	0.04006	0.23032	0.01985	0.00471	0.00645	0.06772	0.00706	0.00776
47	0.01921	0.01835	0.03127	0.22827	0.48954	0.01938	0.02482	0.02431	0.01827	0.02549	0.01539	0.02100	0.01258	0.00765	0.00825	0.00255	0.01020	0.00740	0.00400	0.01207
48	0.01264	0.00861	0.01194	0.01194	0.01344	0.00970	0.00914	0.01564	0.01414	0.02158	0.02348	0.03343	0.02138	0.08538	0.50071	0.01067	0.01763	0.00883	0.16235	0.00736
49	0.01025	0.00740	0.00973	0.01155	0.01223	0.00689	0.00788	0.01184	0.01622	0.02144	0.04796	0.63923	0.08967	0.02560	0.01060	0.00336	0.00491	0.04874	0.00771	0.00680
50	0.01345	0.01067	0.01434	0.01323	0.01487	0.01188	0.00995	0.01558	0.01342	0.01953	0.02081	0.03446	0.02085	0.21888	0.33631	0.00911	0.10663	0.00901	0.00455	0.10246
51	0.01781	0.01861	0.03690	0.03272	0.15517	0.01812	0.35339	0.02302	0.01837	0.02528	0.02211	0.15886	0.02115	0.01130	0.01056	0.00289	0.04630	0.01199	0.00486	0.01058
52	0.01357	0.01233	0.02067	0.01703	0.02005	0.01188	0.17414	0.01642	0.01680	0.02220	0.07062	0.16538	0.15693	0.19151	0.01896	0.00426	0.03898	0.01456	0.00598	0.00773
53	0.26033	0.02369	0.01796	0.01566	0.02040	0.21875	0.01231	0.14510	0.05901	0.03409	0.01686	0.01845	0.01303	0.00887	0.00675	0.00236	0.00925	0.00604	0.10083	0.01027
54	0.02600	0.02987	0.02483	0.06202	0.15933	0.37486	0.01785	0.03306	0.14233	0.02462	0.01761	0.01965	0.01409	0.00883	0.00788	0.00237	0.01206	0.00668	0.00503	0.01104
55	0.18233	0.02681	0.01927	0.01729	0.02191	0.30668	0.01333	0.06441	0.17408	0.02925	0.02181	0.02224	0.04746	0.00977	0.00740	0.00245	0.01024	0.00691	0.00588	0.01046
56	0.16035	0.02176	0.01928	0.01963	0.09985	0.18343	0.01316	0.13471	0.02145	0.02987	0.01768	0.02508	0.01580	0.14948	0.01422	0.00351	0.00972	0.00732	0.04392	0.00976
57	0.11972	0.02182	0.02408	0.06177	0.21695	0.14608	0.01744	0.08702	0.04937	0.10632	0.01824	0.02072	0.01404	0.01170	0.04681	0.00310	0.01065	0.00693	0.00563	0.01162
58	0.07020	0.06433	0.02686	0.16786	0.06846	0.09060	0.04557	0.14119	0.02084	0.02839	0.01433	0.01878	0.01162	0.01001	0.01269	0.00278	0.18323	0.00690	0.00477	0.01058

[dist]
