[name]
unknown

[dist]
# distance from previous block
# <min> <max>
0	11

[block]
# block no. 0 follows, 21 sequences, length 160
# corresponding to MSA columns:
# 11-170
name=unknown_A
#
# <colnr> <probs for GDERKNQSTAVLIFYWHMCP>
#	G	D	E	R	K	N	Q	S	T	A	V	L	I	F	Y	W	H	M	C	P
0	0.01353	0.00968	0.01346	0.01514	0.01711	0.00961	0.01311	0.01746	0.02007	0.02639	0.10910	0.09252	0.05233	0.02285	0.01157	0.00379	0.00743	0.52899	0.00800	0.00786
1	0.02174	0.58847	0.15332	0.01628	0.02450	0.03120	0.01756	0.02574	0.01741	0.02125	0.01244	0.01442	0.01090	0.00742	0.00593	0.00198	0.00972	0.00486	0.00363	0.01122
2	0.01746	0.04147	0.58654	0.02642	0.06861	0.01990	0.06825	0.02693	0.01817	0.02701	0.01543	0.01844	0.01105	0.00800	0.00823	0.00270	0.01256	0.00659	0.00367	0.01255
3	0.01971	0.01874	0.03135	0.22093	0.45737	0.01991	0.02482	0.02587	0.04876	0.02654	0.01668	0.02203	0.01351	0.00803	0.00846	0.00263	0.01028	0.00768	0.00431	0.01239
4	0.01105	0.00949	0.00957	0.00940	0.01245	0.00844	0.00709	0.01517	0.07435	0.02412	0.08159	0.07740	0.58895	0.02066	0.00993	0.00287	0.00453	0.01721	0.00797	0.00775
5	0.01734	0.07536	0.62784	0.02380	0.03612	0.02042	0.03064	0.02688	0.01794	0.02662	0.01511	0.01776	0.01079	0.00805	0.00796	0.00265	0.01241	0.00621	0.00360	0.01250
6	0.01055	0.00748	0.00982	0.01162	0.01207	0.00703	0.00765	0.01190	0.01594	0.02125	0.04510	0.63790	0.05401	0.08723	0.01378	0.00389	0.00523	0.02313	0.00765	0.00675
7	0.01037	0.00741	0.00987	0.01185	0.01234	0.00691	0.00790	0.01185	0.01629	0.02172	0.04690	0.69537	0.05629	0.02666	0.01086	0.00346	0.00494	0.02419	0.00790	0.00691
8	0.01080	0.00865	0.00965	0.00940	0.01195	0.00750	0.00705	0.01365	0.02115	0.02715	0.29445	0.07505	0.43354	0.02000	0.01005	0.00280	0.00420	0.01700	0.00845	0.00750
9	0.23564	0.02706	0.02145	0.01798	0.02359	0.22669	0.01432	0.26848	0.02786	0.03895	0.01574	0.01698	0.01190	0.00911	0.00734	0.00246	0.01048	0.00612	0.00630	0.01155
10	0.01120	0.00954	0.00976	0.00966	0.01261	0.00859	0.00724	0.01555	0.08149	0.02421	0.07911	0.10585	0.55376	0.02078	0.00995	0.00290	0.00459	0.01741	0.00798	0.00781
11	0.01007	0.00856	0.00868	0.00878	0.01154	0.00717	0.00654	0.01220	0.01925	0.02293	0.08429	0.11194	0.61559	0.02180	0.01010	0.00290	0.00434	0.01827	0.00790	0.00717
12	0.02272	0.02336	0.03293	0.04755	0.55183	0.12009	0.02462	0.02733	0.02011	0.02672	0.01557	0.02018	0.01309	0.00777	0.00831	0.00248	0.01092	0.00726	0.00424	0.01292
13	0.02061	0.05587	0.03876	0.07213	0.35271	0.02133	0.21644	0.02746	0.05822	0.02744	0.01732	0.02205	0.01386	0.00773	0.00882	0.00264	0.01128	0.00835	0.00447	0.01251
14	0.01478	0.00739	0.01109	0.01109	0.01109	0.00739	0.00739	0.01109	0.01109	0.01478	0.01478	0.02587	0.01478	0.02956	0.03326	0.75240	0.00739	0.00739	0.00370	0.00370
15	0.02117	0.01828	0.01924	0.01732	0.02213	0.02117	0.01347	0.04522	0.63246	0.03560	0.03464	0.03175	0.02598	0.01155	0.00866	0.00289	0.00673	0.00962	0.00866	0.01347
16	0.02665	0.02896	0.02202	0.10681	0.02813	0.35835	0.01571	0.13540	0.02520	0.02776	0.02302	0.02498	0.07661	0.01036	0.00808	0.00240	0.01193	0.00757	0.04981	0.01026
17	0.02075	0.01990	0.03397	0.09202	0.61052	0.02014	0.02596	0.02584	0.01923	0.02742	0.01595	0.02117	0.01334	0.00764	0.00843	0.00255	0.01019	0.00758	0.00419	0.01322
18	0.01216	0.00912	0.01368	0.01368	0.01520	0.01064	0.01064	0.01520	0.01368	0.01976	0.02279	0.03343	0.02127	0.06382	0.66720	0.01368	0.02279	0.00912	0.00456	0.00760
19	0.03722	0.01469	0.02006	0.01549	0.02175	0.01317	0.01281	0.04045	0.02380	0.62272	0.03248	0.02846	0.02058	0.01075	0.00951	0.00269	0.04044	0.00850	0.01020	0.01423
20	0.01347	0.01105	0.01620	0.01544	0.01665	0.01378	0.01226	0.01627	0.01355	0.01990	0.02043	0.03042	0.01922	0.05386	0.53707	0.01165	0.15766	0.00878	0.00439	0.00795
21	0.01967	0.01880	0.03202	0.22765	0.48331	0.01985	0.02542	0.02490	0.01872	0.02611	0.01576	0.02152	0.01288	0.00784	0.00845	0.00261	0.01045	0.00758	0.00409	0.01236
22	0.01006	0.00862	0.00862	0.00862	0.01149	0.00718	0.00647	0.01221	0.01940	0.02299	0.08621	0.08190	0.64438	0.02155	0.01006	0.00287	0.00431	0.01796	0.00790	0.00718
23	0.01158	0.00856	0.01244	0.01308	0.01427	0.00943	0.00975	0.01411	0.01453	0.02039	0.03062	0.24835	0.03264	0.05176	0.45409	0.01036	0.01700	0.01401	0.00564	0.00738
24	0.01155	0.00868	0.01069	0.01018	0.01241	0.00782	0.00764	0.01510	0.02292	0.03134	0.50405	0.06815	0.22133	0.01844	0.01004	0.00273	0.00409	0.01603	0.00900	0.00782
25	0.02108	0.01983	0.03143	0.04513	0.52047	0.02041	0.02354	0.03001	0.14417	0.02939	0.01980	0.02324	0.01602	0.00839	0.00847	0.00260	0.00942	0.00800	0.00512	0.01348
26	0.76103	0.01646	0.01251	0.01119	0.01646	0.01909	0.00922	0.02502	0.01448	0.03818	0.01185	0.01382	0.00922	0.00790	0.00527	0.00263	0.00658	0.00461	0.00527	0.00922
27	0.02138	0.02026	0.03473	0.07722	0.44082	0.02047	0.11461	0.08056	0.02128	0.02970	0.01782	0.02464	0.01492	0.00851	0.00883	0.00266	0.01065	0.03337	0.00476	0.01281
28	0.02602	0.46533	0.03719	0.01722	0.02346	0.26266	0.01524	0.02856	0.01976	0.02031	0.01231	0.01426	0.01094	0.00782	0.00626	0.00195	0.01136	0.00489	0.00391	0.01054
29	0.01769	0.11689	0.58944	0.02319	0.03518	0.02129	0.02958	0.02679	0.01789	0.02619	0.01489	0.01749	0.01080	0.00800	0.00780	0.00260	0.01219	0.00610	0.00360	0.01239
30	0.01741	0.08354	0.62028	0.02368	0.03594	0.02059	0.03043	0.02686	0.01793	0.02654	0.01507	0.01771	0.01079	0.00804	0.00793	0.00264	0.01237	0.00618	0.00360	0.01248
31	0.02106	0.02022	0.03454	0.05223	0.64784	0.02022	0.02612	0.02612	0.01938	0.02780	0.01601	0.02106	0.01348	0.00758	0.00842	0.00253	0.01011	0.00758	0.00421	0.01348
32	0.11669	0.02056	0.05958	0.22254	0.15948	0.04973	0.15867	0.02628	0.01867	0.06424	0.01637	0.02110	0.01238	0.00806	0.00837	0.00271	0.01118	0.00766	0.00460	0.01113
33	0.01707	0.04402	0.65683	0.02426	0.03683	0.01976	0.03144	0.02695	0.01797	0.02695	0.01527	0.01797	0.01078	0.00809	0.00809	0.00270	0.01258	0.00629	0.00359	0.01258
34	0.01880	0.01904	0.02468	0.02144	0.02187	0.06507	0.01767	0.02080	0.01380	0.02043	0.01248	0.01992	0.01218	0.01947	0.09155	0.00464	0.57565	0.00749	0.00385	0.00917
35	0.01216	0.00912	0.01368	0.01368	0.01520	0.01064	0.01064	0.01520	0.01368	0.01976	0.02279	0.03343	0.02127	0.06382	0.66720	0.01368	0.02279	0.00912	0.00456	0.00760
36	0.01217	0.00907	0.01346	0.01346	0.01490	0.01052	0.01036	0.01505	0.01361	0.01959	0.02300	0.03455	0.02176	0.09588	0.63581	0.01340	0.02206	0.00928	0.00459	0.00748
37	0.02434	0.02560	0.02926	0.06813	0.35571	0.20013	0.02158	0.05717	0.08377	0.02755	0.01727	0.02061	0.01399	0.00848	0.00825	0.00249	0.01125	0.00721	0.00489	0.01233
38	0.01204	0.00870	0.01138	0.01071	0.01271	0.00803	0.00803	0.01606	0.02409	0.03413	0.64335	0.06357	0.08030	0.01740	0.01004	0.00268	0.00401	0.01539	0.00937	0.00803
39	0.01820	0.01570	0.01641	0.01500	0.01929	0.01744	0.01160	0.03641	0.46885	0.03223	0.04840	0.04513	0.19102	0.01422	0.00903	0.00288	0.00609	0.01185	0.00846	0.01179
40	0.01238	0.00825	0.00928	0.00928	0.00928	0.00825	0.00516	0.01238	0.01238	0.01650	0.02681	0.05569	0.03094	0.70092	0.04331	0.00825	0.00825	0.01238	0.00516	0.00516
41	0.01230	0.00853	0.01071	0.01071	0.01120	0.00903	0.00694	0.01329	0.01280	0.01756	0.02551	0.04846	0.02780	0.49407	0.24588	0.01001	0.01297	0.01132	0.00496	0.00595
42	0.02182	0.02403	0.02475	0.02168	0.02298	0.20072	0.01752	0.02385	0.01611	0.02053	0.01245	0.01866	0.01175	0.01631	0.06286	0.00393	0.45972	0.00701	0.00396	0.00935
43	0.02009	0.02296	0.05022	0.03587	0.04448	0.02152	0.61693	0.02726	0.02009	0.02726	0.01722	0.02296	0.01291	0.00717	0.01004	0.00287	0.01435	0.01004	0.00430	0.01148
44	0.02826	0.03348	0.05887	0.02983	0.19196	0.39151	0.01974	0.09640	0.02431	0.02662	0.01482	0.01756	0.01201	0.00858	0.00799	0.00235	0.01315	0.00632	0.00476	0.01147
45	0.01971	0.03827	0.46552	0.02401	0.03450	0.08646	0.08584	0.02789	0.01945	0.05824	0.04833	0.02108	0.01509	0.00867	0.00836	0.00266	0.01233	0.00716	0.00439	0.01205
46	0.02949	0.03620	0.02635	0.02842	0.15959	0.52811	0.01852	0.03230	0.02310	0.02232	0.01377	0.01657	0.01150	0.00851	0.00783	0.00226	0.01422	0.00593	0.00435	0.01064
47	0.01707	0.04402	0.65683	0.02426	0.03683	0.01976	0.03144	0.02695	0.01797	0.02695	0.01527	0.01797	0.01078	0.00809	0.00809	0.00270	0.01258	0.00629	0.00359	0.01258
48	0.02936	0.02206	0.02393	0.01816	0.02512	0.02333	0.01494	0.49773	0.03546	0.04836	0.01935	0.01986	0.01409	0.00942	0.00806	0.00229	0.00874	0.00713	0.00781	0.16479
49	0.01054	0.00904	0.00908	0.00900	0.01196	0.00779	0.00677	0.01365	0.04612	0.02354	0.08396	0.07971	0.61743	0.02112	0.01000	0.00287	0.00442	0.01760	0.00794	0.00746
50	0.03090	0.01958	0.02240	0.01698	0.02389	0.01965	0.01396	0.34456	0.03131	0.20738	0.02283	0.02213	0.01584	0.00950	0.00808	0.00231	0.00818	0.00737	0.00834	0.16479
51	0.02291	0.02372	0.03275	0.04702	0.54090	0.13146	0.02445	0.02747	0.02019	0.02660	0.01552	0.02008	0.01305	0.00779	0.00830	0.00247	0.01101	0.00722	0.00424	0.01286
52	0.01511	0.00817	0.00910	0.00910	0.01099	0.00848	0.00690	0.01889	0.01700	0.02929	0.02675	0.03207	0.02170	0.02089	0.14055	0.00436	0.00780	0.00817	0.59680	0.00786
53	0.02194	0.01850	0.02238	0.02432	0.14948	0.02057	0.01600	0.04116	0.47924	0.06291	0.03080	0.02944	0.02320	0.01069	0.00861	0.00280	0.00745	0.00916	0.00784	0.01352
54	0.01058	0.00864	0.00935	0.00917	0.01182	0.00741	0.00688	0.01323	0.02064	0.02594	0.23385	0.07704	0.49490	0.02045	0.01005	0.00282	0.00423	0.01728	0.00829	0.00741
55	0.03002	0.17396	0.02846	0.02014	0.02541	0.45911	0.01603	0.10428	0.02468	0.02470	0.01378	0.01563	0.01139	0.00864	0.00733	0.00216	0.01334	0.00556	0.00474	0.01065
56	0.03142	0.01540	0.01916	0.01561	0.02139	0.01504	0.01259	0.04137	0.21818	0.42497	0.06514	0.03163	0.02567	0.01121	0.00867	0.00272	0.00691	0.00925	0.00988	0.01383
57	0.01909	0.01936	0.10716	0.01625	0.02065	0.08024	0.01436	0.07768	0.04508	0.07598	0.02594	0.03207	0.05610	0.07668	0.28600	0.00759	0.01539	0.00892	0.00566	0.00980
58	0.01238	0.00825	0.00928	0.00928	0.00928	0.00825	0.00516	0.01238	0.01238	0.01650	0.02681	0.05569	0.03094	0.70092	0.04331	0.00825	0.00825	0.01238	0.00516	0.00516
59	0.01518	0.01240	0.01387	0.01285	0.01612	0.01296	0.00982	0.02659	0.25919	0.03243	0.29375	0.05495	0.17404	0.01597	0.00951	0.00280	0.00513	0.01368	0.00879	0.00997
60	0.01018	0.00855	0.00884	0.00892	0.01161	0.00721	0.00663	0.01239	0.01945	0.02348	0.11233	0.11758	0.58046	0.02165	0.01010	0.00290	0.00433	0.01820	0.00798	0.00721
61	0.02117	0.01828	0.01924	0.01732	0.02213	0.02117	0.01347	0.04522	0.63246	0.03560	0.03464	0.03175	0.02598	0.01155	0.00866	0.00289	0.00673	0.00962	0.00866	0.01347
62	0.01707	0.04402	0.65683	0.02426	0.03683	0.01976	0.03144	0.02695	0.01797	0.02695	0.01527	0.01797	0.01078	0.00809	0.00809	0.00270	0.01258	0.00629	0.00359	0.01258
63	0.01102	0.00850	0.01012	0.01052	0.01258	0.00761	0.00787	0.01372	0.02010	0.02609	0.23095	0.20293	0.31112	0.02161	0.01037	0.00303	0.00468	0.07145	0.00831	0.00743
64	0.25930	0.02260	0.08577	0.02499	0.18685	0.08744	0.01704	0.08489	0.02005	0.03329	0.01602	0.01892	0.01258	0.00838	0.00704	0.00249	0.00904	0.00632	0.08586	0.01114
65	0.01677	0.01266	0.01482	0.01360	0.01728	0.01219	0.01015	0.05837	0.14228	0.05823	0.03691	0.31491	0.06134	0.01718	0.00913	0.00274	0.00595	0.01506	0.00759	0.17284
66	0.01406	0.01159	0.01206	0.01114	0.01464	0.01124	0.00857	0.07818	0.11299	0.02860	0.10520	0.06718	0.45557	0.01868	0.00969	0.00283	0.00516	0.01553	0.00816	0.00890
67	0.19977	0.40695	0.03281	0.01526	0.02147	0.15908	0.01368	0.02710	0.01801	0.02449	0.01210	0.01404	0.01052	0.00773	0.00586	0.00209	0.00977	0.00475	0.00418	0.01030
68	0.01127	0.00845	0.01065	0.01197	0.01358	0.00783	0.00911	0.01371	0.01836	0.02360	0.08106	0.33691	0.21645	0.02402	0.01085	0.00339	0.00553	0.17802	0.00794	0.00729
69	0.02654	0.20697	0.03267	0.02797	0.19779	0.20084	0.01858	0.13898	0.02397	0.02868	0.01496	0.01744	0.01231	0.00832	0.00746	0.00226	0.01113	0.00623	0.00491	0.01201
70	0.02694	0.07054	0.02399	0.01860	0.02399	0.25708	0.01481	0.18830	0.05046	0.03138	0.01954	0.02097	0.04276	0.00977	0.00891	0.00227	0.05106	0.00682	0.00585	0.12594
71	0.01215	0.00814	0.00973	0.01014	0.01050	0.00818	0.00628	0.01297	0.01363	0.01879	0.03063	0.18387	0.03472	0.46199	0.09209	0.00739	0.00866	0.01424	0.05002	0.00591
72	0.28799	0.09503	0.01888	0.01365	0.01862	0.08723	0.01124	0.14508	0.02172	0.03603	0.01730	0.01933	0.01349	0.00884	0.00635	0.00233	0.00775	0.00606	0.17284	0.01025
73	0.18025	0.11870	0.05007	0.01460	0.01968	0.01988	0.01250	0.03073	0.25060	0.03172	0.08652	0.03028	0.05598	0.01416	0.04694	0.00329	0.00790	0.00858	0.00673	0.01092
74	0.01917	0.05255	0.15899	0.01702	0.02308	0.01739	0.01628	0.15021	0.05811	0.03102	0.02191	0.06662	0.01876	0.02402	0.17592	0.00531	0.01249	0.00853	0.04306	0.07956
75	0.01852	0.01648	0.01733	0.01429	0.01958	0.04748	0.01126	0.06155	0.16972	0.02946	0.03515	0.03497	0.15131	0.01165	0.00899	0.00225	0.04140	0.00923	0.00665	0.29272
76	0.02501	0.02890	0.02873	0.02458	0.06803	0.31421	0.14429	0.02980	0.04919	0.02484	0.01562	0.01859	0.01258	0.00794	0.00797	0.00219	0.01242	0.00668	0.00470	0.17374
77	0.02233	0.02305	0.01758	0.01558	0.01980	0.24446	0.01199	0.14490	0.02531	0.02853	0.04683	0.04570	0.29065	0.01470	0.00890	0.00257	0.00925	0.01143	0.00678	0.00963
78	0.15147	0.10262	0.15884	0.01855	0.02522	0.25103	0.01740	0.05620	0.02080	0.05815	0.01545	0.01735	0.01192	0.00854	0.00710	0.00236	0.01126	0.00580	0.04917	0.01077
79	0.02263	0.32393	0.26160	0.01965	0.02822	0.16440	0.02107	0.02784	0.01900	0.02270	0.01336	0.01558	0.01088	0.00789	0.00688	0.00222	0.01170	0.00538	0.00378	0.01129
80	0.02085	0.02001	0.03416	0.07864	0.62307	0.02016	0.02601	0.02593	0.01928	0.02755	0.01597	0.02113	0.01339	0.00762	0.00843	0.00254	0.01016	0.00758	0.00419	0.01331
81	0.01216	0.00912	0.01368	0.01368	0.01520	0.01064	0.01064	0.01520	0.01368	0.01976	0.02279	0.03343	0.02127	0.06382	0.66720	0.01368	0.02279	0.00912	0.00456	0.00760
82	0.01225	0.00836	0.01005	0.01014	0.01042	0.00859	0.00620	0.01282	0.01278	0.01729	0.02708	0.08186	0.03050	0.56256	0.14642	0.00894	0.01053	0.01238	0.00518	0.00565
83	0.01184	0.00869	0.01110	0.01049	0.01259	0.00794	0.00787	0.01567	0.02361	0.03300	0.58678	0.06543	0.13757	0.01782	0.01004	0.00270	0.00404	0.01565	0.00922	0.00794
84	0.02349	0.01943	0.02055	0.01779	0.02301	0.02225	0.01403	0.16430	0.50961	0.03934	0.03169	0.02940	0.02359	0.01127	0.00863	0.00282	0.00728	0.00922	0.00863	0.01368
85	0.01237	0.00829	0.00948	0.00948	0.00955	0.00836	0.00541	0.01250	0.01243	0.01665	0.02663	0.05468	0.03050	0.67196	0.07168	0.00850	0.00891	0.01223	0.00513	0.00527
86	0.02337	0.02440	0.03089	0.04251	0.45670	0.15895	0.02287	0.02957	0.07708	0.02703	0.01712	0.02082	0.01410	0.00820	0.00829	0.00249	0.01092	0.00732	0.00466	0.01270
87	0.01238	0.00825	0.00928	0.00928	0.00928	0.00825	0.00516	0.01238	0.01238	0.01650	0.02681	0.05569	0.03094	0.70092	0.04331	0.00825	0.00825	0.01238	0.00516	0.00516
88	0.01707	0.04402	0.65683	0.02426	0.03683	0.01976	0.03144	0.02695	0.01797	0.02695	0.01527	0.01797	0.01078	0.00809	0.00809	0.00270	0.01258	0.00629	0.00359	0.01258
89	0.03179	0.04056	0.02412	0.02192	0.02631	0.66676	0.01644	0.03398	0.02412	0.02083	0.01315	0.01535	0.01096	0.00877	0.00767	0.00219	0.01535	0.00548	0.00438	0.00987
90	0.01707	0.04402	0.65683	0.02426	0.03683	0.01976	0.03144	0.02695	0.01797	0.02695	0.01527	0.01797	0.01078	0.00809	0.00809	0.00270	0.01258	0.00629	0.00359	0.01258
91	0.02859	0.03300	0.02566	0.02208	0.02714	0.42237	0.07134	0.08439	0.14890	0.02716	0.01851	0.01981	0.01449	0.00931	0.00816	0.00243	0.01300	0.00693	0.00559	0.01113
92	0.01037	0.00741	0.00987	0.01185	0.01234	0.00691	0.00790	0.01185	0.01629	0.02172	0.04690	0.69537	0.05629	0.02666	0.01086	0.00346	0.00494	0.02419	0.00790	0.00691
93	0.01771	0.01359	0.01586	0.01501	0.01849	0.01465	0.01195	0.03091	0.30352	0.05916	0.20872	0.05439	0.04604	0.01572	0.00971	0.00304	0.00622	0.13578	0.00876	0.01077
94	0.01607	0.01513	0.02552	0.68047	0.05861	0.01891	0.02363	0.02174	0.01702	0.02174	0.01513	0.02269	0.01134	0.00851	0.00851	0.00284	0.01134	0.00756	0.00378	0.00945
95	0.02117	0.01828	0.01924	0.01732	0.02213	0.02117	0.01347	0.04522	0.63246	0.03560	0.03464	0.03175	0.02598	0.01155	0.00866	0.00289	0.00673	0.00962	0.00866	0.01347
96	0.01338	0.01028	0.01251	0.01255	0.01460	0.01044	0.00915	0.02076	0.15168	0.02987	0.29308	0.28951	0.05980	0.01956	0.01005	0.00301	0.00494	0.01740	0.00868	0.00878
97	0.02359	0.64451	0.04270	0.01524	0.02225	0.09221	0.01474	0.02627	0.01792	0.02010	0.01195	0.01381	0.01092	0.00742	0.00567	0.00185	0.00968	0.00464	0.00371	0.01082
98	0.01371	0.00980	0.01371	0.01567	0.01763	0.00980	0.01371	0.01763	0.01959	0.02547	0.04506	0.09599	0.04898	0.02351	0.01175	0.00392	0.00784	0.59056	0.00784	0.00784
99	0.22409	0.03222	0.02007	0.01824	0.02272	0.45580	0.01390	0.03076	0.02119	0.02608	0.01368	0.01592	0.01115	0.00861	0.00693	0.00230	0.01235	0.00540	0.04902	0.00958
100	0.01037	0.00741	0.00987	0.01185	0.01234	0.00691	0.00790	0.01185	0.01629	0.02172	0.04690	0.69537	0.05629	0.02666	0.01086	0.00346	0.00494	0.02419	0.00790	0.00691
101	0.02941	0.21593	0.02951	0.01998	0.02513	0.49992	0.01595	0.03174	0.02232	0.02062	0.01281	0.01490	0.01095	0.00838	0.00709	0.00209	0.01370	0.00524	0.00419	0.01014
102	0.01322	0.00867	0.01148	0.01148	0.01293	0.00956	0.00859	0.01611	0.01467	0.02267	0.02472	0.03593	0.02272	0.13391	0.39888	0.00968	0.01558	0.00922	0.21259	0.00737
103	0.01707	0.04402	0.65683	0.02426	0.03683	0.01976	0.03144	0.02695	0.01797	0.02695	0.01527	0.01797	0.01078	0.00809	0.00809	0.00270	0.01258	0.00629	0.00359	0.01258
104	0.03818	0.01448	0.01975	0.01514	0.02172	0.01251	0.01251	0.04147	0.02436	0.65373	0.03357	0.02897	0.02107	0.01053	0.00856	0.00263	0.00724	0.00856	0.01053	0.01448
105	0.01478	0.00739	0.01109	0.01109	0.01109	0.00739	0.00739	0.01109	0.01109	0.01478	0.01478	0.02587	0.01478	0.02956	0.03326	0.75240	0.00739	0.00739	0.00370	0.00370
106	0.01006	0.00862	0.00862	0.00862	0.01149	0.00718	0.00647	0.01221	0.01940	0.02299	0.08621	0.08190	0.64438	0.02155	0.01006	0.00287	0.00431	0.01796	0.00790	0.00718
107	0.02275	0.70604	0.04459	0.01456	0.02184	0.03367	0.01456	0.02548	0.01729	0.02002	0.01183	0.01365	0.01092	0.00728	0.00546	0.00182	0.00910	0.00455	0.00364	0.01092
108	0.02106	0.02022	0.03454	0.05223	0.64784	0.02022	0.02612	0.02612	0.01938	0.02780	0.01601	0.02106	0.01348	0.00758	0.00842	0.00253	0.01011	0.00758	0.00421	0.01348
109	0.01037	0.00741	0.00987	0.01185	0.01234	0.00691	0.00790	0.01185	0.01629	0.02172	0.04690	0.69537	0.05629	0.02666	0.01086	0.00346	0.00494	0.02419	0.00790	0.00691
110	0.01006	0.00862	0.00862	0.00862	0.01149	0.00718	0.00647	0.01221	0.01940	0.02299	0.08621	0.08190	0.64438	0.02155	0.01006	0.00287	0.00431	0.01796	0.00790	0.00718
111	0.02106	0.02022	0.03454	0.05223	0.64784	0.02022	0.02612	0.02612	0.01938	0.02780	0.01601	0.02106	0.01348	0.00758	0.00842	0.00253	0.01011	0.00758	0.00421	0.01348
112	0.02275	0.70604	0.04459	0.01456	0.02184	0.03367	0.01456	0.02548	0.01729	0.02002	0.01183	0.01365	0.01092	0.00728	0.00546	0.00182	0.00910	0.00455	0.00364	0.01092
113	0.02106	0.02022	0.03454	0.05223	0.64784	0.02022	0.02612	0.02612	0.01938	0.02780	0.01601	0.02106	0.01348	0.00758	0.00842	0.00253	0.01011	0.00758	0.00421	0.01348
114	0.01726	0.04269	0.61841	0.02499	0.03732	0.01988	0.06852	0.02697	0.01810	0.02697	0.01540	0.01828	0.01092	0.00803	0.00821	0.00271	0.01269	0.00653	0.00364	0.01251
115	0.02079	0.01994	0.03404	0.08693	0.61530	0.02015	0.02598	0.02588	0.01925	0.02747	0.01596	0.02115	0.01336	0.00763	0.00843	0.00254	0.01018	0.00758	0.00419	0.01326
116	0.01037	0.00741	0.00987	0.01185	0.01234	0.00691	0.00790	0.01185	0.01629	0.02172	0.04690	0.69537	0.05629	0.02666	0.01086	0.00346	0.00494	0.02419	0.00790	0.00691
117	0.01607	0.01513	0.02552	0.68047	0.05861	0.01891	0.02363	0.02174	0.01702	0.02174	0.01513	0.02269	0.01134	0.00851	0.00851	0.00284	0.01134	0.00756	0.00378	0.00945
118	0.29384	0.03190	0.01994	0.01807	0.02277	0.43402	0.01385	0.03076	0.02065	0.02706	0.01269	0.01480	0.01033	0.00846	0.00681	0.00235	0.01220	0.00517	0.00470	0.00963
119	0.02811	0.03428	0.02403	0.02493	0.11394	0.50513	0.01672	0.03059	0.02256	0.02170	0.01790	0.02166	0.04352	0.04745	0.00987	0.00261	0.01366	0.00678	0.00458	0.00999
120	0.01048	0.00841	0.00942	0.01013	0.01229	0.00735	0.00752	0.01262	0.01859	0.02288	0.07199	0.24577	0.43349	0.02309	0.01043	0.00312	0.00480	0.07255	0.00790	0.00717
121	0.02435	0.54252	0.06637	0.01647	0.02339	0.16195	0.01566	0.02727	0.01871	0.02048	0.01225	0.01418	0.01092	0.00762	0.00602	0.00193	0.01052	0.00481	0.00379	0.01078
122	0.01037	0.00741	0.00987	0.01185	0.01234	0.00691	0.00790	0.01185	0.01629	0.02172	0.04690	0.69537	0.05629	0.02666	0.01086	0.00346	0.00494	0.02419	0.00790	0.00691
123	0.03164	0.02349	0.02514	0.01944	0.02612	0.02606	0.01600	0.58310	0.07753	0.05249	0.02133	0.02115	0.01520	0.01030	0.00852	0.00258	0.00920	0.00779	0.00852	0.01441
124	0.03235	0.02384	0.02554	0.01958	0.02639	0.02639	0.01618	0.61946	0.04001	0.05363	0.02043	0.02043	0.01447	0.01022	0.00851	0.00255	0.00936	0.00766	0.00851	0.01447
125	0.01788	0.03917	0.53016	0.02995	0.16121	0.01986	0.03036	0.02678	0.01825	0.02712	0.01542	0.01860	0.01133	0.00798	0.00815	0.00266	0.01207	0.00655	0.00372	0.01276
126	0.01232	0.00847	0.01041	0.01041	0.01080	0.00886	0.00657	0.01310	0.01271	0.01734	0.02578	0.04996	0.02845	0.53699	0.20385	0.00965	0.01199	0.01154	0.00500	0.00578
127	0.01371	0.00980	0.01371	0.01567	0.01763	0.00980	0.01371	0.01763	0.01959	0.02547	0.04506	0.09599	0.04898	0.02351	0.01175	0.00392	0.00784	0.59056	0.00784	0.00784
128	0.01866	0.01777	0.03021	0.35409	0.36473	0.01959	0.02492	0.02402	0.01824	0.02489	0.01558	0.02184	0.01245	0.00803	0.00846	0.00268	0.01070	0.00757	0.00401	0.01155
129	0.02414	0.01976	0.02091	0.01792	0.02326	0.02255	0.01419	0.19770	0.47515	0.04039	0.03087	0.02875	0.02292	0.01119	0.00862	0.00280	0.00743	0.00910	0.00862	0.01374
130	0.01607	0.01513	0.02552	0.68047	0.05861	0.01891	0.02363	0.02174	0.01702	0.02174	0.01513	0.02269	0.01134	0.00851	0.00851	0.00284	0.01134	0.00756	0.00378	0.00945
131	0.01238	0.00825	0.00928	0.00928	0.00928	0.00825	0.00516	0.01238	0.01238	0.01650	0.02681	0.05569	0.03094	0.70092	0.04331	0.00825	0.00825	0.01238	0.00516	0.00516
132	0.01488	0.01124	0.04174	0.01051	0.01438	0.00867	0.00870	0.01770	0.02038	0.12186	0.10787	0.06950	0.48334	0.01894	0.00973	0.00282	0.00515	0.01578	0.00819	0.00863
133	0.02106	0.02022	0.03454	0.05223	0.64784	0.02022	0.02612	0.02612	0.01938	0.02780	0.01601	0.02106	0.01348	0.00758	0.00842	0.00253	0.01011	0.00758	0.00421	0.01348
134	0.02183	0.01499	0.01807	0.01312	0.02048	0.01158	0.01058	0.02551	0.01901	0.15516	0.01888	0.01995	0.01433	0.00716	0.00676	0.00154	0.00649	0.00576	0.00616	0.60263
135	0.02404	0.01119	0.01480	0.01287	0.01684	0.00986	0.00999	0.02698	0.02207	0.32804	0.16590	0.18429	0.10396	0.01651	0.00951	0.00284	0.00579	0.01426	0.00946	0.01080
136	0.02301	0.42699	0.03527	0.01531	0.02223	0.02764	0.01409	0.11696	0.02070	0.02685	0.01381	0.01575	0.01183	0.00789	0.00716	0.00191	0.04018	0.00527	0.00469	0.16244
137	0.01788	0.03917	0.53016	0.02995	0.16121	0.01986	0.03036	0.02678	0.01825	0.02712	0.01542	0.01860	0.01133	0.00798	0.00815	0.00266	0.01207	0.00655	0.00372	0.01276
138	0.05217	0.09087	0.20887	0.02865	0.19485	0.02271	0.02251	0.15616	0.08302	0.03359	0.01802	0.02011	0.01374	0.00867	0.00797	0.00256	0.01009	0.00703	0.00539	0.01303
139	0.05795	0.03114	0.15253	0.05063	0.02915	0.19312	0.01915	0.23889	0.08398	0.03577	0.01817	0.01946	0.01349	0.00935	0.00808	0.00253	0.01133	0.00685	0.00608	0.01233
140	0.01068	0.00865	0.00948	0.00927	0.01188	0.00745	0.00696	0.01342	0.02087	0.02647	0.26052	0.07616	0.46790	0.02025	0.01005	0.00281	0.00422	0.01716	0.00836	0.00745
141	0.05565	0.03152	0.32982	0.02236	0.03202	0.02001	0.08358	0.15001	0.02362	0.14073	0.01952	0.02069	0.01345	0.00884	0.00833	0.00267	0.01093	0.00727	0.00593	0.01304
142	0.02338	0.01408	0.01644	0.01416	0.01856	0.01395	0.01109	0.15317	0.08118	0.19761	0.04539	0.17493	0.16724	0.01632	0.00936	0.00286	0.00652	0.01376	0.00880	0.01121
143	0.01006	0.00862	0.00862	0.00862	0.01149	0.00718	0.00647	0.01221	0.01940	0.02299	0.08621	0.08190	0.64438	0.02155	0.01006	0.00287	0.00431	0.01796	0.00790	0.00718
144	0.01037	0.00741	0.00987	0.01185	0.01234	0.00691	0.00790	0.01185	0.01629	0.02172	0.04690	0.69537	0.05629	0.02666	0.01086	0.00346	0.00494	0.02419	0.00790	0.00691
145	0.02225	0.17424	0.13584	0.02859	0.09125	0.08956	0.24485	0.06491	0.02077	0.02673	0.01544	0.01909	0.01211	0.00773	0.00827	0.00250	0.01235	0.00745	0.00432	0.01174
146	0.02100	0.02039	0.03553	0.05120	0.60963	0.02030	0.06353	0.02619	0.01942	0.02777	0.01608	0.02118	0.01344	0.00756	0.00853	0.00255	0.01038	0.00774	0.00422	0.01335
147	0.01033	0.00863	0.00900	0.00890	0.01166	0.00730	0.00668	0.01274	0.02004	0.02450	0.16201	0.07941	0.56764	0.02099	0.01006	0.00285	0.00427	0.01761	0.00810	0.00730
148	0.02106	0.02022	0.03454	0.05223	0.64784	0.02022	0.02612	0.02612	0.01938	0.02780	0.01601	0.02106	0.01348	0.00758	0.00842	0.00253	0.01011	0.00758	0.00421	0.01348
149	0.05746	0.22497	0.42404	0.02080	0.03114	0.05524	0.02492	0.02679	0.01790	0.02532	0.01404	0.01644	0.01075	0.00789	0.00720	0.00243	0.01145	0.00568	0.00373	0.01182
150	0.01738	0.08058	0.62302	0.02372	0.03600	0.02053	0.03051	0.02687	0.01793	0.02657	0.01508	0.01773	0.01079	0.00804	0.00794	0.00265	0.01238	0.00619	0.00360	0.01249
151	0.01686	0.01634	0.02814	0.53869	0.07908	0.01983	0.07590	0.02231	0.01704	0.02238	0.01500	0.02228	0.01156	0.00891	0.01035	0.00290	0.07102	0.00777	0.00384	0.00979
152	0.01707	0.04402	0.65683	0.02426	0.03683	0.01976	0.03144	0.02695	0.01797	0.02695	0.01527	0.01797	0.01078	0.00809	0.00809	0.00270	0.01258	0.00629	0.00359	0.01258
153	0.02446	0.02800	0.22063	0.01881	0.02559	0.15397	0.01842	0.02923	0.02064	0.19067	0.02611	0.15821	0.02281	0.01266	0.00869	0.00273	0.01020	0.01036	0.00648	0.01135
154	0.07142	0.07545	0.01895	0.01460	0.01924	0.04129	0.01160	0.03204	0.15806	0.23394	0.03513	0.16511	0.05922	0.01409	0.00861	0.00278	0.00695	0.01174	0.00826	0.01151
155	0.01668	0.02059	0.13300	0.50869	0.08394	0.01924	0.05280	0.02309	0.01744	0.02318	0.01529	0.02183	0.01143	0.00833	0.00850	0.00280	0.01163	0.00747	0.00380	0.01027
156	0.01990	0.01903	0.03244	0.19866	0.51050	0.01991	0.02554	0.02510	0.01883	0.02639	0.01580	0.02144	0.01298	0.00780	0.00844	0.00260	0.01040	0.00758	0.00411	0.01254
157	0.02217	0.02279	0.02873	0.26378	0.27820	0.15173	0.02269	0.06161	0.02075	0.02581	0.01538	0.02043	0.01228	0.00830	0.00831	0.00257	0.01156	0.00715	0.00435	0.01140
158	0.02322	0.07716	0.22298	0.03201	0.23106	0.21818	0.02407	0.02873	0.02026	0.02492	0.01465	0.01790	0.01172	0.00808	0.00790	0.00243	0.01240	0.00635	0.00404	0.01194
159	0.01869	0.03357	0.36939	0.03320	0.16980	0.02031	0.17893	0.02685	0.01881	0.02721	0.01592	0.01990	0.01190	0.00775	0.00866	0.00270	0.01250	0.00752	0.00391	0.01249

[dist]
# distance from previous block
# <min> <max>
14	26

[block]
# block no. 1 follows, 21 sequences, length 26
# corresponding to MSA columns:
# 198-223
name=unknown_B
#
# <colnr> <probs for GDERKNQSTAVLIFYWHMCP>
#	G	D	E	R	K	N	Q	S	T	A	V	L	I	F	Y	W	H	M	C	P
0	0.02075	0.01991	0.03399	0.09105	0.61144	0.02014	0.02596	0.02585	0.01923	0.02743	0.01595	0.02116	0.01335	0.00764	0.00843	0.00255	0.01019	0.00758	0.00419	0.01323
1	0.02062	0.02061	0.03014	0.04363	0.50542	0.07937	0.02262	0.02502	0.01983	0.02651	0.02500	0.02855	0.09643	0.00954	0.00857	0.00254	0.00984	0.00875	0.00472	0.01231
2	0.02348	0.01815	0.02091	0.02074	0.10349	0.01999	0.01446	0.21125	0.25008	0.03925	0.02652	0.02691	0.02002	0.01030	0.00804	0.00256	0.00742	0.00842	0.15533	0.01267
3	0.01757	0.01236	0.01368	0.01223	0.01409	0.01300	0.00832	0.17477	0.02007	0.02684	0.02665	0.09545	0.02848	0.46426	0.03151	0.00636	0.00829	0.01202	0.00627	0.00778
4	0.01371	0.01125	0.01319	0.01302	0.01432	0.05974	0.00948	0.01580	0.01409	0.01889	0.02323	0.03853	0.02330	0.24487	0.43576	0.01123	0.01800	0.00979	0.00472	0.00706
5	0.02031	0.33472	0.35584	0.01988	0.02971	0.05858	0.02327	0.02666	0.01798	0.02360	0.01365	0.01594	0.01085	0.00777	0.00691	0.00229	0.01119	0.00548	0.00365	0.01171
6	0.01939	0.23997	0.35090	0.02364	0.03382	0.02432	0.14296	0.02657	0.01818	0.02492	0.01462	0.01766	0.01125	0.00766	0.00768	0.00247	0.01188	0.00651	0.00375	0.01186
7	0.02017	0.01741	0.01829	0.01654	0.02118	0.01991	0.01284	0.04226	0.57746	0.03447	0.03926	0.03625	0.08146	0.01244	0.00878	0.00289	0.00652	0.01037	0.00859	0.01291
8	0.01220	0.00941	0.01366	0.01388	0.01502	0.01087	0.01055	0.01475	0.01430	0.02031	0.02807	0.20167	0.02946	0.05055	0.45009	0.01030	0.06918	0.01285	0.00535	0.00755
9	0.02156	0.03774	0.52138	0.02232	0.03362	0.01822	0.02742	0.03004	0.01933	0.16021	0.01916	0.02031	0.01297	0.00861	0.00819	0.00268	0.01144	0.00677	0.00507	0.01298
10	0.01072	0.00768	0.01019	0.01161	0.01242	0.00715	0.00793	0.01274	0.01795	0.02436	0.17372	0.56104	0.06139	0.02469	0.01069	0.00329	0.00474	0.02232	0.00821	0.00715
11	0.01966	0.34613	0.37744	0.01983	0.02999	0.02611	0.02374	0.02628	0.01766	0.02379	0.01370	0.01600	0.01084	0.00772	0.00689	0.00230	0.01099	0.00550	0.00361	0.01182
12	0.02063	0.01986	0.03340	0.07612	0.56681	0.02069	0.02534	0.02543	0.01871	0.02689	0.01554	0.02091	0.01318	0.00828	0.01018	0.00265	0.07074	0.00757	0.00415	0.01294
13	0.01138	0.00956	0.01003	0.00992	0.01286	0.00863	0.00759	0.01571	0.07471	0.02497	0.11484	0.07700	0.52051	0.02050	0.01002	0.00292	0.00470	0.04826	0.00806	0.00784
14	0.03184	0.03920	0.02423	0.02173	0.02632	0.61478	0.01642	0.08151	0.02541	0.02349	0.01375	0.01576	0.01125	0.00889	0.00774	0.00222	0.01486	0.00566	0.00472	0.01024
15	0.03235	0.02384	0.02554	0.01958	0.02639	0.02639	0.01618	0.61946	0.04001	0.05363	0.02043	0.02043	0.01447	0.01022	0.00851	0.00255	0.00936	0.00766	0.00851	0.01447
16	0.02052	0.02174	0.04324	0.04315	0.31283	0.02094	0.35415	0.02675	0.01977	0.02750	0.01668	0.02211	0.01316	0.00736	0.00932	0.00272	0.01246	0.00895	0.00426	0.01237
17	0.02763	0.01708	0.02220	0.01896	0.04487	0.01797	0.04702	0.06752	0.24418	0.27124	0.05358	0.02949	0.02333	0.01120	0.01022	0.00282	0.05968	0.00912	0.00862	0.01327
18	0.02188	0.50278	0.03711	0.01558	0.02134	0.09172	0.01440	0.02455	0.01720	0.02009	0.01351	0.01695	0.01244	0.01602	0.10265	0.00368	0.04855	0.00546	0.00385	0.01025
19	0.01387	0.00977	0.01171	0.01202	0.01315	0.00985	0.00820	0.08257	0.01777	0.02369	0.03620	0.33952	0.04149	0.27725	0.02281	0.00518	0.00687	0.05395	0.00694	0.00719
20	0.08533	0.07225	0.02349	0.01973	0.02441	0.50127	0.01516	0.06880	0.02373	0.02432	0.01796	0.01957	0.05018	0.00950	0.00757	0.00227	0.01328	0.00627	0.00489	0.01000
21	0.01686	0.01700	0.01417	0.01347	0.01698	0.14155	0.01033	0.02354	0.14387	0.02526	0.05864	0.05944	0.35568	0.01711	0.00941	0.00281	0.00722	0.05028	0.00735	0.00903
22	0.02100	0.31085	0.02863	0.01452	0.02037	0.07351	0.01267	0.07140	0.10051	0.02599	0.03069	0.03063	0.13950	0.01094	0.00728	0.00220	0.00809	0.00824	0.00570	0.07727
23	0.02261	0.22188	0.03100	0.02001	0.02304	0.16449	0.01698	0.02480	0.01662	0.02042	0.01178	0.01649	0.01105	0.01139	0.01713	0.00285	0.34752	0.00619	0.00384	0.00989
24	0.54827	0.01787	0.01807	0.02012	0.14311	0.01997	0.01321	0.07856	0.01775	0.03750	0.01345	0.01586	0.01054	0.00804	0.00619	0.00261	0.00754	0.00547	0.00535	0.01054
25	0.03198	0.03501	0.02459	0.02115	0.02634	0.45430	0.01635	0.22823	0.02939	0.03171	0.01557	0.01703	0.01213	0.00925	0.00795	0.00231	0.01336	0.00620	0.00575	0.01139

[dist]
# distance from previous block
# <min> <max>
0	2

[block]
# block no. 2 follows, 21 sequences, length 70
# corresponding to MSA columns:
# 226-295
name=unknown_C
#
# <colnr> <probs for GDERKNQSTAVLIFYWHMCP>
#	G	D	E	R	K	N	Q	S	T	A	V	L	I	F	Y	W	H	M	C	P
0	0.01845	0.13172	0.47363	0.02674	0.10863	0.02181	0.05140	0.02666	0.01813	0.02611	0.01496	0.01794	0.01121	0.00788	0.00784	0.00256	0.01187	0.00635	0.00370	0.01241
1	0.01207	0.00860	0.01084	0.01205	0.01290	0.00837	0.00811	0.05215	0.01739	0.02320	0.04270	0.57270	0.05043	0.10776	0.01466	0.00398	0.00563	0.02166	0.00761	0.00720
2	0.06906	0.13400	0.14297	0.02776	0.21358	0.05478	0.02013	0.02888	0.01971	0.14840	0.02143	0.02289	0.04255	0.00892	0.00775	0.00247	0.00964	0.00723	0.00548	0.01236
3	0.14653	0.01984	0.02254	0.26771	0.13477	0.13269	0.01831	0.02402	0.01834	0.02545	0.02077	0.05957	0.05558	0.01014	0.00802	0.00267	0.01023	0.00827	0.00471	0.00985
4	0.37898	0.02267	0.01827	0.05957	0.02326	0.15906	0.01308	0.10362	0.09090	0.03501	0.01604	0.01763	0.01232	0.00884	0.00679	0.00257	0.00914	0.00595	0.00578	0.01052
5	0.02644	0.06468	0.02630	0.02517	0.15742	0.10347	0.01701	0.30540	0.02959	0.03804	0.02642	0.02734	0.09375	0.01073	0.00840	0.00250	0.00962	0.00849	0.00670	0.01254
6	0.05157	0.01886	0.02411	0.02881	0.23229	0.02076	0.01755	0.03797	0.40089	0.03308	0.02744	0.02742	0.02109	0.01006	0.00844	0.00276	0.00786	0.00873	0.00702	0.01330
7	0.01954	0.02462	0.16635	0.04358	0.47813	0.01933	0.02606	0.02545	0.01908	0.02733	0.02012	0.02410	0.05131	0.00854	0.00845	0.00258	0.01029	0.00794	0.00430	0.01290
8	0.03179	0.04056	0.02412	0.02192	0.02631	0.66676	0.01644	0.03398	0.02412	0.02083	0.01315	0.01535	0.01096	0.00877	0.00767	0.00219	0.01535	0.00548	0.00438	0.00987
9	0.01611	0.18094	0.22181	0.01632	0.02278	0.01805	0.01730	0.02151	0.01893	0.02631	0.20074	0.03289	0.03298	0.01960	0.11402	0.00425	0.01089	0.00902	0.00546	0.01005
10	0.01920	0.28101	0.30018	0.02157	0.03102	0.02438	0.11435	0.02558	0.01813	0.02423	0.01854	0.02097	0.04895	0.00845	0.00754	0.00241	0.01109	0.00693	0.00398	0.01148
11	0.03091	0.03790	0.02378	0.02118	0.02592	0.58545	0.01602	0.06875	0.02466	0.02327	0.01372	0.01580	0.01128	0.00870	0.00764	0.00215	0.01440	0.00559	0.00468	0.05821
12	0.02236	0.30964	0.22203	0.02132	0.02981	0.14043	0.09329	0.02764	0.01904	0.02309	0.01374	0.01636	0.01113	0.00777	0.00719	0.00227	0.01187	0.00590	0.00384	0.01129
13	0.02052	0.01954	0.03327	0.04988	0.60923	0.01964	0.02517	0.02545	0.01903	0.02731	0.01642	0.02182	0.01396	0.01101	0.04862	0.00321	0.01088	0.00768	0.00423	0.01312
14	0.01037	0.00741	0.00987	0.01185	0.01234	0.00691	0.00790	0.01185	0.01629	0.02172	0.04690	0.69537	0.05629	0.02666	0.01086	0.00346	0.00494	0.02419	0.00790	0.00691
15	0.03044	0.03801	0.02542	0.02573	0.10428	0.58565	0.01766	0.03300	0.02352	0.02170	0.01351	0.01606	0.01128	0.00862	0.00777	0.00223	0.01469	0.00574	0.00436	0.01032
16	0.01707	0.04402	0.65683	0.02426	0.03683	0.01976	0.03144	0.02695	0.01797	0.02695	0.01527	0.01797	0.01078	0.00809	0.00809	0.00270	0.01258	0.00629	0.00359	0.01258
17	0.02857	0.01236	0.01667	0.01351	0.01841	0.01086	0.01086	0.03213	0.02426	0.42599	0.25770	0.04168	0.04284	0.01306	0.00910	0.00265	0.00606	0.01107	0.01010	0.01211
18	0.01138	0.00878	0.01265	0.13049	0.02055	0.00904	0.01069	0.01361	0.01642	0.02173	0.04127	0.57601	0.04831	0.02344	0.01044	0.00335	0.00607	0.02124	0.00717	0.00736
19	0.03273	0.02323	0.02516	0.01929	0.02609	0.02549	0.01594	0.58207	0.03900	0.09245	0.02128	0.02098	0.01490	0.01024	0.00852	0.00256	0.00923	0.00772	0.00864	0.01447
20	0.01238	0.00825	0.00928	0.00928	0.00928	0.00825	0.00516	0.01238	0.01238	0.01650	0.02681	0.05569	0.03094	0.70092	0.04331	0.00825	0.00825	0.01238	0.00516	0.00516
21	0.01037	0.00741	0.00987	0.01185	0.01234	0.00691	0.00790	0.01185	0.01629	0.02172	0.04690	0.69537	0.05629	0.02666	0.01086	0.00346	0.00494	0.02419	0.00790	0.00691
22	0.02045	0.01960	0.03344	0.12881	0.57601	0.02006	0.02581	0.02558	0.01909	0.02706	0.01590	0.02126	0.01322	0.00770	0.00844	0.00257	0.01026	0.00758	0.00416	0.01299
23	0.02720	0.02510	0.02162	0.01837	0.02298	0.21381	0.01427	0.29831	0.02901	0.03555	0.02097	0.07406	0.01849	0.07102	0.06687	0.00391	0.01186	0.00876	0.00663	0.01119
24	0.02411	0.02912	0.01886	0.01745	0.02121	0.43019	0.01311	0.02635	0.02208	0.02141	0.03560	0.03635	0.20118	0.01588	0.04772	0.00308	0.01249	0.00943	0.00545	0.00893
25	0.01037	0.00741	0.00987	0.01185	0.01234	0.00691	0.00790	0.01185	0.01629	0.02172	0.04690	0.69537	0.05629	0.02666	0.01086	0.00346	0.00494	0.02419	0.00790	0.00691
26	0.01769	0.01184	0.01574	0.01442	0.01722	0.01316	0.01141	0.11464	0.01900	0.07658	0.02356	0.03089	0.02020	0.04790	0.47127	0.01034	0.01833	0.00877	0.04775	0.00927
27	0.01252	0.00893	0.01133	0.07978	0.01515	0.00937	0.00775	0.01348	0.01338	0.01784	0.02754	0.12126	0.03105	0.51231	0.07743	0.00752	0.00917	0.01296	0.00528	0.00596
28	0.01216	0.00912	0.01368	0.01368	0.01520	0.01064	0.01064	0.01520	0.01368	0.01976	0.02279	0.03343	0.02127	0.06382	0.66720	0.01368	0.02279	0.00912	0.00456	0.00760
29	0.01226	0.00820	0.00932	0.00943	0.00946	0.00817	0.00532	0.01234	0.01261	0.01681	0.02801	0.09384	0.03245	0.66071	0.04138	0.00796	0.00805	0.01308	0.00532	0.00526
30	0.02698	0.01797	0.02007	0.01675	0.02230	0.01935	0.01339	0.16540	0.32172	0.18745	0.03448	0.03171	0.06006	0.01163	0.00869	0.00275	0.00727	0.00945	0.00903	0.01355
31	0.02518	0.52746	0.03910	0.01654	0.02304	0.20356	0.01507	0.02776	0.01912	0.02024	0.01219	0.01411	0.01093	0.00768	0.00605	0.00192	0.01078	0.00480	0.00384	0.01064
32	0.01680	0.00991	0.01200	0.01077	0.01413	0.00863	0.00833	0.01987	0.02215	0.16221	0.27598	0.06394	0.30722	0.01769	0.00973	0.00275	0.00483	0.01502	0.00900	0.00905
33	0.02275	0.70604	0.04459	0.01456	0.02184	0.03367	0.01456	0.02548	0.01729	0.02002	0.01183	0.01365	0.01092	0.00728	0.00546	0.00182	0.00910	0.00455	0.00364	0.01092
34	0.01010	0.00847	0.00878	0.00903	0.01160	0.00715	0.00665	0.01217	0.01901	0.02283	0.08128	0.15886	0.57061	0.02219	0.01016	0.00295	0.00439	0.01874	0.00790	0.00715
35	0.02177	0.02157	0.03385	0.05023	0.60668	0.06304	0.02548	0.02664	0.01969	0.02734	0.01582	0.02068	0.01331	0.00766	0.00838	0.00251	0.01046	0.00744	0.00422	0.01324
36	0.02079	0.01994	0.03406	0.08615	0.61602	0.02015	0.02598	0.02588	0.01925	0.02748	0.01596	0.02115	0.01336	0.00763	0.00843	0.00254	0.01018	0.00758	0.00419	0.01326
37	0.01999	0.01913	0.03261	0.18690	0.52153	0.01994	0.02559	0.02518	0.01887	0.02650	0.01582	0.02141	0.01302	0.00778	0.00844	0.00259	0.01037	0.00758	0.00412	0.01262
38	0.76103	0.01646	0.01251	0.01119	0.01646	0.01909	0.00922	0.02502	0.01448	0.03818	0.01185	0.01382	0.00922	0.00790	0.00527	0.00263	0.00658	0.00461	0.00527	0.00922
39	0.02106	0.02022	0.03454	0.05223	0.64784	0.02022	0.02612	0.02612	0.01938	0.02780	0.01601	0.02106	0.01348	0.00758	0.00842	0.00253	0.01011	0.00758	0.00421	0.01348
40	0.01067	0.00764	0.01015	0.01164	0.01241	0.00712	0.00792	0.01262	0.01771	0.02398	0.15548	0.58035	0.06066	0.02498	0.01071	0.00331	0.00477	0.02259	0.00817	0.00712
41	0.01972	0.01881	0.03138	0.04692	0.57027	0.01863	0.02372	0.02442	0.01938	0.02722	0.02456	0.02848	0.09038	0.00929	0.00862	0.00257	0.00940	0.00885	0.00466	0.01271
42	0.01678	0.01657	0.02897	0.02336	0.02649	0.01924	0.19614	0.02066	0.01539	0.02227	0.01710	0.02516	0.01527	0.02986	0.24841	0.00698	0.24900	0.00882	0.00419	0.00936
43	0.02641	0.07477	0.17879	0.02589	0.10657	0.39577	0.02116	0.03084	0.02167	0.02313	0.01395	0.01660	0.01123	0.00838	0.00775	0.00234	0.01369	0.00589	0.00413	0.01103
44	0.01947	0.02047	0.02132	0.01925	0.02080	0.17067	0.01535	0.02181	0.01585	0.02031	0.01566	0.02298	0.01462	0.03039	0.24430	0.00681	0.29938	0.00756	0.00417	0.00885
45	0.01216	0.00912	0.01368	0.01368	0.01520	0.01064	0.01064	0.01520	0.01368	0.01976	0.02279	0.03343	0.02127	0.06382	0.66720	0.01368	0.02279	0.00912	0.00456	0.00760
46	0.01386	0.01172	0.01246	0.01170	0.01436	0.04945	0.00883	0.01966	0.09280	0.03108	0.41499	0.06094	0.19158	0.01710	0.00974	0.00271	0.00508	0.01468	0.00867	0.00858
47	0.01707	0.04402	0.65683	0.02426	0.03683	0.01976	0.03144	0.02695	0.01797	0.02695	0.01527	0.01797	0.01078	0.00809	0.00809	0.00270	0.01258	0.00629	0.00359	0.01258
48	0.01031	0.00863	0.00897	0.00888	0.01165	0.00729	0.00666	0.01270	0.01999	0.02439	0.15610	0.07960	0.57362	0.02103	0.01006	0.00285	0.00427	0.01764	0.00809	0.00729
49	0.01037	0.00741	0.00987	0.01185	0.01234	0.00691	0.00790	0.01185	0.01629	0.02172	0.04690	0.69537	0.05629	0.02666	0.01086	0.00346	0.00494	0.02419	0.00790	0.00691
50	0.02106	0.02022	0.03454	0.05223	0.64784	0.02022	0.02612	0.02612	0.01938	0.02780	0.01601	0.02106	0.01348	0.00758	0.00842	0.00253	0.01011	0.00758	0.00421	0.01348
51	0.01371	0.00980	0.01371	0.01567	0.01763	0.00980	0.01371	0.01763	0.01959	0.02547	0.04506	0.09599	0.04898	0.02351	0.01175	0.00392	0.00784	0.59056	0.00784	0.00784
52	0.01183	0.00869	0.01107	0.01048	0.01258	0.00794	0.00786	0.01564	0.02357	0.03290	0.58196	0.06559	0.14245	0.01786	0.01004	0.00270	0.00405	0.01567	0.00921	0.00794
53	0.03179	0.04056	0.02412	0.02192	0.02631	0.66676	0.01644	0.03398	0.02412	0.02083	0.01315	0.01535	0.01096	0.00877	0.00767	0.00219	0.01535	0.00548	0.00438	0.00987
