[name]
unknown

[dist]
# distance from previous block
# <min> <max>
0	25

[block]
# block no. 0 follows, 22 sequences, length 32
# corresponding to MSA columns:
# 25-56
name=unknown_A
#
# <colnr> <probs for GDERKNQSTAVLIFYWHMCP>
#	G	D	E	R	K	N	Q	S	T	A	V	L	I	F	Y	W	H	M	C	P
0	0.01368	0.00990	0.01382	0.01427	0.01642	0.00948	0.03522	0.01749	0.04870	0.04957	0.04113	0.36012	0.04547	0.02169	0.01044	0.00333	0.00645	0.22558	0.00753	0.04971
1	0.01170	0.00919	0.01224	0.01285	0.01387	0.00958	0.00937	0.01365	0.01626	0.02226	0.08301	0.46251	0.07720	0.02436	0.04079	0.00368	0.09031	0.04259	0.00706	0.03750
2	0.02699	0.03001	0.02143	0.01960	0.02376	0.41187	0.01532	0.11567	0.05924	0.02662	0.02128	0.03240	0.01946	0.01181	0.00846	0.00257	0.01221	0.12546	0.00577	0.01007
3	0.10796	0.02326	0.02509	0.06666	0.25184	0.18971	0.01829	0.03055	0.05420	0.12746	0.01812	0.02021	0.01378	0.00846	0.00773	0.00245	0.01027	0.00680	0.00546	0.01171
4	0.01197	0.00940	0.01146	0.01121	0.01389	0.00795	0.00805	0.01421	0.01709	0.02349	0.07396	0.39999	0.13749	0.01974	0.00931	0.00270	0.00502	0.01749	0.00707	0.19853
5	0.01006	0.00747	0.00939	0.01093	0.01188	0.00680	0.00743	0.01164	0.01651	0.02146	0.05350	0.57747	0.17512	0.02502	0.01045	0.00326	0.00470	0.02239	0.00771	0.00680
6	0.02030	0.16816	0.21925	0.01902	0.02602	0.15401	0.04217	0.02710	0.07583	0.02506	0.09029	0.05652	0.02200	0.01008	0.00777	0.00242	0.01037	0.00796	0.00500	0.01067
7	0.01773	0.17238	0.54498	0.02185	0.03313	0.02192	0.02751	0.02603	0.01741	0.02500	0.01426	0.01673	0.01055	0.00774	0.00740	0.00247	0.01162	0.00581	0.00352	0.01197
8	0.01040	0.00767	0.00975	0.01086	0.01199	0.00701	0.00752	0.01245	0.01790	0.02383	0.17352	0.47781	0.15190	0.02344	0.01032	0.00313	0.00454	0.02095	0.00800	0.00701
9	0.01012	0.00723	0.00964	0.01157	0.01205	0.00675	0.00771	0.01157	0.01591	0.02121	0.04579	0.70262	0.05495	0.02603	0.01060	0.00337	0.00482	0.02362	0.00771	0.00675
10	0.14758	0.02692	0.23207	0.02363	0.03195	0.01999	0.20766	0.02966	0.14294	0.02999	0.01872	0.02105	0.01389	0.00827	0.00812	0.00271	0.01066	0.00764	0.00500	0.01156
11	0.02160	0.02171	0.03271	0.04806	0.59372	0.08466	0.02456	0.02626	0.01937	0.02647	0.01535	0.02001	0.01292	0.00752	0.00815	0.00243	0.01038	0.00720	0.00413	0.01281
12	0.01443	0.00722	0.01082	0.01082	0.01082	0.00722	0.00722	0.01082	0.01082	0.01443	0.01443	0.02525	0.01443	0.02886	0.03247	0.75830	0.00722	0.00722	0.00361	0.00361
13	0.01758	0.03067	0.35610	0.16501	0.21733	0.01925	0.02768	0.02505	0.01775	0.02552	0.01508	0.01933	0.01139	0.00784	0.00807	0.00261	0.01135	0.00675	0.00372	0.01192
14	0.14494	0.02052	0.13254	0.20124	0.09576	0.01746	0.01927	0.05268	0.01934	0.18988	0.01915	0.02126	0.01339	0.00862	0.00772	0.00262	0.00930	0.00695	0.00581	0.01156
15	0.10612	0.02154	0.03108	0.04248	0.48398	0.08786	0.05606	0.02623	0.01889	0.02755	0.01494	0.01928	0.01240	0.00754	0.00789	0.00246	0.01024	0.00699	0.00425	0.01221
16	0.01793	0.02682	0.25531	0.16491	0.24465	0.01997	0.02603	0.02431	0.01727	0.02486	0.01466	0.01953	0.01155	0.00856	0.01028	0.00272	0.08833	0.00693	0.00376	0.01160
17	0.01004	0.00838	0.00848	0.00848	0.01101	0.00712	0.00619	0.01194	0.01826	0.02181	0.07841	0.07741	0.59113	0.08914	0.01304	0.00333	0.00459	0.01699	0.00745	0.00682
18	0.03036	0.03645	0.02335	0.02086	0.02540	0.56461	0.01582	0.09295	0.06829	0.02451	0.01501	0.01659	0.01207	0.00889	0.00764	0.00222	0.01381	0.00584	0.00497	0.01032
19	0.01024	0.00732	0.00974	0.01149	0.01207	0.00682	0.00772	0.01185	0.01644	0.02205	0.08819	0.65781	0.05658	0.02539	0.01055	0.00332	0.00476	0.02302	0.00781	0.00682
20	0.01677	0.01257	0.01668	0.07848	0.02019	0.01373	0.04098	0.13488	0.01884	0.02604	0.02244	0.03567	0.02127	0.25245	0.19454	0.00717	0.01229	0.00949	0.05720	0.00832
21	0.02753	0.03156	0.02594	0.02717	0.15198	0.40518	0.01816	0.08915	0.02292	0.02484	0.01389	0.01696	0.01156	0.00915	0.00996	0.00241	0.09016	0.00619	0.00457	0.01072
22	0.01438	0.00900	0.01174	0.01094	0.01331	0.00818	0.00824	0.01787	0.02254	0.10273	0.49032	0.12271	0.10120	0.01734	0.00972	0.00269	0.00438	0.01526	0.00905	0.00840
23	0.01549	0.00774	0.00774	0.00774	0.00968	0.00774	0.00581	0.01936	0.01742	0.03097	0.02710	0.03097	0.02129	0.00968	0.00581	0.00194	0.00387	0.00774	0.75416	0.00774
24	0.01050	0.00767	0.01013	0.01145	0.01229	0.00747	0.00790	0.01219	0.01554	0.02071	0.04421	0.49428	0.10299	0.06903	0.12672	0.00530	0.00794	0.01989	0.00700	0.00679
25	0.01445	0.00801	0.00891	0.00891	0.01080	0.00823	0.00675	0.01804	0.01669	0.02816	0.02924	0.03398	0.05565	0.02088	0.14055	0.00428	0.00758	0.00851	0.56275	0.00764
26	0.01166	0.00788	0.00918	0.00960	0.00970	0.00777	0.00561	0.01197	0.01290	0.01720	0.03038	0.19346	0.03551	0.56170	0.03549	0.00705	0.00736	0.01456	0.00561	0.00540
27	0.01974	0.04740	0.02529	0.02104	0.02196	0.11176	0.01735	0.02169	0.01436	0.01999	0.01175	0.01828	0.01136	0.01581	0.05576	0.00384	0.54273	0.00698	0.00376	0.00914
28	0.01802	0.01584	0.02119	0.01837	0.01920	0.02107	0.01513	0.05278	0.01514	0.02393	0.01528	0.02164	0.01371	0.01595	0.05765	0.00377	0.48007	0.00747	0.15478	0.00900
29	0.01003	0.00793	0.00904	0.00980	0.01161	0.00694	0.00695	0.01195	0.01791	0.02244	0.09456	0.33390	0.38180	0.02289	0.01014	0.00303	0.00444	0.01991	0.00778	0.00694
30	0.02056	0.01974	0.03372	0.05099	0.65622	0.01974	0.02550	0.02550	0.01892	0.02714	0.01563	0.02056	0.01316	0.00740	0.00822	0.00247	0.00987	0.00740	0.00411	0.01316
31	0.02414	0.02477	0.03118	0.03987	0.41129	0.16904	0.05214	0.09560	0.02228	0.02843	0.01554	0.01932	0.01268	0.00794	0.00815	0.00241	0.01115	0.00706	0.00463	0.01237

[dist]
# distance from previous block
# <min> <max>
0	1

[block]
# block no. 1 follows, 22 sequences, length 32
# corresponding to MSA columns:
# 58-89
name=unknown_B
#
# <colnr> <probs for GDERKNQSTAVLIFYWHMCP>
#	G	D	E	R	K	N	Q	S	T	A	V	L	I	F	Y	W	H	M	C	P
0	0.04444	0.06957	0.01784	0.01531	0.05431	0.01486	0.01127	0.14765	0.02230	0.05973	0.08236	0.16651	0.15442	0.02067	0.07716	0.00379	0.00813	0.01294	0.00709	0.00964
1	0.01026	0.00729	0.00960	0.01139	0.01184	0.00684	0.00752	0.01160	0.01563	0.02084	0.04439	0.65641	0.05318	0.07464	0.01286	0.00371	0.00505	0.02279	0.00752	0.00663
2	0.05163	0.01867	0.07295	0.02657	0.18365	0.01732	0.08318	0.12084	0.07191	0.03132	0.06700	0.16625	0.02700	0.01267	0.00887	0.00275	0.00851	0.01152	0.00624	0.01115
3	0.02130	0.02229	0.02561	0.03370	0.33060	0.18128	0.01892	0.02640	0.06983	0.02498	0.02186	0.14348	0.02109	0.01138	0.00849	0.00258	0.00997	0.00999	0.00516	0.01112
4	0.01538	0.01144	0.01838	0.01561	0.01830	0.01110	0.12611	0.05698	0.01741	0.02400	0.06534	0.15414	0.07746	0.01959	0.01664	0.24297	0.00743	0.01204	0.08238	0.00729
5	0.23450	0.08116	0.22088	0.07128	0.14834	0.01979	0.02045	0.02601	0.01709	0.06807	0.01491	0.01761	0.01126	0.00786	0.00702	0.00252	0.00945	0.00600	0.00453	0.01127
6	0.07061	0.37539	0.10257	0.01741	0.02402	0.24177	0.01629	0.02773	0.01897	0.02164	0.01234	0.01434	0.01056	0.00771	0.00631	0.00204	0.01111	0.00493	0.00389	0.01039
7	0.01725	0.01636	0.02774	0.48380	0.24928	0.01887	0.02385	0.02259	0.01735	0.02312	0.01504	0.02164	0.01174	0.00802	0.00828	0.00267	0.01069	0.00739	0.00383	0.01049
8	0.02276	0.02501	0.02811	0.20433	0.29515	0.23518	0.02176	0.02693	0.01985	0.02338	0.01449	0.01913	0.01182	0.00802	0.00800	0.00244	0.01186	0.00672	0.00406	0.01099
9	0.05354	0.48123	0.13026	0.01589	0.02303	0.07181	0.01624	0.02482	0.01702	0.02135	0.01300	0.01563	0.01139	0.01181	0.05998	0.00290	0.01077	0.00512	0.00374	0.01050
10	0.01157	0.00784	0.00921	0.00971	0.00983	0.00772	0.00573	0.01195	0.01307	0.01743	0.03125	0.22222	0.03661	0.53145	0.03408	0.00684	0.00722	0.01507	0.00573	0.00548
11	0.01144	0.00781	0.00934	0.00992	0.01016	0.00763	0.00601	0.01208	0.01382	0.01852	0.06100	0.26080	0.04027	0.45965	0.03073	0.00632	0.00684	0.01588	0.00607	0.00571
12	0.01017	0.00782	0.00931	0.01023	0.01176	0.00696	0.00718	0.01213	0.01786	0.02293	0.12281	0.39521	0.28948	0.02316	0.01022	0.00308	0.00449	0.02037	0.00786	0.00696
13	0.03051	0.03522	0.02388	0.04834	0.02699	0.51435	0.01629	0.15504	0.02645	0.02695	0.01438	0.01630	0.01142	0.00884	0.00769	0.00224	0.01362	0.00587	0.00508	0.01054
14	0.08251	0.35882	0.03028	0.01468	0.02031	0.02524	0.01300	0.17131	0.02195	0.02937	0.01982	0.13975	0.01940	0.01129	0.00700	0.00231	0.00801	0.00867	0.00561	0.01067
15	0.01001	0.00826	0.00880	0.00901	0.01143	0.00704	0.00663	0.01217	0.01887	0.02312	0.12310	0.16503	0.52502	0.02142	0.00993	0.00287	0.00427	0.01818	0.00783	0.00704
16	0.02701	0.08752	0.02692	0.02438	0.10441	0.36991	0.01740	0.09047	0.02229	0.02436	0.01351	0.01656	0.01139	0.00938	0.01061	0.00242	0.12035	0.00606	0.00451	0.01054
17	0.01906	0.23327	0.18815	0.01735	0.02361	0.12340	0.01736	0.02339	0.01725	0.02144	0.01739	0.06802	0.01601	0.02101	0.15382	0.00471	0.01334	0.00736	0.00415	0.00992
18	0.01955	0.11947	0.21356	0.01689	0.02356	0.01810	0.01723	0.13200	0.02267	0.06817	0.14451	0.11434	0.03070	0.01239	0.00836	0.00258	0.00835	0.01024	0.00642	0.01092
19	0.01545	0.01331	0.01380	0.01282	0.01661	0.01410	0.00986	0.02864	0.34186	0.02883	0.05803	0.05455	0.32722	0.01597	0.00911	0.00281	0.00544	0.01331	0.00810	0.01020
20	0.01092	0.00789	0.00908	0.00967	0.01051	0.00740	0.00617	0.01188	0.01494	0.01923	0.04648	0.25910	0.19134	0.32985	0.02458	0.00533	0.00612	0.01696	0.00651	0.00605
21	0.02024	0.02298	0.14093	0.10676	0.19539	0.02034	0.02096	0.08219	0.24057	0.03110	0.02220	0.02385	0.01684	0.00918	0.00826	0.00266	0.00922	0.00788	0.00584	0.01261
22	0.01796	0.02143	0.14279	0.07329	0.38696	0.01735	0.02239	0.02284	0.01723	0.02455	0.01747	0.02657	0.01583	0.14160	0.01469	0.00358	0.01002	0.00807	0.00416	0.01123
23	0.01090	0.00815	0.00938	0.00964	0.01100	0.00760	0.00653	0.01243	0.01623	0.02088	0.10224	0.16740	0.26377	0.24725	0.06545	0.00530	0.00675	0.01595	0.00674	0.00642
24	0.01286	0.00986	0.01301	0.01225	0.01433	0.00942	0.04208	0.05025	0.01939	0.02583	0.19520	0.18669	0.15898	0.15117	0.01621	0.00393	0.00607	0.05758	0.00739	0.00748
25	0.06192	0.14572	0.05135	0.02077	0.02577	0.41858	0.05735	0.02965	0.02065	0.02161	0.01276	0.01549	0.01075	0.00864	0.00880	0.00228	0.06821	0.00565	0.00412	0.00993
26	0.01071	0.00817	0.01208	0.01302	0.01399	0.00763	0.04600	0.01250	0.01613	0.02154	0.04399	0.66050	0.05232	0.02485	0.01055	0.00334	0.00539	0.02276	0.00749	0.00702
27	0.01618	0.01076	0.01311	0.01301	0.01522	0.01065	0.00946	0.12561	0.02091	0.07871	0.04231	0.48793	0.07993	0.02155	0.00996	0.00312	0.00575	0.01910	0.00803	0.00870
28	0.01969	0.26256	0.25420	0.02758	0.16672	0.02416	0.08502	0.02568	0.01783	0.02423	0.01412	0.01727	0.01136	0.00743	0.00729	0.00232	0.01078	0.00622	0.00373	0.01181
29	0.09306	0.15919	0.05412	0.06382	0.02334	0.01757	0.09536	0.02088	0.01812	0.02660	0.17282	0.03103	0.02944	0.01798	0.10639	0.00403	0.01017	0.00887	0.03797	0.00923
30	0.02512	0.03190	0.14062	0.02873	0.14410	0.26018	0.10543	0.11296	0.02328	0.02796	0.01525	0.01817	0.01186	0.00821	0.00813	0.00243	0.01263	0.00678	0.00467	0.01158
31	0.02243	0.10019	0.02987	0.06263	0.02909	0.16403	0.17063	0.12726	0.02317	0.02774	0.02795	0.02975	0.12804	0.01048	0.00845	0.00249	0.01087	0.00908	0.00545	0.01041

[dist]
# distance from previous block
# <min> <max>
0	78

[block]
# block no. 2 follows, 22 sequences, length 32
# corresponding to MSA columns:
# 168-199
name=unknown_C
#
# <colnr> <probs for GDERKNQSTAVLIFYWHMCP>
#	G	D	E	R	K	N	Q	S	T	A	V	L	I	F	Y	W	H	M	C	P
0	0.02616	0.01852	0.02113	0.12031	0.02720	0.07816	0.01498	0.20745	0.02525	0.17887	0.02551	0.02702	0.05696	0.01651	0.08473	0.00382	0.04062	0.00828	0.00700	0.01152
1	0.05480	0.28469	0.02816	0.01508	0.02045	0.09192	0.01290	0.19218	0.02313	0.03001	0.01695	0.02150	0.01467	0.08959	0.01070	0.00279	0.00899	0.00653	0.06438	0.01057
2	0.11387	0.02827	0.02704	0.02192	0.02754	0.28717	0.13307	0.17259	0.02495	0.03114	0.01557	0.01821	0.01213	0.01085	0.03711	0.00289	0.01272	0.00678	0.00534	0.01084
3	0.02370	0.20299	0.02521	0.01592	0.02123	0.12434	0.01319	0.03415	0.25440	0.10054	0.02888	0.02773	0.07269	0.01048	0.00759	0.00241	0.00836	0.00804	0.00666	0.01153
4	0.01825	0.07081	0.22614	0.16018	0.23393	0.02087	0.02504	0.02424	0.01719	0.02441	0.01442	0.01919	0.01152	0.00854	0.01017	0.00267	0.09039	0.00680	0.00375	0.01149
5	0.02681	0.32178	0.03218	0.01820	0.02368	0.32411	0.01534	0.07696	0.02152	0.02256	0.01278	0.01482	0.01097	0.00831	0.00748	0.00208	0.04053	0.00522	0.00427	0.01040
6	0.01782	0.01721	0.02920	0.11554	0.40515	0.01724	0.07669	0.02247	0.01871	0.02549	0.02891	0.03242	0.13676	0.01011	0.00869	0.00260	0.00929	0.00958	0.00477	0.01133
7	0.01252	0.00853	0.01140	0.01140	0.01280	0.00938	0.00851	0.01517	0.01417	0.02118	0.02628	0.03757	0.04763	0.15043	0.42088	0.00990	0.01577	0.00951	0.14988	0.00710
8	0.01167	0.00788	0.00918	0.00958	0.00968	0.00778	0.00559	0.01197	0.01288	0.01717	0.03026	0.18951	0.03536	0.56586	0.03568	0.00708	0.00738	0.01449	0.00559	0.00539
9	0.01221	0.00843	0.01097	0.01097	0.01180	0.00912	0.00759	0.01386	0.01304	0.01861	0.02441	0.04261	0.02519	0.35864	0.33542	0.01011	0.01440	0.01030	0.05597	0.00633
10	0.01063	0.00782	0.00975	0.01054	0.01177	0.00717	0.00729	0.01271	0.01808	0.02410	0.20432	0.38167	0.16493	0.07411	0.01264	0.00343	0.00473	0.01950	0.00787	0.00694
11	0.02450	0.01405	0.01622	0.01331	0.01828	0.01349	0.01071	0.16099	0.04795	0.24879	0.05032	0.04700	0.27005	0.01452	0.00893	0.00266	0.00638	0.01184	0.00876	0.01127
12	0.01208	0.00805	0.00906	0.00906	0.00906	0.00805	0.00503	0.01208	0.01208	0.01611	0.02618	0.05436	0.03020	0.70804	0.04228	0.00805	0.00805	0.01208	0.00503	0.00503
13	0.01299	0.00978	0.01200	0.01150	0.01358	0.00974	0.00847	0.01942	0.11877	0.03095	0.44145	0.13132	0.06404	0.06438	0.01190	0.00311	0.00472	0.01494	0.00859	0.00835
14	0.02065	0.01802	0.02016	0.02004	0.07993	0.02058	0.01428	0.04243	0.58402	0.03405	0.03214	0.03004	0.02424	0.01092	0.00843	0.00279	0.00688	0.00921	0.00805	0.01315
15	0.01208	0.00805	0.00906	0.00906	0.00906	0.00805	0.00503	0.01208	0.01208	0.01611	0.02618	0.05436	0.03020	0.70804	0.04228	0.00805	0.00805	0.01208	0.00503	0.00503
16	0.01025	0.00843	0.00902	0.00887	0.01149	0.00720	0.00666	0.01277	0.01997	0.02489	0.21178	0.07593	0.52370	0.02013	0.00981	0.00276	0.00414	0.01697	0.00804	0.00720
17	0.01208	0.00805	0.00906	0.00906	0.00906	0.00805	0.00503	0.01208	0.01208	0.01611	0.02618	0.05436	0.03020	0.70804	0.04228	0.00805	0.00805	0.01208	0.00503	0.00503
18	0.03040	0.03593	0.02340	0.02079	0.02541	0.54331	0.01582	0.11344	0.06784	0.02559	0.01522	0.01674	0.01216	0.00893	0.00767	0.00223	0.01363	0.00591	0.00510	0.01047
19	0.01391	0.01020	0.01241	0.01271	0.01468	0.01039	0.00917	0.02101	0.16269	0.05088	0.15990	0.39735	0.05133	0.02026	0.00986	0.00307	0.00514	0.01808	0.00826	0.00872
20	0.01666	0.04297	0.66500	0.02368	0.03596	0.01929	0.03069	0.02631	0.01754	0.02631	0.01491	0.01754	0.01052	0.00789	0.00789	0.00263	0.01228	0.00614	0.00351	0.01228
21	0.02678	0.03088	0.01922	0.01767	0.02131	0.49230	0.01325	0.02939	0.02187	0.02324	0.01674	0.01935	0.01360	0.00887	0.00703	0.00208	0.01194	0.00600	0.20935	0.00911
22	0.15612	0.12961	0.45931	0.02003	0.03028	0.02103	0.02443	0.02576	0.01682	0.02741	0.01383	0.01622	0.01026	0.00775	0.00703	0.00250	0.01073	0.00560	0.00382	0.01145
23	0.01094	0.00772	0.01004	0.01112	0.01162	0.00767	0.00735	0.01221	0.01443	0.01947	0.03666	0.41716	0.04275	0.22537	0.11997	0.00621	0.00837	0.01812	0.00646	0.00636
24	0.01004	0.00791	0.00895	0.00974	0.01147	0.00695	0.00683	0.01178	0.01739	0.02166	0.06588	0.33534	0.38001	0.05240	0.01153	0.00326	0.00462	0.01981	0.00760	0.00682
25	0.02082	0.02028	0.02507	0.28501	0.20147	0.14520	0.02009	0.02507	0.01925	0.06436	0.02216	0.02605	0.07115	0.00942	0.00827	0.00256	0.01063	0.00799	0.00471	0.01045
26	0.02093	0.20130	0.03151	0.26345	0.17699	0.12766	0.02019	0.02505	0.01831	0.02197	0.01381	0.01835	0.01137	0.00783	0.00738	0.00234	0.01086	0.00630	0.00384	0.01055
27	0.16325	0.02749	0.02812	0.02658	0.12630	0.27213	0.13506	0.07596	0.02153	0.02828	0.01437	0.01742	0.01141	0.00803	0.00769	0.00243	0.01195	0.00655	0.00472	0.01073
28	0.02428	0.02499	0.02278	0.05281	0.17203	0.27426	0.01640	0.08894	0.02219	0.02718	0.01735	0.02083	0.01404	0.01104	0.03740	0.00274	0.01130	0.00674	0.14224	0.01046
29	0.01746	0.04482	0.10231	0.07414	0.19723	0.01890	0.09127	0.02166	0.01637	0.02301	0.01931	0.02779	0.04348	0.11936	0.01728	0.00363	0.13903	0.00859	0.00422	0.01015
30	0.12909	0.00995	0.01171	0.01198	0.01405	0.01000	0.00906	0.01769	0.01715	0.07641	0.10449	0.21353	0.04166	0.14636	0.01555	0.00407	0.00638	0.14601	0.00718	0.00769
31	0.02185	0.01336	0.01598	0.01398	0.01772	0.01355	0.01074	0.12302	0.12219	0.17582	0.15289	0.16700	0.03882	0.06011	0.01129	0.00312	0.00634	0.01289	0.00861	0.01073

[dist]
# distance from previous block
# <min> <max>
17	32

[block]
# block no. 3 follows, 22 sequences, length 7
# corresponding to MSA columns:
# 233-239
name=unknown_D
#
# <colnr> <probs for GDERKNQSTAVLIFYWHMCP>
#	G	D	E	R	K	N	Q	S	T	A	V	L	I	F	Y	W	H	M	C	P
0	0.01982	0.09502	0.20594	0.01919	0.02490	0.18006	0.01878	0.02408	0.01822	0.02226	0.02533	0.02750	0.12241	0.01161	0.01178	0.00266	0.14808	0.00799	0.00446	0.00992
1	0.02538	0.03232	0.20838	0.02623	0.13245	0.18255	0.02170	0.21122	0.02579	0.03291	0.01605	0.01814	0.01210	0.00861	0.00798	0.00244	0.01159	0.00656	0.00526	0.01233
2	0.10669	0.01682	0.02166	0.08765	0.17665	0.01831	0.01601	0.12708	0.13910	0.03365	0.09421	0.07912	0.02561	0.01121	0.00830	0.00266	0.00777	0.00957	0.00656	0.01136
3	0.01941	0.25187	0.03410	0.09721	0.02975	0.02298	0.16358	0.05585	0.09022	0.02526	0.02618	0.02811	0.10158	0.00976	0.00789	0.00244	0.00949	0.00862	0.00510	0.01058
4	0.07615	0.07419	0.10030	0.02839	0.21957	0.18474	0.01915	0.02860	0.09030	0.02601	0.01835	0.06449	0.01594	0.00944	0.00776	0.00246	0.01041	0.00763	0.00486	0.01126
5	0.19459	0.01746	0.12472	0.01632	0.06114	0.01373	0.01357	0.02218	0.04215	0.08780	0.03056	0.21677	0.06969	0.04154	0.00957	0.00304	0.00718	0.01211	0.00632	0.00957
6	0.10015	0.02491	0.14622	0.10726	0.24217	0.09375	0.02160	0.02826	0.06358	0.06964	0.01710	0.02006	0.01308	0.00824	0.00779	0.00254	0.01026	0.00683	0.00480	0.01176

[dist]
# distance from previous block
# <min> <max>
9	42

[block]
# block no. 4 follows, 22 sequences, length 27
# corresponding to MSA columns:
# 285-311
name=unknown_E
#
# <colnr> <probs for GDERKNQSTAVLIFYWHMCP>
#	G	D	E	R	K	N	Q	S	T	A	V	L	I	F	Y	W	H	M	C	P
0	0.01996	0.01947	0.06443	0.02656	0.21089	0.05727	0.01705	0.12776	0.10174	0.03040	0.02906	0.17121	0.06185	0.01326	0.00881	0.00272	0.00837	0.01155	0.00635	0.01131
1	0.02263	0.22658	0.13394	0.01796	0.02417	0.18943	0.01669	0.06601	0.09515	0.02494	0.01935	0.09162	0.01743	0.01034	0.00744	0.00235	0.01030	0.00782	0.00507	0.01076
2	0.02035	0.02314	0.13328	0.02494	0.03187	0.01974	0.25560	0.16585	0.02283	0.03134	0.02096	0.10859	0.01836	0.01305	0.03947	0.00328	0.04032	0.01030	0.00550	0.01124
3	0.02352	0.10574	0.02703	0.02506	0.15839	0.13377	0.01698	0.15956	0.02281	0.02919	0.01804	0.08720	0.01656	0.01089	0.01037	0.00253	0.09741	0.00824	0.00535	0.04136
4	0.01568	0.01377	0.01613	0.06705	0.05772	0.05360	0.01212	0.02247	0.13557	0.02660	0.13084	0.18508	0.09240	0.01583	0.01056	0.00285	0.06323	0.01333	0.05599	0.00916
5	0.01839	0.01903	0.02672	0.08173	0.02742	0.09786	0.15515	0.02134	0.01581	0.02075	0.01646	0.02769	0.01585	0.17567	0.02271	0.00423	0.23156	0.00877	0.00418	0.00869
6	0.01937	0.23810	0.02530	0.01454	0.01973	0.10383	0.01222	0.02356	0.05807	0.02250	0.01805	0.06132	0.01663	0.01888	0.13238	0.00404	0.01113	0.00701	0.00472	0.18863
7	0.05867	0.02252	0.02489	0.10604	0.02964	0.21288	0.11907	0.02925	0.02070	0.17377	0.02238	0.10304	0.01865	0.01073	0.00847	0.00260	0.01084	0.00924	0.00606	0.01054
8	0.02987	0.03420	0.02292	0.02012	0.02482	0.49500	0.01541	0.15967	0.02659	0.02733	0.01868	0.01998	0.05030	0.00962	0.00781	0.00226	0.01308	0.00654	0.00535	0.01044
9	0.01269	0.01029	0.01391	0.01669	0.12179	0.00962	0.01009	0.01571	0.01976	0.02665	0.28414	0.08487	0.22148	0.10006	0.01348	0.00333	0.00555	0.01442	0.00733	0.00814
10	0.01196	0.00816	0.00982	0.00990	0.01018	0.00840	0.00606	0.01253	0.01246	0.01687	0.02634	0.07823	0.02964	0.56857	0.14918	0.00876	0.01034	0.01203	0.00505	0.00551
11	0.01869	0.17065	0.39207	0.02826	0.17985	0.02210	0.02619	0.02583	0.01773	0.02516	0.01441	0.01742	0.01117	0.00762	0.00746	0.00242	0.01103	0.00610	0.00366	0.01216
12	0.02097	0.02159	0.03675	0.04537	0.47131	0.06000	0.16843	0.02623	0.01936	0.02660	0.01574	0.02066	0.01288	0.00738	0.00856	0.00253	0.01117	0.00785	0.00414	0.01248
13	0.01065	0.00828	0.00865	0.00865	0.01043	0.00739	0.00584	0.01198	0.01643	0.02013	0.06296	0.07060	0.42520	0.27222	0.02169	0.00472	0.00561	0.01554	0.00673	0.00629
14	0.02221	0.71304	0.04353	0.01421	0.02132	0.03287	0.01421	0.02488	0.01688	0.01955	0.01155	0.01333	0.01066	0.00711	0.00533	0.00178	0.00888	0.00444	0.00355	0.01066
15	0.01188	0.01109	0.05375	0.01218	0.01514	0.00886	0.01064	0.01543	0.01982	0.02569	0.17867	0.07701	0.28904	0.02003	0.01026	0.00311	0.00586	0.21613	0.00770	0.00774
16	0.01006	0.00748	0.00938	0.01089	0.01187	0.00680	0.00741	0.01164	0.01656	0.02147	0.05402	0.56897	0.18328	0.02496	0.01043	0.00325	0.00469	0.02231	0.00771	0.00680
17	0.01028	0.00849	0.00906	0.00909	0.01173	0.00727	0.00693	0.01272	0.01953	0.02398	0.15457	0.07848	0.54291	0.02063	0.00991	0.00284	0.00438	0.05212	0.00789	0.00716
18	0.02056	0.01974	0.03372	0.05099	0.65622	0.01974	0.02550	0.02550	0.01892	0.02714	0.01563	0.02056	0.01316	0.00740	0.00822	0.00247	0.00987	0.00740	0.00411	0.01316
19	0.02301	0.02319	0.02362	0.23829	0.06030	0.18814	0.01813	0.10724	0.15528	0.02809	0.01892	0.02173	0.01451	0.00941	0.00880	0.00260	0.03502	0.00730	0.00547	0.01095
20	0.02129	0.01098	0.01350	0.01169	0.01575	0.00968	0.00917	0.02487	0.04610	0.27544	0.12828	0.09321	0.27369	0.01623	0.00923	0.00272	0.00543	0.01367	0.00893	0.01014
21	0.01280	0.01059	0.01155	0.01133	0.01434	0.01035	0.00884	0.01990	0.15298	0.02649	0.12554	0.06940	0.38253	0.01878	0.00974	0.00292	0.00513	0.09029	0.00801	0.00850
22	0.02166	0.53552	0.08024	0.01585	0.02228	0.07248	0.01553	0.02473	0.01724	0.02060	0.03609	0.01600	0.01325	0.00830	0.00778	0.00206	0.07086	0.00527	0.00382	0.01045
23	0.01303	0.00935	0.01155	0.01233	0.01357	0.00929	0.00853	0.09075	0.01857	0.02479	0.04090	0.56296	0.04772	0.07876	0.01285	0.00364	0.00563	0.02062	0.00757	0.00756
24	0.02028	0.06914	0.37232	0.02959	0.18678	0.12897	0.02618	0.02718	0.01884	0.02519	0.01458	0.01766	0.01121	0.00784	0.00778	0.00247	0.01197	0.00624	0.00379	0.01198
25	0.06121	0.00961	0.01077	0.01003	0.01316	0.00861	0.00768	0.01734	0.02024	0.10995	0.20691	0.09091	0.36710	0.01803	0.00936	0.00274	0.00468	0.01517	0.00823	0.00826
26	0.02522	0.02742	0.06537	0.02260	0.10550	0.24315	0.01660	0.15457	0.04938	0.03018	0.01872	0.02041	0.03698	0.00883	0.00768	0.00218	0.01063	0.00666	0.00547	0.14247

[dist]
# distance from previous block
# <min> <max>
4	17

[block]
# block no. 5 follows, 22 sequences, length 23
# corresponding to MSA columns:
# 329-351
name=unknown_F
#
# <colnr> <probs for GDERKNQSTAVLIFYWHMCP>
#	G	D	E	R	K	N	Q	S	T	A	V	L	I	F	Y	W	H	M	C	P
0	0.02883	0.11541	0.08395	0.02024	0.02611	0.39225	0.01709	0.16730	0.02576	0.02808	0.01449	0.01615	0.01146	0.00865	0.00746	0.00222	0.01269	0.00580	0.00504	0.01102
1	0.01681	0.02549	0.25579	0.03016	0.25965	0.01676	0.02260	0.02365	0.04348	0.02668	0.06354	0.03242	0.12632	0.01062	0.00848	0.00261	0.00930	0.00919	0.00497	0.01149
2	0.01149	0.00792	0.00912	0.00950	0.00984	0.00770	0.00568	0.01196	0.01344	0.01768	0.03515	0.18570	0.08951	0.51221	0.03314	0.00666	0.00707	0.01485	0.00580	0.00555
3	0.01419	0.00930	0.01129	0.01164	0.01378	0.00871	0.00838	0.01799	0.07388	0.09812	0.05281	0.40660	0.19825	0.02159	0.00995	0.00309	0.00509	0.01901	0.00808	0.00826
4	0.02762	0.02635	0.02362	0.04689	0.06733	0.23868	0.01613	0.29155	0.02853	0.03476	0.01739	0.01999	0.01363	0.01576	0.09069	0.00373	0.01283	0.00694	0.00604	0.01155
5	0.01269	0.00855	0.01133	0.01162	0.01288	0.00936	0.00866	0.01539	0.01494	0.02273	0.02861	0.18521	0.02868	0.06340	0.29562	0.00746	0.03943	0.01201	0.20413	0.00732
6	0.01888	0.01802	0.03068	0.27118	0.44919	0.01930	0.02466	0.02402	0.01812	0.02510	0.01533	0.02111	0.01244	0.00771	0.00825	0.00257	0.01029	0.00740	0.00397	0.01180
7	0.01066	0.00839	0.00977	0.01063	0.01271	0.00751	0.00817	0.01299	0.01829	0.02269	0.06669	0.22489	0.38528	0.02259	0.01036	0.00316	0.00509	0.14536	0.00770	0.00709
8	0.01267	0.00847	0.01121	0.01121	0.01245	0.00930	0.00821	0.01515	0.01391	0.02099	0.02415	0.03724	0.02303	0.19859	0.39186	0.00977	0.01520	0.00939	0.16027	0.00694
9	0.11363	0.01385	0.01648	0.01370	0.01854	0.01369	0.01098	0.06083	0.11320	0.30101	0.19409	0.03550	0.03494	0.01189	0.00837	0.00261	0.00619	0.00978	0.00901	0.01172
10	0.01132	0.00801	0.01008	0.01058	0.01130	0.00798	0.00701	0.01270	0.01481	0.02001	0.09078	0.24063	0.07505	0.30347	0.13261	0.00679	0.00887	0.01547	0.00623	0.00629
11	0.01222	0.00942	0.01402	0.01382	0.01522	0.01122	0.01082	0.01512	0.01332	0.01932	0.02162	0.03183	0.02022	0.05965	0.63911	0.01281	0.05952	0.00881	0.00441	0.00751
12	0.19466	0.01587	0.01685	0.01382	0.01874	0.01684	0.01120	0.22251	0.02596	0.13797	0.14652	0.02915	0.02740	0.01088	0.00767	0.00250	0.00669	0.00846	0.07520	0.01113
13	0.01382	0.00900	0.01011	0.00952	0.01193	0.00798	0.00680	0.01566	0.01810	0.09698	0.11382	0.06547	0.36152	0.20172	0.01826	0.00415	0.00554	0.01478	0.00743	0.00740
14	0.01357	0.01079	0.01263	0.01317	0.01544	0.01118	0.00992	0.02174	0.19419	0.02581	0.04811	0.31946	0.13900	0.02058	0.01001	0.00320	0.00566	0.10887	0.00791	0.00875
15	0.01931	0.02699	0.22638	0.04148	0.42104	0.01970	0.07317	0.02583	0.01855	0.02685	0.01550	0.01979	0.01232	0.00752	0.00824	0.00254	0.01092	0.00720	0.00394	0.01274
16	0.01208	0.00805	0.00906	0.00906	0.00906	0.00805	0.00503	0.01208	0.01208	0.01611	0.02618	0.05436	0.03020	0.70804	0.04228	0.00805	0.00805	0.01208	0.00503	0.00503
17	0.01051	0.00836	0.00943	0.00933	0.01169	0.00728	0.00693	0.01320	0.02032	0.02612	0.27782	0.11500	0.41471	0.01997	0.00986	0.00278	0.00415	0.01707	0.00821	0.00728
18	0.01203	0.00824	0.01001	0.01001	0.01034	0.00857	0.00622	0.01269	0.01236	0.01681	0.02531	0.04954	0.02811	0.56481	0.18265	0.00923	0.01120	0.01138	0.00490	0.00556
19	0.01497	0.01163	0.01480	0.01424	0.01574	0.01309	0.01070	0.05903	0.05753	0.04530	0.05624	0.32587	0.07784	0.06023	0.04714	0.00398	0.14063	0.01586	0.00683	0.00836
20	0.00999	0.00773	0.00912	0.01023	0.01170	0.00686	0.00712	0.01172	0.01719	0.02173	0.06203	0.43906	0.30803	0.02392	0.01027	0.00313	0.00456	0.02104	0.00771	0.00686
21	0.02355	0.01784	0.01974	0.01671	0.02133	0.01973	0.01323	0.33974	0.15228	0.03997	0.02795	0.15655	0.02490	0.01779	0.06518	0.00365	0.00890	0.01113	0.00790	0.01192
22	0.02028	0.02548	0.12721	0.03798	0.24943	0.06363	0.29937	0.02662	0.01935	0.02633	0.01588	0.02062	0.01238	0.00736	0.00885	0.00262	0.01243	0.00819	0.00408	0.01191

[dist]
# distance from previous block
# <min> <max>
0	2

[block]
# block no. 6 follows, 22 sequences, length 26
# corresponding to MSA columns:
# 354-379
name=unknown_G
#
# <colnr> <probs for GDERKNQSTAVLIFYWHMCP>
#	G	D	E	R	K	N	Q	S	T	A	V	L	I	F	Y	W	H	M	C	P
0	0.02184	0.16042	0.05887	0.01422	0.01894	0.11338	0.01236	0.13339	0.02207	0.03025	0.02078	0.05508	0.01731	0.00974	0.00677	0.00215	0.00800	0.00736	0.27709	0.00999
1	0.01666	0.05879	0.30232	0.01749	0.02640	0.01562	0.01925	0.02284	0.01695	0.02558	0.01545	0.01877	0.01232	0.01276	0.07595	0.00312	0.01063	0.00584	0.00419	0.31905
2	0.02169	0.02489	0.07699	0.03549	0.22925	0.11025	0.23369	0.05403	0.02006	0.02647	0.01538	0.02001	0.01230	0.00822	0.01040	0.00266	0.07447	0.00787	0.00428	0.01161
3	0.01455	0.00981	0.01174	0.01163	0.01460	0.00900	0.00941	0.01839	0.04798	0.09613	0.11537	0.07425	0.33218	0.01957	0.01006	0.00305	0.00558	0.18020	0.00814	0.00834
4	0.33606	0.01973	0.01964	0.05859	0.02375	0.02233	0.01343	0.33855	0.02726	0.04409	0.01613	0.01741	0.01180	0.00893	0.00699	0.00254	0.00814	0.00623	0.00670	0.01168
5	0.09761	0.01936	0.03150	0.04685	0.59012	0.01962	0.02379	0.02538	0.01842	0.02819	0.01521	0.01983	0.01273	0.00743	0.00791	0.00248	0.00951	0.00710	0.00422	0.01273
6	0.01443	0.01343	0.02081	0.01780	0.01983	0.01534	0.10658	0.01702	0.01528	0.02111	0.03186	0.13147	0.12636	0.09175	0.10679	0.00506	0.21937	0.01237	0.00522	0.00812
7	0.01193	0.00864	0.01205	0.01205	0.01308	0.00968	0.00876	0.01400	0.01297	0.01832	0.02344	0.03922	0.02363	0.25798	0.48335	0.01175	0.01795	0.00986	0.00463	0.00670
8	0.01628	0.01245	0.01518	0.01402	0.01575	0.01383	0.01041	0.13867	0.02018	0.02763	0.09748	0.25845	0.03751	0.15865	0.01902	0.00410	0.11061	0.01458	0.00683	0.00837
9	0.02056	0.01974	0.03372	0.05099	0.65622	0.01974	0.02550	0.02550	0.01892	0.02714	0.01563	0.02056	0.01316	0.00740	0.00822	0.00247	0.00987	0.00740	0.00411	0.01316
10	0.01504	0.01362	0.02031	0.15528	0.02619	0.01775	0.01594	0.01810	0.01378	0.01995	0.01641	0.02500	0.01504	0.03311	0.29260	0.00749	0.27399	0.00797	0.00399	0.00842
11	0.01097	0.00849	0.01006	0.01013	0.01236	0.00758	0.00773	0.01392	0.02056	0.02688	0.30046	0.11425	0.32648	0.01996	0.01003	0.00287	0.00449	0.07711	0.00827	0.00739
12	0.01958	0.01874	0.03195	0.17917	0.53570	0.01948	0.02501	0.02464	0.01845	0.02595	0.01545	0.02088	0.01274	0.00758	0.00824	0.00253	0.01011	0.00740	0.00403	0.01237
13	0.02871	0.03619	0.02189	0.01998	0.02410	0.60174	0.01499	0.03085	0.02304	0.02056	0.02063	0.02208	0.08087	0.00992	0.00774	0.00221	0.01380	0.00668	0.00466	0.00934
14	0.01583	0.00964	0.01096	0.00995	0.01345	0.00819	0.00770	0.01833	0.02037	0.15933	0.12379	0.06737	0.46732	0.01839	0.00951	0.00274	0.00479	0.01536	0.00839	0.00860
15	0.01070	0.00757	0.00991	0.01124	0.01173	0.00739	0.00744	0.01201	0.01486	0.01997	0.03938	0.50182	0.04639	0.16825	0.08565	0.00535	0.00728	0.01975	0.00683	0.00647
16	0.01553	0.01726	0.08627	0.01759	0.02121	0.01657	0.07329	0.02220	0.12024	0.02423	0.03790	0.08272	0.18449	0.05547	0.01570	0.00334	0.17897	0.01175	0.00588	0.00937
17	0.01727	0.01440	0.01592	0.01455	0.01785	0.04678	0.01137	0.10564	0.16819	0.02849	0.05661	0.03763	0.11448	0.03273	0.27167	0.00689	0.01308	0.01013	0.00657	0.00976
18	0.01015	0.00790	0.00923	0.01002	0.01171	0.00698	0.00709	0.01215	0.01807	0.02302	0.12584	0.35293	0.32963	0.02282	0.01016	0.00304	0.00445	0.01996	0.00786	0.00698
19	0.01114	0.00850	0.01047	0.01165	0.01352	0.00783	0.00915	0.01367	0.01819	0.02295	0.05994	0.25107	0.28282	0.02304	0.01060	0.00331	0.00557	0.22173	0.00769	0.00716
20	0.03072	0.03271	0.02381	0.02037	0.02551	0.41119	0.01582	0.24634	0.05906	0.03247	0.01640	0.01753	0.01264	0.00920	0.00783	0.00230	0.01249	0.00631	0.00592	0.01141
21	0.01214	0.00976	0.01113	0.01136	0.01405	0.00926	0.00908	0.01721	0.08744	0.02551	0.12482	0.07644	0.36727	0.02007	0.01010	0.00306	0.00535	0.17010	0.00792	0.00793
22	0.02288	0.02828	0.10057	0.03331	0.24932	0.21762	0.11419	0.02769	0.02013	0.02490	0.01481	0.01854	0.01197	0.00764	0.00803	0.00233	0.01200	0.00680	0.00418	0.07479
23	0.01205	0.00968	0.01312	0.01344	0.01410	0.01074	0.00986	0.01403	0.01664	0.02316	0.14902	0.44705	0.05027	0.02205	0.01384	0.00329	0.14435	0.01873	0.00714	0.00742
24	0.24932	0.02272	0.01731	0.01551	0.02003	0.20552	0.01207	0.06644	0.17206	0.03201	0.01956	0.02049	0.01513	0.00917	0.00688	0.00243	0.00878	0.00647	0.08773	0.01036
25	0.01602	0.01344	0.01804	0.05046	0.17140	0.01366	0.01336	0.06400	0.07983	0.02663	0.07597	0.04957	0.18750	0.12927	0.01462	0.00363	0.00730	0.04943	0.00642	0.00947

[dist]
# distance from previous block
# <min> <max>
0	2

[block]
# block no. 7 follows, 22 sequences, length 43
# corresponding to MSA columns:
# 382-424
name=unknown_H
#
# <colnr> <probs for GDERKNQSTAVLIFYWHMCP>
#	G	D	E	R	K	N	Q	S	T	A	V	L	I	F	Y	W	H	M	C	P
0	0.01753	0.01848	0.04798	0.02329	0.08898	0.09807	0.12932	0.02152	0.01661	0.02235	0.01817	0.02525	0.01588	0.03098	0.28603	0.00709	0.08306	0.00817	0.03187	0.00935
1	0.03050	0.08596	0.02535	0.02034	0.02538	0.47655	0.01585	0.17049	0.02664	0.02769	0.01439	0.01601	0.01149	0.00878	0.00752	0.00219	0.01317	0.00578	0.00516	0.01075
2	0.09588	0.19247	0.35449	0.02320	0.07931	0.02255	0.07221	0.02574	0.01731	0.02596	0.01399	0.01677	0.01077	0.00758	0.00719	0.00243	0.01084	0.00597	0.00379	0.01155
3	0.01757	0.01795	0.01724	0.01631	0.01839	0.18812	0.01265	0.02020	0.01599	0.01963	0.01865	0.02654	0.01713	0.04337	0.43462	0.00943	0.08590	0.00780	0.00433	0.00817
4	0.01108	0.00886	0.01004	0.01061	0.01262	0.00827	0.00761	0.01508	0.07873	0.02357	0.08599	0.32895	0.32441	0.02196	0.01000	0.00303	0.00468	0.01912	0.00784	0.00754
5	0.01201	0.00930	0.01113	0.01127	0.01345	0.00891	0.00850	0.01699	0.08416	0.02747	0.26373	0.18891	0.21646	0.01977	0.00998	0.00295	0.00481	0.07398	0.00828	0.00794
6	0.02401	0.07500	0.02630	0.02234	0.07237	0.14488	0.01703	0.17314	0.02215	0.02862	0.01537	0.04639	0.01366	0.01168	0.01511	0.00284	0.26578	0.00745	0.00511	0.01077
7	0.01106	0.00809	0.01060	0.01226	0.01349	0.00763	0.00923	0.01331	0.01728	0.02247	0.05042	0.43580	0.13350	0.02443	0.01076	0.00343	0.00559	0.19591	0.00769	0.00705
8	0.03279	0.01315	0.01784	0.01402	0.01966	0.01144	0.01144	0.03613	0.02373	0.55163	0.14143	0.03420	0.03071	0.01146	0.00861	0.00258	0.00652	0.00952	0.01008	0.01303
9	0.03103	0.03959	0.02354	0.02140	0.02568	0.67469	0.01605	0.03317	0.02354	0.02033	0.01284	0.01498	0.01070	0.00856	0.00749	0.00214	0.01498	0.00535	0.00428	0.00963
10	0.01860	0.01576	0.02328	0.03062	0.31467	0.01594	0.01716	0.02650	0.13724	0.05961	0.16721	0.03660	0.07821	0.01143	0.00874	0.00260	0.00736	0.01028	0.00661	0.01155
11	0.01766	0.01382	0.01471	0.01338	0.01746	0.01460	0.01037	0.03109	0.34661	0.07862	0.05368	0.05018	0.27367	0.01507	0.00899	0.00279	0.00568	0.01254	0.00830	0.01079
12	0.01007	0.00743	0.00943	0.01102	0.01191	0.00679	0.00747	0.01163	0.01643	0.02142	0.05240	0.59536	0.15795	0.02517	0.01047	0.00328	0.00471	0.02257	0.00771	0.00679
13	0.01046	0.00737	0.00954	0.01114	0.01153	0.00697	0.00725	0.01166	0.01525	0.02033	0.04241	0.59095	0.05068	0.14352	0.01606	0.00418	0.00538	0.02163	0.00725	0.00645
14	0.01130	0.00821	0.01055	0.01142	0.01249	0.00815	0.00820	0.01312	0.01543	0.02037	0.04198	0.26180	0.12375	0.18606	0.14083	0.00627	0.00909	0.09783	0.00649	0.00665
15	0.00984	0.00833	0.00851	0.00865	0.01128	0.00699	0.00642	0.01190	0.01871	0.02235	0.08130	0.12632	0.60832	0.02141	0.00988	0.00285	0.00425	0.01799	0.00771	0.00699
16	0.01160	0.00837	0.01096	0.01056	0.01238	0.00773	0.00783	0.01528	0.02277	0.03213	0.59257	0.12470	0.07609	0.01787	0.00988	0.00269	0.00401	0.01586	0.00900	0.00773
17	0.02057	0.07332	0.02236	0.01824	0.02030	0.20527	0.01455	0.02269	0.01637	0.02019	0.01512	0.02234	0.01423	0.06859	0.12151	0.00483	0.26411	0.00713	0.03952	0.00875
18	0.01439	0.01212	0.01295	0.01232	0.01560	0.01257	0.00934	0.02522	0.27069	0.02818	0.10580	0.11960	0.29428	0.01725	0.00934	0.00285	0.00520	0.01463	0.00813	0.00954
19	0.02971	0.03738	0.02374	0.02144	0.02528	0.60771	0.01627	0.03181	0.02243	0.02030	0.01264	0.01531	0.01072	0.00918	0.00953	0.00229	0.08492	0.00555	0.00421	0.00957
20	0.01370	0.01131	0.01518	0.01405	0.01474	0.01372	0.01063	0.01548	0.01399	0.02002	0.08411	0.03977	0.05113	0.23991	0.19977	0.00741	0.21258	0.01033	0.00498	0.00720
21	0.02087	0.02167	0.02177	0.01853	0.02115	0.17190	0.01469	0.04557	0.01701	0.02222	0.01399	0.02106	0.01323	0.08297	0.01958	0.00325	0.31124	0.00689	0.00435	0.14807
22	0.01626	0.00979	0.01172	0.01094	0.01379	0.00882	0.00815	0.04022	0.02015	0.14407	0.14291	0.18243	0.26744	0.07015	0.01205	0.00322	0.00528	0.01584	0.00822	0.00853
23	0.01034	0.00844	0.00914	0.00897	0.01154	0.00724	0.00673	0.01294	0.02018	0.02539	0.23790	0.07510	0.49727	0.01994	0.00981	0.00275	0.00413	0.01685	0.00810	0.00724
24	0.02056	0.01974	0.03372	0.05099	0.65622	0.01974	0.02550	0.02550	0.01892	0.02714	0.01563	0.02056	0.01316	0.00740	0.00822	0.00247	0.00987	0.00740	0.00411	0.01316
25	0.02190	0.54087	0.15311	0.01647	0.02428	0.08033	0.01730	0.02578	0.01752	0.02082	0.01225	0.01421	0.01064	0.00736	0.00596	0.00196	0.00996	0.00482	0.00360	0.01087
26	0.01813	0.01550	0.01437	0.01351	0.01601	0.13750	0.01033	0.06726	0.01845	0.02538	0.02186	0.02863	0.01885	0.05740	0.27376	0.00679	0.01387	0.00789	0.22613	0.00837
27	0.01666	0.04297	0.66500	0.02368	0.03596	0.01929	0.03069	0.02631	0.01754	0.02631	0.01491	0.01754	0.01052	0.00789	0.00789	0.00263	0.01228	0.00614	0.00351	0.01228
28	0.02001	0.01918	0.03273	0.12289	0.58862	0.01959	0.02522	0.02501	0.01866	0.02647	0.01553	0.02074	0.01292	0.00750	0.00823	0.00250	0.01001	0.00740	0.00406	0.01272
29	0.01575	0.03659	0.54393	0.02123	0.03160	0.01717	0.02646	0.02434	0.01865	0.02761	0.13284	0.02578	0.02309	0.00958	0.00825	0.00263	0.01073	0.00778	0.00455	0.01146
30	0.01208	0.00805	0.00906	0.00906	0.00906	0.00805	0.00503	0.01208	0.01208	0.01611	0.02618	0.05436	0.03020	0.70804	0.04228	0.00805	0.00805	0.01208	0.00503	0.00503
31	0.01155	0.00783	0.00922	0.00974	0.00987	0.00770	0.00576	0.01194	0.01312	0.01749	0.03149	0.22993	0.03690	0.52333	0.03370	0.00679	0.00718	0.01521	0.00576	0.00550
32	0.03103	0.03959	0.02354	0.02140	0.02568	0.67469	0.01605	0.03317	0.02354	0.02033	0.01284	0.01498	0.01070	0.00856	0.00749	0.00214	0.01498	0.00535	0.00428	0.00963
33	0.01208	0.00805	0.00906	0.00906	0.00906	0.00805	0.00503	0.01208	0.01208	0.01611	0.02618	0.05436	0.03020	0.70804	0.04228	0.00805	0.00805	0.01208	0.00503	0.00503
34	0.01043	0.00756	0.00993	0.01171	0.01252	0.00706	0.00819	0.01218	0.01647	0.02168	0.04858	0.59140	0.10068	0.02532	0.01063	0.00338	0.00506	0.08264	0.00771	0.00686
35	0.01192	0.00883	0.01056	0.01047	0.01173	0.00906	0.00718	0.01432	0.04370	0.01928	0.03842	0.05299	0.16657	0.34366	0.20774	0.00809	0.01103	0.01230	0.00563	0.00652
36	0.01150	0.00896	0.01076	0.01166	0.01405	0.00822	0.00965	0.01442	0.01902	0.02358	0.06520	0.08644	0.36739	0.02194	0.01060	0.00329	0.00583	0.29249	0.00768	0.00731
37	0.01961	0.02241	0.04902	0.03501	0.04342	0.02101	0.62605	0.02661	0.01961	0.02661	0.01681	0.02241	0.01261	0.00700	0.00980	0.00280	0.01401	0.00980	0.00420	0.01120
38	0.01012	0.00723	0.00964	0.01157	0.01205	0.00675	0.00771	0.01157	0.01591	0.02121	0.04579	0.70262	0.05495	0.02603	0.01060	0.00337	0.00482	0.02362	0.00771	0.00675
39	0.06541	0.03013	0.02614	0.02647	0.14249	0.37091	0.06429	0.08830	0.02310	0.02664	0.01503	0.01783	0.01210	0.00838	0.00768	0.00230	0.01237	0.00636	0.04337	0.01072
40	0.01813	0.01805	0.03303	0.33802	0.24997	0.01943	0.15485	0.02379	0.01802	0.02433	0.01549	0.02169	0.01209	0.00773	0.00860	0.00268	0.01132	0.00791	0.00394	0.01094
41	0.01884	0.01873	0.02658	0.25159	0.29015	0.09256	0.02133	0.02335	0.01784	0.02323	0.01603	0.02227	0.01334	0.01614	0.10909	0.00418	0.01272	0.00739	0.00404	0.01059
42	0.13206	0.07731	0.10237	0.03355	0.32262	0.14550	0.02103	0.02685	0.01878	0.02667	0.01411	0.01757	0.01159	0.00770	0.00738	0.00239	0.01054	0.00622	0.00418	0.01158

[dist]
# distance from previous block
# <min> <max>
0	3

[block]
# block no. 8 follows, 22 sequences, length 72
# corresponding to MSA columns:
# 428-499
name=unknown_I
#
# <colnr> <probs for GDERKNQSTAVLIFYWHMCP>
#	G	D	E	R	K	N	Q	S	T	A	V	L	I	F	Y	W	H	M	C	P
0	0.02065	0.01722	0.06408	0.01543	0.01984	0.01637	0.01307	0.27857	0.02671	0.03611	0.06816	0.12309	0.07398	0.07651	0.01203	0.00326	0.00768	0.07753	0.03932	0.01039
1	0.01452	0.01435	0.01237	0.01306	0.01479	0.14907	0.00922	0.01624	0.01811	0.02126	0.04610	0.43723	0.15972	0.02135	0.00979	0.00300	0.00687	0.01856	0.00698	0.00741
2	0.01820	0.14862	0.06833	0.01988	0.02613	0.01980	0.16859	0.02509	0.09548	0.02595	0.06527	0.02816	0.07481	0.00993	0.00939	0.00242	0.05799	0.00866	0.00527	0.12204
3	0.04906	0.01299	0.01356	0.01248	0.01631	0.01355	0.00964	0.02750	0.28154	0.05742	0.08203	0.05329	0.30665	0.01568	0.00897	0.00278	0.00542	0.01301	0.00809	0.01004
4	0.01044	0.00844	0.00928	0.00907	0.01160	0.00728	0.00680	0.01313	0.02041	0.02594	0.26698	0.07419	0.46784	0.01973	0.00981	0.00274	0.00411	0.01672	0.00818	0.00728
5	0.01794	0.03468	0.42667	0.03052	0.13466	0.01975	0.16480	0.02625	0.01822	0.02651	0.01545	0.01912	0.01141	0.00761	0.00838	0.00264	0.01229	0.00717	0.00376	0.01217
6	0.01848	0.06638	0.23734	0.02995	0.06111	0.02049	0.35953	0.02575	0.01863	0.02592	0.01710	0.04894	0.01365	0.00810	0.00894	0.00270	0.01265	0.00886	0.00410	0.01139
7	0.01461	0.01499	0.01207	0.01166	0.01451	0.14932	0.00868	0.01692	0.02032	0.02334	0.14108	0.10512	0.40080	0.01818	0.00937	0.00268	0.00651	0.01501	0.00717	0.00766
8	0.01085	0.00788	0.00930	0.00993	0.01090	0.00734	0.00652	0.01217	0.01597	0.02083	0.10008	0.29195	0.18330	0.25074	0.02088	0.00474	0.00568	0.01767	0.00695	0.00633
