[name]
unknown

[dist]
# distance from previous block
# <min> <max>
0	9

[block]
# block no. 0 follows, 23 sequences, length 78
# corresponding to MSA columns:
# 9-86
name=unknown_A
#
# <colnr> <probs for GDERKNQSTAVLIFYWHMCP>
#	G	D	E	R	K	N	Q	S	T	A	V	L	I	F	Y	W	H	M	C	P
0	0.01780	0.01064	0.01445	0.01494	0.01778	0.01045	0.01285	0.02255	0.05659	0.14395	0.04036	0.07614	0.04050	0.01946	0.01047	0.00345	0.00731	0.46336	0.00799	0.00896
1	0.02860	0.06486	0.02480	0.02216	0.06544	0.48459	0.01627	0.11122	0.02381	0.02439	0.01347	0.01574	0.01106	0.00875	0.00851	0.00223	0.05356	0.00570	0.00462	0.01023
2	0.02307	0.10256	0.02558	0.01979	0.02262	0.28353	0.01603	0.02517	0.01729	0.02002	0.01169	0.01595	0.01063	0.01063	0.01547	0.00264	0.31390	0.00593	0.00386	0.05365
3	0.01029	0.00804	0.00933	0.00945	0.01150	0.00708	0.00692	0.01284	0.01950	0.02535	0.27372	0.18433	0.35253	0.02006	0.00972	0.00277	0.00412	0.01734	0.00801	0.00708
4	0.03031	0.03867	0.02299	0.02090	0.02508	0.68226	0.01568	0.03240	0.02299	0.01986	0.01254	0.01463	0.01045	0.00836	0.00732	0.00209	0.01463	0.00523	0.00418	0.00941
5	0.00989	0.00706	0.00942	0.01130	0.01177	0.00659	0.00753	0.01130	0.01554	0.02071	0.04472	0.70954	0.05367	0.02542	0.01036	0.00330	0.00471	0.02307	0.00753	0.00659
6	0.22960	0.01074	0.01080	0.01019	0.01297	0.01184	0.00794	0.04712	0.01590	0.02974	0.02016	0.02488	0.01655	0.01994	0.13660	0.05281	0.00836	0.00684	0.31914	0.00788
7	0.02009	0.51951	0.22871	0.01661	0.02505	0.02819	0.01864	0.02471	0.01668	0.02104	0.01225	0.01423	0.01037	0.00717	0.00595	0.00198	0.00966	0.00483	0.00346	0.01088
8	0.01161	0.00830	0.01122	0.01130	0.01213	0.00909	0.00795	0.01329	0.01264	0.01767	0.02418	0.06725	0.02529	0.32067	0.39980	0.01059	0.01552	0.01051	0.00470	0.00629
9	0.48293	0.02084	0.01561	0.01367	0.01869	0.17438	0.01090	0.02830	0.01744	0.13035	0.01479	0.01576	0.01093	0.00812	0.00605	0.00241	0.00835	0.00517	0.00560	0.00971
10	0.01980	0.01899	0.03243	0.08773	0.62847	0.01921	0.02476	0.02466	0.01834	0.02617	0.01521	0.02017	0.01273	0.00728	0.00804	0.00243	0.00971	0.00723	0.00399	0.01263
11	0.03482	0.01346	0.01832	0.01417	0.02017	0.01165	0.01165	0.03800	0.02321	0.62920	0.07205	0.02972	0.02369	0.01046	0.00825	0.00251	0.00671	0.00858	0.00997	0.01342
12	0.02008	0.01928	0.03294	0.04981	0.66422	0.01928	0.02490	0.02490	0.01848	0.02651	0.01526	0.02008	0.01285	0.00723	0.00803	0.00241	0.00964	0.00723	0.00402	0.01285
13	0.01148	0.00829	0.01085	0.01021	0.01212	0.00766	0.00766	0.01531	0.02297	0.03254	0.65994	0.06061	0.07656	0.01659	0.00957	0.00255	0.00383	0.01467	0.00893	0.00766
14	0.01159	0.00869	0.01304	0.01304	0.01449	0.01014	0.01014	0.01449	0.01304	0.01884	0.02173	0.03188	0.02029	0.06086	0.68268	0.01304	0.02173	0.00869	0.00435	0.00724
15	0.01003	0.00717	0.00954	0.01120	0.01180	0.00668	0.00754	0.01165	0.01619	0.02175	0.09884	0.65245	0.05568	0.02464	0.01029	0.00323	0.00463	0.02233	0.00766	0.00668
16	0.01409	0.00705	0.01057	0.01057	0.01057	0.00705	0.00705	0.01057	0.01057	0.01409	0.01409	0.02467	0.01409	0.02819	0.03171	0.76392	0.00705	0.00705	0.00352	0.00352
17	0.02008	0.01928	0.03294	0.04981	0.66422	0.01928	0.02490	0.02490	0.01848	0.02651	0.01526	0.02008	0.01285	0.00723	0.00803	0.00241	0.00964	0.00723	0.00402	0.01285
18	0.02018	0.01743	0.01835	0.01651	0.02110	0.02018	0.01284	0.04312	0.64956	0.03394	0.03303	0.03027	0.02477	0.01101	0.00826	0.00275	0.00642	0.00917	0.00826	0.01284
19	0.01737	0.17832	0.54599	0.02127	0.03224	0.02151	0.02674	0.02542	0.01700	0.02437	0.01390	0.01630	0.01031	0.00755	0.00721	0.00240	0.01133	0.00566	0.00344	0.01167
20	0.02253	0.15684	0.02911	0.21594	0.15416	0.18636	0.01900	0.07932	0.02031	0.02397	0.01396	0.01777	0.01130	0.00793	0.00735	0.00229	0.01097	0.00618	0.00420	0.01053
21	0.02018	0.01743	0.01835	0.01651	0.02110	0.02018	0.01284	0.04312	0.64956	0.03394	0.03303	0.03027	0.02477	0.01101	0.00826	0.00275	0.00642	0.00917	0.00826	0.01284
22	0.02660	0.05505	0.02104	0.01616	0.02123	0.12284	0.01308	0.36801	0.02977	0.03983	0.01967	0.02097	0.01478	0.00933	0.00728	0.00222	0.00858	0.00690	0.18519	0.01148
23	0.01790	0.24558	0.48345	0.02035	0.03083	0.02283	0.02514	0.02528	0.01694	0.02371	0.01358	0.01590	0.01032	0.00748	0.00696	0.00232	0.01100	0.00550	0.00344	0.01152
24	0.01852	0.03186	0.36525	0.03476	0.31122	0.04589	0.02717	0.02562	0.01796	0.02582	0.01479	0.01833	0.01142	0.00752	0.00784	0.00248	0.01106	0.00651	0.00372	0.01227
25	0.00987	0.00712	0.00936	0.01115	0.01173	0.00660	0.00747	0.01132	0.01568	0.02077	0.04652	0.67923	0.08281	0.02519	0.01032	0.00327	0.00468	0.02278	0.00753	0.00660
26	0.01180	0.00787	0.00885	0.00885	0.00885	0.00787	0.00492	0.01180	0.01180	0.01573	0.02557	0.05310	0.02950	0.71483	0.04130	0.00787	0.00787	0.01180	0.00492	0.00492
27	0.01743	0.01547	0.02522	0.02036	0.02422	0.01642	0.18810	0.12818	0.01963	0.02694	0.02351	0.16342	0.02301	0.04839	0.14717	0.00513	0.08090	0.01156	0.00553	0.00940
28	0.01662	0.03624	0.51946	0.02270	0.03185	0.02027	0.02709	0.02424	0.01602	0.02424	0.01364	0.01728	0.01037	0.00925	0.01219	0.00280	0.17480	0.00626	0.00346	0.01125
29	0.01033	0.00825	0.00925	0.00900	0.01142	0.00717	0.00675	0.01308	0.02025	0.02608	0.30839	0.07125	0.43214	0.01900	0.00958	0.00267	0.00400	0.01617	0.00808	0.00717
30	0.03010	0.02135	0.02303	0.01777	0.02396	0.02343	0.01464	0.57030	0.03612	0.07821	0.02050	0.02054	0.01453	0.00974	0.00796	0.00240	0.00851	0.00736	0.05614	0.01340
31	0.02570	0.05923	0.02770	0.02750	0.17676	0.30718	0.07161	0.11272	0.02304	0.02688	0.01525	0.01808	0.01225	0.00815	0.00760	0.00224	0.01167	0.00647	0.04905	0.01090
32	0.02008	0.01928	0.03294	0.04981	0.66422	0.01928	0.02490	0.02490	0.01848	0.02651	0.01526	0.02008	0.01285	0.00723	0.00803	0.00241	0.00964	0.00723	0.00402	0.01285
33	0.01019	0.00814	0.00912	0.00910	0.01138	0.00707	0.00674	0.01272	0.01957	0.02501	0.25282	0.13008	0.42985	0.01980	0.00965	0.00273	0.00408	0.01693	0.00796	0.00707
34	0.01645	0.01557	0.02637	0.54257	0.19985	0.01832	0.02310	0.02172	0.01676	0.02210	0.01462	0.02127	0.01130	0.00790	0.00809	0.00263	0.01054	0.00722	0.00370	0.00992
35	0.06445	0.02830	0.02328	0.01913	0.02470	0.26773	0.01521	0.38566	0.03144	0.03890	0.01654	0.01740	0.01233	0.00913	0.00768	0.00231	0.01092	0.00640	0.00652	0.01195
36	0.00989	0.00706	0.00942	0.01130	0.01177	0.00659	0.00753	0.01130	0.01554	0.02071	0.04472	0.70954	0.05367	0.02542	0.01036	0.00330	0.00471	0.02307	0.00753	0.00659
37	0.01159	0.00869	0.01304	0.01304	0.01449	0.01014	0.01014	0.01449	0.01304	0.01884	0.02173	0.03188	0.02029	0.06086	0.68268	0.01304	0.02173	0.00869	0.00435	0.00724
38	0.23045	0.03453	0.48554	0.01960	0.02961	0.01866	0.02398	0.02517	0.01619	0.02873	0.01364	0.01601	0.00986	0.00766	0.00695	0.00255	0.01037	0.00554	0.00388	0.01108
39	0.01975	0.01983	0.03610	0.04479	0.48705	0.01983	0.16912	0.02491	0.01836	0.02606	0.01532	0.02040	0.01262	0.00746	0.00926	0.00254	0.04258	0.00778	0.00402	0.01222
40	0.00959	0.00822	0.00822	0.00822	0.01096	0.00685	0.00617	0.01165	0.01850	0.02192	0.08220	0.07809	0.66092	0.02055	0.00959	0.00274	0.00411	0.01713	0.00754	0.00685
41	0.03034	0.03792	0.02306	0.02080	0.02509	0.65132	0.01567	0.06087	0.02371	0.02133	0.01287	0.01486	0.01061	0.00843	0.00735	0.00211	0.01436	0.00532	0.00437	0.00961
42	0.01159	0.00869	0.01304	0.01304	0.01449	0.01014	0.01014	0.01449	0.01304	0.01884	0.02173	0.03188	0.02029	0.06086	0.68268	0.01304	0.02173	0.00869	0.00435	0.00724
43	0.02169	0.71972	0.04252	0.01388	0.02083	0.03211	0.01388	0.02430	0.01649	0.01909	0.01128	0.01302	0.01041	0.00694	0.00521	0.00174	0.00868	0.00434	0.00347	0.01041
44	0.02169	0.71972	0.04252	0.01388	0.02083	0.03211	0.01388	0.02430	0.01649	0.01909	0.01128	0.01302	0.01041	0.00694	0.00521	0.00174	0.00868	0.00434	0.00347	0.01041
45	0.00989	0.00706	0.00942	0.01130	0.01177	0.00659	0.00753	0.01130	0.01554	0.02071	0.04472	0.70954	0.05367	0.02542	0.01036	0.00330	0.00471	0.02307	0.00753	0.00659
46	0.01180	0.00787	0.00885	0.00885	0.00885	0.00787	0.00492	0.01180	0.01180	0.01573	0.02557	0.05310	0.02950	0.71483	0.04130	0.00787	0.00787	0.01180	0.00492	0.00492
47	0.01775	0.01775	0.02485	0.02130	0.02130	0.02485	0.01775	0.01953	0.01243	0.01953	0.01065	0.01775	0.01065	0.01420	0.02663	0.00355	0.69998	0.00710	0.00355	0.00888
48	0.01775	0.01775	0.02485	0.02130	0.02130	0.02485	0.01775	0.01953	0.01243	0.01953	0.01065	0.01775	0.01065	0.01420	0.02663	0.00355	0.69998	0.00710	0.00355	0.00888
49	0.01009	0.00721	0.00965	0.01153	0.01209	0.00677	0.00789	0.01165	0.01574	0.02094	0.04461	0.67013	0.05322	0.02523	0.01041	0.00332	0.00488	0.06047	0.00753	0.00665
50	0.01322	0.01110	0.01636	0.04711	0.01805	0.01399	0.01252	0.01597	0.01305	0.01909	0.01877	0.02806	0.01756	0.04735	0.49592	0.01031	0.18147	0.00825	0.00412	0.00771
51	0.28691	0.02879	0.01874	0.01696	0.02147	0.39231	0.01303	0.03040	0.07606	0.02687	0.01395	0.01553	0.01116	0.00831	0.00660	0.00230	0.01100	0.00529	0.00484	0.00950
52	0.01159	0.00869	0.01304	0.01304	0.01449	0.01014	0.01014	0.01449	0.01304	0.01884	0.02173	0.03188	0.02029	0.06086	0.68268	0.01304	0.02173	0.00869	0.00435	0.00724
53	0.00959	0.00822	0.00822	0.00822	0.01096	0.00685	0.00617	0.01165	0.01850	0.02192	0.08220	0.07809	0.66092	0.02055	0.00959	0.00274	0.00411	0.01713	0.00754	0.00685
54	0.02421	0.02629	0.02901	0.03811	0.40791	0.25361	0.02119	0.05693	0.02102	0.02534	0.01450	0.01813	0.01205	0.00775	0.00778	0.00230	0.01137	0.00653	0.00427	0.01168
55	0.01373	0.01184	0.01714	0.01591	0.01685	0.01525	0.01278	0.01624	0.01283	0.01908	0.01789	0.02697	0.01694	0.04466	0.45495	0.00975	0.25716	0.00814	0.00407	0.00781
56	0.00959	0.00822	0.00822	0.00822	0.01096	0.00685	0.00617	0.01165	0.01850	0.02192	0.08220	0.07809	0.66092	0.02055	0.00959	0.00274	0.00411	0.01713	0.00754	0.00685
57	0.03031	0.03867	0.02299	0.02090	0.02508	0.68226	0.01568	0.03240	0.02299	0.01986	0.01254	0.01463	0.01045	0.00836	0.00732	0.00209	0.01463	0.00523	0.00418	0.00941
58	0.15316	0.02047	0.05032	0.01649	0.02226	0.10047	0.05252	0.17372	0.02397	0.18432	0.02491	0.02478	0.06396	0.00981	0.00758	0.00245	0.00856	0.00761	0.04132	0.01132
59	0.03041	0.02251	0.02410	0.01858	0.02500	0.02496	0.01532	0.61265	0.06338	0.05043	0.02004	0.01993	0.01425	0.00979	0.00812	0.00245	0.00883	0.00738	0.00812	0.01376
60	0.02584	0.28104	0.06823	0.01855	0.02398	0.38137	0.01597	0.02853	0.01985	0.01991	0.01212	0.01434	0.01044	0.00808	0.00746	0.00206	0.04343	0.00504	0.00385	0.00989
61	0.03044	0.03490	0.02332	0.02038	0.02510	0.52685	0.01562	0.17543	0.02658	0.02726	0.01418	0.01578	0.01124	0.00869	0.00751	0.00217	0.01328	0.00572	0.00511	0.01045
62	0.01918	0.32415	0.38047	0.01917	0.02871	0.05476	0.02262	0.02542	0.01713	0.02268	0.01310	0.01530	0.01034	0.00742	0.00665	0.00220	0.01073	0.00527	0.00348	0.01122
63	0.00989	0.00706	0.00942	0.01130	0.01177	0.00659	0.00753	0.01130	0.01554	0.02071	0.04472	0.70954	0.05367	0.02542	0.01036	0.00330	0.00471	0.02307	0.00753	0.00659
64	0.01180	0.00787	0.00885	0.00885	0.00885	0.00787	0.00492	0.01180	0.01180	0.01573	0.02557	0.05310	0.02950	0.71483	0.04130	0.00787	0.00787	0.01180	0.00492	0.00492
65	0.00986	0.00717	0.00931	0.01102	0.01170	0.00661	0.00741	0.01133	0.01580	0.02082	0.04809	0.65285	0.10819	0.02498	0.01029	0.00325	0.00465	0.02253	0.00753	0.00661
66	0.01532	0.01442	0.02434	0.69533	0.05589	0.01803	0.02253	0.02073	0.01622	0.02073	0.01442	0.02163	0.01082	0.00811	0.00811	0.00270	0.01082	0.00721	0.00361	0.00901
67	0.01798	0.01413	0.01758	0.01543	0.01805	0.01672	0.01242	0.16462	0.04904	0.02851	0.02374	0.02881	0.05790	0.03002	0.25791	0.00652	0.15266	0.00851	0.07006	0.00939
68	0.01652	0.07302	0.64392	0.02270	0.03446	0.01945	0.02924	0.02563	0.01710	0.02539	0.01441	0.01694	0.01028	0.00767	0.00759	0.00253	0.01184	0.00592	0.00343	0.01192
69	0.04669	0.01499	0.04808	0.02344	0.19898	0.01397	0.01466	0.05990	0.07430	0.02731	0.05481	0.20964	0.08566	0.01451	0.00872	0.00270	0.00700	0.03408	0.00625	0.05432
70	0.01633	0.01402	0.01743	0.01533	0.07629	0.01110	0.01075	0.01980	0.01683	0.02580	0.01793	0.09555	0.01681	0.00832	0.00668	0.00155	0.00619	0.00709	0.00504	0.61116
71	0.01461	0.01146	0.01313	0.01217	0.01537	0.01096	0.00909	0.09673	0.07530	0.02740	0.06519	0.30036	0.16105	0.01773	0.00900	0.00266	0.00546	0.01539	0.00729	0.12965
72	0.04955	0.01235	0.02135	0.04859	0.02223	0.01254	0.18184	0.01877	0.01545	0.02367	0.01925	0.02608	0.01613	0.02238	0.14863	0.14234	0.01119	0.00810	0.19174	0.00783
73	0.07777	0.06254	0.26635	0.01901	0.02661	0.17552	0.01944	0.02708	0.05829	0.02518	0.01466	0.01688	0.01142	0.00808	0.00798	0.00226	0.04377	0.00569	0.00426	0.12721
74	0.01763	0.01128	0.01201	0.01080	0.01364	0.01182	0.00826	0.13329	0.07677	0.03149	0.03095	0.03411	0.09210	0.04083	0.01052	0.06944	0.00546	0.00887	0.37211	0.00864
75	0.02931	0.06038	0.05335	0.01946	0.02501	0.34231	0.01587	0.23693	0.05579	0.06067	0.01673	0.01761	0.01265	0.00893	0.00760	0.00226	0.01161	0.00624	0.00590	0.01140
76	0.17906	0.13513	0.01901	0.04037	0.01863	0.13912	0.01098	0.02209	0.01848	0.04927	0.11942	0.08896	0.10568	0.01220	0.00741	0.00241	0.00766	0.00950	0.00584	0.00877
77	0.02451	0.02688	0.02065	0.01959	0.05130	0.36570	0.01437	0.11392	0.02225	0.02446	0.01733	0.05139	0.01537	0.02183	0.16904	0.00483	0.01483	0.00726	0.00493	0.00955

[dist]
# distance from previous block
# <min> <max>
1	15

[block]
# block no. 1 follows, 23 sequences, length 62
# corresponding to MSA columns:
# 102-163
name=unknown_B
#
# <colnr> <probs for GDERKNQSTAVLIFYWHMCP>
#	G	D	E	R	K	N	Q	S	T	A	V	L	I	F	Y	W	H	M	C	P
0	0.01799	0.05057	0.02389	0.01966	0.06068	0.07140	0.14947	0.02436	0.09835	0.06428	0.17789	0.04074	0.14130	0.01231	0.00884	0.00256	0.00806	0.01116	0.00664	0.00984
1	0.01898	0.23703	0.12485	0.02846	0.20057	0.02235	0.14221	0.02392	0.01782	0.02363	0.01986	0.02280	0.06673	0.00826	0.00756	0.00232	0.01000	0.00748	0.00408	0.01109
2	0.08810	0.02052	0.06129	0.03280	0.20018	0.02089	0.24983	0.02402	0.01687	0.02560	0.01425	0.01947	0.01167	0.00872	0.01255	0.00281	0.16783	0.00777	0.00401	0.01083
3	0.01728	0.13676	0.52430	0.02284	0.05881	0.02105	0.02687	0.02516	0.01687	0.02449	0.01393	0.01670	0.01042	0.00789	0.00828	0.00249	0.04487	0.00586	0.00346	0.01165
4	0.02446	0.50082	0.03624	0.01614	0.02219	0.24108	0.01446	0.02690	0.01858	0.01934	0.01169	0.01354	0.01043	0.00740	0.00588	0.00185	0.01059	0.00462	0.00370	0.01009
5	0.01693	0.05629	0.24230	0.02342	0.02975	0.02022	0.16224	0.02257	0.01578	0.02293	0.01478	0.02019	0.01220	0.01635	0.10397	0.00424	0.19449	0.00740	0.00374	0.01022
6	0.01871	0.01773	0.01673	0.01554	0.01848	0.16190	0.01202	0.07308	0.11187	0.02437	0.02138	0.02675	0.01827	0.03563	0.35124	0.00778	0.01614	0.00784	0.03546	0.00910
7	0.01180	0.00787	0.00885	0.00885	0.00885	0.00787	0.00492	0.01180	0.01180	0.01573	0.02557	0.05310	0.02950	0.71483	0.04130	0.00787	0.00787	0.01180	0.00492	0.00492
8	0.01180	0.00787	0.00885	0.00885	0.00885	0.00787	0.00492	0.01180	0.01180	0.01573	0.02557	0.05310	0.02950	0.71483	0.04130	0.00787	0.00787	0.01180	0.00492	0.00492
9	0.02640	0.11486	0.05944	0.02615	0.16691	0.29952	0.01815	0.14336	0.02377	0.02742	0.01440	0.01668	0.01160	0.00816	0.00739	0.00221	0.01159	0.00599	0.00476	0.01125
10	0.00959	0.00822	0.00822	0.00822	0.01096	0.00685	0.00617	0.01165	0.01850	0.02192	0.08220	0.07809	0.66092	0.02055	0.00959	0.00274	0.00411	0.01713	0.00754	0.00685
11	0.01180	0.00787	0.00885	0.00885	0.00885	0.00787	0.00492	0.01180	0.01180	0.01573	0.02557	0.05310	0.02950	0.71483	0.04130	0.00787	0.00787	0.01180	0.00492	0.00492
12	0.02008	0.01928	0.03294	0.04981	0.66422	0.01928	0.02490	0.02490	0.01848	0.02651	0.01526	0.02008	0.01285	0.00723	0.00803	0.00241	0.00964	0.00723	0.00402	0.01285
13	0.03031	0.03867	0.02299	0.02090	0.02508	0.68226	0.01568	0.03240	0.02299	0.01986	0.01254	0.01463	0.01045	0.00836	0.00732	0.00209	0.01463	0.00523	0.00418	0.00941
14	0.03078	0.01599	0.01965	0.01487	0.02141	0.01472	0.01222	0.17252	0.02523	0.38499	0.02523	0.02335	0.01685	0.00908	0.00767	0.00220	0.00717	0.00722	0.00844	0.18039
15	0.03045	0.03438	0.02336	0.02030	0.02511	0.50548	0.01561	0.19510	0.02707	0.02827	0.01441	0.01594	0.01135	0.00873	0.00753	0.00218	0.01310	0.00579	0.00524	0.01059
16	0.01159	0.00869	0.01304	0.01304	0.01449	0.01014	0.01014	0.01449	0.01304	0.01884	0.02173	0.03188	0.02029	0.06086	0.68268	0.01304	0.02173	0.00869	0.00435	0.00724
17	0.01158	0.00836	0.01098	0.01049	0.01240	0.00776	0.00798	0.01540	0.02271	0.03205	0.62313	0.06246	0.07478	0.01694	0.00967	0.00262	0.00405	0.05017	0.00885	0.00765
18	0.01831	0.01747	0.02973	0.29035	0.43753	0.01881	0.02402	0.02335	0.01764	0.02436	0.01495	0.02066	0.01209	0.00756	0.00806	0.00252	0.01008	0.00722	0.00386	0.01142
19	0.01532	0.01442	0.02434	0.69533	0.05589	0.01803	0.02253	0.02073	0.01622	0.02073	0.01442	0.02163	0.01082	0.00811	0.00811	0.00270	0.01082	0.00721	0.00361	0.00901
20	0.03031	0.03867	0.02299	0.02090	0.02508	0.68226	0.01568	0.03240	0.02299	0.01986	0.01254	0.01463	0.01045	0.00836	0.00732	0.00209	0.01463	0.00523	0.00418	0.00941
21	0.77215	0.01569	0.01193	0.01067	0.01569	0.01820	0.00879	0.02385	0.01381	0.03641	0.01130	0.01318	0.00879	0.00753	0.00502	0.00251	0.00628	0.00439	0.00502	0.00879
22	0.03094	0.02924	0.02342	0.01940	0.02486	0.31462	0.01533	0.33438	0.03057	0.07423	0.01716	0.01783	0.01270	0.00915	0.00777	0.00229	0.01133	0.00644	0.00649	0.01186
23	0.00982	0.00732	0.00915	0.01062	0.01159	0.00665	0.00723	0.01138	0.01619	0.02098	0.05304	0.56940	0.18844	0.02434	0.01019	0.00317	0.00458	0.02175	0.00753	0.00665
24	0.03085	0.02273	0.02435	0.01867	0.02516	0.02516	0.01542	0.63716	0.03815	0.05114	0.01948	0.01948	0.01380	0.00974	0.00812	0.00244	0.00893	0.00731	0.00812	0.01380
25	0.00959	0.00822	0.00822	0.00822	0.01096	0.00685	0.00617	0.01165	0.01850	0.02192	0.08220	0.07809	0.66092	0.02055	0.00959	0.00274	0.00411	0.01713	0.00754	0.00685
26	0.02900	0.10948	0.02645	0.04737	0.02594	0.09091	0.01556	0.47548	0.03305	0.04280	0.01757	0.01830	0.01292	0.00919	0.00768	0.00233	0.00955	0.00673	0.00696	0.01274
27	0.01159	0.00869	0.01304	0.01304	0.01449	0.01014	0.01014	0.01449	0.01304	0.01884	0.02173	0.03188	0.02029	0.06086	0.68268	0.01304	0.02173	0.00869	0.00435	0.00724
28	0.00962	0.00811	0.00833	0.00850	0.01103	0.00683	0.00629	0.01161	0.01822	0.02181	0.07876	0.13607	0.60517	0.02100	0.00966	0.00279	0.00416	0.01767	0.00753	0.00683
29	0.02367	0.56335	0.03804	0.01550	0.02180	0.18138	0.01430	0.02616	0.01798	0.01927	0.01157	0.01339	0.01042	0.00727	0.00569	0.00182	0.01004	0.00454	0.00363	0.01018
30	0.01081	0.00766	0.01020	0.01189	0.01264	0.00735	0.00855	0.01261	0.01589	0.02104	0.04242	0.50251	0.04967	0.09314	0.01362	0.00385	0.00566	0.15662	0.00726	0.00663
31	0.05181	0.01021	0.01185	0.01104	0.01372	0.00985	0.00824	0.05470	0.04734	0.09089	0.23013	0.15195	0.18232	0.07509	0.01183	0.00314	0.00519	0.01442	0.00792	0.00834
32	0.01916	0.37828	0.32826	0.01981	0.05825	0.02547	0.02172	0.02496	0.01688	0.02245	0.01296	0.01522	0.01047	0.00730	0.00648	0.00215	0.01023	0.00523	0.00348	0.01125
33	0.01981	0.01900	0.03244	0.08724	0.62894	0.01921	0.02477	0.02466	0.01835	0.02617	0.01521	0.02017	0.01273	0.00728	0.00804	0.00243	0.00971	0.00723	0.00399	0.01263
34	0.03026	0.02911	0.02183	0.01888	0.02346	0.40229	0.01465	0.09804	0.02375	0.16644	0.01794	0.01899	0.01342	0.01166	0.04091	0.00281	0.04262	0.00635	0.00588	0.01073
35	0.06884	0.00875	0.01013	0.01091	0.01296	0.00828	0.00842	0.01395	0.01776	0.02410	0.10431	0.24129	0.26455	0.02095	0.00981	0.00308	0.00517	0.15218	0.00744	0.00714
36	0.01774	0.02272	0.17180	0.22753	0.32312	0.01847	0.02471	0.02370	0.01746	0.02467	0.01483	0.01974	0.01166	0.00754	0.00790	0.00248	0.01035	0.00685	0.00380	0.04294
37	0.05484	0.00869	0.00986	0.00944	0.01187	0.00795	0.00713	0.01435	0.02065	0.02853	0.39195	0.06483	0.30565	0.01764	0.00931	0.00262	0.00408	0.01506	0.00815	0.00740
38	0.02361	0.56857	0.03819	0.01544	0.02177	0.17639	0.01428	0.02610	0.01793	0.01926	0.01156	0.01338	0.01042	0.00726	0.00567	0.00181	0.01000	0.00454	0.00363	0.01019
39	0.01799	0.01787	0.03236	0.27251	0.26759	0.01862	0.16317	0.02341	0.01774	0.02434	0.01518	0.02085	0.01196	0.00738	0.00829	0.00252	0.01077	0.00762	0.00394	0.05590
40	0.01118	0.00837	0.01056	0.01118	0.01307	0.00775	0.00876	0.01414	0.01943	0.02561	0.24098	0.17717	0.21566	0.02064	0.01016	0.00305	0.00505	0.18207	0.00794	0.00723
41	0.03031	0.03867	0.02299	0.02090	0.02508	0.68226	0.01568	0.03240	0.02299	0.01986	0.01254	0.01463	0.01045	0.00836	0.00732	0.00209	0.01463	0.00523	0.00418	0.00941
42	0.01117	0.00760	0.00904	0.00965	0.00981	0.00745	0.00578	0.01164	0.01303	0.01737	0.03186	0.26885	0.03744	0.48825	0.03113	0.00636	0.00683	0.01550	0.00578	0.00547
43	0.01180	0.00787	0.00885	0.00885	0.00885	0.00787	0.00492	0.01180	0.01180	0.01573	0.02557	0.05310	0.02950	0.71483	0.04130	0.00787	0.00787	0.01180	0.00492	0.00492
44	0.03115	0.02224	0.02405	0.01844	0.02492	0.02444	0.01523	0.60463	0.03734	0.08481	0.02016	0.01992	0.01414	0.00976	0.00812	0.00244	0.00882	0.00735	0.00822	0.01380
45	0.03031	0.03867	0.02299	0.02090	0.02508	0.68226	0.01568	0.03240	0.02299	0.01986	0.01254	0.01463	0.01045	0.00836	0.00732	0.00209	0.01463	0.00523	0.00418	0.00941
46	0.01114	0.00828	0.01036	0.00984	0.01191	0.00751	0.00738	0.01464	0.02214	0.03058	0.55349	0.06383	0.18422	0.01732	0.00957	0.00259	0.00388	0.01513	0.00867	0.00751
47	0.01180	0.00787	0.00885	0.00885	0.00885	0.00787	0.00492	0.01180	0.01180	0.01573	0.02557	0.05310	0.02950	0.71483	0.04130	0.00787	0.00787	0.01180	0.00492	0.00492
48	0.01116	0.00872	0.01040	0.01124	0.01359	0.00797	0.00927	0.01397	0.01858	0.02298	0.06457	0.08413	0.38490	0.02139	0.01032	0.00319	0.00562	0.28337	0.00751	0.00713
49	0.03085	0.02273	0.02435	0.01867	0.02516	0.02516	0.01542	0.63716	0.03815	0.05114	0.01948	0.01948	0.01380	0.00974	0.00812	0.00244	0.00893	0.00731	0.00812	0.01380
50	0.00959	0.00822	0.00822	0.00822	0.01096	0.00685	0.00617	0.01165	0.01850	0.02192	0.08220	0.07809	0.66092	0.02055	0.00959	0.00274	0.00411	0.01713	0.00754	0.00685
51	0.77215	0.01569	0.01193	0.01067	0.01569	0.01820	0.00879	0.02385	0.01381	0.03641	0.01130	0.01318	0.00879	0.00753	0.00502	0.00251	0.00628	0.00439	0.00502	0.00879
52	0.01028	0.00825	0.00918	0.00895	0.01139	0.00715	0.00671	0.01299	0.02013	0.02581	0.29389	0.07169	0.44681	0.01910	0.00958	0.00267	0.00401	0.01623	0.00805	0.00715
53	0.01775	0.01775	0.02485	0.02130	0.02130	0.02485	0.01775	0.01953	0.01243	0.01953	0.01065	0.01775	0.01065	0.01420	0.02663	0.00355	0.69998	0.00710	0.00355	0.00888
54	0.01627	0.04197	0.67279	0.02313	0.03512	0.01884	0.02998	0.02570	0.01713	0.02570	0.01456	0.01713	0.01028	0.00771	0.00771	0.00257	0.01199	0.00600	0.00343	0.01199
55	0.00989	0.00706	0.00942	0.01130	0.01177	0.00659	0.00753	0.01130	0.01554	0.02071	0.04472	0.70954	0.05367	0.02542	0.01036	0.00330	0.00471	0.02307	0.00753	0.00659
56	0.01974	0.01882	0.02527	0.27000	0.18167	0.08513	0.01998	0.09783	0.01944	0.02542	0.01528	0.02079	0.01240	0.01324	0.06726	0.00351	0.08234	0.00714	0.00437	0.01036
57	0.01847	0.31661	0.41739	0.01938	0.02933	0.02422	0.02346	0.02513	0.01687	0.02302	0.01323	0.01546	0.01033	0.00740	0.00669	0.00223	0.01065	0.00532	0.00344	0.01135
58	0.30112	0.18617	0.13807	0.01569	0.02222	0.14053	0.01511	0.02664	0.04388	0.02747	0.01302	0.01483	0.01041	0.00773	0.00609	0.00228	0.00934	0.00502	0.00437	0.01001
59	0.17940	0.34267	0.08813	0.01449	0.02060	0.02410	0.01399	0.02539	0.05371	0.06197	0.01486	0.01694	0.01224	0.01198	0.05837	0.00302	0.03790	0.00546	0.00453	0.01025
60	0.01754	0.04268	0.10019	0.01616	0.02092	0.01310	0.10509	0.02235	0.05461	0.12143	0.08412	0.10513	0.11263	0.13069	0.01428	0.00354	0.00792	0.01180	0.00645	0.00935
61	0.09505	0.10366	0.05531	0.01462	0.01929	0.09092	0.03539	0.02465	0.05565	0.10517	0.15738	0.05935	0.02968	0.04208	0.03871	0.00306	0.00834	0.00902	0.00632	0.04634

[dist]
# distance from previous block
# <min> <max>
7	102

[block]
# block no. 2 follows, 23 sequences, length 70
# corresponding to MSA columns:
# 277-346
name=unknown_C
#
# <colnr> <probs for GDERKNQSTAVLIFYWHMCP>
#	G	D	E	R	K	N	Q	S	T	A	V	L	I	F	Y	W	H	M	C	P
0	0.09516	0.28413	0.12875	0.02251	0.14219	0.12683	0.01785	0.02535	0.01778	0.02340	0.01546	0.01774	0.03589	0.00792	0.00659	0.00216	0.00987	0.00577	0.00399	0.01065
1	0.01971	0.19296	0.24081	0.04854	0.14114	0.02225	0.05721	0.02634	0.05198	0.05733	0.01567	0.01840	0.01222	0.00812	0.00855	0.00243	0.05416	0.00642	0.00420	0.01155
2	0.06598	0.07981	0.06895	0.04896	0.08299	0.07820	0.01465	0.13907	0.08928	0.03045	0.06937	0.03314	0.14330	0.01144	0.00796	0.00247	0.00812	0.00914	0.00619	0.01054
3	0.08965	0.13632	0.06426	0.08776	0.02421	0.05733	0.01465	0.04874	0.05669	0.13338	0.02280	0.06483	0.04763	0.01246	0.03184	0.00291	0.08043	0.00805	0.00572	0.01034
4	0.20344	0.01762	0.04279	0.01262	0.01633	0.14225	0.01022	0.02199	0.01744	0.05062	0.05101	0.03098	0.10093	0.04945	0.06958	0.00357	0.00886	0.00811	0.13378	0.00841
5	0.01207	0.00910	0.00972	0.01024	0.01060	0.04032	0.00630	0.01264	0.01357	0.01757	0.03121	0.26641	0.03649	0.45441	0.02950	0.00609	0.00716	0.01517	0.00574	0.00568
6	0.10138	0.02003	0.01940	0.01816	0.05040	0.16636	0.01338	0.06028	0.01757	0.06456	0.01780	0.06337	0.01703	0.13226	0.01837	0.00365	0.19378	0.00821	0.00503	0.00898
7	0.01789	0.01724	0.02807	0.26796	0.30386	0.02013	0.02243	0.02221	0.01629	0.02288	0.01390	0.02008	0.01164	0.00915	0.01236	0.00278	0.16957	0.00719	0.00377	0.01060
8	0.01356	0.00948	0.01210	0.01282	0.01509	0.00916	0.01047	0.01782	0.05733	0.06005	0.10286	0.15879	0.16686	0.02056	0.01029	0.00326	0.00605	0.29770	0.00781	0.00793
9	0.02072	0.02176	0.02493	0.40676	0.11270	0.19055	0.02057	0.06353	0.01962	0.02308	0.01435	0.01951	0.01114	0.00818	0.00790	0.00250	0.01155	0.00671	0.00409	0.00984
10	0.01745	0.10147	0.41723	0.09886	0.15829	0.02015	0.02661	0.02488	0.01723	0.02468	0.01436	0.01778	0.01085	0.00758	0.00757	0.00247	0.01108	0.00620	0.00356	0.01169
11	0.02154	0.02246	0.03284	0.04396	0.50893	0.11974	0.08093	0.02614	0.01922	0.02545	0.01496	0.01943	0.01244	0.00736	0.00807	0.00239	0.01078	0.00715	0.00405	0.01215
12	0.00996	0.00807	0.00891	0.00947	0.01165	0.00702	0.00707	0.01203	0.01788	0.02187	0.07075	0.21327	0.47732	0.02175	0.00990	0.00295	0.00454	0.07121	0.00753	0.00685
13	0.01263	0.01042	0.01480	0.01859	0.15346	0.00980	0.01106	0.01583	0.01958	0.02664	0.27593	0.18180	0.18399	0.01713	0.00939	0.00271	0.00532	0.01522	0.00729	0.00840
14	0.02494	0.02938	0.02685	0.02742	0.14966	0.37166	0.05567	0.02779	0.01961	0.02146	0.01290	0.01681	0.01108	0.00930	0.01174	0.00251	0.16088	0.00628	0.00401	0.01006
15	0.00989	0.00706	0.00942	0.01130	0.01177	0.00659	0.00753	0.01130	0.01554	0.02071	0.04472	0.70954	0.05367	0.02542	0.01036	0.00330	0.00471	0.02307	0.00753	0.00659
16	0.00981	0.00815	0.00858	0.00863	0.01114	0.00692	0.00641	0.01201	0.01878	0.02297	0.14122	0.11651	0.56007	0.02044	0.00964	0.00276	0.00412	0.01724	0.00768	0.00692
17	0.03034	0.03770	0.02308	0.02077	0.02509	0.64218	0.01566	0.06928	0.02392	0.02177	0.01297	0.01493	0.01066	0.00845	0.00737	0.00211	0.01428	0.00535	0.00442	0.00967
18	0.02390	0.01928	0.02044	0.01726	0.02252	0.02192	0.01374	0.25025	0.43637	0.03994	0.02830	0.02651	0.02094	0.01057	0.00821	0.00264	0.00730	0.00852	0.00821	0.01318
19	0.01197	0.00925	0.01376	0.01354	0.01491	0.01104	0.01061	0.01480	0.01300	0.01888	0.02106	0.03102	0.01970	0.05801	0.64267	0.01246	0.06310	0.00860	0.00430	0.00734
20	0.03031	0.03867	0.02299	0.02090	0.02508	0.68226	0.01568	0.03240	0.02299	0.01986	0.01254	0.01463	0.01045	0.00836	0.00732	0.00209	0.01463	0.00523	0.00418	0.00941
21	0.02525	0.02776	0.02066	0.01842	0.02232	0.36800	0.01425	0.11220	0.08199	0.02692	0.08090	0.02750	0.04549	0.01109	0.00918	0.00244	0.05311	0.03680	0.00580	0.00993
22	0.00962	0.00810	0.00835	0.00855	0.01105	0.00682	0.00631	0.01161	0.01818	0.02179	0.07822	0.14521	0.59637	0.02107	0.00967	0.00280	0.00417	0.01776	0.00753	0.00682
23	0.01316	0.01061	0.01429	0.01347	0.01395	0.01286	0.00997	0.01460	0.01253	0.01792	0.02142	0.06734	0.02287	0.29621	0.24095	0.00821	0.18827	0.01013	0.00451	0.00674
24	0.01180	0.00787	0.00885	0.00885	0.00885	0.00787	0.00492	0.01180	0.01180	0.01573	0.02557	0.05310	0.02950	0.71483	0.04130	0.00787	0.00787	0.01180	0.00492	0.00492
25	0.02518	0.02684	0.02569	0.20278	0.06941	0.29322	0.05572	0.15284	0.02382	0.02726	0.01486	0.01824	0.01148	0.00842	0.00787	0.00238	0.01211	0.00656	0.00482	0.01049
26	0.03031	0.03867	0.02299	0.02090	0.02508	0.68226	0.01568	0.03240	0.02299	0.01986	0.01254	0.01463	0.01045	0.00836	0.00732	0.00209	0.01463	0.00523	0.00418	0.00941
27	0.03033	0.02247	0.02406	0.01856	0.02497	0.02492	0.01530	0.60821	0.06795	0.05030	0.02014	0.02001	0.01433	0.00980	0.00812	0.00245	0.00881	0.00740	0.00812	0.01375
28	0.01513	0.00756	0.00756	0.00756	0.00945	0.00756	0.00567	0.01891	0.01702	0.03025	0.02647	0.03025	0.02080	0.00945	0.00567	0.00189	0.00378	0.00756	0.75988	0.00756
29	0.01148	0.00829	0.01085	0.01021	0.01212	0.00766	0.00766	0.01531	0.02297	0.03254	0.65994	0.06061	0.07656	0.01659	0.00957	0.00255	0.00383	0.01467	0.00893	0.00766
30	0.01180	0.00787	0.00885	0.00885	0.00885	0.00787	0.00492	0.01180	0.01180	0.01573	0.02557	0.05310	0.02950	0.71483	0.04130	0.00787	0.00787	0.01180	0.00492	0.00492
31	0.01010	0.00824	0.00892	0.00875	0.01127	0.00707	0.00656	0.01262	0.01969	0.02475	0.23635	0.07343	0.50501	0.01949	0.00958	0.00269	0.00403	0.01647	0.00791	0.00707
32	0.01915	0.02189	0.04788	0.03420	0.04241	0.02052	0.63475	0.02599	0.01915	0.02599	0.01642	0.02189	0.01231	0.00684	0.00958	0.00274	0.01368	0.00958	0.00410	0.01094
33	0.01532	0.01442	0.02434	0.69533	0.05589	0.01803	0.02253	0.02073	0.01622	0.02073	0.01442	0.02163	0.01082	0.00811	0.00811	0.00270	0.01082	0.00721	0.00361	0.00901
34	0.01148	0.00829	0.01085	0.01021	0.01212	0.00766	0.00766	0.01531	0.02297	0.03254	0.65994	0.06061	0.07656	0.01659	0.00957	0.00255	0.00383	0.01467	0.00893	0.00766
35	0.00989	0.00706	0.00942	0.01130	0.01177	0.00659	0.00753	0.01130	0.01554	0.02071	0.04472	0.70954	0.05367	0.02542	0.01036	0.00330	0.00471	0.02307	0.00753	0.00659
36	0.01081	0.00827	0.00992	0.00950	0.01171	0.00737	0.00713	0.01401	0.02138	0.02878	0.45536	0.06680	0.28349	0.01799	0.00958	0.00262	0.00393	0.01554	0.00844	0.00737
37	0.00979	0.00823	0.00850	0.00843	0.01108	0.00694	0.00632	0.01203	0.01897	0.02305	0.14361	0.07623	0.59881	0.02013	0.00959	0.00272	0.00408	0.01686	0.00768	0.00694
38	0.01683	0.01442	0.01683	0.01202	0.01923	0.01082	0.00961	0.02043	0.01683	0.02644	0.01442	0.01683	0.01202	0.00601	0.00601	0.00120	0.00601	0.00481	0.00481	0.76444
39	0.02882	0.02454	0.09301	0.01905	0.02604	0.02427	0.01685	0.54540	0.06346	0.04766	0.01957	0.01972	0.01392	0.00958	0.00808	0.00246	0.00914	0.00725	0.00762	0.01356
40	0.02679	0.01980	0.02119	0.01686	0.02223	0.02192	0.01356	0.46701	0.11381	0.04437	0.02219	0.02472	0.01712	0.07864	0.01124	0.00298	0.00823	0.00800	0.04686	0.01249
41	0.02052	0.57249	0.17943	0.01589	0.02393	0.02923	0.01738	0.02460	0.01663	0.02053	0.01199	0.01391	0.01038	0.00711	0.00575	0.00192	0.00940	0.00470	0.00346	0.01076
42	0.02128	0.01815	0.03047	0.11893	0.52713	0.01836	0.02326	0.02599	0.01873	0.09424	0.01695	0.02106	0.01339	0.00763	0.00806	0.00245	0.00948	0.00733	0.00461	0.01252
43	0.01197	0.00925	0.01376	0.01354	0.01491	0.01104	0.01061	0.01480	0.01300	0.01888	0.02106	0.03102	0.01970	0.05801	0.64267	0.01246	0.06310	0.00860	0.00430	0.00734
44	0.02224	0.67627	0.04127	0.01433	0.02110	0.07358	0.01400	0.02481	0.01690	0.01914	0.01136	0.01312	0.01042	0.00703	0.00534	0.00176	0.00906	0.00440	0.00352	0.01035
45	0.02084	0.52198	0.19251	0.01646	0.02447	0.06269	0.01783	0.02505	0.01698	0.02071	0.01213	0.01409	0.01038	0.00720	0.00592	0.00195	0.00978	0.00478	0.00350	0.01074
46	0.01132	0.00824	0.01059	0.01062	0.01193	0.00827	0.00763	0.01354	0.01627	0.02219	0.19209	0.09581	0.12006	0.20810	0.19739	0.00683	0.00987	0.03623	0.00636	0.00667
47	0.00959	0.00822	0.00822	0.00822	0.01096	0.00685	0.00617	0.01165	0.01850	0.02192	0.08220	0.07809	0.66092	0.02055	0.00959	0.00274	0.00411	0.01713	0.00754	0.00685
48	0.01308	0.00934	0.01308	0.01494	0.01681	0.00934	0.01308	0.01681	0.01868	0.02428	0.04296	0.09153	0.04670	0.02242	0.01121	0.00374	0.00747	0.60960	0.00747	0.00747
49	0.10887	0.06559	0.18066	0.01824	0.02551	0.02181	0.01791	0.32783	0.02728	0.03901	0.01901	0.02434	0.01515	0.00998	0.00778	0.00255	0.00923	0.06091	0.00630	0.01203
50	0.01965	0.02104	0.06599	0.04419	0.46006	0.01961	0.19757	0.02525	0.01861	0.02633	0.01556	0.02046	0.01258	0.00714	0.00845	0.00251	0.01089	0.00784	0.00401	0.01227
51	0.00959	0.00822	0.00822	0.00822	0.01096	0.00685	0.00617	0.01165	0.01850	0.02192	0.08220	0.07809	0.66092	0.02055	0.00959	0.00274	0.00411	0.01713	0.00754	0.00685
52	0.01269	0.00922	0.01254	0.01421	0.01617	0.00907	0.01232	0.01625	0.01866	0.02402	0.04726	0.09006	0.11400	0.02221	0.01103	0.00363	0.00710	0.54468	0.00748	0.00740
53	0.01847	0.18174	0.32673	0.05267	0.17792	0.02190	0.06193	0.02505	0.01739	0.02428	0.01412	0.01737	0.01104	0.00739	0.00737	0.00237	0.01079	0.00618	0.00362	0.01167
54	0.00981	0.00829	0.00853	0.00865	0.01133	0.00701	0.00661	0.01197	0.01851	0.02207	0.07970	0.07895	0.62174	0.02067	0.00969	0.00280	0.00432	0.05492	0.00753	0.00689
55	0.03031	0.03867	0.02299	0.02090	0.02508	0.68226	0.01568	0.03240	0.02299	0.01986	0.01254	0.01463	0.01045	0.00836	0.00732	0.00209	0.01463	0.00523	0.00418	0.00941
56	0.01676	0.10321	0.61584	0.02229	0.03383	0.02004	0.02853	0.02557	0.01707	0.02510	0.01427	0.01676	0.01029	0.00764	0.00748	0.00249	0.01169	0.00585	0.00343	0.01185
57	0.03049	0.03345	0.02344	0.02017	0.02511	0.46686	0.01559	0.23064	0.02796	0.03011	0.01482	0.01622	0.01155	0.00881	0.00758	0.00220	0.01276	0.00591	0.00547	0.01085
58	0.01169	0.00782	0.00888	0.00899	0.00902	0.00779	0.00507	0.01177	0.01202	0.01602	0.02667	0.09094	0.03089	0.67509	0.03952	0.00760	0.00768	0.01245	0.00507	0.00501
59	0.00989	0.00706	0.00942	0.01130	0.01177	0.00659	0.00753	0.01130	0.01554	0.02071	0.04472	0.70954	0.05367	0.02542	0.01036	0.00330	0.00471	0.02307	0.00753	0.00659
60	0.01167	0.00840	0.01154	0.01154	0.01247	0.00933	0.00827	0.01353	0.01260	0.01772	0.02311	0.03948	0.02359	0.29520	0.45285	0.01119	0.01677	0.00981	0.00455	0.00641
61	0.09257	0.01717	0.02105	0.01863	0.07971	0.01731	0.01387	0.20343	0.06613	0.34717	0.02538	0.02366	0.01706	0.00956	0.00789	0.00250	0.00763	0.00759	0.00844	0.01325
62	0.03049	0.03330	0.02345	0.02015	0.02511	0.46103	0.01559	0.23601	0.02810	0.03039	0.01488	0.01627	0.01158	0.00883	0.00759	0.00221	0.01271	0.00593	0.00551	0.01089
63	0.30195	0.01949	0.02552	0.10643	0.08695	0.05802	0.14924	0.10846	0.01955	0.03236	0.01435	0.01770	0.01096	0.00778	0.00722	0.00254	0.00960	0.00657	0.00493	0.01037
64	0.15103	0.02074	0.01885	0.01546	0.02117	0.12032	0.01228	0.15965	0.14492	0.03388	0.01831	0.01905	0.01409	0.00840	0.00693	0.00213	0.00809	0.00619	0.00613	0.21236
65	0.38139	0.06836	0.31751	0.01658	0.02492	0.01930	0.01882	0.02473	0.01549	0.03048	0.01280	0.01499	0.00957	0.00758	0.00627	0.00249	0.00904	0.00513	0.00420	0.01035
66	0.26815	0.05631	0.26010	0.01718	0.02489	0.01758	0.05523	0.02545	0.01729	0.09425	0.07597	0.02108	0.01714	0.00863	0.00704	0.00252	0.00878	0.00665	0.00518	0.01057
67	0.17629	0.01134	0.01324	0.04815	0.01804	0.01152	0.01132	0.01835	0.01755	0.02722	0.07282	0.06002	0.09032	0.01621	0.00892	0.00299	0.00671	0.29417	0.00656	0.08825
68	0.06323	0.06789	0.02246	0.14932	0.02901	0.29459	0.01536	0.02952	0.08836	0.06271	0.01638	0.01855	0.01275	0.00832	0.00724	0.00221	0.01081	0.00608	0.00494	0.09026
69	0.09212	0.01237	0.01601	0.09440	0.04967	0.01162	0.03909	0.01788	0.01769	0.02599	0.10863	0.08034	0.18678	0.01263	0.00800	0.00232	0.00630	0.01078	0.00596	0.20142

[dist]
# distance from previous block
# <min> <max>
24	81

[block]
# block no. 3 follows, 23 sequences, length 34
# corresponding to MSA columns:
# 432-465
name=unknown_D
#
# <colnr> <probs for GDERKNQSTAVLIFYWHMCP>
#	G	D	E	R	K	N	Q	S	T	A	V	L	I	F	Y	W	H	M	C	P
0	0.02343	0.02681	0.02533	0.09760	0.25088	0.32484	0.01877	0.02681	0.02034	0.02246	0.01972	0.02274	0.06766	0.00900	0.00784	0.00232	0.01159	0.00716	0.00436	0.01035
1	0.02121	0.02285	0.09509	0.04113	0.47740	0.05710	0.02346	0.07935	0.05209	0.02856	0.01630	0.01994	0.01314	0.00775	0.00798	0.00243	0.00993	0.00710	0.00454	0.01265
2	0.02243	0.02491	0.02721	0.02733	0.16064	0.24166	0.12397	0.02985	0.13897	0.02517	0.02395	0.02573	0.07287	0.00946	0.00824	0.00245	0.01092	0.00823	0.00520	0.01082
3	0.02264	0.02446	0.01819	0.01784	0.04596	0.34072	0.01304	0.02614	0.05620	0.05841	0.03249	0.10352	0.12883	0.01354	0.00847	0.00254	0.01015	0.06183	0.00592	0.00911
4	0.06156	0.08727	0.07637	0.05538	0.04279	0.01561	0.01333	0.07006	0.04203	0.08638	0.08362	0.05239	0.05721	0.00991	0.00736	0.00214	0.00717	0.00805	0.00597	0.21541
5	0.01554	0.07235	0.01598	0.08042	0.01848	0.01393	0.01034	0.04276	0.12225	0.02424	0.02484	0.07068	0.02286	0.16288	0.12962	0.00533	0.00949	0.00944	0.14018	0.00841
6	0.06422	0.40675	0.16157	0.01806	0.04860	0.13599	0.01749	0.02591	0.01762	0.02178	0.01229	0.01438	0.01039	0.00737	0.00615	0.00203	0.01022	0.00493	0.00369	0.01056
7	0.01173	0.00814	0.01023	0.01023	0.01070	0.00861	0.00663	0.01268	0.01221	0.01675	0.02431	0.04613	0.02648	0.50020	0.25180	0.00956	0.01242	0.01078	0.00473	0.00568
8	0.01377	0.01296	0.01525	0.01423	0.01703	0.08142	0.06901	0.01629	0.01769	0.02217	0.04384	0.32282	0.17173	0.01882	0.00948	0.00285	0.00685	0.06412	0.00660	0.07307
9	0.01562	0.01735	0.08582	0.02552	0.21095	0.05539	0.04422	0.01954	0.01810	0.02378	0.03570	0.17571	0.13390	0.01511	0.00915	0.00282	0.00819	0.08788	0.00570	0.00953
10	0.02118	0.02419	0.08797	0.10246	0.26818	0.10881	0.17170	0.06849	0.02028	0.02656	0.01533	0.01965	0.01204	0.00759	0.00830	0.00249	0.01156	0.00743	0.00425	0.01153
11	0.40885	0.09670	0.04891	0.01543	0.05178	0.13069	0.01237	0.02509	0.01637	0.02964	0.01221	0.01435	0.00988	0.00743	0.00581	0.00221	0.00834	0.00479	0.00457	0.09458
12	0.02938	0.03692	0.02389	0.02352	0.08295	0.62223	0.01651	0.03172	0.02259	0.02046	0.01279	0.01513	0.01067	0.00826	0.00738	0.00212	0.01418	0.00541	0.00417	0.00972
13	0.01132	0.00792	0.00924	0.00927	0.01001	0.00760	0.00584	0.01246	0.01516	0.02029	0.16296	0.11430	0.11235	0.43451	0.02858	0.00581	0.00635	0.01396	0.00626	0.00584
14	0.02684	0.02443	0.02808	0.02175	0.02806	0.13376	0.14128	0.33231	0.08623	0.03820	0.01871	0.02003	0.01385	0.00888	0.00821	0.00242	0.01051	0.00749	0.00652	0.04244
15	0.01157	0.00889	0.01116	0.03789	0.01422	0.00810	0.00816	0.01450	0.01931	0.02636	0.31031	0.16599	0.16991	0.05697	0.01116	0.00293	0.00485	0.03441	0.00758	0.07574
16	0.01340	0.00856	0.01129	0.01208	0.01388	0.00796	0.00925	0.01591	0.01822	0.08542	0.11360	0.34295	0.11954	0.02166	0.01019	0.00319	0.00547	0.17186	0.00791	0.00766
17	0.01861	0.01865	0.02742	0.20793	0.33212	0.07772	0.04897	0.02363	0.03599	0.02410	0.02258	0.02662	0.08241	0.00909	0.00823	0.00252	0.00989	0.00827	0.00443	0.01081
18	0.10092	0.19288	0.02834	0.02321	0.13636	0.30556	0.01618	0.06423	0.02064	0.02437	0.01301	0.01536	0.01090	0.00782	0.00676	0.00213	0.01116	0.00541	0.00430	0.01045
19	0.03085	0.02273	0.02435	0.01867	0.02516	0.02516	0.01542	0.63716	0.03815	0.05114	0.01948	0.01948	0.01380	0.00974	0.00812	0.00244	0.00893	0.00731	0.00812	0.01380
20	0.02006	0.01432	0.01716	0.01242	0.01947	0.01100	0.01000	0.02358	0.01788	0.13259	0.01732	0.01861	0.01335	0.00667	0.00636	0.00142	0.00616	0.00536	0.00567	0.64059
21	0.01159	0.00869	0.01304	0.01304	0.01449	0.01014	0.01014	0.01449	0.01304	0.01884	0.02173	0.03188	0.02029	0.06086	0.68268	0.01304	0.02173	0.00869	0.00435	0.00724
22	0.01265	0.01039	0.01360	0.01348	0.01509	0.04807	0.01046	0.01550	0.01360	0.01889	0.02122	0.03090	0.01973	0.05789	0.64457	0.01242	0.02133	0.00850	0.00434	0.00737
23	0.01685	0.32516	0.18133	0.01517	0.02121	0.02082	0.01563	0.02065	0.01613	0.02090	0.02122	0.15556	0.02208	0.07547	0.01033	0.00288	0.00857	0.03606	0.00455	0.00942
24	0.05998	0.05197	0.12451	0.02478	0.15599	0.02182	0.01891	0.31510	0.02768	0.09387	0.01826	0.01941	0.01325	0.00873	0.00778	0.00243	0.00924	0.00691	0.00641	0.01297
25	0.09970	0.18767	0.08258	0.01634	0.02324	0.02307	0.01501	0.26555	0.02599	0.15799	0.01871	0.01869	0.01341	0.00875	0.00710	0.00230	0.00849	0.00637	0.00668	0.01236
26	0.02531	0.02786	0.02509	0.02912	0.23353	0.34019	0.01790	0.08075	0.02203	0.02524	0.01520	0.01849	0.01254	0.01071	0.04028	0.00275	0.01228	0.00635	0.04366	0.01072
27	0.07921	0.02310	0.10022	0.01847	0.02300	0.20096	0.09159	0.02272	0.01916	0.02450	0.08732	0.16869	0.02911	0.01355	0.00865	0.00270	0.00979	0.06273	0.00559	0.00895
28	0.02368	0.16348	0.02793	0.24660	0.03466	0.08366	0.01754	0.24910	0.02495	0.03149	0.01547	0.01845	0.01180	0.00849	0.00745	0.00235	0.01003	0.00648	0.00529	0.01109
