[name]
unknown

[dist]
# distance from previous block
# <min> <max>
0	11

[block]
# block no. 0 follows, 19 sequences, length 7
# corresponding to MSA columns:
# 12-18
name=unknown_A
#
# <colnr> <probs for GDERKNQSTAVLIFYWHMCP>
#	G	D	E	R	K	N	Q	S	T	A	V	L	I	F	Y	W	H	M	C	P
0	0.01717	0.01997	0.13670	0.02858	0.18810	0.01522	0.02142	0.02278	0.02022	0.02773	0.03325	0.06427	0.03389	0.01715	0.01069	0.00348	0.00981	0.31240	0.00637	0.01078
1	0.02809	0.02877	0.19134	0.02055	0.02944	0.02251	0.02018	0.32101	0.03125	0.09364	0.02042	0.02114	0.01448	0.00961	0.00852	0.00255	0.01014	0.00737	0.00724	0.11175
2	0.02004	0.02014	0.01900	0.02204	0.13039	0.18475	0.01303	0.02181	0.01814	0.02134	0.02429	0.10242	0.02608	0.31013	0.02513	0.00532	0.01071	0.01135	0.00530	0.00858
3	0.15445	0.03838	0.46232	0.02589	0.09388	0.02069	0.02814	0.02787	0.01835	0.03062	0.01546	0.01840	0.01131	0.00841	0.00798	0.00280	0.01179	0.00642	0.00417	0.01266
4	0.02559	0.02888	0.02127	0.01958	0.02321	0.36514	0.01494	0.06553	0.02228	0.02375	0.01820	0.02373	0.01590	0.03138	0.25287	0.00693	0.01870	0.00737	0.00497	0.00978
5	0.02155	0.39945	0.11313	0.01951	0.06415	0.06542	0.01769	0.02556	0.01814	0.02250	0.01541	0.01942	0.01367	0.01895	0.12643	0.00442	0.01318	0.00618	0.00409	0.01116
6	0.01768	0.01082	0.01297	0.01255	0.01579	0.00990	0.00960	0.02186	0.06420	0.14606	0.06188	0.21905	0.27457	0.02109	0.01051	0.00322	0.00580	0.06399	0.00891	0.00954

[dist]
# distance from previous block
# <min> <max>
4	8

[block]
# block no. 1 follows, 19 sequences, length 9
# corresponding to MSA columns:
# 27-35
name=unknown_B
#
# <colnr> <probs for GDERKNQSTAVLIFYWHMCP>
#	G	D	E	R	K	N	Q	S	T	A	V	L	I	F	Y	W	H	M	C	P
0	0.01925	0.01792	0.03018	0.18553	0.38941	0.01911	0.02390	0.02433	0.01872	0.02625	0.01792	0.02490	0.01515	0.01895	0.12554	0.00486	0.01335	0.00826	0.00439	0.01209
1	0.01928	0.02355	0.13995	0.04127	0.41095	0.01868	0.02471	0.02496	0.02011	0.02815	0.03012	0.03319	0.12499	0.01074	0.00910	0.00276	0.00999	0.00971	0.00502	0.01280
2	0.02110	0.02319	0.06398	0.03633	0.32281	0.13104	0.02113	0.02532	0.02009	0.02599	0.02274	0.14158	0.02239	0.01677	0.06228	0.00375	0.01189	0.01080	0.00516	0.01166
3	0.01778	0.01348	0.01596	0.05509	0.02054	0.01453	0.01177	0.02873	0.23814	0.07139	0.04457	0.16013	0.12942	0.05338	0.07918	0.00458	0.00852	0.01420	0.00802	0.01058
4	0.01910	0.01330	0.01445	0.01266	0.01572	0.01359	0.00926	0.16919	0.02307	0.03229	0.03402	0.08889	0.08978	0.23087	0.02049	0.00454	0.00736	0.01193	0.13962	0.04986
5	0.01373	0.01260	0.06382	0.01325	0.01569	0.00996	0.01059	0.01626	0.01692	0.02322	0.06577	0.19134	0.04078	0.27130	0.02372	0.00529	0.00780	0.11480	0.00663	0.07651
6	0.01856	0.02239	0.14208	0.17131	0.24409	0.01864	0.02310	0.02525	0.05530	0.02603	0.01977	0.02923	0.01731	0.13182	0.01550	0.00388	0.01082	0.00876	0.00468	0.01148
7	0.11838	0.25764	0.19729	0.02223	0.03107	0.07809	0.12527	0.02821	0.01910	0.02694	0.01454	0.01749	0.01159	0.00807	0.00751	0.00250	0.01172	0.00640	0.00423	0.01172
8	0.02725	0.12860	0.22377	0.02282	0.03057	0.36894	0.02205	0.03220	0.02235	0.02384	0.01436	0.01678	0.01146	0.00879	0.00790	0.00242	0.01435	0.00590	0.00424	0.01142

[dist]
# distance from previous block
# <min> <max>
0	11

[block]
# block no. 2 follows, 19 sequences, length 21
# corresponding to MSA columns:
# 47-67
name=unknown_C
#
# <colnr> <probs for GDERKNQSTAVLIFYWHMCP>
#	G	D	E	R	K	N	Q	S	T	A	V	L	I	F	Y	W	H	M	C	P
0	0.02505	0.15593	0.19351	0.06057	0.03097	0.10914	0.02106	0.18319	0.02552	0.03281	0.01715	0.01993	0.01333	0.01358	0.05736	0.00345	0.01276	0.00686	0.00540	0.01245
1	0.01221	0.05850	0.01291	0.01077	0.01338	0.01031	0.00815	0.01439	0.01816	0.02253	0.06366	0.11299	0.37149	0.09952	0.12586	0.00557	0.00878	0.01610	0.00706	0.00767
2	0.02702	0.40130	0.08266	0.01895	0.02588	0.26359	0.01736	0.03024	0.02091	0.02190	0.01322	0.01535	0.01149	0.00830	0.00681	0.00213	0.01229	0.00528	0.00412	0.01120
3	0.07557	0.21937	0.43018	0.02168	0.03279	0.02470	0.02644	0.02776	0.01841	0.02726	0.01480	0.01732	0.01125	0.00825	0.00752	0.00258	0.01175	0.00598	0.00393	0.01248
4	0.02597	0.21558	0.24487	0.02130	0.02990	0.21869	0.02195	0.03134	0.02120	0.06933	0.01582	0.01768	0.01223	0.00869	0.00766	0.00242	0.01273	0.00604	0.00459	0.01202
5	0.01818	0.01318	0.01544	0.01481	0.01735	0.01369	0.01082	0.19424	0.02459	0.03288	0.03940	0.43779	0.04393	0.06323	0.01276	0.00365	0.00685	0.01929	0.00833	0.00961
6	0.01161	0.00891	0.01106	0.01150	0.01320	0.00875	0.00831	0.01375	0.01699	0.02204	0.05408	0.19062	0.25171	0.11533	0.21272	0.00733	0.01117	0.01668	0.00688	0.00738
7	0.52453	0.22572	0.02358	0.01286	0.01905	0.02481	0.01143	0.02645	0.01614	0.03423	0.01245	0.01448	0.01024	0.00810	0.00560	0.00250	0.00774	0.00483	0.00501	0.01024
8	0.01415	0.01284	0.01749	0.02325	0.20318	0.01179	0.01319	0.01736	0.02039	0.02573	0.06780	0.06631	0.43682	0.01811	0.01004	0.00291	0.00642	0.01551	0.00711	0.00960
9	0.03679	0.02575	0.02345	0.01909	0.02535	0.21311	0.01523	0.15692	0.02895	0.32540	0.02578	0.02415	0.01742	0.01043	0.00870	0.00261	0.01071	0.00780	0.00863	0.01372
10	0.02416	0.08482	0.24749	0.02084	0.02923	0.13198	0.02136	0.17124	0.02600	0.03314	0.02678	0.02774	0.09499	0.01103	0.00860	0.00266	0.01143	0.00833	0.00584	0.01233
11	0.01221	0.00872	0.01189	0.01396	0.01505	0.00840	0.01059	0.01473	0.01842	0.02431	0.04859	0.46371	0.05630	0.02679	0.01177	0.00381	0.00633	0.22852	0.00828	0.00763
12	0.01278	0.00898	0.01114	0.01114	0.01183	0.00938	0.00729	0.01392	0.01390	0.01884	0.03087	0.05307	0.06729	0.45191	0.23035	0.01008	0.01314	0.01233	0.00541	0.00635
13	0.07423	0.18372	0.12558	0.03132	0.15742	0.02528	0.17577	0.02722	0.01897	0.02723	0.01532	0.01963	0.01247	0.00845	0.00982	0.00270	0.06094	0.00748	0.00426	0.01218
14	0.02192	0.51595	0.15701	0.01694	0.02523	0.03055	0.01816	0.02632	0.01886	0.02357	0.06007	0.01924	0.01704	0.00863	0.00663	0.00216	0.00985	0.00600	0.00428	0.01158
15	0.02802	0.03689	0.11910	0.02709	0.03429	0.34722	0.17333	0.07604	0.02460	0.02724	0.01586	0.01905	0.01232	0.00879	0.00886	0.00260	0.01496	0.00733	0.00480	0.01159
16	0.27196	0.20232	0.03054	0.02675	0.20913	0.02520	0.01728	0.07085	0.01968	0.03282	0.01450	0.01737	0.01199	0.00821	0.00688	0.00250	0.00901	0.00604	0.00499	0.01199
17	0.01823	0.26636	0.14239	0.01529	0.02202	0.05978	0.01548	0.02224	0.01961	0.02368	0.04340	0.04302	0.24883	0.01370	0.00827	0.00254	0.00872	0.01063	0.00560	0.01022
18	0.07384	0.25295	0.19367	0.01588	0.02345	0.02163	0.01707	0.02286	0.01883	0.02546	0.03761	0.03780	0.20146	0.01258	0.00797	0.00257	0.00880	0.00965	0.00533	0.01060
19	0.01813	0.24955	0.11614	0.21616	0.03487	0.02275	0.01898	0.02289	0.01865	0.02328	0.03029	0.03286	0.13949	0.01129	0.00813	0.00260	0.00976	0.00895	0.00480	0.01043
20	0.02608	0.29908	0.03748	0.02977	0.21203	0.20601	0.01963	0.02954	0.02090	0.02382	0.01419	0.01727	0.01233	0.00820	0.00737	0.00226	0.01177	0.00605	0.00424	0.01200

[dist]
# distance from previous block
# <min> <max>
66	159

[block]
# block no. 3 follows, 19 sequences, length 99
# corresponding to MSA columns:
# 257-355
name=unknown_D
#
# <colnr> <probs for GDERKNQSTAVLIFYWHMCP>
#	G	D	E	R	K	N	Q	S	T	A	V	L	I	F	Y	W	H	M	C	P
0	0.02645	0.08105	0.06415	0.03778	0.32206	0.17293	0.02287	0.11126	0.02441	0.03067	0.01639	0.01983	0.01333	0.00867	0.00842	0.00253	0.01188	0.00714	0.00504	0.01315
1	0.02301	0.18140	0.06409	0.16107	0.25757	0.02525	0.02281	0.10826	0.02238	0.02985	0.01623	0.02038	0.01310	0.00851	0.00813	0.00256	0.01065	0.00716	0.00481	0.01279
2	0.02882	0.02394	0.02708	0.02762	0.15874	0.08082	0.01863	0.35409	0.03303	0.04354	0.02291	0.06809	0.01939	0.01184	0.00919	0.00278	0.01020	0.03813	0.00748	0.01366
3	0.06239	0.05164	0.02707	0.06923	0.18541	0.02092	0.01843	0.16691	0.05647	0.16138	0.02287	0.02468	0.01691	0.01416	0.05857	0.00361	0.01053	0.00814	0.00715	0.01354
4	0.02417	0.02662	0.02131	0.06001	0.02587	0.28226	0.01449	0.02909	0.06749	0.02542	0.02086	0.02360	0.04379	0.01385	0.05857	0.00309	0.01229	0.00704	0.00532	0.23487
5	0.02107	0.21865	0.03730	0.02262	0.02902	0.02407	0.19342	0.07165	0.06645	0.02739	0.01951	0.02436	0.01625	0.02237	0.16120	0.00537	0.01452	0.00838	0.00509	0.01133
6	0.09663	0.31530	0.03233	0.01737	0.02358	0.17671	0.01492	0.03350	0.12958	0.05575	0.01829	0.01907	0.01475	0.00908	0.00705	0.00234	0.01032	0.00621	0.00550	0.01172
7	0.06277	0.10000	0.03036	0.12930	0.17140	0.14410	0.02040	0.11738	0.02316	0.02997	0.01562	0.01964	0.01270	0.00954	0.01024	0.00269	0.07669	0.00703	0.00504	0.01198
8	0.09364	0.01832	0.02000	0.01655	0.02153	0.02038	0.01341	0.32689	0.02975	0.04326	0.02232	0.02572	0.01747	0.02356	0.15719	0.00532	0.01203	0.00815	0.11248	0.01203
9	0.11104	0.12596	0.14978	0.07111	0.03068	0.31846	0.01988	0.03094	0.02133	0.02527	0.01409	0.01686	0.01130	0.00874	0.00761	0.00246	0.01326	0.00586	0.00440	0.01098
10	0.02099	0.01428	0.01577	0.01413	0.01763	0.01529	0.01091	0.20401	0.06425	0.03783	0.03162	0.17984	0.02916	0.01765	0.04172	0.00333	0.00742	0.01240	0.25115	0.01063
11	0.01251	0.00846	0.00991	0.01040	0.01052	0.00834	0.00611	0.01288	0.01399	0.01865	0.03322	0.20648	0.03887	0.52899	0.03741	0.00747	0.00784	0.01597	0.00611	0.00586
12	0.01062	0.00886	0.00927	0.00960	0.01222	0.00751	0.00703	0.01278	0.01988	0.02396	0.08415	0.17921	0.53722	0.02350	0.01071	0.00312	0.00463	0.01991	0.00831	0.00751
13	0.03387	0.02925	0.02649	0.02117	0.02772	0.17585	0.01707	0.46558	0.03808	0.04817	0.01966	0.02021	0.01434	0.01038	0.00874	0.00259	0.01134	0.00751	0.00792	0.01406
14	0.02129	0.01998	0.03208	0.04499	0.48485	0.01903	0.02344	0.02628	0.01994	0.02921	0.01661	0.02129	0.01395	0.00765	0.00833	0.00234	0.00968	0.00734	0.00464	0.18709
15	0.02414	0.31085	0.25002	0.02022	0.02960	0.05651	0.02194	0.13505	0.02322	0.03026	0.01546	0.01736	0.01213	0.00860	0.00741	0.00240	0.01120	0.00608	0.00480	0.01274
16	0.01296	0.00889	0.01083	0.01083	0.01120	0.00926	0.00676	0.01370	0.01333	0.01814	0.02721	0.05311	0.03017	0.54191	0.18598	0.01000	0.01223	0.01221	0.00528	0.00602
17	0.01057	0.00906	0.00906	0.00906	0.01208	0.00755	0.00680	0.01284	0.02039	0.02417	0.09063	0.08610	0.62615	0.02266	0.01057	0.00302	0.00453	0.01888	0.00831	0.00755
18	0.02214	0.02126	0.03631	0.05491	0.62978	0.02126	0.02746	0.02746	0.02037	0.02923	0.01683	0.02214	0.01417	0.00797	0.00886	0.00266	0.01063	0.00797	0.00443	0.01417
19	0.02799	0.03182	0.02692	0.02994	0.17804	0.34591	0.01912	0.03639	0.16075	0.02735	0.01983	0.02165	0.01586	0.00958	0.00851	0.00256	0.01265	0.00733	0.00561	0.01221
20	0.01182	0.00920	0.01079	0.01064	0.01317	0.00817	0.00814	0.01511	0.02263	0.02965	0.32804	0.07859	0.33667	0.02085	0.01070	0.00301	0.00468	0.06114	0.00900	0.00801
21	0.74878	0.01730	0.01315	0.01177	0.01730	0.02007	0.00969	0.02630	0.01523	0.04014	0.01246	0.01453	0.00969	0.00830	0.00554	0.00277	0.00692	0.00484	0.00554	0.00969
22	0.01383	0.01305	0.02150	0.01813	0.02172	0.01237	0.15646	0.01719	0.01919	0.02474	0.05514	0.25093	0.26171	0.02013	0.01189	0.00326	0.04475	0.01820	0.00711	0.00872
23	0.01355	0.00831	0.01011	0.01139	0.01270	0.00806	0.00829	0.01643	0.01819	0.02735	0.04138	0.36003	0.04436	0.02088	0.00956	0.00310	0.00518	0.08724	0.28610	0.00780
24	0.01913	0.01975	0.01775	0.01705	0.01957	0.20762	0.01306	0.02205	0.01775	0.02112	0.02085	0.02930	0.01903	0.04929	0.45260	0.01066	0.02155	0.00841	0.00474	0.00872
25	0.03221	0.04034	0.02653	0.02648	0.09243	0.58207	0.01838	0.03484	0.02482	0.02268	0.01415	0.01678	0.01181	0.00909	0.00815	0.00234	0.01554	0.00600	0.00459	0.01078
26	0.01074	0.00907	0.00929	0.00923	0.01218	0.00762	0.00693	0.01315	0.02078	0.02508	0.13226	0.08460	0.58395	0.02232	0.01057	0.00300	0.00451	0.01867	0.00843	0.00762
27	0.01329	0.01142	0.01166	0.01119	0.01468	0.01097	0.00851	0.02090	0.15820	0.02725	0.07804	0.07385	0.48704	0.02021	0.01023	0.00302	0.00512	0.01684	0.00849	0.00909
28	0.03268	0.09314	0.02703	0.02245	0.02729	0.60182	0.01713	0.03503	0.02479	0.02183	0.01372	0.01599	0.01152	0.00910	0.00789	0.00227	0.01562	0.00569	0.00455	0.01046
29	0.02271	0.38128	0.08563	0.05159	0.02660	0.03004	0.01799	0.07006	0.01917	0.02497	0.01363	0.01704	0.01192	0.00964	0.01131	0.00249	0.14655	0.00600	0.00432	0.04707
30	0.02108	0.02678	0.15562	0.04485	0.36610	0.02152	0.17601	0.02793	0.02028	0.02891	0.01701	0.02204	0.01348	0.00796	0.00923	0.00278	0.01228	0.00838	0.00433	0.01345
31	0.01693	0.01520	0.01494	0.01406	0.01798	0.04732	0.01086	0.02912	0.27390	0.02984	0.06138	0.06068	0.31051	0.01757	0.00990	0.00304	0.00640	0.04135	0.00845	0.01055
32	0.01744	0.01491	0.02004	0.02416	0.16378	0.01507	0.01548	0.02630	0.15467	0.03015	0.08907	0.05738	0.13709	0.01608	0.01004	0.00309	0.00750	0.14131	0.00751	0.04892
33	0.01254	0.00868	0.00999	0.01010	0.01067	0.00841	0.00615	0.01336	0.01543	0.02051	0.10052	0.11978	0.09790	0.48860	0.03522	0.00703	0.00747	0.01507	0.00644	0.00612
34	0.01794	0.04628	0.63923	0.02550	0.03872	0.02078	0.03305	0.02833	0.01889	0.02833	0.01606	0.01889	0.01133	0.00850	0.00850	0.00283	0.01322	0.00661	0.00378	0.01322
35	0.03366	0.03546	0.02596	0.02204	0.02769	0.39575	0.01717	0.26609	0.03218	0.03598	0.01695	0.01832	0.01303	0.00984	0.00843	0.00246	0.01357	0.00670	0.00638	0.01235
36	0.02220	0.50509	0.21767	0.01825	0.02751	0.03118	0.02042	0.02723	0.01838	0.02315	0.01348	0.01566	0.01144	0.00790	0.00654	0.00218	0.01062	0.00531	0.00381	0.01198
37	0.03386	0.02150	0.02513	0.02128	0.06511	0.02270	0.01633	0.35446	0.08965	0.21578	0.02646	0.02516	0.01823	0.01078	0.00897	0.00274	0.00901	0.00851	0.00927	0.01505
38	0.02586	0.01719	0.01814	0.01482	0.01960	0.01861	0.01195	0.32751	0.03110	0.04555	0.02510	0.02707	0.01884	0.01059	0.00768	0.00240	0.00717	0.00819	0.35063	0.01198
39	0.01301	0.00867	0.00976	0.00976	0.00976	0.00867	0.00542	0.01301	0.01301	0.01735	0.02819	0.05855	0.03253	0.68559	0.04554	0.00867	0.00867	0.01301	0.00542	0.00542
40	0.01697	0.02674	0.26233	0.02808	0.17047	0.01704	0.02310	0.02318	0.01934	0.02792	0.09226	0.16187	0.03025	0.01390	0.01051	0.00301	0.04400	0.01198	0.00557	0.01149
41	0.02144	0.02322	0.04758	0.04315	0.23102	0.02219	0.41719	0.02828	0.02088	0.02884	0.01770	0.02350	0.01376	0.00768	0.01002	0.00290	0.01368	0.00974	0.00449	0.01273
42	0.01057	0.00906	0.00906	0.00906	0.01208	0.00755	0.00680	0.01284	0.02039	0.02417	0.09063	0.08610	0.62615	0.02266	0.01057	0.00302	0.00453	0.01888	0.00831	0.00755
43	0.03401	0.02506	0.02685	0.02058	0.02774	0.02774	0.01700	0.59995	0.04206	0.05638	0.02148	0.02148	0.01521	0.01074	0.00895	0.00268	0.00984	0.00805	0.00895	0.01521
44	0.03120	0.19589	0.03058	0.02104	0.02655	0.46292	0.01680	0.07031	0.02473	0.02394	0.01400	0.01606	0.01175	0.00895	0.00757	0.00224	0.01416	0.00568	0.00471	0.01095
45	0.01074	0.00907	0.00929	0.00924	0.01219	0.00762	0.00693	0.01316	0.02078	0.02509	0.13282	0.08458	0.58338	0.02231	0.01057	0.00300	0.00451	0.01867	0.00843	0.00762
46	0.01057	0.00906	0.00906	0.00906	0.01208	0.00755	0.00680	0.01284	0.02039	0.02417	0.09063	0.08610	0.62615	0.02266	0.01057	0.00302	0.00453	0.01888	0.00831	0.00755
47	0.01794	0.04628	0.63923	0.02550	0.03872	0.02078	0.03305	0.02833	0.01889	0.02833	0.01606	0.01889	0.01133	0.00850	0.00850	0.00283	0.01322	0.00661	0.00378	0.01322
48	0.01090	0.00779	0.01038	0.01246	0.01298	0.00727	0.00830	0.01246	0.01713	0.02284	0.04931	0.67975	0.05917	0.02803	0.01142	0.00363	0.00519	0.02543	0.00830	0.00727
49	0.01690	0.01590	0.02683	0.66408	0.06162	0.01988	0.02485	0.02286	0.01789	0.02286	0.01590	0.02385	0.01193	0.00894	0.00894	0.00298	0.01193	0.00795	0.00398	0.00994
50	0.01178	0.00911	0.01074	0.01033	0.01282	0.00807	0.00775	0.01518	0.02324	0.03093	0.39940	0.07497	0.31316	0.02013	0.01056	0.00290	0.00435	0.01732	0.00920	0.00807
51	0.02015	0.01871	0.02883	0.28104	0.26628	0.02096	0.02328	0.03047	0.16069	0.02872	0.02114	0.02548	0.01643	0.00934	0.00895	0.00287	0.01028	0.00847	0.00537	0.01254
52	0.02112	0.02413	0.05279	0.03771	0.04676	0.02262	0.59729	0.02866	0.02112	0.02866	0.01810	0.02413	0.01357	0.00754	0.01056	0.00302	0.01508	0.01056	0.00452	0.01207
53	0.01057	0.00906	0.00906	0.00906	0.01208	0.00755	0.00680	0.01284	0.02039	0.02417	0.09063	0.08610	0.62615	0.02266	0.01057	0.00302	0.00453	0.01888	0.00831	0.00755
54	0.01057	0.00906	0.00906	0.00906	0.01208	0.00755	0.00680	0.01284	0.02039	0.02417	0.09063	0.08610	0.62615	0.02266	0.01057	0.00302	0.00453	0.01888	0.00831	0.00755
55	0.01794	0.04628	0.63923	0.02550	0.03872	0.02078	0.03305	0.02833	0.01889	0.02833	0.01606	0.01889	0.01133	0.00850	0.00850	0.00283	0.01322	0.00661	0.00378	0.01322
56	0.01794	0.04628	0.63923	0.02550	0.03872	0.02078	0.03305	0.02833	0.01889	0.02833	0.01606	0.01889	0.01133	0.00850	0.00850	0.00283	0.01322	0.00661	0.00378	0.01322
57	0.04014	0.01523	0.02076	0.01592	0.02284	0.01315	0.01315	0.04360	0.02561	0.63597	0.03530	0.03045	0.02215	0.01107	0.00900	0.00277	0.00761	0.00900	0.01107	0.01523
58	0.03227	0.03470	0.02445	0.02115	0.02632	0.41410	0.01633	0.20233	0.02980	0.03306	0.01732	0.01908	0.01352	0.00977	0.00819	0.00240	0.01332	0.00665	0.06358	0.01165
59	0.02214	0.02126	0.03631	0.05491	0.62978	0.02126	0.02746	0.02746	0.02037	0.02923	0.01683	0.02214	0.01417	0.00797	0.00886	0.00266	0.01063	0.00797	0.00443	0.01417
60	0.01301	0.00867	0.00976	0.00976	0.00976	0.00867	0.00542	0.01301	0.01301	0.01735	0.02819	0.05855	0.03253	0.68559	0.04554	0.00867	0.00867	0.01301	0.00542	0.00542
61	0.01281	0.00945	0.01371	0.01371	0.01508	0.01082	0.01035	0.01555	0.01418	0.02028	0.02457	0.03852	0.02383	0.15616	0.56307	0.01356	0.02176	0.01008	0.00488	0.00762
62	0.01892	0.03946	0.45881	0.02926	0.04119	0.02135	0.20664	0.02843	0.01957	0.02843	0.01668	0.02050	0.01202	0.00820	0.00913	0.00289	0.01379	0.00783	0.00401	0.01287
63	0.02214	0.02126	0.03631	0.05491	0.62978	0.02126	0.02746	0.02746	0.02037	0.02923	0.01683	0.02214	0.01417	0.00797	0.00886	0.00266	0.01063	0.00797	0.00443	0.01417
64	0.01690	0.01590	0.02683	0.66408	0.06162	0.01988	0.02485	0.02286	0.01789	0.02286	0.01590	0.02385	0.01193	0.00894	0.00894	0.00298	0.01193	0.00795	0.00398	0.00994
65	0.02214	0.02126	0.03631	0.05491	0.62978	0.02126	0.02746	0.02746	0.02037	0.02923	0.01683	0.02214	0.01417	0.00797	0.00886	0.00266	0.01063	0.00797	0.00443	0.01417
66	0.01724	0.01625	0.02745	0.62445	0.09858	0.01997	0.02502	0.02316	0.01805	0.02327	0.01596	0.02374	0.01207	0.00888	0.00894	0.00296	0.01184	0.00795	0.00400	0.01021
67	0.01288	0.00917	0.01228	0.01228	0.01315	0.01004	0.00857	0.01463	0.01376	0.01921	0.02588	0.04577	0.02698	0.34802	0.37552	0.01179	0.01702	0.01114	0.00508	0.00682
68	0.02022	0.01204	0.01264	0.01153	0.01481	0.01273	0.00893	0.07212	0.13395	0.06491	0.03025	0.03229	0.02312	0.01080	0.00714	0.00234	0.00533	0.00869	0.50584	0.01031
69	0.01106	0.00908	0.00974	0.00957	0.01238	0.00776	0.00718	0.01378	0.02154	0.02689	0.21478	0.08162	0.50030	0.02164	0.01057	0.00297	0.00446	0.01825	0.00867	0.00776
70	0.03345	0.04165	0.02544	0.02291	0.02766	0.61471	0.01727	0.06744	0.02629	0.02383	0.01426	0.01643	0.01173	0.00930	0.00812	0.00233	0.01578	0.00589	0.00485	0.01064
71	0.02080	0.01988	0.03388	0.21104	0.48416	0.02090	0.02679	0.02628	0.01973	0.02760	0.01659	0.02258	0.01360	0.00822	0.00888	0.00274	0.01096	0.00797	0.00431	0.01309
72	0.01285	0.00930	0.01296	0.01296	0.01406	0.01041	0.00941	0.01506	0.01396	0.01972	0.02526	0.04235	0.02549	0.25738	0.46413	0.01262	0.01926	0.01064	0.00499	0.00720
73	0.01145	0.00818	0.01101	0.01309	0.01385	0.00774	0.00926	0.01341	0.01767	0.02346	0.04901	0.58896	0.05797	0.02751	0.01157	0.00371	0.00567	0.11077	0.00829	0.00742
74	0.03361	0.03708	0.02583	0.02227	0.02769	0.45311	0.01720	0.21404	0.03063	0.03280	0.01625	0.01782	0.01269	0.00970	0.00835	0.00242	0.01415	0.00649	0.00598	0.01190
75	0.01118	0.00874	0.01020	0.01099	0.01301	0.00776	0.00806	0.01354	0.01977	0.02501	0.12292	0.28537	0.33957	0.02422	0.01100	0.00329	0.00502	0.06431	0.00844	0.00759
76	0.02866	0.16837	0.14570	0.02202	0.02885	0.41216	0.01989	0.03260	0.02275	0.02295	0.01398	0.01631	0.01148	0.00878	0.00770	0.00233	0.01432	0.00573	0.00430	0.01113
77	0.02392	0.69097	0.04688	0.01531	0.02296	0.03540	0.01531	0.02679	0.01818	0.02105	0.01244	0.01435	0.01148	0.00765	0.00574	0.00191	0.00957	0.00478	0.00383	0.01148
78	0.01183	0.00829	0.01000	0.01097	0.01145	0.00792	0.00688	0.01274	0.01552	0.02046	0.04299	0.35293	0.09130	0.32460	0.02676	0.00586	0.00671	0.01931	0.00700	0.00646
79	0.02225	0.01922	0.02023	0.01821	0.02326	0.02225	0.01416	0.04754	0.61361	0.03742	0.03641	0.03338	0.02731	0.01214	0.00910	0.00303	0.00708	0.01011	0.00910	0.01416
80	0.03342	0.04264	0.02535	0.02305	0.02766	0.64967	0.01729	0.03572	0.02535	0.02190	0.01383	0.01613	0.01152	0.00922	0.00807	0.00230	0.01613	0.00576	0.00461	0.01037
81	0.02988	0.02108	0.02244	0.01767	0.02362	0.02312	0.01444	0.46204	0.03651	0.05090	0.02331	0.02431	0.01705	0.01066	0.00831	0.00254	0.00849	0.00812	0.18192	0.01358
82	0.01668	0.00834	0.00834	0.00834	0.01042	0.00834	0.00625	0.02085	0.01876	0.03335	0.02918	0.03335	0.02293	0.01042	0.00625	0.00208	0.00417	0.00834	0.73525	0.00834
83	0.02680	0.03168	0.02554	0.02273	0.02536	0.36836	0.01785	0.02902	0.02014	0.02169	0.01358	0.01856	0.01222	0.01501	0.05255	0.00362	0.27415	0.00679	0.00435	0.01001
84	0.01278	0.00959	0.01438	0.01438	0.01598	0.01118	0.01118	0.01598	0.01438	0.02077	0.02396	0.03515	0.02237	0.06710	0.65013	0.01438	0.02396	0.00959	0.00479	0.00799
85	0.01090	0.00779	0.01038	0.01246	0.01298	0.00727	0.00830	0.01246	0.01713	0.02284	0.04931	0.67975	0.05917	0.02803	0.01142	0.00363	0.00519	0.02543	0.00830	0.00727
86	0.03342	0.04264	0.02535	0.02305	0.02766	0.64967	0.01729	0.03572	0.02535	0.02190	0.01383	0.01613	0.01152	0.00922	0.00807	0.00230	0.01613	0.00576	0.00461	0.01037
87	0.01266	0.00914	0.01196	0.01126	0.01337	0.00844	0.00844	0.01688	0.02532	0.03588	0.62506	0.06683	0.08441	0.01829	0.01055	0.00281	0.00422	0.01618	0.00985	0.00844
88	0.01967	0.01712	0.02234	0.05840	0.16378	0.01861	0.01644	0.03430	0.30497	0.03440	0.17099	0.03824	0.03706	0.01247	0.00938	0.00289	0.00747	0.01095	0.00793	0.01258
89	0.01152	0.00908	0.01025	0.00997	0.01249	0.00796	0.00739	0.01446	0.02202	0.02854	0.30152	0.07712	0.38203	0.05153	0.01218	0.00320	0.00460	0.01753	0.00879	0.00781
90	0.01855	0.01590	0.01855	0.01325	0.02120	0.01193	0.01060	0.02253	0.01855	0.02915	0.01590	0.01855	0.01325	0.00663	0.00663	0.00133	0.00663	0.00530	0.00530	0.74028
91	0.01374	0.01112	0.01738	0.01630	0.01815	0.01305	0.04195	0.01707	0.01467	0.02123	0.02270	0.03335	0.02108	0.05998	0.56828	0.01297	0.07444	0.00950	0.00471	0.00834
92	0.02118	0.02083	0.03717	0.14686	0.45952	0.02124	0.10743	0.02691	0.02009	0.02816	0.01686	0.02269	0.01374	0.00806	0.00911	0.00276	0.01146	0.00833	0.00437	0.01322
93	0.01332	0.01037	0.01541	0.01510	0.01657	0.01246	0.01185	0.01641	0.01432	0.02083	0.02300	0.03392	0.02153	0.06304	0.60113	0.01355	0.07490	0.00945	0.00472	0.00813
94	0.02142	0.02172	0.04064	0.09707	0.40615	0.02157	0.20256	0.02747	0.02041	0.02856	0.01715	0.02289	0.01381	0.00791	0.00939	0.00279	0.01210	0.00877	0.00442	0.01319
95	0.02578	0.02476	0.02098	0.01816	0.02273	0.20969	0.01410	0.17983	0.10392	0.03723	0.20674	0.03531	0.03691	0.01278	0.00919	0.00265	0.00967	0.01012	0.00793	0.01153
96	0.06707	0.02458	0.02470	0.01942	0.02601	0.06626	0.01587	0.48947	0.03798	0.05084	0.02593	0.02583	0.06229	0.01145	0.00885	0.00269	0.00970	0.00859	0.00845	0.01403
97	0.01146	0.00835	0.00989	0.01085	0.01179	0.00776	0.00708	0.01271	0.01664	0.02148	0.05250	0.35349	0.18280	0.22616	0.02157	0.00502	0.00609	0.02014	0.00743	0.00677
98	0.01552	0.01346	0.01889	0.06720	0.02078	0.01699	0.01392	0.01778	0.01487	0.02144	0.05004	0.08531	0.02537	0.15601	0.17275	0.00711	0.25819	0.01102	0.00504	0.00828

[dist]
# distance from previous block
# <min> <max>
0	1

[block]
# block no. 4 follows, 19 sequences, length 7
# corresponding to MSA columns:
# 357-363
name=unknown_E
#
# <colnr> <probs for GDERKNQSTAVLIFYWHMCP>
#	G	D	E	R	K	N	Q	S	T	A	V	L	I	F	Y	W	H	M	C	P
0	0.01731	0.08017	0.11084	0.01555	0.02244	0.01515	0.01448	0.02191	0.01738	0.02591	0.01790	0.02293	0.01540	0.02416	0.18948	0.00530	0.01278	0.00666	0.00480	0.35944
1	0.02914	0.33488	0.03506	0.01956	0.02554	0.37278	0.01639	0.03170	0.02212	0.02151	0.01320	0.01533	0.01150	0.00851	0.00702	0.00213	0.01317	0.00532	0.00426	0.01087
2	0.01222	0.00840	0.01018	0.01086	0.01124	0.00815	0.00673	0.01317	0.01562	0.02101	0.09030	0.28257	0.04684	0.38830	0.03008	0.00633	0.00701	0.01776	0.00686	0.00636
3	0.01499	0.01352	0.01422	0.01378	0.01653	0.06947	0.01057	0.02030	0.08576	0.02394	0.04739	0.05074	0.22962	0.04026	0.29846	0.00808	0.01464	0.01249	0.00648	0.00876
4	0.03055	0.02158	0.02382	0.01856	0.02546	0.02278	0.01514	0.35813	0.13042	0.11871	0.02477	0.02408	0.01774	0.01041	0.00864	0.00255	0.00865	0.00810	0.00869	0.12121
5	0.01555	0.01468	0.02609	0.02206	0.02522	0.01512	0.18966	0.01918	0.01810	0.02472	0.03416	0.33941	0.03776	0.01973	0.01386	0.00352	0.10567	0.05983	0.00651	0.00917
6	0.02583	0.14603	0.03505	0.02471	0.02956	0.26127	0.13226	0.02918	0.02032	0.02299	0.01390	0.01828	0.01198	0.01024	0.01354	0.00278	0.17996	0.00706	0.00428	0.01075

[dist]
# distance from previous block
# <min> <max>
0	1

[block]
# block no. 5 follows, 19 sequences, length 29
# corresponding to MSA columns:
# 365-393
name=unknown_F
#
# <colnr> <probs for GDERKNQSTAVLIFYWHMCP>
#	G	D	E	R	K	N	Q	S	T	A	V	L	I	F	Y	W	H	M	C	P
0	0.08742	0.03803	0.44727	0.03071	0.16733	0.02082	0.02963	0.02795	0.01887	0.02964	0.01589	0.01920	0.01181	0.00836	0.00830	0.00279	0.01206	0.00675	0.00409	0.01310
1	0.28714	0.03070	0.02195	0.02125	0.06926	0.33187	0.01533	0.07396	0.02263	0.03152	0.01414	0.01642	0.01135	0.00891	0.00729	0.00252	0.01197	0.00577	0.00525	0.01078
2	0.01726	0.01234	0.01604	0.01568	0.01819	0.01334	0.01269	0.11800	0.02113	0.02850	0.03162	0.05740	0.03179	0.08611	0.22599	0.05591	0.01370	0.20870	0.00673	0.00887
3	0.02209	0.02140	0.03713	0.05406	0.60097	0.02132	0.05561	0.02752	0.02041	0.02920	0.01689	0.02224	0.01414	0.00795	0.00894	0.00267	0.01085	0.00810	0.00443	0.01407
4	0.03148	0.03954	0.02432	0.02223	0.02656	0.58979	0.01671	0.03387	0.02432	0.02179	0.01478	0.01792	0.01254	0.01465	0.06829	0.00344	0.01687	0.00612	0.00463	0.01015
5	0.20035	0.03074	0.02093	0.06113	0.02554	0.38283	0.01485	0.02980	0.02084	0.02555	0.01384	0.01757	0.01159	0.01156	0.01070	0.08946	0.01268	0.00592	0.00470	0.00942
6	0.05562	0.01854	0.03070	0.34009	0.33151	0.02055	0.02535	0.02523	0.01895	0.02676	0.01617	0.02257	0.01289	0.00845	0.00873	0.00282	0.01106	0.00781	0.00427	0.01195
7	0.01405	0.01134	0.01278	0.01203	0.01511	0.01118	0.00913	0.02225	0.15362	0.03214	0.30878	0.06615	0.26053	0.01845	0.01024	0.00293	0.00496	0.01578	0.00915	0.00940
8	0.01375	0.01171	0.01700	0.20754	0.06474	0.01234	0.01478	0.01739	0.01896	0.02415	0.04889	0.19713	0.20170	0.01920	0.01043	0.00328	0.00775	0.09381	0.00678	0.00869
9	0.01387	0.00944	0.01375	0.01369	0.01480	0.01073	0.01030	0.01528	0.01412	0.02042	0.02321	0.07092	0.02248	0.05050	0.39921	0.18503	0.04794	0.00995	0.04731	0.00707
10	0.01752	0.01654	0.02797	0.59106	0.12972	0.02004	0.02516	0.02341	0.01819	0.02362	0.01601	0.02365	0.01220	0.00883	0.00893	0.00294	0.01177	0.00795	0.00403	0.01045
11	0.01114	0.00797	0.01059	0.01230	0.01303	0.00743	0.00832	0.01305	0.01823	0.02460	0.12698	0.59706	0.06258	0.02671	0.01130	0.00352	0.00506	0.02418	0.00851	0.00743
12	0.01405	0.00967	0.01114	0.01044	0.01352	0.00838	0.00795	0.01709	0.02254	0.08549	0.26545	0.07439	0.38703	0.02010	0.01042	0.00293	0.00472	0.01704	0.00909	0.00857
13	0.03165	0.02733	0.02490	0.01989	0.02633	0.16283	0.01598	0.39496	0.03511	0.04517	0.01961	0.02056	0.01456	0.01000	0.00841	0.00245	0.01068	0.00730	0.04043	0.08184
14	0.02320	0.02326	0.03529	0.05192	0.57331	0.08019	0.02650	0.02823	0.02084	0.02854	0.01655	0.02158	0.01392	0.00809	0.00878	0.00262	0.01114	0.00776	0.00445	0.01381
15	0.02134	0.02334	0.06724	0.16908	0.32258	0.05878	0.15254	0.02734	0.02027	0.02735	0.01671	0.02240	0.01329	0.00817	0.00919	0.00279	0.01233	0.00834	0.00434	0.01259
16	0.37320	0.12694	0.20652	0.05926	0.02747	0.02257	0.01852	0.02675	0.01694	0.03261	0.01376	0.01642	0.01060	0.00831	0.00668	0.00267	0.00953	0.00557	0.00465	0.01103
17	0.01291	0.00906	0.01174	0.01174	0.01242	0.00975	0.00789	0.01428	0.01360	0.01881	0.02638	0.04852	0.02817	0.42056	0.30460	0.01112	0.01523	0.01154	0.00515	0.00652
18	0.02207	0.02054	0.03299	0.04659	0.50378	0.02001	0.02424	0.05147	0.02101	0.03039	0.01688	0.02152	0.01407	0.00787	0.00849	0.00244	0.00994	0.00754	0.00477	0.13340
19	0.03059	0.14694	0.02907	0.02182	0.02650	0.49170	0.01717	0.03295	0.02311	0.02172	0.01341	0.01616	0.01154	0.00955	0.00964	0.00239	0.07503	0.00579	0.00442	0.01050
20	0.01936	0.01960	0.01692	0.01581	0.01875	0.19388	0.01198	0.02440	0.06730	0.02885	0.28083	0.04321	0.04635	0.02535	0.14244	0.00508	0.01195	0.01137	0.00724	0.00933
21	0.02133	0.01978	0.02617	0.06123	0.25741	0.07664	0.01942	0.09764	0.02195	0.02932	0.02394	0.15870	0.02366	0.01711	0.05299	0.00371	0.06011	0.01150	0.00580	0.01160
22	0.02588	0.03109	0.06925	0.03607	0.28529	0.29078	0.02200	0.02995	0.02218	0.02553	0.01793	0.06879	0.01623	0.01005	0.00869	0.00259	0.01276	0.00824	0.00476	0.01195
23	0.02184	0.02094	0.03576	0.09041	0.59667	0.02118	0.02730	0.02719	0.02023	0.02886	0.01677	0.02224	0.01404	0.00803	0.00886	0.00268	0.01070	0.00797	0.00440	0.01392
24	0.01802	0.01577	0.02022	0.05176	0.16081	0.06158	0.01621	0.04797	0.02065	0.02662	0.03613	0.08986	0.07742	0.10253	0.01497	0.00400	0.00925	0.20990	0.00659	0.00971
25	0.02181	0.02073	0.03243	0.04228	0.39726	0.02227	0.04892	0.03124	0.15071	0.03009	0.02060	0.02441	0.01676	0.00979	0.01144	0.00291	0.08885	0.00854	0.00540	0.01355
26	0.02460	0.02205	0.03435	0.04779	0.50485	0.02260	0.02529	0.14625	0.02487	0.03486	0.01779	0.02200	0.01439	0.00855	0.00888	0.00266	0.01047	0.00799	0.00537	0.01439
27	0.02190	0.02175	0.03353	0.17893	0.46684	0.06798	0.02615	0.02712	0.02023	0.02736	0.01641	0.02205	0.01351	0.00827	0.00882	0.00270	0.01131	0.00780	0.00435	0.01301
28	0.02426	0.02415	0.03337	0.04533	0.45106	0.10348	0.02463	0.07103	0.02203	0.02962	0.01632	0.02108	0.01368	0.00905	0.01064	0.00273	0.07176	0.00768	0.00474	0.01336

[dist]
# distance from previous block
# <min> <max>
30	85

[block]
# block no. 6 follows, 19 sequences, length 20
# corresponding to MSA columns:
# 488-507
name=unknown_G
#
# <colnr> <probs for GDERKNQSTAVLIFYWHMCP>
#	G	D	E	R	K	N	Q	S	T	A	V	L	I	F	Y	W	H	M	C	P
0	0.17682	0.02361	0.03207	0.02697	0.07536	0.11418	0.22159	0.06230	0.05555	0.03150	0.01800	0.02220	0.01422	0.01409	0.06952	0.00389	0.01326	0.00818	0.00529	0.01139
1	0.02283	0.20451	0.12252	0.02458	0.03257	0.08518	0.18715	0.03278	0.14565	0.02781	0.01978	0.02201	0.01542	0.00883	0.00845	0.00264	0.01177	0.00794	0.00521	0.01235
2	0.02981	0.03471	0.02605	0.02291	0.02656	0.42063	0.01786	0.09024	0.02399	0.02536	0.01407	0.01760	0.01196	0.01108	0.01380	0.00277	0.18845	0.00655	0.00487	0.01072
3	0.02787	0.03237	0.02765	0.21045	0.03877	0.38030	0.05653	0.07319	0.02414	0.02515	0.01527	0.01929	0.01204	0.00914	0.00855	0.00258	0.01438	0.00688	0.00474	0.01071
4	0.02230	0.02210	0.02903	0.35304	0.19783	0.11439	0.02364	0.08070	0.02192	0.02752	0.01636	0.02205	0.01275	0.00891	0.00879	0.00277	0.01202	0.00764	0.00466	0.01158
5	0.02335	0.01798	0.02010	0.05871	0.02505	0.02023	0.01432	0.04358	0.47421	0.10551	0.03797	0.03535	0.05885	0.01239	0.00916	0.00300	0.00731	0.01033	0.00896	0.01365
6	0.03028	0.03751	0.02478	0.02246	0.02631	0.53001	0.01710	0.03261	0.02318	0.02177	0.01433	0.01794	0.01235	0.01424	0.05796	0.00338	0.09281	0.00629	0.00454	0.01013
7	0.01342	0.00838	0.01019	0.01094	0.01205	0.00843	0.00758	0.01582	0.01658	0.02509	0.03549	0.27024	0.03746	0.13623	0.10912	0.00553	0.00818	0.01544	0.24640	0.00742
8	0.01278	0.00959	0.01438	0.01438	0.01598	0.01118	0.01118	0.01598	0.01438	0.02077	0.02396	0.03515	0.02237	0.06710	0.65013	0.01438	0.02396	0.00959	0.00479	0.00799
9	0.02375	0.02560	0.02721	0.25601	0.15369	0.21335	0.02144	0.03133	0.10901	0.02594	0.01849	0.02258	0.01451	0.00932	0.00868	0.00272	0.01225	0.00761	0.00502	0.01150
10	0.01794	0.04628	0.63923	0.02550	0.03872	0.02078	0.03305	0.02833	0.01889	0.02833	0.01606	0.01889	0.01133	0.00850	0.00850	0.00283	0.01322	0.00661	0.00378	0.01322
11	0.01621	0.01144	0.01305	0.01246	0.01407	0.01173	0.00860	0.11000	0.01941	0.02570	0.03487	0.13295	0.06717	0.39624	0.03034	0.00634	0.00818	0.06683	0.00677	0.00764
12	0.09299	0.01511	0.01800	0.01518	0.02027	0.01523	0.01230	0.10660	0.05273	0.15982	0.02603	0.03175	0.02084	0.02432	0.16119	0.00537	0.01145	0.04388	0.04149	0.12546
13	0.02264	0.39827	0.07168	0.01899	0.02424	0.06383	0.01780	0.02559	0.01710	0.02165	0.01248	0.01643	0.01156	0.01045	0.01388	0.00265	0.22995	0.00595	0.00389	0.01095
14	0.19187	0.01481	0.01888	0.09557	0.12174	0.01622	0.01468	0.05167	0.04713	0.03026	0.02687	0.21116	0.02723	0.01988	0.06968	0.00413	0.00938	0.01250	0.00625	0.01009
15	0.12170	0.02570	0.09597	0.09887	0.32564	0.09986	0.05151	0.02805	0.01994	0.02907	0.01575	0.02026	0.01268	0.00830	0.00836	0.00269	0.01143	0.00724	0.00449	0.01248
16	0.02301	0.02413	0.03428	0.07704	0.35495	0.11552	0.07860	0.02758	0.01996	0.02648	0.01562	0.02112	0.01320	0.00942	0.01225	0.00286	0.11930	0.00786	0.00436	0.01246
17	0.20205	0.02625	0.18876	0.03304	0.26537	0.02057	0.02331	0.02646	0.01801	0.03078	0.01523	0.01947	0.01224	0.00952	0.01001	0.03338	0.04209	0.00682	0.00449	0.01216
18	0.02398	0.02474	0.03453	0.04972	0.53162	0.12370	0.02580	0.02880	0.02118	0.02803	0.01634	0.02116	0.01374	0.00817	0.00873	0.00260	0.01153	0.00761	0.00446	0.01355
19	0.02503	0.06625	0.15275	0.03578	0.26859	0.08848	0.04729	0.14846	0.02505	0.03351	0.01715	0.02039	0.01339	0.00875	0.00862	0.00263	0.01166	0.00742	0.00524	0.01358

[dist]
# distance from previous block
# <min> <max>
17	75

[block]
# block no. 7 follows, 19 sequences, length 8
# corresponding to MSA columns:
# 626-633
name=unknown_H
#
# <colnr> <probs for GDERKNQSTAVLIFYWHMCP>
#	G	D	E	R	K	N	Q	S	T	A	V	L	I	F	Y	W	H	M	C	P
0	0.01903	0.21196	0.22188	0.04413	0.02764	0.02246	0.01979	0.02805	0.11344	0.02769	0.07389	0.03318	0.07632	0.01154	0.00835	0.00268	0.00950	0.03109	0.00570	0.01167
1	0.01793	0.02020	0.11714	0.02786	0.21675	0.04847	0.01816	0.02227	0.01856	0.02643	0.02604	0.15379	0.02593	0.10465	0.01389	0.00359	0.00912	0.01172	0.10701	0.01049
2	0.02540	0.08129	0.22099	0.02116	0.02957	0.02370	0.02161	0.29320	0.02987	0.04062	0.02266	0.03117	0.01875	0.01174	0.00903	0.00287	0.01067	0.08555	0.00681	0.01332
3	0.01669	0.10556	0.38754	0.01980	0.02926	0.01856	0.02354	0.02412	0.01995	0.02793	0.11228	0.03570	0.11879	0.01201	0.00881	0.00276	0.01019	0.00969	0.00535	0.01147
4	0.12677	0.03369	0.12864	0.02735	0.06263	0.26400	0.17428	0.03095	0.02154	0.02762	0.01528	0.01878	0.01192	0.00847	0.00849	0.00266	0.01384	0.00716	0.00458	0.01137
5	0.01842	0.17665	0.33279	0.02171	0.03046	0.02242	0.05375	0.02497	0.01817	0.02537	0.02030	0.12278	0.01908	0.01192	0.01010	0.00285	0.06263	0.00949	0.00455	0.01157
6	0.01999	0.12540	0.03636	0.25119	0.14425	0.02230	0.14680	0.02549	0.01913	0.02560	0.01599	0.02154	0.01274	0.00802	0.00852	0.00259	0.01144	0.00773	0.00429	0.09063
7	0.11649	0.12500	0.02943	0.10996	0.11140	0.02511	0.01906	0.02514	0.01672	0.05751	0.01444	0.01959	0.01234	0.01123	0.01589	0.00309	0.26500	0.00706	0.00457	0.01095

[dist]
# distance from previous block
# <min> <max>
25	137

[block]
# block no. 8 follows, 19 sequences, length 7
# corresponding to MSA columns:
# 778-784
name=unknown_I
#
# <colnr> <probs for GDERKNQSTAVLIFYWHMCP>
#	G	D	E	R	K	N	Q	S	T	A	V	L	I	F	Y	W	H	M	C	P
0	0.02266	0.13902	0.02851	0.22577	0.11530	0.01996	0.01832	0.02690	0.01932	0.12413	0.01935	0.02445	0.01532	0.05187	0.01037	0.00284	0.00967	0.00750	0.00545	0.11329
1	0.10033	0.36330	0.03370	0.01800	0.06722	0.06680	0.01468	0.08721	0.02110	0.02918	0.01615	0.01848	0.01349	0.00856	0.00651	0.00219	0.00906	0.00593	0.10673	0.01138
2	0.01148	0.00886	0.01048	0.01058	0.01277	0.00786	0.00774	0.01440	0.02178	0.02865	0.29899	0.18882	0.30159	0.02189	0.01072	0.00305	0.00453	0.01901	0.00893	0.00786
3	0.19235	0.02300	0.20622	0.01644	0.02260	0.01566	0.01674	0.02373	0.01725	0.06880	0.02384	0.03983	0.02248	0.17752	0.01748	0.00443	0.00953	0.08649	0.00571	0.00990
4	0.03043	0.02676	0.02790	0.09396	0.11534	0.13930	0.01934	0.35616	0.03343	0.04276	0.01885	0.02085	0.01405	0.00989	0.00878	0.00264	0.01132	0.00761	0.00700	0.01363
5	0.01886	0.23479	0.34506	0.01954	0.02867	0.02300	0.02264	0.02507	0.01760	0.02412	0.01717	0.02474	0.01524	0.13158	0.01441	0.00362	0.01129	0.00722	0.00409	0.01127
6	0.01997	0.11217	0.11242	0.01620	0.02185	0.01762	0.01515	0.12635	0.02360	0.06596	0.04159	0.14980	0.14988	0.01673	0.00954	0.00298	0.00816	0.07194	0.00729	0.01081

[dist]
# distance from previous block
# <min> <max>
53	172

[block]
# block no. 9 follows, 19 sequences, length 15
# corresponding to MSA columns:
# 993-1007
name=unknown_J
#
# <colnr> <probs for GDERKNQSTAVLIFYWHMCP>
#	G	D	E	R	K	N	Q	S	T	A	V	L	I	F	Y	W	H	M	C	P
0	0.03176	0.03988	0.02560	0.02310	0.02716	0.57528	0.01756	0.03403	0.02396	0.02185	0.01358	0.01654	0.01155	0.00999	0.01061	0.00250	0.09421	0.00601	0.00453	0.01030
1	0.02355	0.02736	0.01879	0.01840	0.02122	0.36799	0.01335	0.02552	0.02175	0.02231	0.02939	0.30712	0.03242	0.01747	0.00954	0.00289	0.01134	0.01439	0.00623	0.00901
2	0.01092	0.00813	0.01018	0.01166	0.01280	0.00739	0.00799	0.01277	0.01827	0.02382	0.08883	0.51868	0.18325	0.02635	0.01119	0.00346	0.00500	0.02352	0.00839	0.00739
3	0.01494	0.01331	0.01949	0.01807	0.01893	0.01587	0.05146	0.01694	0.01586	0.02240	0.03195	0.35214	0.03685	0.06275	0.02015	0.00401	0.25310	0.01713	0.00624	0.00841
4	0.01491	0.01271	0.01845	0.01723	0.01833	0.01626	0.01381	0.01771	0.01417	0.02101	0.02014	0.03027	0.01904	0.05100	0.45592	0.01110	0.22584	0.00904	0.00452	0.00855
5	0.02993	0.16238	0.03122	0.02688	0.13435	0.38455	0.01850	0.03294	0.02309	0.05593	0.01525	0.01763	0.01256	0.00879	0.00781	0.00232	0.01342	0.00614	0.00477	0.01153
6	0.01790	0.01216	0.01487	0.01432	0.01639	0.01258	0.01038	0.16103	0.02209	0.02953	0.03394	0.35225	0.03729	0.02440	0.01660	0.18477	0.00700	0.01668	0.00738	0.00845
7	0.01422	0.01170	0.01713	0.01630	0.01756	0.01461	0.01296	0.01715	0.01424	0.02093	0.02138	0.03185	0.02012	0.05622	0.51891	0.01217	0.16036	0.00921	0.00461	0.00837
8	0.01324	0.00913	0.01104	0.01129	0.01330	0.00828	0.00819	0.01562	0.01993	0.05938	0.16882	0.22691	0.23690	0.10193	0.01499	0.00387	0.00555	0.05536	0.00840	0.00787
9	0.02091	0.02139	0.04060	0.14935	0.32889	0.02151	0.22944	0.02712	0.02023	0.02797	0.01713	0.02313	0.01359	0.00798	0.00948	0.00284	0.01242	0.00889	0.00439	0.01272
10	0.02574	0.02807	0.03282	0.04476	0.43786	0.22155	0.02421	0.03009	0.02196	0.02689	0.01587	0.02023	0.01333	0.00837	0.00861	0.00254	0.01238	0.00727	0.00449	0.01296
11	0.03111	0.03585	0.02573	0.02385	0.05662	0.45315	0.01760	0.12108	0.02646	0.02754	0.01552	0.01838	0.01276	0.01255	0.04015	0.00306	0.05566	0.00654	0.00524	0.01116
12	0.01876	0.03487	0.38578	0.14690	0.18375	0.02073	0.03025	0.02714	0.01906	0.02757	0.01621	0.02055	0.01212	0.00845	0.00866	0.00282	0.01237	0.00718	0.00397	0.01286
13	0.03045	0.03477	0.02849	0.03134	0.18995	0.40595	0.01999	0.10095	0.02601	0.02799	0.01555	0.01839	0.01268	0.00906	0.00839	0.00245	0.01390	0.00663	0.00508	0.01197
14	0.02422	0.02579	0.03197	0.04429	0.44412	0.17528	0.02370	0.02861	0.02160	0.02712	0.02054	0.02452	0.05046	0.00917	0.00877	0.00259	0.01162	0.00809	0.00471	0.01284

[dist]
# distance from previous block
# <min> <max>
0	1

[block]
# block no. 10 follows, 19 sequences, length 38
# corresponding to MSA columns:
# 1009-1046
name=unknown_K
#
# <colnr> <probs for GDERKNQSTAVLIFYWHMCP>
#	G	D	E	R	K	N	Q	S	T	A	V	L	I	F	Y	W	H	M	C	P
0	0.01933	0.01829	0.02969	0.04377	0.47962	0.01793	0.02243	0.02390	0.02038	0.02800	0.03477	0.03769	0.16294	0.01154	0.00927	0.00275	0.00915	0.01062	0.00537	0.01256
1	0.02214	0.02126	0.03631	0.05491	0.62978	0.02126	0.02746	0.02746	0.02037	0.02923	0.01683	0.02214	0.01417	0.00797	0.00886	0.00266	0.01063	0.00797	0.00443	0.01417
2	0.03342	0.04264	0.02535	0.02305	0.02766	0.64967	0.01729	0.03572	0.02535	0.02190	0.01383	0.01613	0.01152	0.00922	0.00807	0.00230	0.01613	0.00576	0.00461	0.01037
3	0.01170	0.00911	0.01063	0.01025	0.01278	0.00803	0.00768	0.01502	0.02305	0.03049	0.37913	0.07570	0.33370	0.02030	0.01056	0.00291	0.00436	0.01742	0.00914	0.00803
4	0.01322	0.01290	0.05090	0.01797	0.02077	0.01090	0.12242	0.01638	0.01798	0.02424	0.04162	0.52010	0.04797	0.02310	0.01110	0.00347	0.00750	0.02161	0.00735	0.00849
5	0.02834	0.03288	0.02932	0.03519	0.26241	0.36641	0.02107	0.03321	0.05901	0.02570	0.01637	0.01952	0.01351	0.00891	0.00844	0.00249	0.01344	0.00689	0.00481	0.01208
