[name]
unknown

[dist]
# distance from previous block
# <min> <max>
0	21

[block]
# block no. 0 follows, 22 sequences, length 21
# corresponding to MSA columns:
# 22-42
name=unknown_A
#
# <colnr> <probs for GDERKNQSTAVLIFYWHMCP>
#	G	D	E	R	K	N	Q	S	T	A	V	L	I	F	Y	W	H	M	C	P
0	0.01706	0.06191	0.02019	0.02244	0.13661	0.07880	0.01595	0.02084	0.01937	0.02448	0.03347	0.06696	0.03522	0.01758	0.01006	0.00327	0.00887	0.39149	0.00639	0.00907
1	0.02740	0.18021	0.02951	0.02479	0.12968	0.42854	0.01723	0.03012	0.02135	0.02130	0.01303	0.01556	0.01110	0.00806	0.00715	0.00212	0.01283	0.00550	0.00410	0.01044
2	0.02166	0.20691	0.20684	0.02920	0.21942	0.13197	0.02245	0.02684	0.01879	0.02384	0.01392	0.01696	0.01139	0.00765	0.00727	0.00228	0.01112	0.00596	0.00383	0.01169
3	0.02344	0.02137	0.02657	0.06965	0.32480	0.12733	0.01957	0.05199	0.08001	0.09201	0.02349	0.02557	0.05866	0.00934	0.00825	0.00250	0.00977	0.00805	0.00557	0.01207
4	0.01958	0.02561	0.19319	0.04409	0.49953	0.01963	0.02681	0.02570	0.01857	0.02693	0.01544	0.01980	0.01249	0.00753	0.00814	0.00251	0.01048	0.00708	0.00396	0.01294
5	0.02384	0.02881	0.05846	0.11014	0.15616	0.28575	0.16538	0.02840	0.02063	0.02351	0.01465	0.01880	0.01167	0.00791	0.00830	0.00246	0.01318	0.00709	0.00413	0.01075
6	0.01076	0.00812	0.00979	0.01040	0.01194	0.00728	0.00720	0.01264	0.01729	0.02274	0.12484	0.36759	0.20941	0.09017	0.01323	0.00350	0.00493	0.01899	0.00749	0.04170
7	0.16580	0.02567	0.02120	0.01954	0.05730	0.22834	0.01453	0.16182	0.16490	0.03404	0.01904	0.01971	0.01458	0.00926	0.00749	0.00247	0.00994	0.00668	0.00625	0.01147
8	0.01253	0.00898	0.00949	0.00905	0.01221	0.00753	0.00690	0.01475	0.01941	0.08569	0.07908	0.07484	0.59032	0.01998	0.00967	0.00278	0.00449	0.01663	0.00797	0.00772
9	0.03201	0.02741	0.02299	0.04916	0.02605	0.28947	0.01536	0.21407	0.02797	0.18482	0.01988	0.02001	0.01413	0.00939	0.00798	0.00238	0.01113	0.00681	0.00692	0.01206
10	0.02936	0.16881	0.02751	0.01985	0.02484	0.50577	0.01568	0.07258	0.02332	0.02239	0.01308	0.01500	0.01093	0.00838	0.00713	0.00209	0.01340	0.00532	0.00442	0.01014
11	0.01044	0.00736	0.00955	0.01116	0.01157	0.00696	0.00728	0.01165	0.01529	0.02039	0.04263	0.59827	0.05096	0.13581	0.01570	0.00413	0.00534	0.02176	0.00728	0.00647
12	0.01208	0.00805	0.00906	0.00906	0.00906	0.00805	0.00503	0.01208	0.01208	0.01611	0.02618	0.05436	0.03020	0.70804	0.04228	0.00805	0.00805	0.01208	0.00503	0.00503
13	0.01937	0.01594	0.02396	0.19301	0.22799	0.01721	0.01906	0.02776	0.14046	0.07678	0.06605	0.03363	0.02343	0.01079	0.00873	0.00276	0.00869	0.06701	0.00602	0.01136
14	0.02842	0.02202	0.02080	0.01762	0.02296	0.14602	0.01390	0.13422	0.27681	0.18607	0.02729	0.02548	0.01958	0.01030	0.00822	0.00258	0.00873	0.00805	0.00806	0.01286
15	0.10535	0.11972	0.02454	0.01954	0.06208	0.28856	0.01470	0.14285	0.02406	0.02974	0.04948	0.01917	0.01548	0.00898	0.00721	0.00224	0.01073	0.00631	0.03867	0.01060
16	0.02546	0.15569	0.02834	0.16733	0.07119	0.29633	0.01781	0.09755	0.02230	0.02452	0.01402	0.01717	0.01133	0.00833	0.00741	0.00227	0.01200	0.00600	0.00447	0.01048
17	0.01853	0.14221	0.06176	0.09521	0.02340	0.13829	0.01371	0.04636	0.01955	0.02377	0.11933	0.11349	0.05452	0.08139	0.01153	0.00303	0.00897	0.01044	0.00558	0.00893
18	0.06058	0.05917	0.10129	0.11565	0.05880	0.33312	0.01877	0.10835	0.02300	0.02647	0.01431	0.01706	0.01121	0.00848	0.00760	0.00235	0.01247	0.00603	0.00464	0.01065
19	0.32339	0.14786	0.02287	0.14490	0.02711	0.16608	0.01423	0.02582	0.01719	0.02720	0.01246	0.01547	0.01008	0.00790	0.00631	0.00237	0.00966	0.00523	0.00438	0.00948
20	0.18336	0.02039	0.06848	0.04053	0.47756	0.01947	0.02222	0.02531	0.01779	0.02930	0.01469	0.01883	0.01208	0.00750	0.00753	0.00250	0.00927	0.00669	0.00430	0.01219

[dist]
# distance from previous block
# <min> <max>
6	56

[block]
# block no. 1 follows, 22 sequences, length 29
# corresponding to MSA columns:
# 99-127
name=unknown_B
#
# <colnr> <probs for GDERKNQSTAVLIFYWHMCP>
#	G	D	E	R	K	N	Q	S	T	A	V	L	I	F	Y	W	H	M	C	P
0	0.06179	0.02214	0.06254	0.03222	0.29165	0.05046	0.02019	0.23352	0.02578	0.03583	0.01903	0.02547	0.01582	0.00964	0.00831	0.00259	0.00963	0.05489	0.00587	0.01263
1	0.01985	0.01988	0.02481	0.20798	0.23483	0.13026	0.01936	0.05311	0.02074	0.02628	0.10936	0.02858	0.04992	0.00995	0.00842	0.00253	0.00993	0.00859	0.00511	0.01051
2	0.01274	0.01651	0.15404	0.11053	0.02371	0.01146	0.01478	0.01728	0.01872	0.02568	0.20066	0.21947	0.10873	0.01661	0.00939	0.00286	0.00703	0.01456	0.00661	0.00862
3	0.01942	0.01757	0.01401	0.01280	0.01652	0.18615	0.00976	0.02169	0.02086	0.11355	0.05774	0.05518	0.39064	0.01616	0.00899	0.00259	0.00750	0.01296	0.00716	0.00873
4	0.01228	0.02085	0.24475	0.01391	0.02012	0.01143	0.01509	0.01710	0.01843	0.02383	0.05923	0.05748	0.42164	0.01631	0.00913	0.00274	0.00711	0.01343	0.00620	0.00891
5	0.01884	0.46033	0.03361	0.10982	0.02443	0.02531	0.01397	0.02203	0.01788	0.02182	0.10121	0.02671	0.07547	0.00977	0.00673	0.00212	0.00815	0.00737	0.00466	0.00977
6	0.02420	0.02519	0.11790	0.17218	0.13065	0.08249	0.02104	0.26094	0.02651	0.03494	0.01676	0.01972	0.01247	0.00878	0.00816	0.00254	0.01067	0.00706	0.00559	0.01222
7	0.01574	0.03216	0.43229	0.02429	0.11951	0.01670	0.02467	0.02308	0.01804	0.02559	0.03001	0.03149	0.15003	0.01067	0.00836	0.00265	0.01018	0.00879	0.00451	0.01126
8	0.02030	0.01947	0.03325	0.08514	0.62411	0.01967	0.02537	0.02527	0.01879	0.02682	0.01558	0.02065	0.01305	0.00745	0.00823	0.00248	0.00993	0.00740	0.00409	0.01295
9	0.02056	0.01974	0.03372	0.05099	0.65622	0.01974	0.02550	0.02550	0.01892	0.02714	0.01563	0.02056	0.01316	0.00740	0.00822	0.00247	0.00987	0.00740	0.00411	0.01316
10	0.01882	0.01797	0.03098	0.04197	0.47460	0.01759	0.08041	0.02339	0.01847	0.02624	0.02002	0.11836	0.01906	0.00997	0.00862	0.00257	0.00937	0.00984	0.00467	0.04707
11	0.03129	0.03199	0.02419	0.02034	0.02572	0.37227	0.01593	0.31062	0.03077	0.03526	0.01615	0.01729	0.01230	0.00922	0.00787	0.00230	0.01226	0.00634	0.00616	0.01173
12	0.00982	0.00842	0.00842	0.00842	0.01122	0.00701	0.00631	0.01192	0.01894	0.02244	0.08416	0.07995	0.65285	0.02104	0.00982	0.00281	0.00421	0.01753	0.00771	0.00701
13	0.01443	0.00722	0.01082	0.01082	0.01082	0.00722	0.00722	0.01082	0.01082	0.01443	0.01443	0.02525	0.01443	0.02886	0.03247	0.75830	0.00722	0.00722	0.00361	0.00361
14	0.03158	0.02327	0.02493	0.01911	0.02576	0.02576	0.01579	0.62852	0.03906	0.05236	0.01995	0.01995	0.01413	0.00997	0.00831	0.00249	0.00914	0.00748	0.00831	0.01413
15	0.01007	0.00744	0.00943	0.01102	0.01191	0.00679	0.00747	0.01163	0.01643	0.02142	0.05246	0.59427	0.15899	0.02516	0.01047	0.00327	0.00471	0.02256	0.00771	0.00679
16	0.01208	0.00805	0.00906	0.00906	0.00906	0.00805	0.00503	0.01208	0.01208	0.01611	0.02618	0.05436	0.03020	0.70804	0.04228	0.00805	0.00805	0.01208	0.00503	0.00503
17	0.02616	0.02058	0.02188	0.01802	0.02370	0.02323	0.01448	0.33825	0.33816	0.04361	0.02683	0.02543	0.01971	0.01062	0.00838	0.00265	0.00787	0.00843	0.00838	0.01364
18	0.02483	0.03073	0.06824	0.03181	0.17261	0.31655	0.18197	0.02931	0.02112	0.02387	0.01464	0.01836	0.01175	0.00785	0.00830	0.00242	0.01342	0.00704	0.00418	0.01099
19	0.01132	0.00827	0.01063	0.01048	0.01225	0.00758	0.00769	0.01466	0.02182	0.03033	0.50064	0.17497	0.12059	0.01888	0.00994	0.00276	0.00410	0.01672	0.00878	0.00758
20	0.18947	0.34294	0.08874	0.01493	0.02155	0.02575	0.01433	0.02908	0.15155	0.02747	0.01669	0.01758	0.01346	0.00822	0.00620	0.00226	0.00814	0.00568	0.00497	0.01097
21	0.02552	0.21235	0.25840	0.01817	0.02677	0.05368	0.01959	0.03085	0.01968	0.22933	0.01967	0.01975	0.01381	0.00849	0.00734	0.00236	0.00983	0.00636	0.00575	0.01231
22	0.02469	0.02045	0.02632	0.08249	0.02977	0.02227	0.10293	0.29616	0.19694	0.03971	0.02253	0.02337	0.01659	0.00955	0.00845	0.00259	0.00917	0.00819	0.00716	0.05066
23	0.05177	0.01557	0.01435	0.01326	0.01625	0.12583	0.00981	0.02353	0.07103	0.11518	0.14963	0.12816	0.10224	0.11051	0.01346	0.00341	0.00733	0.01245	0.00733	0.00891
24	0.29803	0.02386	0.08514	0.05946	0.21972	0.13320	0.01813	0.02630	0.01771	0.02934	0.01353	0.01676	0.01083	0.00781	0.00693	0.00248	0.00978	0.00585	0.00444	0.01073
25	0.08103	0.27302	0.28226	0.02404	0.13709	0.02411	0.02219	0.02551	0.01727	0.02497	0.01357	0.01625	0.01090	0.00752	0.00682	0.00230	0.01018	0.00563	0.00376	0.01159
26	0.02589	0.02196	0.06252	0.03244	0.30301	0.07962	0.01989	0.13843	0.02404	0.14522	0.05026	0.02317	0.01747	0.00899	0.00825	0.00248	0.00955	0.00770	0.00621	0.01288
27	0.02262	0.13764	0.02742	0.18002	0.15171	0.02011	0.01771	0.03010	0.12515	0.14149	0.02091	0.02271	0.01563	0.00869	0.00771	0.00244	0.00874	0.00728	0.00582	0.04609
28	0.15411	0.28693	0.03148	0.02359	0.16622	0.16640	0.01627	0.02673	0.01831	0.02455	0.01276	0.01537	0.01095	0.00760	0.00643	0.00215	0.01000	0.00532	0.00412	0.01072

[dist]
# distance from previous block
# <min> <max>
2	96

[block]
# block no. 2 follows, 22 sequences, length 18
# corresponding to MSA columns:
# 224-241
name=unknown_C
#
# <colnr> <probs for GDERKNQSTAVLIFYWHMCP>
#	G	D	E	R	K	N	Q	S	T	A	V	L	I	F	Y	W	H	M	C	P
0	0.02468	0.11563	0.13679	0.05199	0.02746	0.21792	0.01843	0.15692	0.02344	0.02829	0.01748	0.01968	0.03846	0.00967	0.00955	0.00246	0.07853	0.00663	0.00498	0.01101
1	0.02023	0.09081	0.13156	0.01703	0.02342	0.06692	0.01577	0.09813	0.15396	0.02968	0.02345	0.08035	0.02051	0.01098	0.00792	0.00242	0.00855	0.04718	0.00606	0.14506
2	0.02652	0.14195	0.02506	0.01664	0.02267	0.13384	0.01371	0.20741	0.05193	0.09464	0.01952	0.05214	0.01574	0.00947	0.00742	0.00216	0.00908	0.00712	0.00640	0.13660
3	0.01705	0.04463	0.01408	0.01148	0.01515	0.01125	0.00903	0.02282	0.10783	0.13437	0.21170	0.05658	0.27942	0.01615	0.00916	0.00267	0.00517	0.01357	0.00842	0.00946
4	0.02236	0.51472	0.14746	0.01673	0.02437	0.11021	0.01726	0.02615	0.01782	0.02080	0.01228	0.01425	0.01064	0.00742	0.00604	0.00197	0.01022	0.00485	0.00364	0.01081
5	0.01869	0.02046	0.01521	0.01415	0.01722	0.26467	0.01061	0.02145	0.02234	0.02551	0.25913	0.04852	0.20044	0.01478	0.00891	0.00248	0.00826	0.01194	0.00690	0.00832
6	0.01160	0.00813	0.00892	0.00892	0.00952	0.00783	0.00531	0.01205	0.01355	0.01746	0.03860	0.05985	0.16360	0.56086	0.03533	0.00693	0.00723	0.01325	0.00561	0.00546
7	0.01208	0.00805	0.00906	0.00906	0.00906	0.00805	0.00503	0.01208	0.01208	0.01611	0.02618	0.05436	0.03020	0.70804	0.04228	0.00805	0.00805	0.01208	0.00503	0.00503
8	0.02480	0.02196	0.02098	0.01804	0.02320	0.10318	0.01420	0.19550	0.40718	0.03756	0.02759	0.02612	0.02060	0.01060	0.00830	0.00265	0.00829	0.00839	0.00790	0.01297
9	0.01852	0.01526	0.01763	0.01298	0.01979	0.01261	0.01040	0.09587	0.02050	0.03077	0.07282	0.02160	0.01849	0.00760	0.00675	0.00151	0.00632	0.00615	0.00572	0.59872
10	0.01693	0.01603	0.02716	0.52560	0.20998	0.01878	0.02369	0.02231	0.01720	0.02273	0.01499	0.02174	0.01161	0.00808	0.00828	0.00269	0.01077	0.00739	0.00380	0.01023
11	0.03117	0.03536	0.02390	0.02081	0.02570	0.50634	0.01598	0.18763	0.02757	0.02864	0.01468	0.01627	0.01159	0.00893	0.00770	0.00223	0.01347	0.00590	0.00533	0.01080
12	0.02017	0.01048	0.01309	0.01129	0.01513	0.00911	0.00887	0.02322	0.02203	0.25333	0.23620	0.05619	0.25544	0.01599	0.00929	0.00266	0.00514	0.01351	0.00906	0.00980
13	0.01854	0.01520	0.01736	0.01476	0.02002	0.01478	0.01187	0.08149	0.20474	0.03097	0.02737	0.06734	0.02446	0.01184	0.00815	0.00236	0.00674	0.10931	0.00688	0.30583
14	0.01810	0.02907	0.27781	0.14348	0.03979	0.05085	0.19929	0.02530	0.01824	0.02528	0.01532	0.01961	0.01141	0.00757	0.00833	0.00254	0.01210	0.00726	0.00392	0.08473
15	0.21747	0.02671	0.02410	0.02884	0.23931	0.28076	0.01747	0.02828	0.01953	0.02704	0.01347	0.01651	0.01110	0.00794	0.00714	0.00236	0.01102	0.00583	0.00445	0.01068
16	0.11906	0.13534	0.02696	0.11625	0.27036	0.01947	0.01770	0.02233	0.01762	0.02561	0.02611	0.02884	0.12244	0.00987	0.00760	0.00246	0.00842	0.00825	0.00472	0.01059
17	0.02252	0.02649	0.19504	0.02951	0.16943	0.02088	0.12178	0.15759	0.08442	0.06147	0.01912	0.02133	0.01413	0.00852	0.00845	0.00261	0.01057	0.00773	0.00557	0.01286

[dist]
# distance from previous block
# <min> <max>
0	64

[block]
# block no. 3 follows, 22 sequences, length 48
# corresponding to MSA columns:
# 306-353
name=unknown_D
#
# <colnr> <probs for GDERKNQSTAVLIFYWHMCP>
#	G	D	E	R	K	N	Q	S	T	A	V	L	I	F	Y	W	H	M	C	P
0	0.09232	0.01787	0.02320	0.06070	0.21286	0.01971	0.01698	0.09303	0.22211	0.03314	0.07541	0.02671	0.02216	0.01010	0.00891	0.00267	0.03522	0.00842	0.00644	0.01204
1	0.19827	0.02529	0.01921	0.04843	0.02289	0.29122	0.01364	0.09581	0.02090	0.02782	0.01522	0.01886	0.01261	0.01862	0.13263	0.00442	0.01350	0.00616	0.00495	0.00957
2	0.02626	0.01492	0.01767	0.01480	0.01972	0.01495	0.01175	0.14446	0.13786	0.27063	0.03834	0.12499	0.09897	0.01381	0.00884	0.00274	0.00673	0.01153	0.00893	0.01212
3	0.09672	0.02801	0.02359	0.06356	0.16613	0.33836	0.01704	0.05853	0.02161	0.02534	0.01987	0.02226	0.06585	0.00934	0.00771	0.00236	0.01158	0.00699	0.00479	0.01034
4	0.15924	0.01720	0.02486	0.09062	0.21566	0.01671	0.07171	0.02350	0.01731	0.02841	0.01461	0.01847	0.01185	0.00710	0.00712	0.00214	0.00851	0.00627	0.00454	0.25418
5	0.23642	0.05185	0.01979	0.07271	0.02390	0.06327	0.01343	0.12050	0.25126	0.03526	0.02140	0.02175	0.01618	0.00944	0.00726	0.00260	0.00794	0.00705	0.00658	0.01143
6	0.01012	0.00723	0.00964	0.01157	0.01205	0.00675	0.00771	0.01157	0.01591	0.02121	0.04579	0.70262	0.05495	0.02603	0.01060	0.00337	0.00482	0.02362	0.00771	0.00675
7	0.01208	0.00805	0.00906	0.00906	0.00906	0.00805	0.00503	0.01208	0.01208	0.01611	0.02618	0.05436	0.03020	0.70804	0.04228	0.00805	0.00805	0.01208	0.00503	0.00503
8	0.01939	0.01854	0.03161	0.20392	0.51243	0.01943	0.02491	0.02447	0.01836	0.02572	0.01542	0.02094	0.01266	0.00762	0.00824	0.00254	0.01016	0.00740	0.00401	0.01222
9	0.02862	0.03502	0.02589	0.02822	0.17093	0.52383	0.01823	0.03140	0.02248	0.02190	0.01348	0.01627	0.01127	0.00829	0.00766	0.00222	0.01380	0.00582	0.00424	0.01044
10	0.01756	0.01289	0.01543	0.04112	0.01904	0.01367	0.01152	0.02875	0.25499	0.08502	0.22527	0.05129	0.07683	0.01497	0.00935	0.00287	0.00602	0.09460	0.00848	0.01036
11	0.01832	0.02410	0.15273	0.02609	0.03090	0.02297	0.20128	0.02315	0.01568	0.02315	0.01341	0.01931	0.01134	0.01105	0.01843	0.00320	0.36300	0.00781	0.00378	0.01032
12	0.01891	0.07486	0.49002	0.02414	0.03492	0.06265	0.09726	0.05441	0.01912	0.02680	0.01505	0.01783	0.01095	0.00789	0.00797	0.00257	0.01233	0.00649	0.00386	0.01198
13	0.03103	0.03959	0.02354	0.02140	0.02568	0.67469	0.01605	0.03317	0.02354	0.02033	0.01284	0.01498	0.01070	0.00856	0.00749	0.00214	0.01498	0.00535	0.00428	0.00963
14	0.01624	0.01716	0.05808	0.01826	0.02287	0.07653	0.12048	0.02028	0.01650	0.02259	0.01971	0.05687	0.01784	0.03234	0.30239	0.00712	0.01577	0.00853	0.00458	0.14587
15	0.01950	0.38609	0.34677	0.01883	0.02846	0.02625	0.02226	0.02557	0.01720	0.02285	0.01319	0.01538	0.01059	0.00749	0.00658	0.00219	0.01054	0.00527	0.00353	0.01145
16	0.00982	0.00842	0.00842	0.00842	0.01122	0.00701	0.00631	0.01192	0.01894	0.02244	0.08416	0.07995	0.65285	0.02104	0.00982	0.00281	0.00421	0.01753	0.00771	0.00701
17	0.01958	0.01923	0.03426	0.16004	0.46844	0.01969	0.10662	0.02490	0.01861	0.02604	0.01564	0.02109	0.01272	0.00751	0.00845	0.00257	0.01064	0.00772	0.00405	0.01221
18	0.02206	0.02299	0.03096	0.10662	0.48011	0.14278	0.02349	0.02653	0.01956	0.02529	0.01502	0.01966	0.01250	0.00771	0.00809	0.00243	0.01095	0.00701	0.00410	0.01212
19	0.01666	0.04297	0.66500	0.02368	0.03596	0.01929	0.03069	0.02631	0.01754	0.02631	0.01491	0.01754	0.01052	0.00789	0.00789	0.00263	0.01228	0.00614	0.00351	0.01228
20	0.00982	0.00842	0.00842	0.00842	0.01122	0.00701	0.00631	0.01192	0.01894	0.02244	0.08416	0.07995	0.65285	0.02104	0.00982	0.00281	0.00421	0.01753	0.00771	0.00701
21	0.01699	0.04100	0.61136	0.02600	0.08866	0.01933	0.03025	0.02624	0.01766	0.02638	0.01497	0.01780	0.01075	0.00785	0.00792	0.00262	0.01207	0.00625	0.00356	0.01235
22	0.03034	0.09525	0.02537	0.02057	0.02532	0.55782	0.01587	0.08965	0.02447	0.02334	0.01341	0.01532	0.01103	0.00857	0.00739	0.00214	0.01390	0.00548	0.00461	0.01015
23	0.00982	0.00842	0.00842	0.00842	0.01122	0.00701	0.00631	0.01192	0.01894	0.02244	0.08416	0.07995	0.65285	0.02104	0.00982	0.00281	0.00421	0.01753	0.00771	0.00701
24	0.02946	0.01944	0.02168	0.01741	0.02339	0.02101	0.01413	0.30760	0.22542	0.18843	0.02730	0.02537	0.01917	0.01045	0.00837	0.00261	0.00785	0.00829	0.00881	0.01382
25	0.06953	0.07552	0.02475	0.01953	0.02492	0.35475	0.01546	0.25605	0.02845	0.03322	0.01536	0.01666	0.01190	0.00895	0.00754	0.00227	0.01194	0.00605	0.00579	0.01135
26	0.03155	0.02419	0.02485	0.01924	0.02576	0.06253	0.01580	0.59479	0.03818	0.05054	0.01954	0.01966	0.01393	0.00989	0.00826	0.00247	0.00947	0.00736	0.00808	0.01387
27	0.01207	0.00811	0.00934	0.00934	0.00943	0.00820	0.00538	0.01226	0.01216	0.01631	0.02592	0.05297	0.02960	0.66652	0.08298	0.00839	0.00897	0.01188	0.00500	0.00519
28	0.02056	0.01974	0.03372	0.05099	0.65622	0.01974	0.02550	0.02550	0.01892	0.02714	0.01563	0.02056	0.01316	0.00740	0.00822	0.00247	0.00987	0.00740	0.00411	0.01316
29	0.01569	0.01477	0.02492	0.68808	0.05722	0.01846	0.02307	0.02123	0.01661	0.02123	0.01477	0.02215	0.01107	0.00831	0.00831	0.00277	0.01107	0.00738	0.00369	0.00923
30	0.01999	0.01916	0.03269	0.12561	0.58606	0.01959	0.02521	0.02500	0.01865	0.02645	0.01553	0.02075	0.01291	0.00751	0.00823	0.00250	0.01001	0.00740	0.00406	0.01270
31	0.02743	0.03382	0.02163	0.01989	0.02364	0.54977	0.01499	0.02972	0.02163	0.02013	0.01461	0.01830	0.01259	0.01867	0.13304	0.00425	0.01635	0.00602	0.00431	0.00921
32	0.03103	0.03959	0.02354	0.02140	0.02568	0.67469	0.01605	0.03317	0.02354	0.02033	0.01284	0.01498	0.01070	0.00856	0.00749	0.00214	0.01498	0.00535	0.00428	0.00963
33	0.00982	0.00842	0.00842	0.00842	0.01122	0.00701	0.00631	0.01192	0.01894	0.02244	0.08416	0.07995	0.65285	0.02104	0.00982	0.00281	0.00421	0.01753	0.00771	0.00701
34	0.01012	0.00723	0.00964	0.01157	0.01205	0.00675	0.00771	0.01157	0.01591	0.02121	0.04579	0.70262	0.05495	0.02603	0.01060	0.00337	0.00482	0.02362	0.00771	0.00675
35	0.01012	0.00723	0.00964	0.01157	0.01205	0.00675	0.00771	0.01157	0.01591	0.02121	0.04579	0.70262	0.05495	0.02603	0.01060	0.00337	0.00482	0.02362	0.00771	0.00675
36	0.25806	0.05064	0.01819	0.01499	0.02004	0.02086	0.01202	0.06680	0.38175	0.03573	0.02499	0.02404	0.01889	0.00988	0.00725	0.00267	0.00677	0.00751	0.00716	0.01176
37	0.01897	0.32221	0.40602	0.01973	0.02986	0.02495	0.02383	0.02571	0.01726	0.02349	0.01351	0.01578	0.01058	0.00757	0.00682	0.00227	0.01086	0.00543	0.00353	0.01160
38	0.02180	0.02250	0.03121	0.10736	0.49582	0.12646	0.02372	0.02634	0.01945	0.02546	0.01509	0.01980	0.01256	0.00768	0.00811	0.00244	0.01082	0.00707	0.00410	0.01221
39	0.02232	0.02097	0.07482	0.01789	0.02358	0.02148	0.01512	0.14943	0.47817	0.03725	0.02967	0.02783	0.02205	0.01075	0.00838	0.00274	0.00753	0.00877	0.00801	0.01325
40	0.02147	0.62422	0.12592	0.01547	0.02326	0.03107	0.01640	0.02507	0.01697	0.02044	0.01199	0.01388	0.01064	0.00721	0.00567	0.00189	0.00933	0.00467	0.00355	0.01088
41	0.02340	0.55909	0.03864	0.01540	0.02184	0.12332	0.01438	0.04971	0.01857	0.02096	0.01253	0.01466	0.01124	0.00980	0.03451	0.00235	0.01034	0.00488	0.00389	0.01051
42	0.07100	0.02918	0.02247	0.01927	0.02442	0.31490	0.01504	0.22100	0.14075	0.03395	0.01882	0.01938	0.01436	0.00945	0.00779	0.00240	0.01113	0.00671	0.00635	0.01165
43	0.01146	0.00864	0.01078	0.01127	0.01333	0.00796	0.00888	0.01457	0.02020	0.02657	0.25681	0.13824	0.24004	0.02071	0.01034	0.00308	0.00511	0.17641	0.00817	0.00743
44	0.01010	0.00733	0.00954	0.01130	0.01198	0.00677	0.00759	0.01160	0.01616	0.02131	0.04905	0.64971	0.10575	0.02560	0.01054	0.00333	0.00477	0.02310	0.00771	0.00677
45	0.03133	0.03083	0.02429	0.02017	0.02573	0.32633	0.01591	0.35277	0.03187	0.03752	0.01665	0.01765	0.01254	0.00932	0.00793	0.00233	0.01185	0.00649	0.00644	0.01204
46	0.02968	0.15712	0.02808	0.01877	0.02491	0.19138	0.01556	0.36429	0.03096	0.03808	0.01657	0.01744	0.01261	0.00908	0.00754	0.00227	0.01057	0.00637	0.00640	0.01234
47	0.00982	0.00842	0.00842	0.00842	0.01122	0.00701	0.00631	0.01192	0.01894	0.02244	0.08416	0.07995	0.65285	0.02104	0.00982	0.00281	0.00421	0.01753	0.00771	0.00701

[dist]
# distance from previous block
# <min> <max>
0	1

[block]
# block no. 4 follows, 22 sequences, length 11
# corresponding to MSA columns:
# 355-365
name=unknown_E
#
# <colnr> <probs for GDERKNQSTAVLIFYWHMCP>
#	G	D	E	R	K	N	Q	S	T	A	V	L	I	F	Y	W	H	M	C	P
0	0.00999	0.00775	0.00910	0.01019	0.01169	0.00686	0.00710	0.01172	0.01723	0.02175	0.06256	0.43044	0.31630	0.02385	0.01026	0.00313	0.00455	0.02096	0.00771	0.00686
1	0.03023	0.02260	0.02417	0.01884	0.02525	0.02513	0.01546	0.55624	0.11354	0.05018	0.02166	0.02131	0.01552	0.01013	0.00833	0.00253	0.00882	0.00772	0.00833	0.01401
2	0.01961	0.01430	0.01765	0.15808	0.02663	0.01552	0.01346	0.03082	0.25759	0.12903	0.04182	0.04058	0.17421	0.01286	0.00874	0.00276	0.00704	0.01078	0.00755	0.01098
3	0.02056	0.01974	0.03372	0.05099	0.65622	0.01974	0.02550	0.02550	0.01892	0.02714	0.01563	0.02056	0.01316	0.00740	0.00822	0.00247	0.00987	0.00740	0.00411	0.01316
4	0.01769	0.01680	0.02852	0.42696	0.30272	0.01898	0.02406	0.02298	0.01756	0.02365	0.01512	0.02150	0.01193	0.00794	0.00827	0.00265	0.01058	0.00739	0.00386	0.01084
5	0.01362	0.01105	0.01253	0.01245	0.01541	0.01113	0.00992	0.02168	0.17420	0.02743	0.13209	0.06892	0.27864	0.01857	0.00988	0.00303	0.00560	0.15699	0.00806	0.00880
6	0.02056	0.01974	0.03372	0.05099	0.65622	0.01974	0.02550	0.02550	0.01892	0.02714	0.01563	0.02056	0.01316	0.00740	0.00822	0.00247	0.00987	0.00740	0.00411	0.01316
7	0.01678	0.01430	0.01991	0.06299	0.17540	0.01523	0.01588	0.02615	0.19469	0.02740	0.03280	0.15539	0.03207	0.01552	0.00950	0.00307	0.00761	0.15801	0.00680	0.01049
8	0.02889	0.20345	0.02841	0.01965	0.02462	0.51853	0.01560	0.03115	0.02192	0.02014	0.01253	0.01458	0.01069	0.00821	0.00697	0.00205	0.01350	0.00513	0.00410	0.00988
9	0.06435	0.01967	0.06009	0.02323	0.07136	0.01872	0.18725	0.19798	0.02528	0.03526	0.11598	0.03252	0.08889	0.01088	0.00889	0.00264	0.00930	0.01003	0.00649	0.01119
10	0.02079	0.08236	0.42480	0.02206	0.03154	0.17970	0.02487	0.02914	0.06258	0.02502	0.01552	0.01759	0.01161	0.00824	0.00767	0.00247	0.01232	0.00607	0.00404	0.01159

[dist]
# distance from previous block
# <min> <max>
0	16

[block]
# block no. 5 follows, 22 sequences, length 22
# corresponding to MSA columns:
# 382-403
name=unknown_F
#
# <colnr> <probs for GDERKNQSTAVLIFYWHMCP>
#	G	D	E	R	K	N	Q	S	T	A	V	L	I	F	Y	W	H	M	C	P
0	0.05622	0.06659	0.02095	0.04123	0.02260	0.18642	0.01328	0.13127	0.02344	0.03013	0.09291	0.02829	0.02259	0.01028	0.00772	0.00221	0.00919	0.05393	0.00595	0.17479
1	0.02597	0.02362	0.02072	0.01773	0.02256	0.19173	0.01388	0.19837	0.20103	0.06479	0.10771	0.02780	0.02533	0.01092	0.00834	0.00251	0.00916	0.00851	0.00750	0.01183
2	0.02440	0.01779	0.01894	0.01545	0.02057	0.01937	0.01242	0.31522	0.16486	0.04176	0.02442	0.02489	0.01823	0.00996	0.00760	0.00235	0.00712	0.00781	0.18938	0.05746
3	0.06686	0.01533	0.01767	0.01381	0.01991	0.01395	0.01120	0.11432	0.05079	0.11559	0.07241	0.02795	0.02169	0.00953	0.00744	0.00202	0.00666	0.04410	0.00682	0.36197
4	0.02969	0.02149	0.02324	0.01835	0.02457	0.02374	0.01498	0.46440	0.16448	0.09154	0.02376	0.02285	0.01694	0.01027	0.00834	0.00257	0.00846	0.00794	0.00848	0.01392
5	0.01187	0.00890	0.01335	0.01335	0.01483	0.01038	0.01038	0.01483	0.01335	0.01928	0.02225	0.03264	0.02077	0.06231	0.67512	0.01335	0.02225	0.00890	0.00445	0.00742
6	0.03107	0.03845	0.02364	0.02124	0.02569	0.62905	0.01603	0.07505	0.02463	0.02258	0.01334	0.01533	0.01094	0.00866	0.00755	0.00217	0.01457	0.00550	0.00456	0.00995
7	0.03446	0.01865	0.02207	0.01692	0.02346	0.01890	0.01398	0.33076	0.03132	0.36105	0.02644	0.02416	0.01739	0.01013	0.00833	0.00253	0.00809	0.00792	0.00931	0.01413
8	0.01187	0.00890	0.01335	0.01335	0.01483	0.01038	0.01038	0.01483	0.01335	0.01928	0.02225	0.03264	0.02077	0.06231	0.67512	0.01335	0.02225	0.00890	0.00445	0.00742
9	0.01863	0.01760	0.02975	0.17361	0.47797	0.01828	0.02337	0.02336	0.01818	0.02542	0.01824	0.08391	0.01661	0.00930	0.00846	0.00261	0.00964	0.00890	0.00436	0.01179
10	0.01666	0.04297	0.66500	0.02368	0.03596	0.01929	0.03069	0.02631	0.01754	0.02631	0.01491	0.01754	0.01052	0.00789	0.00789	0.00263	0.01228	0.00614	0.00351	0.01228
11	0.01208	0.00805	0.00906	0.00906	0.00906	0.00805	0.00503	0.01208	0.01208	0.01611	0.02618	0.05436	0.03020	0.70804	0.04228	0.00805	0.00805	0.01208	0.00503	0.00503
12	0.01208	0.00805	0.00906	0.00906	0.00906	0.00805	0.00503	0.01208	0.01208	0.01611	0.02618	0.05436	0.03020	0.70804	0.04228	0.00805	0.00805	0.01208	0.00503	0.00503
13	0.05504	0.01218	0.01620	0.01600	0.04402	0.01238	0.01208	0.04877	0.01939	0.20109	0.03472	0.25545	0.03452	0.01777	0.01123	0.00314	0.06999	0.11840	0.00779	0.00985
14	0.01832	0.01731	0.02931	0.29592	0.39288	0.01874	0.02396	0.02344	0.01803	0.02474	0.01669	0.02477	0.01405	0.00852	0.00842	0.00265	0.01023	0.03653	0.00412	0.01137
15	0.24493	0.01753	0.01538	0.01334	0.01801	0.08372	0.01056	0.11817	0.07881	0.03350	0.07250	0.03425	0.15772	0.01191	0.00758	0.00251	0.00708	0.00908	0.00666	0.05677
16	0.12502	0.04580	0.07108	0.09384	0.09173	0.01596	0.01493	0.02751	0.08752	0.16300	0.03379	0.03361	0.13989	0.01128	0.00802	0.00263	0.00761	0.00917	0.00664	0.01097
17	0.17433	0.18202	0.02682	0.01896	0.06236	0.18980	0.01476	0.18355	0.02391	0.03225	0.01431	0.01595	0.01140	0.00836	0.00679	0.00226	0.01007	0.00566	0.00532	0.01113
18	0.02556	0.02820	0.03449	0.02668	0.03281	0.24717	0.26939	0.13445	0.02394	0.02856	0.01561	0.01915	0.01211	0.00855	0.00987	0.00257	0.05724	0.00770	0.00492	0.01104
19	0.02517	0.03029	0.07173	0.03159	0.18602	0.29480	0.14759	0.06552	0.02213	0.02565	0.01492	0.01838	0.01191	0.00799	0.00823	0.00241	0.01299	0.00697	0.00442	0.01127
20	0.05581	0.02197	0.02604	0.02833	0.20255	0.15156	0.07333	0.12142	0.02190	0.02863	0.01863	0.06498	0.01643	0.01757	0.10964	0.00415	0.01258	0.00836	0.00516	0.01094
21	0.18348	0.02428	0.01917	0.01847	0.06145	0.25415	0.01331	0.10709	0.04796	0.02912	0.02165	0.05355	0.06287	0.01164	0.00907	0.04986	0.00991	0.00764	0.00555	0.00976

[dist]
# distance from previous block
# <min> <max>
8	85

[block]
# block no. 6 follows, 22 sequences, length 26
# corresponding to MSA columns:
# 493-518
name=unknown_G
#
# <colnr> <probs for GDERKNQSTAVLIFYWHMCP>
#	G	D	E	R	K	N	Q	S	T	A	V	L	I	F	Y	W	H	M	C	P
0	0.02221	0.27083	0.12107	0.01937	0.06079	0.07278	0.01714	0.07664	0.20449	0.02797	0.01959	0.02020	0.01541	0.00879	0.00717	0.00233	0.00920	0.00662	0.00544	0.01196
1	0.02231	0.24589	0.02800	0.01867	0.06658	0.19828	0.01417	0.04841	0.01865	0.02126	0.01799	0.02445	0.04247	0.11966	0.01434	0.00317	0.07473	0.00708	0.00441	0.00951
2	0.01334	0.01105	0.01193	0.01283	0.01451	0.05697	0.00945	0.04968	0.01875	0.02369	0.04733	0.42650	0.13725	0.02261	0.01026	0.00322	0.00615	0.10943	0.00749	0.00756
3	0.06213	0.02308	0.08400	0.01745	0.02286	0.17213	0.01521	0.07463	0.05856	0.20036	0.04728	0.03559	0.02324	0.01201	0.00855	0.00271	0.00957	0.11225	0.00717	0.01121
4	0.02671	0.03401	0.12102	0.02404	0.06033	0.38294	0.08750	0.03227	0.06698	0.06230	0.01647	0.01846	0.01268	0.00853	0.00797	0.00238	0.01312	0.00655	0.00482	0.01091
5	0.02530	0.02827	0.02301	0.02459	0.14581	0.35201	0.01613	0.09861	0.02367	0.02583	0.02685	0.02816	0.12527	0.01071	0.00814	0.00236	0.01139	0.00816	0.00533	0.01039
6	0.02112	0.02033	0.02685	0.07558	0.35349	0.10365	0.02053	0.08123	0.02131	0.02772	0.02291	0.03350	0.04627	0.01079	0.00870	0.00266	0.00996	0.09676	0.00520	0.01145
7	0.01386	0.01102	0.01221	0.01156	0.01469	0.01076	0.00909	0.07495	0.09140	0.02886	0.16813	0.06730	0.34780	0.01841	0.00972	0.00287	0.00530	0.08538	0.00810	0.00859
8	0.01756	0.01305	0.01768	0.23010	0.02908	0.01504	0.01424	0.12755	0.02005	0.02886	0.02070	0.02656	0.01660	0.02184	0.16673	0.00503	0.01152	0.00786	0.20068	0.00928
9	0.02023	0.01910	0.01958	0.01747	0.02015	0.14509	0.01386	0.12798	0.01977	0.02547	0.01795	0.02433	0.01584	0.03392	0.30964	0.00748	0.14017	0.00766	0.00495	0.00934
10	0.02030	0.02046	0.03786	0.04667	0.49042	0.02008	0.18799	0.02580	0.01910	0.02700	0.01595	0.02106	0.01301	0.00729	0.00865	0.00256	0.01099	0.00805	0.00414	0.01263
11	0.00982	0.00842	0.00842	0.00842	0.01122	0.00701	0.00631	0.01192	0.01894	0.02244	0.08416	0.07995	0.65285	0.02104	0.00982	0.00281	0.00421	0.01753	0.00771	0.00701
12	0.01869	0.03089	0.33685	0.03788	0.35838	0.01952	0.02799	0.02589	0.01825	0.02674	0.01528	0.01911	0.01189	0.00764	0.00807	0.00255	0.01103	0.00680	0.00382	0.01274
13	0.20183	0.34951	0.03021	0.01554	0.02135	0.21800	0.01351	0.02720	0.01818	0.02399	0.01193	0.01385	0.01028	0.00768	0.00592	0.00207	0.01009	0.00472	0.00414	0.00996
14	0.02221	0.71304	0.04353	0.01421	0.02132	0.03287	0.01421	0.02488	0.01688	0.01955	0.01155	0.01333	0.01066	0.00711	0.00533	0.00178	0.00888	0.00444	0.00355	0.01066
15	0.02775	0.28985	0.03097	0.01873	0.02406	0.43619	0.01537	0.03009	0.02107	0.02004	0.01236	0.01437	0.01069	0.00802	0.00669	0.00201	0.01272	0.00501	0.00401	0.01001
16	0.01118	0.00847	0.01030	0.00984	0.01205	0.00759	0.00738	0.01455	0.02214	0.03005	0.48146	0.06743	0.25080	0.01820	0.00980	0.00267	0.00401	0.01578	0.00872	0.00759
17	0.01884	0.01616	0.01645	0.01645	0.04102	0.10591	0.01227	0.13697	0.02241	0.02840	0.06880	0.16308	0.03556	0.10746	0.01395	0.00368	0.00839	0.16836	0.00694	0.00890
18	0.02456	0.02027	0.02206	0.14790	0.02945	0.07885	0.01587	0.33861	0.02976	0.03857	0.07003	0.03091	0.06431	0.01146	0.00861	0.00261	0.00924	0.03839	0.00704	0.01149
19	0.01569	0.01477	0.02492	0.68808	0.05722	0.01846	0.02307	0.02123	0.01661	0.02123	0.01477	0.02215	0.01107	0.00831	0.00831	0.00277	0.01107	0.00738	0.00369	0.00923
20	0.01416	0.00959	0.01255	0.01353	0.01599	0.00911	0.01153	0.01751	0.01940	0.06885	0.05329	0.08567	0.19787	0.02158	0.01084	0.00348	0.00674	0.41250	0.00785	0.00794
21	0.02203	0.02391	0.02713	0.09766	0.34323	0.21198	0.02039	0.02589	0.02007	0.02406	0.02216	0.02551	0.08168	0.00931	0.00819	0.00244	0.01088	0.00789	0.00451	0.01108
22	0.16977	0.02149	0.09307	0.03913	0.42343	0.01956	0.06474	0.02544	0.01787	0.02905	0.01482	0.01897	0.01202	0.00748	0.00768	0.00253	0.00971	0.00686	0.00426	0.01210
23	0.13239	0.01522	0.09593	0.01268	0.01722	0.01189	0.01133	0.04864	0.01923	0.10112	0.07677	0.16209	0.23175	0.01618	0.00874	0.00280	0.00625	0.01345	0.00717	0.00916
24	0.02686	0.07099	0.02563	0.12090	0.08505	0.41115	0.01764	0.06700	0.05438	0.02370	0.01480	0.01755	0.01193	0.00856	0.00765	0.00230	0.01282	0.00611	0.00460	0.01039
25	0.05554	0.03227	0.27176	0.07521	0.16599	0.14722	0.05037	0.05795	0.01997	0.02682	0.01484	0.01816	0.01136	0.00801	0.00789	0.00251	0.01185	0.00649	0.00415	0.01163

[dist]
# distance from previous block
# <min> <max>
3	94

[block]
# block no. 7 follows, 22 sequences, length 26
# corresponding to MSA columns:
# 619-644
name=unknown_H
#
# <colnr> <probs for GDERKNQSTAVLIFYWHMCP>
#	G	D	E	R	K	N	Q	S	T	A	V	L	I	F	Y	W	H	M	C	P
0	0.05878	0.16337	0.24158	0.02554	0.13967	0.18735	0.02190	0.02753	0.01901	0.02421	0.01372	0.01643	0.01099	0.00782	0.00723	0.00231	0.01160	0.00576	0.00390	0.01130
1	0.06150	0.03316	0.17135	0.02787	0.16992	0.28338	0.02114	0.08651	0.02216	0.02713	0.01456	0.01723	0.01146	0.00824	0.00771	0.00238	0.01223	0.00616	0.00450	0.01143
2	0.02013	0.01780	0.02507	0.12488	0.32776	0.06965	0.01916	0.02417	0.01944	0.08564	0.03104	0.03330	0.14519	0.01071	0.00852	0.00256	0.00902	0.00941	0.00540	0.01115
3	0.01956	0.01853	0.02033	0.02323	0.16288	0.11032	0.01483	0.07500	0.12201	0.02798	0.03445	0.10189	0.12204	0.01354	0.00880	0.00267	0.00827	0.05883	0.00643	0.04844
4	0.02017	0.01724	0.02088	0.02297	0.15089	0.05006	0.01512	0.14335	0.13148	0.03141	0.02903	0.09803	0.05551	0.01699	0.06316	0.00357	0.00925	0.06527	0.00663	0.04900
5	0.01884	0.01859	0.01842	0.01677	0.01880	0.14140	0.01282	0.02503	0.14426	0.02222	0.02093	0.02978	0.01932	0.15675	0.13394	0.00572	0.17371	0.00857	0.00516	0.00895
6	0.02066	0.01785	0.01878	0.01691	0.02160	0.02066	0.01315	0.04414	0.64121	0.03475	0.03381	0.03099	0.02536	0.01127	0.00845	0.00282	0.00657	0.00939	0.00845	0.01315
7	0.02394	0.01992	0.01720	0.01486	0.01895	0.15182	0.01162	0.20255	0.09222	0.03542	0.02280	0.02446	0.01746	0.00971	0.00717	0.00224	0.00799	0.00735	0.30174	0.01058
8	0.01083	0.00849	0.00987	0.00995	0.01225	0.00752	0.00760	0.01367	0.02031	0.02624	0.26771	0.11097	0.36738	0.02016	0.01002	0.00287	0.00448	0.07415	0.00819	0.00734
9	0.01006	0.00809	0.00897	0.00945	0.01155	0.00701	0.00682	0.01213	0.01847	0.02299	0.11986	0.25065	0.44067	0.02209	0.01003	0.00295	0.00435	0.01901	0.00783	0.00701
10	0.02056	0.01974	0.03372	0.05099	0.65622	0.01974	0.02550	0.02550	0.01892	0.02714	0.01563	0.02056	0.01316	0.00740	0.00822	0.00247	0.00987	0.00740	0.00411	0.01316
11	0.02056	0.01974	0.03372	0.05099	0.65622	0.01974	0.02550	0.02550	0.01892	0.02714	0.01563	0.02056	0.01316	0.00740	0.00822	0.00247	0.00987	0.00740	0.00411	0.01316
12	0.02056	0.01974	0.03372	0.05099	0.65622	0.01974	0.02550	0.02550	0.01892	0.02714	0.01563	0.02056	0.01316	0.00740	0.00822	0.00247	0.00987	0.00740	0.00411	0.01316
13	0.03103	0.03959	0.02354	0.02140	0.02568	0.67469	0.01605	0.03317	0.02354	0.02033	0.01284	0.01498	0.01070	0.00856	0.00749	0.00214	0.01498	0.00535	0.00428	0.00963
14	0.01051	0.00844	0.00938	0.00914	0.01165	0.00731	0.00686	0.01327	0.02058	0.02633	0.28743	0.07354	0.44715	0.01959	0.00981	0.00274	0.00410	0.01663	0.00823	0.00731
15	0.01549	0.00774	0.00774	0.00774	0.00968	0.00774	0.00581	0.01936	0.01742	0.03097	0.02710	0.03097	0.02129	0.00968	0.00581	0.00194	0.00387	0.00774	0.75416	0.00774
16	0.01160	0.00849	0.01089	0.01029	0.01231	0.00777	0.00771	0.01537	0.02314	0.03243	0.60552	0.06351	0.12525	0.01731	0.00980	0.00263	0.00394	0.01523	0.00903	0.00777
17	0.01723	0.01477	0.01723	0.01230	0.01969	0.01107	0.00984	0.02092	0.01723	0.02707	0.01477	0.01723	0.01230	0.00615	0.00615	0.00123	0.00615	0.00492	0.00492	0.75883
18	0.01176	0.00849	0.01110	0.01045	0.01241	0.00784	0.00784	0.01568	0.02352	0.03331	0.65184	0.06206	0.07839	0.01698	0.00980	0.00261	0.00392	0.01502	0.00914	0.00784
19	0.02887	0.03550	0.02564	0.02750	0.15561	0.53973	0.01800	0.03159	0.02259	0.02173	0.01342	0.01613	0.01121	0.00832	0.00764	0.00221	0.01393	0.00577	0.00425	0.01036
20	0.02034	0.01769	0.01753	0.04291	0.05116	0.14154	0.01233	0.04967	0.04898	0.08870	0.18764	0.07659	0.06688	0.01305	0.00864	0.00247	0.00782	0.03933	0.00704	0.09970
21	0.01230	0.01043	0.01474	0.01340	0.01553	0.01051	0.05602	0.01523	0.01920	0.02597	0.25850	0.19030	0.20558	0.01882	0.01205	0.00295	0.08708	0.01610	0.00745	0.00781
22	0.02942	0.03653	0.02511	0.02596	0.12287	0.57374	0.01751	0.03199	0.02283	0.02138	0.01327	0.01584	0.01108	0.00838	0.00760	0.00219	0.01419	0.00567	0.00425	0.01017
23	0.01616	0.03026	0.37503	0.02645	0.15270	0.01694	0.05466	0.02320	0.01820	0.02569	0.02941	0.03124	0.14350	0.01046	0.00845	0.00264	0.01023	0.00892	0.00453	0.01131
24	0.02340	0.02713	0.02764	0.02555	0.08763	0.31399	0.14191	0.02705	0.02087	0.02304	0.02179	0.03199	0.04666	0.01116	0.00974	0.00267	0.04700	0.09605	0.00488	0.00985
25	0.02283	0.03241	0.18814	0.02747	0.14274	0.25532	0.02192	0.02732	0.01895	0.02302	0.01347	0.01731	0.01115	0.00941	0.01180	0.00263	0.15304	0.00632	0.00392	0.01083

[dist]
# distance from previous block
# <min> <max>
0	6

[block]
# block no. 8 follows, 22 sequences, length 37
# corresponding to MSA columns:
# 651-687
name=unknown_I
#
# <colnr> <probs for GDERKNQSTAVLIFYWHMCP>
#	G	D	E	R	K	N	Q	S	T	A	V	L	I	F	Y	W	H	M	C	P
0	0.01932	0.16212	0.02439	0.02040	0.13265	0.05157	0.01414	0.11807	0.02193	0.02788	0.06192	0.04044	0.17549	0.01506	0.03805	0.00298	0.00856	0.04873	0.00603	0.01025
1	0.02289	0.08622	0.08640	0.05819	0.22353	0.19186	0.01989	0.03117	0.14772	0.02594	0.01819	0.02042	0.01448	0.00856	0.00780	0.00242	0.01071	0.00690	0.00493	0.01177
2	0.01285	0.00989	0.01250	0.01251	0.01537	0.00877	0.00999	0.01592	0.01844	0.02499	0.09968	0.20075	0.12809	0.01933	0.00982	0.00295	0.00593	0.22309	0.00725	0.16190
3	0.01778	0.01849	0.02060	0.21474	0.13090	0.14977	0.01638	0.02150	0.01963	0.02341	0.09055	0.03871	0.17991	0.01223	0.00864	0.00259	0.00929	0.01024	0.00540	0.00925
4	0.02032	0.01949	0.03328	0.08279	0.62632	0.01967	0.02537	0.02528	0.01880	0.02685	0.01558	0.02064	0.01305	0.00745	0.00823	0.00248	0.00993	0.00740	0.00409	0.01296
5	0.02517	0.01630	0.02592	0.14162	0.29907	0.01620	0.01948	0.02942	0.02011	0.25147	0.02309	0.05777	0.01754	0.00951	0.00840	0.00260	0.00882	0.00855	0.00642	0.01253
6	0.08843	0.01573	0.02070	0.01726	0.02050	0.01817	0.04400	0.02560	0.09534	0.10484	0.12501	0.02809	0.02528	0.01229	0.01491	0.00288	0.25039	0.00864	0.00625	0.07569
7	0.02031	0.02408	0.07423	0.02570	0.02955	0.11592	0.19458	0.02420	0.01657	0.02237	0.01315	0.01890	0.01134	0.01107	0.01813	0.00312	0.35526	0.00766	0.00388	0.00999
8	0.08492	0.01923	0.01927	0.01906	0.07248	0.12165	0.01379	0.02731	0.16734	0.02667	0.03052	0.03176	0.12480	0.01249	0.01203	0.00278	0.15140	0.00903	0.04341	0.01006
9	0.01134	0.00794	0.00908	0.00948	0.01000	0.00763	0.00578	0.01195	0.01389	0.01810	0.03889	0.19157	0.12846	0.46493	0.03091	0.00631	0.00681	0.01527	0.00599	0.00568
10	0.02174	0.01675	0.01944	0.01630	0.01925	0.01930	0.01267	0.28425	0.02436	0.03323	0.02187	0.08381	0.02116	0.20428	0.02174	0.00433	0.14912	0.01000	0.00640	0.01000
11	0.02056	0.01974	0.03372	0.05099	0.65622	0.01974	0.02550	0.02550	0.01892	0.02714	0.01563	0.02056	0.01316	0.00740	0.00822	0.00247	0.00987	0.00740	0.00411	0.01316
12	0.02467	0.02662	0.02768	0.03180	0.24896	0.24915	0.01983	0.07977	0.02099	0.02548	0.01405	0.01807	0.01192	0.00953	0.01197	0.00260	0.15467	0.00667	0.00444	0.01116
13	0.02177	0.66647	0.04117	0.01379	0.02055	0.03121	0.01366	0.02451	0.01692	0.02030	0.01258	0.01449	0.01136	0.00728	0.00536	0.00179	0.00855	0.00466	0.05312	0.01047
14	0.02228	0.02321	0.02957	0.10053	0.41845	0.15446	0.02230	0.02824	0.07167	0.02583	0.01649	0.02043	0.01348	0.00805	0.00810	0.00246	0.01076	0.00714	0.00447	0.01207
15	0.01204	0.00823	0.00996	0.00996	0.01027	0.00854	0.00615	0.01266	0.01235	0.01677	0.02535	0.04981	0.02823	0.57276	0.17487	0.00916	0.01103	0.01141	0.00491	0.00553
16	0.02271	0.67522	0.04241	0.01462	0.02157	0.06892	0.01432	0.02534	0.01725	0.01959	0.01162	0.01342	0.01066	0.00719	0.00545	0.00180	0.00923	0.00449	0.00359	0.01060
17	0.00984	0.00832	0.00852	0.00868	0.01129	0.00699	0.00643	0.01189	0.01868	0.02234	0.08095	0.13200	0.60287	0.02146	0.00988	0.00285	0.00426	0.01804	0.00771	0.00699
18	0.01168	0.00788	0.00918	0.00958	0.00968	0.00779	0.00558	0.01198	0.01287	0.01716	0.03021	0.18770	0.03529	0.56776	0.03577	0.00709	0.00739	0.01445	0.00558	0.00539
19	0.17781	0.02634	0.02196	0.01928	0.02233	0.27729	0.01534	0.05580	0.01852	0.02526	0.01224	0.01605	0.01059	0.01058	0.01407	0.00278	0.25383	0.00596	0.00443	0.00953
20	0.02232	0.02473	0.02618	0.05613	0.12672	0.21983	0.01893	0.02491	0.01715	0.02130	0.01242	0.01777	0.01121	0.01131	0.01739	0.00296	0.34818	0.00672	0.00391	0.00991
21	0.01002	0.00764	0.00921	0.01047	0.01176	0.00684	0.00723	0.01169	0.01696	0.02164	0.05911	0.48647	0.26250	0.02430	0.01033	0.00318	0.00461	0.02150	0.00771	0.00684
22	0.76672	0.01607	0.01221	0.01092	0.01607	0.01864	0.00900	0.02442	0.01414	0.03727	0.01157	0.01350	0.00900	0.00771	0.00514	0.00257	0.00643	0.00450	0.00514	0.00900
23	0.02221	0.71304	0.04353	0.01421	0.02132	0.03287	0.01421	0.02488	0.01688	0.01955	0.01155	0.01333	0.01066	0.00711	0.00533	0.00178	0.00888	0.00444	0.00355	0.01066
24	0.02221	0.71304	0.04353	0.01421	0.02132	0.03287	0.01421	0.02488	0.01688	0.01955	0.01155	0.01333	0.01066	0.00711	0.00533	0.00178	0.00888	0.00444	0.00355	0.01066
25	0.01116	0.00842	0.01037	0.01078	0.01246	0.00784	0.00774	0.01467	0.04761	0.02667	0.28348	0.30825	0.17785	0.02095	0.01005	0.00295	0.00444	0.01853	0.00829	0.00750
26	0.01208	0.00805	0.00906	0.00906	0.00906	0.00805	0.00503	0.01208	0.01208	0.01611	0.02618	0.05436	0.03020	0.70804	0.04228	0.00805	0.00805	0.01208	0.00503	0.00503
27	0.01569	0.01477	0.02492	0.68808	0.05722	0.01846	0.02307	0.02123	0.01661	0.02123	0.01477	0.02215	0.01107	0.00831	0.00831	0.00277	0.01107	0.00738	0.00369	0.00923
28	0.01281	0.01029	0.01516	0.01462	0.01588	0.01264	0.01155	0.01561	0.01326	0.01939	0.02055	0.03047	0.01929	0.05516	0.57819	0.01190	0.12259	0.00866	0.00433	0.00767
29	0.00982	0.00842	0.00842	0.00842	0.01122	0.00701	0.00631	0.01192	0.01894	0.02244	0.08416	0.07995	0.65285	0.02104	0.00982	0.00281	0.00421	0.01753	0.00771	0.00701
