[name]
unknown

[dist]
# distance from previous block
# <min> <max>
0	0

[block]
# block no. 0 follows, 22 sequences, length 32
# corresponding to MSA columns:
# 0-31
name=unknown_A
#
# <colnr> <probs for GDERKNQSTAVLIFYWHMCP>
#	G	D	E	R	K	N	Q	S	T	A	V	L	I	F	Y	W	H	M	C	P
0	0.01339	0.00956	0.01339	0.01530	0.01721	0.00956	0.01339	0.01721	0.01912	0.02486	0.04399	0.09371	0.04781	0.02295	0.01147	0.00382	0.00765	0.60031	0.00765	0.00765
1	0.07427	0.40674	0.22982	0.01662	0.02481	0.02590	0.01845	0.02464	0.01735	0.02389	0.05757	0.01806	0.01526	0.00809	0.00642	0.00216	0.00940	0.00571	0.00405	0.01084
2	0.02209	0.10900	0.18047	0.02995	0.15621	0.14523	0.15991	0.05305	0.02026	0.02575	0.01492	0.01838	0.01172	0.00772	0.00804	0.00244	0.01218	0.00694	0.00414	0.01160
3	0.02673	0.02936	0.02444	0.02113	0.02437	0.33689	0.01673	0.13473	0.02260	0.02592	0.01344	0.01696	0.01138	0.01086	0.01440	0.00271	0.24592	0.00639	0.00478	0.01025
4	0.01988	0.06842	0.01783	0.01418	0.01824	0.11257	0.01109	0.11419	0.12264	0.04918	0.04387	0.08963	0.22637	0.04270	0.01002	0.00283	0.00755	0.01187	0.00709	0.00986
5	0.11364	0.01158	0.04995	0.01073	0.01398	0.00975	0.00894	0.01642	0.02057	0.03030	0.36347	0.05794	0.23014	0.01635	0.00906	0.00266	0.00485	0.01379	0.00785	0.00803
6	0.01256	0.00969	0.01175	0.01280	0.01426	0.00997	0.00897	0.01910	0.16054	0.02434	0.04302	0.54727	0.04810	0.02261	0.01011	0.00325	0.00523	0.02033	0.00788	0.00823
7	0.01829	0.02631	0.23650	0.14494	0.29845	0.01902	0.05253	0.02488	0.01804	0.02587	0.01526	0.01977	0.01190	0.00763	0.00810	0.00252	0.01085	0.00698	0.00389	0.04829
8	0.01801	0.03189	0.37759	0.03186	0.24456	0.01906	0.02669	0.02677	0.06371	0.02706	0.01925	0.02200	0.03769	0.00849	0.00812	0.00260	0.01073	0.00725	0.00424	0.01243
9	0.01209	0.05257	0.01362	0.01128	0.01373	0.01175	0.00894	0.01423	0.01781	0.02226	0.08974	0.09221	0.45337	0.01914	0.01256	0.00290	0.12222	0.01515	0.00683	0.00761
10	0.01878	0.18950	0.30430	0.09666	0.18295	0.02245	0.02485	0.02526	0.01762	0.02442	0.01429	0.01776	0.01124	0.00764	0.00742	0.00241	0.01079	0.00618	0.00368	0.01180
11	0.01896	0.02068	0.09377	0.10354	0.26053	0.01886	0.14405	0.02677	0.10789	0.02633	0.01823	0.02272	0.01444	0.00989	0.01066	0.06826	0.01036	0.00803	0.00461	0.01143
12	0.02563	0.02081	0.02245	0.05872	0.02526	0.06981	0.01528	0.36556	0.07289	0.03929	0.01994	0.02255	0.01542	0.01908	0.12339	0.00443	0.05302	0.00768	0.00680	0.01198
13	0.19919	0.02987	0.32806	0.02834	0.20706	0.01926	0.02397	0.02562	0.01711	0.02920	0.01430	0.01742	0.01090	0.00771	0.00732	0.00257	0.01018	0.00610	0.00407	0.01173
14	0.01747	0.01738	0.01725	0.01614	0.01794	0.16393	0.01250	0.01991	0.01565	0.01992	0.01860	0.02739	0.01738	0.07876	0.34715	0.00836	0.13363	0.00796	0.03460	0.00808
15	0.02990	0.07992	0.02534	0.02262	0.06071	0.59854	0.01647	0.03223	0.02287	0.02066	0.01292	0.01519	0.01084	0.00841	0.00740	0.00214	0.01432	0.00541	0.00423	0.00989
16	0.02075	0.01385	0.01531	0.01305	0.01618	0.01556	0.01047	0.20548	0.02342	0.03607	0.02280	0.02593	0.01775	0.01040	0.00938	0.00233	0.09551	0.00760	0.42830	0.00987
17	0.01708	0.03406	0.44548	0.07448	0.13263	0.01871	0.06391	0.02520	0.01817	0.02652	0.05361	0.02131	0.01520	0.00834	0.00820	0.00262	0.01142	0.00718	0.00400	0.01187
18	0.02633	0.16749	0.06982	0.01543	0.02177	0.01679	0.05001	0.03003	0.02100	0.31667	0.07893	0.03253	0.09567	0.01099	0.00803	0.00245	0.00767	0.00902	0.00759	0.01176
19	0.01201	0.00828	0.01020	0.01015	0.01064	0.00858	0.00648	0.01298	0.01321	0.01810	0.07106	0.04990	0.03155	0.50810	0.18629	0.00888	0.01104	0.01156	0.00520	0.00579
20	0.01137	0.00776	0.00927	0.00997	0.01014	0.00758	0.00600	0.01190	0.01346	0.01795	0.03326	0.28863	0.03914	0.46158	0.03083	0.00636	0.00689	0.01625	0.00600	0.00565
21	0.02404	0.07604	0.17936	0.03013	0.21179	0.28922	0.02215	0.02880	0.02036	0.02368	0.01406	0.01711	0.01137	0.00798	0.00767	0.00233	0.01248	0.00608	0.00400	0.01135
22	0.01994	0.01998	0.02994	0.12174	0.24758	0.08739	0.12802	0.04838	0.01931	0.02574	0.01865	0.08468	0.01670	0.00995	0.00971	0.00267	0.05180	0.00914	0.03781	0.01087
23	0.01515	0.01222	0.01683	0.01546	0.01681	0.01529	0.01241	0.04668	0.01491	0.02253	0.01935	0.02751	0.01757	0.03909	0.36783	0.00853	0.21913	0.00820	0.09621	0.00828
24	0.01188	0.00797	0.00912	0.00932	0.00937	0.00792	0.00531	0.01203	0.01248	0.01664	0.02823	0.12241	0.03280	0.63645	0.03896	0.00756	0.00771	0.01329	0.00531	0.00521
25	0.43176	0.16988	0.02256	0.12659	0.06345	0.02182	0.01350	0.02406	0.01545	0.03007	0.01234	0.01533	0.00997	0.00766	0.00590	0.00242	0.00795	0.00514	0.00449	0.00966
26	0.14795	0.01523	0.01651	0.01370	0.01867	0.01571	0.01104	0.16626	0.07713	0.17922	0.10539	0.03714	0.13668	0.01254	0.00824	0.00262	0.00653	0.00999	0.00823	0.01122
27	0.01290	0.00971	0.01358	0.01299	0.01473	0.00982	0.03877	0.05132	0.01819	0.02508	0.17528	0.24885	0.04511	0.11755	0.16095	0.00592	0.00958	0.01525	0.00684	0.00759
28	0.01032	0.00808	0.00935	0.00979	0.01172	0.00711	0.00705	0.01262	0.01901	0.02439	0.19378	0.26163	0.35224	0.02166	0.01005	0.00293	0.00433	0.01881	0.00802	0.00711
29	0.10088	0.02303	0.06940	0.02740	0.22332	0.10602	0.01787	0.11436	0.02152	0.03094	0.01522	0.01801	0.01216	0.00772	0.00732	0.00217	0.00941	0.00618	0.00500	0.18208
30	0.01852	0.18215	0.30815	0.08789	0.05892	0.04391	0.02275	0.02460	0.01706	0.02378	0.01445	0.01801	0.01143	0.00856	0.00924	0.00249	0.08119	0.00613	0.04979	0.01096
31	0.29333	0.07750	0.13480	0.05836	0.02652	0.17205	0.05375	0.02732	0.01794	0.05015	0.01370	0.01612	0.01053	0.00798	0.00677	0.00245	0.01039	0.00561	0.00457	0.01017

[dist]
# distance from previous block
# <min> <max>
1	40

[block]
# block no. 1 follows, 22 sequences, length 57
# corresponding to MSA columns:
# 72-128
name=unknown_B
#
# <colnr> <probs for GDERKNQSTAVLIFYWHMCP>
#	G	D	E	R	K	N	Q	S	T	A	V	L	I	F	Y	W	H	M	C	P
0	0.02293	0.26841	0.09591	0.01704	0.02331	0.02515	0.01601	0.22518	0.02361	0.03120	0.01639	0.01929	0.01344	0.01732	0.11479	0.00404	0.04282	0.00648	0.00529	0.01140
1	0.05506	0.14838	0.23449	0.02152	0.05527	0.27076	0.02044	0.02922	0.01992	0.05255	0.01428	0.01633	0.01113	0.00810	0.00724	0.00229	0.01216	0.00565	0.00421	0.01099
2	0.01590	0.11356	0.45775	0.01944	0.02917	0.01834	0.02376	0.02318	0.01775	0.02473	0.02878	0.02990	0.14278	0.01051	0.00799	0.00257	0.01022	0.00829	0.00438	0.01101
3	0.01017	0.00803	0.00917	0.00973	0.01165	0.00703	0.00697	0.01228	0.01851	0.02341	0.14366	0.28602	0.37957	0.02219	0.01008	0.00297	0.00438	0.01925	0.00790	0.00703
4	0.07984	0.02118	0.18652	0.02061	0.05445	0.01470	0.11168	0.02335	0.01835	0.09973	0.03012	0.14896	0.06813	0.01356	0.00900	0.00290	0.00903	0.07159	0.00600	0.01031
5	0.01917	0.02289	0.13845	0.04349	0.50773	0.01880	0.02507	0.02471	0.01869	0.02668	0.02017	0.02409	0.05625	0.00841	0.00828	0.00252	0.00989	0.00788	0.00426	0.01259
6	0.02083	0.01885	0.02922	0.19718	0.37756	0.02029	0.02263	0.10457	0.07249	0.02963	0.01749	0.02173	0.01379	0.00827	0.00827	0.00257	0.00979	0.00757	0.00492	0.01234
7	0.01127	0.00847	0.01043	0.00994	0.01211	0.00763	0.00746	0.01474	0.02237	0.03061	0.51046	0.06651	0.22145	0.01799	0.00980	0.00266	0.00399	0.01565	0.00879	0.00763
8	0.02072	0.07442	0.10568	0.02942	0.16916	0.06678	0.12256	0.04731	0.10562	0.02654	0.01709	0.02063	0.01374	0.00935	0.01163	0.00273	0.13277	0.00756	0.00468	0.01161
9	0.02221	0.02020	0.01763	0.01547	0.01900	0.16976	0.01164	0.21085	0.02518	0.03101	0.07982	0.11219	0.07757	0.13310	0.01447	0.00350	0.00899	0.01108	0.00675	0.00956
10	0.01012	0.00723	0.00964	0.01157	0.01205	0.00675	0.00771	0.01157	0.01591	0.02121	0.04579	0.70262	0.05495	0.02603	0.01060	0.00337	0.00482	0.02362	0.00771	0.00675
11	0.01848	0.01607	0.02689	0.06754	0.44282	0.01623	0.02058	0.02157	0.01715	0.02405	0.01769	0.02766	0.01620	0.01319	0.01354	0.15989	0.00919	0.05644	0.00428	0.01054
12	0.05031	0.14893	0.21570	0.02240	0.09478	0.17035	0.01994	0.02598	0.01932	0.02486	0.08751	0.02159	0.01870	0.00917	0.00828	0.00239	0.03777	0.00682	0.00448	0.01072
13	0.02103	0.02693	0.23741	0.01903	0.02558	0.12805	0.04345	0.02608	0.01861	0.12495	0.02171	0.07968	0.01840	0.04645	0.12068	0.00460	0.01286	0.00865	0.00532	0.01052
14	0.01069	0.00845	0.00963	0.00933	0.01176	0.00739	0.00700	0.01361	0.02100	0.02734	0.33994	0.07189	0.39401	0.01921	0.00981	0.00272	0.00408	0.01640	0.00836	0.00739
15	0.10745	0.02235	0.05390	0.03098	0.23682	0.12596	0.09808	0.02612	0.04122	0.02676	0.01914	0.02918	0.01716	0.01015	0.00919	0.00272	0.03923	0.08784	0.00486	0.01089
16	0.07081	0.07826	0.13904	0.01662	0.02294	0.01510	0.08498	0.02478	0.02003	0.15931	0.13706	0.03791	0.13468	0.01199	0.00846	0.00259	0.00792	0.01022	0.00678	0.01053
17	0.01696	0.03215	0.40013	0.02845	0.14089	0.01814	0.10469	0.02450	0.01786	0.02590	0.01886	0.09814	0.01640	0.00980	0.00851	0.00271	0.01122	0.00886	0.00419	0.01165
18	0.02056	0.01974	0.03372	0.05099	0.65622	0.01974	0.02550	0.02550	0.01892	0.02714	0.01563	0.02056	0.01316	0.00740	0.00822	0.00247	0.00987	0.00740	0.00411	0.01316
19	0.02021	0.06568	0.18157	0.01700	0.02302	0.13427	0.01651	0.05876	0.02068	0.07788	0.06318	0.03628	0.18283	0.01256	0.00953	0.00259	0.05180	0.00962	0.00585	0.01019
20	0.01491	0.01727	0.13003	0.06152	0.15267	0.01416	0.01746	0.01964	0.01564	0.02290	0.01947	0.02685	0.01691	0.03546	0.34552	0.00799	0.01627	0.00796	0.04782	0.00956
21	0.01047	0.00801	0.00966	0.01050	0.01215	0.00719	0.00760	0.01268	0.01834	0.02367	0.14764	0.33929	0.27777	0.02267	0.01026	0.00309	0.00466	0.05938	0.00792	0.00706
22	0.02841	0.23958	0.02948	0.01927	0.02439	0.48410	0.01551	0.03071	0.02156	0.02010	0.01246	0.01449	0.01069	0.00813	0.00685	0.00203	0.01317	0.00508	0.00406	0.00994
23	0.21449	0.07208	0.02361	0.02255	0.13111	0.22300	0.01543	0.09873	0.02174	0.08254	0.01539	0.01713	0.01191	0.00835	0.00704	0.00236	0.01020	0.00592	0.00538	0.01104
24	0.02016	0.02701	0.19314	0.04115	0.41770	0.06046	0.06844	0.02626	0.01891	0.02647	0.01536	0.01958	0.01230	0.00757	0.00821	0.00251	0.01108	0.00713	0.00398	0.01258
25	0.00982	0.00842	0.00842	0.00842	0.01122	0.00701	0.00631	0.01192	0.01894	0.02244	0.08416	0.07995	0.65285	0.02104	0.00982	0.00281	0.00421	0.01753	0.00771	0.00701
26	0.02848	0.03531	0.02426	0.10980	0.06297	0.55475	0.01746	0.03121	0.02240	0.02081	0.01324	0.01621	0.01088	0.00847	0.00764	0.00224	0.01420	0.00572	0.00419	0.00976
27	0.06741	0.05800	0.37818	0.02159	0.03121	0.01897	0.08194	0.03009	0.07856	0.12642	0.01936	0.02057	0.01363	0.00846	0.00793	0.00262	0.01059	0.00699	0.00521	0.01228
28	0.01666	0.04297	0.66500	0.02368	0.03596	0.01929	0.03069	0.02631	0.01754	0.02631	0.01491	0.01754	0.01052	0.00789	0.00789	0.00263	0.01228	0.00614	0.00351	0.01228
29	0.02153	0.01467	0.01656	0.01454	0.01900	0.01552	0.01139	0.03557	0.35473	0.16176	0.11883	0.04077	0.11286	0.01307	0.00878	0.00274	0.00603	0.01096	0.00882	0.01188
30	0.01706	0.03353	0.42570	0.02494	0.06007	0.01867	0.12947	0.02650	0.06699	0.02673	0.02266	0.02489	0.06702	0.00911	0.00844	0.00268	0.01134	0.00805	0.00440	0.01175
31	0.02457	0.05552	0.06010	0.02834	0.19869	0.28144	0.01883	0.07710	0.02177	0.02526	0.01906	0.02178	0.05634	0.00962	0.00946	0.00244	0.06696	0.00710	0.00468	0.01093
32	0.01184	0.00842	0.01127	0.01141	0.01219	0.00914	0.00793	0.01344	0.01299	0.01807	0.02557	0.08894	0.02717	0.33331	0.36031	0.01041	0.01501	0.01128	0.00493	0.00636
33	0.01874	0.01764	0.02982	0.20848	0.45248	0.01857	0.02388	0.02373	0.01835	0.02546	0.01776	0.02702	0.01550	0.00892	0.00851	0.00266	0.00999	0.05647	0.00430	0.01171
34	0.19616	0.03552	0.47579	0.02040	0.03068	0.01948	0.02474	0.05755	0.01786	0.03029	0.01438	0.01670	0.01035	0.00796	0.00726	0.00261	0.01072	0.00582	0.00415	0.01159
35	0.01721	0.01557	0.02533	0.12377	0.36171	0.01595	0.02053	0.02171	0.01866	0.02539	0.02833	0.04411	0.07455	0.01257	0.00919	0.00288	0.00900	0.15756	0.00524	0.01074
36	0.02029	0.01594	0.01479	0.01377	0.01707	0.14587	0.01063	0.02305	0.02132	0.14885	0.15346	0.12688	0.16211	0.01641	0.00931	0.00276	0.00736	0.07323	0.00776	0.00913
37	0.01510	0.01138	0.01586	0.01850	0.12444	0.01132	0.01180	0.01791	0.01807	0.07627	0.09495	0.13384	0.21073	0.04915	0.08462	0.00423	0.05057	0.03575	0.00671	0.00881
38	0.01610	0.02346	0.21410	0.06067	0.02894	0.01869	0.09923	0.02128	0.01562	0.02277	0.01768	0.07424	0.01608	0.02008	0.12478	0.00478	0.19873	0.00881	0.00413	0.00985
39	0.01385	0.01066	0.01315	0.01361	0.01594	0.01097	0.01080	0.02144	0.15396	0.02797	0.16958	0.17762	0.08570	0.01961	0.01023	0.00322	0.00596	0.21889	0.00815	0.00869
40	0.02004	0.01921	0.03279	0.11849	0.59276	0.01960	0.02524	0.02504	0.01867	0.02651	0.01554	0.02073	0.01294	0.00750	0.00823	0.00250	0.01000	0.00740	0.00407	0.01274
41	0.01983	0.01663	0.02077	0.06791	0.15281	0.01797	0.01515	0.12350	0.23006	0.03268	0.03484	0.03493	0.12784	0.01165	0.00844	0.00263	0.00739	0.00984	0.05348	0.01165
42	0.01582	0.01702	0.09383	0.01777	0.01987	0.01809	0.01578	0.01914	0.01406	0.02192	0.01674	0.02395	0.01506	0.02707	0.21112	0.00613	0.33065	0.00767	0.09951	0.00880
43	0.01613	0.01186	0.01323	0.01220	0.01561	0.01188	0.00934	0.04695	0.18497	0.08146	0.15456	0.11002	0.26517	0.01690	0.00934	0.00279	0.00526	0.01434	0.00838	0.00961
44	0.02073	0.39172	0.22085	0.01834	0.02593	0.07174	0.01959	0.02529	0.01704	0.02162	0.01254	0.01523	0.01065	0.00830	0.00877	0.00227	0.08960	0.00533	0.00360	0.01088
45	0.08346	0.07195	0.08884	0.01706	0.02283	0.15243	0.03772	0.07868	0.06099	0.13852	0.09731	0.02888	0.06507	0.01067	0.00799	0.00247	0.00917	0.00837	0.00664	0.01097
46	0.01122	0.00872	0.01046	0.01141	0.01361	0.00796	0.00918	0.01390	0.01866	0.02322	0.06436	0.15742	0.35232	0.02235	0.01054	0.00326	0.00559	0.24092	0.00769	0.00723
47	0.01924	0.02132	0.02416	0.07614	0.05395	0.20348	0.14092	0.02310	0.02099	0.02468	0.13859	0.03884	0.15509	0.01218	0.00895	0.00256	0.01011	0.01071	0.00575	0.00923
48	0.01536	0.04722	0.10133	0.09515	0.08717	0.05901	0.01448	0.01920	0.01806	0.02387	0.08247	0.09305	0.15459	0.07857	0.01165	0.00310	0.00795	0.01139	0.06755	0.00884
49	0.08397	0.02913	0.23035	0.02878	0.16959	0.06545	0.08695	0.15046	0.02262	0.03239	0.01589	0.01871	0.01196	0.00815	0.00800	0.00255	0.01098	0.00689	0.00489	0.01229
50	0.01537	0.01462	0.01354	0.01454	0.01632	0.14510	0.01102	0.01768	0.01855	0.02215	0.04014	0.35671	0.06956	0.02132	0.01018	0.00323	0.00771	0.18767	0.00699	0.00762
51	0.16293	0.01326	0.04728	0.06788	0.01812	0.01326	0.01072	0.01688	0.01533	0.02378	0.03684	0.08840	0.18973	0.16275	0.01766	0.00400	0.08636	0.01156	0.00560	0.00767
52	0.02679	0.14220	0.05286	0.02568	0.15959	0.23954	0.01795	0.06436	0.02145	0.10548	0.01613	0.01818	0.01268	0.00873	0.00872	0.00234	0.05452	0.00630	0.00505	0.01146
53	0.01333	0.00998	0.01221	0.01256	0.01476	0.00979	0.00979	0.06524	0.04492	0.02748	0.15217	0.24007	0.16549	0.02089	0.01027	0.00316	0.00569	0.16612	0.00802	0.00806
54	0.08266	0.16798	0.02369	0.01585	0.01898	0.14447	0.01272	0.05704	0.01713	0.02228	0.01583	0.02537	0.01570	0.18565	0.01972	0.00392	0.15045	0.00730	0.00449	0.00879
55	0.01898	0.01468	0.01599	0.01408	0.01818	0.01534	0.01129	0.22310	0.10506	0.03468	0.07242	0.07888	0.24302	0.01635	0.00936	0.00284	0.00657	0.08085	0.00806	0.01027
56	0.02001	0.02171	0.01619	0.01458	0.01862	0.25341	0.01109	0.05489	0.06025	0.02439	0.04582	0.04479	0.29230	0.01405	0.00850	0.00242	0.00872	0.01100	0.00630	0.07095

[dist]
# distance from previous block
# <min> <max>
53	118

[block]
# block no. 2 follows, 22 sequences, length 42
# corresponding to MSA columns:
# 271-312
name=unknown_C
#
# <colnr> <probs for GDERKNQSTAVLIFYWHMCP>
#	G	D	E	R	K	N	Q	S	T	A	V	L	I	F	Y	W	H	M	C	P
0	0.02351	0.06226	0.19962	0.03105	0.22730	0.26546	0.02288	0.02856	0.02019	0.02405	0.01422	0.01736	0.01143	0.00796	0.00774	0.00236	0.01239	0.00617	0.00399	0.01150
1	0.01189	0.04854	0.01121	0.00994	0.01094	0.00903	0.00652	0.01288	0.01481	0.01932	0.07345	0.20690	0.11980	0.37839	0.02662	0.00560	0.00660	0.01522	0.00616	0.00618
2	0.02004	0.03727	0.50624	0.02217	0.03294	0.01982	0.02666	0.10765	0.05666	0.06670	0.01769	0.01925	0.01243	0.00850	0.00801	0.00262	0.01124	0.00663	0.00482	0.01268
3	0.05420	0.03333	0.18222	0.08520	0.06638	0.28782	0.02045	0.10078	0.04469	0.02727	0.01523	0.01770	0.01170	0.00854	0.00775	0.00242	0.01233	0.00622	0.00469	0.01108
4	0.01197	0.00825	0.01072	0.01154	0.01258	0.00791	0.00800	0.04208	0.01766	0.02376	0.13616	0.45585	0.07487	0.02402	0.01322	0.10285	0.00518	0.01909	0.00742	0.00687
5	0.01012	0.00723	0.00964	0.01157	0.01205	0.00675	0.00771	0.01157	0.01591	0.02121	0.04579	0.70262	0.05495	0.02603	0.01060	0.00337	0.00482	0.02362	0.00771	0.00675
6	0.01772	0.01993	0.10138	0.21441	0.35908	0.01806	0.02350	0.02307	0.01814	0.02498	0.02224	0.02664	0.07694	0.00908	0.00837	0.00260	0.00990	0.00828	0.00429	0.01138
7	0.01974	0.01890	0.03223	0.15850	0.55514	0.01952	0.02509	0.02477	0.01853	0.02614	0.01548	0.02083	0.01281	0.00755	0.00824	0.00252	0.01007	0.00740	0.00404	0.01250
8	0.02848	0.02028	0.02163	0.01693	0.02267	0.02230	0.01387	0.51136	0.03490	0.04824	0.02132	0.02207	0.01551	0.00992	0.00783	0.00239	0.00813	0.00753	0.15177	0.01290
9	0.00990	0.00842	0.00854	0.00851	0.01127	0.00705	0.00638	0.01209	0.01914	0.02293	0.10947	0.07915	0.62723	0.02086	0.00982	0.00280	0.00419	0.01742	0.00778	0.00705
10	0.01817	0.22481	0.49635	0.02111	0.03198	0.02298	0.02622	0.02592	0.01736	0.02447	0.01400	0.01640	0.01056	0.00768	0.00720	0.00240	0.01136	0.00568	0.00352	0.01184
11	0.02354	0.01873	0.14097	0.01596	0.02169	0.01392	0.01468	0.03135	0.13861	0.26109	0.03162	0.15594	0.02662	0.05318	0.01066	0.00310	0.00761	0.01123	0.00784	0.01167
12	0.02056	0.01974	0.03372	0.05099	0.65622	0.01974	0.02550	0.02550	0.01892	0.02714	0.01563	0.02056	0.01316	0.00740	0.00822	0.00247	0.00987	0.00740	0.00411	0.01316
13	0.15017	0.02541	0.16816	0.02455	0.14691	0.04380	0.01940	0.14586	0.13455	0.03471	0.01880	0.02024	0.01416	0.00881	0.00765	0.00258	0.00927	0.00692	0.00576	0.01231
14	0.01758	0.01717	0.02168	0.32834	0.10039	0.08982	0.01785	0.02421	0.09998	0.02324	0.02604	0.03158	0.08844	0.06612	0.01112	0.00310	0.00976	0.00897	0.00500	0.00960
15	0.01012	0.00723	0.00964	0.01157	0.01205	0.00675	0.00771	0.01157	0.01591	0.02121	0.04579	0.70262	0.05495	0.02603	0.01060	0.00337	0.00482	0.02362	0.00771	0.00675
16	0.01803	0.20847	0.51151	0.02134	0.03234	0.02265	0.02662	0.02595	0.01738	0.02464	0.01408	0.01650	0.01056	0.00770	0.00726	0.00242	0.01144	0.00572	0.00352	0.01188
17	0.02730	0.03496	0.07741	0.02889	0.18224	0.46046	0.01956	0.03073	0.02192	0.02249	0.01369	0.01656	0.01129	0.00822	0.00770	0.00226	0.01350	0.00592	0.00418	0.01071
18	0.01019	0.00843	0.00893	0.00881	0.01145	0.00717	0.00660	0.01264	0.01981	0.02452	0.19283	0.07652	0.54288	0.02026	0.00981	0.00277	0.00415	0.01705	0.00799	0.00717
19	0.02056	0.01974	0.03372	0.05099	0.65622	0.01974	0.02550	0.02550	0.01892	0.02714	0.01563	0.02056	0.01316	0.00740	0.00822	0.00247	0.00987	0.00740	0.00411	0.01316
20	0.01872	0.01786	0.03040	0.29120	0.43038	0.01926	0.02458	0.02389	0.01805	0.02491	0.01530	0.02116	0.01237	0.00774	0.00826	0.00258	0.01032	0.00739	0.00395	0.01168
21	0.58303	0.01580	0.01308	0.01145	0.01634	0.01802	0.00936	0.09320	0.01744	0.03817	0.01458	0.01654	0.01121	0.00823	0.00559	0.00248	0.00640	0.00527	0.10439	0.00942
22	0.01012	0.00723	0.00964	0.01157	0.01205	0.00675	0.00771	0.01157	0.01591	0.02121	0.04579	0.70262	0.05495	0.02603	0.01060	0.00337	0.00482	0.02362	0.00771	0.00675
23	0.01127	0.00867	0.01045	0.01158	0.01299	0.00839	0.00807	0.01536	0.08804	0.02299	0.05168	0.50790	0.16473	0.02339	0.01021	0.00320	0.00490	0.02084	0.00780	0.00753
24	0.01208	0.00805	0.00906	0.00906	0.00906	0.00805	0.00503	0.01208	0.01208	0.01611	0.02618	0.05436	0.03020	0.70804	0.04228	0.00805	0.00805	0.01208	0.00503	0.00503
25	0.01012	0.00723	0.00964	0.01157	0.01205	0.00675	0.00771	0.01157	0.01591	0.02121	0.04579	0.70262	0.05495	0.02603	0.01060	0.00337	0.00482	0.02362	0.00771	0.00675
26	0.02056	0.01974	0.03372	0.05099	0.65622	0.01974	0.02550	0.02550	0.01892	0.02714	0.01563	0.02056	0.01316	0.00740	0.00822	0.00247	0.00987	0.00740	0.00411	0.01316
27	0.02208	0.01124	0.01330	0.01160	0.01527	0.01084	0.00924	0.06996	0.04420	0.20678	0.09560	0.03879	0.06254	0.01204	0.00774	0.00241	0.00548	0.04280	0.30796	0.01014
28	0.01183	0.00836	0.01099	0.01115	0.01184	0.00897	0.00760	0.01325	0.01295	0.01791	0.02602	0.09672	0.02804	0.36976	0.31777	0.01001	0.01403	0.01161	0.00499	0.00622
29	0.01723	0.01477	0.01723	0.01230	0.01969	0.01107	0.00984	0.02092	0.01723	0.02707	0.01477	0.01723	0.01230	0.00615	0.00615	0.00123	0.00615	0.00492	0.00492	0.75883
30	0.02547	0.01840	0.02041	0.01717	0.02240	0.02009	0.01405	0.30692	0.19550	0.09105	0.03090	0.03722	0.04808	0.01277	0.00890	0.00280	0.00786	0.09903	0.00838	0.01259
31	0.01023	0.00794	0.00932	0.01002	0.01174	0.00703	0.00712	0.01234	0.01838	0.02357	0.15372	0.33281	0.32114	0.02248	0.01014	0.00301	0.00442	0.01965	0.00793	0.00703
32	0.01949	0.02577	0.19134	0.04247	0.43477	0.01977	0.09367	0.02582	0.01865	0.02688	0.01558	0.02002	0.01245	0.00748	0.00832	0.00254	0.01092	0.00736	0.00397	0.01272
33	0.02258	0.02356	0.03176	0.04530	0.53494	0.14571	0.02368	0.02697	0.01981	0.02583	0.01509	0.01949	0.01269	0.00762	0.00808	0.00240	0.01085	0.00701	0.00414	0.01248
34	0.02468	0.16176	0.22180	0.02062	0.02786	0.33451	0.02006	0.03000	0.04401	0.02255	0.01403	0.01607	0.01120	0.00820	0.00726	0.00225	0.01274	0.00558	0.00407	0.01076
35	0.01125	0.00888	0.01041	0.01117	0.01362	0.00803	0.00915	0.01404	0.01901	0.02341	0.06806	0.08546	0.41038	0.02180	0.01048	0.00321	0.00559	0.25108	0.00769	0.00727
36	0.02849	0.03338	0.02617	0.02853	0.18142	0.46098	0.01836	0.07894	0.02364	0.02458	0.01410	0.01676	0.01158	0.00839	0.00774	0.00225	0.01325	0.00603	0.00456	0.01086
37	0.01627	0.04021	0.61265	0.02262	0.03407	0.01838	0.02886	0.02546	0.01802	0.02687	0.06590	0.02110	0.01596	0.00862	0.00805	0.00263	0.01161	0.00685	0.00396	0.01192
38	0.01029	0.00735	0.00984	0.01176	0.01232	0.00690	0.00801	0.01186	0.01607	0.02140	0.04569	0.67065	0.05457	0.02587	0.01065	0.00340	0.00497	0.05389	0.00771	0.00679
39	0.01138	0.00776	0.00927	0.00996	0.01013	0.00759	0.00599	0.01190	0.01345	0.01794	0.03320	0.28667	0.03907	0.46364	0.03093	0.00638	0.00689	0.01621	0.00599	0.00565
40	0.01260	0.00909	0.01147	0.01212	0.01350	0.00888	0.00855	0.07470	0.01970	0.02667	0.15920	0.51101	0.05531	0.02267	0.01022	0.00314	0.00508	0.02034	0.00805	0.00770
41	0.01704	0.01235	0.01460	0.01478	0.04724	0.01257	0.01050	0.02619	0.21910	0.09798	0.07151	0.20865	0.17948	0.01711	0.00933	0.00290	0.00570	0.01480	0.00812	0.01005

[dist]
# distance from previous block
# <min> <max>
1	2

[block]
# block no. 3 follows, 22 sequences, length 39
# corresponding to MSA columns:
# 315-353
name=unknown_D
#
# <colnr> <probs for GDERKNQSTAVLIFYWHMCP>
#	G	D	E	R	K	N	Q	S	T	A	V	L	I	F	Y	W	H	M	C	P
0	0.18602	0.01817	0.02530	0.03487	0.38511	0.04846	0.01904	0.02396	0.01721	0.02787	0.01562	0.02059	0.01329	0.01601	0.11059	0.00416	0.01125	0.00689	0.00440	0.01118
1	0.02983	0.03532	0.02526	0.02187	0.02650	0.51638	0.05046	0.11416	0.02492	0.02508	0.01395	0.01624	0.01129	0.00896	0.00871	0.00230	0.04765	0.00599	0.00480	0.01031
2	0.01564	0.01218	0.01356	0.01236	0.01577	0.01223	0.00977	0.12700	0.08809	0.03185	0.19595	0.06132	0.27978	0.01729	0.00957	0.00281	0.00561	0.07183	0.00823	0.00918
3	0.02262	0.02495	0.03593	0.03971	0.33613	0.16610	0.19934	0.02753	0.02015	0.02547	0.01535	0.01986	0.01245	0.00754	0.00852	0.00249	0.01222	0.00765	0.00418	0.01180
4	0.01092	0.00876	0.01296	0.01318	0.01471	0.00805	0.06246	0.01296	0.01669	0.02187	0.04896	0.54895	0.14069	0.02359	0.01041	0.00324	0.00554	0.02148	0.00740	0.00718
5	0.02409	0.49012	0.09378	0.01652	0.02349	0.15985	0.01597	0.02730	0.01855	0.04604	0.01296	0.01463	0.01105	0.00760	0.00611	0.00196	0.01034	0.00493	0.00397	0.01074
6	0.08443	0.01078	0.01120	0.01072	0.01387	0.01065	0.00827	0.01939	0.12301	0.02803	0.17299	0.06266	0.35595	0.01746	0.00921	0.00279	0.00490	0.03744	0.00786	0.00840
7	0.02365	0.24936	0.21618	0.02116	0.05582	0.25524	0.02015	0.02825	0.01952	0.02213	0.01316	0.01546	0.01075	0.00786	0.00697	0.00218	0.01207	0.00539	0.00382	0.01088
8	0.01856	0.27264	0.45199	0.02043	0.03094	0.02395	0.02505	0.02582	0.01731	0.02399	0.01376	0.01610	0.01057	0.00762	0.00701	0.00234	0.01111	0.00556	0.00352	0.01172
9	0.02056	0.01974	0.03372	0.05099	0.65622	0.01974	0.02550	0.02550	0.01892	0.02714	0.01563	0.02056	0.01316	0.00740	0.00822	0.00247	0.00987	0.00740	0.00411	0.01316
10	0.01070	0.00865	0.00964	0.00995	0.01250	0.00759	0.00783	0.01332	0.01942	0.02397	0.13164	0.08088	0.47939	0.02102	0.01014	0.00298	0.00485	0.13048	0.00784	0.00722
11	0.02128	0.02123	0.03254	0.04734	0.57785	0.07160	0.02442	0.02585	0.01900	0.02628	0.01519	0.02001	0.01286	0.00782	0.00903	0.00249	0.04116	0.00723	0.00410	0.01270
12	0.02796	0.03378	0.02652	0.03007	0.21042	0.48280	0.01882	0.03092	0.02219	0.02233	0.01366	0.01662	0.01142	0.00822	0.00771	0.00224	0.01348	0.00595	0.00423	0.01066
13	0.02120	0.01067	0.01361	0.01163	0.01553	0.00933	0.00916	0.02439	0.02247	0.27519	0.26857	0.05340	0.19999	0.01539	0.00924	0.00264	0.00522	0.01306	0.00923	0.01008
14	0.01360	0.01199	0.01502	0.01922	0.14190	0.04938	0.01125	0.01578	0.01717	0.02208	0.04324	0.34017	0.15703	0.08760	0.01291	0.00347	0.00664	0.01695	0.00652	0.00809
15	0.01584	0.01350	0.01793	0.02180	0.15881	0.01398	0.01365	0.02479	0.19478	0.02763	0.07648	0.17842	0.11348	0.01620	0.00941	0.00295	0.00661	0.07635	0.00720	0.01018
16	0.01030	0.00750	0.00971	0.01113	0.01202	0.00691	0.00760	0.01213	0.01717	0.02289	0.12774	0.56152	0.11394	0.02439	0.01043	0.00322	0.00465	0.02194	0.00790	0.00691
17	0.01414	0.01233	0.01768	0.01646	0.01727	0.01587	0.01314	0.01651	0.01336	0.01975	0.02017	0.09316	0.02032	0.04020	0.35822	0.00860	0.28066	0.00972	0.00446	0.00800
18	0.02514	0.06228	0.13928	0.02957	0.21626	0.12388	0.02125	0.22110	0.02578	0.03369	0.01626	0.01861	0.01251	0.00848	0.00794	0.00242	0.01080	0.00674	0.00536	0.01265
19	0.02722	0.03324	0.02411	0.02152	0.02453	0.48217	0.01668	0.02926	0.02033	0.02023	0.01227	0.01593	0.01076	0.01033	0.01335	0.00258	0.21599	0.00592	0.00409	0.00947
20	0.01076	0.00769	0.01037	0.01230	0.01306	0.00730	0.00882	0.01267	0.01653	0.02192	0.04544	0.58352	0.05355	0.02542	0.01077	0.00346	0.00537	0.13641	0.00770	0.00692
21	0.01120	0.00913	0.01150	0.01362	0.06917	0.00826	0.00888	0.01362	0.01849	0.02364	0.11929	0.25600	0.33936	0.02098	0.00998	0.00297	0.00501	0.04378	0.00753	0.00759
22	0.01187	0.00890	0.01335	0.01335	0.01483	0.01038	0.01038	0.01483	0.01335	0.01928	0.02225	0.03264	0.02077	0.06231	0.67512	0.01335	0.02225	0.00890	0.00445	0.00742
23	0.01003	0.00848	0.00871	0.00883	0.01158	0.00717	0.00673	0.01224	0.01895	0.02259	0.08176	0.08077	0.61676	0.02115	0.00992	0.00287	0.00441	0.05229	0.00771	0.00705
24	0.03003	0.03770	0.02451	0.02423	0.08591	0.61213	0.01695	0.03244	0.02310	0.02098	0.01311	0.01551	0.01094	0.00845	0.00756	0.00217	0.01449	0.00555	0.00426	0.00997
25	0.01666	0.04297	0.66500	0.02368	0.03596	0.01929	0.03069	0.02631	0.01754	0.02631	0.01491	0.01754	0.01052	0.00789	0.00789	0.00263	0.01228	0.00614	0.00351	0.01228
26	0.02203	0.02459	0.02487	0.02169	0.02297	0.22004	0.01754	0.02394	0.01597	0.02009	0.01149	0.01722	0.01084	0.01275	0.02134	0.00319	0.48967	0.00669	0.00383	0.00925
27	0.01728	0.10164	0.58337	0.02332	0.03497	0.02057	0.05474	0.02619	0.01757	0.02572	0.01469	0.01737	0.01062	0.00778	0.00775	0.00256	0.01205	0.00614	0.00354	0.01209
28	0.01834	0.20800	0.44926	0.02244	0.03304	0.02285	0.08535	0.02598	0.01758	0.02465	0.01426	0.01697	0.01076	0.00761	0.00744	0.00243	0.01160	0.00608	0.00359	0.01177
29	0.00982	0.00842	0.00842	0.00842	0.01122	0.00701	0.00631	0.01192	0.01894	0.02244	0.08416	0.07995	0.65285	0.02104	0.00982	0.00281	0.00421	0.01753	0.00771	0.00701
30	0.00999	0.00842	0.00865	0.00860	0.01133	0.00709	0.00645	0.01226	0.01934	0.02341	0.13461	0.07836	0.60179	0.02068	0.00982	0.00279	0.00418	0.01731	0.00784	0.00709
31	0.02799	0.05738	0.02649	0.02483	0.13795	0.15334	0.01724	0.31670	0.09078	0.03822	0.01874	0.01985	0.01422	0.00923	0.00801	0.00242	0.01017	0.00709	0.00655	0.01280
32	0.01478	0.16674	0.02123	0.01435	0.01695	0.01684	0.01198	0.01757	0.01408	0.01941	0.01878	0.02695	0.01757	0.04544	0.46394	0.00984	0.08333	0.00775	0.00417	0.00830
33	0.01100	0.00786	0.00912	0.00973	0.01045	0.00743	0.00614	0.01189	0.01468	0.01900	0.04408	0.26593	0.16324	0.35278	0.02567	0.00551	0.00625	0.01685	0.00643	0.00598
34	0.02058	0.02016	0.03250	0.10633	0.57558	0.04809	0.02487	0.02545	0.01891	0.02632	0.01543	0.02046	0.01287	0.00753	0.00820	0.00248	0.01020	0.00731	0.00408	0.01266
35	0.09054	0.02517	0.13909	0.01983	0.08885	0.17691	0.01606	0.02480	0.06434	0.02545	0.03581	0.03610	0.19996	0.01208	0.00817	0.00255	0.00935	0.00950	0.00551	0.00993
36	0.02103	0.01987	0.02011	0.01912	0.05611	0.15911	0.01424	0.14322	0.02098	0.02666	0.01837	0.02430	0.01595	0.03282	0.30147	0.00727	0.07694	0.00762	0.00510	0.00972
37	0.01641	0.01016	0.01292	0.01231	0.01466	0.01055	0.00939	0.07796	0.01897	0.08352	0.07798	0.17712	0.03204	0.03060	0.22075	0.00604	0.01074	0.01212	0.15712	0.00863
38	0.02696	0.01975	0.02132	0.01652	0.02244	0.02101	0.01341	0.45166	0.03246	0.04478	0.02027	0.02257	0.01547	0.04872	0.00969	0.00258	0.00816	0.00741	0.07946	0.11536

[dist]
# distance from previous block
# <min> <max>
2	4

[block]
# block no. 4 follows, 22 sequences, length 27
# corresponding to MSA columns:
# 358-384
name=unknown_E
#
# <colnr> <probs for GDERKNQSTAVLIFYWHMCP>
#	G	D	E	R	K	N	Q	S	T	A	V	L	I	F	Y	W	H	M	C	P
0	0.01113	0.00856	0.01070	0.01041	0.01255	0.00813	0.00789	0.01423	0.01972	0.02654	0.32111	0.06153	0.25861	0.02842	0.15772	0.00506	0.00809	0.01451	0.00762	0.00747
1	0.02534	0.01777	0.01883	0.01526	0.02021	0.01950	0.01234	0.37527	0.09286	0.04376	0.02363	0.02458	0.01755	0.01001	0.00753	0.00235	0.00720	0.00776	0.24627	0.01199
2	0.01004	0.00794	0.00905	0.00980	0.01162	0.00695	0.00696	0.01197	0.01794	0.02250	0.09787	0.33245	0.37983	0.02286	0.01014	0.00303	0.00444	0.01988	0.00779	0.00695
3	0.01187	0.00890	0.01335	0.01335	0.01483	0.01038	0.01038	0.01483	0.01335	0.01928	0.02225	0.03264	0.02077	0.06231	0.67512	0.01335	0.02225	0.00890	0.00445	0.00742
4	0.02797	0.02147	0.02290	0.01838	0.02439	0.02407	0.01492	0.43505	0.23842	0.04653	0.02454	0.02360	0.01785	0.01040	0.00836	0.00260	0.00829	0.00811	0.00836	0.01380
5	0.03132	0.02875	0.02328	0.02087	0.05717	0.33087	0.01557	0.16715	0.05884	0.15619	0.01962	0.01985	0.01431	0.00930	0.00793	0.00236	0.01141	0.00674	0.00658	0.01189
6	0.02163	0.06738	0.23434	0.03403	0.29030	0.15971	0.02457	0.02736	0.01935	0.02503	0.01459	0.01803	0.01166	0.00779	0.00781	0.00241	0.01168	0.00641	0.00393	0.01200
7	0.01208	0.00805	0.00906	0.00906	0.00906	0.00805	0.00503	0.01208	0.01208	0.01611	0.02618	0.05436	0.03020	0.70804	0.04228	0.00805	0.00805	0.01208	0.00503	0.00503
8	0.01208	0.00805	0.00906	0.00906	0.00906	0.00805	0.00503	0.01208	0.01208	0.01611	0.02618	0.05436	0.03020	0.70804	0.04228	0.00805	0.00805	0.01208	0.00503	0.00503
9	0.02147	0.31305	0.29939	0.01945	0.02821	0.14183	0.02142	0.02696	0.01834	0.02251	0.01318	0.01538	0.01061	0.00769	0.00679	0.00220	0.01139	0.00531	0.00366	0.01115
10	0.02361	0.49024	0.07302	0.01872	0.06626	0.16336	0.01627	0.02671	0.01843	0.02060	0.01228	0.01439	0.01083	0.00747	0.00611	0.00195	0.01039	0.00492	0.00374	0.01071
11	0.01186	0.00796	0.00913	0.00934	0.00940	0.00791	0.00534	0.01202	0.01251	0.01669	0.02840	0.12773	0.03300	0.63086	0.03870	0.00752	0.00769	0.01339	0.00534	0.00523
12	0.01203	0.00824	0.01001	0.01001	0.01034	0.00857	0.00622	0.01269	0.01236	0.01681	0.02530	0.04953	0.02811	0.56448	0.18298	0.00923	0.01121	0.01137	0.00490	0.00556
13	0.09692	0.06044	0.01587	0.01245	0.01548	0.01478	0.00919	0.10717	0.07403	0.08720	0.02546	0.08312	0.02477	0.31233	0.02263	0.00495	0.00764	0.01033	0.00640	0.00883
14	0.01006	0.00747	0.00939	0.01093	0.01188	0.00680	0.00743	0.01164	0.01652	0.02146	0.05358	0.57624	0.17630	0.02501	0.01044	0.00326	0.00470	0.02238	0.00771	0.00680
15	0.01009	0.00736	0.00950	0.01121	0.01196	0.00678	0.00755	0.01161	0.01625	0.02135	0.05012	0.63228	0.12248	0.02546	0.01051	0.00331	0.00475	0.02293	0.00771	0.00678
16	0.03103	0.03959	0.02354	0.02140	0.02568	0.67469	0.01605	0.03317	0.02354	0.02033	0.01284	0.01498	0.01070	0.00856	0.00749	0.00214	0.01498	0.00535	0.00428	0.00963
17	0.02480	0.46400	0.07045	0.01638	0.02347	0.06915	0.01559	0.17685	0.02288	0.02818	0.01391	0.01531	0.01153	0.00796	0.00634	0.00202	0.00950	0.00535	0.00479	0.01155
18	0.00992	0.00842	0.00856	0.00852	0.01128	0.00706	0.00639	0.01212	0.01918	0.02302	0.11441	0.07900	0.62224	0.02082	0.00982	0.00279	0.00419	0.01740	0.00779	0.00706
19	0.01019	0.00755	0.00933	0.01070	0.01166	0.00690	0.00722	0.01168	0.01632	0.02113	0.05298	0.52005	0.18619	0.07136	0.01259	0.00357	0.00490	0.02148	0.00753	0.00669
20	0.02446	0.01677	0.01851	0.01507	0.01937	0.01814	0.01180	0.35306	0.02815	0.07224	0.02291	0.03010	0.01926	0.16904	0.06516	0.00448	0.00923	0.00868	0.08259	0.01096
21	0.02510	0.01692	0.05657	0.01470	0.01986	0.01557	0.01230	0.22685	0.02574	0.19968	0.03550	0.03833	0.13230	0.12591	0.01411	0.00349	0.00773	0.01018	0.00790	0.01126
22	0.01292	0.00941	0.01285	0.01255	0.01392	0.01057	0.00930	0.04508	0.01433	0.02015	0.02313	0.03751	0.02283	0.22354	0.48089	0.01146	0.01799	0.00964	0.00479	0.00715
23	0.01091	0.00834	0.01021	0.01138	0.01317	0.00764	0.00875	0.01328	0.01798	0.02271	0.06021	0.29065	0.28556	0.02323	0.01054	0.00328	0.00537	0.18200	0.00770	0.00710
24	0.01404	0.01133	0.01197	0.01103	0.01422	0.01113	0.00836	0.08108	0.11251	0.02798	0.12301	0.06281	0.39005	0.06909	0.01187	0.00315	0.00532	0.01463	0.00783	0.00859
25	0.02314	0.46904	0.08797	0.01653	0.02312	0.17319	0.01575	0.02627	0.01822	0.02026	0.01271	0.01513	0.01123	0.01061	0.04381	0.00258	0.01127	0.00503	0.00376	0.01038
26	0.02831	0.03255	0.05926	0.02504	0.11580	0.38339	0.01797	0.14881	0.05966	0.02868	0.01589	0.01777	0.01252	0.00879	0.00783	0.00232	0.01250	0.00632	0.00523	0.01135

[dist]
# distance from previous block
# <min> <max>
0	2

[block]
# block no. 5 follows, 22 sequences, length 26
# corresponding to MSA columns:
# 387-412
name=unknown_F
#
# <colnr> <probs for GDERKNQSTAVLIFYWHMCP>
#	G	D	E	R	K	N	Q	S	T	A	V	L	I	F	Y	W	H	M	C	P
0	0.05026	0.01429	0.01613	0.01359	0.01816	0.01442	0.01077	0.12607	0.14259	0.12730	0.17940	0.04177	0.12987	0.01322	0.00864	0.00255	0.00606	0.01096	0.00836	0.06559
1	0.02465	0.13609	0.03087	0.02183	0.02726	0.29116	0.13710	0.06217	0.02100	0.02356	0.01453	0.01806	0.01210	0.01220	0.05734	0.00308	0.04746	0.00655	0.00440	0.04858
2	0.01073	0.00878	0.00998	0.00979	0.01207	0.00803	0.00735	0.01326	0.01966	0.02515	0.23013	0.11789	0.42680	0.02003	0.01065	0.00283	0.03478	0.01685	0.00792	0.00731
3	0.02310	0.42264	0.03376	0.01538	0.02193	0.16764	0.01371	0.02586	0.01840	0.02127	0.01249	0.01449	0.01101	0.00723	0.00597	0.00174	0.00964	0.00474	0.00399	0.16500
4	0.01388	0.01138	0.01218	0.01221	0.01472	0.04270	0.00942	0.07500	0.02088	0.02635	0.10634	0.21353	0.26719	0.02045	0.01002	0.00303	0.00595	0.11908	0.00771	0.00797
5	0.02424	0.02641	0.02259	0.02391	0.12360	0.30435	0.01620	0.05528	0.14466	0.02572	0.02054	0.02568	0.01736	0.01561	0.08024	0.00365	0.01263	0.04116	0.00546	0.01072
6	0.05689	0.13459	0.19908	0.13946	0.22564	0.05907	0.02334	0.02530	0.01788	0.02487	0.01429	0.01822	0.01138	0.00772	0.00750	0.00244	0.01067	0.00634	0.00386	0.01147
7	0.01138	0.00953	0.01003	0.00971	0.01262	0.00874	0.00734	0.01626	0.09271	0.02549	0.16181	0.07156	0.49457	0.01929	0.00966	0.00278	0.00444	0.01621	0.00801	0.00786
8	0.01088	0.00797	0.01021	0.01067	0.01213	0.00731	0.00762	0.01360	0.01993	0.02721	0.34383	0.32233	0.13336	0.02108	0.01013	0.00294	0.00431	0.01877	0.00841	0.00731
9	0.02065	0.02551	0.12371	0.06523	0.27288	0.11351	0.05394	0.02531	0.01789	0.02414	0.01408	0.01896	0.01179	0.00927	0.01246	0.00274	0.16566	0.00702	0.00392	0.01133
10	0.01251	0.00901	0.00977	0.00952	0.01258	0.00767	0.00739	0.01485	0.01938	0.07881	0.07644	0.07651	0.54911	0.02025	0.00982	0.00287	0.00473	0.06316	0.00793	0.00769
11	0.01191	0.00873	0.01246	0.01246	0.01364	0.00990	0.00928	0.01427	0.01309	0.01863	0.02306	0.03712	0.02272	0.19571	0.54438	0.01226	0.01932	0.00956	0.00457	0.00692
12	0.01165	0.00891	0.01073	0.01020	0.01252	0.00822	0.00767	0.01600	0.05156	0.03040	0.46669	0.06549	0.23356	0.01783	0.00974	0.00268	0.00412	0.01545	0.00872	0.00786
13	0.01973	0.20100	0.03244	0.02005	0.02553	0.02206	0.16707	0.11090	0.02008	0.02639	0.02233	0.02620	0.06987	0.01902	0.12718	0.00441	0.06211	0.00838	0.00495	0.01030
14	0.01387	0.01093	0.01290	0.01307	0.01522	0.01148	0.00950	0.02297	0.22022	0.02808	0.16597	0.35371	0.05015	0.01939	0.00974	0.00304	0.00520	0.01725	0.00825	0.00905
15	0.01157	0.00815	0.01027	0.01061	0.01121	0.00839	0.00698	0.01271	0.01341	0.01814	0.03132	0.16431	0.06126	0.38486	0.20230	0.00838	0.01105	0.01353	0.00548	0.00606
16	0.02065	0.28965	0.05572	0.15557	0.14405	0.06864	0.01817	0.04787	0.01883	0.02392	0.03937	0.01967	0.01449	0.00815	0.00700	0.00222	0.00962	0.00638	0.03931	0.01071
17	0.01732	0.01434	0.01496	0.01336	0.01748	0.01519	0.01042	0.11546	0.26867	0.03173	0.05474	0.05170	0.30999	0.01554	0.00905	0.00276	0.00587	0.01282	0.00810	0.01049
18	0.01192	0.00870	0.01232	0.01232	0.01345	0.00982	0.00910	0.01417	0.01305	0.01852	0.02319	0.03785	0.02303	0.21729	0.52323	0.01208	0.01884	0.00966	0.00459	0.00685
19	0.01110	0.00737	0.00971	0.01102	0.01134	0.00705	0.00717	0.01155	0.01448	0.01931	0.03771	0.48843	0.04461	0.14689	0.01942	0.11533	0.00574	0.01917	0.00663	0.00598
20	0.02414	0.02431	0.02976	0.03916	0.41441	0.16014	0.02170	0.10149	0.05236	0.02913	0.01644	0.01980	0.01334	0.00815	0.00809	0.00242	0.01071	0.00707	0.00487	0.01252
21	0.01397	0.00927	0.01078	0.01036	0.01139	0.00971	0.00688	0.05866	0.01506	0.02150	0.02516	0.04457	0.02605	0.44022	0.14620	0.00768	0.01003	0.01054	0.11544	0.00652
22	0.01478	0.01302	0.01960	0.02073	0.11250	0.01286	0.08624	0.02122	0.10925	0.02641	0.09753	0.18921	0.14571	0.01681	0.00973	0.00297	0.00705	0.07799	0.00699	0.00940
23	0.13436	0.05285	0.02387	0.02094	0.05325	0.25560	0.01606	0.07795	0.01950	0.02576	0.01272	0.01643	0.01093	0.01038	0.01358	0.00272	0.23254	0.00609	0.00451	0.00996
24	0.01295	0.01093	0.01495	0.01894	0.14583	0.01022	0.01191	0.01612	0.01924	0.02486	0.11338	0.10066	0.31504	0.01848	0.00986	0.00295	0.00607	0.13205	0.00709	0.00847
25	0.01725	0.01590	0.02542	0.03281	0.31838	0.01787	0.01910	0.02091	0.01584	0.02313	0.01681	0.02399	0.01517	0.02667	0.22837	0.00624	0.15369	0.00786	0.00412	0.01046

[dist]
# distance from previous block
# <min> <max>
0	3

[block]
# block no. 6 follows, 22 sequences, length 12
# corresponding to MSA columns:
# 416-427
name=unknown_G
#
# <colnr> <probs for GDERKNQSTAVLIFYWHMCP>
#	G	D	E	R	K	N	Q	S	T	A	V	L	I	F	Y	W	H	M	C	P
0	0.01709	0.02173	0.14546	0.01599	0.02082	0.11639	0.01477	0.02470	0.11341	0.02908	0.26949	0.04391	0.06995	0.01355	0.00896	0.00266	0.00796	0.04734	0.00699	0.00975
1	0.01187	0.00890	0.01335	0.01335	0.01483	0.01038	0.01038	0.01483	0.01335	0.01928	0.02225	0.03264	0.02077	0.06231	0.67512	0.01335	0.02225	0.00890	0.00445	0.00742
2	0.02324	0.15901	0.02601	0.05352	0.04629	0.04596	0.01475	0.16711	0.25659	0.03357	0.02240	0.02252	0.01719	0.00936	0.00757	0.00237	0.00822	0.00731	0.00662	0.07038
3	0.02005	0.09099	0.16570	0.04947	0.06431	0.16616	0.01794	0.04957	0.01880	0.02395	0.01700	0.02159	0.01412	0.02092	0.16365	0.00489	0.01394	0.00676	0.06014	0.01005
4	0.20779	0.11185	0.38704	0.06114	0.03055	0.02064	0.02280	0.02534	0.01654	0.02799	0.01366	0.01631	0.01019	0.00778	0.00692	0.00253	0.01032	0.00560	0.00394	0.01107
5	0.01191	0.00874	0.01252	0.01252	0.01371	0.00993	0.00935	0.01430	0.01310	0.01867	0.02301	0.03685	0.02260	0.18766	0.55227	0.01232	0.01950	0.00952	0.00456	0.00695
6	0.01239	0.01059	0.01767	0.01578	0.01817	0.00987	0.13160	0.01528	0.01775	0.02392	0.13488	0.39329	0.08034	0.06288	0.01224	0.00340	0.00669	0.01847	0.00706	0.00772
7	0.00997	0.00842	0.00862	0.00857	0.01131	0.00708	0.00643	0.01221	0.01929	0.02329	0.12819	0.07856	0.60829	0.02072	0.00982	0.00279	0.00419	0.01734	0.00783	0.00708
8	0.07209	0.11493	0.18789	0.02014	0.02696	0.32824	0.01894	0.05612	0.05586	0.02501	0.01461	0.01646	0.01151	0.00838	0.00728	0.00230	0.01233	0.00571	0.00446	0.01077
9	0.01699	0.03319	0.41536	0.02481	0.03414	0.01933	0.15237	0.02477	0.01762	0.02580	0.04574	0.02138	0.01467	0.01104	0.03784	0.00321	0.07888	0.00756	0.00397	0.01133
10	0.09740	0.00907	0.00909	0.00932	0.01194	0.00831	0.00689	0.01330	0.01779	0.02392	0.06831	0.19314	0.46233	0.02047	0.00943	0.00289	0.00458	0.01721	0.00742	0.00719
