[name]
unknown

[dist]
# distance from previous block
# <min> <max>
10	51

[block]
# block no. 0 follows, 23 sequences, length 104
# corresponding to MSA columns:
# 56-159
name=unknown_A
#
# <colnr> <probs for GDERKNQSTAVLIFYWHMCP>
#	G	D	E	R	K	N	Q	S	T	A	V	L	I	F	Y	W	H	M	C	P
0	0.01241	0.07505	0.13894	0.01396	0.01735	0.01135	0.01273	0.01573	0.01651	0.02236	0.06735	0.44374	0.04240	0.01981	0.00943	0.00301	0.00657	0.05676	0.00647	0.00806
1	0.01631	0.02074	0.15735	0.02220	0.09484	0.01877	0.01857	0.02139	0.04682	0.02467	0.12986	0.06128	0.02537	0.01290	0.01584	0.00299	0.28616	0.00914	0.00496	0.00984
2	0.02011	0.01881	0.02920	0.04128	0.49949	0.01951	0.02181	0.02957	0.18012	0.02841	0.01981	0.02269	0.01591	0.00820	0.00809	0.00250	0.00882	0.00773	0.00510	0.01285
3	0.05709	0.06016	0.10073	0.06452	0.25148	0.18992	0.02046	0.11075	0.02176	0.02790	0.01466	0.01771	0.01168	0.00796	0.00756	0.00234	0.01095	0.00632	0.00455	0.01151
4	0.01655	0.07645	0.64072	0.02266	0.03439	0.01952	0.02916	0.02563	0.01710	0.02536	0.01439	0.01692	0.01029	0.00767	0.00758	0.00253	0.01182	0.00591	0.00343	0.01191
5	0.01085	0.00825	0.00985	0.00946	0.01157	0.00739	0.00701	0.01389	0.02090	0.02810	0.43203	0.06622	0.27389	0.05158	0.01111	0.00287	0.00412	0.01537	0.00826	0.00725
6	0.02008	0.01928	0.03294	0.04981	0.66422	0.01928	0.02490	0.02490	0.01848	0.02651	0.01526	0.02008	0.01285	0.00723	0.00803	0.00241	0.00964	0.00723	0.00402	0.01285
7	0.02677	0.06052	0.02555	0.02582	0.15761	0.37479	0.01716	0.12215	0.02350	0.02595	0.01466	0.01746	0.01204	0.01137	0.04736	0.00284	0.01287	0.00613	0.00473	0.01072
8	0.01021	0.00787	0.00933	0.00975	0.01154	0.00699	0.00701	0.01255	0.01879	0.02447	0.22987	0.27444	0.30601	0.02101	0.00983	0.00287	0.00422	0.01834	0.00792	0.00699
9	0.01116	0.00842	0.01005	0.01026	0.01220	0.00774	0.00784	0.01376	0.01880	0.02445	0.22539	0.07243	0.27956	0.12077	0.01453	0.00364	0.00528	0.13927	0.00753	0.00692
10	0.01703	0.02505	0.23483	0.02955	0.15847	0.01732	0.19226	0.02357	0.01827	0.02556	0.02260	0.03405	0.04177	0.01037	0.00896	0.00279	0.01092	0.11114	0.00458	0.01091
11	0.03031	0.03867	0.02299	0.02090	0.02508	0.68226	0.01568	0.03240	0.02299	0.01986	0.01254	0.01463	0.01045	0.00836	0.00732	0.00209	0.01463	0.00523	0.00418	0.00941
12	0.06429	0.46581	0.23819	0.01659	0.02500	0.02713	0.01863	0.02471	0.01653	0.02218	0.01231	0.01432	0.01028	0.00722	0.00598	0.00204	0.00957	0.00486	0.00355	0.01081
13	0.35777	0.13498	0.23346	0.01550	0.02319	0.02018	0.01673	0.02557	0.01594	0.07228	0.01374	0.01541	0.01028	0.00766	0.00614	0.00241	0.00857	0.00516	0.00459	0.01043
14	0.01663	0.08702	0.63090	0.02251	0.03417	0.01973	0.02891	0.02560	0.01709	0.02526	0.01434	0.01686	0.01029	0.00766	0.00754	0.00251	0.01177	0.00589	0.00343	0.01189
15	0.02169	0.71972	0.04252	0.01388	0.02083	0.03211	0.01388	0.02430	0.01649	0.01909	0.01128	0.01302	0.01041	0.00694	0.00521	0.00174	0.00868	0.00434	0.00347	0.01041
16	0.01052	0.00845	0.00957	0.01017	0.01255	0.00749	0.00806	0.01298	0.01837	0.02247	0.06968	0.11889	0.46368	0.02133	0.01006	0.00303	0.00503	0.17317	0.00752	0.00700
17	0.02641	0.02569	0.02226	0.07645	0.02663	0.23463	0.01540	0.22591	0.20032	0.03373	0.02056	0.02109	0.01550	0.00951	0.00790	0.00243	0.01023	0.00714	0.00650	0.01171
18	0.02832	0.03358	0.02214	0.01991	0.02430	0.51472	0.01510	0.06730	0.14868	0.02436	0.01700	0.01801	0.01349	0.00896	0.00755	0.00224	0.01269	0.00613	0.00521	0.01033
19	0.01179	0.00790	0.00904	0.00904	0.00910	0.00797	0.00515	0.01192	0.01186	0.01587	0.02540	0.05215	0.02909	0.68569	0.06988	0.00810	0.00848	0.01166	0.00489	0.00502
20	0.01076	0.00845	0.00994	0.01076	0.01296	0.00763	0.00857	0.01329	0.01822	0.02255	0.06516	0.15395	0.39192	0.02171	0.01020	0.00313	0.00527	0.21097	0.00751	0.00702
21	0.01074	0.00885	0.00952	0.00924	0.01191	0.00793	0.00696	0.01461	0.06150	0.02525	0.21644	0.07075	0.47955	0.01897	0.00950	0.00270	0.00420	0.01601	0.00792	0.00744
22	0.02225	0.01796	0.02286	0.09058	0.15853	0.02001	0.01649	0.21889	0.14967	0.03523	0.02120	0.02323	0.01620	0.00951	0.00882	0.00251	0.04555	0.00767	0.10093	0.01189
23	0.02222	0.02333	0.03086	0.04378	0.53089	0.15758	0.02298	0.02647	0.01942	0.02512	0.01470	0.01895	0.01235	0.00747	0.00788	0.00234	0.01068	0.00681	0.00405	0.01213
24	0.02008	0.01928	0.03294	0.04981	0.66422	0.01928	0.02490	0.02490	0.01848	0.02651	0.01526	0.02008	0.01285	0.00723	0.00803	0.00241	0.00964	0.00723	0.00402	0.01285
25	0.01195	0.00898	0.01151	0.01278	0.01493	0.00854	0.01085	0.01515	0.01862	0.02352	0.05559	0.08720	0.24436	0.02182	0.01069	0.00342	0.00639	0.41894	0.00749	0.00727
26	0.06412	0.05862	0.06612	0.02038	0.04775	0.45658	0.01600	0.03208	0.02181	0.12053	0.01565	0.01685	0.01192	0.00844	0.00731	0.00220	0.01248	0.00573	0.00503	0.01039
27	0.00989	0.00706	0.00942	0.01130	0.01177	0.00659	0.00753	0.01130	0.01554	0.02071	0.04472	0.70954	0.05367	0.02542	0.01036	0.00330	0.00471	0.02307	0.00753	0.00659
28	0.02101	0.01725	0.01837	0.01641	0.02108	0.01976	0.01280	0.04294	0.61763	0.06636	0.03297	0.03014	0.02453	0.01096	0.00825	0.00274	0.00645	0.00912	0.00835	0.01289
29	0.01986	0.01905	0.03253	0.08048	0.63531	0.01922	0.02479	0.02470	0.01837	0.02623	0.01522	0.02016	0.01276	0.00727	0.00804	0.00242	0.00970	0.00723	0.00400	0.01267
30	0.01653	0.04046	0.63026	0.02490	0.07693	0.01887	0.02964	0.02564	0.01722	0.02575	0.01461	0.01733	0.01045	0.00768	0.00773	0.00256	0.01184	0.00608	0.00347	0.01205
31	0.01989	0.01909	0.03259	0.07552	0.63999	0.01923	0.02481	0.02474	0.01839	0.02628	0.01523	0.02014	0.01277	0.00726	0.00804	0.00242	0.00969	0.00723	0.00400	0.01270
32	0.03034	0.03793	0.02306	0.02080	0.02509	0.65146	0.01567	0.06075	0.02370	0.02133	0.01287	0.01486	0.01061	0.00843	0.00735	0.00211	0.01437	0.00532	0.00437	0.00961
33	0.01774	0.14693	0.54632	0.02160	0.03246	0.05023	0.02685	0.02578	0.01729	0.02441	0.01396	0.01638	0.01031	0.00762	0.00730	0.00242	0.01159	0.00570	0.00347	0.01163
34	0.03042	0.03535	0.02328	0.02044	0.02510	0.54518	0.01562	0.15856	0.02616	0.02638	0.01399	0.01564	0.01115	0.00865	0.00748	0.00216	0.01344	0.00566	0.00500	0.01032
35	0.01011	0.00824	0.00895	0.00877	0.01128	0.00707	0.00658	0.01266	0.01973	0.02485	0.24181	0.07326	0.49948	0.01946	0.00958	0.00269	0.00403	0.01645	0.00792	0.00707
36	0.02008	0.01928	0.03294	0.04981	0.66422	0.01928	0.02490	0.02490	0.01848	0.02651	0.01526	0.02008	0.01285	0.00723	0.00803	0.00241	0.00964	0.00723	0.00402	0.01285
37	0.02863	0.17334	0.02698	0.01936	0.02424	0.50902	0.01530	0.07098	0.02271	0.02178	0.01275	0.01463	0.01067	0.00817	0.00695	0.00204	0.01307	0.00519	0.00430	0.00990
38	0.01308	0.00934	0.01308	0.01494	0.01681	0.00934	0.01308	0.01681	0.01868	0.02428	0.04296	0.09153	0.04670	0.02242	0.01121	0.00374	0.00747	0.60960	0.00747	0.00747
39	0.02008	0.01928	0.03294	0.04981	0.66422	0.01928	0.02490	0.02490	0.01848	0.02651	0.01526	0.02008	0.01285	0.00723	0.00803	0.00241	0.00964	0.00723	0.00402	0.01285
40	0.02021	0.02078	0.02851	0.17815	0.40932	0.12128	0.02215	0.02461	0.01871	0.02407	0.01762	0.02213	0.04071	0.00818	0.00801	0.00244	0.01042	0.00735	0.00411	0.01125
41	0.00989	0.00706	0.00942	0.01130	0.01177	0.00659	0.00753	0.01130	0.01554	0.02071	0.04472	0.70954	0.05367	0.02542	0.01036	0.00330	0.00471	0.02307	0.00753	0.00659
42	0.00959	0.00822	0.00822	0.00822	0.01096	0.00685	0.00617	0.01165	0.01850	0.02192	0.08220	0.07809	0.66092	0.02055	0.00959	0.00274	0.00411	0.01713	0.00754	0.00685
43	0.01985	0.01451	0.01652	0.01480	0.01814	0.01542	0.01128	0.30893	0.02629	0.03518	0.03272	0.38138	0.03471	0.01796	0.00929	0.00289	0.00672	0.01557	0.00781	0.01002
44	0.01922	0.05645	0.03245	0.10001	0.51044	0.01936	0.05923	0.02396	0.01822	0.02537	0.01816	0.02264	0.04266	0.00789	0.00805	0.00243	0.00967	0.00767	0.00412	0.01200
45	0.01520	0.01400	0.01996	0.01788	0.01848	0.01876	0.01460	0.01744	0.01268	0.01924	0.01524	0.02361	0.01464	0.03354	0.29852	0.00748	0.41889	0.00776	0.00388	0.00820
46	0.01683	0.01442	0.01683	0.01202	0.01923	0.01082	0.00961	0.02043	0.01683	0.02644	0.01442	0.01683	0.01202	0.00601	0.00601	0.00120	0.00601	0.00481	0.00481	0.76444
47	0.05252	0.60356	0.03764	0.01364	0.01984	0.02885	0.01321	0.02309	0.01596	0.01980	0.01255	0.01531	0.01154	0.01350	0.08723	0.00314	0.01016	0.00487	0.00364	0.00996
48	0.01029	0.00883	0.00889	0.00877	0.01163	0.00774	0.00661	0.01374	0.06044	0.02272	0.07893	0.07491	0.61864	0.01992	0.00950	0.00274	0.00426	0.01660	0.00758	0.00725
49	0.01180	0.00787	0.00885	0.00885	0.00885	0.00787	0.00492	0.01180	0.01180	0.01573	0.02557	0.05310	0.02950	0.71483	0.04130	0.00787	0.00787	0.01180	0.00492	0.00492
50	0.01074	0.00827	0.00981	0.00943	0.01166	0.00734	0.00707	0.01387	0.02121	0.02836	0.43248	0.06749	0.30663	0.01815	0.00958	0.00263	0.00394	0.01564	0.00838	0.00734
51	0.02008	0.01928	0.03294	0.04981	0.66422	0.01928	0.02490	0.02490	0.01848	0.02651	0.01526	0.02008	0.01285	0.00723	0.00803	0.00241	0.00964	0.00723	0.00402	0.01285
52	0.02694	0.02262	0.02203	0.01815	0.02369	0.09775	0.01452	0.35469	0.25671	0.04140	0.02358	0.02282	0.01737	0.01004	0.00808	0.00251	0.00867	0.00774	0.00772	0.01296
53	0.03085	0.02273	0.02435	0.01867	0.02516	0.02516	0.01542	0.63716	0.03815	0.05114	0.01948	0.01948	0.01380	0.00974	0.00812	0.00244	0.00893	0.00731	0.00812	0.01380
54	0.00982	0.00820	0.00840	0.00836	0.01090	0.00695	0.00617	0.01185	0.01834	0.02213	0.11015	0.07567	0.59200	0.06131	0.01146	0.00303	0.00432	0.01668	0.00746	0.00678
55	0.01030	0.00776	0.00929	0.00988	0.01132	0.00701	0.00689	0.01229	0.01768	0.02311	0.18316	0.31518	0.24804	0.08459	0.01276	0.00338	0.00462	0.01842	0.00759	0.00674
56	0.02520	0.01960	0.02084	0.01712	0.02203	0.05642	0.01379	0.41309	0.06216	0.04033	0.02173	0.06297	0.01782	0.02084	0.14264	0.00460	0.01141	0.00850	0.00713	0.01178
57	0.01650	0.01562	0.02646	0.53601	0.20603	0.01834	0.02312	0.02176	0.01678	0.02216	0.01463	0.02125	0.01132	0.00789	0.00809	0.00263	0.01053	0.00722	0.00371	0.00996
58	0.01653	0.07350	0.64347	0.02270	0.03445	0.01946	0.02923	0.02563	0.01710	0.02539	0.01441	0.01694	0.01029	0.00767	0.00759	0.00253	0.01184	0.00592	0.00343	0.01192
59	0.01040	0.00736	0.00918	0.01042	0.01091	0.00696	0.00672	0.01146	0.01470	0.01942	0.04192	0.48622	0.08735	0.21556	0.01885	0.00452	0.00554	0.01956	0.00681	0.00615
60	0.01874	0.02646	0.21910	0.03790	0.31346	0.01950	0.19483	0.02543	0.01828	0.02614	0.01538	0.01974	0.01197	0.00726	0.00837	0.00255	0.01143	0.00753	0.00387	0.01208
61	0.02158	0.02358	0.03458	0.07784	0.32915	0.15167	0.19141	0.02645	0.01943	0.02470	0.01499	0.01959	0.01210	0.00740	0.00832	0.00245	0.01182	0.00748	0.00405	0.01141
62	0.03034	0.03793	0.02306	0.02080	0.02509	0.65146	0.01567	0.06075	0.02370	0.02133	0.01287	0.01486	0.01061	0.00843	0.00735	0.00211	0.01437	0.00532	0.00437	0.00961
63	0.01109	0.00869	0.01011	0.00981	0.01219	0.00791	0.00745	0.01495	0.04745	0.02758	0.35318	0.06832	0.32976	0.01834	0.00959	0.00269	0.00422	0.04092	0.00823	0.00751
64	0.01860	0.02981	0.27598	0.02969	0.06559	0.05079	0.33203	0.02589	0.01830	0.02537	0.01528	0.01956	0.01143	0.00753	0.00937	0.00266	0.03917	0.00785	0.00383	0.01126
65	0.02240	0.36487	0.21765	0.01794	0.02575	0.15715	0.01876	0.02687	0.01821	0.04482	0.01322	0.01504	0.01073	0.00756	0.00645	0.00207	0.01075	0.00513	0.00384	0.01079
66	0.02259	0.02504	0.02101	0.02297	0.14856	0.30755	0.01487	0.07670	0.02214	0.02442	0.03292	0.03366	0.19092	0.01162	0.00816	0.00236	0.01024	0.00909	0.00541	0.00976
67	0.04637	0.02854	0.28075	0.03384	0.22793	0.01942	0.19472	0.02547	0.01798	0.02642	0.01517	0.01920	0.01157	0.00732	0.00822	0.00256	0.01153	0.00730	0.00385	0.01185
68	0.01637	0.01397	0.01537	0.01406	0.01703	0.03925	0.01116	0.02449	0.19741	0.05804	0.04819	0.05010	0.27080	0.01588	0.01208	0.00291	0.12484	0.05162	0.00706	0.00939
69	0.01028	0.00788	0.00942	0.00982	0.01158	0.00702	0.00706	0.01268	0.01896	0.02487	0.25144	0.27204	0.28598	0.02085	0.00983	0.00286	0.00421	0.01823	0.00797	0.00702
70	0.01126	0.00808	0.00938	0.00917	0.01034	0.00760	0.00606	0.01292	0.01679	0.02247	0.24445	0.06054	0.17074	0.34798	0.02460	0.00511	0.00580	0.01380	0.00675	0.00620
71	0.08597	0.41286	0.16231	0.01660	0.02394	0.13501	0.01695	0.02587	0.01746	0.02201	0.01214	0.01412	0.01025	0.00738	0.00604	0.00203	0.01011	0.00482	0.00371	0.01042
72	0.02269	0.58496	0.07171	0.01539	0.02218	0.12715	0.01497	0.02556	0.01748	0.01954	0.01163	0.01346	0.01041	0.00719	0.00564	0.00183	0.00972	0.00455	0.00357	0.01035
73	0.01005	0.00791	0.00907	0.00947	0.01142	0.00694	0.00684	0.01228	0.01857	0.02370	0.18698	0.24906	0.37670	0.02111	0.00980	0.00286	0.00422	0.01828	0.00781	0.00694
74	0.02298	0.02638	0.02469	0.21261	0.16620	0.32602	0.01901	0.02656	0.01995	0.02159	0.01718	0.02094	0.04421	0.00868	0.00780	0.00236	0.01200	0.00680	0.00416	0.00989
75	0.02002	0.01640	0.01872	0.02073	0.15192	0.07592	0.01316	0.13350	0.02238	0.08285	0.04071	0.08096	0.22199	0.05166	0.01043	0.00285	0.00760	0.01145	0.00667	0.01009
76	0.02185	0.02396	0.01621	0.01515	0.01849	0.35004	0.01146	0.02524	0.04742	0.02323	0.03150	0.03447	0.14439	0.01173	0.00763	0.00228	0.00962	0.03394	0.16281	0.00858
77	0.01329	0.00904	0.01198	0.01167	0.01305	0.01040	0.00898	0.01619	0.01421	0.02242	0.02259	0.03155	0.02024	0.08352	0.36261	0.00824	0.07273	0.00839	0.25156	0.00733
78	0.01907	0.04131	0.54329	0.02268	0.03312	0.15105	0.02713	0.02703	0.01830	0.02453	0.01416	0.01663	0.01031	0.00784	0.00763	0.00247	0.01252	0.00584	0.00358	0.01148
79	0.01831	0.01707	0.02879	0.04214	0.52868	0.01737	0.02182	0.02273	0.01734	0.02491	0.01661	0.02254	0.01440	0.01842	0.14877	0.00463	0.01216	0.00754	0.00409	0.01168
80	0.01040	0.00846	0.00935	0.00971	0.01223	0.00741	0.00767	0.01289	0.01873	0.02289	0.09976	0.08011	0.50675	0.02076	0.00993	0.00294	0.00480	0.14061	0.00758	0.00702
81	0.01965	0.01591	0.02010	0.02206	0.15346	0.01707	0.01430	0.07227	0.30418	0.06343	0.17177	0.03424	0.03318	0.01137	0.00850	0.00260	0.00669	0.00985	0.00760	0.01177
82	0.15198	0.05623	0.19522	0.08117	0.12709	0.01784	0.01927	0.02866	0.04493	0.17461	0.01872	0.02007	0.01334	0.00828	0.00734	0.00250	0.00898	0.00657	0.00553	0.01169
83	0.00991	0.00734	0.00914	0.01054	0.01146	0.00670	0.00712	0.01139	0.01598	0.02073	0.05164	0.54704	0.17921	0.05672	0.01165	0.00339	0.00473	0.02130	0.00741	0.00657
84	0.01180	0.00787	0.00885	0.00885	0.00885	0.00787	0.00492	0.01180	0.01180	0.01573	0.02557	0.05310	0.02950	0.71483	0.04130	0.00787	0.00787	0.01180	0.00492	0.00492
85	0.01699	0.03700	0.51815	0.02587	0.03692	0.01926	0.17964	0.02577	0.01763	0.02577	0.01502	0.01831	0.01078	0.00749	0.00817	0.00261	0.01241	0.00688	0.00359	0.01173
86	0.11111	0.02472	0.11114	0.01800	0.02486	0.07768	0.01623	0.35117	0.02922	0.12933	0.01906	0.01918	0.01335	0.00914	0.00766	0.00244	0.00926	0.00675	0.00706	0.01263
87	0.15719	0.48554	0.03425	0.04633	0.02182	0.02818	0.01366	0.05700	0.01696	0.02405	0.01185	0.01405	0.01033	0.00763	0.00656	0.00205	0.04360	0.00479	0.00401	0.01016
88	0.01914	0.21335	0.29352	0.01973	0.02678	0.02366	0.02142	0.02433	0.01597	0.05508	0.01350	0.01675	0.01092	0.00942	0.01230	0.00262	0.20093	0.00597	0.00381	0.01081
89	0.01304	0.01061	0.01484	0.01407	0.01483	0.01303	0.01076	0.01501	0.01273	0.01843	0.02078	0.05886	0.02119	0.18482	0.36701	0.00933	0.17963	0.00951	0.00440	0.00712
90	0.01772	0.01639	0.02699	0.03929	0.49280	0.01618	0.02029	0.02218	0.01941	0.02752	0.15337	0.03168	0.06125	0.00990	0.00844	0.00246	0.00813	0.00932	0.00523	0.01144
91	0.02261	0.06303	0.14074	0.08661	0.20060	0.06066	0.07560	0.19434	0.02371	0.03184	0.01596	0.01900	0.01218	0.00810	0.00795	0.00244	0.01055	0.00697	0.00500	0.01214
92	0.02055	0.16014	0.07848	0.01586	0.02092	0.10270	0.01408	0.16139	0.02159	0.02727	0.02337	0.02645	0.07827	0.02334	0.18481	0.00508	0.01274	0.00768	0.00525	0.01001
93	0.01128	0.00850	0.01060	0.01098	0.01305	0.00783	0.00870	0.01443	0.02007	0.02648	0.28546	0.10740	0.24179	0.01983	0.01007	0.00297	0.00496	0.18025	0.00804	0.00731
94	0.02228	0.03100	0.20663	0.03321	0.28856	0.20062	0.02338	0.05319	0.02018	0.02551	0.01450	0.01775	0.01153	0.00778	0.00775	0.00237	0.01162	0.00634	0.00407	0.01171
95	0.22988	0.22676	0.16104	0.01654	0.02337	0.17544	0.01625	0.02634	0.01738	0.02543	0.01226	0.01429	0.00994	0.00759	0.00616	0.00221	0.01008	0.00490	0.00405	0.01006
96	0.01059	0.00763	0.01018	0.01196	0.01286	0.00722	0.00871	0.01256	0.01639	0.02158	0.04623	0.53812	0.08299	0.02450	0.01051	0.00337	0.00530	0.15496	0.00752	0.00680
97	0.02475	0.02907	0.06604	0.03438	0.32315	0.30288	0.02080	0.05765	0.02128	0.02481	0.01426	0.01755	0.01172	0.00786	0.00771	0.00228	0.01188	0.00630	0.00425	0.01137
98	0.01121	0.00828	0.01201	0.01244	0.01360	0.00922	0.00930	0.01363	0.01355	0.01912	0.02716	0.18747	0.02834	0.08428	0.49843	0.01057	0.01718	0.01212	0.00510	0.00698
99	0.02126	0.06128	0.01853	0.01409	0.01850	0.01565	0.01125	0.22636	0.02560	0.09725	0.15833	0.16570	0.03506	0.01379	0.00848	0.00248	0.00654	0.01164	0.00774	0.08047
100	0.01948	0.01717	0.01564	0.01508	0.04935	0.13397	0.01055	0.08259	0.11726	0.02707	0.02603	0.03270	0.05459	0.15848	0.01446	0.00341	0.00792	0.00864	0.16319	0.04244
101	0.02750	0.23164	0.02903	0.01778	0.02367	0.20756	0.01492	0.26265	0.05668	0.03231	0.01581	0.01676	0.01241	0.00860	0.00705	0.00215	0.01030	0.00595	0.00568	0.01155
102	0.01840	0.02683	0.22560	0.01817	0.02432	0.15360	0.04601	0.06361	0.02136	0.02754	0.18870	0.06656	0.06159	0.01179	0.00845	0.00251	0.00953	0.00977	0.00578	0.00986
103	0.02128	0.12152	0.05166	0.02292	0.08900	0.19960	0.04678	0.02421	0.01701	0.02074	0.01329	0.01813	0.01185	0.01515	0.08299	0.00370	0.22015	0.00647	0.00386	0.00969

[dist]
# distance from previous block
# <min> <max>
5	85

[block]
# block no. 1 follows, 23 sequences, length 15
# corresponding to MSA columns:
# 245-259
name=unknown_B
#
# <colnr> <probs for GDERKNQSTAVLIFYWHMCP>
#	G	D	E	R	K	N	Q	S	T	A	V	L	I	F	Y	W	H	M	C	P
0	0.01625	0.01626	0.01383	0.01405	0.01570	0.19320	0.01010	0.01800	0.01683	0.01964	0.02934	0.27590	0.03258	0.13338	0.11506	0.00516	0.01065	0.05108	0.00572	0.00726
1	0.01166	0.00888	0.01045	0.01016	0.01241	0.00768	0.00711	0.01313	0.01569	0.02092	0.04447	0.26162	0.20656	0.12817	0.01550	0.05122	0.00543	0.01527	0.00637	0.14732
2	0.02930	0.02341	0.02263	0.09639	0.02760	0.17183	0.01549	0.27849	0.06774	0.15522	0.02051	0.02082	0.01455	0.00937	0.00795	0.00242	0.00992	0.00710	0.00707	0.01218
3	0.01866	0.31657	0.16379	0.01511	0.02094	0.08485	0.01497	0.02193	0.01596	0.01963	0.01602	0.02505	0.01563	0.20180	0.01585	0.00363	0.00972	0.00682	0.00393	0.00914
4	0.01037	0.00847	0.00931	0.00972	0.01227	0.00741	0.00771	0.01280	0.01854	0.02245	0.07343	0.08110	0.52357	0.02097	0.00995	0.00296	0.00486	0.14961	0.00752	0.00699
5	0.01074	0.00742	0.00916	0.01020	0.01046	0.00716	0.00636	0.01152	0.01387	0.01849	0.03616	0.41614	0.04287	0.33356	0.02419	0.00534	0.00612	0.01803	0.00636	0.00584
6	0.02174	0.02277	0.02959	0.04138	0.48791	0.16023	0.02203	0.02586	0.01911	0.02462	0.01508	0.01964	0.01280	0.01076	0.04930	0.00299	0.01145	0.00689	0.00407	0.01177
7	0.00984	0.00830	0.00857	0.00870	0.01138	0.00703	0.00666	0.01202	0.01851	0.02209	0.07937	0.07906	0.61669	0.02068	0.00971	0.00281	0.00435	0.05980	0.00753	0.00689
8	0.01683	0.01442	0.01683	0.01202	0.01923	0.01082	0.00961	0.02043	0.01683	0.02644	0.01442	0.01683	0.01202	0.00601	0.00601	0.00120	0.00601	0.00481	0.00481	0.76444
9	0.01061	0.00742	0.00948	0.01085	0.01127	0.00711	0.00715	0.01177	0.01470	0.01956	0.03935	0.49140	0.04660	0.21472	0.01891	0.00458	0.00574	0.05577	0.00681	0.00618
10	0.01051	0.00804	0.00978	0.01072	0.01245	0.00730	0.00807	0.01282	0.01789	0.02285	0.11079	0.29582	0.28628	0.02224	0.01016	0.00310	0.00493	0.13163	0.00764	0.00695
11	0.00997	0.00774	0.00908	0.00979	0.01146	0.00685	0.00694	0.01199	0.01783	0.02282	0.14316	0.34386	0.32535	0.02209	0.00991	0.00295	0.00433	0.01932	0.00772	0.00685
12	0.01656	0.01536	0.02233	0.01925	0.02049	0.01996	0.04889	0.05068	0.01434	0.02132	0.01495	0.02255	0.01397	0.02838	0.23305	0.00646	0.41091	0.00775	0.00407	0.00873
13	0.01902	0.01819	0.03101	0.19416	0.52818	0.01900	0.02437	0.02397	0.01797	0.02522	0.01507	0.02043	0.01240	0.00743	0.00805	0.00248	0.00990	0.00723	0.00392	0.01199
14	0.06512	0.02578	0.01977	0.01766	0.02153	0.32893	0.01366	0.14011	0.02246	0.02632	0.01643	0.02045	0.01383	0.02375	0.20254	0.00534	0.01516	0.00657	0.00501	0.00957

[dist]
# distance from previous block
# <min> <max>
0	4

[block]
# block no. 2 follows, 23 sequences, length 26
# corresponding to MSA columns:
# 264-289
name=unknown_C
#
# <colnr> <probs for GDERKNQSTAVLIFYWHMCP>
#	G	D	E	R	K	N	Q	S	T	A	V	L	I	F	Y	W	H	M	C	P
0	0.02797	0.11309	0.09001	0.02036	0.02562	0.54527	0.01691	0.03085	0.02170	0.02036	0.01261	0.01471	0.01043	0.00814	0.00713	0.00210	0.01372	0.00521	0.00403	0.00977
1	0.01658	0.03692	0.53759	0.02275	0.03224	0.02010	0.02743	0.02441	0.01615	0.02441	0.01375	0.01726	0.01036	0.00906	0.01166	0.00277	0.15555	0.00623	0.00345	0.01134
2	0.01922	0.02421	0.16757	0.04306	0.48603	0.01928	0.07198	0.02515	0.01825	0.02630	0.01520	0.01960	0.01228	0.00730	0.00808	0.00247	0.01044	0.00715	0.00390	0.01253
3	0.20318	0.03314	0.31494	0.02055	0.02880	0.16588	0.07328	0.02676	0.01780	0.02703	0.01348	0.01602	0.01013	0.00774	0.00713	0.00246	0.01133	0.00574	0.00404	0.01055
4	0.02854	0.17848	0.02700	0.01946	0.02421	0.54879	0.01531	0.03074	0.02166	0.01970	0.01228	0.01430	0.01044	0.00807	0.00688	0.00202	0.01341	0.00504	0.00404	0.00961
5	0.01078	0.00760	0.00971	0.01044	0.01122	0.00718	0.00699	0.01258	0.01687	0.02305	0.21965	0.37504	0.05498	0.17566	0.01699	0.00409	0.00515	0.01813	0.00736	0.00653
6	0.01853	0.01875	0.03250	0.02990	0.17027	0.01927	0.21931	0.02302	0.01688	0.02463	0.01434	0.01943	0.01197	0.00854	0.01263	0.00254	0.17784	0.00746	0.00410	0.16809
7	0.18797	0.17963	0.22753	0.01784	0.02506	0.16023	0.01832	0.02612	0.01728	0.02517	0.01254	0.01488	0.01003	0.00792	0.00732	0.00232	0.04045	0.00517	0.00395	0.01027
8	0.01942	0.01201	0.01256	0.01091	0.01398	0.01271	0.00845	0.19836	0.02273	0.03510	0.02436	0.02906	0.01950	0.06974	0.00943	0.00256	0.00563	0.00785	0.47649	0.00915
9	0.01186	0.00944	0.01098	0.01156	0.01412	0.00896	0.00944	0.01635	0.07243	0.02387	0.06265	0.07927	0.36627	0.02047	0.01011	0.00313	0.00562	0.24829	0.00757	0.00760
10	0.01989	0.02043	0.06551	0.04845	0.63219	0.01926	0.02516	0.02494	0.01841	0.02647	0.01523	0.01993	0.01272	0.00725	0.00802	0.00242	0.00976	0.00717	0.00399	0.01281
11	0.01190	0.00859	0.01256	0.01256	0.01405	0.00992	0.00975	0.01488	0.01339	0.01984	0.02215	0.03173	0.02033	0.05633	0.62305	0.01206	0.02015	0.00859	0.07089	0.00727
12	0.00981	0.00799	0.00868	0.00901	0.01122	0.00686	0.00656	0.01188	0.01827	0.02256	0.12252	0.20411	0.48990	0.02121	0.00974	0.00284	0.00421	0.01812	0.00765	0.00686
13	0.01979	0.01904	0.02854	0.03923	0.47665	0.04932	0.02074	0.02418	0.01829	0.02617	0.01493	0.01903	0.01253	0.00699	0.00751	0.00210	0.00900	0.00654	0.00422	0.19519
14	0.01146	0.00826	0.01118	0.01297	0.01425	0.00798	0.01023	0.01407	0.01725	0.02256	0.04569	0.36989	0.08004	0.02368	0.01074	0.00349	0.00606	0.31566	0.00750	0.00704
15	0.06089	0.01138	0.01153	0.01020	0.01328	0.01206	0.00801	0.15622	0.02152	0.03522	0.02407	0.02691	0.01858	0.00941	0.00618	0.00205	0.00506	0.00733	0.55109	0.00901
16	0.19785	0.04422	0.01077	0.00907	0.01213	0.01132	0.00718	0.01851	0.01632	0.02872	0.03414	0.03597	0.15924	0.01419	0.04412	0.00284	0.00570	0.00882	0.33106	0.00782
17	0.02006	0.02136	0.02280	0.18828	0.15295	0.21192	0.01775	0.02468	0.04908	0.02182	0.01657	0.02197	0.01389	0.01985	0.15739	0.00476	0.01392	0.00706	0.00425	0.00966
18	0.01022	0.00824	0.00909	0.00888	0.01134	0.00712	0.00666	0.01286	0.01998	0.02543	0.27338	0.07231	0.46755	0.01924	0.00958	0.00268	0.00402	0.01631	0.00800	0.00712
19	0.02193	0.02315	0.02997	0.10025	0.46897	0.16612	0.02265	0.02620	0.01928	0.02453	0.01459	0.01901	0.01214	0.00756	0.00788	0.00237	0.01085	0.00678	0.00402	0.01175
20	0.01282	0.00988	0.01164	0.01190	0.01423	0.00949	0.00902	0.06318	0.05411	0.02498	0.05117	0.30941	0.21908	0.02067	0.00979	0.00302	0.00546	0.11152	0.00749	0.04113
21	0.01319	0.00939	0.01210	0.01158	0.01257	0.01070	0.00855	0.01540	0.01429	0.02162	0.07680	0.03802	0.02649	0.22170	0.21970	0.00714	0.10181	0.00962	0.16244	0.00691
22	0.00989	0.00706	0.00942	0.01130	0.01177	0.00659	0.00753	0.01130	0.01554	0.02071	0.04472	0.70954	0.05367	0.02542	0.01036	0.00330	0.00471	0.02307	0.00753	0.00659
23	0.01916	0.01773	0.01747	0.01539	0.01758	0.16202	0.04584	0.02205	0.01706	0.02432	0.01896	0.02459	0.01607	0.04961	0.01329	0.00272	0.17473	0.00728	0.32581	0.00833
24	0.02477	0.01705	0.05734	0.02529	0.16604	0.01523	0.11027	0.02998	0.05469	0.26949	0.02399	0.02712	0.01789	0.07186	0.04878	0.00358	0.00968	0.00846	0.00662	0.01189
25	0.01120	0.00823	0.01180	0.01226	0.01335	0.00909	0.00906	0.01349	0.01354	0.01903	0.02764	0.19825	0.02918	0.10807	0.46467	0.01023	0.01642	0.01245	0.00517	0.00689

[dist]
# distance from previous block
# <min> <max>
0	1

[block]
# block no. 3 follows, 23 sequences, length 64
# corresponding to MSA columns:
# 291-354
name=unknown_D
#
# <colnr> <probs for GDERKNQSTAVLIFYWHMCP>
#	G	D	E	R	K	N	Q	S	T	A	V	L	I	F	Y	W	H	M	C	P
0	0.01466	0.01165	0.01732	0.04179	0.10538	0.01289	0.03697	0.01950	0.06097	0.02315	0.02170	0.02939	0.01901	0.06148	0.32561	0.00761	0.04286	0.00838	0.13103	0.00865
1	0.02519	0.02862	0.02071	0.04234	0.02354	0.41985	0.01451	0.09366	0.02194	0.02306	0.01565	0.01970	0.01328	0.02157	0.17551	0.00487	0.01564	0.00639	0.00463	0.00934
2	0.01812	0.01597	0.01494	0.07468	0.01949	0.14294	0.01119	0.07388	0.02044	0.02722	0.10620	0.03603	0.07203	0.01746	0.08602	0.00358	0.00929	0.03899	0.20299	0.00852
3	0.02456	0.03025	0.13413	0.02953	0.21385	0.27799	0.04157	0.02987	0.04975	0.06889	0.01612	0.01852	0.01253	0.00811	0.00777	0.00235	0.01178	0.00648	0.00460	0.01136
4	0.02423	0.01855	0.01961	0.01620	0.02072	0.05258	0.01287	0.38167	0.05146	0.03878	0.02206	0.06039	0.01861	0.07209	0.11324	0.00448	0.01053	0.00865	0.04207	0.01121
5	0.02465	0.02987	0.10459	0.02934	0.22382	0.28838	0.01985	0.10200	0.02254	0.02652	0.01734	0.01983	0.03838	0.00860	0.00778	0.00232	0.01164	0.00668	0.00466	0.01122
6	0.02517	0.34404	0.09083	0.01796	0.02409	0.33069	0.01618	0.02816	0.01955	0.02005	0.01216	0.01414	0.01042	0.00767	0.00641	0.00198	0.01173	0.00490	0.00379	0.01009
7	0.01685	0.15659	0.11454	0.15630	0.10650	0.01972	0.01847	0.02207	0.04614	0.02265	0.02380	0.05665	0.07434	0.01129	0.00971	0.00264	0.07536	0.05185	0.00461	0.00992
8	0.17970	0.04899	0.01857	0.01685	0.05782	0.20120	0.01245	0.07296	0.01932	0.02866	0.01617	0.01908	0.01306	0.00897	0.00820	0.00229	0.07117	0.00604	0.18911	0.00938
9	0.01015	0.00722	0.00951	0.01105	0.01162	0.00676	0.00738	0.01169	0.01598	0.02148	0.09914	0.61082	0.05426	0.06672	0.01218	0.00351	0.00482	0.02162	0.00750	0.00658
10	0.11734	0.01235	0.04324	0.01389	0.04528	0.01083	0.01056	0.02224	0.01931	0.18881	0.17947	0.20466	0.06908	0.01532	0.00866	0.00272	0.00578	0.01317	0.00782	0.00948
11	0.02645	0.02995	0.02396	0.05488	0.09758	0.40163	0.01705	0.10168	0.02280	0.02462	0.01527	0.02065	0.01315	0.00969	0.00949	0.00242	0.07474	0.03912	0.00473	0.01015
12	0.01159	0.00869	0.01304	0.01304	0.01449	0.01014	0.01014	0.01449	0.01304	0.01884	0.02173	0.03188	0.02029	0.06086	0.68268	0.01304	0.02173	0.00869	0.00435	0.00724
13	0.00989	0.00706	0.00942	0.01130	0.01177	0.00659	0.00753	0.01130	0.01554	0.02071	0.04472	0.70954	0.05367	0.02542	0.01036	0.00330	0.00471	0.02307	0.00753	0.00659
14	0.01896	0.01814	0.03091	0.20172	0.52105	0.01898	0.02435	0.02392	0.01795	0.02515	0.01507	0.02045	0.01237	0.00744	0.00805	0.00248	0.00992	0.00723	0.00392	0.01195
15	0.15686	0.10466	0.02286	0.01582	0.02172	0.02301	0.01326	0.35021	0.08497	0.06674	0.01911	0.01940	0.01408	0.00913	0.00713	0.00237	0.00789	0.00665	0.04198	0.01214
16	0.01161	0.00864	0.01275	0.01275	0.01410	0.00998	0.00978	0.01430	0.01295	0.01862	0.02200	0.03335	0.02093	0.10638	0.63803	0.01268	0.02077	0.00891	0.00439	0.00708
17	0.01761	0.02864	0.29712	0.03176	0.18385	0.01871	0.20590	0.02474	0.01813	0.02574	0.01940	0.02295	0.05121	0.00812	0.00845	0.00259	0.01146	0.00802	0.00402	0.01157
18	0.01990	0.01979	0.03587	0.04674	0.54205	0.01952	0.14472	0.02512	0.01861	0.02641	0.01549	0.02044	0.01275	0.00715	0.00834	0.00247	0.01043	0.00769	0.00403	0.01248
19	0.02379	0.02261	0.02648	0.10457	0.21738	0.13182	0.01925	0.18623	0.04930	0.03066	0.01599	0.01933	0.01269	0.00918	0.01021	0.00255	0.09417	0.00698	0.00519	0.01161
20	0.01120	0.00806	0.01069	0.01111	0.01259	0.00754	0.00828	0.01430	0.02024	0.02803	0.40262	0.25671	0.06615	0.01991	0.01000	0.00292	0.00453	0.08945	0.00834	0.00732
21	0.02423	0.07325	0.08043	0.01919	0.02367	0.41514	0.01621	0.02742	0.02099	0.02144	0.02022	0.03390	0.01945	0.01171	0.00819	0.00252	0.01225	0.15566	0.00489	0.00922
22	0.02008	0.01928	0.03294	0.04981	0.66422	0.01928	0.02490	0.02490	0.01848	0.02651	0.01526	0.02008	0.01285	0.00723	0.00803	0.00241	0.00964	0.00723	0.00402	0.01285
23	0.01738	0.03353	0.41536	0.02702	0.03705	0.01975	0.24702	0.02549	0.01762	0.02549	0.01503	0.01887	0.01103	0.00772	0.00933	0.00268	0.04714	0.00734	0.00368	0.01146
24	0.01025	0.00818	0.00918	0.00906	0.01140	0.00711	0.00675	0.01287	0.01985	0.02546	0.27613	0.10680	0.42938	0.01947	0.00963	0.00271	0.00405	0.01662	0.00801	0.00711
25	0.01820	0.02734	0.26915	0.09793	0.34763	0.01906	0.05495	0.02487	0.01781	0.02566	0.01498	0.01922	0.01169	0.00747	0.00799	0.00251	0.01080	0.00688	0.00377	0.01210
26	0.01870	0.01825	0.03173	0.04288	0.51012	0.01792	0.09591	0.02342	0.01856	0.02589	0.02353	0.02735	0.09153	0.00880	0.00841	0.00249	0.00945	0.00871	0.00445	0.01189
27	0.01682	0.01309	0.01419	0.01291	0.01670	0.01377	0.00998	0.02929	0.32545	0.07413	0.12428	0.04928	0.23753	0.01471	0.00884	0.00271	0.00539	0.01235	0.00823	0.01034
28	0.01768	0.01635	0.02493	0.37022	0.19440	0.01887	0.02070	0.02731	0.17439	0.02542	0.01926	0.02341	0.01478	0.00862	0.00813	0.00264	0.00944	0.00770	0.00486	0.01090
29	0.06462	0.03231	0.41304	0.02954	0.21359	0.01855	0.02624	0.02612	0.01765	0.06192	0.01552	0.01831	0.01146	0.00769	0.00766	0.00252	0.01069	0.00637	0.00406	0.01214
30	0.01776	0.01872	0.01733	0.01759	0.05018	0.20016	0.01270	0.01993	0.01808	0.02157	0.06853	0.23625	0.07925	0.01667	0.01220	0.00289	0.13052	0.04566	0.00580	0.00823
31	0.00989	0.00802	0.00877	0.00903	0.01125	0.00691	0.00660	0.01205	0.01854	0.02306	0.14936	0.18888	0.47752	0.02092	0.00972	0.00282	0.00418	0.01788	0.00771	0.00691
32	0.01830	0.01304	0.01385	0.01248	0.01528	0.04735	0.00963	0.16362	0.02090	0.03040	0.02358	0.05598	0.02040	0.07247	0.17752	0.00528	0.01035	0.00858	0.27216	0.00883
33	0.02527	0.09624	0.09834	0.02246	0.02794	0.39689	0.10663	0.02885	0.02026	0.02127	0.01303	0.01609	0.01072	0.00847	0.00925	0.00234	0.07600	0.00603	0.00397	0.00995
34	0.01026	0.00739	0.00962	0.01084	0.01170	0.00686	0.00740	0.01213	0.01703	0.02295	0.16816	0.52579	0.08785	0.04771	0.01125	0.00328	0.00461	0.02070	0.00772	0.00676
35	0.00997	0.00823	0.00875	0.00862	0.01119	0.00701	0.00646	0.01238	0.01939	0.02405	0.19781	0.07459	0.54399	0.01976	0.00959	0.00270	0.00405	0.01663	0.00781	0.00701
36	0.01277	0.00914	0.01264	0.01402	0.01590	0.00901	0.01202	0.01652	0.01951	0.02589	0.16278	0.08552	0.05250	0.02128	0.01089	0.00351	0.00676	0.49406	0.00776	0.00751
37	0.01987	0.02052	0.06804	0.04834	0.62971	0.01926	0.02518	0.02495	0.01840	0.02646	0.01522	0.01992	0.01271	0.00726	0.00802	0.00242	0.00977	0.00716	0.00398	0.01281
38	0.02188	0.01706	0.01574	0.01371	0.01755	0.09640	0.01072	0.17917	0.14728	0.03491	0.02433	0.02568	0.01858	0.00970	0.00699	0.00222	0.00690	0.00753	0.33329	0.01038
39	0.01923	0.33961	0.36921	0.01897	0.02843	0.05190	0.02232	0.02536	0.01709	0.02255	0.01304	0.01522	0.01034	0.00740	0.00659	0.00218	0.01064	0.00524	0.00348	0.01119
40	0.02339	0.28745	0.02810	0.01587	0.02091	0.22443	0.01338	0.09841	0.02235	0.02584	0.14152	0.02374	0.02397	0.00963	0.00706	0.00209	0.00956	0.00702	0.00533	0.00996
41	0.01085	0.00827	0.00996	0.00954	0.01173	0.00739	0.00716	0.01408	0.02147	0.02897	0.46580	0.06648	0.27292	0.01792	0.00958	0.00262	0.00392	0.01550	0.00846	0.00739
42	0.11296	0.34995	0.19179	0.01589	0.02375	0.02381	0.01695	0.02711	0.01744	0.13020	0.01552	0.01647	0.01178	0.00772	0.00629	0.00216	0.00892	0.00539	0.00473	0.01117
43	0.01885	0.01670	0.02040	0.02246	0.14634	0.01868	0.01473	0.03485	0.42421	0.03040	0.03247	0.06153	0.06737	0.01172	0.00923	0.00274	0.03834	0.00988	0.00713	0.01197
44	0.00987	0.00713	0.00934	0.01111	0.01172	0.00661	0.00745	0.01132	0.01572	0.02079	0.04701	0.67098	0.09075	0.02512	0.01031	0.00326	0.00467	0.02270	0.00753	0.00661
45	0.02008	0.01928	0.03294	0.04981	0.66422	0.01928	0.02490	0.02490	0.01848	0.02651	0.01526	0.02008	0.01285	0.00723	0.00803	0.00241	0.00964	0.00723	0.00402	0.01285
46	0.01325	0.01782	0.17777	0.01847	0.09714	0.01164	0.01541	0.01786	0.01864	0.02582	0.18344	0.17664	0.12591	0.01587	0.00918	0.00278	0.00700	0.04992	0.00641	0.00904
47	0.01280	0.00897	0.01282	0.01257	0.01381	0.01044	0.00969	0.01497	0.01324	0.01987	0.02069	0.02981	0.01894	0.04667	0.46636	0.10109	0.06473	0.00823	0.10733	0.00695
48	0.00983	0.00729	0.00918	0.01069	0.01161	0.00664	0.00726	0.01137	0.01612	0.02095	0.05209	0.58548	0.17298	0.02446	0.01021	0.00319	0.00459	0.02190	0.00753	0.00664
49	0.01676	0.01906	0.06970	0.02901	0.07769	0.01688	0.40481	0.02224	0.01810	0.02470	0.02328	0.19266	0.02254	0.01154	0.00957	0.00284	0.01108	0.01258	0.00492	0.01005
50	0.01188	0.00911	0.01359	0.01342	0.01481	0.01083	0.01050	0.01472	0.01301	0.01887	0.02122	0.03122	0.01984	0.05869	0.65224	0.01260	0.05320	0.00862	0.00431	0.00732
51	0.00983	0.00727	0.00920	0.01076	0.01163	0.00664	0.00729	0.01136	0.01606	0.02093	0.05133	0.59826	0.16068	0.02456	0.01022	0.00320	0.00460	0.02202	0.00753	0.00664
52	0.05569	0.01395	0.01612	0.01335	0.01784	0.01407	0.01067	0.19416	0.02446	0.23695	0.02792	0.10833	0.02217	0.01158	0.00767	0.00243	0.00639	0.00944	0.19563	0.01117
53	0.02113	0.38169	0.03003	0.01458	0.01965	0.15279	0.01274	0.04788	0.01989	0.02331	0.14466	0.05564	0.02595	0.01014	0.00686	0.00207	0.00869	0.00759	0.00509	0.00962
54	0.01006	0.00824	0.00887	0.00871	0.01125	0.00705	0.00654	0.01256	0.01961	0.02456	0.22599	0.07374	0.51549	0.01956	0.00959	0.00269	0.00404	0.01652	0.00788	0.00705
55	0.01308	0.01075	0.01659	0.27610	0.02939	0.01275	0.01391	0.01638	0.01403	0.01896	0.01966	0.03208	0.01843	0.16894	0.29578	0.00803	0.01479	0.00873	0.00417	0.00747
56	0.02614	0.36844	0.03245	0.01750	0.02302	0.36745	0.01481	0.02848	0.01984	0.01949	0.01193	0.01385	0.01043	0.00767	0.00629	0.00192	0.01175	0.00480	0.00384	0.00989
57	0.01159	0.00869	0.01304	0.01304	0.01449	0.01014	0.01014	0.01449	0.01304	0.01884	0.02173	0.03188	0.02029	0.06086	0.68268	0.01304	0.02173	0.00869	0.00435	0.00724
58	0.01172	0.00817	0.01040	0.01040	0.01094	0.00871	0.00685	0.01280	0.01226	0.01688	0.02415	0.04524	0.02609	0.47261	0.27886	0.00978	0.01300	0.01065	0.00471	0.00578
59	0.02176	0.02304	0.02157	0.02505	0.18021	0.25762	0.01554	0.07893	0.02103	0.02459	0.02338	0.22239	0.02416	0.01326	0.00847	0.00256	0.00993	0.01120	0.00549	0.00983
60	0.01209	0.00933	0.01096	0.01167	0.01318	0.00944	0.00812	0.01765	0.14004	0.02290	0.04483	0.42556	0.11906	0.09950	0.01333	0.00364	0.00533	0.01835	0.00738	0.00766
61	0.01688	0.01226	0.01612	0.01533	0.06193	0.01125	0.01091	0.05120	0.01743	0.08285	0.02411	0.15801	0.02314	0.02412	0.17572	0.00483	0.01015	0.00996	0.00582	0.26799
62	0.01745	0.01593	0.02207	0.02751	0.27822	0.04180	0.01573	0.02261	0.05762	0.02768	0.15399	0.06028	0.02868	0.01005	0.00797	0.00220	0.00734	0.00901	0.00567	0.18819
63	0.17064	0.12601	0.07858	0.02114	0.14722	0.06546	0.01494	0.08279	0.01806	0.02714	0.01606	0.02343	0.01465	0.14664	0.01347	0.00339	0.00895	0.00688	0.00468	0.00989

[dist]
# distance from previous block
# <min> <max>
0	1

[block]
# block no. 4 follows, 23 sequences, length 8
# corresponding to MSA columns:
# 356-363
name=unknown_E
#
# <colnr> <probs for GDERKNQSTAVLIFYWHMCP>
#	G	D	E	R	K	N	Q	S	T	A	V	L	I	F	Y	W	H	M	C	P
0	0.12613	0.19364	0.10805	0.04993	0.12898	0.08907	0.05668	0.02381	0.01758	0.02450	0.02129	0.02347	0.08742	0.00896	0.00709	0.00232	0.00939	0.00708	0.00437	0.01023
1	0.05084	0.14295	0.05086	0.02166	0.13460	0.14645	0.01552	0.02466	0.05914	0.02532	0.11620	0.03541	0.02736	0.01147	0.00801	0.00249	0.00898	0.10263	0.00552	0.00992
2	0.06925	0.11532	0.16670	0.02578	0.17953	0.09846	0.01967	0.03005	0.16508	0.02698	0.01816	0.01983	0.01422	0.00833	0.00738	0.00241	0.00964	0.00663	0.00489	0.01169
3	0.01608	0.01144	0.01416	0.01490	0.04850	0.01134	0.01143	0.02282	0.13452	0.09195	0.05042	0.06614	0.22279	0.01774	0.00971	0.00306	0.00632	0.22976	0.00773	0.00919
4	0.02601	0.31503	0.07123	0.01776	0.02397	0.25509	0.01578	0.13905	0.02273	0.02561	0.01342	0.01501	0.01104	0.00799	0.00662	0.00204	0.01099	0.00529	0.00456	0.01078
5	0.01776	0.02372	0.21697	0.02870	0.23811	0.01784	0.02119	0.05117	0.01730	0.02545	0.01678	0.02382	0.01454	0.09895	0.01433	0.00326	0.09498	0.00746	0.05690	0.01077
6	0.01914	0.02336	0.08765	0.02429	0.17969	0.20831	0.01648	0.02274	0.01904	0.02250	0.03151	0.03372	0.17132	0.01695	0.08466	0.00362	0.01135	0.00911	0.00490	0.00966
7	0.01671	0.01392	0.01739	0.02094	0.17272	0.04977	0.01230	0.05829	0.05293	0.02409	0.02520	0.03593	0.05688	0.22571	0.10112	0.00532	0.00974	0.00937	0.08290	0.00878

[dist]
# distance from previous block
# <min> <max>
23	58

[block]
# block no. 5 follows, 23 sequences, length 31
# corresponding to MSA columns:
# 432-462
name=unknown_F
#
# <colnr> <probs for GDERKNQSTAVLIFYWHMCP>
#	G	D	E	R	K	N	Q	S	T	A	V	L	I	F	Y	W	H	M	C	P
0	0.01685	0.02117	0.17257	0.03210	0.30864	0.01586	0.02196	0.02237	0.01843	0.02596	0.05171	0.04138	0.02466	0.01204	0.00892	0.00283	0.00931	0.17726	0.00508	0.01091
1	0.01874	0.01821	0.01680	0.01560	0.01907	0.14271	0.01200	0.03018	0.29444	0.02595	0.03081	0.03238	0.08275	0.02505	0.19245	0.00544	0.01195	0.00906	0.00634	0.01007
2	0.14043	0.03290	0.02084	0.01884	0.02309	0.51824	0.01433	0.05513	0.02169	0.02357	0.01315	0.01557	0.01089	0.01121	0.04455	0.00278	0.01354	0.00538	0.00448	0.00938
3	0.02020	0.03370	0.32840	0.01986	0.02757	0.19868	0.02097	0.05876	0.04870	0.02630	0.08405	0.02491	0.05365	0.00975	0.00794	0.00245	0.01104	0.00749	0.00488	0.01070
4	0.01682	0.11048	0.60909	0.02219	0.03367	0.02018	0.02835	0.02556	0.01707	0.02503	0.01423	0.01672	0.01029	0.00763	0.00746	0.00249	0.01166	0.00583	0.00343	0.01183
5	0.01159	0.00869	0.01304	0.01304	0.01449	0.01014	0.01014	0.01449	0.01304	0.01884	0.02173	0.03188	0.02029	0.06086	0.68268	0.01304	0.02173	0.00869	0.00435	0.00724
6	0.01209	0.01031	0.01139	0.05354	0.01592	0.01009	0.00875	0.01827	0.13196	0.02467	0.09847	0.06552	0.45010	0.01791	0.00932	0.00277	0.00507	0.03823	0.00749	0.00813
7	0.01937	0.01886	0.03308	0.13425	0.52987	0.01922	0.07706	0.02444	0.01824	0.02570	0.01525	0.02044	0.01254	0.00731	0.00818	0.00248	0.01014	0.00743	0.00397	0.01218
8	0.02672	0.10209	0.02545	0.02016	0.02383	0.43792	0.01594	0.06069	0.02082	0.02136	0.01237	0.01541	0.01067	0.00957	0.01137	0.00239	0.16378	0.00566	0.00418	0.00962
9	0.02065	0.02206	0.12147	0.02410	0.14659	0.02031	0.01802	0.09702	0.37074	0.03300	0.02545	0.02523	0.01917	0.00966	0.00812	0.00263	0.00814	0.00813	0.00670	0.01281
10	0.01180	0.00787	0.00885	0.00885	0.00885	0.00787	0.00492	0.01180	0.01180	0.01573	0.02557	0.05310	0.02950	0.71483	0.04130	0.00787	0.00787	0.01180	0.00492	0.00492
11	0.00989	0.00706	0.00942	0.01130	0.01177	0.00659	0.00753	0.01130	0.01554	0.02071	0.04472	0.70954	0.05367	0.02542	0.01036	0.00330	0.00471	0.02307	0.00753	0.00659
12	0.01660	0.01399	0.01879	0.05208	0.14337	0.01496	0.01530	0.02667	0.22041	0.02751	0.03537	0.05441	0.06540	0.01512	0.00943	0.00307	0.00751	0.24285	0.00689	0.01025
13	0.01000	0.00744	0.00936	0.01083	0.01187	0.00680	0.00754	0.01168	0.01635	0.02117	0.05278	0.53779	0.18542	0.02419	0.01024	0.00320	0.00473	0.05438	0.00753	0.00670
14	0.02008	0.01928	0.03294	0.04981	0.66422	0.01928	0.02490	0.02490	0.01848	0.02651	0.01526	0.02008	0.01285	0.00723	0.00803	0.00241	0.00964	0.00723	0.00402	0.01285
15	0.01775	0.01775	0.02485	0.02130	0.02130	0.02485	0.01775	0.01953	0.01243	0.01953	0.01065	0.01775	0.01065	0.01420	0.02663	0.00355	0.69998	0.00710	0.00355	0.00888
16	0.01166	0.00841	0.01163	0.01163	0.01259	0.00938	0.00838	0.01358	0.01262	0.01779	0.02303	0.03903	0.02339	0.28138	0.46641	0.01130	0.01706	0.00974	0.00454	0.00646
17	0.02398	0.02625	0.02230	0.13575	0.02842	0.32301	0.01633	0.09186	0.02095	0.02375	0.01456	0.01866	0.01201	0.01273	0.05312	0.00314	0.11754	0.00641	0.03973	0.00951
18	0.00959	0.00822	0.00822	0.00822	0.01096	0.00685	0.00617	0.01165	0.01850	0.02192	0.08220	0.07809	0.66092	0.02055	0.00959	0.00274	0.00411	0.01713	0.00754	0.00685
