[name]
unknown

[dist]
# distance from previous block
# <min> <max>
2	3

[block]
# block no. 0 follows, 21 sequences, length 85
# corresponding to MSA columns:
# 3-87
name=unknown_A
#
# <colnr> <probs for GDERKNQSTAVLIFYWHMCP>
#	G	D	E	R	K	N	Q	S	T	A	V	L	I	F	Y	W	H	M	C	P
0	0.05007	0.03636	0.48667	0.02503	0.07421	0.01862	0.06409	0.02536	0.01787	0.02702	0.01836	0.08415	0.01544	0.00979	0.00837	0.00277	0.01151	0.00827	0.00417	0.01187
1	0.01707	0.04402	0.65683	0.02426	0.03683	0.01976	0.03144	0.02695	0.01797	0.02695	0.01527	0.01797	0.01078	0.00809	0.00809	0.00270	0.01258	0.00629	0.00359	0.01258
2	0.01798	0.01819	0.08580	0.21230	0.21792	0.01684	0.02057	0.02455	0.05782	0.05353	0.15716	0.03166	0.02857	0.01044	0.00879	0.00269	0.00901	0.00935	0.00571	0.01109
3	0.02099	0.02042	0.03567	0.05105	0.60430	0.02031	0.06874	0.02620	0.01943	0.02776	0.01609	0.02120	0.01344	0.00755	0.00854	0.00255	0.01042	0.00776	0.00422	0.01334
4	0.02106	0.02022	0.03454	0.05223	0.64784	0.02022	0.02612	0.02612	0.01938	0.02780	0.01601	0.02106	0.01348	0.00758	0.00842	0.00253	0.01011	0.00758	0.00421	0.01348
5	0.02102	0.02035	0.03528	0.05146	0.61941	0.02028	0.05395	0.02617	0.01941	0.02778	0.01606	0.02115	0.01345	0.00756	0.00850	0.00254	0.01031	0.00770	0.00422	0.01339
6	0.02793	0.02359	0.02276	0.01872	0.02398	0.13403	0.01504	0.38871	0.03162	0.04070	0.01968	0.02233	0.01532	0.02143	0.14927	0.00487	0.01327	0.00760	0.00695	0.01220
7	0.01354	0.01115	0.01633	0.01553	0.01672	0.01394	0.01234	0.01633	0.01354	0.01991	0.02031	0.03026	0.01911	0.05336	0.53045	0.01155	0.16452	0.00876	0.00438	0.00796
8	0.02253	0.51320	0.16112	0.01715	0.02518	0.09252	0.01801	0.02659	0.01809	0.02144	0.01263	0.01465	0.01090	0.00758	0.00618	0.00203	0.01038	0.00498	0.00370	0.01114
9	0.02194	0.52239	0.18162	0.01713	0.02545	0.06320	0.01847	0.02625	0.01780	0.02163	0.01268	0.01471	0.01089	0.00754	0.00617	0.00204	0.01021	0.00499	0.00367	0.01124
10	0.01006	0.00862	0.00862	0.00862	0.01149	0.00718	0.00647	0.01221	0.01940	0.02299	0.08621	0.08190	0.64438	0.02155	0.01006	0.00287	0.00431	0.01796	0.00790	0.00718
11	0.01037	0.00741	0.00987	0.01185	0.01234	0.00691	0.00790	0.01185	0.01629	0.02172	0.04690	0.69537	0.05629	0.02666	0.01086	0.00346	0.00494	0.02419	0.00790	0.00691
12	0.01037	0.00741	0.00987	0.01185	0.01234	0.00691	0.00790	0.01185	0.01629	0.02172	0.04690	0.69537	0.05629	0.02666	0.01086	0.00346	0.00494	0.02419	0.00790	0.00691
13	0.02840	0.03500	0.02587	0.02273	0.02640	0.49774	0.04785	0.03077	0.02156	0.02109	0.01294	0.01643	0.01111	0.00999	0.01209	0.00255	0.15727	0.00613	0.00424	0.00983
14	0.01037	0.00741	0.00987	0.01185	0.01234	0.00691	0.00790	0.01185	0.01629	0.02172	0.04690	0.69537	0.05629	0.02666	0.01086	0.00346	0.00494	0.02419	0.00790	0.00691
15	0.01939	0.01133	0.01170	0.01042	0.01344	0.01188	0.00814	0.14810	0.02259	0.03641	0.02619	0.02931	0.02024	0.00998	0.00650	0.00211	0.00512	0.00787	0.58995	0.00933
16	0.01037	0.00741	0.00987	0.01185	0.01234	0.00691	0.00790	0.01185	0.01629	0.02172	0.04690	0.69537	0.05629	0.02666	0.01086	0.00346	0.00494	0.02419	0.00790	0.00691
17	0.02117	0.01828	0.01924	0.01732	0.02213	0.02117	0.01347	0.04522	0.63246	0.03560	0.03464	0.03175	0.02598	0.01155	0.00866	0.00289	0.00673	0.00962	0.00866	0.01347
18	0.06152	0.02354	0.03125	0.04352	0.48235	0.12634	0.02316	0.05712	0.02094	0.02849	0.01555	0.01972	0.01290	0.00793	0.00814	0.00248	0.01075	0.00709	0.00451	0.01272
19	0.02275	0.70604	0.04459	0.01456	0.02184	0.03367	0.01456	0.02548	0.01729	0.02002	0.01183	0.01365	0.01092	0.00728	0.00546	0.00182	0.00910	0.00455	0.00364	0.01092
20	0.02363	0.64130	0.04260	0.01528	0.02228	0.09526	0.01474	0.02631	0.01796	0.02010	0.01196	0.01382	0.01092	0.00743	0.00568	0.00186	0.00971	0.00464	0.00371	0.01082
21	0.02070	0.01985	0.03389	0.09756	0.60532	0.02013	0.02594	0.02580	0.01921	0.02737	0.01594	0.02118	0.01333	0.00765	0.00843	0.00255	0.01020	0.00758	0.00418	0.01319
22	0.01006	0.00862	0.00862	0.00862	0.01149	0.00718	0.00647	0.01221	0.01940	0.02299	0.08621	0.08190	0.64438	0.02155	0.01006	0.00287	0.00431	0.01796	0.00790	0.00718
23	0.07205	0.03429	0.40785	0.03242	0.23419	0.01986	0.02811	0.02654	0.01817	0.02804	0.01526	0.01868	0.01155	0.00791	0.00799	0.00264	0.01134	0.00659	0.00392	0.01263
24	0.14692	0.05257	0.06157	0.01465	0.02179	0.01608	0.01286	0.08648	0.02124	0.21150	0.02025	0.02037	0.01446	0.00833	0.00707	0.00213	0.00747	0.00629	0.00683	0.26114
25	0.01191	0.00869	0.01119	0.01057	0.01263	0.00797	0.00793	0.01581	0.02378	0.03339	0.60670	0.06477	0.11740	0.01767	0.01004	0.00269	0.00403	0.01556	0.00927	0.00797
26	0.01037	0.00741	0.00987	0.01185	0.01234	0.00691	0.00790	0.01185	0.01629	0.02172	0.04690	0.69537	0.05629	0.02666	0.01086	0.00346	0.00494	0.02419	0.00790	0.00691
27	0.01689	0.01642	0.01587	0.05846	0.01929	0.15865	0.01163	0.01926	0.01597	0.01943	0.02098	0.03341	0.02036	0.18405	0.34166	0.00921	0.01725	0.00889	0.00460	0.00771
28	0.02106	0.02022	0.03454	0.05223	0.64784	0.02022	0.02612	0.02612	0.01938	0.02780	0.01601	0.02106	0.01348	0.00758	0.00842	0.00253	0.01011	0.00758	0.00421	0.01348
29	0.01088	0.00770	0.00964	0.01097	0.01148	0.00728	0.00709	0.01201	0.01545	0.02043	0.04405	0.48884	0.08605	0.20397	0.01936	0.00468	0.00577	0.02069	0.00718	0.00647
30	0.01041	0.00863	0.00912	0.00900	0.01171	0.00734	0.00675	0.01290	0.02024	0.02499	0.18627	0.07861	0.54308	0.02081	0.01005	0.00284	0.00426	0.01750	0.00817	0.00734
31	0.01765	0.01513	0.01765	0.01260	0.02017	0.01134	0.01008	0.02143	0.01765	0.02773	0.01513	0.01765	0.01260	0.00630	0.00630	0.00126	0.00630	0.00504	0.00504	0.75295
32	0.01196	0.00901	0.01082	0.01097	0.01295	0.00836	0.00797	0.04467	0.02092	0.02776	0.25062	0.28337	0.22643	0.02137	0.01025	0.00299	0.00469	0.01873	0.00841	0.00774
33	0.01049	0.00750	0.00998	0.01177	0.01237	0.00699	0.00791	0.01215	0.01686	0.02262	0.08994	0.64978	0.05802	0.02599	0.01080	0.00340	0.00487	0.02356	0.00801	0.00699
34	0.01112	0.00794	0.01074	0.01271	0.01354	0.00756	0.00921	0.01315	0.01704	0.02257	0.04649	0.56019	0.05464	0.02595	0.01106	0.00356	0.00559	0.15193	0.00789	0.00712
35	0.02577	0.44052	0.03654	0.01751	0.02344	0.25743	0.01540	0.02827	0.01952	0.02033	0.01227	0.01447	0.01095	0.00814	0.00722	0.00203	0.04080	0.00501	0.00391	0.01048
36	0.01707	0.04402	0.65683	0.02426	0.03683	0.01976	0.03144	0.02695	0.01797	0.02695	0.01527	0.01797	0.01078	0.00809	0.00809	0.00270	0.01258	0.00629	0.00359	0.01258
37	0.01016	0.00822	0.00903	0.00968	0.01177	0.00709	0.00694	0.01209	0.01838	0.02257	0.07327	0.28387	0.45077	0.02323	0.01032	0.00307	0.00452	0.02001	0.00790	0.00709
38	0.01095	0.00765	0.00970	0.01111	0.01146	0.00730	0.00711	0.01200	0.01517	0.02022	0.04113	0.51146	0.04900	0.22051	0.02019	0.00483	0.00589	0.02080	0.00711	0.00641
39	0.01742	0.01350	0.01566	0.01565	0.04629	0.01424	0.01123	0.02939	0.28646	0.06877	0.11145	0.16648	0.13558	0.01637	0.00943	0.00294	0.00590	0.01415	0.00839	0.01070
40	0.02268	0.01760	0.01592	0.01377	0.01771	0.10331	0.01079	0.20040	0.05284	0.03620	0.02877	0.03032	0.07013	0.01089	0.00741	0.00230	0.00727	0.00843	0.33295	0.01032
41	0.01735	0.04202	0.59936	0.02536	0.03756	0.01993	0.08691	0.02698	0.01817	0.02698	0.01546	0.01844	0.01098	0.00800	0.00827	0.00271	0.01274	0.00664	0.00366	0.01247
42	0.25808	0.05022	0.12107	0.01330	0.01867	0.01491	0.01268	0.02199	0.01918	0.06005	0.22206	0.03767	0.09450	0.01238	0.00788	0.00264	0.00669	0.00980	0.00671	0.00952
43	0.02055	0.01660	0.01906	0.05924	0.06702	0.04715	0.01380	0.13444	0.18320	0.03272	0.02489	0.02799	0.01973	0.02162	0.14899	0.00493	0.01112	0.00842	0.12747	0.01108
44	0.01274	0.00992	0.01240	0.01210	0.01489	0.00835	0.00861	0.01497	0.01673	0.02368	0.03656	0.47483	0.04207	0.02004	0.00938	0.00274	0.00538	0.01796	0.00697	0.24968
45	0.01686	0.01912	0.09229	0.46749	0.05110	0.01869	0.10396	0.02299	0.01759	0.02355	0.01543	0.02180	0.01161	0.00809	0.00848	0.00269	0.01144	0.00755	0.00394	0.07534
46	0.02143	0.02221	0.02959	0.19429	0.36717	0.13672	0.02309	0.02602	0.01942	0.02474	0.01558	0.02096	0.01286	0.01050	0.03743	0.00303	0.01191	0.00726	0.00416	0.01161
47	0.02354	0.01991	0.02404	0.02568	0.16416	0.02207	0.01690	0.16375	0.36745	0.03770	0.02740	0.02692	0.02070	0.01037	0.00858	0.00273	0.00806	0.00874	0.00763	0.01369
48	0.01045	0.00747	0.00995	0.01179	0.01236	0.00697	0.00791	0.01205	0.01667	0.02233	0.07583	0.66473	0.05745	0.02621	0.01082	0.00342	0.00489	0.02377	0.00797	0.00697
49	0.01039	0.00863	0.00908	0.00897	0.01170	0.00732	0.00673	0.01285	0.02018	0.02484	0.17879	0.07885	0.55065	0.02086	0.01005	0.00284	0.00426	0.01753	0.00815	0.00732
50	0.01773	0.12078	0.58584	0.02313	0.03509	0.02138	0.02948	0.02678	0.01789	0.02615	0.01487	0.01747	0.01080	0.00799	0.00778	0.00259	0.01217	0.00609	0.00360	0.01238
51	0.01006	0.00862	0.00862	0.00862	0.01149	0.00718	0.00647	0.01221	0.01940	0.02299	0.08621	0.08190	0.64438	0.02155	0.01006	0.00287	0.00431	0.01796	0.00790	0.00718
52	0.01128	0.00914	0.01007	0.00975	0.01244	0.00818	0.00734	0.01517	0.05256	0.02726	0.26484	0.07335	0.42892	0.01968	0.00998	0.00281	0.00434	0.01669	0.00842	0.00778
53	0.03235	0.02384	0.02554	0.01958	0.02639	0.02639	0.01618	0.61946	0.04001	0.05363	0.02043	0.02043	0.01447	0.01022	0.00851	0.00255	0.00936	0.00766	0.00851	0.01447
54	0.02298	0.02601	0.02718	0.02318	0.02522	0.23252	0.06108	0.02533	0.01712	0.02108	0.01225	0.01788	0.01123	0.01236	0.02010	0.00317	0.42069	0.00700	0.00398	0.00965
55	0.01586	0.00793	0.00793	0.00793	0.00991	0.00793	0.00595	0.01983	0.01785	0.03173	0.02776	0.03173	0.02181	0.00991	0.00595	0.00198	0.00397	0.00793	0.74817	0.00793
56	0.01020	0.00863	0.00882	0.00877	0.01158	0.00725	0.00658	0.01249	0.01974	0.02379	0.12641	0.08058	0.60368	0.02125	0.01006	0.00286	0.00429	0.01777	0.00801	0.00725
57	0.01028	0.00775	0.00952	0.01095	0.01211	0.00699	0.00750	0.01195	0.01716	0.02208	0.05790	0.52379	0.22077	0.02523	0.01064	0.00329	0.00476	0.02245	0.00790	0.00699
58	0.01607	0.01513	0.02552	0.68047	0.05861	0.01891	0.02363	0.02174	0.01702	0.02174	0.01513	0.02269	0.01134	0.00851	0.00851	0.00284	0.01134	0.00756	0.00378	0.00945
59	0.01586	0.00793	0.00793	0.00793	0.00991	0.00793	0.00595	0.01983	0.01785	0.03173	0.02776	0.03173	0.02181	0.00991	0.00595	0.00198	0.00397	0.00793	0.74817	0.00793
60	0.02073	0.01988	0.03395	0.09356	0.60908	0.02013	0.02595	0.02583	0.01922	0.02740	0.01595	0.02117	0.01334	0.00764	0.00843	0.00255	0.01019	0.00758	0.00418	0.01322
61	0.03235	0.02384	0.02554	0.01958	0.02639	0.02639	0.01618	0.61946	0.04001	0.05363	0.02043	0.02043	0.01447	0.01022	0.00851	0.00255	0.00936	0.00766	0.00851	0.01447
62	0.01115	0.00804	0.00934	0.01004	0.01086	0.00754	0.00642	0.01215	0.01534	0.01980	0.04728	0.28667	0.17821	0.31046	0.02440	0.00535	0.00620	0.01779	0.00674	0.00623
63	0.01722	0.04293	0.62557	0.02485	0.03723	0.01985	0.06162	0.02697	0.01808	0.02697	0.01537	0.01822	0.01089	0.00804	0.00819	0.00270	0.01267	0.00648	0.00363	0.01252
64	0.18910	0.02115	0.02373	0.25194	0.03630	0.12934	0.06577	0.10089	0.02058	0.02951	0.01489	0.01932	0.01148	0.00944	0.00884	0.03533	0.01077	0.00675	0.00486	0.01002
65	0.01034	0.00858	0.00905	0.00904	0.01170	0.00729	0.00674	0.01271	0.01989	0.02443	0.15918	0.10672	0.54258	0.02122	0.01009	0.00287	0.00430	0.01789	0.00810	0.00729
66	0.02223	0.24475	0.03650	0.03582	0.35815	0.07163	0.02117	0.02611	0.01862	0.02429	0.01412	0.01808	0.01231	0.00805	0.00869	0.00235	0.05458	0.00644	0.00401	0.01211
67	0.01024	0.00824	0.00913	0.00972	0.01181	0.00713	0.00698	0.01226	0.01862	0.02306	0.09715	0.27362	0.43629	0.02298	0.01031	0.00305	0.00449	0.01981	0.00796	0.00713
68	0.01765	0.01513	0.01765	0.01260	0.02017	0.01134	0.01008	0.02143	0.01765	0.02773	0.01513	0.01765	0.01260	0.00630	0.00630	0.00126	0.00630	0.00504	0.00504	0.75295
69	0.01253	0.00838	0.01090	0.01128	0.01279	0.00772	0.00799	0.01510	0.01985	0.05832	0.29114	0.34609	0.09021	0.05258	0.01185	0.00329	0.00480	0.01898	0.00851	0.00768
70	0.02587	0.01900	0.02099	0.01693	0.02210	0.02057	0.01363	0.43132	0.03430	0.04636	0.15625	0.09527	0.03262	0.01335	0.00907	0.00267	0.00779	0.01092	0.00864	0.01236
71	0.18020	0.17396	0.18541	0.02104	0.08569	0.14056	0.01879	0.02681	0.01840	0.02668	0.01650	0.01870	0.03765	0.00852	0.00697	0.00240	0.01047	0.00603	0.00435	0.01087
72	0.01166	0.00914	0.01086	0.01172	0.01419	0.00833	0.00965	0.01459	0.01948	0.02408	0.06813	0.08809	0.38273	0.02241	0.01080	0.00333	0.00586	0.26959	0.00787	0.00747
73	0.01312	0.00905	0.01104	0.01032	0.01291	0.00805	0.00782	0.01649	0.02259	0.07129	0.42342	0.06721	0.25846	0.01829	0.00995	0.00274	0.00432	0.01577	0.00897	0.00818
74	0.15022	0.06572	0.44515	0.04999	0.03195	0.01944	0.02488	0.02537	0.01717	0.02809	0.01646	0.05921	0.01335	0.00919	0.00765	0.00270	0.01082	0.00707	0.00417	0.01141
75	0.16185	0.03477	0.02145	0.01948	0.02391	0.52017	0.01476	0.03155	0.02238	0.02456	0.04188	0.01729	0.01383	0.00901	0.00735	0.00229	0.01325	0.00578	0.00477	0.00966
76	0.01216	0.00912	0.01368	0.01368	0.01520	0.01064	0.01064	0.01520	0.01368	0.01976	0.02279	0.03343	0.02127	0.06382	0.66720	0.01368	0.02279	0.00912	0.00456	0.00760
77	0.01186	0.00803	0.00943	0.00994	0.01007	0.00791	0.00586	0.01224	0.01338	0.01784	0.03198	0.22016	0.03746	0.52757	0.03497	0.00702	0.00740	0.01541	0.00586	0.00561
78	0.02046	0.02099	0.03992	0.07663	0.39541	0.02064	0.24520	0.02633	0.01953	0.02731	0.01641	0.02184	0.01317	0.00748	0.00903	0.00267	0.01174	0.00849	0.00423	0.01254
79	0.02766	0.03340	0.02433	0.02175	0.02500	0.45797	0.01683	0.03112	0.05889	0.02165	0.01396	0.01723	0.01195	0.01056	0.01307	0.00264	0.19132	0.00626	0.00448	0.00994
80	0.01270	0.00902	0.01055	0.00997	0.01268	0.00790	0.00755	0.01576	0.02182	0.06710	0.33452	0.07034	0.35105	0.01899	0.00996	0.00277	0.00436	0.01622	0.00873	0.00802
81	0.21944	0.22502	0.10774	0.01729	0.02378	0.23238	0.01592	0.02829	0.01884	0.02595	0.01270	0.01480	0.01047	0.00803	0.00646	0.00227	0.01090	0.00509	0.00430	0.01034
82	0.01965	0.01916	0.03026	0.04267	0.48135	0.04596	0.04664	0.02423	0.01962	0.02672	0.02683	0.03253	0.10127	0.01023	0.00883	0.00264	0.00962	0.03478	0.00489	0.01213
83	0.02344	0.02429	0.16593	0.01850	0.05114	0.10380	0.01675	0.07705	0.02286	0.16833	0.07603	0.03709	0.15365	0.01238	0.00874	0.00263	0.00905	0.00995	0.00700	0.01138
84	0.06413	0.02682	0.02521	0.07384	0.15886	0.24259	0.01793	0.18289	0.02588	0.03248	0.01664	0.01935	0.01302	0.00890	0.00788	0.00241	0.01124	0.00675	0.05151	0.01165

[dist]
# distance from previous block
# <min> <max>
0	17

[block]
# block no. 1 follows, 21 sequences, length 76
# corresponding to MSA columns:
# 105-180
name=unknown_B
#
# <colnr> <probs for GDERKNQSTAVLIFYWHMCP>
#	G	D	E	R	K	N	Q	S	T	A	V	L	I	F	Y	W	H	M	C	P
0	0.22460	0.02547	0.02169	0.01943	0.05513	0.18485	0.01469	0.23965	0.07365	0.03857	0.01718	0.01830	0.01302	0.00920	0.00744	0.00251	0.00997	0.00645	0.00640	0.01179
1	0.03031	0.02787	0.02368	0.01941	0.02512	0.22782	0.01545	0.38313	0.03325	0.04067	0.02362	0.02395	0.06595	0.01070	0.00838	0.00247	0.01084	0.00783	0.00715	0.01240
2	0.07845	0.01504	0.02404	0.55284	0.08236	0.01831	0.02159	0.02161	0.01657	0.02301	0.01488	0.02205	0.01148	0.00966	0.00970	0.04723	0.01065	0.00731	0.00392	0.00930
3	0.01006	0.00862	0.00862	0.00862	0.01149	0.00718	0.00647	0.01221	0.01940	0.02299	0.08621	0.08190	0.64438	0.02155	0.01006	0.00287	0.00431	0.01796	0.00790	0.00718
4	0.01037	0.00741	0.00987	0.01185	0.01234	0.00691	0.00790	0.01185	0.01629	0.02172	0.04690	0.69537	0.05629	0.02666	0.01086	0.00346	0.00494	0.02419	0.00790	0.00691
5	0.01216	0.00912	0.01368	0.01368	0.01520	0.01064	0.01064	0.01520	0.01368	0.01976	0.02279	0.03343	0.02127	0.06382	0.66720	0.01368	0.02279	0.00912	0.00456	0.00760
6	0.02991	0.03680	0.02330	0.02230	0.05655	0.57887	0.01606	0.03240	0.02335	0.02209	0.01452	0.01700	0.01200	0.00880	0.00757	0.00219	0.01413	0.00579	0.06648	0.00989
7	0.03232	0.02467	0.02547	0.01970	0.02639	0.05843	0.01619	0.59017	0.03922	0.05199	0.02007	0.02018	0.01430	0.01014	0.00847	0.00254	0.00966	0.00755	0.00831	0.01424
8	0.02117	0.01828	0.01924	0.01732	0.02213	0.02117	0.01347	0.04522	0.63246	0.03560	0.03464	0.03175	0.02598	0.01155	0.00866	0.00289	0.00673	0.00962	0.00866	0.01347
9	0.01308	0.00816	0.01059	0.01163	0.01254	0.00764	0.00776	0.01442	0.01621	0.07349	0.04193	0.51670	0.04847	0.15500	0.01691	0.00431	0.00577	0.02061	0.00759	0.00721
10	0.02328	0.01683	0.01942	0.01673	0.02113	0.01845	0.01381	0.33065	0.02895	0.03951	0.02663	0.03969	0.02360	0.02330	0.13568	0.00494	0.01121	0.13054	0.06440	0.01125
11	0.01006	0.00862	0.00862	0.00862	0.01149	0.00718	0.00647	0.01221	0.01940	0.02299	0.08621	0.08190	0.64438	0.02155	0.01006	0.00287	0.00431	0.01796	0.00790	0.00718
12	0.01195	0.00807	0.00941	0.00982	0.00993	0.00797	0.00573	0.01226	0.01320	0.01760	0.03104	0.19020	0.03627	0.55914	0.03649	0.00724	0.00755	0.01486	0.00573	0.00553
13	0.01099	0.00797	0.01051	0.01232	0.01329	0.00749	0.00890	0.01299	0.01719	0.02255	0.04983	0.52887	0.10398	0.02563	0.01097	0.00350	0.00544	0.13260	0.00789	0.00711
14	0.02275	0.70604	0.04459	0.01456	0.02184	0.03367	0.01456	0.02548	0.01729	0.02002	0.01183	0.01365	0.01092	0.00728	0.00546	0.00182	0.00910	0.00455	0.00364	0.01092
15	0.01552	0.00955	0.01096	0.01039	0.01360	0.00816	0.00786	0.01778	0.01985	0.14410	0.06979	0.17004	0.43025	0.02025	0.00990	0.00292	0.00497	0.01715	0.00841	0.00854
16	0.60434	0.01466	0.01155	0.01051	0.01508	0.01674	0.00853	0.02393	0.01519	0.03682	0.01520	0.01759	0.01187	0.00832	0.00541	0.00250	0.00603	0.00531	0.16148	0.00895
17	0.01238	0.00825	0.00928	0.00928	0.00928	0.00825	0.00516	0.01238	0.01238	0.01650	0.02681	0.05569	0.03094	0.70092	0.04331	0.00825	0.00825	0.01238	0.00516	0.00516
18	0.01833	0.01736	0.02834	0.09552	0.46483	0.01737	0.02178	0.02283	0.01918	0.02628	0.03070	0.03399	0.14597	0.01060	0.00878	0.00263	0.00899	0.00976	0.00495	0.01182
19	0.09764	0.03545	0.02332	0.02054	0.02543	0.49577	0.01574	0.13612	0.02604	0.02816	0.01432	0.01610	0.01142	0.00895	0.00760	0.00230	0.01350	0.00579	0.00519	0.01062
20	0.01796	0.01001	0.01274	0.01146	0.01466	0.00887	0.00880	0.02119	0.02252	0.18412	0.32545	0.11161	0.18225	0.01735	0.00974	0.00277	0.00495	0.01497	0.00923	0.00936
21	0.02561	0.24458	0.02742	0.01637	0.02144	0.25519	0.01361	0.09288	0.02237	0.02648	0.01661	0.01881	0.01362	0.00869	0.00670	0.00207	0.01030	0.00594	0.16101	0.01030
22	0.02275	0.70604	0.04459	0.01456	0.02184	0.03367	0.01456	0.02548	0.01729	0.02002	0.01183	0.01365	0.01092	0.00728	0.00546	0.00182	0.00910	0.00455	0.00364	0.01092
23	0.17927	0.24326	0.29399	0.01773	0.02654	0.02338	0.02019	0.02553	0.01731	0.02757	0.04488	0.01800	0.01396	0.00826	0.00675	0.00241	0.00977	0.00584	0.00426	0.01111
24	0.01808	0.16171	0.54799	0.02253	0.03417	0.02224	0.02844	0.02669	0.01785	0.02572	0.01466	0.01720	0.01081	0.00794	0.00762	0.00254	0.01196	0.00598	0.00360	0.01228
25	0.02106	0.02022	0.03454	0.05223	0.64784	0.02022	0.02612	0.02612	0.01938	0.02780	0.01601	0.02106	0.01348	0.00758	0.00842	0.00253	0.01011	0.00758	0.00421	0.01348
26	0.01046	0.00824	0.00949	0.01041	0.01229	0.00728	0.00757	0.01249	0.01821	0.02269	0.06788	0.31987	0.37175	0.02367	0.01050	0.00318	0.00482	0.06416	0.00790	0.00713
27	0.02068	0.01983	0.03385	0.10047	0.60260	0.02012	0.02593	0.02578	0.01920	0.02734	0.01594	0.02119	0.01332	0.00765	0.00843	0.00255	0.01020	0.00758	0.00418	0.01317
28	0.01250	0.00842	0.01014	0.01014	0.01056	0.00874	0.00635	0.01334	0.01292	0.01794	0.02602	0.04983	0.02846	0.53287	0.17266	0.00908	0.01110	0.01147	0.04168	0.00581
29	0.02009	0.02296	0.05022	0.03587	0.04448	0.02152	0.61693	0.02726	0.02009	0.02726	0.01722	0.02296	0.01291	0.00717	0.01004	0.00287	0.01435	0.01004	0.00430	0.01148
30	0.02005	0.02521	0.14657	0.04203	0.34387	0.02057	0.22194	0.02664	0.01937	0.02748	0.01628	0.02116	0.01283	0.00753	0.00890	0.00267	0.01193	0.00817	0.00414	0.01266
31	0.01316	0.00920	0.01161	0.01226	0.01423	0.00870	0.00929	0.01691	0.05067	0.05668	0.15520	0.29857	0.15819	0.02200	0.01052	0.00324	0.00543	0.12780	0.00831	0.00804
32	0.01053	0.00831	0.00949	0.00988	0.01196	0.00728	0.00715	0.01286	0.01948	0.02481	0.18374	0.24153	0.37862	0.02211	0.01027	0.00299	0.00442	0.01912	0.00819	0.00728
33	0.01024	0.00868	0.00888	0.00898	0.01181	0.00732	0.00683	0.01249	0.01941	0.02312	0.08412	0.08262	0.61410	0.02165	0.01014	0.00293	0.00449	0.04708	0.00790	0.00722
34	0.01738	0.04219	0.60905	0.02640	0.08374	0.01980	0.03103	0.02689	0.01808	0.02702	0.01533	0.01820	0.01099	0.00805	0.00811	0.00268	0.01239	0.00639	0.00364	0.01265
35	0.03114	0.03932	0.02475	0.02377	0.06410	0.62745	0.01703	0.03350	0.02383	0.02125	0.01333	0.01569	0.01111	0.00870	0.00772	0.00221	0.01503	0.00561	0.00437	0.01009
36	0.28316	0.01663	0.01644	0.01383	0.01886	0.01821	0.01135	0.21542	0.02438	0.08838	0.02135	0.02554	0.01665	0.01018	0.00709	0.00256	0.00710	0.04215	0.14975	0.01097
37	0.10102	0.43189	0.03457	0.01519	0.02188	0.08119	0.01392	0.05911	0.01990	0.12827	0.01597	0.01669	0.01261	0.00815	0.00629	0.00210	0.00907	0.00545	0.00525	0.01143
38	0.01829	0.01901	0.06163	0.03295	0.25114	0.01728	0.17062	0.05866	0.02049	0.02776	0.03263	0.08935	0.13818	0.01194	0.00934	0.00277	0.00972	0.01153	0.00548	0.01123
39	0.01037	0.00741	0.00987	0.01185	0.01234	0.00691	0.00790	0.01185	0.01629	0.02172	0.04690	0.69537	0.05629	0.02666	0.01086	0.00346	0.00494	0.02419	0.00790	0.00691
40	0.06567	0.01755	0.01919	0.01554	0.02094	0.01875	0.01259	0.27285	0.11254	0.16117	0.02602	0.02567	0.01860	0.01028	0.00784	0.00250	0.00732	0.00800	0.16429	0.01269
41	0.05791	0.14551	0.02007	0.01286	0.01737	0.01582	0.01083	0.07294	0.02245	0.14053	0.18703	0.04458	0.12020	0.01372	0.00843	0.00256	0.00640	0.04498	0.04563	0.01019
42	0.02825	0.30131	0.03214	0.01904	0.02456	0.41870	0.01571	0.03065	0.02144	0.02051	0.01264	0.01468	0.01095	0.00819	0.00681	0.00205	0.01290	0.00512	0.00409	0.01028
43	0.01810	0.01717	0.02882	0.33845	0.33821	0.01882	0.02378	0.02326	0.01829	0.02472	0.01987	0.02551	0.05085	0.00886	0.00856	0.00269	0.01032	0.00820	0.00424	0.01125
44	0.01832	0.04227	0.61907	0.02372	0.03594	0.01933	0.03032	0.02781	0.01835	0.06410	0.01636	0.01862	0.01139	0.00823	0.00811	0.00269	0.01226	0.00642	0.00400	0.01269
45	0.01465	0.00983	0.01335	0.01440	0.01671	0.00951	0.01229	0.01841	0.02049	0.06373	0.13141	0.08639	0.09743	0.02173	0.01119	0.00359	0.00699	0.43147	0.00822	0.00821
46	0.41963	0.01329	0.01222	0.07880	0.01846	0.01511	0.00954	0.02284	0.01594	0.03420	0.01784	0.02110	0.01391	0.00868	0.00584	0.00242	0.00614	0.00609	0.26917	0.00878
47	0.01093	0.00890	0.00983	0.01030	0.01295	0.00781	0.00819	0.01350	0.01944	0.02358	0.07642	0.08525	0.50273	0.02202	0.01046	0.00312	0.00515	0.15419	0.00789	0.00734
48	0.01194	0.00793	0.00939	0.01008	0.01040	0.00776	0.00618	0.01276	0.01416	0.01950	0.03391	0.27741	0.03910	0.41222	0.02910	0.00609	0.00676	0.01616	0.06316	0.00598
49	0.01214	0.00867	0.01191	0.01387	0.01514	0.00844	0.01098	0.01491	0.01804	0.02371	0.04593	0.37803	0.05242	0.02499	0.01133	0.00370	0.00647	0.32406	0.00787	0.00740
50	0.01112	0.00894	0.01010	0.01059	0.01318	0.00792	0.00846	0.01383	0.01966	0.02416	0.10066	0.08481	0.46030	0.02188	0.01051	0.00314	0.00523	0.17015	0.00795	0.00740
51	0.01009	0.00849	0.00876	0.00898	0.01159	0.00715	0.00662	0.01217	0.01906	0.02285	0.08188	0.14945	0.57962	0.02212	0.01015	0.00294	0.00438	0.01865	0.00790	0.00715
52	0.02106	0.02022	0.03454	0.05223	0.64784	0.02022	0.02612	0.02612	0.01938	0.02780	0.01601	0.02106	0.01348	0.00758	0.00842	0.00253	0.01011	0.00758	0.00421	0.01348
53	0.01237	0.00829	0.00948	0.00948	0.00955	0.00836	0.00540	0.01250	0.01243	0.01665	0.02663	0.05468	0.03050	0.67206	0.07158	0.00850	0.00891	0.01223	0.00513	0.00527
54	0.01061	0.00864	0.00938	0.00920	0.01183	0.00742	0.00690	0.01327	0.02069	0.02606	0.23988	0.07684	0.48880	0.02041	0.01005	0.00282	0.00423	0.01725	0.00831	0.00742
55	0.01707	0.04402	0.65683	0.02426	0.03683	0.01976	0.03144	0.02695	0.01797	0.02695	0.01527	0.01797	0.01078	0.00809	0.00809	0.00270	0.01258	0.00629	0.00359	0.01258
56	0.02250	0.01434	0.01502	0.01262	0.01655	0.01536	0.01007	0.26125	0.02677	0.04055	0.02481	0.02718	0.01886	0.01004	0.00698	0.00221	0.00614	0.00782	0.45037	0.01057
57	0.01037	0.00741	0.00987	0.01185	0.01234	0.00691	0.00790	0.01185	0.01629	0.02172	0.04690	0.69537	0.05629	0.02666	0.01086	0.00346	0.00494	0.02419	0.00790	0.00691
58	0.01741	0.08326	0.62054	0.02368	0.03594	0.02059	0.03044	0.02686	0.01793	0.02654	0.01507	0.01771	0.01079	0.00804	0.00793	0.00264	0.01237	0.00619	0.00360	0.01248
59	0.01021	0.00863	0.00883	0.00878	0.01159	0.00725	0.00659	0.01251	0.01976	0.02384	0.12898	0.08049	0.60108	0.02123	0.01006	0.00286	0.00429	0.01776	0.00802	0.00725
60	0.01037	0.00741	0.00987	0.01185	0.01234	0.00691	0.00790	0.01185	0.01629	0.02172	0.04690	0.69537	0.05629	0.02666	0.01086	0.00346	0.00494	0.02419	0.00790	0.00691
61	0.03179	0.04056	0.02412	0.02192	0.02631	0.66676	0.01644	0.03398	0.02412	0.02083	0.01315	0.01535	0.01096	0.00877	0.00767	0.00219	0.01535	0.00548	0.00438	0.00987
62	0.11677	0.21852	0.03038	0.02439	0.14340	0.28704	0.01689	0.02901	0.02013	0.02408	0.01318	0.01579	0.01122	0.00802	0.00691	0.00221	0.01153	0.00552	0.00425	0.01077
63	0.17819	0.03157	0.19099	0.02008	0.02659	0.23255	0.04839	0.02759	0.01959	0.02752	0.06615	0.02033	0.01645	0.00941	0.00879	0.00258	0.05148	0.00669	0.00473	0.01035
64	0.05684	0.02395	0.14842	0.25980	0.21799	0.05898	0.02408	0.02631	0.05466	0.02609	0.01628	0.02095	0.01259	0.00832	0.00820	0.00267	0.01095	0.00717	0.00427	0.01147
65	0.03015	0.03793	0.02324	0.02124	0.02538	0.61198	0.01596	0.03241	0.02324	0.02074	0.01396	0.01686	0.01182	0.01337	0.06274	0.00315	0.01597	0.00578	0.00440	0.00968
66	0.02106	0.02022	0.03454	0.05223	0.64784	0.02022	0.02612	0.02612	0.01938	0.02780	0.01601	0.02106	0.01348	0.00758	0.00842	0.00253	0.01011	0.00758	0.00421	0.01348
67	0.01936	0.07266	0.06766	0.09132	0.36572	0.04606	0.02205	0.02418	0.01934	0.02615	0.04605	0.03280	0.04374	0.01047	0.00866	0.00267	0.00978	0.07480	0.00486	0.01164
68	0.01587	0.02222	0.19151	0.02655	0.18150	0.01521	0.06951	0.02146	0.01944	0.02659	0.08459	0.04398	0.19068	0.01304	0.00921	0.00278	0.00896	0.04062	0.00564	0.01066
69	0.01371	0.00980	0.01371	0.01567	0.01763	0.00980	0.01371	0.01763	0.01959	0.02547	0.04506	0.09599	0.04898	0.02351	0.01175	0.00392	0.00784	0.59056	0.00784	0.00784
70	0.02096	0.08844	0.31407	0.05012	0.02957	0.18097	0.02179	0.02719	0.01939	0.02542	0.01652	0.01945	0.01268	0.00851	0.00744	0.00239	0.01152	0.00628	0.12644	0.01086
71	0.02032	0.17575	0.33915	0.02885	0.18760	0.02245	0.02561	0.02715	0.01850	0.05662	0.01564	0.01839	0.01200	0.00791	0.00764	0.00247	0.01096	0.00636	0.00410	0.01255
72	0.01216	0.00912	0.01368	0.01368	0.01520	0.01064	0.01064	0.01520	0.01368	0.01976	0.02279	0.03343	0.02127	0.06382	0.66720	0.01368	0.02279	0.00912	0.00456	0.00760
73	0.01088	0.00815	0.00920	0.00978	0.01104	0.00744	0.00647	0.01216	0.01626	0.02056	0.05583	0.25381	0.27712	0.23845	0.02084	0.00475	0.00574	0.01802	0.00703	0.00646
74	0.02810	0.02074	0.02304	0.01834	0.02404	0.02308	0.01501	0.49240	0.03447	0.04651	0.02093	0.02317	0.01590	0.02149	0.14702	0.00489	0.01219	0.00797	0.00768	0.01303
75	0.19192	0.02146	0.01884	0.07520	0.02385	0.15453	0.01339	0.17364	0.02445	0.03444	0.07514	0.06741	0.06866	0.01170	0.00799	0.00261	0.00906	0.00894	0.00647	0.01030

[dist]
# distance from previous block
# <min> <max>
2	39

[block]
# block no. 2 follows, 21 sequences, length 111
# corresponding to MSA columns:
# 220-265,267-331
name=unknown_C
#
# <colnr> <probs for GDERKNQSTAVLIFYWHMCP>
#	G	D	E	R	K	N	Q	S	T	A	V	L	I	F	Y	W	H	M	C	P
0	0.02361	0.18746	0.06545	0.11733	0.15558	0.02228	0.01856	0.11595	0.02236	0.10725	0.04314	0.02428	0.04240	0.00937	0.00785	0.00244	0.00924	0.00762	0.00576	0.01205
1	0.01410	0.01447	0.08458	0.01471	0.01745	0.04892	0.01274	0.01762	0.01718	0.02337	0.03358	0.21632	0.03569	0.05729	0.14553	0.00558	0.01082	0.15467	0.06728	0.00810
2	0.02395	0.33471	0.03108	0.01662	0.02182	0.21834	0.01424	0.02661	0.01890	0.04683	0.01538	0.01884	0.01347	0.01941	0.14135	0.00439	0.01370	0.00593	0.00434	0.01008
3	0.08324	0.05915	0.02493	0.02779	0.21225	0.19497	0.01727	0.05074	0.01964	0.02548	0.01652	0.02152	0.01426	0.02178	0.16890	0.00513	0.01426	0.00698	0.00458	0.01061
4	0.02019	0.02180	0.07245	0.09837	0.41901	0.02040	0.16931	0.02608	0.01928	0.02712	0.01619	0.02148	0.01302	0.00759	0.00880	0.00265	0.01138	0.00810	0.00416	0.01261
5	0.01043	0.00843	0.00934	0.00998	0.01220	0.00733	0.00741	0.01257	0.01867	0.02289	0.07339	0.23030	0.45426	0.02294	0.01039	0.00310	0.00475	0.06655	0.00790	0.00717
6	0.01673	0.01533	0.02120	0.01810	0.02178	0.06641	0.13438	0.05497	0.02119	0.02731	0.14457	0.05780	0.10645	0.09790	0.01416	0.00366	0.00885	0.15360	0.00683	0.00878
7	0.02592	0.02757	0.03293	0.03274	0.19362	0.25069	0.16423	0.03014	0.02129	0.07626	0.01646	0.02000	0.01294	0.00856	0.00965	0.00257	0.05058	0.00750	0.00479	0.01156
8	0.01238	0.00825	0.00928	0.00928	0.00928	0.00825	0.00516	0.01238	0.01238	0.01650	0.02681	0.05569	0.03094	0.70092	0.04331	0.00825	0.00825	0.01238	0.00516	0.00516
9	0.01124	0.00867	0.01026	0.00986	0.01222	0.00769	0.00740	0.01451	0.02219	0.02963	0.41839	0.07097	0.30806	0.01908	0.01005	0.00276	0.00413	0.01643	0.00878	0.00769
10	0.01892	0.01908	0.06622	0.09479	0.43471	0.01796	0.02369	0.02407	0.01914	0.02678	0.02182	0.03631	0.02039	0.01094	0.00909	0.00285	0.00989	0.12652	0.00488	0.01194
11	0.01521	0.01214	0.01673	0.06948	0.01920	0.01515	0.01256	0.01797	0.01447	0.02223	0.02011	0.03016	0.01858	0.10289	0.21751	0.00681	0.21603	0.00860	0.15611	0.00807
12	0.01164	0.00928	0.01065	0.01111	0.01365	0.00850	0.00881	0.01529	0.04545	0.02501	0.11761	0.10870	0.39376	0.02151	0.01047	0.00315	0.00532	0.16437	0.00804	0.00767
13	0.03179	0.04056	0.02412	0.02192	0.02631	0.66676	0.01644	0.03398	0.02412	0.02083	0.01315	0.01535	0.01096	0.00877	0.00767	0.00219	0.01535	0.00548	0.00438	0.00987
14	0.01707	0.04402	0.65683	0.02426	0.03683	0.01976	0.03144	0.02695	0.01797	0.02695	0.01527	0.01797	0.01078	0.00809	0.00809	0.00270	0.01258	0.00629	0.00359	0.01258
15	0.01238	0.00825	0.00928	0.00928	0.00928	0.00825	0.00516	0.01238	0.01238	0.01650	0.02681	0.05569	0.03094	0.70092	0.04331	0.00825	0.00825	0.01238	0.00516	0.00516
16	0.01037	0.00741	0.00987	0.01185	0.01234	0.00691	0.00790	0.01185	0.01629	0.02172	0.04690	0.69537	0.05629	0.02666	0.01086	0.00346	0.00494	0.02419	0.00790	0.00691
17	0.02673	0.01162	0.01574	0.01371	0.01785	0.01025	0.01060	0.02942	0.02147	0.39194	0.07433	0.26847	0.03711	0.01669	0.00947	0.00293	0.00623	0.01453	0.00953	0.01140
18	0.01020	0.00853	0.00889	0.00901	0.01164	0.00721	0.00668	0.01241	0.01942	0.02354	0.11588	0.13127	0.56270	0.02173	0.01012	0.00291	0.00434	0.01832	0.00799	0.00721
19	0.01765	0.01513	0.01765	0.01260	0.02017	0.01134	0.01008	0.02143	0.01765	0.02773	0.01513	0.01765	0.01260	0.00630	0.00630	0.00126	0.00630	0.00504	0.00504	0.75295
20	0.01006	0.00862	0.00862	0.00862	0.01149	0.00718	0.00647	0.01221	0.01940	0.02299	0.08621	0.08190	0.64438	0.02155	0.01006	0.00287	0.00431	0.01796	0.00790	0.00718
21	0.01216	0.00912	0.01368	0.01368	0.01520	0.01064	0.01064	0.01520	0.01368	0.01976	0.02279	0.03343	0.02127	0.06382	0.66720	0.01368	0.02279	0.00912	0.00456	0.00760
22	0.01586	0.00793	0.00793	0.00793	0.00991	0.00793	0.00595	0.01983	0.01785	0.03173	0.02776	0.03173	0.02181	0.00991	0.00595	0.00198	0.00397	0.00793	0.74817	0.00793
23	0.01821	0.01708	0.02687	0.03877	0.44435	0.01689	0.02024	0.02366	0.05656	0.02702	0.03540	0.03754	0.17837	0.01146	0.00886	0.00264	0.00840	0.01041	0.00544	0.01184
24	0.02946	0.21426	0.02962	0.01979	0.02514	0.44754	0.01593	0.07990	0.02363	0.02331	0.01340	0.01532	0.01124	0.00850	0.00716	0.00212	0.01321	0.00542	0.00453	0.01052
25	0.01175	0.00860	0.01018	0.01004	0.01163	0.00799	0.00708	0.01405	0.01900	0.02534	0.27718	0.06756	0.20282	0.23248	0.02055	0.00454	0.00564	0.04905	0.00760	0.00691
26	0.02192	0.12492	0.23386	0.02761	0.16622	0.12204	0.02274	0.06305	0.05465	0.02696	0.01637	0.01929	0.01298	0.01088	0.03843	0.00297	0.01194	0.00661	0.00448	0.01206
27	0.01790	0.06791	0.42545	0.02052	0.02973	0.01792	0.02396	0.06040	0.01922	0.05628	0.02272	0.15670	0.02078	0.01208	0.00857	0.00279	0.01040	0.01004	0.00510	0.01154
28	0.01019	0.00855	0.00885	0.00893	0.01161	0.00722	0.00664	0.01241	0.01947	0.02354	0.11503	0.11808	0.57713	0.02163	0.01011	0.00290	0.00433	0.01819	0.00798	0.00722
29	0.02165	0.02149	0.03243	0.08622	0.53190	0.07336	0.02458	0.02739	0.04812	0.02722	0.01659	0.02119	0.01372	0.00792	0.00838	0.00254	0.01046	0.00750	0.00441	0.01294
30	0.01238	0.00825	0.00928	0.00928	0.00928	0.00825	0.00516	0.01238	0.01238	0.01650	0.02681	0.05569	0.03094	0.70092	0.04331	0.00825	0.00825	0.01238	0.00516	0.00516
31	0.01088	0.00804	0.00994	0.01070	0.01201	0.00735	0.00741	0.01300	0.01851	0.02459	0.19912	0.36303	0.18013	0.07881	0.01317	0.00354	0.00486	0.01980	0.00803	0.00710
32	0.01954	0.23022	0.11809	0.15168	0.03120	0.05550	0.01756	0.02417	0.01780	0.02369	0.01404	0.01739	0.01149	0.00743	0.00682	0.00200	0.00955	0.00561	0.00412	0.23209
33	0.02271	0.02086	0.09502	0.05357	0.07942	0.01856	0.11468	0.16873	0.02456	0.10619	0.03293	0.03384	0.13899	0.01167	0.00982	0.00275	0.03723	0.01003	0.00664	0.01181
34	0.02170	0.44487	0.12539	0.01693	0.02386	0.05831	0.01703	0.05537	0.01830	0.02277	0.01372	0.01669	0.01199	0.01294	0.06443	0.00314	0.05208	0.00557	0.00400	0.01090
35	0.01167	0.00899	0.01073	0.01072	0.01285	0.00835	0.00787	0.01583	0.05800	0.02839	0.31987	0.19604	0.23896	0.02016	0.01013	0.00291	0.00446	0.01760	0.00859	0.00788
36	0.01513	0.01498	0.01276	0.01206	0.01490	0.13814	0.00905	0.01802	0.02215	0.02688	0.28793	0.06161	0.30004	0.01741	0.00958	0.00266	0.00638	0.01449	0.00777	0.00804
37	0.02348	0.02515	0.03106	0.09593	0.43579	0.19028	0.02337	0.02783	0.02043	0.02547	0.01518	0.01969	0.01264	0.00797	0.00823	0.00246	0.01159	0.00703	0.00422	0.01220
38	0.01134	0.01050	0.00953	0.00941	0.01237	0.04606	0.00705	0.01350	0.01968	0.02286	0.08190	0.07798	0.60705	0.02080	0.00992	0.00283	0.00496	0.01722	0.00770	0.00734
39	0.01216	0.00912	0.01368	0.01368	0.01520	0.01064	0.01064	0.01520	0.01368	0.01976	0.02279	0.03343	0.02127	0.06382	0.66720	0.01368	0.02279	0.00912	0.00456	0.00760
40	0.02036	0.01950	0.03327	0.14101	0.56458	0.02003	0.02577	0.02550	0.01904	0.02695	0.01588	0.02129	0.01318	0.00771	0.00844	0.00257	0.01028	0.00758	0.00415	0.01291
41	0.01880	0.20188	0.43696	0.02328	0.03410	0.02334	0.09643	0.02663	0.01805	0.02531	0.01467	0.01751	0.01107	0.00778	0.00768	0.00250	0.01194	0.00631	0.00369	0.01205
42	0.02106	0.02022	0.03454	0.05223	0.64784	0.02022	0.02612	0.02612	0.01938	0.02780	0.01601	0.02106	0.01348	0.00758	0.00842	0.00253	0.01011	0.00758	0.00421	0.01348
43	0.01197	0.00808	0.00940	0.00980	0.00989	0.00798	0.00571	0.01227	0.01316	0.01755	0.03084	0.18378	0.03601	0.56591	0.03682	0.00729	0.00759	0.01474	0.00571	0.00551
44	0.01209	0.00942	0.01356	0.17336	0.02303	0.01005	0.01124	0.01434	0.01580	0.02084	0.03577	0.42314	0.04107	0.13747	0.01584	0.00413	0.00706	0.01815	0.00643	0.00723
45	0.06117	0.07547	0.02431	0.02034	0.02496	0.50940	0.01565	0.08011	0.02398	0.02415	0.01420	0.01670	0.01180	0.01210	0.04751	0.00292	0.01456	0.00579	0.00473	0.01014
46	0.02861	0.02546	0.02653	0.02742	0.17746	0.15213	0.01812	0.32544	0.03061	0.03959	0.01828	0.02016	0.01391	0.00927	0.00819	0.00244	0.01046	0.00722	0.04574	0.01296
47	0.02106	0.02022	0.03454	0.05223	0.64784	0.02022	0.02612	0.02612	0.01938	0.02780	0.01601	0.02106	0.01348	0.00758	0.00842	0.00253	0.01011	0.00758	0.00421	0.01348
48	0.20610	0.02825	0.01915	0.01762	0.02163	0.37444	0.01349	0.02795	0.01963	0.02485	0.01480	0.01867	0.01264	0.01980	0.14172	0.00464	0.01472	0.00601	0.00464	0.00924
49	0.01216	0.00912	0.01368	0.01368	0.01520	0.01064	0.01064	0.01520	0.01368	0.01976	0.02279	0.03343	0.02127	0.06382	0.66720	0.01368	0.02279	0.00912	0.00456	0.00760
50	0.03118	0.02379	0.02461	0.01912	0.02562	0.05339	0.01569	0.56272	0.03826	0.05063	0.02349	0.02336	0.04664	0.01073	0.00856	0.00255	0.00937	0.00809	0.00830	0.01390
51	0.01396	0.01161	0.01591	0.01908	0.14265	0.01111	0.01167	0.01895	0.05888	0.03022	0.34301	0.05741	0.20040	0.01605	0.00963	0.00271	0.00550	0.01407	0.00792	0.00927
52	0.01958	0.02046	0.03970	0.16812	0.18944	0.02067	0.32168	0.02694	0.05546	0.02677	0.01754	0.02297	0.01350	0.00780	0.00927	0.00278	0.01229	0.00894	0.00443	0.01166
53	0.03179	0.04056	0.02412	0.02192	0.02631	0.66676	0.01644	0.03398	0.02412	0.02083	0.01315	0.01535	0.01096	0.00877	0.00767	0.00219	0.01535	0.00548	0.00438	0.00987
54	0.01862	0.01862	0.02607	0.02234	0.02234	0.02607	0.01862	0.02048	0.01303	0.02048	0.01117	0.01862	0.01117	0.01489	0.02793	0.00372	0.68535	0.00745	0.00372	0.00931
55	0.01063	0.01153	0.06194	0.00991	0.01358	0.00822	0.00852	0.01343	0.01928	0.02332	0.08038	0.07664	0.59227	0.02044	0.00990	0.00286	0.00499	0.01700	0.00755	0.00763
56	0.02106	0.02022	0.03454	0.05223	0.64784	0.02022	0.02612	0.02612	0.01938	0.02780	0.01601	0.02106	0.01348	0.00758	0.00842	0.00253	0.01011	0.00758	0.00421	0.01348
57	0.01371	0.00980	0.01371	0.01567	0.01763	0.00980	0.01371	0.01763	0.01959	0.02547	0.04506	0.09599	0.04898	0.02351	0.01175	0.00392	0.00784	0.59056	0.00784	0.00784
58	0.02106	0.02022	0.03454	0.05223	0.64784	0.02022	0.02612	0.02612	0.01938	0.02780	0.01601	0.02106	0.01348	0.00758	0.00842	0.00253	0.01011	0.00758	0.00421	0.01348
59	0.02106	0.02022	0.03454	0.05223	0.64784	0.02022	0.02612	0.02612	0.01938	0.02780	0.01601	0.02106	0.01348	0.00758	0.00842	0.00253	0.01011	0.00758	0.00421	0.01348
60	0.03179	0.04056	0.02412	0.02192	0.02631	0.66676	0.01644	0.03398	0.02412	0.02083	0.01315	0.01535	0.01096	0.00877	0.00767	0.00219	0.01535	0.00548	0.00438	0.00987
61	0.02224	0.01674	0.01843	0.01631	0.02103	0.01863	0.01274	0.04150	0.48969	0.11142	0.10256	0.03497	0.03145	0.01208	0.00880	0.00283	0.00649	0.01014	0.00897	0.01299
62	0.01037	0.00741	0.00987	0.01185	0.01234	0.00691	0.00790	0.01185	0.01629	0.02172	0.04690	0.69537	0.05629	0.02666	0.01086	0.00346	0.00494	0.02419	0.00790	0.00691
63	0.01701	0.01650	0.01824	0.02000	0.09510	0.13743	0.01365	0.02014	0.01638	0.02095	0.02011	0.02845	0.01834	0.04637	0.45995	0.01011	0.01981	0.00823	0.00448	0.00876
64	0.01238	0.00825	0.00928	0.00928	0.00928	0.00825	0.00516	0.01238	0.01238	0.01650	0.02681	0.05569	0.03094	0.70092	0.04331	0.00825	0.00825	0.01238	0.00516	0.00516
65	0.01048	0.00745	0.00984	0.01171	0.01217	0.00699	0.00775	0.01188	0.01607	0.02143	0.04578	0.65954	0.05487	0.06442	0.01268	0.00372	0.00512	0.02353	0.00775	0.00681
66	0.03221	0.02793	0.02519	0.02015	0.02637	0.18298	0.01624	0.47630	0.03612	0.04561	0.01865	0.01919	0.01361	0.00986	0.00831	0.00247	0.01083	0.00713	0.00750	0.01335
67	0.02867	0.08296	0.02514	0.01930	0.02495	0.21168	0.01546	0.26058	0.17841	0.03696	0.02109	0.02117	0.01598	0.00988	0.00806	0.00247	0.01044	0.00725	0.00695	0.01260
68	0.01238	0.00825	0.00928	0.00928	0.00928	0.00825	0.00516	0.01238	0.01238	0.01650	0.02681	0.05569	0.03094	0.70092	0.04331	0.00825	0.00825	0.01238	0.00516	0.00516
69	0.01065	0.00822	0.00972	0.01023	0.01208	0.00730	0.00734	0.01302	0.01947	0.02525	0.20770	0.28751	0.30639	0.02230	0.01033	0.00303	0.00445	0.01947	0.00826	0.00730
70	0.02050	0.01819	0.01663	0.04576	0.08802	0.17189	0.01223	0.02411	0.01925	0.02757	0.02141	0.02541	0.01719	0.00959	0.00799	0.00223	0.04591	0.00725	0.40972	0.00917
71	0.03179	0.04056	0.02412	0.02192	0.02631	0.66676	0.01644	0.03398	0.02412	0.02083	0.01315	0.01535	0.01096	0.00877	0.00767	0.00219	0.01535	0.00548	0.00438	0.00987
72	0.02129	0.09637	0.02631	0.01981	0.02201	0.06107	0.01658	0.10549	0.01823	0.02575	0.01417	0.01958	0.01268	0.01488	0.04816	0.00359	0.40718	0.00715	0.04960	0.01009
73	0.03195	0.03577	0.02452	0.02125	0.02633	0.48336	0.01637	0.20166	0.02867	0.03022	0.01524	0.01680	0.01197	0.00918	0.00791	0.00230	0.01363	0.00611	0.00557	0.01119
74	0.01051	0.00757	0.00983	0.01150	0.01217	0.00703	0.00770	0.01206	0.01661	0.02205	0.07170	0.60588	0.09083	0.05604	0.01223	0.00360	0.00501	0.02295	0.00784	0.00689
75	0.02929	0.01763	0.02025	0.01663	0.02236	0.01860	0.01337	0.15822	0.27181	0.26023	0.03113	0.02848	0.02175	0.01085	0.00849	0.00269	0.00734	0.00878	0.03828	0.01382
76	0.01218	0.00902	0.01319	0.01319	0.01454	0.01037	0.01002	0.01488	0.01353	0.01939	0.02324	0.03592	0.02236	0.13505	0.59745	0.01307	0.02117	0.00948	0.00463	0.00733
77	0.03352	0.02196	0.02438	0.01869	0.02546	0.02361	0.01544	0.50375	0.03688	0.17377	0.02306	0.02214	0.01579	0.01028	0.00852	0.00257	0.00894	0.00784	0.00892	0.01447
78	0.03235	0.02384	0.02554	0.01958	0.02639	0.02639	0.01618	0.61946	0.04001	0.05363	0.02043	0.02043	0.01447	0.01022	0.00851	0.00255	0.00936	0.00766	0.00851	0.01447
