[name]
unknown

[dist]
# distance from previous block
# <min> <max>
0	0

[block]
# block no. 0 follows, 21 sequences, length 19
# corresponding to MSA columns:
# 0-18
name=unknown_A
#
# <colnr> <probs for GDERKNQSTAVLIFYWHMCP>
#	G	D	E	R	K	N	Q	S	T	A	V	L	I	F	Y	W	H	M	C	P
0	0.01371	0.00980	0.01371	0.01567	0.01763	0.00980	0.01371	0.01763	0.01959	0.02547	0.04506	0.09599	0.04898	0.02351	0.01175	0.00392	0.00784	0.59056	0.00784	0.00784
1	0.01763	0.10955	0.59623	0.02330	0.03535	0.02114	0.02977	0.02681	0.01790	0.02626	0.01493	0.01754	0.01079	0.00801	0.00783	0.00261	0.01223	0.00612	0.00360	0.01241
2	0.01783	0.02262	0.13578	0.02057	0.02353	0.07190	0.01883	0.02144	0.01495	0.02149	0.01485	0.02179	0.01351	0.02492	0.17602	0.00580	0.35319	0.00749	0.00395	0.00953
3	0.01586	0.00793	0.00793	0.00793	0.00991	0.00793	0.00595	0.01983	0.01785	0.03173	0.02776	0.03173	0.02181	0.00991	0.00595	0.00198	0.00397	0.00793	0.74817	0.00793
4	0.11779	0.02082	0.02394	0.17903	0.03300	0.02368	0.01713	0.40139	0.03130	0.04399	0.01809	0.02017	0.01307	0.00952	0.00811	0.00263	0.00950	0.00726	0.00697	0.01261
5	0.01956	0.01868	0.03182	0.24169	0.47014	0.01982	0.02537	0.02480	0.01867	0.02598	0.01574	0.02155	0.01284	0.00786	0.00845	0.00262	0.01048	0.00758	0.00408	0.01227
6	0.01979	0.01893	0.03225	0.21177	0.49821	0.01989	0.02549	0.02501	0.01878	0.02626	0.01578	0.02148	0.01294	0.00782	0.00845	0.00261	0.01042	0.00758	0.00410	0.01246
7	0.01010	0.00845	0.00880	0.00908	0.01162	0.00715	0.00667	0.01216	0.01895	0.02281	0.08057	0.16999	0.55993	0.02229	0.01017	0.00296	0.00440	0.01886	0.00790	0.00715
8	0.01777	0.12524	0.58172	0.02307	0.03499	0.02147	0.02937	0.02677	0.01788	0.02610	0.01485	0.01744	0.01080	0.00799	0.00776	0.00259	0.01215	0.00608	0.00360	0.01237
9	0.01773	0.10238	0.57139	0.02397	0.03587	0.02110	0.05936	0.02683	0.01801	0.02634	0.01506	0.01783	0.01090	0.00797	0.00795	0.00263	0.01235	0.00632	0.00363	0.01237
10	0.01037	0.00741	0.00987	0.01185	0.01234	0.00691	0.00790	0.01185	0.01629	0.02172	0.04690	0.69537	0.05629	0.02666	0.01086	0.00346	0.00494	0.02419	0.00790	0.00691
11	0.01076	0.00785	0.01013	0.01124	0.01235	0.00722	0.00779	0.01294	0.01855	0.02496	0.20030	0.47627	0.12052	0.02383	0.01058	0.00320	0.00464	0.02137	0.00827	0.00722
12	0.01861	0.01756	0.02971	0.31020	0.37060	0.01912	0.02443	0.02386	0.01841	0.02517	0.01719	0.02571	0.01448	0.00881	0.00864	0.00273	0.01050	0.03853	0.00423	0.01151
13	0.31929	0.08825	0.02102	0.01868	0.09955	0.01778	0.04262	0.02484	0.01725	0.10677	0.02197	0.14647	0.02052	0.01164	0.00740	0.00270	0.00746	0.00946	0.00606	0.01027
14	0.02149	0.02290	0.06526	0.04566	0.51791	0.08360	0.02473	0.02645	0.01978	0.02693	0.01735	0.02462	0.01512	0.00864	0.00852	0.00258	0.01063	0.04067	0.00440	0.01275
15	0.31120	0.07255	0.11325	0.01406	0.02001	0.01821	0.01329	0.09519	0.01969	0.03361	0.05820	0.06146	0.11528	0.01168	0.00736	0.00265	0.00746	0.00881	0.00603	0.01001
16	0.20475	0.08152	0.01870	0.01880	0.12808	0.01548	0.01218	0.02033	0.01772	0.02914	0.11961	0.14478	0.05367	0.01627	0.04564	0.00329	0.00750	0.01107	0.04213	0.00934
17	0.22296	0.02196	0.16951	0.01879	0.08296	0.04984	0.01605	0.02199	0.01764	0.02888	0.05915	0.14292	0.08903	0.01312	0.00810	0.00278	0.00819	0.01069	0.00565	0.00981
18	0.12810	0.01991	0.13521	0.01464	0.01936	0.08161	0.01350	0.02241	0.01935	0.06224	0.14895	0.14969	0.03458	0.01368	0.00827	0.00267	0.00755	0.01131	0.09757	0.00939

[dist]
# distance from previous block
# <min> <max>
3	18

[block]
# block no. 1 follows, 21 sequences, length 31
# corresponding to MSA columns:
# 37-67
name=unknown_B
#
# <colnr> <probs for GDERKNQSTAVLIFYWHMCP>
#	G	D	E	R	K	N	Q	S	T	A	V	L	I	F	Y	W	H	M	C	P
0	0.02436	0.23010	0.16459	0.02517	0.12740	0.24392	0.02061	0.02878	0.02009	0.02301	0.01368	0.01633	0.01132	0.00800	0.00724	0.00224	0.01212	0.00572	0.00398	0.01132
1	0.07175	0.03461	0.35320	0.02053	0.02952	0.13903	0.02258	0.02957	0.02001	0.12732	0.02198	0.02292	0.05145	0.00943	0.00802	0.00260	0.01133	0.00711	0.00524	0.01182
2	0.03022	0.03531	0.02589	0.02626	0.12135	0.48587	0.01789	0.10779	0.02543	0.02610	0.01452	0.01687	0.01180	0.00877	0.00790	0.00229	0.01378	0.00608	0.00489	0.01101
3	0.02589	0.13628	0.08248	0.01987	0.02496	0.34535	0.01691	0.07007	0.02164	0.02340	0.01469	0.01808	0.01245	0.01564	0.08849	0.00370	0.05921	0.00613	0.00447	0.01028
4	0.01401	0.00970	0.01250	0.01211	0.01360	0.01067	0.00886	0.05515	0.01556	0.02252	0.02440	0.03879	0.02368	0.23764	0.36336	0.00996	0.01543	0.00982	0.09487	0.00739
5	0.01124	0.00804	0.01081	0.01240	0.01339	0.00761	0.00901	0.01354	0.01804	0.02421	0.13258	0.49191	0.05838	0.02473	0.01091	0.00343	0.00535	0.12907	0.00810	0.00725
6	0.01346	0.01047	0.01274	0.01349	0.01610	0.01036	0.01121	0.01940	0.09782	0.02631	0.07904	0.08219	0.23317	0.02114	0.01077	0.00341	0.00645	0.31609	0.00802	0.00836
7	0.02273	0.02320	0.02994	0.06559	0.41779	0.13113	0.02233	0.03038	0.11891	0.02763	0.01849	0.02187	0.01498	0.00846	0.00834	0.00254	0.01051	0.00755	0.00494	0.01270
8	0.07323	0.02362	0.07682	0.07587	0.33220	0.07430	0.16730	0.02679	0.01938	0.02743	0.01567	0.02042	0.01253	0.00769	0.00851	0.00262	0.01156	0.00771	0.00426	0.01211
9	0.01037	0.00741	0.00987	0.01185	0.01234	0.00691	0.00790	0.01185	0.01629	0.02172	0.04690	0.69537	0.05629	0.02666	0.01086	0.00346	0.00494	0.02419	0.00790	0.00691
10	0.01049	0.00750	0.00998	0.01177	0.01237	0.00699	0.00791	0.01215	0.01684	0.02260	0.08886	0.65093	0.05797	0.02601	0.01080	0.00340	0.00487	0.02357	0.00800	0.00699
11	0.02799	0.03335	0.02781	0.03267	0.24663	0.43757	0.01987	0.03119	0.02244	0.02330	0.01417	0.01737	0.01185	0.00835	0.00794	0.00231	0.01349	0.00623	0.00432	0.01115
12	0.02918	0.23265	0.03003	0.01980	0.02502	0.48402	0.01590	0.03153	0.02215	0.02060	0.01277	0.01486	0.01095	0.00834	0.00703	0.00208	0.01354	0.00521	0.00417	0.01017
13	0.01183	0.00869	0.01108	0.01048	0.01258	0.00794	0.00786	0.01565	0.02359	0.03294	0.58408	0.06552	0.14030	0.01784	0.01004	0.00270	0.00405	0.01566	0.00921	0.00794
14	0.01180	0.00883	0.01104	0.01087	0.01308	0.00807	0.00842	0.01536	0.02239	0.03036	0.43296	0.07218	0.20879	0.01919	0.01027	0.00289	0.00459	0.09229	0.00882	0.00781
15	0.01875	0.21969	0.45962	0.02231	0.03325	0.02358	0.05943	0.02658	0.01790	0.02512	0.01446	0.01709	0.01094	0.00782	0.00749	0.00247	0.01175	0.00603	0.00365	0.01207
16	0.01006	0.00862	0.00862	0.00862	0.01149	0.00718	0.00647	0.01221	0.01940	0.02299	0.08621	0.08190	0.64438	0.02155	0.01006	0.00287	0.00431	0.01796	0.00790	0.00718
17	0.01191	0.00869	0.01119	0.01057	0.01263	0.00797	0.00793	0.01580	0.02378	0.03339	0.60627	0.06479	0.11783	0.01767	0.01004	0.00269	0.00403	0.01556	0.00927	0.00797
18	0.02052	0.01965	0.03327	0.05009	0.61659	0.01958	0.02515	0.02543	0.01938	0.02757	0.01945	0.02405	0.04446	0.00827	0.00851	0.00254	0.00983	0.00809	0.00439	0.01317
19	0.01118	0.00871	0.01325	0.01386	0.01503	0.00813	0.05879	0.01314	0.01661	0.02219	0.04442	0.63918	0.05266	0.02503	0.01079	0.00341	0.00572	0.02301	0.00760	0.00729
20	0.02151	0.01754	0.01869	0.01672	0.02153	0.01992	0.01303	0.04321	0.56528	0.06922	0.03739	0.03433	0.05942	0.01204	0.00873	0.00287	0.00663	0.01002	0.00872	0.01318
21	0.03179	0.04056	0.02412	0.02192	0.02631	0.66676	0.01644	0.03398	0.02412	0.02083	0.01315	0.01535	0.01096	0.00877	0.00767	0.00219	0.01535	0.00548	0.00438	0.00987
22	0.01863	0.01773	0.03014	0.35875	0.36035	0.01958	0.02491	0.02398	0.01823	0.02485	0.01558	0.02186	0.01244	0.00803	0.00847	0.00268	0.01071	0.00757	0.00400	0.01152
23	0.01049	0.00778	0.00962	0.01092	0.01198	0.00710	0.00741	0.01213	0.01705	0.02218	0.07819	0.49326	0.18707	0.06717	0.01267	0.00359	0.00497	0.02171	0.00779	0.00691
24	0.02949	0.02143	0.02338	0.01814	0.02477	0.02295	0.01483	0.43414	0.11166	0.08761	0.02245	0.02209	0.01614	0.00992	0.00826	0.00244	0.00851	0.00765	0.00823	0.10592
25	0.01538	0.01270	0.01526	0.01428	0.01702	0.01410	0.01089	0.02447	0.20784	0.02548	0.03409	0.09916	0.08719	0.08565	0.20075	0.00641	0.05565	0.01146	0.00651	0.05569
26	0.02877	0.03275	0.02283	0.02040	0.02511	0.42755	0.01556	0.08556	0.20103	0.02780	0.01996	0.02050	0.01559	0.00969	0.00803	0.00242	0.01237	0.00686	0.00596	0.01129
27	0.02045	0.01446	0.01891	0.02290	0.19714	0.01494	0.01369	0.13402	0.02244	0.03470	0.02299	0.02653	0.01803	0.00930	0.00714	0.00225	0.00675	0.00778	0.39481	0.01076
28	0.01671	0.01215	0.01440	0.01408	0.01640	0.01253	0.01029	0.18723	0.02314	0.03093	0.03926	0.50055	0.04422	0.02191	0.01018	0.00320	0.00622	0.01942	0.00808	0.00909
29	0.01522	0.21028	0.02260	0.01393	0.01711	0.01729	0.01177	0.01817	0.01472	0.01983	0.01963	0.02772	0.01829	0.04750	0.47619	0.01025	0.01884	0.00780	0.00429	0.00856
30	0.07669	0.07644	0.17987	0.02769	0.15942	0.28877	0.02150	0.02946	0.02053	0.02496	0.01410	0.01698	0.01133	0.00820	0.00763	0.00239	0.01257	0.00600	0.00417	0.01131

[dist]
# distance from previous block
# <min> <max>
0	11

[block]
# block no. 2 follows, 21 sequences, length 38
# corresponding to MSA columns:
# 80-117
name=unknown_C
#
# <colnr> <probs for GDERKNQSTAVLIFYWHMCP>
#	G	D	E	R	K	N	Q	S	T	A	V	L	I	F	Y	W	H	M	C	P
0	0.07911	0.02987	0.36483	0.01892	0.02760	0.01664	0.02162	0.05839	0.02025	0.08143	0.10327	0.05838	0.06153	0.01124	0.00841	0.00272	0.00952	0.00909	0.00578	0.01140
1	0.05292	0.28032	0.28744	0.02181	0.03119	0.05256	0.11195	0.02668	0.01815	0.02471	0.01407	0.01686	0.01109	0.00768	0.00728	0.00238	0.01143	0.00611	0.00382	0.01155
2	0.01164	0.00881	0.00954	0.00941	0.01218	0.00750	0.00703	0.01398	0.01986	0.05435	0.13768	0.12762	0.50843	0.02101	0.01005	0.00289	0.00447	0.01775	0.00818	0.00760
3	0.02432	0.02494	0.03154	0.04298	0.46190	0.16130	0.02320	0.07633	0.02209	0.02840	0.01575	0.01977	0.01301	0.00806	0.00827	0.00246	0.01119	0.00713	0.00460	0.01278
4	0.02268	0.13601	0.02761	0.02517	0.15979	0.24782	0.04496	0.02582	0.02075	0.02301	0.02965	0.03116	0.14933	0.01097	0.00811	0.00239	0.01074	0.00872	0.00499	0.01033
5	0.01054	0.00766	0.00994	0.01143	0.01231	0.00707	0.00779	0.01237	0.01748	0.02329	0.12013	0.56789	0.11043	0.02513	0.01070	0.00331	0.00477	0.02262	0.00807	0.00707
6	0.02048	0.02185	0.04387	0.04249	0.28865	0.02099	0.37783	0.02680	0.01980	0.02748	0.01673	0.02219	0.01314	0.00734	0.00939	0.00273	0.01263	0.00905	0.00427	0.01229
7	0.05873	0.03084	0.02391	0.10571	0.10699	0.40798	0.01748	0.03017	0.04728	0.02333	0.01923	0.02182	0.05207	0.00948	0.00796	0.00241	0.01275	0.00693	0.00473	0.01022
8	0.02561	0.43815	0.07223	0.01734	0.02423	0.16921	0.01612	0.10258	0.02168	0.02484	0.01340	0.01512	0.01137	0.00802	0.00647	0.00204	0.01068	0.00524	0.00442	0.01123
9	0.01035	0.00748	0.00980	0.01165	0.01229	0.00693	0.00781	0.01187	0.01648	0.02180	0.04932	0.65773	0.09237	0.02635	0.01081	0.00342	0.00490	0.02381	0.00790	0.00693
10	0.01037	0.00741	0.00987	0.01185	0.01234	0.00691	0.00790	0.01185	0.01629	0.02172	0.04690	0.69537	0.05629	0.02666	0.01086	0.00346	0.00494	0.02419	0.00790	0.00691
11	0.02125	0.02085	0.03348	0.09069	0.58139	0.05036	0.02551	0.02621	0.01945	0.02709	0.01582	0.02090	0.01323	0.00770	0.00840	0.00253	0.01043	0.00748	0.00419	0.01306
12	0.01698	0.01311	0.01395	0.01277	0.01675	0.01343	0.00987	0.02832	0.27424	0.08016	0.06047	0.05673	0.33640	0.01649	0.00935	0.00286	0.00556	0.01373	0.00843	0.01039
13	0.01356	0.00915	0.01118	0.01040	0.01306	0.00813	0.00789	0.01691	0.02260	0.08155	0.41320	0.06664	0.25760	0.01817	0.00992	0.00274	0.00438	0.01566	0.00899	0.00829
14	0.01406	0.01171	0.01726	0.01762	0.05644	0.01425	0.01291	0.01680	0.01383	0.02021	0.02024	0.03099	0.01931	0.08935	0.45650	0.01060	0.15646	0.00888	0.00440	0.00817
15	0.02275	0.70604	0.04459	0.01456	0.02184	0.03367	0.01456	0.02548	0.01729	0.02002	0.01183	0.01365	0.01092	0.00728	0.00546	0.00182	0.00910	0.00455	0.00364	0.01092
16	0.01037	0.00741	0.00987	0.01185	0.01234	0.00691	0.00790	0.01185	0.01629	0.02172	0.04690	0.69537	0.05629	0.02666	0.01086	0.00346	0.00494	0.02419	0.00790	0.00691
17	0.01034	0.00751	0.00977	0.01158	0.01227	0.00693	0.00778	0.01188	0.01655	0.02183	0.05014	0.64485	0.10471	0.02624	0.01080	0.00341	0.00489	0.02368	0.00790	0.00693
18	0.01183	0.00952	0.01217	0.01253	0.01352	0.01012	0.00907	0.01354	0.01634	0.02176	0.06924	0.35907	0.17483	0.08048	0.04218	0.00415	0.10698	0.01845	0.00697	0.00725
19	0.01338	0.01091	0.01602	0.01531	0.01655	0.01355	0.01214	0.01619	0.01356	0.01989	0.02060	0.03063	0.01937	0.05458	0.54646	0.01180	0.14793	0.00880	0.00440	0.00792
20	0.07631	0.02339	0.02475	0.01907	0.02579	0.02595	0.01576	0.58360	0.03847	0.05270	0.01991	0.02003	0.01416	0.01008	0.00832	0.00256	0.00920	0.00748	0.00832	0.01416
21	0.02992	0.02263	0.02417	0.01909	0.02546	0.02526	0.01559	0.49461	0.16883	0.04971	0.02352	0.02289	0.01697	0.01050	0.00854	0.00263	0.00879	0.00809	0.00854	0.01425
22	0.03192	0.03658	0.02446	0.02137	0.02633	0.51432	0.01638	0.17335	0.02790	0.02864	0.01489	0.01656	0.01180	0.00911	0.00787	0.00228	0.01392	0.00600	0.00537	0.01096
23	0.01969	0.34923	0.37458	0.01979	0.02992	0.02618	0.02366	0.02627	0.01766	0.02376	0.01369	0.01598	0.01085	0.00771	0.00688	0.00229	0.01097	0.00549	0.00362	0.01181
24	0.01862	0.02085	0.10710	0.08072	0.38601	0.01800	0.05325	0.02405	0.01893	0.02662	0.02152	0.07119	0.02013	0.01088	0.00904	0.00282	0.01010	0.08348	0.00480	0.01189
25	0.02300	0.02263	0.02364	0.02620	0.16763	0.13388	0.01692	0.03883	0.38420	0.03121	0.02657	0.02641	0.02046	0.01014	0.00843	0.00268	0.00902	0.00843	0.00688	0.01284
26	0.02137	0.02186	0.03764	0.04695	0.47776	0.05262	0.16196	0.02677	0.01978	0.02733	0.01614	0.02122	0.01322	0.00755	0.00876	0.00259	0.01135	0.00805	0.00424	0.01284
27	0.02761	0.02693	0.02788	0.03140	0.24110	0.20326	0.01953	0.21559	0.06417	0.03442	0.01772	0.01991	0.01384	0.00898	0.00826	0.00246	0.01114	0.00714	0.00588	0.01278
28	0.02095	0.02234	0.14136	0.02387	0.13537	0.04221	0.01864	0.15624	0.02391	0.05934	0.03148	0.09239	0.08843	0.01368	0.00919	0.00286	0.00913	0.09061	0.00654	0.01145
29	0.01072	0.00848	0.01046	0.01233	0.04047	0.00762	0.00812	0.01264	0.01771	0.02252	0.06173	0.41207	0.29698	0.02370	0.01042	0.00317	0.00491	0.02088	0.00774	0.00732
30	0.01677	0.01603	0.05794	0.02407	0.17173	0.01515	0.01574	0.02624	0.18450	0.02916	0.11068	0.18187	0.03744	0.01537	0.00947	0.00297	0.00726	0.05964	0.00713	0.01084
31	0.02150	0.05673	0.01750	0.01431	0.01773	0.13747	0.01102	0.14703	0.02270	0.02930	0.02844	0.08758	0.08524	0.01527	0.01177	0.11549	0.00819	0.00962	0.15407	0.00904
32	0.01800	0.08853	0.38320	0.02067	0.03014	0.01933	0.05670	0.08659	0.02063	0.02847	0.02904	0.03023	0.13096	0.01074	0.00840	0.00265	0.01049	0.00871	0.00497	0.01156
33	0.01959	0.01873	0.01911	0.02199	0.13646	0.15518	0.01380	0.05890	0.04214	0.02534	0.02602	0.18099	0.02624	0.07507	0.07769	0.00423	0.01050	0.01162	0.06690	0.00951
34	0.02234	0.15044	0.14517	0.02231	0.10126	0.17150	0.01840	0.02672	0.01910	0.05870	0.01716	0.02085	0.01407	0.01762	0.11806	0.00420	0.01328	0.00663	0.04138	0.01080
35	0.22155	0.15940	0.16303	0.01987	0.06012	0.19668	0.01796	0.02800	0.01864	0.02705	0.01318	0.01551	0.01059	0.00804	0.00674	0.00237	0.01092	0.00537	0.00430	0.01068
36	0.08600	0.40036	0.07444	0.01719	0.02374	0.22840	0.01578	0.02818	0.01922	0.02221	0.01246	0.01447	0.01078	0.00785	0.00630	0.00206	0.01106	0.00495	0.00400	0.01056
37	0.02178	0.05262	0.02216	0.01894	0.02112	0.25523	0.01482	0.02381	0.01730	0.02004	0.01564	0.02377	0.01497	0.09345	0.13496	0.00533	0.22355	0.00743	0.00426	0.00884

[dist]
# distance from previous block
# <min> <max>
0	4

[block]
# block no. 3 follows, 21 sequences, length 32
# corresponding to MSA columns:
# 122-153
name=unknown_D
#
# <colnr> <probs for GDERKNQSTAVLIFYWHMCP>
#	G	D	E	R	K	N	Q	S	T	A	V	L	I	F	Y	W	H	M	C	P
0	0.01828	0.01458	0.01465	0.01406	0.01654	0.07677	0.01030	0.15524	0.02253	0.02988	0.03431	0.36582	0.03701	0.05213	0.01103	0.00319	0.00704	0.01611	0.09156	0.00898
1	0.20452	0.01387	0.01273	0.01187	0.01527	0.03920	0.00889	0.02360	0.14908	0.02876	0.06601	0.04568	0.18990	0.13900	0.01450	0.00376	0.00655	0.01116	0.00682	0.00882
2	0.01519	0.05756	0.01457	0.01343	0.01547	0.13501	0.00972	0.01700	0.01836	0.02165	0.04461	0.42327	0.13997	0.02120	0.00978	0.00302	0.00709	0.01837	0.00696	0.00777
3	0.05877	0.02415	0.18665	0.02567	0.14141	0.01678	0.08285	0.02846	0.01948	0.15245	0.01905	0.02097	0.01385	0.00800	0.00793	0.00237	0.00964	0.00703	0.00555	0.16894
4	0.02641	0.16265	0.18853	0.02117	0.02817	0.38714	0.01991	0.03065	0.02131	0.02224	0.01345	0.01570	0.01091	0.00832	0.00737	0.00225	0.01351	0.00552	0.00405	0.01075
5	0.03179	0.04056	0.02412	0.02192	0.02631	0.66676	0.01644	0.03398	0.02412	0.02083	0.01315	0.01535	0.01096	0.00877	0.00767	0.00219	0.01535	0.00548	0.00438	0.00987
6	0.01216	0.00912	0.01368	0.01368	0.01520	0.01064	0.01064	0.01520	0.01368	0.01976	0.02279	0.03343	0.02127	0.06382	0.66720	0.01368	0.02279	0.00912	0.00456	0.00760
7	0.01783	0.01734	0.02418	0.02081	0.02141	0.02348	0.01723	0.01993	0.01337	0.02081	0.01271	0.02024	0.01240	0.01996	0.09925	0.00471	0.57176	0.00750	0.00389	0.05117
8	0.01017	0.00863	0.00877	0.00874	0.01156	0.00723	0.00655	0.01243	0.01966	0.02361	0.11701	0.08089	0.61320	0.02132	0.01006	0.00286	0.00429	0.01782	0.00798	0.00723
9	0.01075	0.00922	0.00928	0.00916	0.01216	0.00806	0.00690	0.01427	0.05766	0.02378	0.08299	0.07877	0.60579	0.02093	0.00997	0.00287	0.00446	0.01744	0.00795	0.00758
10	0.03235	0.02384	0.02554	0.01958	0.02639	0.02639	0.01618	0.61946	0.04001	0.05363	0.02043	0.02043	0.01447	0.01022	0.00851	0.00255	0.00936	0.00766	0.00851	0.01447
11	0.03202	0.02665	0.02468	0.01976	0.02596	0.15996	0.01593	0.44297	0.06230	0.07498	0.02017	0.02028	0.01457	0.00999	0.00835	0.00250	0.01040	0.00733	0.00775	0.01346
12	0.01819	0.01528	0.01662	0.01512	0.01911	0.01700	0.01167	0.03586	0.44171	0.03448	0.19227	0.04280	0.07634	0.01362	0.00909	0.00283	0.00590	0.01158	0.00879	0.01172
13	0.01037	0.00741	0.00987	0.01185	0.01234	0.00691	0.00790	0.01185	0.01629	0.02172	0.04690	0.69537	0.05629	0.02666	0.01086	0.00346	0.00494	0.02419	0.00790	0.00691
14	0.01781	0.20015	0.42516	0.02054	0.03040	0.02196	0.02466	0.02508	0.01725	0.02434	0.01541	0.01892	0.01217	0.01509	0.09262	0.00390	0.01305	0.00623	0.00373	0.01153
15	0.01796	0.14795	0.56071	0.02273	0.03448	0.02195	0.02879	0.02672	0.01786	0.02586	0.01473	0.01729	0.01080	0.00796	0.00767	0.00256	0.01203	0.00602	0.00360	0.01232
16	0.01006	0.00862	0.00862	0.00862	0.01149	0.00718	0.00647	0.01221	0.01940	0.02299	0.08621	0.08190	0.64438	0.02155	0.01006	0.00287	0.00431	0.01796	0.00790	0.00718
17	0.01160	0.00872	0.01084	0.01104	0.01262	0.00868	0.00807	0.01371	0.01616	0.02118	0.07593	0.08889	0.21853	0.19360	0.21228	0.00742	0.01097	0.05652	0.00634	0.00691
18	0.02214	0.02053	0.02725	0.02181	0.02735	0.05885	0.16644	0.11307	0.30098	0.03312	0.02628	0.02941	0.02073	0.07819	0.01236	0.00333	0.00968	0.00950	0.00694	0.01206
19	0.01607	0.01513	0.02552	0.68047	0.05861	0.01891	0.02363	0.02174	0.01702	0.02174	0.01513	0.02269	0.01134	0.00851	0.00851	0.00284	0.01134	0.00756	0.00378	0.00945
20	0.02867	0.01932	0.02124	0.01677	0.02273	0.02044	0.01370	0.38949	0.06272	0.14199	0.03518	0.03353	0.13081	0.01240	0.00881	0.00264	0.00798	0.00977	0.00873	0.01310
21	0.02075	0.02410	0.09236	0.15822	0.32105	0.08831	0.12008	0.02641	0.01943	0.02580	0.01567	0.02077	0.01248	0.00786	0.00859	0.00262	0.01180	0.00763	0.00411	0.01196
22	0.02125	0.29903	0.09798	0.02401	0.12067	0.06382	0.01931	0.02478	0.01685	0.02210	0.01271	0.01675	0.01138	0.00967	0.01274	0.00258	0.20354	0.00608	0.00379	0.01096
23	0.01798	0.01091	0.01148	0.01040	0.01275	0.01137	0.00761	0.12715	0.02049	0.03185	0.02619	0.03576	0.02279	0.18545	0.01591	0.00368	0.00604	0.00901	0.42476	0.00842
24	0.01181	0.00818	0.01014	0.01057	0.01107	0.00816	0.00676	0.01293	0.01468	0.01994	0.09236	0.21639	0.04115	0.38987	0.10258	0.00710	0.00864	0.01530	0.00620	0.00616
25	0.01753	0.01756	0.02600	0.29147	0.06534	0.07676	0.11400	0.02212	0.01821	0.02348	0.02110	0.14392	0.01998	0.01134	0.00885	0.00270	0.01041	0.01051	0.00483	0.09389
26	0.01187	0.00804	0.00943	0.00993	0.01006	0.00791	0.00585	0.01224	0.01337	0.01783	0.03192	0.21814	0.03738	0.52969	0.03507	0.00703	0.00741	0.01538	0.00585	0.00560
27	0.01238	0.00825	0.00928	0.00928	0.00928	0.00825	0.00516	0.01238	0.01238	0.01650	0.02681	0.05569	0.03094	0.70092	0.04331	0.00825	0.00825	0.01238	0.00516	0.00516
28	0.02417	0.09969	0.02652	0.02087	0.02354	0.29243	0.01684	0.02633	0.01813	0.02054	0.01271	0.01755	0.01162	0.01425	0.05248	0.00344	0.29882	0.00642	0.00404	0.00962
29	0.01332	0.01121	0.01708	0.01994	0.13005	0.01057	0.04856	0.01656	0.01958	0.02663	0.20278	0.27993	0.13261	0.01883	0.01004	0.00296	0.00613	0.01711	0.00740	0.00872
30	0.02498	0.18221	0.09949	0.02864	0.18550	0.18814	0.04909	0.09544	0.02234	0.02710	0.01483	0.01764	0.01207	0.00815	0.00762	0.00232	0.01159	0.00636	0.00456	0.01191
31	0.02437	0.30286	0.02988	0.01669	0.02208	0.25132	0.01417	0.06287	0.02148	0.02302	0.02457	0.02771	0.10048	0.01067	0.00734	0.00223	0.01060	0.03257	0.00498	0.01012

[dist]
# distance from previous block
# <min> <max>
0	3

[block]
# block no. 4 follows, 21 sequences, length 11
# corresponding to MSA columns:
# 157-167
name=unknown_E
#
# <colnr> <probs for GDERKNQSTAVLIFYWHMCP>
#	G	D	E	R	K	N	Q	S	T	A	V	L	I	F	Y	W	H	M	C	P
0	0.02405	0.01987	0.02671	0.02279	0.08142	0.02055	0.11314	0.29894	0.06143	0.03980	0.06338	0.03155	0.09796	0.01119	0.00893	0.00260	0.00901	0.00975	0.00725	0.04966
1	0.06764	0.00971	0.01116	0.01150	0.01344	0.00965	0.00879	0.01495	0.01747	0.02381	0.08110	0.12105	0.24081	0.15008	0.01720	0.00419	0.03320	0.14995	0.00707	0.00721
2	0.01756	0.01445	0.01461	0.01392	0.01653	0.07031	0.01019	0.15685	0.02268	0.02891	0.04143	0.34186	0.12046	0.07401	0.01249	0.00343	0.00708	0.01685	0.00751	0.00885
3	0.02659	0.11670	0.04443	0.01976	0.06951	0.08272	0.01528	0.05877	0.26252	0.17454	0.02667	0.02539	0.01950	0.01000	0.00805	0.00257	0.00853	0.00795	0.00749	0.01301
4	0.01893	0.18709	0.02154	0.01300	0.01626	0.01861	0.01086	0.07691	0.01860	0.02746	0.02179	0.06370	0.01963	0.06927	0.01249	0.00285	0.09894	0.00828	0.28459	0.00920
5	0.02184	0.02287	0.03498	0.08309	0.33442	0.10048	0.16262	0.02877	0.07449	0.02710	0.01754	0.02186	0.01401	0.00805	0.00874	0.00262	0.01154	0.00808	0.00462	0.01229
6	0.02371	0.02377	0.02022	0.01779	0.02160	0.23441	0.01392	0.16505	0.02416	0.02866	0.02678	0.02979	0.10028	0.02329	0.15322	0.00498	0.06385	0.00864	0.00583	0.01006
7	0.12889	0.02626	0.02167	0.01839	0.02362	0.21879	0.01447	0.27380	0.06899	0.03780	0.02008	0.07228	0.01677	0.01085	0.00801	0.00255	0.01028	0.00802	0.00677	0.01169
8	0.02315	0.02263	0.03409	0.07659	0.39205	0.07866	0.10626	0.10751	0.02258	0.03030	0.01648	0.02082	0.01320	0.00804	0.00860	0.00257	0.01113	0.00775	0.00480	0.01280
9	0.02044	0.02221	0.01683	0.01638	0.01921	0.27148	0.01199	0.02544	0.10386	0.02399	0.06585	0.26967	0.06496	0.01673	0.00921	0.00280	0.00924	0.01398	0.00668	0.00905
10	0.02314	0.17877	0.14032	0.01836	0.02453	0.19458	0.01704	0.10649	0.02265	0.02722	0.06029	0.10745	0.02186	0.01140	0.00795	0.00245	0.01056	0.00880	0.00543	0.01071

[dist]
# distance from previous block
# <min> <max>
56	200

[block]
# block no. 5 follows, 21 sequences, length 8
# corresponding to MSA columns:
# 397-404
name=unknown_F
#
# <colnr> <probs for GDERKNQSTAVLIFYWHMCP>
#	G	D	E	R	K	N	Q	S	T	A	V	L	I	F	Y	W	H	M	C	P
0	0.05039	0.12056	0.13712	0.01659	0.02179	0.04710	0.01535	0.05380	0.14833	0.02624	0.02158	0.02896	0.01904	0.15450	0.06360	0.00456	0.04657	0.00821	0.00541	0.01031
1	0.01866	0.02340	0.15770	0.04024	0.43149	0.01825	0.02437	0.02428	0.01909	0.02693	0.02598	0.02920	0.10389	0.00970	0.00859	0.00261	0.00978	0.00881	0.00462	0.01239
2	0.02408	0.02409	0.03181	0.04362	0.47619	0.13183	0.02342	0.08951	0.02235	0.02931	0.01598	0.02002	0.01315	0.00806	0.00831	0.00247	0.01093	0.00723	0.00469	0.01296
3	0.01606	0.01349	0.01761	0.18636	0.02768	0.01513	0.01385	0.02705	0.22074	0.03140	0.28202	0.04260	0.04471	0.01319	0.00919	0.00279	0.00680	0.01148	0.00769	0.01017
4	0.02106	0.02022	0.03454	0.05223	0.64784	0.02022	0.02612	0.02612	0.01938	0.02780	0.01601	0.02106	0.01348	0.00758	0.00842	0.00253	0.01011	0.00758	0.00421	0.01348
5	0.02059	0.01974	0.03369	0.11174	0.59202	0.02010	0.02588	0.02570	0.01915	0.02723	0.01592	0.02122	0.01328	0.00767	0.00843	0.00256	0.01023	0.00758	0.00417	0.01310
6	0.02155	0.35868	0.20154	0.01789	0.02562	0.12390	0.01870	0.02623	0.01919	0.02339	0.07570	0.02002	0.01778	0.00873	0.00695	0.00220	0.01048	0.00623	0.00431	0.01091
7	0.01629	0.01692	0.01358	0.01356	0.01638	0.17841	0.01035	0.01864	0.02026	0.02265	0.05599	0.14414	0.31447	0.01919	0.00980	0.00293	0.00779	0.10372	0.00698	0.00794

[dist]
# distance from previous block
# <min> <max>
19	50

[block]
# block no. 6 follows, 21 sequences, length 80
# corresponding to MSA columns:
# 455-534
name=unknown_G
#
# <colnr> <probs for GDERKNQSTAVLIFYWHMCP>
#	G	D	E	R	K	N	Q	S	T	A	V	L	I	F	Y	W	H	M	C	P
0	0.02181	0.25273	0.03227	0.06096	0.19425	0.09491	0.01817	0.02804	0.09519	0.02481	0.01954	0.02707	0.01744	0.00979	0.00772	0.00246	0.00976	0.06672	0.00494	0.01142
1	0.02616	0.18189	0.02912	0.12757	0.09084	0.11780	0.01714	0.11347	0.02268	0.12858	0.01830	0.02058	0.01394	0.01164	0.04217	0.00297	0.01094	0.00681	0.00569	0.01169
2	0.01357	0.01093	0.01573	0.05043	0.12530	0.01096	0.01254	0.01636	0.01707	0.02266	0.03998	0.17483	0.12568	0.12911	0.08310	0.00506	0.00894	0.12327	0.00629	0.00818
3	0.01975	0.02132	0.12998	0.01661	0.02135	0.05434	0.01485	0.18618	0.02310	0.03063	0.03033	0.13032	0.08742	0.13714	0.01625	0.00381	0.04861	0.01159	0.00637	0.01005
4	0.02074	0.01644	0.01875	0.01511	0.02010	0.01663	0.01183	0.18423	0.08630	0.03299	0.02191	0.06102	0.01953	0.10626	0.04047	0.00349	0.04791	0.00853	0.00643	0.26131
5	0.01562	0.01154	0.01402	0.01398	0.05080	0.01146	0.00897	0.08798	0.01775	0.02445	0.05802	0.10806	0.03055	0.36540	0.06452	0.00605	0.00859	0.01191	0.00595	0.08438
6	0.02180	0.02468	0.06627	0.21941	0.31037	0.16233	0.02360	0.02668	0.01968	0.02452	0.01509	0.02008	0.01217	0.00813	0.00826	0.00255	0.01175	0.00704	0.00409	0.01151
7	0.06162	0.09388	0.13869	0.08416	0.15303	0.23657	0.02075	0.02776	0.01972	0.02414	0.01464	0.01840	0.01197	0.01140	0.04595	0.00306	0.01286	0.00630	0.00414	0.01096
8	0.05469	0.01774	0.01686	0.11007	0.02360	0.14574	0.01294	0.04575	0.05531	0.02438	0.03610	0.04218	0.16649	0.05110	0.12642	0.00489	0.01162	0.03945	0.00583	0.00884
9	0.02841	0.06131	0.02585	0.02223	0.09975	0.02339	0.01625	0.42235	0.03298	0.07354	0.02276	0.09055	0.01879	0.01145	0.00857	0.00261	0.00888	0.00923	0.00774	0.01336
10	0.02433	0.02806	0.02750	0.14835	0.09845	0.31414	0.08041	0.02904	0.04948	0.02302	0.01565	0.01998	0.01275	0.01173	0.04340	0.00312	0.04876	0.00705	0.00442	0.01036
11	0.02319	0.02446	0.03182	0.07521	0.48303	0.16266	0.02387	0.02764	0.02031	0.02598	0.01534	0.01988	0.01282	0.00789	0.00826	0.00247	0.01132	0.00712	0.00423	0.01249
12	0.01217	0.01010	0.01082	0.01038	0.01337	0.00948	0.00786	0.01804	0.11330	0.02728	0.19755	0.07038	0.43003	0.01915	0.00984	0.00283	0.00461	0.01615	0.00833	0.00832
13	0.02030	0.02235	0.04676	0.03948	0.17746	0.02123	0.48671	0.02701	0.01993	0.02738	0.01695	0.02254	0.01304	0.00726	0.00969	0.00279	0.01341	0.00950	0.00428	0.01192
14	0.02597	0.02916	0.02094	0.01898	0.02276	0.39277	0.01441	0.08942	0.04588	0.02431	0.01762	0.02266	0.01526	0.05628	0.16082	0.00519	0.01576	0.00704	0.00505	0.00972
15	0.06466	0.01899	0.02166	0.01719	0.02323	0.01991	0.01421	0.35203	0.03204	0.21733	0.05827	0.03071	0.02223	0.01162	0.00871	0.00269	0.00824	0.05396	0.00892	0.01338
16	0.01455	0.00739	0.01102	0.01113	0.01115	0.00737	0.00742	0.01113	0.01136	0.01514	0.01645	0.06072	0.01694	0.02941	0.03209	0.71341	0.00726	0.00827	0.00391	0.00386
17	0.01375	0.00929	0.01171	0.01254	0.01403	0.00894	0.00880	0.06728	0.01898	0.05752	0.04590	0.56907	0.08120	0.02410	0.01049	0.00330	0.00542	0.02159	0.00809	0.00799
18	0.01862	0.01862	0.02607	0.02234	0.02234	0.02607	0.01862	0.02048	0.01303	0.02048	0.01117	0.01862	0.01117	0.01489	0.02793	0.00372	0.68535	0.00745	0.00372	0.00931
19	0.01037	0.00741	0.00987	0.01185	0.01234	0.00691	0.00790	0.01185	0.01629	0.02172	0.04690	0.69537	0.05629	0.02666	0.01086	0.00346	0.00494	0.02419	0.00790	0.00691
20	0.01497	0.01289	0.01332	0.01247	0.01620	0.01337	0.00956	0.02681	0.29047	0.02856	0.06341	0.05973	0.37095	0.01713	0.00944	0.00288	0.00538	0.01427	0.00824	0.00996
21	0.03179	0.04056	0.02412	0.02192	0.02631	0.66676	0.01644	0.03398	0.02412	0.02083	0.01315	0.01535	0.01096	0.00877	0.00767	0.00219	0.01535	0.00548	0.00438	0.00987
22	0.03179	0.04056	0.02412	0.02192	0.02631	0.66676	0.01644	0.03398	0.02412	0.02083	0.01315	0.01535	0.01096	0.00877	0.00767	0.00219	0.01535	0.00548	0.00438	0.00987
23	0.01246	0.00956	0.01425	0.01408	0.01553	0.01135	0.01101	0.01544	0.01365	0.01979	0.02226	0.03275	0.02081	0.06156	0.63763	0.01322	0.05344	0.00904	0.00452	0.00768
24	0.03201	0.01501	0.01902	0.01497	0.02075	0.01405	0.01221	0.13839	0.02684	0.42770	0.12135	0.03504	0.05924	0.01201	0.00884	0.00264	0.00701	0.00985	0.00988	0.01319
25	0.02110	0.01957	0.02938	0.04045	0.43670	0.02054	0.02185	0.03256	0.22625	0.03043	0.02229	0.02467	0.01770	0.00892	0.00850	0.00265	0.00897	0.00827	0.00571	0.01348
26	0.01246	0.00862	0.01103	0.01099	0.01208	0.00912	0.00771	0.01442	0.01451	0.02065	0.06456	0.04640	0.06504	0.29773	0.28999	0.00924	0.01330	0.01114	0.07434	0.00669
27	0.01238	0.00825	0.00928	0.00928	0.00928	0.00825	0.00516	0.01238	0.01238	0.01650	0.02681	0.05569	0.03094	0.70092	0.04331	0.00825	0.00825	0.01238	0.00516	0.00516
28	0.01006	0.00862	0.00862	0.00862	0.01149	0.00718	0.00647	0.01221	0.01940	0.02299	0.08621	0.08190	0.64438	0.02155	0.01006	0.00287	0.00431	0.01796	0.00790	0.00718
29	0.01765	0.01513	0.01765	0.01260	0.02017	0.01134	0.01008	0.02143	0.01765	0.02773	0.01513	0.01765	0.01260	0.00630	0.00630	0.00126	0.00630	0.00504	0.00504	0.75295
30	0.01618	0.01527	0.02555	0.65302	0.05710	0.01921	0.02342	0.02169	0.01685	0.02169	0.01496	0.02252	0.01134	0.00877	0.00932	0.00287	0.03946	0.00756	0.00378	0.00945
31	0.01038	0.00829	0.00929	0.00977	0.01187	0.00721	0.00705	0.01256	0.01908	0.02394	0.14031	0.25113	0.41421	0.02249	0.01028	0.00301	0.00445	0.01940	0.00807	0.00721
32	0.01691	0.01460	0.01724	0.01461	0.01888	0.01471	0.01136	0.02458	0.16002	0.02698	0.02828	0.12404	0.05922	0.03894	0.01218	0.00266	0.10172	0.01024	0.00628	0.29656
33	0.01153	0.00850	0.00965	0.00947	0.01096	0.00784	0.00638	0.01335	0.01792	0.02352	0.21826	0.06637	0.24322	0.29016	0.02326	0.00495	0.00579	0.01502	0.00722	0.00662
34	0.02106	0.02022	0.03454	0.05223	0.64784	0.02022	0.02612	0.02612	0.01938	0.02780	0.01601	0.02106	0.01348	0.00758	0.00842	0.00253	0.01011	0.00758	0.00421	0.01348
35	0.01539	0.01387	0.01987	0.01801	0.01877	0.01835	0.01463	0.01784	0.01336	0.02012	0.01699	0.02603	0.01623	0.03937	0.34771	0.00870	0.35391	0.00828	0.00414	0.00845
36	0.03179	0.04056	0.02412	0.02192	0.02631	0.66676	0.01644	0.03398	0.02412	0.02083	0.01315	0.01535	0.01096	0.00877	0.00767	0.00219	0.01535	0.00548	0.00438	0.00987
37	0.01962	0.01892	0.03274	0.22699	0.45574	0.01991	0.05235	0.02495	0.01875	0.02609	0.01582	0.02160	0.01286	0.00782	0.00852	0.00263	0.01065	0.00769	0.00410	0.01226
38	0.01071	0.00765	0.01027	0.01224	0.01289	0.00721	0.00850	0.01245	0.01663	0.02211	0.04671	0.63354	0.05553	0.02634	0.01095	0.00350	0.00524	0.08262	0.00789	0.00701
39	0.01834	0.01178	0.01405	0.01301	0.01663	0.01145	0.01036	0.02560	0.14072	0.14400	0.16574	0.06110	0.20981	0.01709	0.00977	0.00296	0.00581	0.10296	0.00880	0.01001
40	0.02132	0.53978	0.19836	0.01700	0.02561	0.03018	0.01880	0.02585	0.01746	0.02176	0.01270	0.01474	0.01089	0.00748	0.00612	0.00204	0.00997	0.00499	0.00363	0.01134
41	0.01037	0.00741	0.00987	0.01185	0.01234	0.00691	0.00790	0.01185	0.01629	0.02172	0.04690	0.69537	0.05629	0.02666	0.01086	0.00346	0.00494	0.02419	0.00790	0.00691
42	0.01852	0.11252	0.55614	0.02311	0.03466	0.05920	0.02881	0.02721	0.01826	0.02587	0.01479	0.01737	0.01081	0.00804	0.00779	0.00257	0.01238	0.00606	0.00364	0.01225
43	0.06010	0.12635	0.06015	0.20383	0.03421	0.13352	0.04911	0.05469	0.01906	0.02444	0.01487	0.01958	0.01215	0.01293	0.06054	0.00336	0.05135	0.00664	0.00432	0.04881
44	0.16597	0.22361	0.09203	0.01822	0.05504	0.19452	0.01556	0.02689	0.01888	0.02556	0.01735	0.01934	0.04403	0.00876	0.00670	0.00227	0.01020	0.00600	0.03883	0.01028
45	0.01084	0.00760	0.00974	0.01125	0.01163	0.00722	0.00726	0.01197	0.01538	0.02051	0.04222	0.54626	0.05038	0.18383	0.01843	0.00457	0.00571	0.02144	0.00726	0.00650
46	0.01403	0.00979	0.01185	0.01222	0.04597	0.00861	0.00856	0.01688	0.02091	0.09097	0.21178	0.09716	0.38192	0.01891	0.00985	0.00281	0.00487	0.01611	0.00834	0.00846
47	0.01806	0.04263	0.62677	0.02383	0.03612	0.01942	0.03055	0.02764	0.01827	0.05653	0.01614	0.01849	0.01127	0.00820	0.00811	0.00269	0.01233	0.00640	0.00392	0.01267
48	0.07435	0.01458	0.01939	0.01494	0.02146	0.01284	0.01234	0.04065	0.02386	0.62293	0.03249	0.02821	0.02047	0.01040	0.00839	0.00263	0.00721	0.00836	0.01027	0.01422
49	0.01238	0.00910	0.01185	0.01226	0.01437	0.00857	0.00993	0.01609	0.02173	0.02928	0.33922	0.07834	0.15018	0.02028	0.01068	0.00317	0.00549	0.23067	0.00858	0.00784
50	0.02007	0.02407	0.13307	0.07460	0.43918	0.02027	0.11149	0.02621	0.01915	0.02731	0.01603	0.02093	0.01288	0.00764	0.00861	0.00262	0.01116	0.00773	0.00411	0.01287
51	0.01352	0.00819	0.01028	0.01036	0.01156	0.00839	0.00737	0.01510	0.01523	0.02291	0.06038	0.07745	0.05910	0.13047	0.16281	0.13811	0.00944	0.01061	0.22211	0.00660
52	0.01753	0.01872	0.03912	0.02934	0.03574	0.01757	0.44707	0.02322	0.01918	0.02589	0.02542	0.18307	0.02469	0.01247	0.01031	0.00305	0.01185	0.04019	0.00531	0.01025
53	0.01784	0.03792	0.48618	0.02683	0.03787	0.02048	0.16539	0.02670	0.01821	0.02670	0.01552	0.01915	0.01129	0.00821	0.00952	0.00279	0.04627	0.00721	0.00376	0.01216
54	0.06726	0.14208	0.02625	0.12462	0.02870	0.08752	0.01592	0.21476	0.07577	0.03337	0.01826	0.02100	0.01435	0.01482	0.07607	0.00362	0.01125	0.00702	0.00589	0.01147
55	0.01498	0.01438	0.01401	0.01383	0.01605	0.12530	0.01046	0.01751	0.01705	0.02086	0.03756	0.10921	0.16041	0.04096	0.33824	0.00821	0.01556	0.01198	0.00561	0.00784
56	0.01006	0.00862	0.00862	0.00862	0.01149	0.00718	0.00647	0.01221	0.01940	0.02299	0.08621	0.08190	0.64438	0.02155	0.01006	0.00287	0.00431	0.01796	0.00790	0.00718
57	0.02013	0.02478	0.13599	0.04265	0.35960	0.02057	0.21649	0.02661	0.01939	0.02750	0.01628	0.02119	0.01288	0.00753	0.00889	0.00266	0.01185	0.00817	0.00415	0.01270
58	0.01918	0.01766	0.02948	0.07708	0.47807	0.01785	0.02325	0.02402	0.01930	0.02697	0.02236	0.03766	0.02119	0.01114	0.00916	0.00285	0.00967	0.13608	0.00499	0.01203
59	0.02106	0.02022	0.03454	0.05223	0.64784	0.02022	0.02612	0.02612	0.01938	0.02780	0.01601	0.02106	0.01348	0.00758	0.00842	0.00253	0.01011	0.00758	0.00421	0.01348
60	0.01841	0.01739	0.02981	0.13370	0.41664	0.01776	0.05686	0.02304	0.01854	0.02583	0.02141	0.14042	0.02070	0.01106	0.00896	0.00276	0.00962	0.01065	0.00481	0.01163
61	0.01738	0.01609	0.02596	0.03797	0.43226	0.01576	0.01969	0.02134	0.01888	0.02597	0.03342	0.14137	0.13179	0.01315	0.00911	0.00274	0.00825	0.01211	0.00546	0.01130
62	0.01680	0.00933	0.01223	0.01205	0.01440	0.00839	0.00881	0.01923	0.01988	0.16356	0.16365	0.36827	0.10815	0.02083	0.01012	0.00307	0.00521	0.01845	0.00877	0.00882
63	0.01037	0.00741	0.00987	0.01185	0.01234	0.00691	0.00790	0.01185	0.01629	0.02172	0.04690	0.69537	0.05629	0.02666	0.01086	0.00346	0.00494	0.02419	0.00790	0.00691
64	0.01959	0.02145	0.02782	0.05584	0.02860	0.16890	0.18943	0.02343	0.01904	0.02338	0.05083	0.14022	0.02377	0.01817	0.08015	0.00402	0.07961	0.01120	0.00513	0.00942
65	0.01246	0.00955	0.01381	0.01398	0.01549	0.01090	0.01104	0.01541	0.01483	0.02078	0.02970	0.08145	0.05888	0.05203	0.48167	0.01081	0.05172	0.08254	0.00529	0.00765
66	0.02067	0.02156	0.02819	0.21578	0.09912	0.16081	0.12414	0.02407	0.01820	0.02194	0.01489	0.02125	0.01230	0.01196	0.01359	0.12358	0.04704	0.00751	0.00403	0.00937
67	0.01932	0.07143	0.45200	0.08959	0.08496	0.02053	0.02773	0.06130	0.01949	0.05286	0.01617	0.01903	0.01168	0.00827	0.00806	0.00264	0.01168	0.00660	0.00423	0.01244
68	0.01866	0.01997	0.05961	0.08665	0.05278	0.12925	0.09762	0.05294	0.02015	0.02545	0.02801	0.21691	0.02869	0.01509	0.00940	0.00293	0.00985	0.07227	0.04433	0.00946
69	0.01230	0.00855	0.01082	0.01082	0.01135	0.00909	0.00707	0.01336	0.01283	0.01764	0.02541	0.04791	0.02756	0.47811	0.26150	0.01015	0.01334	0.01124	0.00495	0.00601
70	0.02289	0.03005	0.13815	0.06536	0.22910	0.24286	0.02198	0.02763	0.02006	0.02409	0.01554	0.01990	0.01283	0.01393	0.07607	0.00361	0.01373	0.00678	0.00418	0.01125
71	0.19594	0.02701	0.01796	0.01626	0.02044	0.34128	0.01246	0.05778	0.02131	0.02884	0.01643	0.01885	0.01312	0.00889	0.00678	0.00227	0.01053	0.00593	0.16839	0.00952
72	0.12991	0.10126	0.02515	0.02152	0.06102	0.47829	0.01584	0.03146	0.02185	0.02353	0.01301	0.01531	0.01087	0.00844	0.00717	0.00224	0.01323	0.00539	0.00442	0.01009
73	0.02051	0.03281	0.34379	0.03480	0.27880	0.05193	0.02757	0.02774	0.01917	0.06004	0.01642	0.01965	0.01241	0.00805	0.00822	0.00260	0.01145	0.00688	0.00425	0.01290
74	0.01037	0.00741	0.00987	0.01185	0.01234	0.00691	0.00790	0.01185	0.01629	0.02172	0.04690	0.69537	0.05629	0.02666	0.01086	0.00346	0.00494	0.02419	0.00790	0.00691
75	0.02160	0.09784	0.14233	0.13110	0.28375	0.13018	0.02387	0.02688	0.01936	0.02478	0.01484	0.01903	0.01200	0.00798	0.00794	0.00247	0.01151	0.00668	0.00401	0.01185
76	0.02189	0.24447	0.02961	0.01832	0.02192	0.17116	0.01552	0.02430	0.01703	0.02029	0.01372	0.01868	0.01268	0.01899	0.11995	0.00438	0.20709	0.00634	0.00398	0.00968
77	0.01392	0.01237	0.01310	0.08019	0.01891	0.04455	0.01014	0.04834	0.05675	0.02586	0.09885	0.06588	0.41327	0.01823	0.00970	0.00286	0.00618	0.04506	0.00745	0.00839
78	0.09149	0.02620	0.02462	0.05227	0.05942	0.16198	0.01652	0.38577	0.03233	0.04249	0.01768	0.01893	0.01309	0.00950	0.00806	0.00250	0.01054	0.00693	0.00691	0.01276
79	0.02559	0.01807	0.01986	0.04643	0.02252	0.01974	0.01323	0.38641	0.03198	0.04490	0.08299	0.02752	0.02257	0.01077	0.00804	0.00244	0.00761	0.00848	0.18885	0.01201

[dist]
# distance from previous block
# <min> <max>
0	1

[block]
# block no. 7 follows, 21 sequences, length 15
# corresponding to MSA columns:
# 536-550
name=unknown_H
#
# <colnr> <probs for GDERKNQSTAVLIFYWHMCP>
#	G	D	E	R	K	N	Q	S	T	A	V	L	I	F	Y	W	H	M	C	P
0	0.02061	0.37481	0.24359	0.02401	0.13104	0.02687	0.02202	0.02607	0.01786	0.02359	0.01365	0.01630	0.01130	0.00759	0.00681	0.00222	0.01041	0.00563	0.00372	0.01189
1	0.01006	0.00862	0.00862	0.00862	0.01149	0.00718	0.00647	0.01221	0.01940	0.02299	0.08621	0.08190	0.64438	0.02155	0.01006	0.00287	0.00431	0.01796	0.00790	0.00718
2	0.01091	0.00845	0.00958	0.00964	0.01164	0.00751	0.00688	0.01319	0.01935	0.02492	0.21921	0.14886	0.34751	0.10721	0.01437	0.00358	0.00481	0.01734	0.00794	0.00711
3	0.11633	0.09112	0.18024	0.09394	0.06486	0.26725	0.02037	0.02865	0.01979	0.02491	0.01377	0.01677	0.01088	0.00827	0.00742	0.00243	0.01232	0.00583	0.00416	0.01069
4	0.01876	0.10546	0.42087	0.03104	0.20517	0.02132	0.02823	0.02657	0.01829	0.02648	0.01512	0.01838	0.01155	0.00786	0.00791	0.00256	0.01153	0.00647	0.00377	0.01266
5	0.01067	0.00882	0.00947	0.00980	0.01252	0.00762	0.00767	0.01312	0.01943	0.02340	0.07935	0.08425	0.54520	0.02188	0.01034	0.00305	0.00490	0.11335	0.00789	0.00729
6	0.01233	0.00844	0.01022	0.01022	0.01054	0.00876	0.00633	0.01298	0.01265	0.01719	0.02596	0.05094	0.02888	0.56508	0.17634	0.00941	0.01135	0.01168	0.00503	0.00568
7	0.02227	0.16444	0.11013	0.02830	0.14934	0.11371	0.12635	0.03058	0.12171	0.02636	0.01800	0.02051	0.01427	0.00834	0.00801	0.00248	0.01113	0.00730	0.00480	0.01199
8	0.02178	0.24621	0.34156	0.02081	0.03012	0.15454	0.02324	0.02792	0.01900	0.02359	0.01379	0.01612	0.01086	0.00798	0.00720	0.00233	0.01207	0.00559	0.00377	0.01152
9	0.02342	0.23963	0.02980	0.02284	0.13382	0.24312	0.01593	0.02629	0.02035	0.02219	0.02542	0.02693	0.11692	0.01022	0.00751	0.00225	0.01062	0.00765	0.00471	0.01040
10	0.02039	0.06324	0.30360	0.02498	0.08504	0.09013	0.07390	0.05413	0.01966	0.02713	0.01514	0.01828	0.01168	0.00816	0.00880	0.00243	0.04297	0.00649	0.00424	0.11960
11	0.01579	0.01355	0.01280	0.01277	0.01482	0.10834	0.00930	0.01795	0.01923	0.05268	0.13646	0.20111	0.14096	0.13295	0.01550	0.00385	0.00721	0.06977	0.00725	0.00773
12	0.21973	0.02334	0.05166	0.06346	0.21065	0.16401	0.01790	0.02618	0.01880	0.02820	0.01742	0.05558	0.01575	0.00989	0.00772	0.00263	0.01014	0.04146	0.00488	0.01061
13	0.02174	0.44035	0.12353	0.01667	0.02355	0.11205	0.01653	0.02535	0.01800	0.02118	0.01525	0.05594	0.01424	0.01232	0.04845	0.00284	0.01103	0.00636	0.00404	0.01057
