[name]
unknown

[dist]
# distance from previous block
# <min> <max>
0	0

[block]
# block no. 0 follows, 22 sequences, length 13
# corresponding to MSA columns:
# 0-12
name=unknown_A
#
# <colnr> <probs for GDERKNQSTAVLIFYWHMCP>
#	G	D	E	R	K	N	Q	S	T	A	V	L	I	F	Y	W	H	M	C	P
0	0.01339	0.00956	0.01339	0.01530	0.01721	0.00956	0.01339	0.01721	0.01912	0.02486	0.04399	0.09371	0.04781	0.02295	0.01147	0.00382	0.00765	0.60031	0.00765	0.00765
1	0.09935	0.02354	0.02368	0.01849	0.02486	0.06234	0.01518	0.53864	0.03587	0.04913	0.01876	0.01907	0.01346	0.00968	0.00797	0.00248	0.00923	0.00708	0.00779	0.01340
2	0.03109	0.03787	0.02369	0.02116	0.02569	0.60621	0.01602	0.09600	0.02518	0.02371	0.01359	0.01551	0.01106	0.00871	0.00758	0.00218	0.01436	0.00558	0.00471	0.01011
3	0.01912	0.01827	0.03111	0.23970	0.47879	0.01936	0.02478	0.02423	0.01823	0.02539	0.01537	0.02103	0.01254	0.00767	0.00825	0.00256	0.01023	0.00740	0.00399	0.01199
4	0.01955	0.01871	0.03190	0.18276	0.53233	0.01947	0.02499	0.02461	0.01844	0.02592	0.01545	0.02089	0.01273	0.00759	0.00824	0.00253	0.01012	0.00740	0.00403	0.01235
5	0.26507	0.01432	0.01871	0.19717	0.11180	0.01601	0.01483	0.02218	0.01548	0.07228	0.01506	0.02014	0.01202	0.01220	0.01204	0.15229	0.00833	0.00647	0.00469	0.00892
6	0.65081	0.01570	0.01277	0.01150	0.01630	0.01799	0.00930	0.06114	0.01586	0.03674	0.01525	0.07746	0.01356	0.00954	0.00584	0.00264	0.00645	0.00645	0.00558	0.00911
7	0.01977	0.01893	0.03229	0.15452	0.55888	0.01953	0.02510	0.02480	0.01854	0.02618	0.01549	0.02082	0.01282	0.00755	0.00824	0.00252	0.01007	0.00740	0.00404	0.01252
8	0.02666	0.02901	0.02697	0.02987	0.21205	0.31519	0.01903	0.11848	0.02335	0.02710	0.01452	0.01771	0.01196	0.00906	0.00992	0.00245	0.08413	0.00648	0.00476	0.01129
9	0.01029	0.00739	0.00950	0.01110	0.01170	0.00689	0.00735	0.01164	0.01576	0.02081	0.04668	0.59530	0.09580	0.09121	0.01359	0.00378	0.00509	0.02207	0.00745	0.00660
10	0.01044	0.00747	0.00992	0.01135	0.01212	0.00696	0.00774	0.01236	0.01738	0.02355	0.16298	0.57876	0.05948	0.02428	0.01045	0.00323	0.00465	0.02196	0.00799	0.00696
11	0.01187	0.00890	0.01335	0.01335	0.01483	0.01038	0.01038	0.01483	0.01335	0.01928	0.02225	0.03264	0.02077	0.06231	0.67512	0.01335	0.02225	0.00890	0.00445	0.00742
12	0.02168	0.64864	0.10326	0.01512	0.02273	0.03157	0.01580	0.02501	0.01694	0.02020	0.01187	0.01373	0.01065	0.00718	0.00558	0.00186	0.00921	0.00461	0.00355	0.01082

[dist]
# distance from previous block
# <min> <max>
2	12

[block]
# block no. 1 follows, 22 sequences, length 21
# corresponding to MSA columns:
# 25-45
name=unknown_B
#
# <colnr> <probs for GDERKNQSTAVLIFYWHMCP>
#	G	D	E	R	K	N	Q	S	T	A	V	L	I	F	Y	W	H	M	C	P
0	0.02104	0.57220	0.17416	0.01620	0.02440	0.03002	0.01768	0.02518	0.01702	0.02097	0.01226	0.01421	0.01063	0.00727	0.00587	0.00196	0.00960	0.00480	0.00354	0.01100
1	0.02721	0.07527	0.02301	0.01959	0.02356	0.52181	0.01497	0.02953	0.02139	0.02010	0.01438	0.01791	0.01242	0.01768	0.12179	0.00404	0.01586	0.00590	0.00427	0.00931
2	0.01187	0.00890	0.01335	0.01335	0.01483	0.01038	0.01038	0.01483	0.01335	0.01928	0.02225	0.03264	0.02077	0.06231	0.67512	0.01335	0.02225	0.00890	0.00445	0.00742
3	0.02331	0.62947	0.04105	0.01511	0.02186	0.11252	0.01444	0.02591	0.01771	0.01964	0.01171	0.01353	0.01067	0.00729	0.00560	0.00182	0.00964	0.00455	0.00364	0.01053
4	0.01797	0.20115	0.51830	0.02144	0.03250	0.02250	0.02680	0.02597	0.01738	0.02471	0.01412	0.01654	0.01056	0.00771	0.00729	0.00243	0.01148	0.00574	0.00352	0.01190
5	0.01777	0.03604	0.46997	0.03030	0.15680	0.01958	0.10019	0.02619	0.01805	0.02651	0.01527	0.01870	0.01128	0.00769	0.00818	0.00262	0.01202	0.00682	0.00371	0.01232
6	0.02051	0.02768	0.14821	0.02156	0.02593	0.20143	0.05947	0.02447	0.01722	0.02164	0.01446	0.01981	0.01250	0.01888	0.12252	0.00456	0.21852	0.00696	0.00396	0.00972
7	0.01187	0.00890	0.01335	0.01335	0.01483	0.01038	0.01038	0.01483	0.01335	0.01928	0.02225	0.03264	0.02077	0.06231	0.67512	0.01335	0.02225	0.00890	0.00445	0.00742
8	0.02630	0.01793	0.01834	0.01505	0.02002	0.06503	0.01207	0.25827	0.07324	0.14591	0.03082	0.03030	0.08473	0.01113	0.00794	0.00243	0.00748	0.00873	0.15255	0.01174
9	0.01666	0.04297	0.66500	0.02368	0.03596	0.01929	0.03069	0.02631	0.01754	0.02631	0.01491	0.01754	0.01052	0.00789	0.00789	0.00263	0.01228	0.00614	0.00351	0.01228
10	0.01202	0.00829	0.01025	0.01025	0.01066	0.00870	0.00652	0.01284	0.01243	0.01699	0.02509	0.04834	0.02759	0.52909	0.21766	0.00952	0.01199	0.01120	0.00487	0.00569
11	0.18168	0.23552	0.29167	0.01776	0.02654	0.02367	0.02000	0.06949	0.01818	0.02857	0.01355	0.01558	0.01050	0.00777	0.00656	0.00235	0.00977	0.00538	0.00423	0.01122
12	0.01518	0.01039	0.01195	0.01119	0.01257	0.01176	0.00830	0.01910	0.06122	0.02525	0.02766	0.03717	0.05596	0.18311	0.01887	0.00384	0.12320	0.00938	0.34623	0.00766
13	0.01905	0.02399	0.15551	0.03983	0.36826	0.01915	0.15116	0.02525	0.01910	0.02727	0.05687	0.02306	0.01676	0.00803	0.00859	0.00258	0.01081	0.00816	0.00434	0.01224
14	0.07224	0.03824	0.54227	0.02598	0.10795	0.01930	0.02848	0.02607	0.01745	0.02721	0.01475	0.01760	0.01072	0.00782	0.00773	0.00261	0.01156	0.00617	0.00370	0.01214
15	0.05640	0.02551	0.04964	0.09002	0.23109	0.23531	0.01909	0.06527	0.02121	0.02617	0.03823	0.06990	0.01719	0.00976	0.00807	0.00247	0.01099	0.00800	0.00486	0.01083
16	0.01858	0.01366	0.01817	0.02055	0.14031	0.01401	0.01332	0.02770	0.18225	0.09117	0.21791	0.04290	0.04004	0.01293	0.00884	0.00268	0.00634	0.05538	0.06244	0.01082
17	0.02625	0.16789	0.07669	0.02572	0.14753	0.32969	0.01857	0.06940	0.02193	0.02408	0.01375	0.01625	0.01138	0.00810	0.00729	0.00219	0.01220	0.00577	0.00432	0.01101
18	0.02236	0.01969	0.01803	0.01531	0.01988	0.12125	0.01206	0.25058	0.07470	0.03512	0.08629	0.04198	0.22042	0.01385	0.00877	0.00257	0.00794	0.01101	0.00755	0.01064
19	0.14674	0.01159	0.01339	0.01186	0.01575	0.01074	0.00908	0.02101	0.01872	0.12717	0.16251	0.20543	0.03832	0.01455	0.00826	0.00252	0.00551	0.01240	0.00742	0.15702
20	0.02287	0.02472	0.03145	0.08878	0.40722	0.19029	0.06306	0.02726	0.02000	0.02490	0.01492	0.01935	0.01233	0.00774	0.00814	0.00243	0.01157	0.00703	0.00413	0.01182

[dist]
# distance from previous block
# <min> <max>
16	77

[block]
# block no. 2 follows, 22 sequences, length 9
# corresponding to MSA columns:
# 123-131
name=unknown_C
#
# <colnr> <probs for GDERKNQSTAVLIFYWHMCP>
#	G	D	E	R	K	N	Q	S	T	A	V	L	I	F	Y	W	H	M	C	P
0	0.02258	0.16626	0.09352	0.02019	0.07998	0.12314	0.01642	0.08465	0.09162	0.05136	0.08356	0.02334	0.02040	0.00955	0.00828	0.00232	0.03497	0.00725	0.00563	0.05496
1	0.02029	0.01886	0.01922	0.01990	0.09723	0.10211	0.01362	0.09368	0.25620	0.03044	0.03743	0.09387	0.13520	0.01334	0.00872	0.00270	0.00776	0.01112	0.00717	0.01115
2	0.02064	0.02065	0.02474	0.02985	0.28450	0.12132	0.01732	0.02546	0.04854	0.02616	0.01900	0.02187	0.04334	0.00800	0.00751	0.00204	0.00904	0.00683	0.00478	0.25839
3	0.02453	0.02283	0.02748	0.03364	0.31751	0.12387	0.01965	0.20120	0.02526	0.03290	0.01904	0.07815	0.01665	0.00994	0.00834	0.00250	0.01003	0.00849	0.00567	0.01233
4	0.02408	0.03282	0.16158	0.03302	0.26533	0.29088	0.02267	0.02885	0.02054	0.02415	0.01432	0.01762	0.01159	0.00798	0.00785	0.00237	0.01249	0.00629	0.00406	0.01151
5	0.02209	0.06786	0.33192	0.02051	0.02950	0.01767	0.07449	0.05465	0.02068	0.17346	0.08584	0.02495	0.02027	0.00936	0.00824	0.00258	0.01003	0.00786	0.00592	0.01214
6	0.01449	0.05205	0.01404	0.01220	0.01458	0.09039	0.00890	0.01672	0.01850	0.02367	0.16793	0.26178	0.09826	0.09011	0.01262	0.00323	0.00649	0.01513	0.00685	0.07207
7	0.01967	0.02212	0.02912	0.02518	0.08248	0.16721	0.21371	0.02360	0.01956	0.02347	0.03223	0.03467	0.17411	0.01174	0.01097	0.00271	0.08241	0.01027	0.00504	0.00973
8	0.01856	0.09262	0.01768	0.01419	0.01770	0.23390	0.01111	0.02084	0.02008	0.02155	0.04656	0.09485	0.27742	0.01590	0.00876	0.00260	0.00865	0.06261	0.00612	0.00831

[dist]
# distance from previous block
# <min> <max>
4	19

[block]
# block no. 3 follows, 22 sequences, length 62
# corresponding to MSA columns:
# 151-212
name=unknown_D
#
# <colnr> <probs for GDERKNQSTAVLIFYWHMCP>
#	G	D	E	R	K	N	Q	S	T	A	V	L	I	F	Y	W	H	M	C	P
0	0.02437	0.02682	0.17882	0.02576	0.15361	0.05594	0.02048	0.27862	0.02716	0.03749	0.01811	0.02018	0.01350	0.00886	0.00793	0.00245	0.00990	0.00705	0.07026	0.01270
1	0.02071	0.16342	0.10989	0.03493	0.26848	0.05426	0.18034	0.02612	0.01876	0.02505	0.01490	0.01898	0.01210	0.00735	0.00798	0.00242	0.01127	0.00719	0.00396	0.01188
2	0.22504	0.16821	0.10898	0.01691	0.02305	0.21498	0.01543	0.05836	0.01918	0.02715	0.01333	0.01568	0.01087	0.01059	0.03838	0.00280	0.01112	0.00532	0.00448	0.01015
3	0.02750	0.03059	0.02250	0.02149	0.06458	0.41294	0.01543	0.14421	0.02515	0.02706	0.01905	0.11353	0.01778	0.01123	0.00814	0.00240	0.01209	0.00848	0.00553	0.01032
4	0.01903	0.01817	0.03095	0.25139	0.46780	0.01934	0.02473	0.02415	0.01819	0.02528	0.01536	0.02106	0.01250	0.00769	0.00825	0.00256	0.01025	0.00740	0.00398	0.01192
5	0.01284	0.00859	0.01184	0.01184	0.01344	0.00967	0.00915	0.01606	0.01445	0.02244	0.02356	0.03219	0.02091	0.04810	0.49445	0.01027	0.01729	0.00859	0.20682	0.00751
6	0.00982	0.00842	0.00842	0.00842	0.01122	0.00701	0.00631	0.01192	0.01894	0.02244	0.08416	0.07995	0.65285	0.02104	0.00982	0.00281	0.00421	0.01753	0.00771	0.00701
7	0.01339	0.00956	0.01339	0.01530	0.01721	0.00956	0.01339	0.01721	0.01912	0.02486	0.04399	0.09371	0.04781	0.02295	0.01147	0.00382	0.00765	0.60031	0.00765	0.00765
8	0.01012	0.00723	0.00964	0.01157	0.01205	0.00675	0.00771	0.01157	0.01591	0.02121	0.04579	0.70262	0.05495	0.02603	0.01060	0.00337	0.00482	0.02362	0.00771	0.00675
9	0.10261	0.12596	0.02581	0.01844	0.02415	0.25925	0.01499	0.26962	0.02789	0.03472	0.01538	0.01659	0.01190	0.00884	0.00728	0.00227	0.01094	0.00599	0.00588	0.01152
10	0.02066	0.01785	0.01878	0.01691	0.02160	0.02066	0.01315	0.04414	0.64121	0.03475	0.03381	0.03099	0.02536	0.01127	0.00845	0.00282	0.00657	0.00939	0.00845	0.01315
11	0.01010	0.00731	0.00956	0.01136	0.01200	0.00676	0.00762	0.01159	0.01610	0.02129	0.04827	0.66232	0.09365	0.02570	0.01055	0.00334	0.00478	0.02322	0.00771	0.00676
12	0.03103	0.03959	0.02354	0.02140	0.02568	0.67469	0.01605	0.03317	0.02354	0.02033	0.01284	0.01498	0.01070	0.00856	0.00749	0.00214	0.01498	0.00535	0.00428	0.00963
13	0.01030	0.00843	0.00908	0.00892	0.01152	0.00722	0.00669	0.01285	0.02007	0.02513	0.22470	0.07552	0.51063	0.02004	0.00981	0.00276	0.00414	0.01691	0.00807	0.00722
14	0.01012	0.00723	0.00964	0.01157	0.01205	0.00675	0.00771	0.01157	0.01591	0.02121	0.04579	0.70262	0.05495	0.02603	0.01060	0.00337	0.00482	0.02362	0.00771	0.00675
15	0.01176	0.00849	0.01110	0.01045	0.01241	0.00784	0.00784	0.01568	0.02352	0.03331	0.65184	0.06206	0.07839	0.01698	0.00980	0.00261	0.00392	0.01502	0.00914	0.00784
16	0.01012	0.00723	0.00964	0.01157	0.01205	0.00675	0.00771	0.01157	0.01591	0.02121	0.04579	0.70262	0.05495	0.02603	0.01060	0.00337	0.00482	0.02362	0.00771	0.00675
17	0.76672	0.01607	0.01221	0.01092	0.01607	0.01864	0.00900	0.02442	0.01414	0.03727	0.01157	0.01350	0.00900	0.00771	0.00514	0.00257	0.00643	0.00450	0.00514	0.00900
18	0.01818	0.01818	0.02545	0.02181	0.02181	0.02545	0.01818	0.01999	0.01272	0.01999	0.01091	0.01818	0.01091	0.01454	0.02726	0.00364	0.69284	0.00727	0.00364	0.00909
19	0.00982	0.00842	0.00842	0.00842	0.01122	0.00701	0.00631	0.01192	0.01894	0.02244	0.08416	0.07995	0.65285	0.02104	0.00982	0.00281	0.00421	0.01753	0.00771	0.00701
20	0.02221	0.71304	0.04353	0.01421	0.02132	0.03287	0.01421	0.02488	0.01688	0.01955	0.01155	0.01333	0.01066	0.00711	0.00533	0.00178	0.00888	0.00444	0.00355	0.01066
21	0.03727	0.01414	0.01928	0.01478	0.02121	0.01221	0.01221	0.04049	0.02378	0.66198	0.03277	0.02828	0.02056	0.01028	0.00835	0.00257	0.00707	0.00835	0.01028	0.01414
22	0.76672	0.01607	0.01221	0.01092	0.01607	0.01864	0.00900	0.02442	0.01414	0.03727	0.01157	0.01350	0.00900	0.00771	0.00514	0.00257	0.00643	0.00450	0.00514	0.00900
23	0.02056	0.01974	0.03372	0.05099	0.65622	0.01974	0.02550	0.02550	0.01892	0.02714	0.01563	0.02056	0.01316	0.00740	0.00822	0.00247	0.00987	0.00740	0.00411	0.01316
24	0.03158	0.02327	0.02493	0.01911	0.02576	0.02576	0.01579	0.62852	0.03906	0.05236	0.01995	0.01995	0.01413	0.00997	0.00831	0.00249	0.00914	0.00748	0.00831	0.01413
25	0.02066	0.01785	0.01878	0.01691	0.02160	0.02066	0.01315	0.04414	0.64121	0.03475	0.03381	0.03099	0.02536	0.01127	0.00845	0.00282	0.00657	0.00939	0.00845	0.01315
26	0.01012	0.00723	0.00964	0.01157	0.01205	0.00675	0.00771	0.01157	0.01591	0.02121	0.04579	0.70262	0.05495	0.02603	0.01060	0.00337	0.00482	0.02362	0.00771	0.00675
27	0.00983	0.00836	0.00848	0.00857	0.01126	0.00700	0.00638	0.01190	0.01879	0.02238	0.08227	0.11056	0.62346	0.02128	0.00986	0.00283	0.00424	0.01783	0.00771	0.00700
28	0.76672	0.01607	0.01221	0.01092	0.01607	0.01864	0.00900	0.02442	0.01414	0.03727	0.01157	0.01350	0.00900	0.00771	0.00514	0.00257	0.00643	0.00450	0.00514	0.00900
29	0.03727	0.01414	0.01928	0.01478	0.02121	0.01221	0.01221	0.04049	0.02378	0.66198	0.03277	0.02828	0.02056	0.01028	0.00835	0.00257	0.00707	0.00835	0.01028	0.01414
30	0.01012	0.00723	0.00964	0.01157	0.01205	0.00675	0.00771	0.01157	0.01591	0.02121	0.04579	0.70262	0.05495	0.02603	0.01060	0.00337	0.00482	0.02362	0.00771	0.00675
31	0.01012	0.00723	0.00964	0.01157	0.01205	0.00675	0.00771	0.01157	0.01591	0.02121	0.04579	0.70262	0.05495	0.02603	0.01060	0.00337	0.00482	0.02362	0.00771	0.00675
32	0.01187	0.00890	0.01335	0.01335	0.01483	0.01038	0.01038	0.01483	0.01335	0.01928	0.02225	0.03264	0.02077	0.06231	0.67512	0.01335	0.02225	0.00890	0.00445	0.00742
33	0.03103	0.03959	0.02354	0.02140	0.02568	0.67469	0.01605	0.03317	0.02354	0.02033	0.01284	0.01498	0.01070	0.00856	0.00749	0.00214	0.01498	0.00535	0.00428	0.00963
34	0.01012	0.00723	0.00964	0.01157	0.01205	0.00675	0.00771	0.01157	0.01591	0.02121	0.04579	0.70262	0.05495	0.02603	0.01060	0.00337	0.00482	0.02362	0.00771	0.00675
35	0.03115	0.03599	0.02385	0.02090	0.02570	0.53143	0.01599	0.16461	0.02697	0.02740	0.01441	0.01608	0.01146	0.00887	0.00767	0.00222	0.01369	0.00582	0.00517	0.01062
36	0.01187	0.00890	0.01335	0.01335	0.01483	0.01038	0.01038	0.01483	0.01335	0.01928	0.02225	0.03264	0.02077	0.06231	0.67512	0.01335	0.02225	0.00890	0.00445	0.00742
37	0.01176	0.00849	0.01110	0.01045	0.01241	0.00784	0.00784	0.01568	0.02352	0.03331	0.65184	0.06206	0.07839	0.01698	0.00980	0.00261	0.00392	0.01502	0.00914	0.00784
38	0.02957	0.02591	0.02333	0.01908	0.02467	0.18010	0.01521	0.41957	0.06071	0.04187	0.02053	0.06344	0.01645	0.01073	0.00827	0.00248	0.01015	0.00810	0.00731	0.01253
39	0.01799	0.20384	0.51580	0.02141	0.03244	0.02255	0.02674	0.02596	0.01738	0.02468	0.01410	0.01653	0.01056	0.00770	0.00728	0.00243	0.01146	0.00573	0.00352	0.01189
40	0.01961	0.02241	0.04902	0.03501	0.04342	0.02101	0.62605	0.02661	0.01961	0.02661	0.01681	0.02241	0.01261	0.00700	0.00980	0.00280	0.01401	0.00980	0.00420	0.01120
41	0.01873	0.01580	0.01723	0.01616	0.02024	0.01787	0.01284	0.03740	0.49185	0.03225	0.03835	0.04533	0.06227	0.01398	0.00909	0.00301	0.00665	0.12090	0.00826	0.01180
42	0.01053	0.00805	0.00966	0.01008	0.01187	0.00719	0.00725	0.01299	0.01939	0.02546	0.25022	0.27738	0.27717	0.02139	0.01007	0.00293	0.00432	0.01873	0.00816	0.00719
43	0.02056	0.01974	0.03372	0.05099	0.65622	0.01974	0.02550	0.02550	0.01892	0.02714	0.01563	0.02056	0.01316	0.00740	0.00822	0.00247	0.00987	0.00740	0.00411	0.01316
44	0.02056	0.01974	0.03372	0.05099	0.65622	0.01974	0.02550	0.02550	0.01892	0.02714	0.01563	0.02056	0.01316	0.00740	0.00822	0.00247	0.00987	0.00740	0.00411	0.01316
45	0.01187	0.00890	0.01335	0.01335	0.01483	0.01038	0.01038	0.01483	0.01335	0.01928	0.02225	0.03264	0.02077	0.06231	0.67512	0.01335	0.02225	0.00890	0.00445	0.00742
46	0.01666	0.04297	0.66500	0.02368	0.03596	0.01929	0.03069	0.02631	0.01754	0.02631	0.01491	0.01754	0.01052	0.00789	0.00789	0.00263	0.01228	0.00614	0.00351	0.01228
47	0.01994	0.02109	0.02973	0.08519	0.12071	0.09566	0.10538	0.02330	0.01614	0.02211	0.01297	0.01911	0.01147	0.01123	0.01819	0.00311	0.36331	0.00744	0.00386	0.01005
48	0.01119	0.00847	0.01032	0.00985	0.01206	0.00760	0.00739	0.01458	0.02217	0.03013	0.48537	0.06730	0.24684	0.01817	0.00980	0.00267	0.00400	0.01576	0.00873	0.00760
49	0.01614	0.01523	0.02574	0.62851	0.11323	0.01858	0.02330	0.02162	0.01683	0.02178	0.01485	0.02200	0.01127	0.00822	0.00830	0.00274	0.01096	0.00738	0.00373	0.00960
50	0.01666	0.04297	0.66500	0.02368	0.03596	0.01929	0.03069	0.02631	0.01754	0.02631	0.01491	0.01754	0.01052	0.00789	0.00789	0.00263	0.01228	0.00614	0.00351	0.01228
51	0.03158	0.02327	0.02493	0.01911	0.02576	0.02576	0.01579	0.62852	0.03906	0.05236	0.01995	0.01995	0.01413	0.00997	0.00831	0.00249	0.00914	0.00748	0.00831	0.01413
52	0.03208	0.01860	0.02134	0.01653	0.02266	0.01931	0.01360	0.36466	0.03166	0.26485	0.02513	0.02391	0.01706	0.01005	0.00809	0.00247	0.00792	0.00781	0.07874	0.01353
53	0.02056	0.01974	0.03372	0.05099	0.65622	0.01974	0.02550	0.02550	0.01892	0.02714	0.01563	0.02056	0.01316	0.00740	0.00822	0.00247	0.00987	0.00740	0.00411	0.01316
54	0.01188	0.00885	0.01307	0.01307	0.01446	0.01023	0.01004	0.01466	0.01327	0.01908	0.02251	0.03404	0.02138	0.10410	0.63416	0.01301	0.02133	0.00911	0.00449	0.00726
55	0.02066	0.01785	0.01878	0.01691	0.02160	0.02066	0.01315	0.04414	0.64121	0.03475	0.03381	0.03099	0.02536	0.01127	0.00845	0.00282	0.00657	0.00939	0.00845	0.01315
56	0.01195	0.00856	0.01160	0.01160	0.01248	0.00943	0.00820	0.01371	0.01283	0.01799	0.02385	0.04150	0.02462	0.32581	0.41688	0.01119	0.01646	0.01020	0.00469	0.00644
57	0.00982	0.00842	0.00842	0.00842	0.01122	0.00701	0.00631	0.01192	0.01894	0.02244	0.08416	0.07995	0.65285	0.02104	0.00982	0.00281	0.00421	0.01753	0.00771	0.00701
58	0.01012	0.00723	0.00964	0.01157	0.01205	0.00675	0.00771	0.01157	0.01591	0.02121	0.04579	0.70262	0.05495	0.02603	0.01060	0.00337	0.00482	0.02362	0.00771	0.00675
59	0.02221	0.71304	0.04353	0.01421	0.02132	0.03287	0.01421	0.02488	0.01688	0.01955	0.01155	0.01333	0.01066	0.00711	0.00533	0.00178	0.00888	0.00444	0.00355	0.01066
60	0.01666	0.04297	0.66500	0.02368	0.03596	0.01929	0.03069	0.02631	0.01754	0.02631	0.01491	0.01754	0.01052	0.00789	0.00789	0.00263	0.01228	0.00614	0.00351	0.01228
61	0.01696	0.07859	0.63197	0.02317	0.03518	0.02001	0.02982	0.02623	0.01750	0.02595	0.01473	0.01732	0.01053	0.00785	0.00776	0.00259	0.01210	0.00605	0.00351	0.01219

[dist]
# distance from previous block
# <min> <max>
0	1

[block]
# block no. 4 follows, 22 sequences, length 36
# corresponding to MSA columns:
# 214-249
name=unknown_E
#
# <colnr> <probs for GDERKNQSTAVLIFYWHMCP>
#	G	D	E	R	K	N	Q	S	T	A	V	L	I	F	Y	W	H	M	C	P
0	0.02163	0.64258	0.10889	0.01521	0.02286	0.03144	0.01595	0.02503	0.01695	0.02026	0.01190	0.01377	0.01065	0.00719	0.00560	0.00187	0.00924	0.00462	0.00355	0.01083
1	0.01666	0.04297	0.66500	0.02368	0.03596	0.01929	0.03069	0.02631	0.01754	0.02631	0.01491	0.01754	0.01052	0.00789	0.00789	0.00263	0.01228	0.00614	0.00351	0.01228
2	0.01569	0.01477	0.02492	0.68808	0.05722	0.01846	0.02307	0.02123	0.01661	0.02123	0.01477	0.02215	0.01107	0.00831	0.00831	0.00277	0.01107	0.00738	0.00369	0.00923
3	0.01666	0.04297	0.66500	0.02368	0.03596	0.01929	0.03069	0.02631	0.01754	0.02631	0.01491	0.01754	0.01052	0.00789	0.00789	0.00263	0.01228	0.00614	0.00351	0.01228
4	0.01569	0.01477	0.02492	0.68808	0.05722	0.01846	0.02307	0.02123	0.01661	0.02123	0.01477	0.02215	0.01107	0.00831	0.00831	0.00277	0.01107	0.00738	0.00369	0.00923
5	0.03103	0.03959	0.02354	0.02140	0.02568	0.67469	0.01605	0.03317	0.02354	0.02033	0.01284	0.01498	0.01070	0.00856	0.00749	0.00214	0.01498	0.00535	0.00428	0.00963
6	0.00982	0.00842	0.00842	0.00842	0.01122	0.00701	0.00631	0.01192	0.01894	0.02244	0.08416	0.07995	0.65285	0.02104	0.00982	0.00281	0.00421	0.01753	0.00771	0.00701
7	0.02066	0.01785	0.01878	0.01691	0.02160	0.02066	0.01315	0.04414	0.64121	0.03475	0.03381	0.03099	0.02536	0.01127	0.00845	0.00282	0.00657	0.00939	0.00845	0.01315
8	0.01012	0.00723	0.00964	0.01157	0.01205	0.00675	0.00771	0.01157	0.01591	0.02121	0.04579	0.70262	0.05495	0.02603	0.01060	0.00337	0.00482	0.02362	0.00771	0.00675
9	0.01208	0.00805	0.00906	0.00906	0.00906	0.00805	0.00503	0.01208	0.01208	0.01611	0.02618	0.05436	0.03020	0.70804	0.04228	0.00805	0.00805	0.01208	0.00503	0.00503
10	0.03103	0.03959	0.02354	0.02140	0.02568	0.67469	0.01605	0.03317	0.02354	0.02033	0.01284	0.01498	0.01070	0.00856	0.00749	0.00214	0.01498	0.00535	0.00428	0.00963
11	0.02056	0.01974	0.03372	0.05099	0.65622	0.01974	0.02550	0.02550	0.01892	0.02714	0.01563	0.02056	0.01316	0.00740	0.00822	0.00247	0.00987	0.00740	0.00411	0.01316
12	0.01808	0.01721	0.02924	0.37501	0.35157	0.01909	0.02426	0.02332	0.01774	0.02413	0.01519	0.02137	0.01210	0.00786	0.00827	0.00262	0.01048	0.00739	0.00390	0.01116
13	0.02056	0.01974	0.03372	0.05099	0.65622	0.01974	0.02550	0.02550	0.01892	0.02714	0.01563	0.02056	0.01316	0.00740	0.00822	0.00247	0.00987	0.00740	0.00411	0.01316
14	0.01710	0.07560	0.60114	0.02380	0.03561	0.02007	0.06137	0.02625	0.01762	0.02598	0.01484	0.01758	0.01064	0.00781	0.00786	0.00260	0.01220	0.00625	0.00355	0.01214
15	0.01198	0.00801	0.00909	0.00919	0.00922	0.00798	0.00518	0.01205	0.01228	0.01638	0.02722	0.08891	0.03152	0.67170	0.04059	0.00780	0.00788	0.01270	0.00518	0.00513
16	0.01196	0.00853	0.01148	0.01148	0.01232	0.00937	0.00806	0.01364	0.01280	0.01790	0.02396	0.04209	0.02487	0.34337	0.39967	0.01105	0.01607	0.01028	0.00470	0.00638
17	0.01048	0.00844	0.00933	0.00911	0.01163	0.00729	0.00683	0.01320	0.02049	0.02614	0.27736	0.07386	0.45734	0.01966	0.00981	0.00274	0.00411	0.01668	0.00820	0.00729
18	0.01192	0.00869	0.01228	0.01228	0.01339	0.00980	0.00904	0.01415	0.01303	0.01849	0.02323	0.03808	0.02313	0.22395	0.51670	0.01203	0.01870	0.00970	0.00460	0.00682
19	0.01187	0.00890	0.01335	0.01335	0.01483	0.01038	0.01038	0.01483	0.01335	0.01928	0.02225	0.03264	0.02077	0.06231	0.67512	0.01335	0.02225	0.00890	0.00445	0.00742
20	0.02066	0.01785	0.01878	0.01691	0.02160	0.02066	0.01315	0.04414	0.64121	0.03475	0.03381	0.03099	0.02536	0.01127	0.00845	0.00282	0.00657	0.00939	0.00845	0.01315
21	0.02318	0.02471	0.03117	0.04358	0.49838	0.18369	0.02313	0.02742	0.02007	0.02544	0.01493	0.01916	0.01254	0.00769	0.00804	0.00239	0.01115	0.00689	0.00415	0.01228
22	0.19609	0.19601	0.05457	0.01713	0.02267	0.30438	0.01450	0.02944	0.05284	0.02507	0.01346	0.01522	0.01108	0.00813	0.00650	0.00221	0.01097	0.00519	0.00449	0.01004
23	0.02039	0.49316	0.24746	0.01732	0.02612	0.02842	0.01962	0.02535	0.01710	0.02176	0.01265	0.01471	0.01062	0.00737	0.00617	0.00206	0.01000	0.00500	0.00354	0.01119
24	0.01012	0.00809	0.00910	0.00984	0.01183	0.00707	0.00717	0.01211	0.01795	0.02217	0.06928	0.28506	0.42224	0.02278	0.01017	0.00305	0.00460	0.05268	0.00771	0.00696
25	0.02120	0.02666	0.17892	0.03178	0.25665	0.08523	0.05016	0.11531	0.02197	0.02946	0.02122	0.05361	0.05146	0.00964	0.00836	0.00255	0.01048	0.00834	0.00499	0.01200
26	0.01749	0.02143	0.10213	0.02880	0.03565	0.01847	0.41752	0.02343	0.01832	0.02520	0.02160	0.14662	0.02007	0.01102	0.01077	0.00294	0.05158	0.01183	0.00474	0.01037
27	0.03585	0.01642	0.02069	0.01587	0.02235	0.01560	0.01311	0.18769	0.02760	0.50937	0.02956	0.02619	0.01895	0.01020	0.00834	0.00255	0.00759	0.00814	0.00979	0.01414
28	0.01192	0.00869	0.01228	0.01228	0.01339	0.00980	0.00904	0.01415	0.01303	0.01849	0.02323	0.03808	0.02313	0.22395	0.51670	0.01203	0.01870	0.00970	0.00460	0.00682
29	0.05157	0.17460	0.02335	0.01586	0.01978	0.23452	0.01280	0.05538	0.01964	0.02404	0.01881	0.09059	0.01755	0.01342	0.04290	0.00286	0.05006	0.00780	0.11515	0.00933
30	0.01573	0.18749	0.02362	0.20026	0.02761	0.01863	0.01425	0.01895	0.01687	0.02148	0.03390	0.07442	0.17977	0.01305	0.00995	0.00261	0.07972	0.01022	0.04268	0.00878
31	0.01162	0.00890	0.01078	0.01087	0.01301	0.00831	0.00825	0.01570	0.05285	0.02780	0.31393	0.15385	0.23268	0.01967	0.01002	0.00291	0.00465	0.07813	0.00835	0.00772
32	0.01261	0.00977	0.01263	0.06241	0.01724	0.00989	0.01019	0.01788	0.08723	0.02677	0.21663	0.24419	0.11421	0.01958	0.01002	0.00306	0.00558	0.10410	0.00789	0.00810
33	0.09701	0.03157	0.02165	0.05540	0.02540	0.45581	0.01518	0.08060	0.02259	0.02459	0.01438	0.01743	0.01187	0.01400	0.07463	0.00337	0.01421	0.00592	0.00469	0.00971
34	0.02448	0.02942	0.14062	0.02171	0.06287	0.20186	0.01830	0.12723	0.22661	0.03150	0.02134	0.02178	0.01614	0.00948	0.00805	0.00253	0.01053	0.00727	0.00612	0.01217
35	0.02125	0.02855	0.16282	0.03356	0.21260	0.13983	0.18863	0.02713	0.01959	0.02557	0.01525	0.01925	0.01198	0.00754	0.00834	0.00247	0.01223	0.00729	0.00409	0.05204

[dist]
# distance from previous block
# <min> <max>
0	41

[block]
# block no. 5 follows, 22 sequences, length 143
# corresponding to MSA columns:
# 291-433
name=unknown_F
#
# <colnr> <probs for GDERKNQSTAVLIFYWHMCP>
#	G	D	E	R	K	N	Q	S	T	A	V	L	I	F	Y	W	H	M	C	P
0	0.02190	0.10706	0.11871	0.02513	0.15224	0.20456	0.01870	0.05510	0.01963	0.02384	0.01583	0.02016	0.01340	0.01916	0.14447	0.00455	0.01405	0.00661	0.00428	0.01061
1	0.02199	0.02199	0.12949	0.01705	0.02293	0.04739	0.01557	0.20563	0.13017	0.06619	0.19542	0.03311	0.03319	0.01171	0.00864	0.00259	0.00798	0.00959	0.00765	0.01172
2	0.02245	0.06061	0.01849	0.01591	0.01936	0.26252	0.01233	0.07910	0.05014	0.02651	0.02468	0.12090	0.02335	0.01270	0.00795	0.00247	0.00941	0.06427	0.15757	0.00929
3	0.01913	0.02847	0.25016	0.03181	0.23067	0.05731	0.02476	0.02468	0.01698	0.02450	0.01392	0.01854	0.01149	0.00961	0.01333	0.00283	0.19969	0.00681	0.00378	0.01153
4	0.09228	0.02648	0.01880	0.01668	0.02100	0.35893	0.01276	0.02864	0.02100	0.08201	0.05187	0.02138	0.01690	0.01198	0.04422	0.00276	0.01143	0.00647	0.07797	0.07644
5	0.01268	0.01059	0.01138	0.00994	0.01392	0.00890	0.00766	0.04442	0.01979	0.02556	0.09657	0.06177	0.44425	0.01689	0.00891	0.00242	0.00488	0.01404	0.00719	0.17825
6	0.01368	0.01151	0.01660	0.01556	0.01655	0.01458	0.01235	0.01618	0.01311	0.01934	0.01920	0.02954	0.01840	0.07950	0.45980	0.01032	0.21316	0.00859	0.00425	0.00778
7	0.01362	0.01117	0.01241	0.01197	0.01502	0.01125	0.00933	0.02220	0.19183	0.02835	0.18209	0.06434	0.29190	0.01773	0.00963	0.00289	0.00520	0.08192	0.00820	0.00895
8	0.02578	0.44080	0.03545	0.01712	0.02308	0.29233	0.01496	0.02823	0.01957	0.01986	0.01207	0.01400	0.01068	0.00769	0.00620	0.00192	0.01135	0.00481	0.00385	0.01024
9	0.01874	0.01788	0.03043	0.28933	0.43213	0.01926	0.02459	0.02390	0.01805	0.02493	0.01530	0.02115	0.01238	0.00774	0.00825	0.00258	0.01032	0.00739	0.00395	0.01169
10	0.06707	0.02676	0.02404	0.02348	0.10018	0.26768	0.04962	0.07063	0.22792	0.02914	0.02070	0.02158	0.01607	0.00927	0.00794	0.00249	0.01070	0.00726	0.00593	0.01154
11	0.01094	0.00931	0.00956	0.00948	0.01241	0.00834	0.00724	0.01503	0.07448	0.02365	0.07788	0.07619	0.56998	0.02025	0.00977	0.00285	0.00457	0.04269	0.00778	0.00759
12	0.01208	0.00805	0.00906	0.00906	0.00906	0.00805	0.00503	0.01208	0.01208	0.01611	0.02618	0.05436	0.03020	0.70804	0.04228	0.00805	0.00805	0.01208	0.00503	0.00503
13	0.02050	0.09296	0.42697	0.02065	0.03054	0.01972	0.02414	0.03079	0.11323	0.11188	0.01988	0.02066	0.01413	0.00866	0.00782	0.00258	0.01042	0.00678	0.00517	0.01252
14	0.02314	0.59147	0.06983	0.01562	0.02259	0.11833	0.01523	0.02606	0.01780	0.01997	0.01188	0.01374	0.01066	0.00734	0.00574	0.00187	0.00986	0.00464	0.00365	0.01060
15	0.01151	0.00781	0.00923	0.00979	0.00993	0.00767	0.00582	0.01193	0.01320	0.01760	0.03190	0.24361	0.03743	0.50894	0.03303	0.00669	0.00711	0.01545	0.00582	0.00553
16	0.01187	0.00890	0.01335	0.01335	0.01483	0.01038	0.01038	0.01483	0.01335	0.01928	0.02225	0.03264	0.02077	0.06231	0.67512	0.01335	0.02225	0.00890	0.00445	0.00742
17	0.02056	0.01974	0.03372	0.05099	0.65622	0.01974	0.02550	0.02550	0.01892	0.02714	0.01563	0.02056	0.01316	0.00740	0.00822	0.00247	0.00987	0.00740	0.00411	0.01316
18	0.02092	0.02264	0.02633	0.37445	0.17020	0.20003	0.02162	0.02539	0.01899	0.02218	0.01441	0.01985	0.01139	0.00819	0.00806	0.00253	0.01191	0.00683	0.00394	0.01014
19	0.02293	0.02485	0.03202	0.07402	0.40875	0.18869	0.07653	0.02736	0.02005	0.02504	0.01497	0.01937	0.01237	0.00771	0.00818	0.00243	0.01162	0.00709	0.00414	0.01188
20	0.01368	0.01121	0.01330	0.01357	0.05030	0.01116	0.00957	0.02153	0.16143	0.03002	0.30568	0.05809	0.23558	0.01637	0.00941	0.00271	0.00494	0.01408	0.00828	0.00909
21	0.01001	0.00836	0.00872	0.00876	0.01137	0.00708	0.00652	0.01225	0.01921	0.02338	0.13426	0.10885	0.57092	0.02091	0.00986	0.00282	0.00421	0.01760	0.00785	0.00708
22	0.01818	0.01818	0.02545	0.02181	0.02181	0.02545	0.01818	0.01999	0.01272	0.01999	0.01091	0.01818	0.01091	0.01454	0.02726	0.00364	0.69284	0.00727	0.00364	0.00909
23	0.02685	0.20042	0.03104	0.02493	0.15241	0.19249	0.01743	0.20186	0.02542	0.03078	0.01514	0.01713	0.01218	0.00837	0.00733	0.00222	0.01072	0.00615	0.00523	0.01191
24	0.02221	0.71304	0.04353	0.01421	0.02132	0.03287	0.01421	0.02488	0.01688	0.01955	0.01155	0.01333	0.01066	0.00711	0.00533	0.00178	0.00888	0.00444	0.00355	0.01066
25	0.01103	0.00846	0.01010	0.00969	0.01197	0.00753	0.00727	0.01427	0.02180	0.02925	0.43947	0.06875	0.29329	0.01850	0.00981	0.00268	0.00403	0.01596	0.00861	0.00753
26	0.01111	0.00860	0.01068	0.01092	0.01260	0.00817	0.00808	0.01371	0.01938	0.02585	0.26538	0.24937	0.22815	0.02084	0.01090	0.00298	0.03595	0.04194	0.00802	0.00735
27	0.01436	0.00785	0.00818	0.00818	0.00947	0.00785	0.00555	0.01695	0.01565	0.02604	0.02679	0.03873	0.02425	0.24118	0.01790	0.00396	0.00526	0.00918	0.50583	0.00684
28	0.01097	0.00785	0.00912	0.00976	0.01049	0.00741	0.00618	0.01188	0.01475	0.01910	0.04457	0.27450	0.16616	0.34101	0.02512	0.00543	0.00619	0.01702	0.00647	0.00601
29	0.01669	0.01579	0.02672	0.55736	0.18012	0.01872	0.02357	0.02210	0.01708	0.02244	0.01494	0.02182	0.01150	0.00812	0.00829	0.00271	0.01083	0.00739	0.00378	0.01003
30	0.02056	0.01974	0.03372	0.05099	0.65622	0.01974	0.02550	0.02550	0.01892	0.02714	0.01563	0.02056	0.01316	0.00740	0.00822	0.00247	0.00987	0.00740	0.00411	0.01316
31	0.01077	0.00845	0.00973	0.00941	0.01180	0.00742	0.00706	0.01376	0.02118	0.02776	0.36206	0.07119	0.37163	0.01905	0.00981	0.00271	0.00407	0.01630	0.00841	0.00742
32	0.03103	0.03959	0.02354	0.02140	0.02568	0.67469	0.01605	0.03317	0.02354	0.02033	0.01284	0.01498	0.01070	0.00856	0.00749	0.00214	0.01498	0.00535	0.00428	0.00963
33	0.00982	0.00842	0.00842	0.00842	0.01122	0.00701	0.00631	0.01192	0.01894	0.02244	0.08416	0.07995	0.65285	0.02104	0.00982	0.00281	0.00421	0.01753	0.00771	0.00701
34	0.01208	0.00805	0.00906	0.00906	0.00906	0.00805	0.00503	0.01208	0.01208	0.01611	0.02618	0.05436	0.03020	0.70804	0.04228	0.00805	0.00805	0.01208	0.00503	0.00503
35	0.02221	0.71304	0.04353	0.01421	0.02132	0.03287	0.01421	0.02488	0.01688	0.01955	0.01155	0.01333	0.01066	0.00711	0.00533	0.00178	0.00888	0.00444	0.00355	0.01066
36	0.02066	0.01785	0.01878	0.01691	0.02160	0.02066	0.01315	0.04414	0.64121	0.03475	0.03381	0.03099	0.02536	0.01127	0.00845	0.00282	0.00657	0.00939	0.00845	0.01315
37	0.01723	0.01477	0.01723	0.01230	0.01969	0.01107	0.00984	0.02092	0.01723	0.02707	0.01477	0.01723	0.01230	0.00615	0.00615	0.00123	0.00615	0.00492	0.00492	0.75883
38	0.76672	0.01607	0.01221	0.01092	0.01607	0.01864	0.00900	0.02442	0.01414	0.03727	0.01157	0.01350	0.00900	0.00771	0.00514	0.00257	0.00643	0.00450	0.00514	0.00900
39	0.01818	0.01818	0.02545	0.02181	0.02181	0.02545	0.01818	0.01999	0.01272	0.01999	0.01091	0.01818	0.01091	0.01454	0.02726	0.00364	0.69284	0.00727	0.00364	0.00909
40	0.03061	0.07481	0.02481	0.02073	0.02545	0.56167	0.01592	0.10391	0.02503	0.02412	0.01362	0.01548	0.01111	0.00865	0.00747	0.00216	0.01395	0.00555	0.00472	0.01023
41	0.01666	0.04297	0.66500	0.02368	0.03596	0.01929	0.03069	0.02631	0.01754	0.02631	0.01491	0.01754	0.01052	0.00789	0.00789	0.00263	0.01228	0.00614	0.00351	0.01228
42	0.01012	0.00723	0.00964	0.01157	0.01205	0.00675	0.00771	0.01157	0.01591	0.02121	0.04579	0.70262	0.05495	0.02603	0.01060	0.00337	0.00482	0.02362	0.00771	0.00675
43	0.01165	0.00849	0.01096	0.01034	0.01235	0.00779	0.00775	0.01547	0.02326	0.03271	0.62037	0.06305	0.11023	0.01721	0.00980	0.00262	0.00394	0.01516	0.00907	0.00779
44	0.02688	0.03120	0.02207	0.01993	0.02412	0.42190	0.01521	0.03608	0.22769	0.02509	0.01969	0.02047	0.01557	0.00979	0.00891	0.00245	0.04977	0.00680	0.00563	0.01077
45	0.03103	0.03959	0.02354	0.02140	0.02568	0.67469	0.01605	0.03317	0.02354	0.02033	0.01284	0.01498	0.01070	0.00856	0.00749	0.00214	0.01498	0.00535	0.00428	0.00963
46	0.01012	0.00723	0.00964	0.01157	0.01205	0.00675	0.00771	0.01157	0.01591	0.02121	0.04579	0.70262	0.05495	0.02603	0.01060	0.00337	0.00482	0.02362	0.00771	0.00675
47	0.01734	0.01700	0.02382	0.02072	0.02083	0.02348	0.01711	0.01920	0.01295	0.02003	0.01363	0.05991	0.01409	0.01791	0.06266	0.00417	0.61403	0.00834	0.00392	0.00885
48	0.02613	0.01867	0.02046	0.01715	0.02262	0.02066	0.01369	0.19588	0.38684	0.13831	0.03003	0.02769	0.02168	0.01078	0.00840	0.00269	0.00732	0.00873	0.00870	0.01356
49	0.01501	0.00751	0.00912	0.00912	0.01019	0.00751	0.00644	0.01554	0.01447	0.02357	0.02143	0.02841	0.01822	0.01826	0.01774	0.34037	0.00537	0.00751	0.41832	0.00589
50	0.03090	0.02261	0.02420	0.01863	0.02508	0.02500	0.01537	0.60275	0.03814	0.05145	0.02025	0.02041	0.01443	0.00996	0.00820	0.00247	0.00892	0.00749	0.03986	0.01386
51	0.01208	0.00805	0.00906	0.00906	0.00906	0.00805	0.00503	0.01208	0.01208	0.01611	0.02618	0.05436	0.03020	0.70804	0.04228	0.00805	0.00805	0.01208	0.00503	0.00503
52	0.01204	0.00823	0.00994	0.00994	0.01025	0.00853	0.00613	0.01265	0.01234	0.01676	0.02537	0.04991	0.02827	0.57555	0.17213	0.00914	0.01097	0.01143	0.00491	0.00552
53	0.03727	0.01414	0.01928	0.01478	0.02121	0.01221	0.01221	0.04049	0.02378	0.66198	0.03277	0.02828	0.02056	0.01028	0.00835	0.00257	0.00707	0.00835	0.01028	0.01414
54	0.02221	0.71304	0.04353	0.01421	0.02132	0.03287	0.01421	0.02488	0.01688	0.01955	0.01155	0.01333	0.01066	0.00711	0.00533	0.00178	0.00888	0.00444	0.00355	0.01066
55	0.02029	0.01262	0.01314	0.01140	0.01481	0.01347	0.00899	0.19262	0.05413	0.03720	0.02541	0.02786	0.01947	0.00984	0.00664	0.00214	0.00549	0.00775	0.50693	0.00981
56	0.03727	0.01414	0.01928	0.01478	0.02121	0.01221	0.01221	0.04049	0.02378	0.66198	0.03277	0.02828	0.02056	0.01028	0.00835	0.00257	0.00707	0.00835	0.01028	0.01414
57	0.00982	0.00842	0.00842	0.00842	0.01122	0.00701	0.00631	0.01192	0.01894	0.02244	0.08416	0.07995	0.65285	0.02104	0.00982	0.00281	0.00421	0.01753	0.00771	0.00701
58	0.01012	0.00723	0.00964	0.01157	0.01205	0.00675	0.00771	0.01157	0.01591	0.02121	0.04579	0.70262	0.05495	0.02603	0.01060	0.00337	0.00482	0.02362	0.00771	0.00675
59	0.01157	0.00835	0.01093	0.01058	0.01237	0.00771	0.00782	0.01520	0.02263	0.03191	0.58156	0.13634	0.07567	0.01803	0.00989	0.00270	0.00402	0.01602	0.00898	0.00771
60	0.01176	0.00849	0.01110	0.01045	0.01241	0.00784	0.00784	0.01568	0.02352	0.03331	0.65184	0.06206	0.07839	0.01698	0.00980	0.00261	0.00392	0.01502	0.00914	0.00784
61	0.02221	0.71304	0.04353	0.01421	0.02132	0.03287	0.01421	0.02488	0.01688	0.01955	0.01155	0.01333	0.01066	0.00711	0.00533	0.00178	0.00888	0.00444	0.00355	0.01066
62	0.15898	0.01446	0.01810	0.01414	0.02035	0.01328	0.01167	0.03781	0.02217	0.55775	0.02924	0.02581	0.01863	0.00985	0.00782	0.00257	0.00696	0.00771	0.00942	0.01328
63	0.03051	0.03859	0.02405	0.02289	0.05744	0.64170	0.01653	0.03279	0.02331	0.02067	0.01298	0.01526	0.01082	0.00850	0.00753	0.00216	0.01472	0.00545	0.00427	0.00981
64	0.03103	0.03959	0.02354	0.02140	0.02568	0.67469	0.01605	0.03317	0.02354	0.02033	0.01284	0.01498	0.01070	0.00856	0.00749	0.00214	0.01498	0.00535	0.00428	0.00963
65	0.00991	0.00842	0.00854	0.00851	0.01127	0.00705	0.00638	0.01209	0.01914	0.02293	0.10964	0.07915	0.62706	0.02086	0.00982	0.00280	0.00419	0.01742	0.00778	0.00705
66	0.01217	0.00934	0.01393	0.01376	0.01517	0.01110	0.01076	0.01508	0.01332	0.01932	0.02171	0.03195	0.02030	0.06002	0.64418	0.01289	0.05428	0.00882	0.00441	0.00750
67	0.03026	0.03595	0.02381	0.05788	0.02743	0.54797	0.01640	0.11555	0.02532	0.02485	0.01394	0.01607	0.01120	0.00874	0.00765	0.00222	0.01395	0.00576	0.00481	0.01024
68	0.02048	0.01996	0.03501	0.04965	0.60467	0.01985	0.07601	0.02559	0.01897	0.02710	0.01573	0.02072	0.01311	0.00737	0.00836	0.00250	0.01022	0.00760	0.00412	0.01299
69	0.02056	0.01974	0.03372	0.05099	0.65622	0.01974	0.02550	0.02550	0.01892	0.02714	0.01563	0.02056	0.01316	0.00740	0.00822	0.00247	0.00987	0.00740	0.00411	0.01316
70	0.03103	0.03959	0.02354	0.02140	0.02568	0.67469	0.01605	0.03317	0.02354	0.02033	0.01284	0.01498	0.01070	0.00856	0.00749	0.00214	0.01498	0.00535	0.00428	0.00963
71	0.02221	0.71304	0.04353	0.01421	0.02132	0.03287	0.01421	0.02488	0.01688	0.01955	0.01155	0.01333	0.01066	0.00711	0.00533	0.00178	0.00888	0.00444	0.00355	0.01066
72	0.01666	0.04297	0.66500	0.02368	0.03596	0.01929	0.03069	0.02631	0.01754	0.02631	0.01491	0.01754	0.01052	0.00789	0.00789	0.00263	0.01228	0.00614	0.00351	0.01228
73	0.02066	0.01785	0.01878	0.01691	0.02160	0.02066	0.01315	0.04414	0.64121	0.03475	0.03381	0.03099	0.02536	0.01127	0.00845	0.00282	0.00657	0.00939	0.00845	0.01315
74	0.01187	0.00890	0.01335	0.01335	0.01483	0.01038	0.01038	0.01483	0.01335	0.01928	0.02225	0.03264	0.02077	0.06231	0.67512	0.01335	0.02225	0.00890	0.00445	0.00742
75	0.01625	0.01534	0.02594	0.61420	0.12668	0.01861	0.02335	0.02172	0.01688	0.02191	0.01487	0.02196	0.01132	0.00820	0.00830	0.00273	0.01093	0.00739	0.00374	0.00968
76	0.03001	0.11769	0.02586	0.02057	0.02518	0.60026	0.01584	0.03221	0.02277	0.02024	0.01269	0.01479	0.01070	0.00839	0.00724	0.00210	0.01427	0.00525	0.00420	0.00975
77	0.01144	0.00848	0.01067	0.01012	0.01222	0.00771	0.00759	0.01507	0.02277	0.03156	0.56002	0.06495	0.17131	0.01764	0.00980	0.00264	0.00397	0.01543	0.00891	0.00771
78	0.02694	0.01879	0.01998	0.01584	0.02113	0.02057	0.01291	0.45291	0.03282	0.04619	0.02201	0.02312	0.01619	0.00989	0.00759	0.00233	0.00762	0.00756	0.22333	0.01229
79	0.00982	0.00842	0.00842	0.00842	0.01122	0.00701	0.00631	0.01192	0.01894	0.02244	0.08416	0.07995	0.65285	0.02104	0.00982	0.00281	0.00421	0.01753	0.00771	0.00701
80	0.01012	0.00723	0.00964	0.01157	0.01205	0.00675	0.00771	0.01157	0.01591	0.02121	0.04579	0.70262	0.05495	0.02603	0.01060	0.00337	0.00482	0.02362	0.00771	0.00675
81	0.01983	0.02409	0.15189	0.04588	0.54011	0.01966	0.02647	0.02565	0.01866	0.02698	0.01549	0.02000	0.01267	0.00749	0.00816	0.00250	0.01032	0.00717	0.00400	0.01299
82	0.03227	0.02010	0.02285	0.01766	0.02401	0.02133	0.01456	0.43850	0.03368	0.21931	0.02359	0.02282	0.01620	0.01241	0.03826	0.00300	0.00916	0.00778	0.00868	0.01383
83	0.01176	0.00849	0.01110	0.01045	0.01241	0.00784	0.00784	0.01568	0.02352	0.03331	0.65184	0.06206	0.07839	0.01698	0.00980	0.00261	0.00392	0.01502	0.00914	0.00784
84	0.76672	0.01607	0.01221	0.01092	0.01607	0.01864	0.00900	0.02442	0.01414	0.03727	0.01157	0.01350	0.00900	0.00771	0.00514	0.00257	0.00643	0.00450	0.00514	0.00900
85	0.00982	0.00842	0.00842	0.00842	0.01122	0.00701	0.00631	0.01192	0.01894	0.02244	0.08416	0.07995	0.65285	0.02104	0.00982	0.00281	0.00421	0.01753	0.00771	0.00701
86	0.03147	0.02662	0.02465	0.01958	0.02575	0.15891	0.01584	0.50637	0.03588	0.04579	0.01849	0.01893	0.01342	0.00968	0.00814	0.00242	0.01034	0.00704	0.00748	0.01321
87	0.03103	0.03959	0.02354	0.02140	0.02568	0.67469	0.01605	0.03317	0.02354	0.02033	0.01284	0.01498	0.01070	0.00856	0.00749	0.00214	0.01498	0.00535	0.00428	0.00963
88	0.01104	0.00846	0.01011	0.00970	0.01197	0.00753	0.00727	0.01428	0.02181	0.02928	0.44097	0.06870	0.29178	0.01849	0.00981	0.00268	0.00403	0.01596	0.00861	0.00753
89	0.00982	0.00842	0.00842	0.00842	0.01122	0.00701	0.00631	0.01192	0.01894	0.02244	0.08416	0.07995	0.65285	0.02104	0.00982	0.00281	0.00421	0.01753	0.00771	0.00701
90	0.01074	0.00845	0.00970	0.00939	0.01179	0.00741	0.00704	0.01371	0.02112	0.02762	0.35447	0.07143	0.37931	0.01911	0.00981	0.00271	0.00407	0.01634	0.00840	0.00741
91	0.02022	0.01036	0.01382	0.01189	0.01533	0.00929	0.00929	0.02391	0.02360	0.24186	0.44647	0.05085	0.05920	0.01476	0.00932	0.00260	0.00496	0.01281	0.00952	0.00993
92	0.01086	0.00846	0.00986	0.00951	0.01186	0.00746	0.00713	0.01394	0.02139	0.02828	0.38883	0.07035	0.34454	0.01886	0.00981	0.00270	0.00405	0.01619	0.00848	0.00746
93	0.03103	0.03959	0.02354	0.02140	0.02568	0.67469	0.01605	0.03317	0.02354	0.02033	0.01284	0.01498	0.01070	0.00856	0.00749	0.00214	0.01498	0.00535	0.00428	0.00963
94	0.02056	0.01974	0.03372	0.05099	0.65622	0.01974	0.02550	0.02550	0.01892	0.02714	0.01563	0.02056	0.01316	0.00740	0.00822	0.00247	0.00987	0.00740	0.00411	0.01316
