[name]
unknown

[dist]
# distance from previous block
# <min> <max>
0	2

[block]
# block no. 0 follows, 22 sequences, length 10
# corresponding to MSA columns:
# 2-11
name=unknown_A
#
# <colnr> <probs for GDERKNQSTAVLIFYWHMCP>
#	G	D	E	R	K	N	Q	S	T	A	V	L	I	F	Y	W	H	M	C	P
0	0.01073	0.00848	0.00984	0.01065	0.01282	0.00758	0.00827	0.01313	0.01843	0.02280	0.06750	0.19643	0.39831	0.02241	0.01036	0.00315	0.00515	0.15915	0.00770	0.00712
1	0.01519	0.01422	0.02350	0.62980	0.05327	0.01748	0.02163	0.02043	0.01681	0.02133	0.02072	0.02710	0.06610	0.00940	0.00844	0.00277	0.01049	0.00825	0.00404	0.00904
2	0.02233	0.02048	0.02242	0.09935	0.14643	0.11620	0.01623	0.20624	0.02547	0.03198	0.03295	0.03404	0.16708	0.01175	0.00853	0.00254	0.00918	0.00956	0.00623	0.01100
3	0.42822	0.01792	0.02245	0.02146	0.10998	0.01949	0.11797	0.02777	0.10566	0.03368	0.01622	0.01851	0.01254	0.00806	0.00684	0.00263	0.00823	0.00651	0.00531	0.01055
4	0.05819	0.01091	0.01276	0.01188	0.01456	0.01186	0.00931	0.10113	0.01870	0.02855	0.02925	0.03432	0.08604	0.03257	0.28334	0.00686	0.01238	0.00903	0.21987	0.00848
5	0.01087	0.00779	0.01012	0.01140	0.01249	0.00725	0.00815	0.01265	0.01720	0.02268	0.11305	0.44078	0.13687	0.02419	0.01176	0.04642	0.00510	0.08677	0.00762	0.00682
6	0.01868	0.01800	0.03036	0.20548	0.33403	0.01901	0.09116	0.02581	0.08408	0.02614	0.02095	0.02530	0.04645	0.00869	0.00853	0.00264	0.01001	0.00840	0.00466	0.01162
7	0.10472	0.01901	0.02305	0.10456	0.20031	0.10830	0.01739	0.02328	0.01707	0.02485	0.01546	0.02082	0.01318	0.01641	0.10540	0.00407	0.09056	0.00686	0.03216	0.05250
8	0.05362	0.02172	0.02382	0.10042	0.14785	0.11096	0.01714	0.21780	0.09833	0.03440	0.02420	0.02567	0.06753	0.01008	0.00820	0.00254	0.00949	0.00810	0.00626	0.01185
9	0.02054	0.02113	0.02341	0.15820	0.13748	0.17773	0.01788	0.05803	0.01923	0.02376	0.03952	0.02311	0.01587	0.01960	0.13796	0.00466	0.08004	0.00746	0.00451	0.00987

[dist]
# distance from previous block
# <min> <max>
14	28

[block]
# block no. 1 follows, 22 sequences, length 40
# corresponding to MSA columns:
# 40-79
name=unknown_B
#
# <colnr> <probs for GDERKNQSTAVLIFYWHMCP>
#	G	D	E	R	K	N	Q	S	T	A	V	L	I	F	Y	W	H	M	C	P
0	0.09183	0.17357	0.07617	0.02354	0.14892	0.07385	0.01739	0.02860	0.01866	0.16467	0.01731	0.01909	0.01321	0.00896	0.00948	0.00247	0.08888	0.00643	0.00535	0.01163
1	0.01810	0.01487	0.01925	0.02049	0.14500	0.01418	0.01327	0.09418	0.06823	0.03172	0.14976	0.03540	0.06707	0.01107	0.00813	0.00224	0.00668	0.03122	0.03868	0.21045
2	0.02254	0.02227	0.03150	0.19053	0.20926	0.10688	0.13029	0.13153	0.02264	0.02916	0.01603	0.02043	0.01241	0.00815	0.00845	0.00256	0.01145	0.00757	0.00479	0.01158
3	0.01848	0.14447	0.02539	0.07159	0.14815	0.04279	0.01520	0.04885	0.01796	0.02414	0.02121	0.02591	0.06494	0.04346	0.08615	0.00368	0.04030	0.00750	0.00466	0.14515
4	0.02447	0.39612	0.06284	0.01615	0.02233	0.19222	0.01471	0.02740	0.01953	0.07212	0.04405	0.01984	0.03956	0.00874	0.00661	0.00205	0.01006	0.00603	0.00468	0.01049
5	0.11561	0.20169	0.05172	0.13726	0.05206	0.06165	0.04376	0.10291	0.02063	0.02860	0.06501	0.02406	0.01806	0.00936	0.00738	0.00243	0.00932	0.03296	0.00511	0.01041
6	0.22062	0.05225	0.09902	0.02004	0.09450	0.19810	0.01550	0.02563	0.01949	0.02868	0.12828	0.02397	0.02271	0.00958	0.00733	0.00242	0.00954	0.00717	0.00524	0.00991
7	0.02149	0.01864	0.02441	0.07995	0.21087	0.06634	0.04999	0.13280	0.02225	0.03143	0.01838	0.02195	0.01448	0.00831	0.00755	0.00224	0.00881	0.00717	0.15450	0.09844
8	0.01348	0.01054	0.01539	0.01630	0.06267	0.01229	0.01158	0.01632	0.01392	0.02062	0.02123	0.03170	0.01991	0.09740	0.45754	0.01023	0.08960	0.00876	0.06265	0.00787
9	0.02034	0.20491	0.02753	0.06235	0.14867	0.12320	0.01564	0.05697	0.01965	0.02364	0.02718	0.02949	0.12802	0.01455	0.06094	0.00318	0.01041	0.00824	0.00488	0.01019
10	0.02500	0.50030	0.03722	0.01649	0.02270	0.23562	0.01479	0.02750	0.01898	0.01979	0.01196	0.01385	0.01067	0.00757	0.00601	0.00189	0.01081	0.00473	0.00378	0.01034
11	0.00982	0.00842	0.00842	0.00842	0.01122	0.00701	0.00631	0.01192	0.01894	0.02244	0.08416	0.07995	0.65285	0.02104	0.00982	0.00281	0.00421	0.01753	0.00771	0.00701
12	0.05827	0.02372	0.19296	0.13818	0.21756	0.01802	0.09308	0.02350	0.01801	0.02591	0.02320	0.02678	0.08637	0.00923	0.00835	0.00264	0.01032	0.00837	0.00437	0.01112
13	0.02781	0.24700	0.03078	0.02016	0.05886	0.26715	0.01592	0.18510	0.02522	0.02879	0.01443	0.01606	0.01171	0.00841	0.00706	0.00214	0.01126	0.00573	0.00509	0.01132
14	0.01040	0.00839	0.00925	0.00914	0.01160	0.00724	0.00682	0.01301	0.02016	0.02558	0.24913	0.10005	0.45998	0.02005	0.00984	0.00277	0.00415	0.01704	0.00813	0.00724
15	0.01999	0.01916	0.03269	0.12521	0.58644	0.01959	0.02521	0.02500	0.01865	0.02645	0.01553	0.02075	0.01292	0.00751	0.00823	0.00250	0.01001	0.00740	0.00406	0.01270
16	0.02956	0.15473	0.02718	0.01989	0.02493	0.48756	0.01570	0.10109	0.02419	0.02393	0.01344	0.01527	0.01109	0.00847	0.00721	0.00212	0.01324	0.00544	0.00462	0.01033
17	0.01813	0.09044	0.44961	0.03009	0.19760	0.02050	0.02801	0.02598	0.01785	0.02599	0.01483	0.01800	0.01123	0.00770	0.00777	0.00252	0.01137	0.00633	0.00367	0.01238
18	0.05714	0.13421	0.25725	0.02508	0.15293	0.02039	0.02172	0.02951	0.06519	0.13167	0.01874	0.02008	0.01377	0.00831	0.00755	0.00247	0.00971	0.00666	0.00520	0.01242
19	0.02280	0.50327	0.11384	0.01728	0.02494	0.05185	0.06496	0.02665	0.01793	0.06901	0.01400	0.01572	0.01154	0.00748	0.00629	0.00203	0.00977	0.00539	0.00413	0.01112
20	0.01034	0.00732	0.00957	0.01128	0.01171	0.00690	0.00741	0.01163	0.01547	0.02063	0.04357	0.62930	0.05215	0.10317	0.01419	0.00390	0.00519	0.02231	0.00741	0.00655
21	0.02194	0.02670	0.13201	0.15263	0.27707	0.14517	0.02332	0.07453	0.02077	0.02666	0.01517	0.01924	0.01196	0.00807	0.00805	0.00249	0.01140	0.00681	0.00431	0.01171
22	0.02318	0.02388	0.02520	0.03052	0.26553	0.21461	0.01812	0.09568	0.02171	0.02646	0.01930	0.02410	0.04010	0.04582	0.08609	0.00388	0.01243	0.00759	0.00488	0.01095
23	0.01208	0.00805	0.00906	0.00906	0.00906	0.00805	0.00503	0.01208	0.01208	0.01611	0.02618	0.05436	0.03020	0.70804	0.04228	0.00805	0.00805	0.01208	0.00503	0.00503
24	0.01195	0.00859	0.01179	0.01179	0.01274	0.00954	0.00844	0.01384	0.01289	0.01813	0.02368	0.04052	0.02419	0.29654	0.44557	0.01143	0.01710	0.01005	0.00466	0.00655
25	0.01244	0.00895	0.01153	0.01220	0.01331	0.00916	0.00854	0.06160	0.01675	0.02265	0.03649	0.43051	0.04166	0.12030	0.14703	0.00590	0.00906	0.01790	0.00676	0.00725
26	0.01934	0.01656	0.01684	0.13421	0.02355	0.14387	0.01242	0.02149	0.01732	0.09429	0.02540	0.16353	0.02575	0.19604	0.01841	0.00417	0.04130	0.01151	0.00572	0.00829
27	0.01187	0.00890	0.01335	0.01335	0.01483	0.01038	0.01038	0.01483	0.01335	0.01928	0.02225	0.03264	0.02077	0.06231	0.67512	0.01335	0.02225	0.00890	0.00445	0.00742
28	0.06282	0.16986	0.02726	0.01908	0.02439	0.39959	0.01532	0.13873	0.02459	0.02673	0.01381	0.01548	0.01123	0.00849	0.00710	0.00215	0.01232	0.00552	0.00490	0.01062
29	0.02056	0.01974	0.03372	0.05099	0.65622	0.01974	0.02550	0.02550	0.01892	0.02714	0.01563	0.02056	0.01316	0.00740	0.00822	0.00247	0.00987	0.00740	0.00411	0.01316
30	0.02196	0.02442	0.10263	0.06988	0.30006	0.09658	0.02164	0.07817	0.14486	0.02946	0.01914	0.02167	0.01496	0.00862	0.00816	0.00254	0.01010	0.00742	0.00524	0.01250
31	0.02459	0.09448	0.14154	0.07715	0.14586	0.33036	0.02077	0.02889	0.02050	0.02265	0.01375	0.01686	0.01115	0.00808	0.00757	0.00230	0.01272	0.00594	0.00400	0.01081
32	0.01615	0.01021	0.01255	0.01173	0.01490	0.00901	0.00873	0.01951	0.04700	0.13058	0.09184	0.29531	0.16310	0.01838	0.00931	0.00276	0.00526	0.01605	0.00791	0.10972
33	0.02591	0.15939	0.02575	0.01715	0.02293	0.07751	0.01422	0.19124	0.26311	0.08199	0.02396	0.02308	0.01794	0.00981	0.00771	0.00245	0.00843	0.00750	0.00723	0.01269
34	0.02021	0.45525	0.25596	0.01832	0.02725	0.02774	0.04554	0.02544	0.01722	0.02215	0.01292	0.01515	0.01070	0.00737	0.00639	0.00211	0.01026	0.00525	0.00357	0.01124
35	0.01033	0.00788	0.00950	0.01027	0.01184	0.00705	0.00726	0.01248	0.01840	0.02396	0.17536	0.36651	0.26400	0.02258	0.01018	0.00303	0.00444	0.01988	0.00799	0.00705
36	0.01209	0.00852	0.01122	0.01188	0.01275	0.00885	0.00863	0.01390	0.01445	0.01950	0.03145	0.13245	0.03459	0.30623	0.19639	0.00794	0.01128	0.14565	0.00578	0.00644
37	0.02445	0.11260	0.02701	0.19973	0.06110	0.31896	0.01827	0.04993	0.02044	0.02195	0.01344	0.01736	0.01105	0.00876	0.00898	0.00240	0.06340	0.00610	0.00413	0.00993
38	0.02221	0.71304	0.04353	0.01421	0.02132	0.03287	0.01421	0.02488	0.01688	0.01955	0.01155	0.01333	0.01066	0.00711	0.00533	0.00178	0.00888	0.00444	0.00355	0.01066
39	0.01187	0.00890	0.01335	0.01335	0.01483	0.01038	0.01038	0.01483	0.01335	0.01928	0.02225	0.03264	0.02077	0.06231	0.67512	0.01335	0.02225	0.00890	0.00445	0.00742

[dist]
# distance from previous block
# <min> <max>
6	7

[block]
# block no. 2 follows, 22 sequences, length 35
# corresponding to MSA columns:
# 87-121
name=unknown_C
#
# <colnr> <probs for GDERKNQSTAVLIFYWHMCP>
#	G	D	E	R	K	N	Q	S	T	A	V	L	I	F	Y	W	H	M	C	P
0	0.02493	0.06792	0.02419	0.01963	0.02441	0.31112	0.06483	0.09303	0.11215	0.02677	0.02535	0.03017	0.07015	0.01110	0.00830	0.00250	0.01123	0.05598	0.00581	0.01042
1	0.01138	0.00848	0.01132	0.01216	0.01267	0.00899	0.00842	0.01281	0.01456	0.01987	0.03585	0.42670	0.04172	0.15843	0.11848	0.00578	0.06131	0.01796	0.00640	0.00671
2	0.01948	0.01984	0.03446	0.21560	0.33078	0.04654	0.16190	0.02493	0.01865	0.02517	0.01555	0.02118	0.01238	0.00760	0.00858	0.00261	0.01135	0.00786	0.00403	0.01152
3	0.17165	0.02326	0.02504	0.15843	0.24672	0.19126	0.01925	0.02647	0.01873	0.02624	0.01392	0.01799	0.01128	0.00794	0.00743	0.00246	0.01076	0.00628	0.00428	0.01064
4	0.01949	0.02479	0.17725	0.06754	0.46575	0.01963	0.02609	0.02628	0.04380	0.02703	0.01617	0.02035	0.01297	0.00771	0.00816	0.00253	0.01033	0.00719	0.00413	0.01281
5	0.01683	0.00904	0.00918	0.00870	0.01103	0.00925	0.00664	0.07041	0.01923	0.03276	0.02650	0.03005	0.02069	0.00970	0.00602	0.00198	0.00431	0.00772	0.69166	0.00828
6	0.03035	0.15167	0.02789	0.01779	0.02451	0.02583	0.01516	0.46069	0.03348	0.10293	0.01957	0.01948	0.01408	0.00946	0.00776	0.00237	0.00890	0.00699	0.00760	0.01348
7	0.05301	0.02048	0.17907	0.21845	0.12373	0.01573	0.02049	0.02067	0.01686	0.02413	0.02304	0.20195	0.02284	0.01277	0.00865	0.00284	0.00929	0.01127	0.00485	0.00987
8	0.05845	0.02707	0.07906	0.02657	0.16997	0.19242	0.01865	0.19241	0.02582	0.10435	0.01778	0.01926	0.01322	0.00878	0.00792	0.00242	0.01076	0.00677	0.00598	0.01236
9	0.01666	0.04297	0.66500	0.02368	0.03596	0.01929	0.03069	0.02631	0.01754	0.02631	0.01491	0.01754	0.01052	0.00789	0.00789	0.00263	0.01228	0.00614	0.00351	0.01228
10	0.01192	0.00873	0.01134	0.01134	0.01338	0.00814	0.00894	0.01563	0.02202	0.03022	0.45198	0.07121	0.13286	0.01878	0.01018	0.00291	0.00480	0.14924	0.00865	0.00771
11	0.01405	0.01812	0.14459	0.01904	0.11079	0.03948	0.01479	0.01794	0.01803	0.02361	0.06634	0.14824	0.22449	0.06974	0.01179	0.00321	0.00759	0.03317	0.00605	0.00893
12	0.08646	0.04047	0.60426	0.02249	0.03410	0.01923	0.02867	0.02613	0.01722	0.02733	0.01460	0.01716	0.01038	0.00788	0.00764	0.00263	0.01173	0.00599	0.00366	0.01197
13	0.01665	0.01049	0.01369	0.01764	0.15764	0.01049	0.01031	0.02076	0.01776	0.03009	0.02447	0.02859	0.01943	0.00916	0.00636	0.00206	0.00524	0.00766	0.58251	0.00898
14	0.04916	0.01295	0.01626	0.13745	0.02389	0.01404	0.01231	0.06084	0.13567	0.10908	0.05579	0.16509	0.02897	0.06584	0.01108	0.00317	0.00703	0.01173	0.06978	0.00987
15	0.02180	0.09230	0.02718	0.03101	0.29881	0.11321	0.01820	0.02553	0.01867	0.07647	0.01793	0.02232	0.01492	0.01812	0.13221	0.00437	0.01233	0.00717	0.03630	0.01117
16	0.00982	0.00842	0.00842	0.00842	0.01122	0.00701	0.00631	0.01192	0.01894	0.02244	0.08416	0.07995	0.65285	0.02104	0.00982	0.00281	0.00421	0.01753	0.00771	0.00701
17	0.01283	0.00932	0.01102	0.01143	0.01336	0.00898	0.00832	0.01705	0.08416	0.04821	0.08109	0.27714	0.20664	0.10027	0.01377	0.00368	0.00552	0.07181	0.00765	0.00773
18	0.02066	0.02028	0.03249	0.10295	0.57550	0.05134	0.02484	0.02551	0.01895	0.02632	0.01542	0.02042	0.01287	0.00753	0.00820	0.00248	0.01022	0.00730	0.00409	0.01266
19	0.01187	0.00890	0.01335	0.01335	0.01483	0.01038	0.01038	0.01483	0.01335	0.01928	0.02225	0.03264	0.02077	0.06231	0.67512	0.01335	0.02225	0.00890	0.00445	0.00742
20	0.01198	0.00851	0.01040	0.01019	0.01236	0.00760	0.00754	0.01494	0.02095	0.05449	0.35907	0.16564	0.24699	0.01934	0.00987	0.00279	0.00428	0.01684	0.00853	0.00768
21	0.10592	0.01474	0.01721	0.01437	0.01919	0.01489	0.01146	0.14378	0.07635	0.25951	0.11356	0.11636	0.03073	0.01296	0.00849	0.00269	0.00664	0.01072	0.00872	0.01170
22	0.02685	0.18546	0.02865	0.02227	0.09154	0.36092	0.01629	0.08481	0.02239	0.02380	0.01406	0.01671	0.01187	0.01140	0.04645	0.00279	0.01295	0.00577	0.00448	0.01053
23	0.02529	0.02539	0.08935	0.01816	0.02394	0.16922	0.01553	0.14619	0.21068	0.09118	0.02851	0.02767	0.07045	0.01077	0.00825	0.00256	0.00944	0.00835	0.00705	0.01201
24	0.02148	0.01216	0.01464	0.01264	0.01682	0.01157	0.00994	0.02850	0.14183	0.23986	0.18689	0.04923	0.19037	0.01465	0.00906	0.00269	0.00555	0.01234	0.00904	0.01076
25	0.02564	0.02004	0.02774	0.02104	0.02779	0.02047	0.15384	0.24382	0.14313	0.10530	0.02256	0.02314	0.01635	0.00910	0.00842	0.00248	0.00919	0.00815	0.00719	0.10461
26	0.01053	0.00766	0.00996	0.01125	0.01226	0.00708	0.00785	0.01258	0.01769	0.02369	0.16056	0.50779	0.10908	0.02382	0.01042	0.00320	0.00472	0.04488	0.00797	0.00701
27	0.01098	0.00826	0.00952	0.00947	0.01117	0.00749	0.00662	0.01312	0.01857	0.02434	0.24805	0.12059	0.27772	0.17739	0.01731	0.00399	0.00505	0.01600	0.00756	0.00680
28	0.01919	0.02021	0.02975	0.02426	0.02608	0.06238	0.13196	0.02200	0.01464	0.02125	0.01212	0.01878	0.01121	0.01278	0.02284	0.00339	0.52620	0.00763	0.00378	0.00952
29	0.01190	0.00798	0.00911	0.00929	0.00934	0.00793	0.00528	0.01203	0.01244	0.01658	0.02800	0.11469	0.03250	0.64458	0.03934	0.00762	0.00775	0.01315	0.00528	0.00519
30	0.01062	0.00814	0.00959	0.01029	0.01200	0.00734	0.00747	0.01272	0.01799	0.02297	0.12497	0.26948	0.30380	0.07399	0.01265	0.00345	0.00498	0.07296	0.00766	0.00693
31	0.02520	0.02638	0.02709	0.12504	0.21734	0.24650	0.01992	0.12805	0.02325	0.02782	0.01504	0.01865	0.01207	0.00871	0.00892	0.00246	0.04475	0.00670	0.00479	0.01135
32	0.02720	0.02042	0.02219	0.01788	0.02347	0.02268	0.01447	0.45981	0.12462	0.04547	0.02407	0.07366	0.01924	0.01445	0.04774	0.00325	0.00921	0.00906	0.00806	0.01303
33	0.02046	0.02010	0.03207	0.13143	0.54739	0.05260	0.02471	0.02533	0.01885	0.02604	0.01538	0.02048	0.01277	0.00758	0.00820	0.00249	0.01028	0.00730	0.00407	0.01248
34	0.27047	0.02612	0.08201	0.02520	0.17317	0.20213	0.01744	0.02703	0.01813	0.02811	0.01316	0.01624	0.01072	0.00829	0.00809	0.00249	0.05056	0.00574	0.00442	0.01047

[dist]
# distance from previous block
# <min> <max>
12	62

[block]
# block no. 3 follows, 22 sequences, length 24
# corresponding to MSA columns:
# 185-208
name=unknown_D
#
# <colnr> <probs for GDERKNQSTAVLIFYWHMCP>
#	G	D	E	R	K	N	Q	S	T	A	V	L	I	F	Y	W	H	M	C	P
0	0.01856	0.01643	0.02414	0.22888	0.20871	0.01805	0.01902	0.07917	0.11250	0.02787	0.02305	0.06497	0.04096	0.01256	0.03909	0.00313	0.00960	0.00900	0.00540	0.03890
1	0.02126	0.01822	0.01910	0.01783	0.04925	0.10066	0.01338	0.18583	0.10081	0.03113	0.02181	0.02615	0.01796	0.03002	0.26541	0.00665	0.01440	0.00801	0.04163	0.01049
2	0.28436	0.02371	0.01807	0.01566	0.02055	0.22065	0.01234	0.14045	0.02290	0.05831	0.04985	0.02265	0.05865	0.00986	0.00713	0.00244	0.00933	0.00688	0.00604	0.01017
3	0.01820	0.05627	0.16918	0.01933	0.02687	0.06173	0.11458	0.02534	0.07472	0.02698	0.07052	0.02549	0.04767	0.00890	0.00785	0.00221	0.00931	0.00778	0.00516	0.22190
4	0.02686	0.03194	0.02663	0.02262	0.02766	0.42237	0.11472	0.03455	0.16069	0.02457	0.01816	0.01976	0.01428	0.00891	0.00808	0.00240	0.01295	0.00698	0.00520	0.01067
5	0.02848	0.03576	0.02923	0.02444	0.02964	0.52887	0.15212	0.03171	0.02266	0.02173	0.01373	0.01664	0.01113	0.00821	0.00801	0.00229	0.01476	0.00634	0.00426	0.00998
6	0.01239	0.00991	0.01165	0.01038	0.01384	0.00835	0.00801	0.01563	0.02036	0.02785	0.29017	0.05952	0.25787	0.01621	0.00906	0.00242	0.00468	0.03897	0.00765	0.17507
7	0.01187	0.00890	0.01335	0.01335	0.01483	0.01038	0.01038	0.01483	0.01335	0.01928	0.02225	0.03264	0.02077	0.06231	0.67512	0.01335	0.02225	0.00890	0.00445	0.00742
8	0.01187	0.00890	0.01335	0.01335	0.01483	0.01038	0.01038	0.01483	0.01335	0.01928	0.02225	0.03264	0.02077	0.06231	0.67512	0.01335	0.02225	0.00890	0.00445	0.00742
9	0.00982	0.00842	0.00842	0.00842	0.01122	0.00701	0.00631	0.01192	0.01894	0.02244	0.08416	0.07995	0.65285	0.02104	0.00982	0.00281	0.00421	0.01753	0.00771	0.00701
10	0.01818	0.01818	0.02545	0.02181	0.02181	0.02545	0.01818	0.01999	0.01272	0.01999	0.01091	0.01818	0.01091	0.01454	0.02726	0.00364	0.69284	0.00727	0.00364	0.00909
11	0.03103	0.03959	0.02354	0.02140	0.02568	0.67469	0.01605	0.03317	0.02354	0.02033	0.01284	0.01498	0.01070	0.00856	0.00749	0.00214	0.01498	0.00535	0.00428	0.00963
12	0.00982	0.00842	0.00842	0.00842	0.01122	0.00701	0.00631	0.01192	0.01894	0.02244	0.08416	0.07995	0.65285	0.02104	0.00982	0.00281	0.00421	0.01753	0.00771	0.00701
13	0.08403	0.04055	0.60637	0.02253	0.03417	0.01923	0.02874	0.02614	0.01723	0.02729	0.01461	0.01718	0.01039	0.00788	0.00765	0.00263	0.01175	0.00599	0.00365	0.01198
14	0.01940	0.01855	0.03162	0.20292	0.51337	0.01943	0.02492	0.02448	0.01837	0.02573	0.01542	0.02094	0.01266	0.00762	0.00824	0.00254	0.01016	0.00740	0.00401	0.01222
15	0.12122	0.01652	0.06192	0.01429	0.02075	0.01377	0.01238	0.03197	0.07670	0.30296	0.06102	0.02540	0.02036	0.00935	0.00751	0.00230	0.00691	0.00743	0.00773	0.17950
16	0.02246	0.02372	0.03066	0.10161	0.46177	0.16572	0.02317	0.02682	0.01974	0.02509	0.01493	0.01946	0.01242	0.00774	0.00807	0.00242	0.01112	0.00694	0.00411	0.01202
17	0.01274	0.01096	0.01479	0.01846	0.15542	0.01008	0.01100	0.01597	0.02017	0.02643	0.22258	0.06186	0.35461	0.01690	0.00946	0.00268	0.00539	0.01459	0.00730	0.00861
18	0.02615	0.03159	0.02186	0.02133	0.06005	0.48830	0.01534	0.02863	0.02100	0.02050	0.01510	0.01925	0.01309	0.02048	0.15646	0.00466	0.01630	0.00626	0.00431	0.00934
19	0.01880	0.01794	0.03054	0.28146	0.43953	0.01927	0.02462	0.02395	0.01808	0.02500	0.01531	0.02114	0.01240	0.00773	0.00825	0.00258	0.01031	0.00740	0.00396	0.01174
20	0.02017	0.07440	0.49108	0.02261	0.03294	0.13960	0.02660	0.05253	0.01950	0.02597	0.01458	0.01697	0.01071	0.00806	0.00771	0.00249	0.01247	0.00597	0.00385	0.01179
21	0.01754	0.14936	0.56633	0.02218	0.03363	0.02145	0.02808	0.02608	0.01743	0.02523	0.01438	0.01687	0.01055	0.00777	0.00749	0.00250	0.01174	0.00587	0.00352	0.01202
22	0.01234	0.01024	0.01325	0.01326	0.01429	0.01135	0.01004	0.01423	0.01622	0.02175	0.07441	0.28993	0.17161	0.06873	0.01637	0.00363	0.15858	0.06572	0.00668	0.00734
23	0.01070	0.00833	0.00988	0.01087	0.01280	0.00750	0.00830	0.01300	0.01810	0.02262	0.06407	0.26365	0.34443	0.02291	0.01042	0.00320	0.00515	0.14930	0.00770	0.00708

[dist]
# distance from previous block
# <min> <max>
3	5

[block]
# block no. 4 follows, 22 sequences, length 42
# corresponding to MSA columns:
# 214-255
name=unknown_E
#
# <colnr> <probs for GDERKNQSTAVLIFYWHMCP>
#	G	D	E	R	K	N	Q	S	T	A	V	L	I	F	Y	W	H	M	C	P
0	0.01972	0.18062	0.17526	0.19573	0.16776	0.07872	0.02271	0.02512	0.01796	0.02316	0.01409	0.01818	0.01126	0.00778	0.00746	0.00240	0.01094	0.00627	0.00376	0.01110
1	0.02745	0.12974	0.02863	0.02702	0.16621	0.43794	0.01791	0.03029	0.02157	0.02175	0.01328	0.01600	0.01125	0.00810	0.00735	0.00216	0.01298	0.00568	0.00414	0.01057
2	0.02985	0.03608	0.02352	0.05477	0.02711	0.56077	0.01626	0.08128	0.05101	0.02359	0.01442	0.01643	0.01163	0.00878	0.00764	0.00223	0.01395	0.00580	0.00476	0.01013
3	0.01530	0.01320	0.01973	0.10534	0.19226	0.01273	0.01480	0.01917	0.01880	0.02668	0.16834	0.16129	0.03589	0.01309	0.00868	0.00249	0.00698	0.01183	0.00607	0.14732
4	0.01936	0.01473	0.01173	0.01100	0.01364	0.13736	0.00833	0.05526	0.01978	0.03009	0.02396	0.02729	0.01886	0.00948	0.00627	0.00201	0.00630	0.00727	0.56883	0.00846
5	0.01620	0.01174	0.01441	0.01450	0.01688	0.01211	0.01137	0.15937	0.02238	0.02970	0.03912	0.35404	0.04309	0.02128	0.01033	0.00330	0.00671	0.19685	0.00783	0.00877
6	0.02478	0.03057	0.06028	0.11861	0.12214	0.34717	0.12644	0.02899	0.02097	0.02280	0.01429	0.01817	0.01142	0.00806	0.00813	0.00241	0.01343	0.00674	0.00413	0.01048
7	0.07933	0.01011	0.01329	0.01266	0.01518	0.01061	0.00974	0.01927	0.01580	0.13015	0.03019	0.11854	0.06443	0.07069	0.35157	0.00846	0.01437	0.01098	0.00614	0.00847
8	0.01110	0.00772	0.00962	0.01045	0.01094	0.00740	0.00669	0.01233	0.01547	0.02089	0.12094	0.36458	0.04858	0.28843	0.02274	0.00508	0.00595	0.01798	0.00687	0.00623
9	0.01119	0.00776	0.00969	0.01082	0.01121	0.00751	0.00704	0.01222	0.01456	0.01937	0.03747	0.38470	0.04407	0.30999	0.02387	0.00536	0.00639	0.06407	0.00659	0.00610
10	0.12779	0.18430	0.08438	0.01813	0.02434	0.25788	0.01595	0.14434	0.02323	0.02917	0.01393	0.01560	0.01111	0.00833	0.00688	0.00223	0.01109	0.00551	0.00494	0.01088
11	0.02991	0.12871	0.02646	0.02010	0.02510	0.49438	0.01576	0.11750	0.02486	0.02482	0.01369	0.01547	0.01119	0.00857	0.00731	0.00214	0.01331	0.00553	0.00476	0.01042
12	0.02906	0.19034	0.02802	0.01979	0.02471	0.53103	0.01564	0.03132	0.02205	0.02016	0.01255	0.01461	0.01069	0.00824	0.00701	0.00206	0.01362	0.00515	0.00412	0.00986
13	0.01154	0.00826	0.01117	0.01252	0.01379	0.00790	0.00956	0.01430	0.01864	0.02509	0.18087	0.36378	0.05790	0.02301	0.01070	0.00335	0.00553	0.20681	0.00801	0.00728
14	0.01380	0.01175	0.01706	0.01595	0.01698	0.01501	0.01278	0.01642	0.01316	0.01950	0.01877	0.02820	0.01774	0.04764	0.47622	0.01037	0.22813	0.00840	0.00420	0.00793
15	0.01967	0.01883	0.03212	0.16700	0.54715	0.01951	0.02505	0.02472	0.01850	0.02606	0.01547	0.02085	0.01278	0.00757	0.00824	0.00252	0.01009	0.00740	0.00404	0.01244
16	0.01208	0.00805	0.00906	0.00906	0.00906	0.00805	0.00503	0.01208	0.01208	0.01611	0.02618	0.05436	0.03020	0.70804	0.04228	0.00805	0.00805	0.01208	0.00503	0.00503
17	0.00992	0.00842	0.00856	0.00852	0.01128	0.00706	0.00639	0.01212	0.01918	0.02302	0.11437	0.07900	0.62227	0.02082	0.00982	0.00280	0.00419	0.01740	0.00779	0.00706
18	0.02161	0.01635	0.01911	0.01633	0.02049	0.01845	0.01310	0.28478	0.11021	0.03573	0.02283	0.02691	0.01852	0.03266	0.29514	0.00721	0.01443	0.00835	0.00667	0.01111
19	0.01844	0.01926	0.06311	0.20554	0.33237	0.01961	0.07624	0.02357	0.01750	0.02454	0.01534	0.02129	0.01258	0.01072	0.03984	0.00317	0.07401	0.00760	0.00395	0.01132
20	0.01023	0.00788	0.00939	0.01040	0.01197	0.00704	0.00741	0.01218	0.01768	0.02251	0.09349	0.38926	0.29780	0.02339	0.01028	0.00312	0.00465	0.04658	0.00779	0.00695
21	0.02056	0.01974	0.03372	0.05099	0.65622	0.01974	0.02550	0.02550	0.01892	0.02714	0.01563	0.02056	0.01316	0.00740	0.00822	0.00247	0.00987	0.00740	0.00411	0.01316
22	0.02056	0.01974	0.03372	0.05099	0.65622	0.01974	0.02550	0.02550	0.01892	0.02714	0.01563	0.02056	0.01316	0.00740	0.00822	0.00247	0.00987	0.00740	0.00411	0.01316
23	0.01471	0.00791	0.00842	0.00842	0.01027	0.00800	0.00628	0.01824	0.01683	0.02872	0.02906	0.03431	0.04944	0.04578	0.07838	0.00345	0.00601	0.00848	0.60973	0.00756
24	0.02221	0.71304	0.04353	0.01421	0.02132	0.03287	0.01421	0.02488	0.01688	0.01955	0.01155	0.01333	0.01066	0.00711	0.00533	0.00178	0.00888	0.00444	0.00355	0.01066
25	0.00996	0.00842	0.00861	0.00856	0.01131	0.00707	0.00642	0.01219	0.01927	0.02323	0.12536	0.07865	0.61115	0.02074	0.00982	0.00279	0.00419	0.01735	0.00782	0.00707
26	0.01354	0.00722	0.01058	0.01098	0.01108	0.00712	0.00732	0.01098	0.01188	0.01584	0.02094	0.16582	0.02284	0.02827	0.02793	0.60164	0.00672	0.01062	0.00446	0.00426
27	0.03103	0.03959	0.02354	0.02140	0.02568	0.67469	0.01605	0.03317	0.02354	0.02033	0.01284	0.01498	0.01070	0.00856	0.00749	0.00214	0.01498	0.00535	0.00428	0.00963
28	0.01190	0.00879	0.01277	0.01277	0.01405	0.01007	0.00966	0.01446	0.01318	0.01885	0.02278	0.03559	0.02205	0.15001	0.58917	0.01263	0.02032	0.00933	0.00453	0.00709
29	0.02056	0.01974	0.03372	0.05099	0.65622	0.01974	0.02550	0.02550	0.01892	0.02714	0.01563	0.02056	0.01316	0.00740	0.00822	0.00247	0.00987	0.00740	0.00411	0.01316
30	0.01790	0.19296	0.52589	0.02156	0.03268	0.02233	0.02701	0.02599	0.01739	0.02479	0.01416	0.01660	0.01055	0.00772	0.00732	0.00244	0.01152	0.00576	0.00352	0.01192
31	0.02030	0.01947	0.03324	0.08575	0.62354	0.01967	0.02536	0.02526	0.01879	0.02682	0.01558	0.02065	0.01305	0.00745	0.00823	0.00248	0.00993	0.00740	0.00409	0.01294
32	0.01921	0.01873	0.01529	0.01399	0.01723	0.19400	0.01059	0.09504	0.02336	0.02847	0.17661	0.09881	0.17444	0.01494	0.00877	0.00253	0.00775	0.01219	0.05923	0.00883
33	0.01079	0.00845	0.00976	0.00943	0.01182	0.00743	0.00708	0.01380	0.02123	0.02788	0.36806	0.07100	0.36555	0.01901	0.00981	0.00271	0.00406	0.01628	0.00843	0.00743
34	0.02844	0.06159	0.02504	0.02069	0.02481	0.39502	0.01630	0.15398	0.02452	0.02688	0.01391	0.01652	0.01145	0.00987	0.01113	0.00247	0.13579	0.00610	0.00497	0.01051
35	0.01989	0.01889	0.03104	0.04582	0.56937	0.01900	0.02339	0.02599	0.06409	0.02740	0.02128	0.02507	0.05449	0.00855	0.00834	0.00251	0.00927	0.00819	0.00466	0.01277
36	0.02124	0.09273	0.19584	0.14872	0.03281	0.22514	0.02027	0.02744	0.05872	0.02310	0.02015	0.02263	0.05826	0.00928	0.00779	0.00245	0.01164	0.00701	0.00441	0.01039
37	0.01336	0.01106	0.01620	0.04613	0.01798	0.01378	0.01235	0.01608	0.01331	0.01938	0.01973	0.03013	0.01870	0.07893	0.48137	0.01061	0.16025	0.00864	0.00427	0.00774
38	0.01330	0.01047	0.01241	0.01245	0.01513	0.01043	0.00998	0.02023	0.13265	0.02812	0.20754	0.07053	0.21915	0.01879	0.01004	0.00305	0.00555	0.18348	0.00819	0.00852
39	0.02897	0.07012	0.02524	0.02228	0.05288	0.52518	0.01656	0.05733	0.02269	0.02197	0.01303	0.01565	0.01098	0.00905	0.00927	0.00229	0.07652	0.00566	0.00435	0.00999
40	0.01187	0.00890	0.01335	0.01335	0.01483	0.01038	0.01038	0.01483	0.01335	0.01928	0.02225	0.03264	0.02077	0.06231	0.67512	0.01335	0.02225	0.00890	0.00445	0.00742
41	0.02003	0.01898	0.02027	0.10826	0.02418	0.13062	0.01471	0.07663	0.01805	0.02413	0.01695	0.02517	0.01533	0.10900	0.01874	0.00354	0.23123	0.00772	0.10755	0.00890

[dist]
# distance from previous block
# <min> <max>
0	1

[block]
# block no. 5 follows, 22 sequences, length 13
# corresponding to MSA columns:
# 257-269
name=unknown_F
#
# <colnr> <probs for GDERKNQSTAVLIFYWHMCP>
#	G	D	E	R	K	N	Q	S	T	A	V	L	I	F	Y	W	H	M	C	P
0	0.01136	0.00854	0.01079	0.01213	0.01390	0.00797	0.00960	0.01397	0.01814	0.02307	0.05674	0.26518	0.23413	0.02326	0.01072	0.00338	0.00579	0.25646	0.00769	0.00720
1	0.01257	0.00809	0.01025	0.01096	0.01211	0.00750	0.00742	0.01414	0.01665	0.06783	0.09531	0.42435	0.10106	0.15224	0.01628	0.00409	0.00546	0.01909	0.00751	0.00707
2	0.01208	0.00805	0.00906	0.00906	0.00906	0.00805	0.00503	0.01208	0.01208	0.01611	0.02618	0.05436	0.03020	0.70804	0.04228	0.00805	0.00805	0.01208	0.00503	0.00503
3	0.01723	0.01477	0.01723	0.01230	0.01969	0.01107	0.00984	0.02092	0.01723	0.02707	0.01477	0.01723	0.01230	0.00615	0.00615	0.00123	0.00615	0.00492	0.00492	0.75883
4	0.01084	0.00881	0.00970	0.01020	0.01238	0.00808	0.00736	0.01452	0.07042	0.02306	0.06693	0.28639	0.39770	0.02190	0.00997	0.00300	0.00461	0.01890	0.00778	0.00744
5	0.01744	0.01480	0.01605	0.01550	0.01887	0.04716	0.01241	0.03058	0.31726	0.03087	0.14623	0.05424	0.04073	0.01560	0.00954	0.00304	0.00683	0.18431	0.00814	0.01041
6	0.01442	0.01140	0.01599	0.01500	0.01672	0.01376	0.01191	0.06820	0.01547	0.02222	0.02051	0.02958	0.01885	0.05130	0.52959	0.01109	0.11254	0.00856	0.00467	0.00822
7	0.01330	0.01129	0.01812	0.01625	0.01944	0.01060	0.12002	0.01727	0.02000	0.02643	0.18243	0.09965	0.16437	0.01855	0.01044	0.00316	0.00716	0.22596	0.00738	0.00816
8	0.02798	0.18816	0.02816	0.01983	0.02438	0.47690	0.01582	0.03021	0.02115	0.02013	0.01239	0.01488	0.01071	0.00874	0.00867	0.00218	0.07051	0.00531	0.00406	0.00982
9	0.01161	0.00921	0.01203	0.01438	0.06680	0.00852	0.00977	0.01419	0.01835	0.02368	0.10019	0.27159	0.25919	0.02151	0.01023	0.00313	0.00548	0.12500	0.00750	0.00762
10	0.01920	0.02378	0.14713	0.17359	0.25298	0.06652	0.02287	0.02744	0.10352	0.02651	0.04334	0.02303	0.01634	0.00869	0.00822	0.00259	0.01026	0.00759	0.00472	0.01168
11	0.02051	0.02114	0.02903	0.26934	0.34669	0.12298	0.02315	0.02522	0.01884	0.02399	0.01488	0.02023	0.01204	0.00790	0.00814	0.00252	0.01110	0.00707	0.00399	0.01122
12	0.02575	0.02278	0.07608	0.05205	0.14876	0.17437	0.01684	0.02976	0.02062	0.18675	0.02106	0.02292	0.01557	0.01116	0.03636	0.00284	0.01037	0.00715	0.10750	0.01133

[dist]
# distance from previous block
# <min> <max>
0	80

[block]
# block no. 6 follows, 22 sequences, length 66
# corresponding to MSA columns:
# 350-415
name=unknown_G
#
# <colnr> <probs for GDERKNQSTAVLIFYWHMCP>
#	G	D	E	R	K	N	Q	S	T	A	V	L	I	F	Y	W	H	M	C	P
0	0.02497	0.01915	0.02157	0.02279	0.13568	0.14016	0.01542	0.02814	0.02001	0.20090	0.02421	0.06659	0.02057	0.01557	0.06103	0.00347	0.06401	0.06197	0.00641	0.04737
1	0.02005	0.18378	0.05395	0.01435	0.01977	0.16476	0.01235	0.02328	0.01926	0.02402	0.06969	0.02771	0.09213	0.00986	0.00701	0.00198	0.00848	0.00744	0.07302	0.16710
2	0.02444	0.02247	0.07033	0.01767	0.02306	0.07999	0.01516	0.33906	0.02904	0.03789	0.02995	0.03066	0.12929	0.01459	0.04236	0.00315	0.06337	0.00906	0.00691	0.01157
3	0.01205	0.00884	0.01307	0.01307	0.01457	0.01025	0.01015	0.01506	0.01356	0.01988	0.02250	0.03255	0.02080	0.05963	0.64112	0.01277	0.02132	0.00884	0.04254	0.00743
4	0.01552	0.01326	0.01527	0.01444	0.01590	0.06350	0.01083	0.06417	0.01674	0.02246	0.05217	0.15467	0.02842	0.15351	0.21485	0.00700	0.11213	0.01178	0.00552	0.00783
5	0.01343	0.00883	0.01144	0.01203	0.01390	0.00863	0.00939	0.01618	0.01750	0.05948	0.06687	0.17963	0.13363	0.06507	0.11500	0.00501	0.00838	0.17302	0.07499	0.00759
6	0.02461	0.53182	0.03830	0.01596	0.02249	0.15467	0.01469	0.07270	0.01985	0.02221	0.01244	0.01415	0.01093	0.00760	0.00597	0.00190	0.01007	0.00485	0.00406	0.01073
7	0.06222	0.01486	0.01581	0.01371	0.01754	0.01624	0.01055	0.15653	0.20509	0.06272	0.06222	0.03293	0.02487	0.11892	0.01308	0.00337	0.00673	0.00911	0.14288	0.01063
8	0.02895	0.03447	0.02264	0.02039	0.02486	0.51371	0.01545	0.06142	0.14947	0.02466	0.01740	0.01845	0.01382	0.00917	0.00772	0.00229	0.01302	0.00626	0.00530	0.01054
9	0.00999	0.00835	0.00870	0.00875	0.01136	0.00706	0.00651	0.01220	0.01912	0.02323	0.12659	0.11385	0.57381	0.02100	0.00986	0.00282	0.00422	0.01768	0.00783	0.00706
10	0.01208	0.00805	0.00906	0.00906	0.00906	0.00805	0.00503	0.01208	0.01208	0.01611	0.02618	0.05436	0.03020	0.70804	0.04228	0.00805	0.00805	0.01208	0.00503	0.00503
11	0.01442	0.01022	0.01258	0.01223	0.01377	0.01086	0.00872	0.09976	0.01738	0.02394	0.02904	0.20104	0.03100	0.23504	0.20449	0.00735	0.01120	0.01319	0.03625	0.00751
12	0.02130	0.02270	0.02216	0.01965	0.02161	0.21332	0.01568	0.05639	0.01751	0.02172	0.01451	0.02056	0.01322	0.02318	0.16490	0.00530	0.30581	0.00708	0.00427	0.00915
13	0.01467	0.09299	0.01872	0.01474	0.01671	0.04004	0.01189	0.01728	0.01401	0.01932	0.01926	0.02865	0.01826	0.07436	0.45679	0.01003	0.11188	0.00816	0.00425	0.00801
14	0.01045	0.00844	0.00929	0.00907	0.01161	0.00728	0.00681	0.01314	0.02042	0.02596	0.26775	0.07416	0.46707	0.01973	0.00981	0.00274	0.00411	0.01672	0.00818	0.00728
15	0.02112	0.02192	0.02586	0.02191	0.02358	0.13002	0.04825	0.06827	0.01684	0.02280	0.01261	0.01852	0.01156	0.01455	0.04494	0.00361	0.47272	0.00716	0.00415	0.00960
16	0.01849	0.01762	0.02998	0.32198	0.40143	0.01919	0.02446	0.02368	0.01794	0.02462	0.01526	0.02124	0.01227	0.00779	0.00826	0.00260	0.01038	0.00739	0.00393	0.01149
17	0.02019	0.05948	0.02545	0.21196	0.17838	0.17795	0.01901	0.02411	0.01823	0.02192	0.01575	0.02154	0.01329	0.01839	0.13503	0.00451	0.01376	0.00702	0.00407	0.00997
18	0.03103	0.03959	0.02354	0.02140	0.02568	0.67469	0.01605	0.03317	0.02354	0.02033	0.01284	0.01498	0.01070	0.00856	0.00749	0.00214	0.01498	0.00535	0.00428	0.00963
19	0.02397	0.02202	0.03024	0.03976	0.43220	0.07138	0.02196	0.16951	0.05010	0.03290	0.01720	0.02042	0.01371	0.00826	0.00820	0.00246	0.00995	0.00735	0.00530	0.01312
20	0.02517	0.22134	0.03260	0.02888	0.23066	0.23020	0.01860	0.07394	0.02134	0.02479	0.01393	0.01672	0.01176	0.00788	0.00719	0.00217	0.01115	0.00593	0.00433	0.01142
21	0.06041	0.01729	0.13105	0.01372	0.01909	0.01253	0.01292	0.05675	0.05076	0.13261	0.09430	0.08364	0.25188	0.01499	0.00885	0.00272	0.00667	0.01239	0.00741	0.01001
22	0.01208	0.00805	0.00906	0.00906	0.00906	0.00805	0.00503	0.01208	0.01208	0.01611	0.02618	0.05436	0.03020	0.70804	0.04228	0.00805	0.00805	0.01208	0.00503	0.00503
23	0.01029	0.00824	0.00923	0.00967	0.01186	0.00719	0.00716	0.01254	0.01880	0.02347	0.13369	0.20793	0.43414	0.02175	0.01007	0.00296	0.00450	0.05156	0.00786	0.00708
24	0.02067	0.52647	0.21657	0.01685	0.02540	0.02909	0.01880	0.02527	0.01706	0.02143	0.01248	0.01450	0.01062	0.00733	0.00604	0.00201	0.00983	0.00491	0.00354	0.01111
25	0.01037	0.00884	0.00898	0.00887	0.01173	0.00765	0.00667	0.01349	0.04662	0.02340	0.10366	0.07710	0.60312	0.02045	0.00976	0.00280	0.00430	0.01708	0.00780	0.00732
26	0.01018	0.00804	0.00918	0.00972	0.01165	0.00704	0.00697	0.01231	0.01856	0.02349	0.14761	0.28118	0.38041	0.02213	0.01007	0.00297	0.00437	0.01919	0.00791	0.00704
27	0.01986	0.01902	0.03245	0.14312	0.56960	0.01955	0.02514	0.02488	0.01858	0.02629	0.01550	0.02079	0.01286	0.00753	0.00824	0.00251	0.01004	0.00740	0.00405	0.01259
28	0.01852	0.01770	0.02981	0.29872	0.38579	0.01956	0.02413	0.02351	0.01766	0.02442	0.01502	0.02105	0.01222	0.00816	0.00934	0.00265	0.04905	0.00739	0.00392	0.01139
29	0.01322	0.00906	0.01159	0.01148	0.01385	0.00835	0.00915	0.01671	0.02154	0.06471	0.35405	0.07149	0.18213	0.01888	0.01013	0.00295	0.00507	0.15909	0.00856	0.00798
30	0.02865	0.14609	0.02769	0.02297	0.08295	0.51124	0.01662	0.03113	0.02205	0.02083	0.01289	0.01523	0.01092	0.00822	0.00721	0.00211	0.01353	0.00539	0.00415	0.01012
31	0.01188	0.00887	0.01317	0.01317	0.01459	0.01029	0.01016	0.01472	0.01330	0.01915	0.02242	0.03355	0.02116	0.08939	0.64858	0.01313	0.02166	0.00903	0.00447	0.00732
32	0.02294	0.02461	0.02964	0.07754	0.42321	0.20161	0.02228	0.02709	0.02008	0.02483	0.01585	0.02179	0.01363	0.00835	0.00814	0.00244	0.01128	0.02868	0.00427	0.01175
33	0.01051	0.00808	0.00957	0.01056	0.01221	0.00729	0.00771	0.01248	0.01745	0.02197	0.06121	0.32289	0.31156	0.05660	0.01192	0.00341	0.00508	0.09503	0.00757	0.00690
34	0.01012	0.00723	0.00964	0.01157	0.01205	0.00675	0.00771	0.01157	0.01591	0.02121	0.04579	0.70262	0.05495	0.02603	0.01060	0.00337	0.00482	0.02362	0.00771	0.00675
35	0.02779	0.02793	0.02237	0.01929	0.02437	0.28002	0.01503	0.20253	0.22995	0.03397	0.02168	0.02160	0.01645	0.00984	0.00803	0.00246	0.01060	0.00727	0.00677	0.01203
36	0.06628	0.01884	0.02134	0.01628	0.02292	0.01898	0.01339	0.32540	0.02964	0.21678	0.02217	0.02146	0.01534	0.00926	0.00778	0.00229	0.00789	0.00711	0.00809	0.14875
37	0.01935	0.02164	0.04475	0.03262	0.03950	0.02181	0.51596	0.02541	0.01836	0.02541	0.01574	0.02164	0.01230	0.00837	0.01297	0.00295	0.13695	0.00935	0.00410	0.01082
38	0.01853	0.26806	0.45624	0.02050	0.03104	0.02385	0.02516	0.02583	0.01732	0.02404	0.01378	0.01612	0.01057	0.00763	0.00703	0.00234	0.01114	0.00557	0.00352	0.01173
39	0.01052	0.00854	0.00945	0.00997	0.01242	0.00748	0.00776	0.01290	0.01873	0.02280	0.07353	0.13148	0.49128	0.02179	0.01019	0.00304	0.00491	0.12839	0.00770	0.00711
40	0.02177	0.02273	0.02936	0.06803	0.44020	0.15670	0.02203	0.02597	0.01929	0.02475	0.01561	0.02055	0.01324	0.01267	0.06860	0.00340	0.01212	0.00711	0.00416	0.01173
41	0.03103	0.03959	0.02354	0.02140	0.02568	0.67469	0.01605	0.03317	0.02354	0.02033	0.01284	0.01498	0.01070	0.00856	0.00749	0.00214	0.01498	0.00535	0.00428	0.00963
42	0.22108	0.01013	0.01047	0.01068	0.01311	0.01032	0.00788	0.01604	0.01744	0.02835	0.16633	0.28404	0.13860	0.01831	0.00880	0.00291	0.00499	0.01560	0.00729	0.00764
43	0.01012	0.00723	0.00964	0.01157	0.01205	0.00675	0.00771	0.01157	0.01591	0.02121	0.04579	0.70262	0.05495	0.02603	0.01060	0.00337	0.00482	0.02362	0.00771	0.00675
44	0.01002	0.00803	0.00896	0.00956	0.01156	0.00697	0.00685	0.01201	0.01820	0.02264	0.10301	0.28258	0.42555	0.02245	0.01007	0.00298	0.00439	0.01938	0.00779	0.00697
45	0.01194	0.00929	0.01104	0.01163	0.01343	0.00912	0.00831	0.01729	0.11463	0.02531	0.13977	0.38613	0.16775	0.02147	0.01000	0.00307	0.00484	0.01899	0.00804	0.00795
46	0.01012	0.00723	0.00964	0.01157	0.01205	0.00675	0.00771	0.01157	0.01591	0.02121	0.04579	0.70262	0.05495	0.02603	0.01060	0.00337	0.00482	0.02362	0.00771	0.00675
47	0.02326	0.01914	0.02025	0.01743	0.02259	0.02188	0.01378	0.18310	0.49803	0.03894	0.03052	0.02837	0.02269	0.01096	0.00842	0.00274	0.00718	0.00894	0.00842	0.01338
48	0.01068	0.00822	0.00977	0.00986	0.01187	0.00731	0.00721	0.01342	0.02026	0.02673	0.31293	0.19120	0.29997	0.02030	0.00996	0.00283	0.00420	0.01765	0.00831	0.00731
49	0.01012	0.00723	0.00964	0.01157	0.01205	0.00675	0.00771	0.01157	0.01591	0.02121	0.04579	0.70262	0.05495	0.02603	0.01060	0.00337	0.00482	0.02362	0.00771	0.00675
50	0.01818	0.01818	0.02545	0.02181	0.02181	0.02545	0.01818	0.01999	0.01272	0.01999	0.01091	0.01818	0.01091	0.01454	0.02726	0.00364	0.69284	0.00727	0.00364	0.00909
51	0.01818	0.01818	0.02545	0.02181	0.02181	0.02545	0.01818	0.01999	0.01272	0.01999	0.01091	0.01818	0.01091	0.01454	0.02726	0.00364	0.69284	0.00727	0.00364	0.00909
52	0.03103	0.03959	0.02354	0.02140	0.02568	0.67469	0.01605	0.03317	0.02354	0.02033	0.01284	0.01498	0.01070	0.00856	0.00749	0.00214	0.01498	0.00535	0.00428	0.00963
53	0.03103	0.03959	0.02354	0.02140	0.02568	0.67469	0.01605	0.03317	0.02354	0.02033	0.01284	0.01498	0.01070	0.00856	0.00749	0.00214	0.01498	0.00535	0.00428	0.00963
54	0.01149	0.01017	0.01234	0.01502	0.11131	0.00899	0.00929	0.01403	0.01893	0.02317	0.07352	0.07073	0.55358	0.01892	0.00957	0.00275	0.00509	0.01596	0.00716	0.00797
55	0.03067	0.02239	0.02396	0.01847	0.02485	0.02474	0.01522	0.59400	0.03783	0.05114	0.02035	0.02057	0.01453	0.00996	0.00817	0.00246	0.00884	0.00749	0.05058	0.01377
56	0.01181	0.00826	0.01071	0.01204	0.01285	0.00809	0.00878	0.01361	0.01580	0.02086	0.03915	0.29997	0.04495	0.23481	0.02064	0.00496	0.00676	0.21254	0.00687	0.00652
57	0.02908	0.02086	0.02226	0.01735	0.02327	0.02297	0.01424	0.53399	0.03570	0.04904	0.02106	0.02166	0.01524	0.00993	0.00792	0.00241	0.00832	0.00752	0.12405	0.01314
58	0.02300	0.02456	0.01856	0.01681	0.02073	0.28116	0.01267	0.06495	0.20458	0.02634	0.03170	0.03364	0.11663	0.07486	0.01134	0.00300	0.00987	0.00916	0.00634	0.01010
59	0.02225	0.40253	0.21478	0.01818	0.02623	0.14529	0.01918	0.02678	0.01827	0.02159	0.01273	0.01481	0.01063	0.00759	0.00644	0.00208	0.01094	0.00508	0.00367	0.01093
60	0.02138	0.02130	0.03292	0.04867	0.60668	0.07120	0.02475	0.02610	0.01928	0.02661	0.01541	0.02012	0.01297	0.00749	0.00817	0.00244	0.01027	0.00724	0.00413	0.01288
61	0.02774	0.03337	0.14214	0.02208	0.02893	0.28650	0.06535	0.23273	0.02740	0.03272	0.01592	0.01769	0.01197	0.00880	0.00802	0.00240	0.01244	0.00655	0.00550	0.01175
62	0.03115	0.03598	0.02385	0.02090	0.02570	0.53113	0.01599	0.16488	0.02697	0.02742	0.01441	0.01608	0.01146	0.00887	0.00767	0.00222	0.01369	0.00582	0.00517	0.01063
63	0.01252	0.01169	0.01187	0.01304	0.06193	0.06052	0.00876	0.01501	0.01965	0.02372	0.13073	0.09359	0.46955	0.01879	0.00954	0.00273	0.00548	0.01578	0.00732	0.00776
64	0.01382	0.01328	0.01175	0.01118	0.01390	0.11093	0.00838	0.01660	0.02133	0.02610	0.28141	0.06330	0.34239	0.01761	0.00945	0.00263	0.00577	0.01472	0.00771	0.00772
65	0.01988	0.01871	0.03080	0.04519	0.55702	0.01887	0.02316	0.02615	0.06695	0.02821	0.06701	0.02462	0.01922	0.00845	0.00837	0.00251	0.00915	0.00815	0.00484	0.01274

[dist]
# distance from previous block
# <min> <max>
0	13

[block]
# block no. 7 follows, 22 sequences, length 27
# corresponding to MSA columns:
# 429-455
name=unknown_H
#
# <colnr> <probs for GDERKNQSTAVLIFYWHMCP>
#	G	D	E	R	K	N	Q	S	T	A	V	L	I	F	Y	W	H	M	C	P
0	0.23440	0.02182	0.02047	0.01895	0.06349	0.11387	0.01416	0.16979	0.15463	0.03602	0.01864	0.01970	0.01431	0.00955	0.00860	0.00261	0.05456	0.00673	0.00629	0.01144
1	0.15708	0.02493	0.01998	0.01727	0.02224	0.22009	0.01355	0.17810	0.16288	0.03488	0.01979	0.02036	0.01507	0.00942	0.00740	0.00244	0.00959	0.00675	0.04689	0.01129
2	0.02435	0.02385	0.05783	0.02018	0.07061	0.15827	0.01548	0.24427	0.06890	0.03470	0.05273	0.06427	0.08399	0.01210	0.00855	0.00257	0.00947	0.02971	0.00680	0.01136
