[name]
unknown

[dist]
# distance from previous block
# <min> <max>
0	104

[block]
# block no. 0 follows, 22 sequences, length 9
# corresponding to MSA columns:
# 111-119
name=unknown_A
#
# <colnr> <probs for GDERKNQSTAVLIFYWHMCP>
#	G	D	E	R	K	N	Q	S	T	A	V	L	I	F	Y	W	H	M	C	P
0	0.01325	0.00947	0.01320	0.01489	0.01681	0.00942	0.01292	0.01708	0.01949	0.02557	0.09477	0.09106	0.05036	0.02245	0.01133	0.00372	0.00734	0.55140	0.00777	0.00767
1	0.42341	0.01763	0.01657	0.04333	0.02080	0.05030	0.01160	0.09562	0.05027	0.17140	0.01834	0.01869	0.01302	0.00875	0.00660	0.00256	0.00749	0.00606	0.00665	0.01091
2	0.02423	0.02074	0.02319	0.01916	0.02453	0.06274	0.06729	0.23915	0.29957	0.03821	0.02710	0.07160	0.02152	0.01130	0.00861	0.00270	0.00851	0.00950	0.00772	0.01265
3	0.01862	0.01951	0.03839	0.23743	0.17919	0.01996	0.31339	0.02473	0.01855	0.02508	0.01593	0.02193	0.01226	0.00749	0.00901	0.00272	0.01222	0.00855	0.00403	0.01102
4	0.03122	0.03411	0.02401	0.02063	0.02571	0.45687	0.01596	0.23301	0.02875	0.03108	0.01523	0.01665	0.01185	0.00903	0.00777	0.00226	0.01302	0.00607	0.00563	0.01114
5	0.01941	0.01090	0.01337	0.01247	0.01578	0.01020	0.00941	0.02434	0.09868	0.21244	0.04930	0.27363	0.17948	0.01834	0.00948	0.00293	0.00557	0.01589	0.00857	0.00981
6	0.01240	0.00967	0.01140	0.01076	0.01328	0.00926	0.00813	0.01835	0.10112	0.03073	0.42852	0.06265	0.21785	0.01729	0.00963	0.00269	0.00433	0.01494	0.00869	0.00831
7	0.01694	0.01604	0.02718	0.52421	0.21129	0.01879	0.02369	0.02232	0.01720	0.02275	0.01499	0.02174	0.01161	0.00807	0.00828	0.00269	0.01076	0.00739	0.00380	0.01024
8	0.02952	0.03324	0.02256	0.02009	0.02472	0.47821	0.01531	0.07642	0.13587	0.05816	0.01813	0.01889	0.01408	0.00923	0.00776	0.00231	0.01266	0.00638	0.00562	0.01081

[dist]
# distance from previous block
# <min> <max>
1	13

[block]
# block no. 1 follows, 22 sequences, length 14
# corresponding to MSA columns:
# 133-146
name=unknown_B
#
# <colnr> <probs for GDERKNQSTAVLIFYWHMCP>
#	G	D	E	R	K	N	Q	S	T	A	V	L	I	F	Y	W	H	M	C	P
0	0.03103	0.03959	0.02354	0.02140	0.02568	0.67469	0.01605	0.03317	0.02354	0.02033	0.01284	0.01498	0.01070	0.00856	0.00749	0.00214	0.01498	0.00535	0.00428	0.00963
1	0.01712	0.00970	0.01268	0.01124	0.01422	0.00872	0.00868	0.02077	0.02326	0.16804	0.47959	0.05600	0.10524	0.01582	0.00949	0.00262	0.00462	0.01376	0.00929	0.00914
2	0.01494	0.01233	0.01695	0.01555	0.01676	0.01531	0.01224	0.05568	0.01468	0.02122	0.01942	0.03053	0.01878	0.12796	0.36936	0.00925	0.20775	0.00876	0.00455	0.00802
3	0.01012	0.00723	0.00964	0.01157	0.01205	0.00675	0.00771	0.01157	0.01591	0.02121	0.04579	0.70262	0.05495	0.02603	0.01060	0.00337	0.00482	0.02362	0.00771	0.00675
4	0.03158	0.02327	0.02493	0.01911	0.02576	0.02576	0.01579	0.62852	0.03906	0.05236	0.01995	0.01995	0.01413	0.00997	0.00831	0.00249	0.00914	0.00748	0.00831	0.01413
5	0.01030	0.00760	0.00969	0.01129	0.01228	0.00700	0.00787	0.01203	0.01667	0.02168	0.05236	0.55021	0.15882	0.02493	0.01053	0.00331	0.00492	0.06395	0.00771	0.00686
6	0.02801	0.27069	0.03040	0.01894	0.02419	0.45444	0.01542	0.03033	0.02126	0.02006	0.01240	0.01441	0.01069	0.00806	0.00675	0.00202	0.01289	0.00504	0.00403	0.00998
7	0.03103	0.03959	0.02354	0.02140	0.02568	0.67469	0.01605	0.03317	0.02354	0.02033	0.01284	0.01498	0.01070	0.00856	0.00749	0.00214	0.01498	0.00535	0.00428	0.00963
8	0.01187	0.00890	0.01335	0.01335	0.01483	0.01038	0.01038	0.01483	0.01335	0.01928	0.02225	0.03264	0.02077	0.06231	0.67512	0.01335	0.02225	0.00890	0.00445	0.00742
9	0.02620	0.01681	0.01825	0.01526	0.01979	0.04936	0.01178	0.14809	0.18146	0.21348	0.02815	0.03232	0.02213	0.16074	0.01564	0.00378	0.00795	0.00910	0.00800	0.01170
10	0.06016	0.02654	0.02214	0.02172	0.08704	0.30232	0.01541	0.14923	0.02360	0.02811	0.01654	0.02029	0.01374	0.02027	0.15149	0.00468	0.01444	0.00672	0.00516	0.01040
11	0.06850	0.02531	0.02291	0.02709	0.21290	0.28992	0.01651	0.02607	0.02107	0.02510	0.09247	0.02883	0.08819	0.01044	0.00808	0.00239	0.01051	0.00831	0.00519	0.01018
12	0.01366	0.00964	0.01149	0.01140	0.01337	0.00935	0.00812	0.06733	0.01777	0.02502	0.03675	0.32661	0.07646	0.10714	0.06126	0.00418	0.00680	0.01562	0.10530	0.07271
13	0.02450	0.02395	0.02738	0.11632	0.26104	0.16403	0.01998	0.16161	0.02405	0.03054	0.01582	0.01920	0.01252	0.00827	0.00797	0.00236	0.01075	0.00681	0.00509	0.05779

[dist]
# distance from previous block
# <min> <max>
0	10

[block]
# block no. 2 follows, 22 sequences, length 92
# corresponding to MSA columns:
# 157-248
name=unknown_C
#
# <colnr> <probs for GDERKNQSTAVLIFYWHMCP>
#	G	D	E	R	K	N	Q	S	T	A	V	L	I	F	Y	W	H	M	C	P
0	0.02582	0.13214	0.20717	0.02079	0.02798	0.32717	0.01989	0.09782	0.02269	0.02555	0.01405	0.01604	0.01104	0.00833	0.00740	0.00227	0.01271	0.00569	0.00442	0.01103
1	0.02108	0.02313	0.02401	0.19555	0.08576	0.22699	0.01849	0.02436	0.01776	0.02095	0.01424	0.02007	0.01222	0.01596	0.08957	0.00396	0.16556	0.00689	0.00399	0.00945
2	0.02916	0.02222	0.02142	0.07213	0.02577	0.16333	0.01463	0.17838	0.10772	0.20530	0.02658	0.02584	0.04917	0.01035	0.00824	0.00252	0.00943	0.00801	0.00757	0.01224
3	0.03052	0.03598	0.02385	0.02106	0.02551	0.54050	0.01611	0.12765	0.02551	0.02543	0.01388	0.01592	0.01126	0.00907	0.00855	0.00227	0.04593	0.00578	0.00489	0.01032
4	0.02149	0.01766	0.01881	0.01680	0.02158	0.02024	0.01310	0.04396	0.61055	0.06590	0.03376	0.03086	0.02512	0.01122	0.00845	0.00281	0.00660	0.00934	0.00854	0.01320
5	0.02056	0.01974	0.03372	0.05099	0.65622	0.01974	0.02550	0.02550	0.01892	0.02714	0.01563	0.02056	0.01316	0.00740	0.00822	0.00247	0.00987	0.00740	0.00411	0.01316
6	0.01012	0.00723	0.00964	0.01157	0.01205	0.00675	0.00771	0.01157	0.01591	0.02121	0.04579	0.70262	0.05495	0.02603	0.01060	0.00337	0.00482	0.02362	0.00771	0.00675
7	0.01050	0.00844	0.00935	0.00913	0.01164	0.00730	0.00684	0.01323	0.02053	0.02624	0.28227	0.07370	0.45237	0.01962	0.00981	0.00274	0.00411	0.01666	0.00821	0.00730
8	0.02094	0.02224	0.02770	0.31018	0.26075	0.17020	0.02231	0.02548	0.01902	0.02310	0.01462	0.01994	0.01172	0.00805	0.00809	0.00252	0.01155	0.00692	0.00398	0.01070
9	0.03152	0.02516	0.02477	0.01938	0.02575	0.10099	0.01582	0.55951	0.03726	0.04864	0.01912	0.01937	0.01373	0.00981	0.00822	0.00245	0.00982	0.00723	0.00784	0.01361
10	0.03103	0.03959	0.02354	0.02140	0.02568	0.67469	0.01605	0.03317	0.02354	0.02033	0.01284	0.01498	0.01070	0.00856	0.00749	0.00214	0.01498	0.00535	0.00428	0.00963
11	0.01176	0.00849	0.01110	0.01045	0.01241	0.00784	0.00784	0.01568	0.02352	0.03331	0.65184	0.06206	0.07839	0.01698	0.00980	0.00261	0.00392	0.01502	0.00914	0.00784
12	0.01010	0.00732	0.00955	0.01133	0.01199	0.00677	0.00761	0.01159	0.01614	0.02130	0.04870	0.65529	0.10040	0.02565	0.01054	0.00333	0.00477	0.02315	0.00771	0.00677
13	0.03158	0.02327	0.02493	0.01911	0.02576	0.02576	0.01579	0.62852	0.03906	0.05236	0.01995	0.01995	0.01413	0.00997	0.00831	0.00249	0.00914	0.00748	0.00831	0.01413
14	0.00982	0.00842	0.00842	0.00842	0.01122	0.00701	0.00631	0.01192	0.01894	0.02244	0.08416	0.07995	0.65285	0.02104	0.00982	0.00281	0.00421	0.01753	0.00771	0.00701
15	0.01208	0.00805	0.00906	0.00906	0.00906	0.00805	0.00503	0.01208	0.01208	0.01611	0.02618	0.05436	0.03020	0.70804	0.04228	0.00805	0.00805	0.01208	0.00503	0.00503
16	0.03158	0.02327	0.02493	0.01911	0.02576	0.02576	0.01579	0.62852	0.03906	0.05236	0.01995	0.01995	0.01413	0.00997	0.00831	0.00249	0.00914	0.00748	0.00831	0.01413
17	0.01188	0.00884	0.01302	0.01302	0.01440	0.01021	0.00998	0.01463	0.01325	0.01904	0.02255	0.03429	0.02149	0.11139	0.62701	0.01295	0.02117	0.00914	0.00449	0.00724
18	0.02775	0.01718	0.01967	0.01642	0.02195	0.01829	0.01313	0.11060	0.35508	0.25656	0.03184	0.02876	0.02238	0.01077	0.00840	0.00269	0.00705	0.00881	0.00908	0.01361
19	0.01012	0.00723	0.00964	0.01157	0.01205	0.00675	0.00771	0.01157	0.01591	0.02121	0.04579	0.70262	0.05495	0.02603	0.01060	0.00337	0.00482	0.02362	0.00771	0.00675
20	0.02056	0.01974	0.03372	0.05099	0.65622	0.01974	0.02550	0.02550	0.01892	0.02714	0.01563	0.02056	0.01316	0.00740	0.00822	0.00247	0.00987	0.00740	0.00411	0.01316
21	0.01187	0.00890	0.01335	0.01335	0.01483	0.01038	0.01038	0.01483	0.01335	0.01928	0.02225	0.03264	0.02077	0.06231	0.67512	0.01335	0.02225	0.00890	0.00445	0.00742
22	0.01339	0.00956	0.01339	0.01530	0.01721	0.00956	0.01339	0.01721	0.01912	0.02486	0.04399	0.09371	0.04781	0.02295	0.01147	0.00382	0.00765	0.60031	0.00765	0.00765
23	0.03001	0.11766	0.02586	0.02057	0.02518	0.60029	0.01584	0.03221	0.02277	0.02024	0.01269	0.01479	0.01070	0.00839	0.00724	0.00210	0.01427	0.00525	0.00420	0.00975
24	0.02056	0.01974	0.03372	0.05099	0.65622	0.01974	0.02550	0.02550	0.01892	0.02714	0.01563	0.02056	0.01316	0.00740	0.00822	0.00247	0.00987	0.00740	0.00411	0.01316
25	0.02105	0.02067	0.03324	0.04961	0.62672	0.05039	0.02505	0.02585	0.01913	0.02682	0.01550	0.02030	0.01304	0.00746	0.00819	0.00245	0.01011	0.00731	0.00412	0.01299
26	0.07352	0.02221	0.02418	0.06863	0.02754	0.02480	0.01594	0.54769	0.03592	0.04914	0.01907	0.01973	0.01360	0.00972	0.00812	0.00252	0.00913	0.00730	0.00778	0.01346
27	0.01031	0.00731	0.00959	0.01133	0.01177	0.00687	0.00746	0.01162	0.01555	0.02073	0.04395	0.64180	0.05262	0.09002	0.01358	0.00381	0.00512	0.02253	0.00746	0.00659
28	0.02873	0.16276	0.05791	0.02020	0.02538	0.52608	0.01642	0.03133	0.02204	0.02047	0.01270	0.01480	0.01069	0.00826	0.00712	0.00210	0.01374	0.00522	0.00411	0.00995
29	0.02056	0.01974	0.03372	0.05099	0.65622	0.01974	0.02550	0.02550	0.01892	0.02714	0.01563	0.02056	0.01316	0.00740	0.00822	0.00247	0.00987	0.00740	0.00411	0.01316
30	0.01443	0.00722	0.01082	0.01082	0.01082	0.00722	0.00722	0.01082	0.01082	0.01443	0.01443	0.02525	0.01443	0.02886	0.03247	0.75830	0.00722	0.00722	0.00361	0.00361
31	0.01012	0.00723	0.00964	0.01157	0.01205	0.00675	0.00771	0.01157	0.01591	0.02121	0.04579	0.70262	0.05495	0.02603	0.01060	0.00337	0.00482	0.02362	0.00771	0.00675
32	0.01721	0.01632	0.02766	0.48927	0.24414	0.01886	0.02383	0.02256	0.01733	0.02307	0.01503	0.02165	0.01172	0.00802	0.00828	0.00267	0.01070	0.00739	0.00382	0.01046
33	0.03070	0.03254	0.02458	0.02208	0.05811	0.40138	0.01644	0.25265	0.02903	0.03251	0.01561	0.01710	0.01209	0.00902	0.00783	0.00229	0.01256	0.00624	0.00576	0.01147
34	0.03103	0.03959	0.02354	0.02140	0.02568	0.67469	0.01605	0.03317	0.02354	0.02033	0.01284	0.01498	0.01070	0.00856	0.00749	0.00214	0.01498	0.00535	0.00428	0.00963
35	0.01012	0.00843	0.00884	0.00874	0.01141	0.00714	0.00655	0.01251	0.01966	0.02415	0.17358	0.07713	0.56236	0.02040	0.00982	0.00277	0.00416	0.01714	0.00794	0.00714
36	0.02056	0.01974	0.03372	0.05099	0.65622	0.01974	0.02550	0.02550	0.01892	0.02714	0.01563	0.02056	0.01316	0.00740	0.00822	0.00247	0.00987	0.00740	0.00411	0.01316
37	0.03727	0.01414	0.01928	0.01478	0.02121	0.01221	0.01221	0.04049	0.02378	0.66198	0.03277	0.02828	0.02056	0.01028	0.00835	0.00257	0.00707	0.00835	0.01028	0.01414
38	0.01840	0.01582	0.01776	0.01388	0.02034	0.01436	0.01098	0.02888	0.23103	0.02970	0.02129	0.02194	0.01678	0.00791	0.00694	0.00177	0.00630	0.00645	0.00613	0.50332
39	0.01207	0.00810	0.00931	0.00931	0.00939	0.00819	0.00534	0.01224	0.01215	0.01629	0.02595	0.05312	0.02966	0.67107	0.07852	0.00836	0.00887	0.01190	0.00500	0.00517
40	0.01214	0.00881	0.01292	0.01292	0.01444	0.01018	0.01004	0.01518	0.01366	0.02017	0.02262	0.03251	0.02081	0.05830	0.62424	0.01248	0.02085	0.00881	0.06144	0.00744
41	0.02221	0.71304	0.04353	0.01421	0.02132	0.03287	0.01421	0.02488	0.01688	0.01955	0.01155	0.01333	0.01066	0.00711	0.00533	0.00178	0.00888	0.00444	0.00355	0.01066
42	0.02066	0.01785	0.01878	0.01691	0.02160	0.02066	0.01315	0.04414	0.64121	0.03475	0.03381	0.03099	0.02536	0.01127	0.00845	0.00282	0.00657	0.00939	0.00845	0.01315
43	0.01219	0.00827	0.01015	0.01015	0.01065	0.00867	0.00652	0.01319	0.01269	0.01770	0.02516	0.04733	0.02721	0.49897	0.21138	0.00918	0.01168	0.01101	0.04208	0.00581
44	0.01076	0.00845	0.00973	0.00941	0.01180	0.00742	0.00706	0.01375	0.02117	0.02774	0.36105	0.07122	0.37265	0.01906	0.00981	0.00271	0.00407	0.01631	0.00841	0.00742
45	0.01723	0.01477	0.01723	0.01230	0.01969	0.01107	0.00984	0.02092	0.01723	0.02707	0.01477	0.01723	0.01230	0.00615	0.00615	0.00123	0.00615	0.00492	0.00492	0.75883
46	0.01700	0.01617	0.02698	0.49070	0.19248	0.01928	0.02326	0.02212	0.01685	0.02249	0.01467	0.02148	0.01154	0.00857	0.00973	0.00277	0.06262	0.00738	0.00378	0.01012
47	0.03103	0.03959	0.02354	0.02140	0.02568	0.67469	0.01605	0.03317	0.02354	0.02033	0.01284	0.01498	0.01070	0.00856	0.00749	0.00214	0.01498	0.00535	0.00428	0.00963
48	0.02033	0.01950	0.03331	0.08090	0.62810	0.01968	0.02538	0.02530	0.01881	0.02686	0.01559	0.02064	0.01306	0.00744	0.00823	0.00248	0.00993	0.00740	0.00409	0.01297
49	0.01723	0.01477	0.01723	0.01230	0.01969	0.01107	0.00984	0.02092	0.01723	0.02707	0.01477	0.01723	0.01230	0.00615	0.00615	0.00123	0.00615	0.00492	0.00492	0.75883
50	0.01039	0.00748	0.00953	0.01097	0.01165	0.00697	0.00729	0.01183	0.01603	0.02122	0.07163	0.54884	0.10329	0.10430	0.01418	0.00384	0.00511	0.02142	0.00746	0.00662
51	0.03727	0.01414	0.01928	0.01478	0.02121	0.01221	0.01221	0.04049	0.02378	0.66198	0.03277	0.02828	0.02056	0.01028	0.00835	0.00257	0.00707	0.00835	0.01028	0.01414
52	0.01187	0.00890	0.01335	0.01335	0.01483	0.01038	0.01038	0.01483	0.01335	0.01928	0.02225	0.03264	0.02077	0.06231	0.67512	0.01335	0.02225	0.00890	0.00445	0.00742
53	0.00982	0.00842	0.00842	0.00842	0.01122	0.00701	0.00631	0.01192	0.01894	0.02244	0.08416	0.07995	0.65285	0.02104	0.00982	0.00281	0.00421	0.01753	0.00771	0.00701
54	0.01606	0.01514	0.02559	0.63965	0.10275	0.01855	0.02326	0.02155	0.01679	0.02168	0.01483	0.02203	0.01123	0.00824	0.00830	0.00275	0.01098	0.00738	0.00372	0.00953
55	0.01208	0.00805	0.00906	0.00906	0.00906	0.00805	0.00503	0.01208	0.01208	0.01611	0.02618	0.05436	0.03020	0.70804	0.04228	0.00805	0.00805	0.01208	0.00503	0.00503
56	0.02056	0.01974	0.03372	0.05099	0.65622	0.01974	0.02550	0.02550	0.01892	0.02714	0.01563	0.02056	0.01316	0.00740	0.00822	0.00247	0.00987	0.00740	0.00411	0.01316
57	0.02449	0.01958	0.01827	0.01547	0.01998	0.10433	0.01223	0.25313	0.14132	0.03826	0.02380	0.02476	0.01798	0.00994	0.00745	0.00233	0.00779	0.00763	0.23989	0.01137
58	0.01706	0.01393	0.01990	0.01662	0.02036	0.01466	0.07874	0.12338	0.01901	0.02678	0.02091	0.05329	0.01904	0.07423	0.30852	0.00761	0.04297	0.00890	0.00528	0.10884
59	0.02133	0.18349	0.35600	0.02071	0.02982	0.14017	0.02300	0.05691	0.04884	0.02543	0.01495	0.01693	0.01146	0.00810	0.00732	0.00236	0.01162	0.00585	0.00412	0.01159
60	0.02093	0.55856	0.18681	0.01640	0.02470	0.02974	0.01801	0.02521	0.01703	0.02110	0.01232	0.01430	0.01063	0.00729	0.00592	0.00197	0.00967	0.00483	0.00354	0.01103
61	0.01037	0.00741	0.00992	0.01185	0.01244	0.00696	0.00814	0.01200	0.01615	0.02148	0.04565	0.65633	0.05440	0.02579	0.01067	0.00341	0.00503	0.06746	0.00771	0.00682
62	0.01987	0.01903	0.03247	0.14155	0.57107	0.01956	0.02515	0.02489	0.01859	0.02630	0.01550	0.02079	0.01286	0.00753	0.00824	0.00251	0.01004	0.00740	0.00405	0.01260
63	0.01620	0.01414	0.01450	0.01338	0.01687	0.04530	0.01025	0.02834	0.29809	0.03080	0.21324	0.05011	0.18527	0.01498	0.00909	0.00273	0.00570	0.01263	0.00827	0.01010
64	0.01208	0.00805	0.00906	0.00906	0.00906	0.00805	0.00503	0.01208	0.01208	0.01611	0.02618	0.05436	0.03020	0.70804	0.04228	0.00805	0.00805	0.01208	0.00503	0.00503
65	0.01680	0.04202	0.63653	0.02420	0.03630	0.01937	0.05821	0.02632	0.01763	0.02632	0.01500	0.01776	0.01062	0.00785	0.00798	0.00264	0.01236	0.00631	0.00354	0.01223
66	0.02038	0.02081	0.06289	0.04973	0.62756	0.01972	0.02574	0.02553	0.01885	0.02710	0.01559	0.02042	0.01304	0.00742	0.00821	0.00247	0.00998	0.00734	0.00408	0.01312
67	0.01124	0.00815	0.01086	0.01262	0.01379	0.00776	0.00959	0.01358	0.01728	0.02259	0.04828	0.43810	0.10118	0.02454	0.01085	0.00349	0.00576	0.22558	0.00769	0.00709
68	0.00997	0.00842	0.00863	0.00858	0.01132	0.00708	0.00643	0.01222	0.01930	0.02330	0.12910	0.07853	0.60737	0.02072	0.00982	0.00279	0.00419	0.01733	0.00783	0.00708
69	0.01666	0.04297	0.66500	0.02368	0.03596	0.01929	0.03069	0.02631	0.01754	0.02631	0.01491	0.01754	0.01052	0.00789	0.00789	0.00263	0.01228	0.00614	0.00351	0.01228
70	0.03103	0.03959	0.02354	0.02140	0.02568	0.67469	0.01605	0.03317	0.02354	0.02033	0.01284	0.01498	0.01070	0.00856	0.00749	0.00214	0.01498	0.00535	0.00428	0.00963
71	0.02056	0.01974	0.03372	0.05099	0.65622	0.01974	0.02550	0.02550	0.01892	0.02714	0.01563	0.02056	0.01316	0.00740	0.00822	0.00247	0.00987	0.00740	0.00411	0.01316
72	0.01645	0.01565	0.02584	0.54870	0.11154	0.01939	0.02274	0.02150	0.01639	0.02166	0.01440	0.02153	0.01126	0.00894	0.01050	0.00284	0.08999	0.00737	0.00373	0.00960
73	0.01094	0.00824	0.00874	0.00874	0.01015	0.00753	0.00568	0.01200	0.01553	0.01930	0.05537	0.06725	0.34372	0.36213	0.02594	0.00541	0.00612	0.01483	0.00638	0.00603
74	0.01272	0.01015	0.01498	0.01449	0.01577	0.01241	0.01143	0.01553	0.01327	0.01938	0.02072	0.03069	0.01944	0.05587	0.58787	0.01204	0.11257	0.00868	0.00434	0.00764
75	0.02074	0.01933	0.02068	0.01860	0.09482	0.09831	0.01302	0.08086	0.02031	0.02862	0.01511	0.01758	0.01237	0.00697	0.00677	0.00161	0.00800	0.00551	0.00507	0.50572
76	0.02906	0.18979	0.02800	0.01980	0.02471	0.53155	0.01564	0.03132	0.02206	0.02016	0.01255	0.01461	0.01069	0.00824	0.00701	0.00206	0.01362	0.00515	0.00412	0.00986
77	0.02221	0.71304	0.04353	0.01421	0.02132	0.03287	0.01421	0.02488	0.01688	0.01955	0.01155	0.01333	0.01066	0.00711	0.00533	0.00178	0.00888	0.00444	0.00355	0.01066
78	0.03142	0.02797	0.02453	0.01977	0.02574	0.21252	0.01587	0.45718	0.03459	0.04314	0.01790	0.01852	0.01314	0.00957	0.00807	0.00239	0.01082	0.00687	0.00715	0.01283
79	0.01050	0.00750	0.01007	0.01200	0.01265	0.00707	0.00837	0.01222	0.01628	0.02163	0.04558	0.63204	0.05412	0.02567	0.01070	0.00343	0.00515	0.09047	0.00770	0.00685
80	0.03158	0.02327	0.02493	0.01911	0.02576	0.02576	0.01579	0.62852	0.03906	0.05236	0.01995	0.01995	0.01413	0.00997	0.00831	0.00249	0.00914	0.00748	0.00831	0.01413
81	0.01239	0.01001	0.01125	0.01118	0.01367	0.00979	0.00826	0.01889	0.14090	0.02672	0.17761	0.20572	0.28354	0.01944	0.00972	0.00290	0.00475	0.01680	0.00814	0.00832
82	0.00982	0.00842	0.00842	0.00842	0.01122	0.00701	0.00631	0.01192	0.01894	0.02244	0.08416	0.07995	0.65285	0.02104	0.00982	0.00281	0.00421	0.01753	0.00771	0.00701
83	0.02056	0.01974	0.03372	0.05099	0.65622	0.01974	0.02550	0.02550	0.01892	0.02714	0.01563	0.02056	0.01316	0.00740	0.00822	0.00247	0.00987	0.00740	0.00411	0.01316
84	0.00982	0.00842	0.00842	0.00842	0.01122	0.00701	0.00631	0.01192	0.01894	0.02244	0.08416	0.07995	0.65285	0.02104	0.00982	0.00281	0.00421	0.01753	0.00771	0.00701
85	0.02958	0.03726	0.02277	0.02079	0.02486	0.62419	0.01562	0.03178	0.02277	0.02025	0.01356	0.01632	0.01147	0.01265	0.05824	0.00299	0.01553	0.00562	0.00429	0.00946
86	0.01929	0.01844	0.03142	0.21736	0.49980	0.01940	0.02486	0.02438	0.01831	0.02560	0.01540	0.02098	0.01261	0.00764	0.00825	0.00255	0.01018	0.00740	0.00400	0.01213
87	0.01820	0.01690	0.01449	0.01378	0.01576	0.16345	0.00964	0.08846	0.01941	0.02346	0.05949	0.20580	0.03258	0.25769	0.02063	0.00458	0.00875	0.01307	0.00613	0.00773
88	0.02722	0.01992	0.02161	0.01709	0.02233	0.02193	0.01367	0.49118	0.03311	0.04443	0.02113	0.02651	0.01723	0.13248	0.04841	0.00401	0.00963	0.00834	0.00755	0.01222
89	0.02290	0.02417	0.03145	0.04439	0.51559	0.16581	0.02339	0.02721	0.01995	0.02562	0.01501	0.01932	0.01261	0.00766	0.00806	0.00239	0.01101	0.00694	0.00415	0.01237
90	0.01386	0.01112	0.01690	0.02076	0.15655	0.01193	0.01252	0.01658	0.01430	0.02030	0.02168	0.03495	0.02125	0.19893	0.38049	0.00970	0.01622	0.00930	0.00451	0.00815
91	0.02701	0.01660	0.02455	0.01866	0.02455	0.01625	0.14846	0.16714	0.02488	0.23524	0.02497	0.02568	0.01748	0.00934	0.00808	0.00246	0.00835	0.00834	0.17997	0.01201

[dist]
# distance from previous block
# <min> <max>
0	6

[block]
# block no. 3 follows, 22 sequences, length 11
# corresponding to MSA columns:
# 255-265
name=unknown_D
#
# <colnr> <probs for GDERKNQSTAVLIFYWHMCP>
#	G	D	E	R	K	N	Q	S	T	A	V	L	I	F	Y	W	H	M	C	P
0	0.01984	0.02176	0.04528	0.03892	0.19324	0.02070	0.47923	0.02634	0.01944	0.02674	0.01652	0.02196	0.01274	0.00710	0.00942	0.00272	0.01299	0.00922	0.00418	0.01168
1	0.02056	0.01974	0.03372	0.05099	0.65622	0.01974	0.02550	0.02550	0.01892	0.02714	0.01563	0.02056	0.01316	0.00740	0.00822	0.00247	0.00987	0.00740	0.00411	0.01316
2	0.01569	0.01477	0.02492	0.68808	0.05722	0.01846	0.02307	0.02123	0.01661	0.02123	0.01477	0.02215	0.01107	0.00831	0.00831	0.00277	0.01107	0.00738	0.00369	0.00923
3	0.02056	0.01974	0.03372	0.05099	0.65622	0.01974	0.02550	0.02550	0.01892	0.02714	0.01563	0.02056	0.01316	0.00740	0.00822	0.00247	0.00987	0.00740	0.00411	0.01316
4	0.09194	0.00877	0.00949	0.00968	0.01031	0.00896	0.00591	0.01331	0.01294	0.01922	0.02793	0.15920	0.03212	0.51877	0.03300	0.00668	0.00734	0.01322	0.00550	0.00574
5	0.02124	0.12530	0.02095	0.01566	0.01903	0.20922	0.01225	0.08641	0.02024	0.02331	0.02290	0.08433	0.02345	0.16083	0.04323	0.00414	0.01063	0.08269	0.00544	0.00875
6	0.02091	0.12858	0.25219	0.02679	0.06503	0.02115	0.24201	0.02768	0.01892	0.09302	0.01704	0.01998	0.01249	0.00769	0.00828	0.00255	0.01174	0.00752	0.00452	0.01189
7	0.19528	0.02961	0.27327	0.06202	0.02873	0.09350	0.02007	0.02975	0.13743	0.02951	0.01752	0.01919	0.01308	0.00860	0.00734	0.00261	0.01003	0.00637	0.00494	0.01118
8	0.02254	0.35177	0.03147	0.09985	0.02592	0.21330	0.01496	0.02535	0.01900	0.02031	0.02054	0.02244	0.08338	0.00925	0.00683	0.00212	0.01039	0.00655	0.00425	0.00977
9	0.02317	0.10217	0.03501	0.07319	0.24184	0.13182	0.15276	0.09077	0.02161	0.02735	0.01536	0.01924	0.01232	0.00780	0.00813	0.00243	0.01151	0.00726	0.00452	0.01173
10	0.06872	0.12671	0.02419	0.01711	0.02184	0.13439	0.07717	0.06666	0.04427	0.02570	0.02230	0.16812	0.02207	0.01511	0.04790	0.00308	0.00990	0.01010	0.00550	0.08915

[dist]
# distance from previous block
# <min> <max>
8	104

[block]
# block no. 4 follows, 22 sequences, length 7
# corresponding to MSA columns:
# 372-378
name=unknown_E
#
# <colnr> <probs for GDERKNQSTAVLIFYWHMCP>
#	G	D	E	R	K	N	Q	S	T	A	V	L	I	F	Y	W	H	M	C	P
0	0.01840	0.02051	0.09940	0.01648	0.02052	0.15891	0.01474	0.02227	0.02028	0.05901	0.08197	0.09436	0.09374	0.01665	0.00962	0.00301	0.00908	0.22547	0.00663	0.00895
1	0.02288	0.17185	0.31679	0.02078	0.02946	0.18679	0.02226	0.08924	0.02111	0.02614	0.01424	0.01632	0.01096	0.00812	0.00733	0.00233	0.01197	0.00574	0.00420	0.01149
2	0.02176	0.15371	0.03090	0.14709	0.06151	0.11670	0.11117	0.10153	0.04483	0.02612	0.01645	0.02062	0.01328	0.01417	0.08162	0.00362	0.01244	0.00716	0.00470	0.01062
3	0.02160	0.01552	0.01870	0.01739	0.05198	0.01686	0.01277	0.22975	0.07088	0.08073	0.02829	0.19571	0.02708	0.06769	0.06253	0.00402	0.04832	0.01215	0.00731	0.01071
4	0.02149	0.01796	0.01640	0.01507	0.01779	0.18401	0.01128	0.02370	0.01902	0.13498	0.08483	0.13259	0.02938	0.11011	0.10224	0.00478	0.04807	0.01099	0.00641	0.00891
5	0.02256	0.13528	0.25355	0.01860	0.02594	0.19757	0.01918	0.02780	0.01946	0.06544	0.01688	0.01898	0.01291	0.00839	0.00711	0.00226	0.01087	0.00606	0.12043	0.01073
6	0.01947	0.24856	0.08987	0.01612	0.02060	0.11906	0.01461	0.02181	0.01603	0.01955	0.01458	0.01996	0.01324	0.02213	0.14404	0.11786	0.06357	0.00626	0.00385	0.00885

[dist]
# distance from previous block
# <min> <max>
4	8

[block]
# block no. 5 follows, 22 sequences, length 78
# corresponding to MSA columns:
# 387-464
name=unknown_F
#
# <colnr> <probs for GDERKNQSTAVLIFYWHMCP>
#	G	D	E	R	K	N	Q	S	T	A	V	L	I	F	Y	W	H	M	C	P
0	0.02034	0.20667	0.23693	0.02471	0.14120	0.08960	0.02135	0.02742	0.07028	0.02518	0.04914	0.02021	0.01587	0.00843	0.00740	0.00235	0.01033	0.00659	0.00442	0.01159
1	0.05808	0.16861	0.32514	0.02168	0.06509	0.02348	0.02261	0.16585	0.02232	0.03160	0.01529	0.01724	0.01146	0.00818	0.00737	0.00242	0.01045	0.00611	0.00475	0.01228
2	0.02357	0.17459	0.09126	0.03039	0.25229	0.17529	0.02027	0.05994	0.05036	0.02555	0.01514	0.01790	0.01244	0.00798	0.00742	0.00228	0.01088	0.00627	0.00441	0.01177
3	0.05085	0.02983	0.31182	0.02271	0.03145	0.05153	0.15049	0.02736	0.07497	0.05739	0.02522	0.02684	0.08314	0.00959	0.00844	0.00267	0.01088	0.00846	0.00500	0.01136
4	0.01050	0.00743	0.00970	0.01125	0.01170	0.00710	0.00740	0.01178	0.01520	0.02033	0.04174	0.57319	0.04965	0.13451	0.04309	0.00452	0.00605	0.02120	0.00716	0.00651
5	0.01309	0.01038	0.01281	0.01188	0.01524	0.00855	0.00860	0.01547	0.01646	0.02366	0.03283	0.41632	0.03713	0.01772	0.00874	0.00248	0.00538	0.01581	0.00655	0.32090
6	0.02221	0.71304	0.04353	0.01421	0.02132	0.03287	0.01421	0.02488	0.01688	0.01955	0.01155	0.01333	0.01066	0.00711	0.00533	0.00178	0.00888	0.00444	0.00355	0.01066
7	0.01012	0.00723	0.00964	0.01157	0.01205	0.00675	0.00771	0.01157	0.01591	0.02121	0.04579	0.70262	0.05495	0.02603	0.01060	0.00337	0.00482	0.02362	0.00771	0.00675
8	0.01961	0.02241	0.04902	0.03501	0.04342	0.02101	0.62605	0.02661	0.01961	0.02661	0.01681	0.02241	0.01261	0.00700	0.00980	0.00280	0.01401	0.00980	0.00420	0.01120
9	0.02448	0.01974	0.02094	0.01768	0.02306	0.02245	0.01407	0.24860	0.43054	0.04091	0.02896	0.02713	0.02143	0.01082	0.00840	0.00270	0.00747	0.00872	0.00840	0.01349
10	0.01035	0.00844	0.00915	0.00898	0.01155	0.00724	0.00673	0.01295	0.02019	0.02543	0.24014	0.07503	0.49501	0.01992	0.00981	0.00275	0.00413	0.01684	0.00811	0.00724
11	0.01122	0.00887	0.01037	0.01112	0.01358	0.00802	0.00910	0.01400	0.01901	0.02339	0.06835	0.08536	0.41473	0.02179	0.01047	0.00321	0.00556	0.24689	0.00769	0.00726
12	0.02056	0.01974	0.03372	0.05099	0.65622	0.01974	0.02550	0.02550	0.01892	0.02714	0.01563	0.02056	0.01316	0.00740	0.00822	0.00247	0.00987	0.00740	0.00411	0.01316
13	0.01086	0.00818	0.01023	0.01158	0.01312	0.00755	0.00874	0.01311	0.01763	0.02251	0.05677	0.36137	0.23150	0.02375	0.01059	0.00332	0.00536	0.16905	0.00770	0.00706
14	0.03103	0.03959	0.02354	0.02140	0.02568	0.67469	0.01605	0.03317	0.02354	0.02033	0.01284	0.01498	0.01070	0.00856	0.00749	0.00214	0.01498	0.00535	0.00428	0.00963
15	0.02031	0.01948	0.03327	0.08382	0.62536	0.01967	0.02537	0.02528	0.01880	0.02684	0.01558	0.02064	0.01305	0.00745	0.00823	0.00248	0.00993	0.00740	0.00409	0.01296
16	0.02290	0.02279	0.15211	0.02951	0.24143	0.01851	0.02068	0.03355	0.19071	0.14629	0.02365	0.02426	0.01736	0.00910	0.00825	0.00262	0.00892	0.00787	0.00633	0.01316
17	0.01834	0.03126	0.31431	0.03013	0.04020	0.02027	0.36964	0.02648	0.01872	0.02648	0.01599	0.02031	0.01171	0.00739	0.00898	0.00273	0.01326	0.00823	0.00390	0.01167
18	0.02056	0.01974	0.03372	0.05099	0.65622	0.01974	0.02550	0.02550	0.01892	0.02714	0.01563	0.02056	0.01316	0.00740	0.00822	0.00247	0.00987	0.00740	0.00411	0.01316
19	0.01949	0.01927	0.08730	0.01509	0.01928	0.08139	0.01279	0.18023	0.02400	0.03169	0.16958	0.03896	0.05860	0.15280	0.04969	0.00418	0.00912	0.01028	0.00670	0.00956
20	0.02056	0.01974	0.03372	0.05099	0.65622	0.01974	0.02550	0.02550	0.01892	0.02714	0.01563	0.02056	0.01316	0.00740	0.00822	0.00247	0.00987	0.00740	0.00411	0.01316
21	0.02995	0.02246	0.02401	0.01878	0.02514	0.02500	0.01539	0.54106	0.12918	0.04972	0.02202	0.02160	0.01581	0.01017	0.00833	0.00254	0.00876	0.00777	0.00833	0.01398
22	0.00992	0.00842	0.00855	0.00852	0.01128	0.00706	0.00639	0.01212	0.01917	0.02300	0.11354	0.07902	0.62312	0.02083	0.00982	0.00280	0.00419	0.01740	0.00779	0.00706
23	0.01666	0.04297	0.66500	0.02368	0.03596	0.01929	0.03069	0.02631	0.01754	0.02631	0.01491	0.01754	0.01052	0.00789	0.00789	0.00263	0.01228	0.00614	0.00351	0.01228
24	0.03103	0.03959	0.02354	0.02140	0.02568	0.67469	0.01605	0.03317	0.02354	0.02033	0.01284	0.01498	0.01070	0.00856	0.00749	0.00214	0.01498	0.00535	0.00428	0.00963
25	0.01194	0.00861	0.01186	0.01186	0.01283	0.00958	0.00853	0.01388	0.01291	0.01818	0.02361	0.04017	0.02404	0.28618	0.45572	0.01151	0.01733	0.01000	0.00465	0.00659
26	0.01176	0.00849	0.01110	0.01045	0.01241	0.00784	0.00784	0.01568	0.02352	0.03331	0.65184	0.06206	0.07839	0.01698	0.00980	0.00261	0.00392	0.01502	0.00914	0.00784
27	0.02066	0.01785	0.01878	0.01691	0.02160	0.02066	0.01315	0.04414	0.64121	0.03475	0.03381	0.03099	0.02536	0.01127	0.00845	0.00282	0.00657	0.00939	0.00845	0.01315
28	0.01723	0.01477	0.01723	0.01230	0.01969	0.01107	0.00984	0.02092	0.01723	0.02707	0.01477	0.01723	0.01230	0.00615	0.00615	0.00123	0.00615	0.00492	0.00492	0.75883
29	0.01163	0.00786	0.00920	0.00964	0.00976	0.00775	0.00566	0.01196	0.01297	0.01729	0.03073	0.20503	0.03595	0.54954	0.03492	0.00697	0.00730	0.01476	0.00566	0.00543
30	0.01220	0.00939	0.01399	0.01380	0.01520	0.01118	0.01080	0.01511	0.01332	0.01932	0.02165	0.03187	0.02025	0.05978	0.64094	0.01284	0.05764	0.00881	0.00441	0.00751
31	0.02056	0.01974	0.03372	0.05099	0.65622	0.01974	0.02550	0.02550	0.01892	0.02714	0.01563	0.02056	0.01316	0.00740	0.00822	0.00247	0.00987	0.00740	0.00411	0.01316
32	0.01187	0.00890	0.01335	0.01335	0.01483	0.01038	0.01038	0.01483	0.01335	0.01928	0.02225	0.03264	0.02077	0.06231	0.67512	0.01335	0.02225	0.00890	0.00445	0.00742
33	0.02018	0.01721	0.02223	0.02233	0.16855	0.01531	0.01438	0.11409	0.02093	0.03092	0.01575	0.01841	0.01278	0.00702	0.00696	0.00171	0.00747	0.00589	0.00525	0.47263
34	0.01187	0.00890	0.01335	0.01335	0.01483	0.01038	0.01038	0.01483	0.01335	0.01928	0.02225	0.03264	0.02077	0.06231	0.67512	0.01335	0.02225	0.00890	0.00445	0.00742
35	0.02000	0.03340	0.37587	0.02538	0.03540	0.02083	0.17417	0.12437	0.05443	0.03103	0.01719	0.01984	0.01240	0.00819	0.00846	0.00266	0.01190	0.00743	0.00471	0.01236
36	0.02185	0.29970	0.28980	0.01956	0.02815	0.16390	0.02125	0.02722	0.01856	0.02244	0.01318	0.01538	0.01061	0.00773	0.00682	0.00220	0.01155	0.00532	0.00369	0.01109
37	0.01961	0.02241	0.04902	0.03501	0.04342	0.02101	0.62605	0.02661	0.01961	0.02661	0.01681	0.02241	0.01261	0.00700	0.00980	0.00280	0.01401	0.00980	0.00420	0.01120
38	0.00982	0.00842	0.00842	0.00842	0.01122	0.00701	0.00631	0.01192	0.01894	0.02244	0.08416	0.07995	0.65285	0.02104	0.00982	0.00281	0.00421	0.01753	0.00771	0.00701
39	0.01951	0.01869	0.02775	0.03948	0.46524	0.05141	0.02073	0.05233	0.02013	0.02707	0.02928	0.03202	0.13991	0.01029	0.00851	0.00252	0.00898	0.00931	0.00504	0.01180
40	0.00982	0.00842	0.00842	0.00842	0.01122	0.00701	0.00631	0.01192	0.01894	0.02244	0.08416	0.07995	0.65285	0.02104	0.00982	0.00281	0.00421	0.01753	0.00771	0.00701
41	0.02056	0.01974	0.03372	0.05099	0.65622	0.01974	0.02550	0.02550	0.01892	0.02714	0.01563	0.02056	0.01316	0.00740	0.00822	0.00247	0.00987	0.00740	0.00411	0.01316
42	0.02131	0.02358	0.02739	0.02305	0.02489	0.17589	0.07912	0.02372	0.01593	0.02074	0.01195	0.01786	0.01103	0.01239	0.02090	0.00320	0.46668	0.00708	0.00384	0.00943
43	0.02110	0.02197	0.02732	0.17338	0.26211	0.14895	0.04619	0.02812	0.10475	0.02535	0.02046	0.02393	0.04213	0.00894	0.00827	0.00254	0.01061	0.00781	0.00481	0.01127
44	0.01208	0.00805	0.00906	0.00906	0.00906	0.00805	0.00503	0.01208	0.01208	0.01611	0.02618	0.05436	0.03020	0.70804	0.04228	0.00805	0.00805	0.01208	0.00503	0.00503
45	0.01012	0.00723	0.00964	0.01157	0.01205	0.00675	0.00771	0.01157	0.01591	0.02121	0.04579	0.70262	0.05495	0.02603	0.01060	0.00337	0.00482	0.02362	0.00771	0.00675
46	0.09054	0.02504	0.17062	0.03725	0.30611	0.01986	0.17838	0.02585	0.01834	0.02779	0.01539	0.01971	0.01206	0.00743	0.00826	0.00260	0.01111	0.00747	0.00410	0.01208
47	0.02056	0.01974	0.03372	0.05099	0.65622	0.01974	0.02550	0.02550	0.01892	0.02714	0.01563	0.02056	0.01316	0.00740	0.00822	0.00247	0.00987	0.00740	0.00411	0.01316
48	0.01549	0.00774	0.00774	0.00774	0.00968	0.00774	0.00581	0.01936	0.01742	0.03097	0.02710	0.03097	0.02129	0.00968	0.00581	0.00194	0.00387	0.00774	0.75416	0.00774
49	0.01952	0.01868	0.03184	0.18698	0.52836	0.01946	0.02498	0.02458	0.01842	0.02588	0.01544	0.02090	0.01271	0.00759	0.00824	0.00253	0.01013	0.00740	0.00402	0.01232
50	0.02318	0.63922	0.04134	0.01500	0.02180	0.10322	0.01442	0.02579	0.01761	0.01963	0.01169	0.01351	0.01067	0.00727	0.00557	0.00182	0.00955	0.00454	0.00363	0.01055
51	0.01961	0.02241	0.04902	0.03501	0.04342	0.02101	0.62605	0.02661	0.01961	0.02661	0.01681	0.02241	0.01261	0.00700	0.00980	0.00280	0.01401	0.00980	0.00420	0.01120
52	0.00982	0.00842	0.00842	0.00842	0.01122	0.00701	0.00631	0.01192	0.01894	0.02244	0.08416	0.07995	0.65285	0.02104	0.00982	0.00281	0.00421	0.01753	0.00771	0.00701
53	0.01028	0.00734	0.00982	0.01175	0.01230	0.00689	0.00799	0.01184	0.01606	0.02139	0.04570	0.67289	0.05460	0.02588	0.01065	0.00340	0.00496	0.05178	0.00771	0.00679
54	0.02357	0.02291	0.01915	0.01697	0.02091	0.20480	0.01277	0.12385	0.24906	0.02964	0.02422	0.02939	0.02044	0.14845	0.01487	0.00361	0.00965	0.00848	0.00657	0.01069
55	0.03103	0.03959	0.02354	0.02140	0.02568	0.67469	0.01605	0.03317	0.02354	0.02033	0.01284	0.01498	0.01070	0.00856	0.00749	0.00214	0.01498	0.00535	0.00428	0.00963
56	0.01012	0.00723	0.00964	0.01157	0.01205	0.00675	0.00771	0.01157	0.01591	0.02121	0.04579	0.70262	0.05495	0.02603	0.01060	0.00337	0.00482	0.02362	0.00771	0.00675
57	0.01839	0.01752	0.02980	0.33468	0.38949	0.01917	0.02442	0.02359	0.01789	0.02451	0.01524	0.02127	0.01223	0.00780	0.00826	0.00260	0.01041	0.00739	0.00392	0.01141
58	0.03122	0.03388	0.02403	0.02060	0.02571	0.44765	0.01596	0.24147	0.02897	0.03154	0.01533	0.01672	0.01190	0.00905	0.00778	0.00226	0.01294	0.00610	0.00569	0.01120
59	0.02056	0.01974	0.03372	0.05099	0.65622	0.01974	0.02550	0.02550	0.01892	0.02714	0.01563	0.02056	0.01316	0.00740	0.00822	0.00247	0.00987	0.00740	0.00411	0.01316
60	0.01394	0.00730	0.01057	0.01068	0.01071	0.00728	0.00702	0.01100	0.01124	0.01499	0.01744	0.06692	0.01839	0.09957	0.03224	0.63696	0.00717	0.00866	0.00399	0.00394
61	0.01493	0.02071	0.21592	0.05529	0.06153	0.01361	0.01992	0.02070	0.01849	0.02525	0.03187	0.06231	0.03241	0.01665	0.01002	0.00332	0.00938	0.35225	0.00596	0.00947
62	0.02010	0.01927	0.03289	0.11102	0.59979	0.01962	0.02527	0.02509	0.01870	0.02658	0.01555	0.02071	0.01296	0.00749	0.00823	0.00250	0.00998	0.00740	0.00407	0.01279
63	0.01961	0.02241	0.04902	0.03501	0.04342	0.02101	0.62605	0.02661	0.01961	0.02661	0.01681	0.02241	0.01261	0.00700	0.00980	0.00280	0.01401	0.00980	0.00420	0.01120
64	0.03132	0.03114	0.02426	0.02022	0.02572	0.33883	0.01592	0.34130	0.03157	0.03691	0.01652	0.01755	0.01247	0.00929	0.00791	0.00232	0.01196	0.00645	0.00637	0.01196
65	0.00998	0.00777	0.00908	0.01014	0.01167	0.00687	0.00708	0.01173	0.01728	0.02177	0.06319	0.42017	0.32616	0.02376	0.01025	0.00312	0.00454	0.02086	0.00771	0.00687
66	0.01050	0.00765	0.00989	0.01099	0.01206	0.00704	0.00761	0.01262	0.01808	0.02432	0.19959	0.48522	0.11709	0.02332	0.01033	0.00313	0.00454	0.02091	0.00807	0.00704
67	0.01208	0.00805	0.00906	0.00906	0.00906	0.00805	0.00503	0.01208	0.01208	0.01611	0.02618	0.05436	0.03020	0.70804	0.04228	0.00805	0.00805	0.01208	0.00503	0.00503
68	0.68438	0.01515	0.01172	0.01058	0.01537	0.01744	0.00865	0.02387	0.01450	0.03658	0.01327	0.01541	0.01034	0.00793	0.00521	0.00250	0.00615	0.00485	0.08724	0.00886
69	0.01927	0.35745	0.37334	0.01924	0.02909	0.02567	0.02296	0.02564	0.01723	0.02313	0.01333	0.01556	0.01059	0.00752	0.00669	0.00223	0.01068	0.00534	0.00353	0.01152
70	0.01117	0.00843	0.01053	0.01157	0.01336	0.00778	0.00897	0.01380	0.01863	0.02400	0.12363	0.25885	0.24144	0.02257	0.01053	0.00325	0.00537	0.19108	0.00785	0.00722
71	0.01863	0.19241	0.49349	0.02145	0.03216	0.05578	0.02627	0.02634	0.01770	0.02449	0.01405	0.01647	0.01056	0.00775	0.00730	0.00242	0.01166	0.00572	0.00356	0.01178
72	0.02672	0.01705	0.01956	0.01621	0.02119	0.01794	0.01288	0.30114	0.09067	0.17348	0.03008	0.18149	0.02611	0.01390	0.00887	0.00275	0.00744	0.01161	0.00861	0.01232
73	0.14804	0.08632	0.02215	0.01739	0.02229	0.33627	0.01372	0.08972	0.02303	0.08444	0.06718	0.02013	0.01717	0.00928	0.00728	0.00229	0.01089	0.00641	0.00569	0.01032
74	0.01116	0.00899	0.01053	0.01092	0.01285	0.00859	0.00808	0.01438	0.04990	0.02366	0.11506	0.27115	0.32408	0.02158	0.01081	0.00305	0.03351	0.04654	0.00770	0.00743
75	0.01506	0.01183	0.01388	0.01139	0.01551	0.01012	0.00847	0.04815	0.01862	0.02694	0.15804	0.07261	0.05804	0.15531	0.01488	0.00317	0.00607	0.01016	0.00628	0.33544
76	0.02228	0.38252	0.06485	0.01594	0.02202	0.15529	0.01453	0.02800	0.10408	0.02241	0.02195	0.02264	0.07383	0.00933	0.00675	0.00213	0.00951	0.00664	0.00476	0.01053
77	0.01786	0.18707	0.53135	0.02164	0.03281	0.02221	0.02715	0.02600	0.01740	0.02485	0.01419	0.01663	0.01055	0.00772	0.00734	0.00245	0.01155	0.00577	0.00352	0.01193

[dist]
# distance from previous block
# <min> <max>
5	60

[block]
# block no. 6 follows, 22 sequences, length 7
# corresponding to MSA columns:
# 526-532
name=unknown_G
#
# <colnr> <probs for GDERKNQSTAVLIFYWHMCP>
#	G	D	E	R	K	N	Q	S	T	A	V	L	I	F	Y	W	H	M	C	P
0	0.02688	0.22203	0.10789	0.01974	0.02577	0.42055	0.01736	0.03009	0.02100	0.02085	0.01275	0.01485	0.01067	0.00809	0.00696	0.00210	0.01300	0.00520	0.00399	0.01023
1	0.02395	0.11532	0.03190	0.03726	0.38293	0.22012	0.02117	0.02774	0.02006	0.02409	0.01425	0.01793	0.01209	0.00772	0.00763	0.00228	0.01129	0.00640	0.00409	0.01177
2	0.02108	0.24453	0.02510	0.01430	0.01905	0.02145	0.01184	0.03126	0.25589	0.08522	0.02491	0.02944	0.02100	0.14445	0.01395	0.00346	0.00767	0.00818	0.00635	0.01085
3	0.01459	0.02252	0.23334	0.01924	0.02597	0.01403	0.13459	0.02071	0.02008	0.02802	0.23097	0.04252	0.13280	0.01269	0.00917	0.00269	0.00867	0.01148	0.00611	0.00982
4	0.01571	0.01531	0.01380	0.01408	0.01612	0.14640	0.01020	0.01982	0.08199	0.02230	0.03831	0.35298	0.09238	0.02492	0.09146	0.00424	0.00919	0.01602	0.00668	0.00811
5	0.02801	0.03023	0.02132	0.01881	0.02329	0.39960	0.01443	0.13923	0.10045	0.02908	0.01836	0.01972	0.01436	0.00928	0.00755	0.00226	0.01159	0.00651	0.09530	0.01063
6	0.11833	0.50131	0.10988	0.01536	0.02262	0.07176	0.01556	0.02553	0.01704	0.02267	0.01202	0.01394	0.01043	0.00737	0.00574	0.00200	0.00936	0.00470	0.00380	0.01056

[dist]
# distance from previous block
# <min> <max>
2	6

[block]
# block no. 7 follows, 22 sequences, length 65
# corresponding to MSA columns:
# 539-603
name=unknown_H
#
# <colnr> <probs for GDERKNQSTAVLIFYWHMCP>
#	G	D	E	R	K	N	Q	S	T	A	V	L	I	F	Y	W	H	M	C	P
0	0.01910	0.07650	0.01947	0.01777	0.08637	0.13966	0.01240	0.08906	0.05388	0.02671	0.07121	0.06808	0.25867	0.01431	0.00862	0.00253	0.00793	0.01161	0.00650	0.00961
1	0.02650	0.05505	0.02243	0.01836	0.02317	0.24286	0.01438	0.20728	0.16213	0.03255	0.02068	0.02289	0.01648	0.04839	0.04716	0.00331	0.01123	0.00737	0.00639	0.01140
2	0.01930	0.02046	0.02504	0.51096	0.07896	0.16284	0.02164	0.02406	0.01825	0.02131	0.01438	0.02050	0.01109	0.00832	0.00812	0.00262	0.01188	0.00694	0.00384	0.00951
3	0.01741	0.13287	0.58163	0.02241	0.03399	0.02111	0.02848	0.02612	0.01745	0.02540	0.01446	0.01697	0.01054	0.00779	0.00755	0.00252	0.01182	0.00591	0.00351	0.01206
4	0.01454	0.01106	0.01250	0.01183	0.01396	0.01182	0.00849	0.04641	0.15283	0.02401	0.03640	0.04699	0.12828	0.26531	0.14172	0.00651	0.00955	0.01142	0.03829	0.00808
5	0.02944	0.02178	0.02347	0.01841	0.02447	0.02416	0.01502	0.53073	0.10219	0.04832	0.02112	0.02143	0.01535	0.01118	0.00969	0.04532	0.00876	0.00767	0.00806	0.01343
6	0.01065	0.00785	0.00996	0.01069	0.01205	0.00717	0.00754	0.01306	0.01903	0.02563	0.26335	0.38223	0.15603	0.02209	0.01020	0.00302	0.00441	0.01967	0.00821	0.00717
7	0.02199	0.30556	0.28006	0.01946	0.02795	0.16840	0.02101	0.02725	0.01860	0.02234	0.01313	0.01532	0.01062	0.00773	0.00680	0.00219	0.01154	0.00530	0.00370	0.01106
8	0.01870	0.06573	0.34802	0.03559	0.31634	0.02017	0.02752	0.02587	0.01813	0.02635	0.01507	0.01870	0.01172	0.00763	0.00792	0.00251	0.01102	0.00663	0.00378	0.01260
9	0.02031	0.01948	0.03327	0.08366	0.62551	0.01967	0.02537	0.02528	0.01880	0.02684	0.01558	0.02064	0.01305	0.00745	0.00823	0.00248	0.00993	0.00740	0.00409	0.01296
10	0.01272	0.00916	0.01252	0.01400	0.01584	0.00897	0.01182	0.01627	0.01943	0.02557	0.12761	0.14103	0.08149	0.02232	0.01110	0.00357	0.00674	0.44443	0.00786	0.00757
11	0.02220	0.02449	0.06683	0.04292	0.48557	0.13578	0.02365	0.02761	0.04328	0.02618	0.01578	0.01980	0.01304	0.00778	0.00808	0.00243	0.01079	0.00704	0.00427	0.01248
12	0.02161	0.02830	0.13903	0.03231	0.19938	0.17542	0.15468	0.02685	0.01930	0.02446	0.01517	0.01961	0.01227	0.01087	0.04341	0.00311	0.05164	0.00730	0.00406	0.01122
13	0.01187	0.00890	0.01335	0.01335	0.01483	0.01038	0.01038	0.01483	0.01335	0.01928	0.02225	0.03264	0.02077	0.06231	0.67512	0.01335	0.02225	0.00890	0.00445	0.00742
14	0.02347	0.18733	0.27998	0.02073	0.02877	0.27759	0.02141	0.02867	0.01973	0.02251	0.01337	0.01563	0.01062	0.00798	0.00718	0.00225	0.01259	0.00546	0.00382	0.01089
