[name]
unknown

[dist]
# distance from previous block
# <min> <max>
0	42

[block]
# block no. 0 follows, 20 sequences, length 23
# corresponding to MSA columns:
# 42-64
name=unknown_A
#
# <colnr> <probs for GDERKNQSTAVLIFYWHMCP>
#	G	D	E	R	K	N	Q	S	T	A	V	L	I	F	Y	W	H	M	C	P
0	0.01365	0.01084	0.01308	0.03557	0.01709	0.01094	0.01066	0.02039	0.12600	0.02719	0.10988	0.19960	0.20026	0.02097	0.01057	0.00330	0.00604	0.14700	0.00822	0.00876
1	0.28164	0.10658	0.02402	0.01915	0.05976	0.19955	0.01460	0.14358	0.02338	0.03449	0.01451	0.01636	0.01148	0.00872	0.00696	0.00245	0.01032	0.00576	0.00554	0.01116
2	0.01218	0.04072	0.01287	0.01158	0.01363	0.00954	0.00872	0.01520	0.02003	0.02718	0.28556	0.18958	0.15509	0.02842	0.12458	0.00489	0.00800	0.01643	0.00790	0.00791
3	0.01298	0.01087	0.01120	0.01079	0.01381	0.01050	0.00798	0.01964	0.14569	0.02550	0.07020	0.07004	0.43760	0.09789	0.01397	0.00359	0.00541	0.01595	0.00794	0.00847
4	0.01690	0.04092	0.57433	0.02325	0.03488	0.01886	0.02944	0.02633	0.01914	0.02848	0.08750	0.02384	0.01932	0.00940	0.00852	0.00276	0.01187	0.00753	0.00437	0.01235
5	0.02578	0.02783	0.02805	0.02888	0.15309	0.25228	0.04049	0.09259	0.02217	0.02667	0.01504	0.01947	0.01278	0.01296	0.04337	0.00331	0.17212	0.00714	0.00477	0.01122
6	0.01902	0.11595	0.45119	0.02966	0.16067	0.02201	0.02909	0.02727	0.01864	0.02698	0.01540	0.01856	0.01164	0.00808	0.00805	0.00262	0.01195	0.00651	0.00382	0.01289
7	0.01031	0.00884	0.00884	0.00884	0.01178	0.00736	0.00663	0.01252	0.01988	0.02356	0.08837	0.08395	0.63549	0.02209	0.01031	0.00295	0.00442	0.01841	0.00810	0.00736
8	0.03316	0.03586	0.02475	0.02145	0.02667	0.47101	0.01652	0.16601	0.02844	0.07148	0.01660	0.01787	0.01276	0.00945	0.00812	0.00236	0.01377	0.00634	0.00589	0.01151
9	0.01058	0.00885	0.00921	0.00912	0.01195	0.00748	0.00684	0.01304	0.02052	0.02508	0.16108	0.08145	0.56183	0.02152	0.01031	0.00292	0.00438	0.01806	0.00830	0.00748
10	0.01246	0.00935	0.01402	0.01402	0.01558	0.01090	0.01090	0.01558	0.01402	0.02025	0.02336	0.03427	0.02181	0.06542	0.65888	0.01402	0.02336	0.00935	0.00467	0.00779
11	0.02476	0.33063	0.07802	0.02292	0.09631	0.19736	0.01842	0.02809	0.01943	0.02220	0.01316	0.01616	0.01153	0.00876	0.00910	0.00231	0.07997	0.00571	0.00401	0.01116
12	0.01706	0.03318	0.39381	0.02442	0.03423	0.01813	0.14522	0.02537	0.02016	0.02921	0.14439	0.02916	0.02628	0.01008	0.00911	0.00280	0.01144	0.00917	0.00506	0.01169
13	0.02191	0.16180	0.03496	0.06754	0.40608	0.06620	0.02239	0.02636	0.01994	0.02649	0.05315	0.02236	0.01720	0.00845	0.00806	0.00244	0.01019	0.00747	0.00451	0.01250
14	0.01788	0.02916	0.30227	0.03265	0.24355	0.01848	0.02590	0.02483	0.01801	0.02640	0.01752	0.02281	0.01425	0.01996	0.14334	0.00504	0.01418	0.00751	0.00411	0.01216
15	0.02274	0.01216	0.01523	0.01305	0.01726	0.01129	0.01027	0.02864	0.09263	0.25300	0.26313	0.05163	0.14183	0.01529	0.00958	0.00278	0.00567	0.01299	0.00971	0.01111
16	0.02178	0.02338	0.10211	0.07090	0.18665	0.02349	0.05762	0.11600	0.05291	0.03025	0.01657	0.02117	0.01346	0.01074	0.01470	0.00304	0.21017	0.00785	0.00500	0.01221
17	0.01268	0.00846	0.00951	0.00951	0.00951	0.00846	0.00529	0.01268	0.01268	0.01691	0.02748	0.05708	0.03171	0.69345	0.04440	0.00846	0.00846	0.01268	0.00529	0.00529
18	0.01878	0.07895	0.44273	0.02852	0.07169	0.02156	0.16082	0.02756	0.01894	0.02731	0.01593	0.01948	0.01170	0.00800	0.00860	0.00274	0.01294	0.00728	0.00389	0.01258
19	0.02750	0.10353	0.11575	0.02375	0.12008	0.13201	0.01851	0.05260	0.05306	0.19036	0.02559	0.02573	0.05351	0.01000	0.00825	0.00254	0.01021	0.00787	0.00652	0.01264
20	0.01469	0.01013	0.01207	0.01212	0.01436	0.00963	0.00871	0.06892	0.01938	0.02805	0.03782	0.41475	0.04135	0.01985	0.00933	0.00289	0.00542	0.01756	0.16000	0.09298
21	0.04953	0.02342	0.14829	0.01822	0.02452	0.01966	0.01691	0.24965	0.09683	0.03871	0.02724	0.16040	0.02450	0.01357	0.00890	0.00285	0.00863	0.01121	0.04478	0.01217
22	0.20543	0.02123	0.02455	0.13780	0.18643	0.09432	0.01843	0.09890	0.02180	0.08769	0.01703	0.02002	0.01289	0.00875	0.00779	0.00264	0.00996	0.00687	0.00564	0.01182

[dist]
# distance from previous block
# <min> <max>
5	9

[block]
# block no. 1 follows, 20 sequences, length 35
# corresponding to MSA columns:
# 76-110
name=unknown_B
#
# <colnr> <probs for GDERKNQSTAVLIFYWHMCP>
#	G	D	E	R	K	N	Q	S	T	A	V	L	I	F	Y	W	H	M	C	P
0	0.01951	0.02051	0.02115	0.01910	0.02145	0.18621	0.04136	0.02234	0.01702	0.02104	0.01806	0.02578	0.01651	0.03762	0.32859	0.00832	0.15399	0.00805	0.00444	0.00894
1	0.02933	0.27209	0.03208	0.01982	0.02536	0.43956	0.01618	0.03178	0.02227	0.02106	0.01301	0.01512	0.01122	0.00845	0.00707	0.00211	0.01348	0.00528	0.00423	0.01049
2	0.01268	0.00846	0.00951	0.00951	0.00951	0.00846	0.00529	0.01268	0.01268	0.01691	0.02748	0.05708	0.03171	0.69345	0.04440	0.00846	0.00846	0.01268	0.00529	0.00529
3	0.07804	0.14822	0.02983	0.02902	0.23104	0.10539	0.01814	0.03064	0.12664	0.02830	0.01822	0.02048	0.01486	0.00850	0.00757	0.00236	0.00962	0.00681	0.00520	0.08114
4	0.02887	0.25760	0.06305	0.01953	0.02599	0.27587	0.01691	0.16113	0.02574	0.02896	0.01482	0.01646	0.01202	0.00878	0.00732	0.00223	0.01207	0.00584	0.00515	0.01168
5	0.01239	0.00839	0.00988	0.01016	0.01032	0.00842	0.00602	0.01279	0.01332	0.01786	0.03006	0.14234	0.03467	0.56280	0.07807	0.00813	0.00892	0.01414	0.00563	0.00569
6	0.01235	0.00892	0.01166	0.01097	0.01303	0.00823	0.00823	0.01646	0.02469	0.03498	0.63443	0.06516	0.08230	0.01783	0.01029	0.00274	0.00412	0.01578	0.00960	0.00823
7	0.01908	0.01908	0.02672	0.02290	0.02290	0.02672	0.01908	0.02099	0.01336	0.02099	0.01145	0.01908	0.01145	0.01527	0.02863	0.00382	0.67748	0.00763	0.00382	0.00954
8	0.01061	0.00768	0.01003	0.01191	0.01259	0.00710	0.00799	0.01217	0.01693	0.02236	0.05093	0.64506	0.09854	0.02696	0.01108	0.00350	0.00502	0.02435	0.00810	0.00710
9	0.01051	0.00884	0.00911	0.00905	0.01190	0.00745	0.00678	0.01290	0.02035	0.02468	0.14186	0.08211	0.58130	0.02167	0.01031	0.00293	0.00439	0.01815	0.00825	0.00745
10	0.01626	0.00813	0.00813	0.00813	0.01016	0.00813	0.00610	0.02033	0.01829	0.03252	0.02846	0.03252	0.02236	0.01016	0.00610	0.00203	0.00407	0.00813	0.74187	0.00813
11	0.02159	0.02073	0.03541	0.05354	0.63903	0.02073	0.02677	0.02677	0.01986	0.02850	0.01641	0.02159	0.01382	0.00777	0.00864	0.00259	0.01036	0.00777	0.00432	0.01382
12	0.01183	0.00890	0.01094	0.01043	0.01271	0.00801	0.00782	0.01545	0.02346	0.03207	0.49504	0.06995	0.22352	0.01892	0.01029	0.00280	0.00419	0.01645	0.00922	0.00801
13	0.02159	0.02073	0.03541	0.05354	0.63903	0.02073	0.02677	0.02677	0.01986	0.02850	0.01641	0.02159	0.01382	0.00777	0.00864	0.00259	0.01036	0.00777	0.00432	0.01382
14	0.03258	0.04157	0.02472	0.02247	0.02697	0.65843	0.01685	0.03483	0.02472	0.02135	0.01348	0.01573	0.01124	0.00899	0.00787	0.00225	0.01573	0.00562	0.00449	0.01011
15	0.01235	0.00892	0.01166	0.01097	0.01303	0.00823	0.00823	0.01646	0.02469	0.03498	0.63443	0.06516	0.08230	0.01783	0.01029	0.00274	0.00412	0.01578	0.00960	0.00823
16	0.01647	0.01550	0.02616	0.67248	0.06008	0.01938	0.02422	0.02229	0.01744	0.02229	0.01550	0.02326	0.01163	0.00872	0.00872	0.00291	0.01163	0.00775	0.00388	0.00969
17	0.02112	0.02024	0.03455	0.11064	0.58562	0.02060	0.02654	0.02636	0.01964	0.02792	0.01632	0.02174	0.01361	0.00786	0.00864	0.00262	0.01048	0.00777	0.00428	0.01344
18	0.01908	0.01908	0.02672	0.02290	0.02290	0.02672	0.01908	0.02099	0.01336	0.02099	0.01145	0.01908	0.01145	0.01527	0.02863	0.00382	0.67748	0.00763	0.00382	0.00954
19	0.75506	0.01687	0.01282	0.01147	0.01687	0.01957	0.00945	0.02564	0.01484	0.03914	0.01215	0.01417	0.00945	0.00810	0.00540	0.00270	0.00675	0.00472	0.00540	0.00945
20	0.02159	0.02073	0.03541	0.05354	0.63903	0.02073	0.02677	0.02677	0.01986	0.02850	0.01641	0.02159	0.01382	0.00777	0.00864	0.00259	0.01036	0.00777	0.00432	0.01382
21	0.02138	0.01302	0.01608	0.01461	0.01784	0.01324	0.01105	0.15295	0.02308	0.14467	0.03476	0.28580	0.03483	0.07251	0.09668	0.00489	0.00914	0.01514	0.00810	0.01024
22	0.01063	0.00759	0.01012	0.01215	0.01265	0.00709	0.00810	0.01215	0.01670	0.02227	0.04808	0.68775	0.05769	0.02733	0.01113	0.00354	0.00506	0.02480	0.00810	0.00709
23	0.01237	0.00875	0.01078	0.01119	0.01144	0.00906	0.00711	0.01311	0.01396	0.01887	0.03241	0.23578	0.03761	0.42766	0.07568	0.00720	0.03913	0.01572	0.00599	0.00617
24	0.01268	0.00846	0.00951	0.00951	0.00951	0.00846	0.00529	0.01268	0.01268	0.01691	0.02748	0.05708	0.03171	0.69345	0.04440	0.00846	0.00846	0.01268	0.00529	0.00529
25	0.01577	0.00829	0.00890	0.00890	0.01087	0.00849	0.00672	0.01971	0.01774	0.03093	0.02779	0.03275	0.02229	0.01734	0.09093	0.00359	0.00657	0.00829	0.64607	0.00809
26	0.02332	0.69869	0.04571	0.01493	0.02239	0.03451	0.01493	0.02612	0.01772	0.02052	0.01213	0.01399	0.01119	0.00746	0.00560	0.00187	0.00933	0.00466	0.00373	0.01119
27	0.02558	0.01727	0.01945	0.01685	0.02209	0.01880	0.01328	0.04388	0.44360	0.18836	0.06555	0.03348	0.02819	0.01188	0.00892	0.00288	0.00689	0.00989	0.00939	0.01378
28	0.01309	0.01201	0.01099	0.01065	0.01367	0.05476	0.00789	0.01715	0.07391	0.02407	0.07375	0.07249	0.49136	0.07059	0.01256	0.00331	0.00574	0.01631	0.00770	0.00798
29	0.02619	0.01942	0.02133	0.01773	0.02280	0.02120	0.01406	0.40740	0.07375	0.04473	0.02939	0.20509	0.02742	0.01520	0.00940	0.00290	0.00817	0.01265	0.00856	0.01263
30	0.07833	0.03300	0.07753	0.03011	0.14047	0.33265	0.12894	0.03091	0.02191	0.02559	0.01485	0.01832	0.01193	0.00835	0.00831	0.00251	0.01373	0.00687	0.00445	0.01125
31	0.32285	0.41960	0.03225	0.01351	0.02013	0.02840	0.01268	0.02592	0.01655	0.02814	0.01213	0.01407	0.01048	0.00772	0.00552	0.00221	0.00827	0.00469	0.00441	0.01048
32	0.02401	0.02658	0.02521	0.03059	0.22863	0.27649	0.01831	0.02879	0.06649	0.02504	0.02254	0.14376	0.02188	0.01220	0.00881	0.00266	0.01129	0.01022	0.00543	0.01107
33	0.01767	0.02204	0.12921	0.01817	0.06621	0.13165	0.01485	0.02018	0.01860	0.02236	0.03950	0.04189	0.22100	0.01795	0.01472	0.17021	0.00920	0.01065	0.00538	0.00855
34	0.02668	0.18220	0.03072	0.02701	0.16877	0.31897	0.01795	0.02988	0.02152	0.02368	0.01499	0.01798	0.01267	0.00845	0.00740	0.00223	0.01215	0.00610	0.05958	0.01108

[dist]
# distance from previous block
# <min> <max>
0	8

[block]
# block no. 2 follows, 20 sequences, length 16
# corresponding to MSA columns:
# 119-134
name=unknown_C
#
# <colnr> <probs for GDERKNQSTAVLIFYWHMCP>
#	G	D	E	R	K	N	Q	S	T	A	V	L	I	F	Y	W	H	M	C	P
0	0.02205	0.07087	0.30248	0.07378	0.09701	0.14061	0.02482	0.05534	0.07942	0.02781	0.01729	0.01985	0.01310	0.00879	0.00821	0.00262	0.01215	0.00682	0.00464	0.01231
1	0.02442	0.06572	0.06640	0.03681	0.33515	0.21607	0.02185	0.02878	0.02103	0.02610	0.01612	0.01999	0.01335	0.00833	0.00802	0.00241	0.01163	0.00689	0.05886	0.01206
2	0.06061	0.03625	0.36236	0.06228	0.10138	0.10399	0.02610	0.06180	0.05243	0.02923	0.01660	0.01935	0.01236	0.00865	0.00820	0.00268	0.01208	0.00672	0.00452	0.01243
3	0.03013	0.03749	0.02285	0.02088	0.02482	0.57838	0.01543	0.03210	0.02324	0.02080	0.01521	0.02082	0.01376	0.09328	0.01236	0.00301	0.01483	0.00649	0.00459	0.00952
4	0.01403	0.01084	0.01321	0.01389	0.04125	0.01081	0.00945	0.04134	0.09691	0.02842	0.19910	0.23074	0.12979	0.10273	0.01441	0.00371	0.00579	0.01683	0.00810	0.00864
5	0.01578	0.00930	0.01168	0.01154	0.01334	0.00867	0.00803	0.01753	0.01770	0.11780	0.08727	0.25603	0.11598	0.21001	0.05464	0.00520	0.00720	0.01669	0.00766	0.00794
6	0.01268	0.00846	0.00951	0.00951	0.00951	0.00846	0.00529	0.01268	0.01268	0.01691	0.02748	0.05708	0.03171	0.69345	0.04440	0.00846	0.00846	0.01268	0.00529	0.00529
7	0.01246	0.00935	0.01402	0.01402	0.01558	0.01090	0.01090	0.01558	0.01402	0.02025	0.02336	0.03427	0.02181	0.06542	0.65888	0.01402	0.02336	0.00935	0.00467	0.00779
8	0.14581	0.01918	0.02999	0.15115	0.43491	0.02030	0.02338	0.02582	0.01860	0.02926	0.01553	0.02061	0.01270	0.00799	0.00810	0.00266	0.00996	0.00725	0.00443	0.01237
9	0.01612	0.01550	0.01614	0.01548	0.01759	0.12207	0.01200	0.01888	0.01652	0.02090	0.02880	0.03610	0.09481	0.04675	0.42136	0.00989	0.06812	0.00970	0.00500	0.00826
10	0.01987	0.02141	0.03965	0.03015	0.03476	0.02428	0.32653	0.02462	0.01714	0.02462	0.01469	0.02141	0.01238	0.01113	0.01905	0.00336	0.33110	0.00902	0.00413	0.01070
11	0.01305	0.00846	0.00920	0.00923	0.01091	0.00797	0.00641	0.01550	0.01800	0.02607	0.11805	0.09387	0.19091	0.18390	0.01744	0.00403	0.00530	0.01378	0.24075	0.00718
12	0.01063	0.00759	0.01012	0.01215	0.01265	0.00709	0.00810	0.01215	0.01670	0.02227	0.04808	0.68775	0.05769	0.02733	0.01113	0.00354	0.00506	0.02480	0.00810	0.00709
13	0.08492	0.02212	0.02621	0.11308	0.29284	0.14887	0.01998	0.02656	0.01969	0.02725	0.01696	0.02173	0.01394	0.01102	0.03723	0.00302	0.01120	0.00718	0.08490	0.01129
14	0.02398	0.01999	0.02074	0.01775	0.02183	0.09801	0.01419	0.26230	0.02658	0.03526	0.02074	0.02559	0.01710	0.03048	0.24554	0.00675	0.05214	0.00812	0.04182	0.01108
15	0.26262	0.20220	0.02446	0.01488	0.02035	0.14976	0.01253	0.02792	0.01967	0.08190	0.09095	0.02204	0.02028	0.00954	0.00684	0.00239	0.00897	0.00659	0.00575	0.01036

[dist]
# distance from previous block
# <min> <max>
0	28

[block]
# block no. 3 follows, 20 sequences, length 54
# corresponding to MSA columns:
# 164-217
name=unknown_D
#
# <colnr> <probs for GDERKNQSTAVLIFYWHMCP>
#	G	D	E	R	K	N	Q	S	T	A	V	L	I	F	Y	W	H	M	C	P
0	0.02694	0.28070	0.08941	0.01669	0.02356	0.06766	0.01561	0.08862	0.02270	0.17715	0.05339	0.06076	0.02048	0.01045	0.00766	0.00240	0.00916	0.00797	0.00656	0.01214
1	0.06569	0.09175	0.02811	0.02618	0.13643	0.24517	0.01810	0.07039	0.02128	0.02632	0.01409	0.01770	0.01200	0.00973	0.01158	0.00257	0.13820	0.00639	0.00466	0.05367
2	0.01199	0.00877	0.01041	0.01041	0.01158	0.00875	0.00699	0.01333	0.01494	0.01950	0.04283	0.05881	0.19129	0.36257	0.18279	0.00831	0.01095	0.01342	0.00589	0.00644
3	0.01443	0.00984	0.01315	0.01278	0.01436	0.01143	0.00998	0.01777	0.01546	0.02465	0.02403	0.03221	0.02102	0.04117	0.36881	0.00882	0.07861	0.00875	0.26465	0.00808
4	0.01160	0.00829	0.01045	0.01104	0.01211	0.00776	0.00750	0.01375	0.01883	0.02564	0.24711	0.31555	0.09449	0.15480	0.01734	0.00420	0.00537	0.01896	0.00806	0.00714
5	0.01121	0.00887	0.01009	0.00979	0.01234	0.00775	0.00734	0.01427	0.02202	0.02864	0.33095	0.07560	0.38975	0.02020	0.01030	0.00286	0.00428	0.01724	0.00877	0.00775
6	0.01967	0.02719	0.21488	0.13113	0.38119	0.02040	0.02803	0.02640	0.01910	0.02738	0.01606	0.02088	0.01270	0.00806	0.00854	0.00269	0.01128	0.00738	0.00407	0.01297
7	0.03142	0.03971	0.02410	0.02198	0.02631	0.62099	0.01651	0.03372	0.02410	0.02128	0.01405	0.01680	0.01185	0.01225	0.04550	0.00293	0.01617	0.00583	0.00450	0.00998
8	0.01520	0.01357	0.01927	0.02585	0.23416	0.01303	0.01477	0.01977	0.05253	0.02610	0.05423	0.10227	0.30030	0.01699	0.00982	0.00294	0.00696	0.05540	0.00680	0.01002
9	0.01268	0.00846	0.00951	0.00951	0.00951	0.00846	0.00529	0.01268	0.01268	0.01691	0.02748	0.05708	0.03171	0.69345	0.04440	0.00846	0.00846	0.01268	0.00529	0.00529
10	0.03107	0.15263	0.02860	0.02076	0.02619	0.44456	0.01647	0.12960	0.02623	0.02683	0.01450	0.01630	0.01183	0.00897	0.00762	0.00224	0.01359	0.00583	0.00507	0.01109
11	0.01750	0.04512	0.64825	0.02486	0.03775	0.02026	0.03223	0.02762	0.01842	0.02762	0.01565	0.01842	0.01105	0.00829	0.00829	0.00276	0.01289	0.00645	0.00368	0.01289
12	0.02509	0.03875	0.28974	0.08467	0.03437	0.28139	0.02381	0.03111	0.02137	0.06757	0.01606	0.01856	0.01192	0.00879	0.00819	0.00256	0.01355	0.00639	0.00453	0.01158
13	0.02324	0.07847	0.01891	0.01359	0.01820	0.01499	0.01100	0.12616	0.02541	0.18357	0.19182	0.04671	0.14192	0.05364	0.01118	0.00299	0.00668	0.01190	0.00868	0.01096
14	0.07603	0.01110	0.01266	0.01244	0.01510	0.01118	0.00930	0.01987	0.07569	0.08197	0.05376	0.27785	0.23248	0.02041	0.01092	0.00316	0.04200	0.01726	0.00796	0.00885
15	0.02633	0.05355	0.02565	0.02495	0.13584	0.07772	0.01729	0.20739	0.16970	0.06928	0.02560	0.03083	0.02066	0.01134	0.00884	0.00276	0.00936	0.06233	0.00740	0.01318
16	0.02082	0.02368	0.17445	0.06057	0.13944	0.01844	0.02039	0.03267	0.19853	0.08987	0.10404	0.03059	0.02647	0.01075	0.00885	0.00279	0.00893	0.00920	0.00679	0.01273
17	0.02171	0.26862	0.26692	0.02639	0.14097	0.08586	0.02373	0.02763	0.01904	0.02471	0.01435	0.01719	0.01162	0.00797	0.00737	0.00237	0.01146	0.00599	0.00389	0.01220
18	0.13126	0.07057	0.02843	0.16077	0.22498	0.07965	0.02030	0.10113	0.02135	0.03067	0.01539	0.01956	0.01234	0.00878	0.00878	0.00264	0.03985	0.00690	0.00491	0.01176
19	0.03119	0.03754	0.02507	0.02229	0.02654	0.53097	0.01707	0.08791	0.02505	0.02450	0.01397	0.01658	0.01160	0.00980	0.01017	0.00245	0.08592	0.00605	0.00482	0.01050
20	0.01127	0.00934	0.00993	0.00970	0.01256	0.00824	0.00730	0.01496	0.05028	0.02648	0.19510	0.07768	0.49506	0.02074	0.01024	0.00291	0.00448	0.01747	0.00844	0.00785
21	0.02059	0.02353	0.05147	0.03676	0.04559	0.02206	0.60735	0.02794	0.02059	0.02794	0.01765	0.02353	0.01324	0.00735	0.01029	0.00294	0.01471	0.01029	0.00441	0.01176
22	0.01058	0.00777	0.00994	0.01168	0.01253	0.00712	0.00789	0.01220	0.01715	0.02245	0.05381	0.60187	0.13988	0.02658	0.01102	0.00346	0.00497	0.02389	0.00810	0.00712
23	0.01213	0.00895	0.01136	0.01089	0.01307	0.00818	0.00825	0.01597	0.02381	0.03298	0.53178	0.06924	0.15962	0.01870	0.01037	0.00283	0.00432	0.04012	0.00932	0.00810
24	0.01031	0.00884	0.00884	0.00884	0.01178	0.00736	0.00663	0.01252	0.01988	0.02356	0.08837	0.08395	0.63549	0.02209	0.01031	0.00295	0.00442	0.01841	0.00810	0.00736
25	0.03297	0.03000	0.02570	0.02085	0.02702	0.23195	0.01667	0.42331	0.03572	0.04406	0.01852	0.01925	0.01367	0.00999	0.00845	0.00250	0.01159	0.00713	0.00735	0.01330
26	0.02159	0.02073	0.03541	0.05354	0.63903	0.02073	0.02677	0.02677	0.01986	0.02850	0.01641	0.02159	0.01382	0.00777	0.00864	0.00259	0.01036	0.00777	0.00432	0.01382
27	0.02465	0.42273	0.07335	0.02010	0.06884	0.18334	0.01708	0.02792	0.01946	0.02170	0.01345	0.01608	0.01184	0.01037	0.03427	0.00258	0.01176	0.00542	0.00400	0.01107
28	0.01268	0.00846	0.00951	0.00951	0.00951	0.00846	0.00529	0.01268	0.01268	0.01691	0.02748	0.05708	0.03171	0.69345	0.04440	0.00846	0.00846	0.01268	0.00529	0.00529
29	0.01246	0.00935	0.01402	0.01402	0.01558	0.01090	0.01090	0.01558	0.01402	0.02025	0.02336	0.03427	0.02181	0.06542	0.65888	0.01402	0.02336	0.00935	0.00467	0.00779
30	0.01119	0.00887	0.01006	0.00976	0.01232	0.00774	0.00732	0.01422	0.02196	0.02850	0.32435	0.07583	0.39643	0.02025	0.01030	0.00286	0.00429	0.01727	0.00875	0.00774
31	0.02814	0.35685	0.03479	0.01885	0.02477	0.35909	0.01593	0.03065	0.02136	0.02095	0.01283	0.01490	0.01122	0.00826	0.00678	0.00206	0.01266	0.00516	0.00413	0.01063
32	0.01750	0.04512	0.64825	0.02486	0.03775	0.02026	0.03223	0.02762	0.01842	0.02762	0.01565	0.01842	0.01105	0.00829	0.00829	0.00276	0.01289	0.00645	0.00368	0.01289
33	0.02008	0.25335	0.39919	0.02148	0.03167	0.05216	0.02541	0.02713	0.01822	0.02477	0.01423	0.01692	0.01112	0.00838	0.00837	0.00250	0.04331	0.00590	0.00374	0.01207
34	0.01973	0.01867	0.03093	0.04589	0.53034	0.01845	0.02335	0.02448	0.02009	0.02818	0.05440	0.03152	0.09575	0.01006	0.00892	0.00264	0.00932	0.00949	0.00504	0.01274
35	0.01239	0.00833	0.00960	0.00989	0.00996	0.00826	0.00569	0.01261	0.01326	0.01767	0.03041	0.14679	0.03541	0.59870	0.03967	0.00776	0.00797	0.01441	0.00569	0.00554
36	0.01810	0.21616	0.02597	0.01975	0.12462	0.05573	0.01341	0.02125	0.01999	0.02549	0.17390	0.04152	0.11790	0.07721	0.01172	0.00300	0.00786	0.01060	0.00604	0.00978
37	0.01622	0.01177	0.01411	0.01411	0.01623	0.01204	0.01020	0.16064	0.02274	0.03039	0.04134	0.52212	0.04705	0.02314	0.01054	0.00331	0.00619	0.02059	0.00825	0.00901
38	0.01254	0.00903	0.01243	0.01243	0.01344	0.01004	0.00892	0.01456	0.01355	0.01907	0.02482	0.04232	0.02530	0.28697	0.44211	0.01206	0.01811	0.01052	0.00489	0.00691
39	0.06054	0.03050	0.31064	0.21735	0.04467	0.02031	0.14168	0.02600	0.01835	0.02678	0.01580	0.02060	0.01156	0.00822	0.00864	0.00284	0.01252	0.00749	0.00398	0.01153
40	0.02429	0.03029	0.13755	0.03684	0.31151	0.18173	0.02391	0.06185	0.05696	0.02845	0.01689	0.02016	0.01348	0.00855	0.00840	0.00256	0.01191	0.00712	0.00476	0.01278
41	0.01717	0.01283	0.01656	0.01510	0.01747	0.01480	0.01181	0.13118	0.01930	0.02736	0.02269	0.03266	0.02068	0.10784	0.39499	0.00992	0.06549	0.00919	0.04390	0.00906
42	0.01063	0.00759	0.01012	0.01215	0.01265	0.00709	0.00810	0.01215	0.01670	0.02227	0.04808	0.68775	0.05769	0.02733	0.01113	0.00354	0.00506	0.02480	0.00810	0.00709
43	0.01085	0.00786	0.01032	0.01220	0.01298	0.00732	0.00843	0.01260	0.01717	0.02264	0.05075	0.60292	0.09741	0.02673	0.01114	0.00354	0.00523	0.06465	0.00809	0.00717
44	0.02590	0.02866	0.05967	0.03942	0.36375	0.21855	0.02299	0.08463	0.02330	0.02876	0.01590	0.01957	0.01299	0.00843	0.00839	0.00249	0.01207	0.00705	0.00476	0.01272
45	0.05865	0.06113	0.15381	0.09561	0.26566	0.16638	0.02396	0.02827	0.02011	0.02625	0.01510	0.01906	0.01213	0.00824	0.00810	0.00255	0.01199	0.00672	0.00421	0.01206
46	0.05556	0.01612	0.12224	0.01374	0.01822	0.01154	0.01268	0.01947	0.01830	0.08356	0.07906	0.09362	0.20690	0.07459	0.13031	0.00533	0.01007	0.01290	0.00670	0.00910
47	0.01913	0.05066	0.02886	0.03089	0.21582	0.05673	0.07471	0.02303	0.01740	0.02403	0.01820	0.02705	0.01658	0.02430	0.17445	0.00571	0.14451	0.03278	0.00446	0.01070
48	0.02430	0.02100	0.02865	0.03525	0.31576	0.02247	0.02059	0.16745	0.20265	0.03698	0.02309	0.02467	0.01783	0.00959	0.00873	0.00271	0.00917	0.00841	0.00668	0.01405
49	0.12530	0.02622	0.13477	0.03804	0.36088	0.08103	0.02369	0.02848	0.04880	0.02956	0.01633	0.01998	0.01311	0.00822	0.00806	0.00262	0.01062	0.00701	0.00460	0.01269
50	0.01892	0.01976	0.02596	0.02276	0.05721	0.14328	0.15720	0.02317	0.01991	0.02532	0.12558	0.03265	0.02768	0.02878	0.22481	0.00642	0.01572	0.00986	0.00541	0.00961
51	0.05175	0.01882	0.09506	0.02950	0.19473	0.01615	0.11534	0.02199	0.01801	0.02614	0.02469	0.14841	0.02428	0.02209	0.12207	0.00489	0.01236	0.03785	0.00524	0.01063
52	0.02007	0.34314	0.07591	0.01637	0.02223	0.02342	0.05703	0.02360	0.01755	0.05586	0.04694	0.02605	0.01914	0.08383	0.12929	0.00493	0.01209	0.00756	0.00476	0.01023
53	0.02217	0.17041	0.17813	0.06355	0.13579	0.13568	0.02174	0.02725	0.01929	0.02461	0.01442	0.01785	0.01182	0.00837	0.00863	0.00238	0.04619	0.00617	0.00411	0.08147

[dist]
# distance from previous block
# <min> <max>
1	36

[block]
# block no. 4 follows, 20 sequences, length 25
# corresponding to MSA columns:
# 254-278
name=unknown_E
#
# <colnr> <probs for GDERKNQSTAVLIFYWHMCP>
#	G	D	E	R	K	N	Q	S	T	A	V	L	I	F	Y	W	H	M	C	P
0	0.01789	0.16793	0.34495	0.01975	0.02845	0.02109	0.02251	0.02586	0.05954	0.02502	0.01823	0.02323	0.01506	0.05657	0.11323	0.00471	0.01316	0.00714	0.00430	0.01137
1	0.01744	0.01663	0.10595	0.01412	0.01852	0.01302	0.01239	0.02520	0.13862	0.09162	0.13842	0.04972	0.13913	0.16120	0.01693	0.00405	0.00728	0.01231	0.00753	0.00991
2	0.02623	0.02710	0.02482	0.07661	0.12738	0.26128	0.01807	0.13944	0.05254	0.03010	0.02141	0.06882	0.01922	0.01159	0.00882	0.00268	0.01166	0.05490	0.00594	0.01138
3	0.01103	0.00850	0.01079	0.05443	0.01536	0.00804	0.00861	0.01294	0.01741	0.02234	0.05587	0.44574	0.21134	0.05981	0.01250	0.00360	0.00550	0.02129	0.00767	0.00724
4	0.15381	0.04515	0.01879	0.04351	0.02131	0.09944	0.01238	0.17946	0.02493	0.03473	0.08088	0.03531	0.14126	0.01383	0.00997	0.05028	0.00835	0.00960	0.00682	0.01018
5	0.02597	0.07140	0.06632	0.07621	0.26259	0.19309	0.02183	0.12458	0.02426	0.02997	0.01599	0.01936	0.01282	0.00861	0.00824	0.00249	0.01183	0.00693	0.00499	0.01250
6	0.06839	0.21258	0.22616	0.06020	0.02817	0.07449	0.01964	0.04967	0.01885	0.02553	0.01805	0.07554	0.01656	0.05914	0.01021	0.00295	0.01056	0.00790	0.00458	0.01082
7	0.02392	0.02143	0.01957	0.01741	0.02131	0.15352	0.01329	0.22450	0.06344	0.03378	0.02799	0.20198	0.02754	0.04939	0.05627	0.00387	0.01043	0.01237	0.00723	0.01077
8	0.01139	0.00825	0.00973	0.01043	0.01138	0.00770	0.00680	0.01269	0.01649	0.02148	0.08709	0.29534	0.17493	0.26017	0.02262	0.00509	0.00606	0.01857	0.00720	0.00658
9	0.01949	0.02501	0.21770	0.01995	0.02652	0.01839	0.05671	0.14872	0.02169	0.03082	0.02010	0.02688	0.01677	0.07881	0.16935	0.00594	0.04229	0.00833	0.03548	0.01105
10	0.01641	0.06238	0.02074	0.01729	0.01895	0.05464	0.01403	0.01908	0.01469	0.02056	0.01836	0.02713	0.01728	0.04276	0.38267	0.00937	0.22235	0.00828	0.00433	0.00870
11	0.03316	0.02443	0.02618	0.02007	0.02705	0.02705	0.01658	0.60995	0.04101	0.05497	0.02094	0.02094	0.01483	0.01047	0.00873	0.00262	0.00960	0.00785	0.00873	0.01483
12	0.01113	0.00860	0.01019	0.01068	0.01270	0.00767	0.00787	0.01374	0.02025	0.02621	0.21046	0.23906	0.31066	0.02254	0.01063	0.00312	0.00473	0.05377	0.00847	0.00755
13	0.02514	0.02948	0.02461	0.19630	0.03454	0.36167	0.01870	0.02837	0.02058	0.02148	0.01446	0.01947	0.01211	0.01366	0.05625	0.00345	0.09902	0.00671	0.00426	0.00976
14	0.01137	0.00812	0.01097	0.01299	0.01382	0.00772	0.00938	0.01343	0.01743	0.02310	0.04767	0.56044	0.05607	0.02663	0.01133	0.00364	0.00570	0.14480	0.00808	0.00729
15	0.02359	0.01626	0.01811	0.01516	0.01948	0.01786	0.01219	0.30381	0.02833	0.04070	0.02373	0.02731	0.01861	0.02225	0.14837	0.00490	0.01090	0.00826	0.22886	0.01129
16	0.02398	0.02525	0.03308	0.04679	0.50610	0.15922	0.02462	0.02852	0.02092	0.02694	0.01577	0.02032	0.01326	0.00804	0.00847	0.00252	0.01153	0.00730	0.00436	0.01301
17	0.01938	0.02807	0.19975	0.11406	0.09111	0.07944	0.20255	0.02607	0.01950	0.02585	0.02070	0.02529	0.04832	0.01215	0.04648	0.00343	0.01345	0.00868	0.00437	0.01134
18	0.01431	0.00994	0.01176	0.01127	0.01214	0.01046	0.00732	0.06202	0.01526	0.02068	0.02614	0.04963	0.02838	0.51364	0.16286	0.00908	0.01149	0.01163	0.00545	0.00656
19	0.01394	0.01127	0.01587	0.01505	0.01596	0.01384	0.01156	0.01618	0.01361	0.01975	0.02160	0.03549	0.02153	0.17864	0.40136	0.01072	0.16172	0.00964	0.00461	0.00767
20	0.03483	0.02743	0.02381	0.01948	0.02552	0.24357	0.01550	0.23086	0.03028	0.22810	0.02255	0.02186	0.01569	0.01005	0.00844	0.00251	0.01106	0.00736	0.00789	0.01318
21	0.02554	0.09425	0.02310	0.01882	0.02283	0.40624	0.01455	0.02802	0.02135	0.02121	0.02160	0.02514	0.06448	0.02210	0.14848	0.00481	0.01585	0.00738	0.00475	0.00949
22	0.01172	0.00828	0.01067	0.01157	0.01249	0.00785	0.00797	0.01379	0.01826	0.02485	0.20027	0.35880	0.05865	0.15581	0.01752	0.00433	0.00567	0.05646	0.00794	0.00710
23	0.08407	0.02740	0.10133	0.03746	0.32517	0.15794	0.05665	0.02820	0.02038	0.02760	0.01670	0.02280	0.01413	0.00881	0.00840	0.00263	0.01166	0.03196	0.00454	0.01218
24	0.02253	0.02978	0.15476	0.07166	0.27142	0.14675	0.12276	0.02849	0.02053	0.02649	0.01584	0.02023	0.01256	0.00809	0.00870	0.00263	0.01271	0.00751	0.00422	0.01234

[dist]
# distance from previous block
# <min> <max>
5	15

[block]
# block no. 5 follows, 20 sequences, length 101
# corresponding to MSA columns:
# 294-385,388-396
name=unknown_F
#
# <colnr> <probs for GDERKNQSTAVLIFYWHMCP>
#	G	D	E	R	K	N	Q	S	T	A	V	L	I	F	Y	W	H	M	C	P
0	0.02249	0.34636	0.12051	0.02476	0.14956	0.06321	0.01958	0.05988	0.01973	0.02512	0.01487	0.01810	0.01269	0.01211	0.05432	0.00308	0.01142	0.00611	0.00424	0.01186
1	0.02486	0.03804	0.25178	0.02699	0.06649	0.26522	0.11088	0.06400	0.02253	0.02689	0.01547	0.01847	0.01181	0.00851	0.00847	0.00257	0.01392	0.00686	0.00443	0.01182
2	0.02652	0.02341	0.02024	0.01743	0.02248	0.19867	0.01382	0.16311	0.05315	0.10047	0.03418	0.03877	0.12042	0.01314	0.00893	0.00264	0.00977	0.06558	0.00735	0.05993
3	0.05773	0.19080	0.02436	0.01580	0.02051	0.13296	0.01310	0.03086	0.17407	0.02785	0.02366	0.02848	0.01989	0.01330	0.04010	0.00303	0.00952	0.04498	0.11826	0.01074
4	0.02062	0.50931	0.03774	0.01717	0.06518	0.02795	0.01440	0.02333	0.01767	0.02146	0.01973	0.15119	0.02081	0.01151	0.00694	0.00226	0.00854	0.00897	0.00466	0.01055
5	0.02646	0.24922	0.03528	0.02302	0.07166	0.16284	0.08435	0.13401	0.07945	0.02973	0.01708	0.01895	0.01369	0.00874	0.00770	0.00236	0.01121	0.00678	0.00538	0.01211
6	0.01877	0.02376	0.20708	0.02085	0.06224	0.01668	0.01961	0.14045	0.02341	0.03195	0.03312	0.12073	0.06864	0.01585	0.00982	0.00315	0.00937	0.15679	0.00666	0.01106
7	0.05173	0.03336	0.32259	0.02347	0.07356	0.12988	0.02330	0.02600	0.01847	0.02542	0.01693	0.02159	0.01366	0.02134	0.15586	0.00521	0.01531	0.00698	0.00417	0.01116
8	0.02566	0.02916	0.02728	0.06096	0.16641	0.30290	0.01971	0.03030	0.06432	0.02404	0.01542	0.01936	0.01300	0.01023	0.01254	0.00274	0.15334	0.00694	0.00460	0.01108
9	0.01472	0.18640	0.01964	0.01120	0.01571	0.01487	0.00938	0.01734	0.01917	0.02388	0.08493	0.09182	0.33775	0.01651	0.00867	0.00249	0.00595	0.01349	0.00669	0.09939
10	0.01857	0.01559	0.01812	0.01331	0.02060	0.01230	0.01059	0.05690	0.01939	0.02968	0.01769	0.05643	0.01559	0.00789	0.00686	0.00150	0.00657	0.00645	0.00555	0.66042
11	0.01172	0.00848	0.01133	0.01292	0.01411	0.00793	0.00941	0.01395	0.01779	0.02386	0.07152	0.51285	0.05532	0.02537	0.01108	0.00351	0.00568	0.13623	0.00802	0.03892
12	0.01073	0.00827	0.00982	0.01067	0.01236	0.00735	0.00753	0.01288	0.01905	0.02451	0.14376	0.36261	0.29126	0.02395	0.01069	0.00320	0.00468	0.02103	0.00830	0.00735
13	0.01172	0.00841	0.01090	0.01253	0.01335	0.00805	0.00851	0.04110	0.01788	0.02385	0.04676	0.65546	0.05562	0.02651	0.01102	0.00350	0.00528	0.02398	0.00813	0.00746
14	0.01103	0.00846	0.01017	0.01095	0.01275	0.00759	0.00796	0.01343	0.01952	0.02524	0.16577	0.31168	0.27985	0.02347	0.01073	0.00321	0.00485	0.05752	0.00836	0.00745
15	0.03258	0.04157	0.02472	0.02247	0.02697	0.65843	0.01685	0.03483	0.02472	0.02135	0.01348	0.01573	0.01124	0.00899	0.00787	0.00225	0.01573	0.00562	0.00449	0.01011
16	0.01750	0.04512	0.64825	0.02486	0.03775	0.02026	0.03223	0.02762	0.01842	0.02762	0.01565	0.01842	0.01105	0.00829	0.00829	0.00276	0.01289	0.00645	0.00368	0.01289
17	0.01246	0.00935	0.01402	0.01402	0.01558	0.01090	0.01090	0.01558	0.01402	0.02025	0.02336	0.03427	0.02181	0.06542	0.65888	0.01402	0.02336	0.00935	0.00467	0.00779
18	0.01083	0.00891	0.00956	0.00955	0.01230	0.00764	0.00726	0.01345	0.02069	0.02557	0.17633	0.08157	0.51488	0.02149	0.01039	0.00297	0.00455	0.04616	0.00834	0.00754
19	0.02148	0.02102	0.03708	0.05180	0.57737	0.02086	0.08710	0.02689	0.01994	0.02844	0.01654	0.02179	0.01376	0.00773	0.00881	0.00263	0.01081	0.00803	0.00433	0.01360
20	0.01561	0.01397	0.02005	0.01824	0.01905	0.01841	0.01479	0.01815	0.01371	0.02060	0.01771	0.02706	0.01689	0.04161	0.35964	0.00917	0.33394	0.00853	0.00427	0.00862
21	0.01882	0.19355	0.51141	0.02261	0.03426	0.02350	0.02830	0.02728	0.01826	0.02601	0.01485	0.01741	0.01108	0.00810	0.00768	0.00256	0.01208	0.00604	0.00369	0.01251
22	0.01454	0.05186	0.01405	0.01191	0.01551	0.04917	0.00933	0.02086	0.12712	0.02568	0.06822	0.06762	0.42677	0.01878	0.00973	0.00290	0.00597	0.04327	0.00778	0.00892
23	0.01653	0.00984	0.01254	0.01240	0.01483	0.00909	0.00907	0.02012	0.05022	0.13613	0.16454	0.34530	0.12280	0.02115	0.01034	0.00314	0.00531	0.01869	0.00891	0.00905
24	0.07760	0.02583	0.02723	0.21171	0.20064	0.22313	0.02104	0.06320	0.02164	0.02686	0.01519	0.01962	0.01213	0.00861	0.00819	0.00258	0.01211	0.00687	0.00459	0.01123
25	0.02159	0.02073	0.03541	0.05354	0.63903	0.02073	0.02677	0.02677	0.01986	0.02850	0.01641	0.02159	0.01382	0.00777	0.00864	0.00259	0.01036	0.00777	0.00432	0.01382
26	0.01103	0.00858	0.01002	0.01026	0.01238	0.00757	0.00747	0.01368	0.02068	0.02688	0.25214	0.21512	0.32909	0.02193	0.01049	0.00302	0.00447	0.01903	0.00858	0.00757
27	0.01031	0.00884	0.00884	0.00884	0.01178	0.00736	0.00663	0.01252	0.01988	0.02356	0.08837	0.08395	0.63549	0.02209	0.01031	0.00295	0.00442	0.01841	0.00810	0.00736
28	0.02159	0.02073	0.03541	0.05354	0.63903	0.02073	0.02677	0.02677	0.01986	0.02850	0.01641	0.02159	0.01382	0.00777	0.00864	0.00259	0.01036	0.00777	0.00432	0.01382
29	0.02096	0.01808	0.01939	0.01677	0.02227	0.01965	0.01310	0.04141	0.50054	0.03485	0.03145	0.02961	0.02385	0.01074	0.00839	0.00262	0.00681	0.00891	0.00812	0.16246
30	0.02332	0.69869	0.04571	0.01493	0.02239	0.03451	0.01493	0.02612	0.01772	0.02052	0.01213	0.01399	0.01119	0.00746	0.00560	0.00187	0.00933	0.00466	0.00373	0.01119
31	0.02946	0.02260	0.02410	0.01932	0.02564	0.02532	0.01569	0.42825	0.22873	0.04901	0.02564	0.02468	0.01864	0.01091	0.00877	0.00273	0.00873	0.00850	0.00877	0.01450
32	0.01133	0.00790	0.01066	0.01243	0.01313	0.00746	0.00866	0.01290	0.01711	0.02285	0.07532	0.55831	0.05562	0.02671	0.01257	0.04839	0.00546	0.07824	0.00791	0.00704
33	0.01073	0.00815	0.00989	0.01093	0.01242	0.00731	0.00764	0.01278	0.01869	0.02421	0.13141	0.41741	0.24794	0.02449	0.01077	0.00325	0.00474	0.02165	0.00828	0.00731
34	0.01246	0.00935	0.01402	0.01402	0.01558	0.01090	0.01090	0.01558	0.01402	0.02025	0.02336	0.03427	0.02181	0.06542	0.65888	0.01402	0.02336	0.00935	0.00467	0.00779
35	0.01051	0.00884	0.00912	0.00905	0.01191	0.00745	0.00679	0.01291	0.02036	0.02469	0.14237	0.08209	0.58079	0.02167	0.01031	0.00293	0.00439	0.01815	0.00825	0.00745
36	0.01049	0.00884	0.00908	0.00902	0.01189	0.00744	0.00677	0.01286	0.02030	0.02456	0.13601	0.08231	0.58722	0.02172	0.01031	0.00293	0.00439	0.01818	0.00823	0.00744
37	0.75506	0.01687	0.01282	0.01147	0.01687	0.01957	0.00945	0.02564	0.01484	0.03914	0.01215	0.01417	0.00945	0.00810	0.00540	0.00270	0.00675	0.00472	0.00540	0.00945
38	0.01114	0.00783	0.01006	0.01153	0.01200	0.00743	0.00750	0.01245	0.01620	0.02169	0.06982	0.52577	0.05326	0.16869	0.01818	0.00455	0.00574	0.02182	0.00757	0.00675
39	0.01809	0.01550	0.01809	0.01292	0.02067	0.01163	0.01034	0.02196	0.01809	0.02842	0.01550	0.01809	0.01292	0.00646	0.00646	0.00129	0.00646	0.00517	0.00517	0.74677
40	0.03067	0.01353	0.01790	0.01446	0.01981	0.01223	0.01166	0.03578	0.06833	0.43683	0.19584	0.03943	0.03828	0.01276	0.00919	0.00273	0.00650	0.01073	0.01034	0.01299
41	0.01098	0.00807	0.01109	0.05201	0.01552	0.00783	0.00907	0.01276	0.01675	0.02227	0.04611	0.64763	0.05491	0.02620	0.01099	0.00350	0.00546	0.02377	0.00784	0.00724
42	0.02170	0.01874	0.01972	0.01775	0.02268	0.02170	0.01381	0.04635	0.62327	0.03649	0.03550	0.03254	0.02663	0.01183	0.00888	0.00296	0.00690	0.00986	0.00888	0.01381
43	0.03209	0.07689	0.02585	0.02207	0.02672	0.62490	0.01675	0.03436	0.02434	0.02130	0.01341	0.01564	0.01123	0.00891	0.00774	0.00223	0.01539	0.00557	0.00445	0.01017
44	0.02170	0.01874	0.01972	0.01775	0.02268	0.02170	0.01381	0.04635	0.62327	0.03649	0.03550	0.03254	0.02663	0.01183	0.00888	0.00296	0.00690	0.00986	0.00888	0.01381
45	0.03261	0.04079	0.02479	0.02236	0.02697	0.62960	0.01684	0.06109	0.02546	0.02288	0.01382	0.01597	0.01140	0.00906	0.00790	0.00226	0.01545	0.00572	0.00469	0.01033
46	0.01750	0.04512	0.64825	0.02486	0.03775	0.02026	0.03223	0.02762	0.01842	0.02762	0.01565	0.01842	0.01105	0.00829	0.00829	0.00276	0.01289	0.00645	0.00368	0.01289
47	0.02122	0.02035	0.03473	0.09848	0.59700	0.02063	0.02659	0.02644	0.01969	0.02805	0.01634	0.02171	0.01366	0.00784	0.00864	0.00261	0.01045	0.00777	0.00429	0.01352
48	0.03316	0.02443	0.02618	0.02007	0.02705	0.02705	0.01658	0.60995	0.04101	0.05497	0.02094	0.02094	0.01483	0.01047	0.00873	0.00262	0.00960	0.00785	0.00873	0.01483
49	0.01043	0.00838	0.00931	0.01005	0.01210	0.00726	0.00716	0.01238	0.01872	0.02309	0.07364	0.30464	0.42430	0.02401	0.01061	0.00316	0.00465	0.02074	0.00810	0.00726
50	0.01045	0.00827	0.00942	0.01034	0.01218	0.00724	0.00730	0.01235	0.01843	0.02297	0.07002	0.35891	0.37238	0.02448	0.01068	0.00322	0.00471	0.02132	0.00810	0.00724
51	0.01235	0.00892	0.01166	0.01097	0.01303	0.00823	0.00823	0.01646	0.02469	0.03498	0.63443	0.06516	0.08230	0.01783	0.01029	0.00274	0.00412	0.01578	0.00960	0.00823
52	0.01268	0.00846	0.00951	0.00951	0.00951	0.00846	0.00529	0.01268	0.01268	0.01691	0.02748	0.05708	0.03171	0.69345	0.04440	0.00846	0.00846	0.01268	0.00529	0.00529
53	0.03316	0.02443	0.02618	0.02007	0.02705	0.02705	0.01658	0.60995	0.04101	0.05497	0.02094	0.02094	0.01483	0.01047	0.00873	0.00262	0.00960	0.00785	0.00873	0.01483
54	0.03469	0.02198	0.02466	0.01890	0.02582	0.02340	0.01562	0.46452	0.03690	0.20621	0.02439	0.02318	0.01657	0.01055	0.00874	0.00264	0.00904	0.00809	0.00926	0.01484
55	0.01246	0.00935	0.01402	0.01402	0.01558	0.01090	0.01090	0.01558	0.01402	0.02025	0.02336	0.03427	0.02181	0.06542	0.65888	0.01402	0.02336	0.00935	0.00467	0.00779
56	0.01063	0.00759	0.01012	0.01215	0.01265	0.00709	0.00810	0.01215	0.01670	0.02227	0.04808	0.68775	0.05769	0.02733	0.01113	0.00354	0.00506	0.02480	0.00810	0.00709
57	0.01063	0.00759	0.01012	0.01215	0.01265	0.00709	0.00810	0.01215	0.01670	0.02227	0.04808	0.68775	0.05769	0.02733	0.01113	0.00354	0.00506	0.02480	0.00810	0.00709
58	0.02002	0.02106	0.06968	0.20262	0.41910	0.02046	0.06861	0.02580	0.01924	0.02688	0.01623	0.02196	0.01308	0.00800	0.00876	0.00270	0.01113	0.00787	0.00418	0.01260
59	0.01235	0.00892	0.01166	0.01097	0.01303	0.00823	0.00823	0.01646	0.02469	0.03498	0.63443	0.06516	0.08230	0.01783	0.01029	0.00274	0.00412	0.01578	0.00960	0.00823
60	0.03258	0.04157	0.02472	0.02247	0.02697	0.65843	0.01685	0.03483	0.02472	0.02135	0.01348	0.01573	0.01124	0.00899	0.00787	0.00225	0.01573	0.00562	0.00449	0.01011
61	0.01318	0.05491	0.01611	0.01408	0.01603	0.01246	0.01117	0.01627	0.01426	0.02027	0.02262	0.03293	0.02111	0.06159	0.61570	0.01322	0.02244	0.00904	0.00461	0.00801
62	0.01750	0.04512	0.64825	0.02486	0.03775	0.02026	0.03223	0.02762	0.01842	0.02762	0.01565	0.01842	0.01105	0.00829	0.00829	0.00276	0.01289	0.00645	0.00368	0.01289
63	0.01244	0.00902	0.01259	0.01268	0.01376	0.01006	0.00921	0.01462	0.01376	0.01941	0.02559	0.06901	0.02613	0.23897	0.45933	0.01201	0.01841	0.01095	0.00499	0.00706
64	0.01268	0.00846	0.00951	0.00951	0.00951	0.00846	0.00529	0.01268	0.01268	0.01691	0.02748	0.05708	0.03171	0.69345	0.04440	0.00846	0.00846	0.01268	0.00529	0.00529
65	0.03258	0.04157	0.02472	0.02247	0.02697	0.65843	0.01685	0.03483	0.02472	0.02135	0.01348	0.01573	0.01124	0.00899	0.00787	0.00225	0.01573	0.00562	0.00449	0.01011
66	0.01044	0.00884	0.00902	0.00898	0.01186	0.00742	0.00673	0.01278	0.02020	0.02432	0.12446	0.08271	0.59893	0.02181	0.01031	0.00293	0.00440	0.01824	0.00820	0.00742
67	0.02906	0.03165	0.02539	0.16953	0.03451	0.36593	0.01846	0.16622	0.02687	0.02941	0.01568	0.01866	0.01216	0.00927	0.00826	0.00248	0.01337	0.00662	0.00534	0.01112
68	0.01750	0.04512	0.64825	0.02486	0.03775	0.02026	0.03223	0.02762	0.01842	0.02762	0.01565	0.01842	0.01105	0.00829	0.00829	0.00276	0.01289	0.00645	0.00368	0.01289
69	0.01087	0.00789	0.01013	0.01158	0.01247	0.00729	0.00784	0.01265	0.01767	0.02348	0.11208	0.53560	0.11625	0.05512	0.01243	0.00362	0.00505	0.02270	0.00813	0.00715
70	0.01130	0.00787	0.00992	0.01129	0.01163	0.00753	0.00718	0.01232	0.01539	0.02052	0.04135	0.48176	0.04921	0.24490	0.02200	0.00515	0.00617	0.02084	0.00718	0.00650
71	0.02520	0.01901	0.03129	0.08984	0.45693	0.01883	0.02342	0.03002	0.02085	0.16807	0.02043	0.02355	0.01542	0.00853	0.00867	0.00264	0.00979	0.00800	0.00576	0.01375
72	0.01063	0.00759	0.01012	0.01215	0.01265	0.00709	0.00810	0.01215	0.01670	0.02227	0.04808	0.68775	0.05769	0.02733	0.01113	0.00354	0.00506	0.02480	0.00810	0.00709
73	0.01268	0.00846	0.00951	0.00951	0.00951	0.00846	0.00529	0.01268	0.01268	0.01691	0.02748	0.05708	0.03171	0.69345	0.04440	0.00846	0.00846	0.01268	0.00529	0.00529
74	0.05411	0.04372	0.61670	0.02420	0.03672	0.02022	0.03110	0.02753	0.01824	0.02820	0.01548	0.01821	0.01097	0.00828	0.00814	0.00276	0.01259	0.00636	0.00377	0.01272
75	0.22823	0.02274	0.03028	0.03262	0.23694	0.10513	0.13776	0.02845	0.01948	0.05718	0.01586	0.01949	0.01247	0.00807	0.00797	0.00265	0.01082	0.00719	0.00494	0.01173
76	0.26277	0.02765	0.02263	0.07050	0.11522	0.27511	0.01643	0.06451	0.02128	0.03022	0.01407	0.01694	0.01128	0.00859	0.00730	0.00251	0.01138	0.00593	0.00497	0.01069
77	0.01626	0.01383	0.01874	0.01741	0.04343	0.04305	0.06539	0.05165	0.01636	0.02214	0.02266	0.03870	0.02281	0.28659	0.22640	0.00848	0.06273	0.01025	0.00503	0.00809
78	0.01243	0.00843	0.00951	0.00962	0.00982	0.00832	0.00552	0.01264	0.01333	0.01760	0.03217	0.09458	0.06804	0.61673	0.04053	0.00786	0.00803	0.01371	0.00561	0.00551
79	0.03316	0.02443	0.02618	0.02007	0.02705	0.02705	0.01658	0.60995	0.04101	0.05497	0.02094	0.02094	0.01483	0.01047	0.00873	0.00262	0.00960	0.00785	0.00873	0.01483
80	0.01396	0.01026	0.01361	0.01469	0.01693	0.01021	0.01239	0.01915	0.05751	0.02858	0.17823	0.08634	0.08425	0.02187	0.01138	0.00362	0.00692	0.39328	0.00844	0.00839
81	0.16160	0.00947	0.01067	0.01201	0.01351	0.00962	0.00837	0.01488	0.01632	0.02569	0.04079	0.55115	0.04791	0.02343	0.00997	0.00337	0.00540	0.02073	0.00755	0.00756
82	0.02119	0.01816	0.01935	0.01764	0.02238	0.02093	0.01382	0.04448	0.58340	0.03580	0.03621	0.03690	0.02819	0.01264	0.00909	0.00303	0.00698	0.04757	0.00882	0.01343
