[name]
unknown

[dist]
# distance from previous block
# <min> <max>
5	121

[block]
# block no. 0 follows, 18 sequences, length 70
# corresponding to MSA columns:
# 124-193
name=unknown_A
#
# <colnr> <probs for GDERKNQSTAVLIFYWHMCP>
#	G	D	E	R	K	N	Q	S	T	A	V	L	I	F	Y	W	H	M	C	P
0	0.01985	0.01930	0.01709	0.01575	0.01950	0.13710	0.01197	0.03009	0.20193	0.03254	0.23539	0.05106	0.13994	0.01574	0.00988	0.00289	0.00769	0.01305	0.00856	0.01070
1	0.18046	0.02025	0.06286	0.05054	0.02553	0.01881	0.01488	0.16201	0.02581	0.17403	0.02828	0.02813	0.06871	0.01093	0.00830	0.00270	0.00845	0.00835	0.00782	0.09316
2	0.12283	0.01736	0.02371	0.19390	0.17697	0.04645	0.01880	0.02534	0.02068	0.06875	0.11969	0.07554	0.02897	0.01197	0.00908	0.00292	0.00929	0.01035	0.00624	0.01115
3	0.02681	0.10832	0.06320	0.02423	0.06288	0.16888	0.08036	0.11420	0.14852	0.03286	0.02099	0.02245	0.01630	0.00964	0.00859	0.00259	0.01157	0.00776	0.00623	0.06363
4	0.01953	0.06041	0.15699	0.24491	0.16667	0.02149	0.02501	0.02876	0.09698	0.02799	0.02275	0.02678	0.04292	0.00989	0.00899	0.00291	0.01109	0.00852	0.00503	0.01239
5	0.07783	0.05735	0.03156	0.03406	0.25579	0.02400	0.04704	0.18672	0.08780	0.07624	0.02139	0.02340	0.01626	0.00960	0.00882	0.00277	0.01000	0.00823	0.00681	0.01434
6	0.02122	0.01796	0.02522	0.03053	0.23322	0.01894	0.01852	0.14209	0.02440	0.03317	0.03441	0.04068	0.12607	0.02153	0.10074	0.00467	0.04668	0.04140	0.00649	0.01206
7	0.08598	0.06140	0.01768	0.01375	0.01829	0.01642	0.01134	0.14982	0.02528	0.07363	0.04123	0.04718	0.14865	0.01467	0.00873	0.00280	0.00698	0.06953	0.17588	0.01076
8	0.06868	0.01805	0.01497	0.01473	0.01779	0.15840	0.01127	0.02116	0.02226	0.02769	0.14820	0.13463	0.19608	0.01914	0.01023	0.00310	0.00818	0.08895	0.00770	0.00881
9	0.06354	0.01732	0.06478	0.11996	0.21572	0.01626	0.01812	0.02286	0.01804	0.02750	0.02164	0.03297	0.01965	0.16664	0.01730	0.00415	0.00948	0.00916	0.12444	0.01045
10	0.02017	0.01921	0.03266	0.34035	0.35601	0.02114	0.02691	0.02594	0.01970	0.02690	0.01682	0.02356	0.01345	0.00865	0.00913	0.00288	0.01154	0.00817	0.00432	0.01248
11	0.02832	0.03084	0.02598	0.08169	0.09400	0.29968	0.01862	0.07684	0.19055	0.03040	0.02187	0.02336	0.01704	0.01026	0.00881	0.00271	0.01246	0.00780	0.00628	0.01248
12	0.02525	0.02593	0.02987	0.03686	0.31033	0.16588	0.02114	0.05890	0.02287	0.02969	0.01658	0.02038	0.01374	0.00831	0.00837	0.00233	0.01125	0.00702	0.00504	0.18026
13	0.02113	0.02064	0.02266	0.14378	0.12104	0.13734	0.01741	0.08346	0.02285	0.02804	0.03182	0.21123	0.06911	0.01585	0.00983	0.00303	0.01014	0.01364	0.00640	0.01058
14	0.06021	0.01597	0.02028	0.02252	0.14568	0.01583	0.01426	0.12192	0.02517	0.09947	0.09689	0.04932	0.20701	0.05092	0.01168	0.00321	0.00762	0.01260	0.00794	0.01152
15	0.03100	0.02487	0.02842	0.06659	0.21006	0.14251	0.02016	0.12226	0.05417	0.17457	0.02281	0.02408	0.01663	0.00989	0.00900	0.00272	0.01106	0.00810	0.00713	0.01396
16	0.02202	0.01786	0.02236	0.19949	0.03408	0.02038	0.01716	0.17821	0.16283	0.03616	0.03009	0.16343	0.02716	0.01460	0.00976	0.00313	0.00903	0.01252	0.00763	0.01209
17	0.17202	0.01519	0.01622	0.01507	0.01870	0.01721	0.01154	0.06746	0.18480	0.03278	0.02833	0.08910	0.02560	0.09797	0.16178	0.00646	0.01152	0.01067	0.00703	0.01055
18	0.01953	0.01883	0.03179	0.10938	0.38021	0.01880	0.07300	0.02460	0.02070	0.02814	0.03336	0.03703	0.14197	0.01145	0.00963	0.00287	0.01013	0.01079	0.00535	0.01244
19	0.02954	0.03004	0.02302	0.01971	0.02502	0.28879	0.01535	0.22802	0.03103	0.03554	0.03371	0.03375	0.14148	0.01294	0.00915	0.00266	0.01174	0.00961	0.00712	0.01180
20	0.02352	0.02006	0.02114	0.01882	0.02414	0.02316	0.01470	0.07922	0.57191	0.03950	0.03651	0.03357	0.02733	0.01238	0.00933	0.00309	0.00743	0.01026	0.00933	0.01459
21	0.01516	0.01238	0.01953	0.02359	0.14452	0.01367	0.01502	0.01890	0.01606	0.02316	0.02304	0.03324	0.02117	0.05598	0.50682	0.01220	0.02169	0.00949	0.00484	0.00955
22	0.02120	0.22480	0.37506	0.02287	0.03307	0.06105	0.02657	0.02841	0.01906	0.02594	0.01489	0.01797	0.01172	0.00920	0.00988	0.00271	0.07275	0.00632	0.00395	0.01257
23	0.03294	0.03607	0.02668	0.02298	0.02795	0.40002	0.01791	0.19262	0.02962	0.03252	0.01620	0.01850	0.01293	0.01062	0.01089	0.00265	0.08416	0.00681	0.00592	0.01200
24	0.01161	0.00933	0.01036	0.01010	0.01287	0.00808	0.00758	0.01465	0.02273	0.02907	0.27849	0.08134	0.42817	0.02166	0.01084	0.00302	0.00454	0.01839	0.00909	0.00808
25	0.01087	0.00922	0.00939	0.00953	0.01246	0.00773	0.00708	0.01315	0.02071	0.02472	0.09027	0.12606	0.58038	0.02361	0.01091	0.00314	0.00469	0.01981	0.00853	0.00773
26	0.11384	0.03520	0.02556	0.09022	0.06906	0.42089	0.01830	0.07243	0.02489	0.02772	0.01500	0.01798	0.01209	0.00935	0.00819	0.00254	0.01419	0.00635	0.00507	0.01112
27	0.01421	0.00867	0.01005	0.01051	0.01153	0.00870	0.00702	0.01636	0.01647	0.02515	0.03351	0.17851	0.03476	0.24883	0.07776	0.00592	0.00789	0.01404	0.26284	0.00726
28	0.01157	0.00939	0.01029	0.01025	0.01308	0.00812	0.00781	0.01446	0.02209	0.02770	0.20953	0.08472	0.46343	0.02235	0.01095	0.00312	0.00479	0.04946	0.00888	0.00800
29	0.02158	0.02065	0.03520	0.18347	0.50185	0.02152	0.02761	0.02718	0.02037	0.02861	0.01707	0.02310	0.01406	0.00839	0.00911	0.00280	0.01119	0.00818	0.00445	0.01362
30	0.01932	0.09811	0.45038	0.02480	0.03499	0.02410	0.02937	0.02746	0.01819	0.02693	0.01521	0.01912	0.01173	0.01021	0.01302	0.00306	0.15055	0.00688	0.00391	0.01266
31	0.03430	0.04376	0.02602	0.02365	0.02839	0.64045	0.01774	0.03666	0.02602	0.02247	0.01419	0.01656	0.01183	0.00946	0.00828	0.00237	0.01656	0.00591	0.00473	0.01064
32	0.02284	0.02337	0.03238	0.12822	0.41775	0.10989	0.02483	0.02772	0.02131	0.02767	0.02202	0.02668	0.05610	0.00956	0.00911	0.00275	0.01146	0.00864	0.00479	0.01293
33	0.03447	0.03880	0.02644	0.02296	0.02841	0.47225	0.01766	0.18859	0.03073	0.03220	0.01635	0.01807	0.01287	0.00989	0.00853	0.00247	0.01478	0.00656	0.00596	0.01201
34	0.02541	0.62607	0.04615	0.01642	0.02399	0.08999	0.01589	0.02831	0.01931	0.02168	0.01289	0.01489	0.01179	0.00800	0.00610	0.00200	0.01042	0.00500	0.00400	0.01168
35	0.01653	0.01485	0.02535	0.02506	0.10350	0.01417	0.14166	0.02144	0.02196	0.02932	0.13302	0.06763	0.12569	0.01782	0.01124	0.00340	0.00915	0.20077	0.00736	0.01007
36	0.02158	0.02065	0.03520	0.18347	0.50185	0.02152	0.02761	0.02718	0.02037	0.02861	0.01707	0.02310	0.01406	0.00839	0.00911	0.00280	0.01119	0.00818	0.00445	0.01362
37	0.02273	0.02182	0.03727	0.05636	0.62003	0.02182	0.02818	0.02818	0.02091	0.03000	0.01727	0.02273	0.01454	0.00818	0.00909	0.00273	0.01091	0.00818	0.00455	0.01454
38	0.01136	0.00932	0.01000	0.00983	0.01271	0.00797	0.00737	0.01416	0.02212	0.02764	0.21619	0.08370	0.49137	0.02220	0.01085	0.00305	0.00458	0.01872	0.00890	0.00797
39	0.01734	0.01632	0.02754	0.65524	0.06324	0.02040	0.02550	0.02346	0.01836	0.02346	0.01632	0.02448	0.01224	0.00918	0.00918	0.00306	0.01224	0.00816	0.00408	0.01020
40	0.01774	0.01321	0.01747	0.01611	0.01896	0.01508	0.01275	0.13802	0.02079	0.02907	0.02405	0.03309	0.02140	0.05659	0.50684	0.01221	0.02152	0.00950	0.00582	0.00977
41	0.02278	0.01686	0.01841	0.01543	0.01964	0.01795	0.01189	0.28032	0.02889	0.03815	0.03896	0.04634	0.14796	0.17592	0.07451	0.00534	0.00995	0.01196	0.00781	0.01092
42	0.01119	0.00799	0.01065	0.01278	0.01332	0.00746	0.00852	0.01278	0.01758	0.02344	0.05061	0.67132	0.06073	0.02877	0.01172	0.00373	0.00533	0.02610	0.00852	0.00746
43	0.01335	0.00890	0.01001	0.01001	0.01001	0.00890	0.00556	0.01335	0.01335	0.01780	0.02893	0.06009	0.03338	0.67731	0.04673	0.00890	0.00890	0.01335	0.00556	0.00556
44	0.01119	0.00799	0.01065	0.01278	0.01332	0.00746	0.00852	0.01278	0.01758	0.02344	0.05061	0.67132	0.06073	0.02877	0.01172	0.00373	0.00533	0.02610	0.00852	0.00746
45	0.02145	0.02052	0.03497	0.19763	0.48869	0.02148	0.02755	0.02707	0.02031	0.02846	0.01705	0.02314	0.01400	0.00842	0.00911	0.00281	0.01122	0.00818	0.00444	0.01352
46	0.04120	0.01563	0.02131	0.01634	0.02344	0.01350	0.01350	0.04475	0.02628	0.62639	0.03622	0.03125	0.02273	0.01136	0.00923	0.00284	0.00781	0.00923	0.01136	0.01563
47	0.01312	0.00984	0.01476	0.01476	0.01640	0.01148	0.01148	0.01640	0.01476	0.02131	0.02459	0.03607	0.02295	0.06886	0.64092	0.01476	0.02459	0.00984	0.00492	0.00820
48	0.01842	0.04749	0.62974	0.02617	0.03974	0.02132	0.03392	0.02908	0.01939	0.02908	0.01648	0.01939	0.01163	0.00872	0.00872	0.00291	0.01357	0.00678	0.00388	0.01357
49	0.02877	0.03427	0.02787	0.02732	0.09090	0.38938	0.01957	0.03136	0.02187	0.02317	0.01388	0.01829	0.01219	0.01131	0.01495	0.00290	0.20983	0.00680	0.00450	0.01088
50	0.03670	0.02284	0.02578	0.01976	0.02704	0.02421	0.01632	0.43420	0.03836	0.21989	0.02609	0.02467	0.01764	0.01112	0.00920	0.00278	0.00945	0.00854	0.00981	0.01562
51	0.01842	0.04749	0.62974	0.02617	0.03974	0.02132	0.03392	0.02908	0.01939	0.02908	0.01648	0.01939	0.01163	0.00872	0.00872	0.00291	0.01357	0.00678	0.00388	0.01357
52	0.01119	0.00799	0.01065	0.01278	0.01332	0.00746	0.00852	0.01278	0.01758	0.02344	0.05061	0.67132	0.06073	0.02877	0.01172	0.00373	0.00533	0.02610	0.00852	0.00746
53	0.01304	0.00893	0.00990	0.00998	0.01109	0.00850	0.00637	0.01442	0.01683	0.02282	0.08581	0.10245	0.16741	0.37314	0.02969	0.00614	0.00691	0.01520	0.08466	0.00671
54	0.02125	0.02351	0.04718	0.03478	0.04157	0.02454	0.43454	0.02745	0.01963	0.02745	0.01682	0.02351	0.01343	0.00998	0.01602	0.00334	0.18869	0.01008	0.00448	0.01176
55	0.01512	0.01252	0.01768	0.02267	0.14431	0.01199	0.01495	0.01896	0.02102	0.02709	0.05722	0.08119	0.23839	0.02099	0.01129	0.00352	0.00767	0.25627	0.00765	0.00951
56	0.02165	0.03243	0.25822	0.04357	0.37584	0.05015	0.02985	0.02891	0.02057	0.02931	0.01683	0.02119	0.01333	0.00844	0.00892	0.00278	0.01216	0.00755	0.00430	0.01400
57	0.02173	0.02080	0.03548	0.16671	0.51744	0.02156	0.02769	0.02731	0.02044	0.02879	0.01710	0.02305	0.01412	0.00837	0.00911	0.00279	0.01115	0.00818	0.00446	0.01374
58	0.02156	0.02586	0.08548	0.03914	0.08451	0.02302	0.51946	0.02931	0.02149	0.02943	0.01837	0.02433	0.01384	0.00782	0.01060	0.00306	0.01508	0.01044	0.00459	0.01259
59	0.02945	0.36153	0.03701	0.01970	0.02599	0.34006	0.01673	0.03210	0.02236	0.02204	0.01348	0.01565	0.01181	0.00866	0.00709	0.00217	0.01321	0.00541	0.00433	0.01121
60	0.02134	0.02211	0.06898	0.18175	0.46878	0.02149	0.02794	0.02723	0.02028	0.02856	0.01702	0.02291	0.01389	0.00842	0.00909	0.00281	0.01134	0.00810	0.00441	0.01357
61	0.01963	0.01932	0.03563	0.10213	0.27232	0.01915	0.18292	0.02527	0.02105	0.02919	0.08414	0.09762	0.02667	0.01147	0.01006	0.00299	0.01106	0.01174	0.00554	0.01211
62	0.01917	0.10246	0.54085	0.02605	0.03884	0.02278	0.06805	0.02896	0.01947	0.02844	0.01628	0.01932	0.01179	0.00858	0.00861	0.00284	0.01336	0.00688	0.00393	0.01333
63	0.02226	0.02158	0.03717	0.09473	0.49681	0.02190	0.07684	0.02911	0.05335	0.02996	0.01844	0.02367	0.01508	0.00845	0.00927	0.00280	0.01120	0.00854	0.00479	0.01405
64	0.01402	0.01153	0.01667	0.01654	0.01759	0.01281	0.03814	0.01628	0.01702	0.02339	0.03842	0.37383	0.04412	0.06843	0.06164	0.00491	0.13198	0.07741	0.00704	0.00822
65	0.02675	0.02974	0.03188	0.04180	0.36356	0.26034	0.02337	0.03091	0.02260	0.02669	0.01642	0.02096	0.01388	0.01148	0.03798	0.00314	0.01372	0.00738	0.00463	0.01274
66	0.01116	0.00811	0.01053	0.01248	0.01324	0.00748	0.00839	0.01282	0.01788	0.02356	0.05437	0.61954	0.11008	0.02828	0.01164	0.00367	0.00527	0.02551	0.00852	0.00748
67	0.02664	0.06535	0.03130	0.15410	0.23520	0.28089	0.02264	0.03079	0.02244	0.02516	0.01556	0.02005	0.01282	0.00889	0.00860	0.00260	0.01346	0.00705	0.00450	0.01194
68	0.06434	0.01908	0.06106	0.03938	0.37294	0.01768	0.02194	0.02398	0.01971	0.02894	0.02659	0.18159	0.02719	0.01407	0.00968	0.00306	0.00935	0.04149	0.00574	0.01218
69	0.02202	0.02392	0.02189	0.05963	0.02490	0.23446	0.01609	0.02493	0.01879	0.02199	0.01819	0.02567	0.01644	0.03492	0.27096	0.00777	0.13523	0.00804	0.00464	0.00951

[dist]
# distance from previous block
# <min> <max>
0	36

[block]
# block no. 1 follows, 18 sequences, length 51
# corresponding to MSA columns:
# 230-238,255-296
name=unknown_B
#
# <colnr> <probs for GDERKNQSTAVLIFYWHMCP>
#	G	D	E	R	K	N	Q	S	T	A	V	L	I	F	Y	W	H	M	C	P
0	0.03314	0.04183	0.02619	0.02369	0.02804	0.59055	0.01793	0.03548	0.02505	0.02244	0.01402	0.01685	0.01185	0.01000	0.01006	0.00250	0.06904	0.00609	0.00467	0.01060
1	0.02593	0.02228	0.03241	0.04431	0.42903	0.06373	0.02389	0.03343	0.09320	0.10759	0.02197	0.02481	0.01706	0.00920	0.00908	0.00276	0.01045	0.00843	0.00603	0.01441
2	0.01831	0.01078	0.01225	0.05544	0.01657	0.01149	0.00928	0.07216	0.02087	0.03424	0.02772	0.03265	0.02197	0.01678	0.07409	0.00360	0.00751	0.00864	0.53639	0.00927
3	0.01269	0.01049	0.01076	0.01026	0.01363	0.00929	0.00781	0.05503	0.02278	0.02777	0.11306	0.08262	0.54735	0.02215	0.01073	0.00307	0.00503	0.01844	0.00865	0.00836
4	0.02324	0.53809	0.15061	0.01797	0.02647	0.03327	0.01916	0.02752	0.01857	0.02296	0.01339	0.01581	0.01177	0.00840	0.00756	0.00223	0.04165	0.00539	0.00392	0.01202
5	0.01316	0.01048	0.01208	0.01233	0.01521	0.00983	0.00982	0.01820	0.06925	0.02847	0.15922	0.08468	0.34355	0.02220	0.01119	0.00335	0.00577	0.15375	0.00882	0.00862
6	0.02239	0.02148	0.03667	0.09329	0.58570	0.02173	0.02801	0.02789	0.02075	0.02959	0.01721	0.02283	0.01440	0.00824	0.00910	0.00275	0.01099	0.00818	0.00452	0.01428
7	0.21706	0.50441	0.03883	0.01474	0.02201	0.03211	0.01416	0.02736	0.01784	0.02686	0.01277	0.01478	0.01129	0.00803	0.00584	0.00220	0.00909	0.00493	0.00440	0.01129
8	0.03500	0.08050	0.10085	0.01770	0.02577	0.01755	0.01640	0.07926	0.02550	0.41865	0.02937	0.02685	0.01927	0.01041	0.00871	0.00267	0.00882	0.00823	0.00923	0.05928
9	0.02224	0.02132	0.03639	0.11029	0.56990	0.02169	0.02794	0.02775	0.02068	0.02941	0.01719	0.02288	0.01434	0.00827	0.00910	0.00276	0.01103	0.00818	0.00450	0.01415
10	0.01842	0.04749	0.62974	0.02617	0.03974	0.02132	0.03392	0.02908	0.01939	0.02908	0.01648	0.01939	0.01163	0.00872	0.00872	0.00291	0.01357	0.00678	0.00388	0.01357
11	0.02303	0.02304	0.03492	0.13567	0.49028	0.07733	0.02687	0.02830	0.02102	0.02842	0.01686	0.02241	0.01398	0.00843	0.00903	0.00274	0.01160	0.00797	0.00450	0.01360
12	0.02095	0.02984	0.18254	0.03591	0.04615	0.02280	0.46341	0.02934	0.02116	0.02934	0.01811	0.02357	0.01342	0.00796	0.01036	0.00305	0.01505	0.00993	0.00447	0.01265
13	0.01734	0.01632	0.02754	0.65524	0.06324	0.02040	0.02550	0.02346	0.01836	0.02346	0.01632	0.02448	0.01224	0.00918	0.00918	0.00306	0.01224	0.00816	0.00408	0.01020
14	0.01119	0.00799	0.01065	0.01278	0.01332	0.00746	0.00852	0.01278	0.01758	0.02344	0.05061	0.67132	0.06073	0.02877	0.01172	0.00373	0.00533	0.02610	0.00852	0.00746
15	0.02273	0.02182	0.03727	0.05636	0.62003	0.02182	0.02818	0.02818	0.02091	0.03000	0.01727	0.02273	0.01454	0.00818	0.00909	0.00273	0.01091	0.00818	0.00455	0.01454
16	0.01119	0.00799	0.01065	0.01278	0.01332	0.00746	0.00852	0.01278	0.01758	0.02344	0.05061	0.67132	0.06073	0.02877	0.01172	0.00373	0.00533	0.02610	0.00852	0.00746
17	0.01119	0.00799	0.01065	0.01278	0.01332	0.00746	0.00852	0.01278	0.01758	0.02344	0.05061	0.67132	0.06073	0.02877	0.01172	0.00373	0.00533	0.02610	0.00852	0.00746
18	0.02648	0.02755	0.03377	0.04568	0.43022	0.17605	0.02481	0.07086	0.02379	0.03014	0.01685	0.02114	0.01395	0.00870	0.00890	0.00264	0.01225	0.00762	0.00493	0.01365
19	0.01259	0.00920	0.01214	0.01397	0.01549	0.00875	0.01084	0.01535	0.01946	0.02525	0.05553	0.36418	0.13258	0.02665	0.01199	0.00384	0.00649	0.23928	0.00850	0.00790
20	0.01138	0.00807	0.01060	0.01254	0.01302	0.00759	0.00826	0.01284	0.01720	0.02293	0.04866	0.61628	0.05827	0.08717	0.01487	0.00419	0.00565	0.02495	0.00826	0.00729
21	0.02273	0.02182	0.03727	0.05636	0.62003	0.02182	0.02818	0.02818	0.02091	0.03000	0.01727	0.02273	0.01454	0.00818	0.00909	0.00273	0.01091	0.00818	0.00455	0.01454
22	0.03466	0.03298	0.02694	0.02214	0.02844	0.27469	0.01757	0.36703	0.03627	0.04363	0.01889	0.01984	0.01409	0.01039	0.00882	0.00260	0.01270	0.00732	0.00739	0.01362
23	0.01312	0.00984	0.01476	0.01476	0.01640	0.01148	0.01148	0.01640	0.01476	0.02131	0.02459	0.03607	0.02295	0.06886	0.64092	0.01476	0.02459	0.00984	0.00492	0.00820
24	0.02351	0.08534	0.08145	0.02920	0.03533	0.13534	0.24388	0.02853	0.01996	0.02549	0.01538	0.02080	0.01270	0.01039	0.01505	0.00311	0.19030	0.00841	0.00437	0.01147
25	0.01085	0.00930	0.00930	0.00930	0.01240	0.00775	0.00698	0.01318	0.02093	0.02480	0.09302	0.08837	0.61631	0.02325	0.01085	0.00310	0.00465	0.01938	0.00853	0.00775
26	0.02229	0.02137	0.03648	0.10516	0.57466	0.02170	0.02796	0.02779	0.02070	0.02946	0.01719	0.02287	0.01436	0.00826	0.00910	0.00275	0.01102	0.00818	0.00451	0.01419
27	0.01312	0.00984	0.01476	0.01476	0.01640	0.01148	0.01148	0.01640	0.01476	0.02131	0.02459	0.03607	0.02295	0.06886	0.64092	0.01476	0.02459	0.00984	0.00492	0.00820
28	0.01985	0.03799	0.39611	0.03337	0.11302	0.02192	0.18801	0.02906	0.02021	0.02928	0.01716	0.02130	0.01263	0.00838	0.00936	0.00294	0.01378	0.00809	0.00417	0.01336
29	0.51728	0.01707	0.01600	0.01344	0.01958	0.01832	0.01108	0.03269	0.01904	0.22894	0.02030	0.02016	0.01405	0.00943	0.00682	0.00284	0.00733	0.00634	0.00751	0.01177
30	0.01402	0.01067	0.01553	0.01517	0.01669	0.01277	0.01190	0.01726	0.01501	0.02229	0.02384	0.03450	0.02201	0.06005	0.54168	0.01291	0.08044	0.00959	0.05528	0.00839
31	0.02671	0.02165	0.02294	0.01947	0.02535	0.02465	0.01547	0.22224	0.42369	0.04465	0.03245	0.03034	0.02405	0.01200	0.00929	0.00300	0.00818	0.00970	0.00929	0.01488
32	0.03218	0.18488	0.03113	0.02161	0.02732	0.44041	0.01726	0.09318	0.02619	0.02603	0.01471	0.01673	0.01222	0.00927	0.00784	0.00232	0.01437	0.00594	0.00502	0.01143
33	0.01119	0.00799	0.01065	0.01278	0.01332	0.00746	0.00852	0.01278	0.01758	0.02344	0.05061	0.67132	0.06073	0.02877	0.01172	0.00373	0.00533	0.02610	0.00852	0.00746
34	0.01982	0.10716	0.02899	0.03217	0.26096	0.05776	0.01915	0.02388	0.01845	0.02492	0.01942	0.02663	0.01738	0.03259	0.26240	0.00743	0.01661	0.00827	0.00462	0.01138
35	0.02711	0.13673	0.02576	0.01749	0.02352	0.02303	0.01443	0.08025	0.31542	0.15343	0.06207	0.03114	0.02630	0.01165	0.00877	0.00282	0.00787	0.00936	0.00881	0.01403
36	0.01119	0.00799	0.01065	0.01278	0.01332	0.00746	0.00852	0.01278	0.01758	0.02344	0.05061	0.67132	0.06073	0.02877	0.01172	0.00373	0.00533	0.02610	0.00852	0.00746
37	0.01712	0.00856	0.00856	0.00856	0.01070	0.00856	0.00642	0.02139	0.01926	0.03423	0.02995	0.03423	0.02353	0.01070	0.00642	0.00214	0.00428	0.00856	0.72828	0.00856
38	0.02673	0.53981	0.04317	0.01749	0.02464	0.17154	0.01617	0.02955	0.02030	0.02180	0.01308	0.01514	0.01179	0.00821	0.00643	0.00205	0.01133	0.00513	0.00411	0.01153
39	0.01312	0.00984	0.01476	0.01476	0.01640	0.01148	0.01148	0.01640	0.01476	0.02131	0.02459	0.03607	0.02295	0.06886	0.64092	0.01476	0.02459	0.00984	0.00492	0.00820
40	0.03305	0.02520	0.02763	0.02516	0.10238	0.07013	0.01827	0.39186	0.07667	0.10163	0.02322	0.02341	0.01671	0.01068	0.00912	0.00276	0.01027	0.00832	0.00848	0.01505
41	0.01103	0.00931	0.00954	0.00948	0.01251	0.00783	0.00711	0.01352	0.02134	0.02578	0.13557	0.08675	0.57314	0.02289	0.01085	0.00308	0.00462	0.01915	0.00866	0.00783
42	0.01312	0.00984	0.01476	0.01476	0.01640	0.01148	0.01148	0.01640	0.01476	0.02131	0.02459	0.03607	0.02295	0.06886	0.64092	0.01476	0.02459	0.00984	0.00492	0.00820
43	0.01330	0.00911	0.01108	0.01108	0.01144	0.00948	0.00689	0.01403	0.01367	0.01859	0.02796	0.05471	0.03105	0.54114	0.17972	0.01021	0.01241	0.01257	0.00542	0.00615
44	0.02402	0.03405	0.24263	0.03129	0.07974	0.07371	0.21151	0.12941	0.02502	0.03383	0.01803	0.02163	0.01332	0.00883	0.00949	0.00289	0.01364	0.00841	0.00519	0.01337
45	0.02356	0.30547	0.14639	0.03156	0.22365	0.07254	0.02321	0.02866	0.02006	0.02577	0.01502	0.01833	0.01267	0.00823	0.00762	0.00241	0.01133	0.00640	0.00418	0.01293
46	0.02366	0.01959	0.03124	0.03252	0.22343	0.01829	0.11933	0.06695	0.02247	0.08585	0.02033	0.02382	0.01574	0.00844	0.00863	0.00241	0.00981	0.00810	0.06470	0.19467
47	0.07356	0.08756	0.05758	0.02994	0.18215	0.13550	0.02041	0.23451	0.02935	0.03873	0.01775	0.02003	0.01379	0.00946	0.00847	0.00262	0.01141	0.00725	0.00626	0.01367
48	0.01577	0.01438	0.01453	0.01416	0.01655	0.08854	0.01054	0.01840	0.02011	0.02570	0.13438	0.19306	0.13773	0.07015	0.07079	0.00455	0.03777	0.04670	0.00735	0.05883
49	0.20814	0.01701	0.05463	0.02601	0.18868	0.01610	0.01644	0.02254	0.01878	0.03124	0.05454	0.20342	0.03195	0.01571	0.00925	0.00317	0.00806	0.05728	0.00645	0.01061
50	0.02498	0.12784	0.17944	0.03335	0.19773	0.18960	0.06370	0.03066	0.02164	0.02653	0.01571	0.01928	0.01268	0.00858	0.00845	0.00259	0.01322	0.00696	0.00435	0.01272

[dist]
# distance from previous block
# <min> <max>
0	26

[block]
# block no. 2 follows, 18 sequences, length 442
# corresponding to MSA columns:
# 323-764
name=unknown_C
#
# <colnr> <probs for GDERKNQSTAVLIFYWHMCP>
#	G	D	E	R	K	N	Q	S	T	A	V	L	I	F	Y	W	H	M	C	P
0	0.02850	0.06111	0.14260	0.02234	0.05894	0.19385	0.01932	0.03616	0.09937	0.15831	0.06875	0.02685	0.02216	0.01069	0.00884	0.00271	0.01132	0.00828	0.00697	0.01291
1	0.01553	0.01294	0.01951	0.02047	0.08220	0.01232	0.07116	0.05604	0.02037	0.02754	0.04233	0.42140	0.07722	0.02165	0.01085	0.00332	0.00734	0.01986	0.00757	0.05037
2	0.01372	0.01097	0.01632	0.02180	0.14005	0.01054	0.01264	0.01631	0.01885	0.02572	0.08213	0.49479	0.05285	0.02379	0.01111	0.00346	0.00642	0.02171	0.00780	0.00902
3	0.02598	0.10370	0.10056	0.03751	0.27631	0.21495	0.05562	0.03090	0.02212	0.02662	0.01581	0.01969	0.01305	0.00858	0.00855	0.00257	0.01309	0.00712	0.00447	0.01281
4	0.02268	0.16771	0.07951	0.04362	0.41682	0.02530	0.02540	0.02775	0.01993	0.02766	0.01594	0.02060	0.01360	0.00859	0.00955	0.00265	0.04738	0.00736	0.00434	0.01362
5	0.02108	0.05423	0.03702	0.02822	0.07366	0.01903	0.27084	0.02668	0.02006	0.06146	0.01963	0.02499	0.01570	0.01735	0.10817	0.00444	0.01398	0.00892	0.00519	0.16936
6	0.02844	0.17096	0.03256	0.02287	0.02744	0.34600	0.04720	0.03113	0.02159	0.02256	0.01364	0.01739	0.01198	0.01051	0.01278	0.00269	0.15859	0.00643	0.00440	0.01084
7	0.01899	0.01439	0.01560	0.18762	0.02698	0.07828	0.01285	0.02357	0.01972	0.03004	0.02455	0.02970	0.01920	0.01015	0.00737	0.00242	0.00776	0.00817	0.45342	0.00923
8	0.02572	0.40619	0.15479	0.01964	0.02784	0.17929	0.01971	0.03001	0.02057	0.02325	0.01382	0.01607	0.01176	0.00841	0.00701	0.00224	0.01217	0.00551	0.00411	0.01185
9	0.03430	0.04376	0.02602	0.02365	0.02839	0.64045	0.01774	0.03666	0.02602	0.02247	0.01419	0.01656	0.01183	0.00946	0.00828	0.00237	0.01656	0.00591	0.00473	0.01064
10	0.01319	0.00883	0.01006	0.01023	0.01027	0.00879	0.00579	0.01331	0.01368	0.01824	0.03060	0.10709	0.03548	0.62744	0.04404	0.00850	0.00863	0.01433	0.00579	0.00571
11	0.01260	0.00862	0.01036	0.01104	0.01134	0.00840	0.00674	0.01338	0.01550	0.02078	0.06925	0.26782	0.04565	0.42038	0.03284	0.00681	0.00743	0.01786	0.00682	0.00638
12	0.01312	0.00984	0.01476	0.01476	0.01640	0.01148	0.01148	0.01640	0.01476	0.02131	0.02459	0.03607	0.02295	0.06886	0.64092	0.01476	0.02459	0.00984	0.00492	0.00820
13	0.01526	0.04746	0.01947	0.01688	0.01848	0.01648	0.01361	0.01824	0.01481	0.02150	0.02119	0.03140	0.01995	0.05394	0.47203	0.01170	0.16494	0.00918	0.00467	0.00880
14	0.01119	0.00799	0.01065	0.01278	0.01332	0.00746	0.00852	0.01278	0.01758	0.02344	0.05061	0.67132	0.06073	0.02877	0.01172	0.00373	0.00533	0.02610	0.00852	0.00746
15	0.01447	0.00973	0.01263	0.01170	0.01420	0.00889	0.00885	0.01865	0.02575	0.06935	0.55569	0.06751	0.11038	0.01859	0.01074	0.00290	0.00454	0.01633	0.01010	0.00901
16	0.03240	0.02448	0.02615	0.02062	0.02752	0.02731	0.01685	0.47743	0.15923	0.05384	0.02522	0.02457	0.01819	0.01132	0.00922	0.00283	0.00952	0.00870	0.00922	0.01539
17	0.01128	0.00944	0.00990	0.01013	0.01312	0.00806	0.00783	0.01382	0.02095	0.02510	0.08817	0.09002	0.55484	0.02348	0.01105	0.00322	0.00507	0.07817	0.00852	0.00783
18	0.74217	0.01776	0.01350	0.01207	0.01776	0.02060	0.00994	0.02699	0.01563	0.04120	0.01278	0.01492	0.00994	0.00852	0.00568	0.00284	0.00710	0.00497	0.00568	0.00994
19	0.01159	0.00933	0.01032	0.01007	0.01285	0.00806	0.00755	0.01460	0.02266	0.02892	0.27191	0.08159	0.43484	0.02172	0.01084	0.00303	0.00454	0.01843	0.00907	0.00806
20	0.03368	0.02500	0.02690	0.02055	0.02796	0.02723	0.01695	0.54587	0.04131	0.05572	0.02160	0.02181	0.01546	0.01070	0.00900	0.00265	0.00985	0.00805	0.00890	0.07082
21	0.01312	0.00984	0.01476	0.01476	0.01640	0.01148	0.01148	0.01640	0.01476	0.02131	0.02459	0.03607	0.02295	0.06886	0.64092	0.01476	0.02459	0.00984	0.00492	0.00820
22	0.03363	0.08733	0.02753	0.02311	0.02806	0.59927	0.01760	0.03604	0.02552	0.02241	0.01410	0.01643	0.01182	0.00935	0.00812	0.00234	0.01610	0.00585	0.00468	0.01072
23	0.02455	0.68284	0.04811	0.01571	0.02357	0.03633	0.01571	0.02749	0.01866	0.02160	0.01277	0.01473	0.01178	0.00786	0.00589	0.00196	0.00982	0.00491	0.00393	0.01178
24	0.01097	0.00931	0.00947	0.00943	0.01248	0.00780	0.00707	0.01341	0.02121	0.02548	0.12238	0.08725	0.58653	0.02300	0.01085	0.00309	0.00463	0.01922	0.00862	0.00780
25	0.01085	0.00930	0.00930	0.00930	0.01240	0.00775	0.00698	0.01318	0.02093	0.02480	0.09302	0.08837	0.61631	0.02325	0.01085	0.00310	0.00465	0.01938	0.00853	0.00775
26	0.01690	0.02400	0.19523	0.02502	0.10249	0.01828	0.02113	0.02169	0.01768	0.02558	0.02721	0.24334	0.02893	0.01729	0.01497	0.00343	0.16658	0.01389	0.00559	0.01075
27	0.01437	0.01043	0.01420	0.01608	0.01830	0.01026	0.01394	0.01839	0.02111	0.02719	0.05346	0.10191	0.11432	0.02513	0.01248	0.00410	0.00804	0.49945	0.00846	0.00838
28	0.03947	0.01840	0.02302	0.01765	0.02482	0.01761	0.01458	0.19422	0.03092	0.47037	0.03233	0.02873	0.02078	0.01127	0.00922	0.00282	0.00844	0.00897	0.01077	0.01562
29	0.03490	0.02572	0.02756	0.02113	0.02847	0.02847	0.01745	0.58942	0.04317	0.05787	0.02204	0.02204	0.01561	0.01102	0.00919	0.00276	0.01010	0.00827	0.00919	0.01561
30	0.01264	0.00937	0.01178	0.01118	0.01350	0.00851	0.00838	0.01664	0.02515	0.03483	0.52886	0.07186	0.17421	0.01951	0.01083	0.00292	0.00438	0.01706	0.00985	0.00851
31	0.01335	0.00890	0.01001	0.01001	0.01001	0.00890	0.00556	0.01335	0.01335	0.01780	0.02893	0.06009	0.03338	0.67731	0.04673	0.00890	0.00890	0.01335	0.00556	0.00556
32	0.01921	0.04242	0.50735	0.03066	0.10177	0.02157	0.09088	0.02902	0.01978	0.02921	0.01678	0.02030	0.01218	0.00856	0.00898	0.00291	0.01349	0.00735	0.00403	0.01355
33	0.03303	0.04135	0.02726	0.02725	0.09347	0.57239	0.01889	0.03573	0.02546	0.02330	0.01453	0.01724	0.01213	0.00932	0.00837	0.00241	0.01594	0.00616	0.00471	0.01107
34	0.01336	0.01011	0.01279	0.01413	0.01660	0.00954	0.01194	0.01689	0.02106	0.02650	0.06483	0.09802	0.25867	0.02459	0.01201	0.00382	0.00707	0.36140	0.00848	0.00820
35	0.01965	0.04016	0.46045	0.03480	0.20555	0.02146	0.03228	0.02882	0.01982	0.02934	0.01670	0.02034	0.01246	0.00857	0.00883	0.00286	0.01281	0.00718	0.00407	0.01385
36	0.01503	0.01265	0.01842	0.01732	0.01851	0.01605	0.01384	0.01796	0.01457	0.02153	0.02115	0.03169	0.01996	0.05438	0.47330	0.01181	0.19911	0.00934	0.00467	0.00870
37	0.01119	0.00799	0.01065	0.01278	0.01332	0.00746	0.00852	0.01278	0.01758	0.02344	0.05061	0.67132	0.06073	0.02877	0.01172	0.00373	0.00533	0.02610	0.00852	0.00746
38	0.02267	0.02196	0.03810	0.05549	0.59190	0.02189	0.05565	0.02824	0.02094	0.02997	0.01734	0.02283	0.01451	0.00816	0.00918	0.00275	0.01113	0.00831	0.00455	0.01444
39	0.02238	0.02460	0.02034	0.01908	0.02189	0.27342	0.01466	0.02519	0.01938	0.02185	0.01943	0.02689	0.01760	0.04063	0.33696	0.00889	0.06461	0.00809	0.00478	0.00934
40	0.15737	0.01117	0.01044	0.00985	0.01293	0.01185	0.00764	0.05041	0.01973	0.03673	0.02626	0.02992	0.02053	0.01030	0.00641	0.00230	0.00511	0.00785	0.55400	0.00917
41	0.03430	0.04376	0.02602	0.02365	0.02839	0.64045	0.01774	0.03666	0.02602	0.02247	0.01419	0.01656	0.01183	0.00946	0.00828	0.00237	0.01656	0.00591	0.00473	0.01064
42	0.01115	0.00814	0.01050	0.01239	0.01321	0.00749	0.00835	0.01283	0.01796	0.02359	0.05539	0.60555	0.12341	0.02814	0.01162	0.00366	0.00525	0.02534	0.00852	0.00749
43	0.01313	0.00978	0.01444	0.01444	0.01597	0.01130	0.01108	0.01619	0.01466	0.02108	0.02488	0.03768	0.02365	0.10959	0.60116	0.01436	0.02354	0.01007	0.00496	0.00802
44	0.01480	0.01057	0.01480	0.01691	0.01902	0.01057	0.01480	0.01902	0.02114	0.02748	0.04862	0.10357	0.05284	0.02536	0.01268	0.00423	0.00845	0.55823	0.00845	0.00845
45	0.01119	0.00799	0.01065	0.01278	0.01332	0.00746	0.00852	0.01278	0.01758	0.02344	0.05061	0.67132	0.06073	0.02877	0.01172	0.00373	0.00533	0.02610	0.00852	0.00746
46	0.01904	0.01632	0.01904	0.01360	0.02176	0.01224	0.01088	0.02312	0.01904	0.02992	0.01632	0.01904	0.01360	0.00680	0.00680	0.00136	0.00680	0.00544	0.00544	0.73344
47	0.01595	0.00797	0.01196	0.01196	0.01196	0.00797	0.00797	0.01196	0.01196	0.01595	0.01595	0.02791	0.01595	0.03190	0.03589	0.73285	0.00797	0.00797	0.00399	0.00399
48	0.01085	0.00930	0.00930	0.00930	0.01240	0.00775	0.00698	0.01318	0.02093	0.02480	0.09302	0.08837	0.61631	0.02325	0.01085	0.00310	0.00465	0.01938	0.00853	0.00775
49	0.01348	0.01038	0.01546	0.01525	0.01680	0.01235	0.01193	0.01670	0.01472	0.02136	0.02394	0.03523	0.02238	0.06609	0.60885	0.01419	0.05799	0.00974	0.00487	0.00830
50	0.02125	0.02031	0.03460	0.22071	0.46723	0.02143	0.02744	0.02688	0.02021	0.02820	0.01701	0.02321	0.01391	0.00846	0.00911	0.00282	0.01127	0.00818	0.00442	0.01335
51	0.02273	0.02182	0.03727	0.05636	0.62003	0.02182	0.02818	0.02818	0.02091	0.03000	0.01727	0.02273	0.01454	0.00818	0.00909	0.00273	0.01091	0.00818	0.00455	0.01454
52	0.01156	0.00828	0.01099	0.01253	0.01340	0.00771	0.00855	0.01373	0.01934	0.02623	0.16851	0.54545	0.06614	0.02668	0.01153	0.00355	0.00512	0.02412	0.00885	0.00771
53	0.03430	0.04376	0.02602	0.02365	0.02839	0.64045	0.01774	0.03666	0.02602	0.02247	0.01419	0.01656	0.01183	0.00946	0.00828	0.00237	0.01656	0.00591	0.00473	0.01064
54	0.02151	0.03839	0.42286	0.03083	0.14908	0.02145	0.02994	0.05961	0.05000	0.06257	0.01898	0.02152	0.01379	0.00906	0.00888	0.00287	0.01227	0.00744	0.00494	0.01402
55	0.01335	0.00890	0.01001	0.01001	0.01001	0.00890	0.00556	0.01335	0.01335	0.01780	0.02893	0.06009	0.03338	0.67731	0.04673	0.00890	0.00890	0.01335	0.00556	0.00556
56	0.01841	0.01761	0.02490	0.02185	0.02224	0.02410	0.01801	0.02072	0.01423	0.02191	0.01508	0.02395	0.01468	0.02882	0.17759	0.00661	0.50698	0.00847	0.00424	0.00960
57	0.03184	0.03977	0.02577	0.02521	0.07282	0.55053	0.01782	0.03444	0.02529	0.02321	0.01971	0.02184	0.05249	0.01029	0.00851	0.00244	0.01533	0.00699	0.00497	0.01075
58	0.01313	0.00912	0.01096	0.01096	0.01151	0.00936	0.00689	0.01398	0.01416	0.01901	0.03239	0.05700	0.07094	0.50566	0.16837	0.00973	0.01189	0.01303	0.00563	0.00626
59	0.02510	0.64690	0.04687	0.01616	0.02384	0.07030	0.01583	0.02801	0.01907	0.02165	0.01285	0.01483	0.01179	0.00795	0.00603	0.00199	0.01020	0.00497	0.00397	0.01172
60	0.01365	0.01010	0.01288	0.01243	0.01481	0.00964	0.00958	0.01911	0.05840	0.03527	0.49321	0.07145	0.10691	0.01936	0.01095	0.00306	0.00497	0.07549	0.00980	0.00893
61	0.02693	0.02712	0.02489	0.02516	0.10312	0.19421	0.01742	0.08432	0.32454	0.03440	0.02715	0.02691	0.02083	0.01096	0.00900	0.00283	0.01053	0.00869	0.00743	0.01354
62	0.02284	0.01972	0.02076	0.01869	0.02388	0.02284	0.01453	0.04879	0.60345	0.03841	0.03737	0.03426	0.02803	0.01246	0.00934	0.00311	0.00727	0.01038	0.00934	0.01453
63	0.01333	0.00897	0.01038	0.01038	0.01051	0.00910	0.00602	0.01359	0.01346	0.01807	0.02860	0.05824	0.03258	0.63052	0.09243	0.00935	0.01011	0.01308	0.00551	0.00577
64	0.01196	0.00906	0.01103	0.01115	0.01324	0.00813	0.00813	0.01510	0.02265	0.03033	0.33662	0.20526	0.23934	0.02228	0.01103	0.00313	0.00464	0.01949	0.00929	0.00813
65	0.01107	0.00844	0.01019	0.01159	0.01300	0.00756	0.00799	0.01292	0.01873	0.02391	0.06514	0.47160	0.25107	0.02688	0.01142	0.00351	0.00510	0.02380	0.00852	0.00756
66	0.01997	0.02010	0.02589	0.02261	0.02319	0.06726	0.01858	0.02220	0.01499	0.02200	0.01416	0.02235	0.01375	0.02389	0.12431	0.00559	0.51701	0.00817	0.00421	0.00980
67	0.01848	0.00988	0.01002	0.00952	0.01206	0.01009	0.00727	0.06508	0.02109	0.03605	0.02934	0.03329	0.02293	0.01072	0.00663	0.00219	0.00473	0.00854	0.67298	0.00910
68	0.01220	0.00925	0.01123	0.01095	0.01328	0.00829	0.00813	0.01570	0.02378	0.03209	0.41076	0.12104	0.24797	0.02092	0.01090	0.00302	0.00451	0.01819	0.00950	0.00829
69	0.02766	0.01332	0.01685	0.01389	0.01900	0.01187	0.01112	0.05951	0.02580	0.32870	0.17011	0.05236	0.17901	0.01576	0.00996	0.00291	0.00644	0.01317	0.01030	0.01227
70	0.01338	0.00975	0.01434	0.01434	0.01601	0.01128	0.01114	0.01673	0.01506	0.02218	0.02495	0.03595	0.02299	0.06497	0.59846	0.01391	0.02323	0.00975	0.05333	0.00822
71	0.03490	0.02572	0.02756	0.02113	0.02847	0.02847	0.01745	0.58942	0.04317	0.05787	0.02204	0.02204	0.01561	0.01102	0.00919	0.00276	0.01010	0.00827	0.00919	0.01561
72	0.01113	0.00876	0.01006	0.01091	0.01287	0.00769	0.00773	0.01328	0.01984	0.02499	0.10829	0.33167	0.34970	0.02528	0.01121	0.00335	0.00491	0.02202	0.00863	0.00769
73	0.08012	0.02329	0.02480	0.01971	0.02648	0.02582	0.01609	0.40439	0.15726	0.08868	0.02552	0.02470	0.01828	0.01118	0.00899	0.00284	0.00917	0.00855	0.00912	0.01501
74	0.02284	0.01972	0.02076	0.01869	0.02388	0.02284	0.01453	0.04879	0.60345	0.03841	0.03737	0.03426	0.02803	0.01246	0.00934	0.00311	0.00727	0.01038	0.00934	0.01453
75	0.01166	0.00819	0.01051	0.01218	0.01260	0.00777	0.00788	0.01291	0.01666	0.02221	0.04589	0.53816	0.05477	0.17005	0.01935	0.00486	0.00611	0.02333	0.00788	0.00705
76	0.02950	0.02944	0.02418	0.01983	0.02629	0.25108	0.01556	0.19171	0.06837	0.03572	0.01860	0.02001	0.01450	0.00938	0.00820	0.00225	0.01140	0.00676	0.00651	0.21069
77	0.02723	0.01854	0.01967	0.01594	0.02098	0.02014	0.01277	0.35067	0.03280	0.04702	0.02530	0.02862	0.01949	0.04861	0.01031	0.00288	0.00792	0.00866	0.26995	0.01249
78	0.03490	0.02572	0.02756	0.02113	0.02847	0.02847	0.01745	0.58942	0.04317	0.05787	0.02204	0.02204	0.01561	0.01102	0.00919	0.00276	0.01010	0.00827	0.00919	0.01561
79	0.01119	0.00799	0.01065	0.01278	0.01332	0.00746	0.00852	0.01278	0.01758	0.02344	0.05061	0.67132	0.06073	0.02877	0.01172	0.00373	0.00533	0.02610	0.00852	0.00746
80	0.09700	0.01204	0.01513	0.01407	0.01675	0.01315	0.01071	0.05227	0.01743	0.09087	0.02528	0.03713	0.02313	0.17140	0.35131	0.01034	0.01698	0.00984	0.00607	0.00910
81	0.01114	0.00818	0.01046	0.01228	0.01319	0.00750	0.00830	0.01284	0.01806	0.02364	0.05671	0.58747	0.14064	0.02797	0.01159	0.00364	0.00523	0.02514	0.00852	0.00750
82	0.01335	0.00890	0.01001	0.01001	0.01001	0.00890	0.00556	0.01335	0.01335	0.01780	0.02893	0.06009	0.03338	0.67731	0.04673	0.00890	0.00890	0.01335	0.00556	0.00556
83	0.01097	0.00885	0.00976	0.01050	0.01272	0.00765	0.00751	0.01304	0.01978	0.02434	0.07849	0.28809	0.42597	0.02514	0.01115	0.00332	0.00488	0.02168	0.00853	0.00765
84	0.02149	0.02160	0.03895	0.12672	0.34893	0.02265	0.15736	0.02719	0.02001	0.02815	0.01688	0.02314	0.01383	0.00907	0.01181	0.00300	0.08303	0.00878	0.00445	0.01298
85	0.01312	0.00984	0.01476	0.01476	0.01640	0.01148	0.01148	0.01640	0.01476	0.02131	0.02459	0.03607	0.02295	0.06886	0.64092	0.01476	0.02459	0.00984	0.00492	0.00820
86	0.02088	0.01993	0.03394	0.26154	0.42928	0.02133	0.02726	0.02656	0.02003	0.02776	0.01695	0.02333	0.01375	0.00852	0.00912	0.00284	0.01136	0.00817	0.00439	0.01306
87	0.02284	0.01972	0.02076	0.01869	0.02388	0.02284	0.01453	0.04879	0.60345	0.03841	0.03737	0.03426	0.02803	0.01246	0.00934	0.00311	0.00727	0.01038	0.00934	0.01453
88	0.01175	0.00899	0.01008	0.01066	0.01240	0.00812	0.00741	0.01346	0.01838	0.02297	0.06579	0.20939	0.32266	0.18248	0.01981	0.00470	0.00604	0.04988	0.00781	0.00720
89	0.03830	0.01499	0.02038	0.01585	0.02244	0.01300	0.01300	0.04193	0.02625	0.56586	0.09567	0.03509	0.02929	0.01212	0.00940	0.00285	0.00746	0.00999	0.01124	0.01491
90	0.01102	0.00931	0.00953	0.00947	0.01250	0.00782	0.00711	0.01350	0.02132	0.02573	0.13317	0.08684	0.57557	0.02291	0.01085	0.00308	0.00463	0.01917	0.00865	0.00782
91	0.01133	0.00932	0.00996	0.00980	0.01269	0.00795	0.00735	0.01410	0.02205	0.02747	0.20889	0.08398	0.49877	0.02226	0.01085	0.00305	0.00458	0.01876	0.00888	0.00795
92	0.01313	0.00881	0.01008	0.01030	0.01035	0.00875	0.00587	0.01329	0.01379	0.01838	0.03116	0.12284	0.03619	0.61073	0.04314	0.00837	0.00853	0.01466	0.00587	0.00576
93	0.01904	0.01632	0.01904	0.01360	0.02176	0.01224	0.01088	0.02312	0.01904	0.02992	0.01632	0.01904	0.01360	0.00680	0.00680	0.00136	0.00680	0.00544	0.00544	0.73344
94	0.01119	0.00799	0.01065	0.01278	0.01332	0.00746	0.00852	0.01278	0.01758	0.02344	0.05061	0.67132	0.06073	0.02877	0.01172	0.00373	0.00533	0.02610	0.00852	0.00746
95	0.01333	0.00893	0.01017	0.01012	0.01026	0.00889	0.00577	0.01362	0.01420	0.01908	0.06817	0.06066	0.03695	0.63324	0.04433	0.00850	0.00860	0.01357	0.00587	0.00577
96	0.01171	0.00916	0.00955	0.00955	0.01158	0.00815	0.00649	0.01324	0.01833	0.02241	0.07106	0.07868	0.41660	0.24734	0.02315	0.00509	0.00611	0.01731	0.00751	0.00700
97	0.02284	0.01972	0.02076	0.01869	0.02388	0.02284	0.01453	0.04879	0.60345	0.03841	0.03737	0.03426	0.02803	0.01246	0.00934	0.00311	0.00727	0.01038	0.00934	0.01453
98	0.01312	0.00984	0.01476	0.01476	0.01640	0.01148	0.01148	0.01640	0.01476	0.02131	0.02459	0.03607	0.02295	0.06886	0.64092	0.01476	0.02459	0.00984	0.00492	0.00820
99	0.01438	0.01081	0.01376	0.01472	0.01688	0.01087	0.01163	0.02067	0.09690	0.02936	0.15036	0.23539	0.08728	0.02329	0.01157	0.00366	0.00656	0.22404	0.00888	0.00899
100	0.01206	0.00882	0.01030	0.01079	0.01203	0.00818	0.00715	0.01368	0.01817	0.02370	0.12984	0.23473	0.20037	0.24210	0.02304	0.00518	0.00621	0.01883	0.00775	0.00706
101	0.01164	0.00818	0.01052	0.01221	0.01263	0.00776	0.00791	0.01290	0.01670	0.02226	0.04608	0.54368	0.05502	0.16420	0.01903	0.00481	0.00607	0.02344	0.00791	0.00706
102	0.03369	0.02455	0.02626	0.02027	0.02726	0.02712	0.01670	0.55070	0.04154	0.05626	0.02258	0.02288	0.01615	0.01100	0.00900	0.00271	0.00971	0.00829	0.05820	0.01513
103	0.02456	0.01367	0.01691	0.01508	0.01917	0.01348	0.01151	0.03301	0.16295	0.23312	0.12319	0.17791	0.04214	0.05476	0.01219	0.00345	0.00670	0.01448	0.00974	0.01200
104	0.01904	0.01632	0.01904	0.01360	0.02176	0.01224	0.01088	0.02312	0.01904	0.02992	0.01632	0.01904	0.01360	0.00680	0.00680	0.00136	0.00680	0.00544	0.00544	0.73344
105	0.01283	0.00868	0.01017	0.01068	0.01081	0.00855	0.00628	0.01322	0.01437	0.01916	0.03416	0.20765	0.03998	0.52074	0.03828	0.00765	0.00804	0.01643	0.00628	0.00602
106	0.01160	0.00842	0.01095	0.01225	0.01335	0.00777	0.00845	0.01391	0.01984	0.02676	0.18980	0.48607	0.10486	0.02598	0.01145	0.00348	0.00504	0.02335	0.00891	0.00777
107	0.01119	0.00799	0.01065	0.01278	0.01332	0.00746	0.00852	0.01278	0.01758	0.02344	0.05061	0.67132	0.06073	0.02877	0.01172	0.00373	0.00533	0.02610	0.00852	0.00746
108	0.02167	0.02477	0.05418	0.03870	0.04799	0.02322	0.58669	0.02941	0.02167	0.02941	0.01858	0.02477	0.01393	0.00774	0.01084	0.00310	0.01548	0.01084	0.00464	0.01238
109	0.01842	0.04749	0.62974	0.02617	0.03974	0.02132	0.03392	0.02908	0.01939	0.02908	0.01648	0.01939	0.01163	0.00872	0.00872	0.00291	0.01357	0.00678	0.00388	0.01357
110	0.01085	0.00930	0.00930	0.00930	0.01240	0.00775	0.00698	0.01318	0.02093	0.02480	0.09302	0.08837	0.61631	0.02325	0.01085	0.00310	0.00465	0.01938	0.00853	0.00775
111	0.03430	0.04376	0.02602	0.02365	0.02839	0.64045	0.01774	0.03666	0.02602	0.02247	0.01419	0.01656	0.01183	0.00946	0.00828	0.00237	0.01656	0.00591	0.00473	0.01064
112	0.17282	0.01462	0.01418	0.01233	0.01646	0.01588	0.00982	0.15970	0.02427	0.04139	0.02446	0.02726	0.01878	0.01032	0.00693	0.00243	0.00627	0.00774	0.40378	0.01055
113	0.74217	0.01776	0.01350	0.01207	0.01776	0.02060	0.00994	0.02699	0.01563	0.04120	0.01278	0.01492	0.00994	0.00852	0.00568	0.00284	0.00710	0.00497	0.00568	0.00994
114	0.01734	0.01632	0.02754	0.65524	0.06324	0.02040	0.02550	0.02346	0.01836	0.02346	0.01632	0.02448	0.01224	0.00918	0.00918	0.00306	0.01224	0.00816	0.00408	0.01020
115	0.01282	0.00876	0.01053	0.01104	0.01130	0.00875	0.00673	0.01345	0.01447	0.01942	0.03379	0.20453	0.03912	0.47530	0.08405	0.00811	0.00925	0.01613	0.00622	0.00622
116	0.01303	0.00933	0.01203	0.01138	0.01331	0.00869	0.00833	0.01689	0.02461	0.03475	0.55123	0.06766	0.08083	0.09062	0.01475	0.00354	0.00483	0.01625	0.00961	0.00833
117	0.01119	0.00799	0.01065	0.01278	0.01332	0.00746	0.00852	0.01278	0.01758	0.02344	0.05061	0.67132	0.06073	0.02877	0.01172	0.00373	0.00533	0.02610	0.00852	0.00746
118	0.02455	0.68284	0.04811	0.01571	0.02357	0.03633	0.01571	0.02749	0.01866	0.02160	0.01277	0.01473	0.01178	0.00786	0.00589	0.00196	0.00982	0.00491	0.00393	0.01178
