[name]
unknown

[dist]
# distance from previous block
# <min> <max>
12	165

[block]
# block no. 0 follows, 22 sequences, length 8
# corresponding to MSA columns:
# 184-191
name=unknown_A
#
# <colnr> <probs for GDERKNQSTAVLIFYWHMCP>
#	G	D	E	R	K	N	Q	S	T	A	V	L	I	F	Y	W	H	M	C	P
0	0.22240	0.02790	0.22134	0.06453	0.09036	0.08737	0.02020	0.07805	0.01886	0.03026	0.01403	0.01703	0.01076	0.00851	0.00850	0.00261	0.05579	0.00601	0.00453	0.01096
1	0.01381	0.01184	0.01840	0.22423	0.02886	0.01471	0.01527	0.01744	0.01429	0.01997	0.01856	0.02764	0.01657	0.03977	0.38981	0.00889	0.09942	0.00823	0.00412	0.00818
2	0.20923	0.25656	0.22698	0.01684	0.02501	0.02431	0.01819	0.08847	0.01872	0.02956	0.01348	0.01537	0.01056	0.00780	0.00639	0.00232	0.00935	0.00530	0.00444	0.01111
3	0.02020	0.17764	0.20640	0.07199	0.02828	0.15721	0.01967	0.02491	0.01761	0.02173	0.01448	0.01865	0.01211	0.01610	0.10315	0.00395	0.06568	0.00619	0.00384	0.01021
4	0.01889	0.16797	0.03020	0.14228	0.29570	0.02016	0.01952	0.02224	0.01703	0.02268	0.01605	0.02404	0.01441	0.01121	0.01099	0.10225	0.00938	0.04056	0.00406	0.01038
5	0.01597	0.07895	0.02097	0.11296	0.07200	0.06776	0.01466	0.01928	0.01533	0.02032	0.01819	0.02607	0.01642	0.03789	0.37139	0.00841	0.06278	0.00777	0.00417	0.00870
6	0.02120	0.23029	0.35933	0.02033	0.02974	0.09577	0.02304	0.08255	0.02001	0.02616	0.01420	0.01629	0.01092	0.00794	0.00716	0.00232	0.01132	0.00570	0.00405	0.01170
7	0.02655	0.07090	0.02710	0.13929	0.11930	0.16575	0.01836	0.26885	0.02749	0.03426	0.01633	0.01889	0.01249	0.00882	0.00792	0.00241	0.01083	0.00678	0.00573	0.01193

[dist]
# distance from previous block
# <min> <max>
0	35

[block]
# block no. 1 follows, 22 sequences, length 10
# corresponding to MSA columns:
# 227-236
name=unknown_B
#
# <colnr> <probs for GDERKNQSTAVLIFYWHMCP>
#	G	D	E	R	K	N	Q	S	T	A	V	L	I	F	Y	W	H	M	C	P
0	0.01824	0.01901	0.01797	0.11868	0.02429	0.21189	0.01376	0.02120	0.01686	0.01973	0.01847	0.02682	0.01673	0.07085	0.33947	0.00808	0.01762	0.00776	0.00431	0.00824
1	0.02174	0.25480	0.16583	0.02921	0.23294	0.11423	0.02156	0.02652	0.01860	0.02354	0.01376	0.01679	0.01146	0.00757	0.00711	0.00223	0.01075	0.00589	0.00383	0.01167
2	0.01688	0.06966	0.01864	0.01774	0.10694	0.06648	0.01182	0.01978	0.01806	0.05297	0.07864	0.04007	0.15997	0.07565	0.11716	0.00451	0.00979	0.01012	0.00575	0.09939
3	0.08937	0.01691	0.02646	0.21843	0.29661	0.01911	0.02120	0.02273	0.01686	0.02518	0.01602	0.02395	0.01383	0.01145	0.03692	0.00320	0.09195	0.03491	0.00421	0.01069
4	0.01723	0.01634	0.02770	0.48666	0.24659	0.01886	0.02384	0.02258	0.01734	0.02310	0.01504	0.02165	0.01173	0.00802	0.00828	0.00267	0.01069	0.00739	0.00382	0.01047
5	0.60431	0.01667	0.01391	0.01202	0.01724	0.01897	0.00986	0.11631	0.01828	0.03862	0.01761	0.01884	0.05197	0.00893	0.00593	0.00257	0.00670	0.00581	0.00580	0.00965
6	0.01717	0.01545	0.02480	0.03557	0.41345	0.01548	0.01841	0.02070	0.01702	0.02381	0.02393	0.03328	0.06921	0.15370	0.07874	0.00465	0.01023	0.00930	0.00462	0.01049
7	0.01608	0.01516	0.02562	0.63737	0.10489	0.01856	0.02326	0.02157	0.01679	0.02170	0.01483	0.02202	0.01124	0.00823	0.00830	0.00274	0.01098	0.00738	0.00372	0.00954
8	0.01945	0.12116	0.13024	0.13935	0.37918	0.02134	0.02431	0.02488	0.01806	0.02503	0.01480	0.01931	0.01208	0.00757	0.00777	0.00244	0.01028	0.00678	0.00388	0.01207
9	0.01400	0.01204	0.01744	0.01621	0.01719	0.01548	0.01302	0.01658	0.01314	0.01952	0.01841	0.02775	0.01743	0.04615	0.45601	0.01007	0.24905	0.00835	0.00417	0.00798

[dist]
# distance from previous block
# <min> <max>
48	124

[block]
# block no. 2 follows, 22 sequences, length 7
# corresponding to MSA columns:
# 365-371
name=unknown_C
#
# <colnr> <probs for GDERKNQSTAVLIFYWHMCP>
#	G	D	E	R	K	N	Q	S	T	A	V	L	I	F	Y	W	H	M	C	P
0	0.05640	0.14855	0.35096	0.02534	0.12826	0.06679	0.02424	0.06023	0.01910	0.02690	0.01444	0.01707	0.01110	0.00784	0.00738	0.00242	0.01106	0.00600	0.00401	0.01191
1	0.09947	0.16780	0.18442	0.12515	0.10977	0.02303	0.02071	0.12532	0.02066	0.02973	0.01477	0.01773	0.01141	0.00806	0.00725	0.00243	0.00995	0.00619	0.00459	0.01155
2	0.14465	0.10820	0.42068	0.01959	0.02950	0.01991	0.02334	0.02733	0.01756	0.09422	0.01586	0.01754	0.01134	0.00803	0.00720	0.00252	0.01038	0.00591	0.00450	0.01175
3	0.01528	0.01414	0.02369	0.61668	0.05273	0.01760	0.02173	0.02055	0.01627	0.02102	0.01556	0.02326	0.01210	0.01402	0.07887	0.00389	0.01226	0.00754	0.00377	0.00904
4	0.02009	0.02083	0.02788	0.34217	0.26947	0.13153	0.02275	0.02483	0.01864	0.02322	0.01475	0.02034	0.01177	0.00802	0.00814	0.00255	0.01131	0.00704	0.00395	0.01073
5	0.08257	0.01780	0.09035	0.38696	0.13069	0.01738	0.02097	0.02154	0.01709	0.02417	0.02287	0.02754	0.08746	0.00960	0.00815	0.00270	0.00980	0.00821	0.00434	0.00982
6	0.03158	0.02327	0.02493	0.01911	0.02576	0.02576	0.01579	0.62852	0.03906	0.05236	0.01995	0.01995	0.01413	0.00997	0.00831	0.00249	0.00914	0.00748	0.00831	0.01413

[dist]
# distance from previous block
# <min> <max>
8	13

[block]
# block no. 3 follows, 22 sequences, length 7
# corresponding to MSA columns:
# 385-391
name=unknown_D
#
# <colnr> <probs for GDERKNQSTAVLIFYWHMCP>
#	G	D	E	R	K	N	Q	S	T	A	V	L	I	F	Y	W	H	M	C	P
0	0.06997	0.02478	0.12474	0.01883	0.02614	0.02275	0.01727	0.40566	0.07381	0.10216	0.02080	0.02072	0.01463	0.00963	0.00808	0.00255	0.00912	0.00731	0.00756	0.01348
1	0.02724	0.02292	0.02189	0.01797	0.02332	0.12498	0.01428	0.38866	0.06225	0.04079	0.02286	0.11500	0.01976	0.01187	0.00840	0.00251	0.00919	0.00937	0.00743	0.04932
2	0.21946	0.02143	0.12203	0.18748	0.06610	0.06868	0.01797	0.02655	0.01766	0.11946	0.01679	0.01985	0.01234	0.01082	0.03798	0.00309	0.01020	0.00647	0.00511	0.01053
3	0.03149	0.02586	0.02471	0.01948	0.02575	0.12862	0.01583	0.53416	0.03660	0.04728	0.01882	0.01916	0.01358	0.00975	0.00818	0.00244	0.01007	0.00714	0.00767	0.01342
4	0.02203	0.40449	0.15416	0.01729	0.02439	0.15022	0.01736	0.02593	0.01799	0.02094	0.01326	0.01594	0.01143	0.01184	0.05853	0.00291	0.01172	0.00528	0.00375	0.01052
5	0.08145	0.27996	0.06597	0.01668	0.02323	0.09837	0.01511	0.23263	0.02508	0.03311	0.01547	0.01684	0.01221	0.00846	0.00674	0.00218	0.00942	0.00583	0.03968	0.01157
6	0.15302	0.08410	0.30422	0.02358	0.10636	0.11566	0.02221	0.05250	0.01885	0.02809	0.01407	0.01661	0.01077	0.00793	0.00721	0.00246	0.01095	0.00582	0.00419	0.01138

[dist]
# distance from previous block
# <min> <max>
0	1

[block]
# block no. 4 follows, 22 sequences, length 14
# corresponding to MSA columns:
# 393-406
name=unknown_E
#
# <colnr> <probs for GDERKNQSTAVLIFYWHMCP>
#	G	D	E	R	K	N	Q	S	T	A	V	L	I	F	Y	W	H	M	C	P
0	0.01658	0.14966	0.02195	0.10395	0.02304	0.08445	0.01338	0.01977	0.01568	0.02001	0.01791	0.02506	0.01614	0.03662	0.36083	0.00806	0.01678	0.00731	0.00418	0.03867
1	0.01792	0.01730	0.02444	0.03247	0.32891	0.07166	0.01834	0.02163	0.01740	0.02354	0.02318	0.02869	0.07320	0.02432	0.19337	0.00554	0.05456	0.00856	0.00452	0.01047
2	0.01806	0.01337	0.01835	0.01990	0.11028	0.01464	0.01349	0.02676	0.18104	0.09057	0.02543	0.03000	0.02086	0.03552	0.33382	0.00788	0.01476	0.00876	0.00606	0.01045
3	0.01704	0.01589	0.02433	0.17235	0.14914	0.01980	0.01894	0.02054	0.01507	0.02204	0.01506	0.02220	0.01329	0.01850	0.11239	0.00455	0.28275	0.00758	0.03894	0.00959
4	0.02670	0.02244	0.02580	0.08573	0.14842	0.07744	0.01780	0.35341	0.02990	0.03974	0.01759	0.01960	0.01321	0.00887	0.00803	0.00237	0.00968	0.00705	0.00644	0.07979
5	0.09389	0.13498	0.02522	0.16890	0.15872	0.01884	0.01683	0.02117	0.01591	0.02324	0.01628	0.02252	0.01410	0.02390	0.20564	0.00566	0.01329	0.00703	0.00413	0.00973
6	0.18963	0.01856	0.02822	0.08661	0.46884	0.01940	0.02158	0.02495	0.01767	0.02903	0.01464	0.01907	0.01207	0.00754	0.00753	0.00251	0.00917	0.00674	0.00432	0.01194
7	0.02428	0.02861	0.05727	0.03288	0.24154	0.27544	0.09394	0.02977	0.06419	0.02466	0.01576	0.01913	0.01279	0.00836	0.00883	0.00245	0.03732	0.00698	0.00445	0.01136
8	0.02108	0.02121	0.02829	0.09941	0.35525	0.11670	0.02132	0.05040	0.01910	0.02519	0.01543	0.02071	0.01310	0.01351	0.07085	0.00356	0.08204	0.00722	0.00426	0.01136
9	0.01971	0.01752	0.02791	0.26030	0.33206	0.01908	0.02227	0.02744	0.10784	0.05613	0.01876	0.02296	0.01456	0.00840	0.00829	0.00262	0.00967	0.00773	0.00488	0.01187
10	0.01176	0.00854	0.01195	0.01213	0.01315	0.00948	0.00881	0.01385	0.01327	0.01867	0.02537	0.09906	0.02622	0.21901	0.45776	0.01113	0.01715	0.01103	0.00489	0.00677
11	0.02137	0.02806	0.14913	0.06127	0.29788	0.18518	0.02236	0.02628	0.01974	0.02461	0.02053	0.02365	0.06597	0.00898	0.00811	0.00246	0.01120	0.00749	0.00433	0.01141
12	0.01658	0.24965	0.02832	0.01699	0.04430	0.01898	0.09465	0.02022	0.01830	0.02407	0.16492	0.03425	0.07340	0.02086	0.13523	0.00441	0.01071	0.00945	0.00540	0.00931
13	0.24120	0.01841	0.01866	0.02121	0.13951	0.12954	0.01384	0.02289	0.01641	0.02631	0.01618	0.02159	0.01408	0.02630	0.23320	0.00613	0.01393	0.00669	0.00456	0.00937

[dist]
# distance from previous block
# <min> <max>
6	51

[block]
# block no. 5 follows, 22 sequences, length 94
# corresponding to MSA columns:
# 463-556
name=unknown_F
#
# <colnr> <probs for GDERKNQSTAVLIFYWHMCP>
#	G	D	E	R	K	N	Q	S	T	A	V	L	I	F	Y	W	H	M	C	P
0	0.02582	0.02907	0.02406	0.02576	0.14663	0.34714	0.01699	0.03505	0.21212	0.02607	0.01981	0.02097	0.01567	0.00917	0.00793	0.00241	0.01141	0.00699	0.00553	0.01139
1	0.01738	0.01260	0.01410	0.01310	0.01630	0.01320	0.00994	0.02763	0.25719	0.08599	0.07394	0.05172	0.15039	0.14940	0.01560	0.00389	0.00642	0.06371	0.00778	0.00974
2	0.01855	0.01768	0.03008	0.31441	0.40855	0.01921	0.02449	0.02373	0.01796	0.02469	0.01527	0.02122	0.01230	0.00778	0.00826	0.00259	0.01037	0.00739	0.00394	0.01153
3	0.01816	0.01674	0.02808	0.04058	0.47877	0.01715	0.02131	0.02255	0.01738	0.02497	0.01746	0.02390	0.01526	0.02259	0.19274	0.00548	0.01330	0.00782	0.00421	0.01157
4	0.01013	0.00841	0.00872	0.00865	0.01123	0.00715	0.00640	0.01231	0.01905	0.02321	0.13791	0.07687	0.56407	0.05530	0.01145	0.00305	0.00437	0.01701	0.00772	0.00700
5	0.02178	0.02318	0.02689	0.15965	0.23433	0.18979	0.04670	0.02838	0.09898	0.02486	0.01866	0.05598	0.01580	0.00932	0.00827	0.00255	0.01094	0.00806	0.00482	0.01106
6	0.03039	0.03852	0.02364	0.02142	0.02549	0.64210	0.01616	0.03251	0.02300	0.02031	0.01274	0.01514	0.01071	0.00886	0.00848	0.00222	0.04901	0.00545	0.00425	0.00960
7	0.01154	0.00896	0.01060	0.01075	0.01279	0.00845	0.00783	0.01600	0.07541	0.02693	0.26342	0.24171	0.23450	0.02016	0.00991	0.00290	0.00449	0.01763	0.00827	0.00777
8	0.02688	0.35643	0.03295	0.01802	0.02363	0.37273	0.01519	0.02927	0.02041	0.01996	0.01223	0.01420	0.01068	0.00788	0.00647	0.00197	0.01211	0.00492	0.00394	0.01012
9	0.02101	0.46610	0.20128	0.01834	0.02673	0.05708	0.05963	0.02573	0.01753	0.02178	0.01282	0.01508	0.01076	0.00736	0.00638	0.00208	0.01036	0.00527	0.00362	0.01106
10	0.01193	0.00997	0.01242	0.01168	0.01363	0.01046	0.00908	0.01466	0.01870	0.02501	0.23946	0.05920	0.30027	0.02403	0.09650	0.00420	0.10991	0.01413	0.00713	0.00763
11	0.01012	0.00723	0.00964	0.01157	0.01205	0.00675	0.00771	0.01157	0.01591	0.02121	0.04579	0.70262	0.05495	0.02603	0.01060	0.00337	0.00482	0.02362	0.00771	0.00675
12	0.01694	0.07661	0.63380	0.02320	0.03522	0.01997	0.02987	0.02624	0.01751	0.02597	0.01474	0.01733	0.01053	0.00785	0.00776	0.00259	0.01211	0.00605	0.00351	0.01220
13	0.01744	0.01554	0.02308	0.03179	0.30785	0.04427	0.01901	0.02170	0.01923	0.02569	0.02970	0.05692	0.03039	0.01524	0.00982	0.00313	0.00899	0.30409	0.00589	0.01024
14	0.01921	0.01836	0.03128	0.22726	0.49049	0.01938	0.02482	0.02431	0.01828	0.02550	0.01539	0.02100	0.01258	0.00765	0.00825	0.00255	0.01020	0.00740	0.00400	0.01207
15	0.02270	0.01877	0.01984	0.01527	0.02178	0.04727	0.01228	0.23116	0.08097	0.03587	0.02173	0.02252	0.04704	0.00880	0.00735	0.00193	0.00752	0.00687	0.00651	0.36383
16	0.02947	0.03632	0.02283	0.02073	0.02507	0.57638	0.01562	0.03482	0.11639	0.02250	0.01599	0.01739	0.01290	0.00897	0.00764	0.00224	0.01372	0.00596	0.00491	0.01016
17	0.01011	0.00843	0.00882	0.00872	0.01140	0.00714	0.00654	0.01249	0.01962	0.02408	0.16949	0.07726	0.56650	0.02043	0.00982	0.00278	0.00416	0.01716	0.00793	0.00714
18	0.01539	0.03604	0.53799	0.02133	0.03132	0.01686	0.02624	0.02345	0.01722	0.02532	0.02089	0.15031	0.01913	0.01141	0.00842	0.00277	0.01083	0.00953	0.00432	0.01121
19	0.01012	0.00723	0.00964	0.01157	0.01205	0.00675	0.00771	0.01157	0.01591	0.02121	0.04579	0.70262	0.05495	0.02603	0.01060	0.00337	0.00482	0.02362	0.00771	0.00675
20	0.03158	0.02327	0.02493	0.01911	0.02576	0.02576	0.01579	0.62852	0.03906	0.05236	0.01995	0.01995	0.01413	0.00997	0.00831	0.00249	0.00914	0.00748	0.00831	0.01413
21	0.01665	0.01618	0.02529	0.62475	0.08581	0.04937	0.02286	0.02200	0.01705	0.02148	0.01472	0.02173	0.01116	0.00827	0.00826	0.00272	0.01120	0.00729	0.00374	0.00944
22	0.01208	0.00805	0.00906	0.00906	0.00906	0.00805	0.00503	0.01208	0.01208	0.01611	0.02618	0.05436	0.03020	0.70804	0.04228	0.00805	0.00805	0.01208	0.00503	0.00503
23	0.00992	0.00842	0.00855	0.00852	0.01128	0.00706	0.00639	0.01212	0.01917	0.02300	0.11342	0.07903	0.62324	0.02083	0.00982	0.00280	0.00419	0.01740	0.00779	0.00706
24	0.01205	0.00816	0.00960	0.00960	0.00979	0.00835	0.00571	0.01243	0.01224	0.01651	0.02568	0.05162	0.02901	0.62645	0.12225	0.00872	0.00985	0.01168	0.00496	0.00533
25	0.01029	0.00857	0.00908	0.00933	0.01202	0.00735	0.00725	0.01263	0.01896	0.02276	0.07881	0.08178	0.57226	0.02129	0.01004	0.00294	0.00467	0.09516	0.00771	0.00710
26	0.01187	0.00890	0.01335	0.01335	0.01483	0.01038	0.01038	0.01483	0.01335	0.01928	0.02225	0.03264	0.02077	0.06231	0.67512	0.01335	0.02225	0.00890	0.00445	0.00742
27	0.02127	0.02107	0.03304	0.04900	0.61382	0.06378	0.02486	0.02601	0.01923	0.02668	0.01544	0.02019	0.01299	0.00748	0.00818	0.00245	0.01021	0.00726	0.00412	0.01292
28	0.00997	0.00782	0.00903	0.00999	0.01164	0.00688	0.00701	0.01174	0.01742	0.02182	0.06495	0.39163	0.35357	0.02354	0.01021	0.00309	0.00451	0.02058	0.00771	0.00688
29	0.21430	0.01741	0.05522	0.01467	0.01959	0.01719	0.01248	0.13992	0.02095	0.03424	0.09889	0.07611	0.02337	0.01124	0.00947	0.00251	0.07959	0.00839	0.00618	0.13828
30	0.02221	0.23192	0.31142	0.02037	0.02897	0.20447	0.02197	0.02780	0.01901	0.02274	0.01338	0.01564	0.01061	0.00785	0.00706	0.00225	0.01206	0.00544	0.00373	0.01109
31	0.02618	0.37418	0.03337	0.01750	0.02332	0.29356	0.01499	0.05752	0.04934	0.02211	0.01349	0.01512	0.01152	0.00803	0.00649	0.00201	0.01128	0.00518	0.00430	0.01052
32	0.01119	0.00961	0.00973	0.00949	0.01253	0.00874	0.00718	0.01599	0.09757	0.02400	0.07780	0.07376	0.57356	0.01980	0.00965	0.00281	0.00451	0.01650	0.00781	0.00779
33	0.02278	0.01890	0.01998	0.01733	0.02241	0.02165	0.01366	0.15740	0.52452	0.03816	0.03112	0.02885	0.02318	0.01102	0.00843	0.00275	0.00707	0.00902	0.00843	0.01334
34	0.01666	0.04297	0.66500	0.02368	0.03596	0.01929	0.03069	0.02631	0.01754	0.02631	0.01491	0.01754	0.01052	0.00789	0.00789	0.00263	0.01228	0.00614	0.00351	0.01228
35	0.01866	0.28392	0.44152	0.02028	0.03069	0.02418	0.02477	0.02579	0.01730	0.02388	0.01370	0.01602	0.01057	0.00761	0.00697	0.00232	0.01106	0.00553	0.00352	0.01170
36	0.01666	0.04297	0.66500	0.02368	0.03596	0.01929	0.03069	0.02631	0.01754	0.02631	0.01491	0.01754	0.01052	0.00789	0.00789	0.00263	0.01228	0.00614	0.00351	0.01228
37	0.00982	0.00842	0.00842	0.00842	0.01122	0.00701	0.00631	0.01192	0.01894	0.02244	0.08416	0.07995	0.65285	0.02104	0.00982	0.00281	0.00421	0.01753	0.00771	0.00701
38	0.02197	0.68400	0.07046	0.01462	0.02196	0.03228	0.01493	0.02494	0.01691	0.01984	0.01169	0.01351	0.01066	0.00714	0.00544	0.00181	0.00903	0.00452	0.00355	0.01073
39	0.01905	0.33191	0.39702	0.01960	0.02965	0.02515	0.02359	0.02569	0.01725	0.02339	0.01346	0.01572	0.01058	0.00755	0.00679	0.00226	0.01081	0.00541	0.00353	0.01158
40	0.01210	0.00927	0.01136	0.01194	0.01404	0.00891	0.00931	0.01665	0.07017	0.02612	0.18103	0.19647	0.20765	0.02086	0.01029	0.00314	0.00536	0.16949	0.00806	0.00780
41	0.01091	0.00872	0.00993	0.01038	0.01288	0.00775	0.00828	0.01361	0.01936	0.02396	0.12004	0.08208	0.44816	0.02121	0.01025	0.00306	0.00508	0.16930	0.00781	0.00725
42	0.01569	0.01477	0.02492	0.68808	0.05722	0.01846	0.02307	0.02123	0.01661	0.02123	0.01477	0.02215	0.01107	0.00831	0.00831	0.00277	0.01107	0.00738	0.00369	0.00923
43	0.03103	0.03959	0.02354	0.02140	0.02568	0.67469	0.01605	0.03317	0.02354	0.02033	0.01284	0.01498	0.01070	0.00856	0.00749	0.00214	0.01498	0.00535	0.00428	0.00963
44	0.01276	0.01088	0.01128	0.01075	0.01400	0.01062	0.00819	0.02055	0.18148	0.02629	0.10459	0.06613	0.45526	0.01825	0.00946	0.00280	0.00481	0.01526	0.00799	0.00866
45	0.03617	0.01591	0.02037	0.01562	0.02209	0.01484	0.01290	0.15445	0.02674	0.54383	0.03029	0.02666	0.01932	0.01022	0.00835	0.00256	0.00747	0.00818	0.00990	0.01414
46	0.00982	0.00842	0.00842	0.00842	0.01122	0.00701	0.00631	0.01192	0.01894	0.02244	0.08416	0.07995	0.65285	0.02104	0.00982	0.00281	0.00421	0.01753	0.00771	0.00701
47	0.02824	0.02970	0.02435	0.06559	0.02725	0.33391	0.01676	0.21301	0.02621	0.03016	0.01486	0.01747	0.01181	0.00988	0.01077	0.00252	0.11482	0.00643	0.00538	0.01090
48	0.02781	0.03431	0.02314	0.02092	0.02437	0.53243	0.01599	0.02996	0.02123	0.02021	0.01318	0.01665	0.01141	0.01307	0.05536	0.00312	0.11736	0.00588	0.00419	0.00940
49	0.12945	0.01438	0.01839	0.01429	0.02056	0.01302	0.01180	0.03846	0.02256	0.58304	0.03009	0.02641	0.01910	0.00996	0.00795	0.00257	0.00699	0.00787	0.00963	0.01349
50	0.01208	0.00805	0.00906	0.00906	0.00906	0.00805	0.00503	0.01208	0.01208	0.01611	0.02618	0.05436	0.03020	0.70804	0.04228	0.00805	0.00805	0.01208	0.00503	0.00503
51	0.03158	0.02327	0.02493	0.01911	0.02576	0.02576	0.01579	0.62852	0.03906	0.05236	0.01995	0.01995	0.01413	0.00997	0.00831	0.00249	0.00914	0.00748	0.00831	0.01413
52	0.01012	0.00723	0.00964	0.01157	0.01205	0.00675	0.00771	0.01157	0.01591	0.02121	0.04579	0.70262	0.05495	0.02603	0.01060	0.00337	0.00482	0.02362	0.00771	0.00675
53	0.01723	0.01477	0.01723	0.01230	0.01969	0.01107	0.00984	0.02092	0.01723	0.02707	0.01477	0.01723	0.01230	0.00615	0.00615	0.00123	0.00615	0.00492	0.00492	0.75883
54	0.01156	0.04054	0.01187	0.01066	0.01258	0.00860	0.00791	0.01454	0.02063	0.02812	0.39089	0.23095	0.14168	0.01943	0.00981	0.00280	0.00442	0.01712	0.00833	0.00758
55	0.03103	0.03959	0.02354	0.02140	0.02568	0.67469	0.01605	0.03317	0.02354	0.02033	0.01284	0.01498	0.01070	0.00856	0.00749	0.00214	0.01498	0.00535	0.00428	0.00963
56	0.00982	0.00842	0.00842	0.00842	0.01122	0.00701	0.00631	0.01192	0.01894	0.02244	0.08416	0.07995	0.65285	0.02104	0.00982	0.00281	0.00421	0.01753	0.00771	0.00701
57	0.01221	0.00929	0.01353	0.01335	0.01461	0.01091	0.01024	0.01482	0.01319	0.01900	0.02207	0.03409	0.02122	0.12489	0.57855	0.01233	0.05483	0.00914	0.00447	0.00726
58	0.00982	0.00842	0.00842	0.00842	0.01122	0.00701	0.00631	0.01192	0.01894	0.02244	0.08416	0.07995	0.65285	0.02104	0.00982	0.00281	0.00421	0.01753	0.00771	0.00701
59	0.03103	0.03959	0.02354	0.02140	0.02568	0.67469	0.01605	0.03317	0.02354	0.02033	0.01284	0.01498	0.01070	0.00856	0.00749	0.00214	0.01498	0.00535	0.00428	0.00963
60	0.01910	0.01825	0.03108	0.24209	0.47654	0.01935	0.02477	0.02421	0.01822	0.02537	0.01537	0.02104	0.01253	0.00767	0.00825	0.00256	0.01023	0.00740	0.00399	0.01198
61	0.01012	0.00723	0.00964	0.01157	0.01205	0.00675	0.00771	0.01157	0.01591	0.02121	0.04579	0.70262	0.05495	0.02603	0.01060	0.00337	0.00482	0.02362	0.00771	0.00675
62	0.03158	0.02327	0.02493	0.01911	0.02576	0.02576	0.01579	0.62852	0.03906	0.05236	0.01995	0.01995	0.01413	0.00997	0.00831	0.00249	0.00914	0.00748	0.00831	0.01413
63	0.01197	0.00851	0.01137	0.01137	0.01217	0.00931	0.00792	0.01356	0.01277	0.01782	0.02406	0.04266	0.02512	0.36023	0.38315	0.01091	0.01570	0.01037	0.00472	0.00632
64	0.01208	0.00805	0.00906	0.00906	0.00906	0.00805	0.00503	0.01208	0.01208	0.01611	0.02618	0.05436	0.03020	0.70804	0.04228	0.00805	0.00805	0.01208	0.00503	0.00503
65	0.03012	0.02186	0.02337	0.01808	0.02430	0.02413	0.01488	0.57324	0.03710	0.05042	0.02059	0.02095	0.01478	0.00995	0.00808	0.00244	0.00866	0.00750	0.07600	0.01355
66	0.01438	0.01187	0.01306	0.01231	0.01553	0.01224	0.00949	0.02469	0.24312	0.02979	0.21168	0.05841	0.25034	0.01658	0.00940	0.00281	0.00514	0.04136	0.00835	0.00946
67	0.02027	0.01852	0.03027	0.14205	0.48557	0.01924	0.02331	0.06504	0.01984	0.02817	0.01647	0.02137	0.01339	0.00785	0.00810	0.00248	0.00965	0.00742	0.04867	0.01231
68	0.05129	0.62701	0.09641	0.01491	0.02239	0.03112	0.01544	0.02498	0.01683	0.02084	0.01184	0.01370	0.01058	0.00720	0.00555	0.00188	0.00908	0.00459	0.00361	0.01074
69	0.01745	0.13753	0.57730	0.02234	0.03389	0.02121	0.02837	0.02611	0.01745	0.02535	0.01443	0.01694	0.01054	0.00778	0.00753	0.00251	0.01180	0.00590	0.00351	0.01205
70	0.01012	0.00723	0.00964	0.01157	0.01205	0.00675	0.00771	0.01157	0.01591	0.02121	0.04579	0.70262	0.05495	0.02603	0.01060	0.00337	0.00482	0.02362	0.00771	0.00675
71	0.01208	0.00805	0.00906	0.00906	0.00906	0.00805	0.00503	0.01208	0.01208	0.01611	0.02618	0.05436	0.03020	0.70804	0.04228	0.00805	0.00805	0.01208	0.00503	0.00503
72	0.01145	0.00848	0.01068	0.01013	0.01222	0.00771	0.00760	0.01509	0.02280	0.03161	0.56282	0.06486	0.16847	0.01762	0.00980	0.00264	0.00396	0.01542	0.00892	0.00771
73	0.01707	0.01617	0.02741	0.50754	0.22696	0.01882	0.02376	0.02244	0.01726	0.02290	0.01501	0.02170	0.01166	0.00805	0.00828	0.00268	0.01073	0.00739	0.00381	0.01034
74	0.01666	0.04297	0.66500	0.02368	0.03596	0.01929	0.03069	0.02631	0.01754	0.02631	0.01491	0.01754	0.01052	0.00789	0.00789	0.00263	0.01228	0.00614	0.00351	0.01228
75	0.25623	0.07086	0.02136	0.01758	0.02248	0.38251	0.01376	0.07861	0.02153	0.02810	0.01295	0.01483	0.01046	0.00833	0.00671	0.00228	0.01152	0.00521	0.00483	0.00986
76	0.01012	0.00723	0.00964	0.01157	0.01205	0.00675	0.00771	0.01157	0.01591	0.02121	0.04579	0.70262	0.05495	0.02603	0.01060	0.00337	0.00482	0.02362	0.00771	0.00675
77	0.01666	0.04297	0.66500	0.02368	0.03596	0.01929	0.03069	0.02631	0.01754	0.02631	0.01491	0.01754	0.01052	0.00789	0.00789	0.00263	0.01228	0.00614	0.00351	0.01228
78	0.01208	0.00805	0.00906	0.00906	0.00906	0.00805	0.00503	0.01208	0.01208	0.01611	0.02618	0.05436	0.03020	0.70804	0.04228	0.00805	0.00805	0.01208	0.00503	0.00503
79	0.01003	0.00759	0.00926	0.01060	0.01180	0.00683	0.00728	0.01168	0.01683	0.02159	0.05756	0.51161	0.23835	0.02450	0.01036	0.00320	0.00463	0.02175	0.00771	0.00683
80	0.02056	0.01974	0.03372	0.05099	0.65622	0.01974	0.02550	0.02550	0.01892	0.02714	0.01563	0.02056	0.01316	0.00740	0.00822	0.00247	0.00987	0.00740	0.00411	0.01316
81	0.03103	0.03959	0.02354	0.02140	0.02568	0.67469	0.01605	0.03317	0.02354	0.02033	0.01284	0.01498	0.01070	0.00856	0.00749	0.00214	0.01498	0.00535	0.00428	0.00963
82	0.03103	0.03959	0.02354	0.02140	0.02568	0.67469	0.01605	0.03317	0.02354	0.02033	0.01284	0.01498	0.01070	0.00856	0.00749	0.00214	0.01498	0.00535	0.00428	0.00963
83	0.02568	0.01881	0.02026	0.01623	0.02095	0.02063	0.01269	0.43110	0.05928	0.04152	0.02231	0.02998	0.01909	0.20317	0.01772	0.00405	0.00872	0.00884	0.00741	0.01157
84	0.01187	0.00890	0.01335	0.01335	0.01483	0.01038	0.01038	0.01483	0.01335	0.01928	0.02225	0.03264	0.02077	0.06231	0.67512	0.01335	0.02225	0.00890	0.00445	0.00742
85	0.01208	0.00805	0.00906	0.00906	0.00906	0.00805	0.00503	0.01208	0.01208	0.01611	0.02618	0.05436	0.03020	0.70804	0.04228	0.00805	0.00805	0.01208	0.00503	0.00503
86	0.03103	0.03959	0.02354	0.02140	0.02568	0.67469	0.01605	0.03317	0.02354	0.02033	0.01284	0.01498	0.01070	0.00856	0.00749	0.00214	0.01498	0.00535	0.00428	0.00963
87	0.02166	0.02373	0.01790	0.01647	0.01988	0.30851	0.01257	0.07259	0.02110	0.02307	0.02985	0.03286	0.13821	0.02596	0.19273	0.00540	0.01443	0.00887	0.00532	0.00888
88	0.00982	0.00842	0.00842	0.00842	0.01122	0.00701	0.00631	0.01192	0.01894	0.02244	0.08416	0.07995	0.65285	0.02104	0.00982	0.00281	0.00421	0.01753	0.00771	0.00701
89	0.01841	0.02007	0.04097	0.03029	0.03656	0.02033	0.45688	0.02413	0.01778	0.02469	0.01661	0.02306	0.01338	0.01512	0.09650	0.00426	0.11708	0.00931	0.00415	0.01041
90	0.01630	0.01706	0.03510	0.02671	0.03232	0.01609	0.40464	0.02139	0.01815	0.02458	0.02598	0.23159	0.02601	0.01569	0.04434	0.00352	0.01161	0.01399	0.00529	0.00964
91	0.02469	0.02499	0.02587	0.02640	0.14634	0.20144	0.01816	0.15257	0.02246	0.02825	0.01477	0.01879	0.01241	0.01272	0.04347	0.00320	0.20064	0.00689	0.00493	0.01101
92	0.01569	0.01704	0.01260	0.01201	0.01522	0.19174	0.00901	0.01780	0.02021	0.02186	0.06443	0.06197	0.47518	0.01759	0.00917	0.00262	0.00719	0.01416	0.00676	0.00774
93	0.01202	0.01060	0.01710	0.01540	0.01813	0.00971	0.12741	0.01483	0.01760	0.02276	0.05071	0.37188	0.21185	0.02083	0.01027	0.00313	0.00655	0.04448	0.00703	0.00772

[dist]
# distance from previous block
# <min> <max>
0	1

[block]
# block no. 6 follows, 22 sequences, length 36
# corresponding to MSA columns:
# 558-593
name=unknown_G
#
# <colnr> <probs for GDERKNQSTAVLIFYWHMCP>
#	G	D	E	R	K	N	Q	S	T	A	V	L	I	F	Y	W	H	M	C	P
0	0.02731	0.03270	0.02194	0.06474	0.02616	0.49164	0.01539	0.06013	0.06428	0.02311	0.02152	0.02298	0.07323	0.00998	0.00787	0.00231	0.01285	0.00702	0.00504	0.00981
1	0.07126	0.01842	0.05674	0.01572	0.02056	0.01875	0.01283	0.15346	0.29660	0.03424	0.02612	0.03043	0.02139	0.13782	0.01426	0.00361	0.00768	0.00877	0.00712	0.04420
2	0.01799	0.01929	0.03986	0.03277	0.11601	0.01824	0.43615	0.02372	0.01884	0.02569	0.02196	0.14662	0.02042	0.01053	0.00975	0.00286	0.01180	0.01202	0.00483	0.01064
3	0.01367	0.00952	0.01202	0.01253	0.01462	0.00911	0.00976	0.05224	0.02006	0.05374	0.12983	0.27271	0.15256	0.02148	0.01037	0.00322	0.00575	0.18084	0.00803	0.00795
4	0.02154	0.10938	0.41063	0.02193	0.03141	0.18500	0.02464	0.05667	0.02000	0.02537	0.01429	0.01659	0.01075	0.00808	0.00755	0.00241	0.01246	0.00583	0.00394	0.01154
5	0.03103	0.03959	0.02354	0.02140	0.02568	0.67469	0.01605	0.03317	0.02354	0.02033	0.01284	0.01498	0.01070	0.00856	0.00749	0.00214	0.01498	0.00535	0.00428	0.00963
6	0.01861	0.02018	0.10920	0.15216	0.20519	0.01765	0.12550	0.02525	0.05815	0.06064	0.02154	0.10890	0.01887	0.01034	0.00880	0.00274	0.01010	0.00990	0.00505	0.01123
7	0.00999	0.00842	0.00866	0.00860	0.01133	0.00709	0.00645	0.01226	0.01935	0.02342	0.13514	0.07834	0.60126	0.02068	0.00982	0.00279	0.00418	0.01731	0.00784	0.00709
8	0.03041	0.03710	0.02333	0.02096	0.02543	0.58905	0.01585	0.07405	0.06412	0.02342	0.01466	0.01634	0.01187	0.00883	0.00761	0.00221	0.01405	0.00575	0.00482	0.01016
9	0.02221	0.71304	0.04353	0.01421	0.02132	0.03287	0.01421	0.02488	0.01688	0.01955	0.01155	0.01333	0.01066	0.00711	0.00533	0.00178	0.00888	0.00444	0.00355	0.01066
10	0.02326	0.63277	0.04115	0.01507	0.02184	0.10938	0.01443	0.02586	0.01767	0.01964	0.01170	0.01352	0.01067	0.00728	0.00559	0.00182	0.00961	0.00455	0.00364	0.01054
11	0.01882	0.01866	0.03242	0.22724	0.12048	0.02000	0.21831	0.02919	0.17202	0.02708	0.02024	0.02421	0.01537	0.00850	0.00882	0.00275	0.01077	0.00867	0.00509	0.01135
12	0.01549	0.00774	0.00774	0.00774	0.00968	0.00774	0.00581	0.01936	0.01742	0.03097	0.02710	0.03097	0.02129	0.00968	0.00581	0.00194	0.00387	0.00774	0.75416	0.00774
13	0.01549	0.00774	0.00774	0.00774	0.00968	0.00774	0.00581	0.01936	0.01742	0.03097	0.02710	0.03097	0.02129	0.00968	0.00581	0.00194	0.00387	0.00774	0.75416	0.00774
14	0.01005	0.00849	0.00874	0.00887	0.01162	0.00718	0.00678	0.01227	0.01895	0.02260	0.08150	0.08086	0.61280	0.02117	0.00993	0.00287	0.00444	0.05611	0.00771	0.00706
15	0.01040	0.00844	0.00922	0.00902	0.01158	0.00726	0.00677	0.01304	0.02030	0.02568	0.25336	0.07462	0.48163	0.01983	0.00981	0.00275	0.00412	0.01678	0.00814	0.00726
16	0.01666	0.04297	0.66500	0.02368	0.03596	0.01929	0.03069	0.02631	0.01754	0.02631	0.01491	0.01754	0.01052	0.00789	0.00789	0.00263	0.01228	0.00614	0.00351	0.01228
17	0.01208	0.00805	0.00906	0.00906	0.00906	0.00805	0.00503	0.01208	0.01208	0.01611	0.02618	0.05436	0.03020	0.70804	0.04228	0.00805	0.00805	0.01208	0.00503	0.00503
18	0.01723	0.01477	0.01723	0.01230	0.01969	0.01107	0.00984	0.02092	0.01723	0.02707	0.01477	0.01723	0.01230	0.00615	0.00615	0.00123	0.00615	0.00492	0.00492	0.75883
19	0.03158	0.02327	0.02493	0.01911	0.02576	0.02576	0.01579	0.62852	0.03906	0.05236	0.01995	0.01995	0.01413	0.00997	0.00831	0.00249	0.00914	0.00748	0.00831	0.01413
20	0.03039	0.09145	0.02530	0.02055	0.02534	0.54607	0.01587	0.10347	0.02486	0.02409	0.01358	0.01544	0.01111	0.00861	0.00742	0.00215	0.01380	0.00553	0.00470	0.01025
21	0.01666	0.04297	0.66500	0.02368	0.03596	0.01929	0.03069	0.02631	0.01754	0.02631	0.01491	0.01754	0.01052	0.00789	0.00789	0.00263	0.01228	0.00614	0.00351	0.01228
22	0.03727	0.01414	0.01928	0.01478	0.02121	0.01221	0.01221	0.04049	0.02378	0.66198	0.03277	0.02828	0.02056	0.01028	0.00835	0.00257	0.00707	0.00835	0.01028	0.01414
23	0.02952	0.02128	0.02273	0.01766	0.02371	0.02346	0.01451	0.55065	0.03629	0.04962	0.02086	0.02135	0.01504	0.00994	0.00799	0.00242	0.00847	0.00751	0.10365	0.01331
24	0.36397	0.01517	0.01745	0.17918	0.02775	0.01668	0.01343	0.02842	0.01762	0.21951	0.01868	0.02004	0.01296	0.00862	0.00688	0.00262	0.00776	0.00636	0.00632	0.01059
25	0.02056	0.01974	0.03372	0.05099	0.65622	0.01974	0.02550	0.02550	0.01892	0.02714	0.01563	0.02056	0.01316	0.00740	0.00822	0.00247	0.00987	0.00740	0.00411	0.01316
26	0.01012	0.00723	0.00964	0.01157	0.01205	0.00675	0.00771	0.01157	0.01591	0.02121	0.04579	0.70262	0.05495	0.02603	0.01060	0.00337	0.00482	0.02362	0.00771	0.00675
27	0.01208	0.00805	0.00906	0.00906	0.00906	0.00805	0.00503	0.01208	0.01208	0.01611	0.02618	0.05436	0.03020	0.70804	0.04228	0.00805	0.00805	0.01208	0.00503	0.00503
28	0.03158	0.02327	0.02493	0.01911	0.02576	0.02576	0.01579	0.62852	0.03906	0.05236	0.01995	0.01995	0.01413	0.00997	0.00831	0.00249	0.00914	0.00748	0.00831	0.01413
29	0.01010	0.00731	0.00956	0.01136	0.01199	0.00677	0.00762	0.01159	0.01611	0.02129	0.04833	0.66141	0.09452	0.02570	0.01055	0.00334	0.00478	0.02321	0.00771	0.00677
30	0.01193	0.00867	0.01218	0.01218	0.01326	0.00975	0.00893	0.01409	0.01301	0.01842	0.02332	0.03855	0.02334	0.23808	0.50286	0.01191	0.01839	0.00977	0.00461	0.00677
31	0.01694	0.04101	0.60614	0.02476	0.03667	0.01946	0.08759	0.02634	0.01774	0.02634	0.01509	0.01800	0.01072	0.00781	0.00808	0.00265	0.01244	0.00649	0.00357	0.01217
32	0.01842	0.02127	0.11195	0.03755	0.36065	0.01898	0.08050	0.02334	0.01766	0.02536	0.01864	0.10135	0.01746	0.01056	0.01105	0.00278	0.09710	0.00939	0.00441	0.01158
33	0.02716	0.15619	0.02773	0.02207	0.08463	0.33389	0.01622	0.10329	0.10253	0.02650	0.01639	0.01785	0.01321	0.00870	0.00739	0.00223	0.01161	0.00615	0.00514	0.01114
34	0.02817	0.06787	0.02688	0.02791	0.17167	0.49150	0.01815	0.03099	0.02214	0.02187	0.01342	0.01619	0.01127	0.00822	0.00756	0.00220	0.01350	0.00578	0.00421	0.01050
35	0.01459	0.00803	0.00913	0.00913	0.01095	0.00839	0.00694	0.01824	0.01642	0.02809	0.02590	0.03138	0.02116	0.02267	0.17098	0.00475	0.00841	0.00803	0.56915	0.00766

[dist]
# distance from previous block
# <min> <max>
0	1

[block]
# block no. 7 follows, 22 sequences, length 6
# corresponding to MSA columns:
# 595-600
name=unknown_H
#
# <colnr> <probs for GDERKNQSTAVLIFYWHMCP>
#	G	D	E	R	K	N	Q	S	T	A	V	L	I	F	Y	W	H	M	C	P
0	0.00982	0.00842	0.00842	0.00842	0.01122	0.00701	0.00631	0.01192	0.01894	0.02244	0.08416	0.07995	0.65285	0.02104	0.00982	0.00281	0.00421	0.01753	0.00771	0.00701
1	0.01801	0.03427	0.42062	0.02827	0.10419	0.01979	0.14352	0.02783	0.07236	0.02719	0.01700	0.01998	0.01251	0.00796	0.00835	0.00266	0.01185	0.00727	0.00414	0.01224
2	0.01054	0.00865	0.00943	0.00982	0.01244	0.00753	0.00775	0.01300	0.01897	0.02293	0.07598	0.08275	0.52974	0.02143	0.01016	0.00301	0.00491	0.13612	0.00770	0.00714
3	0.34022	0.01778	0.02381	0.08301	0.33539	0.01917	0.01823	0.02470	0.01669	0.03103	0.01382	0.01765	0.01121	0.00760	0.00691	0.00253	0.00849	0.00616	0.00452	0.01107
4	0.09561	0.03195	0.02458	0.06925	0.14998	0.44413	0.01770	0.03010	0.02133	0.02328	0.01339	0.01640	0.01105	0.00824	0.00747	0.00228	0.01294	0.00580	0.00429	0.01024
5	0.03110	0.03764	0.02371	0.02113	0.02569	0.59689	0.01602	0.10455	0.02540	0.02417	0.01369	0.01558	0.01111	0.00873	0.00759	0.00218	0.01428	0.00561	0.00476	0.01017

[dist]
# distance from previous block
# <min> <max>
0	1

[block]
# block no. 8 follows, 22 sequences, length 13
# corresponding to MSA columns:
# 602-614
name=unknown_I
#
# <colnr> <probs for GDERKNQSTAVLIFYWHMCP>
#	G	D	E	R	K	N	Q	S	T	A	V	L	I	F	Y	W	H	M	C	P
0	0.01397	0.01276	0.01209	0.01146	0.01486	0.04941	0.00872	0.02184	0.18685	0.02564	0.06646	0.06299	0.44656	0.01768	0.00932	0.00277	0.00547	0.01463	0.00771	0.00882
1	0.02916	0.02093	0.02235	0.01740	0.02334	0.02305	0.01429	0.53686	0.03580	0.04914	0.02102	0.02160	0.01521	0.00993	0.00793	0.00241	0.00835	0.00752	0.12054	0.01317
2	0.01246	0.00977	0.01448	0.01414	0.01549	0.01179	0.01111	0.01532	0.01329	0.01935	0.02119	0.03128	0.01985	0.05784	0.61452	0.01244	0.08499	0.00875	0.00437	0.00757
3	0.01004	0.00842	0.00872	0.00865	0.01136	0.00711	0.00649	0.01235	0.01946	0.02368	0.14878	0.07791	0.58745	0.02058	0.00982	0.00278	0.00418	0.01725	0.00788	0.00711
4	0.01208	0.00805	0.00906	0.00906	0.00906	0.00805	0.00503	0.01208	0.01208	0.01611	0.02618	0.05436	0.03020	0.70804	0.04228	0.00805	0.00805	0.01208	0.00503	0.00503
5	0.01723	0.01477	0.01723	0.01230	0.01969	0.01107	0.00984	0.02092	0.01723	0.02707	0.01477	0.01723	0.01230	0.00615	0.00615	0.00123	0.00615	0.00492	0.00492	0.75883
6	0.01003	0.00759	0.00927	0.01061	0.01180	0.00683	0.00729	0.01168	0.01683	0.02158	0.05745	0.51338	0.23666	0.02451	0.01036	0.00320	0.00463	0.02177	0.00771	0.00683
7	0.01208	0.00805	0.00906	0.00906	0.00906	0.00805	0.00503	0.01208	0.01208	0.01611	0.02618	0.05436	0.03020	0.70804	0.04228	0.00805	0.00805	0.01208	0.00503	0.00503
8	0.02056	0.01974	0.03372	0.05099	0.65622	0.01974	0.02550	0.02550	0.01892	0.02714	0.01563	0.02056	0.01316	0.00740	0.00822	0.00247	0.00987	0.00740	0.00411	0.01316
9	0.01046	0.00747	0.01003	0.01196	0.01259	0.00704	0.00831	0.01216	0.01624	0.02159	0.04560	0.63880	0.05420	0.02570	0.01069	0.00342	0.00512	0.08406	0.00771	0.00684
10	0.02056	0.01974	0.03372	0.05099	0.65622	0.01974	0.02550	0.02550	0.01892	0.02714	0.01563	0.02056	0.01316	0.00740	0.00822	0.00247	0.00987	0.00740	0.00411	0.01316
11	0.02284	0.02305	0.03162	0.04451	0.52088	0.12248	0.02345	0.06186	0.02081	0.02755	0.01544	0.01965	0.01283	0.00773	0.00811	0.00242	0.01063	0.00709	0.00438	0.01266
12	0.02056	0.01974	0.03372	0.05099	0.65622	0.01974	0.02550	0.02550	0.01892	0.02714	0.01563	0.02056	0.01316	0.00740	0.00822	0.00247	0.00987	0.00740	0.00411	0.01316

[dist]
# distance from previous block
# <min> <max>
3	6

[block]
# block no. 9 follows, 22 sequences, length 49
# corresponding to MSA columns:
# 621-669
name=unknown_J
#
# <colnr> <probs for GDERKNQSTAVLIFYWHMCP>
#	G	D	E	R	K	N	Q	S	T	A	V	L	I	F	Y	W	H	M	C	P
0	0.01720	0.10736	0.60529	0.02277	0.03455	0.02060	0.02911	0.02617	0.01748	0.02566	0.01459	0.01713	0.01054	0.00782	0.00765	0.00255	0.01195	0.00598	0.00351	0.01212
1	0.01913	0.20700	0.43516	0.02277	0.07028	0.02306	0.02543	0.05988	0.01868	0.02615	0.01440	0.01682	0.01092	0.00778	0.00730	0.00240	0.01111	0.00587	0.00383	0.01203
2	0.02050	0.01990	0.03467	0.05000	0.61814	0.01982	0.06281	0.02556	0.01896	0.02711	0.01570	0.02068	0.01312	0.00738	0.00832	0.00249	0.01013	0.00755	0.00412	0.01304
3	0.01898	0.01970	0.03550	0.02701	0.03238	0.02114	0.33149	0.02770	0.13546	0.02704	0.05843	0.02553	0.01874	0.01017	0.01358	0.00298	0.16862	0.00947	0.00518	0.01087
4	0.05163	0.01422	0.01838	0.01478	0.02016	0.01322	0.04524	0.03020	0.12919	0.22667	0.12117	0.06835	0.02936	0.01118	0.00820	0.00239	0.00655	0.00959	0.00796	0.17155
5	0.01522	0.01368	0.02035	0.01759	0.02095	0.03702	0.14191	0.06410	0.04244	0.02551	0.03714	0.38864	0.07582	0.01845	0.00984	0.00300	0.00758	0.01712	0.00680	0.03685
6	0.02254	0.02348	0.03180	0.04541	0.53734	0.14322	0.02371	0.02694	0.01979	0.02586	0.01510	0.01951	0.01270	0.00762	0.00809	0.00241	0.01083	0.00702	0.00414	0.01249
7	0.02056	0.01974	0.03372	0.05099	0.65622	0.01974	0.02550	0.02550	0.01892	0.02714	0.01563	0.02056	0.01316	0.00740	0.00822	0.00247	0.00987	0.00740	0.00411	0.01316
8	0.01555	0.00944	0.01145	0.01067	0.01216	0.00931	0.00716	0.01807	0.04825	0.09999	0.14512	0.05018	0.03732	0.41970	0.06569	0.00638	0.00787	0.01186	0.00660	0.00724
9	0.02241	0.01857	0.01942	0.01672	0.02070	0.09568	0.01332	0.27433	0.02534	0.03328	0.02017	0.02522	0.01679	0.03398	0.31629	0.00747	0.01589	0.00788	0.00605	0.01049
10	0.02221	0.71304	0.04353	0.01421	0.02132	0.03287	0.01421	0.02488	0.01688	0.01955	0.01155	0.01333	0.01066	0.00711	0.00533	0.00178	0.00888	0.00444	0.00355	0.01066
11	0.01443	0.00722	0.01082	0.01082	0.01082	0.00722	0.00722	0.01082	0.01082	0.01443	0.01443	0.02525	0.01443	0.02886	0.03247	0.75830	0.00722	0.00722	0.00361	0.00361
12	0.01177	0.00927	0.01264	0.01243	0.01404	0.01032	0.00956	0.01429	0.01452	0.01986	0.03613	0.04409	0.16666	0.09050	0.44483	0.01003	0.05562	0.01100	0.00519	0.00727
13	0.01549	0.00774	0.00774	0.00774	0.00968	0.00774	0.00581	0.01936	0.01742	0.03097	0.02710	0.03097	0.02129	0.00968	0.00581	0.00194	0.00387	0.00774	0.75416	0.00774
14	0.03212	0.02240	0.02440	0.01870	0.02533	0.02448	0.01545	0.57275	0.03761	0.11018	0.02116	0.02074	0.01474	0.01000	0.00831	0.00250	0.00894	0.00756	0.00850	0.01413
15	0.02422	0.01531	0.01848	0.01549	0.01976	0.01634	0.01234	0.25727	0.02535	0.15319	0.02491	0.06580	0.02066	0.07062	0.21397	0.00622	0.01244	0.00927	0.00727	0.01110
16	0.01549	0.00774	0.00774	0.00774	0.00968	0.00774	0.00581	0.01936	0.01742	0.03097	0.02710	0.03097	0.02129	0.00968	0.00581	0.00194	0.00387	0.00774	0.75416	0.00774
17	0.03103	0.03959	0.02354	0.02140	0.02568	0.67469	0.01605	0.03317	0.02354	0.02033	0.01284	0.01498	0.01070	0.00856	0.00749	0.00214	0.01498	0.00535	0.00428	0.00963
18	0.01208	0.00805	0.00906	0.00906	0.00906	0.00805	0.00503	0.01208	0.01208	0.01611	0.02618	0.05436	0.03020	0.70804	0.04228	0.00805	0.00805	0.01208	0.00503	0.00503
19	0.01022	0.00730	0.00972	0.01150	0.01207	0.00681	0.00772	0.01180	0.01634	0.02190	0.08051	0.66592	0.05629	0.02551	0.01056	0.00333	0.00477	0.02312	0.00779	0.00681
20	0.03103	0.03959	0.02354	0.02140	0.02568	0.67469	0.01605	0.03317	0.02354	0.02033	0.01284	0.01498	0.01070	0.00856	0.00749	0.00214	0.01498	0.00535	0.00428	0.00963
21	0.01208	0.00805	0.00906	0.00906	0.00906	0.00805	0.00503	0.01208	0.01208	0.01611	0.02618	0.05436	0.03020	0.70804	0.04228	0.00805	0.00805	0.01208	0.00503	0.00503
22	0.03158	0.02327	0.02493	0.01911	0.02576	0.02576	0.01579	0.62852	0.03906	0.05236	0.01995	0.01995	0.01413	0.00997	0.00831	0.00249	0.00914	0.00748	0.00831	0.01413
23	0.01569	0.01477	0.02492	0.68808	0.05722	0.01846	0.02307	0.02123	0.01661	0.02123	0.01477	0.02215	0.01107	0.00831	0.00831	0.00277	0.01107	0.00738	0.00369	0.00923
24	0.01569	0.01477	0.02492	0.68808	0.05722	0.01846	0.02307	0.02123	0.01661	0.02123	0.01477	0.02215	0.01107	0.00831	0.00831	0.00277	0.01107	0.00738	0.00369	0.00923
25	0.01924	0.01601	0.01722	0.01513	0.01964	0.01751	0.01181	0.09239	0.40102	0.03448	0.11278	0.03816	0.09755	0.01258	0.00861	0.00266	0.00622	0.01050	0.00823	0.05826
26	0.02749	0.01502	0.01818	0.01507	0.02024	0.01512	0.01205	0.07157	0.22995	0.32163	0.12773	0.03391	0.03070	0.01163	0.00861	0.00265	0.00654	0.00968	0.00939	0.01284
27	0.01549	0.00774	0.00774	0.00774	0.00968	0.00774	0.00581	0.01936	0.01742	0.03097	0.02710	0.03097	0.02129	0.00968	0.00581	0.00194	0.00387	0.00774	0.75416	0.00774
28	0.01519	0.01336	0.01799	0.01613	0.01630	0.01727	0.01243	0.01648	0.01256	0.01848	0.01786	0.03318	0.01916	0.27484	0.10967	0.00641	0.36182	0.00923	0.00425	0.00740
29	0.01163	0.00786	0.00919	0.00964	0.00975	0.00775	0.00565	0.01196	0.01296	0.01728	0.03070	0.20396	0.03591	0.55066	0.03497	0.00697	0.00731	0.01474	0.00565	0.00543
30	0.01549	0.00774	0.00774	0.00774	0.00968	0.00774	0.00581	0.01936	0.01742	0.03097	0.02710	0.03097	0.02129	0.00968	0.00581	0.00194	0.00387	0.00774	0.75416	0.00774
31	0.02056	0.01974	0.03372	0.05099	0.65622	0.01974	0.02550	0.02550	0.01892	0.02714	0.01563	0.02056	0.01316	0.00740	0.00822	0.00247	0.00987	0.00740	0.00411	0.01316
32	0.02992	0.02442	0.24960	0.01795	0.02647	0.01474	0.01880	0.03543	0.02155	0.43525	0.02640	0.02445	0.01698	0.00943	0.00819	0.00259	0.00893	0.00756	0.00787	0.01347
33	0.05962	0.05689	0.09784	0.01530	0.02122	0.01572	0.01379	0.03021	0.17351	0.14403	0.08569	0.05677	0.02646	0.01126	0.00806	0.00250	0.00717	0.04253	0.00719	0.12424
34	0.02056	0.01974	0.03372	0.05099	0.65622	0.01974	0.02550	0.02550	0.01892	0.02714	0.01563	0.02056	0.01316	0.00740	0.00822	0.00247	0.00987	0.00740	0.00411	0.01316
