[name]
unknown

[dist]
# distance from previous block
# <min> <max>
1	36

[block]
# block no. 0 follows, 22 sequences, length 13
# corresponding to MSA columns:
# 36-48
name=unknown_A
#
# <colnr> <probs for GDERKNQSTAVLIFYWHMCP>
#	G	D	E	R	K	N	Q	S	T	A	V	L	I	F	Y	W	H	M	C	P
0	0.08107	0.02462	0.04711	0.05328	0.09320	0.22859	0.01716	0.02455	0.01766	0.02268	0.01611	0.08966	0.01559	0.01199	0.01376	0.00284	0.21796	0.00815	0.00444	0.00958
1	0.13544	0.14436	0.07255	0.01555	0.01971	0.11009	0.01348	0.04408	0.01812	0.02568	0.07101	0.17257	0.02585	0.01337	0.00977	0.00267	0.08073	0.01025	0.00546	0.00925
2	0.04170	0.01222	0.01335	0.01236	0.01367	0.04841	0.00875	0.07217	0.01565	0.02184	0.02097	0.03633	0.02133	0.30556	0.09235	0.12503	0.06411	0.00925	0.05814	0.00679
3	0.02461	0.02764	0.01891	0.01733	0.02044	0.39720	0.01261	0.07754	0.02142	0.02215	0.01962	0.08590	0.01966	0.18051	0.01631	0.00372	0.01189	0.00879	0.00512	0.00864
4	0.01415	0.00989	0.01331	0.01478	0.08003	0.00983	0.00914	0.01621	0.01615	0.05826	0.13326	0.04871	0.08387	0.30846	0.14221	0.00678	0.00974	0.01173	0.00603	0.00747
5	0.01151	0.00841	0.01027	0.01053	0.01181	0.00786	0.00705	0.01298	0.01534	0.02070	0.07411	0.28753	0.10575	0.24854	0.06616	0.00531	0.00706	0.01621	0.00647	0.06637
6	0.01380	0.01031	0.01231	0.01172	0.01379	0.01062	0.00858	0.07973	0.04557	0.02551	0.12410	0.11746	0.15063	0.17182	0.16038	0.00618	0.00956	0.01339	0.00674	0.00779
7	0.01927	0.01909	0.01890	0.01520	0.02045	0.13171	0.01195	0.02224	0.01763	0.02441	0.01635	0.07149	0.01521	0.00933	0.00969	0.00190	0.10328	0.00681	0.00485	0.46022
8	0.04895	0.01794	0.02411	0.02292	0.11139	0.05453	0.09504	0.10311	0.07072	0.07994	0.02435	0.15257	0.02234	0.01209	0.00945	0.00263	0.04077	0.01060	0.00631	0.09026
9	0.01401	0.01261	0.01390	0.10612	0.02035	0.06337	0.01079	0.01923	0.08796	0.02565	0.18271	0.17734	0.19967	0.01725	0.00942	0.00282	0.00634	0.01486	0.00728	0.00834
10	0.01767	0.01768	0.02294	0.22902	0.21002	0.10750	0.01846	0.02149	0.01829	0.02287	0.02633	0.15650	0.07195	0.01253	0.00873	0.00271	0.00952	0.01105	0.00499	0.00974
11	0.18801	0.02173	0.02284	0.17401	0.17538	0.17665	0.01777	0.02530	0.01800	0.02580	0.01439	0.01896	0.01179	0.01239	0.06129	0.00336	0.01160	0.00637	0.00432	0.01004
12	0.02113	0.02012	0.02933	0.14176	0.40136	0.07262	0.02246	0.02717	0.06843	0.04899	0.01707	0.02133	0.01375	0.00847	0.00931	0.00259	0.05003	0.00742	0.00460	0.01206

[dist]
# distance from previous block
# <min> <max>
21	64

[block]
# block no. 1 follows, 22 sequences, length 27
# corresponding to MSA columns:
# 138-164
name=unknown_B
#
# <colnr> <probs for GDERKNQSTAVLIFYWHMCP>
#	G	D	E	R	K	N	Q	S	T	A	V	L	I	F	Y	W	H	M	C	P
0	0.08120	0.18890	0.02196	0.01321	0.01772	0.01855	0.01115	0.13220	0.02215	0.06449	0.13892	0.08000	0.05516	0.01500	0.04614	0.00301	0.00763	0.00960	0.06302	0.00998
1	0.01793	0.14954	0.11369	0.01718	0.02210	0.10621	0.05022	0.02157	0.01835	0.02281	0.07757	0.03574	0.17701	0.01283	0.01122	0.00262	0.11923	0.00963	0.00515	0.00940
2	0.02088	0.01630	0.02295	0.02858	0.26597	0.01673	0.01659	0.08299	0.13443	0.09205	0.02884	0.11866	0.05226	0.05213	0.01064	0.00300	0.00788	0.01076	0.00660	0.01174
3	0.02073	0.01894	0.05473	0.03228	0.32403	0.04550	0.01886	0.02721	0.08799	0.08295	0.05388	0.07378	0.02125	0.00988	0.00824	0.00245	0.00851	0.00887	0.00572	0.09419
4	0.04665	0.21778	0.16594	0.17055	0.07879	0.07197	0.02013	0.05264	0.01857	0.02473	0.01459	0.01810	0.01157	0.00796	0.00708	0.00233	0.01029	0.00607	0.04352	0.01074
5	0.15280	0.22708	0.21739	0.01655	0.02410	0.05057	0.01753	0.02628	0.04240	0.06054	0.07663	0.02089	0.01799	0.00880	0.00687	0.00235	0.00906	0.00642	0.00494	0.01081
6	0.02388	0.35429	0.03406	0.01776	0.02384	0.11434	0.05225	0.09848	0.13082	0.02655	0.01692	0.01816	0.01379	0.00862	0.00756	0.00222	0.03379	0.00622	0.00511	0.01134
7	0.01058	0.00819	0.01008	0.01051	0.01230	0.00769	0.00768	0.01295	0.01779	0.02322	0.15113	0.24017	0.28206	0.02935	0.13207	0.00487	0.00764	0.01723	0.00734	0.00714
8	0.01604	0.01504	0.02136	0.01895	0.01945	0.02035	0.01554	0.01825	0.01294	0.01975	0.01474	0.02306	0.01424	0.03069	0.24630	0.00692	0.46612	0.00782	0.00391	0.00852
9	0.02368	0.07412	0.15382	0.01827	0.02497	0.09431	0.01705	0.09978	0.24103	0.10022	0.02645	0.02570	0.04370	0.01013	0.00804	0.00257	0.00909	0.00793	0.00678	0.01236
10	0.01228	0.00921	0.01006	0.00994	0.01254	0.00834	0.00731	0.01587	0.06416	0.05621	0.09222	0.16182	0.42795	0.06002	0.01163	0.00317	0.00483	0.01693	0.00780	0.00771
11	0.01006	0.00748	0.00938	0.01090	0.01187	0.00680	0.00741	0.01164	0.01655	0.02147	0.05392	0.57058	0.18174	0.02497	0.01044	0.00325	0.00469	0.02233	0.00771	0.00680
12	0.03103	0.03959	0.02354	0.02140	0.02568	0.67469	0.01605	0.03317	0.02354	0.02033	0.01284	0.01498	0.01070	0.00856	0.00749	0.00214	0.01498	0.00535	0.00428	0.00963
13	0.02888	0.08751	0.02650	0.02507	0.11516	0.53305	0.01726	0.03145	0.02238	0.02124	0.01314	0.01565	0.01105	0.00829	0.00743	0.00216	0.01379	0.00557	0.00420	0.01021
14	0.05126	0.02679	0.22816	0.02460	0.07566	0.04652	0.10750	0.02842	0.04382	0.13113	0.01802	0.02064	0.01330	0.00950	0.01172	0.00280	0.13597	0.00736	0.00510	0.01171
15	0.00990	0.00811	0.00873	0.00924	0.01144	0.00694	0.00668	0.01183	0.01815	0.02212	0.07418	0.24189	0.49735	0.02234	0.01002	0.00295	0.00437	0.01912	0.00771	0.00694
16	0.02364	0.02653	0.03300	0.03410	0.23444	0.22749	0.17747	0.03006	0.08215	0.02560	0.01685	0.02031	0.01344	0.00805	0.00843	0.00249	0.01224	0.00757	0.00462	0.01153
17	0.02527	0.03065	0.02093	0.02073	0.06864	0.46590	0.01463	0.02765	0.02177	0.02116	0.02667	0.02833	0.12925	0.01386	0.04646	0.00293	0.01305	0.00794	0.00491	0.00928
18	0.01126	0.00835	0.01029	0.01001	0.01189	0.00760	0.00731	0.01433	0.02116	0.02890	0.44348	0.11344	0.19130	0.06917	0.01224	0.00311	0.00435	0.01597	0.00844	0.00738
19	0.16402	0.01669	0.01893	0.01506	0.02094	0.01706	0.01234	0.18727	0.06155	0.31864	0.06384	0.02572	0.02067	0.01021	0.00786	0.00257	0.00726	0.00791	0.00868	0.01277
20	0.01884	0.02121	0.10398	0.15546	0.43614	0.01903	0.04622	0.02438	0.01839	0.02583	0.01801	0.02279	0.03653	0.00811	0.00832	0.00256	0.01029	0.00772	0.00411	0.01208
21	0.01906	0.02147	0.08477	0.16047	0.29530	0.01989	0.22567	0.02515	0.01862	0.02582	0.01581	0.02124	0.01239	0.00747	0.00874	0.00265	0.01165	0.00810	0.00402	0.01172
22	0.00994	0.00842	0.00858	0.00854	0.01129	0.00706	0.00641	0.01215	0.01922	0.02311	0.11910	0.07885	0.61749	0.02079	0.00982	0.00279	0.00419	0.01738	0.00780	0.00706
23	0.01268	0.01011	0.01393	0.01672	0.10493	0.00969	0.01041	0.01663	0.04832	0.02731	0.27008	0.27013	0.11944	0.01879	0.00978	0.00288	0.00523	0.01680	0.00776	0.00840
24	0.17085	0.02281	0.11854	0.06621	0.18841	0.01985	0.24270	0.02557	0.01790	0.02859	0.01510	0.01948	0.01165	0.00743	0.00814	0.00265	0.01107	0.00752	0.00425	0.01128
25	0.02496	0.50295	0.03730	0.01646	0.02268	0.23310	0.01479	0.02746	0.01896	0.01979	0.01195	0.01384	0.01067	0.00756	0.00600	0.00189	0.01079	0.00473	0.00378	0.01034
26	0.01858	0.12092	0.49007	0.02497	0.09497	0.02136	0.02732	0.06085	0.01884	0.02707	0.01486	0.01747	0.01101	0.00787	0.00764	0.00250	0.01145	0.00614	0.00385	0.01228

[dist]
# distance from previous block
# <min> <max>
0	1

[block]
# block no. 2 follows, 22 sequences, length 36
# corresponding to MSA columns:
# 166-201
name=unknown_C
#
# <colnr> <probs for GDERKNQSTAVLIFYWHMCP>
#	G	D	E	R	K	N	Q	S	T	A	V	L	I	F	Y	W	H	M	C	P
0	0.02923	0.03582	0.02272	0.02062	0.02497	0.56121	0.01555	0.03508	0.13072	0.02283	0.01648	0.01776	0.01324	0.00903	0.00766	0.00226	0.01352	0.00605	0.00500	0.01024
1	0.01138	0.00789	0.00971	0.01018	0.01078	0.00758	0.00653	0.01273	0.01590	0.02164	0.17390	0.26482	0.04906	0.33226	0.02474	0.00532	0.00608	0.01646	0.00683	0.00622
2	0.01928	0.01946	0.01649	0.01641	0.04461	0.20599	0.01182	0.08536	0.02226	0.02618	0.09998	0.18515	0.15007	0.01639	0.00916	0.00272	0.00843	0.04462	0.00676	0.00886
3	0.01011	0.00775	0.00928	0.01032	0.01176	0.00692	0.00720	0.01196	0.01752	0.02244	0.09886	0.43015	0.27869	0.02359	0.01026	0.00311	0.00453	0.02081	0.00780	0.00692
4	0.01723	0.01477	0.01723	0.01230	0.01969	0.01107	0.00984	0.02092	0.01723	0.02707	0.01477	0.01723	0.01230	0.00615	0.00615	0.00123	0.00615	0.00492	0.00492	0.75883
5	0.02371	0.02456	0.03078	0.04204	0.46862	0.17152	0.02267	0.06732	0.02132	0.02724	0.01527	0.01923	0.01266	0.00784	0.00806	0.00239	0.01100	0.00693	0.00443	0.01241
6	0.01586	0.01531	0.02633	0.02159	0.02437	0.01791	0.17021	0.01949	0.01475	0.02138	0.01724	0.02541	0.01553	0.03293	0.29837	0.00755	0.23413	0.00861	0.00413	0.00892
7	0.06445	0.00859	0.00947	0.00939	0.01142	0.00914	0.00719	0.01854	0.01616	0.02840	0.02483	0.03024	0.02034	0.02300	0.17681	0.00490	0.00874	0.00782	0.51283	0.00774
8	0.01024	0.00728	0.00960	0.01141	0.01187	0.00683	0.00755	0.01160	0.01567	0.02090	0.04459	0.66298	0.05343	0.06773	0.01254	0.00366	0.00502	0.02291	0.00755	0.00664
9	0.01028	0.00777	0.00949	0.01046	0.01186	0.00699	0.00731	0.01229	0.01794	0.02338	0.14756	0.42186	0.23634	0.02319	0.01025	0.00309	0.00450	0.02053	0.00793	0.00699
10	0.01666	0.04297	0.66500	0.02368	0.03596	0.01929	0.03069	0.02631	0.01754	0.02631	0.01491	0.01754	0.01052	0.00789	0.00789	0.00263	0.01228	0.00614	0.00351	0.01228
11	0.02235	0.36719	0.15636	0.04461	0.02622	0.10074	0.01792	0.09099	0.01998	0.02455	0.01395	0.01642	0.01157	0.01070	0.04193	0.00271	0.01105	0.00556	0.00420	0.01100
12	0.03103	0.03959	0.02354	0.02140	0.02568	0.67469	0.01605	0.03317	0.02354	0.02033	0.01284	0.01498	0.01070	0.00856	0.00749	0.00214	0.01498	0.00535	0.00428	0.00963
13	0.02056	0.01974	0.03372	0.05099	0.65622	0.01974	0.02550	0.02550	0.01892	0.02714	0.01563	0.02056	0.01316	0.00740	0.00822	0.00247	0.00987	0.00740	0.00411	0.01316
14	0.01056	0.00785	0.00919	0.00995	0.01111	0.00718	0.00665	0.01198	0.01629	0.02092	0.07943	0.32920	0.23660	0.18350	0.01773	0.00426	0.00535	0.01865	0.00715	0.00648
15	0.01194	0.00861	0.01189	0.01189	0.01287	0.00959	0.00857	0.01390	0.01292	0.01821	0.02359	0.04002	0.02397	0.28173	0.46008	0.01155	0.01743	0.00998	0.00465	0.00661
16	0.02025	0.47683	0.08824	0.01861	0.04877	0.02742	0.08424	0.02406	0.01691	0.02112	0.01377	0.01715	0.01212	0.01345	0.08235	0.00330	0.01128	0.00580	0.00375	0.01057
17	0.02466	0.40971	0.05994	0.01811	0.02426	0.24378	0.04117	0.02756	0.01906	0.02037	0.01230	0.01460	0.01076	0.00790	0.00716	0.00204	0.03731	0.00514	0.00382	0.01034
18	0.01189	0.00881	0.01289	0.01289	0.01422	0.01013	0.00981	0.01454	0.01322	0.01894	0.02267	0.03496	0.02178	0.13147	0.60734	0.01278	0.02073	0.00924	0.00451	0.00716
19	0.01807	0.16476	0.44388	0.02136	0.03090	0.02261	0.02532	0.02619	0.04741	0.02473	0.01475	0.01748	0.01132	0.00867	0.00964	0.00259	0.08880	0.00611	0.00377	0.01165
20	0.01189	0.00880	0.01286	0.01286	0.01418	0.01012	0.00978	0.01452	0.01321	0.01892	0.02270	0.03511	0.02184	0.13578	0.60312	0.01275	0.02064	0.00926	0.00452	0.00715
21	0.01961	0.02241	0.04902	0.03501	0.04342	0.02101	0.62605	0.02661	0.01961	0.02661	0.01681	0.02241	0.01261	0.00700	0.00980	0.00280	0.01401	0.00980	0.00420	0.01120
22	0.02539	0.02019	0.02144	0.01786	0.02340	0.02287	0.01429	0.29695	0.38071	0.04237	0.02781	0.02621	0.02050	0.01071	0.00839	0.00268	0.00769	0.00856	0.00839	0.01357
23	0.21945	0.02143	0.02168	0.01702	0.02328	0.02394	0.01405	0.47414	0.03269	0.04850	0.01780	0.01830	0.01282	0.00939	0.00750	0.00251	0.00845	0.00672	0.00750	0.01282
24	0.01043	0.00844	0.00926	0.00906	0.01160	0.00727	0.00679	0.01311	0.02038	0.02587	0.26315	0.07431	0.47172	0.01976	0.00981	0.00274	0.00412	0.01674	0.00817	0.00727
25	0.01033	0.00813	0.00915	0.00950	0.01146	0.00715	0.00679	0.01243	0.01850	0.02342	0.15883	0.21948	0.38648	0.06556	0.01208	0.00324	0.00455	0.01820	0.00776	0.00695
26	0.01107	0.00837	0.01038	0.01135	0.01314	0.00769	0.00872	0.01365	0.01869	0.02409	0.13518	0.26180	0.25152	0.02246	0.01047	0.00321	0.00523	0.16791	0.00788	0.00720
27	0.01201	0.00834	0.01053	0.01053	0.01103	0.00885	0.00686	0.01302	0.01251	0.01719	0.02484	0.04694	0.02698	0.48752	0.25840	0.00986	0.01290	0.01099	0.00483	0.00585
28	0.01004	0.00753	0.00933	0.01076	0.01184	0.00682	0.00735	0.01166	0.01668	0.02152	0.05559	0.54349	0.20774	0.02475	0.01040	0.00323	0.00466	0.02206	0.00771	0.00682
29	0.01781	0.18140	0.53661	0.02172	0.03293	0.02210	0.02729	0.02601	0.01740	0.02491	0.01421	0.01667	0.01055	0.00773	0.00736	0.00245	0.01158	0.00579	0.00352	0.01194
30	0.02446	0.02867	0.02479	0.15818	0.06454	0.36031	0.01845	0.02737	0.01945	0.02080	0.01294	0.01745	0.01095	0.00980	0.01216	0.00262	0.16713	0.00630	0.00401	0.00961
31	0.01878	0.19205	0.02324	0.01443	0.01864	0.01931	0.01222	0.15585	0.02056	0.02711	0.02452	0.02906	0.07312	0.03269	0.29384	0.00700	0.01426	0.00821	0.00539	0.00973
32	0.01091	0.00859	0.01072	0.01275	0.05421	0.00785	0.00809	0.01268	0.01683	0.02153	0.05599	0.35798	0.27179	0.09440	0.01347	0.00359	0.00527	0.01907	0.00719	0.00709
33	0.18800	0.01792	0.02414	0.09377	0.32606	0.04967	0.01838	0.02356	0.01761	0.02798	0.01958	0.05814	0.04697	0.00925	0.00761	0.00251	0.00871	0.00791	0.00473	0.04750
34	0.10810	0.19902	0.03137	0.02405	0.13726	0.10068	0.08524	0.12125	0.02168	0.02921	0.01880	0.02099	0.05096	0.00870	0.00734	0.00233	0.00984	0.00698	0.00500	0.01119
35	0.35053	0.02286	0.12215	0.02560	0.20882	0.06237	0.01787	0.02626	0.01710	0.05665	0.01423	0.01691	0.01104	0.00781	0.00677	0.00252	0.00895	0.00582	0.00473	0.01099

[dist]
# distance from previous block
# <min> <max>
0	19

[block]
# block no. 3 follows, 22 sequences, length 56
# corresponding to MSA columns:
# 221-276
name=unknown_D
#
# <colnr> <probs for GDERKNQSTAVLIFYWHMCP>
#	G	D	E	R	K	N	Q	S	T	A	V	L	I	F	Y	W	H	M	C	P
0	0.02062	0.02374	0.07529	0.03384	0.33705	0.16487	0.02004	0.02487	0.02022	0.02546	0.07357	0.02956	0.09515	0.01011	0.00835	0.00246	0.01005	0.00867	0.00494	0.01113
1	0.02493	0.46452	0.03626	0.01687	0.02277	0.24253	0.01498	0.02739	0.01889	0.01982	0.01195	0.01406	0.01068	0.00788	0.00693	0.00197	0.03865	0.00485	0.00379	0.01026
2	0.01111	0.00831	0.01003	0.01024	0.01199	0.00760	0.00748	0.01365	0.01931	0.02555	0.26958	0.16474	0.23692	0.10219	0.01392	0.00353	0.00493	0.06393	0.00790	0.00708
3	0.01569	0.01477	0.02492	0.68808	0.05722	0.01846	0.02307	0.02123	0.01661	0.02123	0.01477	0.02215	0.01107	0.00831	0.00831	0.00277	0.01107	0.00738	0.00369	0.00923
4	0.02607	0.02602	0.02990	0.05434	0.16629	0.19163	0.11238	0.19911	0.05566	0.03257	0.01715	0.01978	0.01322	0.00859	0.00832	0.00247	0.01152	0.00736	0.00555	0.01207
5	0.01911	0.12667	0.22964	0.07441	0.12817	0.09455	0.04308	0.02473	0.01784	0.02375	0.01572	0.01999	0.01275	0.01445	0.08849	0.00372	0.01258	0.00662	0.03289	0.01085
6	0.01430	0.00911	0.01135	0.01043	0.01301	0.00817	0.00787	0.01755	0.02198	0.10333	0.42155	0.06187	0.20115	0.04809	0.01109	0.00290	0.00454	0.01469	0.00877	0.00826
7	0.01018	0.00813	0.00917	0.00992	0.01193	0.00712	0.00728	0.01220	0.01799	0.02223	0.06905	0.27752	0.41902	0.02276	0.01019	0.00306	0.00466	0.06290	0.00771	0.00698
8	0.01992	0.05727	0.23708	0.23335	0.04083	0.02112	0.09249	0.14535	0.02177	0.02966	0.01594	0.01985	0.01166	0.00830	0.00821	0.00263	0.01132	0.00714	0.00461	0.01149
9	0.06931	0.03907	0.01647	0.01372	0.01704	0.01283	0.05548	0.06471	0.01782	0.02479	0.04000	0.04363	0.21788	0.03481	0.28689	0.00712	0.01321	0.01108	0.00578	0.00835
10	0.01042	0.00752	0.00939	0.01075	0.01143	0.00700	0.00708	0.01170	0.01562	0.02048	0.04712	0.51502	0.12393	0.14255	0.01595	0.00411	0.00530	0.02089	0.00725	0.00649
11	0.01891	0.02299	0.13283	0.15530	0.33249	0.01970	0.14622	0.02510	0.01844	0.02587	0.01560	0.02074	0.01227	0.00756	0.00850	0.00261	0.01128	0.00768	0.00396	0.01194
12	0.18255	0.03087	0.17018	0.09160	0.05695	0.24893	0.05512	0.02776	0.01900	0.02608	0.01360	0.01668	0.01055	0.00806	0.00733	0.00246	0.01185	0.00591	0.00421	0.01030
13	0.01994	0.02716	0.24873	0.12844	0.09499	0.06701	0.02186	0.02936	0.12795	0.07794	0.02366	0.02530	0.05231	0.00952	0.00821	0.00264	0.01015	0.00783	0.00532	0.01168
14	0.08404	0.09963	0.01341	0.00951	0.01235	0.01227	0.00770	0.02001	0.01659	0.02874	0.02313	0.02730	0.01875	0.01517	0.08204	0.00328	0.00685	0.00716	0.50389	0.00820
15	0.06306	0.01842	0.02174	0.09326	0.02673	0.01954	0.01471	0.32517	0.02934	0.19680	0.02348	0.06211	0.01748	0.01055	0.00823	0.00255	0.00835	0.00840	0.00796	0.04214
16	0.02332	0.32812	0.17388	0.02092	0.07307	0.17816	0.01917	0.05266	0.01967	0.02317	0.01325	0.01546	0.01097	0.00776	0.00674	0.00213	0.01113	0.00538	0.00396	0.01111
17	0.01038	0.00813	0.00940	0.00973	0.01173	0.00715	0.00705	0.01276	0.01929	0.02482	0.21486	0.23522	0.35728	0.02131	0.01001	0.00290	0.00429	0.01847	0.00807	0.00715
18	0.01004	0.00842	0.00872	0.00865	0.01136	0.00711	0.00649	0.01235	0.01946	0.02368	0.14892	0.07791	0.58732	0.02058	0.00982	0.00278	0.00417	0.01725	0.00788	0.00711
19	0.02026	0.47801	0.26152	0.01753	0.02645	0.02811	0.01999	0.02538	0.01711	0.02192	0.01273	0.01480	0.01061	0.00738	0.00623	0.00208	0.01007	0.00504	0.00354	0.01123
20	0.02653	0.21256	0.02877	0.01766	0.02349	0.07520	0.01523	0.32891	0.02863	0.03672	0.01919	0.02527	0.01625	0.01061	0.00855	0.00245	0.03808	0.06751	0.00643	0.01196
21	0.01001	0.00765	0.00921	0.01045	0.01176	0.00684	0.00722	0.01169	0.01698	0.02164	0.05938	0.48203	0.26676	0.02426	0.01033	0.00317	0.00460	0.02146	0.00771	0.00684
22	0.01602	0.01513	0.02137	0.07305	0.02213	0.02003	0.01581	0.01832	0.01475	0.02180	0.08963	0.12739	0.02530	0.01606	0.02120	0.00341	0.45447	0.01064	0.00489	0.00860
23	0.01012	0.00770	0.00932	0.01046	0.01180	0.00690	0.00726	0.01193	0.01735	0.02233	0.09429	0.45961	0.25329	0.02385	0.01030	0.00314	0.00456	0.02110	0.00780	0.00690
24	0.03158	0.02327	0.02493	0.01911	0.02576	0.02576	0.01579	0.62852	0.03906	0.05236	0.01995	0.01995	0.01413	0.00997	0.00831	0.00249	0.00914	0.00748	0.00831	0.01413
25	0.02183	0.02100	0.07708	0.01974	0.02750	0.01798	0.13698	0.19890	0.02407	0.03426	0.01669	0.01908	0.01275	0.00757	0.00765	0.00202	0.00908	0.00674	0.00565	0.33341
26	0.03103	0.03959	0.02354	0.02140	0.02568	0.67469	0.01605	0.03317	0.02354	0.02033	0.01284	0.01498	0.01070	0.00856	0.00749	0.00214	0.01498	0.00535	0.00428	0.00963
27	0.76672	0.01607	0.01221	0.01092	0.01607	0.01864	0.00900	0.02442	0.01414	0.03727	0.01157	0.01350	0.00900	0.00771	0.00514	0.00257	0.00643	0.00450	0.00514	0.00900
28	0.00982	0.00842	0.00842	0.00842	0.01122	0.00701	0.00631	0.01192	0.01894	0.02244	0.08416	0.07995	0.65285	0.02104	0.00982	0.00281	0.00421	0.01753	0.00771	0.00701
29	0.01012	0.00723	0.00964	0.01157	0.01205	0.00675	0.00771	0.01157	0.01591	0.02121	0.04579	0.70262	0.05495	0.02603	0.01060	0.00337	0.00482	0.02362	0.00771	0.00675
30	0.03103	0.03959	0.02354	0.02140	0.02568	0.67469	0.01605	0.03317	0.02354	0.02033	0.01284	0.01498	0.01070	0.00856	0.00749	0.00214	0.01498	0.00535	0.00428	0.00963
31	0.00982	0.00842	0.00842	0.00842	0.01122	0.00701	0.00631	0.01192	0.01894	0.02244	0.08416	0.07995	0.65285	0.02104	0.00982	0.00281	0.00421	0.01753	0.00771	0.00701
32	0.01700	0.01652	0.02923	0.50049	0.16197	0.01898	0.09229	0.02260	0.01736	0.02289	0.01515	0.02190	0.01162	0.00800	0.00846	0.00272	0.01119	0.00766	0.00382	0.01015
33	0.01085	0.00839	0.00990	0.00967	0.01189	0.00743	0.00719	0.01387	0.02116	0.02807	0.37935	0.10728	0.31659	0.01921	0.00985	0.00274	0.00409	0.01658	0.00846	0.00743
34	0.05892	0.05011	0.02685	0.07078	0.29343	0.15005	0.01899	0.05708	0.02088	0.10459	0.01765	0.02045	0.01368	0.00830	0.00770	0.00238	0.01003	0.00688	0.04948	0.01177
35	0.02274	0.35002	0.10435	0.01808	0.04989	0.11965	0.01629	0.06243	0.09295	0.02505	0.01628	0.01782	0.01330	0.00822	0.00662	0.00213	0.00964	0.00583	0.04760	0.01112
36	0.02543	0.08235	0.24934	0.02146	0.06491	0.15018	0.02049	0.06590	0.02135	0.16012	0.01834	0.01928	0.01313	0.00849	0.00768	0.00237	0.01086	0.00642	0.00548	0.04641
37	0.01605	0.01150	0.01425	0.01309	0.01523	0.01272	0.00982	0.13729	0.01836	0.02562	0.02307	0.03583	0.02199	0.22217	0.34000	0.00921	0.01494	0.00941	0.04131	0.00814
38	0.01045	0.00820	0.00946	0.00965	0.01174	0.00720	0.00704	0.01296	0.01968	0.02541	0.24418	0.19944	0.36333	0.02084	0.00997	0.00286	0.00425	0.01801	0.00814	0.00720
39	0.01392	0.01160	0.01766	0.02089	0.13911	0.01117	0.04905	0.01736	0.01875	0.02500	0.10999	0.14363	0.13578	0.05882	0.01201	0.00340	0.00718	0.18929	0.00680	0.00858
40	0.16354	0.07263	0.13839	0.28405	0.03728	0.02005	0.01954	0.02652	0.11112	0.02720	0.01682	0.02031	0.01271	0.00848	0.00741	0.00264	0.00954	0.00668	0.00465	0.01044
41	0.14244	0.05200	0.14327	0.08432	0.26193	0.04885	0.02138	0.07107	0.01954	0.05786	0.01557	0.01875	0.01203	0.00797	0.00753	0.00250	0.00985	0.00654	0.00471	0.01187
42	0.01163	0.00813	0.00893	0.00893	0.00949	0.00785	0.00529	0.01205	0.01345	0.01738	0.03779	0.05949	0.15497	0.57038	0.03578	0.00700	0.00728	0.01317	0.00557	0.00543
43	0.01619	0.01074	0.01504	0.06866	0.06824	0.01094	0.01126	0.04394	0.01792	0.09655	0.07720	0.24566	0.03517	0.09515	0.11485	0.00503	0.00906	0.01392	0.03583	0.00865
44	0.02149	0.08705	0.12623	0.19968	0.06074	0.19933	0.06751	0.02745	0.05562	0.02300	0.01512	0.01902	0.01189	0.00855	0.00879	0.00253	0.04472	0.00669	0.00415	0.01046
45	0.01208	0.00805	0.00906	0.00906	0.00906	0.00805	0.00503	0.01208	0.01208	0.01611	0.02618	0.05436	0.03020	0.70804	0.04228	0.00805	0.00805	0.01208	0.00503	0.00503
46	0.01352	0.01055	0.01500	0.01430	0.01556	0.01296	0.01133	0.01637	0.01372	0.02083	0.02065	0.02965	0.01893	0.04678	0.46990	0.01011	0.14905	0.00845	0.09456	0.00778
47	0.02251	0.02534	0.07345	0.16758	0.16329	0.20018	0.02045	0.02819	0.06794	0.04847	0.01618	0.01998	0.01284	0.00918	0.01021	0.00262	0.08925	0.00692	0.00455	0.01087
48	0.05223	0.07617	0.02517	0.01915	0.02369	0.04770	0.15472	0.09020	0.02071	0.05077	0.03080	0.19553	0.05417	0.01520	0.00933	0.00293	0.00887	0.10663	0.00641	0.00963
49	0.14059	0.05988	0.04801	0.01485	0.01811	0.14661	0.01191	0.02175	0.01672	0.05229	0.02243	0.15444	0.02281	0.09826	0.09193	0.00456	0.05081	0.01015	0.00534	0.00855
50	0.14823	0.06923	0.04240	0.04050	0.01876	0.11531	0.01126	0.02178	0.05586	0.02698	0.13395	0.07946	0.17827	0.01377	0.00813	0.00258	0.00733	0.01101	0.00636	0.00882
51	0.01961	0.01726	0.11690	0.04982	0.11879	0.01332	0.01567	0.02477	0.05552	0.16236	0.05780	0.16723	0.07470	0.05496	0.01089	0.00309	0.00771	0.01212	0.00684	0.01062
52	0.06688	0.02237	0.02633	0.02928	0.21494	0.12261	0.01888	0.09517	0.06621	0.02803	0.01541	0.01929	0.01289	0.01029	0.01358	0.00280	0.21189	0.00703	0.00486	0.01128
53	0.06230	0.05804	0.02340	0.05433	0.21839	0.04425	0.01677	0.10580	0.04919	0.02999	0.02739	0.03781	0.07056	0.01189	0.00841	0.00268	0.00844	0.10935	0.05016	0.01085
54	0.24745	0.02312	0.02558	0.02357	0.09751	0.16400	0.13214	0.08547	0.02062	0.03088	0.01656	0.02296	0.01394	0.00908	0.00769	0.00259	0.01052	0.05075	0.00515	0.01044
55	0.02483	0.14417	0.09183	0.04325	0.02582	0.23075	0.01653	0.12363	0.13176	0.02842	0.02087	0.02171	0.04255	0.00949	0.00760	0.00236	0.01068	0.00694	0.00556	0.01125

[dist]
# distance from previous block
# <min> <max>
2	57

[block]
# block no. 4 follows, 22 sequences, length 79
# corresponding to MSA columns:
# 334-412
name=unknown_E
#
# <colnr> <probs for GDERKNQSTAVLIFYWHMCP>
#	G	D	E	R	K	N	Q	S	T	A	V	L	I	F	Y	W	H	M	C	P
0	0.01953	0.01947	0.02324	0.09309	0.21477	0.10932	0.01704	0.02574	0.09615	0.02563	0.02590	0.02823	0.09630	0.00998	0.00880	0.00238	0.03694	0.00825	0.00521	0.13403
1	0.05337	0.02370	0.08947	0.12007	0.22431	0.11282	0.09943	0.02654	0.04621	0.02600	0.01573	0.01972	0.01247	0.00774	0.00796	0.00241	0.01084	0.00700	0.00436	0.08987
2	0.08388	0.09088	0.05347	0.05150	0.12198	0.13565	0.01502	0.07291	0.01954	0.02581	0.02197	0.09263	0.04799	0.08387	0.01132	0.00301	0.00937	0.00891	0.00514	0.04516
3	0.09097	0.09109	0.05300	0.10567	0.15747	0.14434	0.01730	0.08772	0.02092	0.02727	0.02413	0.02635	0.10043	0.00991	0.00774	0.00244	0.00982	0.00780	0.00505	0.01058
4	0.05471	0.05720	0.18508	0.03934	0.38889	0.02031	0.08452	0.02572	0.01834	0.02702	0.01519	0.01936	0.01217	0.00748	0.00802	0.00251	0.01064	0.00706	0.00400	0.01245
5	0.02007	0.01923	0.03283	0.11565	0.59543	0.01961	0.02525	0.02506	0.01868	0.02654	0.01554	0.02072	0.01295	0.00749	0.00823	0.00250	0.00999	0.00740	0.00407	0.01276
6	0.18807	0.08789	0.02459	0.02034	0.08505	0.14505	0.06428	0.06959	0.01948	0.02899	0.01440	0.01722	0.01170	0.00807	0.00772	0.00224	0.04082	0.00594	0.03897	0.11961
7	0.01766	0.01551	0.01481	0.01356	0.01706	0.09473	0.01037	0.02701	0.21514	0.05839	0.22312	0.04902	0.18062	0.01477	0.00903	0.00266	0.00633	0.01233	0.00805	0.00982
8	0.01146	0.00848	0.01070	0.01014	0.01223	0.00771	0.00761	0.01511	0.02282	0.03167	0.56590	0.06476	0.16535	0.01760	0.00980	0.00264	0.00396	0.01540	0.00893	0.00771
9	0.01066	0.00765	0.01012	0.01120	0.01217	0.00711	0.00775	0.01293	0.01842	0.02521	0.24618	0.49082	0.06270	0.02304	0.01034	0.00312	0.00452	0.02078	0.00819	0.00711
10	0.01012	0.00723	0.00964	0.01157	0.01205	0.00675	0.00771	0.01157	0.01591	0.02121	0.04579	0.70262	0.05495	0.02603	0.01060	0.00337	0.00482	0.02362	0.00771	0.00675
11	0.02221	0.71304	0.04353	0.01421	0.02132	0.03287	0.01421	0.02488	0.01688	0.01955	0.01155	0.01333	0.01066	0.00711	0.00533	0.00178	0.00888	0.00444	0.00355	0.01066
12	0.01200	0.00838	0.01070	0.01070	0.01127	0.00895	0.00708	0.01314	0.01257	0.01732	0.02467	0.04605	0.02659	0.46082	0.28457	0.01008	0.01349	0.01086	0.00481	0.00595
13	0.01549	0.00774	0.00774	0.00774	0.00968	0.00774	0.00581	0.01936	0.01742	0.03097	0.02710	0.03097	0.02129	0.00968	0.00581	0.00194	0.00387	0.00774	0.75416	0.00774
14	0.56828	0.01801	0.01564	0.01314	0.01868	0.02056	0.01083	0.18749	0.02087	0.04134	0.01383	0.01524	0.01038	0.00832	0.00600	0.00255	0.00716	0.00530	0.00600	0.01038
15	0.01176	0.00849	0.01110	0.01045	0.01241	0.00784	0.00784	0.01568	0.02352	0.03331	0.65184	0.06206	0.07839	0.01698	0.00980	0.00261	0.00392	0.01502	0.00914	0.00784
16	0.03103	0.03959	0.02354	0.02140	0.02568	0.67469	0.01605	0.03317	0.02354	0.02033	0.01284	0.01498	0.01070	0.00856	0.00749	0.00214	0.01498	0.00535	0.00428	0.00963
17	0.01323	0.00949	0.01338	0.01509	0.01696	0.00965	0.01307	0.01696	0.01852	0.02428	0.04170	0.08730	0.04497	0.02708	0.08113	0.00482	0.00918	0.53824	0.00731	0.00763
18	0.10332	0.01405	0.01752	0.01380	0.01957	0.01303	0.01132	0.06906	0.02294	0.49195	0.02936	0.02674	0.01920	0.00995	0.00774	0.00249	0.00673	0.00787	0.10050	0.01287
19	0.02056	0.01974	0.03372	0.05099	0.65622	0.01974	0.02550	0.02550	0.01892	0.02714	0.01563	0.02056	0.01316	0.00740	0.00822	0.00247	0.00987	0.00740	0.00411	0.01316
20	0.02174	0.02426	0.02556	0.02199	0.02376	0.21549	0.04924	0.02398	0.01630	0.02041	0.01232	0.01814	0.01140	0.01464	0.05108	0.00361	0.42601	0.00692	0.00389	0.00928
21	0.01258	0.00930	0.01226	0.01374	0.01586	0.00899	0.01179	0.01602	0.01908	0.02431	0.05306	0.09060	0.18455	0.02252	0.01110	0.00359	0.00687	0.46860	0.00766	0.00751
22	0.01818	0.01818	0.02545	0.02181	0.02181	0.02545	0.01818	0.01999	0.01272	0.01999	0.01091	0.01818	0.01091	0.01454	0.02726	0.00364	0.69284	0.00727	0.00364	0.00909
23	0.01222	0.00875	0.01196	0.01330	0.01487	0.00849	0.01076	0.01549	0.01933	0.02587	0.18129	0.23487	0.05643	0.02236	0.01088	0.00344	0.00612	0.32808	0.00800	0.00747
24	0.76672	0.01607	0.01221	0.01092	0.01607	0.01864	0.00900	0.02442	0.01414	0.03727	0.01157	0.01350	0.00900	0.00771	0.00514	0.00257	0.00643	0.00450	0.00514	0.00900
25	0.01818	0.01818	0.02545	0.02181	0.02181	0.02545	0.01818	0.01999	0.01272	0.01999	0.01091	0.01818	0.01091	0.01454	0.02726	0.00364	0.69284	0.00727	0.00364	0.00909
26	0.01012	0.00723	0.00964	0.01157	0.01205	0.00675	0.00771	0.01157	0.01591	0.02121	0.04579	0.70262	0.05495	0.02603	0.01060	0.00337	0.00482	0.02362	0.00771	0.00675
27	0.02056	0.01974	0.03372	0.05099	0.65622	0.01974	0.02550	0.02550	0.01892	0.02714	0.01563	0.02056	0.01316	0.00740	0.00822	0.00247	0.00987	0.00740	0.00411	0.01316
28	0.03158	0.02327	0.02493	0.01911	0.02576	0.02576	0.01579	0.62852	0.03906	0.05236	0.01995	0.01995	0.01413	0.00997	0.00831	0.00249	0.00914	0.00748	0.00831	0.01413
29	0.01015	0.00750	0.00949	0.01095	0.01192	0.00685	0.00747	0.01183	0.01681	0.02201	0.08190	0.56104	0.16230	0.02470	0.01043	0.00324	0.00467	0.02212	0.00778	0.00685
30	0.01159	0.00785	0.00921	0.00969	0.00982	0.00772	0.00571	0.01195	0.01305	0.01740	0.03113	0.21810	0.03645	0.53578	0.03428	0.00687	0.00724	0.01499	0.00571	0.00547
31	0.01010	0.00730	0.00957	0.01139	0.01200	0.00676	0.00763	0.01159	0.01608	0.02128	0.04797	0.66718	0.08898	0.02574	0.01056	0.00334	0.00478	0.02327	0.00771	0.00676
32	0.76672	0.01607	0.01221	0.01092	0.01607	0.01864	0.00900	0.02442	0.01414	0.03727	0.01157	0.01350	0.00900	0.00771	0.00514	0.00257	0.00643	0.00450	0.00514	0.00900
33	0.01909	0.01895	0.01800	0.01665	0.01918	0.18767	0.01297	0.07165	0.01814	0.02240	0.01865	0.02573	0.01675	0.03983	0.39001	0.00869	0.07457	0.00771	0.00466	0.00870
34	0.03569	0.01668	0.02085	0.01599	0.02248	0.01599	0.01321	0.20439	0.02804	0.49206	0.02920	0.02595	0.01877	0.01020	0.00834	0.00255	0.00765	0.00811	0.00973	0.01414
35	0.01033	0.00732	0.00958	0.01130	0.01174	0.00688	0.00743	0.01162	0.01550	0.02067	0.04373	0.63459	0.05235	0.09761	0.01393	0.00387	0.00516	0.02241	0.00743	0.00657
36	0.03152	0.02492	0.02479	0.01934	0.02575	0.09123	0.01582	0.56846	0.03749	0.04913	0.01923	0.01944	0.01378	0.00983	0.00823	0.00246	0.00973	0.00726	0.00790	0.01367
37	0.03103	0.03959	0.02354	0.02140	0.02568	0.67469	0.01605	0.03317	0.02354	0.02033	0.01284	0.01498	0.01070	0.00856	0.00749	0.00214	0.01498	0.00535	0.00428	0.00963
38	0.01034	0.00817	0.00932	0.00960	0.01169	0.00715	0.00698	0.01272	0.01932	0.02470	0.20803	0.21649	0.38360	0.02122	0.00999	0.00289	0.00428	0.01832	0.00805	0.00715
39	0.01198	0.00806	0.00933	0.00942	0.00953	0.00813	0.00546	0.01221	0.01233	0.01652	0.02685	0.08272	0.03079	0.64016	0.07686	0.00814	0.00871	0.01243	0.00512	0.00525
40	0.01957	0.17538	0.03037	0.29779	0.13186	0.08128	0.02020	0.02360	0.01715	0.02150	0.01352	0.01879	0.01124	0.00870	0.00992	0.00255	0.09612	0.00653	0.00377	0.01016
41	0.01695	0.01213	0.01427	0.01280	0.01490	0.01318	0.00925	0.16855	0.01925	0.02616	0.02350	0.03957	0.02349	0.35045	0.21136	0.00814	0.01231	0.01003	0.00570	0.00800
42	0.01350	0.00856	0.00976	0.01002	0.01107	0.00855	0.00666	0.04818	0.01622	0.02377	0.03207	0.24393	0.03441	0.26871	0.02068	0.00463	0.00598	0.01415	0.21233	0.00681
43	0.03106	0.03866	0.02362	0.02127	0.02569	0.63776	0.01604	0.06706	0.02443	0.02215	0.01325	0.01526	0.01090	0.00864	0.00754	0.00216	0.01465	0.00547	0.00451	0.00989
44	0.01195	0.00858	0.01175	0.01175	0.01267	0.00951	0.00838	0.01380	0.01288	0.01810	0.02372	0.04076	0.02430	0.30386	0.43840	0.01137	0.01694	0.01009	0.00467	0.00653
45	0.02644	0.05783	0.02753	0.02110	0.02660	0.17045	0.09000	0.24410	0.08879	0.03422	0.01779	0.01962	0.01372	0.00959	0.01006	0.00251	0.08169	0.00720	0.00606	0.04470
46	0.01132	0.00847	0.01050	0.00999	0.01214	0.00765	0.00749	0.01483	0.02248	0.03086	0.52355	0.06610	0.20821	0.01790	0.00980	0.00266	0.00398	0.01559	0.00882	0.00765
47	0.02186	0.02221	0.03245	0.04731	0.57786	0.10114	0.02432	0.02645	0.01949	0.02629	0.01528	0.01987	0.01285	0.00755	0.00813	0.00243	0.01050	0.00715	0.00413	0.01272
48	0.02545	0.02328	0.02008	0.01937	0.08048	0.22197	0.01374	0.19990	0.02571	0.03346	0.01951	0.02182	0.01516	0.00920	0.00728	0.00221	0.00942	0.00689	0.23437	0.01068
49	0.01569	0.01477	0.02492	0.68808	0.05722	0.01846	0.02307	0.02123	0.01661	0.02123	0.01477	0.02215	0.01107	0.00831	0.00831	0.00277	0.01107	0.00738	0.00369	0.00923
50	0.03137	0.02952	0.02440	0.01999	0.02573	0.27421	0.01589	0.40059	0.03312	0.04010	0.01723	0.01804	0.01282	0.00943	0.00800	0.00236	0.01138	0.00666	0.00677	0.01241
51	0.01818	0.01818	0.02545	0.02181	0.02181	0.02545	0.01818	0.01999	0.01272	0.01999	0.01091	0.01818	0.01091	0.01454	0.02726	0.00364	0.69284	0.00727	0.00364	0.00909
52	0.01012	0.00843	0.00883	0.00873	0.01140	0.00714	0.00655	0.01250	0.01964	0.02411	0.17118	0.07721	0.56479	0.02042	0.00982	0.00278	0.00416	0.01715	0.00793	0.00714
53	0.76672	0.01607	0.01221	0.01092	0.01607	0.01864	0.00900	0.02442	0.01414	0.03727	0.01157	0.01350	0.00900	0.00771	0.00514	0.00257	0.00643	0.00450	0.00514	0.00900
54	0.02512	0.49072	0.03693	0.01659	0.02276	0.24475	0.01482	0.02761	0.01908	0.01980	0.01198	0.01387	0.01067	0.00759	0.00604	0.00190	0.01090	0.00474	0.00379	0.01032
55	0.01443	0.00722	0.01082	0.01082	0.01082	0.00722	0.00722	0.01082	0.01082	0.01443	0.01443	0.02525	0.01443	0.02886	0.03247	0.75830	0.00722	0.00722	0.00361	0.00361
56	0.03103	0.03959	0.02354	0.02140	0.02568	0.67469	0.01605	0.03317	0.02354	0.02033	0.01284	0.01498	0.01070	0.00856	0.00749	0.00214	0.01498	0.00535	0.00428	0.00963
57	0.01693	0.01052	0.01388	0.01416	0.01671	0.01031	0.01151	0.04704	0.04632	0.11529	0.09887	0.21334	0.04610	0.02026	0.01042	0.00333	0.00660	0.28131	0.00823	0.00888
58	0.03103	0.03959	0.02354	0.02140	0.02568	0.67469	0.01605	0.03317	0.02354	0.02033	0.01284	0.01498	0.01070	0.00856	0.00749	0.00214	0.01498	0.00535	0.00428	0.00963
59	0.01054	0.00830	0.00962	0.01036	0.01240	0.00738	0.00781	0.01284	0.01846	0.02310	0.10003	0.23707	0.37981	0.02235	0.01026	0.00309	0.00486	0.10684	0.00778	0.00709
60	0.07574	0.01424	0.01891	0.01458	0.02094	0.01255	0.01204	0.03964	0.02327	0.62903	0.03166	0.02750	0.01995	0.01015	0.00818	0.00257	0.00704	0.00815	0.01001	0.01387
61	0.01132	0.00846	0.01076	0.01206	0.01375	0.00791	0.00944	0.01393	0.01823	0.02342	0.08196	0.28389	0.21236	0.02317	0.01068	0.00336	0.00566	0.23469	0.00775	0.00720
62	0.01137	0.00848	0.01057	0.01005	0.01217	0.00767	0.00753	0.01493	0.02260	0.03114	0.53854	0.06563	0.19304	0.01779	0.00980	0.00265	0.00398	0.01552	0.00886	0.00767
63	0.00989	0.00812	0.00872	0.00921	0.01143	0.00695	0.00667	0.01183	0.01817	0.02213	0.07447	0.23722	0.50184	0.02230	0.01002	0.00295	0.00436	0.01907	0.00771	0.00695
64	0.02315	0.01868	0.01975	0.01698	0.02202	0.02127	0.01343	0.19044	0.45623	0.03900	0.02996	0.02820	0.02231	0.01086	0.00828	0.00269	0.00708	0.00882	0.04774	0.01311
65	0.01208	0.00805	0.00906	0.00906	0.00906	0.00805	0.00503	0.01208	0.01208	0.01611	0.02618	0.05436	0.03020	0.70804	0.04228	0.00805	0.00805	0.01208	0.00503	0.00503
66	0.01086	0.00804	0.00998	0.01059	0.01175	0.00780	0.00731	0.01254	0.01567	0.02062	0.07451	0.27197	0.17970	0.17666	0.13756	0.00602	0.00849	0.01671	0.00662	0.00661
67	0.01019	0.00843	0.00894	0.00881	0.01145	0.00717	0.00661	0.01265	0.01982	0.02455	0.19438	0.07648	0.54131	0.02025	0.00981	0.00277	0.00415	0.01705	0.00799	0.00717
68	0.01152	0.00834	0.01046	0.01162	0.01283	0.00795	0.00862	0.01348	0.01655	0.02140	0.04736	0.26290	0.14907	0.17780	0.01787	0.00447	0.00632	0.19768	0.00709	0.00668
69	0.01188	0.00797	0.00912	0.00932	0.00937	0.00792	0.00531	0.01203	0.01248	0.01664	0.02823	0.12240	0.03280	0.63646	0.03896	0.00756	0.00771	0.01329	0.00531	0.00521
70	0.02035	0.01592	0.01836	0.01510	0.01994	0.01604	0.01190	0.22196	0.04977	0.03379	0.02444	0.17381	0.02339	0.01516	0.04052	0.00289	0.04022	0.01047	0.00674	0.23923
71	0.02647	0.12274	0.02689	0.05038	0.02613	0.29411	0.04065	0.16302	0.02423	0.02762	0.01526	0.01822	0.01247	0.01365	0.06770	0.00329	0.04513	0.00639	0.00504	0.01061
72	0.01693	0.06758	0.35602	0.01932	0.02714	0.07990	0.02162	0.02297	0.01788	0.02385	0.02977	0.03125	0.15575	0.01158	0.01019	0.00268	0.08196	0.00867	0.00455	0.01042
73	0.01802	0.02004	0.05353	0.04691	0.02214	0.16294	0.04593	0.02158	0.01987	0.02518	0.21337	0.03852	0.06411	0.01628	0.04914	0.00336	0.12631	0.03801	0.00592	0.00885
74	0.04736	0.04482	0.01507	0.01459	0.04860	0.10823	0.01059	0.01839	0.01871	0.02409	0.12007	0.08006	0.16122	0.01763	0.01191	0.09829	0.00724	0.09651	0.04888	0.00776
75	0.10196	0.02098	0.01875	0.01838	0.07651	0.16964	0.01300	0.17678	0.02396	0.03329	0.02108	0.08525	0.01818	0.01063	0.00743	0.00237	0.00869	0.00825	0.17455	0.01032
76	0.07634	0.08716	0.02566	0.08292	0.16794	0.16636	0.04858	0.05268	0.01972	0.02605	0.01750	0.02433	0.01513	0.03959	0.00905	0.00263	0.01015	0.03470	0.08326	0.01024
77	0.17636	0.05202	0.17372	0.02135	0.10179	0.08568	0.04397	0.02297	0.01709	0.02636	0.02004	0.15107	0.01949	0.01220	0.00883	0.03362	0.00930	0.00942	0.00487	0.00987
78	0.01827	0.05305	0.10110	0.02496	0.18821	0.05261	0.04137	0.07288	0.01899	0.02572	0.02419	0.10051	0.04760	0.14234	0.01469	0.00359	0.00911	0.01012	0.04069	0.01002

[dist]
# distance from previous block
# <min> <max>
25	123

[block]
# block no. 5 follows, 22 sequences, length 23
# corresponding to MSA columns:
# 546-568
name=unknown_F
#
# <colnr> <probs for GDERKNQSTAVLIFYWHMCP>
#	G	D	E	R	K	N	Q	S	T	A	V	L	I	F	Y	W	H	M	C	P
0	0.01895	0.06579	0.11498	0.02148	0.12233	0.09778	0.01623	0.04318	0.09806	0.04465	0.09000	0.09954	0.10725	0.01276	0.00853	0.00260	0.00848	0.01069	0.00615	0.01055
1	0.01678	0.02708	0.29298	0.03068	0.25720	0.01693	0.02387	0.02316	0.01835	0.02589	0.02817	0.03281	0.12066	0.01065	0.00851	0.00266	0.00982	0.03766	0.00463	0.01149
2	0.02291	0.07250	0.13674	0.03108	0.15968	0.16209	0.20589	0.02839	0.02004	0.05885	0.01593	0.01939	0.01228	0.00774	0.00832	0.00249	0.01241	0.00735	0.00437	0.01155
3	0.02285	0.02059	0.02131	0.09340	0.07442	0.11864	0.01531	0.21114	0.08160	0.03309	0.02971	0.03368	0.10824	0.01171	0.00849	0.00256	0.00911	0.04646	0.00657	0.05114
4	0.01982	0.02998	0.28006	0.02865	0.06555	0.02076	0.26979	0.08960	0.05889	0.02967	0.01739	0.02073	0.01277	0.00793	0.00876	0.00269	0.01220	0.00802	0.00462	0.01213
5	0.02714	0.02963	0.02245	0.02237	0.08819	0.39900	0.01577	0.06263	0.07089	0.06357	0.02272	0.02689	0.05482	0.01052	0.00813	0.00242	0.01189	0.04489	0.00559	0.01049
6	0.01573	0.10490	0.13741	0.01591	0.02075	0.01524	0.04617	0.05759	0.01824	0.02499	0.07856	0.15335	0.03006	0.09122	0.08088	0.00434	0.00974	0.04734	0.00566	0.04193
7	0.07235	0.13816	0.04627	0.06106	0.02181	0.01614	0.08286	0.01870	0.01702	0.02402	0.09927	0.23569	0.03359	0.05773	0.01138	0.00310	0.03339	0.01305	0.00579	0.00862
8	0.01432	0.12769	0.12007	0.01278	0.01738	0.01394	0.01182	0.01738	0.01613	0.02135	0.03519	0.08424	0.16582	0.17884	0.04873	0.00424	0.00827	0.01100	0.00530	0.08551
9	0.01230	0.01731	0.17937	0.01329	0.01810	0.01047	0.01325	0.01697	0.02003	0.02726	0.26691	0.09556	0.24453	0.01649	0.00936	0.00273	0.00623	0.01406	0.00714	0.00865
10	0.01911	0.10023	0.27679	0.02872	0.15830	0.02126	0.11075	0.02902	0.12228	0.02723	0.01814	0.02066	0.01385	0.00815	0.00806	0.00257	0.01074	0.00729	0.00456	0.01228
11	0.01726	0.01989	0.09254	0.04502	0.10423	0.05866	0.14869	0.02134	0.01753	0.02338	0.02645	0.08809	0.08377	0.01389	0.01331	0.04925	0.10841	0.05381	0.00489	0.00957
12	0.01230	0.00852	0.01254	0.01265	0.01388	0.00962	0.00958	0.01428	0.01330	0.01920	0.02260	0.06734	0.02171	0.05324	0.51771	0.11960	0.01835	0.00939	0.03733	0.00685
13	0.01104	0.00844	0.01096	0.04959	0.01537	0.00805	0.00930	0.01344	0.01763	0.02272	0.07923	0.36725	0.20125	0.02282	0.01041	0.00325	0.00551	0.12903	0.00754	0.00717
14	0.07832	0.11182	0.13607	0.07150	0.15970	0.14661	0.02056	0.02574	0.01777	0.02397	0.01333	0.01728	0.01111	0.00893	0.01057	0.00257	0.12324	0.00619	0.00394	0.01078
15	0.01120	0.00850	0.01052	0.01144	0.01334	0.00782	0.00893	0.01391	0.01892	0.02433	0.13911	0.22156	0.26273	0.02219	0.01048	0.00321	0.00533	0.19135	0.00788	0.00725
16	0.01062	0.00934	0.04671	0.01217	0.01343	0.00754	0.00902	0.01271	0.01658	0.02242	0.09030	0.61510	0.05423	0.02431	0.01039	0.00327	0.00517	0.02198	0.00758	0.00714
17	0.03120	0.03461	0.02397	0.02070	0.02571	0.47642	0.01597	0.21507	0.02828	0.03012	0.01501	0.01650	0.01175	0.00899	0.00774	0.00225	0.01320	0.00600	0.00551	0.01100
18	0.02839	0.13121	0.02737	0.02259	0.08410	0.39097	0.01650	0.12326	0.05291	0.02644	0.01497	0.01677	0.01213	0.00858	0.00742	0.00220	0.01234	0.00593	0.00497	0.01096
19	0.01228	0.00953	0.01096	0.01141	0.01342	0.00919	0.00820	0.05594	0.06623	0.02477	0.05622	0.39262	0.25399	0.02211	0.01002	0.00308	0.00504	0.01936	0.00781	0.00783
20	0.02240	0.02497	0.05075	0.16402	0.27314	0.20296	0.02129	0.02876	0.08388	0.02482	0.01653	0.02028	0.01322	0.00832	0.00805	0.00248	0.01129	0.00698	0.00450	0.01136
21	0.01669	0.03697	0.52012	0.02325	0.03330	0.01937	0.05915	0.02496	0.01747	0.02604	0.05383	0.02061	0.01486	0.00916	0.01030	0.00275	0.08869	0.00701	0.00391	0.01159
22	0.01884	0.09961	0.37566	0.02528	0.03483	0.05939	0.17237	0.02622	0.01800	0.02497	0.01466	0.01822	0.01108	0.00809	0.00940	0.00263	0.05861	0.00690	0.00373	0.01149

[dist]
# distance from previous block
# <min> <max>
0	1

[block]
# block no. 6 follows, 22 sequences, length 70
# corresponding to MSA columns:
# 570-639
name=unknown_G
#
# <colnr> <probs for GDERKNQSTAVLIFYWHMCP>
#	G	D	E	R	K	N	Q	S	T	A	V	L	I	F	Y	W	H	M	C	P
