[name]
unknown

[dist]
# distance from previous block
# <min> <max>
0	0

[block]
# block no. 0 follows, 20 sequences, length 33
# corresponding to MSA columns:
# 0-32
name=unknown_A
#
# <colnr> <probs for GDERKNQSTAVLIFYWHMCP>
#	G	D	E	R	K	N	Q	S	T	A	V	L	I	F	Y	W	H	M	C	P
0	0.01406	0.01004	0.01406	0.01606	0.01807	0.01004	0.01406	0.01807	0.02008	0.02610	0.04618	0.09839	0.05020	0.02410	0.01205	0.00402	0.00803	0.58032	0.00803	0.00803
1	0.01268	0.00846	0.00951	0.00951	0.00951	0.00846	0.00529	0.01268	0.01268	0.01691	0.02748	0.05708	0.03171	0.69345	0.04440	0.00846	0.00846	0.01268	0.00529	0.00529
2	0.01823	0.01729	0.02933	0.46043	0.25843	0.01984	0.02510	0.02382	0.01827	0.02441	0.01581	0.02268	0.01238	0.00840	0.00869	0.00280	0.01119	0.00776	0.00403	0.01110
3	0.03316	0.02443	0.02618	0.02007	0.02705	0.02705	0.01658	0.60995	0.04101	0.05497	0.02094	0.02094	0.01483	0.01047	0.00873	0.00262	0.00960	0.00785	0.00873	0.01483
4	0.01031	0.00884	0.00884	0.00884	0.01178	0.00736	0.00663	0.01252	0.01988	0.02356	0.08837	0.08395	0.63549	0.02209	0.01031	0.00295	0.00442	0.01841	0.00810	0.00736
5	0.01173	0.00889	0.01080	0.01033	0.01265	0.00797	0.00774	0.01527	0.02323	0.03152	0.46900	0.07085	0.24989	0.01912	0.01029	0.00280	0.00421	0.01657	0.00915	0.00797
6	0.01809	0.01550	0.01809	0.01292	0.02067	0.01163	0.01034	0.02196	0.01809	0.02842	0.01550	0.01809	0.01292	0.00646	0.00646	0.00129	0.00646	0.00517	0.00517	0.74677
7	0.02450	0.01872	0.02026	0.01767	0.02296	0.02109	0.01390	0.08730	0.51323	0.10629	0.03431	0.03137	0.02520	0.01162	0.00885	0.00290	0.00716	0.00959	0.00908	0.01400
8	0.02170	0.01874	0.01972	0.01775	0.02268	0.02170	0.01381	0.04635	0.62327	0.03649	0.03550	0.03254	0.02663	0.01183	0.00888	0.00296	0.00690	0.00986	0.00888	0.01381
9	0.01371	0.00924	0.01194	0.01107	0.01346	0.00843	0.00837	0.01764	0.02435	0.06853	0.56051	0.06454	0.11950	0.01775	0.01020	0.00276	0.00432	0.01557	0.00956	0.00854
10	0.75506	0.01687	0.01282	0.01147	0.01687	0.01957	0.00945	0.02564	0.01484	0.03914	0.01215	0.01417	0.00945	0.00810	0.00540	0.00270	0.00675	0.00472	0.00540	0.00945
11	0.01063	0.00759	0.01012	0.01215	0.01265	0.00709	0.00810	0.01215	0.01670	0.02227	0.04808	0.68775	0.05769	0.02733	0.01113	0.00354	0.00506	0.02480	0.00810	0.00709
12	0.03258	0.04157	0.02472	0.02247	0.02697	0.65843	0.01685	0.03483	0.02472	0.02135	0.01348	0.01573	0.01124	0.00899	0.00787	0.00225	0.01573	0.00562	0.00449	0.01011
13	0.03258	0.04157	0.02472	0.02247	0.02697	0.65843	0.01685	0.03483	0.02472	0.02135	0.01348	0.01573	0.01124	0.00899	0.00787	0.00225	0.01573	0.00562	0.00449	0.01011
14	0.02921	0.02062	0.02196	0.01728	0.02310	0.02262	0.01413	0.47201	0.03570	0.04972	0.02270	0.02365	0.01659	0.01040	0.00811	0.00248	0.00830	0.00792	0.18024	0.01327
15	0.02413	0.02540	0.03196	0.04415	0.45959	0.16755	0.02368	0.02985	0.05875	0.02735	0.01693	0.02093	0.01402	0.00831	0.00847	0.00253	0.01138	0.00741	0.00464	0.01296
16	0.01246	0.00935	0.01402	0.01402	0.01558	0.01090	0.01090	0.01558	0.01402	0.02025	0.02336	0.03427	0.02181	0.06542	0.65888	0.01402	0.02336	0.00935	0.00467	0.00779
17	0.01235	0.00892	0.01166	0.01097	0.01303	0.00823	0.00823	0.01646	0.02469	0.03498	0.63443	0.06516	0.08230	0.01783	0.01029	0.00274	0.00412	0.01578	0.00960	0.00823
18	0.01908	0.01908	0.02672	0.02290	0.02290	0.02672	0.01908	0.02099	0.01336	0.02099	0.01145	0.01908	0.01145	0.01527	0.02863	0.00382	0.67748	0.00763	0.00382	0.00954
19	0.03287	0.01346	0.01824	0.01446	0.02011	0.01175	0.01175	0.03642	0.02490	0.50235	0.17478	0.03799	0.03580	0.01244	0.00913	0.00271	0.00665	0.01041	0.01052	0.01330
20	0.03258	0.04157	0.02472	0.02247	0.02697	0.65843	0.01685	0.03483	0.02472	0.02135	0.01348	0.01573	0.01124	0.00899	0.00787	0.00225	0.01573	0.00562	0.00449	0.01011
21	0.01044	0.00884	0.00901	0.00897	0.01186	0.00742	0.00673	0.01276	0.02018	0.02427	0.12227	0.08278	0.60115	0.02183	0.01031	0.00293	0.00440	0.01825	0.00819	0.00742
22	0.02332	0.69869	0.04571	0.01493	0.02239	0.03451	0.01493	0.02612	0.01772	0.02052	0.01213	0.01399	0.01119	0.00746	0.00560	0.00187	0.00933	0.00466	0.00373	0.01119
23	0.01750	0.04512	0.64825	0.02486	0.03775	0.02026	0.03223	0.02762	0.01842	0.02762	0.01565	0.01842	0.01105	0.00829	0.00829	0.00276	0.01289	0.00645	0.00368	0.01289
24	0.10579	0.12660	0.49463	0.02198	0.03328	0.02203	0.02728	0.02719	0.01790	0.02807	0.01478	0.01734	0.01088	0.00816	0.00760	0.00264	0.01170	0.00601	0.00389	0.01226
25	0.01231	0.00876	0.01169	0.01195	0.01275	0.00941	0.00827	0.01396	0.01383	0.01917	0.02828	0.12944	0.03052	0.31378	0.32576	0.01040	0.01494	0.01273	0.00537	0.00669
26	0.02443	0.30989	0.03044	0.01669	0.02213	0.27242	0.01408	0.02690	0.02087	0.02143	0.02732	0.02813	0.13133	0.01087	0.00739	0.00222	0.01088	0.00768	0.00487	0.01004
27	0.01370	0.01024	0.01292	0.01290	0.01433	0.01027	0.00944	0.01550	0.01581	0.02164	0.03312	0.17560	0.03722	0.28725	0.02529	0.00537	0.05664	0.14649	0.00632	0.08996
28	0.01503	0.00993	0.01253	0.01215	0.01387	0.01103	0.00923	0.04517	0.01678	0.02605	0.02602	0.06523	0.02377	0.09535	0.28252	0.00778	0.04451	0.00979	0.26520	0.00807
29	0.23080	0.03384	0.02154	0.01932	0.02420	0.44777	0.01481	0.06456	0.02292	0.02811	0.01353	0.01559	0.01095	0.00883	0.00724	0.00239	0.01292	0.00550	0.00498	0.01019
30	0.02146	0.01946	0.01664	0.01491	0.01886	0.16115	0.01142	0.12948	0.02509	0.06544	0.08084	0.11871	0.24852	0.01662	0.00946	0.00276	0.00820	0.01352	0.00762	0.00982
31	0.16277	0.07355	0.02480	0.02184	0.06237	0.36205	0.01622	0.05707	0.02164	0.02652	0.01345	0.01632	0.01125	0.00943	0.00969	0.00252	0.08748	0.00586	0.00472	0.01044
32	0.02447	0.15544	0.13196	0.03278	0.25079	0.20954	0.02256	0.02914	0.02066	0.02480	0.01465	0.01797	0.01214	0.00815	0.00780	0.00238	0.01214	0.00636	0.00416	0.01210

[dist]
# distance from previous block
# <min> <max>
7	17

[block]
# block no. 1 follows, 20 sequences, length 61
# corresponding to MSA columns:
# 50-110
name=unknown_B
#
# <colnr> <probs for GDERKNQSTAVLIFYWHMCP>
#	G	D	E	R	K	N	Q	S	T	A	V	L	I	F	Y	W	H	M	C	P
0	0.15306	0.22269	0.09908	0.01677	0.02355	0.15041	0.01558	0.03001	0.02004	0.13005	0.02051	0.02115	0.04497	0.00929	0.00711	0.00239	0.01000	0.00647	0.00558	0.01129
1	0.11663	0.12682	0.06492	0.02028	0.02622	0.15773	0.13940	0.02598	0.02091	0.02793	0.13309	0.02948	0.05407	0.01052	0.00831	0.00255	0.01052	0.00889	0.00555	0.01022
2	0.02189	0.02854	0.25213	0.02137	0.06283	0.02002	0.02082	0.23561	0.02701	0.03674	0.03301	0.03339	0.14476	0.01197	0.00889	0.00274	0.00976	0.00956	0.00648	0.01248
3	0.15512	0.02026	0.01917	0.01638	0.02116	0.13539	0.01295	0.09138	0.02322	0.22393	0.05662	0.10060	0.02359	0.01248	0.00950	0.00277	0.04674	0.00954	0.00771	0.01149
4	0.01692	0.01482	0.01372	0.01289	0.01641	0.08559	0.00977	0.02368	0.13918	0.06213	0.09978	0.10006	0.33564	0.01797	0.00971	0.00288	0.00640	0.01494	0.00809	0.00941
5	0.02799	0.08563	0.10601	0.01994	0.02680	0.17188	0.01765	0.28320	0.02961	0.03729	0.01910	0.05839	0.01565	0.01037	0.00822	0.00247	0.01098	0.00774	0.00643	0.05466
6	0.02123	0.01585	0.01868	0.01581	0.01879	0.01835	0.01268	0.17756	0.02270	0.03401	0.02194	0.05460	0.01885	0.04436	0.01490	0.00299	0.18678	0.00869	0.23840	0.05285
7	0.01903	0.03559	0.40269	0.03451	0.21208	0.02060	0.09696	0.02741	0.01908	0.02791	0.01610	0.01992	0.01210	0.00803	0.00862	0.00273	0.01237	0.00727	0.00395	0.01303
8	0.05904	0.02434	0.03228	0.05926	0.03187	0.12622	0.17641	0.10752	0.02127	0.02860	0.01501	0.01998	0.01228	0.01078	0.01543	0.00306	0.23289	0.00792	0.00485	0.01097
9	0.01214	0.00920	0.00968	0.00936	0.01248	0.00774	0.00709	0.01453	0.02046	0.06125	0.11674	0.07963	0.56692	0.02117	0.01022	0.00292	0.00458	0.01768	0.00835	0.00786
10	0.01285	0.01048	0.01220	0.04313	0.01644	0.01048	0.00939	0.01912	0.13066	0.02538	0.05869	0.31743	0.25756	0.02169	0.01030	0.00319	0.00548	0.01892	0.00804	0.00856
11	0.02747	0.02934	0.02568	0.10635	0.03033	0.29549	0.01827	0.15098	0.02456	0.02846	0.01484	0.01858	0.01209	0.01073	0.01300	0.00278	0.16815	0.00683	0.00515	0.01092
12	0.02127	0.01087	0.01437	0.01247	0.01609	0.00970	0.00971	0.02493	0.02420	0.24109	0.37858	0.08212	0.08648	0.01607	0.00981	0.00277	0.00530	0.01393	0.00987	0.01038
13	0.20211	0.02156	0.02238	0.01754	0.02413	0.02367	0.01448	0.40834	0.03306	0.11931	0.02045	0.02037	0.01436	0.00996	0.00796	0.00265	0.00868	0.00723	0.00819	0.01358
14	0.03021	0.03776	0.10560	0.02211	0.02817	0.42826	0.01865	0.14071	0.05583	0.02911	0.01621	0.01785	0.01262	0.00931	0.00813	0.00242	0.01380	0.00634	0.00538	0.01152
15	0.02548	0.01823	0.01991	0.01601	0.02140	0.01920	0.01296	0.36092	0.03304	0.07920	0.11699	0.04187	0.16864	0.01415	0.00930	0.00272	0.00755	0.01139	0.00881	0.01224
16	0.01246	0.00935	0.01402	0.01402	0.01558	0.01090	0.01090	0.01558	0.01402	0.02025	0.02336	0.03427	0.02181	0.06542	0.65888	0.01402	0.02336	0.00935	0.00467	0.00779
17	0.03159	0.03969	0.02568	0.02527	0.08213	0.60096	0.01775	0.03410	0.02428	0.02199	0.01375	0.01626	0.01147	0.00888	0.00793	0.00228	0.01525	0.00581	0.00448	0.01045
18	0.01031	0.00884	0.00884	0.00884	0.01178	0.00736	0.00663	0.01252	0.01988	0.02356	0.08837	0.08395	0.63549	0.02209	0.01031	0.00295	0.00442	0.01841	0.00810	0.00736
19	0.02729	0.03229	0.02809	0.02870	0.14304	0.38520	0.04932	0.03039	0.02168	0.02334	0.01407	0.01783	0.01194	0.00943	0.01097	0.00252	0.10658	0.00653	0.00439	0.04641
20	0.01110	0.00881	0.00942	0.00927	0.01196	0.00760	0.00695	0.01383	0.02085	0.02659	0.20495	0.07687	0.47877	0.02047	0.01006	0.00285	0.00433	0.01724	0.05048	0.00760
21	0.07031	0.22654	0.30961	0.02231	0.06490	0.07987	0.02325	0.06133	0.01992	0.02745	0.01458	0.01697	0.01138	0.00820	0.00734	0.00244	0.01138	0.00591	0.00421	0.01211
22	0.02771	0.02962	0.02477	0.02149	0.02534	0.29714	0.01694	0.13352	0.11006	0.02930	0.01741	0.01989	0.01411	0.01124	0.01342	0.00281	0.18110	0.00712	0.00569	0.01132
23	0.01063	0.00759	0.01012	0.01215	0.01265	0.00709	0.00810	0.01215	0.01670	0.02227	0.04808	0.68775	0.05769	0.02733	0.01113	0.00354	0.00506	0.02480	0.00810	0.00709
24	0.01692	0.07277	0.45218	0.02267	0.05889	0.01853	0.02594	0.02514	0.01977	0.02883	0.14647	0.02821	0.02627	0.01024	0.00858	0.00270	0.01072	0.00838	0.00497	0.01185
25	0.02564	0.03064	0.06544	0.07188	0.28610	0.29192	0.02241	0.02975	0.02144	0.02475	0.01486	0.01890	0.01234	0.00869	0.00913	0.00252	0.04074	0.00677	0.00431	0.01178
26	0.02110	0.00955	0.01069	0.00969	0.01272	0.00912	0.00752	0.02502	0.01971	0.16219	0.02972	0.03192	0.02220	0.01030	0.00666	0.00217	0.00478	0.00827	0.58712	0.00955
27	0.02093	0.01993	0.03331	0.13175	0.52864	0.02061	0.02570	0.02731	0.05413	0.02815	0.01738	0.02243	0.01427	0.00813	0.00866	0.00265	0.01033	0.00789	0.00452	0.01328
28	0.02437	0.02007	0.02123	0.01829	0.02370	0.02294	0.01445	0.17771	0.48756	0.04080	0.03211	0.02984	0.02388	0.01152	0.00884	0.00288	0.00753	0.00939	0.00884	0.01405
29	0.01899	0.01604	0.01857	0.01335	0.02105	0.01255	0.01071	0.05699	0.01945	0.03001	0.01583	0.01826	0.01303	0.00670	0.00659	0.00137	0.00665	0.00533	0.00538	0.70317
30	0.01750	0.04512	0.64825	0.02486	0.03775	0.02026	0.03223	0.02762	0.01842	0.02762	0.01565	0.01842	0.01105	0.00829	0.00829	0.00276	0.01289	0.00645	0.00368	0.01289
31	0.01750	0.04512	0.64825	0.02486	0.03775	0.02026	0.03223	0.02762	0.01842	0.02762	0.01565	0.01842	0.01105	0.00829	0.00829	0.00276	0.01289	0.00645	0.00368	0.01289
32	0.01062	0.00867	0.00939	0.00959	0.01207	0.00744	0.00705	0.01298	0.02005	0.02486	0.15336	0.16865	0.48038	0.02229	0.01043	0.00301	0.00447	0.01899	0.00829	0.00744
33	0.03914	0.01484	0.02024	0.01552	0.02227	0.01282	0.01282	0.04251	0.02497	0.64507	0.03441	0.02969	0.02159	0.01080	0.00877	0.00270	0.00742	0.00877	0.01080	0.01484
34	0.01050	0.00810	0.00960	0.01080	0.01230	0.00720	0.00750	0.01230	0.01799	0.02279	0.06440	0.44307	0.29184	0.02521	0.01080	0.00330	0.00480	0.02221	0.00810	0.00720
35	0.02051	0.01962	0.03345	0.18456	0.51648	0.02044	0.02623	0.02582	0.01935	0.02718	0.01622	0.02194	0.01335	0.00797	0.00865	0.00266	0.01063	0.00777	0.00422	0.01294
36	0.01031	0.00884	0.00884	0.00884	0.01178	0.00736	0.00663	0.01252	0.01988	0.02356	0.08837	0.08395	0.63549	0.02209	0.01031	0.00295	0.00442	0.01841	0.00810	0.00736
37	0.01063	0.00759	0.01012	0.01215	0.01265	0.00709	0.00810	0.01215	0.01670	0.02227	0.04808	0.68775	0.05769	0.02733	0.01113	0.00354	0.00506	0.02480	0.00810	0.00709
38	0.02159	0.02073	0.03541	0.05354	0.63903	0.02073	0.02677	0.02677	0.01986	0.02850	0.01641	0.02159	0.01382	0.00777	0.00864	0.00259	0.01036	0.00777	0.00432	0.01382
39	0.03251	0.02411	0.02581	0.01994	0.02680	0.02675	0.01642	0.57790	0.07413	0.05392	0.02177	0.02160	0.01550	0.01055	0.00873	0.00264	0.00945	0.00797	0.00873	0.01478
40	0.02039	0.02295	0.04826	0.03497	0.04265	0.02266	0.53107	0.02704	0.01965	0.02704	0.01684	0.02295	0.01300	0.00838	0.01267	0.00305	0.10065	0.00995	0.00433	0.01148
41	0.08034	0.03885	0.02403	0.02159	0.02630	0.57606	0.01635	0.07081	0.02510	0.02466	0.01387	0.01596	0.01135	0.00902	0.00776	0.00230	0.01475	0.00570	0.00482	0.01037
42	0.01214	0.00807	0.00998	0.01060	0.01137	0.00761	0.00695	0.01218	0.01511	0.01953	0.04371	0.24600	0.16350	0.19572	0.02474	0.17776	0.00637	0.01636	0.00638	0.00592
43	0.06141	0.03031	0.25509	0.03335	0.11818	0.02112	0.29771	0.02755	0.01941	0.02854	0.01648	0.02096	0.01233	0.00778	0.00910	0.00282	0.01306	0.00831	0.00420	0.01229
44	0.03258	0.04157	0.02472	0.02247	0.02697	0.65843	0.01685	0.03483	0.02472	0.02135	0.01348	0.01573	0.01124	0.00899	0.00787	0.00225	0.01573	0.00562	0.00449	0.01011
45	0.02159	0.02073	0.03541	0.05354	0.63903	0.02073	0.02677	0.02677	0.01986	0.02850	0.01641	0.02159	0.01382	0.00777	0.00864	0.00259	0.01036	0.00777	0.00432	0.01382
46	0.01647	0.01550	0.02616	0.67248	0.06008	0.01938	0.02422	0.02229	0.01744	0.02229	0.01550	0.02326	0.01163	0.00872	0.00872	0.00291	0.01163	0.00775	0.00388	0.00969
47	0.02159	0.02073	0.03541	0.05354	0.63903	0.02073	0.02677	0.02677	0.01986	0.02850	0.01641	0.02159	0.01382	0.00777	0.00864	0.00259	0.01036	0.00777	0.00432	0.01382
48	0.01246	0.00935	0.01402	0.01402	0.01558	0.01090	0.01090	0.01558	0.01402	0.02025	0.02336	0.03427	0.02181	0.06542	0.65888	0.01402	0.02336	0.00935	0.00467	0.00779
49	0.02170	0.01874	0.01972	0.01775	0.02268	0.02170	0.01381	0.04635	0.62327	0.03649	0.03550	0.03254	0.02663	0.01183	0.00888	0.00296	0.00690	0.00986	0.00888	0.01381
50	0.02661	0.37677	0.03537	0.01840	0.02420	0.27529	0.01584	0.03018	0.04877	0.02162	0.01372	0.01580	0.01195	0.00866	0.00782	0.00217	0.04630	0.00543	0.00427	0.01081
51	0.02479	0.32384	0.19172	0.01985	0.02774	0.22955	0.01992	0.02927	0.02013	0.02259	0.01345	0.01567	0.01117	0.00816	0.00700	0.00221	0.01227	0.00542	0.00396	0.01128
52	0.03050	0.19251	0.02980	0.02040	0.02591	0.43114	0.01637	0.10737	0.02520	0.02552	0.01413	0.01600	0.01169	0.00883	0.00745	0.00221	0.01344	0.00569	0.00487	0.01098
53	0.02102	0.11968	0.24462	0.02190	0.02824	0.13228	0.02223	0.02597	0.01789	0.02341	0.01653	0.02030	0.03704	0.01104	0.01426	0.00289	0.21878	0.00694	0.00405	0.01093
54	0.01877	0.01138	0.01604	0.08960	0.02189	0.01138	0.01242	0.02241	0.01981	0.15641	0.12576	0.08499	0.07009	0.02750	0.16107	0.00554	0.01085	0.08529	0.00748	0.04133
55	0.01649	0.01556	0.01451	0.01455	0.01633	0.14660	0.01061	0.01875	0.01707	0.02134	0.02824	0.19818	0.02971	0.10490	0.25778	0.00764	0.01451	0.01275	0.04664	0.00787
56	0.01299	0.00918	0.01320	0.01320	0.01483	0.01052	0.01024	0.01623	0.01461	0.02195	0.02407	0.03403	0.02188	0.05778	0.56862	0.01236	0.02070	0.00918	0.10660	0.00784
57	0.01890	0.03547	0.40129	0.03282	0.17798	0.02094	0.09719	0.02709	0.01872	0.02750	0.01583	0.01979	0.01197	0.00845	0.00974	0.00280	0.04954	0.00727	0.00392	0.01279
58	0.01920	0.01821	0.02978	0.04408	0.50626	0.01790	0.02251	0.02375	0.01987	0.02745	0.03164	0.03479	0.14541	0.01080	0.00899	0.00267	0.00910	0.01002	0.00512	0.01245
59	0.02618	0.02721	0.03105	0.04122	0.40383	0.22878	0.02273	0.03030	0.02174	0.06122	0.01648	0.02013	0.01342	0.00834	0.00839	0.00248	0.01195	0.00712	0.00474	0.01266
60	0.02159	0.02073	0.03541	0.05354	0.63903	0.02073	0.02677	0.02677	0.01986	0.02850	0.01641	0.02159	0.01382	0.00777	0.00864	0.00259	0.01036	0.00777	0.00432	0.01382

[dist]
# distance from previous block
# <min> <max>
24	32

[block]
# block no. 2 follows, 20 sequences, length 9
# corresponding to MSA columns:
# 146-154
name=unknown_C
#
# <colnr> <probs for GDERKNQSTAVLIFYWHMCP>
#	G	D	E	R	K	N	Q	S	T	A	V	L	I	F	Y	W	H	M	C	P
0	0.02514	0.14770	0.03394	0.12608	0.13325	0.26364	0.09780	0.02918	0.02105	0.02338	0.01458	0.01855	0.01197	0.00826	0.00804	0.00243	0.01297	0.00674	0.00423	0.01106
1	0.01469	0.01214	0.01587	0.01517	0.01823	0.01270	0.04317	0.02278	0.15530	0.02643	0.04718	0.10130	0.17335	0.02919	0.15213	0.00562	0.01045	0.12769	0.00731	0.00927
2	0.02159	0.01955	0.01880	0.01723	0.02109	0.12502	0.01359	0.13030	0.15992	0.03121	0.03157	0.06698	0.05988	0.02494	0.14364	0.00522	0.01219	0.07946	0.00706	0.01076
3	0.02247	0.17325	0.16478	0.02745	0.06698	0.02424	0.22800	0.06049	0.02054	0.06854	0.01695	0.02036	0.01293	0.00841	0.00957	0.00267	0.04762	0.00778	0.00475	0.01224
4	0.09305	0.10398	0.03245	0.08470	0.14548	0.06557	0.11421	0.14148	0.07721	0.03327	0.01800	0.02090	0.01397	0.00874	0.00823	0.00261	0.01061	0.00758	0.00560	0.01235
5	0.02523	0.02551	0.02452	0.02406	0.09824	0.21864	0.01718	0.11193	0.02238	0.02857	0.01641	0.02048	0.01367	0.01101	0.01376	0.00276	0.20128	0.00713	0.10642	0.01082
6	0.02730	0.03320	0.02435	0.02168	0.02585	0.47011	0.05898	0.03012	0.02208	0.02159	0.01595	0.02036	0.01369	0.02120	0.15032	0.00487	0.01732	0.00678	0.00453	0.00973
7	0.01503	0.01277	0.01271	0.01238	0.01350	0.08842	0.00839	0.01646	0.01556	0.01992	0.07880	0.04693	0.03119	0.38951	0.19362	0.00861	0.01276	0.01125	0.00542	0.00678
8	0.09267	0.07994	0.08494	0.06083	0.12665	0.01894	0.08851	0.02615	0.09291	0.02890	0.05652	0.03824	0.07998	0.01201	0.00887	0.00286	0.00920	0.07495	0.00588	0.01105

[dist]
# distance from previous block
# <min> <max>
48	158

[block]
# block no. 3 follows, 20 sequences, length 41
# corresponding to MSA columns:
# 331-371
name=unknown_D
#
# <colnr> <probs for GDERKNQSTAVLIFYWHMCP>
#	G	D	E	R	K	N	Q	S	T	A	V	L	I	F	Y	W	H	M	C	P
0	0.02679	0.02981	0.15982	0.02539	0.06500	0.08661	0.09370	0.29225	0.02934	0.03911	0.01788	0.02015	0.01323	0.00962	0.00993	0.00272	0.05164	0.00762	0.00618	0.01321
1	0.02133	0.03092	0.18799	0.02656	0.03367	0.15438	0.20312	0.02708	0.01971	0.02506	0.02047	0.02434	0.05752	0.01026	0.01218	0.00289	0.11853	0.00853	0.00442	0.01103
2	0.02291	0.06529	0.02176	0.09793	0.02608	0.26002	0.01406	0.02677	0.05281	0.02280	0.01786	0.02563	0.01626	0.13573	0.01441	0.00331	0.01119	0.00728	0.00489	0.15300
3	0.12019	0.02800	0.02063	0.01817	0.02314	0.33204	0.01395	0.03339	0.05550	0.14643	0.02126	0.06850	0.01738	0.01058	0.00795	0.00247	0.01118	0.00773	0.00638	0.05514
4	0.01990	0.27967	0.05242	0.01424	0.01948	0.08375	0.01264	0.02551	0.09359	0.02447	0.03308	0.03486	0.14106	0.04806	0.00941	0.00266	0.00825	0.00901	0.07785	0.01009
5	0.01873	0.01698	0.01894	0.01618	0.02038	0.07752	0.04300	0.09613	0.04667	0.02830	0.03449	0.12745	0.12492	0.02090	0.09057	0.00404	0.05004	0.01169	0.00644	0.14665
6	0.02341	0.10770	0.02930	0.02122	0.02652	0.16563	0.12452	0.10916	0.05556	0.02853	0.02841	0.05876	0.09484	0.01228	0.01008	0.00273	0.05093	0.03367	0.00593	0.01083
7	0.11734	0.06786	0.02255	0.01842	0.02308	0.28344	0.01452	0.14123	0.02401	0.02982	0.01676	0.02033	0.01392	0.02088	0.14376	0.00481	0.01464	0.00667	0.00542	0.01053
8	0.02332	0.20446	0.02561	0.01653	0.02110	0.18143	0.01394	0.08274	0.02210	0.02684	0.02258	0.03450	0.02096	0.01467	0.04212	0.00310	0.01072	0.11294	0.11027	0.01008
9	0.07769	0.03334	0.02326	0.02039	0.02552	0.41168	0.01567	0.12422	0.10168	0.02992	0.01741	0.01865	0.01369	0.00941	0.00791	0.00238	0.01269	0.00642	0.00579	0.04228
10	0.01589	0.01926	0.12778	0.04685	0.02390	0.01859	0.01808	0.01988	0.01468	0.02187	0.01740	0.02559	0.01579	0.03509	0.29192	0.00793	0.25780	0.00816	0.00416	0.00938
11	0.01076	0.00885	0.00947	0.00931	0.01206	0.00756	0.00698	0.01340	0.02095	0.02611	0.21016	0.07976	0.51211	0.02114	0.01030	0.00290	0.00435	0.01782	0.00844	0.00756
12	0.02491	0.58612	0.04211	0.01622	0.02317	0.14140	0.01526	0.02761	0.01892	0.02066	0.01236	0.01429	0.01120	0.00772	0.00599	0.00193	0.01043	0.00483	0.00386	0.01101
13	0.02386	0.14097	0.07021	0.02461	0.03053	0.07983	0.16839	0.13463	0.02232	0.02939	0.01531	0.01937	0.01245	0.01011	0.01344	0.00285	0.17759	0.00761	0.00492	0.01161
14	0.02279	0.13727	0.03170	0.12283	0.14343	0.16884	0.05218	0.02650	0.01919	0.02319	0.01555	0.02261	0.01379	0.01018	0.01165	0.00274	0.12601	0.03446	0.00429	0.01080
15	0.01244	0.00959	0.01152	0.01188	0.01384	0.00928	0.00857	0.01771	0.09470	0.02799	0.22583	0.31202	0.16844	0.02165	0.01045	0.00313	0.00489	0.01912	0.00864	0.00830
16	0.01031	0.00884	0.00884	0.00884	0.01178	0.00736	0.00663	0.01252	0.01988	0.02356	0.08837	0.08395	0.63549	0.02209	0.01031	0.00295	0.00442	0.01841	0.00810	0.00736
17	0.08179	0.03282	0.02741	0.03201	0.22999	0.39938	0.01961	0.03148	0.02238	0.02503	0.01436	0.01757	0.01196	0.00852	0.00794	0.00239	0.01329	0.00627	0.00450	0.01130
18	0.01845	0.03150	0.30660	0.02937	0.03924	0.02018	0.29940	0.02659	0.01900	0.02705	0.01734	0.02237	0.01313	0.01346	0.07308	0.00395	0.01477	0.00853	0.00412	0.01186
19	0.01236	0.00941	0.01170	0.01253	0.01490	0.00874	0.01033	0.01570	0.02070	0.02648	0.15150	0.08783	0.27910	0.02238	0.01112	0.00341	0.00606	0.27966	0.00830	0.00781
20	0.02731	0.41543	0.03666	0.01818	0.02436	0.30346	0.01576	0.02987	0.02074	0.02088	0.01271	0.01474	0.01121	0.00812	0.00657	0.00203	0.01209	0.00508	0.00406	0.01073
21	0.01380	0.01089	0.01623	0.02139	0.13636	0.01063	0.01353	0.01678	0.01833	0.02464	0.04134	0.38060	0.04689	0.02254	0.01092	0.00350	0.00699	0.18862	0.00734	0.00868
22	0.01116	0.00860	0.01034	0.01150	0.01334	0.00778	0.00863	0.01346	0.01871	0.02357	0.06482	0.31650	0.30158	0.02447	0.01096	0.00338	0.00537	0.13035	0.00809	0.00739
23	0.02138	0.02131	0.03877	0.05003	0.51490	0.02100	0.14821	0.02702	0.02001	0.02838	0.01667	0.02199	0.01370	0.00768	0.00898	0.00266	0.01127	0.00830	0.00434	0.01339
24	0.01091	0.00777	0.00998	0.01163	0.01217	0.00729	0.00763	0.01224	0.01626	0.02156	0.04684	0.57169	0.07854	0.12258	0.01587	0.00422	0.00552	0.02279	0.00769	0.00684
25	0.03668	0.01641	0.02093	0.01630	0.02290	0.01545	0.01338	0.11311	0.08567	0.51232	0.03285	0.02889	0.02125	0.01086	0.00878	0.00271	0.00764	0.00877	0.01035	0.01474
26	0.01300	0.00917	0.01319	0.01319	0.01481	0.01051	0.01022	0.01625	0.01462	0.02198	0.02408	0.03402	0.02188	0.05760	0.56654	0.01232	0.02063	0.00917	0.10895	0.00784
27	0.02159	0.02073	0.03541	0.05354	0.63903	0.02073	0.02677	0.02677	0.01986	0.02850	0.01641	0.02159	0.01382	0.00777	0.00864	0.00259	0.01036	0.00777	0.00432	0.01382
28	0.02515	0.02270	0.02417	0.02313	0.09131	0.12261	0.01674	0.22338	0.07155	0.03437	0.01966	0.02344	0.01599	0.02135	0.13776	0.00495	0.09578	0.00791	0.00619	0.01187
29	0.02138	0.02531	0.11571	0.11632	0.16936	0.04390	0.27048	0.07623	0.02164	0.02936	0.01700	0.02196	0.01295	0.00805	0.00928	0.00279	0.01279	0.00860	0.00460	0.01228
30	0.01313	0.00932	0.01121	0.01094	0.01109	0.01003	0.00685	0.01358	0.01287	0.01754	0.02591	0.05206	0.02926	0.58219	0.10355	0.00866	0.05887	0.01199	0.00512	0.00584
31	0.02123	0.01933	0.02606	0.03157	0.25611	0.05800	0.01902	0.10704	0.05347	0.02955	0.02159	0.09629	0.02000	0.01871	0.09197	0.00427	0.09869	0.00982	0.00559	0.01169
32	0.02703	0.02962	0.02822	0.09324	0.22832	0.30028	0.02059	0.08680	0.05287	0.02771	0.01640	0.01965	0.01320	0.00885	0.00833	0.00249	0.01259	0.00694	0.00500	0.01190
33	0.01882	0.01547	0.02177	0.02173	0.09656	0.01672	0.05860	0.14150	0.02132	0.02924	0.02732	0.20181	0.02841	0.11880	0.06445	0.00470	0.08324	0.01326	0.00635	0.00995
34	0.02433	0.02459	0.03097	0.04220	0.43428	0.15378	0.02282	0.06601	0.02216	0.02896	0.01680	0.02096	0.01384	0.00834	0.00833	0.00249	0.01107	0.00735	0.04794	0.01277
35	0.02646	0.03107	0.02337	0.05807	0.08860	0.41041	0.01700	0.03059	0.05863	0.02347	0.02100	0.08973	0.01985	0.01193	0.00868	0.00262	0.01283	0.05014	0.00532	0.01024
36	0.01610	0.01444	0.01669	0.01979	0.11877	0.07505	0.01233	0.01832	0.01758	0.02224	0.03697	0.10193	0.12012	0.23274	0.02175	0.00482	0.03681	0.09930	0.00603	0.00822
37	0.07207	0.12422	0.05843	0.02137	0.08334	0.29589	0.01602	0.02782	0.02207	0.02580	0.12050	0.02723	0.04951	0.01059	0.00799	0.00240	0.01115	0.00792	0.00539	0.01030
38	0.02324	0.09075	0.03148	0.07161	0.35481	0.15884	0.02166	0.02827	0.04674	0.02592	0.02010	0.02357	0.04765	0.00902	0.00828	0.00250	0.01101	0.00768	0.00468	0.01219
39	0.01281	0.01118	0.01339	0.09405	0.04626	0.01092	0.01067	0.01782	0.07749	0.02496	0.06942	0.06939	0.44881	0.01891	0.00997	0.00297	0.00596	0.03894	0.00749	0.00858
40	0.16581	0.06360	0.02477	0.02308	0.11076	0.15372	0.04135	0.02804	0.06311	0.02828	0.01720	0.02289	0.01484	0.00982	0.00963	0.00258	0.07552	0.03797	0.00513	0.10191

[dist]
# distance from previous block
# <min> <max>
11	15

[block]
# block no. 4 follows, 20 sequences, length 6
# corresponding to MSA columns:
# 387-392
name=unknown_E
#
# <colnr> <probs for GDERKNQSTAVLIFYWHMCP>
#	G	D	E	R	K	N	Q	S	T	A	V	L	I	F	Y	W	H	M	C	P
0	0.17963	0.09295	0.02170	0.08133	0.02484	0.25582	0.01417	0.02634	0.01936	0.02519	0.02080	0.02410	0.06416	0.01722	0.09408	0.00400	0.01284	0.00710	0.00487	0.00950
1	0.06427	0.00904	0.01003	0.01044	0.01264	0.00831	0.00758	0.01406	0.01940	0.02635	0.16918	0.26321	0.31083	0.02194	0.01021	0.00308	0.00473	0.01894	0.00818	0.00758
2	0.01842	0.01425	0.01901	0.02121	0.13004	0.01515	0.01333	0.14333	0.02077	0.02853	0.02505	0.09938	0.02488	0.19625	0.18404	0.00708	0.01252	0.01110	0.00596	0.00970
3	0.08688	0.02610	0.02008	0.05654	0.02412	0.28290	0.01413	0.13457	0.02459	0.03054	0.02148	0.11320	0.01960	0.01188	0.00812	0.00255	0.01074	0.00907	0.09267	0.01025
4	0.25249	0.01764	0.01886	0.01809	0.07152	0.01947	0.01320	0.15006	0.12021	0.03738	0.02347	0.02542	0.04557	0.01740	0.09423	0.00417	0.00976	0.00777	0.00660	0.04669
5	0.09136	0.01559	0.02455	0.02537	0.13551	0.01558	0.12638	0.02347	0.05953	0.02923	0.07514	0.05383	0.09136	0.01493	0.00993	0.00316	0.00888	0.17936	0.00658	0.01026

[dist]
# distance from previous block
# <min> <max>
13	68

[block]
# block no. 5 follows, 20 sequences, length 7
# corresponding to MSA columns:
# 470-476
name=unknown_F
#
# <colnr> <probs for GDERKNQSTAVLIFYWHMCP>
#	G	D	E	R	K	N	Q	S	T	A	V	L	I	F	Y	W	H	M	C	P
0	0.02236	0.02714	0.08278	0.01949	0.02413	0.23284	0.01642	0.02560	0.01912	0.02363	0.01730	0.08710	0.01649	0.01167	0.01266	0.00257	0.16350	0.00805	0.00479	0.18237
1	0.01937	0.04771	0.13280	0.13100	0.02872	0.01552	0.01671	0.06842	0.02146	0.10536	0.08211	0.06722	0.14611	0.01303	0.00889	0.00269	0.00836	0.01085	0.00665	0.06703
2	0.02646	0.15274	0.02712	0.01890	0.02435	0.34476	0.01515	0.02916	0.02101	0.02283	0.01355	0.01623	0.01164	0.00861	0.00874	0.00208	0.06401	0.00550	0.00446	0.18269
3	0.17588	0.02671	0.02371	0.02586	0.15953	0.25469	0.01679	0.03309	0.06793	0.10930	0.01830	0.01984	0.01399	0.00900	0.00773	0.00253	0.01096	0.00666	0.00580	0.01170
4	0.01246	0.01001	0.01339	0.01329	0.01520	0.01094	0.01051	0.01528	0.01639	0.02191	0.04494	0.05483	0.21522	0.04401	0.34495	0.00880	0.06646	0.06760	0.00600	0.00781
5	0.06664	0.27602	0.02940	0.01650	0.02222	0.15321	0.01403	0.08130	0.11730	0.02823	0.05099	0.02554	0.06448	0.01035	0.00741	0.00235	0.00950	0.00751	0.00584	0.01119
6	0.01603	0.01798	0.08554	0.01807	0.02162	0.04542	0.07212	0.02034	0.02064	0.02876	0.29405	0.04472	0.09158	0.01514	0.01421	0.00301	0.16247	0.01212	0.00679	0.00938

[dist]
# distance from previous block
# <min> <max>
0	10

[block]
# block no. 6 follows, 20 sequences, length 8
# corresponding to MSA columns:
# 487-494
name=unknown_G
#
# <colnr> <probs for GDERKNQSTAVLIFYWHMCP>
#	G	D	E	R	K	N	Q	S	T	A	V	L	I	F	Y	W	H	M	C	P
0	0.17224	0.07300	0.02421	0.04604	0.07267	0.10016	0.05190	0.09837	0.06413	0.03290	0.01744	0.01983	0.01373	0.00855	0.00728	0.00234	0.00919	0.00658	0.05393	0.12548
1	0.01322	0.01009	0.01385	0.01388	0.01553	0.01125	0.01103	0.01623	0.01636	0.02280	0.05935	0.05312	0.10373	0.07369	0.32318	0.00871	0.06938	0.11592	0.04083	0.00784
2	0.10531	0.03129	0.02787	0.02311	0.02878	0.33770	0.12297	0.09012	0.09610	0.02951	0.01746	0.01950	0.01360	0.00908	0.00825	0.00254	0.01294	0.00710	0.00551	0.01125
3	0.02093	0.05948	0.02909	0.02164	0.02721	0.13400	0.17254	0.02516	0.01911	0.02540	0.01732	0.02220	0.01440	0.01517	0.08604	0.00370	0.06487	0.00756	0.07246	0.16169
4	0.02423	0.02612	0.02240	0.08747	0.02733	0.26774	0.01545	0.06512	0.02218	0.02654	0.06318	0.02168	0.01754	0.00970	0.00986	0.00228	0.07614	0.00686	0.00522	0.20295
5	0.09365	0.09576	0.06885	0.02460	0.15569	0.16389	0.01700	0.04805	0.04237	0.02718	0.02820	0.07039	0.10634	0.01166	0.00822	0.00259	0.00994	0.00928	0.00548	0.01088
6	0.13820	0.07023	0.08549	0.01832	0.06830	0.14538	0.01423	0.02361	0.01959	0.02757	0.14178	0.06426	0.03037	0.10224	0.01291	0.00336	0.00929	0.00957	0.00579	0.00950
7	0.01559	0.01774	0.07803	0.01723	0.02062	0.07579	0.07534	0.01884	0.01851	0.02386	0.08145	0.21927	0.13954	0.07092	0.01470	0.00353	0.07883	0.01514	0.00637	0.00867

[dist]
# distance from previous block
# <min> <max>
108	323

[block]
# block no. 7 follows, 20 sequences, length 9
# corresponding to MSA columns:
# 877-885
name=unknown_H
#
# <colnr> <probs for GDERKNQSTAVLIFYWHMCP>
#	G	D	E	R	K	N	Q	S	T	A	V	L	I	F	Y	W	H	M	C	P
0	0.01644	0.08625	0.01791	0.01245	0.01750	0.01328	0.00996	0.05921	0.02070	0.02855	0.11686	0.12036	0.15252	0.01409	0.00839	0.00225	0.00609	0.01181	0.00680	0.27859
1	0.01936	0.13656	0.01953	0.01484	0.05586	0.10799	0.01070	0.02251	0.01921	0.02683	0.08752	0.03265	0.02581	0.09529	0.01165	0.00295	0.00765	0.00851	0.28558	0.00899
2	0.08697	0.07419	0.33805	0.05551	0.09434	0.02059	0.10917	0.02637	0.01885	0.02861	0.05437	0.02194	0.01600	0.00865	0.00832	0.00271	0.01150	0.00750	0.00439	0.01196
3	0.02142	0.12980	0.12332	0.02331	0.13026	0.09774	0.01802	0.06258	0.04848	0.05252	0.09342	0.03329	0.10725	0.01149	0.00844	0.00255	0.00944	0.00929	0.00597	0.01142
4	0.02367	0.35053	0.08384	0.01981	0.09427	0.02447	0.01645	0.02762	0.01957	0.11438	0.05693	0.02127	0.01780	0.00861	0.00702	0.00214	0.00881	0.00654	0.00536	0.09092
5	0.02716	0.20573	0.02928	0.02115	0.06266	0.38227	0.01598	0.02995	0.02261	0.02316	0.08528	0.02138	0.01962	0.00954	0.00761	0.00223	0.01240	0.00668	0.00488	0.01041
6	0.02080	0.02260	0.13286	0.15633	0.03294	0.02037	0.01916	0.13982	0.21364	0.03385	0.02642	0.09713	0.02188	0.01198	0.00896	0.00291	0.00926	0.01006	0.00679	0.01224
7	0.01375	0.01200	0.01537	0.01561	0.05566	0.03894	0.05708	0.01673	0.01880	0.02447	0.05452	0.16801	0.28726	0.02376	0.07941	0.00409	0.00824	0.01561	0.08238	0.00833
8	0.01398	0.01103	0.01329	0.03783	0.01709	0.01011	0.00986	0.05359	0.02072	0.02761	0.11924	0.20054	0.21552	0.01919	0.00989	0.00288	0.00586	0.07661	0.00767	0.12750

[dist]
# distance from previous block
# <min> <max>
12	24

[block]
# block no. 8 follows, 20 sequences, length 24
# corresponding to MSA columns:
# 910-933
name=unknown_I
#
# <colnr> <probs for GDERKNQSTAVLIFYWHMCP>
#	G	D	E	R	K	N	Q	S	T	A	V	L	I	F	Y	W	H	M	C	P
0	0.02128	0.27143	0.03625	0.20776	0.22632	0.05184	0.02127	0.02563	0.01861	0.02354	0.01445	0.01899	0.01214	0.00797	0.00750	0.00239	0.01055	0.00653	0.00399	0.01156
1	0.08857	0.17534	0.23752	0.02516	0.10347	0.02241	0.10304	0.02594	0.01903	0.02804	0.07627	0.02278	0.01863	0.00884	0.00795	0.00256	0.01061	0.00751	0.00462	0.01169
2	0.02583	0.08973	0.02478	0.02116	0.07016	0.35448	0.01535	0.02881	0.02176	0.02384	0.04521	0.02004	0.01590	0.01206	0.04645	0.00278	0.01278	0.00633	0.00481	0.15774
3	0.03037	0.10107	0.02729	0.05574	0.05832	0.53643	0.01753	0.03299	0.02346	0.02167	0.01360	0.01623	0.01138	0.00877	0.00773	0.00226	0.01466	0.00574	0.00438	0.01038
4	0.02220	0.02085	0.03048	0.13802	0.38550	0.04976	0.02323	0.07343	0.11152	0.03043	0.01934	0.02317	0.01536	0.00878	0.00866	0.00268	0.01022	0.00799	0.00527	0.01310
5	0.01680	0.02098	0.17548	0.15397	0.03187	0.01577	0.02021	0.07630	0.02068	0.02795	0.03007	0.12656	0.03003	0.01608	0.01000	0.00329	0.00978	0.19791	0.00616	0.01011
6	0.01937	0.15234	0.02185	0.11982	0.02330	0.01764	0.01263	0.09075	0.01915	0.02696	0.01913	0.02467	0.01591	0.01608	0.04203	0.15672	0.00863	0.00727	0.19685	0.00890
7	0.02010	0.05643	0.06950	0.02204	0.11969	0.04791	0.03960	0.02771	0.12651	0.08814	0.03902	0.09890	0.14932	0.01360	0.00901	0.00274	0.00814	0.01166	0.00687	0.04309
8	0.01559	0.01552	0.02924	0.02260	0.02748	0.01443	0.28989	0.01976	0.01858	0.02436	0.03923	0.13952	0.15937	0.12497	0.01596	0.00393	0.01002	0.01459	0.00590	0.00906
9	0.01199	0.00817	0.00972	0.01040	0.01057	0.00800	0.00623	0.01250	0.01403	0.01871	0.03440	0.26893	0.04044	0.46970	0.03322	0.00681	0.00732	0.01675	0.00623	0.00589
10	0.01774	0.10445	0.55353	0.02310	0.03483	0.02088	0.02917	0.02682	0.01873	0.02740	0.05229	0.02079	0.01532	0.00878	0.00815	0.00268	0.01203	0.00684	0.00404	0.01245
11	0.01828	0.06272	0.27071	0.08852	0.03958	0.02053	0.24073	0.02586	0.01862	0.02609	0.01704	0.02226	0.01309	0.01415	0.07959	0.00402	0.01440	0.00822	0.00408	0.01154
12	0.02466	0.02853	0.02413	0.02155	0.02389	0.32543	0.01697	0.02688	0.01885	0.02107	0.01396	0.01945	0.01268	0.01875	0.10005	0.00439	0.27804	0.00689	0.00425	0.00959
13	0.01131	0.00878	0.01044	0.01131	0.01339	0.00791	0.00865	0.01386	0.01948	0.02460	0.10969	0.23623	0.32958	0.02350	0.01087	0.00330	0.00530	0.13607	0.00820	0.00750
14	0.02114	0.32588	0.34207	0.02041	0.03033	0.07459	0.02363	0.02752	0.01859	0.02410	0.01397	0.01631	0.01113	0.00799	0.00710	0.00234	0.01157	0.00562	0.00377	0.01195
15	0.02333	0.01664	0.01852	0.01602	0.02040	0.01780	0.01250	0.26604	0.11410	0.07287	0.03591	0.21550	0.06751	0.01614	0.00941	0.00293	0.00724	0.01363	0.04178	0.01174
16	0.01268	0.00846	0.00951	0.00951	0.00951	0.00846	0.00529	0.01268	0.01268	0.01691	0.02748	0.05708	0.03171	0.69345	0.04440	0.00846	0.00846	0.01268	0.00529	0.00529
17	0.01061	0.00768	0.01003	0.01192	0.01259	0.00710	0.00800	0.01217	0.01692	0.02235	0.05080	0.64701	0.09668	0.02697	0.01108	0.00350	0.00502	0.02437	0.00810	0.00710
18	0.02800	0.19615	0.03073	0.02238	0.08577	0.20578	0.01687	0.20366	0.02667	0.03190	0.01635	0.01870	0.01328	0.01274	0.05156	0.00309	0.01227	0.00652	0.00557	0.01201
19	0.01074	0.00798	0.01006	0.01167	0.01276	0.00730	0.00811	0.01253	0.01754	0.02274	0.05631	0.53196	0.17684	0.02608	0.01101	0.00344	0.00508	0.05257	0.00809	0.00719
20	0.03052	0.14361	0.02810	0.02049	0.02598	0.39589	0.01630	0.14526	0.06356	0.02864	0.01606	0.01749	0.01287	0.00920	0.00773	0.00230	0.01296	0.00616	0.00546	0.01143
21	0.02514	0.02532	0.17765	0.01911	0.02645	0.01978	0.01835	0.27827	0.02850	0.09666	0.02537	0.13747	0.02192	0.01271	0.00893	0.00276	0.00927	0.01042	0.00738	0.04855
22	0.07281	0.15709	0.02703	0.05501	0.02619	0.32159	0.01563	0.11736	0.02450	0.02760	0.02004	0.02167	0.05883	0.00985	0.00765	0.00235	0.01196	0.00681	0.00529	0.01076
23	0.02332	0.69869	0.04571	0.01493	0.02239	0.03451	0.01493	0.02612	0.01772	0.02052	0.01213	0.01399	0.01119	0.00746	0.00560	0.00187	0.00933	0.00466	0.00373	0.01119

[dist]
# distance from previous block
# <min> <max>
0	2

[block]
# block no. 9 follows, 20 sequences, length 21
# corresponding to MSA columns:
# 936-956
name=unknown_J
#
# <colnr> <probs for GDERKNQSTAVLIFYWHMCP>
#	G	D	E	R	K	N	Q	S	T	A	V	L	I	F	Y	W	H	M	C	P
0	0.01037	0.00862	0.00906	0.00942	0.01194	0.00731	0.00689	0.01245	0.01932	0.02333	0.08124	0.19067	0.53336	0.02302	0.01045	0.00305	0.00453	0.01954	0.00810	0.00731
1	0.03177	0.04022	0.02484	0.02250	0.02672	0.62037	0.01699	0.03400	0.02403	0.02133	0.01336	0.01593	0.01125	0.00937	0.00912	0.00234	0.05560	0.00574	0.00445	0.01008
2	0.02327	0.02483	0.03089	0.17135	0.37016	0.17828	0.02380	0.02786	0.02057	0.02547	0.01550	0.02048	0.01273	0.00827	0.00846	0.00257	0.01195	0.00723	0.00427	0.01206
3	0.02986	0.03641	0.02736	0.03016	0.17845	0.50060	0.01931	0.03284	0.02352	0.02312	0.01421	0.01718	0.01187	0.00869	0.00806	0.00233	0.01440	0.00615	0.00445	0.01103
4	0.01968	0.01900	0.03372	0.09170	0.41474	0.01903	0.11220	0.02487	0.01955	0.02729	0.02102	0.08045	0.01947	0.01042	0.00932	0.00284	0.01054	0.04705	0.00485	0.01228
5	0.02159	0.02073	0.03541	0.05354	0.63903	0.02073	0.02677	0.02677	0.01986	0.02850	0.01641	0.02159	0.01382	0.00777	0.00864	0.00259	0.01036	0.00777	0.00432	0.01382
6	0.01246	0.00926	0.01201	0.01354	0.01547	0.00880	0.01107	0.01554	0.01935	0.02472	0.05666	0.21444	0.19172	0.02427	0.01145	0.00366	0.00657	0.33328	0.00806	0.00768
7	0.02118	0.02031	0.03466	0.10316	0.59262	0.02062	0.02657	0.02641	0.01967	0.02800	0.01634	0.02172	0.01364	0.00785	0.00864	0.00262	0.01046	0.00777	0.00428	0.01349
8	0.02132	0.02172	0.02953	0.34644	0.20835	0.11910	0.04886	0.05391	0.02049	0.02563	0.01579	0.02154	0.01238	0.00853	0.00863	0.00271	0.01196	0.00754	0.00435	0.01120
9	0.01033	0.00874	0.00893	0.00909	0.01185	0.00734	0.00674	0.01249	0.01964	0.02347	0.08534	0.12929	0.59210	0.02248	0.01037	0.00299	0.00447	0.01889	0.00810	0.00734
10	0.01069	0.00885	0.00937	0.00924	0.01202	0.00753	0.00693	0.01326	0.02078	0.02570	0.19074	0.08042	0.53178	0.02129	0.01031	0.00291	0.00436	0.01792	0.00838	0.00753
11	0.02789	0.02495	0.02190	0.01851	0.02390	0.17892	0.01459	0.23554	0.16695	0.06915	0.03143	0.03052	0.09338	0.01186	0.00874	0.00265	0.00975	0.00911	0.00774	0.01251
12	0.02083	0.01374	0.01547	0.01348	0.01701	0.01498	0.01070	0.21127	0.02464	0.03680	0.02475	0.02918	0.01977	0.02394	0.16851	0.00519	0.01064	0.00834	0.32053	0.01023
13	0.01096	0.00862	0.00993	0.01036	0.01253	0.00760	0.00763	0.01346	0.02009	0.02560	0.18284	0.22056	0.36667	0.02257	0.01058	0.00310	0.00468	0.04634	0.00839	0.00750
14	0.01750	0.04512	0.64825	0.02486	0.03775	0.02026	0.03223	0.02762	0.01842	0.02762	0.01565	0.01842	0.01105	0.00829	0.00829	0.00276	0.01289	0.00645	0.00368	0.01289
15	0.15617	0.14192	0.20635	0.02183	0.11369	0.02015	0.01918	0.02429	0.01873	0.02928	0.09700	0.02827	0.06915	0.01030	0.00774	0.00258	0.00900	0.00811	0.00519	0.01107
16	0.01532	0.00843	0.00959	0.00959	0.01150	0.00882	0.00729	0.01915	0.01723	0.02948	0.02720	0.03295	0.02222	0.02384	0.16766	0.00500	0.00884	0.00843	0.55942	0.00805
17	0.01055	0.00790	0.00980	0.01133	0.01244	0.00715	0.00773	0.01224	0.01749	0.02259	0.05805	0.53832	0.20069	0.02603	0.01093	0.00339	0.00490	0.02322	0.00810	0.00715
18	0.02032	0.01943	0.03312	0.20672	0.49575	0.02039	0.02614	0.02566	0.01926	0.02696	0.01618	0.02200	0.01328	0.00801	0.00866	0.00267	0.01068	0.00777	0.00421	0.01280
19	0.02349	0.02479	0.02200	0.02565	0.17299	0.27393	0.01586	0.02694	0.02169	0.02654	0.06929	0.06860	0.02287	0.01084	0.00811	0.00241	0.01041	0.00873	0.15461	0.01028
20	0.20251	0.26708	0.20477	0.01700	0.02498	0.05614	0.01812	0.02623	0.01801	0.02813	0.05399	0.01873	0.01538	0.00861	0.00673	0.00240	0.00967	0.00596	0.00455	0.01099

[dist]
# distance from previous block
# <min> <max>
0	6

[block]
# block no. 10 follows, 20 sequences, length 49
# corresponding to MSA columns:
# 963-1011
name=unknown_K
#
# <colnr> <probs for GDERKNQSTAVLIFYWHMCP>
#	G	D	E	R	K	N	Q	S	T	A	V	L	I	F	Y	W	H	M	C	P
0	0.02041	0.01952	0.03327	0.19645	0.50536	0.02041	0.02618	0.02574	0.01930	0.02706	0.01620	0.02197	0.01331	0.00799	0.00866	0.00266	0.01065	0.00777	0.00422	0.01286
1	0.02583	0.16252	0.02958	0.02115	0.02458	0.30479	0.01729	0.02806	0.01919	0.02106	0.01247	0.01662	0.01131	0.01098	0.01501	0.00275	0.25645	0.00617	0.00410	0.01012
2	0.01370	0.01145	0.01630	0.02144	0.15802	0.01087	0.01307	0.01674	0.01901	0.02481	0.05251	0.24313	0.21969	0.02064	0.01048	0.00323	0.00664	0.12214	0.00721	0.00890
3	0.01619	0.01334	0.01444	0.01515	0.05910	0.05315	0.01019	0.02175	0.10558	0.05565	0.13157	0.11176	0.22165	0.11420	0.01470	0.00368	0.00666	0.01453	0.00764	0.00907
4	0.01270	0.00901	0.01231	0.01231	0.01338	0.00999	0.00888	0.01486	0.01378	0.01972	0.02492	0.04154	0.02502	0.26519	0.43193	0.01169	0.01770	0.01037	0.03772	0.00700
5	0.02297	0.31620	0.11410	0.01525	0.02174	0.02218	0.01484	0.02641	0.01861	0.14400	0.02427	0.06280	0.04544	0.10169	0.01228	0.00317	0.00888	0.00847	0.00575	0.01096
6	0.02438	0.16278	0.14836	0.03148	0.23076	0.14281	0.02259	0.08674	0.02220	0.02809	0.01534	0.01835	0.01241	0.00830	0.00784	0.00242	0.01155	0.00652	0.00456	0.01254
7	0.15805	0.17712	0.06154	0.02118	0.10599	0.02405	0.01604	0.03413	0.25492	0.03172	0.02207	0.02258	0.01727	0.00938	0.00741	0.00260	0.00824	0.00723	0.00613	0.01234
8	0.15951	0.06072	0.02560	0.16208	0.12045	0.22665	0.01837	0.07906	0.02173	0.02873	0.01467	0.01825	0.01168	0.00864	0.00766	0.00253	0.01158	0.00636	0.00483	0.01090
