[name]
unknown

[dist]
# distance from previous block
# <min> <max>
0	2

[block]
# block no. 0 follows, 21 sequences, length 7
# corresponding to MSA columns:
# 2-8
name=unknown_A
#
# <colnr> <probs for GDERKNQSTAVLIFYWHMCP>
#	G	D	E	R	K	N	Q	S	T	A	V	L	I	F	Y	W	H	M	C	P
0	0.01752	0.01179	0.01530	0.01380	0.01760	0.01134	0.01121	0.04893	0.01845	0.08603	0.02694	0.04154	0.02469	0.02999	0.22869	0.00621	0.01218	0.12865	0.06600	0.18312
1	0.01160	0.00956	0.01030	0.00995	0.01280	0.00872	0.00751	0.01629	0.07916	0.02686	0.21443	0.07272	0.45042	0.01960	0.00992	0.00283	0.00447	0.01655	0.00833	0.00799
2	0.01642	0.01301	0.01747	0.23241	0.02891	0.01424	0.01331	0.09449	0.01825	0.02439	0.02295	0.09348	0.02309	0.26767	0.02148	0.00474	0.00896	0.01062	0.00537	0.06872
3	0.25137	0.01725	0.01823	0.01458	0.02061	0.01771	0.01188	0.18546	0.02412	0.18396	0.02168	0.05871	0.01656	0.00998	0.00736	0.00247	0.00734	0.00753	0.00748	0.11573
4	0.01171	0.00797	0.00948	0.01013	0.01029	0.00781	0.00606	0.01220	0.01367	0.01822	0.03344	0.26660	0.03930	0.47861	0.03261	0.00667	0.00716	0.01627	0.00606	0.00574
5	0.01131	0.00876	0.01016	0.01098	0.01258	0.00827	0.00763	0.01471	0.06661	0.02280	0.05729	0.38050	0.24824	0.08309	0.01327	0.00364	0.00516	0.01990	0.00772	0.00738
6	0.02459	0.02881	0.02055	0.02061	0.06109	0.40002	0.01447	0.02859	0.07139	0.02277	0.02617	0.16193	0.05715	0.01335	0.00860	0.00257	0.01154	0.01053	0.00565	0.00962

[dist]
# distance from previous block
# <min> <max>
2	5

[block]
# block no. 1 follows, 21 sequences, length 16
# corresponding to MSA columns:
# 14-29
name=unknown_B
#
# <colnr> <probs for GDERKNQSTAVLIFYWHMCP>
#	G	D	E	R	K	N	Q	S	T	A	V	L	I	F	Y	W	H	M	C	P
0	0.01883	0.01016	0.01260	0.01155	0.01473	0.00911	0.00869	0.02106	0.01917	0.20834	0.05293	0.15949	0.25007	0.09293	0.06668	0.00433	0.00719	0.01490	0.00812	0.00912
1	0.01282	0.00868	0.01148	0.01148	0.01265	0.00951	0.00831	0.01514	0.01398	0.02077	0.02475	0.03952	0.02412	0.23715	0.38119	0.01022	0.01557	0.00986	0.12582	0.00695
2	0.01681	0.00991	0.01255	0.01201	0.01413	0.00947	0.00870	0.02031	0.05343	0.13086	0.19559	0.18010	0.04812	0.19064	0.01838	0.00432	0.00621	0.05193	0.00807	0.00846
3	0.01452	0.00859	0.01084	0.01124	0.01228	0.00811	0.00738	0.01564	0.01573	0.09623	0.03741	0.36391	0.04208	0.28900	0.02330	0.00524	0.00652	0.01767	0.00714	0.00714
4	0.01478	0.01068	0.01331	0.01392	0.01578	0.01081	0.01046	0.11688	0.02100	0.02791	0.04202	0.46231	0.04770	0.02323	0.01064	0.00339	0.00626	0.13254	0.00799	0.00839
5	0.02119	0.02113	0.03427	0.10059	0.52488	0.05641	0.06472	0.02628	0.01950	0.02688	0.01586	0.02100	0.01313	0.00770	0.00850	0.00256	0.01079	0.00763	0.00419	0.01282
6	0.03014	0.03447	0.02315	0.02035	0.02512	0.47959	0.01557	0.15425	0.02705	0.02784	0.02062	0.02182	0.06325	0.01011	0.00804	0.00232	0.01320	0.00695	0.00553	0.01061
7	0.24003	0.08278	0.02087	0.01696	0.02149	0.31640	0.01332	0.02874	0.04443	0.02628	0.01479	0.01776	0.01239	0.01556	0.09134	0.00379	0.01289	0.00579	0.00478	0.00962
8	0.01060	0.00754	0.00992	0.01161	0.01215	0.00707	0.00771	0.01212	0.01645	0.02204	0.07842	0.61564	0.05583	0.07343	0.01309	0.00375	0.00512	0.02288	0.00779	0.00685
9	0.07206	0.00857	0.00828	0.00818	0.01041	0.00877	0.00620	0.02022	0.01759	0.03221	0.02656	0.03038	0.02086	0.00976	0.00590	0.00203	0.00416	0.00768	0.69214	0.00803
10	0.01067	0.00829	0.00953	0.00992	0.01181	0.00735	0.00706	0.01287	0.01904	0.02440	0.18016	0.23793	0.34081	0.06585	0.01241	0.00333	0.00467	0.01874	0.00801	0.00715
11	0.01133	0.00821	0.01089	0.06144	0.01501	0.00817	0.00836	0.01273	0.01532	0.02035	0.03922	0.47631	0.04623	0.20290	0.01923	0.00467	0.00629	0.01983	0.00687	0.00664
12	0.02288	0.01979	0.02338	0.02653	0.18533	0.06828	0.01693	0.03785	0.35302	0.07861	0.02856	0.03046	0.02227	0.01077	0.00866	0.00277	0.00835	0.03526	0.00728	0.01302
13	0.08049	0.03499	0.02368	0.02065	0.02567	0.47192	0.01590	0.17209	0.02724	0.02976	0.01479	0.01645	0.01168	0.00905	0.00771	0.00231	0.01335	0.00594	0.00542	0.01091
14	0.07168	0.02387	0.07406	0.03830	0.38371	0.06681	0.02253	0.15748	0.02385	0.03362	0.01646	0.01984	0.01306	0.00830	0.00816	0.00253	0.01026	0.00717	0.00520	0.01311
15	0.02289	0.02424	0.02693	0.31193	0.16539	0.20898	0.02147	0.07113	0.02129	0.02509	0.01513	0.02005	0.01190	0.00853	0.00825	0.00256	0.01212	0.00697	0.00440	0.01076

[dist]
# distance from previous block
# <min> <max>
0	6

[block]
# block no. 2 follows, 21 sequences, length 18
# corresponding to MSA columns:
# 36-53
name=unknown_C
#
# <colnr> <probs for GDERKNQSTAVLIFYWHMCP>
#	G	D	E	R	K	N	Q	S	T	A	V	L	I	F	Y	W	H	M	C	P
0	0.08107	0.02481	0.03187	0.06042	0.18732	0.17382	0.14875	0.02697	0.01906	0.02533	0.01439	0.01920	0.01194	0.00910	0.01173	0.00275	0.12889	0.00736	0.00425	0.01096
1	0.12120	0.04726	0.02162	0.09498	0.02582	0.02095	0.01435	0.31730	0.02959	0.04226	0.15069	0.02872	0.02725	0.01111	0.00828	0.00259	0.00809	0.00876	0.00750	0.01167
2	0.01095	0.00832	0.00929	0.00957	0.01115	0.00752	0.00651	0.01258	0.01738	0.02208	0.11808	0.17901	0.31732	0.20977	0.01939	0.00444	0.00548	0.01724	0.00729	0.00666
3	0.01501	0.01240	0.01348	0.01323	0.01500	0.08438	0.00998	0.01781	0.01542	0.02152	0.02291	0.03330	0.02115	0.11171	0.42210	0.00992	0.01742	0.00883	0.12674	0.00767
4	0.01797	0.01541	0.01779	0.01303	0.02035	0.01224	0.01039	0.02359	0.07343	0.02844	0.01690	0.01893	0.01382	0.00678	0.00652	0.00141	0.00634	0.00546	0.00537	0.68585
5	0.02033	0.01176	0.01434	0.01234	0.01623	0.01097	0.00969	0.07050	0.04899	0.19390	0.28125	0.05418	0.18924	0.01578	0.00948	0.00271	0.00545	0.01337	0.00923	0.01024
6	0.01582	0.01422	0.01851	0.01700	0.01813	0.04985	0.01364	0.01843	0.01423	0.02082	0.01824	0.02684	0.01698	0.03931	0.35256	0.00863	0.27019	0.00823	0.04999	0.00838
7	0.05947	0.10864	0.05913	0.01863	0.02405	0.27721	0.01549	0.13230	0.08453	0.02903	0.02085	0.02233	0.04649	0.01322	0.04980	0.00310	0.01209	0.00704	0.00562	0.01098
8	0.01616	0.01371	0.01715	0.08185	0.06899	0.01456	0.01289	0.02663	0.23771	0.02771	0.03708	0.24844	0.07191	0.01610	0.00925	0.00291	0.00666	0.01419	0.00727	0.06883
9	0.12335	0.01504	0.01876	0.20554	0.02963	0.01717	0.01477	0.14620	0.02135	0.03083	0.02862	0.14634	0.08268	0.01590	0.03740	0.00336	0.03597	0.01120	0.00617	0.00973
10	0.15087	0.02225	0.02381	0.15755	0.10133	0.15679	0.04995	0.11000	0.02173	0.02993	0.01825	0.08561	0.01611	0.01032	0.00808	0.00265	0.01048	0.00841	0.00533	0.01053
11	0.21092	0.10842	0.18792	0.01830	0.08329	0.01840	0.01661	0.02439	0.01709	0.03028	0.01717	0.02012	0.01344	0.00835	0.00652	0.00237	0.00817	0.00618	0.19163	0.01042
12	0.01955	0.08475	0.02605	0.14112	0.19993	0.01946	0.01817	0.08182	0.10626	0.03048	0.12830	0.03276	0.02784	0.01093	0.00862	0.00265	0.00853	0.03520	0.00616	0.01142
13	0.08159	0.02011	0.02914	0.13296	0.35012	0.02154	0.02184	0.17935	0.02400	0.03443	0.01670	0.02057	0.01309	0.00843	0.00821	0.00259	0.00982	0.00737	0.00535	0.01281
14	0.02052	0.01829	0.02847	0.36134	0.24508	0.02063	0.02315	0.12660	0.02177	0.02924	0.01633	0.02177	0.01258	0.00850	0.00848	0.00269	0.01060	0.00759	0.00474	0.01163
15	0.09257	0.07205	0.02610	0.27414	0.16774	0.05382	0.01962	0.02518	0.05536	0.02589	0.01642	0.02128	0.01309	0.00880	0.00880	0.00263	0.04701	0.00707	0.05186	0.01056
16	0.12288	0.01895	0.02015	0.07257	0.11232	0.10656	0.01449	0.02607	0.09220	0.02756	0.02139	0.02446	0.04687	0.01516	0.08226	0.00357	0.01036	0.00728	0.00529	0.16961
17	0.01995	0.05275	0.02805	0.06731	0.26480	0.01926	0.04437	0.04742	0.01943	0.05427	0.06982	0.02774	0.05868	0.01058	0.01157	0.00266	0.11794	0.00863	0.00524	0.06954

[dist]
# distance from previous block
# <min> <max>
3	9

[block]
# block no. 3 follows, 21 sequences, length 9
# corresponding to MSA columns:
# 63-71
name=unknown_D
#
# <colnr> <probs for GDERKNQSTAVLIFYWHMCP>
#	G	D	E	R	K	N	Q	S	T	A	V	L	I	F	Y	W	H	M	C	P
0	0.16733	0.01948	0.03019	0.04412	0.52303	0.02000	0.02278	0.02590	0.01841	0.02985	0.01519	0.01963	0.01264	0.00765	0.00780	0.00255	0.00941	0.00699	0.00442	0.01264
1	0.02933	0.02976	0.02379	0.02027	0.02513	0.31310	0.01592	0.25029	0.05931	0.03368	0.01750	0.01951	0.01375	0.01362	0.05491	0.00325	0.05233	0.00687	0.00611	0.01157
2	0.09081	0.01445	0.01768	0.01452	0.01990	0.01403	0.01169	0.03670	0.14319	0.37976	0.13137	0.03389	0.03070	0.01163	0.00854	0.00269	0.00656	0.00955	0.00954	0.01279
3	0.01487	0.01273	0.01651	0.01511	0.01670	0.01552	0.01210	0.01886	0.05806	0.02307	0.03468	0.03920	0.16058	0.02846	0.18738	0.00589	0.23951	0.01049	0.08176	0.00852
4	0.01262	0.00998	0.01093	0.01087	0.01356	0.00924	0.00819	0.07485	0.02083	0.02599	0.06827	0.21507	0.41350	0.02165	0.01018	0.00303	0.00517	0.05022	0.00796	0.00791
5	0.02112	0.02241	0.02414	0.02902	0.22330	0.20629	0.01777	0.02450	0.01853	0.02271	0.01715	0.02335	0.01519	0.02690	0.22688	0.00618	0.05247	0.00747	0.00435	0.01025
6	0.01870	0.01763	0.01603	0.01527	0.01842	0.12979	0.01138	0.06229	0.19587	0.02860	0.08925	0.23315	0.09510	0.01691	0.00938	0.00289	0.00743	0.01438	0.00765	0.00988
7	0.01484	0.00926	0.01229	0.01190	0.01355	0.00946	0.00858	0.01689	0.01571	0.09057	0.07231	0.09947	0.06605	0.23899	0.27259	0.00864	0.01295	0.01220	0.00619	0.00758
8	0.09273	0.01509	0.01618	0.01397	0.01878	0.01571	0.01108	0.09178	0.21553	0.15046	0.04616	0.04328	0.20638	0.01385	0.00872	0.00278	0.00636	0.01122	0.00845	0.01149

[dist]
# distance from previous block
# <min> <max>
21	49

[block]
# block no. 4 follows, 21 sequences, length 29
# corresponding to MSA columns:
# 123-151
name=unknown_E
#
# <colnr> <probs for GDERKNQSTAVLIFYWHMCP>
#	G	D	E	R	K	N	Q	S	T	A	V	L	I	F	Y	W	H	M	C	P
0	0.02079	0.02061	0.03356	0.07200	0.50219	0.05414	0.07212	0.02576	0.01923	0.02663	0.01635	0.02176	0.01371	0.01123	0.05048	0.00326	0.01159	0.00777	0.00423	0.01259
1	0.02150	0.19631	0.03712	0.04256	0.48710	0.02367	0.02315	0.02595	0.01884	0.02580	0.01494	0.01916	0.01282	0.00750	0.00766	0.00235	0.00985	0.00680	0.00407	0.01282
2	0.07208	0.01531	0.02387	0.23021	0.25300	0.01654	0.01910	0.02175	0.01859	0.02697	0.13125	0.03160	0.02616	0.06555	0.01132	0.00312	0.00896	0.00917	0.00518	0.01026
3	0.02064	0.01784	0.02522	0.08292	0.25012	0.05886	0.01869	0.02459	0.01942	0.08516	0.11902	0.02840	0.02461	0.01272	0.03484	0.00310	0.11965	0.00874	0.00559	0.03987
4	0.06829	0.03655	0.33821	0.02081	0.02901	0.21612	0.02224	0.02701	0.01940	0.02487	0.02002	0.02238	0.06131	0.01043	0.00920	0.04017	0.01213	0.00692	0.00429	0.01066
5	0.07830	0.01838	0.02085	0.02494	0.19834	0.10729	0.01518	0.07010	0.02140	0.02899	0.11758	0.03693	0.12604	0.01759	0.07797	0.00374	0.01003	0.01002	0.00604	0.01028
6	0.01552	0.01399	0.02175	0.06167	0.30861	0.01371	0.01675	0.01901	0.01848	0.02483	0.04022	0.20842	0.17107	0.01577	0.00943	0.00286	0.00749	0.01426	0.00600	0.01014
7	0.01256	0.01080	0.01182	0.01246	0.01405	0.06113	0.00902	0.01473	0.01716	0.02188	0.06931	0.32737	0.15780	0.03341	0.17894	0.00584	0.01020	0.01726	0.00682	0.00742
8	0.01927	0.01048	0.01345	0.01209	0.01401	0.01056	0.00853	0.02067	0.01568	0.18081	0.02718	0.04363	0.02597	0.39281	0.12976	0.00743	0.04251	0.01066	0.00638	0.00813
9	0.03381	0.01546	0.01962	0.01570	0.02183	0.01473	0.01275	0.04244	0.18050	0.49502	0.03385	0.02968	0.02233	0.01079	0.00858	0.00270	0.00711	0.00883	0.01005	0.01422
10	0.01837	0.03530	0.41895	0.02634	0.03690	0.02040	0.17946	0.02938	0.09766	0.02814	0.01827	0.02102	0.01329	0.00830	0.00866	0.00276	0.01228	0.00768	0.00443	0.01241
11	0.12594	0.02243	0.02334	0.01831	0.02476	0.02502	0.01505	0.49610	0.08444	0.05018	0.02046	0.02049	0.01472	0.01002	0.00810	0.00259	0.00879	0.00742	0.00810	0.01371
12	0.02615	0.03116	0.02075	0.01980	0.02336	0.46919	0.01525	0.02870	0.02255	0.02198	0.02286	0.07775	0.02285	0.01340	0.00884	0.00268	0.01291	0.14520	0.00543	0.00920
13	0.01238	0.00825	0.00928	0.00928	0.00928	0.00825	0.00516	0.01238	0.01238	0.01650	0.02681	0.05569	0.03094	0.70092	0.04331	0.00825	0.00825	0.01238	0.00516	0.00516
14	0.01238	0.00825	0.00928	0.00928	0.00928	0.00825	0.00516	0.01238	0.01238	0.01650	0.02681	0.05569	0.03094	0.70092	0.04331	0.00825	0.00825	0.01238	0.00516	0.00516
15	0.03179	0.04056	0.02412	0.02192	0.02631	0.66676	0.01644	0.03398	0.02412	0.02083	0.01315	0.01535	0.01096	0.00877	0.00767	0.00219	0.01535	0.00548	0.00438	0.00987
16	0.01765	0.01513	0.01765	0.01260	0.02017	0.01134	0.01008	0.02143	0.01765	0.02773	0.01513	0.01765	0.01260	0.00630	0.00630	0.00126	0.00630	0.00504	0.00504	0.75295
17	0.02106	0.02022	0.03454	0.05223	0.64784	0.02022	0.02612	0.02612	0.01938	0.02780	0.01601	0.02106	0.01348	0.00758	0.00842	0.00253	0.01011	0.00758	0.00421	0.01348
18	0.01983	0.02246	0.04865	0.07662	0.04537	0.02136	0.57942	0.02691	0.01989	0.02691	0.01708	0.02294	0.01281	0.00726	0.00995	0.00287	0.01416	0.00989	0.00427	0.01135
19	0.01238	0.00825	0.00928	0.00928	0.00928	0.00825	0.00516	0.01238	0.01238	0.01650	0.02681	0.05569	0.03094	0.70092	0.04331	0.00825	0.00825	0.01238	0.00516	0.00516
20	0.02106	0.02022	0.03454	0.05223	0.64784	0.02022	0.02612	0.02612	0.01938	0.02780	0.01601	0.02106	0.01348	0.00758	0.00842	0.00253	0.01011	0.00758	0.00421	0.01348
21	0.02661	0.29466	0.03080	0.01805	0.02343	0.37129	0.01494	0.02901	0.02112	0.02069	0.01833	0.01988	0.06028	0.00919	0.00701	0.00210	0.01208	0.00609	0.00437	0.01006
22	0.01034	0.00750	0.00977	0.01159	0.01228	0.00693	0.00779	0.01188	0.01654	0.02182	0.05003	0.64660	0.10304	0.02626	0.01080	0.00341	0.00489	0.02370	0.00790	0.00693
23	0.01186	0.00803	0.00943	0.00994	0.01007	0.00791	0.00586	0.01224	0.01338	0.01784	0.03197	0.21994	0.03745	0.52780	0.03498	0.00702	0.00740	0.01541	0.00586	0.00561
24	0.02317	0.02278	0.02032	0.01590	0.02255	0.18157	0.01250	0.10168	0.02219	0.02929	0.01530	0.01741	0.01242	0.00744	0.00694	0.00167	0.00902	0.00549	0.00532	0.46704
25	0.01973	0.20756	0.25914	0.02631	0.03595	0.02407	0.25753	0.02669	0.01863	0.02527	0.01514	0.01881	0.01166	0.00752	0.00817	0.00254	0.01237	0.00732	0.00389	0.01171
26	0.15575	0.31390	0.28451	0.01784	0.02687	0.02542	0.02036	0.02599	0.01705	0.02613	0.01322	0.01542	0.01055	0.00772	0.00648	0.00232	0.01004	0.00526	0.00392	0.01127
27	0.23612	0.07485	0.02099	0.01801	0.07092	0.11373	0.01327	0.05247	0.10602	0.10454	0.05880	0.02250	0.01857	0.00938	0.00722	0.00246	0.00837	0.00696	0.00638	0.04844
28	0.08206	0.14761	0.03357	0.03901	0.42043	0.08691	0.02168	0.02669	0.01907	0.02652	0.01462	0.01855	0.01242	0.00767	0.00755	0.00237	0.01016	0.00658	0.00421	0.01231

[dist]
# distance from previous block
# <min> <max>
3	5

[block]
# block no. 5 follows, 21 sequences, length 36
# corresponding to MSA columns:
# 157-192
name=unknown_F
#
# <colnr> <probs for GDERKNQSTAVLIFYWHMCP>
#	G	D	E	R	K	N	Q	S	T	A	V	L	I	F	Y	W	H	M	C	P
0	0.25160	0.01800	0.05440	0.17607	0.06110	0.01904	0.01586	0.05830	0.14698	0.03257	0.04585	0.02532	0.04214	0.00984	0.00762	0.00274	0.00822	0.00773	0.00591	0.01071
1	0.02315	0.15816	0.03159	0.03268	0.30186	0.08055	0.01956	0.03158	0.15429	0.05543	0.01980	0.02178	0.01583	0.00863	0.00782	0.00244	0.00951	0.00728	0.00537	0.01269
2	0.01919	0.42571	0.03222	0.01404	0.01934	0.02479	0.01287	0.04775	0.01748	0.02168	0.02154	0.02518	0.06782	0.02411	0.18722	0.00519	0.01246	0.00708	0.00447	0.00985
3	0.15669	0.23709	0.05624	0.01684	0.02329	0.15119	0.01487	0.14161	0.02309	0.08400	0.01573	0.01680	0.01216	0.00855	0.00682	0.00228	0.00993	0.00575	0.00558	0.01147
4	0.02324	0.49120	0.09400	0.01667	0.02360	0.14243	0.01618	0.02654	0.01835	0.02077	0.01298	0.01543	0.01149	0.01075	0.04282	0.00262	0.01127	0.00512	0.00382	0.01070
5	0.16360	0.37694	0.13192	0.01624	0.02359	0.08467	0.01632	0.02735	0.04747	0.02541	0.01361	0.01540	0.01131	0.00787	0.00619	0.00220	0.00961	0.00517	0.00425	0.01089
6	0.01657	0.01048	0.01228	0.07466	0.01677	0.01180	0.00948	0.02207	0.06564	0.02997	0.02547	0.02958	0.02009	0.01040	0.00856	0.00231	0.07154	0.00798	0.54570	0.00865
7	0.01029	0.00770	0.00957	0.01108	0.01214	0.00698	0.00756	0.01194	0.01704	0.02203	0.05633	0.54828	0.19729	0.02544	0.01067	0.00332	0.00479	0.02270	0.00790	0.00698
8	0.02077	0.24483	0.38575	0.02100	0.03086	0.11086	0.02430	0.02745	0.01859	0.02402	0.01394	0.01630	0.01085	0.00793	0.00723	0.00236	0.01189	0.00565	0.00371	0.01171
9	0.01032	0.00758	0.00970	0.01139	0.01222	0.00695	0.00770	0.01190	0.01673	0.02190	0.05248	0.60828	0.13977	0.02594	0.01075	0.00337	0.00485	0.02331	0.00790	0.00695
10	0.01707	0.04402	0.65683	0.02426	0.03683	0.01976	0.03144	0.02695	0.01797	0.02695	0.01527	0.01797	0.01078	0.00809	0.00809	0.00270	0.01258	0.00629	0.00359	0.01258
11	0.02185	0.03208	0.23169	0.03590	0.27821	0.14915	0.07616	0.02805	0.01993	0.02609	0.01531	0.01910	0.01207	0.00794	0.00830	0.00254	0.01230	0.00696	0.00406	0.01230
12	0.01154	0.00838	0.01088	0.01087	0.01256	0.00772	0.00792	0.01485	0.02198	0.03059	0.47205	0.21599	0.10318	0.01983	0.01024	0.00287	0.00425	0.01763	0.00894	0.00772
13	0.01765	0.03722	0.50376	0.02185	0.03289	0.01844	0.02664	0.05432	0.01878	0.02800	0.01587	0.01880	0.01174	0.01068	0.04036	0.00303	0.01203	0.00632	0.00409	0.11753
14	0.03179	0.04056	0.02412	0.02192	0.02631	0.66676	0.01644	0.03398	0.02412	0.02083	0.01315	0.01535	0.01096	0.00877	0.00767	0.00219	0.01535	0.00548	0.00438	0.00987
15	0.01037	0.00741	0.00987	0.01185	0.01234	0.00691	0.00790	0.01185	0.01629	0.02172	0.04690	0.69537	0.05629	0.02666	0.01086	0.00346	0.00494	0.02419	0.00790	0.00691
16	0.01974	0.02753	0.21478	0.04108	0.35637	0.02034	0.14268	0.02658	0.01911	0.02745	0.01603	0.02055	0.01260	0.00765	0.00864	0.00264	0.01164	0.00769	0.00405	0.01283
17	0.01862	0.20164	0.48104	0.02323	0.06170	0.02312	0.02715	0.02656	0.01787	0.02533	0.01448	0.01708	0.01094	0.00787	0.00747	0.00248	0.01163	0.00593	0.00363	0.01222
18	0.01006	0.00862	0.00862	0.00862	0.01149	0.00718	0.00647	0.01221	0.01940	0.02299	0.08621	0.08190	0.64438	0.02155	0.01006	0.00287	0.00431	0.01796	0.00790	0.00718
19	0.03059	0.01838	0.02064	0.01619	0.02200	0.01930	0.01325	0.35716	0.03175	0.19987	0.02516	0.02478	0.01756	0.01024	0.00802	0.00246	0.00778	0.00794	0.15374	0.01320
20	0.01765	0.01513	0.01765	0.01260	0.02017	0.01134	0.01008	0.02143	0.01765	0.02773	0.01513	0.01765	0.01260	0.00630	0.00630	0.00126	0.00630	0.00504	0.00504	0.75295
21	0.02187	0.44265	0.23009	0.01797	0.02683	0.02877	0.01987	0.07902	0.01953	0.02514	0.01365	0.01558	0.01120	0.00779	0.00654	0.00215	0.01019	0.00536	0.00406	0.01174
22	0.01037	0.00741	0.00987	0.01185	0.01234	0.00691	0.00790	0.01185	0.01629	0.02172	0.04690	0.69537	0.05629	0.02666	0.01086	0.00346	0.00494	0.02419	0.00790	0.00691
23	0.01345	0.01101	0.01615	0.01541	0.01662	0.01372	0.01223	0.01625	0.01355	0.01990	0.02048	0.03048	0.01926	0.05406	0.53968	0.01169	0.15496	0.00878	0.00439	0.00794
24	0.01897	0.02018	0.08641	0.06980	0.41008	0.01811	0.05435	0.02436	0.01922	0.02696	0.02176	0.03590	0.02019	0.01082	0.00915	0.00285	0.01015	0.12388	0.00487	0.01199
25	0.02038	0.01986	0.03487	0.12544	0.52388	0.02018	0.07863	0.02570	0.01916	0.02703	0.01601	0.02142	0.01318	0.00766	0.00858	0.00259	0.01064	0.00780	0.00417	0.01282
26	0.01037	0.00741	0.00987	0.01185	0.01234	0.00691	0.00790	0.01185	0.01629	0.02172	0.04690	0.69537	0.05629	0.02666	0.01086	0.00346	0.00494	0.02419	0.00790	0.00691
27	0.02086	0.02167	0.07467	0.01684	0.02154	0.13959	0.01465	0.15789	0.02493	0.03056	0.04053	0.05293	0.17316	0.01580	0.00950	0.00292	0.00920	0.15580	0.00697	0.01001
28	0.02109	0.51229	0.22378	0.01740	0.02623	0.02960	0.01950	0.02591	0.01749	0.02205	0.01284	0.01491	0.01088	0.00752	0.00623	0.00208	0.01012	0.00506	0.00363	0.01141
29	0.01218	0.00904	0.01330	0.01330	0.01469	0.01043	0.01017	0.01496	0.01357	0.01948	0.02314	0.03533	0.02210	0.11804	0.61411	0.01321	0.02156	0.00940	0.00461	0.00739
30	0.02660	0.03115	0.02767	0.05639	0.22541	0.37892	0.01999	0.02981	0.02135	0.02306	0.01396	0.01774	0.01180	0.00893	0.00975	0.00246	0.07341	0.00641	0.00425	0.01095
31	0.02144	0.02141	0.03270	0.11643	0.53232	0.07510	0.02503	0.02632	0.01953	0.02656	0.01567	0.02075	0.01304	0.00778	0.00837	0.00253	0.01069	0.00740	0.00418	0.01274
32	0.02612	0.02947	0.23355	0.02306	0.03198	0.02236	0.10718	0.29279	0.02866	0.09225	0.01941	0.02072	0.01361	0.00911	0.00860	0.00265	0.01094	0.00763	0.00648	0.01343
33	0.01805	0.03815	0.50342	0.03115	0.18746	0.01988	0.03013	0.02675	0.01831	0.02716	0.01545	0.01873	0.01145	0.00796	0.00817	0.00265	0.01197	0.00661	0.00375	0.01280
34	0.12795	0.02760	0.29277	0.02140	0.08025	0.01695	0.02108	0.03021	0.01979	0.21060	0.05503	0.02337	0.01763	0.00924	0.00796	0.00265	0.00950	0.00732	0.00621	0.01248
35	0.01996	0.05768	0.17193	0.01728	0.02335	0.01793	0.01654	0.22015	0.02497	0.03371	0.03198	0.21918	0.07906	0.01526	0.00906	0.00284	0.00842	0.01281	0.00685	0.01104

[dist]
# distance from previous block
# <min> <max>
5	28

[block]
# block no. 6 follows, 21 sequences, length 68
# corresponding to MSA columns:
# 221-288
name=unknown_G
#
# <colnr> <probs for GDERKNQSTAVLIFYWHMCP>
#	G	D	E	R	K	N	Q	S	T	A	V	L	I	F	Y	W	H	M	C	P
0	0.02244	0.03620	0.29382	0.02396	0.07164	0.22959	0.02283	0.03108	0.10229	0.02584	0.01758	0.01990	0.01355	0.01135	0.03891	0.00306	0.01300	0.00669	0.00462	0.01164
1	0.01877	0.03514	0.42327	0.02138	0.03078	0.06036	0.02451	0.05292	0.11490	0.02881	0.02097	0.06625	0.01680	0.01008	0.00827	0.00271	0.01087	0.00808	0.03308	0.01206
2	0.06885	0.02014	0.13255	0.02378	0.16526	0.01635	0.01697	0.02680	0.12880	0.06698	0.02578	0.03331	0.04785	0.17153	0.01644	0.00399	0.00882	0.00917	0.00577	0.01086
3	0.02124	0.38416	0.15011	0.02752	0.21119	0.02720	0.02100	0.02593	0.01803	0.02357	0.01369	0.01663	0.01166	0.00751	0.00681	0.00219	0.01002	0.00576	0.00380	0.01198
4	0.18887	0.01610	0.06304	0.01673	0.02200	0.01418	0.14722	0.02014	0.01895	0.02931	0.12486	0.04579	0.23258	0.01362	0.00880	0.00278	0.00763	0.01190	0.00638	0.00911
5	0.01978	0.02582	0.16480	0.01747	0.02299	0.16211	0.01630	0.06878	0.06488	0.03099	0.26904	0.03682	0.04007	0.01237	0.00885	0.00258	0.00913	0.01009	0.00680	0.01033
6	0.07681	0.65555	0.04224	0.01431	0.02145	0.03261	0.01417	0.02545	0.01709	0.02135	0.01183	0.01366	0.01080	0.00733	0.00545	0.00188	0.00892	0.00455	0.00376	0.01080
7	0.01441	0.01166	0.01373	0.01224	0.01605	0.01052	0.00922	0.02041	0.10549	0.02846	0.17745	0.19036	0.10572	0.01580	0.00892	0.00248	0.00532	0.01375	0.00749	0.23052
8	0.02150	0.02145	0.03542	0.04932	0.56450	0.05163	0.07779	0.02660	0.01967	0.02742	0.01598	0.02095	0.01331	0.00760	0.00853	0.00254	0.01074	0.00770	0.00423	0.01313
9	0.02640	0.43742	0.03633	0.01753	0.02364	0.28922	0.01532	0.02891	0.02005	0.02035	0.01237	0.01434	0.01094	0.00788	0.00635	0.00197	0.01162	0.00493	0.00394	0.01050
10	0.01055	0.00865	0.00985	0.00998	0.01239	0.00795	0.00751	0.01286	0.01789	0.02217	0.06920	0.11230	0.46364	0.03147	0.15890	0.00536	0.00854	0.01638	0.00715	0.00726
11	0.02604	0.01706	0.01857	0.01511	0.02007	0.01832	0.01219	0.30895	0.08462	0.09975	0.05553	0.02766	0.02149	0.01063	0.00785	0.00243	0.00708	0.00838	0.22610	0.01215
12	0.01121	0.00838	0.01041	0.01050	0.01235	0.00758	0.00765	0.01422	0.02123	0.02874	0.37955	0.21354	0.20247	0.02048	0.01023	0.00290	0.00429	0.01800	0.00870	0.00758
13	0.01451	0.10424	0.01833	0.01419	0.01662	0.04485	0.01144	0.01747	0.01466	0.01984	0.02086	0.02992	0.01939	0.05362	0.54701	0.01154	0.02060	0.00833	0.00443	0.00815
14	0.01707	0.04402	0.65683	0.02426	0.03683	0.01976	0.03144	0.02695	0.01797	0.02695	0.01527	0.01797	0.01078	0.00809	0.00809	0.00270	0.01258	0.00629	0.00359	0.01258
15	0.76103	0.01646	0.01251	0.01119	0.01646	0.01909	0.00922	0.02502	0.01448	0.03818	0.01185	0.01382	0.00922	0.00790	0.00527	0.00263	0.00658	0.00461	0.00527	0.00922
16	0.01037	0.00741	0.00987	0.01185	0.01234	0.00691	0.00790	0.01185	0.01629	0.02172	0.04690	0.69537	0.05629	0.02666	0.01086	0.00346	0.00494	0.02419	0.00790	0.00691
17	0.01765	0.01513	0.01765	0.01260	0.02017	0.01134	0.01008	0.02143	0.01765	0.02773	0.01513	0.01765	0.01260	0.00630	0.00630	0.00126	0.00630	0.00504	0.00504	0.75295
18	0.01037	0.00741	0.00987	0.01185	0.01234	0.00691	0.00790	0.01185	0.01629	0.02172	0.04690	0.69537	0.05629	0.02666	0.01086	0.00346	0.00494	0.02419	0.00790	0.00691
19	0.01037	0.00741	0.00987	0.01185	0.01234	0.00691	0.00790	0.01185	0.01629	0.02172	0.04690	0.69537	0.05629	0.02666	0.01086	0.00346	0.00494	0.02419	0.00790	0.00691
20	0.01371	0.00980	0.01371	0.01567	0.01763	0.00980	0.01371	0.01763	0.01959	0.02547	0.04506	0.09599	0.04898	0.02351	0.01175	0.00392	0.00784	0.59056	0.00784	0.00784
21	0.01017	0.00863	0.00877	0.00874	0.01156	0.00723	0.00655	0.01243	0.01966	0.02361	0.11720	0.08088	0.61301	0.02132	0.01006	0.00286	0.00429	0.01782	0.00798	0.00723
22	0.02144	0.55325	0.18590	0.01680	0.02530	0.03046	0.01846	0.02582	0.01745	0.02162	0.01263	0.01465	0.01089	0.00747	0.00607	0.00202	0.00990	0.00495	0.00363	0.01130
23	0.76103	0.01646	0.01251	0.01119	0.01646	0.01909	0.00922	0.02502	0.01448	0.03818	0.01185	0.01382	0.00922	0.00790	0.00527	0.00263	0.00658	0.00461	0.00527	0.00922
24	0.02014	0.02571	0.17817	0.04578	0.50682	0.02011	0.02735	0.02631	0.01905	0.02761	0.01584	0.02035	0.01286	0.00770	0.00835	0.00257	0.01068	0.00728	0.00407	0.01327
25	0.02236	0.54776	0.04227	0.02326	0.16632	0.03057	0.01723	0.02563	0.01777	0.02182	0.01279	0.01536	0.01151	0.00735	0.00614	0.00198	0.00933	0.00525	0.00377	0.01151
26	0.01191	0.00806	0.00942	0.00987	0.00999	0.00794	0.00579	0.01225	0.01328	0.01771	0.03145	0.20333	0.03679	0.54530	0.03582	0.00714	0.00749	0.01510	0.00579	0.00556
27	0.01890	0.05489	0.18502	0.02947	0.03742	0.02166	0.34956	0.02556	0.01835	0.02573	0.01691	0.04801	0.01385	0.00924	0.01191	0.00293	0.10604	0.00916	0.00418	0.01122
28	0.76103	0.01646	0.01251	0.01119	0.01646	0.01909	0.00922	0.02502	0.01448	0.03818	0.01185	0.01382	0.00922	0.00790	0.00527	0.00263	0.00658	0.00461	0.00527	0.00922
29	0.01238	0.00825	0.00928	0.00928	0.00928	0.00825	0.00516	0.01238	0.01238	0.01650	0.02681	0.05569	0.03094	0.70092	0.04331	0.00825	0.00825	0.01238	0.00516	0.00516
30	0.02942	0.05900	0.02054	0.01414	0.02114	0.01342	0.01172	0.03286	0.02136	0.37604	0.02519	0.02370	0.01721	0.00872	0.00751	0.00206	0.00700	0.00697	0.00801	0.29397
31	0.02275	0.70604	0.04459	0.01456	0.02184	0.03367	0.01456	0.02548	0.01729	0.02002	0.01183	0.01365	0.01092	0.00728	0.00546	0.00182	0.00910	0.00455	0.00364	0.01092
32	0.02707	0.02628	0.02224	0.01924	0.02442	0.21490	0.01502	0.18238	0.30615	0.03561	0.02476	0.02409	0.01869	0.01039	0.00833	0.00260	0.00995	0.00791	0.00735	0.01264
33	0.01607	0.01513	0.02552	0.68047	0.05861	0.01891	0.02363	0.02174	0.01702	0.02174	0.01513	0.02269	0.01134	0.00851	0.00851	0.00284	0.01134	0.00756	0.00378	0.00945
34	0.02106	0.02022	0.03454	0.05223	0.64784	0.02022	0.02612	0.02612	0.01938	0.02780	0.01601	0.02106	0.01348	0.00758	0.00842	0.00253	0.01011	0.00758	0.00421	0.01348
35	0.01098	0.00866	0.00990	0.00959	0.01206	0.00758	0.00719	0.01400	0.02158	0.02817	0.34522	0.07338	0.38215	0.01962	0.01005	0.00278	0.00417	0.01677	0.00858	0.00758
36	0.02074	0.01989	0.03397	0.09245	0.61012	0.02014	0.02596	0.02584	0.01923	0.02741	0.01595	0.02117	0.01334	0.00764	0.00843	0.00255	0.01019	0.00758	0.00418	0.01322
37	0.01006	0.00862	0.00862	0.00862	0.01149	0.00718	0.00647	0.01221	0.01940	0.02299	0.08621	0.08190	0.64438	0.02155	0.01006	0.00287	0.00431	0.01796	0.00790	0.00718
38	0.02445	0.02086	0.02839	0.03459	0.32091	0.02227	0.02029	0.20732	0.16434	0.03727	0.02154	0.02329	0.01661	0.00926	0.00850	0.00262	0.00912	0.00807	0.00650	0.01377
39	0.01765	0.01513	0.01765	0.01260	0.02017	0.01134	0.01008	0.02143	0.01765	0.02773	0.01513	0.01765	0.01260	0.00630	0.00630	0.00126	0.00630	0.00504	0.00504	0.75295
40	0.01936	0.06821	0.27734	0.03500	0.21553	0.02115	0.18792	0.02671	0.01891	0.02690	0.01582	0.01998	0.01215	0.00765	0.00857	0.00265	0.01215	0.00759	0.00397	0.01245
41	0.01006	0.00862	0.00862	0.00862	0.01149	0.00718	0.00647	0.01221	0.01940	0.02299	0.08621	0.08190	0.64438	0.02155	0.01006	0.00287	0.00431	0.01796	0.00790	0.00718
42	0.03432	0.02067	0.02358	0.01808	0.02481	0.02170	0.01494	0.42404	0.03472	0.25653	0.02488	0.02332	0.01670	0.01032	0.00853	0.00258	0.00865	0.00796	0.00920	0.01448
43	0.02117	0.01828	0.01924	0.01732	0.02213	0.02117	0.01347	0.04522	0.63246	0.03560	0.03464	0.03175	0.02598	0.01155	0.00866	0.00289	0.00673	0.00962	0.00866	0.01347
44	0.02046	0.02350	0.08848	0.01907	0.05455	0.13070	0.05864	0.02490	0.01910	0.02638	0.01498	0.01782	0.01218	0.00705	0.00711	0.00175	0.00934	0.00574	0.00468	0.45357
45	0.01238	0.00825	0.00928	0.00928	0.00928	0.00825	0.00516	0.01238	0.01238	0.01650	0.02681	0.05569	0.03094	0.70092	0.04331	0.00825	0.00825	0.01238	0.00516	0.00516
46	0.02564	0.22837	0.02885	0.01775	0.02359	0.14242	0.01484	0.14443	0.22873	0.03165	0.02131	0.02128	0.01663	0.00952	0.00750	0.00238	0.00949	0.00700	0.00636	0.01225
47	0.03179	0.04056	0.02412	0.02192	0.02631	0.66676	0.01644	0.03398	0.02412	0.02083	0.01315	0.01535	0.01096	0.00877	0.00767	0.00219	0.01535	0.00548	0.00438	0.00987
48	0.02402	0.15101	0.16966	0.01875	0.02595	0.05479	0.01819	0.26317	0.02677	0.03539	0.02107	0.11333	0.01870	0.01144	0.00815	0.00256	0.00971	0.00900	0.00622	0.01211
49	0.01939	0.31415	0.40701	0.02030	0.03072	0.02544	0.02455	0.02635	0.01769	0.02412	0.01387	0.01621	0.01084	0.00776	0.00701	0.00234	0.01116	0.00558	0.00361	0.01190
50	0.01216	0.00912	0.01368	0.01368	0.01520	0.01064	0.01064	0.01520	0.01368	0.01976	0.02279	0.03343	0.02127	0.06382	0.66720	0.01368	0.02279	0.00912	0.00456	0.00760
51	0.02681	0.29328	0.09860	0.01938	0.02572	0.35847	0.01731	0.03002	0.02088	0.02117	0.01288	0.01498	0.01093	0.00813	0.00688	0.00210	0.01269	0.00521	0.00402	0.01055
52	0.01794	0.10963	0.54898	0.02532	0.08005	0.02121	0.02933	0.02674	0.01800	0.02631	0.01498	0.01775	0.01099	0.00797	0.00784	0.00259	0.01204	0.00621	0.00364	0.01247
53	0.01258	0.00843	0.01020	0.01020	0.01069	0.00878	0.00648	0.01357	0.01308	0.01837	0.02596	0.04880	0.02804	0.50329	0.18457	0.00904	0.01129	0.01130	0.05942	0.00592
54	0.01123	0.00867	0.01025	0.00986	0.01222	0.00768	0.00739	0.01449	0.02217	0.02958	0.41601	0.07105	0.31047	0.01909	0.01005	0.00276	0.00414	0.01644	0.00877	0.00768
55	0.02011	0.02555	0.15435	0.12765	0.35082	0.05606	0.09059	0.02625	0.01913	0.02638	0.01572	0.02057	0.01247	0.00783	0.00851	0.00262	0.01150	0.00748	0.00405	0.01235
56	0.02866	0.02186	0.02554	0.16921	0.03369	0.02470	0.01786	0.48413	0.03481	0.04641	0.01923	0.02094	0.01376	0.00983	0.00851	0.00262	0.00981	0.00764	0.00744	0.01334
57	0.03189	0.03752	0.02438	0.02150	0.02632	0.55028	0.01639	0.14048	0.02701	0.02679	0.01448	0.01627	0.01160	0.00903	0.00783	0.00226	0.01426	0.00588	0.00514	0.01070
58	0.23368	0.01653	0.01837	0.17258	0.02856	0.04862	0.01481	0.10042	0.02068	0.07390	0.02482	0.03619	0.04791	0.01207	0.00821	0.00290	0.00867	0.11485	0.00624	0.00999
59	0.25270	0.15033	0.07169	0.14603	0.06919	0.08977	0.01692	0.06571	0.01879	0.02937	0.01371	0.01687	0.01087	0.00814	0.00681	0.00247	0.00973	0.00578	0.00461	0.01052
60	0.01974	0.09033	0.26428	0.03857	0.36714	0.02126	0.02704	0.02637	0.01867	0.02679	0.01536	0.01926	0.01226	0.00774	0.00803	0.00253	0.01093	0.00684	0.00393	0.01292
61	0.02396	0.05778	0.11531	0.03304	0.27926	0.11608	0.02168	0.14280	0.02328	0.03050	0.01608	0.01966	0.01291	0.00981	0.00982	0.05305	0.01084	0.00696	0.00494	0.01224
62	0.06673	0.14802	0.01966	0.01371	0.01731	0.08328	0.01151	0.01972	0.01881	0.02405	0.07949	0.05252	0.19438	0.01947	0.05776	0.00359	0.03624	0.11893	0.00620	0.00862
63	0.18246	0.01661	0.04712	0.01482	0.01830	0.05905	0.01244	0.02132	0.01806	0.05365	0.12202	0.08013	0.09327	0.01448	0.01190	0.00292	0.12937	0.05264	0.00631	0.04314
64	0.07874	0.02624	0.02362	0.07981	0.13720	0.27953	0.01723	0.05166	0.02073	0.02600	0.01553	0.01934	0.01275	0.00930	0.00965	0.00249	0.08184	0.00655	0.09146	0.01033
65	0.11166	0.10875	0.04955	0.01737	0.02332	0.20289	0.01457	0.13419	0.02353	0.09826	0.01724	0.01883	0.01328	0.01221	0.04949	0.00298	0.01118	0.00622	0.00584	0.07864
66	0.20014	0.18424	0.02665	0.01915	0.06460	0.23666	0.01470	0.07274	0.02115	0.06809	0.01458	0.01623	0.01162	0.00836	0.00677	0.00229	0.01054	0.00556	0.00510	0.01083
67	0.07656	0.02729	0.09604	0.02205	0.06129	0.16709	0.06110	0.22057	0.02739	0.06636	0.07457	0.02313	0.01906	0.00979	0.00830	0.00253	0.01071	0.00773	0.00644	0.01200

[dist]
# distance from previous block
# <min> <max>
14	43

[block]
# block no. 7 follows, 21 sequences, length 30
# corresponding to MSA columns:
# 338-367
name=unknown_H
#
# <colnr> <probs for GDERKNQSTAVLIFYWHMCP>
#	G	D	E	R	K	N	Q	S	T	A	V	L	I	F	Y	W	H	M	C	P
0	0.02143	0.02235	0.05721	0.07509	0.16503	0.15307	0.01740	0.10321	0.02395	0.03065	0.17977	0.05952	0.03192	0.01164	0.00879	0.00257	0.00954	0.00981	0.00625	0.01081
1	0.05764	0.11260	0.04871	0.21998	0.03234	0.11639	0.01660	0.02540	0.01858	0.09488	0.01973	0.06655	0.01658	0.01466	0.06523	0.00351	0.01120	0.00802	0.04141	0.01000
2	0.03099	0.05260	0.02440	0.01964	0.02497	0.33150	0.05449	0.06099	0.02440	0.20567	0.06930	0.02374	0.01963	0.00986	0.00823	0.00241	0.01156	0.00752	0.00670	0.01141
3	0.20036	0.04602	0.07554	0.01731	0.08387	0.04744	0.01321	0.02507	0.06582	0.06383	0.02870	0.07891	0.08555	0.01152	0.00747	0.00258	0.00731	0.00915	0.12024	0.01010
4	0.07687	0.06115	0.20391	0.09212	0.02846	0.01866	0.01870	0.11611	0.02161	0.08005	0.04951	0.02665	0.05820	0.01031	0.00865	0.00262	0.03470	0.00795	0.07252	0.01123
5	0.05852	0.31246	0.12207	0.05450	0.02727	0.24935	0.01786	0.02841	0.01961	0.02221	0.01296	0.01535	0.01086	0.00801	0.00676	0.00217	0.01176	0.00529	0.00397	0.01063
6	0.02110	0.02907	0.28627	0.03003	0.20861	0.01948	0.02443	0.03182	0.14361	0.08974	0.02119	0.02272	0.01564	0.00888	0.00835	0.00268	0.01016	0.00756	0.00547	0.01320
7	0.21377	0.08290	0.12138	0.05588	0.13655	0.11906	0.01842	0.02928	0.09505	0.02933	0.01632	0.01864	0.01282	0.00844	0.00723	0.00253	0.00992	0.00629	0.00490	0.01128
8	0.11497	0.10450	0.29932	0.02045	0.02965	0.06338	0.06642	0.05141	0.01919	0.05736	0.01552	0.01776	0.01159	0.00797	0.00742	0.00241	0.01073	0.00615	0.00459	0.08922
9	0.01969	0.29192	0.15982	0.02136	0.10928	0.02288	0.01863	0.02448	0.01796	0.02439	0.01632	0.02272	0.01453	0.00856	0.00705	0.00215	0.00931	0.05111	0.00430	0.15354
10	0.01470	0.01033	0.01275	0.01302	0.01493	0.01034	0.00974	0.10177	0.02083	0.02815	0.09729	0.35529	0.07423	0.02212	0.01165	0.04826	0.00597	0.09776	0.04276	0.00811
11	0.02786	0.03349	0.02232	0.01933	0.02460	0.48448	0.01467	0.03049	0.02232	0.02275	0.01370	0.01599	0.01142	0.00808	0.00729	0.00193	0.01283	0.00536	0.00457	0.21653
12	0.02197	0.51533	0.09031	0.02296	0.14996	0.02986	0.01822	0.02573	0.01777	0.02214	0.01295	0.01549	0.01143	0.00740	0.00627	0.00203	0.00958	0.00530	0.00375	0.01157
13	0.01238	0.00825	0.00928	0.00928	0.00928	0.00825	0.00516	0.01238	0.01238	0.01650	0.02681	0.05569	0.03094	0.70092	0.04331	0.00825	0.00825	0.01238	0.00516	0.00516
14	0.01707	0.04402	0.65683	0.02426	0.03683	0.01976	0.03144	0.02695	0.01797	0.02695	0.01527	0.01797	0.01078	0.00809	0.00809	0.00270	0.01258	0.00629	0.00359	0.01258
15	0.01787	0.01696	0.02878	0.45399	0.27103	0.01938	0.02453	0.02332	0.01787	0.02393	0.01544	0.02210	0.01211	0.00817	0.00848	0.00272	0.01090	0.00757	0.00394	0.01091
16	0.02159	0.36717	0.17209	0.02600	0.17473	0.05941	0.02103	0.02638	0.01828	0.02340	0.01363	0.01643	0.01150	0.00760	0.00684	0.00219	0.01040	0.00569	0.00380	0.01183
17	0.01164	0.00868	0.01082	0.01028	0.01247	0.00786	0.00771	0.01528	0.02314	0.03187	0.53036	0.06729	0.19469	0.01824	0.01004	0.00272	0.00407	0.01591	0.00907	0.00786
18	0.01629	0.01698	0.05879	0.02753	0.14521	0.01561	0.18343	0.02086	0.01879	0.02587	0.07603	0.18609	0.06203	0.01478	0.01101	0.00304	0.04994	0.05185	0.00584	0.01003
19	0.01935	0.01438	0.01733	0.01553	0.01851	0.01607	0.01213	0.22321	0.02366	0.03274	0.02790	0.20619	0.02764	0.02838	0.17509	0.00563	0.06239	0.01248	0.05148	0.00993
20	0.01091	0.00885	0.00981	0.01013	0.01277	0.00775	0.00798	0.01355	0.01980	0.02433	0.12178	0.08317	0.48630	0.02160	0.01038	0.00306	0.00496	0.12748	0.00800	0.00738
21	0.01026	0.00782	0.00944	0.01074	0.01205	0.00701	0.00741	0.01197	0.01736	0.02216	0.06045	0.48396	0.25895	0.02490	0.01058	0.00326	0.00472	0.02205	0.00790	0.00701
22	0.31563	0.05679	0.08868	0.13842	0.07046	0.15124	0.01702	0.02654	0.01772	0.02896	0.01334	0.01665	0.01048	0.00816	0.00686	0.00254	0.01021	0.00569	0.00450	0.01011
23	0.01681	0.03046	0.35901	0.02657	0.12563	0.01779	0.06417	0.02400	0.01873	0.02730	0.09722	0.07622	0.02362	0.01087	0.00970	0.00279	0.04353	0.00931	0.00480	0.01148
24	0.22727	0.02183	0.11013	0.19828	0.10430	0.02074	0.01947	0.14508	0.02137	0.03419	0.01541	0.01893	0.01155	0.00852	0.00754	0.00267	0.00965	0.00659	0.00518	0.01129
25	0.02073	0.12511	0.13901	0.02347	0.12007	0.15049	0.05055	0.02621	0.04801	0.02504	0.02672	0.02853	0.10506	0.01024	0.00793	0.00243	0.01023	0.00825	0.06113	0.01077
26	0.01962	0.07839	0.20040	0.08875	0.31003	0.02120	0.10851	0.02611	0.01876	0.02644	0.01560	0.02008	0.01233	0.00771	0.00834	0.00259	0.01137	0.00735	0.00399	0.01246
27	0.02668	0.03199	0.15442	0.05817	0.11843	0.21520	0.02113	0.21072	0.02673	0.03319	0.01632	0.01861	0.01238	0.00889	0.00816	0.00248	0.01201	0.00672	0.00544	0.01232
28	0.16102	0.01957	0.07199	0.10826	0.15439	0.01894	0.04623	0.02556	0.06494	0.02880	0.01591	0.01972	0.01275	0.00859	0.00947	0.00254	0.07663	0.00672	0.00476	0.14320
29	0.02151	0.02395	0.14733	0.05628	0.08381	0.01906	0.08799	0.18291	0.02419	0.03387	0.02117	0.02348	0.05080	0.00893	0.00819	0.00235	0.00972	0.00769	0.00564	0.18113

[dist]
# distance from previous block
# <min> <max>
1	27

[block]
# block no. 8 follows, 21 sequences, length 95
# corresponding to MSA columns:
# 395-489
name=unknown_I
#
# <colnr> <probs for GDERKNQSTAVLIFYWHMCP>
#	G	D	E	R	K	N	Q	S	T	A	V	L	I	F	Y	W	H	M	C	P
0	0.20376	0.02333	0.11938	0.07388	0.21829	0.02121	0.02032	0.16234	0.02256	0.03575	0.01584	0.01880	0.01211	0.00841	0.00763	0.00261	0.00953	0.00668	0.00534	0.01225
1	0.01955	0.18714	0.27922	0.07602	0.22437	0.02305	0.02536	0.02599	0.01818	0.02526	0.01470	0.01826	0.01169	0.00777	0.00762	0.00245	0.01093	0.00638	0.00381	0.01226
2	0.01864	0.05628	0.19389	0.07239	0.17305	0.05160	0.02154	0.06238	0.01881	0.02598	0.01752	0.02298	0.01452	0.02305	0.18449	0.00553	0.01442	0.00740	0.00437	0.01115
3	0.01199	0.00980	0.01102	0.01271	0.01353	0.05261	0.00873	0.01362	0.01697	0.02182	0.04450	0.62330	0.05285	0.02529	0.01068	0.00339	0.00578	0.04662	0.00765	0.00715
4	0.02587	0.02052	0.02122	0.01799	0.02345	0.05046	0.01427	0.20162	0.40151	0.08258	0.02973	0.02774	0.02183	0.01099	0.00857	0.00275	0.00787	0.00883	0.00856	0.01366
5	0.01998	0.01903	0.03192	0.18736	0.49273	0.01998	0.02503	0.02599	0.04529	0.02682	0.01662	0.02188	0.01355	0.00795	0.00845	0.00261	0.01023	0.00767	0.00431	0.01260
6	0.01722	0.04294	0.62574	0.02485	0.03722	0.01985	0.06145	0.02697	0.01808	0.02697	0.01537	0.01822	0.01089	0.00804	0.00819	0.00270	0.01267	0.00648	0.00363	0.01252
7	0.22780	0.18023	0.34225	0.01847	0.02784	0.02260	0.02151	0.02609	0.01684	0.02861	0.01356	0.01586	0.01037	0.00786	0.00672	0.00249	0.01013	0.00544	0.00407	0.01127
8	0.02045	0.01960	0.03344	0.12872	0.57610	0.02006	0.02582	0.02558	0.01909	0.02706	0.01590	0.02126	0.01322	0.00770	0.00844	0.00257	0.01026	0.00758	0.00416	0.01299
9	0.01006	0.00862	0.00862	0.00862	0.01149	0.00718	0.00647	0.01221	0.01940	0.02299	0.08621	0.08190	0.64438	0.02155	0.01006	0.00287	0.00431	0.01796	0.00790	0.00718
10	0.02183	0.04028	0.45004	0.02438	0.06049	0.16001	0.02670	0.02939	0.01979	0.06674	0.01604	0.01825	0.01161	0.00837	0.00804	0.00257	0.01272	0.00632	0.00425	0.01215
11	0.01833	0.01744	0.02961	0.39556	0.32583	0.01950	0.02476	0.02373	0.01809	0.02449	0.01553	0.02195	0.01231	0.00809	0.00847	0.00270	0.01078	0.00757	0.00398	0.01128
12	0.01216	0.00912	0.01368	0.01368	0.01520	0.01064	0.01064	0.01520	0.01368	0.01976	0.02279	0.03343	0.02127	0.06382	0.66720	0.01368	0.02279	0.00912	0.00456	0.00760
13	0.02106	0.02022	0.03454	0.05223	0.64784	0.02022	0.02612	0.02612	0.01938	0.02780	0.01601	0.02106	0.01348	0.00758	0.00842	0.00253	0.01011	0.00758	0.00421	0.01348
14	0.02106	0.02022	0.03454	0.05223	0.64784	0.02022	0.02612	0.02612	0.01938	0.02780	0.01601	0.02106	0.01348	0.00758	0.00842	0.00253	0.01011	0.00758	0.00421	0.01348
15	0.01207	0.00867	0.01124	0.01061	0.01249	0.00804	0.00784	0.01582	0.02332	0.03297	0.60293	0.06305	0.07706	0.06220	0.01222	0.00304	0.00429	0.01519	0.00909	0.00784
16	0.76103	0.01646	0.01251	0.01119	0.01646	0.01909	0.00922	0.02502	0.01448	0.03818	0.01185	0.01382	0.00922	0.00790	0.00527	0.00263	0.00658	0.00461	0.00527	0.00922
17	0.01954	0.01838	0.02964	0.24121	0.37928	0.01995	0.02360	0.02742	0.10368	0.02701	0.01832	0.02305	0.01455	0.00842	0.00848	0.00267	0.01002	0.00786	0.00470	0.01224
