[name]
unknown

[dist]
# distance from previous block
# <min> <max>
0	0

[block]
# block no. 0 follows, 22 sequences, length 31
# corresponding to MSA columns:
# 0-30
name=unknown_A
#
# <colnr> <probs for GDERKNQSTAVLIFYWHMCP>
#	G	D	E	R	K	N	Q	S	T	A	V	L	I	F	Y	W	H	M	C	P
0	0.01339	0.00956	0.01339	0.01530	0.01721	0.00956	0.01339	0.01721	0.01912	0.02486	0.04399	0.09371	0.04781	0.02295	0.01147	0.00382	0.00765	0.60031	0.00765	0.00765
1	0.01691	0.04152	0.62558	0.02538	0.07468	0.01932	0.03037	0.02626	0.01763	0.02636	0.01495	0.01773	0.01069	0.00786	0.00791	0.00262	0.01213	0.00622	0.00355	0.01233
2	0.07240	0.17916	0.02706	0.01928	0.02420	0.50183	0.01525	0.03092	0.02160	0.02116	0.01250	0.01455	0.01059	0.00821	0.00690	0.00209	0.01320	0.00511	0.00418	0.00981
3	0.01048	0.00804	0.00961	0.01008	0.01185	0.00716	0.00723	0.01289	0.01924	0.02518	0.23609	0.28611	0.28296	0.02155	0.01008	0.00294	0.00433	0.01887	0.00813	0.00716
4	0.01194	0.00800	0.00910	0.00924	0.00927	0.00796	0.00522	0.01204	0.01235	0.01647	0.02758	0.10066	0.03197	0.65934	0.04002	0.00772	0.00782	0.01290	0.00522	0.00516
5	0.02476	0.27707	0.02765	0.01609	0.02093	0.31023	0.01336	0.02743	0.01992	0.02215	0.01520	0.01755	0.01278	0.00826	0.00638	0.00197	0.01057	0.00550	0.15257	0.00963
6	0.03103	0.03959	0.02354	0.02140	0.02568	0.67469	0.01605	0.03317	0.02354	0.02033	0.01284	0.01498	0.01070	0.00856	0.00749	0.00214	0.01498	0.00535	0.00428	0.00963
7	0.01856	0.02149	0.12589	0.09594	0.36873	0.01753	0.02259	0.02401	0.01841	0.02674	0.04375	0.02152	0.01534	0.00777	0.00790	0.00231	0.00944	0.00712	0.00435	0.14059
8	0.02056	0.01974	0.03372	0.05099	0.65622	0.01974	0.02550	0.02550	0.01892	0.02714	0.01563	0.02056	0.01316	0.00740	0.00822	0.00247	0.00987	0.00740	0.00411	0.01316
9	0.01948	0.08453	0.51567	0.02269	0.03327	0.13279	0.02714	0.02740	0.01853	0.02486	0.01434	0.01683	0.01056	0.00796	0.00766	0.00249	0.01253	0.00590	0.00364	0.01172
10	0.01089	0.00780	0.00993	0.01111	0.01187	0.00724	0.00730	0.01217	0.01522	0.02051	0.04024	0.53753	0.04776	0.16007	0.01664	0.00419	0.00553	0.02033	0.00703	0.04665
11	0.02091	0.01808	0.01970	0.04977	0.04408	0.08474	0.01326	0.18163	0.02106	0.02766	0.01919	0.03119	0.01855	0.25332	0.02379	0.00463	0.14492	0.00881	0.00546	0.00924
12	0.01075	0.00834	0.00978	0.00966	0.01185	0.00737	0.00716	0.01364	0.02079	0.02740	0.34552	0.12974	0.32890	0.01961	0.00988	0.00277	0.00413	0.01693	0.00838	0.00737
13	0.76672	0.01607	0.01221	0.01092	0.01607	0.01864	0.00900	0.02442	0.01414	0.03727	0.01157	0.01350	0.00900	0.00771	0.00514	0.00257	0.00643	0.00450	0.00514	0.00900
14	0.02093	0.15424	0.02564	0.02193	0.13334	0.02005	0.01583	0.18016	0.02386	0.03125	0.02909	0.04446	0.06867	0.01351	0.00873	0.00276	0.00843	0.17985	0.00639	0.01088
15	0.01569	0.01477	0.02492	0.68808	0.05722	0.01846	0.02307	0.02123	0.01661	0.02123	0.01477	0.02215	0.01107	0.00831	0.00831	0.00277	0.01107	0.00738	0.00369	0.00923
16	0.01063	0.00845	0.00955	0.00927	0.01172	0.00736	0.00695	0.01350	0.02086	0.02702	0.32300	0.07242	0.41115	0.01933	0.00981	0.00272	0.00409	0.01648	0.00832	0.00736
17	0.01208	0.00805	0.00906	0.00906	0.00906	0.00805	0.00503	0.01208	0.01208	0.01611	0.02618	0.05436	0.03020	0.70804	0.04228	0.00805	0.00805	0.01208	0.00503	0.00503
18	0.02812	0.02155	0.02298	0.01841	0.02444	0.02415	0.01495	0.44329	0.22992	0.04678	0.02434	0.02345	0.01769	0.01038	0.00836	0.00260	0.00833	0.00809	0.00836	0.01382
19	0.01549	0.00774	0.00774	0.00774	0.00968	0.00774	0.00581	0.01936	0.01742	0.03097	0.02710	0.03097	0.02129	0.00968	0.00581	0.00194	0.00387	0.00774	0.75416	0.00774
20	0.02878	0.17268	0.02561	0.01746	0.02266	0.34744	0.01407	0.03125	0.02182	0.15494	0.02252	0.02267	0.06466	0.00963	0.00741	0.00221	0.01117	0.00677	0.00566	0.01058
21	0.01208	0.00805	0.00906	0.00906	0.00906	0.00805	0.00503	0.01208	0.01208	0.01611	0.02618	0.05436	0.03020	0.70804	0.04228	0.00805	0.00805	0.01208	0.00503	0.00503
22	0.23997	0.02172	0.02025	0.17968	0.03010	0.14988	0.01534	0.11999	0.09263	0.03203	0.01644	0.01890	0.01251	0.00878	0.00724	0.00255	0.00968	0.00639	0.00548	0.01044
23	0.05501	0.18261	0.06063	0.01972	0.10384	0.02010	0.01514	0.07979	0.07785	0.18546	0.09631	0.02612	0.02302	0.00978	0.00764	0.00239	0.00787	0.00784	0.00685	0.01204
24	0.02065	0.10595	0.18349	0.08182	0.05918	0.06075	0.02030	0.12724	0.02043	0.02762	0.01670	0.06693	0.01459	0.01082	0.01173	0.00274	0.14557	0.00777	0.00476	0.01099
25	0.02090	0.08002	0.23604	0.03141	0.24820	0.14955	0.02350	0.02645	0.01907	0.02464	0.01625	0.05645	0.01400	0.00882	0.00790	0.00246	0.01131	0.00729	0.00411	0.01163
26	0.04996	0.05746	0.02079	0.02267	0.16691	0.14471	0.01442	0.02225	0.02101	0.02728	0.22486	0.04213	0.07394	0.01290	0.00868	0.00256	0.00824	0.06335	0.00630	0.00958
27	0.07084	0.06035	0.02458	0.02645	0.21278	0.09636	0.01659	0.07210	0.08716	0.11989	0.04889	0.02417	0.01853	0.01395	0.06819	0.00344	0.01025	0.00764	0.00607	0.01178
28	0.06873	0.02386	0.12754	0.03018	0.19703	0.02210	0.09157	0.15560	0.02173	0.03176	0.01547	0.01930	0.01223	0.00931	0.01166	0.00276	0.13496	0.00730	0.00492	0.01200
29	0.08505	0.06791	0.09542	0.08196	0.10143	0.14917	0.01737	0.12865	0.02314	0.03087	0.11784	0.02481	0.02238	0.00977	0.00788	0.00244	0.00982	0.00767	0.00563	0.01081
30	0.14605	0.03382	0.43828	0.02420	0.10537	0.01879	0.02522	0.02678	0.01752	0.06825	0.01555	0.01789	0.01121	0.00795	0.00749	0.00260	0.01067	0.00615	0.00428	0.01194

[dist]
# distance from previous block
# <min> <max>
13	51

[block]
# block no. 1 follows, 22 sequences, length 33
# corresponding to MSA columns:
# 83-115
name=unknown_B
#
# <colnr> <probs for GDERKNQSTAVLIFYWHMCP>
#	G	D	E	R	K	N	Q	S	T	A	V	L	I	F	Y	W	H	M	C	P
0	0.02334	0.58072	0.06911	0.01537	0.02264	0.03120	0.01520	0.11402	0.02018	0.02470	0.01294	0.01449	0.01117	0.00757	0.00589	0.00192	0.00908	0.00497	0.00425	0.01125
1	0.09890	0.18881	0.30082	0.02104	0.06033	0.11076	0.02161	0.06184	0.01917	0.02668	0.01385	0.01612	0.01076	0.00788	0.00701	0.00235	0.01096	0.00562	0.00410	0.01137
2	0.01755	0.09147	0.43047	0.02333	0.03339	0.01954	0.13718	0.02552	0.01786	0.02628	0.01625	0.01949	0.01204	0.00785	0.00782	0.00252	0.01144	0.00684	0.08169	0.01147
3	0.01715	0.07486	0.01666	0.01343	0.01646	0.17000	0.01046	0.02037	0.02234	0.02764	0.36377	0.04983	0.10831	0.01479	0.00895	0.00250	0.00719	0.03956	0.00731	0.00842
4	0.02830	0.01215	0.01640	0.01326	0.01811	0.01067	0.01067	0.03176	0.02369	0.44078	0.25059	0.04016	0.04091	0.01264	0.00886	0.00259	0.00596	0.01070	0.00988	0.01192
5	0.02221	0.71304	0.04353	0.01421	0.02132	0.03287	0.01421	0.02488	0.01688	0.01955	0.01155	0.01333	0.01066	0.00711	0.00533	0.00178	0.00888	0.00444	0.00355	0.01066
6	0.01984	0.02923	0.25204	0.07078	0.35790	0.07423	0.02639	0.02621	0.01871	0.02599	0.01510	0.01912	0.01193	0.00771	0.00805	0.00251	0.01119	0.00679	0.00390	0.01236
7	0.03103	0.03959	0.02354	0.02140	0.02568	0.67469	0.01605	0.03317	0.02354	0.02033	0.01284	0.01498	0.01070	0.00856	0.00749	0.00214	0.01498	0.00535	0.00428	0.00963
8	0.01012	0.00723	0.00964	0.01157	0.01205	0.00675	0.00771	0.01157	0.01591	0.02121	0.04579	0.70262	0.05495	0.02603	0.01060	0.00337	0.00482	0.02362	0.00771	0.00675
9	0.01843	0.01613	0.02555	0.03655	0.43242	0.01562	0.01917	0.02244	0.01921	0.06285	0.03647	0.03820	0.19877	0.01152	0.00869	0.00257	0.00807	0.01039	0.00552	0.01144
10	0.01313	0.01095	0.01554	0.17522	0.05746	0.01137	0.01399	0.01685	0.01845	0.02332	0.04877	0.06839	0.23607	0.01804	0.01001	0.00317	0.00745	0.23719	0.00655	0.00810
11	0.01187	0.00890	0.01335	0.01335	0.01483	0.01038	0.01038	0.01483	0.01335	0.01928	0.02225	0.03264	0.02077	0.06231	0.67512	0.01335	0.02225	0.00890	0.00445	0.00742
12	0.01012	0.00723	0.00964	0.01157	0.01205	0.00675	0.00771	0.01157	0.01591	0.02121	0.04579	0.70262	0.05495	0.02603	0.01060	0.00337	0.00482	0.02362	0.00771	0.00675
13	0.01192	0.00799	0.00911	0.00927	0.00931	0.00794	0.00526	0.01204	0.01240	0.01653	0.02781	0.10852	0.03227	0.65107	0.03964	0.00766	0.00778	0.01304	0.00526	0.00518
14	0.03103	0.03959	0.02354	0.02140	0.02568	0.67469	0.01605	0.03317	0.02354	0.02033	0.01284	0.01498	0.01070	0.00856	0.00749	0.00214	0.01498	0.00535	0.00428	0.00963
15	0.01708	0.04007	0.57805	0.02528	0.03701	0.01954	0.11474	0.02635	0.01783	0.02635	0.01518	0.01823	0.01082	0.00777	0.00816	0.00265	0.01252	0.00666	0.00361	0.01213
16	0.02297	0.34979	0.04090	0.02369	0.06559	0.14574	0.19233	0.02693	0.01900	0.02218	0.01354	0.01668	0.01138	0.00736	0.00719	0.00218	0.01154	0.00633	0.00391	0.01078
17	0.01105	0.00953	0.01114	0.01276	0.07433	0.00833	0.00833	0.01360	0.01936	0.02391	0.13010	0.07249	0.53710	0.01933	0.00966	0.00275	0.00473	0.01631	0.00750	0.00769
18	0.07833	0.02706	0.10389	0.03754	0.38102	0.18006	0.02256	0.02739	0.01953	0.02613	0.01456	0.01831	0.01194	0.00777	0.00778	0.00241	0.01115	0.00653	0.00416	0.01188
19	0.01037	0.00844	0.00918	0.00900	0.01156	0.00725	0.00675	0.01299	0.02024	0.02554	0.24611	0.07484	0.48896	0.01988	0.00981	0.00275	0.00413	0.01682	0.00812	0.00725
20	0.02056	0.01974	0.03372	0.05099	0.65622	0.01974	0.02550	0.02550	0.01892	0.02714	0.01563	0.02056	0.01316	0.00740	0.00822	0.00247	0.00987	0.00740	0.00411	0.01316
21	0.01039	0.00844	0.00921	0.00902	0.01157	0.00726	0.00676	0.01303	0.02029	0.02566	0.25200	0.07466	0.48301	0.01984	0.00981	0.00275	0.00412	0.01679	0.00814	0.00726
22	0.76672	0.01607	0.01221	0.01092	0.01607	0.01864	0.00900	0.02442	0.01414	0.03727	0.01157	0.01350	0.00900	0.00771	0.00514	0.00257	0.00643	0.00450	0.00514	0.00900
23	0.02066	0.01785	0.01878	0.01691	0.02160	0.02066	0.01315	0.04414	0.64121	0.03475	0.03381	0.03099	0.02536	0.01127	0.00845	0.00282	0.00657	0.00939	0.00845	0.01315
24	0.01058	0.00845	0.00947	0.00921	0.01169	0.00734	0.00691	0.01339	0.02073	0.02670	0.30639	0.07294	0.42796	0.01945	0.00981	0.00273	0.00409	0.01655	0.00827	0.00734
25	0.01569	0.01477	0.02492	0.68808	0.05722	0.01846	0.02307	0.02123	0.01661	0.02123	0.01477	0.02215	0.01107	0.00831	0.00831	0.00277	0.01107	0.00738	0.00369	0.00923
26	0.01198	0.00845	0.01108	0.01108	0.01177	0.00915	0.00755	0.01337	0.01268	0.01760	0.02433	0.04416	0.02577	0.40473	0.33954	0.01054	0.01472	0.01059	0.00476	0.00615
27	0.01021	0.00854	0.00896	0.00917	0.01188	0.00729	0.00709	0.01250	0.01896	0.02271	0.07974	0.08146	0.58639	0.02125	0.01000	0.00292	0.00459	0.08155	0.00771	0.00708
28	0.76672	0.01607	0.01221	0.01092	0.01607	0.01864	0.00900	0.02442	0.01414	0.03727	0.01157	0.01350	0.00900	0.00771	0.00514	0.00257	0.00643	0.00450	0.00514	0.00900
29	0.02081	0.02063	0.02406	0.02015	0.02519	0.11134	0.12470	0.03536	0.35545	0.02964	0.02803	0.08885	0.02314	0.01125	0.00866	0.00270	0.00894	0.01002	0.00687	0.04421
30	0.01012	0.00723	0.00964	0.01157	0.01205	0.00675	0.00771	0.01157	0.01591	0.02121	0.04579	0.70262	0.05495	0.02603	0.01060	0.00337	0.00482	0.02362	0.00771	0.00675
31	0.02204	0.02254	0.03228	0.04681	0.56721	0.11219	0.02416	0.02658	0.01957	0.02618	0.01523	0.01977	0.01281	0.00757	0.00812	0.00242	0.01059	0.00711	0.00414	0.01266
32	0.03103	0.03959	0.02354	0.02140	0.02568	0.67469	0.01605	0.03317	0.02354	0.02033	0.01284	0.01498	0.01070	0.00856	0.00749	0.00214	0.01498	0.00535	0.00428	0.00963

[dist]
# distance from previous block
# <min> <max>
0	1

[block]
# block no. 2 follows, 22 sequences, length 52
# corresponding to MSA columns:
# 117-168
name=unknown_C
#
# <colnr> <probs for GDERKNQSTAVLIFYWHMCP>
#	G	D	E	R	K	N	Q	S	T	A	V	L	I	F	Y	W	H	M	C	P
0	0.01766	0.01620	0.02260	0.01650	0.02330	0.01391	0.09918	0.02164	0.01713	0.02631	0.01468	0.01806	0.01221	0.00710	0.00875	0.00169	0.07468	0.00585	0.00469	0.57784
1	0.02164	0.07786	0.02337	0.01824	0.02141	0.16003	0.04970	0.12304	0.02052	0.02543	0.02006	0.11381	0.02011	0.11259	0.01697	0.00352	0.14729	0.00968	0.00532	0.00941
2	0.01779	0.01879	0.08678	0.02346	0.15879	0.01489	0.05711	0.02421	0.06950	0.02822	0.07920	0.02385	0.01989	0.00813	0.00756	0.00201	0.00791	0.00726	0.00526	0.33939
3	0.06417	0.06306	0.02376	0.02165	0.06107	0.46292	0.01587	0.02923	0.02072	0.02143	0.01353	0.01694	0.01164	0.01349	0.06621	0.00325	0.07135	0.00585	0.00424	0.00962
4	0.02018	0.02116	0.06367	0.04188	0.40953	0.02012	0.16154	0.02810	0.09622	0.02793	0.01812	0.02214	0.01443	0.00781	0.00860	0.00259	0.01051	0.00814	0.00464	0.01267
5	0.01640	0.01414	0.01471	0.01357	0.01753	0.01530	0.01046	0.03149	0.39688	0.02992	0.05358	0.05022	0.27174	0.01511	0.00899	0.00281	0.00565	0.01259	0.00816	0.01074
6	0.01204	0.00824	0.00998	0.00998	0.01030	0.00855	0.00618	0.01267	0.01235	0.01679	0.02533	0.04971	0.02818	0.56963	0.17793	0.00919	0.01110	0.01140	0.00491	0.00554
7	0.01187	0.00890	0.01335	0.01335	0.01483	0.01038	0.01038	0.01483	0.01335	0.01928	0.02225	0.03264	0.02077	0.06231	0.67512	0.01335	0.02225	0.00890	0.00445	0.00742
8	0.76672	0.01607	0.01221	0.01092	0.01607	0.01864	0.00900	0.02442	0.01414	0.03727	0.01157	0.01350	0.00900	0.00771	0.00514	0.00257	0.00643	0.00450	0.00514	0.00900
9	0.01009	0.00843	0.00879	0.00870	0.01139	0.00713	0.00652	0.01244	0.01957	0.02395	0.16309	0.07746	0.57297	0.02048	0.00982	0.00278	0.00417	0.01718	0.00791	0.00713
10	0.01666	0.04297	0.66500	0.02368	0.03596	0.01929	0.03069	0.02631	0.01754	0.02631	0.01491	0.01754	0.01052	0.00789	0.00789	0.00263	0.01228	0.00614	0.00351	0.01228
11	0.01443	0.00722	0.01082	0.01082	0.01082	0.00722	0.00722	0.01082	0.01082	0.01443	0.01443	0.02525	0.01443	0.02886	0.03247	0.75830	0.00722	0.00722	0.00361	0.00361
12	0.02352	0.61515	0.04076	0.01509	0.02195	0.07937	0.01446	0.06799	0.01893	0.02191	0.01224	0.01391	0.01091	0.00742	0.00570	0.00185	0.00935	0.00472	0.00394	0.01083
13	0.02813	0.03408	0.02637	0.02962	0.20074	0.49286	0.01867	0.03104	0.02226	0.02222	0.01361	0.01653	0.01138	0.00824	0.00769	0.00223	0.01356	0.00592	0.00423	0.01061
14	0.01920	0.02938	0.27228	0.03589	0.33527	0.06678	0.02565	0.02556	0.01873	0.02605	0.01920	0.02251	0.04983	0.00848	0.00814	0.00253	0.01083	0.00737	0.00411	0.01220
15	0.01494	0.01174	0.01539	0.06887	0.06602	0.01243	0.01209	0.06312	0.06981	0.02552	0.03791	0.09625	0.13241	0.08080	0.12488	0.00513	0.00967	0.10435	0.03997	0.00869
16	0.02334	0.32292	0.17272	0.01705	0.02479	0.02560	0.01756	0.17048	0.02266	0.05440	0.01622	0.01766	0.01259	0.00827	0.00676	0.00218	0.00927	0.00593	0.05780	0.01178
17	0.76672	0.01607	0.01221	0.01092	0.01607	0.01864	0.00900	0.02442	0.01414	0.03727	0.01157	0.01350	0.00900	0.00771	0.00514	0.00257	0.00643	0.00450	0.00514	0.00900
18	0.02056	0.01974	0.03372	0.05099	0.65622	0.01974	0.02550	0.02550	0.01892	0.02714	0.01563	0.02056	0.01316	0.00740	0.00822	0.00247	0.00987	0.00740	0.00411	0.01316
19	0.02998	0.03784	0.02370	0.02144	0.02537	0.62153	0.01623	0.03209	0.02266	0.02030	0.01268	0.01524	0.01072	0.00905	0.00911	0.00226	0.07049	0.00551	0.00423	0.00959
20	0.01565	0.07869	0.01492	0.01191	0.01403	0.01201	0.00879	0.01902	0.06769	0.07535	0.03214	0.13843	0.05872	0.28174	0.08856	0.00588	0.00870	0.05374	0.00624	0.00780
21	0.76672	0.01607	0.01221	0.01092	0.01607	0.01864	0.00900	0.02442	0.01414	0.03727	0.01157	0.01350	0.00900	0.00771	0.00514	0.00257	0.00643	0.00450	0.00514	0.00900
22	0.02232	0.22606	0.02875	0.02420	0.18823	0.16876	0.01582	0.02573	0.01904	0.02419	0.01626	0.01940	0.01361	0.00806	0.00669	0.00208	0.00945	0.00614	0.16476	0.01047
23	0.01203	0.00824	0.01003	0.01003	0.01036	0.00858	0.00624	0.01270	0.01237	0.01682	0.02529	0.04946	0.02807	0.56241	0.18501	0.00925	0.01126	0.01136	0.00490	0.00557
24	0.02266	0.17191	0.03333	0.07507	0.36224	0.14966	0.02110	0.02660	0.01924	0.02384	0.01416	0.01802	0.01202	0.00762	0.00747	0.00227	0.01072	0.00637	0.00400	0.01171
25	0.08622	0.13458	0.19570	0.02001	0.02700	0.32625	0.01908	0.05575	0.02091	0.02461	0.01341	0.01552	0.01066	0.00817	0.00713	0.00227	0.01243	0.00545	0.00422	0.01063
26	0.01922	0.30960	0.32455	0.02057	0.02961	0.02532	0.06677	0.02531	0.01709	0.02316	0.01341	0.01624	0.01076	0.00798	0.00836	0.00237	0.05896	0.00580	0.00359	0.01132
27	0.01159	0.00834	0.01004	0.00989	0.01103	0.00816	0.00667	0.01328	0.01608	0.02162	0.17960	0.05743	0.14743	0.33765	0.12011	0.00666	0.00848	0.01324	0.00636	0.00636
28	0.01187	0.00890	0.01335	0.01335	0.01483	0.01038	0.01038	0.01483	0.01335	0.01928	0.02225	0.03264	0.02077	0.06231	0.67512	0.01335	0.02225	0.00890	0.00445	0.00742
29	0.01208	0.00805	0.00906	0.00906	0.00906	0.00805	0.00503	0.01208	0.01208	0.01611	0.02618	0.05436	0.03020	0.70804	0.04228	0.00805	0.00805	0.01208	0.00503	0.00503
30	0.01543	0.01100	0.01309	0.01224	0.01394	0.01168	0.00864	0.12926	0.01839	0.02494	0.04876	0.13684	0.03048	0.32301	0.15860	0.00722	0.01053	0.01232	0.00606	0.00758
31	0.01805	0.01474	0.01731	0.01241	0.01975	0.01112	0.00994	0.02172	0.01750	0.05312	0.01550	0.01768	0.01264	0.00632	0.00624	0.00129	0.00619	0.00506	0.00514	0.72828
32	0.01064	0.00820	0.01064	0.06025	0.01521	0.00779	0.00853	0.01282	0.01751	0.02285	0.12024	0.43657	0.19315	0.02256	0.01016	0.00311	0.00503	0.02005	0.00758	0.00711
33	0.02058	0.12792	0.03053	0.02195	0.02521	0.13558	0.11793	0.02341	0.01662	0.02119	0.01518	0.07364	0.01472	0.01206	0.01624	0.00293	0.30229	0.00827	0.00416	0.00958
34	0.01197	0.00878	0.01129	0.01156	0.01195	0.00948	0.00779	0.01304	0.01347	0.01846	0.03005	0.23891	0.03434	0.34226	0.13746	0.00720	0.06555	0.01456	0.00561	0.00627
35	0.01006	0.00748	0.00938	0.01090	0.01187	0.00680	0.00742	0.01164	0.01654	0.02147	0.05386	0.57154	0.18081	0.02498	0.01044	0.00325	0.00469	0.02234	0.00771	0.00680
36	0.02058	0.01944	0.03133	0.04554	0.55475	0.01989	0.02352	0.02848	0.11841	0.02836	0.01853	0.02223	0.01511	0.00802	0.00826	0.00252	0.00934	0.00772	0.00481	0.01316
37	0.01848	0.01762	0.02997	0.32248	0.40096	0.01919	0.02446	0.02368	0.01793	0.02462	0.01526	0.02124	0.01227	0.00779	0.00826	0.00260	0.01038	0.00739	0.00393	0.01148
38	0.02022	0.09641	0.47667	0.02232	0.03256	0.13255	0.02619	0.05366	0.01945	0.02587	0.01450	0.01686	0.01072	0.00803	0.00763	0.00247	0.01232	0.00592	0.00385	0.01177
39	0.02035	0.02277	0.06410	0.13792	0.28204	0.15833	0.02087	0.02473	0.01853	0.02338	0.01596	0.02146	0.01342	0.01700	0.11950	0.00427	0.01337	0.00713	0.00410	0.01077
40	0.02229	0.01666	0.01852	0.01562	0.02114	0.01740	0.01231	0.03864	0.41958	0.12238	0.02958	0.02766	0.02188	0.01003	0.00795	0.00244	0.00655	0.00829	0.00796	0.17312
41	0.02281	0.02399	0.03154	0.04465	0.52107	0.16013	0.02347	0.02714	0.01991	0.02568	0.01503	0.01936	0.01263	0.00765	0.00807	0.00240	0.01096	0.00696	0.00415	0.01240
42	0.01270	0.01071	0.01576	0.26638	0.02975	0.01169	0.01415	0.01623	0.01736	0.02209	0.04202	0.21104	0.16538	0.01777	0.00972	0.00310	0.00752	0.11257	0.00619	0.00789
43	0.01383	0.01030	0.01373	0.01325	0.01491	0.01207	0.01025	0.01869	0.07550	0.02253	0.02346	0.03231	0.02105	0.08325	0.41294	0.00940	0.07187	0.00882	0.12380	0.00803
44	0.01187	0.00890	0.01335	0.01335	0.01483	0.01038	0.01038	0.01483	0.01335	0.01928	0.02225	0.03264	0.02077	0.06231	0.67512	0.01335	0.02225	0.00890	0.00445	0.00742
45	0.02119	0.02270	0.02148	0.02490	0.15694	0.25669	0.01651	0.02450	0.01983	0.02283	0.02313	0.03975	0.02260	0.02031	0.11039	0.00436	0.01305	0.16415	0.00516	0.00952
46	0.07598	0.07155	0.02456	0.02693	0.23230	0.01615	0.06019	0.02065	0.01750	0.02578	0.09595	0.09193	0.02604	0.02206	0.15122	0.00488	0.01128	0.00988	0.00518	0.01000
47	0.16880	0.04283	0.01847	0.01510	0.01965	0.12587	0.06074	0.02366	0.04632	0.06397	0.03182	0.12659	0.12558	0.01279	0.00793	0.00252	0.00800	0.01049	0.00609	0.08278
48	0.02169	0.15688	0.05624	0.02955	0.26408	0.11480	0.01860	0.06061	0.01991	0.02565	0.01705	0.07372	0.01561	0.00909	0.00754	0.00225	0.00969	0.00757	0.00463	0.08486
49	0.09446	0.16815	0.06944	0.04639	0.02312	0.02300	0.01534	0.11416	0.01866	0.02743	0.01443	0.01963	0.01269	0.06081	0.01436	0.00294	0.18012	0.00647	0.00470	0.08370
50	0.14455	0.10967	0.07755	0.08910	0.16126	0.02096	0.01750	0.02962	0.18217	0.02921	0.01905	0.02097	0.01491	0.00851	0.00728	0.00248	0.00845	0.00685	0.00531	0.04462
51	0.14918	0.04338	0.01517	0.01353	0.01566	0.01453	0.01047	0.01868	0.06126	0.02529	0.05775	0.27236	0.07611	0.02027	0.05129	0.00368	0.12295	0.01385	0.00629	0.00830

[dist]
# distance from previous block
# <min> <max>
3	123

[block]
# block no. 3 follows, 22 sequences, length 42
# corresponding to MSA columns:
# 297-338
name=unknown_D
#
# <colnr> <probs for GDERKNQSTAVLIFYWHMCP>
#	G	D	E	R	K	N	Q	S	T	A	V	L	I	F	Y	W	H	M	C	P
0	0.02063	0.02040	0.02761	0.13377	0.28556	0.10857	0.04528	0.06778	0.01959	0.02564	0.01624	0.02175	0.01358	0.01628	0.10742	0.00414	0.04288	0.00744	0.00441	0.01104
1	0.07268	0.12220	0.05723	0.03008	0.27622	0.01993	0.04393	0.02299	0.01851	0.02716	0.13624	0.02663	0.02463	0.00992	0.00978	0.00253	0.07516	0.00824	0.00500	0.01095
2	0.01542	0.05150	0.06498	0.02028	0.13869	0.05026	0.01374	0.01854	0.01711	0.02278	0.03576	0.12300	0.15916	0.07880	0.06566	0.00400	0.04800	0.01183	0.05161	0.00890
3	0.01910	0.05556	0.01934	0.08876	0.06769	0.06787	0.01320	0.13623	0.02287	0.03051	0.15692	0.06633	0.03293	0.08031	0.01180	0.00310	0.00795	0.04644	0.06355	0.00954
4	0.05210	0.10278	0.35501	0.02006	0.06479	0.01768	0.02098	0.02222	0.01623	0.02384	0.01883	0.07373	0.01762	0.14330	0.01430	0.00362	0.01014	0.00836	0.00423	0.01021
5	0.01766	0.02729	0.29040	0.07293	0.09221	0.01777	0.09467	0.08761	0.01984	0.02787	0.02165	0.15033	0.01997	0.01147	0.00875	0.00277	0.01040	0.01028	0.00498	0.01115
6	0.01215	0.00767	0.00884	0.00959	0.01058	0.00737	0.00641	0.01404	0.01572	0.02305	0.03873	0.30262	0.08677	0.17824	0.01642	0.00398	0.00523	0.01572	0.23018	0.00667
7	0.05130	0.01833	0.17285	0.15551	0.02775	0.01321	0.01666	0.01982	0.01653	0.05899	0.02602	0.23303	0.02587	0.01536	0.01036	0.05754	0.00826	0.01205	0.05160	0.00896
8	0.02642	0.03170	0.09071	0.01970	0.02518	0.34892	0.01646	0.12274	0.13511	0.02850	0.02227	0.02286	0.05341	0.00995	0.00797	0.00241	0.01165	0.00723	0.00576	0.01106
9	0.10653	0.01393	0.01578	0.09513	0.02154	0.05065	0.01146	0.02794	0.06351	0.20974	0.07197	0.02827	0.02207	0.01125	0.00900	0.04905	0.00699	0.00801	0.16704	0.01014
10	0.02304	0.02531	0.02377	0.02805	0.21238	0.28970	0.01721	0.04942	0.02055	0.02359	0.01878	0.09296	0.01769	0.01750	0.09948	0.00392	0.01312	0.00849	0.00478	0.01026
11	0.01922	0.01988	0.05538	0.17873	0.21258	0.09034	0.01977	0.06620	0.01927	0.02523	0.02026	0.13835	0.01943	0.01176	0.01011	0.00276	0.06546	0.00992	0.00490	0.01047
12	0.11519	0.07960	0.05766	0.01775	0.02206	0.21159	0.01481	0.02797	0.08680	0.04838	0.01752	0.05144	0.01513	0.01277	0.04024	0.00305	0.12276	0.00710	0.00506	0.04312
13	0.01087	0.00785	0.00963	0.01033	0.01180	0.00716	0.00731	0.01328	0.01865	0.02534	0.21112	0.35511	0.18469	0.02143	0.00988	0.00295	0.00439	0.01894	0.06212	0.00716
14	0.02095	0.01949	0.03006	0.04086	0.45566	0.02084	0.02228	0.06229	0.11399	0.02898	0.01813	0.02186	0.01483	0.00890	0.01030	0.00265	0.08252	0.00769	0.00496	0.01278
15	0.01710	0.01477	0.01784	0.06610	0.02268	0.01166	0.01090	0.02094	0.01718	0.02660	0.01477	0.01762	0.01221	0.00632	0.00632	0.00135	0.00654	0.00512	0.00482	0.69915
16	0.01549	0.00774	0.00774	0.00774	0.00968	0.00774	0.00581	0.01936	0.01742	0.03097	0.02710	0.03097	0.02129	0.00968	0.00581	0.00194	0.00387	0.00774	0.75416	0.00774
17	0.03158	0.02327	0.02493	0.01911	0.02576	0.02576	0.01579	0.62852	0.03906	0.05236	0.01995	0.01995	0.01413	0.00997	0.00831	0.00249	0.00914	0.00748	0.00831	0.01413
18	0.01208	0.00805	0.00906	0.00906	0.00906	0.00805	0.00503	0.01208	0.01208	0.01611	0.02618	0.05436	0.03020	0.70804	0.04228	0.00805	0.00805	0.01208	0.00503	0.00503
19	0.01092	0.00780	0.01052	0.01226	0.01314	0.00741	0.00890	0.01303	0.01712	0.02284	0.08928	0.53017	0.05516	0.02473	0.01073	0.00341	0.00534	0.14241	0.00780	0.00701
20	0.02334	0.01857	0.02046	0.01572	0.02235	0.01838	0.01270	0.25842	0.13396	0.03812	0.02006	0.02066	0.01527	0.00851	0.00738	0.00199	0.00737	0.00668	0.00684	0.34320
21	0.01075	0.00812	0.00950	0.01014	0.01166	0.00739	0.00718	0.01259	0.01730	0.02212	0.10865	0.25119	0.27816	0.14154	0.01581	0.00394	0.00530	0.06457	0.00737	0.00672
22	0.01976	0.08364	0.50372	0.02266	0.03308	0.14577	0.02687	0.02754	0.01865	0.02475	0.01430	0.01679	0.01057	0.00797	0.00766	0.00248	0.01259	0.00588	0.00366	0.01167
23	0.02736	0.03263	0.02711	0.03178	0.24689	0.44491	0.01936	0.03048	0.02192	0.02272	0.01382	0.01694	0.01156	0.00815	0.00775	0.00225	0.01319	0.00607	0.00422	0.01087
24	0.01018	0.00843	0.00892	0.00880	0.01144	0.00717	0.00660	0.01262	0.01979	0.02447	0.19019	0.07661	0.54555	0.02028	0.00981	0.00277	0.00415	0.01706	0.00798	0.00717
25	0.01731	0.01691	0.02379	0.02065	0.02086	0.02338	0.01711	0.01929	0.01281	0.01990	0.01246	0.02015	0.01226	0.02108	0.11595	0.00497	0.60104	0.00749	0.00375	0.00886
26	0.01159	0.00849	0.01087	0.01028	0.01231	0.00777	0.00771	0.01535	0.02312	0.03238	0.60295	0.06360	0.12786	0.01733	0.00980	0.00263	0.00394	0.01524	0.00902	0.00777
27	0.76672	0.01607	0.01221	0.01092	0.01607	0.01864	0.00900	0.02442	0.01414	0.03727	0.01157	0.01350	0.00900	0.00771	0.00514	0.00257	0.00643	0.00450	0.00514	0.00900
28	0.00991	0.00804	0.00881	0.00942	0.01148	0.00693	0.00676	0.01181	0.01797	0.02205	0.07195	0.27810	0.46258	0.02263	0.01007	0.00299	0.00440	0.01947	0.00771	0.00693
29	0.02066	0.01785	0.01878	0.01691	0.02160	0.02066	0.01315	0.04414	0.64121	0.03475	0.03381	0.03099	0.02536	0.01127	0.00845	0.00282	0.00657	0.00939	0.00845	0.01315
30	0.01208	0.00805	0.00906	0.00906	0.00906	0.00805	0.00503	0.01208	0.01208	0.01611	0.02618	0.05436	0.03020	0.70804	0.04228	0.00805	0.00805	0.01208	0.00503	0.00503
31	0.01127	0.00854	0.00979	0.01006	0.01188	0.00784	0.00744	0.01336	0.01776	0.02254	0.12959	0.07373	0.31614	0.19716	0.01844	0.00431	0.00578	0.12047	0.00719	0.00672
32	0.01961	0.02241	0.04902	0.03501	0.04342	0.02101	0.62605	0.02661	0.01961	0.02661	0.01681	0.02241	0.01261	0.00700	0.00980	0.00280	0.01401	0.00980	0.00420	0.01120
33	0.03727	0.01414	0.01928	0.01478	0.02121	0.01221	0.01221	0.04049	0.02378	0.66198	0.03277	0.02828	0.02056	0.01028	0.00835	0.00257	0.00707	0.00835	0.01028	0.01414
34	0.01012	0.00723	0.00964	0.01157	0.01205	0.00675	0.00771	0.01157	0.01591	0.02121	0.04579	0.70262	0.05495	0.02603	0.01060	0.00337	0.00482	0.02362	0.00771	0.00675
35	0.02285	0.02571	0.02763	0.02513	0.07588	0.23572	0.08292	0.02682	0.05348	0.02223	0.01386	0.01851	0.01203	0.01103	0.01636	0.00292	0.30560	0.00705	0.00422	0.01005
36	0.01208	0.00805	0.00906	0.00906	0.00906	0.00805	0.00503	0.01208	0.01208	0.01611	0.02618	0.05436	0.03020	0.70804	0.04228	0.00805	0.00805	0.01208	0.00503	0.00503
37	0.01569	0.01477	0.02492	0.68808	0.05722	0.01846	0.02307	0.02123	0.01661	0.02123	0.01477	0.02215	0.01107	0.00831	0.00831	0.00277	0.01107	0.00738	0.00369	0.00923
38	0.01187	0.00890	0.01335	0.01335	0.01483	0.01038	0.01038	0.01483	0.01335	0.01928	0.02225	0.03264	0.02077	0.06231	0.67512	0.01335	0.02225	0.00890	0.00445	0.00742
39	0.02677	0.03212	0.02324	0.02407	0.11357	0.46525	0.01628	0.03121	0.07750	0.02277	0.02132	0.02286	0.06834	0.00973	0.00788	0.00230	0.01257	0.00706	0.00493	0.01022
40	0.01187	0.00890	0.01335	0.01335	0.01483	0.01038	0.01038	0.01483	0.01335	0.01928	0.02225	0.03264	0.02077	0.06231	0.67512	0.01335	0.02225	0.00890	0.00445	0.00742
41	0.01197	0.00814	0.00937	0.00937	0.00961	0.00819	0.00551	0.01229	0.01248	0.01663	0.02837	0.05374	0.05636	0.62694	0.09126	0.00825	0.00902	0.01206	0.00510	0.00531

[dist]
# distance from previous block
# <min> <max>
0	1

[block]
# block no. 4 follows, 22 sequences, length 110
# corresponding to MSA columns:
# 340-449
name=unknown_E
#
# <colnr> <probs for GDERKNQSTAVLIFYWHMCP>
#	G	D	E	R	K	N	Q	S	T	A	V	L	I	F	Y	W	H	M	C	P
0	0.01919	0.01631	0.01818	0.01433	0.02069	0.01532	0.01135	0.05912	0.24793	0.03113	0.02203	0.02243	0.01720	0.00822	0.00710	0.00188	0.00645	0.00669	0.00639	0.44805
1	0.02155	0.63288	0.11788	0.01535	0.02307	0.03125	0.01619	0.02505	0.01696	0.02035	0.01195	0.01383	0.01064	0.00720	0.00564	0.00188	0.00929	0.00465	0.00355	0.01085
2	0.01748	0.01273	0.01489	0.01416	0.01675	0.01327	0.01048	0.22326	0.02385	0.03190	0.03692	0.46837	0.04094	0.02052	0.00982	0.00307	0.00630	0.01808	0.00792	0.00928
3	0.02221	0.71304	0.04353	0.01421	0.02132	0.03287	0.01421	0.02488	0.01688	0.01955	0.01155	0.01333	0.01066	0.00711	0.00533	0.00178	0.00888	0.00444	0.00355	0.01066
4	0.01042	0.00744	0.00998	0.01191	0.01252	0.00700	0.00823	0.01208	0.01620	0.02154	0.04562	0.64723	0.05430	0.02575	0.01068	0.00341	0.00508	0.07608	0.00771	0.00683
5	0.02482	0.01834	0.02096	0.01714	0.02201	0.02049	0.01394	0.41795	0.03024	0.04101	0.02074	0.02430	0.01641	0.02793	0.23712	0.00622	0.01364	0.00797	0.00699	0.01183
6	0.01048	0.00844	0.00934	0.00911	0.01163	0.00730	0.00684	0.01321	0.02051	0.02617	0.27895	0.07381	0.45573	0.01965	0.00981	0.00274	0.00411	0.01667	0.00821	0.00730
7	0.01688	0.04146	0.61960	0.02451	0.03651	0.01942	0.07457	0.02633	0.01769	0.02633	0.01505	0.01790	0.01068	0.00783	0.00803	0.00264	0.01240	0.00641	0.00356	0.01220
8	0.02221	0.71304	0.04353	0.01421	0.02132	0.03287	0.01421	0.02488	0.01688	0.01955	0.01155	0.01333	0.01066	0.00711	0.00533	0.00178	0.00888	0.00444	0.00355	0.01066
9	0.01187	0.00890	0.01335	0.01335	0.01483	0.01038	0.01038	0.01483	0.01335	0.01928	0.02225	0.03264	0.02077	0.06231	0.67512	0.01335	0.02225	0.00890	0.00445	0.00742
10	0.01834	0.02021	0.04216	0.03101	0.03770	0.01971	0.49678	0.02421	0.01854	0.02536	0.01974	0.10340	0.01752	0.00996	0.01149	0.00295	0.07466	0.01123	0.00457	0.01048
11	0.02066	0.01785	0.01878	0.01691	0.02160	0.02066	0.01315	0.04414	0.64121	0.03475	0.03381	0.03099	0.02536	0.01127	0.00845	0.00282	0.00657	0.00939	0.00845	0.01315
12	0.02056	0.01974	0.03372	0.05099	0.65622	0.01974	0.02550	0.02550	0.01892	0.02714	0.01563	0.02056	0.01316	0.00740	0.00822	0.00247	0.00987	0.00740	0.00411	0.01316
13	0.02036	0.01953	0.03336	0.07711	0.63166	0.01969	0.02540	0.02532	0.01882	0.02690	0.01559	0.02063	0.01307	0.00744	0.00823	0.00248	0.00992	0.00740	0.00409	0.01300
14	0.01564	0.01311	0.01613	0.01751	0.09272	0.01364	0.01191	0.02605	0.23377	0.03048	0.21632	0.05200	0.15390	0.01505	0.00928	0.00279	0.00587	0.05577	0.00794	0.01013
15	0.02056	0.01974	0.03372	0.05099	0.65622	0.01974	0.02550	0.02550	0.01892	0.02714	0.01563	0.02056	0.01316	0.00740	0.00822	0.00247	0.00987	0.00740	0.00411	0.01316
16	0.01937	0.01837	0.03045	0.20577	0.46156	0.01949	0.02399	0.02582	0.06421	0.02624	0.01675	0.02172	0.01354	0.00791	0.00826	0.00257	0.00992	0.00754	0.00433	0.01219
17	0.01163	0.00849	0.01093	0.01032	0.01233	0.00778	0.00774	0.01543	0.02322	0.03260	0.61472	0.06322	0.11594	0.01725	0.00980	0.00263	0.00394	0.01519	0.00905	0.00778
18	0.01318	0.01322	0.02235	0.01754	0.02227	0.01182	0.21896	0.01696	0.01917	0.02387	0.06105	0.06021	0.43316	0.01622	0.00981	0.00280	0.00757	0.01488	0.00651	0.00845
19	0.01195	0.00800	0.00910	0.00922	0.00926	0.00797	0.00521	0.01205	0.01233	0.01644	0.02746	0.09675	0.03182	0.66345	0.04021	0.00775	0.00784	0.01284	0.00521	0.00515
20	0.03155	0.02426	0.02485	0.01925	0.02576	0.06522	0.01581	0.59233	0.03812	0.05041	0.01951	0.01964	0.01392	0.00989	0.00826	0.00247	0.00950	0.00735	0.00807	0.01385
21	0.76672	0.01607	0.01221	0.01092	0.01607	0.01864	0.00900	0.02442	0.01414	0.03727	0.01157	0.01350	0.00900	0.00771	0.00514	0.00257	0.00643	0.00450	0.00514	0.00900
22	0.01492	0.03281	0.47213	0.01947	0.02884	0.01579	0.02373	0.02259	0.01858	0.02668	0.11396	0.03343	0.11996	0.01120	0.00846	0.00266	0.00986	0.00914	0.00494	0.01084
23	0.01826	0.02342	0.19261	0.02559	0.15828	0.01810	0.02045	0.03061	0.23212	0.02912	0.02680	0.03655	0.02290	0.01167	0.00880	0.00288	0.00898	0.11485	0.00608	0.01193
24	0.01941	0.02658	0.21952	0.04295	0.47366	0.01961	0.02703	0.02573	0.01851	0.02690	0.01541	0.01967	0.01238	0.00755	0.00813	0.00252	0.01058	0.00703	0.00393	0.01290
25	0.02092	0.01056	0.01379	0.01180	0.01551	0.00935	0.00926	0.02436	0.02306	0.26338	0.35610	0.05176	0.12583	0.01500	0.00927	0.00262	0.00511	0.01287	0.00939	0.01006
26	0.01537	0.01280	0.02024	0.47702	0.04331	0.01534	0.01860	0.02039	0.01707	0.02353	0.02063	0.03240	0.01743	0.01032	0.00821	0.00274	0.00928	0.07838	0.14820	0.00875
27	0.02808	0.03399	0.02642	0.02976	0.20371	0.48978	0.01872	0.03101	0.02224	0.02225	0.01363	0.01656	0.01139	0.00823	0.00770	0.00223	0.01354	0.00593	0.00423	0.01063
28	0.01187	0.00890	0.01335	0.01335	0.01483	0.01038	0.01038	0.01483	0.01335	0.01928	0.02225	0.03264	0.02077	0.06231	0.67512	0.01335	0.02225	0.00890	0.00445	0.00742
29	0.01208	0.00805	0.00906	0.00906	0.00906	0.00805	0.00503	0.01208	0.01208	0.01611	0.02618	0.05436	0.03020	0.70804	0.04228	0.00805	0.00805	0.01208	0.00503	0.00503
30	0.02009	0.02166	0.06904	0.04496	0.44558	0.02009	0.20251	0.02586	0.01905	0.02694	0.01594	0.02096	0.01287	0.00731	0.00867	0.00257	0.01120	0.00805	0.00411	0.01254
31	0.03028	0.03817	0.02427	0.02352	0.07075	0.62788	0.01673	0.03262	0.02321	0.02082	0.01304	0.01538	0.01088	0.00848	0.00754	0.00216	0.01462	0.00550	0.00427	0.00988
32	0.01206	0.00816	0.00957	0.00957	0.00975	0.00833	0.00567	0.01241	0.01223	0.01649	0.02571	0.05176	0.02907	0.63079	0.11799	0.00869	0.00975	0.01170	0.00496	0.00532
33	0.01760	0.01890	0.14097	0.01644	0.02095	0.01594	0.01530	0.14679	0.01977	0.02835	0.02022	0.02712	0.01730	0.06558	0.28702	0.00732	0.05630	0.00804	0.06032	0.00977
34	0.02208	0.02819	0.13115	0.03121	0.08330	0.14581	0.35651	0.02824	0.02016	0.04815	0.01626	0.02035	0.01226	0.00758	0.00891	0.00262	0.01339	0.00819	0.00433	0.01131
35	0.01012	0.00723	0.00964	0.01157	0.01205	0.00675	0.00771	0.01157	0.01591	0.02121	0.04579	0.70262	0.05495	0.02603	0.01060	0.00337	0.00482	0.02362	0.00771	0.00675
36	0.02309	0.02758	0.10196	0.02932	0.21686	0.20524	0.01981	0.03325	0.20322	0.02735	0.02011	0.02169	0.01574	0.00893	0.00804	0.00250	0.01063	0.00726	0.00537	0.01205
37	0.03103	0.03959	0.02354	0.02140	0.02568	0.67469	0.01605	0.03317	0.02354	0.02033	0.01284	0.01498	0.01070	0.00856	0.00749	0.00214	0.01498	0.00535	0.00428	0.00963
38	0.00982	0.00842	0.00842	0.00842	0.01122	0.00701	0.00631	0.01192	0.01894	0.02244	0.08416	0.07995	0.65285	0.02104	0.00982	0.00281	0.00421	0.01753	0.00771	0.00701
39	0.02066	0.01785	0.01878	0.01691	0.02160	0.02066	0.01315	0.04414	0.64121	0.03475	0.03381	0.03099	0.02536	0.01127	0.00845	0.00282	0.00657	0.00939	0.00845	0.01315
40	0.01012	0.00723	0.00964	0.01157	0.01205	0.00675	0.00771	0.01157	0.01591	0.02121	0.04579	0.70262	0.05495	0.02603	0.01060	0.00337	0.00482	0.02362	0.00771	0.00675
41	0.03103	0.03959	0.02354	0.02140	0.02568	0.67469	0.01605	0.03317	0.02354	0.02033	0.01284	0.01498	0.01070	0.00856	0.00749	0.00214	0.01498	0.00535	0.00428	0.00963
42	0.02056	0.01974	0.03372	0.05099	0.65622	0.01974	0.02550	0.02550	0.01892	0.02714	0.01563	0.02056	0.01316	0.00740	0.00822	0.00247	0.00987	0.00740	0.00411	0.01316
43	0.01381	0.00828	0.01034	0.01034	0.01206	0.00897	0.00793	0.01726	0.01554	0.02556	0.02486	0.03174	0.02105	0.03403	0.31554	0.00722	0.01238	0.00828	0.40722	0.00759
44	0.01012	0.00723	0.00964	0.01157	0.01205	0.00675	0.00771	0.01157	0.01591	0.02121	0.04579	0.70262	0.05495	0.02603	0.01060	0.00337	0.00482	0.02362	0.00771	0.00675
45	0.00982	0.00842	0.00842	0.00842	0.01122	0.00701	0.00631	0.01192	0.01894	0.02244	0.08416	0.07995	0.65285	0.02104	0.00982	0.00281	0.00421	0.01753	0.00771	0.00701
46	0.01234	0.00972	0.01552	0.01467	0.01657	0.01103	0.04781	0.01555	0.01373	0.01973	0.02192	0.03201	0.02027	0.05894	0.63467	0.01271	0.02175	0.00896	0.00444	0.00765
47	0.02118	0.02134	0.09665	0.01792	0.02370	0.02096	0.01549	0.09517	0.51182	0.03534	0.03029	0.02838	0.02256	0.01075	0.00837	0.00277	0.00749	0.00883	0.00785	0.01313
48	0.01797	0.01146	0.01215	0.01116	0.01410	0.01238	0.00864	0.09028	0.13920	0.03317	0.02725	0.02990	0.02125	0.01389	0.05592	0.00301	0.00632	0.00812	0.47436	0.00945
49	0.76672	0.01607	0.01221	0.01092	0.01607	0.01864	0.00900	0.02442	0.01414	0.03727	0.01157	0.01350	0.00900	0.00771	0.00514	0.00257	0.00643	0.00450	0.00514	0.00900
50	0.11961	0.01061	0.01143	0.04235	0.01486	0.01061	0.00807	0.04408	0.01726	0.06292	0.04560	0.11380	0.24273	0.20036	0.01763	0.00419	0.00632	0.01333	0.00663	0.00760
51	0.05039	0.08069	0.01968	0.01693	0.06452	0.01788	0.01261	0.02392	0.16343	0.02558	0.04224	0.04220	0.23793	0.01449	0.01228	0.00284	0.14538	0.01096	0.00628	0.00976
52	0.02796	0.22514	0.02917	0.01943	0.02429	0.46518	0.01565	0.03023	0.02117	0.02010	0.01239	0.01468	0.01070	0.00845	0.00786	0.00211	0.04638	0.00519	0.00405	0.00989
53	0.02839	0.03393	0.02558	0.05736	0.14552	0.49001	0.01813	0.06024	0.02311	0.02321	0.01380	0.01660	0.01135	0.00840	0.00771	0.00225	0.01356	0.00593	0.00442	0.01049
54	0.01013	0.00767	0.00936	0.01054	0.01182	0.00689	0.00729	0.01192	0.01729	0.02232	0.09428	0.47462	0.23791	0.02396	0.01032	0.00315	0.00458	0.02125	0.00780	0.00689
55	0.01342	0.00902	0.01186	0.04176	0.01508	0.00892	0.00902	0.01643	0.01847	0.06385	0.20496	0.12513	0.13315	0.06372	0.13898	0.00510	0.00850	0.04253	0.06231	0.00779
56	0.01208	0.00805	0.00906	0.00906	0.00906	0.00805	0.00503	0.01208	0.01208	0.01611	0.02618	0.05436	0.03020	0.70804	0.04228	0.00805	0.00805	0.01208	0.00503	0.00503
57	0.02314	0.02480	0.02421	0.05149	0.02486	0.21966	0.01713	0.07105	0.07527	0.02388	0.01441	0.01869	0.01240	0.01183	0.01735	0.00299	0.34532	0.00691	0.00461	0.01000
58	0.02759	0.03402	0.02814	0.02499	0.05910	0.48264	0.11065	0.03058	0.02172	0.02160	0.01341	0.01669	0.01113	0.00881	0.00968	0.00239	0.07633	0.00631	0.00420	0.01000
59	0.01012	0.00723	0.00964	0.01157	0.01205	0.00675	0.00771	0.01157	0.01591	0.02121	0.04579	0.70262	0.05495	0.02603	0.01060	0.00337	0.00482	0.02362	0.00771	0.00675
60	0.01735	0.02733	0.26066	0.22267	0.04397	0.01982	0.21253	0.02466	0.01772	0.02466	0.01530	0.02043	0.01135	0.00800	0.00936	0.00276	0.03905	0.00769	0.00378	0.01092
61	0.03158	0.02327	0.02493	0.01911	0.02576	0.02576	0.01579	0.62852	0.03906	0.05236	0.01995	0.01995	0.01413	0.00997	0.00831	0.00249	0.00914	0.00748	0.00831	0.01413
62	0.01012	0.00723	0.00964	0.01157	0.01205	0.00675	0.00771	0.01157	0.01591	0.02121	0.04579	0.70262	0.05495	0.02603	0.01060	0.00337	0.00482	0.02362	0.00771	0.00675
63	0.03158	0.02327	0.02493	0.01911	0.02576	0.02576	0.01579	0.62852	0.03906	0.05236	0.01995	0.01995	0.01413	0.00997	0.00831	0.00249	0.00914	0.00748	0.00831	0.01413
64	0.01012	0.00723	0.00964	0.01157	0.01205	0.00675	0.00771	0.01157	0.01591	0.02121	0.04579	0.70262	0.05495	0.02603	0.01060	0.00337	0.00482	0.02362	0.00771	0.00675
65	0.01945	0.01157	0.01197	0.01054	0.01364	0.01218	0.00826	0.16932	0.02275	0.03624	0.02534	0.02826	0.01953	0.00975	0.00642	0.00207	0.00517	0.00768	0.57055	0.00931
66	0.57016	0.01997	0.01406	0.01270	0.01744	0.14375	0.01012	0.02573	0.01618	0.03356	0.01296	0.01507	0.01023	0.00802	0.00564	0.00244	0.00788	0.00490	0.06018	0.00903
67	0.03103	0.03959	0.02354	0.02140	0.02568	0.67469	0.01605	0.03317	0.02354	0.02033	0.01284	0.01498	0.01070	0.00856	0.00749	0.00214	0.01498	0.00535	0.00428	0.00963
68	0.01012	0.00723	0.00964	0.01157	0.01205	0.00675	0.00771	0.01157	0.01591	0.02121	0.04579	0.70262	0.05495	0.02603	0.01060	0.00337	0.00482	0.02362	0.00771	0.00675
69	0.01082	0.00777	0.00919	0.01001	0.01074	0.00730	0.00642	0.01183	0.01500	0.01947	0.04544	0.33593	0.15771	0.28784	0.02266	0.00507	0.00595	0.01803	0.00668	0.00614
70	0.02849	0.02029	0.02163	0.01693	0.02268	0.02230	0.01387	0.51161	0.03491	0.04825	0.02132	0.02206	0.01550	0.00992	0.00783	0.00239	0.00813	0.00753	0.15146	0.01290
71	0.02375	0.02667	0.03690	0.07358	0.08285	0.20663	0.31379	0.08280	0.02225	0.02686	0.01575	0.01992	0.01214	0.00783	0.00880	0.00256	0.01334	0.00799	0.00456	0.01104
72	0.01443	0.00722	0.01082	0.01082	0.01082	0.00722	0.00722	0.01082	0.01082	0.01443	0.01443	0.02525	0.01443	0.02886	0.03247	0.75830	0.00722	0.00722	0.00361	0.00361
73	0.01455	0.01361	0.01704	0.05181	0.17497	0.05994	0.01296	0.01757	0.01903	0.02416	0.10341	0.16860	0.25689	0.01668	0.00932	0.00276	0.00681	0.01452	0.00651	0.00886
74	0.02121	0.59200	0.15579	0.01592	0.02397	0.03042	0.01719	0.02513	0.01700	0.02077	0.01216	0.01409	0.01064	0.00725	0.00579	0.00193	0.00950	0.00475	0.00355	0.01095
75	0.00999	0.00842	0.00866	0.00860	0.01133	0.00709	0.00645	0.01226	0.01935	0.02343	0.13580	0.07832	0.60059	0.02067	0.00982	0.00279	0.00418	0.01730	0.00784	0.00709
76	0.01208	0.00805	0.00906	0.00906	0.00906	0.00805	0.00503	0.01208	0.01208	0.01611	0.02618	0.05436	0.03020	0.70804	0.04228	0.00805	0.00805	0.01208	0.00503	0.00503
77	0.01995	0.05233	0.07099	0.04217	0.47034	0.02138	0.02392	0.02448	0.01757	0.02540	0.01451	0.01960	0.01246	0.00876	0.01165	0.00267	0.13846	0.00717	0.00396	0.01223
78	0.00982	0.00842	0.00842	0.00842	0.01122	0.00701	0.00631	0.01192	0.01894	0.02244	0.08416	0.07995	0.65285	0.02104	0.00982	0.00281	0.00421	0.01753	0.00771	0.00701
