[name]
unknown

[dist]
# distance from previous block
# <min> <max>
7	35

[block]
# block no. 0 follows, 22 sequences, length 22
# corresponding to MSA columns:
# 45-66
name=unknown_A
#
# <colnr> <probs for GDERKNQSTAVLIFYWHMCP>
#	G	D	E	R	K	N	Q	S	T	A	V	L	I	F	Y	W	H	M	C	P
0	0.14418	0.01935	0.01906	0.01549	0.02131	0.14140	0.01248	0.03669	0.02230	0.44518	0.02577	0.02351	0.01694	0.00957	0.00771	0.00249	0.00851	0.00720	0.00836	0.01250
1	0.02905	0.03462	0.02269	0.02043	0.02490	0.51791	0.01548	0.06299	0.14383	0.02461	0.01723	0.01831	0.01370	0.00915	0.00772	0.00229	0.01308	0.00623	0.00528	0.01052
2	0.02994	0.03035	0.02176	0.01925	0.02400	0.41534	0.01474	0.03684	0.15569	0.13913	0.02092	0.02080	0.01561	0.00945	0.00785	0.00236	0.01176	0.00676	0.00626	0.01120
3	0.05314	0.02151	0.01964	0.01606	0.02197	0.14418	0.01262	0.10790	0.18000	0.03141	0.01978	0.02050	0.01542	0.00848	0.00723	0.00203	0.00837	0.00646	0.00614	0.29717
4	0.03103	0.03959	0.02354	0.02140	0.02568	0.67469	0.01605	0.03317	0.02354	0.02033	0.01284	0.01498	0.01070	0.00856	0.00749	0.00214	0.01498	0.00535	0.00428	0.00963
5	0.01319	0.00950	0.01311	0.01492	0.01688	0.00942	0.01300	0.01692	0.01911	0.02473	0.04618	0.09295	0.08093	0.02284	0.01138	0.00377	0.00746	0.56840	0.00765	0.00761
6	0.01443	0.00722	0.01082	0.01082	0.01082	0.00722	0.00722	0.01082	0.01082	0.01443	0.01443	0.02525	0.01443	0.02886	0.03247	0.75830	0.00722	0.00722	0.00361	0.00361
7	0.16882	0.03202	0.02169	0.01900	0.02390	0.42573	0.01468	0.14731	0.02480	0.02973	0.01398	0.01567	0.01105	0.00868	0.00721	0.00229	0.01224	0.00561	0.00523	0.01039
8	0.01223	0.00895	0.01190	0.01333	0.01516	0.00862	0.01104	0.01545	0.01895	0.02461	0.09795	0.18209	0.14098	0.02267	0.01096	0.00351	0.00641	0.37997	0.00779	0.00743
9	0.02014	0.01770	0.02469	0.01786	0.02532	0.01550	0.13014	0.12563	0.02141	0.03129	0.01604	0.01869	0.01267	0.00697	0.00723	0.00175	0.00818	0.00630	0.00536	0.48712
10	0.03108	0.03807	0.02367	0.02119	0.02569	0.61425	0.01603	0.08862	0.02499	0.02331	0.01350	0.01544	0.01102	0.00869	0.00757	0.00217	0.01444	0.00555	0.00466	0.01005
11	0.03107	0.03836	0.02365	0.02123	0.02569	0.62556	0.01603	0.07825	0.02472	0.02276	0.01338	0.01536	0.01096	0.00867	0.00755	0.00217	0.01454	0.00551	0.00459	0.00997
12	0.03108	0.03807	0.02367	0.02119	0.02569	0.61425	0.01603	0.08862	0.02499	0.02331	0.01350	0.01544	0.01102	0.00869	0.00757	0.00217	0.01444	0.00555	0.00466	0.01005
13	0.01012	0.00723	0.00964	0.01157	0.01205	0.00675	0.00771	0.01157	0.01591	0.02121	0.04579	0.70262	0.05495	0.02603	0.01060	0.00337	0.00482	0.02362	0.00771	0.00675
14	0.53271	0.02078	0.01605	0.01387	0.01914	0.11708	0.01120	0.12841	0.01977	0.03733	0.01318	0.01481	0.01012	0.00822	0.00603	0.00249	0.00816	0.00513	0.00555	0.00996
15	0.03103	0.03959	0.02354	0.02140	0.02568	0.67469	0.01605	0.03317	0.02354	0.02033	0.01284	0.01498	0.01070	0.00856	0.00749	0.00214	0.01498	0.00535	0.00428	0.00963
16	0.02870	0.02941	0.02281	0.01963	0.02472	0.32071	0.01527	0.21575	0.17731	0.03349	0.02005	0.02035	0.01527	0.00964	0.00797	0.00241	0.01119	0.00697	0.00651	0.01184
17	0.02873	0.06266	0.02378	0.01978	0.02471	0.39775	0.01536	0.14634	0.14571	0.02908	0.01817	0.01894	0.01418	0.00928	0.00773	0.00232	0.01199	0.00649	0.00581	0.01120
18	0.01193	0.00799	0.00910	0.00925	0.00929	0.00796	0.00524	0.01204	0.01237	0.01649	0.02766	0.10344	0.03208	0.65641	0.03988	0.00770	0.00781	0.01295	0.00524	0.00516
19	0.01208	0.00805	0.00906	0.00906	0.00906	0.00805	0.00503	0.01208	0.01208	0.01611	0.02618	0.05436	0.03020	0.70804	0.04228	0.00805	0.00805	0.01208	0.00503	0.00503
20	0.65636	0.01609	0.01312	0.01152	0.01656	0.01842	0.00944	0.07055	0.01673	0.03816	0.05756	0.01743	0.01431	0.00854	0.00572	0.00257	0.00646	0.00547	0.00567	0.00931
21	0.02740	0.03298	0.02643	0.02258	0.02755	0.45541	0.10592	0.03425	0.13855	0.02396	0.01735	0.01908	0.01373	0.00884	0.00801	0.00236	0.01326	0.00677	0.00505	0.01052

[dist]
# distance from previous block
# <min> <max>
0	1

[block]
# block no. 1 follows, 22 sequences, length 11
# corresponding to MSA columns:
# 68-78
name=unknown_B
#
# <colnr> <probs for GDERKNQSTAVLIFYWHMCP>
#	G	D	E	R	K	N	Q	S	T	A	V	L	I	F	Y	W	H	M	C	P
0	0.03192	0.03596	0.02293	0.02046	0.02504	0.58020	0.01550	0.03422	0.02358	0.11185	0.01568	0.01688	0.01211	0.00881	0.00761	0.00220	0.01385	0.00578	0.00514	0.01027
1	0.01132	0.00808	0.01101	0.01293	0.01394	0.00778	0.00979	0.01363	0.01708	0.02254	0.04513	0.47968	0.05233	0.02490	0.01092	0.00354	0.00586	0.23476	0.00769	0.00708
2	0.02813	0.02610	0.02008	0.01766	0.02216	0.33051	0.01357	0.03399	0.11690	0.16991	0.11167	0.02713	0.02481	0.01056	0.00816	0.00241	0.01034	0.00802	0.00697	0.01093
3	0.19681	0.02777	0.02074	0.01794	0.02303	0.29314	0.01404	0.17458	0.09864	0.03353	0.01674	0.01774	0.01288	0.00903	0.00727	0.00240	0.01065	0.00615	0.00593	0.01098
4	0.01940	0.02388	0.09313	0.03420	0.04288	0.02089	0.58342	0.02659	0.01946	0.02659	0.01667	0.02206	0.01246	0.00707	0.00967	0.00279	0.01388	0.00954	0.00415	0.01128
5	0.03103	0.03959	0.02354	0.02140	0.02568	0.67469	0.01605	0.03317	0.02354	0.02033	0.01284	0.01498	0.01070	0.00856	0.00749	0.00214	0.01498	0.00535	0.00428	0.00963
6	0.09689	0.23067	0.02573	0.01526	0.02055	0.17289	0.01282	0.02917	0.05026	0.13907	0.10804	0.02420	0.02265	0.00968	0.00714	0.00225	0.00892	0.00711	0.00611	0.01060
7	0.01159	0.00844	0.01060	0.01183	0.01293	0.00809	0.00816	0.05444	0.01776	0.02347	0.04712	0.60448	0.10083	0.02451	0.01038	0.00327	0.00507	0.02200	0.00775	0.00728
8	0.02961	0.03467	0.02302	0.02051	0.02511	0.50917	0.01561	0.10101	0.11337	0.02595	0.01662	0.01782	0.01317	0.00910	0.00772	0.00228	0.01313	0.00616	0.00532	0.01063
9	0.02003	0.10549	0.10116	0.03809	0.29467	0.02173	0.24654	0.02591	0.01880	0.02596	0.01551	0.02009	0.01240	0.00727	0.00843	0.00252	0.01151	0.00782	0.00402	0.01205
10	0.03123	0.03356	0.02406	0.02056	0.02571	0.43494	0.01595	0.25313	0.02928	0.03216	0.01547	0.01682	0.01197	0.00908	0.00779	0.00227	0.01282	0.00614	0.00577	0.01129

[dist]
# distance from previous block
# <min> <max>
13	101

[block]
# block no. 2 follows, 22 sequences, length 13
# corresponding to MSA columns:
# 180-192
name=unknown_C
#
# <colnr> <probs for GDERKNQSTAVLIFYWHMCP>
#	G	D	E	R	K	N	Q	S	T	A	V	L	I	F	Y	W	H	M	C	P
0	0.02884	0.03564	0.02494	0.02512	0.10398	0.54819	0.01737	0.03130	0.02222	0.02116	0.01305	0.01590	0.01102	0.00883	0.00895	0.00228	0.06122	0.00574	0.00421	0.01003
1	0.03107	0.03854	0.02363	0.02125	0.02569	0.63262	0.01603	0.07177	0.02455	0.02241	0.01330	0.01530	0.01092	0.00865	0.00754	0.00216	0.01460	0.00549	0.00454	0.00992
2	0.10374	0.02279	0.02059	0.01761	0.02270	0.17079	0.01430	0.24938	0.02755	0.11394	0.02325	0.03210	0.01951	0.01173	0.00836	0.00266	0.00970	0.11070	0.00718	0.01143
3	0.01184	0.00795	0.00913	0.00937	0.00943	0.00789	0.00537	0.01202	0.01256	0.01674	0.02862	0.13513	0.03329	0.62307	0.03834	0.00747	0.00765	0.01352	0.00537	0.00525
4	0.01208	0.00805	0.00906	0.00906	0.00906	0.00805	0.00503	0.01208	0.01208	0.01611	0.02618	0.05436	0.03020	0.70804	0.04228	0.00805	0.00805	0.01208	0.00503	0.00503
5	0.57842	0.01700	0.01461	0.01248	0.01772	0.01936	0.01024	0.14093	0.01954	0.03995	0.05209	0.01770	0.01421	0.00871	0.00604	0.00256	0.00680	0.00572	0.00600	0.00992
6	0.07042	0.02418	0.02218	0.01830	0.02395	0.14901	0.01462	0.30706	0.16934	0.08351	0.02211	0.02169	0.01615	0.00989	0.00801	0.00251	0.00940	0.00739	0.00752	0.01275
7	0.03113	0.03680	0.02378	0.02101	0.02570	0.56355	0.01601	0.13514	0.02620	0.02582	0.01406	0.01583	0.01129	0.00880	0.00763	0.00220	0.01398	0.00572	0.00497	0.01040
8	0.02024	0.01091	0.01401	0.01296	0.01646	0.01009	0.01035	0.02455	0.05990	0.22899	0.13406	0.13799	0.14052	0.01739	0.00967	0.00297	0.00595	0.12433	0.00877	0.00988
9	0.02452	0.02884	0.01958	0.01870	0.02205	0.44127	0.01438	0.02709	0.02205	0.02220	0.06208	0.08283	0.02612	0.01344	0.00872	0.00262	0.01198	0.13708	0.00556	0.00889
10	0.02946	0.03314	0.02303	0.02026	0.02504	0.45222	0.01554	0.14234	0.12589	0.02843	0.01750	0.01846	0.01368	0.00925	0.00779	0.00231	0.01257	0.00639	0.00568	0.01101
11	0.02255	0.02671	0.04019	0.07649	0.03939	0.20459	0.41274	0.02808	0.02051	0.02447	0.01555	0.02030	0.01196	0.00753	0.00905	0.00261	0.01408	0.00838	0.00419	0.01063
12	0.02706	0.03273	0.03254	0.02606	0.03190	0.41234	0.22983	0.06138	0.02296	0.02417	0.01459	0.01784	0.01154	0.00809	0.00834	0.00239	0.01434	0.00702	0.00446	0.01041

[dist]
# distance from previous block
# <min> <max>
0	17

[block]
# block no. 3 follows, 22 sequences, length 12
# corresponding to MSA columns:
# 210-221
name=unknown_D
#
# <colnr> <probs for GDERKNQSTAVLIFYWHMCP>
#	G	D	E	R	K	N	Q	S	T	A	V	L	I	F	Y	W	H	M	C	P
0	0.03118	0.03507	0.02393	0.02077	0.02570	0.49485	0.01598	0.19817	0.02784	0.02921	0.01481	0.01636	0.01165	0.00895	0.00772	0.00224	0.01336	0.00594	0.00540	0.01088
1	0.03130	0.03167	0.02422	0.02029	0.02572	0.35954	0.01592	0.32230	0.03108	0.03588	0.01629	0.01739	0.01237	0.00925	0.00789	0.00231	0.01215	0.00638	0.00624	0.01181
2	0.01059	0.00779	0.00914	0.01000	0.01098	0.00719	0.00657	0.01181	0.01565	0.02010	0.05074	0.34923	0.21147	0.21731	0.01934	0.00454	0.00557	0.01869	0.00696	0.00634
3	0.01208	0.00805	0.00906	0.00906	0.00906	0.00805	0.00503	0.01208	0.01208	0.01611	0.02618	0.05436	0.03020	0.70804	0.04228	0.00805	0.00805	0.01208	0.00503	0.00503
4	0.58016	0.02084	0.11195	0.01367	0.02003	0.01945	0.01295	0.08504	0.01714	0.03713	0.01291	0.01475	0.00974	0.00796	0.00587	0.00257	0.00758	0.00504	0.00521	0.01000
5	0.03119	0.03498	0.02393	0.02076	0.02570	0.49139	0.01598	0.20134	0.02793	0.02938	0.01485	0.01638	0.01167	0.00896	0.00772	0.00224	0.01333	0.00595	0.00542	0.01090
6	0.02921	0.02324	0.02084	0.01775	0.02302	0.19512	0.01394	0.10063	0.24067	0.20718	0.02644	0.02478	0.01891	0.01013	0.00815	0.00253	0.00924	0.00782	0.00782	0.01258
7	0.01124	0.00799	0.01005	0.01126	0.01207	0.00765	0.00786	0.01277	0.01568	0.02054	0.04329	0.35419	0.09913	0.21768	0.01964	0.00473	0.00619	0.12464	0.00694	0.00645
8	0.18483	0.03348	0.02128	0.01904	0.02368	0.48990	0.01456	0.07509	0.02272	0.02623	0.01310	0.01504	0.01060	0.00849	0.00706	0.00226	0.01276	0.00533	0.00476	0.00983
9	0.02540	0.02154	0.02505	0.02708	0.20206	0.08594	0.01734	0.22552	0.12141	0.06570	0.05235	0.02371	0.01869	0.00951	0.00821	0.00246	0.00905	0.00785	0.00673	0.04438
10	0.02065	0.02224	0.03882	0.02901	0.03610	0.06342	0.41326	0.03199	0.19545	0.02850	0.02135	0.02435	0.01608	0.00831	0.00927	0.00276	0.01197	0.00940	0.00541	0.01165
11	0.02878	0.21167	0.02865	0.01957	0.02457	0.51070	0.01558	0.03105	0.02184	0.02013	0.01251	0.01456	0.01069	0.00819	0.00694	0.00205	0.01342	0.00512	0.00409	0.00989

[dist]
# distance from previous block
# <min> <max>
3	6

[block]
# block no. 4 follows, 22 sequences, length 13
# corresponding to MSA columns:
# 228-240
name=unknown_E
#
# <colnr> <probs for GDERKNQSTAVLIFYWHMCP>
#	G	D	E	R	K	N	Q	S	T	A	V	L	I	F	Y	W	H	M	C	P
0	0.03103	0.03959	0.02354	0.02140	0.02568	0.67469	0.01605	0.03317	0.02354	0.02033	0.01284	0.01498	0.01070	0.00856	0.00749	0.00214	0.01498	0.00535	0.00428	0.00963
1	0.02586	0.02013	0.02179	0.01711	0.02345	0.02136	0.01387	0.35743	0.17748	0.04267	0.02212	0.02198	0.01640	0.00945	0.00788	0.00230	0.00788	0.00738	0.00761	0.17586
2	0.01102	0.00825	0.00899	0.00917	0.01055	0.00759	0.00612	0.01222	0.01569	0.01961	0.05420	0.09705	0.31484	0.33411	0.02471	0.00527	0.00614	0.04186	0.00649	0.00613
3	0.01208	0.00805	0.00906	0.00906	0.00906	0.00805	0.00503	0.01208	0.01208	0.01611	0.02618	0.05436	0.03020	0.70804	0.04228	0.00805	0.00805	0.01208	0.00503	0.00503
4	0.36849	0.01865	0.01759	0.01481	0.02030	0.02126	0.01202	0.21059	0.17072	0.04120	0.01937	0.01959	0.01443	0.00924	0.00688	0.00261	0.00728	0.00656	0.00688	0.01153
5	0.02937	0.03610	0.02278	0.02068	0.02503	0.56954	0.01558	0.03494	0.12285	0.02265	0.01621	0.01756	0.01306	0.00900	0.00765	0.00225	0.01363	0.00600	0.00495	0.01020
6	0.02587	0.02384	0.02154	0.01786	0.02352	0.16382	0.01410	0.22467	0.21343	0.03599	0.02173	0.02175	0.01647	0.00944	0.00783	0.00231	0.00917	0.00718	0.00693	0.13258
7	0.02091	0.01591	0.01805	0.01552	0.02032	0.01645	0.01242	0.17452	0.18705	0.05782	0.05315	0.10552	0.02819	0.01331	0.00868	0.00263	0.00700	0.08845	0.00769	0.14642
8	0.02763	0.03034	0.02204	0.01965	0.02425	0.38604	0.01515	0.11881	0.18070	0.02868	0.02066	0.02362	0.01671	0.01016	0.00805	0.00244	0.01168	0.03629	0.00606	0.01105
9	0.02408	0.39905	0.03292	0.01562	0.02163	0.11342	0.01390	0.09075	0.07370	0.05677	0.06957	0.02057	0.01847	0.00894	0.00672	0.00210	0.00902	0.00638	0.00536	0.01103
10	0.01730	0.01695	0.01491	0.01475	0.01728	0.15543	0.01077	0.02437	0.16700	0.02530	0.08808	0.31278	0.06625	0.01775	0.00931	0.00288	0.00735	0.01528	0.00726	0.00900
11	0.03111	0.03742	0.02373	0.02110	0.02569	0.58830	0.01602	0.11243	0.02561	0.02459	0.01379	0.01564	0.01116	0.00875	0.00760	0.00219	0.01420	0.00563	0.00482	0.01023
12	0.11933	0.16886	0.03062	0.03342	0.36555	0.02120	0.01900	0.02419	0.01832	0.02748	0.08077	0.02239	0.01889	0.00838	0.00735	0.00235	0.00857	0.00717	0.00465	0.01150

[dist]
# distance from previous block
# <min> <max>
1	4

[block]
# block no. 5 follows, 22 sequences, length 8
# corresponding to MSA columns:
# 245-252
name=unknown_F
#
# <colnr> <probs for GDERKNQSTAVLIFYWHMCP>
#	G	D	E	R	K	N	Q	S	T	A	V	L	I	F	Y	W	H	M	C	P
0	0.02779	0.03020	0.02223	0.01962	0.02439	0.36855	0.01508	0.12546	0.22359	0.02972	0.02061	0.02085	0.01590	0.00964	0.00792	0.00241	0.01142	0.00696	0.00622	0.01143
1	0.23600	0.02619	0.02097	0.01753	0.02304	0.21950	0.01398	0.28085	0.02744	0.03850	0.01547	0.01665	0.01167	0.00892	0.00718	0.00241	0.01015	0.00601	0.00621	0.01134
2	0.01003	0.00759	0.00926	0.01060	0.01180	0.00683	0.00728	0.01168	0.01684	0.02159	0.05757	0.51148	0.23849	0.02450	0.01036	0.00320	0.00463	0.02175	0.00771	0.00683
3	0.01208	0.00805	0.00906	0.00906	0.00906	0.00805	0.00503	0.01208	0.01208	0.01611	0.02618	0.05436	0.03020	0.70804	0.04228	0.00805	0.00805	0.01208	0.00503	0.00503
4	0.76672	0.01607	0.01221	0.01092	0.01607	0.01864	0.00900	0.02442	0.01414	0.03727	0.01157	0.01350	0.00900	0.00771	0.00514	0.00257	0.00643	0.00450	0.00514	0.00900
5	0.02872	0.03017	0.02278	0.01974	0.02474	0.34988	0.01530	0.19177	0.17377	0.03214	0.01967	0.02007	0.01507	0.00957	0.00793	0.00239	0.01146	0.00686	0.00632	0.01164
6	0.02163	0.01652	0.01680	0.01519	0.01897	0.08805	0.01161	0.06777	0.22225	0.12838	0.12500	0.16700	0.03611	0.01454	0.00895	0.00276	0.00700	0.01235	0.00822	0.01090
7	0.02555	0.02027	0.02154	0.01789	0.02346	0.02295	0.01433	0.30572	0.37168	0.04263	0.02761	0.02605	0.02033	0.01069	0.00839	0.00267	0.00772	0.00854	0.00839	0.01359

[dist]
# distance from previous block
# <min> <max>
1	11

[block]
# block no. 6 follows, 22 sequences, length 32
# corresponding to MSA columns:
# 264-295
name=unknown_G
#
# <colnr> <probs for GDERKNQSTAVLIFYWHMCP>
#	G	D	E	R	K	N	Q	S	T	A	V	L	I	F	Y	W	H	M	C	P
0	0.02943	0.02310	0.02076	0.01768	0.02295	0.19624	0.01388	0.09037	0.23531	0.22155	0.02661	0.02487	0.01896	0.01012	0.00815	0.00253	0.00923	0.00782	0.00786	0.01258
1	0.02786	0.02134	0.02286	0.01813	0.02431	0.02355	0.01474	0.43863	0.19662	0.04623	0.02330	0.02270	0.01698	0.01009	0.00822	0.00250	0.00829	0.00783	0.00815	0.05767
2	0.02741	0.01908	0.02120	0.01687	0.02301	0.02015	0.01366	0.28205	0.21074	0.14243	0.02542	0.02418	0.01823	0.00990	0.00808	0.00244	0.00766	0.00785	0.00823	0.11142
3	0.03103	0.03959	0.02354	0.02140	0.02568	0.67469	0.01605	0.03317	0.02354	0.02033	0.01284	0.01498	0.01070	0.00856	0.00749	0.00214	0.01498	0.00535	0.00428	0.00963
4	0.03320	0.01643	0.02018	0.01593	0.02208	0.01615	0.01301	0.14437	0.14080	0.43883	0.03071	0.02732	0.02032	0.01041	0.00836	0.00260	0.00734	0.00839	0.00960	0.01395
5	0.01208	0.00805	0.00906	0.00906	0.00906	0.00805	0.00503	0.01208	0.01208	0.01611	0.02618	0.05436	0.03020	0.70804	0.04228	0.00805	0.00805	0.01208	0.00503	0.00503
6	0.03103	0.03959	0.02354	0.02140	0.02568	0.67469	0.01605	0.03317	0.02354	0.02033	0.01284	0.01498	0.01070	0.00856	0.00749	0.00214	0.01498	0.00535	0.00428	0.00963
7	0.02227	0.01871	0.06250	0.02100	0.02797	0.01612	0.19060	0.02694	0.01887	0.16182	0.01881	0.02120	0.01392	0.00824	0.00996	0.00230	0.07997	0.00738	0.00565	0.26579
8	0.03103	0.03959	0.02354	0.02140	0.02568	0.67469	0.01605	0.03317	0.02354	0.02033	0.01284	0.01498	0.01070	0.00856	0.00749	0.00214	0.01498	0.00535	0.00428	0.00963
9	0.01012	0.00723	0.00964	0.01157	0.01205	0.00675	0.00771	0.01157	0.01591	0.02121	0.04579	0.70262	0.05495	0.02603	0.01060	0.00337	0.00482	0.02362	0.00771	0.00675
10	0.01208	0.00805	0.00906	0.00906	0.00906	0.00805	0.00503	0.01208	0.01208	0.01611	0.02618	0.05436	0.03020	0.70804	0.04228	0.00805	0.00805	0.01208	0.00503	0.00503
11	0.03146	0.02676	0.02463	0.01960	0.02575	0.16441	0.01585	0.50132	0.03574	0.04551	0.01843	0.01888	0.01340	0.00967	0.00814	0.00242	0.01039	0.00702	0.00745	0.01317
12	0.03727	0.01414	0.01928	0.01478	0.02121	0.01221	0.01221	0.04049	0.02378	0.66198	0.03277	0.02828	0.02056	0.01028	0.00835	0.00257	0.00707	0.00835	0.01028	0.01414
13	0.03638	0.01557	0.02017	0.01546	0.02192	0.01434	0.01277	0.13288	0.02618	0.56619	0.03076	0.02697	0.01955	0.01023	0.00835	0.00256	0.00739	0.00822	0.00997	0.01414
14	0.02056	0.01974	0.03372	0.05099	0.65622	0.01974	0.02550	0.02550	0.01892	0.02714	0.01563	0.02056	0.01316	0.00740	0.00822	0.00247	0.00987	0.00740	0.00411	0.01316
15	0.02056	0.01974	0.03372	0.05099	0.65622	0.01974	0.02550	0.02550	0.01892	0.02714	0.01563	0.02056	0.01316	0.00740	0.00822	0.00247	0.00987	0.00740	0.00411	0.01316
16	0.02079	0.54137	0.20276	0.01664	0.02507	0.02939	0.01844	0.02524	0.01705	0.02128	0.01241	0.01441	0.01063	0.00731	0.00599	0.00200	0.00975	0.00488	0.00354	0.01108
17	0.01145	0.00848	0.01068	0.01013	0.01222	0.00771	0.00760	0.01509	0.02280	0.03161	0.56264	0.06487	0.16865	0.01762	0.00980	0.00264	0.00396	0.01542	0.00892	0.00771
18	0.01192	0.00868	0.01225	0.01225	0.01336	0.00979	0.00901	0.01413	0.01303	0.01847	0.02326	0.03820	0.02319	0.22775	0.51298	0.01199	0.01861	0.00972	0.00460	0.00681
19	0.01723	0.01477	0.01723	0.01230	0.01969	0.01107	0.00984	0.02092	0.01723	0.02707	0.01477	0.01723	0.01230	0.00615	0.00615	0.00123	0.00615	0.00492	0.00492	0.75883
20	0.76672	0.01607	0.01221	0.01092	0.01607	0.01864	0.00900	0.02442	0.01414	0.03727	0.01157	0.01350	0.00900	0.00771	0.00514	0.00257	0.00643	0.00450	0.00514	0.00900
21	0.01208	0.00805	0.00906	0.00906	0.00906	0.00805	0.00503	0.01208	0.01208	0.01611	0.02618	0.05436	0.03020	0.70804	0.04228	0.00805	0.00805	0.01208	0.00503	0.00503
22	0.02313	0.01885	0.02011	0.01740	0.02247	0.02146	0.01384	0.19263	0.45831	0.03881	0.03073	0.03105	0.02351	0.01148	0.00856	0.00278	0.00728	0.03609	0.00838	0.01315
23	0.01696	0.01555	0.02335	0.51612	0.04809	0.01902	0.02053	0.02710	0.17664	0.02469	0.01965	0.02441	0.01473	0.00907	0.00834	0.00278	0.00992	0.00790	0.00491	0.01023
24	0.21893	0.02353	0.02094	0.01719	0.02292	0.12547	0.01387	0.33129	0.08064	0.04199	0.01784	0.01844	0.01321	0.00928	0.00738	0.00248	0.00915	0.00654	0.00688	0.01202
25	0.01003	0.00760	0.00926	0.01059	0.01179	0.00683	0.00728	0.01168	0.01684	0.02159	0.05763	0.51038	0.23954	0.02449	0.01036	0.00320	0.00463	0.02174	0.00771	0.00683
26	0.01173	0.00835	0.01007	0.01025	0.01228	0.00742	0.00745	0.01423	0.01962	0.05437	0.23933	0.25743	0.27539	0.02083	0.00998	0.00291	0.00443	0.01818	0.00826	0.00750
27	0.76672	0.01607	0.01221	0.01092	0.01607	0.01864	0.00900	0.02442	0.01414	0.03727	0.01157	0.01350	0.00900	0.00771	0.00514	0.00257	0.00643	0.00450	0.00514	0.00900
28	0.03103	0.03959	0.02354	0.02140	0.02568	0.67469	0.01605	0.03317	0.02354	0.02033	0.01284	0.01498	0.01070	0.00856	0.00749	0.00214	0.01498	0.00535	0.00428	0.00963
29	0.02608	0.02547	0.02151	0.01871	0.02370	0.21618	0.01458	0.16574	0.32894	0.03423	0.02462	0.02387	0.01860	0.01019	0.00814	0.00255	0.00962	0.00778	0.00718	0.01231
30	0.01818	0.01547	0.01711	0.01469	0.01976	0.01569	0.01135	0.03223	0.35259	0.03046	0.02891	0.11084	0.02469	0.01140	0.00795	0.00235	0.00621	0.00968	0.00717	0.26327
31	0.03119	0.03478	0.02395	0.02073	0.02571	0.48331	0.01597	0.20875	0.02812	0.02978	0.01494	0.01645	0.01171	0.00898	0.00773	0.00224	0.01326	0.00598	0.00547	0.01096

[dist]
# distance from previous block
# <min> <max>
1	2

[block]
# block no. 7 follows, 22 sequences, length 28
# corresponding to MSA columns:
# 298-325
name=unknown_H
#
# <colnr> <probs for GDERKNQSTAVLIFYWHMCP>
#	G	D	E	R	K	N	Q	S	T	A	V	L	I	F	Y	W	H	M	C	P
0	0.23057	0.02588	0.02110	0.01754	0.02311	0.20532	0.01402	0.29837	0.02797	0.03931	0.01569	0.01681	0.01178	0.00897	0.00722	0.00242	0.01004	0.00608	0.00632	0.01148
1	0.03158	0.02327	0.02493	0.01911	0.02576	0.02576	0.01579	0.62852	0.03906	0.05236	0.01995	0.01995	0.01413	0.00997	0.00831	0.00249	0.00914	0.00748	0.00831	0.01413
2	0.03123	0.03370	0.02404	0.02058	0.02571	0.44056	0.01596	0.24798	0.02914	0.03189	0.01540	0.01677	0.01194	0.00907	0.00779	0.00227	0.01287	0.00612	0.00573	0.01125
3	0.01174	0.00903	0.01109	0.01212	0.01445	0.00839	0.01012	0.01477	0.01904	0.02375	0.06251	0.08736	0.32683	0.02207	0.01071	0.00335	0.00606	0.33156	0.00768	0.00736
4	0.01208	0.00805	0.00906	0.00906	0.00906	0.00805	0.00503	0.01208	0.01208	0.01611	0.02618	0.05436	0.03020	0.70804	0.04228	0.00805	0.00805	0.01208	0.00503	0.00503
5	0.02009	0.01925	0.03286	0.11296	0.59795	0.01961	0.02526	0.02508	0.01869	0.02657	0.01554	0.02072	0.01296	0.00749	0.00823	0.00250	0.00999	0.00740	0.00407	0.01278
6	0.01992	0.02152	0.04393	0.04033	0.24727	0.02059	0.42627	0.02624	0.01938	0.02679	0.01641	0.02179	0.01279	0.00714	0.00928	0.00269	0.01263	0.00900	0.00417	0.01185
7	0.03155	0.02427	0.02485	0.01925	0.02576	0.06548	0.01581	0.59209	0.03811	0.05040	0.01951	0.01964	0.01392	0.00989	0.00826	0.00247	0.00950	0.00735	0.00806	0.01385
8	0.02066	0.01785	0.01878	0.01691	0.02160	0.02066	0.01315	0.04414	0.64121	0.03475	0.03381	0.03099	0.02536	0.01127	0.00845	0.00282	0.00657	0.00939	0.00845	0.01315
9	0.01012	0.00723	0.00964	0.01157	0.01205	0.00675	0.00771	0.01157	0.01591	0.02121	0.04579	0.70262	0.05495	0.02603	0.01060	0.00337	0.00482	0.02362	0.00771	0.00675
10	0.76672	0.01607	0.01221	0.01092	0.01607	0.01864	0.00900	0.02442	0.01414	0.03727	0.01157	0.01350	0.00900	0.00771	0.00514	0.00257	0.00643	0.00450	0.00514	0.00900
11	0.03158	0.02327	0.02493	0.01911	0.02576	0.02576	0.01579	0.62852	0.03906	0.05236	0.01995	0.01995	0.01413	0.00997	0.00831	0.00249	0.00914	0.00748	0.00831	0.01413
12	0.03158	0.02327	0.02493	0.01911	0.02576	0.02576	0.01579	0.62852	0.03906	0.05236	0.01995	0.01995	0.01413	0.00997	0.00831	0.00249	0.00914	0.00748	0.00831	0.01413
13	0.00982	0.00842	0.00842	0.00842	0.01122	0.00701	0.00631	0.01192	0.01894	0.02244	0.08416	0.07995	0.65285	0.02104	0.00982	0.00281	0.00421	0.01753	0.00771	0.00701
14	0.03727	0.01414	0.01928	0.01478	0.02121	0.01221	0.01221	0.04049	0.02378	0.66198	0.03277	0.02828	0.02056	0.01028	0.00835	0.00257	0.00707	0.00835	0.01028	0.01414
15	0.01012	0.00723	0.00964	0.01157	0.01205	0.00675	0.00771	0.01157	0.01591	0.02121	0.04579	0.70262	0.05495	0.02603	0.01060	0.00337	0.00482	0.02362	0.00771	0.00675
16	0.76672	0.01607	0.01221	0.01092	0.01607	0.01864	0.00900	0.02442	0.01414	0.03727	0.01157	0.01350	0.00900	0.00771	0.00514	0.00257	0.00643	0.00450	0.00514	0.00900
17	0.03158	0.02327	0.02493	0.01911	0.02576	0.02576	0.01579	0.62852	0.03906	0.05236	0.01995	0.01995	0.01413	0.00997	0.00831	0.00249	0.00914	0.00748	0.00831	0.01413
18	0.01961	0.02241	0.04902	0.03501	0.04342	0.02101	0.62605	0.02661	0.01961	0.02661	0.01681	0.02241	0.01261	0.00700	0.00980	0.00280	0.01401	0.00980	0.00420	0.01120
19	0.01012	0.00723	0.00964	0.01157	0.01205	0.00675	0.00771	0.01157	0.01591	0.02121	0.04579	0.70262	0.05495	0.02603	0.01060	0.00337	0.00482	0.02362	0.00771	0.00675
20	0.03103	0.03959	0.02354	0.02140	0.02568	0.67469	0.01605	0.03317	0.02354	0.02033	0.01284	0.01498	0.01070	0.00856	0.00749	0.00214	0.01498	0.00535	0.00428	0.00963
21	0.01912	0.24630	0.44184	0.02068	0.03096	0.05858	0.02490	0.02624	0.01766	0.02393	0.01378	0.01612	0.01057	0.00769	0.00709	0.00235	0.01139	0.00558	0.00356	0.01164
22	0.19887	0.48373	0.09492	0.01433	0.02146	0.02820	0.01453	0.02490	0.01629	0.02440	0.01187	0.01377	0.01025	0.00733	0.00553	0.00205	0.00862	0.00462	0.00393	0.01042
23	0.01569	0.01477	0.02492	0.68808	0.05722	0.01846	0.02307	0.02123	0.01661	0.02123	0.01477	0.02215	0.01107	0.00831	0.00831	0.00277	0.01107	0.00738	0.00369	0.00923
24	0.19076	0.02259	0.02059	0.01675	0.02258	0.14196	0.01353	0.24784	0.02718	0.18822	0.01987	0.01962	0.01392	0.00930	0.00749	0.00246	0.00915	0.00665	0.00735	0.01219
25	0.02301	0.01901	0.02011	0.01738	0.02250	0.02176	0.01372	0.16969	0.51185	0.03853	0.03083	0.02862	0.02295	0.01099	0.00842	0.00275	0.00713	0.00898	0.00842	0.01336
26	0.01666	0.04297	0.66500	0.02368	0.03596	0.01929	0.03069	0.02631	0.01754	0.02631	0.01491	0.01754	0.01052	0.00789	0.00789	0.00263	0.01228	0.00614	0.00351	0.01228
27	0.26208	0.02101	0.02094	0.01655	0.02272	0.02353	0.01366	0.43911	0.03125	0.04763	0.01732	0.01792	0.01252	0.00926	0.00732	0.00252	0.00829	0.00654	0.00732	0.01252

[dist]
# distance from previous block
# <min> <max>
0	1

[block]
# block no. 8 follows, 22 sequences, length 21
# corresponding to MSA columns:
# 327-347
name=unknown_I
#
# <colnr> <probs for GDERKNQSTAVLIFYWHMCP>
#	G	D	E	R	K	N	Q	S	T	A	V	L	I	F	Y	W	H	M	C	P
0	0.76672	0.01607	0.01221	0.01092	0.01607	0.01864	0.00900	0.02442	0.01414	0.03727	0.01157	0.01350	0.00900	0.00771	0.00514	0.00257	0.00643	0.00450	0.00514	0.00900
1	0.01012	0.00723	0.00964	0.01157	0.01205	0.00675	0.00771	0.01157	0.01591	0.02121	0.04579	0.70262	0.05495	0.02603	0.01060	0.00337	0.00482	0.02362	0.00771	0.00675
2	0.01208	0.00805	0.00906	0.00906	0.00906	0.00805	0.00503	0.01208	0.01208	0.01611	0.02618	0.05436	0.03020	0.70804	0.04228	0.00805	0.00805	0.01208	0.00503	0.00503
3	0.03158	0.02327	0.02493	0.01911	0.02576	0.02576	0.01579	0.62852	0.03906	0.05236	0.01995	0.01995	0.01413	0.00997	0.00831	0.00249	0.00914	0.00748	0.00831	0.01413
4	0.02056	0.01974	0.03372	0.05099	0.65622	0.01974	0.02550	0.02550	0.01892	0.02714	0.01563	0.02056	0.01316	0.00740	0.00822	0.00247	0.00987	0.00740	0.00411	0.01316
5	0.01666	0.04297	0.66500	0.02368	0.03596	0.01929	0.03069	0.02631	0.01754	0.02631	0.01491	0.01754	0.01052	0.00789	0.00789	0.00263	0.01228	0.00614	0.00351	0.01228
6	0.01961	0.02241	0.04902	0.03501	0.04342	0.02101	0.62605	0.02661	0.01961	0.02661	0.01681	0.02241	0.01261	0.00700	0.00980	0.00280	0.01401	0.00980	0.00420	0.01120
7	0.01012	0.00723	0.00964	0.01157	0.01205	0.00675	0.00771	0.01157	0.01591	0.02121	0.04579	0.70262	0.05495	0.02603	0.01060	0.00337	0.00482	0.02362	0.00771	0.00675
8	0.01666	0.04297	0.66500	0.02368	0.03596	0.01929	0.03069	0.02631	0.01754	0.02631	0.01491	0.01754	0.01052	0.00789	0.00789	0.00263	0.01228	0.00614	0.00351	0.01228
9	0.03727	0.01414	0.01928	0.01478	0.02121	0.01221	0.01221	0.04049	0.02378	0.66198	0.03277	0.02828	0.02056	0.01028	0.00835	0.00257	0.00707	0.00835	0.01028	0.01414
10	0.03727	0.01414	0.01928	0.01478	0.02121	0.01221	0.01221	0.04049	0.02378	0.66198	0.03277	0.02828	0.02056	0.01028	0.00835	0.00257	0.00707	0.00835	0.01028	0.01414
11	0.02056	0.01974	0.03372	0.05099	0.65622	0.01974	0.02550	0.02550	0.01892	0.02714	0.01563	0.02056	0.01316	0.00740	0.00822	0.00247	0.00987	0.00740	0.00411	0.01316
12	0.01971	0.02211	0.04732	0.03679	0.11135	0.02087	0.55947	0.02649	0.01953	0.02667	0.01668	0.02220	0.01267	0.00705	0.00963	0.00276	0.01355	0.00954	0.00419	0.01142
13	0.00982	0.00842	0.00842	0.00842	0.01122	0.00701	0.00631	0.01192	0.01894	0.02244	0.08416	0.07995	0.65285	0.02104	0.00982	0.00281	0.00421	0.01753	0.00771	0.00701
14	0.01208	0.00805	0.00906	0.00906	0.00906	0.00805	0.00503	0.01208	0.01208	0.01611	0.02618	0.05436	0.03020	0.70804	0.04228	0.00805	0.00805	0.01208	0.00503	0.00503
15	0.03727	0.01414	0.01928	0.01478	0.02121	0.01221	0.01221	0.04049	0.02378	0.66198	0.03277	0.02828	0.02056	0.01028	0.00835	0.00257	0.00707	0.00835	0.01028	0.01414
16	0.03103	0.03959	0.02354	0.02140	0.02568	0.67469	0.01605	0.03317	0.02354	0.02033	0.01284	0.01498	0.01070	0.00856	0.00749	0.00214	0.01498	0.00535	0.00428	0.00963
17	0.03158	0.02327	0.02493	0.01911	0.02576	0.02576	0.01579	0.62852	0.03906	0.05236	0.01995	0.01995	0.01413	0.00997	0.00831	0.00249	0.00914	0.00748	0.00831	0.01413
18	0.03158	0.02327	0.02493	0.01911	0.02576	0.02576	0.01579	0.62852	0.03906	0.05236	0.01995	0.01995	0.01413	0.00997	0.00831	0.00249	0.00914	0.00748	0.00831	0.01413
19	0.03137	0.02953	0.02440	0.01999	0.02573	0.27445	0.01589	0.40037	0.03311	0.04008	0.01722	0.01804	0.01281	0.00943	0.00800	0.00236	0.01138	0.00666	0.00677	0.01240
20	0.19889	0.01876	0.02028	0.01590	0.02214	0.01987	0.01313	0.30641	0.02861	0.24190	0.02212	0.02113	0.01501	0.00956	0.00761	0.00254	0.00787	0.00709	0.00822	0.01298

[dist]
# distance from previous block
# <min> <max>
0	2

[block]
# block no. 9 follows, 22 sequences, length 7
# corresponding to MSA columns:
# 350-356
name=unknown_J
#
# <colnr> <probs for GDERKNQSTAVLIFYWHMCP>
#	G	D	E	R	K	N	Q	S	T	A	V	L	I	F	Y	W	H	M	C	P
0	0.01027	0.00757	0.00932	0.01064	0.01156	0.00694	0.00713	0.01170	0.01614	0.02093	0.05178	0.50314	0.17799	0.09717	0.01379	0.00375	0.00503	0.02112	0.00743	0.00662
1	0.28953	0.02074	0.02047	0.01624	0.02236	0.02326	0.01341	0.41656	0.03031	0.04706	0.01701	0.01768	0.01233	0.00918	0.00720	0.00252	0.00819	0.00643	0.00720	0.01233
2	0.38974	0.02183	0.01856	0.01541	0.02103	0.10453	0.01251	0.25870	0.02495	0.04095	0.01496	0.01617	0.01119	0.00869	0.00666	0.00249	0.00856	0.00576	0.00626	0.01106
3	0.01167	0.00788	0.00918	0.00959	0.00969	0.00778	0.00560	0.01197	0.01288	0.01718	0.03030	0.19061	0.03540	0.56470	0.03563	0.00707	0.00737	0.01451	0.00560	0.00539
4	0.08194	0.03226	0.02192	0.01922	0.02389	0.44522	0.01478	0.15649	0.02570	0.02900	0.01525	0.01705	0.01205	0.00888	0.00738	0.00223	0.01237	0.00591	0.05808	0.01040
5	0.03103	0.03959	0.02354	0.02140	0.02568	0.67469	0.01605	0.03317	0.02354	0.02033	0.01284	0.01498	0.01070	0.00856	0.00749	0.00214	0.01498	0.00535	0.00428	0.00963
6	0.02567	0.02943	0.02875	0.03655	0.34849	0.33939	0.02089	0.02924	0.02117	0.02382	0.01427	0.01784	0.01196	0.00797	0.00787	0.00231	0.01236	0.00640	0.00419	0.01144

[dist]
# distance from previous block
# <min> <max>
1	29

[block]
# block no. 10 follows, 22 sequences, length 40
# corresponding to MSA columns:
# 386-425
name=unknown_K
#
# <colnr> <probs for GDERKNQSTAVLIFYWHMCP>
#	G	D	E	R	K	N	Q	S	T	A	V	L	I	F	Y	W	H	M	C	P
0	0.13425	0.03321	0.02170	0.01938	0.02402	0.47624	0.01481	0.08432	0.07037	0.02659	0.01487	0.01641	0.01187	0.00877	0.00730	0.00228	0.01263	0.00572	0.00507	0.01020
1	0.03103	0.03959	0.02354	0.02140	0.02568	0.67469	0.01605	0.03317	0.02354	0.02033	0.01284	0.01498	0.01070	0.00856	0.00749	0.00214	0.01498	0.00535	0.00428	0.00963
2	0.02056	0.01974	0.03372	0.05099	0.65622	0.01974	0.02550	0.02550	0.01892	0.02714	0.01563	0.02056	0.01316	0.00740	0.00822	0.00247	0.00987	0.00740	0.00411	0.01316
3	0.01010	0.00729	0.00957	0.01139	0.01200	0.00676	0.00763	0.01159	0.01607	0.02127	0.04790	0.66831	0.08790	0.02575	0.01056	0.00334	0.00479	0.02328	0.00771	0.00676
4	0.02066	0.01785	0.01878	0.01691	0.02160	0.02066	0.01315	0.04414	0.64121	0.03475	0.03381	0.03099	0.02536	0.01127	0.00845	0.00282	0.00657	0.00939	0.00845	0.01315
5	0.01208	0.00805	0.00906	0.00906	0.00906	0.00805	0.00503	0.01208	0.01208	0.01611	0.02618	0.05436	0.03020	0.70804	0.04228	0.00805	0.00805	0.01208	0.00503	0.00503
6	0.03147	0.02665	0.02464	0.01959	0.02575	0.16026	0.01584	0.50513	0.03584	0.04572	0.01847	0.01892	0.01342	0.00968	0.00814	0.00242	0.01035	0.00704	0.00748	0.01320
7	0.66075	0.01987	0.10444	0.01273	0.01888	0.01873	0.01206	0.02469	0.01462	0.03572	0.01204	0.01407	0.00921	0.00774	0.00553	0.00258	0.00725	0.00473	0.00491	0.00946
8	0.76672	0.01607	0.01221	0.01092	0.01607	0.01864	0.00900	0.02442	0.01414	0.03727	0.01157	0.01350	0.00900	0.00771	0.00514	0.00257	0.00643	0.00450	0.00514	0.00900
9	0.01208	0.00805	0.00906	0.00906	0.00906	0.00805	0.00503	0.01208	0.01208	0.01611	0.02618	0.05436	0.03020	0.70804	0.04228	0.00805	0.00805	0.01208	0.00503	0.00503
10	0.03158	0.02327	0.02493	0.01911	0.02576	0.02576	0.01579	0.62852	0.03906	0.05236	0.01995	0.01995	0.01413	0.00997	0.00831	0.00249	0.00914	0.00748	0.00831	0.01413
11	0.03158	0.02327	0.02493	0.01911	0.02576	0.02576	0.01579	0.62852	0.03906	0.05236	0.01995	0.01995	0.01413	0.00997	0.00831	0.00249	0.00914	0.00748	0.00831	0.01413
12	0.08790	0.02272	0.02396	0.01849	0.02502	0.02522	0.01527	0.58224	0.03715	0.05120	0.01930	0.01945	0.01373	0.00980	0.00807	0.00250	0.00893	0.00725	0.00807	0.01373
13	0.02804	0.02063	0.02244	0.01771	0.02344	0.02259	0.01441	0.52276	0.03580	0.04815	0.08225	0.07626	0.02339	0.01187	0.00863	0.00257	0.00831	0.00944	0.00834	0.01296
14	0.03050	0.02557	0.02393	0.01905	0.02509	0.14301	0.01541	0.49239	0.03533	0.04518	0.02155	0.02175	0.04229	0.01021	0.00823	0.00244	0.00998	0.00755	0.00755	0.01299
15	0.03001	0.01710	0.02019	0.01601	0.02215	0.01715	0.01300	0.16765	0.17921	0.31338	0.02852	0.02608	0.01956	0.01007	0.00816	0.00249	0.00731	0.00809	0.00889	0.08498
16	0.01208	0.00805	0.00906	0.00906	0.00906	0.00805	0.00503	0.01208	0.01208	0.01611	0.02618	0.05436	0.03020	0.70804	0.04228	0.00805	0.00805	0.01208	0.00503	0.00503
17	0.09207	0.01602	0.01981	0.01531	0.02168	0.01528	0.01264	0.15105	0.02594	0.49822	0.02871	0.02556	0.01845	0.01003	0.00810	0.00256	0.00741	0.00789	0.00951	0.01374
18	0.02056	0.01974	0.03372	0.05099	0.65622	0.01974	0.02550	0.02550	0.01892	0.02714	0.01563	0.02056	0.01316	0.00740	0.00822	0.00247	0.00987	0.00740	0.00411	0.01316
19	0.03063	0.03529	0.02358	0.02073	0.02550	0.51399	0.01586	0.15141	0.05722	0.02738	0.01528	0.01676	0.01210	0.00897	0.00770	0.00224	0.01341	0.00597	0.00528	0.01069
20	0.03017	0.03829	0.02547	0.02243	0.02703	0.62515	0.06228	0.03268	0.02324	0.02081	0.01314	0.01554	0.01085	0.00844	0.00767	0.00219	0.01491	0.00569	0.00427	0.00975
21	0.01078	0.00841	0.00983	0.00997	0.01218	0.00746	0.00753	0.01355	0.02015	0.02610	0.26493	0.14123	0.35121	0.02038	0.01003	0.00288	0.00445	0.06346	0.00818	0.00731
22	0.03103	0.03959	0.02354	0.02140	0.02568	0.67469	0.01605	0.03317	0.02354	0.02033	0.01284	0.01498	0.01070	0.00856	0.00749	0.00214	0.01498	0.00535	0.00428	0.00963
23	0.01723	0.01477	0.01723	0.01230	0.01969	0.01107	0.00984	0.02092	0.01723	0.02707	0.01477	0.01723	0.01230	0.00615	0.00615	0.00123	0.00615	0.00492	0.00492	0.75883
24	0.01208	0.00805	0.00906	0.00906	0.00906	0.00805	0.00503	0.01208	0.01208	0.01611	0.02618	0.05436	0.03020	0.70804	0.04228	0.00805	0.00805	0.01208	0.00503	0.00503
25	0.01961	0.02241	0.04902	0.03501	0.04342	0.02101	0.62605	0.02661	0.01961	0.02661	0.01681	0.02241	0.01261	0.00700	0.00980	0.00280	0.01401	0.00980	0.00420	0.01120
26	0.02931	0.02214	0.02365	0.01865	0.02490	0.02470	0.01524	0.50694	0.16434	0.04869	0.02283	0.02224	0.01646	0.01024	0.00834	0.00256	0.00861	0.00788	0.00834	0.01392
27	0.01245	0.00926	0.01208	0.01349	0.01564	0.00889	0.01153	0.01583	0.01907	0.02423	0.05452	0.09010	0.20642	0.02245	0.01104	0.00356	0.00675	0.44753	0.00767	0.00748
28	0.03690	0.01474	0.01965	0.01507	0.02151	0.01310	0.01245	0.07928	0.02479	0.62175	0.03193	0.02773	0.02014	0.01026	0.00835	0.00257	0.00721	0.00830	0.01015	0.01414
29	0.01074	0.00767	0.01035	0.01228	0.01303	0.00728	0.00879	0.01264	0.01652	0.02190	0.04544	0.58685	0.05359	0.02544	0.01077	0.00346	0.00536	0.13326	0.00770	0.00692
30	0.01967	0.02223	0.04801	0.03607	0.08385	0.02092	0.58643	0.02654	0.01956	0.02665	0.01673	0.02229	0.01264	0.00703	0.00970	0.00278	0.01373	0.00965	0.00420	0.01133
31	0.03727	0.01414	0.01928	0.01478	0.02121	0.01221	0.01221	0.04049	0.02378	0.66198	0.03277	0.02828	0.02056	0.01028	0.00835	0.00257	0.00707	0.00835	0.01028	0.01414
32	0.02099	0.01744	0.01835	0.01636	0.02097	0.02002	0.01277	0.08054	0.55450	0.03562	0.03240	0.03027	0.02432	0.01107	0.00824	0.00273	0.00654	0.00914	0.06496	0.01280
33	0.02803	0.02328	0.02171	0.01822	0.02366	0.14566	0.01443	0.22791	0.26077	0.10981	0.02529	0.02412	0.01844	0.01023	0.00821	0.00256	0.00905	0.00789	0.00782	0.01291
34	0.01961	0.02241	0.04902	0.03501	0.04342	0.02101	0.62605	0.02661	0.01961	0.02661	0.01681	0.02241	0.01261	0.00700	0.00980	0.00280	0.01401	0.00980	0.00420	0.01120
35	0.23503	0.03185	0.02013	0.01824	0.02278	0.45622	0.01393	0.03134	0.05497	0.02584	0.01364	0.01545	0.01103	0.00847	0.00689	0.00230	0.01214	0.00534	0.00475	0.00965
36	0.02148	0.62494	0.12524	0.01546	0.02325	0.03109	0.01638	0.02506	0.01697	0.02043	0.01199	0.01388	0.01064	0.00721	0.00567	0.00189	0.00933	0.00467	0.00355	0.01087
37	0.02056	0.01974	0.03372	0.05099	0.65622	0.01974	0.02550	0.02550	0.01892	0.02714	0.01563	0.02056	0.01316	0.00740	0.00822	0.00247	0.00987	0.00740	0.00411	0.01316
38	0.03202	0.02257	0.02450	0.01878	0.02541	0.02472	0.01552	0.58348	0.03789	0.09906	0.02093	0.02058	0.01462	0.01000	0.00831	0.00250	0.00898	0.00755	0.00846	0.01413
39	0.02811	0.02121	0.02307	0.01747	0.02429	0.02221	0.01435	0.48168	0.03378	0.04625	0.01869	0.01929	0.01369	0.00905	0.00779	0.00219	0.00842	0.00686	0.00749	0.19410

[dist]
# distance from previous block
# <min> <max>
5	14

[block]
# block no. 11 follows, 22 sequences, length 6
# corresponding to MSA columns:
# 440-445
name=unknown_L
#
# <colnr> <probs for GDERKNQSTAVLIFYWHMCP>
#	G	D	E	R	K	N	Q	S	T	A	V	L	I	F	Y	W	H	M	C	P
0	0.02787	0.02957	0.02234	0.01922	0.02436	0.34665	0.01488	0.16198	0.15079	0.03068	0.01876	0.01947	0.01453	0.00920	0.00775	0.00227	0.01128	0.00658	0.00604	0.07578
1	0.02583	0.02972	0.02860	0.03611	0.33916	0.34907	0.02075	0.02936	0.02124	0.02372	0.01423	0.01776	0.01192	0.00798	0.00786	0.00230	0.01244	0.00637	0.00420	0.01138
2	0.02967	0.02685	0.02327	0.01918	0.02462	0.21844	0.01521	0.40010	0.03253	0.04024	0.01992	0.07404	0.01643	0.01086	0.00825	0.00246	0.01054	0.00816	0.00706	0.01218
3	0.01198	0.00818	0.00967	0.00948	0.01006	0.00799	0.00587	0.01316	0.01550	0.02126	0.21344	0.05667	0.04462	0.50121	0.03256	0.00643	0.00682	0.01296	0.00626	0.00587
4	0.01175	0.00791	0.00916	0.00949	0.00957	0.00783	0.00549	0.01199	0.01273	0.01698	0.02953	0.16516	0.03443	0.59148	0.03687	0.00725	0.00750	0.01405	0.00549	0.00533
5	0.17118	0.01412	0.01615	0.01433	0.01831	0.01516	0.01126	0.03010	0.15163	0.21147	0.02989	0.17310	0.02607	0.01378	0.00974	0.00288	0.06111	0.01107	0.00777	0.01088

[dist]
# distance from previous block
# <min> <max>
0	8

[block]
# block no. 12 follows, 22 sequences, length 26
# corresponding to MSA columns:
# 454-479
name=unknown_M
#
# <colnr> <probs for GDERKNQSTAVLIFYWHMCP>
#	G	D	E	R	K	N	Q	S	T	A	V	L	I	F	Y	W	H	M	C	P
0	0.02850	0.03082	0.02644	0.02839	0.18569	0.36006	0.01839	0.16742	0.02592	0.02939	0.01517	0.01753	0.01211	0.00859	0.00786	0.00230	0.01235	0.00636	0.00516	0.01155
1	0.18325	0.02433	0.01735	0.01629	0.01991	0.29770	0.01223	0.05146	0.05732	0.02641	0.02248	0.19031	0.02258	0.01303	0.00787	0.00260	0.00981	0.01013	0.00576	0.00916
2	0.14882	0.12851	0.27733	0.01943	0.02751	0.18763	0.02037	0.05494	0.01938	0.02691	0.01359	0.01574	0.01049	0.00802	0.00699	0.00237	0.01136	0.00549	0.00421	0.01091
3	0.57742	0.01652	0.01388	0.01244	0.01747	0.01915	0.01005	0.02942	0.17325	0.03663	0.01721	0.01794	0.01315	0.00861	0.00598	0.00263	0.00646	0.00574	0.00598	0.01005
4	0.02059	0.01926	0.02993	0.04234	0.49520	0.01997	0.02236	0.03023	0.17681	0.02907	0.02024	0.02321	0.01625	0.00838	0.00828	0.00256	0.00903	0.00791	0.00521	0.01316
5	0.04704	0.01077	0.01256	0.01125	0.01505	0.00913	0.00856	0.01630	0.01800	0.02596	0.11892	0.20158	0.15260	0.01599	0.00859	0.00241	0.00527	0.04299	0.00680	0.27023
6	0.03043	0.03090	0.02375	0.02007	0.02539	0.34593	0.01571	0.28717	0.08008	0.03511	0.01756	0.01839	0.01334	0.00938	0.00792	0.00235	0.01182	0.00658	0.00633	0.01183
7	0.01911	0.01690	0.01816	0.01352	0.02052	0.05073	0.01076	0.06023	0.05639	0.02869	0.01612	0.01809	0.01311	0.00683	0.00650	0.00146	0.00687	0.00537	0.00530	0.62536
8	0.01208	0.00805	0.00906	0.00906	0.00906	0.00805	0.00503	0.01208	0.01208	0.01611	0.02618	0.05436	0.03020	0.70804	0.04228	0.00805	0.00805	0.01208	0.00503	0.00503
9	0.76672	0.01607	0.01221	0.01092	0.01607	0.01864	0.00900	0.02442	0.01414	0.03727	0.01157	0.01350	0.00900	0.00771	0.00514	0.00257	0.00643	0.00450	0.00514	0.00900
10	0.01151	0.00858	0.01101	0.01243	0.01415	0.00808	0.00990	0.01419	0.01812	0.02316	0.05480	0.27037	0.20472	0.02337	0.01079	0.00343	0.00593	0.28055	0.00768	0.00722
11	0.02659	0.01992	0.02181	0.01706	0.02310	0.02101	0.01382	0.45197	0.03260	0.04436	0.02213	0.10057	0.01867	0.01123	0.00822	0.00238	0.00812	0.00896	0.00766	0.13983
