[name]
unknown

[dist]
# distance from previous block
# <min> <max>
0	0

[block]
# block no. 0 follows, 22 sequences, length 23
# corresponding to MSA columns:
# 0-22
name=unknown_A
#
# <colnr> <probs for GDERKNQSTAVLIFYWHMCP>
#	G	D	E	R	K	N	Q	S	T	A	V	L	I	F	Y	W	H	M	C	P
0	0.01339	0.00956	0.01339	0.01530	0.01721	0.00956	0.01339	0.01721	0.01912	0.02486	0.04399	0.09371	0.04781	0.02295	0.01147	0.00382	0.00765	0.60031	0.00765	0.00765
1	0.02297	0.65508	0.04181	0.01483	0.02170	0.08811	0.01437	0.02559	0.01745	0.01961	0.01166	0.01347	0.01066	0.00723	0.00552	0.00181	0.00941	0.00452	0.00362	0.01057
2	0.01763	0.01651	0.02782	0.35570	0.31508	0.01829	0.02334	0.02276	0.01782	0.02410	0.01751	0.02727	0.01497	0.00910	0.00853	0.00272	0.01027	0.05556	0.00420	0.01081
3	0.01097	0.00855	0.01002	0.00990	0.01226	0.00759	0.00759	0.01402	0.02095	0.02740	0.32893	0.07331	0.34958	0.01943	0.00995	0.00281	0.00438	0.06659	0.00833	0.00743
4	0.01029	0.00735	0.00984	0.01176	0.01232	0.00690	0.00801	0.01186	0.01607	0.02140	0.04569	0.67074	0.05457	0.02587	0.01065	0.00340	0.00497	0.05381	0.00771	0.00679
5	0.01042	0.00755	0.00992	0.01170	0.01249	0.00704	0.00816	0.01215	0.01644	0.02166	0.04845	0.59705	0.09848	0.02536	0.01063	0.00338	0.00505	0.07953	0.00771	0.00686
6	0.02123	0.02125	0.03122	0.04530	0.54318	0.09156	0.02363	0.02578	0.01944	0.02623	0.01724	0.02489	0.01523	0.00858	0.00836	0.00252	0.01028	0.04729	0.00437	0.01240
7	0.01238	0.00867	0.01222	0.01222	0.01364	0.00983	0.00930	0.01521	0.01379	0.02060	0.02325	0.03428	0.02165	0.11075	0.52991	0.01135	0.01854	0.00902	0.10614	0.00726
8	0.00982	0.00842	0.00842	0.00842	0.01122	0.00701	0.00631	0.01192	0.01894	0.02244	0.08416	0.07995	0.65285	0.02104	0.00982	0.00281	0.00421	0.01753	0.00771	0.00701
9	0.01208	0.00805	0.00906	0.00906	0.00906	0.00805	0.00503	0.01208	0.01208	0.01611	0.02618	0.05436	0.03020	0.70804	0.04228	0.00805	0.00805	0.01208	0.00503	0.00503
10	0.02221	0.71304	0.04353	0.01421	0.02132	0.03287	0.01421	0.02488	0.01688	0.01955	0.01155	0.01333	0.01066	0.00711	0.00533	0.00178	0.00888	0.00444	0.00355	0.01066
11	0.02033	0.03577	0.47835	0.02169	0.03210	0.01928	0.02573	0.07860	0.08894	0.09149	0.01916	0.02027	0.01344	0.00867	0.00803	0.00263	0.01088	0.00682	0.00511	0.01271
12	0.01012	0.00723	0.00964	0.01157	0.01205	0.00675	0.00771	0.01157	0.01591	0.02121	0.04579	0.70262	0.05495	0.02603	0.01060	0.00337	0.00482	0.02362	0.00771	0.00675
13	0.01549	0.00774	0.00774	0.00774	0.00968	0.00774	0.00581	0.01936	0.01742	0.03097	0.02710	0.03097	0.02129	0.00968	0.00581	0.00194	0.00387	0.00774	0.75416	0.00774
14	0.01978	0.01708	0.01794	0.01622	0.02076	0.01955	0.01259	0.04153	0.59065	0.03375	0.03790	0.03497	0.07634	0.01206	0.00856	0.00282	0.00638	0.01005	0.00839	0.01265
15	0.02842	0.02170	0.02315	0.01847	0.02456	0.02429	0.01502	0.45923	0.21350	0.04726	0.02396	0.02315	0.01738	0.01035	0.00835	0.00259	0.00840	0.00803	0.00835	0.01384
16	0.01208	0.00805	0.00906	0.00906	0.00906	0.00805	0.00503	0.01208	0.01208	0.01611	0.02618	0.05436	0.03020	0.70804	0.04228	0.00805	0.00805	0.01208	0.00503	0.00503
17	0.03030	0.03162	0.02417	0.06170	0.02766	0.37819	0.01638	0.26725	0.02923	0.03302	0.01576	0.01738	0.01208	0.00910	0.00786	0.00232	0.01244	0.00632	0.00583	0.01138
18	0.02056	0.01974	0.03372	0.05099	0.65622	0.01974	0.02550	0.02550	0.01892	0.02714	0.01563	0.02056	0.01316	0.00740	0.00822	0.00247	0.00987	0.00740	0.00411	0.01316
19	0.01925	0.01835	0.03063	0.04578	0.57735	0.01818	0.02315	0.02384	0.01892	0.02657	0.02401	0.02782	0.09138	0.00907	0.00842	0.00251	0.00918	0.00864	0.00455	0.01241
20	0.01853	0.29323	0.40256	0.01954	0.02942	0.02389	0.02349	0.02530	0.01756	0.02408	0.04182	0.01793	0.01358	0.00800	0.00701	0.00231	0.01063	0.00589	0.00377	0.01147
21	0.01402	0.01125	0.01395	0.03834	0.05843	0.01115	0.01019	0.06948	0.05576	0.02946	0.25877	0.05673	0.25833	0.01959	0.05446	0.00340	0.00651	0.01374	0.00769	0.00876
22	0.06382	0.02403	0.02363	0.02733	0.20572	0.21095	0.01699	0.03253	0.20400	0.02836	0.06300	0.02443	0.02023	0.00955	0.00802	0.00249	0.00980	0.00775	0.00584	0.01154

[dist]
# distance from previous block
# <min> <max>
5	12

[block]
# block no. 1 follows, 22 sequences, length 48
# corresponding to MSA columns:
# 36-83
name=unknown_B
#
# <colnr> <probs for GDERKNQSTAVLIFYWHMCP>
#	G	D	E	R	K	N	Q	S	T	A	V	L	I	F	Y	W	H	M	C	P
0	0.02793	0.07483	0.09976	0.02017	0.02597	0.39648	0.01715	0.15169	0.02537	0.02759	0.01783	0.01927	0.04181	0.00927	0.00769	0.00228	0.01261	0.00640	0.00513	0.01079
1	0.02295	0.02500	0.03081	0.02921	0.14535	0.18976	0.17411	0.03241	0.18229	0.02695	0.01977	0.02222	0.01547	0.00889	0.00924	0.00261	0.03808	0.00800	0.00529	0.01158
2	0.02847	0.07759	0.11958	0.02098	0.02695	0.44623	0.01807	0.11769	0.02450	0.02579	0.01410	0.01598	0.01117	0.00858	0.00754	0.00224	0.01338	0.00572	0.00471	0.01073
3	0.01700	0.08308	0.26045	0.02302	0.03015	0.01984	0.15239	0.02307	0.01642	0.02353	0.01597	0.02138	0.01310	0.01953	0.14526	0.00490	0.10908	0.00751	0.00387	0.01049
4	0.01101	0.00846	0.01006	0.00966	0.01195	0.00752	0.00725	0.01422	0.02174	0.02910	0.43181	0.06899	0.30105	0.01856	0.00981	0.00269	0.00403	0.01600	0.00859	0.00752
5	0.02652	0.06665	0.02245	0.01821	0.02305	0.37743	0.01405	0.11018	0.02326	0.02548	0.01581	0.05146	0.01387	0.01024	0.00873	0.04125	0.01153	0.00655	0.00503	0.12824
6	0.01187	0.00890	0.01335	0.01335	0.01483	0.01038	0.01038	0.01483	0.01335	0.01928	0.02225	0.03264	0.02077	0.06231	0.67512	0.01335	0.02225	0.00890	0.00445	0.00742
7	0.01529	0.00929	0.01067	0.01021	0.01223	0.01001	0.00790	0.04687	0.01744	0.02847	0.02828	0.03303	0.05748	0.02165	0.14768	0.00449	0.04307	0.00853	0.47939	0.00800
8	0.00985	0.00828	0.00856	0.00879	0.01132	0.00698	0.00648	0.01188	0.01858	0.02230	0.07964	0.15321	0.58250	0.02163	0.00991	0.00287	0.00428	0.01825	0.00771	0.00698
9	0.02066	0.01785	0.01878	0.01691	0.02160	0.02066	0.01315	0.04414	0.64121	0.03475	0.03381	0.03099	0.02536	0.01127	0.00845	0.00282	0.00657	0.00939	0.00845	0.01315
10	0.01012	0.00723	0.00964	0.01157	0.01205	0.00675	0.00771	0.01157	0.01591	0.02121	0.04579	0.70262	0.05495	0.02603	0.01060	0.00337	0.00482	0.02362	0.00771	0.00675
11	0.01849	0.03019	0.28209	0.03072	0.04059	0.02036	0.40078	0.02650	0.01883	0.02650	0.01609	0.02057	0.01182	0.00734	0.00908	0.00274	0.01335	0.00842	0.00394	0.01161
12	0.06504	0.13541	0.50136	0.02142	0.03209	0.05738	0.02621	0.02637	0.01757	0.02571	0.01411	0.01655	0.01046	0.00781	0.00734	0.00248	0.01158	0.00575	0.00366	0.01170
13	0.01012	0.00723	0.00964	0.01157	0.01205	0.00675	0.00771	0.01157	0.01591	0.02121	0.04579	0.70262	0.05495	0.02603	0.01060	0.00337	0.00482	0.02362	0.00771	0.00675
14	0.01200	0.00837	0.01068	0.01068	0.01125	0.00894	0.00706	0.01312	0.01256	0.01731	0.02469	0.04614	0.02663	0.46371	0.28173	0.01006	0.01343	0.01088	0.00481	0.00594
15	0.01769	0.16658	0.55036	0.02193	0.03326	0.02180	0.02765	0.02604	0.01742	0.02506	0.01429	0.01676	0.01055	0.00775	0.00742	0.00247	0.01165	0.00583	0.00352	0.01198
16	0.02698	0.03129	0.01942	0.01784	0.02151	0.50081	0.01338	0.02957	0.02195	0.02311	0.01656	0.01915	0.01346	0.00885	0.00705	0.00209	0.01208	0.00597	0.19979	0.00914
17	0.01012	0.00723	0.00964	0.01157	0.01205	0.00675	0.00771	0.01157	0.01591	0.02121	0.04579	0.70262	0.05495	0.02603	0.01060	0.00337	0.00482	0.02362	0.00771	0.00675
18	0.01706	0.03651	0.49826	0.02319	0.03227	0.02090	0.02743	0.02466	0.01628	0.02466	0.01386	0.01771	0.01062	0.00963	0.01294	0.00289	0.18971	0.00643	0.00354	0.01145
19	0.01927	0.01946	0.02809	0.37174	0.28014	0.09320	0.02319	0.02419	0.01827	0.02336	0.01487	0.02074	0.01182	0.00799	0.00818	0.00258	0.01106	0.00716	0.00392	0.01076
20	0.02886	0.03612	0.02239	0.02049	0.02445	0.59952	0.01541	0.03110	0.02239	0.02021	0.01391	0.01698	0.01184	0.01464	0.08304	0.00341	0.01580	0.00575	0.00430	0.00938
21	0.02056	0.01974	0.03372	0.05099	0.65622	0.01974	0.02550	0.02550	0.01892	0.02714	0.01563	0.02056	0.01316	0.00740	0.00822	0.00247	0.00987	0.00740	0.00411	0.01316
22	0.02648	0.03209	0.02340	0.02101	0.02400	0.46397	0.01625	0.02859	0.02009	0.02018	0.01292	0.01692	0.01138	0.01347	0.05431	0.00323	0.19216	0.00607	0.00412	0.00935
23	0.01219	0.00896	0.01171	0.01231	0.01438	0.00848	0.01009	0.01579	0.02084	0.02784	0.29138	0.07902	0.15334	0.02029	0.01055	0.00319	0.00564	0.27811	0.00825	0.00763
24	0.01850	0.01655	0.01986	0.01679	0.01940	0.05431	0.01363	0.05827	0.01663	0.02499	0.01583	0.02119	0.01386	0.01633	0.08321	0.00372	0.30413	0.00692	0.11085	0.16501
25	0.01339	0.00956	0.01339	0.01530	0.01721	0.00956	0.01339	0.01721	0.01912	0.02486	0.04399	0.09371	0.04781	0.02295	0.01147	0.00382	0.00765	0.60031	0.00765	0.00765
26	0.02221	0.71304	0.04353	0.01421	0.02132	0.03287	0.01421	0.02488	0.01688	0.01955	0.01155	0.01333	0.01066	0.00711	0.00533	0.00178	0.00888	0.00444	0.00355	0.01066
27	0.01192	0.00978	0.01256	0.01431	0.08763	0.00887	0.00923	0.01515	0.02092	0.02771	0.32219	0.06520	0.32855	0.01768	0.00962	0.00268	0.00475	0.01525	0.00791	0.00809
28	0.01347	0.01125	0.01642	0.01549	0.01660	0.01420	0.01236	0.01614	0.01319	0.01946	0.01938	0.02897	0.01827	0.05020	0.51100	0.01089	0.19214	0.00849	0.00424	0.00784
29	0.01339	0.00956	0.01339	0.01530	0.01721	0.00956	0.01339	0.01721	0.01912	0.02486	0.04399	0.09371	0.04781	0.02295	0.01147	0.00382	0.00765	0.60031	0.00765	0.00765
30	0.02056	0.01974	0.03372	0.05099	0.65622	0.01974	0.02550	0.02550	0.01892	0.02714	0.01563	0.02056	0.01316	0.00740	0.00822	0.00247	0.00987	0.00740	0.00411	0.01316
31	0.01859	0.01733	0.02867	0.38169	0.31109	0.01938	0.02373	0.05450	0.01876	0.02536	0.01540	0.02136	0.01212	0.00801	0.00827	0.00263	0.01046	0.00740	0.00411	0.01116
32	0.01488	0.03396	0.49382	0.01970	0.02951	0.01609	0.02434	0.02256	0.01790	0.02530	0.03296	0.03381	0.17799	0.01132	0.00839	0.00268	0.01017	0.00911	0.00460	0.01090
33	0.01109	0.00847	0.01018	0.00975	0.01200	0.00756	0.00732	0.01439	0.02195	0.02959	0.45735	0.06819	0.27520	0.01837	0.00981	0.00268	0.00402	0.01588	0.00865	0.00756
34	0.01053	0.00743	0.00962	0.01110	0.01158	0.00702	0.00728	0.01187	0.01569	0.02103	0.07546	0.56171	0.05217	0.13722	0.01575	0.00410	0.00530	0.02126	0.00735	0.00653
35	0.01727	0.03004	0.32874	0.19239	0.04339	0.01958	0.19973	0.02513	0.01790	0.02513	0.01542	0.02009	0.01126	0.00774	0.00854	0.00271	0.01247	0.00750	0.00375	0.01121
36	0.02315	0.02629	0.01867	0.01721	0.02087	0.35624	0.01294	0.02946	0.13667	0.02524	0.12416	0.06820	0.08187	0.01240	0.00840	0.00246	0.01023	0.00965	0.00629	0.00962
37	0.01013	0.00782	0.00926	0.01018	0.01174	0.00695	0.00715	0.01205	0.01778	0.02271	0.11122	0.39371	0.30312	0.02323	0.01021	0.00308	0.00449	0.02041	0.00783	0.00695
38	0.01205	0.00874	0.01254	0.01254	0.01385	0.00996	0.00948	0.01466	0.01336	0.01936	0.02298	0.03545	0.02204	0.14582	0.56263	0.01216	0.01959	0.00927	0.03640	0.00711
39	0.01232	0.00913	0.01244	0.01223	0.01306	0.01039	0.00882	0.01410	0.01283	0.01812	0.02307	0.04001	0.02376	0.30383	0.39755	0.01078	0.05634	0.01001	0.00462	0.00661
40	0.01699	0.00919	0.00935	0.00881	0.01118	0.00943	0.00674	0.07630	0.01944	0.03297	0.02643	0.02994	0.02062	0.00971	0.00604	0.00199	0.00436	0.00772	0.68444	0.00834
41	0.02084	0.02052	0.03265	0.08687	0.58676	0.05520	0.02484	0.02566	0.01903	0.02642	0.01542	0.02035	0.01290	0.00752	0.00819	0.00247	0.01022	0.00729	0.00410	0.01274
42	0.02221	0.71304	0.04353	0.01421	0.02132	0.03287	0.01421	0.02488	0.01688	0.01955	0.01155	0.01333	0.01066	0.00711	0.00533	0.00178	0.00888	0.00444	0.00355	0.01066
43	0.01039	0.00844	0.00921	0.00902	0.01157	0.00726	0.00676	0.01304	0.02029	0.02566	0.25243	0.07465	0.48256	0.01984	0.00981	0.00275	0.00412	0.01679	0.00814	0.00726
44	0.02228	0.01636	0.01973	0.19009	0.02914	0.01834	0.01467	0.28437	0.02669	0.03734	0.02340	0.02613	0.04462	0.00997	0.00773	0.00244	0.00806	0.00799	0.19980	0.01087
45	0.01000	0.00833	0.00876	0.00905	0.01156	0.00709	0.00676	0.01210	0.01860	0.02240	0.07817	0.15097	0.56036	0.02168	0.00998	0.00291	0.00442	0.04214	0.00771	0.00701
46	0.01734	0.01253	0.01437	0.01339	0.01587	0.01306	0.00997	0.19524	0.02231	0.02960	0.03507	0.22600	0.07077	0.19844	0.01824	0.00435	0.00723	0.08045	0.00718	0.00861
47	0.02015	0.01821	0.03262	0.09470	0.35761	0.01802	0.14922	0.02534	0.01973	0.07279	0.08872	0.02632	0.02075	0.00868	0.00875	0.00259	0.00997	0.00883	0.00511	0.01188

[dist]
# distance from previous block
# <min> <max>
5	21

[block]
# block no. 2 follows, 22 sequences, length 17
# corresponding to MSA columns:
# 105-121
name=unknown_C
#
# <colnr> <probs for GDERKNQSTAVLIFYWHMCP>
#	G	D	E	R	K	N	Q	S	T	A	V	L	I	F	Y	W	H	M	C	P
0	0.01555	0.06129	0.01540	0.01428	0.06690	0.01101	0.00940	0.01800	0.01856	0.08462	0.24506	0.12857	0.04626	0.20782	0.01832	0.00414	0.00634	0.01322	0.00710	0.00817
1	0.01969	0.01848	0.05380	0.01906	0.02350	0.01910	0.06622	0.14130	0.02030	0.02913	0.01841	0.06189	0.01679	0.01416	0.04538	0.00321	0.21081	0.03759	0.00536	0.17582
2	0.01222	0.00916	0.01220	0.04671	0.01528	0.00972	0.00926	0.03863	0.01584	0.02141	0.03547	0.42285	0.04081	0.13556	0.09571	0.00525	0.04256	0.01772	0.00651	0.00711
3	0.02221	0.71304	0.04353	0.01421	0.02132	0.03287	0.01421	0.02488	0.01688	0.01955	0.01155	0.01333	0.01066	0.00711	0.00533	0.00178	0.00888	0.00444	0.00355	0.01066
4	0.01843	0.03049	0.31309	0.03262	0.17400	0.02030	0.18865	0.02575	0.01805	0.02611	0.01528	0.01956	0.01169	0.00803	0.00990	0.00271	0.06206	0.00749	0.00384	0.01195
5	0.01187	0.00890	0.01335	0.01335	0.01483	0.01038	0.01038	0.01483	0.01335	0.01928	0.02225	0.03264	0.02077	0.06231	0.67512	0.01335	0.02225	0.00890	0.00445	0.00742
6	0.03103	0.03959	0.02354	0.02140	0.02568	0.67469	0.01605	0.03317	0.02354	0.02033	0.01284	0.01498	0.01070	0.00856	0.00749	0.00214	0.01498	0.00535	0.00428	0.00963
7	0.03103	0.03959	0.02354	0.02140	0.02568	0.67469	0.01605	0.03317	0.02354	0.02033	0.01284	0.01498	0.01070	0.00856	0.00749	0.00214	0.01498	0.00535	0.00428	0.00963
8	0.18791	0.35084	0.03091	0.01550	0.02102	0.08474	0.01385	0.08183	0.01845	0.02668	0.01238	0.01472	0.01065	0.00854	0.00840	0.00228	0.09138	0.00516	0.00443	0.01034
9	0.01442	0.01105	0.01377	0.01427	0.06237	0.01095	0.00964	0.09028	0.02126	0.02866	0.23284	0.09036	0.17420	0.11738	0.06779	0.00430	0.00719	0.01363	0.00732	0.00835
10	0.09899	0.24770	0.20103	0.01871	0.02611	0.23229	0.01870	0.02786	0.01890	0.02341	0.01287	0.01500	0.01047	0.00784	0.00669	0.00220	0.01149	0.00519	0.00393	0.01060
11	0.01371	0.01012	0.01196	0.01138	0.01360	0.00985	0.00835	0.09521	0.02204	0.02968	0.27588	0.20471	0.16032	0.07973	0.01265	0.00328	0.00523	0.01615	0.00810	0.00803
12	0.02158	0.02245	0.02603	0.06082	0.27215	0.16251	0.01856	0.02536	0.01893	0.02483	0.01439	0.01833	0.01213	0.00789	0.00890	0.00216	0.06008	0.00627	0.00431	0.21233
13	0.01141	0.00958	0.01042	0.00965	0.01310	0.00783	0.00724	0.01375	0.01817	0.02324	0.06456	0.14985	0.43945	0.01860	0.00916	0.00255	0.00470	0.01571	0.00713	0.16391
14	0.01852	0.14450	0.21971	0.01936	0.02504	0.09109	0.01952	0.02312	0.01617	0.02173	0.01469	0.01969	0.01269	0.02013	0.14448	0.00479	0.16437	0.00657	0.00381	0.01005
15	0.08127	0.13644	0.27805	0.02540	0.16411	0.04828	0.02188	0.02452	0.01751	0.02537	0.01866	0.02247	0.04839	0.04340	0.00914	0.00272	0.01018	0.00692	0.00413	0.01117
16	0.09360	0.32112	0.20003	0.01799	0.02564	0.16977	0.01847	0.02704	0.01826	0.02319	0.01272	0.01482	0.01048	0.00769	0.00647	0.00216	0.01089	0.00510	0.00385	0.01070

[dist]
# distance from previous block
# <min> <max>
0	2

[block]
# block no. 3 follows, 22 sequences, length 100
# corresponding to MSA columns:
# 124-223
name=unknown_D
#
# <colnr> <probs for GDERKNQSTAVLIFYWHMCP>
#	G	D	E	R	K	N	Q	S	T	A	V	L	I	F	Y	W	H	M	C	P
0	0.01846	0.01833	0.03290	0.06659	0.22065	0.01745	0.22721	0.02431	0.04214	0.02640	0.01925	0.08265	0.01695	0.00892	0.00863	0.00248	0.01012	0.00933	0.00475	0.14249
1	0.02827	0.17167	0.02850	0.02282	0.08551	0.48395	0.01659	0.03078	0.02177	0.02083	0.01285	0.01519	0.01093	0.00816	0.00713	0.00210	0.01328	0.00537	0.00412	0.01018
2	0.01667	0.17999	0.02035	0.01275	0.01650	0.01715	0.01029	0.05580	0.14283	0.02634	0.11267	0.11321	0.13323	0.09233	0.01212	0.00317	0.00653	0.01196	0.00677	0.00935
3	0.00995	0.00836	0.00865	0.00871	0.01134	0.00705	0.00648	0.01213	0.01905	0.02304	0.11663	0.11310	0.58497	0.02107	0.00986	0.00282	0.00422	0.01771	0.00780	0.00705
4	0.00991	0.00806	0.00879	0.00937	0.01147	0.00693	0.00674	0.01181	0.01802	0.02207	0.07250	0.26905	0.47127	0.02255	0.01006	0.00298	0.00439	0.01938	0.00771	0.00693
5	0.03066	0.03610	0.02355	0.02085	0.02551	0.54522	0.01588	0.12574	0.05343	0.02593	0.01487	0.01646	0.01188	0.00890	0.00766	0.00222	0.01370	0.00586	0.00509	0.01048
6	0.02770	0.02407	0.02156	0.01833	0.02361	0.17799	0.01443	0.19157	0.27323	0.10163	0.02510	0.02402	0.01845	0.01018	0.00818	0.00255	0.00930	0.00782	0.00761	0.01266
7	0.03366	0.01640	0.02040	0.01554	0.02213	0.01533	0.01280	0.17936	0.02671	0.44443	0.02767	0.02504	0.01809	0.00974	0.00810	0.00240	0.00746	0.00776	0.00921	0.09776
8	0.02571	0.02319	0.01937	0.01665	0.02117	0.20234	0.01302	0.21624	0.13192	0.03526	0.02203	0.02308	0.01680	0.00973	0.00750	0.00232	0.00908	0.00727	0.18614	0.01117
9	0.01902	0.18944	0.14291	0.02850	0.15481	0.02233	0.17104	0.02423	0.01775	0.02412	0.01717	0.07789	0.01548	0.00935	0.00918	0.00256	0.05042	0.00848	0.00418	0.01113
10	0.01183	0.00857	0.01153	0.01153	0.01255	0.00936	0.00823	0.01368	0.01320	0.01831	0.02707	0.04308	0.05894	0.29314	0.41009	0.01086	0.01613	0.01052	0.00484	0.00653
11	0.02573	0.02767	0.02097	0.01872	0.02278	0.35025	0.01442	0.13471	0.07155	0.02685	0.01797	0.02133	0.01485	0.02191	0.16788	0.00494	0.01505	0.00689	0.00535	0.01017
12	0.01078	0.00790	0.01013	0.01074	0.01211	0.00724	0.00761	0.01336	0.01948	0.02650	0.30790	0.36021	0.13206	0.02162	0.01017	0.00299	0.00437	0.01928	0.00832	0.00724
13	0.01295	0.00856	0.01168	0.01168	0.01330	0.00960	0.00902	0.01618	0.01456	0.02277	0.02370	0.03214	0.02092	0.04661	0.47555	0.00995	0.01677	0.00856	0.22800	0.00751
14	0.00982	0.00842	0.00842	0.00842	0.01122	0.00701	0.00631	0.01192	0.01894	0.02244	0.08416	0.07995	0.65285	0.02104	0.00982	0.00281	0.00421	0.01753	0.00771	0.00701
15	0.03103	0.03959	0.02354	0.02140	0.02568	0.67469	0.01605	0.03317	0.02354	0.02033	0.01284	0.01498	0.01070	0.00856	0.00749	0.00214	0.01498	0.00535	0.00428	0.00963
16	0.03107	0.03860	0.02363	0.02126	0.02569	0.63516	0.01604	0.06944	0.02449	0.02228	0.01327	0.01528	0.01091	0.00865	0.00754	0.00216	0.01463	0.00548	0.00453	0.00990
17	0.00982	0.00842	0.00842	0.00842	0.01122	0.00701	0.00631	0.01192	0.01894	0.02244	0.08416	0.07995	0.65285	0.02104	0.00982	0.00281	0.00421	0.01753	0.00771	0.00701
18	0.01187	0.00890	0.01335	0.01335	0.01483	0.01038	0.01038	0.01483	0.01335	0.01928	0.02225	0.03264	0.02077	0.06231	0.67512	0.01335	0.02225	0.00890	0.00445	0.00742
19	0.00982	0.00842	0.00842	0.00842	0.01122	0.00701	0.00631	0.01192	0.01894	0.02244	0.08416	0.07995	0.65285	0.02104	0.00982	0.00281	0.00421	0.01753	0.00771	0.00701
20	0.01187	0.00890	0.01335	0.01335	0.01483	0.01038	0.01038	0.01483	0.01335	0.01928	0.02225	0.03264	0.02077	0.06231	0.67512	0.01335	0.02225	0.00890	0.00445	0.00742
21	0.03103	0.03959	0.02354	0.02140	0.02568	0.67469	0.01605	0.03317	0.02354	0.02033	0.01284	0.01498	0.01070	0.00856	0.00749	0.00214	0.01498	0.00535	0.00428	0.00963
22	0.02056	0.01974	0.03372	0.05099	0.65622	0.01974	0.02550	0.02550	0.01892	0.02714	0.01563	0.02056	0.01316	0.00740	0.00822	0.00247	0.00987	0.00740	0.00411	0.01316
23	0.01747	0.01713	0.02409	0.02086	0.02103	0.02375	0.01730	0.01941	0.01279	0.01991	0.01218	0.01980	0.01201	0.01990	0.10001	0.00473	0.61754	0.00745	0.00373	0.00890
24	0.03103	0.03959	0.02354	0.02140	0.02568	0.67469	0.01605	0.03317	0.02354	0.02033	0.01284	0.01498	0.01070	0.00856	0.00749	0.00214	0.01498	0.00535	0.00428	0.00963
25	0.01012	0.00723	0.00964	0.01157	0.01205	0.00675	0.00771	0.01157	0.01591	0.02121	0.04579	0.70262	0.05495	0.02603	0.01060	0.00337	0.00482	0.02362	0.00771	0.00675
26	0.01208	0.00805	0.00906	0.00906	0.00906	0.00805	0.00503	0.01208	0.01208	0.01611	0.02618	0.05436	0.03020	0.70804	0.04228	0.00805	0.00805	0.01208	0.00503	0.00503
27	0.01187	0.00890	0.01335	0.01335	0.01483	0.01038	0.01038	0.01483	0.01335	0.01928	0.02225	0.03264	0.02077	0.06231	0.67512	0.01335	0.02225	0.00890	0.00445	0.00742
28	0.01187	0.00890	0.01335	0.01335	0.01483	0.01038	0.01038	0.01483	0.01335	0.01928	0.02225	0.03264	0.02077	0.06231	0.67512	0.01335	0.02225	0.00890	0.00445	0.00742
29	0.01787	0.03453	0.41216	0.02833	0.03902	0.02000	0.27507	0.02643	0.01839	0.02643	0.01569	0.01954	0.01138	0.00753	0.00868	0.00270	0.01299	0.00764	0.00379	0.01184
30	0.01569	0.01477	0.02492	0.68808	0.05722	0.01846	0.02307	0.02123	0.01661	0.02123	0.01477	0.02215	0.01107	0.00831	0.00831	0.00277	0.01107	0.00738	0.00369	0.00923
31	0.00982	0.00842	0.00842	0.00842	0.01122	0.00701	0.00631	0.01192	0.01894	0.02244	0.08416	0.07995	0.65285	0.02104	0.00982	0.00281	0.00421	0.01753	0.00771	0.00701
32	0.02033	0.01951	0.03331	0.08081	0.62818	0.01968	0.02538	0.02530	0.01881	0.02686	0.01559	0.02064	0.01306	0.00744	0.00823	0.00248	0.00993	0.00740	0.00409	0.01297
33	0.01666	0.04297	0.66500	0.02368	0.03596	0.01929	0.03069	0.02631	0.01754	0.02631	0.01491	0.01754	0.01052	0.00789	0.00789	0.00263	0.01228	0.00614	0.00351	0.01228
34	0.01935	0.01147	0.01187	0.01047	0.01354	0.01207	0.00820	0.16550	0.02261	0.03610	0.02538	0.02833	0.01957	0.00975	0.00641	0.00207	0.00514	0.00768	0.57523	0.00927
35	0.02056	0.01974	0.03372	0.05099	0.65622	0.01974	0.02550	0.02550	0.01892	0.02714	0.01563	0.02056	0.01316	0.00740	0.00822	0.00247	0.00987	0.00740	0.00411	0.01316
36	0.01666	0.04297	0.66500	0.02368	0.03596	0.01929	0.03069	0.02631	0.01754	0.02631	0.01491	0.01754	0.01052	0.00789	0.00789	0.00263	0.01228	0.00614	0.00351	0.01228
37	0.02056	0.01974	0.03372	0.05099	0.65622	0.01974	0.02550	0.02550	0.01892	0.02714	0.01563	0.02056	0.01316	0.00740	0.00822	0.00247	0.00987	0.00740	0.00411	0.01316
38	0.00982	0.00842	0.00842	0.00842	0.01122	0.00701	0.00631	0.01192	0.01894	0.02244	0.08416	0.07995	0.65285	0.02104	0.00982	0.00281	0.00421	0.01753	0.00771	0.00701
39	0.01141	0.00777	0.00926	0.00991	0.01008	0.00761	0.00595	0.01191	0.01338	0.01784	0.03286	0.27519	0.03863	0.47572	0.03149	0.00646	0.00695	0.01601	0.00595	0.00562
40	0.00989	0.00813	0.00871	0.00917	0.01142	0.00695	0.00665	0.01184	0.01821	0.02215	0.07495	0.22933	0.50941	0.02224	0.01001	0.00294	0.00435	0.01899	0.00771	0.00695
41	0.01012	0.00723	0.00964	0.01157	0.01205	0.00675	0.00771	0.01157	0.01591	0.02121	0.04579	0.70262	0.05495	0.02603	0.01060	0.00337	0.00482	0.02362	0.00771	0.00675
42	0.01012	0.00723	0.00964	0.01157	0.01205	0.00675	0.00771	0.01157	0.01591	0.02121	0.04579	0.70262	0.05495	0.02603	0.01060	0.00337	0.00482	0.02362	0.00771	0.00675
43	0.01219	0.00938	0.01397	0.01379	0.01519	0.01116	0.01078	0.01510	0.01332	0.01932	0.02167	0.03189	0.02026	0.05985	0.64184	0.01285	0.05671	0.00882	0.00441	0.00750
44	0.00990	0.00842	0.00853	0.00850	0.01127	0.00705	0.00638	0.01208	0.01913	0.02291	0.10860	0.07918	0.62811	0.02086	0.00982	0.00280	0.00420	0.01742	0.00778	0.00705
45	0.01021	0.00843	0.00896	0.00883	0.01146	0.00718	0.00662	0.01268	0.01986	0.02465	0.19928	0.07632	0.53636	0.02022	0.00981	0.00277	0.00415	0.01702	0.00800	0.00718
46	0.03158	0.02327	0.02493	0.01911	0.02576	0.02576	0.01579	0.62852	0.03906	0.05236	0.01995	0.01995	0.01413	0.00997	0.00831	0.00249	0.00914	0.00748	0.00831	0.01413
47	0.57392	0.01773	0.01448	0.01279	0.01792	0.04575	0.01035	0.06470	0.11561	0.03711	0.01566	0.01673	0.01198	0.00845	0.00595	0.00259	0.00696	0.00549	0.00583	0.00999
48	0.01990	0.01907	0.03253	0.13707	0.57528	0.01957	0.02517	0.02492	0.01860	0.02634	0.01551	0.02078	0.01288	0.00752	0.00824	0.00251	0.01003	0.00740	0.00406	0.01263
49	0.01187	0.00890	0.01335	0.01335	0.01483	0.01038	0.01038	0.01483	0.01335	0.01928	0.02225	0.03264	0.02077	0.06231	0.67512	0.01335	0.02225	0.00890	0.00445	0.00742
50	0.03055	0.07663	0.02464	0.02101	0.02544	0.63939	0.01595	0.03272	0.02318	0.02029	0.01277	0.01489	0.01070	0.00848	0.00737	0.00212	0.01465	0.00530	0.00424	0.00969
51	0.76672	0.01607	0.01221	0.01092	0.01607	0.01864	0.00900	0.02442	0.01414	0.03727	0.01157	0.01350	0.00900	0.00771	0.00514	0.00257	0.00643	0.00450	0.00514	0.00900
52	0.01635	0.01193	0.01390	0.01339	0.01574	0.01228	0.00978	0.18797	0.02249	0.02989	0.03960	0.43178	0.07826	0.06088	0.01175	0.00336	0.00621	0.01796	0.00773	0.00877
53	0.00982	0.00842	0.00842	0.00842	0.01122	0.00701	0.00631	0.01192	0.01894	0.02244	0.08416	0.07995	0.65285	0.02104	0.00982	0.00281	0.00421	0.01753	0.00771	0.00701
54	0.01961	0.02241	0.04902	0.03501	0.04342	0.02101	0.62605	0.02661	0.01961	0.02661	0.01681	0.02241	0.01261	0.00700	0.00980	0.00280	0.01401	0.00980	0.00420	0.01120
55	0.03158	0.02327	0.02493	0.01911	0.02576	0.02576	0.01579	0.62852	0.03906	0.05236	0.01995	0.01995	0.01413	0.00997	0.00831	0.00249	0.00914	0.00748	0.00831	0.01413
56	0.03158	0.02327	0.02493	0.01911	0.02576	0.02576	0.01579	0.62852	0.03906	0.05236	0.01995	0.01995	0.01413	0.00997	0.00831	0.00249	0.00914	0.00748	0.00831	0.01413
57	0.01012	0.00723	0.00964	0.01157	0.01205	0.00675	0.00771	0.01157	0.01591	0.02121	0.04579	0.70262	0.05495	0.02603	0.01060	0.00337	0.00482	0.02362	0.00771	0.00675
58	0.06244	0.02103	0.02321	0.01786	0.02440	0.02258	0.01475	0.47865	0.03479	0.18186	0.02235	0.02146	0.01529	0.00995	0.00819	0.00251	0.00859	0.00755	0.00860	0.01392
59	0.02028	0.01945	0.03321	0.08811	0.62132	0.01966	0.02535	0.02525	0.01878	0.02680	0.01558	0.02065	0.01304	0.00745	0.00823	0.00248	0.00994	0.00740	0.00409	0.01293
60	0.01482	0.01239	0.01748	0.01610	0.01747	0.01559	0.01293	0.05207	0.01467	0.02141	0.01887	0.02776	0.01756	0.04560	0.45108	0.00994	0.21317	0.00835	0.00444	0.00829
61	0.01051	0.00753	0.00999	0.01130	0.01214	0.00701	0.00774	0.01255	0.01773	0.02411	0.19118	0.54895	0.06057	0.02386	0.01041	0.00319	0.00460	0.02156	0.00806	0.00701
62	0.02902	0.03578	0.02550	0.02709	0.14680	0.54889	0.01787	0.03170	0.02265	0.02164	0.01338	0.01605	0.01117	0.00834	0.00763	0.00220	0.01400	0.00574	0.00425	0.01031
63	0.01086	0.00811	0.01024	0.01147	0.01295	0.00749	0.00855	0.01318	0.01798	0.02332	0.10750	0.36792	0.20245	0.02338	0.01052	0.00326	0.00518	0.14073	0.00782	0.00709
64	0.02221	0.71304	0.04353	0.01421	0.02132	0.03287	0.01421	0.02488	0.01688	0.01955	0.01155	0.01333	0.01066	0.00711	0.00533	0.00178	0.00888	0.00444	0.00355	0.01066
65	0.01530	0.01166	0.01413	0.01187	0.01566	0.01063	0.00921	0.08575	0.02375	0.03395	0.42804	0.04657	0.05532	0.01360	0.00876	0.00227	0.00504	0.01175	0.00804	0.18871
66	0.01939	0.01855	0.03161	0.20383	0.51252	0.01943	0.02491	0.02447	0.01836	0.02572	0.01542	0.02094	0.01266	0.00762	0.00824	0.00254	0.01016	0.00740	0.00401	0.01222
67	0.01258	0.00967	0.01198	0.01299	0.01539	0.00935	0.01090	0.01700	0.05695	0.02462	0.05741	0.08508	0.25794	0.02157	0.01071	0.00341	0.00638	0.36060	0.00772	0.00776
68	0.01052	0.00844	0.00939	0.00915	0.01165	0.00731	0.00686	0.01328	0.02059	0.02638	0.28964	0.07347	0.44492	0.01957	0.00981	0.00274	0.00410	0.01662	0.00823	0.00731
69	0.01666	0.01595	0.02254	0.01978	0.02014	0.02183	0.01631	0.01876	0.01287	0.01982	0.01363	0.02164	0.01327	0.02600	0.18269	0.00597	0.53196	0.00766	0.00383	0.00869
70	0.01187	0.00890	0.01335	0.01335	0.01483	0.01038	0.01038	0.01483	0.01335	0.01928	0.02225	0.03264	0.02077	0.06231	0.67512	0.01335	0.02225	0.00890	0.00445	0.00742
71	0.01818	0.01818	0.02545	0.02181	0.02181	0.02545	0.01818	0.01999	0.01272	0.01999	0.01091	0.01818	0.01091	0.01454	0.02726	0.00364	0.69284	0.00727	0.00364	0.00909
72	0.01012	0.00723	0.00964	0.01157	0.01205	0.00675	0.00771	0.01157	0.01591	0.02121	0.04579	0.70262	0.05495	0.02603	0.01060	0.00337	0.00482	0.02362	0.00771	0.00675
73	0.02033	0.02038	0.03739	0.04716	0.50921	0.02004	0.16957	0.02576	0.01908	0.02701	0.01591	0.02100	0.01303	0.00731	0.00860	0.00255	0.01086	0.00798	0.00413	0.01269
74	0.01497	0.02096	0.24188	0.01536	0.02122	0.01213	0.01614	0.02087	0.02143	0.06748	0.39144	0.04441	0.05111	0.01339	0.00904	0.00262	0.00705	0.01151	0.00723	0.00977
75	0.01012	0.00723	0.00964	0.01157	0.01205	0.00675	0.00771	0.01157	0.01591	0.02121	0.04579	0.70262	0.05495	0.02603	0.01060	0.00337	0.00482	0.02362	0.00771	0.00675
76	0.01163	0.00813	0.00893	0.00893	0.00949	0.00785	0.00529	0.01205	0.01344	0.01737	0.03771	0.05945	0.15409	0.57136	0.03582	0.00701	0.00729	0.01317	0.00557	0.00543
77	0.01961	0.02241	0.04902	0.03501	0.04342	0.02101	0.62605	0.02661	0.01961	0.02661	0.01681	0.02241	0.01261	0.00700	0.00980	0.00280	0.01401	0.00980	0.00420	0.01120
78	0.01188	0.00885	0.01310	0.01310	0.01450	0.01025	0.01007	0.01467	0.01328	0.01910	0.02248	0.03390	0.02132	0.09993	0.63825	0.01304	0.02142	0.00909	0.00448	0.00728
79	0.01456	0.01049	0.01263	0.01285	0.01452	0.01064	0.00909	0.13436	0.02018	0.02696	0.03894	0.51048	0.04467	0.08208	0.01290	0.00361	0.00596	0.01940	0.00760	0.00807
80	0.01011	0.00729	0.00958	0.01141	0.01201	0.00676	0.00764	0.01159	0.01606	0.02127	0.04770	0.67154	0.08479	0.02578	0.01056	0.00335	0.00479	0.02331	0.00771	0.00676
81	0.01028	0.00843	0.00906	0.00890	0.01151	0.00721	0.00668	0.01282	0.02003	0.02505	0.22035	0.07566	0.51503	0.02007	0.00981	0.00276	0.00414	0.01693	0.00806	0.00721
82	0.02056	0.01974	0.03372	0.05099	0.65622	0.01974	0.02550	0.02550	0.01892	0.02714	0.01563	0.02056	0.01316	0.00740	0.00822	0.00247	0.00987	0.00740	0.00411	0.01316
83	0.02056	0.01974	0.03372	0.05099	0.65622	0.01974	0.02550	0.02550	0.01892	0.02714	0.01563	0.02056	0.01316	0.00740	0.00822	0.00247	0.00987	0.00740	0.00411	0.01316
84	0.00982	0.00842	0.00842	0.00842	0.01122	0.00701	0.00631	0.01192	0.01894	0.02244	0.08416	0.07995	0.65285	0.02104	0.00982	0.00281	0.00421	0.01753	0.00771	0.00701
85	0.03147	0.02652	0.02465	0.01957	0.02575	0.15488	0.01584	0.51007	0.03597	0.04598	0.01853	0.01896	0.01345	0.00969	0.00815	0.00242	0.01030	0.00706	0.00751	0.01323
86	0.01016	0.00853	0.00890	0.00908	0.01180	0.00726	0.00700	0.01243	0.01895	0.02268	0.08027	0.08128	0.59433	0.02122	0.00998	0.00290	0.00454	0.07390	0.00771	0.00707
87	0.03103	0.03959	0.02354	0.02140	0.02568	0.67469	0.01605	0.03317	0.02354	0.02033	0.01284	0.01498	0.01070	0.00856	0.00749	0.00214	0.01498	0.00535	0.00428	0.00963
88	0.00982	0.00842	0.00842	0.00842	0.01122	0.00701	0.00631	0.01192	0.01894	0.02244	0.08416	0.07995	0.65285	0.02104	0.00982	0.00281	0.00421	0.01753	0.00771	0.00701
89	0.03045	0.03286	0.02408	0.05391	0.02728	0.42365	0.01631	0.23284	0.02842	0.03115	0.01533	0.01701	0.01187	0.00902	0.00781	0.00229	0.01282	0.00617	0.00561	0.01112
90	0.17645	0.10964	0.02361	0.01838	0.02328	0.43640	0.01443	0.06324	0.02178	0.02538	0.01283	0.01477	0.01055	0.00831	0.00683	0.00220	0.01227	0.00520	0.00459	0.00987
91	0.01295	0.01002	0.01207	0.01217	0.01429	0.01008	0.00903	0.01984	0.14344	0.02847	0.26009	0.25580	0.10887	0.01930	0.00987	0.00297	0.00495	0.04895	0.00836	0.00848
92	0.01780	0.16998	0.51503	0.02178	0.03247	0.02219	0.02693	0.02573	0.01718	0.02471	0.01407	0.01676	0.01057	0.00807	0.00834	0.00252	0.04467	0.00587	0.00352	0.01181
93	0.01996	0.02012	0.05479	0.03027	0.26906	0.09085	0.04839	0.02754	0.11880	0.02733	0.02055	0.02422	0.01660	0.01378	0.07217	0.00348	0.01056	0.00775	0.11249	0.01129
94	0.02784	0.03131	0.02257	0.02004	0.02447	0.40855	0.01539	0.09874	0.18142	0.02739	0.01883	0.01973	0.01480	0.00968	0.00877	0.00242	0.04464	0.00669	0.00574	0.01098
95	0.01307	0.01011	0.01216	0.01295	0.01490	0.01030	0.00981	0.01948	0.14128	0.02465	0.04708	0.29996	0.12770	0.06141	0.01212	0.00357	0.00595	0.15763	0.00769	0.00817
96	0.05925	0.41255	0.03617	0.02255	0.14389	0.15737	0.01650	0.02662	0.01847	0.02201	0.01259	0.01505	0.01107	0.00748	0.00631	0.00202	0.01017	0.00519	0.00388	0.01086
97	0.01951	0.12111	0.05148	0.01610	0.01977	0.21295	0.01337	0.02255	0.01732	0.02055	0.01778	0.02376	0.01583	0.03303	0.31343	0.00724	0.01676	0.00701	0.04165	0.00880
98	0.02869	0.16776	0.02715	0.01873	0.02409	0.34366	0.01514	0.18878	0.02605	0.02917	0.01514	0.01672	0.01210	0.00870	0.00720	0.00215	0.01170	0.00585	0.04031	0.01094
99	0.02925	0.03432	0.02436	0.05426	0.05708	0.49715	0.01690	0.10844	0.02447	0.02482	0.01389	0.01638	0.01129	0.00896	0.00862	0.00230	0.04650	0.00591	0.00473	0.01033

[dist]
# distance from previous block
# <min> <max>
0	86

[block]
# block no. 4 follows, 22 sequences, length 157
# corresponding to MSA columns:
# 310-466
name=unknown_E
#
# <colnr> <probs for GDERKNQSTAVLIFYWHMCP>
#	G	D	E	R	K	N	Q	S	T	A	V	L	I	F	Y	W	H	M	C	P
0	0.03105	0.03149	0.02268	0.01969	0.02466	0.42324	0.01518	0.12135	0.08364	0.11968	0.01873	0.01913	0.01400	0.00927	0.00782	0.00232	0.01220	0.00647	0.00613	0.01127
1	0.01773	0.01421	0.01597	0.01499	0.01841	0.01551	0.01171	0.05809	0.32008	0.02949	0.03326	0.04894	0.03040	0.13814	0.01509	0.00390	0.00719	0.15085	0.00746	0.04859
2	0.00982	0.00842	0.00842	0.00842	0.01122	0.00701	0.00631	0.01192	0.01894	0.02244	0.08416	0.07995	0.65285	0.02104	0.00982	0.00281	0.00421	0.01753	0.00771	0.00701
3	0.02031	0.01948	0.03327	0.08359	0.62557	0.01967	0.02537	0.02528	0.01880	0.02684	0.01558	0.02064	0.01305	0.00745	0.00823	0.00248	0.00993	0.00740	0.00409	0.01296
4	0.01012	0.00723	0.00964	0.01157	0.01205	0.00675	0.00771	0.01157	0.01591	0.02121	0.04579	0.70262	0.05495	0.02603	0.01060	0.00337	0.00482	0.02362	0.00771	0.00675
5	0.03116	0.03569	0.02387	0.02085	0.02570	0.51952	0.01599	0.17553	0.02725	0.02799	0.01454	0.01617	0.01152	0.00890	0.00769	0.00222	0.01358	0.00586	0.00524	0.01071
6	0.01723	0.01477	0.01723	0.01230	0.01969	0.01107	0.00984	0.02092	0.01723	0.02707	0.01477	0.01723	0.01230	0.00615	0.00615	0.00123	0.00615	0.00492	0.00492	0.75883
7	0.03097	0.02297	0.02459	0.01899	0.02553	0.02548	0.01564	0.59596	0.07261	0.05138	0.02072	0.02056	0.01475	0.01004	0.00832	0.00251	0.00900	0.00759	0.00832	0.01407
8	0.01187	0.00890	0.01335	0.01335	0.01483	0.01038	0.01038	0.01483	0.01335	0.01928	0.02225	0.03264	0.02077	0.06231	0.67512	0.01335	0.02225	0.00890	0.00445	0.00742
9	0.00982	0.00842	0.00842	0.00842	0.01122	0.00701	0.00631	0.01192	0.01894	0.02244	0.08416	0.07995	0.65285	0.02104	0.00982	0.00281	0.00421	0.01753	0.00771	0.00701
10	0.01012	0.00723	0.00964	0.01157	0.01205	0.00675	0.00771	0.01157	0.01591	0.02121	0.04579	0.70262	0.05495	0.02603	0.01060	0.00337	0.00482	0.02362	0.00771	0.00675
11	0.01187	0.00890	0.01335	0.01335	0.01483	0.01038	0.01038	0.01483	0.01335	0.01928	0.02225	0.03264	0.02077	0.06231	0.67512	0.01335	0.02225	0.00890	0.00445	0.00742
12	0.01198	0.00845	0.01105	0.01105	0.01174	0.00914	0.00752	0.01336	0.01267	0.01758	0.02435	0.04427	0.02582	0.40818	0.33615	0.01051	0.01465	0.01060	0.00476	0.00614
13	0.03103	0.03959	0.02354	0.02140	0.02568	0.67469	0.01605	0.03317	0.02354	0.02033	0.01284	0.01498	0.01070	0.00856	0.00749	0.00214	0.01498	0.00535	0.00428	0.00963
14	0.01188	0.00918	0.00970	0.00933	0.01234	0.00803	0.00708	0.01528	0.05139	0.05528	0.12576	0.07344	0.54253	0.01968	0.00968	0.00278	0.00445	0.01646	0.00800	0.00774
15	0.01194	0.00863	0.01196	0.01196	0.01296	0.00963	0.00864	0.01394	0.01294	0.01825	0.02353	0.03971	0.02384	0.27242	0.46920	0.01163	0.01763	0.00994	0.00464	0.00664
16	0.01208	0.00805	0.00906	0.00906	0.00906	0.00805	0.00503	0.01208	0.01208	0.01611	0.02618	0.05436	0.03020	0.70804	0.04228	0.00805	0.00805	0.01208	0.00503	0.00503
17	0.00982	0.00842	0.00842	0.00842	0.01122	0.00701	0.00631	0.01192	0.01894	0.02244	0.08416	0.07995	0.65285	0.02104	0.00982	0.00281	0.00421	0.01753	0.00771	0.00701
18	0.01187	0.00890	0.01335	0.01335	0.01483	0.01038	0.01038	0.01483	0.01335	0.01928	0.02225	0.03264	0.02077	0.06231	0.67512	0.01335	0.02225	0.00890	0.00445	0.00742
19	0.03103	0.03959	0.02354	0.02140	0.02568	0.67469	0.01605	0.03317	0.02354	0.02033	0.01284	0.01498	0.01070	0.00856	0.00749	0.00214	0.01498	0.00535	0.00428	0.00963
20	0.01090	0.00779	0.01054	0.01246	0.01328	0.00742	0.00907	0.01292	0.01667	0.02208	0.04536	0.55702	0.05324	0.02529	0.01081	0.00348	0.00550	0.16151	0.00770	0.00696
21	0.01012	0.00723	0.00964	0.01157	0.01205	0.00675	0.00771	0.01157	0.01591	0.02121	0.04579	0.70262	0.05495	0.02603	0.01060	0.00337	0.00482	0.02362	0.00771	0.00675
22	0.01723	0.01477	0.01723	0.01230	0.01969	0.01107	0.00984	0.02092	0.01723	0.02707	0.01477	0.01723	0.01230	0.00615	0.00615	0.00123	0.00615	0.00492	0.00492	0.75883
23	0.00982	0.00842	0.00842	0.00842	0.01122	0.00701	0.00631	0.01192	0.01894	0.02244	0.08416	0.07995	0.65285	0.02104	0.00982	0.00281	0.00421	0.01753	0.00771	0.00701
24	0.01208	0.00805	0.00906	0.00906	0.00906	0.00805	0.00503	0.01208	0.01208	0.01611	0.02618	0.05436	0.03020	0.70804	0.04228	0.00805	0.00805	0.01208	0.00503	0.00503
25	0.01028	0.00843	0.00906	0.00890	0.01151	0.00721	0.00668	0.01282	0.02003	0.02504	0.21990	0.07567	0.51549	0.02007	0.00981	0.00276	0.00414	0.01693	0.00806	0.00721
26	0.02056	0.01974	0.03372	0.05099	0.65622	0.01974	0.02550	0.02550	0.01892	0.02714	0.01563	0.02056	0.01316	0.00740	0.00822	0.00247	0.00987	0.00740	0.00411	0.01316
27	0.03106	0.03875	0.02361	0.02128	0.02569	0.64127	0.01604	0.06383	0.02434	0.02198	0.01321	0.01524	0.01088	0.00863	0.00753	0.00216	0.01468	0.00546	0.00449	0.00986
28	0.01035	0.00800	0.00945	0.01001	0.01178	0.00710	0.00716	0.01262	0.01884	0.02438	0.19475	0.30295	0.30888	0.02197	0.01010	0.00297	0.00437	0.01920	0.00803	0.00710
29	0.01012	0.00723	0.00964	0.01157	0.01205	0.00675	0.00771	0.01157	0.01591	0.02121	0.04579	0.70262	0.05495	0.02603	0.01060	0.00337	0.00482	0.02362	0.00771	0.00675
30	0.01192	0.00870	0.01233	0.01233	0.01345	0.00983	0.00910	0.01418	0.01305	0.01853	0.02319	0.03783	0.02302	0.21671	0.52380	0.01208	0.01886	0.00966	0.00459	0.00685
31	0.03189	0.02277	0.02463	0.01888	0.02552	0.02503	0.01560	0.59666	0.03823	0.08538	0.02064	0.02040	0.01448	0.00999	0.00831	0.00250	0.00903	0.00753	0.00842	0.01413
32	0.01961	0.02241	0.04902	0.03501	0.04342	0.02101	0.62605	0.02661	0.01961	0.02661	0.01681	0.02241	0.01261	0.00700	0.00980	0.00280	0.01401	0.00980	0.00420	0.01120
33	0.03103	0.03959	0.02354	0.02140	0.02568	0.67469	0.01605	0.03317	0.02354	0.02033	0.01284	0.01498	0.01070	0.00856	0.00749	0.00214	0.01498	0.00535	0.00428	0.00963
34	0.01176	0.00849	0.01110	0.01045	0.01241	0.00784	0.00784	0.01568	0.02352	0.03331	0.65184	0.06206	0.07839	0.01698	0.00980	0.00261	0.00392	0.01502	0.00914	0.00784
35	0.01086	0.00775	0.01048	0.01241	0.01321	0.00738	0.00899	0.01284	0.01663	0.02203	0.04538	0.56546	0.05334	0.02533	0.01080	0.00348	0.00546	0.15352	0.00770	0.00695
36	0.03158	0.02327	0.02493	0.01911	0.02576	0.02576	0.01579	0.62852	0.03906	0.05236	0.01995	0.01995	0.01413	0.00997	0.00831	0.00249	0.00914	0.00748	0.00831	0.01413
37	0.00982	0.00842	0.00842	0.00842	0.01122	0.00701	0.00631	0.01192	0.01894	0.02244	0.08416	0.07995	0.65285	0.02104	0.00982	0.00281	0.00421	0.01753	0.00771	0.00701
38	0.03103	0.03959	0.02354	0.02140	0.02568	0.67469	0.01605	0.03317	0.02354	0.02033	0.01284	0.01498	0.01070	0.00856	0.00749	0.00214	0.01498	0.00535	0.00428	0.00963
39	0.02056	0.01974	0.03372	0.05099	0.65622	0.01974	0.02550	0.02550	0.01892	0.02714	0.01563	0.02056	0.01316	0.00740	0.00822	0.00247	0.00987	0.00740	0.00411	0.01316
40	0.00982	0.00842	0.00842	0.00842	0.01122	0.00701	0.00631	0.01192	0.01894	0.02244	0.08416	0.07995	0.65285	0.02104	0.00982	0.00281	0.00421	0.01753	0.00771	0.00701
41	0.00982	0.00842	0.00842	0.00842	0.01122	0.00701	0.00631	0.01192	0.01894	0.02244	0.08416	0.07995	0.65285	0.02104	0.00982	0.00281	0.00421	0.01753	0.00771	0.00701
42	0.01126	0.00805	0.01093	0.01270	0.01373	0.00771	0.00954	0.01361	0.01736	0.02306	0.07897	0.47125	0.05396	0.02453	0.01084	0.00348	0.00568	0.20847	0.00777	0.00710
43	0.01381	0.01085	0.01477	0.01388	0.01472	0.01326	0.01062	0.01592	0.01332	0.01991	0.02086	0.03384	0.02055	0.19086	0.30789	0.00865	0.18040	0.00910	0.07946	0.00732
44	0.01012	0.00723	0.00964	0.01157	0.01205	0.00675	0.00771	0.01157	0.01591	0.02121	0.04579	0.70262	0.05495	0.02603	0.01060	0.00337	0.00482	0.02362	0.00771	0.00675
45	0.01005	0.00751	0.00935	0.01081	0.01185	0.00681	0.00738	0.01165	0.01663	0.02150	0.05496	0.55373	0.19791	0.02483	0.01042	0.00324	0.00467	0.02216	0.00771	0.00681
46	0.03012	0.03786	0.02443	0.02398	0.08073	0.61751	0.01688	0.03250	0.02314	0.02093	0.01308	0.01547	0.01092	0.00846	0.00755	0.00217	0.01453	0.00553	0.00427	0.00994
47	0.02013	0.01930	0.03294	0.10756	0.60303	0.01962	0.02528	0.02512	0.01871	0.02662	0.01555	0.02070	0.01297	0.00748	0.00823	0.00249	0.00998	0.00740	0.00407	0.01281
48	0.01208	0.00805	0.00906	0.00906	0.00906	0.00805	0.00503	0.01208	0.01208	0.01611	0.02618	0.05436	0.03020	0.70804	0.04228	0.00805	0.00805	0.01208	0.00503	0.00503
