[name]
unknown

[dist]
# distance from previous block
# <min> <max>
0	0

[block]
# block no. 0 follows, 22 sequences, length 11
# corresponding to MSA columns:
# 0-10
name=unknown_A
#
# <colnr> <probs for GDERKNQSTAVLIFYWHMCP>
#	G	D	E	R	K	N	Q	S	T	A	V	L	I	F	Y	W	H	M	C	P
0	0.01339	0.00956	0.01339	0.01530	0.01721	0.00956	0.01339	0.01721	0.01912	0.02486	0.04399	0.09371	0.04781	0.02295	0.01147	0.00382	0.00765	0.60031	0.00765	0.00765
1	0.01012	0.00723	0.00964	0.01157	0.01205	0.00675	0.00771	0.01157	0.01591	0.02121	0.04579	0.70262	0.05495	0.02603	0.01060	0.00337	0.00482	0.02362	0.00771	0.00675
2	0.01569	0.01477	0.02492	0.68808	0.05722	0.01846	0.02307	0.02123	0.01661	0.02123	0.01477	0.02215	0.01107	0.00831	0.00831	0.00277	0.01107	0.00738	0.00369	0.00923
3	0.03116	0.03572	0.02387	0.02086	0.02570	0.52063	0.01599	0.17452	0.02723	0.02793	0.01453	0.01616	0.01151	0.00890	0.00769	0.00222	0.01359	0.00586	0.00524	0.01070
4	0.01797	0.01411	0.01557	0.01421	0.01802	0.01530	0.01094	0.03276	0.37776	0.06699	0.16370	0.07532	0.11382	0.01426	0.00899	0.00279	0.00570	0.01214	0.00857	0.01109
5	0.44963	0.01564	0.01473	0.01275	0.01789	0.01724	0.01033	0.03072	0.13363	0.15574	0.05248	0.02207	0.01781	0.00934	0.00661	0.00262	0.00645	0.00669	0.00694	0.01069
6	0.02056	0.01974	0.03372	0.05099	0.65622	0.01974	0.02550	0.02550	0.01892	0.02714	0.01563	0.02056	0.01316	0.00740	0.00822	0.00247	0.00987	0.00740	0.00411	0.01316
7	0.02632	0.01761	0.05798	0.01894	0.06597	0.01587	0.04866	0.17134	0.02485	0.23896	0.06947	0.07243	0.02396	0.05487	0.01065	0.00289	0.00809	0.00955	0.00778	0.05383
8	0.02908	0.02431	0.02319	0.01874	0.02440	0.14462	0.01508	0.34384	0.09433	0.08303	0.02009	0.02046	0.01479	0.00988	0.00911	0.00245	0.04843	0.00717	0.00723	0.05976
9	0.02155	0.01699	0.01773	0.01519	0.01959	0.05764	0.01176	0.17564	0.16130	0.06748	0.03041	0.10450	0.06455	0.06907	0.04887	0.00358	0.00838	0.01042	0.00727	0.08806
10	0.02114	0.19348	0.02589	0.01947	0.09770	0.09831	0.01410	0.02685	0.10607	0.06738	0.02575	0.09865	0.06285	0.01139	0.00846	0.00239	0.03701	0.00903	0.00571	0.06837

[dist]
# distance from previous block
# <min> <max>
0	3

[block]
# block no. 1 follows, 22 sequences, length 43
# corresponding to MSA columns:
# 14-56
name=unknown_B
#
# <colnr> <probs for GDERKNQSTAVLIFYWHMCP>
#	G	D	E	R	K	N	Q	S	T	A	V	L	I	F	Y	W	H	M	C	P
0	0.02315	0.18610	0.28367	0.01876	0.02724	0.05444	0.02030	0.10266	0.02094	0.11679	0.01783	0.02037	0.01355	0.04827	0.00937	0.00270	0.01028	0.00653	0.00520	0.01186
1	0.02050	0.27712	0.32057	0.01900	0.02812	0.02447	0.02158	0.11019	0.02064	0.02792	0.04639	0.01861	0.01449	0.00836	0.00713	0.00231	0.01021	0.00617	0.00448	0.01174
2	0.02198	0.23366	0.26670	0.02357	0.10102	0.17177	0.02200	0.02735	0.01887	0.02309	0.01355	0.01609	0.01091	0.00776	0.00710	0.00225	0.01163	0.00561	0.00377	0.01131
3	0.05779	0.01978	0.02715	0.03820	0.43748	0.09333	0.02032	0.02503	0.01875	0.02697	0.01690	0.02149	0.01408	0.01049	0.03979	0.00289	0.01011	0.00714	0.10073	0.01157
4	0.02269	0.01638	0.02026	0.17108	0.09276	0.09007	0.01545	0.02719	0.05109	0.19328	0.05630	0.15612	0.02609	0.01274	0.00874	0.00272	0.00857	0.01099	0.00682	0.01064
5	0.01933	0.01795	0.02881	0.11669	0.44284	0.01874	0.02244	0.02666	0.10043	0.02724	0.02062	0.02908	0.01782	0.00949	0.00857	0.00268	0.00936	0.06410	0.00497	0.01218
6	0.02004	0.11621	0.47297	0.02220	0.03236	0.14697	0.02606	0.02747	0.01862	0.02441	0.01414	0.01658	0.01057	0.00793	0.00753	0.00244	0.01242	0.00580	0.00366	0.01159
7	0.01975	0.01891	0.03226	0.15655	0.55697	0.01953	0.02509	0.02479	0.01853	0.02616	0.01548	0.02082	0.01281	0.00755	0.00824	0.00252	0.01007	0.00740	0.00404	0.01251
8	0.02750	0.03255	0.02457	0.02590	0.13653	0.45258	0.01725	0.03360	0.12310	0.02388	0.01674	0.01857	0.01352	0.00880	0.00778	0.00231	0.01271	0.00637	0.00493	0.01083
9	0.02301	0.03385	0.21473	0.02933	0.19563	0.27591	0.02242	0.02811	0.02033	0.02400	0.01754	0.02027	0.04149	0.00864	0.00791	0.00240	0.01232	0.00670	0.00417	0.01123
10	0.00982	0.00842	0.00842	0.00842	0.01122	0.00701	0.00631	0.01192	0.01894	0.02244	0.08416	0.07995	0.65285	0.02104	0.00982	0.00281	0.00421	0.01753	0.00771	0.00701
11	0.01291	0.00937	0.01266	0.01237	0.01367	0.01046	0.00907	0.04453	0.01425	0.01999	0.02329	0.03841	0.02322	0.25016	0.45533	0.01125	0.01741	0.00977	0.00481	0.00705
12	0.02902	0.03577	0.02550	0.02710	0.14708	0.54860	0.01787	0.03169	0.02265	0.02164	0.01338	0.01606	0.01117	0.00834	0.00763	0.00220	0.01400	0.00575	0.00425	0.01031
13	0.01902	0.01817	0.03094	0.25189	0.46733	0.01933	0.02473	0.02415	0.01819	0.02528	0.01535	0.02106	0.01250	0.00769	0.00825	0.00256	0.01025	0.00740	0.00398	0.01192
14	0.01569	0.01477	0.02492	0.68808	0.05722	0.01846	0.02307	0.02123	0.01661	0.02123	0.01477	0.02215	0.01107	0.00831	0.00831	0.00277	0.01107	0.00738	0.00369	0.00923
15	0.00991	0.00842	0.00854	0.00851	0.01127	0.00705	0.00638	0.01209	0.01914	0.02293	0.10970	0.07914	0.62700	0.02086	0.00982	0.00280	0.00419	0.01742	0.00778	0.00705
16	0.01927	0.27933	0.25319	0.02104	0.02868	0.02558	0.08327	0.02460	0.01658	0.02267	0.01311	0.01663	0.01086	0.00880	0.01089	0.00253	0.14225	0.00612	0.00362	0.01097
17	0.02056	0.01974	0.03372	0.05099	0.65622	0.01974	0.02550	0.02550	0.01892	0.02714	0.01563	0.02056	0.01316	0.00740	0.00822	0.00247	0.00987	0.00740	0.00411	0.01316
18	0.01666	0.04297	0.66500	0.02368	0.03596	0.01929	0.03069	0.02631	0.01754	0.02631	0.01491	0.01754	0.01052	0.00789	0.00789	0.00263	0.01228	0.00614	0.00351	0.01228
19	0.00982	0.00842	0.00842	0.00842	0.01122	0.00701	0.00631	0.01192	0.01894	0.02244	0.08416	0.07995	0.65285	0.02104	0.00982	0.00281	0.00421	0.01753	0.00771	0.00701
20	0.02031	0.02110	0.06806	0.04878	0.59399	0.01978	0.05440	0.02559	0.01888	0.02707	0.01564	0.02049	0.01299	0.00741	0.00828	0.00249	0.01019	0.00745	0.00408	0.01302
21	0.02701	0.03278	0.02485	0.15278	0.09633	0.48127	0.01837	0.03009	0.02173	0.02120	0.01350	0.01693	0.01102	0.00839	0.00772	0.00229	0.01371	0.00595	0.00415	0.00991
22	0.01012	0.00723	0.00964	0.01157	0.01205	0.00675	0.00771	0.01157	0.01591	0.02121	0.04579	0.70262	0.05495	0.02603	0.01060	0.00337	0.00482	0.02362	0.00771	0.00675
23	0.02121	0.02097	0.03309	0.04915	0.61697	0.06051	0.02491	0.02597	0.01920	0.02672	0.01545	0.02021	0.01301	0.00747	0.00818	0.00245	0.01019	0.00727	0.00412	0.01294
24	0.01708	0.04007	0.57813	0.02528	0.03701	0.01954	0.11465	0.02635	0.01783	0.02635	0.01518	0.01823	0.01082	0.00777	0.00816	0.00265	0.01252	0.00666	0.00361	0.01213
25	0.03158	0.02327	0.02493	0.01911	0.02576	0.02576	0.01579	0.62852	0.03906	0.05236	0.01995	0.01995	0.01413	0.00997	0.00831	0.00249	0.00914	0.00748	0.00831	0.01413
26	0.02105	0.02067	0.03324	0.04960	0.62660	0.05051	0.02505	0.02586	0.01913	0.02682	0.01550	0.02030	0.01304	0.00746	0.00819	0.00245	0.01011	0.00731	0.00412	0.01299
27	0.01085	0.00778	0.00967	0.01046	0.01136	0.00728	0.00699	0.01251	0.01681	0.02251	0.16195	0.36866	0.11509	0.17829	0.01755	0.00423	0.00532	0.01873	0.00738	0.00660
28	0.01595	0.00988	0.01144	0.01077	0.01376	0.00884	0.00805	0.04664	0.01976	0.13738	0.06066	0.19884	0.34905	0.05622	0.01138	0.00315	0.00529	0.01641	0.00806	0.00847
29	0.02385	0.49824	0.03738	0.01652	0.02235	0.17762	0.01499	0.02632	0.01802	0.01976	0.01178	0.01414	0.01069	0.00810	0.00778	0.00203	0.07151	0.00490	0.00373	0.01029
30	0.02614	0.41733	0.03509	0.01693	0.02323	0.19615	0.01497	0.13470	0.02254	0.02560	0.01338	0.01493	0.01129	0.00799	0.00642	0.00200	0.01049	0.00522	0.00459	0.01102
31	0.01921	0.18029	0.13135	0.01998	0.10061	0.11141	0.01642	0.05148	0.02005	0.02463	0.06038	0.03431	0.17445	0.01154	0.00788	0.00238	0.00905	0.00911	0.00524	0.01022
32	0.03103	0.03959	0.02354	0.02140	0.02568	0.67469	0.01605	0.03317	0.02354	0.02033	0.01284	0.01498	0.01070	0.00856	0.00749	0.00214	0.01498	0.00535	0.00428	0.00963
33	0.01132	0.00847	0.01050	0.00999	0.01214	0.00765	0.00749	0.01483	0.02248	0.03085	0.52322	0.06611	0.20854	0.01790	0.00980	0.00266	0.00398	0.01559	0.00882	0.00765
34	0.01187	0.00890	0.01335	0.01335	0.01483	0.01038	0.01038	0.01483	0.01335	0.01928	0.02225	0.03264	0.02077	0.06231	0.67512	0.01335	0.02225	0.00890	0.00445	0.00742
35	0.01002	0.00842	0.00870	0.00863	0.01134	0.00710	0.00647	0.01231	0.01941	0.02357	0.14323	0.07809	0.59307	0.02062	0.00982	0.00279	0.00418	0.01727	0.00786	0.00710
36	0.02066	0.01785	0.01878	0.01691	0.02160	0.02066	0.01315	0.04414	0.64121	0.03475	0.03381	0.03099	0.02536	0.01127	0.00845	0.00282	0.00657	0.00939	0.00845	0.01315
37	0.01108	0.00814	0.00952	0.00964	0.01100	0.00751	0.00654	0.01292	0.01758	0.02319	0.21133	0.16234	0.21713	0.23233	0.01993	0.00446	0.00541	0.01612	0.00727	0.00658
38	0.02558	0.02538	0.02387	0.02482	0.14535	0.21589	0.01660	0.16733	0.16583	0.03226	0.02380	0.02451	0.05189	0.00998	0.00817	0.00247	0.01016	0.00784	0.00630	0.01197
39	0.01776	0.03368	0.39845	0.02701	0.03666	0.02054	0.21548	0.02567	0.01763	0.02567	0.01504	0.01914	0.01122	0.00838	0.01073	0.00280	0.09142	0.00742	0.00374	0.01157
40	0.02375	0.05050	0.08832	0.02449	0.16599	0.11774	0.01723	0.11954	0.02333	0.10874	0.08622	0.02912	0.06050	0.03670	0.00954	0.00267	0.00937	0.00855	0.00624	0.01148
41	0.02619	0.33520	0.03329	0.02091	0.08081	0.33200	0.01609	0.02881	0.02018	0.02060	0.01252	0.01476	0.01091	0.00781	0.00660	0.00201	0.01183	0.00513	0.00394	0.01040
42	0.05201	0.23034	0.29759	0.02205	0.03114	0.08608	0.12039	0.02652	0.01812	0.02431	0.01391	0.01671	0.01085	0.00758	0.00731	0.00236	0.01159	0.00610	0.00378	0.01125

[dist]
# distance from previous block
# <min> <max>
3	27

[block]
# block no. 2 follows, 22 sequences, length 50
# corresponding to MSA columns:
# 84-133
name=unknown_C
#
# <colnr> <probs for GDERKNQSTAVLIFYWHMCP>
#	G	D	E	R	K	N	Q	S	T	A	V	L	I	F	Y	W	H	M	C	P
0	0.25554	0.06324	0.09342	0.01671	0.02229	0.21546	0.01454	0.03025	0.12606	0.02938	0.04727	0.01977	0.01596	0.00902	0.00697	0.00245	0.00969	0.00629	0.00538	0.01031
1	0.02259	0.06622	0.10555	0.01975	0.02360	0.23038	0.01734	0.05185	0.01872	0.02357	0.01434	0.01836	0.01212	0.01060	0.01393	0.00268	0.24128	0.00642	0.09089	0.00982
2	0.09167	0.02709	0.02221	0.05093	0.07252	0.29022	0.01522	0.19056	0.02503	0.03060	0.01639	0.02119	0.01379	0.08406	0.01135	0.00296	0.01134	0.00683	0.00549	0.01055
3	0.02031	0.04454	0.01810	0.01489	0.01856	0.01657	0.01173	0.27217	0.02563	0.03494	0.05372	0.20716	0.02915	0.02339	0.12285	0.00453	0.00970	0.01225	0.04960	0.01023
4	0.10957	0.31396	0.11202	0.01650	0.02327	0.11578	0.01581	0.11036	0.02109	0.02801	0.05214	0.01800	0.01505	0.00848	0.00662	0.00218	0.00961	0.00586	0.00484	0.01085
5	0.17251	0.24203	0.02667	0.01623	0.02141	0.25245	0.01354	0.05458	0.01937	0.02483	0.01338	0.01603	0.01144	0.01297	0.06805	0.00316	0.01178	0.00532	0.00443	0.00983
6	0.02053	0.01615	0.01770	0.01520	0.01966	0.06202	0.04545	0.08790	0.19128	0.11054	0.04650	0.08003	0.22302	0.01449	0.00898	0.00273	0.00707	0.01216	0.00786	0.01071
7	0.02150	0.02770	0.11557	0.02927	0.17512	0.21668	0.12690	0.02621	0.02002	0.02402	0.02256	0.02570	0.08114	0.01159	0.03725	0.00296	0.01240	0.00819	0.00450	0.01071
8	0.02010	0.01770	0.02928	0.16443	0.22928	0.01856	0.12697	0.11034	0.02084	0.02913	0.01742	0.02250	0.01371	0.00942	0.00975	0.04834	0.00995	0.00786	0.08340	0.01102
9	0.05673	0.03059	0.02197	0.01932	0.02332	0.40871	0.01495	0.12601	0.02391	0.02717	0.01514	0.01765	0.01226	0.00951	0.00949	0.00235	0.08557	0.00610	0.07916	0.01009
10	0.02002	0.01876	0.02954	0.11750	0.45247	0.01979	0.02260	0.02895	0.15046	0.02807	0.01938	0.02295	0.01550	0.00833	0.00828	0.00258	0.00931	0.00782	0.00498	0.01270
11	0.01222	0.00942	0.01403	0.01383	0.01523	0.01123	0.01082	0.01512	0.01332	0.01932	0.02161	0.03182	0.02021	0.05962	0.63874	0.01281	0.05991	0.00881	0.00440	0.00751
12	0.01063	0.00754	0.00982	0.01109	0.01177	0.00709	0.00742	0.01233	0.01677	0.02269	0.14725	0.51796	0.05609	0.10341	0.01413	0.00379	0.00504	0.02081	0.00765	0.00674
13	0.01480	0.01236	0.01827	0.01622	0.01766	0.01458	0.06783	0.01740	0.01474	0.02216	0.02358	0.14383	0.02392	0.09040	0.13234	0.00533	0.21455	0.01113	0.13094	0.00798
14	0.01025	0.00728	0.00960	0.01140	0.01185	0.00683	0.00753	0.01160	0.01565	0.02087	0.04448	0.65955	0.05330	0.07135	0.01271	0.00368	0.00503	0.02285	0.00753	0.00663
15	0.01273	0.01099	0.01146	0.01238	0.01360	0.07889	0.00864	0.01480	0.01840	0.02378	0.17570	0.48754	0.05534	0.02216	0.01009	0.00307	0.00572	0.01976	0.00766	0.00730
16	0.01751	0.03707	0.48828	0.02693	0.03810	0.01979	0.20150	0.02640	0.01813	0.02640	0.01545	0.01894	0.01112	0.00764	0.00844	0.00268	0.01277	0.00719	0.00371	0.01197
17	0.02498	0.01736	0.01927	0.01657	0.02177	0.01911	0.01310	0.07875	0.46875	0.17394	0.03274	0.02973	0.02362	0.01097	0.00842	0.00274	0.00684	0.00905	0.00885	0.01343
18	0.01208	0.00805	0.00906	0.00906	0.00906	0.00805	0.00503	0.01208	0.01208	0.01611	0.02618	0.05436	0.03020	0.70804	0.04228	0.00805	0.00805	0.01208	0.00503	0.00503
19	0.02776	0.29792	0.03181	0.01785	0.02400	0.21506	0.01525	0.22116	0.02592	0.03031	0.01462	0.01593	0.01179	0.00845	0.00691	0.00211	0.01072	0.00568	0.00529	0.01148
20	0.01766	0.16314	0.55354	0.02198	0.03333	0.02173	0.02774	0.02605	0.01742	0.02510	0.01431	0.01678	0.01055	0.00775	0.00743	0.00248	0.01167	0.00583	0.00352	0.01199
21	0.02180	0.02725	0.17315	0.03802	0.36424	0.08084	0.05189	0.09135	0.02124	0.02902	0.01573	0.01939	0.01242	0.00788	0.00816	0.00249	0.01099	0.00705	0.00445	0.01265
22	0.01187	0.00890	0.01335	0.01335	0.01483	0.01038	0.01038	0.01483	0.01335	0.01928	0.02225	0.03264	0.02077	0.06231	0.67512	0.01335	0.02225	0.00890	0.00445	0.00742
23	0.01208	0.00805	0.00906	0.00906	0.00906	0.00805	0.00503	0.01208	0.01208	0.01611	0.02618	0.05436	0.03020	0.70804	0.04228	0.00805	0.00805	0.01208	0.00503	0.00503
24	0.01375	0.01306	0.02281	0.01887	0.02269	0.01225	0.21087	0.01836	0.05181	0.02399	0.04406	0.30546	0.17109	0.01787	0.01005	0.00303	0.00780	0.01696	0.00660	0.00862
25	0.02541	0.18247	0.13860	0.05849	0.05733	0.20727	0.01892	0.16390	0.02396	0.02879	0.01475	0.01684	0.01157	0.00838	0.00735	0.00227	0.01140	0.00598	0.00486	0.01147
26	0.01921	0.14298	0.36524	0.02964	0.20495	0.04826	0.02604	0.02614	0.01806	0.02522	0.01449	0.01760	0.01128	0.00766	0.00756	0.00243	0.01118	0.00619	0.00371	0.01216
27	0.02520	0.02736	0.02087	0.01887	0.02339	0.30688	0.01442	0.03934	0.37090	0.02844	0.02463	0.02399	0.01894	0.01008	0.00803	0.00252	0.01025	0.00762	0.00663	0.01161
28	0.01208	0.00805	0.00906	0.00906	0.00906	0.00805	0.00503	0.01208	0.01208	0.01611	0.02618	0.05436	0.03020	0.70804	0.04228	0.00805	0.00805	0.01208	0.00503	0.00503
29	0.01208	0.00805	0.00906	0.00906	0.00906	0.00805	0.00503	0.01208	0.01208	0.01611	0.02618	0.05436	0.03020	0.70804	0.04228	0.00805	0.00805	0.01208	0.00503	0.00503
30	0.01067	0.00791	0.00980	0.01042	0.01182	0.00721	0.00730	0.01293	0.01866	0.02489	0.23836	0.33885	0.18636	0.06087	0.01199	0.00329	0.00460	0.01905	0.00800	0.00704
31	0.02667	0.02819	0.02346	0.09029	0.06378	0.30947	0.01662	0.14084	0.16137	0.02974	0.01909	0.02045	0.01472	0.00932	0.00798	0.00244	0.01139	0.00695	0.00585	0.01137
32	0.03103	0.03959	0.02354	0.02140	0.02568	0.67469	0.01605	0.03317	0.02354	0.02033	0.01284	0.01498	0.01070	0.00856	0.00749	0.00214	0.01498	0.00535	0.00428	0.00963
33	0.01208	0.00805	0.00906	0.00906	0.00906	0.00805	0.00503	0.01208	0.01208	0.01611	0.02618	0.05436	0.03020	0.70804	0.04228	0.00805	0.00805	0.01208	0.00503	0.00503
34	0.01321	0.01119	0.01365	0.01545	0.08805	0.01078	0.01035	0.01911	0.10856	0.02654	0.14795	0.06468	0.35275	0.01764	0.00958	0.00283	0.00546	0.06583	0.00761	0.00878
35	0.02334	0.03003	0.16612	0.02738	0.17003	0.21543	0.02073	0.10961	0.02212	0.02748	0.01599	0.01954	0.01286	0.01456	0.08513	0.00367	0.01326	0.00669	0.00465	0.01138
36	0.02179	0.02419	0.02491	0.02170	0.02290	0.20776	0.01758	0.02369	0.01576	0.02009	0.01145	0.01728	0.01085	0.01286	0.02171	0.00322	0.50249	0.00673	0.00382	0.00924
37	0.01011	0.00816	0.00900	0.00936	0.01155	0.00705	0.00680	0.01228	0.01880	0.02344	0.14217	0.21694	0.45192	0.02168	0.00999	0.00291	0.00431	0.01860	0.00788	0.00705
38	0.01993	0.02010	0.02821	0.04028	0.47285	0.09336	0.02112	0.02406	0.01945	0.02555	0.02703	0.03008	0.12236	0.00987	0.00841	0.00249	0.00949	0.00890	0.00475	0.01170
39	0.01304	0.01238	0.01196	0.01293	0.04820	0.08374	0.00884	0.01534	0.01933	0.02318	0.11460	0.17465	0.39287	0.01938	0.00960	0.00279	0.00582	0.01642	0.00725	0.00767
40	0.01064	0.00769	0.00992	0.01093	0.01193	0.00713	0.00751	0.01272	0.01794	0.02426	0.20970	0.45508	0.09964	0.05958	0.01202	0.00338	0.00471	0.02030	0.00795	0.00697
41	0.02056	0.01974	0.03372	0.05099	0.65622	0.01974	0.02550	0.02550	0.01892	0.02714	0.01563	0.02056	0.01316	0.00740	0.00822	0.00247	0.00987	0.00740	0.00411	0.01316
42	0.02057	0.02685	0.19984	0.03535	0.32558	0.05211	0.02417	0.06221	0.09169	0.02862	0.01746	0.02056	0.01371	0.00846	0.00887	0.00258	0.03683	0.00719	0.00468	0.01265
43	0.02771	0.02947	0.02719	0.03062	0.23288	0.31659	0.01910	0.16175	0.02544	0.02962	0.01532	0.01791	0.01226	0.00849	0.00791	0.00233	0.01202	0.00649	0.00511	0.01178
44	0.02358	0.02843	0.02025	0.01822	0.02221	0.41837	0.04775	0.02606	0.02181	0.02149	0.03465	0.03738	0.19392	0.01266	0.00846	0.00244	0.01154	0.03646	0.00540	0.00889
45	0.02300	0.02507	0.01987	0.01982	0.07359	0.29463	0.01408	0.06825	0.11769	0.02594	0.03412	0.03673	0.15676	0.01249	0.00848	0.00253	0.01012	0.04064	0.00611	0.01008
46	0.14962	0.08079	0.15800	0.01374	0.01965	0.01569	0.01366	0.02226	0.09057	0.02714	0.04355	0.04264	0.26542	0.01337	0.00800	0.00264	0.00707	0.01057	0.00604	0.00957
47	0.22055	0.01569	0.01638	0.05465	0.02049	0.01720	0.01161	0.22760	0.02376	0.03635	0.02999	0.17514	0.09031	0.01399	0.00813	0.00276	0.00705	0.01131	0.00699	0.01006
48	0.02078	0.16182	0.02181	0.01398	0.01765	0.01756	0.01171	0.05959	0.01838	0.13247	0.05649	0.02800	0.02087	0.06033	0.14493	0.00491	0.08946	0.00796	0.10153	0.00978
49	0.02170	0.01940	0.01722	0.01513	0.01869	0.16005	0.01161	0.18971	0.02363	0.02979	0.02762	0.03315	0.09104	0.10413	0.12782	0.00495	0.01152	0.00900	0.07438	0.00947

[dist]
# distance from previous block
# <min> <max>
0	8

[block]
# block no. 3 follows, 22 sequences, length 73
# corresponding to MSA columns:
# 142-214
name=unknown_D
#
# <colnr> <probs for GDERKNQSTAVLIFYWHMCP>
#	G	D	E	R	K	N	Q	S	T	A	V	L	I	F	Y	W	H	M	C	P
0	0.08517	0.09038	0.02880	0.10254	0.09528	0.02063	0.12141	0.02182	0.01571	0.02342	0.01511	0.02137	0.01309	0.01921	0.13593	0.00478	0.16406	0.00749	0.00407	0.00975
1	0.20018	0.11631	0.08311	0.05161	0.14213	0.22872	0.01751	0.02749	0.01877	0.02608	0.01316	0.01598	0.01075	0.00789	0.00686	0.00233	0.01082	0.00557	0.00427	0.01049
2	0.02262	0.03331	0.32079	0.04913	0.03093	0.10981	0.02253	0.20228	0.02500	0.03335	0.05775	0.02100	0.01606	0.00920	0.00810	0.00253	0.01113	0.00706	0.00539	0.01204
3	0.07300	0.03335	0.17217	0.01993	0.02655	0.29692	0.01834	0.15737	0.02457	0.02981	0.01943	0.02080	0.05328	0.00947	0.00776	0.00240	0.01185	0.00673	0.00524	0.01100
4	0.02811	0.10883	0.02467	0.01920	0.02373	0.43372	0.01497	0.11598	0.02373	0.02446	0.01432	0.01707	0.01195	0.01268	0.04426	0.04842	0.01337	0.00586	0.00475	0.00991
5	0.01720	0.01419	0.01613	0.04167	0.01901	0.03879	0.01060	0.08175	0.07000	0.02696	0.06869	0.03139	0.02311	0.14230	0.12655	0.00496	0.00993	0.00839	0.00574	0.24264
6	0.01845	0.01316	0.01504	0.01321	0.01609	0.01425	0.00998	0.18981	0.06289	0.03163	0.09079	0.03730	0.02773	0.19424	0.14043	0.00586	0.00999	0.00985	0.09013	0.00917
7	0.01681	0.01678	0.01380	0.01310	0.01605	0.16747	0.00977	0.06454	0.02157	0.02525	0.11987	0.16523	0.28298	0.01762	0.00928	0.00270	0.00722	0.01463	0.00710	0.00823
8	0.04828	0.01234	0.01417	0.01300	0.01572	0.01314	0.00981	0.17539	0.02172	0.03073	0.06352	0.19031	0.05711	0.10056	0.12407	0.00511	0.00914	0.01271	0.07434	0.00886
9	0.14950	0.03198	0.30193	0.01935	0.02765	0.13971	0.02052	0.03035	0.04442	0.13335	0.01771	0.01872	0.01257	0.00852	0.00745	0.00253	0.01069	0.00622	0.00526	0.01158
10	0.01680	0.04199	0.63560	0.02422	0.03631	0.01938	0.05911	0.02632	0.01764	0.02632	0.01500	0.01777	0.01062	0.00785	0.00798	0.00264	0.01236	0.00631	0.00354	0.01223
11	0.01180	0.00791	0.01028	0.01127	0.01252	0.00724	0.00784	0.01379	0.01782	0.05723	0.14614	0.50756	0.11084	0.02329	0.01028	0.00316	0.00474	0.02088	0.00808	0.00734
12	0.09793	0.11429	0.04644	0.01450	0.01866	0.13264	0.01219	0.05749	0.01849	0.02430	0.02902	0.03220	0.13284	0.02627	0.20158	0.00556	0.01288	0.00859	0.00517	0.00896
13	0.02056	0.01974	0.03372	0.05099	0.65622	0.01974	0.02550	0.02550	0.01892	0.02714	0.01563	0.02056	0.01316	0.00740	0.00822	0.00247	0.00987	0.00740	0.00411	0.01316
14	0.01191	0.00872	0.01246	0.01246	0.01363	0.00990	0.00927	0.01426	0.01309	0.01862	0.02307	0.03716	0.02273	0.19685	0.54327	0.01225	0.01929	0.00956	0.00457	0.00692
15	0.14805	0.02529	0.04522	0.01680	0.02077	0.30471	0.01334	0.02622	0.01864	0.05696	0.01676	0.02184	0.01438	0.05563	0.17506	0.00533	0.01449	0.00661	0.00479	0.00910
16	0.02045	0.02352	0.16589	0.06459	0.02973	0.04394	0.11122	0.05612	0.19897	0.08308	0.02557	0.09620	0.02089	0.01100	0.00870	0.00277	0.00956	0.00979	0.00631	0.01171
17	0.01225	0.00878	0.01276	0.01276	0.01429	0.01010	0.00990	0.01532	0.01378	0.02053	0.02277	0.03246	0.02082	0.05671	0.60398	0.01214	0.02030	0.00878	0.08414	0.00745
18	0.02165	0.01937	0.03278	0.04862	0.61469	0.01925	0.02463	0.02648	0.01923	0.06866	0.01675	0.02107	0.01364	0.00759	0.00823	0.00247	0.00969	0.00746	0.00452	0.01322
19	0.02954	0.15383	0.02693	0.02018	0.02494	0.56582	0.01574	0.03177	0.02241	0.02020	0.01262	0.01470	0.01069	0.00831	0.00712	0.00208	0.01395	0.00520	0.00416	0.00981
20	0.02236	0.02009	0.06025	0.01721	0.02241	0.04705	0.01455	0.21779	0.25207	0.03734	0.07136	0.03710	0.05646	0.01263	0.00881	0.00277	0.00791	0.07199	0.00784	0.01202
21	0.01211	0.00959	0.01112	0.01168	0.01363	0.00947	0.00837	0.01797	0.13325	0.02483	0.09305	0.37626	0.20443	0.02142	0.00995	0.00307	0.00493	0.01885	0.00794	0.00808
22	0.01549	0.00774	0.00774	0.00774	0.00968	0.00774	0.00581	0.01936	0.01742	0.03097	0.02710	0.03097	0.02129	0.00968	0.00581	0.00194	0.00387	0.00774	0.75416	0.00774
23	0.01792	0.01517	0.01760	0.01263	0.01998	0.01178	0.01013	0.05016	0.01828	0.02829	0.01501	0.01736	0.01239	0.00634	0.00626	0.00129	0.00630	0.00504	0.00508	0.72298
24	0.01208	0.00805	0.00906	0.00906	0.00906	0.00805	0.00503	0.01208	0.01208	0.01611	0.02618	0.05436	0.03020	0.70804	0.04228	0.00805	0.00805	0.01208	0.00503	0.00503
25	0.01198	0.00844	0.01102	0.01102	0.01170	0.00912	0.00748	0.01334	0.01266	0.01756	0.02438	0.04443	0.02589	0.41274	0.33169	0.01048	0.01455	0.01063	0.00477	0.00612
26	0.37622	0.11349	0.02093	0.01530	0.02060	0.21431	0.01247	0.09126	0.01991	0.03161	0.01283	0.01460	0.01026	0.00812	0.00619	0.00233	0.00955	0.00506	0.00502	0.00994
27	0.01018	0.00805	0.00920	0.00995	0.01185	0.00708	0.00721	0.01221	0.01806	0.02257	0.09238	0.30103	0.38754	0.02273	0.01018	0.00305	0.00458	0.04741	0.00777	0.00698
28	0.01193	0.00865	0.01208	0.01208	0.01312	0.00969	0.00879	0.01402	0.01297	0.01834	0.02342	0.03909	0.02357	0.25425	0.48701	0.01178	0.01803	0.00985	0.00462	0.00671
29	0.01725	0.11419	0.59895	0.02267	0.03440	0.02074	0.02894	0.02616	0.01747	0.02559	0.01455	0.01709	0.01054	0.00781	0.00762	0.00254	0.01192	0.00596	0.00351	0.01211
30	0.01734	0.01419	0.01514	0.01388	0.01742	0.01544	0.01048	0.08322	0.32258	0.03031	0.04375	0.10687	0.16363	0.09245	0.01272	0.00342	0.00629	0.01263	0.00783	0.01040
31	0.01025	0.00728	0.00960	0.01141	0.01186	0.00683	0.00754	0.01160	0.01566	0.02088	0.04455	0.66156	0.05338	0.06923	0.01261	0.00367	0.00502	0.02289	0.00754	0.00664
32	0.02668	0.03108	0.02015	0.05866	0.02406	0.48822	0.01422	0.02941	0.02178	0.02273	0.01610	0.01893	0.01306	0.00879	0.00717	0.00213	0.01230	0.00600	0.16934	0.00919
33	0.01133	0.00774	0.00928	0.01002	0.01021	0.00755	0.00606	0.01188	0.01355	0.01806	0.03369	0.30284	0.03969	0.44662	0.03014	0.00626	0.00681	0.01650	0.00606	0.00569
34	0.06688	0.03425	0.45347	0.06322	0.03501	0.01854	0.09334	0.02622	0.01807	0.06074	0.04233	0.02052	0.01404	0.00831	0.00805	0.00265	0.01139	0.00700	0.00430	0.01167
35	0.06792	0.02070	0.02278	0.05791	0.11499	0.10340	0.01615	0.19012	0.05382	0.03270	0.05662	0.05351	0.05068	0.01154	0.01100	0.00270	0.10764	0.00868	0.00608	0.01105
36	0.01044	0.00836	0.00882	0.00875	0.01095	0.00729	0.00624	0.01235	0.01815	0.02242	0.13373	0.07330	0.47622	0.14813	0.01584	0.00376	0.00489	0.01625	0.00737	0.00673
37	0.01208	0.00805	0.00906	0.00906	0.00906	0.00805	0.00503	0.01208	0.01208	0.01611	0.02618	0.05436	0.03020	0.70804	0.04228	0.00805	0.00805	0.01208	0.00503	0.00503
38	0.02552	0.08144	0.26462	0.02111	0.02898	0.27096	0.02114	0.10084	0.02271	0.06505	0.01557	0.01722	0.01163	0.00849	0.00765	0.00237	0.01240	0.00602	0.00478	0.01149
39	0.03084	0.07016	0.02561	0.01955	0.02547	0.23417	0.01578	0.40125	0.03275	0.04011	0.01716	0.01795	0.01282	0.00935	0.00787	0.00234	0.01100	0.00661	0.00673	0.01248
40	0.01202	0.00826	0.01008	0.01004	0.01048	0.00853	0.00633	0.01288	0.01307	0.01786	0.06499	0.05032	0.03129	0.52973	0.17208	0.00881	0.01075	0.01160	0.00517	0.00571
41	0.02599	0.02266	0.03207	0.02770	0.12327	0.04731	0.17698	0.32505	0.02917	0.03925	0.01793	0.02034	0.01335	0.00855	0.00854	0.00249	0.01058	0.00785	0.00627	0.05464
42	0.02635	0.06932	0.02260	0.01782	0.02259	0.19249	0.01407	0.30433	0.02871	0.03532	0.02292	0.16045	0.02151	0.01276	0.00838	0.00254	0.00976	0.01008	0.00682	0.01118
43	0.01208	0.00805	0.00906	0.00906	0.00906	0.00805	0.00503	0.01208	0.01208	0.01611	0.02618	0.05436	0.03020	0.70804	0.04228	0.00805	0.00805	0.01208	0.00503	0.00503
44	0.01012	0.00723	0.00964	0.01157	0.01205	0.00675	0.00771	0.01157	0.01591	0.02121	0.04579	0.70262	0.05495	0.02603	0.01060	0.00337	0.00482	0.02362	0.00771	0.00675
45	0.07533	0.17215	0.02804	0.02032	0.06227	0.25830	0.01571	0.21534	0.02610	0.03160	0.01487	0.01642	0.01180	0.00857	0.00719	0.00222	0.01105	0.00589	0.00543	0.01142
46	0.01728	0.11777	0.59563	0.02262	0.03432	0.02081	0.02885	0.02615	0.01747	0.02555	0.01453	0.01707	0.01054	0.00780	0.00761	0.00254	0.01190	0.00595	0.00351	0.01210
47	0.00982	0.00842	0.00842	0.00842	0.01122	0.00701	0.00631	0.01192	0.01894	0.02244	0.08416	0.07995	0.65285	0.02104	0.00982	0.00281	0.00421	0.01753	0.00771	0.00701
48	0.02297	0.01940	0.01580	0.01396	0.01760	0.17818	0.01080	0.15121	0.05358	0.03297	0.02238	0.02469	0.01736	0.00954	0.00688	0.00215	0.00787	0.00717	0.37570	0.00981
49	0.01548	0.01438	0.01412	0.01372	0.01533	0.13308	0.01003	0.01752	0.01491	0.01865	0.02153	0.03506	0.02137	0.22171	0.38519	0.00988	0.01718	0.00908	0.00457	0.00720
50	0.01199	0.00807	0.00903	0.00903	0.00915	0.00801	0.00509	0.01207	0.01236	0.01637	0.02857	0.05542	0.05593	0.67966	0.04094	0.00784	0.00790	0.01231	0.00514	0.00512
51	0.01152	0.00857	0.01195	0.06830	0.01725	0.00854	0.01058	0.01402	0.01701	0.02232	0.04413	0.44588	0.07148	0.02348	0.01064	0.00343	0.00614	0.19016	0.00736	0.00722
52	0.01936	0.15567	0.22472	0.03095	0.19338	0.02196	0.15650	0.02567	0.01821	0.02537	0.01488	0.01859	0.01176	0.00735	0.00785	0.00241	0.01115	0.00690	0.00388	0.04343
53	0.01191	0.01093	0.00999	0.00975	0.01260	0.05146	0.00724	0.01503	0.05184	0.02260	0.07359	0.07168	0.54282	0.05808	0.01141	0.00306	0.00525	0.01600	0.00738	0.00740
54	0.01208	0.00805	0.00906	0.00906	0.00906	0.00805	0.00503	0.01208	0.01208	0.01611	0.02618	0.05436	0.03020	0.70804	0.04228	0.00805	0.00805	0.01208	0.00503	0.00503
55	0.01782	0.18258	0.53552	0.02171	0.03291	0.02212	0.02726	0.02601	0.01740	0.02490	0.01421	0.01666	0.01055	0.00773	0.00736	0.00245	0.01157	0.00579	0.00352	0.01194
56	0.01278	0.01089	0.01130	0.01077	0.01402	0.01064	0.00820	0.02060	0.18244	0.02633	0.10524	0.06603	0.45355	0.01823	0.00946	0.00280	0.00481	0.01525	0.00799	0.00867
57	0.01208	0.00805	0.00906	0.00906	0.00906	0.00805	0.00503	0.01208	0.01208	0.01611	0.02618	0.05436	0.03020	0.70804	0.04228	0.00805	0.00805	0.01208	0.00503	0.00503
58	0.02056	0.01974	0.03372	0.05099	0.65622	0.01974	0.02550	0.02550	0.01892	0.02714	0.01563	0.02056	0.01316	0.00740	0.00822	0.00247	0.00987	0.00740	0.00411	0.01316
59	0.02929	0.02983	0.02595	0.02604	0.14275	0.31144	0.01771	0.25348	0.02846	0.03352	0.01600	0.01787	0.01243	0.00887	0.00793	0.00233	0.01186	0.00652	0.00575	0.01196
60	0.42695	0.15267	0.19346	0.01496	0.02239	0.02146	0.01580	0.02501	0.01556	0.03104	0.01246	0.01455	0.00972	0.00765	0.00592	0.00244	0.00846	0.00493	0.00441	0.01019
61	0.01208	0.00805	0.00906	0.00906	0.00906	0.00805	0.00503	0.01208	0.01208	0.01611	0.02618	0.05436	0.03020	0.70804	0.04228	0.00805	0.00805	0.01208	0.00503	0.00503
62	0.01207	0.00908	0.01155	0.01258	0.01478	0.00856	0.01053	0.01536	0.01953	0.02499	0.12145	0.08594	0.24466	0.02170	0.01077	0.00337	0.00615	0.35162	0.00783	0.00747
63	0.02063	0.02083	0.03060	0.19123	0.45087	0.09256	0.02390	0.02539	0.01891	0.02505	0.01512	0.02030	0.01241	0.00773	0.00816	0.00250	0.01071	0.00717	0.00404	0.01188
64	0.01666	0.04297	0.66500	0.02368	0.03596	0.01929	0.03069	0.02631	0.01754	0.02631	0.01491	0.01754	0.01052	0.00789	0.00789	0.00263	0.01228	0.00614	0.00351	0.01228
65	0.01931	0.02153	0.04411	0.03226	0.03892	0.02193	0.49940	0.02523	0.01817	0.02523	0.01558	0.02153	0.01225	0.00857	0.01344	0.00297	0.15544	0.00928	0.00408	0.01076
66	0.02416	0.17144	0.02734	0.20591	0.03284	0.32540	0.01715	0.02744	0.01992	0.02093	0.01379	0.01741	0.01130	0.00824	0.00719	0.00223	0.01209	0.00584	0.03976	0.00964
67	0.01352	0.01117	0.01356	0.06933	0.04828	0.01103	0.01034	0.05405	0.06854	0.02766	0.18302	0.06174	0.33848	0.01714	0.00948	0.00277	0.00561	0.03808	0.00759	0.00859
68	0.01208	0.00805	0.00906	0.00906	0.00906	0.00805	0.00503	0.01208	0.01208	0.01611	0.02618	0.05436	0.03020	0.70804	0.04228	0.00805	0.00805	0.01208	0.00503	0.00503
69	0.22876	0.02612	0.01861	0.05237	0.02270	0.33638	0.01343	0.02673	0.01870	0.02484	0.01434	0.01823	0.01212	0.01829	0.13081	0.00437	0.01377	0.00588	0.00452	0.00902
70	0.22030	0.16782	0.02497	0.01840	0.06957	0.17832	0.01400	0.11953	0.02173	0.03087	0.05214	0.01828	0.01505	0.00867	0.00675	0.00229	0.00951	0.00601	0.00526	0.01054
71	0.01925	0.01920	0.11414	0.01785	0.02287	0.01654	0.03872	0.18524	0.09315	0.03301	0.03137	0.15747	0.03063	0.01586	0.00954	0.00306	0.00837	0.16586	0.00718	0.01067
72	0.02609	0.02907	0.09353	0.05077	0.14459	0.23082	0.01926	0.18075	0.08790	0.03173	0.01754	0.01941	0.01349	0.00889	0.00800	0.00243	0.01129	0.00683	0.00557	0.01203

[dist]
# distance from previous block
# <min> <max>
4	16

[block]
# block no. 4 follows, 22 sequences, length 45
# corresponding to MSA columns:
# 231-275
name=unknown_E
#
# <colnr> <probs for GDERKNQSTAVLIFYWHMCP>
#	G	D	E	R	K	N	Q	S	T	A	V	L	I	F	Y	W	H	M	C	P
0	0.05578	0.09785	0.02082	0.01702	0.05818	0.15559	0.01240	0.07746	0.01939	0.09782	0.01799	0.02301	0.01508	0.05325	0.04493	0.16322	0.00990	0.00692	0.04427	0.00914
1	0.14114	0.08851	0.15997	0.05117	0.12571	0.09297	0.01828	0.02405	0.01706	0.02570	0.01568	0.02001	0.01295	0.01718	0.12123	0.00427	0.01223	0.00642	0.03519	0.01028
2	0.17927	0.01891	0.09194	0.02000	0.05401	0.01733	0.11198	0.10122	0.01910	0.06321	0.01824	0.02284	0.01461	0.02386	0.20120	0.00573	0.01340	0.00752	0.00524	0.01037
3	0.01660	0.03463	0.46848	0.16424	0.03911	0.01970	0.02789	0.02463	0.01688	0.02463	0.01450	0.01858	0.01068	0.00861	0.00983	0.00276	0.07686	0.00651	0.00356	0.01133
4	0.01795	0.03357	0.39543	0.02744	0.12042	0.05276	0.10537	0.02549	0.01839	0.02595	0.01939	0.02228	0.05066	0.00848	0.00822	0.00256	0.01156	0.00741	0.00404	0.04264
5	0.02370	0.02407	0.03323	0.03904	0.36447	0.13402	0.11872	0.10791	0.02253	0.02926	0.01591	0.01981	0.01278	0.00788	0.00836	0.00247	0.01132	0.00744	0.00472	0.01237
6	0.08128	0.27906	0.06382	0.01812	0.06162	0.02527	0.01541	0.21530	0.02465	0.08246	0.04653	0.01954	0.01574	0.00882	0.00701	0.00225	0.00864	0.00647	0.00598	0.01200
7	0.02377	0.03548	0.22849	0.02984	0.19340	0.29716	0.02313	0.02901	0.02044	0.02399	0.01422	0.01724	0.01129	0.00805	0.00781	0.00238	0.01280	0.00613	0.00399	0.01139
8	0.01339	0.01151	0.01106	0.01146	0.01262	0.08334	0.00773	0.01467	0.01620	0.02004	0.06524	0.25257	0.11847	0.27485	0.02185	0.00488	0.00717	0.03999	0.00639	0.00656
9	0.02526	0.03359	0.23328	0.02148	0.02868	0.19825	0.02095	0.21248	0.02529	0.03208	0.01551	0.01765	0.01172	0.00936	0.00981	0.00255	0.07859	0.00645	0.00520	0.01182
10	0.01204	0.00823	0.00997	0.00997	0.01029	0.00855	0.00617	0.01267	0.01235	0.01678	0.02534	0.04975	0.02820	0.57091	0.17667	0.00918	0.01107	0.01141	0.00491	0.00554
11	0.01203	0.00826	0.01012	0.01012	0.01048	0.00863	0.00635	0.01276	0.01239	0.01689	0.02521	0.04901	0.02788	0.54887	0.19827	0.00936	0.01155	0.01130	0.00489	0.00562
12	0.02410	0.01708	0.01889	0.01647	0.02152	0.01892	0.01296	0.04339	0.51355	0.16444	0.03360	0.03043	0.02437	0.01107	0.00843	0.00277	0.00668	0.00918	0.00883	0.01335
13	0.03103	0.03959	0.02354	0.02140	0.02568	0.67469	0.01605	0.03317	0.02354	0.02033	0.01284	0.01498	0.01070	0.00856	0.00749	0.00214	0.01498	0.00535	0.00428	0.00963
14	0.01325	0.01132	0.01174	0.01113	0.01447	0.01125	0.00849	0.02201	0.21028	0.02679	0.09838	0.06398	0.43011	0.01783	0.00940	0.00280	0.00492	0.01490	0.00802	0.00894
15	0.01208	0.00805	0.00906	0.00906	0.00906	0.00805	0.00503	0.01208	0.01208	0.01611	0.02618	0.05436	0.03020	0.70804	0.04228	0.00805	0.00805	0.01208	0.00503	0.00503
16	0.01208	0.00805	0.00906	0.00906	0.00906	0.00805	0.00503	0.01208	0.01208	0.01611	0.02618	0.05436	0.03020	0.70804	0.04228	0.00805	0.00805	0.01208	0.00503	0.00503
17	0.01682	0.04188	0.63232	0.02428	0.03635	0.01938	0.06228	0.02632	0.01765	0.02632	0.01501	0.01780	0.01063	0.00785	0.00799	0.00264	0.01237	0.00633	0.00354	0.01222
18	0.00982	0.00842	0.00842	0.00842	0.01122	0.00701	0.00631	0.01192	0.01894	0.02244	0.08416	0.07995	0.65285	0.02104	0.00982	0.00281	0.00421	0.01753	0.00771	0.00701
19	0.00987	0.00821	0.00863	0.00897	0.01137	0.00697	0.00656	0.01186	0.01840	0.02222	0.07740	0.18953	0.54763	0.02192	0.00996	0.00291	0.00432	0.01860	0.00771	0.00697
20	0.01187	0.00890	0.01335	0.01335	0.01483	0.01038	0.01038	0.01483	0.01335	0.01928	0.02225	0.03264	0.02077	0.06231	0.67512	0.01335	0.02225	0.00890	0.00445	0.00742
21	0.02056	0.01974	0.03372	0.05099	0.65622	0.01974	0.02550	0.02550	0.01892	0.02714	0.01563	0.02056	0.01316	0.00740	0.00822	0.00247	0.00987	0.00740	0.00411	0.01316
22	0.02221	0.71304	0.04353	0.01421	0.02132	0.03287	0.01421	0.02488	0.01688	0.01955	0.01155	0.01333	0.01066	0.00711	0.00533	0.00178	0.00888	0.00444	0.00355	0.01066
23	0.01161	0.00813	0.00893	0.00893	0.00951	0.00784	0.00530	0.01205	0.01350	0.01742	0.03816	0.05965	0.15895	0.56599	0.03557	0.00697	0.00726	0.01321	0.00559	0.00544
24	0.01713	0.01477	0.01540	0.01414	0.01822	0.01621	0.01092	0.03364	0.43834	0.03074	0.05023	0.04695	0.22993	0.01446	0.00890	0.00281	0.00580	0.01205	0.00821	0.01115
25	0.02428	0.02046	0.02052	0.01745	0.02265	0.06235	0.01382	0.23223	0.37275	0.03893	0.03071	0.02904	0.05472	0.01121	0.00842	0.00267	0.00781	0.00896	0.00811	0.01292
26	0.01811	0.01823	0.02233	0.01962	0.02022	0.08554	0.01587	0.01996	0.01381	0.01961	0.01383	0.02275	0.01377	0.07807	0.11002	0.00511	0.48296	0.00769	0.00392	0.00859
27	0.01010	0.00730	0.00956	0.01137	0.01200	0.00676	0.00763	0.01159	0.01609	0.02128	0.04814	0.66441	0.09163	0.02572	0.01056	0.00334	0.00478	0.02324	0.00771	0.00676
28	0.02166	0.01965	0.03226	0.10187	0.03437	0.02015	0.26151	0.22016	0.02575	0.03435	0.05992	0.02943	0.07923	0.01006	0.00914	0.00269	0.01055	0.00981	0.00610	0.01133
29	0.02254	0.02191	0.03195	0.03550	0.29551	0.09600	0.14540	0.03113	0.14231	0.06347	0.02009	0.02278	0.01558	0.00838	0.00852	0.00257	0.01051	0.00810	0.00535	0.01240
30	0.01032	0.00849	0.00911	0.00911	0.01173	0.00728	0.00693	0.01280	0.01968	0.02431	0.17292	0.07781	0.52877	0.02049	0.00990	0.00283	0.00434	0.04805	0.00794	0.00718
31	0.01961	0.02241	0.04902	0.03501	0.04342	0.02101	0.62605	0.02661	0.01961	0.02661	0.01681	0.02241	0.01261	0.00700	0.00980	0.00280	0.01401	0.00980	0.00420	0.01120
32	0.05625	0.01562	0.02457	0.49577	0.12026	0.01852	0.02157	0.05950	0.01830	0.02491	0.01681	0.02577	0.01365	0.00917	0.00833	0.00277	0.01036	0.04362	0.00435	0.00988
33	0.01666	0.04297	0.66500	0.02368	0.03596	0.01929	0.03069	0.02631	0.01754	0.02631	0.01491	0.01754	0.01052	0.00789	0.00789	0.00263	0.01228	0.00614	0.00351	0.01228
34	0.01021	0.00805	0.00922	0.00973	0.01167	0.00705	0.00699	0.01238	0.01866	0.02369	0.15790	0.27675	0.37421	0.02202	0.01007	0.00296	0.00436	0.01910	0.00793	0.00705
35	0.01047	0.00879	0.00916	0.00930	0.01191	0.00775	0.00688	0.01369	0.05356	0.02297	0.07633	0.15831	0.53964	0.02114	0.00984	0.00288	0.00442	0.01787	0.00776	0.00732
36	0.02644	0.07461	0.02204	0.01872	0.02280	0.49447	0.01422	0.02939	0.04602	0.02114	0.02376	0.06179	0.08876	0.01102	0.00784	0.00229	0.01245	0.00790	0.00499	0.00936
37	0.02278	0.02395	0.03156	0.04471	0.52232	0.15883	0.02349	0.02713	0.01990	0.02569	0.01503	0.01938	0.01264	0.00765	0.00807	0.00240	0.01095	0.00697	0.00415	0.01241
38	0.01011	0.00801	0.00910	0.00971	0.01162	0.00700	0.00695	0.01215	0.01830	0.02303	0.12394	0.29671	0.38922	0.02241	0.01009	0.00299	0.00440	0.01943	0.00785	0.00700
39	0.01328	0.01162	0.02037	0.01743	0.02012	0.01139	0.16432	0.01634	0.01605	0.02193	0.05898	0.25455	0.03414	0.13726	0.15653	0.00606	0.01132	0.01475	0.00577	0.00780
40	0.01961	0.10369	0.18233	0.02133	0.08599	0.02015	0.01886	0.15046	0.02076	0.02887	0.01747	0.02205	0.01440	0.02354	0.19258	0.00549	0.04932	0.00717	0.00486	0.01106
41	0.05716	0.17213	0.02717	0.01753	0.02354	0.12950	0.01468	0.32747	0.05842	0.03791	0.01765	0.01847	0.01347	0.00910	0.00732	0.00228	0.00957	0.00648	0.03801	0.01215
42	0.02323	0.31617	0.21897	0.01913	0.02690	0.22072	0.01957	0.02777	0.01906	0.02175	0.01292	0.01505	0.01063	0.00777	0.00672	0.00213	0.01170	0.00521	0.00376	0.01082
43	0.02181	0.07000	0.40365	0.02327	0.08216	0.01913	0.02453	0.05452	0.05214	0.14162	0.01919	0.02029	0.01347	0.00850	0.00791	0.00256	0.01054	0.00677	0.00523	0.01272
44	0.01188	0.00885	0.01308	0.01308	0.01447	0.01024	0.01005	0.01466	0.01327	0.01909	0.02250	0.03399	0.02136	0.10256	0.63568	0.01302	0.02137	0.00910	0.00449	0.00727

[dist]
# distance from previous block
# <min> <max>
0	2

[block]
# block no. 5 follows, 22 sequences, length 74
# corresponding to MSA columns:
# 278-351
name=unknown_F
#
# <colnr> <probs for GDERKNQSTAVLIFYWHMCP>
#	G	D	E	R	K	N	Q	S	T	A	V	L	I	F	Y	W	H	M	C	P
0	0.01527	0.03428	0.48923	0.02080	0.03078	0.01663	0.05329	0.02311	0.01795	0.02546	0.03048	0.03172	0.15419	0.01079	0.00841	0.00268	0.01056	0.00886	0.00448	0.01105
1	0.01815	0.08165	0.17620	0.02382	0.14082	0.10142	0.01917	0.02291	0.01821	0.02355	0.02406	0.03703	0.04897	0.05146	0.06956	0.00392	0.01138	0.11282	0.00481	0.01010
2	0.01770	0.09758	0.43842	0.02810	0.16979	0.02006	0.02689	0.02532	0.01785	0.02569	0.01802	0.02076	0.04137	0.00833	0.00782	0.00252	0.01106	0.00680	0.00384	0.01208
3	0.02651	0.02604	0.02152	0.01959	0.05151	0.27778	0.01464	0.22065	0.02628	0.03178	0.01793	0.02087	0.01435	0.01690	0.10498	0.00388	0.01291	0.00687	0.07424	0.01075
4	0.01220	0.00819	0.00946	0.00963	0.00981	0.00819	0.00580	0.01255	0.01273	0.01691	0.02781	0.05797	0.03181	0.64533	0.03946	0.00767	0.00802	0.06593	0.00527	0.00527
5	0.01187	0.00890	0.01335	0.01335	0.01483	0.01038	0.01038	0.01483	0.01335	0.01928	0.02225	0.03264	0.02077	0.06231	0.67512	0.01335	0.02225	0.00890	0.00445	0.00742
6	0.02299	0.03465	0.23492	0.02992	0.16761	0.25590	0.08398	0.02864	0.02021	0.02436	0.01451	0.01776	0.01137	0.00794	0.00801	0.00244	0.01290	0.00650	0.00399	0.01141
7	0.02313	0.02537	0.02211	0.02458	0.15902	0.28635	0.01574	0.05886	0.08664	0.02537	0.02961	0.06154	0.12358	0.01160	0.00833	0.00247	0.01039	0.00925	0.00563	0.01042
8	0.01208	0.00805	0.00906	0.00906	0.00906	0.00805	0.00503	0.01208	0.01208	0.01611	0.02618	0.05436	0.03020	0.70804	0.04228	0.00805	0.00805	0.01208	0.00503	0.00503
9	0.01883	0.01368	0.01597	0.01420	0.01706	0.01483	0.01070	0.23923	0.02302	0.03112	0.02677	0.16120	0.02693	0.17625	0.16516	0.00630	0.01101	0.01189	0.00662	0.00924
10	0.01800	0.02218	0.10844	0.01779	0.04452	0.16082	0.03622	0.05016	0.01986	0.02415	0.06385	0.13787	0.16112	0.05066	0.01155	0.00299	0.04282	0.01208	0.00585	0.00906
11	0.01207	0.00810	0.00927	0.00927	0.00935	0.00817	0.00530	0.01222	0.01214	0.01627	0.02598	0.05328	0.02973	0.67587	0.07382	0.00832	0.00876	0.01192	0.00500	0.00515
12	0.01206	0.00814	0.00949	0.00949	0.00964	0.00829	0.00557	0.01236	0.01221	0.01643	0.02578	0.05219	0.02926	0.64330	0.10574	0.00859	0.00948	0.01176	0.00498	0.00527
13	0.02014	0.02169	0.02023	0.01873	0.02077	0.22567	0.01502	0.02259	0.01767	0.02098	0.02229	0.03547	0.04726	0.02115	0.10842	0.00452	0.23023	0.11364	0.00485	0.00868
