[name]
unknown

[dist]
# distance from previous block
# <min> <max>
0	0

[block]
# block no. 0 follows, 22 sequences, length 66
# corresponding to MSA columns:
# 0-65
name=unknown_A
#
# <colnr> <probs for GDERKNQSTAVLIFYWHMCP>
#	G	D	E	R	K	N	Q	S	T	A	V	L	I	F	Y	W	H	M	C	P
0	0.01339	0.00956	0.01339	0.01530	0.01721	0.00956	0.01339	0.01721	0.01912	0.02486	0.04399	0.09371	0.04781	0.02295	0.01147	0.00382	0.00765	0.60031	0.00765	0.00765
1	0.01314	0.01078	0.01580	0.01506	0.01624	0.01343	0.01196	0.01588	0.01322	0.01943	0.01996	0.02971	0.01878	0.05265	0.54419	0.01139	0.15778	0.00857	0.00429	0.00775
2	0.01581	0.01278	0.01290	0.01234	0.01383	0.08931	0.00910	0.01817	0.01544	0.02225	0.02254	0.03381	0.02107	0.18419	0.19532	0.00656	0.06851	0.00872	0.22995	0.00737
3	0.01012	0.00723	0.00964	0.01157	0.01205	0.00675	0.00771	0.01157	0.01591	0.02121	0.04579	0.70262	0.05495	0.02603	0.01060	0.00337	0.00482	0.02362	0.00771	0.00675
4	0.01028	0.00734	0.00982	0.01175	0.01230	0.00688	0.00798	0.01184	0.01606	0.02138	0.04570	0.67351	0.05460	0.02588	0.01065	0.00340	0.00496	0.05119	0.00771	0.00679
5	0.01964	0.01880	0.03205	0.17152	0.54290	0.01950	0.02504	0.02469	0.01848	0.02602	0.01546	0.02086	0.01276	0.00757	0.00824	0.00252	0.01010	0.00740	0.00403	0.01242
6	0.02863	0.03504	0.02588	0.02819	0.17028	0.52449	0.01822	0.03141	0.02248	0.02189	0.01348	0.01626	0.01126	0.00829	0.00766	0.00222	0.01381	0.00582	0.00424	0.01044
7	0.02849	0.01610	0.01902	0.01590	0.02142	0.01668	0.01271	0.04242	0.35034	0.33023	0.03332	0.02971	0.02310	0.01081	0.00841	0.00270	0.00681	0.00890	0.00931	0.01361
8	0.01012	0.00723	0.00964	0.01157	0.01205	0.00675	0.00771	0.01157	0.01591	0.02121	0.04579	0.70262	0.05495	0.02603	0.01060	0.00337	0.00482	0.02362	0.00771	0.00675
9	0.03103	0.03959	0.02354	0.02140	0.02568	0.67469	0.01605	0.03317	0.02354	0.02033	0.01284	0.01498	0.01070	0.00856	0.00749	0.00214	0.01498	0.00535	0.00428	0.00963
10	0.01208	0.00805	0.00906	0.00906	0.00906	0.00805	0.00503	0.01208	0.01208	0.01611	0.02618	0.05436	0.03020	0.70804	0.04228	0.00805	0.00805	0.01208	0.00503	0.00503
11	0.02221	0.71304	0.04353	0.01421	0.02132	0.03287	0.01421	0.02488	0.01688	0.01955	0.01155	0.01333	0.01066	0.00711	0.00533	0.00178	0.00888	0.00444	0.00355	0.01066
12	0.02843	0.03152	0.02642	0.02862	0.18841	0.38844	0.01844	0.13875	0.02515	0.02787	0.01484	0.01732	0.01195	0.00852	0.00783	0.00229	0.01261	0.00626	0.00497	0.01135
13	0.01208	0.00805	0.00906	0.00906	0.00906	0.00805	0.00503	0.01208	0.01208	0.01611	0.02618	0.05436	0.03020	0.70804	0.04228	0.00805	0.00805	0.01208	0.00503	0.00503
14	0.02056	0.01974	0.03372	0.05099	0.65622	0.01974	0.02550	0.02550	0.01892	0.02714	0.01563	0.02056	0.01316	0.00740	0.00822	0.00247	0.00987	0.00740	0.00411	0.01316
15	0.06875	0.18705	0.02745	0.01911	0.02420	0.45916	0.01525	0.06530	0.02245	0.02292	0.01290	0.01482	0.01080	0.00827	0.00693	0.00210	0.01283	0.00523	0.00440	0.01009
16	0.00982	0.00842	0.00842	0.00842	0.01122	0.00701	0.00631	0.01192	0.01894	0.02244	0.08416	0.07995	0.65285	0.02104	0.00982	0.00281	0.00421	0.01753	0.00771	0.00701
17	0.02015	0.01932	0.03299	0.10410	0.60628	0.01963	0.02529	0.02514	0.01872	0.02665	0.01555	0.02069	0.01299	0.00748	0.00823	0.00249	0.00997	0.00740	0.00408	0.01283
18	0.01003	0.00759	0.00927	0.01062	0.01180	0.00683	0.00729	0.01167	0.01682	0.02158	0.05733	0.51537	0.23475	0.02453	0.01037	0.00320	0.00464	0.02179	0.00771	0.00683
19	0.02221	0.71304	0.04353	0.01421	0.02132	0.03287	0.01421	0.02488	0.01688	0.01955	0.01155	0.01333	0.01066	0.00711	0.00533	0.00178	0.00888	0.00444	0.00355	0.01066
20	0.01012	0.00723	0.00964	0.01157	0.01205	0.00675	0.00771	0.01157	0.01591	0.02121	0.04579	0.70262	0.05495	0.02603	0.01060	0.00337	0.00482	0.02362	0.00771	0.00675
21	0.18347	0.01017	0.00939	0.00907	0.01238	0.00971	0.00699	0.01494	0.01802	0.02628	0.09007	0.06400	0.48237	0.01782	0.00874	0.00274	0.00471	0.01444	0.00718	0.00750
22	0.02906	0.19267	0.02824	0.01956	0.02469	0.47341	0.01561	0.08090	0.02331	0.02282	0.01314	0.01502	0.01098	0.00835	0.00706	0.00209	0.01310	0.00532	0.00445	0.01024
23	0.02056	0.01974	0.03372	0.05099	0.65622	0.01974	0.02550	0.02550	0.01892	0.02714	0.01563	0.02056	0.01316	0.00740	0.00822	0.00247	0.00987	0.00740	0.00411	0.01316
24	0.01095	0.00846	0.00998	0.00960	0.01191	0.00749	0.00720	0.01411	0.02160	0.02877	0.41445	0.06954	0.31861	0.01868	0.00981	0.00269	0.00404	0.01607	0.00855	0.00749
25	0.02366	0.03382	0.19866	0.03196	0.24047	0.27902	0.02315	0.02875	0.02038	0.02422	0.01433	0.01754	0.01148	0.00799	0.00784	0.00238	0.01254	0.00625	0.00402	0.01153
26	0.02874	0.01652	0.01938	0.01609	0.02168	0.01721	0.01289	0.07820	0.32916	0.31547	0.03250	0.02911	0.02254	0.01075	0.00840	0.00269	0.00695	0.00881	0.00926	0.01365
27	0.02754	0.02111	0.02194	0.01748	0.02333	0.05490	0.01405	0.38012	0.14171	0.07191	0.02259	0.02382	0.01704	0.05021	0.01008	0.00275	0.00857	0.00781	0.00775	0.07528
28	0.02221	0.71304	0.04353	0.01421	0.02132	0.03287	0.01421	0.02488	0.01688	0.01955	0.01155	0.01333	0.01066	0.00711	0.00533	0.00178	0.00888	0.00444	0.00355	0.01066
29	0.02234	0.02310	0.01945	0.07534	0.02393	0.24537	0.01395	0.05397	0.12492	0.05202	0.03380	0.03417	0.16048	0.01248	0.00997	0.00262	0.06670	0.00937	0.00609	0.00993
30	0.02016	0.01515	0.01599	0.01451	0.01792	0.05457	0.01093	0.13406	0.15325	0.08744	0.06240	0.21712	0.06909	0.07371	0.01190	0.00327	0.00699	0.01353	0.00784	0.01019
31	0.02191	0.36917	0.03014	0.01469	0.01948	0.14241	0.01296	0.02468	0.01785	0.02235	0.01529	0.01809	0.01313	0.00861	0.00774	0.00204	0.06835	0.00561	0.17583	0.00967
32	0.03010	0.02090	0.02295	0.01787	0.02396	0.02285	0.01469	0.51347	0.03520	0.10016	0.02149	0.02193	0.01541	0.01318	0.04892	0.00314	0.00952	0.00765	0.04320	0.01342
33	0.01648	0.01541	0.02111	0.01848	0.01855	0.02074	0.01479	0.01793	0.01261	0.01907	0.01495	0.02717	0.01580	0.17586	0.06168	0.00511	0.50374	0.00845	0.00399	0.00808
34	0.01666	0.04297	0.66500	0.02368	0.03596	0.01929	0.03069	0.02631	0.01754	0.02631	0.01491	0.01754	0.01052	0.00789	0.00789	0.00263	0.01228	0.00614	0.00351	0.01228
35	0.01666	0.04297	0.66500	0.02368	0.03596	0.01929	0.03069	0.02631	0.01754	0.02631	0.01491	0.01754	0.01052	0.00789	0.00789	0.00263	0.01228	0.00614	0.00351	0.01228
36	0.03103	0.03959	0.02354	0.02140	0.02568	0.67469	0.01605	0.03317	0.02354	0.02033	0.01284	0.01498	0.01070	0.00856	0.00749	0.00214	0.01498	0.00535	0.00428	0.00963
37	0.05362	0.03912	0.57637	0.02228	0.03370	0.01863	0.02802	0.02750	0.01794	0.08400	0.01636	0.01832	0.01136	0.00810	0.00781	0.00262	0.01154	0.00626	0.00419	0.01229
38	0.01176	0.00849	0.01110	0.01045	0.01241	0.00784	0.00784	0.01568	0.02352	0.03331	0.65184	0.06206	0.07839	0.01698	0.00980	0.00261	0.00392	0.01502	0.00914	0.00784
39	0.01183	0.00795	0.00914	0.00939	0.00945	0.00788	0.00538	0.01201	0.01258	0.01677	0.02873	0.13875	0.03342	0.61927	0.03816	0.00744	0.00763	0.01358	0.00538	0.00526
40	0.03103	0.03959	0.02354	0.02140	0.02568	0.67469	0.01605	0.03317	0.02354	0.02033	0.01284	0.01498	0.01070	0.00856	0.00749	0.00214	0.01498	0.00535	0.00428	0.00963
41	0.01158	0.00784	0.00921	0.00971	0.00983	0.00772	0.00572	0.01195	0.01307	0.01742	0.03124	0.22165	0.03659	0.53204	0.03411	0.00685	0.00722	0.01506	0.00572	0.00548
42	0.01012	0.00723	0.00964	0.01157	0.01205	0.00675	0.00771	0.01157	0.01591	0.02121	0.04579	0.70262	0.05495	0.02603	0.01060	0.00337	0.00482	0.02362	0.00771	0.00675
43	0.02026	0.01943	0.03318	0.08990	0.61964	0.01966	0.02535	0.02523	0.01878	0.02678	0.01557	0.02066	0.01303	0.00746	0.00823	0.00249	0.00994	0.00740	0.00409	0.01292
44	0.01984	0.55156	0.03661	0.01402	0.01983	0.02771	0.01334	0.02257	0.01607	0.01949	0.01400	0.01775	0.01298	0.01977	0.15893	0.00443	0.01195	0.00546	0.00376	0.00992
45	0.02015	0.01932	0.03299	0.10410	0.60628	0.01963	0.02529	0.02514	0.01872	0.02665	0.01555	0.02069	0.01299	0.00748	0.00823	0.00249	0.00997	0.00740	0.00408	0.01283
46	0.01736	0.06879	0.56342	0.02652	0.10909	0.01993	0.02937	0.02615	0.01767	0.02612	0.01485	0.01772	0.01084	0.00780	0.00782	0.00258	0.01185	0.00622	0.00358	0.01231
47	0.01614	0.01158	0.01324	0.01232	0.01443	0.01192	0.00889	0.15404	0.02087	0.02780	0.08559	0.15882	0.08006	0.27782	0.02195	0.00486	0.00712	0.05762	0.00696	0.00797
48	0.02033	0.01444	0.01595	0.01388	0.01739	0.01548	0.01038	0.13616	0.21579	0.08610	0.06957	0.04052	0.06391	0.22140	0.01875	0.00430	0.00723	0.01058	0.00756	0.01029
49	0.03209	0.02036	0.02274	0.01753	0.02389	0.02169	0.01445	0.46072	0.03440	0.19318	0.02329	0.02244	0.01599	0.01003	0.00819	0.00248	0.00839	0.00770	0.04662	0.01381
50	0.02035	0.14123	0.42230	0.02106	0.03114	0.02259	0.02460	0.13270	0.05482	0.03029	0.01629	0.01804	0.01198	0.00832	0.00760	0.00249	0.01090	0.00629	0.00462	0.01240
51	0.29233	0.02766	0.25427	0.02518	0.17049	0.04711	0.02095	0.02572	0.01687	0.03025	0.01376	0.01664	0.01058	0.00774	0.00695	0.00255	0.00970	0.00580	0.00428	0.01117
52	0.01069	0.04031	0.01123	0.01169	0.01248	0.00797	0.00802	0.01219	0.01595	0.02113	0.04418	0.67032	0.05287	0.02514	0.01036	0.00330	0.00501	0.02272	0.00752	0.00693
53	0.02099	0.14527	0.08326	0.02809	0.18978	0.13874	0.09722	0.02539	0.01863	0.02371	0.01591	0.02027	0.01333	0.01420	0.08694	0.00361	0.01250	0.00692	0.04446	0.01078
54	0.01363	0.01040	0.01423	0.01789	0.12669	0.01023	0.01035	0.03925	0.01664	0.02284	0.03527	0.31881	0.06798	0.19376	0.01780	0.00425	0.00663	0.01593	0.04960	0.00782
55	0.09542	0.02639	0.02351	0.01893	0.02490	0.17396	0.01526	0.43943	0.03333	0.04370	0.01759	0.01825	0.01290	0.00945	0.00785	0.00242	0.01024	0.00673	0.00711	0.01265
56	0.02200	0.01752	0.02483	0.22671	0.18586	0.01920	0.01913	0.13949	0.10099	0.08599	0.02393	0.02635	0.05190	0.00968	0.00840	0.00264	0.00911	0.00833	0.00606	0.01189
57	0.01925	0.01971	0.02826	0.12108	0.03177	0.07432	0.15239	0.02519	0.07549	0.02443	0.01585	0.02046	0.01292	0.00951	0.01306	0.00265	0.18662	0.00744	0.00452	0.15508
58	0.02264	0.06322	0.06096	0.25397	0.03557	0.27157	0.01833	0.05428	0.01983	0.02187	0.01407	0.01886	0.01137	0.01053	0.01031	0.08082	0.01204	0.00636	0.00411	0.00929
59	0.03019	0.10470	0.02556	0.02060	0.02526	0.58402	0.01586	0.05801	0.02356	0.02163	0.01302	0.01503	0.01084	0.00848	0.00731	0.00212	0.01413	0.00535	0.00438	0.00993
60	0.01878	0.01542	0.01535	0.01449	0.01722	0.09145	0.01081	0.17688	0.02288	0.02999	0.03226	0.34958	0.03432	0.02033	0.04504	0.00341	0.00802	0.01509	0.06951	0.00915
61	0.01737	0.03877	0.55095	0.02861	0.14801	0.01937	0.02975	0.02616	0.01779	0.02646	0.01504	0.01809	0.01100	0.00780	0.00795	0.00260	0.01184	0.00637	0.00362	0.01244
62	0.02558	0.02438	0.01870	0.01638	0.02053	0.26840	0.01266	0.16650	0.07900	0.03213	0.02058	0.02232	0.01595	0.00946	0.00726	0.00222	0.00957	0.00691	0.23107	0.01040
63	0.01793	0.01523	0.01630	0.01485	0.01889	0.01699	0.01147	0.03573	0.46875	0.03294	0.13188	0.04197	0.11489	0.01339	0.00883	0.00279	0.00587	0.01129	0.00846	0.01156
64	0.01732	0.01243	0.01423	0.01299	0.01535	0.01296	0.00938	0.19770	0.02260	0.03044	0.09945	0.23886	0.03811	0.21750	0.01899	0.00438	0.00696	0.01448	0.00728	0.00859
65	0.03067	0.02282	0.02442	0.01893	0.02542	0.02534	0.01557	0.57980	0.08926	0.05089	0.02110	0.02087	0.01506	0.01008	0.00832	0.00252	0.00893	0.00764	0.00832	0.01405

[dist]
# distance from previous block
# <min> <max>
0	1

[block]
# block no. 1 follows, 22 sequences, length 32
# corresponding to MSA columns:
# 67-98
name=unknown_B
#
# <colnr> <probs for GDERKNQSTAVLIFYWHMCP>
#	G	D	E	R	K	N	Q	S	T	A	V	L	I	F	Y	W	H	M	C	P
0	0.01195	0.00861	0.01142	0.01135	0.01323	0.00808	0.00880	0.01572	0.02234	0.03119	0.51340	0.10221	0.07180	0.01851	0.01013	0.00286	0.00462	0.11721	0.00881	0.00775
1	0.01903	0.02796	0.24048	0.03757	0.27843	0.01997	0.20262	0.02608	0.01868	0.02672	0.01574	0.02013	0.01215	0.00744	0.00858	0.00262	0.01185	0.00770	0.00394	0.01231
2	0.02091	0.02062	0.03411	0.04907	0.60147	0.04438	0.05561	0.02584	0.01912	0.02686	0.01558	0.02045	0.01304	0.00743	0.00828	0.00247	0.01027	0.00745	0.00412	0.01293
3	0.01906	0.02865	0.27597	0.04051	0.41820	0.01957	0.02749	0.02581	0.01839	0.02682	0.01535	0.01940	0.01215	0.00759	0.00810	0.00253	0.01079	0.00692	0.00388	0.01282
4	0.01012	0.00723	0.00964	0.01157	0.01205	0.00675	0.00771	0.01157	0.01591	0.02121	0.04579	0.70262	0.05495	0.02603	0.01060	0.00337	0.00482	0.02362	0.00771	0.00675
5	0.09006	0.02023	0.06312	0.08988	0.52326	0.01952	0.02404	0.02514	0.01824	0.02764	0.01515	0.01985	0.01249	0.00752	0.00792	0.00251	0.00975	0.00706	0.00415	0.01245
6	0.01788	0.05010	0.02494	0.16772	0.02915	0.05578	0.01823	0.02068	0.01438	0.02019	0.01295	0.02002	0.01185	0.01700	0.08186	0.00419	0.41305	0.00722	0.00375	0.00906
7	0.00982	0.00842	0.00842	0.00842	0.01122	0.00701	0.00631	0.01192	0.01894	0.02244	0.08416	0.07995	0.65285	0.02104	0.00982	0.00281	0.00421	0.01753	0.00771	0.00701
8	0.03103	0.03959	0.02354	0.02140	0.02568	0.67469	0.01605	0.03317	0.02354	0.02033	0.01284	0.01498	0.01070	0.00856	0.00749	0.00214	0.01498	0.00535	0.00428	0.00963
9	0.02778	0.02799	0.02294	0.02083	0.05838	0.28622	0.01548	0.22426	0.13199	0.03350	0.02254	0.02298	0.04807	0.01006	0.00808	0.00242	0.01085	0.00746	0.00645	0.01172
10	0.01012	0.00723	0.00964	0.01157	0.01205	0.00675	0.00771	0.01157	0.01591	0.02121	0.04579	0.70262	0.05495	0.02603	0.01060	0.00337	0.00482	0.02362	0.00771	0.00675
11	0.02012	0.02076	0.06745	0.07988	0.59411	0.01965	0.02566	0.02534	0.01873	0.02681	0.01555	0.02047	0.01292	0.00747	0.00821	0.00249	0.01006	0.00733	0.00406	0.01292
12	0.01575	0.01280	0.01955	0.22580	0.13814	0.01450	0.01600	0.01939	0.01646	0.02397	0.02233	0.13452	0.02098	0.01286	0.01094	0.03801	0.06892	0.01009	0.17008	0.00890
13	0.01373	0.01162	0.01680	0.01569	0.01676	0.01469	0.01254	0.01641	0.01375	0.02030	0.05503	0.03005	0.02116	0.04557	0.44528	0.00986	0.21958	0.00877	0.00448	0.00794
14	0.01031	0.00731	0.00959	0.01133	0.01177	0.00687	0.00746	0.01162	0.01555	0.02073	0.04395	0.64178	0.05262	0.09004	0.01358	0.00381	0.00512	0.02253	0.00746	0.00659
15	0.03037	0.03638	0.02440	0.02319	0.06928	0.55610	0.01667	0.09990	0.02498	0.02442	0.01384	0.01593	0.01126	0.00864	0.00763	0.00220	0.01397	0.00573	0.00472	0.01038
16	0.02247	0.32200	0.21033	0.01810	0.02634	0.02654	0.01903	0.15181	0.07737	0.02957	0.01621	0.01744	0.01265	0.00829	0.00694	0.00226	0.00968	0.00598	0.00496	0.01205
17	0.00982	0.00842	0.00842	0.00842	0.01122	0.00701	0.00631	0.01192	0.01894	0.02244	0.08416	0.07995	0.65285	0.02104	0.00982	0.00281	0.00421	0.01753	0.00771	0.00701
18	0.01843	0.01613	0.01917	0.02093	0.12304	0.01762	0.01400	0.03425	0.40243	0.03091	0.03999	0.04078	0.13219	0.01289	0.00880	0.00281	0.00676	0.03947	0.00758	0.01183
19	0.03043	0.03845	0.02413	0.02310	0.06187	0.63710	0.01659	0.03273	0.02328	0.02072	0.01300	0.01530	0.01084	0.00849	0.00753	0.00216	0.01469	0.00547	0.00427	0.00983
20	0.01082	0.00782	0.00925	0.00998	0.01085	0.00731	0.00649	0.01201	0.01556	0.02025	0.07527	0.31588	0.17243	0.26297	0.02148	0.00486	0.00578	0.01791	0.00684	0.00626
21	0.09096	0.01753	0.02404	0.40810	0.06539	0.02064	0.01973	0.19772	0.02297	0.03196	0.01600	0.02064	0.01184	0.00870	0.00801	0.00266	0.01004	0.00714	0.00518	0.01077
22	0.01686	0.16928	0.03048	0.04898	0.02576	0.02004	0.16744	0.02058	0.01667	0.02189	0.02662	0.03093	0.11763	0.02009	0.12695	0.00453	0.11213	0.00925	0.00457	0.00935
23	0.02184	0.24157	0.02663	0.01668	0.02054	0.24183	0.01361	0.02405	0.01880	0.02080	0.04698	0.15803	0.02276	0.01265	0.00951	0.00245	0.07770	0.00943	0.00490	0.00923
24	0.01823	0.18881	0.47148	0.02403	0.08808	0.02233	0.02659	0.02592	0.01752	0.02489	0.01423	0.01688	0.01079	0.00768	0.00736	0.00243	0.01131	0.00588	0.00357	0.01200
25	0.01942	0.02043	0.07604	0.04446	0.52079	0.01866	0.05569	0.02469	0.01929	0.02763	0.07535	0.02434	0.01907	0.00831	0.00843	0.00251	0.00969	0.00816	0.00455	0.01250
26	0.01903	0.01438	0.01706	0.01614	0.07735	0.01370	0.01130	0.12015	0.06399	0.03216	0.02288	0.08356	0.01965	0.00990	0.00717	0.00203	0.00632	0.00826	0.19473	0.26023
27	0.08532	0.10822	0.02635	0.19191	0.13385	0.02109	0.01775	0.15712	0.02188	0.06679	0.01707	0.02082	0.01328	0.01330	0.06773	0.00345	0.01055	0.00697	0.00533	0.01124
28	0.01489	0.01079	0.01304	0.01324	0.01510	0.01097	0.00951	0.14863	0.02105	0.02813	0.04005	0.55096	0.04588	0.02246	0.01009	0.00318	0.00578	0.02003	0.00784	0.00839
29	0.15259	0.08273	0.01914	0.01529	0.01825	0.12906	0.01234	0.02151	0.01564	0.02330	0.01637	0.02233	0.01466	0.02946	0.26199	0.00662	0.10797	0.00682	0.03529	0.00862
30	0.02276	0.01798	0.02971	0.07359	0.48665	0.01780	0.02223	0.02738	0.01986	0.13613	0.04976	0.02400	0.01753	0.00841	0.00833	0.00251	0.00915	0.00794	0.00540	0.01288
31	0.02405	0.09424	0.15154	0.05081	0.02750	0.08406	0.01810	0.23510	0.13796	0.03512	0.02230	0.02287	0.04036	0.00975	0.00795	0.00250	0.00972	0.00746	0.00630	0.01230

[dist]
# distance from previous block
# <min> <max>
2	4

[block]
# block no. 2 follows, 22 sequences, length 7
# corresponding to MSA columns:
# 103-109
name=unknown_C
#
# <colnr> <probs for GDERKNQSTAVLIFYWHMCP>
#	G	D	E	R	K	N	Q	S	T	A	V	L	I	F	Y	W	H	M	C	P
0	0.02324	0.02531	0.02955	0.11556	0.39152	0.22252	0.02229	0.02738	0.02008	0.02435	0.01466	0.01902	0.01216	0.00787	0.00801	0.00240	0.01159	0.00676	0.00412	0.01161
1	0.02306	0.02002	0.01777	0.01584	0.02031	0.15570	0.01225	0.03476	0.29499	0.11944	0.03941	0.03712	0.14872	0.01253	0.00851	0.00264	0.00795	0.01003	0.00768	0.01130
2	0.01657	0.01017	0.01231	0.01139	0.01447	0.00938	0.00866	0.02115	0.07478	0.14797	0.22311	0.15046	0.23156	0.01773	0.00953	0.00279	0.00496	0.01525	0.00867	0.00909
3	0.05664	0.02166	0.05262	0.06312	0.02570	0.10890	0.05600	0.10981	0.01974	0.02721	0.01890	0.02278	0.05368	0.01143	0.01469	0.00284	0.24988	0.00762	0.03468	0.04211
4	0.06272	0.03215	0.39241	0.14936	0.10986	0.01957	0.02641	0.06417	0.01872	0.02780	0.01509	0.01866	0.01107	0.00804	0.00787	0.00263	0.01122	0.00651	0.00402	0.01174
5	0.14780	0.01829	0.09492	0.28764	0.15197	0.01733	0.01973	0.02194	0.01701	0.02587	0.02343	0.02735	0.09471	0.00965	0.00789	0.00267	0.00928	0.00806	0.00453	0.00997
6	0.02201	0.08369	0.02238	0.02090	0.10360	0.23039	0.01445	0.03016	0.18386	0.02536	0.03262	0.03254	0.14102	0.01145	0.00811	0.00246	0.00946	0.00899	0.00597	0.01059

[dist]
# distance from previous block
# <min> <max>
18	31

[block]
# block no. 3 follows, 22 sequences, length 7
# corresponding to MSA columns:
# 141-147
name=unknown_D
#
# <colnr> <probs for GDERKNQSTAVLIFYWHMCP>
#	G	D	E	R	K	N	Q	S	T	A	V	L	I	F	Y	W	H	M	C	P
0	0.16975	0.01132	0.01224	0.01158	0.01412	0.01179	0.00856	0.08271	0.02006	0.03122	0.23064	0.19638	0.04554	0.10280	0.01292	0.00345	0.00573	0.01367	0.00738	0.00816
1	0.01813	0.01707	0.01989	0.02272	0.17975	0.09859	0.01375	0.02130	0.01834	0.02478	0.08774	0.03374	0.02476	0.13606	0.01410	0.00320	0.00843	0.04190	0.00527	0.21050
2	0.01864	0.02027	0.02550	0.02144	0.02493	0.16940	0.17418	0.02189	0.01806	0.02211	0.02420	0.22201	0.02517	0.01866	0.06891	0.00382	0.09419	0.01246	0.00521	0.00894
3	0.02030	0.09455	0.10744	0.02541	0.19301	0.01783	0.01790	0.02709	0.09611	0.10375	0.02257	0.02941	0.01897	0.06116	0.09169	0.00424	0.01058	0.04105	0.00558	0.01136
4	0.38577	0.01705	0.01993	0.10610	0.17659	0.01917	0.01534	0.02711	0.10544	0.03246	0.01613	0.01879	0.01261	0.00822	0.00676	0.00261	0.00786	0.00626	0.00519	0.01063
5	0.02212	0.10400	0.14892	0.11385	0.23280	0.19096	0.02248	0.02704	0.01935	0.02365	0.01422	0.01796	0.01150	0.00788	0.00767	0.00238	0.01169	0.00631	0.00393	0.01132
6	0.01619	0.01887	0.06673	0.01411	0.01783	0.16748	0.01198	0.01934	0.02025	0.02339	0.09109	0.06067	0.30270	0.01707	0.00940	0.00280	0.00803	0.11721	0.00663	0.00823

[dist]
# distance from previous block
# <min> <max>
2	3

[block]
# block no. 4 follows, 22 sequences, length 22
# corresponding to MSA columns:
# 151-172
name=unknown_E
#
# <colnr> <probs for GDERKNQSTAVLIFYWHMCP>
#	G	D	E	R	K	N	Q	S	T	A	V	L	I	F	Y	W	H	M	C	P
0	0.01205	0.00898	0.01095	0.01143	0.01323	0.00850	0.00838	0.05402	0.01986	0.02622	0.17247	0.34866	0.18794	0.02184	0.01018	0.00307	0.00500	0.06160	0.00803	0.00758
1	0.02005	0.01555	0.01840	0.01622	0.01955	0.01768	0.01277	0.23072	0.10431	0.03323	0.02705	0.17411	0.02565	0.02503	0.14973	0.00510	0.07586	0.01156	0.00695	0.01050
2	0.02300	0.09613	0.02787	0.02874	0.21514	0.24133	0.01838	0.02598	0.01914	0.02242	0.01866	0.02205	0.06058	0.01010	0.01125	0.00252	0.13474	0.00716	0.00430	0.01051
3	0.06785	0.28412	0.03078	0.01781	0.02312	0.22384	0.01516	0.12482	0.02189	0.02615	0.01323	0.01543	0.01117	0.00884	0.00881	0.00225	0.08393	0.00552	0.00464	0.01065
4	0.01744	0.01487	0.07678	0.01512	0.01919	0.01286	0.01342	0.02621	0.16285	0.09721	0.16608	0.05791	0.06685	0.01616	0.00969	0.00305	0.00687	0.19934	0.00803	0.01006
5	0.01198	0.00827	0.00963	0.00974	0.01025	0.00797	0.00583	0.01248	0.01312	0.01773	0.02940	0.18000	0.03407	0.53417	0.03401	0.00675	0.00731	0.01395	0.00556	0.04779
6	0.01388	0.00930	0.01258	0.11780	0.01896	0.01040	0.01007	0.01729	0.01529	0.02373	0.02334	0.03266	0.02044	0.10277	0.24494	0.00673	0.01191	0.00856	0.29177	0.00757
7	0.01970	0.02485	0.17266	0.04498	0.51971	0.01964	0.02664	0.02567	0.01861	0.02696	0.01547	0.01990	0.01258	0.00751	0.00815	0.00250	0.01040	0.00712	0.00398	0.01296
8	0.01963	0.01695	0.01779	0.01610	0.02061	0.01936	0.01250	0.04107	0.58181	0.03358	0.03862	0.03567	0.08526	0.01220	0.00858	0.00282	0.00635	0.01017	0.00838	0.01256
9	0.01155	0.00831	0.01072	0.01172	0.01282	0.00794	0.00815	0.04381	0.01867	0.02532	0.17088	0.53429	0.05776	0.02332	0.01032	0.00317	0.00485	0.02100	0.00804	0.00735
10	0.02434	0.01862	0.02170	0.01774	0.02175	0.02176	0.01454	0.34958	0.02760	0.03865	0.01902	0.02239	0.01505	0.01774	0.09884	0.00410	0.16076	0.00765	0.08671	0.01146
11	0.01954	0.01870	0.03188	0.18388	0.53128	0.01947	0.02499	0.02460	0.01844	0.02591	0.01545	0.02089	0.01272	0.00759	0.00824	0.00253	0.01012	0.00740	0.00402	0.01234
12	0.01872	0.01847	0.02845	0.38118	0.30186	0.06275	0.02360	0.02378	0.01802	0.02360	0.01499	0.02102	0.01191	0.00795	0.00822	0.00260	0.01084	0.00726	0.00390	0.01087
13	0.00982	0.00842	0.00842	0.00842	0.01122	0.00701	0.00631	0.01192	0.01894	0.02244	0.08416	0.07995	0.65285	0.02104	0.00982	0.00281	0.00421	0.01753	0.00771	0.00701
14	0.06690	0.14951	0.28670	0.02454	0.03377	0.06639	0.20652	0.02650	0.01825	0.02553	0.01456	0.01787	0.01110	0.00752	0.00783	0.00250	0.01203	0.00681	0.00388	0.01129
15	0.02056	0.01974	0.03372	0.05099	0.65622	0.01974	0.02550	0.02550	0.01892	0.02714	0.01563	0.02056	0.01316	0.00740	0.00822	0.00247	0.00987	0.00740	0.00411	0.01316
16	0.02768	0.03355	0.02577	0.07854	0.15961	0.48791	0.01856	0.03066	0.02205	0.02182	0.01357	0.01669	0.01124	0.00830	0.00771	0.00226	0.01362	0.00593	0.00420	0.01034
17	0.51632	0.02068	0.12121	0.06859	0.08355	0.01883	0.01517	0.02459	0.01534	0.03330	0.01274	0.01549	0.00980	0.00776	0.00612	0.00259	0.00806	0.00526	0.00467	0.00994
18	0.01179	0.00947	0.01349	0.01250	0.01430	0.00882	0.07282	0.01368	0.01627	0.02123	0.08359	0.24206	0.18102	0.23748	0.02028	0.00461	0.00663	0.01656	0.00658	0.00681
19	0.01212	0.01043	0.01397	0.01805	0.14455	0.00957	0.01065	0.01463	0.01811	0.02308	0.05967	0.23551	0.35970	0.01957	0.00970	0.00289	0.00554	0.01708	0.00697	0.00821
20	0.09327	0.02309	0.02740	0.17299	0.31961	0.17576	0.02116	0.02634	0.01908	0.02525	0.01439	0.01889	0.01174	0.00790	0.00777	0.00246	0.01101	0.00663	0.00416	0.01110
21	0.02258	0.02269	0.03045	0.11203	0.44158	0.12626	0.02296	0.07239	0.02096	0.02733	0.01541	0.01978	0.01261	0.00788	0.00812	0.00245	0.01077	0.00707	0.00442	0.01224

[dist]
# distance from previous block
# <min> <max>
0	1

[block]
# block no. 5 follows, 22 sequences, length 16
# corresponding to MSA columns:
# 174-189
name=unknown_F
#
# <colnr> <probs for GDERKNQSTAVLIFYWHMCP>
#	G	D	E	R	K	N	Q	S	T	A	V	L	I	F	Y	W	H	M	C	P
0	0.02146	0.02261	0.02969	0.16035	0.19804	0.14410	0.11856	0.02989	0.13926	0.02608	0.01862	0.02212	0.01455	0.00848	0.00840	0.00259	0.01111	0.00778	0.00491	0.01140
1	0.01570	0.01330	0.01465	0.01643	0.09356	0.06633	0.00967	0.01932	0.08642	0.02012	0.02447	0.04329	0.02551	0.45603	0.05628	0.00647	0.00925	0.01050	0.00523	0.00747
2	0.01104	0.00810	0.00953	0.00991	0.01097	0.00780	0.00658	0.01228	0.01489	0.01926	0.04562	0.18505	0.20686	0.30297	0.10674	0.00635	0.00814	0.01544	0.00623	0.00622
3	0.01999	0.02288	0.11444	0.04623	0.52736	0.01979	0.07594	0.02569	0.01880	0.02699	0.01563	0.02033	0.01278	0.00743	0.00831	0.00252	0.01052	0.00744	0.00404	0.01289
4	0.02262	0.02262	0.02872	0.07762	0.32854	0.12682	0.04581	0.06760	0.14061	0.02867	0.01894	0.02180	0.01501	0.00854	0.00823	0.00252	0.01027	0.00755	0.00521	0.01231
5	0.01293	0.01017	0.01067	0.01020	0.01180	0.03602	0.00663	0.01399	0.01474	0.01928	0.03552	0.13363	0.12550	0.39940	0.02732	0.00555	0.00711	0.01319	0.00574	0.10061
6	0.01264	0.00981	0.01191	0.01282	0.01504	0.00967	0.01022	0.01797	0.09671	0.02468	0.05428	0.20654	0.21523	0.02158	0.01045	0.00332	0.00598	0.24539	0.00778	0.00798
7	0.01059	0.00757	0.00969	0.01100	0.01160	0.00725	0.00728	0.01190	0.01519	0.02018	0.04290	0.49635	0.08518	0.15933	0.05906	0.00488	0.00652	0.02008	0.00699	0.00648
8	0.02219	0.02291	0.02971	0.04121	0.46000	0.14682	0.02225	0.02759	0.05567	0.02612	0.01776	0.02429	0.01538	0.00875	0.00828	0.00250	0.01055	0.04127	0.00460	0.01215
9	0.01314	0.01061	0.01553	0.09146	0.01968	0.01284	0.01198	0.01578	0.01345	0.01910	0.02058	0.03304	0.01990	0.15210	0.41678	0.01007	0.10312	0.00902	0.00435	0.00746
10	0.01642	0.01710	0.01360	0.01277	0.01567	0.19276	0.00958	0.01920	0.02190	0.02585	0.27283	0.05533	0.26352	0.01608	0.00916	0.00255	0.00709	0.01323	0.00729	0.00804
11	0.02283	0.01591	0.01722	0.01436	0.01828	0.01718	0.01119	0.33333	0.02753	0.03834	0.02458	0.05872	0.02178	0.15677	0.01513	0.00363	0.00766	0.03220	0.15291	0.01045
12	0.01902	0.03244	0.34769	0.03452	0.25987	0.05002	0.08605	0.02636	0.01852	0.02636	0.01526	0.01898	0.01168	0.00766	0.00818	0.00257	0.01170	0.00691	0.00383	0.01237
13	0.01216	0.01006	0.01345	0.01673	0.11678	0.00931	0.01032	0.01482	0.01856	0.02412	0.12539	0.20631	0.29087	0.04329	0.01095	0.00310	0.00558	0.05299	0.00720	0.00802
14	0.02009	0.02058	0.02030	0.04458	0.10076	0.20135	0.01468	0.02319	0.01775	0.02267	0.01710	0.02262	0.01484	0.02225	0.17398	0.00504	0.09211	0.00701	0.08773	0.07135
15	0.02639	0.02998	0.08045	0.03121	0.24097	0.27270	0.02043	0.14461	0.02446	0.02931	0.01533	0.01805	0.01218	0.00838	0.00793	0.00236	0.01189	0.00652	0.00493	0.01192

[dist]
# distance from previous block
# <min> <max>
2	4

[block]
# block no. 6 follows, 22 sequences, length 12
# corresponding to MSA columns:
# 194-205
name=unknown_G
#
# <colnr> <probs for GDERKNQSTAVLIFYWHMCP>
#	G	D	E	R	K	N	Q	S	T	A	V	L	I	F	Y	W	H	M	C	P
0	0.02078	0.02074	0.02914	0.12920	0.23770	0.11070	0.10783	0.06875	0.02084	0.02670	0.02037	0.03255	0.01834	0.01045	0.00892	0.00274	0.01094	0.10736	0.00499	0.01095
1	0.02123	0.02542	0.12373	0.04357	0.49265	0.09649	0.02514	0.02651	0.01926	0.02622	0.01520	0.01947	0.01249	0.00761	0.00809	0.00245	0.01082	0.00698	0.00404	0.01262
2	0.01661	0.01449	0.01746	0.01906	0.10580	0.07302	0.01292	0.01972	0.01643	0.02372	0.02524	0.03068	0.07423	0.02491	0.18564	0.00539	0.13173	0.00858	0.18561	0.00876
3	0.01330	0.00936	0.01089	0.01059	0.01320	0.00857	0.00789	0.01736	0.06530	0.07645	0.20345	0.18012	0.31366	0.01941	0.00974	0.00284	0.00465	0.01671	0.00831	0.00817
4	0.01903	0.14478	0.10574	0.14170	0.03336	0.11210	0.14998	0.02369	0.01828	0.02257	0.01962	0.13376	0.01861	0.01078	0.00833	0.00260	0.01096	0.00970	0.00452	0.00991
5	0.00982	0.00842	0.00842	0.00842	0.01122	0.00701	0.00631	0.01192	0.01894	0.02244	0.08416	0.07995	0.65285	0.02104	0.00982	0.00281	0.00421	0.01753	0.00771	0.00701
6	0.10708	0.01712	0.01791	0.01930	0.11021	0.06485	0.01293	0.03157	0.28154	0.03111	0.03122	0.03124	0.08382	0.01087	0.00773	0.00256	0.00703	0.00883	0.11208	0.01102
7	0.02612	0.02804	0.02764	0.03194	0.25625	0.28283	0.01966	0.11519	0.02312	0.02742	0.01471	0.01803	0.01211	0.00888	0.00965	0.00245	0.07310	0.00658	0.00474	0.01152
8	0.01267	0.00946	0.01285	0.08204	0.05865	0.00972	0.00962	0.01425	0.01453	0.01935	0.03051	0.20422	0.03450	0.36851	0.02635	0.00567	0.00769	0.06708	0.00570	0.00664
9	0.01898	0.02676	0.19411	0.08927	0.22667	0.12396	0.02188	0.02429	0.01910	0.02449	0.02645	0.02900	0.11966	0.01010	0.00829	0.00254	0.01049	0.00844	0.00455	0.01096
10	0.01284	0.01057	0.01427	0.07490	0.07507	0.00988	0.01069	0.01615	0.01943	0.02649	0.23453	0.16596	0.17744	0.01653	0.00924	0.00263	0.00558	0.01451	0.00715	0.09616
11	0.01214	0.01021	0.01082	0.01072	0.01375	0.00971	0.00834	0.01821	0.12841	0.02489	0.07059	0.07295	0.47152	0.01955	0.00977	0.00293	0.00503	0.08446	0.00784	0.00817

[dist]
# distance from previous block
# <min> <max>
0	1

[block]
# block no. 7 follows, 22 sequences, length 10
# corresponding to MSA columns:
# 207-216
name=unknown_H
#
# <colnr> <probs for GDERKNQSTAVLIFYWHMCP>
#	G	D	E	R	K	N	Q	S	T	A	V	L	I	F	Y	W	H	M	C	P
0	0.30553	0.05259	0.01673	0.14388	0.02412	0.10396	0.01219	0.02378	0.01679	0.02948	0.01606	0.01953	0.01264	0.00838	0.00624	0.00236	0.00799	0.00594	0.18288	0.00891
1	0.02180	0.02208	0.03252	0.04750	0.58187	0.09697	0.02438	0.02640	0.01946	0.02634	0.01530	0.01990	0.01287	0.00754	0.00814	0.00243	0.01047	0.00716	0.00413	0.01274
2	0.01426	0.01053	0.01234	0.01214	0.01427	0.01044	0.00880	0.12409	0.02124	0.02811	0.11308	0.36647	0.14979	0.05976	0.01175	0.00330	0.00558	0.01806	0.00783	0.00816
3	0.02554	0.02969	0.02058	0.01843	0.02229	0.41944	0.01410	0.08437	0.02320	0.02381	0.02867	0.02964	0.14878	0.01183	0.00960	0.00243	0.06447	0.00831	0.00535	0.00946
4	0.02253	0.01153	0.01447	0.01216	0.01636	0.01036	0.00965	0.05802	0.02338	0.28197	0.23608	0.05057	0.18846	0.01490	0.00915	0.00264	0.00553	0.01256	0.00921	0.01049
5	0.01235	0.00875	0.01261	0.01261	0.01415	0.01003	0.00978	0.01544	0.01389	0.02084	0.02290	0.03241	0.02084	0.05531	0.58614	0.01183	0.01981	0.00875	0.10412	0.00746
6	0.01125	0.00922	0.01233	0.14242	0.02061	0.00922	0.01024	0.01394	0.01777	0.02273	0.10762	0.29897	0.25300	0.02005	0.00981	0.00299	0.00575	0.01759	0.00706	0.00742
7	0.11707	0.01680	0.02183	0.01843	0.02151	0.07946	0.11070	0.02139	0.01578	0.02448	0.01720	0.02347	0.01488	0.02459	0.19770	0.00573	0.15980	0.00764	0.09271	0.00884
8	0.01344	0.00840	0.01092	0.01092	0.01260	0.00924	0.00840	0.01680	0.01512	0.02436	0.02436	0.03191	0.02100	0.03947	0.38467	0.00840	0.01428	0.00840	0.32979	0.00756
9	0.01387	0.10228	0.01620	0.01230	0.01454	0.01281	0.00985	0.01681	0.01445	0.02116	0.02185	0.03084	0.01997	0.07748	0.44097	0.00961	0.01664	0.00827	0.13232	0.00779

[dist]
# distance from previous block
# <min> <max>
0	16

[block]
# block no. 8 follows, 22 sequences, length 7
# corresponding to MSA columns:
# 233-239
name=unknown_I
#
# <colnr> <probs for GDERKNQSTAVLIFYWHMCP>
#	G	D	E	R	K	N	Q	S	T	A	V	L	I	F	Y	W	H	M	C	P
0	0.12061	0.10386	0.06146	0.03563	0.37246	0.11993	0.02084	0.02648	0.01868	0.02653	0.01416	0.01780	0.01182	0.00761	0.00735	0.00236	0.01019	0.00630	0.00418	0.01174
1	0.02012	0.02235	0.10477	0.04792	0.58641	0.01969	0.02608	0.02559	0.01876	0.02705	0.01555	0.02022	0.01286	0.00746	0.00819	0.00249	0.01014	0.00726	0.00404	0.01306
2	0.01476	0.00918	0.01107	0.01068	0.01236	0.00982	0.00788	0.05672	0.01632	0.02529	0.02429	0.03449	0.02184	0.14670	0.22954	0.04307	0.01103	0.00881	0.29875	0.00740
3	0.02344	0.02046	0.01925	0.01609	0.02126	0.10987	0.01272	0.22062	0.17599	0.03560	0.03098	0.03048	0.10510	0.01118	0.00807	0.00240	0.00806	0.00876	0.04391	0.09578
4	0.01557	0.01435	0.01407	0.01258	0.01664	0.07490	0.00949	0.02108	0.10817	0.02507	0.04337	0.16654	0.20842	0.01521	0.00852	0.00241	0.00625	0.01280	0.00671	0.21784
5	0.19640	0.03380	0.44762	0.01979	0.02981	0.01845	0.02376	0.02724	0.01734	0.09063	0.01585	0.01762	0.01114	0.00808	0.00729	0.00261	0.01039	0.00597	0.00455	0.01168
6	0.02167	0.02185	0.03264	0.04785	0.58926	0.08929	0.02449	0.02631	0.01941	0.02642	0.01533	0.01997	0.01290	0.00752	0.00815	0.00243	0.01041	0.00718	0.00413	0.01278

[dist]
# distance from previous block
# <min> <max>
0	3

[block]
# block no. 9 follows, 22 sequences, length 15
# corresponding to MSA columns:
# 243-257
name=unknown_J
#
# <colnr> <probs for GDERKNQSTAVLIFYWHMCP>
#	G	D	E	R	K	N	Q	S	T	A	V	L	I	F	Y	W	H	M	C	P
0	0.02242	0.10563	0.02859	0.02927	0.22653	0.18382	0.01870	0.02556	0.01821	0.02307	0.01408	0.01845	0.01226	0.00955	0.01218	0.00255	0.17716	0.00653	0.05480	0.01063
1	0.02206	0.03044	0.15537	0.02158	0.02693	0.26868	0.06652	0.02624	0.01867	0.02219	0.01450	0.01888	0.01215	0.01572	0.09234	0.00386	0.12664	0.00659	0.00406	0.04657
2	0.01566	0.03656	0.01376	0.01198	0.01492	0.10668	0.00899	0.05065	0.05120	0.02580	0.17915	0.05599	0.27909	0.09811	0.01303	0.00324	0.00669	0.01324	0.00714	0.00813
3	0.01880	0.01794	0.03053	0.28170	0.43930	0.01927	0.02462	0.02395	0.01808	0.02500	0.01531	0.02114	0.01240	0.00773	0.00825	0.00258	0.01031	0.00739	0.00396	0.01174
4	0.02955	0.03318	0.02469	0.02433	0.09993	0.46880	0.01702	0.07899	0.02366	0.06479	0.01491	0.01706	0.01191	0.00896	0.00875	0.00231	0.04952	0.00606	0.00493	0.01066
5	0.01736	0.01054	0.01416	0.01454	0.04979	0.01001	0.01033	0.02184	0.06299	0.14877	0.25019	0.22905	0.05175	0.01768	0.00968	0.00290	0.00552	0.05498	0.00855	0.00937
6	0.01822	0.02038	0.10511	0.14828	0.03614	0.01834	0.20830	0.06600	0.09369	0.02791	0.02382	0.03678	0.02067	0.01122	0.00937	0.00296	0.01079	0.12585	0.00549	0.01068
7	0.01136	0.00834	0.00944	0.00952	0.01176	0.00748	0.00720	0.01426	0.01975	0.02658	0.22196	0.11095	0.33469	0.01886	0.00942	0.00274	0.00435	0.05330	0.11072	0.00736
8	0.01508	0.01176	0.01587	0.01468	0.01626	0.01416	0.01153	0.07202	0.01575	0.02295	0.02063	0.03061	0.01921	0.10136	0.39606	0.00936	0.14108	0.00867	0.05480	0.00815
9	0.01192	0.00854	0.01082	0.01203	0.01298	0.00832	0.00821	0.06026	0.01753	0.02340	0.04273	0.61509	0.05044	0.06019	0.01207	0.00355	0.00533	0.02174	0.00762	0.00724
10	0.01979	0.02435	0.15895	0.04557	0.53318	0.01965	0.02653	0.02566	0.01864	0.02698	0.01548	0.01996	0.01264	0.00750	0.00816	0.00250	0.01035	0.00715	0.00399	0.01298
11	0.01989	0.01941	0.03417	0.12495	0.52540	0.01971	0.08383	0.02510	0.01871	0.02639	0.01564	0.02093	0.01286	0.00747	0.00839	0.00254	0.01042	0.00763	0.00407	0.01250
12	0.02013	0.02108	0.02647	0.20139	0.30302	0.14783	0.02073	0.02433	0.01925	0.02374	0.02298	0.02690	0.08797	0.00948	0.00829	0.00252	0.01052	0.00819	0.00447	0.01074
13	0.01670	0.01513	0.01508	0.01510	0.05885	0.07537	0.01066	0.09226	0.10236	0.02736	0.05410	0.05347	0.34430	0.04072	0.03858	0.00331	0.00740	0.01290	0.00709	0.00927
14	0.01568	0.01419	0.01536	0.01390	0.01639	0.08997	0.01048	0.01798	0.01497	0.02026	0.01965	0.03098	0.01915	0.17365	0.29114	0.00792	0.06839	0.00826	0.00457	0.14711

[dist]
# distance from previous block
# <min> <max>
10	32

[block]
# block no. 10 follows, 22 sequences, length 11
# corresponding to MSA columns:
# 290-300
name=unknown_K
#
# <colnr> <probs for GDERKNQSTAVLIFYWHMCP>
#	G	D	E	R	K	N	Q	S	T	A	V	L	I	F	Y	W	H	M	C	P
0	0.08105	0.27458	0.09288	0.01307	0.01836	0.02003	0.01232	0.05047	0.01740	0.02341	0.02999	0.03530	0.14706	0.13650	0.01332	0.00331	0.00793	0.00887	0.00505	0.00910
1	0.02386	0.35973	0.03394	0.12243	0.06153	0.22924	0.01674	0.02692	0.01901	0.02045	0.01266	0.01558	0.01087	0.00776	0.00661	0.00208	0.01117	0.00533	0.00383	0.01025
2	0.01799	0.02107	0.13892	0.38324	0.04384	0.01957	0.02189	0.06894	0.14755	0.02710	0.01909	0.02300	0.01414	0.00896	0.00826	0.00273	0.01023	0.00758	0.00496	0.01093
3	0.02757	0.07257	0.02756	0.02934	0.20341	0.45305	0.01861	0.03053	0.02185	0.02221	0.01355	0.01646	0.01139	0.00815	0.00757	0.00221	0.01319	0.00588	0.00419	0.01069
4	0.02201	0.02054	0.07860	0.02595	0.08192	0.01856	0.24819	0.14068	0.02215	0.08705	0.02030	0.02771	0.01668	0.13422	0.01496	0.00363	0.01090	0.00917	0.00563	0.01116
5	0.01136	0.00831	0.01013	0.00990	0.01153	0.00766	0.00702	0.01403	0.01997	0.02721	0.38753	0.10817	0.17097	0.15100	0.01609	0.00374	0.00483	0.01551	0.00800	0.00708
6	0.01824	0.02344	0.17184	0.23423	0.33993	0.01926	0.02593	0.02441	0.01792	0.02520	0.01521	0.02036	0.01195	0.00778	0.00817	0.00259	0.01076	0.00711	0.00385	0.01179
7	0.04834	0.02096	0.02134	0.13000	0.08086	0.17075	0.01589	0.14149	0.02196	0.02811	0.01764	0.02254	0.01449	0.02182	0.17049	0.00508	0.01376	0.00721	0.03716	0.01010
8	0.17091	0.02487	0.02255	0.02355	0.14396	0.24084	0.01570	0.07348	0.02200	0.15988	0.01776	0.01887	0.01313	0.00863	0.00742	0.00240	0.01032	0.00635	0.00594	0.01144
9	0.08192	0.01748	0.08567	0.01685	0.04725	0.01565	0.01432	0.15533	0.07055	0.03241	0.03852	0.07629	0.14524	0.01537	0.00913	0.00295	0.00761	0.15021	0.00707	0.01019
10	0.02677	0.03182	0.02656	0.02962	0.19939	0.42444	0.01889	0.02964	0.02111	0.02218	0.01340	0.01686	0.01140	0.00888	0.00981	0.00239	0.08602	0.00612	0.00416	0.01055

[dist]
# distance from previous block
# <min> <max>
59	128

[block]
# block no. 11 follows, 22 sequences, length 12
# corresponding to MSA columns:
# 453-464
name=unknown_L
#
# <colnr> <probs for GDERKNQSTAVLIFYWHMCP>
#	G	D	E	R	K	N	Q	S	T	A	V	L	I	F	Y	W	H	M	C	P
0	0.01717	0.11322	0.02635	0.03044	0.31162	0.01758	0.01724	0.02041	0.01730	0.02352	0.02678	0.18237	0.06594	0.04205	0.01097	0.00290	0.04708	0.01160	0.00512	0.01034
1	0.26747	0.11772	0.02214	0.01855	0.08430	0.12347	0.01348	0.02540	0.05806	0.02679	0.01392	0.01732	0.01179	0.01091	0.01112	0.08480	0.07289	0.00581	0.00459	0.00946
2	0.02611	0.03050	0.02014	0.01811	0.02230	0.44736	0.01374	0.09302	0.02415	0.02431	0.03035	0.03077	0.16174	0.01164	0.00813	0.00233	0.01182	0.00844	0.00552	0.00951
3	0.34495	0.06617	0.01854	0.01417	0.01954	0.09115	0.01162	0.16678	0.02224	0.07190	0.02232	0.02282	0.07718	0.00981	0.00682	0.00248	0.00797	0.00684	0.00624	0.01047
4	0.01840	0.02463	0.19641	0.19335	0.35380	0.01932	0.02628	0.02471	0.01802	0.02554	0.01524	0.02014	0.01198	0.00774	0.00816	0.00258	0.01078	0.00707	0.00386	0.01201
5	0.04614	0.00966	0.01108	0.01145	0.01389	0.00920	0.00897	0.04933	0.01963	0.02582	0.09509	0.19216	0.30062	0.02093	0.01005	0.00311	0.00548	0.15202	0.00770	0.00766
6	0.02694	0.06849	0.02677	0.06280	0.15547	0.30669	0.01801	0.13832	0.06700	0.02847	0.01616	0.01841	0.01284	0.00867	0.00777	0.00233	0.01175	0.00649	0.00518	0.01144
7	0.06802	0.20761	0.30426	0.01749	0.02516	0.01985	0.01951	0.02235	0.01675	0.02410	0.02105	0.17691	0.02088	0.01193	0.00767	0.00258	0.00924	0.00968	0.00462	0.01033
8	0.01219	0.00871	0.01077	0.01159	0.01264	0.00850	0.00796	0.05446	0.01739	0.02315	0.07008	0.44641	0.07311	0.15563	0.01652	0.00418	0.00580	0.04658	0.00730	0.00703
9	0.02281	0.02399	0.03154	0.04465	0.52107	0.16013	0.02347	0.02714	0.01991	0.02568	0.01503	0.01936	0.01263	0.00765	0.00807	0.00240	0.01096	0.00696	0.00415	0.01240
10	0.02056	0.01974	0.03372	0.05099	0.65622	0.01974	0.02550	0.02550	0.01892	0.02714	0.01563	0.02056	0.01316	0.00740	0.00822	0.00247	0.00987	0.00740	0.00411	0.01316
11	0.07092	0.02009	0.01619	0.01470	0.01821	0.21083	0.01126	0.05606	0.07895	0.02859	0.11930	0.02899	0.02588	0.01612	0.08017	0.00347	0.00999	0.00811	0.14363	0.03853

[dist]
# distance from previous block
# <min> <max>
0	10

[block]
# block no. 12 follows, 22 sequences, length 68
# corresponding to MSA columns:
# 475-542
name=unknown_M
#
# <colnr> <probs for GDERKNQSTAVLIFYWHMCP>
#	G	D	E	R	K	N	Q	S	T	A	V	L	I	F	Y	W	H	M	C	P
0	0.05668	0.24582	0.27353	0.15871	0.06417	0.02339	0.02257	0.02467	0.01703	0.02373	0.01368	0.01710	0.01073	0.00770	0.00705	0.00238	0.01055	0.00584	0.00367	0.01101
1	0.06434	0.23668	0.02920	0.01881	0.05093	0.21662	0.01505	0.18642	0.02474	0.02981	0.01751	0.01881	0.03976	0.00895	0.00707	0.00219	0.01045	0.00622	0.00531	0.01114
2	0.01587	0.01231	0.01462	0.01446	0.05418	0.01214	0.01056	0.14182	0.02443	0.03227	0.22571	0.06016	0.25832	0.01695	0.00957	0.00276	0.00582	0.07089	0.00802	0.00915
3	0.02257	0.02336	0.02267	0.01970	0.02234	0.18897	0.01577	0.09331	0.09723	0.02572	0.02128	0.02423	0.06575	0.01263	0.01634	0.00296	0.30190	0.00791	0.00525	0.01012
4	0.02057	0.01965	0.03304	0.04943	0.62714	0.01978	0.02493	0.02635	0.04743	0.02749	0.01646	0.02104	0.01372	0.00758	0.00823	0.00248	0.00972	0.00749	0.00431	0.01316
5	0.03010	0.03068	0.02357	0.01999	0.02526	0.34380	0.01562	0.27130	0.09835	0.03468	0.01800	0.01874	0.01369	0.00942	0.00792	0.00236	0.01172	0.00665	0.00635	0.01181
6	0.02699	0.01985	0.02383	0.10291	0.08110	0.02181	0.01653	0.35279	0.10996	0.09582	0.04754	0.02412	0.01828	0.01003	0.00839	0.00258	0.00872	0.00809	0.00761	0.01306
7	0.02759	0.02018	0.02178	0.01712	0.02250	0.02214	0.01372	0.50291	0.03405	0.04570	0.04828	0.02730	0.01949	0.12250	0.01384	0.00339	0.00874	0.00855	0.00782	0.01239
