[name]
unknown

[dist]
# distance from previous block
# <min> <max>
0	11

[block]
# block no. 0 follows, 21 sequences, length 21
# corresponding to MSA columns:
# 11-31
name=unknown_A
#
# <colnr> <probs for GDERKNQSTAVLIFYWHMCP>
#	G	D	E	R	K	N	Q	S	T	A	V	L	I	F	Y	W	H	M	C	P
0	0.01371	0.00980	0.01371	0.01567	0.01763	0.00980	0.01371	0.01763	0.01959	0.02547	0.04506	0.09599	0.04898	0.02351	0.01175	0.00392	0.00784	0.59056	0.00784	0.00784
1	0.01856	0.01594	0.01806	0.01383	0.02068	0.01389	0.01096	0.02761	0.17729	0.02977	0.02019	0.02131	0.01608	0.00766	0.00691	0.00168	0.00641	0.00623	0.00598	0.56094
2	0.01024	0.00793	0.00934	0.01047	0.01198	0.00703	0.00728	0.01201	0.01762	0.02227	0.06375	0.43237	0.30840	0.02447	0.01052	0.00321	0.00467	0.02152	0.00790	0.00703
3	0.02106	0.02022	0.03454	0.05223	0.64784	0.02022	0.02612	0.02612	0.01938	0.02780	0.01601	0.02106	0.01348	0.00758	0.00842	0.00253	0.01011	0.00758	0.00421	0.01348
4	0.03179	0.04056	0.02412	0.02192	0.02631	0.66676	0.01644	0.03398	0.02412	0.02083	0.01315	0.01535	0.01096	0.00877	0.00767	0.00219	0.01535	0.00548	0.00438	0.00987
5	0.02106	0.02022	0.03454	0.05223	0.64784	0.02022	0.02612	0.02612	0.01938	0.02780	0.01601	0.02106	0.01348	0.00758	0.00842	0.00253	0.01011	0.00758	0.00421	0.01348
6	0.01216	0.00912	0.01368	0.01368	0.01520	0.01064	0.01064	0.01520	0.01368	0.01976	0.02279	0.03343	0.02127	0.06382	0.66720	0.01368	0.02279	0.00912	0.00456	0.00760
7	0.65805	0.01618	0.01354	0.01175	0.01721	0.01815	0.00969	0.02736	0.01589	0.12588	0.01494	0.01598	0.01090	0.00827	0.00574	0.00263	0.00668	0.00517	0.00602	0.00997
8	0.01255	0.00980	0.01213	0.01166	0.01405	0.00988	0.00890	0.01797	0.08427	0.02783	0.28220	0.05687	0.19691	0.02985	0.18053	0.00560	0.00925	0.01378	0.00769	0.00828
9	0.01037	0.00741	0.00987	0.01185	0.01234	0.00691	0.00790	0.01185	0.01629	0.02172	0.04690	0.69537	0.05629	0.02666	0.01086	0.00346	0.00494	0.02419	0.00790	0.00691
10	0.02344	0.02509	0.03107	0.09721	0.43623	0.18865	0.02339	0.02780	0.02041	0.02547	0.01519	0.01971	0.01264	0.00797	0.00824	0.00247	0.01158	0.00703	0.00422	0.01220
11	0.01031	0.00831	0.00918	0.00963	0.01182	0.00718	0.00697	0.01244	0.01899	0.02360	0.12289	0.23965	0.44421	0.02253	0.01026	0.00301	0.00445	0.01936	0.00803	0.00718
12	0.76103	0.01646	0.01251	0.01119	0.01646	0.01909	0.00922	0.02502	0.01448	0.03818	0.01185	0.01382	0.00922	0.00790	0.00527	0.00263	0.00658	0.00461	0.00527	0.00922
13	0.01006	0.00862	0.00862	0.00862	0.01149	0.00718	0.00647	0.01221	0.01940	0.02299	0.08621	0.08190	0.64438	0.02155	0.01006	0.00287	0.00431	0.01796	0.00790	0.00718
14	0.01742	0.04155	0.58571	0.02562	0.03773	0.01997	0.10008	0.02699	0.01822	0.02699	0.01550	0.01855	0.01103	0.00798	0.00831	0.00272	0.01278	0.00673	0.00368	0.01245
15	0.01247	0.00872	0.01104	0.01104	0.01302	0.00912	0.00847	0.01549	0.01612	0.02336	0.04041	0.04562	0.18319	0.04041	0.34394	0.00817	0.01365	0.01114	0.17707	0.00757
16	0.02492	0.26586	0.19531	0.02005	0.02754	0.28529	0.01970	0.02929	0.02022	0.02215	0.01326	0.01546	0.01090	0.00809	0.00703	0.00220	0.01252	0.00538	0.00393	0.01093
17	0.01216	0.00912	0.01368	0.01368	0.01520	0.01064	0.01064	0.01520	0.01368	0.01976	0.02279	0.03343	0.02127	0.06382	0.66720	0.01368	0.02279	0.00912	0.00456	0.00760
18	0.06067	0.06584	0.02569	0.02068	0.02425	0.25001	0.01670	0.14681	0.02267	0.02810	0.01380	0.01734	0.01166	0.01106	0.01461	0.00279	0.24518	0.00651	0.00499	0.01063
19	0.08604	0.21908	0.13430	0.02577	0.18636	0.02231	0.01945	0.02916	0.01917	0.15591	0.01798	0.01947	0.01352	0.00822	0.00728	0.00238	0.00934	0.00646	0.00534	0.01245
20	0.20143	0.05199	0.01364	0.01085	0.01487	0.01253	0.00870	0.02063	0.01963	0.10825	0.16947	0.05062	0.25696	0.01510	0.00841	0.00268	0.00546	0.01216	0.00763	0.00900

[dist]
# distance from previous block
# <min> <max>
0	2

[block]
# block no. 1 follows, 21 sequences, length 29
# corresponding to MSA columns:
# 34-62
name=unknown_B
#
# <colnr> <probs for GDERKNQSTAVLIFYWHMCP>
#	G	D	E	R	K	N	Q	S	T	A	V	L	I	F	Y	W	H	M	C	P
0	0.02107	0.17694	0.03068	0.02134	0.06907	0.08800	0.13991	0.06719	0.02074	0.02771	0.06192	0.02478	0.01926	0.01221	0.04694	0.00298	0.01047	0.00789	0.14049	0.01042
1	0.01979	0.06410	0.01942	0.01491	0.01816	0.01837	0.01224	0.16666	0.02286	0.03237	0.07399	0.03549	0.12800	0.01347	0.01261	0.00272	0.16283	0.00976	0.16231	0.00995
2	0.01823	0.15479	0.39980	0.02355	0.03377	0.02168	0.12630	0.02597	0.01864	0.02629	0.05963	0.02129	0.01611	0.00845	0.00809	0.00257	0.01166	0.00727	0.00413	0.01177
3	0.01165	0.01606	0.14488	0.01203	0.01689	0.00988	0.01180	0.01554	0.01938	0.02449	0.10455	0.06738	0.47771	0.01848	0.00964	0.00282	0.00603	0.01536	0.00709	0.00837
4	0.02692	0.34045	0.07148	0.01819	0.02492	0.19810	0.01642	0.15905	0.02415	0.02807	0.01429	0.01585	0.01171	0.00837	0.00687	0.00213	0.01101	0.00559	0.00491	0.01153
5	0.02085	0.12354	0.44978	0.02259	0.03281	0.15728	0.02625	0.02825	0.01918	0.02483	0.01441	0.01689	0.01084	0.00813	0.00768	0.00248	0.01274	0.00591	0.00377	0.01181
6	0.01048	0.00810	0.00957	0.01035	0.01204	0.00719	0.00732	0.01260	0.01870	0.02403	0.14886	0.35042	0.30343	0.02321	0.01041	0.00310	0.00455	0.02035	0.00811	0.00719
7	0.03032	0.21670	0.02987	0.01801	0.02449	0.13954	0.01529	0.27425	0.02880	0.11687	0.01846	0.01875	0.01372	0.00918	0.00752	0.00229	0.01007	0.00652	0.00668	0.01267
8	0.01857	0.01462	0.01716	0.01251	0.01967	0.01113	0.01000	0.02221	0.01825	0.07188	0.02143	0.02296	0.05757	0.00767	0.00673	0.00147	0.00623	0.00620	0.00563	0.64810
9	0.02275	0.70604	0.04459	0.01456	0.02184	0.03367	0.01456	0.02548	0.01729	0.02002	0.01183	0.01365	0.01092	0.00728	0.00546	0.00182	0.00910	0.00455	0.00364	0.01092
10	0.01238	0.00825	0.00928	0.00928	0.00928	0.00825	0.00516	0.01238	0.01238	0.01650	0.02681	0.05569	0.03094	0.70092	0.04331	0.00825	0.00825	0.01238	0.00516	0.00516
11	0.01086	0.00804	0.00944	0.01021	0.01136	0.00738	0.00681	0.01231	0.01665	0.02147	0.08543	0.32378	0.22353	0.19127	0.01860	0.00443	0.00552	0.01898	0.00730	0.00662
12	0.01753	0.00991	0.01313	0.01164	0.01461	0.00897	0.00897	0.02140	0.02415	0.16421	0.51533	0.05630	0.06786	0.01596	0.00973	0.00267	0.00469	0.01396	0.00961	0.00938
13	0.02085	0.01596	0.01673	0.01493	0.01915	0.01801	0.01165	0.09818	0.39828	0.03640	0.03122	0.03056	0.02361	0.01095	0.00788	0.00260	0.00623	0.00894	0.21583	0.01202
14	0.02260	0.02539	0.07751	0.04507	0.49828	0.13006	0.02486	0.02751	0.02008	0.02656	0.01547	0.01987	0.01286	0.00782	0.00827	0.00248	0.01118	0.00713	0.00420	0.01280
15	0.01037	0.00741	0.00987	0.01185	0.01234	0.00691	0.00790	0.01185	0.01629	0.02172	0.04690	0.69537	0.05629	0.02666	0.01086	0.00346	0.00494	0.02419	0.00790	0.00691
16	0.01238	0.00825	0.00928	0.00928	0.00928	0.00825	0.00516	0.01238	0.01238	0.01650	0.02681	0.05569	0.03094	0.70092	0.04331	0.00825	0.00825	0.01238	0.00516	0.00516
17	0.02296	0.02366	0.02997	0.17264	0.35958	0.15606	0.02298	0.06224	0.02112	0.02664	0.01549	0.02016	0.01257	0.00818	0.00829	0.00252	0.01142	0.00714	0.00442	0.01196
18	0.18732	0.24140	0.27653	0.02031	0.07151	0.02396	0.02080	0.02600	0.01707	0.02740	0.01348	0.01591	0.01066	0.00776	0.00666	0.00240	0.00997	0.00546	0.00403	0.01137
19	0.08432	0.03217	0.02385	0.02022	0.02563	0.36511	0.01582	0.26666	0.02976	0.03515	0.01596	0.01726	0.01224	0.00928	0.00784	0.00237	0.01233	0.00629	0.00609	0.01165
20	0.02119	0.02109	0.05634	0.02653	0.08814	0.02043	0.20666	0.09867	0.13935	0.03160	0.01998	0.02277	0.01541	0.00885	0.01001	0.00258	0.05815	0.00827	0.00569	0.13830
21	0.02004	0.02010	0.13513	0.02433	0.17136	0.01548	0.01775	0.06100	0.06445	0.11307	0.09767	0.06143	0.13648	0.01269	0.00895	0.00271	0.00804	0.01088	0.00684	0.01159
22	0.02509	0.07721	0.02758	0.02392	0.06990	0.33523	0.05293	0.02780	0.01962	0.02149	0.01372	0.01818	0.01205	0.01393	0.06003	0.00343	0.17714	0.00658	0.00417	0.01000
23	0.14495	0.02302	0.06525	0.05861	0.07169	0.13284	0.01539	0.16776	0.02436	0.03357	0.05424	0.03058	0.12069	0.01133	0.00812	0.00259	0.00929	0.00872	0.00622	0.01079
24	0.02327	0.02422	0.02719	0.03379	0.29841	0.19865	0.01983	0.06880	0.02095	0.02606	0.01643	0.02135	0.01403	0.01768	0.11742	0.00432	0.04434	0.00725	0.00460	0.01139
25	0.02096	0.07120	0.01864	0.01601	0.01879	0.26083	0.01177	0.05755	0.02026	0.02251	0.02748	0.26811	0.03016	0.10156	0.01317	0.00340	0.00987	0.01322	0.00595	0.00855
26	0.01552	0.02041	0.14782	0.01505	0.01926	0.09363	0.01357	0.02035	0.06186	0.02306	0.03929	0.19352	0.14765	0.13304	0.01508	0.00380	0.00842	0.01383	0.00614	0.00870
27	0.02448	0.02151	0.01965	0.01711	0.02137	0.14851	0.01322	0.28777	0.02868	0.03589	0.03104	0.21384	0.06978	0.01535	0.00911	0.00276	0.00897	0.01260	0.00747	0.01090
28	0.02629	0.10652	0.02450	0.01804	0.02308	0.22410	0.01450	0.07630	0.07799	0.09585	0.01912	0.04449	0.01567	0.01012	0.00974	0.00237	0.08190	0.00710	0.00584	0.11650

[dist]
# distance from previous block
# <min> <max>
2	21

[block]
# block no. 2 follows, 21 sequences, length 76
# corresponding to MSA columns:
# 84-159
name=unknown_C
#
# <colnr> <probs for GDERKNQSTAVLIFYWHMCP>
#	G	D	E	R	K	N	Q	S	T	A	V	L	I	F	Y	W	H	M	C	P
0	0.02385	0.01939	0.01681	0.01473	0.01877	0.17917	0.01114	0.07174	0.02208	0.15460	0.03806	0.08533	0.15777	0.09819	0.01298	0.00325	0.00876	0.01114	0.00712	0.04511
1	0.02061	0.02538	0.14734	0.01792	0.02327	0.15765	0.01608	0.12227	0.02242	0.02835	0.02646	0.24893	0.02709	0.01481	0.00889	0.00272	0.00960	0.01236	0.00616	0.06168
2	0.14716	0.02168	0.14787	0.01642	0.02370	0.01642	0.04301	0.09630	0.01973	0.03219	0.01681	0.01985	0.01321	0.01221	0.05856	0.00304	0.00950	0.00629	0.05664	0.23941
3	0.02313	0.05644	0.06290	0.05176	0.05748	0.23204	0.01463	0.07316	0.04782	0.02734	0.01970	0.02425	0.01621	0.05707	0.00982	0.00268	0.01012	0.00717	0.19632	0.00997
4	0.15436	0.02466	0.02291	0.05218	0.14305	0.22893	0.01628	0.06220	0.02215	0.13418	0.04733	0.02135	0.01634	0.00917	0.00775	0.00248	0.01045	0.00693	0.00597	0.01136
5	0.05977	0.01873	0.02530	0.03120	0.28518	0.01985	0.01827	0.16301	0.11794	0.03522	0.02288	0.07562	0.01932	0.01046	0.00835	0.00263	0.00843	0.00909	0.05616	0.01260
6	0.02021	0.01935	0.02032	0.05199	0.13015	0.14643	0.01472	0.10008	0.02218	0.02797	0.06950	0.24298	0.03158	0.01506	0.00909	0.00273	0.00882	0.01301	0.00640	0.04744
7	0.02767	0.02861	0.02158	0.02048	0.06581	0.34777	0.01476	0.14905	0.02564	0.03035	0.01803	0.02036	0.01423	0.00923	0.00752	0.00224	0.01128	0.00661	0.16816	0.01063
8	0.02228	0.02709	0.23697	0.02155	0.06216	0.02008	0.02041	0.11080	0.23145	0.08741	0.02454	0.02485	0.01799	0.01232	0.03907	0.00324	0.01004	0.00801	0.00665	0.01311
9	0.01216	0.00912	0.01368	0.01368	0.01520	0.01064	0.01064	0.01520	0.01368	0.01976	0.02279	0.03343	0.02127	0.06382	0.66720	0.01368	0.02279	0.00912	0.00456	0.00760
10	0.02041	0.02349	0.10885	0.04572	0.45566	0.02043	0.14652	0.02644	0.01936	0.02759	0.01617	0.02109	0.01306	0.00756	0.00871	0.00262	0.01125	0.00793	0.00416	0.01297
11	0.01161	0.00868	0.01077	0.01025	0.01245	0.00784	0.00769	0.01522	0.02306	0.03169	0.52129	0.06758	0.20388	0.01831	0.01004	0.00272	0.00408	0.01595	0.00905	0.00784
12	0.02091	0.43433	0.07669	0.01428	0.02067	0.02603	0.01393	0.05268	0.05989	0.02510	0.02064	0.02211	0.04908	0.00897	0.00633	0.00207	0.00812	0.00643	0.12106	0.01069
13	0.01765	0.01513	0.01765	0.01260	0.02017	0.01134	0.01008	0.02143	0.01765	0.02773	0.01513	0.01765	0.01260	0.00630	0.00630	0.00126	0.00630	0.00504	0.00504	0.75295
14	0.01037	0.00741	0.00987	0.01185	0.01234	0.00691	0.00790	0.01185	0.01629	0.02172	0.04690	0.69537	0.05629	0.02666	0.01086	0.00346	0.00494	0.02419	0.00790	0.00691
15	0.01238	0.00825	0.00928	0.00928	0.00928	0.00825	0.00516	0.01238	0.01238	0.01650	0.02681	0.05569	0.03094	0.70092	0.04331	0.00825	0.00825	0.01238	0.00516	0.00516
16	0.76103	0.01646	0.01251	0.01119	0.01646	0.01909	0.00922	0.02502	0.01448	0.03818	0.01185	0.01382	0.00922	0.00790	0.00527	0.00263	0.00658	0.00461	0.00527	0.00922
17	0.02670	0.32895	0.03333	0.01861	0.02401	0.29854	0.01580	0.06043	0.02100	0.02220	0.01279	0.01517	0.01115	0.00874	0.00855	0.00218	0.07175	0.00537	0.00422	0.01052
18	0.01865	0.01768	0.02886	0.04268	0.50843	0.01736	0.02181	0.02307	0.01938	0.02675	0.03139	0.03439	0.15170	0.01064	0.00878	0.00260	0.00884	0.00986	0.00502	0.01210
19	0.01230	0.00847	0.01039	0.01034	0.01082	0.00876	0.00656	0.01325	0.01347	0.01844	0.06866	0.05136	0.03224	0.51398	0.17769	0.00905	0.01114	0.01187	0.00532	0.00589
20	0.01861	0.08963	0.56495	0.02340	0.03497	0.07129	0.02910	0.02740	0.01840	0.02599	0.01487	0.01746	0.01080	0.00808	0.00787	0.00260	0.01255	0.00610	0.00366	0.01225
21	0.02275	0.70604	0.04459	0.01456	0.02184	0.03367	0.01456	0.02548	0.01729	0.02002	0.01183	0.01365	0.01092	0.00728	0.00546	0.00182	0.00910	0.00455	0.00364	0.01092
22	0.02163	0.02338	0.02426	0.08068	0.23788	0.21632	0.01803	0.02620	0.04926	0.02523	0.07039	0.03240	0.11657	0.01107	0.00858	0.00253	0.01033	0.00919	0.00537	0.01069
23	0.07385	0.46222	0.08580	0.01671	0.02363	0.17030	0.01593	0.02743	0.01865	0.02196	0.01239	0.01437	0.01080	0.00771	0.00614	0.00202	0.01057	0.00489	0.00391	0.01070
24	0.01006	0.00862	0.00862	0.00862	0.01149	0.00718	0.00647	0.01221	0.01940	0.02299	0.08621	0.08190	0.64438	0.02155	0.01006	0.00287	0.00431	0.01796	0.00790	0.00718
25	0.01478	0.00739	0.01109	0.01109	0.01109	0.00739	0.00739	0.01109	0.01109	0.01478	0.01478	0.02587	0.01478	0.02956	0.03326	0.75240	0.00739	0.00739	0.00370	0.00370
26	0.02063	0.02666	0.17033	0.07331	0.42180	0.06351	0.04851	0.02666	0.01930	0.02684	0.01566	0.02015	0.01260	0.00780	0.00836	0.00257	0.01122	0.00725	0.00407	0.01277
27	0.01961	0.02805	0.22890	0.03704	0.26913	0.02046	0.16524	0.02813	0.06702	0.02802	0.01752	0.02139	0.01349	0.00795	0.00872	0.00269	0.01160	0.00792	0.00439	0.01273
28	0.03029	0.03786	0.02503	0.02431	0.07468	0.58394	0.01731	0.03269	0.02319	0.02136	0.01328	0.01596	0.01117	0.00899	0.00875	0.00230	0.04871	0.00574	0.00434	0.01012
29	0.01006	0.00862	0.00862	0.00862	0.01149	0.00718	0.00647	0.01221	0.01940	0.02299	0.08621	0.08190	0.64438	0.02155	0.01006	0.00287	0.00431	0.01796	0.00790	0.00718
30	0.01216	0.00912	0.01368	0.01368	0.01520	0.01064	0.01064	0.01520	0.01368	0.01976	0.02279	0.03343	0.02127	0.06382	0.66720	0.01368	0.02279	0.00912	0.00456	0.00760
31	0.76103	0.01646	0.01251	0.01119	0.01646	0.01909	0.00922	0.02502	0.01448	0.03818	0.01185	0.01382	0.00922	0.00790	0.00527	0.00263	0.00658	0.00461	0.00527	0.00922
32	0.01493	0.01089	0.01630	0.01894	0.11349	0.01040	0.03867	0.01731	0.01746	0.06683	0.08726	0.34010	0.04252	0.14546	0.01621	0.00405	0.00687	0.01692	0.00696	0.00845
33	0.01428	0.01185	0.01301	0.01284	0.01611	0.01206	0.01021	0.02356	0.20818	0.02741	0.06132	0.06955	0.32356	0.01890	0.01000	0.00311	0.00583	0.14084	0.00812	0.00926
34	0.03235	0.02384	0.02554	0.01958	0.02639	0.02639	0.01618	0.61946	0.04001	0.05363	0.02043	0.02043	0.01447	0.01022	0.00851	0.00255	0.00936	0.00766	0.00851	0.01447
35	0.01871	0.08055	0.41389	0.02414	0.06570	0.02111	0.05390	0.03082	0.15272	0.02844	0.01942	0.02110	0.01437	0.00872	0.00815	0.00268	0.01102	0.00715	0.00477	0.01266
36	0.01478	0.00739	0.01109	0.01109	0.01109	0.00739	0.00739	0.01109	0.01109	0.01478	0.01478	0.02587	0.01478	0.02956	0.03326	0.75240	0.00739	0.00739	0.00370	0.00370
37	0.01015	0.00862	0.00874	0.00871	0.01155	0.00722	0.00654	0.01238	0.01961	0.02349	0.11103	0.08108	0.61925	0.02137	0.01006	0.00286	0.00430	0.01785	0.00797	0.00722
38	0.02473	0.56025	0.04011	0.01617	0.02282	0.17237	0.01497	0.02734	0.01879	0.02020	0.01212	0.01402	0.01093	0.00761	0.00595	0.00190	0.01047	0.00475	0.00380	0.01069
39	0.01931	0.01662	0.01840	0.01483	0.02110	0.01599	0.01169	0.03268	0.30849	0.03145	0.02436	0.02432	0.01893	0.00878	0.00742	0.00203	0.00651	0.00721	0.00675	0.40313
40	0.02275	0.70604	0.04459	0.01456	0.02184	0.03367	0.01456	0.02548	0.01729	0.02002	0.01183	0.01365	0.01092	0.00728	0.00546	0.00182	0.00910	0.00455	0.00364	0.01092
41	0.02984	0.18542	0.02868	0.02018	0.02533	0.49240	0.01602	0.06473	0.02351	0.02248	0.01327	0.01526	0.01115	0.00852	0.00724	0.00213	0.01365	0.00540	0.00445	0.01035
42	0.01780	0.06502	0.29355	0.10295	0.03313	0.01927	0.05039	0.02852	0.14258	0.02749	0.02384	0.02562	0.05672	0.00952	0.00820	0.00261	0.01009	0.00789	0.00508	0.06973
43	0.03019	0.16252	0.02822	0.02012	0.02548	0.43208	0.01604	0.13824	0.02571	0.02661	0.01422	0.01595	0.01159	0.00875	0.00741	0.00219	0.01309	0.00570	0.00499	0.01090
44	0.01758	0.03810	0.54342	0.02210	0.03306	0.01793	0.02755	0.02639	0.01906	0.06141	0.09340	0.02416	0.01987	0.00936	0.00835	0.00269	0.01124	0.00753	0.00467	0.01212
45	0.07609	0.05767	0.10326	0.02091	0.02558	0.16317	0.04808	0.02841	0.01849	0.12209	0.01600	0.01910	0.01257	0.01081	0.01451	0.00288	0.23766	0.00685	0.00505	0.01082
46	0.01625	0.01171	0.01375	0.01268	0.01484	0.01222	0.00916	0.14614	0.02118	0.02865	0.11717	0.15463	0.06230	0.23480	0.10086	0.00586	0.00897	0.01357	0.00698	0.00828
47	0.03231	0.02496	0.02544	0.01974	0.02639	0.06938	0.01619	0.58016	0.03894	0.05143	0.01994	0.02009	0.01424	0.01012	0.00846	0.00253	0.00977	0.00752	0.00824	0.01416
48	0.02646	0.02223	0.11934	0.01896	0.05208	0.09492	0.01605	0.10538	0.02334	0.23334	0.02862	0.17010	0.02473	0.01329	0.00887	0.00275	0.00897	0.01109	0.00756	0.01191
49	0.01216	0.00912	0.01368	0.01368	0.01520	0.01064	0.01064	0.01520	0.01368	0.01976	0.02279	0.03343	0.02127	0.06382	0.66720	0.01368	0.02279	0.00912	0.00456	0.00760
50	0.02918	0.02078	0.02216	0.01734	0.02323	0.02284	0.01421	0.50425	0.03575	0.04942	0.02184	0.02260	0.01588	0.01016	0.00802	0.00244	0.00833	0.00771	0.15062	0.01322
51	0.01196	0.00939	0.01160	0.04158	0.01584	0.00904	0.00969	0.01583	0.05299	0.02462	0.09941	0.23982	0.25735	0.02190	0.01049	0.00324	0.00568	0.14394	0.00785	0.00777
52	0.02275	0.70604	0.04459	0.01456	0.02184	0.03367	0.01456	0.02548	0.01729	0.02002	0.01183	0.01365	0.01092	0.00728	0.00546	0.00182	0.00910	0.00455	0.00364	0.01092
53	0.03614	0.01403	0.01909	0.01479	0.02102	0.01216	0.01216	0.03949	0.02434	0.60531	0.08123	0.03167	0.02569	0.01107	0.00867	0.00264	0.00699	0.00909	0.01044	0.01398
54	0.01037	0.00741	0.00987	0.01185	0.01234	0.00691	0.00790	0.01185	0.01629	0.02172	0.04690	0.69537	0.05629	0.02666	0.01086	0.00346	0.00494	0.02419	0.00790	0.00691
55	0.03179	0.04056	0.02412	0.02192	0.02631	0.66676	0.01644	0.03398	0.02412	0.02083	0.01315	0.01535	0.01096	0.00877	0.00767	0.00219	0.01535	0.00548	0.00438	0.00987
56	0.02106	0.02022	0.03454	0.05223	0.64784	0.02022	0.02612	0.02612	0.01938	0.02780	0.01601	0.02106	0.01348	0.00758	0.00842	0.00253	0.01011	0.00758	0.00421	0.01348
57	0.01768	0.03975	0.53383	0.02661	0.03838	0.02012	0.15016	0.02701	0.01840	0.02701	0.01567	0.01898	0.01121	0.00790	0.00848	0.00273	0.01294	0.00705	0.00374	0.01235
58	0.01135	0.00859	0.01070	0.01201	0.01377	0.00794	0.00930	0.01384	0.01840	0.02336	0.05945	0.29621	0.25064	0.02393	0.01088	0.00341	0.00567	0.20538	0.00788	0.00730
59	0.02009	0.02296	0.05022	0.03587	0.04448	0.02152	0.61693	0.02726	0.02009	0.02726	0.01722	0.02296	0.01291	0.00717	0.01004	0.00287	0.01435	0.01004	0.00430	0.01148
60	0.01478	0.00739	0.01109	0.01109	0.01109	0.00739	0.00739	0.01109	0.01109	0.01478	0.01478	0.02587	0.01478	0.02956	0.03326	0.75240	0.00739	0.00739	0.00370	0.00370
61	0.03296	0.02102	0.02357	0.01827	0.02487	0.02245	0.01503	0.42760	0.08233	0.20483	0.02488	0.02349	0.01705	0.01040	0.00854	0.00260	0.00862	0.00804	0.00904	0.01440
62	0.02990	0.02262	0.02416	0.01908	0.02546	0.02525	0.01558	0.49366	0.16980	0.04968	0.02354	0.02291	0.01699	0.01051	0.00855	0.00263	0.00879	0.00809	0.00855	0.01425
63	0.01216	0.00912	0.01368	0.01368	0.01520	0.01064	0.01064	0.01520	0.01368	0.01976	0.02279	0.03343	0.02127	0.06382	0.66720	0.01368	0.02279	0.00912	0.00456	0.00760
64	0.01006	0.00862	0.00862	0.00862	0.01149	0.00718	0.00647	0.01221	0.01940	0.02299	0.08621	0.08190	0.64438	0.02155	0.01006	0.00287	0.00431	0.01796	0.00790	0.00718
65	0.03063	0.02255	0.02432	0.01898	0.02529	0.02487	0.01553	0.57197	0.03816	0.05114	0.02250	0.07318	0.01774	0.01150	0.00870	0.00262	0.00902	0.00895	0.00847	0.01388
66	0.01053	0.00837	0.00946	0.00976	0.01193	0.00730	0.00710	0.01291	0.01966	0.02497	0.19050	0.21362	0.40016	0.02184	0.01023	0.00296	0.00439	0.01882	0.00820	0.00730
67	0.02897	0.02487	0.02745	0.02428	0.10028	0.10840	0.05723	0.38608	0.03241	0.04248	0.01832	0.01979	0.01364	0.00921	0.00832	0.00242	0.01033	0.00732	0.00691	0.07126
68	0.02504	0.02884	0.02634	0.02823	0.16087	0.32704	0.01880	0.02782	0.01970	0.02221	0.01379	0.01840	0.01212	0.01302	0.04832	0.00327	0.18498	0.00664	0.00419	0.01039
69	0.01037	0.00741	0.00987	0.01185	0.01234	0.00691	0.00790	0.01185	0.01629	0.02172	0.04690	0.69537	0.05629	0.02666	0.01086	0.00346	0.00494	0.02419	0.00790	0.00691
70	0.01006	0.00862	0.00862	0.00862	0.01149	0.00718	0.00647	0.01221	0.01940	0.02299	0.08621	0.08190	0.64438	0.02155	0.01006	0.00287	0.00431	0.01796	0.00790	0.00718
71	0.01063	0.00864	0.00941	0.00922	0.01184	0.00743	0.00691	0.01331	0.02074	0.02618	0.24576	0.07665	0.48285	0.02036	0.01005	0.00282	0.00423	0.01722	0.00832	0.00743
72	0.03179	0.04056	0.02412	0.02192	0.02631	0.66676	0.01644	0.03398	0.02412	0.02083	0.01315	0.01535	0.01096	0.00877	0.00767	0.00219	0.01535	0.00548	0.00438	0.00987
73	0.01771	0.01442	0.01666	0.01426	0.01911	0.01399	0.01136	0.05851	0.19321	0.03245	0.16220	0.04144	0.03576	0.01253	0.00857	0.00242	0.00628	0.08066	0.00754	0.25093
74	0.01765	0.01513	0.01765	0.01260	0.02017	0.01134	0.01008	0.02143	0.01765	0.02773	0.01513	0.01765	0.01260	0.00630	0.00630	0.00126	0.00630	0.00504	0.00504	0.75295
75	0.02591	0.02329	0.02208	0.06305	0.02546	0.16221	0.01519	0.29450	0.02867	0.03599	0.02333	0.15622	0.02179	0.01338	0.00989	0.00274	0.04756	0.01052	0.00690	0.01131

[dist]
# distance from previous block
# <min> <max>
0	1

[block]
# block no. 3 follows, 21 sequences, length 32
# corresponding to MSA columns:
# 161-192
name=unknown_D
#
# <colnr> <probs for GDERKNQSTAVLIFYWHMCP>
#	G	D	E	R	K	N	Q	S	T	A	V	L	I	F	Y	W	H	M	C	P
0	0.02194	0.02584	0.07886	0.13169	0.17081	0.20257	0.01967	0.02926	0.11199	0.02549	0.02447	0.02683	0.07417	0.01003	0.00839	0.00258	0.01095	0.00816	0.00516	0.01113
1	0.01995	0.01924	0.03284	0.04719	0.55549	0.01903	0.05452	0.02483	0.01942	0.02731	0.02284	0.02703	0.07433	0.00891	0.00867	0.00258	0.00977	0.00871	0.00457	0.01277
2	0.01586	0.00793	0.00793	0.00793	0.00991	0.00793	0.00595	0.01983	0.01785	0.03173	0.02776	0.03173	0.02181	0.00991	0.00595	0.00198	0.00397	0.00793	0.74817	0.00793
3	0.02275	0.70604	0.04459	0.01456	0.02184	0.03367	0.01456	0.02548	0.01729	0.02002	0.01183	0.01365	0.01092	0.00728	0.00546	0.00182	0.00910	0.00455	0.00364	0.01092
4	0.03179	0.04056	0.02412	0.02192	0.02631	0.66676	0.01644	0.03398	0.02412	0.02083	0.01315	0.01535	0.01096	0.00877	0.00767	0.00219	0.01535	0.00548	0.00438	0.00987
5	0.01218	0.00904	0.01329	0.01329	0.01468	0.01043	0.01015	0.01495	0.01356	0.01947	0.02315	0.03539	0.02213	0.11996	0.61223	0.01320	0.02151	0.00940	0.00461	0.00738
6	0.10030	0.01465	0.01913	0.01480	0.02127	0.01307	0.01222	0.04006	0.02351	0.60083	0.03171	0.02766	0.02005	0.01031	0.00828	0.00263	0.00718	0.00822	0.01008	0.01403
7	0.01607	0.01513	0.02552	0.68047	0.05861	0.01891	0.02363	0.02174	0.01702	0.02174	0.01513	0.02269	0.01134	0.00851	0.00851	0.00284	0.01134	0.00756	0.00378	0.00945
8	0.01496	0.00822	0.00934	0.00934	0.01121	0.00859	0.00710	0.01869	0.01683	0.02879	0.02654	0.03214	0.02168	0.02312	0.16792	0.00485	0.00858	0.00822	0.56603	0.00785
9	0.01006	0.00862	0.00862	0.00862	0.01149	0.00718	0.00647	0.01221	0.01940	0.02299	0.08621	0.08190	0.64438	0.02155	0.01006	0.00287	0.00431	0.01796	0.00790	0.00718
10	0.03179	0.04056	0.02412	0.02192	0.02631	0.66676	0.01644	0.03398	0.02412	0.02083	0.01315	0.01535	0.01096	0.00877	0.00767	0.00219	0.01535	0.00548	0.00438	0.00987
11	0.09710	0.01979	0.02230	0.01724	0.02383	0.02069	0.01424	0.35724	0.03210	0.27152	0.02449	0.02298	0.01643	0.01013	0.00825	0.00259	0.00835	0.00773	0.00897	0.01402
12	0.02599	0.02953	0.01914	0.01770	0.02122	0.44207	0.01331	0.02870	0.02157	0.02339	0.01766	0.02110	0.01461	0.01436	0.07089	0.00325	0.01328	0.00643	0.18658	0.00917
13	0.01024	0.00863	0.00888	0.00881	0.01161	0.00726	0.00661	0.01257	0.01983	0.02402	0.13787	0.08020	0.59208	0.02117	0.01006	0.00286	0.00428	0.01772	0.00804	0.00726
14	0.02205	0.02413	0.02632	0.02481	0.07707	0.18250	0.01873	0.02427	0.01629	0.02119	0.01207	0.01803	0.01132	0.01277	0.02129	0.00325	0.46321	0.00698	0.00393	0.00980
15	0.03193	0.03640	0.02447	0.02134	0.02633	0.50768	0.01638	0.17943	0.02806	0.02898	0.01496	0.01661	0.01183	0.00913	0.00788	0.00228	0.01386	0.00602	0.00541	0.01101
16	0.01216	0.00912	0.01368	0.01368	0.01520	0.01064	0.01064	0.01520	0.01368	0.01976	0.02279	0.03343	0.02127	0.06382	0.66720	0.01368	0.02279	0.00912	0.00456	0.00760
17	0.03179	0.04056	0.02412	0.02192	0.02631	0.66676	0.01644	0.03398	0.02412	0.02083	0.01315	0.01535	0.01096	0.00877	0.00767	0.00219	0.01535	0.00548	0.00438	0.00987
18	0.57799	0.01483	0.01280	0.01229	0.01675	0.01681	0.01032	0.02321	0.01573	0.03507	0.01998	0.03395	0.01896	0.01172	0.00686	0.00295	0.00689	0.14813	0.00590	0.00888
19	0.01146	0.00838	0.01077	0.01081	0.01252	0.00768	0.00786	0.01470	0.02178	0.03013	0.44938	0.21990	0.12289	0.02002	0.01024	0.00288	0.00427	0.01777	0.00888	0.00768
20	0.03105	0.02307	0.02484	0.01897	0.02584	0.02507	0.01564	0.56677	0.03804	0.05135	0.01996	0.02019	0.01431	0.00987	0.00832	0.00244	0.00909	0.00743	0.00821	0.07954
21	0.01039	0.00833	0.00928	0.00968	0.01186	0.00723	0.00702	0.01262	0.01924	0.02411	0.14824	0.22981	0.42778	0.02227	0.01025	0.00299	0.00443	0.01916	0.00809	0.00723
22	0.01236	0.01062	0.01082	0.01042	0.01370	0.01008	0.00792	0.01906	0.14650	0.02560	0.07552	0.07150	0.51617	0.01948	0.00977	0.00288	0.00481	0.01623	0.00806	0.00849
23	0.01207	0.00879	0.01160	0.01240	0.01416	0.00831	0.00975	0.01537	0.02057	0.02771	0.27264	0.20690	0.11466	0.02171	0.01078	0.00327	0.00550	0.20775	0.00843	0.00766
24	0.01922	0.01834	0.03121	0.28427	0.43021	0.01974	0.02520	0.02450	0.01851	0.02556	0.01568	0.02166	0.01269	0.00792	0.00846	0.00264	0.01057	0.00758	0.00405	0.01199
25	0.01112	0.00866	0.01009	0.00973	0.01215	0.00764	0.00730	0.01427	0.02190	0.02894	0.38381	0.07211	0.34307	0.01933	0.01005	0.00277	0.00415	0.01659	0.00869	0.00764
26	0.01840	0.01557	0.01805	0.01296	0.02049	0.01212	0.01040	0.05221	0.01880	0.02906	0.01540	0.01779	0.01270	0.00650	0.00642	0.00133	0.00646	0.00518	0.00522	0.71494
27	0.01029	0.00806	0.00933	0.01021	0.01194	0.00710	0.00720	0.01222	0.01818	0.02292	0.09365	0.36488	0.34635	0.02373	0.01043	0.00313	0.00459	0.02073	0.00797	0.00710
28	0.09414	0.01294	0.01641	0.01331	0.01838	0.01175	0.01068	0.03220	0.02256	0.41667	0.14974	0.03830	0.06384	0.04769	0.01041	0.00294	0.00647	0.01019	0.00944	0.01194
29	0.01454	0.01413	0.02291	0.02381	0.15751	0.01301	0.13733	0.01837	0.01954	0.02493	0.05655	0.05637	0.37547	0.01552	0.00970	0.00280	0.00766	0.01405	0.00635	0.00945
30	0.01899	0.01811	0.03080	0.31292	0.40334	0.01968	0.02509	0.02430	0.01840	0.02529	0.01564	0.02174	0.01259	0.00797	0.00846	0.00266	0.01062	0.00757	0.00403	0.01181
31	0.01631	0.01541	0.01806	0.02186	0.17002	0.07546	0.01324	0.02155	0.07500	0.02775	0.19164	0.05174	0.23835	0.01501	0.00930	0.00268	0.00694	0.01286	0.00708	0.00974

[dist]
# distance from previous block
# <min> <max>
4	64

[block]
# block no. 4 follows, 21 sequences, length 101
# corresponding to MSA columns:
# 257-357
name=unknown_E
#
# <colnr> <probs for GDERKNQSTAVLIFYWHMCP>
#	G	D	E	R	K	N	Q	S	T	A	V	L	I	F	Y	W	H	M	C	P
0	0.19326	0.02858	0.02181	0.02282	0.11654	0.34623	0.01539	0.03028	0.02085	0.06057	0.01533	0.01765	0.01219	0.00856	0.00718	0.00235	0.01142	0.00593	0.05267	0.01039
1	0.02721	0.17294	0.11221	0.02112	0.06245	0.27423	0.01780	0.06241	0.02248	0.09539	0.04332	0.01958	0.01541	0.00895	0.00756	0.00229	0.01165	0.00641	0.00524	0.01135
2	0.02728	0.01999	0.02194	0.02090	0.08869	0.08965	0.01536	0.22993	0.02766	0.14182	0.02588	0.03504	0.02144	0.01196	0.00874	0.00268	0.00904	0.10853	0.05144	0.04203
3	0.02390	0.01749	0.01889	0.01568	0.02021	0.01951	0.01262	0.28842	0.13465	0.04082	0.02811	0.02887	0.05544	0.01134	0.00922	0.00256	0.05086	0.00867	0.20092	0.01183
4	0.01492	0.05960	0.18950	0.01538	0.02035	0.01390	0.01553	0.02000	0.01596	0.02431	0.02116	0.02768	0.01792	0.03370	0.30625	0.00747	0.01515	0.00782	0.16418	0.00922
5	0.02174	0.17470	0.13497	0.02510	0.07004	0.13120	0.15671	0.02805	0.05866	0.02443	0.01620	0.01978	0.01312	0.01158	0.04776	0.00316	0.04011	0.00716	0.00433	0.01120
6	0.01340	0.01132	0.01192	0.01130	0.01461	0.01118	0.00861	0.02188	0.19068	0.02788	0.14079	0.06567	0.40240	0.01825	0.00967	0.00285	0.00495	0.01532	0.00829	0.00904
7	0.01154	0.00908	0.01018	0.01037	0.01266	0.00821	0.00757	0.04452	0.02008	0.02544	0.13135	0.25645	0.37799	0.02200	0.01021	0.00301	0.00473	0.01897	0.00809	0.00758
8	0.03131	0.07563	0.02520	0.02154	0.02607	0.63340	0.01634	0.03353	0.02376	0.02079	0.01308	0.01526	0.01096	0.00869	0.00756	0.00217	0.01502	0.00543	0.00435	0.00992
9	0.76103	0.01646	0.01251	0.01119	0.01646	0.01909	0.00922	0.02502	0.01448	0.03818	0.01185	0.01382	0.00922	0.00790	0.00527	0.00263	0.00658	0.00461	0.00527	0.00922
10	0.01478	0.00739	0.01109	0.01109	0.01109	0.00739	0.00739	0.01109	0.01109	0.01478	0.01478	0.02587	0.01478	0.02956	0.03326	0.75240	0.00739	0.00739	0.00370	0.00370
11	0.03061	0.06880	0.02514	0.02162	0.02588	0.60076	0.01649	0.03281	0.02316	0.02077	0.01298	0.01546	0.01097	0.00907	0.00877	0.00227	0.05471	0.00556	0.00431	0.00988
12	0.01041	0.00774	0.00971	0.01110	0.01219	0.00704	0.00761	0.01220	0.01744	0.02278	0.09341	0.52703	0.18029	0.02500	0.01064	0.00328	0.00475	0.02233	0.00799	0.00704
13	0.01478	0.00739	0.01109	0.01109	0.01109	0.00739	0.00739	0.01109	0.01109	0.01478	0.01478	0.02587	0.01478	0.02956	0.03326	0.75240	0.00739	0.00739	0.00370	0.00370
14	0.03818	0.01448	0.01975	0.01514	0.02172	0.01251	0.01251	0.04147	0.02436	0.65373	0.03357	0.02897	0.02107	0.01053	0.00856	0.00263	0.00724	0.00856	0.01053	0.01448
15	0.02405	0.02588	0.03164	0.04380	0.47478	0.20024	0.02342	0.02831	0.02070	0.02586	0.01521	0.01947	0.01278	0.00791	0.00822	0.00243	0.01157	0.00700	0.00426	0.01247
16	0.01238	0.00825	0.00928	0.00928	0.00928	0.00825	0.00516	0.01238	0.01238	0.01650	0.02681	0.05569	0.03094	0.70092	0.04331	0.00825	0.00825	0.01238	0.00516	0.00516
17	0.01255	0.01079	0.01101	0.01057	0.01388	0.01032	0.00804	0.01963	0.15708	0.02582	0.07463	0.07064	0.50550	0.01931	0.00974	0.00288	0.00485	0.01609	0.00807	0.00860
18	0.02926	0.01980	0.02234	0.01687	0.02385	0.01980	0.01385	0.35315	0.03108	0.15003	0.02122	0.02113	0.01509	0.00918	0.00791	0.00221	0.00815	0.00709	0.00790	0.22009
19	0.01216	0.00912	0.01368	0.01368	0.01520	0.01064	0.01064	0.01520	0.01368	0.01976	0.02279	0.03343	0.02127	0.06382	0.66720	0.01368	0.02279	0.00912	0.00456	0.00760
20	0.01586	0.00793	0.00793	0.00793	0.00991	0.00793	0.00595	0.01983	0.01785	0.03173	0.02776	0.03173	0.02181	0.00991	0.00595	0.00198	0.00397	0.00793	0.74817	0.00793
21	0.03121	0.03946	0.02468	0.02356	0.05978	0.63194	0.01696	0.03356	0.02386	0.02120	0.01331	0.01565	0.01110	0.00871	0.00771	0.00221	0.01506	0.00559	0.00438	0.01006
22	0.01430	0.04433	0.01513	0.01283	0.01327	0.01373	0.00906	0.01505	0.01285	0.01780	0.02223	0.04370	0.02480	0.46861	0.07803	0.00725	0.16512	0.01065	0.00472	0.00655
23	0.02933	0.22188	0.02970	0.01992	0.02509	0.49427	0.01593	0.03167	0.02226	0.02061	0.01279	0.01488	0.01095	0.00836	0.00707	0.00209	0.01364	0.00523	0.00418	0.01015
24	0.01206	0.00841	0.01022	0.01033	0.01087	0.00862	0.00658	0.01294	0.01333	0.01792	0.03093	0.08964	0.06974	0.48119	0.17349	0.00879	0.01093	0.01272	0.00536	0.00591
25	0.03298	0.02283	0.02492	0.01910	0.02589	0.02490	0.01578	0.55720	0.03833	0.11827	0.02185	0.02135	0.01518	0.01025	0.00852	0.00256	0.00914	0.00776	0.00873	0.01447
26	0.02811	0.03443	0.02466	0.02204	0.02520	0.48780	0.01705	0.03021	0.02102	0.02073	0.01260	0.01626	0.01102	0.01048	0.01333	0.00262	0.20250	0.00603	0.00420	0.00971
27	0.01072	0.00766	0.01028	0.01225	0.01290	0.00721	0.00851	0.01246	0.01664	0.02212	0.04671	0.63251	0.05552	0.02633	0.01096	0.00350	0.00524	0.08359	0.00789	0.00701
28	0.18889	0.02779	0.02227	0.01855	0.02423	0.23696	0.01477	0.29765	0.02926	0.03944	0.01617	0.01733	0.01218	0.00924	0.00754	0.00245	0.01075	0.00628	0.00645	0.01182
29	0.01168	0.00842	0.01105	0.01095	0.01263	0.00779	0.00800	0.01515	0.02241	0.03146	0.51506	0.19946	0.07513	0.01939	0.01021	0.00284	0.00421	0.01728	0.00905	0.00779
30	0.41637	0.01552	0.01596	0.01307	0.01897	0.01595	0.01079	0.03286	0.01919	0.33169	0.02221	0.02104	0.01487	0.00916	0.00684	0.00263	0.00690	0.00649	0.00778	0.01173
31	0.01014	0.00828	0.00897	0.00952	0.01173	0.00711	0.00687	0.01211	0.01853	0.02264	0.07523	0.25326	0.48011	0.02298	0.01028	0.00304	0.00449	0.01970	0.00790	0.00711
32	0.01707	0.04402	0.65683	0.02426	0.03683	0.01976	0.03144	0.02695	0.01797	0.02695	0.01527	0.01797	0.01078	0.00809	0.00809	0.00270	0.01258	0.00629	0.00359	0.01258
33	0.01079	0.00758	0.00975	0.01132	0.01171	0.00719	0.00733	0.01196	0.01548	0.02064	0.04273	0.56240	0.05102	0.16682	0.01761	0.00445	0.00563	0.02174	0.00733	0.00655
34	0.01634	0.01190	0.01436	0.01266	0.01564	0.01193	0.00978	0.14567	0.02719	0.03781	0.48470	0.08042	0.06515	0.01624	0.00974	0.00268	0.00520	0.01409	0.00912	0.00937
35	0.03179	0.04056	0.02412	0.02192	0.02631	0.66676	0.01644	0.03398	0.02412	0.02083	0.01315	0.01535	0.01096	0.00877	0.00767	0.00219	0.01535	0.00548	0.00438	0.00987
36	0.01119	0.00890	0.01027	0.01022	0.01273	0.00764	0.00746	0.01364	0.01924	0.02506	0.16792	0.23720	0.32894	0.02079	0.00993	0.00285	0.00461	0.01799	0.00790	0.07552
37	0.02366	0.02643	0.03611	0.03956	0.31341	0.19371	0.18803	0.02854	0.02084	0.02578	0.01558	0.02006	0.01265	0.00779	0.00867	0.00253	0.01269	0.00770	0.00428	0.01195
38	0.02703	0.33788	0.03341	0.01864	0.02409	0.34828	0.01572	0.02944	0.02046	0.02045	0.01245	0.01476	0.01095	0.00843	0.00777	0.00211	0.04863	0.00517	0.00402	0.01031
39	0.01088	0.00862	0.00959	0.00937	0.01176	0.00754	0.00691	0.01352	0.02053	0.02633	0.27048	0.07403	0.41454	0.06379	0.01219	0.00315	0.00446	0.01673	0.00822	0.00734
40	0.02326	0.47946	0.14824	0.01748	0.02521	0.13666	0.01783	0.02715	0.01855	0.02137	0.01265	0.01469	0.01090	0.00767	0.00629	0.00204	0.01075	0.00501	0.00376	0.01103
41	0.01008	0.00852	0.00873	0.00890	0.01157	0.00716	0.00659	0.01218	0.01913	0.02288	0.08285	0.13439	0.59406	0.02199	0.01013	0.00292	0.00436	0.01849	0.00790	0.00716
42	0.02571	0.02683	0.02248	0.02088	0.05329	0.29503	0.01556	0.15404	0.02402	0.02793	0.01710	0.02138	0.01439	0.02297	0.17149	0.00521	0.05891	0.00707	0.00526	0.01044
43	0.06284	0.11865	0.02660	0.14536	0.03140	0.36803	0.01719	0.08760	0.02298	0.02495	0.01401	0.01695	0.01129	0.00863	0.00751	0.00232	0.01277	0.00593	0.00462	0.01034
44	0.01025	0.00861	0.00894	0.00915	0.01184	0.00729	0.00690	0.01245	0.01923	0.02304	0.08195	0.11812	0.58162	0.02194	0.01019	0.00296	0.00452	0.04592	0.00790	0.00720
45	0.02927	0.03677	0.02973	0.02492	0.03022	0.52798	0.14560	0.03254	0.02325	0.02221	0.01403	0.01698	0.01138	0.00843	0.00818	0.00234	0.01513	0.00646	0.00437	0.01021
46	0.01037	0.00741	0.00987	0.01185	0.01234	0.00691	0.00790	0.01185	0.01629	0.02172	0.04690	0.69537	0.05629	0.02666	0.01086	0.00346	0.00494	0.02419	0.00790	0.00691
47	0.02275	0.70604	0.04459	0.01456	0.02184	0.03367	0.01456	0.02548	0.01729	0.02002	0.01183	0.01365	0.01092	0.00728	0.00546	0.00182	0.00910	0.00455	0.00364	0.01092
48	0.01117	0.00866	0.01016	0.00978	0.01217	0.00766	0.00734	0.01436	0.02201	0.02920	0.39696	0.07168	0.32976	0.01924	0.01005	0.00276	0.00415	0.01653	0.00872	0.00766
49	0.01478	0.00739	0.01109	0.01109	0.01109	0.00739	0.00739	0.01109	0.01109	0.01478	0.01478	0.02587	0.01478	0.02956	0.03326	0.75240	0.00739	0.00739	0.00370	0.00370
50	0.02106	0.02022	0.03454	0.05223	0.64784	0.02022	0.02612	0.02612	0.01938	0.02780	0.01601	0.02106	0.01348	0.00758	0.00842	0.00253	0.01011	0.00758	0.00421	0.01348
51	0.03235	0.02384	0.02554	0.01958	0.02639	0.02639	0.01618	0.61946	0.04001	0.05363	0.02043	0.02043	0.01447	0.01022	0.00851	0.00255	0.00936	0.00766	0.00851	0.01447
52	0.01707	0.04402	0.65683	0.02426	0.03683	0.01976	0.03144	0.02695	0.01797	0.02695	0.01527	0.01797	0.01078	0.00809	0.00809	0.00270	0.01258	0.00629	0.00359	0.01258
53	0.01850	0.01563	0.01810	0.01301	0.02053	0.01222	0.01044	0.05607	0.01894	0.02923	0.01543	0.01781	0.01271	0.00653	0.00643	0.00134	0.00648	0.00519	0.00524	0.71017
54	0.01204	0.00870	0.01138	0.01071	0.01271	0.00803	0.00803	0.01606	0.02409	0.03413	0.64335	0.06357	0.08030	0.01740	0.01004	0.00268	0.00401	0.01539	0.00937	0.00803
55	0.02106	0.02022	0.03454	0.05223	0.64784	0.02022	0.02612	0.02612	0.01938	0.02780	0.01601	0.02106	0.01348	0.00758	0.00842	0.00253	0.01011	0.00758	0.00421	0.01348
56	0.01037	0.00741	0.00987	0.01185	0.01234	0.00691	0.00790	0.01185	0.01629	0.02172	0.04690	0.69537	0.05629	0.02666	0.01086	0.00346	0.00494	0.02419	0.00790	0.00691
57	0.01006	0.00862	0.00862	0.00862	0.01149	0.00718	0.00647	0.01221	0.01940	0.02299	0.08621	0.08190	0.64438	0.02155	0.01006	0.00287	0.00431	0.01796	0.00790	0.00718
58	0.01035	0.00836	0.00892	0.00927	0.01142	0.00724	0.00659	0.01216	0.01811	0.02210	0.07300	0.19040	0.47492	0.09210	0.01361	0.00353	0.00483	0.01852	0.00762	0.00693
59	0.01018	0.00857	0.00883	0.00889	0.01160	0.00722	0.00662	0.01240	0.01949	0.02351	0.11366	0.11064	0.58618	0.02158	0.01010	0.00289	0.00433	0.01813	0.00798	0.00722
60	0.01765	0.01513	0.01765	0.01260	0.02017	0.01134	0.01008	0.02143	0.01765	0.02773	0.01513	0.01765	0.01260	0.00630	0.00630	0.00126	0.00630	0.00504	0.00504	0.75295
61	0.01037	0.00741	0.00987	0.01185	0.01234	0.00691	0.00790	0.01185	0.01629	0.02172	0.04690	0.69537	0.05629	0.02666	0.01086	0.00346	0.00494	0.02419	0.00790	0.00691
62	0.02552	0.50387	0.03848	0.01666	0.02320	0.19066	0.01512	0.05959	0.02021	0.02203	0.01262	0.01444	0.01112	0.00781	0.00617	0.00195	0.01067	0.00495	0.00409	0.01085
63	0.02583	0.01306	0.01674	0.01372	0.01829	0.01223	0.01097	0.10149	0.02617	0.30398	0.30327	0.04331	0.04661	0.01355	0.00921	0.00264	0.00607	0.01149	0.00977	0.01161
64	0.01238	0.00825	0.00928	0.00928	0.00928	0.00825	0.00516	0.01238	0.01238	0.01650	0.02681	0.05569	0.03094	0.70092	0.04331	0.00825	0.00825	0.01238	0.00516	0.00516
65	0.01823	0.01065	0.01309	0.01208	0.01483	0.01008	0.00888	0.04688	0.05010	0.15626	0.16172	0.18982	0.11809	0.13170	0.01532	0.00379	0.00599	0.01507	0.00834	0.00909
66	0.01270	0.01005	0.01091	0.01064	0.01339	0.00930	0.00793	0.07952	0.02126	0.02671	0.10049	0.20606	0.41783	0.02117	0.01006	0.00295	0.00499	0.01802	0.00805	0.00798
67	0.02248	0.67390	0.07432	0.01503	0.02257	0.03300	0.01538	0.02555	0.01732	0.02036	0.01200	0.01386	0.01091	0.00732	0.00559	0.00186	0.00927	0.00463	0.00364	0.01100
68	0.02923	0.02222	0.02380	0.01876	0.02517	0.02454	0.01530	0.46691	0.16635	0.04850	0.02323	0.02273	0.01686	0.01031	0.00844	0.00256	0.00865	0.00796	0.00838	0.05012
69	0.02106	0.02022	0.03454	0.05223	0.64784	0.02022	0.02612	0.02612	0.01938	0.02780	0.01601	0.02106	0.01348	0.00758	0.00842	0.00253	0.01011	0.00758	0.00421	0.01348
70	0.02444	0.02179	0.02097	0.01825	0.02339	0.09357	0.01431	0.15193	0.45380	0.03736	0.02959	0.02781	0.02215	0.01099	0.00852	0.00275	0.00818	0.00880	0.00816	0.01326
71	0.76103	0.01646	0.01251	0.01119	0.01646	0.01909	0.00922	0.02502	0.01448	0.03818	0.01185	0.01382	0.00922	0.00790	0.00527	0.00263	0.00658	0.00461	0.00527	0.00922
72	0.01216	0.00912	0.01368	0.01368	0.01520	0.01064	0.01064	0.01520	0.01368	0.01976	0.02279	0.03343	0.02127	0.06382	0.66720	0.01368	0.02279	0.00912	0.00456	0.00760
73	0.01765	0.01513	0.01765	0.01260	0.02017	0.01134	0.01008	0.02143	0.01765	0.02773	0.01513	0.01765	0.01260	0.00630	0.00630	0.00126	0.00630	0.00504	0.00504	0.75295
74	0.01255	0.00961	0.01411	0.01389	0.01523	0.01138	0.01075	0.01532	0.01356	0.01959	0.02238	0.03401	0.02131	0.10214	0.58987	0.01275	0.06024	0.00923	0.00455	0.00754
75	0.01037	0.00741	0.00987	0.01185	0.01234	0.00691	0.00790	0.01185	0.01629	0.02172	0.04690	0.69537	0.05629	0.02666	0.01086	0.00346	0.00494	0.02419	0.00790	0.00691
76	0.01864	0.01509	0.01775	0.01273	0.02024	0.01140	0.01020	0.02240	0.01797	0.05805	0.01602	0.01819	0.01301	0.00651	0.00641	0.00133	0.00635	0.00521	0.00531	0.71718
77	0.02106	0.02022	0.03454	0.05223	0.64784	0.02022	0.02612	0.02612	0.01938	0.02780	0.01601	0.02106	0.01348	0.00758	0.00842	0.00253	0.01011	0.00758	0.00421	0.01348
78	0.02074	0.01989	0.03396	0.09281	0.60978	0.02014	0.02596	0.02583	0.01922	0.02741	0.01595	0.02117	0.01334	0.00764	0.00843	0.00255	0.01019	0.00758	0.00418	0.01322
