[name]
unknown

[dist]
# distance from previous block
# <min> <max>
3	8

[block]
# block no. 0 follows, 22 sequences, length 14
# corresponding to MSA columns:
# 8-21
name=unknown_A
#
# <colnr> <probs for GDERKNQSTAVLIFYWHMCP>
#	G	D	E	R	K	N	Q	S	T	A	V	L	I	F	Y	W	H	M	C	P
0	0.02031	0.02057	0.02946	0.04044	0.44836	0.10349	0.04929	0.02445	0.01910	0.02533	0.01986	0.12276	0.01911	0.01034	0.00856	0.00258	0.00997	0.00969	0.00468	0.01164
1	0.02442	0.02228	0.11377	0.02764	0.20007	0.06195	0.04793	0.09851	0.04411	0.16329	0.04521	0.07236	0.02006	0.01025	0.00848	0.00259	0.00938	0.00892	0.00642	0.01237
2	0.16433	0.17464	0.06119	0.01592	0.02133	0.23598	0.01370	0.02725	0.01971	0.07096	0.06502	0.02298	0.05642	0.00957	0.00698	0.00228	0.00984	0.00673	0.00524	0.00992
3	0.06041	0.16542	0.02287	0.09350	0.02252	0.01714	0.05162	0.06261	0.01937	0.02649	0.14845	0.14955	0.05514	0.05730	0.01045	0.00293	0.00745	0.01170	0.00611	0.00897
4	0.02041	0.07670	0.14330	0.06460	0.16457	0.16374	0.01942	0.02654	0.06476	0.02565	0.09699	0.02704	0.05168	0.00989	0.00808	0.00245	0.01021	0.00806	0.00507	0.01085
5	0.06561	0.02588	0.25971	0.05923	0.06893	0.01743	0.02031	0.11717	0.02189	0.13218	0.06200	0.07205	0.02039	0.01047	0.00823	0.00265	0.00932	0.00859	0.00613	0.01186
6	0.02170	0.01782	0.01795	0.01550	0.01991	0.06000	0.01214	0.25275	0.15536	0.03598	0.03942	0.13140	0.15523	0.01474	0.00893	0.00273	0.00734	0.01213	0.00787	0.01110
7	0.02077	0.01817	0.06490	0.01523	0.02169	0.01589	0.01297	0.10280	0.18938	0.07392	0.06824	0.02529	0.02129	0.00919	0.00757	0.00210	0.00697	0.00749	0.00685	0.30928
8	0.02573	0.13643	0.11769	0.02397	0.06960	0.29575	0.09298	0.09438	0.02263	0.02572	0.01437	0.01689	0.01144	0.00814	0.00764	0.00229	0.01261	0.00623	0.00448	0.01106
9	0.10905	0.02444	0.18590	0.07052	0.06420	0.10504	0.06618	0.02275	0.01796	0.02560	0.04553	0.18011	0.02369	0.01249	0.00841	0.00274	0.00977	0.01073	0.00512	0.00979
10	0.01897	0.13879	0.40562	0.02812	0.16881	0.04980	0.02644	0.02621	0.01800	0.02521	0.01447	0.01745	0.01113	0.00770	0.00756	0.00245	0.01136	0.00612	0.00368	0.01211
11	0.02120	0.12127	0.21392	0.03311	0.27083	0.12017	0.05316	0.02686	0.01899	0.02485	0.01452	0.01799	0.01168	0.00766	0.00771	0.00239	0.01140	0.00646	0.00390	0.01195
12	0.02347	0.02436	0.01995	0.01809	0.02259	0.23510	0.01398	0.03783	0.37142	0.02904	0.02671	0.02907	0.02137	0.01089	0.00823	0.00259	0.00939	0.04505	0.00687	0.04400
13	0.01815	0.01587	0.01836	0.02148	0.15273	0.10420	0.01359	0.04994	0.01812	0.02539	0.02055	0.02663	0.01756	0.02847	0.25368	0.00632	0.01372	0.00775	0.17813	0.00935

[dist]
# distance from previous block
# <min> <max>
0	2

[block]
# block no. 1 follows, 22 sequences, length 15
# corresponding to MSA columns:
# 24-38
name=unknown_B
#
# <colnr> <probs for GDERKNQSTAVLIFYWHMCP>
#	G	D	E	R	K	N	Q	S	T	A	V	L	I	F	Y	W	H	M	C	P
0	0.11743	0.29342	0.13230	0.01686	0.02373	0.13925	0.01634	0.08568	0.02035	0.02699	0.04741	0.01758	0.01440	0.00838	0.00663	0.00219	0.00995	0.00575	0.00464	0.01072
1	0.09032	0.14528	0.02895	0.10673	0.18676	0.19230	0.01854	0.02621	0.01842	0.02352	0.01324	0.01715	0.01123	0.00852	0.00920	0.00243	0.08055	0.00607	0.00405	0.01054
2	0.02163	0.02469	0.10177	0.02466	0.13014	0.12415	0.05333	0.06488	0.14064	0.02848	0.01852	0.02064	0.01455	0.00867	0.00884	0.00235	0.04658	0.00698	0.00529	0.15322
3	0.02523	0.02728	0.02587	0.15252	0.16935	0.29092	0.01921	0.09753	0.06411	0.02658	0.01601	0.01918	0.01267	0.00860	0.00796	0.00241	0.01191	0.00669	0.00487	0.01107
4	0.01467	0.01034	0.01226	0.01151	0.01287	0.01091	0.00787	0.09976	0.01700	0.02311	0.06245	0.07999	0.03029	0.41059	0.15379	0.00771	0.01048	0.01161	0.00577	0.00702
5	0.01129	0.00778	0.00973	0.01049	0.01175	0.00712	0.00743	0.01183	0.01587	0.02014	0.05118	0.27817	0.25338	0.02482	0.01590	0.19396	0.00538	0.05100	0.00667	0.00610
6	0.02213	0.02325	0.03392	0.04432	0.48141	0.12508	0.09606	0.02686	0.01974	0.02598	0.01532	0.01989	0.01270	0.00754	0.00830	0.00245	0.01119	0.00736	0.00415	0.01236
7	0.01051	0.00763	0.00992	0.01106	0.01208	0.00704	0.00765	0.01263	0.01804	0.02435	0.20163	0.49691	0.10298	0.02339	0.01034	0.00314	0.00455	0.02102	0.00807	0.00704
8	0.01346	0.01124	0.01641	0.01549	0.01660	0.01419	0.01235	0.01614	0.01319	0.01946	0.01938	0.02898	0.01828	0.05024	0.51142	0.01090	0.19170	0.00849	0.00424	0.00784
9	0.02221	0.71304	0.04353	0.01421	0.02132	0.03287	0.01421	0.02488	0.01688	0.01955	0.01155	0.01333	0.01066	0.00711	0.00533	0.00178	0.00888	0.00444	0.00355	0.01066
10	0.02541	0.01958	0.02060	0.01716	0.02202	0.04954	0.01358	0.40719	0.07261	0.04189	0.02708	0.19296	0.02504	0.01405	0.00886	0.00272	0.00814	0.01159	0.00799	0.01200
11	0.16464	0.36492	0.03306	0.02252	0.18010	0.02543	0.01560	0.02464	0.01690	0.02550	0.01344	0.01616	0.01156	0.00744	0.00605	0.00211	0.00838	0.00538	0.04537	0.01081
12	0.05641	0.04882	0.01751	0.01407	0.01739	0.01663	0.01085	0.20933	0.05506	0.03051	0.02219	0.03276	0.02050	0.21890	0.18604	0.00678	0.01186	0.00894	0.00603	0.00940
13	0.01999	0.44493	0.29220	0.01800	0.02718	0.02744	0.02081	0.02545	0.01714	0.02225	0.01289	0.01501	0.01061	0.00742	0.00636	0.00212	0.01024	0.00512	0.00354	0.01131
14	0.01835	0.02410	0.18324	0.02321	0.12541	0.08165	0.01885	0.05760	0.09342	0.02627	0.02379	0.02741	0.05824	0.02274	0.17324	0.00524	0.01324	0.00817	0.00505	0.01081

[dist]
# distance from previous block
# <min> <max>
3	9

[block]
# block no. 2 follows, 22 sequences, length 17
# corresponding to MSA columns:
# 48-64
name=unknown_C
#
# <colnr> <probs for GDERKNQSTAVLIFYWHMCP>
#	G	D	E	R	K	N	Q	S	T	A	V	L	I	F	Y	W	H	M	C	P
0	0.20060	0.03186	0.02112	0.01887	0.02321	0.44486	0.01454	0.06375	0.02155	0.02603	0.01282	0.01512	0.01051	0.00883	0.00826	0.00236	0.05596	0.00540	0.00466	0.00970
1	0.02028	0.17664	0.02572	0.01604	0.02165	0.06100	0.05761	0.10655	0.06041	0.02825	0.05049	0.12515	0.02256	0.01100	0.00762	0.00220	0.00805	0.00918	0.00583	0.18378
2	0.01914	0.01475	0.01692	0.01686	0.07374	0.01566	0.01183	0.10502	0.23468	0.03308	0.03094	0.09110	0.05297	0.01182	0.00790	0.00248	0.00627	0.00994	0.17835	0.06654
3	0.01208	0.00805	0.00906	0.00906	0.00906	0.00805	0.00503	0.01208	0.01208	0.01611	0.02618	0.05436	0.03020	0.70804	0.04228	0.00805	0.00805	0.01208	0.00503	0.00503
4	0.02409	0.01660	0.02205	0.02378	0.16976	0.01699	0.01557	0.16584	0.08927	0.15114	0.13526	0.03562	0.03000	0.01175	0.00881	0.00265	0.00764	0.05316	0.00780	0.01222
5	0.01326	0.01030	0.01292	0.01232	0.01237	0.01192	0.00840	0.01385	0.01269	0.01762	0.02501	0.12439	0.02873	0.46497	0.03497	0.00646	0.16623	0.01236	0.00503	0.00618
6	0.01127	0.00788	0.01005	0.01081	0.01127	0.00795	0.00704	0.01237	0.01382	0.01869	0.03324	0.30692	0.03832	0.32389	0.14187	0.00714	0.00929	0.01608	0.00599	0.00613
7	0.01945	0.01860	0.03171	0.19680	0.51913	0.01945	0.02494	0.02452	0.01839	0.02579	0.01543	0.02092	0.01268	0.00761	0.00824	0.00254	0.01015	0.00740	0.00402	0.01226
8	0.03103	0.03959	0.02354	0.02140	0.02568	0.67469	0.01605	0.03317	0.02354	0.02033	0.01284	0.01498	0.01070	0.00856	0.00749	0.00214	0.01498	0.00535	0.00428	0.00963
9	0.01004	0.00842	0.00873	0.00865	0.01136	0.00711	0.00649	0.01235	0.01946	0.02369	0.14954	0.07789	0.58669	0.02057	0.00982	0.00278	0.00417	0.01724	0.00788	0.00711
10	0.02010	0.01927	0.03289	0.11131	0.59951	0.01962	0.02527	0.02509	0.01870	0.02658	0.01554	0.02071	0.01296	0.00749	0.00823	0.00250	0.00998	0.00740	0.00407	0.01279
11	0.00982	0.00842	0.00842	0.00842	0.01122	0.00701	0.00631	0.01192	0.01894	0.02244	0.08416	0.07995	0.65285	0.02104	0.00982	0.00281	0.00421	0.01753	0.00771	0.00701
12	0.02030	0.01904	0.01548	0.01410	0.01752	0.18774	0.01075	0.07047	0.11447	0.02971	0.13418	0.03668	0.10025	0.01215	0.00795	0.00237	0.00766	0.00966	0.18004	0.00945
13	0.03055	0.07967	0.02497	0.02066	0.02542	0.55191	0.01590	0.10844	0.02510	0.02436	0.01366	0.01551	0.01113	0.00865	0.00746	0.00216	0.01386	0.00556	0.00475	0.01027
14	0.02147	0.22612	0.34761	0.02056	0.02959	0.17302	0.02282	0.02749	0.01873	0.02308	0.01351	0.01580	0.01060	0.00783	0.00710	0.00228	0.01196	0.00549	0.00370	0.01123
15	0.01813	0.22079	0.50008	0.02117	0.03207	0.02290	0.02632	0.02593	0.01736	0.02451	0.01402	0.01642	0.01056	0.00768	0.00721	0.00240	0.01138	0.00569	0.00352	0.01185
16	0.02056	0.01974	0.03372	0.05099	0.65622	0.01974	0.02550	0.02550	0.01892	0.02714	0.01563	0.02056	0.01316	0.00740	0.00822	0.00247	0.00987	0.00740	0.00411	0.01316

[dist]
# distance from previous block
# <min> <max>
0	1

[block]
# block no. 3 follows, 22 sequences, length 17
# corresponding to MSA columns:
# 66-82
name=unknown_D
#
# <colnr> <probs for GDERKNQSTAVLIFYWHMCP>
#	G	D	E	R	K	N	Q	S	T	A	V	L	I	F	Y	W	H	M	C	P
0	0.02447	0.02301	0.03038	0.03977	0.42876	0.10151	0.02203	0.17003	0.02428	0.03231	0.01631	0.01973	0.01309	0.00816	0.00815	0.00243	0.01032	0.00717	0.00513	0.01296
1	0.02108	0.01953	0.01945	0.06860	0.05302	0.12617	0.01402	0.11725	0.20076	0.03225	0.14480	0.03647	0.06233	0.01228	0.00870	0.00264	0.00827	0.03427	0.00723	0.01088
2	0.01009	0.00736	0.00950	0.01121	0.01196	0.00678	0.00755	0.01161	0.01625	0.02135	0.05010	0.63266	0.12212	0.02547	0.01052	0.00331	0.00475	0.02293	0.00771	0.00678
3	0.03158	0.02327	0.02493	0.01911	0.02576	0.02576	0.01579	0.62852	0.03906	0.05236	0.01995	0.01995	0.01413	0.00997	0.00831	0.00249	0.00914	0.00748	0.00831	0.01413
4	0.02305	0.02447	0.03130	0.04395	0.50608	0.17570	0.02325	0.02732	0.02002	0.02552	0.01496	0.01923	0.01257	0.00768	0.00805	0.00239	0.01109	0.00691	0.00415	0.01232
5	0.00982	0.00842	0.00842	0.00842	0.01122	0.00701	0.00631	0.01192	0.01894	0.02244	0.08416	0.07995	0.65285	0.02104	0.00982	0.00281	0.00421	0.01753	0.00771	0.00701
6	0.01549	0.00774	0.00774	0.00774	0.00968	0.00774	0.00581	0.01936	0.01742	0.03097	0.02710	0.03097	0.02129	0.00968	0.00581	0.00194	0.00387	0.00774	0.75416	0.00774
7	0.01549	0.00774	0.00774	0.00774	0.00968	0.00774	0.00581	0.01936	0.01742	0.03097	0.02710	0.03097	0.02129	0.00968	0.00581	0.00194	0.00387	0.00774	0.75416	0.00774
8	0.02066	0.01785	0.01878	0.01691	0.02160	0.02066	0.01315	0.04414	0.64121	0.03475	0.03381	0.03099	0.02536	0.01127	0.00845	0.00282	0.00657	0.00939	0.00845	0.01315
9	0.02120	0.02149	0.03031	0.04316	0.50502	0.11128	0.02270	0.02555	0.01903	0.02542	0.01588	0.02094	0.01355	0.01289	0.07279	0.00348	0.01179	0.00726	0.00417	0.01210
10	0.03107	0.03856	0.02363	0.02126	0.02569	0.63347	0.01603	0.07099	0.02453	0.02237	0.01329	0.01530	0.01092	0.00865	0.00754	0.00216	0.01461	0.00549	0.00454	0.00992
11	0.01222	0.00928	0.01349	0.01330	0.01455	0.01090	0.01018	0.01479	0.01318	0.01896	0.02211	0.03433	0.02132	0.13239	0.57065	0.01226	0.05520	0.00917	0.00447	0.00724
12	0.01010	0.00732	0.00955	0.01133	0.01199	0.00677	0.00761	0.01159	0.01613	0.02130	0.04869	0.65556	0.10013	0.02565	0.01054	0.00333	0.00477	0.02316	0.00771	0.00677
13	0.01208	0.00805	0.00906	0.00906	0.00906	0.00805	0.00503	0.01208	0.01208	0.01611	0.02618	0.05436	0.03020	0.70804	0.04228	0.00805	0.00805	0.01208	0.00503	0.00503
14	0.01091	0.00846	0.00992	0.00956	0.01189	0.00748	0.00717	0.01403	0.02150	0.02854	0.40231	0.06992	0.33089	0.01877	0.00981	0.00270	0.00405	0.01613	0.00852	0.00748
15	0.23393	0.02129	0.02143	0.01686	0.02309	0.02380	0.01392	0.46224	0.03220	0.04820	0.01764	0.01817	0.01272	0.00935	0.00744	0.00251	0.00839	0.00666	0.00744	0.01272
16	0.02136	0.01819	0.01918	0.01705	0.02187	0.02099	0.01332	0.08127	0.60296	0.03587	0.03293	0.03029	0.02465	0.01119	0.00844	0.00280	0.00674	0.00927	0.00844	0.01321

[dist]
# distance from previous block
# <min> <max>
0	3

[block]
# block no. 4 follows, 22 sequences, length 20
# corresponding to MSA columns:
# 86-105
name=unknown_E
#
# <colnr> <probs for GDERKNQSTAVLIFYWHMCP>
#	G	D	E	R	K	N	Q	S	T	A	V	L	I	F	Y	W	H	M	C	P
0	0.01205	0.00814	0.00948	0.00944	0.00967	0.00819	0.00557	0.01250	0.01294	0.01748	0.06815	0.05346	0.03284	0.61904	0.08160	0.00803	0.00871	0.01207	0.00527	0.00538
1	0.03134	0.03041	0.02432	0.02011	0.02573	0.30959	0.01590	0.36813	0.03227	0.03835	0.01684	0.01777	0.01263	0.00936	0.00795	0.00234	0.01170	0.00655	0.00655	0.01216
2	0.01963	0.02332	0.09384	0.03845	0.20909	0.02053	0.41577	0.02628	0.01926	0.02673	0.01634	0.02152	0.01259	0.00718	0.00922	0.00270	0.01275	0.00886	0.00412	0.01182
3	0.01176	0.00849	0.01110	0.01045	0.01241	0.00784	0.00784	0.01568	0.02352	0.03331	0.65184	0.06206	0.07839	0.01698	0.00980	0.00261	0.00392	0.01502	0.00914	0.00784
4	0.01498	0.01363	0.02185	0.41613	0.04099	0.01720	0.01898	0.01933	0.01521	0.02053	0.01628	0.02446	0.01368	0.02379	0.19176	0.00576	0.10505	0.00778	0.00389	0.00872
5	0.01027	0.00843	0.00904	0.00889	0.01150	0.00720	0.00667	0.01279	0.02000	0.02496	0.21584	0.07580	0.51959	0.02010	0.00981	0.00276	0.00414	0.01695	0.00805	0.00720
6	0.01208	0.00805	0.00906	0.00906	0.00906	0.00805	0.00503	0.01208	0.01208	0.01611	0.02618	0.05436	0.03020	0.70804	0.04228	0.00805	0.00805	0.01208	0.00503	0.00503
7	0.03103	0.03959	0.02354	0.02140	0.02568	0.67469	0.01605	0.03317	0.02354	0.02033	0.01284	0.01498	0.01070	0.00856	0.00749	0.00214	0.01498	0.00535	0.00428	0.00963
8	0.01193	0.00867	0.01219	0.01219	0.01327	0.00975	0.00893	0.01409	0.01301	0.01842	0.02332	0.03853	0.02333	0.23751	0.50342	0.01191	0.01840	0.00976	0.00461	0.00677
9	0.02798	0.21739	0.02890	0.01865	0.02421	0.32025	0.01529	0.15274	0.07060	0.02769	0.01549	0.01673	0.01247	0.00865	0.00714	0.00216	0.01152	0.00584	0.00521	0.01108
10	0.03103	0.03959	0.02354	0.02140	0.02568	0.67469	0.01605	0.03317	0.02354	0.02033	0.01284	0.01498	0.01070	0.00856	0.00749	0.00214	0.01498	0.00535	0.00428	0.00963
11	0.01030	0.00766	0.00923	0.01038	0.01143	0.00699	0.00697	0.01173	0.01622	0.02086	0.05358	0.44720	0.21387	0.11565	0.01462	0.00384	0.00509	0.02043	0.00736	0.00659
12	0.01246	0.00856	0.01014	0.01018	0.01247	0.00752	0.00746	0.01483	0.01940	0.07509	0.18112	0.24128	0.32756	0.02074	0.00991	0.00290	0.00454	0.01796	0.00820	0.00767
13	0.02801	0.06569	0.02328	0.01993	0.02445	0.47992	0.01523	0.03555	0.17876	0.02393	0.01806	0.01894	0.01439	0.00918	0.00763	0.00229	0.01258	0.00633	0.00530	0.01057
14	0.01926	0.01310	0.01494	0.01336	0.01636	0.01346	0.00990	0.20910	0.02332	0.07673	0.03644	0.24193	0.09396	0.15982	0.01616	0.00394	0.00696	0.01442	0.00754	0.00929
15	0.01630	0.01518	0.02437	0.23105	0.30125	0.01595	0.01965	0.02075	0.01850	0.02473	0.06753	0.03609	0.15212	0.01113	0.00868	0.00264	0.00868	0.01000	0.00505	0.01036
16	0.01873	0.01787	0.03040	0.29098	0.43058	0.01926	0.02458	0.02389	0.01805	0.02491	0.01530	0.02116	0.01237	0.00774	0.00825	0.00258	0.01032	0.00739	0.00395	0.01168
17	0.11274	0.10269	0.33282	0.01906	0.02764	0.08801	0.02112	0.05808	0.05252	0.02788	0.02072	0.02215	0.06243	0.00920	0.00745	0.00250	0.01037	0.00683	0.00465	0.01115
18	0.02790	0.15485	0.10446	0.01976	0.02616	0.30120	0.01741	0.19697	0.02597	0.02984	0.01484	0.01638	0.01163	0.00862	0.00738	0.00223	0.01195	0.00588	0.00518	0.01139
19	0.01839	0.03886	0.56007	0.02503	0.06788	0.01892	0.05643	0.02724	0.01813	0.06927	0.01624	0.01865	0.01143	0.00799	0.00803	0.00263	0.01188	0.00652	0.00403	0.01240

[dist]
# distance from previous block
# <min> <max>
8	26

[block]
# block no. 5 follows, 22 sequences, length 38
# corresponding to MSA columns:
# 132-169
name=unknown_F
#
# <colnr> <probs for GDERKNQSTAVLIFYWHMCP>
#	G	D	E	R	K	N	Q	S	T	A	V	L	I	F	Y	W	H	M	C	P
0	0.01885	0.02606	0.19256	0.08660	0.23097	0.06918	0.12572	0.02492	0.01846	0.02512	0.01817	0.02269	0.03445	0.01195	0.05533	0.00334	0.01235	0.00778	0.00410	0.01140
1	0.08996	0.10770	0.17280	0.02441	0.14987	0.10798	0.01939	0.06999	0.06800	0.02810	0.02150	0.02320	0.06439	0.00925	0.00758	0.00245	0.00991	0.00720	0.00495	0.01138
2	0.02184	0.06020	0.17846	0.02110	0.07362	0.19216	0.01828	0.02973	0.11802	0.05708	0.12231	0.02680	0.02468	0.01013	0.00811	0.00247	0.01015	0.00802	0.00578	0.01107
3	0.02099	0.06597	0.20759	0.06046	0.22647	0.17260	0.02266	0.02631	0.01940	0.02431	0.01950	0.02242	0.05812	0.00883	0.00793	0.00244	0.01134	0.00715	0.00419	0.01133
4	0.01979	0.02252	0.08739	0.10619	0.33166	0.04458	0.18672	0.02550	0.01868	0.02579	0.01550	0.02067	0.01240	0.00776	0.00937	0.00264	0.03907	0.00786	0.00403	0.01187
5	0.07699	0.02670	0.26774	0.02148	0.07113	0.01849	0.02092	0.12461	0.08386	0.03203	0.02335	0.03471	0.02027	0.01159	0.00856	0.00285	0.00963	0.12774	0.00580	0.01153
6	0.01932	0.21864	0.37937	0.02383	0.07718	0.05415	0.06711	0.02621	0.01789	0.02430	0.01410	0.01686	0.01091	0.00762	0.00735	0.00238	0.01145	0.00600	0.00365	0.01171
7	0.21590	0.02047	0.12632	0.01956	0.07499	0.01640	0.08985	0.04795	0.01832	0.05919	0.02523	0.02679	0.10334	0.00953	0.00750	0.00244	0.00838	0.00788	0.00538	0.11460
8	0.01676	0.02323	0.21543	0.09614	0.02701	0.06573	0.01820	0.02193	0.01828	0.05458	0.09108	0.03436	0.11957	0.01607	0.06394	0.00356	0.06411	0.00937	0.03091	0.00973
9	0.37154	0.02044	0.15943	0.01466	0.02079	0.01646	0.01446	0.02450	0.01571	0.09390	0.01662	0.01979	0.01290	0.01914	0.14262	0.00478	0.01103	0.00615	0.00515	0.00993
10	0.01931	0.09139	0.12488	0.02375	0.07421	0.01936	0.18553	0.12164	0.02230	0.03003	0.08100	0.05407	0.09391	0.01083	0.00874	0.00260	0.00980	0.01001	0.00566	0.01099
11	0.02411	0.02855	0.02086	0.01895	0.02198	0.40624	0.01455	0.02641	0.02042	0.02126	0.06494	0.02527	0.06185	0.01643	0.07812	0.00359	0.12510	0.00758	0.00479	0.00901
12	0.02014	0.02572	0.11352	0.02239	0.09697	0.22557	0.04467	0.02482	0.04019	0.02272	0.02379	0.02766	0.07847	0.02255	0.16880	0.00507	0.01434	0.00812	0.00468	0.00982
13	0.11977	0.38837	0.03301	0.01632	0.02136	0.12137	0.01458	0.02504	0.01665	0.02206	0.01161	0.01454	0.01050	0.00886	0.00995	0.00230	0.14470	0.00514	0.00388	0.00999
14	0.18700	0.29254	0.07504	0.01684	0.02315	0.15756	0.05869	0.02644	0.01790	0.02512	0.01315	0.01547	0.01092	0.00770	0.00626	0.00217	0.00997	0.00530	0.03866	0.01010
15	0.02118	0.08711	0.31747	0.02920	0.19652	0.02183	0.02495	0.14871	0.02224	0.03129	0.01585	0.01849	0.01197	0.00812	0.00786	0.00249	0.01073	0.00661	0.00465	0.01276
16	0.04818	0.15866	0.02355	0.01546	0.02114	0.02104	0.01281	0.03709	0.34988	0.12402	0.02680	0.02527	0.02003	0.00973	0.00750	0.00243	0.00708	0.00770	0.00732	0.07431
17	0.01177	0.00810	0.00999	0.01024	0.01119	0.00808	0.00691	0.01350	0.01541	0.02149	0.11710	0.16686	0.08212	0.28408	0.13066	0.00650	0.00864	0.01403	0.06685	0.00646
18	0.00983	0.00836	0.00847	0.00856	0.01126	0.00700	0.00638	0.01191	0.01879	0.02238	0.08238	0.10885	0.62510	0.02127	0.00985	0.00283	0.00424	0.01782	0.00771	0.00700
19	0.02915	0.02810	0.02625	0.02639	0.15422	0.24504	0.01786	0.30333	0.02968	0.03634	0.01665	0.01838	0.01277	0.00897	0.00801	0.00237	0.01127	0.00674	0.00609	0.01240
20	0.01012	0.00723	0.00964	0.01157	0.01205	0.00675	0.00771	0.01157	0.01591	0.02121	0.04579	0.70262	0.05495	0.02603	0.01060	0.00337	0.00482	0.02362	0.00771	0.00675
21	0.01842	0.01367	0.01596	0.01891	0.14426	0.05869	0.01173	0.06541	0.01932	0.02982	0.02275	0.02709	0.01832	0.01444	0.07383	0.00325	0.00810	0.00760	0.41901	0.00941
22	0.02293	0.65848	0.04191	0.01480	0.02168	0.08488	0.01436	0.02555	0.01742	0.01961	0.01165	0.01346	0.01066	0.00723	0.00551	0.00181	0.00938	0.00452	0.00361	0.01058
23	0.01069	0.00845	0.00962	0.00933	0.01175	0.00738	0.00699	0.01360	0.02098	0.02730	0.33808	0.07195	0.39589	0.01923	0.00981	0.00272	0.00408	0.01641	0.00835	0.00738
24	0.01187	0.00890	0.01335	0.01335	0.01483	0.01038	0.01038	0.01483	0.01335	0.01928	0.02225	0.03264	0.02077	0.06231	0.67512	0.01335	0.02225	0.00890	0.00445	0.00742
25	0.02354	0.13917	0.02843	0.17860	0.13497	0.26067	0.01869	0.02865	0.06776	0.02263	0.01515	0.01851	0.01231	0.00828	0.00752	0.00233	0.01160	0.00632	0.00432	0.01055
26	0.02024	0.02166	0.08592	0.04873	0.60493	0.01970	0.02593	0.02556	0.01880	0.02707	0.01557	0.02031	0.01294	0.00744	0.00820	0.00248	0.01007	0.00730	0.00406	0.01309
27	0.08810	0.02887	0.02343	0.01934	0.02498	0.26982	0.01536	0.35749	0.03129	0.03912	0.01662	0.01758	0.01244	0.00927	0.00776	0.00237	0.01113	0.00645	0.00655	0.01204
28	0.01987	0.02408	0.13272	0.03092	0.22391	0.07028	0.08183	0.02898	0.14510	0.02690	0.01924	0.02262	0.01534	0.01270	0.05663	0.00342	0.06093	0.00778	0.00491	0.01184
29	0.01234	0.00809	0.00928	0.00928	0.00956	0.00821	0.00551	0.01288	0.01261	0.01756	0.02595	0.05079	0.02875	0.60163	0.08816	0.00797	0.00881	0.01148	0.06569	0.00544
30	0.01201	0.00832	0.01040	0.01040	0.01086	0.00878	0.00670	0.01294	0.01248	0.01710	0.02495	0.04759	0.02726	0.50667	0.23964	0.00971	0.01248	0.01109	0.00485	0.00578
31	0.02780	0.02745	0.02236	0.02136	0.07250	0.31226	0.01538	0.05914	0.21642	0.10763	0.02238	0.02227	0.01684	0.00959	0.00799	0.00244	0.01075	0.00723	0.00648	0.01174
32	0.13240	0.31260	0.07894	0.01541	0.02225	0.05515	0.01452	0.07795	0.04065	0.15286	0.01749	0.01783	0.01314	0.00832	0.00655	0.00222	0.00867	0.00581	0.00569	0.01155
33	0.01568	0.01990	0.15240	0.02849	0.26339	0.01464	0.01932	0.02057	0.01866	0.02527	0.03982	0.04591	0.21667	0.01334	0.00898	0.00274	0.00836	0.06987	0.00547	0.01050
34	0.05662	0.02778	0.15660	0.17978	0.12545	0.15348	0.04288	0.10930	0.02162	0.02814	0.01516	0.01883	0.01156	0.00830	0.00795	0.00252	0.01156	0.00668	0.00455	0.01123
35	0.02259	0.21200	0.25893	0.02303	0.09562	0.07033	0.02175	0.14906	0.02232	0.02951	0.01499	0.01707	0.01159	0.00811	0.00731	0.00233	0.01068	0.00605	0.00462	0.01214
36	0.02427	0.01823	0.02069	0.01666	0.02213	0.01934	0.01364	0.37123	0.02929	0.04011	0.02127	0.02721	0.01751	0.01996	0.13140	0.00439	0.01097	0.05042	0.00699	0.13431
37	0.02820	0.14803	0.02747	0.04931	0.02607	0.14876	0.01568	0.33362	0.07995	0.03762	0.01800	0.01883	0.01363	0.00923	0.00764	0.00234	0.01008	0.00669	0.00650	0.01236

[dist]
# distance from previous block
# <min> <max>
4	11

[block]
# block no. 6 follows, 22 sequences, length 12
# corresponding to MSA columns:
# 181-192
name=unknown_G
#
# <colnr> <probs for GDERKNQSTAVLIFYWHMCP>
#	G	D	E	R	K	N	Q	S	T	A	V	L	I	F	Y	W	H	M	C	P
0	0.02556	0.20852	0.17448	0.02013	0.02693	0.36531	0.01892	0.02954	0.02051	0.02150	0.01299	0.01515	0.01065	0.00805	0.00704	0.00216	0.01284	0.00530	0.00392	0.01049
1	0.01509	0.01322	0.01360	0.01339	0.01618	0.06779	0.01011	0.02090	0.12211	0.02445	0.04107	0.23007	0.11922	0.06513	0.01167	0.00325	0.00673	0.10794	0.00704	0.09105
2	0.01411	0.01123	0.01625	0.02091	0.18421	0.01103	0.01147	0.01653	0.01707	0.02376	0.17887	0.10554	0.03969	0.28834	0.02229	0.00479	0.00723	0.01258	0.00604	0.00806
3	0.02420	0.02830	0.02869	0.02766	0.12787	0.33084	0.12636	0.02773	0.02016	0.02240	0.01494	0.01946	0.01261	0.01471	0.08631	0.00371	0.06262	0.00702	0.00421	0.01018
4	0.02418	0.02633	0.02821	0.03622	0.35368	0.24566	0.02058	0.03064	0.10402	0.02581	0.01711	0.02004	0.01395	0.00832	0.00800	0.00240	0.01119	0.00696	0.00475	0.01194
5	0.01722	0.01718	0.06885	0.02899	0.22158	0.01543	0.09966	0.06354	0.01992	0.02743	0.05365	0.17846	0.03009	0.01439	0.00951	0.00294	0.00887	0.10593	0.00592	0.01044
6	0.01204	0.01016	0.01051	0.01049	0.01263	0.04077	0.00757	0.01523	0.04707	0.02464	0.19749	0.17252	0.30702	0.07919	0.01257	0.00328	0.00521	0.01654	0.00768	0.00739
7	0.02477	0.02852	0.02490	0.08106	0.19232	0.35241	0.01819	0.02962	0.07070	0.02348	0.02031	0.02277	0.05677	0.00931	0.00799	0.00238	0.01192	0.00721	0.00476	0.01062
8	0.01949	0.01916	0.02723	0.30450	0.27120	0.07588	0.02202	0.02692	0.10223	0.02516	0.01748	0.02213	0.01374	0.00839	0.00823	0.00261	0.01036	0.00749	0.00454	0.01125
9	0.01882	0.01790	0.02137	0.02610	0.21975	0.12001	0.01564	0.02219	0.01805	0.02468	0.07282	0.02829	0.02144	0.06242	0.09952	0.00426	0.07793	0.00827	0.11086	0.00969
10	0.02058	0.02087	0.01646	0.01527	0.01780	0.25402	0.01121	0.06446	0.01886	0.02202	0.01994	0.03050	0.01897	0.19401	0.18195	0.00639	0.01391	0.00820	0.05644	0.00814
11	0.01970	0.01987	0.01486	0.01390	0.01674	0.25541	0.01045	0.02276	0.02105	0.02626	0.18137	0.03624	0.07458	0.01530	0.05143	0.00299	0.00923	0.00942	0.19003	0.00840

[dist]
# distance from previous block
# <min> <max>
1	27

[block]
# block no. 7 follows, 22 sequences, length 6
# corresponding to MSA columns:
# 220-225
name=unknown_H
#
# <colnr> <probs for GDERKNQSTAVLIFYWHMCP>
#	G	D	E	R	K	N	Q	S	T	A	V	L	I	F	Y	W	H	M	C	P
0	0.02342	0.02357	0.02706	0.23615	0.21254	0.17809	0.02084	0.12740	0.02270	0.02790	0.01541	0.01961	0.01208	0.00839	0.00809	0.00249	0.01135	0.00691	0.00473	0.01125
1	0.07168	0.02724	0.02237	0.01879	0.02422	0.25993	0.01482	0.24575	0.10916	0.09525	0.01991	0.02001	0.01467	0.00953	0.00786	0.00242	0.01059	0.00687	0.00687	0.01207
2	0.01825	0.05791	0.08640	0.02393	0.15614	0.13571	0.01688	0.02214	0.01701	0.02187	0.01781	0.02429	0.01574	0.03238	0.30834	0.00729	0.01657	0.00742	0.00420	0.00971
3	0.15309	0.05847	0.02209	0.01871	0.06499	0.08351	0.01424	0.28947	0.05807	0.03876	0.02392	0.02673	0.06475	0.01066	0.00780	0.00254	0.00868	0.03507	0.00677	0.01166
4	0.02183	0.13768	0.02165	0.01495	0.01933	0.07718	0.01253	0.13482	0.02453	0.09476	0.20167	0.04338	0.03763	0.01352	0.00867	0.00260	0.00770	0.10788	0.00744	0.01026
5	0.02019	0.02089	0.02281	0.02392	0.12771	0.17514	0.04354	0.05602	0.01967	0.02464	0.06837	0.17549	0.02642	0.01407	0.01240	0.00284	0.13951	0.01121	0.00548	0.00966

[dist]
# distance from previous block
# <min> <max>
15	35

[block]
# block no. 8 follows, 22 sequences, length 12
# corresponding to MSA columns:
# 261-272
name=unknown_I
#
# <colnr> <probs for GDERKNQSTAVLIFYWHMCP>
#	G	D	E	R	K	N	Q	S	T	A	V	L	I	F	Y	W	H	M	C	P
0	0.02481	0.02374	0.02019	0.01864	0.06362	0.23838	0.01357	0.14691	0.02472	0.07501	0.03205	0.03207	0.15610	0.01145	0.00816	0.00232	0.00962	0.00882	0.00635	0.08347
1	0.02362	0.02395	0.09134	0.02362	0.11934	0.07948	0.01771	0.17138	0.29038	0.03544	0.02408	0.02408	0.01811	0.00980	0.00824	0.00261	0.00900	0.00796	0.00688	0.01297
2	0.07243	0.10209	0.07330	0.01630	0.05463	0.15544	0.01302	0.02159	0.01995	0.02539	0.15473	0.07298	0.16004	0.01335	0.00824	0.00248	0.00819	0.01073	0.00603	0.00908
3	0.02394	0.02868	0.11794	0.08451	0.02768	0.25210	0.01745	0.13956	0.02255	0.02674	0.01645	0.02281	0.01414	0.10854	0.01405	0.00328	0.05733	0.00715	0.00493	0.01015
4	0.01249	0.00974	0.01327	0.01651	0.10785	0.00934	0.00985	0.01451	0.01656	0.02206	0.08569	0.25246	0.13078	0.20049	0.01844	0.00436	0.00646	0.05513	0.00657	0.00744
5	0.01252	0.00937	0.01115	0.01145	0.01334	0.00895	0.00824	0.07685	0.02009	0.02641	0.13465	0.39486	0.19708	0.02192	0.01007	0.00304	0.00500	0.01930	0.00797	0.00773
6	0.02185	0.02278	0.03055	0.13597	0.45196	0.14327	0.02337	0.02634	0.01946	0.02501	0.01498	0.01973	0.01240	0.00775	0.00810	0.00245	0.01101	0.00701	0.00408	0.01193
7	0.02068	0.03029	0.27944	0.08818	0.09005	0.09473	0.02238	0.13876	0.02248	0.02971	0.02301	0.02504	0.07961	0.00975	0.00820	0.00256	0.01080	0.00775	0.00502	0.01155
8	0.12587	0.16644	0.38581	0.01982	0.02925	0.09126	0.02292	0.02649	0.01757	0.02595	0.01357	0.01589	0.01035	0.00779	0.00697	0.00241	0.01109	0.00550	0.00383	0.01122
9	0.01628	0.01771	0.08880	0.07460	0.20161	0.05268	0.01827	0.02061	0.01848	0.02445	0.03139	0.14551	0.06290	0.01542	0.00949	0.00302	0.00884	0.17446	0.00574	0.00976
10	0.06589	0.06382	0.09594	0.02641	0.12860	0.19401	0.12329	0.04563	0.01990	0.02521	0.01945	0.02275	0.05478	0.01171	0.04260	0.00304	0.03429	0.00756	0.00452	0.01061
11	0.02145	0.02205	0.03490	0.04584	0.50770	0.08370	0.10995	0.02640	0.01946	0.02640	0.01552	0.02028	0.01284	0.00746	0.00838	0.00248	0.01096	0.00754	0.00414	0.01254

[dist]
# distance from previous block
# <min> <max>
4	27

[block]
# block no. 9 follows, 22 sequences, length 12
# corresponding to MSA columns:
# 300-311
name=unknown_J
#
# <colnr> <probs for GDERKNQSTAVLIFYWHMCP>
#	G	D	E	R	K	N	Q	S	T	A	V	L	I	F	Y	W	H	M	C	P
0	0.02087	0.02252	0.02194	0.06483	0.02492	0.26294	0.09673	0.02432	0.01895	0.02252	0.01899	0.04848	0.01653	0.02201	0.16769	0.00498	0.01439	0.00796	0.10952	0.00892
1	0.01623	0.01361	0.01645	0.06514	0.02009	0.04648	0.01225	0.11196	0.01905	0.02525	0.03089	0.03629	0.12765	0.03720	0.33101	0.00785	0.05857	0.00978	0.00550	0.00875
2	0.02128	0.14711	0.02246	0.01637	0.01985	0.27574	0.01292	0.02366	0.01790	0.01952	0.01691	0.02378	0.01567	0.07750	0.24696	0.00648	0.01598	0.00693	0.00426	0.00870
3	0.01985	0.01630	0.01698	0.06431	0.02103	0.07283	0.01207	0.19510	0.06717	0.03279	0.08001	0.15043	0.10059	0.01637	0.03414	0.00307	0.00799	0.01202	0.06697	0.00997
4	0.02737	0.12583	0.02910	0.02709	0.17788	0.29262	0.01803	0.15252	0.02468	0.02845	0.01480	0.01712	0.01200	0.00837	0.00753	0.00224	0.01169	0.00616	0.00497	0.01155
5	0.15326	0.14462	0.05638	0.15971	0.12097	0.18869	0.01797	0.02632	0.01837	0.02461	0.01329	0.01683	0.01082	0.00791	0.00699	0.00235	0.01076	0.00579	0.00412	0.01025
6	0.07501	0.03039	0.21566	0.03401	0.29843	0.15415	0.02390	0.02724	0.01912	0.02622	0.01455	0.01802	0.01158	0.00781	0.00776	0.00246	0.01138	0.00640	0.00404	0.01188
7	0.06085	0.01068	0.01285	0.01339	0.04710	0.01005	0.00922	0.01760	0.06495	0.02657	0.14315	0.27530	0.13734	0.01774	0.00909	0.00272	0.00526	0.01552	0.00727	0.11336
8	0.01220	0.00946	0.01112	0.01064	0.01333	0.00834	0.00812	0.01483	0.01852	0.02457	0.16526	0.06618	0.25251	0.12590	0.01466	0.00355	0.00562	0.11565	0.00716	0.11236
9	0.02647	0.18450	0.02836	0.01989	0.02393	0.40095	0.01607	0.02866	0.01987	0.02009	0.01216	0.01526	0.01073	0.00945	0.01102	0.00236	0.15092	0.00554	0.00399	0.00975
10	0.01272	0.00919	0.01059	0.01089	0.01169	0.00944	0.00695	0.01643	0.10139	0.02020	0.03294	0.23926	0.03671	0.41239	0.02834	0.00596	0.00691	0.01505	0.00629	0.00667
11	0.02552	0.02825	0.02182	0.09765	0.06986	0.38103	0.01579	0.07332	0.02226	0.02476	0.01622	0.01962	0.01312	0.01121	0.03846	0.00275	0.01252	0.00639	0.10964	0.00980

[dist]
# distance from previous block
# <min> <max>
4	7

[block]
# block no. 10 follows, 22 sequences, length 26
# corresponding to MSA columns:
# 319-344
name=unknown_K
#
# <colnr> <probs for GDERKNQSTAVLIFYWHMCP>
#	G	D	E	R	K	N	Q	S	T	A	V	L	I	F	Y	W	H	M	C	P
0	0.02316	0.02021	0.01881	0.01654	0.02058	0.13464	0.01273	0.26623	0.06647	0.03453	0.03069	0.22991	0.05943	0.01524	0.00895	0.00273	0.00846	0.01263	0.00739	0.01066
1	0.02034	0.23250	0.02453	0.01512	0.01882	0.20463	0.01216	0.02243	0.01734	0.01935	0.01881	0.07952	0.01899	0.12148	0.13499	0.00506	0.01262	0.00820	0.00448	0.00863
2	0.02616	0.12306	0.14012	0.02025	0.02628	0.39755	0.01806	0.06291	0.02184	0.02302	0.01404	0.01663	0.01149	0.01175	0.04973	0.00291	0.01386	0.00572	0.00429	0.01034
3	0.02256	0.35970	0.22466	0.01868	0.02669	0.17477	0.01956	0.02719	0.01859	0.02174	0.01285	0.01496	0.01063	0.00767	0.00659	0.00211	0.01128	0.00516	0.00371	0.01091
4	0.01960	0.01468	0.01579	0.01391	0.01831	0.01550	0.01090	0.09220	0.29692	0.09507	0.05015	0.04695	0.24630	0.01450	0.00891	0.00276	0.00605	0.01198	0.00836	0.01117
5	0.26539	0.01428	0.01466	0.01346	0.01779	0.01541	0.01092	0.02636	0.16770	0.03178	0.06013	0.03651	0.02499	0.01509	0.05002	0.00337	0.00751	0.11306	0.00655	0.10504
6	0.01208	0.00805	0.00906	0.00906	0.00906	0.00805	0.00503	0.01208	0.01208	0.01611	0.02618	0.05436	0.03020	0.70804	0.04228	0.00805	0.00805	0.01208	0.00503	0.00503
7	0.01828	0.01734	0.02914	0.32767	0.36624	0.01879	0.02374	0.02343	0.01783	0.02455	0.01521	0.02111	0.01221	0.00774	0.00817	0.00254	0.01023	0.00728	0.00396	0.04451
8	0.01666	0.04297	0.66500	0.02368	0.03596	0.01929	0.03069	0.02631	0.01754	0.02631	0.01491	0.01754	0.01052	0.00789	0.00789	0.00263	0.01228	0.00614	0.00351	0.01228
9	0.01666	0.04297	0.66500	0.02368	0.03596	0.01929	0.03069	0.02631	0.01754	0.02631	0.01491	0.01754	0.01052	0.00789	0.00789	0.00263	0.01228	0.00614	0.00351	0.01228
10	0.01187	0.00890	0.01335	0.01335	0.01483	0.01038	0.01038	0.01483	0.01335	0.01928	0.02225	0.03264	0.02077	0.06231	0.67512	0.01335	0.02225	0.00890	0.00445	0.00742
11	0.01012	0.00723	0.00964	0.01157	0.01205	0.00675	0.00771	0.01157	0.01591	0.02121	0.04579	0.70262	0.05495	0.02603	0.01060	0.00337	0.00482	0.02362	0.00771	0.00675
12	0.01187	0.00890	0.01335	0.01335	0.01483	0.01038	0.01038	0.01483	0.01335	0.01928	0.02225	0.03264	0.02077	0.06231	0.67512	0.01335	0.02225	0.00890	0.00445	0.00742
13	0.01187	0.00890	0.01335	0.01335	0.01483	0.01038	0.01038	0.01483	0.01335	0.01928	0.02225	0.03264	0.02077	0.06231	0.67512	0.01335	0.02225	0.00890	0.00445	0.00742
14	0.07954	0.65938	0.04112	0.01396	0.02092	0.03178	0.01381	0.02484	0.01667	0.02091	0.01155	0.01334	0.01053	0.00715	0.00532	0.00184	0.00869	0.00445	0.00368	0.01053
15	0.02994	0.03752	0.02460	0.02449	0.09149	0.60633	0.01704	0.03237	0.02306	0.02104	0.01313	0.01556	0.01096	0.00844	0.00757	0.00217	0.01445	0.00556	0.00426	0.01000
16	0.01202	0.00828	0.01019	0.01019	0.01058	0.00867	0.00644	0.01281	0.01242	0.01695	0.02514	0.04864	0.02772	0.53789	0.20904	0.00945	0.01180	0.01124	0.00488	0.00566
17	0.02350	0.04826	0.01644	0.01339	0.01726	0.06187	0.01042	0.02618	0.02102	0.28122	0.12714	0.21015	0.07684	0.01575	0.00902	0.00273	0.00654	0.01345	0.00848	0.01032
18	0.46441	0.29908	0.02493	0.01226	0.01820	0.02442	0.01112	0.02461	0.01525	0.03007	0.01156	0.01343	0.00967	0.00747	0.00522	0.00225	0.00742	0.00448	0.00450	0.00967
19	0.01740	0.01615	0.01391	0.01293	0.01643	0.12926	0.00981	0.05288	0.10241	0.05381	0.05625	0.10447	0.34860	0.01686	0.00914	0.00271	0.00687	0.01383	0.00734	0.00895
20	0.02441	0.01986	0.02496	0.01858	0.02564	0.01963	0.09121	0.30791	0.05351	0.03920	0.01824	0.01973	0.01374	0.00827	0.00773	0.00209	0.00857	0.00693	0.00657	0.28323
21	0.02227	0.01923	0.02688	0.03244	0.32278	0.01906	0.01880	0.16258	0.05837	0.03329	0.01743	0.02021	0.01386	0.00790	0.00776	0.00219	0.00862	0.00693	0.00551	0.19389
22	0.02300	0.02566	0.02452	0.09473	0.14796	0.28310	0.03999	0.02649	0.02006	0.02339	0.01598	0.05652	0.01412	0.00875	0.00771	0.00218	0.01118	0.00707	0.00451	0.16310
23	0.02016	0.02465	0.14559	0.07377	0.48670	0.05213	0.02584	0.02583	0.01879	0.02638	0.01532	0.01982	0.01247	0.00759	0.00813	0.00249	0.01061	0.00707	0.00399	0.01265
24	0.02491	0.02618	0.02969	0.03861	0.39751	0.22075	0.02159	0.09078	0.02243	0.02769	0.01522	0.01879	0.01251	0.00802	0.00801	0.00237	0.01136	0.00678	0.00460	0.01218
25	0.12635	0.20515	0.18035	0.02535	0.16902	0.11487	0.02018	0.02646	0.01805	0.02546	0.01345	0.01622	0.01097	0.00765	0.00687	0.00230	0.01042	0.00565	0.00399	0.01123

[dist]
# distance from previous block
# <min> <max>
8	22

[block]
# block no. 11 follows, 22 sequences, length 7
# corresponding to MSA columns:
# 367-373
name=unknown_L
#
# <colnr> <probs for GDERKNQSTAVLIFYWHMCP>
#	G	D	E	R	K	N	Q	S	T	A	V	L	I	F	Y	W	H	M	C	P
0	0.29795	0.02365	0.16926	0.02984	0.27642	0.01923	0.02052	0.02528	0.01682	0.03073	0.01395	0.01724	0.01101	0.00763	0.00700	0.00254	0.00913	0.00603	0.00436	0.01141
1	0.01738	0.12977	0.58450	0.02245	0.03406	0.02105	0.02856	0.02612	0.01745	0.02543	0.01447	0.01699	0.01054	0.00779	0.00756	0.00252	0.01184	0.00592	0.00351	0.01207
2	0.10824	0.09635	0.53317	0.02133	0.03230	0.02036	0.02667	0.02596	0.01707	0.02707	0.01422	0.01669	0.01035	0.00780	0.00734	0.00255	0.01128	0.00580	0.00371	0.01174
3	0.01796	0.19968	0.51966	0.02146	0.03253	0.02247	0.02684	0.02597	0.01739	0.02473	0.01412	0.01655	0.01056	0.00771	0.00729	0.00243	0.01148	0.00574	0.00352	0.01190
4	0.01333	0.02125	0.25484	0.01667	0.02214	0.01214	0.01752	0.01848	0.01761	0.02413	0.03774	0.23535	0.09747	0.01801	0.00972	0.00315	0.00823	0.15705	0.00613	0.00906
5	0.02364	0.03208	0.16420	0.03415	0.28913	0.26390	0.02308	0.02853	0.02035	0.02442	0.01443	0.01784	0.01168	0.00794	0.00788	0.00238	0.01229	0.00637	0.00405	0.01166
6	0.02044	0.02008	0.03567	0.04895	0.57809	0.01990	0.10207	0.02564	0.01900	0.02707	0.01578	0.02080	0.01309	0.00735	0.00843	0.00251	0.01040	0.00771	0.00412	0.01291

[dist]
# distance from previous block
# <min> <max>
0	1

[block]
# block no. 12 follows, 22 sequences, length 112
# corresponding to MSA columns:
# 375-486
name=unknown_M
#
# <colnr> <probs for GDERKNQSTAVLIFYWHMCP>
#	G	D	E	R	K	N	Q	S	T	A	V	L	I	F	Y	W	H	M	C	P
0	0.01992	0.01908	0.03255	0.13540	0.57686	0.01957	0.02517	0.02493	0.01861	0.02636	0.01551	0.02077	0.01288	0.00752	0.00824	0.00251	0.01003	0.00740	0.00406	0.01264
1	0.01857	0.01882	0.02150	0.02769	0.24722	0.14264	0.01658	0.02205	0.01987	0.02422	0.03726	0.04874	0.17205	0.01409	0.00913	0.00276	0.00906	0.13214	0.00573	0.00987
2	0.00984	0.00835	0.00849	0.00860	0.01127	0.00700	0.00639	0.01190	0.01876	0.02237	0.08194	0.11588	0.61835	0.02133	0.00986	0.00284	0.00424	0.01788	0.00771	0.00700
3	0.01622	0.14467	0.43606	0.01916	0.02875	0.01909	0.02326	0.02326	0.01771	0.02446	0.02790	0.02906	0.13611	0.01034	0.00785	0.00253	0.01015	0.00809	0.00434	0.01099
4	0.01841	0.15556	0.52429	0.02196	0.03291	0.05848	0.02710	0.02645	0.01777	0.02483	0.01423	0.01669	0.01056	0.00780	0.00744	0.00246	0.01186	0.00581	0.00356	0.01186
5	0.01666	0.04297	0.66500	0.02368	0.03596	0.01929	0.03069	0.02631	0.01754	0.02631	0.01491	0.01754	0.01052	0.00789	0.00789	0.00263	0.01228	0.00614	0.00351	0.01228
6	0.03108	0.03832	0.02365	0.02122	0.02569	0.62421	0.01603	0.07949	0.02475	0.02282	0.01339	0.01537	0.01097	0.00867	0.00755	0.00217	0.01453	0.00552	0.00459	0.00998
7	0.01520	0.01494	0.01332	0.01436	0.04453	0.14642	0.00965	0.01682	0.01795	0.02096	0.04522	0.27828	0.20363	0.07778	0.01310	0.03073	0.00736	0.01583	0.00646	0.00746
8	0.01621	0.01530	0.02587	0.61924	0.12194	0.01860	0.02333	0.02169	0.01686	0.02186	0.01486	0.02198	0.01130	0.00821	0.00830	0.00274	0.01094	0.00738	0.00374	0.00965
9	0.02993	0.03782	0.02295	0.02094	0.02506	0.63636	0.01572	0.03211	0.02295	0.02027	0.01338	0.01600	0.01128	0.01166	0.04601	0.00279	0.01540	0.00556	0.00429	0.00950
10	0.01666	0.04297	0.66500	0.02368	0.03596	0.01929	0.03069	0.02631	0.01754	0.02631	0.01491	0.01754	0.01052	0.00789	0.00789	0.00263	0.01228	0.00614	0.00351	0.01228
11	0.01765	0.03623	0.46564	0.02799	0.06339	0.01979	0.19825	0.02636	0.01818	0.02643	0.01547	0.01903	0.01122	0.00762	0.00844	0.00267	0.01267	0.00722	0.00373	0.01201
12	0.01012	0.00723	0.00964	0.01157	0.01205	0.00675	0.00771	0.01157	0.01591	0.02121	0.04579	0.70262	0.05495	0.02603	0.01060	0.00337	0.00482	0.02362	0.00771	0.00675
13	0.02379	0.01755	0.03178	0.03053	0.18946	0.01651	0.21856	0.02863	0.02034	0.20532	0.02472	0.07216	0.02011	0.01034	0.00916	0.00276	0.00997	0.04997	0.00635	0.01200
14	0.02025	0.01942	0.03315	0.09192	0.61774	0.01966	0.02534	0.02522	0.01877	0.02676	0.01557	0.02066	0.01303	0.00746	0.00823	0.00249	0.00995	0.00740	0.00409	0.01291
15	0.02990	0.03745	0.02464	0.02460	0.09381	0.60392	0.01707	0.03234	0.02304	0.02107	0.01314	0.01558	0.01097	0.00844	0.00757	0.00218	0.01443	0.00557	0.00426	0.01001
16	0.76672	0.01607	0.01221	0.01092	0.01607	0.01864	0.00900	0.02442	0.01414	0.03727	0.01157	0.01350	0.00900	0.00771	0.00514	0.00257	0.00643	0.00450	0.00514	0.00900
17	0.01314	0.00811	0.00945	0.00945	0.01036	0.00840	0.00630	0.01496	0.01405	0.02152	0.02573	0.04267	0.02553	0.35947	0.15085	0.00708	0.00940	0.01007	0.24709	0.00636
18	0.01190	0.00879	0.01278	0.01278	0.01407	0.01008	0.00968	0.01447	0.01318	0.01886	0.02277	0.03551	0.02202	0.14786	0.59128	0.01265	0.02037	0.00932	0.00453	0.00710
19	0.01051	0.00815	0.00965	0.01040	0.01225	0.00729	0.00768	0.01279	0.01849	0.02356	0.13374	0.28453	0.32614	0.02241	0.01025	0.00308	0.00473	0.07940	0.00787	0.00709
20	0.03066	0.03550	0.02428	0.02230	0.05440	0.51802	0.01643	0.14921	0.02636	0.02690	0.01436	0.01621	0.01148	0.00878	0.00768	0.00222	0.01361	0.00586	0.00506	0.01067
21	0.05620	0.05719	0.05630	0.02960	0.21762	0.33168	0.01922	0.08749	0.02273	0.02642	0.01437	0.01715	0.01170	0.00822	0.00763	0.00230	0.01216	0.00615	0.00459	0.01128
22	0.02671	0.36922	0.03333	0.01788	0.02355	0.36055	0.01515	0.02911	0.02028	0.01995	0.01221	0.01417	0.01068	0.00785	0.00643	0.00196	0.01200	0.00491	0.00392	0.01014
23	0.01601	0.01275	0.01422	0.01423	0.01649	0.05389	0.01099	0.11514	0.02059	0.02667	0.03722	0.26891	0.06601	0.06079	0.08365	0.00455	0.00887	0.15360	0.00708	0.00834
24	0.01012	0.00723	0.00964	0.01157	0.01205	0.00675	0.00771	0.01157	0.01591	0.02121	0.04579	0.70262	0.05495	0.02603	0.01060	0.00337	0.00482	0.02362	0.00771	0.00675
25	0.01666	0.04297	0.66500	0.02368	0.03596	0.01929	0.03069	0.02631	0.01754	0.02631	0.01491	0.01754	0.01052	0.00789	0.00789	0.00263	0.01228	0.00614	0.00351	0.01228
26	0.00982	0.00842	0.00842	0.00842	0.01122	0.00701	0.00631	0.01192	0.01894	0.02244	0.08416	0.07995	0.65285	0.02104	0.00982	0.00281	0.00421	0.01753	0.00771	0.00701
27	0.03103	0.03959	0.02354	0.02140	0.02568	0.67469	0.01605	0.03317	0.02354	0.02033	0.01284	0.01498	0.01070	0.00856	0.00749	0.00214	0.01498	0.00535	0.00428	0.00963
28	0.01106	0.00846	0.01014	0.00972	0.01198	0.00754	0.00729	0.01433	0.02187	0.02941	0.44776	0.06849	0.28490	0.01844	0.00981	0.00268	0.00402	0.01593	0.00863	0.00754
