[name]
unknown

[dist]
# distance from previous block
# <min> <max>
0	35

[block]
# block no. 0 follows, 22 sequences, length 7
# corresponding to MSA columns:
# 35-41
name=unknown_A
#
# <colnr> <probs for GDERKNQSTAVLIFYWHMCP>
#	G	D	E	R	K	N	Q	S	T	A	V	L	I	F	Y	W	H	M	C	P
0	0.01447	0.01272	0.01322	0.01436	0.01608	0.09917	0.01122	0.01721	0.01893	0.02364	0.09214	0.30139	0.04794	0.02160	0.01047	0.00333	0.00731	0.25986	0.00734	0.00761
1	0.02144	0.02205	0.03079	0.14420	0.46655	0.12105	0.02366	0.02603	0.01928	0.02518	0.01506	0.01994	0.01246	0.00772	0.00812	0.00246	0.01085	0.00708	0.00407	0.01201
2	0.01904	0.01715	0.01690	0.04583	0.02028	0.10370	0.01153	0.11531	0.08280	0.03108	0.17453	0.06787	0.11298	0.01296	0.00850	0.00239	0.00726	0.01070	0.00709	0.13209
3	0.02076	0.02057	0.02581	0.12272	0.28181	0.11458	0.01991	0.02933	0.15582	0.02679	0.02181	0.02926	0.01851	0.01003	0.00849	0.00267	0.00985	0.06433	0.00537	0.01158
4	0.01907	0.01630	0.02631	0.07754	0.11260	0.01786	0.12602	0.10852	0.01863	0.02571	0.01617	0.02285	0.01377	0.01901	0.08424	0.16825	0.10523	0.00794	0.00457	0.00941
5	0.01828	0.01219	0.01556	0.01698	0.11025	0.01132	0.01112	0.02315	0.07911	0.15849	0.08657	0.05480	0.33772	0.01564	0.00915	0.00270	0.00586	0.01321	0.00786	0.01004
6	0.01363	0.01215	0.01191	0.01246	0.01366	0.09875	0.00861	0.01515	0.01596	0.01982	0.03609	0.33143	0.07713	0.17019	0.11869	0.00567	0.00951	0.01608	0.00619	0.00691

[dist]
# distance from previous block
# <min> <max>
0	6

[block]
# block no. 1 follows, 22 sequences, length 17
# corresponding to MSA columns:
# 48-64
name=unknown_B
#
# <colnr> <probs for GDERKNQSTAVLIFYWHMCP>
#	G	D	E	R	K	N	Q	S	T	A	V	L	I	F	Y	W	H	M	C	P
0	0.01156	0.00866	0.01143	0.01394	0.06651	0.00827	0.00833	0.01295	0.01533	0.02034	0.04101	0.39758	0.09917	0.22287	0.01957	0.00461	0.00614	0.01830	0.00662	0.00682
1	0.01419	0.01176	0.01223	0.01276	0.01431	0.06621	0.00894	0.07504	0.01879	0.02394	0.04153	0.48422	0.08611	0.07366	0.01243	0.00349	0.00633	0.01916	0.00728	0.00762
2	0.01332	0.00908	0.01140	0.10505	0.01728	0.00960	0.00885	0.01617	0.01581	0.02328	0.03383	0.04302	0.12567	0.16799	0.11449	0.00520	0.00858	0.01040	0.25377	0.00721
3	0.01704	0.01197	0.01609	0.01392	0.01690	0.01275	0.06227	0.11826	0.01944	0.02916	0.02336	0.03064	0.01983	0.07677	0.23219	0.00634	0.01203	0.00857	0.26367	0.00879
4	0.01806	0.01054	0.01214	0.01088	0.01402	0.00974	0.00802	0.02176	0.07250	0.17846	0.05236	0.05649	0.28413	0.19337	0.01765	0.00409	0.00610	0.01318	0.00772	0.00878
5	0.01247	0.01002	0.01079	0.01046	0.01326	0.00939	0.00784	0.06694	0.05484	0.02623	0.10837	0.17339	0.42552	0.02009	0.00974	0.00286	0.00484	0.01705	0.00790	0.00798
6	0.01094	0.00767	0.00930	0.01027	0.01071	0.00733	0.00646	0.01181	0.01448	0.01910	0.04010	0.37985	0.08690	0.31860	0.02415	0.00534	0.00617	0.01823	0.00656	0.00603
7	0.15054	0.01764	0.02342	0.02929	0.28462	0.01862	0.01700	0.12398	0.07436	0.03239	0.02307	0.02563	0.06938	0.01093	0.00959	0.05638	0.00819	0.00795	0.00563	0.01138
8	0.09443	0.02262	0.02238	0.11766	0.02816	0.22152	0.06798	0.08467	0.02019	0.02558	0.01648	0.02158	0.01369	0.02227	0.17945	0.00525	0.01478	0.00708	0.00472	0.00953
9	0.01501	0.04190	0.01617	0.01447	0.01641	0.08273	0.01140	0.01785	0.01480	0.02021	0.02033	0.02884	0.01862	0.04755	0.48764	0.01026	0.06689	0.00815	0.05284	0.00793
10	0.01924	0.02073	0.08633	0.04473	0.54341	0.01854	0.02420	0.02433	0.01880	0.02664	0.02182	0.02572	0.07130	0.00869	0.00834	0.00251	0.00956	0.00822	0.00439	0.01252
11	0.01623	0.01201	0.01653	0.17810	0.02543	0.01276	0.01266	0.09887	0.01806	0.02430	0.02350	0.20019	0.02396	0.01824	0.01491	0.19713	0.00769	0.01135	0.00547	0.08259
12	0.02235	0.12298	0.08269	0.02310	0.15013	0.21945	0.01641	0.02626	0.01954	0.02489	0.01708	0.02023	0.01390	0.00835	0.00694	0.00215	0.00997	0.00633	0.19702	0.01025
13	0.02375	0.52080	0.08169	0.01642	0.02327	0.17148	0.01574	0.02678	0.01837	0.02018	0.01206	0.01397	0.01066	0.00748	0.00598	0.00191	0.01044	0.00476	0.00371	0.01055
14	0.20162	0.08543	0.01811	0.07186	0.02017	0.08056	0.01136	0.07221	0.01708	0.02610	0.01768	0.02713	0.01658	0.17213	0.12448	0.00545	0.01110	0.00749	0.00491	0.00854
15	0.16325	0.01878	0.08517	0.02634	0.23827	0.01685	0.01693	0.08591	0.01988	0.03045	0.03126	0.05841	0.15248	0.01147	0.00804	0.00262	0.00794	0.00955	0.00562	0.01078
16	0.02020	0.02193	0.02653	0.43470	0.09139	0.18754	0.05473	0.02490	0.01873	0.02172	0.01444	0.02020	0.01121	0.00823	0.00817	0.00259	0.01215	0.00699	0.00390	0.00972

[dist]
# distance from previous block
# <min> <max>
0	1

[block]
# block no. 2 follows, 22 sequences, length 40
# corresponding to MSA columns:
# 66-105
name=unknown_C
#
# <colnr> <probs for GDERKNQSTAVLIFYWHMCP>
#	G	D	E	R	K	N	Q	S	T	A	V	L	I	F	Y	W	H	M	C	P
0	0.09015	0.02115	0.06163	0.06188	0.33315	0.05864	0.02034	0.12425	0.02161	0.03090	0.01903	0.02259	0.04045	0.01160	0.04474	0.00310	0.01036	0.00747	0.00503	0.01193
1	0.05802	0.01156	0.01465	0.01301	0.01622	0.01175	0.01022	0.04865	0.04592	0.16821	0.22793	0.08137	0.07442	0.02282	0.12258	0.00452	0.03884	0.01173	0.00792	0.00964
2	0.02357	0.01771	0.01943	0.01514	0.02050	0.01807	0.01188	0.33601	0.02748	0.03783	0.02000	0.02689	0.01723	0.16404	0.01530	0.00340	0.00813	0.00785	0.00671	0.20282
3	0.01196	0.00800	0.00910	0.00921	0.00924	0.00798	0.00519	0.01205	0.01231	0.01641	0.02735	0.09311	0.03168	0.66728	0.04039	0.00777	0.00786	0.01277	0.00519	0.00514
4	0.00982	0.00842	0.00842	0.00842	0.01122	0.00701	0.00631	0.01192	0.01894	0.02244	0.08416	0.07995	0.65285	0.02104	0.00982	0.00281	0.00421	0.01753	0.00771	0.00701
5	0.01944	0.02185	0.04689	0.07186	0.07612	0.02080	0.56150	0.02626	0.01941	0.02634	0.01663	0.02230	0.01255	0.00710	0.00964	0.00278	0.01363	0.00955	0.00417	0.01120
6	0.01107	0.00777	0.00985	0.01060	0.01132	0.00738	0.00701	0.01274	0.01677	0.02285	0.19234	0.36477	0.05405	0.21027	0.01907	0.00446	0.00548	0.01831	0.00734	0.00655
7	0.02189	0.01073	0.01435	0.01217	0.01590	0.00957	0.00957	0.02553	0.02362	0.28299	0.40597	0.04864	0.05542	0.01432	0.00922	0.00260	0.00517	0.01237	0.00960	0.01034
8	0.01417	0.01229	0.01777	0.01644	0.01738	0.01588	0.01323	0.01672	0.01312	0.01954	0.01811	0.02736	0.01717	0.04486	0.43857	0.00980	0.26710	0.00831	0.00415	0.00803
9	0.03189	0.02277	0.02462	0.01888	0.02551	0.02502	0.01559	0.59636	0.03822	0.08570	0.02065	0.02040	0.01448	0.00999	0.00831	0.00250	0.00903	0.00753	0.00842	0.01413
10	0.01202	0.00828	0.01021	0.01021	0.01061	0.00868	0.00647	0.01282	0.01242	0.01696	0.02512	0.04852	0.02767	0.53444	0.21242	0.00948	0.01187	0.01123	0.00488	0.00567
11	0.06874	0.01766	0.02108	0.01623	0.02268	0.01760	0.01341	0.26064	0.02907	0.40419	0.02698	0.02447	0.01761	0.01005	0.00819	0.00254	0.00782	0.00785	0.00930	0.01390
12	0.02056	0.01974	0.03372	0.05099	0.65622	0.01974	0.02550	0.02550	0.01892	0.02714	0.01563	0.02056	0.01316	0.00740	0.00822	0.00247	0.00987	0.00740	0.00411	0.01316
13	0.02056	0.01974	0.03372	0.05099	0.65622	0.01974	0.02550	0.02550	0.01892	0.02714	0.01563	0.02056	0.01316	0.00740	0.00822	0.00247	0.00987	0.00740	0.00411	0.01316
14	0.02301	0.02052	0.03177	0.04391	0.51620	0.02108	0.02334	0.15943	0.02339	0.03274	0.01659	0.02042	0.01337	0.00797	0.00824	0.00247	0.00971	0.00742	0.00504	0.01337
15	0.01176	0.00849	0.01110	0.01045	0.01241	0.00784	0.00784	0.01568	0.02352	0.03331	0.65184	0.06206	0.07839	0.01698	0.00980	0.00261	0.00392	0.01502	0.00914	0.00784
16	0.01549	0.00774	0.00774	0.00774	0.00968	0.00774	0.00581	0.01936	0.01742	0.03097	0.02710	0.03097	0.02129	0.00968	0.00581	0.00194	0.00387	0.00774	0.75416	0.00774
17	0.02066	0.01785	0.01878	0.01691	0.02160	0.02066	0.01315	0.04414	0.64121	0.03475	0.03381	0.03099	0.02536	0.01127	0.00845	0.00282	0.00657	0.00939	0.00845	0.01315
18	0.03158	0.02327	0.02493	0.01911	0.02576	0.02576	0.01579	0.62852	0.03906	0.05236	0.01995	0.01995	0.01413	0.00997	0.00831	0.00249	0.00914	0.00748	0.00831	0.01413
19	0.03058	0.02277	0.02437	0.01891	0.02538	0.02529	0.01555	0.57487	0.09434	0.05074	0.02122	0.02096	0.01516	0.01009	0.00832	0.00252	0.00891	0.00766	0.00832	0.01404
20	0.02856	0.02086	0.02259	0.01805	0.02398	0.02304	0.01465	0.44240	0.16582	0.08076	0.02482	0.05465	0.01879	0.01102	0.00845	0.00261	0.00828	0.00869	0.00842	0.01357
21	0.02221	0.71304	0.04353	0.01421	0.02132	0.03287	0.01421	0.02488	0.01688	0.01955	0.01155	0.01333	0.01066	0.00711	0.00533	0.00178	0.00888	0.00444	0.00355	0.01066
22	0.02301	0.67616	0.04225	0.01424	0.02132	0.03178	0.01411	0.02570	0.01724	0.05345	0.01267	0.01412	0.01118	0.00727	0.00549	0.00182	0.00879	0.00465	0.00391	0.01084
23	0.03158	0.02327	0.02493	0.01911	0.02576	0.02576	0.01579	0.62852	0.03906	0.05236	0.01995	0.01995	0.01413	0.00997	0.00831	0.00249	0.00914	0.00748	0.00831	0.01413
24	0.02066	0.01785	0.01878	0.01691	0.02160	0.02066	0.01315	0.04414	0.64121	0.03475	0.03381	0.03099	0.02536	0.01127	0.00845	0.00282	0.00657	0.00939	0.00845	0.01315
25	0.01549	0.00774	0.00774	0.00774	0.00968	0.00774	0.00581	0.01936	0.01742	0.03097	0.02710	0.03097	0.02129	0.00968	0.00581	0.00194	0.00387	0.00774	0.75416	0.00774
26	0.01624	0.01552	0.02503	0.54010	0.04935	0.02001	0.02198	0.02095	0.01575	0.02095	0.01391	0.02127	0.01104	0.00969	0.01252	0.00296	0.16249	0.00736	0.00368	0.00920
27	0.01744	0.01699	0.07592	0.01672	0.02101	0.01632	0.01451	0.03234	0.35662	0.03015	0.03590	0.08906	0.03262	0.01541	0.00945	0.00314	0.00732	0.19038	0.00771	0.01101
28	0.01176	0.00849	0.01110	0.01045	0.01241	0.00784	0.00784	0.01568	0.02352	0.03331	0.65184	0.06206	0.07839	0.01698	0.00980	0.00261	0.00392	0.01502	0.00914	0.00784
29	0.02438	0.01293	0.01622	0.01369	0.01812	0.01251	0.01084	0.03235	0.16082	0.29594	0.25627	0.04106	0.04248	0.01292	0.00890	0.00264	0.00582	0.01099	0.00947	0.01165
30	0.01204	0.00823	0.00998	0.00998	0.01029	0.00855	0.00618	0.01267	0.01235	0.01679	0.02534	0.04972	0.02819	0.57005	0.17752	0.00919	0.01109	0.01140	0.00491	0.00554
31	0.76672	0.01607	0.01221	0.01092	0.01607	0.01864	0.00900	0.02442	0.01414	0.03727	0.01157	0.01350	0.00900	0.00771	0.00514	0.00257	0.00643	0.00450	0.00514	0.00900
32	0.01857	0.18133	0.39075	0.02508	0.06647	0.02252	0.13181	0.02601	0.01783	0.02496	0.01456	0.01765	0.01106	0.00754	0.00770	0.00247	0.01173	0.00649	0.00367	0.01179
33	0.01012	0.00723	0.00964	0.01157	0.01205	0.00675	0.00771	0.01157	0.01591	0.02121	0.04579	0.70262	0.05495	0.02603	0.01060	0.00337	0.00482	0.02362	0.00771	0.00675
34	0.02221	0.71304	0.04353	0.01421	0.02132	0.03287	0.01421	0.02488	0.01688	0.01955	0.01155	0.01333	0.01066	0.00711	0.00533	0.00178	0.00888	0.00444	0.00355	0.01066
35	0.01176	0.00849	0.01110	0.01045	0.01241	0.00784	0.00784	0.01568	0.02352	0.03331	0.65184	0.06206	0.07839	0.01698	0.00980	0.00261	0.00392	0.01502	0.00914	0.00784
36	0.03158	0.02327	0.02493	0.01911	0.02576	0.02576	0.01579	0.62852	0.03906	0.05236	0.01995	0.01995	0.01413	0.00997	0.00831	0.00249	0.00914	0.00748	0.00831	0.01413
37	0.03103	0.03959	0.02354	0.02140	0.02568	0.67469	0.01605	0.03317	0.02354	0.02033	0.01284	0.01498	0.01070	0.00856	0.00749	0.00214	0.01498	0.00535	0.00428	0.00963
38	0.03103	0.03959	0.02354	0.02140	0.02568	0.67469	0.01605	0.03317	0.02354	0.02033	0.01284	0.01498	0.01070	0.00856	0.00749	0.00214	0.01498	0.00535	0.00428	0.00963
39	0.03158	0.02327	0.02493	0.01911	0.02576	0.02576	0.01579	0.62852	0.03906	0.05236	0.01995	0.01995	0.01413	0.00997	0.00831	0.00249	0.00914	0.00748	0.00831	0.01413

[dist]
# distance from previous block
# <min> <max>
0	2

[block]
# block no. 3 follows, 22 sequences, length 76
# corresponding to MSA columns:
# 108-183
name=unknown_D
#
# <colnr> <probs for GDERKNQSTAVLIFYWHMCP>
#	G	D	E	R	K	N	Q	S	T	A	V	L	I	F	Y	W	H	M	C	P
0	0.01176	0.00849	0.01110	0.01045	0.01241	0.00784	0.00784	0.01568	0.02352	0.03331	0.65184	0.06206	0.07839	0.01698	0.00980	0.00261	0.00392	0.01502	0.00914	0.00784
1	0.01066	0.00764	0.01012	0.01120	0.01217	0.00711	0.00775	0.01292	0.01841	0.02519	0.24519	0.49186	0.06266	0.02305	0.01034	0.00312	0.00452	0.02079	0.00818	0.00711
2	0.01569	0.01477	0.02492	0.68808	0.05722	0.01846	0.02307	0.02123	0.01661	0.02123	0.01477	0.02215	0.01107	0.00831	0.00831	0.00277	0.01107	0.00738	0.00369	0.00923
3	0.01012	0.00723	0.00964	0.01157	0.01205	0.00675	0.00771	0.01157	0.01591	0.02121	0.04579	0.70262	0.05495	0.02603	0.01060	0.00337	0.00482	0.02362	0.00771	0.00675
4	0.02056	0.01974	0.03372	0.05099	0.65622	0.01974	0.02550	0.02550	0.01892	0.02714	0.01563	0.02056	0.01316	0.00740	0.00822	0.00247	0.00987	0.00740	0.00411	0.01316
5	0.01135	0.00848	0.01054	0.01003	0.01216	0.00767	0.00752	0.01489	0.02256	0.03105	0.53356	0.06578	0.19808	0.01783	0.00980	0.00265	0.00398	0.01555	0.00885	0.00767
6	0.01084	0.00775	0.01047	0.01239	0.01319	0.00737	0.00897	0.01282	0.01662	0.02201	0.04539	0.56801	0.05337	0.02535	0.01080	0.00347	0.00545	0.15111	0.00770	0.00695
7	0.01569	0.01477	0.02492	0.68808	0.05722	0.01846	0.02307	0.02123	0.01661	0.02123	0.01477	0.02215	0.01107	0.00831	0.00831	0.00277	0.01107	0.00738	0.00369	0.00923
8	0.02162	0.01803	0.02284	0.02259	0.16196	0.01673	0.01482	0.17675	0.02316	0.03353	0.01628	0.01866	0.01296	0.00740	0.00716	0.00183	0.00774	0.00612	0.00561	0.40423
9	0.25518	0.31942	0.19521	0.01564	0.02347	0.02486	0.01686	0.02510	0.01619	0.02688	0.01243	0.01447	0.01010	0.00750	0.00594	0.00225	0.00899	0.00490	0.00404	0.01056
10	0.76672	0.01607	0.01221	0.01092	0.01607	0.01864	0.00900	0.02442	0.01414	0.03727	0.01157	0.01350	0.00900	0.00771	0.00514	0.00257	0.00643	0.00450	0.00514	0.00900
11	0.02056	0.01974	0.03372	0.05099	0.65622	0.01974	0.02550	0.02550	0.01892	0.02714	0.01563	0.02056	0.01316	0.00740	0.00822	0.00247	0.00987	0.00740	0.00411	0.01316
12	0.76672	0.01607	0.01221	0.01092	0.01607	0.01864	0.00900	0.02442	0.01414	0.03727	0.01157	0.01350	0.00900	0.00771	0.00514	0.00257	0.00643	0.00450	0.00514	0.00900
13	0.01187	0.00890	0.01335	0.01335	0.01483	0.01038	0.01038	0.01483	0.01335	0.01928	0.02225	0.03264	0.02077	0.06231	0.67512	0.01335	0.02225	0.00890	0.00445	0.00742
14	0.01208	0.00805	0.00906	0.00906	0.00906	0.00805	0.00503	0.01208	0.01208	0.01611	0.02618	0.05436	0.03020	0.70804	0.04228	0.00805	0.00805	0.01208	0.00503	0.00503
15	0.01044	0.00761	0.00983	0.01104	0.01205	0.00700	0.00761	0.01247	0.01779	0.02388	0.17718	0.50915	0.11596	0.02365	0.01036	0.00316	0.00457	0.02123	0.00801	0.00700
16	0.02066	0.01785	0.01878	0.01691	0.02160	0.02066	0.01315	0.04414	0.64121	0.03475	0.03381	0.03099	0.02536	0.01127	0.00845	0.00282	0.00657	0.00939	0.00845	0.01315
17	0.01003	0.00848	0.00871	0.00883	0.01158	0.00717	0.00673	0.01224	0.01895	0.02259	0.08176	0.08077	0.61675	0.02115	0.00992	0.00287	0.00441	0.05231	0.00771	0.00705
18	0.01569	0.01477	0.02492	0.68808	0.05722	0.01846	0.02307	0.02123	0.01661	0.02123	0.01477	0.02215	0.01107	0.00831	0.00831	0.00277	0.01107	0.00738	0.00369	0.00923
19	0.01569	0.01477	0.02492	0.68808	0.05722	0.01846	0.02307	0.02123	0.01661	0.02123	0.01477	0.02215	0.01107	0.00831	0.00831	0.00277	0.01107	0.00738	0.00369	0.00923
20	0.02221	0.71304	0.04353	0.01421	0.02132	0.03287	0.01421	0.02488	0.01688	0.01955	0.01155	0.01333	0.01066	0.00711	0.00533	0.00178	0.00888	0.00444	0.00355	0.01066
21	0.01187	0.00890	0.01335	0.01335	0.01483	0.01038	0.01038	0.01483	0.01335	0.01928	0.02225	0.03264	0.02077	0.06231	0.67512	0.01335	0.02225	0.00890	0.00445	0.00742
22	0.01176	0.00849	0.01110	0.01045	0.01241	0.00784	0.00784	0.01568	0.02352	0.03331	0.65184	0.06206	0.07839	0.01698	0.00980	0.00261	0.00392	0.01502	0.00914	0.00784
23	0.01973	0.01687	0.01798	0.01623	0.02064	0.01932	0.01259	0.04116	0.57651	0.03460	0.09855	0.03425	0.03091	0.01187	0.00859	0.00280	0.00630	0.00998	0.00853	0.01259
24	0.01046	0.00834	0.00937	0.00933	0.01167	0.00725	0.00691	0.01307	0.02011	0.02576	0.25956	0.12849	0.41995	0.02020	0.00988	0.00279	0.00417	0.01727	0.00816	0.00725
25	0.02587	0.01900	0.02086	0.01711	0.02212	0.02071	0.01364	0.46446	0.03290	0.04407	0.02682	0.20148	0.02498	0.01424	0.00892	0.00273	0.00799	0.01177	0.00815	0.01217
26	0.01187	0.00890	0.01335	0.01335	0.01483	0.01038	0.01038	0.01483	0.01335	0.01928	0.02225	0.03264	0.02077	0.06231	0.67512	0.01335	0.02225	0.00890	0.00445	0.00742
27	0.01187	0.00890	0.01335	0.01335	0.01483	0.01038	0.01038	0.01483	0.01335	0.01928	0.02225	0.03264	0.02077	0.06231	0.67512	0.01335	0.02225	0.00890	0.00445	0.00742
28	0.01012	0.00723	0.00964	0.01157	0.01205	0.00675	0.00771	0.01157	0.01591	0.02121	0.04579	0.70262	0.05495	0.02603	0.01060	0.00337	0.00482	0.02362	0.00771	0.00675
29	0.02056	0.01974	0.03372	0.05099	0.65622	0.01974	0.02550	0.02550	0.01892	0.02714	0.01563	0.02056	0.01316	0.00740	0.00822	0.00247	0.00987	0.00740	0.00411	0.01316
30	0.01187	0.00890	0.01335	0.01335	0.01483	0.01038	0.01038	0.01483	0.01335	0.01928	0.02225	0.03264	0.02077	0.06231	0.67512	0.01335	0.02225	0.00890	0.00445	0.00742
31	0.01244	0.00914	0.01206	0.01310	0.01517	0.00876	0.01100	0.01600	0.02006	0.02633	0.18497	0.08445	0.15405	0.02132	0.01083	0.00339	0.00626	0.37510	0.00799	0.00759
32	0.02056	0.01974	0.03372	0.05099	0.65622	0.01974	0.02550	0.02550	0.01892	0.02714	0.01563	0.02056	0.01316	0.00740	0.00822	0.00247	0.00987	0.00740	0.00411	0.01316
33	0.02304	0.64988	0.04166	0.01489	0.02173	0.09306	0.01439	0.02565	0.01750	0.01962	0.01167	0.01348	0.01066	0.00724	0.00553	0.00181	0.00946	0.00453	0.00362	0.01056
34	0.00982	0.00842	0.00842	0.00842	0.01122	0.00701	0.00631	0.01192	0.01894	0.02244	0.08416	0.07995	0.65285	0.02104	0.00982	0.00281	0.00421	0.01753	0.00771	0.00701
35	0.01723	0.01477	0.01723	0.01230	0.01969	0.01107	0.00984	0.02092	0.01723	0.02707	0.01477	0.01723	0.01230	0.00615	0.00615	0.00123	0.00615	0.00492	0.00492	0.75883
36	0.01103	0.00761	0.00937	0.01041	0.01066	0.00735	0.00647	0.01181	0.01413	0.01884	0.03670	0.40228	0.04348	0.34201	0.02528	0.00554	0.00632	0.01827	0.00647	0.00595
37	0.01951	0.02540	0.17630	0.04180	0.39814	0.01989	0.14518	0.02590	0.01875	0.02685	0.01570	0.02026	0.01247	0.00743	0.00846	0.00257	0.01122	0.00760	0.00400	0.01258
38	0.01191	0.00871	0.01240	0.01240	0.01356	0.00987	0.00920	0.01423	0.01307	0.01858	0.02312	0.03744	0.02285	0.20506	0.53522	0.01218	0.01911	0.00960	0.00458	0.00689
39	0.01701	0.01558	0.02329	0.50960	0.04775	0.01904	0.02043	0.02732	0.18271	0.02482	0.01983	0.02450	0.01487	0.00909	0.00834	0.00278	0.00988	0.00792	0.00496	0.01027
40	0.01666	0.04297	0.66500	0.02368	0.03596	0.01929	0.03069	0.02631	0.01754	0.02631	0.01491	0.01754	0.01052	0.00789	0.00789	0.00263	0.01228	0.00614	0.00351	0.01228
41	0.01166	0.00849	0.01097	0.01035	0.01235	0.00780	0.00776	0.01549	0.02329	0.03278	0.62415	0.06293	0.10640	0.01718	0.00980	0.00262	0.00393	0.01515	0.00908	0.00780
42	0.01133	0.00847	0.01051	0.01000	0.01215	0.00766	0.00750	0.01485	0.02250	0.03091	0.52634	0.06601	0.20538	0.01788	0.00980	0.00266	0.00398	0.01558	0.00883	0.00766
43	0.02221	0.71304	0.04353	0.01421	0.02132	0.03287	0.01421	0.02488	0.01688	0.01955	0.01155	0.01333	0.01066	0.00711	0.00533	0.00178	0.00888	0.00444	0.00355	0.01066
44	0.01075	0.00833	0.00979	0.00969	0.01186	0.00737	0.00717	0.01362	0.02074	0.02735	0.34315	0.13689	0.32407	0.01968	0.00989	0.00278	0.00414	0.01701	0.00838	0.00737
45	0.01208	0.00805	0.00906	0.00906	0.00906	0.00805	0.00503	0.01208	0.01208	0.01611	0.02618	0.05436	0.03020	0.70804	0.04228	0.00805	0.00805	0.01208	0.00503	0.00503
46	0.03046	0.03838	0.02328	0.02115	0.02545	0.63827	0.01589	0.03378	0.05794	0.02113	0.01401	0.01587	0.01152	0.00871	0.00754	0.00218	0.01451	0.00558	0.00451	0.00983
47	0.02761	0.03390	0.02405	0.02151	0.02465	0.50204	0.01662	0.02967	0.02066	0.02024	0.01233	0.01583	0.01076	0.01015	0.01275	0.00254	0.19524	0.00586	0.00411	0.00949
48	0.01868	0.01968	0.03382	0.02650	0.02949	0.02387	0.23419	0.02234	0.01517	0.02234	0.01300	0.01968	0.01151	0.01186	0.02106	0.00334	0.45161	0.00817	0.00384	0.00984
49	0.02004	0.01907	0.03237	0.04857	0.61781	0.01903	0.02444	0.02491	0.01919	0.02751	0.05359	0.02304	0.01705	0.00797	0.00832	0.00248	0.00951	0.00786	0.00441	0.01284
50	0.01200	0.00837	0.01067	0.01067	0.01123	0.00893	0.00704	0.01311	0.01256	0.01730	0.02470	0.04621	0.02666	0.46570	0.27978	0.01004	0.01338	0.01089	0.00481	0.00593
51	0.01858	0.03529	0.43126	0.03242	0.23636	0.04937	0.02834	0.02636	0.01826	0.02631	0.01505	0.01840	0.01139	0.00776	0.00798	0.00256	0.01162	0.00651	0.00374	0.01244
52	0.01992	0.01977	0.03542	0.10248	0.42923	0.01996	0.15731	0.02647	0.05599	0.02695	0.01690	0.02173	0.01358	0.00763	0.00859	0.00259	0.01070	0.00805	0.00435	0.01237
53	0.01187	0.00890	0.01335	0.01335	0.01483	0.01038	0.01038	0.01483	0.01335	0.01928	0.02225	0.03264	0.02077	0.06231	0.67512	0.01335	0.02225	0.00890	0.00445	0.00742
54	0.02473	0.01996	0.02180	0.01939	0.05406	0.02252	0.01473	0.26102	0.38650	0.04094	0.02776	0.02637	0.02058	0.01060	0.00839	0.00268	0.00769	0.00858	0.00819	0.01351
55	0.01943	0.06855	0.43123	0.02503	0.03560	0.02035	0.15977	0.06054	0.01947	0.05869	0.01632	0.01907	0.01168	0.00789	0.00824	0.00262	0.01206	0.00705	0.00426	0.01216
56	0.01752	0.02206	0.16824	0.24987	0.26202	0.01804	0.02413	0.02289	0.01709	0.02382	0.01507	0.02086	0.01201	0.00983	0.01046	0.07386	0.01055	0.00710	0.00379	0.01078
57	0.01934	0.09499	0.25887	0.02857	0.03800	0.05025	0.33747	0.02663	0.01881	0.02557	0.01549	0.01956	0.01162	0.00739	0.00863	0.00262	0.01297	0.00785	0.00391	0.01145
58	0.00982	0.00842	0.00842	0.00842	0.01122	0.00701	0.00631	0.01192	0.01894	0.02244	0.08416	0.07995	0.65285	0.02104	0.00982	0.00281	0.00421	0.01753	0.00771	0.00701
59	0.02105	0.11533	0.13204	0.03791	0.36653	0.08127	0.07767	0.02634	0.01893	0.02536	0.01484	0.01882	0.01216	0.00751	0.00787	0.00240	0.01095	0.00685	0.00397	0.01220
60	0.01878	0.17249	0.23881	0.06305	0.25342	0.02153	0.02362	0.02459	0.01775	0.02463	0.01629	0.05883	0.01417	0.00865	0.00765	0.00244	0.01020	0.00733	0.00399	0.01177
61	0.01194	0.00862	0.01195	0.01195	0.01295	0.00962	0.00864	0.01394	0.01294	0.01825	0.02353	0.03972	0.02385	0.27296	0.46868	0.01162	0.01762	0.00994	0.00464	0.00664
62	0.02066	0.01785	0.01878	0.01691	0.02160	0.02066	0.01315	0.04414	0.64121	0.03475	0.03381	0.03099	0.02536	0.01127	0.00845	0.00282	0.00657	0.00939	0.00845	0.01315
63	0.01720	0.01358	0.01643	0.01502	0.01780	0.04520	0.01187	0.15346	0.01960	0.02676	0.02129	0.02895	0.01880	0.04802	0.49391	0.01038	0.01897	0.00841	0.00531	0.00903
64	0.02495	0.02225	0.02372	0.09397	0.15228	0.15729	0.01723	0.06093	0.21614	0.11098	0.02306	0.02379	0.01725	0.00944	0.00817	0.00255	0.00964	0.00772	0.00645	0.01217
65	0.01549	0.00774	0.00774	0.00774	0.00968	0.00774	0.00581	0.01936	0.01742	0.03097	0.02710	0.03097	0.02129	0.00968	0.00581	0.00194	0.00387	0.00774	0.75416	0.00774
66	0.02941	0.03384	0.02295	0.02036	0.02503	0.48036	0.01554	0.11506	0.12671	0.02700	0.01723	0.01827	0.01356	0.00919	0.00776	0.00230	0.01282	0.00630	0.00551	0.01081
67	0.01678	0.00967	0.01233	0.01098	0.01404	0.00861	0.00848	0.02021	0.02272	0.16385	0.41526	0.05827	0.17349	0.01633	0.00950	0.00264	0.00464	0.01409	0.00912	0.00901
68	0.01445	0.01343	0.02144	0.54476	0.04752	0.01604	0.01954	0.01926	0.01710	0.02148	0.02940	0.03434	0.14641	0.01099	0.00862	0.00278	0.00963	0.00952	0.00454	0.00876
69	0.01823	0.01736	0.02951	0.35581	0.36962	0.01913	0.02434	0.02345	0.01781	0.02431	0.01521	0.02132	0.01216	0.00783	0.00826	0.00261	0.01045	0.00739	0.00391	0.01128
70	0.01023	0.00843	0.00898	0.00884	0.01147	0.00719	0.00663	0.01271	0.01990	0.02473	0.20386	0.07618	0.53171	0.02018	0.00981	0.00276	0.00415	0.01700	0.00802	0.00719
71	0.01666	0.04297	0.66500	0.02368	0.03596	0.01929	0.03069	0.02631	0.01754	0.02631	0.01491	0.01754	0.01052	0.00789	0.00789	0.00263	0.01228	0.00614	0.00351	0.01228
72	0.02101	0.56749	0.17853	0.01627	0.02450	0.02992	0.01779	0.02519	0.01702	0.02101	0.01228	0.01424	0.01063	0.00728	0.00589	0.00196	0.00962	0.00481	0.00354	0.01101
73	0.01586	0.00968	0.01106	0.01017	0.01366	0.00826	0.00795	0.01837	0.02019	0.15794	0.09890	0.06882	0.46421	0.01866	0.00958	0.00279	0.00495	0.04203	0.00832	0.00858
74	0.02716	0.24955	0.03090	0.02224	0.09036	0.40400	0.01646	0.02976	0.02096	0.02080	0.01273	0.01504	0.01095	0.00798	0.00689	0.00206	0.01253	0.00528	0.00403	0.01032
75	0.02374	0.05717	0.02851	0.10945	0.28594	0.18974	0.02036	0.08060	0.07459	0.02717	0.01654	0.01980	0.01329	0.00834	0.00793	0.00242	0.01094	0.00691	0.00481	0.01176

[dist]
# distance from previous block
# <min> <max>
0	2

[block]
# block no. 4 follows, 22 sequences, length 45
# corresponding to MSA columns:
# 186-230
name=unknown_E
#
# <colnr> <probs for GDERKNQSTAVLIFYWHMCP>
#	G	D	E	R	K	N	Q	S	T	A	V	L	I	F	Y	W	H	M	C	P
0	0.01728	0.01520	0.01737	0.01648	0.05501	0.05010	0.01201	0.02677	0.20556	0.02769	0.08773	0.02996	0.02513	0.02327	0.17732	0.00505	0.01083	0.00848	0.00622	0.18254
1	0.01673	0.34955	0.02667	0.01218	0.01667	0.01992	0.01085	0.01995	0.02009	0.02613	0.31484	0.03932	0.07297	0.01240	0.00764	0.00222	0.00634	0.01002	0.00637	0.00917
2	0.57622	0.02290	0.17801	0.01416	0.02112	0.01880	0.01451	0.02490	0.01500	0.03449	0.01242	0.01452	0.00938	0.00776	0.00584	0.00259	0.00791	0.00492	0.00473	0.00983
3	0.02442	0.33639	0.03509	0.02570	0.18388	0.22068	0.01763	0.02750	0.01938	0.02171	0.01297	0.01566	0.01131	0.00761	0.00671	0.00206	0.01095	0.00546	0.00391	0.01099
4	0.01665	0.01373	0.01229	0.01165	0.01286	0.11202	0.00750	0.01835	0.04700	0.04840	0.02482	0.04582	0.02648	0.53061	0.03354	0.00661	0.00900	0.01072	0.00534	0.00660
5	0.02160	0.01463	0.01767	0.01284	0.02002	0.01132	0.01036	0.02519	0.01866	0.16554	0.01869	0.01964	0.01411	0.00705	0.00663	0.00152	0.00635	0.00567	0.00609	0.59642
6	0.01958	0.01567	0.01799	0.01352	0.02039	0.01342	0.01080	0.05861	0.11528	0.06252	0.01893	0.02008	0.01485	0.00737	0.00674	0.00161	0.00643	0.00593	0.00593	0.56435
7	0.01840	0.01843	0.02401	0.02466	0.12292	0.08156	0.01749	0.02100	0.01486	0.02102	0.01428	0.02136	0.01336	0.02307	0.16116	0.00539	0.37618	0.00746	0.00395	0.00944
8	0.01203	0.00827	0.01016	0.01016	0.01054	0.00865	0.00641	0.01279	0.01241	0.01692	0.02517	0.04879	0.02778	0.54243	0.20459	0.00941	0.01170	0.01127	0.00488	0.00565
9	0.01362	0.01196	0.01653	0.01600	0.01633	0.01486	0.01228	0.01530	0.01443	0.02060	0.02986	0.38020	0.03462	0.02288	0.04928	0.00396	0.29773	0.01598	0.00583	0.00777
10	0.01666	0.04297	0.66500	0.02368	0.03596	0.01929	0.03069	0.02631	0.01754	0.02631	0.01491	0.01754	0.01052	0.00789	0.00789	0.00263	0.01228	0.00614	0.00351	0.01228
11	0.01187	0.00890	0.01335	0.01335	0.01483	0.01038	0.01038	0.01483	0.01335	0.01928	0.02225	0.03264	0.02077	0.06231	0.67512	0.01335	0.02225	0.00890	0.00445	0.00742
12	0.01600	0.01321	0.01479	0.01447	0.01791	0.01422	0.01165	0.02871	0.31276	0.02897	0.04843	0.06094	0.17643	0.01700	0.00967	0.00311	0.00635	0.18725	0.00804	0.01010
13	0.01750	0.01662	0.02820	0.45067	0.28043	0.01893	0.02397	0.02282	0.01747	0.02343	0.01509	0.02156	0.01185	0.00797	0.00828	0.00266	0.01063	0.00739	0.00385	0.01069
14	0.76672	0.01607	0.01221	0.01092	0.01607	0.01864	0.00900	0.02442	0.01414	0.03727	0.01157	0.01350	0.00900	0.00771	0.00514	0.00257	0.00643	0.00450	0.00514	0.00900
15	0.01666	0.04297	0.66500	0.02368	0.03596	0.01929	0.03069	0.02631	0.01754	0.02631	0.01491	0.01754	0.01052	0.00789	0.00789	0.00263	0.01228	0.00614	0.00351	0.01228
16	0.03370	0.01988	0.02283	0.01750	0.02407	0.02073	0.01446	0.41000	0.03338	0.27890	0.02471	0.02304	0.01652	0.01009	0.00833	0.00252	0.00837	0.00780	0.00904	0.01413
17	0.01549	0.00774	0.00774	0.00774	0.00968	0.00774	0.00581	0.01936	0.01742	0.03097	0.02710	0.03097	0.02129	0.00968	0.00581	0.00194	0.00387	0.00774	0.75416	0.00774
18	0.01898	0.01576	0.02120	0.19115	0.13077	0.01719	0.01642	0.09449	0.15159	0.05678	0.03541	0.03638	0.15514	0.01184	0.00866	0.00270	0.00804	0.01008	0.00645	0.01097
19	0.01549	0.00774	0.00774	0.00774	0.00968	0.00774	0.00581	0.01936	0.01742	0.03097	0.02710	0.03097	0.02129	0.00968	0.00581	0.00194	0.00387	0.00774	0.75416	0.00774
20	0.01882	0.01989	0.03854	0.02753	0.03559	0.01773	0.42287	0.02473	0.01882	0.02676	0.01613	0.02070	0.01251	0.00672	0.00860	0.00228	0.01142	0.00819	0.00444	0.25772
21	0.03093	0.02294	0.02456	0.01898	0.02551	0.02546	0.01563	0.59347	0.07517	0.05130	0.02078	0.02061	0.01480	0.01005	0.00832	0.00251	0.00899	0.00759	0.00832	0.01407
22	0.01189	0.00881	0.01287	0.01287	0.01419	0.01012	0.00979	0.01453	0.01321	0.01893	0.02269	0.03506	0.02182	0.13439	0.60447	0.01276	0.02067	0.00926	0.00452	0.00715
23	0.02749	0.03370	0.02407	0.02151	0.02462	0.49597	0.01664	0.02954	0.02056	0.02024	0.01231	0.01586	0.01076	0.01021	0.01293	0.00255	0.20158	0.00588	0.00410	0.00948
24	0.01056	0.00765	0.01058	0.01202	0.01276	0.00767	0.00839	0.01240	0.01526	0.02072	0.03981	0.53246	0.04626	0.03524	0.17938	0.00591	0.00925	0.01988	0.00688	0.00692
25	0.01208	0.00805	0.00906	0.00906	0.00906	0.00805	0.00503	0.01208	0.01208	0.01611	0.02618	0.05436	0.03020	0.70804	0.04228	0.00805	0.00805	0.01208	0.00503	0.00503
26	0.01961	0.01877	0.03201	0.17510	0.53954	0.01949	0.02502	0.02466	0.01847	0.02599	0.01546	0.02087	0.01275	0.00758	0.00824	0.00253	0.01010	0.00740	0.00403	0.01239
27	0.02512	0.49098	0.03694	0.01658	0.02276	0.24450	0.01482	0.02761	0.01908	0.01980	0.01198	0.01387	0.01067	0.00759	0.00604	0.00190	0.01089	0.00474	0.00379	0.01032
28	0.02588	0.43270	0.03521	0.01721	0.02314	0.30005	0.01498	0.02833	0.01965	0.01987	0.01209	0.01402	0.01068	0.00771	0.00623	0.00193	0.01142	0.00482	0.00386	0.01023
29	0.02348	0.03305	0.19026	0.03301	0.26326	0.26417	0.02329	0.02857	0.02029	0.02439	0.01440	0.01771	0.01157	0.00796	0.00787	0.00239	0.01239	0.00632	0.00402	0.01162
30	0.02217	0.20357	0.02390	0.01393	0.01826	0.02062	0.01128	0.21447	0.02254	0.05685	0.02052	0.03111	0.01935	0.26444	0.01993	0.00434	0.00858	0.00838	0.00591	0.00987
31	0.01002	0.00842	0.00869	0.00862	0.01134	0.00710	0.00647	0.01231	0.01941	0.02356	0.14241	0.07811	0.59390	0.02062	0.00982	0.00279	0.00418	0.01728	0.00786	0.00710
32	0.02056	0.01974	0.03372	0.05099	0.65622	0.01974	0.02550	0.02550	0.01892	0.02714	0.01563	0.02056	0.01316	0.00740	0.00822	0.00247	0.00987	0.00740	0.00411	0.01316
33	0.01569	0.01477	0.02492	0.68808	0.05722	0.01846	0.02307	0.02123	0.01661	0.02123	0.01477	0.02215	0.01107	0.00831	0.00831	0.00277	0.01107	0.00738	0.00369	0.00923
34	0.03366	0.01727	0.02095	0.01617	0.02243	0.01709	0.01332	0.26180	0.02955	0.39512	0.06331	0.02705	0.02143	0.01055	0.00842	0.00254	0.00767	0.00840	0.00947	0.01377
35	0.02046	0.02001	0.03529	0.04935	0.59334	0.01987	0.08712	0.02561	0.01899	0.02709	0.01575	0.02075	0.01310	0.00736	0.00839	0.00250	0.01029	0.00765	0.00412	0.01296
36	0.01012	0.00723	0.00964	0.01157	0.01205	0.00675	0.00771	0.01157	0.01591	0.02121	0.04579	0.70262	0.05495	0.02603	0.01060	0.00337	0.00482	0.02362	0.00771	0.00675
37	0.02056	0.01974	0.03372	0.05099	0.65622	0.01974	0.02550	0.02550	0.01892	0.02714	0.01563	0.02056	0.01316	0.00740	0.00822	0.00247	0.00987	0.00740	0.00411	0.01316
38	0.01549	0.00774	0.00774	0.00774	0.00968	0.00774	0.00581	0.01936	0.01742	0.03097	0.02710	0.03097	0.02129	0.00968	0.00581	0.00194	0.00387	0.00774	0.75416	0.00774
39	0.01466	0.01396	0.01251	0.01183	0.01516	0.08457	0.00897	0.02152	0.15541	0.02547	0.09567	0.06106	0.41350	0.01730	0.00926	0.00272	0.00591	0.01426	0.00757	0.00869
40	0.01187	0.00890	0.01335	0.01335	0.01483	0.01038	0.01038	0.01483	0.01335	0.01928	0.02225	0.03264	0.02077	0.06231	0.67512	0.01335	0.02225	0.00890	0.00445	0.00742
41	0.01206	0.00815	0.00953	0.00953	0.00969	0.00831	0.00562	0.01238	0.01222	0.01646	0.02575	0.05199	0.02917	0.63742	0.11150	0.00863	0.00961	0.01173	0.00497	0.00529
42	0.03103	0.03959	0.02354	0.02140	0.02568	0.67469	0.01605	0.03317	0.02354	0.02033	0.01284	0.01498	0.01070	0.00856	0.00749	0.00214	0.01498	0.00535	0.00428	0.00963
43	0.01339	0.00956	0.01339	0.01530	0.01721	0.00956	0.01339	0.01721	0.01912	0.02486	0.04399	0.09371	0.04781	0.02295	0.01147	0.00382	0.00765	0.60031	0.00765	0.00765
44	0.01050	0.00739	0.00953	0.01108	0.01147	0.00700	0.00719	0.01167	0.01517	0.02022	0.04200	0.57729	0.05016	0.15788	0.01673	0.00428	0.00545	0.02139	0.00719	0.00642

[dist]
# distance from previous block
# <min> <max>
0	1

[block]
# block no. 5 follows, 22 sequences, length 211
# corresponding to MSA columns:
# 232-442
name=unknown_F
#
# <colnr> <probs for GDERKNQSTAVLIFYWHMCP>
#	G	D	E	R	K	N	Q	S	T	A	V	L	I	F	Y	W	H	M	C	P
0	0.02455	0.01978	0.02098	0.01769	0.02309	0.02248	0.01409	0.25244	0.42658	0.04103	0.02887	0.02706	0.02136	0.01081	0.00840	0.00270	0.00749	0.00871	0.00840	0.01350
1	0.01901	0.29117	0.37551	0.02120	0.03119	0.02452	0.08013	0.02580	0.01749	0.02381	0.01383	0.01642	0.01077	0.00752	0.00711	0.00233	0.01117	0.00585	0.00359	0.01157
2	0.03158	0.02327	0.02493	0.01911	0.02576	0.02576	0.01579	0.62852	0.03906	0.05236	0.01995	0.01995	0.01413	0.00997	0.00831	0.00249	0.00914	0.00748	0.00831	0.01413
3	0.03727	0.01414	0.01928	0.01478	0.02121	0.01221	0.01221	0.04049	0.02378	0.66198	0.03277	0.02828	0.02056	0.01028	0.00835	0.00257	0.00707	0.00835	0.01028	0.01414
4	0.01761	0.01612	0.01552	0.01438	0.01817	0.07112	0.01099	0.03136	0.35659	0.02943	0.07819	0.07715	0.19981	0.01472	0.00892	0.00277	0.00642	0.01225	0.00790	0.01059
5	0.01176	0.00849	0.01110	0.01045	0.01241	0.00784	0.00784	0.01568	0.02352	0.03331	0.65184	0.06206	0.07839	0.01698	0.00980	0.00261	0.00392	0.01502	0.00914	0.00784
6	0.01187	0.00890	0.01335	0.01335	0.01483	0.01038	0.01038	0.01483	0.01335	0.01928	0.02225	0.03264	0.02077	0.06231	0.67512	0.01335	0.02225	0.00890	0.00445	0.00742
7	0.03158	0.02327	0.02493	0.01911	0.02576	0.02576	0.01579	0.62852	0.03906	0.05236	0.01995	0.01995	0.01413	0.00997	0.00831	0.00249	0.00914	0.00748	0.00831	0.01413
8	0.01569	0.01477	0.02492	0.68808	0.05722	0.01846	0.02307	0.02123	0.01661	0.02123	0.01477	0.02215	0.01107	0.00831	0.00831	0.00277	0.01107	0.00738	0.00369	0.00923
9	0.01818	0.01818	0.02545	0.02181	0.02181	0.02545	0.01818	0.01999	0.01272	0.01999	0.01091	0.01818	0.01091	0.01454	0.02726	0.00364	0.69284	0.00727	0.00364	0.00909
10	0.01549	0.00774	0.00774	0.00774	0.00968	0.00774	0.00581	0.01936	0.01742	0.03097	0.02710	0.03097	0.02129	0.00968	0.00581	0.00194	0.00387	0.00774	0.75416	0.00774
11	0.03257	0.01429	0.01880	0.01420	0.02085	0.01194	0.01166	0.03590	0.02224	0.51308	0.02855	0.02568	0.01863	0.00931	0.00784	0.00226	0.00685	0.00755	0.00903	0.18878
12	0.01002	0.00838	0.00847	0.00847	0.01103	0.00711	0.00620	0.01194	0.01833	0.02188	0.07901	0.07768	0.59760	0.08200	0.01270	0.00327	0.00455	0.01705	0.00748	0.00684
13	0.01300	0.00941	0.01284	0.01447	0.01646	0.00926	0.01251	0.01667	0.01931	0.02504	0.07544	0.09104	0.10260	0.02251	0.01125	0.00368	0.00717	0.52202	0.00772	0.00760
14	0.02221	0.71304	0.04353	0.01421	0.02132	0.03287	0.01421	0.02488	0.01688	0.01955	0.01155	0.01333	0.01066	0.00711	0.00533	0.00178	0.00888	0.00444	0.00355	0.01066
15	0.01169	0.00823	0.01023	0.01128	0.01193	0.00802	0.00740	0.04187	0.01603	0.02139	0.03936	0.49843	0.04643	0.20495	0.01884	0.00456	0.00588	0.01979	0.00704	0.00666
16	0.02003	0.01516	0.01942	0.01647	0.02006	0.01592	0.06873	0.23432	0.02399	0.03198	0.02709	0.04798	0.02680	0.23938	0.02020	0.00463	0.00891	0.14279	0.00671	0.00944
17	0.01710	0.01464	0.01988	0.01760	0.01917	0.01864	0.01431	0.09902	0.01653	0.02400	0.01727	0.02499	0.01582	0.03564	0.31925	0.00790	0.29656	0.00804	0.00463	0.00900
18	0.01199	0.00843	0.01099	0.01099	0.01166	0.00910	0.00744	0.01332	0.01265	0.01754	0.02441	0.04459	0.02596	0.41759	0.32694	0.01044	0.01444	0.01065	0.00477	0.00611
19	0.03489	0.01795	0.02164	0.01659	0.02311	0.01787	0.01371	0.28616	0.03016	0.40729	0.02741	0.02480	0.01788	0.01015	0.00834	0.00254	0.00793	0.00799	0.00946	0.01413
20	0.01176	0.00849	0.01110	0.01045	0.01241	0.00784	0.00784	0.01568	0.02352	0.03331	0.65184	0.06206	0.07839	0.01698	0.00980	0.00261	0.00392	0.01502	0.00914	0.00784
21	0.01187	0.00890	0.01335	0.01335	0.01483	0.01038	0.01038	0.01483	0.01335	0.01928	0.02225	0.03264	0.02077	0.06231	0.67512	0.01335	0.02225	0.00890	0.00445	0.00742
22	0.02049	0.50567	0.23587	0.01714	0.02585	0.02867	0.01931	0.02532	0.01708	0.02164	0.01259	0.01463	0.01062	0.00735	0.00612	0.00204	0.00993	0.00497	0.00354	0.01116
23	0.00982	0.00842	0.00842	0.00842	0.01122	0.00701	0.00631	0.01192	0.01894	0.02244	0.08416	0.07995	0.65285	0.02104	0.00982	0.00281	0.00421	0.01753	0.00771	0.00701
24	0.02044	0.49947	0.24161	0.01723	0.02599	0.02854	0.01947	0.02533	0.01709	0.02170	0.01262	0.01467	0.01062	0.00736	0.00615	0.00205	0.00997	0.00498	0.00354	0.01118
25	0.01187	0.00890	0.01335	0.01335	0.01483	0.01038	0.01038	0.01483	0.01335	0.01928	0.02225	0.03264	0.02077	0.06231	0.67512	0.01335	0.02225	0.00890	0.00445	0.00742
26	0.01723	0.01477	0.01723	0.01230	0.01969	0.01107	0.00984	0.02092	0.01723	0.02707	0.01477	0.01723	0.01230	0.00615	0.00615	0.00123	0.00615	0.00492	0.00492	0.75883
27	0.01723	0.01477	0.01723	0.01230	0.01969	0.01107	0.00984	0.02092	0.01723	0.02707	0.01477	0.01723	0.01230	0.00615	0.00615	0.00123	0.00615	0.00492	0.00492	0.75883
28	0.00983	0.00836	0.00847	0.00856	0.01126	0.00700	0.00638	0.01191	0.01879	0.02238	0.08236	0.10905	0.62491	0.02127	0.00986	0.00283	0.00424	0.01782	0.00771	0.00700
29	0.01208	0.00805	0.00906	0.00906	0.00906	0.00805	0.00503	0.01208	0.01208	0.01611	0.02618	0.05436	0.03020	0.70804	0.04228	0.00805	0.00805	0.01208	0.00503	0.00503
30	0.03103	0.03959	0.02354	0.02140	0.02568	0.67469	0.01605	0.03317	0.02354	0.02033	0.01284	0.01498	0.01070	0.00856	0.00749	0.00214	0.01498	0.00535	0.00428	0.00963
31	0.02066	0.01785	0.01878	0.01691	0.02160	0.02066	0.01315	0.04414	0.64121	0.03475	0.03381	0.03099	0.02536	0.01127	0.00845	0.00282	0.00657	0.00939	0.00845	0.01315
32	0.01516	0.01381	0.02222	0.01854	0.02183	0.01495	0.14682	0.02132	0.09927	0.02304	0.02758	0.03519	0.07725	0.09542	0.25997	0.00727	0.07615	0.01010	0.00521	0.00892
33	0.01133	0.00848	0.01052	0.01001	0.01215	0.00766	0.00751	0.01486	0.02252	0.03094	0.52797	0.06596	0.20374	0.01787	0.00980	0.00265	0.00398	0.01557	0.00883	0.00766
34	0.02396	0.53298	0.06527	0.01623	0.02292	0.17694	0.01532	0.02681	0.01841	0.02001	0.01198	0.01388	0.01066	0.00747	0.00593	0.00189	0.01040	0.00472	0.00372	0.01050
35	0.00982	0.00842	0.00842	0.00842	0.01122	0.00701	0.00631	0.01192	0.01894	0.02244	0.08416	0.07995	0.65285	0.02104	0.00982	0.00281	0.00421	0.01753	0.00771	0.00701
36	0.02066	0.01785	0.01878	0.01691	0.02160	0.02066	0.01315	0.04414	0.64121	0.03475	0.03381	0.03099	0.02536	0.01127	0.00845	0.00282	0.00657	0.00939	0.00845	0.01315
37	0.01042	0.00809	0.00948	0.00988	0.01178	0.00715	0.00712	0.01281	0.01925	0.02494	0.22250	0.25764	0.32633	0.02143	0.01004	0.00292	0.00431	0.01865	0.00809	0.00715
38	0.01894	0.02704	0.18784	0.03246	0.04174	0.02062	0.49188	0.02654	0.01914	0.02654	0.01638	0.02131	0.01214	0.00720	0.00937	0.00276	0.01362	0.00898	0.00405	0.01145
39	0.01666	0.04297	0.66500	0.02368	0.03596	0.01929	0.03069	0.02631	0.01754	0.02631	0.01491	0.01754	0.01052	0.00789	0.00789	0.00263	0.01228	0.00614	0.00351	0.01228
40	0.01187	0.00890	0.01335	0.01335	0.01483	0.01038	0.01038	0.01483	0.01335	0.01928	0.02225	0.03264	0.02077	0.06231	0.67512	0.01335	0.02225	0.00890	0.00445	0.00742
41	0.02399	0.01794	0.02016	0.01694	0.02180	0.02011	0.01359	0.28221	0.22020	0.06631	0.02535	0.02662	0.01941	0.02218	0.15863	0.00504	0.01120	0.00843	0.00757	0.01231
42	0.01187	0.00890	0.01335	0.01335	0.01483	0.01038	0.01038	0.01483	0.01335	0.01928	0.02225	0.03264	0.02077	0.06231	0.67512	0.01335	0.02225	0.00890	0.00445	0.00742
43	0.02420	0.56127	0.03903	0.01583	0.02230	0.17751	0.01463	0.02675	0.01838	0.01972	0.01184	0.01370	0.01067	0.00743	0.00582	0.00186	0.01026	0.00465	0.00372	0.01043
44	0.02221	0.71304	0.04353	0.01421	0.02132	0.03287	0.01421	0.02488	0.01688	0.01955	0.01155	0.01333	0.01066	0.00711	0.00533	0.00178	0.00888	0.00444	0.00355	0.01066
45	0.01176	0.00849	0.01110	0.01045	0.01241	0.00784	0.00784	0.01568	0.02352	0.03331	0.65184	0.06206	0.07839	0.01698	0.00980	0.00261	0.00392	0.01502	0.00914	0.00784
46	0.03073	0.02226	0.02402	0.01867	0.02511	0.02457	0.01534	0.53923	0.10069	0.08035	0.02201	0.02150	0.01561	0.01012	0.00833	0.00253	0.00877	0.00772	0.00842	0.01403
47	0.26007	0.02075	0.02065	0.01645	0.02253	0.02328	0.01354	0.41022	0.06229	0.04675	0.01805	0.01850	0.01311	0.00933	0.00733	0.00253	0.00816	0.00665	0.00733	0.01248
48	0.01193	0.00872	0.01135	0.01132	0.01335	0.00814	0.00891	0.01566	0.02213	0.03045	0.46620	0.07063	0.12535	0.01866	0.01017	0.00290	0.00476	0.14297	0.00869	0.00772
49	0.01480	0.01073	0.01298	0.01321	0.01504	0.01090	0.00947	0.14619	0.02096	0.02800	0.04015	0.55366	0.04604	0.02252	0.01010	0.00318	0.00576	0.02010	0.00784	0.00836
50	0.02550	0.03050	0.02006	0.01884	0.02233	0.46788	0.01396	0.02948	0.07954	0.02187	0.02199	0.16652	0.02172	0.01262	0.00826	0.00247	0.01198	0.00971	0.00542	0.00933
