[name]
unknown

[dist]
# distance from previous block
# <min> <max>
0	0

[block]
# block no. 0 follows, 23 sequences, length 18
# corresponding to MSA columns:
# 0-17
name=unknown_A
#
# <colnr> <probs for GDERKNQSTAVLIFYWHMCP>
#	G	D	E	R	K	N	Q	S	T	A	V	L	I	F	Y	W	H	M	C	P
0	0.01308	0.00934	0.01308	0.01494	0.01681	0.00934	0.01308	0.01681	0.01868	0.02428	0.04296	0.09153	0.04670	0.02242	0.01121	0.00374	0.00747	0.60960	0.00747	0.00747
1	0.09460	0.01691	0.02640	0.18296	0.20668	0.01779	0.08548	0.02861	0.08792	0.14308	0.01979	0.02245	0.01455	0.00834	0.00798	0.00258	0.00918	0.00759	0.00558	0.01154
2	0.01801	0.01716	0.02918	0.33162	0.39864	0.01873	0.02387	0.02308	0.01749	0.02399	0.01490	0.02076	0.01196	0.00762	0.00807	0.00254	0.01015	0.00722	0.00384	0.01118
3	0.10555	0.01399	0.01812	0.13972	0.05288	0.01439	0.01339	0.06938	0.05362	0.25452	0.03142	0.08765	0.08749	0.01175	0.00815	0.00264	0.00730	0.00975	0.00735	0.01094
4	0.08004	0.01797	0.02321	0.21379	0.09018	0.09508	0.09249	0.06626	0.01951	0.02558	0.02997	0.03262	0.15829	0.01079	0.00827	0.00258	0.00949	0.00929	0.00511	0.00949
5	0.10447	0.06937	0.02169	0.02208	0.14236	0.28873	0.01417	0.02516	0.01840	0.02257	0.01583	0.02313	0.01466	0.13739	0.01322	0.00322	0.01068	0.00677	0.03692	0.00916
6	0.01832	0.01207	0.01359	0.01182	0.01512	0.01187	0.00894	0.15694	0.02244	0.10848	0.09624	0.08939	0.23066	0.14953	0.01519	0.00364	0.00628	0.01292	0.00759	0.00897
7	0.01179	0.00872	0.01021	0.01024	0.01188	0.00825	0.00718	0.04966	0.01861	0.02456	0.18834	0.23481	0.20712	0.15291	0.01576	0.00381	0.00521	0.01656	0.00739	0.00701
8	0.02761	0.02363	0.02182	0.01769	0.02320	0.14428	0.01420	0.41962	0.06178	0.04091	0.02661	0.02636	0.09393	0.01089	0.00816	0.00242	0.00927	0.00823	0.00732	0.01208
9	0.01091	0.00760	0.00923	0.00998	0.01038	0.00741	0.00626	0.01172	0.01369	0.01818	0.03599	0.31432	0.07199	0.37437	0.05662	0.00602	0.00705	0.01642	0.00607	0.00579
10	0.21676	0.01023	0.01110	0.01124	0.01376	0.01034	0.00827	0.01793	0.01642	0.09614	0.06426	0.38229	0.07519	0.01828	0.00861	0.00293	0.00529	0.01572	0.00720	0.00803
11	0.00985	0.00719	0.00929	0.01096	0.01168	0.00662	0.00738	0.01134	0.01586	0.02084	0.04880	0.64084	0.11974	0.02489	0.01027	0.00323	0.00464	0.02242	0.00753	0.00662
12	0.01045	0.00825	0.00942	0.00913	0.01149	0.00722	0.00685	0.01332	0.02054	0.02677	0.34582	0.07011	0.39428	0.01874	0.00958	0.00265	0.00398	0.01601	0.00817	0.00722
13	0.01413	0.01016	0.01220	0.01241	0.01397	0.01030	0.00872	0.13105	0.01940	0.02592	0.03754	0.49677	0.04307	0.10729	0.01374	0.00369	0.00590	0.01867	0.00732	0.00776
14	0.00989	0.00706	0.00942	0.01130	0.01177	0.00659	0.00753	0.01130	0.01554	0.02071	0.04472	0.70954	0.05367	0.02542	0.01036	0.00330	0.00471	0.02307	0.00753	0.00659
15	0.02284	0.02544	0.02417	0.02104	0.02283	0.25932	0.01690	0.05275	0.01739	0.02111	0.01174	0.01672	0.01073	0.01191	0.01888	0.00298	0.42352	0.00644	0.00399	0.00929
16	0.01380	0.01049	0.01155	0.01077	0.01391	0.01012	0.00824	0.02069	0.15160	0.06484	0.19970	0.06119	0.35824	0.01704	0.00922	0.00269	0.00469	0.01438	0.00815	0.00869
17	0.01005	0.00733	0.00917	0.01056	0.01133	0.00677	0.00704	0.01141	0.01558	0.02036	0.04834	0.54212	0.14335	0.09969	0.01361	0.00371	0.00496	0.02094	0.00725	0.00645

[dist]
# distance from previous block
# <min> <max>
0	2

[block]
# block no. 1 follows, 23 sequences, length 105
# corresponding to MSA columns:
# 20-124
name=unknown_B
#
# <colnr> <probs for GDERKNQSTAVLIFYWHMCP>
#	G	D	E	R	K	N	Q	S	T	A	V	L	I	F	Y	W	H	M	C	P
0	0.01240	0.00839	0.01158	0.01158	0.01305	0.00944	0.00885	0.01534	0.01387	0.02125	0.02301	0.03264	0.02089	0.08420	0.49541	0.01024	0.01694	0.00860	0.17510	0.00719
1	0.01105	0.00823	0.01028	0.00987	0.01189	0.00746	0.00737	0.01444	0.02180	0.03001	0.52351	0.09120	0.18747	0.01772	0.00961	0.00262	0.00392	0.01550	0.00861	0.00746
2	0.02522	0.02478	0.02679	0.03033	0.24983	0.18642	0.01891	0.18628	0.05530	0.03100	0.01615	0.01886	0.01289	0.00897	0.00955	0.00246	0.07226	0.00683	0.00529	0.01188
3	0.01111	0.00779	0.01001	0.01064	0.01114	0.00796	0.00700	0.01225	0.01334	0.01813	0.03113	0.26914	0.03550	0.33166	0.17911	0.00752	0.01001	0.01487	0.00567	0.00602
4	0.01890	0.01430	0.01563	0.01352	0.01763	0.01504	0.01064	0.16362	0.19759	0.06382	0.15891	0.04612	0.20203	0.01426	0.00882	0.00263	0.00591	0.01185	0.00824	0.01054
5	0.01927	0.01429	0.01666	0.05588	0.02014	0.01522	0.01164	0.20602	0.11219	0.05814	0.19493	0.12832	0.08420	0.01448	0.00892	0.00267	0.00639	0.01231	0.00802	0.01032
6	0.08164	0.01392	0.01841	0.01421	0.02040	0.01231	0.01173	0.03858	0.02265	0.63090	0.03074	0.02673	0.01939	0.00989	0.00797	0.00251	0.00687	0.00793	0.00973	0.01350
7	0.02169	0.71972	0.04252	0.01388	0.02083	0.03211	0.01388	0.02430	0.01649	0.01909	0.01128	0.01302	0.01041	0.00694	0.00521	0.00174	0.00868	0.00434	0.00347	0.01041
8	0.00986	0.00716	0.00931	0.01104	0.01170	0.00661	0.00742	0.01133	0.01579	0.02082	0.04789	0.65618	0.10498	0.02501	0.01029	0.00325	0.00466	0.02257	0.00753	0.00661
9	0.01683	0.01442	0.01683	0.01202	0.01923	0.01082	0.00961	0.02043	0.01683	0.02644	0.01442	0.01683	0.01202	0.00601	0.00601	0.00120	0.00601	0.00481	0.00481	0.76444
10	0.01718	0.01266	0.01418	0.01278	0.01644	0.01304	0.00998	0.06376	0.22781	0.08484	0.18452	0.05117	0.20739	0.01506	0.00899	0.00270	0.00546	0.03368	0.00833	0.01003
11	0.01775	0.01775	0.02485	0.02130	0.02130	0.02485	0.01775	0.01953	0.01243	0.01953	0.01065	0.01775	0.01065	0.01420	0.02663	0.00355	0.69998	0.00710	0.00355	0.00888
12	0.01331	0.00870	0.01143	0.01052	0.01275	0.00797	0.00797	0.01708	0.02299	0.07913	0.61403	0.05820	0.07243	0.01611	0.00947	0.00255	0.00405	0.01420	0.00901	0.00811
13	0.01627	0.04197	0.67279	0.02313	0.03512	0.01884	0.02998	0.02570	0.01713	0.02570	0.01456	0.01713	0.01028	0.00771	0.00771	0.00257	0.01199	0.00600	0.00343	0.01199
14	0.01201	0.01021	0.01060	0.01034	0.01332	0.00984	0.00778	0.01873	0.16086	0.02454	0.06809	0.11773	0.46866	0.01878	0.00935	0.00279	0.00468	0.01580	0.00770	0.00818
15	0.01972	0.01831	0.03005	0.21278	0.45724	0.01943	0.02354	0.07274	0.01947	0.02700	0.01538	0.02043	0.01241	0.00766	0.00806	0.00249	0.00988	0.00723	0.00424	0.01194
16	0.02558	0.28423	0.03035	0.01840	0.02305	0.36217	0.01529	0.02782	0.01929	0.01954	0.01184	0.01444	0.01046	0.00858	0.00899	0.00215	0.09914	0.00514	0.00384	0.00971
17	0.00987	0.00713	0.00934	0.01111	0.01172	0.00661	0.00745	0.01132	0.01572	0.02079	0.04703	0.67072	0.09100	0.02512	0.01031	0.00326	0.00467	0.02270	0.00753	0.00661
18	0.01019	0.00754	0.00952	0.01050	0.01170	0.00687	0.00731	0.01225	0.01772	0.02355	0.18782	0.45209	0.16801	0.02259	0.01004	0.00303	0.00441	0.02014	0.00784	0.00687
19	0.77215	0.01569	0.01193	0.01067	0.01569	0.01820	0.00879	0.02385	0.01381	0.03641	0.01130	0.01318	0.00879	0.00753	0.00502	0.00251	0.00628	0.00439	0.00502	0.00879
20	0.02008	0.01928	0.03294	0.04981	0.66422	0.01928	0.02490	0.02490	0.01848	0.02651	0.01526	0.02008	0.01285	0.00723	0.00803	0.00241	0.00964	0.00723	0.00402	0.01285
21	0.01409	0.00705	0.01057	0.01057	0.01057	0.00705	0.00705	0.01057	0.01057	0.01409	0.01409	0.02467	0.01409	0.02819	0.03171	0.76392	0.00705	0.00705	0.00352	0.00352
22	0.01973	0.01892	0.03231	0.09700	0.61975	0.01919	0.02473	0.02460	0.01831	0.02609	0.01520	0.02020	0.01270	0.00729	0.00804	0.00243	0.00973	0.00723	0.00399	0.01257
23	0.00964	0.00801	0.00844	0.00878	0.01111	0.00680	0.00642	0.01158	0.01795	0.02170	0.07534	0.19362	0.54982	0.02144	0.00973	0.00284	0.00422	0.01821	0.00753	0.00680
24	0.01268	0.01098	0.01915	0.01678	0.01927	0.01101	0.14724	0.01570	0.01518	0.02084	0.02896	0.27020	0.03102	0.08864	0.24530	0.00691	0.01284	0.01420	0.00546	0.00765
25	0.01663	0.01576	0.02670	0.51761	0.22337	0.01837	0.02319	0.02188	0.01684	0.02232	0.01465	0.02121	0.01138	0.00787	0.00809	0.00262	0.01049	0.00722	0.00372	0.01007
26	0.02018	0.01743	0.01835	0.01651	0.02110	0.02018	0.01284	0.04312	0.64956	0.03394	0.03303	0.03027	0.02477	0.01101	0.00826	0.00275	0.00642	0.00917	0.00826	0.01284
27	0.02111	0.02247	0.03591	0.04173	0.40728	0.10354	0.19639	0.02616	0.01924	0.02552	0.01525	0.01990	0.01240	0.00726	0.00838	0.00246	0.01142	0.00764	0.00406	0.01188
28	0.01980	0.01700	0.01807	0.01643	0.02087	0.01960	0.01286	0.04171	0.61589	0.03343	0.03356	0.03354	0.02594	0.01162	0.00841	0.00280	0.00648	0.04122	0.00821	0.01256
29	0.03085	0.02273	0.02435	0.01867	0.02516	0.02516	0.01542	0.63716	0.03815	0.05114	0.01948	0.01948	0.01380	0.00974	0.00812	0.00244	0.00893	0.00731	0.00812	0.01380
30	0.01838	0.01535	0.01766	0.01276	0.01989	0.01241	0.01026	0.08900	0.01920	0.02919	0.01498	0.01712	0.01222	0.00642	0.00624	0.00134	0.00633	0.00509	0.00518	0.68097
31	0.02155	0.02831	0.17387	0.02641	0.16778	0.16928	0.02012	0.03263	0.22195	0.02721	0.02019	0.02144	0.01554	0.00881	0.00787	0.00248	0.01028	0.00712	0.00528	0.01187
32	0.01026	0.00776	0.00957	0.01085	0.01225	0.00707	0.00791	0.01221	0.01693	0.02162	0.05635	0.41911	0.24519	0.02344	0.01024	0.00318	0.00492	0.10680	0.00752	0.00680
33	0.01915	0.01570	0.01704	0.01558	0.01946	0.01767	0.01194	0.11090	0.42571	0.03306	0.03402	0.18588	0.03006	0.01418	0.00872	0.00284	0.00634	0.01215	0.00807	0.01152
34	0.02018	0.01743	0.01835	0.01651	0.02110	0.02018	0.01284	0.04312	0.64956	0.03394	0.03303	0.03027	0.02477	0.01101	0.00826	0.00275	0.00642	0.00917	0.00826	0.01284
35	0.01513	0.00756	0.00756	0.00756	0.00945	0.00756	0.00567	0.01891	0.01702	0.03025	0.02647	0.03025	0.02080	0.00945	0.00567	0.00189	0.00378	0.00756	0.75988	0.00756
36	0.77215	0.01569	0.01193	0.01067	0.01569	0.01820	0.00879	0.02385	0.01381	0.03641	0.01130	0.01318	0.00879	0.00753	0.00502	0.00251	0.00628	0.00439	0.00502	0.00879
37	0.03085	0.02273	0.02435	0.01867	0.02516	0.02516	0.01542	0.63716	0.03815	0.05114	0.01948	0.01948	0.01380	0.00974	0.00812	0.00244	0.00893	0.00731	0.00812	0.01380
38	0.02676	0.02217	0.02229	0.01827	0.02367	0.08042	0.01470	0.36457	0.23574	0.04148	0.02294	0.02252	0.01697	0.01022	0.00887	0.00256	0.03761	0.00773	0.00763	0.01290
39	0.01915	0.02189	0.04788	0.03420	0.04241	0.02052	0.63475	0.02599	0.01915	0.02599	0.01642	0.02189	0.01231	0.00684	0.00958	0.00274	0.01368	0.00958	0.00410	0.01094
40	0.01683	0.01442	0.01683	0.01202	0.01923	0.01082	0.00961	0.02043	0.01683	0.02644	0.01442	0.01683	0.01202	0.00601	0.00601	0.00120	0.00601	0.00481	0.00481	0.76444
41	0.03031	0.03867	0.02299	0.02090	0.02508	0.68226	0.01568	0.03240	0.02299	0.01986	0.01254	0.01463	0.01045	0.00836	0.00732	0.00209	0.01463	0.00523	0.00418	0.00941
42	0.02779	0.02546	0.02569	0.02613	0.16936	0.17830	0.01751	0.32890	0.05847	0.03741	0.01752	0.01898	0.01331	0.00891	0.00792	0.00236	0.01032	0.00689	0.00627	0.01251
43	0.03031	0.03867	0.02299	0.02090	0.02508	0.68226	0.01568	0.03240	0.02299	0.01986	0.01254	0.01463	0.01045	0.00836	0.00732	0.00209	0.01463	0.00523	0.00418	0.00941
44	0.01453	0.01220	0.01565	0.01391	0.01723	0.01228	0.06362	0.05908	0.16266	0.02853	0.16109	0.16663	0.20656	0.01666	0.00933	0.00279	0.00582	0.01466	0.00769	0.00909
45	0.01539	0.13304	0.01790	0.01275	0.01519	0.04654	0.01002	0.01758	0.01454	0.04981	0.02210	0.07317	0.02185	0.16603	0.33912	0.00848	0.01479	0.00921	0.00476	0.00774
46	0.02935	0.03667	0.02256	0.02049	0.02471	0.61970	0.01541	0.03341	0.08220	0.02119	0.01448	0.01611	0.01180	0.00861	0.00741	0.00215	0.01386	0.00560	0.00457	0.00973
47	0.01117	0.00822	0.01044	0.01001	0.01196	0.00750	0.00746	0.01465	0.02204	0.03061	0.55647	0.09484	0.14939	0.01753	0.00961	0.00261	0.00391	0.01540	0.00869	0.00750
48	0.19057	0.01951	0.02766	0.03942	0.48350	0.05448	0.02077	0.02507	0.01766	0.02839	0.01422	0.01823	0.01181	0.00736	0.00731	0.00242	0.00915	0.00648	0.00425	0.01175
49	0.00959	0.00822	0.00822	0.00822	0.01096	0.00685	0.00617	0.01165	0.01850	0.02192	0.08220	0.07809	0.66092	0.02055	0.00959	0.00274	0.00411	0.01713	0.00754	0.00685
50	0.01983	0.01973	0.05669	0.02952	0.22346	0.01989	0.10207	0.03436	0.33978	0.03019	0.02443	0.02538	0.01873	0.00912	0.00834	0.00264	0.00866	0.00848	0.00616	0.01255
51	0.02169	0.71972	0.04252	0.01388	0.02083	0.03211	0.01388	0.02430	0.01649	0.01909	0.01128	0.01302	0.01041	0.00694	0.00521	0.00174	0.00868	0.00434	0.00347	0.01041
52	0.01159	0.00869	0.01304	0.01304	0.01449	0.01014	0.01014	0.01449	0.01304	0.01884	0.02173	0.03188	0.02029	0.06086	0.68268	0.01304	0.02173	0.00869	0.00435	0.00724
53	0.02008	0.01928	0.03294	0.04981	0.66422	0.01928	0.02490	0.02490	0.01848	0.02651	0.01526	0.02008	0.01285	0.00723	0.00803	0.00241	0.00964	0.00723	0.00402	0.01285
54	0.02095	0.07561	0.03381	0.04389	0.53543	0.02080	0.05341	0.06967	0.01979	0.02769	0.01531	0.01956	0.01270	0.00737	0.00789	0.00237	0.00971	0.00712	0.00428	0.01263
55	0.01239	0.00976	0.01413	0.01368	0.01481	0.01179	0.01061	0.01487	0.01284	0.01863	0.02070	0.03212	0.01995	0.11752	0.53834	0.01135	0.10619	0.00879	0.00430	0.00723
56	0.00989	0.00706	0.00942	0.01130	0.01177	0.00659	0.00753	0.01130	0.01554	0.02071	0.04472	0.70954	0.05367	0.02542	0.01036	0.00330	0.00471	0.02307	0.00753	0.00659
57	0.01121	0.00880	0.01030	0.01114	0.01281	0.00852	0.00787	0.01573	0.10274	0.02286	0.05368	0.43920	0.22073	0.02209	0.00985	0.00306	0.00477	0.01950	0.00763	0.00752
58	0.02136	0.51004	0.13698	0.01868	0.07473	0.07658	0.01736	0.02515	0.01722	0.02075	0.01219	0.01433	0.01059	0.00719	0.00597	0.00194	0.00970	0.00489	0.00356	0.01078
59	0.02788	0.03488	0.02139	0.01966	0.02361	0.59697	0.01484	0.03005	0.02244	0.02025	0.01926	0.02338	0.05994	0.01000	0.00769	0.00223	0.01348	0.03835	0.00460	0.00912
60	0.02318	0.02680	0.02405	0.02113	0.02294	0.30907	0.01686	0.02509	0.01700	0.01967	0.01147	0.01640	0.01057	0.01168	0.01828	0.00292	0.40369	0.00629	0.00382	0.00911
61	0.01159	0.00869	0.01304	0.01304	0.01449	0.01014	0.01014	0.01449	0.01304	0.01884	0.02173	0.03188	0.02029	0.06086	0.68268	0.01304	0.02173	0.00869	0.00435	0.00724
62	0.01784	0.02670	0.25404	0.02715	0.18126	0.04569	0.05463	0.02367	0.01745	0.02512	0.01766	0.02092	0.04269	0.00840	0.00916	0.00236	0.06511	0.00686	0.00410	0.14920
63	0.01180	0.00787	0.00885	0.00885	0.00885	0.00787	0.00492	0.01180	0.01180	0.01573	0.02557	0.05310	0.02950	0.71483	0.04130	0.00787	0.00787	0.01180	0.00492	0.00492
64	0.01808	0.14203	0.01984	0.01330	0.01734	0.01675	0.01087	0.05606	0.19993	0.06544	0.29937	0.03957	0.04376	0.01256	0.00825	0.00245	0.00586	0.01052	0.00776	0.01025
65	0.02995	0.02391	0.06421	0.01894	0.02578	0.02477	0.01632	0.59957	0.03686	0.04957	0.01918	0.01934	0.01358	0.00962	0.00809	0.00244	0.00912	0.00722	0.00783	0.01369
66	0.01712	0.14770	0.57447	0.02169	0.03289	0.02091	0.02747	0.02548	0.01703	0.02467	0.01405	0.01649	0.01030	0.00759	0.00732	0.00244	0.01147	0.00574	0.00343	0.01175
67	0.01029	0.00731	0.00971	0.01147	0.01204	0.00691	0.00786	0.01182	0.01559	0.02073	0.04339	0.61418	0.05156	0.06753	0.01233	0.00362	0.00515	0.07458	0.00737	0.00657
68	0.02212	0.05755	0.02043	0.01747	0.02074	0.29850	0.01363	0.06919	0.04395	0.02226	0.01693	0.02183	0.01475	0.02749	0.24824	0.00610	0.05827	0.00683	0.00461	0.00911
69	0.01142	0.00824	0.01078	0.01026	0.01211	0.00761	0.00765	0.01514	0.02265	0.03203	0.63350	0.08849	0.07558	0.01697	0.00960	0.00258	0.00387	0.01504	0.00887	0.00761
70	0.00993	0.00823	0.00869	0.00858	0.01117	0.00700	0.00643	0.01231	0.01930	0.02383	0.18624	0.07494	0.55569	0.01984	0.00959	0.00271	0.00406	0.01668	0.00779	0.00700
71	0.00989	0.00706	0.00942	0.01130	0.01177	0.00659	0.00753	0.01130	0.01554	0.02071	0.04472	0.70954	0.05367	0.02542	0.01036	0.00330	0.00471	0.02307	0.00753	0.00659
72	0.03085	0.02273	0.02435	0.01867	0.02516	0.02516	0.01542	0.63716	0.03815	0.05114	0.01948	0.01948	0.01380	0.00974	0.00812	0.00244	0.00893	0.00731	0.00812	0.01380
73	0.02378	0.55937	0.03826	0.01509	0.02182	0.06043	0.01425	0.13838	0.02080	0.02507	0.01286	0.01429	0.01104	0.00753	0.00584	0.00188	0.00900	0.00493	0.00437	0.01100
74	0.02211	0.63246	0.04015	0.01479	0.02116	0.07925	0.01422	0.02464	0.01675	0.01917	0.01134	0.01339	0.01043	0.00743	0.00650	0.00186	0.04601	0.00455	0.00353	0.01026
75	0.01175	0.00805	0.00980	0.00980	0.01012	0.00838	0.00610	0.01241	0.01208	0.01643	0.02470	0.04830	0.02742	0.56705	0.18623	0.00904	0.01100	0.01110	0.00479	0.00544
76	0.01140	0.00829	0.01073	0.01012	0.01207	0.00762	0.00759	0.01516	0.02278	0.03209	0.63537	0.06136	0.10141	0.01676	0.00957	0.00256	0.00384	0.01478	0.00887	0.00762
77	0.01725	0.01433	0.01991	0.05860	0.16844	0.01486	0.01447	0.11549	0.01952	0.02715	0.02511	0.23028	0.02600	0.04329	0.03995	0.00330	0.05058	0.01200	0.00582	0.09364
78	0.01159	0.00869	0.01304	0.01304	0.01449	0.01014	0.01014	0.01449	0.01304	0.01884	0.02173	0.03188	0.02029	0.06086	0.68268	0.01304	0.02173	0.00869	0.00435	0.00724
79	0.77215	0.01569	0.01193	0.01067	0.01569	0.01820	0.00879	0.02385	0.01381	0.03641	0.01130	0.01318	0.00879	0.00753	0.00502	0.00251	0.00628	0.00439	0.00502	0.00879
80	0.02143	0.68709	0.07286	0.01433	0.02151	0.03147	0.01466	0.02436	0.01652	0.01941	0.01144	0.01321	0.01041	0.00698	0.00533	0.00178	0.00884	0.00442	0.00347	0.01049
81	0.01120	0.00858	0.01045	0.01090	0.01302	0.00797	0.00867	0.01403	0.01874	0.02409	0.16936	0.07526	0.30411	0.05680	0.04762	0.00381	0.00620	0.19461	0.00747	0.00711
82	0.01487	0.01352	0.01933	0.01744	0.01812	0.01798	0.01420	0.01717	0.01271	0.01920	0.01583	0.02435	0.01515	0.03601	0.33325	0.00799	0.38299	0.00785	0.00392	0.00811
83	0.02334	0.58934	0.03878	0.01523	0.02164	0.15657	0.01423	0.02585	0.01773	0.01924	0.01152	0.01333	0.01042	0.00721	0.00561	0.00180	0.00982	0.00451	0.00361	0.01022
84	0.01749	0.01494	0.01585	0.01445	0.01846	0.01664	0.01117	0.03493	0.47875	0.03170	0.10164	0.04158	0.14148	0.01322	0.00862	0.00273	0.00577	0.01110	0.00819	0.01129
85	0.02005	0.01823	0.02406	0.02411	0.13265	0.02007	0.08306	0.03815	0.47329	0.03181	0.02819	0.02762	0.02138	0.00991	0.00836	0.00269	0.00776	0.00889	0.00708	0.01264
86	0.43702	0.20847	0.05684	0.01349	0.01929	0.10594	0.01216	0.02515	0.01587	0.02911	0.01163	0.01353	0.00951	0.00749	0.00550	0.00225	0.00828	0.00457	0.00441	0.00947
87	0.03031	0.03867	0.02299	0.02090	0.02508	0.68226	0.01568	0.03240	0.02299	0.01986	0.01254	0.01463	0.01045	0.00836	0.00732	0.00209	0.01463	0.00523	0.00418	0.00941
88	0.01627	0.04197	0.67279	0.02313	0.03512	0.01884	0.02998	0.02570	0.01713	0.02570	0.01456	0.01713	0.01028	0.00771	0.00771	0.00257	0.01199	0.00600	0.00343	0.01199
89	0.01775	0.01775	0.02485	0.02130	0.02130	0.02485	0.01775	0.01953	0.01243	0.01953	0.01065	0.01775	0.01065	0.01420	0.02663	0.00355	0.69998	0.00710	0.00355	0.00888
90	0.01532	0.01442	0.02434	0.69533	0.05589	0.01803	0.02253	0.02073	0.01622	0.02073	0.01442	0.02163	0.01082	0.00811	0.00811	0.00270	0.01082	0.00721	0.00361	0.00901
91	0.02169	0.02065	0.05770	0.07073	0.49488	0.02028	0.02328	0.13680	0.02192	0.03073	0.01597	0.01992	0.01283	0.00775	0.00804	0.00243	0.00966	0.00719	0.00472	0.01283
92	0.02763	0.03359	0.02560	0.02847	0.19248	0.50861	0.01809	0.03044	0.02181	0.02160	0.01325	0.01606	0.01108	0.00807	0.00750	0.00217	0.01333	0.00575	0.00414	0.01031
93	0.01409	0.00705	0.01057	0.01057	0.01057	0.00705	0.00705	0.01057	0.01057	0.01409	0.01409	0.02467	0.01409	0.02819	0.03171	0.76392	0.00705	0.00705	0.00352	0.00352
94	0.02355	0.02620	0.03069	0.03856	0.39339	0.24879	0.07043	0.02758	0.02009	0.02417	0.01441	0.01834	0.01198	0.00759	0.00791	0.00233	0.01169	0.00672	0.00408	0.01151
95	0.01135	0.00829	0.01065	0.01006	0.01204	0.00760	0.00755	0.01504	0.02264	0.03176	0.61770	0.06189	0.11928	0.01688	0.00957	0.00257	0.00385	0.01485	0.00883	0.00760
96	0.00989	0.00706	0.00942	0.01130	0.01177	0.00659	0.00753	0.01130	0.01554	0.02071	0.04472	0.70954	0.05367	0.02542	0.01036	0.00330	0.00471	0.02307	0.00753	0.00659
97	0.02421	0.01111	0.01492	0.01237	0.01651	0.00984	0.00984	0.02768	0.02310	0.35789	0.33937	0.04377	0.04773	0.01325	0.00885	0.00253	0.00540	0.01135	0.00950	0.01080
98	0.01148	0.00829	0.01085	0.01021	0.01212	0.00766	0.00766	0.01531	0.02297	0.03254	0.65994	0.06061	0.07656	0.01659	0.00957	0.00255	0.00383	0.01467	0.00893	0.00766
99	0.01159	0.00869	0.01304	0.01304	0.01449	0.01014	0.01014	0.01449	0.01304	0.01884	0.02173	0.03188	0.02029	0.06086	0.68268	0.01304	0.02173	0.00869	0.00435	0.00724
100	0.02169	0.71972	0.04252	0.01388	0.02083	0.03211	0.01388	0.02430	0.01649	0.01909	0.01128	0.01302	0.01041	0.00694	0.00521	0.00174	0.00868	0.00434	0.00347	0.01041
101	0.01627	0.04197	0.67279	0.02313	0.03512	0.01884	0.02998	0.02570	0.01713	0.02570	0.01456	0.01713	0.01028	0.00771	0.00771	0.00257	0.01199	0.00600	0.00343	0.01199
102	0.02184	0.06138	0.02701	0.02622	0.14462	0.21971	0.04356	0.02461	0.01727	0.02115	0.01305	0.01805	0.01166	0.01331	0.05581	0.00335	0.25706	0.00662	0.00390	0.00986
103	0.02116	0.02151	0.03129	0.07555	0.55567	0.10307	0.02363	0.02566	0.01895	0.02540	0.01488	0.01946	0.01246	0.00741	0.00795	0.00238	0.01032	0.00698	0.00402	0.01224
104	0.01596	0.01508	0.02549	0.60846	0.13775	0.01820	0.02285	0.02129	0.01653	0.02151	0.01454	0.02142	0.01109	0.00799	0.00810	0.00266	0.01066	0.00721	0.00366	0.00953

[dist]
# distance from previous block
# <min> <max>
0	1

[block]
# block no. 2 follows, 23 sequences, length 101
# corresponding to MSA columns:
# 126-226
name=unknown_C
#
# <colnr> <probs for GDERKNQSTAVLIFYWHMCP>
#	G	D	E	R	K	N	Q	S	T	A	V	L	I	F	Y	W	H	M	C	P
0	0.01627	0.01460	0.02347	0.07208	0.36788	0.01452	0.01780	0.02064	0.01990	0.02803	0.24266	0.03726	0.06839	0.01122	0.00865	0.00249	0.00740	0.01033	0.00588	0.01051
1	0.00959	0.00822	0.00822	0.00822	0.01096	0.00685	0.00617	0.01165	0.01850	0.02192	0.08220	0.07809	0.66092	0.02055	0.00959	0.00274	0.00411	0.01713	0.00754	0.00685
2	0.77215	0.01569	0.01193	0.01067	0.01569	0.01820	0.00879	0.02385	0.01381	0.03641	0.01130	0.01318	0.00879	0.00753	0.00502	0.00251	0.00628	0.00439	0.00502	0.00879
3	0.02018	0.01743	0.01835	0.01651	0.02110	0.02018	0.01284	0.04312	0.64956	0.03394	0.03303	0.03027	0.02477	0.01101	0.00826	0.00275	0.00642	0.00917	0.00826	0.01284
4	0.01409	0.00705	0.01057	0.01057	0.01057	0.00705	0.00705	0.01057	0.01057	0.01409	0.01409	0.02467	0.01409	0.02819	0.03171	0.76392	0.00705	0.00705	0.00352	0.00352
5	0.02018	0.01743	0.01835	0.01651	0.02110	0.02018	0.01284	0.04312	0.64956	0.03394	0.03303	0.03027	0.02477	0.01101	0.00826	0.00275	0.00642	0.00917	0.00826	0.01284
6	0.02018	0.01743	0.01835	0.01651	0.02110	0.02018	0.01284	0.04312	0.64956	0.03394	0.03303	0.03027	0.02477	0.01101	0.00826	0.00275	0.00642	0.00917	0.00826	0.01284
7	0.00968	0.00822	0.00834	0.00831	0.01101	0.00689	0.00623	0.01182	0.01870	0.02242	0.10922	0.07727	0.63359	0.02036	0.00959	0.00273	0.00410	0.01701	0.00760	0.00689
8	0.01393	0.00781	0.00873	0.00873	0.01022	0.00806	0.00631	0.01690	0.01541	0.02573	0.02549	0.03454	0.02224	0.14221	0.12870	0.00486	0.00760	0.00850	0.49696	0.00704
9	0.02169	0.71972	0.04252	0.01388	0.02083	0.03211	0.01388	0.02430	0.01649	0.01909	0.01128	0.01302	0.01041	0.00694	0.00521	0.00174	0.00868	0.00434	0.00347	0.01041
10	0.01693	0.03738	0.52999	0.02566	0.03678	0.01923	0.16818	0.02576	0.01759	0.02576	0.01499	0.01822	0.01074	0.00751	0.00814	0.00261	0.01238	0.00681	0.00358	0.01175
11	0.77215	0.01569	0.01193	0.01067	0.01569	0.01820	0.00879	0.02385	0.01381	0.03641	0.01130	0.01318	0.00879	0.00753	0.00502	0.00251	0.00628	0.00439	0.00502	0.00879
12	0.01180	0.00787	0.00885	0.00885	0.00885	0.00787	0.00492	0.01180	0.01180	0.01573	0.02557	0.05310	0.02950	0.71483	0.04130	0.00787	0.00787	0.01180	0.00492	0.00492
13	0.01627	0.04197	0.67279	0.02313	0.03512	0.01884	0.02998	0.02570	0.01713	0.02570	0.01456	0.01713	0.01028	0.00771	0.00771	0.00257	0.01199	0.00600	0.00343	0.01199
14	0.00967	0.00822	0.00833	0.00830	0.01101	0.00688	0.00623	0.01180	0.01869	0.02237	0.10678	0.07735	0.63606	0.02038	0.00959	0.00273	0.00410	0.01702	0.00759	0.00688
15	0.01635	0.01547	0.02619	0.55618	0.18702	0.01830	0.02305	0.02163	0.01671	0.02198	0.01460	0.02130	0.01126	0.00792	0.00810	0.00264	0.01056	0.00722	0.00369	0.00984
16	0.00970	0.00780	0.00865	0.00934	0.01125	0.00676	0.00666	0.01152	0.01742	0.02148	0.06862	0.30690	0.44088	0.02232	0.00987	0.00294	0.00433	0.01928	0.00753	0.00676
17	0.65050	0.09299	0.01566	0.01122	0.01652	0.01940	0.00951	0.02474	0.01460	0.06821	0.01240	0.01393	0.00957	0.00760	0.00521	0.00243	0.00657	0.00459	0.00512	0.00923
18	0.02966	0.03743	0.02363	0.02275	0.06599	0.63983	0.01627	0.03192	0.02271	0.02028	0.01272	0.01498	0.01061	0.00829	0.00736	0.00211	0.01431	0.00535	0.00417	0.00963
19	0.01627	0.04197	0.67279	0.02313	0.03512	0.01884	0.02998	0.02570	0.01713	0.02570	0.01456	0.01713	0.01028	0.00771	0.00771	0.00257	0.01199	0.00600	0.00343	0.01199
20	0.01967	0.01689	0.01790	0.01614	0.02057	0.01944	0.01254	0.04147	0.61249	0.03386	0.07011	0.03207	0.02783	0.01134	0.00833	0.00274	0.00627	0.00950	0.00830	0.01254
21	0.01159	0.00869	0.01304	0.01304	0.01449	0.01014	0.01014	0.01449	0.01304	0.01884	0.02173	0.03188	0.02029	0.06086	0.68268	0.01304	0.02173	0.00869	0.00435	0.00724
22	0.02368	0.01665	0.01845	0.01607	0.02102	0.01840	0.01265	0.04235	0.51454	0.17102	0.03281	0.02970	0.02376	0.01080	0.00824	0.00270	0.00653	0.00896	0.00864	0.01305
23	0.17855	0.01417	0.01750	0.01371	0.01974	0.01314	0.01132	0.03651	0.02141	0.54746	0.02801	0.02483	0.01790	0.00956	0.00755	0.00251	0.00678	0.00743	0.00907	0.01284
24	0.01068	0.00761	0.00970	0.01064	0.01126	0.00750	0.00706	0.01193	0.01426	0.01906	0.03814	0.37743	0.08055	0.23243	0.11783	0.00603	0.00809	0.01728	0.00630	0.00621
25	0.01308	0.00934	0.01308	0.01494	0.01681	0.00934	0.01308	0.01681	0.01868	0.02428	0.04296	0.09153	0.04670	0.02242	0.01121	0.00374	0.00747	0.60960	0.00747	0.00747
26	0.01775	0.01775	0.02485	0.02130	0.02130	0.02485	0.01775	0.01953	0.01243	0.01953	0.01065	0.01775	0.01065	0.01420	0.02663	0.00355	0.69998	0.00710	0.00355	0.00888
27	0.01159	0.00869	0.01304	0.01304	0.01449	0.01014	0.01014	0.01449	0.01304	0.01884	0.02173	0.03188	0.02029	0.06086	0.68268	0.01304	0.02173	0.00869	0.00435	0.00724
28	0.01691	0.12118	0.59913	0.02205	0.03345	0.02039	0.02810	0.02553	0.01706	0.02492	0.01418	0.01665	0.01029	0.00762	0.00742	0.00247	0.01160	0.00580	0.00343	0.01181
29	0.01683	0.01442	0.01683	0.01202	0.01923	0.01082	0.00961	0.02043	0.01683	0.02644	0.01442	0.01683	0.01202	0.00601	0.00601	0.00120	0.00601	0.00481	0.00481	0.76444
30	0.02429	0.02406	0.02036	0.01801	0.02270	0.20842	0.01395	0.10882	0.40121	0.03194	0.02565	0.02459	0.01944	0.01011	0.00797	0.00253	0.00904	0.00784	0.00709	0.01198
31	0.77215	0.01569	0.01193	0.01067	0.01569	0.01820	0.00879	0.02385	0.01381	0.03641	0.01130	0.01318	0.00879	0.00753	0.00502	0.00251	0.00628	0.00439	0.00502	0.00879
32	0.02014	0.02035	0.02914	0.13831	0.45237	0.10273	0.02244	0.02458	0.01837	0.02433	0.01521	0.02037	0.01273	0.01093	0.05113	0.00309	0.01122	0.00707	0.00400	0.01149
33	0.01513	0.00756	0.00756	0.00756	0.00945	0.00756	0.00567	0.01891	0.01702	0.03025	0.02647	0.03025	0.02080	0.00945	0.00567	0.00189	0.00378	0.00756	0.75988	0.00756
34	0.32978	0.19362	0.02248	0.04906	0.02073	0.02067	0.01174	0.06496	0.01774	0.11980	0.01513	0.01631	0.01147	0.00778	0.00595	0.00221	0.00736	0.00528	0.00544	0.07250
35	0.06347	0.02880	0.34138	0.02191	0.07622	0.01657	0.06332	0.02571	0.01768	0.08683	0.01615	0.01835	0.01181	0.00746	0.00738	0.00227	0.00983	0.00618	0.00453	0.17417
36	0.01693	0.01060	0.01306	0.01116	0.01513	0.00891	0.00861	0.01994	0.01985	0.15028	0.20428	0.12286	0.16575	0.01473	0.00858	0.00236	0.00508	0.01263	0.00776	0.18150
37	0.02513	0.01979	0.02634	0.11138	0.22856	0.02140	0.01891	0.29759	0.07000	0.07123	0.01912	0.02110	0.01421	0.00886	0.00810	0.00249	0.00911	0.00744	0.00639	0.01285
38	0.02223	0.41265	0.18913	0.01759	0.02515	0.16730	0.01812	0.02636	0.01803	0.02083	0.01233	0.01434	0.01039	0.00743	0.00625	0.00201	0.01074	0.00492	0.00361	0.01058
39	0.02060	0.37312	0.28675	0.01834	0.02693	0.10468	0.02040	0.02581	0.01752	0.02177	0.01272	0.01482	0.01037	0.00741	0.00644	0.00210	0.01069	0.00509	0.00354	0.01091
40	0.02169	0.71972	0.04252	0.01388	0.02083	0.03211	0.01388	0.02430	0.01649	0.01909	0.01128	0.01302	0.01041	0.00694	0.00521	0.00174	0.00868	0.00434	0.00347	0.01041
41	0.02289	0.01721	0.06344	0.01741	0.02318	0.01545	0.11286	0.14265	0.06631	0.17872	0.06776	0.03542	0.13291	0.01154	0.00854	0.00256	0.00784	0.01004	0.05203	0.01125
42	0.01673	0.01396	0.01535	0.01477	0.01797	0.01563	0.01106	0.03245	0.43705	0.02951	0.03695	0.25794	0.03446	0.01584	0.00896	0.00293	0.00585	0.01383	0.00801	0.01075
43	0.02215	0.68370	0.04149	0.01426	0.02105	0.06649	0.01398	0.02473	0.01683	0.01913	0.01135	0.01310	0.01042	0.00702	0.00532	0.00175	0.00899	0.00439	0.00351	0.01036
44	0.03031	0.02171	0.02349	0.01822	0.02454	0.02390	0.01498	0.54909	0.08848	0.08929	0.02142	0.02091	0.01512	0.00987	0.00813	0.00247	0.00859	0.00752	0.00825	0.01372
45	0.03031	0.03867	0.02299	0.02090	0.02508	0.68226	0.01568	0.03240	0.02299	0.01986	0.01254	0.01463	0.01045	0.00836	0.00732	0.00209	0.01463	0.00523	0.00418	0.00941
46	0.77215	0.01569	0.01193	0.01067	0.01569	0.01820	0.00879	0.02385	0.01381	0.03641	0.01130	0.01318	0.00879	0.00753	0.00502	0.00251	0.00628	0.00439	0.00502	0.00879
47	0.01827	0.18787	0.49849	0.02100	0.03144	0.06095	0.02566	0.02579	0.01734	0.02393	0.01373	0.01610	0.01032	0.00758	0.00715	0.00236	0.01143	0.00559	0.00348	0.01150
48	0.02018	0.01743	0.01835	0.01651	0.02110	0.02018	0.01284	0.04312	0.64956	0.03394	0.03303	0.03027	0.02477	0.01101	0.00826	0.00275	0.00642	0.00917	0.00826	0.01284
49	0.01903	0.34739	0.15178	0.01528	0.02185	0.10163	0.01546	0.02284	0.01808	0.02164	0.05900	0.02793	0.12796	0.01016	0.00693	0.00216	0.00896	0.00755	0.00455	0.00982
50	0.01513	0.00756	0.00756	0.00756	0.00945	0.00756	0.00567	0.01891	0.01702	0.03025	0.02647	0.03025	0.02080	0.00945	0.00567	0.00189	0.00378	0.00756	0.75988	0.00756
51	0.01159	0.00869	0.01304	0.01304	0.01449	0.01014	0.01014	0.01449	0.01304	0.01884	0.02173	0.03188	0.02029	0.06086	0.68268	0.01304	0.02173	0.00869	0.00435	0.00724
52	0.01797	0.01530	0.01566	0.01396	0.01765	0.05740	0.01081	0.10214	0.25088	0.03318	0.24075	0.04386	0.11936	0.01370	0.00878	0.00260	0.00612	0.01149	0.00811	0.01030
53	0.02018	0.01743	0.01835	0.01651	0.02110	0.02018	0.01284	0.04312	0.64956	0.03394	0.03303	0.03027	0.02477	0.01101	0.00826	0.00275	0.00642	0.00917	0.00826	0.01284
54	0.02926	0.05694	0.02441	0.01979	0.02467	0.35170	0.01566	0.26772	0.02789	0.03204	0.01507	0.01670	0.01177	0.00928	0.00898	0.00232	0.06286	0.00614	0.00565	0.01112
55	0.01203	0.00872	0.01137	0.01118	0.01175	0.00967	0.00768	0.01328	0.01233	0.01717	0.02325	0.04279	0.02484	0.41769	0.29537	0.00969	0.05020	0.01032	0.00462	0.00605
56	0.02881	0.16261	0.02694	0.01911	0.02431	0.41902	0.01529	0.16125	0.02504	0.02646	0.01380	0.01538	0.01117	0.00839	0.00709	0.00210	0.01229	0.00551	0.00490	0.01054
57	0.02008	0.01928	0.03294	0.04981	0.66422	0.01928	0.02490	0.02490	0.01848	0.02651	0.01526	0.02008	0.01285	0.00723	0.00803	0.00241	0.00964	0.00723	0.00402	0.01285
58	0.01201	0.01032	0.01053	0.01012	0.01328	0.00990	0.00769	0.01884	0.16271	0.02467	0.07096	0.06716	0.51555	0.01837	0.00929	0.00274	0.00464	0.01531	0.00770	0.00822
59	0.01532	0.01442	0.02434	0.69533	0.05589	0.01803	0.02253	0.02073	0.01622	0.02073	0.01442	0.02163	0.01082	0.00811	0.00811	0.00270	0.01082	0.00721	0.00361	0.00901
60	0.01145	0.00804	0.01041	0.01069	0.01127	0.00848	0.00715	0.01268	0.01279	0.01756	0.02702	0.14172	0.02978	0.38269	0.26351	0.00903	0.01231	0.01235	0.00510	0.00598
61	0.77215	0.01569	0.01193	0.01067	0.01569	0.01820	0.00879	0.02385	0.01381	0.03641	0.01130	0.01318	0.00879	0.00753	0.00502	0.00251	0.00628	0.00439	0.00502	0.00879
62	0.01409	0.00705	0.01057	0.01057	0.01057	0.00705	0.00705	0.01057	0.01057	0.01409	0.01409	0.02467	0.01409	0.02819	0.03171	0.76392	0.00705	0.00705	0.00352	0.00352
63	0.01056	0.00784	0.00988	0.01050	0.01200	0.00716	0.00760	0.01307	0.01890	0.02530	0.26828	0.32471	0.18061	0.02120	0.00997	0.00295	0.00443	0.04997	0.00802	0.00706
64	0.02169	0.71972	0.04252	0.01388	0.02083	0.03211	0.01388	0.02430	0.01649	0.01909	0.01128	0.01302	0.01041	0.00694	0.00521	0.00174	0.00868	0.00434	0.00347	0.01041
65	0.01036	0.00832	0.00928	0.00923	0.01168	0.00724	0.00705	0.01302	0.01976	0.02505	0.24105	0.07412	0.45587	0.01957	0.00969	0.00276	0.00426	0.05665	0.00792	0.00712
66	0.04729	0.05884	0.13764	0.01734	0.02304	0.04509	0.01621	0.21778	0.07668	0.03341	0.02577	0.11171	0.02398	0.01324	0.00856	0.00277	0.00865	0.11449	0.00659	0.01092
67	0.02555	0.03029	0.02488	0.02691	0.16517	0.42150	0.01767	0.02825	0.02020	0.02123	0.01341	0.01713	0.01153	0.01160	0.04572	0.00292	0.09588	0.00608	0.00408	0.00999
68	0.01984	0.02644	0.24252	0.02780	0.21108	0.01850	0.02185	0.11812	0.04625	0.03027	0.01623	0.01881	0.01246	0.00770	0.00757	0.00226	0.00952	0.00646	0.00476	0.15155
69	0.02517	0.03088	0.06622	0.03244	0.26616	0.36617	0.04633	0.02892	0.02079	0.02296	0.01385	0.01713	0.01142	0.00783	0.00770	0.00227	0.01256	0.00621	0.00407	0.01092
70	0.10755	0.14202	0.02485	0.01873	0.02343	0.51094	0.01467	0.03024	0.02101	0.02149	0.01221	0.01423	0.01027	0.00805	0.00675	0.00208	0.01282	0.00500	0.00416	0.00950
71	0.01647	0.04061	0.63038	0.02388	0.03561	0.01896	0.07103	0.02572	0.01727	0.02572	0.01469	0.01745	0.01042	0.00765	0.00784	0.00258	0.01211	0.00624	0.00347	0.01192
72	0.01873	0.01922	0.03494	0.11341	0.25782	0.02073	0.21670	0.02361	0.01713	0.02417	0.01454	0.02033	0.01197	0.00871	0.01254	0.00279	0.15987	0.00794	0.00390	0.01095
73	0.01230	0.00890	0.01132	0.01212	0.01338	0.00885	0.00855	0.07745	0.01821	0.02454	0.07988	0.54960	0.04868	0.02562	0.05570	0.00382	0.00625	0.01990	0.00747	0.00746
74	0.01435	0.01262	0.01779	0.01621	0.01684	0.01640	0.01290	0.01641	0.01262	0.01877	0.01727	0.02814	0.01711	0.11835	0.31463	0.00821	0.32128	0.00836	0.00406	0.00769
75	0.72221	0.01556	0.01239	0.01093	0.01603	0.01778	0.00900	0.02492	0.01445	0.07940	0.01270	0.01416	0.00955	0.00770	0.00523	0.00251	0.00632	0.00465	0.00536	0.00913
76	0.01513	0.00756	0.00756	0.00756	0.00945	0.00756	0.00567	0.01891	0.01702	0.03025	0.02647	0.03025	0.02080	0.00945	0.00567	0.00189	0.00378	0.00756	0.75988	0.00756
77	0.01180	0.00787	0.00885	0.00885	0.00885	0.00787	0.00492	0.01180	0.01180	0.01573	0.02557	0.05310	0.02950	0.71483	0.04130	0.00787	0.00787	0.01180	0.00492	0.00492
78	0.01159	0.00869	0.01304	0.01304	0.01449	0.01014	0.01014	0.01449	0.01304	0.01884	0.02173	0.03188	0.02029	0.06086	0.68268	0.01304	0.02173	0.00869	0.00435	0.00724
79	0.03641	0.01381	0.01883	0.01444	0.02071	0.01193	0.01193	0.03954	0.02322	0.66984	0.03201	0.02762	0.02009	0.01004	0.00816	0.00251	0.00690	0.00816	0.01004	0.01381
80	0.01627	0.04197	0.67279	0.02313	0.03512	0.01884	0.02998	0.02570	0.01713	0.02570	0.01456	0.01713	0.01028	0.00771	0.00771	0.00257	0.01199	0.00600	0.00343	0.01199
81	0.01726	0.01640	0.02784	0.43242	0.30364	0.01854	0.02350	0.02243	0.01714	0.02308	0.01476	0.02100	0.01165	0.00775	0.00808	0.00258	0.01034	0.00722	0.00377	0.01058
82	0.01183	0.05061	0.01359	0.01180	0.01387	0.01047	0.00927	0.01471	0.01580	0.02161	0.13506	0.04342	0.13967	0.04352	0.41700	0.00889	0.01501	0.01086	0.00559	0.00743
83	0.01721	0.17502	0.02424	0.13716	0.02408	0.02048	0.01397	0.05059	0.01519	0.02020	0.01616	0.02748	0.01613	0.20980	0.02160	0.00415	0.18615	0.00783	0.00417	0.00838
84	0.01646	0.16477	0.02127	0.01529	0.05534	0.01693	0.01162	0.02421	0.16257	0.02702	0.19230	0.06513	0.03477	0.01771	0.08855	0.00362	0.00813	0.00979	0.00643	0.05807
85	0.02563	0.02458	0.02044	0.01759	0.02199	0.26133	0.01372	0.15012	0.09476	0.07873	0.05634	0.05158	0.04615	0.01096	0.00916	0.00242	0.05403	0.00812	0.00639	0.04597
86	0.19324	0.04741	0.09150	0.01558	0.01994	0.04608	0.01393	0.06528	0.05911	0.05601	0.15419	0.02685	0.02586	0.01123	0.01098	0.00268	0.13640	0.00798	0.00593	0.00981
87	0.02030	0.18903	0.36755	0.02010	0.02889	0.16432	0.02246	0.02642	0.01849	0.02326	0.03924	0.01743	0.01300	0.00804	0.00715	0.00228	0.01151	0.00581	0.00382	0.01091
88	0.02110	0.07129	0.14129	0.02154	0.11773	0.06723	0.01733	0.13616	0.02146	0.02986	0.01514	0.01742	0.01193	0.00742	0.00704	0.00195	0.00897	0.00583	0.00491	0.27440
89	0.02014	0.04479	0.01630	0.01401	0.01732	0.20404	0.01059	0.06956	0.02126	0.07401	0.10608	0.12068	0.16557	0.06638	0.01098	0.00290	0.00822	0.01181	0.00662	0.00871
90	0.02598	0.08344	0.02671	0.02772	0.19974	0.39218	0.01769	0.05340	0.02187	0.02349	0.04375	0.01835	0.01434	0.00838	0.00749	0.00219	0.01207	0.00623	0.00446	0.01053
91	0.04977	0.08626	0.11134	0.01678	0.02176	0.04229	0.01538	0.15309	0.02140	0.07926	0.07336	0.02597	0.04471	0.01766	0.10179	0.00400	0.11102	0.00789	0.00580	0.01049
92	0.01801	0.01561	0.06043	0.11924	0.12399	0.04767	0.01524	0.04408	0.01896	0.10398	0.07868	0.17679	0.06585	0.01697	0.05451	0.00340	0.00883	0.01185	0.00620	0.00972
93	0.07276	0.20739	0.05640	0.02015	0.05794	0.14323	0.08462	0.14065	0.02245	0.06635	0.01816	0.01965	0.03921	0.00855	0.00722	0.00225	0.01010	0.00662	0.00522	0.01106
94	0.07081	0.01667	0.01782	0.01487	0.01966	0.01792	0.01188	0.28967	0.12818	0.07223	0.06058	0.08422	0.13451	0.01315	0.00843	0.00262	0.00689	0.01065	0.00793	0.01133
95	0.01877	0.02025	0.10178	0.01971	0.02537	0.05519	0.15302	0.13569	0.02110	0.02843	0.02341	0.17917	0.02284	0.06058	0.01091	0.00293	0.00933	0.01117	0.00570	0.09466
96	0.02486	0.06381	0.02418	0.01975	0.02375	0.29541	0.03987	0.10110	0.13062	0.02612	0.01786	0.04442	0.01503	0.01045	0.01089	0.00254	0.12631	0.00725	0.00532	0.01043
97	0.02263	0.02168	0.01935	0.07195	0.02375	0.18436	0.01343	0.18597	0.10055	0.03067	0.03054	0.05906	0.12757	0.01170	0.00814	0.00241	0.00900	0.00920	0.00642	0.06163
98	0.01992	0.20531	0.07344	0.01549	0.02057	0.02039	0.04948	0.17508	0.02089	0.02737	0.02086	0.02895	0.04263	0.18125	0.06118	0.00431	0.00979	0.00811	0.00525	0.00974
99	0.02373	0.02278	0.05425	0.01990	0.08809	0.18253	0.01469	0.07834	0.11414	0.10259	0.06588	0.02561	0.04624	0.00964	0.00777	0.00225	0.00902	0.00764	0.00627	0.11863
100	0.02615	0.19147	0.02909	0.02256	0.11737	0.20910	0.01632	0.18890	0.07166	0.02991	0.01600	0.01749	0.01274	0.00842	0.00720	0.00219	0.01038	0.00615	0.00533	0.01156

[dist]
# distance from previous block
# <min> <max>
22	54

[block]
# block no. 3 follows, 23 sequences, length 65
# corresponding to MSA columns:
# 282-346
name=unknown_D
#
# <colnr> <probs for GDERKNQSTAVLIFYWHMCP>
#	G	D	E	R	K	N	Q	S	T	A	V	L	I	F	Y	W	H	M	C	P
0	0.02698	0.02696	0.02142	0.01844	0.02315	0.30707	0.01445	0.17977	0.09465	0.05967	0.02148	0.02405	0.04145	0.01026	0.00861	0.00238	0.03779	0.03112	0.00614	0.04417
1	0.01583	0.01491	0.01645	0.01676	0.04890	0.11126	0.01212	0.03915	0.01665	0.02168	0.05260	0.20359	0.02809	0.03123	0.23342	0.00626	0.10577	0.01184	0.00536	0.00814
2	0.01919	0.24376	0.19921	0.02288	0.03104	0.05201	0.21999	0.02494	0.01825	0.02395	0.05809	0.02026	0.01551	0.00782	0.00765	0.00234	0.01107	0.00721	0.00407	0.01075
3	0.01870	0.01781	0.02415	0.02999	0.32060	0.05749	0.01691	0.02267	0.01811	0.02573	0.01948	0.02254	0.05815	0.00776	0.00729	0.00193	0.00812	0.00684	0.00459	0.31115
4	0.01863	0.01623	0.02140	0.02196	0.18130	0.01395	0.01386	0.06512	0.01875	0.02820	0.01499	0.01783	0.01235	0.00658	0.00667	0.00159	0.00713	0.00559	0.00484	0.52304
5	0.01977	0.01701	0.01799	0.01630	0.02073	0.01964	0.01263	0.04184	0.62410	0.03341	0.03350	0.05755	0.02593	0.01159	0.00834	0.00277	0.00635	0.00973	0.00823	0.01259
6	0.01172	0.00818	0.01042	0.01042	0.01096	0.00872	0.00687	0.01280	0.01226	0.01689	0.02413	0.04517	0.02606	0.47049	0.28094	0.00980	0.01305	0.01064	0.00470	0.00579
7	0.01945	0.01625	0.01708	0.01510	0.01957	0.01812	0.01182	0.11666	0.43776	0.03379	0.04129	0.03863	0.15380	0.01280	0.00851	0.00271	0.00629	0.01055	0.00809	0.01174
8	0.02009	0.01919	0.03221	0.04815	0.63217	0.01932	0.02430	0.02581	0.04992	0.02688	0.01615	0.02059	0.01345	0.00742	0.00804	0.00243	0.00948	0.00733	0.00423	0.01285
9	0.02158	0.01585	0.02485	0.35723	0.17876	0.01746	0.02017	0.05442	0.04402	0.15706	0.01918	0.02276	0.01385	0.00850	0.00811	0.00259	0.00950	0.00749	0.00540	0.01120
10	0.02409	0.13513	0.03027	0.03220	0.30432	0.23699	0.01931	0.05225	0.04624	0.02447	0.01465	0.01760	0.01222	0.00781	0.00737	0.00222	0.01095	0.00621	0.00432	0.01139
11	0.02458	0.06348	0.02560	0.02694	0.18368	0.36946	0.01744	0.02735	0.02015	0.02160	0.01789	0.02072	0.05702	0.00946	0.00951	0.00235	0.08171	0.00671	0.00428	0.01009
12	0.01449	0.01259	0.05962	0.01407	0.01717	0.01107	0.01216	0.02130	0.11907	0.05243	0.15260	0.13565	0.08506	0.01824	0.00988	0.00312	0.00643	0.23857	0.00769	0.00879
13	0.02557	0.06235	0.02609	0.02480	0.11313	0.39527	0.03847	0.02960	0.06312	0.02187	0.01411	0.01709	0.01185	0.00913	0.01031	0.00240	0.11422	0.00616	0.00431	0.01014
14	0.01065	0.00822	0.01009	0.01014	0.01197	0.00788	0.00747	0.01304	0.01718	0.02258	0.16969	0.12082	0.28241	0.08507	0.17984	0.00573	0.00880	0.01470	0.00680	0.00693
