[name]
unknown

[dist]
# distance from previous block
# <min> <max>
0	0

[block]
# block no. 0 follows, 21 sequences, length 101
# corresponding to MSA columns:
# 18-118
name=unknown_A
#
# <colnr> <probs for GDERKNQSTAVLIFYWHMCP>
#	G	D	E	R	K	N	Q	S	T	A	V	L	I	F	Y	W	H	M	C	P
0	0.01371	0.00980	0.01371	0.01567	0.01763	0.00980	0.01371	0.01763	0.01959	0.02547	0.04506	0.09599	0.04898	0.02351	0.01175	0.00392	0.00784	0.59056	0.00784	0.00784
1	0.02106	0.02022	0.03454	0.05223	0.64784	0.02022	0.02612	0.02612	0.01938	0.02780	0.01601	0.02106	0.01348	0.00758	0.00842	0.00253	0.01011	0.00758	0.00421	0.01348
2	0.01238	0.00825	0.00928	0.00928	0.00928	0.00825	0.00516	0.01238	0.01238	0.01650	0.02681	0.05569	0.03094	0.70092	0.04331	0.00825	0.00825	0.01238	0.00516	0.00516
3	0.02873	0.02190	0.02554	0.16650	0.03355	0.02473	0.01783	0.48658	0.03490	0.04654	0.01925	0.02093	0.01378	0.00984	0.00851	0.00262	0.00980	0.00764	0.00746	0.01336
4	0.02106	0.02022	0.03454	0.05223	0.64784	0.02022	0.02612	0.02612	0.01938	0.02780	0.01601	0.02106	0.01348	0.00758	0.00842	0.00253	0.01011	0.00758	0.00421	0.01348
5	0.02107	0.02011	0.03369	0.05030	0.61318	0.02027	0.02542	0.02718	0.05333	0.02823	0.01704	0.02165	0.01417	0.00780	0.00844	0.00255	0.00992	0.00770	0.00446	0.01348
6	0.01037	0.00741	0.00987	0.01185	0.01234	0.00691	0.00790	0.01185	0.01629	0.02172	0.04690	0.69537	0.05629	0.02666	0.01086	0.00346	0.00494	0.02419	0.00790	0.00691
7	0.02044	0.02223	0.03121	0.02504	0.02889	0.12837	0.20412	0.02518	0.04477	0.02323	0.01611	0.02215	0.01379	0.01835	0.11005	0.00460	0.23882	0.00827	0.00435	0.01002
8	0.02001	0.03895	0.53874	0.02372	0.03529	0.01891	0.06237	0.02887	0.01893	0.10909	0.01778	0.01969	0.01225	0.00835	0.00826	0.00270	0.01198	0.00680	0.00454	0.01276
9	0.01657	0.02183	0.16637	0.49958	0.08660	0.01917	0.02551	0.02314	0.01736	0.02324	0.01521	0.02155	0.01134	0.00836	0.00841	0.00279	0.01155	0.00728	0.00376	0.01037
10	0.03708	0.01427	0.01948	0.01516	0.02154	0.01239	0.01256	0.04040	0.02414	0.62542	0.03409	0.03199	0.02232	0.01112	0.00870	0.00269	0.00727	0.03478	0.01041	0.01418
11	0.01862	0.01862	0.02607	0.02234	0.02234	0.02607	0.01862	0.02048	0.01303	0.02048	0.01117	0.01862	0.01117	0.01489	0.02793	0.00372	0.68535	0.00745	0.00372	0.00931
12	0.01765	0.01513	0.01765	0.01260	0.02017	0.01134	0.01008	0.02143	0.01765	0.02773	0.01513	0.01765	0.01260	0.00630	0.00630	0.00126	0.00630	0.00504	0.00504	0.75295
13	0.02101	0.02036	0.03534	0.05140	0.61722	0.02029	0.05610	0.02618	0.01941	0.02777	0.01607	0.02116	0.01345	0.00756	0.00851	0.00254	0.01032	0.00771	0.00422	0.01338
14	0.01216	0.00912	0.01368	0.01368	0.01520	0.01064	0.01064	0.01520	0.01368	0.01976	0.02279	0.03343	0.02127	0.06382	0.66720	0.01368	0.02279	0.00912	0.00456	0.00760
15	0.01635	0.01541	0.02603	0.64547	0.09144	0.01898	0.02377	0.02199	0.01715	0.02208	0.01517	0.02260	0.01146	0.00846	0.00850	0.00282	0.01128	0.00756	0.00381	0.00968
16	0.01781	0.10313	0.56627	0.02493	0.06951	0.02106	0.02960	0.02677	0.01798	0.02637	0.01500	0.01775	0.01094	0.00798	0.00786	0.00261	0.01212	0.00620	0.00363	0.01248
17	0.01857	0.01868	0.02459	0.02136	0.02175	0.05686	0.01762	0.02058	0.01367	0.02042	0.01256	0.02010	0.01228	0.02002	0.09792	0.00475	0.57774	0.00753	0.00385	0.00915
18	0.01216	0.00912	0.01368	0.01368	0.01520	0.01064	0.01064	0.01520	0.01368	0.01976	0.02279	0.03343	0.02127	0.06382	0.66720	0.01368	0.02279	0.00912	0.00456	0.00760
19	0.01006	0.00862	0.00862	0.00862	0.01149	0.00718	0.00647	0.01221	0.01940	0.02299	0.08621	0.08190	0.64438	0.02155	0.01006	0.00287	0.00431	0.01796	0.00790	0.00718
20	0.03689	0.01656	0.02104	0.01613	0.02276	0.01559	0.01332	0.16997	0.02784	0.52032	0.03065	0.02707	0.01960	0.01046	0.00855	0.00262	0.00771	0.00836	0.01008	0.01448
21	0.01216	0.00912	0.01368	0.01368	0.01520	0.01064	0.01064	0.01520	0.01368	0.01976	0.02279	0.03343	0.02127	0.06382	0.66720	0.01368	0.02279	0.00912	0.00456	0.00760
22	0.02106	0.02022	0.03454	0.05223	0.64784	0.02022	0.02612	0.02612	0.01938	0.02780	0.01601	0.02106	0.01348	0.00758	0.00842	0.00253	0.01011	0.00758	0.00421	0.01348
23	0.01829	0.18601	0.52552	0.02218	0.03362	0.02275	0.02782	0.02664	0.01782	0.02546	0.01453	0.01704	0.01081	0.00791	0.00752	0.00251	0.01183	0.00592	0.00360	0.01222
24	0.01056	0.00754	0.01009	0.01207	0.01265	0.00708	0.00823	0.01218	0.01648	0.02194	0.04680	0.66116	0.05587	0.02648	0.01091	0.00348	0.00510	0.05651	0.00790	0.00696
25	0.02106	0.02022	0.03454	0.05223	0.64784	0.02022	0.02612	0.02612	0.01938	0.02780	0.01601	0.02106	0.01348	0.00758	0.00842	0.00253	0.01011	0.00758	0.00421	0.01348
26	0.02345	0.02474	0.03222	0.04550	0.50966	0.16395	0.02397	0.02787	0.02043	0.02625	0.01537	0.01979	0.01292	0.00785	0.00826	0.00245	0.01127	0.00712	0.00425	0.01268
27	0.02298	0.01095	0.01435	0.01233	0.01574	0.00989	0.00928	0.02568	0.02124	0.28949	0.22072	0.08408	0.04347	0.16166	0.01660	0.00390	0.00633	0.01239	0.00887	0.01005
28	0.01014	0.00862	0.00874	0.00871	0.01155	0.00722	0.00653	0.01238	0.01960	0.02346	0.10988	0.08112	0.62042	0.02138	0.01006	0.00287	0.00430	0.01785	0.00796	0.00722
29	0.01922	0.01834	0.03122	0.28384	0.43061	0.01974	0.02520	0.02450	0.01851	0.02557	0.01568	0.02166	0.01269	0.00792	0.00846	0.00264	0.01057	0.00758	0.00405	0.01200
30	0.01037	0.00741	0.00987	0.01185	0.01234	0.00691	0.00790	0.01185	0.01629	0.02172	0.04690	0.69537	0.05629	0.02666	0.01086	0.00346	0.00494	0.02419	0.00790	0.00691
31	0.01006	0.00862	0.00862	0.00862	0.01149	0.00718	0.00647	0.01221	0.01940	0.02299	0.08621	0.08190	0.64438	0.02155	0.01006	0.00287	0.00431	0.01796	0.00790	0.00718
32	0.02117	0.01828	0.01924	0.01732	0.02213	0.02117	0.01347	0.04522	0.63246	0.03560	0.03464	0.03175	0.02598	0.01155	0.00866	0.00289	0.00673	0.00962	0.00866	0.01347
33	0.76103	0.01646	0.01251	0.01119	0.01646	0.01909	0.00922	0.02502	0.01448	0.03818	0.01185	0.01382	0.00922	0.00790	0.00527	0.00263	0.00658	0.00461	0.00527	0.00922
34	0.02345	0.02474	0.03222	0.04550	0.50966	0.16395	0.02397	0.02787	0.02043	0.02625	0.01537	0.01979	0.01292	0.00785	0.00826	0.00245	0.01127	0.00712	0.00425	0.01268
35	0.02275	0.70604	0.04459	0.01456	0.02184	0.03367	0.01456	0.02548	0.01729	0.02002	0.01183	0.01365	0.01092	0.00728	0.00546	0.00182	0.00910	0.00455	0.00364	0.01092
36	0.02117	0.01828	0.01924	0.01732	0.02213	0.02117	0.01347	0.04522	0.63246	0.03560	0.03464	0.03175	0.02598	0.01155	0.00866	0.00289	0.00673	0.00962	0.00866	0.01347
37	0.03235	0.02384	0.02554	0.01958	0.02639	0.02639	0.01618	0.61946	0.04001	0.05363	0.02043	0.02043	0.01447	0.01022	0.00851	0.00255	0.00936	0.00766	0.00851	0.01447
38	0.02117	0.01828	0.01924	0.01732	0.02213	0.02117	0.01347	0.04522	0.63246	0.03560	0.03464	0.03175	0.02598	0.01155	0.00866	0.00289	0.00673	0.00962	0.00866	0.01347
39	0.01217	0.00863	0.01108	0.01108	0.01186	0.00919	0.00751	0.01354	0.01327	0.01818	0.02809	0.04771	0.05736	0.40162	0.30174	0.01025	0.01412	0.01129	0.00504	0.00628
40	0.02117	0.01828	0.01924	0.01732	0.02213	0.02117	0.01347	0.04522	0.63246	0.03560	0.03464	0.03175	0.02598	0.01155	0.00866	0.00289	0.00673	0.00962	0.00866	0.01347
41	0.01006	0.00862	0.00862	0.00862	0.01149	0.00718	0.00647	0.01221	0.01940	0.02299	0.08621	0.08190	0.64438	0.02155	0.01006	0.00287	0.00431	0.01796	0.00790	0.00718
42	0.02085	0.02000	0.03415	0.07939	0.62237	0.02016	0.02601	0.02593	0.01928	0.02754	0.01597	0.02113	0.01339	0.00762	0.00843	0.00254	0.01016	0.00758	0.00419	0.01331
43	0.01707	0.04402	0.65683	0.02426	0.03683	0.01976	0.03144	0.02695	0.01797	0.02695	0.01527	0.01797	0.01078	0.00809	0.00809	0.00270	0.01258	0.00629	0.00359	0.01258
44	0.01160	0.00868	0.01076	0.01024	0.01244	0.00784	0.00768	0.01520	0.02305	0.03165	0.51949	0.06764	0.20570	0.01832	0.01004	0.00272	0.00408	0.01596	0.00904	0.00784
45	0.02117	0.01828	0.01924	0.01732	0.02213	0.02117	0.01347	0.04522	0.63246	0.03560	0.03464	0.03175	0.02598	0.01155	0.00866	0.00289	0.00673	0.00962	0.00866	0.01347
46	0.02796	0.02263	0.02301	0.01883	0.02473	0.06090	0.01514	0.36248	0.26976	0.04474	0.02555	0.02455	0.01875	0.01065	0.00852	0.00266	0.00868	0.00830	0.00833	0.01382
47	0.03179	0.04056	0.02412	0.02192	0.02631	0.66676	0.01644	0.03398	0.02412	0.02083	0.01315	0.01535	0.01096	0.00877	0.00767	0.00219	0.01535	0.00548	0.00438	0.00987
48	0.01226	0.00820	0.00932	0.00943	0.00945	0.00818	0.00531	0.01235	0.01260	0.01680	0.02795	0.09172	0.03237	0.66294	0.04149	0.00798	0.00806	0.01304	0.00531	0.00526
49	0.76103	0.01646	0.01251	0.01119	0.01646	0.01909	0.00922	0.02502	0.01448	0.03818	0.01185	0.01382	0.00922	0.00790	0.00527	0.00263	0.00658	0.00461	0.00527	0.00922
50	0.06607	0.03400	0.02404	0.02066	0.02587	0.42859	0.01602	0.22362	0.02883	0.03229	0.01546	0.01693	0.01202	0.00920	0.00783	0.00233	0.01299	0.00615	0.00577	0.01133
51	0.01540	0.01376	0.01318	0.01222	0.01590	0.04901	0.00937	0.05654	0.17771	0.02784	0.06514	0.06181	0.41452	0.01762	0.00948	0.00282	0.00584	0.01454	0.00793	0.00936
52	0.01607	0.01513	0.02552	0.68047	0.05861	0.01891	0.02363	0.02174	0.01702	0.02174	0.01513	0.02269	0.01134	0.00851	0.00851	0.00284	0.01134	0.00756	0.00378	0.00945
53	0.07822	0.01459	0.01935	0.01492	0.02143	0.01287	0.01233	0.04056	0.02381	0.61964	0.03237	0.02813	0.02041	0.01039	0.00838	0.00263	0.00720	0.00834	0.01024	0.01419
54	0.01046	0.00748	0.00996	0.01179	0.01236	0.00697	0.00791	0.01208	0.01672	0.02241	0.07994	0.66038	0.05762	0.02615	0.01082	0.00341	0.00489	0.02371	0.00798	0.00697
55	0.03177	0.02451	0.02515	0.01960	0.02618	0.06221	0.01606	0.55857	0.06791	0.05091	0.02071	0.02070	0.01483	0.01020	0.00847	0.00255	0.00957	0.00763	0.00829	0.01416
56	0.60121	0.01463	0.01153	0.01049	0.01505	0.01670	0.00852	0.02390	0.01520	0.03680	0.01526	0.01766	0.01192	0.00833	0.00541	0.00249	0.00602	0.00532	0.16460	0.00894
57	0.02824	0.01784	0.05535	0.05409	0.02482	0.01710	0.01461	0.04121	0.29246	0.30990	0.03199	0.02923	0.02212	0.01073	0.00857	0.00276	0.00755	0.00885	0.00894	0.01365
58	0.01707	0.04402	0.65683	0.02426	0.03683	0.01976	0.03144	0.02695	0.01797	0.02695	0.01527	0.01797	0.01078	0.00809	0.00809	0.00270	0.01258	0.00629	0.00359	0.01258
59	0.01216	0.00912	0.01368	0.01368	0.01520	0.01064	0.01064	0.01520	0.01368	0.01976	0.02279	0.03343	0.02127	0.06382	0.66720	0.01368	0.02279	0.00912	0.00456	0.00760
60	0.02048	0.02079	0.03894	0.08250	0.42583	0.02055	0.21087	0.02623	0.01947	0.02729	0.01634	0.02175	0.01318	0.00751	0.00894	0.00265	0.01151	0.00835	0.00422	0.01263
61	0.02995	0.02265	0.02419	0.01910	0.02548	0.02527	0.01559	0.49630	0.16708	0.04977	0.02348	0.02286	0.01694	0.01050	0.00854	0.00263	0.00880	0.00808	0.00854	0.01426
62	0.02647	0.01578	0.01905	0.01457	0.02134	0.01395	0.01177	0.06259	0.10967	0.26096	0.02500	0.02399	0.01774	0.00881	0.00759	0.00207	0.00687	0.00713	0.00776	0.33689
63	0.01707	0.04402	0.65683	0.02426	0.03683	0.01976	0.03144	0.02695	0.01797	0.02695	0.01527	0.01797	0.01078	0.00809	0.00809	0.00270	0.01258	0.00629	0.00359	0.01258
64	0.03235	0.02384	0.02554	0.01958	0.02639	0.02639	0.01618	0.61946	0.04001	0.05363	0.02043	0.02043	0.01447	0.01022	0.00851	0.00255	0.00936	0.00766	0.00851	0.01447
65	0.01607	0.01513	0.02552	0.68047	0.05861	0.01891	0.02363	0.02174	0.01702	0.02174	0.01513	0.02269	0.01134	0.00851	0.00851	0.00284	0.01134	0.00756	0.00378	0.00945
66	0.01238	0.00825	0.00928	0.00928	0.00928	0.00825	0.00516	0.01238	0.01238	0.01650	0.02681	0.05569	0.03094	0.70092	0.04331	0.00825	0.00825	0.01238	0.00516	0.00516
67	0.01944	0.02747	0.18032	0.03338	0.04284	0.02114	0.49136	0.02719	0.01963	0.02719	0.01680	0.02189	0.01246	0.00737	0.00962	0.00283	0.01397	0.00924	0.00415	0.01171
68	0.02564	0.49601	0.03834	0.01662	0.02325	0.16405	0.01512	0.09008	0.02111	0.02374	0.01302	0.01472	0.01131	0.00790	0.00624	0.00197	0.01042	0.00507	0.00431	0.01108
69	0.01006	0.00862	0.00862	0.00862	0.01149	0.00718	0.00647	0.01221	0.01940	0.02299	0.08621	0.08190	0.64438	0.02155	0.01006	0.00287	0.00431	0.01796	0.00790	0.00718
70	0.01037	0.00741	0.00987	0.01185	0.01234	0.00691	0.00790	0.01185	0.01629	0.02172	0.04690	0.69537	0.05629	0.02666	0.01086	0.00346	0.00494	0.02419	0.00790	0.00691
71	0.03179	0.04056	0.02412	0.02192	0.02631	0.66676	0.01644	0.03398	0.02412	0.02083	0.01315	0.01535	0.01096	0.00877	0.00767	0.00219	0.01535	0.00548	0.00438	0.00987
72	0.17142	0.01877	0.08950	0.01489	0.02088	0.01656	0.01334	0.10732	0.10766	0.15750	0.03682	0.03529	0.15101	0.01219	0.00817	0.00272	0.00730	0.00955	0.00759	0.01150
73	0.01707	0.04402	0.65683	0.02426	0.03683	0.01976	0.03144	0.02695	0.01797	0.02695	0.01527	0.01797	0.01078	0.00809	0.00809	0.00270	0.01258	0.00629	0.00359	0.01258
74	0.01037	0.00741	0.00987	0.01185	0.01234	0.00691	0.00790	0.01185	0.01629	0.02172	0.04690	0.69537	0.05629	0.02666	0.01086	0.00346	0.00494	0.02419	0.00790	0.00691
75	0.02142	0.36335	0.26325	0.02002	0.02900	0.08898	0.05637	0.02693	0.01836	0.02302	0.01351	0.01592	0.01099	0.00771	0.00689	0.00223	0.01126	0.00559	0.00373	0.01145
76	0.02106	0.02022	0.03454	0.05223	0.64784	0.02022	0.02612	0.02612	0.01938	0.02780	0.01601	0.02106	0.01348	0.00758	0.00842	0.00253	0.01011	0.00758	0.00421	0.01348
77	0.01006	0.00862	0.00862	0.00862	0.01149	0.00718	0.00647	0.01221	0.01940	0.02299	0.08621	0.08190	0.64438	0.02155	0.01006	0.00287	0.00431	0.01796	0.00790	0.00718
78	0.03179	0.04056	0.02412	0.02192	0.02631	0.66676	0.01644	0.03398	0.02412	0.02083	0.01315	0.01535	0.01096	0.00877	0.00767	0.00219	0.01535	0.00548	0.00438	0.00987
79	0.02647	0.02904	0.02944	0.03373	0.26218	0.28964	0.05535	0.08340	0.05885	0.02762	0.01637	0.01936	0.01321	0.00852	0.00823	0.00243	0.01227	0.00698	0.00493	0.01195
80	0.01238	0.00825	0.00928	0.00928	0.00928	0.00825	0.00516	0.01238	0.01238	0.01650	0.02681	0.05569	0.03094	0.70092	0.04331	0.00825	0.00825	0.01238	0.00516	0.00516
81	0.02256	0.01836	0.01957	0.01732	0.02232	0.02099	0.01355	0.07294	0.57348	0.06716	0.03389	0.03106	0.02517	0.01143	0.00865	0.00286	0.00689	0.00947	0.00875	0.01357
82	0.01318	0.01106	0.01667	0.19268	0.09055	0.01164	0.01385	0.01654	0.01812	0.02413	0.11827	0.30838	0.09551	0.01818	0.00980	0.00304	0.00699	0.01634	0.00662	0.00844
83	0.06772	0.02146	0.02446	0.05410	0.12569	0.14773	0.04471	0.05717	0.02077	0.10901	0.07463	0.02485	0.01982	0.01360	0.04853	0.00334	0.11773	0.00801	0.00575	0.01093
84	0.01172	0.00946	0.01067	0.01102	0.01372	0.00868	0.00879	0.01565	0.05388	0.02498	0.10578	0.08160	0.42545	0.02125	0.01041	0.00313	0.00532	0.16274	0.00801	0.00775
85	0.01006	0.00862	0.00862	0.00862	0.01149	0.00718	0.00647	0.01221	0.01940	0.02299	0.08621	0.08190	0.64438	0.02155	0.01006	0.00287	0.00431	0.01796	0.00790	0.00718
86	0.02207	0.01988	0.03367	0.05005	0.61088	0.01976	0.02531	0.02702	0.01967	0.06475	0.01704	0.02153	0.01393	0.00776	0.00843	0.00253	0.00994	0.00764	0.00459	0.01354
87	0.02177	0.12839	0.29131	0.02675	0.08977	0.02121	0.15613	0.02870	0.01933	0.11086	0.01775	0.02022	0.01291	0.00805	0.00824	0.00258	0.01153	0.00730	0.00475	0.01243
88	0.01478	0.00739	0.01109	0.01109	0.01109	0.00739	0.00739	0.01109	0.01109	0.01478	0.01478	0.02587	0.01478	0.02956	0.03326	0.75240	0.00739	0.00739	0.00370	0.00370
89	0.01224	0.00879	0.01203	0.01203	0.01299	0.00975	0.00859	0.01414	0.01319	0.01854	0.02430	0.04175	0.02489	0.30187	0.43409	0.01165	0.01736	0.01034	0.00478	0.00669
90	0.06569	0.16807	0.16609	0.03047	0.24006	0.11036	0.02202	0.02801	0.04628	0.02604	0.01519	0.01816	0.01234	0.00798	0.00747	0.00240	0.01078	0.00632	0.00425	0.01202
91	0.02007	0.39319	0.33392	0.01914	0.02893	0.02710	0.02254	0.02618	0.01761	0.02330	0.01346	0.01569	0.01085	0.00766	0.00670	0.00223	0.01074	0.00537	0.00362	0.01170
92	0.02946	0.01258	0.01633	0.01335	0.01861	0.01095	0.01090	0.03258	0.02264	0.44646	0.04518	0.04430	0.15639	0.01360	0.00891	0.00272	0.00646	0.04375	0.05268	0.01216
93	0.01925	0.02733	0.21671	0.07350	0.21206	0.02068	0.18191	0.02725	0.05434	0.02717	0.01692	0.02127	0.01304	0.00825	0.00968	0.00276	0.04339	0.00797	0.00427	0.01226
94	0.05736	0.01249	0.04958	0.01278	0.01571	0.01154	0.01041	0.01926	0.09700	0.02433	0.04340	0.08958	0.18575	0.12402	0.15165	0.00599	0.01001	0.06434	0.00650	0.00828
95	0.01440	0.01025	0.01179	0.01168	0.01360	0.04273	0.00896	0.01768	0.01608	0.02441	0.02782	0.03470	0.05716	0.03870	0.35177	0.00816	0.01440	0.00901	0.27888	0.00781
96	0.01250	0.00990	0.01549	0.01644	0.05250	0.01055	0.04076	0.01536	0.01516	0.02122	0.02981	0.24337	0.03158	0.04589	0.38691	0.00923	0.01594	0.01388	0.00559	0.00791
97	0.02063	0.06618	0.12545	0.05863	0.19357	0.13006	0.08210	0.02544	0.01871	0.02419	0.01697	0.05444	0.01494	0.01382	0.06176	0.00352	0.06618	0.00805	0.00428	0.01107
98	0.01875	0.02385	0.16940	0.07811	0.40380	0.01860	0.02482	0.02445	0.01852	0.02632	0.02043	0.02595	0.04977	0.04883	0.01047	0.00294	0.01029	0.00816	0.00431	0.01220
99	0.01047	0.00748	0.00996	0.01178	0.01236	0.00698	0.00791	0.01209	0.01675	0.02244	0.08156	0.65866	0.05768	0.02612	0.01081	0.00341	0.00488	0.02368	0.00798	0.00698
100	0.02024	0.06310	0.10017	0.07880	0.41612	0.02133	0.09191	0.02577	0.01874	0.02649	0.01553	0.02049	0.01275	0.00799	0.00937	0.00262	0.04437	0.00754	0.00408	0.01258

[dist]
# distance from previous block
# <min> <max>
2	49

[block]
# block no. 1 follows, 21 sequences, length 87
# corresponding to MSA columns:
# 168-254
name=unknown_B
#
# <colnr> <probs for GDERKNQSTAVLIFYWHMCP>
#	G	D	E	R	K	N	Q	S	T	A	V	L	I	F	Y	W	H	M	C	P
0	0.02279	0.02066	0.06848	0.02119	0.10202	0.06100	0.01560	0.24207	0.02633	0.03592	0.02458	0.15690	0.02277	0.01263	0.00850	0.00257	0.00851	0.01057	0.07111	0.06578
1	0.01600	0.01412	0.05636	0.01336	0.01697	0.01227	0.01078	0.13706	0.02200	0.02942	0.07383	0.25245	0.15924	0.07760	0.01248	0.00332	0.00656	0.01552	0.00737	0.06331
2	0.01407	0.16761	0.04558	0.01211	0.01592	0.01400	0.01021	0.01679	0.01827	0.02358	0.10585	0.24327	0.19276	0.01777	0.00890	0.00267	0.00605	0.01512	0.00670	0.06277
3	0.02135	0.57829	0.11789	0.01570	0.02325	0.03043	0.01638	0.02498	0.01713	0.02086	0.01298	0.01550	0.01159	0.01113	0.04973	0.00272	0.01044	0.00507	0.00370	0.01090
4	0.01112	0.00871	0.00998	0.01072	0.01257	0.00803	0.00770	0.01411	0.04918	0.02289	0.06269	0.30395	0.31989	0.06816	0.01259	0.00351	0.00514	0.05400	0.00775	0.00731
5	0.01762	0.01639	0.05250	0.12460	0.10845	0.01540	0.01624	0.08082	0.01968	0.02765	0.02401	0.16183	0.02382	0.01301	0.00964	0.00263	0.04289	0.04899	0.00571	0.18811
6	0.02360	0.26567	0.11323	0.02353	0.03120	0.15658	0.18935	0.05580	0.02062	0.02465	0.01445	0.01748	0.01165	0.00778	0.00767	0.00233	0.01229	0.00666	0.00420	0.01123
7	0.01096	0.00857	0.00993	0.00976	0.01209	0.00754	0.00726	0.01390	0.02128	0.02786	0.33150	0.11448	0.35433	0.02004	0.01010	0.00282	0.00422	0.01723	0.00855	0.00754
8	0.07158	0.02888	0.33197	0.02020	0.02835	0.01731	0.05155	0.06416	0.05156	0.03034	0.08801	0.06620	0.02572	0.01199	0.00879	0.00287	0.00989	0.07383	0.00564	0.01115
9	0.02519	0.02953	0.07510	0.03604	0.31929	0.25928	0.02194	0.05377	0.05067	0.02657	0.01595	0.01920	0.01298	0.00835	0.00814	0.00243	0.01204	0.00681	0.00461	0.01212
10	0.02028	0.01960	0.03368	0.04844	0.57244	0.01943	0.05726	0.02526	0.01942	0.02745	0.02074	0.02521	0.05535	0.00849	0.00862	0.00257	0.00996	0.00841	0.00446	0.01295
11	0.01037	0.00741	0.00987	0.01185	0.01234	0.00691	0.00790	0.01185	0.01629	0.02172	0.04690	0.69537	0.05629	0.02666	0.01086	0.00346	0.00494	0.02419	0.00790	0.00691
12	0.02532	0.02988	0.02324	0.02246	0.06902	0.38311	0.01629	0.02868	0.04958	0.02221	0.02248	0.02495	0.08567	0.01154	0.01214	0.00264	0.14841	0.00768	0.00485	0.00987
13	0.06582	0.02975	0.32518	0.10839	0.07616	0.01887	0.05713	0.02819	0.01865	0.13002	0.01801	0.02065	0.01277	0.00880	0.00919	0.00275	0.04554	0.00708	0.00495	0.01212
14	0.01037	0.00741	0.00987	0.01185	0.01234	0.00691	0.00790	0.01185	0.01629	0.02172	0.04690	0.69537	0.05629	0.02666	0.01086	0.00346	0.00494	0.02419	0.00790	0.00691
15	0.71742	0.01634	0.01294	0.01143	0.01678	0.01869	0.00941	0.02601	0.01508	0.07532	0.01316	0.01474	0.00993	0.00806	0.00547	0.00263	0.00662	0.00485	0.00558	0.00953
16	0.02911	0.13434	0.02972	0.02317	0.05901	0.42521	0.06053	0.09396	0.02426	0.02502	0.01418	0.01649	0.01160	0.00853	0.00765	0.00224	0.01345	0.00602	0.00470	0.01081
17	0.01774	0.01517	0.01588	0.01457	0.01862	0.01675	0.01116	0.03468	0.43614	0.03123	0.04806	0.04643	0.19204	0.04975	0.01082	0.00316	0.00616	0.01200	0.00828	0.01136
18	0.01037	0.00741	0.00987	0.01185	0.01234	0.00691	0.00790	0.01185	0.01629	0.02172	0.04690	0.69537	0.05629	0.02666	0.01086	0.00346	0.00494	0.02419	0.00790	0.00691
19	0.01393	0.01284	0.01887	0.02267	0.18481	0.01186	0.05673	0.01732	0.01945	0.02472	0.06024	0.06200	0.39862	0.01686	0.00971	0.00283	0.00678	0.04391	0.00665	0.00922
20	0.01238	0.00825	0.00928	0.00928	0.00928	0.00825	0.00516	0.01238	0.01238	0.01650	0.02681	0.05569	0.03094	0.70092	0.04331	0.00825	0.00825	0.01238	0.00516	0.00516
21	0.01033	0.00756	0.00971	0.01144	0.01223	0.00695	0.00772	0.01190	0.01669	0.02189	0.05194	0.61682	0.13159	0.02601	0.01076	0.00338	0.00486	0.02339	0.00790	0.00695
22	0.01800	0.11112	0.52496	0.02453	0.03611	0.02142	0.09496	0.02683	0.01813	0.02626	0.01513	0.01807	0.01103	0.00790	0.00803	0.00262	0.01241	0.00652	0.00368	0.01228
23	0.02739	0.16232	0.03066	0.02532	0.15119	0.10088	0.01773	0.27653	0.06514	0.03671	0.01781	0.01928	0.01384	0.00900	0.00779	0.00238	0.01000	0.00688	0.00619	0.01296
24	0.01216	0.00912	0.01368	0.01368	0.01520	0.01064	0.01064	0.01520	0.01368	0.01976	0.02279	0.03343	0.02127	0.06382	0.66720	0.01368	0.02279	0.00912	0.00456	0.00760
25	0.01813	0.01723	0.02925	0.42089	0.30207	0.01945	0.02466	0.02355	0.01799	0.02425	0.01549	0.02202	0.01223	0.00813	0.00847	0.00271	0.01083	0.00757	0.00396	0.01112
26	0.01794	0.01915	0.01883	0.01687	0.01889	0.14886	0.01341	0.01998	0.01778	0.02154	0.04102	0.04278	0.25957	0.01626	0.01680	0.00308	0.28198	0.01117	0.00550	0.00859
27	0.01088	0.00905	0.00956	0.00948	0.01222	0.00797	0.00708	0.01432	0.05046	0.02494	0.15092	0.10872	0.51300	0.02080	0.01003	0.00288	0.00443	0.01755	0.00812	0.00759
28	0.03179	0.04056	0.02412	0.02192	0.02631	0.66676	0.01644	0.03398	0.02412	0.02083	0.01315	0.01535	0.01096	0.00877	0.00767	0.00219	0.01535	0.00548	0.00438	0.00987
29	0.01238	0.00825	0.00928	0.00928	0.00928	0.00825	0.00516	0.01238	0.01238	0.01650	0.02681	0.05569	0.03094	0.70092	0.04331	0.00825	0.00825	0.01238	0.00516	0.00516
30	0.01382	0.01179	0.01318	0.06072	0.01836	0.01203	0.01027	0.02226	0.18351	0.02651	0.06335	0.06545	0.37680	0.01810	0.00973	0.00297	0.00580	0.06845	0.00780	0.00910
31	0.76103	0.01646	0.01251	0.01119	0.01646	0.01909	0.00922	0.02502	0.01448	0.03818	0.01185	0.01382	0.00922	0.00790	0.00527	0.00263	0.00658	0.00461	0.00527	0.00922
32	0.01238	0.00825	0.00928	0.00928	0.00928	0.00825	0.00516	0.01238	0.01238	0.01650	0.02681	0.05569	0.03094	0.70092	0.04331	0.00825	0.00825	0.01238	0.00516	0.00516
33	0.01712	0.01586	0.02440	0.52952	0.05030	0.01964	0.02155	0.02599	0.12971	0.02423	0.01853	0.02417	0.01402	0.00935	0.00940	0.00288	0.04053	0.00794	0.00467	0.01018
34	0.02106	0.02022	0.03454	0.05223	0.64784	0.02022	0.02612	0.02612	0.01938	0.02780	0.01601	0.02106	0.01348	0.00758	0.00842	0.00253	0.01011	0.00758	0.00421	0.01348
35	0.01006	0.00862	0.00862	0.00862	0.01149	0.00718	0.00647	0.01221	0.01940	0.02299	0.08621	0.08190	0.64438	0.02155	0.01006	0.00287	0.00431	0.01796	0.00790	0.00718
36	0.02117	0.01828	0.01924	0.01732	0.02213	0.02117	0.01347	0.04522	0.63246	0.03560	0.03464	0.03175	0.02598	0.01155	0.00866	0.00289	0.00673	0.00962	0.00866	0.01347
37	0.02106	0.02022	0.03454	0.05223	0.64784	0.02022	0.02612	0.02612	0.01938	0.02780	0.01601	0.02106	0.01348	0.00758	0.00842	0.00253	0.01011	0.00758	0.00421	0.01348
38	0.02106	0.02022	0.03454	0.05223	0.64784	0.02022	0.02612	0.02612	0.01938	0.02780	0.01601	0.02106	0.01348	0.00758	0.00842	0.00253	0.01011	0.00758	0.00421	0.01348
39	0.01238	0.00825	0.00928	0.00928	0.00928	0.00825	0.00516	0.01238	0.01238	0.01650	0.02681	0.05569	0.03094	0.70092	0.04331	0.00825	0.00825	0.01238	0.00516	0.00516
40	0.02275	0.70604	0.04459	0.01456	0.02184	0.03367	0.01456	0.02548	0.01729	0.02002	0.01183	0.01365	0.01092	0.00728	0.00546	0.00182	0.00910	0.00455	0.00364	0.01092
41	0.02106	0.02022	0.03454	0.05223	0.64784	0.02022	0.02612	0.02612	0.01938	0.02780	0.01601	0.02106	0.01348	0.00758	0.00842	0.00253	0.01011	0.00758	0.00421	0.01348
42	0.01862	0.01862	0.02607	0.02234	0.02234	0.02607	0.01862	0.02048	0.01303	0.02048	0.01117	0.01862	0.01117	0.01489	0.02793	0.00372	0.68535	0.00745	0.00372	0.00931
43	0.03187	0.03827	0.02431	0.02160	0.02632	0.57915	0.01641	0.11408	0.02629	0.02532	0.01415	0.01604	0.01144	0.00897	0.00779	0.00224	0.01453	0.00578	0.00495	0.01050
44	0.17229	0.43730	0.11511	0.01561	0.02297	0.07098	0.01576	0.02614	0.01726	0.02464	0.01236	0.01435	0.01056	0.00761	0.00590	0.00212	0.00945	0.00485	0.00401	0.01072
45	0.02293	0.02606	0.07792	0.04408	0.47781	0.15059	0.02456	0.02776	0.02023	0.02633	0.01538	0.01968	0.01277	0.00786	0.00825	0.00247	0.01135	0.00706	0.00420	0.01268
46	0.05634	0.01751	0.01562	0.01435	0.01758	0.14513	0.01090	0.02607	0.14693	0.03193	0.35947	0.04477	0.05155	0.01397	0.00903	0.00262	0.00700	0.01165	0.00800	0.00957
47	0.01161	0.00843	0.01094	0.01083	0.01258	0.00776	0.00793	0.01502	0.02228	0.03107	0.49520	0.19192	0.10364	0.01947	0.01020	0.00284	0.00422	0.01729	0.00900	0.00776
48	0.03224	0.02721	0.02525	0.02005	0.02637	0.15555	0.01623	0.50137	0.03681	0.04702	0.01896	0.01941	0.01376	0.00992	0.00834	0.00248	0.01057	0.00722	0.00768	0.01354
49	0.03235	0.02384	0.02554	0.01958	0.02639	0.02639	0.01618	0.61946	0.04001	0.05363	0.02043	0.02043	0.01447	0.01022	0.00851	0.00255	0.00936	0.00766	0.00851	0.01447
50	0.02989	0.02197	0.02369	0.01855	0.02460	0.02419	0.01507	0.54872	0.03705	0.04966	0.02251	0.06702	0.01807	0.04588	0.01041	0.00290	0.00901	0.00900	0.00830	0.01350
51	0.01238	0.00825	0.00928	0.00928	0.00928	0.00825	0.00516	0.01238	0.01238	0.01650	0.02681	0.05569	0.03094	0.70092	0.04331	0.00825	0.00825	0.01238	0.00516	0.00516
52	0.01216	0.00912	0.01368	0.01368	0.01520	0.01064	0.01064	0.01520	0.01368	0.01976	0.02279	0.03343	0.02127	0.06382	0.66720	0.01368	0.02279	0.00912	0.00456	0.00760
53	0.01006	0.00862	0.00862	0.00862	0.01149	0.00718	0.00647	0.01221	0.01940	0.02299	0.08621	0.08190	0.64438	0.02155	0.01006	0.00287	0.00431	0.01796	0.00790	0.00718
54	0.02921	0.02660	0.02349	0.01957	0.02523	0.18767	0.01552	0.31686	0.19471	0.04047	0.02239	0.02217	0.01666	0.01020	0.00834	0.00255	0.01018	0.00763	0.00750	0.01303
55	0.01204	0.00870	0.01138	0.01071	0.01271	0.00803	0.00803	0.01606	0.02409	0.03413	0.64335	0.06357	0.08030	0.01740	0.01004	0.00268	0.00401	0.01539	0.00937	0.00803
56	0.01194	0.00869	0.01123	0.01060	0.01265	0.00799	0.00795	0.01586	0.02385	0.03355	0.61476	0.06451	0.10924	0.01761	0.01004	0.00269	0.00403	0.01552	0.00929	0.00799
57	0.01054	0.00868	0.00936	0.00975	0.01233	0.00750	0.00749	0.01287	0.01919	0.02321	0.07812	0.12853	0.52593	0.02217	0.01033	0.00305	0.00480	0.09099	0.00789	0.00725
58	0.02042	0.01957	0.03339	0.13266	0.57240	0.02005	0.02580	0.02556	0.01908	0.02703	0.01589	0.02127	0.01321	0.00770	0.00844	0.00257	0.01027	0.00758	0.00416	0.01296
59	0.03235	0.02384	0.02554	0.01958	0.02639	0.02639	0.01618	0.61946	0.04001	0.05363	0.02043	0.02043	0.01447	0.01022	0.00851	0.00255	0.00936	0.00766	0.00851	0.01447
60	0.01212	0.00814	0.00936	0.00961	0.00967	0.00808	0.00551	0.01231	0.01288	0.01717	0.02939	0.13760	0.03418	0.61458	0.03916	0.00764	0.00783	0.01389	0.00551	0.00538
61	0.01238	0.00825	0.00928	0.00928	0.00928	0.00825	0.00516	0.01238	0.01238	0.01650	0.02681	0.05569	0.03094	0.70092	0.04331	0.00825	0.00825	0.01238	0.00516	0.00516
62	0.01371	0.00980	0.01371	0.01567	0.01763	0.00980	0.01371	0.01763	0.01959	0.02547	0.04506	0.09599	0.04898	0.02351	0.01175	0.00392	0.00784	0.59056	0.00784	0.00784
63	0.03012	0.03012	0.02329	0.02000	0.02525	0.32689	0.01557	0.19711	0.15181	0.06521	0.02055	0.02076	0.01549	0.00982	0.00815	0.00245	0.01155	0.00708	0.00670	0.01210
64	0.01240	0.00849	0.01073	0.01081	0.01145	0.00899	0.00717	0.01370	0.01327	0.01861	0.02635	0.07406	0.02826	0.42035	0.25186	0.00957	0.01283	0.01154	0.04335	0.00620
65	0.02275	0.70604	0.04459	0.01456	0.02184	0.03367	0.01456	0.02548	0.01729	0.02002	0.01183	0.01365	0.01092	0.00728	0.00546	0.00182	0.00910	0.00455	0.00364	0.01092
66	0.01251	0.00986	0.01160	0.01191	0.01452	0.00938	0.00957	0.01749	0.07531	0.02682	0.16629	0.07848	0.30974	0.02052	0.01044	0.00316	0.00555	0.19055	0.00821	0.00809
67	0.03179	0.04056	0.02412	0.02192	0.02631	0.66676	0.01644	0.03398	0.02412	0.02083	0.01315	0.01535	0.01096	0.00877	0.00767	0.00219	0.01535	0.00548	0.00438	0.00987
68	0.01137	0.00794	0.00998	0.01077	0.01141	0.00758	0.00702	0.01287	0.01658	0.02251	0.16059	0.35734	0.05278	0.24677	0.02138	0.00488	0.00584	0.01853	0.00729	0.00656
69	0.01037	0.00741	0.00987	0.01185	0.01234	0.00691	0.00790	0.01185	0.01629	0.02172	0.04690	0.69537	0.05629	0.02666	0.01086	0.00346	0.00494	0.02419	0.00790	0.00691
70	0.01131	0.00860	0.01041	0.01011	0.01230	0.00769	0.00752	0.01458	0.02212	0.02982	0.42939	0.10755	0.25904	0.01928	0.01009	0.00279	0.00416	0.01674	0.00881	0.00769
71	0.01417	0.00847	0.01055	0.01055	0.01232	0.00916	0.00809	0.01772	0.01595	0.02627	0.02550	0.03250	0.02157	0.03448	0.30731	0.00731	0.01255	0.00847	0.40927	0.00778
72	0.01023	0.00862	0.00889	0.00905	0.01179	0.00729	0.00684	0.01243	0.01928	0.02305	0.08289	0.10653	0.59554	0.02184	0.01016	0.00294	0.00449	0.04303	0.00790	0.00720
73	0.01037	0.00741	0.00987	0.01185	0.01234	0.00691	0.00790	0.01185	0.01629	0.02172	0.04690	0.69537	0.05629	0.02666	0.01086	0.00346	0.00494	0.02419	0.00790	0.00691
74	0.03235	0.02384	0.02554	0.01958	0.02639	0.02639	0.01618	0.61946	0.04001	0.05363	0.02043	0.02043	0.01447	0.01022	0.00851	0.00255	0.00936	0.00766	0.00851	0.01447
75	0.01068	0.00817	0.00980	0.01040	0.01213	0.00729	0.00742	0.01305	0.01938	0.02532	0.21192	0.31531	0.27346	0.02248	0.01036	0.00305	0.00448	0.01973	0.00827	0.00729
76	0.01586	0.00793	0.00793	0.00793	0.00991	0.00793	0.00595	0.01983	0.01785	0.03173	0.02776	0.03173	0.02181	0.00991	0.00595	0.00198	0.00397	0.00793	0.74817	0.00793
77	0.01217	0.00908	0.01347	0.01347	0.01492	0.01053	0.01038	0.01507	0.01362	0.01960	0.02298	0.03447	0.02172	0.09339	0.63825	0.01342	0.02212	0.00927	0.00459	0.00748
78	0.02106	0.02022	0.03454	0.05223	0.64784	0.02022	0.02612	0.02612	0.01938	0.02780	0.01601	0.02106	0.01348	0.00758	0.00842	0.00253	0.01011	0.00758	0.00421	0.01348
79	0.01417	0.01210	0.01786	0.06474	0.02028	0.01538	0.01373	0.01709	0.01375	0.02009	0.01912	0.02868	0.01784	0.04667	0.44777	0.01022	0.19948	0.00856	0.00428	0.00819
80	0.01346	0.00953	0.01280	0.01259	0.01408	0.01060	0.00937	0.04590	0.01524	0.02195	0.02492	0.06637	0.02437	0.17657	0.43047	0.01065	0.01698	0.01024	0.06642	0.00748
81	0.01607	0.01513	0.02552	0.68047	0.05861	0.01891	0.02363	0.02174	0.01702	0.02174	0.01513	0.02269	0.01134	0.00851	0.00851	0.00284	0.01134	0.00756	0.00378	0.00945
82	0.07186	0.10888	0.12086	0.01427	0.01958	0.07378	0.01329	0.02240	0.05007	0.05682	0.04207	0.07207	0.22588	0.05965	0.01067	0.00300	0.00799	0.01124	0.00614	0.00948
83	0.01404	0.00978	0.01232	0.04788	0.01602	0.00935	0.00926	0.04060	0.02189	0.06090	0.30624	0.14029	0.17794	0.01818	0.00980	0.00284	0.00514	0.04258	0.04660	0.00836
84	0.06055	0.01824	0.02913	0.22001	0.38060	0.01956	0.02300	0.06014	0.01994	0.02857	0.04720	0.02321	0.01606	0.00851	0.00836	0.00263	0.00991	0.00781	0.00467	0.01192
85	0.21412	0.02755	0.02189	0.02157	0.09240	0.28374	0.01518	0.13121	0.02390	0.03241	0.04902	0.01913	0.01522	0.00914	0.00742	0.00243	0.01089	0.00642	0.00558	0.01080
86	0.20626	0.01636	0.02258	0.06527	0.27577	0.01716	0.01708	0.02519	0.04886	0.06781	0.05286	0.10655	0.02213	0.01097	0.00804	0.00272	0.00799	0.00946	0.00578	0.01115

[dist]
# distance from previous block
# <min> <max>
69	186

[block]
# block no. 2 follows, 21 sequences, length 35
# corresponding to MSA columns:
# 442-476
name=unknown_C
#
# <colnr> <probs for GDERKNQSTAVLIFYWHMCP>
#	G	D	E	R	K	N	Q	S	T	A	V	L	I	F	Y	W	H	M	C	P
0	0.02417	0.07595	0.02196	0.01647	0.02247	0.18721	0.01305	0.03200	0.15878	0.07665	0.02022	0.02082	0.01574	0.00854	0.00731	0.00202	0.00906	0.00643	0.00601	0.27514
1	0.08726	0.07428	0.14705	0.10734	0.10013	0.13985	0.07942	0.02835	0.01960	0.08471	0.01682	0.01984	0.01268	0.00835	0.00783	0.00252	0.01123	0.00683	0.03468	0.01126
2	0.08615	0.01630	0.04563	0.12026	0.22269	0.01596	0.03885	0.02239	0.05873	0.02679	0.03544	0.08762	0.16342	0.01273	0.00877	0.00278	0.00823	0.01117	0.00567	0.01043
3	0.23617	0.02585	0.07879	0.01896	0.06338	0.21775	0.01496	0.02898	0.04267	0.07520	0.07767	0.02197	0.01880	0.00937	0.00736	0.00246	0.00988	0.00678	0.00567	0.03732
4	0.01290	0.01028	0.01128	0.01053	0.01353	0.00960	0.00803	0.05956	0.05528	0.02935	0.25080	0.06905	0.39081	0.01890	0.00986	0.00279	0.00472	0.01597	0.00844	0.00832
5	0.02083	0.02578	0.14977	0.07571	0.40568	0.06740	0.02528	0.02813	0.06786	0.02742	0.01709	0.02099	0.01366	0.00813	0.00833	0.00258	0.01076	0.00734	0.00444	0.01283
6	0.02527	0.02970	0.02508	0.02213	0.02435	0.34976	0.01752	0.02730	0.01863	0.02066	0.01217	0.01697	0.01107	0.01180	0.01769	0.00295	0.34684	0.00645	0.00406	0.00959
7	0.01924	0.01471	0.01642	0.01476	0.01880	0.01596	0.01144	0.03472	0.37743	0.08222	0.20559	0.04360	0.08131	0.01374	0.00912	0.00281	0.00587	0.01168	0.00895	0.01164
8	0.02106	0.02022	0.03454	0.05223	0.64784	0.02022	0.02612	0.02612	0.01938	0.02780	0.01601	0.02106	0.01348	0.00758	0.00842	0.00253	0.01011	0.00758	0.00421	0.01348
9	0.01216	0.00912	0.01368	0.01368	0.01520	0.01064	0.01064	0.01520	0.01368	0.01976	0.02279	0.03343	0.02127	0.06382	0.66720	0.01368	0.02279	0.00912	0.00456	0.00760
10	0.01008	0.00854	0.00870	0.00882	0.01155	0.00717	0.00656	0.01219	0.01920	0.02291	0.08375	0.12030	0.60757	0.02187	0.01011	0.00291	0.00435	0.01835	0.00790	0.00717
11	0.01449	0.00924	0.01216	0.01112	0.01356	0.00845	0.00845	0.01844	0.02411	0.09220	0.58620	0.06033	0.07475	0.01675	0.00990	0.00267	0.00432	0.01475	0.00948	0.00863
12	0.02059	0.01974	0.03370	0.11111	0.59261	0.02010	0.02588	0.02571	0.01916	0.02723	0.01592	0.02121	0.01328	0.00767	0.00843	0.00256	0.01023	0.00758	0.00417	0.01310
13	0.02494	0.01200	0.01555	0.01372	0.01743	0.01112	0.01039	0.07345	0.02147	0.31096	0.03687	0.27917	0.03460	0.08122	0.01267	0.00346	0.00665	0.01467	0.00889	0.01079
14	0.01947	0.02389	0.09591	0.09536	0.04520	0.02114	0.51498	0.02672	0.01963	0.02672	0.01687	0.02254	0.01260	0.00737	0.00974	0.00285	0.01393	0.00951	0.00420	0.01138
15	0.02522	0.33816	0.08400	0.02014	0.05202	0.26001	0.01735	0.02836	0.01962	0.02123	0.01272	0.01526	0.01105	0.00840	0.00808	0.00218	0.05624	0.00535	0.00394	0.01068
16	0.01088	0.00778	0.01041	0.01207	0.01288	0.00732	0.00846	0.01289	0.01753	0.02355	0.11766	0.56406	0.05846	0.02526	0.01085	0.00341	0.00510	0.07623	0.00807	0.00713
17	0.01175	0.00957	0.01066	0.01104	0.01381	0.00879	0.00883	0.01581	0.05985	0.02447	0.07201	0.08229	0.44738	0.02141	0.01041	0.00315	0.00540	0.16767	0.00794	0.00777
18	0.02429	0.02058	0.01987	0.01711	0.02172	0.10130	0.01336	0.28005	0.13272	0.03771	0.03233	0.15904	0.07405	0.01438	0.00901	0.00277	0.00841	0.01178	0.00785	0.01166
19	0.01938	0.01039	0.01331	0.01161	0.01514	0.00919	0.00905	0.02282	0.02325	0.21518	0.35367	0.05693	0.17348	0.01618	0.00960	0.00270	0.00503	0.01387	0.00942	0.00977
20	0.02106	0.02022	0.03454	0.05223	0.64784	0.02022	0.02612	0.02612	0.01938	0.02780	0.01601	0.02106	0.01348	0.00758	0.00842	0.00253	0.01011	0.00758	0.00421	0.01348
21	0.01155	0.00868	0.01070	0.01019	0.01241	0.00782	0.00764	0.01511	0.02293	0.03138	0.50593	0.06809	0.21942	0.01842	0.01004	0.00273	0.00409	0.01602	0.00901	0.00782
22	0.01707	0.04402	0.65683	0.02426	0.03683	0.01976	0.03144	0.02695	0.01797	0.02695	0.01527	0.01797	0.01078	0.00809	0.00809	0.00270	0.01258	0.00629	0.00359	0.01258
23	0.01006	0.00862	0.00862	0.00862	0.01149	0.00718	0.00647	0.01221	0.01940	0.02299	0.08621	0.08190	0.64438	0.02155	0.01006	0.00287	0.00431	0.01796	0.00790	0.00718
24	0.02986	0.01494	0.01767	0.01411	0.01936	0.01476	0.01147	0.18656	0.02648	0.30699	0.02836	0.02757	0.01956	0.01026	0.00775	0.00241	0.00680	0.00813	0.23446	0.01249
25	0.02043	0.01957	0.03340	0.13201	0.57301	0.02005	0.02580	0.02556	0.01908	0.02703	0.01590	0.02127	0.01321	0.00770	0.00844	0.00257	0.01027	0.00758	0.00416	0.01297
26	0.01523	0.01356	0.02068	0.14939	0.06732	0.01700	0.01634	0.01861	0.01454	0.02087	0.01774	0.02656	0.01612	0.03622	0.32412	0.00816	0.19630	0.00827	0.00416	0.00881
27	0.01231	0.00851	0.01059	0.01059	0.01105	0.00896	0.00679	0.01322	0.01276	0.01747	0.02561	0.04905	0.02805	0.51079	0.22950	0.00987	0.01259	0.01140	0.00498	0.00589
28	0.01927	0.01599	0.01688	0.01498	0.01941	0.01751	0.01170	0.11291	0.35907	0.03458	0.07462	0.04518	0.19334	0.01433	0.00908	0.00283	0.00631	0.01187	0.00847	0.01166
29	0.01186	0.00833	0.00913	0.00913	0.00977	0.00801	0.00545	0.01234	0.01394	0.01794	0.04001	0.06151	0.16726	0.54995	0.03592	0.00706	0.00737	0.01362	0.00577	0.00561
30	0.01992	0.02081	0.03428	0.08346	0.16832	0.05059	0.18106	0.02421	0.01710	0.02402	0.01424	0.02049	0.01215	0.01046	0.01648	0.00310	0.27637	0.00810	0.00402	0.01084
31	0.01235	0.00899	0.01349	0.01349	0.01490	0.01040	0.01040	0.01490	0.01349	0.01939	0.02221	0.03288	0.02080	0.06132	0.62086	0.06768	0.02167	0.00899	0.00450	0.00731
32	0.01494	0.01261	0.01541	0.01474	0.01650	0.05995	0.01138	0.04450	0.01551	0.02118	0.02157	0.03235	0.02034	0.10471	0.49942	0.01128	0.06195	0.00894	0.00472	0.00799
33	0.02424	0.43986	0.03614	0.01676	0.02283	0.18475	0.01496	0.02686	0.01866	0.02086	0.01236	0.01474	0.01108	0.00812	0.00771	0.00201	0.05983	0.00503	0.00394	0.06928
34	0.01049	0.00777	0.00983	0.01142	0.01246	0.00712	0.00793	0.01223	0.01708	0.02217	0.05452	0.54278	0.17131	0.02549	0.01075	0.00337	0.00497	0.05339	0.00790	0.00702

[dist]
# distance from previous block
# <min> <max>
0	1

[block]
# block no. 3 follows, 21 sequences, length 48
# corresponding to MSA columns:
# 478-525
name=unknown_D
#
# <colnr> <probs for GDERKNQSTAVLIFYWHMCP>
#	G	D	E	R	K	N	Q	S	T	A	V	L	I	F	Y	W	H	M	C	P
0	0.01908	0.03205	0.34388	0.03833	0.34411	0.01999	0.02876	0.02653	0.01868	0.02738	0.01564	0.01952	0.01214	0.00783	0.00826	0.00261	0.01134	0.00694	0.00390	0.01303
1	0.01707	0.04402	0.65683	0.02426	0.03683	0.01976	0.03144	0.02695	0.01797	0.02695	0.01527	0.01797	0.01078	0.00809	0.00809	0.00270	0.01258	0.00629	0.00359	0.01258
2	0.02208	0.13300	0.02611	0.01855	0.02160	0.09569	0.01550	0.11567	0.01965	0.02653	0.01544	0.02020	0.01346	0.01623	0.07489	0.00381	0.27507	0.00698	0.06938	0.01017
3	0.01875	0.20308	0.46187	0.02398	0.07858	0.02318	0.02695	0.02653	0.01791	0.02533	0.01449	0.01715	0.01101	0.00785	0.00747	0.00247	0.01155	0.00596	0.00365	0.01224
4	0.01207	0.00806	0.00932	0.01002	0.01104	0.00769	0.00672	0.01373	0.01594	0.02216	0.04313	0.25265	0.13287	0.23895	0.02032	0.00467	0.00586	0.04207	0.13612	0.00661
5	0.01205	0.00926	0.01104	0.01143	0.01372	0.00834	0.00876	0.01442	0.01788	0.02300	0.05504	0.17223	0.25770	0.11201	0.01474	0.00382	0.00604	0.16932	0.00727	0.07193
6	0.14713	0.01512	0.01625	0.01294	0.01916	0.01368	0.01039	0.02448	0.09844	0.03021	0.02269	0.02677	0.05022	0.00908	0.00695	0.00195	0.00639	0.03938	0.00587	0.44293
7	0.02619	0.07392	0.02345	0.01766	0.02381	0.27413	0.01398	0.13318	0.02416	0.02909	0.01507	0.01696	0.01217	0.00804	0.00718	0.00190	0.01061	0.00565	0.00531	0.27754
8	0.01149	0.00836	0.00926	0.00931	0.01042	0.00782	0.00594	0.01257	0.01573	0.02019	0.09292	0.09912	0.23458	0.39397	0.02833	0.00584	0.00648	0.01504	0.00651	0.00612
9	0.02223	0.03371	0.25542	0.03483	0.27748	0.17713	0.02568	0.02833	0.02002	0.02580	0.01505	0.01856	0.01190	0.00805	0.00812	0.00251	0.01227	0.00661	0.00403	0.01228
10	0.02415	0.02654	0.05194	0.14236	0.22188	0.22508	0.02066	0.09429	0.02276	0.02719	0.01918	0.02259	0.04609	0.00918	0.00828	0.00250	0.01168	0.00743	0.00485	0.01139
11	0.01178	0.00800	0.00946	0.01004	0.01019	0.00785	0.00597	0.01222	0.01354	0.01805	0.03277	0.24548	0.03846	0.50087	0.03369	0.00683	0.00727	0.01588	0.00597	0.00568
12	0.01053	0.00833	0.00955	0.01041	0.01239	0.00735	0.00767	0.01263	0.01837	0.02281	0.06883	0.29077	0.38632	0.02347	0.01050	0.00317	0.00487	0.07698	0.00790	0.00716
13	0.06049	0.24362	0.32877	0.02194	0.06513	0.09581	0.02311	0.02713	0.01834	0.02480	0.01384	0.01631	0.01092	0.00788	0.00710	0.00236	0.01136	0.00565	0.00382	0.01164
14	0.01068	0.00842	0.00974	0.01062	0.01264	0.00748	0.00795	0.01288	0.01848	0.02296	0.06828	0.27120	0.37898	0.02339	0.01055	0.00320	0.00501	0.10245	0.00789	0.00720
15	0.01006	0.00862	0.00862	0.00862	0.01149	0.00718	0.00647	0.01221	0.01940	0.02299	0.08621	0.08190	0.64438	0.02155	0.01006	0.00287	0.00431	0.01796	0.00790	0.00718
