[name]
unknown

[dist]
# distance from previous block
# <min> <max>
4	5

[block]
# block no. 0 follows, 22 sequences, length 11
# corresponding to MSA columns:
# 5-15
name=unknown_A
#
# <colnr> <probs for GDERKNQSTAVLIFYWHMCP>
#	G	D	E	R	K	N	Q	S	T	A	V	L	I	F	Y	W	H	M	C	P
0	0.01642	0.01450	0.02013	0.24384	0.12027	0.01582	0.01623	0.07409	0.09076	0.02669	0.03994	0.04143	0.22073	0.01278	0.00880	0.00272	0.00800	0.01090	0.00599	0.00994
1	0.02061	0.02728	0.16035	0.13801	0.27646	0.15102	0.02342	0.02593	0.01920	0.02445	0.01787	0.02173	0.04059	0.00849	0.00809	0.00250	0.01134	0.00718	0.00412	0.01137
2	0.01302	0.01039	0.01530	0.01927	0.14611	0.00993	0.01146	0.01629	0.01991	0.02782	0.30860	0.27644	0.05667	0.01814	0.00975	0.00285	0.00547	0.01643	0.00760	0.00856
3	0.07665	0.02705	0.02104	0.02072	0.08458	0.35249	0.01453	0.03030	0.02216	0.13667	0.06663	0.02598	0.06578	0.01023	0.00790	0.00236	0.01093	0.00762	0.00598	0.01041
4	0.01540	0.01208	0.01367	0.01318	0.01595	0.01260	0.00981	0.09375	0.17423	0.02967	0.10603	0.29337	0.13950	0.01878	0.00959	0.00297	0.00558	0.01636	0.00811	0.00936
5	0.01729	0.01127	0.01511	0.15209	0.02324	0.01152	0.01151	0.02175	0.06237	0.13692	0.13641	0.10304	0.13604	0.10863	0.01361	0.00349	0.00683	0.01262	0.00725	0.00900
6	0.05563	0.01285	0.01741	0.12276	0.12349	0.01306	0.01369	0.02156	0.06233	0.08208	0.08766	0.04970	0.23785	0.01440	0.00897	0.00277	0.00692	0.05052	0.00675	0.00960
7	0.02503	0.07379	0.06046	0.08200	0.12497	0.18504	0.01817	0.19149	0.04960	0.03096	0.01693	0.01978	0.01336	0.01267	0.05690	0.00319	0.01189	0.00683	0.00539	0.01156
8	0.01910	0.01315	0.01543	0.01288	0.01761	0.01180	0.00999	0.11418	0.02141	0.11000	0.03652	0.19670	0.12615	0.01451	0.00844	0.00237	0.00610	0.01234	0.00726	0.24407
9	0.01126	0.00783	0.00919	0.00979	0.01020	0.00755	0.00599	0.01190	0.01389	0.01828	0.03749	0.26126	0.09305	0.43203	0.02941	0.00611	0.00669	0.01620	0.00612	0.00575
10	0.01409	0.01081	0.01253	0.01141	0.01438	0.00976	0.00828	0.06092	0.01770	0.02415	0.03740	0.19410	0.12938	0.18455	0.01695	0.00385	0.00631	0.04496	0.00642	0.19203

[dist]
# distance from previous block
# <min> <max>
2	5

[block]
# block no. 1 follows, 22 sequences, length 12
# corresponding to MSA columns:
# 21-32
name=unknown_B
#
# <colnr> <probs for GDERKNQSTAVLIFYWHMCP>
#	G	D	E	R	K	N	Q	S	T	A	V	L	I	F	Y	W	H	M	C	P
0	0.12450	0.02120	0.10382	0.15026	0.36596	0.01936	0.04781	0.02476	0.01772	0.02744	0.01487	0.01956	0.01188	0.00764	0.00783	0.00257	0.01004	0.00694	0.00412	0.01172
1	0.01187	0.00879	0.01122	0.01156	0.01331	0.00840	0.00865	0.01607	0.05509	0.02836	0.34201	0.24182	0.10276	0.02012	0.01014	0.00299	0.00477	0.08587	0.00844	0.00776
2	0.01831	0.02019	0.04225	0.03105	0.03780	0.01959	0.50094	0.02421	0.01860	0.02541	0.01994	0.10666	0.01774	0.00997	0.01129	0.00294	0.06671	0.01132	0.00459	0.01048
3	0.02059	0.01731	0.01822	0.01611	0.02080	0.01956	0.01261	0.10866	0.49323	0.03528	0.03845	0.03579	0.10207	0.01233	0.00861	0.00278	0.00658	0.01018	0.00834	0.01250
4	0.11092	0.01287	0.01374	0.01216	0.01503	0.01393	0.00908	0.16552	0.02015	0.03017	0.02587	0.03660	0.05866	0.23608	0.11241	0.00573	0.00940	0.00938	0.09376	0.00852
5	0.01065	0.00845	0.00956	0.00928	0.01173	0.00737	0.00696	0.01352	0.02089	0.02708	0.32641	0.07231	0.40770	0.01931	0.00981	0.00272	0.00408	0.01646	0.00832	0.00737
6	0.34062	0.01868	0.01616	0.05382	0.02065	0.09804	0.01138	0.11661	0.02001	0.03466	0.01570	0.01801	0.01217	0.00832	0.00630	0.00230	0.00778	0.00573	0.11108	0.08196
7	0.01905	0.01820	0.03100	0.24816	0.47083	0.01934	0.02475	0.02417	0.01820	0.02531	0.01536	0.02105	0.01251	0.00768	0.00825	0.00256	0.01024	0.00740	0.00398	0.01194
8	0.02099	0.35017	0.03041	0.01699	0.06125	0.10502	0.01368	0.02647	0.09356	0.02421	0.09103	0.02361	0.02154	0.01135	0.03387	0.00257	0.00911	0.00695	0.04687	0.01037
9	0.02031	0.03122	0.29630	0.02427	0.11763	0.09948	0.02216	0.07358	0.02012	0.02792	0.01512	0.01777	0.01161	0.00767	0.00752	0.00221	0.01062	0.00605	0.00440	0.18405
10	0.37950	0.01967	0.10896	0.05310	0.11822	0.01748	0.01557	0.02605	0.01716	0.10640	0.05376	0.02022	0.01547	0.00858	0.00681	0.00258	0.00793	0.00640	0.00553	0.01063
11	0.02122	0.02097	0.02362	0.02817	0.22918	0.16511	0.01722	0.08996	0.02031	0.02574	0.01770	0.02329	0.01527	0.02638	0.23201	0.00605	0.01510	0.00745	0.00473	0.01054

[dist]
# distance from previous block
# <min> <max>
2	51

[block]
# block no. 2 follows, 22 sequences, length 128
# corresponding to MSA columns:
# 84-211
name=unknown_C
#
# <colnr> <probs for GDERKNQSTAVLIFYWHMCP>
#	G	D	E	R	K	N	Q	S	T	A	V	L	I	F	Y	W	H	M	C	P
0	0.02288	0.33648	0.07176	0.01757	0.02391	0.05080	0.04355	0.15118	0.02141	0.02760	0.01450	0.01714	0.01213	0.01148	0.04552	0.00282	0.07115	0.00598	0.00473	0.04740
1	0.02169	0.02029	0.02287	0.07625	0.20209	0.16358	0.01698	0.02563	0.04349	0.08559	0.02389	0.17512	0.02300	0.01278	0.00968	0.00271	0.04742	0.01078	0.00568	0.01049
2	0.02040	0.02259	0.02005	0.01823	0.02117	0.28214	0.04720	0.02320	0.01782	0.02015	0.01758	0.02419	0.01575	0.03508	0.33550	0.00774	0.05085	0.00743	0.00433	0.00861
3	0.09244	0.36561	0.29972	0.01784	0.02691	0.02582	0.02058	0.02543	0.01689	0.02409	0.01295	0.01510	0.01044	0.00749	0.00638	0.00221	0.01006	0.00516	0.00369	0.01117
4	0.01903	0.32849	0.40019	0.01965	0.02972	0.02508	0.02367	0.02570	0.01726	0.02343	0.01348	0.01574	0.01058	0.00756	0.00680	0.00227	0.01083	0.00542	0.00353	0.01159
5	0.01012	0.00723	0.00964	0.01157	0.01205	0.00675	0.00771	0.01157	0.01591	0.02121	0.04579	0.70262	0.05495	0.02603	0.01060	0.00337	0.00482	0.02362	0.00771	0.00675
6	0.02886	0.02844	0.05568	0.02250	0.02902	0.20228	0.11500	0.34283	0.03076	0.03833	0.01728	0.01888	0.01279	0.00902	0.00831	0.00245	0.01166	0.00722	0.00634	0.01235
7	0.01208	0.00805	0.00906	0.00906	0.00906	0.00805	0.00503	0.01208	0.01208	0.01611	0.02618	0.05436	0.03020	0.70804	0.04228	0.00805	0.00805	0.01208	0.00503	0.00503
8	0.01012	0.00723	0.00964	0.01157	0.01205	0.00675	0.00771	0.01157	0.01591	0.02121	0.04579	0.70262	0.05495	0.02603	0.01060	0.00337	0.00482	0.02362	0.00771	0.00675
9	0.02635	0.24077	0.07709	0.01852	0.02473	0.24893	0.01625	0.13856	0.08405	0.02772	0.01592	0.01712	0.01272	0.00859	0.00710	0.00220	0.01104	0.00591	0.00513	0.01130
10	0.02854	0.22965	0.02918	0.01937	0.02445	0.49356	0.01553	0.03083	0.02166	0.02011	0.01248	0.01451	0.01069	0.00815	0.00688	0.00204	0.01326	0.00509	0.00408	0.00992
11	0.02209	0.30691	0.24023	0.02148	0.07412	0.15841	0.02077	0.02708	0.01860	0.02246	0.01320	0.01557	0.01081	0.00768	0.00682	0.00218	0.01130	0.00540	0.00373	0.01116
12	0.00982	0.00842	0.00842	0.00842	0.01122	0.00701	0.00631	0.01192	0.01894	0.02244	0.08416	0.07995	0.65285	0.02104	0.00982	0.00281	0.00421	0.01753	0.00771	0.00701
13	0.02056	0.01974	0.03372	0.05099	0.65622	0.01974	0.02550	0.02550	0.01892	0.02714	0.01563	0.02056	0.01316	0.00740	0.00822	0.00247	0.00987	0.00740	0.00411	0.01316
14	0.01847	0.06979	0.02679	0.02125	0.02177	0.02600	0.01788	0.02036	0.01303	0.01996	0.01095	0.01782	0.01089	0.01399	0.02563	0.00350	0.64203	0.00706	0.00363	0.00920
15	0.03106	0.03890	0.02360	0.02130	0.02569	0.64706	0.01604	0.05852	0.02420	0.02170	0.01314	0.01519	0.01085	0.00862	0.00753	0.00216	0.01473	0.00544	0.00445	0.00982
16	0.01009	0.00735	0.00951	0.01125	0.01196	0.00677	0.00757	0.01160	0.01621	0.02133	0.04970	0.63917	0.11587	0.02552	0.01052	0.00332	0.00476	0.02300	0.00771	0.00677
17	0.01478	0.01291	0.01784	0.01619	0.01665	0.01668	0.01267	0.01653	0.01277	0.01886	0.01802	0.03115	0.01850	0.19157	0.23308	0.00770	0.32336	0.00890	0.00422	0.00762
18	0.01889	0.01804	0.03071	0.26891	0.45133	0.01930	0.02467	0.02403	0.01813	0.02512	0.01533	0.02110	0.01245	0.00771	0.00825	0.00257	0.01028	0.00740	0.00397	0.01181
19	0.01012	0.00723	0.00964	0.01157	0.01205	0.00675	0.00771	0.01157	0.01591	0.02121	0.04579	0.70262	0.05495	0.02603	0.01060	0.00337	0.00482	0.02362	0.00771	0.00675
20	0.02047	0.02000	0.03521	0.04943	0.59651	0.01986	0.08402	0.02560	0.01898	0.02709	0.01574	0.02074	0.01310	0.00736	0.00838	0.00250	0.01027	0.00764	0.00412	0.01297
21	0.01549	0.00774	0.00774	0.00774	0.00968	0.00774	0.00581	0.01936	0.01742	0.03097	0.02710	0.03097	0.02129	0.00968	0.00581	0.00194	0.00387	0.00774	0.75416	0.00774
22	0.01032	0.00848	0.00918	0.00958	0.01209	0.00734	0.00737	0.01261	0.01874	0.02268	0.07589	0.12806	0.52682	0.02167	0.01010	0.00299	0.00472	0.09660	0.00771	0.00708
23	0.01666	0.04297	0.66500	0.02368	0.03596	0.01929	0.03069	0.02631	0.01754	0.02631	0.01491	0.01754	0.01052	0.00789	0.00789	0.00263	0.01228	0.00614	0.00351	0.01228
24	0.01961	0.02241	0.04902	0.03501	0.04342	0.02101	0.62605	0.02661	0.01961	0.02661	0.01681	0.02241	0.01261	0.00700	0.00980	0.00280	0.01401	0.00980	0.00420	0.01120
25	0.02056	0.01974	0.03372	0.05099	0.65622	0.01974	0.02550	0.02550	0.01892	0.02714	0.01563	0.02056	0.01316	0.00740	0.00822	0.00247	0.00987	0.00740	0.00411	0.01316
26	0.02056	0.01974	0.03372	0.05099	0.65622	0.01974	0.02550	0.02550	0.01892	0.02714	0.01563	0.02056	0.01316	0.00740	0.00822	0.00247	0.00987	0.00740	0.00411	0.01316
27	0.01017	0.00843	0.00890	0.00878	0.01144	0.00716	0.00659	0.01260	0.01976	0.02440	0.18654	0.07672	0.54925	0.02031	0.00981	0.00277	0.00416	0.01708	0.00797	0.00716
28	0.02049	0.01994	0.03486	0.04980	0.61070	0.01983	0.07011	0.02558	0.01897	0.02710	0.01571	0.02070	0.01312	0.00737	0.00834	0.00249	0.01018	0.00758	0.00412	0.01301
29	0.02844	0.02340	0.02306	0.01872	0.02458	0.09045	0.01507	0.40294	0.20741	0.04412	0.02313	0.02256	0.01695	0.01020	0.00827	0.00255	0.00901	0.00780	0.00794	0.01339
30	0.02221	0.71304	0.04353	0.01421	0.02132	0.03287	0.01421	0.02488	0.01688	0.01955	0.01155	0.01333	0.01066	0.00711	0.00533	0.00178	0.00888	0.00444	0.00355	0.01066
31	0.01569	0.01477	0.02492	0.68808	0.05722	0.01846	0.02307	0.02123	0.01661	0.02123	0.01477	0.02215	0.01107	0.00831	0.00831	0.00277	0.01107	0.00738	0.00369	0.00923
32	0.00982	0.00842	0.00842	0.00842	0.01122	0.00701	0.00631	0.01192	0.01894	0.02244	0.08416	0.07995	0.65285	0.02104	0.00982	0.00281	0.00421	0.01753	0.00771	0.00701
33	0.01109	0.00847	0.01018	0.00975	0.01200	0.00755	0.00731	0.01438	0.02193	0.02956	0.45585	0.06823	0.27672	0.01838	0.00981	0.00268	0.00402	0.01589	0.00865	0.00755
34	0.01187	0.00890	0.01335	0.01335	0.01483	0.01038	0.01038	0.01483	0.01335	0.01928	0.02225	0.03264	0.02077	0.06231	0.67512	0.01335	0.02225	0.00890	0.00445	0.00742
35	0.02052	0.01985	0.03438	0.05031	0.62995	0.01979	0.05124	0.02554	0.01895	0.02712	0.01568	0.02064	0.01314	0.00738	0.00829	0.00248	0.01005	0.00750	0.00412	0.01308
36	0.02134	0.02121	0.03296	0.04879	0.60938	0.06839	0.02479	0.02607	0.01926	0.02663	0.01542	0.02015	0.01298	0.00749	0.00817	0.00244	0.01025	0.00725	0.00412	0.01290
37	0.00982	0.00842	0.00842	0.00842	0.01122	0.00701	0.00631	0.01192	0.01894	0.02244	0.08416	0.07995	0.65285	0.02104	0.00982	0.00281	0.00421	0.01753	0.00771	0.00701
38	0.01012	0.00723	0.00964	0.01157	0.01205	0.00675	0.00771	0.01157	0.01591	0.02121	0.04579	0.70262	0.05495	0.02603	0.01060	0.00337	0.00482	0.02362	0.00771	0.00675
39	0.02056	0.01974	0.03372	0.05099	0.65622	0.01974	0.02550	0.02550	0.01892	0.02714	0.01563	0.02056	0.01316	0.00740	0.00822	0.00247	0.00987	0.00740	0.00411	0.01316
40	0.02180	0.66327	0.08970	0.01492	0.02241	0.03186	0.01544	0.02498	0.01693	0.02005	0.01180	0.01364	0.01065	0.00717	0.00552	0.00184	0.00914	0.00457	0.00355	0.01078
41	0.01044	0.00746	0.01000	0.01193	0.01255	0.00702	0.00826	0.01212	0.01622	0.02156	0.04561	0.64329	0.05425	0.02573	0.01069	0.00342	0.00510	0.07981	0.00771	0.00684
42	0.01012	0.00723	0.00964	0.01157	0.01205	0.00675	0.00771	0.01157	0.01591	0.02121	0.04579	0.70262	0.05495	0.02603	0.01060	0.00337	0.00482	0.02362	0.00771	0.00675
43	0.02158	0.02167	0.03273	0.04811	0.59478	0.08356	0.02458	0.02624	0.01937	0.02648	0.01535	0.02002	0.01292	0.00751	0.00815	0.00244	0.01037	0.00720	0.00413	0.01282
44	0.01821	0.06072	0.42523	0.03266	0.24756	0.01997	0.02828	0.02598	0.01798	0.02633	0.01503	0.01841	0.01143	0.00769	0.00791	0.00254	0.01132	0.00651	0.00372	0.01252
45	0.02056	0.01974	0.03372	0.05099	0.65622	0.01974	0.02550	0.02550	0.01892	0.02714	0.01563	0.02056	0.01316	0.00740	0.00822	0.00247	0.00987	0.00740	0.00411	0.01316
46	0.01734	0.07524	0.50109	0.02333	0.03318	0.02111	0.05310	0.02522	0.01681	0.02493	0.01416	0.01762	0.01068	0.00888	0.01096	0.00275	0.12202	0.00638	0.00356	0.01163
47	0.02977	0.03230	0.02531	0.02476	0.11095	0.40302	0.01725	0.20015	0.02730	0.03029	0.01522	0.01714	0.01200	0.00880	0.00782	0.00228	0.01264	0.00623	0.00539	0.01138
48	0.01181	0.00798	0.00932	0.00972	0.00987	0.00790	0.00580	0.01220	0.01299	0.01729	0.03011	0.16286	0.03497	0.56881	0.03586	0.00712	0.00750	0.03691	0.00558	0.00542
49	0.01377	0.15220	0.01756	0.01110	0.01416	0.01290	0.00905	0.01733	0.02189	0.02985	0.48726	0.05319	0.09895	0.01521	0.00889	0.00245	0.00495	0.01302	0.00792	0.00836
50	0.03611	0.01600	0.02043	0.01566	0.02214	0.01497	0.01294	0.16043	0.02689	0.53763	0.03016	0.02658	0.01925	0.01022	0.00835	0.00255	0.00749	0.00818	0.00988	0.01414
51	0.02653	0.38471	0.03389	0.01758	0.02345	0.30894	0.01509	0.06191	0.02098	0.02170	0.01257	0.01441	0.01087	0.00789	0.00643	0.00197	0.01152	0.00500	0.00413	0.01041
52	0.01856	0.27217	0.45242	0.02044	0.03095	0.02394	0.02506	0.02582	0.01731	0.02400	0.01376	0.01610	0.01057	0.00762	0.00702	0.00234	0.01112	0.00556	0.00352	0.01172
53	0.01204	0.00861	0.01178	0.01332	0.01475	0.00835	0.01065	0.01507	0.01867	0.02485	0.13329	0.29631	0.05470	0.02313	0.01093	0.00349	0.00614	0.31866	0.00789	0.00737
54	0.01141	0.00848	0.01062	0.01009	0.01220	0.00769	0.00756	0.01500	0.02269	0.03136	0.54970	0.06527	0.18175	0.01771	0.00980	0.00265	0.00397	0.01548	0.00889	0.00769
55	0.02077	0.03286	0.33859	0.02355	0.03183	0.06091	0.08564	0.13427	0.02116	0.02959	0.01520	0.01843	0.01146	0.00936	0.01147	0.00277	0.12892	0.00690	0.00451	0.01180
56	0.01188	0.00797	0.00912	0.00931	0.00936	0.00792	0.00531	0.01203	0.01247	0.01662	0.02816	0.12009	0.03271	0.63889	0.03907	0.00758	0.00773	0.01325	0.00531	0.00521
57	0.01055	0.00741	0.00951	0.01102	0.01140	0.00703	0.00713	0.01168	0.01507	0.02010	0.04153	0.56183	0.04957	0.17415	0.01748	0.00439	0.00552	0.02111	0.00713	0.00638
58	0.01187	0.00890	0.01335	0.01335	0.01483	0.01038	0.01038	0.01483	0.01335	0.01928	0.02225	0.03264	0.02077	0.06231	0.67512	0.01335	0.02225	0.00890	0.00445	0.00742
59	0.00982	0.00842	0.00842	0.00842	0.01122	0.00701	0.00631	0.01192	0.01894	0.02244	0.08416	0.07995	0.65285	0.02104	0.00982	0.00281	0.00421	0.01753	0.00771	0.00701
60	0.01051	0.00752	0.01003	0.01163	0.01238	0.00704	0.00804	0.01241	0.01706	0.02296	0.12326	0.58687	0.05755	0.02470	0.01055	0.00330	0.00486	0.05449	0.00789	0.00694
61	0.01228	0.01018	0.01099	0.01063	0.01359	0.00974	0.00815	0.01863	0.13195	0.02665	0.17062	0.06871	0.41172	0.01867	0.00965	0.00282	0.00475	0.04387	0.00809	0.00829
62	0.01192	0.00870	0.01233	0.01233	0.01346	0.00983	0.00911	0.01418	0.01305	0.01853	0.02319	0.03782	0.02302	0.21650	0.52401	0.01209	0.01886	0.00966	0.00459	0.00685
63	0.03103	0.03959	0.02354	0.02140	0.02568	0.67469	0.01605	0.03317	0.02354	0.02033	0.01284	0.01498	0.01070	0.00856	0.00749	0.00214	0.01498	0.00535	0.00428	0.00963
64	0.02221	0.71304	0.04353	0.01421	0.02132	0.03287	0.01421	0.02488	0.01688	0.01955	0.01155	0.01333	0.01066	0.00711	0.00533	0.00178	0.00888	0.00444	0.00355	0.01066
65	0.01012	0.00723	0.00964	0.01157	0.01205	0.00675	0.00771	0.01157	0.01591	0.02121	0.04579	0.70262	0.05495	0.02603	0.01060	0.00337	0.00482	0.02362	0.00771	0.00675
66	0.01187	0.00890	0.01335	0.01335	0.01483	0.01038	0.01038	0.01483	0.01335	0.01928	0.02225	0.03264	0.02077	0.06231	0.67512	0.01335	0.02225	0.00890	0.00445	0.00742
67	0.01365	0.01152	0.01676	0.01574	0.01680	0.01463	0.01258	0.01629	0.01317	0.01948	0.01905	0.02856	0.01798	0.04883	0.49229	0.01061	0.21150	0.00844	0.00422	0.00789
68	0.01012	0.00723	0.00964	0.01157	0.01205	0.00675	0.00771	0.01157	0.01591	0.02121	0.04579	0.70262	0.05495	0.02603	0.01060	0.00337	0.00482	0.02362	0.00771	0.00675
69	0.02221	0.71304	0.04353	0.01421	0.02132	0.03287	0.01421	0.02488	0.01688	0.01955	0.01155	0.01333	0.01066	0.00711	0.00533	0.00178	0.00888	0.00444	0.00355	0.01066
70	0.00982	0.00842	0.00842	0.00842	0.01122	0.00701	0.00631	0.01192	0.01894	0.02244	0.08416	0.07995	0.65285	0.02104	0.00982	0.00281	0.00421	0.01753	0.00771	0.00701
71	0.02167	0.01371	0.01435	0.01211	0.01586	0.01467	0.00964	0.25347	0.02574	0.03919	0.02435	0.02673	0.01854	0.00979	0.00677	0.00215	0.00590	0.00764	0.46751	0.01020
72	0.02722	0.01926	0.02055	0.01624	0.02156	0.02111	0.01316	0.47009	0.03315	0.04598	0.02175	0.02410	0.01648	0.04862	0.00968	0.00269	0.00801	0.00779	0.16027	0.01232
73	0.03018	0.03822	0.02362	0.05837	0.02743	0.63831	0.01644	0.03251	0.02316	0.02038	0.01295	0.01538	0.01072	0.00855	0.00754	0.00218	0.01476	0.00546	0.00425	0.00961
74	0.01208	0.00805	0.00906	0.00906	0.00906	0.00805	0.00503	0.01208	0.01208	0.01611	0.02618	0.05436	0.03020	0.70804	0.04228	0.00805	0.00805	0.01208	0.00503	0.00503
75	0.01197	0.00807	0.00903	0.00903	0.00917	0.00800	0.00510	0.01207	0.01242	0.01642	0.02906	0.05564	0.06115	0.67390	0.04067	0.00779	0.00786	0.01235	0.00517	0.00513
76	0.02571	0.01905	0.02056	0.01663	0.02153	0.02095	0.01311	0.42211	0.09420	0.04221	0.02393	0.06521	0.02047	0.13857	0.01466	0.00359	0.00844	0.00941	0.00769	0.01196
77	0.01365	0.01152	0.01676	0.01574	0.01680	0.01463	0.01258	0.01629	0.01317	0.01948	0.01905	0.02856	0.01798	0.04883	0.49229	0.01061	0.21150	0.00844	0.00422	0.00789
78	0.01208	0.00805	0.00906	0.00906	0.00906	0.00805	0.00503	0.01208	0.01208	0.01611	0.02618	0.05436	0.03020	0.70804	0.04228	0.00805	0.00805	0.01208	0.00503	0.00503
79	0.01187	0.00890	0.01335	0.01335	0.01483	0.01038	0.01038	0.01483	0.01335	0.01928	0.02225	0.03264	0.02077	0.06231	0.67512	0.01335	0.02225	0.00890	0.00445	0.00742
80	0.02418	0.07907	0.03024	0.02787	0.14022	0.28251	0.08843	0.02735	0.01924	0.02215	0.01325	0.01746	0.01141	0.00946	0.01233	0.00260	0.17118	0.00661	0.00404	0.01040
81	0.02519	0.02892	0.02488	0.21164	0.08119	0.36601	0.01885	0.06145	0.02146	0.02285	0.01387	0.01788	0.01119	0.00884	0.00900	0.00245	0.05374	0.00631	0.00429	0.01000
82	0.01313	0.00842	0.01101	0.01101	0.01251	0.00925	0.00830	0.01611	0.01462	0.02297	0.02429	0.03418	0.02187	0.10723	0.38451	0.00893	0.01458	0.00881	0.26095	0.00730
83	0.01050	0.00835	0.00943	0.00935	0.01169	0.00728	0.00694	0.01318	0.02028	0.02607	0.27549	0.12008	0.41194	0.02002	0.00987	0.00278	0.00415	0.01713	0.00820	0.00728
84	0.01246	0.00869	0.01078	0.01062	0.01109	0.00938	0.00698	0.01347	0.01269	0.01779	0.02458	0.04622	0.02657	0.48254	0.19819	0.00889	0.04114	0.01087	0.04112	0.00594
85	0.03158	0.02327	0.02493	0.01911	0.02576	0.02576	0.01579	0.62852	0.03906	0.05236	0.01995	0.01995	0.01413	0.00997	0.00831	0.00249	0.00914	0.00748	0.00831	0.01413
86	0.18923	0.01851	0.02860	0.10614	0.42393	0.01941	0.04708	0.02486	0.01763	0.02881	0.01467	0.01920	0.01198	0.00755	0.00760	0.00254	0.00939	0.00684	0.00431	0.01173
87	0.02130	0.02308	0.02685	0.33184	0.20635	0.20401	0.02173	0.02572	0.01918	0.02253	0.01445	0.01971	0.01152	0.00814	0.00805	0.00251	0.01186	0.00681	0.00397	0.01038
88	0.01187	0.00890	0.01335	0.01335	0.01483	0.01038	0.01038	0.01483	0.01335	0.01928	0.02225	0.03264	0.02077	0.06231	0.67512	0.01335	0.02225	0.00890	0.00445	0.00742
89	0.01141	0.00777	0.00926	0.00992	0.01008	0.00761	0.00595	0.01191	0.01339	0.01785	0.03288	0.27610	0.03867	0.47476	0.03145	0.00645	0.00695	0.01603	0.00595	0.00562
90	0.02315	0.03492	0.20184	0.01970	0.02597	0.36932	0.01843	0.02740	0.02102	0.02240	0.02629	0.02742	0.12646	0.01062	0.00802	0.00240	0.01228	0.00777	0.00468	0.00991
91	0.23865	0.03295	0.02034	0.01845	0.02297	0.48955	0.01406	0.03070	0.02089	0.02511	0.01248	0.01456	0.01022	0.00832	0.00683	0.00226	0.01257	0.00511	0.00452	0.00945
92	0.01124	0.00847	0.01039	0.00991	0.01209	0.00762	0.00743	0.01468	0.02230	0.03042	0.50096	0.06681	0.23106	0.01806	0.00980	0.00266	0.00400	0.01569	0.00876	0.00762
93	0.02663	0.03227	0.02419	0.02154	0.02436	0.45261	0.01678	0.02866	0.01984	0.02022	0.01218	0.01607	0.01077	0.01061	0.01425	0.00265	0.24685	0.00601	0.00406	0.00945
94	0.01176	0.00849	0.01110	0.01045	0.01241	0.00784	0.00784	0.01568	0.02352	0.03331	0.65184	0.06206	0.07839	0.01698	0.00980	0.00261	0.00392	0.01502	0.00914	0.00784
95	0.03103	0.03959	0.02354	0.02140	0.02568	0.67469	0.01605	0.03317	0.02354	0.02033	0.01284	0.01498	0.01070	0.00856	0.00749	0.00214	0.01498	0.00535	0.00428	0.00963
96	0.02961	0.16563	0.02858	0.01835	0.02485	0.09334	0.01550	0.44473	0.03295	0.04240	0.01751	0.01809	0.01307	0.00924	0.00762	0.00231	0.00968	0.00664	0.00693	0.01296
97	0.01037	0.00844	0.00917	0.00899	0.01156	0.00725	0.00674	0.01298	0.02023	0.02551	0.24436	0.07490	0.49073	0.01989	0.00981	0.00275	0.00413	0.01682	0.00812	0.00725
98	0.01048	0.00844	0.00934	0.00911	0.01163	0.00730	0.00683	0.01321	0.02050	0.02616	0.27834	0.07383	0.45635	0.01965	0.00981	0.00274	0.00411	0.01667	0.00820	0.00730
99	0.01826	0.01843	0.02686	0.02260	0.02310	0.02518	0.05455	0.02039	0.01313	0.02039	0.01126	0.01843	0.01101	0.01409	0.02622	0.00359	0.65221	0.00742	0.00367	0.00921
100	0.01098	0.00812	0.01026	0.01044	0.01212	0.00740	0.00756	0.01391	0.02063	0.02814	0.38899	0.24572	0.16468	0.02019	0.01003	0.00286	0.00422	0.01785	0.00851	0.00740
101	0.00982	0.00842	0.00842	0.00842	0.01122	0.00701	0.00631	0.01192	0.01894	0.02244	0.08416	0.07995	0.65285	0.02104	0.00982	0.00281	0.00421	0.01753	0.00771	0.00701
102	0.01193	0.00866	0.01214	0.01214	0.01321	0.00973	0.00887	0.01406	0.01299	0.01839	0.02336	0.03877	0.02343	0.24454	0.49653	0.01186	0.01825	0.00980	0.00462	0.00674
103	0.03240	0.02195	0.02411	0.01849	0.02510	0.02380	0.01527	0.54345	0.03685	0.14055	0.02180	0.02115	0.01506	0.01002	0.00832	0.00250	0.00884	0.00761	0.00860	0.01413
104	0.01198	0.00844	0.01101	0.01101	0.01168	0.00911	0.00746	0.01333	0.01266	0.01755	0.02439	0.04450	0.02592	0.41490	0.32957	0.01046	0.01450	0.01064	0.00477	0.00612
105	0.01259	0.00997	0.01475	0.01433	0.01564	0.01212	0.01128	0.01543	0.01328	0.01937	0.02094	0.03097	0.01963	0.05680	0.60043	0.01223	0.09956	0.00871	0.00436	0.00761
106	0.01068	0.00766	0.01014	0.01119	0.01217	0.00712	0.00776	0.01297	0.01851	0.02535	0.25309	0.48351	0.06296	0.02293	0.01033	0.00311	0.00451	0.02068	0.00820	0.00712
107	0.01208	0.00805	0.00906	0.00906	0.00906	0.00805	0.00503	0.01208	0.01208	0.01611	0.02618	0.05436	0.03020	0.70804	0.04228	0.00805	0.00805	0.01208	0.00503	0.00503
108	0.01691	0.04121	0.61238	0.02465	0.03659	0.01944	0.08155	0.02633	0.01772	0.02633	0.01507	0.01796	0.01070	0.00782	0.00806	0.00265	0.01243	0.00645	0.00357	0.01219
109	0.23868	0.03220	0.02041	0.01834	0.02297	0.45940	0.01405	0.05836	0.02161	0.02660	0.01281	0.01479	0.01038	0.00839	0.00687	0.00228	0.01230	0.00521	0.00471	0.00966
110	0.01187	0.00890	0.01335	0.01335	0.01483	0.01038	0.01038	0.01483	0.01335	0.01928	0.02225	0.03264	0.02077	0.06231	0.67512	0.01335	0.02225	0.00890	0.00445	0.00742
111	0.23159	0.02127	0.02042	0.01803	0.02046	0.15523	0.01457	0.02356	0.01538	0.02489	0.01233	0.01728	0.01106	0.01494	0.06510	0.00375	0.31064	0.00622	0.00425	0.00905
112	0.01208	0.00805	0.00906	0.00906	0.00906	0.00805	0.00503	0.01208	0.01208	0.01611	0.02618	0.05436	0.03020	0.70804	0.04228	0.00805	0.00805	0.01208	0.00503	0.00503
113	0.01110	0.00764	0.00935	0.01032	0.01056	0.00740	0.00638	0.01182	0.01400	0.01867	0.03603	0.38006	0.04263	0.36539	0.02637	0.00570	0.00643	0.01788	0.00638	0.00589
114	0.18891	0.01410	0.01455	0.01270	0.01701	0.01487	0.01007	0.09498	0.13110	0.09570	0.14879	0.04107	0.15744	0.01324	0.00820	0.00266	0.00592	0.01064	0.00784	0.01021
115	0.19894	0.01586	0.01560	0.01327	0.01772	0.05439	0.01053	0.14631	0.02274	0.12405	0.09493	0.03482	0.13539	0.01351	0.00974	0.05871	0.00699	0.00933	0.00723	0.00994
116	0.02548	0.01870	0.02878	0.03691	0.39238	0.01905	0.02080	0.09389	0.02177	0.17774	0.01975	0.02212	0.01483	0.00888	0.00968	0.00258	0.05987	0.00762	0.00597	0.01319
117	0.06769	0.02750	0.02268	0.06100	0.07267	0.33622	0.01573	0.06194	0.02312	0.20434	0.01906	0.01974	0.01377	0.00897	0.00776	0.00236	0.01143	0.00653	0.00616	0.01132
118	0.02871	0.03268	0.02449	0.07199	0.05836	0.44323	0.01711	0.13399	0.02484	0.02624	0.01423	0.01683	0.01145	0.00909	0.00891	0.00235	0.05400	0.00608	0.00489	0.01052
119	0.01496	0.01356	0.01621	0.20234	0.02661	0.06081	0.01241	0.01812	0.01751	0.02276	0.09094	0.07055	0.12427	0.12455	0.01383	0.00332	0.00792	0.01065	0.00553	0.14317
120	0.22532	0.01032	0.00999	0.00958	0.01134	0.01100	0.00643	0.01645	0.01397	0.02463	0.06861	0.04140	0.02704	0.39941	0.02627	0.00558	0.00693	0.00979	0.06937	0.00659
121	0.12655	0.07416	0.01709	0.04365	0.01794	0.06946	0.01043	0.02033	0.01734	0.05206	0.11525	0.03630	0.08784	0.13718	0.01521	0.00344	0.05826	0.00929	0.00577	0.08245
122	0.01767	0.13907	0.02011	0.01360	0.01816	0.01595	0.01085	0.02505	0.16156	0.05487	0.02891	0.22986	0.02845	0.01378	0.00800	0.00241	0.00638	0.01175	0.00659	0.18697
123	0.02327	0.23395	0.02736	0.01661	0.02173	0.20558	0.04949	0.02667	0.04206	0.08388	0.02814	0.07727	0.10852	0.01139	0.00766	0.00232	0.00968	0.00890	0.00554	0.01001
124	0.02158	0.05035	0.02603	0.03159	0.31121	0.05417	0.01824	0.11002	0.02161	0.05793	0.05770	0.06443	0.02139	0.01217	0.01055	0.06799	0.00890	0.03727	0.00561	0.01126
125	0.33951	0.04458	0.01892	0.01790	0.08406	0.06847	0.01283	0.08756	0.14632	0.03504	0.05575	0.02142	0.01760	0.00922	0.00690	0.00254	0.00765	0.00677	0.00614	0.01081
126	0.06163	0.01914	0.06118	0.04772	0.02452	0.06650	0.08669	0.07319	0.02025	0.08444	0.11586	0.03206	0.08735	0.01242	0.01295	0.00285	0.16568	0.00950	0.00603	0.01004
127	0.02297	0.13705	0.16817	0.08383	0.02887	0.15859	0.01854	0.09081	0.04840	0.05782	0.05144	0.02059	0.01601	0.00883	0.00754	0.00231	0.01054	0.00663	0.00514	0.05592

[dist]
# distance from previous block
# <min> <max>
0	107

[block]
# block no. 3 follows, 22 sequences, length 64
# corresponding to MSA columns:
# 330-393
name=unknown_D
#
# <colnr> <probs for GDERKNQSTAVLIFYWHMCP>
#	G	D	E	R	K	N	Q	S	T	A	V	L	I	F	Y	W	H	M	C	P
0	0.15007	0.05271	0.01924	0.01522	0.01993	0.04379	0.01231	0.13839	0.17245	0.03441	0.05854	0.02433	0.01983	0.01265	0.04151	0.00301	0.05347	0.00749	0.04269	0.07798
1	0.01478	0.11028	0.08599	0.01378	0.01722	0.01511	0.01220	0.01901	0.05777	0.02239	0.07124	0.04766	0.13488	0.17000	0.05139	0.00450	0.06958	0.06815	0.00571	0.00836
2	0.05575	0.01501	0.01733	0.01899	0.12655	0.05683	0.01231	0.05944	0.05808	0.11555	0.07128	0.04496	0.24812	0.01467	0.00990	0.03986	0.00698	0.01136	0.00704	0.01000
3	0.07430	0.08616	0.02540	0.08955	0.02800	0.19822	0.05634	0.17253	0.02429	0.03053	0.01799	0.02501	0.01530	0.00985	0.00789	0.00244	0.01073	0.06428	0.00555	0.05565
4	0.01905	0.01797	0.02114	0.02527	0.19799	0.07562	0.01572	0.03001	0.24929	0.02833	0.03640	0.04058	0.13078	0.01265	0.00880	0.00274	0.00794	0.06174	0.00666	0.01130
5	0.02518	0.02776	0.10678	0.02773	0.18771	0.19045	0.01954	0.12886	0.08785	0.05777	0.01811	0.01989	0.01389	0.00866	0.00794	0.00239	0.01075	0.00686	0.00552	0.04634
6	0.01913	0.01759	0.02618	0.47800	0.14095	0.04441	0.02219	0.10409	0.02024	0.02626	0.01552	0.02134	0.01178	0.00841	0.00826	0.00266	0.01078	0.00732	0.00440	0.01049
7	0.01243	0.00973	0.01443	0.01411	0.01546	0.01173	0.01108	0.01530	0.01329	0.01935	0.02124	0.03134	0.01989	0.05803	0.61713	0.01248	0.08228	0.00875	0.00438	0.00757
8	0.02268	0.02486	0.02412	0.22943	0.09090	0.25418	0.01866	0.03001	0.13349	0.02384	0.01741	0.02082	0.01373	0.00923	0.00918	0.00258	0.05261	0.00702	0.00481	0.01043
9	0.01713	0.08062	0.45234	0.02394	0.03424	0.01948	0.13663	0.02532	0.01841	0.02654	0.07205	0.02214	0.01699	0.00849	0.00824	0.00260	0.01162	0.00749	0.00414	0.01158
10	0.01243	0.00973	0.01443	0.01411	0.01546	0.01173	0.01108	0.01530	0.01329	0.01935	0.02124	0.03134	0.01989	0.05803	0.61713	0.01248	0.08228	0.00875	0.00438	0.00757
11	0.01378	0.01171	0.01702	0.01592	0.01695	0.01495	0.01275	0.01640	0.01316	0.01950	0.01881	0.02825	0.01778	0.04783	0.47876	0.01041	0.22550	0.00841	0.00420	0.00792
12	0.02528	0.02856	0.02426	0.22328	0.03490	0.35435	0.01834	0.08647	0.02199	0.02370	0.01394	0.01792	0.01117	0.00916	0.00959	0.00250	0.07391	0.00635	0.00444	0.00990
13	0.03103	0.03959	0.02354	0.02140	0.02568	0.67469	0.01605	0.03317	0.02354	0.02033	0.01284	0.01498	0.01070	0.00856	0.00749	0.00214	0.01498	0.00535	0.00428	0.00963
14	0.12673	0.06066	0.19352	0.05434	0.03111	0.19718	0.12405	0.02859	0.01939	0.06794	0.01525	0.01788	0.01142	0.00804	0.00767	0.00248	0.01194	0.00646	0.00452	0.01083
15	0.02776	0.01570	0.05630	0.01483	0.02009	0.01392	0.01231	0.03560	0.16748	0.36392	0.03081	0.03277	0.02276	0.13068	0.01420	0.00358	0.00744	0.00911	0.00854	0.01222
16	0.01456	0.01285	0.01850	0.01696	0.01781	0.01680	0.01370	0.01703	0.01308	0.01959	0.01742	0.02647	0.01657	0.04195	0.39909	0.00921	0.30796	0.00821	0.00410	0.00813
17	0.28783	0.01583	0.01665	0.05923	0.02148	0.01765	0.01277	0.18644	0.02242	0.03634	0.02400	0.07682	0.02273	0.01317	0.00808	0.00292	0.00768	0.15135	0.00667	0.00995
18	0.02545	0.01905	0.02041	0.01641	0.02183	0.02077	0.01332	0.42200	0.08764	0.04348	0.03262	0.03221	0.12580	0.01408	0.03516	0.00299	0.00838	0.00945	0.03665	0.01230
19	0.01208	0.00805	0.00906	0.00906	0.00906	0.00805	0.00503	0.01208	0.01208	0.01611	0.02618	0.05436	0.03020	0.70804	0.04228	0.00805	0.00805	0.01208	0.00503	0.00503
20	0.01818	0.01818	0.02545	0.02181	0.02181	0.02545	0.01818	0.01999	0.01272	0.01999	0.01091	0.01818	0.01091	0.01454	0.02726	0.00364	0.69284	0.00727	0.00364	0.00909
21	0.01026	0.00817	0.00927	0.01004	0.01206	0.00718	0.00743	0.01233	0.01804	0.02230	0.06861	0.27002	0.41259	0.02274	0.01022	0.00308	0.00473	0.07625	0.00771	0.00699
22	0.01190	0.00878	0.01272	0.01272	0.01398	0.01004	0.00959	0.01443	0.01316	0.01881	0.02283	0.03585	0.02217	0.15794	0.58140	0.01257	0.02015	0.00937	0.00454	0.00706
23	0.02724	0.03243	0.02148	0.01953	0.02382	0.47564	0.01476	0.03456	0.17327	0.02396	0.02223	0.02278	0.05294	0.00997	0.00786	0.00234	0.01229	0.00707	0.00550	0.01033
24	0.01498	0.01336	0.01885	0.01707	0.01767	0.01753	0.01366	0.01709	0.01292	0.01931	0.01709	0.02774	0.01688	0.10396	0.29377	0.00805	0.34954	0.00842	0.00411	0.00800
25	0.01106	0.00788	0.01051	0.01145	0.01209	0.00805	0.00780	0.01258	0.01430	0.01947	0.03473	0.36625	0.03977	0.19874	0.19824	0.00720	0.01032	0.01687	0.00619	0.00652
26	0.03331	0.02050	0.02322	0.01780	0.02438	0.02165	0.01470	0.45029	0.03443	0.23713	0.02383	0.02247	0.01608	0.01007	0.00832	0.00252	0.00851	0.00774	0.00891	0.01413
27	0.02122	0.04737	0.08421	0.08171	0.11632	0.04144	0.08188	0.13572	0.05341	0.03096	0.01684	0.01966	0.01307	0.00783	0.00770	0.00219	0.00945	0.00680	0.00523	0.21700
28	0.01203	0.00826	0.01010	0.01010	0.01046	0.00862	0.00633	0.01275	0.01239	0.01688	0.02522	0.04908	0.02791	0.55112	0.19607	0.00934	0.01150	0.01131	0.00489	0.00561
29	0.00982	0.00842	0.00842	0.00842	0.01122	0.00701	0.00631	0.01192	0.01894	0.02244	0.08416	0.07995	0.65285	0.02104	0.00982	0.00281	0.00421	0.01753	0.00771	0.00701
30	0.02018	0.01866	0.02255	0.01932	0.02088	0.06557	0.01564	0.12455	0.01798	0.02515	0.01510	0.02309	0.01421	0.08531	0.08214	0.00464	0.40309	0.00779	0.00469	0.00945
31	0.02038	0.01443	0.01724	0.01520	0.01797	0.01605	0.01160	0.15420	0.09350	0.09484	0.02869	0.18561	0.02802	0.14392	0.01792	0.00394	0.10716	0.01234	0.00710	0.00989
32	0.03026	0.03831	0.02366	0.02143	0.02545	0.63569	0.01618	0.03238	0.02289	0.02031	0.01272	0.01517	0.01071	0.00892	0.00868	0.00223	0.05571	0.00547	0.00424	0.00960
33	0.01145	0.00928	0.01121	0.01249	0.04522	0.00838	0.00921	0.01431	0.01943	0.02435	0.12596	0.07870	0.41167	0.02044	0.01016	0.00303	0.00533	0.16417	0.00766	0.00756
34	0.02003	0.44997	0.28753	0.01793	0.02707	0.02754	0.02068	0.02544	0.01714	0.02220	0.01287	0.01498	0.01061	0.00742	0.00634	0.00211	0.01022	0.00511	0.00354	0.01130
35	0.01434	0.01254	0.01810	0.01667	0.01757	0.01630	0.01344	0.01686	0.01310	0.01956	0.01780	0.02696	0.01690	0.04355	0.42077	0.00954	0.28553	0.00826	0.00413	0.00807
36	0.00982	0.00842	0.00842	0.00842	0.01122	0.00701	0.00631	0.01192	0.01894	0.02244	0.08416	0.07995	0.65285	0.02104	0.00982	0.00281	0.00421	0.01753	0.00771	0.00701
37	0.03103	0.03959	0.02354	0.02140	0.02568	0.67469	0.01605	0.03317	0.02354	0.02033	0.01284	0.01498	0.01070	0.00856	0.00749	0.00214	0.01498	0.00535	0.00428	0.00963
38	0.02109	0.02074	0.03321	0.04950	0.62437	0.05282	0.02502	0.02588	0.01915	0.02680	0.01549	0.02028	0.01303	0.00746	0.00819	0.00245	0.01013	0.00730	0.00412	0.01298
39	0.03121	0.03417	0.02400	0.02064	0.02571	0.45901	0.01596	0.23105	0.02870	0.03098	0.01520	0.01663	0.01184	0.00903	0.00776	0.00226	0.01304	0.00606	0.00562	0.01113
40	0.01818	0.01818	0.02545	0.02181	0.02181	0.02545	0.01818	0.01999	0.01272	0.01999	0.01091	0.01818	0.01091	0.01454	0.02726	0.00364	0.69284	0.00727	0.00364	0.00909
41	0.01007	0.00742	0.00944	0.01106	0.01192	0.00679	0.00748	0.01162	0.01640	0.02141	0.05201	0.60168	0.15188	0.02522	0.01048	0.00328	0.00472	0.02263	0.00771	0.00679
42	0.00993	0.00842	0.00858	0.00854	0.01129	0.00706	0.00640	0.01215	0.01921	0.02310	0.11826	0.07887	0.61834	0.02080	0.00982	0.00279	0.00419	0.01738	0.00780	0.00706
43	0.02056	0.01974	0.03372	0.05099	0.65622	0.01974	0.02550	0.02550	0.01892	0.02714	0.01563	0.02056	0.01316	0.00740	0.00822	0.00247	0.00987	0.00740	0.00411	0.01316
44	0.01077	0.00862	0.00980	0.01045	0.01284	0.00765	0.00826	0.01327	0.01875	0.02297	0.07072	0.13230	0.44896	0.02193	0.01031	0.00311	0.00515	0.16928	0.00770	0.00716
45	0.01012	0.00723	0.00964	0.01157	0.01205	0.00675	0.00771	0.01157	0.01591	0.02121	0.04579	0.70262	0.05495	0.02603	0.01060	0.00337	0.00482	0.02362	0.00771	0.00675
46	0.01012	0.00723	0.00964	0.01157	0.01205	0.00675	0.00771	0.01157	0.01591	0.02121	0.04579	0.70262	0.05495	0.02603	0.01060	0.00337	0.00482	0.02362	0.00771	0.00675
47	0.01225	0.00905	0.01165	0.01062	0.01306	0.00813	0.00802	0.01615	0.02295	0.03275	0.59481	0.05804	0.07247	0.01601	0.00947	0.00249	0.00412	0.01412	0.00877	0.07507
48	0.01012	0.00723	0.00964	0.01157	0.01205	0.00675	0.00771	0.01157	0.01591	0.02121	0.04579	0.70262	0.05495	0.02603	0.01060	0.00337	0.00482	0.02362	0.00771	0.00675
49	0.03158	0.02327	0.02493	0.01911	0.02576	0.02576	0.01579	0.62852	0.03906	0.05236	0.01995	0.01995	0.01413	0.00997	0.00831	0.00249	0.00914	0.00748	0.00831	0.01413
50	0.01952	0.02215	0.04760	0.03422	0.04212	0.02128	0.58943	0.02621	0.01919	0.02621	0.01645	0.02215	0.01250	0.00746	0.01086	0.00285	0.05490	0.00965	0.00417	0.01108
51	0.01269	0.00805	0.00910	0.00910	0.00956	0.00815	0.00553	0.01360	0.01314	0.01904	0.02608	0.04864	0.02794	0.53722	0.07763	0.00728	0.00823	0.01108	0.14224	0.00569
52	0.01383	0.01130	0.01256	0.01175	0.01481	0.01146	0.00896	0.02309	0.20926	0.03024	0.28126	0.05842	0.24776	0.01656	0.00940	0.00274	0.00482	0.01413	0.00847	0.00918
53	0.02286	0.02099	0.02119	0.01818	0.02126	0.14009	0.01442	0.20517	0.02275	0.02938	0.01751	0.02409	0.01543	0.08314	0.14134	0.00524	0.17374	0.00772	0.00545	0.01004
54	0.03103	0.03959	0.02354	0.02140	0.02568	0.67469	0.01605	0.03317	0.02354	0.02033	0.01284	0.01498	0.01070	0.00856	0.00749	0.00214	0.01498	0.00535	0.00428	0.00963
55	0.01999	0.01497	0.04422	0.01694	0.02076	0.01427	0.10053	0.11606	0.07406	0.08848	0.02392	0.10388	0.02175	0.08986	0.01859	0.19786	0.00844	0.01026	0.00611	0.00905
56	0.16724	0.04773	0.01868	0.01548	0.02029	0.11318	0.01228	0.08669	0.26225	0.06521	0.02371	0.02351	0.01790	0.00971	0.00728	0.00250	0.00783	0.00729	0.07987	0.01135
57	0.01557	0.01016	0.01180	0.01075	0.01403	0.00927	0.00827	0.02028	0.07649	0.12503	0.23782	0.06241	0.33169	0.01733	0.00947	0.00271	0.00477	0.01466	0.00859	0.00890
58	0.02384	0.02176	0.01949	0.01721	0.02174	0.15643	0.01360	0.17268	0.24045	0.03406	0.02902	0.03341	0.05021	0.01188	0.00840	0.00264	0.00875	0.06602	0.05695	0.01146
59	0.07183	0.02074	0.19127	0.01654	0.02285	0.01434	0.01636	0.05705	0.01922	0.21901	0.02474	0.08530	0.01988	0.02233	0.15522	0.00503	0.01168	0.00894	0.00650	0.01115
60	0.01233	0.01001	0.01305	0.01235	0.01352	0.01056	0.03115	0.01388	0.01551	0.02065	0.08197	0.18714	0.17245	0.24315	0.02305	0.00473	0.10638	0.01506	0.00621	0.00683
61	0.01775	0.01267	0.01503	0.01460	0.01749	0.01341	0.01137	0.08364	0.18292	0.07079	0.03711	0.21042	0.03702	0.07866	0.01266	0.00361	0.00682	0.15643	0.00788	0.00970
62	0.02099	0.02599	0.09134	0.02731	0.03330	0.14115	0.28969	0.02596	0.01843	0.02392	0.01444	0.01938	0.01166	0.00908	0.01309	0.00278	0.17157	0.00783	0.00406	0.04803
63	0.02530	0.02423	0.02435	0.02474	0.13924	0.18242	0.01689	0.21632	0.05670	0.03239	0.02061	0.02303	0.04529	0.01365	0.05415	0.00326	0.07242	0.00761	0.00585	0.01155

[dist]
# distance from previous block
# <min> <max>
5	14

[block]
# block no. 4 follows, 22 sequences, length 108
# corresponding to MSA columns:
# 408-515
name=unknown_E
#
# <colnr> <probs for GDERKNQSTAVLIFYWHMCP>
#	G	D	E	R	K	N	Q	S	T	A	V	L	I	F	Y	W	H	M	C	P
0	0.02161	0.06570	0.09335	0.01763	0.06657	0.01639	0.01441	0.11564	0.07618	0.12618	0.13680	0.03308	0.05620	0.04464	0.00985	0.00269	0.00753	0.00920	0.00710	0.07926
1	0.02065	0.03057	0.24783	0.02075	0.02678	0.16353	0.02056	0.08037	0.01948	0.02529	0.01670	0.05978	0.01456	0.01549	0.07217	0.00371	0.13919	0.00760	0.00448	0.01050
2	0.02042	0.02458	0.09065	0.01998	0.02537	0.19734	0.12379	0.07928	0.02133	0.02537	0.03131	0.03358	0.15378	0.01798	0.09416	0.00393	0.01255	0.00956	0.00533	0.00975
3	0.02207	0.02480	0.08868	0.07173	0.44820	0.11972	0.02398	0.05353	0.02029	0.02689	0.01529	0.01948	0.01249	0.00778	0.00809	0.00245	0.01089	0.00698	0.00425	0.01240
4	0.02437	0.06609	0.02797	0.08500	0.12853	0.19435	0.06489	0.13638	0.02278	0.02838	0.01563	0.01919	0.01255	0.00912	0.00991	0.00249	0.08479	0.00689	0.04969	0.01099
5	0.10060	0.02203	0.11380	0.02266	0.06626	0.04828	0.17052	0.02782	0.01913	0.14111	0.01815	0.02026	0.01325	0.00770	0.00779	0.00232	0.00981	0.00706	0.00545	0.17602
6	0.01119	0.00784	0.01003	0.01119	0.01183	0.00753	0.00762	0.01272	0.01588	0.02127	0.09382	0.39503	0.04929	0.21569	0.01950	0.00467	0.00597	0.08538	0.00708	0.00647
7	0.01827	0.02366	0.16693	0.06414	0.33066	0.06189	0.02259	0.02343	0.01827	0.02513	0.02083	0.14602	0.02006	0.01108	0.00855	0.00266	0.00987	0.00999	0.00464	0.01136
8	0.02543	0.12228	0.02685	0.02217	0.06679	0.37093	0.01665	0.02780	0.01949	0.02057	0.01287	0.01667	0.01138	0.01211	0.04280	0.00297	0.16246	0.00595	0.00404	0.00979
9	0.01058	0.00845	0.00947	0.00921	0.01169	0.00734	0.00691	0.01339	0.02072	0.02668	0.30570	0.07297	0.42866	0.01946	0.00981	0.00273	0.00410	0.01655	0.00827	0.00734
10	0.46509	0.02239	0.13989	0.01856	0.02572	0.01928	0.14860	0.02525	0.01596	0.03292	0.01333	0.01620	0.01007	0.00759	0.00667	0.00263	0.00916	0.00597	0.00464	0.01008
11	0.01712	0.02077	0.14265	0.03138	0.30139	0.01636	0.02053	0.02396	0.07518	0.02656	0.03298	0.03900	0.14109	0.01188	0.00878	0.00272	0.00872	0.06220	0.00541	0.01131
12	0.02783	0.03489	0.02126	0.01944	0.02350	0.57403	0.01458	0.02997	0.02285	0.02065	0.02359	0.02478	0.10752	0.01044	0.00784	0.00224	0.01336	0.00719	0.00480	0.00924
13	0.01005	0.00749	0.00937	0.01087	0.01187	0.00681	0.00740	0.01165	0.01657	0.02148	0.05422	0.56576	0.18637	0.02493	0.01043	0.00325	0.00469	0.02228	0.00771	0.00681
14	0.01208	0.00805	0.00906	0.00906	0.00906	0.00805	0.00503	0.01208	0.01208	0.01611	0.02618	0.05436	0.03020	0.70804	0.04228	0.00805	0.00805	0.01208	0.00503	0.00503
15	0.01805	0.01468	0.01650	0.01394	0.01907	0.01434	0.01086	0.02944	0.27090	0.05356	0.03152	0.07603	0.07538	0.01352	0.03769	0.00275	0.00682	0.00939	0.00697	0.27860
16	0.01009	0.00734	0.00953	0.01128	0.01197	0.00677	0.00758	0.01160	0.01618	0.02132	0.04933	0.64520	0.11008	0.02557	0.01053	0.00332	0.00476	0.02306	0.00771	0.00677
17	0.00982	0.00842	0.00842	0.00842	0.01122	0.00701	0.00631	0.01192	0.01894	0.02244	0.08416	0.07995	0.65285	0.02104	0.00982	0.00281	0.00421	0.01753	0.00771	0.00701
18	0.01666	0.04297	0.66500	0.02368	0.03596	0.01929	0.03069	0.02631	0.01754	0.02631	0.01491	0.01754	0.01052	0.00789	0.00789	0.00263	0.01228	0.00614	0.00351	0.01228
19	0.03135	0.01898	0.02469	0.02445	0.16259	0.01923	0.01655	0.26990	0.02876	0.28118	0.02393	0.02328	0.01639	0.00953	0.00831	0.00252	0.00850	0.00780	0.00815	0.01392
20	0.01208	0.00805	0.00906	0.00906	0.00906	0.00805	0.00503	0.01208	0.01208	0.01611	0.02618	0.05436	0.03020	0.70804	0.04228	0.00805	0.00805	0.01208	0.00503	0.00503
21	0.01802	0.01005	0.01208	0.01067	0.01431	0.00867	0.00832	0.02084	0.02131	0.20606	0.19394	0.06139	0.34784	0.01710	0.00940	0.00270	0.00496	0.01438	0.00876	0.00921
