[name]
unknown

[dist]
# distance from previous block
# <min> <max>
0	12

[block]
# block no. 0 follows, 18 sequences, length 17
# corresponding to MSA columns:
# 29-45
name=unknown_A
#
# <colnr> <probs for GDERKNQSTAVLIFYWHMCP>
#	G	D	E	R	K	N	Q	S	T	A	V	L	I	F	Y	W	H	M	C	P
0	0.02032	0.01943	0.01785	0.01820	0.04111	0.16332	0.01367	0.06433	0.02240	0.02652	0.03960	0.11177	0.11835	0.02395	0.06500	0.05792	0.01108	0.14912	0.00687	0.00919
1	0.01307	0.00927	0.01273	0.01291	0.01414	0.00994	0.00936	0.01476	0.01507	0.02066	0.03355	0.09772	0.08747	0.16340	0.35572	0.08843	0.01644	0.01258	0.00560	0.00718
2	0.02256	0.01359	0.01730	0.08262	0.02318	0.01368	0.01251	0.02972	0.11856	0.19610	0.10023	0.04890	0.15908	0.05226	0.06431	0.00426	0.00863	0.01248	0.00868	0.01136
3	0.01555	0.01339	0.01623	0.14574	0.02392	0.04885	0.01215	0.01750	0.01626	0.02082	0.03159	0.11429	0.07738	0.31622	0.02851	0.00583	0.06929	0.01323	0.00563	0.00761
4	0.01213	0.00860	0.01068	0.01165	0.01231	0.00838	0.00757	0.01336	0.01605	0.02129	0.04381	0.34005	0.09359	0.27051	0.08177	0.00658	0.00834	0.01937	0.00711	0.00685
5	0.01417	0.01028	0.01205	0.01155	0.01342	0.00991	0.00808	0.05707	0.02169	0.02919	0.24705	0.13034	0.15056	0.21918	0.02167	0.00482	0.00630	0.01648	0.00823	0.00796
6	0.01319	0.00946	0.01284	0.01277	0.01389	0.01028	0.00912	0.01544	0.01547	0.02175	0.08926	0.04789	0.03339	0.27482	0.36717	0.01145	0.01698	0.01178	0.00570	0.00733
7	0.01824	0.01216	0.01516	0.01469	0.01753	0.01250	0.01115	0.02613	0.14630	0.10043	0.14094	0.19782	0.04739	0.06243	0.08014	0.00486	0.00841	0.06475	0.00875	0.01023
8	0.01609	0.01167	0.01412	0.01323	0.01639	0.01183	0.01019	0.02326	0.12079	0.07135	0.19467	0.05799	0.20326	0.03006	0.15703	0.00574	0.00988	0.01422	0.00842	0.00979
9	0.12036	0.01218	0.01263	0.01174	0.01481	0.01264	0.00883	0.07841	0.02020	0.03036	0.04503	0.05127	0.20381	0.13310	0.10240	0.00547	0.00900	0.01230	0.10675	0.00872
10	0.01557	0.00948	0.01216	0.01232	0.01317	0.00952	0.00833	0.05561	0.01668	0.02287	0.02993	0.22625	0.03278	0.13521	0.02642	0.28907	0.00723	0.01437	0.05657	0.00647
11	0.05510	0.01181	0.01362	0.01317	0.01594	0.01189	0.00977	0.09911	0.02230	0.08882	0.03811	0.32483	0.03882	0.01902	0.00948	0.00306	0.00605	0.01649	0.19285	0.00977
12	0.01361	0.00948	0.01172	0.01226	0.01280	0.00999	0.00827	0.01511	0.01610	0.02304	0.03677	0.31263	0.04161	0.24181	0.02431	0.00525	0.06597	0.01758	0.11448	0.00722
13	0.02124	0.01879	0.01993	0.01608	0.02214	0.07173	0.01261	0.02791	0.10364	0.05386	0.02281	0.08164	0.02012	0.01076	0.00961	0.00218	0.05683	0.00845	0.00636	0.41330
14	0.01710	0.01365	0.01553	0.10226	0.02135	0.05964	0.01155	0.02022	0.01790	0.02579	0.06740	0.03882	0.02682	0.17411	0.08627	0.00538	0.05549	0.01001	0.19652	0.03419
15	0.01510	0.01016	0.01177	0.01094	0.01386	0.00927	0.00810	0.01851	0.01940	0.02971	0.11926	0.10897	0.08933	0.06763	0.05876	0.00381	0.00673	0.01241	0.25213	0.13415
16	0.08398	0.05102	0.01740	0.06733	0.02067	0.01477	0.01176	0.09998	0.02297	0.03283	0.17998	0.22680	0.04621	0.01918	0.01171	0.05405	0.00694	0.01519	0.00781	0.00940

[dist]
# distance from previous block
# <min> <max>
0	1

[block]
# block no. 1 follows, 18 sequences, length 58
# corresponding to MSA columns:
# 47-104
name=unknown_B
#
# <colnr> <probs for GDERKNQSTAVLIFYWHMCP>
#	G	D	E	R	K	N	Q	S	T	A	V	L	I	F	Y	W	H	M	C	P
0	0.03103	0.02104	0.02141	0.01765	0.02321	0.08626	0.01407	0.24225	0.06522	0.17757	0.02890	0.08056	0.02251	0.01246	0.00892	0.00275	0.00887	0.00990	0.11208	0.01332
1	0.02848	0.01896	0.02118	0.01747	0.02350	0.02007	0.01398	0.16002	0.26755	0.16398	0.03155	0.02980	0.02274	0.01133	0.00884	0.00276	0.00770	0.00914	0.06979	0.07116
2	0.02800	0.02046	0.02234	0.01822	0.02342	0.02229	0.01434	0.41436	0.03482	0.04664	0.02777	0.13611	0.02560	0.10462	0.01472	0.00375	0.00914	0.01195	0.00858	0.01288
3	0.02095	0.02298	0.01722	0.01602	0.01877	0.24692	0.01172	0.02273	0.02055	0.02210	0.04231	0.04954	0.20769	0.16818	0.01967	0.00423	0.06179	0.01205	0.00607	0.00851
4	0.01819	0.01272	0.01409	0.01274	0.01446	0.01332	0.00848	0.14602	0.02047	0.02737	0.02864	0.08772	0.03092	0.48521	0.03600	0.00718	0.00897	0.01294	0.00657	0.00799
5	0.01712	0.00856	0.00856	0.00856	0.01070	0.00856	0.00642	0.02139	0.01926	0.03423	0.02995	0.03423	0.02353	0.01070	0.00642	0.00214	0.00428	0.00856	0.72828	0.00856
6	0.03188	0.03896	0.07607	0.02265	0.02831	0.44637	0.01836	0.13051	0.02771	0.02890	0.01659	0.02023	0.01370	0.04776	0.01067	0.00285	0.01475	0.00682	0.00548	0.01146
7	0.01312	0.00984	0.01476	0.01476	0.01640	0.01148	0.01148	0.01640	0.01476	0.02131	0.02459	0.03607	0.02295	0.06886	0.64092	0.01476	0.02459	0.00984	0.00492	0.00820
8	0.74217	0.01776	0.01350	0.01207	0.01776	0.02060	0.00994	0.02699	0.01563	0.04120	0.01278	0.01492	0.00994	0.00852	0.00568	0.00284	0.00710	0.00497	0.00568	0.00994
9	0.01842	0.04749	0.62974	0.02617	0.03974	0.02132	0.03392	0.02908	0.01939	0.02908	0.01648	0.01939	0.01163	0.00872	0.00872	0.00291	0.01357	0.00678	0.00388	0.01357
10	0.01312	0.00984	0.01476	0.01476	0.01640	0.01148	0.01148	0.01640	0.01476	0.02131	0.02459	0.03607	0.02295	0.06886	0.64092	0.01476	0.02459	0.00984	0.00492	0.00820
11	0.01292	0.00889	0.00998	0.01012	0.01050	0.00868	0.00592	0.01330	0.01450	0.01897	0.03767	0.10360	0.10171	0.55992	0.04033	0.00790	0.00818	0.01488	0.00610	0.00594
12	0.02227	0.02135	0.03645	0.10665	0.57328	0.02170	0.02795	0.02778	0.02069	0.02945	0.01719	0.02287	0.01435	0.00826	0.00910	0.00275	0.01102	0.00818	0.00451	0.01418
13	0.03430	0.04376	0.02602	0.02365	0.02839	0.64045	0.01774	0.03666	0.02602	0.02247	0.01419	0.01656	0.01183	0.00946	0.00828	0.00237	0.01656	0.00591	0.00473	0.01064
14	0.26810	0.03517	0.02188	0.01983	0.02488	0.43572	0.01517	0.03347	0.02259	0.02866	0.01373	0.01602	0.01121	0.00915	0.00742	0.00252	0.01344	0.00560	0.00505	0.01041
15	0.02596	0.02343	0.03442	0.04813	0.48418	0.07355	0.02544	0.06734	0.02323	0.07822	0.01882	0.02283	0.01503	0.00873	0.00904	0.00271	0.01109	0.00808	0.00541	0.01437
16	0.01712	0.00856	0.00856	0.00856	0.01070	0.00856	0.00642	0.02139	0.01926	0.03423	0.02995	0.03423	0.02353	0.01070	0.00642	0.00214	0.00428	0.00856	0.72828	0.00856
17	0.01315	0.00970	0.01404	0.01404	0.01544	0.01109	0.01059	0.01594	0.01455	0.02079	0.02525	0.03968	0.02452	0.16022	0.55171	0.01388	0.02224	0.01037	0.00502	0.00780
18	0.07663	0.02188	0.12120	0.01597	0.02444	0.01529	0.01498	0.06142	0.02082	0.03290	0.05070	0.02180	0.01729	0.00822	0.00742	0.00192	0.00804	0.00645	0.00571	0.46692
19	0.01712	0.00856	0.00856	0.00856	0.01070	0.00856	0.00642	0.02139	0.01926	0.03423	0.02995	0.03423	0.02353	0.01070	0.00642	0.00214	0.00428	0.00856	0.72828	0.00856
20	0.13909	0.04053	0.48775	0.02301	0.03492	0.02062	0.02845	0.02835	0.01874	0.03115	0.01585	0.01862	0.01148	0.00857	0.00809	0.00280	0.01206	0.00640	0.00428	0.05926
21	0.01906	0.04364	0.54078	0.03070	0.12687	0.02140	0.03306	0.02894	0.01961	0.02922	0.01660	0.01989	0.01207	0.00864	0.00878	0.00288	0.01317	0.00699	0.00398	0.01372
22	0.03129	0.24102	0.03284	0.02120	0.02690	0.45398	0.01711	0.03383	0.02375	0.02220	0.01375	0.01599	0.01181	0.00897	0.00754	0.00224	0.01448	0.00560	0.00448	0.01100
23	0.02574	0.02385	0.02698	0.03032	0.19490	0.09316	0.01918	0.11508	0.29593	0.03686	0.02694	0.02731	0.02067	0.01070	0.00913	0.00287	0.00974	0.00896	0.00743	0.01424
24	0.01312	0.00984	0.01476	0.01476	0.01640	0.01148	0.01148	0.01640	0.01476	0.02131	0.02459	0.03607	0.02295	0.06886	0.64092	0.01476	0.02459	0.00984	0.00492	0.00820
25	0.03413	0.02533	0.02712	0.02097	0.02818	0.02811	0.01726	0.55465	0.07920	0.05662	0.02303	0.02283	0.01641	0.01111	0.00920	0.00278	0.00992	0.00840	0.00920	0.01555
26	0.03476	0.02994	0.02720	0.02172	0.02845	0.17161	0.01752	0.46014	0.03916	0.04959	0.02021	0.02076	0.01473	0.01066	0.00897	0.00266	0.01161	0.00772	0.00814	0.01445
27	0.01400	0.01093	0.01559	0.01510	0.01626	0.01307	0.01153	0.01658	0.01444	0.02082	0.02380	0.03816	0.02338	0.16449	0.46706	0.01247	0.09923	0.01021	0.00492	0.00798
28	0.02073	0.01960	0.03234	0.27675	0.36538	0.02137	0.02610	0.02804	0.06587	0.02822	0.01850	0.02429	0.01475	0.00889	0.00914	0.00288	0.01112	0.00835	0.00475	0.01292
29	0.03430	0.04376	0.02602	0.02365	0.02839	0.64045	0.01774	0.03666	0.02602	0.02247	0.01419	0.01656	0.01183	0.00946	0.00828	0.00237	0.01656	0.00591	0.00473	0.01064
30	0.03691	0.02251	0.02557	0.01960	0.02687	0.02371	0.01619	0.41613	0.03780	0.23875	0.02656	0.02497	0.01788	0.01113	0.00920	0.00278	0.00937	0.00857	0.00988	0.01562
31	0.01842	0.04749	0.62974	0.02617	0.03974	0.02132	0.03392	0.02908	0.01939	0.02908	0.01648	0.01939	0.01163	0.00872	0.00872	0.00291	0.01357	0.00678	0.00388	0.01357
32	0.25097	0.02167	0.02143	0.01734	0.02371	0.02419	0.01419	0.33200	0.08023	0.04889	0.02517	0.02526	0.05466	0.01118	0.00823	0.00283	0.00858	0.00816	0.00807	0.01325
33	0.01712	0.00856	0.00856	0.00856	0.01070	0.00856	0.00642	0.02139	0.01926	0.03423	0.02995	0.03423	0.02353	0.01070	0.00642	0.00214	0.00428	0.00856	0.72828	0.00856
34	0.01335	0.00890	0.01001	0.01001	0.01001	0.00890	0.00556	0.01335	0.01335	0.01780	0.02893	0.06009	0.03338	0.67731	0.04673	0.00890	0.00890	0.01335	0.00556	0.00556
35	0.08582	0.02548	0.02719	0.08028	0.13313	0.11689	0.01930	0.28447	0.03121	0.04177	0.02031	0.02555	0.01621	0.01074	0.00895	0.00281	0.01106	0.03847	0.00696	0.01338
36	0.01712	0.00856	0.00856	0.00856	0.01070	0.00856	0.00642	0.02139	0.01926	0.03423	0.02995	0.03423	0.02353	0.01070	0.00642	0.00214	0.00428	0.00856	0.72828	0.00856
37	0.01904	0.01632	0.01904	0.01360	0.02176	0.01224	0.01088	0.02312	0.01904	0.02992	0.01632	0.01904	0.01360	0.00680	0.00680	0.00136	0.00680	0.00544	0.00544	0.73344
38	0.02046	0.01628	0.01919	0.01378	0.02187	0.01232	0.01105	0.02451	0.01951	0.06828	0.01760	0.01983	0.01419	0.00709	0.00696	0.00146	0.00687	0.00568	0.00582	0.68728
39	0.25824	0.02320	0.02312	0.01827	0.02509	0.02599	0.01508	0.41182	0.03447	0.05260	0.01912	0.01979	0.01382	0.01023	0.00808	0.00278	0.00916	0.00723	0.00808	0.01382
40	0.03490	0.02572	0.02756	0.02113	0.02847	0.02847	0.01745	0.58942	0.04317	0.05787	0.02204	0.02204	0.01561	0.01102	0.00919	0.00276	0.01010	0.00827	0.00919	0.01561
41	0.01464	0.01044	0.01209	0.01158	0.01290	0.01070	0.00770	0.05924	0.01708	0.02260	0.03728	0.05731	0.11776	0.42455	0.13804	0.00853	0.01099	0.01327	0.00619	0.00713
42	0.03103	0.03831	0.02650	0.02376	0.02740	0.49940	0.01828	0.03331	0.02327	0.02239	0.01370	0.01737	0.01188	0.01098	0.01331	0.00275	0.16490	0.00640	0.00457	0.01051
43	0.03102	0.03594	0.02938	0.03285	0.19852	0.41117	0.02072	0.08064	0.02599	0.02761	0.01574	0.01879	0.01293	0.00922	0.00859	0.00250	0.01439	0.00676	0.00505	0.01218
44	0.02120	0.02022	0.03399	0.11868	0.51075	0.02055	0.02621	0.02648	0.02063	0.02887	0.02314	0.02809	0.06172	0.00948	0.00924	0.00279	0.01056	0.00906	0.00481	0.01353
45	0.01810	0.01629	0.02508	0.26107	0.18584	0.01814	0.02062	0.02599	0.10667	0.02734	0.02762	0.17451	0.02636	0.01393	0.00977	0.00314	0.00957	0.01263	0.00601	0.01131
46	0.19782	0.02245	0.02325	0.01838	0.02520	0.02472	0.01513	0.37003	0.06704	0.11441	0.02232	0.02210	0.01579	0.01057	0.00839	0.00281	0.00900	0.00773	0.00862	0.01425
47	0.03305	0.02266	0.02506	0.01946	0.02617	0.02446	0.01597	0.46073	0.03925	0.11970	0.09320	0.02854	0.02475	0.01197	0.00938	0.00278	0.00917	0.00935	0.00954	0.01480
48	0.02273	0.02182	0.03727	0.05636	0.62003	0.02182	0.02818	0.02818	0.02091	0.03000	0.01727	0.02273	0.01454	0.00818	0.00909	0.00273	0.01091	0.00818	0.00455	0.01454
49	0.01822	0.01315	0.01596	0.01448	0.01683	0.01444	0.01068	0.14728	0.02079	0.02844	0.02560	0.04168	0.02510	0.27947	0.27672	0.00984	0.01548	0.01077	0.00614	0.00894
50	0.01095	0.00931	0.00944	0.00941	0.01247	0.00780	0.00706	0.01338	0.02117	0.02538	0.11801	0.08742	0.59096	0.02304	0.01085	0.00309	0.00464	0.01925	0.00860	0.00780
51	0.01475	0.01223	0.01788	0.01694	0.01820	0.01537	0.01349	0.01773	0.01459	0.02150	0.02166	0.03234	0.02041	0.05653	0.49823	0.01225	0.17316	0.00942	0.00471	0.00863
52	0.02487	0.42627	0.17865	0.01903	0.02812	0.03156	0.02020	0.12210	0.02294	0.02941	0.01518	0.01703	0.01239	0.00859	0.00710	0.00231	0.01073	0.00590	0.00480	0.01284
53	0.01712	0.00856	0.00856	0.00856	0.01070	0.00856	0.00642	0.02139	0.01926	0.03423	0.02995	0.03423	0.02353	0.01070	0.00642	0.00214	0.00428	0.00856	0.72828	0.00856
54	0.02736	0.01939	0.02100	0.01695	0.02256	0.02055	0.01356	0.33445	0.06626	0.09058	0.04097	0.04194	0.15675	0.06990	0.01274	0.00338	0.00840	0.01145	0.00891	0.01290
55	0.01712	0.00856	0.00856	0.00856	0.01070	0.00856	0.00642	0.02139	0.01926	0.03423	0.02995	0.03423	0.02353	0.01070	0.00642	0.00214	0.00428	0.00856	0.72828	0.00856
56	0.02374	0.59892	0.12494	0.01709	0.02570	0.03435	0.01812	0.02770	0.01875	0.02259	0.01326	0.01534	0.01176	0.00797	0.00627	0.00209	0.01031	0.00516	0.00392	0.01202
57	0.20984	0.02620	0.02408	0.02321	0.09461	0.14767	0.01655	0.21031	0.09356	0.04112	0.01932	0.02061	0.01471	0.00991	0.00813	0.00274	0.01042	0.00720	0.00689	0.01295

[dist]
# distance from previous block
# <min> <max>
0	1

[block]
# block no. 2 follows, 18 sequences, length 18
# corresponding to MSA columns:
# 106-123
name=unknown_C
#
# <colnr> <probs for GDERKNQSTAVLIFYWHMCP>
#	G	D	E	R	K	N	Q	S	T	A	V	L	I	F	Y	W	H	M	C	P
0	0.03083	0.21928	0.06308	0.02146	0.02764	0.41011	0.01799	0.06268	0.02455	0.02442	0.01433	0.01649	0.01200	0.00906	0.00769	0.00230	0.01421	0.00580	0.00470	0.01137
1	0.01319	0.00954	0.01324	0.01324	0.01436	0.01066	0.00959	0.01543	0.01431	0.02020	0.02598	0.04373	0.02628	0.26283	0.45151	0.01289	0.01959	0.01096	0.00512	0.00736
2	0.01312	0.00984	0.01476	0.01476	0.01640	0.01148	0.01148	0.01640	0.01476	0.02131	0.02459	0.03607	0.02295	0.06886	0.64092	0.01476	0.02459	0.00984	0.00492	0.00820
3	0.01119	0.00799	0.01065	0.01278	0.01332	0.00746	0.00852	0.01278	0.01758	0.02344	0.05061	0.67132	0.06073	0.02877	0.01172	0.00373	0.00533	0.02610	0.00852	0.00746
4	0.03340	0.10291	0.02807	0.02292	0.02794	0.58453	0.01755	0.03582	0.02534	0.02239	0.01406	0.01639	0.01182	0.00931	0.00806	0.00233	0.01593	0.00582	0.00466	0.01075
5	0.01385	0.01092	0.01617	0.01575	0.01721	0.01324	0.01239	0.01700	0.01468	0.02140	0.02327	0.03438	0.02180	0.06328	0.57631	0.01362	0.09187	0.00965	0.00482	0.00839
6	0.01223	0.00918	0.01141	0.01181	0.01385	0.00836	0.00884	0.01541	0.02228	0.02972	0.29361	0.21243	0.21436	0.02287	0.01123	0.00327	0.00507	0.07675	0.00917	0.00814
7	0.62144	0.08803	0.01803	0.05222	0.02118	0.02225	0.01152	0.02683	0.01612	0.03803	0.01300	0.01549	0.01028	0.00849	0.00592	0.00276	0.00771	0.00516	0.00540	0.01015
8	0.03430	0.04376	0.02602	0.02365	0.02839	0.64045	0.01774	0.03666	0.02602	0.02247	0.01419	0.01656	0.01183	0.00946	0.00828	0.00237	0.01656	0.00591	0.00473	0.01064
9	0.02445	0.02040	0.02858	0.35561	0.10947	0.02356	0.02279	0.23458	0.02786	0.03696	0.01855	0.02339	0.01374	0.00976	0.00917	0.00291	0.01130	0.00820	0.00603	0.01268
10	0.01712	0.00856	0.00856	0.00856	0.01070	0.00856	0.00642	0.02139	0.01926	0.03423	0.02995	0.03423	0.02353	0.01070	0.00642	0.00214	0.00428	0.00856	0.72828	0.00856
11	0.02455	0.68284	0.04811	0.01571	0.02357	0.03633	0.01571	0.02749	0.01866	0.02160	0.01277	0.01473	0.01178	0.00786	0.00589	0.00196	0.00982	0.00491	0.00393	0.01178
12	0.01996	0.01636	0.02384	0.15773	0.15442	0.01761	0.01966	0.11533	0.02382	0.03181	0.03120	0.10944	0.03104	0.01638	0.01054	0.00338	0.00973	0.18970	0.00686	0.01117
13	0.01712	0.00856	0.00856	0.00856	0.01070	0.00856	0.00642	0.02139	0.01926	0.03423	0.02995	0.03423	0.02353	0.01070	0.00642	0.00214	0.00428	0.00856	0.72828	0.00856
14	0.02681	0.01956	0.02150	0.01731	0.02237	0.02114	0.01367	0.37586	0.03469	0.04690	0.14611	0.03796	0.03326	0.12250	0.01572	0.00380	0.00871	0.01083	0.00878	0.01252
15	0.02314	0.58437	0.07815	0.01622	0.02382	0.03318	0.01636	0.02656	0.01834	0.02200	0.01407	0.01697	0.01281	0.01355	0.06483	0.00320	0.01140	0.00547	0.00402	0.01155
16	0.01134	0.00845	0.01038	0.01169	0.01293	0.00769	0.00798	0.01319	0.01868	0.02427	0.09409	0.45499	0.19881	0.06388	0.01345	0.00382	0.00530	0.02313	0.00845	0.00750
17	0.25843	0.02960	0.02092	0.01864	0.02379	0.30220	0.01447	0.06694	0.05607	0.06144	0.01725	0.01926	0.01358	0.01303	0.04501	0.00334	0.01266	0.00641	0.00591	0.01105

[dist]
# distance from previous block
# <min> <max>
0	4

[block]
# block no. 3 follows, 18 sequences, length 20
# corresponding to MSA columns:
# 128-147
name=unknown_D
#
# <colnr> <probs for GDERKNQSTAVLIFYWHMCP>
#	G	D	E	R	K	N	Q	S	T	A	V	L	I	F	Y	W	H	M	C	P
0	0.03298	0.03178	0.02667	0.02217	0.02789	0.25811	0.01760	0.31263	0.06370	0.04097	0.01917	0.02048	0.01458	0.01088	0.01037	0.00272	0.05943	0.00748	0.00715	0.01329
1	0.02413	0.02150	0.02514	0.24208	0.03827	0.09517	0.01938	0.19742	0.02604	0.03346	0.01907	0.02462	0.01510	0.02062	0.12130	0.00499	0.04606	0.00822	0.00587	0.01155
2	0.01335	0.00890	0.01001	0.01001	0.01001	0.00890	0.00556	0.01335	0.01335	0.01780	0.02893	0.06009	0.03338	0.67731	0.04673	0.00890	0.00890	0.01335	0.00556	0.00556
3	0.01318	0.00961	0.01358	0.01358	0.01481	0.01084	0.01001	0.01564	0.01441	0.02044	0.02567	0.04204	0.02554	0.21998	0.49335	0.01330	0.02070	0.01071	0.00508	0.00754
4	0.01712	0.00856	0.00856	0.00856	0.01070	0.00856	0.00642	0.02139	0.01926	0.03423	0.02995	0.03423	0.02353	0.01070	0.00642	0.00214	0.00428	0.00856	0.72828	0.00856
5	0.07357	0.02865	0.19994	0.04478	0.41546	0.02159	0.02845	0.02834	0.02010	0.03055	0.01673	0.02123	0.01340	0.00836	0.00874	0.00279	0.01137	0.00756	0.00444	0.01394
6	0.06986	0.03083	0.14698	0.14830	0.19842	0.16401	0.02469	0.05904	0.02216	0.02907	0.01620	0.02044	0.01269	0.00894	0.00864	0.00275	0.01269	0.00718	0.00469	0.01242
7	0.25319	0.17899	0.02706	0.01826	0.02399	0.31136	0.01485	0.03159	0.02112	0.02812	0.01343	0.01563	0.01123	0.00881	0.00693	0.00242	0.01209	0.00539	0.00485	0.01068
8	0.01134	0.00806	0.01061	0.01258	0.01308	0.00756	0.00831	0.01283	0.01727	0.02303	0.04903	0.62672	0.05873	0.07609	0.01427	0.00411	0.00559	0.02517	0.00831	0.00732
9	0.03116	0.03593	0.02466	0.02211	0.02714	0.42977	0.01683	0.07570	0.18717	0.02917	0.02112	0.02182	0.01656	0.01039	0.00863	0.00260	0.01357	0.00730	0.00630	0.01204
10	0.01645	0.03759	0.46877	0.02179	0.03265	0.01780	0.02693	0.02495	0.01979	0.02797	0.03634	0.03728	0.16851	0.01249	0.00928	0.00296	0.01126	0.01005	0.00508	0.01206
11	0.01119	0.00799	0.01065	0.01278	0.01332	0.00746	0.00852	0.01278	0.01758	0.02344	0.05061	0.67132	0.06073	0.02877	0.01172	0.00373	0.00533	0.02610	0.00852	0.00746
12	0.01865	0.02080	0.06831	0.01877	0.02153	0.12801	0.01570	0.02195	0.01695	0.02211	0.01996	0.02946	0.01855	0.07397	0.33358	0.00930	0.13971	0.00873	0.00467	0.00928
13	0.01232	0.00936	0.01134	0.01085	0.01331	0.00838	0.00813	0.01603	0.02440	0.03305	0.45153	0.07479	0.25264	0.02018	0.01084	0.00295	0.00443	0.01747	0.00961	0.00838
14	0.02455	0.68284	0.04811	0.01571	0.02357	0.03633	0.01571	0.02749	0.01866	0.02160	0.01277	0.01473	0.01178	0.00786	0.00589	0.00196	0.00982	0.00491	0.00393	0.01178
15	0.03161	0.10587	0.02736	0.02214	0.02694	0.52876	0.01703	0.03411	0.02437	0.02229	0.01488	0.01794	0.01271	0.01406	0.05874	0.00332	0.01652	0.00613	0.00466	0.01056
16	0.01364	0.01077	0.01425	0.05243	0.05549	0.01062	0.01117	0.01787	0.05384	0.02728	0.15093	0.26344	0.15181	0.06425	0.01330	0.00371	0.00638	0.06200	0.00814	0.00870
17	0.02091	0.18334	0.34556	0.03166	0.18667	0.02482	0.02835	0.02849	0.01962	0.02764	0.01585	0.01921	0.01242	0.00839	0.00818	0.00265	0.01204	0.00673	0.00406	0.01342
18	0.02679	0.05033	0.02069	0.01650	0.02093	0.01646	0.01316	0.13212	0.02469	0.22582	0.03336	0.19472	0.03014	0.02292	0.08814	0.00453	0.04474	0.01321	0.00865	0.01209
19	0.01335	0.00890	0.01001	0.01001	0.01001	0.00890	0.00556	0.01335	0.01335	0.01780	0.02893	0.06009	0.03338	0.67731	0.04673	0.00890	0.00890	0.01335	0.00556	0.00556

[dist]
# distance from previous block
# <min> <max>
0	1

[block]
# block no. 4 follows, 18 sequences, length 11
# corresponding to MSA columns:
# 149-159
name=unknown_E
#
# <colnr> <probs for GDERKNQSTAVLIFYWHMCP>
#	G	D	E	R	K	N	Q	S	T	A	V	L	I	F	Y	W	H	M	C	P
0	0.01271	0.00878	0.01070	0.01108	0.01172	0.00847	0.00704	0.01411	0.01734	0.02361	0.16851	0.22034	0.05263	0.35885	0.02946	0.00619	0.00693	0.01740	0.00737	0.00676
1	0.02407	0.02485	0.03421	0.04662	0.44206	0.11550	0.02540	0.02854	0.02065	0.02769	0.01603	0.02141	0.01376	0.00956	0.01212	0.00287	0.10908	0.00782	0.00449	0.01329
2	0.02483	0.02750	0.02917	0.02989	0.13485	0.21050	0.02087	0.02758	0.01890	0.02366	0.01365	0.01951	0.01244	0.01264	0.01972	0.00329	0.34818	0.00743	0.00433	0.01105
3	0.02274	0.02149	0.03470	0.05049	0.52724	0.02198	0.02606	0.03139	0.11158	0.03131	0.02040	0.02452	0.01664	0.00885	0.00913	0.00279	0.01034	0.00852	0.00529	0.01454
4	0.02493	0.18307	0.26148	0.02625	0.09278	0.20873	0.02453	0.03089	0.02136	0.02557	0.01507	0.01787	0.01202	0.00870	0.00801	0.00252	0.01336	0.00626	0.00421	0.01241
5	0.02355	0.08458	0.41381	0.02479	0.03536	0.20780	0.02798	0.03126	0.02133	0.02665	0.01557	0.01826	0.01170	0.00889	0.00842	0.00269	0.01424	0.00641	0.00414	0.01259
6	0.01131	0.00923	0.00943	0.00943	0.01196	0.00796	0.00672	0.01321	0.01954	0.02352	0.08125	0.08317	0.50924	0.14339	0.01744	0.00417	0.00543	0.01827	0.00798	0.00735
7	0.02443	0.02263	0.02114	0.01871	0.02382	0.11715	0.01444	0.10015	0.34490	0.03582	0.03177	0.09478	0.02637	0.01307	0.00920	0.00288	0.00878	0.01068	0.00821	0.07107
8	0.01329	0.00899	0.01044	0.01030	0.01071	0.00886	0.00614	0.01410	0.01572	0.02136	0.13865	0.06168	0.04335	0.55407	0.04001	0.00778	0.00805	0.01396	0.00641	0.00614
9	0.02492	0.02527	0.02933	0.03543	0.27071	0.17130	0.02117	0.02877	0.02078	0.05231	0.01711	0.02198	0.01447	0.01442	0.06144	0.00367	0.10536	0.00757	0.00491	0.06908
10	0.02622	0.22706	0.02990	0.01911	0.02402	0.30634	0.01561	0.02898	0.02107	0.02193	0.01630	0.02076	0.01452	0.02343	0.16149	0.00526	0.01649	0.00657	0.00454	0.01039

[dist]
# distance from previous block
# <min> <max>
0	1

[block]
# block no. 5 follows, 18 sequences, length 18
# corresponding to MSA columns:
# 161-178
name=unknown_F
#
# <colnr> <probs for GDERKNQSTAVLIFYWHMCP>
#	G	D	E	R	K	N	Q	S	T	A	V	L	I	F	Y	W	H	M	C	P
0	0.01308	0.00919	0.01127	0.01106	0.01209	0.00912	0.00734	0.01491	0.01762	0.02417	0.20149	0.06087	0.08007	0.36742	0.11513	0.00763	0.00948	0.01415	0.00696	0.00694
1	0.02366	0.59059	0.13256	0.01723	0.02591	0.03415	0.01836	0.02772	0.01876	0.02269	0.01330	0.01541	0.01176	0.00798	0.00630	0.00210	0.01036	0.00518	0.00392	0.01204
2	0.02012	0.01794	0.02558	0.42834	0.04951	0.02165	0.02178	0.06899	0.18925	0.03011	0.02279	0.02714	0.01703	0.01025	0.00923	0.00306	0.01066	0.00881	0.00595	0.01182
3	0.01712	0.00856	0.00856	0.00856	0.01070	0.00856	0.00642	0.02139	0.01926	0.03423	0.02995	0.03423	0.02353	0.01070	0.00642	0.00214	0.00428	0.00856	0.72828	0.00856
4	0.01691	0.01240	0.01563	0.01458	0.01727	0.01307	0.01115	0.12705	0.02437	0.03370	0.21482	0.17247	0.04919	0.03378	0.19293	0.00647	0.01151	0.01496	0.00811	0.00963
5	0.01750	0.01251	0.01474	0.01343	0.01690	0.01253	0.01030	0.02696	0.17189	0.08392	0.34422	0.05971	0.14427	0.01722	0.01032	0.00297	0.00541	0.01483	0.00978	0.01059
6	0.02375	0.02170	0.03305	0.04566	0.44799	0.02258	0.02447	0.07858	0.14333	0.03403	0.02182	0.02506	0.01742	0.00930	0.00915	0.00281	0.01009	0.00864	0.00592	0.01463
7	0.02120	0.03036	0.22604	0.04402	0.34529	0.02189	0.12033	0.02866	0.02055	0.02961	0.01723	0.02201	0.01353	0.00828	0.00926	0.00284	0.01248	0.00817	0.00435	0.01389
8	0.02685	0.48704	0.04204	0.02002	0.05928	0.18440	0.01693	0.02979	0.02060	0.02230	0.01338	0.01564	0.01195	0.00827	0.00667	0.00211	0.01154	0.00535	0.00416	0.01166
9	0.01774	0.01660	0.02610	0.15529	0.31122	0.01686	0.02061	0.02228	0.02043	0.02702	0.04230	0.04491	0.21443	0.01339	0.00969	0.00292	0.00908	0.01190	0.00578	0.01145
10	0.01998	0.01821	0.02949	0.16963	0.34010	0.01926	0.02393	0.02670	0.05975	0.02869	0.02492	0.04060	0.02291	0.01223	0.00987	0.00313	0.01043	0.12220	0.00558	0.01238
11	0.03430	0.04376	0.02602	0.02365	0.02839	0.64045	0.01774	0.03666	0.02602	0.02247	0.01419	0.01656	0.01183	0.00946	0.00828	0.00237	0.01656	0.00591	0.00473	0.01064
12	0.01192	0.00950	0.01078	0.01092	0.01367	0.00837	0.00850	0.01498	0.02212	0.02795	0.20617	0.08604	0.41311	0.02253	0.01111	0.00322	0.00513	0.09704	0.00888	0.00806
13	0.01312	0.00984	0.01476	0.01476	0.01640	0.01148	0.01148	0.01640	0.01476	0.02131	0.02459	0.03607	0.02295	0.06886	0.64092	0.01476	0.02459	0.00984	0.00492	0.00820
14	0.01904	0.01632	0.01904	0.01360	0.02176	0.01224	0.01088	0.02312	0.01904	0.02992	0.01632	0.01904	0.01360	0.00680	0.00680	0.00136	0.00680	0.00544	0.00544	0.73344
15	0.01304	0.00921	0.01132	0.01132	0.01210	0.00953	0.00741	0.01422	0.01451	0.01951	0.03402	0.05594	0.08810	0.43656	0.21503	0.01002	0.01302	0.01293	0.00567	0.00654
16	0.01366	0.01020	0.01321	0.01471	0.01711	0.00975	0.01253	0.01733	0.02108	0.02670	0.06146	0.09917	0.21581	0.02475	0.01215	0.00390	0.00735	0.40239	0.00848	0.00825
17	0.03436	0.04197	0.02617	0.02340	0.02839	0.57984	0.01771	0.09141	0.02772	0.02598	0.01497	0.01710	0.01220	0.00962	0.00837	0.00240	0.01592	0.00615	0.00517	0.01114

[dist]
# distance from previous block
# <min> <max>
0	1

[block]
# block no. 6 follows, 18 sequences, length 37
# corresponding to MSA columns:
# 180-216
name=unknown_G
#
# <colnr> <probs for GDERKNQSTAVLIFYWHMCP>
#	G	D	E	R	K	N	Q	S	T	A	V	L	I	F	Y	W	H	M	C	P
0	0.03430	0.04376	0.02602	0.02365	0.02839	0.64045	0.01774	0.03666	0.02602	0.02247	0.01419	0.01656	0.01183	0.00946	0.00828	0.00237	0.01656	0.00591	0.00473	0.01064
1	0.01164	0.00912	0.01065	0.01146	0.01365	0.00812	0.00859	0.01418	0.02044	0.02575	0.11742	0.24976	0.34491	0.02470	0.01133	0.00341	0.00532	0.09307	0.00864	0.00784
2	0.01320	0.00952	0.01315	0.01315	0.01423	0.01060	0.00947	0.01536	0.01428	0.02012	0.02607	0.04422	0.02649	0.27529	0.43934	0.01277	0.01927	0.01103	0.00514	0.00730
3	0.01094	0.00894	0.00968	0.01026	0.01265	0.00767	0.00740	0.01307	0.02000	0.02443	0.08131	0.24932	0.46291	0.02478	0.01109	0.00327	0.00484	0.02123	0.00853	0.00767
4	0.01365	0.01027	0.01435	0.01408	0.01515	0.01189	0.01043	0.01594	0.01432	0.02040	0.02495	0.04162	0.02510	0.23330	0.43567	0.01242	0.06315	0.01069	0.00504	0.00760
5	0.01712	0.00856	0.00856	0.00856	0.01070	0.00856	0.00642	0.02139	0.01926	0.03423	0.02995	0.03423	0.02353	0.01070	0.00642	0.00214	0.00428	0.00856	0.72828	0.00856
6	0.02273	0.02182	0.03727	0.05636	0.62003	0.02182	0.02818	0.02818	0.02091	0.03000	0.01727	0.02273	0.01454	0.00818	0.00909	0.00273	0.01091	0.00818	0.00455	0.01454
7	0.02750	0.02313	0.02794	0.26652	0.07179	0.06638	0.02110	0.30637	0.03136	0.04086	0.01907	0.02264	0.01401	0.01007	0.00912	0.00284	0.01140	0.00806	0.00669	0.01315
8	0.02082	0.01626	0.01922	0.01382	0.02190	0.01234	0.01109	0.02486	0.01962	0.07795	0.01792	0.02002	0.01433	0.00717	0.00700	0.00148	0.00688	0.00575	0.00592	0.67564
9	0.16878	0.13856	0.02649	0.01966	0.02490	0.38951	0.01556	0.03221	0.02221	0.02590	0.01427	0.01702	0.01207	0.01230	0.04225	0.00308	0.01410	0.00579	0.00480	0.01056
10	0.01203	0.00935	0.01093	0.01054	0.01312	0.00825	0.00790	0.01546	0.02371	0.03141	0.37994	0.07750	0.32526	0.02079	0.01084	0.00298	0.00448	0.01785	0.00940	0.00825
11	0.01712	0.00856	0.00856	0.00856	0.01070	0.00856	0.00642	0.02139	0.01926	0.03423	0.02995	0.03423	0.02353	0.01070	0.00642	0.00214	0.00428	0.00856	0.72828	0.00856
12	0.01119	0.00799	0.01065	0.01278	0.01332	0.00746	0.00852	0.01278	0.01758	0.02344	0.05061	0.67132	0.06073	0.02877	0.01172	0.00373	0.00533	0.02610	0.00852	0.00746
13	0.02697	0.52417	0.04263	0.01768	0.02476	0.18632	0.01621	0.02977	0.02048	0.02182	0.01312	0.01518	0.01179	0.00825	0.00648	0.00206	0.01149	0.00516	0.00413	0.01150
14	0.02311	0.01861	0.01988	0.01777	0.02292	0.02099	0.01385	0.04565	0.51755	0.07703	0.04177	0.03841	0.07504	0.01325	0.00946	0.00309	0.00709	0.01103	0.00941	0.01406
15	0.01712	0.00856	0.00856	0.00856	0.01070	0.00856	0.00642	0.02139	0.01926	0.03423	0.02995	0.03423	0.02353	0.01070	0.00642	0.00214	0.00428	0.00856	0.72828	0.00856
16	0.74217	0.01776	0.01350	0.01207	0.01776	0.02060	0.00994	0.02699	0.01563	0.04120	0.01278	0.01492	0.00994	0.00852	0.00568	0.00284	0.00710	0.00497	0.00568	0.00994
17	0.01800	0.01647	0.02691	0.29830	0.23461	0.01801	0.02246	0.02331	0.02046	0.02756	0.09607	0.03829	0.06517	0.01193	0.00967	0.00300	0.01011	0.04298	0.00552	0.01118
18	0.01712	0.00856	0.00856	0.00856	0.01070	0.00856	0.00642	0.02139	0.01926	0.03423	0.02995	0.03423	0.02353	0.01070	0.00642	0.00214	0.00428	0.00856	0.72828	0.00856
19	0.03681	0.02266	0.02566	0.01967	0.02695	0.02393	0.01625	0.42418	0.03805	0.23034	0.02635	0.02484	0.01777	0.01113	0.00920	0.00278	0.00941	0.00856	0.00985	0.01562
20	0.01988	0.07832	0.44401	0.02369	0.03484	0.02259	0.02803	0.03388	0.16435	0.03095	0.02144	0.02280	0.01571	0.00960	0.00871	0.00290	0.01178	0.00757	0.00524	0.01370
21	0.07009	0.03061	0.02433	0.06321	0.09980	0.35572	0.01768	0.02992	0.02190	0.02434	0.01683	0.02185	0.01444	0.02189	0.14310	0.00512	0.01675	0.00711	0.00477	0.01053
22	0.02808	0.03374	0.02337	0.02148	0.02512	0.44293	0.01634	0.03065	0.02242	0.02216	0.01663	0.02164	0.01461	0.02466	0.16682	0.00555	0.06205	0.00703	0.00473	0.01000
23	0.02010	0.07989	0.56223	0.02502	0.03790	0.02167	0.03173	0.02992	0.01976	0.06414	0.01745	0.01984	0.01230	0.00883	0.00860	0.00285	0.01303	0.00683	0.00432	0.01360
24	0.74217	0.01776	0.01350	0.01207	0.01776	0.02060	0.00994	0.02699	0.01563	0.04120	0.01278	0.01492	0.00994	0.00852	0.00568	0.00284	0.00710	0.00497	0.00568	0.00994
25	0.01335	0.00890	0.01001	0.01001	0.01001	0.00890	0.00556	0.01335	0.01335	0.01780	0.02893	0.06009	0.03338	0.67731	0.04673	0.00890	0.00890	0.01335	0.00556	0.00556
26	0.01262	0.00944	0.01203	0.01357	0.01547	0.00885	0.01075	0.01553	0.02000	0.02552	0.06145	0.27098	0.21045	0.02581	0.01189	0.00377	0.00646	0.24896	0.00850	0.00796
27	0.01712	0.00856	0.00856	0.00856	0.01070	0.00856	0.00642	0.02139	0.01926	0.03423	0.02995	0.03423	0.02353	0.01070	0.00642	0.00214	0.00428	0.00856	0.72828	0.00856
28	0.03111	0.25268	0.03324	0.02106	0.02681	0.44296	0.01708	0.03367	0.02361	0.02219	0.01373	0.01596	0.01181	0.00894	0.00750	0.00223	0.01436	0.00559	0.00447	0.01102
29	0.03297	0.04160	0.02614	0.07332	0.03113	0.59169	0.01835	0.03563	0.02542	0.02255	0.01436	0.01718	0.01186	0.00944	0.00835	0.00242	0.01622	0.00609	0.00468	0.01061
30	0.01712	0.00856	0.00856	0.00856	0.01070	0.00856	0.00642	0.02139	0.01926	0.03423	0.02995	0.03423	0.02353	0.01070	0.00642	0.00214	0.00428	0.00856	0.72828	0.00856
31	0.01419	0.01190	0.01514	0.01739	0.09874	0.01122	0.01112	0.01950	0.06847	0.03073	0.25749	0.06813	0.30387	0.01876	0.01048	0.00298	0.00562	0.01615	0.00858	0.00955
32	0.02179	0.19327	0.19478	0.03360	0.16240	0.02569	0.18531	0.02859	0.02018	0.02751	0.01632	0.02048	0.01295	0.00811	0.00870	0.00269	0.01261	0.00777	0.00425	0.01300
33	0.07308	0.15839	0.03262	0.02516	0.07603	0.36272	0.06246	0.05880	0.02405	0.02623	0.01480	0.01751	0.01227	0.00894	0.00798	0.00242	0.01388	0.00635	0.00482	0.01150
34	0.01312	0.00984	0.01476	0.01476	0.01640	0.01148	0.01148	0.01640	0.01476	0.02131	0.02459	0.03607	0.02295	0.06886	0.64092	0.01476	0.02459	0.00984	0.00492	0.00820
35	0.01898	0.19668	0.02475	0.01514	0.01859	0.01928	0.01259	0.02167	0.01650	0.06855	0.02198	0.03195	0.02052	0.12576	0.29475	0.00877	0.06004	0.00878	0.00518	0.00954
36	0.02273	0.02182	0.03727	0.05636	0.62003	0.02182	0.02818	0.02818	0.02091	0.03000	0.01727	0.02273	0.01454	0.00818	0.00909	0.00273	0.01091	0.00818	0.00455	0.01454

[dist]
# distance from previous block
# <min> <max>
0	1

[block]
# block no. 7 follows, 18 sequences, length 16
# corresponding to MSA columns:
# 218-233
name=unknown_H
#
# <colnr> <probs for GDERKNQSTAVLIFYWHMCP>
#	G	D	E	R	K	N	Q	S	T	A	V	L	I	F	Y	W	H	M	C	P
0	0.03430	0.04376	0.02602	0.02365	0.02839	0.64045	0.01774	0.03666	0.02602	0.02247	0.01419	0.01656	0.01183	0.00946	0.00828	0.00237	0.01656	0.00591	0.00473	0.01064
1	0.01085	0.00930	0.00930	0.00930	0.01240	0.00775	0.00698	0.01318	0.02093	0.02480	0.09302	0.08837	0.61631	0.02325	0.01085	0.00310	0.00465	0.01938	0.00853	0.00775
2	0.01321	0.00948	0.01296	0.01296	0.01398	0.01050	0.00924	0.01525	0.01423	0.01999	0.02623	0.04515	0.02690	0.29891	0.41626	0.01254	0.01866	0.01117	0.00516	0.00720
3	0.01123	0.00836	0.01047	0.01197	0.01315	0.00760	0.00820	0.01315	0.01882	0.02457	0.09514	0.50923	0.18073	0.02696	0.01148	0.00354	0.00512	0.02407	0.00862	0.00760
4	0.02273	0.02182	0.03727	0.05636	0.62003	0.02182	0.02818	0.02818	0.02091	0.03000	0.01727	0.02273	0.01454	0.00818	0.00909	0.00273	0.01091	0.00818	0.00455	0.01454
5	0.01312	0.00984	0.01476	0.01476	0.01640	0.01148	0.01148	0.01640	0.01476	0.02131	0.02459	0.03607	0.02295	0.06886	0.64092	0.01476	0.02459	0.00984	0.00492	0.00820
6	0.08367	0.02141	0.02429	0.01873	0.02588	0.02234	0.01547	0.34807	0.03502	0.27017	0.02676	0.02503	0.01791	0.01099	0.00897	0.00279	0.00905	0.00841	0.00977	0.01525
7	0.02335	0.02278	0.02464	0.02795	0.16969	0.11593	0.01778	0.03803	0.30560	0.03215	0.03111	0.03173	0.05355	0.01489	0.04679	0.00360	0.01048	0.00961	0.00715	0.01320
8	0.01712	0.00856	0.00856	0.00856	0.01070	0.00856	0.00642	0.02139	0.01926	0.03423	0.02995	0.03423	0.02353	0.01070	0.00642	0.00214	0.00428	0.00856	0.72828	0.00856
9	0.02069	0.01974	0.03359	0.28253	0.40976	0.02128	0.02717	0.02640	0.01995	0.02753	0.01691	0.02339	0.01367	0.00856	0.00912	0.00285	0.01141	0.00817	0.00437	0.01290
10	0.02155	0.02432	0.10902	0.12455	0.48176	0.02159	0.02856	0.02772	0.02041	0.02910	0.01706	0.02252	0.01391	0.00837	0.00906	0.00279	0.01140	0.00801	0.00441	0.01390
11	0.01712	0.00856	0.00856	0.00856	0.01070	0.00856	0.00642	0.02139	0.01926	0.03423	0.02995	0.03423	0.02353	0.01070	0.00642	0.00214	0.00428	0.00856	0.72828	0.00856
12	0.01319	0.00953	0.01322	0.01322	0.01433	0.01064	0.00956	0.01541	0.01430	0.02018	0.02600	0.04385	0.02633	0.26594	0.44846	0.01286	0.01951	0.01098	0.00513	0.00734
13	0.02517	0.02432	0.02835	0.02554	0.06482	0.10315	0.01977	0.14516	0.02219	0.03028	0.01479	0.02024	0.01295	0.01366	0.02159	0.00346	0.39989	0.00783	0.00524	0.01160
14	0.01812	0.01411	0.01552	0.01368	0.01765	0.01431	0.01066	0.14162	0.09893	0.03726	0.23334	0.06143	0.25130	0.01793	0.01030	0.00296	0.00604	0.01504	0.00926	0.01054
15	0.01102	0.00923	0.00959	0.00967	0.01255	0.00779	0.00719	0.01343	0.02106	0.02553	0.12551	0.12334	0.54607	0.02330	0.01090	0.00313	0.00467	0.01961	0.00863	0.00779

[dist]
# distance from previous block
# <min> <max>
0	1

[block]
# block no. 8 follows, 18 sequences, length 17
# corresponding to MSA columns:
# 235-251
name=unknown_I
#
# <colnr> <probs for GDERKNQSTAVLIFYWHMCP>
#	G	D	E	R	K	N	Q	S	T	A	V	L	I	F	Y	W	H	M	C	P
0	0.01482	0.01085	0.01230	0.01209	0.01333	0.01129	0.00788	0.02024	0.12426	0.02417	0.09171	0.12675	0.04088	0.41348	0.03218	0.00663	0.00773	0.01460	0.00706	0.00775
1	0.01722	0.01354	0.01476	0.01315	0.01702	0.01353	0.01021	0.12488	0.09204	0.03565	0.21265	0.06473	0.29786	0.01858	0.01037	0.00298	0.00587	0.01557	0.00916	0.01021
2	0.01156	0.00889	0.01058	0.01109	0.01307	0.00791	0.00796	0.01420	0.02121	0.02767	0.22340	0.27730	0.28443	0.02385	0.01114	0.00325	0.00479	0.02085	0.00896	0.00791
3	0.01210	0.00864	0.01012	0.01089	0.01166	0.00816	0.00690	0.01311	0.01629	0.02115	0.04867	0.28763	0.15115	0.32044	0.02736	0.00595	0.00682	0.01910	0.00719	0.00666
4	0.01586	0.01533	0.02118	0.01758	0.02201	0.04238	0.13036	0.02190	0.08613	0.02655	0.05929	0.06062	0.32297	0.06153	0.05119	0.00414	0.00925	0.01499	0.00722	0.00952
5	0.01444	0.01128	0.01299	0.01333	0.01590	0.01124	0.01041	0.02070	0.11188	0.02657	0.05877	0.07962	0.24111	0.13792	0.01754	0.00449	0.00702	0.18800	0.00811	0.00866
6	0.06501	0.01118	0.01366	0.01294	0.01624	0.01025	0.00976	0.02294	0.02086	0.18879	0.07842	0.24465	0.16589	0.05636	0.01240	0.00356	0.00626	0.04191	0.00903	0.00989
7	0.01195	0.00916	0.01073	0.01068	0.01288	0.00818	0.00775	0.01486	0.02211	0.02913	0.29985	0.14389	0.29339	0.06810	0.01347	0.00349	0.00489	0.01856	0.00897	0.00794
8	0.01312	0.00984	0.01476	0.01476	0.01640	0.01148	0.01148	0.01640	0.01476	0.02131	0.02459	0.03607	0.02295	0.06886	0.64092	0.01476	0.02459	0.00984	0.00492	0.00820
9	0.01849	0.01162	0.01269	0.01183	0.01428	0.01198	0.00866	0.11896	0.02258	0.03408	0.06422	0.13364	0.03294	0.13012	0.01498	0.00371	0.00627	0.01241	0.32739	0.00913
10	0.01254	0.00973	0.01024	0.01012	0.01209	0.00907	0.00683	0.01526	0.05075	0.02275	0.06402	0.07390	0.34795	0.28649	0.02524	0.00544	0.00651	0.01644	0.00738	0.00725
11	0.01165	0.00877	0.01079	0.01148	0.01320	0.00791	0.00815	0.01429	0.02106	0.02792	0.23569	0.33019	0.21701	0.02422	0.01121	0.00330	0.00484	0.02138	0.00901	0.00791
12	0.02217	0.01552	0.01732	0.01480	0.01875	0.01601	0.01129	0.22821	0.02828	0.07061	0.10638	0.11160	0.13809	0.13910	0.01687	0.00407	0.00766	0.01395	0.00856	0.01076
13	0.01230	0.00862	0.01055	0.01131	0.01199	0.00822	0.00726	0.01366	0.01720	0.02307	0.12200	0.31050	0.08173	0.28986	0.02574	0.00568	0.00660	0.01928	0.00754	0.00687
14	0.02078	0.01200	0.01466	0.01296	0.01684	0.01127	0.01009	0.05720	0.02237	0.18079	0.08622	0.05759	0.25762	0.06790	0.12402	0.00542	0.00957	0.01389	0.00856	0.01024
15	0.01311	0.00880	0.01009	0.01033	0.01039	0.00874	0.00590	0.01329	0.01383	0.01844	0.03137	0.12898	0.03646	0.60422	0.04279	0.00832	0.00850	0.01479	0.00590	0.00578
16	0.01295	0.00873	0.01013	0.01053	0.01063	0.00863	0.00611	0.01325	0.01413	0.01885	0.03294	0.17315	0.03844	0.55735	0.04026	0.00794	0.00824	0.01571	0.00611	0.00591

[dist]
# distance from previous block
# <min> <max>
0	1

[block]
# block no. 9 follows, 18 sequences, length 62
# corresponding to MSA columns:
# 253-314
name=unknown_J
#
# <colnr> <probs for GDERKNQSTAVLIFYWHMCP>
#	G	D	E	R	K	N	Q	S	T	A	V	L	I	F	Y	W	H	M	C	P
0	0.01340	0.00894	0.01088	0.01207	0.01361	0.00855	0.00899	0.01613	0.01883	0.02637	0.04969	0.27617	0.12496	0.07849	0.01364	0.00385	0.00600	0.13789	0.16376	0.00780
1	0.01289	0.01036	0.01163	0.01132	0.01414	0.00966	0.00847	0.01838	0.08495	0.03024	0.26108	0.11680	0.33456	0.02096	0.01074	0.00307	0.00487	0.01794	0.00915	0.00877
2	0.01111	0.00827	0.01036	0.01203	0.01312	0.00752	0.00819	0.01287	0.01830	0.02373	0.05977	0.54538	0.18076	0.02758	0.01153	0.00359	0.00518	0.02465	0.00852	0.00752
3	0.01460	0.01128	0.01414	0.01340	0.01360	0.01292	0.00917	0.01547	0.01475	0.02055	0.06831	0.10400	0.03484	0.43306	0.03765	0.00698	0.14905	0.01352	0.00580	0.00691
4	0.02273	0.02182	0.03727	0.05636	0.62003	0.02182	0.02818	0.02818	0.02091	0.03000	0.01727	0.02273	0.01454	0.00818	0.00909	0.00273	0.01091	0.00818	0.00455	0.01454
5	0.01607	0.00889	0.01018	0.01018	0.01219	0.00932	0.00774	0.02008	0.01808	0.03085	0.02855	0.03471	0.02338	0.02594	0.17274	0.00545	0.00960	0.00889	0.53867	0.00846
6	0.01100	0.00931	0.00951	0.00946	0.01249	0.00781	0.00709	0.01347	0.02128	0.02564	0.12944	0.08699	0.57936	0.02294	0.01085	0.00309	0.00463	0.01918	0.00864	0.00781
7	0.03430	0.04376	0.02602	0.02365	0.02839	0.64045	0.01774	0.03666	0.02602	0.02247	0.01419	0.01656	0.01183	0.00946	0.00828	0.00237	0.01656	0.00591	0.00473	0.01064
8	0.01196	0.00935	0.01084	0.01047	0.01308	0.00822	0.00785	0.01533	0.02355	0.03103	0.36360	0.07812	0.34184	0.02093	0.01084	0.00299	0.00449	0.01794	0.00935	0.00822
9	0.03490	0.02572	0.02756	0.02113	0.02847	0.02847	0.01745	0.58942	0.04317	0.05787	0.02204	0.02204	0.01561	0.01102	0.00919	0.00276	0.01010	0.00827	0.00919	0.01561
10	0.01119	0.00799	0.01065	0.01278	0.01332	0.00746	0.00852	0.01278	0.01758	0.02344	0.05061	0.67132	0.06073	0.02877	0.01172	0.00373	0.00533	0.02610	0.00852	0.00746
11	0.01312	0.00984	0.01476	0.01476	0.01640	0.01148	0.01148	0.01640	0.01476	0.02131	0.02459	0.03607	0.02295	0.06886	0.64092	0.01476	0.02459	0.00984	0.00492	0.00820
12	0.01335	0.00890	0.01001	0.01001	0.01001	0.00890	0.00556	0.01335	0.01335	0.01780	0.02893	0.06009	0.03338	0.67731	0.04673	0.00890	0.00890	0.01335	0.00556	0.00556
13	0.01373	0.01065	0.01557	0.01523	0.01662	0.01272	0.01181	0.01668	0.01460	0.02115	0.02382	0.03633	0.02273	0.10523	0.54910	0.01345	0.07760	0.00992	0.00489	0.00818
14	0.02081	0.05982	0.03697	0.02793	0.03112	0.02715	0.18707	0.02457	0.01657	0.02423	0.01402	0.02116	0.01259	0.01314	0.02303	0.00363	0.43248	0.00868	0.00420	0.01084
15	0.01486	0.01280	0.01282	0.01288	0.01443	0.07869	0.00895	0.01691	0.01910	0.02443	0.15553	0.19313	0.10157	0.20100	0.08660	0.00589	0.00929	0.01622	0.00725	0.00765
16	0.06247	0.30413	0.03449	0.01988	0.02593	0.36505	0.01656	0.03247	0.02253	0.02297	0.01354	0.01573	0.01172	0.00876	0.00718	0.00222	0.01337	0.00546	0.00445	0.01108
17	0.01148	0.00933	0.01018	0.00997	0.01279	0.00802	0.00747	0.01440	0.02242	0.02835	0.24714	0.08253	0.45998	0.02193	0.01085	0.00304	0.00456	0.01856	0.00899	0.00802
