[name]
unknown

[dist]
# distance from previous block
# <min> <max>
1	12

[block]
# block no. 0 follows, 22 sequences, length 10
# corresponding to MSA columns:
# 12-21
name=unknown_A
#
# <colnr> <probs for GDERKNQSTAVLIFYWHMCP>
#	G	D	E	R	K	N	Q	S	T	A	V	L	I	F	Y	W	H	M	C	P
0	0.07918	0.11341	0.48728	0.02259	0.03336	0.02090	0.08023	0.02602	0.01737	0.02648	0.01443	0.01717	0.01060	0.00771	0.00755	0.00255	0.01157	0.00614	0.00371	0.01173
1	0.06979	0.02394	0.02128	0.01817	0.02341	0.15820	0.01432	0.22069	0.29060	0.03732	0.02388	0.02324	0.01789	0.01010	0.00802	0.00256	0.00911	0.00768	0.00735	0.01248
2	0.01984	0.01759	0.02864	0.26019	0.36373	0.01898	0.02286	0.02654	0.07396	0.06025	0.01789	0.02244	0.01395	0.00821	0.00828	0.00261	0.00983	0.00762	0.00469	0.01189
3	0.01943	0.02085	0.02274	0.01988	0.02223	0.18820	0.06692	0.02218	0.01634	0.02040	0.01588	0.02276	0.01444	0.02903	0.24702	0.00657	0.22461	0.00756	0.00414	0.00883
4	0.01700	0.01806	0.12566	0.01481	0.01965	0.01443	0.01351	0.12199	0.11573	0.03122	0.15346	0.07233	0.15258	0.01562	0.01100	0.06737	0.00699	0.01162	0.00712	0.00987
5	0.01913	0.01794	0.02855	0.23430	0.36997	0.01952	0.02267	0.02741	0.12455	0.02668	0.01848	0.02281	0.01462	0.00833	0.00829	0.00262	0.00966	0.00774	0.00473	0.01199
6	0.02243	0.08625	0.02181	0.01705	0.02126	0.27374	0.01356	0.05064	0.02023	0.02303	0.02404	0.02821	0.09606	0.01343	0.03991	0.00281	0.08684	0.03204	0.00501	0.12165
7	0.01881	0.01578	0.01498	0.01334	0.01642	0.08655	0.00987	0.18556	0.02301	0.02882	0.03982	0.11897	0.18387	0.18686	0.01725	0.00400	0.00779	0.01272	0.00684	0.00876
8	0.01909	0.02659	0.25627	0.02188	0.02965	0.01819	0.13713	0.15075	0.02325	0.03249	0.11485	0.08431	0.02570	0.01108	0.00887	0.00270	0.01005	0.00996	0.00586	0.01132
9	0.02056	0.01974	0.03372	0.05099	0.65622	0.01974	0.02550	0.02550	0.01892	0.02714	0.01563	0.02056	0.01316	0.00740	0.00822	0.00247	0.00987	0.00740	0.00411	0.01316

[dist]
# distance from previous block
# <min> <max>
29	121

[block]
# block no. 1 follows, 22 sequences, length 6
# corresponding to MSA columns:
# 166-171
name=unknown_B
#
# <colnr> <probs for GDERKNQSTAVLIFYWHMCP>
#	G	D	E	R	K	N	Q	S	T	A	V	L	I	F	Y	W	H	M	C	P
0	0.08968	0.27115	0.08211	0.01686	0.02262	0.25811	0.01506	0.02687	0.01986	0.02357	0.08666	0.01995	0.01838	0.00890	0.00682	0.00215	0.01057	0.00615	0.00460	0.00995
1	0.02727	0.32663	0.03206	0.01834	0.02382	0.40114	0.01527	0.02964	0.02070	0.02000	0.01229	0.01428	0.01068	0.00794	0.00657	0.00199	0.01238	0.00496	0.00397	0.01007
2	0.01611	0.01491	0.01890	0.02461	0.21232	0.06956	0.01410	0.02052	0.07015	0.02392	0.03471	0.28928	0.08356	0.05518	0.01112	0.00316	0.00753	0.01470	0.00622	0.00944
3	0.01615	0.01648	0.01716	0.02079	0.16506	0.12568	0.01260	0.01905	0.02005	0.02394	0.09530	0.05353	0.35161	0.01540	0.00904	0.00260	0.00738	0.01287	0.00637	0.00897
4	0.08204	0.01438	0.02160	0.27072	0.19227	0.01567	0.01810	0.02028	0.01766	0.02467	0.03188	0.03869	0.15355	0.01185	0.00856	0.00276	0.00862	0.05200	0.00509	0.00961
5	0.17604	0.02524	0.02207	0.02322	0.13203	0.23031	0.01559	0.08146	0.15873	0.03077	0.01829	0.01960	0.01431	0.00890	0.00742	0.00246	0.01002	0.00660	0.00568	0.01126

[dist]
# distance from previous block
# <min> <max>
0	1

[block]
# block no. 2 follows, 22 sequences, length 7
# corresponding to MSA columns:
# 173-179
name=unknown_C
#
# <colnr> <probs for GDERKNQSTAVLIFYWHMCP>
#	G	D	E	R	K	N	Q	S	T	A	V	L	I	F	Y	W	H	M	C	P
0	0.02446	0.02921	0.02220	0.06172	0.02498	0.40030	0.01578	0.02674	0.02003	0.02057	0.02131	0.02419	0.09003	0.01147	0.01242	0.00261	0.17087	0.00743	0.00452	0.00916
1	0.02056	0.01974	0.03372	0.05099	0.65622	0.01974	0.02550	0.02550	0.01892	0.02714	0.01563	0.02056	0.01316	0.00740	0.00822	0.00247	0.00987	0.00740	0.00411	0.01316
2	0.01569	0.01477	0.02492	0.68808	0.05722	0.01846	0.02307	0.02123	0.01661	0.02123	0.01477	0.02215	0.01107	0.00831	0.00831	0.00277	0.01107	0.00738	0.00369	0.00923
3	0.05584	0.01704	0.02163	0.02539	0.20546	0.01815	0.01577	0.10329	0.22272	0.03233	0.03445	0.03679	0.12355	0.01197	0.00858	0.00271	0.00751	0.03818	0.00685	0.01180
4	0.01239	0.00920	0.01162	0.01283	0.01442	0.00910	0.00993	0.01642	0.06574	0.02332	0.04657	0.27162	0.11658	0.09344	0.01396	0.00392	0.00633	0.24768	0.00747	0.00745
5	0.11433	0.41415	0.03234	0.01483	0.02082	0.07205	0.01340	0.05713	0.09709	0.02533	0.01555	0.01724	0.01313	0.01141	0.04790	0.00279	0.00956	0.00557	0.00471	0.01067
6	0.08532	0.11145	0.15601	0.01901	0.02580	0.27153	0.01765	0.06231	0.02165	0.13049	0.01668	0.01765	0.01234	0.00855	0.00733	0.00232	0.01144	0.00595	0.00531	0.01122

[dist]
# distance from previous block
# <min> <max>
4	10

[block]
# block no. 3 follows, 22 sequences, length 7
# corresponding to MSA columns:
# 190-196
name=unknown_D
#
# <colnr> <probs for GDERKNQSTAVLIFYWHMCP>
#	G	D	E	R	K	N	Q	S	T	A	V	L	I	F	Y	W	H	M	C	P
0	0.10709	0.01425	0.02009	0.02039	0.09890	0.01446	0.08221	0.08164	0.04657	0.05612	0.03318	0.22775	0.06907	0.01580	0.00919	0.00297	0.00756	0.07625	0.00675	0.00977
1	0.02560	0.02074	0.01952	0.01614	0.02095	0.10833	0.01279	0.33093	0.07499	0.03939	0.02571	0.02751	0.05817	0.04324	0.00947	0.00265	0.00847	0.00825	0.13570	0.01146
2	0.02021	0.01575	0.01844	0.01567	0.01879	0.01845	0.01265	0.13642	0.12450	0.03219	0.02144	0.02433	0.01707	0.01111	0.01276	0.00261	0.19899	0.00763	0.22548	0.06550
3	0.02056	0.01974	0.03372	0.05099	0.65622	0.01974	0.02550	0.02550	0.01892	0.02714	0.01563	0.02056	0.01316	0.00740	0.00822	0.00247	0.00987	0.00740	0.00411	0.01316
4	0.01998	0.01914	0.03267	0.12719	0.58458	0.01959	0.02521	0.02498	0.01864	0.02643	0.01552	0.02075	0.01291	0.00751	0.00823	0.00250	0.01001	0.00740	0.00406	0.01269
5	0.01526	0.01534	0.03035	0.07655	0.03115	0.01473	0.31515	0.01978	0.01779	0.02388	0.02899	0.31207	0.03052	0.01521	0.01003	0.00304	0.00986	0.01550	0.00566	0.00915
6	0.02004	0.01921	0.03278	0.11923	0.59206	0.01960	0.02524	0.02504	0.01867	0.02651	0.01553	0.02073	0.01294	0.00750	0.00823	0.00250	0.01000	0.00740	0.00407	0.01274

[dist]
# distance from previous block
# <min> <max>
2	4

[block]
# block no. 4 follows, 22 sequences, length 10
# corresponding to MSA columns:
# 201-210
name=unknown_E
#
# <colnr> <probs for GDERKNQSTAVLIFYWHMCP>
#	G	D	E	R	K	N	Q	S	T	A	V	L	I	F	Y	W	H	M	C	P
0	0.02582	0.11831	0.02372	0.01603	0.02151	0.06431	0.01317	0.34588	0.02877	0.03840	0.01930	0.02298	0.01559	0.07726	0.01076	0.00278	0.00866	0.00723	0.08174	0.05778
1	0.09322	0.10299	0.02010	0.01545	0.01966	0.16222	0.01229	0.02919	0.19959	0.02617	0.02835	0.02955	0.09021	0.01899	0.11269	0.00418	0.01088	0.00830	0.00591	0.01007
2	0.02017	0.02133	0.09781	0.02849	0.22434	0.02021	0.01908	0.03618	0.37233	0.03137	0.02588	0.02614	0.01979	0.00966	0.00832	0.00269	0.00827	0.00839	0.00651	0.01305
3	0.02555	0.02823	0.02202	0.02037	0.05133	0.35679	0.01511	0.11216	0.02412	0.02711	0.10976	0.02565	0.04576	0.01109	0.01031	0.00247	0.08871	0.00784	0.00561	0.01000
4	0.11123	0.33300	0.08750	0.02023	0.09902	0.02425	0.05334	0.02649	0.01775	0.09031	0.01503	0.01691	0.01199	0.00754	0.00651	0.00214	0.00895	0.00571	0.00462	0.05746
5	0.01558	0.16248	0.01611	0.00990	0.01237	0.01321	0.00770	0.01804	0.01594	0.02402	0.02565	0.11024	0.02485	0.16648	0.01438	0.00343	0.00601	0.00983	0.33612	0.00766
6	0.01666	0.04297	0.66500	0.02368	0.03596	0.01929	0.03069	0.02631	0.01754	0.02631	0.01491	0.01754	0.01052	0.00789	0.00789	0.00263	0.01228	0.00614	0.00351	0.01228
7	0.01005	0.00749	0.00937	0.01088	0.01187	0.00681	0.00740	0.01165	0.01657	0.02148	0.05421	0.56602	0.18611	0.02493	0.01043	0.00325	0.00469	0.02228	0.00771	0.00681
8	0.03037	0.10823	0.02693	0.01889	0.02522	0.12880	0.01564	0.46266	0.03397	0.04339	0.01782	0.01837	0.01317	0.00941	0.00783	0.00235	0.01003	0.00678	0.00711	0.01301
9	0.01058	0.00805	0.01026	0.01098	0.01247	0.00773	0.00792	0.01278	0.01693	0.02231	0.11033	0.32076	0.21531	0.03172	0.15609	0.00533	0.00839	0.01787	0.00714	0.00707

[dist]
# distance from previous block
# <min> <max>
5	12

[block]
# block no. 5 follows, 22 sequences, length 56
# corresponding to MSA columns:
# 223-278
name=unknown_F
#
# <colnr> <probs for GDERKNQSTAVLIFYWHMCP>
#	G	D	E	R	K	N	Q	S	T	A	V	L	I	F	Y	W	H	M	C	P
0	0.02191	0.02757	0.13059	0.03888	0.35687	0.14916	0.10248	0.02728	0.01971	0.02560	0.01512	0.01924	0.01220	0.00765	0.00823	0.00247	0.01179	0.00712	0.00406	0.01207
1	0.02898	0.03532	0.02285	0.02144	0.05008	0.55513	0.01565	0.06841	0.02396	0.02278	0.01900	0.02062	0.06148	0.00958	0.00775	0.00223	0.01356	0.00652	0.00480	0.00985
2	0.09048	0.21078	0.02406	0.01525	0.01925	0.25137	0.01211	0.02430	0.01770	0.02066	0.01593	0.02425	0.01549	0.16669	0.05633	0.00410	0.01147	0.00674	0.00434	0.00869
3	0.01045	0.00811	0.00952	0.00987	0.01179	0.00717	0.00714	0.01289	0.01940	0.02519	0.23510	0.24817	0.32287	0.02127	0.01003	0.00291	0.00430	0.01851	0.00812	0.00717
4	0.01904	0.06999	0.20888	0.07669	0.24121	0.02071	0.19247	0.02572	0.01846	0.02592	0.01545	0.01990	0.01200	0.00746	0.00840	0.00258	0.01168	0.00754	0.00391	0.01198
5	0.02028	0.01485	0.01627	0.01413	0.01800	0.01559	0.01100	0.29494	0.02722	0.03642	0.04019	0.21891	0.15190	0.01652	0.00906	0.00276	0.00661	0.01389	0.06121	0.01025
6	0.01188	0.00884	0.01304	0.01304	0.01441	0.01021	0.00999	0.01463	0.01326	0.01905	0.02254	0.03423	0.02146	0.10956	0.62881	0.01296	0.02121	0.00913	0.00449	0.00724
7	0.01239	0.00922	0.01199	0.01330	0.01545	0.00882	0.01131	0.01576	0.01925	0.02457	0.07911	0.08882	0.20774	0.02221	0.01097	0.00351	0.00660	0.42378	0.00773	0.00749
8	0.02314	0.02502	0.02998	0.10040	0.41959	0.20881	0.02255	0.02732	0.02004	0.02464	0.01474	0.01909	0.01226	0.00782	0.00802	0.00240	0.01146	0.00681	0.00412	0.01178
9	0.02012	0.01928	0.03292	0.10922	0.60147	0.01962	0.02527	0.02511	0.01871	0.02660	0.01555	0.02071	0.01297	0.00748	0.00823	0.00249	0.00998	0.00740	0.00407	0.01280
10	0.00982	0.00842	0.00842	0.00842	0.01122	0.00701	0.00631	0.01192	0.01894	0.02244	0.08416	0.07995	0.65285	0.02104	0.00982	0.00281	0.00421	0.01753	0.00771	0.00701
11	0.01941	0.01857	0.03165	0.20103	0.51515	0.01944	0.02492	0.02449	0.01837	0.02575	0.01542	0.02093	0.01267	0.00761	0.00824	0.00254	0.01015	0.00740	0.00401	0.01223
12	0.02761	0.02865	0.02546	0.07431	0.13596	0.30009	0.01793	0.19054	0.06517	0.03102	0.01667	0.01879	0.01298	0.00889	0.00796	0.00238	0.01173	0.00667	0.00555	0.01163
13	0.02991	0.03773	0.02371	0.02144	0.02534	0.61808	0.01624	0.03202	0.02260	0.02030	0.01267	0.01526	0.01072	0.00908	0.00921	0.00227	0.07409	0.00552	0.00422	0.00958
14	0.01208	0.00805	0.00906	0.00906	0.00906	0.00805	0.00503	0.01208	0.01208	0.01611	0.02618	0.05436	0.03020	0.70804	0.04228	0.00805	0.00805	0.01208	0.00503	0.00503
15	0.02007	0.02142	0.01862	0.01920	0.07596	0.24830	0.01290	0.02186	0.01725	0.01970	0.01993	0.07882	0.02059	0.20993	0.08516	0.00516	0.08296	0.00929	0.00468	0.00819
16	0.02138	0.01565	0.01733	0.01490	0.01863	0.01670	0.01140	0.32820	0.02745	0.03657	0.03226	0.22528	0.06802	0.11022	0.01369	0.00352	0.00744	0.01339	0.00765	0.01032
17	0.01187	0.00890	0.01335	0.01335	0.01483	0.01038	0.01038	0.01483	0.01335	0.01928	0.02225	0.03264	0.02077	0.06231	0.67512	0.01335	0.02225	0.00890	0.00445	0.00742
18	0.01358	0.00722	0.01059	0.01097	0.01106	0.00712	0.00731	0.01097	0.01183	0.01577	0.02062	0.15901	0.02243	0.02830	0.02815	0.60923	0.00674	0.01045	0.00442	0.00423
19	0.02277	0.02998	0.15547	0.03717	0.35423	0.20612	0.02383	0.02784	0.01996	0.02504	0.01469	0.01838	0.01194	0.00783	0.00795	0.00241	0.01180	0.00657	0.00404	0.01198
20	0.01666	0.04297	0.66500	0.02368	0.03596	0.01929	0.03069	0.02631	0.01754	0.02631	0.01491	0.01754	0.01052	0.00789	0.00789	0.00263	0.01228	0.00614	0.00351	0.01228
21	0.01549	0.00774	0.00774	0.00774	0.00968	0.00774	0.00581	0.01936	0.01742	0.03097	0.02710	0.03097	0.02129	0.00968	0.00581	0.00194	0.00387	0.00774	0.75416	0.00774
22	0.01767	0.16517	0.55166	0.02195	0.03329	0.02177	0.02769	0.02605	0.01742	0.02508	0.01430	0.01677	0.01055	0.00775	0.00743	0.00248	0.01166	0.00583	0.00352	0.01198
23	0.01275	0.00933	0.01335	0.01312	0.01457	0.01097	0.01025	0.01577	0.01386	0.02092	0.02220	0.03150	0.02022	0.05216	0.54361	0.01119	0.06187	0.00864	0.10614	0.00757
24	0.01948	0.02202	0.04688	0.03381	0.04145	0.02141	0.57075	0.02601	0.01898	0.02601	0.01627	0.02202	0.01245	0.00769	0.01139	0.00288	0.07576	0.00957	0.00415	0.01101
25	0.01012	0.00723	0.00964	0.01157	0.01205	0.00675	0.00771	0.01157	0.01591	0.02121	0.04579	0.70262	0.05495	0.02603	0.01060	0.00337	0.00482	0.02362	0.00771	0.00675
26	0.02056	0.01974	0.03372	0.05099	0.65622	0.01974	0.02550	0.02550	0.01892	0.02714	0.01563	0.02056	0.01316	0.00740	0.00822	0.00247	0.00987	0.00740	0.00411	0.01316
27	0.01716	0.16639	0.35400	0.02206	0.08551	0.01986	0.02292	0.02369	0.01784	0.02456	0.02348	0.03105	0.06880	0.01054	0.00799	0.00260	0.01018	0.07591	0.00440	0.01106
28	0.01012	0.00723	0.00964	0.01157	0.01205	0.00675	0.00771	0.01157	0.01591	0.02121	0.04579	0.70262	0.05495	0.02603	0.01060	0.00337	0.00482	0.02362	0.00771	0.00675
29	0.01946	0.02155	0.07740	0.11403	0.34390	0.02000	0.22898	0.02545	0.01881	0.02626	0.01589	0.02117	0.01258	0.00740	0.00875	0.00262	0.01155	0.00813	0.00406	0.01201
30	0.02330	0.02452	0.02809	0.03649	0.36552	0.19020	0.02057	0.03122	0.14443	0.02689	0.01854	0.02119	0.01496	0.00848	0.00808	0.00245	0.01054	0.00727	0.00502	0.01224
31	0.01662	0.01360	0.01634	0.20471	0.02676	0.07294	0.01334	0.04507	0.01751	0.02487	0.02065	0.02701	0.01698	0.02379	0.19237	0.00538	0.01225	0.00773	0.23356	0.00851
32	0.01190	0.00877	0.01269	0.01269	0.01395	0.01003	0.00956	0.01441	0.01316	0.01880	0.02285	0.03597	0.02222	0.16142	0.57799	0.01254	0.02007	0.00939	0.00454	0.00705
33	0.01129	0.00872	0.01045	0.01094	0.01295	0.00809	0.00824	0.01484	0.04744	0.02548	0.19615	0.22754	0.26841	0.02114	0.01016	0.00303	0.00485	0.09469	0.00806	0.00750
34	0.01688	0.04147	0.61992	0.02451	0.03650	0.01942	0.07427	0.02633	0.01769	0.02633	0.01505	0.01790	0.01068	0.00783	0.00803	0.00264	0.01240	0.00641	0.00356	0.01220
35	0.03107	0.03840	0.02364	0.02123	0.02569	0.62720	0.01603	0.07674	0.02468	0.02268	0.01336	0.01534	0.01095	0.00866	0.00755	0.00217	0.01455	0.00551	0.00458	0.00996
36	0.01776	0.17528	0.54229	0.02181	0.03307	0.02197	0.02744	0.02603	0.01741	0.02497	0.01425	0.01671	0.01055	0.00774	0.00739	0.00246	0.01161	0.00580	0.00352	0.01196
37	0.02188	0.02224	0.03244	0.04727	0.57693	0.10210	0.02431	0.02646	0.01950	0.02628	0.01528	0.01986	0.01285	0.00755	0.00813	0.00243	0.01051	0.00714	0.00413	0.01272
38	0.01012	0.00723	0.00964	0.01157	0.01205	0.00675	0.00771	0.01157	0.01591	0.02121	0.04579	0.70262	0.05495	0.02603	0.01060	0.00337	0.00482	0.02362	0.00771	0.00675
39	0.00982	0.00842	0.00842	0.00842	0.01122	0.00701	0.00631	0.01192	0.01894	0.02244	0.08416	0.07995	0.65285	0.02104	0.00982	0.00281	0.00421	0.01753	0.00771	0.00701
40	0.02025	0.01943	0.03317	0.09100	0.61861	0.01966	0.02534	0.02523	0.01877	0.02677	0.01557	0.02066	0.01303	0.00746	0.00823	0.00249	0.00994	0.00740	0.00409	0.01291
41	0.01717	0.10392	0.60847	0.02282	0.03462	0.02053	0.02919	0.02618	0.01748	0.02569	0.01460	0.01716	0.01054	0.00782	0.00766	0.00255	0.01197	0.00598	0.00351	0.01213
42	0.00982	0.00842	0.00842	0.00842	0.01122	0.00701	0.00631	0.01192	0.01894	0.02244	0.08416	0.07995	0.65285	0.02104	0.00982	0.00281	0.00421	0.01753	0.00771	0.00701
43	0.01158	0.00848	0.01086	0.01027	0.01230	0.00776	0.00770	0.01534	0.02310	0.03232	0.60020	0.06368	0.13064	0.01735	0.00980	0.00263	0.00395	0.01525	0.00901	0.00776
44	0.02076	0.15913	0.02988	0.01962	0.02471	0.14826	0.18603	0.02459	0.01866	0.02399	0.01816	0.02399	0.01542	0.07201	0.01052	0.00275	0.01033	0.00759	0.17416	0.00944
45	0.01666	0.04297	0.66500	0.02368	0.03596	0.01929	0.03069	0.02631	0.01754	0.02631	0.01491	0.01754	0.01052	0.00789	0.00789	0.00263	0.01228	0.00614	0.00351	0.01228
46	0.03103	0.03959	0.02354	0.02140	0.02568	0.67469	0.01605	0.03317	0.02354	0.02033	0.01284	0.01498	0.01070	0.00856	0.00749	0.00214	0.01498	0.00535	0.00428	0.00963
47	0.03032	0.03666	0.02441	0.02336	0.07184	0.56773	0.01672	0.08677	0.02461	0.02374	0.01369	0.01584	0.01119	0.00860	0.00762	0.00220	0.01408	0.00569	0.00463	0.01030
48	0.02414	0.02559	0.02219	0.01939	0.02344	0.29664	0.06938	0.14398	0.02407	0.02748	0.02399	0.21242	0.02415	0.01367	0.00875	0.00262	0.01085	0.01138	0.00605	0.00984
49	0.01863	0.01107	0.01394	0.01342	0.01647	0.01078	0.01044	0.02465	0.11866	0.17068	0.09860	0.23833	0.08767	0.01841	0.00976	0.00307	0.00595	0.11124	0.00853	0.00971
50	0.01154	0.00897	0.01081	0.01173	0.01411	0.00824	0.00972	0.01447	0.01903	0.02361	0.06479	0.08658	0.36112	0.02196	0.01062	0.00330	0.00587	0.29853	0.00768	0.00732
51	0.02118	0.02324	0.04199	0.01583	0.02019	0.23526	0.01259	0.08846	0.12299	0.02696	0.04286	0.04170	0.24591	0.01364	0.00859	0.00255	0.00902	0.01066	0.00658	0.00982
52	0.29338	0.07826	0.06166	0.01662	0.02257	0.17226	0.01423	0.19147	0.02352	0.03546	0.01435	0.01584	0.01101	0.00849	0.00673	0.00239	0.00969	0.00561	0.00559	0.01088
53	0.02091	0.02342	0.01932	0.02092	0.11663	0.29281	0.01373	0.02387	0.02191	0.02468	0.16932	0.03926	0.15437	0.01274	0.00858	0.00243	0.00959	0.01025	0.00602	0.00925
54	0.02214	0.12344	0.04972	0.06646	0.02493	0.14791	0.01515	0.09193	0.20168	0.02783	0.02115	0.02325	0.01688	0.01749	0.11009	0.00411	0.01177	0.00734	0.00575	0.01100
55	0.02309	0.14750	0.15159	0.01971	0.04734	0.31190	0.01748	0.02689	0.02037	0.02195	0.02408	0.02538	0.10931	0.01006	0.00759	0.00229	0.01159	0.00730	0.00453	0.01005

[dist]
# distance from previous block
# <min> <max>
9	41

[block]
# block no. 6 follows, 22 sequences, length 82
# corresponding to MSA columns:
# 320-401
name=unknown_G
#
# <colnr> <probs for GDERKNQSTAVLIFYWHMCP>
#	G	D	E	R	K	N	Q	S	T	A	V	L	I	F	Y	W	H	M	C	P
0	0.01651	0.01441	0.04783	0.05802	0.02037	0.01407	0.01201	0.02766	0.26652	0.06366	0.04466	0.18760	0.16042	0.01613	0.00917	0.00291	0.00631	0.01386	0.00768	0.01022
1	0.02056	0.01974	0.03372	0.05099	0.65622	0.01974	0.02550	0.02550	0.01892	0.02714	0.01563	0.02056	0.01316	0.00740	0.00822	0.00247	0.00987	0.00740	0.00411	0.01316
2	0.01165	0.00931	0.01073	0.01132	0.01390	0.00862	0.00920	0.01546	0.05065	0.02394	0.06719	0.08239	0.40400	0.02123	0.01034	0.00317	0.00556	0.22607	0.00773	0.00755
3	0.01795	0.07119	0.57759	0.02344	0.03503	0.01969	0.05935	0.02687	0.01788	0.05344	0.01562	0.01806	0.01107	0.00791	0.00789	0.00260	0.01199	0.00634	0.00384	0.01223
4	0.02004	0.01920	0.03277	0.11950	0.59181	0.01960	0.02523	0.02504	0.01867	0.02650	0.01553	0.02073	0.01293	0.00750	0.00823	0.00250	0.01000	0.00740	0.00407	0.01274
5	0.02056	0.01974	0.03372	0.05099	0.65622	0.01974	0.02550	0.02550	0.01892	0.02714	0.01563	0.02056	0.01316	0.00740	0.00822	0.00247	0.00987	0.00740	0.00411	0.01316
6	0.01569	0.01477	0.02492	0.68808	0.05722	0.01846	0.02307	0.02123	0.01661	0.02123	0.01477	0.02215	0.01107	0.00831	0.00831	0.00277	0.01107	0.00738	0.00369	0.00923
7	0.02031	0.02009	0.03480	0.03867	0.33517	0.02032	0.19720	0.03002	0.15934	0.02870	0.02007	0.02345	0.01575	0.00816	0.00873	0.00264	0.01033	0.00855	0.00512	0.01259
8	0.01017	0.00853	0.00890	0.00909	0.01181	0.00726	0.00701	0.01244	0.01895	0.02268	0.08022	0.08130	0.59356	0.02123	0.00998	0.00291	0.00455	0.07464	0.00771	0.00708
9	0.01012	0.00723	0.00964	0.01157	0.01205	0.00675	0.00771	0.01157	0.01591	0.02121	0.04579	0.70262	0.05495	0.02603	0.01060	0.00337	0.00482	0.02362	0.00771	0.00675
10	0.03107	0.03849	0.02364	0.02125	0.02569	0.63101	0.01603	0.07325	0.02459	0.02249	0.01332	0.01532	0.01093	0.00866	0.00755	0.00216	0.01459	0.00549	0.00455	0.00993
11	0.02951	0.03647	0.02199	0.02006	0.02411	0.60933	0.01505	0.03182	0.02294	0.02137	0.01424	0.01655	0.01174	0.00867	0.00733	0.00212	0.01389	0.00558	0.07777	0.00945
12	0.00985	0.00830	0.00854	0.00872	0.01130	0.00699	0.00645	0.01189	0.01864	0.02232	0.08040	0.14097	0.59426	0.02153	0.00990	0.00286	0.00427	0.01813	0.00771	0.00699
13	0.01243	0.00893	0.01225	0.01410	0.01568	0.00875	0.01169	0.01559	0.01830	0.02385	0.04595	0.24728	0.07230	0.02366	0.01119	0.00367	0.00680	0.43252	0.00767	0.00740
14	0.03103	0.03959	0.02354	0.02140	0.02568	0.67469	0.01605	0.03317	0.02354	0.02033	0.01284	0.01498	0.01070	0.00856	0.00749	0.00214	0.01498	0.00535	0.00428	0.00963
15	0.00982	0.00842	0.00842	0.00842	0.01122	0.00701	0.00631	0.01192	0.01894	0.02244	0.08416	0.07995	0.65285	0.02104	0.00982	0.00281	0.00421	0.01753	0.00771	0.00701
16	0.01882	0.01796	0.03057	0.27903	0.44181	0.01928	0.02463	0.02397	0.01809	0.02502	0.01532	0.02113	0.01241	0.00773	0.00825	0.00258	0.01030	0.00740	0.00396	0.01175
17	0.01175	0.00839	0.01151	0.01343	0.01462	0.00815	0.01054	0.01438	0.01751	0.02303	0.04489	0.39906	0.05139	0.02449	0.01104	0.00360	0.00623	0.31111	0.00768	0.00720
18	0.01471	0.01267	0.01205	0.01132	0.01478	0.05369	0.00864	0.02131	0.14890	0.05396	0.06669	0.06317	0.45162	0.01770	0.00932	0.00275	0.00553	0.01463	0.00776	0.00878
19	0.01187	0.00890	0.01335	0.01335	0.01483	0.01038	0.01038	0.01483	0.01335	0.01928	0.02225	0.03264	0.02077	0.06231	0.67512	0.01335	0.02225	0.00890	0.00445	0.00742
20	0.01569	0.01477	0.02492	0.68808	0.05722	0.01846	0.02307	0.02123	0.01661	0.02123	0.01477	0.02215	0.01107	0.00831	0.00831	0.00277	0.01107	0.00738	0.00369	0.00923
21	0.01376	0.01074	0.01231	0.01227	0.01463	0.01098	0.00939	0.02082	0.15822	0.02553	0.10700	0.06506	0.18437	0.16177	0.01665	0.00412	0.00632	0.15042	0.00745	0.00821
22	0.01029	0.00843	0.00907	0.00891	0.01151	0.00721	0.00668	0.01283	0.02005	0.02508	0.22209	0.07560	0.51327	0.02005	0.00981	0.00276	0.00414	0.01692	0.00806	0.00721
23	0.01666	0.04297	0.66500	0.02368	0.03596	0.01929	0.03069	0.02631	0.01754	0.02631	0.01491	0.01754	0.01052	0.00789	0.00789	0.00263	0.01228	0.00614	0.00351	0.01228
24	0.01258	0.00930	0.01227	0.01375	0.01586	0.00899	0.01179	0.01602	0.01908	0.02432	0.05304	0.09061	0.18414	0.02252	0.01110	0.00360	0.00687	0.46899	0.00766	0.00751
25	0.01187	0.00890	0.01335	0.01335	0.01483	0.01038	0.01038	0.01483	0.01335	0.01928	0.02225	0.03264	0.02077	0.06231	0.67512	0.01335	0.02225	0.00890	0.00445	0.00742
26	0.01031	0.00736	0.00985	0.01178	0.01234	0.00691	0.00804	0.01189	0.01609	0.02142	0.04568	0.66791	0.05454	0.02585	0.01065	0.00340	0.00498	0.05650	0.00771	0.00680
27	0.01208	0.00805	0.00906	0.00906	0.00906	0.00805	0.00503	0.01208	0.01208	0.01611	0.02618	0.05436	0.03020	0.70804	0.04228	0.00805	0.00805	0.01208	0.00503	0.00503
28	0.02612	0.01903	0.02073	0.01731	0.02283	0.02115	0.01384	0.22256	0.37835	0.11992	0.02944	0.02727	0.02131	0.01075	0.00840	0.00269	0.00742	0.00867	0.00864	0.01357
29	0.01339	0.00956	0.01339	0.01530	0.01721	0.00956	0.01339	0.01721	0.01912	0.02486	0.04399	0.09371	0.04781	0.02295	0.01147	0.00382	0.00765	0.60031	0.00765	0.00765
30	0.01569	0.01477	0.02492	0.68808	0.05722	0.01846	0.02307	0.02123	0.01661	0.02123	0.01477	0.02215	0.01107	0.00831	0.00831	0.00277	0.01107	0.00738	0.00369	0.00923
31	0.01961	0.02241	0.04902	0.03501	0.04342	0.02101	0.62605	0.02661	0.01961	0.02661	0.01681	0.02241	0.01261	0.00700	0.00980	0.00280	0.01401	0.00980	0.00420	0.01120
32	0.01208	0.00805	0.00906	0.00906	0.00906	0.00805	0.00503	0.01208	0.01208	0.01611	0.02618	0.05436	0.03020	0.70804	0.04228	0.00805	0.00805	0.01208	0.00503	0.00503
33	0.02260	0.01599	0.01685	0.01382	0.01841	0.01697	0.01112	0.33516	0.02904	0.04019	0.03623	0.03626	0.15987	0.01239	0.00802	0.00242	0.00669	0.00981	0.19726	0.01091
34	0.01603	0.01415	0.01539	0.01471	0.01663	0.09486	0.01117	0.06764	0.01699	0.02222	0.02393	0.12648	0.02407	0.09570	0.35269	0.00863	0.05483	0.01062	0.00522	0.00806
35	0.01149	0.00839	0.01052	0.01175	0.01286	0.00802	0.00810	0.05189	0.01771	0.02336	0.04786	0.59702	0.11087	0.02449	0.01038	0.00326	0.00504	0.02197	0.00775	0.00726
36	0.01012	0.00723	0.00964	0.01157	0.01205	0.00675	0.00771	0.01157	0.01591	0.02121	0.04579	0.70262	0.05495	0.02603	0.01060	0.00337	0.00482	0.02362	0.00771	0.00675
37	0.02056	0.01974	0.03372	0.05099	0.65622	0.01974	0.02550	0.02550	0.01892	0.02714	0.01563	0.02056	0.01316	0.00740	0.00822	0.00247	0.00987	0.00740	0.00411	0.01316
38	0.01666	0.04297	0.66500	0.02368	0.03596	0.01929	0.03069	0.02631	0.01754	0.02631	0.01491	0.01754	0.01052	0.00789	0.00789	0.00263	0.01228	0.00614	0.00351	0.01228
39	0.02586	0.03098	0.02383	0.02635	0.16584	0.43857	0.01689	0.02862	0.02189	0.02215	0.02293	0.02485	0.09641	0.00995	0.00796	0.00230	0.01240	0.00743	0.00470	0.01008
40	0.03106	0.03887	0.02360	0.02130	0.02569	0.64599	0.01604	0.05951	0.02423	0.02175	0.01316	0.01520	0.01085	0.00862	0.00753	0.00216	0.01472	0.00544	0.00446	0.00983
41	0.02986	0.12890	0.02619	0.02045	0.02510	0.58958	0.01581	0.03207	0.02266	0.02023	0.01267	0.01476	0.01070	0.00837	0.00720	0.00209	0.01417	0.00523	0.00418	0.00977
42	0.01205	0.00817	0.00963	0.00963	0.00983	0.00836	0.00574	0.01245	0.01225	0.01653	0.02566	0.05148	0.02895	0.62241	0.12621	0.00876	0.00994	0.01166	0.00496	0.00535
43	0.00996	0.00836	0.00865	0.00871	0.01134	0.00705	0.00648	0.01215	0.01908	0.02309	0.11931	0.10986	0.58550	0.02102	0.00986	0.00282	0.00422	0.01767	0.00781	0.00705
44	0.03050	0.02222	0.02377	0.01835	0.02468	0.02455	0.01512	0.58752	0.03760	0.05092	0.02043	0.02069	0.01461	0.00995	0.00814	0.00246	0.00879	0.00750	0.05852	0.01370
45	0.01162	0.00923	0.01260	0.01345	0.01390	0.01021	0.00968	0.01321	0.01522	0.02090	0.03849	0.54912	0.04551	0.02582	0.04669	0.00392	0.12638	0.02001	0.00683	0.00719
46	0.00982	0.00842	0.00842	0.00842	0.01122	0.00701	0.00631	0.01192	0.01894	0.02244	0.08416	0.07995	0.65285	0.02104	0.00982	0.00281	0.00421	0.01753	0.00771	0.00701
47	0.01060	0.00760	0.01007	0.01124	0.01215	0.00706	0.00775	0.01276	0.01812	0.02472	0.22187	0.51651	0.06176	0.02340	0.01037	0.00315	0.00456	0.02112	0.00813	0.00706
48	0.02221	0.71304	0.04353	0.01421	0.02132	0.03287	0.01421	0.02488	0.01688	0.01955	0.01155	0.01333	0.01066	0.00711	0.00533	0.00178	0.00888	0.00444	0.00355	0.01066
49	0.01666	0.04297	0.66500	0.02368	0.03596	0.01929	0.03069	0.02631	0.01754	0.02631	0.01491	0.01754	0.01052	0.00789	0.00789	0.00263	0.01228	0.00614	0.00351	0.01228
50	0.01837	0.03645	0.44126	0.02596	0.03601	0.06289	0.16305	0.02640	0.01807	0.02556	0.01493	0.01851	0.01103	0.00818	0.00960	0.00270	0.05865	0.00699	0.00372	0.01165
51	0.08631	0.02410	0.02037	0.02175	0.12694	0.27703	0.01438	0.02728	0.02098	0.10357	0.03176	0.03210	0.15690	0.01132	0.00805	0.00243	0.01000	0.00874	0.00585	0.01014
52	0.01060	0.00845	0.00949	0.00923	0.01170	0.00734	0.00692	0.01343	0.02077	0.02680	0.31196	0.07277	0.42232	0.01941	0.00981	0.00273	0.00409	0.01653	0.00829	0.00734
53	0.01516	0.03130	0.43099	0.01923	0.02818	0.01596	0.02289	0.02362	0.05869	0.02589	0.03370	0.03761	0.15874	0.01209	0.00860	0.00276	0.00978	0.04891	0.00506	0.01084
54	0.02056	0.01974	0.03372	0.05099	0.65622	0.01974	0.02550	0.02550	0.01892	0.02714	0.01563	0.02056	0.01316	0.00740	0.00822	0.00247	0.00987	0.00740	0.00411	0.01316
55	0.02930	0.03269	0.02411	0.02299	0.07958	0.43988	0.01643	0.16714	0.02633	0.02825	0.01620	0.04788	0.01371	0.00958	0.00788	0.00230	0.01275	0.00684	0.00534	0.01083
56	0.02994	0.03784	0.02296	0.02094	0.02506	0.63682	0.01573	0.03213	0.02296	0.02027	0.01338	0.01599	0.01127	0.01162	0.04555	0.00278	0.01540	0.00555	0.00429	0.00950
57	0.01187	0.00890	0.01335	0.01335	0.01483	0.01038	0.01038	0.01483	0.01335	0.01928	0.02225	0.03264	0.02077	0.06231	0.67512	0.01335	0.02225	0.00890	0.00445	0.00742
58	0.01666	0.04297	0.66500	0.02368	0.03596	0.01929	0.03069	0.02631	0.01754	0.02631	0.01491	0.01754	0.01052	0.00789	0.00789	0.00263	0.01228	0.00614	0.00351	0.01228
59	0.01693	0.01843	0.06508	0.31530	0.04555	0.01830	0.25286	0.02301	0.01814	0.02403	0.01943	0.03150	0.01650	0.00973	0.00928	0.00291	0.01180	0.08688	0.00440	0.00993
60	0.01044	0.00848	0.00928	0.00921	0.01177	0.00732	0.00699	0.01306	0.02005	0.02518	0.21973	0.07622	0.48743	0.02014	0.00989	0.00280	0.00429	0.04241	0.00806	0.00724
61	0.01099	0.00990	0.00939	0.00940	0.01222	0.03756	0.00716	0.01319	0.01916	0.02248	0.07862	0.07778	0.58912	0.02058	0.00981	0.00283	0.00489	0.05020	0.00755	0.00717
62	0.45339	0.02101	0.13069	0.11936	0.05939	0.01888	0.04059	0.02441	0.01557	0.03197	0.01305	0.01624	0.00994	0.00779	0.00645	0.00262	0.00864	0.00559	0.00454	0.00990
63	0.03057	0.03873	0.02399	0.02270	0.05325	0.64605	0.01646	0.03284	0.02334	0.02063	0.01296	0.01523	0.01081	0.00851	0.00752	0.00215	0.01476	0.00544	0.00427	0.00979
64	0.01058	0.00742	0.00950	0.01098	0.01135	0.00705	0.00709	0.01169	0.01501	0.02002	0.04121	0.55123	0.04917	0.18530	0.01800	0.00447	0.00558	0.02092	0.00709	0.00635
65	0.01012	0.00723	0.00964	0.01157	0.01205	0.00675	0.00771	0.01157	0.01591	0.02121	0.04579	0.70262	0.05495	0.02603	0.01060	0.00337	0.00482	0.02362	0.00771	0.00675
66	0.02407	0.07167	0.13975	0.09112	0.11465	0.30956	0.05077	0.02948	0.04874	0.02330	0.01484	0.01788	0.01179	0.00823	0.00777	0.00237	0.01267	0.00631	0.00421	0.01082
67	0.01206	0.00814	0.00948	0.00948	0.00963	0.00828	0.00556	0.01235	0.01221	0.01642	0.02579	0.05223	0.02928	0.64476	0.10430	0.00857	0.00945	0.01177	0.00498	0.00527
68	0.01765	0.03341	0.39976	0.08373	0.08030	0.01973	0.19491	0.02592	0.01813	0.02603	0.01547	0.01947	0.01132	0.00765	0.00848	0.00268	0.01250	0.00734	0.00376	0.01178
69	0.03520	0.01460	0.01922	0.01505	0.02126	0.01327	0.01233	0.04094	0.10097	0.58356	0.03290	0.02862	0.02116	0.01041	0.00837	0.00260	0.00701	0.00848	0.01005	0.01401
70	0.02014	0.07946	0.12409	0.04131	0.46400	0.02082	0.02433	0.02707	0.06882	0.02702	0.01666	0.02038	0.01356	0.00776	0.00796	0.00246	0.00987	0.00714	0.00433	0.01283
71	0.03103	0.03959	0.02354	0.02140	0.02568	0.67469	0.01605	0.03317	0.02354	0.02033	0.01284	0.01498	0.01070	0.00856	0.00749	0.00214	0.01498	0.00535	0.00428	0.00963
72	0.01187	0.00890	0.01335	0.01335	0.01483	0.01038	0.01038	0.01483	0.01335	0.01928	0.02225	0.03264	0.02077	0.06231	0.67512	0.01335	0.02225	0.00890	0.00445	0.00742
73	0.01666	0.04297	0.66500	0.02368	0.03596	0.01929	0.03069	0.02631	0.01754	0.02631	0.01491	0.01754	0.01052	0.00789	0.00789	0.00263	0.01228	0.00614	0.00351	0.01228
74	0.02384	0.55496	0.03928	0.01710	0.04813	0.15597	0.01503	0.02650	0.01825	0.02001	0.01196	0.01394	0.01077	0.00740	0.00586	0.00188	0.01010	0.00474	0.00372	0.01056
75	0.01008	0.00828	0.00888	0.00905	0.01146	0.00708	0.00667	0.01232	0.01909	0.02356	0.14591	0.15570	0.51076	0.02119	0.00991	0.00285	0.00425	0.01800	0.00788	0.00708
76	0.02056	0.01974	0.03372	0.05099	0.65622	0.01974	0.02550	0.02550	0.01892	0.02714	0.01563	0.02056	0.01316	0.00740	0.00822	0.00247	0.00987	0.00740	0.00411	0.01316
77	0.01995	0.02369	0.10921	0.05889	0.30560	0.08918	0.05323	0.02463	0.01773	0.02430	0.01489	0.02014	0.01259	0.01254	0.05640	0.00342	0.13104	0.00723	0.00398	0.01134
78	0.01435	0.01168	0.01356	0.01251	0.01422	0.01298	0.00917	0.04285	0.09860	0.02249	0.03978	0.05005	0.19083	0.26776	0.05427	0.00529	0.11368	0.01209	0.00609	0.00774
79	0.01965	0.01379	0.01415	0.01277	0.01585	0.07571	0.00945	0.02478	0.10572	0.15085	0.14515	0.07974	0.11796	0.15877	0.01590	0.00378	0.00694	0.01213	0.00768	0.00925
80	0.01255	0.02006	0.24420	0.01579	0.02047	0.01130	0.01582	0.01687	0.01632	0.02280	0.03384	0.42791	0.03792	0.05056	0.01107	0.00332	0.00764	0.01684	0.00609	0.00865
81	0.02266	0.02565	0.06806	0.04210	0.45315	0.16735	0.04878	0.02732	0.01991	0.02554	0.01501	0.01921	0.01243	0.00767	0.00811	0.00242	0.01133	0.00697	0.00412	0.01223

[dist]
# distance from previous block
# <min> <max>
0	3

[block]
# block no. 7 follows, 22 sequences, length 13
# corresponding to MSA columns:
# 405-417
name=unknown_H
#
# <colnr> <probs for GDERKNQSTAVLIFYWHMCP>
#	G	D	E	R	K	N	Q	S	T	A	V	L	I	F	Y	W	H	M	C	P
0	0.02057	0.01953	0.03207	0.04722	0.58607	0.01984	0.02413	0.02756	0.08771	0.02798	0.01764	0.02171	0.01451	0.00783	0.00825	0.00251	0.00951	0.00762	0.00459	0.01316
1	0.01256	0.00995	0.01351	0.01655	0.08519	0.00945	0.01165	0.01559	0.01851	0.02378	0.05323	0.18319	0.22713	0.02117	0.01047	0.00329	0.00639	0.26317	0.00729	0.00792
2	0.01317	0.00964	0.01190	0.01235	0.01402	0.00928	0.00865	0.08199	0.01843	0.02490	0.03957	0.54174	0.04591	0.05726	0.01162	0.00335	0.00557	0.01982	0.00744	0.06340
3	0.02349	0.01808	0.02133	0.06329	0.02390	0.02107	0.01475	0.30906	0.06553	0.03754	0.02005	0.02319	0.01566	0.01645	0.08490	0.00386	0.12414	0.00775	0.09455	0.01140
4	0.01236	0.00956	0.01166	0.01241	0.01484	0.00916	0.01026	0.01677	0.05843	0.02519	0.10387	0.08216	0.27976	0.02104	0.01053	0.00328	0.00599	0.29712	0.00784	0.00777
5	0.02770	0.23330	0.03107	0.02025	0.02564	0.44417	0.05732	0.03032	0.02134	0.02053	0.01274	0.01501	0.01082	0.00803	0.00702	0.00208	0.01315	0.00539	0.00406	0.01004
6	0.02386	0.41212	0.10837	0.01949	0.06301	0.20410	0.01728	0.02732	0.01888	0.02099	0.01253	0.01470	0.01081	0.00761	0.00638	0.00201	0.01098	0.00506	0.00378	0.01072
7	0.01287	0.00910	0.01145	0.01294	0.05441	0.00910	0.00780	0.01384	0.01370	0.01830	0.02838	0.05853	0.03193	0.54790	0.03491	0.00698	0.00811	0.10836	0.00540	0.00602
8	0.01203	0.00853	0.01033	0.01109	0.01192	0.00833	0.00730	0.04949	0.01628	0.02159	0.04000	0.42820	0.07433	0.23716	0.02029	0.00475	0.00606	0.01874	0.00691	0.00668
9	0.01814	0.01683	0.02813	0.04184	0.50664	0.01672	0.02137	0.02226	0.01822	0.02576	0.02263	0.17894	0.02286	0.01173	0.00878	0.00268	0.00870	0.01117	0.00495	0.01167
10	0.02454	0.14232	0.02794	0.02626	0.18665	0.27722	0.01709	0.07043	0.02184	0.02451	0.02174	0.02369	0.08257	0.00950	0.00764	0.00226	0.01103	0.00723	0.00479	0.01075
11	0.02080	0.06718	0.02313	0.07014	0.13444	0.12524	0.01529	0.07089	0.09446	0.02828	0.09095	0.02749	0.05339	0.00983	0.00785	0.00226	0.00872	0.00804	0.00577	0.13585
12	0.02366	0.02832	0.05376	0.09433	0.13369	0.33011	0.03774	0.02727	0.02024	0.02250	0.01558	0.04074	0.01345	0.01230	0.05319	0.00304	0.01308	0.00689	0.00432	0.06580

[dist]
# distance from previous block
# <min> <max>
0	3

[block]
# block no. 8 follows, 22 sequences, length 125
# corresponding to MSA columns:
# 421-545
name=unknown_I
#
# <colnr> <probs for GDERKNQSTAVLIFYWHMCP>
#	G	D	E	R	K	N	Q	S	T	A	V	L	I	F	Y	W	H	M	C	P
0	0.20271	0.05673	0.08826	0.01565	0.02044	0.20407	0.01360	0.02382	0.01774	0.02514	0.02290	0.02589	0.08766	0.02014	0.13706	0.00454	0.01245	0.00731	0.00481	0.00908
1	0.02494	0.15932	0.03129	0.06732	0.24425	0.16413	0.01930	0.14077	0.02319	0.02863	0.01500	0.01793	0.01221	0.00813	0.00752	0.00228	0.01071	0.00640	0.00481	0.01188
2	0.02233	0.02850	0.14513	0.01875	0.02468	0.21589	0.01681	0.06116	0.23768	0.02824	0.02869	0.02841	0.08630	0.01081	0.00820	0.00256	0.01007	0.00835	0.00615	0.01129
3	0.01377	0.01044	0.01553	0.01933	0.13816	0.01093	0.01195	0.01692	0.01570	0.02321	0.02713	0.18253	0.02716	0.03456	0.28207	0.00705	0.01280	0.01177	0.13056	0.00844
4	0.02744	0.01870	0.02095	0.01684	0.02229	0.01982	0.01353	0.41251	0.03179	0.11679	0.02625	0.15366	0.02275	0.01296	0.00867	0.00262	0.00792	0.01061	0.00828	0.04562
5	0.02003	0.01919	0.03276	0.12081	0.59058	0.01960	0.02523	0.02503	0.01866	0.02649	0.01553	0.02073	0.01293	0.00750	0.00823	0.00250	0.01000	0.00740	0.00407	0.01273
6	0.02135	0.42427	0.14029	0.02044	0.02862	0.02725	0.15598	0.02611	0.01788	0.04751	0.01410	0.01664	0.01147	0.00733	0.00687	0.00217	0.01051	0.00608	0.00396	0.01117
7	0.01693	0.06922	0.35906	0.02735	0.17222	0.01843	0.02462	0.02381	0.01700	0.02475	0.01631	0.02093	0.01313	0.01833	0.13768	0.00463	0.01348	0.00687	0.00383	0.01144
8	0.01157	0.00864	0.01068	0.01156	0.01336	0.00809	0.00904	0.01415	0.01830	0.02349	0.11197	0.15960	0.23680	0.09727	0.01407	0.00380	0.00592	0.22710	0.00753	0.00707
9	0.03110	0.02303	0.02466	0.01902	0.02558	0.02554	0.01567	0.60268	0.06568	0.05158	0.02056	0.02043	0.01462	0.01003	0.00832	0.00251	0.00903	0.00756	0.00832	0.01408
10	0.01518	0.01377	0.01970	0.01779	0.01850	0.01829	0.01448	0.01754	0.01302	0.01966	0.01629	0.02504	0.01559	0.03722	0.33493	0.00825	0.37438	0.00804	0.00402	0.00829
11	0.01081	0.00752	0.00944	0.01069	0.01100	0.00721	0.00677	0.01175	0.01456	0.01942	0.03891	0.47530	0.04627	0.26518	0.02171	0.00501	0.00595	0.01957	0.00677	0.00615
12	0.01259	0.00958	0.01495	0.01415	0.01607	0.01079	0.04510	0.01585	0.01402	0.02060	0.02232	0.03193	0.02034	0.05510	0.58563	0.01187	0.02037	0.00886	0.06223	0.00766
13	0.01939	0.01674	0.01757	0.01591	0.02038	0.01906	0.01235	0.04036	0.56811	0.03331	0.03973	0.03675	0.09908	0.01242	0.00861	0.00282	0.00630	0.01035	0.00837	0.01243
14	0.01012	0.00723	0.00964	0.01157	0.01205	0.00675	0.00771	0.01157	0.01591	0.02121	0.04579	0.70262	0.05495	0.02603	0.01060	0.00337	0.00482	0.02362	0.00771	0.00675
15	0.02038	0.02026	0.03670	0.04788	0.53696	0.01999	0.14237	0.02571	0.01905	0.02704	0.01586	0.02092	0.01305	0.00732	0.00853	0.00253	0.01067	0.00787	0.00413	0.01278
16	0.01549	0.00774	0.00774	0.00774	0.00968	0.00774	0.00581	0.01936	0.01742	0.03097	0.02710	0.03097	0.02129	0.00968	0.00581	0.00194	0.00387	0.00774	0.75416	0.00774
17	0.01005	0.00750	0.00936	0.01085	0.01186	0.00681	0.00739	0.01165	0.01660	0.02149	0.05452	0.56087	0.19106	0.02489	0.01042	0.00324	0.00468	0.02223	0.00771	0.00681
18	0.01756	0.03672	0.47762	0.02713	0.03823	0.01981	0.21180	0.02640	0.01817	0.02640	0.01549	0.01902	0.01116	0.00762	0.00847	0.00268	0.01280	0.00725	0.00372	0.01195
19	0.01683	0.04025	0.59491	0.02347	0.03441	0.01997	0.02932	0.02562	0.01701	0.02562	0.01447	0.01761	0.01057	0.00862	0.01002	0.00274	0.08686	0.00626	0.00352	0.01193
20	0.01666	0.04297	0.66500	0.02368	0.03596	0.01929	0.03069	0.02631	0.01754	0.02631	0.01491	0.01754	0.01052	0.00789	0.00789	0.00263	0.01228	0.00614	0.00351	0.01228
21	0.00982	0.00842	0.00842	0.00842	0.01122	0.00701	0.00631	0.01192	0.01894	0.02244	0.08416	0.07995	0.65285	0.02104	0.00982	0.00281	0.00421	0.01753	0.00771	0.00701
22	0.03091	0.02392	0.02449	0.01912	0.02551	0.06383	0.01565	0.55922	0.07328	0.04944	0.02033	0.02030	0.01458	0.00996	0.00827	0.00249	0.00934	0.00747	0.00808	0.01380
23	0.01855	0.15014	0.46299	0.02335	0.03398	0.05061	0.09691	0.02641	0.01794	0.02497	0.01449	0.01731	0.01080	0.00769	0.00768	0.00249	0.01204	0.00625	0.00363	0.01177
24	0.01569	0.01477	0.02492	0.68808	0.05722	0.01846	0.02307	0.02123	0.01661	0.02123	0.01477	0.02215	0.01107	0.00831	0.00831	0.00277	0.01107	0.00738	0.00369	0.00923
25	0.01450	0.01185	0.01327	0.01259	0.01574	0.01226	0.00978	0.02477	0.23848	0.03010	0.22636	0.05885	0.21373	0.01662	0.00948	0.00284	0.00526	0.06568	0.00838	0.00946
26	0.02483	0.19913	0.10609	0.02661	0.16834	0.29369	0.01946	0.02861	0.02017	0.02238	0.01340	0.01614	0.01123	0.00787	0.00718	0.00218	0.01203	0.00569	0.00397	0.01099
27	0.03727	0.01414	0.01928	0.01478	0.02121	0.01221	0.01221	0.04049	0.02378	0.66198	0.03277	0.02828	0.02056	0.01028	0.00835	0.00257	0.00707	0.00835	0.01028	0.01414
28	0.02056	0.01974	0.03372	0.05099	0.65622	0.01974	0.02550	0.02550	0.01892	0.02714	0.01563	0.02056	0.01316	0.00740	0.00822	0.00247	0.00987	0.00740	0.00411	0.01316
29	0.02033	0.06426	0.37022	0.02022	0.02933	0.01961	0.02261	0.03317	0.20789	0.09602	0.02239	0.02257	0.01611	0.00914	0.00799	0.00264	0.00983	0.00728	0.00573	0.01266
30	0.02295	0.27918	0.25201	0.01964	0.02768	0.22126	0.02045	0.02787	0.01911	0.02212	0.01310	0.01528	0.01063	0.00782	0.00686	0.00218	0.01189	0.00530	0.00376	0.01091
31	0.01012	0.00723	0.00964	0.01157	0.01205	0.00675	0.00771	0.01157	0.01591	0.02121	0.04579	0.70262	0.05495	0.02603	0.01060	0.00337	0.00482	0.02362	0.00771	0.00675
32	0.01906	0.01545	0.02550	0.43023	0.18710	0.01743	0.02158	0.02398	0.01794	0.09785	0.01862	0.05641	0.01485	0.00922	0.00841	0.00271	0.01002	0.00831	0.00476	0.01058
33	0.08260	0.00997	0.01181	0.01213	0.01386	0.01011	0.00858	0.06911	0.01760	0.05534	0.03628	0.43747	0.04088	0.10411	0.04663	0.00423	0.00671	0.01762	0.00718	0.00779
34	0.01012	0.00723	0.00964	0.01157	0.01205	0.00675	0.00771	0.01157	0.01591	0.02121	0.04579	0.70262	0.05495	0.02603	0.01060	0.00337	0.00482	0.02362	0.00771	0.00675
35	0.01231	0.00922	0.01189	0.01323	0.01541	0.00880	0.01126	0.01562	0.01907	0.02413	0.05605	0.08957	0.22959	0.02238	0.01098	0.00352	0.00662	0.42522	0.00767	0.00746
36	0.01380	0.01168	0.01236	0.01184	0.01514	0.01186	0.00909	0.02340	0.23377	0.02715	0.08449	0.08502	0.36730	0.01778	0.00945	0.00287	0.00519	0.04061	0.00802	0.00918
37	0.01935	0.01819	0.02890	0.07835	0.47710	0.01867	0.02194	0.02664	0.10522	0.02745	0.02419	0.02737	0.07152	0.00920	0.00840	0.00256	0.00898	0.00858	0.00501	0.01239
38	0.02353	0.02142	0.03127	0.04243	0.48490	0.04998	0.02287	0.16312	0.02371	0.03258	0.01649	0.02017	0.01327	0.00804	0.00821	0.00246	0.00993	0.00733	0.00508	0.01322
39	0.02003	0.01919	0.03276	0.12081	0.59058	0.01960	0.02523	0.02503	0.01866	0.02649	0.01553	0.02073	0.01293	0.00750	0.00823	0.00250	0.01000	0.00740	0.00407	0.01273
