[name]
unknown

[dist]
# distance from previous block
# <min> <max>
1	7

[block]
# block no. 0 follows, 22 sequences, length 10
# corresponding to MSA columns:
# 7-16
name=unknown_A
#
# <colnr> <probs for GDERKNQSTAVLIFYWHMCP>
#	G	D	E	R	K	N	Q	S	T	A	V	L	I	F	Y	W	H	M	C	P
0	0.01494	0.01314	0.02043	0.20451	0.19435	0.01377	0.01634	0.01920	0.01943	0.02644	0.22008	0.04199	0.10630	0.04172	0.01035	0.00287	0.00764	0.01110	0.00600	0.00941
1	0.01905	0.01616	0.01940	0.05537	0.11522	0.04210	0.01392	0.12457	0.15813	0.03378	0.21374	0.03978	0.08824	0.01272	0.00886	0.00262	0.00707	0.01086	0.00751	0.01089
2	0.01743	0.01886	0.09863	0.08670	0.25230	0.01623	0.11700	0.02180	0.01804	0.02532	0.10091	0.02696	0.02156	0.01210	0.01244	0.12055	0.00969	0.00864	0.00462	0.01022
3	0.02053	0.02034	0.02847	0.29948	0.30444	0.09801	0.02282	0.06061	0.01975	0.02547	0.01521	0.02049	0.01209	0.00805	0.00817	0.00255	0.01092	0.00715	0.00421	0.01123
4	0.02113	0.11887	0.02783	0.24828	0.15170	0.18893	0.01942	0.02507	0.01859	0.02170	0.01460	0.01965	0.01211	0.01253	0.06315	0.00329	0.01248	0.00658	0.00397	0.01011
5	0.23564	0.02291	0.01722	0.01544	0.01975	0.24443	0.01194	0.02929	0.08829	0.07941	0.13205	0.02587	0.02485	0.01028	0.00741	0.00246	0.00901	0.00754	0.00633	0.00986
6	0.05865	0.01031	0.01273	0.10165	0.01914	0.01032	0.00990	0.01786	0.04587	0.07435	0.10562	0.20234	0.23451	0.04637	0.01068	0.00310	0.00586	0.01525	0.00728	0.00819
7	0.01149	0.00798	0.00906	0.00934	0.00979	0.00772	0.00559	0.01198	0.01356	0.01770	0.03681	0.15210	0.11741	0.51657	0.03332	0.00667	0.00707	0.01449	0.00578	0.00555
8	0.01187	0.00844	0.01010	0.01078	0.01162	0.00820	0.00706	0.04315	0.01602	0.02112	0.04116	0.38331	0.09960	0.26348	0.02150	0.00491	0.00611	0.01819	0.00680	0.00655
9	0.01629	0.01173	0.01806	0.01538	0.01779	0.01172	0.10468	0.07229	0.04533	0.02203	0.02491	0.07657	0.07153	0.06764	0.02288	0.37119	0.00807	0.01003	0.00508	0.00680

[dist]
# distance from previous block
# <min> <max>
0	2

[block]
# block no. 1 follows, 22 sequences, length 74
# corresponding to MSA columns:
# 19-92
name=unknown_B
#
# <colnr> <probs for GDERKNQSTAVLIFYWHMCP>
#	G	D	E	R	K	N	Q	S	T	A	V	L	I	F	Y	W	H	M	C	P
0	0.01696	0.01081	0.01215	0.04905	0.01506	0.01149	0.00840	0.11626	0.01916	0.02904	0.02475	0.03556	0.02212	0.21549	0.04686	0.00437	0.00718	0.00900	0.33823	0.00806
1	0.01603	0.01335	0.01918	0.02203	0.15574	0.01546	0.01385	0.01859	0.01474	0.02225	0.01944	0.03086	0.01873	0.17611	0.11372	0.00548	0.18933	0.00869	0.11780	0.00863
2	0.01901	0.01816	0.03092	0.25361	0.46571	0.01933	0.02472	0.02414	0.01818	0.02526	0.01535	0.02107	0.01250	0.00769	0.00825	0.00256	0.01025	0.00740	0.00398	0.01191
3	0.01676	0.01586	0.02685	0.54786	0.18905	0.01874	0.02360	0.02217	0.01712	0.02253	0.01496	0.02180	0.01153	0.00811	0.00829	0.00270	0.01081	0.00739	0.00378	0.01009
4	0.12682	0.01678	0.01853	0.01555	0.01995	0.01882	0.01249	0.31197	0.02579	0.03756	0.01987	0.02508	0.01646	0.06629	0.22386	0.00631	0.01291	0.00778	0.00644	0.01074
5	0.01587	0.01171	0.01365	0.01199	0.01498	0.01168	0.00921	0.14982	0.02561	0.03495	0.39572	0.05482	0.14158	0.05771	0.01143	0.00294	0.00536	0.01354	0.00851	0.00894
6	0.01189	0.00824	0.01032	0.01045	0.01090	0.00863	0.00674	0.01283	0.01270	0.01736	0.02640	0.09253	0.02922	0.47818	0.21968	0.00924	0.01186	0.01197	0.00505	0.00583
7	0.01227	0.00977	0.01116	0.01058	0.01324	0.00932	0.00800	0.01823	0.10806	0.02940	0.35089	0.06448	0.28817	0.01772	0.00962	0.00271	0.00440	0.01519	0.00851	0.00827
8	0.02115	0.01411	0.01716	0.01280	0.01950	0.01103	0.01022	0.02459	0.01858	0.16641	0.02085	0.06653	0.01704	0.00842	0.00694	0.00167	0.00626	0.00696	0.00629	0.54350
9	0.03138	0.02925	0.02442	0.01995	0.02573	0.26350	0.01589	0.41041	0.03337	0.04062	0.01734	0.01813	0.01287	0.00946	0.00801	0.00236	0.01128	0.00670	0.00683	0.01248
10	0.01860	0.07702	0.28272	0.02917	0.07494	0.02063	0.29131	0.02605	0.01848	0.02606	0.01555	0.01957	0.01169	0.00734	0.00850	0.00257	0.01238	0.00766	0.00392	0.04583
11	0.01999	0.02048	0.01877	0.16310	0.05534	0.22466	0.01446	0.02296	0.01978	0.05804	0.03508	0.12361	0.16308	0.01370	0.00869	0.00263	0.00966	0.01125	0.00572	0.00898
12	0.02284	0.66503	0.04211	0.01473	0.02163	0.07863	0.01435	0.02547	0.01735	0.01960	0.01164	0.01344	0.01066	0.00721	0.00548	0.00180	0.00932	0.00451	0.00361	0.01059
13	0.01078	0.00824	0.00989	0.00993	0.01192	0.00735	0.00727	0.01362	0.02054	0.02731	0.34309	0.18171	0.27820	0.02002	0.00995	0.00282	0.00418	0.01743	0.00838	0.00735
14	0.19559	0.01778	0.05331	0.02262	0.16060	0.01686	0.01547	0.03334	0.10645	0.26102	0.02344	0.02307	0.01648	0.00908	0.00759	0.00259	0.00773	0.00730	0.00716	0.01253
15	0.02056	0.01974	0.03372	0.05099	0.65622	0.01974	0.02550	0.02550	0.01892	0.02714	0.01563	0.02056	0.01316	0.00740	0.00822	0.00247	0.00987	0.00740	0.00411	0.01316
16	0.01012	0.00723	0.00964	0.01157	0.01205	0.00675	0.00771	0.01157	0.01591	0.02121	0.04579	0.70262	0.05495	0.02603	0.01060	0.00337	0.00482	0.02362	0.00771	0.00675
17	0.03158	0.02327	0.02493	0.01911	0.02576	0.02576	0.01579	0.62852	0.03906	0.05236	0.01995	0.01995	0.01413	0.00997	0.00831	0.00249	0.00914	0.00748	0.00831	0.01413
18	0.02387	0.01479	0.01686	0.01442	0.01931	0.01516	0.01142	0.06179	0.28073	0.22834	0.04428	0.04075	0.16560	0.01312	0.00873	0.00272	0.00631	0.01083	0.00885	0.01211
19	0.02056	0.01974	0.03372	0.05099	0.65622	0.01974	0.02550	0.02550	0.01892	0.02714	0.01563	0.02056	0.01316	0.00740	0.00822	0.00247	0.00987	0.00740	0.00411	0.01316
20	0.02621	0.02522	0.02220	0.01885	0.02262	0.23149	0.01500	0.21839	0.02526	0.03197	0.01667	0.01950	0.01332	0.01048	0.01187	0.00255	0.16075	0.00679	0.11017	0.01068
21	0.01012	0.00723	0.00964	0.01157	0.01205	0.00675	0.00771	0.01157	0.01591	0.02121	0.04579	0.70262	0.05495	0.02603	0.01060	0.00337	0.00482	0.02362	0.00771	0.00675
22	0.71431	0.01658	0.01312	0.01151	0.01676	0.01914	0.00948	0.06749	0.01591	0.03835	0.01216	0.01396	0.00936	0.00787	0.00537	0.00257	0.00662	0.00471	0.00537	0.00936
23	0.02878	0.03150	0.02615	0.02761	0.16863	0.38340	0.01813	0.16246	0.02591	0.02892	0.01504	0.01734	0.01201	0.00861	0.00784	0.00229	0.01254	0.00628	0.00513	0.01142
24	0.01191	0.00871	0.01241	0.01241	0.01356	0.00987	0.00921	0.01423	0.01307	0.01859	0.02312	0.03742	0.02284	0.20443	0.53584	0.01219	0.01913	0.00960	0.00458	0.00689
25	0.03473	0.01822	0.02180	0.01672	0.02324	0.01826	0.01381	0.30320	0.03060	0.38962	0.02704	0.02455	0.01769	0.01014	0.00833	0.00254	0.00799	0.00796	0.00940	0.01413
26	0.01196	0.00800	0.00910	0.00921	0.00924	0.00798	0.00520	0.01205	0.01231	0.01642	0.02736	0.09348	0.03170	0.66689	0.04037	0.00777	0.00786	0.01278	0.00520	0.00514
27	0.02221	0.71304	0.04353	0.01421	0.02132	0.03287	0.01421	0.02488	0.01688	0.01955	0.01155	0.01333	0.01066	0.00711	0.00533	0.00178	0.00888	0.00444	0.00355	0.01066
28	0.00982	0.00842	0.00842	0.00842	0.01122	0.00701	0.00631	0.01192	0.01894	0.02244	0.08416	0.07995	0.65285	0.02104	0.00982	0.00281	0.00421	0.01753	0.00771	0.00701
29	0.01033	0.00768	0.00964	0.01075	0.01194	0.00698	0.00745	0.01232	0.01777	0.02347	0.15423	0.47222	0.17777	0.02353	0.01031	0.00313	0.00455	0.02098	0.00795	0.00698
30	0.01569	0.01477	0.02492	0.68808	0.05722	0.01846	0.02307	0.02123	0.01661	0.02123	0.01477	0.02215	0.01107	0.00831	0.00831	0.00277	0.01107	0.00738	0.00369	0.00923
31	0.01006	0.00749	0.00937	0.01088	0.01187	0.00681	0.00741	0.01164	0.01656	0.02148	0.05413	0.56718	0.18500	0.02494	0.01043	0.00325	0.00469	0.02229	0.00771	0.00681
32	0.02804	0.01985	0.02115	0.01661	0.02222	0.02180	0.01359	0.49445	0.03430	0.04765	0.02152	0.02237	0.01570	0.00991	0.00776	0.00237	0.00798	0.00754	0.17246	0.01272
33	0.02173	0.03189	0.22891	0.08007	0.25319	0.19121	0.02448	0.02746	0.01953	0.02467	0.01461	0.01826	0.01154	0.00792	0.00793	0.00245	0.01205	0.00647	0.00394	0.01168
34	0.02048	0.03250	0.32591	0.02621	0.03581	0.04851	0.21440	0.11255	0.04837	0.03020	0.01694	0.01988	0.01233	0.00808	0.00856	0.00265	0.01225	0.00759	0.00465	0.01213
35	0.03103	0.03959	0.02354	0.02140	0.02568	0.67469	0.01605	0.03317	0.02354	0.02033	0.01284	0.01498	0.01070	0.00856	0.00749	0.00214	0.01498	0.00535	0.00428	0.00963
36	0.02241	0.02574	0.12716	0.03987	0.41940	0.08817	0.02411	0.10072	0.02167	0.02942	0.01576	0.01945	0.01263	0.00791	0.00811	0.00246	0.01067	0.00701	0.00456	0.01278
37	0.09801	0.10329	0.39385	0.01947	0.02921	0.01909	0.02276	0.02905	0.01848	0.16499	0.01811	0.01903	0.01257	0.00831	0.00745	0.00252	0.01020	0.00628	0.00515	0.01218
38	0.01093	0.00802	0.01043	0.01205	0.01327	0.00752	0.00898	0.01310	0.01722	0.02235	0.05128	0.44667	0.14597	0.02445	0.01071	0.00340	0.00546	0.17346	0.00770	0.00702
39	0.01187	0.00890	0.01335	0.01335	0.01483	0.01038	0.01038	0.01483	0.01335	0.01928	0.02225	0.03264	0.02077	0.06231	0.67512	0.01335	0.02225	0.00890	0.00445	0.00742
40	0.01666	0.04297	0.66500	0.02368	0.03596	0.01929	0.03069	0.02631	0.01754	0.02631	0.01491	0.01754	0.01052	0.00789	0.00789	0.00263	0.01228	0.00614	0.00351	0.01228
41	0.02172	0.01614	0.01722	0.01537	0.01953	0.05996	0.01260	0.19875	0.05317	0.09249	0.06787	0.05402	0.14436	0.01587	0.00948	0.00292	0.00769	0.17246	0.00797	0.01041
42	0.01203	0.00824	0.01000	0.01000	0.01033	0.00857	0.00621	0.01269	0.01236	0.01681	0.02531	0.04958	0.02813	0.56592	0.18156	0.00922	0.01118	0.01138	0.00491	0.00556
43	0.02056	0.01974	0.03372	0.05099	0.65622	0.01974	0.02550	0.02550	0.01892	0.02714	0.01563	0.02056	0.01316	0.00740	0.00822	0.00247	0.00987	0.00740	0.00411	0.01316
44	0.02047	0.01897	0.02237	0.08971	0.22549	0.10867	0.01682	0.02904	0.16008	0.02820	0.02180	0.02459	0.01717	0.00903	0.00765	0.00241	0.00863	0.00764	0.17016	0.01110
45	0.01643	0.01552	0.02625	0.59163	0.14790	0.01865	0.02344	0.02187	0.01696	0.02212	0.01490	0.02191	0.01139	0.00817	0.00829	0.00272	0.01089	0.00739	0.00376	0.00982
46	0.01111	0.00847	0.01021	0.00977	0.01201	0.00756	0.00733	0.01443	0.02199	0.02969	0.46277	0.06801	0.26971	0.01833	0.00980	0.00268	0.00402	0.01586	0.00867	0.00756
47	0.02196	0.02451	0.02459	0.02842	0.21595	0.26340	0.05182	0.02537	0.02072	0.02353	0.02903	0.03526	0.12642	0.01154	0.00860	0.00254	0.01085	0.06019	0.00512	0.01017
48	0.08433	0.10045	0.02740	0.02575	0.16328	0.24105	0.01733	0.18702	0.02519	0.03150	0.01509	0.01723	0.01201	0.00846	0.00746	0.00230	0.01101	0.00620	0.00530	0.01165
49	0.01826	0.23627	0.48573	0.02095	0.03173	0.02321	0.02594	0.02590	0.01735	0.02436	0.01394	0.01632	0.01056	0.00767	0.00715	0.00238	0.01130	0.00565	0.00352	0.01181
50	0.00982	0.00842	0.00842	0.00842	0.01122	0.00701	0.00631	0.01192	0.01894	0.02244	0.08416	0.07995	0.65285	0.02104	0.00982	0.00281	0.00421	0.01753	0.00771	0.00701
51	0.25616	0.17555	0.02333	0.01553	0.02080	0.18059	0.01279	0.03110	0.15916	0.02871	0.01691	0.01778	0.01348	0.00859	0.00650	0.00235	0.00907	0.00580	0.00533	0.01046
52	0.02083	0.01506	0.01698	0.01505	0.01860	0.01605	0.01154	0.31205	0.02724	0.03685	0.03228	0.33673	0.03340	0.01739	0.00925	0.00287	0.00687	0.01497	0.04560	0.01039
53	0.01105	0.00771	0.00981	0.01112	0.01158	0.00743	0.00739	0.01226	0.01499	0.01992	0.03936	0.43825	0.04637	0.24345	0.02080	0.00491	0.00612	0.07433	0.00685	0.00629
54	0.02221	0.71304	0.04353	0.01421	0.02132	0.03287	0.01421	0.02488	0.01688	0.01955	0.01155	0.01333	0.01066	0.00711	0.00533	0.00178	0.00888	0.00444	0.00355	0.01066
55	0.43197	0.01518	0.01545	0.01269	0.01843	0.01569	0.01047	0.03179	0.01856	0.32395	0.02130	0.02028	0.01431	0.00889	0.00662	0.00257	0.00672	0.00627	0.00750	0.01136
56	0.02056	0.01974	0.03372	0.05099	0.65622	0.01974	0.02550	0.02550	0.01892	0.02714	0.01563	0.02056	0.01316	0.00740	0.00822	0.00247	0.00987	0.00740	0.00411	0.01316
57	0.02221	0.71304	0.04353	0.01421	0.02132	0.03287	0.01421	0.02488	0.01688	0.01955	0.01155	0.01333	0.01066	0.00711	0.00533	0.00178	0.00888	0.00444	0.00355	0.01066
58	0.01549	0.00774	0.00774	0.00774	0.00968	0.00774	0.00581	0.01936	0.01742	0.03097	0.02710	0.03097	0.02129	0.00968	0.00581	0.00194	0.00387	0.00774	0.75416	0.00774
59	0.01187	0.00890	0.01335	0.01335	0.01483	0.01038	0.01038	0.01483	0.01335	0.01928	0.02225	0.03264	0.02077	0.06231	0.67512	0.01335	0.02225	0.00890	0.00445	0.00742
60	0.01569	0.01477	0.02492	0.68808	0.05722	0.01846	0.02307	0.02123	0.01661	0.02123	0.01477	0.02215	0.01107	0.00831	0.00831	0.00277	0.01107	0.00738	0.00369	0.00923
61	0.01035	0.00844	0.00915	0.00897	0.01155	0.00724	0.00673	0.01295	0.02019	0.02543	0.24003	0.07504	0.49511	0.01993	0.00981	0.00275	0.00413	0.01684	0.00811	0.00724
62	0.01010	0.00730	0.00957	0.01138	0.01200	0.00676	0.00763	0.01159	0.01609	0.02128	0.04810	0.66505	0.09103	0.02573	0.01056	0.00334	0.00478	0.02325	0.00771	0.00676
63	0.02056	0.01974	0.03372	0.05099	0.65622	0.01974	0.02550	0.02550	0.01892	0.02714	0.01563	0.02056	0.01316	0.00740	0.00822	0.00247	0.00987	0.00740	0.00411	0.01316
64	0.03158	0.02327	0.02493	0.01911	0.02576	0.02576	0.01579	0.62852	0.03906	0.05236	0.01995	0.01995	0.01413	0.00997	0.00831	0.00249	0.00914	0.00748	0.00831	0.01413
65	0.01012	0.00723	0.00964	0.01157	0.01205	0.00675	0.00771	0.01157	0.01591	0.02121	0.04579	0.70262	0.05495	0.02603	0.01060	0.00337	0.00482	0.02362	0.00771	0.00675
66	0.01666	0.04297	0.66500	0.02368	0.03596	0.01929	0.03069	0.02631	0.01754	0.02631	0.01491	0.01754	0.01052	0.00789	0.00789	0.00263	0.01228	0.00614	0.00351	0.01228
67	0.01007	0.00847	0.00877	0.00881	0.01153	0.00716	0.00669	0.01235	0.01920	0.02316	0.11491	0.07949	0.59533	0.02089	0.00988	0.00284	0.00433	0.04122	0.00779	0.00709
68	0.03033	0.03693	0.02330	0.02092	0.02540	0.58369	0.01583	0.07467	0.06864	0.02355	0.01482	0.01646	0.01198	0.00885	0.00762	0.00221	0.01398	0.00578	0.00485	0.01019
69	0.02957	0.03682	0.02496	0.02553	0.11376	0.58321	0.01737	0.03210	0.02290	0.02128	0.01323	0.01576	0.01104	0.00840	0.00759	0.00219	0.01427	0.00564	0.00426	0.01012
70	0.01972	0.01869	0.03170	0.09397	0.56982	0.01895	0.02449	0.02462	0.01877	0.02656	0.01750	0.02568	0.01538	0.00853	0.00845	0.00258	0.00980	0.04794	0.00432	0.01250
71	0.01005	0.00749	0.00937	0.01087	0.01187	0.00681	0.00740	0.01165	0.01657	0.02148	0.05423	0.56558	0.18654	0.02493	0.01043	0.00325	0.00469	0.02228	0.00771	0.00681
72	0.06858	0.23603	0.02789	0.01790	0.02281	0.38334	0.01457	0.02847	0.02006	0.02097	0.01327	0.01607	0.01154	0.01315	0.06969	0.00311	0.01336	0.00537	0.00413	0.00969
73	0.01735	0.12554	0.58842	0.02251	0.03415	0.02097	0.02866	0.02613	0.01746	0.02548	0.01449	0.01702	0.01054	0.00780	0.00758	0.00253	0.01186	0.00593	0.00351	0.01208

[dist]
# distance from previous block
# <min> <max>
1	4

[block]
# block no. 2 follows, 22 sequences, length 182
# corresponding to MSA columns:
# 97-278
name=unknown_C
#
# <colnr> <probs for GDERKNQSTAVLIFYWHMCP>
#	G	D	E	R	K	N	Q	S	T	A	V	L	I	F	Y	W	H	M	C	P
0	0.01904	0.28560	0.37254	0.01936	0.02881	0.05225	0.02273	0.02548	0.01790	0.02398	0.05004	0.01844	0.01447	0.00816	0.00705	0.00230	0.01068	0.00599	0.00388	0.01132
1	0.01156	0.00814	0.01073	0.01226	0.01311	0.00791	0.00900	0.01348	0.01617	0.02136	0.04129	0.37757	0.04771	0.16143	0.01722	0.00445	0.00637	0.20638	0.00716	0.00669
2	0.01046	0.00794	0.00964	0.01028	0.01188	0.00712	0.00730	0.01276	0.01886	0.02477	0.21698	0.33794	0.24982	0.02208	0.01014	0.00299	0.00439	0.01944	0.00809	0.00712
3	0.02034	0.01951	0.03332	0.07999	0.62896	0.01968	0.02539	0.02530	0.01881	0.02687	0.01559	0.02063	0.01306	0.00744	0.00823	0.00248	0.00992	0.00740	0.00409	0.01298
4	0.02463	0.02586	0.02003	0.01780	0.02178	0.31410	0.01375	0.15585	0.02404	0.02721	0.02311	0.02619	0.07217	0.02289	0.16802	0.00497	0.01448	0.00777	0.00551	0.00984
5	0.01046	0.00825	0.00943	0.00953	0.01171	0.00722	0.00700	0.01301	0.01985	0.02556	0.25118	0.17263	0.38348	0.02059	0.00994	0.00284	0.00422	0.01773	0.00815	0.00722
6	0.01012	0.00723	0.00964	0.01157	0.01205	0.00675	0.00771	0.01157	0.01591	0.02121	0.04579	0.70262	0.05495	0.02603	0.01060	0.00337	0.00482	0.02362	0.00771	0.00675
7	0.02270	0.02492	0.02763	0.03135	0.23297	0.21235	0.01998	0.02565	0.01792	0.02246	0.01303	0.01804	0.01159	0.01044	0.01521	0.00281	0.26962	0.00676	0.00398	0.01059
8	0.01860	0.01965	0.03875	0.21908	0.14494	0.02030	0.33323	0.02462	0.01834	0.02489	0.01578	0.02184	0.01219	0.00778	0.00994	0.00278	0.04378	0.00863	0.00402	0.01087
9	0.01067	0.00869	0.00961	0.01007	0.01266	0.00762	0.00801	0.01319	0.01898	0.02302	0.07452	0.08325	0.50772	0.02150	0.01022	0.00305	0.00503	0.15732	0.00770	0.00717
10	0.02626	0.01814	0.01925	0.01535	0.02044	0.01980	0.01249	0.42709	0.03190	0.04528	0.02231	0.02359	0.01650	0.00988	0.00748	0.00231	0.00740	0.00757	0.25494	0.01202
11	0.01163	0.00930	0.01050	0.01005	0.01267	0.00860	0.00758	0.01645	0.07739	0.02819	0.32131	0.06788	0.35126	0.01843	0.00969	0.00272	0.00430	0.01573	0.00839	0.00792
12	0.01825	0.03126	0.31889	0.02943	0.03916	0.02046	0.33662	0.02618	0.01839	0.02618	0.01570	0.02008	0.01161	0.00774	0.00975	0.00276	0.04402	0.00808	0.00387	0.01158
13	0.09416	0.01986	0.02092	0.01721	0.02291	0.02224	0.01388	0.29918	0.28408	0.07862	0.02563	0.02439	0.01866	0.01032	0.00808	0.00264	0.00772	0.00805	0.00819	0.01326
14	0.01544	0.00772	0.00788	0.00788	0.00973	0.00772	0.00587	0.01897	0.01712	0.03022	0.02653	0.03071	0.02098	0.01055	0.00702	0.03623	0.00402	0.00772	0.72013	0.00756
15	0.02037	0.01958	0.03075	0.20100	0.45504	0.04823	0.02404	0.05355	0.01952	0.02663	0.01550	0.02067	0.01260	0.00779	0.00822	0.00253	0.01035	0.00731	0.00422	0.01211
16	0.01187	0.00890	0.01335	0.01335	0.01483	0.01038	0.01038	0.01483	0.01335	0.01928	0.02225	0.03264	0.02077	0.06231	0.67512	0.01335	0.02225	0.00890	0.00445	0.00742
17	0.03158	0.02327	0.02493	0.01911	0.02576	0.02576	0.01579	0.62852	0.03906	0.05236	0.01995	0.01995	0.01413	0.00997	0.00831	0.00249	0.00914	0.00748	0.00831	0.01413
18	0.01114	0.00870	0.01025	0.01053	0.01292	0.00781	0.00834	0.01410	0.02013	0.02574	0.21752	0.07866	0.36740	0.02046	0.01020	0.00299	0.00494	0.15273	0.00806	0.00737
19	0.02056	0.01974	0.03372	0.05099	0.65622	0.01974	0.02550	0.02550	0.01892	0.02714	0.01563	0.02056	0.01316	0.00740	0.00822	0.00247	0.00987	0.00740	0.00411	0.01316
20	0.01666	0.04297	0.66500	0.02368	0.03596	0.01929	0.03069	0.02631	0.01754	0.02631	0.01491	0.01754	0.01052	0.00789	0.00789	0.00263	0.01228	0.00614	0.00351	0.01228
21	0.00982	0.00842	0.00842	0.00842	0.01122	0.00701	0.00631	0.01192	0.01894	0.02244	0.08416	0.07995	0.65285	0.02104	0.00982	0.00281	0.00421	0.01753	0.00771	0.00701
22	0.01549	0.00774	0.00774	0.00774	0.00968	0.00774	0.00581	0.01936	0.01742	0.03097	0.02710	0.03097	0.02129	0.00968	0.00581	0.00194	0.00387	0.00774	0.75416	0.00774
23	0.02221	0.71304	0.04353	0.01421	0.02132	0.03287	0.01421	0.02488	0.01688	0.01955	0.01155	0.01333	0.01066	0.00711	0.00533	0.00178	0.00888	0.00444	0.00355	0.01066
24	0.00982	0.00842	0.00842	0.00842	0.01122	0.00701	0.00631	0.01192	0.01894	0.02244	0.08416	0.07995	0.65285	0.02104	0.00982	0.00281	0.00421	0.01753	0.00771	0.00701
25	0.02281	0.01481	0.01557	0.01292	0.01700	0.01595	0.01035	0.29668	0.02727	0.04071	0.02384	0.02595	0.01803	0.00981	0.00695	0.00219	0.00627	0.00762	0.41462	0.01065
26	0.01208	0.00805	0.00906	0.00906	0.00906	0.00805	0.00503	0.01208	0.01208	0.01611	0.02618	0.05436	0.03020	0.70804	0.04228	0.00805	0.00805	0.01208	0.00503	0.00503
27	0.01043	0.00747	0.00992	0.01136	0.01212	0.00695	0.00774	0.01234	0.01735	0.02350	0.16045	0.58143	0.05938	0.02432	0.01045	0.00323	0.00465	0.02199	0.00798	0.00695
28	0.01549	0.00774	0.00774	0.00774	0.00968	0.00774	0.00581	0.01936	0.01742	0.03097	0.02710	0.03097	0.02129	0.00968	0.00581	0.00194	0.00387	0.00774	0.75416	0.00774
29	0.03191	0.02274	0.02460	0.01886	0.02550	0.02497	0.01558	0.59417	0.03817	0.08797	0.02069	0.02043	0.01450	0.00999	0.00831	0.00250	0.00902	0.00753	0.00843	0.01413
30	0.02012	0.01929	0.03292	0.10884	0.60183	0.01962	0.02528	0.02511	0.01871	0.02660	0.01555	0.02071	0.01297	0.00748	0.00823	0.00249	0.00998	0.00740	0.00407	0.01280
31	0.01012	0.00723	0.00964	0.01157	0.01205	0.00675	0.00771	0.01157	0.01591	0.02121	0.04579	0.70262	0.05495	0.02603	0.01060	0.00337	0.00482	0.02362	0.00771	0.00675
32	0.03103	0.03959	0.02354	0.02140	0.02568	0.67469	0.01605	0.03317	0.02354	0.02033	0.01284	0.01498	0.01070	0.00856	0.00749	0.00214	0.01498	0.00535	0.00428	0.00963
33	0.01002	0.00762	0.00923	0.01053	0.01178	0.00684	0.00725	0.01168	0.01691	0.02162	0.05848	0.49672	0.25266	0.02438	0.01034	0.00319	0.00462	0.02160	0.00771	0.00684
34	0.01039	0.00820	0.00937	0.00958	0.01170	0.00718	0.00699	0.01284	0.01953	0.02505	0.22550	0.19978	0.38248	0.02097	0.00997	0.00287	0.00425	0.01809	0.00809	0.00718
35	0.01193	0.00865	0.01210	0.01210	0.01316	0.00971	0.00883	0.01403	0.01298	0.01836	0.02339	0.03895	0.02351	0.25008	0.49110	0.01181	0.01812	0.00983	0.00462	0.00672
36	0.00982	0.00842	0.00842	0.00842	0.01122	0.00701	0.00631	0.01192	0.01894	0.02244	0.08416	0.07995	0.65285	0.02104	0.00982	0.00281	0.00421	0.01753	0.00771	0.00701
37	0.01723	0.01477	0.01723	0.01230	0.01969	0.01107	0.00984	0.02092	0.01723	0.02707	0.01477	0.01723	0.01230	0.00615	0.00615	0.00123	0.00615	0.00492	0.00492	0.75883
38	0.01012	0.00723	0.00964	0.01157	0.01205	0.00675	0.00771	0.01157	0.01591	0.02121	0.04579	0.70262	0.05495	0.02603	0.01060	0.00337	0.00482	0.02362	0.00771	0.00675
39	0.01201	0.00833	0.01044	0.01044	0.01091	0.00880	0.00675	0.01296	0.01249	0.01713	0.02492	0.04739	0.02717	0.50082	0.24537	0.00975	0.01261	0.01106	0.00485	0.00580
40	0.03727	0.01414	0.01928	0.01478	0.02121	0.01221	0.01221	0.04049	0.02378	0.66198	0.03277	0.02828	0.02056	0.01028	0.00835	0.00257	0.00707	0.00835	0.01028	0.01414
41	0.03158	0.02327	0.02493	0.01911	0.02576	0.02576	0.01579	0.62852	0.03906	0.05236	0.01995	0.01995	0.01413	0.00997	0.00831	0.00249	0.00914	0.00748	0.00831	0.01413
42	0.01012	0.00723	0.00964	0.01157	0.01205	0.00675	0.00771	0.01157	0.01591	0.02121	0.04579	0.70262	0.05495	0.02603	0.01060	0.00337	0.00482	0.02362	0.00771	0.00675
43	0.03158	0.02327	0.02493	0.01911	0.02576	0.02576	0.01579	0.62852	0.03906	0.05236	0.01995	0.01995	0.01413	0.00997	0.00831	0.00249	0.00914	0.00748	0.00831	0.01413
44	0.01012	0.00803	0.00911	0.00969	0.01162	0.00701	0.00694	0.01220	0.01840	0.02317	0.13085	0.28671	0.39225	0.02228	0.01008	0.00298	0.00438	0.01931	0.00786	0.00701
45	0.02881	0.01655	0.01965	0.01553	0.02097	0.01675	0.01264	0.27687	0.03001	0.25995	0.17598	0.03295	0.03178	0.01176	0.00868	0.00255	0.00717	0.00959	0.00920	0.01262
46	0.01208	0.00805	0.00906	0.00906	0.00906	0.00805	0.00503	0.01208	0.01208	0.01611	0.02618	0.05436	0.03020	0.70804	0.04228	0.00805	0.00805	0.01208	0.00503	0.00503
47	0.01022	0.00757	0.00959	0.01115	0.01214	0.00694	0.00772	0.01191	0.01664	0.02162	0.05302	0.55394	0.16866	0.02492	0.01050	0.00329	0.00484	0.05077	0.00771	0.00684
48	0.03103	0.03959	0.02354	0.02140	0.02568	0.67469	0.01605	0.03317	0.02354	0.02033	0.01284	0.01498	0.01070	0.00856	0.00749	0.00214	0.01498	0.00535	0.00428	0.00963
49	0.02056	0.01974	0.03372	0.05099	0.65622	0.01974	0.02550	0.02550	0.01892	0.02714	0.01563	0.02056	0.01316	0.00740	0.00822	0.00247	0.00987	0.00740	0.00411	0.01316
50	0.00982	0.00842	0.00842	0.00842	0.01122	0.00701	0.00631	0.01192	0.01894	0.02244	0.08416	0.07995	0.65285	0.02104	0.00982	0.00281	0.00421	0.01753	0.00771	0.00701
51	0.03044	0.03835	0.02327	0.02114	0.02545	0.63726	0.01589	0.03380	0.05889	0.02116	0.01404	0.01590	0.01154	0.00872	0.00755	0.00218	0.01450	0.00558	0.00452	0.00983
52	0.01012	0.00723	0.00964	0.01157	0.01205	0.00675	0.00771	0.01157	0.01591	0.02121	0.04579	0.70262	0.05495	0.02603	0.01060	0.00337	0.00482	0.02362	0.00771	0.00675
53	0.03727	0.01414	0.01928	0.01478	0.02121	0.01221	0.01221	0.04049	0.02378	0.66198	0.03277	0.02828	0.02056	0.01028	0.00835	0.00257	0.00707	0.00835	0.01028	0.01414
54	0.02391	0.01946	0.02061	0.01756	0.02284	0.02218	0.01393	0.21776	0.46231	0.03998	0.02969	0.02771	0.02202	0.01089	0.00841	0.00272	0.00734	0.00882	0.00841	0.01344
55	0.01723	0.01477	0.01723	0.01230	0.01969	0.01107	0.00984	0.02092	0.01723	0.02707	0.01477	0.01723	0.01230	0.00615	0.00615	0.00123	0.00615	0.00492	0.00492	0.75883
56	0.01683	0.04177	0.62901	0.02434	0.03639	0.01939	0.06547	0.02633	0.01766	0.02633	0.01502	0.01782	0.01065	0.00784	0.00800	0.00264	0.01238	0.00635	0.00355	0.01221
57	0.02664	0.03228	0.02419	0.02154	0.02436	0.45305	0.01678	0.02867	0.01985	0.02022	0.01218	0.01607	0.01077	0.01060	0.01424	0.00265	0.24639	0.00601	0.00406	0.00945
58	0.01002	0.00764	0.00921	0.01047	0.01176	0.00684	0.00722	0.01169	0.01696	0.02164	0.05914	0.48592	0.26303	0.02429	0.01033	0.00318	0.00461	0.02150	0.00771	0.00684
59	0.02896	0.02197	0.02346	0.01858	0.02476	0.02454	0.01516	0.48835	0.18350	0.04813	0.02327	0.02260	0.01682	0.01028	0.00834	0.00257	0.00853	0.00794	0.00834	0.01389
60	0.01315	0.01117	0.01168	0.01107	0.01435	0.01106	0.00844	0.02165	0.20055	0.02701	0.12105	0.06407	0.41797	0.01783	0.00942	0.00279	0.00487	0.01493	0.00806	0.00887
61	0.01134	0.00849	0.01079	0.01218	0.01388	0.00795	0.00959	0.01392	0.01804	0.02301	0.05580	0.28527	0.21936	0.02340	0.01073	0.00339	0.00578	0.25221	0.00769	0.00718
62	0.01971	0.01182	0.01225	0.01073	0.01390	0.01247	0.00843	0.17926	0.02310	0.03658	0.02522	0.02808	0.01941	0.00976	0.00646	0.00208	0.00525	0.00767	0.55838	0.00942
63	0.01012	0.00723	0.00964	0.01157	0.01205	0.00675	0.00771	0.01157	0.01591	0.02121	0.04579	0.70262	0.05495	0.02603	0.01060	0.00337	0.00482	0.02362	0.00771	0.00675
64	0.02772	0.01955	0.02081	0.01639	0.02190	0.02144	0.01340	0.48240	0.03387	0.04723	0.02166	0.02259	0.01585	0.00990	0.00771	0.00236	0.00788	0.00754	0.18722	0.01260
65	0.01203	0.00826	0.01009	0.01009	0.01045	0.00861	0.00632	0.01274	0.01239	0.01687	0.02523	0.04915	0.02794	0.55315	0.19408	0.00932	0.01146	0.01132	0.00489	0.00561
66	0.01935	0.01147	0.01187	0.01047	0.01354	0.01207	0.00820	0.16548	0.02261	0.03610	0.02538	0.02833	0.01957	0.00975	0.00641	0.00207	0.00514	0.00768	0.57526	0.00927
67	0.02056	0.01974	0.03372	0.05099	0.65622	0.01974	0.02550	0.02550	0.01892	0.02714	0.01563	0.02056	0.01316	0.00740	0.00822	0.00247	0.00987	0.00740	0.00411	0.01316
68	0.01093	0.00846	0.00996	0.00958	0.01190	0.00749	0.00719	0.01407	0.02156	0.02867	0.40929	0.06970	0.32384	0.01872	0.00981	0.00270	0.00404	0.01610	0.00853	0.00749
69	0.01946	0.02198	0.04664	0.03368	0.04124	0.02146	0.56469	0.02594	0.01891	0.02594	0.01621	0.02198	0.01243	0.00776	0.01157	0.00289	0.08253	0.00955	0.00414	0.01099
70	0.00982	0.00842	0.00842	0.00842	0.01122	0.00701	0.00631	0.01192	0.01894	0.02244	0.08416	0.07995	0.65285	0.02104	0.00982	0.00281	0.00421	0.01753	0.00771	0.00701
71	0.01928	0.01843	0.03141	0.21822	0.49899	0.01940	0.02486	0.02437	0.01831	0.02559	0.01540	0.02098	0.01261	0.00764	0.00825	0.00255	0.01019	0.00740	0.00400	0.01213
72	0.02221	0.71304	0.04353	0.01421	0.02132	0.03287	0.01421	0.02488	0.01688	0.01955	0.01155	0.01333	0.01066	0.00711	0.00533	0.00178	0.00888	0.00444	0.00355	0.01066
73	0.01082	0.00845	0.00980	0.00946	0.01183	0.00744	0.00710	0.01385	0.02129	0.02804	0.37630	0.07074	0.35721	0.01895	0.00981	0.00271	0.00406	0.01624	0.00845	0.00744
74	0.03103	0.03959	0.02354	0.02140	0.02568	0.67469	0.01605	0.03317	0.02354	0.02033	0.01284	0.01498	0.01070	0.00856	0.00749	0.00214	0.01498	0.00535	0.00428	0.00963
75	0.01012	0.00723	0.00964	0.01157	0.01205	0.00675	0.00771	0.01157	0.01591	0.02121	0.04579	0.70262	0.05495	0.02603	0.01060	0.00337	0.00482	0.02362	0.00771	0.00675
76	0.01208	0.00805	0.00906	0.00906	0.00906	0.00805	0.00503	0.01208	0.01208	0.01611	0.02618	0.05436	0.03020	0.70804	0.04228	0.00805	0.00805	0.01208	0.00503	0.00503
77	0.03103	0.03959	0.02354	0.02140	0.02568	0.67469	0.01605	0.03317	0.02354	0.02033	0.01284	0.01498	0.01070	0.00856	0.00749	0.00214	0.01498	0.00535	0.00428	0.00963
78	0.01569	0.01477	0.02492	0.68808	0.05722	0.01846	0.02307	0.02123	0.01661	0.02123	0.01477	0.02215	0.01107	0.00831	0.00831	0.00277	0.01107	0.00738	0.00369	0.00923
79	0.00982	0.00842	0.00842	0.00842	0.01122	0.00701	0.00631	0.01192	0.01894	0.02244	0.08416	0.07995	0.65285	0.02104	0.00982	0.00281	0.00421	0.01753	0.00771	0.00701
80	0.03229	0.01871	0.02169	0.01700	0.02327	0.01943	0.01392	0.29968	0.12264	0.30023	0.02729	0.02502	0.01845	0.01029	0.00835	0.00257	0.00791	0.00812	0.00914	0.01399
81	0.01162	0.00888	0.01070	0.01017	0.01249	0.00818	0.00765	0.01590	0.04960	0.03037	0.46743	0.06563	0.23495	0.01785	0.00974	0.00268	0.00412	0.01547	0.00872	0.00785
82	0.03727	0.01414	0.01928	0.01478	0.02121	0.01221	0.01221	0.04049	0.02378	0.66198	0.03277	0.02828	0.02056	0.01028	0.00835	0.00257	0.00707	0.00835	0.01028	0.01414
83	0.02465	0.01696	0.01890	0.01640	0.02151	0.01864	0.01292	0.04327	0.49311	0.18520	0.03356	0.03034	0.02421	0.01103	0.00843	0.00276	0.00669	0.00914	0.00889	0.01339
84	0.01031	0.00737	0.00986	0.01179	0.01235	0.00691	0.00804	0.01190	0.01609	0.02142	0.04568	0.66705	0.05453	0.02585	0.01065	0.00340	0.00499	0.05731	0.00771	0.00680
85	0.03103	0.03959	0.02354	0.02140	0.02568	0.67469	0.01605	0.03317	0.02354	0.02033	0.01284	0.01498	0.01070	0.00856	0.00749	0.00214	0.01498	0.00535	0.00428	0.00963
86	0.01001	0.00800	0.00897	0.00963	0.01157	0.00696	0.00688	0.01197	0.01807	0.02250	0.09635	0.30047	0.41418	0.02263	0.01010	0.00300	0.00441	0.01958	0.00778	0.00696
87	0.01012	0.00723	0.00964	0.01157	0.01205	0.00675	0.00771	0.01157	0.01591	0.02121	0.04579	0.70262	0.05495	0.02603	0.01060	0.00337	0.00482	0.02362	0.00771	0.00675
88	0.01640	0.01556	0.02203	0.01942	0.01984	0.02120	0.01598	0.01854	0.01290	0.01979	0.01411	0.02226	0.01369	0.02802	0.21008	0.00638	0.50361	0.00773	0.00387	0.00862
89	0.01305	0.00957	0.01280	0.01441	0.01626	0.00958	0.01203	0.01750	0.05414	0.02466	0.04555	0.19890	0.07524	0.02275	0.01107	0.00364	0.00692	0.43645	0.00771	0.00777
90	0.01203	0.00826	0.01009	0.01009	0.01045	0.00861	0.00632	0.01274	0.01239	0.01687	0.02523	0.04915	0.02794	0.55315	0.19408	0.00932	0.01146	0.01132	0.00489	0.00561
91	0.02221	0.71304	0.04353	0.01421	0.02132	0.03287	0.01421	0.02488	0.01688	0.01955	0.01155	0.01333	0.01066	0.00711	0.00533	0.00178	0.00888	0.00444	0.00355	0.01066
92	0.01140	0.00848	0.01061	0.01008	0.01219	0.00769	0.00756	0.01499	0.02268	0.03133	0.54830	0.06532	0.18316	0.01772	0.00980	0.00265	0.00397	0.01548	0.00888	0.00769
93	0.01666	0.04297	0.66500	0.02368	0.03596	0.01929	0.03069	0.02631	0.01754	0.02631	0.01491	0.01754	0.01052	0.00789	0.00789	0.00263	0.01228	0.00614	0.00351	0.01228
94	0.03132	0.03096	0.02428	0.02019	0.02572	0.33140	0.01591	0.34812	0.03175	0.03727	0.01660	0.01761	0.01251	0.00931	0.00792	0.00233	0.01189	0.00648	0.00641	0.01201
95	0.01012	0.00723	0.00964	0.01157	0.01205	0.00675	0.00771	0.01157	0.01591	0.02121	0.04579	0.70262	0.05495	0.02603	0.01060	0.00337	0.00482	0.02362	0.00771	0.00675
96	0.01009	0.00836	0.00885	0.00887	0.01143	0.00711	0.00660	0.01240	0.01937	0.02382	0.15751	0.11394	0.54142	0.02079	0.00986	0.00281	0.00421	0.01755	0.00790	0.00711
97	0.03103	0.03959	0.02354	0.02140	0.02568	0.67469	0.01605	0.03317	0.02354	0.02033	0.01284	0.01498	0.01070	0.00856	0.00749	0.00214	0.01498	0.00535	0.00428	0.00963
98	0.01137	0.00819	0.01075	0.01072	0.01232	0.00758	0.00781	0.01469	0.02169	0.03041	0.50647	0.21571	0.07276	0.01915	0.00999	0.00280	0.00414	0.01709	0.00880	0.00758
99	0.01012	0.00723	0.00964	0.01157	0.01205	0.00675	0.00771	0.01157	0.01591	0.02121	0.04579	0.70262	0.05495	0.02603	0.01060	0.00337	0.00482	0.02362	0.00771	0.00675
100	0.01050	0.00873	0.00925	0.00951	0.01198	0.00774	0.00697	0.01370	0.05396	0.02291	0.07384	0.19781	0.50108	0.02145	0.00989	0.00292	0.00446	0.01825	0.00776	0.00731
101	0.03158	0.02327	0.02493	0.01911	0.02576	0.02576	0.01579	0.62852	0.03906	0.05236	0.01995	0.01995	0.01413	0.00997	0.00831	0.00249	0.00914	0.00748	0.00831	0.01413
102	0.01133	0.00800	0.01048	0.01116	0.01175	0.00825	0.00749	0.01268	0.01379	0.01881	0.03200	0.27726	0.03628	0.28483	0.20971	0.00790	0.01092	0.01526	0.00582	0.00631
103	0.02819	0.01678	0.01916	0.01516	0.02081	0.01692	0.01237	0.29191	0.02933	0.24082	0.03946	0.03701	0.16940	0.01273	0.00869	0.00259	0.00729	0.01017	0.00880	0.01242
104	0.01188	0.00886	0.01317	0.01317	0.01459	0.01029	0.01016	0.01472	0.01330	0.01915	0.02242	0.03356	0.02117	0.08963	0.64834	0.01313	0.02165	0.00904	0.00448	0.00732
105	0.01011	0.00729	0.00958	0.01141	0.01201	0.00676	0.00764	0.01159	0.01606	0.02127	0.04773	0.67107	0.08524	0.02577	0.01056	0.00335	0.00479	0.02331	0.00771	0.00676
106	0.02397	0.57836	0.03953	0.01565	0.02219	0.16123	0.01458	0.02653	0.01821	0.01970	0.01181	0.01366	0.01067	0.00740	0.00576	0.00185	0.01010	0.00462	0.00370	0.01045
107	0.01003	0.00848	0.00871	0.00882	0.01157	0.00716	0.00673	0.01223	0.01895	0.02258	0.08181	0.08075	0.61750	0.02115	0.00992	0.00286	0.00441	0.05158	0.00771	0.00705
108	0.01971	0.01870	0.03064	0.04080	0.46847	0.01773	0.05611	0.02446	0.01855	0.02709	0.01549	0.01987	0.01292	0.00708	0.00782	0.00219	0.00921	0.00694	0.00431	0.19191
109	0.01974	0.01733	0.02871	0.04149	0.50224	0.01711	0.02148	0.02440	0.02003	0.06048	0.13686	0.02880	0.02587	0.00936	0.00853	0.00250	0.00860	0.00889	0.00538	0.01220
110	0.02084	0.54710	0.19744	0.01656	0.02495	0.02951	0.01830	0.02523	0.01704	0.02122	0.01238	0.01437	0.01063	0.00730	0.00597	0.00199	0.00972	0.00486	0.00354	0.01106
111	0.01231	0.00879	0.01215	0.01406	0.01550	0.00863	0.01151	0.01534	0.01806	0.02365	0.04458	0.29530	0.05017	0.02397	0.01119	0.00368	0.00671	0.40939	0.00767	0.00735
112	0.01012	0.00723	0.00964	0.01157	0.01205	0.00675	0.00771	0.01157	0.01591	0.02121	0.04579	0.70262	0.05495	0.02603	0.01060	0.00337	0.00482	0.02362	0.00771	0.00675
113	0.01012	0.00723	0.00964	0.01157	0.01205	0.00675	0.00771	0.01157	0.01591	0.02121	0.04579	0.70262	0.05495	0.02603	0.01060	0.00337	0.00482	0.02362	0.00771	0.00675
114	0.01429	0.01230	0.01742	0.01594	0.01712	0.01542	0.01271	0.01673	0.01325	0.01972	0.01825	0.02821	0.01754	0.08028	0.38582	0.00915	0.24950	0.00834	0.00423	0.04381
115	0.03158	0.02327	0.02493	0.01911	0.02576	0.02576	0.01579	0.62852	0.03906	0.05236	0.01995	0.01995	0.01413	0.00997	0.00831	0.00249	0.00914	0.00748	0.00831	0.01413
116	0.02853	0.02033	0.02168	0.01696	0.02272	0.02235	0.01390	0.51327	0.03497	0.04831	0.02130	0.02203	0.01548	0.00992	0.00784	0.00239	0.00814	0.00753	0.14942	0.01292
117	0.01118	0.00847	0.01030	0.00984	0.01206	0.00759	0.00738	0.01456	0.02215	0.03007	0.48251	0.06739	0.24974	0.01819	0.00980	0.00267	0.00401	0.01577	0.00872	0.00759
118	0.02206	0.32421	0.11360	0.01642	0.02369	0.15424	0.01566	0.02577	0.01838	0.02238	0.01301	0.01514	0.01105	0.00727	0.00629	0.00183	0.00989	0.00496	0.00402	0.19013
119	0.00982	0.00842	0.00842	0.00842	0.01122	0.00701	0.00631	0.01192	0.01894	0.02244	0.08416	0.07995	0.65285	0.02104	0.00982	0.00281	0.00421	0.01753	0.00771	0.00701
120	0.01208	0.00805	0.00906	0.00906	0.00906	0.00805	0.00503	0.01208	0.01208	0.01611	0.02618	0.05436	0.03020	0.70804	0.04228	0.00805	0.00805	0.01208	0.00503	0.00503
121	0.01118	0.00852	0.01030	0.01000	0.01224	0.00764	0.00759	0.01448	0.02175	0.02921	0.42944	0.06968	0.27174	0.01865	0.00989	0.00274	0.00420	0.04461	0.00859	0.00755
122	0.02056	0.01974	0.03372	0.05099	0.65622	0.01974	0.02550	0.02550	0.01892	0.02714	0.01563	0.02056	0.01316	0.00740	0.00822	0.00247	0.00987	0.00740	0.00411	0.01316
123	0.03012	0.03813	0.02306	0.02102	0.02517	0.64303	0.01578	0.03230	0.02306	0.02028	0.01329	0.01582	0.01118	0.01112	0.03932	0.00267	0.01533	0.00552	0.00429	0.00953
124	0.01903	0.02698	0.19469	0.03447	0.12506	0.02042	0.40148	0.02639	0.01902	0.02661	0.01619	0.02099	0.01218	0.00727	0.00913	0.00271	0.01303	0.00860	0.00402	0.01173
125	0.02746	0.06513	0.05642	0.02828	0.17721	0.45868	0.01891	0.03064	0.02186	0.02220	0.01355	0.01636	0.01128	0.00819	0.00759	0.00222	0.01336	0.00584	0.00417	0.01065
126	0.02266	0.02371	0.03168	0.04507	0.53012	0.15072	0.02361	0.02703	0.01984	0.02578	0.01507	0.01945	0.01267	0.00763	0.00808	0.00240	0.01089	0.00699	0.00415	0.01245
127	0.01011	0.00728	0.00959	0.01143	0.01201	0.00676	0.00765	0.01158	0.01603	0.02126	0.04741	0.67623	0.08029	0.02582	0.01057	0.00335	0.00479	0.02336	0.00771	0.00676
128	0.02504	0.49692	0.03712	0.01652	0.02272	0.23884	0.01480	0.02754	0.01902	0.01980	0.01196	0.01386	0.01067	0.00757	0.00602	0.00189	0.01084	0.00473	0.00379	0.01033
129	0.22271	0.01438	0.01580	0.01291	0.01830	0.01417	0.01053	0.08746	0.02176	0.31111	0.03624	0.03392	0.14335	0.01173	0.00780	0.00261	0.00653	0.00909	0.00823	0.01136
130	0.02683	0.24843	0.09525	0.01941	0.02538	0.40906	0.01698	0.02990	0.02087	0.02070	0.01265	0.01473	0.01067	0.00804	0.00686	0.00208	0.01282	0.00515	0.00398	0.01022
131	0.02236	0.02226	0.04129	0.03011	0.03739	0.02252	0.42927	0.17044	0.02370	0.03224	0.01707	0.02147	0.01283	0.00834	0.01089	0.00280	0.06911	0.00904	0.00514	0.01173
132	0.01022	0.00730	0.00973	0.01150	0.01207	0.00681	0.00772	0.01181	0.01635	0.02191	0.08119	0.66520	0.05631	0.02550	0.01056	0.00333	0.00477	0.02311	0.00780	0.00681
133	0.01470	0.01118	0.01232	0.01142	0.01409	0.04294	0.00866	0.02010	0.08144	0.06124	0.42195	0.05619	0.14569	0.01593	0.00930	0.00260	0.00492	0.01370	0.04302	0.00862
134	0.02056	0.01974	0.03372	0.05099	0.65622	0.01974	0.02550	0.02550	0.01892	0.02714	0.01563	0.02056	0.01316	0.00740	0.00822	0.00247	0.00987	0.00740	0.00411	0.01316
135	0.01015	0.00814	0.00907	0.00945	0.01158	0.00706	0.00686	0.01235	0.01883	0.02362	0.15213	0.22688	0.43133	0.02168	0.01000	0.00292	0.00432	0.01865	0.00791	0.00706
136	0.03632	0.01435	0.01925	0.01490	0.02123	0.01269	0.01226	0.04070	0.05911	0.62608	0.03283	0.02843	0.02084	0.01034	0.00836	0.00258	0.00704	0.00841	0.01018	0.01408
137	0.01446	0.01272	0.01833	0.01683	0.01771	0.01659	0.01359	0.01696	0.01309	0.01958	0.01758	0.02668	0.01671	0.04264	0.40839	0.00935	0.29835	0.00823	0.00411	0.00810
138	0.01091	0.00846	0.00992	0.00956	0.01189	0.00748	0.00717	0.01403	0.02150	0.02854	0.40250	0.06991	0.33070	0.01876	0.00981	0.00270	0.00405	0.01613	0.00852	0.00748
139	0.01187	0.00890	0.01335	0.01335	0.01483	0.01038	0.01038	0.01483	0.01335	0.01928	0.02225	0.03264	0.02077	0.06231	0.67512	0.01335	0.02225	0.00890	0.00445	0.00742
140	0.03158	0.02327	0.02493	0.01911	0.02576	0.02576	0.01579	0.62852	0.03906	0.05236	0.01995	0.01995	0.01413	0.00997	0.00831	0.00249	0.00914	0.00748	0.00831	0.01413
141	0.02307	0.02450	0.03128	0.04389	0.50497	0.17684	0.02323	0.02734	0.02003	0.02551	0.01496	0.01922	0.01257	0.00768	0.00805	0.00239	0.01110	0.00691	0.00415	0.01231
142	0.01203	0.00826	0.01009	0.01009	0.01045	0.00861	0.00632	0.01274	0.01239	0.01687	0.02523	0.04915	0.02794	0.55315	0.19408	0.00932	0.01146	0.01132	0.00489	0.00561
143	0.06648	0.20235	0.02895	0.02396	0.17311	0.08246	0.01605	0.14474	0.02161	0.02871	0.01627	0.02138	0.01421	0.07473	0.04849	0.00340	0.01027	0.00679	0.00498	0.01107
144	0.01182	0.00829	0.01033	0.01041	0.01101	0.00864	0.00680	0.01287	0.01295	0.01758	0.02863	0.07734	0.05816	0.45376	0.22737	0.00917	0.01195	0.01190	0.00510	0.00591
145	0.01335	0.01152	0.01629	0.05818	0.16895	0.01099	0.01236	0.01692	0.02027	0.02699	0.24593	0.05665	0.27832	0.01574	0.00934	0.00266	0.00587	0.01372	0.00708	0.00888
146	0.03027	0.03358	0.02328	0.02018	0.02508	0.46055	0.01555	0.20204	0.02777	0.02956	0.01797	0.01922	0.03963	0.00951	0.00783	0.00227	0.01285	0.00649	0.00558	0.01080
147	0.02523	0.02765	0.02730	0.03078	0.22729	0.28238	0.01947	0.07982	0.02131	0.02523	0.01398	0.01782	0.01183	0.00947	0.01163	0.00257	0.14419	0.00657	0.00445	0.01105
148	0.02196	0.68255	0.07182	0.01465	0.02199	0.03225	0.01496	0.02494	0.01691	0.01985	0.01170	0.01352	0.01065	0.00714	0.00545	0.00182	0.00904	0.00452	0.00355	0.01073
149	0.00983	0.00836	0.00847	0.00857	0.01126	0.00700	0.00638	0.01191	0.01879	0.02238	0.08233	0.10963	0.62435	0.02128	0.00986	0.00283	0.00424	0.01782	0.00771	0.00700
150	0.02982	0.03781	0.02268	0.02066	0.02485	0.63648	0.01549	0.03196	0.02328	0.02045	0.01692	0.01870	0.04745	0.00927	0.00762	0.00218	0.01436	0.00605	0.00448	0.00948
151	0.02438	0.01710	0.01838	0.01532	0.02008	0.01874	0.01223	0.28545	0.17953	0.06963	0.02677	0.05539	0.02067	0.01093	0.00785	0.00248	0.00697	0.00875	0.18732	0.01204
152	0.01076	0.00807	0.01014	0.01154	0.01297	0.00744	0.00859	0.01292	0.01744	0.02235	0.05582	0.39813	0.21595	0.02399	0.01058	0.00332	0.00528	0.14998	0.00770	0.00702
153	0.01012	0.00723	0.00964	0.01157	0.01205	0.00675	0.00771	0.01157	0.01591	0.02121	0.04579	0.70262	0.05495	0.02603	0.01060	0.00337	0.00482	0.02362	0.00771	0.00675
154	0.01640	0.01697	0.06397	0.23255	0.18608	0.01636	0.09952	0.02180	0.01943	0.02682	0.18248	0.03201	0.02941	0.01017	0.00885	0.00265	0.00936	0.00964	0.00528	0.01024
155	0.09011	0.19547	0.13920	0.01947	0.05045	0.21680	0.01740	0.03036	0.07015	0.07424	0.01616	0.01747	0.01257	0.00833	0.00701	0.00228	0.01078	0.00584	0.00485	0.01107
