[name]
unknown

[dist]
# distance from previous block
# <min> <max>
0	0

[block]
# block no. 0 follows, 21 sequences, length 82
# corresponding to MSA columns:
# 0-81
name=unknown_A
#
# <colnr> <probs for GDERKNQSTAVLIFYWHMCP>
#	G	D	E	R	K	N	Q	S	T	A	V	L	I	F	Y	W	H	M	C	P
0	0.01371	0.00980	0.01371	0.01567	0.01763	0.00980	0.01371	0.01763	0.01959	0.02547	0.04506	0.09599	0.04898	0.02351	0.01175	0.00392	0.00784	0.59056	0.00784	0.00784
1	0.76103	0.01646	0.01251	0.01119	0.01646	0.01909	0.00922	0.02502	0.01448	0.03818	0.01185	0.01382	0.00922	0.00790	0.00527	0.00263	0.00658	0.00461	0.00527	0.00922
2	0.01212	0.00814	0.00936	0.00961	0.00968	0.00808	0.00551	0.01231	0.01288	0.01717	0.02940	0.13791	0.03420	0.61426	0.03914	0.00763	0.00782	0.01389	0.00551	0.00538
3	0.03235	0.02384	0.02554	0.01958	0.02639	0.02639	0.01618	0.61946	0.04001	0.05363	0.02043	0.02043	0.01447	0.01022	0.00851	0.00255	0.00936	0.00766	0.00851	0.01447
4	0.01707	0.04402	0.65683	0.02426	0.03683	0.01976	0.03144	0.02695	0.01797	0.02695	0.01527	0.01797	0.01078	0.00809	0.00809	0.00270	0.01258	0.00629	0.00359	0.01258
5	0.03179	0.04056	0.02412	0.02192	0.02631	0.66676	0.01644	0.03398	0.02412	0.02083	0.01315	0.01535	0.01096	0.00877	0.00767	0.00219	0.01535	0.00548	0.00438	0.00987
6	0.01765	0.01513	0.01765	0.01260	0.02017	0.01134	0.01008	0.02143	0.01765	0.02773	0.01513	0.01765	0.01260	0.00630	0.00630	0.00126	0.00630	0.00504	0.00504	0.75295
7	0.02043	0.01939	0.03203	0.12989	0.51672	0.02014	0.02468	0.02725	0.07334	0.02771	0.01754	0.02222	0.01431	0.00805	0.00846	0.00260	0.00997	0.00776	0.00455	0.01296
8	0.01238	0.00825	0.00928	0.00928	0.00928	0.00825	0.00516	0.01238	0.01238	0.01650	0.02681	0.05569	0.03094	0.70092	0.04331	0.00825	0.00825	0.01238	0.00516	0.00516
9	0.01525	0.01063	0.01202	0.01139	0.01270	0.01110	0.00754	0.09248	0.04359	0.02356	0.02845	0.12021	0.03059	0.44411	0.06141	0.00671	0.00844	0.01263	0.04002	0.00716
10	0.01034	0.00750	0.00978	0.01160	0.01228	0.00693	0.00779	0.01188	0.01653	0.02182	0.04989	0.64879	0.10094	0.02627	0.01080	0.00341	0.00489	0.02372	0.00790	0.00693
11	0.01047	0.00745	0.00985	0.01172	0.01219	0.00698	0.00777	0.01188	0.01610	0.02147	0.04593	0.66431	0.05505	0.05940	0.01244	0.00369	0.00510	0.02362	0.00777	0.00683
12	0.01313	0.01036	0.01155	0.01073	0.01369	0.00976	0.00819	0.06165	0.05774	0.03022	0.28776	0.06748	0.34913	0.01856	0.00985	0.00278	0.00472	0.01574	0.00854	0.00841
13	0.02377	0.17340	0.03356	0.03542	0.34009	0.16418	0.02076	0.02880	0.05557	0.02505	0.01556	0.01883	0.01310	0.00801	0.00763	0.00232	0.01084	0.00658	0.00438	0.01214
14	0.02105	0.02093	0.03227	0.15341	0.50359	0.06909	0.02497	0.02599	0.01935	0.02627	0.01565	0.02090	0.01294	0.00783	0.00838	0.00255	0.01071	0.00742	0.00415	0.01254
15	0.01069	0.00838	0.00968	0.00992	0.01203	0.00737	0.00723	0.01323	0.02006	0.02589	0.23676	0.21044	0.35503	0.02148	0.01023	0.00294	0.00436	0.01859	0.00832	0.00737
16	0.01046	0.00803	0.00926	0.01015	0.01163	0.00718	0.00697	0.01207	0.01720	0.02168	0.06174	0.35620	0.30931	0.10059	0.01418	0.00374	0.00504	0.02015	0.00759	0.00683
17	0.01998	0.01911	0.03259	0.18859	0.51995	0.01993	0.02558	0.02517	0.01886	0.02649	0.01582	0.02142	0.01302	0.00778	0.00844	0.00259	0.01038	0.00758	0.00412	0.01261
18	0.01937	0.01849	0.03149	0.26517	0.44813	0.01977	0.02528	0.02463	0.01858	0.02575	0.01571	0.02161	0.01276	0.00790	0.00845	0.00263	0.01053	0.00758	0.00407	0.01212
19	0.05672	0.01496	0.01744	0.01479	0.01799	0.01620	0.01130	0.27643	0.02383	0.03276	0.01711	0.02295	0.01439	0.02015	0.02121	0.39168	0.00821	0.00738	0.00586	0.00864
20	0.02068	0.01983	0.03386	0.09994	0.60310	0.02012	0.02593	0.02579	0.01920	0.02734	0.01594	0.02119	0.01332	0.00765	0.00843	0.00255	0.01020	0.00758	0.00418	0.01317
21	0.01291	0.00872	0.01020	0.00999	0.01163	0.00802	0.00682	0.01471	0.01790	0.05821	0.17986	0.12499	0.21178	0.26183	0.02186	0.00478	0.00587	0.01549	0.00739	0.00703
22	0.01006	0.00862	0.00862	0.00862	0.01149	0.00718	0.00647	0.01221	0.01940	0.02299	0.08621	0.08190	0.64438	0.02155	0.01006	0.00287	0.00431	0.01796	0.00790	0.00718
23	0.76103	0.01646	0.01251	0.01119	0.01646	0.01909	0.00922	0.02502	0.01448	0.03818	0.01185	0.01382	0.00922	0.00790	0.00527	0.00263	0.00658	0.00461	0.00527	0.00922
24	0.01289	0.00943	0.01085	0.01091	0.01321	0.00879	0.00791	0.01699	0.07389	0.05547	0.13669	0.23920	0.29063	0.05892	0.01193	0.00330	0.00502	0.01782	0.00813	0.00802
25	0.05183	0.01464	0.01626	0.01409	0.01819	0.01538	0.01074	0.08345	0.22684	0.15809	0.03638	0.04035	0.09422	0.16253	0.01621	0.00396	0.00712	0.01057	0.00805	0.01107
26	0.01062	0.00769	0.01004	0.01148	0.01235	0.00711	0.00784	0.01255	0.01773	0.02380	0.14566	0.55754	0.09433	0.02487	0.01068	0.00330	0.00475	0.02241	0.00814	0.00711
27	0.03235	0.02384	0.02554	0.01958	0.02639	0.02639	0.01618	0.61946	0.04001	0.05363	0.02043	0.02043	0.01447	0.01022	0.00851	0.00255	0.00936	0.00766	0.00851	0.01447
28	0.01165	0.00938	0.01046	0.01007	0.01276	0.00856	0.00759	0.01617	0.06771	0.02813	0.29179	0.07120	0.38532	0.01923	0.00994	0.00280	0.00438	0.01636	0.00851	0.00798
29	0.01220	0.00892	0.01035	0.00985	0.01250	0.00780	0.00744	0.01524	0.02172	0.05602	0.33360	0.07133	0.36384	0.01920	0.00998	0.00277	0.00431	0.01639	0.00868	0.00789
30	0.76103	0.01646	0.01251	0.01119	0.01646	0.01909	0.00922	0.02502	0.01448	0.03818	0.01185	0.01382	0.00922	0.00790	0.00527	0.00263	0.00658	0.00461	0.00527	0.00922
31	0.01196	0.00820	0.00984	0.01003	0.01056	0.00797	0.00626	0.01309	0.01561	0.02124	0.16472	0.16766	0.04607	0.43566	0.03046	0.00621	0.00676	0.01507	0.00655	0.00609
32	0.01985	0.01033	0.01258	0.01130	0.01453	0.00912	0.00837	0.02186	0.01924	0.22971	0.05208	0.13392	0.24338	0.15540	0.01636	0.00395	0.00615	0.01449	0.00822	0.00915
33	0.01244	0.00937	0.01338	0.01328	0.01442	0.01084	0.00998	0.01482	0.01355	0.01934	0.02406	0.06860	0.02410	0.16752	0.49711	0.01176	0.05312	0.01032	0.00478	0.00724
34	0.01171	0.00797	0.00948	0.01013	0.01029	0.00781	0.00606	0.01220	0.01367	0.01822	0.03344	0.26682	0.03930	0.47838	0.03260	0.00667	0.00716	0.01628	0.00606	0.00574
35	0.01467	0.00782	0.00836	0.00879	0.01044	0.00771	0.00637	0.01809	0.01751	0.02955	0.03194	0.17644	0.02933	0.01357	0.00702	0.00230	0.00418	0.01148	0.58674	0.00771
36	0.01276	0.00885	0.01120	0.01066	0.01289	0.00801	0.00797	0.01626	0.02276	0.05896	0.48242	0.11292	0.16548	0.01846	0.01004	0.00277	0.00428	0.01616	0.00908	0.00810
37	0.01187	0.00833	0.00914	0.00914	0.00976	0.00802	0.00544	0.01234	0.01390	0.01791	0.03971	0.06138	0.16408	0.55347	0.03610	0.00708	0.00740	0.01359	0.00575	0.00560
38	0.02983	0.18500	0.02856	0.02033	0.02534	0.52935	0.01603	0.03214	0.02263	0.02065	0.01287	0.01498	0.01095	0.00845	0.00719	0.00211	0.01399	0.00528	0.00422	0.01009
39	0.02077	0.01992	0.03402	0.08873	0.61361	0.02014	0.02597	0.02586	0.01924	0.02745	0.01596	0.02116	0.01336	0.00764	0.00843	0.00255	0.01018	0.00758	0.00419	0.01325
40	0.01123	0.00843	0.00895	0.00895	0.01038	0.00772	0.00581	0.01229	0.01586	0.01972	0.05629	0.06870	0.33541	0.36373	0.02681	0.00558	0.00629	0.01515	0.00652	0.00616
41	0.03040	0.15101	0.02818	0.01984	0.02556	0.33677	0.01602	0.23315	0.02837	0.03193	0.01542	0.01679	0.01216	0.00901	0.00757	0.00225	0.01221	0.00607	0.00567	0.01163
42	0.02106	0.02022	0.03454	0.05223	0.64784	0.02022	0.02612	0.02612	0.01938	0.02780	0.01601	0.02106	0.01348	0.00758	0.00842	0.00253	0.01011	0.00758	0.00421	0.01348
43	0.02524	0.02840	0.02968	0.07610	0.35471	0.28946	0.02194	0.02914	0.02121	0.02455	0.01477	0.01878	0.01231	0.00813	0.00812	0.00241	0.01236	0.00671	0.00426	0.01174
44	0.03818	0.01448	0.01975	0.01514	0.02172	0.01251	0.01251	0.04147	0.02436	0.65373	0.03357	0.02897	0.02107	0.01053	0.00856	0.00263	0.00724	0.00856	0.01053	0.01448
45	0.01844	0.20403	0.50885	0.02191	0.03321	0.02313	0.02736	0.02660	0.01780	0.02528	0.01444	0.01692	0.01081	0.00789	0.00745	0.00248	0.01174	0.00587	0.00360	0.01218
46	0.01037	0.00741	0.00987	0.01185	0.01234	0.00691	0.00790	0.01185	0.01629	0.02172	0.04690	0.69537	0.05629	0.02666	0.01086	0.00346	0.00494	0.02419	0.00790	0.00691
47	0.02275	0.70604	0.04459	0.01456	0.02184	0.03367	0.01456	0.02548	0.01729	0.02002	0.01183	0.01365	0.01092	0.00728	0.00546	0.00182	0.00910	0.00455	0.00364	0.01092
48	0.03718	0.01608	0.02074	0.01590	0.02252	0.01488	0.01314	0.14038	0.02704	0.55104	0.03132	0.02751	0.01994	0.01048	0.00855	0.00262	0.00760	0.00840	0.01019	0.01448
49	0.01419	0.01258	0.02036	0.45979	0.04334	0.01495	0.01844	0.01848	0.01678	0.02174	0.02561	0.24471	0.02618	0.01450	0.00929	0.00304	0.00923	0.01305	0.00514	0.00861
50	0.02088	0.01770	0.01778	0.01552	0.02019	0.04659	0.01218	0.15992	0.30173	0.03526	0.04537	0.04293	0.19983	0.01400	0.00898	0.00278	0.00699	0.01140	0.00822	0.01173
51	0.01238	0.00825	0.00928	0.00928	0.00928	0.00825	0.00516	0.01238	0.01238	0.01650	0.02681	0.05569	0.03094	0.70092	0.04331	0.00825	0.00825	0.01238	0.00516	0.00516
52	0.02855	0.01929	0.02143	0.01759	0.02345	0.02101	0.01415	0.23394	0.30493	0.17571	0.02972	0.02741	0.02111	0.01089	0.00859	0.00272	0.00771	0.00874	0.00902	0.01402
53	0.01981	0.02207	0.04654	0.03324	0.04173	0.02037	0.54839	0.02660	0.01981	0.02731	0.01698	0.02236	0.01288	0.00708	0.00962	0.00269	0.01344	0.00948	0.00439	0.09522
54	0.01335	0.00919	0.01086	0.01056	0.01116	0.00958	0.00665	0.04369	0.01400	0.01894	0.02580	0.05009	0.02845	0.55687	0.14825	0.00889	0.01079	0.01158	0.00522	0.00605
55	0.01643	0.01372	0.01628	0.01219	0.01854	0.01062	0.00964	0.02026	0.01905	0.02913	0.15212	0.02766	0.02737	0.00872	0.00712	0.00157	0.00580	0.00730	0.00599	0.59051
56	0.76103	0.01646	0.01251	0.01119	0.01646	0.01909	0.00922	0.02502	0.01448	0.03818	0.01185	0.01382	0.00922	0.00790	0.00527	0.00263	0.00658	0.00461	0.00527	0.00922
57	0.03179	0.04056	0.02412	0.02192	0.02631	0.66676	0.01644	0.03398	0.02412	0.02083	0.01315	0.01535	0.01096	0.00877	0.00767	0.00219	0.01535	0.00548	0.00438	0.00987
58	0.03235	0.02384	0.02554	0.01958	0.02639	0.02639	0.01618	0.61946	0.04001	0.05363	0.02043	0.02043	0.01447	0.01022	0.00851	0.00255	0.00936	0.00766	0.00851	0.01447
59	0.02137	0.02228	0.01795	0.01641	0.02015	0.22961	0.01246	0.03110	0.21859	0.02959	0.20938	0.03849	0.07152	0.01291	0.00882	0.00259	0.00864	0.01042	0.00741	0.01033
60	0.01037	0.00741	0.00987	0.01185	0.01234	0.00691	0.00790	0.01185	0.01629	0.02172	0.04690	0.69537	0.05629	0.02666	0.01086	0.00346	0.00494	0.02419	0.00790	0.00691
61	0.05532	0.12854	0.06171	0.01901	0.02434	0.31379	0.01571	0.05907	0.15477	0.02644	0.01957	0.05023	0.01637	0.00997	0.00768	0.00241	0.01133	0.00721	0.00554	0.01100
62	0.02083	0.02158	0.07008	0.05064	0.61294	0.02019	0.02642	0.02616	0.01930	0.02775	0.01597	0.02089	0.01333	0.00761	0.00841	0.00254	0.01025	0.00751	0.00418	0.01343
63	0.02169	0.05642	0.09883	0.03195	0.26720	0.07924	0.02073	0.03379	0.24120	0.02953	0.02221	0.02371	0.01735	0.00916	0.00826	0.00261	0.00959	0.00784	0.00574	0.01293
64	0.02646	0.34058	0.03359	0.01862	0.02391	0.31969	0.01579	0.02887	0.01999	0.02043	0.01237	0.01488	0.01096	0.00866	0.00856	0.00217	0.07496	0.00524	0.00399	0.01029
65	0.01707	0.04402	0.65683	0.02426	0.03683	0.01976	0.03144	0.02695	0.01797	0.02695	0.01527	0.01797	0.01078	0.00809	0.00809	0.00270	0.01258	0.00629	0.00359	0.01258
66	0.02249	0.37535	0.13810	0.02516	0.16125	0.10002	0.02000	0.02682	0.01863	0.02292	0.01344	0.01615	0.01146	0.00764	0.00678	0.00216	0.01058	0.00559	0.00384	0.01162
67	0.01220	0.00828	0.00923	0.00923	0.00945	0.00817	0.00526	0.01236	0.01291	0.01699	0.03132	0.05768	0.07752	0.64934	0.04079	0.00784	0.00795	0.01280	0.00537	0.00531
68	0.01126	0.00786	0.00998	0.01106	0.01146	0.00772	0.00713	0.01233	0.01463	0.01964	0.03746	0.40376	0.04398	0.27763	0.07883	0.00609	0.00768	0.01856	0.00661	0.00633
69	0.03058	0.03826	0.02529	0.02535	0.09651	0.59373	0.01754	0.03309	0.02358	0.02162	0.01348	0.01599	0.01125	0.00864	0.00776	0.00223	0.01476	0.00572	0.00437	0.01027
70	0.02179	0.24033	0.24774	0.02095	0.02891	0.15419	0.05573	0.02709	0.01868	0.02298	0.01404	0.01714	0.01147	0.01075	0.03759	0.00288	0.04681	0.00600	0.00386	0.01108
71	0.02275	0.01854	0.01974	0.01740	0.02244	0.02119	0.01363	0.08866	0.56110	0.06378	0.03351	0.03077	0.02489	0.01140	0.00864	0.00285	0.00696	0.00943	0.00873	0.01359
72	0.03072	0.03238	0.02519	0.05466	0.05726	0.37588	0.01715	0.24214	0.02922	0.03292	0.01598	0.01779	0.01235	0.00922	0.00805	0.00237	0.01277	0.00646	0.00582	0.01166
73	0.02350	0.02097	0.02272	0.20323	0.03296	0.12268	0.01705	0.23539	0.02577	0.03264	0.01926	0.04988	0.01586	0.01899	0.11679	0.00444	0.01290	0.00820	0.00586	0.01090
74	0.01216	0.00912	0.01368	0.01368	0.01520	0.01064	0.01064	0.01520	0.01368	0.01976	0.02279	0.03343	0.02127	0.06382	0.66720	0.01368	0.02279	0.00912	0.00456	0.00760
75	0.01238	0.00825	0.00928	0.00928	0.00928	0.00825	0.00516	0.01238	0.01238	0.01650	0.02681	0.05569	0.03094	0.70092	0.04331	0.00825	0.00825	0.01238	0.00516	0.00516
76	0.02118	0.07469	0.15899	0.01783	0.02390	0.01919	0.01689	0.24490	0.02580	0.03490	0.02734	0.21536	0.02691	0.01483	0.00901	0.00285	0.00871	0.03852	0.00687	0.01133
77	0.03190	0.03714	0.02441	0.02144	0.02633	0.53583	0.01639	0.15369	0.02737	0.02753	0.01464	0.01639	0.01168	0.00907	0.00785	0.00227	0.01412	0.00593	0.00523	0.01081
78	0.01312	0.01065	0.01419	0.01408	0.01574	0.04266	0.01092	0.01611	0.01419	0.01981	0.02232	0.03255	0.02077	0.06114	0.63501	0.01312	0.02243	0.00894	0.00455	0.00771
79	0.23172	0.02317	0.13519	0.03407	0.33319	0.01986	0.02163	0.02682	0.04579	0.03098	0.01555	0.01895	0.01237	0.00794	0.00747	0.00260	0.00937	0.00660	0.00461	0.01211
80	0.01303	0.00949	0.01297	0.01280	0.01414	0.01060	0.00944	0.04120	0.01465	0.02056	0.02472	0.06724	0.02484	0.21389	0.45831	0.01142	0.01790	0.01050	0.00503	0.00728
81	0.01951	0.03094	0.31629	0.06994	0.31185	0.02023	0.02795	0.05354	0.01957	0.02829	0.01583	0.01971	0.01219	0.00798	0.00828	0.00262	0.01126	0.00700	0.00411	0.01291

[dist]
# distance from previous block
# <min> <max>
0	2

[block]
# block no. 1 follows, 21 sequences, length 13
# corresponding to MSA columns:
# 84-96
name=unknown_B
#
# <colnr> <probs for GDERKNQSTAVLIFYWHMCP>
#	G	D	E	R	K	N	Q	S	T	A	V	L	I	F	Y	W	H	M	C	P
0	0.01707	0.04402	0.65683	0.02426	0.03683	0.01976	0.03144	0.02695	0.01797	0.02695	0.01527	0.01797	0.01078	0.00809	0.00809	0.00270	0.01258	0.00629	0.00359	0.01258
1	0.02170	0.35776	0.03500	0.01849	0.02242	0.08124	0.01645	0.02402	0.01601	0.02028	0.01165	0.01592	0.01103	0.01067	0.01527	0.00267	0.29966	0.00587	0.00374	0.01014
2	0.01047	0.00864	0.00919	0.00905	0.01175	0.00736	0.00679	0.01301	0.02037	0.02529	0.20127	0.07811	0.52788	0.02069	0.01005	0.00283	0.00425	0.01743	0.00821	0.00736
3	0.01006	0.00862	0.00862	0.00862	0.01149	0.00718	0.00647	0.01221	0.01940	0.02299	0.08621	0.08190	0.64438	0.02155	0.01006	0.00287	0.00431	0.01796	0.00790	0.00718
4	0.02192	0.53739	0.04094	0.02170	0.13912	0.02978	0.01668	0.02515	0.01781	0.02179	0.01452	0.01976	0.01358	0.00827	0.00638	0.00207	0.00922	0.03871	0.00399	0.01122
5	0.04839	0.00884	0.01007	0.01040	0.01261	0.00809	0.00775	0.01403	0.01959	0.02625	0.20227	0.20879	0.31315	0.02113	0.01010	0.00301	0.00472	0.05523	0.00811	0.00747
6	0.01064	0.00857	0.00948	0.00942	0.01189	0.00741	0.00700	0.01328	0.02053	0.02607	0.24182	0.11553	0.44709	0.02070	0.01010	0.00285	0.00427	0.01763	0.00832	0.00741
7	0.08512	0.02080	0.05086	0.07018	0.02493	0.14189	0.04533	0.02256	0.01636	0.02263	0.01599	0.02263	0.01415	0.02700	0.21586	0.00625	0.17662	0.00742	0.00427	0.00915
8	0.02109	0.34079	0.28153	0.02194	0.07831	0.07606	0.02223	0.02676	0.01825	0.02342	0.01361	0.01606	0.01107	0.00773	0.00690	0.00225	0.01102	0.00555	0.00373	0.01169
9	0.01216	0.00912	0.01368	0.01368	0.01520	0.01064	0.01064	0.01520	0.01368	0.01976	0.02279	0.03343	0.02127	0.06382	0.66720	0.01368	0.02279	0.00912	0.00456	0.00760
10	0.01006	0.00862	0.00862	0.00862	0.01149	0.00718	0.00647	0.01221	0.01940	0.02299	0.08621	0.08190	0.64438	0.02155	0.01006	0.00287	0.00431	0.01796	0.00790	0.00718
11	0.02088	0.02085	0.02890	0.22331	0.33219	0.09376	0.02275	0.02812	0.09467	0.02624	0.01772	0.02219	0.01412	0.00847	0.00839	0.00262	0.01064	0.00759	0.00466	0.01192
12	0.08344	0.07656	0.06781	0.19658	0.16574	0.07104	0.02023	0.09270	0.05959	0.02916	0.01787	0.02377	0.01457	0.00924	0.00804	0.00264	0.01021	0.03438	0.00505	0.01138

[dist]
# distance from previous block
# <min> <max>
0	1

[block]
# block no. 2 follows, 21 sequences, length 14
# corresponding to MSA columns:
# 98-111
name=unknown_C
#
# <colnr> <probs for GDERKNQSTAVLIFYWHMCP>
#	G	D	E	R	K	N	Q	S	T	A	V	L	I	F	Y	W	H	M	C	P
0	0.01142	0.00932	0.01029	0.01056	0.01330	0.00842	0.00834	0.01506	0.04881	0.02462	0.10191	0.08150	0.46746	0.02128	0.01033	0.00308	0.00513	0.13351	0.00799	0.00766
1	0.02918	0.02162	0.02346	0.01834	0.02458	0.02344	0.01494	0.51871	0.03615	0.04872	0.02268	0.08676	0.01847	0.01157	0.00859	0.00255	0.00872	0.00911	0.00822	0.06419
2	0.02038	0.01611	0.01844	0.01406	0.02028	0.01464	0.01127	0.17815	0.02487	0.03588	0.14536	0.02780	0.02698	0.00961	0.00765	0.00189	0.00664	0.00786	0.00685	0.40529
3	0.01709	0.01681	0.01401	0.01384	0.01511	0.17885	0.00943	0.01816	0.01655	0.01927	0.02829	0.22471	0.03210	0.30160	0.02425	0.00513	0.03835	0.01373	0.00567	0.00705
4	0.01173	0.00869	0.01094	0.01038	0.01252	0.00790	0.00778	0.01545	0.02335	0.03237	0.55561	0.06646	0.16913	0.01805	0.01004	0.00271	0.00406	0.01580	0.00914	0.00790
5	0.01963	0.17295	0.23375	0.02694	0.03593	0.02383	0.27164	0.02635	0.01839	0.02520	0.01509	0.01918	0.01173	0.00798	0.00963	0.00265	0.05609	0.00757	0.00391	0.01156
6	0.02321	0.02287	0.02061	0.01853	0.02300	0.15383	0.01435	0.04159	0.47463	0.03176	0.02898	0.02769	0.02211	0.01116	0.00949	0.00279	0.04473	0.00866	0.00752	0.01251
7	0.01634	0.02993	0.36841	0.02350	0.10349	0.01658	0.02333	0.02467	0.04984	0.02950	0.19319	0.03186	0.03143	0.01082	0.00870	0.00268	0.00958	0.00917	0.00554	0.01145
8	0.01880	0.01716	0.02850	0.08834	0.44222	0.01743	0.02273	0.02361	0.01926	0.02676	0.02345	0.04055	0.02250	0.01177	0.00929	0.00291	0.00961	0.15826	0.00512	0.01173
9	0.06556	0.01273	0.01781	0.16983	0.02590	0.01537	0.01419	0.01866	0.01689	0.02512	0.13979	0.03505	0.06272	0.02355	0.14726	0.00515	0.14440	0.00975	0.04171	0.00856
10	0.01907	0.02405	0.16346	0.19156	0.38301	0.01982	0.02666	0.02528	0.01853	0.02622	0.01565	0.02079	0.01242	0.00790	0.00837	0.00263	0.01091	0.00731	0.00398	0.01236
11	0.01029	0.00863	0.00894	0.00886	0.01164	0.00728	0.00665	0.01266	0.01994	0.02427	0.15036	0.07979	0.57943	0.02107	0.01006	0.00285	0.00428	0.01766	0.00807	0.00728
12	0.02231	0.02185	0.05689	0.09252	0.34678	0.05725	0.02191	0.11562	0.09158	0.03136	0.02131	0.02429	0.03991	0.00915	0.00848	0.00260	0.00990	0.00806	0.00544	0.01278
13	0.08852	0.01177	0.04779	0.01165	0.01498	0.00975	0.00945	0.01814	0.01946	0.09565	0.15984	0.21292	0.23098	0.01873	0.00950	0.00292	0.00543	0.01601	0.00795	0.00858

[dist]
# distance from previous block
# <min> <max>
0	16

[block]
# block no. 3 follows, 21 sequences, length 84
# corresponding to MSA columns:
# 128-211
name=unknown_D
#
# <colnr> <probs for GDERKNQSTAVLIFYWHMCP>
#	G	D	E	R	K	N	Q	S	T	A	V	L	I	F	Y	W	H	M	C	P
0	0.02051	0.14379	0.21400	0.06727	0.30548	0.05555	0.02507	0.02644	0.01875	0.02558	0.01490	0.01871	0.01204	0.00778	0.00779	0.00245	0.01098	0.00659	0.00393	0.01240
1	0.22911	0.28366	0.07188	0.01943	0.02661	0.05855	0.15171	0.02628	0.01753	0.02721	0.01334	0.01617	0.01089	0.00755	0.00672	0.00236	0.01012	0.00597	0.00428	0.01061
2	0.02352	0.18578	0.02561	0.01762	0.02178	0.31319	0.01418	0.02610	0.01925	0.02030	0.01587	0.02063	0.01419	0.02571	0.21425	0.00571	0.01623	0.00641	0.00427	0.00940
3	0.01035	0.00863	0.00906	0.00920	0.01189	0.00734	0.00695	0.01265	0.01952	0.02363	0.11126	0.10718	0.56246	0.02165	0.01017	0.00294	0.00449	0.04542	0.00797	0.00725
4	0.01037	0.00741	0.00987	0.01185	0.01234	0.00691	0.00790	0.01185	0.01629	0.02172	0.04690	0.69537	0.05629	0.02666	0.01086	0.00346	0.00494	0.02419	0.00790	0.00691
5	0.01066	0.00858	0.00951	0.00942	0.01190	0.00742	0.00701	0.01333	0.02061	0.02622	0.24915	0.11095	0.44411	0.02061	0.01010	0.00285	0.00426	0.01755	0.00834	0.00742
6	0.02988	0.02201	0.02350	0.01833	0.02461	0.02425	0.01504	0.53165	0.06577	0.05015	0.02470	0.02456	0.04627	0.01082	0.00846	0.00256	0.00871	0.00827	0.04672	0.01373
7	0.02827	0.03317	0.02250	0.02040	0.02492	0.45269	0.01546	0.03771	0.22584	0.02573	0.02028	0.02079	0.01594	0.00969	0.00800	0.00242	0.01249	0.00685	0.00580	0.01106
8	0.01195	0.00870	0.01124	0.01060	0.01265	0.00799	0.00795	0.01587	0.02386	0.03358	0.61622	0.06446	0.10776	0.01760	0.01004	0.00269	0.00403	0.01552	0.00930	0.00799
9	0.34711	0.01565	0.01559	0.01223	0.01869	0.01487	0.00994	0.02497	0.01691	0.09370	0.01549	0.01707	0.01194	0.00742	0.00607	0.00200	0.00652	0.00520	0.00568	0.35295
10	0.01586	0.00793	0.00793	0.00793	0.00991	0.00793	0.00595	0.01983	0.01785	0.03173	0.02776	0.03173	0.02181	0.00991	0.00595	0.00198	0.00397	0.00793	0.74817	0.00793
11	0.02106	0.02022	0.03454	0.05223	0.64784	0.02022	0.02612	0.02612	0.01938	0.02780	0.01601	0.02106	0.01348	0.00758	0.00842	0.00253	0.01011	0.00758	0.00421	0.01348
12	0.01231	0.00850	0.01057	0.01057	0.01101	0.00895	0.00676	0.01320	0.01276	0.01745	0.02564	0.04919	0.02812	0.51477	0.22560	0.00984	0.01250	0.01142	0.00498	0.00587
13	0.01586	0.00793	0.00793	0.00793	0.00991	0.00793	0.00595	0.01983	0.01785	0.03173	0.02776	0.03173	0.02181	0.00991	0.00595	0.00198	0.00397	0.00793	0.74817	0.00793
14	0.03179	0.04056	0.02412	0.02192	0.02631	0.66676	0.01644	0.03398	0.02412	0.02083	0.01315	0.01535	0.01096	0.00877	0.00767	0.00219	0.01535	0.00548	0.00438	0.00987
15	0.03116	0.03925	0.02383	0.02165	0.02606	0.62875	0.01627	0.03464	0.05993	0.02170	0.01442	0.01631	0.01185	0.00893	0.00773	0.00223	0.01484	0.00572	0.00464	0.01008
16	0.01222	0.00921	0.01168	0.01286	0.01504	0.00867	0.01069	0.01541	0.01955	0.02485	0.08816	0.12501	0.24872	0.02274	0.01105	0.00348	0.00631	0.33883	0.00794	0.00757
17	0.01707	0.04402	0.65683	0.02426	0.03683	0.01976	0.03144	0.02695	0.01797	0.02695	0.01527	0.01797	0.01078	0.00809	0.00809	0.00270	0.01258	0.00629	0.00359	0.01258
18	0.03196	0.03549	0.02455	0.02121	0.02633	0.47252	0.01636	0.21157	0.02894	0.03078	0.01536	0.01689	0.01203	0.00921	0.00793	0.00230	0.01353	0.00614	0.00564	0.01126
19	0.01028	0.00775	0.00952	0.01095	0.01211	0.00699	0.00750	0.01195	0.01716	0.02208	0.05792	0.52350	0.22105	0.02523	0.01064	0.00329	0.00476	0.02245	0.00790	0.00699
20	0.01053	0.00856	0.00933	0.00930	0.01183	0.00736	0.00691	0.01307	0.02027	0.02545	0.21093	0.11687	0.47803	0.02093	0.01010	0.00287	0.00428	0.01777	0.00824	0.00736
21	0.01187	0.00879	0.01114	0.01085	0.01300	0.00806	0.00833	0.01557	0.02285	0.03138	0.48968	0.06989	0.17255	0.01871	0.01021	0.00283	0.00444	0.07301	0.00897	0.00787
22	0.01204	0.00870	0.01138	0.01071	0.01271	0.00803	0.00803	0.01606	0.02409	0.03413	0.64335	0.06357	0.08030	0.01740	0.01004	0.00268	0.00401	0.01539	0.00937	0.00803
23	0.01016	0.00862	0.00876	0.00872	0.01155	0.00723	0.00654	0.01240	0.01963	0.02354	0.11377	0.08099	0.61648	0.02135	0.01006	0.00286	0.00430	0.01783	0.00798	0.00723
24	0.03179	0.04056	0.02412	0.02192	0.02631	0.66676	0.01644	0.03398	0.02412	0.02083	0.01315	0.01535	0.01096	0.00877	0.00767	0.00219	0.01535	0.00548	0.00438	0.00987
25	0.01238	0.00825	0.00928	0.00928	0.00928	0.00825	0.00516	0.01238	0.01238	0.01650	0.02681	0.05569	0.03094	0.70092	0.04331	0.00825	0.00825	0.01238	0.00516	0.00516
26	0.06987	0.66203	0.04255	0.01435	0.02150	0.03274	0.01422	0.02545	0.01711	0.02118	0.01183	0.01366	0.01081	0.00732	0.00545	0.00187	0.00894	0.00455	0.00374	0.01081
27	0.01220	0.00896	0.01290	0.01290	0.01415	0.01022	0.00967	0.01470	0.01345	0.01918	0.02350	0.03736	0.02298	0.17638	0.55698	0.01272	0.02023	0.00969	0.00466	0.00717
28	0.02106	0.02022	0.03454	0.05223	0.64784	0.02022	0.02612	0.02612	0.01938	0.02780	0.01601	0.02106	0.01348	0.00758	0.00842	0.00253	0.01011	0.00758	0.00421	0.01348
29	0.01707	0.04402	0.65683	0.02426	0.03683	0.01976	0.03144	0.02695	0.01797	0.02695	0.01527	0.01797	0.01078	0.00809	0.00809	0.00270	0.01258	0.00629	0.00359	0.01258
30	0.01607	0.01513	0.02552	0.68047	0.05861	0.01891	0.02363	0.02174	0.01702	0.02174	0.01513	0.02269	0.01134	0.00851	0.00851	0.00284	0.01134	0.00756	0.00378	0.00945
31	0.02082	0.01997	0.03410	0.08274	0.61922	0.02016	0.02600	0.02590	0.01926	0.02751	0.01596	0.02114	0.01338	0.00763	0.00843	0.00254	0.01017	0.00758	0.00419	0.01328
32	0.01769	0.01786	0.01553	0.01490	0.01700	0.19665	0.01099	0.01983	0.01666	0.01956	0.02385	0.03503	0.04963	0.17394	0.32350	0.00881	0.01689	0.00915	0.00479	0.00773
33	0.01236	0.00829	0.00950	0.00950	0.00957	0.00837	0.00542	0.01251	0.01244	0.01666	0.02662	0.05461	0.03047	0.66991	0.07369	0.00851	0.00896	0.01222	0.00513	0.00528
34	0.01862	0.01862	0.02607	0.02234	0.02234	0.02607	0.01862	0.02048	0.01303	0.02048	0.01117	0.01862	0.01117	0.01489	0.02793	0.00372	0.68535	0.00745	0.00372	0.00931
35	0.03244	0.02134	0.02376	0.01831	0.02485	0.02290	0.01509	0.48187	0.03631	0.16462	0.05362	0.02415	0.01895	0.01063	0.00860	0.00257	0.00870	0.00821	0.00893	0.01416
36	0.01058	0.00805	0.00974	0.01057	0.01213	0.00721	0.00745	0.01275	0.01877	0.02445	0.17094	0.37437	0.25576	0.02324	0.01044	0.00312	0.00456	0.02049	0.00817	0.00721
37	0.02180	0.01649	0.01817	0.01512	0.01969	0.01756	0.01205	0.28422	0.10349	0.04138	0.22164	0.04326	0.12067	0.01410	0.00920	0.00267	0.00673	0.01165	0.00871	0.01140
38	0.01146	0.00868	0.01057	0.01010	0.01236	0.00778	0.00757	0.01494	0.02272	0.03087	0.48056	0.06892	0.24511	0.01861	0.01004	0.00273	0.00410	0.01614	0.00894	0.00778
39	0.76103	0.01646	0.01251	0.01119	0.01646	0.01909	0.00922	0.02502	0.01448	0.03818	0.01185	0.01382	0.00922	0.00790	0.00527	0.00263	0.00658	0.00461	0.00527	0.00922
40	0.01037	0.00741	0.00987	0.01185	0.01234	0.00691	0.00790	0.01185	0.01629	0.02172	0.04690	0.69537	0.05629	0.02666	0.01086	0.00346	0.00494	0.02419	0.00790	0.00691
41	0.02117	0.01828	0.01924	0.01732	0.02213	0.02117	0.01347	0.04522	0.63246	0.03560	0.03464	0.03175	0.02598	0.01155	0.00866	0.00289	0.00673	0.00962	0.00866	0.01347
42	0.01037	0.00741	0.00987	0.01185	0.01234	0.00691	0.00790	0.01185	0.01629	0.02172	0.04690	0.69537	0.05629	0.02666	0.01086	0.00346	0.00494	0.02419	0.00790	0.00691
43	0.01112	0.00896	0.01010	0.01068	0.01328	0.00794	0.00858	0.01379	0.01945	0.02371	0.07422	0.08601	0.47094	0.02212	0.01055	0.00318	0.00534	0.18476	0.00788	0.00737
44	0.02614	0.15438	0.17223	0.02122	0.02772	0.37429	0.01967	0.03016	0.02092	0.02207	0.01330	0.01584	0.01093	0.00870	0.00853	0.00233	0.05131	0.00562	0.00404	0.01063
45	0.01525	0.01366	0.01961	0.01782	0.01862	0.01802	0.01446	0.01772	0.01337	0.02010	0.01723	0.02634	0.01644	0.04041	0.36130	0.00891	0.33983	0.00832	0.00416	0.00842
46	0.01225	0.00820	0.00932	0.00945	0.00948	0.00816	0.00533	0.01234	0.01263	0.01683	0.02810	0.09652	0.03256	0.65789	0.04124	0.00794	0.00804	0.01313	0.00533	0.00527
47	0.02185	0.01815	0.02666	0.02232	0.05530	0.01865	0.15395	0.25479	0.02703	0.03646	0.05881	0.20952	0.02899	0.01429	0.00959	0.00288	0.00906	0.01317	0.00720	0.01131
48	0.02780	0.03096	0.02693	0.02858	0.16776	0.35404	0.01888	0.10958	0.02382	0.02681	0.01455	0.01774	0.01204	0.00945	0.01044	0.00251	0.09555	0.00650	0.00482	0.01124
49	0.02060	0.00932	0.01044	0.00946	0.01242	0.00890	0.00734	0.02442	0.01923	0.16367	0.02899	0.03114	0.02165	0.01005	0.00650	0.00212	0.00466	0.00806	0.59169	0.00932
50	0.03179	0.04056	0.02412	0.02192	0.02631	0.66676	0.01644	0.03398	0.02412	0.02083	0.01315	0.01535	0.01096	0.00877	0.00767	0.00219	0.01535	0.00548	0.00438	0.00987
51	0.01216	0.00912	0.01368	0.01368	0.01520	0.01064	0.01064	0.01520	0.01368	0.01976	0.02279	0.03343	0.02127	0.06382	0.66720	0.01368	0.02279	0.00912	0.00456	0.00760
52	0.01371	0.00980	0.01371	0.01567	0.01763	0.00980	0.01371	0.01763	0.01959	0.02547	0.04506	0.09599	0.04898	0.02351	0.01175	0.00392	0.00784	0.59056	0.00784	0.00784
53	0.03235	0.02384	0.02554	0.01958	0.02639	0.02639	0.01618	0.61946	0.04001	0.05363	0.02043	0.02043	0.01447	0.01022	0.00851	0.00255	0.00936	0.00766	0.00851	0.01447
54	0.02106	0.02022	0.03454	0.05223	0.64784	0.02022	0.02612	0.02612	0.01938	0.02780	0.01601	0.02106	0.01348	0.00758	0.00842	0.00253	0.01011	0.00758	0.00421	0.01348
55	0.02275	0.70604	0.04459	0.01456	0.02184	0.03367	0.01456	0.02548	0.01729	0.02002	0.01183	0.01365	0.01092	0.00728	0.00546	0.00182	0.00910	0.00455	0.00364	0.01092
56	0.01064	0.00864	0.00943	0.00923	0.01185	0.00743	0.00692	0.01334	0.02077	0.02624	0.24900	0.07654	0.47957	0.02034	0.01005	0.00282	0.00422	0.01721	0.00833	0.00743
57	0.01287	0.01082	0.01145	0.01107	0.01416	0.01053	0.00835	0.02031	0.16378	0.02691	0.12343	0.10756	0.40895	0.01914	0.00978	0.00290	0.00489	0.01616	0.00822	0.00872
58	0.01238	0.00825	0.00928	0.00928	0.00928	0.00825	0.00516	0.01238	0.01238	0.01650	0.02681	0.05569	0.03094	0.70092	0.04331	0.00825	0.00825	0.01238	0.00516	0.00516
59	0.01037	0.00741	0.00987	0.01185	0.01234	0.00691	0.00790	0.01185	0.01629	0.02172	0.04690	0.69537	0.05629	0.02666	0.01086	0.00346	0.00494	0.02419	0.00790	0.00691
60	0.01238	0.00825	0.00928	0.00928	0.00928	0.00825	0.00516	0.01238	0.01238	0.01650	0.02681	0.05569	0.03094	0.70092	0.04331	0.00825	0.00825	0.01238	0.00516	0.00516
61	0.02075	0.01780	0.01893	0.01723	0.02188	0.02053	0.01348	0.04367	0.59801	0.03503	0.03522	0.03536	0.02727	0.01222	0.00883	0.00294	0.00680	0.04228	0.00861	0.01315
62	0.03179	0.04056	0.02412	0.02192	0.02631	0.66676	0.01644	0.03398	0.02412	0.02083	0.01315	0.01535	0.01096	0.00877	0.00767	0.00219	0.01535	0.00548	0.00438	0.00987
63	0.02080	0.01996	0.03408	0.08471	0.61738	0.02015	0.02599	0.02589	0.01926	0.02749	0.01596	0.02115	0.01337	0.00763	0.00843	0.00254	0.01017	0.00758	0.00419	0.01327
64	0.01707	0.04402	0.65683	0.02426	0.03683	0.01976	0.03144	0.02695	0.01797	0.02695	0.01527	0.01797	0.01078	0.00809	0.00809	0.00270	0.01258	0.00629	0.00359	0.01258
65	0.01160	0.00740	0.01021	0.01164	0.01199	0.00705	0.00776	0.01164	0.01483	0.01978	0.03790	0.50780	0.04466	0.02747	0.01714	0.21328	0.00562	0.01949	0.00672	0.00601
66	0.01037	0.00741	0.00987	0.01185	0.01234	0.00691	0.00790	0.01185	0.01629	0.02172	0.04690	0.69537	0.05629	0.02666	0.01086	0.00346	0.00494	0.02419	0.00790	0.00691
67	0.01216	0.00912	0.01368	0.01368	0.01520	0.01064	0.01064	0.01520	0.01368	0.01976	0.02279	0.03343	0.02127	0.06382	0.66720	0.01368	0.02279	0.00912	0.00456	0.00760
68	0.03235	0.02384	0.02554	0.01958	0.02639	0.02639	0.01618	0.61946	0.04001	0.05363	0.02043	0.02043	0.01447	0.01022	0.00851	0.00255	0.00936	0.00766	0.00851	0.01447
69	0.01233	0.00913	0.01218	0.01453	0.05039	0.00886	0.00930	0.04687	0.01761	0.02362	0.04261	0.58617	0.05016	0.05788	0.01219	0.00359	0.00565	0.02170	0.00758	0.00764
70	0.76103	0.01646	0.01251	0.01119	0.01646	0.01909	0.00922	0.02502	0.01448	0.03818	0.01185	0.01382	0.00922	0.00790	0.00527	0.00263	0.00658	0.00461	0.00527	0.00922
71	0.01141	0.00867	0.01049	0.01004	0.01232	0.00776	0.00753	0.01482	0.02258	0.03054	0.46417	0.06946	0.26171	0.01873	0.01004	0.00274	0.00411	0.01622	0.00890	0.00776
72	0.02013	0.02283	0.04952	0.03660	0.07128	0.02146	0.59068	0.02721	0.02005	0.02728	0.01716	0.02287	0.01294	0.00719	0.00997	0.00285	0.01416	0.00993	0.00430	0.01157
73	0.02046	0.03156	0.27727	0.06310	0.31719	0.08998	0.02706	0.02712	0.01924	0.02647	0.01537	0.01929	0.01206	0.00795	0.00821	0.00257	0.01169	0.00685	0.00397	0.01257
74	0.01238	0.00825	0.00928	0.00928	0.00928	0.00825	0.00516	0.01238	0.01238	0.01650	0.02681	0.05569	0.03094	0.70092	0.04331	0.00825	0.00825	0.01238	0.00516	0.00516
75	0.01061	0.00864	0.00939	0.00921	0.01184	0.00742	0.00690	0.01329	0.02071	0.02611	0.24230	0.07676	0.48635	0.02039	0.01005	0.00282	0.00423	0.01724	0.00831	0.00742
76	0.05134	0.03351	0.36077	0.02880	0.03930	0.02051	0.28867	0.02700	0.01875	0.02758	0.01598	0.01998	0.01165	0.00767	0.00882	0.00277	0.01309	0.00787	0.00398	0.01194
77	0.01878	0.17570	0.02779	0.02425	0.16229	0.05316	0.01615	0.02141	0.01638	0.02176	0.01915	0.10556	0.01977	0.08732	0.04969	0.00389	0.15320	0.00937	0.00455	0.00984
78	0.01224	0.00878	0.01196	0.01196	0.01289	0.00971	0.00850	0.01410	0.01317	0.01848	0.02436	0.04212	0.02505	0.31258	0.42360	0.01156	0.01712	0.01039	0.00479	0.00664
79	0.01166	0.00815	0.01041	0.01107	0.01155	0.00831	0.00723	0.01280	0.01395	0.01892	0.03262	0.26308	0.03729	0.34220	0.16490	0.00781	0.01024	0.01560	0.00594	0.00626
80	0.01216	0.00912	0.01368	0.01368	0.01520	0.01064	0.01064	0.01520	0.01368	0.01976	0.02279	0.03343	0.02127	0.06382	0.66720	0.01368	0.02279	0.00912	0.00456	0.00760
81	0.22663	0.05890	0.02318	0.01954	0.06007	0.17066	0.01488	0.26220	0.02720	0.03883	0.01578	0.01720	0.01203	0.00897	0.00730	0.00246	0.01002	0.00619	0.00621	0.01178
82	0.03179	0.04056	0.02412	0.02192	0.02631	0.66676	0.01644	0.03398	0.02412	0.02083	0.01315	0.01535	0.01096	0.00877	0.00767	0.00219	0.01535	0.00548	0.00438	0.00987
83	0.02037	0.21040	0.02498	0.01570	0.02061	0.05555	0.01293	0.03366	0.32790	0.02827	0.03147	0.09862	0.06058	0.01239	0.00803	0.00261	0.00751	0.01001	0.00691	0.01151

[dist]
# distance from previous block
# <min> <max>
3	5

[block]
# block no. 4 follows, 21 sequences, length 206
# corresponding to MSA columns:
# 217-422
name=unknown_E
#
# <colnr> <probs for GDERKNQSTAVLIFYWHMCP>
#	G	D	E	R	K	N	Q	S	T	A	V	L	I	F	Y	W	H	M	C	P
0	0.02106	0.02022	0.03454	0.05223	0.64784	0.02022	0.02612	0.02612	0.01938	0.02780	0.01601	0.02106	0.01348	0.00758	0.00842	0.00253	0.01011	0.00758	0.00421	0.01348
1	0.02372	0.01601	0.02092	0.02315	0.16317	0.05020	0.01475	0.06112	0.06038	0.19557	0.16764	0.06947	0.03415	0.01499	0.04306	0.00322	0.00838	0.01060	0.00780	0.01170
2	0.01025	0.00788	0.00938	0.01058	0.01201	0.00702	0.00734	0.01199	0.01751	0.02222	0.06236	0.45418	0.28750	0.02465	0.01055	0.00323	0.00469	0.02174	0.00790	0.00702
3	0.02048	0.01645	0.01745	0.01505	0.01968	0.01780	0.01188	0.19008	0.25951	0.03682	0.08285	0.04491	0.20229	0.01439	0.00910	0.00278	0.00659	0.01182	0.00845	0.01162
4	0.01607	0.01513	0.02552	0.68047	0.05861	0.01891	0.02363	0.02174	0.01702	0.02174	0.01513	0.02269	0.01134	0.00851	0.00851	0.00284	0.01134	0.00756	0.00378	0.00945
5	0.03235	0.02384	0.02554	0.01958	0.02639	0.02639	0.01618	0.61946	0.04001	0.05363	0.02043	0.02043	0.01447	0.01022	0.00851	0.00255	0.00936	0.00766	0.00851	0.01447
6	0.03579	0.01832	0.02212	0.01696	0.02364	0.01820	0.01401	0.27830	0.03077	0.40784	0.02819	0.02547	0.01836	0.01040	0.00854	0.00260	0.00811	0.00819	0.00971	0.01448
7	0.01511	0.01301	0.01345	0.01257	0.01633	0.01354	0.00965	0.02722	0.29808	0.02872	0.06277	0.05910	0.36327	0.01700	0.00942	0.00288	0.00541	0.01417	0.00825	0.01004
8	0.01006	0.00862	0.00862	0.00862	0.01149	0.00718	0.00647	0.01221	0.01940	0.02299	0.08621	0.08190	0.64438	0.02155	0.01006	0.00287	0.00431	0.01796	0.00790	0.00718
9	0.01006	0.00862	0.00862	0.00862	0.01149	0.00718	0.00647	0.01221	0.01940	0.02299	0.08621	0.08190	0.64438	0.02155	0.01006	0.00287	0.00431	0.01796	0.00790	0.00718
10	0.01707	0.04402	0.65683	0.02426	0.03683	0.01976	0.03144	0.02695	0.01797	0.02695	0.01527	0.01797	0.01078	0.00809	0.00809	0.00270	0.01258	0.00629	0.00359	0.01258
11	0.01238	0.00825	0.00928	0.00928	0.00928	0.00825	0.00516	0.01238	0.01238	0.01650	0.02681	0.05569	0.03094	0.70092	0.04331	0.00825	0.00825	0.01238	0.00516	0.00516
12	0.02116	0.52003	0.21662	0.01729	0.02605	0.02976	0.01930	0.02589	0.01748	0.02197	0.01280	0.01486	0.01088	0.00751	0.00620	0.00207	0.01008	0.00504	0.00363	0.01139
13	0.03235	0.02384	0.02554	0.01958	0.02639	0.02639	0.01618	0.61946	0.04001	0.05363	0.02043	0.02043	0.01447	0.01022	0.00851	0.00255	0.00936	0.00766	0.00851	0.01447
14	0.01058	0.00864	0.00935	0.00917	0.01182	0.00741	0.00688	0.01323	0.02064	0.02593	0.23355	0.07705	0.49521	0.02045	0.01005	0.00282	0.00423	0.01728	0.00829	0.00741
15	0.01217	0.00907	0.01345	0.01345	0.01489	0.01051	0.01035	0.01505	0.01361	0.01959	0.02300	0.03458	0.02178	0.09682	0.63488	0.01340	0.02204	0.00929	0.00459	0.00747
16	0.01765	0.01513	0.01765	0.01260	0.02017	0.01134	0.01008	0.02143	0.01765	0.02773	0.01513	0.01765	0.01260	0.00630	0.00630	0.00126	0.00630	0.00504	0.00504	0.75295
17	0.03235	0.02384	0.02554	0.01958	0.02639	0.02639	0.01618	0.61946	0.04001	0.05363	0.02043	0.02043	0.01447	0.01022	0.00851	0.00255	0.00936	0.00766	0.00851	0.01447
18	0.01915	0.01882	0.02298	0.02014	0.02130	0.08421	0.01643	0.05383	0.01575	0.02219	0.01457	0.02183	0.01367	0.02537	0.17281	0.00581	0.42999	0.00766	0.00425	0.00925
19	0.01006	0.00862	0.00862	0.00862	0.01149	0.00718	0.00647	0.01221	0.01940	0.02299	0.08621	0.08190	0.64438	0.02155	0.01006	0.00287	0.00431	0.01796	0.00790	0.00718
20	0.01926	0.02549	0.17630	0.03446	0.23970	0.02212	0.09380	0.02466	0.01713	0.02523	0.01445	0.01980	0.01206	0.00996	0.01470	0.00298	0.22471	0.00753	0.00393	0.01172
21	0.01006	0.00862	0.00862	0.00862	0.01149	0.00718	0.00647	0.01221	0.01940	0.02299	0.08621	0.08190	0.64438	0.02155	0.01006	0.00287	0.00431	0.01796	0.00790	0.00718
22	0.03179	0.04056	0.02412	0.02192	0.02631	0.66676	0.01644	0.03398	0.02412	0.02083	0.01315	0.01535	0.01096	0.00877	0.00767	0.00219	0.01535	0.00548	0.00438	0.00987
23	0.01216	0.00912	0.01368	0.01368	0.01520	0.01064	0.01064	0.01520	0.01368	0.01976	0.02279	0.03343	0.02127	0.06382	0.66720	0.01368	0.02279	0.00912	0.00456	0.00760
24	0.01819	0.07881	0.58934	0.02361	0.03546	0.05643	0.02972	0.02726	0.01827	0.02624	0.01497	0.01759	0.01080	0.00808	0.00792	0.00262	0.01255	0.00615	0.00364	0.01234
25	0.47492	0.01936	0.01762	0.01449	0.02036	0.02196	0.01195	0.25842	0.02451	0.04425	0.01522	0.01642	0.01128	0.00881	0.00654	0.00260	0.00768	0.00581	0.00654	0.01128
26	0.01037	0.00741	0.00987	0.01185	0.01234	0.00691	0.00790	0.01185	0.01629	0.02172	0.04690	0.69537	0.05629	0.02666	0.01086	0.00346	0.00494	0.02419	0.00790	0.00691
27	0.03179	0.04056	0.02412	0.02192	0.02631	0.66676	0.01644	0.03398	0.02412	0.02083	0.01315	0.01535	0.01096	0.00877	0.00767	0.00219	0.01535	0.00548	0.00438	0.00987
28	0.76103	0.01646	0.01251	0.01119	0.01646	0.01909	0.00922	0.02502	0.01448	0.03818	0.01185	0.01382	0.00922	0.00790	0.00527	0.00263	0.00658	0.00461	0.00527	0.00922
29	0.01248	0.00898	0.01225	0.01412	0.01566	0.00876	0.01152	0.01554	0.01854	0.02416	0.04765	0.28486	0.08032	0.02441	0.01139	0.00372	0.00675	0.38353	0.00786	0.00751
30	0.01037	0.00741	0.00987	0.01185	0.01234	0.00691	0.00790	0.01185	0.01629	0.02172	0.04690	0.69537	0.05629	0.02666	0.01086	0.00346	0.00494	0.02419	0.00790	0.00691
31	0.01765	0.01513	0.01765	0.01260	0.02017	0.01134	0.01008	0.02143	0.01765	0.02773	0.01513	0.01765	0.01260	0.00630	0.00630	0.00126	0.00630	0.00504	0.00504	0.75295
32	0.03179	0.04056	0.02412	0.02192	0.02631	0.66676	0.01644	0.03398	0.02412	0.02083	0.01315	0.01535	0.01096	0.00877	0.00767	0.00219	0.01535	0.00548	0.00438	0.00987
33	0.01701	0.01804	0.03746	0.02827	0.03431	0.01690	0.42433	0.02239	0.01889	0.02551	0.02661	0.23560	0.02663	0.01334	0.01030	0.00305	0.01137	0.01452	0.00544	0.01003
34	0.02275	0.70604	0.04459	0.01456	0.02184	0.03367	0.01456	0.02548	0.01729	0.02002	0.01183	0.01365	0.01092	0.00728	0.00546	0.00182	0.00910	0.00455	0.00364	0.01092
35	0.01100	0.00767	0.00969	0.01104	0.01138	0.00734	0.00703	0.01202	0.01505	0.02007	0.04055	0.49307	0.04827	0.23989	0.02113	0.00497	0.00599	0.02046	0.00703	0.00636
36	0.01018	0.00863	0.00879	0.00875	0.01157	0.00724	0.00656	0.01245	0.01969	0.02367	0.12043	0.08077	0.60974	0.02130	0.01006	0.00286	0.00429	0.01780	0.00799	0.00724
37	0.01037	0.00741	0.00987	0.01185	0.01234	0.00691	0.00790	0.01185	0.01629	0.02172	0.04690	0.69537	0.05629	0.02666	0.01086	0.00346	0.00494	0.02419	0.00790	0.00691
38	0.01037	0.00741	0.00987	0.01185	0.01234	0.00691	0.00790	0.01185	0.01629	0.02172	0.04690	0.69537	0.05629	0.02666	0.01086	0.00346	0.00494	0.02419	0.00790	0.00691
39	0.01037	0.00741	0.00987	0.01185	0.01234	0.00691	0.00790	0.01185	0.01629	0.02172	0.04690	0.69537	0.05629	0.02666	0.01086	0.00346	0.00494	0.02419	0.00790	0.00691
40	0.02000	0.01756	0.02068	0.16930	0.03049	0.02065	0.01580	0.03984	0.49142	0.03242	0.03017	0.02967	0.02262	0.01085	0.00862	0.00287	0.00779	0.00915	0.00754	0.01255
41	0.03179	0.04056	0.02412	0.02192	0.02631	0.66676	0.01644	0.03398	0.02412	0.02083	0.01315	0.01535	0.01096	0.00877	0.00767	0.00219	0.01535	0.00548	0.00438	0.00987
42	0.01707	0.04402	0.65683	0.02426	0.03683	0.01976	0.03144	0.02695	0.01797	0.02695	0.01527	0.01797	0.01078	0.00809	0.00809	0.00270	0.01258	0.00629	0.00359	0.01258
43	0.01037	0.00741	0.00987	0.01185	0.01234	0.00691	0.00790	0.01185	0.01629	0.02172	0.04690	0.69537	0.05629	0.02666	0.01086	0.00346	0.00494	0.02419	0.00790	0.00691
