[name]
unknown

[dist]
# distance from previous block
# <min> <max>
7	37

[block]
# block no. 0 follows, 22 sequences, length 10
# corresponding to MSA columns:
# 38-47
name=unknown_A
#
# <colnr> <probs for GDERKNQSTAVLIFYWHMCP>
#	G	D	E	R	K	N	Q	S	T	A	V	L	I	F	Y	W	H	M	C	P
0	0.08779	0.15309	0.02832	0.28214	0.08264	0.11133	0.04344	0.02612	0.06518	0.02391	0.01519	0.01926	0.01206	0.00816	0.00740	0.00246	0.01046	0.00653	0.00429	0.01020
1	0.05948	0.01729	0.02438	0.21171	0.19545	0.01867	0.01869	0.10738	0.08010	0.02981	0.01773	0.02172	0.01393	0.01096	0.04100	0.00298	0.00975	0.00720	0.00516	0.10660
2	0.01120	0.00772	0.00944	0.01024	0.01058	0.00747	0.00638	0.01208	0.01447	0.01941	0.07380	0.33862	0.04404	0.36637	0.02639	0.00567	0.00638	0.01731	0.00646	0.00596
3	0.01748	0.01155	0.01363	0.01276	0.01553	0.01169	0.00940	0.05549	0.14765	0.11126	0.12020	0.21875	0.08732	0.11174	0.01391	0.00360	0.00598	0.01464	0.00806	0.00936
4	0.01622	0.01407	0.02234	0.01797	0.02188	0.01416	0.16655	0.10071	0.01921	0.02563	0.03226	0.04083	0.13146	0.15755	0.17499	0.00629	0.01244	0.01107	0.00560	0.00877
5	0.01241	0.00900	0.01109	0.01168	0.01305	0.00873	0.00815	0.06794	0.01897	0.02538	0.12762	0.45871	0.09612	0.07484	0.01264	0.00350	0.00529	0.01966	0.00776	0.00745
6	0.13346	0.01464	0.01658	0.04887	0.04581	0.01597	0.01192	0.13731	0.13316	0.03459	0.15012	0.16026	0.03563	0.01413	0.00858	0.00277	0.00653	0.01193	0.00750	0.01023
7	0.18376	0.01843	0.02533	0.08883	0.14714	0.02008	0.07176	0.13321	0.02137	0.11927	0.01744	0.02009	0.01299	0.00905	0.00957	0.00268	0.07442	0.00713	0.00584	0.01163
8	0.14600	0.02220	0.04813	0.02052	0.12197	0.20841	0.01346	0.02320	0.01717	0.02318	0.01756	0.02870	0.01721	0.23797	0.01866	0.00423	0.01031	0.00779	0.00461	0.00871
9	0.13820	0.02745	0.02374	0.02365	0.10977	0.28826	0.01662	0.10477	0.02157	0.02786	0.01360	0.01672	0.01126	0.00951	0.01084	0.00256	0.13222	0.00612	0.00479	0.01050

[dist]
# distance from previous block
# <min> <max>
11	102

[block]
# block no. 1 follows, 22 sequences, length 167
# corresponding to MSA columns:
# 169-335
name=unknown_B
#
# <colnr> <probs for GDERKNQSTAVLIFYWHMCP>
#	G	D	E	R	K	N	Q	S	T	A	V	L	I	F	Y	W	H	M	C	P
0	0.13140	0.05889	0.02693	0.15629	0.30461	0.02026	0.01984	0.02762	0.12187	0.02838	0.01766	0.02112	0.01404	0.00825	0.00765	0.00256	0.00897	0.00712	0.00488	0.01165
1	0.01913	0.16925	0.32054	0.03129	0.24902	0.02217	0.02558	0.02574	0.01789	0.02524	0.01448	0.01775	0.01147	0.00756	0.00749	0.00240	0.01076	0.00624	0.00373	0.01226
2	0.01475	0.01323	0.01733	0.12998	0.02340	0.05302	0.01385	0.01750	0.01529	0.02045	0.02453	0.14396	0.02558	0.07816	0.17679	0.00605	0.14358	0.06961	0.00505	0.00792
3	0.01298	0.01029	0.01258	0.04658	0.01661	0.01077	0.00974	0.02009	0.17003	0.02461	0.04355	0.46648	0.08076	0.02121	0.00991	0.00317	0.00553	0.01894	0.00769	0.00846
4	0.01990	0.01913	0.03306	0.04786	0.58748	0.01903	0.05453	0.02473	0.01877	0.02676	0.01747	0.06094	0.01560	0.00848	0.00844	0.00254	0.00978	0.00848	0.00433	0.01268
5	0.01132	0.00890	0.01051	0.01132	0.01375	0.00809	0.00930	0.01415	0.01901	0.02346	0.06722	0.08575	0.39769	0.02184	0.01052	0.00324	0.00566	0.26331	0.00769	0.00728
6	0.02732	0.10547	0.15509	0.02089	0.02733	0.40592	0.01879	0.09765	0.02341	0.02505	0.01393	0.01589	0.01105	0.00844	0.00745	0.00224	0.01317	0.00566	0.00450	0.01077
7	0.02221	0.71304	0.04353	0.01421	0.02132	0.03287	0.01421	0.02488	0.01688	0.01955	0.01155	0.01333	0.01066	0.00711	0.00533	0.00178	0.00888	0.00444	0.00355	0.01066
8	0.01208	0.00805	0.00906	0.00906	0.00906	0.00805	0.00503	0.01208	0.01208	0.01611	0.02618	0.05436	0.03020	0.70804	0.04228	0.00805	0.00805	0.01208	0.00503	0.00503
9	0.01455	0.01273	0.01802	0.01649	0.01719	0.01650	0.01313	0.01673	0.01296	0.01926	0.01786	0.02873	0.01756	0.10738	0.33799	0.00872	0.30362	0.00853	0.00417	0.00788
10	0.01187	0.00890	0.01335	0.01335	0.01483	0.01038	0.01038	0.01483	0.01335	0.01928	0.02225	0.03264	0.02077	0.06231	0.67512	0.01335	0.02225	0.00890	0.00445	0.00742
11	0.01207	0.00810	0.00931	0.00931	0.00940	0.00819	0.00535	0.01224	0.01216	0.01630	0.02594	0.05308	0.02965	0.66990	0.07966	0.00837	0.00889	0.01189	0.00500	0.00517
12	0.03103	0.03959	0.02354	0.02140	0.02568	0.67469	0.01605	0.03317	0.02354	0.02033	0.01284	0.01498	0.01070	0.00856	0.00749	0.00214	0.01498	0.00535	0.00428	0.00963
13	0.01042	0.00844	0.00925	0.00905	0.01159	0.00727	0.00678	0.01308	0.02035	0.02580	0.25970	0.07442	0.47521	0.01979	0.00981	0.00275	0.00412	0.01676	0.00816	0.00727
14	0.01192	0.00869	0.01231	0.01231	0.01343	0.00982	0.00908	0.01416	0.01304	0.01851	0.02321	0.03792	0.02306	0.21940	0.52117	0.01206	0.01880	0.00967	0.00459	0.00684
15	0.01012	0.00723	0.00964	0.01157	0.01205	0.00675	0.00771	0.01157	0.01591	0.02121	0.04579	0.70262	0.05495	0.02603	0.01060	0.00337	0.00482	0.02362	0.00771	0.00675
16	0.01103	0.00788	0.01068	0.01260	0.01348	0.00753	0.00928	0.01313	0.01680	0.02222	0.04529	0.53394	0.05297	0.02517	0.01084	0.00350	0.00560	0.18338	0.00769	0.00700
17	0.14251	0.02620	0.05549	0.03442	0.33551	0.21781	0.02024	0.02768	0.01949	0.02666	0.01410	0.01761	0.01163	0.00782	0.00750	0.00239	0.01098	0.00626	0.00430	0.01139
18	0.28865	0.31842	0.02823	0.01437	0.02040	0.10180	0.01273	0.08575	0.01889	0.02920	0.01254	0.01424	0.01042	0.00778	0.00581	0.00217	0.00875	0.00487	0.00468	0.01029
19	0.02419	0.09117	0.03374	0.06588	0.23058	0.06165	0.12654	0.20450	0.02496	0.03306	0.01650	0.01974	0.01285	0.00818	0.00820	0.00246	0.01065	0.00743	0.00530	0.01244
20	0.02137	0.40968	0.24987	0.01823	0.02674	0.10301	0.01996	0.02632	0.01788	0.02191	0.01283	0.01493	0.01062	0.00754	0.00644	0.00211	0.01073	0.00512	0.00362	0.01108
21	0.01169	0.00789	0.00918	0.00957	0.00966	0.00779	0.00557	0.01198	0.01285	0.01713	0.03012	0.18490	0.03518	0.57072	0.03590	0.00711	0.00740	0.01440	0.00557	0.00538
22	0.01168	0.00849	0.01100	0.01037	0.01237	0.00781	0.00778	0.01553	0.02334	0.03289	0.62990	0.06275	0.10058	0.01714	0.00980	0.00262	0.00393	0.01512	0.00909	0.00781
23	0.02689	0.03194	0.02596	0.02981	0.21196	0.44142	0.01869	0.02996	0.02191	0.02262	0.01550	0.02128	0.01362	0.00907	0.00794	0.00234	0.01303	0.04107	0.00443	0.01056
24	0.01150	0.00781	0.00923	0.00980	0.00995	0.00767	0.00583	0.01193	0.01321	0.01762	0.03198	0.24639	0.03753	0.50601	0.03290	0.00667	0.00710	0.01550	0.00583	0.00554
25	0.01440	0.01126	0.01338	0.01236	0.01513	0.01164	0.00941	0.02411	0.20649	0.03374	0.46877	0.05285	0.06268	0.01529	0.00940	0.00267	0.00471	0.01336	0.00894	0.00941
26	0.01774	0.01293	0.01507	0.01425	0.01692	0.01350	0.01058	0.23074	0.02413	0.03227	0.03661	0.46010	0.04044	0.02032	0.00979	0.00306	0.00636	0.01788	0.00792	0.00937
27	0.02085	0.01773	0.02497	0.07038	0.29118	0.01898	0.01847	0.03300	0.27161	0.06680	0.02454	0.02714	0.01933	0.04629	0.01013	0.00293	0.00834	0.00851	0.00626	0.01255
28	0.01218	0.00925	0.01349	0.01332	0.01459	0.01086	0.01022	0.01480	0.01320	0.01900	0.02211	0.03412	0.02125	0.12434	0.58191	0.01237	0.05213	0.00914	0.00447	0.00726
29	0.03045	0.03744	0.02333	0.02102	0.02545	0.60170	0.01587	0.06534	0.06085	0.02288	0.01446	0.01619	0.01175	0.00880	0.00759	0.00220	0.01418	0.00570	0.00474	0.01008
30	0.01179	0.00793	0.00915	0.00944	0.00951	0.00786	0.00543	0.01200	0.01265	0.01687	0.02911	0.15135	0.03390	0.60601	0.03754	0.00735	0.00757	0.01381	0.00543	0.00529
31	0.01537	0.01190	0.01734	0.01518	0.01704	0.01376	0.07144	0.01857	0.01537	0.02436	0.02217	0.06289	0.02002	0.05672	0.14654	0.00508	0.17264	0.00909	0.27635	0.00816
32	0.01666	0.04297	0.66500	0.02368	0.03596	0.01929	0.03069	0.02631	0.01754	0.02631	0.01491	0.01754	0.01052	0.00789	0.00789	0.00263	0.01228	0.00614	0.00351	0.01228
33	0.03103	0.03959	0.02354	0.02140	0.02568	0.67469	0.01605	0.03317	0.02354	0.02033	0.01284	0.01498	0.01070	0.00856	0.00749	0.00214	0.01498	0.00535	0.00428	0.00963
34	0.02056	0.01974	0.03372	0.05099	0.65622	0.01974	0.02550	0.02550	0.01892	0.02714	0.01563	0.02056	0.01316	0.00740	0.00822	0.00247	0.00987	0.00740	0.00411	0.01316
35	0.03103	0.03959	0.02354	0.02140	0.02568	0.67469	0.01605	0.03317	0.02354	0.02033	0.01284	0.01498	0.01070	0.00856	0.00749	0.00214	0.01498	0.00535	0.00428	0.00963
36	0.01132	0.00890	0.01051	0.01132	0.01375	0.00809	0.00930	0.01415	0.01901	0.02346	0.06722	0.08575	0.39769	0.02184	0.01052	0.00324	0.00566	0.26331	0.00769	0.00728
37	0.01187	0.00890	0.01335	0.01335	0.01483	0.01038	0.01038	0.01483	0.01335	0.01928	0.02225	0.03264	0.02077	0.06231	0.67512	0.01335	0.02225	0.00890	0.00445	0.00742
38	0.02073	0.01049	0.01387	0.01189	0.01548	0.00935	0.00932	0.02430	0.02338	0.25610	0.40359	0.05095	0.08651	0.01481	0.00929	0.00261	0.00505	0.01278	0.00948	0.01004
39	0.02157	0.01361	0.01424	0.01204	0.01575	0.01455	0.00958	0.24947	0.02560	0.03905	0.02440	0.02681	0.01859	0.00979	0.00675	0.00215	0.00586	0.00764	0.47241	0.01015
40	0.01009	0.00836	0.00888	0.00923	0.01171	0.00715	0.00694	0.01223	0.01860	0.02246	0.07714	0.15138	0.54491	0.02173	0.01002	0.00294	0.00451	0.05697	0.00771	0.00703
41	0.01012	0.00723	0.00964	0.01157	0.01205	0.00675	0.00771	0.01157	0.01591	0.02121	0.04579	0.70262	0.05495	0.02603	0.01060	0.00337	0.00482	0.02362	0.00771	0.00675
42	0.01049	0.00845	0.01023	0.01195	0.04377	0.00753	0.00789	0.01244	0.01758	0.02212	0.06359	0.35522	0.35377	0.02259	0.01009	0.00304	0.00476	0.01975	0.00753	0.00720
43	0.01846	0.01903	0.03020	0.02447	0.02617	0.02455	0.14080	0.02133	0.01411	0.02133	0.01210	0.01903	0.01125	0.01302	0.02374	0.00347	0.55590	0.00778	0.00375	0.00951
44	0.01012	0.00723	0.00964	0.01157	0.01205	0.00675	0.00771	0.01157	0.01591	0.02121	0.04579	0.70262	0.05495	0.02603	0.01060	0.00337	0.00482	0.02362	0.00771	0.00675
45	0.02774	0.02159	0.02190	0.01767	0.02332	0.06124	0.01428	0.41488	0.15746	0.04479	0.02304	0.02298	0.01690	0.01012	0.00804	0.00248	0.00844	0.00777	0.08233	0.01303
46	0.02294	0.02209	0.02368	0.09234	0.15371	0.16076	0.01729	0.14343	0.09227	0.02941	0.01897	0.02269	0.01531	0.01834	0.12551	0.00439	0.01277	0.00746	0.00546	0.01117
47	0.01039	0.00844	0.00921	0.00902	0.01157	0.00726	0.00676	0.01303	0.02029	0.02566	0.25232	0.07465	0.48268	0.01984	0.00981	0.00275	0.00412	0.01679	0.00814	0.00726
48	0.01189	0.00882	0.01292	0.01292	0.01425	0.01015	0.00984	0.01456	0.01322	0.01896	0.02265	0.03483	0.02172	0.12752	0.61121	0.01282	0.02082	0.00922	0.00451	0.00718
49	0.06796	0.06122	0.12092	0.03209	0.27249	0.18946	0.02133	0.08830	0.02156	0.02805	0.01481	0.01786	0.01188	0.00803	0.00768	0.00238	0.01121	0.00639	0.00453	0.01186
50	0.02648	0.02639	0.02841	0.02523	0.09051	0.20354	0.11123	0.20851	0.10409	0.03326	0.01838	0.02032	0.01411	0.00924	0.00921	0.00253	0.04317	0.00747	0.00594	0.01197
51	0.01009	0.00811	0.00901	0.00946	0.01156	0.00702	0.00684	0.01220	0.01858	0.02319	0.13036	0.24524	0.43526	0.02197	0.01003	0.00294	0.00434	0.01892	0.00786	0.00702
52	0.02510	0.02049	0.02134	0.01677	0.02312	0.05353	0.01351	0.30018	0.15333	0.03968	0.02085	0.02112	0.01568	0.00903	0.00766	0.00217	0.00804	0.00700	0.00713	0.23430
53	0.01089	0.00834	0.00998	0.00982	0.01194	0.00743	0.00727	0.01390	0.02108	0.02813	0.38398	0.13326	0.28514	0.01937	0.00989	0.00276	0.00412	0.01680	0.00848	0.00743
54	0.02047	0.14232	0.03181	0.23025	0.30334	0.08782	0.02184	0.02490	0.01834	0.02336	0.01437	0.01919	0.01185	0.00773	0.00766	0.00240	0.01057	0.00667	0.00391	0.01120
55	0.02276	0.45878	0.07333	0.01941	0.02660	0.12391	0.12303	0.02647	0.01837	0.02125	0.01284	0.01538	0.01100	0.00734	0.00656	0.00205	0.01085	0.00561	0.00377	0.01069
56	0.01020	0.00843	0.00895	0.00882	0.01146	0.00718	0.00661	0.01267	0.01984	0.02460	0.19683	0.07640	0.53883	0.02023	0.00981	0.00277	0.00415	0.01703	0.00800	0.00718
57	0.01117	0.00828	0.00991	0.01054	0.01245	0.00754	0.00797	0.01383	0.01899	0.02509	0.16979	0.22189	0.27222	0.02100	0.00999	0.00300	0.00480	0.10670	0.05759	0.00725
58	0.02027	0.12838	0.06233	0.08276	0.42552	0.05274	0.02239	0.02483	0.01861	0.02496	0.01827	0.02217	0.04506	0.00819	0.00781	0.00239	0.00987	0.00730	0.00416	0.01198
59	0.01127	0.00841	0.01046	0.01008	0.01214	0.00761	0.00751	0.01468	0.02217	0.03041	0.50165	0.09792	0.19848	0.01829	0.00984	0.00269	0.00403	0.01598	0.00877	0.00761
60	0.01012	0.00723	0.00964	0.01157	0.01205	0.00675	0.00771	0.01157	0.01591	0.02121	0.04579	0.70262	0.05495	0.02603	0.01060	0.00337	0.00482	0.02362	0.00771	0.00675
61	0.16972	0.13054	0.25304	0.05798	0.18510	0.02126	0.02220	0.02527	0.01705	0.02748	0.01390	0.01706	0.01092	0.00764	0.00706	0.00246	0.00993	0.00593	0.00400	0.01145
62	0.02366	0.02562	0.03070	0.04223	0.46944	0.21375	0.02270	0.02777	0.02029	0.02512	0.01480	0.01891	0.01243	0.00775	0.00801	0.00237	0.01138	0.00679	0.00416	0.01211
63	0.01036	0.00844	0.00916	0.00898	0.01155	0.00724	0.00673	0.01296	0.02020	0.02545	0.24142	0.07499	0.49371	0.01992	0.00981	0.00275	0.00413	0.01684	0.00811	0.00724
64	0.01113	0.00826	0.01079	0.01118	0.01248	0.00836	0.00803	0.01325	0.01572	0.02120	0.10143	0.20558	0.14186	0.13755	0.24652	0.00737	0.01118	0.01491	0.00632	0.00688
65	0.01888	0.14234	0.41407	0.02596	0.09568	0.05220	0.08668	0.02636	0.01806	0.02509	0.01455	0.01756	0.01102	0.00766	0.00770	0.00248	0.01181	0.00633	0.00368	0.01188
66	0.01990	0.02105	0.04130	0.04056	0.28847	0.02079	0.34407	0.02572	0.01887	0.02638	0.01594	0.02138	0.01271	0.00766	0.01033	0.00272	0.05747	0.00867	0.00413	0.01185
67	0.02924	0.03597	0.02386	0.02138	0.02514	0.55932	0.01634	0.05298	0.02258	0.02145	0.01283	0.01561	0.01085	0.00946	0.01031	0.00236	0.11057	0.00570	0.00434	0.00972
68	0.02056	0.01974	0.03372	0.05099	0.65622	0.01974	0.02550	0.02550	0.01892	0.02714	0.01563	0.02056	0.01316	0.00740	0.00822	0.00247	0.00987	0.00740	0.00411	0.01316
69	0.03348	0.01964	0.02195	0.01714	0.02346	0.05173	0.01403	0.29901	0.06693	0.32477	0.02620	0.02411	0.01752	0.01012	0.00830	0.00253	0.00835	0.00788	0.00901	0.01385
70	0.03330	0.02051	0.02322	0.01780	0.02438	0.02166	0.01471	0.45051	0.03443	0.23690	0.02383	0.02247	0.01608	0.01007	0.00832	0.00252	0.00851	0.00774	0.00891	0.01413
71	0.01204	0.00822	0.00993	0.00993	0.01023	0.00852	0.00611	0.01264	0.01234	0.01675	0.02538	0.04998	0.02830	0.57778	0.16994	0.00912	0.01092	0.01144	0.00492	0.00551
72	0.03158	0.02327	0.02493	0.01911	0.02576	0.02576	0.01579	0.62852	0.03906	0.05236	0.01995	0.01995	0.01413	0.00997	0.00831	0.00249	0.00914	0.00748	0.00831	0.01413
73	0.01963	0.02060	0.02523	0.02176	0.02225	0.09897	0.01793	0.02149	0.01395	0.02003	0.01112	0.01781	0.01088	0.01386	0.02502	0.00347	0.61607	0.00705	0.00371	0.00915
74	0.01743	0.01330	0.01696	0.01518	0.01696	0.01524	0.01165	0.08155	0.01750	0.06913	0.02831	0.20620	0.05354	0.13171	0.02023	0.00394	0.21400	0.01274	0.00613	0.04830
75	0.01355	0.00981	0.01209	0.01226	0.01379	0.00984	0.00858	0.08746	0.01785	0.02415	0.03552	0.40939	0.04040	0.14667	0.08281	0.00501	0.00773	0.01736	0.00687	0.03886
76	0.01053	0.00848	0.00940	0.00928	0.01180	0.00735	0.00703	0.01324	0.02030	0.02575	0.25067	0.07518	0.45967	0.01991	0.00988	0.00279	0.00425	0.03906	0.00814	0.00728
77	0.02267	0.02374	0.03167	0.04502	0.52903	0.15186	0.02359	0.02704	0.01985	0.02577	0.01506	0.01944	0.01266	0.00764	0.00808	0.00240	0.01090	0.00699	0.00415	0.01245
78	0.76672	0.01607	0.01221	0.01092	0.01607	0.01864	0.00900	0.02442	0.01414	0.03727	0.01157	0.01350	0.00900	0.00771	0.00514	0.00257	0.00643	0.00450	0.00514	0.00900
79	0.01879	0.03269	0.35245	0.07087	0.18476	0.05828	0.11240	0.02626	0.01846	0.02590	0.01522	0.01907	0.01149	0.00771	0.00824	0.00260	0.01204	0.00698	0.00381	0.01200
80	0.01973	0.19611	0.09427	0.15837	0.12805	0.05727	0.02009	0.02522	0.05832	0.02286	0.01459	0.01875	0.01214	0.00913	0.01081	0.00258	0.13037	0.00653	0.00404	0.01075
81	0.01001	0.00842	0.00868	0.00861	0.01134	0.00709	0.00646	0.01229	0.01938	0.02350	0.13939	0.07821	0.59696	0.02064	0.00982	0.00279	0.00418	0.01729	0.00785	0.00709
82	0.02237	0.01632	0.01752	0.01484	0.01923	0.01769	0.01174	0.29705	0.12318	0.03921	0.03250	0.11480	0.08113	0.01316	0.00832	0.00258	0.00682	0.01077	0.13950	0.01127
83	0.02495	0.19472	0.03056	0.02615	0.17682	0.23646	0.01763	0.08707	0.02160	0.02504	0.01640	0.01896	0.03501	0.00884	0.00836	0.00227	0.04717	0.00638	0.00455	0.01106
84	0.01070	0.00764	0.01030	0.01222	0.01296	0.00724	0.00871	0.01256	0.01647	0.02185	0.04547	0.59543	0.05369	0.02548	0.01076	0.00345	0.00532	0.12513	0.00770	0.00691
85	0.01187	0.00890	0.01335	0.01335	0.01483	0.01038	0.01038	0.01483	0.01335	0.01928	0.02225	0.03264	0.02077	0.06231	0.67512	0.01335	0.02225	0.00890	0.00445	0.00742
86	0.02657	0.02136	0.02655	0.02820	0.21185	0.02316	0.01824	0.35638	0.12945	0.04207	0.02088	0.02190	0.01564	0.00942	0.00831	0.00254	0.00895	0.00776	0.00709	0.01368
87	0.01706	0.01654	0.02332	0.02032	0.02058	0.02279	0.01680	0.01908	0.01283	0.01987	0.01290	0.02072	0.01264	0.02295	0.14131	0.00535	0.57479	0.00756	0.00378	0.00879
88	0.01068	0.00812	0.00991	0.01072	0.01241	0.00735	0.00790	0.01305	0.01865	0.02419	0.16651	0.30920	0.26108	0.02238	0.01029	0.00310	0.00477	0.08462	0.00796	0.00713
89	0.01549	0.00774	0.00774	0.00774	0.00968	0.00774	0.00581	0.01936	0.01742	0.03097	0.02710	0.03097	0.02129	0.00968	0.00581	0.00194	0.00387	0.00774	0.75416	0.00774
90	0.02620	0.15282	0.02876	0.05252	0.02676	0.39790	0.04868	0.02881	0.02020	0.02052	0.01262	0.01591	0.01084	0.00911	0.01026	0.00237	0.11608	0.00581	0.00402	0.00979
91	0.02664	0.03237	0.02538	0.02221	0.02542	0.44897	0.04724	0.02893	0.02013	0.02055	0.01246	0.01630	0.01086	0.01026	0.01348	0.00262	0.21641	0.00614	0.00408	0.00955
92	0.01008	0.00810	0.00903	0.00971	0.01176	0.00705	0.00708	0.01206	0.01801	0.02218	0.07044	0.27229	0.44011	0.02267	0.01014	0.00303	0.00456	0.04703	0.00771	0.00696
93	0.01874	0.16426	0.07752	0.01463	0.01996	0.05758	0.01308	0.08525	0.14649	0.02823	0.07993	0.03971	0.19637	0.01290	0.00815	0.00249	0.00747	0.01027	0.00658	0.01039
94	0.02051	0.01971	0.03314	0.04666	0.55687	0.01991	0.05974	0.02742	0.08089	0.02787	0.01751	0.02171	0.01434	0.00776	0.00834	0.00252	0.00979	0.00774	0.00455	0.01304
95	0.01024	0.00728	0.00961	0.01142	0.01187	0.00682	0.00755	0.01160	0.01568	0.02091	0.04463	0.66436	0.05348	0.06628	0.01247	0.00365	0.00501	0.02294	0.00755	0.00665
96	0.03103	0.03959	0.02354	0.02140	0.02568	0.67469	0.01605	0.03317	0.02354	0.02033	0.01284	0.01498	0.01070	0.00856	0.00749	0.00214	0.01498	0.00535	0.00428	0.00963
97	0.02607	0.02980	0.02103	0.01908	0.02335	0.39802	0.01447	0.03591	0.24297	0.02632	0.06277	0.02380	0.02041	0.01008	0.00799	0.00241	0.01126	0.00743	0.00609	0.01076
98	0.02026	0.04479	0.01572	0.01306	0.01662	0.01214	0.01017	0.09721	0.02110	0.18450	0.04210	0.24019	0.14102	0.02193	0.07550	0.00388	0.00774	0.01435	0.00791	0.00981
99	0.01812	0.07462	0.39158	0.02748	0.03796	0.02075	0.25854	0.02634	0.01830	0.02603	0.01544	0.01916	0.01133	0.00750	0.00848	0.00265	0.01274	0.00745	0.00378	0.01177
100	0.01059	0.00767	0.01000	0.01105	0.01211	0.00709	0.00767	0.01281	0.01834	0.02487	0.22758	0.47612	0.09718	0.02305	0.01032	0.00311	0.00452	0.02071	0.00814	0.00709
101	0.01014	0.00843	0.00886	0.00875	0.01142	0.00715	0.00657	0.01255	0.01970	0.02425	0.17839	0.07698	0.55749	0.02037	0.00982	0.00277	0.00416	0.01712	0.00795	0.00715
102	0.02199	0.14583	0.02553	0.02129	0.11967	0.02190	0.01503	0.06692	0.33232	0.06818	0.02845	0.02766	0.04916	0.01023	0.00789	0.00254	0.00757	0.00839	0.00694	0.01252
103	0.01097	0.00762	0.00949	0.01053	0.01089	0.00732	0.00667	0.01198	0.01479	0.01982	0.06905	0.41530	0.04643	0.29341	0.02300	0.00517	0.00604	0.01865	0.00673	0.00613
104	0.01034	0.00738	0.00989	0.01182	0.01239	0.00693	0.00809	0.01194	0.01612	0.02145	0.04567	0.66214	0.05447	0.02582	0.01066	0.00340	0.00501	0.06196	0.00771	0.00681
105	0.02048	0.01982	0.03378	0.04607	0.53321	0.01996	0.08405	0.02743	0.07981	0.02783	0.01752	0.02176	0.01430	0.00774	0.00840	0.00253	0.00996	0.00784	0.00455	0.01296
106	0.01549	0.00774	0.00774	0.00774	0.00968	0.00774	0.00581	0.01936	0.01742	0.03097	0.02710	0.03097	0.02129	0.00968	0.00581	0.00194	0.00387	0.00774	0.75416	0.00774
107	0.02177	0.00965	0.01123	0.00989	0.01306	0.00908	0.00766	0.02524	0.01903	0.21713	0.02873	0.03137	0.02153	0.04554	0.00843	0.00244	0.00503	0.00815	0.49553	0.00950
108	0.02252	0.01452	0.01525	0.01271	0.01670	0.01561	0.01017	0.28543	0.02687	0.04031	0.02398	0.02616	0.01816	0.00981	0.00690	0.00218	0.00617	0.00763	0.42839	0.01053
109	0.01187	0.00890	0.01335	0.01335	0.01483	0.01038	0.01038	0.01483	0.01335	0.01928	0.02225	0.03264	0.02077	0.06231	0.67512	0.01335	0.02225	0.00890	0.00445	0.00742
110	0.02066	0.01785	0.01878	0.01691	0.02160	0.02066	0.01315	0.04414	0.64121	0.03475	0.03381	0.03099	0.02536	0.01127	0.00845	0.00282	0.00657	0.00939	0.00845	0.01315
111	0.01882	0.01531	0.01700	0.05960	0.02165	0.01703	0.01229	0.03531	0.42705	0.06365	0.07293	0.04047	0.13733	0.01303	0.00875	0.00279	0.00635	0.01093	0.00814	0.01159
112	0.02372	0.02808	0.02764	0.02398	0.06065	0.34643	0.16322	0.02747	0.02212	0.02433	0.11636	0.02741	0.05176	0.01001	0.00856	0.00242	0.01226	0.00861	0.00517	0.00980
113	0.01971	0.18851	0.36429	0.02516	0.10277	0.02219	0.07807	0.02667	0.01806	0.05856	0.01534	0.01793	0.01157	0.00771	0.00754	0.00243	0.01111	0.00634	0.00401	0.01202
114	0.01193	0.00865	0.01208	0.01208	0.01312	0.00969	0.00880	0.01402	0.01297	0.01834	0.02341	0.03907	0.02356	0.25359	0.48766	0.01178	0.01805	0.00984	0.00462	0.00671
115	0.01723	0.01477	0.01723	0.01230	0.01969	0.01107	0.00984	0.02092	0.01723	0.02707	0.01477	0.01723	0.01230	0.00615	0.00615	0.00123	0.00615	0.00492	0.00492	0.75883
116	0.01420	0.01194	0.01569	0.01446	0.01586	0.01390	0.01130	0.04709	0.01866	0.02619	0.22330	0.16687	0.10662	0.02026	0.04833	0.00361	0.21283	0.01386	0.00679	0.00823
117	0.01707	0.04056	0.59946	0.02651	0.10035	0.01934	0.03015	0.02622	0.01768	0.02640	0.01498	0.01785	0.01080	0.00784	0.00793	0.00261	0.01203	0.00627	0.00357	0.01237
118	0.01922	0.01329	0.01479	0.01289	0.01619	0.01445	0.01023	0.13570	0.09246	0.06233	0.06132	0.03741	0.13289	0.01274	0.00973	0.00252	0.07496	0.00989	0.25713	0.00986
119	0.01009	0.00840	0.00884	0.00900	0.01158	0.00715	0.00677	0.01232	0.01901	0.02305	0.11026	0.11633	0.56178	0.02120	0.00993	0.00287	0.00437	0.04219	0.00779	0.00707
120	0.01711	0.01592	0.02563	0.27412	0.24704	0.01706	0.04715	0.05144	0.01911	0.02526	0.02940	0.03318	0.14146	0.01060	0.00865	0.00266	0.00932	0.00955	0.00490	0.01044
121	0.01185	0.00917	0.01260	0.01477	0.05645	0.00904	0.01045	0.01452	0.01693	0.02230	0.04632	0.25784	0.16353	0.03040	0.14454	0.00532	0.00920	0.15040	0.00680	0.00757
122	0.00993	0.00799	0.00885	0.00954	0.01152	0.00692	0.00681	0.01180	0.01786	0.02200	0.07053	0.30115	0.44045	0.02281	0.01010	0.00301	0.00443	0.01969	0.00771	0.00692
123	0.05390	0.01701	0.01617	0.01754	0.09624	0.13905	0.01177	0.05683	0.02076	0.02779	0.09644	0.04116	0.15651	0.01461	0.03140	0.00283	0.00807	0.03466	0.14818	0.00906
124	0.01824	0.01717	0.02906	0.23591	0.41401	0.01841	0.02325	0.02315	0.01767	0.02459	0.01604	0.02225	0.01331	0.01321	0.07560	0.00366	0.01148	0.00755	0.00402	0.01141
125	0.01115	0.00834	0.00957	0.00933	0.01105	0.00760	0.00651	0.01333	0.01870	0.02463	0.27400	0.06637	0.27200	0.20989	0.01880	0.00419	0.00517	0.01511	0.00749	0.00676
126	0.00992	0.00801	0.00883	0.00949	0.01150	0.00692	0.00679	0.01180	0.01790	0.02202	0.07103	0.29293	0.44835	0.02275	0.01009	0.00300	0.00442	0.01961	0.00771	0.00692
127	0.04945	0.00892	0.01051	0.01136	0.01283	0.00866	0.00804	0.04348	0.01734	0.02352	0.04747	0.41943	0.15292	0.09110	0.01329	0.00369	0.00552	0.05798	0.00734	0.00716
128	0.03200	0.02107	0.02338	0.01809	0.02457	0.02269	0.01489	0.47128	0.07602	0.17393	0.02345	0.02236	0.01617	0.01012	0.00833	0.00253	0.00855	0.00778	0.00872	0.01406
129	0.02056	0.01974	0.03372	0.05099	0.65622	0.01974	0.02550	0.02550	0.01892	0.02714	0.01563	0.02056	0.01316	0.00740	0.00822	0.00247	0.00987	0.00740	0.00411	0.01316
130	0.02520	0.02529	0.02261	0.02062	0.08633	0.23444	0.01473	0.15586	0.02417	0.03028	0.01533	0.01740	0.01225	0.00789	0.00726	0.00193	0.01008	0.00586	0.00536	0.27710
131	0.01039	0.00749	0.00991	0.01174	0.01246	0.00700	0.00814	0.01207	0.01633	0.02158	0.04742	0.62076	0.08223	0.02553	0.01064	0.00339	0.00504	0.07334	0.00771	0.00684
132	0.14233	0.12913	0.02309	0.01647	0.02111	0.14991	0.01351	0.14391	0.06277	0.02994	0.01678	0.01980	0.01385	0.01842	0.12554	0.00432	0.04689	0.00648	0.00537	0.01039
133	0.02576	0.02061	0.02226	0.02226	0.13292	0.08596	0.01515	0.31755	0.02881	0.03960	0.02017	0.02217	0.01531	0.00931	0.00762	0.00232	0.00861	0.00731	0.18432	0.01199
134	0.01129	0.00779	0.00923	0.00989	0.01020	0.00755	0.00602	0.01190	0.01374	0.01818	0.03583	0.27909	0.06980	0.43868	0.02974	0.00618	0.00675	0.01633	0.00609	0.00572
135	0.02572	0.09998	0.02584	0.02053	0.02385	0.37895	0.01632	0.02908	0.05612	0.02100	0.01337	0.01671	0.01162	0.01035	0.01319	0.00259	0.21467	0.00607	0.00426	0.00978
136	0.01452	0.01417	0.04664	0.01273	0.01684	0.04912	0.01013	0.01879	0.05931	0.02486	0.06839	0.23872	0.14185	0.01589	0.00864	0.00245	0.00616	0.01368	0.00659	0.23051
137	0.02446	0.02425	0.02417	0.11392	0.13447	0.20157	0.01754	0.15089	0.11913	0.03112	0.06068	0.02345	0.01859	0.00959	0.00819	0.00249	0.01040	0.00766	0.00595	0.01149
138	0.01653	0.01545	0.02580	0.02061	0.02534	0.01512	0.22846	0.07525	0.09062	0.02763	0.03860	0.21491	0.13819	0.01530	0.00973	0.00293	0.00856	0.01460	0.00660	0.00976
139	0.01010	0.00789	0.00898	0.00980	0.01143	0.00697	0.00682	0.01178	0.01719	0.02149	0.06393	0.34390	0.35637	0.06884	0.01231	0.00340	0.00472	0.01977	0.00753	0.00677
140	0.01964	0.02061	0.02523	0.02176	0.02225	0.09939	0.01793	0.02149	0.01395	0.02003	0.01113	0.01781	0.01088	0.01386	0.02501	0.00346	0.61564	0.00705	0.00371	0.00915
141	0.02057	0.51455	0.22763	0.01702	0.02566	0.02885	0.01910	0.02530	0.01708	0.02155	0.01254	0.01457	0.01062	0.00734	0.00609	0.00203	0.00989	0.00494	0.00354	0.01114
142	0.00993	0.00842	0.00857	0.00854	0.01129	0.00706	0.00640	0.01214	0.01921	0.02308	0.11769	0.07889	0.61892	0.02080	0.00982	0.00279	0.00419	0.01738	0.00780	0.00706
143	0.01549	0.00774	0.00774	0.00774	0.00968	0.00774	0.00581	0.01936	0.01742	0.03097	0.02710	0.03097	0.02129	0.00968	0.00581	0.00194	0.00387	0.00774	0.75416	0.00774
144	0.03123	0.03379	0.02404	0.02059	0.02571	0.44416	0.01596	0.24467	0.02905	0.03171	0.01536	0.01674	0.01192	0.00906	0.00778	0.00227	0.01291	0.00611	0.00571	0.01123
145	0.02117	0.01341	0.01401	0.01196	0.01560	0.01437	0.00948	0.22838	0.04733	0.03841	0.02490	0.02721	0.01899	0.00984	0.00676	0.00216	0.00577	0.00771	0.47241	0.01012
146	0.01390	0.01005	0.01233	0.01290	0.01446	0.01009	0.00913	0.12017	0.01998	0.02669	0.04124	0.58245	0.04776	0.02320	0.01020	0.00322	0.00558	0.02078	0.00782	0.00805
147	0.01120	0.00937	0.00986	0.00958	0.01244	0.00850	0.00723	0.01571	0.08157	0.02535	0.16711	0.07230	0.50139	0.01944	0.00968	0.00278	0.00440	0.01633	0.00801	0.00775
148	0.02126	0.02106	0.03304	0.04902	0.61430	0.06328	0.02487	0.02601	0.01922	0.02669	0.01544	0.02019	0.01300	0.00748	0.00818	0.00245	0.01021	0.00727	0.00412	0.01292
149	0.01088	0.00876	0.00989	0.01045	0.01300	0.00777	0.00841	0.01349	0.01899	0.02316	0.07226	0.08403	0.47362	0.02161	0.01031	0.00311	0.00523	0.19016	0.00770	0.00720
150	0.02128	0.02138	0.03212	0.09040	0.55365	0.08483	0.02439	0.02598	0.01922	0.02607	0.01529	0.02011	0.01278	0.00758	0.00816	0.00245	0.01046	0.00720	0.00410	0.01255
151	0.02864	0.03495	0.02508	0.02637	0.13646	0.52477	0.01756	0.03240	0.05543	0.02229	0.01444	0.01681	0.01191	0.00850	0.00767	0.00223	0.01364	0.00593	0.00447	0.01044
152	0.02021	0.45307	0.22603	0.01769	0.02570	0.02819	0.01945	0.02487	0.01671	0.02159	0.01249	0.01500	0.01064	0.00800	0.00803	0.00219	0.07040	0.00519	0.00355	0.01100
153	0.01268	0.00800	0.00883	0.00883	0.00917	0.00800	0.00517	0.01336	0.01302	0.01872	0.02634	0.05025	0.02863	0.58511	0.03586	0.00698	0.00732	0.01132	0.13691	0.00551
154	0.02333	0.02002	0.02713	0.06489	0.25729	0.02225	0.01952	0.20658	0.13363	0.03486	0.01954	0.02203	0.01524	0.00968	0.01039	0.00268	0.08433	0.00776	0.00605	0.01280
155	0.01181	0.00887	0.01074	0.01135	0.01313	0.00833	0.00832	0.04912	0.01939	0.02534	0.13669	0.35663	0.21434	0.02225	0.01023	0.00311	0.00503	0.06988	0.00794	0.00748
156	0.02041	0.02144	0.02758	0.34044	0.25127	0.15126	0.02247	0.02506	0.01878	0.02302	0.01467	0.02017	0.01170	0.00805	0.00811	0.00254	0.01146	0.00698	0.00395	0.01062
157	0.02056	0.01974	0.03372	0.05099	0.65622	0.01974	0.02550	0.02550	0.01892	0.02714	0.01563	0.02056	0.01316	0.00740	0.00822	0.00247	0.00987	0.00740	0.00411	0.01316
158	0.01018	0.00758	0.00930	0.01062	0.01165	0.00690	0.00719	0.01169	0.01640	0.02117	0.05394	0.50602	0.20070	0.07014	0.01252	0.00354	0.00488	0.02135	0.00753	0.00670
159	0.02160	0.05682	0.02318	0.01830	0.02347	0.14843	0.07395	0.06675	0.22833	0.02844	0.02523	0.02637	0.04924	0.01441	0.06701	0.00335	0.01047	0.00810	0.00613	0.10043
160	0.01187	0.00890	0.01335	0.01335	0.01483	0.01038	0.01038	0.01483	0.01335	0.01928	0.02225	0.03264	0.02077	0.06231	0.67512	0.01335	0.02225	0.00890	0.00445	0.00742
161	0.02221	0.71304	0.04353	0.01421	0.02132	0.03287	0.01421	0.02488	0.01688	0.01955	0.01155	0.01333	0.01066	0.00711	0.00533	0.00178	0.00888	0.00444	0.00355	0.01066
162	0.01944	0.30630	0.20754	0.01725	0.02474	0.06666	0.01808	0.02405	0.01715	0.02241	0.01504	0.04838	0.01339	0.01127	0.04099	0.00271	0.03900	0.00626	0.00399	0.09536
163	0.02882	0.01988	0.02462	0.02433	0.15138	0.02103	0.01662	0.29854	0.12460	0.16730	0.02379	0.02345	0.01696	0.00972	0.00832	0.00255	0.00848	0.00793	0.00788	0.01378
164	0.01007	0.00744	0.00942	0.01101	0.01190	0.00679	0.00747	0.01163	0.01644	0.02142	0.05254	0.59301	0.16020	0.02515	0.01047	0.00327	0.00471	0.02255	0.00771	0.00679
165	0.01717	0.01685	0.02501	0.02098	0.02207	0.02195	0.07014	0.01982	0.01523	0.02292	0.12425	0.02627	0.02293	0.01430	0.02264	0.00338	0.51151	0.00886	0.00466	0.00906
166	0.01249	0.00914	0.01172	0.04380	0.01493	0.00895	0.00875	0.04497	0.01927	0.02578	0.22530	0.20213	0.17167	0.02338	0.05651	0.08471	0.00637	0.01549	0.00731	0.00733

[dist]
# distance from previous block
# <min> <max>
0	3

[block]
# block no. 2 follows, 22 sequences, length 14
# corresponding to MSA columns:
# 339-352
name=unknown_C
#
# <colnr> <probs for GDERKNQSTAVLIFYWHMCP>
#	G	D	E	R	K	N	Q	S	T	A	V	L	I	F	Y	W	H	M	C	P
0	0.02301	0.02438	0.03134	0.04407	0.50875	0.17292	0.02329	0.02729	0.02000	0.02555	0.01497	0.01926	0.01258	0.00767	0.00805	0.00239	0.01106	0.00692	0.00415	0.01233
1	0.01125	0.00858	0.01060	0.01178	0.01370	0.00792	0.00934	0.01386	0.01830	0.02308	0.05986	0.23083	0.28220	0.02293	0.01063	0.00333	0.00566	0.24128	0.00769	0.00719
2	0.01582	0.01278	0.01910	0.09681	0.02289	0.01456	0.05707	0.04034	0.01796	0.05293	0.13984	0.15102	0.03350	0.02076	0.09100	0.00421	0.14758	0.01206	0.04102	0.00875
3	0.02417	0.03065	0.22044	0.02000	0.02717	0.16206	0.01938	0.17033	0.09982	0.05952	0.02102	0.07069	0.01696	0.01039	0.00819	0.00257	0.01066	0.00808	0.00601	0.01191
4	0.01556	0.01433	0.02043	0.01830	0.01892	0.01920	0.01495	0.01785	0.01298	0.01970	0.01561	0.02417	0.01499	0.03434	0.29583	0.00766	0.41485	0.00795	0.00397	0.00840
5	0.01063	0.00762	0.01009	0.01122	0.01216	0.00708	0.00775	0.01284	0.01826	0.02495	0.23321	0.50453	0.06219	0.02323	0.01035	0.00314	0.00454	0.02096	0.00815	0.00708
6	0.01871	0.01870	0.03435	0.26071	0.31220	0.01961	0.16514	0.02433	0.01831	0.02503	0.01561	0.02153	0.01233	0.00761	0.00862	0.00265	0.01124	0.00796	0.00399	0.01138
7	0.22545	0.02871	0.06048	0.01948	0.06310	0.31912	0.01493	0.07326	0.02106	0.02884	0.01437	0.01663	0.01141	0.00840	0.00687	0.00232	0.01095	0.00564	0.05892	0.01005
8	0.01835	0.02026	0.07967	0.23743	0.18702	0.02015	0.15835	0.02536	0.06268	0.02507	0.01648	0.02179	0.01288	0.00852	0.01023	0.00277	0.06969	0.00797	0.00423	0.01109
9	0.00985	0.00828	0.00856	0.00878	0.01132	0.00698	0.00648	0.01188	0.01858	0.02230	0.07968	0.15257	0.58311	0.02162	0.00991	0.00287	0.00428	0.01824	0.00771	0.00698
10	0.01227	0.00821	0.01072	0.01147	0.01297	0.00756	0.00830	0.01467	0.01877	0.06044	0.20179	0.40386	0.10972	0.02220	0.01027	0.00312	0.00488	0.06303	0.00821	0.00753
11	0.07849	0.03243	0.02214	0.01939	0.02427	0.47109	0.01489	0.07219	0.02399	0.14030	0.01685	0.01763	0.01261	0.00891	0.00755	0.00227	0.01263	0.00598	0.00569	0.01070
12	0.13254	0.01252	0.01437	0.01286	0.01684	0.01249	0.01055	0.08118	0.02139	0.14112	0.12413	0.04439	0.03263	0.01330	0.00825	0.00266	0.00628	0.13696	0.11923	0.05631
13	0.07584	0.40026	0.03209	0.01518	0.02122	0.05448	0.01356	0.03168	0.22743	0.02598	0.01911	0.01936	0.01550	0.00862	0.00646	0.00220	0.00818	0.00615	0.00535	0.01134

[dist]
# distance from previous block
# <min> <max>
0	1

[block]
# block no. 3 follows, 22 sequences, length 22
# corresponding to MSA columns:
# 354-375
name=unknown_D
#
# <colnr> <probs for GDERKNQSTAVLIFYWHMCP>
#	G	D	E	R	K	N	Q	S	T	A	V	L	I	F	Y	W	H	M	C	P
0	0.01976	0.01051	0.01374	0.01301	0.01621	0.00967	0.01058	0.02272	0.02006	0.21600	0.09302	0.06501	0.13212	0.09485	0.01359	0.00367	0.00670	0.22127	0.00828	0.00923
1	0.02022	0.02726	0.14990	0.02862	0.07302	0.12575	0.26459	0.02576	0.01869	0.02438	0.01671	0.06048	0.01427	0.00958	0.01135	0.00279	0.10294	0.00877	0.00422	0.01072
2	0.02634	0.06384	0.02795	0.10877	0.03056	0.09250	0.12576	0.12609	0.02311	0.18012	0.02038	0.02226	0.01464	0.00918	0.00917	0.00255	0.04634	0.00767	0.05119	0.01158
3	0.01207	0.00810	0.00929	0.00929	0.00937	0.00818	0.00532	0.01223	0.01215	0.01628	0.02597	0.05320	0.02970	0.67348	0.07615	0.00834	0.00881	0.01191	0.00500	0.00516
4	0.01208	0.00805	0.00906	0.00906	0.00906	0.00805	0.00503	0.01208	0.01208	0.01611	0.02618	0.05436	0.03020	0.70804	0.04228	0.00805	0.00805	0.01208	0.00503	0.00503
5	0.02052	0.02862	0.22422	0.03068	0.07569	0.05434	0.34589	0.02767	0.01943	0.06620	0.01698	0.02086	0.01243	0.00757	0.00894	0.00268	0.01287	0.00827	0.00438	0.01174
6	0.02057	0.02337	0.01724	0.01623	0.01929	0.32489	0.01229	0.02298	0.01925	0.02038	0.02962	0.03330	0.13676	0.02892	0.23129	0.00602	0.01536	0.00887	0.00499	0.00839
7	0.01039	0.00743	0.00988	0.01139	0.01211	0.00692	0.00773	0.01223	0.01713	0.02316	0.14350	0.59934	0.05872	0.02457	0.01047	0.00325	0.00467	0.02223	0.00794	0.00692
8	0.01803	0.01556	0.01852	0.01370	0.02022	0.01339	0.01106	0.05045	0.01779	0.02751	0.01459	0.01747	0.01224	0.00727	0.00861	0.00156	0.08295	0.00531	0.00494	0.63881
9	0.01095	0.00805	0.01012	0.01096	0.01232	0.00746	0.00791	0.01322	0.01821	0.02415	0.18682	0.32692	0.16560	0.07693	0.01289	0.00352	0.00508	0.08405	0.00781	0.00700
10	0.01187	0.00890	0.01335	0.01335	0.01483	0.01038	0.01038	0.01483	0.01335	0.01928	0.02225	0.03264	0.02077	0.06231	0.67512	0.01335	0.02225	0.00890	0.00445	0.00742
11	0.00994	0.00842	0.00858	0.00854	0.01130	0.00706	0.00641	0.01216	0.01922	0.02312	0.11963	0.07883	0.61696	0.02079	0.00982	0.00279	0.00419	0.01738	0.00780	0.00706
12	0.06970	0.02966	0.02369	0.01964	0.02522	0.29455	0.01554	0.35007	0.03132	0.03829	0.01656	0.01755	0.01244	0.00927	0.00781	0.00235	0.01142	0.00644	0.00647	0.01199
13	0.01150	0.00838	0.01110	0.01271	0.01410	0.00798	0.00990	0.01410	0.01787	0.02332	0.07259	0.35489	0.12150	0.02384	0.01084	0.00347	0.00589	0.26108	0.00774	0.00719
14	0.02307	0.02254	0.13620	0.01740	0.02396	0.01947	0.01609	0.24054	0.17792	0.07688	0.03358	0.03241	0.11961	0.01172	0.00852	0.00265	0.00816	0.00938	0.00750	0.01241
15	0.01921	0.01836	0.03128	0.22721	0.49053	0.01938	0.02482	0.02431	0.01828	0.02550	0.01539	0.02100	0.01258	0.00765	0.00825	0.00255	0.01020	0.00740	0.00400	0.01207
16	0.15950	0.18440	0.20163	0.01634	0.02361	0.02055	0.01707	0.02571	0.01762	0.09865	0.06587	0.02058	0.01691	0.00898	0.00807	0.00240	0.05006	0.00640	0.00512	0.05052
17	0.10122	0.01791	0.11874	0.01435	0.01959	0.01458	0.01332	0.07157	0.12166	0.05542	0.04355	0.04583	0.22582	0.01680	0.04394	0.00334	0.00783	0.04767	0.00684	0.01001
18	0.01805	0.02355	0.17078	0.07987	0.13502	0.01809	0.13036	0.02383	0.01752	0.02568	0.01493	0.01926	0.01187	0.00788	0.00975	0.00238	0.07619	0.00690	0.00412	0.20397
19	0.07866	0.09630	0.02217	0.02045	0.13409	0.12195	0.01362	0.02262	0.01818	0.02473	0.02384	0.06038	0.08664	0.01269	0.04267	0.00270	0.00914	0.00796	0.00497	0.19625
20	0.16783	0.02352	0.10223	0.01571	0.02084	0.16163	0.01390	0.09259	0.02116	0.02942	0.06886	0.03365	0.16379	0.01212	0.00867	0.00258	0.03698	0.00902	0.00588	0.00964
21	0.17798	0.05985	0.08920	0.06942	0.05975	0.01544	0.01435	0.02154	0.05060	0.02799	0.07901	0.04482	0.12656	0.01351	0.00832	0.00282	0.00749	0.11601	0.00603	0.00930

[dist]
# distance from previous block
# <min> <max>
0	129

[block]
# block no. 4 follows, 22 sequences, length 87
# corresponding to MSA columns:
# 510-596
name=unknown_E
#
# <colnr> <probs for GDERKNQSTAVLIFYWHMCP>
#	G	D	E	R	K	N	Q	S	T	A	V	L	I	F	Y	W	H	M	C	P
0	0.06186	0.01178	0.01425	0.01327	0.01659	0.01171	0.01052	0.06857	0.07320	0.14073	0.17476	0.15420	0.08374	0.01695	0.00946	0.00294	0.00601	0.11137	0.00843	0.00966
1	0.06880	0.02057	0.02130	0.02146	0.11890	0.14873	0.01466	0.09669	0.04952	0.16213	0.06834	0.02506	0.02018	0.01431	0.06800	0.00337	0.01035	0.00769	0.00661	0.05331
2	0.02363	0.23363	0.07551	0.01990	0.02706	0.13204	0.11438	0.12136	0.02202	0.02756	0.01464	0.01697	0.01176	0.00770	0.00717	0.00209	0.01059	0.00612	0.00473	0.12115
3	0.01809	0.06712	0.12367	0.01561	0.02149	0.07502	0.01444	0.06118	0.04293	0.02717	0.09441	0.03222	0.11980	0.01128	0.00929	0.00229	0.05970	0.00870	0.00569	0.18993
4	0.01897	0.23933	0.20641	0.02417	0.10867	0.02298	0.09171	0.02425	0.01733	0.02370	0.01570	0.05672	0.01383	0.00886	0.00868	0.00240	0.05428	0.00722	0.00401	0.05075
5	0.01452	0.02336	0.28089	0.01677	0.02289	0.01345	0.01768	0.06459	0.01911	0.02658	0.07474	0.27012	0.08895	0.01629	0.00919	0.00290	0.00811	0.01408	0.00612	0.00968
6	0.02015	0.04430	0.02378	0.21824	0.15397	0.05112	0.01791	0.07918	0.08683	0.06897	0.02344	0.13258	0.02099	0.01157	0.00852	0.00270	0.00902	0.01009	0.00581	0.01085
7	0.02691	0.02975	0.02333	0.07196	0.05581	0.37562	0.01642	0.12887	0.05603	0.02679	0.01733	0.06089	0.01496	0.01029	0.00907	0.00246	0.05033	0.00742	0.00529	0.01048
8	0.01110	0.00782	0.01021	0.01176	0.01241	0.00752	0.00823	0.01270	0.01575	0.02089	0.04166	0.46558	0.04884	0.15766	0.01690	0.00436	0.00596	0.12688	0.00718	0.00658
9	0.01929	0.01844	0.03142	0.21763	0.49955	0.01940	0.02486	0.02438	0.01831	0.02559	0.01540	0.02098	0.01261	0.00764	0.00825	0.00255	0.01018	0.00740	0.00400	0.01213
10	0.02445	0.03112	0.09962	0.03287	0.22185	0.29876	0.11937	0.02903	0.02085	0.02407	0.01455	0.01816	0.01174	0.00788	0.00813	0.00240	0.01297	0.00678	0.00413	0.01125
11	0.02460	0.02661	0.02415	0.02671	0.17370	0.27054	0.01719	0.03553	0.25741	0.02743	0.02148	0.02240	0.01686	0.00932	0.00803	0.00248	0.01057	0.00737	0.00583	0.01181
12	0.01635	0.00866	0.00935	0.00898	0.01090	0.00882	0.00668	0.05728	0.01775	0.02967	0.02459	0.02933	0.01972	0.01281	0.01029	0.12456	0.00475	0.00764	0.58439	0.00748
13	0.01881	0.02830	0.27337	0.07624	0.38676	0.01950	0.02734	0.02557	0.01826	0.02649	0.01531	0.01950	0.01204	0.00764	0.00810	0.00255	0.01085	0.00692	0.00386	0.01260
14	0.01012	0.00723	0.00964	0.01157	0.01205	0.00675	0.00771	0.01157	0.01591	0.02121	0.04579	0.70262	0.05495	0.02603	0.01060	0.00337	0.00482	0.02362	0.00771	0.00675
15	0.00986	0.00825	0.00859	0.00886	0.01134	0.00698	0.00651	0.01187	0.01851	0.02227	0.07874	0.16789	0.56841	0.02174	0.00993	0.00289	0.00429	0.01839	0.00771	0.00698
16	0.01176	0.00792	0.00916	0.00948	0.00956	0.00784	0.00548	0.01200	0.01271	0.01695	0.02942	0.16175	0.03430	0.59507	0.03704	0.00728	0.00752	0.01399	0.00548	0.00532
17	0.01025	0.00728	0.00960	0.01141	0.01186	0.00683	0.00754	0.01160	0.01566	0.02088	0.04452	0.66080	0.05335	0.07003	0.01265	0.00368	0.00503	0.02287	0.00754	0.00664
18	0.03103	0.03959	0.02354	0.02140	0.02568	0.67469	0.01605	0.03317	0.02354	0.02033	0.01284	0.01498	0.01070	0.00856	0.00749	0.00214	0.01498	0.00535	0.00428	0.00963
19	0.01983	0.01926	0.03120	0.04210	0.46285	0.02148	0.02326	0.02382	0.01703	0.02496	0.01419	0.01983	0.01247	0.00958	0.01403	0.00282	0.21804	0.00736	0.00397	0.01192
20	0.01063	0.00823	0.00978	0.01057	0.01245	0.00738	0.00791	0.01297	0.01853	0.02358	0.12769	0.26978	0.32309	0.02240	0.01029	0.00310	0.00485	0.10181	0.00786	0.00711
21	0.03107	0.03854	0.02363	0.02125	0.02569	0.63282	0.01603	0.07158	0.02454	0.02240	0.01330	0.01530	0.01092	0.00865	0.00754	0.00216	0.01460	0.00549	0.00454	0.00992
22	0.01666	0.04297	0.66500	0.02368	0.03596	0.01929	0.03069	0.02631	0.01754	0.02631	0.01491	0.01754	0.01052	0.00789	0.00789	0.00263	0.01228	0.00614	0.00351	0.01228
23	0.00993	0.00796	0.00888	0.00961	0.01154	0.00691	0.00684	0.01179	0.01778	0.02197	0.06956	0.31682	0.42540	0.02294	0.01012	0.00302	0.00444	0.01985	0.00771	0.00691
