[name]
unknown

[dist]
# distance from previous block
# <min> <max>
0	0

[block]
# block no. 0 follows, 20 sequences, length 30
# corresponding to MSA columns:
# 0-29
name=unknown_A
#
# <colnr> <probs for GDERKNQSTAVLIFYWHMCP>
#	G	D	E	R	K	N	Q	S	T	A	V	L	I	F	Y	W	H	M	C	P
0	0.01406	0.01004	0.01406	0.01606	0.01807	0.01004	0.01406	0.01807	0.02008	0.02610	0.04618	0.09839	0.05020	0.02410	0.01205	0.00402	0.00803	0.58032	0.00803	0.00803
1	0.02912	0.03500	0.02809	0.03226	0.21986	0.45746	0.01998	0.03229	0.02319	0.02360	0.01440	0.01758	0.01205	0.00861	0.00811	0.00236	0.01404	0.00630	0.00444	0.01128
2	0.02159	0.02073	0.03541	0.05354	0.63903	0.02073	0.02677	0.02677	0.01986	0.02850	0.01641	0.02159	0.01382	0.00777	0.00864	0.00259	0.01036	0.00777	0.00432	0.01382
3	0.03178	0.01952	0.02542	0.02535	0.15839	0.01977	0.01709	0.25456	0.02997	0.25683	0.05308	0.02622	0.02012	0.01034	0.00879	0.00265	0.00874	0.00853	0.00854	0.01431
4	0.01268	0.00846	0.00951	0.00951	0.00951	0.00846	0.00529	0.01268	0.01268	0.01691	0.02748	0.05708	0.03171	0.69345	0.04440	0.00846	0.00846	0.01268	0.00529	0.00529
5	0.01202	0.00862	0.01120	0.01112	0.01272	0.00801	0.00801	0.01533	0.02226	0.03118	0.47424	0.19177	0.07391	0.06480	0.01273	0.00329	0.00460	0.01741	0.00901	0.00780
6	0.01103	0.00776	0.01000	0.01163	0.01204	0.00735	0.00755	0.01225	0.01592	0.02122	0.04405	0.56442	0.05261	0.15759	0.01764	0.00450	0.00572	0.02243	0.00755	0.00673
7	0.01661	0.01015	0.01133	0.01030	0.01407	0.00856	0.00798	0.01907	0.02099	0.15932	0.07658	0.07210	0.50139	0.01962	0.00997	0.00289	0.00507	0.01630	0.00869	0.00900
8	0.01721	0.00943	0.01210	0.01193	0.01365	0.00876	0.00818	0.01880	0.01766	0.14862	0.07787	0.31312	0.04377	0.23324	0.02108	0.00487	0.00655	0.01711	0.00786	0.00818
9	0.03173	0.02305	0.02465	0.01906	0.02562	0.02545	0.01569	0.56010	0.03909	0.05308	0.02158	0.02192	0.01547	0.01045	0.00850	0.00257	0.00913	0.00788	0.07070	0.01427
10	0.01408	0.00883	0.01151	0.01151	0.01327	0.00972	0.00886	0.01760	0.01584	0.02548	0.02553	0.03352	0.02204	0.04187	0.38069	0.00891	0.01514	0.00883	0.31884	0.00793
11	0.01194	0.00814	0.00973	0.01047	0.01066	0.00796	0.00631	0.01249	0.01415	0.01886	0.03497	0.28645	0.04116	0.45118	0.03230	0.00667	0.00722	0.01709	0.00631	0.00594
12	0.01430	0.00887	0.01136	0.01138	0.01300	0.00827	0.00802	0.01686	0.01990	0.07946	0.26484	0.26623	0.05816	0.12225	0.01538	0.00383	0.00536	0.01731	0.04726	0.00796
13	0.01059	0.00773	0.00998	0.01178	0.01256	0.00712	0.00793	0.01219	0.01705	0.02241	0.05255	0.62072	0.12184	0.02675	0.01104	0.00348	0.00499	0.02409	0.00810	0.00712
14	0.01337	0.00851	0.00979	0.00961	0.01061	0.00832	0.00626	0.01538	0.01716	0.02522	0.19210	0.05390	0.04337	0.36119	0.02679	0.00551	0.00632	0.01253	0.16735	0.00670
15	0.01286	0.00855	0.01132	0.01181	0.01332	0.00788	0.00840	0.01561	0.02062	0.06007	0.30392	0.38128	0.06659	0.02232	0.01064	0.00315	0.00477	0.02002	0.00890	0.00799
16	0.01899	0.01875	0.02591	0.02197	0.02269	0.02531	0.01827	0.02108	0.01380	0.02168	0.01183	0.01899	0.01159	0.01445	0.02656	0.00358	0.61507	0.00740	0.00394	0.07811
17	0.01322	0.00930	0.01128	0.01194	0.01282	0.00923	0.00787	0.06286	0.01741	0.02324	0.03890	0.42051	0.04538	0.24862	0.02205	0.00511	0.00658	0.01932	0.00721	0.00714
18	0.17167	0.02340	0.01935	0.01736	0.02051	0.21779	0.01370	0.02440	0.01863	0.02537	0.02903	0.03120	0.14729	0.01334	0.01341	0.00291	0.18736	0.00877	0.00529	0.00922
19	0.01608	0.01385	0.01435	0.01335	0.01730	0.01462	0.01026	0.02966	0.32553	0.03011	0.06159	0.05791	0.32708	0.01690	0.00958	0.00295	0.00568	0.01408	0.00849	0.01063
20	0.02296	0.01126	0.01506	0.01277	0.01669	0.01005	0.01005	0.02678	0.02480	0.27664	0.39677	0.05111	0.05826	0.01505	0.00969	0.00273	0.00543	0.01300	0.01008	0.01085
21	0.01867	0.01586	0.02160	0.26093	0.09361	0.01740	0.01725	0.14801	0.02359	0.03043	0.03975	0.04172	0.20920	0.01323	0.00921	0.00283	0.00879	0.01114	0.00631	0.01048
22	0.02505	0.01890	0.02050	0.01774	0.02312	0.02123	0.01400	0.10846	0.48713	0.11127	0.03376	0.03092	0.02472	0.01156	0.00885	0.00289	0.00726	0.00951	0.00909	0.01404
23	0.02030	0.02322	0.09787	0.03578	0.23233	0.02264	0.15075	0.02723	0.06915	0.02697	0.01690	0.02195	0.01386	0.01007	0.01430	0.00304	0.18864	0.00833	0.00453	0.01214
24	0.17785	0.01500	0.02008	0.24877	0.03305	0.01836	0.01651	0.05005	0.01667	0.02689	0.01668	0.02362	0.01400	0.02447	0.18306	0.00590	0.08750	0.00751	0.00465	0.00937
25	0.03459	0.02647	0.02421	0.01950	0.02576	0.19230	0.01565	0.30512	0.03238	0.20286	0.02253	0.02187	0.01567	0.01016	0.00851	0.00254	0.01066	0.00750	0.00814	0.01357
26	0.02062	0.02334	0.07400	0.04029	0.23030	0.02194	0.34604	0.02697	0.01964	0.02751	0.01663	0.02229	0.01316	0.00820	0.01122	0.00290	0.06928	0.00908	0.00430	0.01228
27	0.02578	0.52399	0.04013	0.01693	0.02361	0.20039	0.01544	0.02844	0.01958	0.02074	0.01249	0.01445	0.01121	0.00787	0.00620	0.00197	0.01103	0.00492	0.00393	0.01091
28	0.01720	0.04303	0.61153	0.02406	0.03633	0.01956	0.03084	0.02698	0.01878	0.02805	0.05135	0.02111	0.01516	0.00884	0.00840	0.00276	0.01239	0.00698	0.00402	0.01262
29	0.02330	0.05630	0.15829	0.01804	0.02438	0.02053	0.01689	0.28475	0.02716	0.03687	0.02261	0.07239	0.02038	0.16016	0.01643	0.00395	0.00975	0.00958	0.00659	0.01163

[dist]
# distance from previous block
# <min> <max>
1	27

[block]
# block no. 1 follows, 20 sequences, length 16
# corresponding to MSA columns:
# 57-72
name=unknown_B
#
# <colnr> <probs for GDERKNQSTAVLIFYWHMCP>
#	G	D	E	R	K	N	Q	S	T	A	V	L	I	F	Y	W	H	M	C	P
0	0.24202	0.02936	0.18920	0.05643	0.05831	0.14873	0.01919	0.03005	0.01948	0.10763	0.01658	0.01846	0.01211	0.00869	0.00745	0.00263	0.01076	0.00620	0.00530	0.01142
1	0.23770	0.10439	0.02426	0.02568	0.21812	0.05953	0.01566	0.02413	0.01841	0.02925	0.02820	0.03001	0.13111	0.01065	0.00756	0.00258	0.00836	0.00838	0.00530	0.01072
2	0.01827	0.01694	0.02883	0.03960	0.40428	0.01695	0.05630	0.02262	0.01856	0.02623	0.02343	0.15091	0.02320	0.01879	0.09149	0.00424	0.01125	0.01138	0.00509	0.01164
3	0.01684	0.07335	0.01714	0.01398	0.01719	0.01498	0.01071	0.09601	0.13716	0.03029	0.09762	0.29102	0.11138	0.01899	0.00973	0.00302	0.00620	0.01644	0.00808	0.00985
4	0.01761	0.01549	0.02221	0.02865	0.25806	0.01572	0.01639	0.02610	0.14388	0.03149	0.21150	0.04371	0.10634	0.01318	0.00936	0.00275	0.00714	0.01176	0.00723	0.01144
5	0.02231	0.02341	0.03050	0.23065	0.34312	0.14987	0.02400	0.02708	0.02013	0.02520	0.01555	0.02089	0.01264	0.00830	0.00850	0.00261	0.01183	0.00733	0.00422	0.01184
6	0.02186	0.18543	0.04024	0.10064	0.25545	0.05953	0.16296	0.02689	0.01955	0.02542	0.01542	0.02007	0.01268	0.00776	0.00827	0.00251	0.01158	0.00751	0.00416	0.01207
7	0.03171	0.02371	0.02536	0.01978	0.02650	0.02637	0.01623	0.53864	0.11469	0.05263	0.02278	0.02241	0.01633	0.01064	0.00874	0.00266	0.00926	0.00811	0.00874	0.01470
8	0.01268	0.00846	0.00951	0.00951	0.00951	0.00846	0.00529	0.01268	0.01268	0.01691	0.02748	0.05708	0.03171	0.69345	0.04440	0.00846	0.00846	0.01268	0.00529	0.00529
9	0.01063	0.00759	0.01012	0.01215	0.01265	0.00709	0.00810	0.01215	0.01670	0.02227	0.04808	0.68775	0.05769	0.02733	0.01113	0.00354	0.00506	0.02480	0.00810	0.00709
10	0.02031	0.02544	0.10434	0.03571	0.04489	0.02190	0.55640	0.02791	0.02040	0.02791	0.01747	0.02308	0.01304	0.00744	0.01012	0.00293	0.01455	0.00995	0.00435	0.01186
11	0.01650	0.01445	0.01997	0.02489	0.19926	0.04371	0.01441	0.01956	0.01805	0.02496	0.14533	0.04070	0.03310	0.18794	0.11792	0.00586	0.04772	0.01074	0.00566	0.00925
12	0.02848	0.06266	0.03302	0.02816	0.10799	0.21468	0.13788	0.21648	0.02814	0.03434	0.01702	0.01964	0.01312	0.00890	0.00862	0.00253	0.01256	0.00751	0.00577	0.01249
13	0.01949	0.01469	0.01765	0.01597	0.01905	0.01659	0.01251	0.02896	0.21458	0.10567	0.04223	0.14491	0.13990	0.01679	0.01350	0.00319	0.14244	0.01326	0.00782	0.01080
14	0.02095	0.01626	0.01805	0.01634	0.02023	0.01782	0.01249	0.20058	0.22388	0.03665	0.03589	0.27414	0.03475	0.01722	0.00968	0.00308	0.00701	0.01485	0.00854	0.01160
15	0.02575	0.01551	0.02364	0.15623	0.08483	0.01549	0.05760	0.06616	0.02359	0.25667	0.14875	0.03386	0.03015	0.01126	0.00916	0.00275	0.00853	0.00994	0.00796	0.01212

[dist]
# distance from previous block
# <min> <max>
0	18

[block]
# block no. 2 follows, 20 sequences, length 8
# corresponding to MSA columns:
# 91-98
name=unknown_C
#
# <colnr> <probs for GDERKNQSTAVLIFYWHMCP>
#	G	D	E	R	K	N	Q	S	T	A	V	L	I	F	Y	W	H	M	C	P
0	0.02338	0.02328	0.02722	0.02054	0.02779	0.13845	0.13361	0.10512	0.02295	0.03057	0.01629	0.01913	0.01292	0.00766	0.00781	0.00199	0.01032	0.00666	0.00537	0.35895
1	0.02228	0.02340	0.14152	0.01834	0.02693	0.01711	0.05572	0.14214	0.02327	0.06656	0.01778	0.01971	0.01343	0.00790	0.00764	0.00202	0.00891	0.00648	0.00585	0.37300
2	0.02446	0.01679	0.01977	0.01454	0.02198	0.01429	0.01179	0.11862	0.02301	0.14952	0.01995	0.02074	0.01487	0.00791	0.00726	0.00177	0.00714	0.00627	0.00680	0.49254
3	0.01809	0.01550	0.01809	0.01292	0.02067	0.01163	0.01034	0.02196	0.01809	0.02842	0.01550	0.01809	0.01292	0.00646	0.00646	0.00129	0.00646	0.00517	0.00517	0.74677
4	0.01626	0.00813	0.00813	0.00813	0.01016	0.00813	0.00610	0.02033	0.01829	0.03252	0.02846	0.03252	0.02236	0.01016	0.00610	0.00203	0.00407	0.00813	0.74187	0.00813
5	0.01401	0.00917	0.01159	0.01121	0.01354	0.00825	0.00831	0.01719	0.02223	0.08478	0.36153	0.18850	0.17690	0.01989	0.01032	0.00294	0.00465	0.01743	0.00913	0.00843
6	0.75506	0.01687	0.01282	0.01147	0.01687	0.01957	0.00945	0.02564	0.01484	0.03914	0.01215	0.01417	0.00945	0.00810	0.00540	0.00270	0.00675	0.00472	0.00540	0.00945
7	0.02191	0.52223	0.03824	0.01528	0.02142	0.07350	0.01430	0.02473	0.01751	0.02053	0.01435	0.01796	0.01321	0.01856	0.12961	0.00420	0.01244	0.00562	0.00396	0.01047

[dist]
# distance from previous block
# <min> <max>
0	1

[block]
# block no. 3 follows, 20 sequences, length 131
# corresponding to MSA columns:
# 100-230
name=unknown_D
#
# <colnr> <probs for GDERKNQSTAVLIFYWHMCP>
#	G	D	E	R	K	N	Q	S	T	A	V	L	I	F	Y	W	H	M	C	P
0	0.02454	0.46558	0.16194	0.01699	0.02543	0.02841	0.01806	0.02889	0.01895	0.11590	0.01618	0.01724	0.01273	0.00813	0.00661	0.00217	0.00975	0.00564	0.00478	0.01208
1	0.01626	0.00813	0.00813	0.00813	0.01016	0.00813	0.00610	0.02033	0.01829	0.03252	0.02846	0.03252	0.02236	0.01016	0.00610	0.00203	0.00407	0.00813	0.74187	0.00813
2	0.01248	0.00837	0.00957	0.00978	0.00983	0.00832	0.00557	0.01263	0.01309	0.01745	0.02955	0.12036	0.03432	0.62661	0.04106	0.00796	0.00812	0.01390	0.00557	0.00547
3	0.01626	0.00813	0.00813	0.00813	0.01016	0.00813	0.00610	0.02033	0.01829	0.03252	0.02846	0.03252	0.02236	0.01016	0.00610	0.00203	0.00407	0.00813	0.74187	0.00813
4	0.02016	0.02184	0.04542	0.03767	0.14148	0.02075	0.45738	0.02685	0.02042	0.02787	0.02003	0.02999	0.01668	0.00894	0.01018	0.00298	0.01338	0.06150	0.00472	0.01177
5	0.03273	0.03713	0.02510	0.02185	0.02699	0.49481	0.01678	0.18387	0.02894	0.03006	0.01542	0.01708	0.01217	0.00937	0.00809	0.00234	0.01414	0.00620	0.00559	0.01134
6	0.01253	0.00906	0.01255	0.01255	0.01360	0.01011	0.00907	0.01463	0.01358	0.01916	0.02471	0.04170	0.02503	0.26998	0.45873	0.01221	0.01851	0.01043	0.00487	0.00697
7	0.01246	0.00935	0.01402	0.01402	0.01558	0.01090	0.01090	0.01558	0.01402	0.02025	0.02336	0.03427	0.02181	0.06542	0.65888	0.01402	0.02336	0.00935	0.00467	0.00779
8	0.02332	0.69869	0.04571	0.01493	0.02239	0.03451	0.01493	0.02612	0.01772	0.02052	0.01213	0.01399	0.01119	0.00746	0.00560	0.00187	0.00933	0.00466	0.00373	0.01119
9	0.01063	0.00759	0.01012	0.01215	0.01265	0.00709	0.00810	0.01215	0.01670	0.02227	0.04808	0.68775	0.05769	0.02733	0.01113	0.00354	0.00506	0.02480	0.00810	0.00709
10	0.02170	0.01874	0.01972	0.01775	0.02268	0.02170	0.01381	0.04635	0.62327	0.03649	0.03550	0.03254	0.02663	0.01183	0.00888	0.00296	0.00690	0.00986	0.00888	0.01381
11	0.01063	0.00759	0.01012	0.01215	0.01265	0.00709	0.00810	0.01215	0.01670	0.02227	0.04808	0.68775	0.05769	0.02733	0.01113	0.00354	0.00506	0.02480	0.00810	0.00709
12	0.01031	0.00884	0.00884	0.00884	0.01178	0.00736	0.00663	0.01252	0.01988	0.02356	0.08837	0.08395	0.63549	0.02209	0.01031	0.00295	0.00442	0.01841	0.00810	0.00736
13	0.01054	0.00793	0.00978	0.01126	0.01242	0.00716	0.00770	0.01225	0.01756	0.02262	0.05891	0.52539	0.21306	0.02592	0.01091	0.00338	0.00489	0.02308	0.00810	0.00716
14	0.02332	0.69869	0.04571	0.01493	0.02239	0.03451	0.01493	0.02612	0.01772	0.02052	0.01213	0.01399	0.01119	0.00746	0.00560	0.00187	0.00933	0.00466	0.00373	0.01119
15	0.01750	0.04512	0.64825	0.02486	0.03775	0.02026	0.03223	0.02762	0.01842	0.02762	0.01565	0.01842	0.01105	0.00829	0.00829	0.00276	0.01289	0.00645	0.00368	0.01289
16	0.03316	0.02443	0.02618	0.02007	0.02705	0.02705	0.01658	0.60995	0.04101	0.05497	0.02094	0.02094	0.01483	0.01047	0.00873	0.00262	0.00960	0.00785	0.00873	0.01483
17	0.38118	0.01581	0.01670	0.01359	0.01969	0.01604	0.01121	0.03445	0.02013	0.35558	0.02377	0.02227	0.01579	0.00951	0.00716	0.00270	0.00710	0.00684	0.00822	0.01227
18	0.03316	0.02443	0.02618	0.02007	0.02705	0.02705	0.01658	0.60995	0.04101	0.05497	0.02094	0.02094	0.01483	0.01047	0.00873	0.00262	0.00960	0.00785	0.00873	0.01483
19	0.01031	0.00884	0.00884	0.00884	0.01178	0.00736	0.00663	0.01252	0.01988	0.02356	0.08837	0.08395	0.63549	0.02209	0.01031	0.00295	0.00442	0.01841	0.00810	0.00736
20	0.49819	0.01822	0.02182	0.05740	0.14499	0.02003	0.07280	0.02591	0.01654	0.03503	0.01371	0.01704	0.01080	0.00799	0.00670	0.00271	0.00851	0.00604	0.00501	0.01055
21	0.02200	0.01801	0.02273	0.02540	0.18063	0.01885	0.01604	0.21401	0.09639	0.03642	0.03806	0.09606	0.15004	0.01389	0.00927	0.00280	0.00799	0.01181	0.00741	0.01218
22	0.02205	0.08206	0.03523	0.07804	0.45330	0.02236	0.05344	0.05868	0.05683	0.02930	0.01742	0.02171	0.01426	0.00816	0.00847	0.00258	0.01031	0.00775	0.00475	0.01331
23	0.03050	0.03810	0.02503	0.02254	0.02634	0.56082	0.01720	0.03269	0.02296	0.02129	0.01317	0.01625	0.01127	0.00996	0.01107	0.00249	0.11798	0.00593	0.00439	0.01002
24	0.01515	0.00758	0.01136	0.01136	0.01136	0.00758	0.00758	0.01136	0.01136	0.01515	0.01515	0.02652	0.01515	0.03030	0.03409	0.74621	0.00758	0.00758	0.00379	0.00379
25	0.05424	0.02579	0.24783	0.02841	0.20462	0.01677	0.02234	0.02395	0.02053	0.03065	0.20020	0.03306	0.03302	0.01097	0.00884	0.00270	0.00923	0.00953	0.00572	0.01160
26	0.02677	0.03226	0.06271	0.03676	0.30655	0.33384	0.02219	0.03077	0.02217	0.02494	0.01493	0.01854	0.01240	0.00840	0.00824	0.00243	0.01313	0.00664	0.00437	0.01195
27	0.01655	0.01517	0.02221	0.02197	0.07564	0.01958	0.01637	0.01926	0.01422	0.02136	0.01687	0.02564	0.01598	0.03550	0.28958	0.00796	0.34436	0.00836	0.00422	0.00920
28	0.01235	0.00892	0.01166	0.01097	0.01303	0.00823	0.00823	0.01646	0.02469	0.03498	0.63443	0.06516	0.08230	0.01783	0.01029	0.00274	0.00412	0.01578	0.00960	0.00823
29	0.01102	0.00886	0.00982	0.00958	0.01222	0.00767	0.00719	0.01390	0.02156	0.02756	0.27933	0.07738	0.44204	0.02060	0.01030	0.00287	0.00431	0.01749	0.00863	0.00767
30	0.01809	0.01550	0.01809	0.01292	0.02067	0.01163	0.01034	0.02196	0.01809	0.02842	0.01550	0.01809	0.01292	0.00646	0.00646	0.00129	0.00646	0.00517	0.00517	0.74677
31	0.01268	0.00846	0.00951	0.00951	0.00951	0.00846	0.00529	0.01268	0.01268	0.01691	0.02748	0.05708	0.03171	0.69345	0.04440	0.00846	0.00846	0.01268	0.00529	0.00529
32	0.02170	0.01874	0.01972	0.01775	0.02268	0.02170	0.01381	0.04635	0.62327	0.03649	0.03550	0.03254	0.02663	0.01183	0.00888	0.00296	0.00690	0.00986	0.00888	0.01381
33	0.02121	0.36702	0.23297	0.01831	0.02684	0.02683	0.01998	0.07821	0.01996	0.02606	0.01728	0.07659	0.01566	0.00978	0.00724	0.00237	0.01011	0.00733	0.00456	0.01170
34	0.02096	0.02366	0.09507	0.04660	0.43079	0.02103	0.17772	0.02715	0.01992	0.02827	0.01666	0.02180	0.01342	0.00771	0.00903	0.00270	0.01172	0.00831	0.00428	0.01320
35	0.01031	0.00884	0.00884	0.00884	0.01178	0.00736	0.00663	0.01252	0.01988	0.02356	0.08837	0.08395	0.63549	0.02209	0.01031	0.00295	0.00442	0.01841	0.00810	0.00736
36	0.01084	0.00886	0.00957	0.00939	0.01211	0.00759	0.00704	0.01354	0.02113	0.02652	0.22988	0.07908	0.49214	0.02099	0.01030	0.00289	0.00434	0.01773	0.00849	0.00759
37	0.02280	0.02781	0.14420	0.04280	0.42361	0.09667	0.02601	0.06056	0.02136	0.02898	0.01618	0.02029	0.01307	0.00816	0.00849	0.00258	0.01141	0.00728	0.00447	0.01327
38	0.21379	0.46249	0.03529	0.01471	0.02137	0.08714	0.01368	0.02678	0.01761	0.02542	0.01225	0.01420	0.01075	0.00777	0.00575	0.00212	0.00924	0.00477	0.00423	0.01064
39	0.01063	0.00759	0.01012	0.01215	0.01265	0.00709	0.00810	0.01215	0.01670	0.02227	0.04808	0.68775	0.05769	0.02733	0.01113	0.00354	0.00506	0.02480	0.00810	0.00709
40	0.02122	0.01941	0.02713	0.03024	0.20656	0.02303	0.01963	0.08069	0.13714	0.02929	0.01921	0.02354	0.01605	0.01493	0.05473	0.00379	0.24770	0.00823	0.00545	0.01203
41	0.01042	0.00884	0.00899	0.00896	0.01185	0.00741	0.00672	0.01274	0.02015	0.02420	0.11872	0.08290	0.60474	0.02185	0.01031	0.00293	0.00440	0.01826	0.00818	0.00741
42	0.25617	0.02210	0.02205	0.01741	0.02391	0.02474	0.01438	0.42944	0.03293	0.05008	0.01822	0.01885	0.01317	0.00974	0.00770	0.00264	0.00872	0.00689	0.00770	0.01317
43	0.01957	0.03796	0.43627	0.03289	0.20846	0.05860	0.02975	0.02781	0.01921	0.02750	0.01574	0.01916	0.01185	0.00818	0.00836	0.00268	0.01234	0.00677	0.00391	0.01299
44	0.03082	0.07890	0.02616	0.02206	0.02633	0.56430	0.01694	0.03307	0.02328	0.02127	0.01322	0.01593	0.01125	0.00946	0.00960	0.00237	0.07482	0.00574	0.00439	0.01013
45	0.01935	0.25362	0.45603	0.02169	0.03285	0.02481	0.02671	0.02714	0.01820	0.02536	0.01453	0.01700	0.01110	0.00802	0.00743	0.00248	0.01175	0.00588	0.00370	0.01235
46	0.01182	0.00890	0.01093	0.01042	0.01271	0.00801	0.00782	0.01544	0.02345	0.03202	0.49292	0.07003	0.22566	0.01894	0.01029	0.00280	0.00419	0.01646	0.00921	0.00801
47	0.01908	0.01908	0.02672	0.02290	0.02290	0.02672	0.01908	0.02099	0.01336	0.02099	0.01145	0.01908	0.01145	0.01527	0.02863	0.00382	0.67748	0.00763	0.00382	0.00954
48	0.01660	0.00986	0.01302	0.01170	0.01450	0.00896	0.00896	0.02060	0.02473	0.13183	0.53918	0.05953	0.07267	0.01672	0.01005	0.00274	0.00464	0.01466	0.00979	0.00928
49	0.75506	0.01687	0.01282	0.01147	0.01687	0.01957	0.00945	0.02564	0.01484	0.03914	0.01215	0.01417	0.00945	0.00810	0.00540	0.00270	0.00675	0.00472	0.00540	0.00945
50	0.01031	0.00884	0.00884	0.00884	0.01178	0.00736	0.00663	0.01252	0.01988	0.02356	0.08837	0.08395	0.63549	0.02209	0.01031	0.00295	0.00442	0.01841	0.00810	0.00736
51	0.01078	0.00771	0.01026	0.01204	0.01269	0.00719	0.00811	0.01254	0.01742	0.02342	0.10118	0.63137	0.05992	0.02647	0.01106	0.00347	0.00498	0.02398	0.00823	0.00719
52	0.01063	0.00759	0.01012	0.01215	0.01265	0.00709	0.00810	0.01215	0.01670	0.02227	0.04808	0.68775	0.05769	0.02733	0.01113	0.00354	0.00506	0.02480	0.00810	0.00709
53	0.01268	0.00846	0.00951	0.00951	0.00951	0.00846	0.00529	0.01268	0.01268	0.01691	0.02748	0.05708	0.03171	0.69345	0.04440	0.00846	0.00846	0.01268	0.00529	0.00529
54	0.10062	0.02040	0.02290	0.01770	0.02446	0.02141	0.01462	0.35898	0.03304	0.25950	0.02485	0.02338	0.01671	0.01037	0.00844	0.00265	0.00858	0.00789	0.00915	0.01435
55	0.02174	0.01979	0.01766	0.01612	0.01971	0.14910	0.01218	0.19121	0.02594	0.03180	0.03900	0.26206	0.12241	0.01779	0.00962	0.00291	0.00852	0.01489	0.00753	0.01002
56	0.01992	0.01801	0.02902	0.07549	0.44040	0.01832	0.02184	0.05845	0.01994	0.02791	0.02119	0.09778	0.02033	0.07873	0.01250	0.00330	0.00962	0.01012	0.00507	0.01207
57	0.03041	0.03675	0.02326	0.02089	0.02545	0.53610	0.01581	0.08468	0.02571	0.02462	0.02165	0.02303	0.07403	0.01043	0.00819	0.00235	0.01404	0.00710	0.00524	0.01026
58	0.01647	0.01550	0.02616	0.67248	0.06008	0.01938	0.02422	0.02229	0.01744	0.02229	0.01550	0.02326	0.01163	0.00872	0.00872	0.00291	0.01163	0.00775	0.00388	0.00969
59	0.02332	0.69869	0.04571	0.01493	0.02239	0.03451	0.01493	0.02612	0.01772	0.02052	0.01213	0.01399	0.01119	0.00746	0.00560	0.00187	0.00933	0.00466	0.00373	0.01119
60	0.01246	0.00935	0.01402	0.01402	0.01558	0.01090	0.01090	0.01558	0.01402	0.02025	0.02336	0.03427	0.02181	0.06542	0.65888	0.01402	0.02336	0.00935	0.00467	0.00779
61	0.01152	0.00888	0.01051	0.01011	0.01252	0.00788	0.00758	0.01486	0.02274	0.03035	0.41281	0.07278	0.30681	0.01956	0.01030	0.00283	0.00424	0.01684	0.00899	0.00788
62	0.02169	0.01892	0.02114	0.02099	0.07850	0.02161	0.01498	0.04458	0.56863	0.03577	0.03377	0.03155	0.02547	0.01147	0.00885	0.00293	0.00722	0.00967	0.00846	0.01381
63	0.01263	0.00867	0.01057	0.01057	0.01094	0.00903	0.00660	0.01336	0.01300	0.01770	0.02652	0.05173	0.02939	0.54605	0.18862	0.00976	0.01196	0.01190	0.00514	0.00587
64	0.19643	0.44183	0.03490	0.01523	0.02177	0.12296	0.01392	0.02729	0.01808	0.02501	0.01233	0.01429	0.01079	0.00784	0.00588	0.00212	0.00967	0.00482	0.00423	0.01062
65	0.02333	0.23550	0.27835	0.02276	0.06067	0.18986	0.02287	0.02901	0.01992	0.02395	0.01409	0.01658	0.01128	0.00820	0.00740	0.00236	0.01245	0.00577	0.00394	0.01172
66	0.02428	0.38166	0.18201	0.01900	0.02713	0.15226	0.01945	0.05907	0.02048	0.02417	0.01369	0.01574	0.01136	0.00811	0.00684	0.00219	0.01143	0.00544	0.00413	0.01157
67	0.01498	0.01953	0.18270	0.01510	0.02055	0.01236	0.01485	0.02124	0.07326	0.06083	0.05154	0.20034	0.24237	0.01804	0.00974	0.00302	0.00724	0.01538	0.00713	0.00979
68	0.02142	0.01838	0.02700	0.44100	0.10363	0.02156	0.02240	0.18071	0.02400	0.03164	0.01705	0.02248	0.01269	0.00911	0.00871	0.00280	0.01097	0.00778	0.00522	0.01145
69	0.01246	0.00935	0.01402	0.01402	0.01558	0.01090	0.01090	0.01558	0.01402	0.02025	0.02336	0.03427	0.02181	0.06542	0.65888	0.01402	0.02336	0.00935	0.00467	0.00779
70	0.02122	0.06174	0.03937	0.07551	0.43644	0.02180	0.16221	0.02680	0.01979	0.02761	0.01640	0.02167	0.01342	0.00770	0.00885	0.00264	0.01138	0.00818	0.00428	0.01299
71	0.02159	0.02073	0.03541	0.05354	0.63903	0.02073	0.02677	0.02677	0.01986	0.02850	0.01641	0.02159	0.01382	0.00777	0.00864	0.00259	0.01036	0.00777	0.00432	0.01382
72	0.02237	0.46330	0.09354	0.01656	0.02386	0.02990	0.01620	0.03150	0.17471	0.02530	0.01850	0.01920	0.01518	0.00867	0.00669	0.00223	0.00902	0.00617	0.00506	0.01202
73	0.02024	0.13591	0.42547	0.02645	0.09675	0.02206	0.06018	0.02822	0.01898	0.06365	0.01645	0.01905	0.01211	0.00821	0.00807	0.00262	0.01188	0.00667	0.00422	0.01279
74	0.01058	0.00777	0.00993	0.01166	0.01252	0.00713	0.00788	0.01220	0.01717	0.02246	0.05399	0.59918	0.14245	0.02656	0.01101	0.00345	0.00497	0.02386	0.00810	0.00713
75	0.01063	0.00759	0.01012	0.01215	0.01265	0.00709	0.00810	0.01215	0.01670	0.02227	0.04808	0.68775	0.05769	0.02733	0.01113	0.00354	0.00506	0.02480	0.00810	0.00709
76	0.02221	0.02191	0.03480	0.05178	0.60426	0.05696	0.02621	0.02723	0.02014	0.02809	0.01624	0.02126	0.01367	0.00784	0.00859	0.00257	0.01067	0.00765	0.00433	0.01361
77	0.02159	0.02073	0.03541	0.05354	0.63903	0.02073	0.02677	0.02677	0.01986	0.02850	0.01641	0.02159	0.01382	0.00777	0.00864	0.00259	0.01036	0.00777	0.00432	0.01382
78	0.01235	0.00892	0.01166	0.01097	0.01303	0.00823	0.00823	0.01646	0.02469	0.03498	0.63443	0.06516	0.08230	0.01783	0.01029	0.00274	0.00412	0.01578	0.00960	0.00823
79	0.02435	0.37501	0.18169	0.01921	0.02718	0.19285	0.01949	0.02873	0.01970	0.02240	0.01331	0.01548	0.01117	0.00805	0.00682	0.00218	0.01182	0.00533	0.00392	0.01131
80	0.02151	0.19923	0.10303	0.03880	0.35438	0.02439	0.08570	0.02681	0.01924	0.02628	0.01535	0.01950	0.01279	0.00770	0.00799	0.00246	0.01082	0.00710	0.00411	0.01282
81	0.01063	0.00759	0.01012	0.01215	0.01265	0.00709	0.00810	0.01215	0.01670	0.02227	0.04808	0.68775	0.05769	0.02733	0.01113	0.00354	0.00506	0.02480	0.00810	0.00709
82	0.02444	0.02613	0.03264	0.04549	0.48042	0.18598	0.02420	0.02886	0.02112	0.02664	0.01565	0.02007	0.01315	0.00809	0.00844	0.00250	0.01175	0.00721	0.00436	0.01286
83	0.02408	0.19852	0.03539	0.03568	0.33378	0.08224	0.02115	0.08125	0.05594	0.02864	0.01653	0.01966	0.01373	0.00828	0.00780	0.00240	0.01031	0.00690	0.00484	0.01290
84	0.02499	0.36065	0.03892	0.02610	0.15376	0.17891	0.05333	0.02843	0.02000	0.02283	0.01367	0.01656	0.01187	0.00788	0.00705	0.00217	0.01139	0.00588	0.00408	0.01152
85	0.01246	0.00935	0.01402	0.01402	0.01558	0.01090	0.01090	0.01558	0.01402	0.02025	0.02336	0.03427	0.02181	0.06542	0.65888	0.01402	0.02336	0.00935	0.00467	0.00779
86	0.24652	0.01435	0.01804	0.18418	0.02884	0.01614	0.01429	0.02578	0.01734	0.15124	0.02009	0.02434	0.01534	0.02225	0.16030	0.00541	0.01205	0.00740	0.00591	0.01020
87	0.03131	0.01960	0.01954	0.01595	0.02131	0.11042	0.01278	0.17799	0.02737	0.26190	0.02656	0.02611	0.01856	0.01030	0.00800	0.00246	0.00840	0.00793	0.18093	0.01257
88	0.68780	0.01615	0.01272	0.01143	0.01652	0.01854	0.00934	0.02481	0.01574	0.03876	0.06850	0.01879	0.01604	0.00898	0.00584	0.00270	0.00651	0.00572	0.00578	0.00934
89	0.60107	0.01801	0.01538	0.01308	0.01881	0.02046	0.01078	0.12227	0.01964	0.07190	0.01470	0.01605	0.01093	0.00862	0.00611	0.00269	0.00725	0.00544	0.00621	0.01060
90	0.52754	0.19346	0.02174	0.01258	0.01859	0.02308	0.01105	0.02666	0.01613	0.06638	0.01332	0.01495	0.01054	0.00808	0.00563	0.00248	0.00745	0.00492	0.00525	0.01019
91	0.02170	0.01874	0.01972	0.01775	0.02268	0.02170	0.01381	0.04635	0.62327	0.03649	0.03550	0.03254	0.02663	0.01183	0.00888	0.00296	0.00690	0.00986	0.00888	0.01381
92	0.01840	0.01675	0.02793	0.03972	0.42101	0.01729	0.02122	0.02286	0.01782	0.02561	0.01884	0.02602	0.01661	0.02793	0.23603	0.00659	0.01491	0.00832	0.00444	0.01171
93	0.01031	0.00884	0.00884	0.00884	0.01178	0.00736	0.00663	0.01252	0.01988	0.02356	0.08837	0.08395	0.63549	0.02209	0.01031	0.00295	0.00442	0.01841	0.00810	0.00736
94	0.01108	0.00803	0.01030	0.01145	0.01248	0.00743	0.00783	0.01313	0.01846	0.02479	0.17538	0.46521	0.11380	0.06216	0.01274	0.00359	0.00499	0.02162	0.00826	0.00725
95	0.19425	0.03196	0.31359	0.02331	0.08507	0.02156	0.02312	0.14880	0.02243	0.03612	0.01600	0.01823	0.01172	0.00865	0.00773	0.00270	0.01053	0.00646	0.00520	0.01257
96	0.03914	0.01484	0.02024	0.01552	0.02227	0.01282	0.01282	0.04251	0.02497	0.64507	0.03441	0.02969	0.02159	0.01080	0.00877	0.00270	0.00742	0.00877	0.01080	0.01484
97	0.01063	0.00759	0.01012	0.01215	0.01265	0.00709	0.00810	0.01215	0.01670	0.02227	0.04808	0.68775	0.05769	0.02733	0.01113	0.00354	0.00506	0.02480	0.00810	0.00709
98	0.02139	0.09077	0.09193	0.04708	0.52288	0.02206	0.02608	0.02678	0.01952	0.02762	0.01591	0.02054	0.01330	0.00779	0.00830	0.00253	0.01049	0.00734	0.00420	0.01347
99	0.01246	0.00935	0.01402	0.01402	0.01558	0.01090	0.01090	0.01558	0.01402	0.02025	0.02336	0.03427	0.02181	0.06542	0.65888	0.01402	0.02336	0.00935	0.00467	0.00779
100	0.03441	0.02243	0.02494	0.01912	0.02605	0.02408	0.01579	0.49134	0.03766	0.17832	0.02376	0.02277	0.01625	0.01054	0.00874	0.00263	0.00914	0.00805	0.00916	0.01484
101	0.01132	0.00809	0.01092	0.01294	0.01375	0.00768	0.00931	0.01335	0.01739	0.02305	0.04769	0.56813	0.05617	0.02667	0.01132	0.00364	0.00566	0.13755	0.00808	0.00728
102	0.02035	0.10774	0.33378	0.03276	0.21277	0.05753	0.06056	0.02763	0.01924	0.02678	0.01548	0.01901	0.01201	0.00803	0.00819	0.00260	0.01202	0.00681	0.00396	0.01276
103	0.02636	0.02977	0.03077	0.04007	0.37364	0.29724	0.02247	0.03027	0.02197	0.02540	0.01514	0.01905	0.01270	0.00830	0.00830	0.00244	0.01269	0.00684	0.00439	0.01221
104	0.01246	0.00935	0.01402	0.01402	0.01558	0.01090	0.01090	0.01558	0.01402	0.02025	0.02336	0.03427	0.02181	0.06542	0.65888	0.01402	0.02336	0.00935	0.00467	0.00779
105	0.02532	0.02054	0.02176	0.01848	0.02406	0.02339	0.01468	0.22443	0.43930	0.04233	0.03090	0.02888	0.02290	0.01140	0.00883	0.00285	0.00775	0.00923	0.00883	0.01413
106	0.01888	0.01785	0.02569	0.03208	0.25656	0.05244	0.01980	0.02255	0.01805	0.02496	0.02326	0.07170	0.02339	0.01753	0.05328	0.00390	0.17476	0.12747	0.00519	0.01066
107	0.02384	0.02600	0.02610	0.02262	0.02433	0.21253	0.01829	0.05780	0.01824	0.02299	0.01258	0.01820	0.01158	0.01315	0.02141	0.00329	0.44572	0.00705	0.00429	0.01000
108	0.02090	0.02019	0.03470	0.05016	0.57365	0.02003	0.05472	0.02602	0.01990	0.02819	0.02056	0.02523	0.04911	0.00856	0.00881	0.00263	0.01024	0.00850	0.00454	0.01335
109	0.02900	0.03478	0.02820	0.03259	0.22633	0.45072	0.02008	0.03221	0.02314	0.02368	0.01444	0.01764	0.01208	0.00859	0.00812	0.00236	0.01398	0.00632	0.00444	0.01132
110	0.29155	0.01504	0.01553	0.01298	0.01833	0.01531	0.01055	0.08090	0.02175	0.22647	0.05984	0.03524	0.13831	0.01227	0.00790	0.00274	0.00666	0.00938	0.00808	0.01117
111	0.01647	0.01550	0.02616	0.67248	0.06008	0.01938	0.02422	0.02229	0.01744	0.02229	0.01550	0.02326	0.01163	0.00872	0.00872	0.00291	0.01163	0.00775	0.00388	0.00969
112	0.02054	0.19273	0.02651	0.01718	0.05788	0.02020	0.01356	0.10808	0.02051	0.02836	0.01733	0.02145	0.01489	0.02122	0.15982	0.00470	0.01186	0.00657	0.00515	0.23145
113	0.06509	0.37582	0.03482	0.01805	0.02411	0.30694	0.01549	0.02991	0.02064	0.02184	0.01272	0.01476	0.01112	0.00816	0.00658	0.00208	0.01200	0.00508	0.00415	0.01063
114	0.03914	0.01484	0.02024	0.01552	0.02227	0.01282	0.01282	0.04251	0.02497	0.64507	0.03441	0.02969	0.02159	0.01080	0.00877	0.00270	0.00742	0.00877	0.01080	0.01484
115	0.01809	0.01550	0.01809	0.01292	0.02067	0.01163	0.01034	0.02196	0.01809	0.02842	0.01550	0.01809	0.01292	0.00646	0.00646	0.00129	0.00646	0.00517	0.00517	0.74677
116	0.02159	0.02073	0.03541	0.05354	0.63903	0.02073	0.02677	0.02677	0.01986	0.02850	0.01641	0.02159	0.01382	0.00777	0.00864	0.00259	0.01036	0.00777	0.00432	0.01382
117	0.01235	0.00892	0.01166	0.01097	0.01303	0.00823	0.00823	0.01646	0.02469	0.03498	0.63443	0.06516	0.08230	0.01783	0.01029	0.00274	0.00412	0.01578	0.00960	0.00823
118	0.02170	0.01874	0.01972	0.01775	0.02268	0.02170	0.01381	0.04635	0.62327	0.03649	0.03550	0.03254	0.02663	0.01183	0.00888	0.00296	0.00690	0.00986	0.00888	0.01381
119	0.01031	0.00884	0.00884	0.00884	0.01178	0.00736	0.00663	0.01252	0.01988	0.02356	0.08837	0.08395	0.63549	0.02209	0.01031	0.00295	0.00442	0.01841	0.00810	0.00736
120	0.01063	0.00759	0.01012	0.01215	0.01265	0.00709	0.00810	0.01215	0.01670	0.02227	0.04808	0.68775	0.05769	0.02733	0.01113	0.00354	0.00506	0.02480	0.00810	0.00709
121	0.01268	0.00846	0.00951	0.00951	0.00951	0.00846	0.00529	0.01268	0.01268	0.01691	0.02748	0.05708	0.03171	0.69345	0.04440	0.00846	0.00846	0.01268	0.00529	0.00529
122	0.02170	0.01874	0.01972	0.01775	0.02268	0.02170	0.01381	0.04635	0.62327	0.03649	0.03550	0.03254	0.02663	0.01183	0.00888	0.00296	0.00690	0.00986	0.00888	0.01381
123	0.02332	0.69869	0.04571	0.01493	0.02239	0.03451	0.01493	0.02612	0.01772	0.02052	0.01213	0.01399	0.01119	0.00746	0.00560	0.00187	0.00933	0.00466	0.00373	0.01119
124	0.75506	0.01687	0.01282	0.01147	0.01687	0.01957	0.00945	0.02564	0.01484	0.03914	0.01215	0.01417	0.00945	0.00810	0.00540	0.00270	0.00675	0.00472	0.00540	0.00945
125	0.03207	0.07840	0.02590	0.02205	0.02671	0.62346	0.01675	0.03434	0.02433	0.02130	0.01341	0.01563	0.01123	0.00890	0.00774	0.00223	0.01537	0.00556	0.00445	0.01017
126	0.02195	0.54530	0.18713	0.01726	0.02599	0.03117	0.01899	0.02647	0.01789	0.02219	0.01295	0.01503	0.01116	0.00766	0.00623	0.00208	0.01016	0.00508	0.00372	0.01159
127	0.02424	0.02531	0.02248	0.15385	0.03146	0.22788	0.01673	0.06959	0.23686	0.02906	0.02616	0.02720	0.05016	0.01073	0.00858	0.00270	0.01078	0.00838	0.00637	0.01148
128	0.02565	0.02062	0.02442	0.05684	0.02619	0.02434	0.01666	0.31953	0.08336	0.04084	0.07504	0.02564	0.02094	0.01240	0.01404	0.00299	0.18206	0.00869	0.00727	0.01248
129	0.03469	0.01563	0.02003	0.01538	0.02204	0.01395	0.01263	0.10093	0.02573	0.48190	0.03401	0.03057	0.05436	0.01095	0.00861	0.00256	0.00739	0.00884	0.00984	0.08997
130	0.10376	0.02387	0.02564	0.08289	0.11891	0.09380	0.01791	0.31604	0.06391	0.04177	0.01887	0.02062	0.01411	0.00958	0.00828	0.00263	0.01012	0.00738	0.00684	0.01309

[dist]
# distance from previous block
# <min> <max>
0	1

[block]
# block no. 4 follows, 20 sequences, length 38
# corresponding to MSA columns:
# 232-269
name=unknown_E
#
# <colnr> <probs for GDERKNQSTAVLIFYWHMCP>
#	G	D	E	R	K	N	Q	S	T	A	V	L	I	F	Y	W	H	M	C	P
0	0.02829	0.12300	0.03021	0.02837	0.19221	0.16029	0.01864	0.15299	0.06487	0.09032	0.01906	0.02058	0.01467	0.00910	0.00808	0.00245	0.01070	0.00711	0.00610	0.01295
1	0.02614	0.02270	0.02688	0.02956	0.20934	0.06471	0.01881	0.22501	0.21174	0.03918	0.02355	0.02435	0.01790	0.00998	0.00869	0.00269	0.00940	0.00830	0.00717	0.01391
2	0.01962	0.02547	0.15299	0.07247	0.19063	0.02047	0.28680	0.02664	0.01980	0.02759	0.01872	0.02698	0.01530	0.00880	0.00954	0.00289	0.01269	0.04602	0.00446	0.01212
3	0.01119	0.00783	0.00996	0.01143	0.01180	0.00746	0.00733	0.01229	0.01561	0.02081	0.04247	0.51608	0.05062	0.20865	0.02019	0.00488	0.00599	0.02150	0.00733	0.00660
4	0.01401	0.01201	0.01651	0.01610	0.01648	0.01470	0.01220	0.01572	0.01501	0.02131	0.03132	0.34951	0.03613	0.06533	0.07477	0.00483	0.25360	0.01647	0.00607	0.00794
5	0.02159	0.27320	0.22818	0.02896	0.19527	0.06304	0.02362	0.02727	0.01893	0.02494	0.01446	0.01753	0.01187	0.00789	0.00739	0.00236	0.01109	0.00612	0.00392	0.01237
6	0.01471	0.01078	0.01454	0.01621	0.01847	0.01103	0.01403	0.02048	0.07154	0.02699	0.04527	0.09278	0.04819	0.02305	0.01178	0.00393	0.00794	0.53165	0.00810	0.00852
7	0.55358	0.01579	0.01441	0.01305	0.01724	0.01878	0.01066	0.02344	0.01455	0.03407	0.01402	0.01813	0.01178	0.01872	0.12071	0.00477	0.07621	0.00581	0.00512	0.00917
8	0.01676	0.01218	0.01449	0.01430	0.01657	0.01252	0.01041	0.17487	0.02332	0.03117	0.04069	0.50625	0.04603	0.02274	0.01048	0.00329	0.00630	0.02019	0.00827	0.00919
9	0.02219	0.02693	0.19323	0.02341	0.08584	0.02198	0.02045	0.12063	0.31751	0.03598	0.02619	0.02599	0.01947	0.01029	0.00867	0.00282	0.00925	0.00844	0.00701	0.01371
10	0.01246	0.00935	0.01402	0.01402	0.01558	0.01090	0.01090	0.01558	0.01402	0.02025	0.02336	0.03427	0.02181	0.06542	0.65888	0.01402	0.02336	0.00935	0.00467	0.00779
11	0.08700	0.01663	0.02805	0.53072	0.05418	0.01973	0.09538	0.02331	0.01759	0.02459	0.01545	0.02243	0.01162	0.00849	0.00860	0.00289	0.01155	0.00778	0.00409	0.00993
12	0.01975	0.12233	0.11032	0.23585	0.29388	0.02229	0.02491	0.02539	0.01862	0.02529	0.01540	0.02059	0.01241	0.00808	0.00817	0.00260	0.01092	0.00714	0.00402	0.01204
13	0.02075	0.03814	0.38820	0.03067	0.13980	0.11483	0.08985	0.02858	0.01982	0.02688	0.01567	0.01910	0.01178	0.00820	0.00850	0.00268	0.01307	0.00696	0.00399	0.01252
14	0.02443	0.02823	0.02563	0.22378	0.03626	0.31261	0.01966	0.02771	0.01980	0.02156	0.01363	0.01885	0.01141	0.01038	0.01299	0.00282	0.16951	0.00675	0.00414	0.00985
15	0.01221	0.00891	0.01147	0.01083	0.01295	0.00817	0.00812	0.01619	0.02436	0.03420	0.59717	0.06644	0.12005	0.01812	0.01029	0.00276	0.00414	0.01595	0.00950	0.00817
16	0.02159	0.02073	0.03541	0.05354	0.63903	0.02073	0.02677	0.02677	0.01986	0.02850	0.01641	0.02159	0.01382	0.00777	0.00864	0.00259	0.01036	0.00777	0.00432	0.01382
17	0.01063	0.00759	0.01012	0.01215	0.01265	0.00709	0.00810	0.01215	0.01670	0.02227	0.04808	0.68775	0.05769	0.02733	0.01113	0.00354	0.00506	0.02480	0.00810	0.00709
18	0.01063	0.00759	0.01012	0.01215	0.01265	0.00709	0.00810	0.01215	0.01670	0.02227	0.04808	0.68775	0.05769	0.02733	0.01113	0.00354	0.00506	0.02480	0.00810	0.00709
19	0.01235	0.00892	0.01166	0.01097	0.01303	0.00823	0.00823	0.01646	0.02469	0.03498	0.63443	0.06516	0.08230	0.01783	0.01029	0.00274	0.00412	0.01578	0.00960	0.00823
20	0.01060	0.00770	0.01001	0.01186	0.01258	0.00711	0.00797	0.01218	0.01697	0.02238	0.05151	0.63624	0.10699	0.02688	0.01106	0.00349	0.00501	0.02425	0.00810	0.00711
21	0.75506	0.01687	0.01282	0.01147	0.01687	0.01957	0.00945	0.02564	0.01484	0.03914	0.01215	0.01417	0.00945	0.00810	0.00540	0.00270	0.00675	0.00472	0.00540	0.00945
22	0.01235	0.00892	0.01166	0.01097	0.01303	0.00823	0.00823	0.01646	0.02469	0.03498	0.63443	0.06516	0.08230	0.01783	0.01029	0.00274	0.00412	0.01578	0.00960	0.00823
23	0.03729	0.01781	0.02208	0.01693	0.02375	0.01722	0.01398	0.21802	0.02993	0.46255	0.03025	0.02698	0.01950	0.01070	0.00876	0.00267	0.00810	0.00849	0.01016	0.01484
24	0.03589	0.01786	0.06285	0.01963	0.07617	0.01478	0.01549	0.07229	0.02501	0.51881	0.03089	0.02777	0.01986	0.01036	0.00873	0.00269	0.00815	0.00848	0.00966	0.01463
25	0.03914	0.01484	0.02024	0.01552	0.02227	0.01282	0.01282	0.04251	0.02497	0.64507	0.03441	0.02969	0.02159	0.01080	0.00877	0.00270	0.00742	0.00877	0.01080	0.01484
26	0.01876	0.03261	0.35930	0.07291	0.19203	0.01961	0.02722	0.05870	0.02013	0.02870	0.02234	0.02529	0.06529	0.00948	0.00860	0.00273	0.01125	0.00797	0.00452	0.01256
27	0.02013	0.30779	0.30313	0.02049	0.02911	0.02711	0.02307	0.02595	0.01733	0.02367	0.01354	0.01672	0.01117	0.00906	0.01043	0.00256	0.11744	0.00591	0.00372	0.01166
28	0.02496	0.02458	0.02546	0.02906	0.21372	0.18837	0.01798	0.15264	0.02646	0.03304	0.11482	0.03006	0.05894	0.01102	0.00880	0.00255	0.01033	0.00904	0.00634	0.01184
29	0.02629	0.02964	0.03083	0.04025	0.37723	0.29350	0.02253	0.03022	0.02194	0.02544	0.01516	0.01908	0.01271	0.00829	0.00831	0.00244	0.01266	0.00685	0.00439	0.01223
30	0.01063	0.00759	0.01012	0.01215	0.01265	0.00709	0.00810	0.01215	0.01670	0.02227	0.04808	0.68775	0.05769	0.02733	0.01113	0.00354	0.00506	0.02480	0.00810	0.00709
31	0.02048	0.01959	0.03339	0.18821	0.51307	0.02043	0.02622	0.02579	0.01934	0.02715	0.01621	0.02195	0.01334	0.00798	0.00865	0.00266	0.01064	0.00777	0.00422	0.01292
32	0.01424	0.01073	0.04673	0.01286	0.01507	0.00868	0.00992	0.01712	0.01977	0.08653	0.20457	0.41742	0.05831	0.02209	0.01052	0.00320	0.00546	0.01977	0.00853	0.00847
33	0.01031	0.00884	0.00884	0.00884	0.01178	0.00736	0.00663	0.01252	0.01988	0.02356	0.08837	0.08395	0.63549	0.02209	0.01031	0.00295	0.00442	0.01841	0.00810	0.00736
34	0.03914	0.01484	0.02024	0.01552	0.02227	0.01282	0.01282	0.04251	0.02497	0.64507	0.03441	0.02969	0.02159	0.01080	0.00877	0.00270	0.00742	0.00877	0.01080	0.01484
35	0.75506	0.01687	0.01282	0.01147	0.01687	0.01957	0.00945	0.02564	0.01484	0.03914	0.01215	0.01417	0.00945	0.00810	0.00540	0.00270	0.00675	0.00472	0.00540	0.00945
36	0.01626	0.00813	0.00813	0.00813	0.01016	0.00813	0.00610	0.02033	0.01829	0.03252	0.02846	0.03252	0.02236	0.01016	0.00610	0.00203	0.00407	0.00813	0.74187	0.00813
37	0.14441	0.07580	0.38065	0.02107	0.03095	0.08149	0.02408	0.06157	0.01999	0.06132	0.01590	0.01791	0.01156	0.00852	0.00766	0.00264	0.01146	0.00617	0.00469	0.01216

[dist]
# distance from previous block
# <min> <max>
0	1

[block]
# block no. 5 follows, 20 sequences, length 34
# corresponding to MSA columns:
# 271-304
name=unknown_F
#
# <colnr> <probs for GDERKNQSTAVLIFYWHMCP>
#	G	D	E	R	K	N	Q	S	T	A	V	L	I	F	Y	W	H	M	C	P
0	0.01875	0.02956	0.27306	0.03350	0.27013	0.05126	0.02522	0.02526	0.01954	0.02700	0.02738	0.02993	0.11125	0.01031	0.00872	0.00270	0.01070	0.00882	0.00468	0.01224
1	0.02889	0.10368	0.02846	0.02585	0.10693	0.44970	0.01818	0.03154	0.02227	0.02217	0.01354	0.01665	0.01159	0.00928	0.00974	0.00240	0.07815	0.00600	0.00433	0.01066
2	0.06471	0.12539	0.02434	0.01613	0.02239	0.02022	0.01354	0.12796	0.13571	0.28172	0.05842	0.02742	0.02232	0.01064	0.00820	0.00260	0.00777	0.00834	0.00868	0.01348
3	0.02750	0.02469	0.02291	0.01854	0.02418	0.16043	0.01472	0.28759	0.02912	0.03745	0.01833	0.02171	0.01476	0.04725	0.04399	0.00322	0.04095	0.00718	0.00654	0.14894
4	0.01626	0.00813	0.00813	0.00813	0.01016	0.00813	0.00610	0.02033	0.01829	0.03252	0.02846	0.03252	0.02236	0.01016	0.00610	0.00203	0.00407	0.00813	0.74187	0.00813
5	0.01809	0.01550	0.01809	0.01292	0.02067	0.01163	0.01034	0.02196	0.01809	0.02842	0.01550	0.01809	0.01292	0.00646	0.00646	0.00129	0.00646	0.00517	0.00517	0.74677
6	0.01980	0.01555	0.01758	0.01565	0.01888	0.04345	0.01207	0.17721	0.08359	0.03066	0.02419	0.03338	0.02157	0.14260	0.29439	0.00847	0.01533	0.00937	0.00627	0.00998
7	0.03659	0.01894	0.02278	0.01746	0.02431	0.01889	0.01442	0.28467	0.03181	0.39324	0.02866	0.02596	0.01871	0.01066	0.00875	0.00266	0.00835	0.00838	0.00991	0.01484
8	0.01406	0.01004	0.01406	0.01606	0.01807	0.01004	0.01406	0.01807	0.02008	0.02610	0.04618	0.09839	0.05020	0.02410	0.01205	0.00402	0.00803	0.58032	0.00803	0.00803
9	0.02159	0.02073	0.03541	0.05354	0.63903	0.02073	0.02677	0.02677	0.01986	0.02850	0.01641	0.02159	0.01382	0.00777	0.00864	0.00259	0.01036	0.00777	0.00432	0.01382
10	0.03488	0.01390	0.01888	0.01480	0.02080	0.01209	0.01209	0.03838	0.02492	0.54825	0.12963	0.03532	0.03123	0.01191	0.00901	0.00271	0.00690	0.00988	0.01061	0.01380
11	0.01750	0.04512	0.64825	0.02486	0.03775	0.02026	0.03223	0.02762	0.01842	0.02762	0.01565	0.01842	0.01105	0.00829	0.00829	0.00276	0.01289	0.00645	0.00368	0.01289
12	0.01515	0.00758	0.01136	0.01136	0.01136	0.00758	0.00758	0.01136	0.01136	0.01515	0.01515	0.02652	0.01515	0.03030	0.03409	0.74621	0.00758	0.00758	0.00379	0.00379
