[name]
unknown

[dist]
# distance from previous block
# <min> <max>
6	75

[block]
# block no. 0 follows, 22 sequences, length 6
# corresponding to MSA columns:
# 82-87
name=unknown_A
#
# <colnr> <probs for GDERKNQSTAVLIFYWHMCP>
#	G	D	E	R	K	N	Q	S	T	A	V	L	I	F	Y	W	H	M	C	P
0	0.02577	0.02136	0.02596	0.02927	0.24759	0.06689	0.01810	0.30246	0.02832	0.03870	0.01874	0.02109	0.01437	0.00893	0.00793	0.00239	0.00920	0.00733	0.09285	0.01273
1	0.02452	0.11664	0.02898	0.02465	0.11568	0.19147	0.04495	0.13289	0.02196	0.02706	0.01455	0.01821	0.01224	0.01199	0.04152	0.00303	0.14731	0.00665	0.00475	0.01094
2	0.02310	0.02508	0.03291	0.04164	0.42554	0.18583	0.09260	0.02757	0.02017	0.02535	0.01506	0.01936	0.01247	0.00765	0.00822	0.00242	0.01164	0.00716	0.00417	0.01204
3	0.12752	0.02641	0.09129	0.01830	0.02454	0.21017	0.04474	0.05613	0.11037	0.08637	0.01848	0.01945	0.01391	0.00858	0.00739	0.00231	0.01010	0.00642	0.00571	0.11180
4	0.01326	0.01018	0.01355	0.01684	0.12804	0.00999	0.00910	0.01449	0.01433	0.01916	0.03186	0.09386	0.09660	0.45967	0.03041	0.00615	0.00775	0.01258	0.00533	0.00685
5	0.18515	0.01061	0.01129	0.01059	0.01376	0.01046	0.00832	0.01828	0.01993	0.06866	0.28284	0.05558	0.20656	0.01589	0.00876	0.00273	0.00499	0.04951	0.00783	0.00826

[dist]
# distance from previous block
# <min> <max>
3	11

[block]
# block no. 1 follows, 22 sequences, length 32
# corresponding to MSA columns:
# 99-130
name=unknown_B
#
# <colnr> <probs for GDERKNQSTAVLIFYWHMCP>
#	G	D	E	R	K	N	Q	S	T	A	V	L	I	F	Y	W	H	M	C	P
0	0.02284	0.02403	0.14978	0.01667	0.02219	0.16648	0.01548	0.02698	0.02053	0.15831	0.06314	0.03717	0.07814	0.05126	0.01033	0.00290	0.00948	0.06445	0.04959	0.01024
1	0.02259	0.16473	0.10098	0.08403	0.08334	0.02391	0.01801	0.17041	0.18776	0.03281	0.02045	0.02150	0.01561	0.00911	0.00768	0.00247	0.00901	0.00719	0.00602	0.01240
2	0.02098	0.55288	0.15590	0.01636	0.02402	0.02999	0.01744	0.02487	0.01677	0.02080	0.01213	0.01436	0.01065	0.00766	0.00700	0.00203	0.04684	0.00491	0.00355	0.01087
3	0.02053	0.02071	0.02323	0.25826	0.10658	0.17043	0.01842	0.08054	0.01994	0.02423	0.01644	0.02225	0.01351	0.01952	0.14515	0.00474	0.01396	0.00723	0.00447	0.00986
4	0.02182	0.02590	0.16832	0.01729	0.02307	0.15153	0.01632	0.15143	0.02324	0.03130	0.05351	0.02408	0.01817	0.01412	0.06626	0.00330	0.01084	0.00732	0.16167	0.01051
5	0.02524	0.33969	0.17653	0.01712	0.02498	0.08145	0.01763	0.02956	0.01922	0.17073	0.01736	0.01790	0.01294	0.00815	0.00680	0.00219	0.00976	0.00582	0.00517	0.01175
6	0.02305	0.27661	0.12377	0.01990	0.06037	0.17708	0.01746	0.03101	0.14695	0.02427	0.01715	0.01836	0.01381	0.00843	0.00701	0.00224	0.01038	0.00609	0.00475	0.01131
7	0.02481	0.16941	0.02540	0.01785	0.02227	0.33103	0.01433	0.07957	0.02116	0.02274	0.01539	0.01919	0.01334	0.02090	0.16257	0.00471	0.01491	0.00618	0.00453	0.00972
8	0.03103	0.03959	0.02354	0.02140	0.02568	0.67469	0.01605	0.03317	0.02354	0.02033	0.01284	0.01498	0.01070	0.00856	0.00749	0.00214	0.01498	0.00535	0.00428	0.00963
9	0.02647	0.02411	0.02086	0.01733	0.02242	0.19226	0.01373	0.32843	0.03053	0.03753	0.06261	0.03168	0.13201	0.01197	0.00844	0.00246	0.00951	0.00913	0.00719	0.01133
10	0.02115	0.11425	0.08899	0.02409	0.15333	0.02181	0.01754	0.09922	0.26550	0.03218	0.05935	0.02572	0.02123	0.00977	0.00799	0.00254	0.00826	0.00811	0.00644	0.01253
11	0.02005	0.16127	0.02412	0.01810	0.09211	0.10125	0.01312	0.07541	0.02077	0.02654	0.06772	0.03017	0.12332	0.01033	0.00743	0.00206	0.00805	0.00815	0.00551	0.18453
12	0.01897	0.27375	0.29669	0.01990	0.02750	0.02552	0.02196	0.02433	0.01618	0.02245	0.01279	0.01620	0.01066	0.00916	0.01150	0.00256	0.16954	0.00580	0.00355	0.01096
13	0.06343	0.03713	0.17200	0.02088	0.02724	0.43533	0.01880	0.03177	0.02171	0.07614	0.01493	0.01662	0.01140	0.00851	0.00754	0.00231	0.01328	0.00574	0.00464	0.01059
14	0.02430	0.40698	0.12061	0.01779	0.02469	0.23694	0.01702	0.02773	0.01911	0.02071	0.01242	0.01442	0.01066	0.00768	0.00637	0.00201	0.01130	0.00496	0.00378	0.01055
15	0.01745	0.13786	0.57699	0.02234	0.03388	0.02122	0.02836	0.02611	0.01745	0.02535	0.01443	0.01694	0.01054	0.00778	0.00753	0.00251	0.01180	0.00590	0.00351	0.01205
16	0.01835	0.17836	0.03023	0.33228	0.16605	0.02131	0.02013	0.02291	0.01720	0.02264	0.01419	0.01926	0.01153	0.00762	0.00737	0.00232	0.00981	0.00645	0.00387	0.08813
17	0.03116	0.03574	0.02387	0.02086	0.02570	0.52148	0.01599	0.17374	0.02721	0.02789	0.01452	0.01615	0.01151	0.00889	0.00768	0.00222	0.01360	0.00585	0.00523	0.01069
18	0.02480	0.01990	0.02111	0.01774	0.02318	0.02259	0.01415	0.26534	0.41329	0.04142	0.02856	0.02681	0.02111	0.01078	0.00840	0.00269	0.00755	0.00867	0.00840	0.01352
19	0.01012	0.00723	0.00964	0.01157	0.01205	0.00675	0.00771	0.01157	0.01591	0.02121	0.04579	0.70262	0.05495	0.02603	0.01060	0.00337	0.00482	0.02362	0.00771	0.00675
20	0.00982	0.00842	0.00842	0.00842	0.01122	0.00701	0.00631	0.01192	0.01894	0.02244	0.08416	0.07995	0.65285	0.02104	0.00982	0.00281	0.00421	0.01753	0.00771	0.00701
21	0.01922	0.02127	0.04267	0.03146	0.03760	0.02220	0.46225	0.02483	0.01775	0.02483	0.01522	0.02127	0.01215	0.00903	0.01451	0.00303	0.19693	0.00912	0.00405	0.01063
22	0.01176	0.00849	0.01110	0.01045	0.01241	0.00784	0.00784	0.01568	0.02352	0.03331	0.65184	0.06206	0.07839	0.01698	0.00980	0.00261	0.00392	0.01502	0.00914	0.00784
23	0.01012	0.00723	0.00964	0.01157	0.01205	0.00675	0.00771	0.01157	0.01591	0.02121	0.04579	0.70262	0.05495	0.02603	0.01060	0.00337	0.00482	0.02362	0.00771	0.00675
24	0.01746	0.01712	0.02406	0.02084	0.02101	0.02373	0.01729	0.01940	0.01279	0.01991	0.01220	0.01983	0.01203	0.01999	0.10123	0.00474	0.61627	0.00746	0.00373	0.00890
25	0.03158	0.02327	0.02493	0.01911	0.02576	0.02576	0.01579	0.62852	0.03906	0.05236	0.01995	0.01995	0.01413	0.00997	0.00831	0.00249	0.00914	0.00748	0.00831	0.01413
26	0.01187	0.00890	0.01335	0.01335	0.01483	0.01038	0.01038	0.01483	0.01335	0.01928	0.02225	0.03264	0.02077	0.06231	0.67512	0.01335	0.02225	0.00890	0.00445	0.00742
27	0.01715	0.10191	0.61034	0.02285	0.03467	0.02049	0.02924	0.02618	0.01748	0.02571	0.01461	0.01717	0.01054	0.00782	0.00767	0.00256	0.01198	0.00599	0.00351	0.01214
28	0.02264	0.67993	0.04255	0.01457	0.02154	0.06443	0.01430	0.02528	0.01721	0.01958	0.01161	0.01341	0.01066	0.00718	0.00544	0.00179	0.00918	0.00449	0.00359	0.01061
29	0.01208	0.00805	0.00906	0.00906	0.00906	0.00805	0.00503	0.01208	0.01208	0.01611	0.02618	0.05436	0.03020	0.70804	0.04228	0.00805	0.00805	0.01208	0.00503	0.00503
30	0.01961	0.02241	0.04902	0.03501	0.04342	0.02101	0.62605	0.02661	0.01961	0.02661	0.01681	0.02241	0.01261	0.00700	0.00980	0.00280	0.01401	0.00980	0.00420	0.01120
31	0.02296	0.02468	0.03011	0.10309	0.42768	0.19825	0.02269	0.02719	0.01996	0.02472	0.01479	0.01919	0.01229	0.00780	0.00803	0.00241	0.01138	0.00684	0.00412	0.01183

[dist]
# distance from previous block
# <min> <max>
0	2

[block]
# block no. 2 follows, 22 sequences, length 39
# corresponding to MSA columns:
# 133-171
name=unknown_C
#
# <colnr> <probs for GDERKNQSTAVLIFYWHMCP>
#	G	D	E	R	K	N	Q	S	T	A	V	L	I	F	Y	W	H	M	C	P
0	0.03103	0.03959	0.02354	0.02140	0.02568	0.67469	0.01605	0.03317	0.02354	0.02033	0.01284	0.01498	0.01070	0.00856	0.00749	0.00214	0.01498	0.00535	0.00428	0.00963
1	0.01444	0.01096	0.01512	0.01769	0.06040	0.01122	0.01392	0.02019	0.08075	0.02583	0.04115	0.11040	0.04358	0.02088	0.01092	0.00361	0.00756	0.47536	0.00749	0.00853
2	0.02850	0.03367	0.02406	0.02126	0.02491	0.47969	0.01645	0.08965	0.02291	0.02344	0.01316	0.01612	0.01108	0.00990	0.01155	0.00248	0.15071	0.00595	0.00455	0.00997
3	0.01187	0.00890	0.01335	0.01335	0.01483	0.01038	0.01038	0.01483	0.01335	0.01928	0.02225	0.03264	0.02077	0.06231	0.67512	0.01335	0.02225	0.00890	0.00445	0.00742
4	0.68078	0.01583	0.01260	0.01130	0.01627	0.01826	0.00922	0.02533	0.05677	0.03692	0.04338	0.01697	0.01338	0.00839	0.00558	0.00259	0.00632	0.00533	0.00555	0.00922
5	0.02056	0.01974	0.03372	0.05099	0.65622	0.01974	0.02550	0.02550	0.01892	0.02714	0.01563	0.02056	0.01316	0.00740	0.00822	0.00247	0.00987	0.00740	0.00411	0.01316
6	0.01242	0.00949	0.01157	0.01147	0.01352	0.00931	0.00842	0.01832	0.10930	0.02935	0.35265	0.22487	0.11975	0.01889	0.00982	0.00286	0.00456	0.01668	0.00854	0.00824
7	0.02981	0.03727	0.02473	0.02486	0.09946	0.59805	0.01716	0.03227	0.02300	0.02113	0.01317	0.01563	0.01099	0.00843	0.00758	0.00218	0.01438	0.00559	0.00426	0.01004
8	0.01723	0.01477	0.01723	0.01230	0.01969	0.01107	0.00984	0.02092	0.01723	0.02707	0.01477	0.01723	0.01230	0.00615	0.00615	0.00123	0.00615	0.00492	0.00492	0.75883
9	0.01280	0.00860	0.01190	0.01190	0.01350	0.00970	0.00920	0.01600	0.01440	0.02231	0.02350	0.03221	0.02090	0.04871	0.50216	0.01040	0.01750	0.00860	0.19819	0.00750
10	0.01915	0.01830	0.03118	0.23505	0.48317	0.01937	0.02480	0.02426	0.01825	0.02543	0.01538	0.02102	0.01256	0.00766	0.00825	0.00255	0.01022	0.00740	0.00399	0.01202
11	0.02036	0.01902	0.02945	0.07199	0.46420	0.01992	0.02219	0.03011	0.17962	0.02883	0.02029	0.02333	0.01621	0.00844	0.00829	0.00257	0.00907	0.00792	0.00521	0.01297
12	0.01824	0.01737	0.02952	0.35493	0.37045	0.01913	0.02434	0.02346	0.01782	0.02432	0.01522	0.02132	0.01216	0.00783	0.00826	0.00261	0.01044	0.00739	0.00391	0.01128
13	0.01666	0.04297	0.66500	0.02368	0.03596	0.01929	0.03069	0.02631	0.01754	0.02631	0.01491	0.01754	0.01052	0.00789	0.00789	0.00263	0.01228	0.00614	0.00351	0.01228
14	0.02435	0.01967	0.02086	0.01765	0.02301	0.02238	0.01404	0.24124	0.43812	0.04069	0.02914	0.02727	0.02157	0.01083	0.00840	0.00271	0.00744	0.00875	0.00840	0.01348
15	0.01985	0.02172	0.04507	0.03914	0.20178	0.02068	0.47086	0.02632	0.01943	0.02675	0.01650	0.02193	0.01275	0.00711	0.00940	0.00271	0.01294	0.00918	0.00418	0.01171
16	0.01060	0.00756	0.00937	0.01061	0.01119	0.00711	0.00688	0.01174	0.01522	0.02001	0.04453	0.47326	0.10793	0.20178	0.01871	0.00453	0.00559	0.02003	0.00702	0.00633
17	0.32795	0.01960	0.01915	0.01559	0.02137	0.02198	0.01291	0.35038	0.02788	0.04474	0.01788	0.02141	0.01391	0.00977	0.00720	0.00260	0.00796	0.03902	0.00699	0.01169
18	0.01951	0.01867	0.03183	0.18804	0.52737	0.01946	0.02497	0.02458	0.01842	0.02587	0.01544	0.02090	0.01271	0.00760	0.00824	0.00253	0.01013	0.00740	0.00402	0.01231
19	0.01175	0.00872	0.01079	0.01137	0.01321	0.00818	0.00888	0.01449	0.01887	0.02459	0.17988	0.10115	0.21841	0.11817	0.01499	0.00387	0.00587	0.21210	0.00761	0.00711
20	0.01711	0.01622	0.02748	0.50233	0.23186	0.01883	0.02378	0.02247	0.01728	0.02295	0.01502	0.02169	0.01168	0.00804	0.00828	0.00268	0.01072	0.00739	0.00381	0.01037
21	0.02014	0.01931	0.03296	0.10594	0.60456	0.01963	0.02529	0.02513	0.01872	0.02663	0.01555	0.02070	0.01298	0.00748	0.00823	0.00249	0.00997	0.00740	0.00408	0.01282
22	0.02518	0.02296	0.02185	0.01982	0.05308	0.13137	0.01489	0.19077	0.35482	0.03648	0.02591	0.02500	0.01946	0.01030	0.00824	0.00260	0.00879	0.00813	0.00752	0.01281
23	0.01010	0.00770	0.00917	0.01030	0.01161	0.00691	0.00708	0.01172	0.01683	0.02142	0.05885	0.44528	0.27173	0.05616	0.01180	0.00339	0.00475	0.02086	0.00759	0.00676
24	0.01116	0.00847	0.01027	0.00982	0.01204	0.00758	0.00737	0.01451	0.02210	0.02994	0.47585	0.06760	0.25648	0.01824	0.00980	0.00267	0.00401	0.01580	0.00870	0.00758
25	0.01929	0.01844	0.03142	0.21725	0.49990	0.01940	0.02486	0.02438	0.01831	0.02560	0.01540	0.02098	0.01261	0.00764	0.00825	0.00255	0.01018	0.00740	0.00400	0.01213
26	0.01014	0.00754	0.00946	0.01086	0.01190	0.00686	0.00743	0.01185	0.01692	0.02208	0.08483	0.54079	0.17998	0.02453	0.01040	0.00322	0.00465	0.02192	0.00779	0.00686
27	0.01166	0.00788	0.00918	0.00960	0.00970	0.00777	0.00561	0.01197	0.01290	0.01720	0.03038	0.19321	0.03550	0.56197	0.03550	0.00705	0.00736	0.01455	0.00561	0.00540
28	0.02843	0.02170	0.02316	0.01848	0.02456	0.02429	0.01503	0.45969	0.21302	0.04727	0.02395	0.02314	0.01737	0.01035	0.00835	0.00259	0.00840	0.00803	0.00835	0.01385
29	0.01678	0.01268	0.01412	0.01301	0.01626	0.01282	0.01002	0.20115	0.02421	0.03138	0.05084	0.24744	0.24584	0.01923	0.00968	0.00293	0.00609	0.04845	0.00789	0.00915
30	0.06709	0.02437	0.02419	0.01892	0.02529	0.08302	0.01548	0.54646	0.03648	0.04878	0.01891	0.01919	0.01358	0.00974	0.00808	0.00247	0.00953	0.00715	0.00780	0.01348
31	0.02245	0.64634	0.06979	0.01503	0.02221	0.06773	0.01504	0.02540	0.01728	0.01989	0.01177	0.01360	0.01066	0.00722	0.00556	0.00183	0.00937	0.00457	0.00359	0.01068
32	0.01002	0.00799	0.00899	0.00966	0.01158	0.00696	0.00689	0.01198	0.01806	0.02252	0.09787	0.30458	0.40838	0.02265	0.01010	0.00300	0.00442	0.01961	0.00778	0.00696
33	0.08803	0.02535	0.18479	0.24204	0.03703	0.08908	0.02083	0.02899	0.15114	0.02680	0.01838	0.02131	0.01376	0.00881	0.00785	0.00266	0.01040	0.00701	0.00486	0.01086
34	0.08114	0.00875	0.00963	0.01004	0.01215	0.00815	0.00728	0.01359	0.01822	0.02521	0.15800	0.27984	0.29715	0.02080	0.00964	0.00294	0.00457	0.01794	0.00771	0.00725
35	0.02342	0.26210	0.06431	0.02042	0.02548	0.22000	0.07297	0.02648	0.01822	0.02086	0.01244	0.01594	0.01090	0.00922	0.01139	0.00243	0.16352	0.00592	0.00385	0.01013
36	0.01831	0.03662	0.49235	0.02815	0.12018	0.01924	0.08838	0.02680	0.01818	0.05196	0.01591	0.01886	0.01149	0.00783	0.00815	0.00262	0.01191	0.00676	0.00393	0.01237
37	0.06363	0.02545	0.05366	0.02165	0.08724	0.14930	0.01631	0.32759	0.02918	0.03839	0.01741	0.01991	0.01351	0.03902	0.00929	0.00259	0.01012	0.00687	0.00636	0.06253
38	0.06205	0.20810	0.11272	0.01928	0.02548	0.36355	0.01717	0.05855	0.02137	0.02328	0.01307	0.01507	0.01075	0.00813	0.00693	0.00215	0.01239	0.00529	0.00423	0.01043

[dist]
# distance from previous block
# <min> <max>
2	25

[block]
# block no. 3 follows, 22 sequences, length 60
# corresponding to MSA columns:
# 197-256
name=unknown_D
#
# <colnr> <probs for GDERKNQSTAVLIFYWHMCP>
#	G	D	E	R	K	N	Q	S	T	A	V	L	I	F	Y	W	H	M	C	P
0	0.02344	0.02565	0.03240	0.04095	0.41431	0.20576	0.08451	0.02779	0.02030	0.02515	0.01496	0.01917	0.01240	0.00769	0.00818	0.00241	0.01175	0.00707	0.00417	0.01196
1	0.20387	0.01643	0.01595	0.01425	0.01866	0.08211	0.01154	0.06373	0.06703	0.16122	0.09315	0.03971	0.06002	0.01282	0.00822	0.00276	0.00743	0.10331	0.00749	0.01029
2	0.09828	0.09876	0.18914	0.02121	0.02836	0.07972	0.09906	0.11108	0.02034	0.02917	0.01447	0.01751	0.01132	0.00881	0.01005	0.00256	0.09960	0.00648	0.00461	0.04945
3	0.19047	0.02931	0.02107	0.08715	0.02661	0.37189	0.01505	0.08356	0.05391	0.02773	0.01447	0.01666	0.01142	0.00861	0.00718	0.00237	0.01175	0.00577	0.00498	0.01003
4	0.02337	0.02125	0.01843	0.01618	0.02051	0.17574	0.01251	0.17204	0.12725	0.06282	0.03662	0.10375	0.14693	0.01373	0.00868	0.00262	0.00860	0.01100	0.00727	0.01070
5	0.02569	0.02465	0.02260	0.02365	0.13646	0.24862	0.01566	0.09222	0.09940	0.08842	0.08316	0.02630	0.02193	0.04306	0.00979	0.00269	0.01024	0.00801	0.00627	0.01119
6	0.01192	0.00809	0.00952	0.00974	0.01007	0.00798	0.00597	0.01262	0.01388	0.01865	0.08753	0.12192	0.03804	0.54183	0.03458	0.00687	0.00732	0.04208	0.00581	0.00559
7	0.01012	0.00723	0.00964	0.01157	0.01205	0.00675	0.00771	0.01157	0.01591	0.02121	0.04579	0.70262	0.05495	0.02603	0.01060	0.00337	0.00482	0.02362	0.00771	0.00675
8	0.02066	0.01785	0.01878	0.01691	0.02160	0.02066	0.01315	0.04414	0.64121	0.03475	0.03381	0.03099	0.02536	0.01127	0.00845	0.00282	0.00657	0.00939	0.00845	0.01315
9	0.03158	0.02327	0.02493	0.01911	0.02576	0.02576	0.01579	0.62852	0.03906	0.05236	0.01995	0.01995	0.01413	0.00997	0.00831	0.00249	0.00914	0.00748	0.00831	0.01413
10	0.01569	0.01477	0.02492	0.68808	0.05722	0.01846	0.02307	0.02123	0.01661	0.02123	0.01477	0.02215	0.01107	0.00831	0.00831	0.00277	0.01107	0.00738	0.00369	0.00923
11	0.03149	0.01303	0.01785	0.01491	0.02024	0.01157	0.01250	0.03485	0.02265	0.50764	0.03549	0.04413	0.02716	0.01335	0.00911	0.00287	0.00721	0.15175	0.00964	0.01257
12	0.03280	0.01627	0.07886	0.01518	0.02171	0.01244	0.01350	0.03669	0.02317	0.53982	0.09285	0.03064	0.02539	0.01073	0.00846	0.00258	0.00724	0.00881	0.00954	0.01334
13	0.01339	0.00956	0.01339	0.01530	0.01721	0.00956	0.01339	0.01721	0.01912	0.02486	0.04399	0.09371	0.04781	0.02295	0.01147	0.00382	0.00765	0.60031	0.00765	0.00765
14	0.01443	0.00722	0.01082	0.01082	0.01082	0.00722	0.00722	0.01082	0.01082	0.01443	0.01443	0.02525	0.01443	0.02886	0.03247	0.75830	0.00722	0.00722	0.00361	0.00361
15	0.02648	0.03138	0.02165	0.05283	0.02509	0.47535	0.01526	0.06048	0.02199	0.02186	0.01519	0.01912	0.01291	0.01933	0.14056	0.00442	0.01593	0.00627	0.00450	0.00941
16	0.01819	0.03325	0.38938	0.03255	0.18770	0.01974	0.14802	0.02617	0.01828	0.02657	0.01546	0.01924	0.01158	0.00760	0.00835	0.00263	0.01204	0.00717	0.00379	0.01228
17	0.01121	0.00847	0.01035	0.00988	0.01208	0.00761	0.00741	0.01462	0.02222	0.03025	0.49161	0.06711	0.24053	0.01813	0.00980	0.00267	0.00400	0.01573	0.00874	0.00761
18	0.01666	0.04297	0.66500	0.02368	0.03596	0.01929	0.03069	0.02631	0.01754	0.02631	0.01491	0.01754	0.01052	0.00789	0.00789	0.00263	0.01228	0.00614	0.00351	0.01228
19	0.02339	0.02282	0.03068	0.06853	0.45361	0.11234	0.02269	0.11208	0.02233	0.02953	0.01581	0.01976	0.01287	0.00797	0.00814	0.00244	0.01053	0.00712	0.00471	0.01264
20	0.03026	0.03830	0.02366	0.02143	0.02545	0.63561	0.01618	0.03238	0.02289	0.02031	0.01272	0.01517	0.01071	0.00892	0.00868	0.00223	0.05579	0.00547	0.00424	0.00960
21	0.02377	0.48038	0.10316	0.01694	0.02390	0.18694	0.01637	0.02703	0.01856	0.02044	0.01221	0.01416	0.01066	0.00754	0.00612	0.00195	0.01071	0.00484	0.00372	0.01058
22	0.02274	0.67250	0.04233	0.01465	0.02158	0.07151	0.01433	0.02538	0.01728	0.01959	0.01163	0.01343	0.01066	0.00719	0.00546	0.00180	0.00925	0.00450	0.00360	0.01060
23	0.01723	0.01477	0.01723	0.01230	0.01969	0.01107	0.00984	0.02092	0.01723	0.02707	0.01477	0.01723	0.01230	0.00615	0.00615	0.00123	0.00615	0.00492	0.00492	0.75883
24	0.01906	0.31504	0.18350	0.01722	0.02406	0.05259	0.01801	0.02473	0.04999	0.02328	0.02142	0.03480	0.02038	0.01141	0.00769	0.00255	0.00956	0.14949	0.00482	0.01040
25	0.01187	0.00890	0.01335	0.01335	0.01483	0.01038	0.01038	0.01483	0.01335	0.01928	0.02225	0.03264	0.02077	0.06231	0.67512	0.01335	0.02225	0.00890	0.00445	0.00742
26	0.02267	0.67829	0.04250	0.01459	0.02155	0.06599	0.01431	0.02530	0.01722	0.01959	0.01162	0.01341	0.01066	0.00718	0.00544	0.00180	0.00920	0.00449	0.00359	0.01061
27	0.01020	0.00729	0.00971	0.01152	0.01207	0.00680	0.00772	0.01176	0.01626	0.02177	0.07382	0.67299	0.05603	0.02561	0.01057	0.00334	0.00478	0.02322	0.00778	0.00680
28	0.02056	0.01974	0.03372	0.05099	0.65622	0.01974	0.02550	0.02550	0.01892	0.02714	0.01563	0.02056	0.01316	0.00740	0.00822	0.00247	0.00987	0.00740	0.00411	0.01316
29	0.01005	0.00752	0.00934	0.01080	0.01185	0.00681	0.00737	0.01165	0.01664	0.02151	0.05508	0.55178	0.19979	0.02482	0.01041	0.00324	0.00467	0.02214	0.00771	0.00681
30	0.01666	0.04297	0.66500	0.02368	0.03596	0.01929	0.03069	0.02631	0.01754	0.02631	0.01491	0.01754	0.01052	0.00789	0.00789	0.00263	0.01228	0.00614	0.00351	0.01228
31	0.03158	0.02327	0.02493	0.01911	0.02576	0.02576	0.01579	0.62852	0.03906	0.05236	0.01995	0.01995	0.01413	0.00997	0.00831	0.00249	0.00914	0.00748	0.00831	0.01413
32	0.03158	0.02327	0.02493	0.01911	0.02576	0.02576	0.01579	0.62852	0.03906	0.05236	0.01995	0.01995	0.01413	0.00997	0.00831	0.00249	0.00914	0.00748	0.00831	0.01413
33	0.02085	0.01897	0.03019	0.04028	0.43668	0.02078	0.02239	0.02591	0.05012	0.05856	0.01632	0.02093	0.01363	0.00948	0.01286	0.00277	0.17500	0.00752	0.00454	0.01222
34	0.02786	0.03358	0.02663	0.03037	0.21670	0.47628	0.01891	0.03085	0.02214	0.02239	0.01368	0.01667	0.01145	0.00821	0.00771	0.00224	0.01343	0.00597	0.00423	0.01070
35	0.02056	0.01974	0.03372	0.05099	0.65622	0.01974	0.02550	0.02550	0.01892	0.02714	0.01563	0.02056	0.01316	0.00740	0.00822	0.00247	0.00987	0.00740	0.00411	0.01316
36	0.03147	0.02652	0.02465	0.01957	0.02575	0.15502	0.01584	0.50993	0.03597	0.04598	0.01853	0.01896	0.01345	0.00969	0.00815	0.00242	0.01030	0.00706	0.00751	0.01323
37	0.01117	0.00799	0.00932	0.00976	0.01051	0.00769	0.00622	0.01210	0.01439	0.01871	0.04191	0.20477	0.15908	0.37827	0.06675	0.00627	0.00741	0.01558	0.00614	0.00596
38	0.01146	0.00919	0.01213	0.11455	0.01889	0.00901	0.00970	0.01459	0.01958	0.02579	0.26314	0.18597	0.23804	0.01864	0.00973	0.00284	0.00529	0.01628	0.00759	0.00759
39	0.02100	0.27736	0.12714	0.01709	0.02297	0.18075	0.01617	0.02473	0.01817	0.02129	0.04086	0.02023	0.01545	0.01898	0.13985	0.00434	0.01334	0.00625	0.00413	0.00990
40	0.01317	0.00948	0.01005	0.00950	0.01277	0.00824	0.00726	0.01649	0.05143	0.08816	0.07634	0.07217	0.55624	0.01944	0.00960	0.00278	0.00462	0.01618	0.00801	0.00805
41	0.01333	0.01127	0.01188	0.01123	0.01450	0.01124	0.00856	0.02211	0.20737	0.02749	0.13844	0.06298	0.39309	0.01759	0.00940	0.00279	0.00489	0.01477	0.00811	0.00897
42	0.02094	0.01287	0.01593	0.01502	0.01872	0.01316	0.01216	0.03029	0.20719	0.18224	0.07009	0.12008	0.03679	0.01638	0.00963	0.00311	0.00670	0.18930	0.00861	0.01079
43	0.02689	0.03155	0.02512	0.02442	0.08953	0.41745	0.01752	0.06026	0.02127	0.02262	0.01303	0.01658	0.01118	0.00995	0.01236	0.00255	0.17716	0.00613	0.00432	0.01010
44	0.01513	0.01338	0.01645	0.01537	0.01768	0.08225	0.03683	0.04525	0.01587	0.02121	0.02092	0.02975	0.01905	0.05190	0.54599	0.01122	0.02054	0.00850	0.00460	0.00812
45	0.01077	0.00856	0.00974	0.01012	0.01220	0.00777	0.00732	0.01408	0.05118	0.02439	0.15760	0.26186	0.35170	0.02140	0.00998	0.00295	0.00447	0.01855	0.00797	0.00738
46	0.03054	0.02889	0.02350	0.01943	0.02490	0.28020	0.01538	0.36292	0.03184	0.03865	0.01752	0.01856	0.01315	0.00940	0.00786	0.00233	0.01117	0.00666	0.04508	0.01203
47	0.01126	0.00826	0.01073	0.01177	0.01327	0.00773	0.00893	0.01397	0.01893	0.02517	0.19635	0.31579	0.14074	0.02242	0.01051	0.00322	0.00520	0.16042	0.00804	0.00726
48	0.01078	0.00758	0.00938	0.01054	0.01098	0.00721	0.00672	0.01176	0.01475	0.01952	0.04107	0.44648	0.07812	0.26053	0.02147	0.00495	0.00590	0.01932	0.00679	0.00617
49	0.01063	0.00823	0.00983	0.01087	0.01270	0.00743	0.00820	0.01285	0.01793	0.02250	0.06292	0.29749	0.32607	0.02314	0.01042	0.00320	0.00510	0.13571	0.00770	0.00705
50	0.03103	0.03959	0.02354	0.02140	0.02568	0.67469	0.01605	0.03317	0.02354	0.02033	0.01284	0.01498	0.01070	0.00856	0.00749	0.00214	0.01498	0.00535	0.00428	0.00963
51	0.02221	0.71304	0.04353	0.01421	0.02132	0.03287	0.01421	0.02488	0.01688	0.01955	0.01155	0.01333	0.01066	0.00711	0.00533	0.00178	0.00888	0.00444	0.00355	0.01066
52	0.01721	0.01269	0.01409	0.01323	0.01673	0.01317	0.01004	0.02818	0.27759	0.09301	0.05030	0.17831	0.20787	0.01687	0.00926	0.00290	0.00561	0.01442	0.00828	0.01024
53	0.01005	0.00751	0.00935	0.01081	0.01185	0.00681	0.00737	0.01165	0.01663	0.02150	0.05501	0.55288	0.19873	0.02483	0.01041	0.00324	0.00467	0.02215	0.00771	0.00681
54	0.03103	0.03959	0.02354	0.02140	0.02568	0.67469	0.01605	0.03317	0.02354	0.02033	0.01284	0.01498	0.01070	0.00856	0.00749	0.00214	0.01498	0.00535	0.00428	0.00963
55	0.02221	0.71304	0.04353	0.01421	0.02132	0.03287	0.01421	0.02488	0.01688	0.01955	0.01155	0.01333	0.01066	0.00711	0.00533	0.00178	0.00888	0.00444	0.00355	0.01066
56	0.02007	0.01924	0.03284	0.11480	0.59623	0.01961	0.02525	0.02507	0.01869	0.02655	0.01554	0.02072	0.01295	0.00749	0.00823	0.00250	0.00999	0.00740	0.00407	0.01277
57	0.01930	0.01845	0.03144	0.21624	0.50085	0.01941	0.02487	0.02439	0.01832	0.02561	0.01540	0.02097	0.01262	0.00764	0.00825	0.00255	0.01018	0.00740	0.00400	0.01214
58	0.76672	0.01607	0.01221	0.01092	0.01607	0.01864	0.00900	0.02442	0.01414	0.03727	0.01157	0.01350	0.00900	0.00771	0.00514	0.00257	0.00643	0.00450	0.00514	0.00900
59	0.01238	0.00924	0.01198	0.01336	0.01552	0.00884	0.01139	0.01572	0.01907	0.02418	0.05532	0.08982	0.21859	0.02241	0.01101	0.00354	0.00668	0.43581	0.00767	0.00747

[dist]
# distance from previous block
# <min> <max>
0	1

[block]
# block no. 4 follows, 22 sequences, length 27
# corresponding to MSA columns:
# 258-284
name=unknown_E
#
# <colnr> <probs for GDERKNQSTAVLIFYWHMCP>
#	G	D	E	R	K	N	Q	S	T	A	V	L	I	F	Y	W	H	M	C	P
0	0.02427	0.01744	0.01918	0.01663	0.02174	0.01936	0.01311	0.07285	0.49731	0.15107	0.03292	0.02994	0.02391	0.01102	0.00843	0.00276	0.00679	0.00911	0.00878	0.01338
1	0.01230	0.00938	0.01355	0.01332	0.01451	0.01104	0.01016	0.01480	0.01314	0.01890	0.02205	0.03464	0.02141	0.14636	0.54795	0.01201	0.06358	0.00922	0.00448	0.00720
2	0.01037	0.00849	0.00924	0.00967	0.01217	0.00737	0.00746	0.01267	0.01873	0.02270	0.07526	0.13045	0.51729	0.02171	0.01012	0.00300	0.00476	0.10374	0.00770	0.00709
3	0.03727	0.01414	0.01928	0.01478	0.02121	0.01221	0.01221	0.04049	0.02378	0.66198	0.03277	0.02828	0.02056	0.01028	0.00835	0.00257	0.00707	0.00835	0.01028	0.01414
4	0.14602	0.01438	0.01421	0.01259	0.01687	0.01529	0.00993	0.12320	0.16673	0.03279	0.04935	0.04721	0.29043	0.01464	0.00845	0.00272	0.00595	0.01174	0.00754	0.00996
5	0.01157	0.00794	0.00955	0.00988	0.01034	0.00771	0.00614	0.01258	0.01495	0.02027	0.13901	0.20640	0.04429	0.42989	0.02930	0.00602	0.00659	0.01527	0.00637	0.00592
6	0.01300	0.00936	0.01285	0.01433	0.01629	0.00921	0.01231	0.01676	0.01971	0.02589	0.12786	0.08880	0.07983	0.02206	0.01117	0.00361	0.00699	0.49446	0.00785	0.00765
7	0.00982	0.00842	0.00842	0.00842	0.01122	0.00701	0.00631	0.01192	0.01894	0.02244	0.08416	0.07995	0.65285	0.02104	0.00982	0.00281	0.00421	0.01753	0.00771	0.00701
8	0.01082	0.00843	0.00964	0.00935	0.01160	0.00744	0.00690	0.01358	0.02051	0.02681	0.32981	0.07044	0.36033	0.06356	0.01190	0.00306	0.00433	0.01608	0.00817	0.00725
9	0.01012	0.00723	0.00964	0.01157	0.01205	0.00675	0.00771	0.01157	0.01591	0.02121	0.04579	0.70262	0.05495	0.02603	0.01060	0.00337	0.00482	0.02362	0.00771	0.00675
10	0.03158	0.02327	0.02493	0.01911	0.02576	0.02576	0.01579	0.62852	0.03906	0.05236	0.01995	0.01995	0.01413	0.00997	0.00831	0.00249	0.00914	0.00748	0.00831	0.01413
11	0.01070	0.00845	0.00964	0.00935	0.01176	0.00739	0.00701	0.01364	0.02103	0.02741	0.34358	0.07177	0.39033	0.01919	0.00981	0.00272	0.00408	0.01639	0.00837	0.00739
12	0.00997	0.00782	0.00903	0.01001	0.01164	0.00688	0.00702	0.01174	0.01741	0.02182	0.06478	0.39435	0.35096	0.02356	0.01021	0.00309	0.00452	0.02060	0.00771	0.00688
13	0.00982	0.00842	0.00842	0.00842	0.01122	0.00701	0.00631	0.01192	0.01894	0.02244	0.08416	0.07995	0.65285	0.02104	0.00982	0.00281	0.00421	0.01753	0.00771	0.00701
14	0.02066	0.01785	0.01878	0.01691	0.02160	0.02066	0.01315	0.04414	0.64121	0.03475	0.03381	0.03099	0.02536	0.01127	0.00845	0.00282	0.00657	0.00939	0.00845	0.01315
15	0.01558	0.00852	0.00879	0.00852	0.01030	0.00863	0.00612	0.04601	0.01740	0.02912	0.02659	0.03493	0.02266	0.14296	0.01288	0.00313	0.00491	0.00856	0.57687	0.00752
16	0.01010	0.00833	0.00887	0.00894	0.01145	0.00710	0.00663	0.01240	0.01932	0.02381	0.15777	0.12601	0.52879	0.02088	0.00988	0.00282	0.00422	0.01767	0.00791	0.00710
17	0.03158	0.02327	0.02493	0.01911	0.02576	0.02576	0.01579	0.62852	0.03906	0.05236	0.01995	0.01995	0.01413	0.00997	0.00831	0.00249	0.00914	0.00748	0.00831	0.01413
18	0.76672	0.01607	0.01221	0.01092	0.01607	0.01864	0.00900	0.02442	0.01414	0.03727	0.01157	0.01350	0.00900	0.00771	0.00514	0.00257	0.00643	0.00450	0.00514	0.00900
19	0.01164	0.00800	0.00964	0.00985	0.01040	0.00776	0.00618	0.01282	0.01545	0.02106	0.17529	0.17697	0.04602	0.42027	0.02883	0.00592	0.00649	0.01492	0.00649	0.00601
20	0.01002	0.00848	0.00870	0.00880	0.01156	0.00716	0.00671	0.01222	0.01895	0.02258	0.08189	0.08073	0.61869	0.02115	0.00991	0.00286	0.00440	0.05044	0.00771	0.00705
21	0.02066	0.01785	0.01878	0.01691	0.02160	0.02066	0.01315	0.04414	0.64121	0.03475	0.03381	0.03099	0.02536	0.01127	0.00845	0.00282	0.00657	0.00939	0.00845	0.01315
22	0.01017	0.00765	0.00942	0.01063	0.01185	0.00690	0.00734	0.01198	0.01732	0.02248	0.10332	0.48476	0.21808	0.02398	0.01033	0.00316	0.00458	0.02131	0.00782	0.00690
23	0.01190	0.00813	0.00980	0.00995	0.01022	0.00834	0.00610	0.01249	0.01257	0.01700	0.02697	0.09832	0.03047	0.55261	0.14332	0.00858	0.01014	0.01241	0.00513	0.00555
24	0.03030	0.03297	0.02345	0.02038	0.02527	0.43869	0.01583	0.21748	0.02814	0.03052	0.01665	0.02057	0.01368	0.00974	0.00795	0.00234	0.01279	0.03662	0.00571	0.01093
25	0.02885	0.09848	0.02488	0.01994	0.02473	0.47580	0.01547	0.08022	0.10747	0.02470	0.01610	0.01737	0.01294	0.00890	0.00748	0.00223	0.01282	0.00598	0.00509	0.01055
26	0.13721	0.02551	0.02136	0.01964	0.05867	0.23650	0.01458	0.13911	0.14998	0.08772	0.02005	0.02036	0.01503	0.00932	0.00760	0.00246	0.01001	0.00680	0.00648	0.01164

[dist]
# distance from previous block
# <min> <max>
0	45

[block]
# block no. 5 follows, 22 sequences, length 19
# corresponding to MSA columns:
# 333-351
name=unknown_F
#
# <colnr> <probs for GDERKNQSTAVLIFYWHMCP>
#	G	D	E	R	K	N	Q	S	T	A	V	L	I	F	Y	W	H	M	C	P
0	0.16406	0.13441	0.05224	0.01352	0.01864	0.01881	0.01179	0.07688	0.14488	0.02996	0.03576	0.03539	0.17630	0.01429	0.03673	0.00301	0.00754	0.00930	0.00635	0.01016
1	0.01861	0.20888	0.41279	0.02463	0.09538	0.02286	0.05628	0.02588	0.01762	0.02470	0.01423	0.01703	0.01093	0.00760	0.00738	0.00241	0.01126	0.00602	0.00362	0.01190
2	0.01729	0.01666	0.02928	0.07245	0.29813	0.01706	0.12997	0.02151	0.01767	0.02465	0.02305	0.19314	0.02332	0.01264	0.01059	0.00286	0.06218	0.01193	0.00498	0.01064
3	0.13530	0.21949	0.02688	0.01772	0.04562	0.21291	0.01413	0.06044	0.08444	0.06105	0.01634	0.01775	0.01311	0.01028	0.02973	0.00261	0.01046	0.00586	0.00517	0.01072
4	0.02842	0.07104	0.02615	0.02463	0.11819	0.37678	0.01710	0.14467	0.06485	0.02826	0.01586	0.01767	0.01264	0.00875	0.00769	0.00228	0.01224	0.00626	0.00524	0.01128
5	0.01382	0.00736	0.01046	0.01054	0.01057	0.00734	0.00685	0.01108	0.01128	0.01504	0.01795	0.06140	0.01908	0.14928	0.03321	0.59060	0.00725	0.00883	0.00405	0.00400
6	0.14187	0.02845	0.02234	0.02356	0.12561	0.36368	0.01582	0.02811	0.02069	0.02532	0.07443	0.02037	0.01736	0.00939	0.00860	0.00239	0.05068	0.00659	0.00482	0.00990
7	0.01321	0.00990	0.01159	0.01188	0.01386	0.00962	0.00855	0.10265	0.02009	0.02611	0.05167	0.44461	0.19999	0.02240	0.01007	0.00310	0.00530	0.01970	0.00780	0.00790
8	0.02507	0.03034	0.02145	0.01937	0.02257	0.43938	0.01488	0.02714	0.02068	0.02061	0.02407	0.02618	0.11526	0.01176	0.01173	0.00254	0.14545	0.00771	0.00471	0.00910
9	0.01781	0.01586	0.02131	0.01746	0.02285	0.01570	0.10211	0.02957	0.25932	0.02973	0.05754	0.03746	0.06106	0.01147	0.00855	0.00252	0.00743	0.07534	0.00683	0.20007
10	0.02822	0.02160	0.02304	0.01844	0.02448	0.02419	0.01498	0.44886	0.22419	0.04694	0.02421	0.02334	0.01758	0.01037	0.00835	0.00259	0.00835	0.00807	0.00835	0.01383
11	0.01951	0.01866	0.03181	0.18903	0.52644	0.01946	0.02497	0.02457	0.01842	0.02586	0.01544	0.02090	0.01271	0.00760	0.00824	0.00253	0.01013	0.00740	0.00402	0.01231
12	0.03115	0.03614	0.02384	0.02092	0.02570	0.53754	0.01600	0.15900	0.02682	0.02710	0.01434	0.01603	0.01143	0.00886	0.00766	0.00221	0.01375	0.00580	0.00513	0.01058
13	0.02967	0.03382	0.02311	0.02039	0.02512	0.47452	0.01560	0.13421	0.11275	0.02771	0.01697	0.01806	0.01333	0.00918	0.00776	0.00229	0.01283	0.00627	0.00554	0.01088
14	0.01187	0.00890	0.01335	0.01335	0.01483	0.01038	0.01038	0.01483	0.01335	0.01928	0.02225	0.03264	0.02077	0.06231	0.67512	0.01335	0.02225	0.00890	0.00445	0.00742
15	0.13202	0.61024	0.03891	0.01373	0.02055	0.03077	0.01345	0.02481	0.01648	0.02216	0.01155	0.01335	0.01042	0.00720	0.00530	0.00189	0.00852	0.00445	0.00379	0.01042
16	0.21070	0.50796	0.03476	0.01369	0.02018	0.05690	0.01298	0.02512	0.01647	0.02406	0.01161	0.01344	0.01024	0.00732	0.00538	0.00199	0.00853	0.00450	0.00399	0.01020
17	0.01053	0.00844	0.00945	0.00950	0.01191	0.00735	0.00718	0.01316	0.01994	0.02526	0.22317	0.11028	0.44010	0.02040	0.00995	0.00285	0.00437	0.05085	0.00807	0.00724
18	0.03103	0.03959	0.02354	0.02140	0.02568	0.67469	0.01605	0.03317	0.02354	0.02033	0.01284	0.01498	0.01070	0.00856	0.00749	0.00214	0.01498	0.00535	0.00428	0.00963

[dist]
# distance from previous block
# <min> <max>
0	1

[block]
# block no. 6 follows, 22 sequences, length 14
# corresponding to MSA columns:
# 353-366
name=unknown_G
#
# <colnr> <probs for GDERKNQSTAVLIFYWHMCP>
#	G	D	E	R	K	N	Q	S	T	A	V	L	I	F	Y	W	H	M	C	P
0	0.01997	0.02237	0.08849	0.04413	0.42711	0.02008	0.20203	0.02589	0.01901	0.02692	0.01592	0.02086	0.01279	0.00732	0.00866	0.00258	0.01127	0.00801	0.00409	0.01252
1	0.01178	0.00824	0.01058	0.01080	0.01136	0.00869	0.00716	0.01295	0.01296	0.01778	0.02716	0.12338	0.02993	0.40963	0.25227	0.00929	0.01247	0.01237	0.00515	0.00604
2	0.01339	0.00956	0.01339	0.01530	0.01721	0.00956	0.01339	0.01721	0.01912	0.02486	0.04399	0.09371	0.04781	0.02295	0.01147	0.00382	0.00765	0.60031	0.00765	0.00765
3	0.11954	0.03707	0.09032	0.02036	0.02560	0.52477	0.01674	0.03137	0.02175	0.02304	0.01290	0.01507	0.01047	0.00839	0.00725	0.00224	0.01365	0.00533	0.00430	0.00983
4	0.01187	0.00890	0.01335	0.01335	0.01483	0.01038	0.01038	0.01483	0.01335	0.01928	0.02225	0.03264	0.02077	0.06231	0.67512	0.01335	0.02225	0.00890	0.00445	0.00742
5	0.01668	0.01641	0.01392	0.01355	0.01643	0.15260	0.01018	0.05659	0.05869	0.02445	0.05044	0.20254	0.26149	0.01834	0.00943	0.00284	0.00733	0.05266	0.00705	0.00837
6	0.02543	0.01908	0.02961	0.03935	0.44238	0.01903	0.02149	0.11010	0.02262	0.15907	0.01968	0.02204	0.01479	0.00833	0.00826	0.00249	0.00920	0.00761	0.00593	0.01349
7	0.01054	0.00770	0.00999	0.01152	0.01253	0.00715	0.00817	0.01249	0.01711	0.02254	0.08978	0.52185	0.12614	0.02452	0.01055	0.00331	0.00499	0.08438	0.00780	0.00695
8	0.42588	0.02041	0.09754	0.07474	0.11164	0.01914	0.09068	0.02480	0.01605	0.03202	0.01341	0.01671	0.01035	0.00765	0.00671	0.00261	0.00888	0.00597	0.00458	0.01024
9	0.02004	0.07273	0.16650	0.01690	0.02287	0.21038	0.01597	0.06698	0.02130	0.02468	0.03783	0.03776	0.22777	0.01263	0.00829	0.00248	0.00990	0.00974	0.00551	0.00974
10	0.01798	0.03513	0.45181	0.03290	0.24543	0.01944	0.02894	0.02603	0.01800	0.02659	0.01515	0.01856	0.01141	0.00773	0.00800	0.00258	0.01146	0.00657	0.00371	0.01258
11	0.11999	0.14537	0.17784	0.24444	0.03672	0.09847	0.02062	0.02490	0.01736	0.02419	0.01359	0.01752	0.01055	0.00795	0.00717	0.00246	0.01081	0.00595	0.00389	0.01021
12	0.30968	0.02453	0.06172	0.01604	0.02155	0.18964	0.01351	0.12253	0.02201	0.07648	0.05678	0.01935	0.01568	0.00908	0.00696	0.00245	0.00936	0.00625	0.00592	0.01046
13	0.03058	0.07752	0.02492	0.02067	0.02543	0.54907	0.01591	0.11285	0.02523	0.02460	0.01372	0.01555	0.01116	0.00866	0.00747	0.00217	0.01383	0.00558	0.00478	0.01030

[dist]
# distance from previous block
# <min> <max>
2	17

[block]
# block no. 7 follows, 22 sequences, length 10
# corresponding to MSA columns:
# 384-393
name=unknown_H
#
# <colnr> <probs for GDERKNQSTAVLIFYWHMCP>
#	G	D	E	R	K	N	Q	S	T	A	V	L	I	F	Y	W	H	M	C	P
0	0.01898	0.02303	0.12748	0.27610	0.29464	0.06888	0.02470	0.02465	0.01822	0.02435	0.01499	0.02025	0.01181	0.00789	0.00815	0.00258	0.01107	0.00704	0.00388	0.01133
1	0.01080	0.00794	0.00902	0.00956	0.01060	0.00735	0.00620	0.01188	0.01538	0.01959	0.05045	0.24568	0.23840	0.29346	0.02285	0.00504	0.00590	0.01710	0.00666	0.00616
2	0.01549	0.01478	0.02705	0.02148	0.02505	0.01560	0.23655	0.01924	0.01534	0.02145	0.01968	0.03133	0.01842	0.15937	0.23483	0.00734	0.09445	0.00965	0.00438	0.00855
3	0.01825	0.07503	0.54972	0.02363	0.03502	0.01978	0.07652	0.02699	0.01799	0.05881	0.01581	0.01826	0.01122	0.00790	0.00793	0.00260	0.01197	0.00646	0.00392	0.01220
4	0.01006	0.00746	0.00941	0.01097	0.01189	0.00680	0.00745	0.01163	0.01648	0.02144	0.05309	0.58407	0.16878	0.02508	0.01045	0.00327	0.00470	0.02246	0.00771	0.00680
5	0.01068	0.00747	0.00947	0.01085	0.01119	0.00712	0.00694	0.01171	0.01481	0.01974	0.04015	0.51640	0.04784	0.22195	0.01970	0.00472	0.00575	0.02030	0.00694	0.00626
6	0.01807	0.22970	0.35236	0.02110	0.03035	0.02245	0.08767	0.02473	0.01713	0.02366	0.01491	0.01843	0.01186	0.01326	0.07706	0.00352	0.01253	0.00633	0.00369	0.01119
7	0.11015	0.16861	0.17812	0.02532	0.03391	0.02279	0.29478	0.02592	0.01793	0.02638	0.01467	0.01839	0.01131	0.00730	0.00790	0.00252	0.01165	0.00725	0.00403	0.01106
8	0.01131	0.00792	0.01004	0.01081	0.01156	0.00759	0.00730	0.01301	0.01660	0.02251	0.17122	0.31943	0.05185	0.23573	0.02033	0.00469	0.00583	0.05856	0.00719	0.00652
9	0.02078	0.02060	0.03209	0.11549	0.54989	0.06505	0.02459	0.02558	0.01900	0.02605	0.01534	0.02034	0.01277	0.00758	0.00818	0.00248	0.01035	0.00726	0.00408	0.01250

[dist]
# distance from previous block
# <min> <max>
7	32

[block]
# block no. 8 follows, 22 sequences, length 19
# corresponding to MSA columns:
# 426-444
name=unknown_I
#
# <colnr> <probs for GDERKNQSTAVLIFYWHMCP>
#	G	D	E	R	K	N	Q	S	T	A	V	L	I	F	Y	W	H	M	C	P
0	0.02048	0.02021	0.05157	0.02160	0.05963	0.08249	0.12371	0.13442	0.13492	0.03073	0.02934	0.17330	0.05383	0.01332	0.00907	0.00278	0.00913	0.01195	0.00661	0.01091
1	0.02625	0.02911	0.02051	0.01817	0.02249	0.39202	0.01393	0.14336	0.02515	0.02684	0.02763	0.02866	0.12803	0.01405	0.04481	0.00295	0.01230	0.00816	0.00569	0.00990
2	0.15776	0.01258	0.06701	0.01205	0.01468	0.01105	0.00975	0.01643	0.01558	0.02505	0.11147	0.19424	0.03549	0.16867	0.10766	0.00542	0.00874	0.01279	0.00603	0.00754
3	0.01861	0.01960	0.01676	0.01701	0.05208	0.21193	0.01236	0.02336	0.08253	0.02290	0.03845	0.04419	0.18726	0.02368	0.13759	0.00471	0.01179	0.06037	0.00592	0.00889
4	0.02884	0.03141	0.02612	0.02743	0.16552	0.37912	0.01808	0.16940	0.02611	0.02926	0.01510	0.01737	0.01204	0.00863	0.00784	0.00229	0.01249	0.00630	0.00518	0.01145
5	0.02010	0.01944	0.03212	0.04535	0.53363	0.02084	0.02408	0.02443	0.01772	0.02576	0.01471	0.02010	0.01272	0.00878	0.01190	0.00269	0.14184	0.00738	0.00402	0.01237
6	0.02077	0.17589	0.06876	0.16081	0.27675	0.08754	0.04730	0.02539	0.01843	0.02357	0.01429	0.01862	0.01179	0.00764	0.00757	0.00236	0.01070	0.00657	0.00389	0.01136
7	0.16259	0.15790	0.42745	0.01952	0.02949	0.02160	0.02355	0.02569	0.01676	0.02721	0.01366	0.01600	0.01025	0.00772	0.00690	0.00247	0.01054	0.00552	0.00383	0.01135
8	0.17099	0.02720	0.02390	0.02546	0.16366	0.26571	0.01673	0.15545	0.02397	0.03187	0.01471	0.01698	0.01164	0.00844	0.00737	0.00237	0.01096	0.00609	0.00526	0.01124
9	0.31924	0.01528	0.01475	0.01367	0.01664	0.05250	0.01076	0.02142	0.04881	0.02879	0.05330	0.14643	0.07527	0.01398	0.01102	0.00292	0.13044	0.01028	0.00585	0.00865
10	0.03000	0.02685	0.02148	0.01854	0.02363	0.30218	0.01441	0.08823	0.17705	0.17793	0.02331	0.02248	0.01693	0.00975	0.00800	0.00244	0.01055	0.00724	0.00707	0.01194
11	0.01098	0.00828	0.01023	0.01109	0.01251	0.00779	0.00779	0.01427	0.05258	0.02463	0.17482	0.42677	0.16243	0.02250	0.01018	0.00309	0.00463	0.02002	0.00804	0.00737
12	0.01607	0.01177	0.01497	0.01374	0.01603	0.01318	0.01049	0.14384	0.01853	0.02565	0.02252	0.03416	0.02119	0.17604	0.41209	0.01004	0.01674	0.00922	0.00538	0.00837
13	0.01666	0.04297	0.66500	0.02368	0.03596	0.01929	0.03069	0.02631	0.01754	0.02631	0.01491	0.01754	0.01052	0.00789	0.00789	0.00263	0.01228	0.00614	0.00351	0.01228
14	0.01228	0.00973	0.01130	0.01200	0.01388	0.00974	0.00855	0.01852	0.14857	0.02434	0.05177	0.42278	0.18128	0.02181	0.00998	0.00313	0.00505	0.01927	0.00787	0.00816
15	0.02371	0.02778	0.02172	0.13376	0.02859	0.38931	0.01616	0.02659	0.01966	0.02025	0.01506	0.02010	0.01290	0.02016	0.14956	0.00469	0.05021	0.00654	0.00418	0.00907
16	0.01996	0.01451	0.04980	0.01405	0.01811	0.01327	0.01151	0.14962	0.05843	0.12684	0.17601	0.18764	0.09336	0.01606	0.00927	0.00278	0.00630	0.01378	0.00836	0.01032
17	0.03116	0.03581	0.02386	0.02087	0.02570	0.52435	0.01599	0.17110	0.02714	0.02775	0.01449	0.01613	0.01149	0.00889	0.00768	0.00222	0.01363	0.00584	0.00521	0.01067
18	0.01051	0.00813	0.00963	0.01022	0.01209	0.00725	0.00749	0.01287	0.01889	0.02431	0.17939	0.27069	0.31781	0.02193	0.01016	0.00301	0.00456	0.05593	0.00799	0.00713

[dist]
# distance from previous block
# <min> <max>
0	21

[block]
# block no. 9 follows, 22 sequences, length 62
# corresponding to MSA columns:
# 466-527
name=unknown_J
#
# <colnr> <probs for GDERKNQSTAVLIFYWHMCP>
#	G	D	E	R	K	N	Q	S	T	A	V	L	I	F	Y	W	H	M	C	P
0	0.01685	0.04169	0.62677	0.02438	0.03642	0.01940	0.06765	0.02633	0.01767	0.02633	0.01503	0.01784	0.01065	0.00784	0.00801	0.00264	0.01238	0.00637	0.00355	0.01221
1	0.02505	0.02624	0.02391	0.02635	0.17897	0.27584	0.01682	0.14355	0.02442	0.02850	0.02377	0.07671	0.07202	0.01101	0.00828	0.00244	0.01084	0.00877	0.00559	0.01092
2	0.01975	0.01891	0.03226	0.15685	0.55669	0.01953	0.02509	0.02479	0.01853	0.02616	0.01548	0.02082	0.01281	0.00755	0.00824	0.00252	0.01007	0.00740	0.00404	0.01251
3	0.01005	0.00752	0.00934	0.01079	0.01184	0.00681	0.00737	0.01165	0.01665	0.02151	0.05526	0.54895	0.20250	0.02480	0.01041	0.00323	0.00467	0.02212	0.00771	0.00681
