[name]
unknown

[dist]
# distance from previous block
# <min> <max>
0	1

[block]
# block no. 0 follows, 23 sequences, length 39
# corresponding to MSA columns:
# 1-39
name=unknown_A
#
# <colnr> <probs for GDERKNQSTAVLIFYWHMCP>
#	G	D	E	R	K	N	Q	S	T	A	V	L	I	F	Y	W	H	M	C	P
0	0.01308	0.00934	0.01308	0.01494	0.01681	0.00934	0.01308	0.01681	0.01868	0.02428	0.04296	0.09153	0.04670	0.02242	0.01121	0.00374	0.00747	0.60960	0.00747	0.00747
1	0.01778	0.01693	0.02878	0.36189	0.37011	0.01867	0.02376	0.02289	0.01739	0.02372	0.01486	0.02083	0.01187	0.00766	0.00807	0.00255	0.01021	0.00722	0.00382	0.01100
2	0.01046	0.00825	0.00943	0.00914	0.01150	0.00722	0.00685	0.01333	0.02056	0.02681	0.34827	0.07004	0.39181	0.01873	0.00958	0.00265	0.00398	0.01600	0.00818	0.00722
3	0.01180	0.00787	0.00885	0.00885	0.00885	0.00787	0.00492	0.01180	0.01180	0.01573	0.02557	0.05310	0.02950	0.71483	0.04130	0.00787	0.00787	0.01180	0.00492	0.00492
4	0.00959	0.00822	0.00822	0.00822	0.01096	0.00685	0.00617	0.01165	0.01850	0.02192	0.08220	0.07809	0.66092	0.02055	0.00959	0.00274	0.00411	0.01713	0.00754	0.00685
5	0.02646	0.03225	0.02357	0.02103	0.02392	0.48046	0.01631	0.02845	0.01975	0.01976	0.01196	0.01559	0.01051	0.01015	0.01324	0.00254	0.22501	0.00580	0.00399	0.00924
6	0.03031	0.03867	0.02299	0.02090	0.02508	0.68226	0.01568	0.03240	0.02299	0.01986	0.01254	0.01463	0.01045	0.00836	0.00732	0.00209	0.01463	0.00523	0.00418	0.00941
7	0.01110	0.00828	0.01031	0.00980	0.01189	0.00749	0.00735	0.01457	0.02206	0.03038	0.54250	0.06416	0.19535	0.01739	0.00957	0.00259	0.00389	0.01517	0.00865	0.00749
8	0.03031	0.03867	0.02299	0.02090	0.02508	0.68226	0.01568	0.03240	0.02299	0.01986	0.01254	0.01463	0.01045	0.00836	0.00732	0.00209	0.01463	0.00523	0.00418	0.00941
9	0.02018	0.01743	0.01835	0.01651	0.02110	0.02018	0.01284	0.04312	0.64956	0.03394	0.03303	0.03027	0.02477	0.01101	0.00826	0.00275	0.00642	0.00917	0.00826	0.01284
10	0.01159	0.00869	0.01304	0.01304	0.01449	0.01014	0.01014	0.01449	0.01304	0.01884	0.02173	0.03188	0.02029	0.06086	0.68268	0.01304	0.02173	0.00869	0.00435	0.00724
11	0.02664	0.02041	0.02186	0.01760	0.02329	0.02279	0.01426	0.42480	0.22510	0.04496	0.05455	0.02478	0.02020	0.01046	0.00823	0.00254	0.00791	0.00823	0.00820	0.01321
12	0.77215	0.01569	0.01193	0.01067	0.01569	0.01820	0.00879	0.02385	0.01381	0.03641	0.01130	0.01318	0.00879	0.00753	0.00502	0.00251	0.00628	0.00439	0.00502	0.00879
13	0.03085	0.02273	0.02435	0.01867	0.02516	0.02516	0.01542	0.63716	0.03815	0.05114	0.01948	0.01948	0.01380	0.00974	0.00812	0.00244	0.00893	0.00731	0.00812	0.01380
14	0.01513	0.00756	0.00756	0.00756	0.00945	0.00756	0.00567	0.01891	0.01702	0.03025	0.02647	0.03025	0.02080	0.00945	0.00567	0.00189	0.00378	0.00756	0.75988	0.00756
15	0.01025	0.00721	0.00931	0.01084	0.01122	0.00683	0.00704	0.01139	0.01483	0.01978	0.04113	0.58633	0.04913	0.15482	0.01616	0.00415	0.00530	0.02095	0.00704	0.00628
16	0.01513	0.00756	0.00756	0.00756	0.00945	0.00756	0.00567	0.01891	0.01702	0.03025	0.02647	0.03025	0.02080	0.00945	0.00567	0.00189	0.00378	0.00756	0.75988	0.00756
17	0.01837	0.02949	0.32074	0.03781	0.38125	0.01908	0.02719	0.02526	0.01787	0.02614	0.01495	0.01876	0.01170	0.00745	0.00789	0.00248	0.01070	0.00667	0.00375	0.01247
18	0.01913	0.01633	0.01744	0.01575	0.02002	0.01867	0.01222	0.03976	0.57399	0.03377	0.10864	0.03393	0.03102	0.01168	0.00841	0.00273	0.00611	0.00984	0.00834	0.01222
19	0.01121	0.00762	0.00902	0.00960	0.00975	0.00747	0.00572	0.01165	0.01295	0.01726	0.03145	0.25477	0.03692	0.50304	0.03179	0.00646	0.00690	0.01526	0.00572	0.00543
20	0.10313	0.42106	0.03345	0.01652	0.05403	0.06254	0.01411	0.11885	0.02039	0.06912	0.01417	0.01543	0.01152	0.00772	0.00608	0.00203	0.00872	0.00524	0.00484	0.01105
21	0.01888	0.06609	0.37355	0.02444	0.09770	0.13135	0.05667	0.02547	0.01847	0.02417	0.02019	0.02244	0.06787	0.00882	0.00783	0.00246	0.01144	0.00709	0.00402	0.01106
22	0.01042	0.00819	0.00941	0.00925	0.01150	0.00718	0.00688	0.01319	0.02024	0.02639	0.32708	0.10677	0.37630	0.01914	0.00963	0.00269	0.00402	0.01642	0.00813	0.00718
23	0.18245	0.01976	0.05431	0.15459	0.27960	0.04941	0.09742	0.02443	0.01729	0.02720	0.01424	0.01873	0.01132	0.00748	0.00754	0.00252	0.00996	0.00676	0.00415	0.01084
24	0.02906	0.03717	0.06072	0.02225	0.05504	0.58081	0.01691	0.06204	0.02321	0.02207	0.01313	0.01527	0.01072	0.00834	0.00741	0.00215	0.01397	0.00547	0.00433	0.00993
25	0.01732	0.12137	0.53073	0.02477	0.09833	0.02049	0.02751	0.02545	0.01719	0.02498	0.01424	0.01694	0.01056	0.00757	0.00744	0.00245	0.01135	0.00592	0.00349	0.01189
26	0.02129	0.02087	0.03257	0.04544	0.55650	0.06339	0.05440	0.05835	0.01987	0.02737	0.01537	0.01978	0.01272	0.00742	0.00807	0.00241	0.01013	0.00722	0.00425	0.01258
27	0.01794	0.01468	0.01489	0.01366	0.01726	0.04189	0.01051	0.03272	0.38642	0.03181	0.10913	0.03587	0.06382	0.01177	0.00792	0.00253	0.00578	0.00978	0.16092	0.01068
28	0.01671	0.03924	0.59997	0.02239	0.03356	0.01899	0.02807	0.02764	0.08751	0.02661	0.01662	0.01859	0.01189	0.00808	0.00777	0.00259	0.01137	0.00635	0.00396	0.01209
29	0.00969	0.00822	0.00835	0.00832	0.01102	0.00689	0.00624	0.01183	0.01872	0.02246	0.11171	0.07720	0.63108	0.02035	0.00959	0.00273	0.00410	0.01700	0.00761	0.00689
30	0.01159	0.00869	0.01304	0.01304	0.01449	0.01014	0.01014	0.01449	0.01304	0.01884	0.02173	0.03188	0.02029	0.06086	0.68268	0.01304	0.02173	0.00869	0.00435	0.00724
31	0.77215	0.01569	0.01193	0.01067	0.01569	0.01820	0.00879	0.02385	0.01381	0.03641	0.01130	0.01318	0.00879	0.00753	0.00502	0.00251	0.00628	0.00439	0.00502	0.00879
32	0.02018	0.01743	0.01835	0.01651	0.02110	0.02018	0.01284	0.04312	0.64956	0.03394	0.03303	0.03027	0.02477	0.01101	0.00826	0.00275	0.00642	0.00917	0.00826	0.01284
33	0.01081	0.00777	0.01024	0.01067	0.01197	0.00720	0.00760	0.01361	0.01981	0.02751	0.39853	0.33634	0.06683	0.02034	0.00990	0.00287	0.00420	0.01824	0.00834	0.00720
34	0.01799	0.14278	0.01920	0.01262	0.01672	0.03990	0.01037	0.09035	0.08157	0.06440	0.22959	0.04465	0.17106	0.01371	0.00833	0.00243	0.00615	0.01125	0.00737	0.00957
35	0.02246	0.21773	0.27027	0.02002	0.02837	0.12977	0.04490	0.12648	0.02142	0.02718	0.01424	0.01621	0.01100	0.00791	0.00712	0.00226	0.01110	0.00579	0.00435	0.01141
36	0.01948	0.02581	0.17112	0.02278	0.02948	0.08772	0.16387	0.04827	0.04245	0.02542	0.01493	0.01865	0.01185	0.00869	0.01140	0.00250	0.14041	0.00693	0.00430	0.14395
37	0.02625	0.03236	0.14713	0.02227	0.06868	0.30475	0.01868	0.19247	0.02520	0.02977	0.01539	0.01756	0.01193	0.01095	0.03868	0.00280	0.01259	0.00622	0.00509	0.01121
38	0.10818	0.02292	0.18412	0.02831	0.24909	0.05420	0.01987	0.02241	0.01719	0.02584	0.02094	0.16988	0.02056	0.01145	0.00806	0.00264	0.00902	0.00995	0.00477	0.01057

[dist]
# distance from previous block
# <min> <max>
0	3

[block]
# block no. 1 follows, 23 sequences, length 97
# corresponding to MSA columns:
# 43-139
name=unknown_B
#
# <colnr> <probs for GDERKNQSTAVLIFYWHMCP>
#	G	D	E	R	K	N	Q	S	T	A	V	L	I	F	Y	W	H	M	C	P
0	0.12247	0.07403	0.22578	0.16038	0.14919	0.01940	0.02178	0.02575	0.05249	0.05280	0.01574	0.01891	0.01188	0.00791	0.00735	0.00251	0.00978	0.00640	0.00434	0.01112
1	0.01913	0.14208	0.25213	0.10024	0.24377	0.05918	0.02407	0.02507	0.01772	0.02404	0.01413	0.01777	0.01122	0.00750	0.00743	0.00237	0.01070	0.00622	0.00369	0.01156
2	0.02496	0.39804	0.07061	0.01733	0.02342	0.30127	0.01555	0.02774	0.01923	0.01979	0.01199	0.01392	0.01042	0.00758	0.00623	0.00193	0.01134	0.00480	0.00376	0.01009
3	0.27389	0.01878	0.12091	0.01631	0.05589	0.01630	0.01430	0.07426	0.06278	0.03236	0.02146	0.03130	0.01868	0.01073	0.00724	0.00266	0.00752	0.10866	0.09611	0.00986
4	0.01173	0.04872	0.01105	0.01002	0.01204	0.00876	0.00756	0.01410	0.01678	0.02279	0.04999	0.24290	0.24739	0.02273	0.06815	0.00363	0.00618	0.04139	0.14689	0.00717
5	0.01530	0.01277	0.01775	0.02235	0.17714	0.01300	0.01424	0.02169	0.11545	0.02520	0.03850	0.05879	0.12073	0.08091	0.01253	0.00350	0.00741	0.22694	0.00650	0.00932
6	0.01159	0.00869	0.01304	0.01304	0.01449	0.01014	0.01014	0.01449	0.01304	0.01884	0.02173	0.03188	0.02029	0.06086	0.68268	0.01304	0.02173	0.00869	0.00435	0.00724
7	0.06893	0.18396	0.02675	0.01976	0.05900	0.39172	0.01503	0.07167	0.02169	0.02329	0.01554	0.01730	0.03592	0.00851	0.00691	0.00210	0.01176	0.00570	0.00447	0.01000
8	0.01159	0.00869	0.01304	0.01304	0.01449	0.01014	0.01014	0.01449	0.01304	0.01884	0.02173	0.03188	0.02029	0.06086	0.68268	0.01304	0.02173	0.00869	0.00435	0.00724
9	0.23060	0.28242	0.10956	0.01578	0.02220	0.17598	0.01493	0.02621	0.01732	0.02490	0.01199	0.01396	0.00996	0.00753	0.00596	0.00214	0.00980	0.00477	0.00406	0.00993
10	0.02703	0.03414	0.05655	0.06402	0.13681	0.49875	0.01834	0.03013	0.02155	0.02133	0.01321	0.01608	0.01088	0.00812	0.00750	0.00220	0.01343	0.00572	0.00408	0.01010
11	0.01264	0.00855	0.01122	0.01040	0.01252	0.00785	0.00785	0.01644	0.02298	0.06207	0.63084	0.05908	0.07395	0.01629	0.00950	0.00255	0.00397	0.01437	0.00898	0.00794
12	0.02006	0.01891	0.02974	0.03972	0.45135	0.01960	0.05585	0.03000	0.19310	0.02854	0.02024	0.02300	0.01612	0.00825	0.00818	0.00252	0.00898	0.00790	0.00519	0.01274
13	0.01982	0.01901	0.03245	0.08609	0.63002	0.01921	0.02477	0.02467	0.01835	0.02618	0.01522	0.02017	0.01274	0.00728	0.00804	0.00243	0.00971	0.00723	0.00399	0.01264
14	0.01044	0.00825	0.00941	0.00912	0.01148	0.00721	0.00684	0.01330	0.02051	0.02671	0.34293	0.07020	0.39720	0.01876	0.00958	0.00266	0.00398	0.01602	0.00817	0.00721
15	0.01098	0.00827	0.01015	0.00968	0.01181	0.00744	0.00726	0.01434	0.02178	0.02972	0.50681	0.06524	0.23144	0.01764	0.00958	0.00260	0.00390	0.01532	0.00856	0.00744
16	0.03085	0.02273	0.02435	0.01867	0.02516	0.02516	0.01542	0.63716	0.03815	0.05114	0.01948	0.01948	0.01380	0.00974	0.00812	0.00244	0.00893	0.00731	0.00812	0.01380
17	0.01985	0.01904	0.03252	0.08137	0.63447	0.01922	0.02479	0.02470	0.01837	0.02623	0.01522	0.02016	0.01275	0.00727	0.00804	0.00242	0.00970	0.00723	0.00400	0.01267
18	0.01293	0.01085	0.01155	0.01092	0.01404	0.01077	0.00832	0.02121	0.19828	0.02719	0.16915	0.06147	0.37841	0.01715	0.00921	0.00271	0.00472	0.01444	0.00798	0.00869
19	0.01989	0.01994	0.01823	0.01404	0.02056	0.16353	0.01099	0.02315	0.01823	0.02494	0.01399	0.01633	0.01166	0.00654	0.00631	0.00140	0.00797	0.00490	0.00466	0.59271
20	0.01982	0.01901	0.03247	0.08505	0.63100	0.01921	0.02477	0.02467	0.01835	0.02619	0.01522	0.02017	0.01274	0.00728	0.00804	0.00243	0.00970	0.00723	0.00399	0.01264
21	0.02219	0.68060	0.04140	0.01429	0.02107	0.06945	0.01399	0.02476	0.01686	0.01913	0.01135	0.01311	0.01042	0.00702	0.00533	0.00176	0.00902	0.00439	0.00351	0.01036
22	0.02779	0.03406	0.02490	0.05408	0.14538	0.53141	0.01768	0.03052	0.02187	0.02113	0.01313	0.01594	0.01091	0.00814	0.00748	0.00218	0.01355	0.00568	0.00413	0.01003
23	0.00999	0.00797	0.00895	0.00927	0.01135	0.00693	0.00674	0.01221	0.01860	0.02350	0.17458	0.21866	0.42075	0.02097	0.00976	0.00283	0.00420	0.01805	0.00778	0.00693
24	0.01064	0.00800	0.00985	0.00994	0.01174	0.00721	0.00725	0.01346	0.02014	0.02714	0.37231	0.21190	0.22154	0.01960	0.00975	0.00277	0.00410	0.01720	0.00826	0.00721
25	0.02009	0.01915	0.03190	0.04745	0.61874	0.01934	0.02405	0.02619	0.06310	0.02703	0.01652	0.02080	0.01370	0.00750	0.00805	0.00243	0.00941	0.00737	0.00432	0.01285
26	0.01747	0.01819	0.02503	0.02082	0.02395	0.11842	0.15642	0.02092	0.01584	0.02078	0.01681	0.02402	0.01496	0.03075	0.28884	0.00703	0.15884	0.00804	0.00410	0.00876
27	0.01003	0.00802	0.00906	0.00977	0.01179	0.00704	0.00726	0.01209	0.01770	0.02183	0.06775	0.25418	0.42908	0.02209	0.00997	0.00300	0.00462	0.08035	0.00753	0.00684
28	0.01082	0.00792	0.01024	0.01136	0.01238	0.00760	0.00786	0.01399	0.05356	0.02403	0.17715	0.53013	0.05696	0.02268	0.01007	0.00310	0.00462	0.02045	0.00788	0.00718
29	0.01743	0.01649	0.02757	0.16379	0.26690	0.01720	0.10359	0.02422	0.08442	0.02549	0.02524	0.03455	0.06360	0.01055	0.00878	0.00273	0.00943	0.08221	0.00506	0.01075
30	0.01981	0.01208	0.01257	0.01087	0.01414	0.01281	0.00858	0.20324	0.02332	0.03648	0.02439	0.02704	0.01871	0.00954	0.00640	0.00205	0.00532	0.00749	0.53574	0.00942
31	0.02402	0.33650	0.06176	0.02318	0.14043	0.24464	0.01719	0.02715	0.01904	0.02099	0.01257	0.01502	0.01087	0.00750	0.00653	0.00201	0.01097	0.00523	0.00380	0.01059
32	0.00989	0.00706	0.00942	0.01130	0.01177	0.00659	0.00753	0.01130	0.01554	0.02071	0.04472	0.70954	0.05367	0.02542	0.01036	0.00330	0.00471	0.02307	0.00753	0.00659
33	0.01501	0.01062	0.01152	0.01037	0.01338	0.01040	0.00803	0.12342	0.02266	0.03146	0.19662	0.05280	0.26268	0.01519	0.00844	0.00245	0.00481	0.01265	0.17909	0.00842
34	0.00970	0.00816	0.00841	0.00849	0.01106	0.00687	0.00631	0.01180	0.01854	0.02236	0.10753	0.11353	0.59825	0.02064	0.00963	0.00276	0.00413	0.01735	0.00760	0.00687
35	0.01174	0.00809	0.00996	0.00996	0.01034	0.00847	0.00630	0.01251	0.01213	0.01656	0.02455	0.04748	0.02706	0.54150	0.21129	0.00924	0.01154	0.01098	0.00477	0.00553
36	0.02161	0.68009	0.04116	0.01403	0.02084	0.03143	0.01383	0.02536	0.05221	0.01993	0.01251	0.01399	0.01122	0.00717	0.00538	0.00179	0.00855	0.00461	0.00374	0.01055
37	0.01056	0.00778	0.01004	0.01159	0.01277	0.00726	0.00855	0.01261	0.01677	0.02174	0.05087	0.45869	0.15814	0.02389	0.01042	0.00330	0.00523	0.15543	0.00752	0.00684
38	0.01947	0.02061	0.02460	0.02125	0.02182	0.11453	0.01747	0.02128	0.01387	0.01957	0.01091	0.01733	0.01062	0.01341	0.02399	0.00335	0.60649	0.00685	0.00364	0.00895
39	0.03031	0.03867	0.02299	0.02090	0.02508	0.68226	0.01568	0.03240	0.02299	0.01986	0.01254	0.01463	0.01045	0.00836	0.00732	0.00209	0.01463	0.00523	0.00418	0.00941
40	0.02020	0.01696	0.01822	0.01650	0.02094	0.01941	0.01305	0.08239	0.54075	0.03416	0.03310	0.03588	0.02627	0.01210	0.00855	0.00283	0.00671	0.07145	0.00817	0.01235
41	0.06058	0.28450	0.02787	0.01606	0.02116	0.29009	0.01345	0.06208	0.02029	0.02343	0.01412	0.01616	0.01182	0.00801	0.00627	0.00197	0.01038	0.00526	0.09672	0.00978
42	0.01039	0.00795	0.00952	0.00976	0.01161	0.00709	0.00708	0.01295	0.01945	0.02566	0.29258	0.23147	0.28462	0.02028	0.00978	0.00281	0.00415	0.01770	0.00807	0.00709
43	0.01694	0.12496	0.59562	0.02200	0.03337	0.02047	0.02801	0.02553	0.01705	0.02489	0.01416	0.01663	0.01030	0.00762	0.00740	0.00247	0.01159	0.00579	0.00343	0.01180
44	0.01627	0.04197	0.67279	0.02313	0.03512	0.01884	0.02998	0.02570	0.01713	0.02570	0.01456	0.01713	0.01028	0.00771	0.00771	0.00257	0.01199	0.00600	0.00343	0.01199
45	0.01003	0.00802	0.00906	0.00977	0.01179	0.00704	0.00726	0.01209	0.01770	0.02183	0.06775	0.25418	0.42908	0.02209	0.00997	0.00300	0.00462	0.08035	0.00753	0.00684
46	0.01627	0.04197	0.67279	0.02313	0.03512	0.01884	0.02998	0.02570	0.01713	0.02570	0.01456	0.01713	0.01028	0.00771	0.00771	0.00257	0.01199	0.00600	0.00343	0.01199
47	0.01159	0.00869	0.01304	0.01304	0.01449	0.01014	0.01014	0.01449	0.01304	0.01884	0.02173	0.03188	0.02029	0.06086	0.68268	0.01304	0.02173	0.00869	0.00435	0.00724
48	0.01013	0.00824	0.00897	0.00879	0.01129	0.00708	0.00659	0.01270	0.01978	0.02496	0.24773	0.07308	0.49350	0.01942	0.00958	0.00269	0.00403	0.01642	0.00794	0.00708
49	0.00959	0.00822	0.00822	0.00822	0.01096	0.00685	0.00617	0.01165	0.01850	0.02192	0.08220	0.07809	0.66092	0.02055	0.00959	0.00274	0.00411	0.01713	0.00754	0.00685
50	0.01532	0.01442	0.02434	0.69533	0.05589	0.01803	0.02253	0.02073	0.01622	0.02073	0.01442	0.02163	0.01082	0.00811	0.00811	0.00270	0.01082	0.00721	0.00361	0.00901
51	0.02008	0.01928	0.03294	0.04981	0.66422	0.01928	0.02490	0.02490	0.01848	0.02651	0.01526	0.02008	0.01285	0.00723	0.00803	0.00241	0.00964	0.00723	0.00402	0.01285
52	0.01022	0.00740	0.00966	0.01089	0.01180	0.00684	0.00748	0.01220	0.01734	0.02339	0.18231	0.53113	0.09285	0.02320	0.01014	0.00310	0.00448	0.02089	0.00784	0.00684
53	0.01901	0.01818	0.03099	0.19595	0.52650	0.01900	0.02437	0.02396	0.01797	0.02520	0.01507	0.02043	0.01239	0.00743	0.00805	0.00248	0.00991	0.00723	0.00392	0.01198
54	0.01664	0.01688	0.01893	0.01703	0.01980	0.16409	0.07633	0.01976	0.01594	0.01981	0.01909	0.02692	0.01722	0.04330	0.45910	0.00948	0.01928	0.00800	0.00428	0.00812
55	0.01770	0.03998	0.62655	0.02251	0.03410	0.01836	0.02870	0.02668	0.01756	0.07124	0.01580	0.01787	0.01097	0.00787	0.00774	0.00257	0.01163	0.00615	0.00389	0.01212
56	0.01890	0.02429	0.17871	0.07940	0.45640	0.01917	0.05574	0.02490	0.01808	0.02597	0.01511	0.01959	0.01213	0.00737	0.00804	0.00248	0.01044	0.00706	0.00386	0.01235
57	0.01010	0.00776	0.00916	0.01001	0.01155	0.00695	0.00710	0.01198	0.01725	0.02198	0.10269	0.34966	0.30302	0.05271	0.01137	0.00323	0.00466	0.04459	0.00752	0.00674
58	0.02005	0.05005	0.03207	0.11422	0.54819	0.04539	0.02382	0.02473	0.01833	0.02533	0.01490	0.01972	0.01244	0.00735	0.00789	0.00240	0.00991	0.00702	0.00396	0.01221
59	0.01913	0.02138	0.09307	0.13340	0.24159	0.06617	0.02082	0.02729	0.13540	0.02537	0.01785	0.02164	0.01431	0.01079	0.03230	0.00300	0.09321	0.00735	0.00465	0.01127
60	0.02150	0.27546	0.03283	0.02873	0.26585	0.12407	0.01827	0.02499	0.01846	0.02257	0.01628	0.02411	0.01512	0.00888	0.00723	0.00225	0.00983	0.06849	0.00420	0.01088
61	0.01391	0.01161	0.01428	0.01601	0.08239	0.01169	0.01110	0.02143	0.16247	0.02641	0.10458	0.09839	0.25113	0.01727	0.00946	0.00291	0.00584	0.12268	0.00744	0.00901
62	0.01968	0.01686	0.01797	0.01640	0.02080	0.01942	0.01286	0.04126	0.60495	0.03326	0.03373	0.03461	0.02632	0.01182	0.00847	0.00282	0.00650	0.05163	0.00820	0.01246
63	0.01077	0.00772	0.00886	0.00938	0.01014	0.00728	0.00592	0.01163	0.01435	0.01851	0.04368	0.24036	0.17908	0.36699	0.02556	0.00544	0.00614	0.01612	0.00623	0.00582
64	0.01022	0.00824	0.00909	0.00888	0.01135	0.00712	0.00666	0.01287	0.01998	0.02545	0.27451	0.07227	0.46641	0.01923	0.00958	0.00268	0.00402	0.01631	0.00800	0.00712
65	0.00989	0.00706	0.00942	0.01130	0.01177	0.00659	0.00753	0.01130	0.01554	0.02071	0.04472	0.70954	0.05367	0.02542	0.01036	0.00330	0.00471	0.02307	0.00753	0.00659
66	0.00968	0.00822	0.00834	0.00831	0.01102	0.00689	0.00624	0.01182	0.01871	0.02243	0.10968	0.07726	0.63313	0.02036	0.00959	0.00273	0.00410	0.01701	0.00760	0.00689
67	0.03085	0.02273	0.02435	0.01867	0.02516	0.02516	0.01542	0.63716	0.03815	0.05114	0.01948	0.01948	0.01380	0.00974	0.00812	0.00244	0.00893	0.00731	0.00812	0.01380
68	0.03085	0.02273	0.02435	0.01867	0.02516	0.02516	0.01542	0.63716	0.03815	0.05114	0.01948	0.01948	0.01380	0.00974	0.00812	0.00244	0.00893	0.00731	0.00812	0.01380
69	0.01003	0.00824	0.00882	0.00868	0.01123	0.00704	0.00651	0.01249	0.01952	0.02436	0.21514	0.07407	0.52646	0.01964	0.00959	0.00270	0.00405	0.01656	0.00786	0.00704
70	0.01296	0.00927	0.01292	0.01461	0.01648	0.00922	0.01269	0.01671	0.01898	0.02487	0.08659	0.08934	0.04881	0.02200	0.01109	0.00365	0.00721	0.56754	0.00758	0.00748
71	0.02018	0.01743	0.01835	0.01651	0.02110	0.02018	0.01284	0.04312	0.64956	0.03394	0.03303	0.03027	0.02477	0.01101	0.00826	0.00275	0.00642	0.00917	0.00826	0.01284
72	0.01409	0.00705	0.01057	0.01057	0.01057	0.00705	0.00705	0.01057	0.01057	0.01409	0.01409	0.02467	0.01409	0.02819	0.03171	0.76392	0.00705	0.00705	0.00352	0.00352
73	0.03039	0.03623	0.02320	0.02056	0.02510	0.58177	0.01564	0.12488	0.02531	0.02464	0.01360	0.01537	0.01096	0.00857	0.00744	0.00214	0.01376	0.00554	0.00478	0.01008
74	0.02008	0.01928	0.03294	0.04981	0.66422	0.01928	0.02490	0.02490	0.01848	0.02651	0.01526	0.02008	0.01285	0.00723	0.00803	0.00241	0.00964	0.00723	0.00402	0.01285
75	0.02018	0.01743	0.01835	0.01651	0.02110	0.02018	0.01284	0.04312	0.64956	0.03394	0.03303	0.03027	0.02477	0.01101	0.00826	0.00275	0.00642	0.00917	0.00826	0.01284
76	0.02008	0.01928	0.03294	0.04981	0.66422	0.01928	0.02490	0.02490	0.01848	0.02651	0.01526	0.02008	0.01285	0.00723	0.00803	0.00241	0.00964	0.00723	0.00402	0.01285
77	0.01532	0.01442	0.02434	0.69533	0.05589	0.01803	0.02253	0.02073	0.01622	0.02073	0.01442	0.02163	0.01082	0.00811	0.00811	0.00270	0.01082	0.00721	0.00361	0.00901
78	0.01981	0.01901	0.03245	0.08623	0.62989	0.01921	0.02477	0.02467	0.01835	0.02618	0.01522	0.02017	0.01274	0.00728	0.00804	0.00243	0.00971	0.00723	0.00399	0.01264
79	0.01180	0.00787	0.00885	0.00885	0.00885	0.00787	0.00492	0.01180	0.01180	0.01573	0.02557	0.05310	0.02950	0.71483	0.04130	0.00787	0.00787	0.01180	0.00492	0.00492
80	0.01510	0.01139	0.01258	0.01138	0.01425	0.01129	0.00854	0.15628	0.02258	0.02946	0.14957	0.13262	0.26929	0.10301	0.01322	0.00333	0.00570	0.01451	0.00757	0.00831
81	0.01869	0.01767	0.02931	0.06965	0.51661	0.01803	0.02218	0.02300	0.01770	0.02534	0.01763	0.08303	0.01635	0.00928	0.00922	0.00252	0.04804	0.00857	0.00433	0.04285
82	0.01888	0.01901	0.03561	0.04049	0.38946	0.01848	0.22610	0.02427	0.01917	0.02696	0.08266	0.02490	0.01930	0.00807	0.00871	0.00253	0.01038	0.00878	0.00456	0.01168
83	0.12848	0.01579	0.02305	0.03157	0.36563	0.01565	0.01713	0.02229	0.01813	0.05385	0.05744	0.03172	0.13389	0.01021	0.00787	0.00244	0.00760	0.00890	0.00532	0.04305
84	0.08824	0.05178	0.20457	0.01365	0.01927	0.01288	0.01416	0.01861	0.01886	0.02745	0.22198	0.04574	0.20483	0.01372	0.00838	0.00257	0.00675	0.01131	0.00631	0.00894
85	0.02209	0.07362	0.35207	0.02028	0.02895	0.12107	0.02210	0.13160	0.02226	0.06551	0.05217	0.01995	0.01520	0.00874	0.00771	0.00242	0.01093	0.00662	0.00503	0.01167
86	0.01816	0.02712	0.35620	0.01787	0.02566	0.01478	0.02001	0.05373	0.01917	0.11666	0.07939	0.09947	0.05942	0.04421	0.00989	0.00288	0.00905	0.00977	0.00578	0.01079
87	0.02239	0.02784	0.09106	0.02278	0.08300	0.29931	0.06055	0.05058	0.01982	0.02266	0.01775	0.02173	0.03784	0.01807	0.12623	0.00424	0.05296	0.00705	0.00437	0.00977
88	0.05358	0.02290	0.09153	0.02692	0.21076	0.08549	0.01833	0.17540	0.08156	0.05936	0.04756	0.02446	0.04722	0.00949	0.00799	0.00246	0.00917	0.00780	0.00601	0.01203
89	0.14015	0.04928	0.26067	0.06581	0.02809	0.04382	0.01934	0.09090	0.01989	0.14812	0.01791	0.01943	0.01271	0.01067	0.03676	0.00296	0.01017	0.00640	0.00547	0.01145
90	0.08407	0.01946	0.08744	0.01885	0.08788	0.04244	0.01472	0.12800	0.12245	0.13797	0.03328	0.03237	0.13383	0.01126	0.00808	0.00256	0.00771	0.00907	0.00703	0.01151
91	0.16175	0.08961	0.02241	0.02183	0.16538	0.01916	0.01433	0.09399	0.13547	0.05940	0.08036	0.02708	0.05660	0.00993	0.00746	0.00246	0.00729	0.00803	0.00627	0.01117
92	0.25638	0.01752	0.05424	0.01955	0.13592	0.04481	0.01359	0.05697	0.04366	0.03004	0.02823	0.03192	0.12957	0.01082	0.00735	0.00250	0.00739	0.04075	0.00558	0.06320
93	0.26820	0.02392	0.11199	0.01799	0.04878	0.16387	0.04025	0.02684	0.01770	0.09972	0.01594	0.01847	0.01227	0.01408	0.08402	0.00363	0.01122	0.00605	0.00502	0.01003
94	0.01931	0.07470	0.16805	0.02721	0.13205	0.07403	0.16811	0.02744	0.10440	0.02583	0.01893	0.05896	0.01569	0.00880	0.00816	0.00250	0.01059	0.00822	0.00470	0.04235
95	0.06572	0.05152	0.10411	0.02386	0.14791	0.07433	0.01773	0.18907	0.08884	0.06017	0.01885	0.02091	0.01450	0.01353	0.07020	0.00341	0.01059	0.00703	0.00581	0.01191
96	0.09012	0.12429	0.15263	0.01936	0.05198	0.15455	0.05158	0.05731	0.04556	0.07843	0.02259	0.02358	0.07587	0.00934	0.00742	0.00237	0.00998	0.00718	0.00517	0.01070

[dist]
# distance from previous block
# <min> <max>
0	107

[block]
# block no. 2 follows, 23 sequences, length 196
# corresponding to MSA columns:
# 247-442
name=unknown_C
#
# <colnr> <probs for GDERKNQSTAVLIFYWHMCP>
#	G	D	E	R	K	N	Q	S	T	A	V	L	I	F	Y	W	H	M	C	P
0	0.02133	0.11522	0.08990	0.02527	0.15632	0.13720	0.06601	0.08989	0.04865	0.02650	0.02198	0.06323	0.04774	0.01038	0.00804	0.00247	0.01006	0.04387	0.00511	0.01084
1	0.04709	0.04404	0.01846	0.01729	0.07727	0.05448	0.03908	0.05666	0.07086	0.02517	0.04353	0.06851	0.26688	0.01721	0.04732	0.00327	0.07603	0.01164	0.00611	0.00909
2	0.05892	0.05553	0.09233	0.02123	0.02723	0.21209	0.14798	0.11990	0.02320	0.02924	0.11248	0.02400	0.02127	0.00933	0.00811	0.00241	0.01101	0.00791	0.00542	0.01042
3	0.02160	0.05704	0.17084	0.06555	0.15398	0.05954	0.04283	0.17499	0.02265	0.03081	0.01617	0.01995	0.01278	0.03909	0.00916	0.00256	0.01006	0.00679	0.00497	0.07864
4	0.02091	0.06408	0.10834	0.01539	0.02058	0.17251	0.01369	0.02619	0.07631	0.11177	0.09280	0.03803	0.18151	0.01244	0.00821	0.00246	0.00853	0.00985	0.00646	0.00993
5	0.01936	0.13862	0.21608	0.05638	0.11344	0.09763	0.04789	0.02429	0.01703	0.02259	0.01440	0.04272	0.01245	0.00938	0.01086	0.00257	0.13304	0.00685	0.00381	0.01062
6	0.01867	0.19374	0.08630	0.01676	0.02235	0.10267	0.07622	0.02559	0.12142	0.02467	0.08922	0.03329	0.13433	0.01116	0.00783	0.00238	0.00861	0.00915	0.00563	0.00999
7	0.01927	0.05613	0.15869	0.05652	0.02414	0.14596	0.01545	0.05383	0.01828	0.02390	0.01662	0.02349	0.01465	0.12847	0.01284	0.00301	0.00976	0.00671	0.03707	0.17520
8	0.01839	0.06261	0.18449	0.02704	0.17344	0.04419	0.09241	0.02473	0.04958	0.02534	0.01683	0.05141	0.01422	0.00850	0.00862	0.00234	0.04287	0.00739	0.00436	0.14123
9	0.01848	0.02171	0.16598	0.08685	0.15434	0.01723	0.01897	0.15580	0.02202	0.02983	0.03061	0.03246	0.15141	0.01354	0.04252	0.00309	0.00955	0.00916	0.00552	0.01094
10	0.05702	0.10148	0.15694	0.06418	0.11681	0.23106	0.01973	0.11130	0.02180	0.02696	0.01421	0.01675	0.01116	0.00807	0.00734	0.00230	0.01142	0.00594	0.00448	0.01106
11	0.22749	0.02481	0.02342	0.02761	0.23562	0.23291	0.01687	0.07251	0.02013	0.02887	0.01363	0.01642	0.01105	0.00786	0.00699	0.00234	0.01029	0.00582	0.00465	0.01071
12	0.01762	0.02115	0.15001	0.02716	0.23634	0.01678	0.01888	0.05441	0.13207	0.02792	0.03184	0.03274	0.14396	0.01073	0.00824	0.00252	0.00823	0.00921	0.00559	0.04461
13	0.01957	0.16175	0.16235	0.01654	0.02303	0.02025	0.01620	0.06343	0.22704	0.05843	0.02921	0.03149	0.07982	0.01096	0.00782	0.00254	0.00807	0.04389	0.00623	0.01138
14	0.02003	0.01944	0.03383	0.04887	0.62706	0.01935	0.06134	0.02497	0.01852	0.02648	0.01533	0.02019	0.01282	0.00721	0.00813	0.00243	0.00988	0.00737	0.00402	0.01274
15	0.01295	0.01132	0.01680	0.01498	0.01694	0.01283	0.06192	0.01569	0.01500	0.02071	0.06212	0.04063	0.15802	0.06779	0.29816	0.00747	0.14318	0.01070	0.00510	0.00768
16	0.01178	0.01025	0.01401	0.15005	0.08141	0.01019	0.01149	0.01463	0.01741	0.02186	0.05436	0.19654	0.34024	0.01786	0.00931	0.00282	0.00610	0.01549	0.00642	0.00779
17	0.01692	0.04750	0.01837	0.01582	0.01855	0.16370	0.04851	0.01990	0.01603	0.02013	0.01914	0.02646	0.01718	0.04057	0.42284	0.00884	0.01809	0.00771	0.04564	0.00811
18	0.01049	0.00831	0.00947	0.00934	0.01173	0.00729	0.00712	0.01329	0.02014	0.02593	0.29026	0.07253	0.41154	0.01922	0.00968	0.00273	0.00421	0.05152	0.00804	0.00718
19	0.01683	0.01442	0.01683	0.01202	0.01923	0.01082	0.00961	0.02043	0.01683	0.02644	0.01442	0.01683	0.01202	0.00601	0.00601	0.00120	0.00601	0.00481	0.00481	0.76444
20	0.01722	0.03537	0.46745	0.02677	0.03751	0.01939	0.22870	0.02579	0.01780	0.02579	0.01517	0.01869	0.01095	0.00742	0.00832	0.00262	0.01255	0.00717	0.00365	0.01165
21	0.01138	0.00842	0.00961	0.00932	0.01181	0.00732	0.00698	0.01402	0.01998	0.05330	0.26599	0.10794	0.40659	0.01910	0.00957	0.00270	0.00417	0.01629	0.00810	0.00740
22	0.01180	0.00787	0.00885	0.00885	0.00885	0.00787	0.00492	0.01180	0.01180	0.01573	0.02557	0.05310	0.02950	0.71483	0.04130	0.00787	0.00787	0.01180	0.00492	0.00492
23	0.02487	0.02320	0.02116	0.04885	0.02458	0.16310	0.01455	0.19249	0.32951	0.03475	0.02431	0.02376	0.01825	0.00998	0.00801	0.00253	0.00902	0.00776	0.00714	0.01218
24	0.01627	0.04197	0.67279	0.02313	0.03512	0.01884	0.02998	0.02570	0.01713	0.02570	0.01456	0.01713	0.01028	0.00771	0.00771	0.00257	0.01199	0.00600	0.00343	0.01199
25	0.02067	0.01947	0.03247	0.04810	0.62921	0.01960	0.02438	0.05844	0.01955	0.02786	0.01549	0.02005	0.01290	0.00737	0.00804	0.00241	0.00960	0.00723	0.00424	0.01290
26	0.02169	0.71972	0.04252	0.01388	0.02083	0.03211	0.01388	0.02430	0.01649	0.01909	0.01128	0.01302	0.01041	0.00694	0.00521	0.00174	0.00868	0.00434	0.00347	0.01041
27	0.01159	0.00869	0.01304	0.01304	0.01449	0.01014	0.01014	0.01449	0.01304	0.01884	0.02173	0.03188	0.02029	0.06086	0.68268	0.01304	0.02173	0.00869	0.00435	0.00724
28	0.01104	0.00786	0.01059	0.01237	0.01327	0.00757	0.00922	0.01314	0.01637	0.02162	0.04309	0.46971	0.05004	0.06219	0.01233	0.00369	0.00579	0.21594	0.00737	0.00679
29	0.01964	0.01882	0.03213	0.11038	0.60713	0.01916	0.02468	0.02451	0.01826	0.02597	0.01518	0.02023	0.01266	0.00731	0.00804	0.00244	0.00975	0.00723	0.00398	0.01249
30	0.01532	0.01442	0.02434	0.69533	0.05589	0.01803	0.02253	0.02073	0.01622	0.02073	0.01442	0.02163	0.01082	0.00811	0.00811	0.00270	0.01082	0.00721	0.00361	0.00901
31	0.01145	0.00951	0.01024	0.01035	0.01305	0.00893	0.00793	0.01652	0.10596	0.02372	0.06782	0.13207	0.45245	0.01987	0.00964	0.00290	0.00483	0.07741	0.00763	0.00772
32	0.02191	0.01743	0.01956	0.01443	0.02138	0.01602	0.01172	0.24410	0.02456	0.03540	0.01626	0.01779	0.01266	0.00736	0.00677	0.00165	0.00707	0.00571	0.00601	0.49220
33	0.03085	0.02273	0.02435	0.01867	0.02516	0.02516	0.01542	0.63716	0.03815	0.05114	0.01948	0.01948	0.01380	0.00974	0.00812	0.00244	0.00893	0.00731	0.00812	0.01380
34	0.05565	0.02154	0.02199	0.17288	0.03066	0.12830	0.01608	0.20974	0.17379	0.05730	0.02053	0.02178	0.01519	0.00936	0.00789	0.00252	0.00951	0.00730	0.00642	0.01156
35	0.05011	0.09565	0.03077	0.02187	0.02633	0.04929	0.24121	0.02134	0.01638	0.02241	0.02087	0.05924	0.05436	0.07935	0.05167	0.00380	0.13237	0.00940	0.00444	0.00914
36	0.01171	0.00823	0.01070	0.01070	0.01134	0.00887	0.00722	0.01299	0.01235	0.01710	0.02388	0.04374	0.02544	0.42641	0.32417	0.01015	0.01398	0.01043	0.00467	0.00594
37	0.01820	0.18252	0.41004	0.02648	0.15774	0.02177	0.02552	0.02524	0.01726	0.02445	0.01400	0.01684	0.01082	0.00745	0.00724	0.00236	0.01081	0.00589	0.00355	0.01183
38	0.01743	0.10102	0.47222	0.02477	0.03543	0.02047	0.16534	0.02563	0.01753	0.02514	0.01467	0.01782	0.01075	0.00744	0.00790	0.00253	0.01206	0.00665	0.00358	0.01161
39	0.01292	0.01082	0.01551	0.01493	0.01579	0.01341	0.01168	0.01521	0.01337	0.01940	0.02333	0.16344	0.02435	0.04116	0.37101	0.00853	0.20169	0.01113	0.00477	0.00756
40	0.02008	0.01928	0.03294	0.04981	0.66422	0.01928	0.02490	0.02490	0.01848	0.02651	0.01526	0.02008	0.01285	0.00723	0.00803	0.00241	0.00964	0.00723	0.00402	0.01285
41	0.02568	0.02016	0.02145	0.01763	0.02320	0.02275	0.01417	0.34961	0.33410	0.04282	0.02604	0.02471	0.01911	0.01035	0.00818	0.00259	0.00772	0.00821	0.00818	0.01334
42	0.01021	0.00824	0.00908	0.00887	0.01134	0.00711	0.00665	0.01285	0.01996	0.02541	0.27193	0.07235	0.46902	0.01925	0.00958	0.00268	0.00402	0.01632	0.00799	0.00711
43	0.01627	0.04197	0.67279	0.02313	0.03512	0.01884	0.02998	0.02570	0.01713	0.02570	0.01456	0.01713	0.01028	0.00771	0.00771	0.00257	0.01199	0.00600	0.00343	0.01199
44	0.01972	0.01703	0.01791	0.01615	0.02066	0.01961	0.01255	0.04176	0.62229	0.03342	0.03515	0.03234	0.05226	0.01142	0.00831	0.00275	0.00632	0.00952	0.00823	0.01258
45	0.00989	0.00706	0.00942	0.01130	0.01177	0.00659	0.00753	0.01130	0.01554	0.02071	0.04472	0.70954	0.05367	0.02542	0.01036	0.00330	0.00471	0.02307	0.00753	0.00659
46	0.01079	0.00842	0.00978	0.00995	0.01220	0.00754	0.00771	0.01351	0.01937	0.02478	0.22078	0.07485	0.37367	0.05141	0.01131	0.00310	0.00480	0.12117	0.00776	0.00708
47	0.00989	0.00706	0.00942	0.01130	0.01177	0.00659	0.00753	0.01130	0.01554	0.02071	0.04472	0.70954	0.05367	0.02542	0.01036	0.00330	0.00471	0.02307	0.00753	0.00659
48	0.03085	0.02273	0.02435	0.01867	0.02516	0.02516	0.01542	0.63716	0.03815	0.05114	0.01948	0.01948	0.01380	0.00974	0.00812	0.00244	0.00893	0.00731	0.00812	0.01380
49	0.00989	0.00706	0.00942	0.01130	0.01177	0.00659	0.00753	0.01130	0.01554	0.02071	0.04472	0.70954	0.05367	0.02542	0.01036	0.00330	0.00471	0.02307	0.00753	0.00659
50	0.02992	0.06961	0.02388	0.02059	0.02489	0.65272	0.01560	0.03203	0.02270	0.01982	0.01249	0.01456	0.01045	0.00830	0.00722	0.00207	0.01436	0.00519	0.00415	0.00945
51	0.03085	0.02273	0.02435	0.01867	0.02516	0.02516	0.01542	0.63716	0.03815	0.05114	0.01948	0.01948	0.01380	0.00974	0.00812	0.00244	0.00893	0.00731	0.00812	0.01380
52	0.01332	0.01124	0.01639	0.14100	0.11749	0.01142	0.01370	0.01712	0.01904	0.02507	0.16999	0.05853	0.19550	0.01590	0.00943	0.00286	0.00681	0.14019	0.00657	0.00843
53	0.02210	0.08368	0.03194	0.04138	0.49106	0.14203	0.02225	0.02623	0.01913	0.02464	0.01442	0.01847	0.01220	0.00741	0.00766	0.00229	0.01047	0.00661	0.00400	0.01201
54	0.02694	0.03227	0.02627	0.03044	0.23593	0.46355	0.01872	0.02993	0.02150	0.02205	0.01344	0.01643	0.01124	0.00799	0.00755	0.00220	0.01299	0.00589	0.00413	0.01054
55	0.00975	0.00760	0.00886	0.00988	0.01140	0.00671	0.00690	0.01146	0.01690	0.02127	0.06198	0.41875	0.33332	0.02318	0.01000	0.00304	0.00443	0.02033	0.00753	0.00671
56	0.02818	0.03276	0.02527	0.02684	0.16191	0.46776	0.01762	0.09759	0.02370	0.02474	0.01389	0.01634	0.01134	0.00827	0.00756	0.00220	0.01293	0.00588	0.00458	0.01063
57	0.02115	0.01721	0.01838	0.01639	0.02108	0.01969	0.01279	0.04290	0.61226	0.07181	0.03297	0.03012	0.02449	0.01095	0.00825	0.00274	0.00645	0.00911	0.00836	0.01290
58	0.01291	0.01063	0.01557	0.01481	0.01595	0.01329	0.01177	0.01557	0.01291	0.01898	0.01936	0.02885	0.01822	0.05087	0.54224	0.01101	0.16693	0.00835	0.00418	0.00759
59	0.01148	0.00829	0.01085	0.01021	0.01212	0.00766	0.00766	0.01531	0.02297	0.03254	0.65994	0.06061	0.07656	0.01659	0.00957	0.00255	0.00383	0.01467	0.00893	0.00766
60	0.01137	0.00829	0.01069	0.01009	0.01205	0.00761	0.00757	0.01509	0.02270	0.03190	0.62542	0.06166	0.11148	0.01683	0.00957	0.00256	0.00384	0.01482	0.00885	0.00761
61	0.03107	0.01263	0.01712	0.01353	0.01887	0.01101	0.01101	0.03436	0.02317	0.53341	0.16643	0.03468	0.03218	0.01144	0.00846	0.00252	0.00625	0.00955	0.00981	0.01249
62	0.03085	0.02273	0.02435	0.01867	0.02516	0.02516	0.01542	0.63716	0.03815	0.05114	0.01948	0.01948	0.01380	0.00974	0.00812	0.00244	0.00893	0.00731	0.00812	0.01380
63	0.77215	0.01569	0.01193	0.01067	0.01569	0.01820	0.00879	0.02385	0.01381	0.03641	0.01130	0.01318	0.00879	0.00753	0.00502	0.00251	0.00628	0.00439	0.00502	0.00879
64	0.00968	0.00785	0.00860	0.00920	0.01122	0.00677	0.00660	0.01154	0.01756	0.02154	0.07033	0.27810	0.46858	0.02209	0.00983	0.00292	0.00430	0.01901	0.00753	0.00677
65	0.01090	0.00828	0.01224	0.01319	0.01433	0.00782	0.04581	0.01297	0.01621	0.02154	0.04278	0.57913	0.05019	0.02388	0.01043	0.00333	0.00564	0.10703	0.00732	0.00698
66	0.01159	0.00869	0.01304	0.01304	0.01449	0.01014	0.01014	0.01449	0.01304	0.01884	0.02173	0.03188	0.02029	0.06086	0.68268	0.01304	0.02173	0.00869	0.00435	0.00724
67	0.77215	0.01569	0.01193	0.01067	0.01569	0.01820	0.00879	0.02385	0.01381	0.03641	0.01130	0.01318	0.00879	0.00753	0.00502	0.00251	0.00628	0.00439	0.00502	0.00879
68	0.03031	0.03867	0.02299	0.02090	0.02508	0.68226	0.01568	0.03240	0.02299	0.01986	0.01254	0.01463	0.01045	0.00836	0.00732	0.00209	0.01463	0.00523	0.00418	0.00941
69	0.77215	0.01569	0.01193	0.01067	0.01569	0.01820	0.00879	0.02385	0.01381	0.03641	0.01130	0.01318	0.00879	0.00753	0.00502	0.00251	0.00628	0.00439	0.00502	0.00879
70	0.01627	0.04197	0.67279	0.02313	0.03512	0.01884	0.02998	0.02570	0.01713	0.02570	0.01456	0.01713	0.01028	0.00771	0.00771	0.00257	0.01199	0.00600	0.00343	0.01199
71	0.02988	0.07681	0.02438	0.02013	0.02484	0.53815	0.01553	0.12880	0.02503	0.02482	0.01358	0.01531	0.01099	0.00850	0.00732	0.00212	0.01336	0.00551	0.00477	0.01017
72	0.01111	0.00828	0.01032	0.00981	0.01189	0.00750	0.00736	0.01458	0.02208	0.03042	0.54479	0.06410	0.19303	0.01738	0.00957	0.00259	0.00388	0.01516	0.00865	0.00750
73	0.01173	0.00784	0.00887	0.00894	0.00896	0.00782	0.00502	0.01178	0.01194	0.01592	0.02630	0.07824	0.03043	0.68843	0.04011	0.00769	0.00775	0.01223	0.00502	0.00498
74	0.01179	0.00791	0.00905	0.00905	0.00912	0.00797	0.00516	0.01193	0.01186	0.01588	0.02539	0.05210	0.02906	0.68393	0.07161	0.00811	0.00852	0.01165	0.00489	0.00503
75	0.02059	0.01666	0.01885	0.01381	0.02082	0.01467	0.01118	0.18624	0.02256	0.03308	0.01578	0.01754	0.01250	0.00701	0.00658	0.00153	0.00679	0.00548	0.00570	0.56263
76	0.00959	0.00822	0.00822	0.00822	0.01096	0.00685	0.00617	0.01165	0.01850	0.02192	0.08220	0.07809	0.66092	0.02055	0.00959	0.00274	0.00411	0.01713	0.00754	0.00685
77	0.01180	0.00787	0.00885	0.00885	0.00885	0.00787	0.00492	0.01180	0.01180	0.01573	0.02557	0.05310	0.02950	0.71483	0.04130	0.00787	0.00787	0.01180	0.00492	0.00492
78	0.01980	0.01899	0.03242	0.08825	0.62799	0.01920	0.02476	0.02465	0.01834	0.02617	0.01521	0.02018	0.01273	0.00728	0.00804	0.00243	0.00971	0.00723	0.00399	0.01262
79	0.03031	0.03867	0.02299	0.02090	0.02508	0.68226	0.01568	0.03240	0.02299	0.01986	0.01254	0.01463	0.01045	0.00836	0.00732	0.00209	0.01463	0.00523	0.00418	0.00941
80	0.03641	0.01381	0.01883	0.01444	0.02071	0.01193	0.01193	0.03954	0.02322	0.66984	0.03201	0.02762	0.02009	0.01004	0.00816	0.00251	0.00690	0.00816	0.01004	0.01381
81	0.01409	0.00705	0.01057	0.01057	0.01057	0.00705	0.00705	0.01057	0.01057	0.01409	0.01409	0.02467	0.01409	0.02819	0.03171	0.76392	0.00705	0.00705	0.00352	0.00352
82	0.01027	0.00722	0.00930	0.01081	0.01119	0.00685	0.00701	0.01140	0.01479	0.01972	0.04090	0.57840	0.04884	0.16315	0.01654	0.00421	0.00534	0.02082	0.00701	0.00626
83	0.09656	0.02210	0.02325	0.01796	0.02432	0.02455	0.01483	0.58280	0.03599	0.04983	0.01876	0.01892	0.01336	0.00954	0.00784	0.00244	0.00869	0.00705	0.00784	0.01336
84	0.02106	0.01714	0.02630	0.09503	0.39427	0.04639	0.01985	0.02484	0.01848	0.11396	0.02045	0.09387	0.01792	0.01059	0.00931	0.03605	0.00896	0.00893	0.00517	0.01142
85	0.02148	0.69322	0.06716	0.01425	0.02138	0.03159	0.01451	0.02435	0.01651	0.01935	0.01141	0.01318	0.01041	0.00697	0.00530	0.00177	0.00881	0.00440	0.00347	0.01047
86	0.03034	0.03794	0.02306	0.02080	0.02509	0.65215	0.01567	0.06011	0.02369	0.02129	0.01286	0.01486	0.01061	0.00842	0.00735	0.00211	0.01437	0.00532	0.00436	0.00961
87	0.01818	0.02340	0.13513	0.02761	0.03329	0.02191	0.30797	0.02350	0.01629	0.02350	0.01395	0.01959	0.01137	0.00976	0.01575	0.00302	0.27359	0.00809	0.00379	0.01032
88	0.00967	0.00822	0.00834	0.00831	0.01101	0.00689	0.00623	0.01181	0.01869	0.02239	0.10763	0.07732	0.63520	0.02038	0.00959	0.00273	0.00410	0.01702	0.00760	0.00689
89	0.00959	0.00822	0.00822	0.00822	0.01096	0.00685	0.00617	0.01165	0.01850	0.02192	0.08220	0.07809	0.66092	0.02055	0.00959	0.00274	0.00411	0.01713	0.00754	0.00685
90	0.02169	0.71972	0.04252	0.01388	0.02083	0.03211	0.01388	0.02430	0.01649	0.01909	0.01128	0.01302	0.01041	0.00694	0.00521	0.00174	0.00868	0.00434	0.00347	0.01041
91	0.01828	0.01793	0.03173	0.18685	0.40170	0.01844	0.11140	0.02335	0.01808	0.02489	0.01924	0.02415	0.05105	0.00816	0.00837	0.00254	0.01015	0.00816	0.00415	0.01138
92	0.77215	0.01569	0.01193	0.01067	0.01569	0.01820	0.00879	0.02385	0.01381	0.03641	0.01130	0.01318	0.00879	0.00753	0.00502	0.00251	0.00628	0.00439	0.00502	0.00879
93	0.02530	0.39476	0.03371	0.01861	0.05347	0.30967	0.01518	0.02779	0.01937	0.01977	0.01201	0.01405	0.01055	0.00756	0.00624	0.00192	0.01127	0.00486	0.00380	0.01010
94	0.03031	0.03867	0.02299	0.02090	0.02508	0.68226	0.01568	0.03240	0.02299	0.01986	0.01254	0.01463	0.01045	0.00836	0.00732	0.00209	0.01463	0.00523	0.00418	0.00941
95	0.01169	0.00829	0.01097	0.01097	0.01171	0.00902	0.00757	0.01316	0.01243	0.01731	0.02362	0.04234	0.02483	0.38326	0.36648	0.01049	0.01490	0.01023	0.00463	0.00610
96	0.00959	0.00822	0.00822	0.00822	0.01096	0.00685	0.00617	0.01165	0.01850	0.02192	0.08220	0.07809	0.66092	0.02055	0.00959	0.00274	0.00411	0.01713	0.00754	0.00685
97	0.01683	0.01442	0.01683	0.01202	0.01923	0.01082	0.00961	0.02043	0.01683	0.02644	0.01442	0.01683	0.01202	0.00601	0.00601	0.00120	0.00601	0.00481	0.00481	0.76444
98	0.01052	0.00790	0.00975	0.01005	0.01172	0.00713	0.00725	0.01316	0.01956	0.02623	0.32563	0.26527	0.21558	0.02031	0.00982	0.00283	0.00417	0.01788	0.00815	0.00713
99	0.00959	0.00822	0.00822	0.00822	0.01096	0.00685	0.00617	0.01165	0.01850	0.02192	0.08220	0.07809	0.66092	0.02055	0.00959	0.00274	0.00411	0.01713	0.00754	0.00685
100	0.01775	0.01775	0.02485	0.02130	0.02130	0.02485	0.01775	0.01953	0.01243	0.01953	0.01065	0.01775	0.01065	0.01420	0.02663	0.00355	0.69998	0.00710	0.00355	0.00888
101	0.01070	0.00826	0.00976	0.00939	0.01164	0.00732	0.00704	0.01380	0.02112	0.02815	0.42123	0.06783	0.31800	0.01823	0.00958	0.00263	0.00394	0.01569	0.00835	0.00732
102	0.01765	0.01701	0.02954	0.37086	0.32363	0.01873	0.06016	0.02289	0.01739	0.02360	0.01491	0.02096	0.01180	0.00765	0.00816	0.00258	0.01047	0.00736	0.00382	0.01082
103	0.77215	0.01569	0.01193	0.01067	0.01569	0.01820	0.00879	0.02385	0.01381	0.03641	0.01130	0.01318	0.00879	0.00753	0.00502	0.00251	0.00628	0.00439	0.00502	0.00879
