[name]
unknown

[dist]
# distance from previous block
# <min> <max>
0	2

[block]
# block no. 0 follows, 22 sequences, length 10
# corresponding to MSA columns:
# 2-11
name=unknown_A
#
# <colnr> <probs for GDERKNQSTAVLIFYWHMCP>
#	G	D	E	R	K	N	Q	S	T	A	V	L	I	F	Y	W	H	M	C	P
0	0.01233	0.00881	0.01218	0.01409	0.01554	0.00865	0.01155	0.01539	0.01808	0.02368	0.04457	0.29042	0.05012	0.02394	0.01119	0.00368	0.00674	0.41400	0.00767	0.00736
1	0.01069	0.00777	0.01084	0.01214	0.01295	0.00792	0.00857	0.01262	0.01508	0.02059	0.03818	0.48618	0.04390	0.03775	0.22528	0.00660	0.01045	0.01886	0.00666	0.00696
2	0.01899	0.01813	0.03088	0.25681	0.46271	0.01932	0.02471	0.02412	0.01817	0.02523	0.01535	0.02107	0.01249	0.00769	0.00825	0.00256	0.01026	0.00740	0.00398	0.01189
3	0.03138	0.02921	0.02443	0.01995	0.02573	0.26203	0.01589	0.41176	0.03341	0.04070	0.01736	0.01814	0.01288	0.00946	0.00801	0.00236	0.01127	0.00670	0.00684	0.01249
4	0.01779	0.01482	0.01630	0.01482	0.01863	0.01652	0.01143	0.03495	0.44166	0.03429	0.23347	0.04103	0.04249	0.01312	0.00889	0.00275	0.00572	0.01121	0.00868	0.01143
5	0.01803	0.01533	0.01661	0.01391	0.01922	0.01522	0.01091	0.05969	0.29112	0.03081	0.03655	0.03531	0.14001	0.01141	0.00796	0.00229	0.00612	0.00940	0.00716	0.25293
6	0.02059	0.01913	0.02889	0.03998	0.45120	0.02004	0.02151	0.03152	0.21995	0.02960	0.02150	0.02393	0.01710	0.00865	0.00830	0.00258	0.00880	0.00804	0.00551	0.01316
7	0.01640	0.01130	0.01163	0.01086	0.01394	0.01186	0.00834	0.05363	0.18350	0.03115	0.04088	0.04105	0.15871	0.01257	0.00749	0.00238	0.00491	0.01028	0.35979	0.00932
8	0.02314	0.37902	0.03229	0.01625	0.02212	0.13322	0.01417	0.03245	0.21966	0.02459	0.01895	0.01930	0.01542	0.00869	0.00669	0.00217	0.00913	0.00619	0.00525	0.01130
9	0.02421	0.02716	0.02427	0.31955	0.03980	0.32838	0.01917	0.07613	0.02170	0.02333	0.01428	0.01859	0.01115	0.00856	0.00792	0.00245	0.01276	0.00643	0.00434	0.00982

[dist]
# distance from previous block
# <min> <max>
5	17

[block]
# block no. 1 follows, 22 sequences, length 34
# corresponding to MSA columns:
# 29-62
name=unknown_B
#
# <colnr> <probs for GDERKNQSTAVLIFYWHMCP>
#	G	D	E	R	K	N	Q	S	T	A	V	L	I	F	Y	W	H	M	C	P
0	0.02366	0.60275	0.04026	0.01539	0.02204	0.13799	0.01452	0.02623	0.01797	0.01967	0.01176	0.01360	0.01067	0.00735	0.00568	0.00184	0.00988	0.00459	0.00367	0.01049
1	0.02802	0.02084	0.02223	0.01736	0.02338	0.02269	0.01424	0.52754	0.03576	0.04746	0.03046	0.02977	0.11874	0.01179	0.00856	0.00254	0.00833	0.00913	0.00821	0.01296
2	0.01594	0.00942	0.01244	0.01116	0.01385	0.00855	0.00855	0.01974	0.02356	0.13627	0.55045	0.05652	0.06892	0.01589	0.00956	0.00261	0.00444	0.01393	0.00933	0.00887
3	0.02245	0.01873	0.01979	0.01727	0.02228	0.02150	0.01358	0.13985	0.54259	0.03763	0.03154	0.02918	0.02352	0.01106	0.00843	0.00276	0.00700	0.00908	0.00843	0.01331
4	0.02839	0.02078	0.02233	0.01747	0.02303	0.02286	0.01403	0.52756	0.03464	0.04642	0.02097	0.02558	0.01676	0.12430	0.01387	0.00340	0.00896	0.00823	0.00777	0.01264
5	0.02236	0.02141	0.01956	0.01764	0.02227	0.12778	0.01362	0.04235	0.54005	0.03239	0.03038	0.02837	0.02296	0.01083	0.00830	0.00271	0.00795	0.00873	0.00777	0.01257
6	0.02330	0.01882	0.03135	0.04506	0.55222	0.01851	0.02332	0.02795	0.01971	0.13111	0.01843	0.02182	0.01437	0.00787	0.00825	0.00248	0.00941	0.00756	0.00512	0.01332
7	0.01527	0.01055	0.01166	0.01071	0.01180	0.01095	0.00680	0.11304	0.01650	0.02204	0.02516	0.04873	0.02757	0.59372	0.03672	0.00714	0.00823	0.01133	0.00557	0.00652
8	0.01602	0.01016	0.01456	0.01227	0.01518	0.00993	0.10736	0.02023	0.01755	0.02962	0.02537	0.03057	0.02025	0.03911	0.00802	0.00234	0.00571	0.00827	0.59930	0.00819
9	0.02221	0.71304	0.04353	0.01421	0.02132	0.03287	0.01421	0.02488	0.01688	0.01955	0.01155	0.01333	0.01066	0.00711	0.00533	0.00178	0.00888	0.00444	0.00355	0.01066
10	0.03158	0.02327	0.02493	0.01911	0.02576	0.02576	0.01579	0.62852	0.03906	0.05236	0.01995	0.01995	0.01413	0.00997	0.00831	0.00249	0.00914	0.00748	0.00831	0.01413
11	0.03158	0.02327	0.02493	0.01911	0.02576	0.02576	0.01579	0.62852	0.03906	0.05236	0.01995	0.01995	0.01413	0.00997	0.00831	0.00249	0.00914	0.00748	0.00831	0.01413
12	0.01666	0.04297	0.66500	0.02368	0.03596	0.01929	0.03069	0.02631	0.01754	0.02631	0.01491	0.01754	0.01052	0.00789	0.00789	0.00263	0.01228	0.00614	0.00351	0.01228
13	0.02029	0.48139	0.25838	0.01749	0.02638	0.02818	0.01991	0.02537	0.01711	0.02188	0.01271	0.01478	0.01061	0.00738	0.00622	0.00207	0.01006	0.00503	0.00354	0.01122
14	0.01569	0.01477	0.02492	0.68808	0.05722	0.01846	0.02307	0.02123	0.01661	0.02123	0.01477	0.02215	0.01107	0.00831	0.00831	0.00277	0.01107	0.00738	0.00369	0.00923
15	0.01666	0.04297	0.66500	0.02368	0.03596	0.01929	0.03069	0.02631	0.01754	0.02631	0.01491	0.01754	0.01052	0.00789	0.00789	0.00263	0.01228	0.00614	0.00351	0.01228
16	0.45966	0.02367	0.20318	0.01511	0.02248	0.01805	0.01571	0.02692	0.01630	0.10998	0.01512	0.01647	0.01085	0.00808	0.00633	0.00259	0.00821	0.00544	0.00529	0.01058
17	0.45073	0.16664	0.02162	0.01337	0.01926	0.02320	0.01156	0.15336	0.02004	0.03670	0.01335	0.01483	0.01045	0.00806	0.00586	0.00238	0.00753	0.00512	0.00548	0.01045
18	0.03034	0.02234	0.02405	0.01868	0.02497	0.02466	0.01532	0.59277	0.03772	0.05055	0.02144	0.05950	0.01649	0.01090	0.00844	0.00254	0.00889	0.00841	0.00828	0.01370
19	0.02985	0.03588	0.02281	0.02037	0.02484	0.56058	0.01545	0.10059	0.02506	0.02415	0.01785	0.01937	0.04886	0.00946	0.00772	0.00222	0.01367	0.00631	0.00495	0.01000
20	0.02608	0.02053	0.02183	0.01800	0.02366	0.02319	0.01446	0.33388	0.34266	0.04348	0.02694	0.02552	0.01979	0.01063	0.00838	0.00266	0.00785	0.00844	0.00838	0.01363
21	0.03158	0.02327	0.02493	0.01911	0.02576	0.02576	0.01579	0.62852	0.03906	0.05236	0.01995	0.01995	0.01413	0.00997	0.00831	0.00249	0.00914	0.00748	0.00831	0.01413
22	0.03152	0.02493	0.02479	0.01935	0.02575	0.09187	0.01582	0.56787	0.03748	0.04909	0.01922	0.01944	0.01378	0.00983	0.00823	0.00246	0.00974	0.00726	0.00790	0.01367
23	0.03004	0.03794	0.02369	0.02143	0.02538	0.62444	0.01622	0.03215	0.02270	0.02031	0.01269	0.01523	0.01072	0.00902	0.00902	0.00226	0.06745	0.00550	0.00423	0.00959
24	0.01491	0.00927	0.01167	0.01062	0.01339	0.00827	0.00812	0.01834	0.02257	0.11894	0.44384	0.06116	0.19314	0.01691	0.00960	0.00265	0.00442	0.01463	0.00900	0.00854
25	0.03146	0.02676	0.02463	0.01960	0.02575	0.16453	0.01585	0.50122	0.03574	0.04551	0.01843	0.01888	0.01340	0.00967	0.00814	0.00242	0.01039	0.00702	0.00745	0.01317
26	0.01053	0.00748	0.00955	0.01094	0.01149	0.00704	0.00718	0.01185	0.01568	0.02086	0.06985	0.53250	0.07711	0.14753	0.01621	0.00415	0.00533	0.02092	0.00729	0.00650
27	0.02413	0.14016	0.02991	0.02814	0.19102	0.26063	0.01869	0.02703	0.01897	0.02193	0.01296	0.01685	0.01139	0.00927	0.01146	0.00248	0.15423	0.00615	0.00398	0.01062
28	0.00993	0.00797	0.00887	0.00959	0.01153	0.00691	0.00683	0.01179	0.01781	0.02198	0.06986	0.31201	0.43003	0.02290	0.01011	0.00302	0.00444	0.01980	0.00771	0.00691
29	0.01766	0.01286	0.01501	0.01422	0.01686	0.01342	0.01055	0.22818	0.02403	0.03214	0.03671	0.46294	0.04061	0.02039	0.00980	0.00306	0.00634	0.01795	0.00792	0.00934
30	0.01813	0.03420	0.42662	0.03399	0.27017	0.01946	0.02873	0.02600	0.01806	0.02662	0.01518	0.01868	0.01152	0.00771	0.00802	0.00257	0.01137	0.00662	0.00374	0.01261
31	0.02018	0.02686	0.19500	0.04225	0.46009	0.05814	0.02627	0.02616	0.01883	0.02653	0.01528	0.01946	0.01234	0.00760	0.00810	0.00249	0.01079	0.00696	0.00397	0.01273
32	0.02341	0.01823	0.02071	0.05535	0.02417	0.01840	0.01336	0.30673	0.05057	0.03840	0.02057	0.07797	0.01723	0.00997	0.00776	0.00216	0.00775	0.00804	0.00681	0.27242
33	0.03103	0.03959	0.02354	0.02140	0.02568	0.67469	0.01605	0.03317	0.02354	0.02033	0.01284	0.01498	0.01070	0.00856	0.00749	0.00214	0.01498	0.00535	0.00428	0.00963

[dist]
# distance from previous block
# <min> <max>
0	1

[block]
# block no. 2 follows, 22 sequences, length 33
# corresponding to MSA columns:
# 64-96
name=unknown_C
#
# <colnr> <probs for GDERKNQSTAVLIFYWHMCP>
#	G	D	E	R	K	N	Q	S	T	A	V	L	I	F	Y	W	H	M	C	P
0	0.01993	0.01720	0.01819	0.01622	0.02098	0.01942	0.01262	0.04118	0.57336	0.03369	0.03512	0.03255	0.05516	0.01144	0.00838	0.00272	0.00643	0.00952	0.00820	0.05768
1	0.01803	0.01734	0.03001	0.37427	0.32093	0.01915	0.05424	0.02338	0.01778	0.02411	0.01525	0.02146	0.01207	0.00784	0.00834	0.00264	0.01069	0.00751	0.00390	0.01106
2	0.02222	0.02387	0.01839	0.01680	0.02095	0.25750	0.01280	0.03347	0.28631	0.02692	0.03653	0.03524	0.14964	0.01230	0.00838	0.00257	0.00917	0.00959	0.00677	0.01059
3	0.01456	0.01054	0.01280	0.01313	0.01488	0.01068	0.00938	0.13904	0.02069	0.02764	0.04045	0.56157	0.04651	0.02271	0.01013	0.00319	0.00571	0.02028	0.00784	0.00827
4	0.02658	0.32569	0.03176	0.01804	0.02355	0.35757	0.01508	0.03035	0.06140	0.02095	0.01367	0.01533	0.01165	0.00812	0.00663	0.00203	0.01182	0.00523	0.00425	0.01030
5	0.02630	0.01990	0.16915	0.01606	0.02285	0.01336	0.01568	0.03214	0.05166	0.35129	0.15819	0.03295	0.03054	0.01117	0.00855	0.00261	0.00761	0.00928	0.00837	0.01234
6	0.02643	0.34053	0.03260	0.01820	0.02353	0.35434	0.01533	0.02879	0.02001	0.01996	0.01216	0.01440	0.01069	0.00821	0.00751	0.00205	0.04620	0.00504	0.00392	0.01007
7	0.02853	0.03485	0.02597	0.02847	0.17626	0.51828	0.01831	0.03134	0.02244	0.02196	0.01351	0.01631	0.01129	0.00828	0.00767	0.00222	0.01376	0.00584	0.00424	0.01047
8	0.02320	0.01996	0.02016	0.01754	0.02257	0.05546	0.01378	0.15052	0.49904	0.03723	0.03019	0.02814	0.02254	0.01089	0.00838	0.00272	0.00748	0.00883	0.00821	0.01315
9	0.02271	0.32991	0.03039	0.01579	0.02120	0.08863	0.01384	0.15645	0.02159	0.02680	0.01604	0.01948	0.01380	0.02084	0.16345	0.00469	0.01267	0.00625	0.00488	0.01056
10	0.03158	0.02327	0.02493	0.01911	0.02576	0.02576	0.01579	0.62852	0.03906	0.05236	0.01995	0.01995	0.01413	0.00997	0.00831	0.00249	0.00914	0.00748	0.00831	0.01413
11	0.01208	0.00805	0.00906	0.00906	0.00906	0.00805	0.00503	0.01208	0.01208	0.01611	0.02618	0.05436	0.03020	0.70804	0.04228	0.00805	0.00805	0.01208	0.00503	0.00503
12	0.04371	0.01672	0.16348	0.01295	0.01760	0.01054	0.01266	0.01662	0.01906	0.02626	0.18741	0.13497	0.27275	0.01710	0.00926	0.00278	0.00621	0.01449	0.00694	0.00848
13	0.01885	0.01304	0.01629	0.18435	0.02570	0.01463	0.01272	0.15388	0.02172	0.03243	0.02205	0.02640	0.01707	0.01285	0.05100	0.00302	0.00808	0.00767	0.34874	0.00951
14	0.02406	0.57318	0.03946	0.01560	0.02223	0.13720	0.01458	0.05254	0.01893	0.02110	0.01213	0.01388	0.01082	0.00747	0.00581	0.00187	0.00989	0.00472	0.00388	0.01064
15	0.02115	0.02035	0.03289	0.03462	0.26911	0.04772	0.18962	0.12284	0.02240	0.03012	0.02304	0.06959	0.05787	0.00988	0.00891	0.00263	0.01043	0.00973	0.00530	0.01179
16	0.01965	0.02519	0.18193	0.04458	0.51059	0.01963	0.02672	0.02569	0.01859	0.02695	0.01546	0.01985	0.01254	0.00752	0.00815	0.00251	0.01043	0.00711	0.00397	0.01295
17	0.09656	0.02441	0.17217	0.02038	0.06707	0.02022	0.01812	0.15715	0.20097	0.10444	0.02303	0.02286	0.01663	0.00950	0.00794	0.00263	0.00870	0.00751	0.00685	0.01285
18	0.02291	0.02338	0.02971	0.02928	0.16605	0.14214	0.11434	0.10579	0.05254	0.02765	0.01608	0.02029	0.01322	0.01198	0.04125	0.00320	0.15660	0.00755	0.00484	0.01122
19	0.02106	0.01541	0.01744	0.01542	0.01904	0.01644	0.01183	0.32612	0.02771	0.03709	0.03261	0.35456	0.03413	0.01784	0.00943	0.00292	0.00702	0.01539	0.00802	0.01051
20	0.02372	0.02275	0.03032	0.07354	0.42679	0.10700	0.02234	0.13728	0.02312	0.03059	0.01601	0.01979	0.01291	0.00807	0.00815	0.00244	0.01047	0.00715	0.00489	0.01267
21	0.34024	0.01791	0.01833	0.01897	0.11045	0.04548	0.01301	0.12576	0.07733	0.03687	0.09990	0.02362	0.02113	0.00962	0.00712	0.00255	0.00741	0.00727	0.00631	0.01070
22	0.30424	0.14735	0.02000	0.04492	0.01927	0.13830	0.01109	0.02340	0.01604	0.02579	0.01496	0.02259	0.01409	0.15248	0.01343	0.00349	0.00899	0.00635	0.00460	0.00861
23	0.02384	0.01775	0.02040	0.01690	0.02156	0.01989	0.01368	0.37614	0.05798	0.03941	0.02144	0.02512	0.01709	0.02921	0.25266	0.00649	0.01382	0.00809	0.00690	0.01162
24	0.02389	0.01761	0.02327	0.02765	0.25263	0.04825	0.01653	0.12105	0.02333	0.16092	0.03483	0.03488	0.15580	0.01147	0.00858	0.00255	0.00818	0.00975	0.00685	0.01199
25	0.02056	0.01974	0.03372	0.05099	0.65622	0.01974	0.02550	0.02550	0.01892	0.02714	0.01563	0.02056	0.01316	0.00740	0.00822	0.00247	0.00987	0.00740	0.00411	0.01316
26	0.02179	0.01554	0.01744	0.01494	0.01886	0.01642	0.01156	0.31513	0.02793	0.05923	0.07034	0.22254	0.07284	0.06169	0.01139	0.00314	0.00713	0.01350	0.00800	0.01059
27	0.06063	0.07731	0.02487	0.01972	0.02503	0.38303	0.01555	0.23660	0.02805	0.03196	0.01514	0.01652	0.01180	0.00892	0.00753	0.00225	0.01223	0.00599	0.00565	0.01122
28	0.01966	0.01881	0.03208	0.16933	0.54496	0.01950	0.02505	0.02470	0.01849	0.02604	0.01547	0.02086	0.01277	0.00757	0.00824	0.00252	0.01009	0.00740	0.00403	0.01243
29	0.02194	0.02235	0.03238	0.04710	0.57321	0.10596	0.02425	0.02651	0.01953	0.02624	0.01526	0.01983	0.01284	0.00755	0.00813	0.00242	0.01054	0.00713	0.00413	0.01269
30	0.02820	0.03487	0.02396	0.02149	0.02483	0.53151	0.01652	0.03027	0.02116	0.02026	0.01241	0.01569	0.01075	0.00988	0.01185	0.00247	0.16447	0.00577	0.00414	0.00951
31	0.02877	0.02165	0.02489	0.01933	0.02549	0.02362	0.05169	0.53215	0.03563	0.04777	0.02228	0.08669	0.01802	0.01136	0.00862	0.00260	0.00901	0.00919	0.00801	0.01323
32	0.01991	0.02216	0.03475	0.06814	0.06682	0.13822	0.31986	0.02500	0.01882	0.02365	0.01702	0.02305	0.01388	0.01881	0.14668	0.00484	0.01550	0.00853	0.00423	0.01012

[dist]
# distance from previous block
# <min> <max>
0	1

[block]
# block no. 3 follows, 22 sequences, length 14
# corresponding to MSA columns:
# 98-111
name=unknown_D
#
# <colnr> <probs for GDERKNQSTAVLIFYWHMCP>
#	G	D	E	R	K	N	Q	S	T	A	V	L	I	F	Y	W	H	M	C	P
0	0.01956	0.02077	0.08304	0.13643	0.46280	0.01960	0.02447	0.02663	0.07446	0.02691	0.01708	0.02148	0.01374	0.00792	0.00823	0.00256	0.00994	0.00747	0.00439	0.01253
1	0.01188	0.00890	0.01065	0.01144	0.01302	0.00844	0.00806	0.06450	0.01864	0.02418	0.05303	0.49067	0.19882	0.02342	0.01021	0.00316	0.00504	0.02073	0.00776	0.00745
2	0.03125	0.03321	0.02408	0.02051	0.02571	0.42110	0.01595	0.26583	0.02961	0.03285	0.01562	0.01692	0.01204	0.00911	0.00781	0.00228	0.01270	0.00618	0.00586	0.01139
3	0.02213	0.02260	0.05938	0.04486	0.52785	0.07196	0.02418	0.07573	0.02088	0.02864	0.01573	0.01994	0.01293	0.00773	0.00816	0.00245	0.01032	0.00719	0.00444	0.01292
4	0.01817	0.01311	0.01538	0.01336	0.01687	0.01356	0.01043	0.13954	0.12612	0.06578	0.40225	0.04739	0.05482	0.01441	0.00923	0.00262	0.00550	0.01236	0.00892	0.01019
5	0.02700	0.03271	0.02105	0.01920	0.02337	0.49986	0.01447	0.03225	0.11322	0.02269	0.02437	0.02504	0.08911	0.01044	0.00791	0.00232	0.01247	0.00739	0.00530	0.00983
6	0.01762	0.02040	0.15763	0.01557	0.02135	0.01569	0.01487	0.13969	0.12488	0.03300	0.14993	0.04354	0.18402	0.01371	0.00888	0.00267	0.00726	0.01132	0.00728	0.01069
7	0.01033	0.00732	0.00958	0.01130	0.01173	0.00689	0.00743	0.01162	0.01550	0.02066	0.04370	0.63353	0.05231	0.09872	0.01398	0.00387	0.00516	0.02239	0.00743	0.00656
8	0.02587	0.29580	0.11220	0.01896	0.02532	0.34810	0.01720	0.02915	0.02025	0.02079	0.01261	0.01468	0.01066	0.00792	0.00672	0.00206	0.01232	0.00511	0.00391	0.01036
9	0.01986	0.01922	0.03336	0.13547	0.54313	0.01963	0.05738	0.02498	0.01864	0.02632	0.01557	0.02087	0.01285	0.00750	0.00832	0.00253	0.01025	0.00753	0.00406	0.01253
10	0.27755	0.13988	0.01955	0.01313	0.01789	0.04598	0.01089	0.02743	0.13800	0.05485	0.14919	0.02748	0.02729	0.01034	0.00699	0.00247	0.00675	0.00778	0.00648	0.01007
11	0.02964	0.14714	0.02685	0.02010	0.02498	0.53004	0.01574	0.06961	0.02345	0.02224	0.01308	0.01503	0.01091	0.00842	0.00719	0.00210	0.01363	0.00534	0.00442	0.01008
12	0.02392	0.37517	0.15717	0.01797	0.02549	0.15060	0.01792	0.09824	0.02089	0.02488	0.01343	0.01523	0.01105	0.00787	0.00658	0.00209	0.01072	0.00530	0.00425	0.01119
13	0.02112	0.05394	0.14279	0.01627	0.02248	0.01711	0.01530	0.05935	0.22996	0.13679	0.03612	0.03474	0.12388	0.01393	0.03618	0.00311	0.00825	0.00959	0.00728	0.01182

[dist]
# distance from previous block
# <min> <max>
3	5

[block]
# block no. 4 follows, 22 sequences, length 8
# corresponding to MSA columns:
# 117-124
name=unknown_E
#
# <colnr> <probs for GDERKNQSTAVLIFYWHMCP>
#	G	D	E	R	K	N	Q	S	T	A	V	L	I	F	Y	W	H	M	C	P
0	0.07865	0.02875	0.02501	0.02578	0.14694	0.33338	0.04617	0.10887	0.02353	0.02759	0.01975	0.02183	0.05950	0.00932	0.00786	0.00236	0.01176	0.00710	0.00510	0.01075
1	0.01642	0.01273	0.01395	0.01276	0.01641	0.01321	0.00984	0.02790	0.28059	0.06890	0.17256	0.05275	0.23754	0.01549	0.00915	0.00276	0.00532	0.01307	0.00846	0.01018
2	0.02197	0.01834	0.02539	0.02465	0.14948	0.01876	0.09018	0.25001	0.02595	0.03499	0.02881	0.03178	0.11399	0.04699	0.03891	0.00325	0.00947	0.00946	0.00637	0.05123
3	0.01822	0.01463	0.02525	0.01917	0.02459	0.01311	0.20765	0.02301	0.02131	0.10631	0.27348	0.03824	0.03994	0.01128	0.00906	0.00245	0.00789	0.01097	0.00704	0.12640
4	0.36838	0.02154	0.13106	0.01898	0.02605	0.01821	0.16210	0.02549	0.01692	0.07033	0.01916	0.02133	0.05041	0.00855	0.00722	0.00265	0.00915	0.00710	0.00511	0.01028
5	0.02307	0.10183	0.03163	0.03717	0.37728	0.18030	0.02131	0.02681	0.01927	0.02402	0.01408	0.01819	0.01209	0.00827	0.00938	0.00241	0.07059	0.00656	0.00405	0.01167
6	0.02478	0.01837	0.02286	0.02334	0.14321	0.01967	0.01574	0.28030	0.10508	0.08880	0.02494	0.09925	0.02090	0.01514	0.05544	0.00340	0.00923	0.00968	0.00735	0.01252
7	0.01943	0.01858	0.03168	0.19896	0.51710	0.01944	0.02493	0.02450	0.01838	0.02577	0.01543	0.02093	0.01267	0.00761	0.00824	0.00254	0.01015	0.00740	0.00401	0.01225

[dist]
# distance from previous block
# <min> <max>
3	5

[block]
# block no. 5 follows, 22 sequences, length 13
# corresponding to MSA columns:
# 130-142
name=unknown_F
#
# <colnr> <probs for GDERKNQSTAVLIFYWHMCP>
#	G	D	E	R	K	N	Q	S	T	A	V	L	I	F	Y	W	H	M	C	P
0	0.01333	0.01127	0.01359	0.05305	0.05301	0.01118	0.01025	0.01985	0.13851	0.02494	0.05284	0.22396	0.26780	0.01818	0.00939	0.00285	0.00565	0.01574	0.00728	0.04734
1	0.02168	0.02970	0.15705	0.08238	0.05697	0.24229	0.05541	0.02615	0.01901	0.02293	0.01559	0.05579	0.01355	0.00970	0.01014	0.00251	0.09019	0.00725	0.00423	0.07747
2	0.01430	0.01845	0.18343	0.01561	0.01990	0.01222	0.01467	0.08621	0.01899	0.02612	0.03472	0.44447	0.03860	0.01942	0.00963	0.00308	0.00727	0.01718	0.00668	0.00905
3	0.21527	0.35038	0.03682	0.01882	0.02575	0.02605	0.17347	0.02521	0.01688	0.02601	0.01293	0.01575	0.01074	0.00724	0.00646	0.00225	0.00959	0.00586	0.00414	0.01037
4	0.01917	0.21586	0.47004	0.02076	0.03139	0.02246	0.02545	0.02667	0.01769	0.05727	0.01495	0.01700	0.01108	0.00781	0.00725	0.00241	0.01113	0.00581	0.00387	0.01195
5	0.02911	0.02575	0.02654	0.02639	0.16059	0.15302	0.01792	0.38162	0.03168	0.04062	0.01761	0.01909	0.01324	0.00914	0.00813	0.00242	0.01045	0.00704	0.00661	0.01303
6	0.01973	0.20169	0.02822	0.02593	0.22939	0.11577	0.01616	0.02292	0.01906	0.02293	0.03198	0.03330	0.17861	0.01104	0.00777	0.00233	0.00889	0.00896	0.00493	0.01039
7	0.01539	0.01660	0.01239	0.01182	0.01502	0.18228	0.00887	0.01750	0.02014	0.02189	0.06544	0.06290	0.48428	0.01776	0.00921	0.00263	0.00704	0.01433	0.00681	0.00770
8	0.02239	0.01561	0.01758	0.01475	0.01886	0.01721	0.01186	0.31512	0.02691	0.03835	0.02235	0.02603	0.01766	0.02352	0.18120	0.00518	0.01122	0.00792	0.19549	0.01077
9	0.02429	0.13070	0.02323	0.01600	0.02123	0.15370	0.01311	0.25127	0.02715	0.03286	0.03404	0.03365	0.18056	0.01214	0.00807	0.00239	0.00899	0.00921	0.00659	0.01080
10	0.02134	0.02354	0.07575	0.04507	0.51071	0.08866	0.06188	0.02643	0.01935	0.02634	0.01536	0.01989	0.01269	0.00753	0.00822	0.00246	0.01082	0.00725	0.00410	0.01261
11	0.01463	0.01089	0.01240	0.01215	0.01481	0.01082	0.00899	0.06548	0.12069	0.05469	0.07551	0.29937	0.22762	0.01987	0.00971	0.00298	0.00531	0.01724	0.00804	0.00879
12	0.02681	0.03856	0.21512	0.02180	0.02876	0.39809	0.02039	0.10547	0.02369	0.02611	0.01435	0.01636	0.01108	0.00854	0.00771	0.00233	0.01345	0.00585	0.00455	0.01098

[dist]
# distance from previous block
# <min> <max>
7	8

[block]
# block no. 6 follows, 22 sequences, length 9
# corresponding to MSA columns:
# 151-159
name=unknown_G
#
# <colnr> <probs for GDERKNQSTAVLIFYWHMCP>
#	G	D	E	R	K	N	Q	S	T	A	V	L	I	F	Y	W	H	M	C	P
0	0.19201	0.04135	0.01263	0.01104	0.01420	0.01280	0.00852	0.01971	0.08861	0.02701	0.07342	0.08069	0.21466	0.11384	0.01312	0.00354	0.00600	0.05203	0.00670	0.00814
1	0.02360	0.36368	0.03584	0.02493	0.17308	0.17305	0.01750	0.02664	0.01865	0.02155	0.01278	0.01565	0.01128	0.00787	0.00757	0.00211	0.04393	0.00549	0.00385	0.01095
2	0.02775	0.03370	0.02204	0.01924	0.02426	0.51711	0.01458	0.03026	0.02204	0.02193	0.01330	0.01551	0.01108	0.00799	0.00717	0.00192	0.01288	0.00525	0.00443	0.18754
3	0.01981	0.02155	0.04334	0.03161	0.03932	0.02094	0.51090	0.02990	0.13639	0.02814	0.02000	0.02402	0.01500	0.00780	0.00955	0.00280	0.01261	0.00973	0.00500	0.01157
4	0.01948	0.20720	0.27627	0.09649	0.03141	0.05729	0.02151	0.02906	0.13475	0.02526	0.01747	0.01938	0.01342	0.00841	0.00737	0.00244	0.01034	0.00642	0.00451	0.01154
5	0.15679	0.13241	0.02347	0.01688	0.02113	0.19413	0.01382	0.10134	0.01992	0.02709	0.01457	0.01823	0.01243	0.01751	0.11417	0.00414	0.09125	0.00610	0.00478	0.00984
6	0.02162	0.02116	0.01814	0.01741	0.06222	0.19780	0.01232	0.15783	0.02396	0.02819	0.03850	0.04136	0.21492	0.09339	0.01247	0.00313	0.00914	0.01056	0.00634	0.00954
7	0.01743	0.01516	0.01562	0.05322	0.01994	0.05022	0.01146	0.10038	0.20349	0.02975	0.05088	0.05215	0.27781	0.01551	0.00912	0.00280	0.00672	0.05075	0.00758	0.01001
8	0.02639	0.03918	0.19986	0.02402	0.07092	0.45118	0.02070	0.03078	0.02159	0.02243	0.01359	0.01606	0.01082	0.00830	0.00765	0.00230	0.01390	0.00570	0.00406	0.01059

[dist]
# distance from previous block
# <min> <max>
0	1

[block]
# block no. 7 follows, 22 sequences, length 10
# corresponding to MSA columns:
# 161-170
name=unknown_H
#
# <colnr> <probs for GDERKNQSTAVLIFYWHMCP>
#	G	D	E	R	K	N	Q	S	T	A	V	L	I	F	Y	W	H	M	C	P
0	0.02130	0.02393	0.07978	0.05999	0.21003	0.10358	0.18420	0.06304	0.04872	0.02738	0.01678	0.02088	0.01326	0.00984	0.03360	0.00289	0.01192	0.00770	0.00461	0.05656
1	0.01393	0.01408	0.06170	0.09376	0.02141	0.01287	0.01209	0.02257	0.18261	0.02569	0.05308	0.12581	0.29509	0.01652	0.00922	0.00286	0.00632	0.01401	0.00712	0.00926
2	0.02050	0.02670	0.17944	0.03256	0.11328	0.02104	0.35097	0.09779	0.02138	0.02966	0.01662	0.02083	0.01240	0.00760	0.00902	0.00269	0.01255	0.00844	0.00453	0.01202
3	0.02125	0.01814	0.02638	0.38215	0.14729	0.02086	0.02130	0.20361	0.02371	0.03152	0.01646	0.02123	0.01233	0.00865	0.00829	0.00264	0.01030	0.00741	0.00514	0.01135
4	0.02065	0.16970	0.24877	0.02221	0.09787	0.07513	0.02061	0.10764	0.02118	0.02766	0.02304	0.02455	0.08753	0.00958	0.00766	0.00240	0.01015	0.00741	0.00481	0.01146
5	0.11426	0.03335	0.02257	0.01972	0.02461	0.45824	0.01520	0.16278	0.02588	0.02927	0.01426	0.01590	0.01126	0.00877	0.00741	0.00227	0.01273	0.00572	0.00526	0.01055
6	0.02038	0.01955	0.02444	0.01974	0.02474	0.09535	0.15022	0.10413	0.18227	0.03104	0.10130	0.03609	0.10087	0.03960	0.01030	0.00288	0.00904	0.01049	0.00683	0.01075
7	0.10438	0.30354	0.16868	0.01556	0.02255	0.04696	0.01610	0.02465	0.01847	0.05854	0.12477	0.02357	0.02273	0.00928	0.00688	0.00225	0.00862	0.00690	0.00507	0.01048
8	0.01286	0.01029	0.01113	0.01064	0.01308	0.01018	0.00769	0.01920	0.14617	0.02537	0.15410	0.06134	0.29308	0.16906	0.01666	0.00393	0.00549	0.01425	0.00751	0.00798
9	0.01272	0.00964	0.01254	0.01322	0.01422	0.01021	0.00947	0.06357	0.01740	0.02358	0.03926	0.54924	0.04579	0.02552	0.04616	0.00384	0.06876	0.02003	0.00722	0.00761

[dist]
# distance from previous block
# <min> <max>
0	1

[block]
# block no. 8 follows, 22 sequences, length 9
# corresponding to MSA columns:
# 172-180
name=unknown_I
#
# <colnr> <probs for GDERKNQSTAVLIFYWHMCP>
#	G	D	E	R	K	N	Q	S	T	A	V	L	I	F	Y	W	H	M	C	P
0	0.22351	0.03344	0.02058	0.01866	0.02317	0.50305	0.01421	0.03088	0.02108	0.02476	0.01251	0.01459	0.01026	0.00834	0.00688	0.00225	0.01274	0.00513	0.00451	0.00946
1	0.01375	0.01127	0.01193	0.01130	0.01409	0.01150	0.00828	0.02218	0.21081	0.02571	0.09337	0.05860	0.29934	0.15272	0.01577	0.00383	0.00568	0.01378	0.00751	0.00858
2	0.06260	0.03679	0.50166	0.02828	0.15662	0.01934	0.02837	0.02604	0.01760	0.02713	0.01485	0.01789	0.01095	0.00779	0.00779	0.00260	0.01145	0.00629	0.00372	0.01225
3	0.09132	0.02914	0.33376	0.02160	0.08519	0.01733	0.02156	0.05933	0.01859	0.06899	0.01669	0.02028	0.01284	0.04735	0.00939	0.00270	0.00983	0.00647	0.00472	0.12292
4	0.02605	0.03049	0.02097	0.01915	0.02285	0.45834	0.01455	0.06741	0.02189	0.02216	0.01577	0.01993	0.01356	0.02271	0.18221	0.00510	0.01650	0.00642	0.00459	0.00935
5	0.02329	0.02278	0.01951	0.01818	0.05813	0.20595	0.01331	0.19188	0.06588	0.03120	0.03855	0.03797	0.21288	0.01295	0.00855	0.00251	0.00916	0.01012	0.00673	0.01050
6	0.02046	0.01944	0.02352	0.02679	0.22570	0.07688	0.01631	0.02959	0.18160	0.02849	0.01985	0.02170	0.01585	0.00811	0.00754	0.00213	0.00826	0.00693	0.00553	0.25533
7	0.06269	0.01858	0.02487	0.07499	0.11552	0.05957	0.04225	0.02265	0.04586	0.02335	0.01969	0.02448	0.06724	0.01239	0.01751	0.00311	0.34290	0.00811	0.00444	0.00981
8	0.01739	0.01703	0.01917	0.02399	0.21001	0.11070	0.01380	0.02137	0.05962	0.02313	0.03801	0.04398	0.19912	0.14937	0.01528	0.00364	0.00844	0.01104	0.00563	0.00929

[dist]
# distance from previous block
# <min> <max>
12	17

[block]
# block no. 9 follows, 22 sequences, length 9
# corresponding to MSA columns:
# 200-208
name=unknown_J
#
# <colnr> <probs for GDERKNQSTAVLIFYWHMCP>
#	G	D	E	R	K	N	Q	S	T	A	V	L	I	F	Y	W	H	M	C	P
0	0.02326	0.02448	0.02366	0.14724	0.02988	0.23022	0.01744	0.10039	0.05571	0.02511	0.01527	0.01962	0.01261	0.01324	0.04839	0.00332	0.18847	0.00691	0.00474	0.01005
1	0.01028	0.00752	0.00948	0.01088	0.01175	0.00692	0.00733	0.01184	0.01647	0.02162	0.07825	0.53705	0.14504	0.06873	0.01249	0.00355	0.00489	0.02156	0.00761	0.00673
2	0.02185	0.01735	0.01940	0.01498	0.02134	0.01660	0.01200	0.22691	0.08346	0.03587	0.02064	0.07087	0.01735	0.00941	0.00743	0.00197	0.00710	0.00761	0.00661	0.38127
3	0.02245	0.01453	0.02157	0.21632	0.03111	0.01701	0.01662	0.02597	0.01741	0.22015	0.02054	0.02465	0.01543	0.01845	0.11182	0.00449	0.17730	0.00788	0.00584	0.01045
4	0.01763	0.01520	0.01610	0.01430	0.01887	0.01619	0.01110	0.03352	0.41425	0.03084	0.04352	0.04103	0.17432	0.01298	0.00849	0.00262	0.00595	0.01079	0.00784	0.10445
5	0.01330	0.01075	0.01163	0.01092	0.01398	0.01040	0.00831	0.06367	0.10450	0.02832	0.17651	0.10069	0.37917	0.01842	0.00956	0.00278	0.00488	0.01555	0.00813	0.00851
6	0.02648	0.02041	0.02215	0.01715	0.02367	0.02146	0.01396	0.39415	0.12507	0.04362	0.02080	0.02097	0.01539	0.00925	0.00781	0.00224	0.00804	0.00716	0.00752	0.19269
7	0.01799	0.01292	0.01425	0.01217	0.01471	0.01327	0.00848	0.18447	0.02008	0.02723	0.02336	0.04127	0.02404	0.44742	0.02941	0.00586	0.00818	0.01012	0.00594	0.07882
8	0.02290	0.02872	0.11652	0.08840	0.32738	0.22351	0.02308	0.02766	0.01999	0.02444	0.01459	0.01853	0.01187	0.00790	0.00796	0.00241	0.01189	0.00659	0.00405	0.01163

[dist]
# distance from previous block
# <min> <max>
0	1

[block]
# block no. 10 follows, 22 sequences, length 15
# corresponding to MSA columns:
# 210-224
name=unknown_K
#
# <colnr> <probs for GDERKNQSTAVLIFYWHMCP>
#	G	D	E	R	K	N	Q	S	T	A	V	L	I	F	Y	W	H	M	C	P
0	0.15752	0.51376	0.06537	0.01450	0.02107	0.02921	0.01426	0.02457	0.01616	0.02312	0.01167	0.01384	0.01037	0.00770	0.00672	0.00207	0.04923	0.00470	0.00385	0.01034
1	0.02594	0.03211	0.01991	0.01829	0.02221	0.51448	0.01371	0.02807	0.02244	0.02084	0.02995	0.03057	0.16478	0.01155	0.00805	0.00230	0.01240	0.00827	0.00510	0.00900
2	0.01141	0.00853	0.01031	0.01129	0.01272	0.00801	0.00789	0.05067	0.01810	0.02347	0.05336	0.51003	0.19583	0.02381	0.01027	0.00318	0.00495	0.02114	0.00775	0.00728
3	0.01528	0.01302	0.01735	0.02124	0.16835	0.01323	0.01270	0.02273	0.15461	0.02712	0.12874	0.12939	0.14873	0.07577	0.01207	0.00323	0.00646	0.01326	0.00698	0.00974
4	0.02625	0.02590	0.02652	0.03002	0.23881	0.21002	0.01863	0.19954	0.05320	0.03248	0.01984	0.02183	0.04123	0.00923	0.00812	0.00241	0.01075	0.00736	0.00570	0.01215
5	0.06269	0.09220	0.17620	0.01729	0.02469	0.01943	0.01693	0.06316	0.20804	0.13690	0.02335	0.02287	0.01696	0.00918	0.00761	0.00246	0.00834	0.00720	0.00659	0.07790
6	0.01817	0.20252	0.47878	0.02209	0.03289	0.02265	0.06260	0.02598	0.01751	0.02470	0.01422	0.01682	0.01068	0.00765	0.00739	0.00244	0.01157	0.00595	0.00356	0.01182
7	0.23105	0.02786	0.02092	0.01781	0.02310	0.28402	0.01405	0.22572	0.02607	0.03542	0.01482	0.01620	0.01136	0.00879	0.00712	0.00237	0.01075	0.00582	0.00583	0.01093
8	0.03034	0.03721	0.02434	0.02333	0.06969	0.58943	0.01669	0.06893	0.02417	0.02276	0.01347	0.01567	0.01108	0.00857	0.00759	0.00218	0.01427	0.00562	0.00451	0.01015
9	0.01108	0.00852	0.00991	0.01066	0.01240	0.00781	0.00755	0.04276	0.01831	0.02328	0.06018	0.41357	0.29746	0.02318	0.01017	0.00310	0.00479	0.02032	0.00774	0.00723
10	0.01256	0.00997	0.01546	0.13642	0.02257	0.01186	0.01270	0.01600	0.01395	0.01964	0.02089	0.03072	0.01900	0.05246	0.55349	0.01142	0.02021	0.00862	0.00431	0.00775
11	0.02410	0.01889	0.02050	0.01713	0.02176	0.05481	0.01379	0.34778	0.07153	0.03820	0.02132	0.02476	0.01698	0.02774	0.23450	0.00618	0.01372	0.00798	0.00680	0.01154
12	0.02667	0.15458	0.02606	0.01860	0.02379	0.30259	0.01490	0.10563	0.19196	0.02792	0.01915	0.01962	0.01508	0.00920	0.00746	0.00230	0.01089	0.00654	0.00576	0.01131
13	0.01331	0.01020	0.01186	0.01113	0.01388	0.00951	0.00834	0.08069	0.02176	0.02905	0.23803	0.19885	0.23765	0.01873	0.00959	0.00274	0.00491	0.01619	0.00804	0.05553
14	0.02374	0.08622	0.02517	0.06520	0.15831	0.32062	0.01683	0.02763	0.04759	0.02267	0.02427	0.02619	0.10129	0.01003	0.00788	0.00234	0.01128	0.00770	0.00481	0.01023

[dist]
# distance from previous block
# <min> <max>
0	3

[block]
# block no. 11 follows, 22 sequences, length 17
# corresponding to MSA columns:
# 228-244
name=unknown_L
#
# <colnr> <probs for GDERKNQSTAVLIFYWHMCP>
#	G	D	E	R	K	N	Q	S	T	A	V	L	I	F	Y	W	H	M	C	P
0	0.07689	0.22674	0.02880	0.02053	0.07413	0.32315	0.01549	0.03076	0.08697	0.02336	0.01486	0.01658	0.01235	0.00828	0.00687	0.00216	0.01134	0.00563	0.00457	0.01054
1	0.01863	0.01568	0.01528	0.01398	0.01672	0.09507	0.01012	0.15720	0.02137	0.02746	0.02891	0.25749	0.03118	0.18199	0.01696	0.00399	0.00795	0.01358	0.00659	0.05986
2	0.02478	0.01891	0.02081	0.01627	0.02267	0.01935	0.01314	0.27284	0.17523	0.06869	0.02224	0.02212	0.01654	0.00911	0.00768	0.00218	0.00750	0.00718	0.00738	0.24538
3	0.01288	0.01038	0.01528	0.01470	0.01595	0.01279	0.01163	0.01566	0.01325	0.01940	0.02044	0.03032	0.01919	0.05467	0.57154	0.01180	0.12947	0.00864	0.00432	0.00768
4	0.01228	0.00918	0.01164	0.01138	0.01330	0.00853	0.00797	0.01421	0.01524	0.02144	0.06250	0.27982	0.03670	0.18285	0.13000	0.00569	0.00872	0.01454	0.00610	0.14790
5	0.01187	0.00890	0.01335	0.01335	0.01483	0.01038	0.01038	0.01483	0.01335	0.01928	0.02225	0.03264	0.02077	0.06231	0.67512	0.01335	0.02225	0.00890	0.00445	0.00742
6	0.06368	0.01565	0.04971	0.01394	0.01928	0.01388	0.01157	0.09789	0.04830	0.08197	0.02021	0.02563	0.01697	0.08974	0.13618	0.00470	0.01017	0.00726	0.00582	0.26743
7	0.02125	0.30357	0.02878	0.01470	0.02105	0.13285	0.01272	0.02421	0.01790	0.02233	0.01363	0.01629	0.01193	0.01072	0.05097	0.00242	0.00985	0.00507	0.00422	0.27553
8	0.03123	0.03381	0.02403	0.02059	0.02571	0.44461	0.01596	0.24425	0.02904	0.03169	0.01536	0.01674	0.01192	0.00906	0.00778	0.00227	0.01291	0.00611	0.00571	0.01123
9	0.02275	0.02415	0.03077	0.08236	0.47047	0.17510	0.02311	0.02706	0.01988	0.02517	0.01491	0.01933	0.01245	0.00773	0.00806	0.00241	0.01116	0.00691	0.00413	0.01208
10	0.02893	0.01829	0.02041	0.01605	0.02180	0.04602	0.01304	0.28910	0.02989	0.22278	0.12853	0.02899	0.02645	0.01092	0.00839	0.00244	0.00772	0.00873	0.00862	0.06290
11	0.02249	0.24037	0.09868	0.02951	0.24908	0.14648	0.02006	0.02662	0.01894	0.02342	0.01373	0.01681	0.01162	0.00752	0.00706	0.00215	0.01060	0.00586	0.00395	0.04505
12	0.01756	0.01667	0.01812	0.01616	0.04331	0.10005	0.01206	0.02044	0.01625	0.02262	0.01678	0.02364	0.01535	0.06986	0.18204	0.00524	0.09263	0.00686	0.00454	0.29982
13	0.15023	0.01062	0.01250	0.01225	0.01435	0.01171	0.00917	0.05200	0.01579	0.02511	0.05326	0.15836	0.02841	0.12098	0.27996	0.00773	0.01272	0.01145	0.00570	0.00770
14	0.01916	0.01446	0.02026	0.15147	0.14506	0.01506	0.01572	0.05680	0.09286	0.10736	0.06620	0.04214	0.15782	0.01284	0.00890	0.00274	0.00770	0.04602	0.00676	0.01067
15	0.02708	0.02925	0.02342	0.05985	0.02648	0.33964	0.01626	0.14083	0.11545	0.02829	0.01709	0.01907	0.01353	0.00995	0.01032	0.00253	0.09788	0.00669	0.00551	0.01087
16	0.12988	0.02568	0.11848	0.02689	0.15228	0.13337	0.05620	0.02623	0.04099	0.02587	0.01408	0.01807	0.01164	0.00955	0.01226	0.00276	0.17415	0.00663	0.00426	0.01073

[dist]
# distance from previous block
# <min> <max>
0	1

[block]
# block no. 12 follows, 22 sequences, length 6
# corresponding to MSA columns:
# 246-251
name=unknown_M
#
# <colnr> <probs for GDERKNQSTAVLIFYWHMCP>
#	G	D	E	R	K	N	Q	S	T	A	V	L	I	F	Y	W	H	M	C	P
0	0.01157	0.00836	0.01050	0.01110	0.01143	0.00858	0.00726	0.01258	0.01454	0.01970	0.07209	0.34402	0.04302	0.31452	0.02509	0.00533	0.05054	0.01714	0.00640	0.00624
1	0.14996	0.15768	0.02554	0.01808	0.02331	0.36943	0.01453	0.10333	0.02268	0.02689	0.01327	0.01504	0.01084	0.00833	0.00681	0.00219	0.01174	0.00531	0.00478	0.01027
2	0.02337	0.02212	0.01980	0.01742	0.02127	0.20717	0.01366	0.20552	0.02406	0.02958	0.01883	0.02370	0.01585	0.03095	0.28059	0.00683	0.01619	0.00744	0.00557	0.01008
3	0.01621	0.01462	0.01584	0.01496	0.01669	0.10852	0.01171	0.01902	0.01537	0.02139	0.01987	0.02754	0.01784	0.03870	0.37080	0.00840	0.12377	0.00795	0.12275	0.00805
4	0.02788	0.03332	0.02445	0.02541	0.12427	0.47698	0.01712	0.03355	0.11225	0.02349	0.01632	0.01818	0.01321	0.00877	0.00775	0.00229	0.01296	0.00626	0.00486	0.01070
5	0.02309	0.01748	0.02211	0.01794	0.02339	0.01843	0.08773	0.14940	0.26973	0.11689	0.03686	0.03518	0.12014	0.01191	0.00879	0.00272	0.00767	0.01022	0.00802	0.01226

[dist]
# distance from previous block
# <min> <max>
0	39

[block]
# block no. 13 follows, 22 sequences, length 9
# corresponding to MSA columns:
# 291-299
name=unknown_N
#
# <colnr> <probs for GDERKNQSTAVLIFYWHMCP>
#	G	D	E	R	K	N	Q	S	T	A	V	L	I	F	Y	W	H	M	C	P
0	0.19094	0.11340	0.10725	0.01726	0.02370	0.22973	0.01547	0.08340	0.02058	0.02853	0.01354	0.01549	0.01079	0.00797	0.00668	0.00219	0.01045	0.00530	0.00473	0.09259
1	0.08877	0.20137	0.06504	0.01690	0.02203	0.17855	0.01468	0.10821	0.02046	0.02604	0.01520	0.01958	0.01322	0.05289	0.08516	0.00383	0.04703	0.00625	0.00471	0.01009
2	0.01088	0.00777	0.01051	0.01243	0.01324	0.00740	0.00902	0.01287	0.01665	0.02205	0.04537	0.56176	0.05329	0.02531	0.01080	0.00348	0.00547	0.15702	0.00770	0.00696
3	0.02104	0.01907	0.02539	0.03262	0.33566	0.05792	0.01844	0.15002	0.02345	0.03096	0.03222	0.03383	0.16119	0.01117	0.00857	0.00253	0.00872	0.00964	0.00584	0.01173
4	0.02047	0.02009	0.01927	0.01699	0.01965	0.16873	0.01310	0.09561	0.01914	0.02420	0.01931	0.08766	0.01910	0.10935	0.09002	0.00456	0.16385	0.00898	0.00513	0.07479
5	0.01624	0.01463	0.01392	0.01340	0.01504	0.12641	0.00953	0.05127	0.01637	0.02038	0.02406	0.09894	0.02516	0.27573	0.23426	0.00797	0.01358	0.01070	0.00515	0.00727
6	0.02769	0.01958	0.02182	0.01756	0.02344	0.02096	0.01451	0.40050	0.08968	0.09895	0.02517	0.03122	0.02004	0.01157	0.00860	0.00262	0.00832	0.08551	0.00818	0.06410
7	0.02394	0.02314	0.01818	0.01632	0.02064	0.25473	0.01251	0.03225	0.19769	0.10241	0.03769	0.03616	0.16460	0.01242	0.00841	0.00254	0.00915	0.00968	0.00698	0.01057
8	0.11124	0.07656	0.02347	0.01983	0.02437	0.56501	0.01517	0.03173	0.02212	0.02214	0.01263	0.01472	0.01051	0.00838	0.00711	0.00217	0.01368	0.00520	0.00433	0.00962

[dist]
# distance from previous block
# <min> <max>
34	97

[block]
# block no. 14 follows, 22 sequences, length 16
# corresponding to MSA columns:
# 416-431
name=unknown_O
#
# <colnr> <probs for GDERKNQSTAVLIFYWHMCP>
#	G	D	E	R	K	N	Q	S	T	A	V	L	I	F	Y	W	H	M	C	P
0	0.02643	0.18863	0.02636	0.01855	0.02300	0.44600	0.01460	0.02861	0.02108	0.02026	0.01663	0.09987	0.01618	0.01040	0.00739	0.00221	0.01234	0.00741	0.00454	0.00951
1	0.01957	0.01489	0.01786	0.01624	0.01917	0.01654	0.01293	0.24092	0.02458	0.03314	0.03164	0.26465	0.03325	0.01817	0.01197	0.00316	0.09220	0.11178	0.00742	0.00991
2	0.01286	0.01371	0.09493	0.01517	0.01790	0.01244	0.01340	0.01658	0.01383	0.02020	0.02062	0.02985	0.01887	0.05253	0.55128	0.01141	0.06356	0.00845	0.00428	0.00813
3	0.19091	0.02971	0.25349	0.01908	0.02730	0.10027	0.04662	0.09860	0.02016	0.03130	0.01457	0.01678	0.01094	0.00793	0.00714	0.00238	0.01024	0.00585	0.00476	0.10198
4	0.02340	0.02749	0.03139	0.10806	0.03395	0.28169	0.19247	0.02729	0.01949	0.02218	0.01385	0.01861	0.01133	0.00922	0.01203	0.00269	0.14362	0.00725	0.00406	0.00993
5	0.02539	0.02674	0.02927	0.03726	0.36964	0.23696	0.02117	0.10281	0.02294	0.02802	0.01524	0.01864	0.01247	0.00810	0.00799	0.00236	0.01147	0.00673	0.00469	0.01211
6	0.03027	0.03730	0.02438	0.02353	0.07347	0.59386	0.01675	0.06121	0.02394	0.02239	0.01339	0.01564	0.01105	0.00854	0.00759	0.00218	0.01431	0.00561	0.00446	0.01011
7	0.01544	0.01184	0.01348	0.01267	0.01577	0.01190	0.00995	0.12764	0.06939	0.03084	0.15601	0.13984	0.23540	0.01847	0.00976	0.00293	0.00578	0.09581	0.00811	0.00896
8	0.07454	0.01183	0.01349	0.01287	0.01597	0.01206	0.00959	0.02536	0.17153	0.13020	0.04185	0.27033	0.10942	0.04875	0.01063	0.00319	0.00581	0.01491	0.00800	0.00966
9	0.01060	0.00832	0.00878	0.00874	0.01068	0.00737	0.00605	0.01222	0.01728	0.02136	0.10603	0.07139	0.43510	0.21802	0.01914	0.00430	0.00529	0.01580	0.00704	0.00650
10	0.02732	0.11859	0.02828	0.06975	0.12779	0.25506	0.01772	0.20098	0.02591	0.03057	0.01529	0.01756	0.01210	0.00857	0.00761	0.00229	0.01142	0.00631	0.00528	0.01159
11	0.04832	0.24603	0.37087	0.02017	0.03004	0.02304	0.05733	0.02547	0.01730	0.02472	0.01384	0.01633	0.01074	0.00748	0.00699	0.00229	0.01071	0.00568	0.00372	0.05895
12	0.18140	0.02199	0.02382	0.05254	0.24521	0.14686	0.01746	0.03018	0.10038	0.07684	0.01787	0.01998	0.01388	0.00845	0.00747	0.00249	0.00954	0.00672	0.00538	0.01152
13	0.01082	0.00765	0.00984	0.01088	0.01158	0.00722	0.00725	0.01253	0.01682	0.02284	0.17031	0.44951	0.05541	0.14798	0.01619	0.00406	0.00522	0.01971	0.00753	0.00667
14	0.02346	0.02522	0.02554	0.06807	0.24218	0.23815	0.01871	0.03167	0.16194	0.02650	0.04359	0.02278	0.01754	0.00909	0.00810	0.00246	0.01066	0.00747	0.00533	0.01155
15	0.02853	0.02428	0.02071	0.01740	0.02251	0.23375	0.01364	0.20501	0.02692	0.14677	0.02644	0.07590	0.06476	0.01143	0.00824	0.00242	0.00986	0.00879	0.00710	0.04555

[dist]
# distance from previous block
# <min> <max>
0	14

[block]
# block no. 15 follows, 22 sequences, length 6
# corresponding to MSA columns:
# 446-451
name=unknown_P
#
# <colnr> <probs for GDERKNQSTAVLIFYWHMCP>
#	G	D	E	R	K	N	Q	S	T	A	V	L	I	F	Y	W	H	M	C	P
0	0.01923	0.01535	0.01818	0.05681	0.02259	0.01359	0.01153	0.02705	0.14536	0.07245	0.01992	0.02113	0.01547	0.00763	0.00691	0.00175	0.00662	0.00623	0.00594	0.50626
1	0.01861	0.01533	0.01567	0.01448	0.01594	0.11269	0.01053	0.01990	0.01594	0.09095	0.02545	0.15418	0.02685	0.26796	0.02464	0.00485	0.14069	0.01177	0.00572	0.00784
2	0.02230	0.01670	0.01857	0.01498	0.01973	0.01744	0.01182	0.30572	0.06580	0.03967	0.17128	0.03417	0.03168	0.08967	0.01223	0.00301	0.00726	0.00960	0.00774	0.10060
3	0.01644	0.01622	0.01694	0.01614	0.01778	0.14084	0.01249	0.01886	0.01553	0.01985	0.02143	0.11075	0.02141	0.03914	0.35120	0.00826	0.13422	0.00978	0.00469	0.00805
4	0.01733	0.01326	0.01487	0.01258	0.01651	0.01264	0.00944	0.16072	0.02146	0.02928	0.03392	0.14949	0.12044	0.14822	0.01495	0.00345	0.00671	0.01196	0.00664	0.19612
5	0.02894	0.03252	0.02592	0.02719	0.15776	0.42148	0.01798	0.13802	0.02535	0.02748	0.01469	0.01704	0.01183	0.00857	0.00779	0.00227	0.01287	0.00616	0.00497	0.01117

[dist]
# distance from previous block
# <min> <max>
0	11

[block]
# block no. 16 follows, 22 sequences, length 11
# corresponding to MSA columns:
# 463-473
name=unknown_Q
#
# <colnr> <probs for GDERKNQSTAVLIFYWHMCP>
#	G	D	E	R	K	N	Q	S	T	A	V	L	I	F	Y	W	H	M	C	P
0	0.02329	0.02003	0.05208	0.01610	0.02063	0.14697	0.01323	0.03165	0.16951	0.15718	0.17600	0.03814	0.03477	0.01250	0.00873	0.00264	0.00812	0.04965	0.00783	0.01096
